opposingHand,winningChance,drawChance,lostChance
CLUBS THREE DIAMONDS SEVEN
HEARTS FIVE SPADES TEN,0.3652,0.0254,0.6094
HEARTS FIVE SPADES JACK,0.3666,0.0194,0.614
CLUBS JACK SPADES FIVE,0.3444,0.02,0.6356
CLUBS TEN SPADES FIVE,0.353,0.0256,0.6214
CLUBS JACK CLUBS EIGHT,0.3164,0.0198,0.6638
CLUBS TEN CLUBS EIGHT,0.3102,0.028,0.6618
CLUBS EIGHT CLUBS KING,0.318,0.0082,0.6738
SPADES FIVE CLUBS ACE,0.3516,0.0042,0.6442
CLUBS EIGHT CLUBS QUEEN,0.325,0.0118,0.6632
SPADES FIVE CLUBS KING,0.3652,0.01,0.6248
SPADES FIVE CLUBS QUEEN,0.3484,0.012,0.6396
CLUBS EIGHT CLUBS ACE,0.3136,0.005,0.6814
DIAMONDS TWO DIAMONDS THREE,0.5354,0.2,0.2646
DIAMONDS TWO DIAMONDS FIVE,0.5104,0.1028,0.3868
HEARTS FIVE SPADES KING,0.3638,0.0076,0.6286
DIAMONDS TWO DIAMONDS FOUR,0.5146,0.099,0.3864
HEARTS FIVE SPADES QUEEN,0.3692,0.0142,0.6166
DIAMONDS TWO DIAMONDS SIX,0.5312,0.1032,0.3656
SPADES ACE HEARTS FIVE,0.3538,0.0042,0.642
DIAMONDS TWO DIAMONDS NINE,0.3784,0.0422,0.5794
DIAMONDS TWO DIAMONDS EIGHT,0.3706,0.074,0.5554
DIAMONDS THREE DIAMONDS FOUR,0.5246,0.1914,0.284
CLUBS TWO SPADES FOUR,0.5448,0.1056,0.3496
DIAMONDS THREE DIAMONDS FIVE,0.527,0.1848,0.2882
SPADES FIVE CLUBS TWO,0.5488,0.108,0.3432
CLUBS TWO SPADES TWO,0.3572,0.1282,0.5146
CLUBS TWO SPADES THREE,0.5684,0.2064,0.2252
DIAMONDS THREE DIAMONDS EIGHT,0.2398,0.1348,0.6254
SPADES EIGHT CLUBS TWO,0.4064,0.0676,0.526
DIAMONDS THREE DIAMONDS NINE,0.242,0.0978,0.6602
SPADES NINE CLUBS TWO,0.4012,0.0448,0.554
DIAMONDS THREE DIAMONDS SIX,0.5416,0.1864,0.272
SPADES SIX CLUBS TWO,0.5492,0.1038,0.347
SPADES SEVEN CLUBS TWO,0.2706,0.5184,0.211
CLUBS SIX CLUBS TWO,0.5202,0.0954,0.3844
CLUBS SEVEN CLUBS TWO,0.269,0.4792,0.2518
CLUBS FOUR CLUBS TWO,0.51,0.1006,0.3894
CLUBS FIVE CLUBS TWO,0.5114,0.0948,0.3938
CLUBS TEN CLUBS JACK,0.2986,0.016,0.6854
DIAMONDS FOUR DIAMONDS SIX,0.4646,0.0992,0.4362
CLUBS TEN CLUBS QUEEN,0.3144,0.0124,0.6732
CLUBS TEN CLUBS KING,0.3166,0.008,0.6754
CLUBS TEN CLUBS ACE,0.3146,0.0052,0.6802
CLUBS EIGHT CLUBS TWO,0.3848,0.0594,0.5558
DIAMONDS FIVE DIAMONDS FOUR,0.4544,0.1004,0.4452
CLUBS NINE CLUBS TWO,0.3768,0.0394,0.5838
DIAMONDS NINE DIAMONDS FOUR,0.3374,0.0374,0.6252
DIAMONDS FOUR DIAMONDS EIGHT,0.3284,0.0714,0.6002
DIAMONDS NINE DIAMONDS FIVE,0.3172,0.0468,0.636
CLUBS JACK DIAMONDS TWO,0.4084,0.0216,0.57
DIAMONDS FIVE DIAMONDS EIGHT,0.323,0.0632,0.6138
CLUBS TEN DIAMONDS TWO,0.3956,0.0298,0.5746
DIAMONDS FIVE DIAMONDS SIX,0.4668,0.101,0.4322
DIAMONDS TWO CLUBS ACE,0.3896,0.0052,0.6052
DIAMONDS TWO CLUBS KING,0.4032,0.0112,0.5856
DIAMONDS TWO CLUBS QUEEN,0.4046,0.0164,0.579
DIAMONDS EIGHT DIAMONDS SIX,0.318,0.0614,0.6206
DIAMONDS NINE DIAMONDS SIX,0.329,0.0426,0.6284
HEARTS ACE SPADES THREE,0.2572,0.0158,0.727
SPADES THREE HEARTS KING,0.2542,0.0312,0.7146
HEARTS QUEEN SPADES THREE,0.2554,0.037,0.7076
SPADES THREE HEARTS JACK,0.2574,0.0544,0.6882
SPADES THREE HEARTS TEN,0.2588,0.0694,0.6718
DIAMONDS NINE DIAMONDS EIGHT,0.2788,0.041,0.6802
DIAMONDS KING HEARTS TEN,0.3286,0.0064,0.665
HEARTS THREE HEARTS TEN,0.2444,0.0716,0.684
SPADES JACK CLUBS SIX,0.3674,0.0178,0.6148
DIAMONDS KING HEARTS JACK,0.3248,0.0096,0.6656
HEARTS THREE HEARTS JACK,0.2468,0.051,0.7022
SPADES TEN CLUBS SIX,0.3568,0.0284,0.6148
SPADES JACK SPADES FIVE,0.3288,0.0204,0.6508
SPADES TEN SPADES FIVE,0.3346,0.0234,0.642
DIAMONDS KING HEARTS ACE,0.3404,0.004,0.6556
HEARTS THREE HEARTS ACE,0.238,0.015,0.747
SPADES ACE CLUBS SIX,0.3582,0.0042,0.6376
DIAMONDS KING HEARTS QUEEN,0.3216,0.0078,0.6706
HEARTS THREE HEARTS QUEEN,0.2304,0.0382,0.7314
SPADES KING CLUBS SIX,0.37,0.0078,0.6222
DIAMONDS KING HEARTS KING,0.1366,0.0152,0.8482
HEARTS THREE HEARTS KING,0.243,0.0244,0.7326
SPADES QUEEN CLUBS SIX,0.3556,0.0136,0.6308
SPADES NINE HEARTS TEN,0.3182,0.0236,0.6582
SPADES NINE HEARTS JACK,0.3318,0.0184,0.6498
SPADES QUEEN SPADES FIVE,0.3434,0.012,0.6446
SPADES KING SPADES FIVE,0.3364,0.0084,0.6552
SPADES ACE SPADES FIVE,0.3326,0.007,0.6604
SPADES NINE HEARTS QUEEN,0.3304,0.0102,0.6594
SPADES NINE HEARTS KING,0.351,0.0072,0.6418
SPADES NINE HEARTS ACE,0.3256,0.0036,0.6708
CLUBS TEN SPADES JACK,0.3212,0.0142,0.6646
CLUBS TEN SPADES TEN,0.132,0.0558,0.8122
SPADES ACE CLUBS TEN,0.3156,0.0066,0.6778
CLUBS TEN SPADES KING,0.324,0.006,0.67
CLUBS TEN SPADES QUEEN,0.3272,0.0096,0.6632
SPADES FIVE HEARTS QUEEN,0.3552,0.0126,0.6322
SPADES FIVE HEARTS KING,0.3564,0.0104,0.6332
HEARTS ACE SPADES FIVE,0.3534,0.003,0.6436
CLUBS EIGHT SPADES TEN,0.3126,0.0246,0.6628
SPADES JACK HEARTS THREE,0.2462,0.056,0.6978
SPADES JACK DIAMONDS KING,0.3372,0.0082,0.6546
SPADES TEN DIAMONDS KING,0.3392,0.0068,0.654
SPADES TEN HEARTS THREE,0.2574,0.071,0.6716
CLUBS EIGHT SPADES JACK,0.3316,0.0204,0.648
CLUBS SIX HEARTS ACE,0.3494,0.0044,0.6462
SPADES ACE CLUBS EIGHT,0.3148,0.003,0.6822
HEARTS FIVE CLUBS JACK,0.3542,0.0198,0.626
CLUBS TEN HEARTS FIVE,0.362,0.0262,0.6118
CLUBS SIX HEARTS QUEEN,0.3492,0.0088,0.642
SPADES QUEEN CLUBS EIGHT,0.3326,0.0096,0.6578
CLUBS TEN SPADES THREE,0.242,0.0732,0.6848
CLUBS SIX HEARTS KING,0.3676,0.0076,0.6248
SPADES KING CLUBS EIGHT,0.3298,0.0098,0.6604
CLUBS JACK SPADES THREE,0.2576,0.0596,0.6828
DIAMONDS TWO HEARTS JACK,0.401,0.0216,0.5774
SPADES THREE CLUBS QUEEN,0.2414,0.0422,0.7164
DIAMONDS TWO HEARTS TEN,0.4036,0.03,0.5664
SPADES THREE CLUBS KING,0.2502,0.027,0.7228
HEARTS FIVE CLUBS ACE,0.3416,0.0062,0.6522
SPADES FIVE HEARTS TEN,0.3678,0.0244,0.6078
SPADES THREE CLUBS ACE,0.2446,0.0172,0.7382
HEARTS FIVE CLUBS KING,0.3538,0.0084,0.6378
SPADES FIVE HEARTS JACK,0.3628,0.0174,0.6198
HEARTS FIVE CLUBS QUEEN,0.3526,0.0126,0.6348
HEARTS THREE CLUBS KING,0.2568,0.0288,0.7144
DIAMONDS KING CLUBS KING,0.1268,0.0162,0.857
HEARTS THREE CLUBS QUEEN,0.2616,0.043,0.6954
DIAMONDS KING CLUBS QUEEN,0.325,0.0064,0.6686
HEARTS FIVE HEARTS JACK,0.3276,0.0186,0.6538
HEARTS FIVE HEARTS TEN,0.334,0.026,0.64
HEARTS THREE CLUBS ACE,0.2422,0.015,0.7428
DIAMONDS KING CLUBS ACE,0.332,0.006,0.662
SPADES ACE CLUBS QUEEN,0.3318,0.0048,0.6634
SPADES KING CLUBS QUEEN,0.3306,0.0064,0.663
CLUBS JACK HEARTS THREE,0.2416,0.0512,0.7072
CLUBS JACK DIAMONDS KING,0.3312,0.008,0.6608
SPADES QUEEN CLUBS QUEEN,0.1358,0.0276,0.8366
CLUBS TEN HEARTS THREE,0.2444,0.0726,0.683
CLUBS TEN DIAMONDS KING,0.3282,0.0072,0.6646
SPADES JACK CLUBS QUEEN,0.308,0.0104,0.6816
CLUBS SIX CLUBS QUEEN,0.3344,0.0156,0.65
SPADES TEN CLUBS QUEEN,0.325,0.0098,0.6652
CLUBS SIX CLUBS KING,0.3528,0.0074,0.6398
CLUBS SIX CLUBS ACE,0.333,0.0042,0.6628
HEARTS FIVE HEARTS KING,0.3372,0.0092,0.6536
HEARTS FIVE HEARTS QUEEN,0.337,0.0122,0.6508
CLUBS TEN CLUBS SIX,0.335,0.0274,0.6376
HEARTS FIVE HEARTS ACE,0.3368,0.005,0.6582
CLUBS JACK CLUBS SIX,0.341,0.0192,0.6398
SPADES SEVEN HEARTS JACK,0.2506,0.0592,0.6902
SPADES SEVEN HEARTS TEN,0.2348,0.0838,0.6814
DIAMONDS TWO CLUBS TWO,0.3608,0.134,0.5052
DIAMONDS TWO HEARTS SIX,0.5578,0.107,0.3352
DIAMONDS TWO HEARTS QUEEN,0.4122,0.0158,0.572
HEARTS SEVEN DIAMONDS TWO,0.2732,0.5114,0.2154
DIAMONDS TWO HEARTS KING,0.3974,0.011,0.5916
DIAMONDS TWO HEARTS EIGHT,0.3938,0.0746,0.5316
DIAMONDS TWO HEARTS ACE,0.391,0.0072,0.6018
DIAMONDS TWO HEARTS NINE,0.3928,0.0446,0.5626
DIAMONDS TWO DIAMONDS QUEEN,0.3798,0.0164,0.6038
DIAMONDS TWO HEARTS TWO,0.3516,0.1272,0.5212
DIAMONDS TWO DIAMONDS KING,0.3938,0.0094,0.5968
DIAMONDS TWO HEARTS THREE,0.5738,0.2006,0.2256
DIAMONDS TWO DIAMONDS ACE,0.374,0.0054,0.6206
HEARTS FOUR DIAMONDS TWO,0.5374,0.1052,0.3574
HEARTS FIVE DIAMONDS TWO,0.5348,0.102,0.3632
SPADES SEVEN HEARTS ACE,0.2298,0.0286,0.7416
DIAMONDS TWO DIAMONDS TEN,0.3784,0.0314,0.5902
SPADES SEVEN HEARTS KING,0.2348,0.0406,0.7246
DIAMONDS TWO DIAMONDS JACK,0.3864,0.0212,0.5924
SPADES SEVEN HEARTS QUEEN,0.2506,0.0486,0.7008
DIAMONDS TWO SPADES NINE,0.3934,0.0422,0.5644
DIAMONDS TWO SPADES EIGHT,0.3904,0.0752,0.5344
DIAMONDS TWO SPADES SEVEN,0.2698,0.5154,0.2148
DIAMONDS TWO SPADES SIX,0.5614,0.104,0.3346
DIAMONDS TWO SPADES FIVE,0.5378,0.1036,0.3586
DIAMONDS TWO SPADES FOUR,0.5284,0.107,0.3646
DIAMONDS TWO SPADES THREE,0.5736,0.2032,0.2232
DIAMONDS TWO SPADES TWO,0.3476,0.1246,0.5278
DIAMONDS TWO CLUBS NINE,0.3944,0.05,0.5556
CLUBS EIGHT DIAMONDS TWO,0.383,0.0714,0.5456
DIAMONDS TWO CLUBS SEVEN,0.26,0.5282,0.2118
DIAMONDS TWO CLUBS SIX,0.564,0.0972,0.3388
DIAMONDS TWO CLUBS FIVE,0.5402,0.1066,0.3532
DIAMONDS TWO CLUBS FOUR,0.5348,0.114,0.3512
CLUBS FOUR SPADES FIVE,0.4844,0.11,0.4056
CLUBS FOUR SPADES FOUR,0.2406,0.1244,0.635
CLUBS FOUR SPADES THREE,0.537,0.2004,0.2626
CLUBS FOUR SPADES TWO,0.5296,0.1044,0.366
SPADES NINE CLUBS FOUR,0.3588,0.0428,0.5984
SPADES EIGHT CLUBS FOUR,0.3476,0.068,0.5844
CLUBS FOUR SPADES SEVEN,0.2044,0.5216,0.274
CLUBS FOUR SPADES SIX,0.4962,0.1008,0.403
SPADES ACE DIAMONDS SIX,0.3636,0.0036,0.6328
SPADES QUEEN DIAMONDS SIX,0.3636,0.0126,0.6238
SPADES KING DIAMONDS SIX,0.358,0.008,0.634
SPADES TEN DIAMONDS SIX,0.3596,0.0254,0.615
SPADES JACK DIAMONDS SIX,0.3566,0.0174,0.626
SPADES QUEEN SPADES TWO,0.374,0.0116,0.6144
SPADES KING SPADES TWO,0.3836,0.0082,0.6082
SPADES ACE SPADES TWO,0.3602,0.006,0.6338
CLUBS JACK DIAMONDS JACK,0.1234,0.0424,0.8342
CLUBS TEN DIAMONDS JACK,0.3092,0.0156,0.6752
DIAMONDS JACK CLUBS KING,0.317,0.0098,0.6732
DIAMONDS JACK CLUBS QUEEN,0.3198,0.0102,0.67
DIAMONDS THREE DIAMONDS JACK,0.2574,0.0532,0.6894
DIAMONDS THREE DIAMONDS TEN,0.2386,0.0694,0.692
DIAMONDS JACK CLUBS ACE,0.3254,0.003,0.6716
DIAMONDS THREE DIAMONDS KING,0.2488,0.025,0.7262
DIAMONDS THREE HEARTS THREE,0.2574,0.0898,0.6528
DIAMONDS THREE DIAMONDS QUEEN,0.2434,0.0342,0.7224
DIAMONDS THREE HEARTS TWO,0.5608,0.2096,0.2296
HEARTS FIVE DIAMONDS THREE,0.5494,0.1972,0.2534
DIAMONDS THREE DIAMONDS ACE,0.2328,0.0176,0.7496
HEARTS FOUR DIAMONDS THREE,0.5312,0.2102,0.2586
HEARTS SEVEN DIAMONDS THREE,0.0138,0.9732,0.013
SPADES TEN SPADES NINE,0.2974,0.021,0.6816
HEARTS SIX DIAMONDS THREE,0.561,0.2,0.239
SPADES JACK SPADES NINE,0.2994,0.0178,0.6828
DIAMONDS THREE HEARTS NINE,0.2542,0.1082,0.6376
HEARTS JACK DIAMONDS FOUR,0.3622,0.0204,0.6174
HEARTS ACE HEARTS KING,0.3134,0.0046,0.682
SPADES TEN SPADES TWO,0.3814,0.0272,0.5914
DIAMONDS THREE HEARTS EIGHT,0.2616,0.1378,0.6006
HEARTS TEN DIAMONDS FOUR,0.3666,0.0302,0.6032
SPADES JACK SPADES TWO,0.3748,0.0202,0.605
HEARTS QUEEN DIAMONDS FOUR,0.3694,0.014,0.6166
HEARTS KING DIAMONDS FOUR,0.3648,0.01,0.6252
SPADES ACE SPADES NINE,0.3074,0.0038,0.6888
HEARTS ACE DIAMONDS FOUR,0.3448,0.0036,0.6516
SPADES KING SPADES NINE,0.3154,0.006,0.6786
SPADES QUEEN SPADES NINE,0.3096,0.0096,0.6808
DIAMONDS THREE SPADES NINE,0.2576,0.0934,0.649
DIAMONDS THREE SPADES EIGHT,0.2504,0.1414,0.6082
DIAMONDS THREE SPADES SEVEN,0.018,0.9724,0.0096
DIAMONDS THREE SPADES SIX,0.5574,0.1974,0.2452
DIAMONDS THREE CLUBS SIX,0.5712,0.201,0.2278
CLUBS SIX CLUBS FIVE,0.459,0.0958,0.4452
CLUBS ACE DIAMONDS FOUR,0.3506,0.0074,0.642
DIAMONDS THREE CLUBS SEVEN,0.0068,0.9858,0.0074
CLUBS SEVEN CLUBS FIVE,0.1958,0.4314,0.3728
DIAMONDS THREE CLUBS FOUR,0.5358,0.2056,0.2586
DIAMONDS FOUR CLUBS QUEEN,0.371,0.0136,0.6154
DIAMONDS THREE CLUBS FIVE,0.5352,0.2018,0.263
DIAMONDS FOUR CLUBS KING,0.3646,0.0076,0.6278
DIAMONDS THREE CLUBS TWO,0.5732,0.2048,0.222
CLUBS TEN DIAMONDS FOUR,0.3584,0.0338,0.6078
CLUBS JACK DIAMONDS FOUR,0.3678,0.0224,0.6098
DIAMONDS THREE SPADES FOUR,0.539,0.2064,0.2546
DIAMONDS THREE SPADES FIVE,0.5442,0.1972,0.2586
DIAMONDS THREE SPADES TWO,0.5656,0.1952,0.2392
DIAMONDS THREE SPADES THREE,0.2626,0.0794,0.658
CLUBS EIGHT DIAMONDS THREE,0.2396,0.1458,0.6146
CLUBS NINE DIAMONDS THREE,0.2486,0.0984,0.653
SPADES SEVEN CLUBS ACE,0.2214,0.0318,0.7468
SPADES SEVEN CLUBS QUEEN,0.2346,0.051,0.7144
SPADES SEVEN CLUBS KING,0.2386,0.0376,0.7238
SPADES SEVEN CLUBS FIVE,0.1954,0.4536,0.351
CLUBS TEN SPADES SEVEN,0.2382,0.0874,0.6744
CLUBS FIVE SPADES SIX,0.476,0.1044,0.4196
CLUBS JACK SPADES SEVEN,0.2286,0.0686,0.7028
SPADES NINE CLUBS FIVE,0.3424,0.0428,0.6148
SPADES EIGHT CLUBS FIVE,0.3294,0.064,0.6066
CLUBS FIVE SPADES THREE,0.5272,0.2002,0.2726
CLUBS FIVE SPADES TWO,0.5178,0.1126,0.3696
CLUBS FIVE SPADES FIVE,0.235,0.1146,0.6504
CLUBS FIVE SPADES FOUR,0.476,0.1034,0.4206
CLUBS NINE CLUBS FIVE,0.3448,0.044,0.6112
CLUBS EIGHT CLUBS FIVE,0.3292,0.063,0.6078
CLUBS ACE CLUBS QUEEN,0.3264,0.0044,0.6692
CLUBS KING CLUBS QUEEN,0.3144,0.0096,0.676
DIAMONDS TEN DIAMONDS FOUR,0.333,0.026,0.641
CLUBS TEN DIAMONDS NINE,0.3036,0.0242,0.6722
DIAMONDS JACK DIAMONDS FOUR,0.3286,0.0224,0.649
CLUBS JACK DIAMONDS NINE,0.3096,0.0188,0.6716
CLUBS JACK SPADES NINE,0.3092,0.0212,0.6696
CLUBS TEN SPADES NINE,0.3206,0.0232,0.6562
DIAMONDS ACE DIAMONDS FOUR,0.3404,0.0046,0.655
HEARTS FOUR DIAMONDS FOUR,0.2422,0.1196,0.6382
DIAMONDS JACK HEARTS TEN,0.3156,0.0136,0.6708
SPADES NINE CLUBS KING,0.3234,0.0066,0.67
DIAMONDS TWO SPADES TEN,0.411,0.0304,0.5586
DIAMONDS NINE CLUBS ACE,0.3258,0.0058,0.6684
HEARTS FIVE DIAMONDS FOUR,0.4828,0.1022,0.415
DIAMONDS JACK HEARTS JACK,0.1388,0.0416,0.8196
SPADES NINE CLUBS QUEEN,0.3146,0.011,0.6744
DIAMONDS TWO SPADES JACK,0.4088,0.0238,0.5674
DIAMONDS QUEEN DIAMONDS FOUR,0.3512,0.0156,0.6332
HEARTS TWO DIAMONDS FOUR,0.5494,0.103,0.3476
DIAMONDS NINE CLUBS QUEEN,0.329,0.0132,0.6578
DIAMONDS KING DIAMONDS FOUR,0.3484,0.0076,0.644
HEARTS THREE DIAMONDS FOUR,0.543,0.2014,0.2556
SPADES NINE CLUBS ACE,0.332,0.0028,0.6652
DIAMONDS NINE CLUBS KING,0.329,0.0094,0.6616
HEARTS ACE DIAMONDS JACK,0.3352,0.0048,0.66
SPADES ACE DIAMONDS TWO,0.3842,0.0052,0.6106
HEARTS QUEEN DIAMONDS JACK,0.3194,0.0096,0.671
SPADES QUEEN DIAMONDS TWO,0.3992,0.0134,0.5874
HEARTS KING DIAMONDS JACK,0.326,0.0086,0.6654
SPADES KING DIAMONDS TWO,0.4164,0.008,0.5756
SPADES JACK SPADES SEVEN,0.2256,0.064,0.7104
SPADES TEN SPADES SEVEN,0.2314,0.075,0.6936
SPADES TWO DIAMONDS FOUR,0.5348,0.1076,0.3576
SPADES THREE DIAMONDS FOUR,0.5452,0.1964,0.2584
SPADES FOUR DIAMONDS FOUR,0.2422,0.124,0.6338
SPADES FIVE DIAMONDS FOUR,0.4876,0.1014,0.411
SPADES SIX DIAMONDS FOUR,0.507,0.1054,0.3876
SPADES SEVEN DIAMONDS FOUR,0.213,0.5178,0.2692
SPADES EIGHT DIAMONDS FOUR,0.3448,0.0668,0.5884
SPADES NINE DIAMONDS FOUR,0.361,0.045,0.594
CLUBS FIVE DIAMONDS FOUR,0.4786,0.1068,0.4146
CLUBS FOUR DIAMONDS FOUR,0.2362,0.1242,0.6396
CLUBS SEVEN DIAMONDS FOUR,0.2036,0.5288,0.2676
CLUBS SIX DIAMONDS FOUR,0.489,0.1064,0.4046
CLUBS NINE DIAMONDS FOUR,0.3528,0.0424,0.6048
CLUBS EIGHT DIAMONDS FOUR,0.3528,0.0664,0.5808
HEARTS SEVEN DIAMONDS FOUR,0.211,0.5112,0.2778
HEARTS SIX DIAMONDS FOUR,0.496,0.108,0.396
DIAMONDS FOUR HEARTS NINE,0.3644,0.0468,0.5888
DIAMONDS FOUR HEARTS EIGHT,0.3544,0.0688,0.5768
CLUBS TWO DIAMONDS FOUR,0.5356,0.112,0.3524
DIAMONDS TEN DIAMONDS FIVE,0.3302,0.0292,0.6406
DIAMONDS JACK DIAMONDS FIVE,0.3424,0.0192,0.6384
DIAMONDS NINE HEARTS QUEEN,0.3286,0.0122,0.6592
DIAMONDS NINE HEARTS KING,0.3354,0.0092,0.6554
HEARTS ACE DIAMONDS NINE,0.3258,0.005,0.6692
DIAMONDS NINE HEARTS TEN,0.3132,0.0264,0.6604
DIAMONDS NINE HEARTS JACK,0.3166,0.0186,0.6648
CLUBS KING DIAMONDS SIX,0.3468,0.0068,0.6464
CLUBS QUEEN DIAMONDS SIX,0.353,0.015,0.632
CLUBS ACE DIAMONDS SIX,0.3552,0.0052,0.6396
SPADES KING DIAMONDS FOUR,0.3706,0.0094,0.62
SPADES ACE SPADES SEVEN,0.2282,0.0294,0.7424
SPADES QUEEN DIAMONDS FOUR,0.3706,0.0122,0.6172
SPADES QUEEN SPADES SEVEN,0.234,0.0452,0.7208
CLUBS JACK DIAMONDS SIX,0.3626,0.0188,0.6186
SPADES KING SPADES SEVEN,0.226,0.037,0.737
SPADES ACE DIAMONDS FOUR,0.354,0.0078,0.6382
CLUBS TEN DIAMONDS SIX,0.3486,0.026,0.6254
CLUBS NINE CLUBS FOUR,0.3424,0.0462,0.6114
CLUBS EIGHT CLUBS FOUR,0.3292,0.061,0.6098
SPADES JACK DIAMONDS FOUR,0.372,0.0176,0.6104
SPADES TEN DIAMONDS FOUR,0.3672,0.0314,0.6014
CLUBS FOUR CLUBS FIVE,0.4502,0.1004,0.4494
CLUBS SEVEN CLUBS FOUR,0.2144,0.4782,0.3074
CLUBS SIX CLUBS FOUR,0.467,0.095,0.438
CLUBS SEVEN SPADES EIGHT,0.2094,0.1542,0.6364
SPADES NINE CLUBS SEVEN,0.2288,0.1174,0.6538
CLUBS SEVEN SPADES SIX,0.2112,0.3728,0.416
CLUBS SEVEN SPADES SEVEN,0.072,0.1036,0.8244
CLUBS SEVEN SPADES FIVE,0.2126,0.4436,0.3438
CLUBS SEVEN SPADES FOUR,0.2116,0.5072,0.2812
CLUBS SEVEN SPADES THREE,0.0112,0.9728,0.016
CLUBS SEVEN SPADES TWO,0.2692,0.5182,0.2126
CLUBS NINE CLUBS SEVEN,0.2366,0.1018,0.6616
CLUBS EIGHT CLUBS SEVEN,0.2088,0.1408,0.6504
HEARTS SIX DIAMONDS FIVE,0.4802,0.109,0.4108
HEARTS SEVEN DIAMONDS FIVE,0.22,0.4328,0.3472
DIAMONDS FIVE HEARTS EIGHT,0.3586,0.0648,0.5766
DIAMONDS FIVE HEARTS NINE,0.3588,0.0484,0.5928
DIAMONDS QUEEN DIAMONDS FIVE,0.352,0.015,0.633
HEARTS TWO DIAMONDS FIVE,0.5302,0.1088,0.361
HEARTS KING HEARTS EIGHT,0.3102,0.0074,0.6824
DIAMONDS KING DIAMONDS FIVE,0.3458,0.0076,0.6466
HEARTS THREE DIAMONDS FIVE,0.5446,0.2022,0.2532
HEARTS QUEEN HEARTS EIGHT,0.3038,0.0108,0.6854
DIAMONDS ACE DIAMONDS FIVE,0.329,0.0058,0.6652
HEARTS FOUR DIAMONDS FIVE,0.4926,0.1052,0.4022
HEARTS FIVE DIAMONDS FIVE,0.2534,0.121,0.6256
HEARTS ACE HEARTS EIGHT,0.3026,0.0036,0.6938
CLUBS FOUR DIAMONDS FIVE,0.4746,0.1066,0.4188
CLUBS FIVE DIAMONDS FIVE,0.232,0.1168,0.6512
CLUBS SIX DIAMONDS FIVE,0.4766,0.0994,0.424
CLUBS SEVEN DIAMONDS FIVE,0.2178,0.4522,0.33
CLUBS TWO DIAMONDS FIVE,0.536,0.1096,0.3544
SPADES THREE DIAMONDS FIVE,0.5476,0.195,0.2574
SPADES TWO DIAMONDS FIVE,0.5346,0.1084,0.357
SPADES JACK DIAMONDS EIGHT,0.322,0.02,0.658
SPADES FIVE DIAMONDS FIVE,0.2472,0.12,0.6328
CLUBS TEN HEARTS JACK,0.3082,0.014,0.6778
SPADES TEN DIAMONDS EIGHT,0.3128,0.0242,0.663
SPADES FOUR DIAMONDS FIVE,0.481,0.101,0.418
CLUBS JACK HEARTS JACK,0.15,0.041,0.809
HEARTS JACK CLUBS QUEEN,0.327,0.0102,0.6628
CLUBS NINE DIAMONDS FIVE,0.3326,0.0462,0.6212
CLUBS EIGHT DIAMONDS FIVE,0.3258,0.0712,0.603
HEARTS JACK CLUBS KING,0.326,0.0066,0.6674
CLUBS ACE HEARTS JACK,0.3256,0.0044,0.67
SPADES SEVEN DIAMONDS FIVE,0.219,0.4448,0.3362
SPADES KING DIAMONDS EIGHT,0.3268,0.008,0.6652
SPADES QUEEN DIAMONDS EIGHT,0.323,0.015,0.662
SPADES SIX DIAMONDS FIVE,0.486,0.1038,0.4102
SPADES NINE DIAMONDS FIVE,0.3462,0.044,0.6098
SPADES EIGHT DIAMONDS FIVE,0.3428,0.0642,0.593
SPADES ACE DIAMONDS EIGHT,0.3324,0.004,0.6636
DIAMONDS TEN DIAMONDS SIX,0.338,0.0292,0.6328
DIAMONDS JACK DIAMONDS SIX,0.3552,0.0198,0.625
DIAMONDS ACE DIAMONDS SIX,0.3546,0.0052,0.6402
HEARTS FOUR DIAMONDS SIX,0.4944,0.0994,0.4062
SPADES TWO HEARTS JACK,0.4072,0.0236,0.5692
HEARTS FIVE DIAMONDS SIX,0.476,0.1052,0.4188
SPADES TWO HEARTS TEN,0.3904,0.0304,0.5792
DIAMONDS QUEEN DIAMONDS SIX,0.342,0.013,0.645
HEARTS TWO DIAMONDS SIX,0.5514,0.1066,0.342
DIAMONDS KING DIAMONDS SIX,0.3534,0.008,0.6386
HEARTS THREE DIAMONDS SIX,0.5644,0.1898,0.2458
HEARTS EIGHT DIAMONDS SIX,0.3488,0.0616,0.5896
HEARTS NINE DIAMONDS SIX,0.354,0.0402,0.6058
HEARTS SIX DIAMONDS SIX,0.2462,0.1064,0.6474
HEARTS SEVEN DIAMONDS SIX,0.2214,0.3768,0.4018
CLUBS TWO DIAMONDS SIX,0.5586,0.1084,0.333
CLUBS SEVEN DIAMONDS SIX,0.2134,0.36,0.4266
CLUBS JACK DIAMONDS EIGHT,0.3082,0.021,0.6708
CLUBS SIX DIAMONDS SIX,0.231,0.1084,0.6606
CLUBS TEN DIAMONDS EIGHT,0.3152,0.0296,0.6552
CLUBS FIVE DIAMONDS SIX,0.4804,0.1034,0.4162
CLUBS FOUR DIAMONDS SIX,0.507,0.1002,0.3928
HEARTS ACE HEARTS JACK,0.3042,0.0042,0.6916
CLUBS ACE DIAMONDS EIGHT,0.3178,0.005,0.6772
HEARTS QUEEN HEARTS JACK,0.3134,0.0088,0.6778
CLUBS KING DIAMONDS EIGHT,0.3244,0.0078,0.6678
CLUBS NINE DIAMONDS SIX,0.3434,0.0428,0.6138
HEARTS KING HEARTS JACK,0.3114,0.0056,0.683
CLUBS EIGHT DIAMONDS SIX,0.3162,0.0686,0.6152
DIAMONDS EIGHT CLUBS QUEEN,0.3254,0.0116,0.663
SPADES TEN HEARTS KING,0.3338,0.0068,0.6594
SPADES FIVE DIAMONDS SIX,0.4766,0.1008,0.4226
HEARTS ACE SPADES TWO,0.3818,0.007,0.6112
SPADES JACK HEARTS KING,0.34,0.0076,0.6524
SPADES FOUR DIAMONDS SIX,0.498,0.1104,0.3916
SPADES THREE DIAMONDS SIX,0.567,0.1986,0.2344
HEARTS QUEEN SPADES TWO,0.398,0.0128,0.5892
SPADES ACE SPADES KING,0.3104,0.0034,0.6862
HEARTS KING SPADES TWO,0.3946,0.0102,0.5952
SPADES TWO DIAMONDS SIX,0.536,0.1136,0.3504
HEARTS TEN HEARTS EIGHT,0.2992,0.0194,0.6814
SPADES NINE DIAMONDS SIX,0.3422,0.0432,0.6146
HEARTS JACK HEARTS EIGHT,0.3074,0.0216,0.671
SPADES EIGHT DIAMONDS SIX,0.3278,0.063,0.6092
SPADES SEVEN DIAMONDS SIX,0.2124,0.364,0.4236
SPADES SIX DIAMONDS SIX,0.246,0.1058,0.6482
SPADES KING HEARTS KING,0.1406,0.0158,0.8436
SPADES QUEEN HEARTS KING,0.335,0.0064,0.6586
CLUBS ACE CLUBS KING,0.3292,0.0058,0.665
SPADES ACE HEARTS KING,0.3432,0.0032,0.6536
SPADES ACE HEARTS JACK,0.329,0.0036,0.6674
SPADES QUEEN HEARTS JACK,0.336,0.0078,0.6562
SPADES KING HEARTS JACK,0.3328,0.0074,0.6598
SPADES TEN DIAMONDS TEN,0.1436,0.0554,0.801
SPADES JACK DIAMONDS TEN,0.308,0.0144,0.6776
SPADES ACE DIAMONDS TEN,0.3186,0.006,0.6754
SPADES JACK HEARTS JACK,0.1484,0.043,0.8086
SPADES TEN HEARTS JACK,0.329,0.0134,0.6576
SPADES QUEEN DIAMONDS TEN,0.3236,0.0102,0.6662
SPADES KING DIAMONDS TEN,0.3258,0.0074,0.6668
HEARTS KING DIAMONDS FIVE,0.368,0.0082,0.6238
HEARTS QUEEN DIAMONDS FIVE,0.3636,0.0114,0.625
HEARTS ACE DIAMONDS FIVE,0.3412,0.0046,0.6542
DIAMONDS FIVE HEARTS JACK,0.3692,0.0214,0.6094
HEARTS TEN DIAMONDS FIVE,0.3726,0.0284,0.599
SPADES KING CLUBS TWO,0.3998,0.0102,0.59
HEARTS KING CLUBS KING,0.1444,0.016,0.8396
SPADES QUEEN CLUBS TWO,0.4,0.0138,0.5862
HEARTS KING CLUBS QUEEN,0.3394,0.0058,0.6548
CLUBS JACK SPADES TWO,0.4082,0.0202,0.5716
CLUBS SIX CLUBS SEVEN,0.2006,0.3588,0.4406
SPADES ACE CLUBS TWO,0.3792,0.0028,0.618
CLUBS TEN SPADES TWO,0.4046,0.0308,0.5646
HEARTS KING CLUBS ACE,0.33,0.0044,0.6656
SPADES TWO CLUBS KING,0.386,0.01,0.604
CLUBS EIGHT CLUBS SIX,0.3268,0.0654,0.6078
SPADES TWO CLUBS QUEEN,0.4086,0.015,0.5764
CLUBS NINE CLUBS SIX,0.3072,0.0432,0.6496
CLUBS JACK HEARTS KING,0.3366,0.0072,0.6562
SPADES TWO CLUBS ACE,0.392,0.0052,0.6028
CLUBS TEN HEARTS KING,0.3386,0.0072,0.6542
CLUBS SIX SPADES TWO,0.5486,0.1022,0.3492
CLUBS SIX SPADES THREE,0.5674,0.196,0.2366
CLUBS SIX SPADES FOUR,0.498,0.1022,0.3998
CLUBS SIX SPADES FIVE,0.4706,0.1104,0.419
CLUBS SIX SPADES SIX,0.2384,0.1046,0.657
CLUBS SIX SPADES SEVEN,0.2074,0.3726,0.42
CLUBS SIX SPADES EIGHT,0.3336,0.0678,0.5986
SPADES JACK CLUBS TWO,0.408,0.023,0.569
CLUBS SIX SPADES NINE,0.332,0.0466,0.6214
SPADES TEN CLUBS TWO,0.4074,0.0306,0.562
CLUBS TWO CLUBS QUEEN,0.3598,0.013,0.6272
CLUBS TWO CLUBS KING,0.3906,0.007,0.6024
CLUBS TWO CLUBS ACE,0.3718,0.007,0.6212
CLUBS TWO DIAMONDS EIGHT,0.4038,0.0674,0.5288
HEARTS SEVEN DIAMONDS EIGHT,0.2048,0.1472,0.648
HEARTS SIX DIAMONDS EIGHT,0.3354,0.068,0.5966
DIAMONDS EIGHT HEARTS NINE,0.3136,0.032,0.6544
CLUBS TEN CLUBS TWO,0.3856,0.0298,0.5846
HEARTS EIGHT DIAMONDS EIGHT,0.1396,0.079,0.7814
CLUBS JACK CLUBS TWO,0.3918,0.0166,0.5916
CLUBS NINE DIAMONDS EIGHT,0.3,0.0366,0.6634
CLUBS EIGHT DIAMONDS EIGHT,0.1266,0.0852,0.7882
CLUBS FIVE DIAMONDS EIGHT,0.3194,0.0632,0.6174
SPADES ACE SPADES THREE,0.2336,0.0134,0.753
CLUBS FOUR DIAMONDS EIGHT,0.348,0.0724,0.5796
CLUBS SEVEN DIAMONDS EIGHT,0.2026,0.143,0.6544
SPADES QUEEN SPADES THREE,0.2534,0.037,0.7096
CLUBS SIX DIAMONDS EIGHT,0.323,0.0628,0.6142
SPADES KING SPADES THREE,0.2392,0.0246,0.7362
DIAMONDS QUEEN DIAMONDS EIGHT,0.3238,0.0124,0.6638
HEARTS TWO DIAMONDS EIGHT,0.3824,0.0666,0.551
DIAMONDS KING DIAMONDS EIGHT,0.3126,0.0078,0.6796
HEARTS THREE DIAMONDS EIGHT,0.2486,0.1438,0.6076
DIAMONDS ACE DIAMONDS EIGHT,0.3144,0.0044,0.6812
HEARTS FOUR DIAMONDS EIGHT,0.3486,0.0748,0.5766
HEARTS FIVE DIAMONDS EIGHT,0.3386,0.0594,0.602
DIAMONDS TEN DIAMONDS EIGHT,0.3036,0.0284,0.668
DIAMONDS JACK DIAMONDS EIGHT,0.3106,0.0166,0.6728
SPADES JACK SPADES THREE,0.243,0.049,0.708
SPADES TEN SPADES THREE,0.2332,0.0752,0.6916
CLUBS FOUR HEARTS ACE,0.3512,0.0052,0.6436
CLUBS FOUR HEARTS QUEEN,0.3582,0.0136,0.6282
CLUBS FOUR HEARTS KING,0.3456,0.0076,0.6468
CLUBS SIX HEARTS TEN,0.3566,0.0254,0.618
CLUBS SIX HEARTS JACK,0.362,0.0172,0.6208
SPADES FOUR DIAMONDS EIGHT,0.342,0.0676,0.5904
SPADES FIVE DIAMONDS EIGHT,0.3222,0.0702,0.6076
SPADES TWO DIAMONDS EIGHT,0.3936,0.0672,0.5392
SPADES THREE DIAMONDS EIGHT,0.2466,0.1386,0.6148
CLUBS FOUR HEARTS JACK,0.36,0.0202,0.6198
SPADES EIGHT DIAMONDS EIGHT,0.144,0.0798,0.7762
SPADES TEN DIAMONDS QUEEN,0.3126,0.0078,0.6796
SPADES TEN HEARTS TWO,0.3954,0.031,0.5736
SPADES JACK HEARTS EIGHT,0.334,0.016,0.65
CLUBS FOUR HEARTS TEN,0.3568,0.033,0.6102
SPADES NINE DIAMONDS EIGHT,0.3048,0.0384,0.6568
SPADES TEN HEARTS EIGHT,0.3216,0.0246,0.6538
SPADES JACK HEARTS TWO,0.3982,0.0212,0.5806
SPADES JACK DIAMONDS QUEEN,0.32,0.0106,0.6694
SPADES SIX DIAMONDS EIGHT,0.3228,0.0612,0.616
SPADES SEVEN DIAMONDS EIGHT,0.2078,0.1512,0.641
SPADES ACE HEARTS TWO,0.3894,0.0056,0.605
SPADES ACE DIAMONDS QUEEN,0.3314,0.0046,0.664
SPADES ACE HEARTS EIGHT,0.3292,0.004,0.6668
SPADES KING HEARTS EIGHT,0.3266,0.0074,0.666
SPADES QUEEN HEARTS TWO,0.4126,0.015,0.5724
SPADES QUEEN DIAMONDS QUEEN,0.1322,0.0324,0.8354
SPADES KING DIAMONDS QUEEN,0.3342,0.0092,0.6566
SPADES KING HEARTS TWO,0.41,0.007,0.583
SPADES QUEEN HEARTS EIGHT,0.3282,0.0094,0.6624
CLUBS TWO HEARTS TEN,0.4092,0.0284,0.5624
CLUBS TWO HEARTS JACK,0.4002,0.0216,0.5782
SPADES SEVEN DIAMONDS NINE,0.2244,0.1116,0.664
SPADES SIX DIAMONDS NINE,0.332,0.047,0.621
SPADES NINE DIAMONDS NINE,0.1406,0.066,0.7934
SPADES EIGHT DIAMONDS NINE,0.3022,0.037,0.6608
SPADES TEN CLUBS KING,0.3256,0.0052,0.6692
DIAMONDS NINE SPADES THREE,0.2434,0.0956,0.661
SPADES JACK CLUBS KING,0.3318,0.0078,0.6604
DIAMONDS NINE SPADES TWO,0.3948,0.0482,0.557
SPADES FIVE DIAMONDS NINE,0.3368,0.0448,0.6184
DIAMONDS NINE SPADES FOUR,0.3558,0.0384,0.6058
CLUBS NINE DIAMONDS NINE,0.1422,0.068,0.7898
CLUBS EIGHT DIAMONDS NINE,0.2962,0.04,0.6638
CLUBS SIX DIAMONDS NINE,0.3468,0.0464,0.6068
SPADES JACK CLUBS FOUR,0.362,0.0212,0.6168
CLUBS SEVEN DIAMONDS NINE,0.2258,0.1154,0.6588
SPADES TEN CLUBS FOUR,0.3584,0.0298,0.6118
CLUBS FOUR DIAMONDS NINE,0.3438,0.048,0.6082
CLUBS FIVE DIAMONDS NINE,0.3178,0.04,0.6422
CLUBS TWO DIAMONDS NINE,0.4036,0.0426,0.5538
DIAMONDS NINE HEARTS EIGHT,0.3044,0.0402,0.6554
DIAMONDS NINE HEARTS NINE,0.134,0.0732,0.7928
HEARTS SIX DIAMONDS NINE,0.3502,0.0416,0.6082
HEARTS SEVEN DIAMONDS NINE,0.2386,0.104,0.6574
CLUBS EIGHT CLUBS NINE,0.2956,0.0358,0.6686
DIAMONDS ACE DIAMONDS NINE,0.3126,0.0046,0.6828
HEARTS FOUR DIAMONDS NINE,0.3676,0.0466,0.5858
HEARTS FIVE DIAMONDS NINE,0.353,0.0446,0.6024
HEARTS ACE CLUBS TWO,0.3914,0.0072,0.6014
SPADES ACE CLUBS FOUR,0.3432,0.0052,0.6516
DIAMONDS NINE DIAMONDS QUEEN,0.3164,0.011,0.6726
HEARTS TWO DIAMONDS NINE,0.4066,0.0472,0.5462
CLUBS TWO HEARTS KING,0.4084,0.0078,0.5838
SPADES KING CLUBS FOUR,0.3596,0.0082,0.6322
DIAMONDS KING DIAMONDS NINE,0.3196,0.0078,0.6726
HEARTS THREE DIAMONDS NINE,0.241,0.0996,0.6594
CLUBS TWO HEARTS QUEEN,0.4026,0.0128,0.5846
SPADES QUEEN CLUBS FOUR,0.3594,0.0142,0.6264
DIAMONDS NINE DIAMONDS JACK,0.3014,0.0176,0.681
CLUBS EIGHT SPADES NINE,0.306,0.0404,0.6536
DIAMONDS TEN DIAMONDS NINE,0.2934,0.0214,0.6852
CLUBS EIGHT SPADES EIGHT,0.1412,0.0832,0.7756
CLUBS EIGHT SPADES SEVEN,0.2148,0.149,0.6362
CLUBS EIGHT SPADES SIX,0.3176,0.0646,0.6178
CLUBS EIGHT SPADES FIVE,0.3254,0.067,0.6076
CLUBS EIGHT SPADES FOUR,0.3498,0.0684,0.5818
CLUBS EIGHT SPADES THREE,0.2474,0.1348,0.6178
CLUBS EIGHT SPADES TWO,0.3886,0.073,0.5384
HEARTS SIX DIAMONDS TEN,0.3452,0.0292,0.6256
HEARTS SEVEN DIAMONDS TEN,0.2414,0.084,0.6746
DIAMONDS TEN HEARTS EIGHT,0.315,0.0278,0.6572
CLUBS JACK CLUBS FOUR,0.3458,0.0196,0.6346
DIAMONDS TEN HEARTS NINE,0.3124,0.0242,0.6634
CLUBS TEN CLUBS FOUR,0.3482,0.0296,0.6222
CLUBS FOUR CLUBS KING,0.3466,0.0104,0.643
CLUBS FOUR CLUBS QUEEN,0.3416,0.0116,0.6468
DIAMONDS TEN CLUBS TWO,0.398,0.0306,0.5714
CLUBS FOUR CLUBS ACE,0.335,0.0044,0.6606
DIAMONDS TEN DIAMONDS JACK,0.2944,0.0152,0.6904
DIAMONDS TEN DIAMONDS QUEEN,0.3218,0.0118,0.6664
HEARTS TWO DIAMONDS TEN,0.4044,0.0352,0.5604
DIAMONDS KING DIAMONDS TEN,0.3132,0.0074,0.6794
HEARTS THREE DIAMONDS TEN,0.2462,0.0676,0.6862
DIAMONDS ACE DIAMONDS TEN,0.3062,0.004,0.6898
HEARTS FOUR DIAMONDS TEN,0.3548,0.023,0.6222
CLUBS EIGHT HEARTS JACK,0.3258,0.015,0.6592
HEARTS FIVE DIAMONDS TEN,0.3736,0.0334,0.593
CLUBS EIGHT HEARTS TEN,0.3186,0.026,0.6554
CLUBS EIGHT HEARTS QUEEN,0.33,0.0106,0.6594
CLUBS EIGHT HEARTS KING,0.3322,0.0072,0.6606
CLUBS EIGHT HEARTS ACE,0.321,0.0042,0.6748
CLUBS NINE SPADES THREE,0.2414,0.1066,0.652
CLUBS NINE SPADES TWO,0.3916,0.0468,0.5616
CLUBS NINE SPADES FIVE,0.343,0.0398,0.6172
CLUBS NINE SPADES FOUR,0.3568,0.048,0.5952
CLUBS NINE SPADES SEVEN,0.2234,0.11,0.6666
CLUBS NINE SPADES SIX,0.3326,0.0434,0.624
CLUBS NINE SPADES NINE,0.1426,0.0666,0.7908
CLUBS TEN HEARTS EIGHT,0.3086,0.0266,0.6648
CLUBS NINE SPADES EIGHT,0.306,0.0412,0.6528
CLUBS JACK HEARTS EIGHT,0.3226,0.019,0.6584
HEARTS EIGHT CLUBS QUEEN,0.3176,0.0096,0.6728
CLUBS KING HEARTS EIGHT,0.3396,0.0064,0.654
CLUBS ACE HEARTS EIGHT,0.3246,0.0048,0.6706
SPADES KING CLUBS KING,0.145,0.0154,0.8396
SPADES QUEEN CLUBS KING,0.3344,0.0046,0.661
SPADES ACE CLUBS KING,0.3394,0.0056,0.655
DIAMONDS ACE HEARTS TEN,0.3268,0.004,0.6692
HEARTS FOUR HEARTS TEN,0.351,0.0282,0.6208
DIAMONDS ACE HEARTS JACK,0.324,0.0044,0.6716
HEARTS FOUR HEARTS JACK,0.3328,0.0168,0.6504
SPADES KING CLUBS FIVE,0.3602,0.0072,0.6326
SPADES QUEEN CLUBS FIVE,0.3432,0.0112,0.6456
SPADES ACE CLUBS FIVE,0.3444,0.0062,0.6494
HEARTS SEVEN DIAMONDS JACK,0.2292,0.0576,0.7132
HEARTS SIX DIAMONDS JACK,0.368,0.0196,0.6124
DIAMONDS JACK HEARTS NINE,0.3126,0.02,0.6674
DIAMONDS JACK HEARTS EIGHT,0.3196,0.0178,0.6626
DIAMONDS KING DIAMONDS JACK,0.3178,0.0056,0.6766
HEARTS THREE DIAMONDS JACK,0.2536,0.0484,0.698
SPADES ACE SPADES SIX,0.3356,0.0042,0.6602
HEARTS ACE SPADES FOUR,0.3582,0.006,0.6358
DIAMONDS QUEEN DIAMONDS JACK,0.3168,0.0136,0.6696
HEARTS TWO DIAMONDS JACK,0.3936,0.023,0.5834
HEARTS FIVE DIAMONDS JACK,0.3596,0.018,0.6224
SPADES QUEEN SPADES SIX,0.3354,0.012,0.6526
SPADES FOUR HEARTS QUEEN,0.3658,0.017,0.6172
DIAMONDS ACE DIAMONDS JACK,0.3152,0.0056,0.6792
HEARTS FOUR DIAMONDS JACK,0.3632,0.0206,0.6162
SPADES KING SPADES SIX,0.342,0.0094,0.6486
SPADES FOUR HEARTS KING,0.3622,0.0072,0.6306
SPADES TEN SPADES SIX,0.3356,0.0258,0.6386
SPADES JACK SPADES SIX,0.3468,0.018,0.6352
SPADES FOUR DIAMONDS JACK,0.3602,0.0202,0.6196
SPADES FIVE DIAMONDS JACK,0.3604,0.0192,0.6204
DIAMONDS JACK SPADES TWO,0.3856,0.0192,0.5952
SPADES THREE DIAMONDS JACK,0.25,0.0528,0.6972
SPADES ACE DIAMONDS THREE,0.2596,0.015,0.7254
CLUBS EIGHT DIAMONDS JACK,0.3172,0.0174,0.6654
SPADES QUEEN DIAMONDS THREE,0.2544,0.0412,0.7044
SPADES KING DIAMONDS THREE,0.2536,0.029,0.7174
CLUBS NINE DIAMONDS JACK,0.3018,0.015,0.6832
CLUBS SIX DIAMONDS JACK,0.3524,0.0154,0.6322
CLUBS SEVEN DIAMONDS JACK,0.2216,0.0618,0.7166
CLUBS FOUR DIAMONDS JACK,0.3474,0.0234,0.6292
CLUBS FIVE DIAMONDS JACK,0.3588,0.0192,0.622
CLUBS TWO DIAMONDS JACK,0.4052,0.0214,0.5734
SPADES TEN CLUBS FIVE,0.3494,0.029,0.6216
SPADES JACK HEARTS SIX,0.3586,0.0172,0.6242
HEARTS SIX SPADES TEN,0.3532,0.0294,0.6174
SPADES JACK CLUBS FIVE,0.3622,0.0188,0.619
SPADES JACK DIAMONDS THREE,0.2568,0.0528,0.6904
CLUBS SEVEN CLUBS ACE,0.2398,0.0336,0.7266
DIAMONDS THREE SPADES TEN,0.2588,0.0756,0.6656
CLUBS SEVEN CLUBS QUEEN,0.2236,0.0496,0.7268
CLUBS SEVEN CLUBS KING,0.2304,0.043,0.7266
SPADES NINE DIAMONDS JACK,0.311,0.0188,0.6702
CLUBS TEN CLUBS SEVEN,0.2352,0.0784,0.6864
DIAMONDS ACE HEARTS ACE,0.144,0.0032,0.8528
HEARTS FOUR HEARTS ACE,0.3186,0.0082,0.6732
SPADES EIGHT DIAMONDS JACK,0.3272,0.0158,0.657
SPADES ACE HEARTS SIX,0.368,0.0034,0.6286
CLUBS JACK CLUBS SEVEN,0.2278,0.0582,0.714
DIAMONDS ACE HEARTS KING,0.3228,0.0054,0.6718
HEARTS FOUR HEARTS KING,0.3368,0.0082,0.655
SPADES SEVEN DIAMONDS JACK,0.2356,0.069,0.6954
SPADES KING HEARTS SIX,0.36,0.0074,0.6326
DIAMONDS ACE HEARTS QUEEN,0.3352,0.0062,0.6586
HEARTS FOUR HEARTS QUEEN,0.3542,0.0114,0.6344
SPADES QUEEN HEARTS SIX,0.36,0.0136,0.6264
SPADES SIX DIAMONDS JACK,0.3636,0.02,0.6164
DIAMONDS TEN SPADES TWO,0.3886,0.0296,0.5818
DIAMONDS TEN SPADES THREE,0.2432,0.0732,0.6836
DIAMONDS TEN SPADES FOUR,0.3536,0.032,0.6144
DIAMONDS TEN SPADES FIVE,0.3574,0.0328,0.6098
SPADES SIX DIAMONDS TEN,0.3522,0.0288,0.619
SPADES SEVEN DIAMONDS TEN,0.2344,0.0822,0.6834
SPADES EIGHT DIAMONDS TEN,0.3138,0.0272,0.659
SPADES NINE DIAMONDS TEN,0.3086,0.0218,0.6696
CLUBS FOUR DIAMONDS TEN,0.3506,0.0272,0.6222
CLUBS FIVE DIAMONDS TEN,0.3524,0.0276,0.62
CLUBS SIX DIAMONDS TEN,0.35,0.028,0.622
CLUBS SEVEN DIAMONDS TEN,0.237,0.085,0.678
CLUBS EIGHT DIAMONDS TEN,0.3068,0.0306,0.6626
CLUBS NINE DIAMONDS TEN,0.306,0.0294,0.6646
CLUBS JACK DIAMONDS THREE,0.2462,0.0578,0.696
CLUBS TEN DIAMONDS THREE,0.2436,0.07,0.6864
DIAMONDS THREE CLUBS KING,0.2476,0.028,0.7244
DIAMONDS THREE CLUBS QUEEN,0.2418,0.0426,0.7156
DIAMONDS THREE CLUBS ACE,0.2466,0.015,0.7384
SPADES FOUR HEARTS JACK,0.349,0.0212,0.6298
SPADES FOUR HEARTS TEN,0.3684,0.0302,0.6014
SPADES FIVE SPADES TWO,0.4958,0.099,0.4052
SPADES FOUR SPADES TWO,0.4932,0.099,0.4078
SPADES THREE SPADES TWO,0.5142,0.1982,0.2876
SPADES NINE SPADES TWO,0.3672,0.04,0.5928
SPADES EIGHT SPADES TWO,0.378,0.064,0.558
SPADES SEVEN SPADES TWO,0.2614,0.4728,0.2658
SPADES SIX SPADES TWO,0.5138,0.0976,0.3886
CLUBS TWO DIAMONDS QUEEN,0.4092,0.0154,0.5754
HEARTS TWO CLUBS TWO,0.352,0.126,0.522
HEARTS SEVEN DIAMONDS QUEEN,0.2372,0.0468,0.716
HEARTS SEVEN HEARTS TWO,0.251,0.4786,0.2704
HEARTS SIX DIAMONDS QUEEN,0.3498,0.0098,0.6404
HEARTS SIX HEARTS TWO,0.5118,0.1006,0.3876
DIAMONDS QUEEN HEARTS NINE,0.3102,0.013,0.6768
HEARTS TWO HEARTS NINE,0.3796,0.0428,0.5776
DIAMONDS QUEEN HEARTS EIGHT,0.3326,0.0132,0.6542
HEARTS TWO HEARTS EIGHT,0.3672,0.0638,0.569
CLUBS NINE HEARTS TWO,0.3928,0.0476,0.5596
CLUBS NINE DIAMONDS QUEEN,0.3168,0.015,0.6682
CLUBS EIGHT DIAMONDS QUEEN,0.3312,0.0126,0.6562
CLUBS EIGHT HEARTS TWO,0.3922,0.072,0.5358
CLUBS FIVE DIAMONDS QUEEN,0.3508,0.0132,0.636
CLUBS FIVE HEARTS TWO,0.5436,0.1024,0.354
SPADES EIGHT HEARTS ACE,0.3248,0.0024,0.6728
CLUBS FOUR DIAMONDS QUEEN,0.36,0.0166,0.6234
CLUBS FOUR HEARTS TWO,0.532,0.107,0.361
CLUBS SEVEN DIAMONDS QUEEN,0.2308,0.051,0.7182
CLUBS SEVEN HEARTS TWO,0.2658,0.5158,0.2184
SPADES EIGHT HEARTS QUEEN,0.3334,0.0112,0.6554
CLUBS SIX DIAMONDS QUEEN,0.3504,0.012,0.6376
CLUBS SIX HEARTS TWO,0.5532,0.0976,0.3492
SPADES EIGHT HEARTS KING,0.3456,0.0064,0.648
HEARTS TWO SPADES SIX,0.5504,0.1056,0.344
SPADES SIX DIAMONDS QUEEN,0.3608,0.013,0.6262
HEARTS FOUR CLUBS QUEEN,0.3486,0.0134,0.638
DIAMONDS ACE CLUBS QUEEN,0.3266,0.0052,0.6682
SPADES SEVEN DIAMONDS QUEEN,0.2348,0.0548,0.7104
SPADES SEVEN HEARTS TWO,0.2736,0.5094,0.217
HEARTS FOUR CLUBS KING,0.365,0.0092,0.6258
DIAMONDS ACE CLUBS KING,0.3306,0.0056,0.6638
SPADES EIGHT DIAMONDS QUEEN,0.3258,0.0112,0.663
SPADES EIGHT HEARTS TWO,0.3996,0.0654,0.535
HEARTS FOUR CLUBS ACE,0.3472,0.0046,0.6482
DIAMONDS ACE CLUBS ACE,0.128,0.0038,0.8682
SPADES NINE DIAMONDS QUEEN,0.3292,0.0088,0.662
SPADES NINE HEARTS TWO,0.398,0.0436,0.5584
HEARTS TWO SPADES TWO,0.3498,0.1276,0.5226
DIAMONDS QUEEN SPADES TWO,0.4038,0.013,0.5832
HEARTS TWO SPADES THREE,0.556,0.2034,0.2406
DIAMONDS QUEEN SPADES THREE,0.2424,0.0358,0.7218
HEARTS TWO SPADES FOUR,0.5278,0.1104,0.3618
SPADES FOUR DIAMONDS QUEEN,0.357,0.011,0.632
CLUBS TEN HEARTS FOUR,0.3662,0.029,0.6048
CLUBS TEN DIAMONDS ACE,0.316,0.0068,0.6772
HEARTS TWO SPADES FIVE,0.5344,0.1112,0.3544
SPADES FIVE DIAMONDS QUEEN,0.3512,0.0134,0.6354
CLUBS JACK HEARTS FOUR,0.3594,0.0192,0.6214
CLUBS JACK DIAMONDS ACE,0.3136,0.0054,0.681
CLUBS FIVE CLUBS KING,0.3398,0.0088,0.6514
CLUBS FIVE CLUBS QUEEN,0.3472,0.014,0.6388
CLUBS FIVE CLUBS ACE,0.3302,0.005,0.6648
CLUBS JACK CLUBS FIVE,0.3414,0.0164,0.6422
CLUBS TEN CLUBS FIVE,0.3444,0.0294,0.6262
SPADES KING CLUBS JACK,0.319,0.0072,0.6738
CLUBS JACK SPADES QUEEN,0.3168,0.0104,0.6728
SPADES ACE CLUBS JACK,0.3272,0.0026,0.6702
SPADES SIX CLUBS KING,0.3592,0.009,0.6318
SPADES SIX CLUBS QUEEN,0.3538,0.0104,0.6358
SPADES EIGHT HEARTS JACK,0.3312,0.0184,0.6504
SPADES SIX CLUBS ACE,0.3634,0.0054,0.6312
SPADES EIGHT HEARTS TEN,0.3166,0.0272,0.6562
CLUBS JACK SPADES SIX,0.3606,0.0214,0.618
CLUBS TEN SPADES SIX,0.3534,0.03,0.6166
CLUBS JACK SPADES TEN,0.316,0.0122,0.6718
CLUBS JACK SPADES JACK,0.1398,0.0426,0.8176
SPADES QUEEN CLUBS SEVEN,0.2392,0.0516,0.7092
SPADES KING CLUBS SEVEN,0.2332,0.0384,0.7284
SPADES ACE CLUBS SEVEN,0.2238,0.0298,0.7464
SPADES SIX HEARTS TEN,0.3622,0.0266,0.6112
SPADES SIX HEARTS JACK,0.3598,0.0184,0.6218
SPADES SIX HEARTS ACE,0.3668,0.0046,0.6286
SPADES SIX HEARTS KING,0.3602,0.006,0.6338
SPADES SIX HEARTS QUEEN,0.364,0.0144,0.6216
SPADES JACK CLUBS SEVEN,0.2306,0.0636,0.7058
SPADES TEN CLUBS SEVEN,0.2392,0.0838,0.677
CLUBS TEN HEARTS SIX,0.3466,0.0304,0.623
CLUBS JACK HEARTS SIX,0.3536,0.0206,0.6258
CLUBS JACK CLUBS ACE,0.319,0.0044,0.6766
HEARTS SIX CLUBS QUEEN,0.357,0.009,0.634
HEARTS SIX CLUBS KING,0.3516,0.0078,0.6406
HEARTS SIX CLUBS ACE,0.348,0.0038,0.6482
CLUBS JACK CLUBS QUEEN,0.3166,0.0094,0.674
CLUBS JACK CLUBS KING,0.3232,0.0062,0.6706
DIAMONDS THREE HEARTS ACE,0.248,0.0146,0.7374
DIAMONDS THREE HEARTS QUEEN,0.2548,0.0402,0.705
DIAMONDS THREE HEARTS KING,0.254,0.029,0.717
CLUBS FIVE HEARTS JACK,0.3558,0.0226,0.6216
SPADES TEN DIAMONDS ACE,0.3346,0.0032,0.6622
HEARTS FOUR SPADES TEN,0.362,0.0298,0.6082
CLUBS FIVE HEARTS TEN,0.3468,0.0282,0.625
HEARTS FOUR SPADES JACK,0.3642,0.019,0.6168
SPADES JACK DIAMONDS ACE,0.3308,0.0058,0.6634
SPADES ACE HEARTS FOUR,0.3606,0.0046,0.6348
SPADES ACE DIAMONDS ACE,0.1344,0.0044,0.8612
CLUBS FIVE HEARTS ACE,0.3414,0.0044,0.6542
CLUBS FIVE HEARTS KING,0.3606,0.0066,0.6328
HEARTS FOUR SPADES QUEEN,0.3496,0.0122,0.6382
SPADES QUEEN DIAMONDS ACE,0.33,0.0058,0.6642
CLUBS JACK SPADES FOUR,0.3666,0.0168,0.6166
CLUBS FIVE HEARTS QUEEN,0.3404,0.0158,0.6438
SPADES KING DIAMONDS ACE,0.3358,0.0046,0.6596
SPADES KING HEARTS FOUR,0.3652,0.0082,0.6266
CLUBS TEN SPADES FOUR,0.3564,0.0304,0.6132
DIAMONDS ACE DIAMONDS QUEEN,0.3236,0.0052,0.6712
DIAMONDS ACE HEARTS TWO,0.401,0.0062,0.5928
HEARTS FOUR DIAMONDS QUEEN,0.3548,0.0118,0.6334
HEARTS FOUR HEARTS TWO,0.4942,0.093,0.4128
DIAMONDS THREE HEARTS TEN,0.2592,0.0736,0.6672
SPADES FOUR CLUBS KING,0.3692,0.0086,0.6222
HEARTS FIVE DIAMONDS QUEEN,0.358,0.012,0.63
HEARTS FIVE HEARTS TWO,0.5004,0.1022,0.3974
DIAMONDS THREE HEARTS JACK,0.2556,0.0528,0.6916
SPADES FOUR CLUBS QUEEN,0.3654,0.0156,0.619
HEARTS TWO DIAMONDS QUEEN,0.3892,0.017,0.5938
DIAMONDS KING DIAMONDS QUEEN,0.3148,0.0054,0.6798
DIAMONDS KING HEARTS TWO,0.3978,0.0118,0.5904
HEARTS THREE DIAMONDS QUEEN,0.2442,0.04,0.7158
HEARTS THREE HEARTS TWO,0.5218,0.1966,0.2816
SPADES FOUR CLUBS ACE,0.343,0.0048,0.6522
HEARTS TWO CLUBS ACE,0.39,0.005,0.605
DIAMONDS QUEEN CLUBS ACE,0.3284,0.005,0.6666
HEARTS TWO CLUBS QUEEN,0.401,0.015,0.584
DIAMONDS QUEEN CLUBS QUEEN,0.1356,0.033,0.8314
HEARTS TWO CLUBS KING,0.3912,0.0084,0.6004
DIAMONDS QUEEN CLUBS KING,0.3226,0.0092,0.6682
SPADES EIGHT SPADES FIVE,0.3096,0.0612,0.6292
CLUBS TEN HEARTS TWO,0.3954,0.029,0.5756
CLUBS TEN DIAMONDS QUEEN,0.32,0.0122,0.6678
SPADES NINE SPADES FIVE,0.3238,0.042,0.6342
CLUBS JACK HEARTS TWO,0.3954,0.022,0.5826
CLUBS JACK DIAMONDS QUEEN,0.3126,0.0114,0.676
SPADES SIX SPADES FIVE,0.4572,0.094,0.4488
SPADES SEVEN SPADES FIVE,0.2068,0.406,0.3872
DIAMONDS FIVE CLUBS QUEEN,0.364,0.0158,0.6202
SPADES EIGHT CLUBS ACE,0.3254,0.0044,0.6702
DIAMONDS FIVE CLUBS KING,0.3588,0.01,0.6312
SPADES EIGHT CLUBS KING,0.3272,0.007,0.6658
DIAMONDS FIVE CLUBS ACE,0.335,0.0058,0.6592
SPADES EIGHT CLUBS QUEEN,0.3236,0.0116,0.6648
CLUBS JACK SPADES EIGHT,0.328,0.0168,0.6552
CLUBS TEN SPADES EIGHT,0.315,0.0278,0.6572
CLUBS TEN DIAMONDS FIVE,0.3536,0.03,0.6164
CLUBS JACK DIAMONDS FIVE,0.3588,0.0192,0.622
DIAMONDS TEN HEARTS JACK,0.3166,0.0126,0.6708
DIAMONDS TEN HEARTS TEN,0.1348,0.0506,0.8146
SPADES ACE CLUBS NINE,0.3262,0.0038,0.67
SPADES QUEEN CLUBS NINE,0.3338,0.0112,0.655
SPADES KING CLUBS NINE,0.3428,0.0078,0.6494
HEARTS SIX HEARTS KING,0.3276,0.01,0.6624
DIAMONDS KING SPADES SEVEN,0.2332,0.0418,0.725
HEARTS THREE SPADES SEVEN,0.0202,0.9582,0.0216
HEARTS SIX HEARTS QUEEN,0.329,0.0124,0.6586
HEARTS THREE SPADES SIX,0.5724,0.1836,0.244
DIAMONDS KING SPADES SIX,0.355,0.0094,0.6356
SPADES NINE DIAMONDS KING,0.3344,0.0084,0.6572
SPADES NINE HEARTS THREE,0.2608,0.1018,0.6374
HEARTS SIX HEARTS ACE,0.3386,0.0028,0.6586
DIAMONDS KING SPADES EIGHT,0.3298,0.0066,0.6636
SPADES EIGHT HEARTS THREE,0.2528,0.1386,0.6086
CLUBS NINE HEARTS THREE,0.242,0.1062,0.6518
CLUBS NINE DIAMONDS KING,0.3278,0.0108,0.6614
CLUBS EIGHT DIAMONDS KING,0.318,0.0092,0.6728
