opposingHand,winningChance,drawChance,lostChance
CLUBS TWO HEARTS QUEEN
HEARTS FIVE SPADES TEN,0.5948,0.012,0.3932
SPADES JACK HEARTS FIVE,0.5878,0.0114,0.4008
CLUBS JACK SPADES FIVE,0.5992,0.0102,0.3906
CLUBS TEN SPADES FIVE,0.587,0.0156,0.3974
CLUBS JACK CLUBS EIGHT,0.5346,0.0098,0.4556
CLUBS TEN CLUBS EIGHT,0.5244,0.0104,0.4652
CLUBS EIGHT CLUBS KING,0.3456,0.0092,0.6452
SPADES FIVE CLUBS ACE,0.342,0.004,0.654
CLUBS EIGHT CLUBS QUEEN,0.211,0.2116,0.5774
SPADES FIVE CLUBS KING,0.3432,0.0074,0.6494
SPADES FIVE CLUBS QUEEN,0.2148,0.4686,0.3166
CLUBS EIGHT CLUBS ACE,0.3374,0.0044,0.6582
DIAMONDS TWO DIAMONDS THREE,0.6574,0.0376,0.305
DIAMONDS TWO DIAMONDS FIVE,0.6556,0.0362,0.3082
SPADES KING HEARTS FIVE,0.3588,0.0102,0.631
DIAMONDS TWO DIAMONDS FOUR,0.6562,0.036,0.3078
SPADES QUEEN HEARTS FIVE,0.2154,0.4742,0.3104
DIAMONDS TWO DIAMONDS SEVEN,0.6744,0.0342,0.2914
DIAMONDS TWO DIAMONDS SIX,0.6634,0.0348,0.3018
SPADES ACE HEARTS FIVE,0.3374,0.005,0.6576
DIAMONDS TWO DIAMONDS NINE,0.6678,0.0484,0.2838
DIAMONDS TWO DIAMONDS EIGHT,0.6788,0.0374,0.2838
DIAMONDS THREE DIAMONDS FOUR,0.53,0.0158,0.4542
DIAMONDS THREE DIAMONDS FIVE,0.5272,0.0146,0.4582
DIAMONDS THREE DIAMONDS EIGHT,0.549,0.0138,0.4372
DIAMONDS THREE DIAMONDS NINE,0.5564,0.0156,0.428
DIAMONDS THREE DIAMONDS SIX,0.5388,0.0142,0.447
DIAMONDS THREE DIAMONDS SEVEN,0.5514,0.0124,0.4362
CLUBS TEN CLUBS JACK,0.5034,0.0094,0.4872
DIAMONDS FOUR DIAMONDS SIX,0.519,0.0136,0.4674
CLUBS TEN CLUBS QUEEN,0.2124,0.1166,0.671
DIAMONDS FOUR DIAMONDS SEVEN,0.5418,0.0116,0.4466
CLUBS TEN CLUBS KING,0.3152,0.0094,0.6754
CLUBS TEN CLUBS ACE,0.3242,0.0048,0.671
DIAMONDS FIVE DIAMONDS FOUR,0.5188,0.014,0.4672
DIAMONDS NINE DIAMONDS FOUR,0.5686,0.0138,0.4176
DIAMONDS EIGHT DIAMONDS FOUR,0.552,0.0112,0.4368
DIAMONDS NINE DIAMONDS FIVE,0.536,0.0122,0.4518
CLUBS JACK DIAMONDS TWO,0.7374,0.0372,0.2254
DIAMONDS EIGHT DIAMONDS FIVE,0.5372,0.0102,0.4526
CLUBS TEN DIAMONDS TWO,0.7126,0.042,0.2454
DIAMONDS FIVE DIAMONDS SEVEN,0.5174,0.0104,0.4722
DIAMONDS FIVE DIAMONDS SIX,0.5158,0.0122,0.472
DIAMONDS TWO CLUBS ACE,0.2324,0.0174,0.7502
DIAMONDS TWO CLUBS KING,0.2312,0.0262,0.7426
DIAMONDS TWO CLUBS QUEEN,0.0088,0.9696,0.0216
DIAMONDS EIGHT DIAMONDS SIX,0.5158,0.0156,0.4686
DIAMONDS NINE DIAMONDS SIX,0.5306,0.0138,0.4556
HEARTS ACE SPADES THREE,0.3498,0.0072,0.643
SPADES THREE HEARTS KING,0.3364,0.0086,0.655
DIAMONDS SEVEN DIAMONDS SIX,0.5236,0.0098,0.4666
HEARTS JACK SPADES THREE,0.6018,0.0142,0.384
SPADES THREE HEARTS TEN,0.5966,0.015,0.3884
DIAMONDS EIGHT DIAMONDS SEVEN,0.5048,0.013,0.4822
DIAMONDS NINE DIAMONDS SEVEN,0.5122,0.014,0.4738
DIAMONDS NINE DIAMONDS EIGHT,0.5088,0.0112,0.48
DIAMONDS KING HEARTS TEN,0.3324,0.0066,0.661
HEARTS THREE HEARTS TEN,0.5638,0.0162,0.42
SPADES JACK CLUBS SIX,0.5848,0.0122,0.403
DIAMONDS KING HEARTS JACK,0.3406,0.0072,0.6522
HEARTS THREE HEARTS JACK,0.5756,0.0128,0.4116
SPADES TEN CLUBS SIX,0.5666,0.01,0.4234
SPADES JACK SPADES FIVE,0.5468,0.0144,0.4388
SPADES TEN SPADES FIVE,0.558,0.013,0.429
DIAMONDS KING HEARTS ACE,0.3124,0.0042,0.6834
HEARTS THREE HEARTS ACE,0.3308,0.006,0.6632
SPADES ACE CLUBS SIX,0.3618,0.0042,0.634
SPADES KING CLUBS SIX,0.375,0.0062,0.6188
DIAMONDS KING HEARTS KING,0.1172,0.0034,0.8794
HEARTS THREE HEARTS KING,0.3478,0.0082,0.644
SPADES QUEEN CLUBS SIX,0.2192,0.3772,0.4036
SPADES NINE HEARTS TEN,0.5408,0.0104,0.4488
SPADES NINE HEARTS JACK,0.548,0.0122,0.4398
SPADES QUEEN SPADES FIVE,0.199,0.434,0.367
SPADES KING SPADES FIVE,0.339,0.0088,0.6522
SPADES ACE SPADES FIVE,0.321,0.0054,0.6736
SPADES NINE HEARTS KING,0.3514,0.0094,0.6392
SPADES NINE HEARTS ACE,0.352,0.0052,0.6428
CLUBS TEN SPADES JACK,0.527,0.0078,0.4652
CLUBS TEN SPADES TEN,0.2886,0.012,0.6994
SPADES ACE CLUBS TEN,0.3252,0.005,0.6698
CLUBS TEN SPADES KING,0.3326,0.0082,0.6592
CLUBS TEN SPADES QUEEN,0.2328,0.127,0.6402
SPADES FIVE HEARTS KING,0.3436,0.0096,0.6468
HEARTS ACE SPADES FIVE,0.3374,0.005,0.6576
CLUBS EIGHT SPADES TEN,0.5488,0.0132,0.438
HEARTS THREE SPADES JACK,0.5942,0.013,0.3928
SPADES JACK DIAMONDS KING,0.3346,0.0064,0.659
SPADES TEN DIAMONDS KING,0.3216,0.0094,0.669
HEARTS THREE SPADES TEN,0.5994,0.0132,0.3874
CLUBS EIGHT SPADES JACK,0.548,0.011,0.441
CLUBS SIX HEARTS ACE,0.3504,0.0048,0.6448
SPADES ACE CLUBS EIGHT,0.3478,0.0052,0.647
CLUBS JACK HEARTS FIVE,0.5888,0.0146,0.3966
CLUBS TEN HEARTS FIVE,0.59,0.0114,0.3986
SPADES QUEEN CLUBS EIGHT,0.2288,0.225,0.5462
CLUBS TEN SPADES THREE,0.5938,0.0132,0.393
CLUBS SIX HEARTS KING,0.3496,0.0084,0.642
SPADES KING CLUBS EIGHT,0.361,0.0068,0.6322
CLUBS JACK SPADES THREE,0.5986,0.0108,0.3906
DIAMONDS TWO HEARTS JACK,0.7198,0.0416,0.2386
SPADES THREE CLUBS QUEEN,0.2076,0.5264,0.266
DIAMONDS TWO HEARTS TEN,0.7238,0.0448,0.2314
SPADES THREE CLUBS KING,0.346,0.0112,0.6428
HEARTS FIVE CLUBS ACE,0.3496,0.006,0.6444
SPADES FIVE HEARTS TEN,0.5976,0.0084,0.394
SPADES THREE CLUBS ACE,0.3436,0.0048,0.6516
HEARTS FIVE CLUBS KING,0.3532,0.008,0.6388
SPADES FIVE HEARTS JACK,0.6082,0.012,0.3798
HEARTS FIVE CLUBS QUEEN,0.2124,0.4678,0.3198
HEARTS THREE CLUBS KING,0.3524,0.0104,0.6372
DIAMONDS KING CLUBS KING,0.1248,0.0066,0.8686
HEARTS THREE CLUBS QUEEN,0.213,0.5316,0.2554
DIAMONDS KING CLUBS QUEEN,0.2112,0.0294,0.7594
HEARTS FIVE HEARTS JACK,0.5636,0.0116,0.4248
HEARTS FIVE HEARTS TEN,0.5612,0.0126,0.4262
HEARTS THREE CLUBS ACE,0.3348,0.0054,0.6598
DIAMONDS KING CLUBS ACE,0.3016,0.0046,0.6938
SPADES ACE CLUBS QUEEN,0.2096,0.0186,0.7718
SPADES KING CLUBS QUEEN,0.2134,0.0286,0.758
CLUBS JACK HEARTS THREE,0.5978,0.014,0.3882
CLUBS JACK DIAMONDS KING,0.3274,0.0084,0.6642
SPADES QUEEN CLUBS QUEEN,0.0686,0.0224,0.909
CLUBS TEN HEARTS THREE,0.597,0.0134,0.3896
CLUBS TEN DIAMONDS KING,0.3298,0.0072,0.663
SPADES JACK CLUBS QUEEN,0.2094,0.1002,0.6904
CLUBS SIX CLUBS QUEEN,0.2064,0.3804,0.4132
SPADES TEN CLUBS QUEEN,0.22,0.1268,0.6532
CLUBS SIX CLUBS KING,0.3338,0.007,0.6592
CLUBS SIX CLUBS ACE,0.3392,0.0044,0.6564
HEARTS FIVE HEARTS KING,0.318,0.0086,0.6734
CLUBS TEN CLUBS SIX,0.5424,0.0144,0.4432
HEARTS FIVE HEARTS ACE,0.3394,0.004,0.6566
CLUBS JACK CLUBS SIX,0.563,0.011,0.426
SPADES SEVEN HEARTS JACK,0.5778,0.0106,0.4116
SPADES SEVEN HEARTS TEN,0.5678,0.012,0.4202
DIAMONDS TWO CLUBS THREE,0.6982,0.0412,0.2606
HEARTS SIX DIAMONDS TWO,0.7138,0.0348,0.2514
DIAMONDS TWO HEARTS SEVEN,0.7256,0.0426,0.2318
DIAMONDS TWO HEARTS KING,0.2262,0.0302,0.7436
DIAMONDS TWO HEARTS EIGHT,0.7268,0.0388,0.2344
DIAMONDS TWO HEARTS ACE,0.2332,0.0184,0.7484
DIAMONDS TWO HEARTS NINE,0.7178,0.039,0.2432
DIAMONDS TWO DIAMONDS QUEEN,0.0246,0.91,0.0654
DIAMONDS TWO HEARTS TWO,0.3088,0.0312,0.66
DIAMONDS TWO DIAMONDS KING,0.2324,0.0298,0.7378
HEARTS THREE DIAMONDS TWO,0.7028,0.041,0.2562
DIAMONDS TWO DIAMONDS ACE,0.2232,0.0148,0.762
HEARTS FOUR DIAMONDS TWO,0.6948,0.046,0.2592
DIAMONDS TWO HEARTS FIVE,0.6932,0.0396,0.2672
SPADES SEVEN HEARTS ACE,0.3438,0.0066,0.6496
DIAMONDS TWO DIAMONDS TEN,0.6658,0.0372,0.297
SPADES SEVEN HEARTS KING,0.349,0.0086,0.6424
DIAMONDS TWO DIAMONDS JACK,0.6654,0.0432,0.2914
DIAMONDS TWO SPADES NINE,0.7222,0.0426,0.2352
DIAMONDS TWO SPADES EIGHT,0.7114,0.039,0.2496
DIAMONDS TWO SPADES SEVEN,0.7178,0.04,0.2422
DIAMONDS TWO SPADES SIX,0.711,0.0394,0.2496
DIAMONDS TWO SPADES FIVE,0.6942,0.04,0.2658
DIAMONDS TWO SPADES FOUR,0.6934,0.034,0.2726
DIAMONDS TWO SPADES THREE,0.7026,0.04,0.2574
DIAMONDS TWO SPADES TWO,0.3094,0.0238,0.6668
DIAMONDS TWO CLUBS NINE,0.7162,0.0428,0.241
CLUBS EIGHT DIAMONDS TWO,0.7196,0.0382,0.2422
DIAMONDS TWO CLUBS SEVEN,0.7204,0.0394,0.2402
DIAMONDS TWO CLUBS SIX,0.7066,0.0364,0.257
DIAMONDS TWO CLUBS FIVE,0.6924,0.0394,0.2682
DIAMONDS TWO CLUBS FOUR,0.7042,0.037,0.2588
CLUBS FOUR SPADES FIVE,0.5606,0.0164,0.423
CLUBS FOUR SPADES FOUR,0.3226,0.0354,0.642
CLUBS FOUR SPADES THREE,0.5696,0.0162,0.4142
CLUBS FOUR SPADES TWO,0.6938,0.0356,0.2706
SPADES NINE CLUBS FOUR,0.5944,0.0138,0.3918
SPADES EIGHT CLUBS FOUR,0.5878,0.0132,0.399
CLUBS FOUR SPADES SEVEN,0.5528,0.0134,0.4338
CLUBS FOUR SPADES SIX,0.564,0.0148,0.4212
SPADES ACE DIAMONDS SIX,0.3656,0.0036,0.6308
SPADES QUEEN DIAMONDS SIX,0.2326,0.3708,0.3966
SPADES KING DIAMONDS SIX,0.3516,0.0074,0.641
SPADES TEN DIAMONDS SIX,0.585,0.0114,0.4036
SPADES JACK DIAMONDS SIX,0.5916,0.0108,0.3976
SPADES QUEEN SPADES TWO,0.0188,0.9078,0.0734
SPADES KING SPADES TWO,0.2186,0.0252,0.7562
SPADES ACE SPADES TWO,0.2256,0.0186,0.7558
CLUBS JACK DIAMONDS JACK,0.2646,0.0092,0.7262
CLUBS TEN DIAMONDS JACK,0.528,0.0104,0.4616
DIAMONDS JACK CLUBS KING,0.328,0.0058,0.6662
DIAMONDS JACK CLUBS QUEEN,0.2256,0.093,0.6814
DIAMONDS THREE DIAMONDS JACK,0.5638,0.0116,0.4246
DIAMONDS THREE DIAMONDS TEN,0.5612,0.011,0.4278
DIAMONDS JACK CLUBS ACE,0.3296,0.007,0.6634
DIAMONDS THREE DIAMONDS KING,0.3288,0.0068,0.6644
HEARTS THREE DIAMONDS THREE,0.3296,0.0434,0.627
DIAMONDS THREE DIAMONDS QUEEN,0.2002,0.4888,0.311
DIAMONDS THREE HEARTS TWO,0.7134,0.0446,0.242
HEARTS FIVE DIAMONDS THREE,0.58,0.0152,0.4048
DIAMONDS THREE DIAMONDS ACE,0.3278,0.0046,0.6676
HEARTS FOUR DIAMONDS THREE,0.571,0.0164,0.4126
DIAMONDS THREE HEARTS SEVEN,0.5806,0.0154,0.404
SPADES TEN SPADES NINE,0.4962,0.0118,0.492
HEARTS SIX DIAMONDS THREE,0.5824,0.0146,0.403
SPADES JACK SPADES NINE,0.513,0.0102,0.4768
DIAMONDS THREE HEARTS NINE,0.5894,0.0128,0.3978
HEARTS JACK DIAMONDS FOUR,0.5952,0.0124,0.3924
HEARTS ACE HEARTS KING,0.301,0.0064,0.6926
SPADES TEN SPADES TWO,0.677,0.031,0.292
DIAMONDS THREE HEARTS EIGHT,0.609,0.0146,0.3764
HEARTS TEN DIAMONDS FOUR,0.5966,0.0152,0.3882
SPADES JACK SPADES TWO,0.6724,0.041,0.2866
HEARTS KING DIAMONDS FOUR,0.3592,0.0108,0.63
SPADES ACE SPADES NINE,0.3442,0.0052,0.6506
HEARTS ACE DIAMONDS FOUR,0.34,0.0068,0.6532
SPADES KING SPADES NINE,0.322,0.0082,0.6698
SPADES QUEEN SPADES NINE,0.215,0.1572,0.6278
DIAMONDS THREE SPADES NINE,0.5978,0.0132,0.389
DIAMONDS THREE SPADES EIGHT,0.6078,0.014,0.3782
DIAMONDS THREE SPADES SEVEN,0.5988,0.0144,0.3868
DIAMONDS THREE SPADES SIX,0.5746,0.014,0.4114
DIAMONDS THREE CLUBS SIX,0.5844,0.013,0.4026
CLUBS SIX CLUBS FIVE,0.5312,0.012,0.4568
CLUBS ACE DIAMONDS FOUR,0.3536,0.004,0.6424
DIAMONDS THREE CLUBS SEVEN,0.5852,0.0124,0.4024
CLUBS SEVEN CLUBS FIVE,0.5274,0.0128,0.4598
DIAMONDS THREE CLUBS FOUR,0.5526,0.0154,0.432
DIAMONDS FOUR CLUBS QUEEN,0.209,0.5106,0.2804
DIAMONDS THREE CLUBS FIVE,0.5598,0.0146,0.4256
DIAMONDS FOUR CLUBS KING,0.3502,0.0078,0.642
CLUBS TEN DIAMONDS FOUR,0.5852,0.0124,0.4024
DIAMONDS THREE CLUBS THREE,0.3238,0.036,0.6402
CLUBS JACK DIAMONDS FOUR,0.585,0.0126,0.4024
DIAMONDS THREE SPADES FOUR,0.5682,0.013,0.4188
DIAMONDS THREE SPADES FIVE,0.5754,0.0154,0.4092
DIAMONDS THREE SPADES TWO,0.7032,0.0356,0.2612
DIAMONDS THREE SPADES THREE,0.333,0.0366,0.6304
CLUBS EIGHT DIAMONDS THREE,0.5782,0.0142,0.4076
CLUBS NINE DIAMONDS THREE,0.5906,0.0132,0.3962
SPADES SEVEN CLUBS ACE,0.3458,0.0042,0.65
SPADES SEVEN CLUBS QUEEN,0.2138,0.3106,0.4756
SPADES SEVEN CLUBS KING,0.3586,0.0084,0.633
SPADES SEVEN CLUBS FIVE,0.552,0.0106,0.4374
CLUBS TEN SPADES SEVEN,0.5738,0.0098,0.4164
CLUBS FIVE SPADES SIX,0.5524,0.0146,0.433
CLUBS JACK SPADES SEVEN,0.5754,0.0112,0.4134
SPADES NINE CLUBS FIVE,0.5802,0.0116,0.4082
SPADES EIGHT CLUBS FIVE,0.562,0.0148,0.4232
CLUBS FIVE SPADES THREE,0.5678,0.0138,0.4184
CLUBS FIVE SPADES TWO,0.7018,0.0356,0.2626
CLUBS FIVE SPADES FIVE,0.317,0.0344,0.6486
CLUBS FIVE SPADES FOUR,0.5502,0.0174,0.4324
CLUBS NINE CLUBS FIVE,0.5536,0.0092,0.4372
CLUBS EIGHT CLUBS FIVE,0.5364,0.0138,0.4498
CLUBS ACE CLUBS QUEEN,0.2126,0.0152,0.7722
CLUBS KING CLUBS QUEEN,0.216,0.0292,0.7548
DIAMONDS TEN DIAMONDS FOUR,0.546,0.0136,0.4404
CLUBS TEN DIAMONDS NINE,0.5346,0.0092,0.4562
DIAMONDS JACK DIAMONDS FOUR,0.5578,0.0092,0.433
CLUBS JACK DIAMONDS NINE,0.5412,0.0104,0.4484
CLUBS JACK SPADES NINE,0.5604,0.009,0.4306
CLUBS TEN SPADES NINE,0.5318,0.0114,0.4568
DIAMONDS ACE DIAMONDS FOUR,0.326,0.0058,0.6682
HEARTS FOUR DIAMONDS FOUR,0.3274,0.0368,0.6358
DIAMONDS JACK HEARTS TEN,0.5498,0.008,0.4422
SPADES NINE CLUBS KING,0.3438,0.0084,0.6478
DIAMONDS TWO SPADES TEN,0.7138,0.041,0.2452
DIAMONDS NINE CLUBS ACE,0.3536,0.0048,0.6416
HEARTS FIVE DIAMONDS FOUR,0.5488,0.0106,0.4406
HEARTS JACK DIAMONDS JACK,0.2856,0.0088,0.7056
SPADES NINE CLUBS QUEEN,0.2318,0.1704,0.5978
DIAMONDS TWO SPADES JACK,0.7174,0.0438,0.2388
DIAMONDS QUEEN DIAMONDS FOUR,0.1936,0.492,0.3144
HEARTS TWO DIAMONDS FOUR,0.69,0.0394,0.2706
DIAMONDS NINE CLUBS QUEEN,0.2158,0.1658,0.6184
DIAMONDS KING DIAMONDS FOUR,0.3314,0.007,0.6616
HEARTS THREE DIAMONDS FOUR,0.5834,0.0154,0.4012
SPADES NINE CLUBS ACE,0.3556,0.0056,0.6388
DIAMONDS NINE CLUBS KING,0.3536,0.0082,0.6382
HEARTS ACE DIAMONDS JACK,0.3402,0.0086,0.6512
SPADES ACE DIAMONDS TWO,0.2402,0.0176,0.7422
SPADES QUEEN DIAMONDS TWO,0.021,0.96,0.019
DIAMONDS JACK HEARTS KING,0.3224,0.0054,0.6722
SPADES KING DIAMONDS TWO,0.2288,0.031,0.7402
SPADES JACK SPADES SEVEN,0.5348,0.011,0.4542
SPADES TEN SPADES SEVEN,0.5292,0.0118,0.459
CLUBS SEVEN CLUBS THREE,0.5476,0.015,0.4374
CLUBS SIX CLUBS THREE,0.5418,0.015,0.4432
CLUBS FIVE CLUBS THREE,0.5348,0.0184,0.4468
CLUBS FOUR CLUBS THREE,0.538,0.0128,0.4492
CLUBS NINE CLUBS THREE,0.5502,0.0138,0.436
CLUBS EIGHT CLUBS THREE,0.5676,0.0142,0.4182
SPADES FIVE CLUBS THREE,0.5578,0.017,0.4252
CLUBS THREE SPADES FOUR,0.5686,0.0156,0.4158
CLUBS THREE SPADES THREE,0.3356,0.04,0.6244
CLUBS THREE SPADES TWO,0.704,0.041,0.255
SPADES SIX CLUBS THREE,0.5594,0.0144,0.4262
SPADES SEVEN CLUBS THREE,0.5804,0.012,0.4076
SPADES EIGHT CLUBS THREE,0.5898,0.0132,0.397
SPADES NINE CLUBS THREE,0.6032,0.0136,0.3832
SPADES TWO DIAMONDS FOUR,0.6828,0.0392,0.278
SPADES THREE DIAMONDS FOUR,0.5698,0.0116,0.4186
SPADES FOUR DIAMONDS FOUR,0.326,0.0374,0.6366
SPADES FIVE DIAMONDS FOUR,0.5602,0.0134,0.4264
SPADES SIX DIAMONDS FOUR,0.5532,0.0152,0.4316
SPADES SEVEN DIAMONDS FOUR,0.5592,0.0128,0.428
SPADES EIGHT DIAMONDS FOUR,0.5828,0.0108,0.4064
SPADES NINE DIAMONDS FOUR,0.6052,0.0106,0.3842
CLUBS FIVE DIAMONDS FOUR,0.5492,0.0152,0.4356
CLUBS FOUR DIAMONDS FOUR,0.312,0.0342,0.6538
CLUBS SEVEN DIAMONDS FOUR,0.5636,0.013,0.4234
CLUBS SIX DIAMONDS FOUR,0.5658,0.0128,0.4214
CLUBS NINE DIAMONDS FOUR,0.5852,0.0144,0.4004
CLUBS EIGHT DIAMONDS FOUR,0.573,0.0132,0.4138
DIAMONDS FOUR HEARTS SEVEN,0.5682,0.0114,0.4204
HEARTS SIX DIAMONDS FOUR,0.5706,0.0136,0.4158
HEARTS NINE DIAMONDS FOUR,0.5818,0.0148,0.4034
DIAMONDS FOUR HEARTS EIGHT,0.5944,0.0154,0.3902
CLUBS THREE DIAMONDS FOUR,0.5738,0.0176,0.4086
DIAMONDS TEN DIAMONDS FIVE,0.5542,0.0126,0.4332
DIAMONDS JACK DIAMONDS FIVE,0.5428,0.0104,0.4468
DIAMONDS NINE HEARTS KING,0.3406,0.011,0.6484
HEARTS ACE DIAMONDS NINE,0.352,0.0058,0.6422
DIAMONDS NINE HEARTS TEN,0.548,0.0102,0.4418
DIAMONDS NINE HEARTS JACK,0.5544,0.011,0.4346
CLUBS KING DIAMONDS SIX,0.3472,0.008,0.6448
CLUBS QUEEN DIAMONDS SIX,0.2188,0.3822,0.399
CLUBS ACE DIAMONDS SIX,0.3502,0.0042,0.6456
SPADES KING DIAMONDS FOUR,0.3542,0.0092,0.6366
SPADES ACE SPADES SEVEN,0.342,0.0052,0.6528
SPADES QUEEN DIAMONDS FOUR,0.224,0.509,0.267
SPADES QUEEN SPADES SEVEN,0.2186,0.2802,0.5012
CLUBS JACK DIAMONDS SIX,0.5894,0.0104,0.4002
SPADES KING SPADES SEVEN,0.3414,0.0068,0.6518
SPADES ACE DIAMONDS FOUR,0.335,0.0046,0.6604
CLUBS TEN DIAMONDS SIX,0.576,0.0124,0.4116
CLUBS NINE CLUBS FOUR,0.5586,0.014,0.4274
CLUBS EIGHT CLUBS FOUR,0.541,0.013,0.446
SPADES JACK DIAMONDS FOUR,0.6038,0.0114,0.3848
SPADES TEN DIAMONDS FOUR,0.5878,0.013,0.3992
CLUBS FOUR CLUBS FIVE,0.5212,0.0172,0.4616
CLUBS SEVEN CLUBS FOUR,0.5396,0.013,0.4474
CLUBS SIX CLUBS FOUR,0.5174,0.0138,0.4688
CLUBS SEVEN SPADES EIGHT,0.5446,0.0118,0.4436
SPADES NINE CLUBS SEVEN,0.5602,0.0104,0.4294
CLUBS SEVEN SPADES SIX,0.55,0.0142,0.4358
CLUBS SEVEN SPADES SEVEN,0.3156,0.0228,0.6616
CLUBS SEVEN SPADES FIVE,0.5674,0.0148,0.4178
CLUBS SEVEN SPADES FOUR,0.5756,0.0148,0.4096
CLUBS SEVEN SPADES THREE,0.588,0.015,0.397
CLUBS SEVEN SPADES TWO,0.7146,0.034,0.2514
CLUBS NINE CLUBS SEVEN,0.5202,0.0126,0.4672
CLUBS EIGHT CLUBS SEVEN,0.5248,0.012,0.4632
HEARTS SIX DIAMONDS FIVE,0.555,0.0138,0.4312
DIAMONDS FIVE HEARTS SEVEN,0.5492,0.0144,0.4364
DIAMONDS FIVE HEARTS EIGHT,0.5722,0.016,0.4118
HEARTS NINE DIAMONDS FIVE,0.5886,0.0144,0.397
DIAMONDS QUEEN DIAMONDS FIVE,0.198,0.4314,0.3706
HEARTS TWO DIAMONDS FIVE,0.7,0.0386,0.2614
HEARTS KING HEARTS EIGHT,0.35,0.0084,0.6416
DIAMONDS KING DIAMONDS FIVE,0.3274,0.0094,0.6632
HEARTS THREE DIAMONDS FIVE,0.5676,0.0148,0.4176
DIAMONDS ACE DIAMONDS FIVE,0.3156,0.0058,0.6786
HEARTS FOUR DIAMONDS FIVE,0.5612,0.0148,0.424
HEARTS FIVE DIAMONDS FIVE,0.3308,0.0282,0.641
HEARTS ACE HEARTS EIGHT,0.333,0.0048,0.6622
CLUBS FOUR DIAMONDS FIVE,0.5472,0.014,0.4388
CLUBS FIVE DIAMONDS FIVE,0.3038,0.0312,0.665
CLUBS SIX DIAMONDS FIVE,0.5606,0.009,0.4304
CLUBS SEVEN DIAMONDS FIVE,0.5472,0.0128,0.44
CLUBS THREE DIAMONDS FIVE,0.5568,0.0154,0.4278
SPADES THREE DIAMONDS FIVE,0.5676,0.016,0.4164
SPADES TWO DIAMONDS FIVE,0.6918,0.036,0.2722
SPADES JACK DIAMONDS EIGHT,0.5702,0.011,0.4188
SPADES FIVE DIAMONDS FIVE,0.3264,0.0296,0.644
CLUBS TEN HEARTS JACK,0.5304,0.0094,0.4602
SPADES TEN DIAMONDS EIGHT,0.5606,0.009,0.4304
SPADES FOUR DIAMONDS FIVE,0.5618,0.0144,0.4238
CLUBS JACK HEARTS JACK,0.264,0.0084,0.7276
HEARTS JACK CLUBS QUEEN,0.2134,0.0992,0.6874
CLUBS NINE DIAMONDS FIVE,0.5652,0.01,0.4248
CLUBS EIGHT DIAMONDS FIVE,0.5796,0.0142,0.4062
HEARTS JACK CLUBS KING,0.3242,0.0074,0.6684
HEARTS JACK CLUBS ACE,0.3328,0.0056,0.6616
SPADES SEVEN DIAMONDS FIVE,0.5482,0.0156,0.4362
SPADES KING DIAMONDS EIGHT,0.368,0.0068,0.6252
SPADES QUEEN DIAMONDS EIGHT,0.2378,0.2234,0.5388
SPADES SIX DIAMONDS FIVE,0.5438,0.0144,0.4418
SPADES NINE DIAMONDS FIVE,0.5916,0.0104,0.398
SPADES EIGHT DIAMONDS FIVE,0.5742,0.0128,0.413
SPADES ACE DIAMONDS EIGHT,0.3406,0.005,0.6544
DIAMONDS TEN DIAMONDS SIX,0.5236,0.0124,0.464
HEARTS ACE DIAMONDS SEVEN,0.3482,0.0064,0.6454
DIAMONDS JACK DIAMONDS SIX,0.5522,0.012,0.4358
HEARTS KING DIAMONDS SEVEN,0.3534,0.0084,0.6382
DIAMONDS ACE DIAMONDS SIX,0.3276,0.004,0.6684
HEARTS FOUR DIAMONDS SIX,0.5638,0.013,0.4232
HEARTS JACK SPADES TWO,0.7226,0.0462,0.2312
HEARTS FIVE DIAMONDS SIX,0.5544,0.0104,0.4352
SPADES TWO HEARTS TEN,0.7314,0.0408,0.2278
DIAMONDS QUEEN DIAMONDS SIX,0.2222,0.3564,0.4214
HEARTS TWO DIAMONDS SIX,0.71,0.034,0.256
DIAMONDS KING DIAMONDS SIX,0.3348,0.0082,0.657
HEARTS THREE DIAMONDS SIX,0.5886,0.0124,0.399
HEARTS EIGHT DIAMONDS SIX,0.559,0.0142,0.4268
HEARTS NINE DIAMONDS SIX,0.5622,0.0122,0.4256
HEARTS SIX DIAMONDS SIX,0.3136,0.0254,0.661
HEARTS SEVEN DIAMONDS SIX,0.5546,0.0108,0.4346
HEARTS TEN DIAMONDS SEVEN,0.572,0.0124,0.4156
HEARTS JACK DIAMONDS SEVEN,0.577,0.0112,0.4118
CLUBS THREE DIAMONDS SIX,0.5624,0.0172,0.4204
CLUBS SEVEN DIAMONDS SIX,0.5482,0.0112,0.4406
CLUBS JACK DIAMONDS EIGHT,0.5634,0.0142,0.4224
CLUBS SIX DIAMONDS SIX,0.3086,0.0248,0.6666
CLUBS TEN DIAMONDS EIGHT,0.5478,0.0128,0.4394
CLUBS FIVE DIAMONDS SIX,0.5492,0.0138,0.437
CLUBS FOUR DIAMONDS SIX,0.5634,0.011,0.4256
HEARTS ACE HEARTS JACK,0.3314,0.0062,0.6624
DIAMONDS EIGHT CLUBS ACE,0.355,0.005,0.64
DIAMONDS EIGHT CLUBS KING,0.367,0.0082,0.6248
CLUBS NINE DIAMONDS SIX,0.573,0.01,0.417
HEARTS JACK HEARTS KING,0.3234,0.0082,0.6684
CLUBS EIGHT DIAMONDS SIX,0.5498,0.0102,0.44
DIAMONDS EIGHT CLUBS QUEEN,0.219,0.2184,0.5626
SPADES TEN HEARTS KING,0.332,0.008,0.66
SPADES FIVE DIAMONDS SIX,0.5466,0.0138,0.4396
HEARTS ACE SPADES TWO,0.2312,0.0156,0.7532
SPADES JACK HEARTS KING,0.333,0.0074,0.6596
SPADES FOUR DIAMONDS SIX,0.567,0.0118,0.4212
SPADES THREE DIAMONDS SIX,0.5814,0.013,0.4056
SPADES ACE SPADES KING,0.286,0.0032,0.7108
HEARTS KING SPADES TWO,0.2274,0.0294,0.7432
SPADES TWO DIAMONDS SIX,0.7172,0.034,0.2488
HEARTS TEN HEARTS EIGHT,0.5228,0.0126,0.4646
SPADES NINE DIAMONDS SIX,0.5698,0.0134,0.4168
HEARTS JACK HEARTS EIGHT,0.5484,0.0108,0.4408
SPADES EIGHT DIAMONDS SIX,0.562,0.0096,0.4284
SPADES SEVEN DIAMONDS SIX,0.5566,0.0122,0.4312
SPADES SIX DIAMONDS SIX,0.32,0.0254,0.6546
SPADES KING HEARTS KING,0.1192,0.0056,0.8752
SPADES QUEEN HEARTS KING,0.2222,0.0298,0.748
CLUBS ACE CLUBS KING,0.3034,0.005,0.6916
SPADES ACE HEARTS KING,0.3122,0.0058,0.682
SPADES ACE HEARTS JACK,0.3518,0.0056,0.6426
SPADES QUEEN HEARTS JACK,0.2382,0.0868,0.675
SPADES KING HEARTS JACK,0.325,0.0084,0.6666
SPADES TEN DIAMONDS TEN,0.2754,0.0142,0.7104
SPADES JACK DIAMONDS TEN,0.5278,0.0116,0.4606
SPADES ACE DIAMONDS TEN,0.3374,0.006,0.6566
SPADES JACK HEARTS JACK,0.2702,0.0122,0.7176
SPADES TEN HEARTS JACK,0.5376,0.0096,0.4528
SPADES QUEEN DIAMONDS TEN,0.2332,0.1174,0.6494
SPADES KING DIAMONDS TEN,0.3236,0.007,0.6694
SPADES NINE DIAMONDS SEVEN,0.5478,0.01,0.4422
SPADES EIGHT DIAMONDS SEVEN,0.559,0.0112,0.4298
SPADES SEVEN DIAMONDS SEVEN,0.32,0.023,0.657
SPADES SIX DIAMONDS SEVEN,0.5426,0.0146,0.4428
DIAMONDS KING DIAMONDS SEVEN,0.3312,0.0096,0.6592
HEARTS THREE DIAMONDS SEVEN,0.593,0.0176,0.3894
HEARTS KING DIAMONDS FIVE,0.3544,0.0088,0.6368
DIAMONDS QUEEN DIAMONDS SEVEN,0.2056,0.2848,0.5096
HEARTS TWO DIAMONDS SEVEN,0.7338,0.033,0.2332
HEARTS FIVE DIAMONDS SEVEN,0.5636,0.0132,0.4232
DIAMONDS ACE DIAMONDS SEVEN,0.3378,0.0038,0.6584
HEARTS FOUR DIAMONDS SEVEN,0.5724,0.0128,0.4148
HEARTS ACE DIAMONDS FIVE,0.3482,0.0052,0.6466
HEARTS SEVEN DIAMONDS SEVEN,0.3046,0.0258,0.6696
HEARTS SIX DIAMONDS SEVEN,0.5446,0.0134,0.442
HEARTS NINE DIAMONDS SEVEN,0.5552,0.0124,0.4324
DIAMONDS SEVEN HEARTS EIGHT,0.5522,0.013,0.4348
DIAMONDS JACK DIAMONDS SEVEN,0.5302,0.01,0.4598
HEARTS JACK DIAMONDS FIVE,0.5916,0.0142,0.3942
DIAMONDS TEN DIAMONDS SEVEN,0.5252,0.0086,0.4662
DIAMONDS FIVE HEARTS TEN,0.6154,0.013,0.3716
CLUBS EIGHT DIAMONDS SEVEN,0.533,0.013,0.454
HEARTS KING CLUBS KING,0.11,0.0062,0.8838
HEARTS KING CLUBS QUEEN,0.2006,0.0258,0.7736
CLUBS NINE DIAMONDS SEVEN,0.556,0.0116,0.4324
CLUBS JACK SPADES TWO,0.7296,0.0406,0.2298
CLUBS SIX CLUBS SEVEN,0.5258,0.0138,0.4604
CLUBS TEN SPADES TWO,0.717,0.0414,0.2416
HEARTS KING CLUBS ACE,0.312,0.006,0.682
SPADES TWO CLUBS KING,0.2264,0.0358,0.7378
SPADES TWO DIAMONDS SEVEN,0.7194,0.04,0.2406
CLUBS EIGHT CLUBS SIX,0.5194,0.0116,0.469
SPADES THREE DIAMONDS SEVEN,0.5734,0.0156,0.411
SPADES TWO CLUBS QUEEN,0.0098,0.9732,0.017
CLUBS NINE CLUBS SIX,0.5474,0.0126,0.44
SPADES FOUR DIAMONDS SEVEN,0.5706,0.0134,0.416
CLUBS JACK HEARTS KING,0.3304,0.0068,0.6628
SPADES FIVE DIAMONDS SEVEN,0.55,0.0136,0.4364
SPADES TWO CLUBS ACE,0.223,0.0186,0.7584
CLUBS TEN HEARTS KING,0.332,0.0108,0.6572
CLUBS SIX SPADES TWO,0.7124,0.0358,0.2518
CLUBS SIX SPADES THREE,0.5776,0.0162,0.4062
CLUBS SIX SPADES FOUR,0.5644,0.0176,0.418
CLUBS THREE DIAMONDS SEVEN,0.5832,0.0144,0.4024
CLUBS SIX SPADES FIVE,0.5456,0.0136,0.4408
CLUBS FOUR DIAMONDS SEVEN,0.5628,0.0116,0.4256
CLUBS SIX SPADES SIX,0.3234,0.0288,0.6478
CLUBS FIVE DIAMONDS SEVEN,0.5586,0.0138,0.4276
CLUBS SIX SPADES SEVEN,0.538,0.0106,0.4514
CLUBS SIX DIAMONDS SEVEN,0.5474,0.0082,0.4444
CLUBS SIX SPADES EIGHT,0.549,0.0128,0.4382
CLUBS SEVEN DIAMONDS SEVEN,0.3058,0.0236,0.6706
CLUBS SIX SPADES NINE,0.5638,0.0118,0.4244
CLUBS THREE DIAMONDS EIGHT,0.5984,0.015,0.3866
DIAMONDS EIGHT HEARTS SEVEN,0.5568,0.0128,0.4304
HEARTS SIX DIAMONDS EIGHT,0.5596,0.0116,0.4288
DIAMONDS EIGHT HEARTS NINE,0.5358,0.0136,0.4506
DIAMONDS EIGHT HEARTS EIGHT,0.3126,0.0226,0.6648
CLUBS NINE DIAMONDS EIGHT,0.5394,0.0118,0.4488
CLUBS EIGHT DIAMONDS EIGHT,0.2974,0.0222,0.6804
CLUBS FIVE DIAMONDS EIGHT,0.5676,0.0154,0.417
SPADES ACE SPADES THREE,0.3242,0.0062,0.6696
CLUBS FOUR DIAMONDS EIGHT,0.5816,0.0158,0.4026
CLUBS SEVEN DIAMONDS EIGHT,0.5398,0.0106,0.4496
SPADES QUEEN SPADES THREE,0.1968,0.4988,0.3044
CLUBS SIX DIAMONDS EIGHT,0.5584,0.0112,0.4304
SPADES KING SPADES THREE,0.3462,0.0084,0.6454
DIAMONDS QUEEN DIAMONDS EIGHT,0.2182,0.207,0.5748
HEARTS TWO DIAMONDS EIGHT,0.73,0.0416,0.2284
DIAMONDS KING DIAMONDS EIGHT,0.345,0.0084,0.6466
HEARTS THREE DIAMONDS EIGHT,0.6026,0.014,0.3834
DIAMONDS ACE DIAMONDS EIGHT,0.3168,0.0052,0.678
HEARTS FOUR DIAMONDS EIGHT,0.5778,0.014,0.4082
HEARTS FIVE DIAMONDS EIGHT,0.5716,0.0146,0.4138
DIAMONDS EIGHT DIAMONDS TEN,0.519,0.0114,0.4696
DIAMONDS EIGHT DIAMONDS JACK,0.5268,0.0128,0.4604
SPADES JACK SPADES THREE,0.5526,0.0112,0.4362
SPADES TEN SPADES THREE,0.5556,0.0132,0.4312
CLUBS FOUR HEARTS ACE,0.3324,0.007,0.6606
CLUBS FOUR HEARTS KING,0.3428,0.0074,0.6498
CLUBS SIX HEARTS TEN,0.5798,0.011,0.4092
CLUBS SIX HEARTS JACK,0.5984,0.0112,0.3904
DIAMONDS EIGHT SPADES FOUR,0.5906,0.0132,0.3962
SPADES FIVE DIAMONDS EIGHT,0.5686,0.0118,0.4196
DIAMONDS EIGHT SPADES TWO,0.7162,0.044,0.2398
DIAMONDS EIGHT SPADES THREE,0.6014,0.011,0.3876
CLUBS FOUR HEARTS JACK,0.5852,0.0132,0.4016
SPADES EIGHT DIAMONDS EIGHT,0.3086,0.0194,0.672
SPADES TEN DIAMONDS QUEEN,0.2268,0.111,0.6622
SPADES TEN HEARTS TWO,0.7238,0.0382,0.238
SPADES JACK HEARTS EIGHT,0.5758,0.013,0.4112
CLUBS FOUR HEARTS TEN,0.5946,0.0164,0.389
SPADES NINE DIAMONDS EIGHT,0.5458,0.0122,0.442
SPADES TEN HEARTS EIGHT,0.5452,0.0152,0.4396
SPADES JACK HEARTS TWO,0.7192,0.042,0.2388
SPADES JACK DIAMONDS QUEEN,0.2318,0.085,0.6832
SPADES SIX DIAMONDS EIGHT,0.5512,0.0114,0.4374
SPADES SEVEN DIAMONDS EIGHT,0.5436,0.0094,0.447
SPADES ACE HEARTS TWO,0.2418,0.0158,0.7424
SPADES ACE DIAMONDS QUEEN,0.2206,0.016,0.7634
SPADES ACE HEARTS EIGHT,0.3598,0.0042,0.636
SPADES KING HEARTS EIGHT,0.3672,0.0076,0.6252
SPADES QUEEN HEARTS TWO,0.0176,0.9722,0.0102
SPADES QUEEN DIAMONDS QUEEN,0.076,0.0276,0.8964
SPADES KING DIAMONDS QUEEN,0.2322,0.0238,0.744
SPADES KING HEARTS TWO,0.2336,0.0322,0.7342
SPADES QUEEN HEARTS EIGHT,0.2258,0.228,0.5462
SPADES SEVEN DIAMONDS NINE,0.5404,0.0126,0.447
SPADES SIX DIAMONDS NINE,0.5724,0.0076,0.42
SPADES NINE DIAMONDS NINE,0.293,0.017,0.69
SPADES EIGHT DIAMONDS NINE,0.549,0.0112,0.4398
SPADES TEN CLUBS KING,0.3342,0.0076,0.6582
DIAMONDS NINE SPADES THREE,0.5836,0.0136,0.4028
SPADES JACK CLUBS KING,0.336,0.0086,0.6554
DIAMONDS NINE SPADES TWO,0.7246,0.0374,0.238
DIAMONDS NINE SPADES FIVE,0.5784,0.0122,0.4094
DIAMONDS NINE SPADES FOUR,0.602,0.014,0.384
CLUBS NINE DIAMONDS NINE,0.2918,0.02,0.6882
CLUBS EIGHT DIAMONDS NINE,0.5492,0.012,0.4388
CLUBS SIX DIAMONDS NINE,0.567,0.0128,0.4202
SPADES JACK CLUBS FOUR,0.6024,0.0114,0.3862
CLUBS SEVEN DIAMONDS NINE,0.5512,0.0112,0.4376
SPADES TEN CLUBS FOUR,0.5888,0.0138,0.3974
CLUBS FOUR DIAMONDS NINE,0.5954,0.0138,0.3908
CLUBS FIVE DIAMONDS NINE,0.57,0.0154,0.4146
DIAMONDS NINE CLUBS THREE,0.5986,0.0152,0.3862
DIAMONDS NINE HEARTS EIGHT,0.5404,0.0132,0.4464
DIAMONDS NINE HEARTS NINE,0.2872,0.0172,0.6956
HEARTS SIX DIAMONDS NINE,0.5642,0.0098,0.426
DIAMONDS NINE HEARTS SEVEN,0.5636,0.0114,0.425
CLUBS EIGHT CLUBS NINE,0.527,0.009,0.464
DIAMONDS ACE DIAMONDS NINE,0.3342,0.0052,0.6606
HEARTS FOUR DIAMONDS NINE,0.607,0.0126,0.3804
HEARTS FIVE DIAMONDS NINE,0.592,0.0142,0.3938
SPADES ACE CLUBS FOUR,0.336,0.005,0.659
DIAMONDS QUEEN DIAMONDS NINE,0.2126,0.1586,0.6288
HEARTS TWO DIAMONDS NINE,0.7204,0.0378,0.2418
SPADES KING CLUBS FOUR,0.3568,0.007,0.6362
DIAMONDS KING DIAMONDS NINE,0.3256,0.0058,0.6686
HEARTS THREE DIAMONDS NINE,0.5968,0.017,0.3862
SPADES QUEEN CLUBS FOUR,0.211,0.5264,0.2626
DIAMONDS NINE DIAMONDS JACK,0.5116,0.0096,0.4788
CLUBS EIGHT SPADES NINE,0.5312,0.0126,0.4562
DIAMONDS NINE DIAMONDS TEN,0.5134,0.0142,0.4724
CLUBS EIGHT SPADES EIGHT,0.2944,0.0206,0.685
CLUBS EIGHT SPADES SEVEN,0.535,0.0148,0.4502
CLUBS EIGHT SPADES SIX,0.553,0.0118,0.4352
CLUBS EIGHT SPADES FIVE,0.5632,0.0094,0.4274
CLUBS EIGHT SPADES FOUR,0.5772,0.015,0.4078
CLUBS EIGHT SPADES THREE,0.591,0.0142,0.3948
CLUBS EIGHT SPADES TWO,0.7166,0.0416,0.2418
HEARTS SIX DIAMONDS TEN,0.5856,0.0106,0.4038
DIAMONDS TEN HEARTS SEVEN,0.5664,0.0092,0.4244
DIAMONDS TEN HEARTS EIGHT,0.5552,0.0132,0.4316
CLUBS JACK CLUBS FOUR,0.5552,0.0132,0.4316
DIAMONDS TEN HEARTS NINE,0.5582,0.0098,0.432
CLUBS TEN CLUBS FOUR,0.5656,0.0124,0.422
CLUBS FOUR CLUBS KING,0.3364,0.0088,0.6548
CLUBS FOUR CLUBS QUEEN,0.2098,0.4942,0.296
CLUBS THREE DIAMONDS TEN,0.5968,0.0146,0.3886
CLUBS FOUR CLUBS ACE,0.3194,0.0076,0.673
DIAMONDS JACK DIAMONDS TEN,0.5114,0.0096,0.479
DIAMONDS QUEEN DIAMONDS TEN,0.2034,0.1128,0.6838
HEARTS TWO DIAMONDS TEN,0.7196,0.0408,0.2396
DIAMONDS KING DIAMONDS TEN,0.3118,0.0082,0.68
HEARTS THREE DIAMONDS TEN,0.6066,0.0128,0.3806
DIAMONDS ACE DIAMONDS TEN,0.3198,0.0072,0.673
HEARTS FOUR DIAMONDS TEN,0.5926,0.0134,0.394
CLUBS EIGHT HEARTS JACK,0.5716,0.011,0.4174
HEARTS FIVE DIAMONDS TEN,0.5806,0.011,0.4084
CLUBS EIGHT HEARTS TEN,0.5498,0.0082,0.442
CLUBS EIGHT HEARTS KING,0.3664,0.0074,0.6262
CLUBS EIGHT HEARTS ACE,0.3446,0.005,0.6504
CLUBS NINE SPADES THREE,0.5926,0.014,0.3934
CLUBS NINE SPADES TWO,0.7234,0.0354,0.2412
CLUBS NINE SPADES FIVE,0.5714,0.011,0.4176
CLUBS NINE SPADES FOUR,0.5902,0.0096,0.4002
CLUBS NINE SPADES SEVEN,0.5436,0.012,0.4444
CLUBS NINE SPADES SIX,0.5602,0.0128,0.427
CLUBS NINE SPADES NINE,0.2826,0.016,0.7014
CLUBS TEN HEARTS EIGHT,0.5556,0.0146,0.4298
CLUBS NINE SPADES EIGHT,0.542,0.0128,0.4452
CLUBS JACK HEARTS EIGHT,0.5686,0.0126,0.4188
CLUBS QUEEN HEARTS EIGHT,0.2064,0.2328,0.5608
CLUBS KING HEARTS EIGHT,0.3526,0.0102,0.6372
CLUBS ACE HEARTS EIGHT,0.3624,0.0064,0.6312
SPADES KING CLUBS KING,0.1304,0.0046,0.865
SPADES QUEEN CLUBS KING,0.2134,0.0306,0.756
SPADES ACE CLUBS KING,0.3098,0.004,0.6862
DIAMONDS ACE HEARTS TEN,0.3502,0.0036,0.6462
HEARTS FOUR HEARTS TEN,0.573,0.01,0.417
DIAMONDS ACE HEARTS JACK,0.3456,0.0038,0.6506
HEARTS FOUR HEARTS JACK,0.5804,0.0118,0.4078
SPADES KING CLUBS FIVE,0.36,0.0078,0.6322
SPADES QUEEN CLUBS FIVE,0.21,0.4718,0.3182
SPADES ACE CLUBS FIVE,0.332,0.006,0.662
DIAMONDS JACK HEARTS SEVEN,0.5652,0.011,0.4238
HEARTS SIX DIAMONDS JACK,0.5962,0.0116,0.3922
DIAMONDS JACK HEARTS NINE,0.5402,0.0092,0.4506
DIAMONDS JACK HEARTS EIGHT,0.568,0.013,0.419
DIAMONDS KING DIAMONDS JACK,0.321,0.0078,0.6712
HEARTS THREE DIAMONDS JACK,0.6088,0.013,0.3782
SPADES ACE SPADES SIX,0.3372,0.0046,0.6582
HEARTS ACE SPADES FOUR,0.3376,0.0058,0.6566
DIAMONDS QUEEN DIAMONDS JACK,0.209,0.0892,0.7018
HEARTS TWO DIAMONDS JACK,0.7222,0.0434,0.2344
HEARTS FIVE DIAMONDS JACK,0.6,0.0118,0.3882
SPADES QUEEN SPADES SIX,0.2124,0.3676,0.42
DIAMONDS ACE DIAMONDS JACK,0.3184,0.005,0.6766
HEARTS FOUR DIAMONDS JACK,0.5934,0.01,0.3966
SPADES KING SPADES SIX,0.3372,0.0064,0.6564
SPADES FOUR HEARTS KING,0.3658,0.0066,0.6276
SPADES TEN SPADES SIX,0.5442,0.0104,0.4454
SPADES JACK SPADES SIX,0.5352,0.012,0.4528
SPADES FOUR DIAMONDS JACK,0.5876,0.011,0.4014
SPADES FIVE DIAMONDS JACK,0.5884,0.0094,0.4022
DIAMONDS JACK SPADES TWO,0.7302,0.0344,0.2354
DIAMONDS JACK SPADES THREE,0.588,0.0122,0.3998
SPADES ACE DIAMONDS THREE,0.35,0.006,0.644
CLUBS EIGHT DIAMONDS JACK,0.5662,0.0106,0.4232
SPADES QUEEN DIAMONDS THREE,0.218,0.5054,0.2766
SPADES KING DIAMONDS THREE,0.3432,0.0104,0.6464
CLUBS NINE DIAMONDS JACK,0.5442,0.01,0.4458
CLUBS SIX DIAMONDS JACK,0.5904,0.0116,0.398
CLUBS SEVEN DIAMONDS JACK,0.5718,0.0126,0.4156
CLUBS FOUR DIAMONDS JACK,0.5892,0.0124,0.3984
CLUBS FIVE DIAMONDS JACK,0.592,0.0114,0.3966
CLUBS THREE DIAMONDS JACK,0.5928,0.0138,0.3934
SPADES TEN CLUBS FIVE,0.5892,0.0108,0.4
HEARTS SIX SPADES JACK,0.583,0.0098,0.4072
HEARTS SIX SPADES TEN,0.5928,0.011,0.3962
SPADES JACK CLUBS FIVE,0.588,0.0118,0.4002
SPADES JACK DIAMONDS THREE,0.595,0.009,0.396
CLUBS SEVEN CLUBS ACE,0.3396,0.005,0.6554
DIAMONDS THREE SPADES TEN,0.5952,0.0124,0.3924
CLUBS SEVEN CLUBS QUEEN,0.2034,0.2916,0.505
CLUBS SEVEN CLUBS KING,0.3402,0.0068,0.653
SPADES NINE DIAMONDS JACK,0.5546,0.0118,0.4336
CLUBS TEN CLUBS SEVEN,0.5416,0.0112,0.4472
DIAMONDS ACE HEARTS ACE,0.109,0.0046,0.8864
HEARTS FOUR HEARTS ACE,0.332,0.0038,0.6642
SPADES EIGHT DIAMONDS JACK,0.5642,0.0102,0.4256
SPADES ACE HEARTS SIX,0.366,0.0068,0.6272
CLUBS JACK CLUBS SEVEN,0.553,0.0082,0.4388
DIAMONDS ACE HEARTS KING,0.308,0.005,0.687
HEARTS FOUR HEARTS KING,0.3324,0.0102,0.6574
SPADES SEVEN DIAMONDS JACK,0.5814,0.0098,0.4088
SPADES KING HEARTS SIX,0.3532,0.009,0.6378
SPADES QUEEN HEARTS SIX,0.2228,0.3856,0.3916
SPADES SIX DIAMONDS JACK,0.5984,0.011,0.3906
DIAMONDS TEN SPADES TWO,0.7164,0.0396,0.244
SPADES THREE DIAMONDS TEN,0.6058,0.0124,0.3818
SPADES FOUR DIAMONDS TEN,0.5864,0.0108,0.4028
SPADES FIVE DIAMONDS TEN,0.592,0.013,0.395
SPADES SIX DIAMONDS TEN,0.5696,0.0098,0.4206
SPADES SEVEN DIAMONDS TEN,0.5596,0.014,0.4264
SPADES EIGHT DIAMONDS TEN,0.557,0.013,0.43
SPADES NINE DIAMONDS TEN,0.5316,0.0108,0.4576
CLUBS FOUR DIAMONDS TEN,0.5872,0.013,0.3998
CLUBS FIVE DIAMONDS TEN,0.5844,0.0154,0.4002
CLUBS SIX DIAMONDS TEN,0.5608,0.0104,0.4288
CLUBS SEVEN DIAMONDS TEN,0.5534,0.0124,0.4342
CLUBS EIGHT DIAMONDS TEN,0.542,0.0146,0.4434
CLUBS NINE DIAMONDS TEN,0.53,0.0122,0.4578
CLUBS JACK DIAMONDS THREE,0.5916,0.0108,0.3976
CLUBS TEN DIAMONDS THREE,0.5952,0.0128,0.392
DIAMONDS THREE CLUBS KING,0.3494,0.0086,0.642
DIAMONDS THREE CLUBS QUEEN,0.2174,0.5234,0.2592
DIAMONDS THREE CLUBS ACE,0.3316,0.0054,0.663
SPADES FOUR HEARTS JACK,0.6058,0.0094,0.3848
SPADES FOUR HEARTS TEN,0.6042,0.0136,0.3822
SPADES FIVE SPADES TWO,0.6486,0.036,0.3154
SPADES FOUR SPADES TWO,0.6514,0.0382,0.3104
SPADES THREE SPADES TWO,0.6554,0.0388,0.3058
SPADES NINE SPADES TWO,0.6682,0.0414,0.2904
SPADES EIGHT SPADES TWO,0.6812,0.038,0.2808
SPADES SEVEN SPADES TWO,0.665,0.0374,0.2976
SPADES SIX SPADES TWO,0.6628,0.0356,0.3016
DIAMONDS QUEEN CLUBS THREE,0.2152,0.5142,0.2706
HEARTS TWO CLUBS THREE,0.7132,0.0452,0.2416
DIAMONDS QUEEN HEARTS SEVEN,0.233,0.308,0.459
HEARTS TWO HEARTS SEVEN,0.6946,0.0358,0.2696
HEARTS SIX DIAMONDS QUEEN,0.2196,0.3904,0.39
HEARTS SIX HEARTS TWO,0.6818,0.0356,0.2826
DIAMONDS QUEEN HEARTS NINE,0.2292,0.1676,0.6032
HEARTS TWO HEARTS NINE,0.6936,0.035,0.2714
DIAMONDS QUEEN HEARTS EIGHT,0.2276,0.222,0.5504
HEARTS TWO HEARTS EIGHT,0.676,0.0456,0.2784
CLUBS NINE HEARTS TWO,0.7306,0.0424,0.227
CLUBS NINE DIAMONDS QUEEN,0.224,0.1636,0.6124
CLUBS EIGHT DIAMONDS QUEEN,0.2148,0.2226,0.5626
CLUBS EIGHT HEARTS TWO,0.7214,0.04,0.2386
DIAMONDS QUEEN CLUBS FIVE,0.2202,0.4526,0.3272
HEARTS TWO CLUBS FIVE,0.692,0.043,0.265
SPADES EIGHT HEARTS ACE,0.3538,0.0034,0.6428
DIAMONDS QUEEN CLUBS FOUR,0.2092,0.516,0.2748
CLUBS FOUR HEARTS TWO,0.7046,0.0404,0.255
CLUBS SEVEN DIAMONDS QUEEN,0.216,0.3056,0.4784
CLUBS SEVEN HEARTS TWO,0.7232,0.0378,0.239
CLUBS SIX DIAMONDS QUEEN,0.2156,0.378,0.4064
CLUBS SIX HEARTS TWO,0.723,0.0378,0.2392
SPADES EIGHT HEARTS KING,0.357,0.008,0.635
HEARTS TWO SPADES SIX,0.7128,0.0306,0.2566
DIAMONDS QUEEN SPADES SIX,0.2262,0.3796,0.3942
HEARTS FOUR CLUBS QUEEN,0.2112,0.5294,0.2594
DIAMONDS ACE CLUBS QUEEN,0.2092,0.0118,0.779
DIAMONDS QUEEN SPADES SEVEN,0.2314,0.2988,0.4698
HEARTS TWO SPADES SEVEN,0.7282,0.0364,0.2354
HEARTS FOUR CLUBS KING,0.3624,0.0104,0.6272
DIAMONDS ACE CLUBS KING,0.2994,0.0056,0.695
DIAMONDS QUEEN SPADES EIGHT,0.2242,0.2194,0.5564
SPADES EIGHT HEARTS TWO,0.7232,0.041,0.2358
HEARTS FOUR CLUBS ACE,0.3476,0.0058,0.6466
DIAMONDS ACE CLUBS ACE,0.1024,0.0062,0.8914
SPADES NINE DIAMONDS QUEEN,0.2286,0.167,0.6044
SPADES NINE HEARTS TWO,0.73,0.0376,0.2324
HEARTS TWO SPADES TWO,0.3034,0.025,0.6716
DIAMONDS QUEEN SPADES TWO,0.0198,0.9586,0.0216
HEARTS TWO SPADES THREE,0.6894,0.0412,0.2694
DIAMONDS QUEEN SPADES THREE,0.219,0.5274,0.2536
HEARTS TWO SPADES FOUR,0.698,0.0366,0.2654
DIAMONDS QUEEN SPADES FOUR,0.2224,0.5094,0.2682
CLUBS TEN HEARTS FOUR,0.5968,0.0138,0.3894
CLUBS TEN DIAMONDS ACE,0.3362,0.004,0.6598
HEARTS TWO SPADES FIVE,0.7104,0.0364,0.2532
DIAMONDS QUEEN SPADES FIVE,0.2324,0.4406,0.327
HEARTS FOUR CLUBS JACK,0.596,0.0158,0.3882
CLUBS JACK DIAMONDS ACE,0.3422,0.0052,0.6526
CLUBS FIVE CLUBS KING,0.3414,0.0056,0.653
CLUBS FIVE CLUBS QUEEN,0.2098,0.432,0.3582
CLUBS FIVE CLUBS ACE,0.3138,0.006,0.6802
CLUBS JACK CLUBS FIVE,0.5594,0.0124,0.4282
CLUBS TEN CLUBS FIVE,0.563,0.0112,0.4258
SPADES KING CLUBS JACK,0.3346,0.0074,0.658
CLUBS JACK SPADES QUEEN,0.226,0.1046,0.6694
SPADES ACE CLUBS JACK,0.346,0.0048,0.6492
SPADES SIX CLUBS KING,0.356,0.0086,0.6354
SPADES SIX CLUBS QUEEN,0.2116,0.3858,0.4026
SPADES EIGHT HEARTS JACK,0.5678,0.008,0.4242
SPADES SIX CLUBS ACE,0.3558,0.0056,0.6386
SPADES EIGHT HEARTS TEN,0.5626,0.0068,0.4306
CLUBS JACK SPADES SIX,0.5846,0.0098,0.4056
CLUBS TEN SPADES SIX,0.5694,0.0144,0.4162
CLUBS JACK SPADES TEN,0.5272,0.0108,0.462
CLUBS JACK SPADES JACK,0.2726,0.011,0.7164
SPADES QUEEN CLUBS SEVEN,0.215,0.3072,0.4778
SPADES KING CLUBS SEVEN,0.3586,0.0072,0.6342
SPADES ACE CLUBS SEVEN,0.361,0.0036,0.6354
SPADES SIX HEARTS TEN,0.5784,0.0124,0.4092
SPADES SIX HEARTS JACK,0.5956,0.0116,0.3928
SPADES SIX HEARTS ACE,0.3644,0.0054,0.6302
SPADES SIX HEARTS KING,0.356,0.0084,0.6356
SPADES JACK CLUBS SEVEN,0.5734,0.0138,0.4128
SPADES TEN CLUBS SEVEN,0.5524,0.0106,0.437
CLUBS TEN HEARTS SIX,0.5778,0.0114,0.4108
CLUBS JACK HEARTS SIX,0.5932,0.011,0.3958
CLUBS JACK CLUBS ACE,0.322,0.0042,0.6738
HEARTS SIX CLUBS QUEEN,0.211,0.3976,0.3914
HEARTS SIX CLUBS KING,0.359,0.0084,0.6326
HEARTS SIX CLUBS ACE,0.3508,0.0046,0.6446
CLUBS JACK CLUBS QUEEN,0.2182,0.0938,0.688
CLUBS JACK CLUBS KING,0.3214,0.0078,0.6708
DIAMONDS THREE HEARTS ACE,0.3502,0.0076,0.6422
DIAMONDS THREE HEARTS KING,0.353,0.0072,0.6398
CLUBS FIVE HEARTS JACK,0.6048,0.0144,0.3808
SPADES TEN DIAMONDS ACE,0.3458,0.004,0.6502
HEARTS FOUR SPADES TEN,0.5756,0.0132,0.4112
CLUBS FIVE HEARTS TEN,0.5946,0.0124,0.393
HEARTS FOUR SPADES JACK,0.5956,0.0114,0.393
SPADES JACK DIAMONDS ACE,0.3518,0.0028,0.6454
SPADES ACE HEARTS FOUR,0.358,0.0062,0.6358
SPADES ACE DIAMONDS ACE,0.1206,0.004,0.8754
CLUBS FIVE HEARTS ACE,0.3332,0.006,0.6608
CLUBS FIVE HEARTS KING,0.3422,0.0086,0.6492
HEARTS FOUR SPADES QUEEN,0.2152,0.5112,0.2736
SPADES QUEEN DIAMONDS ACE,0.2212,0.0146,0.7642
CLUBS JACK SPADES FOUR,0.5858,0.0142,0.4
SPADES KING DIAMONDS ACE,0.3118,0.0062,0.682
HEARTS FOUR SPADES KING,0.3626,0.0096,0.6278
CLUBS TEN SPADES FOUR,0.605,0.0112,0.3838
DIAMONDS QUEEN DIAMONDS ACE,0.1974,0.0206,0.782
HEARTS TWO DIAMONDS ACE,0.2386,0.017,0.7444
HEARTS FOUR DIAMONDS QUEEN,0.2162,0.51,0.2738
HEARTS FOUR HEARTS TWO,0.6778,0.035,0.2872
DIAMONDS THREE HEARTS TEN,0.5918,0.014,0.3942
SPADES FOUR CLUBS KING,0.358,0.0084,0.6336
HEARTS FIVE DIAMONDS QUEEN,0.223,0.4582,0.3188
HEARTS FIVE HEARTS TWO,0.6718,0.0412,0.287
DIAMONDS THREE HEARTS JACK,0.5992,0.0128,0.388
SPADES FOUR CLUBS QUEEN,0.212,0.5174,0.2706
DIAMONDS QUEEN HEARTS TWO,0.0154,0.9732,0.0114
DIAMONDS KING DIAMONDS QUEEN,0.2078,0.0248,0.7674
DIAMONDS KING HEARTS TWO,0.2436,0.0272,0.7292
HEARTS THREE DIAMONDS QUEEN,0.2114,0.5346,0.254
HEARTS THREE HEARTS TWO,0.6766,0.035,0.2884
SPADES FOUR CLUBS ACE,0.3366,0.004,0.6594
HEARTS TWO CLUBS ACE,0.216,0.0154,0.7686
DIAMONDS QUEEN CLUBS ACE,0.2058,0.0176,0.7766
HEARTS TWO CLUBS QUEEN,0.0084,0.984,0.0076
DIAMONDS QUEEN CLUBS QUEEN,0.072,0.0254,0.9026
HEARTS TWO CLUBS KING,0.2396,0.0296,0.7308
DIAMONDS QUEEN CLUBS KING,0.2134,0.0288,0.7578
SPADES EIGHT SPADES FIVE,0.5388,0.014,0.4472
CLUBS TEN HEARTS TWO,0.7428,0.0408,0.2164
CLUBS TEN DIAMONDS QUEEN,0.2254,0.1148,0.6598
SPADES NINE SPADES FIVE,0.5364,0.0102,0.4534
CLUBS JACK HEARTS TWO,0.7214,0.04,0.2386
CLUBS JACK DIAMONDS QUEEN,0.2204,0.0904,0.6892
SPADES SIX SPADES FIVE,0.5112,0.0126,0.4762
SPADES SEVEN SPADES FIVE,0.5268,0.0162,0.457
DIAMONDS FIVE CLUBS QUEEN,0.2128,0.4604,0.3268
SPADES EIGHT CLUBS ACE,0.345,0.0052,0.6498
DIAMONDS FIVE CLUBS KING,0.3468,0.0084,0.6448
SPADES EIGHT CLUBS KING,0.345,0.0088,0.6462
DIAMONDS FIVE CLUBS ACE,0.3382,0.0064,0.6554
SPADES EIGHT CLUBS QUEEN,0.2248,0.2264,0.5488
CLUBS JACK SPADES EIGHT,0.5612,0.0098,0.429
CLUBS TEN SPADES EIGHT,0.5538,0.011,0.4352
CLUBS TEN DIAMONDS FIVE,0.5698,0.0146,0.4156
CLUBS JACK DIAMONDS FIVE,0.5908,0.0126,0.3966
HEARTS JACK DIAMONDS TEN,0.5454,0.0106,0.444
DIAMONDS TEN HEARTS TEN,0.2846,0.0158,0.6996
SPADES ACE CLUBS NINE,0.3608,0.0034,0.6358
SPADES QUEEN CLUBS NINE,0.2154,0.172,0.6126
SPADES KING CLUBS NINE,0.3404,0.005,0.6546
HEARTS SIX HEARTS KING,0.3384,0.0104,0.6512
DIAMONDS KING SPADES SEVEN,0.357,0.0062,0.6368
HEARTS THREE SPADES SEVEN,0.5882,0.0164,0.3954
SPADES KING DIAMONDS SEVEN,0.3574,0.0094,0.6332
SPADES QUEEN DIAMONDS SEVEN,0.222,0.2966,0.4814
HEARTS THREE SPADES SIX,0.5768,0.0156,0.4076
DIAMONDS KING SPADES SIX,0.3588,0.0096,0.6316
DIAMONDS KING SPADES NINE,0.354,0.0066,0.6394
HEARTS THREE SPADES NINE,0.5976,0.0144,0.388
HEARTS SIX HEARTS ACE,0.3434,0.0064,0.6502
DIAMONDS KING SPADES EIGHT,0.3634,0.007,0.6296
