opposingHand,winningChance,drawChance,lostChance
CLUBS JACK CLUBS FIVE
HEARTS FIVE SPADES TEN,0.7228,0.0602,0.217
SPADES JACK HEARTS FIVE,0.074,0.9042,0.0218
CLUBS TEN SPADES FIVE,0.7042,0.0638,0.232
CLUBS TEN CLUBS EIGHT,0.5668,0.0208,0.4124
CLUBS EIGHT CLUBS KING,0.3476,0.0086,0.6438
SPADES FIVE CLUBS ACE,0.2684,0.0312,0.7004
CLUBS EIGHT CLUBS QUEEN,0.3366,0.0114,0.652
SPADES FIVE CLUBS KING,0.2748,0.0368,0.6884
SPADES FIVE CLUBS QUEEN,0.2716,0.0502,0.6782
CLUBS EIGHT CLUBS ACE,0.3412,0.0046,0.6542
DIAMONDS TWO DIAMONDS THREE,0.5996,0.0218,0.3786
DIAMONDS TWO DIAMONDS FIVE,0.6634,0.0616,0.275
SPADES KING HEARTS FIVE,0.2888,0.0386,0.6726
DIAMONDS TWO DIAMONDS FOUR,0.6266,0.0192,0.3542
SPADES QUEEN HEARTS FIVE,0.2854,0.044,0.6706
DIAMONDS TWO DIAMONDS SEVEN,0.6296,0.017,0.3534
DIAMONDS TWO DIAMONDS SIX,0.6192,0.0202,0.3606
SPADES ACE HEARTS FIVE,0.2652,0.0276,0.7072
DIAMONDS TWO DIAMONDS NINE,0.6084,0.0156,0.376
DIAMONDS TWO DIAMONDS EIGHT,0.6156,0.0158,0.3686
DIAMONDS THREE DIAMONDS FOUR,0.5958,0.0188,0.3854
CLUBS TWO SPADES FOUR,0.6494,0.0214,0.3292
DIAMONDS THREE DIAMONDS FIVE,0.6472,0.0598,0.293
CLUBS TWO SPADES FIVE,0.689,0.0634,0.2476
CLUBS TWO SPADES TWO,0.4464,0.0474,0.5062
CLUBS TWO SPADES THREE,0.6224,0.0226,0.355
DIAMONDS THREE DIAMONDS EIGHT,0.6162,0.0176,0.3662
SPADES EIGHT CLUBS TWO,0.642,0.0196,0.3384
DIAMONDS THREE DIAMONDS NINE,0.614,0.0196,0.3664
SPADES NINE CLUBS TWO,0.6472,0.0212,0.3316
DIAMONDS THREE DIAMONDS SIX,0.5868,0.0194,0.3938
CLUBS TWO SPADES SIX,0.6528,0.0196,0.3276
DIAMONDS THREE DIAMONDS SEVEN,0.607,0.0226,0.3704
CLUBS TWO SPADES SEVEN,0.6516,0.0236,0.3248
CLUBS SIX CLUBS TWO,0.6402,0.024,0.3358
CLUBS SEVEN CLUBS TWO,0.644,0.0192,0.3368
CLUBS FOUR CLUBS TWO,0.6538,0.021,0.3252
DIAMONDS FOUR DIAMONDS SIX,0.593,0.018,0.389
CLUBS TEN CLUBS QUEEN,0.3218,0.0116,0.6666
DIAMONDS FOUR DIAMONDS SEVEN,0.5848,0.0192,0.396
CLUBS TEN CLUBS KING,0.3242,0.0082,0.6676
CLUBS TEN CLUBS ACE,0.3346,0.0052,0.6602
CLUBS EIGHT CLUBS TWO,0.6402,0.0202,0.3396
DIAMONDS FIVE DIAMONDS FOUR,0.6244,0.0634,0.3122
CLUBS NINE CLUBS TWO,0.6306,0.022,0.3474
DIAMONDS NINE DIAMONDS FOUR,0.615,0.0198,0.3652
DIAMONDS EIGHT DIAMONDS FOUR,0.601,0.0176,0.3814
CLUBS TWO CLUBS THREE,0.6446,0.024,0.3314
DIAMONDS NINE DIAMONDS FIVE,0.6616,0.0582,0.2802
DIAMONDS EIGHT DIAMONDS FIVE,0.6486,0.0602,0.2912
CLUBS TEN DIAMONDS TWO,0.6396,0.0166,0.3438
DIAMONDS FIVE DIAMONDS SEVEN,0.6386,0.0556,0.3058
DIAMONDS FIVE DIAMONDS SIX,0.627,0.0564,0.3166
DIAMONDS TWO CLUBS ACE,0.4122,0.0054,0.5824
DIAMONDS TWO CLUBS KING,0.435,0.0066,0.5584
DIAMONDS TWO CLUBS QUEEN,0.432,0.0136,0.5544
DIAMONDS EIGHT DIAMONDS SIX,0.548,0.018,0.434
DIAMONDS NINE DIAMONDS SIX,0.5536,0.0198,0.4266
HEARTS ACE SPADES THREE,0.413,0.0058,0.5812
HEARTS KING SPADES THREE,0.4454,0.006,0.5486
DIAMONDS SEVEN DIAMONDS SIX,0.5592,0.0178,0.423
SPADES THREE HEARTS QUEEN,0.4428,0.0092,0.548
HEARTS JACK SPADES THREE,0.3604,0.436,0.2036
SPADES THREE HEARTS TEN,0.65,0.0174,0.3326
DIAMONDS EIGHT DIAMONDS SEVEN,0.5362,0.0184,0.4454
DIAMONDS NINE DIAMONDS SEVEN,0.5402,0.0158,0.444
DIAMONDS NINE DIAMONDS EIGHT,0.5258,0.0168,0.4574
DIAMONDS KING HEARTS TEN,0.377,0.0024,0.6206
HEARTS THREE HEARTS TEN,0.6098,0.017,0.3732
SPADES JACK CLUBS SIX,0.26,0.3668,0.3732
DIAMONDS KING HEARTS JACK,0.2818,0.0296,0.6886
HEARTS THREE HEARTS JACK,0.342,0.403,0.255
SPADES TEN CLUBS SIX,0.6032,0.0186,0.3782
SPADES JACK SPADES FIVE,0.0682,0.8664,0.0654
SPADES TEN SPADES FIVE,0.6614,0.0606,0.278
DIAMONDS KING HEARTS ACE,0.3752,0.0022,0.6226
HEARTS THREE HEARTS ACE,0.4026,0.0038,0.5936
SPADES ACE CLUBS SIX,0.3962,0.0054,0.5984
DIAMONDS KING HEARTS QUEEN,0.3638,0.0048,0.6314
HEARTS THREE HEARTS QUEEN,0.4128,0.0122,0.575
SPADES KING CLUBS SIX,0.4024,0.0086,0.589
DIAMONDS KING HEARTS KING,0.1876,0.0064,0.806
HEARTS THREE HEARTS KING,0.4016,0.006,0.5924
SPADES QUEEN CLUBS SIX,0.4022,0.0138,0.584
SPADES NINE HEARTS TEN,0.5506,0.018,0.4314
SPADES NINE HEARTS JACK,0.2692,0.1642,0.5666
SPADES QUEEN SPADES FIVE,0.2536,0.048,0.6984
SPADES KING SPADES FIVE,0.2564,0.0346,0.709
SPADES ACE SPADES FIVE,0.2634,0.03,0.7066
SPADES NINE HEARTS QUEEN,0.3858,0.0082,0.606
SPADES NINE HEARTS KING,0.4026,0.008,0.5894
SPADES NINE HEARTS ACE,0.4004,0.0044,0.5952
CLUBS TEN SPADES JACK,0.2576,0.1188,0.6236
CLUBS TEN SPADES TEN,0.3156,0.028,0.6564
SPADES ACE CLUBS TEN,0.3884,0.0058,0.6058
SPADES KING CLUBS TEN,0.3592,0.0084,0.6324
CLUBS TEN SPADES QUEEN,0.3556,0.012,0.6324
SPADES FIVE HEARTS QUEEN,0.292,0.0476,0.6604
HEARTS KING SPADES FIVE,0.2814,0.0394,0.6792
SPADES FIVE HEARTS ACE,0.2878,0.0306,0.6816
CLUBS EIGHT SPADES TEN,0.582,0.0158,0.4022
HEARTS THREE SPADES JACK,0.3766,0.419,0.2044
SPADES JACK DIAMONDS KING,0.29,0.027,0.683
SPADES TEN DIAMONDS KING,0.3922,0.006,0.6018
HEARTS THREE SPADES TEN,0.641,0.0172,0.3418
SPADES JACK CLUBS EIGHT,0.27,0.2164,0.5136
CLUBS SIX HEARTS ACE,0.4028,0.0046,0.5926
SPADES ACE CLUBS EIGHT,0.4068,0.0048,0.5884
CLUBS TEN HEARTS FIVE,0.7116,0.0584,0.23
CLUBS SIX HEARTS QUEEN,0.3974,0.0096,0.593
SPADES QUEEN CLUBS EIGHT,0.3852,0.0136,0.6012
CLUBS TEN SPADES THREE,0.6564,0.0152,0.3284
CLUBS SIX HEARTS KING,0.3976,0.0076,0.5948
SPADES KING CLUBS EIGHT,0.3908,0.0082,0.601
DIAMONDS TWO HEARTS JACK,0.3582,0.4226,0.2192
SPADES THREE CLUBS QUEEN,0.4218,0.0122,0.566
DIAMONDS TWO HEARTS TEN,0.651,0.0198,0.3292
SPADES THREE CLUBS KING,0.4178,0.0082,0.574
HEARTS FIVE CLUBS ACE,0.2662,0.0264,0.7074
SPADES FIVE HEARTS TEN,0.7132,0.0616,0.2252
SPADES THREE CLUBS ACE,0.4084,0.0042,0.5874
HEARTS FIVE CLUBS KING,0.2706,0.0452,0.6842
SPADES FIVE HEARTS JACK,0.072,0.9028,0.0252
HEARTS FIVE CLUBS QUEEN,0.268,0.0478,0.6842
HEARTS THREE CLUBS KING,0.4162,0.0078,0.576
DIAMONDS KING CLUBS KING,0.174,0.0058,0.8202
HEARTS THREE CLUBS QUEEN,0.4148,0.0124,0.5728
DIAMONDS KING CLUBS QUEEN,0.3426,0.008,0.6494
HEARTS FIVE HEARTS JACK,0.0752,0.8496,0.0752
HEARTS FIVE HEARTS TEN,0.6616,0.0598,0.2786
HEARTS THREE CLUBS ACE,0.418,0.0046,0.5774
DIAMONDS KING CLUBS ACE,0.3638,0.0054,0.6308
SPADES ACE CLUBS QUEEN,0.3436,0.0054,0.651
SPADES KING CLUBS QUEEN,0.3536,0.009,0.6374
SPADES QUEEN CLUBS QUEEN,0.1712,0.0112,0.8176
CLUBS TEN HEARTS THREE,0.64,0.02,0.34
CLUBS TEN DIAMONDS KING,0.365,0.0072,0.6278
SPADES JACK CLUBS QUEEN,0.2648,0.041,0.6942
CLUBS SIX CLUBS QUEEN,0.3494,0.0132,0.6374
SPADES TEN CLUBS QUEEN,0.3722,0.0136,0.6142
CLUBS SIX CLUBS KING,0.3466,0.008,0.6454
CLUBS SIX CLUBS ACE,0.3516,0.0044,0.644
HEARTS FIVE HEARTS KING,0.2768,0.0368,0.6864
HEARTS FIVE HEARTS QUEEN,0.272,0.0474,0.6806
CLUBS TEN CLUBS SIX,0.5984,0.018,0.3836
HEARTS FIVE HEARTS ACE,0.2626,0.0266,0.7108
SPADES SEVEN HEARTS JACK,0.278,0.2812,0.4408
SPADES SEVEN HEARTS TEN,0.5862,0.0178,0.396
DIAMONDS TWO CLUBS TWO,0.449,0.0488,0.5022
DIAMONDS TWO CLUBS THREE,0.6526,0.022,0.3254
HEARTS SIX DIAMONDS TWO,0.6402,0.0228,0.337
DIAMONDS TWO HEARTS QUEEN,0.434,0.0128,0.5532
DIAMONDS TWO HEARTS SEVEN,0.646,0.0194,0.3346
DIAMONDS TWO HEARTS KING,0.4342,0.01,0.5558
DIAMONDS TWO HEARTS EIGHT,0.6506,0.019,0.3304
DIAMONDS TWO HEARTS ACE,0.427,0.0046,0.5684
DIAMONDS TWO HEARTS NINE,0.6548,0.0216,0.3236
DIAMONDS TWO DIAMONDS QUEEN,0.4194,0.0094,0.5712
DIAMONDS TWO HEARTS TWO,0.4438,0.0476,0.5086
DIAMONDS TWO DIAMONDS KING,0.4284,0.0052,0.5664
HEARTS THREE DIAMONDS TWO,0.6596,0.018,0.3224
DIAMONDS TWO DIAMONDS ACE,0.4118,0.0058,0.5824
HEARTS FOUR DIAMONDS TWO,0.6578,0.0186,0.3236
DIAMONDS TWO HEARTS FIVE,0.6996,0.0626,0.2378
SPADES SEVEN HEARTS ACE,0.3916,0.0044,0.604
DIAMONDS TWO DIAMONDS TEN,0.6066,0.0168,0.3766
SPADES SEVEN HEARTS KING,0.3934,0.0052,0.6014
DIAMONDS TWO DIAMONDS JACK,0.3414,0.4038,0.2548
SPADES SEVEN HEARTS QUEEN,0.413,0.009,0.578
DIAMONDS TWO SPADES NINE,0.6486,0.0196,0.3318
DIAMONDS TWO SPADES EIGHT,0.6446,0.0178,0.3376
DIAMONDS TWO SPADES SEVEN,0.6524,0.0164,0.3312
DIAMONDS TWO SPADES SIX,0.6596,0.019,0.3214
DIAMONDS TWO SPADES FIVE,0.704,0.0628,0.2332
DIAMONDS TWO SPADES FOUR,0.6524,0.0196,0.328
DIAMONDS TWO SPADES THREE,0.6542,0.0212,0.3246
DIAMONDS TWO SPADES TWO,0.454,0.0412,0.5048
CLUBS NINE DIAMONDS TWO,0.6364,0.0198,0.3438
DIAMONDS TWO CLUBS EIGHT,0.6494,0.0172,0.3334
CLUBS SEVEN DIAMONDS TWO,0.655,0.0216,0.3234
DIAMONDS TWO CLUBS SIX,0.6468,0.0194,0.3338
DIAMONDS TWO CLUBS FOUR,0.6616,0.0178,0.3206
CLUBS FOUR SPADES FIVE,0.659,0.0664,0.2746
CLUBS FOUR SPADES FOUR,0.434,0.0468,0.5192
CLUBS FOUR SPADES THREE,0.6278,0.0226,0.3496
CLUBS FOUR SPADES TWO,0.6562,0.0188,0.325
CLUBS FOUR SPADES NINE,0.6382,0.021,0.3408
CLUBS FOUR SPADES EIGHT,0.6394,0.0208,0.3398
CLUBS FOUR SPADES SEVEN,0.6256,0.02,0.3544
CLUBS FOUR SPADES SIX,0.6226,0.023,0.3544
SPADES ACE DIAMONDS SIX,0.399,0.004,0.597
SPADES QUEEN DIAMONDS SIX,0.402,0.0106,0.5874
SPADES KING DIAMONDS SIX,0.4018,0.0086,0.5896
SPADES TEN DIAMONDS SIX,0.6152,0.0144,0.3704
SPADES JACK DIAMONDS SIX,0.2752,0.3676,0.3572
SPADES QUEEN SPADES TWO,0.4116,0.01,0.5784
SPADES KING SPADES TWO,0.4072,0.0074,0.5854
SPADES ACE SPADES TWO,0.3982,0.005,0.5968
CLUBS TEN DIAMONDS JACK,0.2688,0.1226,0.6086
DIAMONDS JACK CLUBS KING,0.2662,0.0312,0.7026
DIAMONDS JACK CLUBS QUEEN,0.26,0.0382,0.7018
DIAMONDS THREE DIAMONDS JACK,0.3454,0.4012,0.2534
DIAMONDS THREE DIAMONDS TEN,0.6088,0.0178,0.3734
DIAMONDS JACK CLUBS ACE,0.2666,0.0224,0.711
DIAMONDS THREE DIAMONDS KING,0.4064,0.0066,0.587
HEARTS THREE DIAMONDS THREE,0.4488,0.041,0.5102
DIAMONDS THREE DIAMONDS QUEEN,0.4086,0.0126,0.5788
DIAMONDS THREE HEARTS TWO,0.6584,0.0224,0.3192
HEARTS FIVE DIAMONDS THREE,0.6838,0.0622,0.254
DIAMONDS THREE DIAMONDS ACE,0.4088,0.006,0.5852
HEARTS FOUR DIAMONDS THREE,0.641,0.0192,0.3398
DIAMONDS THREE HEARTS SEVEN,0.6462,0.0162,0.3376
SPADES TEN SPADES NINE,0.5334,0.0148,0.4518
HEARTS SIX DIAMONDS THREE,0.643,0.0154,0.3416
SPADES JACK SPADES NINE,0.2644,0.1448,0.5908
DIAMONDS THREE HEARTS NINE,0.641,0.0184,0.3406
HEARTS JACK DIAMONDS FOUR,0.3698,0.4308,0.1994
HEARTS KING HEARTS ACE,0.3408,0.0058,0.6534
SPADES TEN SPADES TWO,0.6076,0.021,0.3714
DIAMONDS THREE HEARTS EIGHT,0.6534,0.0186,0.328
HEARTS TEN DIAMONDS FOUR,0.644,0.0184,0.3376
SPADES JACK SPADES TWO,0.3442,0.4026,0.2532
HEARTS QUEEN DIAMONDS FOUR,0.4482,0.0104,0.5414
HEARTS KING DIAMONDS FOUR,0.4246,0.0088,0.5666
SPADES ACE SPADES NINE,0.3734,0.0042,0.6224
HEARTS ACE DIAMONDS FOUR,0.4288,0.0042,0.567
SPADES KING SPADES NINE,0.3742,0.007,0.6188
SPADES QUEEN SPADES NINE,0.3676,0.0104,0.622
DIAMONDS THREE SPADES NINE,0.6576,0.017,0.3254
DIAMONDS THREE SPADES EIGHT,0.662,0.0192,0.3188
DIAMONDS THREE SPADES SEVEN,0.6302,0.0178,0.352
DIAMONDS THREE SPADES SIX,0.6328,0.0196,0.3476
DIAMONDS THREE CLUBS SIX,0.6238,0.0198,0.3564
CLUBS ACE DIAMONDS FOUR,0.4156,0.0054,0.579
CLUBS SEVEN DIAMONDS THREE,0.6416,0.0192,0.3392
DIAMONDS THREE CLUBS FOUR,0.6432,0.0198,0.337
DIAMONDS FOUR CLUBS QUEEN,0.4104,0.0118,0.5778
DIAMONDS FOUR CLUBS KING,0.4096,0.0104,0.58
DIAMONDS THREE CLUBS TWO,0.6512,0.0212,0.3276
CLUBS TEN DIAMONDS FOUR,0.6484,0.017,0.3346
DIAMONDS THREE CLUBS THREE,0.4324,0.0456,0.522
DIAMONDS THREE SPADES FOUR,0.638,0.0218,0.3402
DIAMONDS THREE SPADES FIVE,0.6842,0.0632,0.2526
DIAMONDS THREE SPADES TWO,0.6682,0.0184,0.3134
DIAMONDS THREE SPADES THREE,0.4458,0.0418,0.5124
CLUBS EIGHT DIAMONDS THREE,0.6354,0.0196,0.345
CLUBS NINE DIAMONDS THREE,0.636,0.0202,0.3438
SPADES SEVEN CLUBS ACE,0.3932,0.0036,0.6032
SPADES SEVEN CLUBS QUEEN,0.392,0.0098,0.5982
SPADES SEVEN CLUBS KING,0.3958,0.007,0.5972
CLUBS TEN SPADES SEVEN,0.5874,0.0152,0.3974
CLUBS ACE CLUBS QUEEN,0.3148,0.005,0.6802
CLUBS KING CLUBS QUEEN,0.2944,0.0078,0.6978
DIAMONDS TEN DIAMONDS FOUR,0.6032,0.0178,0.379
CLUBS TEN DIAMONDS NINE,0.5628,0.0176,0.4196
DIAMONDS JACK DIAMONDS FOUR,0.33,0.4156,0.2544
CLUBS TEN SPADES NINE,0.5696,0.0164,0.414
DIAMONDS ACE DIAMONDS FOUR,0.4084,0.005,0.5866
HEARTS FOUR DIAMONDS FOUR,0.431,0.0468,0.5222
DIAMONDS JACK HEARTS TEN,0.2764,0.1136,0.61
SPADES NINE CLUBS KING,0.3774,0.007,0.6156
DIAMONDS TWO SPADES TEN,0.6392,0.0188,0.342
DIAMONDS NINE CLUBS ACE,0.3902,0.004,0.6058
HEARTS FIVE DIAMONDS FOUR,0.6762,0.0646,0.2592
HEARTS JACK DIAMONDS JACK,0.1508,0.0342,0.815
SPADES NINE CLUBS QUEEN,0.3762,0.0108,0.613
DIAMONDS TWO SPADES JACK,0.3648,0.424,0.2112
DIAMONDS QUEEN DIAMONDS FOUR,0.402,0.0108,0.5872
HEARTS TWO DIAMONDS FOUR,0.6584,0.0212,0.3204
DIAMONDS NINE CLUBS QUEEN,0.3788,0.0106,0.6106
DIAMONDS KING DIAMONDS FOUR,0.395,0.0074,0.5976
HEARTS THREE DIAMONDS FOUR,0.641,0.022,0.337
SPADES NINE CLUBS ACE,0.3854,0.0062,0.6084
DIAMONDS NINE CLUBS KING,0.381,0.008,0.611
HEARTS ACE DIAMONDS JACK,0.2678,0.0196,0.7126
SPADES ACE DIAMONDS TWO,0.4236,0.0038,0.5726
DIAMONDS JACK HEARTS QUEEN,0.261,0.0412,0.6978
SPADES QUEEN DIAMONDS TWO,0.435,0.0092,0.5558
HEARTS KING DIAMONDS JACK,0.2956,0.0358,0.6686
SPADES KING DIAMONDS TWO,0.4364,0.0062,0.5574
SPADES JACK SPADES SEVEN,0.2542,0.2632,0.4826
SPADES TEN SPADES SEVEN,0.56,0.0172,0.4228
CLUBS SEVEN CLUBS THREE,0.6384,0.0206,0.341
CLUBS SIX CLUBS THREE,0.622,0.0192,0.3588
CLUBS FOUR CLUBS THREE,0.6388,0.021,0.3402
CLUBS NINE CLUBS THREE,0.6458,0.0204,0.3338
CLUBS EIGHT CLUBS THREE,0.6382,0.0234,0.3384
CLUBS THREE SPADES FIVE,0.6668,0.067,0.2662
CLUBS THREE SPADES FOUR,0.6312,0.0204,0.3484
CLUBS THREE SPADES THREE,0.4414,0.0496,0.509
CLUBS THREE SPADES TWO,0.65,0.0244,0.3256
CLUBS THREE SPADES SIX,0.615,0.0198,0.3652
SPADES SEVEN CLUBS THREE,0.6428,0.0214,0.3358
SPADES EIGHT CLUBS THREE,0.6456,0.0196,0.3348
SPADES NINE CLUBS THREE,0.6474,0.0186,0.334
SPADES TWO DIAMONDS FOUR,0.6504,0.0182,0.3314
SPADES THREE DIAMONDS FOUR,0.6356,0.0206,0.3438
SPADES FOUR DIAMONDS FOUR,0.4426,0.0486,0.5088
SPADES FIVE DIAMONDS FOUR,0.6636,0.0636,0.2728
SPADES SIX DIAMONDS FOUR,0.6144,0.019,0.3666
SPADES SEVEN DIAMONDS FOUR,0.6236,0.0202,0.3562
SPADES EIGHT DIAMONDS FOUR,0.6392,0.0176,0.3432
SPADES NINE DIAMONDS FOUR,0.6506,0.0168,0.3326
CLUBS FOUR DIAMONDS FOUR,0.4442,0.0464,0.5094
CLUBS SEVEN DIAMONDS FOUR,0.6078,0.02,0.3722
CLUBS SIX DIAMONDS FOUR,0.6186,0.0228,0.3586
CLUBS NINE DIAMONDS FOUR,0.6434,0.0172,0.3394
CLUBS EIGHT DIAMONDS FOUR,0.6372,0.02,0.3428
DIAMONDS FOUR HEARTS SEVEN,0.6352,0.021,0.3438
HEARTS SIX DIAMONDS FOUR,0.614,0.019,0.367
HEARTS NINE DIAMONDS FOUR,0.6468,0.0154,0.3378
DIAMONDS FOUR HEARTS EIGHT,0.6338,0.0214,0.3448
CLUBS THREE DIAMONDS FOUR,0.645,0.0178,0.3372
CLUBS TWO DIAMONDS FOUR,0.6596,0.0228,0.3176
DIAMONDS TEN DIAMONDS FIVE,0.6702,0.0576,0.2722
DIAMONDS JACK DIAMONDS FIVE,0.068,0.8638,0.0682
DIAMONDS NINE HEARTS QUEEN,0.3978,0.011,0.5912
HEARTS KING DIAMONDS NINE,0.405,0.0068,0.5882
DIAMONDS NINE HEARTS ACE,0.3938,0.0044,0.6018
DIAMONDS NINE HEARTS TEN,0.5724,0.0108,0.4168
DIAMONDS NINE HEARTS JACK,0.2746,0.1628,0.5626
CLUBS KING DIAMONDS SIX,0.3812,0.0092,0.6096
CLUBS QUEEN DIAMONDS SIX,0.3906,0.0144,0.595
CLUBS ACE DIAMONDS SIX,0.3968,0.005,0.5982
SPADES KING DIAMONDS FOUR,0.4372,0.0076,0.5552
SPADES ACE SPADES SEVEN,0.3648,0.0032,0.632
SPADES QUEEN DIAMONDS FOUR,0.4238,0.0136,0.5626
SPADES QUEEN SPADES SEVEN,0.3846,0.0096,0.6058
SPADES KING SPADES SEVEN,0.39,0.0094,0.6006
SPADES ACE DIAMONDS FOUR,0.4154,0.005,0.5796
CLUBS TEN DIAMONDS SIX,0.595,0.017,0.388
CLUBS NINE CLUBS FOUR,0.6368,0.0208,0.3424
CLUBS EIGHT CLUBS FOUR,0.6208,0.0252,0.354
SPADES JACK DIAMONDS FOUR,0.3624,0.4376,0.2
SPADES TEN DIAMONDS FOUR,0.6412,0.0168,0.342
CLUBS SEVEN CLUBS FOUR,0.6088,0.0206,0.3706
CLUBS FOUR CLUBS SIX,0.6128,0.0176,0.3696
CLUBS SEVEN SPADES EIGHT,0.5724,0.0184,0.4092
CLUBS SEVEN SPADES NINE,0.5864,0.0136,0.4
CLUBS SEVEN SPADES SIX,0.5776,0.0218,0.4006
CLUBS SEVEN SPADES SEVEN,0.3294,0.0318,0.6388
CLUBS SEVEN SPADES FIVE,0.6816,0.0534,0.265
CLUBS SEVEN SPADES FOUR,0.6284,0.0208,0.3508
CLUBS SEVEN SPADES THREE,0.6458,0.0204,0.3338
CLUBS SEVEN SPADES TWO,0.658,0.0192,0.3228
CLUBS NINE CLUBS SEVEN,0.5672,0.0212,0.4116
CLUBS SEVEN CLUBS EIGHT,0.5658,0.0222,0.412
HEARTS SIX DIAMONDS FIVE,0.6658,0.0592,0.275
DIAMONDS FIVE HEARTS SEVEN,0.6858,0.0578,0.2564
DIAMONDS FIVE HEARTS EIGHT,0.6788,0.0632,0.258
HEARTS NINE DIAMONDS FIVE,0.703,0.0634,0.2336
DIAMONDS QUEEN DIAMONDS FIVE,0.2692,0.0458,0.685
HEARTS TWO DIAMONDS FIVE,0.6818,0.0704,0.2478
HEARTS KING HEARTS EIGHT,0.3852,0.0076,0.6072
DIAMONDS KING DIAMONDS FIVE,0.2636,0.0368,0.6996
HEARTS THREE DIAMONDS FIVE,0.677,0.062,0.261
HEARTS QUEEN HEARTS EIGHT,0.3806,0.0106,0.6088
DIAMONDS ACE DIAMONDS FIVE,0.268,0.0254,0.7066
HEARTS FOUR DIAMONDS FIVE,0.6576,0.0656,0.2768
HEARTS FIVE DIAMONDS FIVE,0.329,0.0408,0.6302
HEARTS ACE HEARTS EIGHT,0.3802,0.0052,0.6146
CLUBS FOUR DIAMONDS FIVE,0.6562,0.0604,0.2834
CLUBS SIX DIAMONDS FIVE,0.6712,0.0606,0.2682
CLUBS SEVEN DIAMONDS FIVE,0.6782,0.0522,0.2696
CLUBS TWO DIAMONDS FIVE,0.6964,0.0668,0.2368
CLUBS THREE DIAMONDS FIVE,0.6762,0.0626,0.2612
SPADES THREE DIAMONDS FIVE,0.6662,0.0656,0.2682
SPADES TWO DIAMONDS FIVE,0.6984,0.0644,0.2372
SPADES JACK DIAMONDS EIGHT,0.265,0.2132,0.5218
SPADES FIVE DIAMONDS FIVE,0.3336,0.0422,0.6242
CLUBS TEN HEARTS JACK,0.276,0.1148,0.6092
SPADES TEN DIAMONDS EIGHT,0.5742,0.018,0.4078
SPADES FOUR DIAMONDS FIVE,0.666,0.062,0.272
HEARTS JACK CLUBS QUEEN,0.2656,0.0388,0.6956
CLUBS NINE DIAMONDS FIVE,0.6886,0.0602,0.2512
HEARTS JACK CLUBS KING,0.2648,0.0324,0.7028
CLUBS EIGHT DIAMONDS FIVE,0.6826,0.0596,0.2578
HEARTS JACK CLUBS ACE,0.265,0.0208,0.7142
SPADES SEVEN DIAMONDS FIVE,0.6772,0.056,0.2668
SPADES KING DIAMONDS EIGHT,0.4066,0.0066,0.5868
SPADES QUEEN DIAMONDS EIGHT,0.4056,0.0112,0.5832
SPADES SIX DIAMONDS FIVE,0.6746,0.0546,0.2708
SPADES NINE DIAMONDS FIVE,0.701,0.0582,0.2408
SPADES EIGHT DIAMONDS FIVE,0.6908,0.0568,0.2524
SPADES ACE DIAMONDS EIGHT,0.4006,0.0044,0.595
DIAMONDS TEN DIAMONDS SIX,0.5706,0.017,0.4124
HEARTS ACE DIAMONDS SEVEN,0.4062,0.0026,0.5912
DIAMONDS JACK DIAMONDS SIX,0.2606,0.3456,0.3938
HEARTS QUEEN DIAMONDS SEVEN,0.4154,0.0078,0.5768
HEARTS KING DIAMONDS SEVEN,0.4114,0.0054,0.5832
DIAMONDS ACE DIAMONDS SIX,0.3688,0.005,0.6262
HEARTS FOUR DIAMONDS SIX,0.61,0.0208,0.3692
HEARTS JACK SPADES TWO,0.3598,0.4346,0.2056
HEARTS FIVE DIAMONDS SIX,0.672,0.0578,0.2702
SPADES TWO HEARTS TEN,0.6488,0.0174,0.3338
DIAMONDS QUEEN DIAMONDS SIX,0.3798,0.0116,0.6086
HEARTS TWO DIAMONDS SIX,0.6616,0.018,0.3204
DIAMONDS KING DIAMONDS SIX,0.3822,0.0096,0.6082
HEARTS THREE DIAMONDS SIX,0.6212,0.0186,0.3602
HEARTS EIGHT DIAMONDS SIX,0.5874,0.0182,0.3944
HEARTS NINE DIAMONDS SIX,0.6036,0.0156,0.3808
HEARTS SIX DIAMONDS SIX,0.3416,0.0362,0.6222
HEARTS SEVEN DIAMONDS SIX,0.59,0.0138,0.3962
HEARTS TEN DIAMONDS SEVEN,0.5974,0.0176,0.385
CLUBS TWO DIAMONDS SIX,0.646,0.0176,0.3364
HEARTS JACK DIAMONDS SEVEN,0.2674,0.268,0.4646
CLUBS THREE DIAMONDS SIX,0.6372,0.0154,0.3474
CLUBS SEVEN DIAMONDS SIX,0.5694,0.0214,0.4092
CLUBS SIX DIAMONDS SIX,0.3414,0.0374,0.6212
CLUBS TEN DIAMONDS EIGHT,0.564,0.0208,0.4152
CLUBS FOUR DIAMONDS SIX,0.6148,0.0192,0.366
HEARTS ACE HEARTS JACK,0.272,0.0204,0.7076
DIAMONDS EIGHT CLUBS ACE,0.3942,0.0066,0.5992
HEARTS JACK HEARTS QUEEN,0.266,0.044,0.69
DIAMONDS EIGHT CLUBS KING,0.3928,0.0066,0.6006
CLUBS NINE DIAMONDS SIX,0.595,0.0194,0.3856
HEARTS KING HEARTS JACK,0.2608,0.0258,0.7134
DIAMONDS EIGHT CLUBS QUEEN,0.3898,0.011,0.5992
CLUBS EIGHT DIAMONDS SIX,0.6014,0.015,0.3836
SPADES TEN HEARTS KING,0.3812,0.0088,0.61
SPADES FIVE DIAMONDS SIX,0.6632,0.0554,0.2814
HEARTS ACE SPADES TWO,0.4164,0.0046,0.579
SPADES JACK HEARTS KING,0.295,0.0292,0.6758
SPADES FOUR DIAMONDS SIX,0.6086,0.0228,0.3686
SPADES THREE DIAMONDS SIX,0.6382,0.0196,0.3422
HEARTS QUEEN SPADES TWO,0.4504,0.0096,0.54
SPADES ACE SPADES KING,0.3376,0.0062,0.6562
HEARTS KING SPADES TWO,0.4296,0.0082,0.5622
SPADES TWO DIAMONDS SIX,0.642,0.0172,0.3408
HEARTS TEN HEARTS EIGHT,0.5414,0.0166,0.442
SPADES NINE DIAMONDS SIX,0.5962,0.0182,0.3856
HEARTS JACK HEARTS EIGHT,0.252,0.2038,0.5442
SPADES EIGHT DIAMONDS SIX,0.5888,0.0152,0.396
SPADES SEVEN DIAMONDS SIX,0.5954,0.0188,0.3858
SPADES SIX DIAMONDS SIX,0.3548,0.0412,0.604
SPADES KING HEARTS KING,0.187,0.0082,0.8048
SPADES QUEEN HEARTS KING,0.3764,0.0092,0.6144
CLUBS ACE CLUBS KING,0.316,0.0064,0.6776
SPADES ACE HEARTS KING,0.368,0.005,0.627
SPADES ACE HEARTS JACK,0.2838,0.0198,0.6964
SPADES QUEEN HEARTS JACK,0.2872,0.041,0.6718
SPADES KING HEARTS JACK,0.2818,0.0318,0.6864
SPADES TEN DIAMONDS TEN,0.3152,0.0206,0.6642
SPADES JACK DIAMONDS TEN,0.2782,0.119,0.6028
SPADES ACE DIAMONDS TEN,0.3836,0.0048,0.6116
SPADES JACK HEARTS JACK,0.1396,0.0352,0.8252
SPADES TEN HEARTS JACK,0.2838,0.1216,0.5946
SPADES QUEEN DIAMONDS TEN,0.3804,0.0098,0.6098
SPADES KING DIAMONDS TEN,0.3858,0.0054,0.6088
SPADES NINE DIAMONDS SEVEN,0.598,0.0156,0.3864
SPADES EIGHT DIAMONDS SEVEN,0.5872,0.0162,0.3966
SPADES SEVEN DIAMONDS SEVEN,0.346,0.0392,0.6148
SPADES SIX DIAMONDS SEVEN,0.5838,0.0154,0.4008
DIAMONDS KING DIAMONDS SEVEN,0.3934,0.0066,0.6
HEARTS THREE DIAMONDS SEVEN,0.6462,0.0186,0.3352
HEARTS KING DIAMONDS FIVE,0.2824,0.0386,0.679
DIAMONDS QUEEN DIAMONDS SEVEN,0.3798,0.0114,0.6088
HEARTS TWO DIAMONDS SEVEN,0.6564,0.0182,0.3254
HEARTS QUEEN DIAMONDS FIVE,0.2806,0.0528,0.6666
HEARTS FIVE DIAMONDS SEVEN,0.6802,0.0584,0.2614
DIAMONDS ACE DIAMONDS SEVEN,0.3742,0.0032,0.6226
HEARTS FOUR DIAMONDS SEVEN,0.627,0.0184,0.3546
HEARTS ACE DIAMONDS FIVE,0.281,0.026,0.693
HEARTS SEVEN DIAMONDS SEVEN,0.3466,0.0364,0.617
HEARTS SIX DIAMONDS SEVEN,0.5814,0.016,0.4026
HEARTS NINE DIAMONDS SEVEN,0.5844,0.019,0.3966
DIAMONDS SEVEN HEARTS EIGHT,0.5784,0.0176,0.404
DIAMONDS JACK DIAMONDS SEVEN,0.2574,0.2678,0.4748
HEARTS JACK DIAMONDS FIVE,0.0778,0.9012,0.021
DIAMONDS TEN DIAMONDS SEVEN,0.5528,0.0192,0.428
DIAMONDS FIVE HEARTS TEN,0.72,0.0628,0.2172
SPADES KING CLUBS TWO,0.4394,0.0076,0.553
HEARTS KING CLUBS KING,0.1718,0.009,0.8192
CLUBS EIGHT DIAMONDS SEVEN,0.5732,0.0188,0.408
SPADES QUEEN CLUBS TWO,0.43,0.0118,0.5582
HEARTS KING CLUBS QUEEN,0.3394,0.0086,0.652
CLUBS NINE DIAMONDS SEVEN,0.5856,0.0206,0.3938
SPADES ACE CLUBS TWO,0.4202,0.0074,0.5724
CLUBS TEN SPADES TWO,0.6386,0.014,0.3474
HEARTS KING CLUBS ACE,0.3642,0.0058,0.63
CLUBS SEVEN CLUBS SIX,0.587,0.0168,0.3962
SPADES TWO CLUBS KING,0.4226,0.0062,0.5712
SPADES TWO DIAMONDS SEVEN,0.6482,0.017,0.3348
CLUBS EIGHT CLUBS SIX,0.5884,0.017,0.3946
SPADES THREE DIAMONDS SEVEN,0.6436,0.0238,0.3326
SPADES TWO CLUBS QUEEN,0.4374,0.0126,0.55
CLUBS NINE CLUBS SIX,0.5816,0.0218,0.3966
SPADES FOUR DIAMONDS SEVEN,0.6258,0.0196,0.3546
SPADES FIVE DIAMONDS SEVEN,0.6786,0.0618,0.2596
SPADES TWO CLUBS ACE,0.4142,0.0074,0.5784
CLUBS TEN HEARTS KING,0.3706,0.0082,0.6212
CLUBS SIX SPADES TWO,0.6506,0.0178,0.3316
CLUBS SIX SPADES THREE,0.6272,0.0162,0.3566
CLUBS TWO DIAMONDS SEVEN,0.6514,0.0182,0.3304
CLUBS SIX SPADES FOUR,0.612,0.0194,0.3686
CLUBS THREE DIAMONDS SEVEN,0.6352,0.0184,0.3464
CLUBS SIX SPADES FIVE,0.6748,0.0576,0.2676
CLUBS FOUR DIAMONDS SEVEN,0.6232,0.0206,0.3562
CLUBS SIX SPADES SIX,0.34,0.0354,0.6246
CLUBS SIX SPADES SEVEN,0.581,0.018,0.401
CLUBS SIX DIAMONDS SEVEN,0.584,0.0196,0.3964
CLUBS SIX SPADES EIGHT,0.5914,0.0178,0.3908
SPADES JACK CLUBS TWO,0.3518,0.4382,0.21
CLUBS SEVEN DIAMONDS SEVEN,0.332,0.0386,0.6294
SPADES NINE CLUBS SIX,0.6022,0.0162,0.3816
SPADES TEN CLUBS TWO,0.6466,0.015,0.3384
CLUBS TWO CLUBS QUEEN,0.3896,0.0124,0.598
CLUBS TWO CLUBS KING,0.3876,0.0084,0.604
CLUBS THREE DIAMONDS EIGHT,0.6362,0.024,0.3398
CLUBS TWO CLUBS ACE,0.3772,0.0076,0.6152
CLUBS TWO DIAMONDS EIGHT,0.6398,0.0138,0.3464
DIAMONDS EIGHT HEARTS SEVEN,0.5796,0.0164,0.404
HEARTS SIX DIAMONDS EIGHT,0.5866,0.0164,0.397
DIAMONDS EIGHT HEARTS NINE,0.5752,0.0184,0.4064
CLUBS TEN CLUBS TWO,0.6442,0.0194,0.3364
DIAMONDS EIGHT HEARTS EIGHT,0.3354,0.029,0.6356
CLUBS NINE DIAMONDS EIGHT,0.5668,0.0202,0.413
CLUBS EIGHT DIAMONDS EIGHT,0.325,0.0334,0.6416
SPADES ACE SPADES THREE,0.3942,0.0038,0.602
CLUBS FOUR DIAMONDS EIGHT,0.6416,0.0172,0.3412
CLUBS SEVEN DIAMONDS EIGHT,0.578,0.0164,0.4056
SPADES QUEEN SPADES THREE,0.4116,0.0118,0.5766
CLUBS SIX DIAMONDS EIGHT,0.5826,0.0208,0.3966
SPADES KING SPADES THREE,0.401,0.0092,0.5898
DIAMONDS QUEEN DIAMONDS EIGHT,0.3686,0.011,0.6204
HEARTS TWO DIAMONDS EIGHT,0.6572,0.0168,0.326
DIAMONDS KING DIAMONDS EIGHT,0.3774,0.0072,0.6154
HEARTS THREE DIAMONDS EIGHT,0.6552,0.0152,0.3296
DIAMONDS ACE DIAMONDS EIGHT,0.3828,0.0058,0.6114
HEARTS FOUR DIAMONDS EIGHT,0.6306,0.0174,0.352
HEARTS FIVE DIAMONDS EIGHT,0.695,0.0576,0.2474
DIAMONDS EIGHT DIAMONDS TEN,0.5404,0.0148,0.4448
DIAMONDS EIGHT DIAMONDS JACK,0.2618,0.2016,0.5366
SPADES JACK SPADES THREE,0.3382,0.4124,0.2494
SPADES TEN SPADES THREE,0.6024,0.0216,0.376
CLUBS FOUR HEARTS ACE,0.407,0.0044,0.5886
CLUBS FOUR HEARTS QUEEN,0.423,0.0134,0.5636
CLUBS FOUR HEARTS KING,0.4244,0.0082,0.5674
CLUBS SIX HEARTS TEN,0.6072,0.0176,0.3752
CLUBS SIX HEARTS JACK,0.2632,0.3792,0.3576
DIAMONDS EIGHT SPADES FOUR,0.6322,0.021,0.3468
SPADES FIVE DIAMONDS EIGHT,0.6974,0.0558,0.2468
DIAMONDS EIGHT SPADES TWO,0.6504,0.0198,0.3298
DIAMONDS EIGHT SPADES THREE,0.6388,0.018,0.3432
CLUBS FOUR HEARTS JACK,0.3446,0.4474,0.208
SPADES EIGHT DIAMONDS EIGHT,0.3278,0.0348,0.6374
SPADES TEN DIAMONDS QUEEN,0.3698,0.0112,0.619
SPADES TEN HEARTS TWO,0.6488,0.0176,0.3336
SPADES JACK HEARTS EIGHT,0.2704,0.195,0.5346
CLUBS FOUR HEARTS TEN,0.6382,0.0152,0.3466
SPADES NINE DIAMONDS EIGHT,0.5764,0.0156,0.408
SPADES TEN HEARTS EIGHT,0.5714,0.0154,0.4132
SPADES JACK HEARTS TWO,0.366,0.4236,0.2104
SPADES JACK DIAMONDS QUEEN,0.2734,0.0364,0.6902
SPADES SIX DIAMONDS EIGHT,0.6032,0.018,0.3788
SPADES SEVEN DIAMONDS EIGHT,0.5794,0.0172,0.4034
SPADES ACE HEARTS TWO,0.4144,0.007,0.5786
SPADES ACE DIAMONDS QUEEN,0.3832,0.0044,0.6124
SPADES ACE HEARTS EIGHT,0.4122,0.0048,0.583
SPADES KING HEARTS EIGHT,0.4064,0.0074,0.5862
SPADES QUEEN HEARTS TWO,0.442,0.013,0.545
SPADES QUEEN DIAMONDS QUEEN,0.193,0.0082,0.7988
SPADES KING DIAMONDS QUEEN,0.3706,0.0066,0.6228
SPADES KING HEARTS TWO,0.4364,0.01,0.5536
SPADES QUEEN HEARTS EIGHT,0.393,0.0122,0.5948
CLUBS TWO HEARTS TEN,0.6524,0.0156,0.332
CLUBS TWO HEARTS JACK,0.3512,0.4366,0.2122
SPADES SEVEN DIAMONDS NINE,0.5914,0.0168,0.3918
SPADES SIX DIAMONDS NINE,0.6012,0.0168,0.382
SPADES NINE DIAMONDS NINE,0.3316,0.027,0.6414
SPADES EIGHT DIAMONDS NINE,0.5762,0.014,0.4098
SPADES TEN CLUBS KING,0.3638,0.0082,0.628
DIAMONDS NINE SPADES THREE,0.6522,0.0168,0.331
SPADES JACK CLUBS KING,0.2614,0.0324,0.7062
DIAMONDS NINE SPADES TWO,0.6508,0.0186,0.3306
DIAMONDS NINE SPADES FIVE,0.7032,0.0586,0.2382
DIAMONDS NINE SPADES FOUR,0.6496,0.016,0.3344
CLUBS NINE DIAMONDS NINE,0.325,0.0262,0.6488
CLUBS EIGHT DIAMONDS NINE,0.5728,0.0162,0.411
CLUBS SIX DIAMONDS NINE,0.6018,0.0198,0.3784
SPADES JACK CLUBS FOUR,0.338,0.4424,0.2196
CLUBS SEVEN DIAMONDS NINE,0.5928,0.0168,0.3904
SPADES TEN CLUBS FOUR,0.6388,0.0188,0.3424
CLUBS FOUR DIAMONDS NINE,0.6368,0.0168,0.3464
CLUBS TWO DIAMONDS NINE,0.6486,0.0168,0.3346
CLUBS THREE DIAMONDS NINE,0.6542,0.0178,0.328
DIAMONDS NINE HEARTS EIGHT,0.5656,0.0184,0.416
DIAMONDS NINE HEARTS NINE,0.3308,0.0244,0.6448
HEARTS SIX DIAMONDS NINE,0.607,0.0142,0.3788
DIAMONDS NINE HEARTS SEVEN,0.593,0.0156,0.3914
CLUBS NINE CLUBS EIGHT,0.5652,0.017,0.4178
DIAMONDS ACE DIAMONDS NINE,0.3778,0.0038,0.6184
HEARTS FOUR DIAMONDS NINE,0.6406,0.0188,0.3406
HEARTS FIVE DIAMONDS NINE,0.7112,0.0598,0.229
CLUBS TWO HEARTS ACE,0.4258,0.0056,0.5686
SPADES ACE CLUBS FOUR,0.4168,0.0048,0.5784
DIAMONDS QUEEN DIAMONDS NINE,0.362,0.0096,0.6284
HEARTS TWO DIAMONDS NINE,0.6472,0.02,0.3328
CLUBS TWO HEARTS KING,0.4268,0.0066,0.5666
SPADES KING CLUBS FOUR,0.4224,0.0116,0.566
DIAMONDS KING DIAMONDS NINE,0.3586,0.0078,0.6336
HEARTS THREE DIAMONDS NINE,0.6412,0.0174,0.3414
CLUBS TWO HEARTS QUEEN,0.423,0.01,0.567
SPADES QUEEN CLUBS FOUR,0.4108,0.011,0.5782
DIAMONDS NINE DIAMONDS JACK,0.271,0.144,0.585
CLUBS EIGHT SPADES NINE,0.568,0.0202,0.4118
DIAMONDS NINE DIAMONDS TEN,0.5286,0.0184,0.453
CLUBS EIGHT SPADES EIGHT,0.334,0.0308,0.6352
CLUBS EIGHT SPADES SEVEN,0.565,0.0182,0.4168
CLUBS EIGHT SPADES SIX,0.5978,0.0174,0.3848
CLUBS EIGHT SPADES FIVE,0.6858,0.0634,0.2508
CLUBS EIGHT SPADES FOUR,0.6298,0.0206,0.3496
CLUBS EIGHT SPADES THREE,0.648,0.0178,0.3342
CLUBS EIGHT SPADES TWO,0.6412,0.017,0.3418
HEARTS SIX DIAMONDS TEN,0.5962,0.019,0.3848
DIAMONDS TEN HEARTS SEVEN,0.5716,0.0138,0.4146
DIAMONDS TEN HEARTS EIGHT,0.5736,0.0178,0.4086
DIAMONDS TEN HEARTS NINE,0.5676,0.0144,0.418
CLUBS TEN CLUBS FOUR,0.64,0.0184,0.3416
CLUBS FOUR CLUBS KING,0.3748,0.008,0.6172
CLUBS FOUR CLUBS QUEEN,0.3818,0.0114,0.6068
CLUBS TWO DIAMONDS TEN,0.6378,0.0202,0.342
CLUBS THREE DIAMONDS TEN,0.6372,0.019,0.3438
CLUBS FOUR CLUBS ACE,0.3738,0.0048,0.6214
DIAMONDS JACK DIAMONDS TEN,0.2646,0.1116,0.6238
DIAMONDS QUEEN DIAMONDS TEN,0.3532,0.01,0.6368
HEARTS TWO DIAMONDS TEN,0.6348,0.0196,0.3456
DIAMONDS KING DIAMONDS TEN,0.3612,0.005,0.6338
HEARTS THREE DIAMONDS TEN,0.6396,0.0176,0.3428
DIAMONDS ACE DIAMONDS TEN,0.3644,0.0046,0.631
HEARTS FOUR DIAMONDS TEN,0.6404,0.0164,0.3432
CLUBS EIGHT HEARTS JACK,0.2582,0.214,0.5278
HEARTS FIVE DIAMONDS TEN,0.701,0.0632,0.2358
CLUBS EIGHT HEARTS TEN,0.5722,0.0138,0.414
CLUBS EIGHT HEARTS QUEEN,0.4048,0.0074,0.5878
CLUBS EIGHT HEARTS KING,0.4072,0.0074,0.5854
CLUBS EIGHT HEARTS ACE,0.3986,0.0048,0.5966
CLUBS NINE SPADES THREE,0.6418,0.0196,0.3386
CLUBS NINE SPADES TWO,0.6418,0.0188,0.3394
CLUBS NINE SPADES FIVE,0.7,0.0558,0.2442
CLUBS NINE SPADES FOUR,0.6478,0.021,0.3312
CLUBS NINE SPADES SEVEN,0.5786,0.0184,0.403
CLUBS NINE SPADES SIX,0.5926,0.0172,0.3902
CLUBS NINE SPADES NINE,0.3286,0.0238,0.6476
CLUBS TEN HEARTS EIGHT,0.5738,0.0144,0.4118
CLUBS NINE SPADES EIGHT,0.5636,0.0172,0.4192
CLUBS QUEEN HEARTS EIGHT,0.3748,0.0088,0.6164
CLUBS KING HEARTS EIGHT,0.388,0.009,0.603
CLUBS ACE HEARTS EIGHT,0.3814,0.0058,0.6128
SPADES KING CLUBS KING,0.1704,0.0062,0.8234
SPADES QUEEN CLUBS KING,0.3482,0.006,0.6458
SPADES ACE CLUBS KING,0.354,0.0038,0.6422
DIAMONDS ACE HEARTS TEN,0.384,0.004,0.612
HEARTS FOUR HEARTS TEN,0.615,0.016,0.369
DIAMONDS ACE HEARTS JACK,0.2878,0.0184,0.6938
HEARTS FOUR HEARTS JACK,0.3434,0.406,0.2506
DIAMONDS JACK HEARTS SEVEN,0.2752,0.2852,0.4396
HEARTS SIX DIAMONDS JACK,0.2706,0.3588,0.3706
DIAMONDS JACK HEARTS NINE,0.282,0.1474,0.5706
DIAMONDS JACK HEARTS EIGHT,0.2828,0.213,0.5042
DIAMONDS KING DIAMONDS JACK,0.2676,0.0308,0.7016
HEARTS THREE DIAMONDS JACK,0.3644,0.431,0.2046
SPADES ACE SPADES SIX,0.375,0.0054,0.6196
HEARTS ACE SPADES FOUR,0.4154,0.0048,0.5798
DIAMONDS QUEEN DIAMONDS JACK,0.2674,0.0396,0.693
HEARTS TWO DIAMONDS JACK,0.3598,0.4348,0.2054
HEARTS FIVE DIAMONDS JACK,0.07,0.9068,0.0232
SPADES QUEEN SPADES SIX,0.3692,0.0082,0.6226
SPADES FOUR HEARTS QUEEN,0.4328,0.0118,0.5554
DIAMONDS ACE DIAMONDS JACK,0.2652,0.0184,0.7164
HEARTS FOUR DIAMONDS JACK,0.3564,0.4376,0.206
SPADES KING SPADES SIX,0.387,0.007,0.606
HEARTS KING SPADES FOUR,0.4202,0.006,0.5738
SPADES TEN SPADES SIX,0.576,0.016,0.408
SPADES JACK SPADES SIX,0.25,0.3446,0.4054
SPADES FOUR DIAMONDS JACK,0.3624,0.42,0.2176
SPADES FIVE DIAMONDS JACK,0.073,0.9074,0.0196
DIAMONDS JACK SPADES TWO,0.3546,0.4404,0.205
DIAMONDS JACK SPADES THREE,0.3532,0.4404,0.2064
SPADES ACE DIAMONDS THREE,0.4354,0.004,0.5606
SPADES QUEEN DIAMONDS THREE,0.4272,0.0112,0.5616
CLUBS EIGHT DIAMONDS JACK,0.2486,0.2098,0.5416
SPADES KING DIAMONDS THREE,0.4394,0.0072,0.5534
CLUBS NINE DIAMONDS JACK,0.2632,0.1582,0.5786
CLUBS SIX DIAMONDS JACK,0.2658,0.3684,0.3658
CLUBS SEVEN DIAMONDS JACK,0.2592,0.2866,0.4542
CLUBS FOUR DIAMONDS JACK,0.3496,0.44,0.2104
CLUBS TWO DIAMONDS JACK,0.3584,0.4438,0.1978
CLUBS THREE DIAMONDS JACK,0.3518,0.4398,0.2084
HEARTS SIX SPADES JACK,0.2632,0.3646,0.3722
HEARTS SIX SPADES TEN,0.6032,0.0166,0.3802
SPADES JACK DIAMONDS THREE,0.3646,0.4298,0.2056
CLUBS SEVEN CLUBS ACE,0.3494,0.0054,0.6452
DIAMONDS THREE SPADES TEN,0.6348,0.0188,0.3464
CLUBS SEVEN CLUBS QUEEN,0.349,0.0116,0.6394
CLUBS SEVEN CLUBS KING,0.3516,0.0056,0.6428
SPADES NINE DIAMONDS JACK,0.2764,0.1562,0.5674
CLUBS TEN CLUBS SEVEN,0.5926,0.0156,0.3918
DIAMONDS ACE HEARTS ACE,0.1764,0.0034,0.8202
HEARTS FOUR HEARTS ACE,0.3866,0.0054,0.608
SPADES EIGHT DIAMONDS JACK,0.2752,0.2144,0.5104
SPADES ACE HEARTS SIX,0.4218,0.0032,0.575
DIAMONDS ACE HEARTS KING,0.3858,0.0058,0.6084
HEARTS FOUR HEARTS KING,0.407,0.0088,0.5842
SPADES SEVEN DIAMONDS JACK,0.2732,0.2842,0.4426
SPADES KING HEARTS SIX,0.422,0.0078,0.5702
DIAMONDS ACE HEARTS QUEEN,0.372,0.0036,0.6244
HEARTS FOUR HEARTS QUEEN,0.406,0.0098,0.5842
SPADES QUEEN HEARTS SIX,0.4036,0.0106,0.5858
SPADES SIX DIAMONDS JACK,0.2758,0.365,0.3592
DIAMONDS TEN SPADES TWO,0.6604,0.0164,0.3232
SPADES THREE DIAMONDS TEN,0.6506,0.0194,0.33
SPADES FOUR DIAMONDS TEN,0.6554,0.0176,0.327
SPADES FIVE DIAMONDS TEN,0.7322,0.0584,0.2094
SPADES SIX DIAMONDS TEN,0.6122,0.0184,0.3694
SPADES SEVEN DIAMONDS TEN,0.5876,0.0148,0.3976
SPADES EIGHT DIAMONDS TEN,0.5822,0.0138,0.404
SPADES NINE DIAMONDS TEN,0.5662,0.014,0.4198
CLUBS FOUR DIAMONDS TEN,0.6424,0.0184,0.3392
CLUBS SIX DIAMONDS TEN,0.6042,0.018,0.3778
CLUBS SEVEN DIAMONDS TEN,0.5928,0.0174,0.3898
CLUBS EIGHT DIAMONDS TEN,0.5704,0.0142,0.4154
CLUBS NINE DIAMONDS TEN,0.5448,0.0162,0.439
CLUBS TEN DIAMONDS THREE,0.6408,0.0202,0.339
DIAMONDS THREE CLUBS KING,0.4242,0.0074,0.5684
DIAMONDS THREE CLUBS QUEEN,0.419,0.013,0.568
DIAMONDS THREE CLUBS ACE,0.4094,0.0052,0.5854
SPADES FOUR HEARTS JACK,0.3494,0.4334,0.2172
SPADES FOUR HEARTS TEN,0.6314,0.017,0.3516
SPADES FIVE SPADES TWO,0.643,0.0642,0.2928
SPADES FOUR SPADES TWO,0.6254,0.0194,0.3552
SPADES THREE SPADES TWO,0.61,0.022,0.368
SPADES NINE SPADES TWO,0.6078,0.0184,0.3738
SPADES EIGHT SPADES TWO,0.6086,0.016,0.3754
SPADES SEVEN SPADES TWO,0.6132,0.022,0.3648
SPADES SIX SPADES TWO,0.6142,0.0166,0.3692
DIAMONDS QUEEN CLUBS THREE,0.4182,0.011,0.5708
HEARTS TWO CLUBS THREE,0.6546,0.0186,0.3268
DIAMONDS QUEEN CLUBS TWO,0.432,0.0118,0.5562
CLUBS TWO HEARTS TWO,0.4392,0.047,0.5138
DIAMONDS QUEEN HEARTS SEVEN,0.4146,0.0104,0.575
HEARTS TWO HEARTS SEVEN,0.6212,0.0188,0.36
HEARTS SIX DIAMONDS QUEEN,0.4058,0.0108,0.5834
HEARTS SIX HEARTS TWO,0.6116,0.022,0.3664
DIAMONDS QUEEN HEARTS NINE,0.4,0.0114,0.5886
HEARTS TWO HEARTS NINE,0.6128,0.0152,0.372
DIAMONDS QUEEN HEARTS EIGHT,0.4006,0.0104,0.589
HEARTS TWO HEARTS EIGHT,0.6036,0.0194,0.377
CLUBS NINE HEARTS TWO,0.6366,0.0204,0.343
CLUBS NINE DIAMONDS QUEEN,0.3798,0.0112,0.609
CLUBS EIGHT HEARTS TWO,0.6438,0.0216,0.3346
CLUBS EIGHT DIAMONDS QUEEN,0.3826,0.0092,0.6082
SPADES EIGHT HEARTS ACE,0.3962,0.0044,0.5994
CLUBS FOUR DIAMONDS QUEEN,0.4226,0.011,0.5664
CLUBS FOUR HEARTS TWO,0.644,0.0244,0.3316
CLUBS SEVEN DIAMONDS QUEEN,0.3988,0.011,0.5902
CLUBS SEVEN HEARTS TWO,0.661,0.0188,0.3202
SPADES EIGHT HEARTS QUEEN,0.3972,0.0106,0.5922
CLUBS SIX DIAMONDS QUEEN,0.3846,0.0124,0.603
CLUBS SIX HEARTS TWO,0.6456,0.0188,0.3356
SPADES EIGHT HEARTS KING,0.3952,0.0094,0.5954
HEARTS TWO SPADES SIX,0.6434,0.019,0.3376
DIAMONDS QUEEN SPADES SIX,0.4146,0.0124,0.573
HEARTS FOUR CLUBS QUEEN,0.406,0.0122,0.5818
DIAMONDS ACE CLUBS QUEEN,0.3634,0.0048,0.6318
DIAMONDS QUEEN SPADES SEVEN,0.4112,0.0106,0.5782
HEARTS TWO SPADES SEVEN,0.6512,0.019,0.3298
HEARTS FOUR CLUBS KING,0.4288,0.0076,0.5636
DIAMONDS ACE CLUBS KING,0.3516,0.0066,0.6418
DIAMONDS QUEEN SPADES EIGHT,0.4034,0.0102,0.5864
SPADES EIGHT HEARTS TWO,0.6578,0.0174,0.3248
HEARTS FOUR CLUBS ACE,0.3992,0.0054,0.5954
DIAMONDS ACE CLUBS ACE,0.1674,0.004,0.8286
SPADES NINE DIAMONDS QUEEN,0.378,0.009,0.613
SPADES NINE HEARTS TWO,0.6558,0.0172,0.327
HEARTS TWO SPADES TWO,0.4482,0.0454,0.5064
DIAMONDS QUEEN SPADES TWO,0.4436,0.0116,0.5448
HEARTS TWO SPADES THREE,0.668,0.0182,0.3138
DIAMONDS QUEEN SPADES THREE,0.4418,0.012,0.5462
HEARTS TWO SPADES FOUR,0.6554,0.022,0.3226
DIAMONDS QUEEN SPADES FOUR,0.4352,0.0116,0.5532
HEARTS FOUR CLUBS TEN,0.6432,0.0164,0.3404
CLUBS TEN DIAMONDS ACE,0.3818,0.005,0.6132
HEARTS TWO SPADES FIVE,0.6992,0.0636,0.2372
DIAMONDS QUEEN SPADES FIVE,0.2746,0.0536,0.6718
SPADES SIX CLUBS KING,0.3886,0.0102,0.6012
SPADES SIX CLUBS QUEEN,0.3966,0.0118,0.5916
SPADES EIGHT HEARTS JACK,0.2822,0.213,0.5048
SPADES SIX CLUBS ACE,0.392,0.0064,0.6016
SPADES EIGHT HEARTS TEN,0.5816,0.0166,0.4018
CLUBS TEN SPADES SIX,0.5998,0.0242,0.376
SPADES QUEEN CLUBS SEVEN,0.4094,0.0112,0.5794
SPADES KING CLUBS SEVEN,0.4106,0.007,0.5824
SPADES ACE CLUBS SEVEN,0.3896,0.0052,0.6052
SPADES SIX HEARTS TEN,0.6,0.0168,0.3832
SPADES SIX HEARTS JACK,0.267,0.3638,0.3692
SPADES SIX HEARTS ACE,0.3922,0.0034,0.6044
SPADES SIX HEARTS KING,0.4028,0.0066,0.5906
SPADES SIX HEARTS QUEEN,0.4032,0.0124,0.5844
CLUBS SEVEN SPADES JACK,0.255,0.2848,0.4602
CLUBS SEVEN SPADES TEN,0.5838,0.0144,0.4018
CLUBS TEN HEARTS SIX,0.6024,0.0178,0.3798
HEARTS SIX CLUBS QUEEN,0.3862,0.011,0.6028
HEARTS SIX CLUBS KING,0.3976,0.0112,0.5912
HEARTS SIX CLUBS ACE,0.3764,0.004,0.6196
DIAMONDS THREE HEARTS ACE,0.4362,0.0056,0.5582
DIAMONDS THREE HEARTS QUEEN,0.431,0.0112,0.5578
DIAMONDS THREE HEARTS KING,0.4332,0.01,0.5568
SPADES TEN DIAMONDS ACE,0.3852,0.0034,0.6114
HEARTS FOUR SPADES TEN,0.6586,0.0144,0.327
HEARTS FOUR SPADES JACK,0.3604,0.4342,0.2054
SPADES JACK DIAMONDS ACE,0.275,0.0202,0.7048
SPADES ACE HEARTS FOUR,0.4184,0.0038,0.5778
SPADES ACE DIAMONDS ACE,0.1672,0.0028,0.83
HEARTS FOUR SPADES QUEEN,0.4298,0.0094,0.5608
SPADES QUEEN DIAMONDS ACE,0.3662,0.0068,0.627
SPADES KING DIAMONDS ACE,0.3652,0.0042,0.6306
HEARTS FOUR SPADES KING,0.4358,0.0076,0.5566
CLUBS TEN SPADES FOUR,0.643,0.0194,0.3376
DIAMONDS QUEEN DIAMONDS ACE,0.3494,0.0042,0.6464
HEARTS TWO DIAMONDS ACE,0.425,0.004,0.571
HEARTS FOUR DIAMONDS QUEEN,0.418,0.0102,0.5718
HEARTS FOUR HEARTS TWO,0.6112,0.019,0.3698
DIAMONDS THREE HEARTS TEN,0.642,0.0188,0.3392
SPADES FOUR CLUBS KING,0.4134,0.0084,0.5782
HEARTS FIVE DIAMONDS QUEEN,0.2706,0.0476,0.6818
HEARTS FIVE HEARTS TWO,0.6656,0.0546,0.2798
DIAMONDS THREE HEARTS JACK,0.3514,0.4304,0.2182
SPADES FOUR CLUBS QUEEN,0.4132,0.011,0.5758
DIAMONDS QUEEN HEARTS TWO,0.4266,0.01,0.5634
DIAMONDS KING DIAMONDS QUEEN,0.3512,0.0078,0.641
DIAMONDS KING HEARTS TWO,0.4288,0.0086,0.5626
HEARTS THREE DIAMONDS QUEEN,0.42,0.0136,0.5664
HEARTS THREE HEARTS TWO,0.6248,0.0212,0.354
SPADES FOUR CLUBS ACE,0.41,0.0068,0.5832
HEARTS TWO CLUBS ACE,0.3992,0.007,0.5938
DIAMONDS QUEEN CLUBS ACE,0.3526,0.0042,0.6432
HEARTS TWO CLUBS QUEEN,0.4236,0.0128,0.5636
DIAMONDS QUEEN CLUBS QUEEN,0.1832,0.0112,0.8056
HEARTS TWO CLUBS KING,0.4268,0.0094,0.5638
DIAMONDS QUEEN CLUBS KING,0.3494,0.0072,0.6434
SPADES EIGHT SPADES FIVE,0.6568,0.058,0.2852
CLUBS TEN HEARTS TWO,0.6494,0.0182,0.3324
CLUBS TEN DIAMONDS QUEEN,0.3624,0.0086,0.629
SPADES NINE SPADES FIVE,0.6614,0.057,0.2816
SPADES SIX SPADES FIVE,0.6328,0.0562,0.311
SPADES SEVEN SPADES FIVE,0.64,0.0524,0.3076
DIAMONDS FIVE CLUBS QUEEN,0.2618,0.055,0.6832
SPADES EIGHT CLUBS ACE,0.3864,0.0044,0.6092
DIAMONDS FIVE CLUBS KING,0.2708,0.0394,0.6898
SPADES EIGHT CLUBS KING,0.3874,0.009,0.6036
DIAMONDS FIVE CLUBS ACE,0.2688,0.026,0.7052
SPADES EIGHT CLUBS QUEEN,0.4024,0.012,0.5856
CLUBS TEN SPADES EIGHT,0.5776,0.0144,0.408
CLUBS TEN DIAMONDS FIVE,0.7112,0.0636,0.2252
HEARTS JACK DIAMONDS TEN,0.2744,0.1168,0.6088
DIAMONDS TEN HEARTS TEN,0.3156,0.0214,0.663
SPADES ACE CLUBS NINE,0.3808,0.005,0.6142
CLUBS NINE SPADES QUEEN,0.3728,0.0132,0.614
CLUBS NINE SPADES KING,0.3902,0.0084,0.6014
HEARTS SIX HEARTS KING,0.383,0.0076,0.6094
DIAMONDS KING SPADES SEVEN,0.405,0.0068,0.5882
HEARTS THREE SPADES SEVEN,0.6376,0.0198,0.3426
SPADES KING DIAMONDS SEVEN,0.3968,0.0056,0.5976
HEARTS SIX HEARTS QUEEN,0.3888,0.0114,0.5998
SPADES QUEEN DIAMONDS SEVEN,0.4014,0.0116,0.587
HEARTS THREE SPADES SIX,0.6476,0.0162,0.3362
DIAMONDS KING SPADES SIX,0.402,0.0068,0.5912
DIAMONDS KING SPADES NINE,0.416,0.004,0.58
HEARTS THREE SPADES NINE,0.6498,0.0164,0.3338
HEARTS SIX HEARTS ACE,0.381,0.0058,0.6132
DIAMONDS KING SPADES EIGHT,0.4032,0.0088,0.588
HEARTS THREE SPADES EIGHT,0.6544,0.018,0.3276
SPADES ACE DIAMONDS SEVEN,0.3978,0.0044,0.5978
CLUBS NINE HEARTS THREE,0.6378,0.0202,0.342
CLUBS NINE DIAMONDS KING,0.3848,0.0104,0.6048
HEARTS THREE CLUBS EIGHT,0.6456,0.017,0.3374
CLUBS EIGHT DIAMONDS KING,0.3956,0.0072,0.5972
HEARTS THREE SPADES THREE,0.4492,0.0424,0.5084
DIAMONDS KING SPADES THREE,0.4356,0.009,0.5554
HEARTS THREE SPADES TWO,0.6532,0.0184,0.3284
DIAMONDS KING SPADES TWO,0.4316,0.007,0.5614
HEARTS THREE SPADES FIVE,0.686,0.0638,0.2502
DIAMONDS KING SPADES FIVE,0.2898,0.0346,0.6756
HEARTS THREE SPADES FOUR,0.6484,0.0234,0.3282
