opposingHand,winningChance,drawChance,lostChance
CLUBS TEN SPADES EIGHT
HEARTS FIVE SPADES TEN,0.5482,0.2318,0.22
SPADES JACK HEARTS FIVE,0.4156,0.018,0.5664
SPADES FIVE CLUBS JACK,0.4276,0.0154,0.557
CLUBS EIGHT CLUBS JACK,0.2472,0.0512,0.7016
CLUBS EIGHT CLUBS KING,0.2794,0.0364,0.6842
SPADES FIVE CLUBS ACE,0.4262,0.0052,0.5686
CLUBS EIGHT CLUBS QUEEN,0.2614,0.0422,0.6964
SPADES FIVE CLUBS KING,0.4274,0.0082,0.5644
SPADES FIVE CLUBS QUEEN,0.431,0.0134,0.5556
CLUBS EIGHT CLUBS ACE,0.2744,0.0264,0.6992
DIAMONDS TWO DIAMONDS THREE,0.6092,0.023,0.3678
DIAMONDS TWO DIAMONDS FIVE,0.6026,0.0214,0.376
SPADES KING HEARTS FIVE,0.4292,0.0076,0.5632
DIAMONDS TWO DIAMONDS FOUR,0.6002,0.0238,0.376
SPADES QUEEN HEARTS FIVE,0.4328,0.0118,0.5554
DIAMONDS TWO DIAMONDS SEVEN,0.6232,0.025,0.3518
DIAMONDS TWO DIAMONDS SIX,0.6144,0.0238,0.3618
SPADES ACE HEARTS FIVE,0.423,0.0026,0.5744
DIAMONDS TWO DIAMONDS NINE,0.6212,0.0224,0.3564
DIAMONDS TWO DIAMONDS EIGHT,0.6582,0.079,0.2628
DIAMONDS THREE DIAMONDS FOUR,0.5848,0.0234,0.3918
CLUBS TWO SPADES FOUR,0.6478,0.0246,0.3276
DIAMONDS THREE DIAMONDS FIVE,0.5886,0.0252,0.3862
CLUBS TWO SPADES FIVE,0.6432,0.0266,0.3302
CLUBS TWO SPADES TWO,0.454,0.0566,0.4894
CLUBS TWO SPADES THREE,0.6474,0.0252,0.3274
DIAMONDS THREE DIAMONDS EIGHT,0.6604,0.0684,0.2712
DIAMONDS THREE DIAMONDS NINE,0.6084,0.025,0.3666
SPADES NINE CLUBS TWO,0.6686,0.0244,0.307
DIAMONDS THREE DIAMONDS SIX,0.6092,0.0278,0.363
CLUBS TWO SPADES SIX,0.6744,0.0282,0.2974
DIAMONDS THREE DIAMONDS SEVEN,0.609,0.023,0.368
SPADES SEVEN CLUBS TWO,0.68,0.0238,0.2962
CLUBS SIX CLUBS TWO,0.6304,0.0256,0.344
CLUBS SEVEN CLUBS TWO,0.6398,0.0278,0.3324
CLUBS FOUR CLUBS TWO,0.5998,0.0292,0.371
CLUBS FIVE CLUBS TWO,0.5898,0.0304,0.3798
DIAMONDS FOUR DIAMONDS SIX,0.5862,0.0266,0.3872
DIAMONDS FOUR DIAMONDS SEVEN,0.5774,0.0256,0.397
CLUBS EIGHT CLUBS TWO,0.6728,0.0872,0.24
DIAMONDS FIVE DIAMONDS FOUR,0.5708,0.0234,0.4058
CLUBS NINE CLUBS TWO,0.6244,0.0254,0.3502
DIAMONDS NINE DIAMONDS FOUR,0.5924,0.0258,0.3818
DIAMONDS EIGHT DIAMONDS FOUR,0.6328,0.08,0.2872
CLUBS TWO CLUBS THREE,0.6058,0.0262,0.368
DIAMONDS NINE DIAMONDS FIVE,0.5914,0.027,0.3816
DIAMONDS TWO CLUBS JACK,0.4206,0.0198,0.5596
DIAMONDS EIGHT DIAMONDS FIVE,0.6362,0.0782,0.2856
DIAMONDS FIVE DIAMONDS SEVEN,0.5738,0.022,0.4042
DIAMONDS FIVE DIAMONDS SIX,0.5728,0.0202,0.407
DIAMONDS TWO CLUBS ACE,0.4262,0.0062,0.5676
DIAMONDS TWO CLUBS KING,0.4262,0.009,0.5648
DIAMONDS TWO CLUBS QUEEN,0.4302,0.0118,0.558
DIAMONDS EIGHT DIAMONDS SIX,0.6148,0.0718,0.3134
DIAMONDS NINE DIAMONDS SIX,0.583,0.0226,0.3944
HEARTS ACE SPADES THREE,0.4328,0.0036,0.5636
HEARTS KING SPADES THREE,0.4374,0.008,0.5546
DIAMONDS SEVEN DIAMONDS SIX,0.5734,0.0256,0.401
SPADES THREE HEARTS QUEEN,0.4538,0.0112,0.535
SPADES THREE HEARTS JACK,0.4304,0.016,0.5536
SPADES THREE HEARTS TEN,0.5652,0.2228,0.212
DIAMONDS EIGHT DIAMONDS SEVEN,0.6164,0.0764,0.3072
DIAMONDS NINE DIAMONDS SEVEN,0.577,0.0256,0.3974
DIAMONDS NINE DIAMONDS EIGHT,0.6288,0.0726,0.2986
DIAMONDS KING HEARTS TEN,0.2586,0.03,0.7114
HEARTS THREE HEARTS TEN,0.5144,0.2068,0.2788
CLUBS SIX SPADES JACK,0.4304,0.0154,0.5542
DIAMONDS KING HEARTS JACK,0.3422,0.0078,0.65
HEARTS THREE HEARTS JACK,0.3936,0.0136,0.5928
CLUBS SIX SPADES TEN,0.5654,0.229,0.2056
SPADES JACK SPADES FIVE,0.4178,0.0204,0.5618
SPADES TEN SPADES FIVE,0.5274,0.208,0.2646
DIAMONDS KING HEARTS ACE,0.3642,0.0044,0.6314
HEARTS THREE HEARTS ACE,0.396,0.0046,0.5994
SPADES ACE CLUBS SIX,0.43,0.0054,0.5646
DIAMONDS KING HEARTS QUEEN,0.3496,0.0056,0.6448
HEARTS THREE HEARTS QUEEN,0.3944,0.0102,0.5954
SPADES KING CLUBS SIX,0.41,0.0098,0.5802
DIAMONDS KING HEARTS KING,0.1838,0.0086,0.8076
HEARTS THREE HEARTS KING,0.4188,0.007,0.5742
SPADES QUEEN CLUBS SIX,0.4172,0.0124,0.5704
SPADES NINE HEARTS TEN,0.2136,0.167,0.6194
SPADES NINE HEARTS JACK,0.3444,0.0152,0.6404
SPADES QUEEN SPADES FIVE,0.4188,0.01,0.5712
SPADES KING SPADES FIVE,0.4048,0.0086,0.5866
SPADES ACE SPADES FIVE,0.401,0.0044,0.5946
SPADES NINE HEARTS QUEEN,0.3664,0.0114,0.6222
SPADES NINE HEARTS KING,0.3808,0.006,0.6132
SPADES NINE HEARTS ACE,0.383,0.0062,0.6108
SPADES FIVE HEARTS QUEEN,0.437,0.0124,0.5506
SPADES FIVE HEARTS KING,0.4366,0.0076,0.5558
SPADES FIVE HEARTS ACE,0.4338,0.004,0.5622
CLUBS EIGHT SPADES TEN,0.0066,0.9862,0.0072
HEARTS THREE SPADES JACK,0.4438,0.0166,0.5396
SPADES JACK DIAMONDS KING,0.3522,0.0068,0.641
SPADES TEN DIAMONDS KING,0.2476,0.0336,0.7188
HEARTS THREE SPADES TEN,0.5508,0.2208,0.2284
CLUBS EIGHT SPADES JACK,0.2488,0.0482,0.703
SPADES ACE CLUBS EIGHT,0.2794,0.0212,0.6994
HEARTS FIVE CLUBS JACK,0.4346,0.0186,0.5468
CLUBS SIX HEARTS ACE,0.4438,0.0032,0.553
CLUBS EIGHT SPADES QUEEN,0.2692,0.0446,0.6862
CLUBS SIX HEARTS QUEEN,0.434,0.0114,0.5546
CLUBS EIGHT SPADES KING,0.2854,0.0272,0.6874
SPADES THREE CLUBS JACK,0.4438,0.018,0.5382
CLUBS SIX HEARTS KING,0.4332,0.007,0.5598
DIAMONDS TWO HEARTS JACK,0.4396,0.0162,0.5442
SPADES THREE CLUBS QUEEN,0.427,0.0118,0.5612
DIAMONDS TWO HEARTS TEN,0.5468,0.2332,0.22
SPADES THREE CLUBS KING,0.4362,0.0094,0.5544
HEARTS FIVE CLUBS ACE,0.4138,0.003,0.5832
SPADES FIVE HEARTS TEN,0.5484,0.2336,0.218
SPADES THREE CLUBS ACE,0.4432,0.0054,0.5514
HEARTS FIVE CLUBS KING,0.4232,0.0062,0.5706
SPADES FIVE HEARTS JACK,0.441,0.0166,0.5424
HEARTS FIVE CLUBS QUEEN,0.434,0.0108,0.5552
HEARTS THREE CLUBS KING,0.4384,0.0072,0.5544
DIAMONDS KING CLUBS KING,0.1714,0.012,0.8166
HEARTS THREE CLUBS QUEEN,0.4364,0.0108,0.5528
DIAMONDS KING CLUBS QUEEN,0.3546,0.0056,0.6398
HEARTS FIVE HEARTS JACK,0.4028,0.0164,0.5808
HEARTS FIVE HEARTS TEN,0.522,0.2094,0.2686
HEARTS THREE CLUBS ACE,0.4186,0.007,0.5744
DIAMONDS KING CLUBS ACE,0.3468,0.0044,0.6488
SPADES ACE CLUBS QUEEN,0.355,0.0038,0.6412
SPADES KING CLUBS QUEEN,0.3368,0.0086,0.6546
HEARTS THREE CLUBS JACK,0.4252,0.0184,0.5564
DIAMONDS KING CLUBS JACK,0.3322,0.0072,0.6606
SPADES QUEEN CLUBS QUEEN,0.1516,0.018,0.8304
SPADES JACK CLUBS QUEEN,0.331,0.0124,0.6566
CLUBS SIX CLUBS QUEEN,0.4108,0.0106,0.5786
SPADES TEN CLUBS QUEEN,0.2456,0.046,0.7084
CLUBS SIX CLUBS KING,0.3992,0.007,0.5938
CLUBS SIX CLUBS ACE,0.4034,0.0034,0.5932
HEARTS FIVE HEARTS KING,0.402,0.007,0.591
HEARTS FIVE HEARTS QUEEN,0.3924,0.0086,0.599
HEARTS FIVE HEARTS ACE,0.3996,0.0038,0.5966
CLUBS SIX CLUBS JACK,0.4024,0.0156,0.582
SPADES SEVEN HEARTS JACK,0.4112,0.0194,0.5694
SPADES SEVEN HEARTS TEN,0.5538,0.2268,0.2194
DIAMONDS TWO CLUBS TWO,0.443,0.051,0.506
DIAMONDS TWO CLUBS THREE,0.6442,0.031,0.3248
HEARTS SIX DIAMONDS TWO,0.6442,0.026,0.3298
DIAMONDS TWO HEARTS QUEEN,0.4376,0.011,0.5514
DIAMONDS TWO HEARTS SEVEN,0.6648,0.0298,0.3054
DIAMONDS TWO HEARTS KING,0.4416,0.008,0.5504
DIAMONDS TWO HEARTS EIGHT,0.692,0.0786,0.2294
DIAMONDS TWO HEARTS ACE,0.4326,0.0042,0.5632
DIAMONDS TWO HEARTS NINE,0.6606,0.0238,0.3156
DIAMONDS TWO DIAMONDS QUEEN,0.4118,0.0104,0.5778
DIAMONDS TWO HEARTS TWO,0.444,0.0464,0.5096
DIAMONDS TWO DIAMONDS KING,0.3972,0.0066,0.5962
HEARTS THREE DIAMONDS TWO,0.6438,0.0248,0.3314
DIAMONDS TWO DIAMONDS ACE,0.4076,0.004,0.5884
HEARTS FOUR DIAMONDS TWO,0.6354,0.0284,0.3362
DIAMONDS TWO HEARTS FIVE,0.625,0.0226,0.3524
SPADES SEVEN HEARTS ACE,0.4086,0.004,0.5874
DIAMONDS TWO DIAMONDS TEN,0.522,0.1968,0.2812
SPADES SEVEN HEARTS KING,0.4178,0.0054,0.5768
DIAMONDS TWO DIAMONDS JACK,0.4036,0.0148,0.5816
SPADES SEVEN HEARTS QUEEN,0.433,0.0114,0.5556
DIAMONDS TWO SPADES NINE,0.6346,0.0326,0.3328
DIAMONDS TWO SPADES SEVEN,0.6774,0.0272,0.2954
DIAMONDS TWO SPADES SIX,0.6552,0.0282,0.3166
DIAMONDS TWO SPADES FIVE,0.6428,0.0276,0.3296
DIAMONDS TWO SPADES FOUR,0.6372,0.028,0.3348
DIAMONDS TWO SPADES THREE,0.63,0.0304,0.3396
DIAMONDS TWO SPADES TWO,0.443,0.0502,0.5068
CLUBS NINE DIAMONDS TWO,0.65,0.0292,0.3208
CLUBS EIGHT DIAMONDS TWO,0.7034,0.0792,0.2174
DIAMONDS TWO CLUBS SEVEN,0.6842,0.0254,0.2904
CLUBS SIX DIAMONDS TWO,0.6528,0.028,0.3192
DIAMONDS TWO CLUBS FIVE,0.625,0.0282,0.3468
DIAMONDS TWO CLUBS FOUR,0.6438,0.0284,0.3278
CLUBS FOUR SPADES FIVE,0.6142,0.0266,0.3592
CLUBS FOUR SPADES FOUR,0.4444,0.0536,0.502
CLUBS FOUR SPADES THREE,0.6244,0.0272,0.3484
CLUBS FOUR SPADES TWO,0.6464,0.031,0.3226
CLUBS FOUR SPADES NINE,0.6432,0.027,0.3298
CLUBS FOUR SPADES SEVEN,0.6442,0.0278,0.328
CLUBS FOUR SPADES SIX,0.6322,0.023,0.3448
SPADES ACE DIAMONDS SIX,0.4216,0.0038,0.5746
SPADES QUEEN DIAMONDS SIX,0.4296,0.0108,0.5596
SPADES KING DIAMONDS SIX,0.4218,0.0082,0.57
SPADES TEN DIAMONDS SIX,0.5442,0.2276,0.2282
SPADES JACK DIAMONDS SIX,0.4256,0.016,0.5584
SPADES QUEEN SPADES TWO,0.413,0.0094,0.5776
SPADES KING SPADES TWO,0.4258,0.0074,0.5668
SPADES ACE SPADES TWO,0.403,0.0062,0.5908
DIAMONDS JACK CLUBS JACK,0.1686,0.0194,0.812
DIAMONDS JACK CLUBS KING,0.3308,0.0036,0.6656
DIAMONDS JACK CLUBS QUEEN,0.3344,0.0058,0.6598
DIAMONDS THREE DIAMONDS JACK,0.4074,0.0146,0.578
DIAMONDS THREE DIAMONDS TEN,0.5208,0.2068,0.2724
DIAMONDS JACK CLUBS ACE,0.34,0.004,0.656
DIAMONDS THREE DIAMONDS KING,0.4134,0.0074,0.5792
HEARTS THREE DIAMONDS THREE,0.4542,0.0474,0.4984
DIAMONDS THREE DIAMONDS QUEEN,0.4172,0.012,0.5708
DIAMONDS THREE HEARTS TWO,0.6286,0.0262,0.3452
HEARTS FIVE DIAMONDS THREE,0.631,0.0264,0.3426
DIAMONDS THREE DIAMONDS ACE,0.4052,0.0034,0.5914
HEARTS FOUR DIAMONDS THREE,0.6206,0.0244,0.355
DIAMONDS THREE HEARTS SEVEN,0.6416,0.0272,0.3312
SPADES TEN SPADES NINE,0.2286,0.1652,0.6062
HEARTS SIX DIAMONDS THREE,0.6352,0.0264,0.3384
SPADES JACK SPADES NINE,0.3404,0.015,0.6446
DIAMONDS THREE HEARTS NINE,0.6426,0.0224,0.335
HEARTS JACK DIAMONDS FOUR,0.4376,0.0154,0.547
HEARTS KING HEARTS ACE,0.3406,0.0052,0.6542
SPADES TEN SPADES TWO,0.5166,0.2312,0.2522
DIAMONDS THREE HEARTS EIGHT,0.6904,0.0744,0.2352
HEARTS TEN DIAMONDS FOUR,0.5538,0.2168,0.2294
SPADES JACK SPADES TWO,0.4218,0.0176,0.5606
HEARTS QUEEN DIAMONDS FOUR,0.4296,0.0112,0.5592
HEARTS KING DIAMONDS FOUR,0.4286,0.0068,0.5646
SPADES ACE SPADES NINE,0.375,0.0046,0.6204
HEARTS ACE DIAMONDS FOUR,0.4234,0.0036,0.573
SPADES KING SPADES NINE,0.371,0.0066,0.6224
SPADES QUEEN SPADES NINE,0.358,0.0142,0.6278
DIAMONDS THREE SPADES NINE,0.6418,0.0254,0.3328
DIAMONDS THREE SPADES SEVEN,0.6588,0.0288,0.3124
DIAMONDS THREE SPADES SIX,0.637,0.0272,0.3358
CLUBS SIX DIAMONDS THREE,0.6342,0.032,0.3338
CLUBS ACE DIAMONDS FOUR,0.4182,0.0036,0.5782
CLUBS SIX CLUBS FIVE,0.6128,0.0208,0.3664
CLUBS SEVEN CLUBS FIVE,0.59,0.0278,0.3822
CLUBS SEVEN DIAMONDS THREE,0.6642,0.0268,0.309
DIAMONDS THREE CLUBS FOUR,0.623,0.0258,0.3512
DIAMONDS FOUR CLUBS QUEEN,0.4314,0.0076,0.561
DIAMONDS THREE CLUBS FIVE,0.6134,0.0272,0.3594
CLUBS KING DIAMONDS FOUR,0.421,0.0048,0.5742
DIAMONDS THREE CLUBS TWO,0.6364,0.0272,0.3364
DIAMONDS THREE CLUBS THREE,0.4406,0.0526,0.5068
DIAMONDS FOUR CLUBS JACK,0.435,0.0154,0.5496
DIAMONDS THREE SPADES FOUR,0.6268,0.0256,0.3476
DIAMONDS THREE SPADES FIVE,0.6298,0.028,0.3422
DIAMONDS THREE SPADES TWO,0.6378,0.0304,0.3318
DIAMONDS THREE SPADES THREE,0.4674,0.0462,0.4864
CLUBS EIGHT DIAMONDS THREE,0.7038,0.087,0.2092
CLUBS NINE DIAMONDS THREE,0.6462,0.0276,0.3262
SPADES SEVEN CLUBS ACE,0.4114,0.0034,0.5852
SPADES SEVEN CLUBS QUEEN,0.4298,0.0128,0.5574
SPADES SEVEN CLUBS KING,0.412,0.0078,0.5802
CLUBS FIVE SPADES SEVEN,0.631,0.0214,0.3476
CLUBS FIVE SPADES SIX,0.6236,0.0254,0.351
SPADES SEVEN CLUBS JACK,0.397,0.0182,0.5848
SPADES NINE CLUBS FIVE,0.629,0.0244,0.3466
CLUBS FIVE SPADES THREE,0.6266,0.0256,0.3478
CLUBS FIVE SPADES TWO,0.642,0.03,0.328
CLUBS FIVE SPADES FIVE,0.4468,0.0474,0.5058
CLUBS FIVE SPADES FOUR,0.6118,0.0256,0.3626
CLUBS NINE CLUBS FIVE,0.5952,0.0262,0.3786
CLUBS EIGHT CLUBS FIVE,0.657,0.0758,0.2672
CLUBS ACE CLUBS QUEEN,0.3556,0.0026,0.6418
CLUBS KING CLUBS QUEEN,0.3274,0.0078,0.6648
DIAMONDS TEN DIAMONDS FOUR,0.5194,0.2186,0.262
DIAMONDS JACK DIAMONDS FOUR,0.403,0.0182,0.5788
DIAMONDS NINE CLUBS JACK,0.3542,0.0138,0.632
SPADES NINE CLUBS JACK,0.3622,0.0168,0.621
DIAMONDS ACE DIAMONDS FOUR,0.3998,0.0054,0.5948
HEARTS FOUR DIAMONDS FOUR,0.444,0.0534,0.5026
DIAMONDS JACK HEARTS TEN,0.245,0.0562,0.6988
SPADES NINE CLUBS KING,0.3666,0.005,0.6284
DIAMONDS TWO SPADES TEN,0.5562,0.217,0.2268
DIAMONDS NINE CLUBS ACE,0.4024,0.0028,0.5948
HEARTS FIVE DIAMONDS FOUR,0.6004,0.0264,0.3732
HEARTS JACK DIAMONDS JACK,0.1636,0.023,0.8134
SPADES NINE CLUBS QUEEN,0.3668,0.0126,0.6206
DIAMONDS TWO SPADES JACK,0.4334,0.0154,0.5512
DIAMONDS QUEEN DIAMONDS FOUR,0.413,0.0108,0.5762
HEARTS TWO DIAMONDS FOUR,0.6348,0.0296,0.3356
DIAMONDS NINE CLUBS QUEEN,0.357,0.0108,0.6322
DIAMONDS KING DIAMONDS FOUR,0.4066,0.0062,0.5872
HEARTS THREE DIAMONDS FOUR,0.6188,0.0284,0.3528
SPADES NINE CLUBS ACE,0.3782,0.005,0.6168
DIAMONDS NINE CLUBS KING,0.388,0.0066,0.6054
HEARTS ACE DIAMONDS JACK,0.3524,0.0034,0.6442
SPADES ACE DIAMONDS TWO,0.431,0.0048,0.5642
DIAMONDS JACK HEARTS QUEEN,0.3426,0.0066,0.6508
SPADES QUEEN DIAMONDS TWO,0.4446,0.0112,0.5442
HEARTS KING DIAMONDS JACK,0.3464,0.0072,0.6464
SPADES KING DIAMONDS TWO,0.4206,0.0088,0.5706
SPADES JACK SPADES SEVEN,0.3916,0.0154,0.593
SPADES TEN SPADES SEVEN,0.5298,0.2198,0.2504
CLUBS SEVEN CLUBS THREE,0.6224,0.0258,0.3518
CLUBS SIX CLUBS THREE,0.6122,0.0256,0.3622
CLUBS FIVE CLUBS THREE,0.6044,0.0252,0.3704
CLUBS FOUR CLUBS THREE,0.5944,0.0274,0.3782
CLUBS NINE CLUBS THREE,0.6244,0.0246,0.351
CLUBS EIGHT CLUBS THREE,0.6728,0.0748,0.2524
CLUBS THREE SPADES FIVE,0.623,0.0242,0.3528
CLUBS THREE SPADES FOUR,0.6278,0.0228,0.3494
CLUBS THREE SPADES THREE,0.4496,0.0456,0.5048
CLUBS THREE SPADES TWO,0.6416,0.0292,0.3292
SPADES SIX CLUBS THREE,0.6488,0.0274,0.3238
SPADES SEVEN CLUBS THREE,0.6634,0.025,0.3116
SPADES NINE CLUBS THREE,0.652,0.0294,0.3186
SPADES TWO DIAMONDS FOUR,0.6418,0.0262,0.332
SPADES THREE DIAMONDS FOUR,0.6218,0.0268,0.3514
SPADES FOUR DIAMONDS FOUR,0.4516,0.0476,0.5008
SPADES FIVE DIAMONDS FOUR,0.6084,0.0242,0.3674
SPADES SIX DIAMONDS FOUR,0.6398,0.0274,0.3328
SPADES SEVEN DIAMONDS FOUR,0.6402,0.027,0.3328
SPADES NINE DIAMONDS FOUR,0.6356,0.0214,0.343
CLUBS FIVE DIAMONDS FOUR,0.6086,0.0272,0.3642
CLUBS FOUR DIAMONDS FOUR,0.4512,0.0518,0.497
CLUBS SEVEN DIAMONDS FOUR,0.6604,0.026,0.3136
CLUBS SIX DIAMONDS FOUR,0.6144,0.0278,0.3578
CLUBS NINE DIAMONDS FOUR,0.6512,0.0278,0.321
CLUBS EIGHT DIAMONDS FOUR,0.6876,0.0874,0.225
DIAMONDS FOUR HEARTS SEVEN,0.6458,0.026,0.3282
HEARTS SIX DIAMONDS FOUR,0.6344,0.0216,0.344
HEARTS NINE DIAMONDS FOUR,0.6386,0.0276,0.3338
DIAMONDS FOUR HEARTS EIGHT,0.68,0.078,0.242
CLUBS THREE DIAMONDS FOUR,0.6332,0.0226,0.3442
CLUBS TWO DIAMONDS FOUR,0.6436,0.0294,0.327
DIAMONDS TEN DIAMONDS FIVE,0.5158,0.2146,0.2696
DIAMONDS JACK DIAMONDS FIVE,0.4008,0.0196,0.5796
DIAMONDS NINE HEARTS QUEEN,0.3602,0.0092,0.6306
HEARTS KING DIAMONDS NINE,0.3794,0.0058,0.6148
DIAMONDS NINE HEARTS ACE,0.383,0.0042,0.6128
DIAMONDS NINE HEARTS TEN,0.2388,0.163,0.5982
DIAMONDS NINE HEARTS JACK,0.3618,0.0152,0.623
CLUBS KING DIAMONDS SIX,0.417,0.0054,0.5776
CLUBS QUEEN DIAMONDS SIX,0.4258,0.0096,0.5646
CLUBS ACE DIAMONDS SIX,0.4252,0.0034,0.5714
SPADES KING DIAMONDS FOUR,0.4364,0.009,0.5546
SPADES ACE SPADES SEVEN,0.4026,0.0034,0.594
SPADES QUEEN DIAMONDS FOUR,0.4226,0.012,0.5654
SPADES QUEEN SPADES SEVEN,0.3968,0.013,0.5902
CLUBS JACK DIAMONDS SIX,0.4238,0.0178,0.5584
SPADES KING SPADES SEVEN,0.3914,0.0076,0.601
SPADES ACE DIAMONDS FOUR,0.4252,0.0056,0.5692
CLUBS NINE CLUBS FOUR,0.6224,0.027,0.3506
CLUBS EIGHT CLUBS FOUR,0.6476,0.0784,0.274
SPADES JACK DIAMONDS FOUR,0.4266,0.0192,0.5542
SPADES TEN DIAMONDS FOUR,0.551,0.2182,0.2308
CLUBS FOUR CLUBS FIVE,0.5976,0.0282,0.3742
CLUBS SEVEN CLUBS FOUR,0.6252,0.0248,0.35
CLUBS SIX CLUBS FOUR,0.6026,0.0258,0.3716
CLUBS SEVEN SPADES NINE,0.6236,0.0232,0.3532
CLUBS SEVEN SPADES SIX,0.6382,0.0252,0.3366
CLUBS SEVEN SPADES SEVEN,0.419,0.045,0.536
CLUBS SEVEN SPADES FIVE,0.6404,0.0234,0.3362
CLUBS SEVEN SPADES FOUR,0.642,0.0278,0.3302
CLUBS SEVEN SPADES THREE,0.6714,0.0272,0.3014
CLUBS SEVEN SPADES TWO,0.6816,0.0308,0.2876
CLUBS NINE CLUBS SEVEN,0.5894,0.0266,0.384
CLUBS EIGHT CLUBS SEVEN,0.639,0.0764,0.2846
HEARTS SIX DIAMONDS FIVE,0.6174,0.0282,0.3544
DIAMONDS FIVE HEARTS SEVEN,0.624,0.0234,0.3526
DIAMONDS FIVE HEARTS EIGHT,0.6834,0.0784,0.2382
HEARTS NINE DIAMONDS FIVE,0.64,0.0272,0.3328
DIAMONDS QUEEN DIAMONDS FIVE,0.401,0.0118,0.5872
HEARTS TWO DIAMONDS FIVE,0.6394,0.0254,0.3352
HEARTS KING HEARTS EIGHT,0.2684,0.027,0.7046
DIAMONDS KING DIAMONDS FIVE,0.4226,0.005,0.5724
HEARTS THREE DIAMONDS FIVE,0.637,0.0292,0.3338
HEARTS QUEEN HEARTS EIGHT,0.2442,0.0414,0.7144
DIAMONDS ACE DIAMONDS FIVE,0.416,0.0026,0.5814
HEARTS FOUR DIAMONDS FIVE,0.609,0.0246,0.3664
HEARTS FIVE DIAMONDS FIVE,0.4366,0.0396,0.5238
HEARTS ACE HEARTS EIGHT,0.2592,0.0194,0.7214
CLUBS FOUR DIAMONDS FIVE,0.6046,0.03,0.3654
CLUBS FIVE DIAMONDS FIVE,0.4394,0.0482,0.5124
CLUBS SIX DIAMONDS FIVE,0.621,0.0246,0.3544
CLUBS SEVEN DIAMONDS FIVE,0.6316,0.0258,0.3426
CLUBS TWO DIAMONDS FIVE,0.639,0.0292,0.3318
CLUBS THREE DIAMONDS FIVE,0.6332,0.029,0.3378
SPADES THREE DIAMONDS FIVE,0.6368,0.0246,0.3386
SPADES TWO DIAMONDS FIVE,0.6316,0.0296,0.3388
SPADES JACK DIAMONDS EIGHT,0.239,0.0618,0.6992
SPADES FIVE DIAMONDS FIVE,0.4458,0.0442,0.51
SPADES TEN DIAMONDS EIGHT,0.0094,0.9704,0.0202
SPADES FOUR DIAMONDS FIVE,0.611,0.0286,0.3604
HEARTS JACK CLUBS JACK,0.1594,0.0194,0.8212
HEARTS JACK CLUBS QUEEN,0.3374,0.0108,0.6518
CLUBS NINE DIAMONDS FIVE,0.64,0.0244,0.3356
HEARTS JACK CLUBS KING,0.346,0.0058,0.6482
CLUBS EIGHT DIAMONDS FIVE,0.6778,0.0832,0.239
HEARTS JACK CLUBS ACE,0.3504,0.004,0.6456
SPADES SEVEN DIAMONDS FIVE,0.6344,0.0302,0.3354
SPADES KING DIAMONDS EIGHT,0.2838,0.028,0.6882
SPADES SIX DIAMONDS FIVE,0.6124,0.0258,0.3618
SPADES QUEEN DIAMONDS EIGHT,0.2676,0.0422,0.6902
SPADES NINE DIAMONDS FIVE,0.6272,0.028,0.3448
SPADES ACE DIAMONDS EIGHT,0.2764,0.0202,0.7034
DIAMONDS TEN DIAMONDS SIX,0.5208,0.2064,0.2728
HEARTS ACE DIAMONDS SEVEN,0.4296,0.0032,0.5672
DIAMONDS JACK DIAMONDS SIX,0.4054,0.0132,0.5814
HEARTS QUEEN DIAMONDS SEVEN,0.428,0.0106,0.5614
HEARTS KING DIAMONDS SEVEN,0.4182,0.0054,0.5764
DIAMONDS ACE DIAMONDS SIX,0.4088,0.0024,0.5888
HEARTS FOUR DIAMONDS SIX,0.6366,0.0232,0.3402
HEARTS JACK SPADES TWO,0.4304,0.0154,0.5542
HEARTS FIVE DIAMONDS SIX,0.6166,0.0222,0.3612
SPADES TWO HEARTS TEN,0.5562,0.2332,0.2106
DIAMONDS QUEEN DIAMONDS SIX,0.4104,0.0106,0.579
HEARTS TWO DIAMONDS SIX,0.6544,0.0218,0.3238
DIAMONDS KING DIAMONDS SIX,0.3928,0.0056,0.6016
HEARTS THREE DIAMONDS SIX,0.635,0.0264,0.3386
HEARTS EIGHT DIAMONDS SIX,0.6676,0.0804,0.252
HEARTS NINE DIAMONDS SIX,0.615,0.028,0.357
HEARTS SIX DIAMONDS SIX,0.421,0.0442,0.5348
HEARTS SEVEN DIAMONDS SIX,0.6268,0.0234,0.3498
HEARTS TEN DIAMONDS SEVEN,0.5374,0.226,0.2366
CLUBS TWO DIAMONDS SIX,0.6454,0.0312,0.3234
HEARTS JACK DIAMONDS SEVEN,0.4218,0.014,0.5642
CLUBS THREE DIAMONDS SIX,0.6362,0.025,0.3388
DIAMONDS EIGHT CLUBS JACK,0.2478,0.055,0.6972
CLUBS SEVEN DIAMONDS SIX,0.6274,0.0276,0.345
CLUBS SIX DIAMONDS SIX,0.4296,0.0522,0.5182
CLUBS FIVE DIAMONDS SIX,0.621,0.0284,0.3506
CLUBS FOUR DIAMONDS SIX,0.626,0.025,0.349
HEARTS ACE HEARTS JACK,0.3394,0.0046,0.656
DIAMONDS EIGHT CLUBS ACE,0.2766,0.021,0.7024
HEARTS JACK HEARTS QUEEN,0.323,0.007,0.67
DIAMONDS EIGHT CLUBS KING,0.2838,0.03,0.6862
CLUBS NINE DIAMONDS SIX,0.6344,0.0244,0.3412
HEARTS KING HEARTS JACK,0.3314,0.0078,0.6608
DIAMONDS EIGHT CLUBS QUEEN,0.2496,0.0426,0.7078
CLUBS EIGHT DIAMONDS SIX,0.67,0.077,0.253
SPADES TEN HEARTS KING,0.2522,0.0364,0.7114
SPADES FIVE DIAMONDS SIX,0.6188,0.0292,0.352
HEARTS ACE SPADES TWO,0.4346,0.0058,0.5596
SPADES JACK HEARTS KING,0.3526,0.0052,0.6422
SPADES FOUR DIAMONDS SIX,0.6272,0.0322,0.3406
SPADES THREE DIAMONDS SIX,0.6458,0.0296,0.3246
SPADES TWO HEARTS QUEEN,0.4402,0.0108,0.549
SPADES ACE SPADES KING,0.3366,0.0066,0.6568
HEARTS KING SPADES TWO,0.4476,0.0076,0.5448
SPADES TWO DIAMONDS SIX,0.6484,0.0266,0.325
HEARTS TEN HEARTS EIGHT,0.023,0.9116,0.0654
SPADES NINE DIAMONDS SIX,0.6182,0.0238,0.358
HEARTS JACK HEARTS EIGHT,0.2492,0.0514,0.6994
SPADES SEVEN DIAMONDS SIX,0.6238,0.0254,0.3508
SPADES SIX DIAMONDS SIX,0.4276,0.0508,0.5216
SPADES KING HEARTS KING,0.1804,0.0128,0.8068
SPADES QUEEN HEARTS KING,0.343,0.006,0.651
CLUBS ACE CLUBS KING,0.3564,0.0034,0.6402
SPADES ACE HEARTS KING,0.3594,0.0038,0.6368
SPADES ACE HEARTS JACK,0.3496,0.0026,0.6478
SPADES QUEEN HEARTS JACK,0.33,0.0128,0.6572
SPADES KING HEARTS JACK,0.336,0.0092,0.6548
SPADES TEN DIAMONDS TEN,0.1254,0.0476,0.827
SPADES JACK DIAMONDS TEN,0.2388,0.0546,0.7066
SPADES ACE DIAMONDS TEN,0.2654,0.0202,0.7144
SPADES JACK HEARTS JACK,0.159,0.0206,0.8204
SPADES TEN HEARTS JACK,0.239,0.0534,0.7076
SPADES QUEEN DIAMONDS TEN,0.241,0.0446,0.7144
SPADES KING DIAMONDS TEN,0.2548,0.0298,0.7154
SPADES NINE DIAMONDS SEVEN,0.6218,0.0274,0.3508
SPADES SEVEN DIAMONDS SEVEN,0.421,0.0434,0.5356
SPADES SIX DIAMONDS SEVEN,0.6108,0.0264,0.3628
DIAMONDS KING DIAMONDS SEVEN,0.3944,0.0064,0.5992
HEARTS THREE DIAMONDS SEVEN,0.6612,0.027,0.3118
HEARTS KING DIAMONDS FIVE,0.4252,0.0072,0.5676
DIAMONDS QUEEN DIAMONDS SEVEN,0.3994,0.0098,0.5908
HEARTS TWO DIAMONDS SEVEN,0.6686,0.0272,0.3042
HEARTS QUEEN DIAMONDS FIVE,0.4454,0.0082,0.5464
HEARTS FIVE DIAMONDS SEVEN,0.634,0.0272,0.3388
DIAMONDS ACE DIAMONDS SEVEN,0.3864,0.0034,0.6102
HEARTS FOUR DIAMONDS SEVEN,0.639,0.0212,0.3398
HEARTS ACE DIAMONDS FIVE,0.4248,0.0046,0.5706
HEARTS SEVEN DIAMONDS SEVEN,0.4222,0.045,0.5328
HEARTS SIX DIAMONDS SEVEN,0.6192,0.0252,0.3556
HEARTS NINE DIAMONDS SEVEN,0.6066,0.0264,0.367
DIAMONDS SEVEN HEARTS EIGHT,0.6588,0.0764,0.2648
DIAMONDS JACK DIAMONDS SEVEN,0.3914,0.016,0.5926
HEARTS JACK DIAMONDS FIVE,0.429,0.014,0.557
DIAMONDS TEN DIAMONDS SEVEN,0.5212,0.2142,0.2646
DIAMONDS FIVE HEARTS TEN,0.5506,0.2242,0.2252
SPADES KING CLUBS TWO,0.4574,0.009,0.5336
HEARTS KING CLUBS KING,0.167,0.0114,0.8216
CLUBS EIGHT DIAMONDS SEVEN,0.6754,0.0704,0.2542
SPADES QUEEN CLUBS TWO,0.4424,0.0132,0.5444
HEARTS KING CLUBS QUEEN,0.346,0.005,0.649
CLUBS NINE DIAMONDS SEVEN,0.6224,0.0232,0.3544
SPADES TWO CLUBS JACK,0.43,0.0192,0.5508
SPADES ACE CLUBS TWO,0.4228,0.0044,0.5728
HEARTS KING CLUBS ACE,0.3574,0.004,0.6386
CLUBS SIX CLUBS SEVEN,0.5988,0.0214,0.3798
SPADES TWO CLUBS KING,0.4272,0.007,0.5658
SPADES TWO DIAMONDS SEVEN,0.67,0.0286,0.3014
CLUBS EIGHT CLUBS SIX,0.6504,0.0742,0.2754
SPADES THREE DIAMONDS SEVEN,0.66,0.0246,0.3154
SPADES TWO CLUBS QUEEN,0.4302,0.011,0.5588
CLUBS NINE CLUBS SIX,0.5942,0.0284,0.3774
SPADES FOUR DIAMONDS SEVEN,0.6472,0.0232,0.3296
HEARTS KING CLUBS JACK,0.3362,0.0044,0.6594
SPADES FIVE DIAMONDS SEVEN,0.6344,0.022,0.3436
SPADES TWO CLUBS ACE,0.4452,0.0046,0.5502
CLUBS SIX SPADES TWO,0.6646,0.029,0.3064
CLUBS SIX SPADES THREE,0.6526,0.0322,0.3152
CLUBS TWO DIAMONDS SEVEN,0.6764,0.0226,0.301
CLUBS SIX SPADES FOUR,0.6304,0.0236,0.346
CLUBS THREE DIAMONDS SEVEN,0.6576,0.0298,0.3126
CLUBS SIX SPADES FIVE,0.6218,0.0318,0.3464
CLUBS FOUR DIAMONDS SEVEN,0.6382,0.0322,0.3296
CLUBS SIX SPADES SIX,0.4172,0.0536,0.5292
CLUBS FIVE DIAMONDS SEVEN,0.6396,0.0288,0.3316
CLUBS SIX SPADES SEVEN,0.6272,0.0268,0.346
CLUBS SIX DIAMONDS SEVEN,0.624,0.0278,0.3482
SPADES JACK CLUBS TWO,0.4374,0.0166,0.546
CLUBS SIX SPADES NINE,0.6244,0.0276,0.348
SPADES TEN CLUBS TWO,0.5558,0.2226,0.2216
CLUBS SEVEN DIAMONDS SEVEN,0.4344,0.048,0.5176
CLUBS TWO CLUBS QUEEN,0.4142,0.01,0.5758
CLUBS TWO CLUBS KING,0.407,0.0078,0.5852
CLUBS THREE DIAMONDS EIGHT,0.6946,0.0856,0.2198
CLUBS TWO CLUBS ACE,0.4126,0.005,0.5824
CLUBS TWO DIAMONDS EIGHT,0.7132,0.076,0.2108
DIAMONDS EIGHT HEARTS SEVEN,0.6578,0.0764,0.2658
HEARTS SIX DIAMONDS EIGHT,0.6674,0.0762,0.2564
DIAMONDS EIGHT HEARTS NINE,0.6646,0.0708,0.2646
DIAMONDS EIGHT HEARTS EIGHT,0.3062,0.0452,0.6486
CLUBS TWO CLUBS JACK,0.417,0.016,0.567
CLUBS NINE DIAMONDS EIGHT,0.6802,0.0726,0.2472
CLUBS EIGHT DIAMONDS EIGHT,0.3206,0.0428,0.6366
CLUBS FIVE DIAMONDS EIGHT,0.6856,0.0816,0.2328
SPADES ACE SPADES THREE,0.4126,0.0046,0.5828
CLUBS FOUR DIAMONDS EIGHT,0.6668,0.0834,0.2498
SPADES QUEEN SPADES THREE,0.4118,0.0096,0.5786
CLUBS SEVEN DIAMONDS EIGHT,0.6586,0.0864,0.255
CLUBS SIX DIAMONDS EIGHT,0.6766,0.0834,0.24
SPADES KING SPADES THREE,0.4104,0.0096,0.58
DIAMONDS QUEEN DIAMONDS EIGHT,0.2614,0.0368,0.7018
HEARTS TWO DIAMONDS EIGHT,0.706,0.0782,0.2158
DIAMONDS KING DIAMONDS EIGHT,0.2696,0.03,0.7004
HEARTS THREE DIAMONDS EIGHT,0.706,0.0792,0.2148
DIAMONDS ACE DIAMONDS EIGHT,0.258,0.0196,0.7224
HEARTS FOUR DIAMONDS EIGHT,0.6944,0.0744,0.2312
HEARTS FIVE DIAMONDS EIGHT,0.688,0.075,0.237
DIAMONDS EIGHT DIAMONDS TEN,0.0208,0.91,0.0692
DIAMONDS EIGHT DIAMONDS JACK,0.236,0.0488,0.7152
SPADES JACK SPADES THREE,0.4148,0.0164,0.5688
SPADES TEN SPADES THREE,0.5248,0.2182,0.257
CLUBS FOUR HEARTS ACE,0.4258,0.004,0.5702
CLUBS FOUR HEARTS QUEEN,0.4246,0.012,0.5634
CLUBS FOUR HEARTS KING,0.427,0.0102,0.5628
CLUBS SIX HEARTS TEN,0.5684,0.2182,0.2134
CLUBS SIX HEARTS JACK,0.4162,0.0174,0.5664
SPADES FOUR DIAMONDS EIGHT,0.6794,0.0804,0.2402
SPADES FIVE DIAMONDS EIGHT,0.6974,0.0774,0.2252
DIAMONDS EIGHT SPADES TWO,0.7102,0.0774,0.2124
DIAMONDS EIGHT SPADES THREE,0.6922,0.0838,0.224
CLUBS FOUR HEARTS JACK,0.4352,0.014,0.5508
SPADES TEN DIAMONDS QUEEN,0.247,0.0398,0.7132
SPADES TEN HEARTS TWO,0.546,0.2348,0.2192
SPADES JACK HEARTS EIGHT,0.2408,0.0556,0.7036
CLUBS FOUR HEARTS TEN,0.5528,0.2232,0.224
SPADES NINE DIAMONDS EIGHT,0.669,0.0696,0.2614
SPADES TEN HEARTS EIGHT,0.0106,0.9704,0.019
SPADES JACK HEARTS TWO,0.4246,0.0158,0.5596
SPADES JACK DIAMONDS QUEEN,0.3304,0.0088,0.6608
SPADES SIX DIAMONDS EIGHT,0.6616,0.084,0.2544
SPADES SEVEN DIAMONDS EIGHT,0.6742,0.0716,0.2542
SPADES ACE HEARTS TWO,0.4336,0.0068,0.5596
SPADES ACE DIAMONDS QUEEN,0.3556,0.0056,0.6388
SPADES ACE HEARTS EIGHT,0.269,0.0216,0.7094
SPADES KING HEARTS EIGHT,0.2784,0.029,0.6926
SPADES QUEEN HEARTS TWO,0.4258,0.0104,0.5638
SPADES QUEEN DIAMONDS QUEEN,0.1734,0.0192,0.8074
SPADES KING DIAMONDS QUEEN,0.3472,0.0054,0.6474
SPADES KING HEARTS TWO,0.4338,0.0098,0.5564
SPADES QUEEN HEARTS EIGHT,0.2654,0.0442,0.6904
CLUBS TWO HEARTS TEN,0.55,0.226,0.224
CLUBS TWO HEARTS JACK,0.4332,0.0194,0.5474
SPADES SEVEN DIAMONDS NINE,0.636,0.0254,0.3386
SPADES SIX DIAMONDS NINE,0.6366,0.026,0.3374
SPADES NINE DIAMONDS NINE,0.2888,0.0384,0.6728
SPADES TEN CLUBS KING,0.2332,0.0316,0.7352
DIAMONDS NINE SPADES THREE,0.6636,0.0294,0.307
SPADES JACK CLUBS KING,0.3216,0.0082,0.6702
DIAMONDS NINE SPADES TWO,0.6534,0.0256,0.321
SPADES FIVE DIAMONDS NINE,0.6388,0.028,0.3332
DIAMONDS NINE SPADES FOUR,0.6466,0.0276,0.3258
CLUBS NINE DIAMONDS NINE,0.3058,0.041,0.6532
CLUBS EIGHT DIAMONDS NINE,0.6818,0.073,0.2452
CLUBS SIX DIAMONDS NINE,0.6406,0.025,0.3344
SPADES JACK CLUBS FOUR,0.4242,0.016,0.5598
SPADES TEN CLUBS FOUR,0.5538,0.2256,0.2206
CLUBS SEVEN DIAMONDS NINE,0.6246,0.024,0.3514
CLUBS FOUR DIAMONDS NINE,0.6446,0.0242,0.3312
CLUBS FIVE DIAMONDS NINE,0.6486,0.0282,0.3232
CLUBS TWO DIAMONDS NINE,0.6524,0.025,0.3226
CLUBS THREE DIAMONDS NINE,0.651,0.0262,0.3228
DIAMONDS NINE HEARTS EIGHT,0.6696,0.0692,0.2612
DIAMONDS NINE HEARTS NINE,0.2794,0.0358,0.6848
HEARTS SIX DIAMONDS NINE,0.6268,0.0282,0.345
DIAMONDS NINE HEARTS SEVEN,0.6144,0.0198,0.3658
CLUBS EIGHT CLUBS NINE,0.6532,0.0662,0.2806
DIAMONDS ACE DIAMONDS NINE,0.381,0.0042,0.6148
HEARTS FOUR DIAMONDS NINE,0.6488,0.0224,0.3288
HEARTS FIVE DIAMONDS NINE,0.6288,0.026,0.3452
CLUBS TWO HEARTS ACE,0.4326,0.0038,0.5636
SPADES ACE CLUBS FOUR,0.4282,0.0052,0.5666
DIAMONDS QUEEN DIAMONDS NINE,0.3478,0.0108,0.6414
HEARTS TWO DIAMONDS NINE,0.6388,0.0264,0.3348
CLUBS TWO HEARTS KING,0.4332,0.0082,0.5586
SPADES KING CLUBS FOUR,0.4312,0.0092,0.5596
DIAMONDS KING DIAMONDS NINE,0.3556,0.0084,0.636
HEARTS THREE DIAMONDS NINE,0.6368,0.0242,0.339
CLUBS TWO HEARTS QUEEN,0.4394,0.0128,0.5478
SPADES QUEEN CLUBS FOUR,0.4292,0.013,0.5578
DIAMONDS NINE DIAMONDS JACK,0.3324,0.0152,0.6524
CLUBS EIGHT SPADES NINE,0.6758,0.0798,0.2444
DIAMONDS NINE DIAMONDS TEN,0.2202,0.1512,0.6286
CLUBS EIGHT SPADES SEVEN,0.6808,0.079,0.2402
CLUBS EIGHT SPADES SIX,0.6786,0.0786,0.2428
CLUBS EIGHT SPADES FIVE,0.6876,0.0792,0.2332
CLUBS EIGHT SPADES FOUR,0.6894,0.0866,0.224
CLUBS EIGHT SPADES THREE,0.709,0.087,0.204
CLUBS EIGHT SPADES TWO,0.711,0.083,0.206
HEARTS SIX DIAMONDS TEN,0.554,0.2278,0.2182
DIAMONDS TEN HEARTS SEVEN,0.5412,0.231,0.2278
DIAMONDS TEN HEARTS EIGHT,0.0252,0.953,0.0218
CLUBS FOUR CLUBS JACK,0.4012,0.0166,0.5822
DIAMONDS TEN HEARTS NINE,0.22,0.1722,0.6078
CLUBS FOUR CLUBS KING,0.4096,0.0086,0.5818
CLUBS FOUR CLUBS QUEEN,0.4036,0.0114,0.585
CLUBS TWO DIAMONDS TEN,0.5636,0.221,0.2154
CLUBS THREE DIAMONDS TEN,0.5608,0.2302,0.209
CLUBS FOUR CLUBS ACE,0.4074,0.0058,0.5868
DIAMONDS JACK DIAMONDS TEN,0.2258,0.0502,0.724
DIAMONDS QUEEN DIAMONDS TEN,0.243,0.0414,0.7156
HEARTS TWO DIAMONDS TEN,0.5618,0.2228,0.2154
DIAMONDS KING DIAMONDS TEN,0.2406,0.036,0.7234
HEARTS THREE DIAMONDS TEN,0.5458,0.2284,0.2258
DIAMONDS ACE DIAMONDS TEN,0.2602,0.019,0.7208
HEARTS FOUR DIAMONDS TEN,0.5432,0.2284,0.2284
CLUBS EIGHT HEARTS JACK,0.2532,0.0564,0.6904
HEARTS FIVE DIAMONDS TEN,0.5498,0.2178,0.2324
CLUBS EIGHT HEARTS TEN,0.0176,0.9732,0.0092
CLUBS EIGHT HEARTS QUEEN,0.2822,0.0348,0.683
CLUBS EIGHT HEARTS KING,0.2922,0.0298,0.678
CLUBS EIGHT HEARTS ACE,0.28,0.0226,0.6974
CLUBS NINE SPADES THREE,0.6618,0.0296,0.3086
CLUBS NINE SPADES TWO,0.6592,0.023,0.3178
CLUBS NINE SPADES FIVE,0.642,0.0254,0.3326
CLUBS NINE SPADES FOUR,0.6574,0.0246,0.318
CLUBS NINE SPADES SEVEN,0.6232,0.0266,0.3502
CLUBS NINE SPADES SIX,0.6452,0.0244,0.3304
CLUBS NINE SPADES NINE,0.283,0.0378,0.6792
CLUBS JACK HEARTS EIGHT,0.2554,0.0552,0.6894
CLUBS QUEEN HEARTS EIGHT,0.258,0.0418,0.7002
CLUBS KING HEARTS EIGHT,0.2658,0.0292,0.705
CLUBS ACE HEARTS EIGHT,0.2746,0.0278,0.6976
SPADES KING CLUBS KING,0.1608,0.0098,0.8294
SPADES QUEEN CLUBS KING,0.3392,0.0076,0.6532
SPADES ACE CLUBS KING,0.3386,0.0046,0.6568
DIAMONDS ACE HEARTS TEN,0.264,0.0194,0.7166
HEARTS FOUR HEARTS TEN,0.5154,0.217,0.2676
DIAMONDS ACE HEARTS JACK,0.3532,0.0034,0.6434
HEARTS FOUR HEARTS JACK,0.393,0.0194,0.5876
SPADES KING CLUBS FIVE,0.429,0.0108,0.5602
SPADES QUEEN CLUBS FIVE,0.4368,0.0118,0.5514
SPADES ACE CLUBS FIVE,0.4304,0.0042,0.5654
DIAMONDS JACK HEARTS SEVEN,0.3994,0.0116,0.589
HEARTS SIX DIAMONDS JACK,0.4314,0.0156,0.553
DIAMONDS JACK HEARTS NINE,0.353,0.0146,0.6324
DIAMONDS JACK HEARTS EIGHT,0.2486,0.0506,0.7008
DIAMONDS KING DIAMONDS JACK,0.3268,0.0064,0.6668
HEARTS THREE DIAMONDS JACK,0.4482,0.0112,0.5406
SPADES ACE SPADES SIX,0.406,0.0044,0.5896
SPADES FOUR HEARTS ACE,0.4446,0.0032,0.5522
DIAMONDS QUEEN DIAMONDS JACK,0.3202,0.0078,0.672
HEARTS TWO DIAMONDS JACK,0.4286,0.0182,0.5532
HEARTS FIVE DIAMONDS JACK,0.437,0.0166,0.5464
SPADES QUEEN SPADES SIX,0.3986,0.0124,0.589
SPADES FOUR HEARTS QUEEN,0.4248,0.0116,0.5636
DIAMONDS ACE DIAMONDS JACK,0.3336,0.0042,0.6622
HEARTS FOUR DIAMONDS JACK,0.4234,0.0158,0.5608
SPADES KING SPADES SIX,0.4106,0.0046,0.5848
HEARTS KING SPADES FOUR,0.4344,0.006,0.5596
SPADES TEN SPADES SIX,0.514,0.2156,0.2704
SPADES JACK SPADES SIX,0.401,0.011,0.588
SPADES FOUR DIAMONDS JACK,0.4398,0.0172,0.543
SPADES FIVE DIAMONDS JACK,0.43,0.015,0.555
DIAMONDS JACK SPADES TWO,0.4364,0.0176,0.546
SPADES THREE DIAMONDS JACK,0.4348,0.0162,0.549
SPADES ACE DIAMONDS THREE,0.4168,0.0042,0.579
SPADES QUEEN DIAMONDS THREE,0.4384,0.0096,0.552
CLUBS EIGHT DIAMONDS JACK,0.2588,0.0572,0.684
SPADES KING DIAMONDS THREE,0.4326,0.0068,0.5606
CLUBS NINE DIAMONDS JACK,0.3684,0.0122,0.6194
CLUBS SIX DIAMONDS JACK,0.4408,0.0148,0.5444
CLUBS SEVEN DIAMONDS JACK,0.4062,0.0154,0.5784
CLUBS FOUR DIAMONDS JACK,0.4334,0.0162,0.5504
CLUBS FIVE DIAMONDS JACK,0.4402,0.0168,0.543
CLUBS TWO DIAMONDS JACK,0.4486,0.0166,0.5348
CLUBS THREE DIAMONDS JACK,0.4372,0.0168,0.546
SPADES TEN CLUBS FIVE,0.5526,0.2286,0.2188
HEARTS SIX SPADES JACK,0.4188,0.019,0.5622
HEARTS SIX SPADES TEN,0.5466,0.2178,0.2356
SPADES JACK CLUBS FIVE,0.434,0.0168,0.5492
SPADES JACK DIAMONDS THREE,0.4208,0.0154,0.5638
CLUBS SEVEN CLUBS ACE,0.4002,0.0028,0.597
DIAMONDS THREE SPADES TEN,0.5532,0.229,0.2178
CLUBS SEVEN CLUBS QUEEN,0.3918,0.012,0.5962
CLUBS SEVEN CLUBS KING,0.4024,0.0084,0.5892
SPADES NINE DIAMONDS JACK,0.3596,0.015,0.6254
DIAMONDS ACE HEARTS ACE,0.1856,0.0028,0.8116
HEARTS FOUR HEARTS ACE,0.3918,0.0042,0.604
SPADES ACE HEARTS SIX,0.4116,0.004,0.5844
CLUBS SEVEN CLUBS JACK,0.39,0.0156,0.5944
DIAMONDS ACE HEARTS KING,0.3628,0.0034,0.6338
HEARTS FOUR HEARTS KING,0.4058,0.0078,0.5864
SPADES SEVEN DIAMONDS JACK,0.4082,0.0192,0.5726
SPADES KING HEARTS SIX,0.4182,0.0086,0.5732
DIAMONDS ACE HEARTS QUEEN,0.3652,0.0034,0.6314
HEARTS FOUR HEARTS QUEEN,0.398,0.0108,0.5912
SPADES SIX DIAMONDS JACK,0.4382,0.0154,0.5464
SPADES QUEEN HEARTS SIX,0.4258,0.01,0.5642
SPADES TWO DIAMONDS TEN,0.5492,0.2272,0.2236
SPADES THREE DIAMONDS TEN,0.5536,0.2366,0.2098
SPADES FOUR DIAMONDS TEN,0.5502,0.2244,0.2254
SPADES FIVE DIAMONDS TEN,0.5528,0.2256,0.2216
SPADES SIX DIAMONDS TEN,0.5572,0.2258,0.217
SPADES SEVEN DIAMONDS TEN,0.5548,0.231,0.2142
SPADES NINE DIAMONDS TEN,0.2204,0.1716,0.608
CLUBS FOUR DIAMONDS TEN,0.5554,0.2304,0.2142
CLUBS FIVE DIAMONDS TEN,0.5578,0.216,0.2262
CLUBS SIX DIAMONDS TEN,0.5486,0.2312,0.2202
CLUBS SEVEN DIAMONDS TEN,0.5634,0.2288,0.2078
CLUBS EIGHT DIAMONDS TEN,0.0168,0.9718,0.0114
CLUBS NINE DIAMONDS TEN,0.225,0.1736,0.6014
DIAMONDS THREE CLUBS JACK,0.4372,0.0168,0.546
DIAMONDS THREE CLUBS KING,0.424,0.005,0.571
DIAMONDS THREE CLUBS QUEEN,0.428,0.0106,0.5614
DIAMONDS THREE CLUBS ACE,0.4142,0.0044,0.5814
SPADES FOUR HEARTS JACK,0.439,0.0182,0.5428
SPADES FOUR HEARTS TEN,0.5512,0.2286,0.2202
SPADES FIVE SPADES TWO,0.6088,0.0244,0.3668
SPADES FOUR SPADES TWO,0.612,0.0252,0.3628
SPADES THREE SPADES TWO,0.6094,0.029,0.3616
SPADES NINE SPADES TWO,0.6114,0.0228,0.3658
SPADES SEVEN SPADES TWO,0.648,0.0248,0.3272
SPADES SIX SPADES TWO,0.6272,0.0262,0.3466
DIAMONDS QUEEN CLUBS THREE,0.4382,0.0108,0.551
HEARTS TWO CLUBS THREE,0.6526,0.0306,0.3168
DIAMONDS QUEEN CLUBS TWO,0.4292,0.0112,0.5596
CLUBS TWO HEARTS TWO,0.4566,0.0492,0.4942
DIAMONDS QUEEN HEARTS SEVEN,0.4164,0.01,0.5736
HEARTS TWO HEARTS SEVEN,0.6158,0.0276,0.3566
HEARTS SIX DIAMONDS QUEEN,0.4164,0.0104,0.5732
HEARTS SIX HEARTS TWO,0.6086,0.028,0.3634
DIAMONDS QUEEN HEARTS NINE,0.3746,0.0134,0.612
HEARTS TWO HEARTS NINE,0.5998,0.0244,0.3758
DIAMONDS QUEEN HEARTS EIGHT,0.2702,0.04,0.6898
HEARTS TWO HEARTS EIGHT,0.6438,0.075,0.2812
CLUBS NINE HEARTS TWO,0.639,0.0264,0.3346
CLUBS NINE DIAMONDS QUEEN,0.3762,0.0088,0.615
CLUBS EIGHT HEARTS TWO,0.6968,0.087,0.2162
CLUBS EIGHT DIAMONDS QUEEN,0.2684,0.043,0.6886
CLUBS FIVE DIAMONDS QUEEN,0.4412,0.0098,0.549
CLUBS FIVE HEARTS TWO,0.6416,0.0274,0.331
CLUBS FOUR DIAMONDS QUEEN,0.4298,0.012,0.5582
CLUBS FOUR HEARTS TWO,0.6394,0.0242,0.3364
CLUBS SEVEN HEARTS TWO,0.668,0.0276,0.3044
CLUBS SEVEN DIAMONDS QUEEN,0.4222,0.0096,0.5682
CLUBS SIX DIAMONDS QUEEN,0.4296,0.0106,0.5598
CLUBS SIX HEARTS TWO,0.6482,0.0278,0.324
DIAMONDS QUEEN SPADES SIX,0.4234,0.0108,0.5658
HEARTS TWO SPADES SIX,0.6436,0.0282,0.3282
HEARTS FOUR CLUBS QUEEN,0.4392,0.0118,0.549
DIAMONDS ACE CLUBS QUEEN,0.3586,0.0046,0.6368
DIAMONDS QUEEN SPADES SEVEN,0.4196,0.0104,0.57
SPADES SEVEN HEARTS TWO,0.6798,0.0254,0.2948
HEARTS FOUR CLUBS KING,0.4196,0.0084,0.572
DIAMONDS ACE CLUBS KING,0.3446,0.0048,0.6506
HEARTS FOUR CLUBS ACE,0.4294,0.0038,0.5668
DIAMONDS ACE CLUBS ACE,0.1682,0.005,0.8268
SPADES NINE DIAMONDS QUEEN,0.361,0.0092,0.6298
SPADES NINE HEARTS TWO,0.635,0.032,0.333
HEARTS TWO SPADES TWO,0.451,0.05,0.499
DIAMONDS QUEEN SPADES TWO,0.4374,0.0114,0.5512
HEARTS TWO SPADES THREE,0.6426,0.025,0.3324
DIAMONDS QUEEN SPADES THREE,0.4482,0.0118,0.54
HEARTS TWO SPADES FOUR,0.633,0.027,0.34
DIAMONDS QUEEN SPADES FOUR,0.431,0.009,0.56
HEARTS TWO SPADES FIVE,0.6264,0.027,0.3466
DIAMONDS QUEEN SPADES FIVE,0.435,0.012,0.553
HEARTS FOUR CLUBS JACK,0.424,0.0182,0.5578
DIAMONDS ACE CLUBS JACK,0.3526,0.0036,0.6438
CLUBS FIVE CLUBS KING,0.4096,0.0088,0.5816
CLUBS FIVE CLUBS QUEEN,0.4096,0.0118,0.5786
CLUBS FIVE CLUBS ACE,0.4138,0.0046,0.5816
CLUBS FIVE CLUBS JACK,0.4112,0.0156,0.5732
SPADES KING CLUBS JACK,0.3266,0.008,0.6654
SPADES QUEEN CLUBS JACK,0.3252,0.0102,0.6646
SPADES ACE CLUBS JACK,0.341,0.0048,0.6542
SPADES SIX CLUBS KING,0.4214,0.0082,0.5704
SPADES SIX CLUBS QUEEN,0.4254,0.0108,0.5638
SPADES SIX CLUBS ACE,0.4334,0.0036,0.563
SPADES SIX CLUBS JACK,0.416,0.0194,0.5646
SPADES TEN CLUBS JACK,0.241,0.0556,0.7034
SPADES JACK CLUBS JACK,0.1558,0.0226,0.8216
SPADES QUEEN CLUBS SEVEN,0.4112,0.0138,0.575
SPADES KING CLUBS SEVEN,0.4182,0.0056,0.5762
SPADES ACE CLUBS SEVEN,0.4178,0.0032,0.579
SPADES SIX HEARTS TEN,0.5452,0.2246,0.2302
SPADES SIX HEARTS JACK,0.4368,0.017,0.5462
SPADES SIX HEARTS ACE,0.4344,0.0046,0.561
SPADES SIX HEARTS KING,0.4382,0.0078,0.554
SPADES SIX HEARTS QUEEN,0.4256,0.009,0.5654
SPADES JACK CLUBS SEVEN,0.406,0.0148,0.5792
CLUBS SEVEN SPADES TEN,0.5508,0.2256,0.2236
HEARTS SIX CLUBS JACK,0.425,0.0182,0.5568
CLUBS ACE CLUBS JACK,0.3362,0.0042,0.6596
HEARTS SIX CLUBS QUEEN,0.4272,0.0116,0.5612
HEARTS SIX CLUBS KING,0.4246,0.007,0.5684
HEARTS SIX CLUBS ACE,0.432,0.003,0.565
CLUBS QUEEN CLUBS JACK,0.3246,0.0096,0.6658
CLUBS KING CLUBS JACK,0.3264,0.006,0.6676
DIAMONDS THREE HEARTS ACE,0.4406,0.0026,0.5568
DIAMONDS THREE HEARTS QUEEN,0.4406,0.0104,0.549
DIAMONDS THREE HEARTS KING,0.4412,0.007,0.5518
CLUBS FIVE HEARTS JACK,0.4372,0.017,0.5458
SPADES TEN DIAMONDS ACE,0.2652,0.0212,0.7136
HEARTS FOUR SPADES TEN,0.551,0.2312,0.2178
CLUBS FIVE HEARTS TEN,0.5538,0.2232,0.223
HEARTS FOUR SPADES JACK,0.432,0.0166,0.5514
SPADES JACK DIAMONDS ACE,0.3472,0.0042,0.6486
SPADES ACE HEARTS FOUR,0.4132,0.0044,0.5824
SPADES ACE DIAMONDS ACE,0.1686,0.004,0.8274
CLUBS FIVE HEARTS ACE,0.4412,0.0042,0.5546
CLUBS FIVE HEARTS KING,0.4424,0.0074,0.5502
HEARTS FOUR SPADES QUEEN,0.4284,0.01,0.5616
SPADES QUEEN DIAMONDS ACE,0.3482,0.0034,0.6484
SPADES FOUR CLUBS JACK,0.447,0.017,0.536
CLUBS FIVE HEARTS QUEEN,0.4404,0.0102,0.5494
SPADES KING DIAMONDS ACE,0.3602,0.005,0.6348
HEARTS FOUR SPADES KING,0.4408,0.0066,0.5526
DIAMONDS QUEEN DIAMONDS ACE,0.3366,0.0052,0.6582
HEARTS TWO DIAMONDS ACE,0.434,0.0038,0.5622
HEARTS FOUR DIAMONDS QUEEN,0.4432,0.009,0.5478
HEARTS FOUR HEARTS TWO,0.5978,0.0234,0.3788
DIAMONDS THREE HEARTS TEN,0.5484,0.2316,0.22
SPADES FOUR CLUBS KING,0.4282,0.007,0.5648
HEARTS FIVE DIAMONDS QUEEN,0.4256,0.0112,0.5632
HEARTS FIVE HEARTS TWO,0.604,0.0264,0.3696
DIAMONDS THREE HEARTS JACK,0.4336,0.0188,0.5476
SPADES FOUR CLUBS QUEEN,0.419,0.0108,0.5702
DIAMONDS QUEEN HEARTS TWO,0.4346,0.0104,0.555
DIAMONDS KING DIAMONDS QUEEN,0.3306,0.006,0.6634
DIAMONDS KING HEARTS TWO,0.4316,0.0062,0.5622
HEARTS THREE DIAMONDS QUEEN,0.4374,0.0106,0.552
HEARTS THREE HEARTS TWO,0.6022,0.0238,0.374
SPADES FOUR CLUBS ACE,0.4276,0.0052,0.5672
HEARTS TWO CLUBS ACE,0.4356,0.0042,0.5602
DIAMONDS QUEEN CLUBS ACE,0.3526,0.0038,0.6436
HEARTS TWO CLUBS QUEEN,0.4386,0.0108,0.5506
DIAMONDS QUEEN CLUBS QUEEN,0.1684,0.016,0.8156
HEARTS TWO CLUBS KING,0.437,0.0084,0.5546
DIAMONDS QUEEN CLUBS KING,0.3482,0.0074,0.6444
SPADES NINE SPADES FIVE,0.607,0.0248,0.3682
HEARTS TWO CLUBS JACK,0.431,0.0172,0.5518
DIAMONDS QUEEN CLUBS JACK,0.3266,0.0096,0.6638
SPADES SIX SPADES FIVE,0.5878,0.0262,0.386
SPADES SEVEN SPADES FIVE,0.6162,0.0254,0.3584
DIAMONDS FIVE CLUBS QUEEN,0.4348,0.0108,0.5544
DIAMONDS FIVE CLUBS KING,0.432,0.0084,0.5596
CLUBS ACE DIAMONDS FIVE,0.4282,0.0046,0.5672
DIAMONDS FIVE CLUBS JACK,0.422,0.0158,0.5622
HEARTS JACK DIAMONDS TEN,0.248,0.0498,0.7022
DIAMONDS TEN HEARTS TEN,0.1382,0.0532,0.8086
SPADES ACE CLUBS NINE,0.3928,0.0054,0.6018
CLUBS NINE SPADES QUEEN,0.3754,0.0124,0.6122
SPADES KING CLUBS NINE,0.3826,0.0086,0.6088
HEARTS SIX HEARTS KING,0.3984,0.0048,0.5968
DIAMONDS KING SPADES SEVEN,0.422,0.0082,0.5698
HEARTS THREE SPADES SEVEN,0.6656,0.0256,0.3088
SPADES KING DIAMONDS SEVEN,0.4282,0.0068,0.565
HEARTS SIX HEARTS QUEEN,0.417,0.0094,0.5736
DIAMONDS KING SPADES SIX,0.425,0.0068,0.5682
HEARTS THREE SPADES SIX,0.637,0.0268,0.3362
SPADES QUEEN DIAMONDS SEVEN,0.4104,0.0076,0.582
DIAMONDS KING SPADES NINE,0.3718,0.0058,0.6224
HEARTS THREE SPADES NINE,0.644,0.027,0.329
HEARTS SIX HEARTS ACE,0.397,0.0036,0.5994
SPADES ACE DIAMONDS SEVEN,0.4128,0.0046,0.5826
CLUBS NINE HEARTS THREE,0.6542,0.0214,0.3244
CLUBS NINE DIAMONDS KING,0.3808,0.0068,0.6124
CLUBS EIGHT HEARTS THREE,0.7028,0.0844,0.2128
