opposingHand,winningChance,drawChance,lostChance
CLUBS THREE SPADES TWO
HEARTS FIVE SPADES TEN,0.3332,0.0356,0.6312
SPADES JACK HEARTS FIVE,0.3418,0.0208,0.6374
SPADES FIVE CLUBS JACK,0.3402,0.0208,0.639
CLUBS TEN SPADES FIVE,0.3402,0.0284,0.6314
CLUBS EIGHT CLUBS JACK,0.3346,0.0208,0.6446
CLUBS TEN CLUBS EIGHT,0.3364,0.0302,0.6334
CLUBS EIGHT CLUBS KING,0.326,0.0074,0.6666
SPADES FIVE CLUBS ACE,0.3182,0.006,0.6758
CLUBS EIGHT CLUBS QUEEN,0.3306,0.0128,0.6566
SPADES FIVE CLUBS KING,0.3276,0.0106,0.6618
SPADES FIVE CLUBS QUEEN,0.3396,0.0124,0.648
CLUBS EIGHT CLUBS ACE,0.3266,0.005,0.6684
DIAMONDS TWO DIAMONDS THREE,0.0208,0.9028,0.0764
DIAMONDS TWO DIAMONDS FIVE,0.2182,0.3462,0.4356
SPADES KING HEARTS FIVE,0.3388,0.009,0.6522
DIAMONDS TWO DIAMONDS FOUR,0.212,0.4716,0.3164
SPADES QUEEN HEARTS FIVE,0.3448,0.0168,0.6384
DIAMONDS TWO DIAMONDS SEVEN,0.233,0.1922,0.5748
DIAMONDS TWO DIAMONDS SIX,0.2264,0.2648,0.5088
SPADES ACE HEARTS FIVE,0.3238,0.0088,0.6674
DIAMONDS TWO DIAMONDS NINE,0.2438,0.0902,0.666
DIAMONDS TWO DIAMONDS EIGHT,0.2442,0.1424,0.6134
DIAMONDS THREE DIAMONDS FOUR,0.209,0.4634,0.3276
CLUBS TWO SPADES FOUR,0.2164,0.5046,0.279
DIAMONDS THREE DIAMONDS FIVE,0.2068,0.3428,0.4504
CLUBS TWO SPADES FIVE,0.2186,0.3798,0.4016
CLUBS TWO SPADES THREE,0.007,0.9852,0.0078
DIAMONDS THREE DIAMONDS EIGHT,0.252,0.145,0.603
SPADES EIGHT CLUBS TWO,0.2526,0.143,0.6044
DIAMONDS THREE DIAMONDS NINE,0.24,0.1078,0.6522
SPADES NINE CLUBS TWO,0.2564,0.1144,0.6292
DIAMONDS THREE DIAMONDS SIX,0.2394,0.262,0.4986
CLUBS TWO SPADES SIX,0.2434,0.2772,0.4794
DIAMONDS THREE DIAMONDS SEVEN,0.2194,0.1848,0.5958
CLUBS TWO SPADES SEVEN,0.253,0.1982,0.5488
CLUBS SIX CLUBS TWO,0.2416,0.2584,0.5
CLUBS SEVEN CLUBS TWO,0.2356,0.1942,0.5702
CLUBS TWO CLUBS FOUR,0.22,0.4876,0.2924
CLUBS FIVE CLUBS TWO,0.2124,0.362,0.4256
CLUBS TEN CLUBS JACK,0.3128,0.016,0.6712
DIAMONDS FOUR DIAMONDS SIX,0.3082,0.1606,0.5312
CLUBS TEN CLUBS QUEEN,0.3208,0.0132,0.666
DIAMONDS FOUR DIAMONDS SEVEN,0.313,0.1006,0.5864
CLUBS TEN CLUBS KING,0.3176,0.0104,0.672
CLUBS TEN CLUBS ACE,0.3134,0.0038,0.6828
CLUBS EIGHT CLUBS TWO,0.2454,0.1414,0.6132
DIAMONDS FIVE DIAMONDS FOUR,0.2766,0.2216,0.5018
CLUBS NINE CLUBS TWO,0.2438,0.1016,0.6546
DIAMONDS NINE DIAMONDS FOUR,0.3342,0.0446,0.6212
DIAMONDS EIGHT DIAMONDS FOUR,0.3144,0.0668,0.6188
DIAMONDS NINE DIAMONDS FIVE,0.3354,0.0452,0.6194
DIAMONDS TWO CLUBS JACK,0.2544,0.0522,0.6934
DIAMONDS EIGHT DIAMONDS FIVE,0.3076,0.0646,0.6278
CLUBS TEN DIAMONDS TWO,0.2526,0.0798,0.6676
DIAMONDS FIVE DIAMONDS SEVEN,0.3036,0.1022,0.5942
DIAMONDS FIVE DIAMONDS SIX,0.2904,0.1368,0.5728
DIAMONDS TWO CLUBS ACE,0.2268,0.019,0.7542
DIAMONDS TWO CLUBS KING,0.2506,0.0272,0.7222
DIAMONDS TWO CLUBS QUEEN,0.259,0.0398,0.7012
DIAMONDS EIGHT DIAMONDS SIX,0.304,0.0626,0.6334
DIAMONDS NINE DIAMONDS SIX,0.3232,0.0428,0.634
HEARTS ACE SPADES THREE,0.2204,0.0228,0.7568
HEARTS KING SPADES THREE,0.2424,0.0316,0.726
DIAMONDS SEVEN DIAMONDS SIX,0.3042,0.0848,0.611
SPADES THREE HEARTS QUEEN,0.2472,0.0406,0.7122
HEARTS JACK SPADES THREE,0.2566,0.0582,0.6852
SPADES THREE HEARTS TEN,0.2384,0.0792,0.6824
DIAMONDS EIGHT DIAMONDS SEVEN,0.303,0.0574,0.6396
DIAMONDS NINE DIAMONDS SEVEN,0.3062,0.0428,0.651
DIAMONDS NINE DIAMONDS EIGHT,0.3016,0.0384,0.66
DIAMONDS KING HEARTS TEN,0.3546,0.009,0.6364
HEARTS THREE HEARTS TEN,0.242,0.0764,0.6816
SPADES JACK CLUBS SIX,0.3302,0.021,0.6488
DIAMONDS KING HEARTS JACK,0.3366,0.008,0.6554
HEARTS THREE HEARTS JACK,0.2316,0.0558,0.7126
SPADES TEN CLUBS SIX,0.3264,0.0336,0.64
SPADES JACK SPADES FIVE,0.3348,0.0236,0.6416
SPADES TEN SPADES FIVE,0.317,0.03,0.653
DIAMONDS KING HEARTS ACE,0.346,0.0054,0.6486
HEARTS THREE HEARTS ACE,0.229,0.0194,0.7516
SPADES ACE CLUBS SIX,0.3394,0.0072,0.6534
DIAMONDS KING HEARTS QUEEN,0.3454,0.007,0.6476
HEARTS THREE HEARTS QUEEN,0.2232,0.0458,0.731
SPADES KING CLUBS SIX,0.328,0.0106,0.6614
DIAMONDS KING HEARTS KING,0.1516,0.0212,0.8272
HEARTS THREE HEARTS KING,0.234,0.0316,0.7344
SPADES QUEEN CLUBS SIX,0.3362,0.0186,0.6452
SPADES NINE HEARTS TEN,0.3398,0.0264,0.6338
SPADES NINE HEARTS JACK,0.3344,0.019,0.6466
SPADES QUEEN SPADES FIVE,0.326,0.0174,0.6566
SPADES KING SPADES FIVE,0.3238,0.0104,0.6658
SPADES ACE SPADES FIVE,0.3108,0.0062,0.683
SPADES NINE HEARTS QUEEN,0.3288,0.0108,0.6604
SPADES NINE HEARTS KING,0.3448,0.0076,0.6476
SPADES NINE HEARTS ACE,0.3228,0.0058,0.6714
CLUBS TEN SPADES JACK,0.3184,0.0166,0.665
CLUBS TEN SPADES TEN,0.1308,0.0698,0.7994
SPADES ACE CLUBS TEN,0.334,0.0054,0.6606
SPADES KING CLUBS TEN,0.333,0.0074,0.6596
CLUBS TEN SPADES QUEEN,0.3162,0.013,0.6708
SPADES FIVE HEARTS QUEEN,0.3366,0.0148,0.6486
HEARTS KING SPADES FIVE,0.342,0.0108,0.6472
SPADES FIVE HEARTS ACE,0.3198,0.0046,0.6756
CLUBS EIGHT SPADES TEN,0.316,0.0282,0.6558
HEARTS THREE SPADES JACK,0.2644,0.0592,0.6764
SPADES JACK DIAMONDS KING,0.332,0.0074,0.6606
SPADES TEN DIAMONDS KING,0.3256,0.0094,0.665
HEARTS THREE SPADES TEN,0.2508,0.0714,0.6778
SPADES JACK CLUBS EIGHT,0.3196,0.0214,0.659
CLUBS SIX HEARTS ACE,0.3446,0.0074,0.648
SPADES ACE CLUBS EIGHT,0.3216,0.0058,0.6726
HEARTS FIVE CLUBS JACK,0.3378,0.0232,0.639
CLUBS TEN HEARTS FIVE,0.3352,0.0272,0.6376
CLUBS SIX HEARTS QUEEN,0.337,0.0138,0.6492
SPADES QUEEN CLUBS EIGHT,0.3284,0.0148,0.6568
CLUBS TEN SPADES THREE,0.2532,0.0776,0.6692
CLUBS SIX HEARTS KING,0.3382,0.0094,0.6524
SPADES KING CLUBS EIGHT,0.337,0.0068,0.6562
SPADES THREE CLUBS JACK,0.2544,0.0592,0.6864
DIAMONDS TWO HEARTS JACK,0.2682,0.0566,0.6752
SPADES THREE CLUBS QUEEN,0.2478,0.0454,0.7068
DIAMONDS TWO HEARTS TEN,0.2628,0.0776,0.6596
SPADES THREE CLUBS KING,0.2504,0.036,0.7136
HEARTS FIVE CLUBS ACE,0.325,0.0064,0.6686
SPADES FIVE HEARTS TEN,0.3456,0.0348,0.6196
SPADES THREE CLUBS ACE,0.2228,0.0198,0.7574
HEARTS FIVE CLUBS KING,0.3206,0.0096,0.6698
SPADES FIVE HEARTS JACK,0.3468,0.0176,0.6356
HEARTS FIVE CLUBS QUEEN,0.3394,0.0126,0.648
HEARTS THREE CLUBS KING,0.255,0.0342,0.7108
DIAMONDS KING CLUBS KING,0.1356,0.021,0.8434
HEARTS THREE CLUBS QUEEN,0.2626,0.0426,0.6948
DIAMONDS KING CLUBS QUEEN,0.3308,0.0088,0.6604
HEARTS FIVE HEARTS JACK,0.3282,0.02,0.6518
HEARTS FIVE HEARTS TEN,0.3318,0.0316,0.6366
HEARTS THREE CLUBS ACE,0.2292,0.0178,0.753
DIAMONDS KING CLUBS ACE,0.344,0.0062,0.6498
SPADES ACE CLUBS QUEEN,0.3344,0.0062,0.6594
SPADES KING CLUBS QUEEN,0.3236,0.0098,0.6666
HEARTS THREE CLUBS JACK,0.2504,0.0618,0.6878
DIAMONDS KING CLUBS JACK,0.3302,0.01,0.6598
SPADES QUEEN CLUBS QUEEN,0.131,0.0334,0.8356
CLUBS TEN HEARTS THREE,0.2502,0.0746,0.6752
CLUBS TEN DIAMONDS KING,0.3354,0.0082,0.6564
SPADES JACK CLUBS QUEEN,0.3298,0.0124,0.6578
CLUBS SIX CLUBS QUEEN,0.3218,0.0166,0.6616
SPADES TEN CLUBS QUEEN,0.3254,0.0142,0.6604
CLUBS SIX CLUBS KING,0.325,0.0082,0.6668
CLUBS SIX CLUBS ACE,0.3216,0.0058,0.6726
HEARTS FIVE HEARTS KING,0.327,0.0114,0.6616
HEARTS FIVE HEARTS QUEEN,0.3278,0.0136,0.6586
CLUBS TEN CLUBS SIX,0.3148,0.0308,0.6544
HEARTS FIVE HEARTS ACE,0.307,0.006,0.687
CLUBS SIX CLUBS JACK,0.334,0.0224,0.6436
SPADES SEVEN HEARTS JACK,0.3384,0.02,0.6416
SPADES SEVEN HEARTS TEN,0.331,0.0332,0.6358
DIAMONDS TWO CLUBS TWO,0.2168,0.1416,0.6416
HEARTS SIX DIAMONDS TWO,0.257,0.2546,0.4884
DIAMONDS TWO HEARTS QUEEN,0.257,0.0336,0.7094
DIAMONDS TWO HEARTS SEVEN,0.2554,0.1978,0.5468
DIAMONDS TWO HEARTS KING,0.2634,0.0298,0.7068
DIAMONDS TWO HEARTS EIGHT,0.2568,0.1496,0.5936
DIAMONDS TWO HEARTS ACE,0.2382,0.016,0.7458
DIAMONDS TWO HEARTS NINE,0.2616,0.1152,0.6232
DIAMONDS TWO DIAMONDS QUEEN,0.2446,0.0386,0.7168
DIAMONDS TWO HEARTS TWO,0.2262,0.1386,0.6352
DIAMONDS TWO DIAMONDS KING,0.2382,0.0286,0.7332
HEARTS THREE DIAMONDS TWO,0.0236,0.9582,0.0182
DIAMONDS TWO DIAMONDS ACE,0.2324,0.013,0.7546
HEARTS FOUR DIAMONDS TWO,0.2214,0.5086,0.27
DIAMONDS TWO HEARTS FIVE,0.2202,0.3606,0.4192
SPADES SEVEN HEARTS ACE,0.3248,0.0066,0.6686
DIAMONDS TWO DIAMONDS TEN,0.239,0.0744,0.6866
SPADES SEVEN HEARTS KING,0.3406,0.0082,0.6512
DIAMONDS TWO DIAMONDS JACK,0.2532,0.0472,0.6996
SPADES SEVEN HEARTS QUEEN,0.3446,0.0128,0.6426
DIAMONDS TWO SPADES NINE,0.2502,0.1182,0.6316
DIAMONDS TWO SPADES EIGHT,0.2548,0.151,0.5942
DIAMONDS TWO SPADES SEVEN,0.251,0.1942,0.5548
DIAMONDS TWO SPADES SIX,0.2494,0.2736,0.477
DIAMONDS TWO SPADES FIVE,0.2212,0.3712,0.4076
DIAMONDS TWO SPADES FOUR,0.2194,0.5142,0.2664
DIAMONDS TWO SPADES THREE,0.0074,0.9758,0.0168
CLUBS NINE DIAMONDS TWO,0.2644,0.1066,0.629
DIAMONDS TWO CLUBS EIGHT,0.2602,0.141,0.5988
CLUBS SEVEN DIAMONDS TWO,0.2532,0.203,0.5438
DIAMONDS TWO CLUBS SIX,0.2404,0.2698,0.4898
DIAMONDS TWO CLUBS FIVE,0.226,0.3698,0.4042
DIAMONDS TWO CLUBS FOUR,0.2136,0.5118,0.2746
CLUBS FOUR SPADES FIVE,0.2974,0.2414,0.4612
CLUBS FOUR SPADES FOUR,0.0962,0.178,0.7258
CLUBS FOUR SPADES THREE,0.1964,0.5076,0.296
SPADES NINE CLUBS FOUR,0.3316,0.0512,0.6172
SPADES EIGHT CLUBS FOUR,0.337,0.0826,0.5804
SPADES SEVEN CLUBS FOUR,0.315,0.1124,0.5726
CLUBS FOUR SPADES SIX,0.302,0.1736,0.5244
SPADES ACE DIAMONDS SIX,0.3376,0.0058,0.6566
SPADES QUEEN DIAMONDS SIX,0.3382,0.0148,0.647
SPADES KING DIAMONDS SIX,0.3374,0.0082,0.6544
SPADES TEN DIAMONDS SIX,0.3346,0.029,0.6364
SPADES JACK DIAMONDS SIX,0.3458,0.0204,0.6338
DIAMONDS JACK CLUBS JACK,0.138,0.05,0.812
CLUBS TEN DIAMONDS JACK,0.3294,0.0156,0.655
DIAMONDS JACK CLUBS KING,0.324,0.0096,0.6664
DIAMONDS JACK CLUBS QUEEN,0.3476,0.0138,0.6386
DIAMONDS THREE DIAMONDS JACK,0.2438,0.0558,0.7004
DIAMONDS THREE DIAMONDS TEN,0.2496,0.0804,0.67
DIAMONDS JACK CLUBS ACE,0.3344,0.0058,0.6598
DIAMONDS THREE DIAMONDS KING,0.2498,0.0274,0.7228
HEARTS THREE DIAMONDS THREE,0.0826,0.138,0.7794
DIAMONDS THREE DIAMONDS QUEEN,0.2386,0.0452,0.7162
DIAMONDS THREE HEARTS TWO,0.0172,0.9632,0.0196
HEARTS FIVE DIAMONDS THREE,0.234,0.3742,0.3918
DIAMONDS THREE DIAMONDS ACE,0.2234,0.0154,0.7612
HEARTS FOUR DIAMONDS THREE,0.2208,0.4894,0.2898
DIAMONDS THREE HEARTS SEVEN,0.2408,0.2008,0.5584
SPADES TEN SPADES NINE,0.3094,0.0244,0.6662
HEARTS SIX DIAMONDS THREE,0.2476,0.2756,0.4768
SPADES JACK SPADES NINE,0.34,0.0202,0.6398
DIAMONDS THREE HEARTS NINE,0.2622,0.1106,0.6272
HEARTS JACK DIAMONDS FOUR,0.339,0.0252,0.6358
HEARTS KING HEARTS ACE,0.31,0.0064,0.6836
DIAMONDS THREE HEARTS EIGHT,0.2682,0.1354,0.5964
HEARTS TEN DIAMONDS FOUR,0.3464,0.0328,0.6208
HEARTS QUEEN DIAMONDS FOUR,0.3526,0.014,0.6334
HEARTS KING DIAMONDS FOUR,0.3406,0.01,0.6494
SPADES ACE SPADES NINE,0.3204,0.0052,0.6744
HEARTS ACE DIAMONDS FOUR,0.34,0.0046,0.6554
SPADES KING SPADES NINE,0.3228,0.0088,0.6684
SPADES QUEEN SPADES NINE,0.3148,0.0132,0.672
DIAMONDS THREE SPADES NINE,0.259,0.1066,0.6344
DIAMONDS THREE SPADES EIGHT,0.257,0.1398,0.6032
DIAMONDS THREE SPADES SEVEN,0.2264,0.2078,0.5658
DIAMONDS THREE SPADES SIX,0.237,0.269,0.494
DIAMONDS THREE CLUBS SIX,0.2334,0.2774,0.4892
CLUBS FIVE CLUBS SIX,0.2982,0.1484,0.5534
CLUBS ACE DIAMONDS FOUR,0.3284,0.0056,0.666
CLUBS SEVEN DIAMONDS THREE,0.2284,0.1986,0.573
CLUBS SEVEN CLUBS FIVE,0.3062,0.1016,0.5922
DIAMONDS THREE CLUBS FOUR,0.2102,0.5026,0.2872
DIAMONDS FOUR CLUBS QUEEN,0.329,0.0142,0.6568
DIAMONDS THREE CLUBS FIVE,0.215,0.3804,0.4046
CLUBS KING DIAMONDS FOUR,0.3482,0.009,0.6428
DIAMONDS THREE CLUBS TWO,0.016,0.9758,0.0082
CLUBS TEN DIAMONDS FOUR,0.3452,0.029,0.6258
DIAMONDS FOUR CLUBS JACK,0.3352,0.023,0.6418
DIAMONDS THREE SPADES FOUR,0.21,0.5,0.29
DIAMONDS THREE SPADES FIVE,0.2202,0.3728,0.407
DIAMONDS THREE SPADES THREE,0.0702,0.1488,0.781
CLUBS EIGHT DIAMONDS THREE,0.2528,0.156,0.5912
CLUBS NINE DIAMONDS THREE,0.247,0.1138,0.6392
SPADES SEVEN CLUBS ACE,0.3402,0.005,0.6548
SPADES SEVEN CLUBS QUEEN,0.316,0.0156,0.6684
SPADES SEVEN CLUBS KING,0.3328,0.0112,0.656
CLUBS FIVE SPADES SEVEN,0.313,0.1058,0.5812
CLUBS TEN SPADES SEVEN,0.3282,0.03,0.6418
CLUBS FIVE SPADES SIX,0.3104,0.1458,0.5438
SPADES SEVEN CLUBS JACK,0.3342,0.0186,0.6472
CLUBS FIVE SPADES NINE,0.322,0.0474,0.6306
CLUBS FIVE SPADES EIGHT,0.3266,0.0678,0.6056
CLUBS FIVE SPADES THREE,0.2084,0.3846,0.407
CLUBS FIVE SPADES FIVE,0.099,0.15,0.751
CLUBS FIVE SPADES FOUR,0.2942,0.2318,0.474
CLUBS NINE CLUBS FIVE,0.3222,0.0476,0.6302
CLUBS EIGHT CLUBS FIVE,0.3146,0.0692,0.6162
CLUBS ACE CLUBS QUEEN,0.3202,0.0052,0.6746
CLUBS KING CLUBS QUEEN,0.3312,0.0062,0.6626
DIAMONDS TEN DIAMONDS FOUR,0.313,0.0272,0.6598
CLUBS TEN DIAMONDS NINE,0.3312,0.025,0.6438
DIAMONDS JACK DIAMONDS FOUR,0.327,0.0202,0.6528
DIAMONDS NINE CLUBS JACK,0.3284,0.0178,0.6538
SPADES NINE CLUBS JACK,0.325,0.0192,0.6558
CLUBS TEN SPADES NINE,0.3226,0.0212,0.6562
DIAMONDS ACE DIAMONDS FOUR,0.315,0.005,0.68
HEARTS FOUR DIAMONDS FOUR,0.117,0.1658,0.7172
DIAMONDS JACK HEARTS TEN,0.3362,0.017,0.6468
SPADES NINE CLUBS KING,0.341,0.0096,0.6494
DIAMONDS TWO SPADES TEN,0.2532,0.078,0.6688
DIAMONDS NINE CLUBS ACE,0.343,0.0044,0.6526
HEARTS FIVE DIAMONDS FOUR,0.2964,0.2408,0.4628
HEARTS JACK DIAMONDS JACK,0.1446,0.0526,0.8028
SPADES NINE CLUBS QUEEN,0.334,0.011,0.655
DIAMONDS TWO SPADES JACK,0.2554,0.0566,0.688
DIAMONDS QUEEN DIAMONDS FOUR,0.3182,0.0106,0.6712
HEARTS TWO DIAMONDS FOUR,0.2296,0.5132,0.2572
DIAMONDS NINE CLUBS QUEEN,0.334,0.0104,0.6556
DIAMONDS KING DIAMONDS FOUR,0.3226,0.0102,0.6672
HEARTS THREE DIAMONDS FOUR,0.2196,0.4976,0.2828
SPADES NINE CLUBS ACE,0.3336,0.0046,0.6618
DIAMONDS NINE CLUBS KING,0.3416,0.0082,0.6502
HEARTS ACE DIAMONDS JACK,0.3374,0.006,0.6566
SPADES ACE DIAMONDS TWO,0.2208,0.0156,0.7636
DIAMONDS JACK HEARTS QUEEN,0.3218,0.0092,0.669
SPADES QUEEN DIAMONDS TWO,0.2534,0.0426,0.704
HEARTS KING DIAMONDS JACK,0.3504,0.0078,0.6418
SPADES KING DIAMONDS TWO,0.256,0.0308,0.7132
SPADES JACK SPADES SEVEN,0.3162,0.0184,0.6654
SPADES TEN SPADES SEVEN,0.322,0.028,0.65
SPADES THREE DIAMONDS FOUR,0.2028,0.5032,0.294
SPADES FOUR DIAMONDS FOUR,0.11,0.1662,0.7238
SPADES FIVE DIAMONDS FOUR,0.2882,0.2464,0.4654
SPADES SIX DIAMONDS FOUR,0.3194,0.1668,0.5138
SPADES SEVEN DIAMONDS FOUR,0.3204,0.1102,0.5694
SPADES EIGHT DIAMONDS FOUR,0.3342,0.0724,0.5934
SPADES NINE DIAMONDS FOUR,0.3364,0.0448,0.6188
CLUBS FIVE DIAMONDS FOUR,0.2994,0.244,0.4566
CLUBS FOUR DIAMONDS FOUR,0.1072,0.1702,0.7226
CLUBS SEVEN DIAMONDS FOUR,0.3288,0.1048,0.5664
CLUBS SIX DIAMONDS FOUR,0.3134,0.1704,0.5162
CLUBS NINE DIAMONDS FOUR,0.3402,0.0528,0.607
CLUBS EIGHT DIAMONDS FOUR,0.335,0.0724,0.5926
DIAMONDS FOUR HEARTS SEVEN,0.3224,0.108,0.5696
HEARTS SIX DIAMONDS FOUR,0.3198,0.157,0.5232
HEARTS NINE DIAMONDS FOUR,0.345,0.0494,0.6056
DIAMONDS FOUR HEARTS EIGHT,0.3424,0.0738,0.5838
CLUBS TWO DIAMONDS FOUR,0.2198,0.5204,0.2598
DIAMONDS TEN DIAMONDS FIVE,0.32,0.0334,0.6466
DIAMONDS JACK DIAMONDS FIVE,0.3178,0.0228,0.6594
DIAMONDS NINE HEARTS QUEEN,0.3464,0.0138,0.6398
HEARTS KING DIAMONDS NINE,0.3466,0.0092,0.6442
DIAMONDS NINE HEARTS ACE,0.3572,0.006,0.6368
DIAMONDS NINE HEARTS TEN,0.3254,0.027,0.6476
DIAMONDS NINE HEARTS JACK,0.3382,0.0168,0.645
CLUBS KING DIAMONDS SIX,0.346,0.01,0.644
CLUBS QUEEN DIAMONDS SIX,0.3436,0.0116,0.6448
CLUBS ACE DIAMONDS SIX,0.3506,0.0056,0.6438
SPADES KING DIAMONDS FOUR,0.3412,0.0086,0.6502
SPADES ACE SPADES SEVEN,0.3222,0.0042,0.6736
SPADES QUEEN DIAMONDS FOUR,0.338,0.0154,0.6466
SPADES QUEEN SPADES SEVEN,0.3322,0.018,0.6498
CLUBS JACK DIAMONDS SIX,0.3454,0.0232,0.6314
SPADES KING SPADES SEVEN,0.319,0.011,0.67
SPADES ACE DIAMONDS FOUR,0.3252,0.0056,0.6692
CLUBS TEN DIAMONDS SIX,0.3306,0.0302,0.6392
CLUBS NINE CLUBS FOUR,0.322,0.0494,0.6286
CLUBS EIGHT CLUBS FOUR,0.324,0.0662,0.6098
SPADES JACK DIAMONDS FOUR,0.3542,0.0194,0.6264
SPADES TEN DIAMONDS FOUR,0.3358,0.032,0.6322
CLUBS FIVE CLUBS FOUR,0.2842,0.226,0.4898
CLUBS SEVEN CLUBS FOUR,0.3112,0.1002,0.5886
CLUBS SIX CLUBS FOUR,0.3038,0.1572,0.539
CLUBS SEVEN SPADES EIGHT,0.2984,0.0592,0.6424
CLUBS SEVEN SPADES NINE,0.3172,0.0394,0.6434
CLUBS SEVEN SPADES SIX,0.3158,0.1,0.5842
CLUBS SEVEN SPADES SEVEN,0.1278,0.117,0.7552
CLUBS SEVEN SPADES FIVE,0.3244,0.1068,0.5688
CLUBS SEVEN SPADES FOUR,0.3248,0.104,0.5712
CLUBS SEVEN SPADES THREE,0.2198,0.2064,0.5738
CLUBS NINE CLUBS SEVEN,0.3106,0.0412,0.6482
CLUBS SEVEN CLUBS EIGHT,0.2934,0.0592,0.6474
HEARTS SIX DIAMONDS FIVE,0.3268,0.153,0.5202
DIAMONDS FIVE HEARTS SEVEN,0.3274,0.11,0.5626
DIAMONDS FIVE HEARTS EIGHT,0.3262,0.0718,0.602
HEARTS NINE DIAMONDS FIVE,0.3456,0.0454,0.609
DIAMONDS QUEEN DIAMONDS FIVE,0.3278,0.0118,0.6604
HEARTS TWO DIAMONDS FIVE,0.2304,0.3856,0.384
HEARTS KING HEARTS EIGHT,0.3142,0.0094,0.6764
DIAMONDS KING DIAMONDS FIVE,0.311,0.0108,0.6782
HEARTS THREE DIAMONDS FIVE,0.222,0.3666,0.4114
HEARTS QUEEN HEARTS EIGHT,0.317,0.0142,0.6688
DIAMONDS ACE DIAMONDS FIVE,0.2966,0.0042,0.6992
HEARTS FOUR DIAMONDS FIVE,0.3058,0.227,0.4672
HEARTS FIVE DIAMONDS FIVE,0.1122,0.1526,0.7352
HEARTS ACE HEARTS EIGHT,0.3084,0.0058,0.6858
CLUBS FOUR DIAMONDS FIVE,0.2906,0.2408,0.4686
CLUBS FIVE DIAMONDS FIVE,0.1068,0.1444,0.7488
CLUBS SIX DIAMONDS FIVE,0.3062,0.1548,0.539
CLUBS SEVEN DIAMONDS FIVE,0.31,0.1062,0.5838
CLUBS TWO DIAMONDS FIVE,0.2308,0.3718,0.3974
SPADES THREE DIAMONDS FIVE,0.2098,0.3776,0.4126
SPADES JACK DIAMONDS EIGHT,0.3304,0.0168,0.6528
SPADES FIVE DIAMONDS FIVE,0.1082,0.1494,0.7424
CLUBS TEN HEARTS JACK,0.3412,0.0164,0.6424
SPADES TEN DIAMONDS EIGHT,0.3394,0.0278,0.6328
SPADES FOUR DIAMONDS FIVE,0.2898,0.2502,0.46
HEARTS JACK CLUBS JACK,0.1402,0.053,0.8068
HEARTS JACK CLUBS QUEEN,0.3314,0.014,0.6546
CLUBS NINE DIAMONDS FIVE,0.335,0.0516,0.6134
HEARTS JACK CLUBS KING,0.3368,0.01,0.6532
CLUBS EIGHT DIAMONDS FIVE,0.324,0.0694,0.6066
HEARTS JACK CLUBS ACE,0.3372,0.0066,0.6562
SPADES SEVEN DIAMONDS FIVE,0.312,0.1104,0.5776
SPADES KING DIAMONDS EIGHT,0.3356,0.0096,0.6548
SPADES QUEEN DIAMONDS EIGHT,0.3328,0.0126,0.6546
SPADES SIX DIAMONDS FIVE,0.2964,0.1582,0.5454
SPADES NINE DIAMONDS FIVE,0.3384,0.04,0.6216
SPADES EIGHT DIAMONDS FIVE,0.3242,0.074,0.6018
SPADES ACE DIAMONDS EIGHT,0.3366,0.0044,0.659
DIAMONDS TEN DIAMONDS SIX,0.3252,0.0264,0.6484
HEARTS ACE DIAMONDS SEVEN,0.3444,0.0038,0.6518
DIAMONDS JACK DIAMONDS SIX,0.3254,0.0216,0.653
HEARTS QUEEN DIAMONDS SEVEN,0.3606,0.0114,0.628
HEARTS KING DIAMONDS SEVEN,0.3396,0.0086,0.6518
DIAMONDS ACE DIAMONDS SIX,0.3292,0.0042,0.6666
HEARTS FOUR DIAMONDS SIX,0.3236,0.1572,0.5192
HEARTS FIVE DIAMONDS SIX,0.318,0.1546,0.5274
DIAMONDS QUEEN DIAMONDS SIX,0.333,0.0122,0.6548
HEARTS TWO DIAMONDS SIX,0.2442,0.258,0.4978
DIAMONDS KING DIAMONDS SIX,0.3324,0.0078,0.6598
HEARTS THREE DIAMONDS SIX,0.2578,0.2668,0.4754
HEARTS EIGHT DIAMONDS SIX,0.329,0.0688,0.6022
HEARTS NINE DIAMONDS SIX,0.3478,0.0434,0.6088
HEARTS SIX DIAMONDS SIX,0.133,0.1326,0.7344
HEARTS SEVEN DIAMONDS SIX,0.3172,0.102,0.5808
HEARTS TEN DIAMONDS SEVEN,0.3402,0.0332,0.6266
CLUBS TWO DIAMONDS SIX,0.2566,0.2716,0.4718
HEARTS JACK DIAMONDS SEVEN,0.343,0.0168,0.6402
CLUBS SEVEN DIAMONDS SIX,0.3242,0.0912,0.5846
DIAMONDS EIGHT CLUBS JACK,0.3204,0.0202,0.6594
CLUBS SIX DIAMONDS SIX,0.116,0.1378,0.7462
CLUBS TEN DIAMONDS EIGHT,0.3374,0.0252,0.6374
CLUBS FIVE DIAMONDS SIX,0.3028,0.1482,0.549
CLUBS FOUR DIAMONDS SIX,0.3184,0.155,0.5266
HEARTS ACE HEARTS JACK,0.3012,0.006,0.6928
DIAMONDS EIGHT CLUBS ACE,0.3232,0.0046,0.6722
HEARTS JACK HEARTS QUEEN,0.3116,0.0106,0.6778
DIAMONDS EIGHT CLUBS KING,0.3412,0.0066,0.6522
CLUBS NINE DIAMONDS SIX,0.3248,0.0524,0.6228
HEARTS KING HEARTS JACK,0.3192,0.0084,0.6724
DIAMONDS EIGHT CLUBS QUEEN,0.346,0.0114,0.6426
CLUBS EIGHT DIAMONDS SIX,0.3354,0.0598,0.6048
SPADES TEN HEARTS KING,0.3252,0.0096,0.6652
SPADES FIVE DIAMONDS SIX,0.318,0.1538,0.5282
SPADES JACK HEARTS KING,0.3214,0.0112,0.6674
SPADES FOUR DIAMONDS SIX,0.32,0.1548,0.5252
SPADES THREE DIAMONDS SIX,0.2358,0.2758,0.4884
SPADES ACE SPADES KING,0.3228,0.0076,0.6696
HEARTS TEN HEARTS EIGHT,0.3164,0.0272,0.6564
SPADES NINE DIAMONDS SIX,0.333,0.0456,0.6214
HEARTS JACK HEARTS EIGHT,0.304,0.0176,0.6784
SPADES EIGHT DIAMONDS SIX,0.339,0.0656,0.5954
SPADES SEVEN DIAMONDS SIX,0.315,0.1048,0.5802
SPADES SIX DIAMONDS SIX,0.1296,0.1406,0.7298
SPADES KING HEARTS KING,0.1404,0.0222,0.8374
SPADES QUEEN HEARTS KING,0.3482,0.0082,0.6436
CLUBS ACE CLUBS KING,0.3186,0.0058,0.6756
SPADES ACE HEARTS KING,0.3284,0.007,0.6646
SPADES ACE HEARTS JACK,0.3472,0.0052,0.6476
SPADES QUEEN HEARTS JACK,0.3242,0.0104,0.6654
SPADES KING HEARTS JACK,0.343,0.0072,0.6498
SPADES TEN DIAMONDS TEN,0.1518,0.0644,0.7838
SPADES JACK DIAMONDS TEN,0.333,0.0148,0.6522
SPADES ACE DIAMONDS TEN,0.3414,0.003,0.6556
SPADES JACK HEARTS JACK,0.1418,0.0568,0.8014
SPADES TEN HEARTS JACK,0.333,0.0154,0.6516
SPADES QUEEN DIAMONDS TEN,0.3244,0.009,0.6666
SPADES KING DIAMONDS TEN,0.3424,0.007,0.6506
SPADES NINE DIAMONDS SEVEN,0.3202,0.0468,0.633
SPADES EIGHT DIAMONDS SEVEN,0.307,0.064,0.629
SPADES SEVEN DIAMONDS SEVEN,0.1366,0.1116,0.7518
SPADES SIX DIAMONDS SEVEN,0.326,0.0892,0.5848
DIAMONDS KING DIAMONDS SEVEN,0.3176,0.0078,0.6746
HEARTS THREE DIAMONDS SEVEN,0.2342,0.2078,0.558
HEARTS KING DIAMONDS FIVE,0.3502,0.0088,0.641
DIAMONDS QUEEN DIAMONDS SEVEN,0.3136,0.0144,0.672
HEARTS TWO DIAMONDS SEVEN,0.2554,0.1994,0.5452
HEARTS QUEEN DIAMONDS FIVE,0.3456,0.0172,0.6372
HEARTS FIVE DIAMONDS SEVEN,0.3248,0.1096,0.5656
DIAMONDS ACE DIAMONDS SEVEN,0.3118,0.005,0.6832
HEARTS FOUR DIAMONDS SEVEN,0.3416,0.1062,0.5522
HEARTS ACE DIAMONDS FIVE,0.3266,0.0052,0.6682
HEARTS SEVEN DIAMONDS SEVEN,0.1402,0.1122,0.7476
HEARTS SIX DIAMONDS SEVEN,0.3358,0.0958,0.5684
HEARTS NINE DIAMONDS SEVEN,0.3352,0.0412,0.6236
DIAMONDS SEVEN HEARTS EIGHT,0.306,0.0626,0.6314
DIAMONDS JACK DIAMONDS SEVEN,0.3106,0.0162,0.6732
HEARTS JACK DIAMONDS FIVE,0.3384,0.0196,0.642
DIAMONDS TEN DIAMONDS SEVEN,0.312,0.0292,0.6588
DIAMONDS FIVE HEARTS TEN,0.3458,0.0274,0.6268
SPADES KING CLUBS TWO,0.2584,0.0314,0.7102
HEARTS KING CLUBS KING,0.1506,0.02,0.8294
CLUBS EIGHT DIAMONDS SEVEN,0.3088,0.0628,0.6284
SPADES QUEEN CLUBS TWO,0.2536,0.0408,0.7056
HEARTS KING CLUBS QUEEN,0.3324,0.009,0.6586
CLUBS NINE DIAMONDS SEVEN,0.3404,0.0408,0.6188
SPADES ACE CLUBS TWO,0.2346,0.0134,0.752
HEARTS KING CLUBS ACE,0.3396,0.0044,0.656
CLUBS SEVEN CLUBS SIX,0.3108,0.0964,0.5928
CLUBS EIGHT CLUBS SIX,0.3148,0.0706,0.6146
SPADES THREE DIAMONDS SEVEN,0.2364,0.194,0.5696
CLUBS NINE CLUBS SIX,0.3148,0.0416,0.6436
SPADES FOUR DIAMONDS SEVEN,0.3126,0.109,0.5784
HEARTS KING CLUBS JACK,0.3284,0.008,0.6636
SPADES FIVE DIAMONDS SEVEN,0.3206,0.108,0.5714
CLUBS TEN HEARTS KING,0.3406,0.0086,0.6508
CLUBS SIX SPADES THREE,0.2268,0.2798,0.4934
CLUBS TWO DIAMONDS SEVEN,0.2644,0.1978,0.5378
CLUBS SIX SPADES FOUR,0.308,0.1674,0.5246
CLUBS SIX SPADES FIVE,0.3044,0.1516,0.544
CLUBS FOUR DIAMONDS SEVEN,0.3296,0.1078,0.5626
CLUBS SIX SPADES SIX,0.1142,0.1318,0.754
CLUBS FIVE DIAMONDS SEVEN,0.3188,0.102,0.5792
CLUBS SIX SPADES SEVEN,0.3194,0.1018,0.5788
CLUBS SIX DIAMONDS SEVEN,0.3114,0.0954,0.5932
CLUBS SIX SPADES EIGHT,0.328,0.067,0.605
SPADES JACK CLUBS TWO,0.2534,0.0556,0.691
CLUBS SEVEN DIAMONDS SEVEN,0.1358,0.119,0.7452
SPADES NINE CLUBS SIX,0.3346,0.0432,0.6222
SPADES TEN CLUBS TWO,0.2636,0.0772,0.6592
CLUBS TWO CLUBS QUEEN,0.24,0.0452,0.7148
CLUBS TWO CLUBS KING,0.243,0.0284,0.7286
CLUBS TWO CLUBS ACE,0.2286,0.014,0.7574
CLUBS TWO DIAMONDS EIGHT,0.2566,0.148,0.5954
DIAMONDS EIGHT HEARTS SEVEN,0.3242,0.0674,0.6084
HEARTS SIX DIAMONDS EIGHT,0.3292,0.067,0.6038
DIAMONDS EIGHT HEARTS NINE,0.3274,0.04,0.6326
CLUBS TEN CLUBS TWO,0.2516,0.0706,0.6778
DIAMONDS EIGHT HEARTS EIGHT,0.1522,0.0984,0.7494
CLUBS TWO CLUBS JACK,0.2506,0.0522,0.6972
CLUBS NINE DIAMONDS EIGHT,0.3426,0.0414,0.616
CLUBS EIGHT DIAMONDS EIGHT,0.1398,0.1032,0.757
CLUBS FIVE DIAMONDS EIGHT,0.3388,0.0668,0.5944
SPADES ACE SPADES THREE,0.22,0.018,0.762
CLUBS FOUR DIAMONDS EIGHT,0.3414,0.0726,0.586
CLUBS SEVEN DIAMONDS EIGHT,0.3064,0.0634,0.6302
SPADES QUEEN SPADES THREE,0.2412,0.0466,0.7122
CLUBS SIX DIAMONDS EIGHT,0.3312,0.0696,0.5992
SPADES KING SPADES THREE,0.247,0.0324,0.7206
DIAMONDS QUEEN DIAMONDS EIGHT,0.3248,0.0134,0.6618
HEARTS TWO DIAMONDS EIGHT,0.2678,0.1422,0.59
DIAMONDS KING DIAMONDS EIGHT,0.3416,0.0062,0.6522
HEARTS THREE DIAMONDS EIGHT,0.259,0.1428,0.5982
DIAMONDS ACE DIAMONDS EIGHT,0.3142,0.0062,0.6796
HEARTS FOUR DIAMONDS EIGHT,0.3404,0.0662,0.5934
HEARTS FIVE DIAMONDS EIGHT,0.344,0.0622,0.5938
DIAMONDS EIGHT DIAMONDS TEN,0.3216,0.023,0.6554
DIAMONDS EIGHT DIAMONDS JACK,0.3212,0.0178,0.661
SPADES JACK SPADES THREE,0.254,0.063,0.683
SPADES TEN SPADES THREE,0.2462,0.077,0.6768
CLUBS FOUR HEARTS ACE,0.332,0.0068,0.6612
CLUBS FOUR HEARTS QUEEN,0.3416,0.0152,0.6432
CLUBS FOUR HEARTS KING,0.3394,0.0114,0.6492
CLUBS SIX HEARTS TEN,0.338,0.0308,0.6312
CLUBS SIX HEARTS JACK,0.3494,0.0174,0.6332
DIAMONDS EIGHT SPADES FOUR,0.3422,0.0686,0.5892
SPADES FIVE DIAMONDS EIGHT,0.3304,0.0778,0.5918
DIAMONDS EIGHT SPADES THREE,0.2508,0.1452,0.604
CLUBS FOUR HEARTS JACK,0.3442,0.0228,0.633
SPADES EIGHT DIAMONDS EIGHT,0.1298,0.1026,0.7676
SPADES TEN DIAMONDS QUEEN,0.3322,0.0146,0.6532
SPADES TEN HEARTS TWO,0.2532,0.078,0.6688
SPADES JACK HEARTS EIGHT,0.3266,0.017,0.6564
CLUBS FOUR HEARTS TEN,0.3448,0.0334,0.6218
SPADES NINE DIAMONDS EIGHT,0.3386,0.0434,0.618
SPADES TEN HEARTS EIGHT,0.321,0.0254,0.6536
SPADES JACK HEARTS TWO,0.2538,0.058,0.6882
SPADES JACK DIAMONDS QUEEN,0.3288,0.013,0.6582
SPADES SIX DIAMONDS EIGHT,0.3242,0.0748,0.601
SPADES SEVEN DIAMONDS EIGHT,0.307,0.063,0.63
SPADES ACE HEARTS TWO,0.239,0.0142,0.7468
SPADES ACE DIAMONDS QUEEN,0.3298,0.004,0.6662
SPADES ACE HEARTS EIGHT,0.3502,0.006,0.6438
SPADES KING HEARTS EIGHT,0.3344,0.0094,0.6562
SPADES QUEEN HEARTS TWO,0.245,0.0438,0.7112
SPADES QUEEN DIAMONDS QUEEN,0.14,0.0334,0.8266
SPADES KING DIAMONDS QUEEN,0.3406,0.009,0.6504
SPADES KING HEARTS TWO,0.268,0.0236,0.7084
SPADES QUEEN HEARTS EIGHT,0.3476,0.0104,0.642
CLUBS TWO HEARTS TEN,0.2672,0.0842,0.6486
CLUBS TWO HEARTS JACK,0.2598,0.0548,0.6854
SPADES SEVEN DIAMONDS NINE,0.3262,0.039,0.6348
SPADES SIX DIAMONDS NINE,0.3306,0.0424,0.627
SPADES NINE DIAMONDS NINE,0.1384,0.083,0.7786
SPADES EIGHT DIAMONDS NINE,0.3346,0.0382,0.6272
SPADES TEN CLUBS KING,0.3304,0.0072,0.6624
DIAMONDS NINE SPADES THREE,0.248,0.1044,0.6476
SPADES JACK CLUBS KING,0.3302,0.009,0.6608
DIAMONDS NINE SPADES FIVE,0.3436,0.0476,0.6088
DIAMONDS NINE SPADES FOUR,0.3446,0.0476,0.6078
CLUBS NINE DIAMONDS NINE,0.1414,0.0798,0.7788
CLUBS EIGHT DIAMONDS NINE,0.3238,0.0418,0.6344
CLUBS SIX DIAMONDS NINE,0.334,0.051,0.615
SPADES JACK CLUBS FOUR,0.3394,0.0234,0.6372
CLUBS SEVEN DIAMONDS NINE,0.326,0.046,0.628
SPADES TEN CLUBS FOUR,0.3288,0.03,0.6412
CLUBS FOUR DIAMONDS NINE,0.3536,0.0518,0.5946
CLUBS FIVE DIAMONDS NINE,0.323,0.0502,0.6268
CLUBS TWO DIAMONDS NINE,0.2602,0.1074,0.6324
DIAMONDS NINE HEARTS EIGHT,0.3358,0.0386,0.6256
DIAMONDS NINE HEARTS NINE,0.1506,0.085,0.7644
HEARTS SIX DIAMONDS NINE,0.3318,0.0462,0.622
DIAMONDS NINE HEARTS SEVEN,0.335,0.0356,0.6294
CLUBS NINE CLUBS EIGHT,0.3198,0.0396,0.6406
DIAMONDS ACE DIAMONDS NINE,0.3266,0.0022,0.6712
HEARTS FOUR DIAMONDS NINE,0.3414,0.0466,0.612
HEARTS FIVE DIAMONDS NINE,0.3524,0.044,0.6036
CLUBS TWO HEARTS ACE,0.2482,0.0182,0.7336
SPADES ACE CLUBS FOUR,0.3106,0.0052,0.6842
DIAMONDS QUEEN DIAMONDS NINE,0.3222,0.0118,0.666
HEARTS TWO DIAMONDS NINE,0.2668,0.1034,0.6298
CLUBS TWO HEARTS KING,0.2624,0.0318,0.7058
SPADES KING CLUBS FOUR,0.317,0.009,0.674
DIAMONDS KING DIAMONDS NINE,0.318,0.0068,0.6752
HEARTS THREE DIAMONDS NINE,0.2602,0.1054,0.6344
CLUBS TWO HEARTS QUEEN,0.2634,0.0378,0.6988
SPADES QUEEN CLUBS FOUR,0.3412,0.0212,0.6376
DIAMONDS NINE DIAMONDS JACK,0.3242,0.0184,0.6574
CLUBS EIGHT SPADES NINE,0.3204,0.0436,0.636
DIAMONDS NINE DIAMONDS TEN,0.3122,0.0248,0.663
CLUBS EIGHT SPADES EIGHT,0.1288,0.1016,0.7696
CLUBS EIGHT SPADES SEVEN,0.293,0.0654,0.6416
CLUBS EIGHT SPADES SIX,0.3322,0.0608,0.607
CLUBS EIGHT SPADES FIVE,0.3128,0.0736,0.6136
CLUBS EIGHT SPADES FOUR,0.3396,0.0654,0.595
CLUBS EIGHT SPADES THREE,0.2434,0.14,0.6166
HEARTS SIX DIAMONDS TEN,0.3402,0.031,0.6288
DIAMONDS TEN HEARTS SEVEN,0.3416,0.029,0.6294
DIAMONDS TEN HEARTS EIGHT,0.3268,0.0242,0.649
CLUBS FOUR CLUBS JACK,0.3366,0.0236,0.6398
DIAMONDS TEN HEARTS NINE,0.3298,0.0246,0.6456
CLUBS TEN CLUBS FOUR,0.331,0.036,0.633
CLUBS FOUR CLUBS KING,0.3256,0.0106,0.6638
CLUBS FOUR CLUBS QUEEN,0.3306,0.0162,0.6532
CLUBS TWO DIAMONDS TEN,0.2724,0.0804,0.6472
CLUBS FOUR CLUBS ACE,0.3084,0.007,0.6846
DIAMONDS JACK DIAMONDS TEN,0.2956,0.0206,0.6838
DIAMONDS QUEEN DIAMONDS TEN,0.3214,0.0108,0.6678
HEARTS TWO DIAMONDS TEN,0.2738,0.0718,0.6544
DIAMONDS KING DIAMONDS TEN,0.3008,0.0094,0.6898
HEARTS THREE DIAMONDS TEN,0.2638,0.0828,0.6534
DIAMONDS ACE DIAMONDS TEN,0.3148,0.0052,0.68
HEARTS FOUR DIAMONDS TEN,0.3522,0.0322,0.6156
CLUBS EIGHT HEARTS JACK,0.3354,0.0226,0.642
HEARTS FIVE DIAMONDS TEN,0.346,0.0298,0.6242
CLUBS EIGHT HEARTS TEN,0.3262,0.0284,0.6454
CLUBS EIGHT HEARTS QUEEN,0.3274,0.0162,0.6564
CLUBS EIGHT HEARTS KING,0.3392,0.009,0.6518
CLUBS EIGHT HEARTS ACE,0.3408,0.0046,0.6546
CLUBS NINE SPADES THREE,0.246,0.113,0.641
CLUBS NINE SPADES FIVE,0.3238,0.0458,0.6304
CLUBS NINE SPADES FOUR,0.3428,0.05,0.6072
CLUBS NINE SPADES SEVEN,0.3228,0.0436,0.6336
CLUBS NINE SPADES SIX,0.3346,0.0444,0.621
CLUBS NINE SPADES NINE,0.1326,0.0806,0.7868
CLUBS TEN HEARTS EIGHT,0.3372,0.0242,0.6386
CLUBS NINE SPADES EIGHT,0.321,0.0372,0.6418
CLUBS JACK HEARTS EIGHT,0.3502,0.0156,0.6342
CLUBS QUEEN HEARTS EIGHT,0.3526,0.008,0.6394
CLUBS KING HEARTS EIGHT,0.355,0.008,0.637
CLUBS ACE HEARTS EIGHT,0.3356,0.0054,0.659
SPADES KING CLUBS KING,0.1208,0.0252,0.854
SPADES QUEEN CLUBS KING,0.3142,0.0096,0.6762
SPADES ACE CLUBS KING,0.3254,0.0084,0.6662
DIAMONDS ACE HEARTS TEN,0.3314,0.0044,0.6642
HEARTS FOUR HEARTS TEN,0.3226,0.0328,0.6446
DIAMONDS ACE HEARTS JACK,0.335,0.0044,0.6606
HEARTS FOUR HEARTS JACK,0.3226,0.0224,0.655
SPADES KING CLUBS FIVE,0.327,0.0124,0.6606
SPADES QUEEN CLUBS FIVE,0.3272,0.0138,0.659
SPADES ACE CLUBS FIVE,0.3108,0.0068,0.6824
DIAMONDS JACK HEARTS SEVEN,0.335,0.018,0.647
HEARTS SIX DIAMONDS JACK,0.3496,0.0178,0.6326
DIAMONDS JACK HEARTS NINE,0.3374,0.0196,0.643
DIAMONDS JACK HEARTS EIGHT,0.3354,0.0174,0.6472
DIAMONDS KING DIAMONDS JACK,0.3152,0.009,0.6758
HEARTS THREE DIAMONDS JACK,0.2592,0.0594,0.6814
SPADES ACE SPADES SIX,0.332,0.0058,0.6622
HEARTS ACE SPADES FOUR,0.3246,0.0072,0.6682
DIAMONDS QUEEN DIAMONDS JACK,0.3166,0.0122,0.6712
HEARTS TWO DIAMONDS JACK,0.2568,0.0552,0.688
HEARTS FIVE DIAMONDS JACK,0.3486,0.0242,0.6272
SPADES QUEEN SPADES SIX,0.327,0.0152,0.6578
SPADES FOUR HEARTS QUEEN,0.3426,0.015,0.6424
DIAMONDS ACE DIAMONDS JACK,0.3212,0.0064,0.6724
HEARTS FOUR DIAMONDS JACK,0.3496,0.025,0.6254
SPADES KING SPADES SIX,0.3384,0.011,0.6506
HEARTS KING SPADES FOUR,0.3324,0.0086,0.659
SPADES TEN SPADES SIX,0.324,0.0296,0.6464
SPADES JACK SPADES SIX,0.3292,0.0164,0.6544
SPADES FOUR DIAMONDS JACK,0.341,0.022,0.637
SPADES FIVE DIAMONDS JACK,0.3396,0.0232,0.6372
DIAMONDS JACK SPADES THREE,0.253,0.0572,0.6898
SPADES ACE DIAMONDS THREE,0.2308,0.0192,0.75
SPADES QUEEN DIAMONDS THREE,0.247,0.0494,0.7036
CLUBS EIGHT DIAMONDS JACK,0.3382,0.0172,0.6446
SPADES KING DIAMONDS THREE,0.253,0.0362,0.7108
CLUBS NINE DIAMONDS JACK,0.3364,0.018,0.6456
CLUBS SIX DIAMONDS JACK,0.341,0.0204,0.6386
CLUBS SEVEN DIAMONDS JACK,0.3222,0.0222,0.6556
CLUBS FOUR DIAMONDS JACK,0.3412,0.0204,0.6384
CLUBS FIVE DIAMONDS JACK,0.3372,0.0228,0.64
CLUBS TWO DIAMONDS JACK,0.255,0.0578,0.6872
SPADES TEN CLUBS FIVE,0.3342,0.0312,0.6346
HEARTS SIX SPADES JACK,0.3314,0.0184,0.6502
HEARTS SIX SPADES TEN,0.3388,0.0308,0.6304
SPADES JACK CLUBS FIVE,0.3296,0.022,0.6484
SPADES JACK DIAMONDS THREE,0.243,0.0646,0.6924
CLUBS SEVEN CLUBS ACE,0.3142,0.007,0.6788
DIAMONDS THREE SPADES TEN,0.2454,0.0882,0.6664
CLUBS SEVEN CLUBS QUEEN,0.3178,0.0148,0.6674
CLUBS SEVEN CLUBS KING,0.3264,0.0094,0.6642
SPADES NINE DIAMONDS JACK,0.3316,0.0198,0.6486
CLUBS TEN CLUBS SEVEN,0.3218,0.029,0.6492
DIAMONDS ACE HEARTS ACE,0.1326,0.0054,0.862
HEARTS FOUR HEARTS ACE,0.3058,0.0046,0.6896
SPADES EIGHT DIAMONDS JACK,0.3398,0.019,0.6412
SPADES ACE HEARTS SIX,0.3338,0.0042,0.662
CLUBS SEVEN CLUBS JACK,0.3156,0.0208,0.6636
DIAMONDS ACE HEARTS KING,0.345,0.0064,0.6486
HEARTS FOUR HEARTS KING,0.3208,0.0128,0.6664
SPADES SEVEN DIAMONDS JACK,0.3352,0.0202,0.6446
SPADES KING HEARTS SIX,0.3514,0.0086,0.64
DIAMONDS ACE HEARTS QUEEN,0.3304,0.0054,0.6642
HEARTS FOUR HEARTS QUEEN,0.3178,0.014,0.6682
SPADES QUEEN HEARTS SIX,0.338,0.0122,0.6498
SPADES SIX DIAMONDS JACK,0.351,0.0214,0.6276
SPADES THREE DIAMONDS TEN,0.249,0.0806,0.6704
SPADES FOUR DIAMONDS TEN,0.3392,0.0332,0.6276
SPADES FIVE DIAMONDS TEN,0.331,0.0256,0.6434
SPADES SIX DIAMONDS TEN,0.3342,0.0274,0.6384
SPADES SEVEN DIAMONDS TEN,0.3246,0.029,0.6464
SPADES EIGHT DIAMONDS TEN,0.3294,0.024,0.6466
SPADES NINE DIAMONDS TEN,0.3376,0.0266,0.6358
CLUBS FOUR DIAMONDS TEN,0.3448,0.0336,0.6216
CLUBS FIVE DIAMONDS TEN,0.3378,0.031,0.6312
CLUBS SIX DIAMONDS TEN,0.346,0.0298,0.6242
CLUBS SEVEN DIAMONDS TEN,0.3424,0.0312,0.6264
CLUBS EIGHT DIAMONDS TEN,0.3412,0.025,0.6338
CLUBS NINE DIAMONDS TEN,0.3198,0.0228,0.6574
DIAMONDS THREE CLUBS JACK,0.2632,0.0588,0.678
CLUBS TEN DIAMONDS THREE,0.242,0.0864,0.6716
DIAMONDS THREE CLUBS KING,0.2452,0.0336,0.7212
DIAMONDS THREE CLUBS QUEEN,0.2488,0.0444,0.7068
DIAMONDS THREE CLUBS ACE,0.2332,0.0194,0.7474
SPADES FOUR HEARTS JACK,0.3304,0.0204,0.6492
SPADES FOUR HEARTS TEN,0.344,0.0294,0.6266
DIAMONDS QUEEN CLUBS TWO,0.2698,0.0418,0.6884
CLUBS TWO HEARTS TWO,0.2252,0.1438,0.631
DIAMONDS QUEEN HEARTS SEVEN,0.3466,0.0132,0.6402
HEARTS TWO HEARTS SEVEN,0.2326,0.1914,0.576
HEARTS SIX DIAMONDS QUEEN,0.3464,0.0152,0.6384
HEARTS SIX HEARTS TWO,0.2214,0.2608,0.5178
DIAMONDS QUEEN HEARTS NINE,0.3484,0.0108,0.6408
HEARTS TWO HEARTS NINE,0.242,0.0994,0.6586
DIAMONDS QUEEN HEARTS EIGHT,0.335,0.0138,0.6512
HEARTS TWO HEARTS EIGHT,0.2374,0.1468,0.6158
CLUBS NINE HEARTS TWO,0.2574,0.1062,0.6364
CLUBS NINE DIAMONDS QUEEN,0.3312,0.0112,0.6576
CLUBS EIGHT HEARTS TWO,0.2484,0.1514,0.6002
CLUBS EIGHT DIAMONDS QUEEN,0.3356,0.0124,0.652
CLUBS FIVE DIAMONDS QUEEN,0.3466,0.015,0.6384
CLUBS FIVE HEARTS TWO,0.219,0.37,0.411
SPADES EIGHT HEARTS ACE,0.34,0.0058,0.6542
DIAMONDS QUEEN CLUBS FOUR,0.3448,0.016,0.6392
HEARTS TWO CLUBS FOUR,0.2106,0.5088,0.2806
CLUBS SEVEN DIAMONDS QUEEN,0.3422,0.0132,0.6446
CLUBS SEVEN HEARTS TWO,0.2388,0.1996,0.5616
SPADES EIGHT HEARTS QUEEN,0.3394,0.0112,0.6494
CLUBS SIX DIAMONDS QUEEN,0.3476,0.0156,0.6368
CLUBS SIX HEARTS TWO,0.2372,0.2816,0.4812
SPADES EIGHT HEARTS KING,0.338,0.0084,0.6536
HEARTS TWO SPADES SIX,0.2398,0.2686,0.4916
DIAMONDS QUEEN SPADES SIX,0.3498,0.0128,0.6374
HEARTS FOUR CLUBS QUEEN,0.3388,0.018,0.6432
DIAMONDS ACE CLUBS QUEEN,0.3352,0.0058,0.659
DIAMONDS QUEEN SPADES SEVEN,0.3458,0.0144,0.6398
HEARTS TWO SPADES SEVEN,0.2446,0.1926,0.5628
HEARTS FOUR CLUBS KING,0.3394,0.0102,0.6504
DIAMONDS ACE CLUBS KING,0.3306,0.0062,0.6632
DIAMONDS QUEEN SPADES EIGHT,0.3266,0.013,0.6604
SPADES EIGHT HEARTS TWO,0.2422,0.1472,0.6106
HEARTS FOUR CLUBS ACE,0.3332,0.0058,0.661
DIAMONDS ACE CLUBS ACE,0.1212,0.0066,0.8722
SPADES NINE DIAMONDS QUEEN,0.3406,0.0092,0.6502
SPADES NINE HEARTS TWO,0.26,0.1036,0.6364
HEARTS TWO SPADES THREE,0.0102,0.977,0.0128
DIAMONDS QUEEN SPADES THREE,0.268,0.0422,0.6898
HEARTS TWO SPADES FOUR,0.2228,0.5058,0.2714
DIAMONDS QUEEN SPADES FOUR,0.3414,0.0156,0.643
HEARTS FOUR CLUBS TEN,0.3428,0.0354,0.6218
CLUBS TEN DIAMONDS ACE,0.3324,0.0042,0.6634
HEARTS TWO SPADES FIVE,0.2278,0.3796,0.3926
DIAMONDS QUEEN SPADES FIVE,0.3472,0.015,0.6378
HEARTS FOUR CLUBS JACK,0.334,0.0226,0.6434
DIAMONDS ACE CLUBS JACK,0.3426,0.005,0.6524
CLUBS FIVE CLUBS KING,0.3346,0.0096,0.6558
CLUBS FIVE CLUBS QUEEN,0.3224,0.0164,0.6612
CLUBS FIVE CLUBS ACE,0.2914,0.006,0.7026
CLUBS FIVE CLUBS JACK,0.3264,0.0246,0.649
CLUBS TEN CLUBS FIVE,0.3204,0.0346,0.645
SPADES KING CLUBS JACK,0.334,0.0096,0.6564
SPADES QUEEN CLUBS JACK,0.3106,0.0114,0.678
SPADES ACE CLUBS JACK,0.3284,0.0062,0.6654
SPADES SIX CLUBS KING,0.3448,0.011,0.6442
SPADES SIX CLUBS QUEEN,0.348,0.0142,0.6378
SPADES EIGHT HEARTS JACK,0.3488,0.0184,0.6328
SPADES SIX CLUBS ACE,0.327,0.006,0.667
SPADES EIGHT HEARTS TEN,0.339,0.0256,0.6354
SPADES SIX CLUBS JACK,0.3434,0.0216,0.635
CLUBS TEN SPADES SIX,0.3308,0.0324,0.6368
SPADES TEN CLUBS JACK,0.3276,0.0162,0.6562
SPADES JACK CLUBS JACK,0.132,0.0594,0.8086
SPADES QUEEN CLUBS SEVEN,0.332,0.0148,0.6532
SPADES KING CLUBS SEVEN,0.3234,0.009,0.6676
SPADES ACE CLUBS SEVEN,0.3204,0.0052,0.6744
SPADES SIX HEARTS TEN,0.3332,0.0298,0.637
SPADES SIX HEARTS JACK,0.3428,0.016,0.6412
SPADES SIX HEARTS ACE,0.3374,0.0076,0.655
SPADES SIX HEARTS KING,0.3556,0.0102,0.6342
SPADES SIX HEARTS QUEEN,0.3404,0.0124,0.6472
CLUBS SEVEN SPADES JACK,0.3308,0.0226,0.6466
CLUBS SEVEN SPADES TEN,0.3286,0.0276,0.6438
CLUBS TEN HEARTS SIX,0.3376,0.0286,0.6338
HEARTS SIX CLUBS JACK,0.3422,0.019,0.6388
CLUBS ACE CLUBS JACK,0.3234,0.0056,0.671
HEARTS SIX CLUBS QUEEN,0.3476,0.0122,0.6402
HEARTS SIX CLUBS KING,0.3502,0.0108,0.639
HEARTS SIX CLUBS ACE,0.3376,0.0058,0.6566
CLUBS QUEEN CLUBS JACK,0.3124,0.0116,0.676
CLUBS KING CLUBS JACK,0.3304,0.0082,0.6614
DIAMONDS THREE HEARTS ACE,0.2428,0.0196,0.7376
DIAMONDS THREE HEARTS QUEEN,0.244,0.0406,0.7154
DIAMONDS THREE HEARTS KING,0.2442,0.0344,0.7214
CLUBS FIVE HEARTS JACK,0.3268,0.0216,0.6516
SPADES TEN DIAMONDS ACE,0.3352,0.0052,0.6596
HEARTS FOUR SPADES TEN,0.3328,0.0346,0.6326
CLUBS FIVE HEARTS TEN,0.335,0.0342,0.6308
HEARTS FOUR SPADES JACK,0.346,0.0212,0.6328
SPADES JACK DIAMONDS ACE,0.3346,0.0052,0.6602
SPADES ACE HEARTS FOUR,0.3308,0.005,0.6642
SPADES ACE DIAMONDS ACE,0.1282,0.0068,0.865
CLUBS FIVE HEARTS ACE,0.3268,0.0078,0.6654
CLUBS FIVE HEARTS KING,0.3436,0.0072,0.6492
HEARTS FOUR SPADES QUEEN,0.3302,0.0188,0.651
SPADES QUEEN DIAMONDS ACE,0.3392,0.0048,0.656
SPADES FOUR CLUBS JACK,0.3362,0.0216,0.6422
CLUBS FIVE HEARTS QUEEN,0.3482,0.0154,0.6364
SPADES KING DIAMONDS ACE,0.342,0.005,0.653
HEARTS FOUR SPADES KING,0.339,0.0096,0.6514
CLUBS TEN SPADES FOUR,0.3402,0.0372,0.6226
DIAMONDS QUEEN DIAMONDS ACE,0.32,0.0046,0.6754
HEARTS TWO DIAMONDS ACE,0.248,0.016,0.736
HEARTS FOUR DIAMONDS QUEEN,0.3268,0.0172,0.656
HEARTS FOUR HEARTS TWO,0.2144,0.47,0.3156
DIAMONDS THREE HEARTS TEN,0.2624,0.083,0.6546
SPADES FOUR CLUBS KING,0.3328,0.0098,0.6574
HEARTS FIVE DIAMONDS QUEEN,0.3448,0.0128,0.6424
HEARTS FIVE HEARTS TWO,0.2184,0.339,0.4426
DIAMONDS THREE HEARTS JACK,0.2512,0.056,0.6928
SPADES FOUR CLUBS QUEEN,0.3328,0.0166,0.6506
DIAMONDS QUEEN HEARTS TWO,0.2578,0.0358,0.7064
DIAMONDS KING DIAMONDS QUEEN,0.3134,0.0086,0.678
DIAMONDS KING HEARTS TWO,0.2684,0.0322,0.6994
HEARTS THREE DIAMONDS QUEEN,0.2498,0.0458,0.7044
HEARTS THREE HEARTS TWO,0.0222,0.9048,0.073
SPADES FOUR CLUBS ACE,0.3144,0.0066,0.679
HEARTS TWO CLUBS ACE,0.248,0.017,0.735
DIAMONDS QUEEN CLUBS ACE,0.329,0.0056,0.6654
HEARTS TWO CLUBS QUEEN,0.2572,0.0398,0.703
DIAMONDS QUEEN CLUBS QUEEN,0.1414,0.0378,0.8208
HEARTS TWO CLUBS KING,0.2522,0.0248,0.723
DIAMONDS QUEEN CLUBS KING,0.3348,0.0108,0.6544
SPADES EIGHT SPADES FIVE,0.314,0.063,0.623
CLUBS TEN HEARTS TWO,0.2466,0.0736,0.6798
CLUBS TEN DIAMONDS QUEEN,0.3322,0.0124,0.6554
SPADES NINE SPADES FIVE,0.3122,0.0464,0.6414
HEARTS TWO CLUBS JACK,0.25,0.0534,0.6966
DIAMONDS QUEEN CLUBS JACK,0.3284,0.0124,0.6592
SPADES SIX SPADES FIVE,0.3014,0.1306,0.568
SPADES SEVEN SPADES FIVE,0.3128,0.1054,0.5818
DIAMONDS FIVE CLUBS QUEEN,0.3386,0.018,0.6434
SPADES EIGHT CLUBS ACE,0.3298,0.004,0.6662
DIAMONDS FIVE CLUBS KING,0.3384,0.0084,0.6532
SPADES EIGHT CLUBS KING,0.3302,0.0114,0.6584
CLUBS ACE DIAMONDS FIVE,0.3218,0.0048,0.6734
SPADES EIGHT CLUBS QUEEN,0.3326,0.0146,0.6528
SPADES EIGHT CLUBS JACK,0.332,0.0192,0.6488
CLUBS TEN SPADES EIGHT,0.3164,0.0268,0.6568
CLUBS TEN DIAMONDS FIVE,0.3366,0.0318,0.6316
DIAMONDS FIVE CLUBS JACK,0.3504,0.0234,0.6262
HEARTS JACK DIAMONDS TEN,0.3368,0.0152,0.648
DIAMONDS TEN HEARTS TEN,0.1428,0.068,0.7892
SPADES ACE CLUBS NINE,0.3318,0.0044,0.6638
CLUBS NINE SPADES QUEEN,0.3332,0.0102,0.6566
CLUBS NINE SPADES KING,0.3344,0.0092,0.6564
HEARTS SIX HEARTS KING,0.3312,0.0098,0.659
DIAMONDS KING SPADES SEVEN,0.341,0.008,0.651
HEARTS THREE SPADES SEVEN,0.2396,0.2078,0.5526
SPADES KING DIAMONDS SEVEN,0.336,0.0094,0.6546
HEARTS SIX HEARTS QUEEN,0.3212,0.0134,0.6654
SPADES QUEEN DIAMONDS SEVEN,0.3436,0.0126,0.6438
HEARTS THREE SPADES SIX,0.2424,0.2742,0.4834
DIAMONDS KING SPADES SIX,0.3324,0.0106,0.657
DIAMONDS KING SPADES NINE,0.3474,0.0076,0.645
HEARTS THREE SPADES NINE,0.2454,0.105,0.6496
HEARTS SIX HEARTS ACE,0.317,0.0048,0.6782
