opposingHand,winningChance,drawChance,lostChance
CLUBS FOUR CLUBS KING
HEARTS FIVE SPADES TEN,0.6172,0.0068,0.376
SPADES JACK HEARTS FIVE,0.6262,0.0056,0.3682
SPADES FIVE CLUBS JACK,0.6156,0.0068,0.3776
CLUBS TEN SPADES FIVE,0.6268,0.0076,0.3656
CLUBS EIGHT CLUBS JACK,0.5994,0.0074,0.3932
CLUBS TEN CLUBS EIGHT,0.5762,0.01,0.4138
SPADES FIVE CLUBS ACE,0.369,0.006,0.625
CLUBS EIGHT CLUBS QUEEN,0.5884,0.0076,0.404
SPADES FIVE CLUBS QUEEN,0.6264,0.0054,0.3682
CLUBS EIGHT CLUBS ACE,0.35,0.0068,0.6432
DIAMONDS TWO DIAMONDS THREE,0.6316,0.0102,0.3582
DIAMONDS TWO DIAMONDS FIVE,0.6074,0.0078,0.3848
SPADES KING HEARTS FIVE,0.2688,0.4324,0.2988
DIAMONDS TWO DIAMONDS FOUR,0.6882,0.0392,0.2726
SPADES QUEEN HEARTS FIVE,0.6436,0.0086,0.3478
DIAMONDS TWO DIAMONDS SEVEN,0.607,0.0062,0.3868
DIAMONDS TWO DIAMONDS SIX,0.6178,0.0116,0.3706
SPADES ACE HEARTS FIVE,0.3854,0.0048,0.6098
DIAMONDS TWO DIAMONDS NINE,0.6132,0.0076,0.3792
DIAMONDS TWO DIAMONDS EIGHT,0.6258,0.0072,0.367
DIAMONDS THREE DIAMONDS FOUR,0.676,0.0306,0.2934
CLUBS TWO SPADES FOUR,0.7274,0.0328,0.2398
DIAMONDS THREE DIAMONDS FIVE,0.59,0.01,0.4
CLUBS TWO SPADES FIVE,0.6338,0.0102,0.356
CLUBS TWO SPADES TWO,0.461,0.0214,0.5176
CLUBS TWO SPADES THREE,0.6544,0.0116,0.334
DIAMONDS THREE DIAMONDS EIGHT,0.6172,0.0106,0.3722
SPADES EIGHT CLUBS TWO,0.6458,0.0098,0.3444
DIAMONDS THREE DIAMONDS NINE,0.6148,0.0104,0.3748
SPADES NINE CLUBS TWO,0.6594,0.007,0.3336
DIAMONDS THREE DIAMONDS SIX,0.5958,0.011,0.3932
CLUBS TWO SPADES SIX,0.66,0.0092,0.3308
DIAMONDS THREE DIAMONDS SEVEN,0.6046,0.0078,0.3876
CLUBS TWO SPADES SEVEN,0.6582,0.0116,0.3302
CLUBS SIX CLUBS TWO,0.659,0.009,0.332
CLUBS SEVEN CLUBS TWO,0.6328,0.0102,0.357
CLUBS FIVE CLUBS TWO,0.6364,0.0122,0.3514
CLUBS TEN CLUBS JACK,0.551,0.0082,0.4408
DIAMONDS FOUR DIAMONDS SIX,0.6694,0.0304,0.3002
CLUBS TEN CLUBS QUEEN,0.561,0.0088,0.4302
DIAMONDS FOUR DIAMONDS SEVEN,0.6894,0.0274,0.2832
CLUBS TEN CLUBS ACE,0.327,0.0082,0.6648
CLUBS EIGHT CLUBS TWO,0.661,0.0094,0.3296
DIAMONDS FIVE DIAMONDS FOUR,0.6632,0.0308,0.306
CLUBS NINE CLUBS TWO,0.6382,0.0126,0.3492
DIAMONDS NINE DIAMONDS FOUR,0.6948,0.0326,0.2726
DIAMONDS EIGHT DIAMONDS FOUR,0.6942,0.0282,0.2776
CLUBS TWO CLUBS THREE,0.6418,0.012,0.3462
DIAMONDS NINE DIAMONDS FIVE,0.5748,0.0082,0.417
DIAMONDS TWO CLUBS JACK,0.6518,0.0082,0.34
DIAMONDS EIGHT DIAMONDS FIVE,0.5748,0.0064,0.4188
CLUBS TEN DIAMONDS TWO,0.644,0.0114,0.3446
DIAMONDS FIVE DIAMONDS SEVEN,0.5714,0.0066,0.422
DIAMONDS FIVE DIAMONDS SIX,0.5646,0.0074,0.428
DIAMONDS TWO CLUBS ACE,0.4026,0.0066,0.5908
DIAMONDS TWO CLUBS QUEEN,0.6478,0.0102,0.342
DIAMONDS EIGHT DIAMONDS SIX,0.5704,0.008,0.4216
DIAMONDS NINE DIAMONDS SIX,0.5584,0.0082,0.4334
HEARTS ACE SPADES THREE,0.4192,0.0028,0.578
HEARTS KING SPADES THREE,0.3142,0.4868,0.199
DIAMONDS SEVEN DIAMONDS SIX,0.5476,0.0096,0.4428
SPADES THREE HEARTS QUEEN,0.652,0.0074,0.3406
HEARTS JACK SPADES THREE,0.6348,0.01,0.3552
SPADES THREE HEARTS TEN,0.6498,0.0088,0.3414
DIAMONDS EIGHT DIAMONDS SEVEN,0.5438,0.007,0.4492
DIAMONDS NINE DIAMONDS SEVEN,0.5382,0.0058,0.456
DIAMONDS NINE DIAMONDS EIGHT,0.5396,0.0074,0.453
DIAMONDS KING HEARTS TEN,0.294,0.1144,0.5916
HEARTS THREE HEARTS TEN,0.603,0.0084,0.3886
SPADES JACK CLUBS SIX,0.6194,0.0072,0.3734
DIAMONDS KING HEARTS JACK,0.2844,0.0788,0.6368
HEARTS THREE HEARTS JACK,0.6158,0.0084,0.3758
SPADES TEN CLUBS SIX,0.5978,0.0078,0.3944
SPADES JACK SPADES FIVE,0.581,0.007,0.412
SPADES TEN SPADES FIVE,0.583,0.0086,0.4084
DIAMONDS KING HEARTS ACE,0.2648,0.0126,0.7226
HEARTS THREE HEARTS ACE,0.3886,0.0066,0.6048
SPADES ACE CLUBS SIX,0.378,0.0048,0.6172
DIAMONDS KING HEARTS QUEEN,0.2762,0.0624,0.6614
HEARTS THREE HEARTS QUEEN,0.6204,0.0082,0.3714
SPADES KING CLUBS SIX,0.2638,0.358,0.3782
DIAMONDS KING HEARTS KING,0.1216,0.0114,0.867
HEARTS THREE HEARTS KING,0.297,0.4586,0.2444
SPADES QUEEN CLUBS SIX,0.6182,0.007,0.3748
SPADES NINE HEARTS TEN,0.5808,0.0072,0.412
SPADES NINE HEARTS JACK,0.5902,0.0062,0.4036
SPADES QUEEN SPADES FIVE,0.5806,0.0094,0.41
SPADES KING SPADES FIVE,0.2346,0.41,0.3554
SPADES ACE SPADES FIVE,0.3654,0.0056,0.629
SPADES NINE HEARTS QUEEN,0.5954,0.0062,0.3984
SPADES NINE HEARTS KING,0.283,0.1568,0.5602
SPADES NINE HEARTS ACE,0.4186,0.0038,0.5776
CLUBS TEN SPADES JACK,0.5588,0.0064,0.4348
CLUBS TEN SPADES TEN,0.3338,0.0074,0.6588
SPADES ACE CLUBS TEN,0.3832,0.0048,0.612
SPADES KING CLUBS TEN,0.2738,0.117,0.6092
CLUBS TEN SPADES QUEEN,0.578,0.0076,0.4144
SPADES FIVE HEARTS QUEEN,0.6178,0.0082,0.374
HEARTS KING SPADES FIVE,0.271,0.4298,0.2992
SPADES FIVE HEARTS ACE,0.3862,0.006,0.6078
CLUBS EIGHT SPADES TEN,0.5738,0.0066,0.4196
HEARTS THREE SPADES JACK,0.6636,0.008,0.3284
SPADES JACK DIAMONDS KING,0.2852,0.0848,0.63
SPADES TEN DIAMONDS KING,0.274,0.1076,0.6184
HEARTS THREE SPADES TEN,0.6582,0.0056,0.3362
SPADES JACK CLUBS EIGHT,0.5848,0.005,0.4102
CLUBS SIX HEARTS ACE,0.4038,0.0058,0.5904
SPADES ACE CLUBS EIGHT,0.4034,0.0048,0.5918
HEARTS FIVE CLUBS JACK,0.6152,0.009,0.3758
CLUBS TEN HEARTS FIVE,0.6202,0.0082,0.3716
CLUBS SIX HEARTS QUEEN,0.6096,0.0088,0.3816
SPADES QUEEN CLUBS EIGHT,0.6034,0.0066,0.39
CLUBS TEN SPADES THREE,0.6552,0.0086,0.3362
CLUBS SIX HEARTS KING,0.261,0.3676,0.3714
SPADES KING CLUBS EIGHT,0.2642,0.2206,0.5152
SPADES THREE CLUBS JACK,0.6536,0.0116,0.3348
DIAMONDS TWO HEARTS JACK,0.6568,0.0068,0.3364
SPADES THREE CLUBS QUEEN,0.655,0.0082,0.3368
DIAMONDS TWO HEARTS TEN,0.6582,0.0112,0.3306
HEARTS FIVE CLUBS ACE,0.3768,0.0054,0.6178
SPADES FIVE HEARTS TEN,0.6364,0.007,0.3566
SPADES THREE CLUBS ACE,0.3904,0.006,0.6036
SPADES FIVE HEARTS JACK,0.622,0.0082,0.3698
HEARTS FIVE CLUBS QUEEN,0.6206,0.008,0.3714
HEARTS THREE CLUBS QUEEN,0.6354,0.0106,0.354
DIAMONDS KING CLUBS QUEEN,0.2676,0.0644,0.668
HEARTS FIVE HEARTS JACK,0.589,0.007,0.404
HEARTS FIVE HEARTS TEN,0.5852,0.0088,0.406
HEARTS THREE CLUBS ACE,0.397,0.0052,0.5978
DIAMONDS KING CLUBS ACE,0.2524,0.0184,0.7292
SPADES ACE CLUBS QUEEN,0.3916,0.007,0.6014
SPADES KING CLUBS QUEEN,0.2734,0.059,0.6676
HEARTS THREE CLUBS JACK,0.6478,0.0068,0.3454
DIAMONDS KING CLUBS JACK,0.2552,0.0962,0.6486
SPADES QUEEN CLUBS QUEEN,0.313,0.004,0.683
CLUBS TEN HEARTS THREE,0.6464,0.0086,0.345
CLUBS TEN DIAMONDS KING,0.2618,0.118,0.6202
SPADES JACK CLUBS QUEEN,0.5634,0.0082,0.4284
CLUBS SIX CLUBS QUEEN,0.61,0.0102,0.3798
SPADES TEN CLUBS QUEEN,0.5698,0.0074,0.4228
CLUBS SIX CLUBS ACE,0.3496,0.0046,0.6458
HEARTS FIVE HEARTS KING,0.2524,0.4072,0.3404
HEARTS FIVE HEARTS QUEEN,0.5866,0.0062,0.4072
CLUBS TEN CLUBS SIX,0.6076,0.0062,0.3862
HEARTS FIVE HEARTS ACE,0.3674,0.0032,0.6294
CLUBS SIX CLUBS JACK,0.617,0.0058,0.3772
SPADES SEVEN HEARTS JACK,0.6142,0.0082,0.3776
SPADES SEVEN HEARTS TEN,0.6048,0.0086,0.3866
DIAMONDS TWO CLUBS TWO,0.4704,0.0224,0.5072
DIAMONDS TWO CLUBS THREE,0.6738,0.0092,0.317
HEARTS SIX DIAMONDS TWO,0.6576,0.0072,0.3352
DIAMONDS TWO HEARTS QUEEN,0.6554,0.0062,0.3384
DIAMONDS TWO HEARTS SEVEN,0.67,0.0098,0.3202
DIAMONDS TWO HEARTS KING,0.3086,0.478,0.2134
DIAMONDS TWO HEARTS EIGHT,0.664,0.0102,0.3258
DIAMONDS TWO HEARTS ACE,0.4178,0.004,0.5782
DIAMONDS TWO HEARTS NINE,0.6514,0.0092,0.3394
DIAMONDS TWO DIAMONDS QUEEN,0.6092,0.01,0.3808
DIAMONDS TWO HEARTS TWO,0.4846,0.0212,0.4942
DIAMONDS TWO DIAMONDS KING,0.2974,0.4456,0.257
HEARTS THREE DIAMONDS TWO,0.6664,0.0092,0.3244
DIAMONDS TWO DIAMONDS ACE,0.3868,0.0066,0.6066
HEARTS FOUR DIAMONDS TWO,0.723,0.0374,0.2396
DIAMONDS TWO HEARTS FIVE,0.6352,0.0118,0.353
SPADES SEVEN HEARTS ACE,0.3908,0.004,0.6052
DIAMONDS TWO DIAMONDS TEN,0.6084,0.009,0.3826
SPADES SEVEN HEARTS KING,0.2778,0.2708,0.4514
DIAMONDS TWO DIAMONDS JACK,0.62,0.0102,0.3698
SPADES SEVEN HEARTS QUEEN,0.6154,0.0042,0.3804
DIAMONDS TWO SPADES NINE,0.6524,0.005,0.3426
DIAMONDS TWO SPADES EIGHT,0.6618,0.0054,0.3328
DIAMONDS TWO SPADES SEVEN,0.6706,0.0096,0.3198
DIAMONDS TWO SPADES SIX,0.648,0.0072,0.3448
DIAMONDS TWO SPADES FIVE,0.648,0.009,0.343
DIAMONDS TWO SPADES FOUR,0.7132,0.0396,0.2472
DIAMONDS TWO SPADES THREE,0.67,0.012,0.318
DIAMONDS TWO SPADES TWO,0.4764,0.02,0.5036
CLUBS NINE DIAMONDS TWO,0.6474,0.01,0.3426
DIAMONDS TWO CLUBS EIGHT,0.669,0.0092,0.3218
CLUBS SEVEN DIAMONDS TWO,0.6502,0.0092,0.3406
DIAMONDS TWO CLUBS SIX,0.654,0.0106,0.3354
DIAMONDS TWO CLUBS FIVE,0.6304,0.0112,0.3584
SPADES ACE DIAMONDS SIX,0.4018,0.0034,0.5948
SPADES QUEEN DIAMONDS SIX,0.6272,0.006,0.3668
SPADES KING DIAMONDS SIX,0.2734,0.3446,0.382
SPADES TEN DIAMONDS SIX,0.6226,0.008,0.3694
SPADES JACK DIAMONDS SIX,0.6238,0.0076,0.3686
SPADES QUEEN SPADES TWO,0.6212,0.0086,0.3702
SPADES KING SPADES TWO,0.3078,0.4508,0.2414
SPADES ACE SPADES TWO,0.4028,0.0052,0.592
DIAMONDS JACK CLUBS JACK,0.3278,0.0072,0.665
CLUBS TEN DIAMONDS JACK,0.564,0.007,0.429
DIAMONDS JACK CLUBS QUEEN,0.5746,0.0064,0.419
DIAMONDS THREE DIAMONDS JACK,0.6136,0.0068,0.3796
DIAMONDS THREE DIAMONDS TEN,0.61,0.0086,0.3814
DIAMONDS JACK CLUBS ACE,0.3712,0.0054,0.6234
DIAMONDS THREE DIAMONDS KING,0.2972,0.443,0.2598
HEARTS THREE DIAMONDS THREE,0.4718,0.0176,0.5106
DIAMONDS THREE DIAMONDS QUEEN,0.6148,0.01,0.3752
DIAMONDS THREE HEARTS TWO,0.664,0.0106,0.3254
HEARTS FIVE DIAMONDS THREE,0.6342,0.0118,0.354
DIAMONDS THREE DIAMONDS ACE,0.397,0.0074,0.5956
HEARTS FOUR DIAMONDS THREE,0.7094,0.0274,0.2632
DIAMONDS THREE HEARTS SEVEN,0.6598,0.009,0.3312
SPADES TEN SPADES NINE,0.5382,0.0046,0.4572
HEARTS SIX DIAMONDS THREE,0.6394,0.008,0.3526
SPADES JACK SPADES NINE,0.5508,0.0062,0.443
DIAMONDS THREE HEARTS NINE,0.6428,0.0094,0.3478
HEARTS JACK DIAMONDS FOUR,0.7396,0.0358,0.2246
HEARTS KING HEARTS ACE,0.2644,0.0114,0.7242
SPADES TEN SPADES TWO,0.6188,0.0094,0.3718
DIAMONDS THREE HEARTS EIGHT,0.6648,0.0092,0.326
HEARTS TEN DIAMONDS FOUR,0.7252,0.0338,0.241
SPADES JACK SPADES TWO,0.6166,0.0074,0.376
HEARTS QUEEN DIAMONDS FOUR,0.7366,0.0334,0.23
HEARTS KING DIAMONDS FOUR,0.072,0.906,0.022
SPADES ACE SPADES NINE,0.3858,0.0054,0.6088
HEARTS ACE DIAMONDS FOUR,0.274,0.0246,0.7014
SPADES KING SPADES NINE,0.2638,0.1504,0.5858
SPADES QUEEN SPADES NINE,0.5586,0.0074,0.434
DIAMONDS THREE SPADES NINE,0.643,0.0088,0.3482
DIAMONDS THREE SPADES EIGHT,0.6544,0.0092,0.3364
DIAMONDS THREE SPADES SEVEN,0.6512,0.0094,0.3394
DIAMONDS THREE SPADES SIX,0.645,0.007,0.348
DIAMONDS THREE CLUBS SIX,0.644,0.0092,0.3468
CLUBS FIVE CLUBS SIX,0.5734,0.01,0.4166
CLUBS ACE DIAMONDS FOUR,0.2576,0.0242,0.7182
CLUBS SEVEN DIAMONDS THREE,0.6438,0.01,0.3462
CLUBS SEVEN CLUBS FIVE,0.5966,0.0122,0.3912
DIAMONDS FOUR CLUBS QUEEN,0.7286,0.0392,0.2322
DIAMONDS THREE CLUBS FIVE,0.6312,0.0086,0.3602
DIAMONDS THREE CLUBS TWO,0.6606,0.0112,0.3282
CLUBS TEN DIAMONDS FOUR,0.7234,0.0384,0.2382
DIAMONDS THREE CLUBS THREE,0.4604,0.0192,0.5204
DIAMONDS FOUR CLUBS JACK,0.7312,0.0368,0.232
DIAMONDS THREE SPADES FOUR,0.714,0.0334,0.2526
DIAMONDS THREE SPADES FIVE,0.6276,0.0074,0.365
DIAMONDS THREE SPADES TWO,0.6572,0.0118,0.331
DIAMONDS THREE SPADES THREE,0.4774,0.019,0.5036
CLUBS EIGHT DIAMONDS THREE,0.6608,0.0076,0.3316
CLUBS NINE DIAMONDS THREE,0.6418,0.0092,0.349
SPADES SEVEN CLUBS ACE,0.3752,0.0036,0.6212
SPADES SEVEN CLUBS QUEEN,0.6174,0.0072,0.3754
CLUBS FIVE SPADES SEVEN,0.594,0.0084,0.3976
CLUBS TEN SPADES SEVEN,0.5932,0.0066,0.4002
CLUBS FIVE SPADES SIX,0.5888,0.008,0.4032
SPADES SEVEN CLUBS JACK,0.5958,0.01,0.3942
CLUBS FIVE SPADES NINE,0.6086,0.0082,0.3832
CLUBS FIVE SPADES EIGHT,0.6024,0.0118,0.3858
CLUBS FIVE SPADES THREE,0.6102,0.0102,0.3796
CLUBS FIVE SPADES TWO,0.6326,0.014,0.3534
CLUBS FIVE SPADES FIVE,0.3628,0.0178,0.6194
CLUBS FIVE SPADES FOUR,0.6882,0.0312,0.2806
CLUBS NINE CLUBS FIVE,0.6092,0.0114,0.3794
CLUBS EIGHT CLUBS FIVE,0.5992,0.0086,0.3922
CLUBS ACE CLUBS QUEEN,0.3424,0.006,0.6516
DIAMONDS TEN DIAMONDS FOUR,0.6908,0.0352,0.274
CLUBS TEN DIAMONDS NINE,0.5648,0.0072,0.428
DIAMONDS JACK DIAMONDS FOUR,0.6896,0.0328,0.2776
DIAMONDS NINE CLUBS JACK,0.5794,0.008,0.4126
SPADES NINE CLUBS JACK,0.5648,0.0084,0.4268
CLUBS TEN SPADES NINE,0.5634,0.0074,0.4292
DIAMONDS ACE DIAMONDS FOUR,0.2544,0.0224,0.7232
HEARTS FOUR DIAMONDS FOUR,0.3532,0.0258,0.621
DIAMONDS JACK HEARTS TEN,0.5714,0.0044,0.4242
DIAMONDS TWO SPADES TEN,0.635,0.007,0.358
DIAMONDS NINE CLUBS ACE,0.391,0.0072,0.6018
HEARTS FIVE DIAMONDS FOUR,0.6886,0.0308,0.2806
HEARTS JACK DIAMONDS JACK,0.3384,0.0048,0.6568
SPADES NINE CLUBS QUEEN,0.5822,0.006,0.4118
DIAMONDS TWO SPADES JACK,0.6602,0.0078,0.332
DIAMONDS QUEEN DIAMONDS FOUR,0.7022,0.034,0.2638
HEARTS TWO DIAMONDS FOUR,0.7342,0.0362,0.2296
DIAMONDS NINE CLUBS QUEEN,0.5766,0.0072,0.4162
DIAMONDS KING DIAMONDS FOUR,0.0726,0.8536,0.0738
HEARTS THREE DIAMONDS FOUR,0.713,0.0322,0.2548
SPADES NINE CLUBS ACE,0.3796,0.0068,0.6136
HEARTS ACE DIAMONDS JACK,0.3972,0.0036,0.5992
SPADES ACE DIAMONDS TWO,0.4184,0.006,0.5756
DIAMONDS JACK HEARTS QUEEN,0.5732,0.0076,0.4192
SPADES QUEEN DIAMONDS TWO,0.6556,0.0078,0.3366
HEARTS KING DIAMONDS JACK,0.2758,0.0794,0.6448
SPADES KING DIAMONDS TWO,0.3012,0.4924,0.2064
SPADES JACK SPADES SEVEN,0.5734,0.008,0.4186
SPADES TEN SPADES SEVEN,0.5606,0.0106,0.4288
CLUBS SEVEN CLUBS THREE,0.6498,0.0112,0.339
CLUBS SIX CLUBS THREE,0.6366,0.0096,0.3538
CLUBS FIVE CLUBS THREE,0.609,0.0128,0.3782
CLUBS NINE CLUBS THREE,0.6508,0.0076,0.3416
CLUBS EIGHT CLUBS THREE,0.6504,0.0092,0.3404
CLUBS THREE SPADES FIVE,0.6216,0.0094,0.369
CLUBS THREE SPADES FOUR,0.7198,0.0354,0.2448
CLUBS THREE SPADES THREE,0.4674,0.019,0.5136
CLUBS THREE SPADES TWO,0.6662,0.0098,0.324
CLUBS THREE SPADES SIX,0.6496,0.009,0.3414
SPADES SEVEN CLUBS THREE,0.6504,0.0096,0.34
SPADES EIGHT CLUBS THREE,0.6502,0.008,0.3418
SPADES NINE CLUBS THREE,0.6384,0.0098,0.3518
SPADES TWO DIAMONDS FOUR,0.721,0.037,0.242
SPADES THREE DIAMONDS FOUR,0.7222,0.035,0.2428
SPADES FOUR DIAMONDS FOUR,0.344,0.027,0.629
SPADES FIVE DIAMONDS FOUR,0.6984,0.028,0.2736
SPADES SIX DIAMONDS FOUR,0.7126,0.0316,0.2558
SPADES SEVEN DIAMONDS FOUR,0.718,0.0306,0.2514
SPADES EIGHT DIAMONDS FOUR,0.7198,0.0318,0.2484
SPADES NINE DIAMONDS FOUR,0.7422,0.0324,0.2254
CLUBS FIVE DIAMONDS FOUR,0.691,0.0308,0.2782
CLUBS SEVEN DIAMONDS FOUR,0.7154,0.0302,0.2544
CLUBS SIX DIAMONDS FOUR,0.6982,0.0324,0.2694
CLUBS NINE DIAMONDS FOUR,0.7352,0.0382,0.2266
CLUBS EIGHT DIAMONDS FOUR,0.7226,0.0316,0.2458
DIAMONDS FOUR HEARTS SEVEN,0.7148,0.027,0.2582
HEARTS SIX DIAMONDS FOUR,0.7108,0.0304,0.2588
HEARTS NINE DIAMONDS FOUR,0.746,0.0304,0.2236
DIAMONDS FOUR HEARTS EIGHT,0.7358,0.033,0.2312
CLUBS THREE DIAMONDS FOUR,0.7022,0.037,0.2608
CLUBS TWO DIAMONDS FOUR,0.7312,0.0338,0.235
DIAMONDS TEN DIAMONDS FIVE,0.5824,0.0068,0.4108
DIAMONDS JACK DIAMONDS FIVE,0.5946,0.008,0.3974
DIAMONDS NINE HEARTS QUEEN,0.5986,0.0102,0.3912
HEARTS KING DIAMONDS NINE,0.2838,0.1552,0.561
DIAMONDS NINE HEARTS ACE,0.3966,0.0056,0.5978
DIAMONDS NINE HEARTS TEN,0.5776,0.0076,0.4148
DIAMONDS NINE HEARTS JACK,0.5814,0.0078,0.4108
CLUBS QUEEN DIAMONDS SIX,0.6068,0.0074,0.3858
CLUBS ACE DIAMONDS SIX,0.3822,0.0036,0.6142
SPADES KING DIAMONDS FOUR,0.075,0.9068,0.0182
SPADES ACE SPADES SEVEN,0.38,0.0068,0.6132
SPADES QUEEN DIAMONDS FOUR,0.749,0.037,0.214
SPADES QUEEN SPADES SEVEN,0.5962,0.0058,0.398
CLUBS JACK DIAMONDS SIX,0.6104,0.008,0.3816
SPADES KING SPADES SEVEN,0.274,0.2644,0.4616
SPADES ACE DIAMONDS FOUR,0.2766,0.0262,0.6972
CLUBS TEN DIAMONDS SIX,0.6226,0.0092,0.3682
SPADES JACK DIAMONDS FOUR,0.755,0.0326,0.2124
SPADES TEN DIAMONDS FOUR,0.7404,0.034,0.2256
CLUBS SEVEN SPADES EIGHT,0.579,0.0072,0.4138
CLUBS SEVEN SPADES NINE,0.5712,0.0098,0.419
CLUBS SEVEN SPADES SIX,0.5836,0.0064,0.41
CLUBS SEVEN SPADES SEVEN,0.3536,0.011,0.6354
CLUBS SEVEN SPADES FIVE,0.6014,0.0086,0.39
CLUBS SEVEN SPADES FOUR,0.702,0.029,0.269
CLUBS SEVEN SPADES THREE,0.6384,0.01,0.3516
CLUBS SEVEN SPADES TWO,0.6522,0.011,0.3368
CLUBS NINE CLUBS SEVEN,0.5732,0.0094,0.4174
CLUBS SEVEN CLUBS EIGHT,0.5742,0.008,0.4178
HEARTS SIX DIAMONDS FIVE,0.5968,0.0082,0.395
DIAMONDS FIVE HEARTS SEVEN,0.6144,0.0084,0.3772
DIAMONDS FIVE HEARTS EIGHT,0.606,0.0066,0.3874
HEARTS NINE DIAMONDS FIVE,0.6084,0.008,0.3836
DIAMONDS QUEEN DIAMONDS FIVE,0.595,0.0074,0.3976
HEARTS TWO DIAMONDS FIVE,0.6264,0.0102,0.3634
HEARTS KING HEARTS EIGHT,0.257,0.2174,0.5256
DIAMONDS KING DIAMONDS FIVE,0.2468,0.4132,0.34
HEARTS THREE DIAMONDS FIVE,0.624,0.009,0.367
HEARTS QUEEN HEARTS EIGHT,0.5722,0.0066,0.4212
DIAMONDS ACE DIAMONDS FIVE,0.3656,0.005,0.6294
HEARTS FOUR DIAMONDS FIVE,0.6928,0.035,0.2722
HEARTS FIVE DIAMONDS FIVE,0.3792,0.017,0.6038
HEARTS ACE HEARTS EIGHT,0.385,0.0056,0.6094
CLUBS FIVE DIAMONDS FIVE,0.3644,0.0206,0.615
CLUBS SIX DIAMONDS FIVE,0.572,0.0114,0.4166
CLUBS SEVEN DIAMONDS FIVE,0.6058,0.0088,0.3854
CLUBS TWO DIAMONDS FIVE,0.6358,0.0096,0.3546
CLUBS THREE DIAMONDS FIVE,0.6112,0.0122,0.3766
SPADES THREE DIAMONDS FIVE,0.6258,0.008,0.3662
SPADES TWO DIAMONDS FIVE,0.6432,0.0104,0.3464
SPADES JACK DIAMONDS EIGHT,0.5972,0.0056,0.3972
SPADES FIVE DIAMONDS FIVE,0.3722,0.019,0.6088
CLUBS TEN HEARTS JACK,0.5558,0.009,0.4352
SPADES TEN DIAMONDS EIGHT,0.5944,0.0058,0.3998
SPADES FOUR DIAMONDS FIVE,0.687,0.0316,0.2814
HEARTS JACK CLUBS JACK,0.3256,0.0052,0.6692
HEARTS JACK CLUBS QUEEN,0.5748,0.0072,0.418
CLUBS NINE DIAMONDS FIVE,0.6108,0.0088,0.3804
CLUBS EIGHT DIAMONDS FIVE,0.5986,0.009,0.3924
HEARTS JACK CLUBS ACE,0.3712,0.006,0.6228
SPADES SEVEN DIAMONDS FIVE,0.6152,0.0094,0.3754
SPADES KING DIAMONDS EIGHT,0.287,0.2114,0.5016
SPADES QUEEN DIAMONDS EIGHT,0.6204,0.0064,0.3732
SPADES SIX DIAMONDS FIVE,0.5988,0.0092,0.392
SPADES NINE DIAMONDS FIVE,0.6108,0.0058,0.3834
SPADES EIGHT DIAMONDS FIVE,0.6236,0.0048,0.3716
SPADES ACE DIAMONDS EIGHT,0.4024,0.0046,0.593
DIAMONDS TEN DIAMONDS SIX,0.5714,0.0088,0.4198
HEARTS ACE DIAMONDS SEVEN,0.393,0.0046,0.6024
DIAMONDS JACK DIAMONDS SIX,0.5836,0.0058,0.4106
HEARTS QUEEN DIAMONDS SEVEN,0.6248,0.008,0.3672
HEARTS KING DIAMONDS SEVEN,0.281,0.2766,0.4424
DIAMONDS ACE DIAMONDS SIX,0.373,0.0046,0.6224
HEARTS FOUR DIAMONDS SIX,0.695,0.0294,0.2756
HEARTS JACK SPADES TWO,0.6438,0.0078,0.3484
HEARTS FIVE DIAMONDS SIX,0.596,0.0076,0.3964
SPADES TWO HEARTS TEN,0.6584,0.0078,0.3338
DIAMONDS QUEEN DIAMONDS SIX,0.5836,0.009,0.4074
HEARTS TWO DIAMONDS SIX,0.6588,0.0082,0.333
DIAMONDS KING DIAMONDS SIX,0.2552,0.3352,0.4096
HEARTS THREE DIAMONDS SIX,0.6408,0.009,0.3502
HEARTS EIGHT DIAMONDS SIX,0.6132,0.0062,0.3806
HEARTS NINE DIAMONDS SIX,0.5934,0.0062,0.4004
HEARTS SIX DIAMONDS SIX,0.3756,0.015,0.6094
HEARTS SEVEN DIAMONDS SIX,0.5948,0.008,0.3972
HEARTS TEN DIAMONDS SEVEN,0.599,0.0064,0.3946
CLUBS TWO DIAMONDS SIX,0.6362,0.011,0.3528
HEARTS JACK DIAMONDS SEVEN,0.611,0.0076,0.3814
CLUBS THREE DIAMONDS SIX,0.641,0.0102,0.3488
CLUBS SEVEN DIAMONDS SIX,0.5822,0.009,0.4088
DIAMONDS EIGHT CLUBS JACK,0.591,0.0098,0.3992
CLUBS SIX DIAMONDS SIX,0.3612,0.017,0.6218
CLUBS TEN DIAMONDS EIGHT,0.5836,0.0054,0.411
CLUBS FIVE DIAMONDS SIX,0.5914,0.0088,0.3998
HEARTS ACE HEARTS JACK,0.3712,0.0042,0.6246
DIAMONDS EIGHT CLUBS ACE,0.3862,0.0048,0.609
HEARTS JACK HEARTS QUEEN,0.5394,0.0088,0.4518
CLUBS NINE DIAMONDS SIX,0.5958,0.0066,0.3976
HEARTS KING HEARTS JACK,0.274,0.0818,0.6442
DIAMONDS EIGHT CLUBS QUEEN,0.5978,0.0062,0.396
CLUBS EIGHT DIAMONDS SIX,0.603,0.008,0.389
SPADES TEN HEARTS KING,0.2792,0.1122,0.6086
SPADES FIVE DIAMONDS SIX,0.5916,0.0088,0.3996
HEARTS ACE SPADES TWO,0.427,0.0048,0.5682
SPADES JACK HEARTS KING,0.2854,0.0852,0.6294
SPADES FOUR DIAMONDS SIX,0.711,0.0256,0.2634
SPADES THREE DIAMONDS SIX,0.6296,0.0078,0.3626
HEARTS QUEEN SPADES TWO,0.6606,0.009,0.3304
SPADES ACE SPADES KING,0.2678,0.0124,0.7198
HEARTS KING SPADES TWO,0.3088,0.486,0.2052
SPADES TWO DIAMONDS SIX,0.652,0.0078,0.3402
HEARTS TEN HEARTS EIGHT,0.5542,0.0072,0.4386
SPADES NINE DIAMONDS SIX,0.6054,0.006,0.3886
HEARTS JACK HEARTS EIGHT,0.5622,0.0056,0.4322
SPADES EIGHT DIAMONDS SIX,0.6054,0.0064,0.3882
SPADES SEVEN DIAMONDS SIX,0.6074,0.0084,0.3842
SPADES SIX DIAMONDS SIX,0.3696,0.0156,0.6148
SPADES KING HEARTS KING,0.131,0.013,0.856
SPADES QUEEN HEARTS KING,0.2796,0.0552,0.6652
SPADES ACE HEARTS KING,0.2704,0.011,0.7186
SPADES ACE HEARTS JACK,0.3898,0.006,0.6042
SPADES QUEEN HEARTS JACK,0.5814,0.0072,0.4114
SPADES KING HEARTS JACK,0.2896,0.0818,0.6286
SPADES TEN DIAMONDS TEN,0.3298,0.007,0.6632
SPADES JACK DIAMONDS TEN,0.5834,0.0044,0.4122
SPADES ACE DIAMONDS TEN,0.3902,0.0046,0.6052
SPADES JACK HEARTS JACK,0.3314,0.008,0.6606
SPADES TEN HEARTS JACK,0.5752,0.0054,0.4194
SPADES QUEEN DIAMONDS TEN,0.5794,0.0044,0.4162
SPADES KING DIAMONDS TEN,0.2788,0.119,0.6022
SPADES NINE DIAMONDS SEVEN,0.5992,0.0068,0.394
SPADES EIGHT DIAMONDS SEVEN,0.5846,0.0102,0.4052
SPADES SEVEN DIAMONDS SEVEN,0.36,0.0112,0.6288
SPADES SIX DIAMONDS SEVEN,0.597,0.006,0.397
DIAMONDS KING DIAMONDS SEVEN,0.2676,0.2668,0.4656
HEARTS THREE DIAMONDS SEVEN,0.6364,0.0078,0.3558
HEARTS KING DIAMONDS FIVE,0.2626,0.4372,0.3002
DIAMONDS QUEEN DIAMONDS SEVEN,0.582,0.0096,0.4084
HEARTS TWO DIAMONDS SEVEN,0.6628,0.008,0.3292
HEARTS QUEEN DIAMONDS FIVE,0.6402,0.0052,0.3546
HEARTS FIVE DIAMONDS SEVEN,0.5956,0.0092,0.3952
DIAMONDS ACE DIAMONDS SEVEN,0.3864,0.0048,0.6088
HEARTS FOUR DIAMONDS SEVEN,0.7152,0.0288,0.256
HEARTS ACE DIAMONDS FIVE,0.3948,0.0038,0.6014
HEARTS SEVEN DIAMONDS SEVEN,0.3588,0.0132,0.628
HEARTS SIX DIAMONDS SEVEN,0.599,0.0072,0.3938
HEARTS NINE DIAMONDS SEVEN,0.5912,0.008,0.4008
DIAMONDS SEVEN HEARTS EIGHT,0.5928,0.0078,0.3994
DIAMONDS JACK DIAMONDS SEVEN,0.5634,0.0074,0.4292
HEARTS JACK DIAMONDS FIVE,0.6236,0.0072,0.3692
DIAMONDS TEN DIAMONDS SEVEN,0.5748,0.0078,0.4174
DIAMONDS FIVE HEARTS TEN,0.632,0.008,0.36
SPADES KING CLUBS TWO,0.2946,0.5034,0.202
CLUBS EIGHT DIAMONDS SEVEN,0.5704,0.0078,0.4218
SPADES QUEEN CLUBS TWO,0.649,0.0098,0.3412
HEARTS KING CLUBS QUEEN,0.2622,0.0632,0.6746
CLUBS NINE DIAMONDS SEVEN,0.5778,0.0078,0.4144
SPADES TWO CLUBS JACK,0.654,0.0076,0.3384
SPADES ACE CLUBS TWO,0.4026,0.0044,0.593
CLUBS TEN SPADES TWO,0.6428,0.007,0.3502
HEARTS KING CLUBS ACE,0.2572,0.0114,0.7314
CLUBS SEVEN CLUBS SIX,0.5646,0.0114,0.424
SPADES TWO DIAMONDS SEVEN,0.6554,0.008,0.3366
CLUBS EIGHT CLUBS SIX,0.582,0.0082,0.4098
SPADES THREE DIAMONDS SEVEN,0.6482,0.01,0.3418
SPADES TWO CLUBS QUEEN,0.6512,0.0106,0.3382
CLUBS NINE CLUBS SIX,0.5802,0.008,0.4118
SPADES FOUR DIAMONDS SEVEN,0.7286,0.03,0.2414
HEARTS KING CLUBS JACK,0.273,0.0908,0.6362
SPADES FIVE DIAMONDS SEVEN,0.6024,0.0076,0.39
SPADES TWO CLUBS ACE,0.403,0.0054,0.5916
CLUBS TEN HEARTS KING,0.2768,0.1112,0.612
CLUBS SIX SPADES TWO,0.6466,0.0088,0.3446
CLUBS SIX SPADES THREE,0.6358,0.0084,0.3558
CLUBS TWO DIAMONDS SEVEN,0.647,0.011,0.342
CLUBS SIX SPADES FOUR,0.709,0.0328,0.2582
CLUBS THREE DIAMONDS SEVEN,0.643,0.006,0.351
CLUBS SIX SPADES FIVE,0.6002,0.01,0.3898
CLUBS SIX SPADES SIX,0.3668,0.0156,0.6176
CLUBS FIVE DIAMONDS SEVEN,0.5872,0.009,0.4038
CLUBS SIX SPADES SEVEN,0.5758,0.0084,0.4158
CLUBS SIX DIAMONDS SEVEN,0.5836,0.0078,0.4086
CLUBS SIX SPADES EIGHT,0.5926,0.0072,0.4002
SPADES JACK CLUBS TWO,0.6506,0.0064,0.343
CLUBS SEVEN DIAMONDS SEVEN,0.3532,0.0166,0.6302
SPADES NINE CLUBS SIX,0.589,0.0096,0.4014
SPADES TEN CLUBS TWO,0.6494,0.0072,0.3434
CLUBS TWO CLUBS QUEEN,0.6588,0.009,0.3322
CLUBS THREE DIAMONDS EIGHT,0.6548,0.0082,0.337
CLUBS TWO CLUBS ACE,0.3724,0.0078,0.6198
CLUBS TWO DIAMONDS EIGHT,0.6482,0.009,0.3428
DIAMONDS EIGHT HEARTS SEVEN,0.5766,0.0082,0.4152
HEARTS SIX DIAMONDS EIGHT,0.619,0.0044,0.3766
DIAMONDS EIGHT HEARTS NINE,0.579,0.0084,0.4126
CLUBS TEN CLUBS TWO,0.64,0.0098,0.3502
DIAMONDS EIGHT HEARTS EIGHT,0.366,0.0102,0.6238
CLUBS TWO CLUBS JACK,0.6434,0.0094,0.3472
CLUBS NINE DIAMONDS EIGHT,0.5712,0.0084,0.4204
CLUBS EIGHT DIAMONDS EIGHT,0.3542,0.0108,0.635
CLUBS FIVE DIAMONDS EIGHT,0.6098,0.0084,0.3818
SPADES ACE SPADES THREE,0.3818,0.0046,0.6136
CLUBS SEVEN DIAMONDS EIGHT,0.5836,0.0076,0.4088
SPADES QUEEN SPADES THREE,0.5978,0.0094,0.3928
CLUBS SIX DIAMONDS EIGHT,0.6008,0.0088,0.3904
SPADES KING SPADES THREE,0.2886,0.4604,0.251
DIAMONDS QUEEN DIAMONDS EIGHT,0.5556,0.009,0.4354
HEARTS TWO DIAMONDS EIGHT,0.6414,0.01,0.3486
DIAMONDS KING DIAMONDS EIGHT,0.2676,0.1948,0.5376
HEARTS THREE DIAMONDS EIGHT,0.6668,0.0074,0.3258
DIAMONDS ACE DIAMONDS EIGHT,0.3752,0.0042,0.6206
HEARTS FOUR DIAMONDS EIGHT,0.7304,0.0334,0.2362
HEARTS FIVE DIAMONDS EIGHT,0.6022,0.0064,0.3914
DIAMONDS EIGHT DIAMONDS TEN,0.5506,0.0098,0.4396
DIAMONDS EIGHT DIAMONDS JACK,0.5662,0.0068,0.427
SPADES JACK SPADES THREE,0.6154,0.008,0.3766
SPADES TEN SPADES THREE,0.6158,0.009,0.3752
CLUBS SIX HEARTS TEN,0.6058,0.0088,0.3854
CLUBS SIX HEARTS JACK,0.6354,0.0074,0.3572
DIAMONDS EIGHT SPADES FOUR,0.7286,0.0338,0.2376
SPADES FIVE DIAMONDS EIGHT,0.605,0.009,0.386
DIAMONDS EIGHT SPADES TWO,0.659,0.009,0.332
DIAMONDS EIGHT SPADES THREE,0.6582,0.0106,0.3312
SPADES EIGHT DIAMONDS EIGHT,0.3498,0.0112,0.639
SPADES TEN DIAMONDS QUEEN,0.5644,0.0066,0.429
SPADES TEN HEARTS TWO,0.6558,0.008,0.3362
SPADES JACK HEARTS EIGHT,0.6032,0.0066,0.3902
SPADES NINE DIAMONDS EIGHT,0.5732,0.0066,0.4202
SPADES TEN HEARTS EIGHT,0.5788,0.0066,0.4146
SPADES JACK HEARTS TWO,0.665,0.0056,0.3294
SPADES JACK DIAMONDS QUEEN,0.5794,0.006,0.4146
SPADES SIX DIAMONDS EIGHT,0.5892,0.0052,0.4056
SPADES SEVEN DIAMONDS EIGHT,0.5878,0.0074,0.4048
SPADES ACE HEARTS TWO,0.4172,0.0066,0.5762
SPADES ACE DIAMONDS QUEEN,0.3872,0.0046,0.6082
SPADES ACE HEARTS EIGHT,0.3964,0.0048,0.5988
SPADES KING HEARTS EIGHT,0.2714,0.2192,0.5094
SPADES QUEEN HEARTS TWO,0.6546,0.0074,0.338
SPADES QUEEN DIAMONDS QUEEN,0.3186,0.0036,0.6778
SPADES KING DIAMONDS QUEEN,0.2804,0.066,0.6536
SPADES KING HEARTS TWO,0.3164,0.485,0.1986
SPADES QUEEN HEARTS EIGHT,0.614,0.0078,0.3782
CLUBS TWO HEARTS TEN,0.6394,0.008,0.3526
CLUBS TWO HEARTS JACK,0.6512,0.0078,0.341
SPADES SEVEN DIAMONDS NINE,0.5864,0.0072,0.4064
SPADES SIX DIAMONDS NINE,0.598,0.0094,0.3926
SPADES NINE DIAMONDS NINE,0.3342,0.0084,0.6574
SPADES EIGHT DIAMONDS NINE,0.5822,0.0076,0.4102
DIAMONDS NINE SPADES THREE,0.6624,0.006,0.3316
DIAMONDS NINE SPADES TWO,0.645,0.0106,0.3444
DIAMONDS NINE SPADES FIVE,0.625,0.0066,0.3684
DIAMONDS NINE SPADES FOUR,0.7404,0.0334,0.2262
CLUBS NINE DIAMONDS NINE,0.3392,0.0096,0.6512
CLUBS EIGHT DIAMONDS NINE,0.574,0.0098,0.4162
CLUBS SIX DIAMONDS NINE,0.5936,0.009,0.3974
CLUBS SEVEN DIAMONDS NINE,0.5842,0.009,0.4068
CLUBS FIVE DIAMONDS NINE,0.6062,0.0088,0.385
CLUBS TWO DIAMONDS NINE,0.6368,0.0096,0.3536
CLUBS THREE DIAMONDS NINE,0.6496,0.0082,0.3422
DIAMONDS NINE HEARTS EIGHT,0.5768,0.006,0.4172
DIAMONDS NINE HEARTS NINE,0.355,0.0078,0.6372
HEARTS SIX DIAMONDS NINE,0.5846,0.008,0.4074
DIAMONDS NINE HEARTS SEVEN,0.5836,0.006,0.4104
CLUBS NINE CLUBS EIGHT,0.5714,0.0082,0.4204
DIAMONDS ACE DIAMONDS NINE,0.3822,0.0026,0.6152
HEARTS FOUR DIAMONDS NINE,0.7352,0.0308,0.234
HEARTS FIVE DIAMONDS NINE,0.6152,0.0082,0.3766
CLUBS TWO HEARTS ACE,0.4106,0.006,0.5834
DIAMONDS QUEEN DIAMONDS NINE,0.5608,0.0086,0.4306
HEARTS TWO DIAMONDS NINE,0.6482,0.0102,0.3416
CLUBS TWO HEARTS KING,0.2922,0.4894,0.2184
DIAMONDS KING DIAMONDS NINE,0.2558,0.1466,0.5976
HEARTS THREE DIAMONDS NINE,0.655,0.0076,0.3374
CLUBS TWO HEARTS QUEEN,0.6532,0.008,0.3388
DIAMONDS NINE DIAMONDS JACK,0.546,0.0084,0.4456
CLUBS EIGHT SPADES NINE,0.579,0.0068,0.4142
DIAMONDS NINE DIAMONDS TEN,0.5404,0.0078,0.4518
CLUBS EIGHT SPADES EIGHT,0.3616,0.0134,0.625
CLUBS EIGHT SPADES SEVEN,0.5734,0.0068,0.4198
CLUBS EIGHT SPADES SIX,0.5904,0.01,0.3996
CLUBS EIGHT SPADES FIVE,0.5976,0.0124,0.39
CLUBS EIGHT SPADES FOUR,0.7226,0.0308,0.2466
CLUBS EIGHT SPADES THREE,0.6708,0.011,0.3182
CLUBS EIGHT SPADES TWO,0.6554,0.008,0.3366
HEARTS SIX DIAMONDS TEN,0.614,0.0046,0.3814
DIAMONDS TEN HEARTS SEVEN,0.6014,0.006,0.3926
DIAMONDS TEN HEARTS EIGHT,0.5764,0.0078,0.4158
DIAMONDS TEN HEARTS NINE,0.5662,0.0062,0.4276
CLUBS TWO DIAMONDS TEN,0.6572,0.0096,0.3332
CLUBS THREE DIAMONDS TEN,0.6506,0.0074,0.342
DIAMONDS JACK DIAMONDS TEN,0.5304,0.0078,0.4618
DIAMONDS QUEEN DIAMONDS TEN,0.543,0.008,0.449
HEARTS TWO DIAMONDS TEN,0.653,0.0108,0.3362
DIAMONDS KING DIAMONDS TEN,0.273,0.1008,0.6262
HEARTS THREE DIAMONDS TEN,0.6518,0.0058,0.3424
DIAMONDS ACE DIAMONDS TEN,0.3614,0.0062,0.6324
HEARTS FOUR DIAMONDS TEN,0.7352,0.037,0.2278
CLUBS EIGHT HEARTS JACK,0.5892,0.0084,0.4024
HEARTS FIVE DIAMONDS TEN,0.6098,0.0094,0.3808
CLUBS EIGHT HEARTS TEN,0.575,0.0092,0.4158
CLUBS EIGHT HEARTS QUEEN,0.6092,0.007,0.3838
CLUBS EIGHT HEARTS KING,0.2658,0.2204,0.5138
CLUBS EIGHT HEARTS ACE,0.395,0.0038,0.6012
CLUBS NINE SPADES THREE,0.6388,0.0096,0.3516
CLUBS NINE SPADES TWO,0.6436,0.0104,0.346
CLUBS NINE SPADES FIVE,0.6078,0.008,0.3842
CLUBS NINE SPADES FOUR,0.7344,0.028,0.2376
CLUBS NINE SPADES SEVEN,0.579,0.009,0.412
CLUBS NINE SPADES SIX,0.595,0.0088,0.3962
CLUBS NINE SPADES NINE,0.3364,0.0092,0.6544
CLUBS TEN HEARTS EIGHT,0.573,0.009,0.418
CLUBS NINE SPADES EIGHT,0.5786,0.0068,0.4146
CLUBS JACK HEARTS EIGHT,0.5984,0.0106,0.391
CLUBS QUEEN HEARTS EIGHT,0.6148,0.0058,0.3794
CLUBS ACE HEARTS EIGHT,0.39,0.0038,0.6062
DIAMONDS ACE HEARTS TEN,0.3964,0.0042,0.5994
HEARTS FOUR HEARTS TEN,0.7044,0.034,0.2616
DIAMONDS ACE HEARTS JACK,0.39,0.004,0.606
HEARTS FOUR HEARTS JACK,0.7042,0.0284,0.2674
SPADES KING CLUBS FIVE,0.2594,0.4342,0.3064
SPADES QUEEN CLUBS FIVE,0.6144,0.0094,0.3762
SPADES ACE CLUBS FIVE,0.371,0.005,0.624
DIAMONDS JACK HEARTS SEVEN,0.6056,0.0062,0.3882
HEARTS SIX DIAMONDS JACK,0.634,0.007,0.359
DIAMONDS JACK HEARTS NINE,0.5806,0.0058,0.4136
DIAMONDS JACK HEARTS EIGHT,0.6102,0.0074,0.3824
DIAMONDS KING DIAMONDS JACK,0.2764,0.0844,0.6392
HEARTS THREE DIAMONDS JACK,0.6572,0.0086,0.3342
SPADES ACE SPADES SIX,0.3662,0.005,0.6288
HEARTS ACE SPADES FOUR,0.2822,0.0232,0.6946
DIAMONDS QUEEN DIAMONDS JACK,0.5576,0.007,0.4354
HEARTS TWO DIAMONDS JACK,0.6464,0.0102,0.3434
HEARTS FIVE DIAMONDS JACK,0.6216,0.0082,0.3702
SPADES QUEEN SPADES SIX,0.5936,0.0068,0.3996
SPADES FOUR HEARTS QUEEN,0.7478,0.0348,0.2174
DIAMONDS ACE DIAMONDS JACK,0.3612,0.006,0.6328
HEARTS FOUR DIAMONDS JACK,0.746,0.032,0.222
SPADES KING SPADES SIX,0.2594,0.3334,0.4072
HEARTS KING SPADES FOUR,0.0692,0.911,0.0198
SPADES TEN SPADES SIX,0.5708,0.0088,0.4204
SPADES JACK SPADES SIX,0.5758,0.0068,0.4174
SPADES FOUR DIAMONDS JACK,0.7362,0.0364,0.2274
SPADES FIVE DIAMONDS JACK,0.6214,0.008,0.3706
DIAMONDS JACK SPADES TWO,0.655,0.0078,0.3372
DIAMONDS JACK SPADES THREE,0.6534,0.0086,0.338
SPADES ACE DIAMONDS THREE,0.4188,0.004,0.5772
SPADES QUEEN DIAMONDS THREE,0.6556,0.0072,0.3372
CLUBS EIGHT DIAMONDS JACK,0.6004,0.0076,0.392
SPADES KING DIAMONDS THREE,0.3048,0.4918,0.2034
CLUBS NINE DIAMONDS JACK,0.577,0.0094,0.4136
CLUBS SIX DIAMONDS JACK,0.6062,0.0066,0.3872
CLUBS SEVEN DIAMONDS JACK,0.6088,0.009,0.3822
CLUBS FIVE DIAMONDS JACK,0.626,0.0062,0.3678
CLUBS TWO DIAMONDS JACK,0.6438,0.0108,0.3454
CLUBS THREE DIAMONDS JACK,0.6494,0.0094,0.3412
SPADES TEN CLUBS FIVE,0.6208,0.0084,0.3708
HEARTS SIX SPADES JACK,0.6282,0.0074,0.3644
HEARTS SIX SPADES TEN,0.6142,0.0048,0.381
SPADES JACK CLUBS FIVE,0.613,0.007,0.38
SPADES JACK DIAMONDS THREE,0.6556,0.0056,0.3388
CLUBS SEVEN CLUBS ACE,0.3376,0.0056,0.6568
DIAMONDS THREE SPADES TEN,0.6564,0.0086,0.335
CLUBS SEVEN CLUBS QUEEN,0.6188,0.0062,0.375
SPADES NINE DIAMONDS JACK,0.5872,0.0068,0.406
CLUBS TEN CLUBS SEVEN,0.5954,0.0074,0.3972
DIAMONDS ACE HEARTS ACE,0.1624,0.0032,0.8344
HEARTS FOUR HEARTS ACE,0.261,0.0244,0.7146
SPADES EIGHT DIAMONDS JACK,0.5978,0.0042,0.398
SPADES ACE HEARTS SIX,0.4042,0.0036,0.5922
CLUBS SEVEN CLUBS JACK,0.5942,0.0062,0.3996
DIAMONDS ACE HEARTS KING,0.2718,0.0106,0.7176
HEARTS FOUR HEARTS KING,0.0756,0.8558,0.0686
SPADES SEVEN DIAMONDS JACK,0.601,0.0078,0.3912
SPADES KING HEARTS SIX,0.2748,0.3632,0.362
DIAMONDS ACE HEARTS QUEEN,0.3828,0.0036,0.6136
HEARTS FOUR HEARTS QUEEN,0.6996,0.0344,0.266
SPADES QUEEN HEARTS SIX,0.6324,0.0052,0.3624
SPADES SIX DIAMONDS JACK,0.637,0.0088,0.3542
DIAMONDS TEN SPADES TWO,0.653,0.0086,0.3384
SPADES THREE DIAMONDS TEN,0.6514,0.0078,0.3408
SPADES FOUR DIAMONDS TEN,0.7338,0.0344,0.2318
SPADES FIVE DIAMONDS TEN,0.629,0.0064,0.3646
SPADES SIX DIAMONDS TEN,0.6194,0.0072,0.3734
SPADES SEVEN DIAMONDS TEN,0.609,0.007,0.384
SPADES EIGHT DIAMONDS TEN,0.5884,0.0056,0.406
SPADES NINE DIAMONDS TEN,0.58,0.0084,0.4116
CLUBS FIVE DIAMONDS TEN,0.6206,0.0112,0.3682
CLUBS SIX DIAMONDS TEN,0.6144,0.0082,0.3774
CLUBS SEVEN DIAMONDS TEN,0.6016,0.0078,0.3906
CLUBS EIGHT DIAMONDS TEN,0.5774,0.006,0.4166
CLUBS NINE DIAMONDS TEN,0.5662,0.0068,0.427
DIAMONDS THREE CLUBS JACK,0.6446,0.0084,0.347
CLUBS TEN DIAMONDS THREE,0.6398,0.0078,0.3524
DIAMONDS THREE CLUBS QUEEN,0.6532,0.0074,0.3394
DIAMONDS THREE CLUBS ACE,0.4188,0.007,0.5742
SPADES FOUR HEARTS JACK,0.7488,0.0346,0.2166
SPADES FOUR HEARTS TEN,0.734,0.0392,0.2268
SPADES FIVE SPADES TWO,0.605,0.0078,0.3872
SPADES FOUR SPADES TWO,0.6778,0.0336,0.2886
SPADES THREE SPADES TWO,0.6308,0.0094,0.3598
SPADES NINE SPADES TWO,0.6288,0.0064,0.3648
SPADES EIGHT SPADES TWO,0.625,0.0084,0.3666
SPADES SEVEN SPADES TWO,0.6274,0.0082,0.3644
SPADES SIX SPADES TWO,0.6072,0.0098,0.383
DIAMONDS QUEEN CLUBS THREE,0.6496,0.01,0.3404
HEARTS TWO CLUBS THREE,0.6698,0.0092,0.321
DIAMONDS QUEEN CLUBS TWO,0.6544,0.0072,0.3384
CLUBS TWO HEARTS TWO,0.4792,0.0208,0.5
DIAMONDS QUEEN HEARTS SEVEN,0.6172,0.0066,0.3762
HEARTS TWO HEARTS SEVEN,0.628,0.0086,0.3634
HEARTS SIX DIAMONDS QUEEN,0.6232,0.0048,0.372
HEARTS SIX HEARTS TWO,0.618,0.009,0.373
DIAMONDS QUEEN HEARTS NINE,0.596,0.0084,0.3956
HEARTS TWO HEARTS NINE,0.6116,0.0086,0.3798
DIAMONDS QUEEN HEARTS EIGHT,0.617,0.0054,0.3776
HEARTS TWO HEARTS EIGHT,0.6142,0.0086,0.3772
CLUBS NINE HEARTS TWO,0.6476,0.0088,0.3436
CLUBS NINE DIAMONDS QUEEN,0.5874,0.007,0.4056
CLUBS EIGHT HEARTS TWO,0.6472,0.0092,0.3436
CLUBS EIGHT DIAMONDS QUEEN,0.5932,0.0082,0.3986
CLUBS FIVE DIAMONDS QUEEN,0.6056,0.0104,0.384
CLUBS FIVE HEARTS TWO,0.639,0.0112,0.3498
SPADES EIGHT HEARTS ACE,0.4136,0.004,0.5824
CLUBS SEVEN DIAMONDS QUEEN,0.627,0.011,0.362
CLUBS SEVEN HEARTS TWO,0.6538,0.01,0.3362
SPADES EIGHT HEARTS QUEEN,0.6242,0.0046,0.3712
CLUBS SIX DIAMONDS QUEEN,0.6182,0.007,0.3748
CLUBS SIX HEARTS TWO,0.6338,0.0084,0.3578
SPADES EIGHT HEARTS KING,0.2762,0.2192,0.5046
HEARTS TWO SPADES SIX,0.6558,0.008,0.3362
DIAMONDS QUEEN SPADES SIX,0.6166,0.005,0.3784
HEARTS FOUR CLUBS QUEEN,0.7382,0.0366,0.2252
DIAMONDS ACE CLUBS QUEEN,0.3866,0.0064,0.607
DIAMONDS QUEEN SPADES SEVEN,0.6198,0.0096,0.3706
HEARTS TWO SPADES SEVEN,0.6516,0.0084,0.34
DIAMONDS QUEEN SPADES EIGHT,0.6066,0.0044,0.389
SPADES EIGHT HEARTS TWO,0.6678,0.0096,0.3226
HEARTS FOUR CLUBS ACE,0.2528,0.0276,0.7196
DIAMONDS ACE CLUBS ACE,0.1508,0.0038,0.8454
SPADES NINE DIAMONDS QUEEN,0.6048,0.0076,0.3876
SPADES NINE HEARTS TWO,0.654,0.0096,0.3364
HEARTS TWO SPADES TWO,0.4728,0.0222,0.505
DIAMONDS QUEEN SPADES TWO,0.6562,0.0076,0.3362
HEARTS TWO SPADES THREE,0.6712,0.0096,0.3192
DIAMONDS QUEEN SPADES THREE,0.659,0.0064,0.3346
HEARTS TWO SPADES FOUR,0.7336,0.0356,0.2308
DIAMONDS QUEEN SPADES FOUR,0.7442,0.0386,0.2172
HEARTS FOUR CLUBS TEN,0.7226,0.0374,0.24
CLUBS TEN DIAMONDS ACE,0.3742,0.0056,0.6202
HEARTS TWO SPADES FIVE,0.6422,0.0086,0.3492
DIAMONDS QUEEN SPADES FIVE,0.6198,0.011,0.3692
HEARTS FOUR CLUBS JACK,0.7358,0.0356,0.2286
DIAMONDS ACE CLUBS JACK,0.3806,0.004,0.6154
CLUBS FIVE CLUBS QUEEN,0.609,0.0084,0.3826
CLUBS FIVE CLUBS ACE,0.3346,0.0052,0.6602
CLUBS FIVE CLUBS JACK,0.6168,0.0092,0.374
CLUBS TEN CLUBS FIVE,0.6232,0.0116,0.3652
SPADES KING CLUBS JACK,0.2694,0.0894,0.6412
SPADES QUEEN CLUBS JACK,0.5752,0.0068,0.418
SPADES ACE CLUBS JACK,0.3892,0.0052,0.6056
SPADES SIX CLUBS QUEEN,0.6138,0.0092,0.377
SPADES EIGHT HEARTS JACK,0.6032,0.0078,0.389
SPADES SIX CLUBS ACE,0.386,0.0052,0.6088
SPADES EIGHT HEARTS TEN,0.5868,0.009,0.4042
SPADES SIX CLUBS JACK,0.6194,0.0104,0.3702
CLUBS TEN SPADES SIX,0.6016,0.0066,0.3918
SPADES TEN CLUBS JACK,0.5582,0.0094,0.4324
SPADES JACK CLUBS JACK,0.3262,0.0062,0.6676
SPADES QUEEN CLUBS SEVEN,0.615,0.008,0.377
SPADES KING CLUBS SEVEN,0.2716,0.278,0.4504
SPADES ACE CLUBS SEVEN,0.4026,0.0044,0.593
SPADES SIX HEARTS TEN,0.6188,0.0068,0.3744
SPADES SIX HEARTS JACK,0.629,0.0072,0.3638
SPADES SIX HEARTS ACE,0.391,0.0038,0.6052
SPADES SIX HEARTS KING,0.2694,0.3612,0.3694
SPADES SIX HEARTS QUEEN,0.6282,0.0092,0.3626
CLUBS SEVEN SPADES JACK,0.6008,0.0096,0.3896
CLUBS SEVEN SPADES TEN,0.593,0.0066,0.4004
CLUBS TEN HEARTS SIX,0.6042,0.008,0.3878
HEARTS SIX CLUBS JACK,0.6238,0.0082,0.368
CLUBS ACE CLUBS JACK,0.3352,0.0064,0.6584
HEARTS SIX CLUBS QUEEN,0.6188,0.0082,0.373
HEARTS SIX CLUBS ACE,0.3892,0.005,0.6058
CLUBS QUEEN CLUBS JACK,0.5666,0.0114,0.422
DIAMONDS THREE HEARTS ACE,0.413,0.0054,0.5816
DIAMONDS THREE HEARTS QUEEN,0.6526,0.0066,0.3408
DIAMONDS THREE HEARTS KING,0.298,0.4946,0.2074
CLUBS FIVE HEARTS JACK,0.6244,0.0064,0.3692
SPADES TEN DIAMONDS ACE,0.3876,0.0054,0.607
HEARTS FOUR SPADES TEN,0.734,0.0366,0.2294
CLUBS FIVE HEARTS TEN,0.625,0.008,0.367
HEARTS FOUR SPADES JACK,0.7404,0.0346,0.225
SPADES JACK DIAMONDS ACE,0.3912,0.0052,0.6036
SPADES ACE HEARTS FOUR,0.2758,0.027,0.6972
SPADES ACE DIAMONDS ACE,0.1668,0.0042,0.829
CLUBS FIVE HEARTS ACE,0.3856,0.006,0.6084
CLUBS FIVE HEARTS KING,0.2582,0.431,0.3108
HEARTS FOUR SPADES QUEEN,0.7452,0.0366,0.2182
SPADES QUEEN DIAMONDS ACE,0.4,0.0038,0.5962
SPADES FOUR CLUBS JACK,0.725,0.0388,0.2362
CLUBS FIVE HEARTS QUEEN,0.6232,0.009,0.3678
SPADES KING DIAMONDS ACE,0.2828,0.0144,0.7028
HEARTS FOUR SPADES KING,0.0726,0.9032,0.0242
CLUBS TEN SPADES FOUR,0.7278,0.0368,0.2354
DIAMONDS QUEEN DIAMONDS ACE,0.3624,0.0048,0.6328
HEARTS TWO DIAMONDS ACE,0.4238,0.0058,0.5704
HEARTS FOUR DIAMONDS QUEEN,0.7502,0.0312,0.2186
HEARTS FOUR HEARTS TWO,0.6812,0.0324,0.2864
DIAMONDS THREE HEARTS TEN,0.6432,0.0092,0.3476
HEARTS FIVE DIAMONDS QUEEN,0.628,0.0082,0.3638
HEARTS FIVE HEARTS TWO,0.6008,0.0108,0.3884
DIAMONDS THREE HEARTS JACK,0.6492,0.0048,0.346
SPADES FOUR CLUBS QUEEN,0.74,0.0364,0.2236
DIAMONDS QUEEN HEARTS TWO,0.662,0.0072,0.3308
DIAMONDS KING DIAMONDS QUEEN,0.2748,0.0598,0.6654
DIAMONDS KING HEARTS TWO,0.3052,0.4844,0.2104
HEARTS THREE DIAMONDS QUEEN,0.6664,0.009,0.3246
HEARTS THREE HEARTS TWO,0.6278,0.0104,0.3618
SPADES FOUR CLUBS ACE,0.2584,0.027,0.7146
HEARTS TWO CLUBS ACE,0.4062,0.0068,0.587
DIAMONDS QUEEN CLUBS ACE,0.3748,0.0032,0.622
HEARTS TWO CLUBS QUEEN,0.6422,0.0082,0.3496
DIAMONDS QUEEN CLUBS QUEEN,0.3214,0.005,0.6736
SPADES EIGHT SPADES FIVE,0.569,0.0076,0.4234
CLUBS TEN HEARTS TWO,0.654,0.0084,0.3376
CLUBS TEN DIAMONDS QUEEN,0.571,0.0058,0.4232
SPADES NINE SPADES FIVE,0.5708,0.0108,0.4184
HEARTS TWO CLUBS JACK,0.6528,0.0086,0.3386
DIAMONDS QUEEN CLUBS JACK,0.573,0.0066,0.4204
SPADES SIX SPADES FIVE,0.5508,0.0094,0.4398
SPADES SEVEN SPADES FIVE,0.5836,0.0074,0.409
DIAMONDS FIVE CLUBS QUEEN,0.6314,0.006,0.3626
SPADES EIGHT CLUBS ACE,0.3864,0.0042,0.6094
DIAMONDS FIVE CLUBS ACE,0.381,0.0044,0.6146
SPADES EIGHT CLUBS QUEEN,0.602,0.0108,0.3872
SPADES EIGHT CLUBS JACK,0.5894,0.0068,0.4038
CLUBS TEN SPADES EIGHT,0.5786,0.0064,0.415
CLUBS TEN DIAMONDS FIVE,0.6262,0.0074,0.3664
DIAMONDS FIVE CLUBS JACK,0.6142,0.0084,0.3774
HEARTS JACK DIAMONDS TEN,0.562,0.008,0.43
DIAMONDS TEN HEARTS TEN,0.3246,0.0072,0.6682
SPADES ACE CLUBS NINE,0.3908,0.0036,0.6056
CLUBS NINE SPADES QUEEN,0.595,0.007,0.398
CLUBS NINE SPADES KING,0.259,0.1636,0.5774
HEARTS SIX HEARTS KING,0.2542,0.3436,0.4022
DIAMONDS KING SPADES SEVEN,0.2726,0.288,0.4394
HEARTS THREE SPADES SEVEN,0.6614,0.0084,0.3302
SPADES KING DIAMONDS SEVEN,0.2706,0.2834,0.446
HEARTS SIX HEARTS QUEEN,0.576,0.0086,0.4154
SPADES QUEEN DIAMONDS SEVEN,0.6068,0.0056,0.3876
HEARTS THREE SPADES SIX,0.6338,0.0112,0.355
DIAMONDS KING SPADES SIX,0.2862,0.3444,0.3694
DIAMONDS KING SPADES NINE,0.2792,0.1514,0.5694
HEARTS THREE SPADES NINE,0.6486,0.0078,0.3436
HEARTS SIX HEARTS ACE,0.3916,0.0042,0.6042
DIAMONDS KING SPADES EIGHT,0.2794,0.2216,0.499
HEARTS THREE SPADES EIGHT,0.6548,0.008,0.3372
SPADES ACE DIAMONDS SEVEN,0.3942,0.0052,0.6006
CLUBS NINE HEARTS THREE,0.6562,0.0088,0.335
CLUBS NINE DIAMONDS KING,0.2674,0.1596,0.573
HEARTS THREE CLUBS EIGHT,0.6488,0.0078,0.3434
CLUBS EIGHT DIAMONDS KING,0.2714,0.2168,0.5118
HEARTS THREE SPADES THREE,0.4542,0.0178,0.528
DIAMONDS KING SPADES THREE,0.318,0.471,0.211
HEARTS THREE SPADES TWO,0.663,0.0112,0.3258
DIAMONDS KING SPADES TWO,0.3138,0.491,0.1952
HEARTS THREE SPADES FIVE,0.6204,0.0088,0.3708
DIAMONDS KING SPADES FIVE,0.267,0.4322,0.3008
HEARTS THREE SPADES FOUR,0.706,0.0374,0.2566
DIAMONDS KING SPADES FOUR,0.0646,0.9148,0.0206
