opposingHand,winningChance,drawChance,lostChance
CLUBS JACK SPADES SIX
HEARTS FIVE SPADES TEN,0.622,0.019,0.359
SPADES JACK HEARTS FIVE,0.3802,0.39,0.2298
SPADES FIVE CLUBS TEN,0.6362,0.018,0.3458
CLUBS EIGHT CLUBS TEN,0.5278,0.0172,0.455
CLUBS EIGHT CLUBS KING,0.3412,0.0082,0.6506
SPADES FIVE CLUBS ACE,0.382,0.004,0.614
CLUBS EIGHT CLUBS QUEEN,0.3216,0.0122,0.6662
SPADES FIVE CLUBS KING,0.3832,0.0048,0.612
SPADES FIVE CLUBS QUEEN,0.386,0.0142,0.5998
CLUBS EIGHT CLUBS ACE,0.3436,0.0048,0.6516
DIAMONDS TWO DIAMONDS THREE,0.5914,0.0192,0.3894
DIAMONDS TWO DIAMONDS FIVE,0.5966,0.0208,0.3826
SPADES KING HEARTS FIVE,0.3802,0.0062,0.6136
DIAMONDS TWO DIAMONDS FOUR,0.5922,0.0148,0.393
SPADES QUEEN HEARTS FIVE,0.3942,0.009,0.5968
DIAMONDS TWO DIAMONDS SEVEN,0.5836,0.017,0.3994
DIAMONDS TWO DIAMONDS SIX,0.6564,0.062,0.2816
SPADES ACE HEARTS FIVE,0.3804,0.0058,0.6138
DIAMONDS TWO DIAMONDS NINE,0.5856,0.0188,0.3956
DIAMONDS TWO DIAMONDS EIGHT,0.5816,0.0196,0.3988
DIAMONDS THREE DIAMONDS FOUR,0.5876,0.021,0.3914
CLUBS TWO SPADES FOUR,0.6442,0.0194,0.3364
DIAMONDS THREE DIAMONDS FIVE,0.5786,0.0184,0.403
CLUBS TWO SPADES FIVE,0.6302,0.0218,0.348
CLUBS TWO SPADES TWO,0.4394,0.0446,0.516
CLUBS TWO SPADES THREE,0.6522,0.0182,0.3296
DIAMONDS THREE DIAMONDS EIGHT,0.5826,0.0182,0.3992
SPADES EIGHT CLUBS TWO,0.6408,0.0194,0.3398
DIAMONDS THREE DIAMONDS NINE,0.5712,0.019,0.4098
SPADES NINE CLUBS TWO,0.6202,0.0206,0.3592
DIAMONDS THREE DIAMONDS SIX,0.6362,0.0618,0.302
DIAMONDS THREE DIAMONDS SEVEN,0.5768,0.0148,0.4084
CLUBS TWO SPADES SEVEN,0.6426,0.0202,0.3372
CLUBS SIX CLUBS TWO,0.6664,0.0596,0.274
CLUBS SEVEN CLUBS TWO,0.597,0.0188,0.3842
CLUBS FOUR CLUBS TWO,0.6104,0.0182,0.3714
CLUBS FIVE CLUBS TWO,0.598,0.022,0.38
DIAMONDS FOUR DIAMONDS SIX,0.6338,0.0626,0.3036
CLUBS QUEEN CLUBS TEN,0.3128,0.0106,0.6766
DIAMONDS FOUR DIAMONDS SEVEN,0.5674,0.0164,0.4162
CLUBS KING CLUBS TEN,0.3232,0.0058,0.671
CLUBS ACE CLUBS TEN,0.3056,0.0056,0.6888
CLUBS EIGHT CLUBS TWO,0.596,0.0162,0.3878
DIAMONDS FIVE DIAMONDS FOUR,0.5656,0.0172,0.4172
CLUBS NINE CLUBS TWO,0.59,0.0192,0.3908
DIAMONDS NINE DIAMONDS FOUR,0.5814,0.0166,0.402
DIAMONDS EIGHT DIAMONDS FOUR,0.581,0.0194,0.3996
CLUBS TWO CLUBS THREE,0.612,0.0244,0.3636
DIAMONDS NINE DIAMONDS FIVE,0.5744,0.0202,0.4054
DIAMONDS EIGHT DIAMONDS FIVE,0.56,0.018,0.422
DIAMONDS TWO CLUBS TEN,0.6132,0.0162,0.3706
DIAMONDS FIVE DIAMONDS SEVEN,0.5414,0.0234,0.4352
DIAMONDS FIVE DIAMONDS SIX,0.6074,0.067,0.3256
DIAMONDS TWO CLUBS ACE,0.39,0.0052,0.6048
DIAMONDS TWO CLUBS KING,0.3946,0.0092,0.5962
DIAMONDS TWO CLUBS QUEEN,0.391,0.0116,0.5974
DIAMONDS EIGHT DIAMONDS SIX,0.6254,0.0484,0.3262
DIAMONDS NINE DIAMONDS SIX,0.6312,0.053,0.3158
HEARTS ACE SPADES THREE,0.3918,0.0034,0.6048
HEARTS KING SPADES THREE,0.3992,0.0074,0.5934
DIAMONDS SEVEN DIAMONDS SIX,0.6146,0.0542,0.3312
SPADES THREE HEARTS QUEEN,0.387,0.0122,0.6008
SPADES THREE HEARTS JACK,0.3862,0.3932,0.2206
SPADES THREE HEARTS TEN,0.6338,0.0168,0.3494
DIAMONDS EIGHT DIAMONDS SEVEN,0.5244,0.0158,0.4598
DIAMONDS NINE DIAMONDS SEVEN,0.519,0.014,0.467
DIAMONDS NINE DIAMONDS EIGHT,0.5248,0.0122,0.463
DIAMONDS KING HEARTS TEN,0.3478,0.0048,0.6474
HEARTS THREE HEARTS TEN,0.5878,0.019,0.3932
CLUBS SIX SPADES JACK,0.007,0.9846,0.0084
DIAMONDS KING HEARTS JACK,0.2302,0.0288,0.741
HEARTS THREE HEARTS JACK,0.361,0.3574,0.2816
CLUBS SIX SPADES TEN,0.6856,0.0614,0.253
SPADES JACK SPADES FIVE,0.3684,0.3756,0.256
SPADES TEN SPADES FIVE,0.5964,0.0186,0.385
DIAMONDS KING HEARTS ACE,0.3302,0.004,0.6658
HEARTS THREE HEARTS ACE,0.3672,0.0042,0.6286
SPADES ACE CLUBS SIX,0.238,0.0244,0.7376
DIAMONDS KING HEARTS QUEEN,0.3074,0.005,0.6876
HEARTS THREE HEARTS QUEEN,0.3692,0.0132,0.6176
SPADES KING CLUBS SIX,0.2206,0.0384,0.741
DIAMONDS KING HEARTS KING,0.1414,0.0044,0.8542
HEARTS THREE HEARTS KING,0.3698,0.0072,0.623
SPADES QUEEN CLUBS SIX,0.2302,0.0496,0.7202
SPADES NINE HEARTS TEN,0.5356,0.0174,0.447
SPADES NINE HEARTS JACK,0.227,0.1586,0.6144
SPADES QUEEN SPADES FIVE,0.3804,0.0134,0.6062
SPADES KING SPADES FIVE,0.375,0.0062,0.6188
SPADES ACE SPADES FIVE,0.36,0.005,0.635
SPADES NINE HEARTS QUEEN,0.3438,0.0096,0.6466
SPADES NINE HEARTS KING,0.3518,0.008,0.6402
SPADES NINE HEARTS ACE,0.354,0.0048,0.6412
SPADES JACK CLUBS TEN,0.2278,0.1214,0.6508
SPADES TEN CLUBS TEN,0.2754,0.021,0.7036
SPADES ACE CLUBS TEN,0.3428,0.0054,0.6518
SPADES KING CLUBS TEN,0.3296,0.0084,0.662
SPADES QUEEN CLUBS TEN,0.3146,0.011,0.6744
SPADES FIVE HEARTS QUEEN,0.3894,0.0128,0.5978
SPADES FIVE HEARTS KING,0.3886,0.0074,0.604
SPADES FIVE HEARTS ACE,0.385,0.0044,0.6106
CLUBS EIGHT SPADES TEN,0.5576,0.0182,0.4242
HEARTS THREE SPADES JACK,0.3884,0.3908,0.2208
SPADES JACK DIAMONDS KING,0.2304,0.0296,0.74
SPADES TEN DIAMONDS KING,0.3228,0.0062,0.671
HEARTS THREE SPADES TEN,0.6138,0.0176,0.3686
CLUBS EIGHT SPADES JACK,0.2198,0.2224,0.5578
SPADES ACE CLUBS EIGHT,0.3404,0.0056,0.654
CLUBS SIX HEARTS ACE,0.2554,0.023,0.7216
HEARTS FIVE CLUBS TEN,0.6298,0.0162,0.354
CLUBS EIGHT SPADES QUEEN,0.3426,0.0128,0.6446
SPADES THREE CLUBS TEN,0.6166,0.0234,0.36
CLUBS SIX HEARTS QUEEN,0.231,0.0514,0.7176
CLUBS EIGHT SPADES KING,0.3632,0.006,0.6308
CLUBS SIX HEARTS KING,0.237,0.0336,0.7294
DIAMONDS TWO HEARTS JACK,0.3888,0.3922,0.219
SPADES THREE CLUBS QUEEN,0.399,0.0138,0.5872
DIAMONDS TWO HEARTS TEN,0.6212,0.017,0.3618
SPADES THREE CLUBS KING,0.3996,0.0082,0.5922
HEARTS FIVE CLUBS ACE,0.3782,0.003,0.6188
SPADES FIVE HEARTS TEN,0.6184,0.0184,0.3632
SPADES THREE CLUBS ACE,0.3896,0.0042,0.6062
HEARTS FIVE CLUBS KING,0.3848,0.0056,0.6096
SPADES FIVE HEARTS JACK,0.394,0.3958,0.2102
HEARTS FIVE CLUBS QUEEN,0.3748,0.0102,0.615
HEARTS THREE CLUBS KING,0.388,0.0084,0.6036
DIAMONDS KING CLUBS KING,0.1352,0.0072,0.8576
HEARTS THREE CLUBS QUEEN,0.3716,0.0142,0.6142
DIAMONDS KING CLUBS QUEEN,0.3176,0.0092,0.6732
HEARTS FIVE HEARTS JACK,0.3696,0.3556,0.2748
HEARTS FIVE HEARTS TEN,0.5884,0.0172,0.3944
HEARTS THREE CLUBS ACE,0.3834,0.004,0.6126
DIAMONDS KING CLUBS ACE,0.3226,0.004,0.6734
SPADES ACE CLUBS QUEEN,0.2992,0.0048,0.696
SPADES KING CLUBS QUEEN,0.2966,0.0082,0.6952
SPADES QUEEN CLUBS QUEEN,0.1302,0.0112,0.8586
HEARTS THREE CLUBS TEN,0.6256,0.0174,0.357
DIAMONDS KING CLUBS TEN,0.3404,0.0062,0.6534
SPADES JACK CLUBS QUEEN,0.2228,0.0454,0.7318
CLUBS SIX CLUBS QUEEN,0.2212,0.0464,0.7324
SPADES TEN CLUBS QUEEN,0.3102,0.0112,0.6786
CLUBS SIX CLUBS KING,0.2264,0.0412,0.7324
CLUBS SIX CLUBS ACE,0.236,0.0194,0.7446
HEARTS FIVE HEARTS KING,0.3642,0.0066,0.6292
HEARTS FIVE HEARTS QUEEN,0.363,0.0074,0.6296
CLUBS SIX CLUBS TEN,0.6604,0.0622,0.2774
HEARTS FIVE HEARTS ACE,0.3794,0.0046,0.616
SPADES SEVEN HEARTS JACK,0.2156,0.2954,0.489
SPADES SEVEN HEARTS TEN,0.5614,0.0172,0.4214
DIAMONDS TWO CLUBS TWO,0.4268,0.0488,0.5244
DIAMONDS TWO CLUBS THREE,0.6204,0.0206,0.359
HEARTS SIX DIAMONDS TWO,0.7064,0.063,0.2306
DIAMONDS TWO HEARTS QUEEN,0.4,0.013,0.587
DIAMONDS TWO HEARTS SEVEN,0.6322,0.018,0.3498
DIAMONDS TWO HEARTS KING,0.4002,0.0056,0.5942
DIAMONDS TWO HEARTS EIGHT,0.6292,0.0176,0.3532
DIAMONDS TWO HEARTS ACE,0.4068,0.0018,0.5914
DIAMONDS TWO HEARTS NINE,0.6252,0.022,0.3528
DIAMONDS TWO DIAMONDS QUEEN,0.3606,0.0102,0.6292
DIAMONDS TWO HEARTS TWO,0.421,0.0364,0.5426
DIAMONDS TWO DIAMONDS KING,0.3732,0.007,0.6198
HEARTS THREE DIAMONDS TWO,0.6308,0.021,0.3482
DIAMONDS TWO DIAMONDS ACE,0.3732,0.0042,0.6226
HEARTS FOUR DIAMONDS TWO,0.6316,0.0204,0.348
DIAMONDS TWO HEARTS FIVE,0.6236,0.022,0.3544
SPADES SEVEN HEARTS ACE,0.3474,0.0032,0.6494
DIAMONDS TWO DIAMONDS TEN,0.5888,0.0166,0.3946
SPADES SEVEN HEARTS KING,0.3588,0.0066,0.6346
DIAMONDS TWO DIAMONDS JACK,0.3776,0.3594,0.263
SPADES SEVEN HEARTS QUEEN,0.365,0.009,0.626
DIAMONDS TWO SPADES NINE,0.6154,0.0174,0.3672
DIAMONDS TWO SPADES EIGHT,0.6204,0.0188,0.3608
DIAMONDS TWO SPADES SEVEN,0.6292,0.0196,0.3512
DIAMONDS TWO SPADES FIVE,0.635,0.0234,0.3416
DIAMONDS TWO SPADES FOUR,0.6328,0.0196,0.3476
DIAMONDS TWO SPADES THREE,0.6414,0.0138,0.3448
DIAMONDS TWO SPADES TWO,0.4256,0.0456,0.5288
CLUBS NINE DIAMONDS TWO,0.6374,0.019,0.3436
CLUBS EIGHT DIAMONDS TWO,0.6252,0.0192,0.3556
DIAMONDS TWO CLUBS SEVEN,0.6296,0.0184,0.352
CLUBS SIX DIAMONDS TWO,0.692,0.0652,0.2428
DIAMONDS TWO CLUBS FIVE,0.6294,0.02,0.3506
DIAMONDS TWO CLUBS FOUR,0.6248,0.021,0.3542
CLUBS FOUR SPADES FIVE,0.6062,0.0204,0.3734
CLUBS FOUR SPADES FOUR,0.4116,0.042,0.5464
CLUBS FOUR SPADES THREE,0.6302,0.0236,0.3462
CLUBS FOUR SPADES TWO,0.6448,0.0238,0.3314
CLUBS FOUR SPADES NINE,0.6282,0.0188,0.353
CLUBS FOUR SPADES EIGHT,0.6086,0.0194,0.372
CLUBS FOUR SPADES SEVEN,0.6066,0.0206,0.3728
SPADES ACE DIAMONDS SIX,0.2264,0.0268,0.7468
SPADES QUEEN DIAMONDS SIX,0.2358,0.052,0.7122
SPADES KING DIAMONDS SIX,0.2372,0.0336,0.7292
SPADES TEN DIAMONDS SIX,0.6838,0.061,0.2552
SPADES JACK DIAMONDS SIX,0.0096,0.968,0.0224
SPADES QUEEN SPADES TWO,0.377,0.009,0.614
SPADES KING SPADES TWO,0.3796,0.0062,0.6142
SPADES ACE SPADES TWO,0.374,0.0052,0.6208
DIAMONDS JACK CLUBS TEN,0.2292,0.1246,0.6462
DIAMONDS JACK CLUBS KING,0.2162,0.0294,0.7544
DIAMONDS JACK CLUBS QUEEN,0.2268,0.0404,0.7328
DIAMONDS THREE DIAMONDS JACK,0.3738,0.3582,0.268
DIAMONDS THREE DIAMONDS TEN,0.572,0.0198,0.4082
DIAMONDS JACK CLUBS ACE,0.2254,0.0226,0.752
DIAMONDS THREE DIAMONDS KING,0.364,0.0082,0.6278
HEARTS THREE DIAMONDS THREE,0.404,0.0444,0.5516
DIAMONDS THREE DIAMONDS QUEEN,0.3624,0.01,0.6276
DIAMONDS THREE HEARTS TWO,0.6322,0.0184,0.3494
HEARTS FIVE DIAMONDS THREE,0.6164,0.0166,0.367
DIAMONDS THREE DIAMONDS ACE,0.3716,0.0048,0.6236
HEARTS FOUR DIAMONDS THREE,0.6168,0.018,0.3652
DIAMONDS THREE HEARTS SEVEN,0.6122,0.0204,0.3674
SPADES TEN SPADES NINE,0.5172,0.017,0.4658
HEARTS SIX DIAMONDS THREE,0.6832,0.0622,0.2546
SPADES JACK SPADES NINE,0.2126,0.1666,0.6208
DIAMONDS THREE HEARTS NINE,0.6268,0.0164,0.3568
HEARTS JACK DIAMONDS FOUR,0.398,0.379,0.223
HEARTS KING HEARTS ACE,0.296,0.0036,0.7004
SPADES TEN SPADES TWO,0.5906,0.021,0.3884
DIAMONDS THREE HEARTS EIGHT,0.6294,0.0188,0.3518
HEARTS TEN DIAMONDS FOUR,0.6192,0.0144,0.3664
SPADES JACK SPADES TWO,0.3856,0.3578,0.2566
HEARTS QUEEN DIAMONDS FOUR,0.3984,0.01,0.5916
HEARTS KING DIAMONDS FOUR,0.3972,0.0056,0.5972
SPADES ACE SPADES NINE,0.3402,0.004,0.6558
HEARTS ACE DIAMONDS FOUR,0.3834,0.0048,0.6118
SPADES KING SPADES NINE,0.3372,0.0068,0.656
SPADES QUEEN SPADES NINE,0.3332,0.009,0.6578
DIAMONDS THREE SPADES NINE,0.6172,0.0166,0.3662
DIAMONDS THREE SPADES EIGHT,0.6198,0.0222,0.358
DIAMONDS THREE SPADES SEVEN,0.6142,0.017,0.3688
CLUBS SIX DIAMONDS THREE,0.6842,0.0664,0.2494
CLUBS ACE DIAMONDS FOUR,0.3742,0.0032,0.6226
CLUBS SIX CLUBS FIVE,0.6258,0.0574,0.3168
CLUBS SEVEN CLUBS FIVE,0.557,0.0186,0.4244
CLUBS SEVEN DIAMONDS THREE,0.6276,0.0196,0.3528
DIAMONDS THREE CLUBS FOUR,0.621,0.0194,0.3596
DIAMONDS FOUR CLUBS QUEEN,0.3926,0.0124,0.595
DIAMONDS THREE CLUBS FIVE,0.6252,0.0182,0.3566
CLUBS KING DIAMONDS FOUR,0.3812,0.0078,0.611
DIAMONDS THREE CLUBS TWO,0.648,0.0164,0.3356
DIAMONDS FOUR CLUBS TEN,0.6266,0.0158,0.3576
DIAMONDS THREE CLUBS THREE,0.432,0.0434,0.5246
DIAMONDS THREE SPADES FOUR,0.6136,0.0228,0.3636
DIAMONDS THREE SPADES FIVE,0.6172,0.0208,0.362
DIAMONDS THREE SPADES TWO,0.6468,0.0126,0.3406
DIAMONDS THREE SPADES THREE,0.4236,0.0408,0.5356
CLUBS EIGHT DIAMONDS THREE,0.6304,0.0196,0.35
CLUBS NINE DIAMONDS THREE,0.6214,0.0198,0.3588
SPADES SEVEN CLUBS ACE,0.3436,0.005,0.6514
SPADES SEVEN CLUBS QUEEN,0.3552,0.0094,0.6354
SPADES SEVEN CLUBS KING,0.365,0.0088,0.6262
CLUBS FIVE SPADES SEVEN,0.581,0.0224,0.3966
SPADES SEVEN CLUBS TEN,0.5732,0.0186,0.4082
SPADES NINE CLUBS FIVE,0.6084,0.0218,0.3698
CLUBS FIVE SPADES EIGHT,0.613,0.0178,0.3692
CLUBS FIVE SPADES THREE,0.6176,0.0238,0.3586
CLUBS FIVE SPADES TWO,0.6334,0.018,0.3486
CLUBS FIVE SPADES FIVE,0.415,0.0422,0.5428
CLUBS FIVE SPADES FOUR,0.609,0.0194,0.3716
CLUBS NINE CLUBS FIVE,0.5664,0.0162,0.4174
CLUBS EIGHT CLUBS FIVE,0.5818,0.0164,0.4018
CLUBS ACE CLUBS QUEEN,0.3066,0.0042,0.6892
CLUBS KING CLUBS QUEEN,0.2958,0.008,0.6962
DIAMONDS TEN DIAMONDS FOUR,0.5786,0.0162,0.4052
DIAMONDS NINE CLUBS TEN,0.544,0.0158,0.4402
DIAMONDS JACK DIAMONDS FOUR,0.3692,0.355,0.2758
SPADES NINE CLUBS TEN,0.5306,0.019,0.4504
DIAMONDS ACE DIAMONDS FOUR,0.3622,0.0034,0.6344
HEARTS FOUR DIAMONDS FOUR,0.4094,0.0444,0.5462
DIAMONDS JACK HEARTS TEN,0.2224,0.1248,0.6528
SPADES NINE CLUBS KING,0.3432,0.0076,0.6492
DIAMONDS TWO SPADES TEN,0.6256,0.0156,0.3588
DIAMONDS NINE CLUBS ACE,0.3582,0.0044,0.6374
HEARTS FIVE DIAMONDS FOUR,0.5972,0.018,0.3848
HEARTS JACK DIAMONDS JACK,0.0942,0.0382,0.8676
SPADES NINE CLUBS QUEEN,0.334,0.0094,0.6566
DIAMONDS TWO SPADES JACK,0.39,0.3966,0.2134
DIAMONDS QUEEN DIAMONDS FOUR,0.3732,0.009,0.6178
HEARTS TWO DIAMONDS FOUR,0.6404,0.0232,0.3364
DIAMONDS NINE CLUBS QUEEN,0.3314,0.009,0.6596
DIAMONDS KING DIAMONDS FOUR,0.3704,0.0076,0.622
HEARTS THREE DIAMONDS FOUR,0.634,0.019,0.347
SPADES NINE CLUBS ACE,0.3408,0.0052,0.654
DIAMONDS NINE CLUBS KING,0.3432,0.0052,0.6516
HEARTS ACE DIAMONDS JACK,0.2308,0.0218,0.7474
SPADES ACE DIAMONDS TWO,0.39,0.0036,0.6064
DIAMONDS JACK HEARTS QUEEN,0.2328,0.0426,0.7246
SPADES QUEEN DIAMONDS TWO,0.3972,0.0106,0.5922
HEARTS KING DIAMONDS JACK,0.2298,0.0324,0.7378
SPADES KING DIAMONDS TWO,0.4002,0.0084,0.5914
SPADES JACK SPADES SEVEN,0.215,0.2978,0.4872
SPADES TEN SPADES SEVEN,0.5388,0.0206,0.4406
CLUBS SEVEN CLUBS THREE,0.5898,0.0214,0.3888
CLUBS SIX CLUBS THREE,0.6396,0.0658,0.2946
CLUBS FIVE CLUBS THREE,0.5866,0.0228,0.3906
CLUBS FOUR CLUBS THREE,0.579,0.0186,0.4024
CLUBS NINE CLUBS THREE,0.5962,0.0162,0.3876
CLUBS EIGHT CLUBS THREE,0.6104,0.0204,0.3692
CLUBS THREE SPADES FIVE,0.618,0.0206,0.3614
CLUBS THREE SPADES FOUR,0.6218,0.0218,0.3564
CLUBS THREE SPADES THREE,0.4196,0.0426,0.5378
CLUBS THREE SPADES TWO,0.6396,0.0206,0.3398
SPADES SEVEN CLUBS THREE,0.6136,0.023,0.3634
SPADES EIGHT CLUBS THREE,0.6238,0.0206,0.3556
SPADES NINE CLUBS THREE,0.63,0.0194,0.3506
SPADES TWO DIAMONDS FOUR,0.6446,0.02,0.3354
SPADES THREE DIAMONDS FOUR,0.6212,0.018,0.3608
SPADES FOUR DIAMONDS FOUR,0.4166,0.042,0.5414
SPADES FIVE DIAMONDS FOUR,0.6062,0.0208,0.373
SPADES SEVEN DIAMONDS FOUR,0.6076,0.0164,0.376
SPADES EIGHT DIAMONDS FOUR,0.609,0.0194,0.3716
SPADES NINE DIAMONDS FOUR,0.6204,0.0202,0.3594
CLUBS FIVE DIAMONDS FOUR,0.6052,0.0218,0.373
CLUBS FOUR DIAMONDS FOUR,0.414,0.0458,0.5402
CLUBS SEVEN DIAMONDS FOUR,0.619,0.0138,0.3672
CLUBS SIX DIAMONDS FOUR,0.6642,0.0604,0.2754
CLUBS NINE DIAMONDS FOUR,0.6294,0.0154,0.3552
CLUBS EIGHT DIAMONDS FOUR,0.631,0.0166,0.3524
DIAMONDS FOUR HEARTS SEVEN,0.6156,0.0156,0.3688
HEARTS SIX DIAMONDS FOUR,0.6538,0.0624,0.2838
HEARTS NINE DIAMONDS FOUR,0.6172,0.0184,0.3644
DIAMONDS FOUR HEARTS EIGHT,0.6108,0.0178,0.3714
CLUBS THREE DIAMONDS FOUR,0.6166,0.0234,0.36
CLUBS TWO DIAMONDS FOUR,0.6304,0.0218,0.3478
DIAMONDS TEN DIAMONDS FIVE,0.5874,0.0162,0.3964
DIAMONDS JACK DIAMONDS FIVE,0.3644,0.3688,0.2668
DIAMONDS NINE HEARTS QUEEN,0.339,0.0084,0.6526
HEARTS KING DIAMONDS NINE,0.363,0.007,0.63
DIAMONDS NINE HEARTS ACE,0.3618,0.0028,0.6354
DIAMONDS NINE HEARTS TEN,0.5396,0.0146,0.4458
DIAMONDS NINE HEARTS JACK,0.2262,0.1712,0.6026
CLUBS KING DIAMONDS SIX,0.225,0.0408,0.7342
CLUBS QUEEN DIAMONDS SIX,0.2284,0.0482,0.7234
CLUBS ACE DIAMONDS SIX,0.2312,0.026,0.7428
SPADES KING DIAMONDS FOUR,0.3936,0.0076,0.5988
SPADES ACE SPADES SEVEN,0.338,0.0034,0.6586
SPADES QUEEN DIAMONDS FOUR,0.388,0.0098,0.6022
SPADES QUEEN SPADES SEVEN,0.3366,0.0124,0.651
SPADES KING SPADES SEVEN,0.343,0.0076,0.6494
SPADES ACE DIAMONDS FOUR,0.385,0.0052,0.6098
CLUBS TEN DIAMONDS SIX,0.7018,0.0582,0.24
CLUBS NINE CLUBS FOUR,0.5954,0.0202,0.3844
CLUBS EIGHT CLUBS FOUR,0.5726,0.0222,0.4052
SPADES JACK DIAMONDS FOUR,0.3894,0.386,0.2246
SPADES TEN DIAMONDS FOUR,0.6274,0.0152,0.3574
CLUBS FOUR CLUBS FIVE,0.5876,0.021,0.3914
CLUBS SEVEN CLUBS FOUR,0.5816,0.017,0.4014
CLUBS SIX CLUBS FOUR,0.6296,0.0624,0.308
CLUBS SEVEN SPADES EIGHT,0.5474,0.0178,0.4348
CLUBS SEVEN SPADES NINE,0.5584,0.0186,0.423
CLUBS SEVEN SPADES SEVEN,0.3022,0.0354,0.6624
CLUBS SEVEN SPADES FIVE,0.6134,0.0188,0.3678
CLUBS SEVEN SPADES FOUR,0.6094,0.0234,0.3672
CLUBS SEVEN SPADES THREE,0.6272,0.0194,0.3534
CLUBS SEVEN SPADES TWO,0.641,0.0202,0.3388
CLUBS NINE CLUBS SEVEN,0.5408,0.0162,0.443
CLUBS EIGHT CLUBS SEVEN,0.535,0.0158,0.4492
HEARTS SIX DIAMONDS FIVE,0.6496,0.0648,0.2856
DIAMONDS FIVE HEARTS SEVEN,0.5954,0.019,0.3856
DIAMONDS FIVE HEARTS EIGHT,0.6134,0.0138,0.3728
HEARTS NINE DIAMONDS FIVE,0.6076,0.0176,0.3748
DIAMONDS QUEEN DIAMONDS FIVE,0.367,0.0114,0.6216
HEARTS TWO DIAMONDS FIVE,0.6244,0.0216,0.354
HEARTS KING HEARTS EIGHT,0.3496,0.0064,0.644
DIAMONDS KING DIAMONDS FIVE,0.384,0.0074,0.6086
HEARTS THREE DIAMONDS FIVE,0.6266,0.021,0.3524
HEARTS QUEEN HEARTS EIGHT,0.3328,0.011,0.6562
DIAMONDS ACE DIAMONDS FIVE,0.366,0.004,0.63
HEARTS FOUR DIAMONDS FIVE,0.6084,0.02,0.3716
HEARTS FIVE DIAMONDS FIVE,0.4068,0.0406,0.5526
HEARTS ACE HEARTS EIGHT,0.338,0.0036,0.6584
CLUBS FOUR DIAMONDS FIVE,0.6014,0.021,0.3776
CLUBS FIVE DIAMONDS FIVE,0.4086,0.0392,0.5522
CLUBS SIX DIAMONDS FIVE,0.6628,0.058,0.2792
CLUBS SEVEN DIAMONDS FIVE,0.593,0.02,0.387
CLUBS TWO DIAMONDS FIVE,0.623,0.019,0.358
CLUBS THREE DIAMONDS FIVE,0.6168,0.024,0.3592
SPADES THREE DIAMONDS FIVE,0.6196,0.0222,0.3582
SPADES TWO DIAMONDS FIVE,0.6294,0.0218,0.3488
SPADES JACK DIAMONDS EIGHT,0.2184,0.2288,0.5528
SPADES FIVE DIAMONDS FIVE,0.4146,0.0476,0.5378
HEARTS JACK CLUBS TEN,0.2322,0.1234,0.6444
SPADES TEN DIAMONDS EIGHT,0.5486,0.0166,0.4348
SPADES FOUR DIAMONDS FIVE,0.5954,0.0198,0.3848
HEARTS JACK CLUBS QUEEN,0.24,0.0424,0.7176
CLUBS NINE DIAMONDS FIVE,0.611,0.0188,0.3702
HEARTS JACK CLUBS KING,0.2196,0.0344,0.746
CLUBS EIGHT DIAMONDS FIVE,0.6152,0.0168,0.368
HEARTS JACK CLUBS ACE,0.2208,0.02,0.7592
SPADES SEVEN DIAMONDS FIVE,0.585,0.0174,0.3976
SPADES KING DIAMONDS EIGHT,0.3592,0.009,0.6318
SPADES QUEEN DIAMONDS EIGHT,0.3498,0.0106,0.6396
SPADES NINE DIAMONDS FIVE,0.6072,0.0164,0.3764
SPADES EIGHT DIAMONDS FIVE,0.6074,0.0226,0.37
SPADES ACE DIAMONDS EIGHT,0.3434,0.0036,0.653
DIAMONDS TEN DIAMONDS SIX,0.6516,0.0586,0.2898
HEARTS ACE DIAMONDS SEVEN,0.3552,0.002,0.6428
DIAMONDS JACK DIAMONDS SIX,0.0238,0.9034,0.0728
HEARTS QUEEN DIAMONDS SEVEN,0.37,0.0072,0.6228
HEARTS KING DIAMONDS SEVEN,0.3598,0.0066,0.6336
DIAMONDS ACE DIAMONDS SIX,0.2268,0.0236,0.7496
HEARTS FOUR DIAMONDS SIX,0.6676,0.0528,0.2796
HEARTS JACK SPADES TWO,0.4014,0.3742,0.2244
HEARTS FIVE DIAMONDS SIX,0.6524,0.0574,0.2902
SPADES TWO HEARTS TEN,0.6284,0.0184,0.3532
DIAMONDS QUEEN DIAMONDS SIX,0.2234,0.0482,0.7284
HEARTS TWO DIAMONDS SIX,0.6994,0.0636,0.237
DIAMONDS KING DIAMONDS SIX,0.2304,0.0312,0.7384
HEARTS THREE DIAMONDS SIX,0.6804,0.0616,0.258
HEARTS EIGHT DIAMONDS SIX,0.6604,0.0566,0.283
HEARTS NINE DIAMONDS SIX,0.6716,0.0534,0.275
HEARTS SIX DIAMONDS SIX,0.2842,0.0436,0.6722
HEARTS SEVEN DIAMONDS SIX,0.6348,0.053,0.3122
HEARTS TEN DIAMONDS SEVEN,0.595,0.015,0.39
CLUBS TWO DIAMONDS SIX,0.6988,0.071,0.2302
HEARTS JACK DIAMONDS SEVEN,0.2116,0.2996,0.4888
CLUBS THREE DIAMONDS SIX,0.69,0.059,0.251
CLUBS SEVEN DIAMONDS SIX,0.6588,0.0554,0.2858
CLUBS SIX DIAMONDS SIX,0.3008,0.0486,0.6506
DIAMONDS EIGHT CLUBS TEN,0.5534,0.0172,0.4294
CLUBS FIVE DIAMONDS SIX,0.6578,0.0632,0.279
CLUBS FOUR DIAMONDS SIX,0.6778,0.0548,0.2674
HEARTS ACE HEARTS JACK,0.216,0.0164,0.7676
DIAMONDS EIGHT CLUBS ACE,0.348,0.004,0.648
HEARTS JACK HEARTS QUEEN,0.2184,0.0374,0.7442
DIAMONDS EIGHT CLUBS KING,0.3652,0.0074,0.6274
CLUBS NINE DIAMONDS SIX,0.6768,0.0532,0.27
HEARTS KING HEARTS JACK,0.2234,0.0292,0.7474
DIAMONDS EIGHT CLUBS QUEEN,0.3364,0.009,0.6546
CLUBS EIGHT DIAMONDS SIX,0.6604,0.0612,0.2784
SPADES TEN HEARTS KING,0.3492,0.0052,0.6456
SPADES FIVE DIAMONDS SIX,0.6596,0.0636,0.2768
HEARTS ACE SPADES TWO,0.3876,0.003,0.6094
SPADES JACK HEARTS KING,0.2192,0.0334,0.7474
SPADES FOUR DIAMONDS SIX,0.6772,0.056,0.2668
SPADES THREE DIAMONDS SIX,0.6816,0.0666,0.2518
SPADES TWO HEARTS QUEEN,0.3968,0.0126,0.5906
SPADES ACE SPADES KING,0.2968,0.0048,0.6984
HEARTS KING SPADES TWO,0.407,0.0052,0.5878
SPADES TWO DIAMONDS SIX,0.7022,0.0686,0.2292
HEARTS TEN HEARTS EIGHT,0.5208,0.017,0.4622
SPADES NINE DIAMONDS SIX,0.666,0.0594,0.2746
HEARTS JACK HEARTS EIGHT,0.2236,0.2014,0.575
SPADES EIGHT DIAMONDS SIX,0.6472,0.0554,0.2974
SPADES SEVEN DIAMONDS SIX,0.6404,0.0552,0.3044
SPADES KING HEARTS KING,0.1362,0.0088,0.855
SPADES QUEEN HEARTS KING,0.3178,0.006,0.6762
CLUBS ACE CLUBS KING,0.3112,0.0048,0.684
SPADES ACE HEARTS KING,0.322,0.0044,0.6736
SPADES ACE HEARTS JACK,0.2086,0.0214,0.77
SPADES QUEEN HEARTS JACK,0.2264,0.0436,0.73
SPADES KING HEARTS JACK,0.23,0.0328,0.7372
SPADES TEN DIAMONDS TEN,0.2752,0.0252,0.6996
SPADES JACK DIAMONDS TEN,0.2284,0.1246,0.647
SPADES ACE DIAMONDS TEN,0.3488,0.0034,0.6478
SPADES JACK HEARTS JACK,0.0792,0.0396,0.8812
SPADES TEN HEARTS JACK,0.2136,0.126,0.6604
SPADES QUEEN DIAMONDS TEN,0.3282,0.0092,0.6626
SPADES KING DIAMONDS TEN,0.3454,0.006,0.6486
SPADES NINE DIAMONDS SEVEN,0.5638,0.0188,0.4174
SPADES EIGHT DIAMONDS SEVEN,0.5574,0.0158,0.4268
SPADES SEVEN DIAMONDS SEVEN,0.3008,0.036,0.6632
DIAMONDS KING DIAMONDS SEVEN,0.3324,0.007,0.6606
HEARTS THREE DIAMONDS SEVEN,0.6136,0.0142,0.3722
HEARTS KING DIAMONDS FIVE,0.3924,0.006,0.6016
DIAMONDS QUEEN DIAMONDS SEVEN,0.3334,0.0108,0.6558
HEARTS TWO DIAMONDS SEVEN,0.6296,0.0192,0.3512
HEARTS QUEEN DIAMONDS FIVE,0.3806,0.0112,0.6082
HEARTS FIVE DIAMONDS SEVEN,0.5902,0.0166,0.3932
DIAMONDS ACE DIAMONDS SEVEN,0.3384,0.0044,0.6572
HEARTS FOUR DIAMONDS SEVEN,0.6024,0.016,0.3816
HEARTS ACE DIAMONDS FIVE,0.3862,0.0042,0.6096
HEARTS SEVEN DIAMONDS SEVEN,0.3022,0.0378,0.66
HEARTS SIX DIAMONDS SEVEN,0.6572,0.0506,0.2922
HEARTS NINE DIAMONDS SEVEN,0.5642,0.018,0.4178
DIAMONDS SEVEN HEARTS EIGHT,0.5506,0.018,0.4314
DIAMONDS JACK DIAMONDS SEVEN,0.2068,0.2798,0.5134
HEARTS JACK DIAMONDS FIVE,0.3872,0.3778,0.235
DIAMONDS TEN DIAMONDS SEVEN,0.5264,0.0176,0.456
DIAMONDS FIVE HEARTS TEN,0.628,0.0148,0.3572
SPADES KING CLUBS TWO,0.4078,0.0074,0.5848
HEARTS KING CLUBS KING,0.125,0.0054,0.8696
CLUBS EIGHT DIAMONDS SEVEN,0.5584,0.014,0.4276
SPADES QUEEN CLUBS TWO,0.4048,0.0128,0.5824
HEARTS KING CLUBS QUEEN,0.3182,0.0072,0.6746
CLUBS NINE DIAMONDS SEVEN,0.5692,0.0136,0.4172
SPADES ACE CLUBS TWO,0.3858,0.0052,0.609
SPADES TWO CLUBS TEN,0.6292,0.0194,0.3514
HEARTS KING CLUBS ACE,0.3114,0.0046,0.684
CLUBS SIX CLUBS SEVEN,0.6314,0.0548,0.3138
SPADES TWO CLUBS KING,0.3844,0.0092,0.6064
SPADES TWO DIAMONDS SEVEN,0.6262,0.023,0.3508
CLUBS EIGHT CLUBS SIX,0.6562,0.0536,0.2902
SPADES THREE DIAMONDS SEVEN,0.6228,0.0172,0.36
SPADES TWO CLUBS QUEEN,0.3964,0.0108,0.5928
CLUBS NINE CLUBS SIX,0.6492,0.0566,0.2942
SPADES FOUR DIAMONDS SEVEN,0.6228,0.0178,0.3594
SPADES FIVE DIAMONDS SEVEN,0.598,0.0192,0.3828
SPADES TWO CLUBS ACE,0.391,0.0054,0.6036
HEARTS KING CLUBS TEN,0.3382,0.0072,0.6546
CLUBS SIX SPADES TWO,0.7044,0.0698,0.2258
CLUBS SIX SPADES THREE,0.6984,0.0672,0.2344
CLUBS TWO DIAMONDS SEVEN,0.6322,0.0178,0.35
CLUBS SIX SPADES FOUR,0.6812,0.066,0.2528
CLUBS THREE DIAMONDS SEVEN,0.6264,0.0198,0.3538
CLUBS SIX SPADES FIVE,0.6534,0.0624,0.2842
CLUBS FOUR DIAMONDS SEVEN,0.6198,0.0168,0.3634
CLUBS FIVE DIAMONDS SEVEN,0.5866,0.0218,0.3916
CLUBS SIX SPADES SEVEN,0.6488,0.0528,0.2984
CLUBS SIX DIAMONDS SEVEN,0.6642,0.052,0.2838
CLUBS SIX SPADES EIGHT,0.6566,0.0554,0.288
SPADES JACK CLUBS TWO,0.3898,0.4016,0.2086
CLUBS SIX SPADES NINE,0.6742,0.0566,0.2692
SPADES TEN CLUBS TWO,0.6286,0.0176,0.3538
CLUBS SEVEN DIAMONDS SEVEN,0.2986,0.0394,0.662
CLUBS TWO CLUBS QUEEN,0.376,0.0116,0.6124
CLUBS TWO CLUBS KING,0.3704,0.01,0.6196
CLUBS THREE DIAMONDS EIGHT,0.6366,0.0162,0.3472
CLUBS TWO CLUBS ACE,0.3798,0.0042,0.616
CLUBS TWO DIAMONDS EIGHT,0.623,0.0178,0.3592
DIAMONDS EIGHT HEARTS SEVEN,0.5536,0.014,0.4324
HEARTS SIX DIAMONDS EIGHT,0.6626,0.0552,0.2822
DIAMONDS EIGHT HEARTS NINE,0.5328,0.014,0.4532
CLUBS TWO CLUBS TEN,0.586,0.015,0.399
DIAMONDS EIGHT HEARTS EIGHT,0.2972,0.029,0.6738
CLUBS NINE DIAMONDS EIGHT,0.5572,0.0146,0.4282
CLUBS EIGHT DIAMONDS EIGHT,0.2912,0.0324,0.6764
CLUBS FIVE DIAMONDS EIGHT,0.6054,0.0172,0.3774
SPADES ACE SPADES THREE,0.369,0.006,0.625
CLUBS FOUR DIAMONDS EIGHT,0.6088,0.0182,0.373
SPADES QUEEN SPADES THREE,0.3792,0.012,0.6088
CLUBS SEVEN DIAMONDS EIGHT,0.5544,0.0182,0.4274
CLUBS SIX DIAMONDS EIGHT,0.6574,0.063,0.2796
SPADES KING SPADES THREE,0.3838,0.0066,0.6096
DIAMONDS QUEEN DIAMONDS EIGHT,0.3212,0.0094,0.6694
HEARTS TWO DIAMONDS EIGHT,0.6284,0.0148,0.3568
DIAMONDS KING DIAMONDS EIGHT,0.3194,0.0076,0.673
HEARTS THREE DIAMONDS EIGHT,0.6266,0.0194,0.354
DIAMONDS ACE DIAMONDS EIGHT,0.3308,0.0042,0.665
HEARTS FOUR DIAMONDS EIGHT,0.6124,0.0168,0.3708
HEARTS FIVE DIAMONDS EIGHT,0.5866,0.0204,0.393
DIAMONDS EIGHT DIAMONDS TEN,0.5212,0.0164,0.4624
DIAMONDS EIGHT DIAMONDS JACK,0.2138,0.1976,0.5886
SPADES JACK SPADES THREE,0.3706,0.365,0.2644
SPADES TEN SPADES THREE,0.5928,0.0174,0.3898
CLUBS FOUR HEARTS ACE,0.3818,0.0042,0.614
CLUBS FOUR HEARTS QUEEN,0.39,0.0116,0.5984
CLUBS FOUR HEARTS KING,0.401,0.0076,0.5914
CLUBS SIX HEARTS TEN,0.6924,0.0622,0.2454
CLUBS SIX HEARTS JACK,0.017,0.974,0.009
SPADES FOUR DIAMONDS EIGHT,0.6286,0.0168,0.3546
SPADES FIVE DIAMONDS EIGHT,0.5936,0.015,0.3914
DIAMONDS EIGHT SPADES TWO,0.6308,0.0172,0.352
DIAMONDS EIGHT SPADES THREE,0.632,0.0184,0.3496
CLUBS FOUR HEARTS JACK,0.3964,0.3854,0.2182
SPADES EIGHT DIAMONDS EIGHT,0.2812,0.0338,0.685
SPADES TEN DIAMONDS QUEEN,0.332,0.0088,0.6592
SPADES TEN HEARTS TWO,0.626,0.0196,0.3544
SPADES JACK HEARTS EIGHT,0.2182,0.2172,0.5646
CLUBS FOUR HEARTS TEN,0.6328,0.019,0.3482
SPADES NINE DIAMONDS EIGHT,0.5442,0.017,0.4388
SPADES TEN HEARTS EIGHT,0.551,0.0168,0.4322
SPADES JACK HEARTS TWO,0.3918,0.375,0.2332
SPADES JACK DIAMONDS QUEEN,0.2208,0.0402,0.739
SPADES SEVEN DIAMONDS EIGHT,0.5514,0.016,0.4326
SPADES ACE HEARTS TWO,0.3798,0.0036,0.6166
SPADES ACE DIAMONDS QUEEN,0.3036,0.003,0.6934
SPADES ACE HEARTS EIGHT,0.3552,0.003,0.6418
SPADES KING HEARTS EIGHT,0.3462,0.0074,0.6464
SPADES QUEEN HEARTS TWO,0.3872,0.0118,0.601
SPADES QUEEN DIAMONDS QUEEN,0.1362,0.0098,0.854
SPADES KING DIAMONDS QUEEN,0.303,0.0056,0.6914
SPADES KING HEARTS TWO,0.39,0.0078,0.6022
SPADES QUEEN HEARTS EIGHT,0.3412,0.0106,0.6482
CLUBS TWO HEARTS TEN,0.6254,0.0172,0.3574
CLUBS TWO HEARTS JACK,0.3918,0.382,0.2262
SPADES SEVEN DIAMONDS NINE,0.5464,0.018,0.4356
SPADES NINE DIAMONDS NINE,0.28,0.0236,0.6964
SPADES EIGHT DIAMONDS NINE,0.548,0.0152,0.4368
SPADES TEN CLUBS KING,0.3352,0.0074,0.6574
DIAMONDS NINE SPADES THREE,0.6264,0.0194,0.3542
SPADES JACK CLUBS KING,0.2178,0.0318,0.7504
DIAMONDS NINE SPADES TWO,0.6288,0.0194,0.3518
SPADES FIVE DIAMONDS NINE,0.6094,0.0204,0.3702
DIAMONDS NINE SPADES FOUR,0.6342,0.0152,0.3506
CLUBS NINE DIAMONDS NINE,0.287,0.0268,0.6862
CLUBS EIGHT DIAMONDS NINE,0.5596,0.0168,0.4236
CLUBS SIX DIAMONDS NINE,0.6782,0.057,0.2648
SPADES JACK CLUBS FOUR,0.398,0.384,0.218
SPADES TEN CLUBS FOUR,0.612,0.017,0.371
CLUBS SEVEN DIAMONDS NINE,0.5636,0.0162,0.4202
CLUBS FOUR DIAMONDS NINE,0.6352,0.0176,0.3472
CLUBS FIVE DIAMONDS NINE,0.6128,0.0176,0.3696
CLUBS TWO DIAMONDS NINE,0.6236,0.0178,0.3586
CLUBS THREE DIAMONDS NINE,0.6226,0.0172,0.3602
DIAMONDS NINE HEARTS EIGHT,0.5524,0.0164,0.4312
DIAMONDS NINE HEARTS NINE,0.2944,0.0238,0.6818
HEARTS SIX DIAMONDS NINE,0.6692,0.0562,0.2746
DIAMONDS NINE HEARTS SEVEN,0.57,0.0168,0.4132
CLUBS EIGHT CLUBS NINE,0.508,0.0156,0.4764
DIAMONDS ACE DIAMONDS NINE,0.3462,0.003,0.6508
HEARTS FOUR DIAMONDS NINE,0.629,0.0156,0.3554
HEARTS FIVE DIAMONDS NINE,0.609,0.0176,0.3734
CLUBS TWO HEARTS ACE,0.4126,0.005,0.5824
SPADES ACE CLUBS FOUR,0.3706,0.0064,0.623
DIAMONDS QUEEN DIAMONDS NINE,0.3106,0.009,0.6804
HEARTS TWO DIAMONDS NINE,0.6312,0.0166,0.3522
CLUBS TWO HEARTS KING,0.4024,0.0072,0.5904
SPADES KING CLUBS FOUR,0.3866,0.0072,0.6062
DIAMONDS KING DIAMONDS NINE,0.326,0.0044,0.6696
HEARTS THREE DIAMONDS NINE,0.6176,0.0134,0.369
CLUBS TWO HEARTS QUEEN,0.409,0.0098,0.5812
SPADES QUEEN CLUBS FOUR,0.3872,0.0108,0.602
DIAMONDS NINE DIAMONDS JACK,0.2152,0.1596,0.6252
CLUBS EIGHT SPADES NINE,0.5498,0.0184,0.4318
DIAMONDS NINE DIAMONDS TEN,0.5046,0.0136,0.4818
CLUBS EIGHT SPADES EIGHT,0.2962,0.0368,0.667
CLUBS EIGHT SPADES SEVEN,0.5414,0.0204,0.4382
CLUBS EIGHT SPADES FIVE,0.6088,0.0198,0.3714
CLUBS EIGHT SPADES FOUR,0.6202,0.0198,0.36
CLUBS EIGHT SPADES THREE,0.6272,0.0194,0.3534
CLUBS EIGHT SPADES TWO,0.631,0.0188,0.3502
HEARTS SIX DIAMONDS TEN,0.6844,0.0562,0.2594
DIAMONDS TEN HEARTS SEVEN,0.575,0.012,0.413
DIAMONDS TEN HEARTS EIGHT,0.567,0.0142,0.4188
DIAMONDS TEN HEARTS NINE,0.5288,0.0132,0.458
CLUBS FOUR CLUBS TEN,0.5904,0.0182,0.3914
CLUBS FOUR CLUBS KING,0.3736,0.0084,0.618
CLUBS FOUR CLUBS QUEEN,0.3796,0.0108,0.6096
CLUBS TWO DIAMONDS TEN,0.6318,0.0164,0.3518
CLUBS THREE DIAMONDS TEN,0.629,0.0206,0.3504
CLUBS FOUR CLUBS ACE,0.3822,0.0046,0.6132
DIAMONDS JACK DIAMONDS TEN,0.2206,0.1204,0.659
DIAMONDS QUEEN DIAMONDS TEN,0.3218,0.0086,0.6696
HEARTS TWO DIAMONDS TEN,0.62,0.0176,0.3624
DIAMONDS KING DIAMONDS TEN,0.305,0.0072,0.6878
HEARTS THREE DIAMONDS TEN,0.6174,0.0184,0.3642
DIAMONDS ACE DIAMONDS TEN,0.3336,0.0038,0.6626
HEARTS FOUR DIAMONDS TEN,0.6202,0.0174,0.3624
CLUBS EIGHT HEARTS JACK,0.2236,0.227,0.5494
HEARTS FIVE DIAMONDS TEN,0.6244,0.0162,0.3594
CLUBS EIGHT HEARTS TEN,0.5696,0.0172,0.4132
CLUBS EIGHT HEARTS QUEEN,0.3504,0.009,0.6406
CLUBS EIGHT HEARTS KING,0.359,0.0082,0.6328
CLUBS EIGHT HEARTS ACE,0.3614,0.0032,0.6354
CLUBS NINE SPADES THREE,0.6316,0.0202,0.3482
CLUBS NINE SPADES TWO,0.6346,0.018,0.3474
CLUBS NINE SPADES FIVE,0.6148,0.0176,0.3676
CLUBS NINE SPADES FOUR,0.6246,0.0178,0.3576
CLUBS NINE SPADES SEVEN,0.5718,0.0224,0.4058
CLUBS NINE SPADES NINE,0.291,0.0302,0.6788
CLUBS TEN HEARTS EIGHT,0.563,0.0166,0.4204
CLUBS NINE SPADES EIGHT,0.5398,0.0172,0.443
CLUBS QUEEN HEARTS EIGHT,0.3362,0.0122,0.6516
CLUBS KING HEARTS EIGHT,0.3582,0.0056,0.6362
CLUBS ACE HEARTS EIGHT,0.352,0.0046,0.6434
SPADES KING CLUBS KING,0.1146,0.0084,0.877
SPADES QUEEN CLUBS KING,0.3164,0.0054,0.6782
SPADES ACE CLUBS KING,0.315,0.0052,0.6798
DIAMONDS ACE HEARTS TEN,0.3314,0.0046,0.664
HEARTS FOUR HEARTS TEN,0.5762,0.021,0.4028
DIAMONDS ACE HEARTS JACK,0.2228,0.0182,0.759
HEARTS FOUR HEARTS JACK,0.374,0.3614,0.2646
SPADES KING CLUBS FIVE,0.3656,0.0072,0.6272
SPADES QUEEN CLUBS FIVE,0.3962,0.0106,0.5932
SPADES ACE CLUBS FIVE,0.383,0.005,0.612
DIAMONDS JACK HEARTS SEVEN,0.2222,0.294,0.4838
HEARTS SIX DIAMONDS JACK,0.0248,0.9544,0.0208
DIAMONDS JACK HEARTS NINE,0.2236,0.153,0.6234
DIAMONDS JACK HEARTS EIGHT,0.2228,0.2306,0.5466
DIAMONDS KING DIAMONDS JACK,0.2224,0.0282,0.7494
HEARTS THREE DIAMONDS JACK,0.395,0.3928,0.2122
SPADES FOUR HEARTS ACE,0.3918,0.0026,0.6056
DIAMONDS QUEEN DIAMONDS JACK,0.215,0.0358,0.7492
HEARTS TWO DIAMONDS JACK,0.393,0.3856,0.2214
HEARTS FIVE DIAMONDS JACK,0.3984,0.3778,0.2238
SPADES FOUR HEARTS QUEEN,0.404,0.0098,0.5862
DIAMONDS ACE DIAMONDS JACK,0.2224,0.0192,0.7584
HEARTS FOUR DIAMONDS JACK,0.3978,0.3782,0.224
HEARTS KING SPADES FOUR,0.3872,0.0084,0.6044
SPADES FOUR DIAMONDS JACK,0.4076,0.372,0.2204
SPADES FIVE DIAMONDS JACK,0.3866,0.395,0.2184
DIAMONDS JACK SPADES TWO,0.3962,0.3874,0.2164
SPADES THREE DIAMONDS JACK,0.394,0.39,0.216
SPADES ACE DIAMONDS THREE,0.385,0.0054,0.6096
SPADES QUEEN DIAMONDS THREE,0.3946,0.0132,0.5922
CLUBS EIGHT DIAMONDS JACK,0.2396,0.2154,0.545
SPADES KING DIAMONDS THREE,0.4004,0.007,0.5926
CLUBS NINE DIAMONDS JACK,0.2312,0.1588,0.61
CLUBS SIX DIAMONDS JACK,0.021,0.9694,0.0096
CLUBS SEVEN DIAMONDS JACK,0.2294,0.3006,0.47
CLUBS FOUR DIAMONDS JACK,0.3996,0.3794,0.221
CLUBS FIVE DIAMONDS JACK,0.3994,0.3822,0.2184
CLUBS TWO DIAMONDS JACK,0.3788,0.4054,0.2158
CLUBS THREE DIAMONDS JACK,0.402,0.38,0.218
SPADES TEN CLUBS FIVE,0.6202,0.0166,0.3632
HEARTS SIX SPADES JACK,0.0094,0.9716,0.019
HEARTS SIX SPADES TEN,0.6844,0.0568,0.2588
SPADES JACK CLUBS FIVE,0.4038,0.3878,0.2084
SPADES JACK DIAMONDS THREE,0.3792,0.399,0.2218
CLUBS SEVEN CLUBS ACE,0.3426,0.0042,0.6532
DIAMONDS THREE SPADES TEN,0.615,0.0174,0.3676
CLUBS SEVEN CLUBS QUEEN,0.3464,0.0118,0.6418
CLUBS SEVEN CLUBS KING,0.3376,0.006,0.6564
SPADES NINE DIAMONDS JACK,0.2194,0.1684,0.6122
CLUBS SEVEN CLUBS TEN,0.5498,0.0186,0.4316
DIAMONDS ACE HEARTS ACE,0.1268,0.0046,0.8686
HEARTS FOUR HEARTS ACE,0.3692,0.0026,0.6282
SPADES EIGHT DIAMONDS JACK,0.2302,0.2178,0.552
SPADES ACE HEARTS SIX,0.243,0.0218,0.7352
DIAMONDS ACE HEARTS KING,0.3302,0.0028,0.667
HEARTS FOUR HEARTS KING,0.3732,0.0052,0.6216
SPADES SEVEN DIAMONDS JACK,0.2168,0.2852,0.498
SPADES KING HEARTS SIX,0.2246,0.0378,0.7376
DIAMONDS ACE HEARTS QUEEN,0.3194,0.0016,0.679
HEARTS FOUR HEARTS QUEEN,0.3748,0.01,0.6152
SPADES QUEEN HEARTS SIX,0.2238,0.0512,0.725
SPADES TWO DIAMONDS TEN,0.6332,0.02,0.3468
SPADES THREE DIAMONDS TEN,0.6194,0.0196,0.361
SPADES FOUR DIAMONDS TEN,0.6332,0.018,0.3488
SPADES FIVE DIAMONDS TEN,0.626,0.0168,0.3572
SPADES SEVEN DIAMONDS TEN,0.5666,0.0192,0.4142
SPADES EIGHT DIAMONDS TEN,0.5428,0.023,0.4342
SPADES NINE DIAMONDS TEN,0.5458,0.0154,0.4388
CLUBS FOUR DIAMONDS TEN,0.6212,0.0174,0.3614
CLUBS FIVE DIAMONDS TEN,0.626,0.0206,0.3534
CLUBS SIX DIAMONDS TEN,0.6984,0.0596,0.242
CLUBS SEVEN DIAMONDS TEN,0.5894,0.0156,0.395
CLUBS EIGHT DIAMONDS TEN,0.558,0.016,0.426
CLUBS NINE DIAMONDS TEN,0.55,0.0192,0.4308
DIAMONDS THREE CLUBS TEN,0.6192,0.019,0.3618
DIAMONDS THREE CLUBS KING,0.3922,0.007,0.6008
DIAMONDS THREE CLUBS QUEEN,0.3998,0.0114,0.5888
DIAMONDS THREE CLUBS ACE,0.3928,0.0046,0.6026
SPADES FOUR HEARTS JACK,0.3894,0.3916,0.219
SPADES FOUR HEARTS TEN,0.6358,0.0174,0.3468
SPADES FIVE SPADES TWO,0.588,0.0212,0.3908
SPADES FOUR SPADES TWO,0.5956,0.0194,0.385
SPADES THREE SPADES TWO,0.6102,0.0198,0.37
SPADES NINE SPADES TWO,0.5962,0.0172,0.3866
SPADES EIGHT SPADES TWO,0.5968,0.019,0.3842
SPADES SEVEN SPADES TWO,0.5936,0.0208,0.3856
DIAMONDS QUEEN CLUBS THREE,0.3954,0.01,0.5946
HEARTS TWO CLUBS THREE,0.6354,0.0226,0.342
DIAMONDS QUEEN CLUBS TWO,0.4012,0.0098,0.589
CLUBS TWO HEARTS TWO,0.4158,0.0456,0.5386
DIAMONDS QUEEN HEARTS SEVEN,0.361,0.0084,0.6306
HEARTS TWO HEARTS SEVEN,0.5942,0.0166,0.3892
HEARTS SIX DIAMONDS QUEEN,0.233,0.0474,0.7196
HEARTS SIX HEARTS TWO,0.6518,0.062,0.2862
DIAMONDS QUEEN HEARTS NINE,0.3276,0.0088,0.6636
HEARTS TWO HEARTS NINE,0.5844,0.0154,0.4002
DIAMONDS QUEEN HEARTS EIGHT,0.3564,0.0094,0.6342
HEARTS TWO HEARTS EIGHT,0.5718,0.0188,0.4094
CLUBS NINE HEARTS TWO,0.6322,0.0186,0.3492
CLUBS NINE DIAMONDS QUEEN,0.341,0.0114,0.6476
CLUBS EIGHT HEARTS TWO,0.6306,0.0188,0.3506
CLUBS EIGHT DIAMONDS QUEEN,0.3496,0.009,0.6414
CLUBS FIVE DIAMONDS QUEEN,0.391,0.0098,0.5992
CLUBS FIVE HEARTS TWO,0.6318,0.0182,0.35
SPADES EIGHT HEARTS ACE,0.3592,0.0044,0.6364
CLUBS FOUR DIAMONDS QUEEN,0.3858,0.01,0.6042
CLUBS FOUR HEARTS TWO,0.6266,0.024,0.3494
SPADES EIGHT HEARTS QUEEN,0.346,0.0104,0.6436
CLUBS SEVEN HEARTS TWO,0.6382,0.0196,0.3422
CLUBS SEVEN DIAMONDS QUEEN,0.352,0.0106,0.6374
CLUBS SIX DIAMONDS QUEEN,0.2396,0.0448,0.7156
CLUBS SIX HEARTS TWO,0.6932,0.0662,0.2406
SPADES EIGHT HEARTS KING,0.354,0.0082,0.6378
HEARTS FOUR CLUBS QUEEN,0.3968,0.0114,0.5918
DIAMONDS ACE CLUBS QUEEN,0.3092,0.003,0.6878
DIAMONDS QUEEN SPADES SEVEN,0.3574,0.0112,0.6314
HEARTS TWO SPADES SEVEN,0.6264,0.022,0.3516
HEARTS FOUR CLUBS KING,0.3886,0.006,0.6054
DIAMONDS ACE CLUBS KING,0.3152,0.0034,0.6814
DIAMONDS QUEEN SPADES EIGHT,0.3546,0.0104,0.635
SPADES EIGHT HEARTS TWO,0.6236,0.0184,0.358
HEARTS FOUR CLUBS ACE,0.38,0.0052,0.6148
DIAMONDS ACE CLUBS ACE,0.1278,0.0052,0.867
SPADES NINE DIAMONDS QUEEN,0.3296,0.0122,0.6582
SPADES NINE HEARTS TWO,0.6236,0.017,0.3594
HEARTS TWO SPADES TWO,0.4204,0.0442,0.5354
DIAMONDS QUEEN SPADES TWO,0.4014,0.0106,0.588
HEARTS TWO SPADES THREE,0.6406,0.0236,0.3358
DIAMONDS QUEEN SPADES THREE,0.4062,0.0122,0.5816
HEARTS TWO SPADES FOUR,0.6394,0.0224,0.3382
DIAMONDS QUEEN SPADES FOUR,0.4108,0.0146,0.5746
HEARTS FOUR CLUBS TEN,0.6228,0.0176,0.3596
DIAMONDS ACE CLUBS TEN,0.3508,0.0046,0.6446
HEARTS TWO SPADES FIVE,0.6252,0.021,0.3538
DIAMONDS QUEEN SPADES FIVE,0.4006,0.0116,0.5878
CLUBS FIVE CLUBS KING,0.3544,0.0092,0.6364
CLUBS FIVE CLUBS QUEEN,0.367,0.0128,0.6202
CLUBS FIVE CLUBS ACE,0.3594,0.0036,0.637
CLUBS FIVE CLUBS TEN,0.5938,0.0174,0.3888
SPADES EIGHT HEARTS JACK,0.2252,0.2208,0.554
SPADES EIGHT HEARTS TEN,0.5572,0.0162,0.4266
SPADES QUEEN CLUBS SEVEN,0.3688,0.0104,0.6208
SPADES KING CLUBS SEVEN,0.3432,0.0082,0.6486
SPADES ACE CLUBS SEVEN,0.3512,0.005,0.6438
SPADES JACK CLUBS SEVEN,0.221,0.287,0.492
CLUBS SEVEN SPADES TEN,0.5754,0.0156,0.409
HEARTS SIX CLUBS TEN,0.6958,0.0588,0.2454
HEARTS SIX CLUBS QUEEN,0.2352,0.0486,0.7162
HEARTS SIX CLUBS KING,0.2224,0.0384,0.7392
HEARTS SIX CLUBS ACE,0.2398,0.0262,0.734
DIAMONDS THREE HEARTS ACE,0.3996,0.0052,0.5952
DIAMONDS THREE HEARTS QUEEN,0.3974,0.0134,0.5892
DIAMONDS THREE HEARTS KING,0.4062,0.0076,0.5862
CLUBS FIVE HEARTS JACK,0.408,0.3816,0.2104
SPADES TEN DIAMONDS ACE,0.3352,0.0038,0.661
HEARTS FOUR SPADES TEN,0.604,0.0162,0.3798
CLUBS FIVE HEARTS TEN,0.6274,0.0174,0.3552
HEARTS FOUR SPADES JACK,0.384,0.3838,0.2322
SPADES JACK DIAMONDS ACE,0.2204,0.0188,0.7608
SPADES ACE HEARTS FOUR,0.3848,0.004,0.6112
SPADES ACE DIAMONDS ACE,0.1212,0.003,0.8758
CLUBS FIVE HEARTS ACE,0.3876,0.0044,0.608
CLUBS FIVE HEARTS KING,0.3952,0.0066,0.5982
HEARTS FOUR SPADES QUEEN,0.3796,0.0122,0.6082
SPADES QUEEN DIAMONDS ACE,0.3132,0.0036,0.6832
CLUBS FIVE HEARTS QUEEN,0.3854,0.007,0.6076
SPADES KING DIAMONDS ACE,0.3326,0.0028,0.6646
HEARTS FOUR SPADES KING,0.3958,0.0078,0.5964
SPADES FOUR CLUBS TEN,0.6406,0.0174,0.342
DIAMONDS QUEEN DIAMONDS ACE,0.299,0.004,0.697
HEARTS TWO DIAMONDS ACE,0.396,0.0036,0.6004
HEARTS FOUR DIAMONDS QUEEN,0.385,0.0096,0.6054
HEARTS FOUR HEARTS TWO,0.5856,0.0198,0.3946
DIAMONDS THREE HEARTS TEN,0.621,0.0154,0.3636
SPADES FOUR CLUBS KING,0.3924,0.0098,0.5978
HEARTS FIVE DIAMONDS QUEEN,0.3806,0.0098,0.6096
HEARTS FIVE HEARTS TWO,0.5854,0.0184,0.3962
DIAMONDS THREE HEARTS JACK,0.3734,0.3864,0.2402
SPADES FOUR CLUBS QUEEN,0.3898,0.0092,0.601
DIAMONDS QUEEN HEARTS TWO,0.3872,0.0108,0.602
DIAMONDS KING DIAMONDS QUEEN,0.2974,0.0068,0.6958
DIAMONDS KING HEARTS TWO,0.414,0.0062,0.5798
HEARTS THREE DIAMONDS QUEEN,0.3872,0.0114,0.6014
HEARTS THREE HEARTS TWO,0.5968,0.0208,0.3824
SPADES FOUR CLUBS ACE,0.3906,0.0034,0.606
HEARTS TWO CLUBS ACE,0.3854,0.004,0.6106
DIAMONDS QUEEN CLUBS ACE,0.321,0.0042,0.6748
HEARTS TWO CLUBS QUEEN,0.4048,0.0116,0.5836
DIAMONDS QUEEN CLUBS QUEEN,0.14,0.011,0.849
HEARTS TWO CLUBS KING,0.3994,0.0068,0.5938
DIAMONDS QUEEN CLUBS KING,0.3032,0.0058,0.691
SPADES EIGHT SPADES FIVE,0.5672,0.0216,0.4112
HEARTS TWO CLUBS TEN,0.6214,0.0174,0.3612
DIAMONDS QUEEN CLUBS TEN,0.3338,0.0086,0.6576
SPADES NINE SPADES FIVE,0.5842,0.018,0.3978
SPADES SEVEN SPADES FIVE,0.5624,0.0224,0.4152
DIAMONDS FIVE CLUBS QUEEN,0.376,0.0126,0.6114
SPADES EIGHT CLUBS ACE,0.3512,0.004,0.6448
DIAMONDS FIVE CLUBS KING,0.3898,0.0092,0.601
SPADES EIGHT CLUBS KING,0.3514,0.0058,0.6428
CLUBS ACE DIAMONDS FIVE,0.3828,0.0042,0.613
SPADES EIGHT CLUBS QUEEN,0.3306,0.0124,0.657
SPADES EIGHT CLUBS TEN,0.5708,0.017,0.4122
DIAMONDS FIVE CLUBS TEN,0.6236,0.0188,0.3576
HEARTS JACK DIAMONDS TEN,0.2372,0.1222,0.6406
DIAMONDS TEN HEARTS TEN,0.2756,0.0186,0.7058
SPADES ACE CLUBS NINE,0.3734,0.0048,0.6218
CLUBS NINE SPADES QUEEN,0.347,0.009,0.644
SPADES KING CLUBS NINE,0.3442,0.0068,0.649
HEARTS SIX HEARTS KING,0.2296,0.0338,0.7366
DIAMONDS KING SPADES SEVEN,0.3634,0.005,0.6316
HEARTS THREE SPADES SEVEN,0.6046,0.0192,0.3762
SPADES KING DIAMONDS SEVEN,0.3592,0.0056,0.6352
HEARTS SIX HEARTS QUEEN,0.2278,0.0484,0.7238
SPADES QUEEN DIAMONDS SEVEN,0.3608,0.0098,0.6294
DIAMONDS KING SPADES NINE,0.342,0.0094,0.6486
HEARTS THREE SPADES NINE,0.6242,0.0174,0.3584
HEARTS SIX HEARTS ACE,0.2284,0.0222,0.7494
DIAMONDS KING SPADES EIGHT,0.3558,0.0074,0.6368
HEARTS THREE SPADES EIGHT,0.6304,0.0182,0.3514
SPADES ACE DIAMONDS SEVEN,0.3528,0.006,0.6412
CLUBS NINE HEARTS THREE,0.634,0.0188,0.3472
CLUBS NINE DIAMONDS KING,0.3568,0.0056,0.6376
CLUBS EIGHT HEARTS THREE,0.6446,0.0186,0.3368
CLUBS EIGHT DIAMONDS KING,0.3706,0.0048,0.6246
HEARTS THREE SPADES THREE,0.4276,0.0432,0.5292
DIAMONDS KING SPADES THREE,0.4056,0.0074,0.587
HEARTS THREE SPADES TWO,0.6448,0.0164,0.3388
DIAMONDS KING SPADES TWO,0.4024,0.0074,0.5902
