opposingHand,winningChance,drawChance,lostChance
CLUBS EIGHT CLUBS FIVE
HEARTS FIVE SPADES TEN,0.3166,0.0726,0.6108
SPADES JACK HEARTS FIVE,0.3026,0.059,0.6384
CLUBS JACK SPADES FIVE,0.3028,0.064,0.6332
CLUBS TEN SPADES FIVE,0.2976,0.0752,0.6272
SPADES FIVE CLUBS ACE,0.2978,0.0216,0.6806
SPADES FIVE CLUBS KING,0.2944,0.0388,0.6668
SPADES FIVE CLUBS QUEEN,0.2924,0.0492,0.6584
DIAMONDS TWO DIAMONDS THREE,0.5836,0.059,0.3574
DIAMONDS TWO DIAMONDS FIVE,0.5852,0.143,0.2718
SPADES KING HEARTS FIVE,0.3094,0.03,0.6606
DIAMONDS TWO DIAMONDS FOUR,0.5874,0.0594,0.3532
SPADES QUEEN HEARTS FIVE,0.3034,0.0444,0.6522
DIAMONDS TWO DIAMONDS SEVEN,0.5908,0.0564,0.3528
DIAMONDS TWO DIAMONDS SIX,0.5954,0.0544,0.3502
SPADES ACE HEARTS FIVE,0.308,0.0248,0.6672
DIAMONDS TWO DIAMONDS NINE,0.43,0.0398,0.5302
DIAMONDS TWO DIAMONDS EIGHT,0.3634,0.3896,0.247
DIAMONDS THREE DIAMONDS FOUR,0.581,0.062,0.357
CLUBS TWO SPADES FOUR,0.6174,0.0692,0.3134
DIAMONDS THREE DIAMONDS FIVE,0.5718,0.1424,0.2858
CLUBS TWO SPADES FIVE,0.6218,0.1364,0.2418
CLUBS TWO SPADES TWO,0.4162,0.0904,0.4934
CLUBS TWO SPADES THREE,0.6146,0.0632,0.3222
DIAMONDS THREE DIAMONDS EIGHT,0.354,0.3998,0.2462
SPADES EIGHT CLUBS TWO,0.3694,0.4232,0.2074
DIAMONDS THREE DIAMONDS NINE,0.4296,0.0366,0.5338
SPADES NINE CLUBS TWO,0.4412,0.0438,0.515
DIAMONDS THREE DIAMONDS SIX,0.55,0.0636,0.3864
CLUBS TWO SPADES SIX,0.6118,0.0598,0.3284
DIAMONDS THREE DIAMONDS SEVEN,0.5788,0.0598,0.3614
CLUBS TWO SPADES SEVEN,0.6192,0.0694,0.3114
CLUBS SIX CLUBS TWO,0.621,0.0676,0.3114
CLUBS SEVEN CLUBS TWO,0.6202,0.0604,0.3194
CLUBS FOUR CLUBS TWO,0.6132,0.066,0.3208
CLUBS TEN CLUBS JACK,0.31,0.016,0.674
DIAMONDS FOUR DIAMONDS SIX,0.564,0.06,0.376
CLUBS TEN CLUBS QUEEN,0.3204,0.0128,0.6668
DIAMONDS FOUR DIAMONDS SEVEN,0.574,0.051,0.375
CLUBS TEN CLUBS KING,0.3276,0.0082,0.6642
CLUBS TEN CLUBS ACE,0.34,0.0052,0.6548
DIAMONDS FIVE DIAMONDS FOUR,0.5734,0.1368,0.2898
CLUBS NINE CLUBS TWO,0.398,0.0422,0.5598
DIAMONDS NINE DIAMONDS FOUR,0.435,0.0364,0.5286
DIAMONDS EIGHT DIAMONDS FOUR,0.3568,0.3964,0.2468
CLUBS TWO CLUBS THREE,0.6184,0.0678,0.3138
DIAMONDS NINE DIAMONDS FIVE,0.2658,0.1002,0.634
CLUBS JACK DIAMONDS TWO,0.4354,0.0186,0.546
DIAMONDS EIGHT DIAMONDS FIVE,0.0766,0.859,0.0644
CLUBS TEN DIAMONDS TWO,0.432,0.03,0.538
DIAMONDS FIVE DIAMONDS SEVEN,0.5928,0.1334,0.2738
DIAMONDS FIVE DIAMONDS SIX,0.5806,0.1262,0.2932
DIAMONDS TWO CLUBS ACE,0.4168,0.005,0.5782
DIAMONDS TWO CLUBS KING,0.4418,0.009,0.5492
DIAMONDS TWO CLUBS QUEEN,0.4396,0.0144,0.546
DIAMONDS EIGHT DIAMONDS SIX,0.2544,0.3364,0.4092
DIAMONDS NINE DIAMONDS SIX,0.3726,0.0428,0.5846
HEARTS ACE SPADES THREE,0.4486,0.005,0.5464
HEARTS KING SPADES THREE,0.4534,0.006,0.5406
DIAMONDS SEVEN DIAMONDS SIX,0.5132,0.0614,0.4254
SPADES THREE HEARTS QUEEN,0.453,0.0106,0.5364
HEARTS JACK SPADES THREE,0.4448,0.02,0.5352
SPADES THREE HEARTS TEN,0.4424,0.0288,0.5288
DIAMONDS EIGHT DIAMONDS SEVEN,0.25,0.2784,0.4716
DIAMONDS NINE DIAMONDS SEVEN,0.3712,0.0418,0.587
DIAMONDS NINE DIAMONDS EIGHT,0.268,0.0966,0.6354
DIAMONDS KING HEARTS TEN,0.3778,0.0048,0.6174
HEARTS THREE HEARTS TEN,0.4232,0.0252,0.5516
SPADES JACK CLUBS SIX,0.4084,0.0168,0.5748
DIAMONDS KING HEARTS JACK,0.3798,0.009,0.6112
HEARTS THREE HEARTS JACK,0.4276,0.0176,0.5548
SPADES TEN CLUBS SIX,0.4116,0.0268,0.5616
SPADES JACK SPADES FIVE,0.3034,0.0604,0.6362
SPADES TEN SPADES FIVE,0.2988,0.0762,0.625
DIAMONDS KING HEARTS ACE,0.3944,0.003,0.6026
HEARTS THREE HEARTS ACE,0.4316,0.0052,0.5632
SPADES ACE CLUBS SIX,0.4136,0.0054,0.581
DIAMONDS KING HEARTS QUEEN,0.3926,0.0054,0.602
HEARTS THREE HEARTS QUEEN,0.4282,0.0108,0.561
SPADES KING CLUBS SIX,0.4198,0.0098,0.5704
DIAMONDS KING HEARTS KING,0.2054,0.0146,0.78
HEARTS THREE HEARTS KING,0.4238,0.009,0.5672
SPADES QUEEN CLUBS SIX,0.415,0.0116,0.5734
SPADES NINE HEARTS TEN,0.3682,0.0262,0.6056
SPADES NINE HEARTS JACK,0.3738,0.017,0.6092
SPADES QUEEN SPADES FIVE,0.2924,0.039,0.6686
SPADES KING SPADES FIVE,0.2894,0.0318,0.6788
SPADES ACE SPADES FIVE,0.2904,0.0188,0.6908
SPADES NINE HEARTS QUEEN,0.3956,0.011,0.5934
SPADES NINE HEARTS KING,0.3936,0.0088,0.5976
SPADES NINE HEARTS ACE,0.3966,0.0036,0.5998
CLUBS TEN SPADES JACK,0.3568,0.0146,0.6286
CLUBS TEN SPADES TEN,0.203,0.0428,0.7542
SPADES ACE CLUBS TEN,0.3864,0.0042,0.6094
CLUBS TEN SPADES KING,0.3752,0.0092,0.6156
CLUBS TEN SPADES QUEEN,0.3686,0.0124,0.619
SPADES FIVE HEARTS QUEEN,0.302,0.043,0.655
HEARTS KING SPADES FIVE,0.3014,0.0378,0.6608
SPADES FIVE HEARTS ACE,0.3114,0.0218,0.6668
HEARTS THREE SPADES JACK,0.4382,0.0178,0.544
SPADES JACK DIAMONDS KING,0.4026,0.0044,0.593
SPADES TEN DIAMONDS KING,0.376,0.0056,0.6184
HEARTS THREE SPADES TEN,0.4526,0.0274,0.52
CLUBS SIX HEARTS ACE,0.41,0.0056,0.5844
CLUBS JACK HEARTS FIVE,0.2976,0.0582,0.6442
CLUBS TEN HEARTS FIVE,0.2898,0.0784,0.6318
CLUBS SIX HEARTS QUEEN,0.4158,0.0122,0.572
CLUBS TEN SPADES THREE,0.4326,0.0268,0.5406
CLUBS SIX HEARTS KING,0.3992,0.0094,0.5914
CLUBS JACK SPADES THREE,0.4362,0.0182,0.5456
DIAMONDS TWO HEARTS JACK,0.4382,0.0238,0.538
SPADES THREE CLUBS QUEEN,0.4526,0.015,0.5324
DIAMONDS TWO HEARTS TEN,0.4442,0.0278,0.528
SPADES THREE CLUBS KING,0.4442,0.0064,0.5494
HEARTS FIVE CLUBS ACE,0.2974,0.0236,0.679
SPADES FIVE HEARTS TEN,0.3248,0.0736,0.6016
SPADES THREE CLUBS ACE,0.428,0.0048,0.5672
HEARTS FIVE CLUBS KING,0.2962,0.0358,0.668
SPADES FIVE HEARTS JACK,0.3126,0.0554,0.632
HEARTS FIVE CLUBS QUEEN,0.2966,0.0442,0.6592
HEARTS THREE CLUBS KING,0.4468,0.0092,0.544
DIAMONDS KING CLUBS KING,0.178,0.0128,0.8092
HEARTS THREE CLUBS QUEEN,0.4322,0.0098,0.558
DIAMONDS KING CLUBS QUEEN,0.3826,0.0074,0.61
HEARTS FIVE HEARTS JACK,0.2836,0.0588,0.6576
HEARTS FIVE HEARTS TEN,0.2948,0.0754,0.6298
HEARTS THREE CLUBS ACE,0.421,0.0048,0.5742
DIAMONDS KING CLUBS ACE,0.386,0.0046,0.6094
SPADES ACE CLUBS QUEEN,0.382,0.0056,0.6124
SPADES KING CLUBS QUEEN,0.3792,0.0076,0.6132
CLUBS JACK HEARTS THREE,0.4284,0.018,0.5536
CLUBS JACK DIAMONDS KING,0.3718,0.0096,0.6186
SPADES QUEEN CLUBS QUEEN,0.1952,0.027,0.7778
CLUBS TEN HEARTS THREE,0.4326,0.0288,0.5386
CLUBS TEN DIAMONDS KING,0.3718,0.0048,0.6234
SPADES JACK CLUBS QUEEN,0.3812,0.0088,0.61
CLUBS SIX CLUBS QUEEN,0.3606,0.0142,0.6252
SPADES TEN CLUBS QUEEN,0.3604,0.0104,0.6292
CLUBS SIX CLUBS KING,0.368,0.0092,0.6228
CLUBS SIX CLUBS ACE,0.3608,0.0062,0.633
HEARTS FIVE HEARTS KING,0.3028,0.0292,0.668
HEARTS FIVE HEARTS QUEEN,0.3064,0.0416,0.652
CLUBS TEN CLUBS SIX,0.3502,0.0278,0.622
HEARTS FIVE HEARTS ACE,0.2886,0.02,0.6914
CLUBS JACK CLUBS SIX,0.37,0.0152,0.6148
SPADES SEVEN HEARTS JACK,0.4224,0.0164,0.5612
SPADES SEVEN HEARTS TEN,0.4,0.0264,0.5736
DIAMONDS TWO CLUBS TWO,0.4144,0.0924,0.4932
DIAMONDS TWO CLUBS THREE,0.6074,0.064,0.3286
HEARTS SIX DIAMONDS TWO,0.6156,0.0652,0.3192
DIAMONDS TWO HEARTS QUEEN,0.447,0.012,0.541
DIAMONDS TWO HEARTS SEVEN,0.6218,0.0638,0.3144
DIAMONDS TWO HEARTS KING,0.4572,0.0104,0.5324
DIAMONDS TWO HEARTS EIGHT,0.3824,0.408,0.2096
DIAMONDS TWO HEARTS ACE,0.4384,0.0048,0.5568
DIAMONDS TWO HEARTS NINE,0.4482,0.0408,0.511
DIAMONDS TWO DIAMONDS QUEEN,0.4262,0.0132,0.5606
DIAMONDS TWO HEARTS TWO,0.4238,0.096,0.4802
DIAMONDS TWO DIAMONDS KING,0.4232,0.0102,0.5666
HEARTS THREE DIAMONDS TWO,0.6222,0.058,0.3198
DIAMONDS TWO DIAMONDS ACE,0.4204,0.0064,0.5732
HEARTS FOUR DIAMONDS TWO,0.629,0.064,0.307
DIAMONDS TWO HEARTS FIVE,0.6166,0.1424,0.241
SPADES SEVEN HEARTS ACE,0.4064,0.0048,0.5888
DIAMONDS TWO DIAMONDS TEN,0.4132,0.025,0.5618
SPADES SEVEN HEARTS KING,0.4168,0.0082,0.575
DIAMONDS TWO DIAMONDS JACK,0.4292,0.0164,0.5544
SPADES SEVEN HEARTS QUEEN,0.423,0.011,0.566
DIAMONDS TWO SPADES NINE,0.4458,0.0364,0.5178
DIAMONDS TWO SPADES EIGHT,0.3852,0.4102,0.2046
DIAMONDS TWO SPADES SEVEN,0.6352,0.0626,0.3022
DIAMONDS TWO SPADES SIX,0.6226,0.0652,0.3122
DIAMONDS TWO SPADES FIVE,0.6274,0.1426,0.23
DIAMONDS TWO SPADES FOUR,0.6224,0.0634,0.3142
DIAMONDS TWO SPADES THREE,0.6162,0.0668,0.317
DIAMONDS TWO SPADES TWO,0.4276,0.0984,0.474
DIAMONDS TWO CLUBS NINE,0.4282,0.0446,0.5272
CLUBS SEVEN DIAMONDS TWO,0.616,0.0644,0.3196
DIAMONDS TWO CLUBS SIX,0.6144,0.065,0.3206
DIAMONDS TWO CLUBS FOUR,0.6294,0.0644,0.3062
CLUBS FOUR SPADES FIVE,0.5988,0.1468,0.2544
CLUBS FOUR SPADES FOUR,0.4144,0.0932,0.4924
CLUBS FOUR SPADES THREE,0.6098,0.0704,0.3198
CLUBS FOUR SPADES TWO,0.6254,0.0686,0.306
CLUBS FOUR SPADES NINE,0.4406,0.0414,0.518
CLUBS FOUR SPADES EIGHT,0.3518,0.4416,0.2066
CLUBS FOUR SPADES SEVEN,0.6034,0.0642,0.3324
CLUBS FOUR SPADES SIX,0.592,0.0646,0.3434
SPADES ACE DIAMONDS SIX,0.4208,0.005,0.5742
SPADES QUEEN DIAMONDS SIX,0.424,0.0136,0.5624
SPADES KING DIAMONDS SIX,0.4228,0.0084,0.5688
SPADES TEN DIAMONDS SIX,0.4166,0.0242,0.5592
SPADES JACK DIAMONDS SIX,0.4252,0.0164,0.5584
SPADES QUEEN SPADES TWO,0.426,0.0118,0.5622
SPADES KING SPADES TWO,0.4208,0.0084,0.5708
SPADES ACE SPADES TWO,0.42,0.003,0.577
CLUBS JACK DIAMONDS JACK,0.2074,0.0396,0.753
CLUBS TEN DIAMONDS JACK,0.3604,0.014,0.6256
DIAMONDS JACK CLUBS KING,0.3726,0.008,0.6194
DIAMONDS JACK CLUBS QUEEN,0.3688,0.0118,0.6194
DIAMONDS THREE DIAMONDS JACK,0.439,0.017,0.544
DIAMONDS THREE DIAMONDS TEN,0.4288,0.025,0.5462
DIAMONDS JACK CLUBS ACE,0.358,0.0058,0.6362
DIAMONDS THREE DIAMONDS KING,0.4318,0.0088,0.5594
HEARTS THREE DIAMONDS THREE,0.4194,0.0908,0.4898
DIAMONDS THREE DIAMONDS QUEEN,0.4216,0.0104,0.568
DIAMONDS THREE HEARTS TWO,0.6224,0.0638,0.3138
HEARTS FIVE DIAMONDS THREE,0.6252,0.1406,0.2342
DIAMONDS THREE DIAMONDS ACE,0.414,0.0054,0.5806
HEARTS FOUR DIAMONDS THREE,0.6106,0.0684,0.321
DIAMONDS THREE HEARTS SEVEN,0.6108,0.067,0.3222
SPADES TEN SPADES NINE,0.3406,0.0244,0.635
HEARTS SIX DIAMONDS THREE,0.6064,0.0608,0.3328
SPADES JACK SPADES NINE,0.3462,0.0174,0.6364
DIAMONDS THREE HEARTS NINE,0.4478,0.0388,0.5134
HEARTS JACK DIAMONDS FOUR,0.4498,0.0162,0.534
HEARTS KING HEARTS ACE,0.361,0.0054,0.6336
SPADES TEN SPADES TWO,0.4158,0.03,0.5542
DIAMONDS THREE HEARTS EIGHT,0.384,0.411,0.205
HEARTS TEN DIAMONDS FOUR,0.4352,0.026,0.5388
SPADES JACK SPADES TWO,0.4242,0.0208,0.555
HEARTS QUEEN DIAMONDS FOUR,0.444,0.0136,0.5424
HEARTS KING DIAMONDS FOUR,0.4458,0.0082,0.546
SPADES ACE SPADES NINE,0.353,0.0052,0.6418
HEARTS ACE DIAMONDS FOUR,0.431,0.0042,0.5648
SPADES KING SPADES NINE,0.3826,0.0066,0.6108
SPADES QUEEN SPADES NINE,0.3616,0.0124,0.626
DIAMONDS THREE SPADES NINE,0.4496,0.0442,0.5062
DIAMONDS THREE SPADES EIGHT,0.379,0.428,0.193
DIAMONDS THREE SPADES SEVEN,0.624,0.0646,0.3114
DIAMONDS THREE SPADES SIX,0.6118,0.0634,0.3248
DIAMONDS THREE CLUBS SIX,0.597,0.0678,0.3352
CLUBS ACE DIAMONDS FOUR,0.413,0.0062,0.5808
CLUBS SEVEN DIAMONDS THREE,0.623,0.062,0.315
DIAMONDS THREE CLUBS FOUR,0.6146,0.0668,0.3186
DIAMONDS FOUR CLUBS QUEEN,0.4256,0.0112,0.5632
DIAMONDS FOUR CLUBS KING,0.426,0.0102,0.5638
DIAMONDS THREE CLUBS TWO,0.619,0.0672,0.3138
CLUBS TEN DIAMONDS FOUR,0.4288,0.029,0.5422
DIAMONDS THREE CLUBS THREE,0.4222,0.1008,0.477
CLUBS JACK DIAMONDS FOUR,0.43,0.0188,0.5512
DIAMONDS THREE SPADES FOUR,0.61,0.0634,0.3266
DIAMONDS THREE SPADES FIVE,0.6176,0.1498,0.2326
DIAMONDS THREE SPADES TWO,0.6018,0.0694,0.3288
DIAMONDS THREE SPADES THREE,0.407,0.0942,0.4988
CLUBS NINE DIAMONDS THREE,0.4426,0.043,0.5144
SPADES SEVEN CLUBS ACE,0.4008,0.004,0.5952
SPADES SEVEN CLUBS QUEEN,0.4106,0.0122,0.5772
SPADES SEVEN CLUBS KING,0.4046,0.0096,0.5858
CLUBS TEN SPADES SEVEN,0.3826,0.027,0.5904
CLUBS JACK SPADES SEVEN,0.3908,0.0196,0.5896
CLUBS ACE CLUBS QUEEN,0.3366,0.0048,0.6586
CLUBS KING CLUBS QUEEN,0.35,0.008,0.642
DIAMONDS TEN DIAMONDS FOUR,0.4232,0.0254,0.5514
CLUBS TEN DIAMONDS NINE,0.3402,0.0222,0.6376
DIAMONDS JACK DIAMONDS FOUR,0.4212,0.0168,0.562
CLUBS JACK DIAMONDS NINE,0.3742,0.0174,0.6084
CLUBS JACK SPADES NINE,0.3646,0.0174,0.618
CLUBS TEN SPADES NINE,0.3502,0.024,0.6258
DIAMONDS ACE DIAMONDS FOUR,0.4062,0.0052,0.5886
HEARTS FOUR DIAMONDS FOUR,0.4092,0.0962,0.4946
DIAMONDS JACK HEARTS TEN,0.3822,0.0136,0.6042
SPADES NINE CLUBS KING,0.3802,0.0064,0.6134
DIAMONDS TWO SPADES TEN,0.461,0.0262,0.5128
DIAMONDS NINE CLUBS ACE,0.3718,0.005,0.6232
HEARTS FIVE DIAMONDS FOUR,0.6138,0.1372,0.249
HEARTS JACK DIAMONDS JACK,0.2134,0.0386,0.748
SPADES NINE CLUBS QUEEN,0.3802,0.0122,0.6076
DIAMONDS TWO SPADES JACK,0.4572,0.02,0.5228
DIAMONDS QUEEN DIAMONDS FOUR,0.4278,0.012,0.5602
HEARTS TWO DIAMONDS FOUR,0.6176,0.0702,0.3122
DIAMONDS NINE CLUBS QUEEN,0.3644,0.0118,0.6238
DIAMONDS KING DIAMONDS FOUR,0.419,0.006,0.575
HEARTS THREE DIAMONDS FOUR,0.6246,0.0672,0.3082
SPADES NINE CLUBS ACE,0.378,0.0044,0.6176
DIAMONDS NINE CLUBS KING,0.3666,0.0078,0.6256
HEARTS ACE DIAMONDS JACK,0.3894,0.006,0.6046
SPADES ACE DIAMONDS TWO,0.4434,0.0062,0.5504
DIAMONDS JACK HEARTS QUEEN,0.3888,0.0102,0.601
SPADES QUEEN DIAMONDS TWO,0.4612,0.0156,0.5232
HEARTS KING DIAMONDS JACK,0.3826,0.0054,0.612
SPADES KING DIAMONDS TWO,0.4472,0.011,0.5418
SPADES JACK SPADES SEVEN,0.3946,0.018,0.5874
SPADES TEN SPADES SEVEN,0.3936,0.025,0.5814
CLUBS SEVEN CLUBS THREE,0.6096,0.0614,0.329
CLUBS SIX CLUBS THREE,0.6002,0.0678,0.332
CLUBS FOUR CLUBS THREE,0.5978,0.0752,0.327
CLUBS NINE CLUBS THREE,0.4116,0.049,0.5394
CLUBS THREE SPADES FIVE,0.6168,0.1554,0.2278
CLUBS THREE SPADES FOUR,0.6052,0.0646,0.3302
CLUBS THREE SPADES THREE,0.4166,0.0952,0.4882
CLUBS THREE SPADES TWO,0.6146,0.065,0.3204
CLUBS THREE SPADES SIX,0.6052,0.0598,0.335
SPADES SEVEN CLUBS THREE,0.6214,0.0578,0.3208
SPADES EIGHT CLUBS THREE,0.3754,0.4192,0.2054
SPADES NINE CLUBS THREE,0.4304,0.0422,0.5274
SPADES TWO DIAMONDS FOUR,0.6098,0.0654,0.3248
SPADES THREE DIAMONDS FOUR,0.6322,0.061,0.3068
SPADES FOUR DIAMONDS FOUR,0.4066,0.088,0.5054
SPADES FIVE DIAMONDS FOUR,0.584,0.1454,0.2706
SPADES SIX DIAMONDS FOUR,0.6032,0.0628,0.334
SPADES SEVEN DIAMONDS FOUR,0.6144,0.0632,0.3224
SPADES EIGHT DIAMONDS FOUR,0.3644,0.4252,0.2104
SPADES NINE DIAMONDS FOUR,0.4522,0.044,0.5038
CLUBS FOUR DIAMONDS FOUR,0.4004,0.0908,0.5088
CLUBS SEVEN DIAMONDS FOUR,0.5954,0.0684,0.3362
CLUBS SIX DIAMONDS FOUR,0.579,0.0704,0.3506
CLUBS NINE DIAMONDS FOUR,0.4228,0.0446,0.5326
DIAMONDS FOUR HEARTS SEVEN,0.6112,0.068,0.3208
HEARTS SIX DIAMONDS FOUR,0.5996,0.0612,0.3392
HEARTS NINE DIAMONDS FOUR,0.4496,0.0448,0.5056
DIAMONDS FOUR HEARTS EIGHT,0.3712,0.4232,0.2056
CLUBS THREE DIAMONDS FOUR,0.6138,0.0614,0.3248
CLUBS TWO DIAMONDS FOUR,0.6182,0.064,0.3178
DIAMONDS TEN DIAMONDS FIVE,0.2876,0.0682,0.6442
DIAMONDS JACK DIAMONDS FIVE,0.304,0.0616,0.6344
DIAMONDS NINE HEARTS QUEEN,0.3848,0.0122,0.603
HEARTS KING DIAMONDS NINE,0.3978,0.0076,0.5946
DIAMONDS NINE HEARTS ACE,0.3836,0.0042,0.6122
DIAMONDS NINE HEARTS TEN,0.3704,0.0234,0.6062
DIAMONDS NINE HEARTS JACK,0.3758,0.018,0.6062
CLUBS KING DIAMONDS SIX,0.408,0.0092,0.5828
CLUBS QUEEN DIAMONDS SIX,0.404,0.013,0.583
CLUBS ACE DIAMONDS SIX,0.3926,0.0054,0.602
SPADES KING DIAMONDS FOUR,0.4454,0.0094,0.5452
SPADES ACE SPADES SEVEN,0.381,0.0038,0.6152
SPADES QUEEN DIAMONDS FOUR,0.4378,0.0166,0.5456
SPADES QUEEN SPADES SEVEN,0.3988,0.0116,0.5896
CLUBS JACK DIAMONDS SIX,0.4198,0.0196,0.5606
SPADES KING SPADES SEVEN,0.3902,0.0058,0.604
SPADES ACE DIAMONDS FOUR,0.4464,0.0034,0.5502
CLUBS TEN DIAMONDS SIX,0.4002,0.029,0.5708
CLUBS NINE CLUBS FOUR,0.3926,0.046,0.5614
SPADES JACK DIAMONDS FOUR,0.4358,0.0188,0.5454
SPADES TEN DIAMONDS FOUR,0.436,0.0226,0.5414
CLUBS SEVEN CLUBS FOUR,0.615,0.0674,0.3176
CLUBS FOUR CLUBS SIX,0.5852,0.0698,0.345
CLUBS SEVEN SPADES EIGHT,0.2638,0.2682,0.468
CLUBS SEVEN SPADES NINE,0.3894,0.0366,0.574
CLUBS SEVEN SPADES SIX,0.556,0.0616,0.3824
CLUBS SEVEN SPADES SEVEN,0.2936,0.0796,0.6268
CLUBS SEVEN SPADES FIVE,0.6128,0.1408,0.2464
CLUBS SEVEN SPADES FOUR,0.5998,0.0582,0.342
CLUBS SEVEN SPADES THREE,0.6136,0.0614,0.325
CLUBS SEVEN SPADES TWO,0.6242,0.0664,0.3094
CLUBS SEVEN CLUBS NINE,0.3358,0.0394,0.6248
HEARTS SIX DIAMONDS FIVE,0.6168,0.1328,0.2504
DIAMONDS FIVE HEARTS SEVEN,0.6184,0.1474,0.2342
DIAMONDS FIVE HEARTS EIGHT,0.0738,0.9018,0.0244
HEARTS NINE DIAMONDS FIVE,0.2956,0.1092,0.5952
DIAMONDS QUEEN DIAMONDS FIVE,0.2966,0.045,0.6584
HEARTS TWO DIAMONDS FIVE,0.6218,0.1546,0.2236
HEARTS KING HEARTS EIGHT,0.278,0.0354,0.6866
DIAMONDS KING DIAMONDS FIVE,0.2916,0.0294,0.679
HEARTS THREE DIAMONDS FIVE,0.6104,0.1422,0.2474
HEARTS QUEEN HEARTS EIGHT,0.2902,0.0398,0.67
DIAMONDS ACE DIAMONDS FIVE,0.294,0.0208,0.6852
HEARTS FOUR DIAMONDS FIVE,0.6,0.1376,0.2624
HEARTS FIVE DIAMONDS FIVE,0.319,0.0776,0.6034
HEARTS ACE HEARTS EIGHT,0.2798,0.0256,0.6946
CLUBS FOUR DIAMONDS FIVE,0.605,0.1412,0.2538
CLUBS SIX DIAMONDS FIVE,0.6008,0.1398,0.2594
CLUBS SEVEN DIAMONDS FIVE,0.6268,0.1364,0.2368
CLUBS TWO DIAMONDS FIVE,0.6024,0.1504,0.2472
CLUBS THREE DIAMONDS FIVE,0.624,0.141,0.235
SPADES THREE DIAMONDS FIVE,0.6112,0.1534,0.2354
SPADES TWO DIAMONDS FIVE,0.6246,0.1428,0.2326
SPADES JACK DIAMONDS EIGHT,0.307,0.0596,0.6334
SPADES FIVE DIAMONDS FIVE,0.3214,0.0742,0.6044
CLUBS TEN HEARTS JACK,0.3636,0.0132,0.6232
SPADES TEN DIAMONDS EIGHT,0.2828,0.079,0.6382
SPADES FOUR DIAMONDS FIVE,0.598,0.1474,0.2546
CLUBS JACK HEARTS JACK,0.1922,0.0386,0.7692
HEARTS JACK CLUBS QUEEN,0.3718,0.0094,0.6188
CLUBS NINE DIAMONDS FIVE,0.2792,0.1106,0.6102
HEARTS JACK CLUBS KING,0.3748,0.0064,0.6188
HEARTS JACK CLUBS ACE,0.3728,0.0042,0.623
SPADES SEVEN DIAMONDS FIVE,0.62,0.1386,0.2414
SPADES KING DIAMONDS EIGHT,0.2968,0.035,0.6682
SPADES QUEEN DIAMONDS EIGHT,0.3056,0.0466,0.6478
SPADES SIX DIAMONDS FIVE,0.6132,0.138,0.2488
SPADES NINE DIAMONDS FIVE,0.294,0.104,0.602
SPADES EIGHT DIAMONDS FIVE,0.0654,0.9156,0.019
SPADES ACE DIAMONDS EIGHT,0.3004,0.0286,0.671
DIAMONDS TEN DIAMONDS SIX,0.3796,0.0294,0.591
HEARTS ACE DIAMONDS SEVEN,0.4086,0.0048,0.5866
DIAMONDS JACK DIAMONDS SIX,0.3872,0.0164,0.5964
HEARTS QUEEN DIAMONDS SEVEN,0.421,0.01,0.569
HEARTS KING DIAMONDS SEVEN,0.414,0.009,0.577
DIAMONDS ACE DIAMONDS SIX,0.3882,0.0042,0.6076
HEARTS FOUR DIAMONDS SIX,0.5972,0.0624,0.3404
HEARTS JACK SPADES TWO,0.4482,0.0182,0.5336
HEARTS FIVE DIAMONDS SIX,0.6124,0.1362,0.2514
SPADES TWO HEARTS TEN,0.4578,0.0292,0.513
DIAMONDS QUEEN DIAMONDS SIX,0.3962,0.0114,0.5924
HEARTS TWO DIAMONDS SIX,0.6122,0.0656,0.3222
DIAMONDS KING DIAMONDS SIX,0.3964,0.0076,0.596
HEARTS THREE DIAMONDS SIX,0.6094,0.067,0.3236
HEARTS EIGHT DIAMONDS SIX,0.2646,0.3524,0.383
HEARTS NINE DIAMONDS SIX,0.4026,0.042,0.5554
HEARTS SIX DIAMONDS SIX,0.287,0.0776,0.6354
HEARTS SEVEN DIAMONDS SIX,0.5568,0.0614,0.3818
HEARTS TEN DIAMONDS SEVEN,0.3974,0.0218,0.5808
CLUBS TWO DIAMONDS SIX,0.6192,0.0686,0.3122
HEARTS JACK DIAMONDS SEVEN,0.3964,0.0178,0.5858
CLUBS THREE DIAMONDS SIX,0.6124,0.064,0.3236
CLUBS SEVEN DIAMONDS SIX,0.55,0.0652,0.3848
CLUBS JACK DIAMONDS EIGHT,0.283,0.0602,0.6568
CLUBS SIX DIAMONDS SIX,0.2992,0.0838,0.617
CLUBS TEN DIAMONDS EIGHT,0.2696,0.078,0.6524
CLUBS FOUR DIAMONDS SIX,0.6002,0.0634,0.3364
HEARTS ACE HEARTS JACK,0.3592,0.0054,0.6354
DIAMONDS EIGHT CLUBS ACE,0.2776,0.03,0.6924
HEARTS JACK HEARTS QUEEN,0.3572,0.0062,0.6366
DIAMONDS EIGHT CLUBS KING,0.28,0.035,0.685
CLUBS NINE DIAMONDS SIX,0.3832,0.0456,0.5712
HEARTS KING HEARTS JACK,0.3622,0.0064,0.6314
DIAMONDS EIGHT CLUBS QUEEN,0.285,0.0456,0.6694
SPADES TEN HEARTS KING,0.381,0.0052,0.6138
SPADES FIVE DIAMONDS SIX,0.618,0.1392,0.2428
HEARTS ACE SPADES TWO,0.4366,0.0042,0.5592
SPADES JACK HEARTS KING,0.38,0.0056,0.6144
SPADES FOUR DIAMONDS SIX,0.5954,0.0642,0.3404
SPADES THREE DIAMONDS SIX,0.6164,0.0638,0.3198
HEARTS QUEEN SPADES TWO,0.4476,0.0176,0.5348
SPADES ACE SPADES KING,0.3594,0.0044,0.6362
HEARTS KING SPADES TWO,0.452,0.0108,0.5372
SPADES TWO DIAMONDS SIX,0.6162,0.0656,0.3182
HEARTS TEN HEARTS EIGHT,0.2662,0.0766,0.6572
SPADES NINE DIAMONDS SIX,0.4064,0.0392,0.5544
HEARTS JACK HEARTS EIGHT,0.2668,0.0556,0.6776
SPADES EIGHT DIAMONDS SIX,0.2606,0.354,0.3854
SPADES SEVEN DIAMONDS SIX,0.5618,0.055,0.3832
SPADES SIX DIAMONDS SIX,0.308,0.0872,0.6048
SPADES KING HEARTS KING,0.1992,0.0154,0.7854
SPADES QUEEN HEARTS KING,0.4024,0.005,0.5926
CLUBS ACE CLUBS KING,0.3382,0.0056,0.6562
SPADES ACE HEARTS KING,0.402,0.0046,0.5934
SPADES ACE HEARTS JACK,0.3822,0.003,0.6148
SPADES QUEEN HEARTS JACK,0.385,0.0108,0.6042
SPADES KING HEARTS JACK,0.3876,0.0044,0.608
SPADES TEN DIAMONDS TEN,0.2124,0.0488,0.7388
SPADES JACK DIAMONDS TEN,0.3824,0.0124,0.6052
SPADES ACE DIAMONDS TEN,0.3866,0.0038,0.6096
SPADES JACK HEARTS JACK,0.2192,0.0358,0.745
SPADES TEN HEARTS JACK,0.3736,0.0156,0.6108
SPADES QUEEN DIAMONDS TEN,0.3748,0.0088,0.6164
SPADES KING DIAMONDS TEN,0.3952,0.006,0.5988
SPADES NINE DIAMONDS SEVEN,0.382,0.0388,0.5792
SPADES EIGHT DIAMONDS SEVEN,0.2688,0.2742,0.457
SPADES SEVEN DIAMONDS SEVEN,0.291,0.0832,0.6258
SPADES SIX DIAMONDS SEVEN,0.5576,0.0604,0.382
DIAMONDS KING DIAMONDS SEVEN,0.3888,0.008,0.6032
HEARTS THREE DIAMONDS SEVEN,0.617,0.067,0.316
HEARTS KING DIAMONDS FIVE,0.2984,0.0332,0.6684
DIAMONDS QUEEN DIAMONDS SEVEN,0.3864,0.0136,0.6
HEARTS TWO DIAMONDS SEVEN,0.6188,0.0708,0.3104
HEARTS QUEEN DIAMONDS FIVE,0.314,0.0466,0.6394
HEARTS FIVE DIAMONDS SEVEN,0.6214,0.1414,0.2372
DIAMONDS ACE DIAMONDS SEVEN,0.3864,0.003,0.6106
HEARTS FOUR DIAMONDS SEVEN,0.601,0.0618,0.3372
HEARTS ACE DIAMONDS FIVE,0.3014,0.023,0.6756
HEARTS SEVEN DIAMONDS SEVEN,0.2972,0.0778,0.625
HEARTS SIX DIAMONDS SEVEN,0.5602,0.0646,0.3752
HEARTS NINE DIAMONDS SEVEN,0.3956,0.0366,0.5678
DIAMONDS SEVEN HEARTS EIGHT,0.2622,0.2728,0.465
DIAMONDS JACK DIAMONDS SEVEN,0.3996,0.0192,0.5812
HEARTS JACK DIAMONDS FIVE,0.3042,0.0612,0.6346
DIAMONDS TEN DIAMONDS SEVEN,0.3798,0.0258,0.5944
DIAMONDS FIVE HEARTS TEN,0.3022,0.0804,0.6174
SPADES KING CLUBS TWO,0.4528,0.0074,0.5398
HEARTS KING CLUBS KING,0.2036,0.0164,0.78
SPADES QUEEN CLUBS TWO,0.4428,0.0126,0.5446
HEARTS KING CLUBS QUEEN,0.3828,0.0088,0.6084
CLUBS NINE DIAMONDS SEVEN,0.3684,0.0402,0.5914
CLUBS JACK SPADES TWO,0.44,0.0198,0.5402
SPADES ACE CLUBS TWO,0.4286,0.0034,0.568
CLUBS TEN SPADES TWO,0.4366,0.027,0.5364
HEARTS KING CLUBS ACE,0.3834,0.005,0.6116
CLUBS SEVEN CLUBS SIX,0.5382,0.0706,0.3912
SPADES TWO CLUBS KING,0.4516,0.0084,0.54
SPADES TWO DIAMONDS SEVEN,0.6364,0.0588,0.3048
SPADES THREE DIAMONDS SEVEN,0.6314,0.0564,0.3122
SPADES TWO CLUBS QUEEN,0.4402,0.0108,0.549
CLUBS NINE CLUBS SIX,0.3526,0.0412,0.6062
SPADES FOUR DIAMONDS SEVEN,0.5976,0.0622,0.3402
CLUBS JACK HEARTS KING,0.369,0.0066,0.6244
SPADES FIVE DIAMONDS SEVEN,0.6284,0.1358,0.2358
SPADES TWO CLUBS ACE,0.429,0.0052,0.5658
CLUBS TEN HEARTS KING,0.3684,0.0082,0.6234
CLUBS SIX SPADES TWO,0.634,0.0634,0.3026
CLUBS SIX SPADES THREE,0.6034,0.0606,0.336
CLUBS TWO DIAMONDS SEVEN,0.6304,0.0676,0.302
CLUBS SIX SPADES FOUR,0.5828,0.061,0.3562
CLUBS THREE DIAMONDS SEVEN,0.6202,0.0594,0.3204
CLUBS SIX SPADES FIVE,0.5998,0.1386,0.2616
CLUBS FOUR DIAMONDS SEVEN,0.5962,0.0696,0.3342
CLUBS SIX SPADES SIX,0.3034,0.0836,0.613
CLUBS SIX SPADES SEVEN,0.55,0.0634,0.3866
CLUBS SIX DIAMONDS SEVEN,0.5366,0.07,0.3934
CLUBS SIX SPADES EIGHT,0.2578,0.3612,0.381
SPADES JACK CLUBS TWO,0.4436,0.0158,0.5406
CLUBS SEVEN DIAMONDS SEVEN,0.287,0.0886,0.6244
SPADES NINE CLUBS SIX,0.3884,0.0372,0.5744
SPADES TEN CLUBS TWO,0.4524,0.0286,0.519
CLUBS TWO CLUBS QUEEN,0.4048,0.0126,0.5826
CLUBS TWO CLUBS KING,0.3974,0.0098,0.5928
CLUBS THREE DIAMONDS EIGHT,0.3624,0.4316,0.206
CLUBS TWO CLUBS ACE,0.3986,0.0072,0.5942
CLUBS TWO DIAMONDS EIGHT,0.3758,0.4222,0.202
DIAMONDS EIGHT HEARTS SEVEN,0.272,0.2822,0.4458
HEARTS SIX DIAMONDS EIGHT,0.272,0.3486,0.3794
DIAMONDS EIGHT HEARTS NINE,0.2788,0.095,0.6262
CLUBS TEN CLUBS TWO,0.4026,0.0328,0.5646
DIAMONDS EIGHT HEARTS EIGHT,0.1576,0.0858,0.7566
CLUBS JACK CLUBS TWO,0.409,0.0188,0.5722
CLUBS NINE DIAMONDS EIGHT,0.2604,0.1004,0.6392
SPADES ACE SPADES THREE,0.4108,0.0042,0.585
CLUBS FOUR DIAMONDS EIGHT,0.3558,0.4318,0.2124
CLUBS SEVEN DIAMONDS EIGHT,0.2534,0.2898,0.4568
SPADES QUEEN SPADES THREE,0.4164,0.0126,0.571
CLUBS SIX DIAMONDS EIGHT,0.2518,0.3652,0.383
SPADES KING SPADES THREE,0.4244,0.0082,0.5674
DIAMONDS QUEEN DIAMONDS EIGHT,0.2854,0.0434,0.6712
HEARTS TWO DIAMONDS EIGHT,0.388,0.414,0.198
DIAMONDS KING DIAMONDS EIGHT,0.2922,0.0324,0.6754
HEARTS THREE DIAMONDS EIGHT,0.372,0.4152,0.2128
DIAMONDS ACE DIAMONDS EIGHT,0.2906,0.0246,0.6848
HEARTS FOUR DIAMONDS EIGHT,0.3628,0.4302,0.207
HEARTS FIVE DIAMONDS EIGHT,0.067,0.9096,0.0234
DIAMONDS EIGHT DIAMONDS TEN,0.2702,0.0772,0.6526
DIAMONDS EIGHT DIAMONDS JACK,0.2868,0.0564,0.6568
SPADES JACK SPADES THREE,0.4336,0.018,0.5484
SPADES TEN SPADES THREE,0.4252,0.0264,0.5484
CLUBS FOUR HEARTS ACE,0.4166,0.0066,0.5768
CLUBS FOUR HEARTS QUEEN,0.4236,0.0146,0.5618
CLUBS FOUR HEARTS KING,0.434,0.0082,0.5578
CLUBS SIX HEARTS TEN,0.3884,0.028,0.5836
CLUBS SIX HEARTS JACK,0.4188,0.0196,0.5616
DIAMONDS EIGHT SPADES FOUR,0.369,0.4282,0.2028
SPADES FIVE DIAMONDS EIGHT,0.0726,0.9042,0.0232
DIAMONDS EIGHT SPADES TWO,0.3762,0.408,0.2158
DIAMONDS EIGHT SPADES THREE,0.3802,0.4206,0.1992
CLUBS FOUR HEARTS JACK,0.4328,0.0186,0.5486
SPADES EIGHT DIAMONDS EIGHT,0.1616,0.084,0.7544
SPADES TEN DIAMONDS QUEEN,0.3862,0.0082,0.6056
SPADES TEN HEARTS TWO,0.4542,0.024,0.5218
SPADES JACK HEARTS EIGHT,0.2864,0.0606,0.653
CLUBS FOUR HEARTS TEN,0.4298,0.027,0.5432
SPADES NINE DIAMONDS EIGHT,0.2888,0.1016,0.6096
SPADES TEN HEARTS EIGHT,0.282,0.0752,0.6428
SPADES JACK HEARTS TWO,0.4396,0.0216,0.5388
SPADES JACK DIAMONDS QUEEN,0.3792,0.011,0.6098
SPADES SIX DIAMONDS EIGHT,0.2732,0.356,0.3708
SPADES SEVEN DIAMONDS EIGHT,0.2744,0.2826,0.443
SPADES ACE HEARTS TWO,0.4482,0.004,0.5478
SPADES ACE DIAMONDS QUEEN,0.3882,0.0044,0.6074
SPADES ACE HEARTS EIGHT,0.2966,0.0272,0.6762
SPADES KING HEARTS EIGHT,0.3014,0.0348,0.6638
SPADES QUEEN HEARTS TWO,0.453,0.0096,0.5374
SPADES QUEEN DIAMONDS QUEEN,0.2084,0.0248,0.7668
SPADES KING DIAMONDS QUEEN,0.387,0.0056,0.6074
SPADES KING HEARTS TWO,0.4638,0.0096,0.5266
SPADES QUEEN HEARTS EIGHT,0.3056,0.0434,0.651
CLUBS TWO HEARTS TEN,0.4412,0.0286,0.5302
CLUBS TWO HEARTS JACK,0.4534,0.0222,0.5244
SPADES SEVEN DIAMONDS NINE,0.3912,0.0372,0.5716
SPADES SIX DIAMONDS NINE,0.3914,0.041,0.5676
SPADES NINE DIAMONDS NINE,0.1982,0.0542,0.7476
SPADES EIGHT DIAMONDS NINE,0.2834,0.1016,0.615
SPADES TEN CLUBS KING,0.3796,0.0098,0.6106
DIAMONDS NINE SPADES THREE,0.4458,0.0446,0.5096
SPADES JACK CLUBS KING,0.3728,0.0052,0.622
DIAMONDS NINE SPADES TWO,0.4558,0.0392,0.505
DIAMONDS NINE SPADES FIVE,0.2942,0.1066,0.5992
DIAMONDS NINE SPADES FOUR,0.4556,0.041,0.5034
CLUBS NINE DIAMONDS NINE,0.1808,0.0648,0.7544
CLUBS SIX DIAMONDS NINE,0.382,0.039,0.579
SPADES JACK CLUBS FOUR,0.432,0.0216,0.5464
CLUBS SEVEN DIAMONDS NINE,0.3714,0.0424,0.5862
SPADES TEN CLUBS FOUR,0.4328,0.025,0.5422
CLUBS FOUR DIAMONDS NINE,0.4286,0.0414,0.53
CLUBS TWO DIAMONDS NINE,0.4508,0.0444,0.5048
CLUBS THREE DIAMONDS NINE,0.44,0.0442,0.5158
DIAMONDS NINE HEARTS EIGHT,0.285,0.097,0.618
DIAMONDS NINE HEARTS NINE,0.2064,0.0578,0.7358
HEARTS SIX DIAMONDS NINE,0.3922,0.0396,0.5682
DIAMONDS NINE HEARTS SEVEN,0.3822,0.0382,0.5796
DIAMONDS ACE DIAMONDS NINE,0.3678,0.0054,0.6268
HEARTS FOUR DIAMONDS NINE,0.4442,0.0464,0.5094
HEARTS FIVE DIAMONDS NINE,0.2926,0.1016,0.6058
CLUBS TWO HEARTS ACE,0.4404,0.0032,0.5564
SPADES ACE CLUBS FOUR,0.4212,0.0042,0.5746
DIAMONDS QUEEN DIAMONDS NINE,0.3794,0.013,0.6076
HEARTS TWO DIAMONDS NINE,0.4512,0.0494,0.4994
CLUBS TWO HEARTS KING,0.4408,0.0112,0.548
SPADES KING CLUBS FOUR,0.4276,0.0102,0.5622
DIAMONDS KING DIAMONDS NINE,0.3728,0.007,0.6202
HEARTS THREE DIAMONDS NINE,0.4452,0.0388,0.516
CLUBS TWO HEARTS QUEEN,0.448,0.0154,0.5366
SPADES QUEEN CLUBS FOUR,0.4358,0.0116,0.5526
DIAMONDS NINE DIAMONDS JACK,0.3552,0.0166,0.6282
DIAMONDS NINE DIAMONDS TEN,0.3502,0.0212,0.6286
HEARTS SIX DIAMONDS TEN,0.403,0.0286,0.5684
DIAMONDS TEN HEARTS SEVEN,0.396,0.024,0.58
DIAMONDS TEN HEARTS EIGHT,0.297,0.075,0.628
CLUBS JACK CLUBS FOUR,0.395,0.0192,0.5858
DIAMONDS TEN HEARTS NINE,0.3594,0.0278,0.6128
CLUBS TEN CLUBS FOUR,0.392,0.0288,0.5792
CLUBS FOUR CLUBS KING,0.387,0.0086,0.6044
CLUBS FOUR CLUBS QUEEN,0.3938,0.0118,0.5944
CLUBS TWO DIAMONDS TEN,0.454,0.027,0.519
CLUBS THREE DIAMONDS TEN,0.4448,0.0318,0.5234
CLUBS FOUR CLUBS ACE,0.3816,0.0064,0.612
DIAMONDS JACK DIAMONDS TEN,0.3544,0.012,0.6336
DIAMONDS QUEEN DIAMONDS TEN,0.3402,0.0104,0.6494
HEARTS TWO DIAMONDS TEN,0.444,0.0282,0.5278
DIAMONDS KING DIAMONDS TEN,0.3698,0.0054,0.6248
HEARTS THREE DIAMONDS TEN,0.461,0.0258,0.5132
DIAMONDS ACE DIAMONDS TEN,0.355,0.0038,0.6412
HEARTS FOUR DIAMONDS TEN,0.443,0.029,0.528
HEARTS FIVE DIAMONDS TEN,0.313,0.0702,0.6168
CLUBS NINE SPADES THREE,0.4346,0.0366,0.5288
CLUBS NINE SPADES TWO,0.4434,0.0426,0.514
CLUBS NINE SPADES FIVE,0.2866,0.108,0.6054
CLUBS NINE SPADES FOUR,0.4166,0.0372,0.5462
CLUBS NINE SPADES SEVEN,0.3884,0.0386,0.573
CLUBS NINE SPADES SIX,0.384,0.046,0.57
CLUBS NINE SPADES NINE,0.1862,0.0572,0.7566
CLUBS TEN HEARTS EIGHT,0.2686,0.0778,0.6536
CLUBS NINE SPADES EIGHT,0.2648,0.1102,0.625
CLUBS JACK HEARTS EIGHT,0.2792,0.064,0.6568
CLUBS QUEEN HEARTS EIGHT,0.2808,0.0462,0.673
CLUBS KING HEARTS EIGHT,0.294,0.0372,0.6688
CLUBS ACE HEARTS EIGHT,0.2816,0.0302,0.6882
SPADES KING CLUBS KING,0.1856,0.015,0.7994
SPADES QUEEN CLUBS KING,0.3804,0.0052,0.6144
SPADES ACE CLUBS KING,0.3892,0.0042,0.6066
DIAMONDS ACE HEARTS TEN,0.3912,0.0058,0.603
HEARTS FOUR HEARTS TEN,0.4208,0.0262,0.553
DIAMONDS ACE HEARTS JACK,0.3952,0.0032,0.6016
HEARTS FOUR HEARTS JACK,0.4178,0.0156,0.5666
DIAMONDS JACK HEARTS SEVEN,0.4196,0.0166,0.5638
HEARTS SIX DIAMONDS JACK,0.4254,0.0172,0.5574
DIAMONDS JACK HEARTS NINE,0.3706,0.0158,0.6136
DIAMONDS JACK HEARTS EIGHT,0.2866,0.0558,0.6576
DIAMONDS KING DIAMONDS JACK,0.375,0.0058,0.6192
HEARTS THREE DIAMONDS JACK,0.4586,0.0192,0.5222
SPADES ACE SPADES SIX,0.3942,0.0036,0.6022
HEARTS ACE SPADES FOUR,0.4222,0.0044,0.5734
DIAMONDS QUEEN DIAMONDS JACK,0.3756,0.009,0.6154
HEARTS TWO DIAMONDS JACK,0.4548,0.019,0.5262
HEARTS FIVE DIAMONDS JACK,0.3124,0.0596,0.628
SPADES QUEEN SPADES SIX,0.3928,0.0114,0.5958
SPADES FOUR HEARTS QUEEN,0.4376,0.0088,0.5536
DIAMONDS ACE DIAMONDS JACK,0.3712,0.0062,0.6226
HEARTS FOUR DIAMONDS JACK,0.4436,0.0168,0.5396
SPADES KING SPADES SIX,0.391,0.006,0.603
HEARTS KING SPADES FOUR,0.4398,0.012,0.5482
SPADES TEN SPADES SIX,0.3838,0.0214,0.5948
SPADES JACK SPADES SIX,0.3942,0.0172,0.5886
SPADES FOUR DIAMONDS JACK,0.4442,0.021,0.5348
SPADES FIVE DIAMONDS JACK,0.3098,0.058,0.6322
DIAMONDS JACK SPADES TWO,0.458,0.0192,0.5228
DIAMONDS JACK SPADES THREE,0.4478,0.0184,0.5338
SPADES ACE DIAMONDS THREE,0.4398,0.0052,0.555
SPADES QUEEN DIAMONDS THREE,0.4428,0.0096,0.5476
SPADES KING DIAMONDS THREE,0.4486,0.0088,0.5426
CLUBS NINE DIAMONDS JACK,0.3662,0.0178,0.616
CLUBS SIX DIAMONDS JACK,0.415,0.0166,0.5684
CLUBS SEVEN DIAMONDS JACK,0.3918,0.0196,0.5886
CLUBS FOUR DIAMONDS JACK,0.442,0.018,0.54
CLUBS TWO DIAMONDS JACK,0.4412,0.0168,0.542
CLUBS THREE DIAMONDS JACK,0.4384,0.0212,0.5404
HEARTS SIX SPADES JACK,0.4234,0.014,0.5626
HEARTS SIX SPADES TEN,0.4098,0.0228,0.5674
SPADES JACK DIAMONDS THREE,0.4464,0.0206,0.533
CLUBS SEVEN CLUBS ACE,0.3654,0.005,0.6296
DIAMONDS THREE SPADES TEN,0.4532,0.028,0.5188
CLUBS SEVEN CLUBS QUEEN,0.3718,0.013,0.6152
CLUBS SEVEN CLUBS KING,0.3702,0.0074,0.6224
SPADES NINE DIAMONDS JACK,0.3734,0.0154,0.6112
CLUBS TEN CLUBS SEVEN,0.3416,0.023,0.6354
DIAMONDS ACE HEARTS ACE,0.2042,0.0032,0.7926
HEARTS FOUR HEARTS ACE,0.4014,0.005,0.5936
SPADES EIGHT DIAMONDS JACK,0.3008,0.0556,0.6436
SPADES ACE HEARTS SIX,0.406,0.0042,0.5898
CLUBS JACK CLUBS SEVEN,0.3634,0.0188,0.6178
DIAMONDS ACE HEARTS KING,0.3934,0.0046,0.602
HEARTS FOUR HEARTS KING,0.4198,0.0108,0.5694
SPADES SEVEN DIAMONDS JACK,0.4084,0.015,0.5766
SPADES KING HEARTS SIX,0.4108,0.008,0.5812
DIAMONDS ACE HEARTS QUEEN,0.3996,0.0056,0.5948
HEARTS FOUR HEARTS QUEEN,0.4214,0.012,0.5666
SPADES QUEEN HEARTS SIX,0.411,0.0096,0.5794
SPADES SIX DIAMONDS JACK,0.4226,0.019,0.5584
DIAMONDS TEN SPADES TWO,0.4404,0.0246,0.535
SPADES THREE DIAMONDS TEN,0.4502,0.027,0.5228
SPADES FOUR DIAMONDS TEN,0.4418,0.0296,0.5286
SPADES FIVE DIAMONDS TEN,0.3052,0.0752,0.6196
SPADES SIX DIAMONDS TEN,0.4024,0.0266,0.571
SPADES SEVEN DIAMONDS TEN,0.3964,0.0262,0.5774
SPADES EIGHT DIAMONDS TEN,0.2754,0.0752,0.6494
SPADES NINE DIAMONDS TEN,0.3718,0.023,0.6052
CLUBS FOUR DIAMONDS TEN,0.4514,0.028,0.5206
CLUBS SIX DIAMONDS TEN,0.3914,0.0278,0.5808
CLUBS SEVEN DIAMONDS TEN,0.3816,0.0256,0.5928
CLUBS NINE DIAMONDS TEN,0.3472,0.0222,0.6306
CLUBS JACK DIAMONDS THREE,0.4282,0.0212,0.5506
CLUBS TEN DIAMONDS THREE,0.4402,0.028,0.5318
DIAMONDS THREE CLUBS KING,0.434,0.0064,0.5596
DIAMONDS THREE CLUBS QUEEN,0.4336,0.0124,0.554
DIAMONDS THREE CLUBS ACE,0.4368,0.0054,0.5578
SPADES FOUR HEARTS JACK,0.451,0.016,0.533
SPADES FOUR HEARTS TEN,0.4458,0.0286,0.5256
SPADES FIVE SPADES TWO,0.5768,0.1404,0.2828
SPADES FOUR SPADES TWO,0.5812,0.0632,0.3556
SPADES THREE SPADES TWO,0.5798,0.069,0.3512
SPADES NINE SPADES TWO,0.4252,0.0378,0.537
SPADES EIGHT SPADES TWO,0.353,0.405,0.242
SPADES SEVEN SPADES TWO,0.605,0.0622,0.3328
SPADES SIX SPADES TWO,0.5762,0.0596,0.3642
DIAMONDS QUEEN CLUBS THREE,0.456,0.0146,0.5294
HEARTS TWO CLUBS THREE,0.6164,0.0746,0.309
DIAMONDS QUEEN CLUBS TWO,0.4352,0.0164,0.5484
CLUBS TWO HEARTS TWO,0.4172,0.0942,0.4886
DIAMONDS QUEEN HEARTS SEVEN,0.4208,0.0112,0.568
HEARTS TWO HEARTS SEVEN,0.5874,0.0608,0.3518
HEARTS SIX DIAMONDS QUEEN,0.413,0.011,0.576
HEARTS SIX HEARTS TWO,0.588,0.0602,0.3518
DIAMONDS QUEEN HEARTS NINE,0.3838,0.0096,0.6066
HEARTS TWO HEARTS NINE,0.4282,0.0416,0.5302
DIAMONDS QUEEN HEARTS EIGHT,0.298,0.0432,0.6588
HEARTS TWO HEARTS EIGHT,0.366,0.3866,0.2474
CLUBS NINE HEARTS TWO,0.428,0.043,0.529
CLUBS NINE DIAMONDS QUEEN,0.3566,0.012,0.6314
SPADES EIGHT HEARTS ACE,0.2966,0.026,0.6774
CLUBS FOUR DIAMONDS QUEEN,0.4404,0.0136,0.546
CLUBS FOUR HEARTS TWO,0.6142,0.066,0.3198
CLUBS SEVEN DIAMONDS QUEEN,0.4156,0.0116,0.5728
CLUBS SEVEN HEARTS TWO,0.6302,0.0594,0.3104
SPADES EIGHT HEARTS QUEEN,0.3166,0.0448,0.6386
CLUBS SIX DIAMONDS QUEEN,0.413,0.0098,0.5772
CLUBS SIX HEARTS TWO,0.6178,0.062,0.3202
SPADES EIGHT HEARTS KING,0.3154,0.0332,0.6514
HEARTS TWO SPADES SIX,0.6208,0.0638,0.3154
DIAMONDS QUEEN SPADES SIX,0.424,0.012,0.564
HEARTS FOUR CLUBS QUEEN,0.4358,0.0128,0.5514
DIAMONDS ACE CLUBS QUEEN,0.3702,0.0054,0.6244
DIAMONDS QUEEN SPADES SEVEN,0.4242,0.0126,0.5632
HEARTS TWO SPADES SEVEN,0.6356,0.0614,0.303
HEARTS FOUR CLUBS KING,0.4356,0.0092,0.5552
DIAMONDS ACE CLUBS KING,0.3782,0.0052,0.6166
DIAMONDS QUEEN SPADES EIGHT,0.31,0.0404,0.6496
SPADES EIGHT HEARTS TWO,0.3702,0.421,0.2088
HEARTS FOUR CLUBS ACE,0.4284,0.006,0.5656
DIAMONDS ACE CLUBS ACE,0.1894,0.0022,0.8084
SPADES NINE DIAMONDS QUEEN,0.3932,0.01,0.5968
SPADES NINE HEARTS TWO,0.4406,0.0434,0.516
HEARTS TWO SPADES TWO,0.4174,0.092,0.4906
DIAMONDS QUEEN SPADES TWO,0.4596,0.0122,0.5282
HEARTS TWO SPADES THREE,0.6058,0.065,0.3292
DIAMONDS QUEEN SPADES THREE,0.4364,0.0124,0.5512
HEARTS TWO SPADES FOUR,0.6156,0.0666,0.3178
DIAMONDS QUEEN SPADES FOUR,0.4442,0.0112,0.5446
CLUBS TEN HEARTS FOUR,0.4278,0.0258,0.5464
CLUBS TEN DIAMONDS ACE,0.376,0.0062,0.6178
HEARTS TWO SPADES FIVE,0.6138,0.1442,0.242
DIAMONDS QUEEN SPADES FIVE,0.3126,0.0432,0.6442
HEARTS FOUR CLUBS JACK,0.4354,0.0208,0.5438
CLUBS JACK DIAMONDS ACE,0.3694,0.0056,0.625
SPADES KING CLUBS JACK,0.3756,0.01,0.6144
CLUBS JACK SPADES QUEEN,0.375,0.0128,0.6122
SPADES ACE CLUBS JACK,0.3762,0.004,0.6198
SPADES SIX CLUBS KING,0.409,0.006,0.585
SPADES SIX CLUBS QUEEN,0.4014,0.0118,0.5868
SPADES EIGHT HEARTS JACK,0.3104,0.0544,0.6352
SPADES SIX CLUBS ACE,0.3886,0.0056,0.6058
SPADES EIGHT HEARTS TEN,0.2856,0.0772,0.6372
CLUBS JACK SPADES SIX,0.4092,0.0188,0.572
CLUBS TEN SPADES SIX,0.4064,0.0268,0.5668
CLUBS JACK SPADES TEN,0.3656,0.016,0.6184
CLUBS JACK SPADES JACK,0.2086,0.0346,0.7568
SPADES QUEEN CLUBS SEVEN,0.4296,0.012,0.5584
SPADES KING CLUBS SEVEN,0.4136,0.008,0.5784
SPADES ACE CLUBS SEVEN,0.4082,0.0044,0.5874
SPADES SIX HEARTS TEN,0.4142,0.0234,0.5624
SPADES SIX HEARTS JACK,0.4244,0.0142,0.5614
SPADES SIX HEARTS ACE,0.4178,0.0044,0.5778
SPADES SIX HEARTS KING,0.4064,0.0072,0.5864
SPADES SIX HEARTS QUEEN,0.4212,0.0108,0.568
CLUBS SEVEN SPADES JACK,0.4034,0.0186,0.578
CLUBS SEVEN SPADES TEN,0.3804,0.0298,0.5898
CLUBS TEN HEARTS SIX,0.3844,0.0272,0.5884
CLUBS JACK HEARTS SIX,0.403,0.0196,0.5774
CLUBS JACK CLUBS ACE,0.3284,0.0054,0.6662
HEARTS SIX CLUBS QUEEN,0.4004,0.0126,0.587
HEARTS SIX CLUBS KING,0.4034,0.0106,0.586
HEARTS SIX CLUBS ACE,0.401,0.0038,0.5952
CLUBS JACK CLUBS QUEEN,0.3218,0.011,0.6672
CLUBS JACK CLUBS KING,0.339,0.0102,0.6508
DIAMONDS THREE HEARTS ACE,0.4392,0.005,0.5558
DIAMONDS THREE HEARTS QUEEN,0.4542,0.0146,0.5312
DIAMONDS THREE HEARTS KING,0.4622,0.0086,0.5292
SPADES TEN DIAMONDS ACE,0.3916,0.004,0.6044
HEARTS FOUR SPADES TEN,0.4444,0.027,0.5286
HEARTS FOUR SPADES JACK,0.4444,0.017,0.5386
SPADES JACK DIAMONDS ACE,0.3958,0.0038,0.6004
SPADES ACE HEARTS FOUR,0.432,0.005,0.563
SPADES ACE DIAMONDS ACE,0.199,0.0038,0.7972
HEARTS FOUR SPADES QUEEN,0.4402,0.013,0.5468
SPADES QUEEN DIAMONDS ACE,0.401,0.0052,0.5938
CLUBS JACK SPADES FOUR,0.4238,0.0192,0.557
SPADES KING DIAMONDS ACE,0.3892,0.0036,0.6072
HEARTS FOUR SPADES KING,0.4398,0.008,0.5522
CLUBS TEN SPADES FOUR,0.4208,0.0302,0.549
DIAMONDS QUEEN DIAMONDS ACE,0.3688,0.004,0.6272
HEARTS TWO DIAMONDS ACE,0.444,0.0046,0.5514
HEARTS FOUR DIAMONDS QUEEN,0.4408,0.0136,0.5456
HEARTS FOUR HEARTS TWO,0.5914,0.0598,0.3488
DIAMONDS THREE HEARTS TEN,0.444,0.0264,0.5296
SPADES FOUR CLUBS KING,0.425,0.0086,0.5664
HEARTS FIVE DIAMONDS QUEEN,0.3146,0.0438,0.6416
HEARTS FIVE HEARTS TWO,0.578,0.1382,0.2838
DIAMONDS THREE HEARTS JACK,0.4382,0.0164,0.5454
SPADES FOUR CLUBS QUEEN,0.43,0.0124,0.5576
DIAMONDS QUEEN HEARTS TWO,0.4454,0.0112,0.5434
DIAMONDS KING DIAMONDS QUEEN,0.3552,0.0064,0.6384
DIAMONDS KING HEARTS TWO,0.4506,0.0086,0.5408
HEARTS THREE DIAMONDS QUEEN,0.4542,0.0156,0.5302
HEARTS THREE HEARTS TWO,0.5866,0.0598,0.3536
SPADES FOUR CLUBS ACE,0.4154,0.0054,0.5792
HEARTS TWO CLUBS ACE,0.4286,0.0058,0.5656
DIAMONDS QUEEN CLUBS ACE,0.3928,0.0068,0.6004
HEARTS TWO CLUBS QUEEN,0.448,0.014,0.538
DIAMONDS QUEEN CLUBS QUEEN,0.2034,0.022,0.7746
HEARTS TWO CLUBS KING,0.4464,0.0102,0.5434
DIAMONDS QUEEN CLUBS KING,0.3682,0.0084,0.6234
SPADES EIGHT SPADES FIVE,0.0688,0.8698,0.0614
CLUBS TEN HEARTS TWO,0.4422,0.03,0.5278
CLUBS TEN DIAMONDS QUEEN,0.3666,0.01,0.6234
SPADES NINE SPADES FIVE,0.2812,0.099,0.6198
CLUBS JACK HEARTS TWO,0.4334,0.022,0.5446
CLUBS JACK DIAMONDS QUEEN,0.3744,0.0104,0.6152
SPADES SIX SPADES FIVE,0.5738,0.1374,0.2888
SPADES SEVEN SPADES FIVE,0.576,0.1368,0.2872
DIAMONDS FIVE CLUBS QUEEN,0.2944,0.0498,0.6558
SPADES EIGHT CLUBS ACE,0.2774,0.0298,0.6928
DIAMONDS FIVE CLUBS KING,0.2894,0.0312,0.6794
SPADES EIGHT CLUBS KING,0.2864,0.0356,0.678
DIAMONDS FIVE CLUBS ACE,0.2936,0.0238,0.6826
SPADES EIGHT CLUBS QUEEN,0.2864,0.0486,0.665
CLUBS JACK SPADES EIGHT,0.2974,0.0624,0.6402
CLUBS TEN SPADES EIGHT,0.2626,0.0788,0.6586
CLUBS TEN DIAMONDS FIVE,0.3002,0.0708,0.629
CLUBS JACK DIAMONDS FIVE,0.2944,0.0584,0.6472
HEARTS JACK DIAMONDS TEN,0.3662,0.0128,0.621
DIAMONDS TEN HEARTS TEN,0.2134,0.045,0.7416
SPADES ACE CLUBS NINE,0.3704,0.0042,0.6254
SPADES QUEEN CLUBS NINE,0.3562,0.0126,0.6312
SPADES KING CLUBS NINE,0.382,0.0064,0.6116
HEARTS SIX HEARTS KING,0.3904,0.0066,0.603
DIAMONDS KING SPADES SEVEN,0.4102,0.0074,0.5824
HEARTS THREE SPADES SEVEN,0.6222,0.0564,0.3214
SPADES KING DIAMONDS SEVEN,0.405,0.007,0.588
HEARTS SIX HEARTS QUEEN,0.4078,0.0128,0.5794
SPADES QUEEN DIAMONDS SEVEN,0.4168,0.013,0.5702
HEARTS THREE SPADES SIX,0.602,0.0668,0.3312
DIAMONDS KING SPADES SIX,0.416,0.0068,0.5772
DIAMONDS KING SPADES NINE,0.4076,0.0078,0.5846
HEARTS THREE SPADES NINE,0.4496,0.0378,0.5126
HEARTS SIX HEARTS ACE,0.3922,0.0036,0.6042
DIAMONDS KING SPADES EIGHT,0.3056,0.0344,0.66
HEARTS THREE SPADES EIGHT,0.3784,0.4084,0.2132
SPADES ACE DIAMONDS SEVEN,0.4142,0.0032,0.5826
HEARTS THREE CLUBS NINE,0.4392,0.0428,0.518
CLUBS NINE DIAMONDS KING,0.381,0.0076,0.6114
HEARTS THREE SPADES THREE,0.4244,0.0908,0.4848
DIAMONDS KING SPADES THREE,0.447,0.0076,0.5454
HEARTS THREE SPADES TWO,0.6218,0.0704,0.3078
DIAMONDS KING SPADES TWO,0.4628,0.0066,0.5306
HEARTS THREE SPADES FIVE,0.6184,0.1368,0.2448
DIAMONDS KING SPADES FIVE,0.3228,0.0318,0.6454
HEARTS THREE SPADES FOUR,0.6266,0.0612,0.3122
DIAMONDS KING SPADES FOUR,0.4448,0.009,0.5462
DIAMONDS KING CLUBS TWO,0.4456,0.0084,0.546
HEARTS THREE CLUBS TWO,0.5994,0.0658,0.3348
