opposingHand,winningChance,drawChance,lostChance
CLUBS EIGHT SPADES SEVEN
HEARTS FIVE SPADES TEN,0.4132,0.0278,0.559
SPADES JACK HEARTS FIVE,0.4304,0.017,0.5526
SPADES FIVE CLUBS JACK,0.4344,0.0176,0.548
CLUBS TEN SPADES FIVE,0.4366,0.027,0.5364
SPADES FIVE CLUBS ACE,0.4192,0.0066,0.5742
SPADES FIVE CLUBS KING,0.4188,0.008,0.5732
SPADES FIVE CLUBS QUEEN,0.4172,0.0146,0.5682
DIAMONDS TWO DIAMONDS THREE,0.5858,0.0558,0.3584
DIAMONDS TWO DIAMONDS FIVE,0.576,0.0562,0.3678
SPADES KING HEARTS FIVE,0.43,0.008,0.562
DIAMONDS TWO DIAMONDS FOUR,0.5736,0.0572,0.3692
SPADES QUEEN HEARTS FIVE,0.417,0.0112,0.5718
DIAMONDS TWO DIAMONDS SEVEN,0.597,0.1428,0.2602
DIAMONDS TWO DIAMONDS SIX,0.5916,0.0606,0.3478
SPADES ACE HEARTS FIVE,0.4166,0.0028,0.5806
DIAMONDS TWO DIAMONDS NINE,0.4154,0.0426,0.542
DIAMONDS TWO DIAMONDS EIGHT,0.4732,0.275,0.2518
DIAMONDS THREE DIAMONDS FOUR,0.5806,0.0528,0.3666
CLUBS TWO SPADES FOUR,0.6196,0.0664,0.314
DIAMONDS THREE DIAMONDS FIVE,0.5562,0.0588,0.385
CLUBS TWO SPADES FIVE,0.6184,0.063,0.3186
CLUBS TWO SPADES TWO,0.4432,0.0926,0.4642
CLUBS TWO SPADES THREE,0.6364,0.0652,0.2984
DIAMONDS THREE DIAMONDS EIGHT,0.4586,0.287,0.2544
SPADES EIGHT CLUBS TWO,0.4856,0.3044,0.21
DIAMONDS THREE DIAMONDS NINE,0.4154,0.0436,0.541
SPADES NINE CLUBS TWO,0.4496,0.045,0.5054
DIAMONDS THREE DIAMONDS SIX,0.5934,0.059,0.3476
CLUBS TWO SPADES SIX,0.6356,0.0596,0.3048
DIAMONDS THREE DIAMONDS SEVEN,0.5968,0.1456,0.2576
CLUBS SIX CLUBS TWO,0.6046,0.0562,0.3392
CLUBS SEVEN CLUBS TWO,0.6268,0.1324,0.2408
CLUBS FOUR CLUBS TWO,0.5888,0.067,0.3442
CLUBS FIVE CLUBS TWO,0.5972,0.0568,0.346
CLUBS TEN CLUBS JACK,0.328,0.0164,0.6556
DIAMONDS FOUR DIAMONDS SIX,0.568,0.0584,0.3736
CLUBS TEN CLUBS QUEEN,0.34,0.0098,0.6502
DIAMONDS FOUR DIAMONDS SEVEN,0.5952,0.13,0.2748
CLUBS TEN CLUBS KING,0.3608,0.0068,0.6324
CLUBS TEN CLUBS ACE,0.3326,0.0034,0.664
DIAMONDS FIVE DIAMONDS FOUR,0.5536,0.0556,0.3908
CLUBS NINE CLUBS TWO,0.421,0.0394,0.5396
DIAMONDS NINE DIAMONDS FOUR,0.4194,0.0374,0.5432
DIAMONDS EIGHT DIAMONDS FOUR,0.461,0.2748,0.2642
CLUBS TWO CLUBS THREE,0.5914,0.0556,0.353
DIAMONDS NINE DIAMONDS FIVE,0.4016,0.043,0.5554
DIAMONDS TWO CLUBS JACK,0.4262,0.0168,0.557
DIAMONDS EIGHT DIAMONDS FIVE,0.4414,0.2742,0.2844
CLUBS TEN DIAMONDS TWO,0.4438,0.0256,0.5306
DIAMONDS FIVE DIAMONDS SEVEN,0.5624,0.137,0.3006
DIAMONDS FIVE DIAMONDS SIX,0.5546,0.0582,0.3872
DIAMONDS TWO CLUBS ACE,0.4294,0.0036,0.567
DIAMONDS TWO CLUBS KING,0.438,0.0076,0.5544
DIAMONDS TWO CLUBS QUEEN,0.4452,0.0124,0.5424
DIAMONDS EIGHT DIAMONDS SIX,0.4462,0.2878,0.266
DIAMONDS NINE DIAMONDS SIX,0.386,0.0378,0.5762
HEARTS ACE SPADES THREE,0.4334,0.0068,0.5598
HEARTS KING SPADES THREE,0.441,0.0064,0.5526
DIAMONDS SEVEN DIAMONDS SIX,0.5794,0.127,0.2936
SPADES THREE HEARTS QUEEN,0.44,0.0122,0.5478
SPADES THREE HEARTS JACK,0.4434,0.0162,0.5404
SPADES THREE HEARTS TEN,0.453,0.0274,0.5196
DIAMONDS EIGHT DIAMONDS SEVEN,0.0232,0.9096,0.0672
DIAMONDS NINE DIAMONDS SEVEN,0.2386,0.1068,0.6546
DIAMONDS NINE DIAMONDS EIGHT,0.2276,0.0966,0.6758
DIAMONDS KING HEARTS TEN,0.3712,0.0066,0.6222
HEARTS THREE HEARTS TEN,0.414,0.0236,0.5624
CLUBS SIX SPADES JACK,0.427,0.0184,0.5546
DIAMONDS KING HEARTS JACK,0.3632,0.007,0.6298
HEARTS THREE HEARTS JACK,0.4132,0.016,0.5708
CLUBS SIX SPADES TEN,0.4154,0.025,0.5596
SPADES JACK SPADES FIVE,0.4066,0.0188,0.5746
SPADES TEN SPADES FIVE,0.4152,0.026,0.5588
DIAMONDS KING HEARTS ACE,0.3762,0.0024,0.6214
HEARTS THREE HEARTS ACE,0.4034,0.004,0.5926
SPADES ACE CLUBS SIX,0.435,0.0054,0.5596
DIAMONDS KING HEARTS QUEEN,0.3636,0.0058,0.6306
HEARTS THREE HEARTS QUEEN,0.4008,0.0106,0.5886
SPADES KING CLUBS SIX,0.4264,0.0072,0.5664
DIAMONDS KING HEARTS KING,0.195,0.0136,0.7914
HEARTS THREE HEARTS KING,0.4146,0.0066,0.5788
SPADES QUEEN CLUBS SIX,0.4236,0.014,0.5624
SPADES NINE HEARTS TEN,0.3328,0.0246,0.6426
SPADES NINE HEARTS JACK,0.3426,0.018,0.6394
SPADES QUEEN SPADES FIVE,0.3954,0.0114,0.5932
SPADES KING SPADES FIVE,0.398,0.0088,0.5932
SPADES ACE SPADES FIVE,0.4206,0.0058,0.5736
SPADES NINE HEARTS QUEEN,0.3648,0.0112,0.624
SPADES NINE HEARTS KING,0.368,0.0074,0.6246
SPADES NINE HEARTS ACE,0.3712,0.004,0.6248
CLUBS TEN SPADES JACK,0.3466,0.0128,0.6406
CLUBS TEN SPADES TEN,0.166,0.048,0.786
SPADES ACE CLUBS TEN,0.3634,0.0046,0.632
SPADES KING CLUBS TEN,0.3696,0.006,0.6244
CLUBS TEN SPADES QUEEN,0.3446,0.0092,0.6462
SPADES FIVE HEARTS QUEEN,0.4308,0.0112,0.558
SPADES FIVE HEARTS KING,0.4354,0.0086,0.556
SPADES FIVE HEARTS ACE,0.4314,0.003,0.5656
HEARTS THREE SPADES JACK,0.4404,0.0168,0.5428
SPADES JACK DIAMONDS KING,0.3642,0.0066,0.6292
SPADES TEN DIAMONDS KING,0.3486,0.0044,0.647
HEARTS THREE SPADES TEN,0.4352,0.0262,0.5386
HEARTS FIVE CLUBS JACK,0.427,0.0214,0.5516
CLUBS SIX HEARTS ACE,0.4188,0.0044,0.5768
CLUBS TEN HEARTS FIVE,0.4146,0.0314,0.554
CLUBS TEN SPADES THREE,0.45,0.031,0.519
CLUBS SIX HEARTS QUEEN,0.423,0.011,0.566
SPADES THREE CLUBS JACK,0.4344,0.0196,0.546
CLUBS SIX HEARTS KING,0.4272,0.0086,0.5642
DIAMONDS TWO HEARTS JACK,0.4512,0.0196,0.5292
SPADES THREE CLUBS QUEEN,0.4434,0.0108,0.5458
DIAMONDS TWO HEARTS TEN,0.4388,0.028,0.5332
SPADES THREE CLUBS KING,0.4432,0.0078,0.549
HEARTS FIVE CLUBS ACE,0.4204,0.0052,0.5744
SPADES FIVE HEARTS TEN,0.4254,0.0246,0.55
SPADES THREE CLUBS ACE,0.4432,0.005,0.5518
HEARTS FIVE CLUBS KING,0.4306,0.0098,0.5596
SPADES FIVE HEARTS JACK,0.44,0.0146,0.5454
HEARTS FIVE CLUBS QUEEN,0.4242,0.013,0.5628
HEARTS THREE CLUBS KING,0.4364,0.0098,0.5538
DIAMONDS KING CLUBS KING,0.1834,0.0114,0.8052
HEARTS THREE CLUBS QUEEN,0.436,0.0106,0.5534
DIAMONDS KING CLUBS QUEEN,0.338,0.005,0.657
HEARTS FIVE HEARTS JACK,0.399,0.0196,0.5814
HEARTS FIVE HEARTS TEN,0.402,0.0284,0.5696
HEARTS THREE CLUBS ACE,0.4414,0.0042,0.5544
DIAMONDS KING CLUBS ACE,0.3762,0.004,0.6198
SPADES ACE CLUBS QUEEN,0.3634,0.0032,0.6334
SPADES KING CLUBS QUEEN,0.3508,0.0062,0.643
HEARTS THREE CLUBS JACK,0.449,0.021,0.53
DIAMONDS KING CLUBS JACK,0.3734,0.0078,0.6188
SPADES QUEEN CLUBS QUEEN,0.1664,0.0294,0.8042
CLUBS TEN HEARTS THREE,0.4498,0.0228,0.5274
CLUBS TEN DIAMONDS KING,0.3642,0.0072,0.6286
SPADES JACK CLUBS QUEEN,0.3438,0.0092,0.647
CLUBS SIX CLUBS QUEEN,0.396,0.0124,0.5916
SPADES TEN CLUBS QUEEN,0.3448,0.0106,0.6446
CLUBS SIX CLUBS KING,0.4166,0.006,0.5774
CLUBS SIX CLUBS ACE,0.4012,0.0036,0.5952
HEARTS FIVE HEARTS KING,0.3932,0.0076,0.5992
HEARTS FIVE HEARTS QUEEN,0.3996,0.0096,0.5908
CLUBS TEN CLUBS SIX,0.4026,0.0242,0.5732
HEARTS FIVE HEARTS ACE,0.4006,0.0032,0.5962
CLUBS SIX CLUBS JACK,0.4016,0.014,0.5844
DIAMONDS TWO CLUBS TWO,0.4374,0.0862,0.4764
DIAMONDS TWO CLUBS THREE,0.6322,0.0634,0.3044
HEARTS SIX DIAMONDS TWO,0.6328,0.0598,0.3074
DIAMONDS TWO HEARTS QUEEN,0.452,0.0106,0.5374
DIAMONDS TWO HEARTS SEVEN,0.6448,0.1464,0.2088
DIAMONDS TWO HEARTS KING,0.444,0.0076,0.5484
DIAMONDS TWO HEARTS EIGHT,0.4946,0.2886,0.2168
DIAMONDS TWO HEARTS ACE,0.4532,0.0044,0.5424
DIAMONDS TWO HEARTS NINE,0.449,0.0456,0.5054
DIAMONDS TWO DIAMONDS QUEEN,0.4028,0.0146,0.5826
DIAMONDS TWO HEARTS TWO,0.4132,0.0928,0.494
DIAMONDS TWO DIAMONDS KING,0.4114,0.0066,0.582
HEARTS THREE DIAMONDS TWO,0.6314,0.0574,0.3112
DIAMONDS TWO DIAMONDS ACE,0.4074,0.0044,0.5882
HEARTS FOUR DIAMONDS TWO,0.6212,0.06,0.3188
DIAMONDS TWO HEARTS FIVE,0.6144,0.0606,0.325
DIAMONDS TWO DIAMONDS TEN,0.4144,0.0282,0.5574
DIAMONDS TWO DIAMONDS JACK,0.4182,0.0192,0.5626
DIAMONDS TWO SPADES NINE,0.4356,0.0404,0.524
DIAMONDS TWO SPADES EIGHT,0.4928,0.2946,0.2126
DIAMONDS TWO SPADES SIX,0.6376,0.0624,0.3
DIAMONDS TWO SPADES FIVE,0.6206,0.0652,0.3142
DIAMONDS TWO SPADES FOUR,0.6134,0.0718,0.3148
DIAMONDS TWO SPADES THREE,0.6204,0.0684,0.3112
DIAMONDS TWO SPADES TWO,0.4334,0.088,0.4786
CLUBS NINE DIAMONDS TWO,0.436,0.04,0.524
DIAMONDS TWO CLUBS SEVEN,0.6334,0.1508,0.2158
CLUBS SIX DIAMONDS TWO,0.6488,0.0632,0.288
DIAMONDS TWO CLUBS FIVE,0.6158,0.0618,0.3224
DIAMONDS TWO CLUBS FOUR,0.628,0.0514,0.3206
CLUBS FOUR SPADES FIVE,0.5984,0.0666,0.335
CLUBS FOUR SPADES FOUR,0.4232,0.0846,0.4922
CLUBS FOUR SPADES THREE,0.6086,0.065,0.3264
CLUBS FOUR SPADES TWO,0.625,0.061,0.314
CLUBS FOUR SPADES NINE,0.4376,0.0404,0.522
CLUBS FOUR SPADES EIGHT,0.4848,0.2956,0.2196
CLUBS FOUR SPADES SIX,0.6132,0.063,0.3238
SPADES ACE DIAMONDS SIX,0.4196,0.0028,0.5776
SPADES QUEEN DIAMONDS SIX,0.4156,0.0112,0.5732
SPADES KING DIAMONDS SIX,0.4126,0.0062,0.5812
SPADES TEN DIAMONDS SIX,0.415,0.0288,0.5562
SPADES JACK DIAMONDS SIX,0.4022,0.0206,0.5772
SPADES QUEEN SPADES TWO,0.4162,0.0092,0.5746
SPADES KING SPADES TWO,0.429,0.009,0.562
SPADES ACE SPADES TWO,0.4166,0.0038,0.5796
DIAMONDS JACK CLUBS JACK,0.181,0.038,0.781
CLUBS TEN DIAMONDS JACK,0.3486,0.0148,0.6366
DIAMONDS JACK CLUBS KING,0.3486,0.0062,0.6452
DIAMONDS JACK CLUBS QUEEN,0.359,0.0106,0.6304
DIAMONDS THREE DIAMONDS JACK,0.4208,0.015,0.5642
DIAMONDS THREE DIAMONDS TEN,0.418,0.0228,0.5592
DIAMONDS JACK CLUBS ACE,0.364,0.0046,0.6314
DIAMONDS THREE DIAMONDS KING,0.425,0.008,0.567
HEARTS THREE DIAMONDS THREE,0.4218,0.0838,0.4944
DIAMONDS THREE DIAMONDS QUEEN,0.4076,0.0118,0.5806
DIAMONDS THREE HEARTS TWO,0.6214,0.0638,0.3148
HEARTS FIVE DIAMONDS THREE,0.6064,0.0588,0.3348
DIAMONDS THREE DIAMONDS ACE,0.4162,0.004,0.5798
HEARTS FOUR DIAMONDS THREE,0.6016,0.0604,0.338
DIAMONDS THREE HEARTS SEVEN,0.633,0.1412,0.2258
SPADES TEN SPADES NINE,0.329,0.0212,0.6498
HEARTS SIX DIAMONDS THREE,0.6242,0.0614,0.3144
SPADES JACK SPADES NINE,0.328,0.0158,0.6562
DIAMONDS THREE HEARTS NINE,0.4366,0.037,0.5264
HEARTS JACK DIAMONDS FOUR,0.4332,0.0192,0.5476
HEARTS KING HEARTS ACE,0.369,0.0036,0.6274
SPADES TEN SPADES TWO,0.4382,0.0258,0.536
DIAMONDS THREE HEARTS EIGHT,0.494,0.2962,0.2098
HEARTS TEN DIAMONDS FOUR,0.4416,0.0252,0.5332
SPADES JACK SPADES TWO,0.422,0.019,0.559
HEARTS QUEEN DIAMONDS FOUR,0.4426,0.0104,0.547
HEARTS KING DIAMONDS FOUR,0.4472,0.0082,0.5446
SPADES ACE SPADES NINE,0.3554,0.0032,0.6414
HEARTS ACE DIAMONDS FOUR,0.4342,0.0038,0.562
SPADES KING SPADES NINE,0.3666,0.008,0.6254
SPADES QUEEN SPADES NINE,0.3482,0.0094,0.6424
DIAMONDS THREE SPADES NINE,0.4504,0.0362,0.5134
DIAMONDS THREE SPADES EIGHT,0.488,0.2994,0.2126
DIAMONDS THREE SPADES SIX,0.6146,0.0664,0.319
CLUBS SIX DIAMONDS THREE,0.6296,0.0618,0.3086
CLUBS ACE DIAMONDS FOUR,0.4116,0.0028,0.5856
CLUBS SIX CLUBS FIVE,0.58,0.059,0.361
CLUBS SEVEN CLUBS FIVE,0.6022,0.1292,0.2686
CLUBS SEVEN DIAMONDS THREE,0.641,0.1504,0.2086
DIAMONDS THREE CLUBS FOUR,0.601,0.0636,0.3354
DIAMONDS FOUR CLUBS QUEEN,0.433,0.0124,0.5546
DIAMONDS THREE CLUBS FIVE,0.6122,0.0586,0.3292
CLUBS KING DIAMONDS FOUR,0.4392,0.0072,0.5536
DIAMONDS THREE CLUBS TWO,0.639,0.0638,0.2972
CLUBS TEN DIAMONDS FOUR,0.4304,0.026,0.5436
DIAMONDS THREE CLUBS THREE,0.432,0.0834,0.4846
DIAMONDS FOUR CLUBS JACK,0.434,0.0188,0.5472
DIAMONDS THREE SPADES FOUR,0.6076,0.0644,0.328
DIAMONDS THREE SPADES FIVE,0.6066,0.0628,0.3306
DIAMONDS THREE SPADES TWO,0.6378,0.0602,0.302
DIAMONDS THREE SPADES THREE,0.4268,0.0824,0.4908
CLUBS NINE DIAMONDS THREE,0.4404,0.0408,0.5188
CLUBS FIVE SPADES SIX,0.612,0.0642,0.3238
SPADES NINE CLUBS FIVE,0.4254,0.0438,0.5308
CLUBS FIVE SPADES EIGHT,0.4716,0.3036,0.2248
CLUBS FIVE SPADES THREE,0.6082,0.0564,0.3354
CLUBS FIVE SPADES TWO,0.6184,0.0644,0.3172
CLUBS FIVE SPADES FIVE,0.398,0.082,0.52
CLUBS FIVE SPADES FOUR,0.5924,0.0662,0.3414
CLUBS NINE CLUBS FIVE,0.399,0.0442,0.5568
CLUBS ACE CLUBS QUEEN,0.3506,0.0038,0.6456
CLUBS KING CLUBS QUEEN,0.346,0.008,0.646
DIAMONDS TEN DIAMONDS FOUR,0.4042,0.0242,0.5716
CLUBS TEN DIAMONDS NINE,0.3462,0.0208,0.633
DIAMONDS JACK DIAMONDS FOUR,0.4142,0.0182,0.5676
DIAMONDS NINE CLUBS JACK,0.3478,0.0152,0.637
SPADES NINE CLUBS JACK,0.3358,0.0138,0.6504
CLUBS TEN SPADES NINE,0.3204,0.02,0.6596
DIAMONDS ACE DIAMONDS FOUR,0.4026,0.0036,0.5938
HEARTS FOUR DIAMONDS FOUR,0.4044,0.0822,0.5134
DIAMONDS JACK HEARTS TEN,0.3434,0.0134,0.6432
SPADES NINE CLUBS KING,0.3776,0.008,0.6144
DIAMONDS TWO SPADES TEN,0.4502,0.0246,0.5252
DIAMONDS NINE CLUBS ACE,0.3764,0.005,0.6186
HEARTS FIVE DIAMONDS FOUR,0.589,0.0542,0.3568
HEARTS JACK DIAMONDS JACK,0.1848,0.034,0.7812
SPADES NINE CLUBS QUEEN,0.3448,0.014,0.6412
DIAMONDS TWO SPADES JACK,0.4434,0.0222,0.5344
DIAMONDS QUEEN DIAMONDS FOUR,0.3976,0.0118,0.5906
HEARTS TWO DIAMONDS FOUR,0.6044,0.0584,0.3372
DIAMONDS NINE CLUBS QUEEN,0.3658,0.0118,0.6224
DIAMONDS KING DIAMONDS FOUR,0.4132,0.0076,0.5792
HEARTS THREE DIAMONDS FOUR,0.5844,0.0638,0.3518
SPADES NINE CLUBS ACE,0.3552,0.0052,0.6396
DIAMONDS NINE CLUBS KING,0.37,0.0084,0.6216
HEARTS ACE DIAMONDS JACK,0.3746,0.0022,0.6232
SPADES ACE DIAMONDS TWO,0.4354,0.0046,0.56
DIAMONDS JACK HEARTS QUEEN,0.3564,0.009,0.6346
SPADES QUEEN DIAMONDS TWO,0.4316,0.0142,0.5542
HEARTS KING DIAMONDS JACK,0.3668,0.0042,0.629
SPADES KING DIAMONDS TWO,0.4316,0.007,0.5614
CLUBS SEVEN CLUBS THREE,0.6154,0.1416,0.243
CLUBS SIX CLUBS THREE,0.5902,0.063,0.3468
CLUBS FIVE CLUBS THREE,0.5742,0.0592,0.3666
CLUBS FOUR CLUBS THREE,0.5738,0.064,0.3622
CLUBS NINE CLUBS THREE,0.423,0.0458,0.5312
CLUBS THREE SPADES FIVE,0.6062,0.054,0.3398
CLUBS THREE SPADES FOUR,0.6168,0.0586,0.3246
CLUBS THREE SPADES THREE,0.435,0.0802,0.4848
CLUBS THREE SPADES TWO,0.6304,0.0658,0.3038
SPADES SIX CLUBS THREE,0.647,0.0586,0.2944
SPADES EIGHT CLUBS THREE,0.5008,0.2946,0.2046
SPADES NINE CLUBS THREE,0.4398,0.0454,0.5148
SPADES TWO DIAMONDS FOUR,0.6196,0.066,0.3144
SPADES THREE DIAMONDS FOUR,0.604,0.0624,0.3336
SPADES FOUR DIAMONDS FOUR,0.4192,0.0852,0.4956
SPADES FIVE DIAMONDS FOUR,0.5952,0.057,0.3478
SPADES SIX DIAMONDS FOUR,0.6176,0.0608,0.3216
SPADES EIGHT DIAMONDS FOUR,0.4832,0.2958,0.221
SPADES NINE DIAMONDS FOUR,0.4318,0.0384,0.5298
CLUBS FIVE DIAMONDS FOUR,0.592,0.0646,0.3434
CLUBS FOUR DIAMONDS FOUR,0.4168,0.0816,0.5016
CLUBS SEVEN DIAMONDS FOUR,0.6192,0.1458,0.235
CLUBS SIX DIAMONDS FOUR,0.6276,0.0654,0.307
CLUBS NINE DIAMONDS FOUR,0.4402,0.04,0.5198
DIAMONDS FOUR HEARTS SEVEN,0.6112,0.1458,0.243
HEARTS SIX DIAMONDS FOUR,0.6084,0.058,0.3336
HEARTS NINE DIAMONDS FOUR,0.4382,0.0432,0.5186
DIAMONDS FOUR HEARTS EIGHT,0.4942,0.28,0.2258
CLUBS THREE DIAMONDS FOUR,0.6006,0.0604,0.339
CLUBS TWO DIAMONDS FOUR,0.6178,0.0624,0.3198
DIAMONDS TEN DIAMONDS FIVE,0.411,0.0228,0.5662
DIAMONDS JACK DIAMONDS FIVE,0.3984,0.0172,0.5844
DIAMONDS NINE HEARTS QUEEN,0.3628,0.0098,0.6274
HEARTS KING DIAMONDS NINE,0.3808,0.0066,0.6126
DIAMONDS NINE HEARTS ACE,0.3862,0.0034,0.6104
DIAMONDS NINE HEARTS TEN,0.3478,0.0226,0.6296
DIAMONDS NINE HEARTS JACK,0.3528,0.0154,0.6318
CLUBS KING DIAMONDS SIX,0.4078,0.0062,0.586
CLUBS QUEEN DIAMONDS SIX,0.4042,0.0122,0.5836
CLUBS ACE DIAMONDS SIX,0.419,0.0052,0.5758
SPADES KING DIAMONDS FOUR,0.4342,0.0086,0.5572
SPADES QUEEN DIAMONDS FOUR,0.4294,0.0118,0.5588
CLUBS JACK DIAMONDS SIX,0.4246,0.0138,0.5616
SPADES ACE DIAMONDS FOUR,0.4276,0.0044,0.568
CLUBS TEN DIAMONDS SIX,0.4116,0.0252,0.5632
CLUBS NINE CLUBS FOUR,0.423,0.041,0.536
SPADES JACK DIAMONDS FOUR,0.4188,0.0196,0.5616
SPADES TEN DIAMONDS FOUR,0.4186,0.0318,0.5496
CLUBS FOUR CLUBS FIVE,0.5624,0.0538,0.3838
CLUBS SEVEN CLUBS FOUR,0.5838,0.1522,0.264
CLUBS SIX CLUBS FOUR,0.5926,0.0592,0.3482
CLUBS SEVEN SPADES EIGHT,0.0068,0.9862,0.007
CLUBS SEVEN SPADES NINE,0.238,0.1012,0.6608
CLUBS SEVEN SPADES SIX,0.6134,0.1542,0.2324
CLUBS SEVEN SPADES FIVE,0.6156,0.1522,0.2322
CLUBS SEVEN SPADES FOUR,0.6414,0.1356,0.223
CLUBS SEVEN SPADES THREE,0.6494,0.148,0.2026
CLUBS SEVEN SPADES TWO,0.6428,0.1514,0.2058
CLUBS NINE CLUBS SEVEN,0.2376,0.1086,0.6538
HEARTS SIX DIAMONDS FIVE,0.6042,0.0592,0.3366
DIAMONDS FIVE HEARTS SEVEN,0.6142,0.1364,0.2494
DIAMONDS FIVE HEARTS EIGHT,0.4848,0.289,0.2262
HEARTS NINE DIAMONDS FIVE,0.4262,0.039,0.5348
DIAMONDS QUEEN DIAMONDS FIVE,0.3984,0.0118,0.5898
HEARTS TWO DIAMONDS FIVE,0.6076,0.066,0.3264
HEARTS KING HEARTS EIGHT,0.2702,0.034,0.6958
DIAMONDS KING DIAMONDS FIVE,0.4084,0.0074,0.5842
HEARTS THREE DIAMONDS FIVE,0.5944,0.063,0.3426
HEARTS QUEEN HEARTS EIGHT,0.2522,0.0406,0.7072
DIAMONDS ACE DIAMONDS FIVE,0.3954,0.0032,0.6014
HEARTS FOUR DIAMONDS FIVE,0.5878,0.0536,0.3586
HEARTS FIVE DIAMONDS FIVE,0.409,0.0808,0.5102
HEARTS ACE HEARTS EIGHT,0.2684,0.0224,0.7092
CLUBS FOUR DIAMONDS FIVE,0.588,0.0612,0.3508
CLUBS FIVE DIAMONDS FIVE,0.4144,0.0768,0.5088
CLUBS SIX DIAMONDS FIVE,0.6062,0.0592,0.3346
CLUBS SEVEN DIAMONDS FIVE,0.6248,0.1414,0.2338
CLUBS TWO DIAMONDS FIVE,0.6266,0.0616,0.3118
CLUBS THREE DIAMONDS FIVE,0.61,0.0628,0.3272
SPADES THREE DIAMONDS FIVE,0.61,0.0598,0.3302
SPADES TWO DIAMONDS FIVE,0.6092,0.0692,0.3216
SPADES JACK DIAMONDS EIGHT,0.2608,0.0606,0.6786
SPADES FIVE DIAMONDS FIVE,0.422,0.079,0.499
CLUBS TEN HEARTS JACK,0.3604,0.0138,0.6258
SPADES TEN DIAMONDS EIGHT,0.2572,0.0836,0.6592
SPADES FOUR DIAMONDS FIVE,0.597,0.0632,0.3398
HEARTS JACK CLUBS JACK,0.1822,0.039,0.7788
HEARTS JACK CLUBS QUEEN,0.3534,0.0098,0.6368
CLUBS NINE DIAMONDS FIVE,0.421,0.0356,0.5434
HEARTS JACK CLUBS KING,0.3646,0.0072,0.6282
HEARTS JACK CLUBS ACE,0.3778,0.0046,0.6176
SPADES KING DIAMONDS EIGHT,0.2948,0.0322,0.673
SPADES SIX DIAMONDS FIVE,0.6024,0.0626,0.335
SPADES QUEEN DIAMONDS EIGHT,0.2624,0.0474,0.6902
SPADES NINE DIAMONDS FIVE,0.4248,0.0384,0.5368
SPADES EIGHT DIAMONDS FIVE,0.4708,0.2976,0.2316
SPADES ACE DIAMONDS EIGHT,0.2842,0.0266,0.6892
DIAMONDS TEN DIAMONDS SIX,0.406,0.026,0.568
HEARTS ACE DIAMONDS SEVEN,0.3008,0.0204,0.6788
DIAMONDS JACK DIAMONDS SIX,0.3986,0.0172,0.5842
HEARTS QUEEN DIAMONDS SEVEN,0.295,0.0438,0.6612
HEARTS KING DIAMONDS SEVEN,0.2818,0.0322,0.686
DIAMONDS ACE DIAMONDS SIX,0.4006,0.0038,0.5956
HEARTS FOUR DIAMONDS SIX,0.6086,0.0602,0.3312
HEARTS JACK SPADES TWO,0.4554,0.0174,0.5272
HEARTS FIVE DIAMONDS SIX,0.603,0.0624,0.3346
SPADES TWO HEARTS TEN,0.4544,0.0264,0.5192
DIAMONDS QUEEN DIAMONDS SIX,0.4064,0.012,0.5816
HEARTS TWO DIAMONDS SIX,0.6298,0.0686,0.3016
DIAMONDS KING DIAMONDS SIX,0.4026,0.0072,0.5902
HEARTS THREE DIAMONDS SIX,0.6256,0.0612,0.3132
HEARTS EIGHT DIAMONDS SIX,0.4706,0.3088,0.2206
HEARTS NINE DIAMONDS SIX,0.4008,0.0392,0.56
HEARTS SIX DIAMONDS SIX,0.3964,0.0858,0.5178
HEARTS SEVEN DIAMONDS SIX,0.6074,0.1468,0.2458
HEARTS TEN DIAMONDS SEVEN,0.2686,0.0788,0.6526
CLUBS TWO DIAMONDS SIX,0.648,0.0582,0.2938
HEARTS JACK DIAMONDS SEVEN,0.2934,0.059,0.6476
CLUBS THREE DIAMONDS SIX,0.619,0.0632,0.3178
DIAMONDS EIGHT CLUBS JACK,0.2608,0.0572,0.682
CLUBS SEVEN DIAMONDS SIX,0.6092,0.1442,0.2466
CLUBS SIX DIAMONDS SIX,0.396,0.077,0.527
CLUBS TEN DIAMONDS EIGHT,0.2514,0.0762,0.6724
CLUBS FIVE DIAMONDS SIX,0.602,0.0616,0.3364
CLUBS FOUR DIAMONDS SIX,0.6198,0.0618,0.3184
HEARTS ACE HEARTS JACK,0.352,0.0038,0.6442
DIAMONDS EIGHT CLUBS ACE,0.2838,0.0288,0.6874
HEARTS JACK HEARTS QUEEN,0.3318,0.0094,0.6588
DIAMONDS EIGHT CLUBS KING,0.2782,0.0362,0.6856
CLUBS NINE DIAMONDS SIX,0.3972,0.0364,0.5664
HEARTS KING HEARTS JACK,0.3358,0.0056,0.6586
DIAMONDS EIGHT CLUBS QUEEN,0.272,0.0444,0.6836
SPADES TEN HEARTS KING,0.36,0.0058,0.6342
SPADES FIVE DIAMONDS SIX,0.5988,0.066,0.3352
HEARTS ACE SPADES TWO,0.4532,0.004,0.5428
SPADES JACK HEARTS KING,0.369,0.0068,0.6242
SPADES FOUR DIAMONDS SIX,0.6116,0.0634,0.325
SPADES THREE DIAMONDS SIX,0.6298,0.0626,0.3076
SPADES TWO HEARTS QUEEN,0.4542,0.0118,0.534
SPADES ACE SPADES KING,0.3574,0.0058,0.6368
HEARTS KING SPADES TWO,0.4398,0.0082,0.552
SPADES TWO DIAMONDS SIX,0.6278,0.0652,0.307
HEARTS TEN HEARTS EIGHT,0.2404,0.0776,0.682
SPADES NINE DIAMONDS SIX,0.4082,0.0402,0.5516
HEARTS JACK HEARTS EIGHT,0.258,0.0632,0.6788
SPADES EIGHT DIAMONDS SIX,0.4746,0.3006,0.2248
SPADES SIX DIAMONDS SIX,0.3954,0.0816,0.523
SPADES KING HEARTS KING,0.18,0.0144,0.8056
SPADES QUEEN HEARTS KING,0.3418,0.0052,0.653
CLUBS ACE CLUBS KING,0.364,0.0046,0.6314
SPADES ACE HEARTS KING,0.3636,0.0036,0.6328
SPADES ACE HEARTS JACK,0.3758,0.0038,0.6204
SPADES QUEEN HEARTS JACK,0.3578,0.0082,0.634
SPADES KING HEARTS JACK,0.3628,0.0064,0.6308
SPADES TEN DIAMONDS TEN,0.1672,0.0494,0.7834
SPADES JACK DIAMONDS TEN,0.3418,0.0146,0.6436
SPADES ACE DIAMONDS TEN,0.3712,0.0032,0.6256
SPADES JACK HEARTS JACK,0.1766,0.0456,0.7778
SPADES TEN HEARTS JACK,0.3426,0.0134,0.644
SPADES QUEEN DIAMONDS TEN,0.3444,0.0096,0.646
SPADES KING DIAMONDS TEN,0.369,0.006,0.625
SPADES NINE DIAMONDS SEVEN,0.2386,0.0994,0.662
SPADES EIGHT DIAMONDS SEVEN,0.0108,0.97,0.0192
SPADES SIX DIAMONDS SEVEN,0.6112,0.144,0.2448
DIAMONDS KING DIAMONDS SEVEN,0.2884,0.0284,0.6832
HEARTS THREE DIAMONDS SEVEN,0.6272,0.1444,0.2284
HEARTS KING DIAMONDS FIVE,0.4386,0.0058,0.5556
DIAMONDS QUEEN DIAMONDS SEVEN,0.2722,0.04,0.6878
HEARTS TWO DIAMONDS SEVEN,0.6344,0.1432,0.2224
HEARTS QUEEN DIAMONDS FIVE,0.428,0.0124,0.5596
HEARTS FIVE DIAMONDS SEVEN,0.616,0.141,0.243
DIAMONDS ACE DIAMONDS SEVEN,0.2656,0.0174,0.717
HEARTS FOUR DIAMONDS SEVEN,0.6318,0.136,0.2322
HEARTS ACE DIAMONDS FIVE,0.4186,0.0034,0.578
HEARTS SEVEN DIAMONDS SEVEN,0.3052,0.0656,0.6292
HEARTS SIX DIAMONDS SEVEN,0.6242,0.1402,0.2356
HEARTS NINE DIAMONDS SEVEN,0.2568,0.0984,0.6448
DIAMONDS SEVEN HEARTS EIGHT,0.0218,0.9598,0.0184
DIAMONDS JACK DIAMONDS SEVEN,0.2678,0.0558,0.6764
HEARTS JACK DIAMONDS FIVE,0.4262,0.019,0.5548
DIAMONDS TEN DIAMONDS SEVEN,0.2414,0.0692,0.6894
DIAMONDS FIVE HEARTS TEN,0.4324,0.029,0.5386
SPADES KING CLUBS TWO,0.439,0.0072,0.5538
HEARTS KING CLUBS KING,0.1874,0.0132,0.7994
SPADES QUEEN CLUBS TWO,0.4356,0.014,0.5504
HEARTS KING CLUBS QUEEN,0.3438,0.0054,0.6508
CLUBS NINE DIAMONDS SEVEN,0.2478,0.1036,0.6486
SPADES TWO CLUBS JACK,0.4524,0.0162,0.5314
SPADES ACE CLUBS TWO,0.439,0.0052,0.5558
CLUBS TEN SPADES TWO,0.4436,0.0248,0.5316
HEARTS KING CLUBS ACE,0.3788,0.0046,0.6166
CLUBS SIX CLUBS SEVEN,0.5842,0.1384,0.2774
SPADES TWO CLUBS KING,0.4574,0.0078,0.5348
SPADES TWO DIAMONDS SEVEN,0.662,0.1278,0.2102
SPADES THREE DIAMONDS SEVEN,0.6418,0.154,0.2042
SPADES TWO CLUBS QUEEN,0.441,0.0144,0.5446
CLUBS NINE CLUBS SIX,0.39,0.0378,0.5722
SPADES FOUR DIAMONDS SEVEN,0.6226,0.142,0.2354
HEARTS KING CLUBS JACK,0.3748,0.0072,0.618
SPADES FIVE DIAMONDS SEVEN,0.6192,0.1482,0.2326
SPADES TWO CLUBS ACE,0.4408,0.0058,0.5534
CLUBS TEN HEARTS KING,0.3618,0.0074,0.6308
CLUBS SIX SPADES TWO,0.6408,0.0636,0.2956
CLUBS SIX SPADES THREE,0.6396,0.0618,0.2986
CLUBS TWO DIAMONDS SEVEN,0.6422,0.143,0.2148
CLUBS SIX SPADES FOUR,0.6124,0.0598,0.3278
CLUBS THREE DIAMONDS SEVEN,0.6538,0.1386,0.2076
CLUBS SIX SPADES FIVE,0.6044,0.0668,0.3288
CLUBS FOUR DIAMONDS SEVEN,0.628,0.1392,0.2328
CLUBS SIX SPADES SIX,0.406,0.078,0.516
CLUBS FIVE DIAMONDS SEVEN,0.6158,0.1368,0.2474
CLUBS SIX DIAMONDS SEVEN,0.6174,0.1498,0.2328
CLUBS SIX SPADES EIGHT,0.473,0.3082,0.2188
SPADES JACK CLUBS TWO,0.4342,0.0216,0.5442
CLUBS SIX SPADES NINE,0.4126,0.04,0.5474
SPADES TEN CLUBS TWO,0.4392,0.0274,0.5334
CLUBS SEVEN DIAMONDS SEVEN,0.311,0.0706,0.6184
CLUBS TWO CLUBS QUEEN,0.4186,0.0124,0.569
CLUBS TWO CLUBS KING,0.4144,0.0094,0.5762
CLUBS THREE DIAMONDS EIGHT,0.5096,0.2962,0.1942
CLUBS TWO CLUBS ACE,0.418,0.0058,0.5762
CLUBS TWO DIAMONDS EIGHT,0.491,0.301,0.208
DIAMONDS EIGHT HEARTS SEVEN,0.0208,0.9608,0.0184
HEARTS SIX DIAMONDS EIGHT,0.4802,0.2958,0.224
DIAMONDS EIGHT HEARTS NINE,0.2484,0.1052,0.6464
CLUBS TEN CLUBS TWO,0.4316,0.0234,0.545
DIAMONDS EIGHT HEARTS EIGHT,0.1376,0.0768,0.7856
CLUBS TWO CLUBS JACK,0.4214,0.015,0.5636
CLUBS NINE DIAMONDS EIGHT,0.2454,0.0934,0.6612
CLUBS FIVE DIAMONDS EIGHT,0.4792,0.297,0.2238
SPADES ACE SPADES THREE,0.4144,0.0044,0.5812
CLUBS FOUR DIAMONDS EIGHT,0.4932,0.2968,0.21
SPADES QUEEN SPADES THREE,0.4234,0.0104,0.5662
CLUBS SEVEN DIAMONDS EIGHT,0.0182,0.9722,0.0096
CLUBS SIX DIAMONDS EIGHT,0.4844,0.297,0.2186
SPADES KING SPADES THREE,0.4186,0.0094,0.572
DIAMONDS QUEEN DIAMONDS EIGHT,0.2586,0.0442,0.6972
HEARTS TWO DIAMONDS EIGHT,0.4838,0.296,0.2202
DIAMONDS KING DIAMONDS EIGHT,0.269,0.0302,0.7008
HEARTS THREE DIAMONDS EIGHT,0.4898,0.2998,0.2104
DIAMONDS ACE DIAMONDS EIGHT,0.2626,0.0242,0.7132
HEARTS FOUR DIAMONDS EIGHT,0.4842,0.2944,0.2214
HEARTS FIVE DIAMONDS EIGHT,0.4816,0.2912,0.2272
DIAMONDS EIGHT DIAMONDS TEN,0.2422,0.0684,0.6894
DIAMONDS EIGHT DIAMONDS JACK,0.2598,0.0588,0.6814
SPADES JACK SPADES THREE,0.4298,0.0152,0.555
SPADES TEN SPADES THREE,0.441,0.023,0.536
CLUBS FOUR HEARTS ACE,0.4392,0.0028,0.558
CLUBS FOUR HEARTS QUEEN,0.4326,0.0126,0.5548
CLUBS FOUR HEARTS KING,0.441,0.0088,0.5502
CLUBS SIX HEARTS TEN,0.4162,0.0256,0.5582
CLUBS SIX HEARTS JACK,0.4248,0.0168,0.5584
SPADES FOUR DIAMONDS EIGHT,0.482,0.296,0.222
SPADES FIVE DIAMONDS EIGHT,0.4942,0.294,0.2118
DIAMONDS EIGHT SPADES TWO,0.4924,0.2994,0.2082
DIAMONDS EIGHT SPADES THREE,0.4866,0.3124,0.201
CLUBS FOUR HEARTS JACK,0.4398,0.0172,0.543
SPADES EIGHT DIAMONDS EIGHT,0.137,0.0782,0.7848
SPADES TEN DIAMONDS QUEEN,0.3604,0.0104,0.6292
SPADES TEN HEARTS TWO,0.4374,0.0286,0.534
SPADES JACK HEARTS EIGHT,0.2644,0.0598,0.6758
CLUBS FOUR HEARTS TEN,0.4426,0.0244,0.533
SPADES NINE DIAMONDS EIGHT,0.241,0.102,0.657
SPADES TEN HEARTS EIGHT,0.2448,0.083,0.6722
SPADES JACK HEARTS TWO,0.4354,0.0192,0.5454
SPADES JACK DIAMONDS QUEEN,0.3634,0.0096,0.627
SPADES SIX DIAMONDS EIGHT,0.4774,0.3018,0.2208
SPADES ACE HEARTS TWO,0.4254,0.0068,0.5678
SPADES ACE DIAMONDS QUEEN,0.3644,0.0036,0.632
SPADES ACE HEARTS EIGHT,0.2744,0.021,0.7046
SPADES KING HEARTS EIGHT,0.2872,0.035,0.6778
SPADES QUEEN HEARTS TWO,0.433,0.0122,0.5548
SPADES QUEEN DIAMONDS QUEEN,0.1912,0.0234,0.7854
SPADES KING DIAMONDS QUEEN,0.355,0.006,0.639
SPADES KING HEARTS TWO,0.4368,0.007,0.5562
SPADES QUEEN HEARTS EIGHT,0.254,0.0462,0.6998
CLUBS TWO HEARTS TEN,0.4512,0.025,0.5238
CLUBS TWO HEARTS JACK,0.4512,0.0184,0.5304
SPADES SIX DIAMONDS NINE,0.4166,0.041,0.5424
SPADES NINE DIAMONDS NINE,0.1584,0.0564,0.7852
SPADES EIGHT DIAMONDS NINE,0.2312,0.1104,0.6584
SPADES TEN CLUBS KING,0.3602,0.0066,0.6332
DIAMONDS NINE SPADES THREE,0.4438,0.0432,0.513
SPADES JACK CLUBS KING,0.3556,0.011,0.6334
DIAMONDS NINE SPADES TWO,0.451,0.0456,0.5034
SPADES FIVE DIAMONDS NINE,0.44,0.0432,0.5168
DIAMONDS NINE SPADES FOUR,0.4268,0.0408,0.5324
CLUBS NINE DIAMONDS NINE,0.1584,0.056,0.7856
CLUBS SIX DIAMONDS NINE,0.4154,0.0446,0.54
SPADES JACK CLUBS FOUR,0.4306,0.0194,0.55
SPADES TEN CLUBS FOUR,0.4246,0.0264,0.549
CLUBS SEVEN DIAMONDS NINE,0.2634,0.1018,0.6348
CLUBS FOUR DIAMONDS NINE,0.4372,0.0458,0.517
CLUBS FIVE DIAMONDS NINE,0.425,0.0454,0.5296
CLUBS TWO DIAMONDS NINE,0.442,0.0402,0.5178
CLUBS THREE DIAMONDS NINE,0.458,0.0394,0.5026
DIAMONDS NINE HEARTS EIGHT,0.2512,0.103,0.6458
DIAMONDS NINE HEARTS NINE,0.1674,0.0576,0.775
HEARTS SIX DIAMONDS NINE,0.4136,0.041,0.5454
DIAMONDS NINE HEARTS SEVEN,0.2518,0.1068,0.6414
DIAMONDS ACE DIAMONDS NINE,0.3498,0.0026,0.6476
HEARTS FOUR DIAMONDS NINE,0.4358,0.0384,0.5258
HEARTS FIVE DIAMONDS NINE,0.4264,0.0388,0.5348
CLUBS TWO HEARTS ACE,0.4344,0.0064,0.5592
SPADES ACE CLUBS FOUR,0.4246,0.0046,0.5708
DIAMONDS QUEEN DIAMONDS NINE,0.3408,0.01,0.6492
HEARTS TWO DIAMONDS NINE,0.4412,0.0424,0.5164
CLUBS TWO HEARTS KING,0.446,0.0074,0.5466
SPADES KING CLUBS FOUR,0.4402,0.008,0.5518
DIAMONDS KING DIAMONDS NINE,0.3484,0.009,0.6426
HEARTS THREE DIAMONDS NINE,0.4422,0.0388,0.519
CLUBS TWO HEARTS QUEEN,0.4472,0.0136,0.5392
SPADES QUEEN CLUBS FOUR,0.4346,0.0104,0.555
DIAMONDS NINE DIAMONDS JACK,0.3328,0.0154,0.6518
DIAMONDS NINE DIAMONDS TEN,0.3268,0.0188,0.6544
HEARTS SIX DIAMONDS TEN,0.4222,0.022,0.5558
DIAMONDS TEN HEARTS SEVEN,0.2692,0.0678,0.663
DIAMONDS TEN HEARTS EIGHT,0.2548,0.0792,0.666
CLUBS FOUR CLUBS JACK,0.4154,0.0196,0.565
DIAMONDS TEN HEARTS NINE,0.3508,0.0234,0.6258
CLUBS TEN CLUBS FOUR,0.4284,0.029,0.5426
CLUBS FOUR CLUBS KING,0.4146,0.0096,0.5758
CLUBS FOUR CLUBS QUEEN,0.41,0.0108,0.5792
CLUBS TWO DIAMONDS TEN,0.452,0.0272,0.5208
CLUBS THREE DIAMONDS TEN,0.4458,0.0316,0.5226
CLUBS FOUR CLUBS ACE,0.4052,0.004,0.5908
DIAMONDS JACK DIAMONDS TEN,0.3262,0.0096,0.6642
DIAMONDS QUEEN DIAMONDS TEN,0.335,0.01,0.655
HEARTS TWO DIAMONDS TEN,0.4434,0.0296,0.527
DIAMONDS KING DIAMONDS TEN,0.3424,0.0072,0.6504
HEARTS THREE DIAMONDS TEN,0.445,0.0272,0.5278
DIAMONDS ACE DIAMONDS TEN,0.3424,0.004,0.6536
HEARTS FOUR DIAMONDS TEN,0.4354,0.028,0.5366
HEARTS FIVE DIAMONDS TEN,0.4302,0.0196,0.5502
CLUBS NINE SPADES THREE,0.4542,0.0374,0.5084
CLUBS NINE SPADES TWO,0.4432,0.0408,0.516
CLUBS NINE SPADES FIVE,0.4214,0.0406,0.538
CLUBS NINE SPADES FOUR,0.4326,0.0438,0.5236
CLUBS NINE SPADES SIX,0.4054,0.0384,0.5562
CLUBS NINE SPADES NINE,0.153,0.061,0.786
CLUBS TEN HEARTS EIGHT,0.2502,0.0772,0.6726
CLUBS NINE SPADES EIGHT,0.2398,0.0994,0.6608
CLUBS JACK HEARTS EIGHT,0.2746,0.0554,0.67
CLUBS QUEEN HEARTS EIGHT,0.2658,0.0482,0.686
CLUBS KING HEARTS EIGHT,0.278,0.0328,0.6892
CLUBS ACE HEARTS EIGHT,0.2724,0.0242,0.7034
SPADES KING CLUBS KING,0.1746,0.0174,0.808
SPADES QUEEN CLUBS KING,0.351,0.0074,0.6416
SPADES ACE CLUBS KING,0.3744,0.0022,0.6234
DIAMONDS ACE HEARTS TEN,0.3702,0.0038,0.626
HEARTS FOUR HEARTS TEN,0.417,0.0252,0.5578
DIAMONDS ACE HEARTS JACK,0.3826,0.0028,0.6146
HEARTS FOUR HEARTS JACK,0.3952,0.0196,0.5852
SPADES KING CLUBS FIVE,0.422,0.0078,0.5702
SPADES QUEEN CLUBS FIVE,0.4276,0.0086,0.5638
SPADES ACE CLUBS FIVE,0.4266,0.0056,0.5678
DIAMONDS JACK HEARTS SEVEN,0.2856,0.0546,0.6598
HEARTS SIX DIAMONDS JACK,0.4248,0.0124,0.5628
DIAMONDS JACK HEARTS NINE,0.3476,0.0166,0.6358
DIAMONDS JACK HEARTS EIGHT,0.2772,0.0574,0.6654
DIAMONDS KING DIAMONDS JACK,0.3322,0.0054,0.6624
HEARTS THREE DIAMONDS JACK,0.4518,0.0164,0.5318
SPADES ACE SPADES SIX,0.4102,0.0044,0.5854
SPADES FOUR HEARTS ACE,0.4308,0.0026,0.5666
DIAMONDS QUEEN DIAMONDS JACK,0.3326,0.009,0.6584
HEARTS TWO DIAMONDS JACK,0.4418,0.0158,0.5424
HEARTS FIVE DIAMONDS JACK,0.428,0.0164,0.5556
SPADES QUEEN SPADES SIX,0.4046,0.011,0.5844
SPADES FOUR HEARTS QUEEN,0.4392,0.0102,0.5506
DIAMONDS ACE DIAMONDS JACK,0.3494,0.0042,0.6464
HEARTS FOUR DIAMONDS JACK,0.4402,0.019,0.5408
SPADES KING SPADES SIX,0.4138,0.0086,0.5776
HEARTS KING SPADES FOUR,0.4396,0.0084,0.552
SPADES TEN SPADES SIX,0.4042,0.0266,0.5692
SPADES JACK SPADES SIX,0.4006,0.0182,0.5812
SPADES FOUR DIAMONDS JACK,0.443,0.0184,0.5386
SPADES FIVE DIAMONDS JACK,0.4298,0.0186,0.5516
DIAMONDS JACK SPADES TWO,0.4472,0.0182,0.5346
SPADES THREE DIAMONDS JACK,0.4564,0.0176,0.526
SPADES ACE DIAMONDS THREE,0.4248,0.0046,0.5706
SPADES QUEEN DIAMONDS THREE,0.4424,0.0102,0.5474
SPADES KING DIAMONDS THREE,0.4464,0.0088,0.5448
CLUBS NINE DIAMONDS JACK,0.3608,0.0156,0.6236
CLUBS SIX DIAMONDS JACK,0.4384,0.0174,0.5442
CLUBS SEVEN DIAMONDS JACK,0.2828,0.0496,0.6676
CLUBS FOUR DIAMONDS JACK,0.4528,0.0208,0.5264
CLUBS FIVE DIAMONDS JACK,0.4264,0.0158,0.5578
CLUBS TWO DIAMONDS JACK,0.4454,0.0178,0.5368
CLUBS THREE DIAMONDS JACK,0.4596,0.0198,0.5206
SPADES TEN CLUBS FIVE,0.4288,0.0254,0.5458
HEARTS SIX SPADES JACK,0.4292,0.0176,0.5532
HEARTS SIX SPADES TEN,0.41,0.0258,0.5642
SPADES JACK CLUBS FIVE,0.4284,0.0174,0.5542
SPADES JACK DIAMONDS THREE,0.4406,0.016,0.5434
CLUBS SEVEN CLUBS ACE,0.2852,0.0218,0.693
DIAMONDS THREE SPADES TEN,0.4616,0.0262,0.5122
CLUBS SEVEN CLUBS QUEEN,0.2756,0.045,0.6794
CLUBS SEVEN CLUBS KING,0.2748,0.0324,0.6928
SPADES NINE DIAMONDS JACK,0.3556,0.0176,0.6268
CLUBS TEN CLUBS SEVEN,0.26,0.0676,0.6724
DIAMONDS ACE HEARTS ACE,0.1956,0.0016,0.8028
HEARTS FOUR HEARTS ACE,0.4028,0.0054,0.5918
SPADES EIGHT DIAMONDS JACK,0.2646,0.064,0.6714
SPADES ACE HEARTS SIX,0.4158,0.0044,0.5798
CLUBS SEVEN CLUBS JACK,0.2764,0.0518,0.6718
DIAMONDS ACE HEARTS KING,0.3724,0.0036,0.624
HEARTS FOUR HEARTS KING,0.4124,0.0078,0.5798
SPADES KING HEARTS SIX,0.4314,0.0084,0.5602
DIAMONDS ACE HEARTS QUEEN,0.363,0.0024,0.6346
HEARTS FOUR HEARTS QUEEN,0.4098,0.013,0.5772
SPADES SIX DIAMONDS JACK,0.43,0.0202,0.5498
SPADES QUEEN HEARTS SIX,0.408,0.0114,0.5806
SPADES TWO DIAMONDS TEN,0.4426,0.028,0.5294
SPADES THREE DIAMONDS TEN,0.4444,0.0258,0.5298
SPADES FOUR DIAMONDS TEN,0.4506,0.0242,0.5252
SPADES FIVE DIAMONDS TEN,0.4466,0.0232,0.5302
SPADES SIX DIAMONDS TEN,0.4224,0.0234,0.5542
SPADES EIGHT DIAMONDS TEN,0.2388,0.0762,0.685
SPADES NINE DIAMONDS TEN,0.3508,0.0226,0.6266
CLUBS FOUR DIAMONDS TEN,0.4394,0.0276,0.533
CLUBS FIVE DIAMONDS TEN,0.4436,0.0256,0.5308
CLUBS SIX DIAMONDS TEN,0.4208,0.0294,0.5498
CLUBS SEVEN DIAMONDS TEN,0.2684,0.076,0.6556
CLUBS NINE DIAMONDS TEN,0.3352,0.0276,0.6372
DIAMONDS THREE CLUBS JACK,0.4374,0.021,0.5416
CLUBS TEN DIAMONDS THREE,0.4458,0.0248,0.5294
DIAMONDS THREE CLUBS KING,0.4422,0.0078,0.55
DIAMONDS THREE CLUBS QUEEN,0.4486,0.0148,0.5366
DIAMONDS THREE CLUBS ACE,0.4344,0.0028,0.5628
SPADES FOUR HEARTS JACK,0.432,0.0174,0.5506
SPADES FOUR HEARTS TEN,0.4356,0.0274,0.537
SPADES FIVE SPADES TWO,0.5874,0.0618,0.3508
SPADES FOUR SPADES TWO,0.5824,0.0646,0.353
SPADES THREE SPADES TWO,0.602,0.0572,0.3408
SPADES NINE SPADES TWO,0.4216,0.0398,0.5386
SPADES EIGHT SPADES TWO,0.4504,0.2892,0.2604
SPADES SIX SPADES TWO,0.6142,0.0564,0.3294
DIAMONDS QUEEN CLUBS THREE,0.4438,0.01,0.5462
HEARTS TWO CLUBS THREE,0.633,0.0562,0.3108
DIAMONDS QUEEN CLUBS TWO,0.4528,0.0116,0.5356
CLUBS TWO HEARTS TWO,0.4386,0.0836,0.4778
DIAMONDS QUEEN HEARTS SEVEN,0.2764,0.039,0.6846
HEARTS TWO HEARTS SEVEN,0.5968,0.1332,0.27
HEARTS SIX DIAMONDS QUEEN,0.4312,0.011,0.5578
HEARTS SIX HEARTS TWO,0.5996,0.058,0.3424
DIAMONDS QUEEN HEARTS NINE,0.3622,0.008,0.6298
HEARTS TWO HEARTS NINE,0.4218,0.0366,0.5416
DIAMONDS QUEEN HEARTS EIGHT,0.2644,0.0416,0.694
HEARTS TWO HEARTS EIGHT,0.4518,0.2792,0.269
CLUBS NINE HEARTS TWO,0.4396,0.041,0.5194
CLUBS NINE DIAMONDS QUEEN,0.3664,0.0102,0.6234
CLUBS FIVE DIAMONDS QUEEN,0.4226,0.0116,0.5658
CLUBS FIVE HEARTS TWO,0.6264,0.063,0.3106
SPADES EIGHT HEARTS ACE,0.274,0.0296,0.6964
CLUBS FOUR DIAMONDS QUEEN,0.4426,0.0116,0.5458
CLUBS FOUR HEARTS TWO,0.61,0.0602,0.3298
SPADES EIGHT HEARTS QUEEN,0.2646,0.0386,0.6968
CLUBS SEVEN HEARTS TWO,0.6394,0.1418,0.2188
CLUBS SEVEN DIAMONDS QUEEN,0.2994,0.0396,0.661
CLUBS SIX DIAMONDS QUEEN,0.4186,0.0134,0.568
CLUBS SIX HEARTS TWO,0.6446,0.0644,0.291
SPADES EIGHT HEARTS KING,0.2908,0.0308,0.6784
DIAMONDS QUEEN SPADES SIX,0.4142,0.0124,0.5734
HEARTS TWO SPADES SIX,0.6354,0.061,0.3036
HEARTS FOUR CLUBS QUEEN,0.4106,0.0092,0.5802
DIAMONDS ACE CLUBS QUEEN,0.3714,0.005,0.6236
HEARTS FOUR CLUBS KING,0.4298,0.011,0.5592
DIAMONDS ACE CLUBS KING,0.3762,0.0032,0.6206
DIAMONDS QUEEN SPADES EIGHT,0.261,0.0432,0.6958
SPADES EIGHT HEARTS TWO,0.4926,0.2962,0.2112
HEARTS FOUR CLUBS ACE,0.4272,0.0054,0.5674
DIAMONDS ACE CLUBS ACE,0.1848,0.003,0.8122
SPADES NINE DIAMONDS QUEEN,0.3616,0.011,0.6274
SPADES NINE HEARTS TWO,0.4494,0.043,0.5076
HEARTS TWO SPADES TWO,0.4296,0.0816,0.4888
DIAMONDS QUEEN SPADES TWO,0.4466,0.0084,0.545
HEARTS TWO SPADES THREE,0.6326,0.062,0.3054
DIAMONDS QUEEN SPADES THREE,0.4534,0.0116,0.535
HEARTS TWO SPADES FOUR,0.6174,0.0626,0.32
DIAMONDS QUEEN SPADES FOUR,0.4442,0.0102,0.5456
HEARTS FOUR CLUBS TEN,0.4272,0.027,0.5458
CLUBS TEN DIAMONDS ACE,0.3666,0.0038,0.6296
HEARTS TWO SPADES FIVE,0.599,0.058,0.343
DIAMONDS QUEEN SPADES FIVE,0.4242,0.0122,0.5636
HEARTS FOUR CLUBS JACK,0.432,0.0174,0.5506
DIAMONDS ACE CLUBS JACK,0.371,0.0042,0.6248
CLUBS FIVE CLUBS KING,0.3986,0.0084,0.593
CLUBS FIVE CLUBS QUEEN,0.4098,0.013,0.5772
CLUBS FIVE CLUBS ACE,0.4102,0.006,0.5838
CLUBS FIVE CLUBS JACK,0.4154,0.0172,0.5674
CLUBS TEN CLUBS FIVE,0.4032,0.026,0.5708
SPADES KING CLUBS JACK,0.3464,0.0062,0.6474
SPADES QUEEN CLUBS JACK,0.3498,0.0098,0.6404
SPADES ACE CLUBS JACK,0.3678,0.004,0.6282
SPADES SIX CLUBS KING,0.4158,0.0084,0.5758
SPADES SIX CLUBS QUEEN,0.425,0.0096,0.5654
SPADES EIGHT HEARTS JACK,0.2798,0.0632,0.657
SPADES SIX CLUBS ACE,0.4158,0.004,0.5802
SPADES EIGHT HEARTS TEN,0.246,0.0792,0.6748
SPADES SIX CLUBS JACK,0.4386,0.0174,0.544
CLUBS TEN SPADES SIX,0.4166,0.0288,0.5546
SPADES TEN CLUBS JACK,0.3276,0.0144,0.658
SPADES JACK CLUBS JACK,0.1704,0.0378,0.7918
SPADES QUEEN CLUBS SEVEN,0.2864,0.0414,0.6722
SPADES KING CLUBS SEVEN,0.2942,0.0338,0.672
SPADES ACE CLUBS SEVEN,0.2906,0.0222,0.6872
SPADES SIX HEARTS TEN,0.4216,0.0272,0.5512
SPADES SIX HEARTS JACK,0.4408,0.0176,0.5416
SPADES SIX HEARTS ACE,0.427,0.0046,0.5684
SPADES SIX HEARTS KING,0.4258,0.0074,0.5668
SPADES SIX HEARTS QUEEN,0.4364,0.0126,0.551
SPADES JACK CLUBS SEVEN,0.2868,0.0538,0.6594
CLUBS SEVEN SPADES TEN,0.2642,0.0732,0.6626
CLUBS TEN HEARTS SIX,0.4116,0.027,0.5614
HEARTS SIX CLUBS JACK,0.4302,0.0192,0.5506
CLUBS ACE CLUBS JACK,0.3556,0.0046,0.6398
HEARTS SIX CLUBS QUEEN,0.4188,0.0124,0.5688
HEARTS SIX CLUBS KING,0.425,0.0066,0.5684
HEARTS SIX CLUBS ACE,0.4228,0.002,0.5752
CLUBS QUEEN CLUBS JACK,0.3306,0.009,0.6604
CLUBS KING CLUBS JACK,0.3506,0.0054,0.644
DIAMONDS THREE HEARTS ACE,0.4444,0.0038,0.5518
DIAMONDS THREE HEARTS QUEEN,0.435,0.0128,0.5522
DIAMONDS THREE HEARTS KING,0.4464,0.0064,0.5472
CLUBS FIVE HEARTS JACK,0.4292,0.0178,0.553
SPADES TEN DIAMONDS ACE,0.3818,0.0032,0.615
HEARTS FOUR SPADES TEN,0.4192,0.03,0.5508
CLUBS FIVE HEARTS TEN,0.4408,0.0256,0.5336
HEARTS FOUR SPADES JACK,0.4252,0.0192,0.5556
SPADES JACK DIAMONDS ACE,0.3606,0.0044,0.635
SPADES ACE HEARTS FOUR,0.425,0.0046,0.5704
SPADES ACE DIAMONDS ACE,0.1864,0.0038,0.8098
CLUBS FIVE HEARTS ACE,0.428,0.0042,0.5678
CLUBS FIVE HEARTS KING,0.4288,0.0076,0.5636
HEARTS FOUR SPADES QUEEN,0.4224,0.0136,0.564
SPADES QUEEN DIAMONDS ACE,0.3708,0.0042,0.625
SPADES FOUR CLUBS JACK,0.4372,0.0196,0.5432
CLUBS FIVE HEARTS QUEEN,0.4346,0.0104,0.555
SPADES KING DIAMONDS ACE,0.3718,0.0028,0.6254
HEARTS FOUR SPADES KING,0.428,0.0088,0.5632
CLUBS TEN SPADES FOUR,0.4256,0.0258,0.5486
DIAMONDS QUEEN DIAMONDS ACE,0.3374,0.0064,0.6562
HEARTS TWO DIAMONDS ACE,0.4312,0.0018,0.567
HEARTS FOUR DIAMONDS QUEEN,0.4432,0.0128,0.544
HEARTS FOUR HEARTS TWO,0.5826,0.0554,0.362
DIAMONDS THREE HEARTS TEN,0.4564,0.0256,0.518
SPADES FOUR CLUBS KING,0.4324,0.0088,0.5588
HEARTS FIVE DIAMONDS QUEEN,0.4286,0.009,0.5624
HEARTS FIVE HEARTS TWO,0.57,0.0596,0.3704
DIAMONDS THREE HEARTS JACK,0.444,0.0174,0.5386
SPADES FOUR CLUBS QUEEN,0.435,0.013,0.552
DIAMONDS QUEEN HEARTS TWO,0.453,0.0104,0.5366
DIAMONDS KING DIAMONDS QUEEN,0.33,0.0068,0.6632
DIAMONDS KING HEARTS TWO,0.438,0.0038,0.5582
HEARTS THREE DIAMONDS QUEEN,0.4316,0.011,0.5574
HEARTS THREE HEARTS TWO,0.5744,0.058,0.3676
SPADES FOUR CLUBS ACE,0.4314,0.003,0.5656
HEARTS TWO CLUBS ACE,0.4232,0.004,0.5728
DIAMONDS QUEEN CLUBS ACE,0.3648,0.0062,0.629
HEARTS TWO CLUBS QUEEN,0.4488,0.0128,0.5384
DIAMONDS QUEEN CLUBS QUEEN,0.1832,0.026,0.7908
HEARTS TWO CLUBS KING,0.4386,0.0068,0.5546
DIAMONDS QUEEN CLUBS KING,0.357,0.0044,0.6386
SPADES EIGHT SPADES FIVE,0.453,0.2804,0.2666
CLUBS TEN HEARTS TWO,0.4452,0.027,0.5278
CLUBS TEN DIAMONDS QUEEN,0.3546,0.009,0.6364
SPADES NINE SPADES FIVE,0.3974,0.0398,0.5628
HEARTS TWO CLUBS JACK,0.4498,0.017,0.5332
DIAMONDS QUEEN CLUBS JACK,0.3408,0.008,0.6512
SPADES SIX SPADES FIVE,0.5644,0.06,0.3756
DIAMONDS FIVE CLUBS QUEEN,0.4202,0.0142,0.5656
SPADES EIGHT CLUBS ACE,0.265,0.0304,0.7046
DIAMONDS FIVE CLUBS KING,0.4248,0.0088,0.5664
SPADES EIGHT CLUBS KING,0.2872,0.0348,0.678
CLUBS ACE DIAMONDS FIVE,0.4174,0.004,0.5786
SPADES EIGHT CLUBS QUEEN,0.2626,0.051,0.6864
SPADES EIGHT CLUBS JACK,0.2508,0.063,0.6862
CLUBS TEN SPADES EIGHT,0.2584,0.0764,0.6652
CLUBS TEN DIAMONDS FIVE,0.42,0.0278,0.5522
DIAMONDS FIVE CLUBS JACK,0.4228,0.0164,0.5608
HEARTS JACK DIAMONDS TEN,0.3522,0.016,0.6318
DIAMONDS TEN HEARTS TEN,0.1754,0.0468,0.7778
SPADES ACE CLUBS NINE,0.3608,0.0056,0.6336
CLUBS NINE SPADES QUEEN,0.353,0.0118,0.6352
CLUBS NINE SPADES KING,0.3602,0.0078,0.632
HEARTS SIX HEARTS KING,0.405,0.007,0.588
SPADES KING DIAMONDS SEVEN,0.2894,0.032,0.6786
HEARTS SIX HEARTS QUEEN,0.3904,0.0084,0.6012
DIAMONDS KING SPADES SIX,0.4306,0.0056,0.5638
HEARTS THREE SPADES SIX,0.6324,0.0638,0.3038
SPADES QUEEN DIAMONDS SEVEN,0.2912,0.0376,0.6712
DIAMONDS KING SPADES NINE,0.3576,0.0058,0.6366
HEARTS THREE SPADES NINE,0.4324,0.0406,0.527
HEARTS SIX HEARTS ACE,0.3914,0.0044,0.6042
DIAMONDS KING SPADES EIGHT,0.2776,0.0326,0.6898
HEARTS THREE SPADES EIGHT,0.4812,0.3046,0.2142
SPADES ACE DIAMONDS SEVEN,0.2942,0.0194,0.6864
CLUBS NINE HEARTS THREE,0.4332,0.0404,0.5264
CLUBS NINE DIAMONDS KING,0.3644,0.008,0.6276
HEARTS THREE SPADES THREE,0.4398,0.0804,0.4798
DIAMONDS KING SPADES THREE,0.4372,0.0074,0.5554
HEARTS THREE SPADES TWO,0.6288,0.0638,0.3074
DIAMONDS KING SPADES TWO,0.4464,0.01,0.5436
HEARTS THREE SPADES FIVE,0.613,0.0624,0.3246
DIAMONDS KING SPADES FIVE,0.439,0.005,0.556
HEARTS THREE SPADES FOUR,0.588,0.0648,0.3472
DIAMONDS KING SPADES FOUR,0.4376,0.0088,0.5536
