opposingHand,winningChance,drawChance,lostChance
CLUBS SEVEN DIAMONDS QUEEN
HEARTS FIVE SPADES TEN,0.6274,0.01,0.3626
HEARTS FIVE SPADES JACK,0.6272,0.0112,0.3616
CLUBS JACK SPADES FIVE,0.6102,0.0092,0.3806
CLUBS TEN SPADES FIVE,0.6322,0.0092,0.3586
CLUBS JACK CLUBS EIGHT,0.5536,0.01,0.4364
CLUBS TEN CLUBS EIGHT,0.5386,0.011,0.4504
CLUBS EIGHT CLUBS KING,0.3396,0.0094,0.651
SPADES FIVE CLUBS ACE,0.378,0.0048,0.6172
CLUBS EIGHT CLUBS QUEEN,0.2228,0.2154,0.5618
SPADES FIVE CLUBS KING,0.3766,0.0062,0.6172
SPADES FIVE CLUBS QUEEN,0.4614,0.3054,0.2332
CLUBS EIGHT CLUBS ACE,0.3386,0.0042,0.6572
DIAMONDS TWO DIAMONDS THREE,0.5988,0.0156,0.3856
DIAMONDS TWO DIAMONDS FIVE,0.615,0.014,0.371
HEARTS FIVE SPADES KING,0.3914,0.0052,0.6034
DIAMONDS TWO DIAMONDS FOUR,0.6014,0.0124,0.3862
HEARTS FIVE SPADES QUEEN,0.4756,0.2976,0.2268
DIAMONDS TWO DIAMONDS SEVEN,0.695,0.047,0.258
DIAMONDS TWO DIAMONDS SIX,0.6254,0.0118,0.3628
SPADES ACE HEARTS FIVE,0.392,0.0038,0.6042
DIAMONDS TWO DIAMONDS NINE,0.6096,0.014,0.3764
DIAMONDS TWO DIAMONDS EIGHT,0.6106,0.0128,0.3766
DIAMONDS THREE DIAMONDS FOUR,0.6078,0.0106,0.3816
CLUBS TWO SPADES FOUR,0.639,0.0152,0.3458
DIAMONDS THREE DIAMONDS FIVE,0.5822,0.0146,0.4032
SPADES FIVE CLUBS TWO,0.6418,0.0108,0.3474
CLUBS TWO SPADES TWO,0.4426,0.0278,0.5296
CLUBS TWO SPADES THREE,0.6344,0.013,0.3526
DIAMONDS THREE DIAMONDS EIGHT,0.6086,0.0118,0.3796
SPADES EIGHT CLUBS TWO,0.6332,0.0114,0.3554
DIAMONDS THREE DIAMONDS NINE,0.5956,0.0122,0.3922
SPADES NINE CLUBS TWO,0.6446,0.0126,0.3428
DIAMONDS THREE DIAMONDS SIX,0.6104,0.011,0.3786
SPADES SIX CLUBS TWO,0.6588,0.0116,0.3296
DIAMONDS THREE DIAMONDS SEVEN,0.685,0.0482,0.2668
SPADES SEVEN CLUBS TWO,0.7218,0.0486,0.2296
CLUBS SIX CLUBS TWO,0.6316,0.0132,0.3552
CLUBS FOUR CLUBS TWO,0.6078,0.014,0.3782
CLUBS FIVE CLUBS TWO,0.6056,0.0158,0.3786
CLUBS TEN CLUBS JACK,0.5218,0.0102,0.468
DIAMONDS FOUR DIAMONDS SIX,0.5988,0.0102,0.391
CLUBS TEN CLUBS QUEEN,0.2222,0.1206,0.6572
DIAMONDS FOUR DIAMONDS SEVEN,0.6646,0.046,0.2894
CLUBS TEN CLUBS KING,0.3174,0.0086,0.674
CLUBS TEN CLUBS ACE,0.3332,0.0052,0.6616
CLUBS EIGHT CLUBS TWO,0.6032,0.0124,0.3844
DIAMONDS FIVE DIAMONDS FOUR,0.5914,0.0108,0.3978
CLUBS NINE CLUBS TWO,0.6036,0.0146,0.3818
DIAMONDS NINE DIAMONDS FOUR,0.6098,0.0136,0.3766
DIAMONDS EIGHT DIAMONDS FOUR,0.5842,0.0138,0.402
CLUBS THREE CLUBS TWO,0.6246,0.0126,0.3628
DIAMONDS NINE DIAMONDS FIVE,0.5896,0.0112,0.3992
CLUBS JACK DIAMONDS TWO,0.6352,0.0114,0.3534
DIAMONDS EIGHT DIAMONDS FIVE,0.589,0.0126,0.3984
CLUBS TEN DIAMONDS TWO,0.63,0.0134,0.3566
DIAMONDS FIVE DIAMONDS SEVEN,0.6396,0.0442,0.3162
DIAMONDS FIVE DIAMONDS SIX,0.5878,0.0126,0.3996
DIAMONDS TWO CLUBS ACE,0.389,0.0052,0.6058
DIAMONDS TWO CLUBS KING,0.3986,0.0082,0.5932
DIAMONDS TWO CLUBS QUEEN,0.4768,0.309,0.2142
DIAMONDS EIGHT DIAMONDS SIX,0.575,0.0116,0.4134
DIAMONDS NINE DIAMONDS SIX,0.5672,0.0134,0.4194
HEARTS ACE SPADES THREE,0.4022,0.0036,0.5942
SPADES THREE HEARTS KING,0.4028,0.0048,0.5924
DIAMONDS SEVEN DIAMONDS SIX,0.64,0.048,0.312
HEARTS QUEEN SPADES THREE,0.459,0.3102,0.2308
SPADES THREE HEARTS JACK,0.6208,0.0106,0.3686
SPADES THREE HEARTS TEN,0.6232,0.0098,0.367
DIAMONDS EIGHT DIAMONDS SEVEN,0.6374,0.04,0.3226
DIAMONDS NINE DIAMONDS SEVEN,0.6464,0.0432,0.3104
DIAMONDS NINE DIAMONDS EIGHT,0.5262,0.0112,0.4626
DIAMONDS KING HEARTS TEN,0.338,0.007,0.655
HEARTS THREE HEARTS TEN,0.576,0.0114,0.4126
SPADES JACK CLUBS SIX,0.6404,0.0092,0.3504
DIAMONDS KING HEARTS JACK,0.3358,0.0068,0.6574
HEARTS THREE HEARTS JACK,0.5834,0.0118,0.4048
SPADES TEN CLUBS SIX,0.626,0.0106,0.3634
SPADES JACK SPADES FIVE,0.5798,0.0098,0.4104
SPADES TEN SPADES FIVE,0.586,0.0102,0.4038
DIAMONDS KING HEARTS ACE,0.3138,0.0054,0.6808
HEARTS THREE HEARTS ACE,0.3602,0.0042,0.6356
SPADES ACE CLUBS SIX,0.3958,0.0044,0.5998
DIAMONDS KING HEARTS QUEEN,0.2218,0.0284,0.7498
HEARTS THREE HEARTS QUEEN,0.4382,0.283,0.2788
SPADES KING CLUBS SIX,0.3908,0.0058,0.6034
DIAMONDS KING HEARTS KING,0.1298,0.003,0.8672
HEARTS THREE HEARTS KING,0.3744,0.0068,0.6188
SPADES QUEEN CLUBS SIX,0.4738,0.309,0.2172
SPADES NINE HEARTS TEN,0.539,0.0098,0.4512
SPADES NINE HEARTS JACK,0.5582,0.0104,0.4314
SPADES QUEEN SPADES FIVE,0.4496,0.2776,0.2728
SPADES KING SPADES FIVE,0.3758,0.0072,0.617
SPADES ACE SPADES FIVE,0.3632,0.0042,0.6326
SPADES NINE HEARTS QUEEN,0.2384,0.1614,0.6002
SPADES NINE HEARTS KING,0.351,0.0066,0.6424
SPADES NINE HEARTS ACE,0.3574,0.0024,0.6402
CLUBS TEN SPADES JACK,0.537,0.0082,0.4548
CLUBS TEN SPADES TEN,0.2766,0.0152,0.7082
SPADES ACE CLUBS TEN,0.353,0.0026,0.6444
CLUBS TEN SPADES KING,0.3274,0.0058,0.6668
CLUBS TEN SPADES QUEEN,0.2288,0.1246,0.6466
SPADES FIVE HEARTS QUEEN,0.4694,0.2918,0.2388
SPADES FIVE HEARTS KING,0.4022,0.0054,0.5924
HEARTS ACE SPADES FIVE,0.3884,0.0044,0.6072
CLUBS EIGHT SPADES TEN,0.5704,0.0096,0.42
SPADES JACK HEARTS THREE,0.6318,0.011,0.3572
SPADES JACK DIAMONDS KING,0.3382,0.0072,0.6546
SPADES TEN DIAMONDS KING,0.3312,0.0056,0.6632
SPADES TEN HEARTS THREE,0.6168,0.0096,0.3736
CLUBS EIGHT SPADES JACK,0.5784,0.0082,0.4134
CLUBS SIX HEARTS ACE,0.3822,0.0038,0.614
SPADES ACE CLUBS EIGHT,0.3636,0.0044,0.632
HEARTS FIVE CLUBS JACK,0.6214,0.0106,0.368
CLUBS TEN HEARTS FIVE,0.6286,0.0106,0.3608
CLUBS SIX HEARTS QUEEN,0.4694,0.3042,0.2264
SPADES QUEEN CLUBS EIGHT,0.2192,0.2202,0.5606
CLUBS TEN SPADES THREE,0.629,0.0112,0.3598
CLUBS SIX HEARTS KING,0.3872,0.0056,0.6072
SPADES KING CLUBS EIGHT,0.3688,0.0078,0.6234
CLUBS JACK SPADES THREE,0.6192,0.0098,0.371
DIAMONDS TWO HEARTS JACK,0.6284,0.0108,0.3608
SPADES THREE CLUBS QUEEN,0.469,0.2956,0.2354
DIAMONDS TWO HEARTS TEN,0.6284,0.0122,0.3594
SPADES THREE CLUBS KING,0.4054,0.0094,0.5852
HEARTS FIVE CLUBS ACE,0.3826,0.0048,0.6126
SPADES FIVE HEARTS TEN,0.6216,0.012,0.3664
SPADES THREE CLUBS ACE,0.4054,0.0046,0.59
HEARTS FIVE CLUBS KING,0.3996,0.0058,0.5946
SPADES FIVE HEARTS JACK,0.6254,0.011,0.3636
HEARTS FIVE CLUBS QUEEN,0.4712,0.3044,0.2244
HEARTS THREE CLUBS KING,0.383,0.0086,0.6084
DIAMONDS KING CLUBS KING,0.1196,0.0044,0.876
HEARTS THREE CLUBS QUEEN,0.466,0.3044,0.2296
DIAMONDS KING CLUBS QUEEN,0.2282,0.026,0.7458
HEARTS FIVE HEARTS JACK,0.5812,0.013,0.4058
HEARTS FIVE HEARTS TEN,0.5832,0.0068,0.41
HEARTS THREE CLUBS ACE,0.3968,0.0062,0.597
DIAMONDS KING CLUBS ACE,0.3002,0.003,0.6968
SPADES ACE CLUBS QUEEN,0.217,0.0172,0.7658
SPADES KING CLUBS QUEEN,0.2276,0.0236,0.7488
CLUBS JACK HEARTS THREE,0.63,0.009,0.361
CLUBS JACK DIAMONDS KING,0.333,0.0072,0.6598
SPADES QUEEN CLUBS QUEEN,0.078,0.0218,0.9002
CLUBS TEN HEARTS THREE,0.6176,0.0122,0.3702
CLUBS TEN DIAMONDS KING,0.3324,0.007,0.6606
SPADES JACK CLUBS QUEEN,0.2278,0.0854,0.6868
CLUBS SIX CLUBS QUEEN,0.448,0.2954,0.2566
SPADES TEN CLUBS QUEEN,0.222,0.129,0.649
CLUBS SIX CLUBS KING,0.3652,0.0076,0.6272
CLUBS SIX CLUBS ACE,0.366,0.0048,0.6292
HEARTS FIVE HEARTS KING,0.3764,0.0062,0.6174
HEARTS FIVE HEARTS QUEEN,0.4276,0.295,0.2774
CLUBS TEN CLUBS SIX,0.5894,0.0082,0.4024
HEARTS FIVE HEARTS ACE,0.3696,0.0052,0.6252
CLUBS JACK CLUBS SIX,0.5764,0.0102,0.4134
SPADES SEVEN HEARTS JACK,0.7176,0.0416,0.2408
SPADES SEVEN HEARTS TEN,0.6892,0.0454,0.2654
DIAMONDS TWO CLUBS TWO,0.4438,0.0314,0.5248
DIAMONDS TWO CLUBS THREE,0.655,0.0114,0.3336
DIAMONDS TWO HEARTS SIX,0.6568,0.0134,0.3298
DIAMONDS TWO HEARTS QUEEN,0.4686,0.3144,0.217
HEARTS SEVEN DIAMONDS TWO,0.7268,0.0488,0.2244
DIAMONDS TWO HEARTS KING,0.4082,0.0076,0.5842
DIAMONDS TWO HEARTS EIGHT,0.6284,0.0114,0.3602
DIAMONDS TWO HEARTS ACE,0.4026,0.0034,0.594
DIAMONDS TWO HEARTS NINE,0.6372,0.0126,0.3502
DIAMONDS TWO HEARTS TWO,0.4482,0.0252,0.5266
DIAMONDS TWO DIAMONDS KING,0.3798,0.0072,0.613
DIAMONDS TWO HEARTS THREE,0.6578,0.0118,0.3304
DIAMONDS TWO DIAMONDS ACE,0.3752,0.0042,0.6206
HEARTS FOUR DIAMONDS TWO,0.6362,0.0106,0.3532
HEARTS FIVE DIAMONDS TWO,0.6374,0.013,0.3496
SPADES SEVEN HEARTS ACE,0.2322,0.024,0.7438
DIAMONDS TWO DIAMONDS TEN,0.6068,0.012,0.3812
SPADES SEVEN HEARTS KING,0.2404,0.035,0.7246
DIAMONDS TWO DIAMONDS JACK,0.5948,0.011,0.3942
SPADES SEVEN HEARTS QUEEN,0.025,0.9552,0.0198
DIAMONDS TWO SPADES NINE,0.625,0.0108,0.3642
DIAMONDS TWO SPADES EIGHT,0.6328,0.0158,0.3514
DIAMONDS TWO SPADES SEVEN,0.7374,0.0466,0.216
DIAMONDS TWO SPADES SIX,0.6546,0.011,0.3344
DIAMONDS TWO SPADES FIVE,0.6346,0.0152,0.3502
DIAMONDS TWO SPADES FOUR,0.6498,0.0136,0.3366
DIAMONDS TWO SPADES THREE,0.655,0.01,0.335
DIAMONDS TWO SPADES TWO,0.4454,0.0286,0.526
DIAMONDS TWO CLUBS NINE,0.6302,0.0144,0.3554
CLUBS EIGHT DIAMONDS TWO,0.6386,0.0124,0.349
DIAMONDS TWO CLUBS SIX,0.667,0.0134,0.3196
DIAMONDS TWO CLUBS FIVE,0.6522,0.0144,0.3334
DIAMONDS TWO CLUBS FOUR,0.6436,0.0156,0.3408
CLUBS FOUR SPADES FIVE,0.6198,0.0108,0.3694
CLUBS FOUR SPADES FOUR,0.4328,0.0222,0.545
CLUBS FOUR SPADES THREE,0.6458,0.0118,0.3424
CLUBS FOUR SPADES TWO,0.641,0.0108,0.3482
SPADES NINE CLUBS FOUR,0.6308,0.011,0.3582
SPADES EIGHT CLUBS FOUR,0.6258,0.01,0.3642
SPADES SEVEN CLUBS FOUR,0.7152,0.043,0.2418
CLUBS FOUR SPADES SIX,0.6428,0.0098,0.3474
SPADES ACE DIAMONDS SIX,0.383,0.0034,0.6136
SPADES QUEEN DIAMONDS SIX,0.4722,0.3046,0.2232
SPADES KING DIAMONDS SIX,0.3828,0.0056,0.6116
SPADES TEN DIAMONDS SIX,0.6208,0.0072,0.372
SPADES JACK DIAMONDS SIX,0.6364,0.0086,0.355
SPADES QUEEN SPADES TWO,0.4374,0.2936,0.269
SPADES KING SPADES TWO,0.3748,0.0076,0.6176
SPADES ACE SPADES TWO,0.3862,0.005,0.6088
CLUBS JACK DIAMONDS JACK,0.282,0.0112,0.7068
CLUBS TEN DIAMONDS JACK,0.5326,0.013,0.4544
DIAMONDS JACK CLUBS KING,0.3302,0.0082,0.6616
DIAMONDS JACK CLUBS QUEEN,0.2278,0.0862,0.686
DIAMONDS THREE DIAMONDS JACK,0.599,0.0098,0.3912
DIAMONDS THREE DIAMONDS TEN,0.5936,0.0124,0.394
DIAMONDS JACK CLUBS ACE,0.3546,0.0066,0.6388
DIAMONDS THREE DIAMONDS KING,0.3706,0.008,0.6214
DIAMONDS THREE HEARTS THREE,0.4368,0.0262,0.537
DIAMONDS THREE HEARTS TWO,0.6498,0.0146,0.3356
HEARTS FIVE DIAMONDS THREE,0.636,0.0122,0.3518
DIAMONDS THREE DIAMONDS ACE,0.3716,0.0072,0.6212
HEARTS FOUR DIAMONDS THREE,0.612,0.0142,0.3738
HEARTS SEVEN DIAMONDS THREE,0.7222,0.0464,0.2314
SPADES TEN SPADES NINE,0.5188,0.0078,0.4734
HEARTS SIX DIAMONDS THREE,0.6404,0.0128,0.3468
SPADES JACK SPADES NINE,0.5254,0.0128,0.4618
DIAMONDS THREE HEARTS NINE,0.6328,0.0094,0.3578
HEARTS JACK DIAMONDS FOUR,0.6346,0.0148,0.3506
HEARTS ACE HEARTS KING,0.2984,0.0042,0.6974
SPADES TEN SPADES TWO,0.5916,0.0122,0.3962
DIAMONDS THREE HEARTS EIGHT,0.6432,0.0118,0.345
HEARTS TEN DIAMONDS FOUR,0.6206,0.014,0.3654
SPADES JACK SPADES TWO,0.591,0.0106,0.3984
HEARTS QUEEN DIAMONDS FOUR,0.4766,0.2952,0.2282
HEARTS KING DIAMONDS FOUR,0.4012,0.009,0.5898
SPADES ACE SPADES NINE,0.3442,0.0024,0.6534
HEARTS ACE DIAMONDS FOUR,0.3886,0.003,0.6084
SPADES KING SPADES NINE,0.3314,0.0082,0.6604
SPADES QUEEN SPADES NINE,0.2146,0.1564,0.629
DIAMONDS THREE SPADES NINE,0.6308,0.0124,0.3568
DIAMONDS THREE SPADES EIGHT,0.6362,0.0112,0.3526
DIAMONDS THREE SPADES SEVEN,0.711,0.0438,0.2452
DIAMONDS THREE SPADES SIX,0.6482,0.0104,0.3414
DIAMONDS THREE CLUBS SIX,0.6454,0.0098,0.3448
CLUBS FIVE CLUBS SIX,0.5822,0.0112,0.4066
CLUBS ACE DIAMONDS FOUR,0.3794,0.004,0.6166
DIAMONDS THREE CLUBS FOUR,0.638,0.0132,0.3488
DIAMONDS FOUR CLUBS QUEEN,0.4762,0.2972,0.2266
DIAMONDS THREE CLUBS FIVE,0.624,0.0126,0.3634
DIAMONDS FOUR CLUBS KING,0.4,0.0066,0.5934
DIAMONDS THREE CLUBS TWO,0.6588,0.0132,0.328
CLUBS TEN DIAMONDS FOUR,0.627,0.0108,0.3622
DIAMONDS THREE CLUBS THREE,0.4434,0.0268,0.5298
CLUBS JACK DIAMONDS FOUR,0.6324,0.0118,0.3558
DIAMONDS THREE SPADES FOUR,0.6232,0.0108,0.366
DIAMONDS THREE SPADES FIVE,0.6216,0.0126,0.3658
DIAMONDS THREE SPADES TWO,0.6624,0.012,0.3256
DIAMONDS THREE SPADES THREE,0.4318,0.0298,0.5384
CLUBS EIGHT DIAMONDS THREE,0.6346,0.013,0.3524
CLUBS NINE DIAMONDS THREE,0.6334,0.0122,0.3544
SPADES SEVEN CLUBS ACE,0.239,0.025,0.736
SPADES SEVEN CLUBS QUEEN,0.0122,0.9672,0.0206
SPADES SEVEN CLUBS KING,0.2266,0.039,0.7344
CLUBS FIVE SPADES SEVEN,0.6858,0.049,0.2652
CLUBS TEN SPADES SEVEN,0.6942,0.042,0.2638
CLUBS FIVE SPADES SIX,0.6184,0.0108,0.3708
CLUBS JACK SPADES SEVEN,0.7064,0.044,0.2496
CLUBS FIVE SPADES NINE,0.6234,0.0092,0.3674
CLUBS FIVE SPADES EIGHT,0.603,0.009,0.388
CLUBS FIVE SPADES THREE,0.6412,0.0124,0.3464
CLUBS FIVE SPADES TWO,0.6402,0.0126,0.3472
CLUBS FIVE SPADES FIVE,0.425,0.0284,0.5466
CLUBS FIVE SPADES FOUR,0.619,0.01,0.371
CLUBS NINE CLUBS FIVE,0.5844,0.0102,0.4054
CLUBS EIGHT CLUBS FIVE,0.5828,0.0122,0.405
CLUBS ACE CLUBS QUEEN,0.2252,0.015,0.7598
CLUBS KING CLUBS QUEEN,0.2154,0.0208,0.7638
DIAMONDS TEN DIAMONDS FOUR,0.595,0.0118,0.3932
CLUBS TEN DIAMONDS NINE,0.5652,0.0078,0.427
DIAMONDS JACK DIAMONDS FOUR,0.5946,0.0098,0.3956
CLUBS JACK DIAMONDS NINE,0.565,0.012,0.423
CLUBS JACK SPADES NINE,0.55,0.0106,0.4394
CLUBS TEN SPADES NINE,0.5414,0.0122,0.4464
DIAMONDS ACE DIAMONDS FOUR,0.3764,0.0036,0.62
HEARTS FOUR DIAMONDS FOUR,0.446,0.0252,0.5288
DIAMONDS JACK HEARTS TEN,0.5436,0.007,0.4494
SPADES NINE CLUBS KING,0.3392,0.007,0.6538
DIAMONDS TWO SPADES TEN,0.6252,0.0118,0.363
DIAMONDS NINE CLUBS ACE,0.3544,0.0044,0.6412
HEARTS FIVE DIAMONDS FOUR,0.619,0.0128,0.3682
DIAMONDS JACK HEARTS JACK,0.2952,0.009,0.6958
SPADES NINE CLUBS QUEEN,0.2256,0.1606,0.6138
DIAMONDS TWO SPADES JACK,0.6362,0.0092,0.3546
HEARTS TWO DIAMONDS FOUR,0.6448,0.014,0.3412
DIAMONDS NINE CLUBS QUEEN,0.2288,0.163,0.6082
DIAMONDS KING DIAMONDS FOUR,0.3824,0.0074,0.6102
HEARTS THREE DIAMONDS FOUR,0.6288,0.0136,0.3576
SPADES NINE CLUBS ACE,0.37,0.003,0.627
DIAMONDS NINE CLUBS KING,0.356,0.009,0.635
HEARTS ACE DIAMONDS JACK,0.3452,0.004,0.6508
SPADES ACE DIAMONDS TWO,0.3946,0.0042,0.6012
HEARTS QUEEN DIAMONDS JACK,0.2336,0.085,0.6814
SPADES QUEEN DIAMONDS TWO,0.4874,0.3006,0.212
DIAMONDS JACK HEARTS KING,0.3428,0.0056,0.6516
SPADES KING DIAMONDS TWO,0.4208,0.0088,0.5704
SPADES JACK SPADES SEVEN,0.6532,0.0444,0.3024
SPADES TEN SPADES SEVEN,0.6526,0.0388,0.3086
CLUBS SIX CLUBS THREE,0.6118,0.0154,0.3728
CLUBS FIVE CLUBS THREE,0.5876,0.0126,0.3998
CLUBS THREE CLUBS FOUR,0.6034,0.013,0.3836
CLUBS NINE CLUBS THREE,0.6038,0.011,0.3852
CLUBS EIGHT CLUBS THREE,0.5986,0.0136,0.3878
CLUBS THREE SPADES FIVE,0.6232,0.0128,0.364
CLUBS THREE SPADES FOUR,0.6248,0.0144,0.3608
CLUBS THREE SPADES THREE,0.4354,0.0266,0.538
CLUBS THREE SPADES TWO,0.6486,0.0134,0.338
CLUBS THREE SPADES SIX,0.6556,0.0122,0.3322
CLUBS THREE SPADES SEVEN,0.7234,0.0456,0.231
SPADES EIGHT CLUBS THREE,0.6434,0.011,0.3456
SPADES NINE CLUBS THREE,0.6364,0.0114,0.3522
SPADES TWO DIAMONDS FOUR,0.6356,0.0148,0.3496
SPADES THREE DIAMONDS FOUR,0.6278,0.0132,0.359
SPADES FOUR DIAMONDS FOUR,0.4288,0.0242,0.547
SPADES FIVE DIAMONDS FOUR,0.62,0.0124,0.3676
SPADES SIX DIAMONDS FOUR,0.6392,0.0114,0.3494
SPADES SEVEN DIAMONDS FOUR,0.6908,0.0452,0.264
SPADES EIGHT DIAMONDS FOUR,0.6318,0.013,0.3552
SPADES NINE DIAMONDS FOUR,0.6326,0.011,0.3564
CLUBS FIVE DIAMONDS FOUR,0.6114,0.0126,0.376
CLUBS FOUR DIAMONDS FOUR,0.4358,0.0222,0.542
CLUBS SIX DIAMONDS FOUR,0.6406,0.0124,0.347
CLUBS NINE DIAMONDS FOUR,0.6086,0.015,0.3764
CLUBS EIGHT DIAMONDS FOUR,0.6336,0.0114,0.355
HEARTS SEVEN DIAMONDS FOUR,0.6956,0.0466,0.2578
HEARTS SIX DIAMONDS FOUR,0.6196,0.0106,0.3698
DIAMONDS FOUR HEARTS NINE,0.6342,0.0108,0.355
DIAMONDS FOUR HEARTS EIGHT,0.6346,0.0126,0.3528
CLUBS THREE DIAMONDS FOUR,0.6296,0.0166,0.3538
CLUBS TWO DIAMONDS FOUR,0.6518,0.0136,0.3346
DIAMONDS TEN DIAMONDS FIVE,0.6144,0.0106,0.375
DIAMONDS JACK DIAMONDS FIVE,0.6066,0.0106,0.3828
DIAMONDS NINE HEARTS QUEEN,0.2304,0.1596,0.61
DIAMONDS NINE HEARTS KING,0.341,0.0052,0.6538
HEARTS ACE DIAMONDS NINE,0.3778,0.0028,0.6194
DIAMONDS NINE HEARTS TEN,0.5634,0.0108,0.4258
DIAMONDS NINE HEARTS JACK,0.561,0.0108,0.4282
CLUBS KING DIAMONDS SIX,0.3878,0.008,0.6042
CLUBS QUEEN DIAMONDS SIX,0.462,0.3144,0.2236
CLUBS ACE DIAMONDS SIX,0.3996,0.0032,0.5972
SPADES KING DIAMONDS FOUR,0.405,0.0072,0.5878
SPADES ACE SPADES SEVEN,0.2228,0.022,0.7552
SPADES QUEEN DIAMONDS FOUR,0.4628,0.3184,0.2188
SPADES QUEEN SPADES SEVEN,0.0216,0.909,0.0694
CLUBS JACK DIAMONDS SIX,0.6308,0.0122,0.357
SPADES KING SPADES SEVEN,0.2252,0.0324,0.7424
SPADES ACE DIAMONDS FOUR,0.3948,0.004,0.6012
CLUBS TEN DIAMONDS SIX,0.6234,0.0096,0.367
CLUBS NINE CLUBS FOUR,0.6046,0.0142,0.3812
CLUBS EIGHT CLUBS FOUR,0.5904,0.0126,0.397
SPADES JACK DIAMONDS FOUR,0.6336,0.0126,0.3538
SPADES TEN DIAMONDS FOUR,0.6226,0.0106,0.3668
CLUBS FIVE CLUBS FOUR,0.582,0.0148,0.4032
CLUBS SIX CLUBS FOUR,0.5906,0.0144,0.395
HEARTS SIX DIAMONDS FIVE,0.6114,0.0104,0.3782
HEARTS SEVEN DIAMONDS FIVE,0.6864,0.0478,0.2658
DIAMONDS FIVE HEARTS EIGHT,0.6128,0.0094,0.3778
DIAMONDS FIVE HEARTS NINE,0.6234,0.0106,0.366
HEARTS TWO DIAMONDS FIVE,0.6448,0.0152,0.34
HEARTS KING HEARTS EIGHT,0.3416,0.0066,0.6518
DIAMONDS KING DIAMONDS FIVE,0.3788,0.012,0.6092
HEARTS THREE DIAMONDS FIVE,0.6408,0.0124,0.3468
HEARTS QUEEN HEARTS EIGHT,0.2182,0.2008,0.581
DIAMONDS ACE DIAMONDS FIVE,0.3688,0.0062,0.625
HEARTS FOUR DIAMONDS FIVE,0.6188,0.0104,0.3708
HEARTS FIVE DIAMONDS FIVE,0.424,0.0262,0.5498
HEARTS ACE HEARTS EIGHT,0.3362,0.0028,0.661
CLUBS FOUR DIAMONDS FIVE,0.6144,0.0134,0.3722
CLUBS FIVE DIAMONDS FIVE,0.4398,0.0266,0.5336
CLUBS SIX DIAMONDS FIVE,0.6194,0.015,0.3656
CLUBS TWO DIAMONDS FIVE,0.6362,0.0118,0.352
CLUBS THREE DIAMONDS FIVE,0.626,0.0124,0.3616
SPADES THREE DIAMONDS FIVE,0.6196,0.0154,0.365
SPADES TWO DIAMONDS FIVE,0.6456,0.0144,0.34
SPADES JACK DIAMONDS EIGHT,0.5724,0.0104,0.4172
SPADES FIVE DIAMONDS FIVE,0.4286,0.0282,0.5432
CLUBS TEN HEARTS JACK,0.5458,0.0114,0.4428
SPADES TEN DIAMONDS EIGHT,0.5788,0.0106,0.4106
SPADES FOUR DIAMONDS FIVE,0.6098,0.0114,0.3788
CLUBS JACK HEARTS JACK,0.2826,0.0092,0.7082
HEARTS JACK CLUBS QUEEN,0.2196,0.1004,0.68
CLUBS NINE DIAMONDS FIVE,0.6226,0.0108,0.3666
CLUBS EIGHT DIAMONDS FIVE,0.5958,0.015,0.3892
HEARTS JACK CLUBS KING,0.342,0.0066,0.6514
CLUBS ACE HEARTS JACK,0.355,0.0036,0.6414
SPADES SEVEN DIAMONDS FIVE,0.6856,0.0474,0.267
SPADES KING DIAMONDS EIGHT,0.3734,0.005,0.6216
SPADES QUEEN DIAMONDS EIGHT,0.2336,0.217,0.5494
SPADES SIX DIAMONDS FIVE,0.6098,0.015,0.3752
SPADES NINE DIAMONDS FIVE,0.6146,0.0124,0.373
SPADES EIGHT DIAMONDS FIVE,0.6144,0.0106,0.375
SPADES ACE DIAMONDS EIGHT,0.3494,0.0042,0.6464
DIAMONDS TEN DIAMONDS SIX,0.6018,0.0118,0.3864
HEARTS ACE DIAMONDS SEVEN,0.2374,0.0268,0.7358
DIAMONDS JACK DIAMONDS SIX,0.6042,0.0092,0.3866
HEARTS QUEEN DIAMONDS SEVEN,0.0184,0.9702,0.0114
HEARTS KING DIAMONDS SEVEN,0.235,0.0356,0.7294
DIAMONDS ACE DIAMONDS SIX,0.3786,0.0062,0.6152
HEARTS FOUR DIAMONDS SIX,0.627,0.014,0.359
SPADES TWO HEARTS JACK,0.632,0.0114,0.3566
HEARTS FIVE DIAMONDS SIX,0.6156,0.011,0.3734
SPADES TWO HEARTS TEN,0.643,0.01,0.347
HEARTS TWO DIAMONDS SIX,0.6518,0.0144,0.3338
DIAMONDS KING DIAMONDS SIX,0.3616,0.006,0.6324
HEARTS THREE DIAMONDS SIX,0.642,0.0136,0.3444
HEARTS EIGHT DIAMONDS SIX,0.6044,0.0096,0.386
HEARTS NINE DIAMONDS SIX,0.618,0.0098,0.3722
HEARTS SIX DIAMONDS SIX,0.4142,0.0286,0.5572
HEARTS SEVEN DIAMONDS SIX,0.6728,0.0446,0.2826
HEARTS TEN DIAMONDS SEVEN,0.697,0.042,0.261
CLUBS TWO DIAMONDS SIX,0.6606,0.0146,0.3248
HEARTS JACK DIAMONDS SEVEN,0.7042,0.043,0.2528
CLUBS THREE DIAMONDS SIX,0.6498,0.011,0.3392
CLUBS JACK DIAMONDS EIGHT,0.5794,0.0114,0.4092
CLUBS SIX DIAMONDS SIX,0.4222,0.0246,0.5532
CLUBS TEN DIAMONDS EIGHT,0.5732,0.01,0.4168
CLUBS FIVE DIAMONDS SIX,0.6194,0.0134,0.3672
CLUBS FOUR DIAMONDS SIX,0.6424,0.0162,0.3414
HEARTS ACE HEARTS JACK,0.335,0.0042,0.6608
DIAMONDS EIGHT CLUBS ACE,0.3518,0.0048,0.6434
HEARTS QUEEN HEARTS JACK,0.2178,0.082,0.7002
DIAMONDS EIGHT CLUBS KING,0.3618,0.0068,0.6314
CLUBS NINE DIAMONDS SIX,0.6106,0.0146,0.3748
HEARTS KING HEARTS JACK,0.3128,0.0074,0.6798
CLUBS EIGHT DIAMONDS SIX,0.6052,0.0118,0.383
DIAMONDS EIGHT CLUBS QUEEN,0.2124,0.2262,0.5614
SPADES TEN HEARTS KING,0.339,0.0076,0.6534
SPADES FIVE DIAMONDS SIX,0.6052,0.011,0.3838
HEARTS ACE SPADES TWO,0.392,0.005,0.603
SPADES JACK HEARTS KING,0.3482,0.0046,0.6472
SPADES FOUR DIAMONDS SIX,0.6258,0.01,0.3642
SPADES THREE DIAMONDS SIX,0.6602,0.0108,0.329
HEARTS QUEEN SPADES TWO,0.4644,0.3066,0.229
SPADES ACE SPADES KING,0.3084,0.0044,0.6872
HEARTS KING SPADES TWO,0.3906,0.0076,0.6018
SPADES TWO DIAMONDS SIX,0.6662,0.0118,0.322
HEARTS TEN HEARTS EIGHT,0.5254,0.0104,0.4642
SPADES NINE DIAMONDS SIX,0.6118,0.0116,0.3766
HEARTS JACK HEARTS EIGHT,0.5526,0.0096,0.4378
SPADES EIGHT DIAMONDS SIX,0.6022,0.0144,0.3834
SPADES SEVEN DIAMONDS SIX,0.6606,0.048,0.2914
SPADES SIX DIAMONDS SIX,0.4298,0.025,0.5452
SPADES KING HEARTS KING,0.1404,0.0014,0.8582
SPADES QUEEN HEARTS KING,0.229,0.0282,0.7428
CLUBS ACE CLUBS KING,0.3014,0.0074,0.6912
SPADES ACE HEARTS KING,0.3248,0.0036,0.6716
SPADES ACE HEARTS JACK,0.3464,0.0044,0.6492
SPADES QUEEN HEARTS JACK,0.2324,0.0812,0.6864
SPADES KING HEARTS JACK,0.3394,0.0056,0.655
SPADES TEN DIAMONDS TEN,0.2814,0.0138,0.7048
SPADES JACK DIAMONDS TEN,0.5462,0.0108,0.443
SPADES ACE DIAMONDS TEN,0.3496,0.0036,0.6468
SPADES JACK HEARTS JACK,0.269,0.0118,0.7192
SPADES TEN HEARTS JACK,0.5406,0.0084,0.451
SPADES QUEEN DIAMONDS TEN,0.2368,0.115,0.6482
SPADES KING DIAMONDS TEN,0.3354,0.0084,0.6562
SPADES NINE DIAMONDS SEVEN,0.6926,0.0408,0.2666
SPADES EIGHT DIAMONDS SEVEN,0.6804,0.04,0.2796
SPADES SEVEN DIAMONDS SEVEN,0.3,0.0292,0.6708
SPADES SIX DIAMONDS SEVEN,0.6776,0.0468,0.2756
DIAMONDS KING DIAMONDS SEVEN,0.2248,0.0374,0.7378
HEARTS THREE DIAMONDS SEVEN,0.7158,0.0436,0.2406
HEARTS KING DIAMONDS FIVE,0.4032,0.0074,0.5894
HEARTS TWO DIAMONDS SEVEN,0.7176,0.0552,0.2272
HEARTS QUEEN DIAMONDS FIVE,0.4622,0.3132,0.2246
HEARTS FIVE DIAMONDS SEVEN,0.6792,0.0504,0.2704
DIAMONDS ACE DIAMONDS SEVEN,0.2322,0.0256,0.7422
HEARTS FOUR DIAMONDS SEVEN,0.7018,0.0488,0.2494
HEARTS ACE DIAMONDS FIVE,0.394,0.0044,0.6016
HEARTS SEVEN DIAMONDS SEVEN,0.2976,0.0306,0.6718
HEARTS SIX DIAMONDS SEVEN,0.679,0.0476,0.2734
DIAMONDS SEVEN HEARTS NINE,0.679,0.0428,0.2782
HEARTS EIGHT DIAMONDS SEVEN,0.6872,0.0378,0.275
DIAMONDS JACK DIAMONDS SEVEN,0.6718,0.0406,0.2876
DIAMONDS FIVE HEARTS JACK,0.6338,0.0086,0.3576
DIAMONDS TEN DIAMONDS SEVEN,0.66,0.0374,0.3026
HEARTS TEN DIAMONDS FIVE,0.635,0.0104,0.3546
CLUBS EIGHT DIAMONDS SEVEN,0.673,0.0448,0.2822
SPADES KING CLUBS TWO,0.4026,0.0094,0.588
HEARTS KING CLUBS KING,0.1354,0.0028,0.8618
SPADES QUEEN CLUBS TWO,0.469,0.3084,0.2226
HEARTS KING CLUBS QUEEN,0.2296,0.0234,0.747
CLUBS NINE DIAMONDS SEVEN,0.6812,0.04,0.2788
CLUBS JACK SPADES TWO,0.6252,0.0112,0.3636
SPADES ACE CLUBS TWO,0.4102,0.0046,0.5852
CLUBS TEN SPADES TWO,0.6322,0.0108,0.357
HEARTS KING CLUBS ACE,0.3188,0.0032,0.678
SPADES TWO CLUBS KING,0.3922,0.0064,0.6014
SPADES TWO DIAMONDS SEVEN,0.7294,0.0516,0.219
CLUBS EIGHT CLUBS SIX,0.5682,0.0118,0.42
SPADES THREE DIAMONDS SEVEN,0.7146,0.049,0.2364
SPADES TWO CLUBS QUEEN,0.4644,0.3078,0.2278
CLUBS NINE CLUBS SIX,0.5804,0.0086,0.411
SPADES FOUR DIAMONDS SEVEN,0.6938,0.043,0.2632
CLUBS JACK HEARTS KING,0.3392,0.0042,0.6566
SPADES FIVE DIAMONDS SEVEN,0.6762,0.047,0.2768
SPADES TWO CLUBS ACE,0.3768,0.0052,0.618
CLUBS TEN HEARTS KING,0.3388,0.0068,0.6544
CLUBS SIX SPADES TWO,0.645,0.0148,0.3402
CLUBS SIX SPADES THREE,0.6402,0.014,0.3458
CLUBS TWO DIAMONDS SEVEN,0.7368,0.0556,0.2076
CLUBS SIX SPADES FOUR,0.6278,0.0126,0.3596
CLUBS THREE DIAMONDS SEVEN,0.7208,0.0488,0.2304
CLUBS SIX SPADES FIVE,0.6204,0.011,0.3686
CLUBS FOUR DIAMONDS SEVEN,0.6958,0.0506,0.2536
CLUBS SIX SPADES SIX,0.4268,0.0238,0.5494
CLUBS FIVE DIAMONDS SEVEN,0.6858,0.0484,0.2658
CLUBS SIX SPADES SEVEN,0.6732,0.0456,0.2812
CLUBS SIX DIAMONDS SEVEN,0.6722,0.0504,0.2774
CLUBS SIX SPADES EIGHT,0.6002,0.009,0.3908
SPADES JACK CLUBS TWO,0.6416,0.0122,0.3462
SPADES NINE CLUBS SIX,0.6218,0.0094,0.3688
SPADES TEN CLUBS TWO,0.6384,0.0114,0.3502
CLUBS TWO CLUBS QUEEN,0.4414,0.2948,0.2638
CLUBS TWO CLUBS KING,0.3706,0.0102,0.6192
CLUBS THREE DIAMONDS EIGHT,0.6282,0.0144,0.3574
CLUBS TWO CLUBS ACE,0.398,0.005,0.597
CLUBS TWO DIAMONDS EIGHT,0.645,0.0174,0.3376
HEARTS SEVEN DIAMONDS EIGHT,0.6624,0.0422,0.2954
HEARTS SIX DIAMONDS EIGHT,0.6168,0.0102,0.373
DIAMONDS EIGHT HEARTS NINE,0.5692,0.0112,0.4196
CLUBS TEN CLUBS TWO,0.596,0.0114,0.3926
DIAMONDS EIGHT HEARTS EIGHT,0.3074,0.02,0.6726
CLUBS JACK CLUBS TWO,0.5972,0.0102,0.3926
CLUBS NINE DIAMONDS EIGHT,0.5572,0.0116,0.4312
CLUBS EIGHT DIAMONDS EIGHT,0.2918,0.0202,0.688
CLUBS FIVE DIAMONDS EIGHT,0.6096,0.0144,0.376
SPADES ACE SPADES THREE,0.3648,0.0026,0.6326
CLUBS FOUR DIAMONDS EIGHT,0.6264,0.0148,0.3588
SPADES QUEEN SPADES THREE,0.4496,0.2846,0.2658
CLUBS SIX DIAMONDS EIGHT,0.6064,0.0124,0.3812
SPADES KING SPADES THREE,0.3632,0.0086,0.6282
HEARTS TWO DIAMONDS EIGHT,0.6436,0.0112,0.3452
DIAMONDS KING DIAMONDS EIGHT,0.343,0.007,0.65
HEARTS THREE DIAMONDS EIGHT,0.6384,0.0124,0.3492
DIAMONDS ACE DIAMONDS EIGHT,0.3382,0.0042,0.6576
HEARTS FOUR DIAMONDS EIGHT,0.6162,0.0124,0.3714
HEARTS FIVE DIAMONDS EIGHT,0.6188,0.0094,0.3718
DIAMONDS EIGHT DIAMONDS TEN,0.5472,0.0096,0.4432
DIAMONDS EIGHT DIAMONDS JACK,0.5478,0.0128,0.4394
SPADES JACK SPADES THREE,0.592,0.0094,0.3986
SPADES TEN SPADES THREE,0.5806,0.0126,0.4068
CLUBS FOUR HEARTS ACE,0.3952,0.0042,0.6006
CLUBS FOUR HEARTS QUEEN,0.4718,0.2974,0.2308
CLUBS FOUR HEARTS KING,0.3978,0.0064,0.5958
CLUBS SIX HEARTS TEN,0.6176,0.0108,0.3716
CLUBS SIX HEARTS JACK,0.642,0.0072,0.3508
DIAMONDS EIGHT SPADES FOUR,0.6184,0.012,0.3696
SPADES FIVE DIAMONDS EIGHT,0.6134,0.01,0.3766
DIAMONDS EIGHT SPADES TWO,0.6274,0.015,0.3576
DIAMONDS EIGHT SPADES THREE,0.6262,0.0134,0.3604
CLUBS FOUR HEARTS JACK,0.6296,0.0108,0.3596
SPADES EIGHT DIAMONDS EIGHT,0.3074,0.0256,0.667
SPADES TEN HEARTS TWO,0.6262,0.0138,0.36
SPADES JACK HEARTS EIGHT,0.584,0.011,0.405
CLUBS FOUR HEARTS TEN,0.6326,0.0084,0.359
SPADES NINE DIAMONDS EIGHT,0.5682,0.0108,0.421
SPADES TEN HEARTS EIGHT,0.5722,0.01,0.4178
SPADES JACK HEARTS TWO,0.6338,0.012,0.3542
SPADES SIX DIAMONDS EIGHT,0.6006,0.0116,0.3878
SPADES SEVEN DIAMONDS EIGHT,0.6774,0.0394,0.2832
SPADES ACE HEARTS TWO,0.401,0.0044,0.5946
SPADES ACE HEARTS EIGHT,0.358,0.0032,0.6388
SPADES KING HEARTS EIGHT,0.3398,0.006,0.6542
SPADES QUEEN HEARTS TWO,0.4614,0.3098,0.2288
SPADES KING HEARTS TWO,0.4112,0.0076,0.5812
SPADES QUEEN HEARTS EIGHT,0.2244,0.2254,0.5502
CLUBS TWO HEARTS TEN,0.628,0.0114,0.3606
CLUBS TWO HEARTS JACK,0.6346,0.0114,0.354
SPADES SEVEN DIAMONDS NINE,0.6836,0.0396,0.2768
SPADES SIX DIAMONDS NINE,0.6066,0.0132,0.3802
SPADES NINE DIAMONDS NINE,0.2942,0.0194,0.6864
SPADES EIGHT DIAMONDS NINE,0.5746,0.01,0.4154
SPADES TEN CLUBS KING,0.322,0.008,0.67
DIAMONDS NINE SPADES THREE,0.6302,0.011,0.3588
SPADES JACK CLUBS KING,0.3348,0.0056,0.6596
DIAMONDS NINE SPADES TWO,0.6326,0.0144,0.353
DIAMONDS NINE SPADES FIVE,0.6192,0.0132,0.3676
DIAMONDS NINE SPADES FOUR,0.637,0.0124,0.3506
CLUBS NINE DIAMONDS NINE,0.3,0.0182,0.6818
CLUBS EIGHT DIAMONDS NINE,0.5544,0.0116,0.434
CLUBS SIX DIAMONDS NINE,0.6274,0.0128,0.3598
SPADES JACK CLUBS FOUR,0.6296,0.0104,0.36
SPADES TEN CLUBS FOUR,0.6332,0.0102,0.3566
CLUBS FOUR DIAMONDS NINE,0.644,0.0118,0.3442
CLUBS FIVE DIAMONDS NINE,0.6306,0.0102,0.3592
DIAMONDS NINE CLUBS TWO,0.6342,0.0116,0.3542
CLUBS THREE DIAMONDS NINE,0.621,0.0112,0.3678
DIAMONDS NINE HEARTS EIGHT,0.5656,0.0098,0.4246
DIAMONDS NINE HEARTS NINE,0.2996,0.0188,0.6816
HEARTS SIX DIAMONDS NINE,0.6184,0.0124,0.3692
HEARTS SEVEN DIAMONDS NINE,0.6902,0.0418,0.268
CLUBS EIGHT CLUBS NINE,0.5364,0.0116,0.452
DIAMONDS ACE DIAMONDS NINE,0.3358,0.0052,0.659
HEARTS FOUR DIAMONDS NINE,0.6306,0.012,0.3574
HEARTS FIVE DIAMONDS NINE,0.6164,0.01,0.3736
HEARTS ACE CLUBS TWO,0.4046,0.005,0.5904
SPADES ACE CLUBS FOUR,0.4076,0.0026,0.5898
HEARTS TWO DIAMONDS NINE,0.6354,0.0144,0.3502
CLUBS TWO HEARTS KING,0.4028,0.0082,0.589
SPADES KING CLUBS FOUR,0.3978,0.0066,0.5956
DIAMONDS KING DIAMONDS NINE,0.3426,0.0088,0.6486
HEARTS THREE DIAMONDS NINE,0.6356,0.0114,0.353
CLUBS TWO HEARTS QUEEN,0.4736,0.3018,0.2246
SPADES QUEEN CLUBS FOUR,0.4738,0.309,0.2172
DIAMONDS NINE DIAMONDS JACK,0.5406,0.0096,0.4498
CLUBS EIGHT SPADES NINE,0.5596,0.01,0.4304
DIAMONDS NINE DIAMONDS TEN,0.536,0.0108,0.4532
CLUBS EIGHT SPADES EIGHT,0.3006,0.0214,0.678
CLUBS EIGHT SPADES SEVEN,0.6622,0.0428,0.295
CLUBS EIGHT SPADES SIX,0.6038,0.01,0.3862
CLUBS EIGHT SPADES FIVE,0.5988,0.0122,0.389
CLUBS EIGHT SPADES FOUR,0.6264,0.0102,0.3634
CLUBS EIGHT SPADES THREE,0.6264,0.011,0.3626
CLUBS EIGHT SPADES TWO,0.6312,0.0108,0.358
HEARTS SIX DIAMONDS TEN,0.6244,0.0124,0.3632
HEARTS SEVEN DIAMONDS TEN,0.6918,0.0426,0.2656
DIAMONDS TEN HEARTS EIGHT,0.5738,0.0096,0.4166
CLUBS JACK CLUBS FOUR,0.5798,0.0118,0.4084
DIAMONDS TEN HEARTS NINE,0.5622,0.009,0.4288
CLUBS TEN CLUBS FOUR,0.6014,0.0142,0.3844
CLUBS FOUR CLUBS KING,0.3846,0.0078,0.6076
CLUBS FOUR CLUBS QUEEN,0.4518,0.296,0.2522
CLUBS TWO DIAMONDS TEN,0.6408,0.0132,0.346
CLUBS THREE DIAMONDS TEN,0.6424,0.0112,0.3464
CLUBS FOUR CLUBS ACE,0.3762,0.0058,0.618
DIAMONDS JACK DIAMONDS TEN,0.528,0.0112,0.4608
HEARTS TWO DIAMONDS TEN,0.6304,0.0146,0.355
DIAMONDS KING DIAMONDS TEN,0.3224,0.0078,0.6698
HEARTS THREE DIAMONDS TEN,0.6262,0.0106,0.3632
DIAMONDS ACE DIAMONDS TEN,0.3226,0.0058,0.6716
HEARTS FOUR DIAMONDS TEN,0.6296,0.0136,0.3568
CLUBS EIGHT HEARTS JACK,0.5742,0.0098,0.416
HEARTS FIVE DIAMONDS TEN,0.6376,0.0114,0.351
CLUBS EIGHT HEARTS TEN,0.5736,0.0106,0.4158
CLUBS EIGHT HEARTS QUEEN,0.2208,0.2146,0.5646
CLUBS EIGHT HEARTS KING,0.3492,0.0088,0.642
CLUBS EIGHT HEARTS ACE,0.348,0.0024,0.6496
CLUBS NINE SPADES THREE,0.6224,0.0146,0.363
CLUBS NINE SPADES TWO,0.6272,0.0102,0.3626
CLUBS NINE SPADES FIVE,0.6156,0.0136,0.3708
CLUBS NINE SPADES FOUR,0.6406,0.0122,0.3472
CLUBS NINE SPADES SEVEN,0.6768,0.0414,0.2818
CLUBS NINE SPADES SIX,0.6046,0.0066,0.3888
CLUBS NINE SPADES NINE,0.281,0.0202,0.6988
CLUBS TEN HEARTS EIGHT,0.5662,0.0106,0.4232
CLUBS NINE SPADES EIGHT,0.5562,0.01,0.4338
CLUBS JACK HEARTS EIGHT,0.5726,0.0092,0.4182
HEARTS EIGHT CLUBS QUEEN,0.2176,0.2216,0.5608
CLUBS KING HEARTS EIGHT,0.345,0.0044,0.6506
CLUBS ACE HEARTS EIGHT,0.3526,0.0036,0.6438
SPADES KING CLUBS KING,0.1284,0.003,0.8686
SPADES QUEEN CLUBS KING,0.237,0.03,0.733
SPADES ACE CLUBS KING,0.3198,0.0046,0.6756
DIAMONDS ACE HEARTS TEN,0.348,0.006,0.646
HEARTS FOUR HEARTS TEN,0.5788,0.01,0.4112
DIAMONDS ACE HEARTS JACK,0.365,0.0038,0.6312
HEARTS FOUR HEARTS JACK,0.5878,0.0096,0.4026
SPADES KING CLUBS FIVE,0.388,0.0062,0.6058
SPADES QUEEN CLUBS FIVE,0.4766,0.304,0.2194
SPADES ACE CLUBS FIVE,0.3778,0.0038,0.6184
HEARTS SEVEN DIAMONDS JACK,0.7136,0.0418,0.2446
HEARTS SIX DIAMONDS JACK,0.638,0.0114,0.3506
DIAMONDS JACK HEARTS NINE,0.5618,0.0092,0.429
DIAMONDS JACK HEARTS EIGHT,0.5836,0.011,0.4054
DIAMONDS KING DIAMONDS JACK,0.3304,0.0062,0.6634
HEARTS THREE DIAMONDS JACK,0.6246,0.0128,0.3626
SPADES ACE SPADES SIX,0.369,0.004,0.627
HEARTS ACE SPADES FOUR,0.396,0.0032,0.6008
HEARTS TWO DIAMONDS JACK,0.6336,0.0112,0.3552
HEARTS FIVE DIAMONDS JACK,0.6208,0.0128,0.3664
SPADES QUEEN SPADES SIX,0.4342,0.2832,0.2826
SPADES FOUR HEARTS QUEEN,0.468,0.306,0.226
DIAMONDS ACE DIAMONDS JACK,0.3256,0.0042,0.6702
HEARTS FOUR DIAMONDS JACK,0.6276,0.0116,0.3608
SPADES KING SPADES SIX,0.366,0.0066,0.6274
SPADES FOUR HEARTS KING,0.3902,0.0066,0.6032
SPADES TEN SPADES SIX,0.586,0.0084,0.4056
SPADES JACK SPADES SIX,0.5948,0.0096,0.3956
SPADES FOUR DIAMONDS JACK,0.6266,0.012,0.3614
SPADES FIVE DIAMONDS JACK,0.6392,0.0128,0.348
DIAMONDS JACK SPADES TWO,0.6394,0.0146,0.346
DIAMONDS JACK SPADES THREE,0.6278,0.012,0.3602
SPADES ACE DIAMONDS THREE,0.4138,0.0046,0.5816
CLUBS EIGHT DIAMONDS JACK,0.5912,0.011,0.3978
SPADES QUEEN DIAMONDS THREE,0.477,0.3116,0.2114
SPADES KING DIAMONDS THREE,0.4058,0.006,0.5882
CLUBS NINE DIAMONDS JACK,0.553,0.0126,0.4344
CLUBS SIX DIAMONDS JACK,0.6464,0.0114,0.3422
CLUBS FOUR DIAMONDS JACK,0.6334,0.013,0.3536
CLUBS FIVE DIAMONDS JACK,0.6354,0.0106,0.354
CLUBS TWO DIAMONDS JACK,0.6406,0.0124,0.347
CLUBS THREE DIAMONDS JACK,0.6318,0.0134,0.3548
SPADES TEN CLUBS FIVE,0.6426,0.0104,0.347
SPADES JACK HEARTS SIX,0.6386,0.0102,0.3512
HEARTS SIX SPADES TEN,0.629,0.0112,0.3598
SPADES JACK CLUBS FIVE,0.6204,0.0128,0.3668
SPADES JACK DIAMONDS THREE,0.6334,0.0104,0.3562
DIAMONDS THREE SPADES TEN,0.6292,0.0106,0.3602
SPADES NINE DIAMONDS JACK,0.5682,0.008,0.4238
DIAMONDS ACE HEARTS ACE,0.126,0.004,0.87
HEARTS FOUR HEARTS ACE,0.38,0.0044,0.6156
SPADES EIGHT DIAMONDS JACK,0.5818,0.0104,0.4078
SPADES ACE HEARTS SIX,0.3932,0.0022,0.6046
DIAMONDS ACE HEARTS KING,0.3132,0.0038,0.683
HEARTS FOUR HEARTS KING,0.3688,0.0078,0.6234
SPADES SEVEN DIAMONDS JACK,0.7044,0.0404,0.2552
SPADES KING HEARTS SIX,0.3924,0.0058,0.6018
DIAMONDS ACE HEARTS QUEEN,0.2254,0.0176,0.757
HEARTS FOUR HEARTS QUEEN,0.4332,0.2872,0.2796
SPADES QUEEN HEARTS SIX,0.4716,0.3076,0.2208
SPADES SIX DIAMONDS JACK,0.6244,0.0102,0.3654
DIAMONDS TEN SPADES TWO,0.6454,0.0116,0.343
SPADES THREE DIAMONDS TEN,0.627,0.012,0.361
SPADES FOUR DIAMONDS TEN,0.6234,0.0112,0.3654
SPADES FIVE DIAMONDS TEN,0.6274,0.0112,0.3614
SPADES SIX DIAMONDS TEN,0.6256,0.012,0.3624
SPADES SEVEN DIAMONDS TEN,0.6792,0.049,0.2718
SPADES EIGHT DIAMONDS TEN,0.5612,0.0116,0.4272
SPADES NINE DIAMONDS TEN,0.5486,0.0104,0.441
CLUBS FOUR DIAMONDS TEN,0.6248,0.014,0.3612
CLUBS FIVE DIAMONDS TEN,0.6374,0.0132,0.3494
CLUBS SIX DIAMONDS TEN,0.6362,0.0118,0.352
CLUBS EIGHT DIAMONDS TEN,0.5634,0.013,0.4236
CLUBS NINE DIAMONDS TEN,0.5468,0.0114,0.4418
CLUBS JACK DIAMONDS THREE,0.6204,0.0148,0.3648
CLUBS TEN DIAMONDS THREE,0.6244,0.0142,0.3614
DIAMONDS THREE CLUBS KING,0.3918,0.0082,0.6
DIAMONDS THREE CLUBS QUEEN,0.4674,0.3112,0.2214
DIAMONDS THREE CLUBS ACE,0.3896,0.0056,0.6048
SPADES FOUR HEARTS JACK,0.6164,0.0124,0.3712
SPADES FOUR HEARTS TEN,0.616,0.0126,0.3714
SPADES FIVE SPADES TWO,0.6032,0.0112,0.3856
SPADES FOUR SPADES TWO,0.5956,0.013,0.3914
SPADES THREE SPADES TWO,0.5998,0.014,0.3862
SPADES NINE SPADES TWO,0.5896,0.0142,0.3962
SPADES EIGHT SPADES TWO,0.5966,0.0118,0.3916
SPADES SEVEN SPADES TWO,0.679,0.04,0.281
SPADES SIX SPADES TWO,0.6236,0.0122,0.3642
CLUBS THREE HEARTS TWO,0.6534,0.0122,0.3344
HEARTS TWO CLUBS TWO,0.4398,0.027,0.5332
HEARTS SEVEN HEARTS TWO,0.684,0.0462,0.2698
HEARTS SIX HEARTS TWO,0.6182,0.0096,0.3722
HEARTS TWO HEARTS NINE,0.5968,0.0102,0.393
HEARTS TWO HEARTS EIGHT,0.5954,0.0118,0.3928
CLUBS NINE HEARTS TWO,0.627,0.0128,0.3602
CLUBS EIGHT HEARTS TWO,0.6246,0.0122,0.3632
CLUBS FIVE HEARTS TWO,0.6546,0.0108,0.3346
SPADES EIGHT HEARTS ACE,0.3558,0.003,0.6412
CLUBS FOUR HEARTS TWO,0.643,0.0148,0.3422
SPADES EIGHT HEARTS QUEEN,0.23,0.2184,0.5516
CLUBS SIX HEARTS TWO,0.6558,0.0142,0.33
SPADES EIGHT HEARTS KING,0.3534,0.0042,0.6424
HEARTS TWO SPADES SIX,0.6548,0.011,0.3342
HEARTS FOUR CLUBS QUEEN,0.4584,0.3106,0.231
DIAMONDS ACE CLUBS QUEEN,0.2202,0.0198,0.76
SPADES SEVEN HEARTS TWO,0.727,0.047,0.226
HEARTS FOUR CLUBS KING,0.3824,0.0088,0.6088
DIAMONDS ACE CLUBS KING,0.3106,0.0056,0.6838
SPADES EIGHT HEARTS TWO,0.6312,0.0108,0.358
HEARTS FOUR CLUBS ACE,0.3908,0.0042,0.605
DIAMONDS ACE CLUBS ACE,0.1196,0.005,0.8754
SPADES NINE HEARTS TWO,0.6328,0.0112,0.356
HEARTS TWO SPADES TWO,0.4406,0.0298,0.5296
HEARTS TWO SPADES THREE,0.655,0.0112,0.3338
HEARTS TWO SPADES FOUR,0.625,0.0124,0.3626
CLUBS TEN HEARTS FOUR,0.629,0.0094,0.3616
CLUBS TEN DIAMONDS ACE,0.3386,0.004,0.6574
HEARTS TWO SPADES FIVE,0.6322,0.0102,0.3576
CLUBS JACK HEARTS FOUR,0.6164,0.0116,0.372
CLUBS JACK DIAMONDS ACE,0.3472,0.0052,0.6476
CLUBS FIVE CLUBS KING,0.3618,0.0102,0.628
CLUBS FIVE CLUBS QUEEN,0.4514,0.2902,0.2584
CLUBS FIVE CLUBS ACE,0.3714,0.0034,0.6252
CLUBS JACK CLUBS FIVE,0.5914,0.0114,0.3972
CLUBS TEN CLUBS FIVE,0.593,0.0086,0.3984
SPADES KING CLUBS JACK,0.3238,0.0068,0.6694
CLUBS JACK SPADES QUEEN,0.2266,0.0868,0.6866
SPADES ACE CLUBS JACK,0.3616,0.0038,0.6346
SPADES SIX CLUBS KING,0.3916,0.0086,0.5998
SPADES SIX CLUBS QUEEN,0.465,0.3038,0.2312
SPADES EIGHT HEARTS JACK,0.5784,0.0116,0.41
SPADES SIX CLUBS ACE,0.3892,0.0044,0.6064
SPADES EIGHT HEARTS TEN,0.559,0.0086,0.4324
CLUBS JACK SPADES SIX,0.6272,0.0118,0.361
CLUBS TEN SPADES SIX,0.6152,0.0104,0.3744
CLUBS JACK SPADES TEN,0.5362,0.011,0.4528
CLUBS JACK SPADES JACK,0.2672,0.0112,0.7216
SPADES SIX HEARTS TEN,0.6224,0.0092,0.3684
SPADES SIX HEARTS JACK,0.6236,0.01,0.3664
SPADES SIX HEARTS ACE,0.3946,0.0022,0.6032
SPADES SIX HEARTS KING,0.3844,0.0066,0.609
SPADES SIX HEARTS QUEEN,0.462,0.3046,0.2334
CLUBS TEN HEARTS SIX,0.6244,0.0112,0.3644
CLUBS JACK HEARTS SIX,0.627,0.01,0.363
CLUBS JACK CLUBS ACE,0.337,0.0032,0.6598
HEARTS SIX CLUBS QUEEN,0.4592,0.3176,0.2232
HEARTS SIX CLUBS KING,0.3838,0.0064,0.6098
HEARTS SIX CLUBS ACE,0.3874,0.0046,0.608
CLUBS JACK CLUBS QUEEN,0.227,0.0858,0.6872
CLUBS JACK CLUBS KING,0.3198,0.0084,0.6718
DIAMONDS THREE HEARTS ACE,0.4068,0.0048,0.5884
DIAMONDS THREE HEARTS QUEEN,0.4708,0.3116,0.2176
DIAMONDS THREE HEARTS KING,0.4018,0.008,0.5902
CLUBS FIVE HEARTS JACK,0.6274,0.0096,0.363
SPADES TEN DIAMONDS ACE,0.3486,0.0042,0.6472
HEARTS FOUR SPADES TEN,0.6164,0.0092,0.3744
CLUBS FIVE HEARTS TEN,0.6284,0.0128,0.3588
HEARTS FOUR SPADES JACK,0.6322,0.0104,0.3574
SPADES JACK DIAMONDS ACE,0.3446,0.0044,0.651
SPADES ACE HEARTS FOUR,0.3862,0.0054,0.6084
SPADES ACE DIAMONDS ACE,0.1248,0.0046,0.8706
CLUBS FIVE HEARTS ACE,0.377,0.0044,0.6186
CLUBS FIVE HEARTS KING,0.3954,0.0064,0.5982
HEARTS FOUR SPADES QUEEN,0.47,0.2996,0.2304
SPADES QUEEN DIAMONDS ACE,0.2244,0.0136,0.762
CLUBS JACK SPADES FOUR,0.6282,0.0114,0.3604
CLUBS FIVE HEARTS QUEEN,0.4654,0.309,0.2256
SPADES KING DIAMONDS ACE,0.3338,0.005,0.6612
SPADES KING HEARTS FOUR,0.4004,0.008,0.5916
CLUBS TEN SPADES FOUR,0.633,0.0112,0.3558
DIAMONDS ACE HEARTS TWO,0.4042,0.0048,0.591
HEARTS FOUR HEARTS TWO,0.5942,0.0138,0.392
DIAMONDS THREE HEARTS TEN,0.6334,0.0102,0.3564
SPADES FOUR CLUBS KING,0.3916,0.007,0.6014
HEARTS FIVE HEARTS TWO,0.5906,0.0108,0.3986
DIAMONDS THREE HEARTS JACK,0.6208,0.0138,0.3654
SPADES FOUR CLUBS QUEEN,0.4616,0.3018,0.2366
DIAMONDS KING HEARTS TWO,0.3866,0.0094,0.604
HEARTS THREE HEARTS TWO,0.594,0.0116,0.3944
SPADES FOUR CLUBS ACE,0.39,0.0064,0.6036
HEARTS TWO CLUBS ACE,0.3944,0.0058,0.5998
HEARTS TWO CLUBS QUEEN,0.464,0.305,0.231
HEARTS TWO CLUBS KING,0.4036,0.0072,0.5892
SPADES EIGHT SPADES FIVE,0.5618,0.012,0.4262
CLUBS TEN HEARTS TWO,0.6218,0.0128,0.3654
SPADES NINE SPADES FIVE,0.576,0.0098,0.4142
CLUBS JACK HEARTS TWO,0.6328,0.0106,0.3566
SPADES SIX SPADES FIVE,0.5766,0.0096,0.4138
SPADES SEVEN SPADES FIVE,0.633,0.0454,0.3216
DIAMONDS FIVE CLUBS QUEEN,0.4624,0.3042,0.2334
SPADES EIGHT CLUBS ACE,0.3486,0.0046,0.6468
DIAMONDS FIVE CLUBS KING,0.3888,0.0082,0.603
SPADES EIGHT CLUBS KING,0.3464,0.0056,0.648
DIAMONDS FIVE CLUBS ACE,0.3948,0.0046,0.6006
SPADES EIGHT CLUBS QUEEN,0.2212,0.2248,0.554
CLUBS JACK SPADES EIGHT,0.5748,0.0114,0.4138
CLUBS TEN SPADES EIGHT,0.5678,0.0118,0.4204
CLUBS TEN DIAMONDS FIVE,0.627,0.0136,0.3594
CLUBS JACK DIAMONDS FIVE,0.6334,0.0094,0.3572
DIAMONDS TEN HEARTS JACK,0.554,0.0096,0.4364
DIAMONDS TEN HEARTS TEN,0.2876,0.0112,0.7012
SPADES ACE CLUBS NINE,0.3512,0.0042,0.6446
SPADES QUEEN CLUBS NINE,0.2308,0.1618,0.6074
SPADES KING CLUBS NINE,0.3444,0.0054,0.6502
HEARTS SIX HEARTS KING,0.3712,0.0038,0.625
DIAMONDS KING SPADES SEVEN,0.2302,0.0336,0.7362
HEARTS THREE SPADES SEVEN,0.7084,0.0468,0.2448
SPADES KING DIAMONDS SEVEN,0.2414,0.0408,0.7178
HEARTS SIX HEARTS QUEEN,0.4366,0.2864,0.277
SPADES QUEEN DIAMONDS SEVEN,0.017,0.9728,0.0102
HEARTS THREE SPADES SIX,0.6338,0.0112,0.355
DIAMONDS KING SPADES SIX,0.3922,0.0054,0.6024
SPADES NINE DIAMONDS KING,0.3426,0.0086,0.6488
SPADES NINE HEARTS THREE,0.6318,0.0074,0.3608
HEARTS SIX HEARTS ACE,0.3796,0.002,0.6184
DIAMONDS KING SPADES EIGHT,0.3514,0.0052,0.6434
SPADES EIGHT HEARTS THREE,0.6382,0.011,0.3508
SPADES ACE DIAMONDS SEVEN,0.2378,0.0232,0.739
CLUBS NINE HEARTS THREE,0.616,0.011,0.373
CLUBS NINE DIAMONDS KING,0.341,0.0088,0.6502
CLUBS EIGHT DIAMONDS KING,0.3622,0.007,0.6308
CLUBS EIGHT HEARTS THREE,0.6244,0.0142,0.3614
HEARTS THREE SPADES THREE,0.416,0.0274,0.5566
DIAMONDS KING SPADES THREE,0.3972,0.0068,0.596
HEARTS THREE SPADES TWO,0.64,0.014,0.346
DIAMONDS KING SPADES TWO,0.3982,0.008,0.5938
HEARTS THREE SPADES FIVE,0.6234,0.0098,0.3668
DIAMONDS KING SPADES FIVE,0.3882,0.0062,0.6056
HEARTS THREE SPADES FOUR,0.621,0.012,0.367
DIAMONDS KING SPADES FOUR,0.3954,0.0072,0.5974
DIAMONDS KING CLUBS TWO,0.3978,0.0078,0.5944
HEARTS THREE CLUBS TWO,0.6396,0.0136,0.3468
