opposingHand,winningChance,drawChance,lostChance
CLUBS JACK CLUBS THREE
HEARTS FIVE SPADES TEN,0.6132,0.0182,0.3686
SPADES JACK HEARTS FIVE,0.268,0.4338,0.2982
CLUBS TEN SPADES FIVE,0.6162,0.0196,0.3642
CLUBS TEN CLUBS EIGHT,0.5696,0.0152,0.4152
CLUBS EIGHT CLUBS KING,0.3552,0.0094,0.6354
SPADES FIVE CLUBS ACE,0.3728,0.0056,0.6216
CLUBS EIGHT CLUBS QUEEN,0.3334,0.0116,0.655
SPADES FIVE CLUBS KING,0.3672,0.0084,0.6244
SPADES FIVE CLUBS QUEEN,0.3852,0.0154,0.5994
CLUBS EIGHT CLUBS ACE,0.3422,0.0044,0.6534
DIAMONDS TWO DIAMONDS THREE,0.6556,0.0556,0.2888
DIAMONDS TWO DIAMONDS FIVE,0.5936,0.0192,0.3872
SPADES KING HEARTS FIVE,0.3986,0.0074,0.594
DIAMONDS TWO DIAMONDS FOUR,0.5934,0.0192,0.3874
SPADES QUEEN HEARTS FIVE,0.3882,0.0114,0.6004
DIAMONDS TWO DIAMONDS SEVEN,0.6128,0.0192,0.368
DIAMONDS TWO DIAMONDS SIX,0.6166,0.0206,0.3628
SPADES ACE HEARTS FIVE,0.3868,0.004,0.6092
DIAMONDS TWO DIAMONDS NINE,0.6124,0.0152,0.3724
DIAMONDS TWO DIAMONDS EIGHT,0.6022,0.0182,0.3796
DIAMONDS THREE DIAMONDS FOUR,0.6344,0.0488,0.3168
CLUBS TWO SPADES FOUR,0.621,0.025,0.354
DIAMONDS THREE DIAMONDS FIVE,0.6322,0.0548,0.313
CLUBS TWO SPADES FIVE,0.6322,0.018,0.3498
CLUBS TWO SPADES TWO,0.436,0.0512,0.5128
CLUBS TWO SPADES THREE,0.7064,0.0512,0.2424
DIAMONDS THREE DIAMONDS EIGHT,0.6782,0.0492,0.2726
SPADES EIGHT CLUBS TWO,0.646,0.0176,0.3364
DIAMONDS THREE DIAMONDS NINE,0.676,0.0554,0.2686
SPADES NINE CLUBS TWO,0.6292,0.02,0.3508
DIAMONDS THREE DIAMONDS SIX,0.6666,0.0502,0.2832
CLUBS TWO SPADES SIX,0.625,0.0258,0.3492
DIAMONDS THREE DIAMONDS SEVEN,0.67,0.0518,0.2782
CLUBS TWO SPADES SEVEN,0.6458,0.0192,0.335
CLUBS SIX CLUBS TWO,0.6182,0.0206,0.3612
CLUBS SEVEN CLUBS TWO,0.638,0.0202,0.3418
CLUBS TWO CLUBS FOUR,0.6144,0.0258,0.3598
CLUBS FIVE CLUBS TWO,0.6074,0.0256,0.367
DIAMONDS FOUR DIAMONDS SIX,0.5664,0.0214,0.4122
CLUBS TEN CLUBS QUEEN,0.3084,0.0112,0.6804
DIAMONDS FOUR DIAMONDS SEVEN,0.5576,0.0138,0.4286
CLUBS TEN CLUBS KING,0.3236,0.0082,0.6682
CLUBS TEN CLUBS ACE,0.3336,0.0058,0.6606
CLUBS EIGHT CLUBS TWO,0.6332,0.022,0.3448
DIAMONDS FIVE DIAMONDS FOUR,0.5444,0.0174,0.4382
CLUBS NINE CLUBS TWO,0.6326,0.0194,0.348
DIAMONDS NINE DIAMONDS FOUR,0.5822,0.0162,0.4016
DIAMONDS EIGHT DIAMONDS FOUR,0.568,0.017,0.415
DIAMONDS NINE DIAMONDS FIVE,0.5732,0.0184,0.4084
DIAMONDS EIGHT DIAMONDS FIVE,0.5602,0.016,0.4238
CLUBS TEN DIAMONDS TWO,0.6428,0.02,0.3372
DIAMONDS FIVE DIAMONDS SEVEN,0.545,0.0162,0.4388
DIAMONDS FIVE DIAMONDS SIX,0.5286,0.021,0.4504
DIAMONDS TWO CLUBS ACE,0.418,0.0062,0.5758
DIAMONDS TWO CLUBS KING,0.4214,0.009,0.5696
DIAMONDS TWO CLUBS QUEEN,0.4048,0.0128,0.5824
DIAMONDS EIGHT DIAMONDS SIX,0.5394,0.0162,0.4444
DIAMONDS NINE DIAMONDS SIX,0.5716,0.019,0.4094
HEARTS ACE SPADES THREE,0.2742,0.0194,0.7064
HEARTS KING SPADES THREE,0.297,0.0312,0.6718
DIAMONDS SEVEN DIAMONDS SIX,0.5354,0.018,0.4466
SPADES THREE HEARTS QUEEN,0.291,0.0428,0.6662
HEARTS JACK SPADES THREE,0.071,0.9056,0.0234
SPADES THREE HEARTS TEN,0.7126,0.0642,0.2232
DIAMONDS EIGHT DIAMONDS SEVEN,0.5212,0.0182,0.4606
DIAMONDS NINE DIAMONDS SEVEN,0.5348,0.0166,0.4486
DIAMONDS NINE DIAMONDS EIGHT,0.5234,0.0196,0.457
DIAMONDS KING HEARTS TEN,0.3756,0.0068,0.6176
HEARTS THREE HEARTS TEN,0.6798,0.0514,0.2688
SPADES JACK CLUBS SIX,0.2554,0.366,0.3786
DIAMONDS KING HEARTS JACK,0.2786,0.0308,0.6906
HEARTS THREE HEARTS JACK,0.0764,0.857,0.0666
SPADES TEN CLUBS SIX,0.596,0.0172,0.3868
SPADES JACK SPADES FIVE,0.251,0.402,0.347
SPADES TEN SPADES FIVE,0.5696,0.0182,0.4122
DIAMONDS KING HEARTS ACE,0.3658,0.005,0.6292
HEARTS THREE HEARTS ACE,0.2732,0.0228,0.704
SPADES ACE CLUBS SIX,0.3978,0.0048,0.5974
DIAMONDS KING HEARTS QUEEN,0.3774,0.0066,0.616
HEARTS THREE HEARTS QUEEN,0.2616,0.0396,0.6988
SPADES KING CLUBS SIX,0.3882,0.007,0.6048
DIAMONDS KING HEARTS KING,0.1788,0.0078,0.8134
HEARTS THREE HEARTS KING,0.2682,0.0322,0.6996
SPADES QUEEN CLUBS SIX,0.4002,0.0112,0.5886
SPADES NINE HEARTS TEN,0.5588,0.0166,0.4246
SPADES NINE HEARTS JACK,0.2824,0.1638,0.5538
SPADES QUEEN SPADES FIVE,0.385,0.0106,0.6044
SPADES KING SPADES FIVE,0.379,0.0076,0.6134
SPADES ACE SPADES FIVE,0.3728,0.0058,0.6214
SPADES NINE HEARTS QUEEN,0.3792,0.0098,0.611
SPADES NINE HEARTS KING,0.4046,0.0072,0.5882
SPADES NINE HEARTS ACE,0.395,0.003,0.602
CLUBS TEN SPADES JACK,0.2558,0.1206,0.6236
CLUBS TEN SPADES TEN,0.3004,0.0198,0.6798
SPADES ACE CLUBS TEN,0.3756,0.0054,0.619
SPADES KING CLUBS TEN,0.3732,0.0062,0.6206
CLUBS TEN SPADES QUEEN,0.3496,0.013,0.6374
SPADES FIVE HEARTS QUEEN,0.3958,0.011,0.5932
HEARTS KING SPADES FIVE,0.3924,0.0068,0.6008
SPADES FIVE HEARTS ACE,0.3806,0.005,0.6144
CLUBS EIGHT SPADES TEN,0.5744,0.0184,0.4072
HEARTS THREE SPADES JACK,0.0716,0.906,0.0224
SPADES JACK DIAMONDS KING,0.2712,0.0322,0.6966
SPADES TEN DIAMONDS KING,0.37,0.0074,0.6226
HEARTS THREE SPADES TEN,0.7176,0.0548,0.2276
SPADES JACK CLUBS EIGHT,0.2506,0.2244,0.525
CLUBS SIX HEARTS ACE,0.4,0.0036,0.5964
SPADES ACE CLUBS EIGHT,0.3826,0.0054,0.612
CLUBS TEN HEARTS FIVE,0.6112,0.0162,0.3726
CLUBS SIX HEARTS QUEEN,0.395,0.0118,0.5932
SPADES QUEEN CLUBS EIGHT,0.3698,0.0116,0.6186
CLUBS TEN SPADES THREE,0.72,0.0584,0.2216
CLUBS SIX HEARTS KING,0.3982,0.0062,0.5956
SPADES KING CLUBS EIGHT,0.398,0.005,0.597
DIAMONDS TWO HEARTS JACK,0.3128,0.4748,0.2124
SPADES THREE CLUBS QUEEN,0.27,0.0444,0.6856
DIAMONDS TWO HEARTS TEN,0.6328,0.0182,0.349
SPADES THREE CLUBS KING,0.2676,0.0306,0.7018
HEARTS FIVE CLUBS ACE,0.3636,0.0038,0.6326
SPADES FIVE HEARTS TEN,0.6186,0.0166,0.3648
SPADES THREE CLUBS ACE,0.2632,0.0164,0.7204
HEARTS FIVE CLUBS KING,0.3778,0.0094,0.6128
SPADES FIVE HEARTS JACK,0.2604,0.4364,0.3032
HEARTS FIVE CLUBS QUEEN,0.3816,0.0116,0.6068
HEARTS THREE CLUBS KING,0.2666,0.0306,0.7028
DIAMONDS KING CLUBS KING,0.1612,0.01,0.8288
HEARTS THREE CLUBS QUEEN,0.2672,0.0412,0.6916
DIAMONDS KING CLUBS QUEEN,0.34,0.009,0.651
HEARTS FIVE HEARTS JACK,0.259,0.3996,0.3414
HEARTS FIVE HEARTS TEN,0.5766,0.0168,0.4066
HEARTS THREE CLUBS ACE,0.257,0.02,0.723
DIAMONDS KING CLUBS ACE,0.3452,0.004,0.6508
SPADES ACE CLUBS QUEEN,0.3498,0.0046,0.6456
SPADES KING CLUBS QUEEN,0.3472,0.009,0.6438
SPADES QUEEN CLUBS QUEEN,0.18,0.0104,0.8096
CLUBS TEN HEARTS THREE,0.7138,0.0586,0.2276
CLUBS TEN DIAMONDS KING,0.3676,0.009,0.6234
SPADES JACK CLUBS QUEEN,0.2562,0.0394,0.7044
CLUBS SIX CLUBS QUEEN,0.3508,0.013,0.6362
SPADES TEN CLUBS QUEEN,0.3614,0.01,0.6286
CLUBS SIX CLUBS KING,0.3452,0.0106,0.6442
CLUBS SIX CLUBS ACE,0.351,0.0058,0.6432
HEARTS FIVE HEARTS KING,0.367,0.0078,0.6252
HEARTS FIVE HEARTS QUEEN,0.3728,0.0126,0.6146
CLUBS TEN CLUBS SIX,0.5962,0.0164,0.3874
HEARTS FIVE HEARTS ACE,0.3624,0.0046,0.633
SPADES SEVEN HEARTS JACK,0.2746,0.2624,0.463
SPADES SEVEN HEARTS TEN,0.5976,0.0168,0.3856
DIAMONDS TWO CLUBS TWO,0.4414,0.054,0.5046
HEARTS SIX DIAMONDS TWO,0.6394,0.0186,0.342
DIAMONDS TWO HEARTS QUEEN,0.4218,0.0124,0.5658
DIAMONDS TWO HEARTS SEVEN,0.6396,0.017,0.3434
DIAMONDS TWO HEARTS KING,0.4256,0.0088,0.5656
DIAMONDS TWO HEARTS EIGHT,0.645,0.0224,0.3326
DIAMONDS TWO HEARTS ACE,0.404,0.0042,0.5918
DIAMONDS TWO HEARTS NINE,0.6518,0.0202,0.328
DIAMONDS TWO DIAMONDS QUEEN,0.4064,0.0128,0.5808
DIAMONDS TWO HEARTS TWO,0.4434,0.053,0.5036
DIAMONDS TWO DIAMONDS KING,0.4008,0.0094,0.5898
HEARTS THREE DIAMONDS TWO,0.689,0.0578,0.2532
DIAMONDS TWO DIAMONDS ACE,0.3932,0.0064,0.6004
HEARTS FOUR DIAMONDS TWO,0.631,0.0206,0.3484
DIAMONDS TWO HEARTS FIVE,0.6146,0.0184,0.367
SPADES SEVEN HEARTS ACE,0.3974,0.0034,0.5992
DIAMONDS TWO DIAMONDS TEN,0.5872,0.0208,0.392
SPADES SEVEN HEARTS KING,0.4,0.0066,0.5934
DIAMONDS TWO DIAMONDS JACK,0.2862,0.4682,0.2456
SPADES SEVEN HEARTS QUEEN,0.401,0.0134,0.5856
DIAMONDS TWO SPADES NINE,0.649,0.02,0.331
DIAMONDS TWO SPADES EIGHT,0.6434,0.0198,0.3368
DIAMONDS TWO SPADES SEVEN,0.6504,0.0182,0.3314
DIAMONDS TWO SPADES SIX,0.6252,0.0206,0.3542
DIAMONDS TWO SPADES FIVE,0.6294,0.018,0.3526
DIAMONDS TWO SPADES FOUR,0.6208,0.0246,0.3546
DIAMONDS TWO SPADES THREE,0.6954,0.0586,0.246
DIAMONDS TWO SPADES TWO,0.4392,0.0522,0.5086
CLUBS NINE DIAMONDS TWO,0.632,0.0214,0.3466
DIAMONDS TWO CLUBS EIGHT,0.6384,0.0164,0.3452
CLUBS SEVEN DIAMONDS TWO,0.6324,0.019,0.3486
DIAMONDS TWO CLUBS SIX,0.6488,0.0212,0.33
DIAMONDS TWO CLUBS FIVE,0.6264,0.0224,0.3512
DIAMONDS TWO CLUBS FOUR,0.6144,0.0226,0.363
CLUBS FOUR SPADES FIVE,0.5732,0.0214,0.4054
CLUBS FOUR SPADES FOUR,0.3242,0.0512,0.6246
CLUBS FOUR SPADES THREE,0.6856,0.053,0.2614
CLUBS FOUR SPADES TWO,0.6308,0.0228,0.3464
SPADES NINE CLUBS FOUR,0.6078,0.0192,0.373
SPADES EIGHT CLUBS FOUR,0.593,0.0176,0.3894
SPADES SEVEN CLUBS FOUR,0.593,0.0194,0.3876
CLUBS FOUR SPADES SIX,0.5874,0.022,0.3906
SPADES ACE DIAMONDS SIX,0.4128,0.0038,0.5834
SPADES QUEEN DIAMONDS SIX,0.4134,0.0112,0.5754
SPADES KING DIAMONDS SIX,0.4082,0.0094,0.5824
SPADES TEN DIAMONDS SIX,0.5876,0.0184,0.394
SPADES JACK DIAMONDS SIX,0.2684,0.3626,0.369
SPADES QUEEN SPADES TWO,0.4048,0.0152,0.58
SPADES KING SPADES TWO,0.4098,0.0082,0.582
SPADES ACE SPADES TWO,0.39,0.0074,0.6026
CLUBS TEN DIAMONDS JACK,0.2582,0.1238,0.618
DIAMONDS JACK CLUBS KING,0.25,0.0272,0.7228
DIAMONDS JACK CLUBS QUEEN,0.2502,0.038,0.7118
DIAMONDS THREE DIAMONDS JACK,0.066,0.86,0.074
DIAMONDS THREE DIAMONDS TEN,0.6782,0.0564,0.2654
DIAMONDS JACK CLUBS ACE,0.2566,0.0228,0.7206
DIAMONDS THREE DIAMONDS KING,0.268,0.032,0.7
HEARTS THREE DIAMONDS THREE,0.349,0.0362,0.6148
DIAMONDS THREE DIAMONDS QUEEN,0.259,0.0452,0.6958
DIAMONDS THREE HEARTS TWO,0.698,0.0566,0.2454
HEARTS FIVE DIAMONDS THREE,0.683,0.0494,0.2676
DIAMONDS THREE DIAMONDS ACE,0.2682,0.019,0.7128
HEARTS FOUR DIAMONDS THREE,0.6794,0.054,0.2666
DIAMONDS THREE HEARTS SEVEN,0.715,0.0498,0.2352
SPADES TEN SPADES NINE,0.53,0.0142,0.4558
HEARTS SIX DIAMONDS THREE,0.7066,0.0542,0.2392
SPADES JACK SPADES NINE,0.269,0.148,0.583
DIAMONDS THREE HEARTS NINE,0.717,0.053,0.23
HEARTS JACK DIAMONDS FOUR,0.2684,0.4832,0.2484
HEARTS KING HEARTS ACE,0.3526,0.0048,0.6426
SPADES TEN SPADES TWO,0.6148,0.019,0.3662
DIAMONDS THREE HEARTS EIGHT,0.7146,0.0584,0.227
HEARTS TEN DIAMONDS FOUR,0.6168,0.018,0.3652
SPADES JACK SPADES TWO,0.3034,0.444,0.2526
HEARTS QUEEN DIAMONDS FOUR,0.3922,0.012,0.5958
HEARTS KING DIAMONDS FOUR,0.4026,0.0098,0.5876
SPADES ACE SPADES NINE,0.3716,0.0042,0.6242
HEARTS ACE DIAMONDS FOUR,0.395,0.0048,0.6002
SPADES KING SPADES NINE,0.3622,0.0076,0.6302
SPADES QUEEN SPADES NINE,0.357,0.0116,0.6314
DIAMONDS THREE SPADES NINE,0.7122,0.0546,0.2332
DIAMONDS THREE SPADES EIGHT,0.7198,0.0524,0.2278
DIAMONDS THREE SPADES SEVEN,0.7018,0.055,0.2432
DIAMONDS THREE SPADES SIX,0.702,0.0428,0.2552
DIAMONDS THREE CLUBS SIX,0.686,0.0506,0.2634
CLUBS FIVE CLUBS SIX,0.5654,0.0216,0.413
CLUBS ACE DIAMONDS FOUR,0.379,0.0056,0.6154
CLUBS SEVEN DIAMONDS THREE,0.7044,0.0558,0.2398
CLUBS SEVEN CLUBS FIVE,0.5736,0.0204,0.406
DIAMONDS THREE CLUBS FOUR,0.685,0.0572,0.2578
DIAMONDS FOUR CLUBS QUEEN,0.3834,0.0114,0.6052
DIAMONDS THREE CLUBS FIVE,0.6728,0.0578,0.2694
DIAMONDS FOUR CLUBS KING,0.3848,0.0084,0.6068
DIAMONDS THREE CLUBS TWO,0.7012,0.0572,0.2416
CLUBS TEN DIAMONDS FOUR,0.6176,0.014,0.3684
DIAMONDS THREE SPADES FOUR,0.6788,0.052,0.2692
DIAMONDS THREE SPADES FIVE,0.6796,0.0536,0.2668
DIAMONDS THREE SPADES TWO,0.7002,0.0566,0.2432
DIAMONDS THREE SPADES THREE,0.3136,0.0408,0.6456
CLUBS EIGHT DIAMONDS THREE,0.7136,0.0522,0.2342
CLUBS NINE DIAMONDS THREE,0.7116,0.0548,0.2336
SPADES SEVEN CLUBS ACE,0.3802,0.0046,0.6152
SPADES SEVEN CLUBS QUEEN,0.3862,0.0138,0.6
SPADES SEVEN CLUBS KING,0.3828,0.0066,0.6106
CLUBS FIVE SPADES SEVEN,0.5828,0.0204,0.3968
CLUBS TEN SPADES SEVEN,0.573,0.0202,0.4068
CLUBS FIVE SPADES SIX,0.5666,0.0214,0.412
CLUBS FIVE SPADES NINE,0.5894,0.0212,0.3894
CLUBS FIVE SPADES EIGHT,0.5726,0.022,0.4054
CLUBS FIVE SPADES THREE,0.6784,0.0548,0.2668
CLUBS FIVE SPADES TWO,0.6194,0.0236,0.357
CLUBS FIVE SPADES FIVE,0.3432,0.0444,0.6124
CLUBS FIVE SPADES FOUR,0.5722,0.0192,0.4086
CLUBS NINE CLUBS FIVE,0.5866,0.018,0.3954
CLUBS EIGHT CLUBS FIVE,0.5656,0.0206,0.4138
CLUBS ACE CLUBS QUEEN,0.3014,0.0074,0.6912
CLUBS KING CLUBS QUEEN,0.2954,0.0078,0.6968
DIAMONDS TEN DIAMONDS FOUR,0.57,0.0182,0.4118
CLUBS TEN DIAMONDS NINE,0.563,0.0144,0.4226
DIAMONDS JACK DIAMONDS FOUR,0.2488,0.4604,0.2908
CLUBS TEN SPADES NINE,0.5498,0.0184,0.4318
DIAMONDS ACE DIAMONDS FOUR,0.3716,0.0076,0.6208
HEARTS FOUR DIAMONDS FOUR,0.3486,0.053,0.5984
DIAMONDS JACK HEARTS TEN,0.2586,0.1226,0.6188
SPADES NINE CLUBS KING,0.3748,0.0076,0.6176
DIAMONDS TWO SPADES TEN,0.6408,0.0156,0.3436
DIAMONDS NINE CLUBS ACE,0.3774,0.0038,0.6188
HEARTS FIVE DIAMONDS FOUR,0.5826,0.0204,0.397
HEARTS JACK DIAMONDS JACK,0.1328,0.038,0.8292
SPADES NINE CLUBS QUEEN,0.3644,0.0116,0.624
DIAMONDS TWO SPADES JACK,0.3014,0.4842,0.2144
DIAMONDS QUEEN DIAMONDS FOUR,0.3772,0.013,0.6098
HEARTS TWO DIAMONDS FOUR,0.6304,0.0178,0.3518
DIAMONDS NINE CLUBS QUEEN,0.3538,0.012,0.6342
DIAMONDS KING DIAMONDS FOUR,0.376,0.0088,0.6152
HEARTS THREE DIAMONDS FOUR,0.6756,0.0588,0.2656
SPADES NINE CLUBS ACE,0.3776,0.0044,0.618
DIAMONDS NINE CLUBS KING,0.3798,0.0066,0.6136
HEARTS ACE DIAMONDS JACK,0.266,0.0176,0.7164
SPADES ACE DIAMONDS TWO,0.4134,0.0082,0.5784
DIAMONDS JACK HEARTS QUEEN,0.2818,0.0394,0.6788
SPADES QUEEN DIAMONDS TWO,0.4244,0.012,0.5636
HEARTS KING DIAMONDS JACK,0.2784,0.0304,0.6912
SPADES KING DIAMONDS TWO,0.4272,0.0086,0.5642
SPADES JACK SPADES SEVEN,0.2642,0.2542,0.4816
SPADES TEN SPADES SEVEN,0.5512,0.0186,0.4302
SPADES TWO DIAMONDS FOUR,0.6294,0.0194,0.3512
SPADES THREE DIAMONDS FOUR,0.6896,0.0564,0.254
SPADES FOUR DIAMONDS FOUR,0.3556,0.0456,0.5988
SPADES FIVE DIAMONDS FOUR,0.58,0.0208,0.3992
SPADES SIX DIAMONDS FOUR,0.5916,0.0224,0.386
SPADES SEVEN DIAMONDS FOUR,0.5908,0.0218,0.3874
SPADES EIGHT DIAMONDS FOUR,0.6074,0.0176,0.375
SPADES NINE DIAMONDS FOUR,0.6108,0.0174,0.3718
CLUBS FIVE DIAMONDS FOUR,0.5644,0.0218,0.4138
CLUBS FOUR DIAMONDS FOUR,0.3356,0.0502,0.6142
CLUBS SEVEN DIAMONDS FOUR,0.5916,0.0234,0.385
CLUBS SIX DIAMONDS FOUR,0.5894,0.0224,0.3882
CLUBS NINE DIAMONDS FOUR,0.6226,0.0172,0.3602
CLUBS EIGHT DIAMONDS FOUR,0.6076,0.0162,0.3762
DIAMONDS FOUR HEARTS SEVEN,0.603,0.0206,0.3764
HEARTS SIX DIAMONDS FOUR,0.5938,0.0226,0.3836
HEARTS NINE DIAMONDS FOUR,0.6174,0.0164,0.3662
DIAMONDS FOUR HEARTS EIGHT,0.6152,0.0184,0.3664
CLUBS TWO DIAMONDS FOUR,0.624,0.0196,0.3564
DIAMONDS TEN DIAMONDS FIVE,0.5912,0.0152,0.3936
DIAMONDS JACK DIAMONDS FIVE,0.2544,0.3962,0.3494
DIAMONDS NINE HEARTS QUEEN,0.3812,0.011,0.6078
HEARTS KING DIAMONDS NINE,0.39,0.0068,0.6032
DIAMONDS NINE HEARTS ACE,0.407,0.0034,0.5896
DIAMONDS NINE HEARTS TEN,0.5622,0.0166,0.4212
DIAMONDS NINE HEARTS JACK,0.2728,0.1602,0.567
CLUBS KING DIAMONDS SIX,0.398,0.0082,0.5938
CLUBS QUEEN DIAMONDS SIX,0.3724,0.0132,0.6144
CLUBS ACE DIAMONDS SIX,0.3826,0.004,0.6134
SPADES KING DIAMONDS FOUR,0.4104,0.0082,0.5814
SPADES ACE SPADES SEVEN,0.3662,0.0066,0.6272
SPADES QUEEN DIAMONDS FOUR,0.4072,0.0108,0.582
SPADES QUEEN SPADES SEVEN,0.3706,0.0114,0.618
SPADES KING SPADES SEVEN,0.3788,0.0082,0.613
SPADES ACE DIAMONDS FOUR,0.3948,0.0036,0.6016
CLUBS TEN DIAMONDS SIX,0.599,0.0172,0.3838
CLUBS NINE CLUBS FOUR,0.6126,0.02,0.3674
CLUBS EIGHT CLUBS FOUR,0.5892,0.021,0.3898
SPADES JACK DIAMONDS FOUR,0.2794,0.475,0.2456
SPADES TEN DIAMONDS FOUR,0.622,0.0146,0.3634
CLUBS FIVE CLUBS FOUR,0.5644,0.0238,0.4118
CLUBS SEVEN CLUBS FOUR,0.5886,0.0212,0.3902
CLUBS SIX CLUBS FOUR,0.5698,0.0216,0.4086
CLUBS SEVEN SPADES EIGHT,0.554,0.0154,0.4306
CLUBS SEVEN SPADES NINE,0.5718,0.0188,0.4094
CLUBS SEVEN SPADES SIX,0.5666,0.0198,0.4136
CLUBS SEVEN SPADES SEVEN,0.3292,0.0378,0.633
CLUBS SEVEN SPADES FIVE,0.5776,0.0224,0.4
CLUBS SEVEN SPADES FOUR,0.6016,0.019,0.3794
CLUBS SEVEN SPADES THREE,0.7002,0.0532,0.2466
CLUBS SEVEN SPADES TWO,0.626,0.0226,0.3514
CLUBS NINE CLUBS SEVEN,0.5644,0.0158,0.4198
CLUBS SEVEN CLUBS EIGHT,0.5488,0.0158,0.4354
HEARTS SIX DIAMONDS FIVE,0.5876,0.0188,0.3936
DIAMONDS FIVE HEARTS SEVEN,0.5836,0.0216,0.3948
DIAMONDS FIVE HEARTS EIGHT,0.5836,0.0168,0.3996
HEARTS NINE DIAMONDS FIVE,0.6184,0.0172,0.3644
DIAMONDS QUEEN DIAMONDS FIVE,0.3828,0.0118,0.6054
HEARTS TWO DIAMONDS FIVE,0.6116,0.019,0.3694
HEARTS KING HEARTS EIGHT,0.3826,0.0072,0.6102
DIAMONDS KING DIAMONDS FIVE,0.3866,0.0062,0.6072
HEARTS THREE DIAMONDS FIVE,0.6916,0.0542,0.2542
HEARTS QUEEN HEARTS EIGHT,0.367,0.0108,0.6222
DIAMONDS ACE DIAMONDS FIVE,0.3802,0.0062,0.6136
HEARTS FOUR DIAMONDS FIVE,0.5744,0.018,0.4076
HEARTS FIVE DIAMONDS FIVE,0.3518,0.0498,0.5984
HEARTS ACE HEARTS EIGHT,0.3672,0.0064,0.6264
CLUBS FOUR DIAMONDS FIVE,0.5708,0.0202,0.409
CLUBS FIVE DIAMONDS FIVE,0.3582,0.045,0.5968
CLUBS SIX DIAMONDS FIVE,0.5764,0.0216,0.402
CLUBS SEVEN DIAMONDS FIVE,0.5802,0.017,0.4028
CLUBS TWO DIAMONDS FIVE,0.604,0.0208,0.3752
SPADES THREE DIAMONDS FIVE,0.6776,0.0482,0.2742
SPADES TWO DIAMONDS FIVE,0.6396,0.0214,0.339
SPADES JACK DIAMONDS EIGHT,0.2748,0.2118,0.5134
SPADES FIVE DIAMONDS FIVE,0.3426,0.0506,0.6068
CLUBS TEN HEARTS JACK,0.2596,0.122,0.6184
SPADES TEN DIAMONDS EIGHT,0.5678,0.0184,0.4138
SPADES FOUR DIAMONDS FIVE,0.5824,0.0218,0.3958
HEARTS JACK CLUBS QUEEN,0.2512,0.0408,0.708
CLUBS NINE DIAMONDS FIVE,0.5996,0.019,0.3814
HEARTS JACK CLUBS KING,0.2606,0.031,0.7084
CLUBS EIGHT DIAMONDS FIVE,0.582,0.0198,0.3982
HEARTS JACK CLUBS ACE,0.259,0.0242,0.7168
SPADES SEVEN DIAMONDS FIVE,0.5964,0.0202,0.3834
SPADES KING DIAMONDS EIGHT,0.4,0.0054,0.5946
SPADES QUEEN DIAMONDS EIGHT,0.387,0.0114,0.6016
SPADES SIX DIAMONDS FIVE,0.5874,0.0152,0.3974
SPADES NINE DIAMONDS FIVE,0.601,0.0162,0.3828
SPADES EIGHT DIAMONDS FIVE,0.5886,0.0144,0.397
SPADES ACE DIAMONDS EIGHT,0.4002,0.004,0.5958
DIAMONDS TEN DIAMONDS SIX,0.558,0.0156,0.4264
HEARTS ACE DIAMONDS SEVEN,0.4016,0.0054,0.593
DIAMONDS JACK DIAMONDS SIX,0.2542,0.3438,0.402
HEARTS QUEEN DIAMONDS SEVEN,0.4006,0.0102,0.5892
HEARTS KING DIAMONDS SEVEN,0.3952,0.0066,0.5982
DIAMONDS ACE DIAMONDS SIX,0.391,0.004,0.605
HEARTS FOUR DIAMONDS SIX,0.5944,0.0168,0.3888
HEARTS JACK SPADES TWO,0.308,0.478,0.214
HEARTS FIVE DIAMONDS SIX,0.5942,0.02,0.3858
SPADES TWO HEARTS TEN,0.6558,0.0172,0.327
DIAMONDS QUEEN DIAMONDS SIX,0.3836,0.008,0.6084
HEARTS TWO DIAMONDS SIX,0.643,0.0178,0.3392
DIAMONDS KING DIAMONDS SIX,0.38,0.0054,0.6146
HEARTS THREE DIAMONDS SIX,0.703,0.053,0.244
HEARTS EIGHT DIAMONDS SIX,0.5778,0.0192,0.403
HEARTS NINE DIAMONDS SIX,0.5974,0.015,0.3876
HEARTS SIX DIAMONDS SIX,0.3444,0.0392,0.6164
HEARTS SEVEN DIAMONDS SIX,0.583,0.0206,0.3964
HEARTS TEN DIAMONDS SEVEN,0.5996,0.0156,0.3848
CLUBS TWO DIAMONDS SIX,0.6334,0.019,0.3476
HEARTS JACK DIAMONDS SEVEN,0.2668,0.2842,0.449
CLUBS SEVEN DIAMONDS SIX,0.5634,0.0198,0.4168
CLUBS SIX DIAMONDS SIX,0.3364,0.0398,0.6238
CLUBS TEN DIAMONDS EIGHT,0.5694,0.0146,0.416
CLUBS FIVE DIAMONDS SIX,0.5702,0.0182,0.4116
CLUBS FOUR DIAMONDS SIX,0.5916,0.0208,0.3876
HEARTS ACE HEARTS JACK,0.256,0.0166,0.7274
DIAMONDS EIGHT CLUBS ACE,0.3808,0.005,0.6142
HEARTS JACK HEARTS QUEEN,0.254,0.038,0.708
DIAMONDS EIGHT CLUBS KING,0.3916,0.0078,0.6006
CLUBS NINE DIAMONDS SIX,0.577,0.0174,0.4056
HEARTS KING HEARTS JACK,0.2644,0.0298,0.7058
DIAMONDS EIGHT CLUBS QUEEN,0.3792,0.0112,0.6096
CLUBS EIGHT DIAMONDS SIX,0.5742,0.0178,0.408
SPADES TEN HEARTS KING,0.3824,0.0066,0.611
SPADES FIVE DIAMONDS SIX,0.5868,0.0224,0.3908
HEARTS ACE SPADES TWO,0.4098,0.0066,0.5836
SPADES JACK HEARTS KING,0.2696,0.0326,0.6978
SPADES FOUR DIAMONDS SIX,0.5984,0.02,0.3816
SPADES THREE DIAMONDS SIX,0.7002,0.052,0.2478
HEARTS QUEEN SPADES TWO,0.4332,0.0136,0.5532
SPADES ACE SPADES KING,0.3358,0.0036,0.6606
HEARTS KING SPADES TWO,0.4392,0.009,0.5518
SPADES TWO DIAMONDS SIX,0.6384,0.0226,0.339
HEARTS TEN HEARTS EIGHT,0.5592,0.0138,0.427
SPADES NINE DIAMONDS SIX,0.6024,0.0164,0.3812
HEARTS JACK HEARTS EIGHT,0.2576,0.205,0.5374
SPADES EIGHT DIAMONDS SIX,0.5812,0.018,0.4008
SPADES SEVEN DIAMONDS SIX,0.5814,0.0166,0.402
SPADES SIX DIAMONDS SIX,0.3552,0.0366,0.6082
SPADES KING HEARTS KING,0.1692,0.0072,0.8236
SPADES QUEEN HEARTS KING,0.3582,0.0062,0.6356
CLUBS ACE CLUBS KING,0.302,0.007,0.691
SPADES ACE HEARTS KING,0.3592,0.0058,0.635
SPADES ACE HEARTS JACK,0.265,0.0212,0.7138
SPADES QUEEN HEARTS JACK,0.2698,0.0364,0.6938
SPADES KING HEARTS JACK,0.2782,0.0296,0.6922
SPADES TEN DIAMONDS TEN,0.3082,0.0192,0.6726
SPADES JACK DIAMONDS TEN,0.2772,0.1108,0.612
SPADES ACE DIAMONDS TEN,0.4084,0.004,0.5876
SPADES JACK HEARTS JACK,0.1318,0.0402,0.828
SPADES TEN HEARTS JACK,0.2656,0.123,0.6114
SPADES QUEEN DIAMONDS TEN,0.367,0.0076,0.6254
SPADES KING DIAMONDS TEN,0.385,0.0062,0.6088
SPADES NINE DIAMONDS SEVEN,0.573,0.0188,0.4082
SPADES EIGHT DIAMONDS SEVEN,0.5706,0.0166,0.4128
SPADES SEVEN DIAMONDS SEVEN,0.3332,0.0362,0.6306
SPADES SIX DIAMONDS SEVEN,0.581,0.02,0.399
DIAMONDS KING DIAMONDS SEVEN,0.382,0.0078,0.6102
HEARTS THREE DIAMONDS SEVEN,0.707,0.05,0.243
HEARTS KING DIAMONDS FIVE,0.3908,0.0072,0.602
DIAMONDS QUEEN DIAMONDS SEVEN,0.3818,0.0092,0.609
HEARTS TWO DIAMONDS SEVEN,0.6448,0.0176,0.3376
HEARTS QUEEN DIAMONDS FIVE,0.3912,0.0098,0.599
HEARTS FIVE DIAMONDS SEVEN,0.5932,0.0172,0.3896
DIAMONDS ACE DIAMONDS SEVEN,0.3722,0.0058,0.622
HEARTS FOUR DIAMONDS SEVEN,0.6072,0.0182,0.3746
HEARTS ACE DIAMONDS FIVE,0.3792,0.004,0.6168
HEARTS SEVEN DIAMONDS SEVEN,0.3344,0.0364,0.6292
HEARTS SIX DIAMONDS SEVEN,0.5914,0.0164,0.3922
HEARTS NINE DIAMONDS SEVEN,0.583,0.0188,0.3982
DIAMONDS SEVEN HEARTS EIGHT,0.564,0.0176,0.4184
DIAMONDS JACK DIAMONDS SEVEN,0.2554,0.2726,0.472
HEARTS JACK DIAMONDS FIVE,0.2694,0.4184,0.3122
DIAMONDS TEN DIAMONDS SEVEN,0.5562,0.0168,0.427
DIAMONDS FIVE HEARTS TEN,0.609,0.018,0.373
SPADES KING CLUBS TWO,0.427,0.0104,0.5626
HEARTS KING CLUBS KING,0.1652,0.0074,0.8274
CLUBS EIGHT DIAMONDS SEVEN,0.553,0.0194,0.4276
SPADES QUEEN CLUBS TWO,0.4124,0.0132,0.5744
HEARTS KING CLUBS QUEEN,0.3444,0.0092,0.6464
CLUBS NINE DIAMONDS SEVEN,0.5792,0.0166,0.4042
SPADES ACE CLUBS TWO,0.4142,0.005,0.5808
CLUBS TEN SPADES TWO,0.6462,0.019,0.3348
HEARTS KING CLUBS ACE,0.3402,0.0048,0.655
CLUBS SEVEN CLUBS SIX,0.5668,0.02,0.4132
SPADES TWO CLUBS KING,0.4172,0.0082,0.5746
SPADES TWO DIAMONDS SEVEN,0.646,0.018,0.336
CLUBS EIGHT CLUBS SIX,0.5642,0.0244,0.4114
SPADES THREE DIAMONDS SEVEN,0.7106,0.0522,0.2372
SPADES TWO CLUBS QUEEN,0.416,0.0112,0.5728
CLUBS NINE CLUBS SIX,0.5802,0.0172,0.4026
SPADES FOUR DIAMONDS SEVEN,0.5936,0.0172,0.3892
SPADES FIVE DIAMONDS SEVEN,0.5878,0.0172,0.395
SPADES TWO CLUBS ACE,0.4118,0.006,0.5822
CLUBS TEN HEARTS KING,0.3712,0.0078,0.621
CLUBS SIX SPADES TWO,0.6334,0.0184,0.3482
CLUBS SIX SPADES THREE,0.7136,0.0498,0.2366
CLUBS TWO DIAMONDS SEVEN,0.6438,0.0202,0.336
CLUBS SIX SPADES FOUR,0.5856,0.0188,0.3956
CLUBS SIX SPADES FIVE,0.5732,0.0188,0.408
CLUBS FOUR DIAMONDS SEVEN,0.59,0.02,0.39
CLUBS SIX SPADES SIX,0.3406,0.042,0.6174
CLUBS FIVE DIAMONDS SEVEN,0.5692,0.0218,0.409
CLUBS SIX SPADES SEVEN,0.5722,0.0172,0.4106
CLUBS SIX DIAMONDS SEVEN,0.5742,0.0158,0.41
CLUBS SIX SPADES EIGHT,0.5832,0.0186,0.3982
SPADES JACK CLUBS TWO,0.2988,0.4886,0.2126
CLUBS SEVEN DIAMONDS SEVEN,0.327,0.0418,0.6312
SPADES NINE CLUBS SIX,0.5982,0.0154,0.3864
SPADES TEN CLUBS TWO,0.644,0.0182,0.3378
CLUBS TWO CLUBS QUEEN,0.3746,0.0166,0.6088
CLUBS TWO CLUBS KING,0.3794,0.0088,0.6118
CLUBS TWO CLUBS ACE,0.3644,0.0058,0.6298
CLUBS TWO DIAMONDS EIGHT,0.65,0.0204,0.3296
DIAMONDS EIGHT HEARTS SEVEN,0.5516,0.0156,0.4328
HEARTS SIX DIAMONDS EIGHT,0.5868,0.014,0.3992
DIAMONDS EIGHT HEARTS NINE,0.5666,0.0142,0.4192
CLUBS TEN CLUBS TWO,0.6496,0.0198,0.3306
DIAMONDS EIGHT HEARTS EIGHT,0.3282,0.034,0.6378
CLUBS NINE DIAMONDS EIGHT,0.5404,0.0176,0.442
CLUBS EIGHT DIAMONDS EIGHT,0.3138,0.0344,0.6518
CLUBS FIVE DIAMONDS EIGHT,0.5882,0.0154,0.3964
SPADES ACE SPADES THREE,0.2732,0.0188,0.708
CLUBS FOUR DIAMONDS EIGHT,0.5966,0.0186,0.3848
CLUBS SEVEN DIAMONDS EIGHT,0.5454,0.019,0.4356
SPADES QUEEN SPADES THREE,0.2628,0.0418,0.6954
CLUBS SIX DIAMONDS EIGHT,0.57,0.0214,0.4086
SPADES KING SPADES THREE,0.269,0.0298,0.7012
DIAMONDS QUEEN DIAMONDS EIGHT,0.3682,0.0144,0.6174
HEARTS TWO DIAMONDS EIGHT,0.6454,0.0188,0.3358
DIAMONDS KING DIAMONDS EIGHT,0.3664,0.0068,0.6268
HEARTS THREE DIAMONDS EIGHT,0.73,0.0516,0.2184
DIAMONDS ACE DIAMONDS EIGHT,0.3778,0.0044,0.6178
HEARTS FOUR DIAMONDS EIGHT,0.6112,0.018,0.3708
HEARTS FIVE DIAMONDS EIGHT,0.5886,0.0186,0.3928
DIAMONDS EIGHT DIAMONDS TEN,0.552,0.0138,0.4342
DIAMONDS EIGHT DIAMONDS JACK,0.255,0.2002,0.5448
SPADES JACK SPADES THREE,0.0664,0.863,0.0706
SPADES TEN SPADES THREE,0.6722,0.0588,0.269
CLUBS FOUR HEARTS ACE,0.384,0.0052,0.6108
CLUBS FOUR HEARTS QUEEN,0.4014,0.012,0.5866
CLUBS FOUR HEARTS KING,0.391,0.0054,0.6036
CLUBS SIX HEARTS TEN,0.5996,0.0224,0.378
CLUBS SIX HEARTS JACK,0.2546,0.3664,0.379
DIAMONDS EIGHT SPADES FOUR,0.611,0.0166,0.3724
SPADES FIVE DIAMONDS EIGHT,0.5952,0.0172,0.3876
DIAMONDS EIGHT SPADES TWO,0.642,0.017,0.341
DIAMONDS EIGHT SPADES THREE,0.7128,0.0562,0.231
CLUBS FOUR HEARTS JACK,0.2586,0.4904,0.251
SPADES EIGHT DIAMONDS EIGHT,0.3152,0.0346,0.6502
SPADES TEN DIAMONDS QUEEN,0.3694,0.0104,0.6202
SPADES TEN HEARTS TWO,0.6444,0.0148,0.3408
SPADES JACK HEARTS EIGHT,0.2598,0.2156,0.5246
CLUBS FOUR HEARTS TEN,0.604,0.0164,0.3796
SPADES NINE DIAMONDS EIGHT,0.5676,0.017,0.4154
SPADES TEN HEARTS EIGHT,0.5766,0.0172,0.4062
SPADES JACK HEARTS TWO,0.2942,0.4942,0.2116
SPADES JACK DIAMONDS QUEEN,0.2824,0.0364,0.6812
SPADES SIX DIAMONDS EIGHT,0.5676,0.0172,0.4152
SPADES SEVEN DIAMONDS EIGHT,0.5666,0.0166,0.4168
SPADES ACE HEARTS TWO,0.4196,0.0058,0.5746
SPADES ACE DIAMONDS QUEEN,0.3448,0.0042,0.651
SPADES ACE HEARTS EIGHT,0.4094,0.0044,0.5862
SPADES KING HEARTS EIGHT,0.4024,0.0072,0.5904
SPADES QUEEN HEARTS TWO,0.4262,0.0134,0.5604
SPADES QUEEN DIAMONDS QUEEN,0.1916,0.0122,0.7962
SPADES KING DIAMONDS QUEEN,0.3594,0.0078,0.6328
SPADES KING HEARTS TWO,0.4314,0.0088,0.5598
SPADES QUEEN HEARTS EIGHT,0.3776,0.0096,0.6128
CLUBS TWO HEARTS TEN,0.6332,0.0192,0.3476
CLUBS TWO HEARTS JACK,0.2978,0.4924,0.2098
SPADES SEVEN DIAMONDS NINE,0.5798,0.0172,0.403
SPADES SIX DIAMONDS NINE,0.5944,0.0184,0.3872
SPADES NINE DIAMONDS NINE,0.3084,0.0292,0.6624
SPADES EIGHT DIAMONDS NINE,0.5652,0.0184,0.4164
SPADES TEN CLUBS KING,0.364,0.0058,0.6302
DIAMONDS NINE SPADES THREE,0.7112,0.0584,0.2304
SPADES JACK CLUBS KING,0.2628,0.033,0.7042
DIAMONDS NINE SPADES TWO,0.6356,0.018,0.3464
DIAMONDS NINE SPADES FIVE,0.6106,0.0194,0.37
DIAMONDS NINE SPADES FOUR,0.6196,0.0158,0.3646
CLUBS NINE DIAMONDS NINE,0.3174,0.0266,0.656
CLUBS EIGHT DIAMONDS NINE,0.5514,0.0192,0.4294
CLUBS SIX DIAMONDS NINE,0.588,0.0178,0.3942
SPADES JACK CLUBS FOUR,0.2496,0.4962,0.2542
CLUBS SEVEN DIAMONDS NINE,0.5754,0.017,0.4076
SPADES TEN CLUBS FOUR,0.6176,0.0188,0.3636
CLUBS FOUR DIAMONDS NINE,0.6098,0.018,0.3722
CLUBS FIVE DIAMONDS NINE,0.5826,0.0222,0.3952
CLUBS TWO DIAMONDS NINE,0.6426,0.0174,0.34
DIAMONDS NINE HEARTS EIGHT,0.5644,0.0172,0.4184
DIAMONDS NINE HEARTS NINE,0.3264,0.0292,0.6444
HEARTS SIX DIAMONDS NINE,0.592,0.0186,0.3894
DIAMONDS NINE HEARTS SEVEN,0.5732,0.0132,0.4136
CLUBS NINE CLUBS EIGHT,0.5476,0.0194,0.433
DIAMONDS ACE DIAMONDS NINE,0.3724,0.003,0.6246
HEARTS FOUR DIAMONDS NINE,0.6244,0.0194,0.3562
HEARTS FIVE DIAMONDS NINE,0.6032,0.0154,0.3814
CLUBS TWO HEARTS ACE,0.4222,0.0048,0.573
SPADES ACE CLUBS FOUR,0.3798,0.0048,0.6154
DIAMONDS QUEEN DIAMONDS NINE,0.354,0.0122,0.6338
HEARTS TWO DIAMONDS NINE,0.6324,0.0182,0.3494
CLUBS TWO HEARTS KING,0.422,0.0056,0.5724
SPADES KING CLUBS FOUR,0.3842,0.0074,0.6084
DIAMONDS KING DIAMONDS NINE,0.3668,0.0076,0.6256
HEARTS THREE DIAMONDS NINE,0.7154,0.0616,0.223
CLUBS TWO HEARTS QUEEN,0.4138,0.015,0.5712
SPADES QUEEN CLUBS FOUR,0.4056,0.0132,0.5812
DIAMONDS NINE DIAMONDS JACK,0.2552,0.1524,0.5924
CLUBS EIGHT SPADES NINE,0.557,0.0188,0.4242
DIAMONDS NINE DIAMONDS TEN,0.524,0.0144,0.4616
CLUBS EIGHT SPADES EIGHT,0.3268,0.033,0.6402
CLUBS EIGHT SPADES SEVEN,0.5598,0.0184,0.4218
CLUBS EIGHT SPADES SIX,0.5774,0.0156,0.407
CLUBS EIGHT SPADES FIVE,0.5894,0.0192,0.3914
CLUBS EIGHT SPADES FOUR,0.5948,0.019,0.3862
CLUBS EIGHT SPADES THREE,0.72,0.0492,0.2308
CLUBS EIGHT SPADES TWO,0.6494,0.02,0.3306
HEARTS SIX DIAMONDS TEN,0.614,0.0196,0.3664
DIAMONDS TEN HEARTS SEVEN,0.593,0.0156,0.3914
DIAMONDS TEN HEARTS EIGHT,0.5844,0.0154,0.4002
DIAMONDS TEN HEARTS NINE,0.5766,0.0152,0.4082
CLUBS TEN CLUBS FOUR,0.6022,0.0162,0.3816
CLUBS FOUR CLUBS KING,0.3466,0.0114,0.642
CLUBS FOUR CLUBS QUEEN,0.3368,0.0136,0.6496
CLUBS TWO DIAMONDS TEN,0.642,0.0194,0.3386
CLUBS FOUR CLUBS ACE,0.3262,0.004,0.6698
DIAMONDS JACK DIAMONDS TEN,0.2574,0.114,0.6286
DIAMONDS QUEEN DIAMONDS TEN,0.3496,0.0108,0.6396
HEARTS TWO DIAMONDS TEN,0.6402,0.018,0.3418
DIAMONDS KING DIAMONDS TEN,0.361,0.0062,0.6328
HEARTS THREE DIAMONDS TEN,0.714,0.0576,0.2284
DIAMONDS ACE DIAMONDS TEN,0.3498,0.0026,0.6476
HEARTS FOUR DIAMONDS TEN,0.6146,0.0216,0.3638
CLUBS EIGHT HEARTS JACK,0.2548,0.211,0.5342
HEARTS FIVE DIAMONDS TEN,0.6062,0.0192,0.3746
CLUBS EIGHT HEARTS TEN,0.5704,0.019,0.4106
CLUBS EIGHT HEARTS QUEEN,0.3812,0.0088,0.61
CLUBS EIGHT HEARTS KING,0.3884,0.0092,0.6024
CLUBS EIGHT HEARTS ACE,0.3874,0.0056,0.607
CLUBS NINE SPADES THREE,0.7192,0.0554,0.2254
CLUBS NINE SPADES TWO,0.6462,0.02,0.3338
CLUBS NINE SPADES FIVE,0.5936,0.0172,0.3892
CLUBS NINE SPADES FOUR,0.6114,0.0184,0.3702
CLUBS NINE SPADES SEVEN,0.562,0.0184,0.4196
CLUBS NINE SPADES SIX,0.5746,0.018,0.4074
CLUBS NINE SPADES NINE,0.3204,0.0254,0.6542
CLUBS TEN HEARTS EIGHT,0.5692,0.0158,0.415
CLUBS NINE SPADES EIGHT,0.5408,0.0206,0.4386
CLUBS QUEEN HEARTS EIGHT,0.371,0.0146,0.6144
CLUBS KING HEARTS EIGHT,0.3802,0.0084,0.6114
CLUBS ACE HEARTS EIGHT,0.3764,0.0044,0.6192
SPADES KING CLUBS KING,0.165,0.009,0.826
SPADES QUEEN CLUBS KING,0.3372,0.0076,0.6552
SPADES ACE CLUBS KING,0.3532,0.0062,0.6406
DIAMONDS ACE HEARTS TEN,0.38,0.0044,0.6156
HEARTS FOUR HEARTS TEN,0.5776,0.0138,0.4086
DIAMONDS ACE HEARTS JACK,0.256,0.0176,0.7264
HEARTS FOUR HEARTS JACK,0.2504,0.457,0.2926
SPADES KING CLUBS FIVE,0.3824,0.0104,0.6072
SPADES QUEEN CLUBS FIVE,0.3864,0.013,0.6006
SPADES ACE CLUBS FIVE,0.3628,0.0056,0.6316
DIAMONDS JACK HEARTS SEVEN,0.2732,0.2728,0.454
HEARTS SIX DIAMONDS JACK,0.272,0.3642,0.3638
DIAMONDS JACK HEARTS NINE,0.2732,0.1614,0.5654
DIAMONDS JACK HEARTS EIGHT,0.2676,0.2112,0.5212
DIAMONDS KING DIAMONDS JACK,0.2528,0.0314,0.7158
HEARTS THREE DIAMONDS JACK,0.0732,0.9026,0.0242
SPADES ACE SPADES SIX,0.3894,0.0056,0.605
HEARTS ACE SPADES FOUR,0.3822,0.0038,0.614
DIAMONDS QUEEN DIAMONDS JACK,0.2466,0.0382,0.7152
HEARTS TWO DIAMONDS JACK,0.2984,0.4872,0.2144
HEARTS FIVE DIAMONDS JACK,0.266,0.427,0.307
SPADES QUEEN SPADES SIX,0.39,0.0114,0.5986
SPADES FOUR HEARTS QUEEN,0.39,0.0142,0.5958
DIAMONDS ACE DIAMONDS JACK,0.2396,0.02,0.7404
HEARTS FOUR DIAMONDS JACK,0.2672,0.4842,0.2486
SPADES KING SPADES SIX,0.3872,0.0056,0.6072
HEARTS KING SPADES FOUR,0.4016,0.0074,0.591
SPADES TEN SPADES SIX,0.5736,0.0156,0.4108
SPADES JACK SPADES SIX,0.2516,0.3542,0.3942
SPADES FOUR DIAMONDS JACK,0.2732,0.4778,0.249
SPADES FIVE DIAMONDS JACK,0.2638,0.4336,0.3026
DIAMONDS JACK SPADES TWO,0.3126,0.484,0.2034
DIAMONDS JACK SPADES THREE,0.0694,0.9076,0.023
SPADES ACE DIAMONDS THREE,0.2854,0.0214,0.6932
SPADES QUEEN DIAMONDS THREE,0.2724,0.037,0.6906
CLUBS EIGHT DIAMONDS JACK,0.263,0.2062,0.5308
SPADES KING DIAMONDS THREE,0.2754,0.036,0.6886
CLUBS NINE DIAMONDS JACK,0.2624,0.1662,0.5714
CLUBS SIX DIAMONDS JACK,0.2488,0.3744,0.3768
CLUBS SEVEN DIAMONDS JACK,0.2614,0.2772,0.4614
CLUBS FOUR DIAMONDS JACK,0.2574,0.4918,0.2508
CLUBS FIVE DIAMONDS JACK,0.247,0.431,0.322
CLUBS TWO DIAMONDS JACK,0.302,0.4948,0.2032
SPADES TEN CLUBS FIVE,0.6138,0.0184,0.3678
HEARTS SIX SPADES JACK,0.2682,0.3636,0.3682
HEARTS SIX SPADES TEN,0.5898,0.0212,0.389
SPADES JACK CLUBS FIVE,0.2588,0.4282,0.313
SPADES JACK DIAMONDS THREE,0.0668,0.9132,0.02
CLUBS SEVEN CLUBS ACE,0.3566,0.0046,0.6388
DIAMONDS THREE SPADES TEN,0.7176,0.0546,0.2278
CLUBS SEVEN CLUBS QUEEN,0.3488,0.0112,0.64
CLUBS SEVEN CLUBS KING,0.341,0.0074,0.6516
SPADES NINE DIAMONDS JACK,0.2822,0.1532,0.5646
CLUBS TEN CLUBS SEVEN,0.5784,0.0182,0.4034
DIAMONDS ACE HEARTS ACE,0.1692,0.0022,0.8286
HEARTS FOUR HEARTS ACE,0.3684,0.006,0.6256
SPADES EIGHT DIAMONDS JACK,0.2738,0.2088,0.5174
SPADES ACE HEARTS SIX,0.4002,0.0052,0.5946
DIAMONDS ACE HEARTS KING,0.364,0.0034,0.6326
HEARTS FOUR HEARTS KING,0.3758,0.0072,0.617
SPADES SEVEN DIAMONDS JACK,0.2684,0.2888,0.4428
SPADES KING HEARTS SIX,0.4048,0.008,0.5872
DIAMONDS ACE HEARTS QUEEN,0.3528,0.0056,0.6416
HEARTS FOUR HEARTS QUEEN,0.3794,0.0154,0.6052
SPADES QUEEN HEARTS SIX,0.4008,0.0106,0.5886
SPADES SIX DIAMONDS JACK,0.2766,0.3694,0.354
DIAMONDS TEN SPADES TWO,0.646,0.0178,0.3362
SPADES THREE DIAMONDS TEN,0.7242,0.0498,0.226
SPADES FOUR DIAMONDS TEN,0.6052,0.0174,0.3774
SPADES FIVE DIAMONDS TEN,0.6248,0.0154,0.3598
SPADES SIX DIAMONDS TEN,0.6008,0.0152,0.384
SPADES SEVEN DIAMONDS TEN,0.5958,0.0178,0.3864
SPADES EIGHT DIAMONDS TEN,0.5828,0.015,0.4022
SPADES NINE DIAMONDS TEN,0.5674,0.0172,0.4154
CLUBS FOUR DIAMONDS TEN,0.6126,0.0188,0.3686
CLUBS FIVE DIAMONDS TEN,0.6022,0.019,0.3788
CLUBS SIX DIAMONDS TEN,0.5864,0.0184,0.3952
CLUBS SEVEN DIAMONDS TEN,0.5842,0.0204,0.3954
CLUBS EIGHT DIAMONDS TEN,0.5804,0.0146,0.405
CLUBS NINE DIAMONDS TEN,0.569,0.0152,0.4158
CLUBS TEN DIAMONDS THREE,0.7208,0.06,0.2192
DIAMONDS THREE CLUBS KING,0.2692,0.0328,0.698
DIAMONDS THREE CLUBS QUEEN,0.274,0.0438,0.6822
DIAMONDS THREE CLUBS ACE,0.26,0.0206,0.7194
SPADES FOUR HEARTS JACK,0.2702,0.4802,0.2496
SPADES FOUR HEARTS TEN,0.604,0.0184,0.3776
SPADES FIVE SPADES TWO,0.5794,0.0202,0.4004
SPADES FOUR SPADES TWO,0.5946,0.0206,0.3848
SPADES THREE SPADES TWO,0.6658,0.0544,0.2798
SPADES NINE SPADES TWO,0.6056,0.0192,0.3752
SPADES EIGHT SPADES TWO,0.613,0.018,0.369
SPADES SEVEN SPADES TWO,0.607,0.02,0.373
SPADES SIX SPADES TWO,0.6182,0.018,0.3638
DIAMONDS QUEEN CLUBS TWO,0.4218,0.0154,0.5628
CLUBS TWO HEARTS TWO,0.4172,0.0544,0.5284
DIAMONDS QUEEN HEARTS SEVEN,0.4028,0.0092,0.588
HEARTS TWO HEARTS SEVEN,0.6148,0.0184,0.3668
HEARTS SIX DIAMONDS QUEEN,0.4012,0.0098,0.589
HEARTS SIX HEARTS TWO,0.6044,0.017,0.3786
DIAMONDS QUEEN HEARTS NINE,0.3904,0.0104,0.5992
HEARTS TWO HEARTS NINE,0.6114,0.0202,0.3684
DIAMONDS QUEEN HEARTS EIGHT,0.3858,0.0082,0.606
HEARTS TWO HEARTS EIGHT,0.598,0.018,0.384
CLUBS NINE HEARTS TWO,0.6392,0.02,0.3408
CLUBS NINE DIAMONDS QUEEN,0.363,0.0112,0.6258
CLUBS EIGHT HEARTS TWO,0.6414,0.021,0.3376
CLUBS EIGHT DIAMONDS QUEEN,0.3832,0.011,0.6058
CLUBS FIVE DIAMONDS QUEEN,0.3972,0.0146,0.5882
CLUBS FIVE HEARTS TWO,0.6136,0.0252,0.3612
SPADES EIGHT HEARTS ACE,0.4016,0.004,0.5944
DIAMONDS QUEEN CLUBS FOUR,0.3942,0.014,0.5918
HEARTS TWO CLUBS FOUR,0.6182,0.0222,0.3596
CLUBS SEVEN DIAMONDS QUEEN,0.4104,0.013,0.5766
CLUBS SEVEN HEARTS TWO,0.646,0.0202,0.3338
SPADES EIGHT HEARTS QUEEN,0.4024,0.0084,0.5892
CLUBS SIX DIAMONDS QUEEN,0.3836,0.011,0.6054
CLUBS SIX HEARTS TWO,0.6426,0.0234,0.334
SPADES EIGHT HEARTS KING,0.4104,0.007,0.5826
HEARTS TWO SPADES SIX,0.6368,0.0228,0.3404
DIAMONDS QUEEN SPADES SIX,0.3918,0.0106,0.5976
HEARTS FOUR CLUBS QUEEN,0.38,0.0106,0.6094
DIAMONDS ACE CLUBS QUEEN,0.3502,0.005,0.6448
DIAMONDS QUEEN SPADES SEVEN,0.4108,0.0096,0.5796
HEARTS TWO SPADES SEVEN,0.6536,0.018,0.3284
HEARTS FOUR CLUBS KING,0.3882,0.0086,0.6032
DIAMONDS ACE CLUBS KING,0.345,0.0056,0.6494
DIAMONDS QUEEN SPADES EIGHT,0.3814,0.0112,0.6074
SPADES EIGHT HEARTS TWO,0.6484,0.0176,0.334
HEARTS FOUR CLUBS ACE,0.3638,0.0056,0.6306
DIAMONDS ACE CLUBS ACE,0.1488,0.0052,0.846
SPADES NINE DIAMONDS QUEEN,0.3792,0.0114,0.6094
SPADES NINE HEARTS TWO,0.6426,0.0184,0.339
HEARTS TWO SPADES TWO,0.4452,0.056,0.4988
DIAMONDS QUEEN SPADES TWO,0.4282,0.0134,0.5584
HEARTS TWO SPADES THREE,0.7058,0.0546,0.2396
DIAMONDS QUEEN SPADES THREE,0.29,0.0412,0.6688
HEARTS TWO SPADES FOUR,0.6388,0.0218,0.3394
DIAMONDS QUEEN SPADES FOUR,0.4086,0.0142,0.5772
HEARTS FOUR CLUBS TEN,0.6098,0.0192,0.371
CLUBS TEN DIAMONDS ACE,0.3674,0.0044,0.6282
HEARTS TWO SPADES FIVE,0.6308,0.0174,0.3518
DIAMONDS QUEEN SPADES FIVE,0.3896,0.0114,0.599
CLUBS FIVE CLUBS KING,0.3582,0.008,0.6338
CLUBS FIVE CLUBS QUEEN,0.3318,0.0106,0.6576
CLUBS FIVE CLUBS ACE,0.3354,0.0068,0.6578
CLUBS TEN CLUBS FIVE,0.6034,0.0182,0.3784
SPADES SIX CLUBS KING,0.3758,0.0068,0.6174
SPADES SIX CLUBS QUEEN,0.3902,0.0102,0.5996
SPADES EIGHT HEARTS JACK,0.2606,0.2172,0.5222
SPADES SIX CLUBS ACE,0.3872,0.0052,0.6076
SPADES EIGHT HEARTS TEN,0.572,0.0152,0.4128
CLUBS TEN SPADES SIX,0.5904,0.0148,0.3948
SPADES QUEEN CLUBS SEVEN,0.4008,0.012,0.5872
SPADES KING CLUBS SEVEN,0.388,0.0106,0.6014
SPADES ACE CLUBS SEVEN,0.3924,0.0046,0.603
SPADES SIX HEARTS TEN,0.6076,0.0172,0.3752
SPADES SIX HEARTS JACK,0.2732,0.361,0.3658
SPADES SIX HEARTS ACE,0.4002,0.0036,0.5962
SPADES SIX HEARTS KING,0.4036,0.0064,0.59
SPADES SIX HEARTS QUEEN,0.4068,0.0124,0.5808
CLUBS SEVEN SPADES JACK,0.2516,0.2946,0.4538
CLUBS SEVEN SPADES TEN,0.5848,0.019,0.3962
CLUBS TEN HEARTS SIX,0.5942,0.0194,0.3864
HEARTS SIX CLUBS QUEEN,0.3976,0.0134,0.589
HEARTS SIX CLUBS KING,0.39,0.0064,0.6036
HEARTS SIX CLUBS ACE,0.3912,0.005,0.6038
DIAMONDS THREE HEARTS ACE,0.2808,0.0156,0.7036
DIAMONDS THREE HEARTS QUEEN,0.2758,0.0428,0.6814
DIAMONDS THREE HEARTS KING,0.2888,0.0294,0.6818
CLUBS FIVE HEARTS JACK,0.2494,0.4306,0.32
SPADES TEN DIAMONDS ACE,0.3852,0.0036,0.6112
HEARTS FOUR SPADES TEN,0.6168,0.0174,0.3658
CLUBS FIVE HEARTS TEN,0.6054,0.0172,0.3774
HEARTS FOUR SPADES JACK,0.2546,0.4942,0.2512
SPADES JACK DIAMONDS ACE,0.2692,0.0194,0.7114
SPADES ACE HEARTS FOUR,0.4046,0.0064,0.589
SPADES ACE DIAMONDS ACE,0.1614,0.0034,0.8352
CLUBS FIVE HEARTS ACE,0.388,0.0052,0.6068
CLUBS FIVE HEARTS KING,0.3874,0.0094,0.6032
HEARTS FOUR SPADES QUEEN,0.3988,0.0124,0.5888
SPADES QUEEN DIAMONDS ACE,0.3386,0.005,0.6564
CLUBS FIVE HEARTS QUEEN,0.3936,0.0142,0.5922
SPADES KING DIAMONDS ACE,0.359,0.0032,0.6378
HEARTS FOUR SPADES KING,0.3994,0.0056,0.595
CLUBS TEN SPADES FOUR,0.6136,0.017,0.3694
DIAMONDS QUEEN DIAMONDS ACE,0.3386,0.0042,0.6572
HEARTS TWO DIAMONDS ACE,0.4136,0.0036,0.5828
HEARTS FOUR DIAMONDS QUEEN,0.4048,0.0112,0.584
HEARTS FOUR HEARTS TWO,0.6022,0.0186,0.3792
DIAMONDS THREE HEARTS TEN,0.709,0.0534,0.2376
SPADES FOUR CLUBS KING,0.3824,0.007,0.6106
HEARTS FIVE DIAMONDS QUEEN,0.3958,0.0114,0.5928
HEARTS FIVE HEARTS TWO,0.5896,0.0206,0.3898
DIAMONDS THREE HEARTS JACK,0.0678,0.9096,0.0226
SPADES FOUR CLUBS QUEEN,0.3838,0.0126,0.6036
DIAMONDS QUEEN HEARTS TWO,0.4302,0.0136,0.5562
DIAMONDS KING DIAMONDS QUEEN,0.3476,0.0062,0.6462
DIAMONDS KING HEARTS TWO,0.436,0.009,0.555
HEARTS THREE DIAMONDS QUEEN,0.2718,0.042,0.6862
HEARTS THREE HEARTS TWO,0.6496,0.0602,0.2902
SPADES FOUR CLUBS ACE,0.3908,0.0064,0.6028
HEARTS TWO CLUBS ACE,0.4112,0.0058,0.583
DIAMONDS QUEEN CLUBS ACE,0.3504,0.0058,0.6438
HEARTS TWO CLUBS QUEEN,0.4088,0.0118,0.5794
DIAMONDS QUEEN CLUBS QUEEN,0.1694,0.0092,0.8214
HEARTS TWO CLUBS KING,0.4206,0.0104,0.569
DIAMONDS QUEEN CLUBS KING,0.3476,0.0068,0.6456
SPADES EIGHT SPADES FIVE,0.546,0.0186,0.4354
CLUBS TEN HEARTS TWO,0.6344,0.0188,0.3468
CLUBS TEN DIAMONDS QUEEN,0.3504,0.0112,0.6384
SPADES NINE SPADES FIVE,0.5798,0.0154,0.4048
SPADES SIX SPADES FIVE,0.541,0.018,0.441
SPADES SEVEN SPADES FIVE,0.5584,0.0172,0.4244
DIAMONDS FIVE CLUBS QUEEN,0.3922,0.0128,0.595
SPADES EIGHT CLUBS ACE,0.385,0.0056,0.6094
DIAMONDS FIVE CLUBS KING,0.3912,0.0076,0.6012
SPADES EIGHT CLUBS KING,0.3824,0.0078,0.6098
DIAMONDS FIVE CLUBS ACE,0.3692,0.0048,0.626
SPADES EIGHT CLUBS QUEEN,0.3748,0.0114,0.6138
CLUBS TEN SPADES EIGHT,0.5662,0.0178,0.416
CLUBS TEN DIAMONDS FIVE,0.598,0.016,0.386
HEARTS JACK DIAMONDS TEN,0.2746,0.1144,0.611
DIAMONDS TEN HEARTS TEN,0.3136,0.0224,0.664
SPADES ACE CLUBS NINE,0.3768,0.0052,0.618
CLUBS NINE SPADES QUEEN,0.3656,0.0114,0.623
CLUBS NINE SPADES KING,0.385,0.008,0.607
HEARTS SIX HEARTS KING,0.3788,0.006,0.6152
DIAMONDS KING SPADES SEVEN,0.4058,0.0072,0.587
HEARTS THREE SPADES SEVEN,0.7098,0.0468,0.2434
SPADES KING DIAMONDS SEVEN,0.393,0.0072,0.5998
HEARTS SIX HEARTS QUEEN,0.3898,0.0122,0.598
SPADES QUEEN DIAMONDS SEVEN,0.415,0.0104,0.5746
HEARTS THREE SPADES SIX,0.6954,0.0518,0.2528
DIAMONDS KING SPADES SIX,0.4108,0.0064,0.5828
DIAMONDS KING SPADES NINE,0.3978,0.005,0.5972
HEARTS THREE SPADES NINE,0.721,0.056,0.223
HEARTS SIX HEARTS ACE,0.3708,0.0044,0.6248
DIAMONDS KING SPADES EIGHT,0.3988,0.0072,0.594
