opposingHand,winningChance,drawChance,lostChance
CLUBS SIX CLUBS FIVE
HEARTS FIVE SPADES TEN,0.341,0.0688,0.5902
SPADES JACK HEARTS FIVE,0.3214,0.055,0.6236
CLUBS JACK SPADES FIVE,0.311,0.0588,0.6302
CLUBS TEN SPADES FIVE,0.3146,0.0734,0.612
CLUBS JACK CLUBS EIGHT,0.3496,0.022,0.6284
CLUBS TEN CLUBS EIGHT,0.3392,0.0252,0.6356
CLUBS EIGHT CLUBS KING,0.3708,0.009,0.6202
SPADES FIVE CLUBS ACE,0.2866,0.0218,0.6916
CLUBS EIGHT CLUBS QUEEN,0.3654,0.0148,0.6198
SPADES FIVE CLUBS KING,0.3166,0.0274,0.656
SPADES FIVE CLUBS QUEEN,0.3112,0.0416,0.6472
CLUBS EIGHT CLUBS ACE,0.355,0.0066,0.6384
DIAMONDS TWO DIAMONDS THREE,0.5388,0.1312,0.33
DIAMONDS TWO DIAMONDS FIVE,0.484,0.2382,0.2778
SPADES KING HEARTS FIVE,0.326,0.0336,0.6404
DIAMONDS TWO DIAMONDS FOUR,0.535,0.1338,0.3312
SPADES QUEEN HEARTS FIVE,0.3388,0.0408,0.6204
DIAMONDS TWO DIAMONDS SEVEN,0.4386,0.0918,0.4696
DIAMONDS TWO DIAMONDS SIX,0.3612,0.3992,0.2396
SPADES ACE HEARTS FIVE,0.311,0.0234,0.6656
DIAMONDS TWO DIAMONDS NINE,0.4342,0.0448,0.521
DIAMONDS TWO DIAMONDS EIGHT,0.4364,0.0586,0.505
DIAMONDS THREE DIAMONDS FOUR,0.5176,0.1296,0.3528
CLUBS TWO SPADES FOUR,0.5594,0.1458,0.2948
DIAMONDS THREE DIAMONDS FIVE,0.4962,0.2416,0.2622
CLUBS TWO SPADES FIVE,0.5216,0.2458,0.2326
CLUBS TWO SPADES TWO,0.4086,0.1218,0.4696
CLUBS TWO SPADES THREE,0.5466,0.1504,0.303
DIAMONDS THREE DIAMONDS EIGHT,0.437,0.0622,0.5008
SPADES EIGHT CLUBS TWO,0.4598,0.0624,0.4778
DIAMONDS THREE DIAMONDS NINE,0.4382,0.0388,0.523
SPADES NINE CLUBS TWO,0.4578,0.0458,0.4964
DIAMONDS THREE DIAMONDS SIX,0.351,0.3982,0.2508
CLUBS TWO SPADES SIX,0.3762,0.4278,0.196
DIAMONDS THREE DIAMONDS SEVEN,0.4162,0.0862,0.4976
CLUBS TWO SPADES SEVEN,0.4584,0.1006,0.441
CLUBS SEVEN CLUBS TWO,0.4208,0.1016,0.4776
CLUBS FOUR CLUBS TWO,0.5568,0.137,0.3062
CLUBS TEN CLUBS JACK,0.3188,0.016,0.6652
DIAMONDS FOUR DIAMONDS SIX,0.3414,0.4186,0.24
CLUBS TEN CLUBS QUEEN,0.3398,0.011,0.6492
DIAMONDS FOUR DIAMONDS SEVEN,0.417,0.0862,0.4968
CLUBS TEN CLUBS KING,0.349,0.0092,0.6418
CLUBS TEN CLUBS ACE,0.3338,0.0066,0.6596
CLUBS EIGHT CLUBS TWO,0.4288,0.0668,0.5044
DIAMONDS FIVE DIAMONDS FOUR,0.4832,0.2448,0.272
CLUBS NINE CLUBS TWO,0.4174,0.0478,0.5348
DIAMONDS NINE DIAMONDS FOUR,0.4268,0.0348,0.5384
DIAMONDS EIGHT DIAMONDS FOUR,0.426,0.0622,0.5118
CLUBS TWO CLUBS THREE,0.5472,0.1396,0.3132
DIAMONDS NINE DIAMONDS FIVE,0.293,0.0974,0.6096
CLUBS JACK DIAMONDS TWO,0.4574,0.0214,0.5212
DIAMONDS EIGHT DIAMONDS FIVE,0.282,0.1268,0.5912
CLUBS TEN DIAMONDS TWO,0.4534,0.0258,0.5208
DIAMONDS FIVE DIAMONDS SEVEN,0.2726,0.179,0.5484
DIAMONDS FIVE DIAMONDS SIX,0.0662,0.8616,0.0722
DIAMONDS TWO CLUBS ACE,0.447,0.0062,0.5468
DIAMONDS TWO CLUBS KING,0.4594,0.012,0.5286
DIAMONDS TWO CLUBS QUEEN,0.4482,0.0158,0.536
DIAMONDS EIGHT DIAMONDS SIX,0.2882,0.1322,0.5796
DIAMONDS NINE DIAMONDS SIX,0.29,0.1028,0.6072
HEARTS ACE SPADES THREE,0.443,0.0048,0.5522
HEARTS KING SPADES THREE,0.472,0.0082,0.5198
DIAMONDS SEVEN DIAMONDS SIX,0.2704,0.182,0.5476
SPADES THREE HEARTS QUEEN,0.4548,0.0126,0.5326
HEARTS JACK SPADES THREE,0.4696,0.017,0.5134
SPADES THREE HEARTS TEN,0.4562,0.0212,0.5226
DIAMONDS EIGHT DIAMONDS SEVEN,0.3618,0.0574,0.5808
DIAMONDS NINE DIAMONDS SEVEN,0.3606,0.0388,0.6006
DIAMONDS NINE DIAMONDS EIGHT,0.3676,0.0358,0.5966
DIAMONDS KING HEARTS TEN,0.4172,0.0074,0.5754
HEARTS THREE HEARTS TEN,0.447,0.028,0.525
DIAMONDS KING HEARTS JACK,0.4098,0.0056,0.5846
HEARTS THREE HEARTS JACK,0.4252,0.0166,0.5582
SPADES JACK SPADES FIVE,0.3164,0.0532,0.6304
SPADES TEN SPADES FIVE,0.3202,0.066,0.6138
DIAMONDS KING HEARTS ACE,0.4212,0.0044,0.5744
HEARTS THREE HEARTS ACE,0.4222,0.0048,0.573
DIAMONDS KING HEARTS QUEEN,0.408,0.0078,0.5842
HEARTS THREE HEARTS QUEEN,0.4386,0.0128,0.5486
DIAMONDS KING HEARTS KING,0.2366,0.0176,0.7458
HEARTS THREE HEARTS KING,0.4274,0.0096,0.563
SPADES NINE HEARTS TEN,0.389,0.0198,0.5912
SPADES NINE HEARTS JACK,0.3982,0.016,0.5858
SPADES QUEEN SPADES FIVE,0.3184,0.041,0.6406
SPADES KING SPADES FIVE,0.3096,0.032,0.6584
SPADES ACE SPADES FIVE,0.295,0.0196,0.6854
SPADES NINE HEARTS QUEEN,0.414,0.013,0.573
SPADES NINE HEARTS KING,0.4028,0.0062,0.591
SPADES NINE HEARTS ACE,0.4166,0.0028,0.5806
CLUBS TEN SPADES JACK,0.3664,0.0132,0.6204
CLUBS TEN SPADES TEN,0.2186,0.0602,0.7212
SPADES ACE CLUBS TEN,0.3764,0.0054,0.6182
CLUBS TEN SPADES KING,0.3832,0.005,0.6118
CLUBS TEN SPADES QUEEN,0.4154,0.0104,0.5742
SPADES FIVE HEARTS QUEEN,0.329,0.0466,0.6244
HEARTS KING SPADES FIVE,0.3374,0.0344,0.6282
SPADES FIVE HEARTS ACE,0.3162,0.0218,0.662
CLUBS EIGHT SPADES TEN,0.3788,0.0218,0.5994
HEARTS THREE SPADES JACK,0.47,0.0166,0.5134
SPADES JACK DIAMONDS KING,0.4172,0.0064,0.5764
SPADES TEN DIAMONDS KING,0.4056,0.0088,0.5856
HEARTS THREE SPADES TEN,0.453,0.026,0.521
CLUBS EIGHT SPADES JACK,0.3994,0.02,0.5806
SPADES ACE CLUBS EIGHT,0.3976,0.0044,0.598
CLUBS JACK HEARTS FIVE,0.3178,0.0628,0.6194
CLUBS TEN HEARTS FIVE,0.3122,0.073,0.6148
SPADES QUEEN CLUBS EIGHT,0.3982,0.0146,0.5872
CLUBS TEN SPADES THREE,0.4492,0.0274,0.5234
SPADES KING CLUBS EIGHT,0.4208,0.0074,0.5718
CLUBS JACK SPADES THREE,0.4468,0.0232,0.53
DIAMONDS TWO HEARTS JACK,0.4678,0.0186,0.5136
SPADES THREE CLUBS QUEEN,0.4628,0.0158,0.5214
DIAMONDS TWO HEARTS TEN,0.4712,0.0286,0.5002
SPADES THREE CLUBS KING,0.4484,0.0098,0.5418
HEARTS FIVE CLUBS ACE,0.2966,0.022,0.6814
SPADES FIVE HEARTS TEN,0.3326,0.076,0.5914
SPADES THREE CLUBS ACE,0.4466,0.0052,0.5482
HEARTS FIVE CLUBS KING,0.3232,0.0294,0.6474
SPADES FIVE HEARTS JACK,0.3258,0.0608,0.6134
HEARTS FIVE CLUBS QUEEN,0.307,0.0408,0.6522
HEARTS THREE CLUBS KING,0.4586,0.0092,0.5322
DIAMONDS KING CLUBS KING,0.2244,0.0182,0.7574
HEARTS THREE CLUBS QUEEN,0.4456,0.014,0.5404
DIAMONDS KING CLUBS QUEEN,0.3998,0.008,0.5922
HEARTS FIVE HEARTS JACK,0.3162,0.0526,0.6312
HEARTS FIVE HEARTS TEN,0.314,0.0678,0.6182
HEARTS THREE CLUBS ACE,0.443,0.0058,0.5512
DIAMONDS KING CLUBS ACE,0.3972,0.0048,0.598
SPADES ACE CLUBS QUEEN,0.3912,0.0038,0.605
SPADES KING CLUBS QUEEN,0.399,0.0096,0.5914
CLUBS JACK HEARTS THREE,0.4414,0.024,0.5346
CLUBS JACK DIAMONDS KING,0.4006,0.007,0.5924
SPADES QUEEN CLUBS QUEEN,0.2172,0.0362,0.7466
CLUBS TEN HEARTS THREE,0.44,0.0328,0.5272
CLUBS TEN DIAMONDS KING,0.3986,0.0062,0.5952
SPADES JACK CLUBS QUEEN,0.3884,0.0084,0.6032
SPADES TEN CLUBS QUEEN,0.3748,0.0108,0.6144
HEARTS FIVE HEARTS KING,0.3186,0.0336,0.6478
HEARTS FIVE HEARTS QUEEN,0.3116,0.0436,0.6448
HEARTS FIVE HEARTS ACE,0.2968,0.0196,0.6836
SPADES SEVEN HEARTS JACK,0.4056,0.0186,0.5758
SPADES SEVEN HEARTS TEN,0.3936,0.027,0.5794
DIAMONDS TWO CLUBS TWO,0.4062,0.135,0.4588
DIAMONDS TWO CLUBS THREE,0.5576,0.147,0.2954
HEARTS SIX DIAMONDS TWO,0.383,0.408,0.209
DIAMONDS TWO HEARTS QUEEN,0.4634,0.0116,0.525
DIAMONDS TWO HEARTS SEVEN,0.4596,0.0938,0.4466
DIAMONDS TWO HEARTS KING,0.472,0.0108,0.5172
DIAMONDS TWO HEARTS EIGHT,0.4788,0.0692,0.452
DIAMONDS TWO HEARTS ACE,0.4648,0.0054,0.5298
DIAMONDS TWO HEARTS NINE,0.4676,0.038,0.4944
DIAMONDS TWO DIAMONDS QUEEN,0.446,0.0156,0.5384
DIAMONDS TWO HEARTS TWO,0.4094,0.1242,0.4664
DIAMONDS TWO DIAMONDS KING,0.4396,0.0062,0.5542
HEARTS THREE DIAMONDS TWO,0.5642,0.1426,0.2932
DIAMONDS TWO DIAMONDS ACE,0.4248,0.0058,0.5694
HEARTS FOUR DIAMONDS TWO,0.5648,0.152,0.2832
DIAMONDS TWO HEARTS FIVE,0.527,0.2522,0.2208
SPADES SEVEN HEARTS ACE,0.4092,0.0036,0.5872
DIAMONDS TWO DIAMONDS TEN,0.4332,0.0306,0.5362
SPADES SEVEN HEARTS KING,0.4206,0.0066,0.5728
DIAMONDS TWO DIAMONDS JACK,0.4454,0.0164,0.5382
SPADES SEVEN HEARTS QUEEN,0.4108,0.0122,0.577
DIAMONDS TWO SPADES NINE,0.4728,0.038,0.4892
DIAMONDS TWO SPADES EIGHT,0.47,0.0574,0.4726
DIAMONDS TWO SPADES SEVEN,0.4618,0.1012,0.437
DIAMONDS TWO SPADES SIX,0.3884,0.4208,0.1908
DIAMONDS TWO SPADES FIVE,0.5198,0.2558,0.2244
DIAMONDS TWO SPADES FOUR,0.5652,0.1518,0.283
DIAMONDS TWO SPADES THREE,0.568,0.1372,0.2948
DIAMONDS TWO SPADES TWO,0.3964,0.1252,0.4784
DIAMONDS TWO CLUBS NINE,0.4572,0.0372,0.5056
CLUBS EIGHT DIAMONDS TWO,0.4606,0.0646,0.4748
DIAMONDS TWO CLUBS SEVEN,0.4502,0.1022,0.4476
DIAMONDS TWO CLUBS FOUR,0.555,0.148,0.297
CLUBS FOUR SPADES FIVE,0.5058,0.2578,0.2364
CLUBS FOUR SPADES FOUR,0.3872,0.133,0.4798
CLUBS FOUR SPADES THREE,0.5526,0.1462,0.3012
CLUBS FOUR SPADES TWO,0.572,0.1424,0.2856
CLUBS FOUR SPADES NINE,0.4556,0.046,0.4984
CLUBS FOUR SPADES EIGHT,0.4466,0.06,0.4934
CLUBS FOUR SPADES SEVEN,0.4396,0.0906,0.4698
CLUBS FOUR SPADES SIX,0.3426,0.4438,0.2136
SPADES ACE DIAMONDS SIX,0.3144,0.0252,0.6604
SPADES QUEEN DIAMONDS SIX,0.33,0.0512,0.6188
SPADES KING DIAMONDS SIX,0.3188,0.035,0.6462
SPADES TEN DIAMONDS SIX,0.31,0.077,0.613
SPADES JACK DIAMONDS SIX,0.3248,0.0504,0.6248
SPADES QUEEN SPADES TWO,0.4386,0.015,0.5464
SPADES KING SPADES TWO,0.4394,0.0096,0.551
SPADES ACE SPADES TWO,0.4244,0.0038,0.5718
CLUBS JACK DIAMONDS JACK,0.2154,0.0496,0.735
CLUBS TEN DIAMONDS JACK,0.3816,0.0134,0.605
DIAMONDS JACK CLUBS KING,0.3986,0.0072,0.5942
DIAMONDS JACK CLUBS QUEEN,0.3844,0.0098,0.6058
DIAMONDS THREE DIAMONDS JACK,0.4278,0.0186,0.5536
DIAMONDS THREE DIAMONDS TEN,0.4448,0.0256,0.5296
DIAMONDS JACK CLUBS ACE,0.398,0.0052,0.5968
DIAMONDS THREE DIAMONDS KING,0.4314,0.009,0.5596
HEARTS THREE DIAMONDS THREE,0.3994,0.1222,0.4784
DIAMONDS THREE DIAMONDS QUEEN,0.4422,0.0108,0.547
DIAMONDS THREE HEARTS TWO,0.549,0.1476,0.3034
HEARTS FIVE DIAMONDS THREE,0.5234,0.2516,0.225
DIAMONDS THREE DIAMONDS ACE,0.4182,0.0054,0.5764
HEARTS FOUR DIAMONDS THREE,0.5456,0.1474,0.307
DIAMONDS THREE HEARTS SEVEN,0.4496,0.0944,0.456
SPADES TEN SPADES NINE,0.3812,0.0226,0.5962
HEARTS SIX DIAMONDS THREE,0.3764,0.4184,0.2052
SPADES JACK SPADES NINE,0.3752,0.0154,0.6094
DIAMONDS THREE HEARTS NINE,0.4636,0.043,0.4934
HEARTS JACK DIAMONDS FOUR,0.4526,0.0162,0.5312
HEARTS KING HEARTS ACE,0.3972,0.0056,0.5972
SPADES TEN SPADES TWO,0.4316,0.0274,0.541
DIAMONDS THREE HEARTS EIGHT,0.4526,0.0656,0.4818
HEARTS TEN DIAMONDS FOUR,0.4628,0.0246,0.5126
SPADES JACK SPADES TWO,0.4438,0.0172,0.539
HEARTS QUEEN DIAMONDS FOUR,0.46,0.014,0.526
HEARTS KING DIAMONDS FOUR,0.4556,0.0074,0.537
SPADES ACE SPADES NINE,0.3922,0.005,0.6028
HEARTS ACE DIAMONDS FOUR,0.4446,0.0052,0.5502
SPADES KING SPADES NINE,0.392,0.0062,0.6018
SPADES QUEEN SPADES NINE,0.3864,0.011,0.6026
DIAMONDS THREE SPADES NINE,0.4596,0.0426,0.4978
DIAMONDS THREE SPADES EIGHT,0.4578,0.06,0.4822
DIAMONDS THREE SPADES SEVEN,0.4454,0.0986,0.456
DIAMONDS THREE SPADES SIX,0.3778,0.4242,0.198
CLUBS ACE DIAMONDS FOUR,0.4312,0.007,0.5618
DIAMONDS THREE CLUBS SEVEN,0.4438,0.0954,0.4608
DIAMONDS THREE CLUBS FOUR,0.5552,0.148,0.2968
DIAMONDS FOUR CLUBS QUEEN,0.4476,0.0122,0.5402
DIAMONDS FOUR CLUBS KING,0.4492,0.0096,0.5412
DIAMONDS THREE CLUBS TWO,0.5538,0.15,0.2962
CLUBS TEN DIAMONDS FOUR,0.4534,0.0246,0.522
DIAMONDS THREE CLUBS THREE,0.408,0.1194,0.4726
CLUBS JACK DIAMONDS FOUR,0.4466,0.0196,0.5338
DIAMONDS THREE SPADES FOUR,0.5574,0.1376,0.305
DIAMONDS THREE SPADES FIVE,0.5028,0.2522,0.245
DIAMONDS THREE SPADES TWO,0.5516,0.1442,0.3042
DIAMONDS THREE SPADES THREE,0.3984,0.1188,0.4828
CLUBS EIGHT DIAMONDS THREE,0.4546,0.0634,0.482
CLUBS NINE DIAMONDS THREE,0.4516,0.0412,0.5072
SPADES SEVEN CLUBS ACE,0.4048,0.003,0.5922
SPADES SEVEN CLUBS QUEEN,0.3858,0.0134,0.6008
SPADES SEVEN CLUBS KING,0.4186,0.0094,0.572
CLUBS TEN SPADES SEVEN,0.389,0.0224,0.5886
CLUBS JACK SPADES SEVEN,0.3996,0.0186,0.5818
CLUBS ACE CLUBS QUEEN,0.3746,0.005,0.6204
CLUBS KING CLUBS QUEEN,0.3496,0.0064,0.644
DIAMONDS TEN DIAMONDS FOUR,0.424,0.028,0.548
CLUBS TEN DIAMONDS NINE,0.3808,0.0286,0.5906
DIAMONDS JACK DIAMONDS FOUR,0.4278,0.0186,0.5536
CLUBS JACK DIAMONDS NINE,0.394,0.0126,0.5934
CLUBS JACK SPADES NINE,0.399,0.0158,0.5852
CLUBS TEN SPADES NINE,0.3774,0.0244,0.5982
DIAMONDS ACE DIAMONDS FOUR,0.4294,0.0044,0.5662
HEARTS FOUR DIAMONDS FOUR,0.3866,0.128,0.4854
DIAMONDS JACK HEARTS TEN,0.3838,0.0148,0.6014
SPADES NINE CLUBS KING,0.392,0.0082,0.5998
DIAMONDS TWO SPADES TEN,0.4606,0.0268,0.5126
DIAMONDS NINE CLUBS ACE,0.4028,0.0052,0.592
HEARTS FIVE DIAMONDS FOUR,0.5012,0.2546,0.2442
HEARTS JACK DIAMONDS JACK,0.225,0.0452,0.7298
SPADES NINE CLUBS QUEEN,0.3796,0.011,0.6094
DIAMONDS TWO SPADES JACK,0.4676,0.0198,0.5126
DIAMONDS QUEEN DIAMONDS FOUR,0.4332,0.012,0.5548
HEARTS TWO DIAMONDS FOUR,0.5614,0.1366,0.302
DIAMONDS NINE CLUBS QUEEN,0.394,0.012,0.594
DIAMONDS KING DIAMONDS FOUR,0.4418,0.0092,0.549
HEARTS THREE DIAMONDS FOUR,0.546,0.154,0.3
SPADES NINE CLUBS ACE,0.4002,0.0024,0.5974
DIAMONDS NINE CLUBS KING,0.4028,0.0066,0.5906
HEARTS ACE DIAMONDS JACK,0.4184,0.0034,0.5782
SPADES ACE DIAMONDS TWO,0.4514,0.005,0.5436
DIAMONDS JACK HEARTS QUEEN,0.3928,0.0092,0.598
SPADES QUEEN DIAMONDS TWO,0.4644,0.0124,0.5232
HEARTS KING DIAMONDS JACK,0.4062,0.0054,0.5884
SPADES KING DIAMONDS TWO,0.46,0.0084,0.5316
SPADES JACK SPADES SEVEN,0.3904,0.0166,0.593
SPADES TEN SPADES SEVEN,0.3812,0.025,0.5938
CLUBS SEVEN CLUBS THREE,0.399,0.092,0.509
CLUBS FOUR CLUBS THREE,0.5442,0.15,0.3058
CLUBS NINE CLUBS THREE,0.4016,0.0448,0.5536
CLUBS EIGHT CLUBS THREE,0.4158,0.064,0.5202
CLUBS THREE SPADES FIVE,0.513,0.2582,0.2288
CLUBS THREE SPADES FOUR,0.5486,0.1558,0.2956
CLUBS THREE SPADES THREE,0.3814,0.1378,0.4808
CLUBS THREE SPADES TWO,0.5408,0.1498,0.3094
CLUBS THREE SPADES SIX,0.3702,0.4188,0.211
SPADES SEVEN CLUBS THREE,0.4442,0.106,0.4498
SPADES EIGHT CLUBS THREE,0.4612,0.0684,0.4704
SPADES NINE CLUBS THREE,0.4552,0.0426,0.5022
SPADES TWO DIAMONDS FOUR,0.5616,0.147,0.2914
SPADES THREE DIAMONDS FOUR,0.5612,0.15,0.2888
SPADES FOUR DIAMONDS FOUR,0.389,0.124,0.487
SPADES FIVE DIAMONDS FOUR,0.529,0.2486,0.2224
SPADES SIX DIAMONDS FOUR,0.3604,0.427,0.2126
SPADES SEVEN DIAMONDS FOUR,0.4318,0.0994,0.4688
SPADES EIGHT DIAMONDS FOUR,0.4436,0.064,0.4924
SPADES NINE DIAMONDS FOUR,0.4674,0.0404,0.4922
CLUBS FOUR DIAMONDS FOUR,0.369,0.1176,0.5134
CLUBS SEVEN DIAMONDS FOUR,0.4296,0.096,0.4744
CLUBS NINE DIAMONDS FOUR,0.451,0.0434,0.5056
CLUBS EIGHT DIAMONDS FOUR,0.4516,0.0594,0.489
DIAMONDS FOUR HEARTS SEVEN,0.454,0.0956,0.4504
HEARTS SIX DIAMONDS FOUR,0.3662,0.4266,0.2072
HEARTS NINE DIAMONDS FOUR,0.4564,0.0462,0.4974
DIAMONDS FOUR HEARTS EIGHT,0.4528,0.0684,0.4788
CLUBS THREE DIAMONDS FOUR,0.5472,0.1488,0.304
CLUBS TWO DIAMONDS FOUR,0.5646,0.1484,0.287
DIAMONDS TEN DIAMONDS FIVE,0.3064,0.0756,0.618
DIAMONDS JACK DIAMONDS FIVE,0.3226,0.0616,0.6158
DIAMONDS NINE HEARTS QUEEN,0.4002,0.0124,0.5874
HEARTS KING DIAMONDS NINE,0.4222,0.0082,0.5696
DIAMONDS NINE HEARTS ACE,0.4024,0.0048,0.5928
DIAMONDS NINE HEARTS TEN,0.4058,0.0208,0.5734
DIAMONDS NINE HEARTS JACK,0.3992,0.0146,0.5862
CLUBS KING DIAMONDS SIX,0.3092,0.0416,0.6492
CLUBS QUEEN DIAMONDS SIX,0.316,0.049,0.635
CLUBS ACE DIAMONDS SIX,0.3072,0.0286,0.6642
SPADES KING DIAMONDS FOUR,0.4772,0.008,0.5148
SPADES ACE SPADES SEVEN,0.3918,0.0054,0.6028
SPADES QUEEN DIAMONDS FOUR,0.4572,0.0128,0.53
SPADES QUEEN SPADES SEVEN,0.3942,0.0114,0.5944
CLUBS JACK DIAMONDS SIX,0.3088,0.0634,0.6278
SPADES KING SPADES SEVEN,0.405,0.0078,0.5872
SPADES ACE DIAMONDS FOUR,0.4422,0.004,0.5538
CLUBS TEN DIAMONDS SIX,0.299,0.0766,0.6244
CLUBS NINE CLUBS FOUR,0.402,0.0468,0.5512
CLUBS EIGHT CLUBS FOUR,0.3974,0.0624,0.5402
SPADES JACK DIAMONDS FOUR,0.4598,0.018,0.5222
SPADES TEN DIAMONDS FOUR,0.4608,0.026,0.5132
CLUBS FOUR CLUBS SEVEN,0.382,0.1024,0.5156
CLUBS SEVEN SPADES EIGHT,0.3676,0.0586,0.5738
SPADES NINE CLUBS SEVEN,0.376,0.0384,0.5856
CLUBS SEVEN SPADES SIX,0.2712,0.181,0.5478
CLUBS SEVEN SPADES SEVEN,0.1808,0.107,0.7122
CLUBS SEVEN SPADES FIVE,0.2708,0.1862,0.543
CLUBS SEVEN SPADES FOUR,0.4286,0.0988,0.4726
CLUBS SEVEN SPADES THREE,0.443,0.1058,0.4512
CLUBS SEVEN SPADES TWO,0.4506,0.1064,0.443
CLUBS NINE CLUBS SEVEN,0.3236,0.04,0.6364
CLUBS EIGHT CLUBS SEVEN,0.318,0.058,0.624
HEARTS SIX DIAMONDS FIVE,0.0734,0.904,0.0226
DIAMONDS FIVE HEARTS SEVEN,0.2774,0.194,0.5286
DIAMONDS FIVE HEARTS EIGHT,0.3054,0.147,0.5476
HEARTS NINE DIAMONDS FIVE,0.3168,0.1038,0.5794
DIAMONDS QUEEN DIAMONDS FIVE,0.3044,0.0442,0.6514
HEARTS TWO DIAMONDS FIVE,0.5148,0.2498,0.2354
HEARTS KING HEARTS EIGHT,0.389,0.0068,0.6042
DIAMONDS KING DIAMONDS FIVE,0.3116,0.0288,0.6596
HEARTS THREE DIAMONDS FIVE,0.516,0.26,0.224
HEARTS QUEEN HEARTS EIGHT,0.3886,0.0142,0.5972
DIAMONDS ACE DIAMONDS FIVE,0.29,0.022,0.688
HEARTS FOUR DIAMONDS FIVE,0.52,0.2456,0.2344
HEARTS FIVE DIAMONDS FIVE,0.3196,0.0962,0.5842
HEARTS ACE HEARTS EIGHT,0.3812,0.0048,0.614
CLUBS FOUR DIAMONDS FIVE,0.5172,0.2546,0.2282
CLUBS SEVEN DIAMONDS FIVE,0.2772,0.189,0.5338
CLUBS TWO DIAMONDS FIVE,0.5122,0.2502,0.2376
CLUBS THREE DIAMONDS FIVE,0.5096,0.259,0.2314
SPADES THREE DIAMONDS FIVE,0.5178,0.2566,0.2256
SPADES TWO DIAMONDS FIVE,0.5198,0.2552,0.225
SPADES JACK DIAMONDS EIGHT,0.4088,0.013,0.5782
SPADES FIVE DIAMONDS FIVE,0.3228,0.0948,0.5824
CLUBS TEN HEARTS JACK,0.375,0.0154,0.6096
SPADES TEN DIAMONDS EIGHT,0.3986,0.0278,0.5736
SPADES FOUR DIAMONDS FIVE,0.5098,0.2528,0.2374
CLUBS JACK HEARTS JACK,0.2126,0.0448,0.7426
HEARTS JACK CLUBS QUEEN,0.3982,0.0114,0.5904
CLUBS NINE DIAMONDS FIVE,0.31,0.1024,0.5876
CLUBS EIGHT DIAMONDS FIVE,0.2838,0.1412,0.575
HEARTS JACK CLUBS KING,0.3992,0.0076,0.5932
HEARTS JACK CLUBS ACE,0.3886,0.0052,0.6062
SPADES SEVEN DIAMONDS FIVE,0.2932,0.1744,0.5324
SPADES KING DIAMONDS EIGHT,0.4154,0.0062,0.5784
SPADES QUEEN DIAMONDS EIGHT,0.4104,0.0124,0.5772
SPADES SIX DIAMONDS FIVE,0.0666,0.9082,0.0252
SPADES NINE DIAMONDS FIVE,0.3152,0.1008,0.584
SPADES EIGHT DIAMONDS FIVE,0.3012,0.135,0.5638
SPADES ACE DIAMONDS EIGHT,0.4078,0.0042,0.588
DIAMONDS TEN DIAMONDS SIX,0.2916,0.0742,0.6342
HEARTS ACE DIAMONDS SEVEN,0.4006,0.0058,0.5936
DIAMONDS JACK DIAMONDS SIX,0.3064,0.0594,0.6342
HEARTS QUEEN DIAMONDS SEVEN,0.423,0.0098,0.5672
HEARTS KING DIAMONDS SEVEN,0.4092,0.006,0.5848
DIAMONDS ACE DIAMONDS SIX,0.3074,0.0252,0.6674
HEARTS FOUR DIAMONDS SIX,0.3552,0.4366,0.2082
HEARTS JACK SPADES TWO,0.4694,0.022,0.5086
HEARTS FIVE DIAMONDS SIX,0.067,0.909,0.024
SPADES TWO HEARTS TEN,0.4774,0.027,0.4956
DIAMONDS QUEEN DIAMONDS SIX,0.3124,0.0468,0.6408
HEARTS TWO DIAMONDS SIX,0.382,0.4246,0.1934
DIAMONDS KING DIAMONDS SIX,0.3106,0.0382,0.6512
HEARTS THREE DIAMONDS SIX,0.3802,0.4142,0.2056
HEARTS EIGHT DIAMONDS SIX,0.3048,0.1378,0.5574
HEARTS NINE DIAMONDS SIX,0.3166,0.1082,0.5752
HEARTS SIX DIAMONDS SIX,0.177,0.1084,0.7146
HEARTS SEVEN DIAMONDS SIX,0.2924,0.1884,0.5192
HEARTS TEN DIAMONDS SEVEN,0.4112,0.0218,0.567
CLUBS TWO DIAMONDS SIX,0.3658,0.435,0.1992
HEARTS JACK DIAMONDS SEVEN,0.4166,0.018,0.5654
CLUBS THREE DIAMONDS SIX,0.3746,0.428,0.1974
CLUBS SEVEN DIAMONDS SIX,0.267,0.182,0.551
CLUBS JACK DIAMONDS EIGHT,0.3896,0.0172,0.5932
CLUBS TEN DIAMONDS EIGHT,0.3798,0.0284,0.5918
CLUBS FOUR DIAMONDS SIX,0.3548,0.4494,0.1958
HEARTS ACE HEARTS JACK,0.3854,0.005,0.6096
DIAMONDS EIGHT CLUBS ACE,0.3906,0.0046,0.6048
HEARTS JACK HEARTS QUEEN,0.388,0.0104,0.6016
DIAMONDS EIGHT CLUBS KING,0.413,0.0068,0.5802
CLUBS NINE DIAMONDS SIX,0.2928,0.103,0.6042
HEARTS KING HEARTS JACK,0.3856,0.0058,0.6086
CLUBS EIGHT DIAMONDS SIX,0.2842,0.144,0.5718
DIAMONDS EIGHT CLUBS QUEEN,0.4052,0.0128,0.582
SPADES TEN HEARTS KING,0.4088,0.005,0.5862
SPADES FIVE DIAMONDS SIX,0.0704,0.9096,0.02
HEARTS ACE SPADES TWO,0.4548,0.0038,0.5414
SPADES JACK HEARTS KING,0.4132,0.0068,0.58
SPADES FOUR DIAMONDS SIX,0.371,0.419,0.21
SPADES THREE DIAMONDS SIX,0.3852,0.417,0.1978
HEARTS QUEEN SPADES TWO,0.4738,0.012,0.5142
SPADES ACE SPADES KING,0.3824,0.0036,0.614
HEARTS KING SPADES TWO,0.46,0.0082,0.5318
SPADES TWO DIAMONDS SIX,0.3852,0.414,0.2008
HEARTS TEN HEARTS EIGHT,0.3732,0.0256,0.6012
SPADES NINE DIAMONDS SIX,0.3008,0.105,0.5942
HEARTS JACK HEARTS EIGHT,0.3906,0.0154,0.594
SPADES EIGHT DIAMONDS SIX,0.3072,0.1348,0.558
SPADES SEVEN DIAMONDS SIX,0.283,0.194,0.523
SPADES SIX DIAMONDS SIX,0.1654,0.107,0.7276
SPADES KING HEARTS KING,0.2404,0.0154,0.7442
SPADES QUEEN HEARTS KING,0.4108,0.0062,0.583
CLUBS ACE CLUBS KING,0.3668,0.0054,0.6278
SPADES ACE HEARTS KING,0.4098,0.0044,0.5858
SPADES ACE HEARTS JACK,0.4116,0.0058,0.5826
SPADES QUEEN HEARTS JACK,0.4202,0.008,0.5718
SPADES KING HEARTS JACK,0.4202,0.0062,0.5736
SPADES TEN DIAMONDS TEN,0.2124,0.0604,0.7272
SPADES JACK DIAMONDS TEN,0.3846,0.0102,0.6052
SPADES ACE DIAMONDS TEN,0.417,0.0034,0.5796
SPADES JACK HEARTS JACK,0.2256,0.0456,0.7288
SPADES TEN HEARTS JACK,0.3796,0.0138,0.6066
SPADES QUEEN DIAMONDS TEN,0.3966,0.0098,0.5936
SPADES KING DIAMONDS TEN,0.4084,0.0072,0.5844
SPADES NINE DIAMONDS SEVEN,0.3958,0.04,0.5642
SPADES EIGHT DIAMONDS SEVEN,0.3768,0.057,0.5662
SPADES SEVEN DIAMONDS SEVEN,0.1938,0.1056,0.7006
SPADES SIX DIAMONDS SEVEN,0.2912,0.1838,0.525
DIAMONDS KING DIAMONDS SEVEN,0.3928,0.0074,0.5998
HEARTS THREE DIAMONDS SEVEN,0.4536,0.098,0.4484
HEARTS KING DIAMONDS FIVE,0.3212,0.033,0.6458
DIAMONDS QUEEN DIAMONDS SEVEN,0.3886,0.0114,0.6
HEARTS TWO DIAMONDS SEVEN,0.467,0.0912,0.4418
HEARTS QUEEN DIAMONDS FIVE,0.3408,0.043,0.6162
HEARTS FIVE DIAMONDS SEVEN,0.2784,0.198,0.5236
DIAMONDS ACE DIAMONDS SEVEN,0.3788,0.0044,0.6168
HEARTS FOUR DIAMONDS SEVEN,0.4442,0.0908,0.465
HEARTS ACE DIAMONDS FIVE,0.3064,0.0222,0.6714
HEARTS SEVEN DIAMONDS SEVEN,0.194,0.1034,0.7026
HEARTS SIX DIAMONDS SEVEN,0.2756,0.1898,0.5346
HEARTS NINE DIAMONDS SEVEN,0.3774,0.0412,0.5814
DIAMONDS SEVEN HEARTS EIGHT,0.3784,0.0598,0.5618
DIAMONDS JACK DIAMONDS SEVEN,0.384,0.0192,0.5968
HEARTS JACK DIAMONDS FIVE,0.3272,0.0544,0.6184
DIAMONDS TEN DIAMONDS SEVEN,0.3718,0.0268,0.6014
DIAMONDS FIVE HEARTS TEN,0.3252,0.0708,0.604
CLUBS EIGHT DIAMONDS SEVEN,0.3658,0.0604,0.5738
SPADES KING CLUBS TWO,0.4624,0.0078,0.5298
HEARTS KING CLUBS KING,0.2276,0.017,0.7554
SPADES QUEEN CLUBS TWO,0.4692,0.0122,0.5186
HEARTS KING CLUBS QUEEN,0.3932,0.0062,0.6006
CLUBS NINE DIAMONDS SEVEN,0.3722,0.0408,0.587
CLUBS JACK SPADES TWO,0.4516,0.0222,0.5262
SPADES ACE CLUBS TWO,0.4484,0.003,0.5486
CLUBS TEN SPADES TWO,0.4506,0.0266,0.5228
HEARTS KING CLUBS ACE,0.3946,0.0052,0.6002
SPADES TWO CLUBS KING,0.46,0.007,0.533
SPADES TWO DIAMONDS SEVEN,0.4578,0.105,0.4372
SPADES THREE DIAMONDS SEVEN,0.4508,0.0944,0.4548
SPADES TWO CLUBS QUEEN,0.4618,0.0166,0.5216
SPADES FOUR DIAMONDS SEVEN,0.4322,0.0914,0.4764
CLUBS JACK HEARTS KING,0.389,0.0066,0.6044
SPADES FIVE DIAMONDS SEVEN,0.2794,0.1978,0.5228
SPADES TWO CLUBS ACE,0.454,0.0056,0.5404
CLUBS TEN HEARTS KING,0.404,0.0092,0.5868
CLUBS TWO DIAMONDS SEVEN,0.4518,0.0942,0.454
CLUBS THREE DIAMONDS SEVEN,0.4518,0.096,0.4522
CLUBS FOUR DIAMONDS SEVEN,0.4376,0.1024,0.46
SPADES JACK CLUBS TWO,0.4578,0.019,0.5232
CLUBS SEVEN DIAMONDS SEVEN,0.1818,0.097,0.7212
SPADES TEN CLUBS TWO,0.4618,0.0304,0.5078
CLUBS TWO CLUBS QUEEN,0.4262,0.016,0.5578
CLUBS TWO CLUBS KING,0.4202,0.01,0.5698
CLUBS THREE DIAMONDS EIGHT,0.4598,0.0644,0.4758
CLUBS TWO CLUBS ACE,0.3972,0.0078,0.595
CLUBS TWO DIAMONDS EIGHT,0.4674,0.0574,0.4752
DIAMONDS EIGHT HEARTS SEVEN,0.379,0.0588,0.5622
HEARTS SIX DIAMONDS EIGHT,0.306,0.1422,0.5518
DIAMONDS EIGHT HEARTS NINE,0.3886,0.0336,0.5778
CLUBS TEN CLUBS TWO,0.425,0.0292,0.5458
DIAMONDS EIGHT HEARTS EIGHT,0.2144,0.0926,0.693
CLUBS JACK CLUBS TWO,0.4168,0.0214,0.5618
CLUBS NINE DIAMONDS EIGHT,0.3742,0.0344,0.5914
CLUBS EIGHT DIAMONDS EIGHT,0.1944,0.085,0.7206
SPADES ACE SPADES THREE,0.43,0.0036,0.5664
CLUBS FOUR DIAMONDS EIGHT,0.446,0.0676,0.4864
CLUBS SEVEN DIAMONDS EIGHT,0.3606,0.061,0.5784
SPADES QUEEN SPADES THREE,0.4366,0.0128,0.5506
SPADES KING SPADES THREE,0.446,0.0074,0.5466
DIAMONDS QUEEN DIAMONDS EIGHT,0.3952,0.0104,0.5944
HEARTS TWO DIAMONDS EIGHT,0.4678,0.061,0.4712
DIAMONDS KING DIAMONDS EIGHT,0.3936,0.0108,0.5956
HEARTS THREE DIAMONDS EIGHT,0.458,0.0642,0.4778
DIAMONDS ACE DIAMONDS EIGHT,0.373,0.0036,0.6234
HEARTS FOUR DIAMONDS EIGHT,0.45,0.0642,0.4858
HEARTS FIVE DIAMONDS EIGHT,0.3106,0.1406,0.5488
DIAMONDS EIGHT DIAMONDS TEN,0.3772,0.0234,0.5994
DIAMONDS EIGHT DIAMONDS JACK,0.3776,0.0154,0.607
SPADES JACK SPADES THREE,0.4372,0.0186,0.5442
SPADES TEN SPADES THREE,0.4328,0.0286,0.5386
CLUBS FOUR HEARTS ACE,0.4326,0.0054,0.562
CLUBS FOUR HEARTS QUEEN,0.467,0.0152,0.5178
CLUBS FOUR HEARTS KING,0.4488,0.008,0.5432
DIAMONDS EIGHT SPADES FOUR,0.4482,0.07,0.4818
SPADES FIVE DIAMONDS EIGHT,0.309,0.1348,0.5562
DIAMONDS EIGHT SPADES TWO,0.4736,0.065,0.4614
DIAMONDS EIGHT SPADES THREE,0.4592,0.066,0.4748
CLUBS FOUR HEARTS JACK,0.4576,0.0156,0.5268
SPADES EIGHT DIAMONDS EIGHT,0.2116,0.0862,0.7022
SPADES TEN DIAMONDS QUEEN,0.4224,0.0086,0.569
SPADES TEN HEARTS TWO,0.4646,0.025,0.5104
SPADES JACK HEARTS EIGHT,0.408,0.02,0.572
CLUBS FOUR HEARTS TEN,0.4536,0.0312,0.5152
SPADES NINE DIAMONDS EIGHT,0.4,0.0362,0.5638
SPADES TEN HEARTS EIGHT,0.409,0.0212,0.5698
SPADES JACK HEARTS TWO,0.4688,0.0204,0.5108
SPADES JACK DIAMONDS QUEEN,0.4066,0.0102,0.5832
SPADES SIX DIAMONDS EIGHT,0.3008,0.144,0.5552
SPADES SEVEN DIAMONDS EIGHT,0.3886,0.0568,0.5546
SPADES ACE HEARTS TWO,0.464,0.0032,0.5328
SPADES ACE DIAMONDS QUEEN,0.419,0.0054,0.5756
SPADES ACE HEARTS EIGHT,0.4172,0.0044,0.5784
SPADES KING HEARTS EIGHT,0.4072,0.0084,0.5844
SPADES QUEEN HEARTS TWO,0.4756,0.0132,0.5112
SPADES QUEEN DIAMONDS QUEEN,0.2186,0.0346,0.7468
SPADES KING DIAMONDS QUEEN,0.4166,0.0048,0.5786
SPADES KING HEARTS TWO,0.4778,0.0086,0.5136
SPADES QUEEN HEARTS EIGHT,0.4102,0.0096,0.5802
CLUBS TWO HEARTS TEN,0.4566,0.0266,0.5168
CLUBS TWO HEARTS JACK,0.4544,0.0194,0.5262
SPADES SEVEN DIAMONDS NINE,0.3814,0.0366,0.582
SPADES SIX DIAMONDS NINE,0.311,0.1048,0.5842
SPADES NINE DIAMONDS NINE,0.2196,0.0738,0.7066
SPADES EIGHT DIAMONDS NINE,0.3968,0.0354,0.5678
SPADES TEN CLUBS KING,0.3862,0.0066,0.6072
DIAMONDS NINE SPADES THREE,0.4506,0.046,0.5034
SPADES JACK CLUBS KING,0.3934,0.0086,0.598
DIAMONDS NINE SPADES TWO,0.466,0.0442,0.4898
DIAMONDS NINE SPADES FIVE,0.3214,0.1006,0.578
DIAMONDS NINE SPADES FOUR,0.4624,0.043,0.4946
CLUBS NINE DIAMONDS NINE,0.2156,0.0822,0.7022
CLUBS EIGHT DIAMONDS NINE,0.3816,0.0394,0.579
SPADES JACK CLUBS FOUR,0.4562,0.0186,0.5252
CLUBS SEVEN DIAMONDS NINE,0.3896,0.0398,0.5706
SPADES TEN CLUBS FOUR,0.4476,0.027,0.5254
CLUBS FOUR DIAMONDS NINE,0.4686,0.0408,0.4906
CLUBS TWO DIAMONDS NINE,0.4652,0.043,0.4918
CLUBS THREE DIAMONDS NINE,0.4674,0.0412,0.4914
DIAMONDS NINE HEARTS EIGHT,0.3858,0.04,0.5742
DIAMONDS NINE HEARTS NINE,0.2116,0.075,0.7134
HEARTS SIX DIAMONDS NINE,0.3184,0.1068,0.5748
DIAMONDS NINE HEARTS SEVEN,0.3892,0.0386,0.5722
CLUBS EIGHT CLUBS NINE,0.3374,0.0428,0.6198
DIAMONDS ACE DIAMONDS NINE,0.4006,0.0044,0.595
HEARTS FOUR DIAMONDS NINE,0.4548,0.045,0.5002
HEARTS FIVE DIAMONDS NINE,0.3184,0.096,0.5856
CLUBS TWO HEARTS ACE,0.4464,0.0076,0.546
SPADES ACE CLUBS FOUR,0.4518,0.0064,0.5418
DIAMONDS QUEEN DIAMONDS NINE,0.3872,0.01,0.6028
HEARTS TWO DIAMONDS NINE,0.4674,0.041,0.4916
CLUBS TWO HEARTS KING,0.4748,0.0094,0.5158
SPADES KING CLUBS FOUR,0.4534,0.012,0.5346
DIAMONDS KING DIAMONDS NINE,0.3934,0.007,0.5996
HEARTS THREE DIAMONDS NINE,0.4542,0.0394,0.5064
CLUBS TWO HEARTS QUEEN,0.4744,0.0144,0.5112
SPADES QUEEN CLUBS FOUR,0.436,0.018,0.546
DIAMONDS NINE DIAMONDS JACK,0.3762,0.0136,0.6102
CLUBS EIGHT SPADES NINE,0.3708,0.0374,0.5918
DIAMONDS NINE DIAMONDS TEN,0.3724,0.0196,0.608
CLUBS EIGHT SPADES EIGHT,0.1874,0.0946,0.718
CLUBS EIGHT SPADES SEVEN,0.3634,0.0594,0.5772
CLUBS EIGHT SPADES SIX,0.2964,0.1394,0.5642
CLUBS EIGHT SPADES FIVE,0.287,0.1428,0.5702
CLUBS EIGHT SPADES FOUR,0.4378,0.0586,0.5036
CLUBS EIGHT SPADES THREE,0.4414,0.066,0.4926
CLUBS EIGHT SPADES TWO,0.4624,0.0682,0.4694
HEARTS SIX DIAMONDS TEN,0.3168,0.0758,0.6074
DIAMONDS TEN HEARTS SEVEN,0.4076,0.0266,0.5658
DIAMONDS TEN HEARTS EIGHT,0.3998,0.0276,0.5726
CLUBS JACK CLUBS FOUR,0.4112,0.022,0.5668
DIAMONDS TEN HEARTS NINE,0.3976,0.0212,0.5812
CLUBS TEN CLUBS FOUR,0.3766,0.0288,0.5946
CLUBS FOUR CLUBS KING,0.3914,0.01,0.5986
CLUBS FOUR CLUBS QUEEN,0.4128,0.0144,0.5728
CLUBS TWO DIAMONDS TEN,0.4536,0.0332,0.5132
CLUBS THREE DIAMONDS TEN,0.4522,0.0282,0.5196
CLUBS FOUR CLUBS ACE,0.388,0.0074,0.6046
DIAMONDS JACK DIAMONDS TEN,0.3668,0.0134,0.6198
DIAMONDS QUEEN DIAMONDS TEN,0.3948,0.0082,0.597
HEARTS TWO DIAMONDS TEN,0.4722,0.0252,0.5026
DIAMONDS KING DIAMONDS TEN,0.3866,0.0062,0.6072
HEARTS THREE DIAMONDS TEN,0.4532,0.027,0.5198
DIAMONDS ACE DIAMONDS TEN,0.3716,0.0052,0.6232
HEARTS FOUR DIAMONDS TEN,0.4498,0.029,0.5212
CLUBS EIGHT HEARTS JACK,0.3898,0.016,0.5942
HEARTS FIVE DIAMONDS TEN,0.335,0.074,0.591
CLUBS EIGHT HEARTS TEN,0.385,0.025,0.59
CLUBS EIGHT HEARTS QUEEN,0.394,0.0114,0.5946
CLUBS EIGHT HEARTS KING,0.3994,0.0074,0.5932
CLUBS EIGHT HEARTS ACE,0.3996,0.0064,0.594
CLUBS NINE SPADES THREE,0.4472,0.0464,0.5064
CLUBS NINE SPADES TWO,0.4542,0.042,0.5038
CLUBS NINE SPADES FIVE,0.3124,0.101,0.5866
CLUBS NINE SPADES FOUR,0.454,0.0446,0.5014
CLUBS NINE SPADES SEVEN,0.3812,0.0436,0.5752
CLUBS NINE SPADES SIX,0.2912,0.1106,0.5982
CLUBS NINE SPADES NINE,0.2066,0.0756,0.7178
CLUBS TEN HEARTS EIGHT,0.3838,0.029,0.5872
CLUBS NINE SPADES EIGHT,0.3718,0.0388,0.5894
CLUBS JACK HEARTS EIGHT,0.3946,0.0168,0.5886
CLUBS QUEEN HEARTS EIGHT,0.4042,0.0108,0.585
CLUBS KING HEARTS EIGHT,0.4112,0.0076,0.5812
CLUBS ACE HEARTS EIGHT,0.3892,0.008,0.6028
SPADES KING CLUBS KING,0.2322,0.0216,0.7462
SPADES QUEEN CLUBS KING,0.3982,0.0062,0.5956
SPADES ACE CLUBS KING,0.395,0.0052,0.5998
DIAMONDS ACE HEARTS TEN,0.404,0.0038,0.5922
HEARTS FOUR HEARTS TEN,0.4312,0.027,0.5418
DIAMONDS ACE HEARTS JACK,0.4082,0.0044,0.5874
HEARTS FOUR HEARTS JACK,0.4398,0.021,0.5392
DIAMONDS JACK HEARTS SEVEN,0.4134,0.0176,0.569
HEARTS SIX DIAMONDS JACK,0.3198,0.0606,0.6196
DIAMONDS JACK HEARTS NINE,0.4072,0.0158,0.577
DIAMONDS JACK HEARTS EIGHT,0.4202,0.0158,0.564
DIAMONDS KING DIAMONDS JACK,0.394,0.0058,0.6002
HEARTS THREE DIAMONDS JACK,0.4638,0.0178,0.5184
SPADES ACE SPADES SIX,0.3032,0.021,0.6758
HEARTS ACE SPADES FOUR,0.4374,0.0034,0.5592
DIAMONDS QUEEN DIAMONDS JACK,0.3788,0.0068,0.6144
HEARTS TWO DIAMONDS JACK,0.4704,0.0178,0.5118
HEARTS FIVE DIAMONDS JACK,0.3184,0.0604,0.6212
SPADES QUEEN SPADES SIX,0.3136,0.0504,0.636
SPADES FOUR HEARTS QUEEN,0.4644,0.012,0.5236
DIAMONDS ACE DIAMONDS JACK,0.3722,0.0042,0.6236
HEARTS FOUR DIAMONDS JACK,0.4568,0.017,0.5262
SPADES KING SPADES SIX,0.3136,0.041,0.6454
HEARTS KING SPADES FOUR,0.4582,0.0098,0.532
SPADES TEN SPADES SIX,0.293,0.0706,0.6364
SPADES JACK SPADES SIX,0.321,0.0572,0.6218
SPADES FOUR DIAMONDS JACK,0.4538,0.0194,0.5268
SPADES FIVE DIAMONDS JACK,0.3344,0.0528,0.6128
DIAMONDS JACK SPADES TWO,0.4632,0.0238,0.513
DIAMONDS JACK SPADES THREE,0.4628,0.0186,0.5186
SPADES ACE DIAMONDS THREE,0.441,0.005,0.554
CLUBS EIGHT DIAMONDS JACK,0.385,0.0204,0.5946
SPADES QUEEN DIAMONDS THREE,0.4726,0.0128,0.5146
SPADES KING DIAMONDS THREE,0.4642,0.0072,0.5286
CLUBS NINE DIAMONDS JACK,0.3944,0.0162,0.5894
CLUBS SEVEN DIAMONDS JACK,0.4002,0.0182,0.5816
CLUBS FOUR DIAMONDS JACK,0.4604,0.0188,0.5208
CLUBS TWO DIAMONDS JACK,0.4722,0.0206,0.5072
CLUBS THREE DIAMONDS JACK,0.4432,0.0178,0.539
HEARTS SIX SPADES JACK,0.3304,0.0562,0.6134
HEARTS SIX SPADES TEN,0.3194,0.0808,0.5998
SPADES JACK DIAMONDS THREE,0.4598,0.0162,0.524
CLUBS SEVEN CLUBS ACE,0.3518,0.0048,0.6434
DIAMONDS THREE SPADES TEN,0.4676,0.0266,0.5058
CLUBS SEVEN CLUBS QUEEN,0.3602,0.0164,0.6234
CLUBS SEVEN CLUBS KING,0.3532,0.0088,0.638
SPADES NINE DIAMONDS JACK,0.4004,0.0146,0.585
CLUBS TEN CLUBS SEVEN,0.3586,0.0278,0.6136
DIAMONDS ACE HEARTS ACE,0.2234,0.0036,0.773
HEARTS FOUR HEARTS ACE,0.4094,0.0062,0.5844
SPADES EIGHT DIAMONDS JACK,0.4158,0.014,0.5702
SPADES ACE HEARTS SIX,0.3354,0.0256,0.639
CLUBS JACK CLUBS SEVEN,0.3568,0.0178,0.6254
DIAMONDS ACE HEARTS KING,0.3986,0.0044,0.597
HEARTS FOUR HEARTS KING,0.4352,0.0088,0.556
SPADES SEVEN DIAMONDS JACK,0.4158,0.0188,0.5654
SPADES KING HEARTS SIX,0.3344,0.0336,0.632
DIAMONDS ACE HEARTS QUEEN,0.4106,0.005,0.5844
HEARTS FOUR HEARTS QUEEN,0.4326,0.0114,0.556
SPADES QUEEN HEARTS SIX,0.3214,0.0522,0.6264
SPADES SIX DIAMONDS JACK,0.3448,0.0494,0.6058
DIAMONDS TEN SPADES TWO,0.4598,0.0268,0.5134
SPADES THREE DIAMONDS TEN,0.47,0.0286,0.5014
SPADES FOUR DIAMONDS TEN,0.455,0.0246,0.5204
SPADES FIVE DIAMONDS TEN,0.3286,0.0736,0.5978
SPADES SIX DIAMONDS TEN,0.3142,0.08,0.6058
SPADES SEVEN DIAMONDS TEN,0.3972,0.027,0.5758
SPADES EIGHT DIAMONDS TEN,0.4008,0.0252,0.574
SPADES NINE DIAMONDS TEN,0.3954,0.023,0.5816
CLUBS FOUR DIAMONDS TEN,0.4528,0.0272,0.52
CLUBS SEVEN DIAMONDS TEN,0.3934,0.0256,0.581
CLUBS EIGHT DIAMONDS TEN,0.3836,0.0264,0.59
CLUBS NINE DIAMONDS TEN,0.3802,0.0244,0.5954
CLUBS JACK DIAMONDS THREE,0.4562,0.0194,0.5244
CLUBS TEN DIAMONDS THREE,0.4338,0.031,0.5352
DIAMONDS THREE CLUBS KING,0.452,0.0106,0.5374
DIAMONDS THREE CLUBS QUEEN,0.4494,0.012,0.5386
DIAMONDS THREE CLUBS ACE,0.4368,0.0064,0.5568
SPADES FOUR HEARTS JACK,0.463,0.0204,0.5166
SPADES FOUR HEARTS TEN,0.4598,0.0322,0.508
SPADES FIVE SPADES TWO,0.4942,0.2336,0.2722
SPADES FOUR SPADES TWO,0.5378,0.1296,0.3326
SPADES THREE SPADES TWO,0.5376,0.1266,0.3358
SPADES NINE SPADES TWO,0.4434,0.0416,0.515
SPADES EIGHT SPADES TWO,0.456,0.06,0.484
SPADES SEVEN SPADES TWO,0.4306,0.0972,0.4722
SPADES SIX SPADES TWO,0.3702,0.3938,0.236
DIAMONDS QUEEN CLUBS THREE,0.4652,0.0156,0.5192
HEARTS TWO CLUBS THREE,0.56,0.141,0.299
DIAMONDS QUEEN CLUBS TWO,0.461,0.0134,0.5256
CLUBS TWO HEARTS TWO,0.4046,0.1262,0.4692
DIAMONDS QUEEN HEARTS SEVEN,0.424,0.011,0.565
HEARTS TWO HEARTS SEVEN,0.4452,0.0902,0.4646
HEARTS SIX DIAMONDS QUEEN,0.322,0.0494,0.6286
HEARTS SIX HEARTS TWO,0.3682,0.395,0.2368
DIAMONDS QUEEN HEARTS NINE,0.4102,0.011,0.5788
HEARTS TWO HEARTS NINE,0.4402,0.0422,0.5176
DIAMONDS QUEEN HEARTS EIGHT,0.4092,0.0128,0.578
HEARTS TWO HEARTS EIGHT,0.4328,0.058,0.5092
CLUBS NINE HEARTS TWO,0.4474,0.0452,0.5074
CLUBS NINE DIAMONDS QUEEN,0.3982,0.0098,0.592
CLUBS EIGHT DIAMONDS QUEEN,0.4038,0.0104,0.5858
CLUBS EIGHT HEARTS TWO,0.4478,0.0706,0.4816
SPADES EIGHT HEARTS ACE,0.416,0.0036,0.5804
CLUBS FOUR DIAMONDS QUEEN,0.448,0.0138,0.5382
CLUBS FOUR HEARTS TWO,0.5562,0.1474,0.2964
CLUBS SEVEN DIAMONDS QUEEN,0.3968,0.0132,0.59
CLUBS SEVEN HEARTS TWO,0.4534,0.0982,0.4484
SPADES EIGHT HEARTS QUEEN,0.4034,0.0118,0.5848
SPADES EIGHT HEARTS KING,0.4166,0.0054,0.578
HEARTS TWO SPADES SIX,0.3828,0.4192,0.198
DIAMONDS QUEEN SPADES SIX,0.3356,0.048,0.6164
HEARTS FOUR CLUBS QUEEN,0.4452,0.0134,0.5414
DIAMONDS ACE CLUBS QUEEN,0.4,0.0054,0.5946
DIAMONDS QUEEN SPADES SEVEN,0.4152,0.0106,0.5742
HEARTS TWO SPADES SEVEN,0.4636,0.1026,0.4338
HEARTS FOUR CLUBS KING,0.4462,0.009,0.5448
DIAMONDS ACE CLUBS KING,0.4018,0.0056,0.5926
DIAMONDS QUEEN SPADES EIGHT,0.4108,0.0106,0.5786
SPADES EIGHT HEARTS TWO,0.4664,0.0634,0.4702
HEARTS FOUR CLUBS ACE,0.4394,0.0062,0.5544
DIAMONDS ACE CLUBS ACE,0.2132,0.0046,0.7822
SPADES NINE DIAMONDS QUEEN,0.4214,0.0104,0.5682
SPADES NINE HEARTS TWO,0.4626,0.0456,0.4918
HEARTS TWO SPADES TWO,0.4086,0.121,0.4704
DIAMONDS QUEEN SPADES TWO,0.4598,0.013,0.5272
HEARTS TWO SPADES THREE,0.5568,0.1392,0.304
DIAMONDS QUEEN SPADES THREE,0.4728,0.0108,0.5164
HEARTS TWO SPADES FOUR,0.5746,0.1346,0.2908
DIAMONDS QUEEN SPADES FOUR,0.4644,0.0102,0.5254
CLUBS TEN HEARTS FOUR,0.4394,0.0304,0.5302
CLUBS TEN DIAMONDS ACE,0.3894,0.0056,0.605
HEARTS TWO SPADES FIVE,0.5386,0.2466,0.2148
DIAMONDS QUEEN SPADES FIVE,0.3254,0.0378,0.6368
HEARTS FOUR CLUBS JACK,0.4438,0.025,0.5312
CLUBS JACK DIAMONDS ACE,0.4,0.004,0.596
SPADES KING CLUBS JACK,0.3994,0.008,0.5926
CLUBS JACK SPADES QUEEN,0.3966,0.0088,0.5946
SPADES ACE CLUBS JACK,0.396,0.0048,0.5992
SPADES SIX CLUBS KING,0.3166,0.0368,0.6466
SPADES SIX CLUBS QUEEN,0.3116,0.045,0.6434
SPADES EIGHT HEARTS JACK,0.4028,0.0132,0.584
SPADES SIX CLUBS ACE,0.3004,0.028,0.6716
SPADES EIGHT HEARTS TEN,0.396,0.0232,0.5808
CLUBS JACK SPADES SIX,0.3198,0.0614,0.6188
CLUBS TEN SPADES SIX,0.2946,0.082,0.6234
CLUBS JACK SPADES TEN,0.3688,0.0156,0.6156
CLUBS JACK SPADES JACK,0.209,0.051,0.74
SPADES QUEEN CLUBS SEVEN,0.4026,0.0156,0.5818
SPADES KING CLUBS SEVEN,0.4052,0.0096,0.5852
SPADES ACE CLUBS SEVEN,0.395,0.0052,0.5998
SPADES SIX HEARTS TEN,0.3096,0.0794,0.611
SPADES SIX HEARTS JACK,0.3212,0.057,0.6218
SPADES SIX HEARTS ACE,0.3242,0.026,0.6498
SPADES SIX HEARTS KING,0.328,0.0368,0.6352
SPADES SIX HEARTS QUEEN,0.3274,0.0456,0.627
SPADES JACK CLUBS SEVEN,0.4046,0.015,0.5804
SPADES TEN CLUBS SEVEN,0.3988,0.0304,0.5708
CLUBS TEN HEARTS SIX,0.3008,0.0814,0.6178
CLUBS JACK HEARTS SIX,0.318,0.0606,0.6214
CLUBS JACK CLUBS ACE,0.3548,0.0046,0.6406
HEARTS SIX CLUBS QUEEN,0.3132,0.051,0.6358
HEARTS SIX CLUBS KING,0.3022,0.036,0.6618
HEARTS SIX CLUBS ACE,0.3088,0.029,0.6622
CLUBS JACK CLUBS QUEEN,0.342,0.013,0.645
CLUBS JACK CLUBS KING,0.3602,0.0084,0.6314
DIAMONDS THREE HEARTS ACE,0.4606,0.005,0.5344
DIAMONDS THREE HEARTS QUEEN,0.478,0.0124,0.5096
DIAMONDS THREE HEARTS KING,0.4782,0.0106,0.5112
SPADES TEN DIAMONDS ACE,0.4014,0.0048,0.5938
HEARTS FOUR SPADES TEN,0.4446,0.0282,0.5272
HEARTS FOUR SPADES JACK,0.444,0.0162,0.5398
SPADES JACK DIAMONDS ACE,0.4224,0.0038,0.5738
SPADES ACE HEARTS FOUR,0.4434,0.0052,0.5514
SPADES ACE DIAMONDS ACE,0.227,0.0036,0.7694
HEARTS FOUR SPADES QUEEN,0.4622,0.0148,0.523
SPADES QUEEN DIAMONDS ACE,0.4096,0.0038,0.5866
CLUBS JACK SPADES FOUR,0.4436,0.0216,0.5348
SPADES KING DIAMONDS ACE,0.4076,0.0036,0.5888
HEARTS FOUR SPADES KING,0.4638,0.0084,0.5278
CLUBS TEN SPADES FOUR,0.4442,0.0268,0.529
DIAMONDS QUEEN DIAMONDS ACE,0.3804,0.0036,0.616
HEARTS TWO DIAMONDS ACE,0.4498,0.0056,0.5446
HEARTS FOUR DIAMONDS QUEEN,0.4666,0.0124,0.521
HEARTS FOUR HEARTS TWO,0.523,0.1458,0.3312
DIAMONDS THREE HEARTS TEN,0.4558,0.0258,0.5184
SPADES FOUR CLUBS KING,0.4544,0.0086,0.537
HEARTS FIVE DIAMONDS QUEEN,0.3304,0.0408,0.6288
HEARTS FIVE HEARTS TWO,0.4932,0.2446,0.2622
DIAMONDS THREE HEARTS JACK,0.4536,0.0214,0.525
SPADES FOUR CLUBS QUEEN,0.435,0.0144,0.5506
DIAMONDS QUEEN HEARTS TWO,0.4708,0.0106,0.5186
DIAMONDS KING DIAMONDS QUEEN,0.3774,0.0066,0.616
DIAMONDS KING HEARTS TWO,0.487,0.0076,0.5054
HEARTS THREE DIAMONDS QUEEN,0.4708,0.0134,0.5158
HEARTS THREE HEARTS TWO,0.529,0.132,0.339
SPADES FOUR CLUBS ACE,0.4364,0.0052,0.5584
HEARTS TWO CLUBS ACE,0.4562,0.004,0.5398
DIAMONDS QUEEN CLUBS ACE,0.404,0.0052,0.5908
HEARTS TWO CLUBS QUEEN,0.4564,0.016,0.5276
DIAMONDS QUEEN CLUBS QUEEN,0.2084,0.0354,0.7562
HEARTS TWO CLUBS KING,0.4488,0.0106,0.5406
DIAMONDS QUEEN CLUBS KING,0.413,0.006,0.581
SPADES EIGHT SPADES FIVE,0.2928,0.1368,0.5704
CLUBS TEN HEARTS TWO,0.4606,0.0244,0.515
CLUBS TEN DIAMONDS QUEEN,0.3934,0.0102,0.5964
SPADES NINE SPADES FIVE,0.3134,0.0938,0.5928
CLUBS JACK HEARTS TWO,0.4548,0.0208,0.5244
CLUBS JACK DIAMONDS QUEEN,0.3952,0.0094,0.5954
SPADES SIX SPADES FIVE,0.066,0.862,0.072
SPADES SEVEN SPADES FIVE,0.2722,0.1814,0.5464
DIAMONDS FIVE CLUBS QUEEN,0.3144,0.046,0.6396
SPADES EIGHT CLUBS ACE,0.402,0.0042,0.5938
DIAMONDS FIVE CLUBS KING,0.313,0.0342,0.6528
SPADES EIGHT CLUBS KING,0.408,0.0084,0.5836
DIAMONDS FIVE CLUBS ACE,0.2958,0.0212,0.683
SPADES EIGHT CLUBS QUEEN,0.4068,0.0124,0.5808
CLUBS JACK SPADES EIGHT,0.396,0.017,0.587
CLUBS TEN SPADES EIGHT,0.391,0.0242,0.5848
CLUBS TEN DIAMONDS FIVE,0.3102,0.0728,0.617
CLUBS JACK DIAMONDS FIVE,0.319,0.0568,0.6242
HEARTS JACK DIAMONDS TEN,0.3812,0.015,0.6038
DIAMONDS TEN HEARTS TEN,0.2294,0.064,0.7066
SPADES ACE CLUBS NINE,0.398,0.0036,0.5984
SPADES QUEEN CLUBS NINE,0.4024,0.011,0.5866
SPADES KING CLUBS NINE,0.4054,0.0086,0.586
HEARTS SIX HEARTS KING,0.2916,0.0338,0.6746
DIAMONDS KING SPADES SEVEN,0.4168,0.0062,0.577
HEARTS THREE SPADES SEVEN,0.4552,0.0958,0.449
SPADES KING DIAMONDS SEVEN,0.4128,0.0068,0.5804
HEARTS SIX HEARTS QUEEN,0.3,0.047,0.653
SPADES QUEEN DIAMONDS SEVEN,0.4176,0.009,0.5734
HEARTS THREE SPADES SIX,0.3694,0.4258,0.2048
DIAMONDS KING SPADES SIX,0.3186,0.0394,0.642
DIAMONDS KING SPADES NINE,0.4108,0.0088,0.5804
HEARTS THREE SPADES NINE,0.4616,0.0372,0.5012
HEARTS SIX HEARTS ACE,0.304,0.0222,0.6738
DIAMONDS KING SPADES EIGHT,0.4214,0.0054,0.5732
HEARTS THREE SPADES EIGHT,0.4686,0.0608,0.4706
SPADES ACE DIAMONDS SEVEN,0.4182,0.0022,0.5796
HEARTS THREE CLUBS NINE,0.4462,0.039,0.5148
CLUBS NINE DIAMONDS KING,0.4002,0.0072,0.5926
CLUBS EIGHT DIAMONDS KING,0.4074,0.0074,0.5852
HEARTS THREE CLUBS EIGHT,0.4446,0.0674,0.488
HEARTS THREE SPADES THREE,0.4014,0.1268,0.4718
DIAMONDS KING SPADES THREE,0.4644,0.0078,0.5278
HEARTS THREE SPADES TWO,0.5556,0.1426,0.3018
DIAMONDS KING SPADES TWO,0.4694,0.0066,0.524
HEARTS THREE SPADES FIVE,0.5078,0.2594,0.2328
DIAMONDS KING SPADES FIVE,0.3292,0.0348,0.636
