opposingHand,winningChance,drawChance,lostChance
CLUBS NINE SPADES FIVE
HEARTS FIVE SPADES TEN,0.253,0.0778,0.6692
SPADES JACK HEARTS FIVE,0.2424,0.0606,0.697
CLUBS EIGHT CLUBS JACK,0.3302,0.0178,0.652
CLUBS EIGHT CLUBS TEN,0.321,0.0212,0.6578
CLUBS EIGHT CLUBS KING,0.3534,0.0058,0.6408
CLUBS EIGHT CLUBS QUEEN,0.345,0.0106,0.6444
CLUBS EIGHT CLUBS ACE,0.339,0.0048,0.6562
DIAMONDS TWO DIAMONDS THREE,0.573,0.049,0.378
DIAMONDS TWO DIAMONDS FIVE,0.5944,0.101,0.3046
SPADES KING HEARTS FIVE,0.2596,0.0378,0.7026
DIAMONDS TWO DIAMONDS FOUR,0.568,0.0488,0.3832
SPADES QUEEN HEARTS FIVE,0.2624,0.0466,0.691
DIAMONDS TWO DIAMONDS SEVEN,0.5746,0.0416,0.3838
DIAMONDS TWO DIAMONDS SIX,0.559,0.0412,0.3998
SPADES ACE HEARTS FIVE,0.2486,0.0226,0.7288
DIAMONDS TWO DIAMONDS NINE,0.31,0.4328,0.2572
DIAMONDS TWO DIAMONDS EIGHT,0.5804,0.0386,0.381
DIAMONDS THREE DIAMONDS FOUR,0.5524,0.0398,0.4078
CLUBS TWO SPADES FOUR,0.6254,0.0476,0.327
DIAMONDS THREE DIAMONDS FIVE,0.5856,0.103,0.3114
CLUBS TWO SPADES TWO,0.4042,0.0854,0.5104
CLUBS TWO SPADES THREE,0.6162,0.0458,0.338
DIAMONDS THREE DIAMONDS EIGHT,0.558,0.0426,0.3994
SPADES EIGHT CLUBS TWO,0.6122,0.0468,0.341
DIAMONDS THREE DIAMONDS NINE,0.32,0.426,0.254
SPADES NINE CLUBS TWO,0.334,0.466,0.2
DIAMONDS THREE DIAMONDS SIX,0.5538,0.0456,0.4006
CLUBS TWO SPADES SIX,0.6026,0.0432,0.3542
DIAMONDS THREE DIAMONDS SEVEN,0.57,0.0398,0.3902
CLUBS TWO SPADES SEVEN,0.6292,0.0474,0.3234
CLUBS SIX CLUBS TWO,0.5712,0.0404,0.3884
CLUBS SEVEN CLUBS TWO,0.5918,0.0396,0.3686
CLUBS FOUR CLUBS TWO,0.572,0.0468,0.3812
CLUBS FIVE CLUBS TWO,0.6146,0.106,0.2794
CLUBS TEN CLUBS JACK,0.3042,0.0128,0.683
DIAMONDS FOUR DIAMONDS SIX,0.5446,0.0466,0.4088
CLUBS TEN CLUBS QUEEN,0.2964,0.0098,0.6938
DIAMONDS FOUR DIAMONDS SEVEN,0.5628,0.0396,0.3976
CLUBS TEN CLUBS KING,0.3042,0.0076,0.6882
CLUBS TEN CLUBS ACE,0.3164,0.0042,0.6794
CLUBS EIGHT CLUBS TWO,0.5798,0.0456,0.3746
DIAMONDS FIVE DIAMONDS FOUR,0.587,0.1054,0.3076
DIAMONDS NINE DIAMONDS FOUR,0.3098,0.4178,0.2724
DIAMONDS EIGHT DIAMONDS FOUR,0.5654,0.0398,0.3948
CLUBS TWO CLUBS THREE,0.594,0.0398,0.3662
DIAMONDS NINE DIAMONDS FIVE,0.0236,0.9046,0.0718
DIAMONDS TWO CLUBS JACK,0.4072,0.018,0.5748
DIAMONDS EIGHT DIAMONDS FIVE,0.5896,0.104,0.3064
CLUBS TEN DIAMONDS TWO,0.3994,0.028,0.5726
DIAMONDS FIVE DIAMONDS SEVEN,0.589,0.0962,0.3148
DIAMONDS FIVE DIAMONDS SIX,0.5796,0.0988,0.3216
DIAMONDS TWO CLUBS ACE,0.3866,0.0042,0.6092
DIAMONDS TWO CLUBS KING,0.3974,0.0084,0.5942
DIAMONDS TWO CLUBS QUEEN,0.4164,0.01,0.5736
DIAMONDS EIGHT DIAMONDS SIX,0.5082,0.0396,0.4522
DIAMONDS NINE DIAMONDS SIX,0.2224,0.3508,0.4268
HEARTS ACE SPADES THREE,0.4006,0.0084,0.591
HEARTS KING SPADES THREE,0.4088,0.0066,0.5846
DIAMONDS SEVEN DIAMONDS SIX,0.5164,0.0404,0.4432
SPADES THREE HEARTS QUEEN,0.4152,0.0152,0.5696
SPADES THREE HEARTS JACK,0.4042,0.0166,0.5792
SPADES THREE HEARTS TEN,0.3938,0.026,0.5802
DIAMONDS EIGHT DIAMONDS SEVEN,0.5006,0.0422,0.4572
DIAMONDS NINE DIAMONDS SEVEN,0.2114,0.2728,0.5158
DIAMONDS NINE DIAMONDS EIGHT,0.2092,0.2234,0.5674
DIAMONDS KING HEARTS TEN,0.3206,0.005,0.6744
HEARTS THREE HEARTS TEN,0.3846,0.0266,0.5888
CLUBS SIX SPADES JACK,0.3658,0.018,0.6162
DIAMONDS KING HEARTS JACK,0.3394,0.0062,0.6544
HEARTS THREE HEARTS JACK,0.3672,0.0182,0.6146
CLUBS SIX SPADES TEN,0.354,0.03,0.616
DIAMONDS KING HEARTS ACE,0.3448,0.0044,0.6508
HEARTS THREE HEARTS ACE,0.374,0.0038,0.6222
SPADES ACE CLUBS SIX,0.3704,0.0042,0.6254
DIAMONDS KING HEARTS QUEEN,0.3384,0.0082,0.6534
HEARTS THREE HEARTS QUEEN,0.377,0.0146,0.6084
SPADES KING CLUBS SIX,0.3674,0.0068,0.6258
DIAMONDS KING HEARTS KING,0.1448,0.0124,0.8428
HEARTS THREE HEARTS KING,0.3706,0.0082,0.6212
SPADES QUEEN CLUBS SIX,0.374,0.011,0.615
SPADES NINE HEARTS TEN,0.2216,0.0778,0.7006
SPADES NINE HEARTS JACK,0.2358,0.057,0.7072
SPADES NINE HEARTS QUEEN,0.2346,0.0426,0.7228
SPADES NINE HEARTS KING,0.2344,0.036,0.7296
SPADES NINE HEARTS ACE,0.23,0.0266,0.7434
CLUBS TEN SPADES JACK,0.3064,0.0112,0.6824
CLUBS TEN SPADES TEN,0.1426,0.0396,0.8178
SPADES ACE CLUBS TEN,0.3272,0.0024,0.6704
SPADES KING CLUBS TEN,0.3228,0.008,0.6692
CLUBS TEN SPADES QUEEN,0.3154,0.0104,0.6742
CLUBS EIGHT SPADES TEN,0.3278,0.0268,0.6454
HEARTS THREE SPADES JACK,0.402,0.021,0.577
SPADES JACK DIAMONDS KING,0.3278,0.0078,0.6644
SPADES TEN DIAMONDS KING,0.3348,0.0074,0.6578
HEARTS THREE SPADES TEN,0.3958,0.0274,0.5768
CLUBS EIGHT SPADES JACK,0.3528,0.0158,0.6314
SPADES ACE CLUBS EIGHT,0.3584,0.0048,0.6368
HEARTS FIVE CLUBS JACK,0.2518,0.0602,0.688
CLUBS SIX HEARTS ACE,0.375,0.0068,0.6182
CLUBS TEN HEARTS FIVE,0.2392,0.0876,0.6732
CLUBS EIGHT SPADES QUEEN,0.3542,0.0138,0.632
CLUBS TEN SPADES THREE,0.4008,0.0292,0.57
CLUBS SIX HEARTS QUEEN,0.3754,0.0092,0.6154
CLUBS EIGHT SPADES KING,0.3768,0.0082,0.615
SPADES THREE CLUBS JACK,0.4046,0.0188,0.5766
CLUBS SIX HEARTS KING,0.367,0.0064,0.6266
DIAMONDS TWO HEARTS JACK,0.4132,0.016,0.5708
SPADES THREE CLUBS QUEEN,0.4066,0.013,0.5804
DIAMONDS TWO HEARTS TEN,0.4166,0.0274,0.556
SPADES THREE CLUBS KING,0.4142,0.008,0.5778
HEARTS FIVE CLUBS ACE,0.2492,0.0234,0.7274
SPADES THREE CLUBS ACE,0.3828,0.0056,0.6116
HEARTS FIVE CLUBS KING,0.2466,0.0346,0.7188
HEARTS FIVE CLUBS QUEEN,0.241,0.0474,0.7116
HEARTS THREE CLUBS KING,0.3974,0.0086,0.594
DIAMONDS KING CLUBS KING,0.1452,0.0124,0.8424
HEARTS THREE CLUBS QUEEN,0.4066,0.013,0.5804
DIAMONDS KING CLUBS QUEEN,0.3332,0.0062,0.6606
HEARTS FIVE HEARTS JACK,0.234,0.0592,0.7068
HEARTS FIVE HEARTS TEN,0.2306,0.0804,0.689
HEARTS THREE CLUBS ACE,0.394,0.0046,0.6014
DIAMONDS KING CLUBS ACE,0.3352,0.006,0.6588
SPADES ACE CLUBS QUEEN,0.3332,0.0046,0.6622
SPADES KING CLUBS QUEEN,0.3242,0.0058,0.67
HEARTS THREE CLUBS JACK,0.3998,0.0184,0.5818
DIAMONDS KING CLUBS JACK,0.3234,0.0052,0.6714
SPADES QUEEN CLUBS QUEEN,0.1466,0.0252,0.8282
CLUBS TEN HEARTS THREE,0.3948,0.0302,0.575
CLUBS TEN DIAMONDS KING,0.326,0.0056,0.6684
SPADES JACK CLUBS QUEEN,0.3266,0.0104,0.663
CLUBS SIX CLUBS QUEEN,0.3442,0.01,0.6458
SPADES TEN CLUBS QUEEN,0.3132,0.0134,0.6734
CLUBS SIX CLUBS KING,0.3528,0.0072,0.64
CLUBS SIX CLUBS ACE,0.3462,0.0038,0.65
HEARTS FIVE HEARTS KING,0.2378,0.034,0.7282
HEARTS FIVE HEARTS QUEEN,0.2406,0.0432,0.7162
CLUBS TEN CLUBS SIX,0.3342,0.0258,0.64
HEARTS FIVE HEARTS ACE,0.2356,0.0212,0.7432
CLUBS SIX CLUBS JACK,0.3636,0.0188,0.6176
SPADES SEVEN HEARTS JACK,0.3588,0.0168,0.6244
SPADES SEVEN HEARTS TEN,0.3452,0.0266,0.6282
DIAMONDS TWO CLUBS TWO,0.3988,0.0852,0.516
DIAMONDS TWO CLUBS THREE,0.6074,0.0492,0.3434
HEARTS SIX DIAMONDS TWO,0.6066,0.046,0.3474
DIAMONDS TWO HEARTS QUEEN,0.401,0.0108,0.5882
DIAMONDS TWO HEARTS SEVEN,0.618,0.0412,0.3408
DIAMONDS TWO HEARTS KING,0.4036,0.0086,0.5878
DIAMONDS TWO HEARTS EIGHT,0.6144,0.0406,0.345
DIAMONDS TWO HEARTS ACE,0.4018,0.0064,0.5918
DIAMONDS TWO HEARTS NINE,0.3326,0.4522,0.2152
DIAMONDS TWO DIAMONDS QUEEN,0.3842,0.0126,0.6032
DIAMONDS TWO HEARTS TWO,0.3956,0.0774,0.527
DIAMONDS TWO DIAMONDS KING,0.386,0.0076,0.6064
HEARTS THREE DIAMONDS TWO,0.6128,0.0478,0.3394
DIAMONDS TWO DIAMONDS ACE,0.3644,0.005,0.6306
HEARTS FOUR DIAMONDS TWO,0.6,0.0462,0.3538
DIAMONDS TWO HEARTS FIVE,0.6454,0.1064,0.2482
SPADES SEVEN HEARTS ACE,0.3576,0.0032,0.6392
DIAMONDS TWO DIAMONDS TEN,0.3826,0.0258,0.5916
SPADES SEVEN HEARTS KING,0.3646,0.0084,0.627
DIAMONDS TWO DIAMONDS JACK,0.3778,0.02,0.6022
SPADES SEVEN HEARTS QUEEN,0.3722,0.01,0.6178
DIAMONDS TWO SPADES NINE,0.3148,0.4652,0.22
DIAMONDS TWO SPADES EIGHT,0.6104,0.0398,0.3498
DIAMONDS TWO SPADES SEVEN,0.6048,0.0442,0.351
DIAMONDS TWO SPADES SIX,0.6028,0.0446,0.3526
DIAMONDS TWO SPADES FOUR,0.613,0.0456,0.3414
DIAMONDS TWO SPADES THREE,0.6226,0.0472,0.3302
DIAMONDS TWO SPADES TWO,0.3918,0.0816,0.5266
CLUBS EIGHT DIAMONDS TWO,0.6128,0.0484,0.3388
DIAMONDS TWO CLUBS SEVEN,0.6312,0.042,0.3268
CLUBS SIX DIAMONDS TWO,0.6134,0.0438,0.3428
DIAMONDS TWO CLUBS FIVE,0.6368,0.1166,0.2466
DIAMONDS TWO CLUBS FOUR,0.6202,0.0446,0.3352
CLUBS FOUR SPADES FOUR,0.401,0.0864,0.5126
CLUBS FOUR SPADES THREE,0.6092,0.0418,0.349
CLUBS FOUR SPADES TWO,0.6308,0.0474,0.3218
CLUBS FOUR SPADES NINE,0.321,0.469,0.21
CLUBS FOUR SPADES EIGHT,0.6214,0.0426,0.336
CLUBS FOUR SPADES SEVEN,0.5952,0.0444,0.3604
CLUBS FOUR SPADES SIX,0.5708,0.0448,0.3844
SPADES ACE DIAMONDS SIX,0.352,0.0044,0.6436
SPADES QUEEN DIAMONDS SIX,0.359,0.0124,0.6286
SPADES KING DIAMONDS SIX,0.376,0.009,0.615
SPADES TEN DIAMONDS SIX,0.3664,0.0276,0.606
SPADES JACK DIAMONDS SIX,0.3642,0.018,0.6178
SPADES QUEEN SPADES TWO,0.3938,0.012,0.5942
SPADES KING SPADES TWO,0.3764,0.0112,0.6124
SPADES ACE SPADES TWO,0.3792,0.0062,0.6146
DIAMONDS JACK CLUBS JACK,0.152,0.0314,0.8166
CLUBS TEN DIAMONDS JACK,0.3086,0.0134,0.678
DIAMONDS JACK CLUBS KING,0.3418,0.0086,0.6496
DIAMONDS JACK CLUBS QUEEN,0.3246,0.0104,0.665
DIAMONDS THREE DIAMONDS JACK,0.379,0.0184,0.6026
DIAMONDS THREE DIAMONDS TEN,0.361,0.0274,0.6116
DIAMONDS JACK CLUBS ACE,0.3292,0.004,0.6668
DIAMONDS THREE DIAMONDS KING,0.3924,0.005,0.6026
HEARTS THREE DIAMONDS THREE,0.378,0.0808,0.5412
DIAMONDS THREE DIAMONDS QUEEN,0.3808,0.0128,0.6064
DIAMONDS THREE HEARTS TWO,0.6182,0.0478,0.334
HEARTS FIVE DIAMONDS THREE,0.619,0.1096,0.2714
DIAMONDS THREE DIAMONDS ACE,0.3706,0.005,0.6244
HEARTS FOUR DIAMONDS THREE,0.6078,0.0416,0.3506
DIAMONDS THREE HEARTS SEVEN,0.6074,0.0446,0.348
SPADES TEN SPADES NINE,0.2134,0.0768,0.7098
HEARTS SIX DIAMONDS THREE,0.5938,0.0426,0.3636
SPADES JACK SPADES NINE,0.2456,0.0596,0.6948
DIAMONDS THREE HEARTS NINE,0.3302,0.4602,0.2096
HEARTS JACK DIAMONDS FOUR,0.4074,0.0174,0.5752
HEARTS KING HEARTS ACE,0.3162,0.0052,0.6786
SPADES TEN SPADES TWO,0.3902,0.026,0.5838
DIAMONDS THREE HEARTS EIGHT,0.611,0.042,0.347
HEARTS TEN DIAMONDS FOUR,0.3952,0.0302,0.5746
SPADES JACK SPADES TWO,0.3998,0.0178,0.5824
HEARTS QUEEN DIAMONDS FOUR,0.395,0.014,0.591
HEARTS KING DIAMONDS FOUR,0.4172,0.0068,0.576
SPADES ACE SPADES NINE,0.2316,0.0242,0.7442
HEARTS ACE DIAMONDS FOUR,0.3816,0.0064,0.612
SPADES KING SPADES NINE,0.2466,0.0332,0.7202
SPADES QUEEN SPADES NINE,0.2304,0.0442,0.7254
DIAMONDS THREE SPADES NINE,0.3362,0.4432,0.2206
DIAMONDS THREE SPADES EIGHT,0.6174,0.0442,0.3384
DIAMONDS THREE SPADES SEVEN,0.6148,0.041,0.3442
DIAMONDS THREE SPADES SIX,0.5936,0.0382,0.3682
CLUBS SIX DIAMONDS THREE,0.5924,0.0452,0.3624
CLUBS ACE DIAMONDS FOUR,0.3836,0.0056,0.6108
CLUBS SIX CLUBS FIVE,0.5944,0.1112,0.2944
CLUBS SEVEN CLUBS FIVE,0.601,0.1048,0.2942
CLUBS SEVEN DIAMONDS THREE,0.6092,0.0418,0.349
DIAMONDS THREE CLUBS FOUR,0.6098,0.0444,0.3458
DIAMONDS FOUR CLUBS QUEEN,0.3978,0.0104,0.5918
DIAMONDS THREE CLUBS FIVE,0.608,0.1188,0.2732
CLUBS KING DIAMONDS FOUR,0.4006,0.008,0.5914
DIAMONDS THREE CLUBS TWO,0.6204,0.0472,0.3324
CLUBS TEN DIAMONDS FOUR,0.3894,0.031,0.5796
DIAMONDS THREE CLUBS THREE,0.389,0.0814,0.5296
DIAMONDS FOUR CLUBS JACK,0.4086,0.018,0.5734
DIAMONDS THREE SPADES FOUR,0.5968,0.049,0.3542
DIAMONDS THREE SPADES TWO,0.6142,0.0444,0.3414
DIAMONDS THREE SPADES THREE,0.3774,0.08,0.5426
CLUBS EIGHT DIAMONDS THREE,0.6172,0.047,0.3358
SPADES SEVEN CLUBS ACE,0.354,0.005,0.641
SPADES SEVEN CLUBS QUEEN,0.3602,0.0142,0.6256
SPADES SEVEN CLUBS KING,0.3572,0.0082,0.6346
CLUBS FIVE SPADES SEVEN,0.6352,0.1082,0.2566
CLUBS TEN SPADES SEVEN,0.3414,0.0258,0.6328
CLUBS FIVE SPADES SIX,0.6246,0.1068,0.2686
SPADES SEVEN CLUBS JACK,0.353,0.0154,0.6316
SPADES NINE CLUBS FIVE,0.0074,0.9868,0.0058
CLUBS FIVE SPADES EIGHT,0.659,0.1058,0.2352
CLUBS FIVE SPADES THREE,0.6356,0.1038,0.2606
CLUBS FIVE SPADES TWO,0.6436,0.113,0.2434
CLUBS FIVE SPADES FOUR,0.6182,0.1196,0.2622
CLUBS EIGHT CLUBS FIVE,0.6192,0.1054,0.2754
CLUBS ACE CLUBS QUEEN,0.3218,0.0044,0.6738
CLUBS KING CLUBS QUEEN,0.336,0.0086,0.6554
DIAMONDS TEN DIAMONDS FOUR,0.372,0.0268,0.6012
CLUBS TEN DIAMONDS NINE,0.2202,0.0788,0.701
DIAMONDS JACK DIAMONDS FOUR,0.3766,0.0178,0.6056
DIAMONDS NINE CLUBS JACK,0.2312,0.0638,0.705
SPADES NINE CLUBS JACK,0.2276,0.0566,0.7158
CLUBS TEN SPADES NINE,0.2146,0.0758,0.7096
DIAMONDS ACE DIAMONDS FOUR,0.3636,0.0052,0.6312
HEARTS FOUR DIAMONDS FOUR,0.3726,0.0798,0.5476
DIAMONDS JACK HEARTS TEN,0.319,0.0134,0.6676
SPADES NINE CLUBS KING,0.229,0.0342,0.7368
DIAMONDS TWO SPADES TEN,0.3952,0.0276,0.5772
DIAMONDS NINE CLUBS ACE,0.2344,0.0238,0.7418
HEARTS FIVE DIAMONDS FOUR,0.6252,0.1088,0.266
HEARTS JACK DIAMONDS JACK,0.1564,0.0302,0.8134
SPADES NINE CLUBS QUEEN,0.2428,0.0416,0.7156
DIAMONDS TWO SPADES JACK,0.4068,0.015,0.5782
DIAMONDS QUEEN DIAMONDS FOUR,0.3784,0.0126,0.609
HEARTS TWO DIAMONDS FOUR,0.6084,0.0436,0.348
DIAMONDS NINE CLUBS QUEEN,0.2442,0.0394,0.7164
DIAMONDS KING DIAMONDS FOUR,0.3732,0.0082,0.6186
HEARTS THREE DIAMONDS FOUR,0.5978,0.0434,0.3588
SPADES NINE CLUBS ACE,0.2362,0.0218,0.742
DIAMONDS NINE CLUBS KING,0.2462,0.0372,0.7166
HEARTS ACE DIAMONDS JACK,0.3394,0.004,0.6566
SPADES ACE DIAMONDS TWO,0.3872,0.0066,0.6062
DIAMONDS JACK HEARTS QUEEN,0.3352,0.0092,0.6556
SPADES QUEEN DIAMONDS TWO,0.404,0.0128,0.5832
HEARTS KING DIAMONDS JACK,0.344,0.006,0.65
SPADES KING DIAMONDS TWO,0.4086,0.008,0.5834
SPADES JACK SPADES SEVEN,0.3408,0.0198,0.6394
SPADES TEN SPADES SEVEN,0.3308,0.0236,0.6456
CLUBS SEVEN CLUBS THREE,0.5644,0.0402,0.3954
CLUBS SIX CLUBS THREE,0.565,0.0452,0.3898
CLUBS FIVE CLUBS THREE,0.5934,0.1178,0.2888
CLUBS FOUR CLUBS THREE,0.5752,0.0452,0.3796
CLUBS EIGHT CLUBS THREE,0.581,0.0486,0.3704
CLUBS THREE SPADES FOUR,0.6016,0.051,0.3474
CLUBS THREE SPADES THREE,0.4066,0.0792,0.5142
CLUBS THREE SPADES TWO,0.6156,0.0446,0.3398
CLUBS THREE SPADES SIX,0.5982,0.0482,0.3536
SPADES SEVEN CLUBS THREE,0.6094,0.044,0.3466
SPADES EIGHT CLUBS THREE,0.6194,0.044,0.3366
SPADES NINE CLUBS THREE,0.3276,0.4664,0.206
SPADES TWO DIAMONDS FOUR,0.6052,0.0466,0.3482
SPADES THREE DIAMONDS FOUR,0.6114,0.0488,0.3398
SPADES FOUR DIAMONDS FOUR,0.3854,0.0864,0.5282
SPADES SIX DIAMONDS FOUR,0.5696,0.045,0.3854
SPADES SEVEN DIAMONDS FOUR,0.5958,0.0396,0.3646
SPADES EIGHT DIAMONDS FOUR,0.6034,0.0432,0.3534
SPADES NINE DIAMONDS FOUR,0.3308,0.4526,0.2166
CLUBS FIVE DIAMONDS FOUR,0.6242,0.1096,0.2662
CLUBS FOUR DIAMONDS FOUR,0.3912,0.0806,0.5282
CLUBS SEVEN DIAMONDS FOUR,0.5958,0.045,0.3592
CLUBS SIX DIAMONDS FOUR,0.5904,0.0492,0.3604
CLUBS EIGHT DIAMONDS FOUR,0.6198,0.0462,0.334
DIAMONDS FOUR HEARTS SEVEN,0.5908,0.0428,0.3664
HEARTS SIX DIAMONDS FOUR,0.5838,0.0436,0.3726
HEARTS NINE DIAMONDS FOUR,0.3308,0.4472,0.222
DIAMONDS FOUR HEARTS EIGHT,0.6024,0.045,0.3526
CLUBS THREE DIAMONDS FOUR,0.5928,0.0492,0.358
CLUBS TWO DIAMONDS FOUR,0.6144,0.0434,0.3422
DIAMONDS TEN DIAMONDS FIVE,0.2302,0.073,0.6968
DIAMONDS JACK DIAMONDS FIVE,0.2242,0.0654,0.7104
DIAMONDS NINE HEARTS QUEEN,0.251,0.0458,0.7032
HEARTS KING DIAMONDS NINE,0.2556,0.0348,0.7096
DIAMONDS NINE HEARTS ACE,0.24,0.0252,0.7348
DIAMONDS NINE HEARTS TEN,0.2218,0.075,0.7032
DIAMONDS NINE HEARTS JACK,0.2448,0.0536,0.7016
CLUBS KING DIAMONDS SIX,0.3674,0.0082,0.6244
CLUBS QUEEN DIAMONDS SIX,0.3622,0.0128,0.625
CLUBS ACE DIAMONDS SIX,0.3596,0.0042,0.6362
SPADES KING DIAMONDS FOUR,0.3936,0.0068,0.5996
SPADES ACE SPADES SEVEN,0.3454,0.003,0.6516
SPADES QUEEN DIAMONDS FOUR,0.4114,0.015,0.5736
SPADES QUEEN SPADES SEVEN,0.355,0.0148,0.6302
CLUBS JACK DIAMONDS SIX,0.3574,0.0196,0.623
SPADES KING SPADES SEVEN,0.357,0.0066,0.6364
SPADES ACE DIAMONDS FOUR,0.3882,0.0046,0.6072
CLUBS TEN DIAMONDS SIX,0.367,0.023,0.61
CLUBS EIGHT CLUBS FOUR,0.5906,0.0384,0.371
SPADES JACK DIAMONDS FOUR,0.4094,0.0182,0.5724
SPADES TEN DIAMONDS FOUR,0.3966,0.0296,0.5738
CLUBS FOUR CLUBS FIVE,0.5928,0.1064,0.3008
CLUBS SEVEN CLUBS FOUR,0.5608,0.042,0.3972
CLUBS SIX CLUBS FOUR,0.5594,0.0404,0.4002
CLUBS SEVEN SPADES EIGHT,0.5368,0.0438,0.4194
CLUBS SEVEN SPADES NINE,0.2196,0.3028,0.4776
CLUBS SEVEN SPADES SIX,0.5404,0.0454,0.4142
CLUBS SEVEN SPADES SEVEN,0.276,0.0714,0.6526
CLUBS SEVEN SPADES FOUR,0.5982,0.0446,0.3572
CLUBS SEVEN SPADES THREE,0.6106,0.0458,0.3436
CLUBS SEVEN SPADES TWO,0.6368,0.0468,0.3164
CLUBS EIGHT CLUBS SEVEN,0.51,0.0474,0.4426
HEARTS SIX DIAMONDS FIVE,0.6202,0.1072,0.2726
DIAMONDS FIVE HEARTS SEVEN,0.6354,0.1018,0.2628
DIAMONDS FIVE HEARTS EIGHT,0.6446,0.1002,0.2552
HEARTS NINE DIAMONDS FIVE,0.0224,0.9558,0.0218
DIAMONDS QUEEN DIAMONDS FIVE,0.2352,0.0456,0.7192
HEARTS TWO DIAMONDS FIVE,0.6318,0.1062,0.262
HEARTS KING HEARTS EIGHT,0.3654,0.0076,0.627
DIAMONDS KING DIAMONDS FIVE,0.2432,0.0338,0.723
HEARTS THREE DIAMONDS FIVE,0.6182,0.1098,0.272
HEARTS QUEEN HEARTS EIGHT,0.3408,0.0102,0.649
DIAMONDS ACE DIAMONDS FIVE,0.2288,0.0266,0.7446
HEARTS FOUR DIAMONDS FIVE,0.6238,0.1124,0.2638
HEARTS FIVE DIAMONDS FIVE,0.2876,0.0596,0.6528
HEARTS ACE HEARTS EIGHT,0.343,0.0038,0.6532
CLUBS FOUR DIAMONDS FIVE,0.6126,0.1194,0.268
CLUBS FIVE DIAMONDS FIVE,0.2814,0.0624,0.6562
CLUBS SIX DIAMONDS FIVE,0.604,0.1128,0.2832
CLUBS SEVEN DIAMONDS FIVE,0.6344,0.1064,0.2592
CLUBS TWO DIAMONDS FIVE,0.626,0.1182,0.2558
CLUBS THREE DIAMONDS FIVE,0.6174,0.1098,0.2728
SPADES THREE DIAMONDS FIVE,0.6186,0.103,0.2784
SPADES TWO DIAMONDS FIVE,0.6372,0.1092,0.2536
SPADES JACK DIAMONDS EIGHT,0.355,0.0156,0.6294
CLUBS TEN HEARTS JACK,0.302,0.0148,0.6832
SPADES TEN DIAMONDS EIGHT,0.3356,0.0228,0.6416
SPADES FOUR DIAMONDS FIVE,0.623,0.1128,0.2642
HEARTS JACK CLUBS JACK,0.1612,0.0328,0.806
HEARTS JACK CLUBS QUEEN,0.3312,0.0102,0.6586
HEARTS JACK CLUBS KING,0.3328,0.0062,0.661
CLUBS EIGHT DIAMONDS FIVE,0.6352,0.1088,0.256
HEARTS JACK CLUBS ACE,0.335,0.0052,0.6598
SPADES SEVEN DIAMONDS FIVE,0.6252,0.1046,0.2702
SPADES KING DIAMONDS EIGHT,0.3634,0.008,0.6286
SPADES QUEEN DIAMONDS EIGHT,0.3594,0.011,0.6296
SPADES SIX DIAMONDS FIVE,0.6136,0.1042,0.2822
SPADES NINE DIAMONDS FIVE,0.0106,0.9706,0.0188
SPADES EIGHT DIAMONDS FIVE,0.6388,0.1028,0.2584
SPADES ACE DIAMONDS EIGHT,0.3742,0.0036,0.6222
DIAMONDS TEN DIAMONDS SIX,0.3408,0.0252,0.634
HEARTS ACE DIAMONDS SEVEN,0.3744,0.0036,0.622
DIAMONDS JACK DIAMONDS SIX,0.3444,0.0196,0.636
HEARTS QUEEN DIAMONDS SEVEN,0.3648,0.008,0.6272
HEARTS KING DIAMONDS SEVEN,0.3736,0.0086,0.6178
DIAMONDS ACE DIAMONDS SIX,0.3426,0.0036,0.6538
HEARTS FOUR DIAMONDS SIX,0.5788,0.0416,0.3796
HEARTS JACK SPADES TWO,0.4212,0.017,0.5618
HEARTS FIVE DIAMONDS SIX,0.6322,0.0972,0.2706
SPADES TWO HEARTS TEN,0.4052,0.0314,0.5634
DIAMONDS QUEEN DIAMONDS SIX,0.3528,0.011,0.6362
HEARTS TWO DIAMONDS SIX,0.5956,0.0436,0.3608
DIAMONDS KING DIAMONDS SIX,0.3608,0.0072,0.632
HEARTS THREE DIAMONDS SIX,0.5948,0.0438,0.3614
HEARTS EIGHT DIAMONDS SIX,0.5528,0.0438,0.4034
HEARTS NINE DIAMONDS SIX,0.2252,0.3752,0.3996
HEARTS SIX DIAMONDS SIX,0.2858,0.0734,0.6408
HEARTS SEVEN DIAMONDS SIX,0.5478,0.0394,0.4128
HEARTS TEN DIAMONDS SEVEN,0.341,0.0262,0.6328
CLUBS TWO DIAMONDS SIX,0.605,0.0396,0.3554
HEARTS JACK DIAMONDS SEVEN,0.3596,0.0156,0.6248
CLUBS THREE DIAMONDS SIX,0.6118,0.0446,0.3436
DIAMONDS EIGHT CLUBS JACK,0.36,0.0176,0.6224
CLUBS SEVEN DIAMONDS SIX,0.5472,0.0398,0.413
CLUBS SIX DIAMONDS SIX,0.2784,0.0728,0.6488
CLUBS TEN DIAMONDS EIGHT,0.3336,0.026,0.6404
CLUBS FIVE DIAMONDS SIX,0.6196,0.1066,0.2738
CLUBS FOUR DIAMONDS SIX,0.5882,0.042,0.3698
HEARTS ACE HEARTS JACK,0.3184,0.0026,0.679
DIAMONDS EIGHT CLUBS ACE,0.3518,0.0046,0.6436
HEARTS JACK HEARTS QUEEN,0.303,0.0112,0.6858
DIAMONDS EIGHT CLUBS KING,0.3594,0.0064,0.6342
HEARTS KING HEARTS JACK,0.3166,0.0052,0.6782
DIAMONDS EIGHT CLUBS QUEEN,0.3672,0.0092,0.6236
CLUBS EIGHT DIAMONDS SIX,0.5652,0.0422,0.3926
SPADES TEN HEARTS KING,0.3424,0.0068,0.6508
HEARTS ACE SPADES TWO,0.4024,0.0058,0.5918
SPADES JACK HEARTS KING,0.3374,0.007,0.6556
SPADES FOUR DIAMONDS SIX,0.5746,0.0432,0.3822
SPADES THREE DIAMONDS SIX,0.5976,0.0412,0.3612
SPADES TWO HEARTS QUEEN,0.4122,0.0124,0.5754
SPADES ACE SPADES KING,0.324,0.004,0.672
HEARTS KING SPADES TWO,0.3986,0.0078,0.5936
SPADES TWO DIAMONDS SIX,0.6158,0.042,0.3422
HEARTS TEN HEARTS EIGHT,0.3176,0.031,0.6514
SPADES NINE DIAMONDS SIX,0.206,0.377,0.417
HEARTS JACK HEARTS EIGHT,0.331,0.0174,0.6516
SPADES EIGHT DIAMONDS SIX,0.5472,0.0454,0.4074
SPADES SEVEN DIAMONDS SIX,0.5456,0.0402,0.4142
SPADES SIX DIAMONDS SIX,0.2724,0.0726,0.655
SPADES KING HEARTS KING,0.1478,0.0116,0.8406
SPADES QUEEN HEARTS KING,0.3326,0.005,0.6624
CLUBS ACE CLUBS KING,0.3164,0.0056,0.678
SPADES ACE HEARTS KING,0.3206,0.0062,0.6732
SPADES ACE HEARTS JACK,0.332,0.0042,0.6638
SPADES QUEEN HEARTS JACK,0.3188,0.009,0.6722
SPADES KING HEARTS JACK,0.331,0.0034,0.6656
SPADES TEN DIAMONDS TEN,0.1642,0.0364,0.7994
SPADES JACK DIAMONDS TEN,0.309,0.015,0.676
SPADES ACE DIAMONDS TEN,0.3228,0.006,0.6712
SPADES JACK HEARTS JACK,0.1542,0.0296,0.8162
SPADES TEN HEARTS JACK,0.3126,0.0172,0.6702
SPADES QUEEN DIAMONDS TEN,0.3282,0.0118,0.66
SPADES KING DIAMONDS TEN,0.326,0.0052,0.6688
SPADES NINE DIAMONDS SEVEN,0.2226,0.3,0.4774
SPADES EIGHT DIAMONDS SEVEN,0.5442,0.0386,0.4172
SPADES SEVEN DIAMONDS SEVEN,0.267,0.0696,0.6634
SPADES SIX DIAMONDS SEVEN,0.5432,0.0404,0.4164
DIAMONDS KING DIAMONDS SEVEN,0.3438,0.009,0.6472
HEARTS THREE DIAMONDS SEVEN,0.611,0.0396,0.3494
HEARTS KING DIAMONDS FIVE,0.2604,0.0352,0.7044
DIAMONDS QUEEN DIAMONDS SEVEN,0.3536,0.0128,0.6336
HEARTS TWO DIAMONDS SEVEN,0.6326,0.0392,0.3282
HEARTS QUEEN DIAMONDS FIVE,0.2576,0.0458,0.6966
HEARTS FIVE DIAMONDS SEVEN,0.638,0.0982,0.2638
DIAMONDS ACE DIAMONDS SEVEN,0.3398,0.004,0.6562
HEARTS FOUR DIAMONDS SEVEN,0.599,0.042,0.359
HEARTS ACE DIAMONDS FIVE,0.2478,0.0248,0.7274
HEARTS SEVEN DIAMONDS SEVEN,0.2728,0.065,0.6622
HEARTS SIX DIAMONDS SEVEN,0.56,0.042,0.398
HEARTS NINE DIAMONDS SEVEN,0.2202,0.2912,0.4886
DIAMONDS SEVEN HEARTS EIGHT,0.529,0.0422,0.4288
DIAMONDS JACK DIAMONDS SEVEN,0.3476,0.019,0.6334
HEARTS JACK DIAMONDS FIVE,0.2574,0.0628,0.6798
DIAMONDS TEN DIAMONDS SEVEN,0.3354,0.0282,0.6364
DIAMONDS FIVE HEARTS TEN,0.2532,0.0768,0.67
SPADES KING CLUBS TWO,0.4124,0.0086,0.579
HEARTS KING CLUBS KING,0.143,0.0144,0.8426
CLUBS EIGHT DIAMONDS SEVEN,0.5468,0.0402,0.413
SPADES QUEEN CLUBS TWO,0.4084,0.0148,0.5768
HEARTS KING CLUBS QUEEN,0.3358,0.007,0.6572
SPADES TWO CLUBS JACK,0.3948,0.0164,0.5888
SPADES ACE CLUBS TWO,0.3848,0.0062,0.609
CLUBS TEN SPADES TWO,0.4126,0.025,0.5624
HEARTS KING CLUBS ACE,0.3344,0.0056,0.66
CLUBS SIX CLUBS SEVEN,0.5098,0.0494,0.4408
SPADES TWO CLUBS KING,0.4,0.0116,0.5884
SPADES TWO DIAMONDS SEVEN,0.6314,0.041,0.3276
CLUBS EIGHT CLUBS SIX,0.5356,0.041,0.4234
SPADES THREE DIAMONDS SEVEN,0.6148,0.0382,0.347
SPADES TWO CLUBS QUEEN,0.402,0.0138,0.5842
SPADES FOUR DIAMONDS SEVEN,0.6076,0.039,0.3534
HEARTS KING CLUBS JACK,0.3246,0.0066,0.6688
SPADES TWO CLUBS ACE,0.3944,0.0042,0.6014
CLUBS TEN HEARTS KING,0.3342,0.008,0.6578
CLUBS SIX SPADES TWO,0.6198,0.0444,0.3358
CLUBS SIX SPADES THREE,0.6112,0.0444,0.3444
CLUBS TWO DIAMONDS SEVEN,0.627,0.042,0.331
CLUBS SIX SPADES FOUR,0.5884,0.042,0.3696
CLUBS THREE DIAMONDS SEVEN,0.62,0.043,0.337
CLUBS FOUR DIAMONDS SEVEN,0.603,0.0376,0.3594
CLUBS SIX SPADES SIX,0.2804,0.077,0.6426
CLUBS FIVE DIAMONDS SEVEN,0.6322,0.1074,0.2604
CLUBS SIX SPADES SEVEN,0.533,0.0432,0.4238
CLUBS SIX DIAMONDS SEVEN,0.5476,0.0436,0.4088
CLUBS SIX SPADES EIGHT,0.553,0.0456,0.4014
SPADES JACK CLUBS TWO,0.3928,0.0192,0.588
CLUBS SIX SPADES NINE,0.2136,0.385,0.4014
SPADES TEN CLUBS TWO,0.3968,0.0286,0.5746
CLUBS SEVEN DIAMONDS SEVEN,0.2752,0.0618,0.663
CLUBS TWO CLUBS QUEEN,0.389,0.011,0.6
CLUBS TWO CLUBS KING,0.3948,0.008,0.5972
CLUBS THREE DIAMONDS EIGHT,0.618,0.0384,0.3436
CLUBS TWO CLUBS ACE,0.3764,0.0048,0.6188
CLUBS TWO DIAMONDS EIGHT,0.6202,0.0418,0.338
DIAMONDS EIGHT HEARTS SEVEN,0.5396,0.037,0.4234
HEARTS SIX DIAMONDS EIGHT,0.5538,0.0436,0.4026
DIAMONDS EIGHT HEARTS NINE,0.2246,0.2164,0.559
CLUBS TEN CLUBS TWO,0.3818,0.0268,0.5914
DIAMONDS EIGHT HEARTS EIGHT,0.2786,0.055,0.6664
CLUBS TWO CLUBS JACK,0.389,0.0156,0.5954
CLUBS EIGHT DIAMONDS EIGHT,0.2826,0.0584,0.659
CLUBS FIVE DIAMONDS EIGHT,0.6472,0.1028,0.25
SPADES ACE SPADES THREE,0.3724,0.0054,0.6222
CLUBS FOUR DIAMONDS EIGHT,0.6106,0.0456,0.3438
SPADES QUEEN SPADES THREE,0.3778,0.0134,0.6088
CLUBS SEVEN DIAMONDS EIGHT,0.5498,0.0414,0.4088
CLUBS SIX DIAMONDS EIGHT,0.5356,0.046,0.4184
SPADES KING SPADES THREE,0.3822,0.0068,0.611
DIAMONDS QUEEN DIAMONDS EIGHT,0.3348,0.013,0.6522
HEARTS TWO DIAMONDS EIGHT,0.6136,0.0462,0.3402
DIAMONDS KING DIAMONDS EIGHT,0.346,0.0084,0.6456
HEARTS THREE DIAMONDS EIGHT,0.6144,0.045,0.3406
DIAMONDS ACE DIAMONDS EIGHT,0.3446,0.0038,0.6516
HEARTS FOUR DIAMONDS EIGHT,0.5986,0.04,0.3614
HEARTS FIVE DIAMONDS EIGHT,0.6446,0.1054,0.25
DIAMONDS EIGHT DIAMONDS TEN,0.3224,0.0218,0.6558
DIAMONDS EIGHT DIAMONDS JACK,0.3294,0.0158,0.6548
SPADES JACK SPADES THREE,0.3872,0.0162,0.5966
SPADES TEN SPADES THREE,0.3708,0.0316,0.5976
CLUBS FOUR HEARTS ACE,0.4018,0.0024,0.5958
CLUBS FOUR HEARTS QUEEN,0.4124,0.013,0.5746
CLUBS FOUR HEARTS KING,0.4074,0.0062,0.5864
CLUBS SIX HEARTS TEN,0.3684,0.0304,0.6012
CLUBS SIX HEARTS JACK,0.3754,0.0168,0.6078
SPADES FOUR DIAMONDS EIGHT,0.6094,0.0418,0.3488
DIAMONDS EIGHT SPADES TWO,0.615,0.0416,0.3434
DIAMONDS EIGHT SPADES THREE,0.6184,0.0442,0.3374
CLUBS FOUR HEARTS JACK,0.4118,0.019,0.5692
SPADES EIGHT DIAMONDS EIGHT,0.2646,0.0666,0.6688
SPADES TEN DIAMONDS QUEEN,0.31,0.0092,0.6808
SPADES TEN HEARTS TWO,0.4076,0.0298,0.5626
SPADES JACK HEARTS EIGHT,0.326,0.0176,0.6564
CLUBS FOUR HEARTS TEN,0.4006,0.0274,0.572
SPADES NINE DIAMONDS EIGHT,0.2164,0.2228,0.5608
SPADES TEN HEARTS EIGHT,0.346,0.0226,0.6314
SPADES JACK HEARTS TWO,0.393,0.0218,0.5852
SPADES JACK DIAMONDS QUEEN,0.3308,0.0096,0.6596
SPADES SIX DIAMONDS EIGHT,0.537,0.0408,0.4222
SPADES SEVEN DIAMONDS EIGHT,0.528,0.0412,0.4308
SPADES ACE HEARTS TWO,0.3882,0.0048,0.607
SPADES ACE DIAMONDS QUEEN,0.3298,0.0046,0.6656
SPADES ACE HEARTS EIGHT,0.366,0.0054,0.6286
SPADES KING HEARTS EIGHT,0.386,0.0092,0.6048
SPADES QUEEN HEARTS TWO,0.4,0.0112,0.5888
SPADES QUEEN DIAMONDS QUEEN,0.1504,0.0242,0.8254
SPADES KING DIAMONDS QUEEN,0.3358,0.0066,0.6576
SPADES KING HEARTS TWO,0.4074,0.0088,0.5838
SPADES QUEEN HEARTS EIGHT,0.3488,0.0124,0.6388
CLUBS TWO HEARTS TEN,0.418,0.025,0.557
CLUBS TWO HEARTS JACK,0.4082,0.017,0.5748
SPADES SEVEN DIAMONDS NINE,0.2298,0.2848,0.4854
SPADES SIX DIAMONDS NINE,0.217,0.3874,0.3956
SPADES NINE DIAMONDS NINE,0.0934,0.0738,0.8328
SPADES EIGHT DIAMONDS NINE,0.2162,0.2282,0.5556
SPADES TEN CLUBS KING,0.3184,0.0074,0.6742
DIAMONDS NINE SPADES THREE,0.3396,0.4454,0.215
SPADES JACK CLUBS KING,0.3236,0.0054,0.671
DIAMONDS NINE SPADES TWO,0.3344,0.4478,0.2178
DIAMONDS NINE SPADES FOUR,0.3328,0.4524,0.2148
CLUBS EIGHT DIAMONDS NINE,0.226,0.2326,0.5414
CLUBS SIX DIAMONDS NINE,0.228,0.3822,0.3898
SPADES JACK CLUBS FOUR,0.3996,0.018,0.5824
SPADES TEN CLUBS FOUR,0.4018,0.0278,0.5704
CLUBS SEVEN DIAMONDS NINE,0.2272,0.2976,0.4752
CLUBS FOUR DIAMONDS NINE,0.3318,0.4516,0.2166
CLUBS FIVE DIAMONDS NINE,0.0188,0.9714,0.0098
CLUBS TWO DIAMONDS NINE,0.3452,0.4466,0.2082
CLUBS THREE DIAMONDS NINE,0.3338,0.4656,0.2006
DIAMONDS NINE HEARTS EIGHT,0.2144,0.2248,0.5608
DIAMONDS NINE HEARTS NINE,0.1016,0.0706,0.8278
HEARTS SIX DIAMONDS NINE,0.2214,0.3792,0.3994
DIAMONDS NINE HEARTS SEVEN,0.226,0.2828,0.4912
DIAMONDS ACE DIAMONDS NINE,0.2384,0.0268,0.7348
HEARTS FOUR DIAMONDS NINE,0.3356,0.4572,0.2072
HEARTS FIVE DIAMONDS NINE,0.0232,0.9556,0.0212
CLUBS TWO HEARTS ACE,0.3992,0.0058,0.595
SPADES ACE CLUBS FOUR,0.3756,0.008,0.6164
DIAMONDS QUEEN DIAMONDS NINE,0.2334,0.0466,0.72
HEARTS TWO DIAMONDS NINE,0.3406,0.4476,0.2118
CLUBS TWO HEARTS KING,0.4124,0.0082,0.5794
SPADES KING CLUBS FOUR,0.3926,0.0098,0.5976
DIAMONDS KING DIAMONDS NINE,0.2342,0.0386,0.7272
HEARTS THREE DIAMONDS NINE,0.3384,0.435,0.2266
CLUBS TWO HEARTS QUEEN,0.411,0.0116,0.5774
SPADES QUEEN CLUBS FOUR,0.4016,0.015,0.5834
DIAMONDS NINE DIAMONDS JACK,0.2224,0.0566,0.721
CLUBS EIGHT SPADES NINE,0.2284,0.2306,0.541
DIAMONDS NINE DIAMONDS TEN,0.2024,0.0742,0.7234
CLUBS EIGHT SPADES EIGHT,0.2772,0.0636,0.6592
CLUBS EIGHT SPADES SEVEN,0.5348,0.0412,0.424
CLUBS EIGHT SPADES SIX,0.5358,0.0474,0.4168
CLUBS EIGHT SPADES FOUR,0.6142,0.041,0.3448
CLUBS EIGHT SPADES THREE,0.6256,0.0506,0.3238
CLUBS EIGHT SPADES TWO,0.6246,0.0444,0.331
HEARTS SIX DIAMONDS TEN,0.353,0.0252,0.6218
DIAMONDS TEN HEARTS SEVEN,0.341,0.0282,0.6308
DIAMONDS TEN HEARTS EIGHT,0.3258,0.0236,0.6506
CLUBS FOUR CLUBS JACK,0.3872,0.0202,0.5926
DIAMONDS TEN HEARTS NINE,0.2266,0.0786,0.6948
CLUBS TEN CLUBS FOUR,0.396,0.0274,0.5766
CLUBS FOUR CLUBS KING,0.378,0.0096,0.6124
CLUBS FOUR CLUBS QUEEN,0.3846,0.0132,0.6022
CLUBS TWO DIAMONDS TEN,0.3982,0.0292,0.5726
CLUBS THREE DIAMONDS TEN,0.4014,0.0244,0.5742
CLUBS FOUR CLUBS ACE,0.3486,0.006,0.6454
DIAMONDS JACK DIAMONDS TEN,0.3026,0.0154,0.682
DIAMONDS QUEEN DIAMONDS TEN,0.312,0.0084,0.6796
HEARTS TWO DIAMONDS TEN,0.4024,0.0272,0.5704
DIAMONDS KING DIAMONDS TEN,0.3124,0.005,0.6826
HEARTS THREE DIAMONDS TEN,0.4002,0.0234,0.5764
DIAMONDS ACE DIAMONDS TEN,0.319,0.0038,0.6772
HEARTS FOUR DIAMONDS TEN,0.401,0.0264,0.5726
CLUBS EIGHT HEARTS JACK,0.3534,0.0164,0.6302
HEARTS FIVE DIAMONDS TEN,0.2586,0.079,0.6624
CLUBS EIGHT HEARTS TEN,0.3348,0.0308,0.6344
CLUBS EIGHT HEARTS QUEEN,0.3682,0.0126,0.6192
CLUBS EIGHT HEARTS KING,0.3738,0.0076,0.6186
CLUBS EIGHT HEARTS ACE,0.3648,0.004,0.6312
CLUBS TEN HEARTS EIGHT,0.3326,0.0244,0.643
CLUBS JACK HEARTS EIGHT,0.3502,0.0174,0.6324
CLUBS QUEEN HEARTS EIGHT,0.362,0.0108,0.6272
CLUBS KING HEARTS EIGHT,0.3788,0.0078,0.6134
CLUBS ACE HEARTS EIGHT,0.3542,0.0042,0.6416
SPADES KING CLUBS KING,0.1474,0.0154,0.8372
SPADES QUEEN CLUBS KING,0.3182,0.01,0.6718
SPADES ACE CLUBS KING,0.3388,0.006,0.6552
DIAMONDS ACE HEARTS TEN,0.334,0.0022,0.6638
HEARTS FOUR HEARTS TEN,0.3772,0.0228,0.6
DIAMONDS ACE HEARTS JACK,0.3452,0.0034,0.6514
HEARTS FOUR HEARTS JACK,0.3764,0.0202,0.6034
SPADES KING CLUBS FIVE,0.2538,0.039,0.7072
SPADES QUEEN CLUBS FIVE,0.2434,0.0486,0.708
SPADES ACE CLUBS FIVE,0.2378,0.025,0.7372
DIAMONDS JACK HEARTS SEVEN,0.3716,0.0186,0.6098
HEARTS SIX DIAMONDS JACK,0.3708,0.016,0.6132
DIAMONDS JACK HEARTS NINE,0.2426,0.0568,0.7006
DIAMONDS JACK HEARTS EIGHT,0.3456,0.0146,0.6398
DIAMONDS KING DIAMONDS JACK,0.309,0.0054,0.6856
HEARTS THREE DIAMONDS JACK,0.3962,0.015,0.5888
SPADES ACE SPADES SIX,0.3548,0.004,0.6412
SPADES FOUR HEARTS ACE,0.4046,0.0058,0.5896
DIAMONDS QUEEN DIAMONDS JACK,0.306,0.0094,0.6846
HEARTS TWO DIAMONDS JACK,0.3998,0.018,0.5822
HEARTS FIVE DIAMONDS JACK,0.25,0.0612,0.6888
SPADES QUEEN SPADES SIX,0.3528,0.013,0.6342
SPADES FOUR HEARTS QUEEN,0.3962,0.0124,0.5914
DIAMONDS ACE DIAMONDS JACK,0.3158,0.0042,0.68
HEARTS FOUR DIAMONDS JACK,0.3986,0.0174,0.584
SPADES KING SPADES SIX,0.3384,0.0096,0.652
HEARTS KING SPADES FOUR,0.4072,0.0094,0.5834
SPADES TEN SPADES SIX,0.3308,0.022,0.6472
SPADES JACK SPADES SIX,0.3488,0.019,0.6322
SPADES FOUR DIAMONDS JACK,0.412,0.0194,0.5686
DIAMONDS JACK SPADES TWO,0.4072,0.0214,0.5714
SPADES THREE DIAMONDS JACK,0.4034,0.019,0.5776
SPADES ACE DIAMONDS THREE,0.3936,0.0056,0.6008
SPADES QUEEN DIAMONDS THREE,0.3966,0.0158,0.5876
CLUBS EIGHT DIAMONDS JACK,0.3582,0.0144,0.6274
SPADES KING DIAMONDS THREE,0.3992,0.0076,0.5932
CLUBS SIX DIAMONDS JACK,0.3674,0.0172,0.6154
CLUBS SEVEN DIAMONDS JACK,0.3614,0.0152,0.6234
CLUBS FOUR DIAMONDS JACK,0.4066,0.0188,0.5746
CLUBS FIVE DIAMONDS JACK,0.2472,0.0616,0.6912
CLUBS TWO DIAMONDS JACK,0.4192,0.0186,0.5622
CLUBS THREE DIAMONDS JACK,0.415,0.0168,0.5682
SPADES TEN CLUBS FIVE,0.2508,0.0858,0.6634
HEARTS SIX SPADES JACK,0.3696,0.0186,0.6118
HEARTS SIX SPADES TEN,0.3628,0.0266,0.6106
SPADES JACK CLUBS FIVE,0.2418,0.0632,0.695
SPADES JACK DIAMONDS THREE,0.3874,0.02,0.5926
CLUBS SEVEN CLUBS ACE,0.3474,0.0052,0.6474
DIAMONDS THREE SPADES TEN,0.3934,0.028,0.5786
CLUBS SEVEN CLUBS QUEEN,0.3514,0.0104,0.6382
CLUBS SEVEN CLUBS KING,0.3464,0.0072,0.6464
SPADES NINE DIAMONDS JACK,0.2398,0.055,0.7052
CLUBS TEN CLUBS SEVEN,0.3386,0.0246,0.6368
DIAMONDS ACE HEARTS ACE,0.148,0.0028,0.8492
HEARTS FOUR HEARTS ACE,0.3676,0.0036,0.6288
SPADES EIGHT DIAMONDS JACK,0.3496,0.015,0.6354
SPADES ACE HEARTS SIX,0.3644,0.004,0.6316
CLUBS SEVEN CLUBS JACK,0.3334,0.0188,0.6478
DIAMONDS ACE HEARTS KING,0.3398,0.0038,0.6564
HEARTS FOUR HEARTS KING,0.3864,0.0068,0.6068
SPADES SEVEN DIAMONDS JACK,0.3524,0.017,0.6306
SPADES KING HEARTS SIX,0.3714,0.008,0.6206
DIAMONDS ACE HEARTS QUEEN,0.3302,0.0036,0.6662
HEARTS FOUR HEARTS QUEEN,0.381,0.01,0.609
SPADES QUEEN HEARTS SIX,0.3556,0.0102,0.6342
SPADES SIX DIAMONDS JACK,0.3592,0.0184,0.6224
SPADES TWO DIAMONDS TEN,0.409,0.0278,0.5632
SPADES THREE DIAMONDS TEN,0.4112,0.0298,0.559
SPADES FOUR DIAMONDS TEN,0.4048,0.0292,0.566
SPADES SIX DIAMONDS TEN,0.3562,0.0258,0.618
SPADES SEVEN DIAMONDS TEN,0.3332,0.0286,0.6382
SPADES EIGHT DIAMONDS TEN,0.3342,0.0228,0.643
SPADES NINE DIAMONDS TEN,0.2218,0.073,0.7052
CLUBS FOUR DIAMONDS TEN,0.397,0.0312,0.5718
CLUBS FIVE DIAMONDS TEN,0.2538,0.0782,0.668
CLUBS SIX DIAMONDS TEN,0.3512,0.0262,0.6226
CLUBS SEVEN DIAMONDS TEN,0.3474,0.024,0.6286
CLUBS EIGHT DIAMONDS TEN,0.3456,0.0248,0.6296
DIAMONDS THREE CLUBS JACK,0.405,0.0168,0.5782
CLUBS TEN DIAMONDS THREE,0.4092,0.0302,0.5606
DIAMONDS THREE CLUBS KING,0.3984,0.009,0.5926
DIAMONDS THREE CLUBS QUEEN,0.383,0.014,0.603
DIAMONDS THREE CLUBS ACE,0.3788,0.0048,0.6164
SPADES FOUR HEARTS JACK,0.3978,0.0196,0.5826
SPADES FOUR HEARTS TEN,0.3932,0.031,0.5758
SPADES FOUR SPADES TWO,0.583,0.048,0.369
SPADES THREE SPADES TWO,0.5888,0.042,0.3692
SPADES NINE SPADES TWO,0.3192,0.4296,0.2512
SPADES EIGHT SPADES TWO,0.583,0.041,0.376
SPADES SEVEN SPADES TWO,0.5948,0.038,0.3672
SPADES SIX SPADES TWO,0.5754,0.041,0.3836
DIAMONDS QUEEN CLUBS THREE,0.4224,0.0094,0.5682
HEARTS TWO CLUBS THREE,0.6204,0.0464,0.3332
DIAMONDS QUEEN CLUBS TWO,0.416,0.015,0.569
CLUBS TWO HEARTS TWO,0.3974,0.0832,0.5194
DIAMONDS QUEEN HEARTS SEVEN,0.3876,0.009,0.6034
HEARTS TWO HEARTS SEVEN,0.5788,0.0422,0.379
HEARTS SIX DIAMONDS QUEEN,0.3782,0.0116,0.6102
HEARTS SIX HEARTS TWO,0.5628,0.046,0.3912
DIAMONDS QUEEN HEARTS NINE,0.2238,0.0408,0.7354
HEARTS TWO HEARTS NINE,0.3124,0.427,0.2606
DIAMONDS QUEEN HEARTS EIGHT,0.3548,0.0126,0.6326
HEARTS TWO HEARTS EIGHT,0.5714,0.0426,0.386
CLUBS EIGHT HEARTS TWO,0.6212,0.0426,0.3362
CLUBS EIGHT DIAMONDS QUEEN,0.3664,0.0106,0.623
CLUBS FIVE DIAMONDS QUEEN,0.2518,0.0546,0.6936
CLUBS FIVE HEARTS TWO,0.6348,0.1096,0.2556
SPADES EIGHT HEARTS ACE,0.361,0.003,0.636
CLUBS FOUR DIAMONDS QUEEN,0.4072,0.014,0.5788
CLUBS FOUR HEARTS TWO,0.6148,0.0526,0.3326
SPADES EIGHT HEARTS QUEEN,0.3532,0.0092,0.6376
CLUBS SEVEN HEARTS TWO,0.6338,0.0446,0.3216
CLUBS SEVEN DIAMONDS QUEEN,0.3722,0.0114,0.6164
CLUBS SIX DIAMONDS QUEEN,0.37,0.0108,0.6192
CLUBS SIX HEARTS TWO,0.6178,0.0444,0.3378
SPADES EIGHT HEARTS KING,0.3734,0.0084,0.6182
HEARTS TWO SPADES SIX,0.6056,0.0454,0.349
DIAMONDS QUEEN SPADES SIX,0.374,0.0102,0.6158
HEARTS FOUR CLUBS QUEEN,0.3998,0.0124,0.5878
DIAMONDS ACE CLUBS QUEEN,0.341,0.0038,0.6552
DIAMONDS QUEEN SPADES SEVEN,0.3612,0.01,0.6288
HEARTS TWO SPADES SEVEN,0.602,0.0468,0.3512
HEARTS FOUR CLUBS KING,0.3966,0.0082,0.5952
DIAMONDS ACE CLUBS KING,0.3432,0.0032,0.6536
DIAMONDS QUEEN SPADES EIGHT,0.3558,0.0128,0.6314
SPADES EIGHT HEARTS TWO,0.6208,0.0434,0.3358
HEARTS FOUR CLUBS ACE,0.3872,0.0044,0.6084
DIAMONDS ACE CLUBS ACE,0.1398,0.004,0.8562
SPADES NINE DIAMONDS QUEEN,0.2398,0.0472,0.713
SPADES NINE HEARTS TWO,0.3194,0.463,0.2176
HEARTS TWO SPADES TWO,0.3928,0.0828,0.5244
DIAMONDS QUEEN SPADES TWO,0.42,0.013,0.567
HEARTS TWO SPADES THREE,0.6232,0.0418,0.335
DIAMONDS QUEEN SPADES THREE,0.3972,0.015,0.5878
HEARTS TWO SPADES FOUR,0.6116,0.0482,0.3402
DIAMONDS QUEEN SPADES FOUR,0.3966,0.0132,0.5902
HEARTS FOUR CLUBS TEN,0.3902,0.03,0.5798
CLUBS TEN DIAMONDS ACE,0.3244,0.0036,0.672
HEARTS FOUR CLUBS JACK,0.3922,0.0186,0.5892
DIAMONDS ACE CLUBS JACK,0.3342,0.0036,0.6622
CLUBS FIVE CLUBS KING,0.2388,0.0404,0.7208
CLUBS FIVE CLUBS QUEEN,0.2416,0.0474,0.711
CLUBS FIVE CLUBS ACE,0.2406,0.0222,0.7372
CLUBS FIVE CLUBS JACK,0.2444,0.0582,0.6974
CLUBS TEN CLUBS FIVE,0.2418,0.0808,0.6774
SPADES KING CLUBS JACK,0.3208,0.0088,0.6704
SPADES QUEEN CLUBS JACK,0.3248,0.0104,0.6648
SPADES ACE CLUBS JACK,0.3188,0.006,0.6752
SPADES SIX CLUBS KING,0.3452,0.011,0.6438
SPADES SIX CLUBS QUEEN,0.355,0.0146,0.6304
SPADES EIGHT HEARTS JACK,0.3256,0.0158,0.6586
SPADES SIX CLUBS ACE,0.3586,0.0044,0.637
SPADES EIGHT HEARTS TEN,0.3298,0.0254,0.6448
SPADES SIX CLUBS JACK,0.37,0.0136,0.6164
CLUBS TEN SPADES SIX,0.3438,0.0234,0.6328
SPADES TEN CLUBS JACK,0.3062,0.0152,0.6786
SPADES JACK CLUBS JACK,0.1424,0.0348,0.8228
SPADES QUEEN CLUBS SEVEN,0.3692,0.0136,0.6172
SPADES KING CLUBS SEVEN,0.367,0.0074,0.6256
SPADES ACE CLUBS SEVEN,0.3616,0.006,0.6324
SPADES SIX HEARTS TEN,0.3608,0.0268,0.6124
SPADES SIX HEARTS JACK,0.3706,0.0174,0.612
SPADES SIX HEARTS ACE,0.3658,0.004,0.6302
SPADES SIX HEARTS KING,0.365,0.0084,0.6266
SPADES SIX HEARTS QUEEN,0.3644,0.0122,0.6234
SPADES JACK CLUBS SEVEN,0.3542,0.016,0.6298
CLUBS SEVEN SPADES TEN,0.3384,0.0334,0.6282
CLUBS TEN HEARTS SIX,0.3498,0.023,0.6272
HEARTS SIX CLUBS JACK,0.3686,0.0186,0.6128
CLUBS ACE CLUBS JACK,0.318,0.0052,0.6768
HEARTS SIX CLUBS QUEEN,0.3514,0.0128,0.6358
HEARTS SIX CLUBS KING,0.3618,0.0088,0.6294
HEARTS SIX CLUBS ACE,0.3582,0.0038,0.638
CLUBS QUEEN CLUBS JACK,0.2918,0.0118,0.6964
CLUBS KING CLUBS JACK,0.3086,0.0066,0.6848
DIAMONDS THREE HEARTS ACE,0.3924,0.0054,0.6022
DIAMONDS THREE HEARTS QUEEN,0.4076,0.01,0.5824
DIAMONDS THREE HEARTS KING,0.3986,0.0084,0.593
CLUBS FIVE HEARTS JACK,0.2558,0.061,0.6832
SPADES TEN DIAMONDS ACE,0.3282,0.0056,0.6662
HEARTS FOUR SPADES TEN,0.3918,0.0274,0.5808
CLUBS FIVE HEARTS TEN,0.2512,0.0758,0.673
HEARTS FOUR SPADES JACK,0.41,0.0184,0.5716
SPADES JACK DIAMONDS ACE,0.3346,0.0034,0.662
SPADES ACE HEARTS FOUR,0.3818,0.0052,0.613
SPADES ACE DIAMONDS ACE,0.1472,0.0044,0.8484
CLUBS FIVE HEARTS ACE,0.266,0.0234,0.7106
CLUBS FIVE HEARTS KING,0.253,0.0378,0.7092
HEARTS FOUR SPADES QUEEN,0.3906,0.011,0.5984
SPADES QUEEN DIAMONDS ACE,0.326,0.0056,0.6684
SPADES FOUR CLUBS JACK,0.4054,0.0156,0.579
CLUBS FIVE HEARTS QUEEN,0.2584,0.0454,0.6962
SPADES KING DIAMONDS ACE,0.3334,0.0034,0.6632
HEARTS FOUR SPADES KING,0.3954,0.008,0.5966
CLUBS TEN SPADES FOUR,0.3966,0.03,0.5734
DIAMONDS QUEEN DIAMONDS ACE,0.3054,0.0042,0.6904
HEARTS TWO DIAMONDS ACE,0.388,0.0064,0.6056
HEARTS FOUR DIAMONDS QUEEN,0.4042,0.0124,0.5834
HEARTS FOUR HEARTS TWO,0.5584,0.0406,0.401
DIAMONDS THREE HEARTS TEN,0.4016,0.0266,0.5718
SPADES FOUR CLUBS KING,0.401,0.0082,0.5908
HEARTS FIVE DIAMONDS QUEEN,0.2552,0.0476,0.6972
HEARTS FIVE HEARTS TWO,0.5876,0.106,0.3064
DIAMONDS THREE HEARTS JACK,0.3992,0.0172,0.5836
SPADES FOUR CLUBS QUEEN,0.4054,0.0144,0.5802
DIAMONDS QUEEN HEARTS TWO,0.4046,0.013,0.5824
DIAMONDS KING DIAMONDS QUEEN,0.3228,0.009,0.6682
DIAMONDS KING HEARTS TWO,0.418,0.0078,0.5742
HEARTS THREE DIAMONDS QUEEN,0.41,0.0104,0.5796
HEARTS THREE HEARTS TWO,0.5658,0.0444,0.3898
SPADES FOUR CLUBS ACE,0.3926,0.0046,0.6028
HEARTS TWO CLUBS ACE,0.3898,0.005,0.6052
DIAMONDS QUEEN CLUBS ACE,0.3432,0.005,0.6518
HEARTS TWO CLUBS QUEEN,0.4086,0.0162,0.5752
DIAMONDS QUEEN CLUBS QUEEN,0.1442,0.0204,0.8354
HEARTS TWO CLUBS KING,0.3878,0.0092,0.603
DIAMONDS QUEEN CLUBS KING,0.3362,0.0072,0.6566
CLUBS TEN HEARTS TWO,0.3972,0.03,0.5728
CLUBS TEN DIAMONDS QUEEN,0.3216,0.0088,0.6696
HEARTS TWO CLUBS JACK,0.3986,0.02,0.5814
DIAMONDS QUEEN CLUBS JACK,0.3092,0.0092,0.6816
DIAMONDS FIVE CLUBS QUEEN,0.2456,0.0432,0.7112
SPADES EIGHT CLUBS ACE,0.352,0.0052,0.6428
DIAMONDS FIVE CLUBS KING,0.2468,0.0372,0.716
SPADES EIGHT CLUBS KING,0.365,0.0104,0.6246
CLUBS ACE DIAMONDS FIVE,0.2344,0.025,0.7406
SPADES EIGHT CLUBS QUEEN,0.3596,0.0118,0.6286
SPADES EIGHT CLUBS JACK,0.34,0.0178,0.6422
CLUBS TEN SPADES EIGHT,0.3276,0.0248,0.6476
CLUBS TEN DIAMONDS FIVE,0.2536,0.0754,0.671
DIAMONDS FIVE CLUBS JACK,0.2552,0.0588,0.686
HEARTS JACK DIAMONDS TEN,0.3156,0.0138,0.6706
DIAMONDS TEN HEARTS TEN,0.1594,0.0382,0.8024
HEARTS SIX HEARTS KING,0.354,0.0052,0.6408
DIAMONDS KING SPADES SEVEN,0.354,0.009,0.637
HEARTS THREE SPADES SEVEN,0.6078,0.0478,0.3444
SPADES KING DIAMONDS SEVEN,0.3756,0.0068,0.6176
HEARTS SIX HEARTS QUEEN,0.3498,0.0118,0.6384
SPADES QUEEN DIAMONDS SEVEN,0.3684,0.0108,0.6208
HEARTS THREE SPADES SIX,0.6014,0.045,0.3536
DIAMONDS KING SPADES SIX,0.3666,0.0076,0.6258
DIAMONDS KING SPADES NINE,0.244,0.0318,0.7242
HEARTS THREE SPADES NINE,0.3232,0.4574,0.2194
HEARTS SIX HEARTS ACE,0.3426,0.0054,0.652
DIAMONDS KING SPADES EIGHT,0.3748,0.0068,0.6184
