opposingHand,winningChance,drawChance,lostChance
CLUBS NINE DIAMONDS SEVEN
HEARTS FIVE SPADES TEN,0.4206,0.0276,0.5518
HEARTS FIVE SPADES JACK,0.424,0.014,0.562
CLUBS JACK SPADES FIVE,0.4072,0.0192,0.5736
CLUBS TEN SPADES FIVE,0.4094,0.0246,0.566
CLUBS JACK CLUBS EIGHT,0.3644,0.0154,0.6202
CLUBS TEN CLUBS EIGHT,0.334,0.0256,0.6404
CLUBS EIGHT CLUBS KING,0.3746,0.008,0.6174
SPADES FIVE CLUBS ACE,0.4104,0.0038,0.5858
CLUBS EIGHT CLUBS QUEEN,0.3626,0.014,0.6234
SPADES FIVE CLUBS KING,0.424,0.0074,0.5686
SPADES FIVE CLUBS QUEEN,0.417,0.01,0.573
CLUBS EIGHT CLUBS ACE,0.3586,0.0052,0.6362
DIAMONDS TWO DIAMONDS THREE,0.605,0.041,0.354
DIAMONDS TWO DIAMONDS FIVE,0.5968,0.0372,0.366
HEARTS FIVE SPADES KING,0.4346,0.0066,0.5588
DIAMONDS TWO DIAMONDS FOUR,0.5876,0.0454,0.367
HEARTS FIVE SPADES QUEEN,0.4238,0.0118,0.5644
DIAMONDS TWO DIAMONDS SIX,0.6178,0.0394,0.3428
SPADES ACE HEARTS FIVE,0.4126,0.003,0.5844
DIAMONDS TWO DIAMONDS NINE,0.474,0.2832,0.2428
DIAMONDS TWO DIAMONDS EIGHT,0.607,0.042,0.351
DIAMONDS THREE DIAMONDS FOUR,0.5786,0.0406,0.3808
CLUBS TWO SPADES FOUR,0.6352,0.041,0.3238
DIAMONDS THREE DIAMONDS FIVE,0.5706,0.0414,0.388
SPADES FIVE CLUBS TWO,0.6246,0.0402,0.3352
CLUBS TWO SPADES TWO,0.4334,0.0654,0.5012
CLUBS TWO SPADES THREE,0.6248,0.0432,0.332
DIAMONDS THREE DIAMONDS EIGHT,0.6124,0.0396,0.348
SPADES EIGHT CLUBS TWO,0.6552,0.0368,0.308
DIAMONDS THREE DIAMONDS NINE,0.473,0.2764,0.2506
SPADES NINE CLUBS TWO,0.5006,0.2826,0.2168
DIAMONDS THREE DIAMONDS SIX,0.5944,0.0436,0.362
SPADES SIX CLUBS TWO,0.6534,0.0438,0.3028
SPADES SEVEN CLUBS TWO,0.6706,0.1074,0.222
CLUBS SIX CLUBS TWO,0.6196,0.0426,0.3378
CLUBS SEVEN CLUBS TWO,0.652,0.1038,0.2442
CLUBS FOUR CLUBS TWO,0.6026,0.041,0.3564
CLUBS FIVE CLUBS TWO,0.6136,0.0384,0.348
CLUBS TEN CLUBS JACK,0.308,0.0144,0.6776
DIAMONDS FOUR DIAMONDS SIX,0.592,0.0366,0.3714
CLUBS TEN CLUBS QUEEN,0.325,0.0122,0.6628
CLUBS TEN CLUBS KING,0.3324,0.0066,0.661
CLUBS TEN CLUBS ACE,0.3328,0.0044,0.6628
CLUBS EIGHT CLUBS TWO,0.6168,0.0402,0.343
DIAMONDS FIVE DIAMONDS FOUR,0.5712,0.0364,0.3924
DIAMONDS NINE DIAMONDS FOUR,0.4662,0.2856,0.2482
DIAMONDS FOUR DIAMONDS EIGHT,0.5844,0.0382,0.3774
CLUBS THREE CLUBS TWO,0.6008,0.0362,0.363
DIAMONDS NINE DIAMONDS FIVE,0.4638,0.2754,0.2608
CLUBS JACK DIAMONDS TWO,0.429,0.0174,0.5536
DIAMONDS FIVE DIAMONDS EIGHT,0.582,0.0452,0.3728
CLUBS TEN DIAMONDS TWO,0.4142,0.0254,0.5604
DIAMONDS FIVE DIAMONDS SIX,0.5824,0.0422,0.3754
DIAMONDS TWO CLUBS ACE,0.4294,0.0056,0.565
DIAMONDS TWO CLUBS KING,0.4456,0.0092,0.5452
DIAMONDS TWO CLUBS QUEEN,0.4286,0.0132,0.5582
DIAMONDS EIGHT DIAMONDS SIX,0.5738,0.0384,0.3878
DIAMONDS NINE DIAMONDS SIX,0.4592,0.2846,0.2562
HEARTS ACE SPADES THREE,0.415,0.005,0.58
SPADES THREE HEARTS KING,0.4318,0.0064,0.5618
HEARTS QUEEN SPADES THREE,0.4342,0.0094,0.5564
SPADES THREE HEARTS JACK,0.426,0.0166,0.5574
SPADES THREE HEARTS TEN,0.4348,0.0274,0.5378
DIAMONDS NINE DIAMONDS EIGHT,0.2104,0.2174,0.5722
DIAMONDS KING HEARTS TEN,0.3542,0.006,0.6398
HEARTS THREE HEARTS TEN,0.4,0.023,0.577
SPADES JACK CLUBS SIX,0.4254,0.0168,0.5578
DIAMONDS KING HEARTS JACK,0.3652,0.006,0.6288
HEARTS THREE HEARTS JACK,0.4128,0.0166,0.5706
SPADES TEN CLUBS SIX,0.4168,0.0242,0.559
SPADES JACK SPADES FIVE,0.3924,0.0184,0.5892
SPADES TEN SPADES FIVE,0.4084,0.0248,0.5668
DIAMONDS KING HEARTS ACE,0.3482,0.0034,0.6484
HEARTS THREE HEARTS ACE,0.3946,0.004,0.6014
SPADES ACE CLUBS SIX,0.4268,0.0034,0.5698
DIAMONDS KING HEARTS QUEEN,0.3568,0.0058,0.6374
HEARTS THREE HEARTS QUEEN,0.406,0.0098,0.5842
SPADES KING CLUBS SIX,0.423,0.007,0.57
DIAMONDS KING HEARTS KING,0.1766,0.0116,0.8118
HEARTS THREE HEARTS KING,0.4064,0.0068,0.5868
SPADES QUEEN CLUBS SIX,0.4188,0.0096,0.5716
SPADES NINE HEARTS TEN,0.239,0.078,0.683
SPADES NINE HEARTS JACK,0.2556,0.0586,0.6858
SPADES QUEEN SPADES FIVE,0.4056,0.011,0.5834
SPADES KING SPADES FIVE,0.393,0.0086,0.5984
SPADES ACE SPADES FIVE,0.3922,0.0046,0.6032
SPADES NINE HEARTS QUEEN,0.2586,0.045,0.6964
SPADES NINE HEARTS KING,0.2798,0.0292,0.691
SPADES NINE HEARTS ACE,0.2656,0.0222,0.7122
CLUBS TEN SPADES JACK,0.3274,0.0164,0.6562
CLUBS TEN SPADES TEN,0.1564,0.036,0.8076
SPADES ACE CLUBS TEN,0.3634,0.0044,0.6322
CLUBS TEN SPADES KING,0.348,0.0066,0.6454
CLUBS TEN SPADES QUEEN,0.3248,0.01,0.6652
SPADES FIVE HEARTS QUEEN,0.4226,0.011,0.5664
SPADES FIVE HEARTS KING,0.4334,0.0058,0.5608
HEARTS ACE SPADES FIVE,0.4096,0.003,0.5874
CLUBS EIGHT SPADES TEN,0.354,0.0266,0.6194
SPADES JACK HEARTS THREE,0.4354,0.0178,0.5468
SPADES JACK DIAMONDS KING,0.3462,0.0072,0.6466
SPADES TEN DIAMONDS KING,0.3562,0.0064,0.6374
SPADES TEN HEARTS THREE,0.4318,0.0258,0.5424
SPADES JACK CLUBS EIGHT,0.3614,0.0202,0.6184
CLUBS SIX HEARTS ACE,0.4134,0.0044,0.5822
SPADES ACE CLUBS EIGHT,0.3852,0.0048,0.61
HEARTS FIVE CLUBS JACK,0.422,0.0158,0.5622
CLUBS TEN HEARTS FIVE,0.4106,0.0246,0.5648
CLUBS SIX HEARTS QUEEN,0.4188,0.012,0.5692
SPADES QUEEN CLUBS EIGHT,0.3882,0.0106,0.6012
CLUBS TEN SPADES THREE,0.432,0.0264,0.5416
CLUBS SIX HEARTS KING,0.42,0.0062,0.5738
SPADES KING CLUBS EIGHT,0.3916,0.008,0.6004
CLUBS JACK SPADES THREE,0.429,0.0184,0.5526
DIAMONDS TWO HEARTS JACK,0.4424,0.0166,0.541
SPADES THREE CLUBS QUEEN,0.4282,0.0126,0.5592
DIAMONDS TWO HEARTS TEN,0.4514,0.0242,0.5244
SPADES THREE CLUBS KING,0.4292,0.0086,0.5622
HEARTS FIVE CLUBS ACE,0.4162,0.0048,0.579
SPADES FIVE HEARTS TEN,0.431,0.0254,0.5436
SPADES THREE CLUBS ACE,0.4166,0.0038,0.5796
HEARTS FIVE CLUBS KING,0.4172,0.0066,0.5762
SPADES FIVE HEARTS JACK,0.4118,0.02,0.5682
HEARTS FIVE CLUBS QUEEN,0.4304,0.0128,0.5568
HEARTS THREE CLUBS KING,0.4184,0.0074,0.5742
DIAMONDS KING CLUBS KING,0.1762,0.0108,0.813
HEARTS THREE CLUBS QUEEN,0.4296,0.0104,0.56
DIAMONDS KING CLUBS QUEEN,0.3448,0.0084,0.6468
HEARTS FIVE HEARTS JACK,0.392,0.0166,0.5914
HEARTS FIVE HEARTS TEN,0.3926,0.024,0.5834
HEARTS THREE CLUBS ACE,0.4182,0.0054,0.5764
DIAMONDS KING CLUBS ACE,0.348,0.0048,0.6472
SPADES ACE CLUBS QUEEN,0.3434,0.0054,0.6512
SPADES KING CLUBS QUEEN,0.3586,0.0058,0.6356
CLUBS JACK HEARTS THREE,0.4294,0.0172,0.5534
CLUBS JACK DIAMONDS KING,0.3482,0.0082,0.6436
SPADES QUEEN CLUBS QUEEN,0.1772,0.0196,0.8032
CLUBS TEN HEARTS THREE,0.4322,0.0314,0.5364
CLUBS TEN DIAMONDS KING,0.34,0.0078,0.6522
SPADES JACK CLUBS QUEEN,0.3496,0.0098,0.6406
CLUBS SIX CLUBS QUEEN,0.3908,0.011,0.5982
SPADES TEN CLUBS QUEEN,0.333,0.0118,0.6552
CLUBS SIX CLUBS KING,0.403,0.0056,0.5914
CLUBS SIX CLUBS ACE,0.3988,0.005,0.5962
HEARTS FIVE HEARTS KING,0.391,0.0118,0.5972
HEARTS FIVE HEARTS QUEEN,0.3986,0.0132,0.5882
CLUBS TEN CLUBS SIX,0.397,0.0238,0.5792
HEARTS FIVE HEARTS ACE,0.412,0.0046,0.5834
CLUBS JACK CLUBS SIX,0.402,0.017,0.581
SPADES SEVEN HEARTS JACK,0.2704,0.0458,0.6838
SPADES SEVEN HEARTS TEN,0.2538,0.0806,0.6656
DIAMONDS TWO CLUBS TWO,0.4342,0.0718,0.494
DIAMONDS TWO CLUBS THREE,0.6336,0.0424,0.324
DIAMONDS TWO HEARTS SIX,0.6428,0.0426,0.3146
DIAMONDS TWO HEARTS QUEEN,0.4242,0.0132,0.5626
HEARTS SEVEN DIAMONDS TWO,0.6864,0.1,0.2136
DIAMONDS TWO HEARTS KING,0.435,0.0078,0.5572
DIAMONDS TWO HEARTS EIGHT,0.6368,0.0434,0.3198
DIAMONDS TWO HEARTS ACE,0.423,0.0028,0.5742
DIAMONDS TWO HEARTS NINE,0.4998,0.2954,0.2048
DIAMONDS TWO DIAMONDS QUEEN,0.4138,0.0114,0.5748
DIAMONDS TWO HEARTS TWO,0.4366,0.0652,0.4982
DIAMONDS TWO DIAMONDS KING,0.4252,0.0068,0.568
DIAMONDS TWO HEARTS THREE,0.6302,0.0452,0.3246
DIAMONDS TWO DIAMONDS ACE,0.4068,0.0052,0.588
HEARTS FOUR DIAMONDS TWO,0.624,0.044,0.332
HEARTS FIVE DIAMONDS TWO,0.6292,0.0394,0.3314
SPADES SEVEN HEARTS ACE,0.28,0.023,0.697
DIAMONDS TWO DIAMONDS TEN,0.4188,0.0274,0.5538
SPADES SEVEN HEARTS KING,0.2814,0.0326,0.686
DIAMONDS TWO DIAMONDS JACK,0.41,0.0186,0.5714
SPADES SEVEN HEARTS QUEEN,0.281,0.0404,0.6786
DIAMONDS TWO SPADES NINE,0.5094,0.2792,0.2114
DIAMONDS TWO SPADES EIGHT,0.623,0.0424,0.3346
DIAMONDS TWO SPADES SEVEN,0.6766,0.1022,0.2212
DIAMONDS TWO SPADES SIX,0.6646,0.042,0.2934
DIAMONDS TWO SPADES FIVE,0.6312,0.0414,0.3274
DIAMONDS TWO SPADES FOUR,0.6372,0.0472,0.3156
DIAMONDS TWO SPADES THREE,0.6222,0.047,0.3308
DIAMONDS TWO SPADES TWO,0.4404,0.0726,0.487
DIAMONDS TWO CLUBS EIGHT,0.6424,0.0436,0.314
CLUBS SEVEN DIAMONDS TWO,0.683,0.1192,0.1978
DIAMONDS TWO CLUBS SIX,0.6552,0.04,0.3048
DIAMONDS TWO CLUBS FIVE,0.6322,0.045,0.3228
DIAMONDS TWO CLUBS FOUR,0.6398,0.042,0.3182
CLUBS FOUR SPADES FIVE,0.601,0.036,0.363
CLUBS FOUR SPADES FOUR,0.437,0.067,0.496
CLUBS FOUR SPADES THREE,0.6114,0.0452,0.3434
CLUBS FOUR SPADES TWO,0.6234,0.0424,0.3342
SPADES NINE CLUBS FOUR,0.4802,0.3034,0.2164
SPADES EIGHT CLUBS FOUR,0.6296,0.0388,0.3316
SPADES SEVEN CLUBS FOUR,0.6644,0.1086,0.227
CLUBS FOUR SPADES SIX,0.626,0.0364,0.3376
SPADES ACE DIAMONDS SIX,0.4262,0.0046,0.5692
SPADES QUEEN DIAMONDS SIX,0.422,0.0104,0.5676
SPADES KING DIAMONDS SIX,0.4332,0.0042,0.5626
SPADES TEN DIAMONDS SIX,0.412,0.0288,0.5592
SPADES JACK DIAMONDS SIX,0.416,0.016,0.568
SPADES QUEEN SPADES TWO,0.411,0.0098,0.5792
SPADES KING SPADES TWO,0.4112,0.0092,0.5796
SPADES ACE SPADES TWO,0.3856,0.004,0.6104
CLUBS JACK DIAMONDS JACK,0.1574,0.0306,0.812
CLUBS TEN DIAMONDS JACK,0.3262,0.0142,0.6596
DIAMONDS JACK CLUBS KING,0.347,0.0088,0.6442
DIAMONDS JACK CLUBS QUEEN,0.3298,0.0098,0.6604
DIAMONDS THREE DIAMONDS JACK,0.3976,0.0194,0.583
DIAMONDS THREE DIAMONDS TEN,0.4066,0.0272,0.5662
DIAMONDS JACK CLUBS ACE,0.3492,0.0028,0.648
DIAMONDS THREE DIAMONDS KING,0.414,0.01,0.576
DIAMONDS THREE HEARTS THREE,0.4248,0.0674,0.5078
DIAMONDS THREE DIAMONDS QUEEN,0.4172,0.0124,0.5704
DIAMONDS THREE HEARTS TWO,0.632,0.0374,0.3306
HEARTS FIVE DIAMONDS THREE,0.6076,0.0392,0.3532
DIAMONDS THREE DIAMONDS ACE,0.4052,0.0052,0.5896
HEARTS FOUR DIAMONDS THREE,0.6242,0.0408,0.335
HEARTS SEVEN DIAMONDS THREE,0.6636,0.1078,0.2286
SPADES TEN SPADES NINE,0.2428,0.0802,0.677
HEARTS SIX DIAMONDS THREE,0.6392,0.0432,0.3176
SPADES JACK SPADES NINE,0.2358,0.052,0.7122
DIAMONDS THREE HEARTS NINE,0.5068,0.2858,0.2074
HEARTS JACK DIAMONDS FOUR,0.4246,0.0166,0.5588
HEARTS ACE HEARTS KING,0.3422,0.004,0.6538
SPADES TEN SPADES TWO,0.4132,0.0256,0.5612
DIAMONDS THREE HEARTS EIGHT,0.6406,0.039,0.3204
HEARTS TEN DIAMONDS FOUR,0.4294,0.031,0.5396
SPADES JACK SPADES TWO,0.4158,0.0132,0.571
HEARTS QUEEN DIAMONDS FOUR,0.4458,0.0096,0.5446
HEARTS KING DIAMONDS FOUR,0.4368,0.0084,0.5548
SPADES ACE SPADES NINE,0.2666,0.0198,0.7136
HEARTS ACE DIAMONDS FOUR,0.4238,0.003,0.5732
SPADES KING SPADES NINE,0.259,0.0294,0.7116
SPADES QUEEN SPADES NINE,0.2382,0.0474,0.7144
DIAMONDS THREE SPADES NINE,0.503,0.2844,0.2126
DIAMONDS THREE SPADES EIGHT,0.646,0.0438,0.3102
DIAMONDS THREE SPADES SEVEN,0.6648,0.1148,0.2204
DIAMONDS THREE SPADES SIX,0.6312,0.0422,0.3266
DIAMONDS THREE CLUBS SIX,0.6302,0.0398,0.33
CLUBS FIVE CLUBS SIX,0.5864,0.0382,0.3754
CLUBS ACE DIAMONDS FOUR,0.4302,0.0052,0.5646
CLUBS SEVEN DIAMONDS THREE,0.6608,0.112,0.2272
CLUBS SEVEN CLUBS FIVE,0.6122,0.1104,0.2774
DIAMONDS THREE CLUBS FOUR,0.617,0.0472,0.3358
DIAMONDS FOUR CLUBS QUEEN,0.4254,0.013,0.5616
DIAMONDS THREE CLUBS FIVE,0.6034,0.0454,0.3512
DIAMONDS FOUR CLUBS KING,0.4372,0.0084,0.5544
DIAMONDS THREE CLUBS TWO,0.6362,0.0456,0.3182
CLUBS TEN DIAMONDS FOUR,0.4264,0.0266,0.547
DIAMONDS THREE CLUBS THREE,0.432,0.0716,0.4964
CLUBS JACK DIAMONDS FOUR,0.4348,0.018,0.5472
DIAMONDS THREE SPADES FOUR,0.6066,0.0446,0.3488
DIAMONDS THREE SPADES FIVE,0.618,0.0406,0.3414
DIAMONDS THREE SPADES TWO,0.6342,0.0438,0.322
DIAMONDS THREE SPADES THREE,0.4262,0.0686,0.5052
CLUBS EIGHT DIAMONDS THREE,0.6578,0.0428,0.2994
SPADES SEVEN CLUBS ACE,0.2592,0.0224,0.7184
SPADES SEVEN CLUBS QUEEN,0.2776,0.0442,0.6782
SPADES SEVEN CLUBS KING,0.2684,0.0338,0.6978
CLUBS FIVE SPADES SEVEN,0.6348,0.1092,0.256
CLUBS TEN SPADES SEVEN,0.2524,0.074,0.6736
CLUBS FIVE SPADES SIX,0.614,0.038,0.348
CLUBS JACK SPADES SEVEN,0.2722,0.0586,0.6692
CLUBS FIVE SPADES NINE,0.4828,0.2938,0.2234
CLUBS FIVE SPADES EIGHT,0.6198,0.041,0.3392
CLUBS FIVE SPADES THREE,0.6064,0.0496,0.344
CLUBS FIVE SPADES TWO,0.6256,0.044,0.3304
CLUBS FIVE SPADES FIVE,0.4124,0.0674,0.5202
CLUBS FIVE SPADES FOUR,0.5982,0.0462,0.3556
CLUBS EIGHT CLUBS FIVE,0.5828,0.04,0.3772
CLUBS ACE CLUBS QUEEN,0.3378,0.0044,0.6578
CLUBS KING CLUBS QUEEN,0.3246,0.0064,0.669
DIAMONDS TEN DIAMONDS FOUR,0.4002,0.0276,0.5722
CLUBS TEN DIAMONDS NINE,0.2296,0.0778,0.6926
DIAMONDS JACK DIAMONDS FOUR,0.4112,0.0168,0.572
CLUBS JACK DIAMONDS NINE,0.2328,0.0624,0.7048
CLUBS JACK SPADES NINE,0.2506,0.065,0.6844
CLUBS TEN SPADES NINE,0.25,0.0728,0.6772
DIAMONDS ACE DIAMONDS FOUR,0.4012,0.005,0.5938
HEARTS FOUR DIAMONDS FOUR,0.4252,0.0766,0.4982
DIAMONDS JACK HEARTS TEN,0.347,0.0112,0.6418
SPADES NINE CLUBS KING,0.2744,0.033,0.6926
DIAMONDS TWO SPADES TEN,0.4374,0.0274,0.5352
DIAMONDS NINE CLUBS ACE,0.2546,0.0244,0.721
HEARTS FIVE DIAMONDS FOUR,0.6036,0.0392,0.3572
DIAMONDS JACK HEARTS JACK,0.1662,0.031,0.8028
SPADES NINE CLUBS QUEEN,0.2532,0.0446,0.7022
DIAMONDS TWO SPADES JACK,0.4354,0.0154,0.5492
DIAMONDS QUEEN DIAMONDS FOUR,0.4166,0.0116,0.5718
HEARTS TWO DIAMONDS FOUR,0.6302,0.0458,0.324
DIAMONDS NINE CLUBS QUEEN,0.2414,0.051,0.7076
DIAMONDS KING DIAMONDS FOUR,0.4212,0.0048,0.574
HEARTS THREE DIAMONDS FOUR,0.6294,0.0458,0.3248
SPADES NINE CLUBS ACE,0.2602,0.0222,0.7176
DIAMONDS NINE CLUBS KING,0.2662,0.0386,0.6952
HEARTS ACE DIAMONDS JACK,0.349,0.004,0.647
SPADES ACE DIAMONDS TWO,0.4442,0.0054,0.5504
HEARTS QUEEN DIAMONDS JACK,0.3392,0.0084,0.6524
SPADES QUEEN DIAMONDS TWO,0.4382,0.01,0.5518
HEARTS KING DIAMONDS JACK,0.3518,0.0064,0.6418
SPADES KING DIAMONDS TWO,0.4404,0.0074,0.5522
SPADES JACK SPADES SEVEN,0.2576,0.0532,0.6892
SPADES TEN SPADES SEVEN,0.2506,0.0682,0.6812
CLUBS SEVEN CLUBS THREE,0.6268,0.1082,0.265
CLUBS SIX CLUBS THREE,0.597,0.0394,0.3636
CLUBS FIVE CLUBS THREE,0.5762,0.0404,0.3834
CLUBS THREE CLUBS FOUR,0.6048,0.0376,0.3576
CLUBS EIGHT CLUBS THREE,0.6114,0.0384,0.3502
CLUBS THREE SPADES FIVE,0.6078,0.0466,0.3456
CLUBS THREE SPADES FOUR,0.6098,0.0472,0.343
CLUBS THREE SPADES THREE,0.4244,0.0682,0.5074
CLUBS THREE SPADES TWO,0.6312,0.0452,0.3236
CLUBS THREE SPADES SIX,0.6352,0.0442,0.3206
CLUBS THREE SPADES SEVEN,0.6604,0.108,0.2316
SPADES EIGHT CLUBS THREE,0.6574,0.0406,0.302
SPADES NINE CLUBS THREE,0.4834,0.2982,0.2184
SPADES TWO DIAMONDS FOUR,0.6348,0.0436,0.3216
SPADES THREE DIAMONDS FOUR,0.6188,0.0388,0.3424
SPADES FOUR DIAMONDS FOUR,0.4264,0.0724,0.5012
SPADES FIVE DIAMONDS FOUR,0.5962,0.0386,0.3652
SPADES SIX DIAMONDS FOUR,0.6358,0.047,0.3172
SPADES SEVEN DIAMONDS FOUR,0.6674,0.1102,0.2224
SPADES EIGHT DIAMONDS FOUR,0.626,0.0422,0.3318
SPADES NINE DIAMONDS FOUR,0.4924,0.2906,0.217
CLUBS FIVE DIAMONDS FOUR,0.6118,0.0446,0.3436
CLUBS FOUR DIAMONDS FOUR,0.4334,0.069,0.4976
CLUBS SEVEN DIAMONDS FOUR,0.6654,0.119,0.2156
CLUBS SIX DIAMONDS FOUR,0.623,0.0466,0.3304
CLUBS EIGHT DIAMONDS FOUR,0.6258,0.0466,0.3276
HEARTS SEVEN DIAMONDS FOUR,0.665,0.111,0.224
HEARTS SIX DIAMONDS FOUR,0.6238,0.0422,0.334
DIAMONDS FOUR HEARTS NINE,0.4858,0.2948,0.2194
DIAMONDS FOUR HEARTS EIGHT,0.6342,0.042,0.3238
CLUBS THREE DIAMONDS FOUR,0.6288,0.0398,0.3314
CLUBS TWO DIAMONDS FOUR,0.6398,0.0442,0.316
DIAMONDS TEN DIAMONDS FIVE,0.4054,0.0278,0.5668
DIAMONDS JACK DIAMONDS FIVE,0.4098,0.0172,0.573
DIAMONDS NINE HEARTS QUEEN,0.2432,0.0454,0.7114
DIAMONDS NINE HEARTS KING,0.2652,0.0322,0.7026
HEARTS ACE DIAMONDS NINE,0.2624,0.0242,0.7134
DIAMONDS NINE HEARTS TEN,0.2422,0.0778,0.68
DIAMONDS NINE HEARTS JACK,0.2466,0.0594,0.694
CLUBS KING DIAMONDS SIX,0.4156,0.0056,0.5788
CLUBS QUEEN DIAMONDS SIX,0.4142,0.0114,0.5744
CLUBS ACE DIAMONDS SIX,0.3994,0.0046,0.596
SPADES KING DIAMONDS FOUR,0.4336,0.0062,0.5602
SPADES ACE SPADES SEVEN,0.2718,0.0198,0.7084
SPADES QUEEN DIAMONDS FOUR,0.4446,0.0094,0.546
SPADES QUEEN SPADES SEVEN,0.2658,0.042,0.6922
CLUBS JACK DIAMONDS SIX,0.4088,0.0208,0.5704
SPADES KING SPADES SEVEN,0.2522,0.0312,0.7166
SPADES ACE DIAMONDS FOUR,0.4334,0.0034,0.5632
CLUBS TEN DIAMONDS SIX,0.4028,0.024,0.5732
CLUBS EIGHT CLUBS FOUR,0.6162,0.0392,0.3446
SPADES JACK DIAMONDS FOUR,0.4278,0.0174,0.5548
SPADES TEN DIAMONDS FOUR,0.4362,0.0274,0.5364
CLUBS FIVE CLUBS FOUR,0.588,0.0386,0.3734
CLUBS SEVEN CLUBS FOUR,0.6344,0.1044,0.2612
CLUBS SIX CLUBS FOUR,0.5954,0.0424,0.3622
CLUBS SEVEN SPADES EIGHT,0.6626,0.096,0.2414
CLUBS SEVEN SPADES NINE,0.0194,0.9708,0.0098
CLUBS SEVEN SPADES SIX,0.6362,0.0992,0.2646
CLUBS SEVEN SPADES SEVEN,0.3016,0.0552,0.6432
CLUBS SEVEN SPADES FIVE,0.6478,0.1082,0.244
CLUBS SEVEN SPADES FOUR,0.6664,0.1024,0.2312
CLUBS SEVEN SPADES THREE,0.66,0.1092,0.2308
CLUBS SEVEN SPADES TWO,0.6856,0.104,0.2104
CLUBS SEVEN CLUBS EIGHT,0.624,0.098,0.278
HEARTS SIX DIAMONDS FIVE,0.603,0.0458,0.3512
HEARTS SEVEN DIAMONDS FIVE,0.6326,0.1094,0.258
DIAMONDS FIVE HEARTS EIGHT,0.6176,0.0404,0.342
DIAMONDS FIVE HEARTS NINE,0.505,0.2908,0.2042
DIAMONDS QUEEN DIAMONDS FIVE,0.4232,0.0124,0.5644
HEARTS TWO DIAMONDS FIVE,0.63,0.0446,0.3254
HEARTS KING HEARTS EIGHT,0.3732,0.0058,0.621
DIAMONDS KING DIAMONDS FIVE,0.4034,0.0088,0.5878
HEARTS THREE DIAMONDS FIVE,0.6134,0.0428,0.3438
HEARTS QUEEN HEARTS EIGHT,0.3702,0.0114,0.6184
DIAMONDS ACE DIAMONDS FIVE,0.3948,0.0042,0.601
HEARTS FOUR DIAMONDS FIVE,0.5932,0.0442,0.3626
HEARTS FIVE DIAMONDS FIVE,0.4088,0.0672,0.524
HEARTS ACE HEARTS EIGHT,0.363,0.004,0.633
CLUBS FOUR DIAMONDS FIVE,0.612,0.0438,0.3442
CLUBS FIVE DIAMONDS FIVE,0.4186,0.065,0.5164
CLUBS SIX DIAMONDS FIVE,0.6118,0.0408,0.3474
CLUBS SEVEN DIAMONDS FIVE,0.6506,0.1078,0.2416
CLUBS TWO DIAMONDS FIVE,0.6348,0.0394,0.3258
CLUBS THREE DIAMONDS FIVE,0.6168,0.0422,0.341
SPADES THREE DIAMONDS FIVE,0.6146,0.044,0.3414
SPADES TWO DIAMONDS FIVE,0.6274,0.046,0.3266
SPADES JACK DIAMONDS EIGHT,0.3664,0.0168,0.6168
SPADES FIVE DIAMONDS FIVE,0.4232,0.0658,0.511
CLUBS TEN HEARTS JACK,0.3354,0.0094,0.6552
SPADES TEN DIAMONDS EIGHT,0.3738,0.0294,0.5968
SPADES FOUR DIAMONDS FIVE,0.6,0.0386,0.3614
CLUBS JACK HEARTS JACK,0.1706,0.0294,0.8
HEARTS JACK CLUBS QUEEN,0.3508,0.0108,0.6384
HEARTS JACK CLUBS KING,0.3442,0.0092,0.6466
CLUBS EIGHT DIAMONDS FIVE,0.6186,0.0506,0.3308
CLUBS ACE HEARTS JACK,0.3482,0.0028,0.649
SPADES SEVEN DIAMONDS FIVE,0.6376,0.1058,0.2566
SPADES KING DIAMONDS EIGHT,0.3868,0.0082,0.605
SPADES QUEEN DIAMONDS EIGHT,0.3746,0.0084,0.617
SPADES SIX DIAMONDS FIVE,0.621,0.0462,0.3328
SPADES NINE DIAMONDS FIVE,0.478,0.3056,0.2164
SPADES EIGHT DIAMONDS FIVE,0.6212,0.0378,0.341
SPADES ACE DIAMONDS EIGHT,0.3784,0.0038,0.6178
DIAMONDS TEN DIAMONDS SIX,0.3832,0.029,0.5878
DIAMONDS JACK DIAMONDS SIX,0.4054,0.014,0.5806
DIAMONDS ACE DIAMONDS SIX,0.3916,0.006,0.6024
HEARTS FOUR DIAMONDS SIX,0.6072,0.0448,0.348
SPADES TWO HEARTS JACK,0.4232,0.0152,0.5616
HEARTS FIVE DIAMONDS SIX,0.6268,0.04,0.3332
SPADES TWO HEARTS TEN,0.4424,0.0278,0.5298
DIAMONDS QUEEN DIAMONDS SIX,0.4026,0.012,0.5854
HEARTS TWO DIAMONDS SIX,0.649,0.0432,0.3078
DIAMONDS KING DIAMONDS SIX,0.4048,0.006,0.5892
HEARTS THREE DIAMONDS SIX,0.6362,0.036,0.3278
HEARTS EIGHT DIAMONDS SIX,0.6092,0.043,0.3478
HEARTS NINE DIAMONDS SIX,0.478,0.2998,0.2222
HEARTS SIX DIAMONDS SIX,0.401,0.064,0.535
HEARTS SEVEN DIAMONDS SIX,0.6382,0.1076,0.2542
CLUBS TWO DIAMONDS SIX,0.6554,0.048,0.2966
CLUBS THREE DIAMONDS SIX,0.634,0.0354,0.3306
CLUBS SEVEN DIAMONDS SIX,0.6438,0.112,0.2442
CLUBS JACK DIAMONDS EIGHT,0.3532,0.0208,0.626
CLUBS SIX DIAMONDS SIX,0.4096,0.0686,0.5218
CLUBS TEN DIAMONDS EIGHT,0.346,0.0286,0.6254
CLUBS FIVE DIAMONDS SIX,0.6144,0.0456,0.34
CLUBS FOUR DIAMONDS SIX,0.6262,0.0398,0.334
HEARTS ACE HEARTS JACK,0.3394,0.0036,0.657
CLUBS ACE DIAMONDS EIGHT,0.3736,0.0042,0.6222
HEARTS QUEEN HEARTS JACK,0.3148,0.0108,0.6744
CLUBS KING DIAMONDS EIGHT,0.3744,0.0074,0.6182
HEARTS KING HEARTS JACK,0.338,0.007,0.655
DIAMONDS EIGHT CLUBS QUEEN,0.3782,0.0132,0.6086
CLUBS EIGHT DIAMONDS SIX,0.6118,0.0432,0.345
SPADES TEN HEARTS KING,0.347,0.0046,0.6484
SPADES FIVE DIAMONDS SIX,0.6172,0.042,0.3408
HEARTS ACE SPADES TWO,0.433,0.0032,0.5638
SPADES JACK HEARTS KING,0.365,0.0048,0.6302
SPADES FOUR DIAMONDS SIX,0.6142,0.0478,0.338
SPADES THREE DIAMONDS SIX,0.6362,0.0422,0.3216
HEARTS QUEEN SPADES TWO,0.45,0.0108,0.5392
SPADES ACE SPADES KING,0.3476,0.0036,0.6488
HEARTS KING SPADES TWO,0.4398,0.0082,0.552
SPADES TWO DIAMONDS SIX,0.6542,0.043,0.3028
HEARTS TEN HEARTS EIGHT,0.3352,0.025,0.6398
SPADES NINE DIAMONDS SIX,0.488,0.3026,0.2094
HEARTS JACK HEARTS EIGHT,0.3624,0.016,0.6216
SPADES EIGHT DIAMONDS SIX,0.6148,0.039,0.3462
SPADES SEVEN DIAMONDS SIX,0.6364,0.1122,0.2514
SPADES SIX DIAMONDS SIX,0.4036,0.0674,0.529
SPADES KING HEARTS KING,0.1816,0.0094,0.809
SPADES QUEEN HEARTS KING,0.3412,0.0058,0.653
CLUBS ACE CLUBS KING,0.3416,0.0042,0.6542
SPADES ACE HEARTS KING,0.369,0.0026,0.6284
SPADES ACE HEARTS JACK,0.3582,0.0034,0.6384
SPADES QUEEN HEARTS JACK,0.3506,0.01,0.6394
SPADES KING HEARTS JACK,0.3534,0.0066,0.64
SPADES TEN DIAMONDS TEN,0.1616,0.037,0.8014
SPADES JACK DIAMONDS TEN,0.3298,0.0132,0.657
SPADES ACE DIAMONDS TEN,0.3648,0.0048,0.6304
SPADES JACK HEARTS JACK,0.1862,0.0288,0.785
SPADES TEN HEARTS JACK,0.3292,0.0148,0.656
SPADES QUEEN DIAMONDS TEN,0.3442,0.0118,0.644
SPADES KING DIAMONDS TEN,0.355,0.008,0.637
HEARTS KING DIAMONDS FIVE,0.4296,0.006,0.5644
HEARTS QUEEN DIAMONDS FIVE,0.4422,0.0096,0.5482
HEARTS ACE DIAMONDS FIVE,0.4232,0.0044,0.5724
DIAMONDS FIVE HEARTS JACK,0.4124,0.0172,0.5704
HEARTS TEN DIAMONDS FIVE,0.4256,0.0198,0.5546
SPADES KING CLUBS TWO,0.4352,0.0072,0.5576
HEARTS KING CLUBS KING,0.1654,0.0086,0.826
SPADES QUEEN CLUBS TWO,0.4358,0.0112,0.553
HEARTS KING CLUBS QUEEN,0.3558,0.006,0.6382
CLUBS JACK SPADES TWO,0.4356,0.0168,0.5476
SPADES ACE CLUBS TWO,0.4214,0.0044,0.5742
CLUBS TEN SPADES TWO,0.435,0.0292,0.5358
HEARTS KING CLUBS ACE,0.3526,0.004,0.6434
CLUBS SEVEN CLUBS SIX,0.599,0.111,0.29
SPADES TWO CLUBS KING,0.4278,0.0074,0.5648
CLUBS EIGHT CLUBS SIX,0.5862,0.0372,0.3766
SPADES TWO CLUBS QUEEN,0.4298,0.011,0.5592
CLUBS JACK HEARTS KING,0.3508,0.009,0.6402
SPADES TWO CLUBS ACE,0.4224,0.0038,0.5738
CLUBS TEN HEARTS KING,0.3454,0.0072,0.6474
CLUBS SIX SPADES TWO,0.6466,0.0388,0.3146
CLUBS SIX SPADES THREE,0.63,0.0418,0.3282
CLUBS SIX SPADES FOUR,0.6248,0.0446,0.3306
CLUBS SIX SPADES FIVE,0.6108,0.0422,0.347
CLUBS SIX SPADES SIX,0.395,0.0694,0.5356
CLUBS SIX SPADES SEVEN,0.646,0.1034,0.2506
CLUBS SIX SPADES EIGHT,0.6028,0.041,0.3562
SPADES JACK CLUBS TWO,0.4334,0.0166,0.55
SPADES NINE CLUBS SIX,0.4806,0.3022,0.2172
SPADES TEN CLUBS TWO,0.4414,0.0264,0.5322
CLUBS TWO CLUBS QUEEN,0.4038,0.0118,0.5844
CLUBS TWO CLUBS KING,0.4132,0.0078,0.579
CLUBS THREE DIAMONDS EIGHT,0.624,0.0434,0.3326
CLUBS TWO CLUBS ACE,0.406,0.0052,0.5888
CLUBS TWO DIAMONDS EIGHT,0.6444,0.04,0.3156
HEARTS SEVEN DIAMONDS EIGHT,0.6368,0.1066,0.2566
HEARTS SIX DIAMONDS EIGHT,0.5844,0.044,0.3716
DIAMONDS EIGHT HEARTS NINE,0.2174,0.2322,0.5504
CLUBS TEN CLUBS TWO,0.4232,0.0248,0.552
HEARTS EIGHT DIAMONDS EIGHT,0.2728,0.058,0.6692
CLUBS JACK CLUBS TWO,0.42,0.02,0.56
CLUBS EIGHT DIAMONDS EIGHT,0.2796,0.0614,0.659
CLUBS FIVE DIAMONDS EIGHT,0.608,0.0452,0.3468
SPADES ACE SPADES THREE,0.4022,0.0048,0.593
CLUBS FOUR DIAMONDS EIGHT,0.6192,0.0466,0.3342
CLUBS SEVEN DIAMONDS EIGHT,0.6552,0.1066,0.2382
SPADES QUEEN SPADES THREE,0.4146,0.0112,0.5742
CLUBS SIX DIAMONDS EIGHT,0.601,0.0468,0.3522
SPADES KING SPADES THREE,0.4084,0.008,0.5836
DIAMONDS QUEEN DIAMONDS EIGHT,0.3626,0.011,0.6264
HEARTS TWO DIAMONDS EIGHT,0.6278,0.0432,0.329
DIAMONDS KING DIAMONDS EIGHT,0.375,0.0074,0.6176
HEARTS THREE DIAMONDS EIGHT,0.6188,0.0458,0.3354
DIAMONDS ACE DIAMONDS EIGHT,0.3536,0.0032,0.6432
HEARTS FOUR DIAMONDS EIGHT,0.616,0.0422,0.3418
HEARTS FIVE DIAMONDS EIGHT,0.6042,0.038,0.3578
DIAMONDS TEN DIAMONDS EIGHT,0.3376,0.0234,0.639
DIAMONDS JACK DIAMONDS EIGHT,0.3514,0.0144,0.6342
SPADES JACK SPADES THREE,0.4018,0.017,0.5812
SPADES TEN SPADES THREE,0.3888,0.0234,0.5878
CLUBS FOUR HEARTS ACE,0.423,0.0036,0.5734
CLUBS FOUR HEARTS QUEEN,0.4398,0.0096,0.5506
CLUBS FOUR HEARTS KING,0.4252,0.0074,0.5674
CLUBS SIX HEARTS TEN,0.4146,0.0282,0.5572
CLUBS SIX HEARTS JACK,0.417,0.0204,0.5626
SPADES FOUR DIAMONDS EIGHT,0.6368,0.0374,0.3258
SPADES FIVE DIAMONDS EIGHT,0.6116,0.0428,0.3456
SPADES TWO DIAMONDS EIGHT,0.62,0.0436,0.3364
SPADES THREE DIAMONDS EIGHT,0.6346,0.0358,0.3296
CLUBS FOUR HEARTS JACK,0.4286,0.0168,0.5546
SPADES EIGHT DIAMONDS EIGHT,0.281,0.058,0.661
SPADES TEN DIAMONDS QUEEN,0.346,0.0088,0.6452
SPADES TEN HEARTS TWO,0.426,0.0246,0.5494
SPADES JACK HEARTS EIGHT,0.372,0.0148,0.6132
CLUBS FOUR HEARTS TEN,0.4304,0.0296,0.54
SPADES NINE DIAMONDS EIGHT,0.2222,0.2278,0.55
SPADES TEN HEARTS EIGHT,0.358,0.023,0.619
SPADES JACK HEARTS TWO,0.4484,0.0142,0.5374
SPADES JACK DIAMONDS QUEEN,0.3444,0.0086,0.647
SPADES SIX DIAMONDS EIGHT,0.5898,0.0438,0.3664
SPADES SEVEN DIAMONDS EIGHT,0.6506,0.1014,0.248
SPADES ACE HEARTS TWO,0.4292,0.0032,0.5676
SPADES ACE DIAMONDS QUEEN,0.36,0.0042,0.6358
SPADES ACE HEARTS EIGHT,0.3874,0.0024,0.6102
SPADES KING HEARTS EIGHT,0.3932,0.0054,0.6014
SPADES QUEEN HEARTS TWO,0.4278,0.0122,0.56
SPADES QUEEN DIAMONDS QUEEN,0.182,0.0234,0.7946
SPADES KING DIAMONDS QUEEN,0.3362,0.0056,0.6582
SPADES KING HEARTS TWO,0.4348,0.0086,0.5566
SPADES QUEEN HEARTS EIGHT,0.379,0.0102,0.6108
CLUBS TWO HEARTS TEN,0.4424,0.0268,0.5308
CLUBS TWO HEARTS JACK,0.4364,0.0178,0.5458
SPADES SEVEN DIAMONDS NINE,0.0106,0.9736,0.0158
SPADES SIX DIAMONDS NINE,0.484,0.2962,0.2198
SPADES NINE DIAMONDS NINE,0.127,0.0664,0.8066
SPADES EIGHT DIAMONDS NINE,0.2174,0.237,0.5456
SPADES TEN CLUBS KING,0.3378,0.0058,0.6564
DIAMONDS NINE SPADES THREE,0.4902,0.2854,0.2244
SPADES JACK CLUBS KING,0.3606,0.007,0.6324
DIAMONDS NINE SPADES TWO,0.5044,0.279,0.2166
SPADES FIVE DIAMONDS NINE,0.482,0.2934,0.2246
DIAMONDS NINE SPADES FOUR,0.4784,0.294,0.2276
CLUBS EIGHT DIAMONDS NINE,0.213,0.2326,0.5544
CLUBS SIX DIAMONDS NINE,0.4882,0.2844,0.2274
SPADES JACK CLUBS FOUR,0.4282,0.0176,0.5542
CLUBS SEVEN DIAMONDS NINE,0.0088,0.9856,0.0056
SPADES TEN CLUBS FOUR,0.43,0.0286,0.5414
CLUBS FOUR DIAMONDS NINE,0.4946,0.2934,0.212
CLUBS FIVE DIAMONDS NINE,0.4792,0.2926,0.2282
CLUBS TWO DIAMONDS NINE,0.4854,0.301,0.2136
CLUBS THREE DIAMONDS NINE,0.4838,0.3016,0.2146
DIAMONDS NINE HEARTS EIGHT,0.2202,0.2284,0.5514
DIAMONDS NINE HEARTS NINE,0.12,0.0698,0.8102
HEARTS SIX DIAMONDS NINE,0.4878,0.2908,0.2214
HEARTS SEVEN DIAMONDS NINE,0.0102,0.9736,0.0162
DIAMONDS ACE DIAMONDS NINE,0.2566,0.0212,0.7222
HEARTS FOUR DIAMONDS NINE,0.4916,0.2956,0.2128
HEARTS FIVE DIAMONDS NINE,0.4678,0.2904,0.2418
HEARTS ACE CLUBS TWO,0.4316,0.0054,0.563
SPADES ACE CLUBS FOUR,0.4174,0.0032,0.5794
DIAMONDS NINE DIAMONDS QUEEN,0.226,0.0424,0.7316
HEARTS TWO DIAMONDS NINE,0.4708,0.3002,0.229
CLUBS TWO HEARTS KING,0.4418,0.0084,0.5498
SPADES KING CLUBS FOUR,0.438,0.008,0.554
DIAMONDS KING DIAMONDS NINE,0.2646,0.03,0.7054
HEARTS THREE DIAMONDS NINE,0.477,0.3044,0.2186
CLUBS TWO HEARTS QUEEN,0.4402,0.0092,0.5506
SPADES QUEEN CLUBS FOUR,0.4338,0.0128,0.5534
DIAMONDS NINE DIAMONDS JACK,0.2466,0.059,0.6944
CLUBS EIGHT SPADES NINE,0.2314,0.2264,0.5422
DIAMONDS TEN DIAMONDS NINE,0.2328,0.073,0.6942
CLUBS EIGHT SPADES EIGHT,0.2794,0.0596,0.661
CLUBS EIGHT SPADES SEVEN,0.6524,0.1018,0.2458
CLUBS EIGHT SPADES SIX,0.6064,0.0416,0.352
CLUBS EIGHT SPADES FIVE,0.6144,0.0414,0.3442
CLUBS EIGHT SPADES FOUR,0.628,0.0428,0.3292
CLUBS EIGHT SPADES THREE,0.6392,0.0426,0.3182
CLUBS EIGHT SPADES TWO,0.6322,0.0436,0.3242
HEARTS SIX DIAMONDS TEN,0.4104,0.0218,0.5678
HEARTS SEVEN DIAMONDS TEN,0.2402,0.075,0.6848
DIAMONDS TEN HEARTS EIGHT,0.347,0.0246,0.6284
CLUBS JACK CLUBS FOUR,0.416,0.0176,0.5664
DIAMONDS TEN HEARTS NINE,0.241,0.0774,0.6816
CLUBS TEN CLUBS FOUR,0.4088,0.0246,0.5666
CLUBS FOUR CLUBS KING,0.422,0.0078,0.5702
CLUBS FOUR CLUBS QUEEN,0.4048,0.0102,0.585
DIAMONDS TEN CLUBS TWO,0.439,0.029,0.532
CLUBS THREE DIAMONDS TEN,0.4368,0.0256,0.5376
CLUBS FOUR CLUBS ACE,0.4092,0.0038,0.587
DIAMONDS TEN DIAMONDS JACK,0.328,0.0154,0.6566
DIAMONDS TEN DIAMONDS QUEEN,0.3288,0.0112,0.66
HEARTS TWO DIAMONDS TEN,0.426,0.0268,0.5472
DIAMONDS KING DIAMONDS TEN,0.335,0.0066,0.6584
HEARTS THREE DIAMONDS TEN,0.427,0.032,0.541
DIAMONDS ACE DIAMONDS TEN,0.342,0.0038,0.6542
HEARTS FOUR DIAMONDS TEN,0.4272,0.0262,0.5466
CLUBS EIGHT HEARTS JACK,0.3784,0.015,0.6066
HEARTS FIVE DIAMONDS TEN,0.428,0.0276,0.5444
CLUBS EIGHT HEARTS TEN,0.3588,0.0262,0.615
CLUBS EIGHT HEARTS QUEEN,0.383,0.011,0.606
CLUBS EIGHT HEARTS KING,0.383,0.0076,0.6094
CLUBS EIGHT HEARTS ACE,0.3924,0.0064,0.6012
CLUBS TEN HEARTS EIGHT,0.3596,0.0282,0.6122
CLUBS JACK HEARTS EIGHT,0.3662,0.0178,0.616
HEARTS EIGHT CLUBS QUEEN,0.3824,0.0108,0.6068
CLUBS KING HEARTS EIGHT,0.3752,0.0062,0.6186
CLUBS ACE HEARTS EIGHT,0.3762,0.0038,0.62
SPADES KING CLUBS KING,0.1786,0.0132,0.8082
SPADES QUEEN CLUBS KING,0.3512,0.0048,0.644
SPADES ACE CLUBS KING,0.3556,0.0058,0.6386
DIAMONDS ACE HEARTS TEN,0.3496,0.004,0.6464
HEARTS FOUR HEARTS TEN,0.4108,0.0232,0.566
DIAMONDS ACE HEARTS JACK,0.3528,0.0038,0.6434
HEARTS FOUR HEARTS JACK,0.4124,0.0206,0.567
SPADES KING CLUBS FIVE,0.4358,0.0078,0.5564
SPADES QUEEN CLUBS FIVE,0.4232,0.0106,0.5662
SPADES ACE CLUBS FIVE,0.4086,0.0026,0.5888
HEARTS SEVEN DIAMONDS JACK,0.2584,0.0554,0.6862
HEARTS SIX DIAMONDS JACK,0.4232,0.015,0.5618
DIAMONDS JACK HEARTS NINE,0.2606,0.0564,0.683
DIAMONDS JACK HEARTS EIGHT,0.3568,0.017,0.6262
DIAMONDS KING DIAMONDS JACK,0.3314,0.0072,0.6614
HEARTS THREE DIAMONDS JACK,0.4224,0.019,0.5586
SPADES ACE SPADES SIX,0.4064,0.0036,0.59
HEARTS ACE SPADES FOUR,0.43,0.0032,0.5668
DIAMONDS QUEEN DIAMONDS JACK,0.322,0.0132,0.6648
HEARTS TWO DIAMONDS JACK,0.4352,0.0124,0.5524
HEARTS FIVE DIAMONDS JACK,0.413,0.0158,0.5712
SPADES QUEEN SPADES SIX,0.3952,0.01,0.5948
SPADES FOUR HEARTS QUEEN,0.4414,0.0106,0.548
DIAMONDS ACE DIAMONDS JACK,0.3388,0.0044,0.6568
HEARTS FOUR DIAMONDS JACK,0.4194,0.0182,0.5624
SPADES KING SPADES SIX,0.396,0.0058,0.5982
SPADES FOUR HEARTS KING,0.43,0.0052,0.5648
SPADES TEN SPADES SIX,0.395,0.0268,0.5782
SPADES JACK SPADES SIX,0.4064,0.0144,0.5792
SPADES FOUR DIAMONDS JACK,0.4416,0.0168,0.5416
SPADES FIVE DIAMONDS JACK,0.4192,0.0156,0.5652
DIAMONDS JACK SPADES TWO,0.4254,0.0172,0.5574
SPADES THREE DIAMONDS JACK,0.4186,0.0204,0.561
SPADES ACE DIAMONDS THREE,0.4204,0.0054,0.5742
SPADES QUEEN DIAMONDS THREE,0.44,0.0098,0.5502
CLUBS EIGHT DIAMONDS JACK,0.3802,0.0188,0.601
SPADES KING DIAMONDS THREE,0.438,0.0098,0.5522
CLUBS SIX DIAMONDS JACK,0.4224,0.0168,0.5608
CLUBS SEVEN DIAMONDS JACK,0.2674,0.0566,0.676
CLUBS FOUR DIAMONDS JACK,0.4284,0.0174,0.5542
CLUBS FIVE DIAMONDS JACK,0.4278,0.019,0.5532
CLUBS TWO DIAMONDS JACK,0.445,0.019,0.536
CLUBS THREE DIAMONDS JACK,0.447,0.0166,0.5364
SPADES TEN CLUBS FIVE,0.4292,0.0214,0.5494
SPADES JACK HEARTS SIX,0.4244,0.015,0.5606
HEARTS SIX SPADES TEN,0.406,0.0218,0.5722
SPADES JACK CLUBS FIVE,0.416,0.018,0.566
SPADES JACK DIAMONDS THREE,0.4358,0.0154,0.5488
CLUBS SEVEN CLUBS ACE,0.2662,0.0232,0.7106
DIAMONDS THREE SPADES TEN,0.4262,0.0276,0.5462
CLUBS SEVEN CLUBS QUEEN,0.2724,0.0378,0.6898
CLUBS SEVEN CLUBS KING,0.2728,0.0302,0.697
SPADES NINE DIAMONDS JACK,0.248,0.0538,0.6982
CLUBS TEN CLUBS SEVEN,0.253,0.0712,0.6758
DIAMONDS ACE HEARTS ACE,0.175,0.0032,0.8218
HEARTS FOUR HEARTS ACE,0.4146,0.0032,0.5822
SPADES EIGHT DIAMONDS JACK,0.372,0.0158,0.6122
SPADES ACE HEARTS SIX,0.409,0.002,0.589
CLUBS JACK CLUBS SEVEN,0.2592,0.0548,0.686
DIAMONDS ACE HEARTS KING,0.3508,0.002,0.6472
HEARTS FOUR HEARTS KING,0.4116,0.0072,0.5812
SPADES SEVEN DIAMONDS JACK,0.2766,0.0514,0.672
SPADES KING HEARTS SIX,0.414,0.0078,0.5782
DIAMONDS ACE HEARTS QUEEN,0.357,0.0028,0.6402
HEARTS FOUR HEARTS QUEEN,0.402,0.0128,0.5852
SPADES QUEEN HEARTS SIX,0.4152,0.0104,0.5744
SPADES SIX DIAMONDS JACK,0.415,0.014,0.571
DIAMONDS TEN SPADES TWO,0.445,0.0272,0.5278
DIAMONDS TEN SPADES THREE,0.4232,0.0298,0.547
DIAMONDS TEN SPADES FOUR,0.4344,0.0258,0.5398
DIAMONDS TEN SPADES FIVE,0.416,0.0282,0.5558
SPADES SIX DIAMONDS TEN,0.408,0.0214,0.5706
SPADES SEVEN DIAMONDS TEN,0.2424,0.0704,0.6872
SPADES EIGHT DIAMONDS TEN,0.3492,0.0252,0.6256
SPADES NINE DIAMONDS TEN,0.23,0.0756,0.6944
CLUBS FOUR DIAMONDS TEN,0.4294,0.0274,0.5432
CLUBS FIVE DIAMONDS TEN,0.4084,0.03,0.5616
CLUBS SIX DIAMONDS TEN,0.398,0.0246,0.5774
CLUBS SEVEN DIAMONDS TEN,0.2488,0.0746,0.6766
CLUBS EIGHT DIAMONDS TEN,0.356,0.0272,0.6168
CLUBS JACK DIAMONDS THREE,0.4334,0.0146,0.552
CLUBS TEN DIAMONDS THREE,0.4364,0.0288,0.5348
DIAMONDS THREE CLUBS KING,0.4242,0.0082,0.5676
DIAMONDS THREE CLUBS QUEEN,0.4388,0.0128,0.5484
DIAMONDS THREE CLUBS ACE,0.4132,0.0044,0.5824
SPADES FOUR HEARTS JACK,0.4212,0.0198,0.559
SPADES FOUR HEARTS TEN,0.4338,0.0272,0.539
SPADES FIVE SPADES TWO,0.577,0.037,0.386
SPADES FOUR SPADES TWO,0.5814,0.0402,0.3784
SPADES THREE SPADES TWO,0.5802,0.0402,0.3796
SPADES NINE SPADES TWO,0.456,0.284,0.26
SPADES EIGHT SPADES TWO,0.5892,0.0408,0.37
SPADES SEVEN SPADES TWO,0.621,0.1054,0.2736
SPADES SIX SPADES TWO,0.6048,0.0404,0.3548
CLUBS THREE DIAMONDS QUEEN,0.4284,0.0128,0.5588
CLUBS THREE HEARTS TWO,0.6166,0.0426,0.3408
CLUBS TWO DIAMONDS QUEEN,0.426,0.0116,0.5624
HEARTS TWO CLUBS TWO,0.4426,0.0692,0.4882
HEARTS SEVEN DIAMONDS QUEEN,0.2866,0.0394,0.674
HEARTS SEVEN HEARTS TWO,0.625,0.1082,0.2668
HEARTS SIX DIAMONDS QUEEN,0.4062,0.01,0.5838
HEARTS SIX HEARTS TWO,0.5978,0.0416,0.3606
DIAMONDS QUEEN HEARTS NINE,0.2602,0.045,0.6948
HEARTS TWO HEARTS NINE,0.4734,0.2652,0.2614
DIAMONDS QUEEN HEARTS EIGHT,0.368,0.0086,0.6234
HEARTS TWO HEARTS EIGHT,0.6012,0.0388,0.36
CLUBS EIGHT HEARTS TWO,0.6378,0.0434,0.3188
CLUBS EIGHT DIAMONDS QUEEN,0.3784,0.0132,0.6084
CLUBS FIVE DIAMONDS QUEEN,0.4176,0.0104,0.572
CLUBS FIVE HEARTS TWO,0.624,0.0436,0.3324
SPADES EIGHT HEARTS ACE,0.392,0.0028,0.6052
CLUBS FOUR DIAMONDS QUEEN,0.43,0.0126,0.5574
CLUBS FOUR HEARTS TWO,0.639,0.0334,0.3276
CLUBS SEVEN DIAMONDS QUEEN,0.2774,0.0446,0.678
CLUBS SEVEN HEARTS TWO,0.675,0.1188,0.2062
SPADES EIGHT HEARTS QUEEN,0.3712,0.0094,0.6194
CLUBS SIX DIAMONDS QUEEN,0.4164,0.0104,0.5732
CLUBS SIX HEARTS TWO,0.6484,0.039,0.3126
SPADES EIGHT HEARTS KING,0.3888,0.0054,0.6058
HEARTS TWO SPADES SIX,0.644,0.041,0.315
SPADES SIX DIAMONDS QUEEN,0.4188,0.0134,0.5678
HEARTS FOUR CLUBS QUEEN,0.4354,0.0096,0.555
DIAMONDS ACE CLUBS QUEEN,0.345,0.005,0.65
SPADES SEVEN DIAMONDS QUEEN,0.2704,0.0424,0.6872
SPADES SEVEN HEARTS TWO,0.6712,0.1078,0.221
HEARTS FOUR CLUBS KING,0.418,0.0092,0.5728
DIAMONDS ACE CLUBS KING,0.3608,0.0032,0.636
SPADES EIGHT DIAMONDS QUEEN,0.3792,0.0108,0.61
SPADES EIGHT HEARTS TWO,0.633,0.0416,0.3254
HEARTS FOUR CLUBS ACE,0.412,0.0042,0.5838
DIAMONDS ACE CLUBS ACE,0.162,0.005,0.833
SPADES NINE DIAMONDS QUEEN,0.2506,0.045,0.7044
SPADES NINE HEARTS TWO,0.5106,0.2746,0.2148
HEARTS TWO SPADES TWO,0.429,0.0634,0.5076
DIAMONDS QUEEN SPADES TWO,0.4288,0.0134,0.5578
HEARTS TWO SPADES THREE,0.6112,0.0434,0.3454
DIAMONDS QUEEN SPADES THREE,0.4272,0.0158,0.557
HEARTS TWO SPADES FOUR,0.6286,0.0388,0.3326
SPADES FOUR DIAMONDS QUEEN,0.4252,0.0076,0.5672
CLUBS TEN HEARTS FOUR,0.4172,0.0286,0.5542
CLUBS TEN DIAMONDS ACE,0.3514,0.0042,0.6444
HEARTS TWO SPADES FIVE,0.614,0.0382,0.3478
SPADES FIVE DIAMONDS QUEEN,0.4136,0.013,0.5734
CLUBS JACK HEARTS FOUR,0.4222,0.0188,0.559
CLUBS JACK DIAMONDS ACE,0.3558,0.0034,0.6408
CLUBS FIVE CLUBS KING,0.4092,0.0088,0.582
CLUBS FIVE CLUBS QUEEN,0.4028,0.01,0.5872
CLUBS FIVE CLUBS ACE,0.3898,0.005,0.6052
CLUBS JACK CLUBS FIVE,0.382,0.0164,0.6016
CLUBS TEN CLUBS FIVE,0.4088,0.03,0.5612
SPADES KING CLUBS JACK,0.3546,0.0062,0.6392
CLUBS JACK SPADES QUEEN,0.3402,0.0072,0.6526
SPADES ACE CLUBS JACK,0.3456,0.0036,0.6508
SPADES SIX CLUBS KING,0.4052,0.0058,0.589
SPADES SIX CLUBS QUEEN,0.4234,0.0106,0.566
SPADES EIGHT HEARTS JACK,0.3794,0.0146,0.606
SPADES SIX CLUBS ACE,0.4084,0.0036,0.588
SPADES EIGHT HEARTS TEN,0.3554,0.0282,0.6164
CLUBS JACK SPADES SIX,0.4156,0.0174,0.567
CLUBS TEN SPADES SIX,0.4064,0.0256,0.568
CLUBS JACK SPADES TEN,0.3214,0.015,0.6636
CLUBS JACK SPADES JACK,0.172,0.0288,0.7992
SPADES QUEEN CLUBS SEVEN,0.3,0.045,0.655
SPADES KING CLUBS SEVEN,0.2834,0.0346,0.682
SPADES ACE CLUBS SEVEN,0.2734,0.0238,0.7028
SPADES SIX HEARTS TEN,0.4102,0.0246,0.5652
SPADES SIX HEARTS JACK,0.4206,0.0154,0.564
SPADES SIX HEARTS ACE,0.4096,0.0034,0.587
SPADES SIX HEARTS KING,0.4236,0.0062,0.5702
SPADES SIX HEARTS QUEEN,0.4118,0.0102,0.578
CLUBS SEVEN SPADES JACK,0.2636,0.0572,0.6792
CLUBS SEVEN SPADES TEN,0.2456,0.0774,0.677
CLUBS TEN HEARTS SIX,0.4016,0.0238,0.5746
CLUBS JACK HEARTS SIX,0.4166,0.0176,0.5658
CLUBS JACK CLUBS ACE,0.3496,0.0032,0.6472
HEARTS SIX CLUBS QUEEN,0.426,0.0102,0.5638
HEARTS SIX CLUBS KING,0.4146,0.0056,0.5798
HEARTS SIX CLUBS ACE,0.4138,0.0042,0.582
CLUBS JACK CLUBS QUEEN,0.333,0.0092,0.6578
CLUBS JACK CLUBS KING,0.3256,0.007,0.6674
DIAMONDS THREE HEARTS ACE,0.4242,0.0036,0.5722
DIAMONDS THREE HEARTS QUEEN,0.448,0.0134,0.5386
DIAMONDS THREE HEARTS KING,0.4264,0.008,0.5656
CLUBS FIVE HEARTS JACK,0.4118,0.017,0.5712
SPADES TEN DIAMONDS ACE,0.3502,0.0036,0.6462
HEARTS FOUR SPADES TEN,0.438,0.024,0.538
CLUBS FIVE HEARTS TEN,0.4288,0.028,0.5432
HEARTS FOUR SPADES JACK,0.422,0.0182,0.5598
SPADES JACK DIAMONDS ACE,0.3616,0.0038,0.6346
SPADES ACE HEARTS FOUR,0.4142,0.0028,0.583
SPADES ACE DIAMONDS ACE,0.166,0.0044,0.8296
CLUBS FIVE HEARTS ACE,0.4172,0.004,0.5788
CLUBS FIVE HEARTS KING,0.4364,0.0088,0.5548
HEARTS FOUR SPADES QUEEN,0.4354,0.0102,0.5544
SPADES QUEEN DIAMONDS ACE,0.3452,0.0036,0.6512
CLUBS JACK SPADES FOUR,0.4302,0.0152,0.5546
CLUBS FIVE HEARTS QUEEN,0.4252,0.0102,0.5646
SPADES KING DIAMONDS ACE,0.3556,0.0036,0.6408
SPADES KING HEARTS FOUR,0.438,0.007,0.555
CLUBS TEN SPADES FOUR,0.4274,0.0272,0.5454
DIAMONDS ACE DIAMONDS QUEEN,0.334,0.0036,0.6624
DIAMONDS ACE HEARTS TWO,0.418,0.0036,0.5784
HEARTS FOUR DIAMONDS QUEEN,0.4276,0.0112,0.5612
HEARTS FOUR HEARTS TWO,0.5888,0.0362,0.375
DIAMONDS THREE HEARTS TEN,0.4338,0.0274,0.5388
SPADES FOUR CLUBS KING,0.4306,0.0072,0.5622
HEARTS FIVE DIAMONDS QUEEN,0.4268,0.011,0.5622
HEARTS FIVE HEARTS TWO,0.5824,0.0376,0.38
DIAMONDS THREE HEARTS JACK,0.4222,0.017,0.5608
SPADES FOUR CLUBS QUEEN,0.438,0.0122,0.5498
HEARTS TWO DIAMONDS QUEEN,0.4442,0.0122,0.5436
DIAMONDS KING DIAMONDS QUEEN,0.3392,0.0056,0.6552
DIAMONDS KING HEARTS TWO,0.4322,0.0112,0.5566
HEARTS THREE DIAMONDS QUEEN,0.424,0.011,0.565
HEARTS THREE HEARTS TWO,0.5914,0.0366,0.372
SPADES FOUR CLUBS ACE,0.4164,0.0046,0.579
HEARTS TWO CLUBS ACE,0.4184,0.0056,0.576
DIAMONDS QUEEN CLUBS ACE,0.3426,0.005,0.6524
HEARTS TWO CLUBS QUEEN,0.4312,0.013,0.5558
DIAMONDS QUEEN CLUBS QUEEN,0.1716,0.0196,0.8088
HEARTS TWO CLUBS KING,0.4366,0.0068,0.5566
DIAMONDS QUEEN CLUBS KING,0.3416,0.0056,0.6528
SPADES EIGHT SPADES FIVE,0.5636,0.0378,0.3986
CLUBS TEN HEARTS TWO,0.434,0.025,0.541
CLUBS TEN DIAMONDS QUEEN,0.3314,0.0088,0.6598
SPADES NINE SPADES FIVE,0.46,0.2738,0.2662
CLUBS JACK HEARTS TWO,0.4338,0.0162,0.55
CLUBS JACK DIAMONDS QUEEN,0.3242,0.0104,0.6654
SPADES SIX SPADES FIVE,0.5726,0.0414,0.386
SPADES SEVEN SPADES FIVE,0.5982,0.1018,0.3
DIAMONDS FIVE CLUBS QUEEN,0.414,0.0084,0.5776
SPADES EIGHT CLUBS ACE,0.3884,0.0036,0.608
DIAMONDS FIVE CLUBS KING,0.4154,0.0072,0.5774
SPADES EIGHT CLUBS KING,0.3928,0.0066,0.6006
DIAMONDS FIVE CLUBS ACE,0.4192,0.0056,0.5752
SPADES EIGHT CLUBS QUEEN,0.3796,0.01,0.6104
CLUBS JACK SPADES EIGHT,0.3586,0.0172,0.6242
CLUBS TEN SPADES EIGHT,0.352,0.0282,0.6198
CLUBS TEN DIAMONDS FIVE,0.427,0.0292,0.5438
CLUBS JACK DIAMONDS FIVE,0.4184,0.0172,0.5644
DIAMONDS TEN HEARTS JACK,0.3454,0.016,0.6386
DIAMONDS TEN HEARTS TEN,0.1632,0.0394,0.7974
HEARTS SIX HEARTS KING,0.3966,0.008,0.5954
DIAMONDS KING SPADES SEVEN,0.2768,0.038,0.6852
HEARTS THREE SPADES SEVEN,0.663,0.099,0.238
HEARTS SIX HEARTS QUEEN,0.3912,0.009,0.5998
HEARTS THREE SPADES SIX,0.632,0.0428,0.3252
DIAMONDS KING SPADES SIX,0.41,0.0066,0.5834
SPADES NINE DIAMONDS KING,0.2802,0.031,0.6888
SPADES NINE HEARTS THREE,0.4894,0.2858,0.2248
HEARTS SIX HEARTS ACE,0.3908,0.0048,0.6044
DIAMONDS KING SPADES EIGHT,0.381,0.0084,0.6106
SPADES EIGHT HEARTS THREE,0.6342,0.0404,0.3254
CLUBS EIGHT HEARTS THREE,0.6378,0.0394,0.3228
CLUBS EIGHT DIAMONDS KING,0.3806,0.0062,0.6132
HEARTS THREE SPADES THREE,0.4222,0.0696,0.5082
DIAMONDS KING SPADES THREE,0.4328,0.0106,0.5566
HEARTS THREE SPADES TWO,0.6212,0.0452,0.3336
DIAMONDS KING SPADES TWO,0.4262,0.0092,0.5646
HEARTS THREE SPADES FIVE,0.609,0.043,0.348
