opposingHand,winningChance,drawChance,lostChance
CLUBS KING DIAMONDS SIX
SPADES SIX HEARTS QUEEN,0.7198,0.037,0.2432
DIAMONDS THREE SPADES SEVEN,0.63,0.0096,0.3604
HEARTS SEVEN HEARTS TWO,0.6066,0.0074,0.386
DIAMONDS TWO CLUBS EIGHT,0.6528,0.0092,0.338
HEARTS THREE CLUBS QUEEN,0.639,0.0066,0.3544
SPADES NINE DIAMONDS ACE,0.3442,0.0032,0.6526
HEARTS FIVE HEARTS NINE,0.5932,0.0068,0.4
SPADES FIVE DIAMONDS TEN,0.6278,0.0082,0.364
HEARTS SEVEN HEARTS NINE,0.5312,0.0078,0.461
CLUBS THREE SPADES FOUR,0.6466,0.0068,0.3466
HEARTS KING HEARTS EIGHT,0.2206,0.226,0.5534
SPADES ACE SPADES THREE,0.3608,0.0048,0.6344
SPADES ACE DIAMONDS NINE,0.3488,0.0052,0.646
CLUBS TWO DIAMONDS JACK,0.6346,0.0088,0.3566
SPADES KING DIAMONDS FIVE,0.3908,0.3834,0.2258
CLUBS THREE DIAMONDS EIGHT,0.6388,0.0092,0.352
HEARTS THREE SPADES SEVEN,0.6296,0.0084,0.362
DIAMONDS QUEEN SPADES THREE,0.642,0.0088,0.3492
CLUBS TWO DIAMONDS QUEEN,0.6236,0.0106,0.3658
HEARTS SIX SPADES THREE,0.7076,0.038,0.2544
CLUBS TWO HEARTS ACE,0.4044,0.0044,0.5912
CLUBS SEVEN SPADES SIX,0.6712,0.035,0.2938
CLUBS SEVEN HEARTS TEN,0.599,0.0072,0.3938
SPADES KING SPADES NINE,0.2256,0.1556,0.6188
SPADES EIGHT DIAMONDS SEVEN,0.5682,0.0072,0.4246
CLUBS TWO HEARTS TEN,0.6294,0.0092,0.3614
HEARTS FOUR CLUBS TWO,0.6434,0.008,0.3486
HEARTS FIVE DIAMONDS FOUR,0.6152,0.0104,0.3744
CLUBS SEVEN SPADES SEVEN,0.328,0.0144,0.6576
CLUBS EIGHT HEARTS TWO,0.6544,0.009,0.3366
CLUBS TEN CLUBS THREE,0.6196,0.008,0.3724
SPADES ACE SPADES TEN,0.3298,0.003,0.6672
HEARTS SIX DIAMONDS ACE,0.2234,0.0306,0.746
SPADES KING CLUBS FIVE,0.3918,0.3918,0.2164
CLUBS NINE CLUBS JACK,0.526,0.005,0.469
HEARTS JACK DIAMONDS EIGHT,0.5754,0.0078,0.4168
SPADES ACE CLUBS THREE,0.393,0.0046,0.6024
DIAMONDS TWO CLUBS FIVE,0.6636,0.0074,0.329
HEARTS FOUR DIAMONDS ACE,0.3886,0.0046,0.6068
SPADES JACK SPADES SEVEN,0.5548,0.0062,0.439
CLUBS ACE HEARTS NINE,0.3462,0.0038,0.65
DIAMONDS KING SPADES FOUR,0.3792,0.393,0.2278
SPADES NINE CLUBS QUEEN,0.573,0.0058,0.4212
CLUBS THREE HEARTS ACE,0.402,0.0028,0.5952
SPADES ACE HEARTS EIGHT,0.3654,0.0036,0.631
CLUBS EIGHT HEARTS EIGHT,0.3346,0.0124,0.653
HEARTS FOUR DIAMONDS FIVE,0.609,0.009,0.382
DIAMONDS QUEEN CLUBS QUEEN,0.28,0.0018,0.7182
CLUBS EIGHT HEARTS FIVE,0.621,0.0082,0.3708
HEARTS THREE SPADES FIVE,0.6276,0.007,0.3654
CLUBS ACE CLUBS QUEEN,0.3314,0.0044,0.6642
DIAMONDS THREE HEARTS KING,0.404,0.3764,0.2196
HEARTS SIX CLUBS SEVEN,0.6728,0.0332,0.294
CLUBS TWO HEARTS EIGHT,0.6414,0.0064,0.3522
SPADES SEVEN DIAMONDS FIVE,0.607,0.0064,0.3866
SPADES FIVE DIAMONDS SEVEN,0.5926,0.0082,0.3992
HEARTS JACK HEARTS EIGHT,0.5336,0.0076,0.4588
CLUBS NINE HEARTS ACE,0.372,0.0026,0.6254
DIAMONDS THREE SPADES TEN,0.6376,0.0072,0.3552
CLUBS SEVEN HEARTS FOUR,0.6184,0.0088,0.3728
HEARTS FOUR SPADES FOUR,0.4384,0.016,0.5456
HEARTS FOUR SPADES NINE,0.6382,0.0064,0.3554
CLUBS FOUR DIAMONDS FIVE,0.6222,0.0112,0.3666
DIAMONDS KING CLUBS TWO,0.3992,0.3918,0.209
SPADES KING HEARTS FIVE,0.395,0.3874,0.2176
CLUBS TWO HEARTS QUEEN,0.6422,0.0072,0.3506
HEARTS QUEEN HEARTS TEN,0.5154,0.0074,0.4772
DIAMONDS TWO DIAMONDS NINE,0.5924,0.0094,0.3982
HEARTS JACK DIAMONDS FIVE,0.627,0.0064,0.3666
SPADES JACK SPADES TWO,0.5928,0.0072,0.4
DIAMONDS EIGHT CLUBS ACE,0.341,0.0042,0.6548
HEARTS FIVE DIAMONDS QUEEN,0.6328,0.007,0.3602
CLUBS SEVEN HEARTS ACE,0.365,0.0034,0.6316
HEARTS FOUR CLUBS FOUR,0.4428,0.0168,0.5404
HEARTS KING DIAMONDS FOUR,0.4094,0.372,0.2186
SPADES ACE CLUBS JACK,0.3544,0.0054,0.6402
CLUBS NINE CLUBS SIX,0.6812,0.0348,0.284
SPADES FIVE SPADES THREE,0.6054,0.0086,0.386
HEARTS JACK HEARTS TEN,0.497,0.007,0.496
CLUBS NINE DIAMONDS QUEEN,0.5722,0.0068,0.421
HEARTS SEVEN DIAMONDS FOUR,0.619,0.0072,0.3738
SPADES JACK SPADES SIX,0.6724,0.0356,0.292
DIAMONDS ACE SPADES THREE,0.3842,0.005,0.6108
SPADES THREE DIAMONDS EIGHT,0.6356,0.0076,0.3568
DIAMONDS JACK SPADES TWO,0.6134,0.0056,0.381
CLUBS TEN HEARTS THREE,0.6328,0.0084,0.3588
HEARTS ACE DIAMONDS SEVEN,0.3614,0.0042,0.6344
DIAMONDS THREE DIAMONDS NINE,0.603,0.0092,0.3878
SPADES TEN DIAMONDS TEN,0.3052,0.0072,0.6876
SPADES ACE HEARTS SIX,0.2286,0.0292,0.7422
CLUBS SEVEN CLUBS JACK,0.5574,0.007,0.4356
HEARTS ACE DIAMONDS NINE,0.3566,0.0044,0.639
HEARTS SEVEN HEARTS FOUR,0.5772,0.0076,0.4152
SPADES EIGHT HEARTS TEN,0.5754,0.0084,0.4162
CLUBS SEVEN DIAMONDS JACK,0.5886,0.008,0.4034
HEARTS SIX HEARTS KING,0.0206,0.9046,0.0748
HEARTS TEN DIAMONDS FIVE,0.6424,0.0072,0.3504
SPADES TEN SPADES FOUR,0.592,0.0088,0.3992
DIAMONDS JACK DIAMONDS TEN,0.5064,0.0052,0.4884
CLUBS SEVEN DIAMONDS NINE,0.5886,0.0072,0.4042
CLUBS SIX HEARTS TWO,0.7198,0.0462,0.234
CLUBS FOUR DIAMONDS NINE,0.6358,0.0078,0.3564
HEARTS THREE SPADES NINE,0.6364,0.0072,0.3564
HEARTS FIVE CLUBS FIVE,0.4278,0.0134,0.5588
SPADES QUEEN SPADES SIX,0.6934,0.034,0.2726
DIAMONDS QUEEN HEARTS TEN,0.5564,0.0066,0.437
SPADES ACE HEARTS TEN,0.3502,0.004,0.6458
SPADES SIX CLUBS ACE,0.2242,0.035,0.7408
SPADES FOUR CLUBS JACK,0.6248,0.0056,0.3696
HEARTS SEVEN CLUBS QUEEN,0.6042,0.0076,0.3882
DIAMONDS TWO HEARTS KING,0.3892,0.3802,0.2306
DIAMONDS ACE SPADES FIVE,0.3692,0.0042,0.6266
SPADES KING HEARTS KING,0.0772,0.012,0.9108
HEARTS FIVE DIAMONDS EIGHT,0.6092,0.0064,0.3844
CLUBS SEVEN HEARTS KING,0.2234,0.2968,0.4798
SPADES QUEEN HEARTS ACE,0.3472,0.0036,0.6492
CLUBS NINE HEARTS SIX,0.6978,0.0406,0.2616
CLUBS EIGHT SPADES EIGHT,0.331,0.0114,0.6576
SPADES ACE HEARTS NINE,0.3676,0.003,0.6294
HEARTS THREE DIAMONDS QUEEN,0.6248,0.009,0.3662
DIAMONDS TWO SPADES TEN,0.634,0.0098,0.3562
CLUBS FIVE SPADES SIX,0.6822,0.0396,0.2782
HEARTS FOUR CLUBS SIX,0.6964,0.0394,0.2642
HEARTS FIVE HEARTS EIGHT,0.5852,0.0074,0.4074
HEARTS THREE DIAMONDS NINE,0.6214,0.0096,0.369
HEARTS THREE SPADES FOUR,0.628,0.01,0.362
SPADES TWO HEARTS JACK,0.6354,0.0074,0.3572
HEARTS THREE SPADES SIX,0.7088,0.0398,0.2514
CLUBS SIX DIAMONDS QUEEN,0.7318,0.0422,0.226
HEARTS ACE SPADES THREE,0.4002,0.0046,0.5952
SPADES KING DIAMONDS ACE,0.2184,0.0114,0.7702
HEARTS FOUR HEARTS NINE,0.5876,0.0098,0.4026
CLUBS TEN DIAMONDS THREE,0.6464,0.0104,0.3432
DIAMONDS THREE CLUBS THREE,0.4562,0.0138,0.53
HEARTS THREE CLUBS TWO,0.6524,0.0104,0.3372
CLUBS TWO SPADES THREE,0.647,0.008,0.345
SPADES TEN CLUBS FOUR,0.639,0.007,0.354
SPADES KING CLUBS JACK,0.2388,0.0834,0.6778
CLUBS TEN HEARTS FIVE,0.6388,0.0086,0.3526
DIAMONDS THREE SPADES KING,0.3964,0.3868,0.2168
CLUBS NINE SPADES THREE,0.6426,0.0068,0.3506
SPADES KING CLUBS FOUR,0.4092,0.3806,0.2102
HEARTS FOUR CLUBS ACE,0.3734,0.0054,0.6212
CLUBS FIVE DIAMONDS KING,0.3766,0.392,0.2314
HEARTS FOUR HEARTS JACK,0.582,0.0058,0.4122
DIAMONDS KING HEARTS JACK,0.2342,0.0888,0.677
HEARTS TWO CLUBS ACE,0.39,0.0046,0.6054
CLUBS EIGHT HEARTS ACE,0.3614,0.0046,0.634
CLUBS NINE DIAMONDS TEN,0.559,0.007,0.434
CLUBS SIX CLUBS JACK,0.6944,0.0358,0.2698
HEARTS KING HEARTS NINE,0.226,0.155,0.619
SPADES ACE HEARTS KING,0.2318,0.0126,0.7556
CLUBS TEN SPADES NINE,0.556,0.0058,0.4382
CLUBS SEVEN DIAMONDS FIVE,0.6122,0.0076,0.3802
SPADES QUEEN CLUBS SIX,0.725,0.0428,0.2322
CLUBS EIGHT SPADES SIX,0.688,0.0348,0.2772
SPADES SEVEN CLUBS THREE,0.6228,0.0072,0.37
SPADES TEN HEARTS ACE,0.3496,0.0026,0.6478
CLUBS TWO DIAMONDS FOUR,0.6618,0.0068,0.3314
DIAMONDS THREE HEARTS JACK,0.6354,0.006,0.3586
DIAMONDS KING HEARTS KING,0.0732,0.0132,0.9136
HEARTS SEVEN DIAMONDS NINE,0.5736,0.0076,0.4188
SPADES ACE SPADES QUEEN,0.3396,0.0038,0.6566
SPADES ACE SPADES JACK,0.3342,0.0034,0.6624
CLUBS EIGHT CLUBS FIVE,0.585,0.008,0.407
SPADES ACE CLUBS SEVEN,0.3604,0.0044,0.6352
SPADES JACK DIAMONDS NINE,0.5438,0.0066,0.4496
CLUBS QUEEN DIAMONDS FIVE,0.6334,0.0082,0.3584
DIAMONDS JACK DIAMONDS FIVE,0.5996,0.0052,0.3952
HEARTS KING DIAMONDS TEN,0.2312,0.1182,0.6506
SPADES JACK DIAMONDS EIGHT,0.5792,0.0062,0.4146
SPADES NINE DIAMONDS NINE,0.3076,0.0088,0.6836
SPADES ACE SPADES TWO,0.3592,0.0056,0.6352
SPADES QUEEN DIAMONDS NINE,0.5784,0.005,0.4166
HEARTS SEVEN HEARTS KING,0.2174,0.282,0.5006
HEARTS SEVEN DIAMONDS JACK,0.5898,0.006,0.4042
SPADES ACE SPADES EIGHT,0.3354,0.0036,0.661
HEARTS TWO SPADES TWO,0.4558,0.0158,0.5284
CLUBS EIGHT SPADES JACK,0.584,0.0054,0.4106
CLUBS JACK DIAMONDS FOUR,0.6306,0.0098,0.3596
SPADES TEN SPADES SIX,0.662,0.0344,0.3036
SPADES TEN HEARTS TEN,0.307,0.0048,0.6882
HEARTS TWO DIAMONDS KING,0.3966,0.3798,0.2236
HEARTS ACE HEARTS QUEEN,0.3282,0.004,0.6678
CLUBS SEVEN HEARTS JACK,0.5914,0.0068,0.4018
HEARTS TWO DIAMONDS JACK,0.6284,0.0086,0.363
CLUBS FIVE CLUBS ACE,0.3556,0.0044,0.64
SPADES KING CLUBS TWO,0.4048,0.3744,0.2208
HEARTS TWO SPADES FOUR,0.6448,0.0094,0.3458
DIAMONDS NINE SPADES TWO,0.6378,0.007,0.3552
SPADES ACE DIAMONDS FOUR,0.3744,0.0036,0.622
HEARTS SEVEN DIAMONDS ACE,0.355,0.0038,0.6412
DIAMONDS NINE CLUBS QUEEN,0.5572,0.0084,0.4344
CLUBS FIVE HEARTS ACE,0.3832,0.006,0.6108
SPADES TEN SPADES THREE,0.6002,0.0072,0.3926
CLUBS NINE SPADES SIX,0.7116,0.0348,0.2536
SPADES NINE HEARTS NINE,0.315,0.0084,0.6766
HEARTS SIX SPADES SIX,0.3078,0.0348,0.6574
DIAMONDS THREE HEARTS THREE,0.451,0.015,0.534
SPADES KING DIAMONDS TEN,0.231,0.1112,0.6578
DIAMONDS SEVEN DIAMONDS FIVE,0.5692,0.0094,0.4214
SPADES SEVEN DIAMONDS JACK,0.5822,0.0052,0.4126
DIAMONDS THREE DIAMONDS FIVE,0.5962,0.0084,0.3954
SPADES QUEEN SPADES SEVEN,0.5644,0.0072,0.4284
SPADES NINE HEARTS KING,0.2318,0.1616,0.6066
CLUBS EIGHT DIAMONDS JACK,0.5714,0.0076,0.421
HEARTS QUEEN HEARTS NINE,0.5352,0.0052,0.4596
HEARTS SIX HEARTS NINE,0.6538,0.0294,0.3168
DIAMONDS ACE CLUBS TWO,0.3908,0.0058,0.6034
SPADES JACK CLUBS SEVEN,0.5946,0.008,0.3974
SPADES QUEEN HEARTS QUEEN,0.2766,0.0036,0.7198
HEARTS QUEEN DIAMONDS NINE,0.572,0.007,0.421
CLUBS TEN HEARTS EIGHT,0.581,0.008,0.411
DIAMONDS THREE HEARTS QUEEN,0.6434,0.0072,0.3494
HEARTS TWO SPADES SIX,0.7198,0.0432,0.237
CLUBS TEN CLUBS NINE,0.5238,0.0078,0.4684
SPADES JACK HEARTS EIGHT,0.5764,0.0066,0.417
DIAMONDS TEN DIAMONDS FOUR,0.5968,0.0086,0.3946
DIAMONDS THREE CLUBS FIVE,0.634,0.008,0.358
HEARTS FOUR DIAMONDS EIGHT,0.6342,0.0094,0.3564
CLUBS TEN DIAMONDS FOUR,0.6338,0.0082,0.358
HEARTS TEN HEARTS EIGHT,0.545,0.0048,0.4502
HEARTS SEVEN DIAMONDS SEVEN,0.3124,0.0146,0.673
DIAMONDS ACE DIAMONDS NINE,0.3492,0.0046,0.6462
HEARTS FIVE DIAMONDS ACE,0.365,0.0038,0.6312
CLUBS TEN HEARTS FOUR,0.62,0.0062,0.3738
DIAMONDS ACE DIAMONDS QUEEN,0.3302,0.0054,0.6644
CLUBS SIX DIAMONDS NINE,0.702,0.032,0.266
CLUBS TWO HEARTS JACK,0.6312,0.0088,0.36
DIAMONDS QUEEN HEARTS EIGHT,0.599,0.0058,0.3952
SPADES KING HEARTS NINE,0.2368,0.1646,0.5986
HEARTS FIVE SPADES SEVEN,0.6042,0.0082,0.3876
DIAMONDS EIGHT DIAMONDS FOUR,0.5876,0.0082,0.4042
CLUBS FOUR SPADES SIX,0.6988,0.0376,0.2636
DIAMONDS TWO DIAMONDS FIVE,0.6168,0.009,0.3742
HEARTS SIX HEARTS THREE,0.6616,0.0376,0.3008
SPADES EIGHT CLUBS ACE,0.3554,0.0038,0.6408
SPADES ACE HEARTS SEVEN,0.3662,0.0026,0.6312
SPADES EIGHT SPADES SEVEN,0.5358,0.0102,0.454
DIAMONDS KING HEARTS NINE,0.2224,0.1578,0.6198
SPADES SEVEN HEARTS QUEEN,0.6038,0.0046,0.3916
SPADES THREE HEARTS NINE,0.6284,0.0078,0.3638
SPADES TEN HEARTS THREE,0.6298,0.0054,0.3648
SPADES ACE SPADES NINE,0.3422,0.0046,0.6532
SPADES SEVEN CLUBS TWO,0.6454,0.0104,0.3442
HEARTS SIX DIAMONDS FOUR,0.701,0.039,0.26
HEARTS FOUR DIAMONDS QUEEN,0.6262,0.009,0.3648
HEARTS FOUR DIAMONDS NINE,0.6266,0.0052,0.3682
CLUBS THREE SPADES TWO,0.6558,0.0084,0.3358
DIAMONDS QUEEN SPADES FIVE,0.623,0.0064,0.3706
DIAMONDS THREE HEARTS FOUR,0.6298,0.0098,0.3604
CLUBS NINE HEARTS TWO,0.6366,0.0088,0.3546
CLUBS THREE HEARTS KING,0.397,0.389,0.214
DIAMONDS EIGHT HEARTS TEN,0.5742,0.0078,0.418
SPADES EIGHT CLUBS QUEEN,0.585,0.008,0.407
HEARTS SEVEN HEARTS JACK,0.5696,0.0068,0.4236
SPADES QUEEN CLUBS EIGHT,0.5918,0.0056,0.4026
SPADES JACK SPADES TEN,0.5038,0.0052,0.491
SPADES NINE DIAMONDS QUEEN,0.5794,0.0068,0.4138
HEARTS SEVEN SPADES SEVEN,0.345,0.0116,0.6434
CLUBS TEN HEARTS SIX,0.7028,0.0376,0.2596
SPADES TEN DIAMONDS KING,0.23,0.119,0.651
DIAMONDS TWO HEARTS TEN,0.6274,0.0074,0.3652
DIAMONDS EIGHT DIAMONDS SEVEN,0.5462,0.0068,0.447
DIAMONDS KING SPADES SIX,0.0132,0.9672,0.0196
CLUBS NINE HEARTS FOUR,0.6308,0.0088,0.3604
SPADES TWO DIAMONDS SEVEN,0.6212,0.0098,0.369
CLUBS FIVE DIAMONDS TEN,0.633,0.0086,0.3584
CLUBS FIVE CLUBS JACK,0.5954,0.0078,0.3968
SPADES TWO HEARTS TEN,0.6288,0.0082,0.363
SPADES ACE DIAMONDS TWO,0.3948,0.0044,0.6008
CLUBS ACE DIAMONDS SEVEN,0.3534,0.0042,0.6424
HEARTS JACK CLUBS QUEEN,0.5712,0.0052,0.4236
CLUBS TWO HEARTS NINE,0.6496,0.007,0.3434
HEARTS THREE HEARTS EIGHT,0.5988,0.0062,0.395
DIAMONDS KING HEARTS TEN,0.2258,0.1132,0.661
DIAMONDS THREE DIAMONDS JACK,0.5952,0.0084,0.3964
CLUBS SEVEN CLUBS QUEEN,0.5708,0.007,0.4222
SPADES SIX DIAMONDS FOUR,0.6974,0.0404,0.2622
SPADES QUEEN DIAMONDS EIGHT,0.581,0.008,0.411
HEARTS KING CLUBS QUEEN,0.248,0.0634,0.6886
SPADES FOUR DIAMONDS SEVEN,0.6174,0.0072,0.3754
SPADES FOUR HEARTS QUEEN,0.636,0.0078,0.3562
HEARTS SEVEN DIAMONDS THREE,0.6346,0.007,0.3584
SPADES TWO HEARTS EIGHT,0.629,0.0086,0.3624
SPADES THREE DIAMONDS FIVE,0.639,0.009,0.352
DIAMONDS TEN DIAMONDS NINE,0.512,0.0064,0.4816
SPADES NINE SPADES FIVE,0.5836,0.0084,0.408
SPADES TEN DIAMONDS JACK,0.5514,0.0082,0.4404
HEARTS FOUR SPADES THREE,0.6336,0.0072,0.3592
HEARTS THREE CLUBS FOUR,0.634,0.0096,0.3564
SPADES TEN HEARTS NINE,0.564,0.0058,0.4302
SPADES JACK HEARTS TEN,0.5436,0.005,0.4514
DIAMONDS EIGHT HEARTS EIGHT,0.3112,0.0104,0.6784
SPADES FOUR HEARTS TEN,0.6264,0.008,0.3656
CLUBS TWO DIAMONDS FIVE,0.6604,0.0092,0.3304
SPADES TEN DIAMONDS FIVE,0.6384,0.0076,0.354
CLUBS QUEEN DIAMONDS FOUR,0.6282,0.0092,0.3626
DIAMONDS TEN HEARTS JACK,0.5418,0.0066,0.4516
DIAMONDS KING SPADES FIVE,0.3886,0.3958,0.2156
CLUBS TEN SPADES FOUR,0.6418,0.0082,0.35
CLUBS TEN HEARTS NINE,0.5546,0.0054,0.44
HEARTS TWO HEARTS EIGHT,0.5954,0.0084,0.3962
HEARTS THREE DIAMONDS EIGHT,0.6456,0.0086,0.3458
SPADES KING SPADES FOUR,0.373,0.3594,0.2676
CLUBS EIGHT HEARTS QUEEN,0.593,0.0056,0.4014
DIAMONDS EIGHT CLUBS QUEEN,0.5974,0.0068,0.3958
HEARTS ACE HEARTS TEN,0.3222,0.004,0.6738
SPADES ACE DIAMONDS EIGHT,0.3562,0.005,0.6388
SPADES TEN CLUBS SIX,0.7108,0.0334,0.2558
CLUBS SIX SPADES SEVEN,0.67,0.033,0.297
DIAMONDS FIVE CLUBS JACK,0.6316,0.0072,0.3612
HEARTS FOUR DIAMONDS JACK,0.6258,0.0076,0.3666
CLUBS TEN DIAMONDS TEN,0.3054,0.009,0.6856
DIAMONDS FIVE HEARTS EIGHT,0.631,0.0064,0.3626
CLUBS SIX HEARTS THREE,0.7122,0.0446,0.2432
SPADES JACK CLUBS THREE,0.627,0.0088,0.3642
SPADES TWO DIAMONDS EIGHT,0.6418,0.009,0.3492
CLUBS NINE DIAMONDS FOUR,0.6462,0.0088,0.345
SPADES FOUR DIAMONDS FOUR,0.4472,0.0174,0.5354
HEARTS SEVEN DIAMONDS KING,0.2206,0.3068,0.4726
HEARTS KING CLUBS JACK,0.236,0.0892,0.6748
SPADES SEVEN HEARTS KING,0.2268,0.304,0.4692
HEARTS KING DIAMONDS EIGHT,0.2188,0.2288,0.5524
SPADES TEN DIAMONDS FOUR,0.6412,0.0046,0.3542
CLUBS EIGHT SPADES THREE,0.6426,0.0098,0.3476
HEARTS JACK HEARTS NINE,0.5286,0.0068,0.4646
HEARTS THREE HEARTS NINE,0.5942,0.0072,0.3986
SPADES NINE DIAMONDS TEN,0.5456,0.0078,0.4466
HEARTS FIVE SPADES THREE,0.6248,0.0078,0.3674
HEARTS THREE HEARTS TEN,0.5908,0.006,0.4032
CLUBS NINE HEARTS NINE,0.3182,0.0096,0.6722
CLUBS TWO CLUBS ACE,0.385,0.0042,0.6108
CLUBS TWO CLUBS JACK,0.5926,0.0096,0.3978
CLUBS NINE SPADES SEVEN,0.5826,0.0048,0.4126
CLUBS SIX DIAMONDS KING,0.0086,0.985,0.0064
DIAMONDS QUEEN DIAMONDS TEN,0.525,0.0082,0.4668
SPADES FIVE HEARTS EIGHT,0.6152,0.007,0.3778
HEARTS SEVEN HEARTS TEN,0.5438,0.007,0.4492
SPADES KING CLUBS THREE,0.3982,0.3876,0.2142
SPADES NINE CLUBS THREE,0.639,0.008,0.353
HEARTS SEVEN HEARTS EIGHT,0.531,0.0076,0.4614
SPADES TEN SPADES NINE,0.5098,0.0066,0.4836
CLUBS SIX DIAMONDS JACK,0.7322,0.0404,0.2274
SPADES EIGHT DIAMONDS JACK,0.5856,0.004,0.4104
DIAMONDS FIVE DIAMONDS FOUR,0.5774,0.009,0.4136
SPADES SIX HEARTS EIGHT,0.6862,0.0326,0.2812
HEARTS SIX CLUBS SIX,0.3068,0.0354,0.6578
HEARTS TWO HEARTS QUEEN,0.5896,0.0076,0.4028
HEARTS FOUR DIAMONDS TEN,0.625,0.0096,0.3654
SPADES ACE CLUBS NINE,0.3634,0.003,0.6336
CLUBS TEN SPADES THREE,0.6364,0.0074,0.3562
SPADES FIVE DIAMONDS FOUR,0.625,0.0104,0.3646
DIAMONDS ACE HEARTS JACK,0.3434,0.0034,0.6532
DIAMONDS QUEEN CLUBS ACE,0.352,0.0062,0.6418
SPADES TEN DIAMONDS EIGHT,0.573,0.0072,0.4198
CLUBS FOUR DIAMONDS EIGHT,0.6394,0.008,0.3526
DIAMONDS ACE CLUBS THREE,0.3918,0.0062,0.602
CLUBS TEN CLUBS EIGHT,0.5614,0.0062,0.4324
DIAMONDS NINE CLUBS ACE,0.3528,0.0046,0.6426
SPADES TEN CLUBS ACE,0.3422,0.0034,0.6544
SPADES KING DIAMONDS NINE,0.2222,0.1624,0.6154
SPADES NINE CLUBS ACE,0.3636,0.003,0.6334
DIAMONDS TWO CLUBS THREE,0.6518,0.0128,0.3354
SPADES SIX DIAMONDS SEVEN,0.6676,0.0338,0.2986
DIAMONDS TEN DIAMONDS SEVEN,0.5434,0.008,0.4486
SPADES KING CLUBS SIX,0.0198,0.9706,0.0096
CLUBS NINE SPADES QUEEN,0.584,0.0068,0.4092
DIAMONDS THREE SPADES EIGHT,0.6434,0.0096,0.347
SPADES TEN DIAMONDS QUEEN,0.5454,0.0064,0.4482
HEARTS SEVEN SPADES QUEEN,0.61,0.004,0.386
DIAMONDS QUEEN HEARTS NINE,0.579,0.0088,0.4122
SPADES TEN SPADES TWO,0.5922,0.0078,0.4
SPADES TEN CLUBS QUEEN,0.5474,0.0056,0.447
SPADES THREE CLUBS ACE,0.37,0.0056,0.6244
SPADES QUEEN HEARTS JACK,0.5526,0.0048,0.4426
SPADES EIGHT CLUBS THREE,0.6544,0.0076,0.338
HEARTS FOUR SPADES TWO,0.6472,0.008,0.3448
DIAMONDS KING DIAMONDS TEN,0.2364,0.104,0.6596
DIAMONDS TWO DIAMONDS KING,0.372,0.361,0.267
SPADES SEVEN CLUBS QUEEN,0.6094,0.0062,0.3844
SPADES KING HEARTS TEN,0.237,0.1118,0.6512
CLUBS SEVEN HEARTS NINE,0.5714,0.0076,0.421
DIAMONDS THREE CLUBS SEVEN,0.6266,0.0094,0.364
SPADES FOUR DIAMONDS NINE,0.6298,0.0088,0.3614
HEARTS FIVE CLUBS SEVEN,0.6058,0.0076,0.3866
HEARTS QUEEN DIAMONDS SEVEN,0.6046,0.0062,0.3892
SPADES JACK SPADES THREE,0.5836,0.0072,0.4092
DIAMONDS NINE HEARTS JACK,0.563,0.0078,0.4292
CLUBS FIVE SPADES FIVE,0.4464,0.016,0.5376
SPADES TWO CLUBS JACK,0.6384,0.0066,0.355
SPADES SEVEN SPADES FIVE,0.56,0.0088,0.4312
SPADES SEVEN DIAMONDS FOUR,0.6274,0.0102,0.3624
DIAMONDS THREE SPADES THREE,0.4504,0.018,0.5316
CLUBS TEN CLUBS QUEEN,0.532,0.005,0.463
HEARTS FIVE DIAMONDS TEN,0.6292,0.0082,0.3626
DIAMONDS TWO SPADES THREE,0.6366,0.008,0.3554
CLUBS TWO CLUBS QUEEN,0.604,0.0082,0.3878
DIAMONDS TWO CLUBS TWO,0.4528,0.0218,0.5254
DIAMONDS NINE HEARTS EIGHT,0.5576,0.0052,0.4372
HEARTS FOUR SPADES FIVE,0.6192,0.0068,0.374
SPADES NINE DIAMONDS FOUR,0.6446,0.0078,0.3476
CLUBS NINE HEARTS TEN,0.5704,0.006,0.4236
DIAMONDS TWO CLUBS SEVEN,0.6566,0.0116,0.3318
SPADES ACE CLUBS FIVE,0.3912,0.0028,0.606
SPADES JACK HEARTS JACK,0.2968,0.0044,0.6988
HEARTS QUEEN HEARTS EIGHT,0.5448,0.0036,0.4516
HEARTS SIX CLUBS FIVE,0.6804,0.0364,0.2832
CLUBS TEN CLUBS SIX,0.6938,0.033,0.2732
CLUBS SIX SPADES EIGHT,0.6944,0.0352,0.2704
CLUBS NINE DIAMONDS ACE,0.3652,0.005,0.6298
SPADES EIGHT DIAMONDS TEN,0.5672,0.0062,0.4266
CLUBS FIVE SPADES THREE,0.6328,0.0066,0.3606
CLUBS SEVEN HEARTS THREE,0.635,0.0078,0.3572
HEARTS SEVEN CLUBS ACE,0.3528,0.0036,0.6436
HEARTS QUEEN CLUBS JACK,0.5604,0.0054,0.4342
CLUBS SEVEN HEARTS QUEEN,0.6008,0.0056,0.3936
SPADES QUEEN CLUBS TWO,0.6336,0.0062,0.3602
CLUBS SEVEN SPADES FIVE,0.622,0.0068,0.3712
HEARTS TWO DIAMONDS FIVE,0.6484,0.0102,0.3414
SPADES FOUR HEARTS NINE,0.6322,0.0048,0.363
CLUBS TEN HEARTS TEN,0.3026,0.0058,0.6916
CLUBS SIX DIAMONDS FIVE,0.6992,0.0386,0.2622
CLUBS EIGHT SPADES TWO,0.643,0.0108,0.3462
DIAMONDS TWO DIAMONDS FOUR,0.6268,0.0066,0.3666
SPADES SIX DIAMONDS NINE,0.7028,0.0338,0.2634
DIAMONDS KING CLUBS JACK,0.2482,0.082,0.6698
CLUBS TEN CLUBS FIVE,0.6132,0.0074,0.3794
DIAMONDS TWO HEARTS QUEEN,0.6478,0.0066,0.3456
SPADES KING CLUBS QUEEN,0.2552,0.0638,0.681
HEARTS TWO CLUBS THREE,0.647,0.011,0.342
SPADES KING SPADES EIGHT,0.2168,0.2216,0.5616
DIAMONDS TEN CLUBS ACE,0.3326,0.003,0.6644
DIAMONDS TWO HEARTS JACK,0.6434,0.0072,0.3494
SPADES SEVEN HEARTS ACE,0.3572,0.0018,0.641
HEARTS SIX HEARTS QUEEN,0.6964,0.0388,0.2648
SPADES QUEEN DIAMONDS ACE,0.3484,0.0038,0.6478
DIAMONDS ACE DIAMONDS FIVE,0.3752,0.0048,0.62
DIAMONDS ACE SPADES SIX,0.2156,0.0346,0.7498
SPADES EIGHT CLUBS FOUR,0.6374,0.0084,0.3542
SPADES THREE CLUBS JACK,0.6402,0.0064,0.3534
CLUBS SEVEN DIAMONDS ACE,0.35,0.0056,0.6444
DIAMONDS THREE DIAMONDS QUEEN,0.6052,0.0082,0.3866
CLUBS FIVE HEARTS TWO,0.6462,0.0104,0.3434
HEARTS SIX SPADES SEVEN,0.67,0.0318,0.2982
HEARTS SIX DIAMONDS QUEEN,0.7372,0.0408,0.222
SPADES QUEEN DIAMONDS TEN,0.5588,0.0046,0.4366
DIAMONDS TWO SPADES SIX,0.7318,0.038,0.2302
CLUBS SEVEN DIAMONDS FOUR,0.632,0.0088,0.3592
SPADES QUEEN SPADES TEN,0.5188,0.005,0.4762
CLUBS FIVE DIAMONDS JACK,0.6316,0.007,0.3614
SPADES FIVE HEARTS ACE,0.3842,0.004,0.6118
HEARTS FOUR HEARTS TWO,0.611,0.0072,0.3818
DIAMONDS THREE HEARTS NINE,0.6294,0.0092,0.3614
HEARTS TWO SPADES SEVEN,0.6456,0.0068,0.3476
SPADES ACE DIAMONDS KING,0.2268,0.0126,0.7606
HEARTS FIVE SPADES EIGHT,0.6224,0.0062,0.3714
SPADES NINE HEARTS ACE,0.37,0.0014,0.6286
DIAMONDS ACE SPADES SEVEN,0.3524,0.0028,0.6448
DIAMONDS JACK HEARTS TEN,0.536,0.0068,0.4572
CLUBS TEN DIAMONDS NINE,0.5618,0.0058,0.4324
HEARTS FIVE HEARTS TEN,0.5978,0.006,0.3962
HEARTS FIVE SPADES TEN,0.636,0.0068,0.3572
HEARTS FOUR HEARTS TEN,0.5854,0.007,0.4076
SPADES QUEEN CLUBS QUEEN,0.2958,0.0038,0.7004
SPADES THREE SPADES TWO,0.5972,0.0084,0.3944
HEARTS TWO CLUBS JACK,0.6294,0.009,0.3616
DIAMONDS JACK HEARTS QUEEN,0.5496,0.0066,0.4438
HEARTS SIX HEARTS ACE,0.2216,0.0318,0.7466
HEARTS ACE DIAMONDS EIGHT,0.3574,0.002,0.6406
DIAMONDS THREE SPADES TWO,0.6438,0.0092,0.347
CLUBS NINE HEARTS QUEEN,0.5684,0.0072,0.4244
SPADES FIVE HEARTS KING,0.3936,0.3704,0.236
CLUBS FIVE CLUBS THREE,0.6006,0.0068,0.3926
SPADES SEVEN SPADES FOUR,0.5826,0.0062,0.4112
CLUBS FIVE HEARTS KING,0.3936,0.389,0.2174
HEARTS TWO HEARTS KING,0.38,0.358,0.262
SPADES FOUR DIAMONDS FIVE,0.6134,0.0074,0.3792
SPADES ACE HEARTS ACE,0.1218,0.003,0.8752
DIAMONDS THREE CLUBS FOUR,0.6398,0.0114,0.3488
SPADES SEVEN CLUBS JACK,0.59,0.0084,0.4016
HEARTS FIVE CLUBS TWO,0.6544,0.009,0.3366
CLUBS NINE HEARTS JACK,0.5586,0.0074,0.434
SPADES TEN HEARTS QUEEN,0.5546,0.0056,0.4398
CLUBS NINE DIAMONDS KING,0.231,0.1732,0.5958
CLUBS NINE DIAMONDS NINE,0.313,0.0116,0.6754
SPADES QUEEN SPADES TWO,0.5794,0.0084,0.4122
DIAMONDS KING CLUBS ACE,0.2256,0.0122,0.7622
CLUBS SIX DIAMONDS SEVEN,0.6766,0.0344,0.289
HEARTS NINE DIAMONDS FIVE,0.624,0.007,0.369
HEARTS SIX SPADES QUEEN,0.721,0.0398,0.2392
DIAMONDS THREE DIAMONDS TEN,0.6006,0.0074,0.392
DIAMONDS ACE DIAMONDS KING,0.214,0.0144,0.7716
CLUBS EIGHT SPADES FOUR,0.6216,0.009,0.3694
DIAMONDS THREE HEARTS TEN,0.6284,0.008,0.3636
SPADES KING SPADES SIX,0.02,0.9084,0.0716
CLUBS NINE SPADES EIGHT,0.5674,0.007,0.4256
SPADES FOUR HEARTS JACK,0.6314,0.0066,0.362
CLUBS EIGHT HEARTS THREE,0.6414,0.0072,0.3514
SPADES ACE HEARTS THREE,0.4024,0.0034,0.5942
CLUBS SEVEN SPADES FOUR,0.6306,0.0084,0.361
SPADES EIGHT DIAMONDS ACE,0.3564,0.0054,0.6382
DIAMONDS TWO SPADES FOUR,0.6476,0.01,0.3424
HEARTS FIVE SPADES SIX,0.6774,0.0388,0.2838
CLUBS SEVEN SPADES TEN,0.59,0.007,0.403
CLUBS SEVEN SPADES NINE,0.5878,0.0064,0.4058
DIAMONDS QUEEN DIAMONDS JACK,0.5238,0.0072,0.469
CLUBS TEN DIAMONDS ACE,0.3418,0.004,0.6542
CLUBS EIGHT SPADES TEN,0.559,0.006,0.435
SPADES JACK CLUBS SIX,0.7272,0.0392,0.2336
CLUBS TWO SPADES TWO,0.4548,0.0176,0.5276
DIAMONDS JACK CLUBS JACK,0.2946,0.0058,0.6996
HEARTS FIVE HEARTS QUEEN,0.5832,0.0068,0.41
CLUBS NINE SPADES TEN,0.555,0.0076,0.4374
SPADES SEVEN SPADES SIX,0.632,0.0316,0.3364
CLUBS SIX HEARTS NINE,0.7214,0.0328,0.2458
SPADES FIVE SPADES TWO,0.6008,0.009,0.3902
HEARTS JACK CLUBS ACE,0.3372,0.0044,0.6584
HEARTS THREE DIAMONDS SEVEN,0.6308,0.0104,0.3588
SPADES SEVEN DIAMONDS KING,0.2188,0.301,0.4802
CLUBS TEN SPADES FIVE,0.6462,0.0068,0.347
CLUBS NINE DIAMONDS EIGHT,0.5656,0.0094,0.425
CLUBS EIGHT CLUBS TWO,0.6104,0.0066,0.383
HEARTS NINE DIAMONDS FOUR,0.6388,0.0092,0.352
SPADES FOUR HEARTS KING,0.3964,0.3846,0.219
HEARTS SIX CLUBS TWO,0.7226,0.0454,0.232
HEARTS FOUR HEARTS THREE,0.6022,0.0086,0.3892
SPADES SEVEN HEARTS JACK,0.5878,0.0066,0.4056
DIAMONDS TEN CLUBS JACK,0.534,0.0064,0.4596
CLUBS EIGHT DIAMONDS EIGHT,0.3272,0.013,0.6598
HEARTS SEVEN DIAMONDS EIGHT,0.5608,0.0064,0.4328
SPADES FIVE HEARTS JACK,0.6198,0.0074,0.3728
HEARTS TWO CLUBS QUEEN,0.643,0.0082,0.3488
DIAMONDS TWO SPADES FIVE,0.6394,0.009,0.3516
SPADES EIGHT SPADES FIVE,0.568,0.0086,0.4234
CLUBS TEN DIAMONDS QUEEN,0.5548,0.0072,0.438
SPADES JACK SPADES NINE,0.5172,0.0066,0.4762
DIAMONDS QUEEN SPADES FOUR,0.6216,0.0054,0.373
DIAMONDS KING HEARTS ACE,0.2252,0.0098,0.765
CLUBS TEN HEARTS SEVEN,0.5808,0.0084,0.4108
HEARTS FOUR DIAMONDS KING,0.3888,0.3816,0.2296
DIAMONDS KING CLUBS QUEEN,0.243,0.0662,0.6908
CLUBS NINE DIAMONDS JACK,0.557,0.0086,0.4344
HEARTS ACE HEARTS JACK,0.3358,0.005,0.6592
SPADES QUEEN SPADES FOUR,0.5864,0.0054,0.4082
SPADES SIX HEARTS KING,0.0226,0.9534,0.024
DIAMONDS THREE SPADES QUEEN,0.6366,0.008,0.3554
CLUBS NINE CLUBS ACE,0.3378,0.0054,0.6568
DIAMONDS QUEEN DIAMONDS SEVEN,0.5798,0.0066,0.4136
DIAMONDS TWO DIAMONDS SEVEN,0.6144,0.0076,0.378
CLUBS FOUR CLUBS JACK,0.607,0.0082,0.3848
HEARTS SIX HEARTS EIGHT,0.6486,0.035,0.3164
HEARTS SEVEN SPADES SIX,0.6624,0.0296,0.308
HEARTS SIX DIAMONDS JACK,0.7314,0.0406,0.228
CLUBS ACE DIAMONDS FIVE,0.3812,0.006,0.6128
CLUBS SIX CLUBS ACE,0.2302,0.026,0.7438
CLUBS THREE CLUBS QUEEN,0.607,0.0064,0.3866
SPADES SIX CLUBS JACK,0.7328,0.0364,0.2308
DIAMONDS ACE HEARTS TEN,0.3472,0.0036,0.6492
SPADES EIGHT HEARTS JACK,0.5878,0.0064,0.4058
HEARTS THREE SPADES THREE,0.4346,0.0172,0.5482
CLUBS EIGHT DIAMONDS QUEEN,0.6014,0.0078,0.3908
HEARTS FIVE DIAMONDS JACK,0.6248,0.0074,0.3678
SPADES ACE DIAMONDS JACK,0.3458,0.004,0.6502
HEARTS SEVEN CLUBS FIVE,0.6004,0.006,0.3936
SPADES ACE HEARTS JACK,0.3564,0.0032,0.6404
SPADES KING DIAMONDS SEVEN,0.226,0.285,0.489
CLUBS EIGHT DIAMONDS NINE,0.5822,0.0082,0.4096
DIAMONDS ACE DIAMONDS JACK,0.3316,0.0042,0.6642
DIAMONDS TEN DIAMONDS EIGHT,0.5486,0.0062,0.4452
CLUBS EIGHT SPADES FIVE,0.6342,0.008,0.3578
HEARTS SEVEN SPADES NINE,0.585,0.0082,0.4068
SPADES JACK CLUBS FIVE,0.637,0.009,0.354
SPADES SEVEN HEARTS TEN,0.5862,0.0048,0.409
CLUBS EIGHT DIAMONDS FOUR,0.6416,0.0082,0.3502
CLUBS EIGHT CLUBS THREE,0.598,0.0072,0.3948
CLUBS FOUR CLUBS THREE,0.608,0.0116,0.3804
SPADES FOUR DIAMONDS TEN,0.6316,0.0066,0.3618
SPADES SEVEN CLUBS ACE,0.342,0.0038,0.6542
CLUBS SIX DIAMONDS EIGHT,0.6974,0.0344,0.2682
CLUBS FOUR HEARTS TEN,0.6408,0.0074,0.3518
SPADES THREE DIAMONDS SEVEN,0.6242,0.0068,0.369
CLUBS FIVE CLUBS QUEEN,0.5932,0.0062,0.4006
CLUBS TEN CLUBS TWO,0.604,0.009,0.387
HEARTS SIX CLUBS FOUR,0.7,0.0346,0.2654
SPADES FOUR SPADES THREE,0.5878,0.0088,0.4034
HEARTS ACE DIAMONDS FOUR,0.3846,0.0034,0.612
CLUBS TEN SPADES SEVEN,0.5882,0.0072,0.4046
SPADES FOUR SPADES TWO,0.609,0.0096,0.3814
HEARTS SIX CLUBS THREE,0.7122,0.0408,0.247
DIAMONDS TWO HEARTS THREE,0.6354,0.0084,0.3562
CLUBS NINE CLUBS EIGHT,0.5308,0.009,0.4602
HEARTS ACE CLUBS JACK,0.3474,0.0054,0.6472
DIAMONDS THREE DIAMONDS SEVEN,0.601,0.0092,0.3898
HEARTS SIX SPADES FOUR,0.6812,0.0394,0.2794
SPADES SIX CLUBS TWO,0.722,0.0426,0.2354
HEARTS FIVE CLUBS JACK,0.638,0.0074,0.3546
HEARTS SEVEN DIAMONDS TWO,0.6534,0.0052,0.3414
CLUBS NINE SPADES JACK,0.5494,0.0058,0.4448
HEARTS THREE CLUBS JACK,0.6362,0.0058,0.358
DIAMONDS TEN HEARTS QUEEN,0.552,0.0064,0.4416
SPADES JACK HEARTS TWO,0.631,0.0062,0.3628
SPADES JACK DIAMONDS KING,0.2372,0.0904,0.6724
SPADES FOUR CLUBS ACE,0.3896,0.0042,0.6062
CLUBS FOUR HEARTS EIGHT,0.6172,0.0096,0.3732
CLUBS TEN DIAMONDS EIGHT,0.5728,0.0074,0.4198
CLUBS EIGHT HEARTS JACK,0.5806,0.008,0.4114
SPADES ACE HEARTS FOUR,0.4,0.0044,0.5956
DIAMONDS TWO SPADES NINE,0.6364,0.0094,0.3542
CLUBS SEVEN CLUBS THREE,0.6052,0.011,0.3838
CLUBS SIX SPADES FIVE,0.6856,0.0388,0.2756
CLUBS TEN SPADES SIX,0.7174,0.0374,0.2452
SPADES QUEEN SPADES NINE,0.5444,0.006,0.4496
DIAMONDS JACK HEARTS JACK,0.294,0.0048,0.7012
CLUBS EIGHT CLUBS SEVEN,0.5346,0.007,0.4584
HEARTS SEVEN CLUBS EIGHT,0.5814,0.0054,0.4132
SPADES SEVEN DIAMONDS NINE,0.5806,0.0066,0.4128
HEARTS THREE CLUBS FIVE,0.629,0.0096,0.3614
CLUBS FIVE HEARTS EIGHT,0.61,0.0086,0.3814
CLUBS THREE HEARTS TEN,0.6366,0.0082,0.3552
DIAMONDS THREE SPADES NINE,0.642,0.007,0.351
SPADES QUEEN CLUBS JACK,0.5656,0.0062,0.4282
HEARTS FIVE SPADES TWO,0.6434,0.01,0.3466
HEARTS SIX DIAMONDS EIGHT,0.6884,0.0362,0.2754
DIAMONDS TWO DIAMONDS EIGHT,0.597,0.0088,0.3942
DIAMONDS TWO SPADES SEVEN,0.6436,0.0072,0.3492
CLUBS EIGHT DIAMONDS ACE,0.3686,0.0042,0.6272
SPADES ACE CLUBS EIGHT,0.3594,0.0044,0.6362
DIAMONDS THREE SPADES JACK,0.6334,0.0096,0.357
CLUBS TWO SPADES FIVE,0.6482,0.0096,0.3422
DIAMONDS JACK DIAMONDS EIGHT,0.5398,0.0048,0.4554
DIAMONDS THREE DIAMONDS FOUR,0.6056,0.0098,0.3846
SPADES TEN SPADES SEVEN,0.5394,0.005,0.4556
CLUBS THREE CLUBS JACK,0.5944,0.0078,0.3978
DIAMONDS TWO SPADES EIGHT,0.6512,0.011,0.3378
SPADES EIGHT HEARTS ACE,0.358,0.003,0.639
SPADES SEVEN DIAMONDS TEN,0.5696,0.0064,0.424
HEARTS KING SPADES THREE,0.4042,0.3722,0.2236
HEARTS SEVEN CLUBS FOUR,0.617,0.0072,0.3758
HEARTS KING CLUBS ACE,0.2224,0.0106,0.767
SPADES TWO CLUBS QUEEN,0.6442,0.006,0.3498
HEARTS TEN DIAMONDS SEVEN,0.573,0.0064,0.4206
SPADES JACK DIAMONDS SEVEN,0.5784,0.0056,0.416
HEARTS KING SPADES TWO,0.4038,0.3766,0.2196
HEARTS SEVEN CLUBS JACK,0.5852,0.0084,0.4064
DIAMONDS QUEEN HEARTS ACE,0.3556,0.005,0.6394
HEARTS KING HEARTS QUEEN,0.2412,0.0588,0.7
SPADES NINE SPADES TWO,0.6004,0.007,0.3926
HEARTS ACE DIAMONDS TEN,0.3478,0.0038,0.6484
SPADES KING SPADES TWO,0.3754,0.3566,0.268
SPADES SIX DIAMONDS JACK,0.731,0.0356,0.2334
DIAMONDS JACK HEARTS NINE,0.5678,0.006,0.4262
SPADES ACE CLUBS TEN,0.3468,0.0054,0.6478
CLUBS FOUR SPADES SEVEN,0.621,0.0102,0.3688
HEARTS TEN DIAMONDS FOUR,0.6296,0.007,0.3634
DIAMONDS TWO DIAMONDS JACK,0.5976,0.0074,0.395
HEARTS TWO CLUBS FOUR,0.6512,0.0112,0.3376
HEARTS THREE DIAMONDS KING,0.3988,0.3776,0.2236
CLUBS NINE DIAMONDS TWO,0.6406,0.0086,0.3508
SPADES QUEEN HEARTS EIGHT,0.595,0.0052,0.3998
DIAMONDS QUEEN DIAMONDS NINE,0.5272,0.0064,0.4664
HEARTS FIVE HEARTS KING,0.3666,0.3564,0.277
CLUBS THREE HEARTS JACK,0.6382,0.01,0.3518
CLUBS NINE CLUBS THREE,0.6168,0.009,0.3742
CLUBS EIGHT HEARTS TEN,0.5654,0.0084,0.4262
HEARTS SIX DIAMONDS KING,0.0118,0.9682,0.02
HEARTS SEVEN SPADES TWO,0.629,0.0062,0.3648
SPADES TEN CLUBS THREE,0.6362,0.0066,0.3572
DIAMONDS TWO SPADES QUEEN,0.6484,0.0072,0.3444
SPADES FOUR HEARTS EIGHT,0.6314,0.0086,0.36
SPADES JACK CLUBS QUEEN,0.5554,0.0048,0.4398
SPADES THREE HEARTS JACK,0.6318,0.0088,0.3594
DIAMONDS JACK HEARTS KING,0.222,0.0832,0.6948
SPADES ACE HEARTS QUEEN,0.357,0.0034,0.6396
SPADES FIVE CLUBS QUEEN,0.6472,0.0088,0.344
CLUBS FIVE SPADES FOUR,0.6156,0.009,0.3754
DIAMONDS TEN CLUBS QUEEN,0.5556,0.0052,0.4392
DIAMONDS SEVEN DIAMONDS FOUR,0.5848,0.0094,0.4058
DIAMONDS SEVEN CLUBS QUEEN,0.613,0.005,0.382
HEARTS THREE HEARTS KING,0.3658,0.3598,0.2744
HEARTS THREE HEARTS QUEEN,0.6056,0.0084,0.386
HEARTS QUEEN CLUBS QUEEN,0.2912,0.0028,0.706
CLUBS THREE DIAMONDS SEVEN,0.6294,0.0112,0.3594
SPADES JACK HEARTS FOUR,0.6254,0.008,0.3666
CLUBS FOUR HEARTS QUEEN,0.6376,0.006,0.3564
SPADES KING DIAMONDS TWO,0.397,0.392,0.211
SPADES QUEEN HEARTS NINE,0.5644,0.0058,0.4298
DIAMONDS KING HEARTS EIGHT,0.2248,0.2348,0.5404
CLUBS EIGHT DIAMONDS TEN,0.5744,0.0096,0.416
SPADES KING CLUBS SEVEN,0.2204,0.2996,0.48
SPADES ACE DIAMONDS SEVEN,0.3588,0.0036,0.6376
CLUBS SEVEN CLUBS FOUR,0.596,0.0072,0.3968
HEARTS SIX DIAMONDS NINE,0.7004,0.0368,0.2628
SPADES SEVEN DIAMONDS EIGHT,0.5568,0.0078,0.4354
CLUBS SIX SPADES SIX,0.3074,0.03,0.6626
SPADES EIGHT HEARTS NINE,0.5632,0.0048,0.432
DIAMONDS ACE SPADES FOUR,0.3876,0.0058,0.6066
CLUBS ACE HEARTS EIGHT,0.351,0.003,0.646
SPADES ACE HEARTS TWO,0.3928,0.0038,0.6034
SPADES QUEEN HEARTS TWO,0.6384,0.0052,0.3564
CLUBS FOUR CLUBS QUEEN,0.6002,0.0062,0.3936
CLUBS FOUR DIAMONDS SEVEN,0.6142,0.0076,0.3782
DIAMONDS THREE CLUBS QUEEN,0.6496,0.0066,0.3438
DIAMONDS THREE CLUBS NINE,0.629,0.0086,0.3624
CLUBS NINE CLUBS FOUR,0.6216,0.0098,0.3686
HEARTS KING DIAMONDS SEVEN,0.2158,0.2918,0.4924
HEARTS TWO DIAMONDS SEVEN,0.64,0.0102,0.3498
CLUBS SIX DIAMONDS TEN,0.722,0.0348,0.2432
HEARTS SEVEN SPADES TEN,0.5736,0.0046,0.4218
SPADES TEN DIAMONDS ACE,0.3236,0.004,0.6724
DIAMONDS EIGHT DIAMONDS FIVE,0.581,0.007,0.412
HEARTS SIX DIAMONDS FIVE,0.6892,0.0374,0.2734
SPADES EIGHT SPADES TWO,0.602,0.0068,0.3912
SPADES SIX HEARTS TEN,0.7084,0.0368,0.2548
DIAMONDS SEVEN HEARTS NINE,0.566,0.006,0.428
HEARTS SEVEN HEARTS QUEEN,0.5632,0.0054,0.4314
DIAMONDS EIGHT CLUBS JACK,0.5778,0.0076,0.4146
CLUBS THREE DIAMONDS FOUR,0.658,0.0102,0.3318
SPADES KING DIAMONDS FOUR,0.4006,0.3838,0.2156
DIAMONDS JACK SPADES THREE,0.6188,0.0078,0.3734
DIAMONDS THREE SPADES FOUR,0.6266,0.0086,0.3648
DIAMONDS TEN SPADES THREE,0.62,0.008,0.372
CLUBS NINE CLUBS SEVEN,0.5494,0.0086,0.442
SPADES KING HEARTS EIGHT,0.233,0.2246,0.5424
DIAMONDS ACE HEARTS EIGHT,0.3598,0.0036,0.6366
CLUBS FOUR CLUBS ACE,0.369,0.005,0.626
CLUBS TEN CLUBS SEVEN,0.5514,0.0088,0.4398
SPADES NINE HEARTS QUEEN,0.5638,0.0072,0.429
DIAMONDS TWO DIAMONDS ACE,0.3752,0.0052,0.6196
SPADES EIGHT SPADES FOUR,0.5914,0.0072,0.4014
CLUBS TEN CLUBS ACE,0.3258,0.005,0.6692
CLUBS TWO DIAMONDS TEN,0.6434,0.0058,0.3508
SPADES THREE HEARTS TEN,0.6294,0.007,0.3636
CLUBS FOUR SPADES FOUR,0.4286,0.0144,0.557
DIAMONDS THREE CLUBS SIX,0.7048,0.044,0.2512
SPADES JACK SPADES FOUR,0.593,0.0064,0.4006
CLUBS THREE HEARTS QUEEN,0.634,0.0088,0.3572
HEARTS SEVEN DIAMONDS QUEEN,0.603,0.0076,0.3894
SPADES TEN HEARTS EIGHT,0.5702,0.0052,0.4246
DIAMONDS QUEEN HEARTS JACK,0.5498,0.0056,0.4446
HEARTS THREE DIAMONDS TEN,0.6234,0.0106,0.366
CLUBS EIGHT DIAMONDS KING,0.2382,0.232,0.5298
CLUBS FIVE CLUBS TWO,0.6186,0.0088,0.3726
CLUBS TEN DIAMONDS SEVEN,0.5794,0.0056,0.415
HEARTS THREE HEARTS ACE,0.3714,0.0058,0.6228
SPADES EIGHT DIAMONDS NINE,0.5542,0.0064,0.4394
SPADES EIGHT SPADES SIX,0.6416,0.031,0.3274
SPADES EIGHT DIAMONDS FOUR,0.638,0.0074,0.3546
CLUBS EIGHT CLUBS ACE,0.339,0.005,0.656
HEARTS SIX SPADES EIGHT,0.6766,0.0328,0.2906
HEARTS SIX HEARTS FIVE,0.6344,0.0394,0.3262
SPADES NINE DIAMONDS KING,0.225,0.1644,0.6106
HEARTS TWO DIAMONDS FOUR,0.6586,0.0078,0.3336
HEARTS KING DIAMONDS FIVE,0.4026,0.3794,0.218
SPADES SEVEN SPADES THREE,0.5872,0.0064,0.4064
SPADES TEN CLUBS FIVE,0.6304,0.0076,0.362
SPADES FOUR DIAMONDS EIGHT,0.634,0.0058,0.3602
DIAMONDS KING SPADES THREE,0.3998,0.3746,0.2256
SPADES EIGHT CLUBS TWO,0.6384,0.0078,0.3538
HEARTS SEVEN CLUBS SEVEN,0.3354,0.0128,0.6518
SPADES EIGHT CLUBS JACK,0.5602,0.0068,0.433
CLUBS TEN HEARTS ACE,0.3574,0.0044,0.6382
CLUBS FIVE DIAMONDS FOUR,0.6148,0.0074,0.3778
SPADES NINE SPADES SEVEN,0.5386,0.0062,0.4552
CLUBS EIGHT SPADES SEVEN,0.5818,0.0062,0.412
CLUBS SEVEN CLUBS FIVE,0.575,0.0078,0.4172
DIAMONDS THREE CLUBS JACK,0.6356,0.01,0.3544
SPADES KING HEARTS JACK,0.2344,0.0896,0.676
DIAMONDS ACE DIAMONDS EIGHT,0.3468,0.0044,0.6488
SPADES NINE CLUBS JACK,0.5564,0.0058,0.4378
SPADES QUEEN DIAMONDS KING,0.2392,0.0658,0.695
CLUBS TEN CLUBS FOUR,0.6096,0.0088,0.3816
HEARTS SEVEN CLUBS SIX,0.6654,0.0354,0.2992
CLUBS FIVE HEARTS QUEEN,0.639,0.0066,0.3544
HEARTS THREE SPADES EIGHT,0.6506,0.0084,0.341
CLUBS EIGHT HEARTS NINE,0.5688,0.0066,0.4246
SPADES ACE CLUBS TWO,0.391,0.005,0.604
SPADES QUEEN DIAMONDS QUEEN,0.2932,0.0028,0.704
CLUBS FOUR DIAMONDS QUEEN,0.6414,0.0078,0.3508
CLUBS FIVE DIAMONDS EIGHT,0.6186,0.0076,0.3738
SPADES JACK CLUBS FOUR,0.6258,0.0082,0.366
DIAMONDS TWO HEARTS FIVE,0.6466,0.0122,0.3412
SPADES THREE HEARTS EIGHT,0.6428,0.007,0.3502
SPADES EIGHT DIAMONDS EIGHT,0.3216,0.011,0.6674
HEARTS TWO SPADES EIGHT,0.638,0.0068,0.3552
CLUBS SIX SPADES TWO,0.7162,0.043,0.2408
CLUBS QUEEN HEARTS EIGHT,0.5956,0.0068,0.3976
SPADES KING HEARTS FOUR,0.391,0.3888,0.2202
SPADES NINE HEARTS TEN,0.555,0.0066,0.4384
DIAMONDS TWO CLUBS FOUR,0.6584,0.0096,0.332
DIAMONDS NINE HEARTS NINE,0.2962,0.0106,0.6932
SPADES TWO DIAMONDS FOUR,0.642,0.0094,0.3486
SPADES JACK HEARTS QUEEN,0.558,0.0054,0.4366
SPADES NINE CLUBS FOUR,0.6284,0.006,0.3656
CLUBS TEN HEARTS JACK,0.5392,0.0066,0.4542
SPADES JACK HEARTS KING,0.2356,0.091,0.6734
CLUBS TEN HEARTS TWO,0.6256,0.0076,0.3668
SPADES NINE SPADES FOUR,0.59,0.0076,0.4024
SPADES NINE HEARTS TWO,0.6346,0.0084,0.357
DIAMONDS QUEEN DIAMONDS FIVE,0.5898,0.0074,0.4028
SPADES KING HEARTS SIX,0.0248,0.9554,0.0198
SPADES JACK CLUBS JACK,0.2858,0.0062,0.708
DIAMONDS THREE HEARTS ACE,0.3938,0.004,0.6022
SPADES THREE DIAMONDS FOUR,0.6336,0.011,0.3554
SPADES ACE DIAMONDS FIVE,0.374,0.0056,0.6204
SPADES QUEEN CLUBS THREE,0.6272,0.0076,0.3652
DIAMONDS JACK DIAMONDS SEVEN,0.546,0.0068,0.4472
CLUBS TEN DIAMONDS JACK,0.5324,0.0078,0.4598
SPADES ACE DIAMONDS QUEEN,0.3534,0.005,0.6416
CLUBS TEN DIAMONDS TWO,0.64,0.0086,0.3514
HEARTS FIVE CLUBS THREE,0.6226,0.0076,0.3698
SPADES NINE SPADES SIX,0.654,0.0312,0.3148
DIAMONDS TEN HEARTS EIGHT,0.557,0.0084,0.4346
HEARTS SEVEN HEARTS FIVE,0.561,0.009,0.43
SPADES SEVEN HEARTS NINE,0.5736,0.006,0.4204
HEARTS THREE DIAMONDS FIVE,0.6294,0.0104,0.3602
SPADES ACE SPADES SEVEN,0.332,0.0042,0.6638
SPADES NINE SPADES THREE,0.5894,0.0076,0.403
HEARTS FIVE HEARTS JACK,0.5818,0.0078,0.4104
SPADES QUEEN HEARTS FIVE,0.6352,0.0064,0.3584
SPADES EIGHT HEARTS KING,0.24,0.2344,0.5256
SPADES QUEEN HEARTS FOUR,0.6254,0.0084,0.3662
SPADES QUEEN HEARTS TEN,0.5584,0.0072,0.4344
CLUBS TEN HEARTS KING,0.2324,0.1092,0.6584
CLUBS FIVE SPADES EIGHT,0.6224,0.0072,0.3704
CLUBS ACE HEARTS TEN,0.3512,0.0044,0.6444
SPADES QUEEN CLUBS ACE,0.3458,0.004,0.6502
CLUBS FOUR DIAMONDS TEN,0.6284,0.009,0.3626
HEARTS SIX CLUBS ACE,0.2264,0.0318,0.7418
CLUBS SEVEN DIAMONDS QUEEN,0.5974,0.0062,0.3964
SPADES ACE CLUBS ACE,0.1162,0.0048,0.879
CLUBS THREE DIAMONDS FIVE,0.6474,0.0074,0.3452
HEARTS TEN HEARTS NINE,0.5038,0.0068,0.4894
DIAMONDS ACE HEARTS KING,0.227,0.0096,0.7634
HEARTS QUEEN DIAMONDS EIGHT,0.5708,0.0072,0.422
HEARTS TWO CLUBS TWO,0.4434,0.018,0.5386
SPADES SIX HEARTS NINE,0.7062,0.0378,0.256
HEARTS FOUR DIAMONDS FOUR,0.4476,0.0172,0.5352
SPADES QUEEN DIAMONDS JACK,0.5498,0.0068,0.4434
CLUBS NINE CLUBS TWO,0.613,0.0074,0.3796
HEARTS FOUR SPADES TEN,0.6256,0.007,0.3674
DIAMONDS KING DIAMONDS QUEEN,0.2356,0.059,0.7054
HEARTS TEN CLUBS QUEEN,0.5564,0.006,0.4376
HEARTS SIX CLUBS JACK,0.7332,0.0384,0.2284
SPADES ACE CLUBS QUEEN,0.3402,0.0056,0.6542
SPADES JACK CLUBS TWO,0.6366,0.0082,0.3552
HEARTS FOUR SPADES SEVEN,0.6278,0.0076,0.3646
SPADES THREE DIAMONDS NINE,0.6208,0.0056,0.3736
CLUBS SIX HEARTS KING,0.0202,0.9674,0.0124
HEARTS SEVEN HEARTS ACE,0.3182,0.0034,0.6784
CLUBS TEN SPADES KING,0.2326,0.1142,0.6532
DIAMONDS ACE CLUBS JACK,0.343,0.0052,0.6518
SPADES JACK SPADES EIGHT,0.5418,0.0072,0.451
SPADES TEN DIAMONDS NINE,0.5556,0.007,0.4374
SPADES TEN DIAMONDS SEVEN,0.5702,0.005,0.4248
SPADES KING DIAMONDS EIGHT,0.2254,0.2376,0.537
CLUBS EIGHT SPADES NINE,0.5798,0.0068,0.4134
HEARTS THREE SPADES TWO,0.6466,0.0088,0.3446
DIAMONDS TEN HEARTS TEN,0.2906,0.0074,0.702
SPADES NINE CLUBS FIVE,0.6202,0.007,0.3728
CLUBS FOUR HEARTS NINE,0.641,0.008,0.351
DIAMONDS JACK HEARTS EIGHT,0.5734,0.006,0.4206
CLUBS EIGHT DIAMONDS FIVE,0.614,0.009,0.377
CLUBS FOUR HEARTS ACE,0.389,0.005,0.606
HEARTS SEVEN SPADES THREE,0.627,0.0064,0.3666
HEARTS SEVEN HEARTS SIX,0.6308,0.0348,0.3344
SPADES TWO CLUBS ACE,0.3818,0.0056,0.6126
CLUBS SIX CLUBS QUEEN,0.6974,0.0392,0.2634
CLUBS FOUR HEARTS JACK,0.6356,0.0062,0.3582
CLUBS FOUR DIAMONDS FOUR,0.4472,0.015,0.5378
CLUBS EIGHT HEARTS FOUR,0.6458,0.0064,0.3478
DIAMONDS KING DIAMONDS FIVE,0.386,0.3634,0.2506
HEARTS FOUR CLUBS FIVE,0.629,0.008,0.363
SPADES KING SPADES THREE,0.3582,0.3552,0.2866
DIAMONDS THREE SPADES SIX,0.718,0.0384,0.2436
CLUBS TWO DIAMONDS NINE,0.631,0.0076,0.3614
HEARTS FIVE CLUBS QUEEN,0.6364,0.0086,0.355
CLUBS TWO DIAMONDS SEVEN,0.636,0.0084,0.3556
SPADES QUEEN DIAMONDS FOUR,0.6348,0.0078,0.3574
HEARTS SIX SPADES TEN,0.717,0.029,0.254
CLUBS FOUR DIAMONDS KING,0.3992,0.3894,0.2114
HEARTS JACK DIAMONDS SEVEN,0.5888,0.0064,0.4048
CLUBS SEVEN SPADES THREE,0.6206,0.0084,0.371
DIAMONDS ACE DIAMONDS FOUR,0.3764,0.0034,0.6202
SPADES ACE SPADES FOUR,0.3692,0.0034,0.6274
HEARTS TEN CLUBS JACK,0.5548,0.0086,0.4366
CLUBS NINE CLUBS QUEEN,0.5528,0.0058,0.4414
CLUBS FOUR CLUBS TWO,0.6278,0.0082,0.364
DIAMONDS ACE DIAMONDS SEVEN,0.3402,0.0046,0.6552
SPADES SIX HEARTS JACK,0.7172,0.0342,0.2486
