opposingHand,winningChance,drawChance,lostChance
CLUBS FOUR HEARTS TEN
HEARTS FIVE SPADES TEN,0.2192,0.4636,0.3172
SPADES JACK HEARTS FIVE,0.3726,0.0206,0.6068
CLUBS JACK SPADES FIVE,0.3558,0.0214,0.6228
CLUBS TEN SPADES FIVE,0.2184,0.4672,0.3144
CLUBS JACK CLUBS EIGHT,0.3304,0.018,0.6516
CLUBS TEN CLUBS EIGHT,0.2112,0.2176,0.5712
CLUBS EIGHT CLUBS KING,0.3464,0.0074,0.6462
SPADES FIVE CLUBS ACE,0.352,0.0046,0.6434
CLUBS EIGHT CLUBS QUEEN,0.3358,0.0132,0.651
SPADES FIVE CLUBS KING,0.3482,0.0048,0.647
SPADES FIVE CLUBS QUEEN,0.3586,0.012,0.6294
CLUBS EIGHT CLUBS ACE,0.3354,0.0046,0.66
DIAMONDS TWO DIAMONDS THREE,0.5854,0.0294,0.3852
DIAMONDS TWO DIAMONDS FIVE,0.558,0.0282,0.4138
SPADES KING HEARTS FIVE,0.3612,0.0102,0.6286
DIAMONDS TWO DIAMONDS FOUR,0.614,0.0808,0.3052
SPADES QUEEN HEARTS FIVE,0.3646,0.0104,0.625
DIAMONDS TWO DIAMONDS SEVEN,0.5704,0.0272,0.4024
DIAMONDS TWO DIAMONDS SIX,0.5738,0.0308,0.3954
SPADES ACE HEARTS FIVE,0.3522,0.0046,0.6432
DIAMONDS TWO DIAMONDS NINE,0.5788,0.0258,0.3954
DIAMONDS TWO DIAMONDS EIGHT,0.5818,0.022,0.3962
DIAMONDS THREE DIAMONDS FOUR,0.6044,0.08,0.3156
CLUBS TWO SPADES FOUR,0.6718,0.0794,0.2488
DIAMONDS THREE DIAMONDS FIVE,0.5534,0.032,0.4146
SPADES FIVE CLUBS TWO,0.5922,0.0304,0.3774
CLUBS TWO SPADES TWO,0.4068,0.0678,0.5254
CLUBS TWO SPADES THREE,0.6304,0.036,0.3336
DIAMONDS THREE DIAMONDS EIGHT,0.5798,0.0252,0.395
SPADES EIGHT CLUBS TWO,0.6156,0.0276,0.3568
DIAMONDS THREE DIAMONDS NINE,0.5798,0.027,0.3932
SPADES NINE CLUBS TWO,0.6296,0.032,0.3384
DIAMONDS THREE DIAMONDS SIX,0.5592,0.0294,0.4114
SPADES SIX CLUBS TWO,0.6228,0.0286,0.3486
DIAMONDS THREE DIAMONDS SEVEN,0.5734,0.032,0.3946
SPADES SEVEN CLUBS TWO,0.6174,0.025,0.3576
CLUBS SIX CLUBS TWO,0.5892,0.0252,0.3856
CLUBS SEVEN CLUBS TWO,0.575,0.0302,0.3948
CLUBS FIVE CLUBS TWO,0.5726,0.0318,0.3956
CLUBS TEN CLUBS JACK,0.2162,0.054,0.7298
DIAMONDS FOUR DIAMONDS SIX,0.608,0.0744,0.3176
CLUBS TEN CLUBS QUEEN,0.2164,0.0492,0.7344
DIAMONDS FOUR DIAMONDS SEVEN,0.6102,0.0784,0.3114
CLUBS TEN CLUBS KING,0.2158,0.037,0.7472
CLUBS TEN CLUBS ACE,0.2198,0.0238,0.7564
CLUBS EIGHT CLUBS TWO,0.5778,0.0254,0.3968
DIAMONDS FIVE DIAMONDS FOUR,0.602,0.076,0.322
CLUBS NINE CLUBS TWO,0.588,0.0252,0.3868
DIAMONDS NINE DIAMONDS FOUR,0.6452,0.0718,0.283
DIAMONDS EIGHT DIAMONDS FOUR,0.6418,0.0766,0.2816
CLUBS THREE CLUBS TWO,0.6044,0.0314,0.3642
DIAMONDS NINE DIAMONDS FIVE,0.5312,0.0258,0.443
CLUBS JACK DIAMONDS TWO,0.3854,0.0196,0.595
DIAMONDS EIGHT DIAMONDS FIVE,0.5306,0.0256,0.4438
CLUBS TEN DIAMONDS TWO,0.2728,0.5086,0.2186
DIAMONDS FIVE DIAMONDS SEVEN,0.531,0.0286,0.4404
DIAMONDS FIVE DIAMONDS SIX,0.5226,0.0264,0.451
DIAMONDS TWO CLUBS ACE,0.3744,0.0056,0.62
DIAMONDS TWO CLUBS KING,0.395,0.0086,0.5964
DIAMONDS TWO CLUBS QUEEN,0.3872,0.0112,0.6016
DIAMONDS EIGHT DIAMONDS SIX,0.5052,0.0298,0.465
DIAMONDS NINE DIAMONDS SIX,0.5222,0.0252,0.4526
HEARTS ACE SPADES THREE,0.381,0.0052,0.6138
SPADES THREE HEARTS KING,0.3996,0.0082,0.5922
DIAMONDS SEVEN DIAMONDS SIX,0.5092,0.0296,0.4612
HEARTS QUEEN SPADES THREE,0.3754,0.0142,0.6104
SPADES THREE HEARTS JACK,0.3926,0.016,0.5914
DIAMONDS EIGHT DIAMONDS SEVEN,0.506,0.0268,0.4672
DIAMONDS NINE DIAMONDS SEVEN,0.5214,0.02,0.4586
DIAMONDS NINE DIAMONDS EIGHT,0.4796,0.0262,0.4942
SPADES JACK CLUBS SIX,0.348,0.0176,0.6344
DIAMONDS KING HEARTS JACK,0.3106,0.007,0.6824
HEARTS THREE HEARTS JACK,0.3718,0.0168,0.6114
SPADES TEN CLUBS SIX,0.2234,0.3692,0.4074
SPADES JACK SPADES FIVE,0.3362,0.0166,0.6472
SPADES TEN SPADES FIVE,0.2136,0.4356,0.3508
DIAMONDS KING HEARTS ACE,0.3272,0.0052,0.6676
HEARTS THREE HEARTS ACE,0.3536,0.0056,0.6408
SPADES ACE CLUBS SIX,0.3618,0.0042,0.634
DIAMONDS KING HEARTS QUEEN,0.3212,0.0076,0.6712
HEARTS THREE HEARTS QUEEN,0.3678,0.0148,0.6174
SPADES KING CLUBS SIX,0.372,0.006,0.622
DIAMONDS KING HEARTS KING,0.1372,0.0088,0.854
HEARTS THREE HEARTS KING,0.3756,0.0092,0.6152
SPADES QUEEN CLUBS SIX,0.3498,0.0112,0.639
SPADES NINE HEARTS JACK,0.3238,0.0144,0.6618
SPADES QUEEN SPADES FIVE,0.3416,0.01,0.6484
SPADES KING SPADES FIVE,0.3324,0.0076,0.66
SPADES ACE SPADES FIVE,0.316,0.0054,0.6786
SPADES NINE HEARTS QUEEN,0.329,0.011,0.66
SPADES NINE HEARTS KING,0.3592,0.0068,0.634
SPADES NINE HEARTS ACE,0.3536,0.0046,0.6418
CLUBS TEN SPADES JACK,0.2324,0.0578,0.7098
CLUBS TEN SPADES TEN,0.0816,0.0542,0.8642
SPADES ACE CLUBS TEN,0.2178,0.0238,0.7584
CLUBS TEN SPADES KING,0.222,0.0346,0.7434
CLUBS TEN SPADES QUEEN,0.2292,0.044,0.7268
SPADES FIVE HEARTS QUEEN,0.3554,0.0124,0.6322
SPADES FIVE HEARTS KING,0.354,0.008,0.638
HEARTS ACE SPADES FIVE,0.3546,0.0058,0.6396
CLUBS EIGHT SPADES TEN,0.2214,0.2296,0.549
HEARTS THREE SPADES JACK,0.396,0.017,0.587
SPADES JACK DIAMONDS KING,0.3196,0.006,0.6744
SPADES TEN DIAMONDS KING,0.2316,0.032,0.7364
HEARTS THREE SPADES TEN,0.2704,0.5248,0.2048
CLUBS EIGHT SPADES JACK,0.346,0.0152,0.6388
CLUBS SIX HEARTS ACE,0.356,0.005,0.639
SPADES ACE CLUBS EIGHT,0.3566,0.0048,0.6386
CLUBS JACK HEARTS FIVE,0.3556,0.0174,0.627
CLUBS TEN HEARTS FIVE,0.2076,0.4786,0.3138
CLUBS SIX HEARTS QUEEN,0.3586,0.0134,0.628
SPADES QUEEN CLUBS EIGHT,0.3582,0.0128,0.629
CLUBS TEN SPADES THREE,0.251,0.5298,0.2192
CLUBS SIX HEARTS KING,0.3516,0.0088,0.6396
SPADES KING CLUBS EIGHT,0.3682,0.006,0.6258
CLUBS JACK SPADES THREE,0.3832,0.0186,0.5982
DIAMONDS TWO HEARTS JACK,0.3942,0.018,0.5878
SPADES THREE CLUBS QUEEN,0.3966,0.012,0.5914
SPADES THREE CLUBS KING,0.3934,0.0076,0.599
HEARTS FIVE CLUBS ACE,0.3554,0.006,0.6386
SPADES THREE CLUBS ACE,0.3834,0.0036,0.613
HEARTS FIVE CLUBS KING,0.3552,0.0102,0.6346
SPADES FIVE HEARTS JACK,0.3598,0.0166,0.6236
HEARTS FIVE CLUBS QUEEN,0.3642,0.013,0.6228
HEARTS THREE CLUBS KING,0.3862,0.0082,0.6056
DIAMONDS KING CLUBS KING,0.1364,0.0112,0.8524
HEARTS THREE CLUBS QUEEN,0.391,0.0114,0.5976
DIAMONDS KING CLUBS QUEEN,0.3142,0.0062,0.6796
HEARTS FIVE HEARTS JACK,0.3456,0.0196,0.6348
HEARTS THREE CLUBS ACE,0.3734,0.0064,0.6202
DIAMONDS KING CLUBS ACE,0.32,0.004,0.676
SPADES ACE CLUBS QUEEN,0.3138,0.0036,0.6826
SPADES KING CLUBS QUEEN,0.3174,0.0076,0.675
CLUBS JACK HEARTS THREE,0.387,0.0204,0.5926
CLUBS JACK DIAMONDS KING,0.3092,0.0048,0.686
SPADES QUEEN CLUBS QUEEN,0.1446,0.0152,0.8402
CLUBS TEN HEARTS THREE,0.2628,0.5314,0.2058
CLUBS TEN DIAMONDS KING,0.2206,0.035,0.7444
SPADES JACK CLUBS QUEEN,0.3026,0.0098,0.6876
CLUBS SIX CLUBS QUEEN,0.3354,0.012,0.6526
SPADES TEN CLUBS QUEEN,0.2254,0.0486,0.726
CLUBS SIX CLUBS KING,0.3426,0.0096,0.6478
CLUBS SIX CLUBS ACE,0.3498,0.0068,0.6434
HEARTS FIVE HEARTS KING,0.3504,0.0084,0.6412
HEARTS FIVE HEARTS QUEEN,0.3546,0.016,0.6294
CLUBS TEN CLUBS SIX,0.2206,0.352,0.4274
HEARTS FIVE HEARTS ACE,0.3342,0.0046,0.6612
CLUBS JACK CLUBS SIX,0.3338,0.017,0.6492
SPADES SEVEN HEARTS JACK,0.3508,0.0168,0.6324
DIAMONDS TWO CLUBS TWO,0.3908,0.0728,0.5364
DIAMONDS TWO CLUBS THREE,0.6328,0.0312,0.336
HEARTS SIX DIAMONDS TWO,0.6102,0.0332,0.3566
DIAMONDS TWO HEARTS QUEEN,0.3776,0.0142,0.6082
DIAMONDS TWO HEARTS SEVEN,0.623,0.0304,0.3466
DIAMONDS TWO HEARTS KING,0.377,0.0102,0.6128
DIAMONDS TWO HEARTS EIGHT,0.6146,0.0234,0.362
DIAMONDS TWO HEARTS ACE,0.3768,0.006,0.6172
DIAMONDS TWO HEARTS NINE,0.6282,0.0264,0.3454
DIAMONDS TWO DIAMONDS QUEEN,0.3852,0.0118,0.603
DIAMONDS TWO HEARTS TWO,0.4024,0.0758,0.5218
DIAMONDS TWO DIAMONDS KING,0.3754,0.0068,0.6178
HEARTS THREE DIAMONDS TWO,0.6186,0.0322,0.3492
DIAMONDS TWO DIAMONDS ACE,0.3678,0.004,0.6282
HEARTS FOUR DIAMONDS TWO,0.6668,0.0866,0.2466
DIAMONDS TWO HEARTS FIVE,0.598,0.0284,0.3736
SPADES SEVEN HEARTS ACE,0.3484,0.0034,0.6482
DIAMONDS TWO DIAMONDS TEN,0.2524,0.4812,0.2664
SPADES SEVEN HEARTS KING,0.353,0.006,0.641
DIAMONDS TWO DIAMONDS JACK,0.3696,0.0188,0.6116
SPADES SEVEN HEARTS QUEEN,0.3516,0.0116,0.6368
DIAMONDS TWO SPADES NINE,0.6156,0.0314,0.353
DIAMONDS TWO SPADES EIGHT,0.6206,0.03,0.3494
DIAMONDS TWO SPADES SEVEN,0.6222,0.0286,0.3492
DIAMONDS TWO SPADES SIX,0.6196,0.0302,0.3502
DIAMONDS TWO SPADES FIVE,0.6124,0.0296,0.358
DIAMONDS TWO SPADES FOUR,0.6664,0.0762,0.2574
DIAMONDS TWO SPADES THREE,0.6116,0.0322,0.3562
DIAMONDS TWO SPADES TWO,0.3944,0.0718,0.5338
DIAMONDS TWO CLUBS NINE,0.613,0.0282,0.3588
CLUBS EIGHT DIAMONDS TWO,0.6072,0.0298,0.363
DIAMONDS TWO CLUBS SEVEN,0.6092,0.0356,0.3552
DIAMONDS TWO CLUBS SIX,0.6168,0.0306,0.3526
DIAMONDS TWO CLUBS FIVE,0.6098,0.032,0.3582
SPADES ACE DIAMONDS SIX,0.3708,0.0038,0.6254
SPADES QUEEN DIAMONDS SIX,0.357,0.0124,0.6306
SPADES KING DIAMONDS SIX,0.3634,0.0082,0.6284
SPADES TEN DIAMONDS SIX,0.2176,0.3874,0.395
SPADES JACK DIAMONDS SIX,0.3602,0.0186,0.6212
SPADES QUEEN SPADES TWO,0.3684,0.0126,0.619
SPADES KING SPADES TWO,0.3664,0.0102,0.6234
SPADES ACE SPADES TWO,0.3608,0.0046,0.6346
CLUBS JACK DIAMONDS JACK,0.1436,0.0208,0.8356
CLUBS TEN DIAMONDS JACK,0.2356,0.0568,0.7076
DIAMONDS JACK CLUBS KING,0.317,0.0076,0.6754
DIAMONDS JACK CLUBS QUEEN,0.3124,0.009,0.6786
DIAMONDS THREE DIAMONDS JACK,0.3738,0.0176,0.6086
DIAMONDS THREE DIAMONDS TEN,0.2476,0.4914,0.261
DIAMONDS JACK CLUBS ACE,0.3124,0.005,0.6826
DIAMONDS THREE DIAMONDS KING,0.3752,0.0104,0.6144
HEARTS THREE DIAMONDS THREE,0.3908,0.0654,0.5438
DIAMONDS THREE DIAMONDS QUEEN,0.3764,0.0124,0.6112
DIAMONDS THREE HEARTS TWO,0.6292,0.0294,0.3414
HEARTS FIVE DIAMONDS THREE,0.5862,0.0368,0.377
DIAMONDS THREE DIAMONDS ACE,0.3606,0.0056,0.6338
HEARTS FOUR DIAMONDS THREE,0.6476,0.085,0.2674
DIAMONDS THREE HEARTS SEVEN,0.6168,0.0274,0.3558
SPADES TEN SPADES NINE,0.2222,0.1632,0.6146
HEARTS SIX DIAMONDS THREE,0.6006,0.0322,0.3672
SPADES JACK SPADES NINE,0.3072,0.0176,0.6752
DIAMONDS THREE HEARTS NINE,0.62,0.0288,0.3512
HEARTS JACK DIAMONDS FOUR,0.2358,0.0622,0.702
HEARTS ACE HEARTS KING,0.296,0.006,0.698
SPADES TEN SPADES TWO,0.2488,0.4844,0.2668
DIAMONDS THREE HEARTS EIGHT,0.6316,0.0282,0.3402
SPADES JACK SPADES TWO,0.3802,0.02,0.5998
HEARTS QUEEN DIAMONDS FOUR,0.2336,0.0488,0.7176
HEARTS KING DIAMONDS FOUR,0.2322,0.042,0.7258
SPADES ACE SPADES NINE,0.3222,0.005,0.6728
HEARTS ACE DIAMONDS FOUR,0.231,0.0228,0.7462
SPADES KING SPADES NINE,0.3266,0.0052,0.6682
SPADES QUEEN SPADES NINE,0.3228,0.0104,0.6668
DIAMONDS THREE SPADES NINE,0.6186,0.0264,0.355
DIAMONDS THREE SPADES EIGHT,0.62,0.0264,0.3536
DIAMONDS THREE SPADES SEVEN,0.6084,0.028,0.3636
DIAMONDS THREE SPADES SIX,0.5828,0.0296,0.3876
DIAMONDS THREE CLUBS SIX,0.5872,0.0282,0.3846
CLUBS SIX CLUBS FIVE,0.5208,0.0262,0.453
CLUBS ACE DIAMONDS FOUR,0.2252,0.0254,0.7494
DIAMONDS THREE CLUBS SEVEN,0.613,0.0278,0.3592
CLUBS SEVEN CLUBS FIVE,0.5258,0.0286,0.4456
DIAMONDS FOUR CLUBS QUEEN,0.2328,0.0444,0.7228
DIAMONDS THREE CLUBS FIVE,0.587,0.0328,0.3802
DIAMONDS FOUR CLUBS KING,0.243,0.0378,0.7192
DIAMONDS THREE CLUBS TWO,0.6358,0.0326,0.3316
CLUBS TEN DIAMONDS FOUR,0.0106,0.9708,0.0186
DIAMONDS THREE CLUBS THREE,0.3894,0.0742,0.5364
CLUBS JACK DIAMONDS FOUR,0.2316,0.0602,0.7082
DIAMONDS THREE SPADES FOUR,0.642,0.0784,0.2796
DIAMONDS THREE SPADES FIVE,0.583,0.0314,0.3856
DIAMONDS THREE SPADES TWO,0.6306,0.0296,0.3398
DIAMONDS THREE SPADES THREE,0.3946,0.062,0.5434
CLUBS EIGHT DIAMONDS THREE,0.6138,0.0288,0.3574
CLUBS NINE DIAMONDS THREE,0.597,0.0274,0.3756
SPADES SEVEN CLUBS ACE,0.3676,0.0036,0.6288
SPADES SEVEN CLUBS QUEEN,0.362,0.0108,0.6272
SPADES SEVEN CLUBS KING,0.3606,0.0068,0.6326
SPADES SEVEN CLUBS FIVE,0.5578,0.03,0.4122
CLUBS TEN SPADES SEVEN,0.2212,0.287,0.4918
CLUBS FIVE SPADES SIX,0.548,0.0314,0.4206
CLUBS JACK SPADES SEVEN,0.3476,0.019,0.6334
SPADES NINE CLUBS FIVE,0.578,0.0256,0.3964
SPADES EIGHT CLUBS FIVE,0.5592,0.0306,0.4102
CLUBS FIVE SPADES THREE,0.5958,0.0268,0.3774
CLUBS FIVE SPADES TWO,0.6144,0.0268,0.3588
CLUBS FIVE SPADES FIVE,0.2972,0.0652,0.6376
CLUBS FIVE SPADES FOUR,0.6256,0.0816,0.2928
CLUBS NINE CLUBS FIVE,0.541,0.03,0.429
CLUBS EIGHT CLUBS FIVE,0.5424,0.0304,0.4272
CLUBS ACE CLUBS QUEEN,0.3028,0.0058,0.6914
CLUBS KING CLUBS QUEEN,0.2978,0.0088,0.6934
DIAMONDS TEN DIAMONDS FOUR,0.02,0.9098,0.0702
CLUBS TEN DIAMONDS NINE,0.2094,0.1782,0.6124
DIAMONDS JACK DIAMONDS FOUR,0.2278,0.0584,0.7138
CLUBS JACK DIAMONDS NINE,0.3264,0.0136,0.66
CLUBS JACK SPADES NINE,0.335,0.0138,0.6512
CLUBS TEN SPADES NINE,0.2184,0.1678,0.6138
DIAMONDS ACE DIAMONDS FOUR,0.2296,0.0208,0.7496
HEARTS FOUR DIAMONDS FOUR,0.291,0.0508,0.6582
SPADES NINE CLUBS KING,0.3464,0.0082,0.6454
DIAMONDS TWO SPADES TEN,0.2618,0.5266,0.2116
DIAMONDS NINE CLUBS ACE,0.3594,0.0042,0.6364
HEARTS FIVE DIAMONDS FOUR,0.6266,0.0784,0.295
DIAMONDS JACK HEARTS JACK,0.1442,0.0256,0.8302
SPADES NINE CLUBS QUEEN,0.3356,0.0106,0.6538
DIAMONDS TWO SPADES JACK,0.4,0.0202,0.5798
DIAMONDS QUEEN DIAMONDS FOUR,0.2256,0.0478,0.7266
HEARTS TWO DIAMONDS FOUR,0.6722,0.0838,0.244
DIAMONDS NINE CLUBS QUEEN,0.3396,0.0104,0.65
DIAMONDS KING DIAMONDS FOUR,0.2218,0.034,0.7442
HEARTS THREE DIAMONDS FOUR,0.647,0.0832,0.2698
SPADES NINE CLUBS ACE,0.36,0.0036,0.6364
DIAMONDS NINE CLUBS KING,0.3538,0.0068,0.6394
HEARTS ACE DIAMONDS JACK,0.3178,0.0042,0.678
SPADES ACE DIAMONDS TWO,0.3852,0.0046,0.6102
HEARTS QUEEN DIAMONDS JACK,0.3004,0.0118,0.6878
SPADES QUEEN DIAMONDS TWO,0.3944,0.0124,0.5932
DIAMONDS JACK HEARTS KING,0.3064,0.0072,0.6864
SPADES KING DIAMONDS TWO,0.3926,0.0076,0.5998
SPADES JACK SPADES SEVEN,0.3318,0.0146,0.6536
SPADES TEN SPADES SEVEN,0.201,0.2716,0.5274
CLUBS SEVEN CLUBS THREE,0.5636,0.0278,0.4086
CLUBS SIX CLUBS THREE,0.5682,0.03,0.4018
CLUBS THREE CLUBS FIVE,0.5608,0.0344,0.4048
CLUBS NINE CLUBS THREE,0.5922,0.0284,0.3794
CLUBS EIGHT CLUBS THREE,0.5888,0.0282,0.383
CLUBS THREE SPADES FIVE,0.5904,0.0266,0.383
CLUBS THREE SPADES FOUR,0.6496,0.081,0.2694
CLUBS THREE SPADES THREE,0.398,0.0686,0.5334
CLUBS THREE SPADES TWO,0.6326,0.0296,0.3378
CLUBS THREE SPADES SIX,0.5994,0.0266,0.374
CLUBS THREE SPADES SEVEN,0.6058,0.0258,0.3684
SPADES EIGHT CLUBS THREE,0.6234,0.028,0.3486
SPADES NINE CLUBS THREE,0.6174,0.0294,0.3532
SPADES TWO DIAMONDS FOUR,0.6492,0.0882,0.2626
SPADES THREE DIAMONDS FOUR,0.6568,0.0746,0.2686
SPADES FOUR DIAMONDS FOUR,0.2864,0.0502,0.6634
SPADES FIVE DIAMONDS FOUR,0.6202,0.0854,0.2944
SPADES SIX DIAMONDS FOUR,0.6548,0.0758,0.2694
SPADES SEVEN DIAMONDS FOUR,0.6544,0.0766,0.269
SPADES EIGHT DIAMONDS FOUR,0.6712,0.076,0.2528
SPADES NINE DIAMONDS FOUR,0.6794,0.0788,0.2418
CLUBS FIVE DIAMONDS FOUR,0.644,0.0686,0.2874
CLUBS SEVEN DIAMONDS FOUR,0.6574,0.0706,0.272
CLUBS SIX DIAMONDS FOUR,0.65,0.0792,0.2708
CLUBS NINE DIAMONDS FOUR,0.679,0.0756,0.2454
CLUBS EIGHT DIAMONDS FOUR,0.665,0.0726,0.2624
DIAMONDS FOUR HEARTS SEVEN,0.671,0.0772,0.2518
HEARTS SIX DIAMONDS FOUR,0.6444,0.0814,0.2742
HEARTS NINE DIAMONDS FOUR,0.687,0.0866,0.2264
DIAMONDS FOUR HEARTS EIGHT,0.6718,0.081,0.2472
CLUBS THREE DIAMONDS FOUR,0.6316,0.0848,0.2836
CLUBS TWO DIAMONDS FOUR,0.666,0.0844,0.2496
DIAMONDS TEN DIAMONDS FIVE,0.2066,0.4282,0.3652
DIAMONDS JACK DIAMONDS FIVE,0.3392,0.016,0.6448
DIAMONDS NINE HEARTS QUEEN,0.3398,0.0132,0.647
DIAMONDS NINE HEARTS KING,0.3522,0.007,0.6408
HEARTS ACE DIAMONDS NINE,0.3618,0.0032,0.635
DIAMONDS NINE HEARTS JACK,0.3242,0.0124,0.6634
CLUBS KING DIAMONDS SIX,0.348,0.0054,0.6466
CLUBS QUEEN DIAMONDS SIX,0.3578,0.0124,0.6298
CLUBS ACE DIAMONDS SIX,0.3624,0.0038,0.6338
SPADES KING DIAMONDS FOUR,0.247,0.0308,0.7222
SPADES ACE SPADES SEVEN,0.335,0.005,0.66
SPADES QUEEN DIAMONDS FOUR,0.2482,0.0482,0.7036
SPADES QUEEN SPADES SEVEN,0.3406,0.0132,0.6462
CLUBS JACK DIAMONDS SIX,0.3554,0.0216,0.623
SPADES KING SPADES SEVEN,0.3342,0.007,0.6588
SPADES ACE DIAMONDS FOUR,0.2402,0.026,0.7338
CLUBS TEN DIAMONDS SIX,0.2162,0.3688,0.415
SPADES JACK DIAMONDS FOUR,0.2256,0.0596,0.7148
SPADES TEN DIAMONDS FOUR,0.0218,0.9564,0.0218
CLUBS SEVEN SPADES EIGHT,0.5484,0.0274,0.4242
SPADES NINE CLUBS SEVEN,0.5366,0.0258,0.4376
CLUBS SEVEN SPADES SIX,0.5498,0.0262,0.424
CLUBS SEVEN SPADES SEVEN,0.289,0.0484,0.6626
CLUBS SEVEN SPADES FIVE,0.562,0.0276,0.4104
CLUBS SEVEN SPADES FOUR,0.6564,0.0788,0.2648
CLUBS SEVEN SPADES THREE,0.6076,0.03,0.3624
CLUBS SEVEN SPADES TWO,0.6124,0.0294,0.3582
CLUBS NINE CLUBS SEVEN,0.5138,0.0238,0.4624
CLUBS EIGHT CLUBS SEVEN,0.5168,0.0284,0.4548
HEARTS SIX DIAMONDS FIVE,0.557,0.0276,0.4154
DIAMONDS FIVE HEARTS SEVEN,0.5678,0.026,0.4062
DIAMONDS FIVE HEARTS EIGHT,0.5724,0.0258,0.4018
HEARTS NINE DIAMONDS FIVE,0.5732,0.0254,0.4014
DIAMONDS QUEEN DIAMONDS FIVE,0.3494,0.0134,0.6372
HEARTS TWO DIAMONDS FIVE,0.6024,0.0254,0.3722
HEARTS KING HEARTS EIGHT,0.3518,0.008,0.6402
DIAMONDS KING DIAMONDS FIVE,0.3542,0.0072,0.6386
HEARTS THREE DIAMONDS FIVE,0.5754,0.0322,0.3924
HEARTS QUEEN HEARTS EIGHT,0.3304,0.0114,0.6582
DIAMONDS ACE DIAMONDS FIVE,0.3302,0.0052,0.6646
HEARTS FOUR DIAMONDS FIVE,0.6318,0.081,0.2872
HEARTS FIVE DIAMONDS FIVE,0.3112,0.0566,0.6322
HEARTS ACE HEARTS EIGHT,0.3444,0.0066,0.649
CLUBS FIVE DIAMONDS FIVE,0.3014,0.0568,0.6418
CLUBS SIX DIAMONDS FIVE,0.551,0.029,0.42
CLUBS SEVEN DIAMONDS FIVE,0.5612,0.0266,0.4122
CLUBS TWO DIAMONDS FIVE,0.6066,0.0284,0.365
CLUBS THREE DIAMONDS FIVE,0.5938,0.0326,0.3736
SPADES THREE DIAMONDS FIVE,0.5942,0.0286,0.3772
SPADES TWO DIAMONDS FIVE,0.5934,0.0264,0.3802
SPADES JACK DIAMONDS EIGHT,0.3376,0.0164,0.646
SPADES FIVE DIAMONDS FIVE,0.29,0.0644,0.6456
CLUBS TEN HEARTS JACK,0.2168,0.0522,0.731
SPADES TEN DIAMONDS EIGHT,0.2336,0.2196,0.5468
SPADES FOUR DIAMONDS FIVE,0.6342,0.0798,0.286
CLUBS JACK HEARTS JACK,0.1316,0.0246,0.8438
HEARTS JACK CLUBS QUEEN,0.306,0.0106,0.6834
CLUBS NINE DIAMONDS FIVE,0.581,0.0292,0.3898
CLUBS EIGHT DIAMONDS FIVE,0.5706,0.0258,0.4036
HEARTS JACK CLUBS KING,0.2998,0.0102,0.69
CLUBS ACE HEARTS JACK,0.3054,0.0052,0.6894
SPADES SEVEN DIAMONDS FIVE,0.5652,0.0264,0.4084
SPADES KING DIAMONDS EIGHT,0.3698,0.0064,0.6238
SPADES QUEEN DIAMONDS EIGHT,0.3594,0.0102,0.6304
SPADES SIX DIAMONDS FIVE,0.5596,0.0304,0.41
SPADES NINE DIAMONDS FIVE,0.5822,0.0264,0.3914
SPADES EIGHT DIAMONDS FIVE,0.5718,0.0262,0.402
SPADES ACE DIAMONDS EIGHT,0.3632,0.004,0.6328
DIAMONDS TEN DIAMONDS SIX,0.2022,0.3554,0.4424
HEARTS ACE DIAMONDS SEVEN,0.3398,0.004,0.6562
DIAMONDS JACK DIAMONDS SIX,0.357,0.0156,0.6274
HEARTS QUEEN DIAMONDS SEVEN,0.3668,0.0094,0.6238
HEARTS KING DIAMONDS SEVEN,0.3586,0.0066,0.6348
DIAMONDS ACE DIAMONDS SIX,0.3464,0.0032,0.6504
HEARTS FOUR DIAMONDS SIX,0.6658,0.079,0.2552
SPADES TWO HEARTS JACK,0.3876,0.0196,0.5928
HEARTS FIVE DIAMONDS SIX,0.5578,0.0272,0.415
DIAMONDS QUEEN DIAMONDS SIX,0.3324,0.0082,0.6594
HEARTS TWO DIAMONDS SIX,0.6158,0.0316,0.3526
DIAMONDS KING DIAMONDS SIX,0.3382,0.006,0.6558
HEARTS THREE DIAMONDS SIX,0.6148,0.0236,0.3616
HEARTS EIGHT DIAMONDS SIX,0.5592,0.027,0.4138
HEARTS NINE DIAMONDS SIX,0.5502,0.0274,0.4224
HEARTS SIX DIAMONDS SIX,0.295,0.0576,0.6474
HEARTS SEVEN DIAMONDS SIX,0.5566,0.024,0.4194
CLUBS TWO DIAMONDS SIX,0.6098,0.0334,0.3568
HEARTS JACK DIAMONDS SEVEN,0.3564,0.0184,0.6252
CLUBS THREE DIAMONDS SIX,0.5874,0.0344,0.3782
CLUBS SEVEN DIAMONDS SIX,0.5516,0.0288,0.4196
CLUBS JACK DIAMONDS EIGHT,0.3396,0.017,0.6434
CLUBS SIX DIAMONDS SIX,0.281,0.0538,0.6652
CLUBS TEN DIAMONDS EIGHT,0.2282,0.2282,0.5436
CLUBS FIVE DIAMONDS SIX,0.5502,0.025,0.4248
HEARTS ACE HEARTS JACK,0.3034,0.0052,0.6914
DIAMONDS EIGHT CLUBS ACE,0.3518,0.0044,0.6438
HEARTS QUEEN HEARTS JACK,0.2876,0.0094,0.703
DIAMONDS EIGHT CLUBS KING,0.3736,0.0092,0.6172
CLUBS NINE DIAMONDS SIX,0.5526,0.0268,0.4206
HEARTS KING HEARTS JACK,0.2934,0.0086,0.698
CLUBS EIGHT DIAMONDS SIX,0.5392,0.024,0.4368
DIAMONDS EIGHT CLUBS QUEEN,0.3452,0.0096,0.6452
SPADES TEN HEARTS KING,0.23,0.036,0.734
SPADES FIVE DIAMONDS SIX,0.5576,0.0276,0.4148
HEARTS ACE SPADES TWO,0.3692,0.005,0.6258
SPADES JACK HEARTS KING,0.3142,0.0072,0.6786
SPADES FOUR DIAMONDS SIX,0.644,0.0738,0.2822
SPADES THREE DIAMONDS SIX,0.5898,0.033,0.3772
HEARTS QUEEN SPADES TWO,0.388,0.0146,0.5974
SPADES ACE SPADES KING,0.2928,0.0038,0.7034
HEARTS KING SPADES TWO,0.3806,0.0122,0.6072
SPADES TWO DIAMONDS SIX,0.6052,0.0318,0.363
SPADES NINE DIAMONDS SIX,0.5708,0.025,0.4042
HEARTS JACK HEARTS EIGHT,0.322,0.0162,0.6618
SPADES EIGHT DIAMONDS SIX,0.5708,0.0264,0.4028
SPADES SEVEN DIAMONDS SIX,0.5466,0.0288,0.4246
SPADES SIX DIAMONDS SIX,0.2864,0.055,0.6586
SPADES KING HEARTS KING,0.1402,0.009,0.8508
SPADES QUEEN HEARTS KING,0.2994,0.0086,0.692
CLUBS ACE CLUBS KING,0.315,0.0044,0.6806
SPADES ACE HEARTS KING,0.3276,0.0052,0.6672
SPADES ACE HEARTS JACK,0.327,0.0056,0.6674
SPADES QUEEN HEARTS JACK,0.3022,0.0092,0.6886
SPADES KING HEARTS JACK,0.314,0.0078,0.6782
SPADES TEN DIAMONDS TEN,0.0922,0.0536,0.8542
SPADES JACK DIAMONDS TEN,0.2348,0.0532,0.712
SPADES ACE DIAMONDS TEN,0.2288,0.028,0.7432
SPADES JACK HEARTS JACK,0.1478,0.0208,0.8314
SPADES TEN HEARTS JACK,0.2254,0.059,0.7156
SPADES QUEEN DIAMONDS TEN,0.2392,0.053,0.7078
SPADES KING DIAMONDS TEN,0.2388,0.0352,0.726
SPADES NINE DIAMONDS SEVEN,0.5404,0.0276,0.432
SPADES EIGHT DIAMONDS SEVEN,0.5488,0.0248,0.4264
SPADES SEVEN DIAMONDS SEVEN,0.2798,0.0514,0.6688
SPADES SIX DIAMONDS SEVEN,0.5516,0.0272,0.4212
DIAMONDS KING DIAMONDS SEVEN,0.3508,0.0072,0.642
HEARTS THREE DIAMONDS SEVEN,0.6144,0.0238,0.3618
HEARTS KING DIAMONDS FIVE,0.3686,0.008,0.6234
DIAMONDS QUEEN DIAMONDS SEVEN,0.342,0.0124,0.6456
HEARTS TWO DIAMONDS SEVEN,0.613,0.0324,0.3546
HEARTS QUEEN DIAMONDS FIVE,0.3516,0.0118,0.6366
HEARTS FIVE DIAMONDS SEVEN,0.5708,0.0264,0.4028
DIAMONDS ACE DIAMONDS SEVEN,0.3344,0.0034,0.6622
HEARTS FOUR DIAMONDS SEVEN,0.658,0.0782,0.2638
HEARTS ACE DIAMONDS FIVE,0.3482,0.005,0.6468
HEARTS SEVEN DIAMONDS SEVEN,0.2918,0.0532,0.655
HEARTS SIX DIAMONDS SEVEN,0.5534,0.0262,0.4204
HEARTS NINE DIAMONDS SEVEN,0.5482,0.027,0.4248
DIAMONDS SEVEN HEARTS EIGHT,0.5354,0.0264,0.4382
DIAMONDS JACK DIAMONDS SEVEN,0.335,0.016,0.649
DIAMONDS FIVE HEARTS JACK,0.3562,0.0166,0.6272
DIAMONDS TEN DIAMONDS SEVEN,0.2138,0.2736,0.5126
CLUBS EIGHT DIAMONDS SEVEN,0.5242,0.0292,0.4466
SPADES KING CLUBS TWO,0.408,0.0076,0.5844
HEARTS KING CLUBS KING,0.1216,0.0088,0.8696
SPADES QUEEN CLUBS TWO,0.402,0.0116,0.5864
HEARTS KING CLUBS QUEEN,0.3044,0.0086,0.687
CLUBS NINE DIAMONDS SEVEN,0.5368,0.031,0.4322
CLUBS JACK SPADES TWO,0.3898,0.0178,0.5924
CLUBS SIX CLUBS SEVEN,0.5176,0.0322,0.4502
SPADES ACE CLUBS TWO,0.3882,0.0038,0.608
CLUBS TEN SPADES TWO,0.2582,0.524,0.2178
HEARTS KING CLUBS ACE,0.3174,0.006,0.6766
SPADES TWO CLUBS KING,0.3926,0.01,0.5974
SPADES TWO DIAMONDS SEVEN,0.6302,0.0282,0.3416
CLUBS EIGHT CLUBS SIX,0.5252,0.026,0.4488
SPADES THREE DIAMONDS SEVEN,0.6088,0.025,0.3662
SPADES TWO CLUBS QUEEN,0.399,0.0128,0.5882
CLUBS NINE CLUBS SIX,0.5374,0.0286,0.434
SPADES FOUR DIAMONDS SEVEN,0.6576,0.0774,0.265
CLUBS JACK HEARTS KING,0.3082,0.0066,0.6852
SPADES FIVE DIAMONDS SEVEN,0.5468,0.0292,0.424
SPADES TWO CLUBS ACE,0.3756,0.004,0.6204
CLUBS TEN HEARTS KING,0.2326,0.0364,0.731
CLUBS SIX SPADES TWO,0.6108,0.0344,0.3548
CLUBS SIX SPADES THREE,0.5842,0.0296,0.3862
CLUBS TWO DIAMONDS SEVEN,0.6192,0.0254,0.3554
CLUBS SIX SPADES FOUR,0.6502,0.079,0.2708
CLUBS THREE DIAMONDS SEVEN,0.6154,0.0258,0.3588
CLUBS SIX SPADES FIVE,0.571,0.0306,0.3984
CLUBS SIX SPADES SIX,0.2914,0.0572,0.6514
CLUBS FIVE DIAMONDS SEVEN,0.5522,0.034,0.4138
CLUBS SIX SPADES SEVEN,0.542,0.026,0.432
CLUBS SIX DIAMONDS SEVEN,0.5418,0.0274,0.4308
CLUBS SIX SPADES EIGHT,0.5448,0.0296,0.4256
SPADES JACK CLUBS TWO,0.4008,0.0156,0.5836
CLUBS SEVEN DIAMONDS SEVEN,0.2872,0.0496,0.6632
CLUBS SIX SPADES NINE,0.5612,0.0316,0.4072
SPADES TEN CLUBS TWO,0.2702,0.4998,0.23
CLUBS TWO CLUBS QUEEN,0.373,0.0112,0.6158
CLUBS TWO CLUBS KING,0.3862,0.0114,0.6024
CLUBS THREE DIAMONDS EIGHT,0.6196,0.0276,0.3528
CLUBS TWO CLUBS ACE,0.3656,0.0048,0.6296
CLUBS TWO DIAMONDS EIGHT,0.6096,0.027,0.3634
DIAMONDS EIGHT HEARTS SEVEN,0.5376,0.0274,0.435
HEARTS SIX DIAMONDS EIGHT,0.5546,0.0262,0.4192
DIAMONDS EIGHT HEARTS NINE,0.54,0.0262,0.4338
CLUBS TEN CLUBS TWO,0.2668,0.4802,0.253
DIAMONDS EIGHT HEARTS EIGHT,0.2862,0.0438,0.67
CLUBS JACK CLUBS TWO,0.3714,0.0172,0.6114
CLUBS NINE DIAMONDS EIGHT,0.5254,0.0276,0.447
CLUBS EIGHT DIAMONDS EIGHT,0.27,0.043,0.687
CLUBS FIVE DIAMONDS EIGHT,0.5522,0.027,0.4208
SPADES ACE SPADES THREE,0.3554,0.0044,0.6402
CLUBS SEVEN DIAMONDS EIGHT,0.5426,0.0302,0.4272
SPADES QUEEN SPADES THREE,0.3614,0.0132,0.6254
CLUBS SIX DIAMONDS EIGHT,0.5538,0.0286,0.4176
SPADES KING SPADES THREE,0.3658,0.0082,0.626
DIAMONDS QUEEN DIAMONDS EIGHT,0.3314,0.0116,0.657
HEARTS TWO DIAMONDS EIGHT,0.6064,0.0288,0.3648
DIAMONDS KING DIAMONDS EIGHT,0.34,0.0068,0.6532
HEARTS THREE DIAMONDS EIGHT,0.6246,0.0266,0.3488
DIAMONDS ACE DIAMONDS EIGHT,0.3396,0.004,0.6564
HEARTS FOUR DIAMONDS EIGHT,0.6804,0.0764,0.2432
HEARTS FIVE DIAMONDS EIGHT,0.5516,0.0328,0.4156
DIAMONDS EIGHT DIAMONDS TEN,0.2144,0.207,0.5786
DIAMONDS EIGHT DIAMONDS JACK,0.3254,0.0184,0.6562
SPADES JACK SPADES THREE,0.3672,0.019,0.6138
SPADES TEN SPADES THREE,0.2448,0.4856,0.2696
CLUBS SIX HEARTS JACK,0.3506,0.0198,0.6296
DIAMONDS EIGHT SPADES FOUR,0.6714,0.078,0.2506
SPADES FIVE DIAMONDS EIGHT,0.56,0.0284,0.4116
DIAMONDS EIGHT SPADES TWO,0.6178,0.0274,0.3548
DIAMONDS EIGHT SPADES THREE,0.6256,0.0302,0.3442
SPADES EIGHT DIAMONDS EIGHT,0.2812,0.0456,0.6732
SPADES TEN DIAMONDS QUEEN,0.2328,0.0466,0.7206
SPADES TEN HEARTS TWO,0.2564,0.5358,0.2078
SPADES JACK HEARTS EIGHT,0.3454,0.0186,0.636
SPADES NINE DIAMONDS EIGHT,0.5194,0.0248,0.4558
SPADES TEN HEARTS EIGHT,0.2242,0.2206,0.5552
SPADES JACK HEARTS TWO,0.3976,0.018,0.5844
SPADES JACK DIAMONDS QUEEN,0.3132,0.0092,0.6776
SPADES SIX DIAMONDS EIGHT,0.557,0.0268,0.4162
SPADES SEVEN DIAMONDS EIGHT,0.5406,0.0232,0.4362
SPADES ACE HEARTS TWO,0.389,0.003,0.608
SPADES ACE DIAMONDS QUEEN,0.322,0.003,0.675
SPADES ACE HEARTS EIGHT,0.3712,0.0044,0.6244
SPADES KING HEARTS EIGHT,0.3656,0.0054,0.629
SPADES QUEEN HEARTS TWO,0.3896,0.0156,0.5948
SPADES QUEEN DIAMONDS QUEEN,0.1418,0.0128,0.8454
SPADES KING DIAMONDS QUEEN,0.3144,0.0048,0.6808
SPADES KING HEARTS TWO,0.3904,0.0082,0.6014
SPADES QUEEN HEARTS EIGHT,0.3514,0.0112,0.6374
CLUBS TWO HEARTS JACK,0.4014,0.019,0.5796
SPADES SEVEN DIAMONDS NINE,0.5492,0.0216,0.4292
SPADES SIX DIAMONDS NINE,0.5548,0.0268,0.4184
SPADES NINE DIAMONDS NINE,0.267,0.0418,0.6912
SPADES EIGHT DIAMONDS NINE,0.5286,0.0232,0.4482
SPADES TEN CLUBS KING,0.229,0.0334,0.7376
DIAMONDS NINE SPADES THREE,0.6064,0.032,0.3616
SPADES JACK CLUBS KING,0.3052,0.007,0.6878
DIAMONDS NINE SPADES TWO,0.6036,0.0306,0.3658
DIAMONDS NINE SPADES FIVE,0.5756,0.0318,0.3926
DIAMONDS NINE SPADES FOUR,0.6794,0.0784,0.2422
CLUBS NINE DIAMONDS NINE,0.263,0.0378,0.6992
CLUBS EIGHT DIAMONDS NINE,0.5186,0.0226,0.4588
CLUBS SIX DIAMONDS NINE,0.5546,0.028,0.4174
CLUBS SEVEN DIAMONDS NINE,0.5424,0.0258,0.4318
CLUBS FIVE DIAMONDS NINE,0.5752,0.0256,0.3992
DIAMONDS NINE CLUBS TWO,0.6184,0.0252,0.3564
CLUBS THREE DIAMONDS NINE,0.6262,0.0284,0.3454
DIAMONDS NINE HEARTS EIGHT,0.543,0.0256,0.4314
DIAMONDS NINE HEARTS NINE,0.2698,0.0382,0.692
HEARTS SIX DIAMONDS NINE,0.5524,0.0282,0.4194
DIAMONDS NINE HEARTS SEVEN,0.5348,0.0236,0.4416
CLUBS EIGHT CLUBS NINE,0.5146,0.0244,0.461
DIAMONDS ACE DIAMONDS NINE,0.3536,0.0052,0.6412
HEARTS FOUR DIAMONDS NINE,0.6922,0.076,0.2318
HEARTS FIVE DIAMONDS NINE,0.5672,0.0294,0.4034
HEARTS ACE CLUBS TWO,0.3788,0.006,0.6152
DIAMONDS QUEEN DIAMONDS NINE,0.3056,0.011,0.6834
HEARTS TWO DIAMONDS NINE,0.61,0.0306,0.3594
CLUBS TWO HEARTS KING,0.4048,0.0098,0.5854
DIAMONDS KING DIAMONDS NINE,0.3252,0.008,0.6668
HEARTS THREE DIAMONDS NINE,0.6148,0.0296,0.3556
CLUBS TWO HEARTS QUEEN,0.3996,0.015,0.5854
DIAMONDS NINE DIAMONDS JACK,0.3138,0.0142,0.672
CLUBS EIGHT SPADES NINE,0.5204,0.0244,0.4552
DIAMONDS NINE DIAMONDS TEN,0.2128,0.1658,0.6214
CLUBS EIGHT SPADES EIGHT,0.2736,0.0482,0.6782
CLUBS EIGHT SPADES SEVEN,0.5232,0.025,0.4518
CLUBS EIGHT SPADES SIX,0.5458,0.0308,0.4234
CLUBS EIGHT SPADES FIVE,0.5522,0.029,0.4188
CLUBS EIGHT SPADES FOUR,0.6664,0.084,0.2496
CLUBS EIGHT SPADES THREE,0.6082,0.0266,0.3652
CLUBS EIGHT SPADES TWO,0.6076,0.0316,0.3608
HEARTS SIX DIAMONDS TEN,0.2344,0.3838,0.3818
DIAMONDS TEN HEARTS SEVEN,0.2364,0.2954,0.4682
DIAMONDS TEN HEARTS EIGHT,0.2334,0.2408,0.5258
DIAMONDS TEN HEARTS NINE,0.2266,0.1686,0.6048
CLUBS TWO DIAMONDS TEN,0.2596,0.5322,0.2082
CLUBS THREE DIAMONDS TEN,0.2642,0.5228,0.213
DIAMONDS JACK DIAMONDS TEN,0.2246,0.0592,0.7162
DIAMONDS QUEEN DIAMONDS TEN,0.219,0.0382,0.7428
HEARTS TWO DIAMONDS TEN,0.2746,0.5032,0.2222
DIAMONDS KING DIAMONDS TEN,0.2166,0.0372,0.7462
HEARTS THREE DIAMONDS TEN,0.2732,0.526,0.2008
DIAMONDS ACE DIAMONDS TEN,0.2138,0.024,0.7622
HEARTS FOUR DIAMONDS TEN,0.0214,0.9658,0.0128
CLUBS EIGHT HEARTS JACK,0.332,0.016,0.652
HEARTS FIVE DIAMONDS TEN,0.2222,0.4654,0.3124
CLUBS EIGHT HEARTS QUEEN,0.3402,0.0114,0.6484
CLUBS EIGHT HEARTS KING,0.3596,0.008,0.6324
CLUBS EIGHT HEARTS ACE,0.349,0.0058,0.6452
CLUBS NINE SPADES THREE,0.6224,0.03,0.3476
CLUBS NINE SPADES TWO,0.6086,0.0286,0.3628
CLUBS NINE SPADES FIVE,0.5662,0.0354,0.3984
CLUBS NINE SPADES FOUR,0.6792,0.083,0.2378
CLUBS NINE SPADES SEVEN,0.546,0.0326,0.4214
CLUBS NINE SPADES SIX,0.5536,0.0322,0.4142
CLUBS NINE SPADES NINE,0.2734,0.0378,0.6888
CLUBS TEN HEARTS EIGHT,0.2274,0.2254,0.5472
CLUBS NINE SPADES EIGHT,0.5326,0.025,0.4424
CLUBS JACK HEARTS EIGHT,0.3388,0.0194,0.6418
CLUBS QUEEN HEARTS EIGHT,0.3518,0.0088,0.6394
CLUBS KING HEARTS EIGHT,0.3588,0.0076,0.6336
CLUBS ACE HEARTS EIGHT,0.3406,0.0052,0.6542
SPADES KING CLUBS KING,0.1254,0.0094,0.8652
SPADES QUEEN CLUBS KING,0.3216,0.0056,0.6728
SPADES ACE CLUBS KING,0.3366,0.0044,0.659
DIAMONDS ACE HEARTS JACK,0.3222,0.0034,0.6744
HEARTS FOUR HEARTS JACK,0.2284,0.0588,0.7128
SPADES KING CLUBS FIVE,0.3548,0.0068,0.6384
SPADES QUEEN CLUBS FIVE,0.3516,0.014,0.6344
SPADES ACE CLUBS FIVE,0.3438,0.0048,0.6514
DIAMONDS JACK HEARTS SEVEN,0.3602,0.015,0.6248
HEARTS SIX DIAMONDS JACK,0.3716,0.0182,0.6102
DIAMONDS JACK HEARTS NINE,0.3414,0.0174,0.6412
DIAMONDS JACK HEARTS EIGHT,0.3308,0.0226,0.6466
DIAMONDS KING DIAMONDS JACK,0.2962,0.0044,0.6994
HEARTS THREE DIAMONDS JACK,0.396,0.0186,0.5854
SPADES ACE SPADES SIX,0.3324,0.0038,0.6638
HEARTS ACE SPADES FOUR,0.2274,0.0272,0.7454
DIAMONDS QUEEN DIAMONDS JACK,0.2892,0.01,0.7008
HEARTS TWO DIAMONDS JACK,0.403,0.021,0.576
HEARTS FIVE DIAMONDS JACK,0.3524,0.0196,0.628
SPADES QUEEN SPADES SIX,0.3258,0.01,0.6642
SPADES FOUR HEARTS QUEEN,0.2376,0.0472,0.7152
DIAMONDS ACE DIAMONDS JACK,0.296,0.003,0.701
HEARTS FOUR DIAMONDS JACK,0.2348,0.0642,0.701
SPADES KING SPADES SIX,0.341,0.0082,0.6508
SPADES FOUR HEARTS KING,0.2394,0.035,0.7256
SPADES TEN SPADES SIX,0.2036,0.3518,0.4446
SPADES JACK SPADES SIX,0.3296,0.0152,0.6552
SPADES FOUR DIAMONDS JACK,0.248,0.0608,0.6912
SPADES FIVE DIAMONDS JACK,0.358,0.0194,0.6226
DIAMONDS JACK SPADES TWO,0.3948,0.0192,0.586
DIAMONDS JACK SPADES THREE,0.3842,0.0188,0.597
SPADES ACE DIAMONDS THREE,0.391,0.0044,0.6046
CLUBS EIGHT DIAMONDS JACK,0.338,0.0176,0.6444
SPADES QUEEN DIAMONDS THREE,0.4054,0.0106,0.584
SPADES KING DIAMONDS THREE,0.388,0.0086,0.6034
CLUBS NINE DIAMONDS JACK,0.311,0.0146,0.6744
CLUBS SIX DIAMONDS JACK,0.3576,0.0156,0.6268
CLUBS SEVEN DIAMONDS JACK,0.3372,0.0164,0.6464
CLUBS FIVE DIAMONDS JACK,0.3644,0.019,0.6166
CLUBS TWO DIAMONDS JACK,0.395,0.0154,0.5896
CLUBS THREE DIAMONDS JACK,0.3854,0.0202,0.5944
SPADES TEN CLUBS FIVE,0.2114,0.457,0.3316
HEARTS SIX SPADES JACK,0.3672,0.0172,0.6156
HEARTS SIX SPADES TEN,0.2196,0.3786,0.4018
SPADES JACK CLUBS FIVE,0.347,0.0182,0.6348
SPADES JACK DIAMONDS THREE,0.387,0.0172,0.5958
CLUBS SEVEN CLUBS ACE,0.3414,0.005,0.6536
DIAMONDS THREE SPADES TEN,0.2564,0.5202,0.2234
CLUBS SEVEN CLUBS QUEEN,0.3438,0.0118,0.6444
CLUBS SEVEN CLUBS KING,0.352,0.009,0.639
SPADES NINE DIAMONDS JACK,0.3296,0.0164,0.654
CLUBS TEN CLUBS SEVEN,0.2144,0.2816,0.504
DIAMONDS ACE HEARTS ACE,0.1316,0.0036,0.8648
HEARTS FOUR HEARTS ACE,0.24,0.0238,0.7362
SPADES EIGHT DIAMONDS JACK,0.3554,0.0132,0.6314
SPADES ACE HEARTS SIX,0.3628,0.0042,0.633
CLUBS JACK CLUBS SEVEN,0.3392,0.0162,0.6446
DIAMONDS ACE HEARTS KING,0.3242,0.0038,0.672
HEARTS FOUR HEARTS KING,0.2306,0.0322,0.7372
SPADES SEVEN DIAMONDS JACK,0.3532,0.0144,0.6324
SPADES KING HEARTS SIX,0.3752,0.0104,0.6144
DIAMONDS ACE HEARTS QUEEN,0.328,0.0044,0.6676
HEARTS FOUR HEARTS QUEEN,0.2306,0.0508,0.7186
SPADES QUEEN HEARTS SIX,0.3624,0.0098,0.6278
SPADES SIX DIAMONDS JACK,0.3728,0.0184,0.6088
DIAMONDS TEN SPADES TWO,0.2712,0.5122,0.2166
SPADES THREE DIAMONDS TEN,0.261,0.5224,0.2166
SPADES FOUR DIAMONDS TEN,0.0206,0.9604,0.019
SPADES FIVE DIAMONDS TEN,0.2228,0.4442,0.333
SPADES SIX DIAMONDS TEN,0.236,0.3594,0.4046
SPADES SEVEN DIAMONDS TEN,0.215,0.288,0.497
SPADES EIGHT DIAMONDS TEN,0.2334,0.2232,0.5434
SPADES NINE DIAMONDS TEN,0.2256,0.1636,0.6108
CLUBS FIVE DIAMONDS TEN,0.2182,0.4686,0.3132
CLUBS SIX DIAMONDS TEN,0.209,0.3764,0.4146
CLUBS SEVEN DIAMONDS TEN,0.2144,0.3088,0.4768
CLUBS EIGHT DIAMONDS TEN,0.2168,0.2198,0.5634
CLUBS NINE DIAMONDS TEN,0.223,0.1736,0.6034
CLUBS JACK DIAMONDS THREE,0.3788,0.018,0.6032
CLUBS TEN DIAMONDS THREE,0.2576,0.5142,0.2282
DIAMONDS THREE CLUBS KING,0.388,0.0094,0.6026
DIAMONDS THREE CLUBS QUEEN,0.3892,0.0146,0.5962
DIAMONDS THREE CLUBS ACE,0.3812,0.0058,0.613
SPADES FOUR HEARTS JACK,0.2246,0.0698,0.7056
SPADES FIVE SPADES TWO,0.5552,0.0316,0.4132
SPADES FOUR SPADES TWO,0.6188,0.0792,0.302
SPADES THREE SPADES TWO,0.5996,0.026,0.3744
SPADES NINE SPADES TWO,0.5732,0.0276,0.3992
SPADES EIGHT SPADES TWO,0.5708,0.0278,0.4014
SPADES SEVEN SPADES TWO,0.5842,0.0274,0.3884
SPADES SIX SPADES TWO,0.5746,0.034,0.3914
DIAMONDS QUEEN CLUBS THREE,0.4028,0.013,0.5842
CLUBS THREE HEARTS TWO,0.6282,0.033,0.3388
DIAMONDS QUEEN CLUBS TWO,0.4098,0.0092,0.581
HEARTS TWO CLUBS TWO,0.4048,0.0684,0.5268
DIAMONDS QUEEN HEARTS SEVEN,0.3648,0.0086,0.6266
HEARTS TWO HEARTS SEVEN,0.5832,0.028,0.3888
HEARTS SIX DIAMONDS QUEEN,0.3684,0.013,0.6186
HEARTS SIX HEARTS TWO,0.5852,0.033,0.3818
DIAMONDS QUEEN HEARTS NINE,0.3444,0.0104,0.6452
HEARTS TWO HEARTS NINE,0.5826,0.0292,0.3882
DIAMONDS QUEEN HEARTS EIGHT,0.366,0.0098,0.6242
HEARTS TWO HEARTS EIGHT,0.5906,0.029,0.3804
CLUBS NINE HEARTS TWO,0.6078,0.0336,0.3586
CLUBS NINE DIAMONDS QUEEN,0.34,0.0102,0.6498
CLUBS EIGHT DIAMONDS QUEEN,0.3482,0.0104,0.6414
CLUBS EIGHT HEARTS TWO,0.6164,0.0304,0.3532
DIAMONDS QUEEN CLUBS FIVE,0.356,0.0096,0.6344
HEARTS TWO CLUBS FIVE,0.5918,0.0396,0.3686
SPADES EIGHT HEARTS ACE,0.349,0.0032,0.6478
CLUBS SEVEN DIAMONDS QUEEN,0.3572,0.0122,0.6306
CLUBS SEVEN HEARTS TWO,0.626,0.0254,0.3486
SPADES EIGHT HEARTS QUEEN,0.3614,0.012,0.6266
CLUBS SIX DIAMONDS QUEEN,0.3558,0.0112,0.633
CLUBS SIX HEARTS TWO,0.6082,0.0322,0.3596
SPADES EIGHT HEARTS KING,0.3592,0.0084,0.6324
HEARTS TWO SPADES SIX,0.619,0.031,0.35
DIAMONDS QUEEN SPADES SIX,0.3694,0.0122,0.6184
HEARTS FOUR CLUBS QUEEN,0.2422,0.0414,0.7164
DIAMONDS ACE CLUBS QUEEN,0.3214,0.0038,0.6748
DIAMONDS QUEEN SPADES SEVEN,0.3592,0.008,0.6328
HEARTS TWO SPADES SEVEN,0.6238,0.0298,0.3464
HEARTS FOUR CLUBS KING,0.2168,0.0354,0.7478
DIAMONDS ACE CLUBS KING,0.3204,0.0056,0.674
DIAMONDS QUEEN SPADES EIGHT,0.3628,0.0112,0.626
SPADES EIGHT HEARTS TWO,0.6128,0.0314,0.3558
HEARTS FOUR CLUBS ACE,0.2346,0.0262,0.7392
DIAMONDS ACE CLUBS ACE,0.1232,0.0034,0.8734
SPADES NINE DIAMONDS QUEEN,0.3472,0.009,0.6438
SPADES NINE HEARTS TWO,0.6186,0.0264,0.355
HEARTS TWO SPADES TWO,0.3916,0.068,0.5404
DIAMONDS QUEEN SPADES TWO,0.3906,0.0112,0.5982
HEARTS TWO SPADES THREE,0.6366,0.0302,0.3332
DIAMONDS QUEEN SPADES THREE,0.3898,0.012,0.5982
HEARTS TWO SPADES FOUR,0.665,0.0788,0.2562
DIAMONDS QUEEN SPADES FOUR,0.242,0.0452,0.7128
CLUBS TEN HEARTS FOUR,0.0068,0.985,0.0082
CLUBS TEN DIAMONDS ACE,0.2222,0.0232,0.7546
HEARTS TWO SPADES FIVE,0.6014,0.031,0.3676
DIAMONDS QUEEN SPADES FIVE,0.3622,0.0114,0.6264
HEARTS FOUR CLUBS JACK,0.238,0.0694,0.6926
CLUBS JACK DIAMONDS ACE,0.3216,0.0038,0.6746
CLUBS FIVE CLUBS KING,0.3338,0.0102,0.656
CLUBS FIVE CLUBS QUEEN,0.35,0.0114,0.6386
CLUBS FIVE CLUBS ACE,0.3428,0.0046,0.6526
CLUBS JACK CLUBS FIVE,0.3398,0.0204,0.6398
CLUBS TEN CLUBS FIVE,0.2164,0.4494,0.3342
SPADES KING CLUBS JACK,0.3028,0.007,0.6902
CLUBS JACK SPADES QUEEN,0.3092,0.011,0.6798
SPADES ACE CLUBS JACK,0.3104,0.004,0.6856
SPADES SIX CLUBS KING,0.3472,0.0078,0.645
SPADES SIX CLUBS QUEEN,0.3588,0.0082,0.633
SPADES EIGHT HEARTS JACK,0.325,0.0184,0.6566
SPADES SIX CLUBS ACE,0.3562,0.0032,0.6406
CLUBS JACK SPADES SIX,0.366,0.0168,0.6172
CLUBS TEN SPADES SIX,0.2128,0.3886,0.3986
CLUBS JACK SPADES TEN,0.224,0.0566,0.7194
CLUBS JACK SPADES JACK,0.1514,0.0242,0.8244
SPADES QUEEN CLUBS SEVEN,0.3646,0.0126,0.6228
SPADES KING CLUBS SEVEN,0.3652,0.0068,0.628
SPADES ACE CLUBS SEVEN,0.363,0.0046,0.6324
SPADES SIX HEARTS JACK,0.3666,0.014,0.6194
SPADES SIX HEARTS ACE,0.3664,0.004,0.6296
SPADES SIX HEARTS KING,0.363,0.0084,0.6286
SPADES SIX HEARTS QUEEN,0.3574,0.0116,0.631
SPADES JACK CLUBS SEVEN,0.3406,0.0178,0.6416
SPADES TEN CLUBS SEVEN,0.2184,0.293,0.4886
CLUBS TEN HEARTS SIX,0.2094,0.383,0.4076
CLUBS JACK HEARTS SIX,0.3564,0.0164,0.6272
CLUBS JACK CLUBS ACE,0.3144,0.0054,0.6802
HEARTS SIX CLUBS QUEEN,0.3674,0.0094,0.6232
HEARTS SIX CLUBS KING,0.355,0.0062,0.6388
HEARTS SIX CLUBS ACE,0.3626,0.0052,0.6322
CLUBS JACK CLUBS QUEEN,0.299,0.0082,0.6928
CLUBS JACK CLUBS KING,0.294,0.0086,0.6974
DIAMONDS THREE HEARTS ACE,0.3638,0.0058,0.6304
DIAMONDS THREE HEARTS QUEEN,0.387,0.0122,0.6008
DIAMONDS THREE HEARTS KING,0.3872,0.0086,0.6042
CLUBS FIVE HEARTS JACK,0.3356,0.0202,0.6442
SPADES TEN DIAMONDS ACE,0.226,0.0264,0.7476
HEARTS FOUR SPADES TEN,0.0208,0.9674,0.0118
HEARTS FOUR SPADES JACK,0.2378,0.0616,0.7006
SPADES JACK DIAMONDS ACE,0.3226,0.0026,0.6748
SPADES ACE HEARTS FOUR,0.2378,0.0248,0.7374
SPADES ACE DIAMONDS ACE,0.131,0.0026,0.8664
CLUBS FIVE HEARTS ACE,0.3448,0.005,0.6502
CLUBS FIVE HEARTS KING,0.352,0.0082,0.6398
HEARTS FOUR SPADES QUEEN,0.245,0.0542,0.7008
SPADES QUEEN DIAMONDS ACE,0.3288,0.0046,0.6666
CLUBS JACK SPADES FOUR,0.2214,0.0654,0.7132
CLUBS FIVE HEARTS QUEEN,0.3532,0.0158,0.631
SPADES KING DIAMONDS ACE,0.3204,0.0014,0.6782
HEARTS FOUR SPADES KING,0.2398,0.0342,0.726
CLUBS TEN SPADES FOUR,0.009,0.9734,0.0176
DIAMONDS QUEEN DIAMONDS ACE,0.3024,0.0042,0.6934
HEARTS TWO DIAMONDS ACE,0.3864,0.0064,0.6072
HEARTS FOUR DIAMONDS QUEEN,0.2358,0.0466,0.7176
HEARTS FOUR HEARTS TWO,0.6382,0.0792,0.2826
SPADES FOUR CLUBS KING,0.2384,0.035,0.7266
HEARTS FIVE DIAMONDS QUEEN,0.3698,0.0146,0.6156
HEARTS FIVE HEARTS TWO,0.5676,0.0322,0.4002
DIAMONDS THREE HEARTS JACK,0.3804,0.0176,0.602
SPADES FOUR CLUBS QUEEN,0.2404,0.0486,0.711
DIAMONDS QUEEN HEARTS TWO,0.3874,0.012,0.6006
DIAMONDS KING DIAMONDS QUEEN,0.2936,0.0088,0.6976
DIAMONDS KING HEARTS TWO,0.4034,0.007,0.5896
HEARTS THREE DIAMONDS QUEEN,0.3778,0.0106,0.6116
HEARTS THREE HEARTS TWO,0.5918,0.0328,0.3754
SPADES FOUR CLUBS ACE,0.2258,0.0254,0.7488
HEARTS TWO CLUBS ACE,0.379,0.005,0.616
DIAMONDS QUEEN CLUBS ACE,0.3216,0.0066,0.6718
HEARTS TWO CLUBS QUEEN,0.3944,0.0128,0.5928
DIAMONDS QUEEN CLUBS QUEEN,0.1434,0.0184,0.8382
HEARTS TWO CLUBS KING,0.395,0.0088,0.5962
DIAMONDS QUEEN CLUBS KING,0.3076,0.0086,0.6838
SPADES EIGHT SPADES FIVE,0.5156,0.0266,0.4578
CLUBS TEN HEARTS TWO,0.2552,0.5312,0.2136
CLUBS TEN DIAMONDS QUEEN,0.2328,0.0454,0.7218
SPADES NINE SPADES FIVE,0.5414,0.029,0.4296
CLUBS JACK HEARTS TWO,0.3976,0.0218,0.5806
CLUBS JACK DIAMONDS QUEEN,0.3002,0.013,0.6868
SPADES SIX SPADES FIVE,0.5274,0.029,0.4436
SPADES SEVEN SPADES FIVE,0.5202,0.0262,0.4536
DIAMONDS FIVE CLUBS QUEEN,0.3582,0.0158,0.626
SPADES EIGHT CLUBS ACE,0.346,0.0038,0.6502
DIAMONDS FIVE CLUBS KING,0.36,0.0072,0.6328
SPADES EIGHT CLUBS KING,0.3566,0.0058,0.6376
DIAMONDS FIVE CLUBS ACE,0.3462,0.0048,0.649
SPADES EIGHT CLUBS QUEEN,0.36,0.0084,0.6316
CLUBS JACK SPADES EIGHT,0.3498,0.0148,0.6354
CLUBS TEN SPADES EIGHT,0.224,0.2236,0.5524
CLUBS TEN DIAMONDS FIVE,0.2148,0.4702,0.315
CLUBS JACK DIAMONDS FIVE,0.3542,0.0192,0.6266
DIAMONDS TEN HEARTS JACK,0.2264,0.058,0.7156
SPADES ACE CLUBS NINE,0.3528,0.0054,0.6418
SPADES QUEEN CLUBS NINE,0.3292,0.0098,0.661
SPADES KING CLUBS NINE,0.3462,0.0084,0.6454
HEARTS SIX HEARTS KING,0.3392,0.0098,0.651
DIAMONDS KING SPADES SEVEN,0.3636,0.009,0.6274
HEARTS THREE SPADES SEVEN,0.623,0.0292,0.3478
SPADES KING DIAMONDS SEVEN,0.3568,0.008,0.6352
HEARTS SIX HEARTS QUEEN,0.3388,0.0148,0.6464
SPADES QUEEN DIAMONDS SEVEN,0.3742,0.0106,0.6152
HEARTS THREE SPADES SIX,0.5972,0.032,0.3708
DIAMONDS KING SPADES SIX,0.3668,0.0074,0.6258
DIAMONDS KING SPADES NINE,0.3702,0.0048,0.625
HEARTS THREE SPADES NINE,0.6162,0.0304,0.3534
