opposingHand,winningChance,drawChance,lostChance
CLUBS SIX HEARTS NINE
HEARTS FIVE SPADES TEN,0.4026,0.0258,0.5716
SPADES JACK HEARTS FIVE,0.403,0.0158,0.5812
CLUBS JACK SPADES FIVE,0.4054,0.017,0.5776
CLUBS TEN SPADES FIVE,0.4018,0.0228,0.5754
CLUBS JACK CLUBS EIGHT,0.3428,0.0156,0.6416
CLUBS TEN CLUBS EIGHT,0.3324,0.0226,0.645
CLUBS EIGHT CLUBS KING,0.366,0.0068,0.6272
SPADES FIVE CLUBS ACE,0.4056,0.004,0.5904
CLUBS EIGHT CLUBS QUEEN,0.3468,0.0112,0.642
SPADES FIVE CLUBS KING,0.3994,0.0086,0.592
SPADES FIVE CLUBS QUEEN,0.4038,0.011,0.5852
CLUBS EIGHT CLUBS ACE,0.3546,0.0034,0.642
DIAMONDS TWO DIAMONDS THREE,0.5778,0.0432,0.379
DIAMONDS TWO DIAMONDS FIVE,0.5676,0.0374,0.395
SPADES KING HEARTS FIVE,0.406,0.007,0.587
DIAMONDS TWO DIAMONDS FOUR,0.5852,0.0438,0.371
SPADES QUEEN HEARTS FIVE,0.4066,0.012,0.5814
DIAMONDS TWO DIAMONDS SEVEN,0.587,0.0376,0.3754
DIAMONDS TWO DIAMONDS SIX,0.6032,0.109,0.2878
SPADES ACE HEARTS FIVE,0.4082,0.0054,0.5864
DIAMONDS TWO DIAMONDS NINE,0.3788,0.3554,0.2658
DIAMONDS TWO DIAMONDS EIGHT,0.5778,0.0418,0.3804
DIAMONDS THREE DIAMONDS FOUR,0.5626,0.0432,0.3942
CLUBS TWO SPADES FOUR,0.6252,0.038,0.3368
DIAMONDS THREE DIAMONDS FIVE,0.565,0.0398,0.3952
SPADES FIVE CLUBS TWO,0.6244,0.0466,0.329
CLUBS TWO SPADES TWO,0.4236,0.0754,0.501
CLUBS TWO SPADES THREE,0.606,0.0448,0.3492
DIAMONDS THREE DIAMONDS EIGHT,0.5868,0.0378,0.3754
SPADES EIGHT CLUBS TWO,0.6206,0.0418,0.3376
DIAMONDS THREE DIAMONDS NINE,0.3714,0.3528,0.2758
SPADES NINE CLUBS TWO,0.4062,0.375,0.2188
DIAMONDS THREE DIAMONDS SIX,0.6104,0.1096,0.28
SPADES SIX CLUBS TWO,0.6614,0.1084,0.2302
DIAMONDS THREE DIAMONDS SEVEN,0.578,0.0408,0.3812
SPADES SEVEN CLUBS TWO,0.6276,0.0416,0.3308
CLUBS SEVEN CLUBS TWO,0.5912,0.046,0.3628
CLUBS FOUR CLUBS TWO,0.584,0.043,0.373
CLUBS FIVE CLUBS TWO,0.5886,0.0402,0.3712
CLUBS TEN CLUBS JACK,0.2882,0.013,0.6988
DIAMONDS FOUR DIAMONDS SIX,0.598,0.1074,0.2946
CLUBS TEN CLUBS QUEEN,0.3164,0.01,0.6736
DIAMONDS FOUR DIAMONDS SEVEN,0.5482,0.048,0.4038
CLUBS TEN CLUBS KING,0.3342,0.007,0.6588
CLUBS TEN CLUBS ACE,0.3204,0.0054,0.6742
CLUBS EIGHT CLUBS TWO,0.5774,0.046,0.3766
DIAMONDS FIVE DIAMONDS FOUR,0.5586,0.0428,0.3986
CLUBS NINE CLUBS TWO,0.3958,0.3498,0.2544
DIAMONDS NINE DIAMONDS FOUR,0.3856,0.3452,0.2692
DIAMONDS EIGHT DIAMONDS FOUR,0.5738,0.0366,0.3896
CLUBS THREE CLUBS TWO,0.6026,0.0426,0.3548
DIAMONDS NINE DIAMONDS FIVE,0.373,0.3588,0.2682
CLUBS JACK DIAMONDS TWO,0.42,0.0212,0.5588
DIAMONDS EIGHT DIAMONDS FIVE,0.5648,0.0408,0.3944
CLUBS TEN DIAMONDS TWO,0.4092,0.0298,0.561
DIAMONDS FIVE DIAMONDS SEVEN,0.5572,0.039,0.4038
DIAMONDS FIVE DIAMONDS SIX,0.5826,0.1106,0.3068
DIAMONDS TWO CLUBS ACE,0.3988,0.005,0.5962
DIAMONDS TWO CLUBS KING,0.433,0.009,0.558
DIAMONDS TWO CLUBS QUEEN,0.404,0.0152,0.5808
DIAMONDS EIGHT DIAMONDS SIX,0.601,0.0948,0.3042
DIAMONDS NINE DIAMONDS SIX,0.0224,0.909,0.0686
HEARTS ACE SPADES THREE,0.4118,0.0038,0.5844
SPADES THREE HEARTS KING,0.4122,0.007,0.5808
DIAMONDS SEVEN DIAMONDS SIX,0.5938,0.0924,0.3138
HEARTS QUEEN SPADES THREE,0.4022,0.013,0.5848
SPADES THREE HEARTS JACK,0.401,0.0196,0.5794
SPADES THREE HEARTS TEN,0.4094,0.0242,0.5664
DIAMONDS EIGHT DIAMONDS SEVEN,0.525,0.0374,0.4376
DIAMONDS NINE DIAMONDS SEVEN,0.2186,0.294,0.4874
DIAMONDS NINE DIAMONDS EIGHT,0.2234,0.2074,0.5692
DIAMONDS KING HEARTS TEN,0.3376,0.0058,0.6566
HEARTS THREE HEARTS TEN,0.3978,0.027,0.5752
DIAMONDS KING HEARTS JACK,0.3376,0.0054,0.657
HEARTS THREE HEARTS JACK,0.4026,0.0172,0.5802
SPADES JACK SPADES FIVE,0.3796,0.016,0.6044
SPADES TEN SPADES FIVE,0.3844,0.0262,0.5894
DIAMONDS KING HEARTS ACE,0.328,0.003,0.669
HEARTS THREE HEARTS ACE,0.3906,0.004,0.6054
DIAMONDS KING HEARTS QUEEN,0.3518,0.0066,0.6416
HEARTS THREE HEARTS QUEEN,0.3942,0.0126,0.5932
DIAMONDS KING HEARTS KING,0.1524,0.0098,0.8378
HEARTS THREE HEARTS KING,0.4028,0.0074,0.5898
SPADES NINE HEARTS TEN,0.225,0.076,0.699
SPADES NINE HEARTS JACK,0.232,0.056,0.712
SPADES QUEEN SPADES FIVE,0.3712,0.0086,0.6202
SPADES KING SPADES FIVE,0.3904,0.007,0.6026
SPADES ACE SPADES FIVE,0.3774,0.0042,0.6184
SPADES NINE HEARTS QUEEN,0.2572,0.0436,0.6992
SPADES NINE HEARTS KING,0.2558,0.0298,0.7144
SPADES NINE HEARTS ACE,0.2644,0.0246,0.711
CLUBS TEN SPADES JACK,0.3198,0.013,0.6672
CLUBS TEN SPADES TEN,0.162,0.0348,0.8032
SPADES ACE CLUBS TEN,0.3368,0.0046,0.6586
CLUBS TEN SPADES KING,0.3384,0.0066,0.655
CLUBS TEN SPADES QUEEN,0.321,0.0094,0.6696
SPADES FIVE HEARTS QUEEN,0.4108,0.0106,0.5786
SPADES FIVE HEARTS KING,0.4074,0.0082,0.5844
HEARTS ACE SPADES FIVE,0.3946,0.006,0.5994
CLUBS EIGHT SPADES TEN,0.343,0.0232,0.6338
HEARTS THREE SPADES JACK,0.417,0.0166,0.5664
SPADES JACK DIAMONDS KING,0.3434,0.0056,0.651
SPADES TEN DIAMONDS KING,0.3418,0.0044,0.6538
HEARTS THREE SPADES TEN,0.4106,0.0268,0.5626
CLUBS EIGHT SPADES JACK,0.3468,0.016,0.6372
SPADES ACE CLUBS EIGHT,0.3772,0.0046,0.6182
CLUBS JACK HEARTS FIVE,0.3978,0.02,0.5822
CLUBS TEN HEARTS FIVE,0.4024,0.028,0.5696
SPADES QUEEN CLUBS EIGHT,0.3836,0.0094,0.607
CLUBS TEN SPADES THREE,0.4168,0.0248,0.5584
SPADES KING CLUBS EIGHT,0.3772,0.0068,0.616
CLUBS JACK SPADES THREE,0.4112,0.0168,0.572
DIAMONDS TWO HEARTS JACK,0.4258,0.0172,0.557
SPADES THREE CLUBS QUEEN,0.4166,0.0134,0.57
DIAMONDS TWO HEARTS TEN,0.4226,0.028,0.5494
SPADES THREE CLUBS KING,0.4132,0.0106,0.5762
HEARTS FIVE CLUBS ACE,0.3954,0.0046,0.6
SPADES FIVE HEARTS TEN,0.4002,0.0258,0.574
SPADES THREE CLUBS ACE,0.3984,0.0038,0.5978
HEARTS FIVE CLUBS KING,0.4022,0.0078,0.59
SPADES FIVE HEARTS JACK,0.3998,0.0186,0.5816
HEARTS FIVE CLUBS QUEEN,0.3998,0.0118,0.5884
HEARTS THREE CLUBS KING,0.426,0.0068,0.5672
DIAMONDS KING CLUBS KING,0.1642,0.0132,0.8226
HEARTS THREE CLUBS QUEEN,0.4262,0.014,0.5598
DIAMONDS KING CLUBS QUEEN,0.344,0.005,0.651
HEARTS FIVE HEARTS JACK,0.3828,0.0182,0.599
HEARTS FIVE HEARTS TEN,0.389,0.0248,0.5862
HEARTS THREE CLUBS ACE,0.4156,0.0048,0.5796
DIAMONDS KING CLUBS ACE,0.3478,0.0034,0.6488
SPADES ACE CLUBS QUEEN,0.3422,0.0036,0.6542
SPADES KING CLUBS QUEEN,0.3476,0.0068,0.6456
CLUBS JACK HEARTS THREE,0.4242,0.0184,0.5574
CLUBS JACK DIAMONDS KING,0.3432,0.0052,0.6516
SPADES QUEEN CLUBS QUEEN,0.1748,0.0218,0.8034
CLUBS TEN HEARTS THREE,0.4042,0.0292,0.5666
CLUBS TEN DIAMONDS KING,0.3466,0.0066,0.6468
SPADES JACK CLUBS QUEEN,0.3254,0.0088,0.6658
SPADES TEN CLUBS QUEEN,0.3344,0.0094,0.6562
HEARTS FIVE HEARTS KING,0.3938,0.0076,0.5986
HEARTS FIVE HEARTS QUEEN,0.3872,0.0116,0.6012
HEARTS FIVE HEARTS ACE,0.375,0.0064,0.6186
SPADES SEVEN HEARTS JACK,0.3738,0.0154,0.6108
SPADES SEVEN HEARTS TEN,0.3502,0.0286,0.6212
DIAMONDS TWO CLUBS TWO,0.4222,0.0722,0.5056
DIAMONDS TWO CLUBS THREE,0.6146,0.0496,0.3358
HEARTS SIX DIAMONDS TWO,0.653,0.1092,0.2378
DIAMONDS TWO HEARTS QUEEN,0.4098,0.0144,0.5758
DIAMONDS TWO HEARTS SEVEN,0.6428,0.0418,0.3154
DIAMONDS TWO HEARTS KING,0.4244,0.0072,0.5684
DIAMONDS TWO HEARTS EIGHT,0.6226,0.0426,0.3348
DIAMONDS TWO HEARTS ACE,0.3932,0.0044,0.6024
DIAMONDS TWO DIAMONDS QUEEN,0.3978,0.0122,0.59
DIAMONDS TWO HEARTS TWO,0.413,0.076,0.511
DIAMONDS TWO DIAMONDS KING,0.3966,0.0084,0.595
HEARTS THREE DIAMONDS TWO,0.6252,0.0432,0.3316
DIAMONDS TWO DIAMONDS ACE,0.3808,0.0044,0.6148
HEARTS FOUR DIAMONDS TWO,0.617,0.0442,0.3388
DIAMONDS TWO HEARTS FIVE,0.6114,0.0446,0.344
SPADES SEVEN HEARTS ACE,0.3662,0.0036,0.6302
DIAMONDS TWO DIAMONDS TEN,0.3904,0.0232,0.5864
SPADES SEVEN HEARTS KING,0.3744,0.0058,0.6198
DIAMONDS TWO DIAMONDS JACK,0.399,0.0158,0.5852
SPADES SEVEN HEARTS QUEEN,0.3864,0.0094,0.6042
DIAMONDS TWO SPADES NINE,0.4132,0.3816,0.2052
DIAMONDS TWO SPADES EIGHT,0.62,0.0382,0.3418
DIAMONDS TWO SPADES SEVEN,0.6262,0.0388,0.335
DIAMONDS TWO SPADES SIX,0.6566,0.1116,0.2318
DIAMONDS TWO SPADES FIVE,0.6256,0.0434,0.331
DIAMONDS TWO SPADES FOUR,0.6066,0.0428,0.3506
DIAMONDS TWO SPADES THREE,0.6194,0.0446,0.336
DIAMONDS TWO SPADES TWO,0.4078,0.0732,0.519
DIAMONDS TWO CLUBS NINE,0.4012,0.375,0.2238
CLUBS EIGHT DIAMONDS TWO,0.612,0.0382,0.3498
DIAMONDS TWO CLUBS SEVEN,0.6242,0.0412,0.3346
DIAMONDS TWO CLUBS FIVE,0.6184,0.0424,0.3392
DIAMONDS TWO CLUBS FOUR,0.61,0.0466,0.3434
CLUBS FOUR SPADES FIVE,0.5954,0.0432,0.3614
CLUBS FOUR SPADES FOUR,0.4174,0.076,0.5066
CLUBS FOUR SPADES THREE,0.605,0.0418,0.3532
CLUBS FOUR SPADES TWO,0.618,0.0448,0.3372
SPADES NINE CLUBS FOUR,0.4238,0.3602,0.216
SPADES EIGHT CLUBS FOUR,0.6326,0.0408,0.3266
SPADES SEVEN CLUBS FOUR,0.6124,0.0476,0.34
CLUBS FOUR SPADES SIX,0.6414,0.1064,0.2522
SPADES ACE DIAMONDS SIX,0.2718,0.0246,0.7036
SPADES QUEEN DIAMONDS SIX,0.2762,0.0496,0.6742
SPADES KING DIAMONDS SIX,0.272,0.0364,0.6916
SPADES TEN DIAMONDS SIX,0.2516,0.0778,0.6706
SPADES JACK DIAMONDS SIX,0.2786,0.0526,0.6688
SPADES QUEEN SPADES TWO,0.4016,0.0102,0.5882
SPADES KING SPADES TWO,0.3934,0.0086,0.598
SPADES ACE SPADES TWO,0.385,0.0052,0.6098
CLUBS JACK DIAMONDS JACK,0.1626,0.0304,0.807
CLUBS TEN DIAMONDS JACK,0.3238,0.0132,0.663
DIAMONDS JACK CLUBS KING,0.3456,0.0054,0.649
DIAMONDS JACK CLUBS QUEEN,0.3304,0.01,0.6596
DIAMONDS THREE DIAMONDS JACK,0.3956,0.0144,0.59
DIAMONDS THREE DIAMONDS TEN,0.384,0.0268,0.5892
DIAMONDS JACK CLUBS ACE,0.3494,0.0036,0.647
DIAMONDS THREE DIAMONDS KING,0.4052,0.0096,0.5852
HEARTS THREE DIAMONDS THREE,0.4278,0.0722,0.5
DIAMONDS THREE DIAMONDS QUEEN,0.3888,0.0104,0.6008
DIAMONDS THREE HEARTS TWO,0.6184,0.0486,0.333
HEARTS FIVE DIAMONDS THREE,0.6068,0.0474,0.3458
DIAMONDS THREE DIAMONDS ACE,0.384,0.0048,0.6112
HEARTS FOUR DIAMONDS THREE,0.6076,0.046,0.3464
DIAMONDS THREE HEARTS SEVEN,0.6114,0.0478,0.3408
SPADES TEN SPADES NINE,0.2132,0.0728,0.714
HEARTS SIX DIAMONDS THREE,0.641,0.1154,0.2436
SPADES JACK SPADES NINE,0.2218,0.0626,0.7156
HEARTS JACK DIAMONDS FOUR,0.4,0.0176,0.5824
HEARTS ACE HEARTS KING,0.3278,0.0044,0.6678
SPADES TEN SPADES TWO,0.389,0.0284,0.5826
DIAMONDS THREE HEARTS EIGHT,0.6274,0.0418,0.3308
HEARTS TEN DIAMONDS FOUR,0.412,0.0292,0.5588
SPADES JACK SPADES TWO,0.3874,0.0146,0.598
HEARTS QUEEN DIAMONDS FOUR,0.4274,0.0138,0.5588
HEARTS KING DIAMONDS FOUR,0.4072,0.0074,0.5854
SPADES ACE SPADES NINE,0.2334,0.0222,0.7444
HEARTS ACE DIAMONDS FOUR,0.3948,0.0052,0.6
SPADES KING SPADES NINE,0.2442,0.034,0.7218
SPADES QUEEN SPADES NINE,0.2378,0.0396,0.7226
DIAMONDS THREE SPADES NINE,0.399,0.3732,0.2278
DIAMONDS THREE SPADES EIGHT,0.633,0.0388,0.3282
DIAMONDS THREE SPADES SEVEN,0.6056,0.0422,0.3522
DIAMONDS THREE SPADES SIX,0.6354,0.1082,0.2564
CLUBS ACE DIAMONDS FOUR,0.4186,0.0056,0.5758
DIAMONDS THREE CLUBS SEVEN,0.605,0.0452,0.3498
CLUBS FIVE CLUBS SEVEN,0.5646,0.0458,0.3896
DIAMONDS THREE CLUBS FOUR,0.6008,0.0408,0.3584
DIAMONDS FOUR CLUBS QUEEN,0.4102,0.011,0.5788
DIAMONDS THREE CLUBS FIVE,0.6082,0.0436,0.3482
DIAMONDS FOUR CLUBS KING,0.4286,0.008,0.5634
DIAMONDS THREE CLUBS TWO,0.6294,0.0438,0.3268
CLUBS TEN DIAMONDS FOUR,0.4108,0.0282,0.561
DIAMONDS THREE CLUBS THREE,0.4176,0.0772,0.5052
CLUBS JACK DIAMONDS FOUR,0.4156,0.016,0.5684
DIAMONDS THREE SPADES FOUR,0.5988,0.0416,0.3596
DIAMONDS THREE SPADES FIVE,0.5996,0.0444,0.356
DIAMONDS THREE SPADES TWO,0.6228,0.0396,0.3376
DIAMONDS THREE SPADES THREE,0.4236,0.0682,0.5082
CLUBS EIGHT DIAMONDS THREE,0.6244,0.0368,0.3388
CLUBS NINE DIAMONDS THREE,0.4108,0.3698,0.2194
SPADES SEVEN CLUBS ACE,0.3624,0.0048,0.6328
SPADES SEVEN CLUBS QUEEN,0.3838,0.0092,0.607
SPADES SEVEN CLUBS KING,0.3776,0.0046,0.6178
CLUBS FIVE SPADES SEVEN,0.5886,0.0444,0.367
CLUBS TEN SPADES SEVEN,0.365,0.023,0.612
CLUBS FIVE SPADES SIX,0.6264,0.1084,0.2652
CLUBS JACK SPADES SEVEN,0.3662,0.0188,0.615
CLUBS FIVE SPADES NINE,0.3972,0.381,0.2218
CLUBS FIVE SPADES EIGHT,0.6052,0.0396,0.3552
CLUBS FIVE SPADES THREE,0.5976,0.047,0.3554
CLUBS FIVE SPADES TWO,0.627,0.0498,0.3232
CLUBS FIVE SPADES FIVE,0.4042,0.0736,0.5222
CLUBS FIVE SPADES FOUR,0.5998,0.0432,0.357
CLUBS NINE CLUBS FIVE,0.3846,0.35,0.2654
CLUBS EIGHT CLUBS FIVE,0.5724,0.0384,0.3892
CLUBS ACE CLUBS QUEEN,0.3246,0.0072,0.6682
CLUBS KING CLUBS QUEEN,0.3402,0.0062,0.6536
DIAMONDS TEN DIAMONDS FOUR,0.3878,0.0232,0.589
CLUBS TEN DIAMONDS NINE,0.2418,0.0826,0.6756
DIAMONDS JACK DIAMONDS FOUR,0.391,0.0164,0.5926
CLUBS JACK DIAMONDS NINE,0.226,0.056,0.718
CLUBS JACK SPADES NINE,0.2372,0.059,0.7038
CLUBS TEN SPADES NINE,0.2378,0.0776,0.6846
DIAMONDS ACE DIAMONDS FOUR,0.3822,0.0044,0.6134
HEARTS FOUR DIAMONDS FOUR,0.4066,0.0762,0.5172
DIAMONDS JACK HEARTS TEN,0.3152,0.0108,0.674
SPADES NINE CLUBS KING,0.259,0.0352,0.7058
DIAMONDS TWO SPADES TEN,0.4158,0.028,0.5562
DIAMONDS NINE CLUBS ACE,0.2498,0.0208,0.7294
HEARTS FIVE DIAMONDS FOUR,0.5922,0.0436,0.3642
DIAMONDS JACK HEARTS JACK,0.1712,0.0294,0.7994
SPADES NINE CLUBS QUEEN,0.26,0.0396,0.7004
DIAMONDS TWO SPADES JACK,0.4144,0.0174,0.5682
DIAMONDS QUEEN DIAMONDS FOUR,0.3992,0.0104,0.5904
HEARTS TWO DIAMONDS FOUR,0.627,0.0408,0.3322
DIAMONDS NINE CLUBS QUEEN,0.253,0.0444,0.7026
DIAMONDS KING DIAMONDS FOUR,0.3904,0.0082,0.6014
HEARTS THREE DIAMONDS FOUR,0.604,0.0438,0.3522
SPADES NINE CLUBS ACE,0.2562,0.0206,0.7232
DIAMONDS NINE CLUBS KING,0.2432,0.0324,0.7244
HEARTS ACE DIAMONDS JACK,0.3432,0.0042,0.6526
SPADES ACE DIAMONDS TWO,0.4218,0.0032,0.575
HEARTS QUEEN DIAMONDS JACK,0.3372,0.008,0.6548
SPADES QUEEN DIAMONDS TWO,0.4272,0.0106,0.5622
DIAMONDS JACK HEARTS KING,0.3424,0.0056,0.652
SPADES KING DIAMONDS TWO,0.421,0.0068,0.5722
SPADES JACK SPADES SEVEN,0.3526,0.0144,0.633
SPADES TEN SPADES SEVEN,0.3332,0.0272,0.6396
CLUBS SEVEN CLUBS THREE,0.583,0.0436,0.3734
CLUBS FIVE CLUBS THREE,0.5722,0.0452,0.3826
CLUBS THREE CLUBS FOUR,0.576,0.0436,0.3804
CLUBS NINE CLUBS THREE,0.397,0.3556,0.2474
CLUBS EIGHT CLUBS THREE,0.5944,0.0438,0.3618
CLUBS THREE SPADES FIVE,0.6084,0.0416,0.35
CLUBS THREE SPADES FOUR,0.5974,0.0444,0.3582
CLUBS THREE SPADES THREE,0.4072,0.068,0.5248
CLUBS THREE SPADES TWO,0.6282,0.0426,0.3292
CLUBS THREE SPADES SIX,0.6474,0.1176,0.235
CLUBS THREE SPADES SEVEN,0.6088,0.0418,0.3494
SPADES EIGHT CLUBS THREE,0.6288,0.047,0.3242
SPADES NINE CLUBS THREE,0.4072,0.3704,0.2224
SPADES TWO DIAMONDS FOUR,0.6036,0.044,0.3524
SPADES THREE DIAMONDS FOUR,0.5942,0.0372,0.3686
SPADES FOUR DIAMONDS FOUR,0.4124,0.0732,0.5144
SPADES FIVE DIAMONDS FOUR,0.58,0.0414,0.3786
SPADES SIX DIAMONDS FOUR,0.6442,0.1038,0.252
SPADES SEVEN DIAMONDS FOUR,0.5982,0.0434,0.3584
SPADES EIGHT DIAMONDS FOUR,0.6058,0.0348,0.3594
SPADES NINE DIAMONDS FOUR,0.4172,0.364,0.2188
CLUBS FIVE DIAMONDS FOUR,0.6118,0.042,0.3462
CLUBS FOUR DIAMONDS FOUR,0.4082,0.074,0.5178
CLUBS SEVEN DIAMONDS FOUR,0.5994,0.0446,0.356
CLUBS NINE DIAMONDS FOUR,0.3956,0.369,0.2354
CLUBS EIGHT DIAMONDS FOUR,0.6128,0.0466,0.3406
DIAMONDS FOUR HEARTS SEVEN,0.6084,0.0428,0.3488
HEARTS SIX DIAMONDS FOUR,0.6526,0.11,0.2374
DIAMONDS FOUR HEARTS EIGHT,0.6178,0.0432,0.339
CLUBS THREE DIAMONDS FOUR,0.6088,0.0472,0.344
CLUBS TWO DIAMONDS FOUR,0.6186,0.046,0.3354
DIAMONDS TEN DIAMONDS FIVE,0.391,0.0258,0.5832
DIAMONDS JACK DIAMONDS FIVE,0.3838,0.0172,0.599
DIAMONDS NINE HEARTS QUEEN,0.2528,0.0434,0.7038
DIAMONDS NINE HEARTS KING,0.2612,0.0314,0.7074
HEARTS ACE DIAMONDS NINE,0.2432,0.0242,0.7326
DIAMONDS NINE HEARTS TEN,0.2382,0.075,0.6868
DIAMONDS NINE HEARTS JACK,0.2302,0.061,0.7088
CLUBS KING DIAMONDS SIX,0.2654,0.0322,0.7024
CLUBS QUEEN DIAMONDS SIX,0.262,0.0452,0.6928
CLUBS ACE DIAMONDS SIX,0.2598,0.0218,0.7184
SPADES KING DIAMONDS FOUR,0.4086,0.0074,0.584
SPADES ACE SPADES SEVEN,0.354,0.0032,0.6428
SPADES QUEEN DIAMONDS FOUR,0.4098,0.0118,0.5784
SPADES QUEEN SPADES SEVEN,0.3612,0.0104,0.6284
CLUBS JACK DIAMONDS SIX,0.2568,0.0578,0.6854
SPADES KING SPADES SEVEN,0.3518,0.006,0.6422
SPADES ACE DIAMONDS FOUR,0.4096,0.0042,0.5862
CLUBS TEN DIAMONDS SIX,0.2484,0.0764,0.6752
CLUBS NINE CLUBS FOUR,0.3868,0.3548,0.2584
CLUBS EIGHT CLUBS FOUR,0.5914,0.039,0.3696
SPADES JACK DIAMONDS FOUR,0.4236,0.0172,0.5592
SPADES TEN DIAMONDS FOUR,0.4264,0.0222,0.5514
CLUBS FIVE CLUBS FOUR,0.5672,0.0434,0.3894
CLUBS SEVEN CLUBS FOUR,0.582,0.038,0.38
CLUBS SEVEN SPADES EIGHT,0.5424,0.0404,0.4172
SPADES NINE CLUBS SEVEN,0.2154,0.3076,0.477
CLUBS SEVEN SPADES SIX,0.6284,0.11,0.2616
CLUBS SEVEN SPADES SEVEN,0.2764,0.0616,0.662
CLUBS SEVEN SPADES FIVE,0.5896,0.0436,0.3668
CLUBS SEVEN SPADES FOUR,0.5988,0.0402,0.361
CLUBS SEVEN SPADES THREE,0.6186,0.0456,0.3358
CLUBS SEVEN SPADES TWO,0.6192,0.045,0.3358
CLUBS NINE CLUBS SEVEN,0.2134,0.2892,0.4974
CLUBS EIGHT CLUBS SEVEN,0.5198,0.0404,0.4398
HEARTS SIX DIAMONDS FIVE,0.6204,0.109,0.2706
DIAMONDS FIVE HEARTS SEVEN,0.5896,0.0412,0.3692
DIAMONDS FIVE HEARTS EIGHT,0.6026,0.0434,0.354
DIAMONDS QUEEN DIAMONDS FIVE,0.3918,0.0126,0.5956
HEARTS TWO DIAMONDS FIVE,0.6342,0.0382,0.3276
HEARTS KING HEARTS EIGHT,0.3582,0.0074,0.6344
DIAMONDS KING DIAMONDS FIVE,0.3824,0.0088,0.6088
HEARTS THREE DIAMONDS FIVE,0.6206,0.0434,0.336
HEARTS QUEEN HEARTS EIGHT,0.3534,0.0116,0.635
DIAMONDS ACE DIAMONDS FIVE,0.3764,0.006,0.6176
HEARTS FOUR DIAMONDS FIVE,0.5898,0.042,0.3682
HEARTS FIVE DIAMONDS FIVE,0.4014,0.0696,0.529
HEARTS ACE HEARTS EIGHT,0.342,0.0056,0.6524
CLUBS FOUR DIAMONDS FIVE,0.6024,0.0462,0.3514
CLUBS FIVE DIAMONDS FIVE,0.3996,0.0762,0.5242
CLUBS SEVEN DIAMONDS FIVE,0.5836,0.0424,0.374
CLUBS TWO DIAMONDS FIVE,0.6124,0.047,0.3406
CLUBS THREE DIAMONDS FIVE,0.6108,0.0402,0.349
SPADES THREE DIAMONDS FIVE,0.6052,0.0432,0.3516
SPADES TWO DIAMONDS FIVE,0.6206,0.0458,0.3336
SPADES JACK DIAMONDS EIGHT,0.3672,0.0134,0.6194
SPADES FIVE DIAMONDS FIVE,0.3924,0.0758,0.5318
CLUBS TEN HEARTS JACK,0.3104,0.0174,0.6722
SPADES TEN DIAMONDS EIGHT,0.3524,0.022,0.6256
SPADES FOUR DIAMONDS FIVE,0.5844,0.0434,0.3722
CLUBS JACK HEARTS JACK,0.1618,0.0304,0.8078
HEARTS JACK CLUBS QUEEN,0.325,0.0128,0.6622
CLUBS NINE DIAMONDS FIVE,0.3924,0.3846,0.223
CLUBS EIGHT DIAMONDS FIVE,0.605,0.0386,0.3564
HEARTS JACK CLUBS KING,0.3382,0.0074,0.6544
CLUBS ACE HEARTS JACK,0.3326,0.004,0.6634
SPADES SEVEN DIAMONDS FIVE,0.5976,0.041,0.3614
SPADES KING DIAMONDS EIGHT,0.3742,0.007,0.6188
SPADES QUEEN DIAMONDS EIGHT,0.3774,0.0088,0.6138
SPADES SIX DIAMONDS FIVE,0.6286,0.0964,0.275
SPADES NINE DIAMONDS FIVE,0.4062,0.3774,0.2164
SPADES EIGHT DIAMONDS FIVE,0.6064,0.0376,0.356
SPADES ACE DIAMONDS EIGHT,0.3738,0.0032,0.623
DIAMONDS TEN DIAMONDS SIX,0.225,0.0736,0.7014
HEARTS ACE DIAMONDS SEVEN,0.3714,0.0034,0.6252
DIAMONDS JACK DIAMONDS SIX,0.258,0.052,0.69
HEARTS QUEEN DIAMONDS SEVEN,0.3754,0.012,0.6126
HEARTS KING DIAMONDS SEVEN,0.3768,0.0064,0.6168
DIAMONDS ACE DIAMONDS SIX,0.2532,0.0206,0.7262
HEARTS FOUR DIAMONDS SIX,0.6494,0.1136,0.237
SPADES TWO HEARTS JACK,0.408,0.0162,0.5758
HEARTS FIVE DIAMONDS SIX,0.6312,0.1046,0.2642
SPADES TWO HEARTS TEN,0.4114,0.0274,0.5612
DIAMONDS QUEEN DIAMONDS SIX,0.2464,0.0384,0.7152
HEARTS TWO DIAMONDS SIX,0.6614,0.1118,0.2268
DIAMONDS KING DIAMONDS SIX,0.2442,0.0328,0.723
HEARTS THREE DIAMONDS SIX,0.6358,0.1172,0.247
HEARTS EIGHT DIAMONDS SIX,0.6424,0.1026,0.255
HEARTS SIX DIAMONDS SIX,0.2928,0.0632,0.644
HEARTS SEVEN DIAMONDS SIX,0.6316,0.1034,0.265
HEARTS TEN DIAMONDS SEVEN,0.3654,0.0272,0.6074
CLUBS TWO DIAMONDS SIX,0.6536,0.1092,0.2372
HEARTS JACK DIAMONDS SEVEN,0.3556,0.0188,0.6256
CLUBS THREE DIAMONDS SIX,0.6474,0.1134,0.2392
CLUBS SEVEN DIAMONDS SIX,0.6278,0.1044,0.2678
CLUBS JACK DIAMONDS EIGHT,0.3672,0.0156,0.6172
CLUBS TEN DIAMONDS EIGHT,0.3428,0.0266,0.6306
CLUBS FIVE DIAMONDS SIX,0.6328,0.1156,0.2516
CLUBS FOUR DIAMONDS SIX,0.6508,0.112,0.2372
HEARTS ACE HEARTS JACK,0.3206,0.005,0.6744
DIAMONDS EIGHT CLUBS ACE,0.377,0.0036,0.6194
HEARTS QUEEN HEARTS JACK,0.325,0.0108,0.6642
DIAMONDS EIGHT CLUBS KING,0.3778,0.0062,0.616
CLUBS NINE DIAMONDS SIX,0.01,0.97,0.02
HEARTS KING HEARTS JACK,0.3236,0.0068,0.6696
CLUBS EIGHT DIAMONDS SIX,0.643,0.1076,0.2494
DIAMONDS EIGHT CLUBS QUEEN,0.3692,0.0098,0.621
SPADES TEN HEARTS KING,0.3428,0.008,0.6492
SPADES FIVE DIAMONDS SIX,0.6256,0.1026,0.2718
HEARTS ACE SPADES TWO,0.4072,0.0038,0.589
SPADES JACK HEARTS KING,0.3394,0.007,0.6536
SPADES FOUR DIAMONDS SIX,0.6356,0.1114,0.253
SPADES THREE DIAMONDS SIX,0.6362,0.111,0.2528
HEARTS QUEEN SPADES TWO,0.4094,0.0122,0.5784
SPADES ACE SPADES KING,0.3344,0.0034,0.6622
HEARTS KING SPADES TWO,0.4166,0.0096,0.5738
SPADES TWO DIAMONDS SIX,0.6436,0.1092,0.2472
HEARTS TEN HEARTS EIGHT,0.3338,0.0252,0.641
SPADES NINE DIAMONDS SIX,0.0188,0.9582,0.023
HEARTS JACK HEARTS EIGHT,0.3408,0.0144,0.6448
SPADES EIGHT DIAMONDS SIX,0.6436,0.107,0.2494
SPADES SEVEN DIAMONDS SIX,0.628,0.1024,0.2696
SPADES SIX DIAMONDS SIX,0.295,0.0596,0.6454
SPADES KING HEARTS KING,0.1658,0.0124,0.8218
SPADES QUEEN HEARTS KING,0.3326,0.0078,0.6596
CLUBS ACE CLUBS KING,0.3212,0.0062,0.6726
SPADES ACE HEARTS KING,0.341,0.004,0.655
SPADES ACE HEARTS JACK,0.3328,0.0038,0.6634
SPADES QUEEN HEARTS JACK,0.3366,0.0112,0.6522
SPADES KING HEARTS JACK,0.3452,0.0092,0.6456
SPADES TEN DIAMONDS TEN,0.173,0.0374,0.7896
SPADES JACK DIAMONDS TEN,0.3324,0.0112,0.6564
SPADES ACE DIAMONDS TEN,0.3486,0.0036,0.6478
SPADES JACK HEARTS JACK,0.1592,0.0268,0.814
SPADES TEN HEARTS JACK,0.3046,0.0122,0.6832
SPADES QUEEN DIAMONDS TEN,0.3334,0.0108,0.6558
SPADES KING DIAMONDS TEN,0.3536,0.0058,0.6406
SPADES NINE DIAMONDS SEVEN,0.2222,0.2942,0.4836
SPADES EIGHT DIAMONDS SEVEN,0.5488,0.0378,0.4134
SPADES SEVEN DIAMONDS SEVEN,0.2724,0.067,0.6606
SPADES SIX DIAMONDS SEVEN,0.6342,0.0978,0.268
DIAMONDS KING DIAMONDS SEVEN,0.3546,0.006,0.6394
HEARTS THREE DIAMONDS SEVEN,0.6228,0.044,0.3332
HEARTS KING DIAMONDS FIVE,0.4092,0.0084,0.5824
DIAMONDS QUEEN DIAMONDS SEVEN,0.3652,0.011,0.6238
HEARTS TWO DIAMONDS SEVEN,0.6348,0.0434,0.3218
HEARTS QUEEN DIAMONDS FIVE,0.4068,0.0124,0.5808
HEARTS FIVE DIAMONDS SEVEN,0.5788,0.0432,0.378
DIAMONDS ACE DIAMONDS SEVEN,0.3476,0.0058,0.6466
HEARTS FOUR DIAMONDS SEVEN,0.6078,0.0408,0.3514
HEARTS ACE DIAMONDS FIVE,0.3978,0.0034,0.5988
HEARTS SEVEN DIAMONDS SEVEN,0.2804,0.067,0.6526
HEARTS SIX DIAMONDS SEVEN,0.627,0.1138,0.2592
DIAMONDS SEVEN HEARTS EIGHT,0.55,0.044,0.406
DIAMONDS JACK DIAMONDS SEVEN,0.3322,0.0168,0.651
DIAMONDS FIVE HEARTS JACK,0.3982,0.0222,0.5796
DIAMONDS TEN DIAMONDS SEVEN,0.3326,0.026,0.6414
HEARTS TEN DIAMONDS FIVE,0.4084,0.027,0.5646
CLUBS EIGHT DIAMONDS SEVEN,0.5354,0.0388,0.4258
SPADES KING CLUBS TWO,0.4206,0.0086,0.5708
HEARTS KING CLUBS KING,0.1576,0.0146,0.8278
SPADES QUEEN CLUBS TWO,0.42,0.0118,0.5682
HEARTS KING CLUBS QUEEN,0.3504,0.0068,0.6428
CLUBS NINE DIAMONDS SEVEN,0.201,0.2968,0.5022
CLUBS JACK SPADES TWO,0.4088,0.0228,0.5684
SPADES ACE CLUBS TWO,0.4176,0.0022,0.5802
CLUBS TEN SPADES TWO,0.4038,0.0278,0.5684
HEARTS KING CLUBS ACE,0.3496,0.0032,0.6472
SPADES TWO CLUBS KING,0.4278,0.0078,0.5644
SPADES TWO DIAMONDS SEVEN,0.6296,0.0418,0.3286
SPADES THREE DIAMONDS SEVEN,0.6124,0.041,0.3466
SPADES TWO CLUBS QUEEN,0.4266,0.0118,0.5616
SPADES FOUR DIAMONDS SEVEN,0.6054,0.041,0.3536
CLUBS JACK HEARTS KING,0.3432,0.0064,0.6504
SPADES FIVE DIAMONDS SEVEN,0.5948,0.0392,0.366
SPADES TWO CLUBS ACE,0.3854,0.0056,0.609
CLUBS TEN HEARTS KING,0.321,0.0064,0.6726
CLUBS TWO DIAMONDS SEVEN,0.6378,0.0404,0.3218
CLUBS THREE DIAMONDS SEVEN,0.6172,0.0392,0.3436
CLUBS FOUR DIAMONDS SEVEN,0.5906,0.0414,0.368
CLUBS FIVE DIAMONDS SEVEN,0.5984,0.0392,0.3624
SPADES JACK CLUBS TWO,0.4218,0.0182,0.56
CLUBS SEVEN DIAMONDS SEVEN,0.2756,0.0726,0.6518
SPADES TEN CLUBS TWO,0.4204,0.028,0.5516
CLUBS TWO CLUBS QUEEN,0.3848,0.0134,0.6018
CLUBS TWO CLUBS KING,0.408,0.0076,0.5844
CLUBS THREE DIAMONDS EIGHT,0.6262,0.043,0.3308
CLUBS TWO CLUBS ACE,0.3896,0.0048,0.6056
CLUBS TWO DIAMONDS EIGHT,0.6252,0.0448,0.33
DIAMONDS EIGHT HEARTS SEVEN,0.558,0.0402,0.4018
HEARTS SIX DIAMONDS EIGHT,0.6424,0.1098,0.2478
CLUBS TEN CLUBS TWO,0.4044,0.0278,0.5678
DIAMONDS EIGHT HEARTS EIGHT,0.2756,0.0656,0.6588
CLUBS JACK CLUBS TWO,0.3856,0.0208,0.5936
CLUBS NINE DIAMONDS EIGHT,0.224,0.2344,0.5416
CLUBS EIGHT DIAMONDS EIGHT,0.2672,0.0608,0.672
CLUBS FIVE DIAMONDS EIGHT,0.6044,0.0416,0.354
SPADES ACE SPADES THREE,0.374,0.0046,0.6214
CLUBS FOUR DIAMONDS EIGHT,0.6266,0.0398,0.3336
CLUBS SEVEN DIAMONDS EIGHT,0.5466,0.0414,0.412
SPADES QUEEN SPADES THREE,0.3908,0.0104,0.5988
SPADES KING SPADES THREE,0.4022,0.0048,0.593
DIAMONDS QUEEN DIAMONDS EIGHT,0.3508,0.0106,0.6386
HEARTS TWO DIAMONDS EIGHT,0.6272,0.0472,0.3256
DIAMONDS KING DIAMONDS EIGHT,0.3708,0.006,0.6232
HEARTS THREE DIAMONDS EIGHT,0.6252,0.0418,0.333
DIAMONDS ACE DIAMONDS EIGHT,0.3552,0.0028,0.642
HEARTS FOUR DIAMONDS EIGHT,0.6194,0.0408,0.3398
HEARTS FIVE DIAMONDS EIGHT,0.5974,0.046,0.3566
DIAMONDS EIGHT DIAMONDS TEN,0.327,0.0216,0.6514
DIAMONDS EIGHT DIAMONDS JACK,0.329,0.013,0.658
SPADES JACK SPADES THREE,0.3896,0.0198,0.5906
SPADES TEN SPADES THREE,0.3836,0.0256,0.5908
CLUBS FOUR HEARTS ACE,0.4086,0.0052,0.5862
CLUBS FOUR HEARTS QUEEN,0.4196,0.0104,0.57
CLUBS FOUR HEARTS KING,0.4038,0.0098,0.5864
DIAMONDS EIGHT SPADES FOUR,0.6256,0.04,0.3344
SPADES FIVE DIAMONDS EIGHT,0.5986,0.039,0.3624
DIAMONDS EIGHT SPADES TWO,0.6182,0.0412,0.3406
DIAMONDS EIGHT SPADES THREE,0.6402,0.0376,0.3222
CLUBS FOUR HEARTS JACK,0.412,0.0156,0.5724
SPADES EIGHT DIAMONDS EIGHT,0.2832,0.0606,0.6562
SPADES TEN DIAMONDS QUEEN,0.3368,0.0084,0.6548
SPADES TEN HEARTS TWO,0.4096,0.0306,0.5598
SPADES JACK HEARTS EIGHT,0.3616,0.0156,0.6228
CLUBS FOUR HEARTS TEN,0.4038,0.027,0.5692
SPADES NINE DIAMONDS EIGHT,0.2282,0.2136,0.5582
SPADES TEN HEARTS EIGHT,0.3564,0.0234,0.6202
SPADES JACK HEARTS TWO,0.4142,0.0184,0.5674
SPADES JACK DIAMONDS QUEEN,0.3262,0.009,0.6648
SPADES SIX DIAMONDS EIGHT,0.6412,0.1036,0.2552
SPADES SEVEN DIAMONDS EIGHT,0.5446,0.0396,0.4158
SPADES ACE HEARTS TWO,0.405,0.0044,0.5906
SPADES ACE DIAMONDS QUEEN,0.343,0.0028,0.6542
SPADES ACE HEARTS EIGHT,0.3694,0.0044,0.6262
SPADES KING HEARTS EIGHT,0.3776,0.0078,0.6146
SPADES QUEEN HEARTS TWO,0.4186,0.0094,0.572
SPADES QUEEN DIAMONDS QUEEN,0.1672,0.019,0.8138
SPADES KING DIAMONDS QUEEN,0.3594,0.005,0.6356
SPADES KING HEARTS TWO,0.421,0.0076,0.5714
SPADES QUEEN HEARTS EIGHT,0.3836,0.0136,0.6028
CLUBS TWO HEARTS TEN,0.4352,0.0276,0.5372
CLUBS TWO HEARTS JACK,0.414,0.0212,0.5648
SPADES SEVEN DIAMONDS NINE,0.231,0.2836,0.4854
SPADES SIX DIAMONDS NINE,0.0196,0.9602,0.0202
SPADES NINE DIAMONDS NINE,0.1168,0.068,0.8152
SPADES EIGHT DIAMONDS NINE,0.2156,0.2298,0.5546
SPADES TEN CLUBS KING,0.3452,0.0058,0.649
DIAMONDS NINE SPADES THREE,0.4044,0.3726,0.223
SPADES JACK CLUBS KING,0.3414,0.0074,0.6512
DIAMONDS NINE SPADES TWO,0.4112,0.3606,0.2282
DIAMONDS NINE SPADES FIVE,0.3962,0.3822,0.2216
DIAMONDS NINE SPADES FOUR,0.416,0.3646,0.2194
CLUBS NINE DIAMONDS NINE,0.1112,0.0616,0.8272
CLUBS EIGHT DIAMONDS NINE,0.2178,0.2172,0.565
SPADES JACK CLUBS FOUR,0.412,0.0178,0.5702
CLUBS SEVEN DIAMONDS NINE,0.214,0.3074,0.4786
SPADES TEN CLUBS FOUR,0.4094,0.0254,0.5652
CLUBS FOUR DIAMONDS NINE,0.4138,0.3706,0.2156
CLUBS FIVE DIAMONDS NINE,0.4014,0.3754,0.2232
DIAMONDS NINE CLUBS TWO,0.4124,0.3782,0.2094
CLUBS THREE DIAMONDS NINE,0.4132,0.3732,0.2136
DIAMONDS NINE HEARTS EIGHT,0.2256,0.2192,0.5552
HEARTS SIX DIAMONDS NINE,0.02,0.9668,0.0132
DIAMONDS NINE HEARTS SEVEN,0.2178,0.3068,0.4754
CLUBS EIGHT CLUBS NINE,0.203,0.2128,0.5842
DIAMONDS ACE DIAMONDS NINE,0.2328,0.0248,0.7424
HEARTS FOUR DIAMONDS NINE,0.4088,0.3794,0.2118
HEARTS FIVE DIAMONDS NINE,0.3986,0.3828,0.2186
HEARTS ACE CLUBS TWO,0.4168,0.0056,0.5776
SPADES ACE CLUBS FOUR,0.4126,0.0044,0.583
DIAMONDS QUEEN DIAMONDS NINE,0.2512,0.0458,0.703
HEARTS TWO DIAMONDS NINE,0.4092,0.3672,0.2236
CLUBS TWO HEARTS KING,0.4316,0.0078,0.5606
SPADES KING CLUBS FOUR,0.4232,0.0076,0.5692
DIAMONDS KING DIAMONDS NINE,0.2402,0.031,0.7288
HEARTS THREE DIAMONDS NINE,0.4192,0.365,0.2158
CLUBS TWO HEARTS QUEEN,0.4236,0.0144,0.562
SPADES QUEEN CLUBS FOUR,0.4294,0.0134,0.5572
DIAMONDS NINE DIAMONDS JACK,0.2312,0.0548,0.714
CLUBS EIGHT SPADES NINE,0.2288,0.2224,0.5488
DIAMONDS NINE DIAMONDS TEN,0.2334,0.0716,0.695
CLUBS EIGHT SPADES EIGHT,0.2736,0.058,0.6684
CLUBS EIGHT SPADES SEVEN,0.5416,0.0372,0.4212
CLUBS EIGHT SPADES SIX,0.6446,0.1076,0.2478
CLUBS EIGHT SPADES FIVE,0.5916,0.042,0.3664
CLUBS EIGHT SPADES FOUR,0.6166,0.0392,0.3442
CLUBS EIGHT SPADES THREE,0.6158,0.0388,0.3454
CLUBS EIGHT SPADES TWO,0.6162,0.038,0.3458
HEARTS SIX DIAMONDS TEN,0.266,0.0752,0.6588
DIAMONDS TEN HEARTS SEVEN,0.3648,0.0246,0.6106
DIAMONDS TEN HEARTS EIGHT,0.351,0.0248,0.6242
CLUBS JACK CLUBS FOUR,0.3874,0.0196,0.593
CLUBS TEN CLUBS FOUR,0.404,0.0236,0.5724
CLUBS FOUR CLUBS KING,0.3892,0.0092,0.6016
CLUBS FOUR CLUBS QUEEN,0.3934,0.0136,0.593
CLUBS TWO DIAMONDS TEN,0.4264,0.0264,0.5472
CLUBS THREE DIAMONDS TEN,0.4248,0.0278,0.5474
CLUBS FOUR CLUBS ACE,0.3712,0.0062,0.6226
DIAMONDS JACK DIAMONDS TEN,0.308,0.0162,0.6758
DIAMONDS QUEEN DIAMONDS TEN,0.3058,0.0084,0.6858
HEARTS TWO DIAMONDS TEN,0.4176,0.0292,0.5532
DIAMONDS KING DIAMONDS TEN,0.3164,0.0058,0.6778
HEARTS THREE DIAMONDS TEN,0.4164,0.0272,0.5564
DIAMONDS ACE DIAMONDS TEN,0.3164,0.0046,0.679
HEARTS FOUR DIAMONDS TEN,0.419,0.0258,0.5552
CLUBS EIGHT HEARTS JACK,0.3484,0.0146,0.637
HEARTS FIVE DIAMONDS TEN,0.4052,0.0256,0.5692
CLUBS EIGHT HEARTS TEN,0.3312,0.0226,0.6462
CLUBS EIGHT HEARTS QUEEN,0.3606,0.0124,0.627
CLUBS EIGHT HEARTS KING,0.3798,0.0076,0.6126
CLUBS EIGHT HEARTS ACE,0.361,0.0042,0.6348
CLUBS NINE SPADES THREE,0.4062,0.3724,0.2214
CLUBS NINE SPADES TWO,0.4174,0.363,0.2196
CLUBS NINE SPADES FIVE,0.3938,0.381,0.2252
CLUBS NINE SPADES FOUR,0.418,0.37,0.212
CLUBS NINE SPADES SEVEN,0.217,0.2934,0.4896
CLUBS NINE SPADES SIX,0.0118,0.9716,0.0166
CLUBS NINE SPADES NINE,0.1098,0.0708,0.8194
CLUBS TEN HEARTS EIGHT,0.3336,0.0278,0.6386
CLUBS NINE SPADES EIGHT,0.22,0.2344,0.5456
CLUBS JACK HEARTS EIGHT,0.359,0.016,0.625
CLUBS QUEEN HEARTS EIGHT,0.3674,0.0144,0.6182
CLUBS KING HEARTS EIGHT,0.3662,0.0062,0.6276
CLUBS ACE HEARTS EIGHT,0.3566,0.0056,0.6378
SPADES KING CLUBS KING,0.1578,0.0142,0.828
SPADES QUEEN CLUBS KING,0.3374,0.0048,0.6578
SPADES ACE CLUBS KING,0.344,0.0038,0.6522
DIAMONDS ACE HEARTS TEN,0.3384,0.0016,0.66
HEARTS FOUR HEARTS TEN,0.3934,0.0236,0.583
DIAMONDS ACE HEARTS JACK,0.3424,0.0036,0.654
HEARTS FOUR HEARTS JACK,0.401,0.0184,0.5806
SPADES KING CLUBS FIVE,0.4152,0.0068,0.578
SPADES QUEEN CLUBS FIVE,0.4024,0.0134,0.5842
SPADES ACE CLUBS FIVE,0.4106,0.0032,0.5862
DIAMONDS JACK HEARTS SEVEN,0.374,0.0154,0.6106
HEARTS SIX DIAMONDS JACK,0.266,0.0604,0.6736
DIAMONDS JACK HEARTS EIGHT,0.3644,0.0184,0.6172
DIAMONDS KING DIAMONDS JACK,0.3168,0.0068,0.6764
HEARTS THREE DIAMONDS JACK,0.4266,0.0174,0.556
SPADES ACE SPADES SIX,0.2532,0.0252,0.7216
HEARTS ACE SPADES FOUR,0.3992,0.004,0.5968
DIAMONDS QUEEN DIAMONDS JACK,0.3128,0.0108,0.6764
HEARTS TWO DIAMONDS JACK,0.4198,0.0168,0.5634
HEARTS FIVE DIAMONDS JACK,0.4268,0.018,0.5552
SPADES QUEEN SPADES SIX,0.2438,0.0414,0.7148
SPADES FOUR HEARTS QUEEN,0.4008,0.0118,0.5874
DIAMONDS ACE DIAMONDS JACK,0.3146,0.0028,0.6826
HEARTS FOUR DIAMONDS JACK,0.4172,0.017,0.5658
SPADES KING SPADES SIX,0.2482,0.033,0.7188
SPADES FOUR HEARTS KING,0.409,0.0096,0.5814
SPADES TEN SPADES SIX,0.243,0.0734,0.6836
SPADES JACK SPADES SIX,0.2448,0.0582,0.697
SPADES FOUR DIAMONDS JACK,0.4242,0.0174,0.5584
SPADES FIVE DIAMONDS JACK,0.4118,0.0142,0.574
DIAMONDS JACK SPADES TWO,0.419,0.0186,0.5624
DIAMONDS JACK SPADES THREE,0.4132,0.0196,0.5672
SPADES ACE DIAMONDS THREE,0.4102,0.004,0.5858
CLUBS EIGHT DIAMONDS JACK,0.3514,0.014,0.6346
SPADES QUEEN DIAMONDS THREE,0.409,0.0082,0.5828
SPADES KING DIAMONDS THREE,0.4154,0.009,0.5756
CLUBS NINE DIAMONDS JACK,0.229,0.0608,0.7102
CLUBS SEVEN DIAMONDS JACK,0.3606,0.0168,0.6226
CLUBS FOUR DIAMONDS JACK,0.4194,0.019,0.5616
CLUBS FIVE DIAMONDS JACK,0.4102,0.0138,0.576
CLUBS TWO DIAMONDS JACK,0.4216,0.0158,0.5626
CLUBS THREE DIAMONDS JACK,0.4188,0.0172,0.564
SPADES TEN CLUBS FIVE,0.411,0.0238,0.5652
HEARTS SIX SPADES JACK,0.2664,0.056,0.6776
HEARTS SIX SPADES TEN,0.2496,0.0778,0.6726
SPADES JACK CLUBS FIVE,0.417,0.0182,0.5648
SPADES JACK DIAMONDS THREE,0.4224,0.0138,0.5638
CLUBS SEVEN CLUBS ACE,0.353,0.0054,0.6416
DIAMONDS THREE SPADES TEN,0.4106,0.026,0.5634
CLUBS SEVEN CLUBS QUEEN,0.3532,0.0102,0.6366
CLUBS SEVEN CLUBS KING,0.357,0.0088,0.6342
SPADES NINE DIAMONDS JACK,0.2444,0.0594,0.6962
CLUBS TEN CLUBS SEVEN,0.3396,0.0272,0.6332
DIAMONDS ACE HEARTS ACE,0.152,0.004,0.844
HEARTS FOUR HEARTS ACE,0.3808,0.0052,0.614
SPADES EIGHT DIAMONDS JACK,0.3558,0.019,0.6252
SPADES ACE HEARTS SIX,0.2706,0.024,0.7054
CLUBS JACK CLUBS SEVEN,0.343,0.0192,0.6378
DIAMONDS ACE HEARTS KING,0.3408,0.0038,0.6554
HEARTS FOUR HEARTS KING,0.4044,0.0056,0.59
SPADES SEVEN DIAMONDS JACK,0.3872,0.0154,0.5974
SPADES KING HEARTS SIX,0.2648,0.031,0.7042
DIAMONDS ACE HEARTS QUEEN,0.3502,0.0022,0.6476
HEARTS FOUR HEARTS QUEEN,0.3862,0.0158,0.598
SPADES QUEEN HEARTS SIX,0.2642,0.0464,0.6894
SPADES SIX DIAMONDS JACK,0.2814,0.0526,0.666
DIAMONDS TEN SPADES TWO,0.419,0.025,0.556
SPADES THREE DIAMONDS TEN,0.4254,0.0278,0.5468
SPADES FOUR DIAMONDS TEN,0.4204,0.0244,0.5552
SPADES FIVE DIAMONDS TEN,0.4114,0.0268,0.5618
SPADES SIX DIAMONDS TEN,0.2544,0.0744,0.6712
SPADES SEVEN DIAMONDS TEN,0.362,0.0246,0.6134
SPADES EIGHT DIAMONDS TEN,0.3438,0.0264,0.6298
SPADES NINE DIAMONDS TEN,0.2292,0.0764,0.6944
CLUBS FOUR DIAMONDS TEN,0.4112,0.0288,0.56
CLUBS FIVE DIAMONDS TEN,0.4118,0.0284,0.5598
CLUBS SEVEN DIAMONDS TEN,0.361,0.0244,0.6146
CLUBS EIGHT DIAMONDS TEN,0.3262,0.0266,0.6472
CLUBS NINE DIAMONDS TEN,0.2342,0.0758,0.69
CLUBS JACK DIAMONDS THREE,0.4202,0.016,0.5638
CLUBS TEN DIAMONDS THREE,0.4126,0.0272,0.5602
DIAMONDS THREE CLUBS KING,0.3978,0.009,0.5932
DIAMONDS THREE CLUBS QUEEN,0.4026,0.0114,0.586
DIAMONDS THREE CLUBS ACE,0.4098,0.0026,0.5876
SPADES FOUR HEARTS JACK,0.4124,0.0184,0.5692
SPADES FOUR HEARTS TEN,0.393,0.0242,0.5828
SPADES FIVE SPADES TWO,0.5878,0.042,0.3702
SPADES FOUR SPADES TWO,0.5678,0.0466,0.3856
SPADES THREE SPADES TWO,0.5682,0.0418,0.39
SPADES NINE SPADES TWO,0.3788,0.3486,0.2726
SPADES EIGHT SPADES TWO,0.5948,0.041,0.3642
SPADES SEVEN SPADES TWO,0.5952,0.0406,0.3642
SPADES SIX SPADES TWO,0.6054,0.1094,0.2852
DIAMONDS QUEEN CLUBS THREE,0.4236,0.0104,0.566
CLUBS THREE HEARTS TWO,0.631,0.0432,0.3258
DIAMONDS QUEEN CLUBS TWO,0.4196,0.0134,0.567
HEARTS TWO CLUBS TWO,0.4158,0.079,0.5052
DIAMONDS QUEEN HEARTS SEVEN,0.3846,0.0092,0.6062
HEARTS TWO HEARTS SEVEN,0.6036,0.0404,0.356
HEARTS SIX DIAMONDS QUEEN,0.2638,0.0434,0.6928
HEARTS SIX HEARTS TWO,0.6308,0.1076,0.2616
DIAMONDS QUEEN HEARTS EIGHT,0.3764,0.0086,0.615
HEARTS TWO HEARTS EIGHT,0.6066,0.0422,0.3512
CLUBS NINE HEARTS TWO,0.4106,0.3756,0.2138
CLUBS NINE DIAMONDS QUEEN,0.2538,0.0492,0.697
CLUBS EIGHT DIAMONDS QUEEN,0.3634,0.0094,0.6272
CLUBS EIGHT HEARTS TWO,0.6292,0.047,0.3238
CLUBS FIVE DIAMONDS QUEEN,0.422,0.0106,0.5674
CLUBS FIVE HEARTS TWO,0.6236,0.0476,0.3288
SPADES EIGHT HEARTS ACE,0.3668,0.0036,0.6296
DIAMONDS QUEEN CLUBS FOUR,0.4294,0.0096,0.561
HEARTS TWO CLUBS FOUR,0.6162,0.0462,0.3376
CLUBS SEVEN DIAMONDS QUEEN,0.377,0.0098,0.6132
CLUBS SEVEN HEARTS TWO,0.633,0.0462,0.3208
SPADES EIGHT HEARTS QUEEN,0.3622,0.0114,0.6264
SPADES EIGHT HEARTS KING,0.3726,0.0056,0.6218
HEARTS TWO SPADES SIX,0.6594,0.1086,0.232
DIAMONDS QUEEN SPADES SIX,0.273,0.0486,0.6784
HEARTS FOUR CLUBS QUEEN,0.4186,0.011,0.5704
DIAMONDS ACE CLUBS QUEEN,0.3434,0.0048,0.6518
DIAMONDS QUEEN SPADES SEVEN,0.3814,0.011,0.6076
HEARTS TWO SPADES SEVEN,0.6402,0.0376,0.3222
HEARTS FOUR CLUBS KING,0.4226,0.0098,0.5676
DIAMONDS ACE CLUBS KING,0.3396,0.0018,0.6586
DIAMONDS QUEEN SPADES EIGHT,0.3656,0.012,0.6224
SPADES EIGHT HEARTS TWO,0.627,0.0456,0.3274
HEARTS FOUR CLUBS ACE,0.4118,0.004,0.5842
DIAMONDS ACE CLUBS ACE,0.1532,0.0032,0.8436
SPADES NINE DIAMONDS QUEEN,0.2578,0.0424,0.6998
SPADES NINE HEARTS TWO,0.4192,0.3766,0.2042
HEARTS TWO SPADES TWO,0.4204,0.0764,0.5032
DIAMONDS QUEEN SPADES TWO,0.4138,0.0106,0.5756
HEARTS TWO SPADES THREE,0.6264,0.0434,0.3302
DIAMONDS QUEEN SPADES THREE,0.4096,0.0126,0.5778
HEARTS TWO SPADES FOUR,0.634,0.0448,0.3212
DIAMONDS QUEEN SPADES FOUR,0.4262,0.0084,0.5654
CLUBS TEN HEARTS FOUR,0.4106,0.0286,0.5608
CLUBS TEN DIAMONDS ACE,0.33,0.0028,0.6672
HEARTS TWO SPADES FIVE,0.6226,0.0392,0.3382
DIAMONDS QUEEN SPADES FIVE,0.4068,0.0096,0.5836
HEARTS FOUR CLUBS JACK,0.4078,0.0202,0.572
CLUBS JACK DIAMONDS ACE,0.3494,0.0046,0.646
CLUBS FIVE CLUBS KING,0.4028,0.0074,0.5898
CLUBS FIVE CLUBS QUEEN,0.3832,0.0126,0.6042
CLUBS FIVE CLUBS ACE,0.3954,0.0056,0.599
CLUBS JACK CLUBS FIVE,0.388,0.0164,0.5956
CLUBS TEN CLUBS FIVE,0.3836,0.03,0.5864
SPADES KING CLUBS JACK,0.331,0.0054,0.6636
CLUBS JACK SPADES QUEEN,0.3358,0.012,0.6522
SPADES ACE CLUBS JACK,0.338,0.0048,0.6572
SPADES SIX CLUBS KING,0.2604,0.0368,0.7028
SPADES SIX CLUBS QUEEN,0.2606,0.0472,0.6922
SPADES EIGHT HEARTS JACK,0.3518,0.0144,0.6338
SPADES SIX CLUBS ACE,0.2592,0.022,0.7188
SPADES EIGHT HEARTS TEN,0.3424,0.0266,0.631
CLUBS JACK SPADES SIX,0.2574,0.0608,0.6818
CLUBS TEN SPADES SIX,0.2482,0.0794,0.6724
CLUBS JACK SPADES TEN,0.3196,0.0134,0.667
CLUBS JACK SPADES JACK,0.1604,0.0286,0.811
SPADES QUEEN CLUBS SEVEN,0.3796,0.0132,0.6072
SPADES KING CLUBS SEVEN,0.3744,0.0078,0.6178
SPADES ACE CLUBS SEVEN,0.3616,0.0032,0.6352
SPADES SIX HEARTS TEN,0.2468,0.0792,0.674
SPADES SIX HEARTS JACK,0.2586,0.0654,0.676
SPADES SIX HEARTS ACE,0.2718,0.019,0.7092
SPADES SIX HEARTS KING,0.2614,0.0314,0.7072
SPADES SIX HEARTS QUEEN,0.268,0.05,0.682
SPADES JACK CLUBS SEVEN,0.3628,0.0184,0.6188
SPADES TEN CLUBS SEVEN,0.3542,0.026,0.6198
CLUBS TEN HEARTS SIX,0.247,0.078,0.675
CLUBS JACK HEARTS SIX,0.2596,0.0586,0.6818
CLUBS JACK CLUBS ACE,0.3256,0.0048,0.6696
HEARTS SIX CLUBS QUEEN,0.2512,0.0442,0.7046
HEARTS SIX CLUBS KING,0.2702,0.0334,0.6964
HEARTS SIX CLUBS ACE,0.2564,0.0274,0.7162
CLUBS JACK CLUBS QUEEN,0.3046,0.0102,0.6852
CLUBS JACK CLUBS KING,0.321,0.0074,0.6716
DIAMONDS THREE HEARTS ACE,0.4106,0.0058,0.5836
DIAMONDS THREE HEARTS QUEEN,0.4126,0.013,0.5744
DIAMONDS THREE HEARTS KING,0.4088,0.0088,0.5824
CLUBS FIVE HEARTS JACK,0.4028,0.018,0.5792
SPADES TEN DIAMONDS ACE,0.3402,0.0028,0.657
HEARTS FOUR SPADES TEN,0.4252,0.0274,0.5474
CLUBS FIVE HEARTS TEN,0.4032,0.0262,0.5706
HEARTS FOUR SPADES JACK,0.4058,0.0202,0.574
SPADES JACK DIAMONDS ACE,0.3492,0.0038,0.647
SPADES ACE HEARTS FOUR,0.4248,0.0034,0.5718
SPADES ACE DIAMONDS ACE,0.1538,0.002,0.8442
CLUBS FIVE HEARTS ACE,0.403,0.0054,0.5916
CLUBS FIVE HEARTS KING,0.4084,0.008,0.5836
HEARTS FOUR SPADES QUEEN,0.4136,0.0106,0.5758
SPADES QUEEN DIAMONDS ACE,0.351,0.0036,0.6454
CLUBS JACK SPADES FOUR,0.4188,0.0174,0.5638
CLUBS FIVE HEARTS QUEEN,0.4128,0.0114,0.5758
SPADES KING DIAMONDS ACE,0.352,0.0024,0.6456
HEARTS FOUR SPADES KING,0.4214,0.0084,0.5702
CLUBS TEN SPADES FOUR,0.4126,0.0226,0.5648
DIAMONDS QUEEN DIAMONDS ACE,0.3226,0.0022,0.6752
HEARTS TWO DIAMONDS ACE,0.4082,0.0068,0.585
HEARTS FOUR DIAMONDS QUEEN,0.4276,0.0136,0.5588
HEARTS FOUR HEARTS TWO,0.5812,0.0382,0.3806
DIAMONDS THREE HEARTS TEN,0.4048,0.0238,0.5714
SPADES FOUR CLUBS KING,0.4234,0.0092,0.5674
HEARTS FIVE DIAMONDS QUEEN,0.4202,0.0124,0.5674
HEARTS FIVE HEARTS TWO,0.583,0.042,0.375
DIAMONDS THREE HEARTS JACK,0.4142,0.0174,0.5684
SPADES FOUR CLUBS QUEEN,0.4096,0.012,0.5784
DIAMONDS QUEEN HEARTS TWO,0.4138,0.0128,0.5734
DIAMONDS KING DIAMONDS QUEEN,0.3284,0.0052,0.6664
DIAMONDS KING HEARTS TWO,0.4276,0.009,0.5634
HEARTS THREE DIAMONDS QUEEN,0.4246,0.0128,0.5626
HEARTS THREE HEARTS TWO,0.5982,0.0422,0.3596
SPADES FOUR CLUBS ACE,0.4124,0.0028,0.5848
HEARTS TWO CLUBS ACE,0.4028,0.0066,0.5906
DIAMONDS QUEEN CLUBS ACE,0.3462,0.0054,0.6484
HEARTS TWO CLUBS QUEEN,0.4198,0.0136,0.5666
DIAMONDS QUEEN CLUBS QUEEN,0.1702,0.0232,0.8066
HEARTS TWO CLUBS KING,0.418,0.0084,0.5736
DIAMONDS QUEEN CLUBS KING,0.3444,0.0048,0.6508
SPADES EIGHT SPADES FIVE,0.559,0.0426,0.3984
CLUBS TEN HEARTS TWO,0.4064,0.0304,0.5632
CLUBS TEN DIAMONDS QUEEN,0.3246,0.0084,0.667
SPADES NINE SPADES FIVE,0.3844,0.3512,0.2644
CLUBS JACK HEARTS TWO,0.4222,0.0194,0.5584
CLUBS JACK DIAMONDS QUEEN,0.3352,0.0086,0.6562
SPADES SIX SPADES FIVE,0.5826,0.1084,0.309
SPADES SEVEN SPADES FIVE,0.5608,0.04,0.3992
DIAMONDS FIVE CLUBS QUEEN,0.4068,0.0102,0.583
SPADES EIGHT CLUBS ACE,0.3572,0.0048,0.638
DIAMONDS FIVE CLUBS KING,0.4094,0.0064,0.5842
SPADES EIGHT CLUBS KING,0.371,0.0078,0.6212
DIAMONDS FIVE CLUBS ACE,0.4004,0.0052,0.5944
SPADES EIGHT CLUBS QUEEN,0.361,0.0092,0.6298
CLUBS JACK SPADES EIGHT,0.3544,0.0184,0.6272
CLUBS TEN SPADES EIGHT,0.3472,0.0228,0.63
CLUBS TEN DIAMONDS FIVE,0.4074,0.0284,0.5642
CLUBS JACK DIAMONDS FIVE,0.4138,0.017,0.5692
DIAMONDS TEN HEARTS JACK,0.321,0.0142,0.6648
