opposingHand,winningChance,drawChance,lostChance
CLUBS EIGHT HEARTS THREE
HEARTS FIVE SPADES TEN,0.3378,0.028,0.6342
HEARTS FIVE SPADES JACK,0.3462,0.017,0.6368
CLUBS JACK SPADES FIVE,0.3508,0.0174,0.6318
CLUBS TEN SPADES FIVE,0.3556,0.027,0.6174
SPADES FIVE CLUBS ACE,0.3414,0.005,0.6536
SPADES FIVE CLUBS KING,0.3618,0.0058,0.6324
SPADES FIVE CLUBS QUEEN,0.35,0.0146,0.6354
DIAMONDS TWO DIAMONDS THREE,0.5596,0.1408,0.2996
DIAMONDS TWO DIAMONDS FIVE,0.5224,0.069,0.4086
HEARTS FIVE SPADES KING,0.3528,0.0098,0.6374
DIAMONDS TWO DIAMONDS FOUR,0.5226,0.0662,0.4112
HEARTS FIVE SPADES QUEEN,0.356,0.0142,0.6298
DIAMONDS TWO DIAMONDS SEVEN,0.5484,0.06,0.3916
DIAMONDS TWO DIAMONDS SIX,0.5444,0.0654,0.3902
SPADES ACE HEARTS FIVE,0.3492,0.0032,0.6476
DIAMONDS TWO DIAMONDS NINE,0.35,0.0408,0.6092
DIAMONDS TWO DIAMONDS EIGHT,0.236,0.502,0.262
DIAMONDS THREE DIAMONDS FOUR,0.5376,0.1424,0.32
CLUBS TWO SPADES FOUR,0.5668,0.072,0.3612
DIAMONDS THREE DIAMONDS FIVE,0.54,0.1358,0.3242
SPADES FIVE CLUBS TWO,0.5496,0.0748,0.3756
CLUBS TWO SPADES TWO,0.3642,0.1142,0.5216
CLUBS TWO SPADES THREE,0.6004,0.1412,0.2584
DIAMONDS THREE DIAMONDS EIGHT,0.0224,0.9072,0.0704
SPADES EIGHT CLUBS TWO,0.2552,0.529,0.2158
DIAMONDS THREE DIAMONDS NINE,0.225,0.0968,0.6782
SPADES NINE CLUBS TWO,0.3804,0.0474,0.5722
DIAMONDS THREE DIAMONDS SIX,0.5474,0.138,0.3146
SPADES SIX CLUBS TWO,0.5718,0.0702,0.358
DIAMONDS THREE DIAMONDS SEVEN,0.5656,0.128,0.3064
SPADES SEVEN CLUBS TWO,0.5836,0.0684,0.348
CLUBS SIX CLUBS TWO,0.553,0.0658,0.3812
CLUBS SEVEN CLUBS TWO,0.5734,0.0584,0.3682
CLUBS FOUR CLUBS TWO,0.5314,0.0666,0.402
CLUBS FIVE CLUBS TWO,0.5342,0.0688,0.397
CLUBS TEN CLUBS JACK,0.278,0.0182,0.7038
DIAMONDS FOUR DIAMONDS SIX,0.4696,0.065,0.4654
CLUBS TEN CLUBS QUEEN,0.301,0.011,0.688
DIAMONDS FOUR DIAMONDS SEVEN,0.5046,0.0648,0.4306
CLUBS TEN CLUBS KING,0.3062,0.0076,0.6862
CLUBS TEN CLUBS ACE,0.2808,0.0058,0.7134
DIAMONDS FIVE DIAMONDS FOUR,0.4822,0.0606,0.4572
CLUBS NINE CLUBS TWO,0.3702,0.0386,0.5912
DIAMONDS NINE DIAMONDS FOUR,0.3342,0.0436,0.6222
DIAMONDS EIGHT DIAMONDS FOUR,0.199,0.4832,0.3178
CLUBS THREE CLUBS TWO,0.5896,0.1348,0.2756
DIAMONDS NINE DIAMONDS FIVE,0.3244,0.0418,0.6338
CLUBS JACK DIAMONDS TWO,0.3816,0.0204,0.598
DIAMONDS EIGHT DIAMONDS FIVE,0.1994,0.418,0.3826
CLUBS TEN DIAMONDS TWO,0.3816,0.028,0.5904
DIAMONDS FIVE DIAMONDS SEVEN,0.483,0.0622,0.4548
DIAMONDS FIVE DIAMONDS SIX,0.4778,0.0606,0.4616
DIAMONDS TWO CLUBS ACE,0.3848,0.0042,0.611
DIAMONDS TWO CLUBS KING,0.3832,0.0108,0.606
DIAMONDS TWO CLUBS QUEEN,0.3948,0.0138,0.5914
DIAMONDS EIGHT DIAMONDS SIX,0.2102,0.3356,0.4542
DIAMONDS NINE DIAMONDS SIX,0.3138,0.0478,0.6384
HEARTS ACE SPADES THREE,0.2302,0.019,0.7508
SPADES THREE HEARTS KING,0.25,0.027,0.723
DIAMONDS SEVEN DIAMONDS SIX,0.4764,0.0626,0.461
HEARTS QUEEN SPADES THREE,0.2352,0.035,0.7298
SPADES THREE HEARTS JACK,0.2364,0.0552,0.7084
SPADES THREE HEARTS TEN,0.2344,0.0756,0.69
DIAMONDS EIGHT DIAMONDS SEVEN,0.2016,0.2672,0.5312
DIAMONDS NINE DIAMONDS SEVEN,0.3044,0.0378,0.6578
DIAMONDS NINE DIAMONDS EIGHT,0.2034,0.1024,0.6942
DIAMONDS KING HEARTS TEN,0.3248,0.0072,0.668
SPADES JACK CLUBS SIX,0.3504,0.0206,0.629
DIAMONDS KING HEARTS JACK,0.3126,0.0076,0.6798
SPADES TEN CLUBS SIX,0.3496,0.0312,0.6192
SPADES JACK SPADES FIVE,0.3262,0.0188,0.655
SPADES TEN SPADES FIVE,0.3322,0.0242,0.6436
DIAMONDS KING HEARTS ACE,0.3254,0.0056,0.669
SPADES ACE CLUBS SIX,0.3532,0.0038,0.643
DIAMONDS KING HEARTS QUEEN,0.3176,0.0066,0.6758
SPADES KING CLUBS SIX,0.346,0.0074,0.6466
DIAMONDS KING HEARTS KING,0.1134,0.0168,0.8698
SPADES QUEEN CLUBS SIX,0.3638,0.0112,0.625
SPADES NINE HEARTS TEN,0.2964,0.021,0.6826
SPADES NINE HEARTS JACK,0.2948,0.0162,0.689
SPADES QUEEN SPADES FIVE,0.3246,0.0116,0.6638
SPADES KING SPADES FIVE,0.3144,0.01,0.6756
SPADES ACE SPADES FIVE,0.317,0.0054,0.6776
SPADES NINE HEARTS QUEEN,0.3116,0.0108,0.6776
SPADES NINE HEARTS KING,0.3078,0.0068,0.6854
SPADES NINE HEARTS ACE,0.3204,0.0042,0.6754
CLUBS TEN SPADES JACK,0.3044,0.013,0.6826
CLUBS TEN SPADES TEN,0.13,0.0518,0.8182
SPADES ACE CLUBS TEN,0.3058,0.0042,0.69
CLUBS TEN SPADES KING,0.3118,0.0098,0.6784
CLUBS TEN SPADES QUEEN,0.3092,0.0112,0.6796
SPADES FIVE HEARTS QUEEN,0.3502,0.0154,0.6344
SPADES FIVE HEARTS KING,0.3446,0.008,0.6474
HEARTS ACE SPADES FIVE,0.3418,0.0046,0.6536
SPADES JACK DIAMONDS KING,0.3278,0.0068,0.6654
SPADES TEN DIAMONDS KING,0.3208,0.0088,0.6704
CLUBS SIX HEARTS ACE,0.3438,0.0048,0.6514
HEARTS FIVE CLUBS JACK,0.3496,0.0202,0.6302
CLUBS TEN HEARTS FIVE,0.3428,0.034,0.6232
CLUBS SIX HEARTS QUEEN,0.3662,0.009,0.6248
CLUBS TEN SPADES THREE,0.2258,0.0786,0.6956
CLUBS SIX HEARTS KING,0.346,0.0104,0.6436
CLUBS JACK SPADES THREE,0.2386,0.0512,0.7102
DIAMONDS TWO HEARTS JACK,0.3872,0.019,0.5938
SPADES THREE CLUBS QUEEN,0.2432,0.0438,0.713
DIAMONDS TWO HEARTS TEN,0.3764,0.0316,0.592
SPADES THREE CLUBS KING,0.2274,0.0276,0.745
HEARTS FIVE CLUBS ACE,0.3212,0.0072,0.6716
SPADES FIVE HEARTS TEN,0.3408,0.0326,0.6266
SPADES THREE CLUBS ACE,0.2334,0.0186,0.748
HEARTS FIVE CLUBS KING,0.34,0.0078,0.6522
SPADES FIVE HEARTS JACK,0.3538,0.0204,0.6258
HEARTS FIVE CLUBS QUEEN,0.3388,0.0154,0.6458
DIAMONDS KING CLUBS KING,0.1192,0.015,0.8658
DIAMONDS KING CLUBS QUEEN,0.3228,0.0068,0.6704
HEARTS FIVE HEARTS JACK,0.3314,0.0184,0.6502
HEARTS FIVE HEARTS TEN,0.3342,0.0272,0.6386
DIAMONDS KING CLUBS ACE,0.3204,0.0058,0.6738
SPADES ACE CLUBS QUEEN,0.3226,0.0062,0.6712
SPADES KING CLUBS QUEEN,0.3218,0.0072,0.671
CLUBS JACK DIAMONDS KING,0.3236,0.007,0.6694
SPADES QUEEN CLUBS QUEEN,0.123,0.0288,0.8482
CLUBS TEN DIAMONDS KING,0.3022,0.0072,0.6906
SPADES JACK CLUBS QUEEN,0.3096,0.0102,0.6802
CLUBS SIX CLUBS QUEEN,0.3368,0.0134,0.6498
SPADES TEN CLUBS QUEEN,0.313,0.0108,0.6762
CLUBS SIX CLUBS KING,0.3356,0.0082,0.6562
CLUBS SIX CLUBS ACE,0.3406,0.0074,0.652
HEARTS FIVE HEARTS KING,0.3258,0.0082,0.666
HEARTS FIVE HEARTS QUEEN,0.3336,0.0116,0.6548
CLUBS TEN CLUBS SIX,0.3334,0.0242,0.6424
HEARTS FIVE HEARTS ACE,0.3224,0.0048,0.6728
CLUBS JACK CLUBS SIX,0.3414,0.019,0.6396
SPADES SEVEN HEARTS JACK,0.3484,0.0166,0.635
SPADES SEVEN HEARTS TEN,0.3202,0.0274,0.6524
DIAMONDS TWO CLUBS TWO,0.3552,0.1144,0.5304
DIAMONDS TWO CLUBS THREE,0.5948,0.144,0.2612
DIAMONDS TWO HEARTS SIX,0.5646,0.0714,0.364
DIAMONDS TWO HEARTS QUEEN,0.3992,0.013,0.5878
HEARTS SEVEN DIAMONDS TWO,0.5782,0.0644,0.3574
DIAMONDS TWO HEARTS KING,0.3866,0.0094,0.604
DIAMONDS TWO HEARTS EIGHT,0.2436,0.5308,0.2256
DIAMONDS TWO HEARTS ACE,0.3756,0.0054,0.619
DIAMONDS TWO HEARTS NINE,0.3706,0.045,0.5844
DIAMONDS TWO DIAMONDS QUEEN,0.3544,0.0156,0.63
DIAMONDS TWO HEARTS TWO,0.3526,0.1152,0.5322
DIAMONDS TWO DIAMONDS KING,0.3578,0.0082,0.634
DIAMONDS TWO DIAMONDS ACE,0.3614,0.006,0.6326
HEARTS FOUR DIAMONDS TWO,0.5516,0.0702,0.3782
HEARTS FIVE DIAMONDS TWO,0.558,0.0652,0.3768
SPADES SEVEN HEARTS ACE,0.3428,0.0038,0.6534
DIAMONDS TWO DIAMONDS TEN,0.36,0.0294,0.6106
SPADES SEVEN HEARTS KING,0.3408,0.0062,0.653
DIAMONDS TWO DIAMONDS JACK,0.3542,0.0192,0.6266
SPADES SEVEN HEARTS QUEEN,0.345,0.0122,0.6428
DIAMONDS TWO SPADES NINE,0.39,0.047,0.563
DIAMONDS TWO SPADES EIGHT,0.2578,0.5266,0.2156
DIAMONDS TWO SPADES SEVEN,0.5844,0.0634,0.3522
DIAMONDS TWO SPADES SIX,0.5668,0.07,0.3632
DIAMONDS TWO SPADES FIVE,0.5582,0.0732,0.3686
DIAMONDS TWO SPADES FOUR,0.5654,0.0682,0.3664
DIAMONDS TWO SPADES THREE,0.5892,0.1484,0.2624
DIAMONDS TWO SPADES TWO,0.353,0.1028,0.5442
DIAMONDS TWO CLUBS NINE,0.3674,0.0476,0.585
CLUBS SEVEN DIAMONDS TWO,0.5768,0.0716,0.3516
DIAMONDS TWO CLUBS SIX,0.5748,0.067,0.3582
DIAMONDS TWO CLUBS FIVE,0.5556,0.072,0.3724
DIAMONDS TWO CLUBS FOUR,0.5708,0.0696,0.3596
CLUBS FOUR SPADES FIVE,0.5,0.0724,0.4276
CLUBS FOUR SPADES FOUR,0.2628,0.1088,0.6284
CLUBS FOUR SPADES THREE,0.5858,0.1486,0.2656
CLUBS FOUR SPADES TWO,0.5638,0.0678,0.3684
SPADES NINE CLUBS FOUR,0.3528,0.0462,0.601
SPADES EIGHT CLUBS FOUR,0.221,0.5212,0.2578
SPADES SEVEN CLUBS FOUR,0.5326,0.0662,0.4012
CLUBS FOUR SPADES SIX,0.5174,0.0632,0.4194
SPADES ACE DIAMONDS SIX,0.3594,0.004,0.6366
SPADES QUEEN DIAMONDS SIX,0.351,0.0096,0.6394
SPADES KING DIAMONDS SIX,0.3572,0.0064,0.6364
SPADES TEN DIAMONDS SIX,0.352,0.0262,0.6218
SPADES JACK DIAMONDS SIX,0.3504,0.0176,0.632
SPADES QUEEN SPADES TWO,0.3608,0.0166,0.6226
SPADES KING SPADES TWO,0.3636,0.0082,0.6282
SPADES ACE SPADES TWO,0.3552,0.0048,0.64
CLUBS JACK DIAMONDS JACK,0.1192,0.0434,0.8374
CLUBS TEN DIAMONDS JACK,0.2954,0.0126,0.692
DIAMONDS JACK CLUBS KING,0.3176,0.0068,0.6756
DIAMONDS JACK CLUBS QUEEN,0.3112,0.0122,0.6766
DIAMONDS THREE DIAMONDS JACK,0.2316,0.0496,0.7188
DIAMONDS THREE DIAMONDS TEN,0.2352,0.074,0.6908
DIAMONDS JACK CLUBS ACE,0.3084,0.0026,0.689
DIAMONDS THREE DIAMONDS KING,0.2302,0.0252,0.7446
DIAMONDS THREE DIAMONDS QUEEN,0.2302,0.0414,0.7284
DIAMONDS THREE HEARTS TWO,0.5934,0.1574,0.2492
HEARTS FIVE DIAMONDS THREE,0.5628,0.1574,0.2798
DIAMONDS THREE DIAMONDS ACE,0.231,0.0148,0.7542
HEARTS FOUR DIAMONDS THREE,0.5808,0.1456,0.2736
HEARTS SEVEN DIAMONDS THREE,0.6144,0.1384,0.2472
SPADES TEN SPADES NINE,0.2698,0.023,0.7072
HEARTS SIX DIAMONDS THREE,0.5928,0.131,0.2762
SPADES JACK SPADES NINE,0.2874,0.0152,0.6974
DIAMONDS THREE HEARTS NINE,0.234,0.1024,0.6636
HEARTS JACK DIAMONDS FOUR,0.3484,0.0176,0.634
HEARTS ACE HEARTS KING,0.2998,0.005,0.6952
SPADES TEN SPADES TWO,0.3576,0.0332,0.6092
DIAMONDS THREE HEARTS EIGHT,0.0088,0.9728,0.0184
HEARTS TEN DIAMONDS FOUR,0.3358,0.0264,0.6378
SPADES JACK SPADES TWO,0.3594,0.0198,0.6208
HEARTS QUEEN DIAMONDS FOUR,0.3488,0.0114,0.6398
HEARTS KING DIAMONDS FOUR,0.3592,0.0088,0.632
SPADES ACE SPADES NINE,0.3126,0.0044,0.683
HEARTS ACE DIAMONDS FOUR,0.332,0.0056,0.6624
SPADES KING SPADES NINE,0.2982,0.0058,0.696
SPADES QUEEN SPADES NINE,0.3058,0.0088,0.6854
DIAMONDS THREE SPADES NINE,0.2272,0.1076,0.6652
DIAMONDS THREE SPADES EIGHT,0.022,0.9582,0.0198
DIAMONDS THREE SPADES SEVEN,0.6094,0.146,0.2446
DIAMONDS THREE SPADES SIX,0.6042,0.131,0.2648
DIAMONDS THREE CLUBS SIX,0.6136,0.142,0.2444
CLUBS FIVE CLUBS SIX,0.4842,0.0674,0.4484
CLUBS ACE DIAMONDS FOUR,0.346,0.0066,0.6474
CLUBS SEVEN DIAMONDS THREE,0.5998,0.1458,0.2544
CLUBS SEVEN CLUBS FIVE,0.4968,0.0704,0.4328
DIAMONDS THREE CLUBS FOUR,0.5876,0.144,0.2684
DIAMONDS FOUR CLUBS QUEEN,0.364,0.0142,0.6218
DIAMONDS THREE CLUBS FIVE,0.577,0.1528,0.2702
DIAMONDS FOUR CLUBS KING,0.3478,0.0076,0.6446
DIAMONDS THREE CLUBS TWO,0.5896,0.155,0.2554
CLUBS TEN DIAMONDS FOUR,0.3414,0.0286,0.63
DIAMONDS THREE CLUBS THREE,0.2762,0.0732,0.6506
CLUBS JACK DIAMONDS FOUR,0.3522,0.0172,0.6306
DIAMONDS THREE SPADES FOUR,0.58,0.1396,0.2804
DIAMONDS THREE SPADES FIVE,0.565,0.1474,0.2876
DIAMONDS THREE SPADES TWO,0.5976,0.146,0.2564
DIAMONDS THREE SPADES THREE,0.2518,0.0748,0.6734
CLUBS NINE DIAMONDS THREE,0.235,0.1058,0.6592
SPADES SEVEN CLUBS ACE,0.3424,0.0048,0.6528
SPADES SEVEN CLUBS QUEEN,0.3454,0.0082,0.6464
SPADES SEVEN CLUBS KING,0.3488,0.0062,0.645
CLUBS FIVE SPADES SEVEN,0.5132,0.0692,0.4176
CLUBS TEN SPADES SEVEN,0.3362,0.0266,0.6372
CLUBS FIVE SPADES SIX,0.4926,0.0696,0.4378
CLUBS JACK SPADES SEVEN,0.346,0.0176,0.6364
CLUBS FIVE SPADES NINE,0.3464,0.0418,0.6118
CLUBS FIVE SPADES EIGHT,0.2114,0.4544,0.3342
CLUBS FIVE SPADES THREE,0.5766,0.14,0.2834
CLUBS FIVE SPADES TWO,0.5708,0.0694,0.3598
CLUBS FIVE SPADES FIVE,0.2574,0.0978,0.6448
CLUBS FIVE SPADES FOUR,0.5134,0.0624,0.4242
CLUBS NINE CLUBS FIVE,0.3212,0.0416,0.6372
CLUBS ACE CLUBS QUEEN,0.3166,0.005,0.6784
CLUBS KING CLUBS QUEEN,0.3168,0.0082,0.675
DIAMONDS TEN DIAMONDS FOUR,0.3386,0.026,0.6354
CLUBS TEN DIAMONDS NINE,0.2954,0.0252,0.6794
DIAMONDS JACK DIAMONDS FOUR,0.3318,0.0182,0.65
CLUBS JACK DIAMONDS NINE,0.2936,0.0148,0.6916
CLUBS JACK SPADES NINE,0.3012,0.0144,0.6844
CLUBS TEN SPADES NINE,0.2844,0.0284,0.6872
DIAMONDS ACE DIAMONDS FOUR,0.329,0.008,0.663
HEARTS FOUR DIAMONDS FOUR,0.2478,0.108,0.6442
DIAMONDS JACK HEARTS TEN,0.2978,0.0154,0.6868
SPADES NINE CLUBS KING,0.3202,0.0066,0.6732
DIAMONDS TWO SPADES TEN,0.3944,0.027,0.5786
DIAMONDS NINE CLUBS ACE,0.3188,0.0042,0.677
HEARTS FIVE DIAMONDS FOUR,0.498,0.069,0.433
DIAMONDS JACK HEARTS JACK,0.1216,0.0364,0.842
SPADES NINE CLUBS QUEEN,0.313,0.012,0.675
DIAMONDS TWO SPADES JACK,0.4056,0.0192,0.5752
DIAMONDS QUEEN DIAMONDS FOUR,0.3414,0.0134,0.6452
HEARTS TWO DIAMONDS FOUR,0.5578,0.0676,0.3746
DIAMONDS NINE CLUBS QUEEN,0.316,0.0106,0.6734
DIAMONDS KING DIAMONDS FOUR,0.337,0.0078,0.6552
SPADES NINE CLUBS ACE,0.3298,0.0036,0.6666
DIAMONDS NINE CLUBS KING,0.32,0.0066,0.6734
HEARTS ACE DIAMONDS JACK,0.3106,0.0048,0.6846
SPADES ACE DIAMONDS TWO,0.3804,0.0042,0.6154
HEARTS QUEEN DIAMONDS JACK,0.3016,0.0104,0.688
SPADES QUEEN DIAMONDS TWO,0.3984,0.0124,0.5892
DIAMONDS JACK HEARTS KING,0.3214,0.0096,0.669
SPADES KING DIAMONDS TWO,0.3966,0.0096,0.5938
SPADES JACK SPADES SEVEN,0.3368,0.0156,0.6476
SPADES TEN SPADES SEVEN,0.324,0.0264,0.6496
CLUBS SEVEN CLUBS THREE,0.5794,0.1374,0.2832
CLUBS SIX CLUBS THREE,0.5866,0.1314,0.282
CLUBS FIVE CLUBS THREE,0.5524,0.1398,0.3078
CLUBS THREE CLUBS FOUR,0.561,0.1416,0.2974
CLUBS NINE CLUBS THREE,0.2184,0.1084,0.6732
CLUBS THREE SPADES FIVE,0.575,0.146,0.279
CLUBS THREE SPADES FOUR,0.5878,0.1454,0.2668
CLUBS THREE SPADES THREE,0.2622,0.0784,0.6594
CLUBS THREE SPADES TWO,0.6092,0.1368,0.254
CLUBS THREE SPADES SIX,0.598,0.1436,0.2584
CLUBS THREE SPADES SEVEN,0.6098,0.1416,0.2486
SPADES EIGHT CLUBS THREE,0.0148,0.9744,0.0108
SPADES NINE CLUBS THREE,0.2402,0.1106,0.6492
SPADES TWO DIAMONDS FOUR,0.5604,0.0682,0.3714
SPADES THREE DIAMONDS FOUR,0.5794,0.1438,0.2768
SPADES FOUR DIAMONDS FOUR,0.2514,0.1056,0.643
SPADES FIVE DIAMONDS FOUR,0.5166,0.0676,0.4158
SPADES SIX DIAMONDS FOUR,0.5178,0.0726,0.4096
SPADES SEVEN DIAMONDS FOUR,0.5366,0.059,0.4044
SPADES EIGHT DIAMONDS FOUR,0.2166,0.5004,0.283
SPADES NINE DIAMONDS FOUR,0.347,0.0378,0.6152
CLUBS FIVE DIAMONDS FOUR,0.506,0.0702,0.4238
CLUBS FOUR DIAMONDS FOUR,0.2556,0.1036,0.6408
CLUBS SEVEN DIAMONDS FOUR,0.5426,0.0628,0.3946
CLUBS SIX DIAMONDS FOUR,0.5132,0.0712,0.4156
CLUBS NINE DIAMONDS FOUR,0.3508,0.0388,0.6104
HEARTS SEVEN DIAMONDS FOUR,0.5316,0.0648,0.4036
HEARTS SIX DIAMONDS FOUR,0.518,0.061,0.421
DIAMONDS FOUR HEARTS NINE,0.3506,0.0432,0.6062
DIAMONDS FOUR HEARTS EIGHT,0.209,0.5124,0.2786
CLUBS THREE DIAMONDS FOUR,0.5732,0.1464,0.2804
CLUBS TWO DIAMONDS FOUR,0.5668,0.0694,0.3638
DIAMONDS TEN DIAMONDS FIVE,0.3284,0.0326,0.639
DIAMONDS JACK DIAMONDS FIVE,0.3288,0.019,0.6522
DIAMONDS NINE HEARTS QUEEN,0.315,0.0122,0.6728
DIAMONDS NINE HEARTS KING,0.3076,0.0086,0.6838
HEARTS ACE DIAMONDS NINE,0.3194,0.0036,0.677
DIAMONDS NINE HEARTS TEN,0.2948,0.021,0.6842
DIAMONDS NINE HEARTS JACK,0.311,0.0148,0.6742
CLUBS KING DIAMONDS SIX,0.3536,0.0086,0.6378
CLUBS QUEEN DIAMONDS SIX,0.3484,0.0114,0.6402
CLUBS ACE DIAMONDS SIX,0.3384,0.0038,0.6578
SPADES KING DIAMONDS FOUR,0.371,0.0052,0.6238
SPADES ACE SPADES SEVEN,0.3292,0.0054,0.6654
SPADES QUEEN DIAMONDS FOUR,0.3532,0.0148,0.632
SPADES QUEEN SPADES SEVEN,0.322,0.0102,0.6678
CLUBS JACK DIAMONDS SIX,0.342,0.0136,0.6444
SPADES KING SPADES SEVEN,0.3424,0.0054,0.6522
SPADES ACE DIAMONDS FOUR,0.3664,0.005,0.6286
CLUBS TEN DIAMONDS SIX,0.3328,0.0282,0.639
CLUBS NINE CLUBS FOUR,0.339,0.0434,0.6176
SPADES JACK DIAMONDS FOUR,0.3538,0.0174,0.6288
SPADES TEN DIAMONDS FOUR,0.3498,0.0306,0.6196
CLUBS FIVE CLUBS FOUR,0.4782,0.0684,0.4534
CLUBS SEVEN CLUBS FOUR,0.5092,0.0646,0.4262
CLUBS SIX CLUBS FOUR,0.4952,0.0708,0.434
CLUBS SEVEN SPADES EIGHT,0.2108,0.2868,0.5024
CLUBS SEVEN SPADES NINE,0.3372,0.0432,0.6196
CLUBS SEVEN SPADES SIX,0.5126,0.0622,0.4252
CLUBS SEVEN SPADES SEVEN,0.2624,0.0776,0.66
CLUBS SEVEN SPADES FIVE,0.5182,0.0676,0.4142
CLUBS SEVEN SPADES FOUR,0.527,0.0676,0.4054
CLUBS SEVEN SPADES THREE,0.6146,0.1472,0.2382
CLUBS SEVEN SPADES TWO,0.5908,0.067,0.3422
CLUBS SEVEN CLUBS NINE,0.2926,0.039,0.6684
HEARTS SIX DIAMONDS FIVE,0.5198,0.0616,0.4186
HEARTS SEVEN DIAMONDS FIVE,0.4982,0.0682,0.4336
DIAMONDS FIVE HEARTS EIGHT,0.2016,0.4504,0.348
DIAMONDS FIVE HEARTS NINE,0.325,0.0386,0.6364
DIAMONDS QUEEN DIAMONDS FIVE,0.331,0.0122,0.6568
HEARTS TWO DIAMONDS FIVE,0.5552,0.069,0.3758
HEARTS KING HEARTS EIGHT,0.2296,0.0392,0.7312
DIAMONDS KING DIAMONDS FIVE,0.339,0.0102,0.6508
HEARTS QUEEN HEARTS EIGHT,0.2102,0.0484,0.7414
DIAMONDS ACE DIAMONDS FIVE,0.3042,0.0046,0.6912
HEARTS FOUR DIAMONDS FIVE,0.5048,0.0686,0.4266
HEARTS FIVE DIAMONDS FIVE,0.2476,0.0954,0.657
HEARTS ACE HEARTS EIGHT,0.2092,0.0288,0.762
CLUBS FOUR DIAMONDS FIVE,0.5194,0.066,0.4146
CLUBS FIVE DIAMONDS FIVE,0.2474,0.0934,0.6592
CLUBS SIX DIAMONDS FIVE,0.5092,0.0686,0.4222
CLUBS SEVEN DIAMONDS FIVE,0.518,0.0662,0.4158
CLUBS TWO DIAMONDS FIVE,0.5624,0.0678,0.3698
CLUBS THREE DIAMONDS FIVE,0.5862,0.134,0.2798
SPADES THREE DIAMONDS FIVE,0.5744,0.1438,0.2818
SPADES TWO DIAMONDS FIVE,0.5712,0.0698,0.359
SPADES JACK DIAMONDS EIGHT,0.2316,0.0638,0.7046
SPADES FIVE DIAMONDS FIVE,0.256,0.0984,0.6456
CLUBS TEN HEARTS JACK,0.2968,0.02,0.6832
SPADES TEN DIAMONDS EIGHT,0.2284,0.0836,0.688
SPADES FOUR DIAMONDS FIVE,0.515,0.0658,0.4192
CLUBS JACK HEARTS JACK,0.118,0.0372,0.8448
HEARTS JACK CLUBS QUEEN,0.3068,0.0126,0.6806
CLUBS NINE DIAMONDS FIVE,0.3262,0.0418,0.632
HEARTS JACK CLUBS KING,0.3254,0.0076,0.667
CLUBS ACE HEARTS JACK,0.313,0.0036,0.6834
SPADES SEVEN DIAMONDS FIVE,0.512,0.065,0.423
SPADES KING DIAMONDS EIGHT,0.228,0.0352,0.7368
SPADES QUEEN DIAMONDS EIGHT,0.232,0.0498,0.7182
SPADES SIX DIAMONDS FIVE,0.4966,0.0666,0.4368
SPADES NINE DIAMONDS FIVE,0.348,0.0394,0.6126
SPADES EIGHT DIAMONDS FIVE,0.215,0.4414,0.3436
SPADES ACE DIAMONDS EIGHT,0.2234,0.0332,0.7434
DIAMONDS TEN DIAMONDS SIX,0.3016,0.027,0.6714
HEARTS ACE DIAMONDS SEVEN,0.3472,0.0048,0.648
DIAMONDS JACK DIAMONDS SIX,0.342,0.0198,0.6382
HEARTS QUEEN DIAMONDS SEVEN,0.3424,0.012,0.6456
HEARTS KING DIAMONDS SEVEN,0.3484,0.0078,0.6438
DIAMONDS ACE DIAMONDS SIX,0.3348,0.0042,0.661
HEARTS FOUR DIAMONDS SIX,0.5142,0.0662,0.4196
SPADES TWO HEARTS JACK,0.3872,0.0242,0.5886
HEARTS FIVE DIAMONDS SIX,0.5128,0.068,0.4192
SPADES TWO HEARTS TEN,0.3892,0.026,0.5848
DIAMONDS QUEEN DIAMONDS SIX,0.3418,0.0104,0.6478
HEARTS TWO DIAMONDS SIX,0.565,0.0692,0.3658
DIAMONDS KING DIAMONDS SIX,0.329,0.0082,0.6628
HEARTS EIGHT DIAMONDS SIX,0.2118,0.374,0.4142
HEARTS NINE DIAMONDS SIX,0.3264,0.046,0.6276
HEARTS SIX DIAMONDS SIX,0.243,0.0888,0.6682
HEARTS SEVEN DIAMONDS SIX,0.4826,0.0666,0.4508
HEARTS TEN DIAMONDS SEVEN,0.3294,0.0282,0.6424
CLUBS TWO DIAMONDS SIX,0.5714,0.0672,0.3614
HEARTS JACK DIAMONDS SEVEN,0.3448,0.0182,0.637
CLUBS THREE DIAMONDS SIX,0.6034,0.1382,0.2584
CLUBS SEVEN DIAMONDS SIX,0.5052,0.0654,0.4294
CLUBS JACK DIAMONDS EIGHT,0.2202,0.0634,0.7164
CLUBS SIX DIAMONDS SIX,0.2478,0.0906,0.6616
CLUBS TEN DIAMONDS EIGHT,0.2112,0.0814,0.7074
CLUBS FIVE DIAMONDS SIX,0.5158,0.0708,0.4134
CLUBS FOUR DIAMONDS SIX,0.5202,0.063,0.4168
HEARTS ACE HEARTS JACK,0.2906,0.005,0.7044
DIAMONDS EIGHT CLUBS ACE,0.2278,0.0278,0.7444
HEARTS QUEEN HEARTS JACK,0.299,0.0106,0.6904
DIAMONDS EIGHT CLUBS KING,0.2234,0.0422,0.7344
CLUBS NINE DIAMONDS SIX,0.3362,0.039,0.6248
HEARTS KING HEARTS JACK,0.3076,0.0068,0.6856
DIAMONDS EIGHT CLUBS QUEEN,0.2202,0.0492,0.7306
SPADES TEN HEARTS KING,0.314,0.0084,0.6776
SPADES FIVE DIAMONDS SIX,0.4956,0.0668,0.4376
HEARTS ACE SPADES TWO,0.3792,0.0052,0.6156
SPADES JACK HEARTS KING,0.3116,0.0092,0.6792
SPADES FOUR DIAMONDS SIX,0.5146,0.0676,0.4178
SPADES THREE DIAMONDS SIX,0.6168,0.136,0.2472
HEARTS QUEEN SPADES TWO,0.3858,0.0118,0.6024
SPADES ACE SPADES KING,0.3064,0.0042,0.6894
HEARTS KING SPADES TWO,0.3858,0.0096,0.6046
SPADES TWO DIAMONDS SIX,0.5724,0.0726,0.355
HEARTS TEN HEARTS EIGHT,0.2284,0.0786,0.693
SPADES NINE DIAMONDS SIX,0.3396,0.0386,0.6218
HEARTS JACK HEARTS EIGHT,0.2198,0.0628,0.7174
SPADES EIGHT DIAMONDS SIX,0.2164,0.371,0.4126
SPADES SEVEN DIAMONDS SIX,0.5128,0.0572,0.43
SPADES SIX DIAMONDS SIX,0.2526,0.0916,0.6558
SPADES KING HEARTS KING,0.127,0.0146,0.8584
SPADES QUEEN HEARTS KING,0.3184,0.0076,0.674
CLUBS ACE CLUBS KING,0.316,0.006,0.678
SPADES ACE HEARTS KING,0.33,0.004,0.666
SPADES ACE HEARTS JACK,0.3268,0.0044,0.6688
SPADES QUEEN HEARTS JACK,0.3142,0.0092,0.6766
SPADES KING HEARTS JACK,0.313,0.006,0.681
SPADES TEN DIAMONDS TEN,0.1358,0.052,0.8122
SPADES JACK DIAMONDS TEN,0.3102,0.0146,0.6752
SPADES ACE DIAMONDS TEN,0.323,0.0016,0.6754
SPADES JACK HEARTS JACK,0.122,0.039,0.839
SPADES TEN HEARTS JACK,0.3062,0.0162,0.6776
SPADES QUEEN DIAMONDS TEN,0.3164,0.0122,0.6714
SPADES KING DIAMONDS TEN,0.3162,0.0068,0.677
SPADES NINE DIAMONDS SEVEN,0.3348,0.0372,0.628
SPADES EIGHT DIAMONDS SEVEN,0.2136,0.3042,0.4822
SPADES SEVEN DIAMONDS SEVEN,0.2598,0.0798,0.6604
SPADES SIX DIAMONDS SEVEN,0.4976,0.0682,0.4342
DIAMONDS KING DIAMONDS SEVEN,0.319,0.0088,0.6722
HEARTS KING DIAMONDS FIVE,0.3378,0.0092,0.653
DIAMONDS QUEEN DIAMONDS SEVEN,0.3464,0.01,0.6436
HEARTS TWO DIAMONDS SEVEN,0.5844,0.067,0.3486
HEARTS QUEEN DIAMONDS FIVE,0.345,0.0108,0.6442
HEARTS FIVE DIAMONDS SEVEN,0.5212,0.0662,0.4126
DIAMONDS ACE DIAMONDS SEVEN,0.3236,0.0058,0.6706
HEARTS FOUR DIAMONDS SEVEN,0.5226,0.0656,0.4118
HEARTS ACE DIAMONDS FIVE,0.3342,0.0058,0.66
HEARTS SEVEN DIAMONDS SEVEN,0.2428,0.0878,0.6694
HEARTS SIX DIAMONDS SEVEN,0.4942,0.0626,0.4432
DIAMONDS SEVEN HEARTS NINE,0.3172,0.046,0.6368
HEARTS EIGHT DIAMONDS SEVEN,0.2056,0.2904,0.504
DIAMONDS JACK DIAMONDS SEVEN,0.3294,0.0198,0.6508
DIAMONDS FIVE HEARTS JACK,0.34,0.02,0.64
DIAMONDS TEN DIAMONDS SEVEN,0.3188,0.0306,0.6506
HEARTS TEN DIAMONDS FIVE,0.3482,0.0306,0.6212
SPADES KING CLUBS TWO,0.3894,0.0104,0.6002
HEARTS KING CLUBS KING,0.1106,0.0176,0.8718
SPADES QUEEN CLUBS TWO,0.4034,0.0128,0.5838
HEARTS KING CLUBS QUEEN,0.3256,0.0086,0.6658
CLUBS NINE DIAMONDS SEVEN,0.3252,0.039,0.6358
CLUBS JACK SPADES TWO,0.3766,0.0202,0.6032
SPADES ACE CLUBS TWO,0.3892,0.0066,0.6042
CLUBS TEN SPADES TWO,0.3796,0.0302,0.5902
HEARTS KING CLUBS ACE,0.3224,0.006,0.6716
CLUBS SEVEN CLUBS SIX,0.4774,0.0648,0.4578
SPADES TWO CLUBS KING,0.379,0.01,0.611
SPADES TWO DIAMONDS SEVEN,0.5796,0.0662,0.3542
SPADES THREE DIAMONDS SEVEN,0.6074,0.1432,0.2494
SPADES TWO CLUBS QUEEN,0.3818,0.0134,0.6048
CLUBS NINE CLUBS SIX,0.3144,0.0428,0.6428
SPADES FOUR DIAMONDS SEVEN,0.522,0.0726,0.4054
CLUBS JACK HEARTS KING,0.3248,0.0076,0.6676
SPADES FIVE DIAMONDS SEVEN,0.5158,0.0664,0.4178
SPADES TWO CLUBS ACE,0.3856,0.0046,0.6098
CLUBS TEN HEARTS KING,0.3068,0.0082,0.685
CLUBS SIX SPADES TWO,0.5818,0.0626,0.3556
CLUBS SIX SPADES THREE,0.5898,0.1502,0.26
CLUBS TWO DIAMONDS SEVEN,0.582,0.0706,0.3474
CLUBS SIX SPADES FOUR,0.533,0.0692,0.3978
CLUBS THREE DIAMONDS SEVEN,0.6138,0.141,0.2452
CLUBS SIX SPADES FIVE,0.5074,0.0666,0.426
CLUBS FOUR DIAMONDS SEVEN,0.5382,0.069,0.3928
CLUBS SIX SPADES SIX,0.2604,0.0902,0.6494
CLUBS FIVE DIAMONDS SEVEN,0.5058,0.0674,0.4268
CLUBS SIX SPADES SEVEN,0.5154,0.063,0.4216
CLUBS SIX DIAMONDS SEVEN,0.499,0.066,0.435
CLUBS SIX SPADES EIGHT,0.2052,0.3634,0.4314
SPADES JACK CLUBS TWO,0.398,0.021,0.581
CLUBS SEVEN DIAMONDS SEVEN,0.247,0.0794,0.6736
SPADES NINE CLUBS SIX,0.3288,0.0452,0.626
SPADES TEN CLUBS TWO,0.387,0.0246,0.5884
CLUBS TWO CLUBS QUEEN,0.3652,0.0148,0.62
CLUBS TWO CLUBS KING,0.3814,0.01,0.6086
CLUBS THREE DIAMONDS EIGHT,0.0168,0.9736,0.0096
CLUBS TWO CLUBS ACE,0.3498,0.0066,0.6436
CLUBS TWO DIAMONDS EIGHT,0.2612,0.5294,0.2094
HEARTS SEVEN DIAMONDS EIGHT,0.2012,0.3046,0.4942
HEARTS SIX DIAMONDS EIGHT,0.2098,0.368,0.4222
DIAMONDS EIGHT HEARTS NINE,0.2148,0.1096,0.6756
CLUBS TEN CLUBS TWO,0.3662,0.0296,0.6042
DIAMONDS EIGHT HEARTS EIGHT,0.0684,0.0924,0.8392
CLUBS JACK CLUBS TWO,0.3742,0.0184,0.6074
CLUBS NINE DIAMONDS EIGHT,0.2198,0.1066,0.6736
CLUBS FIVE DIAMONDS EIGHT,0.2116,0.4426,0.3458
SPADES ACE SPADES THREE,0.2186,0.0102,0.7712
CLUBS FOUR DIAMONDS EIGHT,0.2148,0.5102,0.275
CLUBS SEVEN DIAMONDS EIGHT,0.211,0.293,0.496
SPADES QUEEN SPADES THREE,0.228,0.036,0.736
CLUBS SIX DIAMONDS EIGHT,0.2178,0.3722,0.41
SPADES KING SPADES THREE,0.2256,0.0254,0.749
DIAMONDS QUEEN DIAMONDS EIGHT,0.2098,0.0506,0.7396
HEARTS TWO DIAMONDS EIGHT,0.2634,0.5256,0.211
DIAMONDS KING DIAMONDS EIGHT,0.2176,0.0334,0.749
DIAMONDS ACE DIAMONDS EIGHT,0.2136,0.0314,0.755
HEARTS FOUR DIAMONDS EIGHT,0.2162,0.5056,0.2782
HEARTS FIVE DIAMONDS EIGHT,0.2126,0.433,0.3544
DIAMONDS EIGHT DIAMONDS TEN,0.2048,0.085,0.7102
DIAMONDS EIGHT DIAMONDS JACK,0.2194,0.0536,0.727
SPADES JACK SPADES THREE,0.2272,0.0486,0.7242
SPADES TEN SPADES THREE,0.2202,0.0746,0.7052
CLUBS FOUR HEARTS ACE,0.3468,0.0048,0.6484
CLUBS FOUR HEARTS QUEEN,0.36,0.0128,0.6272
CLUBS FOUR HEARTS KING,0.344,0.009,0.647
CLUBS SIX HEARTS TEN,0.3368,0.0286,0.6346
CLUBS SIX HEARTS JACK,0.3478,0.0198,0.6324
DIAMONDS EIGHT SPADES FOUR,0.2212,0.5096,0.2692
SPADES FIVE DIAMONDS EIGHT,0.2206,0.4386,0.3408
DIAMONDS EIGHT SPADES TWO,0.2574,0.5274,0.2152
DIAMONDS EIGHT SPADES THREE,0.0178,0.9564,0.0258
CLUBS FOUR HEARTS JACK,0.3498,0.0222,0.628
SPADES EIGHT DIAMONDS EIGHT,0.0794,0.081,0.8396
SPADES TEN DIAMONDS QUEEN,0.3144,0.0088,0.6768
SPADES TEN HEARTS TWO,0.3894,0.0356,0.575
SPADES JACK HEARTS EIGHT,0.2098,0.0614,0.7288
CLUBS FOUR HEARTS TEN,0.3508,0.0282,0.621
SPADES NINE DIAMONDS EIGHT,0.2274,0.1018,0.6708
SPADES TEN HEARTS EIGHT,0.2088,0.0878,0.7034
SPADES JACK HEARTS TWO,0.3936,0.0204,0.586
SPADES JACK DIAMONDS QUEEN,0.3132,0.0078,0.679
SPADES SIX DIAMONDS EIGHT,0.2168,0.3664,0.4168
SPADES SEVEN DIAMONDS EIGHT,0.2146,0.3002,0.4852
SPADES ACE HEARTS TWO,0.378,0.0062,0.6158
SPADES ACE DIAMONDS QUEEN,0.32,0.0018,0.6782
SPADES ACE HEARTS EIGHT,0.2186,0.0318,0.7496
SPADES KING HEARTS EIGHT,0.2248,0.04,0.7352
SPADES QUEEN HEARTS TWO,0.4048,0.0138,0.5814
SPADES QUEEN DIAMONDS QUEEN,0.1364,0.026,0.8376
SPADES KING DIAMONDS QUEEN,0.3242,0.005,0.6708
SPADES KING HEARTS TWO,0.394,0.0078,0.5982
SPADES QUEEN HEARTS EIGHT,0.2098,0.053,0.7372
CLUBS TWO HEARTS TEN,0.3764,0.0268,0.5968
CLUBS TWO HEARTS JACK,0.4028,0.0184,0.5788
SPADES SEVEN DIAMONDS NINE,0.326,0.041,0.633
SPADES SIX DIAMONDS NINE,0.3308,0.0412,0.628
SPADES NINE DIAMONDS NINE,0.143,0.0582,0.7988
SPADES EIGHT DIAMONDS NINE,0.2148,0.1078,0.6774
SPADES TEN CLUBS KING,0.3182,0.0072,0.6746
DIAMONDS NINE SPADES THREE,0.2416,0.1008,0.6576
SPADES JACK CLUBS KING,0.3184,0.0086,0.673
DIAMONDS NINE SPADES TWO,0.369,0.0448,0.5862
DIAMONDS NINE SPADES FIVE,0.3314,0.0446,0.624
DIAMONDS NINE SPADES FOUR,0.3578,0.0416,0.6006
CLUBS NINE DIAMONDS NINE,0.1238,0.059,0.8172
CLUBS SIX DIAMONDS NINE,0.3336,0.0426,0.6238
SPADES JACK CLUBS FOUR,0.3536,0.0178,0.6286
CLUBS SEVEN DIAMONDS NINE,0.328,0.0384,0.6336
SPADES TEN CLUBS FOUR,0.367,0.029,0.604
CLUBS FOUR DIAMONDS NINE,0.3564,0.0402,0.6034
CLUBS FIVE DIAMONDS NINE,0.339,0.0458,0.6152
DIAMONDS NINE CLUBS TWO,0.3918,0.0396,0.5686
CLUBS THREE DIAMONDS NINE,0.2314,0.1092,0.6594
DIAMONDS NINE HEARTS EIGHT,0.214,0.1014,0.6846
DIAMONDS NINE HEARTS NINE,0.1338,0.0568,0.8094
HEARTS SIX DIAMONDS NINE,0.3316,0.0444,0.624
HEARTS SEVEN DIAMONDS NINE,0.3164,0.0462,0.6374
DIAMONDS ACE DIAMONDS NINE,0.3012,0.0038,0.695
HEARTS FOUR DIAMONDS NINE,0.35,0.0498,0.6002
HEARTS FIVE DIAMONDS NINE,0.3226,0.042,0.6354
HEARTS ACE CLUBS TWO,0.3698,0.0086,0.6216
SPADES ACE CLUBS FOUR,0.3426,0.003,0.6544
DIAMONDS QUEEN DIAMONDS NINE,0.2856,0.0116,0.7028
HEARTS TWO DIAMONDS NINE,0.3848,0.0454,0.5698
CLUBS TWO HEARTS KING,0.3788,0.0098,0.6114
SPADES KING CLUBS FOUR,0.3526,0.0078,0.6396
DIAMONDS KING DIAMONDS NINE,0.3022,0.0076,0.6902
CLUBS TWO HEARTS QUEEN,0.4006,0.016,0.5834
SPADES QUEEN CLUBS FOUR,0.3632,0.013,0.6238
DIAMONDS NINE DIAMONDS JACK,0.2888,0.0184,0.6928
DIAMONDS NINE DIAMONDS TEN,0.271,0.0232,0.7058
HEARTS SIX DIAMONDS TEN,0.3326,0.0252,0.6422
HEARTS SEVEN DIAMONDS TEN,0.3316,0.028,0.6404
DIAMONDS TEN HEARTS EIGHT,0.224,0.0802,0.6958
CLUBS JACK CLUBS FOUR,0.3404,0.0196,0.64
DIAMONDS TEN HEARTS NINE,0.287,0.0256,0.6874
CLUBS TEN CLUBS FOUR,0.3436,0.0286,0.6278
CLUBS FOUR CLUBS KING,0.3278,0.009,0.6632
CLUBS FOUR CLUBS QUEEN,0.3456,0.0098,0.6446
CLUBS TWO DIAMONDS TEN,0.3834,0.0308,0.5858
CLUBS THREE DIAMONDS TEN,0.2398,0.0764,0.6838
CLUBS FOUR CLUBS ACE,0.3348,0.0054,0.6598
DIAMONDS JACK DIAMONDS TEN,0.285,0.0134,0.7016
DIAMONDS QUEEN DIAMONDS TEN,0.2964,0.0102,0.6934
HEARTS TWO DIAMONDS TEN,0.3906,0.0294,0.58
DIAMONDS KING DIAMONDS TEN,0.3062,0.0062,0.6876
DIAMONDS ACE DIAMONDS TEN,0.2984,0.006,0.6956
HEARTS FOUR DIAMONDS TEN,0.3666,0.027,0.6064
HEARTS FIVE DIAMONDS TEN,0.3472,0.0242,0.6286
CLUBS NINE SPADES THREE,0.221,0.105,0.674
CLUBS NINE SPADES TWO,0.3886,0.0442,0.5672
CLUBS NINE SPADES FIVE,0.3386,0.046,0.6154
CLUBS NINE SPADES FOUR,0.3564,0.0472,0.5964
CLUBS NINE SPADES SEVEN,0.325,0.0464,0.6286
CLUBS NINE SPADES SIX,0.329,0.042,0.629
CLUBS NINE SPADES NINE,0.1316,0.0598,0.8086
CLUBS TEN HEARTS EIGHT,0.2042,0.0794,0.7164
CLUBS NINE SPADES EIGHT,0.2044,0.1116,0.684
CLUBS JACK HEARTS EIGHT,0.2132,0.0656,0.7212
HEARTS EIGHT CLUBS QUEEN,0.2174,0.0472,0.7354
CLUBS KING HEARTS EIGHT,0.2134,0.0378,0.7488
CLUBS ACE HEARTS EIGHT,0.2018,0.0316,0.7666
SPADES KING CLUBS KING,0.118,0.014,0.868
SPADES QUEEN CLUBS KING,0.3312,0.0062,0.6626
SPADES ACE CLUBS KING,0.3142,0.0034,0.6824
DIAMONDS ACE HEARTS TEN,0.3104,0.0034,0.6862
HEARTS FOUR HEARTS TEN,0.3306,0.0276,0.6418
DIAMONDS ACE HEARTS JACK,0.3234,0.0048,0.6718
HEARTS FOUR HEARTS JACK,0.3472,0.0202,0.6326
SPADES KING CLUBS FIVE,0.3574,0.0058,0.6368
SPADES QUEEN CLUBS FIVE,0.3454,0.0124,0.6422
SPADES ACE CLUBS FIVE,0.349,0.0042,0.6468
HEARTS SEVEN DIAMONDS JACK,0.347,0.0194,0.6336
HEARTS SIX DIAMONDS JACK,0.3464,0.0188,0.6348
DIAMONDS JACK HEARTS NINE,0.3008,0.0144,0.6848
DIAMONDS JACK HEARTS EIGHT,0.2164,0.0624,0.7212
DIAMONDS KING DIAMONDS JACK,0.3056,0.0052,0.6892
SPADES ACE SPADES SIX,0.3214,0.005,0.6736
HEARTS ACE SPADES FOUR,0.3386,0.0048,0.6566
DIAMONDS QUEEN DIAMONDS JACK,0.304,0.0074,0.6886
HEARTS TWO DIAMONDS JACK,0.3926,0.0244,0.583
HEARTS FIVE DIAMONDS JACK,0.3584,0.0222,0.6194
SPADES QUEEN SPADES SIX,0.3456,0.0118,0.6426
SPADES FOUR HEARTS QUEEN,0.35,0.0138,0.6362
DIAMONDS ACE DIAMONDS JACK,0.3058,0.005,0.6892
HEARTS FOUR DIAMONDS JACK,0.3492,0.017,0.6338
SPADES KING SPADES SIX,0.3334,0.007,0.6596
SPADES FOUR HEARTS KING,0.345,0.0088,0.6462
SPADES TEN SPADES SIX,0.3128,0.0274,0.6598
SPADES JACK SPADES SIX,0.3302,0.0158,0.654
SPADES FOUR DIAMONDS JACK,0.3472,0.019,0.6338
SPADES FIVE DIAMONDS JACK,0.3586,0.0186,0.6228
DIAMONDS JACK SPADES TWO,0.3924,0.0214,0.5862
DIAMONDS JACK SPADES THREE,0.2526,0.0522,0.6952
SPADES ACE DIAMONDS THREE,0.2326,0.016,0.7514
SPADES QUEEN DIAMONDS THREE,0.2524,0.04,0.7076
SPADES KING DIAMONDS THREE,0.2446,0.0276,0.7278
CLUBS NINE DIAMONDS JACK,0.3078,0.0162,0.676
CLUBS SIX DIAMONDS JACK,0.3518,0.0168,0.6314
CLUBS SEVEN DIAMONDS JACK,0.3546,0.0186,0.6268
CLUBS FOUR DIAMONDS JACK,0.3544,0.0202,0.6254
CLUBS FIVE DIAMONDS JACK,0.3534,0.02,0.6266
CLUBS TWO DIAMONDS JACK,0.3988,0.0236,0.5776
CLUBS THREE DIAMONDS JACK,0.2506,0.0592,0.6902
SPADES TEN CLUBS FIVE,0.3626,0.0248,0.6126
SPADES JACK HEARTS SIX,0.359,0.018,0.623
HEARTS SIX SPADES TEN,0.3352,0.031,0.6338
SPADES JACK CLUBS FIVE,0.3566,0.0212,0.6222
SPADES JACK DIAMONDS THREE,0.249,0.0526,0.6984
CLUBS SEVEN CLUBS ACE,0.3332,0.0038,0.663
DIAMONDS THREE SPADES TEN,0.2348,0.0792,0.686
CLUBS SEVEN CLUBS QUEEN,0.35,0.012,0.638
CLUBS SEVEN CLUBS KING,0.3402,0.0062,0.6536
SPADES NINE DIAMONDS JACK,0.3122,0.016,0.6718
CLUBS TEN CLUBS SEVEN,0.322,0.021,0.657
DIAMONDS ACE HEARTS ACE,0.1196,0.0048,0.8756
HEARTS FOUR HEARTS ACE,0.3164,0.0062,0.6774
SPADES EIGHT DIAMONDS JACK,0.2318,0.0646,0.7036
SPADES ACE HEARTS SIX,0.3482,0.0044,0.6474
CLUBS JACK CLUBS SEVEN,0.3192,0.017,0.6638
DIAMONDS ACE HEARTS KING,0.324,0.0058,0.6702
HEARTS FOUR HEARTS KING,0.3372,0.0088,0.654
SPADES SEVEN DIAMONDS JACK,0.3438,0.0172,0.639
SPADES KING HEARTS SIX,0.3514,0.0084,0.6402
DIAMONDS ACE HEARTS QUEEN,0.3182,0.0048,0.677
HEARTS FOUR HEARTS QUEEN,0.3348,0.0162,0.649
SPADES QUEEN HEARTS SIX,0.3584,0.0112,0.6304
SPADES SIX DIAMONDS JACK,0.3532,0.0158,0.631
DIAMONDS TEN SPADES TWO,0.3976,0.0338,0.5686
SPADES THREE DIAMONDS TEN,0.2378,0.0788,0.6834
SPADES FOUR DIAMONDS TEN,0.3534,0.0222,0.6244
SPADES FIVE DIAMONDS TEN,0.3532,0.0274,0.6194
SPADES SIX DIAMONDS TEN,0.3542,0.0246,0.6212
SPADES SEVEN DIAMONDS TEN,0.3228,0.0284,0.6488
SPADES EIGHT DIAMONDS TEN,0.2176,0.0816,0.7008
SPADES NINE DIAMONDS TEN,0.3002,0.0224,0.6774
CLUBS FOUR DIAMONDS TEN,0.3406,0.0282,0.6312
CLUBS FIVE DIAMONDS TEN,0.3618,0.027,0.6112
CLUBS SIX DIAMONDS TEN,0.3542,0.0304,0.6154
CLUBS SEVEN DIAMONDS TEN,0.3278,0.0276,0.6446
CLUBS NINE DIAMONDS TEN,0.3024,0.0254,0.6722
CLUBS JACK DIAMONDS THREE,0.233,0.0578,0.7092
CLUBS TEN DIAMONDS THREE,0.2334,0.0754,0.6912
DIAMONDS THREE CLUBS KING,0.2348,0.0286,0.7366
DIAMONDS THREE CLUBS QUEEN,0.2362,0.0376,0.7262
DIAMONDS THREE CLUBS ACE,0.2438,0.0158,0.7404
SPADES FOUR HEARTS JACK,0.3554,0.0174,0.6272
SPADES FOUR HEARTS TEN,0.3518,0.0288,0.6194
SPADES FIVE SPADES TWO,0.523,0.0694,0.4076
SPADES FOUR SPADES TWO,0.5264,0.0634,0.4102
SPADES THREE SPADES TWO,0.5574,0.1424,0.3002
SPADES NINE SPADES TWO,0.3554,0.0502,0.5944
SPADES EIGHT SPADES TWO,0.244,0.4938,0.2622
SPADES SEVEN SPADES TWO,0.5346,0.0678,0.3976
SPADES SIX SPADES TWO,0.5274,0.0674,0.4052
DIAMONDS QUEEN CLUBS THREE,0.2392,0.0456,0.7152
CLUBS THREE HEARTS TWO,0.5904,0.1494,0.2602
DIAMONDS QUEEN CLUBS TWO,0.394,0.0144,0.5916
HEARTS TWO CLUBS TWO,0.3556,0.1064,0.538
HEARTS SEVEN DIAMONDS QUEEN,0.347,0.012,0.641
HEARTS SEVEN HEARTS TWO,0.5544,0.0672,0.3784
HEARTS SIX DIAMONDS QUEEN,0.3494,0.015,0.6356
HEARTS SIX HEARTS TWO,0.5514,0.0676,0.381
DIAMONDS QUEEN HEARTS NINE,0.3106,0.0154,0.674
HEARTS TWO HEARTS NINE,0.3672,0.044,0.5888
DIAMONDS QUEEN HEARTS EIGHT,0.2322,0.0508,0.717
HEARTS TWO HEARTS EIGHT,0.2376,0.4916,0.2708
CLUBS NINE HEARTS TWO,0.3732,0.0478,0.579
CLUBS NINE DIAMONDS QUEEN,0.3012,0.012,0.6868
CLUBS FIVE DIAMONDS QUEEN,0.3626,0.0138,0.6236
CLUBS FIVE HEARTS TWO,0.5566,0.0714,0.372
SPADES EIGHT HEARTS ACE,0.219,0.0342,0.7468
DIAMONDS QUEEN CLUBS FOUR,0.3574,0.0142,0.6284
HEARTS TWO CLUBS FOUR,0.5748,0.0746,0.3506
CLUBS SEVEN DIAMONDS QUEEN,0.362,0.0124,0.6256
CLUBS SEVEN HEARTS TWO,0.5918,0.0728,0.3354
SPADES EIGHT HEARTS QUEEN,0.226,0.0476,0.7264
CLUBS SIX DIAMONDS QUEEN,0.347,0.013,0.64
CLUBS SIX HEARTS TWO,0.5844,0.0672,0.3484
SPADES EIGHT HEARTS KING,0.2358,0.0374,0.7268
HEARTS TWO SPADES SIX,0.5712,0.074,0.3548
DIAMONDS QUEEN SPADES SIX,0.3678,0.0132,0.619
HEARTS FOUR CLUBS QUEEN,0.35,0.0136,0.6364
DIAMONDS ACE CLUBS QUEEN,0.3178,0.0072,0.675
DIAMONDS QUEEN SPADES SEVEN,0.3628,0.0124,0.6248
HEARTS TWO SPADES SEVEN,0.5776,0.067,0.3554
HEARTS FOUR CLUBS KING,0.3404,0.011,0.6486
DIAMONDS ACE CLUBS KING,0.329,0.0038,0.6672
DIAMONDS QUEEN SPADES EIGHT,0.2436,0.0502,0.7062
SPADES EIGHT HEARTS TWO,0.248,0.5354,0.2166
HEARTS FOUR CLUBS ACE,0.3338,0.0062,0.66
DIAMONDS ACE CLUBS ACE,0.1268,0.003,0.8702
SPADES NINE DIAMONDS QUEEN,0.3188,0.0126,0.6686
SPADES NINE HEARTS TWO,0.39,0.0376,0.5724
HEARTS TWO SPADES TWO,0.356,0.112,0.532
DIAMONDS QUEEN SPADES TWO,0.3898,0.0128,0.5974
HEARTS TWO SPADES THREE,0.6,0.1444,0.2556
DIAMONDS QUEEN SPADES THREE,0.2452,0.0362,0.7186
HEARTS TWO SPADES FOUR,0.555,0.0704,0.3746
DIAMONDS QUEEN SPADES FOUR,0.3468,0.0144,0.6388
CLUBS TEN HEARTS FOUR,0.3452,0.0328,0.622
CLUBS TEN DIAMONDS ACE,0.3098,0.0046,0.6856
HEARTS TWO SPADES FIVE,0.569,0.0648,0.3662
DIAMONDS QUEEN SPADES FIVE,0.3466,0.0126,0.6408
CLUBS JACK HEARTS FOUR,0.3422,0.0204,0.6374
CLUBS JACK DIAMONDS ACE,0.313,0.004,0.683
CLUBS FIVE CLUBS KING,0.32,0.0068,0.6732
CLUBS FIVE CLUBS QUEEN,0.3368,0.0122,0.651
CLUBS FIVE CLUBS ACE,0.3228,0.007,0.6702
CLUBS JACK CLUBS FIVE,0.3278,0.0196,0.6526
CLUBS TEN CLUBS FIVE,0.33,0.0258,0.6442
SPADES KING CLUBS JACK,0.3108,0.0068,0.6824
CLUBS JACK SPADES QUEEN,0.3174,0.0108,0.6718
SPADES ACE CLUBS JACK,0.32,0.0052,0.6748
SPADES SIX CLUBS KING,0.3508,0.0088,0.6404
SPADES SIX CLUBS QUEEN,0.3532,0.0138,0.633
SPADES EIGHT HEARTS JACK,0.2288,0.059,0.7122
SPADES SIX CLUBS ACE,0.357,0.0046,0.6384
SPADES EIGHT HEARTS TEN,0.2192,0.0818,0.699
CLUBS JACK SPADES SIX,0.3618,0.0168,0.6214
CLUBS TEN SPADES SIX,0.3222,0.0318,0.646
CLUBS JACK SPADES TEN,0.2992,0.0178,0.683
CLUBS JACK SPADES JACK,0.1322,0.036,0.8318
SPADES QUEEN CLUBS SEVEN,0.3586,0.0114,0.63
SPADES KING CLUBS SEVEN,0.356,0.008,0.636
SPADES ACE CLUBS SEVEN,0.3706,0.0058,0.6236
SPADES SIX HEARTS TEN,0.338,0.0284,0.6336
SPADES SIX HEARTS JACK,0.3502,0.019,0.6308
SPADES SIX HEARTS ACE,0.3448,0.0046,0.6506
SPADES SIX HEARTS KING,0.348,0.0098,0.6422
SPADES SIX HEARTS QUEEN,0.3494,0.0132,0.6374
CLUBS SEVEN SPADES JACK,0.3628,0.0156,0.6216
CLUBS SEVEN SPADES TEN,0.331,0.0296,0.6394
CLUBS TEN HEARTS SIX,0.3334,0.0254,0.6412
CLUBS JACK HEARTS SIX,0.3424,0.0194,0.6382
CLUBS JACK CLUBS ACE,0.297,0.0054,0.6976
HEARTS SIX CLUBS QUEEN,0.3532,0.0122,0.6346
HEARTS SIX CLUBS KING,0.3332,0.0088,0.658
HEARTS SIX CLUBS ACE,0.3414,0.0048,0.6538
CLUBS JACK CLUBS QUEEN,0.2962,0.0136,0.6902
CLUBS JACK CLUBS KING,0.3012,0.0062,0.6926
DIAMONDS THREE HEARTS ACE,0.2308,0.0198,0.7494
DIAMONDS THREE HEARTS QUEEN,0.2344,0.0448,0.7208
DIAMONDS THREE HEARTS KING,0.2316,0.0314,0.737
CLUBS FIVE HEARTS JACK,0.332,0.0182,0.6498
SPADES TEN DIAMONDS ACE,0.3282,0.0038,0.668
HEARTS FOUR SPADES TEN,0.3524,0.0276,0.62
CLUBS FIVE HEARTS TEN,0.3662,0.0306,0.6032
HEARTS FOUR SPADES JACK,0.3652,0.0192,0.6156
SPADES JACK DIAMONDS ACE,0.328,0.004,0.668
SPADES ACE HEARTS FOUR,0.3378,0.0056,0.6566
SPADES ACE DIAMONDS ACE,0.127,0.003,0.87
CLUBS FIVE HEARTS ACE,0.3382,0.006,0.6558
CLUBS FIVE HEARTS KING,0.3408,0.0098,0.6494
HEARTS FOUR SPADES QUEEN,0.3604,0.0156,0.624
SPADES QUEEN DIAMONDS ACE,0.3216,0.004,0.6744
CLUBS JACK SPADES FOUR,0.3512,0.022,0.6268
CLUBS FIVE HEARTS QUEEN,0.3488,0.0156,0.6356
SPADES KING DIAMONDS ACE,0.3218,0.0038,0.6744
SPADES KING HEARTS FOUR,0.3584,0.0078,0.6338
CLUBS TEN SPADES FOUR,0.3398,0.029,0.6312
DIAMONDS QUEEN DIAMONDS ACE,0.2918,0.0032,0.705
HEARTS TWO DIAMONDS ACE,0.375,0.0054,0.6196
HEARTS FOUR DIAMONDS QUEEN,0.3482,0.0148,0.637
HEARTS FOUR HEARTS TWO,0.5164,0.063,0.4206
DIAMONDS THREE HEARTS TEN,0.2354,0.0712,0.6934
SPADES FOUR CLUBS KING,0.3448,0.0104,0.6448
HEARTS FIVE DIAMONDS QUEEN,0.343,0.0128,0.6442
HEARTS FIVE HEARTS TWO,0.5302,0.063,0.4068
DIAMONDS THREE HEARTS JACK,0.2366,0.0558,0.7076
SPADES FOUR CLUBS QUEEN,0.3488,0.0138,0.6374
DIAMONDS QUEEN HEARTS TWO,0.3954,0.0138,0.5908
DIAMONDS KING DIAMONDS QUEEN,0.3042,0.0064,0.6894
DIAMONDS KING HEARTS TWO,0.3924,0.0098,0.5978
SPADES FOUR CLUBS ACE,0.3396,0.0052,0.6552
HEARTS TWO CLUBS ACE,0.3792,0.0076,0.6132
DIAMONDS QUEEN CLUBS ACE,0.3292,0.005,0.6658
HEARTS TWO CLUBS QUEEN,0.395,0.0158,0.5892
DIAMONDS QUEEN CLUBS QUEEN,0.1348,0.0278,0.8374
HEARTS TWO CLUBS KING,0.3952,0.0106,0.5942
DIAMONDS QUEEN CLUBS KING,0.327,0.0074,0.6656
SPADES EIGHT SPADES FIVE,0.1948,0.4246,0.3806
CLUBS TEN HEARTS TWO,0.3888,0.0326,0.5786
CLUBS TEN DIAMONDS QUEEN,0.307,0.012,0.681
SPADES NINE SPADES FIVE,0.3182,0.0394,0.6424
CLUBS JACK HEARTS TWO,0.3852,0.022,0.5928
CLUBS JACK DIAMONDS QUEEN,0.3076,0.0108,0.6816
SPADES SIX SPADES FIVE,0.4808,0.0676,0.4516
SPADES SEVEN SPADES FIVE,0.4734,0.0656,0.461
DIAMONDS FIVE CLUBS QUEEN,0.3506,0.0152,0.6342
SPADES EIGHT CLUBS ACE,0.216,0.0276,0.7564
DIAMONDS FIVE CLUBS KING,0.3502,0.008,0.6418
SPADES EIGHT CLUBS KING,0.2228,0.0396,0.7376
DIAMONDS FIVE CLUBS ACE,0.339,0.0044,0.6566
SPADES EIGHT CLUBS QUEEN,0.2242,0.052,0.7238
CLUBS JACK SPADES EIGHT,0.2166,0.058,0.7254
CLUBS TEN SPADES EIGHT,0.2228,0.0788,0.6984
CLUBS TEN DIAMONDS FIVE,0.3442,0.027,0.6288
CLUBS JACK DIAMONDS FIVE,0.3542,0.0184,0.6274
DIAMONDS TEN HEARTS JACK,0.3044,0.0136,0.682
DIAMONDS TEN HEARTS TEN,0.123,0.0498,0.8272
SPADES ACE CLUBS NINE,0.315,0.0036,0.6814
SPADES QUEEN CLUBS NINE,0.303,0.0122,0.6848
SPADES KING CLUBS NINE,0.3154,0.0072,0.6774
HEARTS SIX HEARTS KING,0.335,0.0088,0.6562
DIAMONDS KING SPADES SEVEN,0.3424,0.0074,0.6502
SPADES KING DIAMONDS SEVEN,0.3512,0.0062,0.6426
HEARTS SIX HEARTS QUEEN,0.3254,0.012,0.6626
SPADES QUEEN DIAMONDS SEVEN,0.3544,0.0124,0.6332
DIAMONDS KING SPADES SIX,0.3536,0.0076,0.6388
DIAMONDS KING SPADES NINE,0.3206,0.0072,0.6722
HEARTS SIX HEARTS ACE,0.3244,0.0056,0.67
DIAMONDS KING SPADES EIGHT,0.23,0.0418,0.7282
SPADES ACE DIAMONDS SEVEN,0.3526,0.0058,0.6416
