opposingHand,winningChance,drawChance,lostChance
CLUBS KING DIAMONDS SEVEN
SPADES JACK HEARTS QUEEN,0.5614,0.0064,0.4322
HEARTS FIVE DIAMONDS QUEEN,0.6274,0.0066,0.366
SPADES SEVEN DIAMONDS JACK,0.7068,0.0366,0.2566
HEARTS SEVEN CLUBS THREE,0.7168,0.0418,0.2414
DIAMONDS TWO CLUBS SIX,0.6688,0.0088,0.3224
SPADES TWO HEARTS NINE,0.6326,0.0084,0.359
HEARTS THREE DIAMONDS SIX,0.6532,0.009,0.3378
HEARTS ACE SPADES FOUR,0.4032,0.004,0.5928
HEARTS FOUR HEARTS TEN,0.5808,0.0072,0.412
SPADES EIGHT DIAMONDS JACK,0.5694,0.0086,0.422
DIAMONDS JACK DIAMONDS TEN,0.5258,0.0074,0.4668
CLUBS NINE DIAMONDS EIGHT,0.573,0.0082,0.4188
SPADES JACK DIAMONDS TEN,0.5464,0.0058,0.4478
SPADES EIGHT HEARTS EIGHT,0.3142,0.0116,0.6742
SPADES ACE SPADES JACK,0.327,0.0032,0.6698
CLUBS NINE CLUBS EIGHT,0.558,0.0056,0.4364
HEARTS FIVE HEARTS JACK,0.5812,0.0054,0.4134
HEARTS NINE CLUBS JACK,0.5828,0.0084,0.4088
DIAMONDS QUEEN HEARTS TEN,0.5538,0.008,0.4382
SPADES SIX SPADES TWO,0.6218,0.0074,0.3708
CLUBS NINE SPADES THREE,0.6268,0.008,0.3652
CLUBS SIX DIAMONDS FIVE,0.6194,0.0092,0.3714
HEARTS NINE DIAMONDS FIVE,0.625,0.0052,0.3698
SPADES KING SPADES SIX,0.447,0.2794,0.2736
CLUBS NINE SPADES EIGHT,0.5846,0.007,0.4084
SPADES THREE CLUBS ACE,0.3876,0.0054,0.607
CLUBS TEN SPADES FOUR,0.6432,0.0066,0.3502
CLUBS NINE CLUBS THREE,0.6096,0.0056,0.3848
HEARTS JACK CLUBS ACE,0.3464,0.005,0.6486
SPADES TEN SPADES THREE,0.5938,0.0052,0.401
SPADES NINE HEARTS QUEEN,0.5804,0.006,0.4136
SPADES EIGHT HEARTS ACE,0.363,0.0028,0.6342
HEARTS TWO HEARTS JACK,0.5918,0.0062,0.402
SPADES NINE SPADES SIX,0.5844,0.0064,0.4092
SPADES SIX DIAMONDS FIVE,0.6122,0.0098,0.378
HEARTS FIVE SPADES FOUR,0.6168,0.0084,0.3748
CLUBS EIGHT HEARTS FOUR,0.645,0.008,0.347
CLUBS SEVEN SPADES TWO,0.7248,0.0454,0.2298
SPADES TWO HEARTS EIGHT,0.641,0.009,0.35
HEARTS FOUR SPADES SEVEN,0.7006,0.043,0.2564
DIAMONDS TWO DIAMONDS EIGHT,0.6064,0.0084,0.3852
SPADES FOUR HEARTS JACK,0.6268,0.0072,0.366
HEARTS SIX CLUBS JACK,0.6554,0.006,0.3386
CLUBS THREE DIAMONDS TEN,0.6378,0.009,0.3532
HEARTS FIVE CLUBS JACK,0.6324,0.0054,0.3622
DIAMONDS QUEEN SPADES FOUR,0.6234,0.0066,0.37
CLUBS SEVEN CLUBS ACE,0.2196,0.0334,0.747
HEARTS FIVE CLUBS THREE,0.629,0.008,0.363
DIAMONDS QUEEN SPADES TWO,0.6234,0.0096,0.367
CLUBS EIGHT HEARTS KING,0.2342,0.2278,0.538
SPADES SEVEN CLUBS THREE,0.7162,0.0448,0.239
HEARTS THREE CLUBS ACE,0.3798,0.003,0.6172
HEARTS THREE CLUBS JACK,0.6278,0.0066,0.3656
DIAMONDS ACE DIAMONDS FOUR,0.3636,0.0058,0.6306
SPADES QUEEN DIAMONDS QUEEN,0.2692,0.0038,0.727
SPADES TWO CLUBS JACK,0.6494,0.008,0.3426
CLUBS EIGHT HEARTS NINE,0.5668,0.0086,0.4246
SPADES QUEEN CLUBS SEVEN,0.7356,0.0382,0.2262
HEARTS THREE DIAMONDS FOUR,0.6354,0.0092,0.3554
SPADES SIX SPADES FIVE,0.5902,0.009,0.4008
HEARTS TWO HEARTS EIGHT,0.6078,0.0068,0.3854
CLUBS TEN DIAMONDS NINE,0.5678,0.0074,0.4248
CLUBS SIX CLUBS FOUR,0.607,0.0076,0.3854
SPADES KING CLUBS SEVEN,0.0164,0.9704,0.0132
SPADES SEVEN DIAMONDS FOUR,0.7114,0.0418,0.2468
CLUBS SIX DIAMONDS TEN,0.6396,0.0076,0.3528
DIAMONDS TWO HEARTS FOUR,0.6512,0.0098,0.339
SPADES JACK HEARTS FOUR,0.6392,0.0066,0.3542
SPADES SEVEN SPADES THREE,0.6744,0.0342,0.2914
HEARTS NINE DIAMONDS FOUR,0.6318,0.0082,0.36
SPADES ACE DIAMONDS TEN,0.344,0.0042,0.6518
CLUBS SIX DIAMONDS FOUR,0.6442,0.0054,0.3504
SPADES THREE DIAMONDS FIVE,0.6268,0.007,0.3662
HEARTS KING CLUBS QUEEN,0.2412,0.0668,0.692
CLUBS JACK DIAMONDS FOUR,0.6368,0.0088,0.3544
SPADES FIVE SPADES TWO,0.5948,0.0088,0.3964
CLUBS TEN SPADES FIVE,0.6342,0.0066,0.3592
DIAMONDS KING HEARTS QUEEN,0.2322,0.0626,0.7052
HEARTS SEVEN CLUBS FIVE,0.6932,0.0368,0.27
DIAMONDS EIGHT HEARTS NINE,0.5724,0.0062,0.4214
SPADES FIVE SPADES THREE,0.5906,0.0074,0.402
DIAMONDS FIVE CLUBS JACK,0.6462,0.0076,0.3462
HEARTS FOUR CLUBS FOUR,0.4514,0.0142,0.5344
SPADES FIVE DIAMONDS TEN,0.6194,0.0092,0.3714
CLUBS NINE DIAMONDS TWO,0.65,0.0074,0.3426
HEARTS SIX CLUBS SIX,0.4488,0.0134,0.5378
HEARTS TWO DIAMONDS FIVE,0.6478,0.0084,0.3438
HEARTS QUEEN DIAMONDS FOUR,0.6248,0.0086,0.3666
HEARTS TWO HEARTS NINE,0.5984,0.007,0.3946
HEARTS SEVEN DIAMONDS THREE,0.7292,0.0422,0.2286
SPADES NINE HEARTS TEN,0.5628,0.0038,0.4334
SPADES SEVEN CLUBS JACK,0.7256,0.0306,0.2438
HEARTS FIVE CLUBS ACE,0.3796,0.0058,0.6146
CLUBS TEN DIAMONDS KING,0.2154,0.1254,0.6592
CLUBS EIGHT SPADES THREE,0.6382,0.0096,0.3522
HEARTS SIX CLUBS ACE,0.3828,0.005,0.6122
HEARTS SEVEN CLUBS NINE,0.6988,0.0336,0.2676
SPADES EIGHT CLUBS FOUR,0.6502,0.0064,0.3434
SPADES FIVE HEARTS JACK,0.625,0.0078,0.3672
CLUBS SEVEN DIAMONDS FOUR,0.711,0.0426,0.2464
SPADES ACE HEARTS TWO,0.4028,0.0032,0.594
DIAMONDS THREE SPADES KING,0.4826,0.2928,0.2246
DIAMONDS THREE SPADES QUEEN,0.6324,0.0062,0.3614
HEARTS SIX SPADES SEVEN,0.6656,0.0402,0.2942
SPADES FOUR SPADES TWO,0.6002,0.0112,0.3886
HEARTS ACE HEARTS QUEEN,0.3412,0.0036,0.6552
CLUBS FIVE DIAMONDS EIGHT,0.6158,0.0088,0.3754
HEARTS FOUR SPADES TWO,0.6432,0.008,0.3488
CLUBS FOUR CLUBS TWO,0.6138,0.0106,0.3756
SPADES SEVEN DIAMONDS EIGHT,0.67,0.029,0.301
CLUBS ACE CLUBS JACK,0.3382,0.005,0.6568
HEARTS FOUR CLUBS FIVE,0.6286,0.0066,0.3648
SPADES NINE SPADES FOUR,0.5932,0.009,0.3978
DIAMONDS JACK CLUBS QUEEN,0.5476,0.0062,0.4462
SPADES KING DIAMONDS JACK,0.2508,0.0812,0.668
SPADES TWO DIAMONDS FIVE,0.6514,0.01,0.3386
CLUBS TEN DIAMONDS EIGHT,0.5776,0.0094,0.413
SPADES ACE DIAMONDS FIVE,0.4006,0.0032,0.5962
SPADES ACE HEARTS FIVE,0.3916,0.0028,0.6056
DIAMONDS ACE SPADES FIVE,0.381,0.0038,0.6152
DIAMONDS FIVE HEARTS EIGHT,0.6048,0.0074,0.3878
SPADES ACE CLUBS TWO,0.4054,0.0034,0.5912
CLUBS FIVE SPADES FOUR,0.6156,0.0084,0.376
HEARTS SEVEN HEARTS KING,0.02,0.9094,0.0706
SPADES TEN DIAMONDS KING,0.231,0.115,0.654
CLUBS TEN HEARTS QUEEN,0.5668,0.007,0.4262
HEARTS FIVE SPADES NINE,0.621,0.007,0.372
HEARTS THREE CLUBS QUEEN,0.6384,0.0088,0.3528
HEARTS ACE SPADES THREE,0.401,0.0044,0.5946
DIAMONDS JACK DIAMONDS EIGHT,0.554,0.0068,0.4392
HEARTS FIVE DIAMONDS FIVE,0.4502,0.013,0.5368
CLUBS FIVE SPADES TWO,0.6408,0.0096,0.3496
DIAMONDS THREE CLUBS JACK,0.6434,0.007,0.3496
CLUBS THREE HEARTS NINE,0.6526,0.0072,0.3402
SPADES KING HEARTS TEN,0.2352,0.1162,0.6486
DIAMONDS TWO SPADES QUEEN,0.6352,0.0078,0.357
HEARTS TWO DIAMONDS KING,0.468,0.3076,0.2244
HEARTS FIVE HEARTS THREE,0.5876,0.0064,0.406
HEARTS FIVE CLUBS SEVEN,0.6982,0.0428,0.259
DIAMONDS ACE DIAMONDS QUEEN,0.3292,0.0066,0.6642
DIAMONDS SIX HEARTS EIGHT,0.6238,0.006,0.3702
HEARTS SIX HEARTS JACK,0.591,0.006,0.403
CLUBS SEVEN SPADES NINE,0.6864,0.03,0.2836
SPADES SIX HEARTS QUEEN,0.6284,0.005,0.3666
DIAMONDS NINE DIAMONDS SIX,0.5812,0.0062,0.4126
SPADES EIGHT CLUBS QUEEN,0.6118,0.0066,0.3816
CLUBS QUEEN CLUBS JACK,0.5266,0.007,0.4664
HEARTS SIX CLUBS EIGHT,0.6204,0.0072,0.3724
HEARTS TEN HEARTS NINE,0.5244,0.0056,0.47
HEARTS SEVEN CLUBS ACE,0.2254,0.028,0.7466
SPADES SEVEN HEARTS EIGHT,0.6866,0.0274,0.286
DIAMONDS THREE DIAMONDS SIX,0.6204,0.008,0.3716
CLUBS THREE DIAMONDS FOUR,0.639,0.0098,0.3512
SPADES FIVE HEARTS TEN,0.6368,0.0066,0.3566
SPADES FOUR CLUBS QUEEN,0.637,0.008,0.355
HEARTS SIX DIAMONDS SIX,0.4316,0.0144,0.554
CLUBS NINE SPADES FOUR,0.6382,0.0086,0.3532
HEARTS FOUR DIAMONDS SIX,0.6326,0.0076,0.3598
CLUBS FOUR DIAMONDS ACE,0.383,0.005,0.612
CLUBS TWO SPADES FIVE,0.6558,0.007,0.3372
DIAMONDS TWO DIAMONDS FIVE,0.6254,0.0106,0.364
CLUBS FIVE CLUBS TWO,0.615,0.0098,0.3752
CLUBS TWO HEARTS QUEEN,0.6358,0.0062,0.358
CLUBS SIX SPADES THREE,0.659,0.0068,0.3342
SPADES QUEEN SPADES SIX,0.5868,0.006,0.4072
SPADES QUEEN CLUBS TWO,0.6162,0.0086,0.3752
CLUBS TEN SPADES JACK,0.5586,0.0066,0.4348
SPADES ACE CLUBS FOUR,0.4014,0.0046,0.594
SPADES FIVE DIAMONDS FIVE,0.4444,0.0148,0.5408
HEARTS FOUR SPADES FOUR,0.4456,0.0142,0.5402
SPADES THREE HEARTS JACK,0.6288,0.007,0.3642
SPADES QUEEN DIAMONDS FIVE,0.6346,0.0054,0.36
CLUBS THREE SPADES TWO,0.6612,0.0088,0.33
CLUBS SEVEN HEARTS FOUR,0.701,0.0404,0.2586
DIAMONDS QUEEN DIAMONDS JACK,0.5252,0.0078,0.467
HEARTS FOUR DIAMONDS TEN,0.6454,0.0068,0.3478
DIAMONDS ACE DIAMONDS SIX,0.3686,0.0036,0.6278
HEARTS THREE DIAMONDS KING,0.4762,0.2884,0.2354
DIAMONDS TWO HEARTS TWO,0.4666,0.0156,0.5178
SPADES SIX HEARTS JACK,0.6364,0.0054,0.3582
SPADES JACK DIAMONDS ACE,0.3456,0.0068,0.6476
HEARTS SIX CLUBS FOUR,0.6308,0.0076,0.3616
HEARTS FOUR HEARTS NINE,0.5928,0.0084,0.3988
HEARTS THREE DIAMONDS QUEEN,0.632,0.0104,0.3576
CLUBS TWO DIAMONDS EIGHT,0.6532,0.0064,0.3404
HEARTS FOUR DIAMONDS FIVE,0.613,0.007,0.38
CLUBS TEN HEARTS THREE,0.6294,0.007,0.3636
HEARTS SIX SPADES NINE,0.6174,0.008,0.3746
HEARTS TEN DIAMONDS FIVE,0.638,0.007,0.355
SPADES NINE DIAMONDS SIX,0.6248,0.0054,0.3698
DIAMONDS TEN SPADES TWO,0.6284,0.01,0.3616
HEARTS FIVE HEARTS FOUR,0.583,0.0064,0.4106
DIAMONDS THREE DIAMONDS TEN,0.5926,0.0074,0.4
SPADES TWO HEARTS TEN,0.634,0.0052,0.3608
SPADES ACE SPADES TWO,0.3802,0.0036,0.6162
SPADES THREE DIAMONDS SIX,0.6528,0.01,0.3372
SPADES JACK CLUBS FIVE,0.6302,0.006,0.3638
CLUBS FOUR SPADES THREE,0.6338,0.0056,0.3606
CLUBS NINE HEARTS QUEEN,0.575,0.0062,0.4188
HEARTS SIX HEARTS FOUR,0.5936,0.0066,0.3998
DIAMONDS THREE CLUBS NINE,0.6338,0.0082,0.358
SPADES JACK DIAMONDS FOUR,0.6374,0.0064,0.3562
HEARTS SEVEN CLUBS TWO,0.7396,0.0428,0.2176
SPADES THREE SPADES TWO,0.608,0.0086,0.3834
CLUBS SIX DIAMONDS ACE,0.3966,0.004,0.5994
HEARTS KING DIAMONDS SIX,0.476,0.308,0.216
HEARTS ACE DIAMONDS FIVE,0.379,0.0044,0.6166
DIAMONDS QUEEN CLUBS JACK,0.5636,0.0088,0.4276
CLUBS SIX HEARTS EIGHT,0.6264,0.0084,0.3652
DIAMONDS ACE DIAMONDS EIGHT,0.348,0.003,0.649
SPADES ACE SPADES TEN,0.3322,0.0032,0.6646
HEARTS SEVEN SPADES SEVEN,0.3006,0.0268,0.6726
SPADES JACK DIAMONDS NINE,0.568,0.006,0.426
CLUBS SEVEN CLUBS THREE,0.6958,0.043,0.2612
SPADES KING CLUBS THREE,0.4836,0.2988,0.2176
HEARTS QUEEN HEARTS JACK,0.5168,0.0058,0.4774
CLUBS NINE CLUBS FIVE,0.5944,0.0096,0.396
DIAMONDS TWO HEARTS ACE,0.4126,0.0044,0.583
SPADES QUEEN HEARTS TEN,0.5602,0.0046,0.4352
HEARTS KING HEARTS QUEEN,0.2382,0.0574,0.7044
DIAMONDS EIGHT DIAMONDS FIVE,0.5764,0.0098,0.4138
CLUBS TEN HEARTS NINE,0.5774,0.0104,0.4122
HEARTS SEVEN SPADES QUEEN,0.728,0.0332,0.2388
SPADES KING SPADES EIGHT,0.2086,0.2096,0.5818
CLUBS EIGHT DIAMONDS ACE,0.3504,0.003,0.6466
CLUBS TEN CLUBS SEVEN,0.6712,0.0344,0.2944
HEARTS TWO CLUBS THREE,0.661,0.008,0.331
HEARTS SEVEN DIAMONDS NINE,0.68,0.0338,0.2862
SPADES ACE CLUBS SIX,0.3924,0.0034,0.6042
SPADES NINE CLUBS TWO,0.6472,0.0066,0.3462
CLUBS THREE SPADES FOUR,0.6426,0.0064,0.351
HEARTS SIX SPADES SIX,0.435,0.0116,0.5534
HEARTS KING DIAMONDS NINE,0.2192,0.1714,0.6094
SPADES ACE DIAMONDS KING,0.2322,0.0152,0.7526
CLUBS TEN DIAMONDS THREE,0.6482,0.0102,0.3416
HEARTS SEVEN HEARTS NINE,0.64,0.029,0.331
SPADES ACE HEARTS ACE,0.1232,0.0022,0.8746
DIAMONDS KING SPADES FOUR,0.4736,0.3014,0.225
CLUBS SIX DIAMONDS NINE,0.608,0.0088,0.3832
HEARTS NINE HEARTS EIGHT,0.5402,0.0048,0.455
SPADES KING CLUBS EIGHT,0.2358,0.2338,0.5304
DIAMONDS EIGHT DIAMONDS SIX,0.5666,0.0068,0.4266
SPADES SIX SPADES THREE,0.5912,0.0084,0.4004
HEARTS QUEEN HEARTS EIGHT,0.542,0.0058,0.4522
DIAMONDS KING HEARTS TEN,0.23,0.112,0.658
HEARTS SEVEN SPADES KING,0.0208,0.9574,0.0218
DIAMONDS THREE DIAMONDS ACE,0.3714,0.0046,0.624
CLUBS EIGHT CLUBS SIX,0.5818,0.0098,0.4084
HEARTS ACE HEARTS EIGHT,0.3464,0.0042,0.6494
SPADES JACK CLUBS SEVEN,0.7166,0.037,0.2464
DIAMONDS THREE DIAMONDS KING,0.456,0.282,0.262
HEARTS TWO SPADES EIGHT,0.6416,0.0076,0.3508
DIAMONDS THREE CLUBS FOUR,0.6418,0.0082,0.35
SPADES ACE SPADES FIVE,0.353,0.0036,0.6434
SPADES ACE HEARTS EIGHT,0.3748,0.002,0.6232
SPADES JACK DIAMONDS KING,0.2298,0.0816,0.6886
SPADES ACE CLUBS THREE,0.4044,0.0048,0.5908
CLUBS EIGHT CLUBS FOUR,0.609,0.0082,0.3828
CLUBS FIVE HEARTS EIGHT,0.6078,0.0068,0.3854
HEARTS FIVE CLUBS QUEEN,0.6238,0.0096,0.3666
DIAMONDS TWO CLUBS FOUR,0.6562,0.0088,0.335
HEARTS SEVEN HEARTS EIGHT,0.6358,0.032,0.3322
HEARTS FIVE HEARTS ACE,0.366,0.0042,0.6298
HEARTS SIX SPADES TEN,0.6228,0.0072,0.37
CLUBS EIGHT CLUBS TWO,0.623,0.007,0.37
HEARTS FOUR HEARTS KING,0.456,0.2854,0.2586
SPADES SEVEN SPADES SIX,0.6446,0.035,0.3204
SPADES JACK CLUBS SIX,0.6488,0.0064,0.3448
SPADES TEN DIAMONDS EIGHT,0.5766,0.0068,0.4166
DIAMONDS TEN DIAMONDS FIVE,0.589,0.0092,0.4018
DIAMONDS TWO SPADES SIX,0.6628,0.0092,0.328
CLUBS FIVE HEARTS QUEEN,0.64,0.007,0.353
DIAMONDS JACK SPADES THREE,0.631,0.0072,0.3618
CLUBS NINE SPADES TEN,0.5652,0.0072,0.4276
HEARTS FOUR SPADES NINE,0.6308,0.0056,0.3636
CLUBS TEN SPADES NINE,0.5588,0.007,0.4342
HEARTS THREE HEARTS QUEEN,0.5952,0.0086,0.3962
CLUBS ACE DIAMONDS FIVE,0.379,0.0056,0.6154
CLUBS TEN SPADES SIX,0.6308,0.0066,0.3626
HEARTS FOUR HEARTS ACE,0.3812,0.0042,0.6146
DIAMONDS QUEEN CLUBS ACE,0.3428,0.0044,0.6528
CLUBS TEN CLUBS JACK,0.5332,0.0076,0.4592
SPADES JACK SPADES NINE,0.5286,0.0054,0.466
CLUBS TEN SPADES QUEEN,0.5544,0.0074,0.4382
HEARTS SEVEN DIAMONDS FIVE,0.6866,0.0418,0.2716
SPADES TEN DIAMONDS QUEEN,0.5554,0.0068,0.4378
HEARTS SEVEN SPADES TWO,0.728,0.0398,0.2322
CLUBS EIGHT DIAMONDS JACK,0.5816,0.0066,0.4118
DIAMONDS JACK HEARTS QUEEN,0.5448,0.008,0.4472
CLUBS EIGHT HEARTS QUEEN,0.5986,0.0058,0.3956
CLUBS SIX HEARTS TWO,0.675,0.0092,0.3158
SPADES SEVEN HEARTS JACK,0.7226,0.036,0.2414
DIAMONDS THREE SPADES THREE,0.4514,0.0134,0.5352
SPADES JACK CLUBS JACK,0.2976,0.0052,0.6972
CLUBS TEN CLUBS SIX,0.5894,0.0062,0.4044
CLUBS EIGHT DIAMONDS FOUR,0.6474,0.0078,0.3448
SPADES KING DIAMONDS KING,0.071,0.01,0.919
DIAMONDS ACE SPADES SIX,0.3918,0.0042,0.604
DIAMONDS SIX CLUBS QUEEN,0.632,0.008,0.36
SPADES NINE HEARTS KING,0.228,0.1686,0.6034
SPADES FIVE CLUBS ACE,0.3892,0.0038,0.607
CLUBS TWO HEARTS NINE,0.6532,0.0072,0.3396
HEARTS JACK HEARTS TEN,0.5146,0.0048,0.4806
DIAMONDS TEN CLUBS QUEEN,0.5534,0.008,0.4386
SPADES NINE SPADES FIVE,0.5914,0.0068,0.4018
SPADES FOUR SPADES THREE,0.5904,0.0058,0.4038
SPADES TWO CLUBS QUEEN,0.635,0.0086,0.3564
SPADES QUEEN SPADES TWO,0.5926,0.0086,0.3988
HEARTS SEVEN DIAMONDS ACE,0.2308,0.0286,0.7406
HEARTS TWO DIAMONDS JACK,0.6444,0.0096,0.346
HEARTS TWO CLUBS TWO,0.4512,0.018,0.5308
SPADES FOUR CLUBS JACK,0.6428,0.006,0.3512
HEARTS THREE HEARTS KING,0.455,0.2702,0.2748
SPADES SIX CLUBS QUEEN,0.6548,0.007,0.3382
DIAMONDS KING CLUBS JACK,0.2354,0.0934,0.6712
HEARTS TWO CLUBS QUEEN,0.63,0.0092,0.3608
DIAMONDS KING SPADES SIX,0.4668,0.3104,0.2228
DIAMONDS TWO CLUBS JACK,0.6384,0.0092,0.3524
DIAMONDS ACE SPADES TWO,0.4002,0.0066,0.5932
DIAMONDS KING HEARTS KING,0.0812,0.0114,0.9074
HEARTS SEVEN SPADES THREE,0.709,0.0436,0.2474
DIAMONDS ACE CLUBS ACE,0.1072,0.0042,0.8886
CLUBS NINE HEARTS THREE,0.6392,0.0086,0.3522
CLUBS FIVE DIAMONDS JACK,0.6398,0.009,0.3512
CLUBS FOUR DIAMONDS TEN,0.63,0.0048,0.3652
DIAMONDS TWO SPADES TWO,0.4682,0.0162,0.5156
SPADES ACE DIAMONDS SIX,0.3926,0.0046,0.6028
DIAMONDS TEN HEARTS TEN,0.295,0.007,0.698
SPADES ACE SPADES SEVEN,0.2266,0.028,0.7454
DIAMONDS KING HEARTS NINE,0.2292,0.1676,0.6032
SPADES SEVEN DIAMONDS SIX,0.6858,0.037,0.2772
CLUBS NINE DIAMONDS FOUR,0.6438,0.0076,0.3486
SPADES JACK HEARTS JACK,0.3018,0.005,0.6932
HEARTS SEVEN SPADES EIGHT,0.6702,0.0324,0.2974
CLUBS SIX HEARTS TEN,0.6296,0.0058,0.3646
CLUBS EIGHT SPADES FIVE,0.6184,0.0078,0.3738
HEARTS SIX HEARTS THREE,0.6116,0.0072,0.3812
SPADES TWO DIAMONDS EIGHT,0.6338,0.009,0.3572
SPADES FOUR DIAMONDS NINE,0.6312,0.0064,0.3624
SPADES FIVE DIAMONDS EIGHT,0.6116,0.0068,0.3816
HEARTS THREE SPADES NINE,0.629,0.0068,0.3642
DIAMONDS THREE SPADES TEN,0.6446,0.0072,0.3482
HEARTS QUEEN DIAMONDS NINE,0.5692,0.0054,0.4254
DIAMONDS TEN HEARTS EIGHT,0.5784,0.0064,0.4152
DIAMONDS NINE CLUBS QUEEN,0.5688,0.0076,0.4236
CLUBS TWO DIAMONDS FIVE,0.6462,0.0072,0.3466
SPADES KING HEARTS JACK,0.2458,0.0884,0.6658
HEARTS TWO CLUBS FOUR,0.6434,0.0062,0.3504
HEARTS FOUR SPADES TEN,0.6368,0.0048,0.3584
SPADES SIX HEARTS ACE,0.3998,0.0026,0.5976
SPADES TEN DIAMONDS NINE,0.5732,0.0046,0.4222
CLUBS THREE HEARTS TEN,0.6268,0.0074,0.3658
DIAMONDS TWO DIAMONDS ACE,0.3746,0.0066,0.6188
CLUBS TEN CLUBS ACE,0.3364,0.0042,0.6594
HEARTS KING DIAMONDS FOUR,0.4708,0.2966,0.2326
CLUBS SIX SPADES TWO,0.6686,0.0112,0.3202
DIAMONDS TEN HEARTS NINE,0.5602,0.0068,0.433
SPADES EIGHT SPADES FIVE,0.587,0.0064,0.4066
HEARTS SIX SPADES THREE,0.6556,0.0086,0.3358
DIAMONDS KING CLUBS TWO,0.4692,0.3128,0.218
DIAMONDS TWO HEARTS TEN,0.639,0.0076,0.3534
HEARTS SIX HEARTS FIVE,0.5856,0.0084,0.406
SPADES QUEEN CLUBS ACE,0.3404,0.003,0.6566
CLUBS EIGHT SPADES JACK,0.5948,0.0052,0.4
CLUBS FIVE SPADES SIX,0.6272,0.0082,0.3646
HEARTS FOUR DIAMONDS NINE,0.6386,0.0078,0.3536
CLUBS QUEEN DIAMONDS FOUR,0.626,0.0092,0.3648
CLUBS TEN DIAMONDS TEN,0.294,0.0096,0.6964
DIAMONDS TWO CLUBS TWO,0.4576,0.015,0.5274
DIAMONDS NINE SPADES TWO,0.6404,0.0088,0.3508
SPADES KING DIAMONDS EIGHT,0.2314,0.2254,0.5432
SPADES JACK SPADES FIVE,0.5854,0.0082,0.4064
CLUBS EIGHT CLUBS SEVEN,0.6392,0.0384,0.3224
HEARTS TWO SPADES SEVEN,0.729,0.0396,0.2314
SPADES TEN SPADES SIX,0.5884,0.005,0.4066
DIAMONDS KING HEARTS JACK,0.24,0.0864,0.6736
HEARTS SIX DIAMONDS TWO,0.6574,0.0094,0.3332
SPADES NINE DIAMONDS KING,0.2268,0.163,0.6102
HEARTS TWO HEARTS TEN,0.5958,0.0086,0.3956
SPADES QUEEN HEARTS THREE,0.6354,0.006,0.3586
CLUBS FIVE DIAMONDS TEN,0.6394,0.0058,0.3548
DIAMONDS TWO HEARTS QUEEN,0.6364,0.0078,0.3558
HEARTS FIVE HEARTS EIGHT,0.559,0.0086,0.4324
CLUBS THREE CLUBS JACK,0.604,0.0086,0.3874
SPADES JACK HEARTS TWO,0.628,0.0084,0.3636
SPADES QUEEN CLUBS FOUR,0.6354,0.005,0.3596
CLUBS EIGHT DIAMONDS FIVE,0.6256,0.0076,0.3668
HEARTS FOUR HEARTS THREE,0.591,0.0088,0.4002
CLUBS NINE CLUBS TWO,0.6188,0.0078,0.3734
DIAMONDS TEN DIAMONDS FOUR,0.5874,0.008,0.4046
HEARTS TWO DIAMONDS EIGHT,0.6374,0.0088,0.3538
DIAMONDS TWO HEARTS KING,0.475,0.306,0.219
HEARTS JACK DIAMONDS EIGHT,0.5852,0.0086,0.4062
CLUBS EIGHT CLUBS THREE,0.6036,0.0096,0.3868
DIAMONDS KING CLUBS ACE,0.2186,0.0142,0.7672
CLUBS TWO DIAMONDS NINE,0.6352,0.0094,0.3554
HEARTS SIX HEARTS NINE,0.575,0.0058,0.4192
CLUBS SEVEN SPADES FIVE,0.6768,0.0434,0.2798
CLUBS THREE CLUBS QUEEN,0.6056,0.0092,0.3852
SPADES THREE CLUBS QUEEN,0.6266,0.008,0.3654
CLUBS SEVEN CLUBS SIX,0.6578,0.0344,0.3078
CLUBS EIGHT HEARTS ACE,0.3574,0.0054,0.6372
SPADES TEN SPADES EIGHT,0.5436,0.0062,0.4502
HEARTS SEVEN HEARTS TEN,0.6594,0.0302,0.3104
HEARTS ACE HEARTS NINE,0.3352,0.0048,0.66
CLUBS SIX CLUBS FIVE,0.591,0.0084,0.4006
HEARTS FOUR CLUBS QUEEN,0.631,0.0056,0.3634
SPADES TEN HEARTS JACK,0.5492,0.0068,0.444
SPADES TEN CLUBS TWO,0.6444,0.007,0.3486
SPADES JACK CLUBS THREE,0.6276,0.0078,0.3646
HEARTS SIX SPADES FOUR,0.6246,0.0084,0.367
SPADES FOUR HEARTS KING,0.4626,0.3034,0.234
CLUBS SEVEN DIAMONDS ACE,0.2428,0.0298,0.7274
HEARTS THREE DIAMONDS FIVE,0.6354,0.0074,0.3572
HEARTS ACE CLUBS ACE,0.126,0.0034,0.8706
SPADES KING DIAMONDS FOUR,0.4772,0.3018,0.221
CLUBS ACE HEARTS EIGHT,0.3582,0.0034,0.6384
DIAMONDS TWO CLUBS THREE,0.646,0.0106,0.3434
SPADES TEN HEARTS TEN,0.3088,0.006,0.6852
DIAMONDS SIX DIAMONDS FOUR,0.598,0.0092,0.3928
CLUBS NINE DIAMONDS SIX,0.6162,0.008,0.3758
SPADES ACE DIAMONDS QUEEN,0.3456,0.0024,0.652
CLUBS TEN SPADES KING,0.2448,0.1126,0.6426
SPADES EIGHT HEARTS JACK,0.585,0.005,0.41
SPADES TEN DIAMONDS FOUR,0.6362,0.0062,0.3576
CLUBS TEN CLUBS FIVE,0.6052,0.0066,0.3882
DIAMONDS NINE HEARTS EIGHT,0.5696,0.0056,0.4248
CLUBS TWO DIAMONDS JACK,0.6376,0.0108,0.3516
CLUBS NINE SPADES QUEEN,0.575,0.0076,0.4174
HEARTS SEVEN HEARTS THREE,0.6686,0.0438,0.2876
SPADES JACK CLUBS TWO,0.6406,0.0086,0.3508
SPADES THREE DIAMONDS NINE,0.6294,0.0058,0.3648
CLUBS FOUR HEARTS ACE,0.3868,0.0056,0.6076
SPADES TEN HEARTS NINE,0.5478,0.0062,0.446
DIAMONDS NINE HEARTS NINE,0.3054,0.0076,0.687
SPADES QUEEN DIAMONDS JACK,0.5506,0.0076,0.4418
CLUBS SIX DIAMONDS KING,0.4788,0.3044,0.2168
HEARTS FOUR DIAMONDS JACK,0.628,0.0058,0.3662
SPADES NINE HEARTS ACE,0.3632,0.0012,0.6356
CLUBS TEN CLUBS NINE,0.5322,0.0064,0.4614
DIAMONDS KING DIAMONDS TEN,0.2274,0.1056,0.667
CLUBS SEVEN HEARTS TWO,0.7416,0.0472,0.2112
HEARTS THREE CLUBS THREE,0.4436,0.0144,0.542
DIAMONDS THREE DIAMONDS NINE,0.5986,0.007,0.3944
SPADES TEN HEARTS ACE,0.353,0.0032,0.6438
CLUBS NINE HEARTS NINE,0.3234,0.0096,0.667
CLUBS FIVE HEARTS KING,0.4724,0.2974,0.2302
CLUBS NINE SPADES NINE,0.3172,0.011,0.6718
DIAMONDS SIX CLUBS JACK,0.6472,0.008,0.3448
CLUBS THREE DIAMONDS KING,0.4908,0.298,0.2112
CLUBS JACK HEARTS EIGHT,0.5814,0.0054,0.4132
DIAMONDS ACE CLUBS TWO,0.3908,0.0032,0.606
CLUBS NINE DIAMONDS ACE,0.356,0.005,0.639
DIAMONDS ACE SPADES THREE,0.399,0.0044,0.5966
CLUBS THREE HEARTS ACE,0.4168,0.0026,0.5806
CLUBS EIGHT HEARTS TWO,0.6512,0.0094,0.3394
HEARTS FIVE HEARTS TEN,0.5872,0.007,0.4058
CLUBS FIVE DIAMONDS FIVE,0.456,0.0178,0.5262
HEARTS THREE HEARTS EIGHT,0.5926,0.0086,0.3988
SPADES QUEEN HEARTS QUEEN,0.2904,0.004,0.7056
SPADES TWO HEARTS JACK,0.6322,0.0076,0.3602
SPADES EIGHT DIAMONDS FOUR,0.625,0.0076,0.3674
HEARTS FIVE SPADES TWO,0.6362,0.0078,0.356
HEARTS SIX DIAMONDS NINE,0.618,0.0064,0.3756
HEARTS FOUR DIAMONDS FOUR,0.4466,0.013,0.5404
CLUBS QUEEN DIAMONDS FIVE,0.6456,0.0076,0.3468
CLUBS FOUR HEARTS EIGHT,0.6236,0.0084,0.368
CLUBS SIX CLUBS JACK,0.5994,0.0066,0.394
HEARTS SIX DIAMONDS TEN,0.6146,0.0086,0.3768
CLUBS FOUR HEARTS KING,0.4702,0.3054,0.2244
CLUBS NINE SPADES SIX,0.6208,0.0092,0.37
DIAMONDS ACE SPADES SEVEN,0.2278,0.0302,0.742
HEARTS SIX DIAMONDS JACK,0.6444,0.006,0.3496
CLUBS FIVE SPADES SEVEN,0.6804,0.0454,0.2742
HEARTS JACK DIAMONDS FOUR,0.6284,0.0062,0.3654
SPADES SIX CLUBS JACK,0.6442,0.0064,0.3494
CLUBS FOUR DIAMONDS QUEEN,0.6374,0.0068,0.3558
DIAMONDS KING DIAMONDS JACK,0.2364,0.0916,0.672
HEARTS THREE HEARTS TEN,0.5966,0.0056,0.3978
DIAMONDS NINE DIAMONDS EIGHT,0.5358,0.0072,0.457
CLUBS FOUR HEARTS TEN,0.619,0.0088,0.3722
SPADES KING CLUBS JACK,0.2374,0.0922,0.6704
SPADES TEN SPADES FIVE,0.6064,0.007,0.3866
HEARTS SIX HEARTS TWO,0.6224,0.007,0.3706
DIAMONDS JACK HEARTS JACK,0.2848,0.0066,0.7086
DIAMONDS THREE DIAMONDS EIGHT,0.6072,0.0074,0.3854
HEARTS SEVEN CLUBS QUEEN,0.7194,0.037,0.2436
SPADES EIGHT HEARTS TEN,0.572,0.0062,0.4218
CLUBS SIX CLUBS THREE,0.6204,0.0086,0.371
SPADES ACE CLUBS FIVE,0.3996,0.0042,0.5962
SPADES NINE HEARTS EIGHT,0.5738,0.0064,0.4198
SPADES FIVE HEARTS QUEEN,0.6358,0.0054,0.3588
SPADES TEN DIAMONDS ACE,0.3536,0.0044,0.642
CLUBS SIX HEARTS ACE,0.3994,0.004,0.5966
HEARTS SEVEN DIAMONDS EIGHT,0.6676,0.0294,0.303
SPADES SIX DIAMONDS JACK,0.6346,0.0062,0.3592
HEARTS SEVEN SPADES JACK,0.717,0.0344,0.2486
SPADES SIX SPADES FOUR,0.6042,0.0064,0.3894
DIAMONDS JACK SPADES FOUR,0.6302,0.0076,0.3622
HEARTS ACE DIAMONDS EIGHT,0.3642,0.0034,0.6324
HEARTS THREE HEARTS ACE,0.3656,0.0042,0.6302
CLUBS EIGHT SPADES TEN,0.5796,0.0052,0.4152
DIAMONDS ACE HEARTS TEN,0.348,0.004,0.648
DIAMONDS TWO DIAMONDS TEN,0.593,0.007,0.4
CLUBS FOUR HEARTS NINE,0.6456,0.0068,0.3476
HEARTS TEN HEARTS EIGHT,0.5344,0.0068,0.4588
HEARTS FIVE CLUBS TWO,0.6414,0.0084,0.3502
SPADES JACK SPADES SEVEN,0.6742,0.0332,0.2926
SPADES FIVE DIAMONDS NINE,0.6112,0.007,0.3818
CLUBS FOUR DIAMONDS KING,0.4836,0.2976,0.2188
DIAMONDS JACK HEARTS NINE,0.565,0.0068,0.4282
CLUBS EIGHT SPADES SIX,0.5988,0.0076,0.3936
HEARTS JACK CLUBS QUEEN,0.569,0.0066,0.4244
DIAMONDS KING DIAMONDS FIVE,0.4598,0.2862,0.254
CLUBS THREE DIAMONDS SIX,0.657,0.0102,0.3328
DIAMONDS QUEEN HEARTS KING,0.2342,0.065,0.7008
HEARTS JACK HEARTS NINE,0.5308,0.0054,0.4638
SPADES ACE CLUBS JACK,0.3506,0.005,0.6444
CLUBS SEVEN CLUBS JACK,0.6918,0.034,0.2742
HEARTS FIVE DIAMONDS JACK,0.6216,0.0088,0.3696
DIAMONDS ACE DIAMONDS NINE,0.3498,0.0048,0.6454
CLUBS SEVEN DIAMONDS EIGHT,0.6788,0.0368,0.2844
DIAMONDS THREE HEARTS NINE,0.643,0.0082,0.3488
SPADES SEVEN DIAMONDS TEN,0.7018,0.0342,0.264
DIAMONDS KING SPADES FIVE,0.4598,0.295,0.2452
DIAMONDS TEN DIAMONDS EIGHT,0.5558,0.0082,0.436
HEARTS FIVE SPADES THREE,0.6274,0.0076,0.365
SPADES FIVE HEARTS EIGHT,0.6088,0.0078,0.3834
HEARTS QUEEN HEARTS NINE,0.5236,0.0074,0.469
CLUBS FOUR CLUBS QUEEN,0.5912,0.0076,0.4012
DIAMONDS ACE DIAMONDS JACK,0.3398,0.005,0.6552
CLUBS FIVE SPADES THREE,0.6346,0.0086,0.3568
CLUBS ACE HEARTS NINE,0.3554,0.004,0.6406
HEARTS THREE SPADES FOUR,0.6274,0.009,0.3636
DIAMONDS TWO DIAMONDS NINE,0.5988,0.0078,0.3934
HEARTS THREE SPADES FIVE,0.6318,0.008,0.3602
DIAMONDS THREE SPADES JACK,0.631,0.0074,0.3616
SPADES TEN DIAMONDS FIVE,0.636,0.007,0.357
SPADES SEVEN CLUBS TWO,0.7434,0.0422,0.2144
CLUBS TWO SPADES FOUR,0.642,0.0072,0.3508
HEARTS THREE SPADES THREE,0.4536,0.0148,0.5316
SPADES KING CLUBS QUEEN,0.2492,0.0612,0.6896
SPADES TEN CLUBS QUEEN,0.5568,0.0064,0.4368
SPADES QUEEN HEARTS JACK,0.5506,0.0048,0.4446
CLUBS SIX DIAMONDS EIGHT,0.5974,0.0054,0.3972
DIAMONDS THREE CLUBS THREE,0.4706,0.0126,0.5168
HEARTS SEVEN SPADES FIVE,0.6952,0.0356,0.2692
SPADES FIVE DIAMONDS FOUR,0.6216,0.0062,0.3722
SPADES QUEEN SPADES JACK,0.5164,0.009,0.4746
HEARTS FIVE SPADES SIX,0.6166,0.006,0.3774
SPADES QUEEN SPADES FOUR,0.5922,0.0054,0.4024
CLUBS EIGHT SPADES TWO,0.6436,0.008,0.3484
CLUBS NINE HEARTS TEN,0.5642,0.0056,0.4302
CLUBS SEVEN DIAMONDS KING,0.0078,0.985,0.0072
HEARTS SEVEN CLUBS SEVEN,0.2956,0.0316,0.6728
CLUBS NINE CLUBS QUEEN,0.5452,0.0062,0.4486
CLUBS SEVEN HEARTS ACE,0.2288,0.033,0.7382
SPADES KING DIAMONDS ACE,0.2386,0.0108,0.7506
SPADES NINE DIAMONDS QUEEN,0.5656,0.0064,0.428
DIAMONDS ACE HEARTS EIGHT,0.3582,0.0046,0.6372
CLUBS NINE DIAMONDS NINE,0.3048,0.0088,0.6864
DIAMONDS KING DIAMONDS EIGHT,0.224,0.2188,0.5572
CLUBS NINE DIAMONDS JACK,0.5702,0.0078,0.422
SPADES EIGHT CLUBS ACE,0.367,0.0038,0.6292
SPADES SEVEN HEARTS QUEEN,0.7318,0.034,0.2342
CLUBS TWO CLUBS ACE,0.382,0.0046,0.6134
CLUBS THREE HEARTS EIGHT,0.6504,0.0062,0.3434
HEARTS SIX CLUBS TWO,0.6574,0.0076,0.335
HEARTS SEVEN SPADES TEN,0.704,0.033,0.263
HEARTS ACE CLUBS JACK,0.3534,0.0044,0.6422
HEARTS FIVE CLUBS SIX,0.615,0.006,0.379
SPADES JACK SPADES TWO,0.586,0.0072,0.4068
SPADES FOUR CLUBS ACE,0.3954,0.0028,0.6018
SPADES FIVE HEARTS KING,0.4582,0.2968,0.245
CLUBS FOUR DIAMONDS FOUR,0.451,0.0178,0.5312
SPADES QUEEN HEARTS FOUR,0.6332,0.0062,0.3606
HEARTS THREE DIAMONDS JACK,0.6442,0.0082,0.3476
SPADES ACE SPADES QUEEN,0.3316,0.0044,0.664
DIAMONDS TEN SPADES THREE,0.6264,0.0074,0.3662
DIAMONDS ACE CLUBS QUEEN,0.3452,0.0044,0.6504
HEARTS TWO SPADES TWO,0.4606,0.015,0.5244
CLUBS FIVE DIAMONDS FOUR,0.6088,0.0078,0.3834
SPADES EIGHT SPADES THREE,0.5954,0.0062,0.3984
SPADES SIX DIAMONDS NINE,0.6086,0.0072,0.3842
DIAMONDS TWO CLUBS SEVEN,0.737,0.044,0.219
SPADES ACE HEARTS KING,0.2502,0.0082,0.7416
CLUBS SEVEN SPADES FOUR,0.6966,0.0468,0.2566
HEARTS SIX CLUBS QUEEN,0.6472,0.0052,0.3476
HEARTS SEVEN DIAMONDS TWO,0.738,0.0424,0.2196
SPADES KING HEARTS KING,0.0836,0.0166,0.8998
HEARTS FIVE SPADES JACK,0.628,0.0076,0.3644
SPADES TEN SPADES NINE,0.5272,0.0066,0.4662
SPADES KING DIAMONDS QUEEN,0.2414,0.0684,0.6902
SPADES NINE DIAMONDS JACK,0.5638,0.0058,0.4304
HEARTS TWO DIAMONDS TEN,0.635,0.007,0.358
CLUBS TWO DIAMONDS FOUR,0.6556,0.0114,0.333
SPADES KING DIAMONDS NINE,0.2264,0.1682,0.6054
DIAMONDS THREE DIAMONDS JACK,0.6002,0.0078,0.392
HEARTS THREE HEARTS JACK,0.5836,0.0078,0.4086
SPADES THREE DIAMONDS FOUR,0.6354,0.0078,0.3568
CLUBS TWO CLUBS QUEEN,0.5966,0.009,0.3944
CLUBS TWO DIAMONDS QUEEN,0.639,0.0076,0.3534
HEARTS SIX DIAMONDS QUEEN,0.6348,0.004,0.3612
CLUBS NINE HEARTS FIVE,0.6254,0.006,0.3686
SPADES SIX DIAMONDS SIX,0.4318,0.0144,0.5538
DIAMONDS TWO CLUBS EIGHT,0.656,0.009,0.335
SPADES JACK SPADES FOUR,0.5862,0.0104,0.4034
DIAMONDS THREE HEARTS THREE,0.4462,0.0166,0.5372
SPADES JACK DIAMONDS EIGHT,0.5768,0.0084,0.4148
SPADES NINE DIAMONDS TEN,0.5696,0.0074,0.423
DIAMONDS ACE CLUBS JACK,0.3576,0.0036,0.6388
CLUBS FIVE DIAMONDS SIX,0.6442,0.0104,0.3454
SPADES JACK CLUBS FOUR,0.638,0.005,0.357
HEARTS FIVE DIAMONDS TEN,0.638,0.007,0.355
HEARTS KING SPADES THREE,0.4744,0.2934,0.2322
DIAMONDS TWO SPADES JACK,0.6328,0.0074,0.3598
SPADES EIGHT SPADES FOUR,0.5824,0.0072,0.4104
SPADES ACE DIAMONDS NINE,0.3442,0.0034,0.6524
DIAMONDS TWO CLUBS QUEEN,0.647,0.0088,0.3442
DIAMONDS KING SPADES TWO,0.4664,0.302,0.2316
DIAMONDS QUEEN DIAMONDS TEN,0.5192,0.0044,0.4764
SPADES QUEEN SPADES THREE,0.6002,0.0068,0.393
HEARTS FIVE HEARTS TWO,0.6052,0.0064,0.3884
SPADES KING HEARTS QUEEN,0.2422,0.0598,0.698
CLUBS FOUR CLUBS JACK,0.6004,0.0072,0.3924
SPADES SIX CLUBS TWO,0.66,0.009,0.331
HEARTS SIX HEARTS TEN,0.5836,0.0054,0.411
SPADES EIGHT HEARTS KING,0.235,0.2228,0.5422
CLUBS FIVE SPADES FIVE,0.435,0.0128,0.5522
CLUBS NINE HEARTS FOUR,0.6436,0.0066,0.3498
SPADES ACE SPADES KING,0.218,0.0112,0.7708
SPADES TEN HEARTS KING,0.2222,0.1178,0.66
HEARTS ACE HEARTS TEN,0.3416,0.0026,0.6558
SPADES JACK DIAMONDS SIX,0.6348,0.0066,0.3586
SPADES SEVEN HEARTS NINE,0.6824,0.0346,0.283
CLUBS SEVEN CLUBS TWO,0.7022,0.0462,0.2516
DIAMONDS KING DIAMONDS FOUR,0.4526,0.2938,0.2536
SPADES KING SPADES NINE,0.2304,0.1492,0.6204
CLUBS TEN HEARTS FOUR,0.6478,0.0088,0.3434
HEARTS SIX HEARTS EIGHT,0.563,0.0054,0.4316
HEARTS FOUR DIAMONDS ACE,0.388,0.004,0.608
CLUBS SEVEN DIAMONDS QUEEN,0.7318,0.0352,0.233
SPADES THREE HEARTS TEN,0.637,0.008,0.355
SPADES FIVE DIAMONDS JACK,0.6282,0.0084,0.3634
DIAMONDS TWO DIAMONDS QUEEN,0.5998,0.0082,0.392
SPADES QUEEN CLUBS EIGHT,0.5946,0.0054,0.4
SPADES QUEEN DIAMONDS NINE,0.5796,0.0074,0.413
SPADES FOUR DIAMONDS SIX,0.6332,0.009,0.3578
HEARTS FOUR CLUBS JACK,0.6406,0.0058,0.3536
HEARTS SEVEN HEARTS ACE,0.2248,0.027,0.7482
SPADES TEN HEARTS QUEEN,0.5506,0.0052,0.4442
DIAMONDS THREE SPADES SEVEN,0.7256,0.0392,0.2352
CLUBS EIGHT HEARTS EIGHT,0.3272,0.0104,0.6624
CLUBS EIGHT DIAMONDS KING,0.2348,0.2308,0.5344
SPADES NINE DIAMONDS FOUR,0.6306,0.0082,0.3612
DIAMONDS TWO SPADES FIVE,0.6466,0.0066,0.3468
CLUBS TEN SPADES TEN,0.3002,0.008,0.6918
CLUBS SEVEN SPADES TEN,0.7086,0.0372,0.2542
CLUBS SIX SPADES FOUR,0.629,0.01,0.361
CLUBS NINE CLUBS FOUR,0.6002,0.0066,0.3932
CLUBS NINE HEARTS KING,0.2346,0.1728,0.5926
DIAMONDS QUEEN HEARTS ACE,0.356,0.0044,0.6396
CLUBS FIVE HEARTS TWO,0.6508,0.0108,0.3384
HEARTS SIX CLUBS FIVE,0.6168,0.008,0.3752
DIAMONDS ACE DIAMONDS FIVE,0.381,0.004,0.615
SPADES QUEEN SPADES EIGHT,0.5412,0.005,0.4538
DIAMONDS THREE CLUBS SEVEN,0.7236,0.0436,0.2328
SPADES QUEEN SPADES FIVE,0.5834,0.0058,0.4108
HEARTS SEVEN CLUBS JACK,0.7122,0.0386,0.2492
HEARTS THREE CLUBS TWO,0.6512,0.0112,0.3376
SPADES EIGHT HEARTS QUEEN,0.5746,0.0066,0.4188
HEARTS THREE HEARTS NINE,0.5956,0.006,0.3984
SPADES JACK CLUBS QUEEN,0.5524,0.0054,0.4422
CLUBS EIGHT HEARTS TEN,0.578,0.0062,0.4158
HEARTS TWO CLUBS ACE,0.3886,0.0034,0.608
DIAMONDS THREE HEARTS QUEEN,0.63,0.0068,0.3632
DIAMONDS EIGHT CLUBS QUEEN,0.6004,0.0062,0.3934
HEARTS SEVEN HEARTS JACK,0.6546,0.0426,0.3028
SPADES EIGHT DIAMONDS NINE,0.5774,0.0056,0.417
CLUBS FOUR SPADES FIVE,0.6178,0.0104,0.3718
DIAMONDS TWO DIAMONDS JACK,0.6016,0.0084,0.39
SPADES JACK HEARTS ACE,0.3702,0.003,0.6268
SPADES FIVE CLUBS JACK,0.6298,0.0074,0.3628
CLUBS TEN HEARTS ACE,0.3468,0.0052,0.648
HEARTS ACE HEARTS JACK,0.3288,0.0036,0.6676
SPADES SEVEN SPADES FIVE,0.6706,0.0352,0.2942
HEARTS SIX HEARTS KING,0.4432,0.2834,0.2734
DIAMONDS THREE HEARTS SIX,0.6536,0.008,0.3384
CLUBS SEVEN HEARTS TEN,0.7118,0.0322,0.256
CLUBS SIX HEARTS NINE,0.615,0.008,0.377
DIAMONDS JACK DIAMONDS SIX,0.6086,0.0046,0.3868
DIAMONDS JACK DIAMONDS FOUR,0.6004,0.0096,0.39
SPADES TEN CLUBS SIX,0.6206,0.006,0.3734
HEARTS THREE CLUBS FOUR,0.634,0.0084,0.3576
CLUBS NINE DIAMONDS QUEEN,0.5776,0.0086,0.4138
CLUBS NINE SPADES TWO,0.6348,0.0088,0.3564
HEARTS SEVEN HEARTS TWO,0.6964,0.041,0.2626
SPADES QUEEN DIAMONDS ACE,0.3556,0.0038,0.6406
SPADES THREE CLUBS JACK,0.6408,0.007,0.3522
DIAMONDS ACE HEARTS ACE,0.125,0.004,0.871
DIAMONDS KING SPADES THREE,0.485,0.2936,0.2214
SPADES QUEEN SPADES TEN,0.5194,0.0064,0.4742
SPADES QUEEN CLUBS SIX,0.6338,0.0052,0.361
HEARTS TWO DIAMONDS NINE,0.6228,0.007,0.3702
CLUBS SEVEN HEARTS KING,0.016,0.9728,0.0112
DIAMONDS TWO SPADES THREE,0.6646,0.0086,0.3268
SPADES SIX DIAMONDS QUEEN,0.6268,0.0064,0.3668
SPADES KING CLUBS SIX,0.4754,0.2996,0.225
HEARTS FOUR HEARTS TWO,0.6126,0.008,0.3794
SPADES ACE CLUBS EIGHT,0.3656,0.0046,0.6298
CLUBS FIVE HEARTS NINE,0.6224,0.006,0.3716
DIAMONDS ACE HEARTS JACK,0.3588,0.0044,0.6368
CLUBS TEN HEARTS SEVEN,0.7034,0.0334,0.2632
CLUBS SIX SPADES SEVEN,0.6686,0.0404,0.291
SPADES JACK HEARTS THREE,0.6352,0.006,0.3588
HEARTS SIX SPADES FIVE,0.6202,0.007,0.3728
CLUBS SEVEN CLUBS QUEEN,0.6974,0.0364,0.2662
SPADES FIVE HEARTS NINE,0.629,0.0054,0.3656
CLUBS NINE HEARTS TWO,0.6424,0.0094,0.3482
CLUBS TEN HEARTS SIX,0.637,0.0086,0.3544
HEARTS THREE DIAMONDS TEN,0.633,0.0082,0.3588
HEARTS SIX SPADES EIGHT,0.6074,0.0064,0.3862
DIAMONDS THREE CLUBS TWO,0.6554,0.0102,0.3344
SPADES TEN SPADES SEVEN,0.6528,0.0298,0.3174
SPADES TEN CLUBS FOUR,0.6214,0.0082,0.3704
DIAMONDS TWO DIAMONDS SIX,0.626,0.0096,0.3644
CLUBS THREE DIAMONDS QUEEN,0.6432,0.0072,0.3496
DIAMONDS NINE HEARTS TEN,0.548,0.0064,0.4456
SPADES FIVE SPADES FOUR,0.5804,0.0068,0.4128
CLUBS SIX CLUBS TWO,0.6358,0.0076,0.3566
SPADES JACK DIAMONDS QUEEN,0.553,0.0064,0.4406
DIAMONDS THREE DIAMONDS QUEEN,0.5878,0.0068,0.4054
CLUBS TWO CLUBS JACK,0.6132,0.0058,0.381
SPADES THREE HEARTS NINE,0.633,0.0064,0.3606
DIAMONDS TWO SPADES EIGHT,0.641,0.0066,0.3524
HEARTS FIVE DIAMONDS EIGHT,0.6162,0.0074,0.3764
HEARTS ACE DIAMONDS FOUR,0.3886,0.0044,0.607
SPADES NINE HEARTS TWO,0.6478,0.0092,0.343
DIAMONDS FIVE DIAMONDS FOUR,0.591,0.01,0.399
SPADES ACE SPADES THREE,0.3724,0.004,0.6236
DIAMONDS SIX HEARTS NINE,0.6248,0.0076,0.3676
SPADES ACE SPADES SIX,0.3668,0.0048,0.6284
SPADES TEN CLUBS THREE,0.6348,0.0058,0.3594
SPADES ACE DIAMONDS JACK,0.3524,0.0038,0.6438
SPADES NINE CLUBS THREE,0.629,0.0098,0.3612
CLUBS TWO DIAMONDS SIX,0.671,0.0098,0.3192
SPADES TEN HEARTS EIGHT,0.5734,0.0054,0.4212
CLUBS TEN DIAMONDS ACE,0.3456,0.0042,0.6502
SPADES NINE HEARTS JACK,0.5612,0.0066,0.4322
SPADES ACE HEARTS JACK,0.3488,0.0052,0.646
DIAMONDS JACK HEARTS TEN,0.549,0.0028,0.4482
SPADES ACE SPADES FOUR,0.3696,0.0032,0.6272
SPADES TWO CLUBS ACE,0.3956,0.0054,0.599
HEARTS TWO DIAMONDS FOUR,0.6568,0.0078,0.3354
SPADES KING CLUBS ACE,0.2196,0.0132,0.7672
CLUBS TEN DIAMONDS SIX,0.6218,0.0072,0.371
HEARTS JACK CLUBS JACK,0.2982,0.0048,0.697
DIAMONDS THREE DIAMONDS FIVE,0.6056,0.0106,0.3838
DIAMONDS ACE DIAMONDS TEN,0.3292,0.0054,0.6654
CLUBS NINE DIAMONDS TEN,0.5634,0.007,0.4296
SPADES SEVEN HEARTS ACE,0.2296,0.0304,0.74
SPADES KING DIAMONDS SIX,0.4758,0.3036,0.2206
SPADES NINE SPADES SEVEN,0.65,0.0298,0.3202
CLUBS FOUR DIAMONDS SIX,0.6408,0.0096,0.3496
CLUBS EIGHT CLUBS JACK,0.568,0.008,0.424
HEARTS FIVE SPADES FIVE,0.4418,0.0116,0.5466
SPADES KING HEARTS SIX,0.4716,0.295,0.2334
CLUBS FIVE DIAMONDS ACE,0.3888,0.0054,0.6058
CLUBS ACE CLUBS QUEEN,0.3212,0.0036,0.6752
SPADES TEN HEARTS TWO,0.6502,0.0052,0.3446
DIAMONDS EIGHT HEARTS TEN,0.5636,0.0072,0.4292
HEARTS SEVEN HEARTS FOUR,0.6444,0.0422,0.3134
HEARTS ACE SPADES TWO,0.3954,0.004,0.6006
SPADES NINE CLUBS FIVE,0.6336,0.0082,0.3582
DIAMONDS QUEEN SPADES FIVE,0.6048,0.0092,0.386
SPADES ACE CLUBS ACE,0.1282,0.0032,0.8686
DIAMONDS TWO DIAMONDS KING,0.4584,0.2892,0.2524
DIAMONDS JACK HEARTS KING,0.2336,0.0844,0.682
DIAMONDS TWO SPADES NINE,0.6488,0.0066,0.3446
HEARTS TWO CLUBS JACK,0.6458,0.0074,0.3468
HEARTS FIVE DIAMONDS NINE,0.624,0.0054,0.3706
DIAMONDS TEN DIAMONDS NINE,0.535,0.0084,0.4566
SPADES QUEEN HEARTS EIGHT,0.5972,0.0074,0.3954
CLUBS SIX DIAMONDS QUEEN,0.6264,0.008,0.3656
CLUBS FOUR CLUBS THREE,0.591,0.0078,0.4012
CLUBS SEVEN DIAMONDS FIVE,0.714,0.0352,0.2508
HEARTS FOUR SPADES SIX,0.6344,0.0082,0.3574
CLUBS NINE DIAMONDS FIVE,0.6272,0.0092,0.3636
HEARTS SIX CLUBS THREE,0.6428,0.0078,0.3494
HEARTS SEVEN CLUBS EIGHT,0.6794,0.033,0.2876
CLUBS TEN DIAMONDS FIVE,0.64,0.0076,0.3524
CLUBS EIGHT HEARTS THREE,0.6384,0.008,0.3536
SPADES QUEEN CLUBS QUEEN,0.2856,0.0038,0.7106
CLUBS EIGHT SPADES SEVEN,0.6766,0.0332,0.2902
SPADES KING SPADES THREE,0.4324,0.2896,0.278
CLUBS NINE HEARTS JACK,0.5728,0.0084,0.4188
DIAMONDS TWO HEARTS FIVE,0.6394,0.0094,0.3512
HEARTS KING HEARTS TEN,0.223,0.115,0.662
SPADES KING HEARTS EIGHT,0.2432,0.2256,0.5312
SPADES TEN CLUBS ACE,0.3498,0.0038,0.6464
CLUBS SEVEN CLUBS FOUR,0.6806,0.039,0.2804
HEARTS SEVEN SPADES SIX,0.6792,0.0366,0.2842
DIAMONDS ACE HEARTS KING,0.2378,0.0172,0.745
HEARTS TEN CLUBS JACK,0.5548,0.0086,0.4366
SPADES QUEEN DIAMONDS FOUR,0.6378,0.007,0.3552
SPADES SIX HEARTS EIGHT,0.6078,0.0048,0.3874
HEARTS TWO SPADES THREE,0.655,0.0094,0.3356
DIAMONDS NINE CLUBS ACE,0.3576,0.0046,0.6378
HEARTS SIX DIAMONDS KING,0.4796,0.295,0.2254
SPADES KING HEARTS FIVE,0.4642,0.3074,0.2284
DIAMONDS KING DIAMONDS NINE,0.2226,0.1532,0.6242
SPADES JACK HEARTS EIGHT,0.5862,0.005,0.4088
HEARTS FOUR SPADES THREE,0.6274,0.0076,0.365
HEARTS FIVE DIAMONDS KING,0.4816,0.2962,0.2222
DIAMONDS QUEEN SPADES THREE,0.6386,0.007,0.3544
SPADES TWO DIAMONDS SIX,0.6674,0.0084,0.3242
DIAMONDS TEN HEARTS JACK,0.5412,0.0072,0.4516
CLUBS SIX HEARTS THREE,0.6626,0.0092,0.3282
DIAMONDS THREE SPADES FIVE,0.634,0.0082,0.3578
SPADES KING HEARTS TWO,0.4756,0.303,0.2214
CLUBS THREE DIAMONDS FIVE,0.6424,0.0078,0.3498
SPADES ACE HEARTS TEN,0.3376,0.0044,0.658
CLUBS EIGHT CLUBS FIVE,0.583,0.0088,0.4082
DIAMONDS THREE SPADES EIGHT,0.6408,0.0084,0.3508
CLUBS SIX DIAMONDS SIX,0.4436,0.0124,0.544
HEARTS KING HEARTS EIGHT,0.2144,0.2078,0.5778
SPADES QUEEN CLUBS THREE,0.6414,0.0064,0.3522
CLUBS QUEEN HEARTS EIGHT,0.5926,0.0044,0.403
DIAMONDS THREE SPADES NINE,0.6346,0.0104,0.355
SPADES QUEEN HEARTS KING,0.2478,0.0614,0.6908
SPADES QUEEN DIAMONDS SIX,0.6442,0.0072,0.3486
HEARTS FIVE HEARTS NINE,0.5928,0.0062,0.401
SPADES NINE DIAMONDS ACE,0.352,0.005,0.643
HEARTS ACE CLUBS QUEEN,0.3498,0.004,0.6462
CLUBS FIVE CLUBS THREE,0.6036,0.0078,0.3886
DIAMONDS TWO CLUBS FIVE,0.6456,0.0084,0.346
SPADES SIX DIAMONDS FOUR,0.6474,0.0072,0.3454
DIAMONDS JACK DIAMONDS NINE,0.5472,0.006,0.4468
CLUBS TEN HEARTS JACK,0.5436,0.006,0.4504
HEARTS KING HEARTS NINE,0.2236,0.1622,0.6142
DIAMONDS TWO DIAMONDS FOUR,0.6234,0.0086,0.368
CLUBS SIX SPADES EIGHT,0.6166,0.0058,0.3776
DIAMONDS TWO HEARTS JACK,0.6328,0.0082,0.359
HEARTS FOUR CLUBS ACE,0.3878,0.0038,0.6084
DIAMONDS TWO SPADES TEN,0.6382,0.005,0.3568
SPADES EIGHT DIAMONDS TEN,0.5704,0.0062,0.4234
DIAMONDS THREE SPADES TWO,0.662,0.0064,0.3316
CLUBS ACE HEARTS TEN,0.3434,0.0048,0.6518
DIAMONDS QUEEN DIAMONDS EIGHT,0.5602,0.011,0.4288
SPADES EIGHT SPADES SIX,0.5726,0.0078,0.4196
HEARTS SEVEN CLUBS SIX,0.6774,0.0388,0.2838
HEARTS KING DIAMONDS TEN,0.2406,0.1106,0.6488
SPADES NINE SPADES THREE,0.5856,0.0062,0.4082
HEARTS SEVEN DIAMONDS TEN,0.7076,0.0372,0.2552
CLUBS SIX SPADES SIX,0.4312,0.0128,0.556
HEARTS TWO DIAMONDS SIX,0.658,0.0062,0.3358
HEARTS SIX DIAMONDS FIVE,0.6248,0.0074,0.3678
DIAMONDS TEN CLUBS JACK,0.5532,0.0074,0.4394
CLUBS SIX CLUBS QUEEN,0.6,0.006,0.394
DIAMONDS THREE CLUBS FIVE,0.6384,0.0094,0.3522
DIAMONDS THREE HEARTS JACK,0.6342,0.0082,0.3576
DIAMONDS NINE DIAMONDS FOUR,0.6068,0.0084,0.3848
DIAMONDS KING DIAMONDS QUEEN,0.2308,0.06,0.7092
HEARTS SEVEN HEARTS QUEEN,0.6858,0.0324,0.2818
HEARTS QUEEN CLUBS JACK,0.5658,0.0058,0.4284
DIAMONDS EIGHT CLUBS JACK,0.5772,0.0084,0.4144
HEARTS QUEEN DIAMONDS EIGHT,0.5912,0.0086,0.4002
HEARTS QUEEN HEARTS TEN,0.524,0.0066,0.4694
SPADES KING SPADES TWO,0.4534,0.2848,0.2618
SPADES THREE HEARTS QUEEN,0.6428,0.0064,0.3508
CLUBS THREE DIAMONDS EIGHT,0.6442,0.0066,0.3492
DIAMONDS JACK CLUBS ACE,0.354,0.004,0.642
CLUBS SEVEN HEARTS THREE,0.7194,0.0408,0.2398
HEARTS EIGHT DIAMONDS FOUR,0.6244,0.0076,0.368
SPADES ACE DIAMONDS EIGHT,0.3598,0.005,0.6352
DIAMONDS THREE HEARTS TWO,0.66,0.0104,0.3296
CLUBS SEVEN HEARTS QUEEN,0.7446,0.0364,0.219
SPADES KING CLUBS FOUR,0.4724,0.2976,0.23
HEARTS JACK DIAMONDS FIVE,0.6208,0.0064,0.3728
CLUBS NINE SPADES SEVEN,0.685,0.032,0.283
SPADES FIVE CLUBS QUEEN,0.6208,0.0062,0.373
CLUBS NINE CLUBS SEVEN,0.665,0.0344,0.3006
SPADES JACK CLUBS ACE,0.3602,0.0042,0.6356
HEARTS FIVE HEARTS QUEEN,0.5984,0.007,0.3946
CLUBS EIGHT CLUBS QUEEN,0.5604,0.0066,0.433
CLUBS FOUR HEARTS QUEEN,0.6432,0.0062,0.3506
DIAMONDS TWO HEARTS THREE,0.6466,0.009,0.3444
DIAMONDS QUEEN HEARTS QUEEN,0.2794,0.0042,0.7164
SPADES FOUR DIAMONDS FIVE,0.6216,0.0052,0.3732
DIAMONDS TWO CLUBS ACE,0.4036,0.006,0.5904
HEARTS THREE DIAMONDS ACE,0.3952,0.006,0.5988
