opposingHand,winningChance,drawChance,lostChance
CLUBS TWO DIAMONDS TEN
HEARTS FIVE SPADES TEN,0.2272,0.4522,0.3206
HEARTS FIVE SPADES JACK,0.3566,0.0184,0.625
CLUBS JACK SPADES FIVE,0.3428,0.0238,0.6334
CLUBS TEN SPADES FIVE,0.2118,0.4646,0.3236
CLUBS JACK CLUBS EIGHT,0.3346,0.0158,0.6496
CLUBS TEN CLUBS EIGHT,0.212,0.226,0.562
CLUBS EIGHT CLUBS KING,0.349,0.0078,0.6432
SPADES FIVE CLUBS ACE,0.331,0.004,0.665
CLUBS EIGHT CLUBS QUEEN,0.3312,0.0114,0.6574
SPADES FIVE CLUBS KING,0.3664,0.0064,0.6272
SPADES FIVE CLUBS QUEEN,0.362,0.0136,0.6244
CLUBS EIGHT CLUBS ACE,0.3242,0.0046,0.6712
DIAMONDS TWO DIAMONDS THREE,0.6384,0.0758,0.2858
DIAMONDS TWO DIAMONDS FIVE,0.6346,0.0744,0.291
HEARTS FIVE SPADES KING,0.3668,0.0084,0.6248
DIAMONDS TWO DIAMONDS FOUR,0.6328,0.075,0.2922
HEARTS FIVE SPADES QUEEN,0.3668,0.0118,0.6214
DIAMONDS TWO DIAMONDS SEVEN,0.6562,0.065,0.2788
DIAMONDS TWO DIAMONDS SIX,0.65,0.071,0.279
SPADES ACE HEARTS FIVE,0.3406,0.0032,0.6562
DIAMONDS TWO DIAMONDS NINE,0.6636,0.076,0.2604
DIAMONDS TWO DIAMONDS EIGHT,0.6512,0.0732,0.2756
DIAMONDS THREE DIAMONDS FOUR,0.5296,0.0294,0.441
DIAMONDS THREE DIAMONDS FIVE,0.536,0.0346,0.4294
DIAMONDS THREE DIAMONDS EIGHT,0.5576,0.0294,0.413
DIAMONDS THREE DIAMONDS NINE,0.5572,0.0266,0.4162
DIAMONDS THREE DIAMONDS SIX,0.547,0.0298,0.4232
DIAMONDS THREE DIAMONDS SEVEN,0.5422,0.0314,0.4264
CLUBS TEN CLUBS JACK,0.2066,0.0604,0.733
DIAMONDS FOUR DIAMONDS SIX,0.5224,0.0316,0.446
CLUBS TEN CLUBS QUEEN,0.2052,0.0412,0.7536
DIAMONDS FOUR DIAMONDS SEVEN,0.541,0.0276,0.4314
CLUBS TEN CLUBS KING,0.2132,0.0412,0.7456
CLUBS TEN CLUBS ACE,0.2026,0.0244,0.773
DIAMONDS FIVE DIAMONDS FOUR,0.5104,0.0374,0.4522
DIAMONDS NINE DIAMONDS FOUR,0.5576,0.0288,0.4136
DIAMONDS EIGHT DIAMONDS FOUR,0.5448,0.0292,0.426
DIAMONDS NINE DIAMONDS FIVE,0.5392,0.029,0.4318
CLUBS JACK DIAMONDS TWO,0.2318,0.055,0.7132
DIAMONDS EIGHT DIAMONDS FIVE,0.5382,0.0282,0.4336
CLUBS TEN DIAMONDS TWO,0.0102,0.984,0.0058
DIAMONDS FIVE DIAMONDS SEVEN,0.5226,0.0284,0.449
DIAMONDS FIVE DIAMONDS SIX,0.5172,0.0304,0.4524
DIAMONDS TWO CLUBS ACE,0.24,0.0184,0.7416
DIAMONDS TWO CLUBS KING,0.2306,0.0278,0.7416
DIAMONDS TWO CLUBS QUEEN,0.2356,0.0356,0.7288
DIAMONDS EIGHT DIAMONDS SIX,0.5276,0.0282,0.4442
DIAMONDS NINE DIAMONDS SIX,0.5288,0.0332,0.438
HEARTS ACE SPADES THREE,0.3498,0.0054,0.6448
SPADES THREE HEARTS KING,0.356,0.009,0.635
DIAMONDS SEVEN DIAMONDS SIX,0.4992,0.0282,0.4726
HEARTS QUEEN SPADES THREE,0.3618,0.0124,0.6258
SPADES THREE HEARTS JACK,0.3552,0.0206,0.6242
SPADES THREE HEARTS TEN,0.2284,0.5132,0.2584
DIAMONDS EIGHT DIAMONDS SEVEN,0.5078,0.0262,0.466
DIAMONDS NINE DIAMONDS SEVEN,0.5176,0.0278,0.4546
DIAMONDS NINE DIAMONDS EIGHT,0.5034,0.0234,0.4732
DIAMONDS KING HEARTS TEN,0.2148,0.0364,0.7488
HEARTS THREE HEARTS TEN,0.2,0.497,0.303
SPADES JACK CLUBS SIX,0.361,0.017,0.622
DIAMONDS KING HEARTS JACK,0.2998,0.0062,0.694
HEARTS THREE HEARTS JACK,0.3388,0.0166,0.6446
SPADES TEN CLUBS SIX,0.2122,0.3844,0.4034
SPADES JACK SPADES FIVE,0.3298,0.0186,0.6516
SPADES TEN SPADES FIVE,0.212,0.4314,0.3566
DIAMONDS KING HEARTS ACE,0.316,0.0062,0.6778
HEARTS THREE HEARTS ACE,0.3234,0.0064,0.6702
SPADES ACE CLUBS SIX,0.3492,0.0044,0.6464
DIAMONDS KING HEARTS QUEEN,0.313,0.0084,0.6786
HEARTS THREE HEARTS QUEEN,0.347,0.0104,0.6426
SPADES KING CLUBS SIX,0.3508,0.0102,0.639
DIAMONDS KING HEARTS KING,0.1364,0.0094,0.8542
HEARTS THREE HEARTS KING,0.348,0.0092,0.6428
SPADES QUEEN CLUBS SIX,0.362,0.0128,0.6252
SPADES NINE HEARTS TEN,0.224,0.1602,0.6158
SPADES NINE HEARTS JACK,0.3344,0.0154,0.6502
SPADES QUEEN SPADES FIVE,0.333,0.0124,0.6546
SPADES KING SPADES FIVE,0.33,0.0108,0.6592
SPADES ACE SPADES FIVE,0.3316,0.0044,0.664
SPADES NINE HEARTS QUEEN,0.3426,0.0112,0.6462
SPADES NINE HEARTS KING,0.351,0.009,0.64
SPADES NINE HEARTS ACE,0.3666,0.0034,0.63
CLUBS TEN SPADES JACK,0.2138,0.0544,0.7318
CLUBS TEN SPADES TEN,0.077,0.0608,0.8622
SPADES ACE CLUBS TEN,0.206,0.0288,0.7652
CLUBS TEN SPADES KING,0.2278,0.0372,0.735
CLUBS TEN SPADES QUEEN,0.2234,0.0482,0.7284
SPADES FIVE HEARTS QUEEN,0.3512,0.0116,0.6372
SPADES FIVE HEARTS KING,0.3522,0.0078,0.64
HEARTS ACE SPADES FIVE,0.3614,0.0058,0.6328
CLUBS EIGHT SPADES TEN,0.2146,0.2286,0.5568
SPADES JACK HEARTS THREE,0.3556,0.0176,0.6268
SPADES JACK DIAMONDS KING,0.3134,0.0088,0.6778
SPADES TEN DIAMONDS KING,0.2194,0.0418,0.7388
SPADES TEN HEARTS THREE,0.2238,0.5194,0.2568
CLUBS EIGHT SPADES JACK,0.3254,0.0172,0.6574
CLUBS SIX HEARTS ACE,0.3564,0.0046,0.639
SPADES ACE CLUBS EIGHT,0.348,0.004,0.648
HEARTS FIVE CLUBS JACK,0.3496,0.0188,0.6316
CLUBS TEN HEARTS FIVE,0.218,0.4632,0.3188
CLUBS SIX HEARTS QUEEN,0.3432,0.0126,0.6442
SPADES QUEEN CLUBS EIGHT,0.351,0.012,0.637
CLUBS TEN SPADES THREE,0.2086,0.5184,0.273
CLUBS SIX HEARTS KING,0.3456,0.0066,0.6478
SPADES KING CLUBS EIGHT,0.3504,0.0054,0.6442
CLUBS JACK SPADES THREE,0.3474,0.0202,0.6324
DIAMONDS TWO HEARTS JACK,0.2384,0.0548,0.7068
SPADES THREE CLUBS QUEEN,0.3464,0.0108,0.6428
DIAMONDS TWO HEARTS TEN,0.0158,0.9728,0.0114
SPADES THREE CLUBS KING,0.3564,0.0112,0.6324
HEARTS FIVE CLUBS ACE,0.3444,0.006,0.6496
SPADES FIVE HEARTS TEN,0.2252,0.4612,0.3136
SPADES THREE CLUBS ACE,0.3602,0.0038,0.636
HEARTS FIVE CLUBS KING,0.3552,0.0084,0.6364
SPADES FIVE HEARTS JACK,0.3534,0.02,0.6266
HEARTS FIVE CLUBS QUEEN,0.3564,0.0136,0.63
HEARTS THREE CLUBS KING,0.3588,0.0096,0.6316
DIAMONDS KING CLUBS KING,0.1186,0.0106,0.8708
HEARTS THREE CLUBS QUEEN,0.3502,0.0148,0.635
DIAMONDS KING CLUBS QUEEN,0.2954,0.0062,0.6984
HEARTS FIVE HEARTS JACK,0.3226,0.0186,0.6588
HEARTS FIVE HEARTS TEN,0.2066,0.4336,0.3598
HEARTS THREE CLUBS ACE,0.3442,0.0052,0.6506
DIAMONDS KING CLUBS ACE,0.3104,0.0048,0.6848
SPADES ACE CLUBS QUEEN,0.3108,0.0058,0.6834
SPADES KING CLUBS QUEEN,0.313,0.0066,0.6804
CLUBS JACK HEARTS THREE,0.3402,0.0164,0.6434
CLUBS JACK DIAMONDS KING,0.2898,0.0054,0.7048
SPADES QUEEN CLUBS QUEEN,0.1322,0.0178,0.85
CLUBS TEN HEARTS THREE,0.203,0.5382,0.2588
CLUBS TEN DIAMONDS KING,0.2094,0.0326,0.758
SPADES JACK CLUBS QUEEN,0.3014,0.0102,0.6884
CLUBS SIX CLUBS QUEEN,0.3434,0.0106,0.646
SPADES TEN CLUBS QUEEN,0.2162,0.0488,0.735
CLUBS SIX CLUBS KING,0.3474,0.0064,0.6462
CLUBS SIX CLUBS ACE,0.3442,0.0056,0.6502
HEARTS FIVE HEARTS KING,0.3414,0.0064,0.6522
HEARTS FIVE HEARTS QUEEN,0.3298,0.0154,0.6548
CLUBS TEN CLUBS SIX,0.2184,0.3656,0.416
HEARTS FIVE HEARTS ACE,0.3316,0.0054,0.663
CLUBS JACK CLUBS SIX,0.333,0.0206,0.6464
SPADES SEVEN HEARTS JACK,0.3504,0.019,0.6306
SPADES SEVEN HEARTS TEN,0.212,0.2938,0.4942
DIAMONDS TWO CLUBS THREE,0.6484,0.0804,0.2712
DIAMONDS TWO HEARTS SIX,0.6782,0.0692,0.2526
DIAMONDS TWO HEARTS QUEEN,0.236,0.041,0.723
HEARTS SEVEN DIAMONDS TWO,0.6904,0.0734,0.2362
DIAMONDS TWO HEARTS KING,0.243,0.0348,0.7222
DIAMONDS TWO HEARTS EIGHT,0.6886,0.0752,0.2362
DIAMONDS TWO HEARTS ACE,0.2478,0.0146,0.7376
DIAMONDS TWO HEARTS NINE,0.6862,0.083,0.2308
DIAMONDS TWO DIAMONDS QUEEN,0.2226,0.0412,0.7362
DIAMONDS TWO HEARTS TWO,0.2724,0.0468,0.6808
DIAMONDS TWO DIAMONDS KING,0.2274,0.0336,0.739
DIAMONDS TWO HEARTS THREE,0.6672,0.0782,0.2546
DIAMONDS TWO DIAMONDS ACE,0.2372,0.0152,0.7476
HEARTS FOUR DIAMONDS TWO,0.6604,0.0764,0.2632
HEARTS FIVE DIAMONDS TWO,0.6632,0.0786,0.2582
SPADES SEVEN HEARTS ACE,0.3466,0.0034,0.65
SPADES SEVEN HEARTS KING,0.3546,0.0078,0.6376
DIAMONDS TWO DIAMONDS JACK,0.2246,0.052,0.7234
SPADES SEVEN HEARTS QUEEN,0.363,0.0106,0.6264
DIAMONDS TWO SPADES NINE,0.6966,0.072,0.2314
DIAMONDS TWO SPADES EIGHT,0.6934,0.068,0.2386
DIAMONDS TWO SPADES SEVEN,0.6872,0.0768,0.236
DIAMONDS TWO SPADES SIX,0.6828,0.0716,0.2456
DIAMONDS TWO SPADES FIVE,0.666,0.0752,0.2588
DIAMONDS TWO SPADES FOUR,0.6616,0.0762,0.2622
DIAMONDS TWO SPADES THREE,0.6652,0.0758,0.259
DIAMONDS TWO SPADES TWO,0.2898,0.048,0.6622
DIAMONDS TWO CLUBS NINE,0.6908,0.08,0.2292
CLUBS EIGHT DIAMONDS TWO,0.6938,0.0748,0.2314
DIAMONDS TWO CLUBS SEVEN,0.6918,0.069,0.2392
DIAMONDS TWO CLUBS SIX,0.6848,0.0722,0.243
DIAMONDS TWO CLUBS FIVE,0.6604,0.0746,0.265
DIAMONDS TWO CLUBS FOUR,0.6632,0.0734,0.2634
CLUBS FOUR SPADES FIVE,0.5362,0.035,0.4288
CLUBS FOUR SPADES FOUR,0.2948,0.064,0.6412
CLUBS FOUR SPADES THREE,0.5506,0.0278,0.4216
CLUBS FOUR SPADES TWO,0.6604,0.074,0.2656
SPADES NINE CLUBS FOUR,0.5746,0.0264,0.399
SPADES EIGHT CLUBS FOUR,0.5666,0.0308,0.4026
CLUBS FOUR SPADES SEVEN,0.551,0.0292,0.4198
CLUBS FOUR SPADES SIX,0.535,0.0348,0.4302
SPADES ACE DIAMONDS SIX,0.3616,0.0072,0.6312
SPADES QUEEN DIAMONDS SIX,0.3662,0.0122,0.6216
SPADES KING DIAMONDS SIX,0.3734,0.0074,0.6192
SPADES TEN DIAMONDS SIX,0.2118,0.399,0.3892
SPADES JACK DIAMONDS SIX,0.3472,0.0224,0.6304
SPADES QUEEN SPADES TWO,0.2144,0.042,0.7436
SPADES KING SPADES TWO,0.232,0.0292,0.7388
SPADES ACE SPADES TWO,0.223,0.0132,0.7638
CLUBS JACK DIAMONDS JACK,0.1224,0.0258,0.8518
CLUBS TEN DIAMONDS JACK,0.207,0.0638,0.7292
DIAMONDS JACK CLUBS KING,0.3052,0.0076,0.6872
DIAMONDS JACK CLUBS QUEEN,0.2844,0.012,0.7036
DIAMONDS THREE DIAMONDS JACK,0.3436,0.019,0.6374
DIAMONDS JACK CLUBS ACE,0.3,0.005,0.695
DIAMONDS THREE DIAMONDS KING,0.3422,0.0084,0.6494
DIAMONDS THREE HEARTS THREE,0.3072,0.0646,0.6282
DIAMONDS THREE DIAMONDS QUEEN,0.3468,0.013,0.6402
DIAMONDS THREE HEARTS TWO,0.6698,0.0788,0.2514
HEARTS FIVE DIAMONDS THREE,0.5578,0.0328,0.4094
DIAMONDS THREE DIAMONDS ACE,0.3342,0.0054,0.6604
HEARTS FOUR DIAMONDS THREE,0.5604,0.0324,0.4072
HEARTS SEVEN DIAMONDS THREE,0.5816,0.0338,0.3846
SPADES TEN SPADES NINE,0.2058,0.164,0.6302
HEARTS SIX DIAMONDS THREE,0.5818,0.03,0.3882
SPADES JACK SPADES NINE,0.3066,0.0142,0.6792
DIAMONDS THREE HEARTS NINE,0.5778,0.0286,0.3936
HEARTS JACK DIAMONDS FOUR,0.358,0.0224,0.6196
HEARTS ACE HEARTS KING,0.2884,0.004,0.7076
SPADES TEN SPADES TWO,0.0172,0.9094,0.0734
DIAMONDS THREE HEARTS EIGHT,0.5882,0.0284,0.3834
HEARTS TEN DIAMONDS FOUR,0.2178,0.5114,0.2708
SPADES JACK SPADES TWO,0.2254,0.0542,0.7204
HEARTS QUEEN DIAMONDS FOUR,0.3674,0.0134,0.6192
HEARTS KING DIAMONDS FOUR,0.3692,0.01,0.6208
SPADES ACE SPADES NINE,0.3192,0.005,0.6758
HEARTS ACE DIAMONDS FOUR,0.358,0.0052,0.6368
SPADES KING SPADES NINE,0.3224,0.0092,0.6684
SPADES QUEEN SPADES NINE,0.306,0.0112,0.6828
DIAMONDS THREE SPADES NINE,0.5802,0.0284,0.3914
DIAMONDS THREE SPADES EIGHT,0.5904,0.0292,0.3804
DIAMONDS THREE SPADES SEVEN,0.58,0.0276,0.3924
DIAMONDS THREE SPADES SIX,0.5802,0.029,0.3908
DIAMONDS THREE CLUBS SIX,0.5648,0.0342,0.401
CLUBS SIX CLUBS FIVE,0.502,0.0296,0.4684
CLUBS ACE DIAMONDS FOUR,0.3474,0.006,0.6466
DIAMONDS THREE CLUBS SEVEN,0.5666,0.0314,0.402
CLUBS SEVEN CLUBS FIVE,0.5384,0.029,0.4326
DIAMONDS THREE CLUBS FOUR,0.5598,0.0322,0.408
DIAMONDS FOUR CLUBS QUEEN,0.346,0.0114,0.6426
DIAMONDS THREE CLUBS FIVE,0.5712,0.0306,0.3982
DIAMONDS FOUR CLUBS KING,0.3478,0.0078,0.6444
CLUBS TEN DIAMONDS FOUR,0.2138,0.5252,0.261
DIAMONDS THREE CLUBS THREE,0.298,0.0764,0.6256
CLUBS JACK DIAMONDS FOUR,0.3552,0.0212,0.6236
DIAMONDS THREE SPADES FOUR,0.5734,0.029,0.3976
DIAMONDS THREE SPADES FIVE,0.5448,0.0318,0.4234
DIAMONDS THREE SPADES TWO,0.661,0.0794,0.2596
DIAMONDS THREE SPADES THREE,0.3016,0.0774,0.621
CLUBS EIGHT DIAMONDS THREE,0.5878,0.0316,0.3806
CLUBS NINE DIAMONDS THREE,0.5838,0.0332,0.383
SPADES SEVEN CLUBS ACE,0.3512,0.0042,0.6446
SPADES SEVEN CLUBS QUEEN,0.3506,0.011,0.6384
SPADES SEVEN CLUBS KING,0.3508,0.0094,0.6398
SPADES SEVEN CLUBS FIVE,0.5458,0.027,0.4272
CLUBS TEN SPADES SEVEN,0.2222,0.2976,0.4802
CLUBS FIVE SPADES SIX,0.5392,0.0308,0.43
CLUBS JACK SPADES SEVEN,0.3394,0.0156,0.645
SPADES NINE CLUBS FIVE,0.5734,0.0264,0.4002
SPADES EIGHT CLUBS FIVE,0.5634,0.0282,0.4084
CLUBS FIVE SPADES THREE,0.5552,0.0304,0.4144
CLUBS FIVE SPADES TWO,0.6588,0.0744,0.2668
CLUBS FIVE SPADES FIVE,0.3022,0.0608,0.637
CLUBS FIVE SPADES FOUR,0.5424,0.0266,0.431
CLUBS NINE CLUBS FIVE,0.5436,0.0282,0.4282
CLUBS EIGHT CLUBS FIVE,0.5394,0.027,0.4336
CLUBS ACE CLUBS QUEEN,0.2996,0.0042,0.6962
CLUBS KING CLUBS QUEEN,0.2948,0.0068,0.6984
CLUBS TEN DIAMONDS NINE,0.2066,0.177,0.6164
DIAMONDS JACK DIAMONDS FOUR,0.3364,0.0196,0.644
CLUBS JACK DIAMONDS NINE,0.3294,0.0156,0.655
CLUBS JACK SPADES NINE,0.3288,0.0168,0.6544
CLUBS TEN SPADES NINE,0.2166,0.169,0.6144
DIAMONDS ACE DIAMONDS FOUR,0.3306,0.007,0.6624
HEARTS FOUR DIAMONDS FOUR,0.2968,0.0686,0.6346
DIAMONDS JACK HEARTS TEN,0.2246,0.0554,0.72
SPADES NINE CLUBS KING,0.3532,0.007,0.6398
DIAMONDS TWO SPADES TEN,0.0168,0.971,0.0122
DIAMONDS NINE CLUBS ACE,0.3548,0.0038,0.6414
HEARTS FIVE DIAMONDS FOUR,0.5536,0.0342,0.4122
DIAMONDS JACK HEARTS JACK,0.1372,0.0216,0.8412
SPADES NINE CLUBS QUEEN,0.3228,0.0124,0.6648
DIAMONDS TWO SPADES JACK,0.2402,0.0536,0.7062
DIAMONDS QUEEN DIAMONDS FOUR,0.3458,0.0114,0.6428
HEARTS TWO DIAMONDS FOUR,0.665,0.0802,0.2548
DIAMONDS NINE CLUBS QUEEN,0.3288,0.0116,0.6596
DIAMONDS KING DIAMONDS FOUR,0.3328,0.0108,0.6564
HEARTS THREE DIAMONDS FOUR,0.5584,0.0304,0.4112
SPADES NINE CLUBS ACE,0.3574,0.0044,0.6382
DIAMONDS NINE CLUBS KING,0.3438,0.0104,0.6458
HEARTS ACE DIAMONDS JACK,0.3002,0.0032,0.6966
SPADES ACE DIAMONDS TWO,0.2414,0.0154,0.7432
HEARTS QUEEN DIAMONDS JACK,0.3054,0.0108,0.6838
SPADES QUEEN DIAMONDS TWO,0.244,0.0408,0.7152
HEARTS KING DIAMONDS JACK,0.296,0.007,0.697
SPADES KING DIAMONDS TWO,0.2444,0.0264,0.7292
SPADES JACK SPADES SEVEN,0.3182,0.0202,0.6616
SPADES TEN SPADES SEVEN,0.2066,0.2812,0.5122
CLUBS SEVEN CLUBS THREE,0.5386,0.0326,0.4288
CLUBS SIX CLUBS THREE,0.5416,0.0264,0.432
CLUBS FIVE CLUBS THREE,0.5264,0.0306,0.443
CLUBS FOUR CLUBS THREE,0.5172,0.0288,0.454
CLUBS NINE CLUBS THREE,0.545,0.0274,0.4276
CLUBS EIGHT CLUBS THREE,0.5574,0.0278,0.4148
SPADES FIVE CLUBS THREE,0.5556,0.0316,0.4128
CLUBS THREE SPADES FOUR,0.5592,0.033,0.4078
CLUBS THREE SPADES THREE,0.2974,0.0658,0.6368
CLUBS THREE SPADES TWO,0.6678,0.071,0.2612
SPADES SIX CLUBS THREE,0.5722,0.033,0.3948
SPADES SEVEN CLUBS THREE,0.575,0.0304,0.3946
SPADES EIGHT CLUBS THREE,0.5908,0.0314,0.3778
SPADES NINE CLUBS THREE,0.584,0.028,0.388
SPADES TWO DIAMONDS FOUR,0.6654,0.0722,0.2624
SPADES THREE DIAMONDS FOUR,0.5564,0.03,0.4136
SPADES FOUR DIAMONDS FOUR,0.31,0.061,0.629
SPADES FIVE DIAMONDS FOUR,0.5478,0.0314,0.4208
SPADES SIX DIAMONDS FOUR,0.562,0.0262,0.4118
SPADES SEVEN DIAMONDS FOUR,0.543,0.0282,0.4288
SPADES EIGHT DIAMONDS FOUR,0.577,0.0278,0.3952
SPADES NINE DIAMONDS FOUR,0.5988,0.0276,0.3736
CLUBS FIVE DIAMONDS FOUR,0.5344,0.0364,0.4292
CLUBS FOUR DIAMONDS FOUR,0.3012,0.0758,0.623
CLUBS SEVEN DIAMONDS FOUR,0.5604,0.0272,0.4124
CLUBS SIX DIAMONDS FOUR,0.5642,0.0308,0.405
CLUBS NINE DIAMONDS FOUR,0.5976,0.0254,0.377
CLUBS EIGHT DIAMONDS FOUR,0.5732,0.0316,0.3952
HEARTS SEVEN DIAMONDS FOUR,0.5582,0.0276,0.4142
HEARTS SIX DIAMONDS FOUR,0.5534,0.034,0.4126
DIAMONDS FOUR HEARTS NINE,0.5862,0.0266,0.3872
DIAMONDS FOUR HEARTS EIGHT,0.5916,0.0278,0.3806
CLUBS THREE DIAMONDS FOUR,0.552,0.037,0.411
DIAMONDS JACK DIAMONDS FIVE,0.342,0.0186,0.6394
DIAMONDS NINE HEARTS QUEEN,0.3414,0.013,0.6456
DIAMONDS NINE HEARTS KING,0.3484,0.0092,0.6424
HEARTS ACE DIAMONDS NINE,0.3684,0.006,0.6256
DIAMONDS NINE HEARTS TEN,0.2226,0.1726,0.6048
DIAMONDS NINE HEARTS JACK,0.3336,0.0172,0.6492
CLUBS KING DIAMONDS SIX,0.355,0.009,0.636
CLUBS QUEEN DIAMONDS SIX,0.3586,0.0128,0.6286
CLUBS ACE DIAMONDS SIX,0.3542,0.0064,0.6394
SPADES KING DIAMONDS FOUR,0.3576,0.0096,0.6328
SPADES ACE SPADES SEVEN,0.3342,0.0034,0.6624
SPADES QUEEN DIAMONDS FOUR,0.3616,0.0116,0.6268
SPADES QUEEN SPADES SEVEN,0.3352,0.0102,0.6546
CLUBS JACK DIAMONDS SIX,0.3454,0.018,0.6366
SPADES KING SPADES SEVEN,0.331,0.0098,0.6592
SPADES ACE DIAMONDS FOUR,0.3598,0.0046,0.6356
CLUBS TEN DIAMONDS SIX,0.2142,0.3888,0.397
CLUBS NINE CLUBS FOUR,0.5474,0.0298,0.4228
CLUBS EIGHT CLUBS FOUR,0.5408,0.0272,0.432
SPADES JACK DIAMONDS FOUR,0.355,0.02,0.625
SPADES TEN DIAMONDS FOUR,0.218,0.5168,0.2652
CLUBS FOUR CLUBS FIVE,0.5198,0.0288,0.4514
CLUBS SEVEN CLUBS FOUR,0.5402,0.027,0.4328
CLUBS SIX CLUBS FOUR,0.5266,0.0274,0.446
CLUBS SEVEN SPADES EIGHT,0.5264,0.0316,0.442
SPADES NINE CLUBS SEVEN,0.5332,0.028,0.4388
CLUBS SEVEN SPADES SIX,0.5224,0.0274,0.4502
CLUBS SEVEN SPADES SEVEN,0.274,0.0588,0.6672
CLUBS SEVEN SPADES FIVE,0.541,0.0302,0.4288
CLUBS SEVEN SPADES FOUR,0.5486,0.0286,0.4228
CLUBS SEVEN SPADES THREE,0.5704,0.031,0.3986
CLUBS SEVEN SPADES TWO,0.6904,0.066,0.2436
CLUBS NINE CLUBS SEVEN,0.5118,0.0268,0.4614
CLUBS EIGHT CLUBS SEVEN,0.491,0.0258,0.4832
HEARTS SIX DIAMONDS FIVE,0.5454,0.0294,0.4252
HEARTS SEVEN DIAMONDS FIVE,0.5486,0.0308,0.4206
DIAMONDS FIVE HEARTS EIGHT,0.5632,0.0272,0.4096
DIAMONDS FIVE HEARTS NINE,0.5746,0.029,0.3964
DIAMONDS QUEEN DIAMONDS FIVE,0.3482,0.0118,0.64
HEARTS TWO DIAMONDS FIVE,0.661,0.0728,0.2662
HEARTS KING HEARTS EIGHT,0.3406,0.0088,0.6506
DIAMONDS KING DIAMONDS FIVE,0.3378,0.0072,0.655
HEARTS THREE DIAMONDS FIVE,0.549,0.0306,0.4204
HEARTS QUEEN HEARTS EIGHT,0.331,0.0126,0.6564
DIAMONDS ACE DIAMONDS FIVE,0.3346,0.0058,0.6596
HEARTS FOUR DIAMONDS FIVE,0.5448,0.0342,0.421
HEARTS FIVE DIAMONDS FIVE,0.2846,0.0624,0.653
HEARTS ACE HEARTS EIGHT,0.3292,0.0036,0.6672
CLUBS FOUR DIAMONDS FIVE,0.536,0.0304,0.4336
CLUBS FIVE DIAMONDS FIVE,0.2932,0.0688,0.638
CLUBS SIX DIAMONDS FIVE,0.5448,0.0274,0.4278
CLUBS SEVEN DIAMONDS FIVE,0.5504,0.0254,0.4242
CLUBS THREE DIAMONDS FIVE,0.5684,0.0272,0.4044
SPADES THREE DIAMONDS FIVE,0.5542,0.0326,0.4132
SPADES TWO DIAMONDS FIVE,0.6672,0.0756,0.2572
SPADES JACK DIAMONDS EIGHT,0.3352,0.018,0.6468
SPADES FIVE DIAMONDS FIVE,0.2986,0.0628,0.6386
CLUBS TEN HEARTS JACK,0.2164,0.0594,0.7242
SPADES TEN DIAMONDS EIGHT,0.2216,0.2276,0.5508
SPADES FOUR DIAMONDS FIVE,0.5486,0.0308,0.4206
CLUBS JACK HEARTS JACK,0.1374,0.0268,0.8358
HEARTS JACK CLUBS QUEEN,0.2972,0.0104,0.6924
CLUBS NINE DIAMONDS FIVE,0.5636,0.0312,0.4052
CLUBS EIGHT DIAMONDS FIVE,0.5554,0.029,0.4156
HEARTS JACK CLUBS KING,0.305,0.0066,0.6884
CLUBS ACE HEARTS JACK,0.3106,0.0046,0.6848
SPADES SEVEN DIAMONDS FIVE,0.5472,0.0308,0.422
SPADES KING DIAMONDS EIGHT,0.3642,0.0096,0.6262
SPADES QUEEN DIAMONDS EIGHT,0.3382,0.0122,0.6496
SPADES SIX DIAMONDS FIVE,0.5522,0.0266,0.4212
SPADES NINE DIAMONDS FIVE,0.5688,0.0318,0.3994
SPADES EIGHT DIAMONDS FIVE,0.5548,0.025,0.4202
SPADES ACE DIAMONDS EIGHT,0.3482,0.0044,0.6474
HEARTS ACE DIAMONDS SEVEN,0.3534,0.0026,0.644
DIAMONDS JACK DIAMONDS SIX,0.3406,0.0206,0.6388
HEARTS QUEEN DIAMONDS SEVEN,0.3532,0.0124,0.6344
HEARTS KING DIAMONDS SEVEN,0.3438,0.007,0.6492
DIAMONDS ACE DIAMONDS SIX,0.3434,0.007,0.6496
HEARTS FOUR DIAMONDS SIX,0.5532,0.0302,0.4166
SPADES TWO HEARTS JACK,0.2394,0.0558,0.7048
HEARTS FIVE DIAMONDS SIX,0.5506,0.0274,0.422
SPADES TWO HEARTS TEN,0.0252,0.9548,0.02
DIAMONDS QUEEN DIAMONDS SIX,0.3434,0.0116,0.645
HEARTS TWO DIAMONDS SIX,0.6696,0.0758,0.2546
DIAMONDS KING DIAMONDS SIX,0.331,0.009,0.66
HEARTS THREE DIAMONDS SIX,0.58,0.0306,0.3894
HEARTS EIGHT DIAMONDS SIX,0.5514,0.0298,0.4188
HEARTS NINE DIAMONDS SIX,0.5562,0.0246,0.4192
HEARTS SIX DIAMONDS SIX,0.2916,0.0582,0.6502
HEARTS SEVEN DIAMONDS SIX,0.5426,0.0274,0.43
HEARTS TEN DIAMONDS SEVEN,0.2286,0.2998,0.4716
HEARTS JACK DIAMONDS SEVEN,0.3564,0.0152,0.6284
CLUBS THREE DIAMONDS SIX,0.5678,0.0302,0.402
CLUBS SEVEN DIAMONDS SIX,0.5284,0.0262,0.4454
CLUBS JACK DIAMONDS EIGHT,0.3446,0.0176,0.6378
CLUBS SIX DIAMONDS SIX,0.2832,0.0604,0.6564
CLUBS TEN DIAMONDS EIGHT,0.2186,0.2266,0.5548
CLUBS FIVE DIAMONDS SIX,0.5504,0.0312,0.4184
CLUBS FOUR DIAMONDS SIX,0.5512,0.0278,0.421
HEARTS ACE HEARTS JACK,0.2818,0.004,0.7142
DIAMONDS EIGHT CLUBS ACE,0.3554,0.0066,0.638
HEARTS QUEEN HEARTS JACK,0.2826,0.0086,0.7088
DIAMONDS EIGHT CLUBS KING,0.3548,0.01,0.6352
CLUBS NINE DIAMONDS SIX,0.5468,0.0252,0.428
HEARTS KING HEARTS JACK,0.296,0.0076,0.6964
CLUBS EIGHT DIAMONDS SIX,0.548,0.027,0.425
DIAMONDS EIGHT CLUBS QUEEN,0.353,0.014,0.633
SPADES TEN HEARTS KING,0.2296,0.0352,0.7352
SPADES FIVE DIAMONDS SIX,0.5494,0.029,0.4216
HEARTS ACE SPADES TWO,0.2328,0.0182,0.749
SPADES JACK HEARTS KING,0.3084,0.005,0.6866
SPADES FOUR DIAMONDS SIX,0.5598,0.0262,0.414
SPADES THREE DIAMONDS SIX,0.5612,0.0362,0.4026
HEARTS QUEEN SPADES TWO,0.2402,0.0392,0.7206
SPADES ACE SPADES KING,0.294,0.0046,0.7014
HEARTS KING SPADES TWO,0.2386,0.026,0.7354
SPADES TWO DIAMONDS SIX,0.6848,0.0734,0.2418
HEARTS TEN HEARTS EIGHT,0.1984,0.207,0.5946
SPADES NINE DIAMONDS SIX,0.55,0.0226,0.4274
HEARTS JACK HEARTS EIGHT,0.3174,0.02,0.6626
SPADES EIGHT DIAMONDS SIX,0.542,0.0272,0.4308
SPADES SEVEN DIAMONDS SIX,0.5334,0.0306,0.436
SPADES SIX DIAMONDS SIX,0.2978,0.0576,0.6446
SPADES KING HEARTS KING,0.1378,0.0092,0.853
SPADES QUEEN HEARTS KING,0.317,0.0064,0.6766
CLUBS ACE CLUBS KING,0.3148,0.0054,0.6798
SPADES ACE HEARTS KING,0.323,0.0052,0.6718
SPADES ACE HEARTS JACK,0.3182,0.0036,0.6782
SPADES QUEEN HEARTS JACK,0.298,0.0098,0.6922
SPADES KING HEARTS JACK,0.3106,0.008,0.6814
SPADES JACK HEARTS JACK,0.1396,0.0184,0.842
SPADES TEN HEARTS JACK,0.2252,0.0568,0.718
SPADES NINE DIAMONDS SEVEN,0.5408,0.0242,0.435
SPADES EIGHT DIAMONDS SEVEN,0.5208,0.0288,0.4504
SPADES SEVEN DIAMONDS SEVEN,0.2834,0.053,0.6636
SPADES SIX DIAMONDS SEVEN,0.5454,0.0306,0.424
DIAMONDS KING DIAMONDS SEVEN,0.3522,0.0086,0.6392
HEARTS THREE DIAMONDS SEVEN,0.579,0.0314,0.3896
HEARTS KING DIAMONDS FIVE,0.3604,0.009,0.6306
DIAMONDS QUEEN DIAMONDS SEVEN,0.3346,0.0116,0.6538
HEARTS TWO DIAMONDS SEVEN,0.6946,0.08,0.2254
HEARTS QUEEN DIAMONDS FIVE,0.3546,0.011,0.6344
HEARTS FIVE DIAMONDS SEVEN,0.5426,0.0288,0.4286
DIAMONDS ACE DIAMONDS SEVEN,0.3302,0.0054,0.6644
HEARTS FOUR DIAMONDS SEVEN,0.5626,0.031,0.4064
HEARTS ACE DIAMONDS FIVE,0.3584,0.0044,0.6372
HEARTS SEVEN DIAMONDS SEVEN,0.2908,0.0522,0.657
HEARTS SIX DIAMONDS SEVEN,0.5294,0.03,0.4406
DIAMONDS SEVEN HEARTS NINE,0.5466,0.0246,0.4288
HEARTS EIGHT DIAMONDS SEVEN,0.537,0.0282,0.4348
DIAMONDS JACK DIAMONDS SEVEN,0.3318,0.0206,0.6476
DIAMONDS FIVE HEARTS JACK,0.3604,0.0182,0.6214
HEARTS TEN DIAMONDS FIVE,0.2182,0.4738,0.308
CLUBS EIGHT DIAMONDS SEVEN,0.5276,0.0288,0.4436
HEARTS KING CLUBS KING,0.118,0.0116,0.8704
HEARTS KING CLUBS QUEEN,0.3048,0.0046,0.6906
CLUBS NINE DIAMONDS SEVEN,0.5426,0.0294,0.428
CLUBS JACK SPADES TWO,0.232,0.0536,0.7144
CLUBS SIX CLUBS SEVEN,0.4986,0.0242,0.4772
CLUBS TEN SPADES TWO,0.0108,0.9736,0.0156
HEARTS KING CLUBS ACE,0.319,0.0044,0.6766
SPADES TWO CLUBS KING,0.2218,0.0302,0.748
SPADES TWO DIAMONDS SEVEN,0.7002,0.0704,0.2294
CLUBS EIGHT CLUBS SIX,0.5234,0.0226,0.454
SPADES THREE DIAMONDS SEVEN,0.5668,0.0302,0.403
SPADES TWO CLUBS QUEEN,0.228,0.0404,0.7316
CLUBS NINE CLUBS SIX,0.5222,0.0274,0.4504
SPADES FOUR DIAMONDS SEVEN,0.5624,0.0274,0.4102
CLUBS JACK HEARTS KING,0.2886,0.0058,0.7056
SPADES FIVE DIAMONDS SEVEN,0.5492,0.0302,0.4206
SPADES TWO CLUBS ACE,0.2264,0.017,0.7566
CLUBS TEN HEARTS KING,0.2176,0.0364,0.746
CLUBS SIX SPADES TWO,0.6802,0.0702,0.2496
CLUBS SIX SPADES THREE,0.5656,0.0324,0.402
CLUBS SIX SPADES FOUR,0.5506,0.0294,0.42
CLUBS THREE DIAMONDS SEVEN,0.5778,0.0298,0.3924
CLUBS SIX SPADES FIVE,0.552,0.0256,0.4224
CLUBS FOUR DIAMONDS SEVEN,0.5512,0.0274,0.4214
CLUBS SIX SPADES SIX,0.2896,0.0598,0.6506
CLUBS FIVE DIAMONDS SEVEN,0.5548,0.0264,0.4188
CLUBS SIX SPADES SEVEN,0.5376,0.0276,0.4348
CLUBS SIX DIAMONDS SEVEN,0.5272,0.0276,0.4452
CLUBS SIX SPADES EIGHT,0.5442,0.0266,0.4292
CLUBS SEVEN DIAMONDS SEVEN,0.2648,0.0522,0.683
CLUBS SIX SPADES NINE,0.5538,0.0282,0.418
CLUBS THREE DIAMONDS EIGHT,0.5716,0.0272,0.4012
HEARTS SEVEN DIAMONDS EIGHT,0.5412,0.026,0.4328
HEARTS SIX DIAMONDS EIGHT,0.5494,0.0264,0.4242
DIAMONDS EIGHT HEARTS NINE,0.5318,0.0238,0.4444
DIAMONDS EIGHT HEARTS EIGHT,0.2762,0.05,0.6738
CLUBS NINE DIAMONDS EIGHT,0.53,0.0282,0.4418
CLUBS EIGHT DIAMONDS EIGHT,0.2814,0.049,0.6696
CLUBS FIVE DIAMONDS EIGHT,0.5716,0.0288,0.3996
SPADES ACE SPADES THREE,0.3226,0.0052,0.6722
CLUBS FOUR DIAMONDS EIGHT,0.5706,0.0302,0.3992
CLUBS SEVEN DIAMONDS EIGHT,0.5254,0.0298,0.4448
SPADES QUEEN SPADES THREE,0.3322,0.0134,0.6544
CLUBS SIX DIAMONDS EIGHT,0.5522,0.0284,0.4194
SPADES KING SPADES THREE,0.3448,0.008,0.6472
DIAMONDS EIGHT DIAMONDS QUEEN,0.3342,0.0132,0.6526
HEARTS TWO DIAMONDS EIGHT,0.6964,0.0766,0.227
DIAMONDS KING DIAMONDS EIGHT,0.3402,0.009,0.6508
HEARTS THREE DIAMONDS EIGHT,0.5782,0.0288,0.393
DIAMONDS ACE DIAMONDS EIGHT,0.3342,0.0052,0.6606
HEARTS FOUR DIAMONDS EIGHT,0.567,0.031,0.402
HEARTS FIVE DIAMONDS EIGHT,0.5602,0.026,0.4138
DIAMONDS EIGHT DIAMONDS JACK,0.318,0.0158,0.6662
SPADES JACK SPADES THREE,0.32,0.0198,0.6602
SPADES TEN SPADES THREE,0.208,0.4884,0.3036
CLUBS FOUR HEARTS ACE,0.3344,0.0038,0.6618
CLUBS FOUR HEARTS QUEEN,0.3636,0.0126,0.6238
CLUBS FOUR HEARTS KING,0.3536,0.0084,0.638
CLUBS SIX HEARTS TEN,0.2156,0.378,0.4064
CLUBS SIX HEARTS JACK,0.3596,0.0174,0.623
DIAMONDS EIGHT SPADES FOUR,0.5708,0.0268,0.4024
SPADES FIVE DIAMONDS EIGHT,0.5592,0.0274,0.4134
DIAMONDS EIGHT SPADES TWO,0.7032,0.07,0.2268
DIAMONDS EIGHT SPADES THREE,0.5884,0.027,0.3846
CLUBS FOUR HEARTS JACK,0.367,0.018,0.615
SPADES EIGHT DIAMONDS EIGHT,0.272,0.0486,0.6794
SPADES TEN DIAMONDS QUEEN,0.2182,0.0538,0.728
SPADES TEN HEARTS TWO,0.0178,0.959,0.0232
SPADES JACK HEARTS EIGHT,0.349,0.0128,0.6382
CLUBS FOUR HEARTS TEN,0.2122,0.5336,0.2542
SPADES NINE DIAMONDS EIGHT,0.526,0.0246,0.4494
SPADES TEN HEARTS EIGHT,0.2296,0.2212,0.5492
SPADES JACK HEARTS TWO,0.2382,0.0554,0.7064
SPADES JACK DIAMONDS QUEEN,0.28,0.0116,0.7084
SPADES SIX DIAMONDS EIGHT,0.5566,0.026,0.4174
SPADES SEVEN DIAMONDS EIGHT,0.5328,0.0256,0.4416
SPADES ACE HEARTS TWO,0.2374,0.0138,0.7488
SPADES ACE DIAMONDS QUEEN,0.3198,0.0064,0.6738
SPADES ACE HEARTS EIGHT,0.3532,0.0028,0.644
SPADES KING HEARTS EIGHT,0.3652,0.0064,0.6284
SPADES QUEEN HEARTS TWO,0.2428,0.0374,0.7198
SPADES QUEEN DIAMONDS QUEEN,0.1302,0.0168,0.853
SPADES KING DIAMONDS QUEEN,0.3098,0.007,0.6832
SPADES KING HEARTS TWO,0.2384,0.0226,0.739
SPADES QUEEN HEARTS EIGHT,0.3556,0.0098,0.6346
SPADES SEVEN DIAMONDS NINE,0.5472,0.0272,0.4256
SPADES SIX DIAMONDS NINE,0.5698,0.0254,0.4048
SPADES NINE DIAMONDS NINE,0.263,0.0368,0.7002
SPADES EIGHT DIAMONDS NINE,0.5262,0.0282,0.4456
SPADES TEN CLUBS KING,0.207,0.0396,0.7534
DIAMONDS NINE SPADES THREE,0.5888,0.029,0.3822
SPADES JACK CLUBS KING,0.2998,0.0062,0.694
DIAMONDS NINE SPADES TWO,0.6864,0.0816,0.232
DIAMONDS NINE SPADES FIVE,0.5778,0.027,0.3952
DIAMONDS NINE SPADES FOUR,0.5814,0.0262,0.3924
CLUBS NINE DIAMONDS NINE,0.2716,0.0388,0.6896
CLUBS EIGHT DIAMONDS NINE,0.5364,0.024,0.4396
CLUBS SIX DIAMONDS NINE,0.5546,0.0246,0.4208
SPADES JACK CLUBS FOUR,0.3502,0.0172,0.6326
CLUBS SEVEN DIAMONDS NINE,0.5474,0.025,0.4276
SPADES TEN CLUBS FOUR,0.2,0.5158,0.2842
CLUBS FOUR DIAMONDS NINE,0.5842,0.0284,0.3874
CLUBS FIVE DIAMONDS NINE,0.5776,0.0294,0.393
DIAMONDS NINE CLUBS THREE,0.584,0.0348,0.3812
DIAMONDS NINE HEARTS EIGHT,0.5286,0.0242,0.4472
DIAMONDS NINE HEARTS NINE,0.26,0.0362,0.7038
HEARTS SIX DIAMONDS NINE,0.5588,0.0268,0.4144
HEARTS SEVEN DIAMONDS NINE,0.5406,0.0282,0.4312
CLUBS EIGHT CLUBS NINE,0.5016,0.0206,0.4778
DIAMONDS ACE DIAMONDS NINE,0.3388,0.0046,0.6566
HEARTS FOUR DIAMONDS NINE,0.5946,0.0272,0.3782
HEARTS FIVE DIAMONDS NINE,0.5812,0.0264,0.3924
SPADES ACE CLUBS FOUR,0.3488,0.0056,0.6456
DIAMONDS NINE DIAMONDS QUEEN,0.3132,0.0116,0.6752
HEARTS TWO DIAMONDS NINE,0.6914,0.0746,0.234
SPADES KING CLUBS FOUR,0.3506,0.0086,0.6408
DIAMONDS KING DIAMONDS NINE,0.3338,0.009,0.6572
HEARTS THREE DIAMONDS NINE,0.5916,0.0322,0.3762
SPADES QUEEN CLUBS FOUR,0.3522,0.0126,0.6352
DIAMONDS NINE DIAMONDS JACK,0.317,0.013,0.67
CLUBS EIGHT SPADES NINE,0.5258,0.028,0.4462
CLUBS EIGHT SPADES EIGHT,0.2748,0.0446,0.6806
CLUBS EIGHT SPADES SEVEN,0.5196,0.0294,0.451
CLUBS EIGHT SPADES SIX,0.5436,0.0268,0.4296
CLUBS EIGHT SPADES FIVE,0.5566,0.0302,0.4132
CLUBS EIGHT SPADES FOUR,0.5596,0.034,0.4064
CLUBS EIGHT SPADES THREE,0.5866,0.0278,0.3856
CLUBS EIGHT SPADES TWO,0.6766,0.0748,0.2486
CLUBS JACK CLUBS FOUR,0.3522,0.0178,0.63
CLUBS TEN CLUBS FOUR,0.2158,0.4866,0.2976
CLUBS FOUR CLUBS KING,0.3356,0.0068,0.6576
CLUBS FOUR CLUBS QUEEN,0.3422,0.0104,0.6474
CLUBS FOUR CLUBS ACE,0.3286,0.006,0.6654
CLUBS EIGHT HEARTS JACK,0.3198,0.0184,0.6618
CLUBS EIGHT HEARTS TEN,0.2136,0.2272,0.5592
CLUBS EIGHT HEARTS QUEEN,0.3452,0.0108,0.644
CLUBS EIGHT HEARTS KING,0.3462,0.0086,0.6452
CLUBS EIGHT HEARTS ACE,0.3488,0.0036,0.6476
CLUBS NINE SPADES THREE,0.5866,0.029,0.3844
CLUBS NINE SPADES TWO,0.684,0.0694,0.2466
CLUBS NINE SPADES FIVE,0.5728,0.025,0.4022
CLUBS NINE SPADES FOUR,0.5838,0.0284,0.3878
CLUBS NINE SPADES SEVEN,0.5418,0.029,0.4292
CLUBS NINE SPADES SIX,0.5568,0.0282,0.415
CLUBS NINE SPADES NINE,0.2622,0.0398,0.698
CLUBS TEN HEARTS EIGHT,0.2152,0.2318,0.553
CLUBS NINE SPADES EIGHT,0.5354,0.0244,0.4402
CLUBS JACK HEARTS EIGHT,0.3358,0.0202,0.644
HEARTS EIGHT CLUBS QUEEN,0.3418,0.01,0.6482
CLUBS KING HEARTS EIGHT,0.3482,0.0064,0.6454
CLUBS ACE HEARTS EIGHT,0.3618,0.0036,0.6346
SPADES KING CLUBS KING,0.128,0.0114,0.8606
SPADES QUEEN CLUBS KING,0.3118,0.0088,0.6794
SPADES ACE CLUBS KING,0.3208,0.0058,0.6734
DIAMONDS ACE HEARTS TEN,0.2186,0.0246,0.7568
HEARTS FOUR HEARTS TEN,0.2128,0.4742,0.313
DIAMONDS ACE HEARTS JACK,0.3032,0.006,0.6908
HEARTS FOUR HEARTS JACK,0.3336,0.0212,0.6452
SPADES KING CLUBS FIVE,0.3632,0.0082,0.6286
SPADES QUEEN CLUBS FIVE,0.3594,0.01,0.6306
SPADES ACE CLUBS FIVE,0.3442,0.0058,0.65
HEARTS SEVEN DIAMONDS JACK,0.3482,0.0182,0.6336
HEARTS SIX DIAMONDS JACK,0.3458,0.018,0.6362
DIAMONDS JACK HEARTS NINE,0.3262,0.018,0.6558
DIAMONDS JACK HEARTS EIGHT,0.3432,0.016,0.6408
DIAMONDS KING DIAMONDS JACK,0.2854,0.0074,0.7072
HEARTS THREE DIAMONDS JACK,0.3556,0.0196,0.6248
SPADES ACE SPADES SIX,0.3378,0.006,0.6562
HEARTS ACE SPADES FOUR,0.3478,0.0048,0.6474
DIAMONDS QUEEN DIAMONDS JACK,0.2798,0.0116,0.7086
HEARTS TWO DIAMONDS JACK,0.2332,0.0538,0.713
HEARTS FIVE DIAMONDS JACK,0.3468,0.0196,0.6336
SPADES QUEEN SPADES SIX,0.341,0.0122,0.6468
SPADES FOUR HEARTS QUEEN,0.3702,0.0118,0.618
DIAMONDS ACE DIAMONDS JACK,0.2944,0.005,0.7006
HEARTS FOUR DIAMONDS JACK,0.3494,0.0178,0.6328
SPADES KING SPADES SIX,0.346,0.0062,0.6478
SPADES FOUR HEARTS KING,0.3532,0.0072,0.6396
SPADES TEN SPADES SIX,0.2158,0.35,0.4342
SPADES JACK SPADES SIX,0.3364,0.0178,0.6458
SPADES FOUR DIAMONDS JACK,0.3448,0.0206,0.6346
SPADES FIVE DIAMONDS JACK,0.3504,0.022,0.6276
DIAMONDS JACK SPADES TWO,0.2256,0.0544,0.72
SPADES THREE DIAMONDS JACK,0.3658,0.0234,0.6108
SPADES ACE DIAMONDS THREE,0.3554,0.006,0.6386
CLUBS EIGHT DIAMONDS JACK,0.3296,0.0172,0.6532
SPADES QUEEN DIAMONDS THREE,0.3632,0.0112,0.6256
SPADES KING DIAMONDS THREE,0.3724,0.0094,0.6182
CLUBS NINE DIAMONDS JACK,0.3262,0.0176,0.6562
CLUBS SIX DIAMONDS JACK,0.3424,0.0182,0.6394
CLUBS SEVEN DIAMONDS JACK,0.335,0.0186,0.6464
CLUBS FOUR DIAMONDS JACK,0.3416,0.0202,0.6382
CLUBS FIVE DIAMONDS JACK,0.3474,0.0172,0.6354
CLUBS THREE DIAMONDS JACK,0.35,0.0204,0.6296
SPADES TEN CLUBS FIVE,0.2132,0.4594,0.3274
SPADES JACK HEARTS SIX,0.3552,0.0162,0.6286
HEARTS SIX SPADES TEN,0.2242,0.376,0.3998
SPADES JACK CLUBS FIVE,0.349,0.0202,0.6308
SPADES JACK DIAMONDS THREE,0.3568,0.0224,0.6208
CLUBS SEVEN CLUBS ACE,0.3298,0.0042,0.666
DIAMONDS THREE SPADES TEN,0.2272,0.5246,0.2482
CLUBS SEVEN CLUBS QUEEN,0.337,0.0112,0.6518
CLUBS SEVEN CLUBS KING,0.341,0.0074,0.6516
SPADES NINE DIAMONDS JACK,0.336,0.0156,0.6484
CLUBS TEN CLUBS SEVEN,0.2028,0.2862,0.511
DIAMONDS ACE HEARTS ACE,0.123,0.0038,0.8732
HEARTS FOUR HEARTS ACE,0.328,0.0062,0.6658
SPADES EIGHT DIAMONDS JACK,0.3288,0.0168,0.6544
SPADES ACE HEARTS SIX,0.3692,0.0052,0.6256
CLUBS JACK CLUBS SEVEN,0.3338,0.0196,0.6466
DIAMONDS ACE HEARTS KING,0.3106,0.0046,0.6848
HEARTS FOUR HEARTS KING,0.3358,0.007,0.6572
SPADES SEVEN DIAMONDS JACK,0.3432,0.0146,0.6422
SPADES KING HEARTS SIX,0.362,0.0074,0.6306
DIAMONDS ACE HEARTS QUEEN,0.299,0.0056,0.6954
HEARTS FOUR HEARTS QUEEN,0.3326,0.0126,0.6548
SPADES QUEEN HEARTS SIX,0.376,0.012,0.612
SPADES SIX DIAMONDS JACK,0.3482,0.0198,0.632
CLUBS JACK DIAMONDS THREE,0.3634,0.0182,0.6184
CLUBS TEN DIAMONDS THREE,0.21,0.5364,0.2536
DIAMONDS THREE CLUBS KING,0.359,0.0088,0.6322
DIAMONDS THREE CLUBS QUEEN,0.36,0.0162,0.6238
DIAMONDS THREE CLUBS ACE,0.339,0.0062,0.6548
SPADES FOUR HEARTS JACK,0.3614,0.0178,0.6208
SPADES FOUR HEARTS TEN,0.229,0.5004,0.2706
SPADES FIVE SPADES TWO,0.6116,0.0672,0.3212
SPADES FOUR SPADES TWO,0.6094,0.0736,0.317
SPADES THREE SPADES TWO,0.6262,0.0702,0.3036
SPADES NINE SPADES TWO,0.6482,0.0672,0.2846
SPADES EIGHT SPADES TWO,0.642,0.0758,0.2822
SPADES SEVEN SPADES TWO,0.6534,0.0646,0.282
SPADES SIX SPADES TWO,0.6268,0.0702,0.303
CLUBS THREE DIAMONDS QUEEN,0.3542,0.013,0.6328
HEARTS TWO CLUBS THREE,0.6542,0.0814,0.2644
HEARTS SEVEN DIAMONDS QUEEN,0.354,0.012,0.634
HEARTS SEVEN HEARTS TWO,0.6494,0.0628,0.2878
HEARTS SIX DIAMONDS QUEEN,0.357,0.0104,0.6326
HEARTS SIX HEARTS TWO,0.6416,0.0722,0.2862
DIAMONDS QUEEN HEARTS NINE,0.3384,0.0126,0.649
HEARTS TWO HEARTS NINE,0.6354,0.076,0.2886
DIAMONDS QUEEN HEARTS EIGHT,0.3382,0.0126,0.6492
HEARTS TWO HEARTS EIGHT,0.6546,0.0674,0.278
CLUBS NINE HEARTS TWO,0.6982,0.0762,0.2256
CLUBS NINE DIAMONDS QUEEN,0.3268,0.0114,0.6618
CLUBS EIGHT DIAMONDS QUEEN,0.3382,0.0118,0.65
CLUBS EIGHT HEARTS TWO,0.6906,0.0742,0.2352
CLUBS FIVE DIAMONDS QUEEN,0.3486,0.0134,0.638
CLUBS FIVE HEARTS TWO,0.66,0.0732,0.2668
SPADES EIGHT HEARTS ACE,0.3578,0.0022,0.64
CLUBS FOUR DIAMONDS QUEEN,0.3556,0.0108,0.6336
CLUBS FOUR HEARTS TWO,0.6482,0.0762,0.2756
CLUBS SEVEN DIAMONDS QUEEN,0.3452,0.0124,0.6424
CLUBS SEVEN HEARTS TWO,0.681,0.0712,0.2478
SPADES EIGHT HEARTS QUEEN,0.3542,0.0108,0.635
CLUBS SIX DIAMONDS QUEEN,0.3532,0.0098,0.637
CLUBS SIX HEARTS TWO,0.6758,0.0724,0.2518
SPADES EIGHT HEARTS KING,0.3636,0.0062,0.6302
HEARTS TWO SPADES SIX,0.675,0.0708,0.2542
SPADES SIX DIAMONDS QUEEN,0.3448,0.0136,0.6416
HEARTS FOUR CLUBS QUEEN,0.3444,0.0118,0.6438
DIAMONDS ACE CLUBS QUEEN,0.3046,0.005,0.6904
SPADES SEVEN DIAMONDS QUEEN,0.3408,0.0108,0.6484
SPADES SEVEN HEARTS TWO,0.6816,0.0662,0.2522
HEARTS FOUR CLUBS KING,0.3572,0.006,0.6368
DIAMONDS ACE CLUBS KING,0.3128,0.0068,0.6804
SPADES EIGHT DIAMONDS QUEEN,0.3508,0.011,0.6382
SPADES EIGHT HEARTS TWO,0.691,0.0792,0.2298
HEARTS FOUR CLUBS ACE,0.341,0.0042,0.6548
DIAMONDS ACE CLUBS ACE,0.108,0.0056,0.8864
SPADES NINE DIAMONDS QUEEN,0.3396,0.0114,0.649
SPADES NINE HEARTS TWO,0.6796,0.0774,0.243
HEARTS TWO SPADES TWO,0.276,0.048,0.676
DIAMONDS QUEEN SPADES TWO,0.2332,0.0394,0.7274
HEARTS TWO SPADES THREE,0.6662,0.0712,0.2626
DIAMONDS QUEEN SPADES THREE,0.3592,0.0122,0.6286
HEARTS TWO SPADES FOUR,0.6678,0.0692,0.263
SPADES FOUR DIAMONDS QUEEN,0.3658,0.0106,0.6236
CLUBS TEN HEARTS FOUR,0.2186,0.5102,0.2712
CLUBS TEN DIAMONDS ACE,0.2058,0.0282,0.766
HEARTS TWO SPADES FIVE,0.6582,0.0752,0.2666
SPADES FIVE DIAMONDS QUEEN,0.353,0.0102,0.6368
CLUBS JACK HEARTS FOUR,0.3456,0.0198,0.6346
CLUBS JACK DIAMONDS ACE,0.31,0.0058,0.6842
CLUBS FIVE CLUBS KING,0.3408,0.0092,0.65
CLUBS FIVE CLUBS QUEEN,0.3318,0.0138,0.6544
CLUBS FIVE CLUBS ACE,0.3334,0.0058,0.6608
CLUBS JACK CLUBS FIVE,0.3332,0.0222,0.6446
CLUBS TEN CLUBS FIVE,0.2046,0.443,0.3524
SPADES KING CLUBS JACK,0.299,0.0068,0.6942
CLUBS JACK SPADES QUEEN,0.285,0.0108,0.7042
SPADES ACE CLUBS JACK,0.3192,0.0036,0.6772
SPADES SIX CLUBS KING,0.349,0.007,0.644
SPADES SIX CLUBS QUEEN,0.349,0.0108,0.6402
SPADES EIGHT HEARTS JACK,0.3364,0.0174,0.6462
SPADES SIX CLUBS ACE,0.362,0.0022,0.6358
SPADES EIGHT HEARTS TEN,0.2254,0.225,0.5496
CLUBS JACK SPADES SIX,0.3588,0.0202,0.621
CLUBS TEN SPADES SIX,0.2118,0.3822,0.406
CLUBS JACK SPADES TEN,0.2112,0.0592,0.7296
CLUBS JACK SPADES JACK,0.1286,0.0222,0.8492
SPADES QUEEN CLUBS SEVEN,0.3624,0.0112,0.6264
SPADES KING CLUBS SEVEN,0.352,0.0056,0.6424
SPADES ACE CLUBS SEVEN,0.348,0.0058,0.6462
SPADES SIX HEARTS TEN,0.2198,0.3578,0.4224
SPADES SIX HEARTS JACK,0.3628,0.0154,0.6218
SPADES SIX HEARTS ACE,0.354,0.0028,0.6432
SPADES SIX HEARTS KING,0.3604,0.0092,0.6304
SPADES SIX HEARTS QUEEN,0.3504,0.0114,0.6382
SPADES JACK CLUBS SEVEN,0.347,0.016,0.637
SPADES TEN CLUBS SEVEN,0.222,0.286,0.492
CLUBS TEN HEARTS SIX,0.2282,0.3732,0.3986
CLUBS JACK HEARTS SIX,0.3706,0.0178,0.6116
CLUBS JACK CLUBS ACE,0.294,0.0046,0.7014
HEARTS SIX CLUBS QUEEN,0.3378,0.0122,0.65
HEARTS SIX CLUBS KING,0.3568,0.011,0.6322
HEARTS SIX CLUBS ACE,0.3518,0.0034,0.6448
CLUBS JACK CLUBS QUEEN,0.289,0.012,0.699
CLUBS JACK CLUBS KING,0.2938,0.0086,0.6976
DIAMONDS THREE HEARTS ACE,0.3488,0.0054,0.6458
DIAMONDS THREE HEARTS QUEEN,0.3598,0.016,0.6242
DIAMONDS THREE HEARTS KING,0.3656,0.0078,0.6266
CLUBS FIVE HEARTS JACK,0.348,0.0188,0.6332
SPADES TEN DIAMONDS ACE,0.2054,0.0268,0.7678
HEARTS FOUR SPADES TEN,0.2172,0.5182,0.2646
CLUBS FIVE HEARTS TEN,0.2144,0.4676,0.318
HEARTS FOUR SPADES JACK,0.3522,0.0168,0.631
SPADES JACK DIAMONDS ACE,0.297,0.0044,0.6986
SPADES ACE HEARTS FOUR,0.3436,0.0042,0.6522
SPADES ACE DIAMONDS ACE,0.1124,0.004,0.8836
CLUBS FIVE HEARTS ACE,0.3542,0.005,0.6408
CLUBS FIVE HEARTS KING,0.3704,0.0072,0.6224
HEARTS FOUR SPADES QUEEN,0.3594,0.0128,0.6278
SPADES QUEEN DIAMONDS ACE,0.3102,0.0046,0.6852
CLUBS JACK SPADES FOUR,0.3506,0.018,0.6314
CLUBS FIVE HEARTS QUEEN,0.352,0.0098,0.6382
SPADES KING DIAMONDS ACE,0.3124,0.0064,0.6812
SPADES KING HEARTS FOUR,0.3642,0.006,0.6298
CLUBS TEN SPADES FOUR,0.218,0.5138,0.2682
DIAMONDS ACE DIAMONDS QUEEN,0.2884,0.007,0.7046
DIAMONDS ACE HEARTS TWO,0.2326,0.019,0.7484
HEARTS FOUR DIAMONDS QUEEN,0.3518,0.0124,0.6358
HEARTS FOUR HEARTS TWO,0.6084,0.0696,0.322
DIAMONDS THREE HEARTS TEN,0.2324,0.5112,0.2564
SPADES FOUR CLUBS KING,0.3554,0.0104,0.6342
HEARTS FIVE DIAMONDS QUEEN,0.3632,0.014,0.6228
HEARTS FIVE HEARTS TWO,0.6096,0.0696,0.3208
DIAMONDS THREE HEARTS JACK,0.3498,0.0208,0.6294
SPADES FOUR CLUBS QUEEN,0.3472,0.0136,0.6392
HEARTS TWO DIAMONDS QUEEN,0.2452,0.0374,0.7174
DIAMONDS KING DIAMONDS QUEEN,0.2862,0.0076,0.7062
DIAMONDS KING HEARTS TWO,0.2452,0.0276,0.7272
HEARTS THREE DIAMONDS QUEEN,0.3502,0.0138,0.636
HEARTS THREE HEARTS TWO,0.6192,0.0738,0.307
SPADES FOUR CLUBS ACE,0.3512,0.0058,0.643
HEARTS TWO CLUBS ACE,0.2312,0.0172,0.7516
DIAMONDS QUEEN CLUBS ACE,0.3126,0.0058,0.6816
HEARTS TWO CLUBS QUEEN,0.2318,0.0424,0.7258
DIAMONDS QUEEN CLUBS QUEEN,0.1186,0.0164,0.865
HEARTS TWO CLUBS KING,0.2342,0.0246,0.7412
DIAMONDS QUEEN CLUBS KING,0.2936,0.0088,0.6976
SPADES EIGHT SPADES FIVE,0.52,0.0282,0.4518
CLUBS TEN HEARTS TWO,0.0088,0.9712,0.02
CLUBS TEN DIAMONDS QUEEN,0.2016,0.047,0.7514
SPADES NINE SPADES FIVE,0.5398,0.0302,0.43
CLUBS JACK HEARTS TWO,0.2264,0.0552,0.7184
CLUBS JACK DIAMONDS QUEEN,0.2802,0.0116,0.7082
SPADES SIX SPADES FIVE,0.5082,0.027,0.4648
SPADES SEVEN SPADES FIVE,0.5074,0.0272,0.4654
DIAMONDS FIVE CLUBS QUEEN,0.3476,0.0116,0.6408
SPADES EIGHT CLUBS ACE,0.3488,0.0046,0.6466
DIAMONDS FIVE CLUBS KING,0.3616,0.0106,0.6278
SPADES EIGHT CLUBS KING,0.3504,0.006,0.6436
DIAMONDS FIVE CLUBS ACE,0.3524,0.0056,0.642
SPADES EIGHT CLUBS QUEEN,0.3358,0.01,0.6542
CLUBS JACK SPADES EIGHT,0.3214,0.0154,0.6632
CLUBS TEN SPADES EIGHT,0.2138,0.2238,0.5624
CLUBS TEN DIAMONDS FIVE,0.215,0.4738,0.3112
CLUBS JACK DIAMONDS FIVE,0.3576,0.0198,0.6226
SPADES ACE CLUBS NINE,0.3408,0.0052,0.654
SPADES QUEEN CLUBS NINE,0.323,0.0104,0.6666
SPADES KING CLUBS NINE,0.3376,0.0082,0.6542
HEARTS SIX HEARTS KING,0.3344,0.0076,0.658
DIAMONDS KING SPADES SEVEN,0.3486,0.007,0.6444
HEARTS THREE SPADES SEVEN,0.5718,0.028,0.4002
SPADES KING DIAMONDS SEVEN,0.3674,0.0068,0.6258
HEARTS SIX HEARTS QUEEN,0.3354,0.0136,0.651
SPADES QUEEN DIAMONDS SEVEN,0.3718,0.01,0.6182
HEARTS THREE SPADES SIX,0.5674,0.0304,0.4022
DIAMONDS KING SPADES SIX,0.3672,0.0068,0.626
SPADES NINE DIAMONDS KING,0.3406,0.0068,0.6526
SPADES NINE HEARTS THREE,0.5792,0.0288,0.392
HEARTS SIX HEARTS ACE,0.3398,0.0054,0.6548
DIAMONDS KING SPADES EIGHT,0.365,0.0094,0.6256
SPADES EIGHT HEARTS THREE,0.5826,0.0324,0.385
SPADES ACE DIAMONDS SEVEN,0.3588,0.0038,0.6374
CLUBS NINE HEARTS THREE,0.579,0.0334,0.3876
CLUBS NINE DIAMONDS KING,0.3318,0.0102,0.658
CLUBS EIGHT DIAMONDS KING,0.3458,0.0082,0.646
CLUBS EIGHT HEARTS THREE,0.5798,0.0298,0.3904
HEARTS THREE SPADES THREE,0.3016,0.0762,0.6222
DIAMONDS KING SPADES THREE,0.3542,0.0066,0.6392
HEARTS THREE SPADES TWO,0.6662,0.0714,0.2624
DIAMONDS KING SPADES TWO,0.2238,0.0262,0.75
HEARTS THREE SPADES FIVE,0.5492,0.029,0.4218
DIAMONDS KING SPADES FIVE,0.3532,0.0096,0.6372
HEARTS THREE SPADES FOUR,0.5718,0.0248,0.4034
DIAMONDS KING SPADES FOUR,0.3616,0.008,0.6304
DIAMONDS KING CLUBS THREE,0.341,0.0118,0.6472
