opposingHand,winningChance,drawChance,lostChance
CLUBS EIGHT CLUBS KING
HEARTS FIVE SPADES TEN,0.643,0.0056,0.3514
SPADES JACK HEARTS FIVE,0.649,0.0058,0.3452
SPADES FIVE CLUBS JACK,0.6504,0.0068,0.3428
CLUBS TEN SPADES FIVE,0.6502,0.007,0.3428
SPADES FIVE CLUBS ACE,0.4208,0.0044,0.5748
SPADES FIVE CLUBS QUEEN,0.6348,0.0064,0.3588
DIAMONDS TWO DIAMONDS THREE,0.6404,0.0082,0.3514
DIAMONDS TWO DIAMONDS FIVE,0.6272,0.0084,0.3644
SPADES KING HEARTS FIVE,0.5662,0.2078,0.226
DIAMONDS TWO DIAMONDS FOUR,0.6288,0.0094,0.3618
SPADES QUEEN HEARTS FIVE,0.6464,0.0078,0.3458
DIAMONDS TWO DIAMONDS SEVEN,0.6516,0.006,0.3424
DIAMONDS TWO DIAMONDS SIX,0.643,0.0086,0.3484
SPADES ACE HEARTS FIVE,0.4296,0.0066,0.5638
DIAMONDS TWO DIAMONDS NINE,0.6126,0.0068,0.3806
DIAMONDS TWO DIAMONDS EIGHT,0.7008,0.0354,0.2638
DIAMONDS THREE DIAMONDS FOUR,0.613,0.008,0.379
CLUBS TWO SPADES FOUR,0.6614,0.009,0.3296
DIAMONDS THREE DIAMONDS FIVE,0.6076,0.008,0.3844
CLUBS TWO SPADES FIVE,0.6502,0.0104,0.3394
CLUBS TWO SPADES TWO,0.4736,0.016,0.5104
CLUBS TWO SPADES THREE,0.6662,0.009,0.3248
DIAMONDS THREE DIAMONDS EIGHT,0.7136,0.0316,0.2548
SPADES EIGHT CLUBS TWO,0.7544,0.0396,0.206
DIAMONDS THREE DIAMONDS NINE,0.6206,0.0082,0.3712
SPADES NINE CLUBS TWO,0.6472,0.0082,0.3446
DIAMONDS THREE DIAMONDS SIX,0.6294,0.0062,0.3644
CLUBS TWO SPADES SIX,0.674,0.0082,0.3178
DIAMONDS THREE DIAMONDS SEVEN,0.6422,0.008,0.3498
CLUBS TWO SPADES SEVEN,0.6846,0.0086,0.3068
CLUBS SIX CLUBS TWO,0.6764,0.0094,0.3142
CLUBS SEVEN CLUBS TWO,0.7,0.0092,0.2908
CLUBS FOUR CLUBS TWO,0.6528,0.009,0.3382
CLUBS FIVE CLUBS TWO,0.6642,0.0086,0.3272
CLUBS TEN CLUBS JACK,0.575,0.0082,0.4168
DIAMONDS FOUR DIAMONDS SIX,0.6164,0.0072,0.3764
CLUBS TEN CLUBS QUEEN,0.5724,0.0064,0.4212
DIAMONDS FOUR DIAMONDS SEVEN,0.626,0.0058,0.3682
CLUBS TEN CLUBS ACE,0.3194,0.0056,0.675
DIAMONDS FIVE DIAMONDS FOUR,0.6022,0.008,0.3898
CLUBS NINE CLUBS TWO,0.6402,0.0094,0.3504
DIAMONDS NINE DIAMONDS FOUR,0.6166,0.007,0.3764
DIAMONDS EIGHT DIAMONDS FOUR,0.6864,0.0368,0.2768
CLUBS TWO CLUBS THREE,0.6748,0.0104,0.3148
DIAMONDS NINE DIAMONDS FIVE,0.61,0.0082,0.3818
DIAMONDS TWO CLUBS JACK,0.6462,0.0088,0.345
DIAMONDS EIGHT DIAMONDS FIVE,0.6854,0.0328,0.2818
CLUBS TEN DIAMONDS TWO,0.6336,0.0082,0.3582
DIAMONDS FIVE DIAMONDS SEVEN,0.6168,0.008,0.3752
DIAMONDS FIVE DIAMONDS SIX,0.6082,0.0076,0.3842
DIAMONDS TWO CLUBS ACE,0.4216,0.0058,0.5726
DIAMONDS TWO CLUBS QUEEN,0.658,0.0088,0.3332
DIAMONDS EIGHT DIAMONDS SIX,0.6738,0.0324,0.2938
DIAMONDS NINE DIAMONDS SIX,0.6014,0.006,0.3926
HEARTS ACE SPADES THREE,0.4436,0.0046,0.5518
HEARTS KING SPADES THREE,0.564,0.2204,0.2156
DIAMONDS SEVEN DIAMONDS SIX,0.616,0.0076,0.3764
SPADES THREE HEARTS QUEEN,0.6692,0.0064,0.3244
HEARTS JACK SPADES THREE,0.6466,0.0088,0.3446
SPADES THREE HEARTS TEN,0.657,0.0074,0.3356
DIAMONDS EIGHT DIAMONDS SEVEN,0.6632,0.0298,0.307
DIAMONDS NINE DIAMONDS SEVEN,0.5906,0.0052,0.4042
DIAMONDS NINE DIAMONDS EIGHT,0.6532,0.0312,0.3156
DIAMONDS KING HEARTS TEN,0.2802,0.1092,0.6106
HEARTS THREE HEARTS TEN,0.6192,0.0098,0.371
CLUBS SIX SPADES JACK,0.6406,0.0056,0.3538
DIAMONDS KING HEARTS JACK,0.275,0.0814,0.6436
HEARTS THREE HEARTS JACK,0.6126,0.0068,0.3806
CLUBS SIX SPADES TEN,0.6294,0.0072,0.3634
SPADES JACK SPADES FIVE,0.6148,0.0086,0.3766
SPADES TEN SPADES FIVE,0.6216,0.0064,0.372
DIAMONDS KING HEARTS ACE,0.2848,0.0112,0.704
HEARTS THREE HEARTS ACE,0.4076,0.0056,0.5868
SPADES ACE CLUBS SIX,0.428,0.0042,0.5678
DIAMONDS KING HEARTS QUEEN,0.2822,0.0618,0.656
HEARTS THREE HEARTS QUEEN,0.6046,0.0092,0.3862
SPADES KING CLUBS SIX,0.5616,0.214,0.2244
DIAMONDS KING HEARTS KING,0.1204,0.0152,0.8644
HEARTS THREE HEARTS KING,0.5138,0.2128,0.2734
SPADES QUEEN CLUBS SIX,0.6452,0.0074,0.3474
SPADES NINE HEARTS TEN,0.5898,0.007,0.4032
SPADES NINE HEARTS JACK,0.592,0.0056,0.4024
SPADES QUEEN SPADES FIVE,0.631,0.0098,0.3592
SPADES KING SPADES FIVE,0.5314,0.2078,0.2608
SPADES ACE SPADES FIVE,0.4086,0.0058,0.5856
SPADES NINE HEARTS QUEEN,0.6018,0.0034,0.3948
SPADES NINE HEARTS KING,0.275,0.1516,0.5734
SPADES NINE HEARTS ACE,0.4024,0.0046,0.593
CLUBS TEN SPADES JACK,0.5644,0.0058,0.4298
CLUBS TEN SPADES TEN,0.3296,0.0072,0.6632
SPADES ACE CLUBS TEN,0.3738,0.0048,0.6214
SPADES KING CLUBS TEN,0.2576,0.1152,0.6272
CLUBS TEN SPADES QUEEN,0.5732,0.0066,0.4202
SPADES FIVE HEARTS QUEEN,0.6392,0.0076,0.3532
HEARTS KING SPADES FIVE,0.567,0.2146,0.2184
SPADES FIVE HEARTS ACE,0.4132,0.0036,0.5832
HEARTS THREE SPADES JACK,0.6562,0.0054,0.3384
SPADES JACK DIAMONDS KING,0.2774,0.0824,0.6402
SPADES TEN DIAMONDS KING,0.2782,0.1192,0.6026
HEARTS THREE SPADES TEN,0.6402,0.009,0.3508
HEARTS FIVE CLUBS JACK,0.6408,0.0068,0.3524
CLUBS SIX HEARTS ACE,0.4268,0.0046,0.5686
CLUBS TEN HEARTS FIVE,0.6544,0.0074,0.3382
CLUBS TEN SPADES THREE,0.6542,0.0072,0.3386
CLUBS SIX HEARTS QUEEN,0.6522,0.0066,0.3412
SPADES THREE CLUBS JACK,0.6536,0.0072,0.3392
CLUBS SIX HEARTS KING,0.5608,0.2224,0.2168
DIAMONDS TWO HEARTS JACK,0.6618,0.008,0.3302
SPADES THREE CLUBS QUEEN,0.6548,0.0058,0.3394
DIAMONDS TWO HEARTS TEN,0.6654,0.0058,0.3288
HEARTS FIVE CLUBS ACE,0.4134,0.0048,0.5818
SPADES FIVE HEARTS TEN,0.6478,0.0074,0.3448
SPADES THREE CLUBS ACE,0.4132,0.005,0.5818
SPADES FIVE HEARTS JACK,0.6546,0.0072,0.3382
HEARTS FIVE CLUBS QUEEN,0.6462,0.0084,0.3454
HEARTS THREE CLUBS QUEEN,0.6386,0.0092,0.3522
DIAMONDS KING CLUBS QUEEN,0.269,0.0576,0.6734
HEARTS FIVE HEARTS JACK,0.6172,0.0068,0.376
HEARTS FIVE HEARTS TEN,0.6066,0.0074,0.386
HEARTS THREE CLUBS ACE,0.4146,0.005,0.5804
DIAMONDS KING CLUBS ACE,0.2432,0.0122,0.7446
SPADES ACE CLUBS QUEEN,0.3916,0.0058,0.6026
SPADES KING CLUBS QUEEN,0.2646,0.064,0.6714
HEARTS THREE CLUBS JACK,0.64,0.0076,0.3524
DIAMONDS KING CLUBS JACK,0.2622,0.0796,0.6582
SPADES QUEEN CLUBS QUEEN,0.3204,0.0038,0.6758
CLUBS TEN HEARTS THREE,0.6436,0.0068,0.3496
CLUBS TEN DIAMONDS KING,0.271,0.1104,0.6186
SPADES JACK CLUBS QUEEN,0.5804,0.0052,0.4144
CLUBS SIX CLUBS QUEEN,0.6254,0.0074,0.3672
SPADES TEN CLUBS QUEEN,0.581,0.0056,0.4134
CLUBS SIX CLUBS ACE,0.3798,0.0076,0.6126
HEARTS FIVE HEARTS KING,0.5264,0.2008,0.2728
HEARTS FIVE HEARTS QUEEN,0.606,0.0076,0.3864
CLUBS TEN CLUBS SIX,0.6378,0.0084,0.3538
HEARTS FIVE HEARTS ACE,0.414,0.0062,0.5798
CLUBS SIX CLUBS JACK,0.6478,0.0092,0.343
SPADES SEVEN HEARTS JACK,0.654,0.0054,0.3406
SPADES SEVEN HEARTS TEN,0.6396,0.0074,0.353
DIAMONDS TWO CLUBS TWO,0.482,0.013,0.505
DIAMONDS TWO CLUBS THREE,0.6688,0.0076,0.3236
HEARTS SIX DIAMONDS TWO,0.6864,0.007,0.3066
DIAMONDS TWO HEARTS QUEEN,0.6608,0.0092,0.33
DIAMONDS TWO HEARTS SEVEN,0.69,0.0064,0.3036
DIAMONDS TWO HEARTS KING,0.5632,0.2228,0.214
DIAMONDS TWO HEARTS EIGHT,0.7406,0.0422,0.2172
DIAMONDS TWO HEARTS ACE,0.4416,0.0042,0.5542
DIAMONDS TWO HEARTS NINE,0.6458,0.0072,0.347
DIAMONDS TWO DIAMONDS QUEEN,0.6124,0.009,0.3786
DIAMONDS TWO HEARTS TWO,0.4856,0.0132,0.5012
DIAMONDS TWO DIAMONDS KING,0.5354,0.21,0.2546
HEARTS THREE DIAMONDS TWO,0.6714,0.0108,0.3178
DIAMONDS TWO DIAMONDS ACE,0.4004,0.0062,0.5934
HEARTS FOUR DIAMONDS TWO,0.6566,0.0098,0.3336
DIAMONDS TWO HEARTS FIVE,0.6664,0.0086,0.325
SPADES SEVEN HEARTS ACE,0.4284,0.0044,0.5672
DIAMONDS TWO DIAMONDS TEN,0.6188,0.0068,0.3744
SPADES SEVEN HEARTS KING,0.5584,0.218,0.2236
DIAMONDS TWO DIAMONDS JACK,0.6274,0.0088,0.3638
SPADES SEVEN HEARTS QUEEN,0.661,0.0078,0.3312
DIAMONDS TWO SPADES NINE,0.6596,0.0088,0.3316
DIAMONDS TWO SPADES EIGHT,0.7562,0.0358,0.208
DIAMONDS TWO SPADES SEVEN,0.6924,0.0062,0.3014
DIAMONDS TWO SPADES SIX,0.6866,0.0066,0.3068
DIAMONDS TWO SPADES FIVE,0.6654,0.007,0.3276
DIAMONDS TWO SPADES FOUR,0.6636,0.008,0.3284
DIAMONDS TWO SPADES THREE,0.6674,0.0088,0.3238
DIAMONDS TWO SPADES TWO,0.4892,0.0132,0.4976
CLUBS NINE DIAMONDS TWO,0.6492,0.01,0.3408
DIAMONDS TWO CLUBS SEVEN,0.6912,0.009,0.2998
CLUBS SIX DIAMONDS TWO,0.689,0.009,0.302
DIAMONDS TWO CLUBS FIVE,0.6584,0.0082,0.3334
DIAMONDS TWO CLUBS FOUR,0.6548,0.0068,0.3384
CLUBS FOUR SPADES FIVE,0.6232,0.0086,0.3682
CLUBS FOUR SPADES FOUR,0.4718,0.0138,0.5144
CLUBS FOUR SPADES THREE,0.6486,0.0076,0.3438
CLUBS FOUR SPADES TWO,0.6564,0.0122,0.3314
CLUBS FOUR SPADES NINE,0.6464,0.0096,0.344
CLUBS FOUR SPADES EIGHT,0.7406,0.0356,0.2238
CLUBS FOUR SPADES SEVEN,0.656,0.0074,0.3366
CLUBS FOUR SPADES SIX,0.6524,0.0066,0.341
SPADES ACE DIAMONDS SIX,0.4352,0.0038,0.561
SPADES QUEEN DIAMONDS SIX,0.6424,0.0078,0.3498
SPADES KING DIAMONDS SIX,0.5618,0.226,0.2122
SPADES TEN DIAMONDS SIX,0.6422,0.0068,0.351
SPADES JACK DIAMONDS SIX,0.6428,0.0068,0.3504
SPADES QUEEN SPADES TWO,0.605,0.0072,0.3878
SPADES KING SPADES TWO,0.5342,0.2112,0.2546
SPADES ACE SPADES TWO,0.4202,0.0042,0.5756
DIAMONDS JACK CLUBS JACK,0.3266,0.0084,0.665
CLUBS TEN DIAMONDS JACK,0.5722,0.0078,0.42
DIAMONDS JACK CLUBS QUEEN,0.582,0.0078,0.4102
DIAMONDS THREE DIAMONDS JACK,0.6136,0.0066,0.3798
DIAMONDS THREE DIAMONDS TEN,0.6138,0.0088,0.3774
DIAMONDS JACK CLUBS ACE,0.3756,0.0022,0.6222
DIAMONDS THREE DIAMONDS KING,0.5318,0.21,0.2582
HEARTS THREE DIAMONDS THREE,0.487,0.013,0.5
DIAMONDS THREE DIAMONDS QUEEN,0.5942,0.0082,0.3976
DIAMONDS THREE HEARTS TWO,0.6666,0.0072,0.3262
HEARTS FIVE DIAMONDS THREE,0.649,0.0072,0.3438
DIAMONDS THREE DIAMONDS ACE,0.4056,0.0066,0.5878
HEARTS FOUR DIAMONDS THREE,0.6512,0.0088,0.34
DIAMONDS THREE HEARTS SEVEN,0.6756,0.0078,0.3166
SPADES TEN SPADES NINE,0.5538,0.0062,0.44
HEARTS SIX DIAMONDS THREE,0.6586,0.0094,0.332
SPADES JACK SPADES NINE,0.564,0.007,0.429
DIAMONDS THREE HEARTS NINE,0.6622,0.0074,0.3304
HEARTS JACK DIAMONDS FOUR,0.6402,0.0076,0.3522
HEARTS KING HEARTS ACE,0.262,0.013,0.725
SPADES TEN SPADES TWO,0.6118,0.0076,0.3806
DIAMONDS THREE HEARTS EIGHT,0.7454,0.0404,0.2142
HEARTS TEN DIAMONDS FOUR,0.6396,0.0068,0.3536
SPADES JACK SPADES TWO,0.6172,0.0056,0.3772
HEARTS QUEEN DIAMONDS FOUR,0.6552,0.0064,0.3384
HEARTS KING DIAMONDS FOUR,0.563,0.2156,0.2214
SPADES ACE SPADES NINE,0.3652,0.0038,0.631
HEARTS ACE DIAMONDS FOUR,0.4224,0.0052,0.5724
SPADES KING SPADES NINE,0.2762,0.1406,0.5832
SPADES QUEEN SPADES NINE,0.5686,0.0066,0.4248
DIAMONDS THREE SPADES NINE,0.6638,0.0068,0.3294
DIAMONDS THREE SPADES EIGHT,0.7494,0.0368,0.2138
DIAMONDS THREE SPADES SEVEN,0.6824,0.0054,0.3122
DIAMONDS THREE SPADES SIX,0.677,0.0076,0.3154
CLUBS SIX DIAMONDS THREE,0.6512,0.0072,0.3416
CLUBS ACE DIAMONDS FOUR,0.4102,0.0048,0.585
CLUBS SIX CLUBS FIVE,0.6154,0.009,0.3756
CLUBS SEVEN CLUBS FIVE,0.6466,0.0078,0.3456
CLUBS SEVEN DIAMONDS THREE,0.6752,0.011,0.3138
DIAMONDS THREE CLUBS FOUR,0.638,0.0082,0.3538
DIAMONDS FOUR CLUBS QUEEN,0.6496,0.008,0.3424
DIAMONDS THREE CLUBS FIVE,0.6584,0.01,0.3316
DIAMONDS THREE CLUBS TWO,0.6614,0.0092,0.3294
CLUBS TEN DIAMONDS FOUR,0.6448,0.0082,0.347
DIAMONDS THREE CLUBS THREE,0.4898,0.0132,0.497
DIAMONDS FOUR CLUBS JACK,0.649,0.0078,0.3432
DIAMONDS THREE SPADES FOUR,0.6568,0.0082,0.335
DIAMONDS THREE SPADES FIVE,0.6506,0.0074,0.342
DIAMONDS THREE SPADES TWO,0.6728,0.0092,0.318
DIAMONDS THREE SPADES THREE,0.4936,0.014,0.4924
CLUBS NINE DIAMONDS THREE,0.6614,0.0078,0.3308
SPADES SEVEN CLUBS ACE,0.422,0.0048,0.5732
SPADES SEVEN CLUBS QUEEN,0.6464,0.0076,0.346
CLUBS FIVE SPADES SEVEN,0.64,0.0064,0.3536
CLUBS TEN SPADES SEVEN,0.6374,0.0092,0.3534
CLUBS FIVE SPADES SIX,0.6308,0.0078,0.3614
SPADES SEVEN CLUBS JACK,0.644,0.0084,0.3476
SPADES NINE CLUBS FIVE,0.6374,0.0058,0.3568
CLUBS FIVE SPADES EIGHT,0.7238,0.0378,0.2384
CLUBS FIVE SPADES THREE,0.6308,0.0098,0.3594
CLUBS FIVE SPADES TWO,0.6422,0.009,0.3488
CLUBS FIVE SPADES FIVE,0.4732,0.0128,0.514
CLUBS FIVE SPADES FOUR,0.6384,0.01,0.3516
CLUBS NINE CLUBS FIVE,0.6348,0.006,0.3592
CLUBS ACE CLUBS QUEEN,0.3432,0.0054,0.6514
DIAMONDS TEN DIAMONDS FOUR,0.607,0.0068,0.3862
CLUBS TEN DIAMONDS NINE,0.5834,0.0074,0.4092
DIAMONDS JACK DIAMONDS FOUR,0.6144,0.0076,0.378
DIAMONDS NINE CLUBS JACK,0.5994,0.0068,0.3938
SPADES NINE CLUBS JACK,0.5772,0.0068,0.416
CLUBS TEN SPADES NINE,0.587,0.0082,0.4048
DIAMONDS ACE DIAMONDS FOUR,0.3938,0.0058,0.6004
HEARTS FOUR DIAMONDS FOUR,0.4784,0.0104,0.5112
DIAMONDS JACK HEARTS TEN,0.5734,0.0042,0.4224
DIAMONDS TWO SPADES TEN,0.6452,0.0066,0.3482
DIAMONDS NINE CLUBS ACE,0.3864,0.0036,0.61
HEARTS FIVE DIAMONDS FOUR,0.6328,0.0082,0.359
HEARTS JACK DIAMONDS JACK,0.3268,0.0044,0.6688
SPADES NINE CLUBS QUEEN,0.6032,0.01,0.3868
DIAMONDS TWO SPADES JACK,0.6616,0.007,0.3314
DIAMONDS QUEEN DIAMONDS FOUR,0.6014,0.0086,0.39
HEARTS TWO DIAMONDS FOUR,0.659,0.0102,0.3308
DIAMONDS NINE CLUBS QUEEN,0.595,0.0068,0.3982
DIAMONDS KING DIAMONDS FOUR,0.5292,0.2002,0.2706
HEARTS THREE DIAMONDS FOUR,0.6592,0.0076,0.3332
SPADES NINE CLUBS ACE,0.3802,0.0052,0.6146
HEARTS ACE DIAMONDS JACK,0.3934,0.004,0.6026
SPADES ACE DIAMONDS TWO,0.433,0.0056,0.5614
DIAMONDS JACK HEARTS QUEEN,0.5812,0.009,0.4098
SPADES QUEEN DIAMONDS TWO,0.6542,0.0082,0.3376
HEARTS KING DIAMONDS JACK,0.2704,0.0864,0.6432
SPADES KING DIAMONDS TWO,0.5642,0.2176,0.2182
SPADES JACK SPADES SEVEN,0.6106,0.0066,0.3828
SPADES TEN SPADES SEVEN,0.6044,0.0084,0.3872
CLUBS SEVEN CLUBS THREE,0.6684,0.011,0.3206
CLUBS SIX CLUBS THREE,0.6484,0.007,0.3446
CLUBS FIVE CLUBS THREE,0.6348,0.0086,0.3566
CLUBS FOUR CLUBS THREE,0.647,0.0094,0.3436
CLUBS NINE CLUBS THREE,0.6426,0.0094,0.348
CLUBS THREE SPADES FIVE,0.6494,0.0088,0.3418
CLUBS THREE SPADES FOUR,0.6568,0.0086,0.3346
CLUBS THREE SPADES THREE,0.49,0.0114,0.4986
CLUBS THREE SPADES TWO,0.6724,0.0082,0.3194
CLUBS THREE SPADES SIX,0.6602,0.0092,0.3306
SPADES SEVEN CLUBS THREE,0.69,0.0052,0.3048
SPADES EIGHT CLUBS THREE,0.739,0.0352,0.2258
SPADES NINE CLUBS THREE,0.6672,0.0074,0.3254
SPADES TWO DIAMONDS FOUR,0.663,0.0096,0.3274
SPADES THREE DIAMONDS FOUR,0.6582,0.008,0.3338
SPADES FOUR DIAMONDS FOUR,0.4834,0.0112,0.5054
SPADES FIVE DIAMONDS FOUR,0.6288,0.0054,0.3658
SPADES SIX DIAMONDS FOUR,0.6602,0.0058,0.334
SPADES SEVEN DIAMONDS FOUR,0.6712,0.0068,0.322
SPADES EIGHT DIAMONDS FOUR,0.7458,0.038,0.2162
SPADES NINE DIAMONDS FOUR,0.6568,0.0082,0.335
CLUBS FIVE DIAMONDS FOUR,0.6338,0.0068,0.3594
CLUBS FOUR DIAMONDS FOUR,0.4802,0.0122,0.5076
CLUBS SEVEN DIAMONDS FOUR,0.6522,0.008,0.3398
CLUBS SIX DIAMONDS FOUR,0.6494,0.0084,0.3422
CLUBS NINE DIAMONDS FOUR,0.6498,0.0098,0.3404
DIAMONDS FOUR HEARTS SEVEN,0.6716,0.0052,0.3232
HEARTS SIX DIAMONDS FOUR,0.6528,0.009,0.3382
HEARTS NINE DIAMONDS FOUR,0.6578,0.0088,0.3334
DIAMONDS FOUR HEARTS EIGHT,0.7332,0.0328,0.234
CLUBS THREE DIAMONDS FOUR,0.6536,0.0074,0.339
CLUBS TWO DIAMONDS FOUR,0.6628,0.0088,0.3284
DIAMONDS TEN DIAMONDS FIVE,0.6152,0.0062,0.3786
DIAMONDS JACK DIAMONDS FIVE,0.6234,0.0048,0.3718
DIAMONDS NINE HEARTS QUEEN,0.599,0.0048,0.3962
HEARTS KING DIAMONDS NINE,0.2742,0.1518,0.574
DIAMONDS NINE HEARTS ACE,0.4054,0.004,0.5906
DIAMONDS NINE HEARTS TEN,0.5724,0.0058,0.4218
DIAMONDS NINE HEARTS JACK,0.5992,0.0052,0.3956
CLUBS QUEEN DIAMONDS SIX,0.6456,0.006,0.3484
CLUBS ACE DIAMONDS SIX,0.4148,0.0044,0.5808
SPADES KING DIAMONDS FOUR,0.563,0.2122,0.2248
SPADES ACE SPADES SEVEN,0.3934,0.0048,0.6018
SPADES QUEEN DIAMONDS FOUR,0.6458,0.0094,0.3448
SPADES QUEEN SPADES SEVEN,0.6252,0.0072,0.3676
CLUBS JACK DIAMONDS SIX,0.639,0.0086,0.3524
SPADES KING SPADES SEVEN,0.5332,0.207,0.2598
SPADES ACE DIAMONDS FOUR,0.4386,0.0046,0.5568
CLUBS TEN DIAMONDS SIX,0.6438,0.0082,0.348
CLUBS NINE CLUBS FOUR,0.6416,0.0098,0.3486
SPADES JACK DIAMONDS FOUR,0.654,0.0094,0.3366
SPADES TEN DIAMONDS FOUR,0.6438,0.0082,0.348
CLUBS FOUR CLUBS FIVE,0.6188,0.012,0.3692
CLUBS SEVEN CLUBS FOUR,0.655,0.0106,0.3344
CLUBS SIX CLUBS FOUR,0.6526,0.011,0.3364
CLUBS SEVEN SPADES EIGHT,0.6902,0.034,0.2758
CLUBS SEVEN SPADES NINE,0.6084,0.0092,0.3824
CLUBS SEVEN SPADES SIX,0.631,0.0078,0.3612
CLUBS SEVEN SPADES SEVEN,0.4648,0.0122,0.523
CLUBS SEVEN SPADES FIVE,0.641,0.0068,0.3522
CLUBS SEVEN SPADES FOUR,0.6684,0.0106,0.321
CLUBS SEVEN SPADES THREE,0.6826,0.008,0.3094
CLUBS SEVEN SPADES TWO,0.6888,0.0076,0.3036
CLUBS NINE CLUBS SEVEN,0.616,0.007,0.377
HEARTS SIX DIAMONDS FIVE,0.6324,0.0078,0.3598
DIAMONDS FIVE HEARTS SEVEN,0.6634,0.0068,0.3298
DIAMONDS FIVE HEARTS EIGHT,0.7178,0.0412,0.241
HEARTS NINE DIAMONDS FIVE,0.6478,0.0092,0.343
DIAMONDS QUEEN DIAMONDS FIVE,0.614,0.008,0.378
HEARTS TWO DIAMONDS FIVE,0.6706,0.0094,0.32
HEARTS KING HEARTS EIGHT,0.0734,0.8532,0.0734
DIAMONDS KING DIAMONDS FIVE,0.509,0.2172,0.2738
HEARTS THREE DIAMONDS FIVE,0.6518,0.0086,0.3396
HEARTS QUEEN HEARTS EIGHT,0.6912,0.0324,0.2764
DIAMONDS ACE DIAMONDS FIVE,0.4056,0.0048,0.5896
HEARTS FOUR DIAMONDS FIVE,0.635,0.008,0.357
HEARTS FIVE DIAMONDS FIVE,0.4718,0.0124,0.5158
HEARTS ACE HEARTS EIGHT,0.2616,0.0244,0.714
CLUBS FOUR DIAMONDS FIVE,0.6338,0.0076,0.3586
CLUBS FIVE DIAMONDS FIVE,0.472,0.0128,0.5152
CLUBS SIX DIAMONDS FIVE,0.6318,0.0086,0.3596
CLUBS SEVEN DIAMONDS FIVE,0.6464,0.0076,0.346
CLUBS TWO DIAMONDS FIVE,0.6572,0.0084,0.3344
CLUBS THREE DIAMONDS FIVE,0.656,0.0102,0.3338
SPADES THREE DIAMONDS FIVE,0.6502,0.0086,0.3412
SPADES TWO DIAMONDS FIVE,0.6582,0.0088,0.333
SPADES JACK DIAMONDS EIGHT,0.7222,0.0286,0.2492
SPADES FIVE DIAMONDS FIVE,0.4742,0.012,0.5138
CLUBS TEN HEARTS JACK,0.5778,0.0048,0.4174
SPADES TEN DIAMONDS EIGHT,0.6918,0.0346,0.2736
SPADES FOUR DIAMONDS FIVE,0.6226,0.008,0.3694
HEARTS JACK CLUBS JACK,0.3194,0.006,0.6746
HEARTS JACK CLUBS QUEEN,0.5838,0.0072,0.409
CLUBS NINE DIAMONDS FIVE,0.6362,0.0082,0.3556
HEARTS JACK CLUBS ACE,0.369,0.0066,0.6244
SPADES SEVEN DIAMONDS FIVE,0.6434,0.0078,0.3488
SPADES KING DIAMONDS EIGHT,0.067,0.9074,0.0256
SPADES QUEEN DIAMONDS EIGHT,0.7312,0.0308,0.238
SPADES SIX DIAMONDS FIVE,0.6352,0.0068,0.358
SPADES NINE DIAMONDS FIVE,0.6436,0.0056,0.3508
SPADES EIGHT DIAMONDS FIVE,0.7212,0.0322,0.2466
SPADES ACE DIAMONDS EIGHT,0.2808,0.022,0.6972
DIAMONDS TEN DIAMONDS SIX,0.5966,0.0084,0.395
HEARTS ACE DIAMONDS SEVEN,0.4148,0.0036,0.5816
DIAMONDS JACK DIAMONDS SIX,0.6062,0.0064,0.3874
HEARTS QUEEN DIAMONDS SEVEN,0.6564,0.007,0.3366
HEARTS KING DIAMONDS SEVEN,0.5598,0.2134,0.2268
DIAMONDS ACE DIAMONDS SIX,0.416,0.0032,0.5808
HEARTS FOUR DIAMONDS SIX,0.6508,0.0086,0.3406
HEARTS JACK SPADES TWO,0.6478,0.007,0.3452
HEARTS FIVE DIAMONDS SIX,0.6434,0.0078,0.3488
SPADES TWO HEARTS TEN,0.6494,0.0088,0.3418
DIAMONDS QUEEN DIAMONDS SIX,0.623,0.0064,0.3706
HEARTS TWO DIAMONDS SIX,0.6958,0.0058,0.2984
DIAMONDS KING DIAMONDS SIX,0.5278,0.2082,0.264
HEARTS THREE DIAMONDS SIX,0.6658,0.009,0.3252
HEARTS EIGHT DIAMONDS SIX,0.719,0.0348,0.2462
HEARTS NINE DIAMONDS SIX,0.627,0.006,0.367
HEARTS SIX DIAMONDS SIX,0.4606,0.0118,0.5276
HEARTS SEVEN DIAMONDS SIX,0.6284,0.0078,0.3638
HEARTS TEN DIAMONDS SEVEN,0.6352,0.007,0.3578
CLUBS TWO DIAMONDS SIX,0.6666,0.0094,0.324
HEARTS JACK DIAMONDS SEVEN,0.6404,0.0074,0.3522
CLUBS THREE DIAMONDS SIX,0.6504,0.0082,0.3414
DIAMONDS EIGHT CLUBS JACK,0.7094,0.0302,0.2604
CLUBS SEVEN DIAMONDS SIX,0.6456,0.008,0.3464
CLUBS SIX DIAMONDS SIX,0.4542,0.013,0.5328
CLUBS TEN DIAMONDS EIGHT,0.7126,0.0304,0.257
CLUBS FIVE DIAMONDS SIX,0.6394,0.0068,0.3538
CLUBS FOUR DIAMONDS SIX,0.6482,0.01,0.3418
HEARTS ACE HEARTS JACK,0.3748,0.006,0.6192
DIAMONDS EIGHT CLUBS ACE,0.2538,0.0218,0.7244
HEARTS JACK HEARTS QUEEN,0.5562,0.0046,0.4392
CLUBS NINE DIAMONDS SIX,0.6248,0.0082,0.367
HEARTS KING HEARTS JACK,0.2634,0.0768,0.6598
DIAMONDS EIGHT CLUBS QUEEN,0.7402,0.032,0.2278
SPADES TEN HEARTS KING,0.276,0.1082,0.6158
SPADES FIVE DIAMONDS SIX,0.6368,0.0076,0.3556
HEARTS ACE SPADES TWO,0.4254,0.006,0.5686
SPADES JACK HEARTS KING,0.2916,0.0826,0.6258
SPADES FOUR DIAMONDS SIX,0.656,0.0076,0.3364
SPADES THREE DIAMONDS SIX,0.6624,0.0076,0.33
HEARTS QUEEN SPADES TWO,0.6616,0.0066,0.3318
SPADES ACE SPADES KING,0.2816,0.0124,0.706
HEARTS KING SPADES TWO,0.5666,0.2258,0.2076
SPADES TWO DIAMONDS SIX,0.6822,0.011,0.3068
HEARTS TEN HEARTS EIGHT,0.6612,0.0256,0.3132
SPADES NINE DIAMONDS SIX,0.6354,0.0068,0.3578
HEARTS JACK HEARTS EIGHT,0.673,0.0302,0.2968
SPADES EIGHT DIAMONDS SIX,0.7066,0.0348,0.2586
SPADES SEVEN DIAMONDS SIX,0.6416,0.0074,0.351
SPADES SIX DIAMONDS SIX,0.4676,0.0118,0.5206
SPADES KING HEARTS KING,0.1226,0.0126,0.8648
SPADES QUEEN HEARTS KING,0.2862,0.0612,0.6526
SPADES ACE HEARTS KING,0.2742,0.0088,0.717
SPADES ACE HEARTS JACK,0.395,0.0032,0.6018
SPADES QUEEN HEARTS JACK,0.5934,0.0066,0.4
SPADES KING HEARTS JACK,0.279,0.0782,0.6428
SPADES TEN DIAMONDS TEN,0.328,0.0084,0.6636
SPADES JACK DIAMONDS TEN,0.5788,0.0078,0.4134
SPADES ACE DIAMONDS TEN,0.3868,0.0048,0.6084
SPADES JACK HEARTS JACK,0.3148,0.0046,0.6806
SPADES TEN HEARTS JACK,0.578,0.0062,0.4158
SPADES QUEEN DIAMONDS TEN,0.5876,0.0056,0.4068
SPADES KING DIAMONDS TEN,0.2802,0.1098,0.61
SPADES NINE DIAMONDS SEVEN,0.6242,0.0052,0.3706
SPADES EIGHT DIAMONDS SEVEN,0.7092,0.0278,0.263
SPADES SEVEN DIAMONDS SEVEN,0.4712,0.0106,0.5182
SPADES SIX DIAMONDS SEVEN,0.644,0.0062,0.3498
DIAMONDS KING DIAMONDS SEVEN,0.526,0.2114,0.2626
HEARTS THREE DIAMONDS SEVEN,0.6798,0.0068,0.3134
HEARTS KING DIAMONDS FIVE,0.5542,0.224,0.2218
DIAMONDS QUEEN DIAMONDS SEVEN,0.6212,0.0066,0.3722
HEARTS TWO DIAMONDS SEVEN,0.6904,0.0088,0.3008
HEARTS QUEEN DIAMONDS FIVE,0.6502,0.008,0.3418
HEARTS FIVE DIAMONDS SEVEN,0.6562,0.007,0.3368
DIAMONDS ACE DIAMONDS SEVEN,0.4102,0.0034,0.5864
HEARTS FOUR DIAMONDS SEVEN,0.6636,0.0072,0.3292
HEARTS ACE DIAMONDS FIVE,0.427,0.0024,0.5706
HEARTS SEVEN DIAMONDS SEVEN,0.4636,0.0108,0.5256
HEARTS SIX DIAMONDS SEVEN,0.6398,0.0058,0.3544
HEARTS NINE DIAMONDS SEVEN,0.6136,0.0066,0.3798
DIAMONDS SEVEN HEARTS EIGHT,0.7104,0.0304,0.2592
DIAMONDS JACK DIAMONDS SEVEN,0.5974,0.0068,0.3958
HEARTS JACK DIAMONDS FIVE,0.6474,0.0078,0.3448
DIAMONDS TEN DIAMONDS SEVEN,0.5886,0.0068,0.4046
DIAMONDS FIVE HEARTS TEN,0.6296,0.0068,0.3636
SPADES KING CLUBS TWO,0.5628,0.217,0.2202
SPADES QUEEN CLUBS TWO,0.6592,0.0066,0.3342
HEARTS KING CLUBS QUEEN,0.281,0.0558,0.6632
CLUBS NINE DIAMONDS SEVEN,0.6306,0.0078,0.3616
SPADES TWO CLUBS JACK,0.6482,0.0094,0.3424
SPADES ACE CLUBS TWO,0.4108,0.004,0.5852
CLUBS TEN SPADES TWO,0.6462,0.0082,0.3456
HEARTS KING CLUBS ACE,0.2446,0.0094,0.746
CLUBS SIX CLUBS SEVEN,0.6436,0.009,0.3474
SPADES TWO DIAMONDS SEVEN,0.6824,0.007,0.3106
SPADES THREE DIAMONDS SEVEN,0.6816,0.0082,0.3102
SPADES TWO CLUBS QUEEN,0.654,0.0088,0.3372
CLUBS NINE CLUBS SIX,0.624,0.0078,0.3682
SPADES FOUR DIAMONDS SEVEN,0.6524,0.007,0.3406
HEARTS KING CLUBS JACK,0.2694,0.0798,0.6508
SPADES FIVE DIAMONDS SEVEN,0.6402,0.0068,0.353
SPADES TWO CLUBS ACE,0.4244,0.0046,0.571
CLUBS TEN HEARTS KING,0.2722,0.1252,0.6026
CLUBS SIX SPADES TWO,0.6788,0.0084,0.3128
CLUBS SIX SPADES THREE,0.6636,0.007,0.3294
CLUBS TWO DIAMONDS SEVEN,0.691,0.009,0.3
CLUBS SIX SPADES FOUR,0.669,0.0078,0.3232
CLUBS THREE DIAMONDS SEVEN,0.6818,0.0084,0.3098
CLUBS SIX SPADES FIVE,0.6402,0.0098,0.35
CLUBS FOUR DIAMONDS SEVEN,0.665,0.0086,0.3264
CLUBS SIX SPADES SIX,0.4578,0.0126,0.5296
CLUBS FIVE DIAMONDS SEVEN,0.6476,0.007,0.3454
CLUBS SIX SPADES SEVEN,0.6318,0.0068,0.3614
CLUBS SIX DIAMONDS SEVEN,0.6394,0.0072,0.3534
CLUBS SIX SPADES EIGHT,0.7014,0.0336,0.265
SPADES JACK CLUBS TWO,0.6518,0.0066,0.3416
CLUBS SIX SPADES NINE,0.6328,0.0086,0.3586
SPADES TEN CLUBS TWO,0.6606,0.0084,0.331
CLUBS SEVEN DIAMONDS SEVEN,0.4584,0.0128,0.5288
CLUBS TWO CLUBS QUEEN,0.634,0.0086,0.3574
CLUBS THREE DIAMONDS EIGHT,0.7344,0.0408,0.2248
CLUBS TWO CLUBS ACE,0.3822,0.0048,0.613
CLUBS TWO DIAMONDS EIGHT,0.7378,0.0384,0.2238
DIAMONDS EIGHT HEARTS SEVEN,0.6994,0.03,0.2706
HEARTS SIX DIAMONDS EIGHT,0.7012,0.0356,0.2632
DIAMONDS EIGHT HEARTS NINE,0.703,0.0278,0.2692
CLUBS TEN CLUBS TWO,0.6484,0.0104,0.3412
DIAMONDS EIGHT HEARTS EIGHT,0.3418,0.0236,0.6346
CLUBS TWO CLUBS JACK,0.6536,0.0084,0.338
CLUBS NINE DIAMONDS EIGHT,0.6972,0.0278,0.275
CLUBS FIVE DIAMONDS EIGHT,0.7122,0.0382,0.2496
SPADES ACE SPADES THREE,0.4142,0.0044,0.5814
CLUBS FOUR DIAMONDS EIGHT,0.719,0.0438,0.2372
SPADES QUEEN SPADES THREE,0.6112,0.005,0.3838
CLUBS SEVEN DIAMONDS EIGHT,0.6954,0.0334,0.2712
CLUBS SIX DIAMONDS EIGHT,0.7088,0.0364,0.2548
SPADES KING SPADES THREE,0.542,0.2004,0.2576
DIAMONDS QUEEN DIAMONDS EIGHT,0.682,0.0224,0.2956
HEARTS TWO DIAMONDS EIGHT,0.7548,0.0334,0.2118
DIAMONDS KING DIAMONDS EIGHT,0.0664,0.8664,0.0672
HEARTS THREE DIAMONDS EIGHT,0.749,0.042,0.209
DIAMONDS ACE DIAMONDS EIGHT,0.2844,0.0236,0.692
HEARTS FOUR DIAMONDS EIGHT,0.7256,0.0352,0.2392
HEARTS FIVE DIAMONDS EIGHT,0.7226,0.0336,0.2438
DIAMONDS EIGHT DIAMONDS TEN,0.6566,0.03,0.3134
DIAMONDS EIGHT DIAMONDS JACK,0.6806,0.0272,0.2922
SPADES JACK SPADES THREE,0.6146,0.0076,0.3778
SPADES TEN SPADES THREE,0.616,0.0076,0.3764
CLUBS FOUR HEARTS ACE,0.4218,0.0058,0.5724
CLUBS FOUR HEARTS QUEEN,0.6624,0.0058,0.3318
CLUBS FOUR HEARTS KING,0.5592,0.2208,0.22
CLUBS SIX HEARTS TEN,0.6424,0.0064,0.3512
CLUBS SIX HEARTS JACK,0.6408,0.0068,0.3524
DIAMONDS EIGHT SPADES FOUR,0.723,0.039,0.238
SPADES FIVE DIAMONDS EIGHT,0.7264,0.0318,0.2418
DIAMONDS EIGHT SPADES TWO,0.755,0.038,0.207
DIAMONDS EIGHT SPADES THREE,0.7506,0.035,0.2144
CLUBS FOUR HEARTS JACK,0.6448,0.0086,0.3466
SPADES EIGHT DIAMONDS EIGHT,0.3214,0.0254,0.6532
SPADES TEN DIAMONDS QUEEN,0.5872,0.0062,0.4066
SPADES TEN HEARTS TWO,0.6574,0.009,0.3336
SPADES JACK HEARTS EIGHT,0.7238,0.03,0.2462
CLUBS FOUR HEARTS TEN,0.6442,0.0072,0.3486
SPADES NINE DIAMONDS EIGHT,0.6976,0.0292,0.2732
SPADES TEN HEARTS EIGHT,0.7058,0.0292,0.265
SPADES JACK HEARTS TWO,0.661,0.0044,0.3346
SPADES JACK DIAMONDS QUEEN,0.599,0.0052,0.3958
SPADES SIX DIAMONDS EIGHT,0.714,0.033,0.253
SPADES SEVEN DIAMONDS EIGHT,0.6922,0.0302,0.2776
SPADES ACE HEARTS TWO,0.4422,0.0046,0.5532
SPADES ACE DIAMONDS QUEEN,0.3846,0.0046,0.6108
SPADES ACE HEARTS EIGHT,0.2902,0.0252,0.6846
SPADES KING HEARTS EIGHT,0.0688,0.9102,0.021
SPADES QUEEN HEARTS TWO,0.6542,0.0088,0.337
SPADES QUEEN DIAMONDS QUEEN,0.307,0.004,0.689
SPADES KING DIAMONDS QUEEN,0.2882,0.0586,0.6532
SPADES KING HEARTS TWO,0.5826,0.2054,0.212
SPADES QUEEN HEARTS EIGHT,0.7308,0.037,0.2322
CLUBS TWO HEARTS TEN,0.6474,0.0092,0.3434
CLUBS TWO HEARTS JACK,0.6454,0.008,0.3466
SPADES SEVEN DIAMONDS NINE,0.6274,0.0078,0.3648
SPADES SIX DIAMONDS NINE,0.6348,0.0076,0.3576
SPADES NINE DIAMONDS NINE,0.338,0.0096,0.6524
SPADES EIGHT DIAMONDS NINE,0.6962,0.0294,0.2744
DIAMONDS NINE SPADES THREE,0.6664,0.0072,0.3264
DIAMONDS NINE SPADES TWO,0.65,0.0062,0.3438
DIAMONDS NINE SPADES FIVE,0.6614,0.0052,0.3334
DIAMONDS NINE SPADES FOUR,0.6552,0.0062,0.3386
CLUBS NINE DIAMONDS NINE,0.3382,0.0068,0.655
CLUBS SIX DIAMONDS NINE,0.6378,0.0084,0.3538
SPADES JACK CLUBS FOUR,0.6378,0.007,0.3552
SPADES TEN CLUBS FOUR,0.6476,0.0078,0.3446
CLUBS SEVEN DIAMONDS NINE,0.6172,0.0088,0.374
CLUBS FOUR DIAMONDS NINE,0.6482,0.0064,0.3454
CLUBS FIVE DIAMONDS NINE,0.6442,0.0056,0.3502
CLUBS TWO DIAMONDS NINE,0.6436,0.0084,0.348
CLUBS THREE DIAMONDS NINE,0.648,0.009,0.343
DIAMONDS NINE HEARTS EIGHT,0.7106,0.026,0.2634
DIAMONDS NINE HEARTS NINE,0.3334,0.01,0.6566
HEARTS SIX DIAMONDS NINE,0.6406,0.0048,0.3546
DIAMONDS NINE HEARTS SEVEN,0.6204,0.0076,0.372
DIAMONDS ACE DIAMONDS NINE,0.3628,0.005,0.6322
HEARTS FOUR DIAMONDS NINE,0.652,0.0052,0.3428
HEARTS FIVE DIAMONDS NINE,0.6424,0.0062,0.3514
CLUBS TWO HEARTS ACE,0.428,0.0052,0.5668
SPADES ACE CLUBS FOUR,0.4178,0.0056,0.5766
DIAMONDS QUEEN DIAMONDS NINE,0.5854,0.0068,0.4078
HEARTS TWO DIAMONDS NINE,0.6572,0.0076,0.3352
CLUBS TWO HEARTS KING,0.5524,0.2268,0.2208
SPADES KING CLUBS FOUR,0.5496,0.2254,0.225
DIAMONDS KING DIAMONDS NINE,0.2572,0.1574,0.5854
HEARTS THREE DIAMONDS NINE,0.6652,0.008,0.3268
CLUBS TWO HEARTS QUEEN,0.6566,0.0064,0.337
SPADES QUEEN CLUBS FOUR,0.6452,0.0076,0.3472
DIAMONDS NINE DIAMONDS JACK,0.5638,0.0064,0.4298
DIAMONDS NINE DIAMONDS TEN,0.5452,0.0074,0.4474
HEARTS SIX DIAMONDS TEN,0.6428,0.005,0.3522
DIAMONDS TEN HEARTS SEVEN,0.6282,0.0068,0.365
DIAMONDS TEN HEARTS EIGHT,0.6974,0.0246,0.278
CLUBS FOUR CLUBS JACK,0.6378,0.0082,0.354
DIAMONDS TEN HEARTS NINE,0.5768,0.0052,0.418
CLUBS TEN CLUBS FOUR,0.6412,0.0072,0.3516
CLUBS FOUR CLUBS QUEEN,0.6302,0.0094,0.3604
CLUBS TWO DIAMONDS TEN,0.6448,0.0084,0.3468
CLUBS THREE DIAMONDS TEN,0.653,0.0084,0.3386
CLUBS FOUR CLUBS ACE,0.3804,0.0076,0.612
DIAMONDS JACK DIAMONDS TEN,0.543,0.0076,0.4494
DIAMONDS QUEEN DIAMONDS TEN,0.5456,0.0064,0.448
HEARTS TWO DIAMONDS TEN,0.6652,0.0078,0.327
DIAMONDS KING DIAMONDS TEN,0.258,0.1064,0.6356
HEARTS THREE DIAMONDS TEN,0.6538,0.006,0.3402
DIAMONDS ACE DIAMONDS TEN,0.3616,0.0062,0.6322
HEARTS FOUR DIAMONDS TEN,0.646,0.0066,0.3474
HEARTS FIVE DIAMONDS TEN,0.6458,0.0084,0.3458
CLUBS NINE SPADES THREE,0.6534,0.0102,0.3364
CLUBS NINE SPADES TWO,0.6432,0.0078,0.349
CLUBS NINE SPADES FIVE,0.6346,0.0088,0.3566
CLUBS NINE SPADES FOUR,0.656,0.0082,0.3358
CLUBS NINE SPADES SEVEN,0.6204,0.009,0.3706
CLUBS NINE SPADES SIX,0.6288,0.0076,0.3636
CLUBS NINE SPADES NINE,0.3462,0.0104,0.6434
CLUBS TEN HEARTS EIGHT,0.6994,0.0262,0.2744
CLUBS NINE SPADES EIGHT,0.6838,0.0282,0.288
CLUBS JACK HEARTS EIGHT,0.7166,0.0304,0.253
CLUBS QUEEN HEARTS EIGHT,0.729,0.0308,0.2402
CLUBS ACE HEARTS EIGHT,0.2554,0.0228,0.7218
DIAMONDS ACE HEARTS TEN,0.3898,0.0056,0.6046
HEARTS FOUR HEARTS TEN,0.6042,0.0076,0.3882
DIAMONDS ACE HEARTS JACK,0.3916,0.0028,0.6056
HEARTS FOUR HEARTS JACK,0.6122,0.0088,0.379
SPADES KING CLUBS FIVE,0.558,0.2202,0.2218
SPADES QUEEN CLUBS FIVE,0.6314,0.0072,0.3614
SPADES ACE CLUBS FIVE,0.415,0.0054,0.5796
DIAMONDS JACK HEARTS SEVEN,0.6488,0.008,0.3432
HEARTS SIX DIAMONDS JACK,0.6482,0.007,0.3448
DIAMONDS JACK HEARTS NINE,0.5946,0.0048,0.4006
DIAMONDS JACK HEARTS EIGHT,0.7122,0.0332,0.2546
DIAMONDS KING DIAMONDS JACK,0.266,0.0776,0.6564
HEARTS THREE DIAMONDS JACK,0.6632,0.0054,0.3314
SPADES ACE SPADES SIX,0.4092,0.0034,0.5874
HEARTS ACE SPADES FOUR,0.4388,0.0034,0.5578
DIAMONDS QUEEN DIAMONDS JACK,0.544,0.0048,0.4512
HEARTS TWO DIAMONDS JACK,0.6528,0.0066,0.3406
HEARTS FIVE DIAMONDS JACK,0.6474,0.0084,0.3442
SPADES QUEEN SPADES SIX,0.6216,0.0066,0.3718
SPADES FOUR HEARTS QUEEN,0.6484,0.0086,0.343
DIAMONDS ACE DIAMONDS JACK,0.369,0.0062,0.6248
HEARTS FOUR DIAMONDS JACK,0.6492,0.0086,0.3422
SPADES KING SPADES SIX,0.5428,0.2036,0.2536
HEARTS KING SPADES FOUR,0.56,0.217,0.223
SPADES TEN SPADES SIX,0.6024,0.0066,0.391
SPADES JACK SPADES SIX,0.609,0.006,0.385
SPADES FOUR DIAMONDS JACK,0.6568,0.0082,0.335
SPADES FIVE DIAMONDS JACK,0.6722,0.007,0.3208
DIAMONDS JACK SPADES TWO,0.6452,0.008,0.3468
DIAMONDS JACK SPADES THREE,0.6576,0.0054,0.337
SPADES ACE DIAMONDS THREE,0.4344,0.006,0.5596
SPADES QUEEN DIAMONDS THREE,0.653,0.0074,0.3396
SPADES KING DIAMONDS THREE,0.5658,0.2202,0.214
CLUBS NINE DIAMONDS JACK,0.5836,0.0092,0.4072
CLUBS SIX DIAMONDS JACK,0.6528,0.0076,0.3396
CLUBS SEVEN DIAMONDS JACK,0.6404,0.0086,0.351
CLUBS FOUR DIAMONDS JACK,0.6354,0.0066,0.358
CLUBS FIVE DIAMONDS JACK,0.6422,0.0082,0.3496
CLUBS TWO DIAMONDS JACK,0.649,0.008,0.343
CLUBS THREE DIAMONDS JACK,0.644,0.0088,0.3472
SPADES TEN CLUBS FIVE,0.6538,0.0056,0.3406
HEARTS SIX SPADES JACK,0.6502,0.0076,0.3422
HEARTS SIX SPADES TEN,0.6496,0.006,0.3444
SPADES JACK CLUBS FIVE,0.6484,0.0072,0.3444
SPADES JACK DIAMONDS THREE,0.6446,0.008,0.3474
CLUBS SEVEN CLUBS ACE,0.3734,0.0064,0.6202
DIAMONDS THREE SPADES TEN,0.6598,0.0064,0.3338
CLUBS SEVEN CLUBS QUEEN,0.6472,0.0074,0.3454
SPADES NINE DIAMONDS JACK,0.5986,0.0078,0.3936
CLUBS TEN CLUBS SEVEN,0.6132,0.0074,0.3794
DIAMONDS ACE HEARTS ACE,0.162,0.0028,0.8352
HEARTS FOUR HEARTS ACE,0.409,0.0058,0.5852
SPADES EIGHT DIAMONDS JACK,0.7158,0.0296,0.2546
SPADES ACE HEARTS SIX,0.4236,0.0042,0.5722
CLUBS SEVEN CLUBS JACK,0.631,0.008,0.361
DIAMONDS ACE HEARTS KING,0.2824,0.0124,0.7052
HEARTS FOUR HEARTS KING,0.5196,0.2128,0.2676
SPADES SEVEN DIAMONDS JACK,0.6448,0.0064,0.3488
SPADES KING HEARTS SIX,0.5672,0.214,0.2188
DIAMONDS ACE HEARTS QUEEN,0.4004,0.0044,0.5952
HEARTS FOUR HEARTS QUEEN,0.6244,0.0062,0.3694
SPADES QUEEN HEARTS SIX,0.651,0.005,0.344
SPADES SIX DIAMONDS JACK,0.6574,0.006,0.3366
DIAMONDS TEN SPADES TWO,0.6514,0.0108,0.3378
SPADES THREE DIAMONDS TEN,0.652,0.006,0.342
SPADES FOUR DIAMONDS TEN,0.6486,0.0078,0.3436
SPADES FIVE DIAMONDS TEN,0.66,0.0054,0.3346
SPADES SIX DIAMONDS TEN,0.6418,0.0048,0.3534
SPADES SEVEN DIAMONDS TEN,0.6376,0.0076,0.3548
SPADES EIGHT DIAMONDS TEN,0.7124,0.0274,0.2602
SPADES NINE DIAMONDS TEN,0.59,0.007,0.403
CLUBS FOUR DIAMONDS TEN,0.6482,0.0102,0.3416
CLUBS FIVE DIAMONDS TEN,0.6562,0.0074,0.3364
CLUBS SIX DIAMONDS TEN,0.6526,0.0054,0.342
CLUBS SEVEN DIAMONDS TEN,0.6394,0.0058,0.3548
CLUBS NINE DIAMONDS TEN,0.5794,0.0068,0.4138
DIAMONDS THREE CLUBS JACK,0.6574,0.0076,0.335
CLUBS TEN DIAMONDS THREE,0.6358,0.0088,0.3554
DIAMONDS THREE CLUBS QUEEN,0.6526,0.0082,0.3392
DIAMONDS THREE CLUBS ACE,0.424,0.0056,0.5704
SPADES FOUR HEARTS JACK,0.652,0.0072,0.3408
SPADES FOUR HEARTS TEN,0.6552,0.0062,0.3386
SPADES FIVE SPADES TWO,0.6178,0.007,0.3752
SPADES FOUR SPADES TWO,0.6342,0.0068,0.359
SPADES THREE SPADES TWO,0.626,0.007,0.367
SPADES NINE SPADES TWO,0.624,0.0084,0.3676
SPADES EIGHT SPADES TWO,0.7048,0.041,0.2542
SPADES SEVEN SPADES TWO,0.6568,0.0082,0.335
SPADES SIX SPADES TWO,0.6284,0.01,0.3616
DIAMONDS QUEEN CLUBS THREE,0.649,0.0066,0.3444
HEARTS TWO CLUBS THREE,0.6598,0.0078,0.3324
DIAMONDS QUEEN CLUBS TWO,0.6612,0.0074,0.3314
CLUBS TWO HEARTS TWO,0.4852,0.0144,0.5004
DIAMONDS QUEEN HEARTS SEVEN,0.6482,0.005,0.3468
HEARTS TWO HEARTS SEVEN,0.656,0.0068,0.3372
HEARTS SIX DIAMONDS QUEEN,0.64,0.0056,0.3544
HEARTS SIX HEARTS TWO,0.6344,0.0092,0.3564
DIAMONDS QUEEN HEARTS NINE,0.604,0.007,0.389
HEARTS TWO HEARTS NINE,0.6116,0.0066,0.3818
DIAMONDS QUEEN HEARTS EIGHT,0.7266,0.0368,0.2366
HEARTS TWO HEARTS EIGHT,0.705,0.033,0.262
CLUBS NINE HEARTS TWO,0.642,0.008,0.35
CLUBS NINE DIAMONDS QUEEN,0.5956,0.0056,0.3988
CLUBS FIVE DIAMONDS QUEEN,0.6426,0.0098,0.3476
CLUBS FIVE HEARTS TWO,0.6508,0.008,0.3412
SPADES EIGHT HEARTS ACE,0.2706,0.0262,0.7032
CLUBS FOUR DIAMONDS QUEEN,0.6484,0.0092,0.3424
CLUBS FOUR HEARTS TWO,0.6716,0.0098,0.3186
SPADES EIGHT HEARTS QUEEN,0.7298,0.0298,0.2404
CLUBS SEVEN HEARTS TWO,0.689,0.0086,0.3024
CLUBS SEVEN DIAMONDS QUEEN,0.651,0.0104,0.3386
CLUBS SIX DIAMONDS QUEEN,0.6498,0.007,0.3432
CLUBS SIX HEARTS TWO,0.6792,0.0086,0.3122
SPADES EIGHT HEARTS KING,0.0716,0.9068,0.0216
HEARTS TWO SPADES SIX,0.682,0.0086,0.3094
DIAMONDS QUEEN SPADES SIX,0.6592,0.0064,0.3344
HEARTS FOUR CLUBS QUEEN,0.641,0.008,0.351
DIAMONDS ACE CLUBS QUEEN,0.3748,0.0036,0.6216
DIAMONDS QUEEN SPADES SEVEN,0.6606,0.0054,0.334
HEARTS TWO SPADES SEVEN,0.6896,0.0094,0.301
DIAMONDS QUEEN SPADES EIGHT,0.742,0.0322,0.2258
SPADES EIGHT HEARTS TWO,0.7524,0.0356,0.212
HEARTS FOUR CLUBS ACE,0.408,0.006,0.586
DIAMONDS ACE CLUBS ACE,0.1548,0.0046,0.8406
SPADES NINE DIAMONDS QUEEN,0.6018,0.0052,0.393
SPADES NINE HEARTS TWO,0.652,0.0102,0.3378
HEARTS TWO SPADES TWO,0.4818,0.016,0.5022
DIAMONDS QUEEN SPADES TWO,0.6486,0.0068,0.3446
HEARTS TWO SPADES THREE,0.6804,0.0078,0.3118
DIAMONDS QUEEN SPADES THREE,0.6692,0.0072,0.3236
HEARTS TWO SPADES FOUR,0.6708,0.0084,0.3208
DIAMONDS QUEEN SPADES FOUR,0.6412,0.0062,0.3526
HEARTS FOUR CLUBS TEN,0.646,0.0066,0.3474
CLUBS TEN DIAMONDS ACE,0.3616,0.0058,0.6326
HEARTS TWO SPADES FIVE,0.6702,0.0064,0.3234
DIAMONDS QUEEN SPADES FIVE,0.6538,0.0072,0.339
HEARTS FOUR CLUBS JACK,0.6482,0.0066,0.3452
DIAMONDS ACE CLUBS JACK,0.381,0.005,0.614
CLUBS FIVE CLUBS QUEEN,0.6384,0.0072,0.3544
CLUBS FIVE CLUBS ACE,0.369,0.0038,0.6272
CLUBS FIVE CLUBS JACK,0.6382,0.0082,0.3536
CLUBS TEN CLUBS FIVE,0.638,0.011,0.351
SPADES KING CLUBS JACK,0.264,0.0832,0.6528
SPADES QUEEN CLUBS JACK,0.5788,0.0082,0.413
SPADES ACE CLUBS JACK,0.3854,0.0064,0.6082
SPADES SIX CLUBS QUEEN,0.6418,0.0066,0.3516
SPADES EIGHT HEARTS JACK,0.7118,0.0314,0.2568
SPADES SIX CLUBS ACE,0.4188,0.0038,0.5774
SPADES EIGHT HEARTS TEN,0.7124,0.0304,0.2572
SPADES SIX CLUBS JACK,0.6364,0.0074,0.3562
CLUBS TEN SPADES SIX,0.6408,0.004,0.3552
SPADES TEN CLUBS JACK,0.5782,0.0076,0.4142
SPADES JACK CLUBS JACK,0.3166,0.0058,0.6776
SPADES QUEEN CLUBS SEVEN,0.6568,0.0072,0.336
SPADES KING CLUBS SEVEN,0.5628,0.211,0.2262
SPADES ACE CLUBS SEVEN,0.4248,0.0046,0.5706
SPADES SIX HEARTS TEN,0.6486,0.0062,0.3452
SPADES SIX HEARTS JACK,0.6488,0.0082,0.343
SPADES SIX HEARTS ACE,0.4366,0.0036,0.5598
SPADES SIX HEARTS KING,0.5592,0.2102,0.2306
SPADES SIX HEARTS QUEEN,0.6548,0.0068,0.3384
SPADES JACK CLUBS SEVEN,0.6534,0.0062,0.3404
CLUBS SEVEN SPADES TEN,0.6308,0.0066,0.3626
CLUBS TEN HEARTS SIX,0.6376,0.0066,0.3558
HEARTS SIX CLUBS JACK,0.6428,0.0068,0.3504
CLUBS ACE CLUBS JACK,0.3374,0.0052,0.6574
HEARTS SIX CLUBS QUEEN,0.6442,0.008,0.3478
HEARTS SIX CLUBS ACE,0.4168,0.0056,0.5776
CLUBS QUEEN CLUBS JACK,0.5808,0.0092,0.41
DIAMONDS THREE HEARTS ACE,0.4398,0.0062,0.554
DIAMONDS THREE HEARTS QUEEN,0.6552,0.0076,0.3372
DIAMONDS THREE HEARTS KING,0.5644,0.2182,0.2174
CLUBS FIVE HEARTS JACK,0.649,0.0076,0.3434
SPADES TEN DIAMONDS ACE,0.3838,0.0028,0.6134
HEARTS FOUR SPADES TEN,0.6388,0.0064,0.3548
CLUBS FIVE HEARTS TEN,0.6494,0.0086,0.342
HEARTS FOUR SPADES JACK,0.6448,0.0082,0.347
SPADES JACK DIAMONDS ACE,0.3988,0.004,0.5972
SPADES ACE HEARTS FOUR,0.4388,0.0028,0.5584
SPADES ACE DIAMONDS ACE,0.1578,0.0042,0.838
CLUBS FIVE HEARTS ACE,0.419,0.0054,0.5756
CLUBS FIVE HEARTS KING,0.5586,0.211,0.2304
HEARTS FOUR SPADES QUEEN,0.6526,0.0048,0.3426
SPADES QUEEN DIAMONDS ACE,0.4028,0.003,0.5942
SPADES FOUR CLUBS JACK,0.6362,0.006,0.3578
CLUBS FIVE HEARTS QUEEN,0.6362,0.008,0.3558
SPADES KING DIAMONDS ACE,0.2706,0.011,0.7184
HEARTS FOUR SPADES KING,0.5756,0.2212,0.2032
CLUBS TEN SPADES FOUR,0.6402,0.0082,0.3516
DIAMONDS QUEEN DIAMONDS ACE,0.3708,0.004,0.6252
HEARTS TWO DIAMONDS ACE,0.4478,0.004,0.5482
HEARTS FOUR DIAMONDS QUEEN,0.6544,0.0084,0.3372
HEARTS FOUR HEARTS TWO,0.6252,0.0108,0.364
DIAMONDS THREE HEARTS TEN,0.6426,0.0064,0.351
HEARTS FIVE DIAMONDS QUEEN,0.64,0.0082,0.3518
HEARTS FIVE HEARTS TWO,0.6152,0.0074,0.3774
DIAMONDS THREE HEARTS JACK,0.6562,0.0064,0.3374
SPADES FOUR CLUBS QUEEN,0.6308,0.0082,0.361
DIAMONDS QUEEN HEARTS TWO,0.648,0.0058,0.3462
DIAMONDS KING DIAMONDS QUEEN,0.2788,0.0572,0.664
DIAMONDS KING HEARTS TWO,0.5616,0.2198,0.2186
HEARTS THREE DIAMONDS QUEEN,0.6558,0.0094,0.3348
HEARTS THREE HEARTS TWO,0.635,0.0086,0.3564
SPADES FOUR CLUBS ACE,0.418,0.0034,0.5786
HEARTS TWO CLUBS ACE,0.4214,0.0042,0.5744
DIAMONDS QUEEN CLUBS ACE,0.3736,0.0038,0.6226
HEARTS TWO CLUBS QUEEN,0.6412,0.01,0.3488
DIAMONDS QUEEN CLUBS QUEEN,0.3104,0.0042,0.6854
SPADES EIGHT SPADES FIVE,0.6808,0.0346,0.2846
CLUBS TEN HEARTS TWO,0.6576,0.0066,0.3358
CLUBS TEN DIAMONDS QUEEN,0.5926,0.0056,0.4018
SPADES NINE SPADES FIVE,0.595,0.0078,0.3972
HEARTS TWO CLUBS JACK,0.643,0.0088,0.3482
DIAMONDS QUEEN CLUBS JACK,0.5686,0.0076,0.4238
SPADES SIX SPADES FIVE,0.6002,0.0084,0.3914
SPADES SEVEN SPADES FIVE,0.609,0.0074,0.3836
DIAMONDS FIVE CLUBS QUEEN,0.6452,0.0088,0.346
SPADES EIGHT CLUBS ACE,0.259,0.0226,0.7184
DIAMONDS FIVE CLUBS ACE,0.4154,0.0052,0.5794
SPADES EIGHT CLUBS QUEEN,0.7336,0.0278,0.2386
SPADES EIGHT CLUBS JACK,0.7058,0.0322,0.262
CLUBS TEN SPADES EIGHT,0.692,0.0368,0.2712
CLUBS TEN DIAMONDS FIVE,0.6468,0.0088,0.3444
DIAMONDS FIVE CLUBS JACK,0.651,0.0086,0.3404
HEARTS JACK DIAMONDS TEN,0.5846,0.0044,0.411
DIAMONDS TEN HEARTS TEN,0.334,0.0084,0.6576
SPADES ACE CLUBS NINE,0.3876,0.0056,0.6068
CLUBS NINE SPADES QUEEN,0.6074,0.0072,0.3854
CLUBS NINE SPADES KING,0.252,0.1632,0.5848
HEARTS SIX HEARTS KING,0.5272,0.2066,0.2662
DIAMONDS KING SPADES SEVEN,0.5744,0.2052,0.2204
HEARTS THREE SPADES SEVEN,0.6832,0.0074,0.3094
SPADES KING DIAMONDS SEVEN,0.5634,0.219,0.2176
HEARTS SIX HEARTS QUEEN,0.632,0.0068,0.3612
SPADES QUEEN DIAMONDS SEVEN,0.6448,0.005,0.3502
HEARTS THREE SPADES SIX,0.6738,0.0056,0.3206
DIAMONDS KING SPADES SIX,0.5736,0.2158,0.2106
DIAMONDS KING SPADES NINE,0.2756,0.1542,0.5702
HEARTS THREE SPADES NINE,0.6562,0.0078,0.336
HEARTS SIX HEARTS ACE,0.4002,0.0042,0.5956
DIAMONDS KING SPADES EIGHT,0.0668,0.9124,0.0208
HEARTS THREE SPADES EIGHT,0.7452,0.0358,0.219
SPADES ACE DIAMONDS SEVEN,0.4218,0.0038,0.5744
CLUBS NINE HEARTS THREE,0.647,0.0096,0.3434
CLUBS NINE DIAMONDS KING,0.2608,0.1596,0.5796
HEARTS THREE SPADES THREE,0.4776,0.0144,0.508
DIAMONDS KING SPADES THREE,0.5818,0.2174,0.2008
HEARTS THREE SPADES TWO,0.6684,0.0086,0.323
DIAMONDS KING SPADES TWO,0.574,0.2178,0.2082
HEARTS THREE SPADES FIVE,0.6508,0.01,0.3392
DIAMONDS KING SPADES FIVE,0.5712,0.2138,0.215
HEARTS THREE SPADES FOUR,0.656,0.0064,0.3376
DIAMONDS KING SPADES FOUR,0.5696,0.2112,0.2192
DIAMONDS KING CLUBS TWO,0.5704,0.2226,0.207
