opposingHand,winningChance,drawChance,lostChance
CLUBS FOUR CLUBS QUEEN
HEARTS FIVE SPADES TEN,0.62,0.0142,0.3658
SPADES JACK HEARTS FIVE,0.631,0.0104,0.3586
SPADES FIVE CLUBS JACK,0.5996,0.0156,0.3848
CLUBS TEN SPADES FIVE,0.631,0.012,0.357
CLUBS EIGHT CLUBS JACK,0.5714,0.0136,0.415
CLUBS TEN CLUBS EIGHT,0.575,0.0118,0.4132
CLUBS EIGHT CLUBS KING,0.3516,0.008,0.6404
SPADES FIVE CLUBS ACE,0.3818,0.0042,0.614
SPADES FIVE CLUBS KING,0.3806,0.0074,0.612
CLUBS EIGHT CLUBS ACE,0.3474,0.0052,0.6474
DIAMONDS TWO DIAMONDS THREE,0.6234,0.0136,0.363
DIAMONDS TWO DIAMONDS FIVE,0.598,0.0138,0.3882
SPADES KING HEARTS FIVE,0.396,0.0068,0.5972
DIAMONDS TWO DIAMONDS FOUR,0.6766,0.0446,0.2788
SPADES QUEEN HEARTS FIVE,0.2706,0.4304,0.299
DIAMONDS TWO DIAMONDS SEVEN,0.6286,0.012,0.3594
DIAMONDS TWO DIAMONDS SIX,0.6056,0.0134,0.381
SPADES ACE HEARTS FIVE,0.4012,0.0032,0.5956
DIAMONDS TWO DIAMONDS NINE,0.6034,0.0128,0.3838
DIAMONDS TWO DIAMONDS EIGHT,0.5948,0.0112,0.394
DIAMONDS THREE DIAMONDS FOUR,0.6446,0.0464,0.309
CLUBS TWO SPADES FOUR,0.7026,0.047,0.2504
DIAMONDS THREE DIAMONDS FIVE,0.5814,0.0118,0.4068
CLUBS TWO SPADES FIVE,0.6382,0.0144,0.3474
CLUBS TWO SPADES TWO,0.4576,0.0306,0.5118
CLUBS TWO SPADES THREE,0.6554,0.0136,0.331
DIAMONDS THREE DIAMONDS EIGHT,0.611,0.012,0.377
SPADES EIGHT CLUBS TWO,0.6326,0.0144,0.353
DIAMONDS THREE DIAMONDS NINE,0.6254,0.014,0.3606
SPADES NINE CLUBS TWO,0.6444,0.0104,0.3452
DIAMONDS THREE DIAMONDS SIX,0.5878,0.0124,0.3998
CLUBS TWO SPADES SIX,0.6462,0.0128,0.341
DIAMONDS THREE DIAMONDS SEVEN,0.5984,0.0174,0.3842
CLUBS TWO SPADES SEVEN,0.644,0.0152,0.3408
CLUBS SIX CLUBS TWO,0.6452,0.0156,0.3392
CLUBS SEVEN CLUBS TWO,0.6584,0.0158,0.3258
CLUBS FIVE CLUBS TWO,0.626,0.0148,0.3592
CLUBS TEN CLUBS JACK,0.5536,0.0104,0.436
DIAMONDS FOUR DIAMONDS SIX,0.6534,0.035,0.3116
DIAMONDS FOUR DIAMONDS SEVEN,0.668,0.0386,0.2934
CLUBS TEN CLUBS KING,0.3418,0.0072,0.651
CLUBS TEN CLUBS ACE,0.3362,0.0056,0.6582
CLUBS EIGHT CLUBS TWO,0.6524,0.0136,0.334
DIAMONDS FIVE DIAMONDS FOUR,0.642,0.043,0.315
CLUBS NINE CLUBS TWO,0.6428,0.0122,0.345
DIAMONDS NINE DIAMONDS FOUR,0.6878,0.0348,0.2774
DIAMONDS EIGHT DIAMONDS FOUR,0.667,0.0454,0.2876
CLUBS TWO CLUBS THREE,0.65,0.0168,0.3332
DIAMONDS NINE DIAMONDS FIVE,0.5738,0.015,0.4112
DIAMONDS TWO CLUBS JACK,0.6564,0.0134,0.3302
DIAMONDS EIGHT DIAMONDS FIVE,0.5758,0.0136,0.4106
CLUBS TEN DIAMONDS TWO,0.6462,0.0156,0.3382
DIAMONDS FIVE DIAMONDS SEVEN,0.5528,0.015,0.4322
DIAMONDS FIVE DIAMONDS SIX,0.568,0.0126,0.4194
DIAMONDS TWO CLUBS ACE,0.4108,0.0058,0.5834
DIAMONDS TWO CLUBS KING,0.419,0.0084,0.5726
DIAMONDS EIGHT DIAMONDS SIX,0.5546,0.0094,0.436
DIAMONDS NINE DIAMONDS SIX,0.5602,0.0098,0.43
HEARTS ACE SPADES THREE,0.42,0.0048,0.5752
HEARTS KING SPADES THREE,0.4314,0.0068,0.5618
DIAMONDS SEVEN DIAMONDS SIX,0.564,0.0098,0.4262
SPADES THREE HEARTS QUEEN,0.3012,0.4876,0.2112
HEARTS JACK SPADES THREE,0.6512,0.0126,0.3362
SPADES THREE HEARTS TEN,0.6522,0.0158,0.332
DIAMONDS EIGHT DIAMONDS SEVEN,0.5398,0.0134,0.4468
DIAMONDS NINE DIAMONDS SEVEN,0.544,0.011,0.445
DIAMONDS NINE DIAMONDS EIGHT,0.5366,0.01,0.4534
DIAMONDS KING HEARTS TEN,0.3908,0.0068,0.6024
HEARTS THREE HEARTS TEN,0.605,0.0098,0.3852
SPADES JACK CLUBS SIX,0.6156,0.0104,0.374
DIAMONDS KING HEARTS JACK,0.3882,0.0054,0.6064
HEARTS THREE HEARTS JACK,0.5976,0.0124,0.39
SPADES TEN CLUBS SIX,0.6034,0.0108,0.3858
SPADES JACK SPADES FIVE,0.5954,0.0112,0.3934
SPADES TEN SPADES FIVE,0.5808,0.0102,0.409
DIAMONDS KING HEARTS ACE,0.358,0.0058,0.6362
HEARTS THREE HEARTS ACE,0.3888,0.0054,0.6058
SPADES ACE CLUBS SIX,0.384,0.0038,0.6122
DIAMONDS KING HEARTS QUEEN,0.2758,0.027,0.6972
HEARTS THREE HEARTS QUEEN,0.2854,0.4614,0.2532
SPADES KING CLUBS SIX,0.3964,0.0066,0.597
DIAMONDS KING HEARTS KING,0.1802,0.0048,0.815
HEARTS THREE HEARTS KING,0.3906,0.0072,0.6022
SPADES QUEEN CLUBS SIX,0.2556,0.36,0.3844
SPADES NINE HEARTS TEN,0.5738,0.0074,0.4188
SPADES NINE HEARTS JACK,0.5732,0.0094,0.4174
SPADES QUEEN SPADES FIVE,0.2466,0.4194,0.334
SPADES KING SPADES FIVE,0.3712,0.007,0.6218
SPADES ACE SPADES FIVE,0.358,0.0048,0.6372
SPADES NINE HEARTS QUEEN,0.2774,0.1426,0.58
SPADES NINE HEARTS KING,0.3904,0.005,0.6046
SPADES NINE HEARTS ACE,0.405,0.0048,0.5902
CLUBS TEN SPADES JACK,0.563,0.0112,0.4258
CLUBS TEN SPADES TEN,0.3106,0.014,0.6754
SPADES ACE CLUBS TEN,0.3892,0.0058,0.605
SPADES KING CLUBS TEN,0.3752,0.0066,0.6182
CLUBS TEN SPADES QUEEN,0.2614,0.1076,0.631
SPADES FIVE HEARTS QUEEN,0.255,0.444,0.301
HEARTS KING SPADES FIVE,0.3942,0.0092,0.5966
SPADES FIVE HEARTS ACE,0.3904,0.005,0.6046
CLUBS EIGHT SPADES TEN,0.5688,0.0114,0.4198
HEARTS THREE SPADES JACK,0.6368,0.0116,0.3516
SPADES JACK DIAMONDS KING,0.3716,0.0058,0.6226
SPADES TEN DIAMONDS KING,0.3758,0.0078,0.6164
HEARTS THREE SPADES TEN,0.6392,0.0126,0.3482
SPADES JACK CLUBS EIGHT,0.5824,0.0104,0.4072
CLUBS SIX HEARTS ACE,0.385,0.0056,0.6094
SPADES ACE CLUBS EIGHT,0.3968,0.0048,0.5984
HEARTS FIVE CLUBS JACK,0.612,0.0136,0.3744
CLUBS TEN HEARTS FIVE,0.626,0.0108,0.3632
CLUBS SIX HEARTS QUEEN,0.2578,0.364,0.3782
SPADES QUEEN CLUBS EIGHT,0.2574,0.2194,0.5232
CLUBS TEN SPADES THREE,0.6426,0.0128,0.3446
CLUBS SIX HEARTS KING,0.3918,0.0078,0.6004
SPADES KING CLUBS EIGHT,0.3864,0.0084,0.6052
SPADES THREE CLUBS JACK,0.6438,0.0134,0.3428
DIAMONDS TWO HEARTS JACK,0.6622,0.0124,0.3254
DIAMONDS TWO HEARTS TEN,0.6444,0.0122,0.3434
SPADES THREE CLUBS KING,0.4168,0.0094,0.5738
HEARTS FIVE CLUBS ACE,0.3774,0.0036,0.619
SPADES FIVE HEARTS TEN,0.6296,0.013,0.3574
SPADES THREE CLUBS ACE,0.4082,0.0054,0.5864
HEARTS FIVE CLUBS KING,0.3908,0.007,0.6022
SPADES FIVE HEARTS JACK,0.6156,0.0098,0.3746
HEARTS THREE CLUBS KING,0.4112,0.0068,0.582
DIAMONDS KING CLUBS KING,0.1816,0.0064,0.812
HEARTS FIVE HEARTS JACK,0.5926,0.0112,0.3962
HEARTS FIVE HEARTS TEN,0.6046,0.01,0.3854
HEARTS THREE CLUBS ACE,0.4106,0.006,0.5834
DIAMONDS KING CLUBS ACE,0.3494,0.004,0.6466
HEARTS THREE CLUBS JACK,0.6384,0.0136,0.348
DIAMONDS KING CLUBS JACK,0.3642,0.0072,0.6286
CLUBS TEN HEARTS THREE,0.6498,0.0126,0.3376
CLUBS TEN DIAMONDS KING,0.379,0.0092,0.6118
CLUBS SIX CLUBS KING,0.3346,0.007,0.6584
CLUBS SIX CLUBS ACE,0.3478,0.0066,0.6456
HEARTS FIVE HEARTS KING,0.371,0.008,0.621
HEARTS FIVE HEARTS QUEEN,0.251,0.4178,0.3312
CLUBS TEN CLUBS SIX,0.606,0.014,0.38
HEARTS FIVE HEARTS ACE,0.359,0.0046,0.6364
CLUBS SIX CLUBS JACK,0.5978,0.0114,0.3908
SPADES SEVEN HEARTS JACK,0.6082,0.01,0.3818
SPADES SEVEN HEARTS TEN,0.598,0.013,0.389
DIAMONDS TWO CLUBS TWO,0.4566,0.0346,0.5088
DIAMONDS TWO CLUBS THREE,0.648,0.0142,0.3378
HEARTS SIX DIAMONDS TWO,0.6608,0.0128,0.3264
DIAMONDS TWO HEARTS QUEEN,0.3094,0.4818,0.2088
DIAMONDS TWO HEARTS SEVEN,0.6648,0.0086,0.3266
DIAMONDS TWO HEARTS KING,0.4294,0.0076,0.563
DIAMONDS TWO HEARTS EIGHT,0.6418,0.0158,0.3424
DIAMONDS TWO HEARTS ACE,0.419,0.0054,0.5756
DIAMONDS TWO HEARTS NINE,0.6512,0.0156,0.3332
DIAMONDS TWO DIAMONDS QUEEN,0.2962,0.45,0.2538
DIAMONDS TWO HEARTS TWO,0.4578,0.0376,0.5046
DIAMONDS TWO DIAMONDS KING,0.4122,0.0062,0.5816
HEARTS THREE DIAMONDS TWO,0.6654,0.0112,0.3234
DIAMONDS TWO DIAMONDS ACE,0.3906,0.005,0.6044
HEARTS FOUR DIAMONDS TWO,0.7152,0.0438,0.241
DIAMONDS TWO HEARTS FIVE,0.6472,0.0116,0.3412
SPADES SEVEN HEARTS ACE,0.3986,0.0044,0.597
DIAMONDS TWO DIAMONDS TEN,0.5986,0.01,0.3914
SPADES SEVEN HEARTS KING,0.4112,0.0094,0.5794
DIAMONDS TWO DIAMONDS JACK,0.6238,0.0092,0.367
SPADES SEVEN HEARTS QUEEN,0.2718,0.2848,0.4434
DIAMONDS TWO SPADES NINE,0.6402,0.0146,0.3452
DIAMONDS TWO SPADES EIGHT,0.6548,0.0134,0.3318
DIAMONDS TWO SPADES SEVEN,0.6572,0.0136,0.3292
DIAMONDS TWO SPADES SIX,0.6554,0.0162,0.3284
DIAMONDS TWO SPADES FIVE,0.6372,0.015,0.3478
DIAMONDS TWO SPADES FOUR,0.7038,0.0478,0.2484
DIAMONDS TWO SPADES THREE,0.6682,0.0144,0.3174
DIAMONDS TWO SPADES TWO,0.4626,0.0334,0.504
CLUBS NINE DIAMONDS TWO,0.6404,0.0172,0.3424
DIAMONDS TWO CLUBS EIGHT,0.6476,0.0126,0.3398
CLUBS SEVEN DIAMONDS TWO,0.6552,0.0148,0.33
DIAMONDS TWO CLUBS SIX,0.6432,0.0122,0.3446
DIAMONDS TWO CLUBS FIVE,0.6316,0.0176,0.3508
SPADES ACE DIAMONDS SIX,0.401,0.0038,0.5952
SPADES QUEEN DIAMONDS SIX,0.2752,0.3526,0.3722
SPADES KING DIAMONDS SIX,0.4046,0.0076,0.5878
SPADES TEN DIAMONDS SIX,0.6104,0.0108,0.3788
SPADES JACK DIAMONDS SIX,0.6326,0.0116,0.3558
SPADES QUEEN SPADES TWO,0.2916,0.4598,0.2486
SPADES KING SPADES TWO,0.4,0.006,0.594
SPADES ACE SPADES TWO,0.3942,0.0054,0.6004
DIAMONDS JACK CLUBS JACK,0.3144,0.0112,0.6744
CLUBS TEN DIAMONDS JACK,0.549,0.011,0.44
DIAMONDS JACK CLUBS KING,0.3668,0.007,0.6262
DIAMONDS THREE DIAMONDS JACK,0.6058,0.011,0.3832
DIAMONDS THREE DIAMONDS TEN,0.599,0.0106,0.3904
DIAMONDS JACK CLUBS ACE,0.3684,0.0068,0.6248
DIAMONDS THREE DIAMONDS KING,0.4046,0.0088,0.5866
HEARTS THREE DIAMONDS THREE,0.4526,0.0322,0.5152
DIAMONDS THREE DIAMONDS QUEEN,0.2882,0.462,0.2498
DIAMONDS THREE HEARTS TWO,0.6536,0.016,0.3304
HEARTS FIVE DIAMONDS THREE,0.6184,0.015,0.3666
DIAMONDS THREE DIAMONDS ACE,0.4018,0.0052,0.593
HEARTS FOUR DIAMONDS THREE,0.7048,0.0438,0.2514
DIAMONDS THREE HEARTS SEVEN,0.6504,0.013,0.3366
SPADES TEN SPADES NINE,0.5348,0.01,0.4552
HEARTS SIX DIAMONDS THREE,0.6354,0.0162,0.3484
SPADES JACK SPADES NINE,0.541,0.0088,0.4502
DIAMONDS THREE HEARTS NINE,0.6404,0.0122,0.3474
HEARTS JACK DIAMONDS FOUR,0.7338,0.0474,0.2188
HEARTS KING HEARTS ACE,0.3492,0.0066,0.6442
SPADES TEN SPADES TWO,0.6222,0.0112,0.3666
DIAMONDS THREE HEARTS EIGHT,0.6632,0.0126,0.3242
HEARTS TEN DIAMONDS FOUR,0.7304,0.0414,0.2282
SPADES JACK SPADES TWO,0.5974,0.0106,0.392
HEARTS QUEEN DIAMONDS FOUR,0.0856,0.891,0.0234
HEARTS KING DIAMONDS FOUR,0.2896,0.0326,0.6778
SPADES ACE SPADES NINE,0.3794,0.0068,0.6138
HEARTS ACE DIAMONDS FOUR,0.273,0.0234,0.7036
SPADES KING SPADES NINE,0.3682,0.008,0.6238
SPADES QUEEN SPADES NINE,0.2576,0.1526,0.5898
DIAMONDS THREE SPADES NINE,0.649,0.0128,0.3382
DIAMONDS THREE SPADES EIGHT,0.651,0.0104,0.3386
DIAMONDS THREE SPADES SEVEN,0.6412,0.0126,0.3462
DIAMONDS THREE SPADES SIX,0.6414,0.0118,0.3468
DIAMONDS THREE CLUBS SIX,0.6316,0.015,0.3534
CLUBS FIVE CLUBS SIX,0.5752,0.0138,0.411
CLUBS ACE DIAMONDS FOUR,0.2742,0.0274,0.6984
CLUBS SEVEN DIAMONDS THREE,0.6452,0.0142,0.3406
CLUBS SEVEN CLUBS FIVE,0.573,0.0138,0.4132
DIAMONDS THREE CLUBS FIVE,0.6166,0.0148,0.3686
DIAMONDS FOUR CLUBS KING,0.2616,0.0384,0.7
DIAMONDS THREE CLUBS TWO,0.659,0.015,0.326
CLUBS TEN DIAMONDS FOUR,0.7194,0.0494,0.2312
DIAMONDS THREE CLUBS THREE,0.437,0.0384,0.5246
DIAMONDS FOUR CLUBS JACK,0.7264,0.0462,0.2274
DIAMONDS THREE SPADES FOUR,0.6946,0.0442,0.2612
DIAMONDS THREE SPADES FIVE,0.617,0.013,0.37
DIAMONDS THREE SPADES TWO,0.668,0.0126,0.3194
DIAMONDS THREE SPADES THREE,0.4576,0.0282,0.5142
CLUBS EIGHT DIAMONDS THREE,0.6454,0.0142,0.3404
CLUBS NINE DIAMONDS THREE,0.6434,0.0154,0.3412
SPADES SEVEN CLUBS ACE,0.3906,0.0038,0.6056
SPADES SEVEN CLUBS KING,0.3946,0.0078,0.5976
CLUBS FIVE SPADES SEVEN,0.5922,0.0114,0.3964
CLUBS TEN SPADES SEVEN,0.5806,0.0124,0.407
CLUBS FIVE SPADES SIX,0.5706,0.0168,0.4126
SPADES SEVEN CLUBS JACK,0.6122,0.0128,0.375
CLUBS FIVE SPADES NINE,0.5972,0.0124,0.3904
CLUBS FIVE SPADES EIGHT,0.5958,0.014,0.3902
CLUBS FIVE SPADES THREE,0.6198,0.016,0.3642
CLUBS FIVE SPADES TWO,0.62,0.0144,0.3656
CLUBS FIVE SPADES FIVE,0.3532,0.0286,0.6182
CLUBS FIVE SPADES FOUR,0.68,0.0408,0.2792
CLUBS NINE CLUBS FIVE,0.6026,0.0126,0.3848
CLUBS EIGHT CLUBS FIVE,0.6054,0.0122,0.3824
DIAMONDS TEN DIAMONDS FOUR,0.686,0.0468,0.2672
CLUBS TEN DIAMONDS NINE,0.5636,0.011,0.4254
DIAMONDS JACK DIAMONDS FOUR,0.68,0.0466,0.2734
DIAMONDS NINE CLUBS JACK,0.5698,0.011,0.4192
SPADES NINE CLUBS JACK,0.571,0.0108,0.4182
CLUBS TEN SPADES NINE,0.5672,0.011,0.4218
DIAMONDS ACE DIAMONDS FOUR,0.262,0.02,0.718
HEARTS FOUR DIAMONDS FOUR,0.3376,0.038,0.6244
DIAMONDS JACK HEARTS TEN,0.5714,0.0084,0.4202
SPADES NINE CLUBS KING,0.372,0.0086,0.6194
DIAMONDS TWO SPADES TEN,0.6598,0.0102,0.33
DIAMONDS NINE CLUBS ACE,0.3912,0.0052,0.6036
HEARTS FIVE DIAMONDS FOUR,0.68,0.0434,0.2766
HEARTS JACK DIAMONDS JACK,0.3152,0.0112,0.6736
DIAMONDS TWO SPADES JACK,0.6508,0.0158,0.3334
DIAMONDS QUEEN DIAMONDS FOUR,0.0752,0.8576,0.0672
HEARTS TWO DIAMONDS FOUR,0.726,0.0468,0.2272
DIAMONDS KING DIAMONDS FOUR,0.2584,0.04,0.7016
HEARTS THREE DIAMONDS FOUR,0.697,0.0454,0.2576
SPADES NINE CLUBS ACE,0.3872,0.0062,0.6066
DIAMONDS NINE CLUBS KING,0.3812,0.0084,0.6104
HEARTS ACE DIAMONDS JACK,0.3914,0.0042,0.6044
SPADES ACE DIAMONDS TWO,0.4172,0.0056,0.5772
DIAMONDS JACK HEARTS QUEEN,0.2804,0.0886,0.631
SPADES QUEEN DIAMONDS TWO,0.3206,0.4704,0.209
HEARTS KING DIAMONDS JACK,0.3862,0.0048,0.609
SPADES KING DIAMONDS TWO,0.4236,0.0084,0.568
SPADES JACK SPADES SEVEN,0.5758,0.0108,0.4134
SPADES TEN SPADES SEVEN,0.5546,0.0116,0.4338
CLUBS SEVEN CLUBS THREE,0.6384,0.0172,0.3444
CLUBS SIX CLUBS THREE,0.6238,0.0146,0.3616
CLUBS FIVE CLUBS THREE,0.6122,0.0144,0.3734
CLUBS NINE CLUBS THREE,0.631,0.0158,0.3532
CLUBS EIGHT CLUBS THREE,0.6536,0.0134,0.333
CLUBS THREE SPADES FIVE,0.619,0.0164,0.3646
CLUBS THREE SPADES FOUR,0.6886,0.046,0.2654
CLUBS THREE SPADES THREE,0.4528,0.034,0.5132
CLUBS THREE SPADES TWO,0.6512,0.0176,0.3312
CLUBS THREE SPADES SIX,0.6252,0.0124,0.3624
SPADES SEVEN CLUBS THREE,0.645,0.0136,0.3414
SPADES EIGHT CLUBS THREE,0.6544,0.0148,0.3308
SPADES NINE CLUBS THREE,0.6484,0.013,0.3386
SPADES TWO DIAMONDS FOUR,0.6992,0.0492,0.2516
SPADES THREE DIAMONDS FOUR,0.702,0.0484,0.2496
SPADES FOUR DIAMONDS FOUR,0.3414,0.0314,0.6272
SPADES FIVE DIAMONDS FOUR,0.6924,0.042,0.2656
SPADES SIX DIAMONDS FOUR,0.6954,0.0398,0.2648
SPADES SEVEN DIAMONDS FOUR,0.7118,0.041,0.2472
SPADES EIGHT DIAMONDS FOUR,0.7138,0.045,0.2412
SPADES NINE DIAMONDS FOUR,0.7282,0.0448,0.227
CLUBS FIVE DIAMONDS FOUR,0.6818,0.0492,0.269
CLUBS SEVEN DIAMONDS FOUR,0.7088,0.04,0.2512
CLUBS SIX DIAMONDS FOUR,0.705,0.0376,0.2574
CLUBS NINE DIAMONDS FOUR,0.7336,0.0404,0.226
CLUBS EIGHT DIAMONDS FOUR,0.7116,0.0476,0.2408
DIAMONDS FOUR HEARTS SEVEN,0.7114,0.0416,0.247
HEARTS SIX DIAMONDS FOUR,0.6872,0.038,0.2748
HEARTS NINE DIAMONDS FOUR,0.734,0.0426,0.2234
DIAMONDS FOUR HEARTS EIGHT,0.7024,0.044,0.2536
CLUBS THREE DIAMONDS FOUR,0.6896,0.049,0.2614
CLUBS TWO DIAMONDS FOUR,0.7152,0.047,0.2378
DIAMONDS TEN DIAMONDS FIVE,0.586,0.01,0.404
DIAMONDS JACK DIAMONDS FIVE,0.589,0.012,0.399
DIAMONDS NINE HEARTS QUEEN,0.2746,0.1556,0.5698
HEARTS KING DIAMONDS NINE,0.4034,0.0084,0.5882
DIAMONDS NINE HEARTS ACE,0.3906,0.0044,0.605
DIAMONDS NINE HEARTS TEN,0.567,0.0132,0.4198
DIAMONDS NINE HEARTS JACK,0.587,0.0118,0.4012
CLUBS KING DIAMONDS SIX,0.3894,0.0082,0.6024
CLUBS ACE DIAMONDS SIX,0.3804,0.0072,0.6124
SPADES KING DIAMONDS FOUR,0.2878,0.0332,0.679
SPADES ACE SPADES SEVEN,0.3814,0.0054,0.6132
SPADES QUEEN DIAMONDS FOUR,0.072,0.9082,0.0198
SPADES QUEEN SPADES SEVEN,0.2556,0.2772,0.4672
CLUBS JACK DIAMONDS SIX,0.6194,0.011,0.3696
SPADES KING SPADES SEVEN,0.3918,0.0084,0.5998
SPADES ACE DIAMONDS FOUR,0.2784,0.025,0.6966
CLUBS TEN DIAMONDS SIX,0.6014,0.0138,0.3848
SPADES JACK DIAMONDS FOUR,0.7242,0.0514,0.2244
SPADES TEN DIAMONDS FOUR,0.7282,0.0454,0.2264
CLUBS SEVEN SPADES EIGHT,0.5856,0.011,0.4034
CLUBS SEVEN SPADES NINE,0.5736,0.0152,0.4112
CLUBS SEVEN SPADES SIX,0.5956,0.0106,0.3938
CLUBS SEVEN SPADES SEVEN,0.3522,0.023,0.6248
CLUBS SEVEN SPADES FIVE,0.5996,0.0152,0.3852
CLUBS SEVEN SPADES FOUR,0.6996,0.0412,0.2592
CLUBS SEVEN SPADES THREE,0.653,0.0142,0.3328
CLUBS SEVEN SPADES TWO,0.649,0.0154,0.3356
CLUBS NINE CLUBS SEVEN,0.5772,0.0124,0.4104
CLUBS SEVEN CLUBS EIGHT,0.5658,0.0144,0.4198
HEARTS SIX DIAMONDS FIVE,0.5874,0.0106,0.402
DIAMONDS FIVE HEARTS SEVEN,0.5996,0.0132,0.3872
DIAMONDS FIVE HEARTS EIGHT,0.6078,0.014,0.3782
HEARTS NINE DIAMONDS FIVE,0.6074,0.013,0.3796
DIAMONDS QUEEN DIAMONDS FIVE,0.251,0.4158,0.3332
HEARTS TWO DIAMONDS FIVE,0.6364,0.0162,0.3474
HEARTS KING HEARTS EIGHT,0.3804,0.0064,0.6132
DIAMONDS KING DIAMONDS FIVE,0.3784,0.0088,0.6128
HEARTS THREE DIAMONDS FIVE,0.6226,0.0122,0.3652
HEARTS QUEEN HEARTS EIGHT,0.2638,0.2038,0.5324
DIAMONDS ACE DIAMONDS FIVE,0.3686,0.0056,0.6258
HEARTS FOUR DIAMONDS FIVE,0.671,0.0408,0.2882
HEARTS FIVE DIAMONDS FIVE,0.3684,0.031,0.6006
HEARTS ACE HEARTS EIGHT,0.3756,0.0048,0.6196
CLUBS FIVE DIAMONDS FIVE,0.3624,0.0308,0.6068
CLUBS SIX DIAMONDS FIVE,0.5788,0.014,0.4072
CLUBS SEVEN DIAMONDS FIVE,0.5876,0.0156,0.3968
CLUBS TWO DIAMONDS FIVE,0.632,0.0158,0.3522
CLUBS THREE DIAMONDS FIVE,0.6036,0.0158,0.3806
SPADES THREE DIAMONDS FIVE,0.6224,0.0138,0.3638
SPADES TWO DIAMONDS FIVE,0.6324,0.014,0.3536
SPADES JACK DIAMONDS EIGHT,0.5912,0.0116,0.3972
SPADES FIVE DIAMONDS FIVE,0.3716,0.0344,0.594
CLUBS TEN HEARTS JACK,0.5522,0.0096,0.4382
SPADES TEN DIAMONDS EIGHT,0.5904,0.0108,0.3988
SPADES FOUR DIAMONDS FIVE,0.6788,0.0396,0.2816
HEARTS JACK CLUBS JACK,0.317,0.0096,0.6734
CLUBS NINE DIAMONDS FIVE,0.6092,0.012,0.3788
HEARTS JACK CLUBS KING,0.372,0.0082,0.6198
CLUBS EIGHT DIAMONDS FIVE,0.6036,0.013,0.3834
HEARTS JACK CLUBS ACE,0.3666,0.0054,0.628
SPADES SEVEN DIAMONDS FIVE,0.6066,0.0092,0.3842
SPADES KING DIAMONDS EIGHT,0.4002,0.0064,0.5934
SPADES QUEEN DIAMONDS EIGHT,0.2688,0.2148,0.5164
SPADES SIX DIAMONDS FIVE,0.5844,0.0128,0.4028
SPADES NINE DIAMONDS FIVE,0.6108,0.012,0.3772
SPADES EIGHT DIAMONDS FIVE,0.6138,0.0104,0.3758
SPADES ACE DIAMONDS EIGHT,0.3912,0.0048,0.604
DIAMONDS TEN DIAMONDS SIX,0.5696,0.0102,0.4202
HEARTS ACE DIAMONDS SEVEN,0.4114,0.0036,0.585
DIAMONDS JACK DIAMONDS SIX,0.5848,0.0112,0.404
HEARTS QUEEN DIAMONDS SEVEN,0.2724,0.287,0.4406
HEARTS KING DIAMONDS SEVEN,0.4018,0.0066,0.5916
DIAMONDS ACE DIAMONDS SIX,0.3666,0.0042,0.6292
HEARTS FOUR DIAMONDS SIX,0.6914,0.0432,0.2654
HEARTS JACK SPADES TWO,0.6572,0.014,0.3288
HEARTS FIVE DIAMONDS SIX,0.5998,0.012,0.3882
SPADES TWO HEARTS TEN,0.6518,0.0132,0.335
DIAMONDS QUEEN DIAMONDS SIX,0.2516,0.351,0.3974
HEARTS TWO DIAMONDS SIX,0.6518,0.0162,0.332
DIAMONDS KING DIAMONDS SIX,0.3808,0.0098,0.6094
HEARTS THREE DIAMONDS SIX,0.6522,0.0126,0.3352
HEARTS EIGHT DIAMONDS SIX,0.585,0.0108,0.4042
HEARTS NINE DIAMONDS SIX,0.6014,0.0106,0.388
HEARTS SIX DIAMONDS SIX,0.3532,0.0244,0.6224
HEARTS SEVEN DIAMONDS SIX,0.5914,0.0134,0.3952
HEARTS TEN DIAMONDS SEVEN,0.5918,0.0114,0.3968
CLUBS TWO DIAMONDS SIX,0.6378,0.0156,0.3466
HEARTS JACK DIAMONDS SEVEN,0.615,0.0084,0.3766
CLUBS THREE DIAMONDS SIX,0.6294,0.0114,0.3592
CLUBS SEVEN DIAMONDS SIX,0.5732,0.0136,0.4132
DIAMONDS EIGHT CLUBS JACK,0.584,0.0084,0.4076
CLUBS SIX DIAMONDS SIX,0.3572,0.0296,0.6132
CLUBS TEN DIAMONDS EIGHT,0.5636,0.0126,0.4238
CLUBS FIVE DIAMONDS SIX,0.5802,0.0132,0.4066
HEARTS ACE HEARTS JACK,0.3652,0.0044,0.6304
DIAMONDS EIGHT CLUBS ACE,0.393,0.0044,0.6026
HEARTS JACK HEARTS QUEEN,0.2706,0.0848,0.6446
DIAMONDS EIGHT CLUBS KING,0.4016,0.0086,0.5898
CLUBS NINE DIAMONDS SIX,0.5838,0.0142,0.402
HEARTS KING HEARTS JACK,0.3552,0.006,0.6388
CLUBS EIGHT DIAMONDS SIX,0.5876,0.0142,0.3982
SPADES TEN HEARTS KING,0.392,0.0064,0.6016
SPADES FIVE DIAMONDS SIX,0.5966,0.0116,0.3918
HEARTS ACE SPADES TWO,0.4198,0.0068,0.5734
SPADES JACK HEARTS KING,0.396,0.0086,0.5954
SPADES FOUR DIAMONDS SIX,0.705,0.0364,0.2586
SPADES THREE DIAMONDS SIX,0.6324,0.013,0.3546
HEARTS QUEEN SPADES TWO,0.3248,0.4726,0.2026
SPADES ACE SPADES KING,0.3306,0.0056,0.6638
HEARTS KING SPADES TWO,0.4314,0.0092,0.5594
SPADES TWO DIAMONDS SIX,0.6436,0.015,0.3414
HEARTS TEN HEARTS EIGHT,0.5418,0.0122,0.446
SPADES NINE DIAMONDS SIX,0.5946,0.0102,0.3952
HEARTS JACK HEARTS EIGHT,0.556,0.0104,0.4336
SPADES EIGHT DIAMONDS SIX,0.5946,0.0118,0.3936
SPADES SEVEN DIAMONDS SIX,0.5834,0.0114,0.4052
SPADES SIX DIAMONDS SIX,0.3618,0.025,0.6132
SPADES KING HEARTS KING,0.1772,0.0046,0.8182
SPADES QUEEN HEARTS KING,0.2828,0.024,0.6932
CLUBS ACE CLUBS KING,0.306,0.0048,0.6892
SPADES ACE HEARTS KING,0.3706,0.004,0.6254
SPADES ACE HEARTS JACK,0.3906,0.004,0.6054
SPADES QUEEN HEARTS JACK,0.2752,0.091,0.6338
SPADES KING HEARTS JACK,0.3926,0.0066,0.6008
SPADES TEN DIAMONDS TEN,0.3204,0.0124,0.6672
SPADES JACK DIAMONDS TEN,0.5688,0.0102,0.421
SPADES ACE DIAMONDS TEN,0.3938,0.0048,0.6014
SPADES JACK HEARTS JACK,0.3178,0.0112,0.671
SPADES TEN HEARTS JACK,0.5634,0.0078,0.4288
SPADES QUEEN DIAMONDS TEN,0.2772,0.1142,0.6086
SPADES KING DIAMONDS TEN,0.3866,0.0054,0.608
SPADES NINE DIAMONDS SEVEN,0.597,0.0082,0.3948
SPADES EIGHT DIAMONDS SEVEN,0.58,0.0096,0.4104
SPADES SEVEN DIAMONDS SEVEN,0.3618,0.0218,0.6164
SPADES SIX DIAMONDS SEVEN,0.5892,0.0146,0.3962
DIAMONDS KING DIAMONDS SEVEN,0.375,0.007,0.618
HEARTS THREE DIAMONDS SEVEN,0.655,0.0152,0.3298
HEARTS KING DIAMONDS FIVE,0.4032,0.0088,0.588
DIAMONDS QUEEN DIAMONDS SEVEN,0.2586,0.2682,0.4732
HEARTS TWO DIAMONDS SEVEN,0.6556,0.0142,0.3302
HEARTS QUEEN DIAMONDS FIVE,0.267,0.4272,0.3058
HEARTS FIVE DIAMONDS SEVEN,0.601,0.0126,0.3864
DIAMONDS ACE DIAMONDS SEVEN,0.3844,0.0052,0.6104
HEARTS FOUR DIAMONDS SEVEN,0.7028,0.0392,0.258
HEARTS ACE DIAMONDS FIVE,0.3874,0.005,0.6076
HEARTS SEVEN DIAMONDS SEVEN,0.3632,0.0216,0.6152
HEARTS SIX DIAMONDS SEVEN,0.58,0.012,0.408
HEARTS NINE DIAMONDS SEVEN,0.5956,0.0142,0.3902
DIAMONDS SEVEN HEARTS EIGHT,0.5828,0.0108,0.4064
DIAMONDS JACK DIAMONDS SEVEN,0.5624,0.0098,0.4278
HEARTS JACK DIAMONDS FIVE,0.6288,0.0114,0.3598
DIAMONDS TEN DIAMONDS SEVEN,0.554,0.012,0.434
DIAMONDS FIVE HEARTS TEN,0.6118,0.0146,0.3736
SPADES KING CLUBS TWO,0.4334,0.0084,0.5582
HEARTS KING CLUBS KING,0.1666,0.0052,0.8282
CLUBS EIGHT DIAMONDS SEVEN,0.5792,0.0108,0.41
SPADES QUEEN CLUBS TWO,0.2998,0.4848,0.2154
CLUBS NINE DIAMONDS SEVEN,0.5706,0.0112,0.4182
SPADES TWO CLUBS JACK,0.6454,0.012,0.3426
SPADES ACE CLUBS TWO,0.407,0.0064,0.5866
CLUBS TEN SPADES TWO,0.644,0.0156,0.3404
HEARTS KING CLUBS ACE,0.3512,0.0056,0.6432
CLUBS SEVEN CLUBS SIX,0.574,0.0132,0.4128
SPADES TWO CLUBS KING,0.4098,0.006,0.5842
SPADES TWO DIAMONDS SEVEN,0.6614,0.0144,0.3242
CLUBS EIGHT CLUBS SIX,0.5798,0.013,0.4072
SPADES THREE DIAMONDS SEVEN,0.6394,0.0102,0.3504
CLUBS NINE CLUBS SIX,0.5892,0.0136,0.3972
SPADES FOUR DIAMONDS SEVEN,0.704,0.0392,0.2568
HEARTS KING CLUBS JACK,0.3824,0.008,0.6096
SPADES FIVE DIAMONDS SEVEN,0.6024,0.0126,0.385
SPADES TWO CLUBS ACE,0.4126,0.0066,0.5808
CLUBS TEN HEARTS KING,0.3832,0.0068,0.61
CLUBS SIX SPADES TWO,0.6382,0.015,0.3468
CLUBS SIX SPADES THREE,0.6266,0.0138,0.3596
CLUBS TWO DIAMONDS SEVEN,0.665,0.0144,0.3206
CLUBS SIX SPADES FOUR,0.6932,0.0392,0.2676
CLUBS THREE DIAMONDS SEVEN,0.6392,0.0132,0.3476
CLUBS SIX SPADES FIVE,0.5698,0.0152,0.415
CLUBS SIX SPADES SIX,0.3344,0.0286,0.637
CLUBS FIVE DIAMONDS SEVEN,0.5824,0.012,0.4056
CLUBS SIX SPADES SEVEN,0.5724,0.0116,0.416
CLUBS SIX DIAMONDS SEVEN,0.5766,0.012,0.4114
CLUBS SIX SPADES EIGHT,0.5854,0.0112,0.4034
SPADES JACK CLUBS TWO,0.6426,0.015,0.3424
CLUBS SEVEN DIAMONDS SEVEN,0.3358,0.0298,0.6344
SPADES NINE CLUBS SIX,0.581,0.0106,0.4084
SPADES TEN CLUBS TWO,0.6428,0.0126,0.3446
CLUBS TWO CLUBS KING,0.3894,0.0088,0.6018
CLUBS THREE DIAMONDS EIGHT,0.6496,0.0142,0.3362
CLUBS TWO CLUBS ACE,0.3642,0.0056,0.6302
CLUBS TWO DIAMONDS EIGHT,0.6476,0.014,0.3384
DIAMONDS EIGHT HEARTS SEVEN,0.585,0.0122,0.4028
HEARTS SIX DIAMONDS EIGHT,0.5874,0.0104,0.4022
DIAMONDS EIGHT HEARTS NINE,0.5644,0.0104,0.4252
CLUBS TEN CLUBS TWO,0.6314,0.014,0.3546
DIAMONDS EIGHT HEARTS EIGHT,0.3496,0.0162,0.6342
CLUBS TWO CLUBS JACK,0.6394,0.014,0.3466
CLUBS NINE DIAMONDS EIGHT,0.566,0.0098,0.4242
CLUBS EIGHT DIAMONDS EIGHT,0.3504,0.0196,0.63
CLUBS FIVE DIAMONDS EIGHT,0.5972,0.0158,0.387
SPADES ACE SPADES THREE,0.3784,0.0048,0.6168
CLUBS SEVEN DIAMONDS EIGHT,0.581,0.011,0.408
SPADES QUEEN SPADES THREE,0.2884,0.4724,0.2392
CLUBS SIX DIAMONDS EIGHT,0.5802,0.0124,0.4074
SPADES KING SPADES THREE,0.4098,0.0076,0.5826
DIAMONDS QUEEN DIAMONDS EIGHT,0.2676,0.2052,0.5272
HEARTS TWO DIAMONDS EIGHT,0.6578,0.0128,0.3294
DIAMONDS KING DIAMONDS EIGHT,0.375,0.0078,0.6172
HEARTS THREE DIAMONDS EIGHT,0.669,0.012,0.319
DIAMONDS ACE DIAMONDS EIGHT,0.3788,0.0038,0.6174
HEARTS FOUR DIAMONDS EIGHT,0.7162,0.0392,0.2446
HEARTS FIVE DIAMONDS EIGHT,0.601,0.0112,0.3878
DIAMONDS EIGHT DIAMONDS TEN,0.544,0.0096,0.4464
DIAMONDS EIGHT DIAMONDS JACK,0.5436,0.0128,0.4436
SPADES JACK SPADES THREE,0.6096,0.0098,0.3806
SPADES TEN SPADES THREE,0.5946,0.0146,0.3908
CLUBS SIX HEARTS TEN,0.5994,0.013,0.3876
CLUBS SIX HEARTS JACK,0.622,0.0094,0.3686
DIAMONDS EIGHT SPADES FOUR,0.7208,0.0384,0.2408
SPADES FIVE DIAMONDS EIGHT,0.5996,0.0132,0.3872
DIAMONDS EIGHT SPADES TWO,0.6538,0.0118,0.3344
DIAMONDS EIGHT SPADES THREE,0.6472,0.0138,0.339
SPADES EIGHT DIAMONDS EIGHT,0.3502,0.0168,0.633
SPADES TEN DIAMONDS QUEEN,0.2756,0.1166,0.6078
SPADES TEN HEARTS TWO,0.6426,0.0164,0.341
SPADES JACK HEARTS EIGHT,0.5906,0.0124,0.397
SPADES NINE DIAMONDS EIGHT,0.5686,0.0116,0.4198
SPADES TEN HEARTS EIGHT,0.5896,0.011,0.3994
SPADES JACK HEARTS TWO,0.6614,0.0116,0.327
SPADES JACK DIAMONDS QUEEN,0.2812,0.086,0.6328
SPADES SIX DIAMONDS EIGHT,0.6014,0.014,0.3846
SPADES SEVEN DIAMONDS EIGHT,0.5786,0.0086,0.4128
SPADES ACE HEARTS TWO,0.4222,0.0068,0.571
SPADES ACE DIAMONDS QUEEN,0.2658,0.0176,0.7166
SPADES ACE HEARTS EIGHT,0.403,0.0046,0.5924
SPADES KING HEARTS EIGHT,0.3994,0.0068,0.5938
SPADES QUEEN HEARTS TWO,0.31,0.4894,0.2006
SPADES QUEEN DIAMONDS QUEEN,0.1324,0.0232,0.8444
SPADES KING DIAMONDS QUEEN,0.2766,0.025,0.6984
SPADES KING HEARTS TWO,0.429,0.0104,0.5606
SPADES QUEEN HEARTS EIGHT,0.279,0.2114,0.5096
CLUBS TWO HEARTS TEN,0.6402,0.0122,0.3476
CLUBS TWO HEARTS JACK,0.65,0.012,0.338
SPADES SEVEN DIAMONDS NINE,0.594,0.0096,0.3964
SPADES SIX DIAMONDS NINE,0.6068,0.0134,0.3798
SPADES NINE DIAMONDS NINE,0.3468,0.013,0.6402
SPADES EIGHT DIAMONDS NINE,0.5718,0.0108,0.4174
SPADES TEN CLUBS KING,0.3754,0.0062,0.6184
DIAMONDS NINE SPADES THREE,0.6488,0.0098,0.3414
SPADES JACK CLUBS KING,0.3726,0.0064,0.621
DIAMONDS NINE SPADES TWO,0.6496,0.0124,0.338
DIAMONDS NINE SPADES FIVE,0.6164,0.0104,0.3732
DIAMONDS NINE SPADES FOUR,0.7284,0.0426,0.229
CLUBS NINE DIAMONDS NINE,0.3256,0.0208,0.6536
CLUBS EIGHT DIAMONDS NINE,0.5656,0.0114,0.423
CLUBS SIX DIAMONDS NINE,0.5912,0.0106,0.3982
CLUBS SEVEN DIAMONDS NINE,0.604,0.0086,0.3874
CLUBS FIVE DIAMONDS NINE,0.5984,0.0114,0.3902
CLUBS TWO DIAMONDS NINE,0.642,0.0166,0.3414
CLUBS THREE DIAMONDS NINE,0.6578,0.012,0.3302
DIAMONDS NINE HEARTS EIGHT,0.579,0.011,0.41
DIAMONDS NINE HEARTS NINE,0.3396,0.0174,0.643
HEARTS SIX DIAMONDS NINE,0.5956,0.0124,0.392
DIAMONDS NINE HEARTS SEVEN,0.5776,0.0084,0.414
CLUBS NINE CLUBS EIGHT,0.5648,0.016,0.4192
DIAMONDS ACE DIAMONDS NINE,0.3902,0.0044,0.6054
HEARTS FOUR DIAMONDS NINE,0.7312,0.0422,0.2266
HEARTS FIVE DIAMONDS NINE,0.6094,0.0126,0.378
CLUBS TWO HEARTS ACE,0.406,0.0052,0.5888
DIAMONDS QUEEN DIAMONDS NINE,0.2626,0.1438,0.5936
HEARTS TWO DIAMONDS NINE,0.6494,0.0106,0.34
CLUBS TWO HEARTS KING,0.415,0.0068,0.5782
DIAMONDS KING DIAMONDS NINE,0.3732,0.0066,0.6202
HEARTS THREE DIAMONDS NINE,0.641,0.0132,0.3458
CLUBS TWO HEARTS QUEEN,0.2988,0.4962,0.205
DIAMONDS NINE DIAMONDS JACK,0.5392,0.009,0.4518
CLUBS EIGHT SPADES NINE,0.5598,0.013,0.4272
DIAMONDS NINE DIAMONDS TEN,0.5404,0.0134,0.4462
CLUBS EIGHT SPADES EIGHT,0.3314,0.0226,0.646
CLUBS EIGHT SPADES SEVEN,0.5736,0.0122,0.4142
CLUBS EIGHT SPADES SIX,0.5854,0.0126,0.402
CLUBS EIGHT SPADES FIVE,0.5984,0.0126,0.389
CLUBS EIGHT SPADES FOUR,0.7024,0.0484,0.2492
CLUBS EIGHT SPADES THREE,0.6464,0.0124,0.3412
CLUBS EIGHT SPADES TWO,0.6536,0.0154,0.331
HEARTS SIX DIAMONDS TEN,0.6094,0.011,0.3796
DIAMONDS TEN HEARTS SEVEN,0.6104,0.0122,0.3774
DIAMONDS TEN HEARTS EIGHT,0.5924,0.0096,0.398
DIAMONDS TEN HEARTS NINE,0.5692,0.0106,0.4202
CLUBS TWO DIAMONDS TEN,0.653,0.0142,0.3328
CLUBS THREE DIAMONDS TEN,0.6422,0.012,0.3458
DIAMONDS JACK DIAMONDS TEN,0.5382,0.0098,0.452
DIAMONDS QUEEN DIAMONDS TEN,0.2716,0.1094,0.619
HEARTS TWO DIAMONDS TEN,0.66,0.0116,0.3284
DIAMONDS KING DIAMONDS TEN,0.352,0.0076,0.6404
HEARTS THREE DIAMONDS TEN,0.646,0.0112,0.3428
DIAMONDS ACE DIAMONDS TEN,0.3668,0.0024,0.6308
HEARTS FOUR DIAMONDS TEN,0.7214,0.05,0.2286
CLUBS EIGHT HEARTS JACK,0.5818,0.011,0.4072
HEARTS FIVE DIAMONDS TEN,0.611,0.0118,0.3772
CLUBS EIGHT HEARTS TEN,0.5798,0.0118,0.4084
CLUBS EIGHT HEARTS QUEEN,0.2762,0.204,0.5198
CLUBS EIGHT HEARTS KING,0.3898,0.0082,0.602
CLUBS EIGHT HEARTS ACE,0.3832,0.006,0.6108
CLUBS NINE SPADES THREE,0.6342,0.0162,0.3496
CLUBS NINE SPADES TWO,0.6488,0.016,0.3352
CLUBS NINE SPADES FIVE,0.6088,0.0144,0.3768
CLUBS NINE SPADES FOUR,0.719,0.0428,0.2382
CLUBS NINE SPADES SEVEN,0.5884,0.0118,0.3998
CLUBS NINE SPADES SIX,0.5934,0.0116,0.395
CLUBS NINE SPADES NINE,0.3328,0.0182,0.649
CLUBS TEN HEARTS EIGHT,0.5802,0.0122,0.4076
CLUBS NINE SPADES EIGHT,0.5618,0.0096,0.4286
CLUBS JACK HEARTS EIGHT,0.5796,0.0114,0.409
CLUBS KING HEARTS EIGHT,0.4074,0.0084,0.5842
CLUBS ACE HEARTS EIGHT,0.3784,0.0042,0.6174
SPADES KING CLUBS KING,0.163,0.0058,0.8312
SPADES QUEEN CLUBS KING,0.266,0.0306,0.7034
SPADES ACE CLUBS KING,0.3496,0.0054,0.645
DIAMONDS ACE HEARTS TEN,0.3912,0.0054,0.6034
HEARTS FOUR HEARTS TEN,0.6816,0.0418,0.2766
DIAMONDS ACE HEARTS JACK,0.3952,0.0044,0.6004
HEARTS FOUR HEARTS JACK,0.6886,0.0432,0.2682
SPADES KING CLUBS FIVE,0.3878,0.01,0.6022
SPADES QUEEN CLUBS FIVE,0.2654,0.432,0.3026
SPADES ACE CLUBS FIVE,0.3676,0.0044,0.628
DIAMONDS JACK HEARTS SEVEN,0.599,0.0112,0.3898
HEARTS SIX DIAMONDS JACK,0.6196,0.0112,0.3692
DIAMONDS JACK HEARTS NINE,0.5824,0.008,0.4096
DIAMONDS JACK HEARTS EIGHT,0.5878,0.009,0.4032
DIAMONDS KING DIAMONDS JACK,0.359,0.0078,0.6332
HEARTS THREE DIAMONDS JACK,0.6418,0.0122,0.346
SPADES ACE SPADES SIX,0.384,0.0056,0.6104
HEARTS ACE SPADES FOUR,0.2754,0.0246,0.7
DIAMONDS QUEEN DIAMONDS JACK,0.2666,0.0842,0.6492
HEARTS TWO DIAMONDS JACK,0.6494,0.0122,0.3384
HEARTS FIVE DIAMONDS JACK,0.627,0.0118,0.3612
SPADES QUEEN SPADES SIX,0.2582,0.3412,0.4006
SPADES FOUR HEARTS QUEEN,0.0684,0.9104,0.0212
DIAMONDS ACE DIAMONDS JACK,0.3658,0.0062,0.628
HEARTS FOUR DIAMONDS JACK,0.7392,0.0486,0.2122
SPADES KING SPADES SIX,0.3818,0.0082,0.61
HEARTS KING SPADES FOUR,0.2784,0.0394,0.6822
SPADES TEN SPADES SIX,0.5762,0.0102,0.4136
SPADES JACK SPADES SIX,0.5962,0.0096,0.3942
SPADES FOUR DIAMONDS JACK,0.7302,0.0478,0.222
SPADES FIVE DIAMONDS JACK,0.6206,0.0116,0.3678
DIAMONDS JACK SPADES TWO,0.663,0.0098,0.3272
DIAMONDS JACK SPADES THREE,0.652,0.0124,0.3356
SPADES ACE DIAMONDS THREE,0.4194,0.006,0.5746
SPADES QUEEN DIAMONDS THREE,0.3086,0.4832,0.2082
CLUBS EIGHT DIAMONDS JACK,0.5844,0.0136,0.402
SPADES KING DIAMONDS THREE,0.4344,0.0098,0.5558
CLUBS NINE DIAMONDS JACK,0.58,0.0078,0.4122
CLUBS SIX DIAMONDS JACK,0.606,0.012,0.382
CLUBS SEVEN DIAMONDS JACK,0.5954,0.009,0.3956
CLUBS FIVE DIAMONDS JACK,0.6246,0.0122,0.3632
CLUBS TWO DIAMONDS JACK,0.6418,0.0096,0.3486
CLUBS THREE DIAMONDS JACK,0.6432,0.0128,0.344
SPADES TEN CLUBS FIVE,0.6212,0.0142,0.3646
HEARTS SIX SPADES JACK,0.6126,0.0108,0.3766
HEARTS SIX SPADES TEN,0.6192,0.0108,0.37
SPADES JACK CLUBS FIVE,0.5984,0.0138,0.3878
SPADES JACK DIAMONDS THREE,0.6506,0.0126,0.3368
CLUBS SEVEN CLUBS ACE,0.3492,0.0048,0.646
DIAMONDS THREE SPADES TEN,0.6512,0.0126,0.3362
CLUBS SEVEN CLUBS KING,0.3398,0.009,0.6512
SPADES NINE DIAMONDS JACK,0.5764,0.0078,0.4158
CLUBS TEN CLUBS SEVEN,0.5906,0.0136,0.3958
DIAMONDS ACE HEARTS ACE,0.1612,0.004,0.8348
HEARTS FOUR HEARTS ACE,0.2604,0.0232,0.7164
SPADES EIGHT DIAMONDS JACK,0.5936,0.0088,0.3976
SPADES ACE HEARTS SIX,0.4074,0.0032,0.5894
CLUBS SEVEN CLUBS JACK,0.599,0.0116,0.3894
DIAMONDS ACE HEARTS KING,0.367,0.0054,0.6276
HEARTS FOUR HEARTS KING,0.2656,0.0368,0.6976
SPADES SEVEN DIAMONDS JACK,0.6086,0.0092,0.3822
SPADES KING HEARTS SIX,0.4028,0.0088,0.5884
DIAMONDS ACE HEARTS QUEEN,0.2746,0.015,0.7104
HEARTS FOUR HEARTS QUEEN,0.0756,0.8576,0.0668
SPADES QUEEN HEARTS SIX,0.2706,0.357,0.3724
SPADES SIX DIAMONDS JACK,0.6098,0.0114,0.3788
DIAMONDS TEN SPADES TWO,0.648,0.0144,0.3376
SPADES THREE DIAMONDS TEN,0.649,0.0128,0.3382
SPADES FOUR DIAMONDS TEN,0.725,0.0468,0.2282
SPADES FIVE DIAMONDS TEN,0.625,0.0116,0.3634
SPADES SIX DIAMONDS TEN,0.6106,0.0106,0.3788
SPADES SEVEN DIAMONDS TEN,0.5876,0.013,0.3994
SPADES EIGHT DIAMONDS TEN,0.5752,0.0086,0.4162
SPADES NINE DIAMONDS TEN,0.5764,0.01,0.4136
CLUBS FIVE DIAMONDS TEN,0.6242,0.0138,0.362
CLUBS SIX DIAMONDS TEN,0.6012,0.0144,0.3844
CLUBS SEVEN DIAMONDS TEN,0.5842,0.0146,0.4012
CLUBS EIGHT DIAMONDS TEN,0.5768,0.0134,0.4098
CLUBS NINE DIAMONDS TEN,0.5532,0.0138,0.433
DIAMONDS THREE CLUBS JACK,0.6386,0.0144,0.347
CLUBS TEN DIAMONDS THREE,0.6502,0.01,0.3398
DIAMONDS THREE CLUBS KING,0.4288,0.0092,0.562
DIAMONDS THREE CLUBS ACE,0.4012,0.0058,0.593
SPADES FOUR HEARTS JACK,0.7346,0.0434,0.222
SPADES FOUR HEARTS TEN,0.7348,0.046,0.2192
SPADES FIVE SPADES TWO,0.6044,0.015,0.3806
SPADES FOUR SPADES TWO,0.6712,0.0478,0.281
SPADES THREE SPADES TWO,0.6272,0.0146,0.3582
SPADES NINE SPADES TWO,0.6042,0.015,0.3808
SPADES EIGHT SPADES TWO,0.6066,0.0092,0.3842
SPADES SEVEN SPADES TWO,0.625,0.0124,0.3626
SPADES SIX SPADES TWO,0.5916,0.013,0.3954
DIAMONDS QUEEN CLUBS THREE,0.294,0.5024,0.2036
HEARTS TWO CLUBS THREE,0.65,0.0148,0.3352
DIAMONDS QUEEN CLUBS TWO,0.2956,0.4882,0.2162
CLUBS TWO HEARTS TWO,0.4466,0.0354,0.518
DIAMONDS QUEEN HEARTS SEVEN,0.273,0.2994,0.4276
HEARTS TWO HEARTS SEVEN,0.6248,0.0126,0.3626
HEARTS SIX DIAMONDS QUEEN,0.2772,0.3476,0.3752
HEARTS SIX HEARTS TWO,0.607,0.0124,0.3806
DIAMONDS QUEEN HEARTS NINE,0.2706,0.1634,0.566
HEARTS TWO HEARTS NINE,0.6124,0.0114,0.3762
DIAMONDS QUEEN HEARTS EIGHT,0.2724,0.2162,0.5114
HEARTS TWO HEARTS EIGHT,0.596,0.0132,0.3908
CLUBS NINE HEARTS TWO,0.6388,0.0126,0.3486
CLUBS NINE DIAMONDS QUEEN,0.2682,0.1516,0.5802
CLUBS EIGHT HEARTS TWO,0.66,0.0136,0.3264
CLUBS EIGHT DIAMONDS QUEEN,0.2648,0.2188,0.5164
CLUBS FIVE DIAMONDS QUEEN,0.2424,0.45,0.3076
CLUBS FIVE HEARTS TWO,0.6392,0.0132,0.3476
SPADES EIGHT HEARTS ACE,0.397,0.0044,0.5986
CLUBS SEVEN DIAMONDS QUEEN,0.2602,0.2882,0.4516
CLUBS SEVEN HEARTS TWO,0.6562,0.0128,0.331
SPADES EIGHT HEARTS QUEEN,0.2708,0.2246,0.5046
CLUBS SIX DIAMONDS QUEEN,0.2572,0.3594,0.3834
CLUBS SIX HEARTS TWO,0.6434,0.0172,0.3394
SPADES EIGHT HEARTS KING,0.4038,0.0058,0.5904
HEARTS TWO SPADES SIX,0.6526,0.013,0.3344
DIAMONDS QUEEN SPADES SIX,0.2768,0.3708,0.3524
DIAMONDS QUEEN SPADES SEVEN,0.2686,0.2934,0.438
HEARTS TWO SPADES SEVEN,0.651,0.014,0.335
HEARTS FOUR CLUBS KING,0.2688,0.0326,0.6986
DIAMONDS ACE CLUBS KING,0.349,0.0054,0.6456
DIAMONDS QUEEN SPADES EIGHT,0.2726,0.2248,0.5026
SPADES EIGHT HEARTS TWO,0.662,0.0132,0.3248
HEARTS FOUR CLUBS ACE,0.2612,0.0234,0.7154
DIAMONDS ACE CLUBS ACE,0.1588,0.0048,0.8364
SPADES NINE DIAMONDS QUEEN,0.2922,0.1544,0.5534
SPADES NINE HEARTS TWO,0.649,0.0122,0.3388
HEARTS TWO SPADES TWO,0.4558,0.0334,0.5108
DIAMONDS QUEEN SPADES TWO,0.3114,0.486,0.2026
HEARTS TWO SPADES THREE,0.659,0.0184,0.3226
DIAMONDS QUEEN SPADES THREE,0.3098,0.49,0.2002
HEARTS TWO SPADES FOUR,0.7078,0.0456,0.2466
DIAMONDS QUEEN SPADES FOUR,0.0734,0.907,0.0196
HEARTS FOUR CLUBS TEN,0.731,0.0492,0.2198
CLUBS TEN DIAMONDS ACE,0.37,0.0042,0.6258
HEARTS TWO SPADES FIVE,0.6294,0.0114,0.3592
DIAMONDS QUEEN SPADES FIVE,0.2588,0.4516,0.2896
HEARTS FOUR CLUBS JACK,0.7198,0.05,0.2302
DIAMONDS ACE CLUBS JACK,0.3882,0.005,0.6068
CLUBS FIVE CLUBS KING,0.3458,0.007,0.6472
CLUBS FIVE CLUBS ACE,0.3294,0.0078,0.6628
CLUBS FIVE CLUBS JACK,0.6052,0.014,0.3808
CLUBS TEN CLUBS FIVE,0.5968,0.0138,0.3894
SPADES KING CLUBS JACK,0.3724,0.0082,0.6194
SPADES QUEEN CLUBS JACK,0.2728,0.0832,0.644
SPADES ACE CLUBS JACK,0.3784,0.004,0.6176
SPADES SIX CLUBS KING,0.3928,0.0088,0.5984
SPADES EIGHT HEARTS JACK,0.602,0.0106,0.3874
SPADES SIX CLUBS ACE,0.3972,0.0064,0.5964
SPADES EIGHT HEARTS TEN,0.5832,0.0094,0.4074
SPADES SIX CLUBS JACK,0.6338,0.0124,0.3538
CLUBS TEN SPADES SIX,0.608,0.0116,0.3804
SPADES TEN CLUBS JACK,0.5502,0.0078,0.442
SPADES JACK CLUBS JACK,0.3146,0.011,0.6744
SPADES QUEEN CLUBS SEVEN,0.266,0.2794,0.4546
SPADES KING CLUBS SEVEN,0.3942,0.0066,0.5992
SPADES ACE CLUBS SEVEN,0.3756,0.0054,0.619
SPADES SIX HEARTS TEN,0.6074,0.0104,0.3822
SPADES SIX HEARTS JACK,0.6198,0.01,0.3702
SPADES SIX HEARTS ACE,0.3964,0.0044,0.5992
SPADES SIX HEARTS KING,0.3938,0.0084,0.5978
SPADES SIX HEARTS QUEEN,0.2842,0.3556,0.3602
CLUBS SEVEN SPADES JACK,0.6024,0.0118,0.3858
CLUBS SEVEN SPADES TEN,0.6094,0.0112,0.3794
CLUBS TEN HEARTS SIX,0.5954,0.0124,0.3922
HEARTS SIX CLUBS JACK,0.6174,0.0086,0.374
CLUBS ACE CLUBS JACK,0.3226,0.0066,0.6708
HEARTS SIX CLUBS KING,0.392,0.0082,0.5998
HEARTS SIX CLUBS ACE,0.3886,0.0044,0.607
CLUBS KING CLUBS JACK,0.3286,0.0078,0.6636
DIAMONDS THREE HEARTS ACE,0.4116,0.0038,0.5846
DIAMONDS THREE HEARTS QUEEN,0.3086,0.4788,0.2126
DIAMONDS THREE HEARTS KING,0.4304,0.0072,0.5624
CLUBS FIVE HEARTS JACK,0.612,0.0126,0.3754
SPADES TEN DIAMONDS ACE,0.39,0.0034,0.6066
HEARTS FOUR SPADES TEN,0.7298,0.0446,0.2256
CLUBS FIVE HEARTS TEN,0.6134,0.011,0.3756
HEARTS FOUR SPADES JACK,0.7304,0.047,0.2226
SPADES JACK DIAMONDS ACE,0.3948,0.0058,0.5994
SPADES ACE HEARTS FOUR,0.2684,0.0266,0.705
SPADES ACE DIAMONDS ACE,0.1652,0.003,0.8318
CLUBS FIVE HEARTS ACE,0.376,0.006,0.618
CLUBS FIVE HEARTS KING,0.3984,0.0084,0.5932
HEARTS FOUR SPADES QUEEN,0.0728,0.9052,0.022
SPADES QUEEN DIAMONDS ACE,0.2778,0.0204,0.7018
SPADES FOUR CLUBS JACK,0.7158,0.048,0.2362
CLUBS FIVE HEARTS QUEEN,0.2554,0.442,0.3026
SPADES KING DIAMONDS ACE,0.3662,0.0058,0.628
HEARTS FOUR SPADES KING,0.2652,0.035,0.6998
CLUBS TEN SPADES FOUR,0.7416,0.0432,0.2152
DIAMONDS QUEEN DIAMONDS ACE,0.261,0.0158,0.7232
HEARTS TWO DIAMONDS ACE,0.4262,0.0064,0.5674
HEARTS FOUR DIAMONDS QUEEN,0.075,0.9036,0.0214
HEARTS FOUR HEARTS TWO,0.6792,0.0436,0.2772
DIAMONDS THREE HEARTS TEN,0.6508,0.0122,0.337
SPADES FOUR CLUBS KING,0.268,0.0356,0.6964
HEARTS FIVE DIAMONDS QUEEN,0.2718,0.4274,0.3008
HEARTS FIVE HEARTS TWO,0.598,0.0134,0.3886
DIAMONDS THREE HEARTS JACK,0.6562,0.013,0.3308
DIAMONDS QUEEN HEARTS TWO,0.3066,0.482,0.2114
DIAMONDS KING DIAMONDS QUEEN,0.2526,0.0286,0.7188
DIAMONDS KING HEARTS TWO,0.4196,0.0118,0.5686
HEARTS THREE DIAMONDS QUEEN,0.3026,0.4884,0.209
HEARTS THREE HEARTS TWO,0.6292,0.0134,0.3574
SPADES FOUR CLUBS ACE,0.2528,0.0242,0.723
HEARTS TWO CLUBS ACE,0.4058,0.007,0.5872
DIAMONDS QUEEN CLUBS ACE,0.2586,0.0154,0.726
HEARTS TWO CLUBS KING,0.4192,0.0088,0.572
DIAMONDS QUEEN CLUBS KING,0.2616,0.0296,0.7088
SPADES EIGHT SPADES FIVE,0.5664,0.0132,0.4204
CLUBS TEN HEARTS TWO,0.653,0.0124,0.3346
CLUBS TEN DIAMONDS QUEEN,0.2686,0.11,0.6214
SPADES NINE SPADES FIVE,0.5784,0.011,0.4106
HEARTS TWO CLUBS JACK,0.6416,0.0156,0.3428
DIAMONDS QUEEN CLUBS JACK,0.2552,0.0878,0.657
SPADES SIX SPADES FIVE,0.5534,0.0146,0.432
SPADES SEVEN SPADES FIVE,0.5636,0.0144,0.422
SPADES EIGHT CLUBS ACE,0.3814,0.0042,0.6144
DIAMONDS FIVE CLUBS KING,0.3794,0.0072,0.6134
SPADES EIGHT CLUBS KING,0.3866,0.0082,0.6052
DIAMONDS FIVE CLUBS ACE,0.3758,0.005,0.6192
SPADES EIGHT CLUBS JACK,0.577,0.0106,0.4124
CLUBS TEN SPADES EIGHT,0.5736,0.0122,0.4142
CLUBS TEN DIAMONDS FIVE,0.6288,0.01,0.3612
DIAMONDS FIVE CLUBS JACK,0.6146,0.012,0.3734
HEARTS JACK DIAMONDS TEN,0.562,0.0086,0.4294
DIAMONDS TEN HEARTS TEN,0.3216,0.014,0.6644
SPADES ACE CLUBS NINE,0.4028,0.0062,0.591
CLUBS NINE SPADES QUEEN,0.2662,0.1588,0.575
CLUBS NINE SPADES KING,0.383,0.0086,0.6084
HEARTS SIX HEARTS KING,0.3834,0.0064,0.6102
DIAMONDS KING SPADES SEVEN,0.4066,0.0074,0.586
HEARTS THREE SPADES SEVEN,0.6474,0.0126,0.34
SPADES KING DIAMONDS SEVEN,0.3876,0.008,0.6044
HEARTS SIX HEARTS QUEEN,0.2666,0.3348,0.3986
SPADES QUEEN DIAMONDS SEVEN,0.2764,0.2804,0.4432
HEARTS THREE SPADES SIX,0.638,0.0136,0.3484
DIAMONDS KING SPADES SIX,0.4006,0.0096,0.5898
DIAMONDS KING SPADES NINE,0.3934,0.0064,0.6002
HEARTS THREE SPADES NINE,0.657,0.0108,0.3322
HEARTS SIX HEARTS ACE,0.3758,0.0042,0.62
DIAMONDS KING SPADES EIGHT,0.3952,0.0066,0.5982
HEARTS THREE SPADES EIGHT,0.6562,0.0104,0.3334
SPADES ACE DIAMONDS SEVEN,0.4054,0.0048,0.5898
CLUBS NINE HEARTS THREE,0.636,0.0126,0.3514
CLUBS NINE DIAMONDS KING,0.3852,0.0038,0.611
HEARTS THREE CLUBS EIGHT,0.6312,0.0142,0.3546
CLUBS EIGHT DIAMONDS KING,0.3946,0.0068,0.5986
HEARTS THREE SPADES THREE,0.4468,0.0362,0.517
DIAMONDS KING SPADES THREE,0.4248,0.0086,0.5666
HEARTS THREE SPADES TWO,0.6494,0.0172,0.3334
DIAMONDS KING SPADES TWO,0.4314,0.0064,0.5622
HEARTS THREE SPADES FIVE,0.6218,0.016,0.3622
DIAMONDS KING SPADES FIVE,0.3946,0.0064,0.599
HEARTS THREE SPADES FOUR,0.7078,0.0442,0.248
DIAMONDS KING SPADES FOUR,0.2832,0.0396,0.6772
