opposingHand,winningChance,drawChance,lostChance
CLUBS FIVE DIAMONDS ACE
DIAMONDS SIX HEARTS NINE,0.603,0.0054,0.3916
CLUBS SIX CLUBS THREE,0.6038,0.0046,0.3916
CLUBS TWO DIAMONDS SEVEN,0.665,0.0048,0.3302
SPADES SEVEN HEARTS KING,0.6088,0.0034,0.3878
HEARTS FIVE SPADES FOUR,0.7042,0.025,0.2708
DIAMONDS KING DIAMONDS NINE,0.5614,0.0044,0.4342
SPADES TWO CLUBS KING,0.653,0.0084,0.3386
SPADES QUEEN HEARTS THREE,0.6458,0.0032,0.351
DIAMONDS KING DIAMONDS FOUR,0.6252,0.008,0.3668
HEARTS THREE SPADES TWO,0.6706,0.0052,0.3242
SPADES ACE HEARTS THREE,0.324,0.4572,0.2188
DIAMONDS TWO HEARTS NINE,0.6566,0.0042,0.3392
HEARTS ACE HEARTS JACK,0.2432,0.0972,0.6596
HEARTS FIVE CLUBS SEVEN,0.7072,0.024,0.2688
CLUBS FOUR HEARTS NINE,0.6624,0.0052,0.3324
CLUBS EIGHT CLUBS SEVEN,0.5472,0.005,0.4478
HEARTS FOUR DIAMONDS SIX,0.6352,0.004,0.3608
HEARTS SEVEN SPADES QUEEN,0.62,0.0032,0.3768
DIAMONDS JACK DIAMONDS SIX,0.587,0.0068,0.4062
CLUBS FOUR SPADES TWO,0.6628,0.005,0.3322
HEARTS FOUR SPADES NINE,0.6596,0.003,0.3374
SPADES SIX DIAMONDS FIVE,0.7094,0.0188,0.2718
SPADES SEVEN CLUBS ACE,0.2278,0.2994,0.4728
CLUBS SEVEN DIAMONDS FOUR,0.6386,0.0052,0.3562
CLUBS THREE DIAMONDS SEVEN,0.6552,0.0032,0.3416
CLUBS TEN HEARTS ACE,0.241,0.1232,0.6358
SPADES NINE HEARTS NINE,0.3358,0.0024,0.6618
SPADES NINE DIAMONDS EIGHT,0.5726,0.0042,0.4232
CLUBS NINE CLUBS TWO,0.5962,0.0064,0.3974
CLUBS JACK HEARTS THREE,0.6336,0.0074,0.359
DIAMONDS TEN HEARTS TEN,0.3344,0.0044,0.6612
CLUBS QUEEN DIAMONDS FOUR,0.6524,0.0038,0.3438
SPADES EIGHT DIAMONDS QUEEN,0.5978,0.0052,0.397
CLUBS TWO CLUBS KING,0.6132,0.0056,0.3812
CLUBS TEN HEARTS EIGHT,0.5504,0.0052,0.4444
HEARTS SEVEN DIAMONDS EIGHT,0.5804,0.003,0.4166
CLUBS NINE DIAMONDS JACK,0.5636,0.0048,0.4316
HEARTS SEVEN SPADES FIVE,0.7024,0.0218,0.2758
SPADES JACK SPADES TWO,0.6104,0.005,0.3846
DIAMONDS TEN DIAMONDS FOUR,0.618,0.0038,0.3782
SPADES TEN SPADES SIX,0.5752,0.0036,0.4212
DIAMONDS KING SPADES SEVEN,0.6,0.0032,0.3968
CLUBS NINE DIAMONDS NINE,0.3412,0.004,0.6548
HEARTS SEVEN SPADES TEN,0.585,0.004,0.411
HEARTS FIVE HEARTS FOUR,0.6698,0.024,0.3062
SPADES TWO HEARTS JACK,0.6382,0.006,0.3558
CLUBS EIGHT HEARTS TEN,0.569,0.0026,0.4284
DIAMONDS KING SPADES TWO,0.655,0.006,0.339
SPADES QUEEN SPADES THREE,0.593,0.004,0.403
CLUBS NINE HEARTS TWO,0.6536,0.0062,0.3402
SPADES ACE HEARTS TEN,0.2648,0.1144,0.6208
HEARTS THREE CLUBS FOUR,0.6598,0.0062,0.334
SPADES SEVEN CLUBS TWO,0.6682,0.0046,0.3272
SPADES SIX DIAMONDS JACK,0.6114,0.0062,0.3824
CLUBS SEVEN HEARTS EIGHT,0.5734,0.0028,0.4238
DIAMONDS TWO DIAMONDS EIGHT,0.6222,0.0054,0.3724
SPADES FIVE CLUBS KING,0.7248,0.0324,0.2428
SPADES ACE CLUBS QUEEN,0.2374,0.0698,0.6928
DIAMONDS THREE HEARTS NINE,0.6592,0.0042,0.3366
DIAMONDS SEVEN HEARTS TEN,0.5892,0.004,0.4068
CLUBS NINE HEARTS JACK,0.5666,0.0032,0.4302
DIAMONDS KING SPADES SIX,0.6106,0.0058,0.3836
HEARTS KING HEARTS EIGHT,0.5726,0.0048,0.4226
DIAMONDS TEN SPADES TWO,0.6552,0.0048,0.34
HEARTS TWO DIAMONDS NINE,0.6552,0.0034,0.3414
SPADES JACK DIAMONDS TEN,0.5582,0.0048,0.437
DIAMONDS TWO CLUBS FOUR,0.6558,0.0072,0.337
CLUBS SEVEN HEARTS TWO,0.6502,0.006,0.3438
HEARTS SIX DIAMONDS NINE,0.6048,0.006,0.3892
SPADES KING SPADES EIGHT,0.5632,0.0032,0.4336
DIAMONDS TEN SPADES FOUR,0.647,0.0066,0.3464
CLUBS JACK HEARTS TWO,0.651,0.0036,0.3454
CLUBS ACE HEARTS NINE,0.2492,0.1694,0.5814
SPADES TEN DIAMONDS FIVE,0.7384,0.0278,0.2338
DIAMONDS THREE CLUBS SEVEN,0.6422,0.006,0.3518
DIAMONDS JACK HEARTS ACE,0.2636,0.0918,0.6446
DIAMONDS KING CLUBS TWO,0.6574,0.0056,0.337
HEARTS TWO DIAMONDS FIVE,0.748,0.0302,0.2218
DIAMONDS JACK DIAMONDS SEVEN,0.5732,0.0064,0.4204
HEARTS QUEEN HEARTS TEN,0.5432,0.0054,0.4514
SPADES KING CLUBS FOUR,0.6536,0.0036,0.3428
HEARTS SIX HEARTS FOUR,0.5812,0.0064,0.4124
CLUBS SIX DIAMONDS SIX,0.3706,0.003,0.6264
CLUBS TEN HEARTS THREE,0.6366,0.0024,0.361
SPADES JACK SPADES TEN,0.5166,0.0022,0.4812
CLUBS THREE DIAMONDS EIGHT,0.667,0.0052,0.3278
HEARTS FIVE HEARTS TWO,0.704,0.026,0.27
CLUBS FOUR SPADES SEVEN,0.6488,0.0038,0.3474
CLUBS SEVEN SPADES TWO,0.6602,0.0052,0.3346
CLUBS NINE SPADES FIVE,0.738,0.0264,0.2356
CLUBS EIGHT CLUBS QUEEN,0.5624,0.004,0.4336
HEARTS SEVEN CLUBS SEVEN,0.3464,0.0054,0.6482
CLUBS SEVEN HEARTS JACK,0.6122,0.0034,0.3844
SPADES FOUR CLUBS QUEEN,0.6424,0.0052,0.3524
SPADES QUEEN HEARTS JACK,0.5854,0.0048,0.4098
CLUBS THREE HEARTS NINE,0.6522,0.005,0.3428
CLUBS TWO HEARTS NINE,0.66,0.0058,0.3342
HEARTS TWO SPADES TWO,0.4722,0.0058,0.522
CLUBS FOUR SPADES FIVE,0.7134,0.0238,0.2628
CLUBS EIGHT DIAMONDS NINE,0.5626,0.0044,0.433
SPADES THREE CLUBS KING,0.6446,0.006,0.3494
CLUBS NINE DIAMONDS KING,0.6,0.0064,0.3936
CLUBS EIGHT SPADES TEN,0.5672,0.0046,0.4282
HEARTS FOUR SPADES FOUR,0.4554,0.0042,0.5404
HEARTS FIVE SPADES TWO,0.732,0.0296,0.2384
DIAMONDS JACK HEARTS KING,0.5888,0.0058,0.4054
CLUBS JACK SPADES KING,0.5806,0.0036,0.4158
DIAMONDS QUEEN HEARTS QUEEN,0.3046,0.004,0.6914
DIAMONDS QUEEN DIAMONDS FOUR,0.6254,0.0054,0.3692
CLUBS TWO HEARTS KING,0.6558,0.0052,0.339
HEARTS ACE DIAMONDS TEN,0.256,0.1186,0.6254
CLUBS NINE CLUBS KING,0.5558,0.0056,0.4386
SPADES JACK DIAMONDS FIVE,0.734,0.0278,0.2382
CLUBS THREE SPADES THREE,0.4658,0.0062,0.528
CLUBS EIGHT HEARTS EIGHT,0.3606,0.0028,0.6366
SPADES TWO DIAMONDS FOUR,0.6694,0.0072,0.3234
HEARTS TWO HEARTS EIGHT,0.614,0.004,0.382
HEARTS KING CLUBS ACE,0.262,0.0502,0.6878
DIAMONDS EIGHT HEARTS NINE,0.569,0.0054,0.4256
SPADES FOUR HEARTS QUEEN,0.6484,0.0046,0.347
CLUBS NINE SPADES SIX,0.5982,0.0038,0.398
HEARTS TWO DIAMONDS EIGHT,0.646,0.0064,0.3476
HEARTS SIX CLUBS QUEEN,0.6068,0.0042,0.389
CLUBS TEN SPADES FOUR,0.6542,0.006,0.3398
SPADES SEVEN SPADES FIVE,0.657,0.0202,0.3228
HEARTS SIX SPADES TEN,0.6116,0.0034,0.385
CLUBS TEN SPADES TWO,0.6452,0.0048,0.35
HEARTS TEN HEARTS NINE,0.516,0.0038,0.4802
SPADES JACK SPADES FOUR,0.6004,0.0052,0.3944
CLUBS FOUR DIAMONDS FOUR,0.4652,0.007,0.5278
DIAMONDS THREE SPADES SIX,0.6394,0.006,0.3546
DIAMONDS NINE HEARTS EIGHT,0.5722,0.004,0.4238
HEARTS FIVE SPADES TEN,0.7388,0.0202,0.241
SPADES TEN SPADES NINE,0.511,0.0048,0.4842
SPADES SEVEN DIAMONDS QUEEN,0.6046,0.0046,0.3908
CLUBS SIX CLUBS TWO,0.6112,0.0044,0.3844
DIAMONDS KING HEARTS QUEEN,0.5954,0.003,0.4016
DIAMONDS NINE DIAMONDS SIX,0.5726,0.006,0.4214
HEARTS FIVE DIAMONDS JACK,0.7432,0.0246,0.2322
CLUBS TEN CLUBS FOUR,0.6124,0.0056,0.382
SPADES SEVEN HEARTS NINE,0.5702,0.0032,0.4266
HEARTS SIX SPADES FIVE,0.7126,0.0236,0.2638
SPADES SIX CLUBS ACE,0.2416,0.3782,0.3802
CLUBS TEN DIAMONDS TWO,0.6432,0.0044,0.3524
SPADES KING CLUBS NINE,0.5872,0.0054,0.4074
DIAMONDS THREE HEARTS THREE,0.4744,0.0052,0.5204
SPADES FIVE HEARTS TEN,0.7404,0.0224,0.2372
HEARTS ACE SPADES THREE,0.3276,0.4628,0.2096
SPADES KING DIAMONDS FOUR,0.6442,0.0042,0.3516
SPADES SEVEN DIAMONDS FIVE,0.711,0.019,0.27
CLUBS TWO DIAMONDS SIX,0.6628,0.0056,0.3316
DIAMONDS NINE HEARTS JACK,0.5682,0.005,0.4268
DIAMONDS THREE CLUBS FOUR,0.6638,0.0052,0.331
DIAMONDS THREE DIAMONDS KING,0.6212,0.0066,0.3722
CLUBS SEVEN CLUBS QUEEN,0.578,0.0052,0.4168
SPADES SIX HEARTS KING,0.6008,0.0042,0.395
CLUBS THREE DIAMONDS TEN,0.6446,0.0052,0.3502
SPADES KING DIAMONDS TWO,0.6568,0.0068,0.3364
CLUBS SEVEN HEARTS QUEEN,0.6092,0.0034,0.3874
HEARTS THREE DIAMONDS JACK,0.6508,0.0042,0.345
DIAMONDS KING HEARTS NINE,0.6072,0.0038,0.389
SPADES ACE CLUBS SIX,0.2356,0.3928,0.3716
SPADES THREE HEARTS TEN,0.6478,0.0042,0.348
HEARTS SEVEN HEARTS TWO,0.6266,0.0052,0.3682
HEARTS SIX HEARTS ACE,0.2362,0.354,0.4098
DIAMONDS QUEEN SPADES FOUR,0.6472,0.0046,0.3482
CLUBS TEN HEARTS KING,0.5852,0.0038,0.411
SPADES KING HEARTS QUEEN,0.5706,0.0032,0.4262
CLUBS KING HEARTS EIGHT,0.6026,0.0044,0.393
SPADES FIVE DIAMONDS FOUR,0.706,0.0288,0.2652
DIAMONDS JACK SPADES FOUR,0.6534,0.0064,0.3402
SPADES KING DIAMONDS EIGHT,0.607,0.0052,0.3878
SPADES SEVEN DIAMONDS JACK,0.591,0.0034,0.4056
CLUBS EIGHT HEARTS THREE,0.6518,0.0054,0.3428
SPADES SEVEN SPADES SIX,0.5414,0.0052,0.4534
CLUBS JACK CLUBS NINE,0.5334,0.005,0.4616
CLUBS EIGHT DIAMONDS SIX,0.5794,0.0054,0.4152
HEARTS ACE DIAMONDS FIVE,0.0206,0.9676,0.0118
HEARTS FOUR SPADES TWO,0.6536,0.0046,0.3418
HEARTS ACE DIAMONDS SIX,0.2412,0.3854,0.3734
CLUBS SEVEN CLUBS THREE,0.6202,0.0048,0.375
HEARTS TEN DIAMONDS SIX,0.6074,0.003,0.3896
SPADES JACK SPADES EIGHT,0.548,0.0044,0.4476
CLUBS TEN SPADES JACK,0.5416,0.0062,0.4522
HEARTS TEN HEARTS EIGHT,0.5284,0.0022,0.4694
DIAMONDS TWO SPADES FIVE,0.742,0.024,0.234
CLUBS TEN CLUBS ACE,0.2392,0.1182,0.6426
HEARTS THREE HEARTS NINE,0.604,0.003,0.393
CLUBS JACK SPADES JACK,0.3092,0.0048,0.686
HEARTS THREE CLUBS SIX,0.6328,0.0062,0.361
DIAMONDS KING DIAMONDS TEN,0.5548,0.0066,0.4386
CLUBS SIX DIAMONDS EIGHT,0.5812,0.0058,0.413
CLUBS JACK SPADES SEVEN,0.5932,0.0056,0.4012
CLUBS SIX HEARTS NINE,0.5906,0.0032,0.4062
SPADES FIVE DIAMONDS EIGHT,0.7112,0.023,0.2658
DIAMONDS TEN SPADES THREE,0.647,0.0066,0.3464
HEARTS FOUR HEARTS TWO,0.6194,0.0066,0.374
SPADES KING DIAMONDS NINE,0.5968,0.0052,0.398
CLUBS TEN DIAMONDS EIGHT,0.5646,0.0052,0.4302
HEARTS SEVEN DIAMONDS JACK,0.5974,0.0036,0.399
SPADES EIGHT HEARTS NINE,0.5778,0.0034,0.4188
HEARTS SEVEN CLUBS TEN,0.5762,0.0048,0.419
DIAMONDS SIX HEARTS EIGHT,0.6064,0.0042,0.3894
HEARTS THREE DIAMONDS KING,0.6682,0.0058,0.326
HEARTS TWO CLUBS QUEEN,0.6466,0.0054,0.348
HEARTS SEVEN DIAMONDS THREE,0.6544,0.0062,0.3394
DIAMONDS TWO HEARTS TEN,0.6456,0.0054,0.349
CLUBS FOUR DIAMONDS SIX,0.6326,0.0052,0.3622
CLUBS NINE SPADES NINE,0.3436,0.0054,0.651
SPADES SIX DIAMONDS SIX,0.368,0.0058,0.6262
DIAMONDS SEVEN DIAMONDS SIX,0.5554,0.0054,0.4392
DIAMONDS FIVE CLUBS QUEEN,0.74,0.0306,0.2294
CLUBS JACK CLUBS QUEEN,0.5448,0.0048,0.4504
SPADES ACE SPADES SEVEN,0.2202,0.2882,0.4916
SPADES SEVEN SPADES FOUR,0.59,0.0042,0.4058
HEARTS TWO SPADES SIX,0.6544,0.0052,0.3404
CLUBS SEVEN SPADES THREE,0.6416,0.0022,0.3562
DIAMONDS JACK CLUBS ACE,0.2378,0.0938,0.6684
DIAMONDS THREE HEARTS KING,0.6496,0.0064,0.344
CLUBS NINE CLUBS FOUR,0.6342,0.0066,0.3592
HEARTS JACK DIAMONDS FOUR,0.6464,0.0046,0.349
CLUBS NINE DIAMONDS QUEEN,0.5798,0.0064,0.4138
CLUBS TEN CLUBS QUEEN,0.537,0.005,0.458
CLUBS TWO DIAMONDS TEN,0.6456,0.0042,0.3502
CLUBS NINE HEARTS FIVE,0.7196,0.0232,0.2572
HEARTS TWO HEARTS TEN,0.6004,0.0044,0.3952
SPADES SIX DIAMONDS EIGHT,0.5928,0.0028,0.4044
HEARTS FIVE SPADES JACK,0.7302,0.0272,0.2426
SPADES SIX HEARTS EIGHT,0.5876,0.003,0.4094
DIAMONDS EIGHT CLUBS KING,0.6202,0.0054,0.3744
DIAMONDS QUEEN CLUBS QUEEN,0.2946,0.0042,0.7012
SPADES QUEEN CLUBS FOUR,0.6546,0.005,0.3404
CLUBS SEVEN DIAMONDS QUEEN,0.618,0.0062,0.3758
HEARTS SIX SPADES SIX,0.3676,0.003,0.6294
HEARTS SEVEN DIAMONDS FIVE,0.691,0.0206,0.2884
CLUBS FOUR DIAMONDS QUEEN,0.6566,0.0062,0.3372
CLUBS SIX CLUBS ACE,0.2322,0.3738,0.394
SPADES NINE DIAMONDS KING,0.6018,0.0036,0.3946
DIAMONDS KING HEARTS TEN,0.575,0.0056,0.4194
DIAMONDS TEN HEARTS EIGHT,0.5708,0.004,0.4252
HEARTS FIVE CLUBS SIX,0.712,0.022,0.266
CLUBS FOUR CLUBS TWO,0.6412,0.0068,0.352
CLUBS SIX HEARTS QUEEN,0.5932,0.004,0.4028
SPADES QUEEN HEARTS EIGHT,0.6082,0.0042,0.3876
HEARTS FOUR SPADES FIVE,0.7168,0.0232,0.26
CLUBS SEVEN CLUBS ACE,0.227,0.2854,0.4876
SPADES TEN DIAMONDS KING,0.5902,0.0048,0.405
CLUBS TWO HEARTS TEN,0.6374,0.0048,0.3578
HEARTS NINE DIAMONDS FOUR,0.6552,0.005,0.3398
SPADES KING CLUBS KING,0.3028,0.0032,0.694
SPADES KING HEARTS ACE,0.266,0.0506,0.6834
SPADES SEVEN HEARTS TEN,0.5828,0.0022,0.415
HEARTS THREE HEARTS JACK,0.602,0.0054,0.3926
HEARTS FOUR HEARTS ACE,0.2894,0.4408,0.2698
HEARTS TWO CLUBS FOUR,0.6712,0.0076,0.3212
SPADES FIVE SPADES TWO,0.6862,0.0252,0.2886
DIAMONDS TWO HEARTS FOUR,0.664,0.0064,0.3296
DIAMONDS TWO SPADES JACK,0.6402,0.0048,0.355
SPADES ACE DIAMONDS TEN,0.2568,0.127,0.6162
SPADES SEVEN CLUBS THREE,0.6366,0.005,0.3584
HEARTS FIVE DIAMONDS SEVEN,0.702,0.0196,0.2784
DIAMONDS KING DIAMONDS QUEEN,0.5664,0.0054,0.4282
SPADES TEN CLUBS FOUR,0.6476,0.0044,0.348
DIAMONDS QUEEN HEARTS TEN,0.568,0.007,0.425
HEARTS FOUR DIAMONDS QUEEN,0.6504,0.006,0.3436
DIAMONDS THREE SPADES QUEEN,0.659,0.0044,0.3366
HEARTS FIVE CLUBS EIGHT,0.7264,0.021,0.2526
CLUBS SEVEN DIAMONDS TEN,0.5748,0.0058,0.4194
SPADES NINE SPADES TWO,0.6118,0.0054,0.3828
DIAMONDS QUEEN DIAMONDS SIX,0.5774,0.0072,0.4154
CLUBS NINE SPADES TWO,0.6612,0.0062,0.3326
SPADES EIGHT SPADES FIVE,0.6708,0.0222,0.307
HEARTS SIX DIAMONDS FIVE,0.7194,0.02,0.2606
CLUBS TWO SPADES FIVE,0.7414,0.0286,0.23
DIAMONDS THREE HEARTS TWO,0.6664,0.0052,0.3284
SPADES KING DIAMONDS FIVE,0.7526,0.0254,0.222
CLUBS ACE HEARTS TEN,0.244,0.123,0.633
DIAMONDS THREE DIAMONDS FIVE,0.7044,0.0264,0.2692
DIAMONDS TWO HEARTS QUEEN,0.6488,0.0048,0.3464
SPADES THREE HEARTS JACK,0.6504,0.0056,0.344
DIAMONDS KING DIAMONDS JACK,0.5492,0.0068,0.444
CLUBS EIGHT DIAMONDS TEN,0.5762,0.0054,0.4184
CLUBS SEVEN HEARTS ACE,0.2318,0.3024,0.4658
DIAMONDS TEN HEARTS NINE,0.554,0.0044,0.4416
DIAMONDS TEN DIAMONDS EIGHT,0.547,0.0054,0.4476
SPADES ACE CLUBS TEN,0.2416,0.1226,0.6358
CLUBS JACK SPADES QUEEN,0.5712,0.0028,0.426
DIAMONDS NINE CLUBS ACE,0.247,0.1796,0.5734
CLUBS EIGHT SPADES SEVEN,0.5856,0.003,0.4114
HEARTS SIX SPADES SEVEN,0.568,0.0034,0.4286
CLUBS THREE HEARTS ACE,0.3188,0.467,0.2142
HEARTS SIX SPADES EIGHT,0.5966,0.0036,0.3998
CLUBS SIX SPADES EIGHT,0.5706,0.005,0.4244
SPADES FOUR CLUBS KING,0.6466,0.0048,0.3486
DIAMONDS THREE DIAMONDS SIX,0.6042,0.0056,0.3902
CLUBS EIGHT HEARTS QUEEN,0.5994,0.0028,0.3978
DIAMONDS TWO HEARTS JACK,0.6566,0.0054,0.338
DIAMONDS TWO HEARTS KING,0.6466,0.0044,0.349
SPADES NINE SPADES SEVEN,0.5434,0.0042,0.4524
CLUBS FOUR DIAMONDS NINE,0.6654,0.005,0.3296
CLUBS EIGHT SPADES NINE,0.5694,0.0032,0.4274
SPADES NINE DIAMONDS FIVE,0.7308,0.0228,0.2464
HEARTS THREE SPADES FOUR,0.6492,0.0052,0.3456
SPADES FOUR CLUBS ACE,0.3142,0.4578,0.228
SPADES TEN HEARTS TWO,0.6432,0.0054,0.3514
SPADES KING SPADES QUEEN,0.5334,0.0052,0.4614
SPADES QUEEN SPADES EIGHT,0.5518,0.004,0.4442
HEARTS FIVE CLUBS FOUR,0.7152,0.0234,0.2614
SPADES FIVE HEARTS KING,0.7474,0.0292,0.2234
CLUBS FOUR CLUBS THREE,0.618,0.0076,0.3744
CLUBS TEN SPADES SIX,0.5918,0.0036,0.4046
SPADES JACK CLUBS SIX,0.6188,0.0036,0.3776
CLUBS THREE SPADES TWO,0.6742,0.0074,0.3184
HEARTS JACK HEARTS NINE,0.5412,0.0038,0.455
DIAMONDS TWO CLUBS KING,0.6576,0.0064,0.336
HEARTS FOUR SPADES THREE,0.6578,0.0062,0.336
DIAMONDS THREE DIAMONDS EIGHT,0.6184,0.0058,0.3758
HEARTS JACK DIAMONDS SEVEN,0.602,0.0052,0.3928
HEARTS SEVEN DIAMONDS QUEEN,0.6092,0.0048,0.386
HEARTS JACK CLUBS QUEEN,0.5738,0.0032,0.423
SPADES ACE HEARTS FIVE,0.0196,0.9588,0.0216
SPADES KING DIAMONDS QUEEN,0.5894,0.0038,0.4068
HEARTS THREE DIAMONDS TEN,0.6534,0.0054,0.3412
HEARTS SIX CLUBS TWO,0.6604,0.004,0.3356
DIAMONDS KING HEARTS JACK,0.571,0.0046,0.4244
HEARTS THREE SPADES THREE,0.4688,0.004,0.5272
CLUBS JACK SPADES TWO,0.646,0.0046,0.3494
CLUBS JACK DIAMONDS TEN,0.5568,0.0066,0.4366
SPADES EIGHT HEARTS EIGHT,0.363,0.0032,0.6338
SPADES SEVEN DIAMONDS TEN,0.5972,0.0042,0.3986
SPADES JACK CLUBS EIGHT,0.5926,0.0032,0.4042
CLUBS JACK CLUBS EIGHT,0.563,0.0042,0.4328
DIAMONDS JACK HEARTS NINE,0.5762,0.0034,0.4204
CLUBS TWO DIAMONDS JACK,0.658,0.006,0.336
SPADES TEN HEARTS NINE,0.5514,0.003,0.4456
SPADES JACK DIAMONDS NINE,0.5828,0.0036,0.4136
DIAMONDS KING DIAMONDS SEVEN,0.5932,0.0048,0.402
DIAMONDS TWO CLUBS THREE,0.6726,0.0088,0.3186
DIAMONDS THREE CLUBS SIX,0.6538,0.005,0.3412
CLUBS FOUR DIAMONDS TEN,0.6506,0.0072,0.3422
CLUBS JACK SPADES FIVE,0.7286,0.0312,0.2402
HEARTS SIX CLUBS EIGHT,0.5796,0.004,0.4164
HEARTS FIVE DIAMONDS KING,0.7344,0.0278,0.2378
CLUBS JACK CLUBS SEVEN,0.575,0.0048,0.4202
HEARTS SIX HEARTS TEN,0.5626,0.0044,0.433
SPADES NINE SPADES SIX,0.564,0.0034,0.4326
HEARTS SIX SPADES JACK,0.6284,0.0038,0.3678
SPADES TWO CLUBS QUEEN,0.6502,0.005,0.3448
DIAMONDS THREE HEARTS SIX,0.6384,0.0044,0.3572
HEARTS SEVEN SPADES EIGHT,0.5618,0.003,0.4352
SPADES QUEEN CLUBS SIX,0.6178,0.0062,0.376
HEARTS SEVEN SPADES THREE,0.6406,0.0038,0.3556
HEARTS JACK CLUBS KING,0.572,0.006,0.422
CLUBS SEVEN SPADES SEVEN,0.3482,0.004,0.6478
CLUBS JACK HEARTS SIX,0.6156,0.0054,0.379
DIAMONDS THREE SPADES FOUR,0.6516,0.0056,0.3428
SPADES QUEEN DIAMONDS NINE,0.587,0.0042,0.4088
HEARTS FOUR CLUBS KING,0.6534,0.0042,0.3424
HEARTS JACK HEARTS TEN,0.5128,0.0024,0.4848
HEARTS SEVEN SPADES TWO,0.6492,0.0046,0.3462
CLUBS JACK SPADES THREE,0.6624,0.005,0.3326
CLUBS THREE HEARTS TEN,0.6474,0.0038,0.3488
CLUBS KING HEARTS NINE,0.5866,0.0054,0.408
SPADES ACE HEARTS KING,0.2598,0.0458,0.6944
HEARTS EIGHT DIAMONDS FOUR,0.647,0.004,0.349
DIAMONDS SEVEN CLUBS ACE,0.2356,0.3026,0.4618
DIAMONDS JACK DIAMONDS TEN,0.534,0.0056,0.4604
HEARTS ACE SPADES TWO,0.3158,0.4578,0.2264
DIAMONDS THREE DIAMONDS TWO,0.6472,0.0062,0.3466
SPADES QUEEN SPADES TWO,0.6088,0.0062,0.385
HEARTS FOUR SPADES TEN,0.6468,0.0044,0.3488
CLUBS TEN HEARTS FIVE,0.735,0.0262,0.2388
SPADES FOUR DIAMONDS SIX,0.6256,0.0058,0.3686
CLUBS SEVEN SPADES NINE,0.567,0.0026,0.4304
SPADES FIVE DIAMONDS TEN,0.7496,0.026,0.2244
HEARTS TWO CLUBS ACE,0.3148,0.4574,0.2278
SPADES TWO DIAMONDS FIVE,0.7416,0.0266,0.2318
HEARTS FOUR DIAMONDS FIVE,0.7096,0.0296,0.2608
DIAMONDS FIVE HEARTS EIGHT,0.7058,0.0256,0.2686
DIAMONDS TWO CLUBS QUEEN,0.6446,0.0042,0.3512
HEARTS TEN CLUBS KING,0.5678,0.005,0.4272
HEARTS SIX HEARTS EIGHT,0.5578,0.0034,0.4388
HEARTS FIVE DIAMONDS QUEEN,0.7376,0.0312,0.2312
CLUBS FOUR DIAMONDS KING,0.6578,0.0076,0.3346
CLUBS SEVEN DIAMONDS SEVEN,0.3486,0.0038,0.6476
SPADES TEN HEARTS THREE,0.6532,0.0038,0.343
DIAMONDS SEVEN DIAMONDS FIVE,0.6628,0.0222,0.315
CLUBS JACK HEARTS FIVE,0.7178,0.0304,0.2518
SPADES NINE HEARTS JACK,0.569,0.0042,0.4268
SPADES TEN CLUBS QUEEN,0.5594,0.0044,0.4362
CLUBS TWO HEARTS QUEEN,0.6544,0.0034,0.3422
CLUBS TEN SPADES FIVE,0.747,0.0268,0.2262
SPADES THREE DIAMONDS FOUR,0.65,0.0064,0.3436
DIAMONDS THREE SPADES KING,0.6524,0.0036,0.344
SPADES NINE CLUBS FOUR,0.642,0.005,0.353
DIAMONDS TWO CLUBS EIGHT,0.6462,0.0032,0.3506
HEARTS SIX HEARTS TWO,0.6056,0.0052,0.3892
SPADES NINE DIAMONDS SEVEN,0.5848,0.003,0.4122
SPADES NINE DIAMONDS JACK,0.5716,0.0042,0.4242
HEARTS TWO DIAMONDS FOUR,0.6826,0.0054,0.312
HEARTS QUEEN DIAMONDS FIVE,0.7422,0.031,0.2268
HEARTS SEVEN HEARTS NINE,0.5452,0.0054,0.4494
CLUBS QUEEN HEARTS EIGHT,0.5882,0.0032,0.4086
SPADES SIX CLUBS KING,0.613,0.0038,0.3832
DIAMONDS THREE CLUBS ACE,0.3162,0.4718,0.212
CLUBS THREE DIAMONDS QUEEN,0.6586,0.0052,0.3362
HEARTS FIVE HEARTS JACK,0.6894,0.0324,0.2782
SPADES JACK CLUBS FOUR,0.655,0.0046,0.3404
SPADES KING CLUBS SEVEN,0.5988,0.0054,0.3958
CLUBS THREE HEARTS QUEEN,0.6554,0.0046,0.34
HEARTS FIVE DIAMONDS SIX,0.7224,0.0192,0.2584
CLUBS ACE CLUBS QUEEN,0.2588,0.057,0.6842
HEARTS THREE SPADES SEVEN,0.6522,0.0048,0.343
CLUBS TWO SPADES TWO,0.4826,0.0054,0.512
CLUBS FOUR CLUBS QUEEN,0.629,0.0048,0.3662
DIAMONDS SEVEN HEARTS EIGHT,0.5774,0.005,0.4176
SPADES QUEEN CLUBS EIGHT,0.601,0.0028,0.3962
SPADES SIX DIAMONDS FOUR,0.63,0.0046,0.3654
SPADES QUEEN SPADES NINE,0.55,0.004,0.446
DIAMONDS KING SPADES FOUR,0.6482,0.0048,0.347
SPADES SEVEN HEARTS JACK,0.5954,0.0026,0.402
CLUBS SEVEN DIAMONDS KING,0.6006,0.0054,0.394
SPADES QUEEN HEARTS TEN,0.5662,0.0022,0.4316
CLUBS TEN CLUBS KING,0.5344,0.0054,0.4602
SPADES TEN CLUBS KING,0.5692,0.0046,0.4262
SPADES ACE HEARTS ACE,0.0852,0.015,0.8998
HEARTS FIVE CLUBS KING,0.7412,0.029,0.2298
DIAMONDS TWO HEARTS FIVE,0.7438,0.0268,0.2294
CLUBS TEN CLUBS TWO,0.6064,0.0062,0.3874
SPADES ACE DIAMONDS TWO,0.3288,0.4518,0.2194
CLUBS THREE DIAMONDS SIX,0.656,0.0034,0.3406
CLUBS EIGHT SPADES THREE,0.6596,0.0054,0.335
SPADES EIGHT SPADES TWO,0.6082,0.0042,0.3876
SPADES SEVEN DIAMONDS NINE,0.5762,0.0032,0.4206
CLUBS THREE CLUBS QUEEN,0.6066,0.0072,0.3862
CLUBS SEVEN DIAMONDS JACK,0.5992,0.0054,0.3954
CLUBS FOUR HEARTS ACE,0.3348,0.4498,0.2154
CLUBS JACK SPADES TEN,0.5542,0.003,0.4428
DIAMONDS TEN DIAMONDS SIX,0.578,0.0052,0.4168
CLUBS JACK SPADES FOUR,0.6476,0.0032,0.3492
CLUBS JACK HEARTS SEVEN,0.5948,0.0024,0.4028
CLUBS TWO HEARTS ACE,0.3202,0.451,0.2288
CLUBS SIX HEARTS ACE,0.2348,0.393,0.3722
HEARTS THREE DIAMONDS QUEEN,0.6586,0.0058,0.3356
SPADES KING HEARTS JACK,0.5774,0.0022,0.4204
SPADES TEN SPADES EIGHT,0.5342,0.0034,0.4624
SPADES FIVE DIAMONDS SEVEN,0.6994,0.0268,0.2738
CLUBS TWO SPADES THREE,0.678,0.006,0.316
DIAMONDS TWO SPADES THREE,0.6772,0.0066,0.3162
DIAMONDS NINE DIAMONDS SEVEN,0.5636,0.0048,0.4316
HEARTS ACE CLUBS ACE,0.0716,0.0128,0.9156
CLUBS SIX HEARTS EIGHT,0.5778,0.0038,0.4184
DIAMONDS QUEEN SPADES SIX,0.6128,0.0064,0.3808
DIAMONDS THREE CLUBS NINE,0.649,0.0056,0.3454
SPADES FOUR SPADES TWO,0.6272,0.0032,0.3696
SPADES NINE DIAMONDS FOUR,0.6514,0.0042,0.3444
CLUBS EIGHT HEARTS TWO,0.6436,0.0052,0.3512
DIAMONDS JACK CLUBS KING,0.5744,0.004,0.4216
SPADES NINE CLUBS ACE,0.2524,0.1694,0.5782
SPADES ACE CLUBS JACK,0.249,0.0878,0.6632
SPADES QUEEN SPADES SIX,0.5614,0.0034,0.4352
SPADES EIGHT CLUBS ACE,0.234,0.2358,0.5302
HEARTS SIX CLUBS THREE,0.6388,0.0052,0.356
CLUBS SEVEN DIAMONDS FIVE,0.7002,0.026,0.2738
DIAMONDS THREE CLUBS THREE,0.469,0.0032,0.5278
SPADES TWO HEARTS NINE,0.6464,0.0042,0.3494
CLUBS TEN DIAMONDS NINE,0.5514,0.0038,0.4448
CLUBS THREE SPADES FOUR,0.6574,0.0056,0.337
DIAMONDS EIGHT CLUBS ACE,0.2332,0.2404,0.5264
SPADES THREE HEARTS QUEEN,0.6416,0.004,0.3544
DIAMONDS TEN HEARTS QUEEN,0.563,0.0042,0.4328
SPADES ACE HEARTS FOUR,0.3106,0.476,0.2134
CLUBS TEN DIAMONDS QUEEN,0.5562,0.0058,0.438
CLUBS NINE CLUBS SIX,0.57,0.0044,0.4256
SPADES QUEEN CLUBS KING,0.5746,0.0056,0.4198
DIAMONDS TEN DIAMONDS NINE,0.5132,0.0052,0.4816
CLUBS THREE HEARTS KING,0.654,0.0054,0.3406
DIAMONDS TWO SPADES TEN,0.6404,0.0054,0.3542
HEARTS KING CLUBS KING,0.2874,0.004,0.7086
HEARTS FOUR HEARTS EIGHT,0.595,0.0036,0.4014
CLUBS NINE SPADES THREE,0.6502,0.005,0.3448
SPADES ACE CLUBS TWO,0.3244,0.4552,0.2204
SPADES KING SPADES NINE,0.5506,0.0048,0.4446
SPADES KING CLUBS TWO,0.647,0.0044,0.3486
HEARTS SEVEN SPADES SIX,0.5864,0.0038,0.4098
DIAMONDS TWO DIAMONDS QUEEN,0.6126,0.0054,0.382
HEARTS ACE CLUBS QUEEN,0.2648,0.059,0.6762
CLUBS NINE DIAMONDS SEVEN,0.5806,0.0052,0.4142
HEARTS SEVEN CLUBS EIGHT,0.5684,0.0044,0.4272
SPADES FOUR DIAMONDS FOUR,0.4562,0.0028,0.541
HEARTS FIVE DIAMONDS NINE,0.7284,0.0246,0.247
SPADES NINE CLUBS KING,0.5912,0.0046,0.4042
HEARTS ACE DIAMONDS FOUR,0.3224,0.4602,0.2174
DIAMONDS JACK DIAMONDS FOUR,0.608,0.005,0.387
SPADES QUEEN HEARTS KING,0.5648,0.0038,0.4314
CLUBS EIGHT HEARTS KING,0.598,0.0048,0.3972
SPADES QUEEN DIAMONDS KING,0.5902,0.004,0.4058
CLUBS TEN DIAMONDS SIX,0.5848,0.0056,0.4096
CLUBS SIX DIAMONDS SEVEN,0.5782,0.0058,0.416
DIAMONDS QUEEN SPADES FIVE,0.744,0.0324,0.2236
SPADES ACE DIAMONDS JACK,0.2556,0.0826,0.6618
SPADES EIGHT DIAMONDS TEN,0.5698,0.0052,0.425
HEARTS ACE HEARTS KING,0.249,0.045,0.706
SPADES ACE DIAMONDS QUEEN,0.2606,0.061,0.6784
CLUBS SEVEN DIAMONDS EIGHT,0.5666,0.0048,0.4286
HEARTS QUEEN DIAMONDS SEVEN,0.6074,0.004,0.3886
CLUBS SIX DIAMONDS NINE,0.6076,0.0028,0.3896
DIAMONDS TWO DIAMONDS KING,0.6172,0.0068,0.376
HEARTS QUEEN HEARTS EIGHT,0.5518,0.0052,0.443
SPADES JACK SPADES SEVEN,0.5628,0.0036,0.4336
SPADES ACE CLUBS ACE,0.0712,0.0108,0.918
CLUBS EIGHT DIAMONDS FIVE,0.7246,0.0226,0.2528
CLUBS JACK HEARTS NINE,0.5668,0.0048,0.4284
HEARTS TWO DIAMONDS SIX,0.6526,0.0046,0.3428
CLUBS EIGHT CLUBS KING,0.5694,0.0048,0.4258
SPADES JACK DIAMONDS FOUR,0.6478,0.0028,0.3494
CLUBS EIGHT HEARTS NINE,0.5594,0.005,0.4356
DIAMONDS QUEEN CLUBS TWO,0.6614,0.0046,0.334
SPADES JACK CLUBS QUEEN,0.5602,0.0046,0.4352
SPADES JACK HEARTS TWO,0.6432,0.004,0.3528
SPADES NINE CLUBS SIX,0.5974,0.0044,0.3982
SPADES NINE HEARTS QUEEN,0.583,0.003,0.414
CLUBS SEVEN SPADES SIX,0.575,0.0046,0.4204
HEARTS THREE CLUBS THREE,0.4596,0.0068,0.5336
SPADES ACE SPADES SIX,0.2324,0.3566,0.411
SPADES SEVEN HEARTS EIGHT,0.5762,0.0026,0.4212
SPADES SIX DIAMONDS SEVEN,0.585,0.0028,0.4122
SPADES EIGHT DIAMONDS EIGHT,0.3602,0.0052,0.6346
DIAMONDS TEN CLUBS ACE,0.2442,0.1256,0.6302
SPADES NINE SPADES THREE,0.6186,0.005,0.3764
CLUBS TEN HEARTS JACK,0.559,0.0034,0.4376
HEARTS FIVE DIAMONDS EIGHT,0.721,0.0186,0.2604
SPADES TWO HEARTS TEN,0.6544,0.0042,0.3414
HEARTS FIVE CLUBS TWO,0.733,0.0286,0.2384
SPADES NINE HEARTS TEN,0.5506,0.0046,0.4448
DIAMONDS SIX CLUBS KING,0.6124,0.0044,0.3832
CLUBS TEN HEARTS QUEEN,0.5628,0.004,0.4332
SPADES KING HEARTS FIVE,0.7432,0.0264,0.2304
CLUBS THREE DIAMONDS FOUR,0.6756,0.0046,0.3198
SPADES SEVEN CLUBS QUEEN,0.6044,0.0044,0.3912
CLUBS TWO CLUBS QUEEN,0.6098,0.005,0.3852
SPADES JACK CLUBS ACE,0.2508,0.0876,0.6616
CLUBS FOUR DIAMONDS JACK,0.6562,0.0046,0.3392
DIAMONDS KING DIAMONDS FIVE,0.706,0.0288,0.2652
HEARTS THREE DIAMONDS NINE,0.6494,0.0056,0.345
SPADES KING DIAMONDS KING,0.2982,0.0048,0.697
SPADES SIX CLUBS TWO,0.6694,0.0054,0.3252
DIAMONDS TEN CLUBS QUEEN,0.5494,0.0054,0.4452
DIAMONDS KING HEARTS KING,0.299,0.0034,0.6976
DIAMONDS THREE SPADES FIVE,0.7286,0.0278,0.2436
HEARTS KING SPADES THREE,0.6518,0.0042,0.344
SPADES ACE SPADES QUEEN,0.2384,0.067,0.6946
HEARTS SEVEN HEARTS FOUR,0.597,0.005,0.398
SPADES FIVE HEARTS JACK,0.7298,0.0268,0.2434
CLUBS NINE HEARTS QUEEN,0.5802,0.0042,0.4156
SPADES JACK CLUBS THREE,0.6452,0.0044,0.3504
DIAMONDS TWO HEARTS THREE,0.6762,0.006,0.3178
DIAMONDS TEN DIAMONDS SEVEN,0.5562,0.0056,0.4382
SPADES TEN DIAMONDS FOUR,0.6426,0.005,0.3524
DIAMONDS KING SPADES THREE,0.641,0.0042,0.3548
DIAMONDS THREE DIAMONDS SEVEN,0.6142,0.0072,0.3786
CLUBS NINE HEARTS TEN,0.5536,0.003,0.4434
CLUBS FOUR HEARTS JACK,0.6446,0.003,0.3524
SPADES EIGHT HEARTS KING,0.5954,0.0042,0.4004
HEARTS JACK CLUBS ACE,0.2552,0.0898,0.655
SPADES SIX HEARTS TEN,0.5918,0.0036,0.4046
SPADES QUEEN HEARTS NINE,0.5932,0.0042,0.4026
SPADES QUEEN DIAMONDS EIGHT,0.595,0.0048,0.4002
CLUBS SIX SPADES SIX,0.349,0.004,0.647
SPADES FIVE SPADES FOUR,0.665,0.0236,0.3114
DIAMONDS TWO DIAMONDS SEVEN,0.6328,0.0044,0.3628
SPADES FOUR DIAMONDS EIGHT,0.634,0.004,0.362
HEARTS SIX CLUBS FOUR,0.6292,0.0042,0.3666
SPADES EIGHT HEARTS JACK,0.5968,0.003,0.4002
DIAMONDS THREE SPADES TWO,0.6828,0.0054,0.3118
SPADES JACK CLUBS TWO,0.6594,0.0036,0.337
DIAMONDS TWO CLUBS NINE,0.6616,0.0056,0.3328
CLUBS JACK CLUBS ACE,0.2422,0.0884,0.6694
HEARTS KING DIAMONDS EIGHT,0.6098,0.0054,0.3848
SPADES ACE SPADES TEN,0.2384,0.1152,0.6464
HEARTS SEVEN HEARTS EIGHT,0.5366,0.0048,0.4586
HEARTS THREE HEARTS EIGHT,0.6144,0.0046,0.381
CLUBS THREE CLUBS KING,0.6148,0.0076,0.3776
DIAMONDS JACK DIAMONDS NINE,0.533,0.0038,0.4632
SPADES KING DIAMONDS SEVEN,0.6076,0.0054,0.387
SPADES NINE DIAMONDS NINE,0.3502,0.0044,0.6454
SPADES KING CLUBS QUEEN,0.5566,0.0058,0.4376
HEARTS FOUR DIAMONDS TEN,0.6422,0.0038,0.354
DIAMONDS NINE SPADES THREE,0.6562,0.004,0.3398
SPADES ACE SPADES FOUR,0.2986,0.4256,0.2758
CLUBS FOUR HEARTS KING,0.6506,0.005,0.3444
DIAMONDS THREE DIAMONDS QUEEN,0.6222,0.0036,0.3742
HEARTS FIVE HEARTS TEN,0.69,0.0226,0.2874
DIAMONDS TWO DIAMONDS NINE,0.6208,0.006,0.3732
DIAMONDS SEVEN DIAMONDS FOUR,0.6028,0.0072,0.39
DIAMONDS KING CLUBS THREE,0.6496,0.0032,0.3472
DIAMONDS THREE SPADES TEN,0.6382,0.0038,0.358
DIAMONDS NINE HEARTS TEN,0.5598,0.005,0.4352
CLUBS JACK DIAMONDS NINE,0.574,0.0042,0.4218
HEARTS KING DIAMONDS NINE,0.5942,0.0038,0.402
SPADES JACK SPADES NINE,0.5392,0.0038,0.457
CLUBS SIX SPADES FIVE,0.7142,0.0224,0.2634
DIAMONDS SIX DIAMONDS FOUR,0.599,0.0066,0.3944
SPADES JACK HEARTS KING,0.58,0.0046,0.4154
SPADES ACE HEARTS JACK,0.2648,0.0872,0.648
DIAMONDS TWO SPADES FOUR,0.6628,0.0058,0.3314
SPADES THREE DIAMONDS SEVEN,0.6454,0.0054,0.3492
SPADES QUEEN SPADES SEVEN,0.5734,0.0036,0.423
HEARTS KING HEARTS NINE,0.5568,0.0046,0.4386
HEARTS QUEEN HEARTS JACK,0.5196,0.0038,0.4766
HEARTS TWO HEARTS NINE,0.619,0.0036,0.3774
SPADES QUEEN CLUBS QUEEN,0.3046,0.0042,0.6912
DIAMONDS QUEEN DIAMONDS TEN,0.5316,0.0058,0.4626
HEARTS ACE DIAMONDS SEVEN,0.2386,0.3062,0.4552
CLUBS TEN SPADES QUEEN,0.5622,0.0038,0.434
SPADES KING SPADES SIX,0.5518,0.0028,0.4454
HEARTS JACK HEARTS EIGHT,0.5416,0.0044,0.454
SPADES KING SPADES THREE,0.6002,0.0058,0.394
SPADES TEN HEARTS ACE,0.2584,0.114,0.6276
CLUBS EIGHT SPADES EIGHT,0.3488,0.0022,0.649
SPADES TEN HEARTS TEN,0.3334,0.0028,0.6638
CLUBS THREE DIAMONDS NINE,0.6602,0.0068,0.333
DIAMONDS EIGHT DIAMONDS FIVE,0.6902,0.0232,0.2866
HEARTS FOUR DIAMONDS SEVEN,0.6468,0.0068,0.3464
SPADES EIGHT DIAMONDS KING,0.6202,0.0044,0.3754
DIAMONDS THREE SPADES THREE,0.4652,0.0062,0.5286
SPADES JACK CLUBS SEVEN,0.5818,0.0046,0.4136
HEARTS SEVEN HEARTS QUEEN,0.5804,0.0046,0.415
HEARTS FOUR DIAMONDS NINE,0.6626,0.0044,0.333
CLUBS JACK SPADES SIX,0.6108,0.0058,0.3834
DIAMONDS EIGHT HEARTS JACK,0.582,0.0026,0.4154
HEARTS TWO DIAMONDS QUEEN,0.6458,0.005,0.3492
SPADES ACE HEARTS EIGHT,0.2466,0.2256,0.5278
SPADES ACE DIAMONDS FOUR,0.3274,0.46,0.2126
HEARTS TWO SPADES FOUR,0.6704,0.0036,0.326
CLUBS TEN SPADES TEN,0.3166,0.004,0.6794
HEARTS FOUR SPADES SIX,0.6322,0.003,0.3648
CLUBS TEN DIAMONDS FOUR,0.6484,0.0044,0.3472
HEARTS THREE SPADES SIX,0.6406,0.0056,0.3538
HEARTS SEVEN CLUBS NINE,0.5822,0.0036,0.4142
CLUBS SIX SPADES THREE,0.6468,0.0054,0.3478
CLUBS JACK CLUBS THREE,0.6156,0.0056,0.3788
SPADES ACE SPADES FIVE,0.0254,0.8996,0.075
DIAMONDS NINE HEARTS NINE,0.349,0.0024,0.6486
DIAMONDS KING HEARTS ACE,0.2602,0.044,0.6958
CLUBS FOUR HEARTS TEN,0.6318,0.0054,0.3628
CLUBS JACK DIAMONDS SIX,0.6248,0.0048,0.3704
DIAMONDS THREE DIAMONDS NINE,0.6368,0.0052,0.358
SPADES JACK SPADES THREE,0.5992,0.0042,0.3966
DIAMONDS QUEEN HEARTS ACE,0.2634,0.0688,0.6678
CLUBS JACK HEARTS FOUR,0.6476,0.0058,0.3466
DIAMONDS QUEEN SPADES TWO,0.6456,0.005,0.3494
DIAMONDS EIGHT SPADES TWO,0.656,0.0052,0.3388
CLUBS NINE HEARTS EIGHT,0.5592,0.0054,0.4354
CLUBS NINE CLUBS QUEEN,0.55,0.0044,0.4456
SPADES NINE DIAMONDS QUEEN,0.5818,0.0044,0.4138
CLUBS NINE CLUBS ACE,0.239,0.1668,0.5942
CLUBS EIGHT CLUBS THREE,0.6256,0.0044,0.37
HEARTS THREE CLUBS TWO,0.671,0.0062,0.3228
SPADES ACE SPADES NINE,0.244,0.1616,0.5944
CLUBS TEN CLUBS SIX,0.5678,0.0036,0.4286
HEARTS SIX DIAMONDS KING,0.6172,0.0044,0.3784
HEARTS QUEEN DIAMONDS FOUR,0.6448,0.0054,0.3498
SPADES JACK CLUBS KING,0.5792,0.0052,0.4156
HEARTS THREE HEARTS KING,0.6112,0.004,0.3848
DIAMONDS TEN DIAMONDS FIVE,0.715,0.0242,0.2608
HEARTS FOUR CLUBS SEVEN,0.6268,0.0044,0.3688
DIAMONDS SEVEN CLUBS QUEEN,0.6102,0.0048,0.385
HEARTS KING DIAMONDS FIVE,0.7376,0.0324,0.23
SPADES SEVEN CLUBS KING,0.5992,0.0038,0.397
CLUBS THREE HEARTS JACK,0.6564,0.0052,0.3384
DIAMONDS THREE SPADES NINE,0.6556,0.0034,0.341
SPADES EIGHT SPADES SEVEN,0.5414,0.005,0.4536
CLUBS KING CLUBS QUEEN,0.5522,0.006,0.4418
HEARTS FIVE SPADES SEVEN,0.7008,0.0206,0.2786
SPADES KING HEARTS TEN,0.5746,0.0054,0.42
SPADES FOUR HEARTS NINE,0.6452,0.0044,0.3504
SPADES EIGHT HEARTS ACE,0.2492,0.23,0.5208
HEARTS SEVEN SPADES KING,0.59,0.0032,0.4068
CLUBS TEN CLUBS NINE,0.5204,0.0038,0.4758
SPADES QUEEN DIAMONDS SEVEN,0.6078,0.004,0.3882
HEARTS FOUR HEARTS JACK,0.5904,0.0052,0.4044
CLUBS NINE DIAMONDS SIX,0.6038,0.005,0.3912
HEARTS SIX CLUBS SEVEN,0.5634,0.0042,0.4324
SPADES QUEEN SPADES TEN,0.5274,0.0048,0.4678
SPADES SEVEN DIAMONDS SEVEN,0.346,0.0054,0.6486
HEARTS FOUR HEARTS KING,0.6024,0.0062,0.3914
HEARTS QUEEN DIAMONDS SIX,0.6126,0.003,0.3844
CLUBS NINE CLUBS SEVEN,0.5542,0.0062,0.4396
SPADES THREE CLUBS ACE,0.316,0.4668,0.2172
HEARTS SEVEN SPADES JACK,0.6076,0.003,0.3894
SPADES TEN HEARTS QUEEN,0.56,0.0044,0.4356
SPADES JACK HEARTS FOUR,0.6354,0.0042,0.3604
SPADES SEVEN HEARTS ACE,0.248,0.2992,0.4528
SPADES FOUR HEARTS KING,0.6516,0.0042,0.3442
CLUBS SIX CLUBS KING,0.5772,0.006,0.4168
SPADES QUEEN CLUBS NINE,0.5846,0.0046,0.4108
DIAMONDS THREE CLUBS QUEEN,0.655,0.0056,0.3394
HEARTS NINE DIAMONDS FIVE,0.7406,0.02,0.2394
CLUBS TEN DIAMONDS KING,0.5642,0.0076,0.4282
SPADES EIGHT CLUBS FOUR,0.6546,0.0034,0.342
CLUBS SIX DIAMONDS FIVE,0.708,0.0276,0.2644
HEARTS FIVE DIAMONDS TEN,0.7384,0.0256,0.236
SPADES QUEEN SPADES JACK,0.532,0.0032,0.4648
SPADES FOUR HEARTS TEN,0.6452,0.0038,0.351
HEARTS ACE HEARTS QUEEN,0.2484,0.0646,0.687
HEARTS JACK DIAMONDS SIX,0.6204,0.0042,0.3754
SPADES EIGHT DIAMONDS NINE,0.56,0.003,0.437
HEARTS TWO DIAMONDS JACK,0.6516,0.0054,0.343
HEARTS SEVEN HEARTS TEN,0.5538,0.0048,0.4414
HEARTS SEVEN DIAMONDS NINE,0.5964,0.004,0.3996
HEARTS FIVE SPADES SIX,0.7184,0.017,0.2646
SPADES KING SPADES FOUR,0.607,0.0056,0.3874
DIAMONDS KING CLUBS KING,0.2982,0.0052,0.6966
SPADES EIGHT DIAMONDS FOUR,0.6512,0.0044,0.3444
DIAMONDS JACK HEARTS QUEEN,0.565,0.0036,0.4314
SPADES QUEEN CLUBS ACE,0.2528,0.0654,0.6818
HEARTS FOUR DIAMONDS JACK,0.6482,0.0042,0.3476
SPADES FIVE DIAMONDS SIX,0.7168,0.0256,0.2576
CLUBS JACK HEARTS TEN,0.5524,0.0038,0.4438
SPADES THREE HEARTS NINE,0.6532,0.0038,0.343
SPADES SEVEN SPADES TWO,0.6146,0.0052,0.3802
HEARTS SEVEN CLUBS KING,0.6014,0.0046,0.394
DIAMONDS QUEEN DIAMONDS NINE,0.5532,0.0068,0.44
SPADES JACK SPADES FIVE,0.6864,0.03,0.2836
SPADES SIX DIAMONDS NINE,0.6056,0.0054,0.389
SPADES TEN HEARTS JACK,0.5368,0.003,0.4602
CLUBS NINE SPADES FOUR,0.6518,0.003,0.3452
SPADES QUEEN HEARTS TWO,0.6566,0.005,0.3384
CLUBS TEN HEARTS TEN,0.3146,0.0036,0.6818
CLUBS KING DIAMONDS FIVE,0.7562,0.0266,0.2172
SPADES QUEEN HEARTS FIVE,0.7376,0.0324,0.23
HEARTS FOUR SPADES EIGHT,0.6288,0.0038,0.3674
HEARTS FIVE SPADES NINE,0.7248,0.026,0.2492
DIAMONDS EIGHT CLUBS QUEEN,0.593,0.0044,0.4026
HEARTS SIX DIAMONDS SEVEN,0.5816,0.0036,0.4148
SPADES KING CLUBS ACE,0.2556,0.0454,0.699
DIAMONDS THREE CLUBS KING,0.6454,0.0044,0.3502
SPADES SIX HEARTS JACK,0.613,0.0032,0.3838
SPADES EIGHT HEARTS QUEEN,0.5966,0.003,0.4004
HEARTS KING DIAMONDS SIX,0.6242,0.0036,0.3722
SPADES ACE DIAMONDS EIGHT,0.2498,0.2256,0.5246
HEARTS THREE CLUBS KING,0.6424,0.0052,0.3524
SPADES JACK SPADES SIX,0.581,0.0044,0.4146
CLUBS EIGHT DIAMONDS EIGHT,0.3484,0.0048,0.6468
CLUBS TWO DIAMONDS FIVE,0.7622,0.0276,0.2102
CLUBS JACK DIAMONDS TWO,0.6338,0.0058,0.3604
SPADES ACE DIAMONDS KING,0.2632,0.0492,0.6876
DIAMONDS JACK CLUBS QUEEN,0.57,0.0054,0.4246
CLUBS SEVEN CLUBS TWO,0.6342,0.0042,0.3616
HEARTS SEVEN HEARTS THREE,0.6066,0.004,0.3894
HEARTS SEVEN DIAMONDS SEVEN,0.3596,0.005,0.6354
SPADES ACE DIAMONDS SIX,0.2512,0.3836,0.3652
DIAMONDS TWO HEARTS ACE,0.3182,0.4722,0.2096
SPADES KING SPADES TEN,0.5476,0.0034,0.449
CLUBS TEN SPADES SEVEN,0.5772,0.0052,0.4176
SPADES KING CLUBS TEN,0.5646,0.0064,0.429
CLUBS JACK SPADES EIGHT,0.5714,0.005,0.4236
CLUBS NINE SPADES TEN,0.5598,0.0066,0.4336
CLUBS JACK HEARTS JACK,0.3258,0.003,0.6712
DIAMONDS TWO DIAMONDS FIVE,0.6954,0.031,0.2736
HEARTS SEVEN HEARTS FIVE,0.6506,0.0242,0.3252
SPADES THREE DIAMONDS SIX,0.6454,0.0052,0.3494
CLUBS SEVEN SPADES FOUR,0.6306,0.0062,0.3632
SPADES ACE CLUBS NINE,0.237,0.1706,0.5924
CLUBS JACK HEARTS QUEEN,0.5638,0.0042,0.432
DIAMONDS NINE DIAMONDS FOUR,0.6106,0.0062,0.3832
HEARTS SIX SPADES THREE,0.6436,0.0046,0.3518
SPADES NINE SPADES FOUR,0.6166,0.0044,0.379
SPADES EIGHT CLUBS QUEEN,0.5888,0.0036,0.4076
HEARTS FIVE HEARTS QUEEN,0.6806,0.0268,0.2926
SPADES QUEEN HEARTS FOUR,0.6452,0.0052,0.3496
CLUBS SIX DIAMONDS JACK,0.6128,0.0048,0.3824
SPADES SEVEN SPADES THREE,0.6022,0.0036,0.3942
SPADES TEN CLUBS SIX,0.5964,0.0046,0.399
CLUBS JACK DIAMONDS FIVE,0.7386,0.0286,0.2328
HEARTS ACE CLUBS KING,0.2556,0.0464,0.698
DIAMONDS JACK HEARTS EIGHT,0.5888,0.0026,0.4086
CLUBS TEN SPADES THREE,0.6422,0.0056,0.3522
HEARTS KING CLUBS QUEEN,0.5834,0.0042,0.4124
CLUBS SEVEN HEARTS THREE,0.6332,0.0052,0.3616
SPADES SIX SPADES FOUR,0.5832,0.0034,0.4134
HEARTS SEVEN SPADES FOUR,0.6432,0.0042,0.3526
HEARTS THREE DIAMONDS SIX,0.6384,0.0052,0.3564
HEARTS SIX DIAMONDS EIGHT,0.5804,0.0058,0.4138
SPADES QUEEN CLUBS THREE,0.6528,0.0048,0.3424
CLUBS SEVEN HEARTS TEN,0.5782,0.0042,0.4176
SPADES ACE DIAMONDS SEVEN,0.2426,0.2998,0.4576
DIAMONDS QUEEN HEARTS NINE,0.5856,0.0048,0.4096
DIAMONDS QUEEN HEARTS EIGHT,0.5982,0.0036,0.3982
CLUBS EIGHT SPADES FIVE,0.7132,0.0214,0.2654
DIAMONDS THREE CLUBS EIGHT,0.6566,0.0062,0.3372
SPADES FIVE CLUBS QUEEN,0.738,0.0286,0.2334
CLUBS NINE CLUBS EIGHT,0.5382,0.0028,0.459
DIAMONDS THREE SPADES EIGHT,0.6604,0.0058,0.3338
CLUBS EIGHT DIAMONDS JACK,0.5938,0.0054,0.4008
CLUBS FOUR SPADES SIX,0.6232,0.0058,0.371
DIAMONDS EIGHT HEARTS TEN,0.5736,0.0036,0.4228
CLUBS NINE SPADES JACK,0.5676,0.0034,0.429
CLUBS JACK HEARTS KING,0.5822,0.0044,0.4134
CLUBS JACK CLUBS SIX,0.576,0.0052,0.4188
SPADES EIGHT CLUBS TWO,0.6548,0.004,0.3412
HEARTS FOUR CLUBS FOUR,0.471,0.0046,0.5244
DIAMONDS THREE HEARTS QUEEN,0.6428,0.0048,0.3524
DIAMONDS EIGHT DIAMONDS SEVEN,0.5446,0.0044,0.451
DIAMONDS TWO DIAMONDS FOUR,0.6408,0.0046,0.3546
HEARTS SEVEN SPADES NINE,0.5864,0.0038,0.4098
HEARTS KING SPADES TWO,0.6494,0.0062,0.3444
HEARTS QUEEN CLUBS ACE,0.2574,0.0672,0.6754
HEARTS SIX DIAMONDS TWO,0.6502,0.0036,0.3462
CLUBS SEVEN SPADES EIGHT,0.5676,0.004,0.4284
SPADES TEN SPADES TWO,0.6074,0.0038,0.3888
SPADES KING CLUBS SIX,0.6074,0.0038,0.3888
CLUBS SIX DIAMONDS TEN,0.5992,0.004,0.3968
SPADES QUEEN DIAMONDS TEN,0.56,0.003,0.437
HEARTS THREE HEARTS ACE,0.3012,0.4352,0.2636
DIAMONDS NINE DIAMONDS FIVE,0.7012,0.0248,0.274
CLUBS JACK HEARTS ACE,0.2504,0.0906,0.659
SPADES NINE HEARTS KING,0.591,0.0022,0.4068
CLUBS ACE CLUBS KING,0.2592,0.0454,0.6954
HEARTS THREE HEARTS TEN,0.6006,0.0042,0.3952
DIAMONDS TWO SPADES NINE,0.6482,0.006,0.3458
CLUBS NINE DIAMONDS TEN,0.5612,0.006,0.4328
HEARTS FIVE CLUBS THREE,0.7292,0.0314,0.2394
SPADES THREE SPADES TWO,0.6318,0.0052,0.363
SPADES ACE CLUBS KING,0.2474,0.0516,0.701
CLUBS FOUR SPADES FOUR,0.4734,0.0058,0.5208
SPADES JACK HEARTS JACK,0.3228,0.0044,0.6728
SPADES TEN SPADES THREE,0.5954,0.0036,0.401
CLUBS EIGHT DIAMONDS KING,0.6024,0.0056,0.392
DIAMONDS QUEEN HEARTS KING,0.5898,0.0064,0.4038
SPADES QUEEN CLUBS TWO,0.662,0.0048,0.3332
SPADES TEN SPADES SEVEN,0.5506,0.003,0.4464
HEARTS SIX HEARTS JACK,0.5588,0.0052,0.436
CLUBS FOUR CLUBS KING,0.6272,0.0056,0.3672
SPADES JACK HEARTS EIGHT,0.5828,0.0034,0.4138
DIAMONDS TWO CLUBS TWO,0.4758,0.0086,0.5156
SPADES NINE CLUBS TWO,0.6534,0.0036,0.343
CLUBS EIGHT SPADES FOUR,0.6368,0.0052,0.358
DIAMONDS THREE DIAMONDS JACK,0.6254,0.004,0.3706
HEARTS TWO SPADES SEVEN,0.6622,0.0038,0.334
SPADES FOUR DIAMONDS FIVE,0.7152,0.0294,0.2554
SPADES KING HEARTS THREE,0.659,0.0048,0.3362
CLUBS THREE HEARTS EIGHT,0.6688,0.0052,0.326
DIAMONDS SEVEN HEARTS NINE,0.5868,0.0036,0.4096
HEARTS FOUR DIAMONDS KING,0.6528,0.0046,0.3426
SPADES TEN HEARTS EIGHT,0.5662,0.0056,0.4282
HEARTS QUEEN CLUBS KING,0.5704,0.0048,0.4248
HEARTS TWO DIAMONDS KING,0.6572,0.0044,0.3384
DIAMONDS QUEEN CLUBS KING,0.5878,0.0042,0.408
SPADES ACE CLUBS THREE,0.32,0.4778,0.2022
DIAMONDS KING DIAMONDS SIX,0.5868,0.0046,0.4086
SPADES QUEEN SPADES FIVE,0.6946,0.0246,0.2808
DIAMONDS TEN CLUBS KING,0.572,0.0062,0.4218
SPADES FIVE HEARTS QUEEN,0.7402,0.0292,0.2306
HEARTS SEVEN HEARTS JACK,0.5588,0.0052,0.436
SPADES QUEEN DIAMONDS QUEEN,0.3278,0.003,0.6692
CLUBS ACE DIAMONDS FIVE,0.008,0.9824,0.0096
CLUBS SIX DIAMONDS KING,0.623,0.004,0.373
DIAMONDS JACK SPADES FIVE,0.7374,0.032,0.2306
CLUBS NINE HEARTS THREE,0.6506,0.0044,0.345
DIAMONDS JACK HEARTS TEN,0.55,0.005,0.445
CLUBS TEN HEARTS NINE,0.5548,0.0052,0.44
SPADES QUEEN DIAMONDS FIVE,0.739,0.0312,0.2298
DIAMONDS QUEEN DIAMONDS SEVEN,0.5872,0.0046,0.4082
CLUBS NINE DIAMONDS EIGHT,0.5594,0.0054,0.4352
HEARTS SEVEN CLUBS ACE,0.2256,0.305,0.4694
SPADES JACK HEARTS TEN,0.5616,0.0024,0.436
SPADES EIGHT DIAMONDS SEVEN,0.5744,0.0026,0.423
CLUBS EIGHT DIAMONDS FOUR,0.6526,0.004,0.3434
CLUBS EIGHT CLUBS SIX,0.5504,0.004,0.4456
SPADES TEN CLUBS ACE,0.2388,0.118,0.6432
SPADES TEN DIAMONDS SEVEN,0.583,0.0044,0.4126
SPADES SIX HEARTS ACE,0.2446,0.3836,0.3718
DIAMONDS TWO DIAMONDS TEN,0.6032,0.0068,0.39
DIAMONDS THREE HEARTS EIGHT,0.6642,0.004,0.3318
DIAMONDS KING SPADES FIVE,0.7522,0.0302,0.2176
CLUBS JACK CLUBS FOUR,0.6172,0.0038,0.379
SPADES NINE DIAMONDS TEN,0.5652,0.0046,0.4302
CLUBS JACK DIAMONDS SEVEN,0.5888,0.0052,0.406
SPADES KING SPADES SEVEN,0.5582,0.0046,0.4372
CLUBS SEVEN CLUBS FOUR,0.5976,0.0052,0.3972
HEARTS THREE DIAMONDS FOUR,0.67,0.005,0.325
SPADES KING DIAMONDS SIX,0.6144,0.0038,0.3818
HEARTS QUEEN CLUBS QUEEN,0.3068,0.004,0.6892
DIAMONDS TEN HEARTS KING,0.5724,0.0052,0.4224
HEARTS SEVEN HEARTS SIX,0.5406,0.0034,0.456
HEARTS FOUR HEARTS TEN,0.587,0.0042,0.4088
SPADES SEVEN HEARTS QUEEN,0.597,0.0044,0.3986
