opposingHand,winningChance,drawChance,lostChance
CLUBS JACK HEARTS ACE
HEARTS FIVE SPADES TEN,0.6844,0.0024,0.3132
SPADES JACK HEARTS FIVE,0.7508,0.021,0.2282
CLUBS TEN SPADES FIVE,0.6802,0.005,0.3148
CLUBS TEN CLUBS EIGHT,0.6094,0.0056,0.385
CLUBS EIGHT CLUBS KING,0.6274,0.0056,0.367
SPADES FIVE CLUBS ACE,0.6492,0.093,0.2578
CLUBS EIGHT CLUBS QUEEN,0.6038,0.0056,0.3906
SPADES FIVE CLUBS KING,0.6516,0.004,0.3444
SPADES FIVE CLUBS QUEEN,0.6416,0.0026,0.3558
CLUBS EIGHT CLUBS ACE,0.644,0.0872,0.2688
DIAMONDS TWO DIAMONDS THREE,0.606,0.0044,0.3896
DIAMONDS TWO DIAMONDS FIVE,0.6,0.0044,0.3956
SPADES KING HEARTS FIVE,0.6478,0.0036,0.3486
DIAMONDS TWO DIAMONDS FOUR,0.6102,0.004,0.3858
SPADES QUEEN HEARTS FIVE,0.639,0.0046,0.3564
DIAMONDS TWO DIAMONDS SEVEN,0.6246,0.0072,0.3682
DIAMONDS TWO DIAMONDS SIX,0.6148,0.004,0.3812
SPADES ACE HEARTS FIVE,0.6624,0.0922,0.2454
DIAMONDS TWO DIAMONDS NINE,0.6326,0.004,0.3634
DIAMONDS TWO DIAMONDS EIGHT,0.6294,0.004,0.3666
DIAMONDS THREE DIAMONDS FOUR,0.5992,0.0046,0.3962
CLUBS TWO SPADES FOUR,0.6512,0.0048,0.344
DIAMONDS THREE DIAMONDS FIVE,0.6052,0.0032,0.3916
SPADES FIVE CLUBS TWO,0.6542,0.005,0.3408
CLUBS TWO SPADES TWO,0.481,0.0068,0.5122
CLUBS TWO SPADES THREE,0.6582,0.0042,0.3376
DIAMONDS THREE DIAMONDS EIGHT,0.6256,0.0046,0.3698
SPADES EIGHT CLUBS TWO,0.667,0.0066,0.3264
DIAMONDS THREE DIAMONDS NINE,0.631,0.0046,0.3644
SPADES NINE CLUBS TWO,0.6892,0.0052,0.3056
DIAMONDS THREE DIAMONDS SIX,0.6196,0.005,0.3754
SPADES SIX CLUBS TWO,0.6742,0.0036,0.3222
DIAMONDS THREE DIAMONDS SEVEN,0.6324,0.0032,0.3644
SPADES SEVEN CLUBS TWO,0.6844,0.0042,0.3114
CLUBS SIX CLUBS TWO,0.6406,0.0068,0.3526
CLUBS SEVEN CLUBS TWO,0.6582,0.0056,0.3362
CLUBS FOUR CLUBS TWO,0.625,0.0056,0.3694
CLUBS FIVE CLUBS TWO,0.6056,0.0058,0.3886
DIAMONDS FOUR DIAMONDS SIX,0.5956,0.006,0.3984
CLUBS TEN CLUBS QUEEN,0.5786,0.0048,0.4166
DIAMONDS FOUR DIAMONDS SEVEN,0.6046,0.0046,0.3908
CLUBS TEN CLUBS KING,0.5994,0.005,0.3956
CLUBS TEN CLUBS ACE,0.6478,0.0892,0.263
CLUBS EIGHT CLUBS TWO,0.6522,0.0058,0.342
DIAMONDS FIVE DIAMONDS FOUR,0.5796,0.0052,0.4152
CLUBS NINE CLUBS TWO,0.6508,0.0062,0.343
DIAMONDS NINE DIAMONDS FOUR,0.6274,0.0034,0.3692
DIAMONDS EIGHT DIAMONDS FOUR,0.6212,0.0046,0.3742
CLUBS THREE CLUBS TWO,0.635,0.006,0.359
DIAMONDS NINE DIAMONDS FIVE,0.6212,0.0044,0.3744
DIAMONDS EIGHT DIAMONDS FIVE,0.5998,0.0034,0.3968
CLUBS TEN DIAMONDS TWO,0.682,0.0042,0.3138
DIAMONDS FIVE DIAMONDS SEVEN,0.5932,0.0048,0.402
DIAMONDS FIVE DIAMONDS SIX,0.575,0.0048,0.4202
DIAMONDS TWO CLUBS ACE,0.6664,0.092,0.2416
DIAMONDS TWO CLUBS KING,0.6538,0.0052,0.341
DIAMONDS TWO CLUBS QUEEN,0.6398,0.004,0.3562
DIAMONDS EIGHT DIAMONDS SIX,0.5992,0.0038,0.397
DIAMONDS NINE DIAMONDS SIX,0.6046,0.0028,0.3926
HEARTS KING SPADES THREE,0.6556,0.003,0.3414
DIAMONDS SEVEN DIAMONDS SIX,0.5922,0.0036,0.4042
SPADES THREE HEARTS QUEEN,0.6592,0.0054,0.3354
HEARTS JACK SPADES THREE,0.7658,0.022,0.2122
SPADES THREE HEARTS TEN,0.6822,0.003,0.3148
DIAMONDS EIGHT DIAMONDS SEVEN,0.5964,0.0044,0.3992
DIAMONDS NINE DIAMONDS SEVEN,0.6,0.0038,0.3962
DIAMONDS NINE DIAMONDS EIGHT,0.5942,0.0042,0.4016
DIAMONDS KING HEARTS TEN,0.6282,0.0034,0.3684
HEARTS THREE HEARTS TEN,0.645,0.006,0.349
SPADES JACK CLUBS SIX,0.7598,0.0192,0.221
DIAMONDS KING HEARTS JACK,0.7422,0.0144,0.2434
HEARTS THREE HEARTS JACK,0.7334,0.0206,0.246
SPADES TEN CLUBS SIX,0.6876,0.0024,0.31
SPADES JACK SPADES FIVE,0.709,0.019,0.272
SPADES TEN SPADES FIVE,0.6416,0.0046,0.3538
SPADES ACE CLUBS SIX,0.6752,0.0872,0.2376
DIAMONDS KING HEARTS QUEEN,0.5908,0.0058,0.4034
HEARTS THREE HEARTS QUEEN,0.6212,0.005,0.3738
SPADES KING CLUBS SIX,0.6502,0.0034,0.3464
DIAMONDS KING HEARTS KING,0.2852,0.0046,0.7102
HEARTS THREE HEARTS KING,0.6222,0.006,0.3718
SPADES QUEEN CLUBS SIX,0.6636,0.0036,0.3328
SPADES NINE HEARTS TEN,0.642,0.0036,0.3544
SPADES NINE HEARTS JACK,0.7298,0.0192,0.251
SPADES QUEEN SPADES FIVE,0.5978,0.0034,0.3988
SPADES KING SPADES FIVE,0.6138,0.0058,0.3804
SPADES ACE SPADES FIVE,0.6096,0.0834,0.307
SPADES NINE HEARTS QUEEN,0.643,0.0034,0.3536
SPADES NINE HEARTS KING,0.6312,0.0046,0.3642
CLUBS TEN SPADES JACK,0.7104,0.0168,0.2728
CLUBS TEN SPADES TEN,0.425,0.0048,0.5702
SPADES ACE CLUBS TEN,0.683,0.0926,0.2244
SPADES KING CLUBS TEN,0.6286,0.0052,0.3662
CLUBS TEN SPADES QUEEN,0.6184,0.0044,0.3772
SPADES FIVE HEARTS QUEEN,0.6446,0.0032,0.3522
HEARTS KING SPADES FIVE,0.656,0.0036,0.3404
CLUBS EIGHT SPADES TEN,0.649,0.003,0.348
HEARTS THREE SPADES JACK,0.7672,0.0182,0.2146
SPADES JACK DIAMONDS KING,0.7394,0.0168,0.2438
SPADES TEN DIAMONDS KING,0.6224,0.004,0.3736
HEARTS THREE SPADES TEN,0.6896,0.004,0.3064
SPADES JACK CLUBS EIGHT,0.7272,0.019,0.2538
SPADES ACE CLUBS EIGHT,0.681,0.0858,0.2332
CLUBS TEN HEARTS FIVE,0.6884,0.0068,0.3048
CLUBS SIX HEARTS QUEEN,0.6546,0.0052,0.3402
SPADES QUEEN CLUBS EIGHT,0.6438,0.0048,0.3514
CLUBS TEN SPADES THREE,0.6786,0.0066,0.3148
CLUBS SIX HEARTS KING,0.6568,0.004,0.3392
SPADES KING CLUBS EIGHT,0.6588,0.004,0.3372
DIAMONDS TWO HEARTS JACK,0.7672,0.021,0.2118
SPADES THREE CLUBS QUEEN,0.6436,0.0062,0.3502
DIAMONDS TWO HEARTS TEN,0.6894,0.0038,0.3068
SPADES THREE CLUBS KING,0.6502,0.0042,0.3456
HEARTS FIVE CLUBS ACE,0.6526,0.087,0.2604
SPADES FIVE HEARTS TEN,0.6732,0.0042,0.3226
SPADES THREE CLUBS ACE,0.6694,0.0852,0.2454
HEARTS FIVE CLUBS KING,0.639,0.0054,0.3556
SPADES FIVE HEARTS JACK,0.7624,0.019,0.2186
HEARTS FIVE CLUBS QUEEN,0.6526,0.0062,0.3412
HEARTS THREE CLUBS KING,0.6546,0.0054,0.34
DIAMONDS KING CLUBS KING,0.277,0.0046,0.7184
HEARTS THREE CLUBS QUEEN,0.6608,0.0056,0.3336
DIAMONDS KING CLUBS QUEEN,0.5856,0.0062,0.4082
HEARTS FIVE HEARTS JACK,0.7216,0.0198,0.2586
HEARTS FIVE HEARTS TEN,0.6366,0.0054,0.358
HEARTS THREE CLUBS ACE,0.6608,0.0944,0.2448
DIAMONDS KING CLUBS ACE,0.2446,0.0478,0.7076
SPADES ACE CLUBS QUEEN,0.236,0.06,0.704
SPADES KING CLUBS QUEEN,0.5986,0.0038,0.3976
SPADES QUEEN CLUBS QUEEN,0.2986,0.0026,0.6988
CLUBS TEN HEARTS THREE,0.6828,0.0062,0.311
CLUBS TEN DIAMONDS KING,0.6284,0.0032,0.3684
SPADES JACK CLUBS QUEEN,0.7106,0.0138,0.2756
CLUBS SIX CLUBS QUEEN,0.6142,0.0068,0.379
SPADES TEN CLUBS QUEEN,0.608,0.0042,0.3878
CLUBS SIX CLUBS KING,0.617,0.0046,0.3784
CLUBS SIX CLUBS ACE,0.655,0.087,0.258
HEARTS FIVE HEARTS KING,0.6132,0.0032,0.3836
HEARTS FIVE HEARTS QUEEN,0.6142,0.0058,0.38
CLUBS TEN CLUBS SIX,0.645,0.0048,0.3502
SPADES SEVEN HEARTS JACK,0.7348,0.0182,0.247
SPADES SEVEN HEARTS TEN,0.643,0.004,0.353
DIAMONDS TWO CLUBS TWO,0.4746,0.006,0.5194
DIAMONDS TWO CLUBS THREE,0.6416,0.007,0.3514
HEARTS SIX DIAMONDS TWO,0.6656,0.0056,0.3288
DIAMONDS TWO HEARTS QUEEN,0.6528,0.0054,0.3418
DIAMONDS TWO HEARTS SEVEN,0.6746,0.0058,0.3196
DIAMONDS TWO HEARTS KING,0.6586,0.004,0.3374
DIAMONDS TWO HEARTS EIGHT,0.6676,0.0036,0.3288
DIAMONDS TWO HEARTS NINE,0.6846,0.0046,0.3108
DIAMONDS TWO DIAMONDS QUEEN,0.6208,0.003,0.3762
DIAMONDS TWO HEARTS TWO,0.4812,0.0048,0.514
DIAMONDS TWO DIAMONDS KING,0.6154,0.005,0.3796
HEARTS THREE DIAMONDS TWO,0.6468,0.0054,0.3478
DIAMONDS TWO DIAMONDS ACE,0.63,0.0832,0.2868
HEARTS FOUR DIAMONDS TWO,0.6618,0.0044,0.3338
DIAMONDS TWO HEARTS FIVE,0.658,0.0034,0.3386
DIAMONDS TWO DIAMONDS TEN,0.6306,0.0046,0.3648
SPADES SEVEN HEARTS KING,0.6452,0.0044,0.3504
DIAMONDS TWO DIAMONDS JACK,0.7236,0.0174,0.259
SPADES SEVEN HEARTS QUEEN,0.6412,0.0052,0.3536
DIAMONDS TWO SPADES NINE,0.6688,0.0058,0.3254
DIAMONDS TWO SPADES EIGHT,0.6632,0.0032,0.3336
DIAMONDS TWO SPADES SEVEN,0.6802,0.0028,0.317
DIAMONDS TWO SPADES SIX,0.6598,0.0022,0.338
DIAMONDS TWO SPADES FIVE,0.6456,0.004,0.3504
DIAMONDS TWO SPADES FOUR,0.642,0.0056,0.3524
DIAMONDS TWO SPADES THREE,0.6546,0.0034,0.342
DIAMONDS TWO SPADES TWO,0.4758,0.0054,0.5188
CLUBS NINE DIAMONDS TWO,0.6888,0.0054,0.3058
DIAMONDS TWO CLUBS EIGHT,0.6696,0.0048,0.3256
CLUBS SEVEN DIAMONDS TWO,0.6884,0.006,0.3056
DIAMONDS TWO CLUBS SIX,0.6698,0.0042,0.326
DIAMONDS TWO CLUBS FIVE,0.6632,0.0064,0.3304
DIAMONDS TWO CLUBS FOUR,0.6572,0.0032,0.3396
CLUBS FOUR SPADES FIVE,0.6198,0.0058,0.3744
CLUBS FOUR SPADES FOUR,0.4742,0.0048,0.521
CLUBS FOUR SPADES THREE,0.6416,0.0064,0.352
CLUBS FOUR SPADES TWO,0.661,0.0046,0.3344
SPADES NINE CLUBS FOUR,0.6728,0.005,0.3222
SPADES EIGHT CLUBS FOUR,0.6658,0.004,0.3302
SPADES SEVEN CLUBS FOUR,0.648,0.0046,0.3474
CLUBS FOUR SPADES SIX,0.6512,0.005,0.3438
SPADES ACE DIAMONDS SIX,0.6732,0.0864,0.2404
SPADES QUEEN DIAMONDS SIX,0.6518,0.0022,0.346
SPADES KING DIAMONDS SIX,0.6522,0.0048,0.343
SPADES TEN DIAMONDS SIX,0.6716,0.004,0.3244
SPADES JACK DIAMONDS SIX,0.75,0.0192,0.2308
SPADES QUEEN SPADES TWO,0.6034,0.0046,0.392
SPADES KING SPADES TWO,0.6088,0.0046,0.3866
SPADES ACE SPADES TWO,0.6268,0.0892,0.284
CLUBS TEN DIAMONDS JACK,0.7054,0.0138,0.2808
DIAMONDS JACK CLUBS KING,0.7322,0.013,0.2548
DIAMONDS JACK CLUBS QUEEN,0.7134,0.0124,0.2742
DIAMONDS THREE DIAMONDS JACK,0.7026,0.0198,0.2776
DIAMONDS THREE DIAMONDS TEN,0.6374,0.005,0.3576
DIAMONDS JACK CLUBS ACE,0.0116,0.9696,0.0188
DIAMONDS THREE DIAMONDS KING,0.5978,0.0056,0.3966
HEARTS THREE DIAMONDS THREE,0.4902,0.005,0.5048
DIAMONDS THREE DIAMONDS QUEEN,0.605,0.004,0.391
DIAMONDS THREE HEARTS TWO,0.6662,0.005,0.3288
HEARTS FIVE DIAMONDS THREE,0.6394,0.0034,0.3572
DIAMONDS THREE DIAMONDS ACE,0.6154,0.0872,0.2974
HEARTS FOUR DIAMONDS THREE,0.6374,0.0062,0.3564
DIAMONDS THREE HEARTS SEVEN,0.6532,0.0042,0.3426
SPADES TEN SPADES NINE,0.5938,0.0036,0.4026
HEARTS SIX DIAMONDS THREE,0.6542,0.0042,0.3416
SPADES JACK SPADES NINE,0.69,0.0152,0.2948
DIAMONDS THREE HEARTS NINE,0.6748,0.0048,0.3204
HEARTS JACK DIAMONDS FOUR,0.7658,0.0188,0.2154
SPADES TEN SPADES TWO,0.637,0.0052,0.3578
DIAMONDS THREE HEARTS EIGHT,0.68,0.0038,0.3162
HEARTS TEN DIAMONDS FOUR,0.67,0.0048,0.3252
SPADES JACK SPADES TWO,0.7242,0.0158,0.26
HEARTS QUEEN DIAMONDS FOUR,0.6532,0.004,0.3428
HEARTS KING DIAMONDS FOUR,0.6522,0.0038,0.344
SPADES ACE SPADES NINE,0.62,0.0826,0.2974
SPADES KING SPADES NINE,0.6084,0.0056,0.386
SPADES QUEEN SPADES NINE,0.582,0.004,0.414
DIAMONDS THREE SPADES NINE,0.6612,0.0042,0.3346
DIAMONDS THREE SPADES EIGHT,0.6712,0.0032,0.3256
DIAMONDS THREE SPADES SEVEN,0.6654,0.0026,0.332
DIAMONDS THREE SPADES SIX,0.6636,0.0034,0.333
DIAMONDS THREE CLUBS SIX,0.6608,0.0046,0.3346
CLUBS FIVE CLUBS SIX,0.5992,0.0046,0.3962
CLUBS ACE DIAMONDS FOUR,0.6426,0.0966,0.2608
CLUBS SEVEN DIAMONDS THREE,0.6662,0.0038,0.33
CLUBS SEVEN CLUBS FIVE,0.6066,0.0038,0.3896
DIAMONDS THREE CLUBS FOUR,0.6368,0.0056,0.3576
DIAMONDS FOUR CLUBS QUEEN,0.646,0.0036,0.3504
DIAMONDS THREE CLUBS FIVE,0.6404,0.0042,0.3554
DIAMONDS FOUR CLUBS KING,0.6486,0.0056,0.3458
DIAMONDS THREE CLUBS TWO,0.6604,0.0064,0.3332
CLUBS TEN DIAMONDS FOUR,0.6916,0.0048,0.3036
DIAMONDS THREE CLUBS THREE,0.4724,0.005,0.5226
DIAMONDS THREE SPADES FOUR,0.6282,0.004,0.3678
DIAMONDS THREE SPADES FIVE,0.645,0.006,0.349
DIAMONDS THREE SPADES TWO,0.6504,0.0042,0.3454
DIAMONDS THREE SPADES THREE,0.4632,0.006,0.5308
CLUBS EIGHT DIAMONDS THREE,0.682,0.005,0.313
CLUBS NINE DIAMONDS THREE,0.6598,0.0052,0.335
SPADES SEVEN CLUBS ACE,0.6608,0.0944,0.2448
SPADES SEVEN CLUBS QUEEN,0.6456,0.0032,0.3512
SPADES SEVEN CLUBS KING,0.6428,0.0034,0.3538
CLUBS FIVE SPADES SEVEN,0.6492,0.0038,0.347
CLUBS TEN SPADES SEVEN,0.6566,0.0044,0.339
CLUBS FIVE SPADES SIX,0.6284,0.0058,0.3658
CLUBS FIVE SPADES NINE,0.6666,0.0028,0.3306
CLUBS FIVE SPADES EIGHT,0.653,0.0052,0.3418
CLUBS FIVE SPADES THREE,0.6222,0.0062,0.3716
CLUBS FIVE SPADES TWO,0.6552,0.0044,0.3404
CLUBS FIVE SPADES FIVE,0.4794,0.0052,0.5154
CLUBS FIVE SPADES FOUR,0.6188,0.0056,0.3756
CLUBS NINE CLUBS FIVE,0.6354,0.0048,0.3598
CLUBS EIGHT CLUBS FIVE,0.6108,0.0036,0.3856
CLUBS ACE CLUBS QUEEN,0.2304,0.0642,0.7054
CLUBS KING CLUBS QUEEN,0.5736,0.0056,0.4208
DIAMONDS TEN DIAMONDS FOUR,0.6322,0.0042,0.3636
CLUBS TEN DIAMONDS NINE,0.6306,0.004,0.3654
DIAMONDS JACK DIAMONDS FOUR,0.7118,0.0206,0.2676
CLUBS TEN SPADES NINE,0.629,0.004,0.367
DIAMONDS ACE DIAMONDS FOUR,0.6222,0.0834,0.2944
HEARTS FOUR DIAMONDS FOUR,0.4696,0.0044,0.526
DIAMONDS JACK HEARTS TEN,0.7168,0.0206,0.2626
SPADES NINE CLUBS KING,0.6406,0.0052,0.3542
DIAMONDS TWO SPADES TEN,0.6874,0.0054,0.3072
DIAMONDS NINE CLUBS ACE,0.6766,0.0866,0.2368
HEARTS FIVE DIAMONDS FOUR,0.6134,0.006,0.3806
HEARTS JACK DIAMONDS JACK,0.3242,0.0182,0.6576
SPADES NINE CLUBS QUEEN,0.626,0.0036,0.3704
DIAMONDS TWO SPADES JACK,0.7552,0.0226,0.2222
DIAMONDS QUEEN DIAMONDS FOUR,0.6032,0.0054,0.3914
HEARTS TWO DIAMONDS FOUR,0.6526,0.0046,0.3428
DIAMONDS NINE CLUBS QUEEN,0.6208,0.0034,0.3758
DIAMONDS KING DIAMONDS FOUR,0.6092,0.0032,0.3876
HEARTS THREE DIAMONDS FOUR,0.6428,0.0046,0.3526
SPADES NINE CLUBS ACE,0.6712,0.089,0.2398
DIAMONDS NINE CLUBS KING,0.6426,0.0048,0.3526
SPADES ACE DIAMONDS TWO,0.6838,0.0808,0.2354
DIAMONDS JACK HEARTS QUEEN,0.7266,0.0128,0.2606
SPADES QUEEN DIAMONDS TWO,0.658,0.0028,0.3392
HEARTS KING DIAMONDS JACK,0.7378,0.0134,0.2488
SPADES KING DIAMONDS TWO,0.6538,0.0048,0.3414
SPADES JACK SPADES SEVEN,0.6936,0.017,0.2894
SPADES TEN SPADES SEVEN,0.6222,0.0032,0.3746
CLUBS SEVEN CLUBS THREE,0.6248,0.0042,0.371
CLUBS SIX CLUBS THREE,0.6268,0.0062,0.367
CLUBS FIVE CLUBS THREE,0.6066,0.0068,0.3866
CLUBS THREE CLUBS FOUR,0.595,0.0038,0.4012
CLUBS NINE CLUBS THREE,0.6406,0.006,0.3534
CLUBS EIGHT CLUBS THREE,0.6494,0.0036,0.347
CLUBS THREE SPADES FIVE,0.6508,0.0046,0.3446
CLUBS THREE SPADES FOUR,0.6476,0.007,0.3454
CLUBS THREE SPADES THREE,0.463,0.0046,0.5324
CLUBS THREE SPADES TWO,0.6606,0.0058,0.3336
CLUBS THREE SPADES SIX,0.6464,0.0036,0.35
CLUBS THREE SPADES SEVEN,0.6556,0.0056,0.3388
SPADES EIGHT CLUBS THREE,0.6752,0.0058,0.319
SPADES NINE CLUBS THREE,0.6726,0.003,0.3244
SPADES TWO DIAMONDS FOUR,0.6426,0.0062,0.3512
SPADES THREE DIAMONDS FOUR,0.6404,0.0038,0.3558
SPADES FOUR DIAMONDS FOUR,0.4722,0.0058,0.522
SPADES FIVE DIAMONDS FOUR,0.61,0.005,0.385
SPADES SIX DIAMONDS FOUR,0.6296,0.004,0.3664
SPADES SEVEN DIAMONDS FOUR,0.6422,0.0028,0.355
SPADES EIGHT DIAMONDS FOUR,0.6494,0.0034,0.3472
SPADES NINE DIAMONDS FOUR,0.6562,0.0028,0.341
CLUBS FIVE DIAMONDS FOUR,0.6192,0.006,0.3748
CLUBS FOUR DIAMONDS FOUR,0.4846,0.005,0.5104
CLUBS SEVEN DIAMONDS FOUR,0.6454,0.004,0.3506
CLUBS SIX DIAMONDS FOUR,0.6514,0.0044,0.3442
CLUBS NINE DIAMONDS FOUR,0.6816,0.004,0.3144
CLUBS EIGHT DIAMONDS FOUR,0.6726,0.0034,0.324
DIAMONDS FOUR HEARTS SEVEN,0.6644,0.006,0.3296
HEARTS SIX DIAMONDS FOUR,0.6388,0.0046,0.3566
HEARTS NINE DIAMONDS FOUR,0.686,0.0042,0.3098
DIAMONDS FOUR HEARTS EIGHT,0.678,0.005,0.317
CLUBS THREE DIAMONDS FOUR,0.64,0.0054,0.3546
CLUBS TWO DIAMONDS FOUR,0.6658,0.0046,0.3296
DIAMONDS TEN DIAMONDS FIVE,0.6464,0.0044,0.3492
DIAMONDS JACK DIAMONDS FIVE,0.7008,0.0218,0.2774
DIAMONDS NINE HEARTS QUEEN,0.6282,0.003,0.3688
HEARTS KING DIAMONDS NINE,0.6426,0.0028,0.3546
DIAMONDS NINE HEARTS TEN,0.646,0.0024,0.3516
DIAMONDS NINE HEARTS JACK,0.7332,0.0212,0.2456
CLUBS KING DIAMONDS SIX,0.6532,0.0052,0.3416
CLUBS QUEEN DIAMONDS SIX,0.659,0.004,0.337
CLUBS ACE DIAMONDS SIX,0.68,0.084,0.236
SPADES KING DIAMONDS FOUR,0.638,0.0048,0.3572
SPADES ACE SPADES SEVEN,0.6174,0.0796,0.303
SPADES QUEEN DIAMONDS FOUR,0.646,0.0058,0.3482
SPADES QUEEN SPADES SEVEN,0.6208,0.003,0.3762
SPADES KING SPADES SEVEN,0.604,0.0036,0.3924
SPADES ACE DIAMONDS FOUR,0.6604,0.0824,0.2572
CLUBS TEN DIAMONDS SIX,0.6666,0.0042,0.3292
CLUBS NINE CLUBS FOUR,0.6486,0.004,0.3474
CLUBS EIGHT CLUBS FOUR,0.6236,0.0038,0.3726
SPADES JACK DIAMONDS FOUR,0.748,0.0212,0.2308
SPADES TEN DIAMONDS FOUR,0.678,0.0034,0.3186
CLUBS FIVE CLUBS FOUR,0.6078,0.0058,0.3864
CLUBS SEVEN CLUBS FOUR,0.6162,0.0054,0.3784
CLUBS SIX CLUBS FOUR,0.6088,0.0034,0.3878
CLUBS SEVEN SPADES EIGHT,0.626,0.005,0.369
CLUBS SEVEN SPADES NINE,0.6402,0.0046,0.3552
CLUBS SEVEN SPADES SIX,0.6256,0.003,0.3714
CLUBS SEVEN SPADES SEVEN,0.4668,0.0034,0.5298
CLUBS SEVEN SPADES FIVE,0.6318,0.0048,0.3634
CLUBS SEVEN SPADES FOUR,0.6422,0.0044,0.3534
CLUBS SEVEN SPADES THREE,0.6614,0.0044,0.3342
CLUBS SEVEN SPADES TWO,0.676,0.0056,0.3184
CLUBS NINE CLUBS SEVEN,0.6298,0.0048,0.3654
CLUBS SEVEN CLUBS EIGHT,0.5936,0.0048,0.4016
HEARTS SIX DIAMONDS FIVE,0.6206,0.0044,0.375
DIAMONDS FIVE HEARTS SEVEN,0.6446,0.0034,0.352
DIAMONDS FIVE HEARTS EIGHT,0.6566,0.0038,0.3396
HEARTS NINE DIAMONDS FIVE,0.6466,0.0028,0.3506
DIAMONDS QUEEN DIAMONDS FIVE,0.5934,0.0042,0.4024
HEARTS TWO DIAMONDS FIVE,0.6452,0.0066,0.3482
HEARTS KING HEARTS EIGHT,0.6162,0.004,0.3798
DIAMONDS KING DIAMONDS FIVE,0.603,0.0046,0.3924
HEARTS THREE DIAMONDS FIVE,0.6462,0.005,0.3488
HEARTS QUEEN HEARTS EIGHT,0.6076,0.0052,0.3872
DIAMONDS ACE DIAMONDS FIVE,0.616,0.0872,0.2968
HEARTS FOUR DIAMONDS FIVE,0.6252,0.0048,0.37
HEARTS FIVE DIAMONDS FIVE,0.4802,0.0044,0.5154
CLUBS FOUR DIAMONDS FIVE,0.6238,0.0048,0.3714
CLUBS FIVE DIAMONDS FIVE,0.4846,0.0042,0.5112
CLUBS SIX DIAMONDS FIVE,0.6352,0.0038,0.361
CLUBS SEVEN DIAMONDS FIVE,0.6424,0.0044,0.3532
CLUBS TWO DIAMONDS FIVE,0.655,0.0052,0.3398
CLUBS THREE DIAMONDS FIVE,0.6376,0.0028,0.3596
SPADES THREE DIAMONDS FIVE,0.6408,0.0046,0.3546
SPADES TWO DIAMONDS FIVE,0.6432,0.006,0.3508
SPADES JACK DIAMONDS EIGHT,0.7252,0.017,0.2578
SPADES FIVE DIAMONDS FIVE,0.4612,0.0044,0.5344
CLUBS TEN HEARTS JACK,0.7224,0.0194,0.2582
SPADES TEN DIAMONDS EIGHT,0.6372,0.0036,0.3592
SPADES FOUR DIAMONDS FIVE,0.6276,0.0044,0.368
HEARTS JACK CLUBS QUEEN,0.7232,0.0152,0.2616
CLUBS NINE DIAMONDS FIVE,0.6592,0.0034,0.3374
HEARTS JACK CLUBS KING,0.7418,0.016,0.2422
CLUBS EIGHT DIAMONDS FIVE,0.6564,0.004,0.3396
HEARTS JACK CLUBS ACE,0.007,0.9854,0.0076
SPADES SEVEN DIAMONDS FIVE,0.63,0.0046,0.3654
SPADES KING DIAMONDS EIGHT,0.6548,0.0032,0.342
SPADES QUEEN DIAMONDS EIGHT,0.64,0.0026,0.3574
SPADES SIX DIAMONDS FIVE,0.6198,0.0034,0.3768
SPADES NINE DIAMONDS FIVE,0.6542,0.0022,0.3436
SPADES EIGHT DIAMONDS FIVE,0.6426,0.0042,0.3532
SPADES ACE DIAMONDS EIGHT,0.6726,0.0918,0.2356
DIAMONDS TEN DIAMONDS SIX,0.6186,0.003,0.3784
DIAMONDS JACK DIAMONDS SIX,0.7012,0.021,0.2778
HEARTS QUEEN DIAMONDS SEVEN,0.6644,0.004,0.3316
HEARTS KING DIAMONDS SEVEN,0.6466,0.003,0.3504
DIAMONDS ACE DIAMONDS SIX,0.6328,0.0764,0.2908
HEARTS FOUR DIAMONDS SIX,0.64,0.003,0.357
HEARTS JACK SPADES TWO,0.766,0.0198,0.2142
HEARTS FIVE DIAMONDS SIX,0.6314,0.0048,0.3638
SPADES TWO HEARTS TEN,0.6774,0.0054,0.3172
DIAMONDS QUEEN DIAMONDS SIX,0.6074,0.004,0.3886
HEARTS TWO DIAMONDS SIX,0.672,0.0066,0.3214
DIAMONDS KING DIAMONDS SIX,0.6048,0.0048,0.3904
HEARTS THREE DIAMONDS SIX,0.647,0.006,0.347
HEARTS EIGHT DIAMONDS SIX,0.6578,0.0062,0.336
HEARTS NINE DIAMONDS SIX,0.6666,0.004,0.3294
HEARTS SIX DIAMONDS SIX,0.4904,0.005,0.5046
HEARTS SEVEN DIAMONDS SIX,0.64,0.0054,0.3546
HEARTS TEN DIAMONDS SEVEN,0.6694,0.0056,0.325
CLUBS TWO DIAMONDS SIX,0.6736,0.0034,0.323
HEARTS JACK DIAMONDS SEVEN,0.7304,0.0218,0.2478
CLUBS THREE DIAMONDS SIX,0.6514,0.004,0.3446
CLUBS SEVEN DIAMONDS SIX,0.6256,0.0048,0.3696
CLUBS SIX DIAMONDS SIX,0.488,0.0038,0.5082
CLUBS TEN DIAMONDS EIGHT,0.6388,0.0066,0.3546
CLUBS FIVE DIAMONDS SIX,0.6288,0.0062,0.365
CLUBS FOUR DIAMONDS SIX,0.6384,0.0034,0.3582
DIAMONDS EIGHT CLUBS ACE,0.6728,0.087,0.2402
HEARTS JACK HEARTS QUEEN,0.6936,0.014,0.2924
DIAMONDS EIGHT CLUBS KING,0.6408,0.0036,0.3556
CLUBS NINE DIAMONDS SIX,0.65,0.0042,0.3458
HEARTS KING HEARTS JACK,0.696,0.0158,0.2882
DIAMONDS EIGHT CLUBS QUEEN,0.6356,0.0052,0.3592
CLUBS EIGHT DIAMONDS SIX,0.6504,0.0042,0.3454
SPADES TEN HEARTS KING,0.6366,0.0046,0.3588
SPADES FIVE DIAMONDS SIX,0.6284,0.0032,0.3684
SPADES JACK HEARTS KING,0.7404,0.0168,0.2428
SPADES FOUR DIAMONDS SIX,0.6404,0.0026,0.357
SPADES THREE DIAMONDS SIX,0.655,0.0044,0.3406
HEARTS QUEEN SPADES TWO,0.6486,0.0054,0.346
SPADES ACE SPADES KING,0.2322,0.0438,0.724
HEARTS KING SPADES TWO,0.6554,0.0052,0.3394
SPADES TWO DIAMONDS SIX,0.6636,0.0034,0.333
HEARTS TEN HEARTS EIGHT,0.609,0.0064,0.3846
SPADES NINE DIAMONDS SIX,0.6434,0.0034,0.3532
HEARTS JACK HEARTS EIGHT,0.7046,0.0186,0.2768
SPADES EIGHT DIAMONDS SIX,0.6338,0.0024,0.3638
SPADES SEVEN DIAMONDS SIX,0.6256,0.0022,0.3722
SPADES SIX DIAMONDS SIX,0.4706,0.0022,0.5272
SPADES KING HEARTS KING,0.278,0.0032,0.7188
SPADES QUEEN HEARTS KING,0.6016,0.0028,0.3956
CLUBS ACE CLUBS KING,0.2336,0.0394,0.727
SPADES ACE HEARTS KING,0.2614,0.0502,0.6884
SPADES ACE HEARTS JACK,0.0216,0.9658,0.0126
SPADES QUEEN HEARTS JACK,0.721,0.0166,0.2624
SPADES KING HEARTS JACK,0.7468,0.0138,0.2394
SPADES TEN DIAMONDS TEN,0.4378,0.0024,0.5598
SPADES JACK DIAMONDS TEN,0.6998,0.0206,0.2796
SPADES ACE DIAMONDS TEN,0.677,0.089,0.234
SPADES JACK HEARTS JACK,0.2984,0.019,0.6826
SPADES TEN HEARTS JACK,0.7222,0.0186,0.2592
SPADES QUEEN DIAMONDS TEN,0.6052,0.0048,0.39
SPADES KING DIAMONDS TEN,0.6252,0.0046,0.3702
SPADES NINE DIAMONDS SEVEN,0.6376,0.0024,0.36
SPADES EIGHT DIAMONDS SEVEN,0.6122,0.0026,0.3852
SPADES SEVEN DIAMONDS SEVEN,0.4514,0.0018,0.5468
SPADES SIX DIAMONDS SEVEN,0.6268,0.0028,0.3704
DIAMONDS KING DIAMONDS SEVEN,0.6068,0.0038,0.3894
HEARTS THREE DIAMONDS SEVEN,0.661,0.0036,0.3354
HEARTS KING DIAMONDS FIVE,0.6498,0.0062,0.344
DIAMONDS QUEEN DIAMONDS SEVEN,0.6014,0.0038,0.3948
HEARTS TWO DIAMONDS SEVEN,0.6762,0.0056,0.3182
HEARTS QUEEN DIAMONDS FIVE,0.6362,0.0044,0.3594
HEARTS FIVE DIAMONDS SEVEN,0.6372,0.0036,0.3592
DIAMONDS ACE DIAMONDS SEVEN,0.628,0.0906,0.2814
HEARTS FOUR DIAMONDS SEVEN,0.6492,0.0048,0.346
HEARTS SEVEN DIAMONDS SEVEN,0.4696,0.003,0.5274
HEARTS SIX DIAMONDS SEVEN,0.6412,0.0022,0.3566
HEARTS NINE DIAMONDS SEVEN,0.6488,0.004,0.3472
DIAMONDS SEVEN HEARTS EIGHT,0.631,0.0028,0.3662
DIAMONDS JACK DIAMONDS SEVEN,0.696,0.0182,0.2858
HEARTS JACK DIAMONDS FIVE,0.759,0.0236,0.2174
DIAMONDS TEN DIAMONDS SEVEN,0.6004,0.005,0.3946
DIAMONDS FIVE HEARTS TEN,0.6884,0.0048,0.3068
SPADES KING CLUBS TWO,0.6566,0.0054,0.338
HEARTS KING CLUBS KING,0.2754,0.0042,0.7204
CLUBS EIGHT DIAMONDS SEVEN,0.6312,0.0032,0.3656
SPADES QUEEN CLUBS TWO,0.6562,0.005,0.3388
HEARTS KING CLUBS QUEEN,0.59,0.0052,0.4048
CLUBS NINE DIAMONDS SEVEN,0.647,0.0032,0.3498
SPADES ACE CLUBS TWO,0.6744,0.0864,0.2392
CLUBS TEN SPADES TWO,0.6808,0.0044,0.3148
HEARTS KING CLUBS ACE,0.2404,0.046,0.7136
CLUBS SEVEN CLUBS SIX,0.6074,0.0058,0.3868
SPADES TWO CLUBS KING,0.6372,0.008,0.3548
SPADES TWO DIAMONDS SEVEN,0.6718,0.0046,0.3236
CLUBS EIGHT CLUBS SIX,0.6032,0.0046,0.3922
SPADES THREE DIAMONDS SEVEN,0.6636,0.004,0.3324
SPADES TWO CLUBS QUEEN,0.6514,0.0046,0.344
CLUBS NINE CLUBS SIX,0.631,0.004,0.365
SPADES FOUR DIAMONDS SEVEN,0.6496,0.0052,0.3452
SPADES FIVE DIAMONDS SEVEN,0.6314,0.004,0.3646
SPADES TWO CLUBS ACE,0.6568,0.0822,0.261
CLUBS TEN HEARTS KING,0.6384,0.0052,0.3564
CLUBS SIX SPADES TWO,0.66,0.0068,0.3332
CLUBS SIX SPADES THREE,0.655,0.006,0.339
CLUBS TWO DIAMONDS SEVEN,0.6774,0.0044,0.3182
CLUBS SIX SPADES FOUR,0.6338,0.0066,0.3596
CLUBS THREE DIAMONDS SEVEN,0.664,0.0052,0.3308
CLUBS SIX SPADES FIVE,0.6278,0.005,0.3672
CLUBS FOUR DIAMONDS SEVEN,0.6402,0.0032,0.3566
CLUBS SIX SPADES SIX,0.4744,0.004,0.5216
CLUBS FIVE DIAMONDS SEVEN,0.6382,0.0034,0.3584
CLUBS SIX SPADES SEVEN,0.6406,0.0038,0.3556
CLUBS SIX DIAMONDS SEVEN,0.6344,0.0044,0.3612
CLUBS SIX SPADES EIGHT,0.65,0.0034,0.3466
SPADES JACK CLUBS TWO,0.7574,0.0236,0.219
CLUBS SEVEN DIAMONDS SEVEN,0.4702,0.0046,0.5252
SPADES NINE CLUBS SIX,0.6504,0.0042,0.3454
SPADES TEN CLUBS TWO,0.6798,0.0038,0.3164
CLUBS TWO CLUBS QUEEN,0.6252,0.005,0.3698
CLUBS TWO CLUBS KING,0.6224,0.0058,0.3718
CLUBS THREE DIAMONDS EIGHT,0.6866,0.0044,0.309
CLUBS TWO CLUBS ACE,0.6378,0.0852,0.277
CLUBS TWO DIAMONDS EIGHT,0.6882,0.0026,0.3092
DIAMONDS EIGHT HEARTS SEVEN,0.6266,0.0038,0.3696
HEARTS SIX DIAMONDS EIGHT,0.6398,0.0034,0.3568
DIAMONDS EIGHT HEARTS NINE,0.6394,0.004,0.3566
CLUBS TEN CLUBS TWO,0.6384,0.0066,0.355
DIAMONDS EIGHT HEARTS EIGHT,0.4554,0.0038,0.5408
CLUBS NINE DIAMONDS EIGHT,0.62,0.0044,0.3756
CLUBS EIGHT DIAMONDS EIGHT,0.4622,0.0038,0.534
CLUBS FIVE DIAMONDS EIGHT,0.6546,0.005,0.3404
SPADES ACE SPADES THREE,0.6228,0.0838,0.2934
CLUBS FOUR DIAMONDS EIGHT,0.6684,0.003,0.3286
CLUBS SEVEN DIAMONDS EIGHT,0.6276,0.0044,0.368
SPADES QUEEN SPADES THREE,0.5984,0.0038,0.3978
CLUBS SIX DIAMONDS EIGHT,0.651,0.0036,0.3454
SPADES KING SPADES THREE,0.6022,0.0048,0.393
DIAMONDS QUEEN DIAMONDS EIGHT,0.5996,0.0032,0.3972
HEARTS TWO DIAMONDS EIGHT,0.693,0.0032,0.3038
DIAMONDS KING DIAMONDS EIGHT,0.6034,0.003,0.3936
HEARTS THREE DIAMONDS EIGHT,0.6678,0.0038,0.3284
DIAMONDS ACE DIAMONDS EIGHT,0.6398,0.0774,0.2828
HEARTS FOUR DIAMONDS EIGHT,0.663,0.003,0.334
HEARTS FIVE DIAMONDS EIGHT,0.6584,0.0032,0.3384
DIAMONDS EIGHT DIAMONDS TEN,0.5846,0.0042,0.4112
DIAMONDS EIGHT DIAMONDS JACK,0.683,0.0174,0.2996
SPADES JACK SPADES THREE,0.704,0.0206,0.2754
SPADES TEN SPADES THREE,0.6394,0.0028,0.3578
CLUBS FOUR HEARTS QUEEN,0.648,0.0072,0.3448
CLUBS FOUR HEARTS KING,0.65,0.0056,0.3444
CLUBS SIX HEARTS TEN,0.6782,0.0068,0.315
CLUBS SIX HEARTS JACK,0.7632,0.0198,0.217
DIAMONDS EIGHT SPADES FOUR,0.6474,0.004,0.3486
SPADES FIVE DIAMONDS EIGHT,0.6608,0.002,0.3372
DIAMONDS EIGHT SPADES TWO,0.6712,0.0034,0.3254
DIAMONDS EIGHT SPADES THREE,0.6836,0.0036,0.3128
CLUBS FOUR HEARTS JACK,0.7618,0.0228,0.2154
SPADES EIGHT DIAMONDS EIGHT,0.4438,0.003,0.5532
SPADES TEN DIAMONDS QUEEN,0.6088,0.0042,0.387
SPADES TEN HEARTS TWO,0.697,0.006,0.297
SPADES JACK HEARTS EIGHT,0.731,0.0166,0.2524
CLUBS FOUR HEARTS TEN,0.6906,0.0042,0.3052
SPADES NINE DIAMONDS EIGHT,0.6382,0.0026,0.3592
SPADES TEN HEARTS EIGHT,0.652,0.0038,0.3442
SPADES JACK HEARTS TWO,0.7556,0.022,0.2224
SPADES JACK DIAMONDS QUEEN,0.6998,0.01,0.2902
SPADES SIX DIAMONDS EIGHT,0.6362,0.0036,0.3602
SPADES SEVEN DIAMONDS EIGHT,0.6302,0.0036,0.3662
SPADES ACE HEARTS TWO,0.6652,0.088,0.2468
SPADES ACE DIAMONDS QUEEN,0.245,0.0558,0.6992
SPADES ACE HEARTS EIGHT,0.6836,0.0852,0.2312
SPADES KING HEARTS EIGHT,0.6446,0.0036,0.3518
SPADES QUEEN HEARTS TWO,0.6512,0.0068,0.342
SPADES QUEEN DIAMONDS QUEEN,0.3024,0.0034,0.6942
SPADES KING DIAMONDS QUEEN,0.5918,0.004,0.4042
SPADES KING HEARTS TWO,0.6716,0.0062,0.3222
SPADES QUEEN HEARTS EIGHT,0.6314,0.0046,0.364
CLUBS TWO HEARTS TEN,0.7054,0.0066,0.288
CLUBS TWO HEARTS JACK,0.7768,0.016,0.2072
SPADES SEVEN DIAMONDS NINE,0.632,0.0034,0.3646
SPADES SIX DIAMONDS NINE,0.652,0.0024,0.3456
SPADES NINE DIAMONDS NINE,0.4604,0.003,0.5366
SPADES EIGHT DIAMONDS NINE,0.6214,0.0032,0.3754
SPADES TEN CLUBS KING,0.6236,0.0046,0.3718
DIAMONDS NINE SPADES THREE,0.6814,0.0028,0.3158
SPADES JACK CLUBS KING,0.741,0.013,0.246
DIAMONDS NINE SPADES TWO,0.6736,0.0056,0.3208
DIAMONDS NINE SPADES FIVE,0.651,0.0044,0.3446
DIAMONDS NINE SPADES FOUR,0.6708,0.0032,0.326
CLUBS NINE DIAMONDS NINE,0.4692,0.0032,0.5276
CLUBS EIGHT DIAMONDS NINE,0.621,0.0032,0.3758
CLUBS SIX DIAMONDS NINE,0.6548,0.0032,0.342
SPADES JACK CLUBS FOUR,0.7566,0.0238,0.2196
CLUBS SEVEN DIAMONDS NINE,0.6578,0.004,0.3382
SPADES TEN CLUBS FOUR,0.6856,0.0034,0.311
CLUBS FOUR DIAMONDS NINE,0.68,0.0052,0.3148
CLUBS FIVE DIAMONDS NINE,0.6602,0.0054,0.3344
DIAMONDS NINE CLUBS TWO,0.6818,0.0036,0.3146
CLUBS THREE DIAMONDS NINE,0.6756,0.0038,0.3206
DIAMONDS NINE HEARTS EIGHT,0.6382,0.0046,0.3572
DIAMONDS NINE HEARTS NINE,0.4656,0.0048,0.5296
HEARTS SIX DIAMONDS NINE,0.645,0.0042,0.3508
DIAMONDS NINE HEARTS SEVEN,0.6396,0.0046,0.3558
CLUBS NINE CLUBS EIGHT,0.607,0.0052,0.3878
DIAMONDS ACE DIAMONDS NINE,0.6354,0.0856,0.279
HEARTS FOUR DIAMONDS NINE,0.6724,0.003,0.3246
HEARTS FIVE DIAMONDS NINE,0.6586,0.0052,0.3362
SPADES ACE CLUBS FOUR,0.6588,0.087,0.2542
DIAMONDS QUEEN DIAMONDS NINE,0.5802,0.0036,0.4162
HEARTS TWO DIAMONDS NINE,0.6898,0.0058,0.3044
HEARTS KING CLUBS TWO,0.6646,0.0054,0.33
SPADES KING CLUBS FOUR,0.653,0.0062,0.3408
DIAMONDS KING DIAMONDS NINE,0.5956,0.0046,0.3998
HEARTS THREE DIAMONDS NINE,0.6804,0.004,0.3156
CLUBS TWO HEARTS QUEEN,0.6518,0.0052,0.343
SPADES QUEEN CLUBS FOUR,0.6562,0.0052,0.3386
DIAMONDS NINE DIAMONDS JACK,0.6916,0.0168,0.2916
CLUBS EIGHT SPADES NINE,0.6278,0.0042,0.368
DIAMONDS NINE DIAMONDS TEN,0.5974,0.0042,0.3984
CLUBS EIGHT SPADES EIGHT,0.4744,0.0042,0.5214
CLUBS EIGHT SPADES SEVEN,0.618,0.0024,0.3796
CLUBS EIGHT SPADES SIX,0.6502,0.005,0.3448
CLUBS EIGHT SPADES FIVE,0.6452,0.0052,0.3496
CLUBS EIGHT SPADES FOUR,0.6702,0.0046,0.3252
CLUBS EIGHT SPADES THREE,0.6802,0.0052,0.3146
CLUBS EIGHT SPADES TWO,0.6738,0.0044,0.3218
HEARTS SIX DIAMONDS TEN,0.6606,0.004,0.3354
DIAMONDS TEN HEARTS SEVEN,0.6566,0.004,0.3394
DIAMONDS TEN HEARTS EIGHT,0.6456,0.0036,0.3508
DIAMONDS TEN HEARTS NINE,0.639,0.0028,0.3582
CLUBS TEN CLUBS FOUR,0.6454,0.0056,0.349
CLUBS FOUR CLUBS KING,0.623,0.0044,0.3726
CLUBS FOUR CLUBS QUEEN,0.6094,0.006,0.3846
CLUBS TWO DIAMONDS TEN,0.6918,0.0046,0.3036
CLUBS THREE DIAMONDS TEN,0.6824,0.0052,0.3124
CLUBS FOUR CLUBS ACE,0.6314,0.085,0.2836
DIAMONDS JACK DIAMONDS TEN,0.6594,0.0168,0.3238
DIAMONDS QUEEN DIAMONDS TEN,0.5766,0.005,0.4184
HEARTS TWO DIAMONDS TEN,0.6854,0.0064,0.3082
DIAMONDS KING DIAMONDS TEN,0.5804,0.0044,0.4152
HEARTS THREE DIAMONDS TEN,0.6806,0.0036,0.3158
DIAMONDS ACE DIAMONDS TEN,0.6408,0.09,0.2692
HEARTS FOUR DIAMONDS TEN,0.6804,0.0038,0.3158
CLUBS EIGHT HEARTS JACK,0.7406,0.0188,0.2406
HEARTS FIVE DIAMONDS TEN,0.6814,0.0036,0.315
CLUBS EIGHT HEARTS TEN,0.6464,0.0046,0.349
CLUBS EIGHT HEARTS QUEEN,0.6396,0.0046,0.3558
CLUBS EIGHT HEARTS KING,0.6544,0.0046,0.341
CLUBS NINE SPADES THREE,0.684,0.0044,0.3116
CLUBS NINE SPADES TWO,0.669,0.005,0.326
CLUBS NINE SPADES FIVE,0.6664,0.0046,0.329
CLUBS NINE SPADES FOUR,0.666,0.0024,0.3316
CLUBS NINE SPADES SEVEN,0.636,0.0022,0.3618
CLUBS NINE SPADES SIX,0.6508,0.0036,0.3456
CLUBS NINE SPADES NINE,0.4566,0.0024,0.541
CLUBS TEN HEARTS EIGHT,0.65,0.0056,0.3444
CLUBS NINE SPADES EIGHT,0.6298,0.0042,0.366
CLUBS QUEEN HEARTS EIGHT,0.6462,0.0044,0.3494
CLUBS KING HEARTS EIGHT,0.6432,0.006,0.3508
CLUBS ACE HEARTS EIGHT,0.6706,0.0908,0.2386
SPADES KING CLUBS KING,0.2764,0.004,0.7196
SPADES QUEEN CLUBS KING,0.596,0.0046,0.3994
SPADES ACE CLUBS KING,0.2502,0.051,0.6988
DIAMONDS ACE HEARTS TEN,0.6742,0.095,0.2308
HEARTS FOUR HEARTS TEN,0.6474,0.004,0.3486
DIAMONDS ACE HEARTS JACK,0.017,0.9706,0.0124
HEARTS FOUR HEARTS JACK,0.7206,0.018,0.2614
SPADES KING CLUBS FIVE,0.6472,0.0046,0.3482
SPADES QUEEN CLUBS FIVE,0.6466,0.0034,0.35
SPADES ACE CLUBS FIVE,0.6678,0.0852,0.247
DIAMONDS JACK HEARTS SEVEN,0.7432,0.0214,0.2354
HEARTS SIX DIAMONDS JACK,0.7636,0.0194,0.217
DIAMONDS JACK HEARTS NINE,0.7376,0.0176,0.2448
DIAMONDS JACK HEARTS EIGHT,0.7218,0.0192,0.259
DIAMONDS KING DIAMONDS JACK,0.6924,0.0128,0.2948
HEARTS THREE DIAMONDS JACK,0.759,0.02,0.221
SPADES ACE SPADES SIX,0.648,0.0788,0.2732
DIAMONDS QUEEN DIAMONDS JACK,0.6812,0.016,0.3028
HEARTS TWO DIAMONDS JACK,0.7504,0.023,0.2266
HEARTS FIVE DIAMONDS JACK,0.7484,0.0248,0.2268
SPADES QUEEN SPADES SIX,0.5944,0.0052,0.4004
SPADES FOUR HEARTS QUEEN,0.6492,0.0038,0.347
DIAMONDS ACE DIAMONDS JACK,0.0262,0.9096,0.0642
HEARTS FOUR DIAMONDS JACK,0.7518,0.0242,0.224
SPADES KING SPADES SIX,0.6104,0.0024,0.3872
HEARTS KING SPADES FOUR,0.6542,0.0048,0.341
SPADES TEN SPADES SIX,0.612,0.003,0.385
SPADES JACK SPADES SIX,0.7024,0.0176,0.28
SPADES FOUR DIAMONDS JACK,0.7534,0.0214,0.2252
SPADES FIVE DIAMONDS JACK,0.7496,0.0218,0.2286
DIAMONDS JACK SPADES TWO,0.753,0.0208,0.2262
DIAMONDS JACK SPADES THREE,0.7594,0.0184,0.2222
SPADES ACE DIAMONDS THREE,0.6536,0.086,0.2604
SPADES QUEEN DIAMONDS THREE,0.6506,0.0042,0.3452
CLUBS EIGHT DIAMONDS JACK,0.733,0.0174,0.2496
SPADES KING DIAMONDS THREE,0.6532,0.004,0.3428
CLUBS NINE DIAMONDS JACK,0.7304,0.0186,0.251
CLUBS SIX DIAMONDS JACK,0.7618,0.023,0.2152
CLUBS SEVEN DIAMONDS JACK,0.7398,0.0192,0.241
CLUBS FOUR DIAMONDS JACK,0.7564,0.0198,0.2238
CLUBS FIVE DIAMONDS JACK,0.7544,0.0202,0.2254
CLUBS TWO DIAMONDS JACK,0.7606,0.0188,0.2206
CLUBS THREE DIAMONDS JACK,0.7576,0.0188,0.2236
SPADES TEN CLUBS FIVE,0.6786,0.0046,0.3168
HEARTS SIX SPADES JACK,0.7646,0.0204,0.215
HEARTS SIX SPADES TEN,0.6716,0.0032,0.3252
SPADES JACK CLUBS FIVE,0.7578,0.018,0.2242
SPADES JACK DIAMONDS THREE,0.7652,0.0214,0.2134
CLUBS SEVEN CLUBS ACE,0.6438,0.0854,0.2708
DIAMONDS THREE SPADES TEN,0.6728,0.0044,0.3228
CLUBS SEVEN CLUBS QUEEN,0.6228,0.0038,0.3734
CLUBS SEVEN CLUBS KING,0.5982,0.0046,0.3972
SPADES NINE DIAMONDS JACK,0.7268,0.0154,0.2578
CLUBS TEN CLUBS SEVEN,0.6198,0.0034,0.3768
SPADES EIGHT DIAMONDS JACK,0.7276,0.0212,0.2512
SPADES ACE HEARTS SIX,0.679,0.0844,0.2366
DIAMONDS ACE HEARTS KING,0.247,0.0468,0.7062
HEARTS FOUR HEARTS KING,0.632,0.0058,0.3622
SPADES SEVEN DIAMONDS JACK,0.7354,0.017,0.2476
SPADES KING HEARTS SIX,0.6524,0.0028,0.3448
DIAMONDS ACE HEARTS QUEEN,0.245,0.0678,0.6872
HEARTS FOUR HEARTS QUEEN,0.6198,0.004,0.3762
SPADES QUEEN HEARTS SIX,0.6576,0.0044,0.338
SPADES SIX DIAMONDS JACK,0.7536,0.0154,0.231
DIAMONDS TEN SPADES TWO,0.6836,0.0046,0.3118
SPADES THREE DIAMONDS TEN,0.6716,0.0042,0.3242
SPADES FOUR DIAMONDS TEN,0.6752,0.0046,0.3202
SPADES FIVE DIAMONDS TEN,0.6628,0.0026,0.3346
SPADES SIX DIAMONDS TEN,0.6618,0.0034,0.3348
SPADES SEVEN DIAMONDS TEN,0.6574,0.0036,0.339
SPADES EIGHT DIAMONDS TEN,0.638,0.003,0.359
SPADES NINE DIAMONDS TEN,0.638,0.003,0.359
CLUBS FOUR DIAMONDS TEN,0.6794,0.0034,0.3172
CLUBS FIVE DIAMONDS TEN,0.6866,0.0038,0.3096
CLUBS SIX DIAMONDS TEN,0.6768,0.003,0.3202
CLUBS SEVEN DIAMONDS TEN,0.6628,0.0042,0.333
CLUBS EIGHT DIAMONDS TEN,0.658,0.0036,0.3384
CLUBS NINE DIAMONDS TEN,0.6202,0.0026,0.3772
CLUBS TEN DIAMONDS THREE,0.689,0.006,0.305
DIAMONDS THREE CLUBS KING,0.6316,0.0056,0.3628
DIAMONDS THREE CLUBS QUEEN,0.6342,0.0032,0.3626
DIAMONDS THREE CLUBS ACE,0.6658,0.088,0.2462
SPADES FOUR HEARTS JACK,0.759,0.024,0.217
SPADES FOUR HEARTS TEN,0.6782,0.0036,0.3182
SPADES FIVE SPADES TWO,0.602,0.0052,0.3928
SPADES FOUR SPADES TWO,0.6014,0.0052,0.3934
SPADES THREE SPADES TWO,0.6132,0.0036,0.3832
SPADES NINE SPADES TWO,0.6286,0.0032,0.3682
SPADES EIGHT SPADES TWO,0.6322,0.004,0.3638
SPADES SEVEN SPADES TWO,0.6306,0.0034,0.366
SPADES SIX SPADES TWO,0.6298,0.0044,0.3658
DIAMONDS QUEEN CLUBS THREE,0.6498,0.0046,0.3456
CLUBS THREE HEARTS TWO,0.669,0.0048,0.3262
DIAMONDS QUEEN CLUBS TWO,0.657,0.0056,0.3374
HEARTS TWO CLUBS TWO,0.4758,0.0072,0.517
DIAMONDS QUEEN HEARTS SEVEN,0.6556,0.0058,0.3386
HEARTS TWO HEARTS SEVEN,0.6436,0.0052,0.3512
HEARTS SIX DIAMONDS QUEEN,0.6582,0.0044,0.3374
HEARTS SIX HEARTS TWO,0.6444,0.006,0.3496
DIAMONDS QUEEN HEARTS NINE,0.632,0.0072,0.3608
HEARTS TWO HEARTS NINE,0.6542,0.004,0.3418
DIAMONDS QUEEN HEARTS EIGHT,0.6434,0.0032,0.3534
HEARTS TWO HEARTS EIGHT,0.6454,0.0056,0.349
CLUBS NINE HEARTS TWO,0.6902,0.0042,0.3056
CLUBS NINE DIAMONDS QUEEN,0.6414,0.0058,0.3528
CLUBS EIGHT HEARTS TWO,0.6846,0.0052,0.3102
CLUBS EIGHT DIAMONDS QUEEN,0.6458,0.005,0.3492
CLUBS FIVE DIAMONDS QUEEN,0.6472,0.004,0.3488
CLUBS FIVE HEARTS TWO,0.653,0.0058,0.3412
DIAMONDS QUEEN CLUBS FOUR,0.6472,0.0038,0.349
HEARTS TWO CLUBS FOUR,0.6586,0.004,0.3374
CLUBS SEVEN DIAMONDS QUEEN,0.6588,0.005,0.3362
CLUBS SEVEN HEARTS TWO,0.6886,0.0064,0.305
SPADES EIGHT HEARTS QUEEN,0.6402,0.0032,0.3566
CLUBS SIX DIAMONDS QUEEN,0.6584,0.0042,0.3374
CLUBS SIX HEARTS TWO,0.6786,0.0054,0.316
SPADES EIGHT HEARTS KING,0.6576,0.0024,0.34
HEARTS TWO SPADES SIX,0.6754,0.0042,0.3204
DIAMONDS QUEEN SPADES SIX,0.6502,0.0038,0.346
HEARTS FOUR CLUBS QUEEN,0.637,0.0042,0.3588
DIAMONDS ACE CLUBS QUEEN,0.2314,0.063,0.7056
DIAMONDS QUEEN SPADES SEVEN,0.642,0.0046,0.3534
HEARTS TWO SPADES SEVEN,0.683,0.004,0.313
HEARTS FOUR CLUBS KING,0.656,0.0032,0.3408
DIAMONDS ACE CLUBS KING,0.2434,0.0482,0.7084
DIAMONDS QUEEN SPADES EIGHT,0.6412,0.0024,0.3564
SPADES EIGHT HEARTS TWO,0.6772,0.0044,0.3184
HEARTS FOUR CLUBS ACE,0.655,0.09,0.255
DIAMONDS ACE CLUBS ACE,0.0658,0.014,0.9202
SPADES NINE DIAMONDS QUEEN,0.6282,0.0028,0.369
SPADES NINE HEARTS TWO,0.6824,0.005,0.3126
HEARTS TWO SPADES TWO,0.4742,0.0074,0.5184
DIAMONDS QUEEN SPADES TWO,0.6502,0.003,0.3468
HEARTS TWO SPADES THREE,0.6574,0.006,0.3366
DIAMONDS QUEEN SPADES THREE,0.6554,0.004,0.3406
HEARTS TWO SPADES FOUR,0.6456,0.0048,0.3496
DIAMONDS QUEEN SPADES FOUR,0.624,0.003,0.373
HEARTS FOUR CLUBS TEN,0.6812,0.0056,0.3132
CLUBS TEN DIAMONDS ACE,0.6898,0.0886,0.2216
HEARTS TWO SPADES FIVE,0.6464,0.006,0.3476
DIAMONDS QUEEN SPADES FIVE,0.6436,0.0032,0.3532
CLUBS FIVE CLUBS KING,0.6194,0.0068,0.3738
CLUBS FIVE CLUBS QUEEN,0.6194,0.0054,0.3752
CLUBS FIVE CLUBS ACE,0.6306,0.0818,0.2876
CLUBS TEN CLUBS FIVE,0.6474,0.0048,0.3478
SPADES SIX CLUBS KING,0.642,0.003,0.355
SPADES SIX CLUBS QUEEN,0.646,0.0048,0.3492
SPADES EIGHT HEARTS JACK,0.7236,0.0188,0.2576
SPADES SIX CLUBS ACE,0.6736,0.0834,0.243
SPADES EIGHT HEARTS TEN,0.654,0.004,0.342
CLUBS TEN SPADES SIX,0.6694,0.0042,0.3264
SPADES QUEEN CLUBS SEVEN,0.6488,0.0062,0.345
SPADES KING CLUBS SEVEN,0.6474,0.005,0.3476
SPADES ACE CLUBS SEVEN,0.6678,0.0944,0.2378
SPADES SIX HEARTS TEN,0.6774,0.0062,0.3164
SPADES SIX HEARTS JACK,0.7548,0.021,0.2242
SPADES SIX HEARTS KING,0.6494,0.0036,0.347
SPADES SIX HEARTS QUEEN,0.6498,0.0036,0.3466
CLUBS SEVEN SPADES JACK,0.7374,0.0208,0.2418
CLUBS SEVEN SPADES TEN,0.6624,0.0024,0.3352
CLUBS TEN HEARTS SIX,0.6696,0.0052,0.3252
HEARTS SIX CLUBS QUEEN,0.6514,0.005,0.3436
HEARTS SIX CLUBS KING,0.6424,0.0044,0.3532
HEARTS SIX CLUBS ACE,0.68,0.0902,0.2298
DIAMONDS THREE HEARTS QUEEN,0.6544,0.0064,0.3392
DIAMONDS THREE HEARTS KING,0.6734,0.0046,0.322
CLUBS FIVE HEARTS JACK,0.7608,0.0198,0.2194
SPADES TEN DIAMONDS ACE,0.678,0.083,0.239
HEARTS FOUR SPADES TEN,0.6678,0.0036,0.3286
CLUBS FIVE HEARTS TEN,0.6808,0.0074,0.3118
HEARTS FOUR SPADES JACK,0.7554,0.0204,0.2242
SPADES JACK DIAMONDS ACE,0.0222,0.9558,0.022
SPADES ACE HEARTS FOUR,0.666,0.0868,0.2472
SPADES ACE DIAMONDS ACE,0.0782,0.015,0.9068
CLUBS FIVE HEARTS KING,0.661,0.0064,0.3326
HEARTS FOUR SPADES QUEEN,0.6514,0.0034,0.3452
SPADES QUEEN DIAMONDS ACE,0.2396,0.054,0.7064
CLUBS FIVE HEARTS QUEEN,0.6482,0.0054,0.3464
SPADES KING DIAMONDS ACE,0.2528,0.0428,0.7044
HEARTS FOUR SPADES KING,0.6564,0.005,0.3386
CLUBS TEN SPADES FOUR,0.6748,0.0038,0.3214
DIAMONDS QUEEN DIAMONDS ACE,0.2324,0.0536,0.714
HEARTS TWO DIAMONDS ACE,0.6672,0.085,0.2478
HEARTS FOUR DIAMONDS QUEEN,0.6488,0.0064,0.3448
HEARTS FOUR HEARTS TWO,0.6134,0.0052,0.3814
DIAMONDS THREE HEARTS TEN,0.6744,0.0056,0.32
SPADES FOUR CLUBS KING,0.6424,0.0034,0.3542
HEARTS FIVE DIAMONDS QUEEN,0.6414,0.0042,0.3544
HEARTS FIVE HEARTS TWO,0.6216,0.005,0.3734
DIAMONDS THREE HEARTS JACK,0.7498,0.0214,0.2288
SPADES FOUR CLUBS QUEEN,0.627,0.0042,0.3688
DIAMONDS QUEEN HEARTS TWO,0.656,0.0034,0.3406
DIAMONDS KING DIAMONDS QUEEN,0.5586,0.0038,0.4376
DIAMONDS KING HEARTS TWO,0.6444,0.0052,0.3504
HEARTS THREE DIAMONDS QUEEN,0.6474,0.003,0.3496
HEARTS THREE HEARTS TWO,0.618,0.0052,0.3768
SPADES FOUR CLUBS ACE,0.6508,0.0904,0.2588
HEARTS TWO CLUBS ACE,0.675,0.0916,0.2334
DIAMONDS QUEEN CLUBS ACE,0.2264,0.0694,0.7042
HEARTS TWO CLUBS QUEEN,0.6562,0.006,0.3378
DIAMONDS QUEEN CLUBS QUEEN,0.298,0.0036,0.6984
HEARTS TWO CLUBS KING,0.6468,0.0064,0.3468
DIAMONDS QUEEN CLUBS KING,0.5988,0.0044,0.3968
SPADES EIGHT SPADES FIVE,0.6154,0.0036,0.381
CLUBS TEN HEARTS TWO,0.6994,0.0048,0.2958
CLUBS TEN DIAMONDS QUEEN,0.6188,0.0042,0.377
SPADES NINE SPADES FIVE,0.6246,0.0044,0.371
SPADES SIX SPADES FIVE,0.578,0.0044,0.4176
SPADES SEVEN SPADES FIVE,0.589,0.0048,0.4062
DIAMONDS FIVE CLUBS QUEEN,0.6324,0.0054,0.3622
SPADES EIGHT CLUBS ACE,0.6774,0.0892,0.2334
DIAMONDS FIVE CLUBS KING,0.6338,0.0034,0.3628
SPADES EIGHT CLUBS KING,0.6364,0.0034,0.3602
DIAMONDS FIVE CLUBS ACE,0.6598,0.085,0.2552
SPADES EIGHT CLUBS QUEEN,0.6462,0.0042,0.3496
CLUBS TEN SPADES EIGHT,0.6496,0.0032,0.3472
CLUBS TEN DIAMONDS FIVE,0.6754,0.0046,0.32
HEARTS JACK DIAMONDS TEN,0.705,0.02,0.275
DIAMONDS TEN HEARTS TEN,0.4408,0.0042,0.555
SPADES ACE CLUBS NINE,0.679,0.0858,0.2352
CLUBS NINE SPADES QUEEN,0.6398,0.0042,0.356
CLUBS NINE SPADES KING,0.649,0.0058,0.3452
HEARTS SIX HEARTS KING,0.6216,0.0042,0.3742
DIAMONDS KING SPADES SEVEN,0.6438,0.003,0.3532
HEARTS THREE SPADES SEVEN,0.6658,0.0036,0.3306
SPADES KING DIAMONDS SEVEN,0.6364,0.003,0.3606
HEARTS SIX HEARTS QUEEN,0.6236,0.0028,0.3736
SPADES QUEEN DIAMONDS SEVEN,0.6406,0.0034,0.356
HEARTS THREE SPADES SIX,0.663,0.0042,0.3328
DIAMONDS KING SPADES SIX,0.6452,0.0032,0.3516
DIAMONDS KING SPADES NINE,0.6364,0.0034,0.3602
HEARTS THREE SPADES NINE,0.6708,0.0054,0.3238
DIAMONDS KING SPADES EIGHT,0.6474,0.0022,0.3504
HEARTS THREE SPADES EIGHT,0.671,0.004,0.325
SPADES ACE DIAMONDS SEVEN,0.6728,0.0834,0.2438
