opposingHand,winningChance,drawChance,lostChance
CLUBS EIGHT CLUBS ACE
HEARTS FIVE SPADES TEN,0.6674,0.003,0.3296
SPADES JACK HEARTS FIVE,0.66,0.0058,0.3342
SPADES FIVE CLUBS JACK,0.6552,0.0038,0.341
CLUBS TEN SPADES FIVE,0.6552,0.0056,0.3392
SPADES FIVE CLUBS KING,0.658,0.0046,0.3374
SPADES FIVE CLUBS QUEEN,0.659,0.006,0.335
DIAMONDS TWO DIAMONDS THREE,0.6244,0.0038,0.3718
DIAMONDS TWO DIAMONDS FIVE,0.6266,0.0036,0.3698
SPADES KING HEARTS FIVE,0.6606,0.0046,0.3348
DIAMONDS TWO DIAMONDS FOUR,0.6384,0.0058,0.3558
SPADES QUEEN HEARTS FIVE,0.6604,0.0042,0.3354
DIAMONDS TWO DIAMONDS SEVEN,0.6538,0.006,0.3402
DIAMONDS TWO DIAMONDS SIX,0.6564,0.0042,0.3394
SPADES ACE HEARTS FIVE,0.5552,0.2206,0.2242
DIAMONDS TWO DIAMONDS NINE,0.6224,0.0038,0.3738
DIAMONDS TWO DIAMONDS EIGHT,0.7088,0.0248,0.2664
DIAMONDS THREE DIAMONDS FOUR,0.6152,0.0074,0.3774
CLUBS TWO SPADES FOUR,0.6704,0.005,0.3246
DIAMONDS THREE DIAMONDS FIVE,0.6192,0.0038,0.377
CLUBS TWO SPADES FIVE,0.6708,0.0048,0.3244
CLUBS TWO SPADES TWO,0.495,0.006,0.499
CLUBS TWO SPADES THREE,0.6672,0.0064,0.3264
DIAMONDS THREE DIAMONDS EIGHT,0.7264,0.0288,0.2448
SPADES EIGHT CLUBS TWO,0.7596,0.0322,0.2082
DIAMONDS THREE DIAMONDS NINE,0.623,0.0054,0.3716
SPADES NINE CLUBS TWO,0.6616,0.0038,0.3346
DIAMONDS THREE DIAMONDS SIX,0.6394,0.0038,0.3568
CLUBS TWO SPADES SIX,0.6942,0.0052,0.3006
DIAMONDS THREE DIAMONDS SEVEN,0.6436,0.0048,0.3516
CLUBS TWO SPADES SEVEN,0.6904,0.0062,0.3034
CLUBS SIX CLUBS TWO,0.6732,0.0072,0.3196
CLUBS SEVEN CLUBS TWO,0.6918,0.005,0.3032
CLUBS FOUR CLUBS TWO,0.6806,0.0072,0.3122
CLUBS FIVE CLUBS TWO,0.6742,0.0084,0.3174
CLUBS TEN CLUBS JACK,0.552,0.0074,0.4406
DIAMONDS FOUR DIAMONDS SIX,0.6204,0.0046,0.375
CLUBS TEN CLUBS QUEEN,0.5792,0.005,0.4158
DIAMONDS FOUR DIAMONDS SEVEN,0.6306,0.005,0.3644
CLUBS TEN CLUBS KING,0.6062,0.0044,0.3894
DIAMONDS FIVE DIAMONDS FOUR,0.6072,0.0044,0.3884
CLUBS NINE CLUBS TWO,0.6582,0.0074,0.3344
DIAMONDS NINE DIAMONDS FOUR,0.621,0.005,0.374
DIAMONDS EIGHT DIAMONDS FOUR,0.7234,0.0242,0.2524
CLUBS TWO CLUBS THREE,0.6766,0.0056,0.3178
DIAMONDS NINE DIAMONDS FIVE,0.6232,0.0042,0.3726
DIAMONDS TWO CLUBS JACK,0.6706,0.0058,0.3236
DIAMONDS EIGHT DIAMONDS FIVE,0.6878,0.0272,0.285
CLUBS TEN DIAMONDS TWO,0.6536,0.0064,0.34
DIAMONDS FIVE DIAMONDS SEVEN,0.6232,0.004,0.3728
DIAMONDS FIVE DIAMONDS SIX,0.6014,0.0048,0.3938
DIAMONDS TWO CLUBS KING,0.656,0.0062,0.3378
DIAMONDS TWO CLUBS QUEEN,0.663,0.0042,0.3328
DIAMONDS EIGHT DIAMONDS SIX,0.6838,0.026,0.2902
DIAMONDS NINE DIAMONDS SIX,0.618,0.005,0.377
HEARTS ACE SPADES THREE,0.5526,0.2144,0.233
HEARTS KING SPADES THREE,0.6594,0.0052,0.3354
DIAMONDS SEVEN DIAMONDS SIX,0.6078,0.0034,0.3888
SPADES THREE HEARTS QUEEN,0.6656,0.004,0.3304
HEARTS JACK SPADES THREE,0.6612,0.0042,0.3346
SPADES THREE HEARTS TEN,0.6634,0.0058,0.3308
DIAMONDS EIGHT DIAMONDS SEVEN,0.6532,0.0264,0.3204
DIAMONDS NINE DIAMONDS SEVEN,0.5912,0.0034,0.4054
DIAMONDS NINE DIAMONDS EIGHT,0.6714,0.0174,0.3112
DIAMONDS KING HEARTS TEN,0.6002,0.0042,0.3956
HEARTS THREE HEARTS TEN,0.6038,0.005,0.3912
CLUBS SIX SPADES JACK,0.6636,0.0036,0.3328
DIAMONDS KING HEARTS JACK,0.6032,0.0044,0.3924
HEARTS THREE HEARTS JACK,0.623,0.0056,0.3714
CLUBS SIX SPADES TEN,0.6504,0.0046,0.345
SPADES JACK SPADES FIVE,0.62,0.002,0.378
SPADES TEN SPADES FIVE,0.614,0.0056,0.3804
DIAMONDS KING HEARTS ACE,0.3012,0.0432,0.6556
HEARTS THREE HEARTS ACE,0.517,0.2084,0.2746
SPADES ACE CLUBS SIX,0.5688,0.2212,0.21
DIAMONDS KING HEARTS QUEEN,0.6026,0.0052,0.3922
HEARTS THREE HEARTS QUEEN,0.6178,0.0058,0.3764
SPADES KING CLUBS SIX,0.6592,0.0058,0.335
DIAMONDS KING HEARTS KING,0.328,0.0028,0.6692
HEARTS THREE HEARTS KING,0.6216,0.0062,0.3722
SPADES QUEEN CLUBS SIX,0.6588,0.0048,0.3364
SPADES NINE HEARTS TEN,0.5954,0.0042,0.4004
SPADES NINE HEARTS JACK,0.591,0.0036,0.4054
SPADES QUEEN SPADES FIVE,0.61,0.0048,0.3852
SPADES KING SPADES FIVE,0.6132,0.0058,0.381
SPADES ACE SPADES FIVE,0.5146,0.2146,0.2708
SPADES NINE HEARTS QUEEN,0.6046,0.0036,0.3918
SPADES NINE HEARTS KING,0.6172,0.0052,0.3776
SPADES NINE HEARTS ACE,0.2744,0.162,0.5636
CLUBS TEN SPADES JACK,0.5676,0.0052,0.4272
CLUBS TEN SPADES TEN,0.3374,0.0028,0.6598
SPADES ACE CLUBS TEN,0.2612,0.1196,0.6192
SPADES KING CLUBS TEN,0.6024,0.0038,0.3938
CLUBS TEN SPADES QUEEN,0.5958,0.0032,0.401
SPADES FIVE HEARTS QUEEN,0.6578,0.0054,0.3368
HEARTS KING SPADES FIVE,0.65,0.0046,0.3454
SPADES FIVE HEARTS ACE,0.5462,0.2152,0.2386
HEARTS THREE SPADES JACK,0.6578,0.0042,0.338
SPADES JACK DIAMONDS KING,0.6038,0.0028,0.3934
SPADES TEN DIAMONDS KING,0.6138,0.0032,0.383
HEARTS THREE SPADES TEN,0.672,0.004,0.324
HEARTS FIVE CLUBS JACK,0.6436,0.0042,0.3522
CLUBS SIX HEARTS ACE,0.5632,0.209,0.2278
CLUBS TEN HEARTS FIVE,0.6502,0.0048,0.345
CLUBS TEN SPADES THREE,0.6486,0.0032,0.3482
CLUBS SIX HEARTS QUEEN,0.6502,0.0046,0.3452
SPADES THREE CLUBS JACK,0.6692,0.0064,0.3244
CLUBS SIX HEARTS KING,0.658,0.0044,0.3376
DIAMONDS TWO HEARTS JACK,0.6732,0.0032,0.3236
SPADES THREE CLUBS QUEEN,0.6568,0.0068,0.3364
DIAMONDS TWO HEARTS TEN,0.6642,0.0032,0.3326
SPADES THREE CLUBS KING,0.6634,0.0052,0.3314
SPADES FIVE HEARTS TEN,0.6534,0.0042,0.3424
HEARTS FIVE CLUBS KING,0.655,0.0068,0.3382
SPADES FIVE HEARTS JACK,0.6632,0.005,0.3318
HEARTS FIVE CLUBS QUEEN,0.6472,0.0048,0.348
HEARTS THREE CLUBS KING,0.6592,0.004,0.3368
DIAMONDS KING CLUBS KING,0.3122,0.003,0.6848
HEARTS THREE CLUBS QUEEN,0.6564,0.0074,0.3362
DIAMONDS KING CLUBS QUEEN,0.5852,0.0048,0.41
HEARTS FIVE HEARTS JACK,0.6174,0.0052,0.3774
HEARTS FIVE HEARTS TEN,0.6298,0.0038,0.3664
SPADES ACE CLUBS QUEEN,0.283,0.061,0.656
SPADES KING CLUBS QUEEN,0.611,0.0046,0.3844
HEARTS THREE CLUBS JACK,0.6636,0.0056,0.3308
DIAMONDS KING CLUBS JACK,0.5978,0.0042,0.398
SPADES QUEEN CLUBS QUEEN,0.3318,0.0046,0.6636
CLUBS TEN HEARTS THREE,0.654,0.0052,0.3408
CLUBS TEN DIAMONDS KING,0.5972,0.006,0.3968
SPADES JACK CLUBS QUEEN,0.5758,0.0038,0.4204
CLUBS SIX CLUBS QUEEN,0.6538,0.0056,0.3406
SPADES TEN CLUBS QUEEN,0.575,0.0062,0.4188
CLUBS SIX CLUBS KING,0.6562,0.0044,0.3394
HEARTS FIVE HEARTS KING,0.6222,0.0052,0.3726
HEARTS FIVE HEARTS QUEEN,0.6218,0.0056,0.3726
CLUBS TEN CLUBS SIX,0.6584,0.0062,0.3354
HEARTS FIVE HEARTS ACE,0.5296,0.1888,0.2816
CLUBS SIX CLUBS JACK,0.6578,0.0054,0.3368
SPADES SEVEN HEARTS JACK,0.6616,0.0032,0.3352
SPADES SEVEN HEARTS TEN,0.6462,0.004,0.3498
DIAMONDS TWO CLUBS TWO,0.499,0.0068,0.4942
DIAMONDS TWO CLUBS THREE,0.6704,0.0068,0.3228
HEARTS SIX DIAMONDS TWO,0.6838,0.0054,0.3108
DIAMONDS TWO HEARTS QUEEN,0.6584,0.0056,0.336
DIAMONDS TWO HEARTS SEVEN,0.6994,0.0046,0.296
DIAMONDS TWO HEARTS KING,0.6574,0.0052,0.3374
DIAMONDS TWO HEARTS EIGHT,0.7586,0.0302,0.2112
DIAMONDS TWO HEARTS ACE,0.57,0.2122,0.2178
DIAMONDS TWO HEARTS NINE,0.6576,0.004,0.3384
DIAMONDS TWO DIAMONDS QUEEN,0.6342,0.0048,0.361
DIAMONDS TWO HEARTS TWO,0.5004,0.0044,0.4952
DIAMONDS TWO DIAMONDS KING,0.61,0.0044,0.3856
HEARTS THREE DIAMONDS TWO,0.677,0.0072,0.3158
DIAMONDS TWO DIAMONDS ACE,0.524,0.203,0.273
HEARTS FOUR DIAMONDS TWO,0.6764,0.0064,0.3172
DIAMONDS TWO HEARTS FIVE,0.6652,0.0048,0.33
SPADES SEVEN HEARTS ACE,0.576,0.2114,0.2126
DIAMONDS TWO DIAMONDS TEN,0.6318,0.0046,0.3636
SPADES SEVEN HEARTS KING,0.665,0.0036,0.3314
DIAMONDS TWO DIAMONDS JACK,0.607,0.005,0.388
SPADES SEVEN HEARTS QUEEN,0.6596,0.004,0.3364
DIAMONDS TWO SPADES NINE,0.6684,0.005,0.3266
DIAMONDS TWO SPADES EIGHT,0.7754,0.028,0.1966
DIAMONDS TWO SPADES SEVEN,0.7128,0.006,0.2812
DIAMONDS TWO SPADES SIX,0.6848,0.0032,0.312
DIAMONDS TWO SPADES FIVE,0.6808,0.0048,0.3144
DIAMONDS TWO SPADES FOUR,0.6646,0.0054,0.33
DIAMONDS TWO SPADES THREE,0.6678,0.0058,0.3264
DIAMONDS TWO SPADES TWO,0.5106,0.0052,0.4842
CLUBS NINE DIAMONDS TWO,0.659,0.005,0.336
DIAMONDS TWO CLUBS SEVEN,0.6964,0.0052,0.2984
CLUBS SIX DIAMONDS TWO,0.6774,0.0048,0.3178
DIAMONDS TWO CLUBS FIVE,0.65,0.0078,0.3422
DIAMONDS TWO CLUBS FOUR,0.677,0.0076,0.3154
CLUBS FOUR SPADES FIVE,0.6256,0.0056,0.3688
CLUBS FOUR SPADES FOUR,0.4976,0.0066,0.4958
CLUBS FOUR SPADES THREE,0.654,0.006,0.34
CLUBS FOUR SPADES TWO,0.6648,0.0044,0.3308
CLUBS FOUR SPADES NINE,0.6668,0.0044,0.3288
CLUBS FOUR SPADES EIGHT,0.737,0.0294,0.2336
CLUBS FOUR SPADES SEVEN,0.6692,0.0042,0.3266
CLUBS FOUR SPADES SIX,0.6662,0.0052,0.3286
SPADES ACE DIAMONDS SIX,0.5624,0.2268,0.2108
SPADES QUEEN DIAMONDS SIX,0.6508,0.0034,0.3458
SPADES KING DIAMONDS SIX,0.651,0.0034,0.3456
SPADES TEN DIAMONDS SIX,0.6622,0.0032,0.3346
SPADES JACK DIAMONDS SIX,0.664,0.0032,0.3328
SPADES QUEEN SPADES TWO,0.627,0.0046,0.3684
SPADES KING SPADES TWO,0.6196,0.0046,0.3758
SPADES ACE SPADES TWO,0.5276,0.2096,0.2628
DIAMONDS JACK CLUBS JACK,0.3476,0.0036,0.6488
CLUBS TEN DIAMONDS JACK,0.5836,0.0034,0.413
DIAMONDS JACK CLUBS KING,0.6026,0.0058,0.3916
DIAMONDS JACK CLUBS QUEEN,0.5806,0.0052,0.4142
DIAMONDS THREE DIAMONDS JACK,0.6268,0.0044,0.3688
DIAMONDS THREE DIAMONDS TEN,0.6194,0.0048,0.3758
DIAMONDS THREE DIAMONDS KING,0.6114,0.0038,0.3848
HEARTS THREE DIAMONDS THREE,0.5068,0.006,0.4872
DIAMONDS THREE DIAMONDS QUEEN,0.6154,0.0054,0.3792
DIAMONDS THREE HEARTS TWO,0.672,0.0036,0.3244
HEARTS FIVE DIAMONDS THREE,0.6628,0.005,0.3322
DIAMONDS THREE DIAMONDS ACE,0.5262,0.2056,0.2682
HEARTS FOUR DIAMONDS THREE,0.6656,0.0048,0.3296
DIAMONDS THREE HEARTS SEVEN,0.6874,0.006,0.3066
SPADES TEN SPADES NINE,0.5732,0.0042,0.4226
HEARTS SIX DIAMONDS THREE,0.67,0.0038,0.3262
SPADES JACK SPADES NINE,0.5654,0.0046,0.43
DIAMONDS THREE HEARTS NINE,0.669,0.0046,0.3264
HEARTS JACK DIAMONDS FOUR,0.6564,0.005,0.3386
HEARTS KING HEARTS ACE,0.28,0.039,0.681
SPADES TEN SPADES TWO,0.618,0.0034,0.3786
DIAMONDS THREE HEARTS EIGHT,0.7596,0.0314,0.209
HEARTS TEN DIAMONDS FOUR,0.6518,0.003,0.3452
SPADES JACK SPADES TWO,0.6186,0.0038,0.3776
HEARTS QUEEN DIAMONDS FOUR,0.6538,0.0046,0.3416
HEARTS KING DIAMONDS FOUR,0.6604,0.0046,0.335
SPADES ACE SPADES NINE,0.2632,0.1534,0.5834
HEARTS ACE DIAMONDS FOUR,0.5372,0.2264,0.2364
SPADES KING SPADES NINE,0.5754,0.005,0.4196
SPADES QUEEN SPADES NINE,0.5656,0.005,0.4294
DIAMONDS THREE SPADES NINE,0.671,0.0054,0.3236
DIAMONDS THREE SPADES EIGHT,0.7444,0.0342,0.2214
DIAMONDS THREE SPADES SEVEN,0.6864,0.004,0.3096
DIAMONDS THREE SPADES SIX,0.6718,0.0052,0.323
CLUBS SIX DIAMONDS THREE,0.674,0.0048,0.3212
CLUBS SIX CLUBS FIVE,0.6262,0.0058,0.368
CLUBS SEVEN CLUBS FIVE,0.6584,0.0054,0.3362
CLUBS SEVEN DIAMONDS THREE,0.682,0.006,0.312
DIAMONDS THREE CLUBS FOUR,0.6594,0.0056,0.335
DIAMONDS FOUR CLUBS QUEEN,0.6494,0.006,0.3446
DIAMONDS THREE CLUBS FIVE,0.6618,0.0062,0.332
CLUBS KING DIAMONDS FOUR,0.634,0.0046,0.3614
DIAMONDS THREE CLUBS TWO,0.6734,0.0074,0.3192
CLUBS TEN DIAMONDS FOUR,0.6508,0.0056,0.3436
DIAMONDS THREE CLUBS THREE,0.496,0.0062,0.4978
DIAMONDS FOUR CLUBS JACK,0.6478,0.005,0.3472
DIAMONDS THREE SPADES FOUR,0.67,0.0044,0.3256
DIAMONDS THREE SPADES FIVE,0.665,0.0052,0.3298
DIAMONDS THREE SPADES TWO,0.689,0.005,0.306
DIAMONDS THREE SPADES THREE,0.4984,0.0052,0.4964
CLUBS NINE DIAMONDS THREE,0.6684,0.0058,0.3258
SPADES SEVEN CLUBS QUEEN,0.6586,0.0042,0.3372
SPADES SEVEN CLUBS KING,0.6602,0.0036,0.3362
CLUBS FIVE SPADES SEVEN,0.6604,0.004,0.3356
CLUBS TEN SPADES SEVEN,0.6336,0.0052,0.3612
CLUBS FIVE SPADES SIX,0.6384,0.0042,0.3574
SPADES SEVEN CLUBS JACK,0.655,0.005,0.34
SPADES NINE CLUBS FIVE,0.6502,0.0064,0.3434
CLUBS FIVE SPADES EIGHT,0.7226,0.026,0.2514
CLUBS FIVE SPADES THREE,0.6376,0.0042,0.3582
CLUBS FIVE SPADES TWO,0.6662,0.0056,0.3282
CLUBS FIVE SPADES FIVE,0.4828,0.0054,0.5118
CLUBS FIVE SPADES FOUR,0.6376,0.0066,0.3558
CLUBS NINE CLUBS FIVE,0.6414,0.0056,0.353
CLUBS KING CLUBS QUEEN,0.5716,0.0062,0.4222
DIAMONDS TEN DIAMONDS FOUR,0.6076,0.006,0.3864
CLUBS TEN DIAMONDS NINE,0.5952,0.0048,0.4
DIAMONDS JACK DIAMONDS FOUR,0.6176,0.0042,0.3782
DIAMONDS NINE CLUBS JACK,0.5948,0.0064,0.3988
SPADES NINE CLUBS JACK,0.6034,0.0038,0.3928
CLUBS TEN SPADES NINE,0.5946,0.0038,0.4016
DIAMONDS ACE DIAMONDS FOUR,0.5178,0.2084,0.2738
HEARTS FOUR DIAMONDS FOUR,0.4842,0.0044,0.5114
DIAMONDS JACK HEARTS TEN,0.5828,0.005,0.4122
SPADES NINE CLUBS KING,0.6072,0.0058,0.387
DIAMONDS TWO SPADES TEN,0.6668,0.0048,0.3284
HEARTS FIVE DIAMONDS FOUR,0.6384,0.0052,0.3564
HEARTS JACK DIAMONDS JACK,0.3438,0.0026,0.6536
SPADES NINE CLUBS QUEEN,0.609,0.0044,0.3866
DIAMONDS TWO SPADES JACK,0.6652,0.0034,0.3314
DIAMONDS QUEEN DIAMONDS FOUR,0.6076,0.0058,0.3866
HEARTS TWO DIAMONDS FOUR,0.6728,0.005,0.3222
DIAMONDS NINE CLUBS QUEEN,0.6116,0.0038,0.3846
DIAMONDS KING DIAMONDS FOUR,0.6216,0.0056,0.3728
HEARTS THREE DIAMONDS FOUR,0.6628,0.005,0.3322
DIAMONDS NINE CLUBS KING,0.6058,0.0058,0.3884
HEARTS ACE DIAMONDS JACK,0.2764,0.086,0.6376
SPADES ACE DIAMONDS TWO,0.5646,0.218,0.2174
DIAMONDS JACK HEARTS QUEEN,0.5836,0.0058,0.4106
SPADES QUEEN DIAMONDS TWO,0.6534,0.0042,0.3424
HEARTS KING DIAMONDS JACK,0.5908,0.0036,0.4056
SPADES KING DIAMONDS TWO,0.6622,0.0062,0.3316
SPADES JACK SPADES SEVEN,0.6196,0.0046,0.3758
SPADES TEN SPADES SEVEN,0.5998,0.004,0.3962
CLUBS SEVEN CLUBS THREE,0.6792,0.0056,0.3152
CLUBS SIX CLUBS THREE,0.651,0.0072,0.3418
CLUBS FIVE CLUBS THREE,0.6464,0.0064,0.3472
CLUBS FOUR CLUBS THREE,0.646,0.0088,0.3452
CLUBS NINE CLUBS THREE,0.6572,0.0058,0.337
CLUBS THREE SPADES FIVE,0.6496,0.0044,0.346
CLUBS THREE SPADES FOUR,0.6554,0.0042,0.3404
CLUBS THREE SPADES THREE,0.4936,0.0048,0.5016
CLUBS THREE SPADES TWO,0.6672,0.0074,0.3254
CLUBS THREE SPADES SIX,0.674,0.005,0.321
SPADES SEVEN CLUBS THREE,0.6858,0.0056,0.3086
SPADES EIGHT CLUBS THREE,0.7568,0.0274,0.2158
SPADES NINE CLUBS THREE,0.657,0.0052,0.3378
SPADES TWO DIAMONDS FOUR,0.6776,0.0064,0.316
SPADES THREE DIAMONDS FOUR,0.6676,0.005,0.3274
SPADES FOUR DIAMONDS FOUR,0.5012,0.005,0.4938
SPADES FIVE DIAMONDS FOUR,0.6412,0.0036,0.3552
SPADES SIX DIAMONDS FOUR,0.6586,0.0056,0.3358
SPADES SEVEN DIAMONDS FOUR,0.6666,0.0046,0.3288
SPADES EIGHT DIAMONDS FOUR,0.7554,0.0256,0.219
SPADES NINE DIAMONDS FOUR,0.6728,0.0056,0.3216
CLUBS FIVE DIAMONDS FOUR,0.6404,0.0052,0.3544
CLUBS FOUR DIAMONDS FOUR,0.4872,0.0054,0.5074
CLUBS SEVEN DIAMONDS FOUR,0.6754,0.004,0.3206
CLUBS SIX DIAMONDS FOUR,0.6578,0.0046,0.3376
CLUBS NINE DIAMONDS FOUR,0.6564,0.0052,0.3384
DIAMONDS FOUR HEARTS SEVEN,0.6826,0.0046,0.3128
HEARTS SIX DIAMONDS FOUR,0.6606,0.0026,0.3368
HEARTS NINE DIAMONDS FOUR,0.671,0.0044,0.3246
DIAMONDS FOUR HEARTS EIGHT,0.747,0.0282,0.2248
CLUBS THREE DIAMONDS FOUR,0.6632,0.004,0.3328
CLUBS TWO DIAMONDS FOUR,0.657,0.0052,0.3378
DIAMONDS TEN DIAMONDS FIVE,0.6258,0.0054,0.3688
DIAMONDS JACK DIAMONDS FIVE,0.62,0.0056,0.3744
DIAMONDS NINE HEARTS QUEEN,0.608,0.0046,0.3874
HEARTS KING DIAMONDS NINE,0.6146,0.0018,0.3836
DIAMONDS NINE HEARTS ACE,0.2744,0.1606,0.565
DIAMONDS NINE HEARTS TEN,0.5906,0.0038,0.4056
DIAMONDS NINE HEARTS JACK,0.612,0.0026,0.3854
CLUBS KING DIAMONDS SIX,0.666,0.0038,0.3302
CLUBS QUEEN DIAMONDS SIX,0.6662,0.006,0.3278
SPADES KING DIAMONDS FOUR,0.6636,0.005,0.3314
SPADES ACE SPADES SEVEN,0.5244,0.2094,0.2662
SPADES QUEEN DIAMONDS FOUR,0.6578,0.0054,0.3368
SPADES QUEEN SPADES SEVEN,0.605,0.0058,0.3892
CLUBS JACK DIAMONDS SIX,0.6626,0.0032,0.3342
SPADES KING SPADES SEVEN,0.6138,0.0034,0.3828
SPADES ACE DIAMONDS FOUR,0.5352,0.224,0.2408
CLUBS TEN DIAMONDS SIX,0.6444,0.0048,0.3508
CLUBS NINE CLUBS FOUR,0.6556,0.007,0.3374
SPADES JACK DIAMONDS FOUR,0.657,0.0044,0.3386
SPADES TEN DIAMONDS FOUR,0.655,0.0022,0.3428
CLUBS FOUR CLUBS FIVE,0.6394,0.0062,0.3544
CLUBS SEVEN CLUBS FOUR,0.6598,0.0074,0.3328
CLUBS SIX CLUBS FOUR,0.6604,0.0062,0.3334
CLUBS SEVEN SPADES EIGHT,0.6984,0.0242,0.2774
CLUBS SEVEN SPADES NINE,0.6176,0.0058,0.3766
CLUBS SEVEN SPADES SIX,0.6426,0.0048,0.3526
CLUBS SEVEN SPADES SEVEN,0.4908,0.0044,0.5048
CLUBS SEVEN SPADES FIVE,0.6354,0.0066,0.358
CLUBS SEVEN SPADES FOUR,0.6622,0.0054,0.3324
CLUBS SEVEN SPADES THREE,0.6744,0.0056,0.32
CLUBS SEVEN SPADES TWO,0.7014,0.0042,0.2944
CLUBS NINE CLUBS SEVEN,0.6242,0.0056,0.3702
HEARTS SIX DIAMONDS FIVE,0.6328,0.0038,0.3634
DIAMONDS FIVE HEARTS SEVEN,0.655,0.0044,0.3406
DIAMONDS FIVE HEARTS EIGHT,0.739,0.0248,0.2362
HEARTS NINE DIAMONDS FIVE,0.6562,0.0038,0.34
DIAMONDS QUEEN DIAMONDS FIVE,0.6044,0.005,0.3906
HEARTS TWO DIAMONDS FIVE,0.6696,0.0046,0.3258
HEARTS KING HEARTS EIGHT,0.7032,0.0232,0.2736
DIAMONDS KING DIAMONDS FIVE,0.6118,0.003,0.3852
HEARTS THREE DIAMONDS FIVE,0.6658,0.0044,0.3298
HEARTS QUEEN HEARTS EIGHT,0.6938,0.0234,0.2828
DIAMONDS ACE DIAMONDS FIVE,0.525,0.2006,0.2744
HEARTS FOUR DIAMONDS FIVE,0.6388,0.005,0.3562
HEARTS FIVE DIAMONDS FIVE,0.4926,0.0048,0.5026
HEARTS ACE HEARTS EIGHT,0.0758,0.8526,0.0716
CLUBS FOUR DIAMONDS FIVE,0.6358,0.0064,0.3578
CLUBS FIVE DIAMONDS FIVE,0.4954,0.0046,0.5
CLUBS SIX DIAMONDS FIVE,0.638,0.0058,0.3562
CLUBS SEVEN DIAMONDS FIVE,0.6544,0.0038,0.3418
CLUBS TWO DIAMONDS FIVE,0.6674,0.0062,0.3264
CLUBS THREE DIAMONDS FIVE,0.6468,0.0052,0.348
SPADES THREE DIAMONDS FIVE,0.6426,0.0062,0.3512
SPADES TWO DIAMONDS FIVE,0.6638,0.0052,0.331
SPADES JACK DIAMONDS EIGHT,0.7256,0.0218,0.2526
SPADES FIVE DIAMONDS FIVE,0.4796,0.0042,0.5162
CLUBS TEN HEARTS JACK,0.5778,0.0044,0.4178
SPADES TEN DIAMONDS EIGHT,0.7062,0.0238,0.27
SPADES FOUR DIAMONDS FIVE,0.6518,0.0048,0.3434
HEARTS JACK CLUBS JACK,0.3456,0.0052,0.6492
HEARTS JACK CLUBS QUEEN,0.5942,0.004,0.4018
CLUBS NINE DIAMONDS FIVE,0.6514,0.0058,0.3428
HEARTS JACK CLUBS KING,0.5846,0.003,0.4124
SPADES SEVEN DIAMONDS FIVE,0.6574,0.0034,0.3392
SPADES KING DIAMONDS EIGHT,0.7572,0.0242,0.2186
SPADES QUEEN DIAMONDS EIGHT,0.758,0.0194,0.2226
SPADES SIX DIAMONDS FIVE,0.6512,0.004,0.3448
SPADES NINE DIAMONDS FIVE,0.6586,0.0042,0.3372
SPADES EIGHT DIAMONDS FIVE,0.7346,0.0282,0.2372
SPADES ACE DIAMONDS EIGHT,0.0744,0.9088,0.0168
DIAMONDS TEN DIAMONDS SIX,0.6126,0.0048,0.3826
HEARTS ACE DIAMONDS SEVEN,0.5672,0.213,0.2198
DIAMONDS JACK DIAMONDS SIX,0.6374,0.0044,0.3582
HEARTS QUEEN DIAMONDS SEVEN,0.6698,0.0046,0.3256
HEARTS KING DIAMONDS SEVEN,0.6712,0.0046,0.3242
DIAMONDS ACE DIAMONDS SIX,0.5436,0.1992,0.2572
HEARTS FOUR DIAMONDS SIX,0.6728,0.0038,0.3234
HEARTS JACK SPADES TWO,0.6654,0.004,0.3306
HEARTS FIVE DIAMONDS SIX,0.6514,0.0032,0.3454
SPADES TWO HEARTS TEN,0.669,0.0036,0.3274
DIAMONDS QUEEN DIAMONDS SIX,0.617,0.0034,0.3796
HEARTS TWO DIAMONDS SIX,0.6828,0.0044,0.3128
DIAMONDS KING DIAMONDS SIX,0.6256,0.0046,0.3698
HEARTS THREE DIAMONDS SIX,0.6788,0.004,0.3172
HEARTS EIGHT DIAMONDS SIX,0.7108,0.0252,0.264
HEARTS NINE DIAMONDS SIX,0.643,0.0036,0.3534
HEARTS SIX DIAMONDS SIX,0.4824,0.0046,0.513
HEARTS SEVEN DIAMONDS SIX,0.6582,0.0032,0.3386
HEARTS TEN DIAMONDS SEVEN,0.6422,0.0038,0.354
CLUBS TWO DIAMONDS SIX,0.6864,0.0076,0.306
HEARTS JACK DIAMONDS SEVEN,0.6504,0.0032,0.3464
CLUBS THREE DIAMONDS SIX,0.6746,0.0052,0.3202
DIAMONDS EIGHT CLUBS JACK,0.7184,0.0258,0.2558
CLUBS SEVEN DIAMONDS SIX,0.648,0.0042,0.3478
CLUBS SIX DIAMONDS SIX,0.4786,0.0046,0.5168
CLUBS TEN DIAMONDS EIGHT,0.7092,0.0216,0.2692
CLUBS FIVE DIAMONDS SIX,0.637,0.0058,0.3572
CLUBS FOUR DIAMONDS SIX,0.6554,0.0054,0.3392
HEARTS ACE HEARTS JACK,0.2644,0.0894,0.6462
HEARTS JACK HEARTS QUEEN,0.5568,0.0052,0.438
DIAMONDS EIGHT CLUBS KING,0.7576,0.0214,0.221
CLUBS NINE DIAMONDS SIX,0.6564,0.0064,0.3372
HEARTS KING HEARTS JACK,0.558,0.0036,0.4384
DIAMONDS EIGHT CLUBS QUEEN,0.7354,0.0232,0.2414
SPADES TEN HEARTS KING,0.5826,0.0028,0.4146
SPADES FIVE DIAMONDS SIX,0.6484,0.0056,0.346
HEARTS ACE SPADES TWO,0.5598,0.2202,0.22
SPADES JACK HEARTS KING,0.6026,0.005,0.3924
SPADES FOUR DIAMONDS SIX,0.6552,0.0054,0.3394
SPADES THREE DIAMONDS SIX,0.6594,0.0062,0.3344
HEARTS QUEEN SPADES TWO,0.6646,0.0054,0.33
SPADES ACE SPADES KING,0.2692,0.0446,0.6862
HEARTS KING SPADES TWO,0.6572,0.0054,0.3374
SPADES TWO DIAMONDS SIX,0.687,0.0052,0.3078
HEARTS TEN HEARTS EIGHT,0.6708,0.0204,0.3088
SPADES NINE DIAMONDS SIX,0.6488,0.0044,0.3468
HEARTS JACK HEARTS EIGHT,0.688,0.0246,0.2874
SPADES EIGHT DIAMONDS SIX,0.7226,0.0266,0.2508
SPADES SEVEN DIAMONDS SIX,0.6562,0.0028,0.341
SPADES SIX DIAMONDS SIX,0.4868,0.0036,0.5096
SPADES KING HEARTS KING,0.315,0.004,0.681
SPADES QUEEN HEARTS KING,0.594,0.0046,0.4014
SPADES ACE HEARTS KING,0.2906,0.0462,0.6632
SPADES ACE HEARTS JACK,0.2826,0.0772,0.6402
SPADES QUEEN HEARTS JACK,0.5818,0.0056,0.4126
SPADES KING HEARTS JACK,0.5986,0.005,0.3964
SPADES TEN DIAMONDS TEN,0.3454,0.0034,0.6512
SPADES JACK DIAMONDS TEN,0.5854,0.0036,0.411
SPADES ACE DIAMONDS TEN,0.2766,0.1104,0.613
SPADES JACK HEARTS JACK,0.3364,0.0046,0.659
SPADES TEN HEARTS JACK,0.594,0.005,0.401
SPADES QUEEN DIAMONDS TEN,0.5832,0.0034,0.4134
SPADES KING DIAMONDS TEN,0.6118,0.0034,0.3848
SPADES NINE DIAMONDS SEVEN,0.6404,0.0028,0.3568
SPADES EIGHT DIAMONDS SEVEN,0.7086,0.0244,0.267
SPADES SEVEN DIAMONDS SEVEN,0.4962,0.0024,0.5014
SPADES SIX DIAMONDS SEVEN,0.6528,0.0034,0.3438
DIAMONDS KING DIAMONDS SEVEN,0.6124,0.003,0.3846
HEARTS THREE DIAMONDS SEVEN,0.6818,0.004,0.3142
HEARTS KING DIAMONDS FIVE,0.657,0.0032,0.3398
DIAMONDS QUEEN DIAMONDS SEVEN,0.6324,0.0048,0.3628
HEARTS TWO DIAMONDS SEVEN,0.7092,0.0058,0.285
HEARTS QUEEN DIAMONDS FIVE,0.6468,0.0062,0.347
HEARTS FIVE DIAMONDS SEVEN,0.6594,0.003,0.3376
DIAMONDS ACE DIAMONDS SEVEN,0.5364,0.2034,0.2602
HEARTS FOUR DIAMONDS SEVEN,0.6756,0.0032,0.3212
HEARTS ACE DIAMONDS FIVE,0.5588,0.212,0.2292
HEARTS SEVEN DIAMONDS SEVEN,0.4926,0.0032,0.5042
HEARTS SIX DIAMONDS SEVEN,0.647,0.004,0.349
HEARTS NINE DIAMONDS SEVEN,0.6314,0.005,0.3636
DIAMONDS SEVEN HEARTS EIGHT,0.7122,0.0222,0.2656
DIAMONDS JACK DIAMONDS SEVEN,0.6164,0.0036,0.38
HEARTS JACK DIAMONDS FIVE,0.6706,0.0038,0.3256
DIAMONDS TEN DIAMONDS SEVEN,0.6042,0.0028,0.393
DIAMONDS FIVE HEARTS TEN,0.648,0.0042,0.3478
SPADES KING CLUBS TWO,0.6544,0.005,0.3406
HEARTS KING CLUBS KING,0.311,0.0046,0.6844
SPADES QUEEN CLUBS TWO,0.6544,0.0046,0.341
HEARTS KING CLUBS QUEEN,0.5842,0.0052,0.4106
CLUBS NINE DIAMONDS SEVEN,0.6362,0.0056,0.3582
SPADES TWO CLUBS JACK,0.6496,0.0062,0.3442
SPADES ACE CLUBS TWO,0.5492,0.2106,0.2402
CLUBS TEN SPADES TWO,0.659,0.0068,0.3342
CLUBS SIX CLUBS SEVEN,0.6554,0.0052,0.3394
SPADES TWO CLUBS KING,0.6518,0.007,0.3412
SPADES TWO DIAMONDS SEVEN,0.701,0.0054,0.2936
SPADES THREE DIAMONDS SEVEN,0.7008,0.003,0.2962
SPADES TWO CLUBS QUEEN,0.6596,0.0052,0.3352
CLUBS NINE CLUBS SIX,0.6378,0.0064,0.3558
SPADES FOUR DIAMONDS SEVEN,0.6754,0.0042,0.3204
HEARTS KING CLUBS JACK,0.59,0.0036,0.4064
SPADES FIVE DIAMONDS SEVEN,0.6542,0.0042,0.3416
CLUBS TEN HEARTS KING,0.5942,0.0042,0.4016
CLUBS SIX SPADES TWO,0.6716,0.0052,0.3232
CLUBS SIX SPADES THREE,0.6642,0.0062,0.3296
CLUBS TWO DIAMONDS SEVEN,0.691,0.0044,0.3046
CLUBS SIX SPADES FOUR,0.6486,0.0052,0.3462
CLUBS THREE DIAMONDS SEVEN,0.689,0.0042,0.3068
CLUBS SIX SPADES FIVE,0.6384,0.005,0.3566
CLUBS FOUR DIAMONDS SEVEN,0.666,0.0068,0.3272
CLUBS SIX SPADES SIX,0.4762,0.004,0.5198
CLUBS FIVE DIAMONDS SEVEN,0.6554,0.0044,0.3402
CLUBS SIX SPADES SEVEN,0.6478,0.0066,0.3456
CLUBS SIX DIAMONDS SEVEN,0.6366,0.0046,0.3588
CLUBS SIX SPADES EIGHT,0.7222,0.0282,0.2496
SPADES JACK CLUBS TWO,0.6598,0.0066,0.3336
CLUBS SIX SPADES NINE,0.6522,0.0038,0.344
SPADES TEN CLUBS TWO,0.6526,0.0044,0.343
CLUBS SEVEN DIAMONDS SEVEN,0.4714,0.0042,0.5244
CLUBS TWO CLUBS QUEEN,0.658,0.0052,0.3368
CLUBS TWO CLUBS KING,0.6518,0.0062,0.342
CLUBS THREE DIAMONDS EIGHT,0.7616,0.029,0.2094
CLUBS TWO DIAMONDS EIGHT,0.7528,0.0292,0.218
DIAMONDS EIGHT HEARTS SEVEN,0.7212,0.0248,0.254
HEARTS SIX DIAMONDS EIGHT,0.7226,0.025,0.2524
DIAMONDS EIGHT HEARTS NINE,0.7,0.0206,0.2794
CLUBS TEN CLUBS TWO,0.6652,0.0044,0.3304
DIAMONDS EIGHT HEARTS EIGHT,0.3488,0.0252,0.626
CLUBS TWO CLUBS JACK,0.6606,0.006,0.3334
CLUBS NINE DIAMONDS EIGHT,0.7066,0.0244,0.269
CLUBS FIVE DIAMONDS EIGHT,0.739,0.0238,0.2372
SPADES ACE SPADES THREE,0.5208,0.21,0.2692
CLUBS FOUR DIAMONDS EIGHT,0.7396,0.0306,0.2298
SPADES QUEEN SPADES THREE,0.6272,0.004,0.3688
CLUBS SEVEN DIAMONDS EIGHT,0.7124,0.0306,0.257
CLUBS SIX DIAMONDS EIGHT,0.7128,0.0272,0.26
SPADES KING SPADES THREE,0.625,0.005,0.37
DIAMONDS QUEEN DIAMONDS EIGHT,0.6988,0.0222,0.279
HEARTS TWO DIAMONDS EIGHT,0.768,0.0288,0.2032
DIAMONDS KING DIAMONDS EIGHT,0.7074,0.0224,0.2702
HEARTS THREE DIAMONDS EIGHT,0.7598,0.028,0.2122
DIAMONDS ACE DIAMONDS EIGHT,0.0716,0.8544,0.074
HEARTS FOUR DIAMONDS EIGHT,0.7456,0.0258,0.2286
HEARTS FIVE DIAMONDS EIGHT,0.7386,0.0268,0.2346
DIAMONDS EIGHT DIAMONDS TEN,0.688,0.0202,0.2918
DIAMONDS EIGHT DIAMONDS JACK,0.689,0.0202,0.2908
SPADES JACK SPADES THREE,0.6332,0.0048,0.362
SPADES TEN SPADES THREE,0.6242,0.005,0.3708
CLUBS FOUR HEARTS ACE,0.5524,0.2106,0.237
CLUBS FOUR HEARTS QUEEN,0.654,0.0046,0.3414
CLUBS FOUR HEARTS KING,0.6664,0.0034,0.3302
CLUBS SIX HEARTS TEN,0.6624,0.0064,0.3312
CLUBS SIX HEARTS JACK,0.662,0.0042,0.3338
DIAMONDS EIGHT SPADES FOUR,0.7562,0.0286,0.2152
SPADES FIVE DIAMONDS EIGHT,0.7312,0.0262,0.2426
DIAMONDS EIGHT SPADES TWO,0.7592,0.028,0.2128
DIAMONDS EIGHT SPADES THREE,0.7554,0.0302,0.2144
CLUBS FOUR HEARTS JACK,0.6464,0.0052,0.3484
SPADES EIGHT DIAMONDS EIGHT,0.3512,0.0248,0.624
SPADES TEN DIAMONDS QUEEN,0.5924,0.005,0.4026
SPADES TEN HEARTS TWO,0.6682,0.0046,0.3272
SPADES JACK HEARTS EIGHT,0.7196,0.022,0.2584
CLUBS FOUR HEARTS TEN,0.646,0.0044,0.3496
SPADES NINE DIAMONDS EIGHT,0.7,0.0202,0.2798
SPADES TEN HEARTS EIGHT,0.726,0.0188,0.2552
SPADES JACK HEARTS TWO,0.661,0.0046,0.3344
SPADES JACK DIAMONDS QUEEN,0.6044,0.0034,0.3922
SPADES SIX DIAMONDS EIGHT,0.7206,0.0232,0.2562
SPADES SEVEN DIAMONDS EIGHT,0.7084,0.0228,0.2688
SPADES ACE HEARTS TWO,0.562,0.2094,0.2286
SPADES ACE DIAMONDS QUEEN,0.2876,0.0662,0.6462
SPADES ACE HEARTS EIGHT,0.069,0.9082,0.0228
SPADES KING HEARTS EIGHT,0.7464,0.025,0.2286
SPADES QUEEN HEARTS TWO,0.6688,0.0034,0.3278
SPADES QUEEN DIAMONDS QUEEN,0.3398,0.0026,0.6576
SPADES KING DIAMONDS QUEEN,0.5886,0.003,0.4084
SPADES KING HEARTS TWO,0.6494,0.006,0.3446
SPADES QUEEN HEARTS EIGHT,0.7468,0.0228,0.2304
CLUBS TWO HEARTS TEN,0.6524,0.005,0.3426
CLUBS TWO HEARTS JACK,0.6468,0.0064,0.3468
SPADES SEVEN DIAMONDS NINE,0.6354,0.0036,0.361
SPADES SIX DIAMONDS NINE,0.6494,0.0036,0.347
SPADES NINE DIAMONDS NINE,0.3622,0.0022,0.6356
SPADES EIGHT DIAMONDS NINE,0.7172,0.017,0.2658
SPADES TEN CLUBS KING,0.583,0.0044,0.4126
DIAMONDS NINE SPADES THREE,0.6658,0.0036,0.3306
SPADES JACK CLUBS KING,0.588,0.0058,0.4062
DIAMONDS NINE SPADES TWO,0.6736,0.0044,0.322
DIAMONDS NINE SPADES FIVE,0.6526,0.0044,0.343
DIAMONDS NINE SPADES FOUR,0.6778,0.0046,0.3176
CLUBS NINE DIAMONDS NINE,0.361,0.0054,0.6336
CLUBS SIX DIAMONDS NINE,0.6436,0.0052,0.3512
SPADES JACK CLUBS FOUR,0.6514,0.0064,0.3422
SPADES TEN CLUBS FOUR,0.6482,0.004,0.3478
CLUBS SEVEN DIAMONDS NINE,0.6346,0.0046,0.3608
CLUBS FOUR DIAMONDS NINE,0.6596,0.003,0.3374
CLUBS FIVE DIAMONDS NINE,0.6556,0.006,0.3384
CLUBS TWO DIAMONDS NINE,0.6542,0.0052,0.3406
CLUBS THREE DIAMONDS NINE,0.6618,0.0054,0.3328
DIAMONDS NINE HEARTS EIGHT,0.712,0.0162,0.2718
DIAMONDS NINE HEARTS NINE,0.3616,0.0032,0.6352
HEARTS SIX DIAMONDS NINE,0.6534,0.002,0.3446
DIAMONDS NINE HEARTS SEVEN,0.635,0.0038,0.3612
DIAMONDS ACE DIAMONDS NINE,0.2552,0.1618,0.583
HEARTS FOUR DIAMONDS NINE,0.6582,0.0056,0.3362
HEARTS FIVE DIAMONDS NINE,0.6612,0.0026,0.3362
CLUBS TWO HEARTS ACE,0.5436,0.2244,0.232
SPADES ACE CLUBS FOUR,0.551,0.2164,0.2326
DIAMONDS QUEEN DIAMONDS NINE,0.577,0.006,0.417
HEARTS TWO DIAMONDS NINE,0.6676,0.0048,0.3276
CLUBS TWO HEARTS KING,0.6612,0.0038,0.335
SPADES KING CLUBS FOUR,0.6594,0.0056,0.335
DIAMONDS KING DIAMONDS NINE,0.5836,0.0044,0.412
HEARTS THREE DIAMONDS NINE,0.6692,0.0042,0.3266
CLUBS TWO HEARTS QUEEN,0.6624,0.0046,0.333
SPADES QUEEN CLUBS FOUR,0.6514,0.0024,0.3462
DIAMONDS NINE DIAMONDS JACK,0.5724,0.0044,0.4232
DIAMONDS NINE DIAMONDS TEN,0.5624,0.0052,0.4324
HEARTS SIX DIAMONDS TEN,0.6532,0.0026,0.3442
DIAMONDS TEN HEARTS SEVEN,0.636,0.0022,0.3618
DIAMONDS TEN HEARTS EIGHT,0.7154,0.0196,0.265
CLUBS FOUR CLUBS JACK,0.6492,0.005,0.3458
DIAMONDS TEN HEARTS NINE,0.603,0.0034,0.3936
CLUBS TEN CLUBS FOUR,0.6488,0.0058,0.3454
CLUBS FOUR CLUBS KING,0.6562,0.0072,0.3366
CLUBS FOUR CLUBS QUEEN,0.6442,0.0066,0.3492
CLUBS TWO DIAMONDS TEN,0.664,0.006,0.33
CLUBS THREE DIAMONDS TEN,0.6552,0.0052,0.3396
DIAMONDS JACK DIAMONDS TEN,0.552,0.0036,0.4444
DIAMONDS QUEEN DIAMONDS TEN,0.5678,0.0048,0.4274
HEARTS TWO DIAMONDS TEN,0.6668,0.004,0.3292
DIAMONDS KING DIAMONDS TEN,0.569,0.0038,0.4272
HEARTS THREE DIAMONDS TEN,0.6646,0.0058,0.3296
DIAMONDS ACE DIAMONDS TEN,0.2684,0.1056,0.626
HEARTS FOUR DIAMONDS TEN,0.6576,0.0036,0.3388
HEARTS FIVE DIAMONDS TEN,0.6644,0.0042,0.3314
CLUBS NINE SPADES THREE,0.654,0.0056,0.3404
CLUBS NINE SPADES TWO,0.665,0.0048,0.3302
CLUBS NINE SPADES FIVE,0.6446,0.0066,0.3488
CLUBS NINE SPADES FOUR,0.675,0.005,0.32
CLUBS NINE SPADES SEVEN,0.6332,0.0056,0.3612
CLUBS NINE SPADES SIX,0.637,0.0036,0.3594
CLUBS NINE SPADES NINE,0.3634,0.0064,0.6302
CLUBS TEN HEARTS EIGHT,0.7144,0.0222,0.2634
CLUBS NINE SPADES EIGHT,0.696,0.0234,0.2806
CLUBS JACK HEARTS EIGHT,0.7276,0.0206,0.2518
CLUBS QUEEN HEARTS EIGHT,0.7436,0.0246,0.2318
CLUBS KING HEARTS EIGHT,0.7536,0.0236,0.2228
SPADES KING CLUBS KING,0.3208,0.0058,0.6734
SPADES QUEEN CLUBS KING,0.607,0.0044,0.3886
SPADES ACE CLUBS KING,0.2796,0.051,0.6694
DIAMONDS ACE HEARTS TEN,0.2774,0.1168,0.6058
HEARTS FOUR HEARTS TEN,0.623,0.004,0.373
DIAMONDS ACE HEARTS JACK,0.2848,0.0838,0.6314
HEARTS FOUR HEARTS JACK,0.6142,0.003,0.3828
SPADES KING CLUBS FIVE,0.656,0.0042,0.3398
SPADES QUEEN CLUBS FIVE,0.673,0.004,0.323
SPADES ACE CLUBS FIVE,0.549,0.2146,0.2364
DIAMONDS JACK HEARTS SEVEN,0.6462,0.0048,0.349
HEARTS SIX DIAMONDS JACK,0.6526,0.005,0.3424
DIAMONDS JACK HEARTS NINE,0.6018,0.0052,0.393
DIAMONDS JACK HEARTS EIGHT,0.7224,0.024,0.2536
DIAMONDS KING DIAMONDS JACK,0.5556,0.005,0.4394
HEARTS THREE DIAMONDS JACK,0.6586,0.0044,0.337
SPADES ACE SPADES SIX,0.5398,0.1994,0.2608
HEARTS ACE SPADES FOUR,0.5508,0.2148,0.2344
DIAMONDS QUEEN DIAMONDS JACK,0.565,0.0044,0.4306
HEARTS TWO DIAMONDS JACK,0.6656,0.0024,0.332
HEARTS FIVE DIAMONDS JACK,0.6624,0.004,0.3336
SPADES QUEEN SPADES SIX,0.6198,0.0032,0.377
SPADES FOUR HEARTS QUEEN,0.665,0.0042,0.3308
DIAMONDS ACE DIAMONDS JACK,0.271,0.079,0.65
HEARTS FOUR DIAMONDS JACK,0.6558,0.0038,0.3404
SPADES KING SPADES SIX,0.616,0.0046,0.3794
HEARTS KING SPADES FOUR,0.65,0.0034,0.3466
SPADES TEN SPADES SIX,0.6104,0.0034,0.3862
SPADES JACK SPADES SIX,0.6304,0.005,0.3646
SPADES FOUR DIAMONDS JACK,0.6602,0.0038,0.336
SPADES FIVE DIAMONDS JACK,0.664,0.0038,0.3322
DIAMONDS JACK SPADES TWO,0.6574,0.0036,0.339
DIAMONDS JACK SPADES THREE,0.6552,0.0066,0.3382
SPADES ACE DIAMONDS THREE,0.557,0.2178,0.2252
SPADES QUEEN DIAMONDS THREE,0.6614,0.0036,0.335
SPADES KING DIAMONDS THREE,0.6498,0.0066,0.3436
CLUBS NINE DIAMONDS JACK,0.5992,0.0032,0.3976
CLUBS SIX DIAMONDS JACK,0.6574,0.0062,0.3364
CLUBS SEVEN DIAMONDS JACK,0.645,0.0052,0.3498
CLUBS FOUR DIAMONDS JACK,0.6614,0.0054,0.3332
CLUBS FIVE DIAMONDS JACK,0.6514,0.004,0.3446
CLUBS TWO DIAMONDS JACK,0.6632,0.0056,0.3312
CLUBS THREE DIAMONDS JACK,0.6582,0.0074,0.3344
SPADES TEN CLUBS FIVE,0.6586,0.0046,0.3368
HEARTS SIX SPADES JACK,0.6702,0.0026,0.3272
HEARTS SIX SPADES TEN,0.659,0.0042,0.3368
SPADES JACK CLUBS FIVE,0.659,0.0034,0.3376
SPADES JACK DIAMONDS THREE,0.6656,0.0034,0.331
DIAMONDS THREE SPADES TEN,0.665,0.0052,0.3298
CLUBS SEVEN CLUBS QUEEN,0.671,0.0038,0.3252
CLUBS SEVEN CLUBS KING,0.644,0.0052,0.3508
SPADES NINE DIAMONDS JACK,0.601,0.0042,0.3948
CLUBS TEN CLUBS SEVEN,0.6246,0.0054,0.37
DIAMONDS ACE HEARTS ACE,0.1148,0.0152,0.87
HEARTS FOUR HEARTS ACE,0.5256,0.203,0.2714
SPADES EIGHT DIAMONDS JACK,0.7318,0.0214,0.2468
SPADES ACE HEARTS SIX,0.57,0.2168,0.2132
CLUBS SEVEN CLUBS JACK,0.6484,0.0062,0.3454
DIAMONDS ACE HEARTS KING,0.3,0.0516,0.6484
HEARTS FOUR HEARTS KING,0.6216,0.003,0.3754
SPADES SEVEN DIAMONDS JACK,0.6436,0.004,0.3524
SPADES KING HEARTS SIX,0.6552,0.0032,0.3416
DIAMONDS ACE HEARTS QUEEN,0.2838,0.0614,0.6548
HEARTS FOUR HEARTS QUEEN,0.6192,0.007,0.3738
SPADES QUEEN HEARTS SIX,0.6652,0.0046,0.3302
SPADES SIX DIAMONDS JACK,0.6668,0.0046,0.3286
DIAMONDS TEN SPADES TWO,0.6614,0.0062,0.3324
SPADES THREE DIAMONDS TEN,0.656,0.005,0.339
SPADES FOUR DIAMONDS TEN,0.6592,0.0032,0.3376
SPADES FIVE DIAMONDS TEN,0.6614,0.0024,0.3362
SPADES SIX DIAMONDS TEN,0.657,0.003,0.34
SPADES SEVEN DIAMONDS TEN,0.6412,0.0036,0.3552
SPADES EIGHT DIAMONDS TEN,0.7108,0.0178,0.2714
SPADES NINE DIAMONDS TEN,0.6054,0.004,0.3906
CLUBS FOUR DIAMONDS TEN,0.6618,0.005,0.3332
CLUBS FIVE DIAMONDS TEN,0.6562,0.0048,0.339
CLUBS SIX DIAMONDS TEN,0.6534,0.0046,0.342
CLUBS SEVEN DIAMONDS TEN,0.6428,0.0042,0.353
CLUBS NINE DIAMONDS TEN,0.5888,0.0046,0.4066
DIAMONDS THREE CLUBS JACK,0.6532,0.0058,0.341
CLUBS TEN DIAMONDS THREE,0.6552,0.0062,0.3386
DIAMONDS THREE CLUBS KING,0.6494,0.0048,0.3458
DIAMONDS THREE CLUBS QUEEN,0.651,0.005,0.344
SPADES FOUR HEARTS JACK,0.6526,0.0056,0.3418
SPADES FOUR HEARTS TEN,0.6514,0.0032,0.3454
SPADES FIVE SPADES TWO,0.6322,0.0044,0.3634
SPADES FOUR SPADES TWO,0.6346,0.0068,0.3586
SPADES THREE SPADES TWO,0.645,0.0058,0.3492
SPADES NINE SPADES TWO,0.6216,0.006,0.3724
SPADES EIGHT SPADES TWO,0.7294,0.0244,0.2462
SPADES SEVEN SPADES TWO,0.6608,0.0056,0.3336
SPADES SIX SPADES TWO,0.6506,0.0058,0.3436
DIAMONDS QUEEN CLUBS THREE,0.66,0.0048,0.3352
HEARTS TWO CLUBS THREE,0.6654,0.0066,0.328
DIAMONDS QUEEN CLUBS TWO,0.668,0.005,0.327
CLUBS TWO HEARTS TWO,0.5014,0.0066,0.492
DIAMONDS QUEEN HEARTS SEVEN,0.6608,0.0034,0.3358
HEARTS TWO HEARTS SEVEN,0.6522,0.0032,0.3446
HEARTS SIX DIAMONDS QUEEN,0.661,0.0042,0.3348
HEARTS SIX HEARTS TWO,0.6494,0.0052,0.3454
DIAMONDS QUEEN HEARTS NINE,0.6158,0.0044,0.3798
HEARTS TWO HEARTS NINE,0.6294,0.0024,0.3682
DIAMONDS QUEEN HEARTS EIGHT,0.7294,0.0246,0.246
HEARTS TWO HEARTS EIGHT,0.7184,0.0262,0.2554
CLUBS NINE HEARTS TWO,0.6696,0.006,0.3244
CLUBS NINE DIAMONDS QUEEN,0.606,0.0042,0.3898
CLUBS FIVE DIAMONDS QUEEN,0.6672,0.0058,0.327
CLUBS FIVE HEARTS TWO,0.656,0.0066,0.3374
SPADES EIGHT HEARTS ACE,0.0776,0.8988,0.0236
CLUBS FOUR DIAMONDS QUEEN,0.6488,0.0054,0.3458
CLUBS FOUR HEARTS TWO,0.6754,0.0056,0.319
SPADES EIGHT HEARTS QUEEN,0.7402,0.0212,0.2386
CLUBS SEVEN HEARTS TWO,0.7032,0.0054,0.2914
CLUBS SEVEN DIAMONDS QUEEN,0.6644,0.0062,0.3294
CLUBS SIX DIAMONDS QUEEN,0.6578,0.0044,0.3378
CLUBS SIX HEARTS TWO,0.679,0.0064,0.3146
SPADES EIGHT HEARTS KING,0.7478,0.026,0.2262
HEARTS TWO SPADES SIX,0.6912,0.005,0.3038
DIAMONDS QUEEN SPADES SIX,0.6766,0.004,0.3194
HEARTS FOUR CLUBS QUEEN,0.6428,0.0046,0.3526
DIAMONDS ACE CLUBS QUEEN,0.2708,0.061,0.6682
DIAMONDS QUEEN SPADES SEVEN,0.66,0.0038,0.3362
HEARTS TWO SPADES SEVEN,0.7092,0.0044,0.2864
HEARTS FOUR CLUBS KING,0.646,0.0054,0.3486
DIAMONDS ACE CLUBS KING,0.2954,0.0466,0.658
DIAMONDS QUEEN SPADES EIGHT,0.7472,0.0194,0.2334
SPADES EIGHT HEARTS TWO,0.7626,0.0292,0.2082
SPADES NINE DIAMONDS QUEEN,0.6104,0.003,0.3866
SPADES NINE HEARTS TWO,0.659,0.0044,0.3366
HEARTS TWO SPADES TWO,0.4932,0.0044,0.5024
DIAMONDS QUEEN SPADES TWO,0.6592,0.0044,0.3364
HEARTS TWO SPADES THREE,0.6788,0.0062,0.315
DIAMONDS QUEEN SPADES THREE,0.6476,0.0052,0.3472
HEARTS TWO SPADES FOUR,0.6736,0.0044,0.322
DIAMONDS QUEEN SPADES FOUR,0.6666,0.0042,0.3292
HEARTS FOUR CLUBS TEN,0.6526,0.0036,0.3438
CLUBS TEN DIAMONDS ACE,0.2622,0.1134,0.6244
HEARTS TWO SPADES FIVE,0.6708,0.0056,0.3236
DIAMONDS QUEEN SPADES FIVE,0.6516,0.0042,0.3442
HEARTS FOUR CLUBS JACK,0.6548,0.0048,0.3404
DIAMONDS ACE CLUBS JACK,0.2724,0.079,0.6486
CLUBS FIVE CLUBS KING,0.6372,0.0034,0.3594
CLUBS FIVE CLUBS QUEEN,0.6472,0.0064,0.3464
CLUBS FIVE CLUBS JACK,0.6448,0.0082,0.347
CLUBS TEN CLUBS FIVE,0.6376,0.0046,0.3578
SPADES KING CLUBS JACK,0.6016,0.0072,0.3912
SPADES QUEEN CLUBS JACK,0.5928,0.0034,0.4038
SPADES ACE CLUBS JACK,0.2844,0.0868,0.6288
SPADES SIX CLUBS KING,0.6414,0.0056,0.353
SPADES SIX CLUBS QUEEN,0.6592,0.0036,0.3372
SPADES EIGHT HEARTS JACK,0.7258,0.02,0.2542
SPADES EIGHT HEARTS TEN,0.7182,0.0196,0.2622
SPADES SIX CLUBS JACK,0.658,0.0056,0.3364
CLUBS TEN SPADES SIX,0.6434,0.0044,0.3522
SPADES TEN CLUBS JACK,0.584,0.0044,0.4116
SPADES JACK CLUBS JACK,0.3358,0.0044,0.6598
SPADES QUEEN CLUBS SEVEN,0.6528,0.0044,0.3428
SPADES KING CLUBS SEVEN,0.6426,0.0048,0.3526
SPADES ACE CLUBS SEVEN,0.5548,0.223,0.2222
SPADES SIX HEARTS TEN,0.6492,0.0036,0.3472
SPADES SIX HEARTS JACK,0.6728,0.0022,0.325
SPADES SIX HEARTS ACE,0.5666,0.2158,0.2176
SPADES SIX HEARTS KING,0.6596,0.0038,0.3366
SPADES SIX HEARTS QUEEN,0.6672,0.0034,0.3294
SPADES JACK CLUBS SEVEN,0.65,0.006,0.344
CLUBS SEVEN SPADES TEN,0.626,0.0062,0.3678
CLUBS TEN HEARTS SIX,0.6452,0.0048,0.35
HEARTS SIX CLUBS JACK,0.6494,0.0048,0.3458
HEARTS SIX CLUBS QUEEN,0.6516,0.0042,0.3442
HEARTS SIX CLUBS KING,0.6514,0.0058,0.3428
CLUBS QUEEN CLUBS JACK,0.5932,0.0026,0.4042
CLUBS KING CLUBS JACK,0.587,0.0058,0.4072
DIAMONDS THREE HEARTS ACE,0.5616,0.2196,0.2188
DIAMONDS THREE HEARTS QUEEN,0.661,0.0054,0.3336
DIAMONDS THREE HEARTS KING,0.6684,0.004,0.3276
CLUBS FIVE HEARTS JACK,0.6526,0.0052,0.3422
SPADES TEN DIAMONDS ACE,0.2836,0.112,0.6044
HEARTS FOUR SPADES TEN,0.6692,0.0032,0.3276
CLUBS FIVE HEARTS TEN,0.651,0.0046,0.3444
HEARTS FOUR SPADES JACK,0.6538,0.005,0.3412
SPADES JACK DIAMONDS ACE,0.291,0.0852,0.6238
SPADES ACE HEARTS FOUR,0.553,0.2242,0.2228
SPADES ACE DIAMONDS ACE,0.1202,0.013,0.8668
CLUBS FIVE HEARTS ACE,0.5406,0.219,0.2404
CLUBS FIVE HEARTS KING,0.6468,0.0056,0.3476
HEARTS FOUR SPADES QUEEN,0.6502,0.0064,0.3434
SPADES QUEEN DIAMONDS ACE,0.2908,0.058,0.6512
SPADES FOUR CLUBS JACK,0.6498,0.0038,0.3464
CLUBS FIVE HEARTS QUEEN,0.6574,0.0044,0.3382
SPADES KING DIAMONDS ACE,0.2978,0.0468,0.6554
HEARTS FOUR SPADES KING,0.6494,0.0046,0.346
CLUBS TEN SPADES FOUR,0.6556,0.006,0.3384
DIAMONDS QUEEN DIAMONDS ACE,0.2738,0.0594,0.6668
HEARTS TWO DIAMONDS ACE,0.55,0.2242,0.2258
HEARTS FOUR DIAMONDS QUEEN,0.6624,0.003,0.3346
HEARTS FOUR HEARTS TWO,0.6378,0.0068,0.3554
DIAMONDS THREE HEARTS TEN,0.661,0.0046,0.3344
SPADES FOUR CLUBS KING,0.6542,0.0048,0.341
HEARTS FIVE DIAMONDS QUEEN,0.6668,0.0048,0.3284
HEARTS FIVE HEARTS TWO,0.6092,0.0046,0.3862
DIAMONDS THREE HEARTS JACK,0.6694,0.0048,0.3258
SPADES FOUR CLUBS QUEEN,0.6464,0.0052,0.3484
DIAMONDS QUEEN HEARTS TWO,0.6552,0.005,0.3398
DIAMONDS KING DIAMONDS QUEEN,0.5622,0.0034,0.4344
DIAMONDS KING HEARTS TWO,0.6466,0.0052,0.3482
HEARTS THREE DIAMONDS QUEEN,0.6562,0.0044,0.3394
HEARTS THREE HEARTS TWO,0.6314,0.0046,0.364
HEARTS TWO CLUBS QUEEN,0.6636,0.0058,0.3306
DIAMONDS QUEEN CLUBS QUEEN,0.3274,0.0054,0.6672
HEARTS TWO CLUBS KING,0.6464,0.005,0.3486
DIAMONDS QUEEN CLUBS KING,0.5926,0.0062,0.4012
SPADES EIGHT SPADES FIVE,0.6932,0.0262,0.2806
CLUBS TEN HEARTS TWO,0.6622,0.0056,0.3322
CLUBS TEN DIAMONDS QUEEN,0.5812,0.0026,0.4162
SPADES NINE SPADES FIVE,0.6152,0.0044,0.3804
HEARTS TWO CLUBS JACK,0.648,0.0068,0.3452
DIAMONDS QUEEN CLUBS JACK,0.5982,0.0048,0.397
SPADES SIX SPADES FIVE,0.614,0.0052,0.3808
SPADES SEVEN SPADES FIVE,0.6224,0.0042,0.3734
DIAMONDS FIVE CLUBS QUEEN,0.6486,0.0058,0.3456
DIAMONDS FIVE CLUBS KING,0.6474,0.0034,0.3492
SPADES EIGHT CLUBS KING,0.7424,0.0236,0.234
SPADES EIGHT CLUBS QUEEN,0.7446,0.0274,0.228
SPADES EIGHT CLUBS JACK,0.7294,0.0248,0.2458
CLUBS TEN SPADES EIGHT,0.7242,0.0232,0.2526
CLUBS TEN DIAMONDS FIVE,0.6652,0.006,0.3288
DIAMONDS FIVE CLUBS JACK,0.6544,0.004,0.3416
HEARTS JACK DIAMONDS TEN,0.5902,0.0062,0.4036
DIAMONDS TEN HEARTS TEN,0.3532,0.0046,0.6422
SPADES ACE CLUBS NINE,0.2698,0.1612,0.569
CLUBS NINE SPADES QUEEN,0.605,0.0082,0.3868
CLUBS NINE SPADES KING,0.6138,0.0036,0.3826
HEARTS SIX HEARTS KING,0.624,0.0052,0.3708
DIAMONDS KING SPADES SEVEN,0.6576,0.0038,0.3386
HEARTS THREE SPADES SEVEN,0.6806,0.005,0.3144
SPADES KING DIAMONDS SEVEN,0.66,0.0038,0.3362
HEARTS SIX HEARTS QUEEN,0.628,0.003,0.369
SPADES QUEEN DIAMONDS SEVEN,0.66,0.0044,0.3356
HEARTS THREE SPADES SIX,0.6822,0.0046,0.3132
DIAMONDS KING SPADES SIX,0.6482,0.0056,0.3462
DIAMONDS KING SPADES NINE,0.6096,0.0042,0.3862
HEARTS THREE SPADES NINE,0.6732,0.0036,0.3232
HEARTS SIX HEARTS ACE,0.5388,0.2038,0.2574
DIAMONDS KING SPADES EIGHT,0.7526,0.0268,0.2206
HEARTS THREE SPADES EIGHT,0.7672,0.0288,0.204
SPADES ACE DIAMONDS SEVEN,0.5652,0.2164,0.2184
CLUBS NINE HEARTS THREE,0.662,0.0058,0.3322
CLUBS NINE DIAMONDS KING,0.6166,0.0034,0.38
HEARTS THREE SPADES THREE,0.5076,0.0028,0.4896
DIAMONDS KING SPADES THREE,0.6674,0.0054,0.3272
HEARTS THREE SPADES TWO,0.6786,0.0046,0.3168
DIAMONDS KING SPADES TWO,0.657,0.0052,0.3378
