opposingHand,winningChance,drawChance,lostChance
CLUBS THREE HEARTS JACK
HEARTS FIVE SPADES TEN,0.589,0.0172,0.3938
SPADES JACK HEARTS FIVE,0.2248,0.4582,0.317
CLUBS JACK SPADES FIVE,0.2072,0.4652,0.3276
CLUBS TEN SPADES FIVE,0.5864,0.0196,0.394
CLUBS JACK CLUBS EIGHT,0.2194,0.2156,0.565
CLUBS TEN CLUBS EIGHT,0.5254,0.0182,0.4564
CLUBS EIGHT CLUBS KING,0.3408,0.0088,0.6504
SPADES FIVE CLUBS ACE,0.3424,0.0062,0.6514
CLUBS EIGHT CLUBS QUEEN,0.3422,0.0106,0.6472
SPADES FIVE CLUBS KING,0.348,0.0078,0.6442
SPADES FIVE CLUBS QUEEN,0.3534,0.0126,0.634
CLUBS EIGHT CLUBS ACE,0.3326,0.0058,0.6616
DIAMONDS TWO DIAMONDS THREE,0.6508,0.0586,0.2906
DIAMONDS TWO DIAMONDS FIVE,0.5734,0.0218,0.4048
SPADES KING HEARTS FIVE,0.3744,0.0098,0.6158
DIAMONDS TWO DIAMONDS FOUR,0.5678,0.0196,0.4126
SPADES QUEEN HEARTS FIVE,0.371,0.012,0.617
DIAMONDS TWO DIAMONDS SEVEN,0.5902,0.0186,0.3912
DIAMONDS TWO DIAMONDS SIX,0.5794,0.0212,0.3994
SPADES ACE HEARTS FIVE,0.3522,0.004,0.6438
DIAMONDS TWO DIAMONDS NINE,0.5818,0.0204,0.3978
DIAMONDS TWO DIAMONDS EIGHT,0.5824,0.0178,0.3998
DIAMONDS THREE DIAMONDS FOUR,0.622,0.0532,0.3248
CLUBS TWO SPADES FOUR,0.6074,0.0218,0.3708
DIAMONDS THREE DIAMONDS FIVE,0.6164,0.0558,0.3278
SPADES FIVE CLUBS TWO,0.6054,0.021,0.3736
CLUBS TWO SPADES TWO,0.4182,0.056,0.5258
CLUBS TWO SPADES THREE,0.6978,0.0574,0.2448
DIAMONDS THREE DIAMONDS EIGHT,0.6706,0.05,0.2794
SPADES EIGHT CLUBS TWO,0.6234,0.0216,0.355
DIAMONDS THREE DIAMONDS NINE,0.6702,0.0492,0.2806
SPADES NINE CLUBS TWO,0.6158,0.0182,0.366
DIAMONDS THREE DIAMONDS SIX,0.6472,0.0488,0.304
SPADES SIX CLUBS TWO,0.6244,0.0226,0.353
DIAMONDS THREE DIAMONDS SEVEN,0.6496,0.0524,0.298
SPADES SEVEN CLUBS TWO,0.6354,0.0274,0.3372
CLUBS SIX CLUBS TWO,0.5844,0.0172,0.3984
CLUBS SEVEN CLUBS TWO,0.58,0.0204,0.3996
CLUBS FOUR CLUBS TWO,0.575,0.02,0.405
CLUBS FIVE CLUBS TWO,0.5578,0.0256,0.4166
CLUBS TEN CLUBS JACK,0.2126,0.1264,0.661
DIAMONDS FOUR DIAMONDS SIX,0.5312,0.016,0.4528
CLUBS TEN CLUBS QUEEN,0.3198,0.0092,0.671
DIAMONDS FOUR DIAMONDS SEVEN,0.5384,0.0192,0.4424
CLUBS TEN CLUBS KING,0.3306,0.007,0.6624
CLUBS TEN CLUBS ACE,0.3196,0.0054,0.675
CLUBS EIGHT CLUBS TWO,0.5876,0.0182,0.3942
DIAMONDS FIVE DIAMONDS FOUR,0.5248,0.022,0.4532
CLUBS NINE CLUBS TWO,0.582,0.0186,0.3994
DIAMONDS NINE DIAMONDS FOUR,0.5502,0.0154,0.4344
DIAMONDS EIGHT DIAMONDS FOUR,0.5394,0.0162,0.4444
DIAMONDS NINE DIAMONDS FIVE,0.537,0.0192,0.4438
CLUBS JACK DIAMONDS TWO,0.2598,0.5152,0.225
DIAMONDS EIGHT DIAMONDS FIVE,0.5292,0.0188,0.452
CLUBS TEN DIAMONDS TWO,0.6176,0.0188,0.3636
DIAMONDS FIVE DIAMONDS SEVEN,0.5202,0.0174,0.4624
DIAMONDS FIVE DIAMONDS SIX,0.5162,0.0192,0.4646
DIAMONDS TWO CLUBS ACE,0.3812,0.004,0.6148
DIAMONDS TWO CLUBS KING,0.3814,0.0082,0.6104
DIAMONDS TWO CLUBS QUEEN,0.3774,0.015,0.6076
DIAMONDS EIGHT DIAMONDS SIX,0.5074,0.0202,0.4724
DIAMONDS NINE DIAMONDS SIX,0.5382,0.0162,0.4456
HEARTS ACE SPADES THREE,0.2336,0.0222,0.7442
SPADES THREE HEARTS KING,0.2398,0.0344,0.7258
DIAMONDS SEVEN DIAMONDS SIX,0.5246,0.019,0.4564
HEARTS QUEEN SPADES THREE,0.2304,0.0426,0.727
SPADES THREE HEARTS TEN,0.7078,0.0566,0.2356
DIAMONDS EIGHT DIAMONDS SEVEN,0.5036,0.0166,0.4798
DIAMONDS NINE DIAMONDS SEVEN,0.524,0.0168,0.4592
DIAMONDS NINE DIAMONDS EIGHT,0.5048,0.0192,0.476
DIAMONDS KING HEARTS TEN,0.3328,0.0084,0.6588
HEARTS THREE HEARTS TEN,0.6844,0.0586,0.257
SPADES JACK CLUBS SIX,0.2104,0.4024,0.3872
SPADES TEN CLUBS SIX,0.5762,0.0198,0.404
SPADES JACK SPADES FIVE,0.1982,0.4436,0.3582
SPADES TEN SPADES FIVE,0.5496,0.0206,0.4298
DIAMONDS KING HEARTS ACE,0.315,0.0058,0.6792
HEARTS THREE HEARTS ACE,0.2338,0.0194,0.7468
SPADES ACE CLUBS SIX,0.3452,0.0036,0.6512
DIAMONDS KING HEARTS QUEEN,0.314,0.0068,0.6792
HEARTS THREE HEARTS QUEEN,0.2198,0.0416,0.7386
SPADES KING CLUBS SIX,0.3544,0.0074,0.6382
DIAMONDS KING HEARTS KING,0.1254,0.0064,0.8682
HEARTS THREE HEARTS KING,0.2296,0.0336,0.7368
SPADES QUEEN CLUBS SIX,0.35,0.0098,0.6402
SPADES NINE HEARTS TEN,0.535,0.0162,0.4488
SPADES QUEEN SPADES FIVE,0.344,0.0138,0.6422
SPADES KING SPADES FIVE,0.3376,0.0072,0.6552
SPADES ACE SPADES FIVE,0.328,0.0038,0.6682
SPADES NINE HEARTS QUEEN,0.3382,0.009,0.6528
SPADES NINE HEARTS KING,0.3574,0.0072,0.6354
SPADES NINE HEARTS ACE,0.368,0.0046,0.6274
CLUBS TEN SPADES JACK,0.218,0.124,0.658
CLUBS TEN SPADES TEN,0.261,0.0244,0.7146
SPADES ACE CLUBS TEN,0.3242,0.0052,0.6706
CLUBS TEN SPADES KING,0.3444,0.0062,0.6494
CLUBS TEN SPADES QUEEN,0.3146,0.0124,0.673
SPADES FIVE HEARTS QUEEN,0.3552,0.0134,0.6314
SPADES FIVE HEARTS KING,0.3596,0.0078,0.6326
HEARTS ACE SPADES FIVE,0.358,0.0042,0.6378
CLUBS EIGHT SPADES TEN,0.5552,0.0156,0.4292
HEARTS THREE SPADES JACK,0.0204,0.9698,0.0098
SPADES JACK DIAMONDS KING,0.2224,0.032,0.7456
SPADES TEN DIAMONDS KING,0.3366,0.0052,0.6582
HEARTS THREE SPADES TEN,0.7252,0.0588,0.216
CLUBS EIGHT SPADES JACK,0.2232,0.2292,0.5476
CLUBS SIX HEARTS ACE,0.3566,0.0046,0.6388
SPADES ACE CLUBS EIGHT,0.351,0.0048,0.6442
CLUBS JACK HEARTS FIVE,0.2122,0.4614,0.3264
CLUBS TEN HEARTS FIVE,0.597,0.0164,0.3866
CLUBS SIX HEARTS QUEEN,0.3592,0.0108,0.63
SPADES QUEEN CLUBS EIGHT,0.3378,0.0108,0.6514
CLUBS TEN SPADES THREE,0.6954,0.0598,0.2448
CLUBS SIX HEARTS KING,0.3524,0.0104,0.6372
SPADES KING CLUBS EIGHT,0.3522,0.0106,0.6372
CLUBS JACK SPADES THREE,0.0096,0.9718,0.0186
SPADES THREE CLUBS QUEEN,0.2268,0.0482,0.725
DIAMONDS TWO HEARTS TEN,0.6218,0.022,0.3562
SPADES THREE CLUBS KING,0.24,0.029,0.731
HEARTS FIVE CLUBS ACE,0.3404,0.005,0.6546
SPADES FIVE HEARTS TEN,0.5968,0.0192,0.384
SPADES THREE CLUBS ACE,0.2334,0.0252,0.7414
HEARTS FIVE CLUBS KING,0.3536,0.0104,0.636
HEARTS FIVE CLUBS QUEEN,0.355,0.0146,0.6304
HEARTS THREE CLUBS KING,0.238,0.0308,0.7312
DIAMONDS KING CLUBS KING,0.1256,0.008,0.8664
HEARTS THREE CLUBS QUEEN,0.2476,0.0458,0.7066
DIAMONDS KING CLUBS QUEEN,0.3112,0.0048,0.684
HEARTS FIVE HEARTS TEN,0.5644,0.019,0.4166
HEARTS THREE CLUBS ACE,0.228,0.0198,0.7522
DIAMONDS KING CLUBS ACE,0.3086,0.004,0.6874
SPADES ACE CLUBS QUEEN,0.3042,0.0064,0.6894
SPADES KING CLUBS QUEEN,0.3016,0.0078,0.6906
CLUBS JACK HEARTS THREE,0.0056,0.9858,0.0086
CLUBS JACK DIAMONDS KING,0.2184,0.0324,0.7492
SPADES QUEEN CLUBS QUEEN,0.1388,0.0104,0.8508
CLUBS TEN HEARTS THREE,0.7012,0.0574,0.2414
CLUBS TEN DIAMONDS KING,0.344,0.006,0.65
SPADES JACK CLUBS QUEEN,0.2218,0.042,0.7362
CLUBS SIX CLUBS QUEEN,0.334,0.0092,0.6568
SPADES TEN CLUBS QUEEN,0.316,0.008,0.676
CLUBS SIX CLUBS KING,0.3508,0.0054,0.6438
CLUBS SIX CLUBS ACE,0.3386,0.0044,0.657
HEARTS FIVE HEARTS KING,0.3402,0.0074,0.6524
HEARTS FIVE HEARTS QUEEN,0.34,0.0136,0.6464
CLUBS TEN CLUBS SIX,0.549,0.017,0.434
HEARTS FIVE HEARTS ACE,0.3206,0.0056,0.6738
CLUBS JACK CLUBS SIX,0.2138,0.3594,0.4268
SPADES SEVEN HEARTS TEN,0.5654,0.0172,0.4174
DIAMONDS TWO CLUBS TWO,0.4128,0.0558,0.5314
HEARTS SIX DIAMONDS TWO,0.632,0.02,0.348
DIAMONDS TWO HEARTS QUEEN,0.3902,0.011,0.5988
DIAMONDS TWO HEARTS SEVEN,0.619,0.0244,0.3566
DIAMONDS TWO HEARTS KING,0.3876,0.0106,0.6018
DIAMONDS TWO HEARTS EIGHT,0.6198,0.0206,0.3596
DIAMONDS TWO HEARTS ACE,0.3662,0.0044,0.6294
DIAMONDS TWO HEARTS NINE,0.6368,0.019,0.3442
DIAMONDS TWO DIAMONDS QUEEN,0.3646,0.0142,0.6212
DIAMONDS TWO HEARTS TWO,0.3964,0.0552,0.5484
DIAMONDS TWO DIAMONDS KING,0.362,0.0076,0.6304
HEARTS THREE DIAMONDS TWO,0.697,0.0544,0.2486
DIAMONDS TWO DIAMONDS ACE,0.3576,0.0058,0.6366
HEARTS FOUR DIAMONDS TWO,0.6114,0.0224,0.3662
DIAMONDS TWO HEARTS FIVE,0.6064,0.0266,0.367
SPADES SEVEN HEARTS ACE,0.3356,0.0028,0.6616
DIAMONDS TWO DIAMONDS TEN,0.583,0.0148,0.4022
SPADES SEVEN HEARTS KING,0.3442,0.008,0.6478
DIAMONDS TWO DIAMONDS JACK,0.2456,0.4926,0.2618
SPADES SEVEN HEARTS QUEEN,0.3562,0.0116,0.6322
DIAMONDS TWO SPADES NINE,0.6224,0.0156,0.362
DIAMONDS TWO SPADES EIGHT,0.6178,0.0192,0.363
DIAMONDS TWO SPADES SEVEN,0.6294,0.0186,0.352
DIAMONDS TWO SPADES SIX,0.6282,0.0208,0.351
DIAMONDS TWO SPADES FIVE,0.6094,0.0176,0.373
DIAMONDS TWO SPADES FOUR,0.6188,0.019,0.3622
DIAMONDS TWO SPADES THREE,0.682,0.0548,0.2632
DIAMONDS TWO SPADES TWO,0.4,0.0572,0.5428
DIAMONDS TWO CLUBS NINE,0.6188,0.0208,0.3604
CLUBS EIGHT DIAMONDS TWO,0.6196,0.0206,0.3598
DIAMONDS TWO CLUBS SEVEN,0.6212,0.0198,0.359
DIAMONDS TWO CLUBS SIX,0.6028,0.0234,0.3738
DIAMONDS TWO CLUBS FIVE,0.5976,0.0204,0.382
DIAMONDS TWO CLUBS FOUR,0.596,0.0252,0.3788
CLUBS FOUR SPADES FIVE,0.5404,0.023,0.4366
CLUBS FOUR SPADES FOUR,0.3022,0.0526,0.6452
CLUBS FOUR SPADES THREE,0.6562,0.0592,0.2846
CLUBS FOUR SPADES TWO,0.5904,0.0226,0.387
SPADES NINE CLUBS FOUR,0.5844,0.0196,0.396
SPADES EIGHT CLUBS FOUR,0.568,0.0202,0.4118
CLUBS FOUR SPADES SEVEN,0.5682,0.0216,0.4102
CLUBS FOUR SPADES SIX,0.5594,0.0236,0.417
SPADES ACE DIAMONDS SIX,0.3566,0.0042,0.6392
SPADES QUEEN DIAMONDS SIX,0.3708,0.0106,0.6186
SPADES KING DIAMONDS SIX,0.3684,0.0066,0.625
SPADES TEN DIAMONDS SIX,0.5832,0.0158,0.401
SPADES JACK DIAMONDS SIX,0.2226,0.3796,0.3978
SPADES QUEEN SPADES TWO,0.3672,0.0116,0.6212
SPADES KING SPADES TWO,0.3656,0.0076,0.6268
SPADES ACE SPADES TWO,0.3626,0.0046,0.6328
CLUBS JACK DIAMONDS JACK,0.0772,0.0432,0.8796
CLUBS TEN DIAMONDS JACK,0.2072,0.118,0.6748
DIAMONDS JACK CLUBS KING,0.2234,0.032,0.7446
DIAMONDS JACK CLUBS QUEEN,0.2158,0.0422,0.742
DIAMONDS THREE DIAMONDS JACK,0.023,0.9012,0.0758
DIAMONDS THREE DIAMONDS TEN,0.6674,0.0612,0.2714
DIAMONDS JACK CLUBS ACE,0.212,0.0202,0.7678
DIAMONDS THREE DIAMONDS KING,0.2264,0.0316,0.742
HEARTS THREE DIAMONDS THREE,0.2902,0.036,0.6738
DIAMONDS THREE DIAMONDS QUEEN,0.2208,0.043,0.7362
DIAMONDS THREE HEARTS TWO,0.6848,0.0618,0.2534
HEARTS FIVE DIAMONDS THREE,0.666,0.058,0.276
DIAMONDS THREE DIAMONDS ACE,0.2296,0.016,0.7544
HEARTS FOUR DIAMONDS THREE,0.6636,0.06,0.2764
DIAMONDS THREE HEARTS SEVEN,0.6888,0.0544,0.2568
SPADES TEN SPADES NINE,0.5092,0.013,0.4778
HEARTS SIX DIAMONDS THREE,0.687,0.0532,0.2598
SPADES JACK SPADES NINE,0.2178,0.152,0.6302
DIAMONDS THREE HEARTS NINE,0.7022,0.0594,0.2384
HEARTS ACE HEARTS KING,0.3042,0.0044,0.6914
SPADES TEN SPADES TWO,0.5874,0.0212,0.3914
DIAMONDS THREE HEARTS EIGHT,0.7036,0.0518,0.2446
HEARTS TEN DIAMONDS FOUR,0.6002,0.019,0.3808
SPADES JACK SPADES TWO,0.2466,0.4998,0.2536
HEARTS QUEEN DIAMONDS FOUR,0.3566,0.0162,0.6272
HEARTS KING DIAMONDS FOUR,0.3572,0.0076,0.6352
SPADES ACE SPADES NINE,0.3442,0.0032,0.6526
HEARTS ACE DIAMONDS FOUR,0.3512,0.0068,0.642
SPADES KING SPADES NINE,0.3292,0.0068,0.664
SPADES QUEEN SPADES NINE,0.3252,0.0112,0.6636
DIAMONDS THREE SPADES NINE,0.7024,0.0554,0.2422
DIAMONDS THREE SPADES EIGHT,0.7018,0.0498,0.2484
DIAMONDS THREE SPADES SEVEN,0.6892,0.05,0.2608
DIAMONDS THREE SPADES SIX,0.6894,0.0492,0.2614
DIAMONDS THREE CLUBS SIX,0.6852,0.057,0.2578
CLUBS SIX CLUBS FIVE,0.5234,0.023,0.4536
CLUBS ACE DIAMONDS FOUR,0.3504,0.0036,0.646
DIAMONDS THREE CLUBS SEVEN,0.6908,0.0584,0.2508
CLUBS SEVEN CLUBS FIVE,0.5342,0.021,0.4448
DIAMONDS THREE CLUBS FOUR,0.6694,0.0572,0.2734
DIAMONDS FOUR CLUBS QUEEN,0.3516,0.0118,0.6366
DIAMONDS THREE CLUBS FIVE,0.668,0.054,0.278
DIAMONDS FOUR CLUBS KING,0.3554,0.0096,0.635
DIAMONDS THREE CLUBS TWO,0.683,0.0546,0.2624
CLUBS TEN DIAMONDS FOUR,0.5874,0.023,0.3896
CLUBS JACK DIAMONDS FOUR,0.2144,0.5168,0.2688
DIAMONDS THREE SPADES FOUR,0.6678,0.0552,0.277
DIAMONDS THREE SPADES FIVE,0.6688,0.061,0.2702
DIAMONDS THREE SPADES TWO,0.694,0.0586,0.2474
DIAMONDS THREE SPADES THREE,0.3046,0.039,0.6564
CLUBS EIGHT DIAMONDS THREE,0.6956,0.0562,0.2482
CLUBS NINE DIAMONDS THREE,0.6988,0.0602,0.241
SPADES SEVEN CLUBS ACE,0.3556,0.004,0.6404
SPADES SEVEN CLUBS QUEEN,0.3686,0.0098,0.6216
SPADES SEVEN CLUBS KING,0.3666,0.0056,0.6278
SPADES SEVEN CLUBS FIVE,0.5606,0.0192,0.4202
CLUBS TEN SPADES SEVEN,0.5482,0.0176,0.4342
CLUBS FIVE SPADES SIX,0.546,0.0208,0.4332
CLUBS JACK SPADES SEVEN,0.2078,0.3046,0.4876
SPADES NINE CLUBS FIVE,0.5842,0.0202,0.3956
SPADES EIGHT CLUBS FIVE,0.5632,0.0254,0.4114
CLUBS FIVE SPADES THREE,0.6534,0.0556,0.291
CLUBS FIVE SPADES TWO,0.5936,0.0238,0.3826
CLUBS FIVE SPADES FIVE,0.3122,0.0482,0.6396
CLUBS FIVE SPADES FOUR,0.5558,0.0176,0.4266
CLUBS NINE CLUBS FIVE,0.5524,0.021,0.4266
CLUBS EIGHT CLUBS FIVE,0.5424,0.0214,0.4362
CLUBS ACE CLUBS QUEEN,0.3006,0.0048,0.6946
CLUBS KING CLUBS QUEEN,0.3056,0.008,0.6864
DIAMONDS TEN DIAMONDS FOUR,0.5588,0.0188,0.4224
CLUBS TEN DIAMONDS NINE,0.5132,0.0172,0.4696
DIAMONDS JACK DIAMONDS FOUR,0.2078,0.4908,0.3014
CLUBS JACK DIAMONDS NINE,0.2204,0.168,0.6116
CLUBS JACK SPADES NINE,0.224,0.1698,0.6062
CLUBS TEN SPADES NINE,0.5376,0.0166,0.4458
DIAMONDS ACE DIAMONDS FOUR,0.33,0.0042,0.6658
HEARTS FOUR DIAMONDS FOUR,0.3254,0.0464,0.6282
DIAMONDS JACK HEARTS TEN,0.225,0.1182,0.6568
SPADES NINE CLUBS KING,0.3384,0.0076,0.654
DIAMONDS TWO SPADES TEN,0.6314,0.0204,0.3482
DIAMONDS NINE CLUBS ACE,0.3628,0.0048,0.6324
HEARTS FIVE DIAMONDS FOUR,0.558,0.0202,0.4218
SPADES NINE CLUBS QUEEN,0.3286,0.01,0.6614
DIAMONDS TWO SPADES JACK,0.2676,0.5172,0.2152
DIAMONDS QUEEN DIAMONDS FOUR,0.3342,0.009,0.6568
HEARTS TWO DIAMONDS FOUR,0.597,0.0182,0.3848
DIAMONDS NINE CLUBS QUEEN,0.3326,0.0094,0.658
DIAMONDS KING DIAMONDS FOUR,0.3506,0.0078,0.6416
HEARTS THREE DIAMONDS FOUR,0.674,0.0556,0.2704
SPADES NINE CLUBS ACE,0.3566,0.0042,0.6392
DIAMONDS NINE CLUBS KING,0.3412,0.0064,0.6524
HEARTS ACE DIAMONDS JACK,0.2194,0.025,0.7556
SPADES ACE DIAMONDS TWO,0.383,0.0064,0.6106
HEARTS QUEEN DIAMONDS JACK,0.2182,0.04,0.7418
SPADES QUEEN DIAMONDS TWO,0.3866,0.017,0.5964
DIAMONDS JACK HEARTS KING,0.2234,0.0298,0.7468
SPADES KING DIAMONDS TWO,0.3932,0.0106,0.5962
SPADES JACK SPADES SEVEN,0.2094,0.2892,0.5014
SPADES TEN SPADES SEVEN,0.5248,0.0186,0.4566
SPADES TWO DIAMONDS FOUR,0.6082,0.018,0.3738
SPADES THREE DIAMONDS FOUR,0.6664,0.0562,0.2774
SPADES FOUR DIAMONDS FOUR,0.325,0.0474,0.6276
SPADES FIVE DIAMONDS FOUR,0.5636,0.0188,0.4176
SPADES SIX DIAMONDS FOUR,0.5666,0.0206,0.4128
SPADES SEVEN DIAMONDS FOUR,0.5646,0.02,0.4154
SPADES EIGHT DIAMONDS FOUR,0.5768,0.018,0.4052
SPADES NINE DIAMONDS FOUR,0.5992,0.0184,0.3824
CLUBS FIVE DIAMONDS FOUR,0.553,0.0214,0.4256
CLUBS FOUR DIAMONDS FOUR,0.3014,0.051,0.6476
CLUBS SEVEN DIAMONDS FOUR,0.5766,0.021,0.4024
CLUBS SIX DIAMONDS FOUR,0.5648,0.0214,0.4138
CLUBS NINE DIAMONDS FOUR,0.593,0.0192,0.3878
CLUBS EIGHT DIAMONDS FOUR,0.5694,0.0188,0.4118
DIAMONDS FOUR HEARTS SEVEN,0.5762,0.018,0.4058
HEARTS SIX DIAMONDS FOUR,0.5662,0.0234,0.4104
HEARTS NINE DIAMONDS FOUR,0.582,0.019,0.399
DIAMONDS FOUR HEARTS EIGHT,0.581,0.0174,0.4016
CLUBS TWO DIAMONDS FOUR,0.6052,0.0214,0.3734
DIAMONDS TEN DIAMONDS FIVE,0.5522,0.0142,0.4336
DIAMONDS JACK DIAMONDS FIVE,0.1954,0.4396,0.365
DIAMONDS NINE HEARTS QUEEN,0.3402,0.0112,0.6486
DIAMONDS NINE HEARTS KING,0.3412,0.0078,0.651
HEARTS ACE DIAMONDS NINE,0.3446,0.0058,0.6496
DIAMONDS NINE HEARTS TEN,0.5428,0.017,0.4402
CLUBS KING DIAMONDS SIX,0.3632,0.0098,0.627
CLUBS QUEEN DIAMONDS SIX,0.3518,0.0116,0.6366
CLUBS ACE DIAMONDS SIX,0.357,0.006,0.637
SPADES KING DIAMONDS FOUR,0.3628,0.0076,0.6296
SPADES ACE SPADES SEVEN,0.3358,0.005,0.6592
SPADES QUEEN DIAMONDS FOUR,0.361,0.0098,0.6292
SPADES QUEEN SPADES SEVEN,0.3342,0.0114,0.6544
CLUBS JACK DIAMONDS SIX,0.2198,0.3856,0.3946
SPADES KING SPADES SEVEN,0.3348,0.0052,0.66
SPADES ACE DIAMONDS FOUR,0.3528,0.0052,0.642
CLUBS TEN DIAMONDS SIX,0.5652,0.0176,0.4172
CLUBS NINE CLUBS FOUR,0.566,0.0202,0.4138
CLUBS EIGHT CLUBS FOUR,0.5458,0.0202,0.434
SPADES JACK DIAMONDS FOUR,0.2194,0.5206,0.26
SPADES TEN DIAMONDS FOUR,0.5906,0.02,0.3894
CLUBS FOUR CLUBS FIVE,0.5268,0.0214,0.4518
CLUBS SEVEN CLUBS FOUR,0.555,0.0178,0.4272
CLUBS SIX CLUBS FOUR,0.5378,0.02,0.4422
CLUBS SEVEN SPADES EIGHT,0.528,0.0142,0.4578
SPADES NINE CLUBS SEVEN,0.555,0.0144,0.4306
CLUBS SEVEN SPADES SIX,0.551,0.0184,0.4306
CLUBS SEVEN SPADES SEVEN,0.2922,0.04,0.6678
CLUBS SEVEN SPADES FIVE,0.549,0.0236,0.4274
CLUBS SEVEN SPADES FOUR,0.5782,0.0204,0.4014
CLUBS SEVEN SPADES THREE,0.6736,0.052,0.2744
CLUBS SEVEN SPADES TWO,0.6066,0.0252,0.3682
CLUBS NINE CLUBS SEVEN,0.516,0.0198,0.4642
CLUBS EIGHT CLUBS SEVEN,0.5082,0.016,0.4758
HEARTS SIX DIAMONDS FIVE,0.558,0.0182,0.4238
DIAMONDS FIVE HEARTS SEVEN,0.557,0.0198,0.4232
DIAMONDS FIVE HEARTS EIGHT,0.577,0.0198,0.4032
HEARTS NINE DIAMONDS FIVE,0.5776,0.022,0.4004
DIAMONDS QUEEN DIAMONDS FIVE,0.3158,0.0138,0.6704
HEARTS TWO DIAMONDS FIVE,0.5964,0.023,0.3806
HEARTS KING HEARTS EIGHT,0.34,0.0058,0.6542
DIAMONDS KING DIAMONDS FIVE,0.342,0.0066,0.6514
HEARTS THREE DIAMONDS FIVE,0.6602,0.0584,0.2814
HEARTS QUEEN HEARTS EIGHT,0.3282,0.0126,0.6592
DIAMONDS ACE DIAMONDS FIVE,0.3206,0.0058,0.6736
HEARTS FOUR DIAMONDS FIVE,0.558,0.0186,0.4234
HEARTS FIVE DIAMONDS FIVE,0.3078,0.0434,0.6488
HEARTS ACE HEARTS EIGHT,0.335,0.005,0.66
CLUBS FOUR DIAMONDS FIVE,0.5602,0.021,0.4188
CLUBS FIVE DIAMONDS FIVE,0.3108,0.0464,0.6428
CLUBS SIX DIAMONDS FIVE,0.5498,0.0198,0.4304
CLUBS SEVEN DIAMONDS FIVE,0.5582,0.0184,0.4234
CLUBS TWO DIAMONDS FIVE,0.6072,0.0238,0.369
SPADES THREE DIAMONDS FIVE,0.6644,0.0588,0.2768
SPADES TWO DIAMONDS FIVE,0.5974,0.02,0.3826
SPADES JACK DIAMONDS EIGHT,0.2348,0.2118,0.5534
SPADES FIVE DIAMONDS FIVE,0.319,0.0446,0.6364
SPADES TEN DIAMONDS EIGHT,0.551,0.0158,0.4332
SPADES FOUR DIAMONDS FIVE,0.553,0.0232,0.4238
CLUBS NINE DIAMONDS FIVE,0.572,0.0174,0.4106
CLUBS EIGHT DIAMONDS FIVE,0.559,0.0204,0.4206
SPADES SEVEN DIAMONDS FIVE,0.5692,0.0196,0.4112
SPADES KING DIAMONDS EIGHT,0.3694,0.0058,0.6248
SPADES QUEEN DIAMONDS EIGHT,0.3474,0.0108,0.6418
SPADES SIX DIAMONDS FIVE,0.5556,0.0198,0.4246
SPADES NINE DIAMONDS FIVE,0.576,0.0222,0.4018
SPADES EIGHT DIAMONDS FIVE,0.5568,0.0166,0.4266
SPADES ACE DIAMONDS EIGHT,0.3708,0.0044,0.6248
DIAMONDS TEN DIAMONDS SIX,0.5292,0.0168,0.454
HEARTS ACE DIAMONDS SEVEN,0.3432,0.0052,0.6516
DIAMONDS JACK DIAMONDS SIX,0.2132,0.364,0.4228
HEARTS QUEEN DIAMONDS SEVEN,0.3596,0.0122,0.6282
HEARTS KING DIAMONDS SEVEN,0.3584,0.0066,0.635
DIAMONDS ACE DIAMONDS SIX,0.3358,0.0038,0.6604
HEARTS FOUR DIAMONDS SIX,0.5608,0.0164,0.4228
HEARTS FIVE DIAMONDS SIX,0.5588,0.0192,0.422
SPADES TWO HEARTS TEN,0.6296,0.0196,0.3508
DIAMONDS QUEEN DIAMONDS SIX,0.3458,0.0094,0.6448
HEARTS TWO DIAMONDS SIX,0.6288,0.0206,0.3506
DIAMONDS KING DIAMONDS SIX,0.3368,0.007,0.6562
HEARTS THREE DIAMONDS SIX,0.6972,0.0504,0.2524
HEARTS EIGHT DIAMONDS SIX,0.5636,0.0232,0.4132
HEARTS NINE DIAMONDS SIX,0.5704,0.0204,0.4092
HEARTS SIX DIAMONDS SIX,0.3034,0.043,0.6536
HEARTS SEVEN DIAMONDS SIX,0.5612,0.0188,0.42
HEARTS TEN DIAMONDS SEVEN,0.5718,0.0184,0.4098
CLUBS TWO DIAMONDS SIX,0.6156,0.019,0.3654
CLUBS SEVEN DIAMONDS SIX,0.5516,0.0198,0.4286
CLUBS JACK DIAMONDS EIGHT,0.2092,0.2276,0.5632
CLUBS SIX DIAMONDS SIX,0.3054,0.0424,0.6522
CLUBS TEN DIAMONDS EIGHT,0.544,0.02,0.436
CLUBS FIVE DIAMONDS SIX,0.5468,0.022,0.4312
CLUBS FOUR DIAMONDS SIX,0.568,0.0184,0.4136
DIAMONDS EIGHT CLUBS ACE,0.3546,0.0038,0.6416
DIAMONDS EIGHT CLUBS KING,0.3584,0.0056,0.636
CLUBS NINE DIAMONDS SIX,0.5604,0.019,0.4206
CLUBS EIGHT DIAMONDS SIX,0.5386,0.0214,0.44
DIAMONDS EIGHT CLUBS QUEEN,0.338,0.0092,0.6528
SPADES TEN HEARTS KING,0.3422,0.0068,0.651
SPADES FIVE DIAMONDS SIX,0.5536,0.021,0.4254
HEARTS ACE SPADES TWO,0.3612,0.0066,0.6322
SPADES JACK HEARTS KING,0.214,0.0288,0.7572
SPADES FOUR DIAMONDS SIX,0.5658,0.0176,0.4166
SPADES THREE DIAMONDS SIX,0.6838,0.0546,0.2616
HEARTS QUEEN SPADES TWO,0.3786,0.0132,0.6082
SPADES ACE SPADES KING,0.297,0.0058,0.6972
HEARTS KING SPADES TWO,0.3812,0.0106,0.6082
SPADES TWO DIAMONDS SIX,0.6148,0.0218,0.3634
HEARTS TEN HEARTS EIGHT,0.517,0.0162,0.4668
SPADES NINE DIAMONDS SIX,0.5616,0.0166,0.4218
SPADES EIGHT DIAMONDS SIX,0.554,0.0172,0.4288
SPADES SEVEN DIAMONDS SIX,0.543,0.0212,0.4358
SPADES SIX DIAMONDS SIX,0.3124,0.0438,0.6438
SPADES KING HEARTS KING,0.1328,0.0096,0.8576
SPADES QUEEN HEARTS KING,0.3254,0.0092,0.6654
CLUBS ACE CLUBS KING,0.2994,0.0056,0.695
SPADES ACE HEARTS KING,0.3252,0.0054,0.6694
SPADES TEN DIAMONDS TEN,0.2796,0.0208,0.6996
SPADES JACK DIAMONDS TEN,0.2306,0.1182,0.6512
SPADES ACE DIAMONDS TEN,0.3386,0.0044,0.657
SPADES QUEEN DIAMONDS TEN,0.3364,0.0102,0.6534
SPADES KING DIAMONDS TEN,0.3352,0.006,0.6588
SPADES NINE DIAMONDS SEVEN,0.5574,0.0182,0.4244
SPADES EIGHT DIAMONDS SEVEN,0.5454,0.0196,0.435
SPADES SEVEN DIAMONDS SEVEN,0.2964,0.0366,0.667
SPADES SIX DIAMONDS SEVEN,0.547,0.0186,0.4344
DIAMONDS KING DIAMONDS SEVEN,0.3452,0.0054,0.6494
HEARTS THREE DIAMONDS SEVEN,0.697,0.0538,0.2492
HEARTS KING DIAMONDS FIVE,0.3584,0.0096,0.632
DIAMONDS QUEEN DIAMONDS SEVEN,0.3534,0.01,0.6366
HEARTS TWO DIAMONDS SEVEN,0.6186,0.0214,0.36
HEARTS QUEEN DIAMONDS FIVE,0.3548,0.011,0.6342
HEARTS FIVE DIAMONDS SEVEN,0.5494,0.0224,0.4282
DIAMONDS ACE DIAMONDS SEVEN,0.3254,0.0042,0.6704
HEARTS FOUR DIAMONDS SEVEN,0.586,0.0196,0.3944
HEARTS ACE DIAMONDS FIVE,0.3478,0.0058,0.6464
HEARTS SEVEN DIAMONDS SEVEN,0.3008,0.0358,0.6634
HEARTS SIX DIAMONDS SEVEN,0.5438,0.0218,0.4344
HEARTS NINE DIAMONDS SEVEN,0.5738,0.0178,0.4084
DIAMONDS SEVEN HEARTS EIGHT,0.5404,0.0212,0.4384
DIAMONDS JACK DIAMONDS SEVEN,0.2214,0.276,0.5026
DIAMONDS TEN DIAMONDS SEVEN,0.5264,0.0156,0.458
DIAMONDS FIVE HEARTS TEN,0.6,0.0224,0.3776
CLUBS EIGHT DIAMONDS SEVEN,0.533,0.0168,0.4502
SPADES KING CLUBS TWO,0.3976,0.0062,0.5962
HEARTS KING CLUBS KING,0.1282,0.007,0.8648
SPADES QUEEN CLUBS TWO,0.3922,0.012,0.5958
HEARTS KING CLUBS QUEEN,0.3016,0.0086,0.6898
CLUBS NINE DIAMONDS SEVEN,0.5464,0.0138,0.4398
CLUBS JACK SPADES TWO,0.262,0.5208,0.2172
CLUBS SIX CLUBS SEVEN,0.513,0.0194,0.4676
SPADES ACE CLUBS TWO,0.3834,0.006,0.6106
CLUBS TEN SPADES TWO,0.6286,0.021,0.3504
HEARTS KING CLUBS ACE,0.3096,0.007,0.6834
SPADES TWO CLUBS KING,0.3806,0.0096,0.6098
SPADES TWO DIAMONDS SEVEN,0.619,0.0214,0.3596
CLUBS EIGHT CLUBS SIX,0.5208,0.0206,0.4586
SPADES THREE DIAMONDS SEVEN,0.6852,0.0512,0.2636
SPADES TWO CLUBS QUEEN,0.3854,0.0166,0.598
CLUBS NINE CLUBS SIX,0.5314,0.0194,0.4492
SPADES FOUR DIAMONDS SEVEN,0.5794,0.021,0.3996
CLUBS JACK HEARTS KING,0.2094,0.0346,0.756
SPADES FIVE DIAMONDS SEVEN,0.5562,0.0206,0.4232
SPADES TWO CLUBS ACE,0.3738,0.0048,0.6214
CLUBS TEN HEARTS KING,0.3278,0.008,0.6642
CLUBS SIX SPADES TWO,0.6066,0.0246,0.3688
CLUBS SIX SPADES THREE,0.6794,0.056,0.2646
CLUBS TWO DIAMONDS SEVEN,0.611,0.0246,0.3644
CLUBS SIX SPADES FOUR,0.5754,0.0224,0.4022
CLUBS SIX SPADES FIVE,0.545,0.0234,0.4316
CLUBS FOUR DIAMONDS SEVEN,0.565,0.02,0.415
CLUBS SIX SPADES SIX,0.3072,0.0376,0.6552
CLUBS FIVE DIAMONDS SEVEN,0.5578,0.0206,0.4216
CLUBS SIX SPADES SEVEN,0.5434,0.017,0.4396
CLUBS SIX DIAMONDS SEVEN,0.5406,0.0232,0.4362
CLUBS SIX SPADES EIGHT,0.5414,0.0174,0.4412
SPADES JACK CLUBS TWO,0.2574,0.525,0.2176
CLUBS SEVEN DIAMONDS SEVEN,0.305,0.0342,0.6608
CLUBS SIX SPADES NINE,0.5662,0.0176,0.4162
SPADES TEN CLUBS TWO,0.626,0.0216,0.3524
CLUBS TWO CLUBS QUEEN,0.3758,0.0146,0.6096
CLUBS TWO CLUBS KING,0.3584,0.0088,0.6328
CLUBS TWO CLUBS ACE,0.3448,0.0044,0.6508
CLUBS TWO DIAMONDS EIGHT,0.6162,0.0232,0.3606
DIAMONDS EIGHT HEARTS SEVEN,0.5374,0.0204,0.4422
HEARTS SIX DIAMONDS EIGHT,0.559,0.0194,0.4216
DIAMONDS EIGHT HEARTS NINE,0.5294,0.015,0.4556
CLUBS TEN CLUBS TWO,0.586,0.021,0.393
DIAMONDS EIGHT HEARTS EIGHT,0.2984,0.035,0.6666
CLUBS JACK CLUBS TWO,0.2576,0.4906,0.2518
CLUBS NINE DIAMONDS EIGHT,0.531,0.021,0.448
CLUBS EIGHT DIAMONDS EIGHT,0.3078,0.0314,0.6608
CLUBS FIVE DIAMONDS EIGHT,0.5672,0.0182,0.4146
SPADES ACE SPADES THREE,0.221,0.0196,0.7594
CLUBS FOUR DIAMONDS EIGHT,0.5754,0.0188,0.4058
CLUBS SEVEN DIAMONDS EIGHT,0.5348,0.0184,0.4468
SPADES QUEEN SPADES THREE,0.2248,0.0362,0.739
CLUBS SIX DIAMONDS EIGHT,0.564,0.02,0.416
SPADES KING SPADES THREE,0.2386,0.0312,0.7302
DIAMONDS QUEEN DIAMONDS EIGHT,0.332,0.0108,0.6572
HEARTS TWO DIAMONDS EIGHT,0.634,0.0188,0.3472
DIAMONDS KING DIAMONDS EIGHT,0.337,0.0068,0.6562
HEARTS THREE DIAMONDS EIGHT,0.7126,0.0488,0.2386
DIAMONDS ACE DIAMONDS EIGHT,0.332,0.0028,0.6652
HEARTS FOUR DIAMONDS EIGHT,0.5788,0.0206,0.4006
HEARTS FIVE DIAMONDS EIGHT,0.565,0.0178,0.4172
DIAMONDS EIGHT DIAMONDS TEN,0.5046,0.0174,0.478
DIAMONDS EIGHT DIAMONDS JACK,0.2188,0.2116,0.5696
SPADES JACK SPADES THREE,0.023,0.9,0.077
SPADES TEN SPADES THREE,0.6648,0.0518,0.2834
CLUBS FOUR HEARTS ACE,0.3486,0.0064,0.645
CLUBS FOUR HEARTS QUEEN,0.364,0.013,0.623
CLUBS FOUR HEARTS KING,0.3506,0.008,0.6414
CLUBS SIX HEARTS TEN,0.584,0.0156,0.4004
DIAMONDS EIGHT SPADES FOUR,0.5914,0.0182,0.3904
SPADES FIVE DIAMONDS EIGHT,0.5646,0.0182,0.4172
DIAMONDS EIGHT SPADES TWO,0.604,0.0194,0.3766
DIAMONDS EIGHT SPADES THREE,0.7068,0.0556,0.2376
SPADES EIGHT DIAMONDS EIGHT,0.2868,0.0338,0.6794
SPADES TEN DIAMONDS QUEEN,0.329,0.0106,0.6604
SPADES TEN HEARTS TWO,0.6276,0.0196,0.3528
SPADES JACK HEARTS EIGHT,0.2264,0.223,0.5506
CLUBS FOUR HEARTS TEN,0.5872,0.0208,0.392
SPADES NINE DIAMONDS EIGHT,0.531,0.0154,0.4536
SPADES TEN HEARTS EIGHT,0.543,0.021,0.436
SPADES JACK HEARTS TWO,0.2652,0.5232,0.2116
SPADES JACK DIAMONDS QUEEN,0.2372,0.04,0.7228
SPADES SIX DIAMONDS EIGHT,0.5564,0.0142,0.4294
SPADES SEVEN DIAMONDS EIGHT,0.5428,0.0178,0.4394
SPADES ACE HEARTS TWO,0.3822,0.0044,0.6134
SPADES ACE DIAMONDS QUEEN,0.3128,0.0044,0.6828
SPADES ACE HEARTS EIGHT,0.36,0.0058,0.6342
SPADES KING HEARTS EIGHT,0.3672,0.0058,0.627
SPADES QUEEN HEARTS TWO,0.3872,0.0132,0.5996
SPADES QUEEN DIAMONDS QUEEN,0.145,0.012,0.843
SPADES KING DIAMONDS QUEEN,0.3188,0.006,0.6752
SPADES KING HEARTS TWO,0.383,0.013,0.604
SPADES QUEEN HEARTS EIGHT,0.3486,0.0106,0.6408
CLUBS TWO HEARTS TEN,0.635,0.0224,0.3426
SPADES SEVEN DIAMONDS NINE,0.5468,0.0172,0.436
SPADES SIX DIAMONDS NINE,0.5628,0.0162,0.421
SPADES NINE DIAMONDS NINE,0.2706,0.032,0.6974
SPADES EIGHT DIAMONDS NINE,0.5336,0.0164,0.45
SPADES TEN CLUBS KING,0.3326,0.0082,0.6592
DIAMONDS NINE SPADES THREE,0.7028,0.0546,0.2426
SPADES JACK CLUBS KING,0.229,0.0306,0.7404
DIAMONDS NINE SPADES TWO,0.6222,0.0208,0.357
DIAMONDS NINE SPADES FIVE,0.5868,0.0204,0.3928
DIAMONDS NINE SPADES FOUR,0.5728,0.0196,0.4076
CLUBS NINE DIAMONDS NINE,0.286,0.0268,0.6872
CLUBS EIGHT DIAMONDS NINE,0.5384,0.0154,0.4462
CLUBS SIX DIAMONDS NINE,0.5532,0.0214,0.4254
SPADES JACK CLUBS FOUR,0.2112,0.526,0.2628
CLUBS SEVEN DIAMONDS NINE,0.54,0.015,0.445
SPADES TEN CLUBS FOUR,0.577,0.0194,0.4036
CLUBS FOUR DIAMONDS NINE,0.5898,0.021,0.3892
CLUBS FIVE DIAMONDS NINE,0.5836,0.0182,0.3982
DIAMONDS NINE CLUBS TWO,0.6282,0.021,0.3508
DIAMONDS NINE HEARTS EIGHT,0.5386,0.0172,0.4442
DIAMONDS NINE HEARTS NINE,0.2832,0.0294,0.6874
HEARTS SIX DIAMONDS NINE,0.5834,0.0156,0.401
DIAMONDS NINE HEARTS SEVEN,0.5528,0.0192,0.428
CLUBS EIGHT CLUBS NINE,0.4996,0.0186,0.4818
DIAMONDS ACE DIAMONDS NINE,0.3516,0.0044,0.644
HEARTS FOUR DIAMONDS NINE,0.6056,0.0194,0.375
HEARTS FIVE DIAMONDS NINE,0.573,0.0202,0.4068
HEARTS ACE CLUBS TWO,0.374,0.0064,0.6196
SPADES ACE CLUBS FOUR,0.3382,0.0054,0.6564
DIAMONDS QUEEN DIAMONDS NINE,0.3128,0.0118,0.6754
HEARTS TWO DIAMONDS NINE,0.6222,0.0194,0.3584
CLUBS TWO HEARTS KING,0.3934,0.0114,0.5952
SPADES KING CLUBS FOUR,0.3476,0.0102,0.6422
DIAMONDS KING DIAMONDS NINE,0.3292,0.0086,0.6622
HEARTS THREE DIAMONDS NINE,0.7038,0.0578,0.2384
CLUBS TWO HEARTS QUEEN,0.3908,0.0154,0.5938
SPADES QUEEN CLUBS FOUR,0.354,0.0152,0.6308
DIAMONDS NINE DIAMONDS JACK,0.2058,0.171,0.6232
CLUBS EIGHT SPADES NINE,0.544,0.0168,0.4392
DIAMONDS NINE DIAMONDS TEN,0.5084,0.0142,0.4774
CLUBS EIGHT SPADES EIGHT,0.2938,0.0346,0.6716
CLUBS EIGHT SPADES SEVEN,0.547,0.0162,0.4368
CLUBS EIGHT SPADES SIX,0.55,0.0176,0.4324
CLUBS EIGHT SPADES FIVE,0.5594,0.019,0.4216
CLUBS EIGHT SPADES FOUR,0.5818,0.019,0.3992
CLUBS EIGHT SPADES THREE,0.703,0.0586,0.2384
CLUBS EIGHT SPADES TWO,0.6112,0.0214,0.3674
HEARTS SIX DIAMONDS TEN,0.5808,0.0188,0.4004
DIAMONDS TEN HEARTS SEVEN,0.5618,0.0128,0.4254
DIAMONDS TEN HEARTS EIGHT,0.553,0.0162,0.4308
CLUBS JACK CLUBS FOUR,0.208,0.4968,0.2952
DIAMONDS TEN HEARTS NINE,0.5378,0.0166,0.4456
CLUBS TEN CLUBS FOUR,0.5664,0.0204,0.4132
CLUBS FOUR CLUBS KING,0.3442,0.008,0.6478
CLUBS FOUR CLUBS QUEEN,0.3408,0.012,0.6472
CLUBS TWO DIAMONDS TEN,0.624,0.0182,0.3578
CLUBS FOUR CLUBS ACE,0.3396,0.0076,0.6528
DIAMONDS JACK DIAMONDS TEN,0.211,0.1142,0.6748
DIAMONDS QUEEN DIAMONDS TEN,0.293,0.0096,0.6974
HEARTS TWO DIAMONDS TEN,0.635,0.0212,0.3438
DIAMONDS KING DIAMONDS TEN,0.3226,0.005,0.6724
HEARTS THREE DIAMONDS TEN,0.713,0.0578,0.2292
DIAMONDS ACE DIAMONDS TEN,0.3288,0.005,0.6662
HEARTS FOUR DIAMONDS TEN,0.599,0.0206,0.3804
HEARTS FIVE DIAMONDS TEN,0.6042,0.017,0.3788
CLUBS EIGHT HEARTS TEN,0.5466,0.019,0.4344
CLUBS EIGHT HEARTS QUEEN,0.3296,0.0122,0.6582
CLUBS EIGHT HEARTS KING,0.3492,0.0086,0.6422
CLUBS EIGHT HEARTS ACE,0.339,0.0044,0.6566
CLUBS NINE SPADES THREE,0.7172,0.0568,0.226
CLUBS NINE SPADES TWO,0.6256,0.0144,0.36
CLUBS NINE SPADES FIVE,0.5878,0.0174,0.3948
CLUBS NINE SPADES FOUR,0.598,0.0188,0.3832
CLUBS NINE SPADES SEVEN,0.5484,0.0182,0.4334
CLUBS NINE SPADES SIX,0.568,0.0166,0.4154
CLUBS NINE SPADES NINE,0.278,0.0272,0.6948
CLUBS TEN HEARTS EIGHT,0.5478,0.0188,0.4334
CLUBS NINE SPADES EIGHT,0.5404,0.0184,0.4412
CLUBS JACK HEARTS EIGHT,0.2166,0.2176,0.5658
CLUBS QUEEN HEARTS EIGHT,0.354,0.0142,0.6318
CLUBS KING HEARTS EIGHT,0.3546,0.0062,0.6392
CLUBS ACE HEARTS EIGHT,0.3524,0.0066,0.641
SPADES KING CLUBS KING,0.1246,0.0076,0.8678
SPADES QUEEN CLUBS KING,0.3066,0.0068,0.6866
SPADES ACE CLUBS KING,0.3086,0.005,0.6864
DIAMONDS ACE HEARTS TEN,0.3496,0.0046,0.6458
HEARTS FOUR HEARTS TEN,0.571,0.017,0.412
SPADES KING CLUBS FIVE,0.3698,0.0072,0.623
SPADES QUEEN CLUBS FIVE,0.3532,0.012,0.6348
SPADES ACE CLUBS FIVE,0.3464,0.0042,0.6494
DIAMONDS JACK HEARTS SEVEN,0.2278,0.2976,0.4746
HEARTS SIX DIAMONDS JACK,0.229,0.3854,0.3856
DIAMONDS JACK HEARTS NINE,0.2184,0.1702,0.6114
DIAMONDS JACK HEARTS EIGHT,0.224,0.2244,0.5516
DIAMONDS KING DIAMONDS JACK,0.2134,0.0304,0.7562
HEARTS THREE DIAMONDS JACK,0.0162,0.9732,0.0106
SPADES ACE SPADES SIX,0.344,0.0054,0.6506
HEARTS ACE SPADES FOUR,0.338,0.0056,0.6564
DIAMONDS QUEEN DIAMONDS JACK,0.2072,0.0476,0.7452
HEARTS TWO DIAMONDS JACK,0.2666,0.5286,0.2048
HEARTS FIVE DIAMONDS JACK,0.2172,0.4688,0.314
SPADES QUEEN SPADES SIX,0.3392,0.0116,0.6492
SPADES FOUR HEARTS QUEEN,0.356,0.0116,0.6324
DIAMONDS ACE DIAMONDS JACK,0.2096,0.0212,0.7692
HEARTS FOUR DIAMONDS JACK,0.2194,0.5282,0.2524
SPADES KING SPADES SIX,0.3482,0.0058,0.646
SPADES FOUR HEARTS KING,0.3454,0.0114,0.6432
SPADES TEN SPADES SIX,0.5472,0.014,0.4388
SPADES JACK SPADES SIX,0.2116,0.36,0.4284
SPADES FOUR DIAMONDS JACK,0.2282,0.5138,0.258
SPADES FIVE DIAMONDS JACK,0.2174,0.4622,0.3204
DIAMONDS JACK SPADES TWO,0.2684,0.5132,0.2184
DIAMONDS JACK SPADES THREE,0.0216,0.9562,0.0222
SPADES ACE DIAMONDS THREE,0.244,0.0224,0.7336
CLUBS EIGHT DIAMONDS JACK,0.2196,0.229,0.5514
SPADES QUEEN DIAMONDS THREE,0.2312,0.0462,0.7226
SPADES KING DIAMONDS THREE,0.2376,0.0332,0.7292
CLUBS NINE DIAMONDS JACK,0.2148,0.1678,0.6174
CLUBS SIX DIAMONDS JACK,0.2178,0.3824,0.3998
CLUBS SEVEN DIAMONDS JACK,0.2194,0.2952,0.4854
CLUBS FOUR DIAMONDS JACK,0.2112,0.5134,0.2754
CLUBS FIVE DIAMONDS JACK,0.2042,0.4618,0.334
CLUBS TWO DIAMONDS JACK,0.2594,0.5262,0.2144
SPADES TEN CLUBS FIVE,0.5828,0.0162,0.401
HEARTS SIX SPADES JACK,0.2254,0.3782,0.3964
HEARTS SIX SPADES TEN,0.5774,0.016,0.4066
SPADES JACK CLUBS FIVE,0.218,0.461,0.321
SPADES JACK DIAMONDS THREE,0.0208,0.9564,0.0228
CLUBS SEVEN CLUBS ACE,0.3296,0.0074,0.663
DIAMONDS THREE SPADES TEN,0.7002,0.057,0.2428
CLUBS SEVEN CLUBS QUEEN,0.331,0.0132,0.6558
CLUBS SEVEN CLUBS KING,0.3376,0.009,0.6534
SPADES NINE DIAMONDS JACK,0.235,0.1642,0.6008
CLUBS TEN CLUBS SEVEN,0.5272,0.017,0.4558
DIAMONDS ACE HEARTS ACE,0.1166,0.0038,0.8796
HEARTS FOUR HEARTS ACE,0.3386,0.004,0.6574
SPADES EIGHT DIAMONDS JACK,0.228,0.22,0.552
SPADES ACE HEARTS SIX,0.3718,0.0048,0.6234
CLUBS JACK CLUBS SEVEN,0.2134,0.2866,0.5
DIAMONDS ACE HEARTS KING,0.3222,0.0048,0.673
HEARTS FOUR HEARTS KING,0.3328,0.008,0.6592
SPADES SEVEN DIAMONDS JACK,0.2264,0.2832,0.4904
SPADES KING HEARTS SIX,0.3772,0.0094,0.6134
DIAMONDS ACE HEARTS QUEEN,0.3122,0.0032,0.6846
HEARTS FOUR HEARTS QUEEN,0.339,0.012,0.649
SPADES QUEEN HEARTS SIX,0.3618,0.0108,0.6274
SPADES SIX DIAMONDS JACK,0.2258,0.3722,0.402
DIAMONDS TEN SPADES TWO,0.6142,0.0214,0.3644
SPADES THREE DIAMONDS TEN,0.697,0.0586,0.2444
SPADES FOUR DIAMONDS TEN,0.5968,0.017,0.3862
SPADES FIVE DIAMONDS TEN,0.5822,0.0164,0.4014
SPADES SIX DIAMONDS TEN,0.5922,0.0192,0.3886
SPADES SEVEN DIAMONDS TEN,0.5592,0.0156,0.4252
SPADES EIGHT DIAMONDS TEN,0.5592,0.0202,0.4206
SPADES NINE DIAMONDS TEN,0.5368,0.0172,0.446
CLUBS FOUR DIAMONDS TEN,0.594,0.0154,0.3906
CLUBS FIVE DIAMONDS TEN,0.5906,0.018,0.3914
CLUBS SIX DIAMONDS TEN,0.5782,0.016,0.4058
CLUBS SEVEN DIAMONDS TEN,0.5628,0.0154,0.4218
CLUBS EIGHT DIAMONDS TEN,0.5354,0.0184,0.4462
CLUBS NINE DIAMONDS TEN,0.5364,0.017,0.4466
CLUBS JACK DIAMONDS THREE,0.0114,0.9718,0.0168
CLUBS TEN DIAMONDS THREE,0.6974,0.0584,0.2442
DIAMONDS THREE CLUBS KING,0.2264,0.035,0.7386
DIAMONDS THREE CLUBS QUEEN,0.2338,0.0454,0.7208
DIAMONDS THREE CLUBS ACE,0.2316,0.0186,0.7498
SPADES FOUR HEARTS TEN,0.597,0.0176,0.3854
SPADES FIVE SPADES TWO,0.5658,0.0188,0.4154
SPADES FOUR SPADES TWO,0.5712,0.018,0.4108
SPADES THREE SPADES TWO,0.6444,0.0582,0.2974
SPADES NINE SPADES TWO,0.5764,0.0158,0.4078
SPADES EIGHT SPADES TWO,0.5772,0.0206,0.4022
SPADES SEVEN SPADES TWO,0.5832,0.0172,0.3996
SPADES SIX SPADES TWO,0.5772,0.019,0.4038
DIAMONDS QUEEN CLUBS TWO,0.3828,0.0136,0.6036
HEARTS TWO CLUBS TWO,0.4144,0.0542,0.5314
DIAMONDS QUEEN HEARTS SEVEN,0.3772,0.012,0.6108
HEARTS TWO HEARTS SEVEN,0.6014,0.0176,0.381
HEARTS SIX DIAMONDS QUEEN,0.363,0.0104,0.6266
HEARTS SIX HEARTS TWO,0.5848,0.0196,0.3956
DIAMONDS QUEEN HEARTS NINE,0.3396,0.011,0.6494
HEARTS TWO HEARTS NINE,0.5976,0.0208,0.3816
DIAMONDS QUEEN HEARTS EIGHT,0.3444,0.0116,0.644
HEARTS TWO HEARTS EIGHT,0.5966,0.0194,0.384
CLUBS NINE HEARTS TWO,0.6266,0.0164,0.357
CLUBS NINE DIAMONDS QUEEN,0.326,0.0106,0.6634
CLUBS EIGHT DIAMONDS QUEEN,0.3444,0.0114,0.6442
CLUBS EIGHT HEARTS TWO,0.607,0.0234,0.3696
DIAMONDS QUEEN CLUBS FIVE,0.352,0.0094,0.6386
HEARTS TWO CLUBS FIVE,0.6014,0.0242,0.3744
SPADES EIGHT HEARTS ACE,0.3444,0.0044,0.6512
DIAMONDS QUEEN CLUBS FOUR,0.3592,0.0128,0.628
CLUBS FOUR HEARTS TWO,0.6022,0.0248,0.373
CLUBS SEVEN DIAMONDS QUEEN,0.3616,0.009,0.6294
CLUBS SEVEN HEARTS TWO,0.6204,0.0212,0.3584
SPADES EIGHT HEARTS QUEEN,0.3516,0.012,0.6364
CLUBS SIX DIAMONDS QUEEN,0.3542,0.0118,0.634
CLUBS SIX HEARTS TWO,0.6256,0.0192,0.3552
SPADES EIGHT HEARTS KING,0.3564,0.0074,0.6362
HEARTS TWO SPADES SIX,0.6068,0.0236,0.3696
DIAMONDS QUEEN SPADES SIX,0.375,0.0102,0.6148
HEARTS FOUR CLUBS QUEEN,0.3638,0.0154,0.6208
DIAMONDS ACE CLUBS QUEEN,0.3188,0.004,0.6772
DIAMONDS QUEEN SPADES SEVEN,0.3796,0.012,0.6084
HEARTS TWO SPADES SEVEN,0.626,0.0206,0.3534
HEARTS FOUR CLUBS KING,0.3628,0.0068,0.6304
DIAMONDS ACE CLUBS KING,0.3204,0.0032,0.6764
DIAMONDS QUEEN SPADES EIGHT,0.3498,0.0068,0.6434
SPADES EIGHT HEARTS TWO,0.6256,0.0192,0.3552
HEARTS FOUR CLUBS ACE,0.332,0.0048,0.6632
DIAMONDS ACE CLUBS ACE,0.1236,0.0044,0.872
SPADES NINE DIAMONDS QUEEN,0.3354,0.0078,0.6568
SPADES NINE HEARTS TWO,0.6128,0.022,0.3652
HEARTS TWO SPADES TWO,0.4146,0.0566,0.5288
DIAMONDS QUEEN SPADES TWO,0.3812,0.016,0.6028
HEARTS TWO SPADES THREE,0.6892,0.0536,0.2572
DIAMONDS QUEEN SPADES THREE,0.2486,0.0406,0.7108
HEARTS TWO SPADES FOUR,0.6018,0.0232,0.375
DIAMONDS QUEEN SPADES FOUR,0.369,0.0136,0.6174
CLUBS TEN HEARTS FOUR,0.5926,0.0168,0.3906
CLUBS TEN DIAMONDS ACE,0.3322,0.0054,0.6624
HEARTS TWO SPADES FIVE,0.5974,0.0226,0.38
DIAMONDS QUEEN SPADES FIVE,0.358,0.012,0.63
HEARTS FOUR CLUBS JACK,0.2152,0.5264,0.2584
CLUBS JACK DIAMONDS ACE,0.2194,0.0186,0.762
CLUBS FIVE CLUBS KING,0.3294,0.009,0.6616
CLUBS FIVE CLUBS QUEEN,0.3456,0.011,0.6434
CLUBS FIVE CLUBS ACE,0.3372,0.0052,0.6576
CLUBS JACK CLUBS FIVE,0.2118,0.4276,0.3606
CLUBS TEN CLUBS FIVE,0.5504,0.0186,0.431
SPADES KING CLUBS JACK,0.2204,0.0328,0.7468
CLUBS JACK SPADES QUEEN,0.2148,0.0368,0.7484
SPADES ACE CLUBS JACK,0.2202,0.0218,0.758
SPADES SIX CLUBS KING,0.3616,0.007,0.6314
SPADES SIX CLUBS QUEEN,0.356,0.0106,0.6334
SPADES SIX CLUBS ACE,0.3772,0.0038,0.619
SPADES EIGHT HEARTS TEN,0.5422,0.0174,0.4404
CLUBS JACK SPADES SIX,0.2206,0.3842,0.3952
CLUBS TEN SPADES SIX,0.5702,0.0154,0.4144
CLUBS JACK SPADES TEN,0.214,0.1182,0.6678
CLUBS JACK SPADES JACK,0.078,0.041,0.881
SPADES QUEEN CLUBS SEVEN,0.3584,0.0124,0.6292
SPADES KING CLUBS SEVEN,0.3628,0.0062,0.631
SPADES ACE CLUBS SEVEN,0.3516,0.0046,0.6438
SPADES SIX HEARTS TEN,0.5746,0.018,0.4074
SPADES SIX HEARTS ACE,0.3552,0.0076,0.6372
SPADES SIX HEARTS KING,0.3506,0.0078,0.6416
SPADES SIX HEARTS QUEEN,0.3594,0.0116,0.629
SPADES JACK CLUBS SEVEN,0.2154,0.3026,0.482
SPADES TEN CLUBS SEVEN,0.568,0.0176,0.4144
CLUBS TEN HEARTS SIX,0.5784,0.017,0.4046
CLUBS JACK HEARTS SIX,0.215,0.3956,0.3894
CLUBS JACK CLUBS ACE,0.2128,0.021,0.7662
HEARTS SIX CLUBS QUEEN,0.3714,0.0124,0.6162
HEARTS SIX CLUBS KING,0.3678,0.0086,0.6236
HEARTS SIX CLUBS ACE,0.3524,0.006,0.6416
CLUBS JACK CLUBS QUEEN,0.216,0.0418,0.7422
CLUBS JACK CLUBS KING,0.2104,0.0312,0.7584
DIAMONDS THREE HEARTS ACE,0.2354,0.021,0.7436
DIAMONDS THREE HEARTS QUEEN,0.228,0.0424,0.7296
DIAMONDS THREE HEARTS KING,0.2302,0.0336,0.7362
SPADES TEN DIAMONDS ACE,0.345,0.004,0.651
HEARTS FOUR SPADES TEN,0.5952,0.0204,0.3844
CLUBS FIVE HEARTS TEN,0.5864,0.016,0.3976
HEARTS FOUR SPADES JACK,0.2226,0.5178,0.2596
SPADES JACK DIAMONDS ACE,0.234,0.0194,0.7466
SPADES ACE HEARTS FOUR,0.354,0.0046,0.6414
SPADES ACE DIAMONDS ACE,0.1282,0.0034,0.8684
CLUBS FIVE HEARTS ACE,0.346,0.0064,0.6476
CLUBS FIVE HEARTS KING,0.3492,0.0086,0.6422
HEARTS FOUR SPADES QUEEN,0.3584,0.0108,0.6308
SPADES QUEEN DIAMONDS ACE,0.3086,0.0048,0.6866
CLUBS JACK SPADES FOUR,0.2178,0.5172,0.265
CLUBS FIVE HEARTS QUEEN,0.3422,0.013,0.6448
SPADES KING DIAMONDS ACE,0.336,0.003,0.661
HEARTS FOUR SPADES KING,0.3608,0.0086,0.6306
CLUBS TEN SPADES FOUR,0.5924,0.0178,0.3898
DIAMONDS QUEEN DIAMONDS ACE,0.2986,0.0056,0.6958
HEARTS TWO DIAMONDS ACE,0.3772,0.008,0.6148
HEARTS FOUR DIAMONDS QUEEN,0.353,0.0152,0.6318
HEARTS FOUR HEARTS TWO,0.57,0.0198,0.4102
DIAMONDS THREE HEARTS TEN,0.7106,0.061,0.2284
SPADES FOUR CLUBS KING,0.3522,0.0082,0.6396
HEARTS FIVE DIAMONDS QUEEN,0.3692,0.0102,0.6206
HEARTS FIVE HEARTS TWO,0.565,0.018,0.417
SPADES FOUR CLUBS QUEEN,0.3494,0.013,0.6376
DIAMONDS QUEEN HEARTS TWO,0.386,0.0132,0.6008
DIAMONDS KING DIAMONDS QUEEN,0.2902,0.0084,0.7014
DIAMONDS KING HEARTS TWO,0.3966,0.0096,0.5938
HEARTS THREE DIAMONDS QUEEN,0.2386,0.049,0.7124
HEARTS THREE HEARTS TWO,0.668,0.0576,0.2744
SPADES FOUR CLUBS ACE,0.3362,0.006,0.6578
HEARTS TWO CLUBS ACE,0.3832,0.0066,0.6102
DIAMONDS QUEEN CLUBS ACE,0.3154,0.0056,0.679
HEARTS TWO CLUBS QUEEN,0.3772,0.0152,0.6076
DIAMONDS QUEEN CLUBS QUEEN,0.1336,0.0084,0.858
HEARTS TWO CLUBS KING,0.396,0.008,0.596
DIAMONDS QUEEN CLUBS KING,0.3138,0.008,0.6782
SPADES EIGHT SPADES FIVE,0.533,0.0204,0.4466
CLUBS TEN HEARTS TWO,0.6232,0.0202,0.3566
CLUBS TEN DIAMONDS QUEEN,0.3174,0.0092,0.6734
SPADES NINE SPADES FIVE,0.5508,0.0184,0.4308
CLUBS JACK HEARTS TWO,0.2576,0.5376,0.2048
CLUBS JACK DIAMONDS QUEEN,0.2058,0.0382,0.756
SPADES SIX SPADES FIVE,0.5196,0.0182,0.4622
SPADES SEVEN SPADES FIVE,0.518,0.0176,0.4644
DIAMONDS FIVE CLUBS QUEEN,0.3544,0.013,0.6326
SPADES EIGHT CLUBS ACE,0.3422,0.0038,0.654
DIAMONDS FIVE CLUBS KING,0.3642,0.008,0.6278
SPADES EIGHT CLUBS KING,0.3548,0.0076,0.6376
DIAMONDS FIVE CLUBS ACE,0.3426,0.0032,0.6542
SPADES EIGHT CLUBS QUEEN,0.3444,0.0128,0.6428
CLUBS JACK SPADES EIGHT,0.2232,0.221,0.5558
CLUBS TEN SPADES EIGHT,0.547,0.0164,0.4366
CLUBS TEN DIAMONDS FIVE,0.5796,0.021,0.3994
CLUBS JACK DIAMONDS FIVE,0.2206,0.461,0.3184
DIAMONDS TEN HEARTS TEN,0.269,0.0268,0.7042
SPADES ACE CLUBS NINE,0.3502,0.0054,0.6444
SPADES QUEEN CLUBS NINE,0.3386,0.0084,0.653
SPADES KING CLUBS NINE,0.3548,0.006,0.6392
HEARTS SIX HEARTS KING,0.3586,0.0088,0.6326
DIAMONDS KING SPADES SEVEN,0.3714,0.0072,0.6214
HEARTS THREE SPADES SEVEN,0.6926,0.0584,0.249
SPADES KING DIAMONDS SEVEN,0.3726,0.0072,0.6202
HEARTS SIX HEARTS QUEEN,0.3414,0.0102,0.6484
SPADES QUEEN DIAMONDS SEVEN,0.3662,0.0126,0.6212
HEARTS THREE SPADES SIX,0.6866,0.0558,0.2576
DIAMONDS KING SPADES SIX,0.3716,0.0054,0.623
DIAMONDS KING SPADES NINE,0.3608,0.0066,0.6326
HEARTS THREE SPADES NINE,0.714,0.0546,0.2314
HEARTS SIX HEARTS ACE,0.338,0.005,0.657
