opposingHand,winningChance,drawChance,lostChance
CLUBS SEVEN HEARTS KING
HEARTS FIVE SPADES TEN,0.6328,0.0076,0.3596
SPADES JACK HEARTS FIVE,0.6396,0.0074,0.353
CLUBS JACK SPADES FIVE,0.6262,0.0104,0.3634
CLUBS TEN SPADES FIVE,0.631,0.0052,0.3638
CLUBS JACK CLUBS EIGHT,0.5342,0.0082,0.4576
CLUBS TEN CLUBS EIGHT,0.5338,0.007,0.4592
CLUBS EIGHT CLUBS KING,0.2186,0.2256,0.5558
SPADES FIVE CLUBS ACE,0.3772,0.0038,0.619
CLUBS EIGHT CLUBS QUEEN,0.5584,0.008,0.4336
SPADES FIVE CLUBS KING,0.4678,0.2982,0.234
SPADES FIVE CLUBS QUEEN,0.6174,0.0074,0.3752
CLUBS EIGHT CLUBS ACE,0.3382,0.005,0.6568
DIAMONDS TWO DIAMONDS THREE,0.6214,0.0084,0.3702
DIAMONDS TWO DIAMONDS FIVE,0.597,0.0074,0.3956
SPADES KING HEARTS FIVE,0.4868,0.2926,0.2206
DIAMONDS TWO DIAMONDS FOUR,0.5946,0.0072,0.3982
SPADES QUEEN HEARTS FIVE,0.6366,0.0072,0.3562
DIAMONDS TWO DIAMONDS SEVEN,0.683,0.0382,0.2788
DIAMONDS TWO DIAMONDS SIX,0.6152,0.0078,0.377
SPADES ACE HEARTS FIVE,0.3926,0.0034,0.604
DIAMONDS TWO DIAMONDS NINE,0.602,0.006,0.392
DIAMONDS TWO DIAMONDS EIGHT,0.6056,0.006,0.3884
DIAMONDS THREE DIAMONDS FOUR,0.5836,0.009,0.4074
CLUBS TWO SPADES FOUR,0.6494,0.0098,0.3408
DIAMONDS THREE DIAMONDS FIVE,0.594,0.0074,0.3986
SPADES FIVE CLUBS TWO,0.6486,0.0096,0.3418
CLUBS TWO SPADES TWO,0.4506,0.0204,0.529
CLUBS TWO SPADES THREE,0.6634,0.0066,0.33
DIAMONDS THREE DIAMONDS EIGHT,0.6142,0.007,0.3788
SPADES EIGHT CLUBS TWO,0.6412,0.008,0.3508
DIAMONDS THREE DIAMONDS NINE,0.5914,0.007,0.4016
SPADES NINE CLUBS TWO,0.6496,0.0074,0.343
DIAMONDS THREE DIAMONDS SIX,0.608,0.0088,0.3832
SPADES SIX CLUBS TWO,0.6596,0.0074,0.333
DIAMONDS THREE DIAMONDS SEVEN,0.6714,0.0396,0.289
SPADES SEVEN CLUBS TWO,0.7376,0.049,0.2134
CLUBS SIX CLUBS TWO,0.6264,0.0068,0.3668
CLUBS FOUR CLUBS TWO,0.6166,0.0086,0.3748
CLUBS FIVE CLUBS TWO,0.6148,0.0094,0.3758
CLUBS TEN CLUBS JACK,0.5252,0.0068,0.468
DIAMONDS FOUR DIAMONDS SIX,0.6008,0.0066,0.3926
CLUBS TEN CLUBS QUEEN,0.5326,0.0072,0.4602
DIAMONDS FOUR DIAMONDS SEVEN,0.6554,0.0384,0.3062
CLUBS TEN CLUBS KING,0.2226,0.1122,0.6652
CLUBS TEN CLUBS ACE,0.3312,0.0044,0.6644
CLUBS EIGHT CLUBS TWO,0.6128,0.007,0.3802
DIAMONDS FIVE DIAMONDS FOUR,0.5694,0.0074,0.4232
CLUBS NINE CLUBS TWO,0.599,0.0098,0.3912
DIAMONDS NINE DIAMONDS FOUR,0.5986,0.0082,0.3932
DIAMONDS EIGHT DIAMONDS FOUR,0.5956,0.0084,0.396
CLUBS THREE CLUBS TWO,0.6256,0.006,0.3684
DIAMONDS NINE DIAMONDS FIVE,0.5818,0.0052,0.413
CLUBS JACK DIAMONDS TWO,0.6352,0.0088,0.356
DIAMONDS EIGHT DIAMONDS FIVE,0.581,0.0068,0.4122
CLUBS TEN DIAMONDS TWO,0.6344,0.0066,0.359
DIAMONDS FIVE DIAMONDS SEVEN,0.6562,0.0392,0.3046
DIAMONDS FIVE DIAMONDS SIX,0.5762,0.0076,0.4162
DIAMONDS TWO CLUBS ACE,0.397,0.0046,0.5984
DIAMONDS TWO CLUBS KING,0.4774,0.3044,0.2182
DIAMONDS TWO CLUBS QUEEN,0.6354,0.0066,0.358
DIAMONDS EIGHT DIAMONDS SIX,0.575,0.006,0.419
DIAMONDS NINE DIAMONDS SIX,0.5748,0.0052,0.42
HEARTS ACE SPADES THREE,0.382,0.0072,0.6108
DIAMONDS SEVEN DIAMONDS SIX,0.6456,0.0368,0.3176
SPADES THREE HEARTS QUEEN,0.6336,0.0066,0.3598
HEARTS JACK SPADES THREE,0.6434,0.0056,0.351
SPADES THREE HEARTS TEN,0.6366,0.006,0.3574
DIAMONDS EIGHT DIAMONDS SEVEN,0.6368,0.033,0.3302
DIAMONDS NINE DIAMONDS SEVEN,0.6456,0.0298,0.3246
DIAMONDS NINE DIAMONDS EIGHT,0.5456,0.0036,0.4508
DIAMONDS KING HEARTS TEN,0.241,0.1094,0.6496
HEARTS THREE HEARTS TEN,0.605,0.0058,0.3892
SPADES JACK CLUBS SIX,0.6482,0.006,0.3458
DIAMONDS KING HEARTS JACK,0.2474,0.089,0.6636
HEARTS THREE HEARTS JACK,0.5986,0.0072,0.3942
SPADES TEN CLUBS SIX,0.6334,0.0084,0.3582
SPADES JACK SPADES FIVE,0.5846,0.0088,0.4066
SPADES TEN SPADES FIVE,0.6044,0.0062,0.3894
DIAMONDS KING HEARTS ACE,0.2096,0.0152,0.7752
HEARTS THREE HEARTS ACE,0.3746,0.0062,0.6192
SPADES ACE CLUBS SIX,0.396,0.0042,0.5998
DIAMONDS KING HEARTS QUEEN,0.2366,0.062,0.7014
HEARTS THREE HEARTS QUEEN,0.5948,0.0076,0.3976
SPADES KING CLUBS SIX,0.4758,0.303,0.2212
SPADES QUEEN CLUBS SIX,0.6358,0.0078,0.3564
SPADES NINE HEARTS TEN,0.5628,0.0068,0.4304
SPADES NINE HEARTS JACK,0.5776,0.005,0.4174
SPADES QUEEN SPADES FIVE,0.5914,0.0086,0.4
SPADES KING SPADES FIVE,0.4364,0.2796,0.284
SPADES ACE SPADES FIVE,0.364,0.0038,0.6322
SPADES NINE HEARTS QUEEN,0.5792,0.006,0.4148
SPADES NINE HEARTS ACE,0.3574,0.0054,0.6372
CLUBS TEN SPADES JACK,0.551,0.008,0.441
CLUBS TEN SPADES TEN,0.2884,0.0084,0.7032
SPADES ACE CLUBS TEN,0.3482,0.0036,0.6482
CLUBS TEN SPADES KING,0.2326,0.1154,0.652
CLUBS TEN SPADES QUEEN,0.563,0.007,0.43
SPADES FIVE HEARTS QUEEN,0.6406,0.0082,0.3512
HEARTS ACE SPADES FIVE,0.3784,0.0058,0.6158
CLUBS EIGHT SPADES TEN,0.5694,0.006,0.4246
HEARTS THREE SPADES JACK,0.6406,0.0062,0.3532
SPADES JACK DIAMONDS KING,0.241,0.0866,0.6724
SPADES TEN DIAMONDS KING,0.2326,0.1192,0.6482
HEARTS THREE SPADES TEN,0.6476,0.0064,0.346
CLUBS EIGHT SPADES JACK,0.5742,0.0074,0.4184
CLUBS SIX HEARTS ACE,0.3798,0.0048,0.6154
SPADES ACE CLUBS EIGHT,0.3702,0.0044,0.6254
CLUBS JACK HEARTS FIVE,0.6366,0.0076,0.3558
CLUBS TEN HEARTS FIVE,0.6336,0.0076,0.3588
CLUBS SIX HEARTS QUEEN,0.6406,0.006,0.3534
SPADES QUEEN CLUBS EIGHT,0.586,0.0072,0.4068
CLUBS TEN SPADES THREE,0.6266,0.0076,0.3658
SPADES KING CLUBS EIGHT,0.2208,0.231,0.5482
CLUBS JACK SPADES THREE,0.6228,0.009,0.3682
DIAMONDS TWO HEARTS JACK,0.6434,0.004,0.3526
SPADES THREE CLUBS QUEEN,0.6312,0.0068,0.362
DIAMONDS TWO HEARTS TEN,0.6416,0.0066,0.3518
SPADES THREE CLUBS KING,0.469,0.3004,0.2306
HEARTS FIVE CLUBS ACE,0.3848,0.0064,0.6088
SPADES FIVE HEARTS TEN,0.6358,0.0064,0.3578
SPADES THREE CLUBS ACE,0.3774,0.0052,0.6174
HEARTS FIVE CLUBS KING,0.4762,0.298,0.2258
SPADES FIVE HEARTS JACK,0.6308,0.007,0.3622
HEARTS FIVE CLUBS QUEEN,0.6386,0.0074,0.354
HEARTS THREE CLUBS KING,0.4608,0.321,0.2182
DIAMONDS KING CLUBS KING,0.0758,0.0122,0.912
HEARTS THREE CLUBS QUEEN,0.6404,0.01,0.3496
DIAMONDS KING CLUBS QUEEN,0.2328,0.0608,0.7064
HEARTS FIVE HEARTS JACK,0.6026,0.0074,0.39
HEARTS FIVE HEARTS TEN,0.5972,0.0094,0.3934
HEARTS THREE CLUBS ACE,0.3848,0.007,0.6082
DIAMONDS KING CLUBS ACE,0.2326,0.0122,0.7552
SPADES ACE CLUBS QUEEN,0.3514,0.005,0.6436
SPADES KING CLUBS QUEEN,0.238,0.0646,0.6974
CLUBS JACK HEARTS THREE,0.6266,0.0086,0.3648
CLUBS JACK DIAMONDS KING,0.2282,0.0886,0.6832
SPADES QUEEN CLUBS QUEEN,0.2842,0.0034,0.7124
CLUBS TEN HEARTS THREE,0.6352,0.0082,0.3566
CLUBS TEN DIAMONDS KING,0.2318,0.1214,0.6468
SPADES JACK CLUBS QUEEN,0.5612,0.0066,0.4322
CLUBS SIX CLUBS QUEEN,0.6124,0.008,0.3796
SPADES TEN CLUBS QUEEN,0.544,0.0084,0.4476
CLUBS SIX CLUBS KING,0.4516,0.295,0.2534
CLUBS SIX CLUBS ACE,0.3644,0.0044,0.6312
HEARTS FIVE HEARTS QUEEN,0.6106,0.0086,0.3808
CLUBS TEN CLUBS SIX,0.6006,0.0058,0.3936
HEARTS FIVE HEARTS ACE,0.3594,0.0038,0.6368
CLUBS JACK CLUBS SIX,0.6048,0.0062,0.389
SPADES SEVEN HEARTS JACK,0.7304,0.0318,0.2378
SPADES SEVEN HEARTS TEN,0.715,0.0294,0.2556
DIAMONDS TWO CLUBS TWO,0.461,0.0134,0.5256
DIAMONDS TWO CLUBS THREE,0.6502,0.0088,0.341
HEARTS SIX DIAMONDS TWO,0.659,0.007,0.334
DIAMONDS TWO HEARTS QUEEN,0.6264,0.0074,0.3662
DIAMONDS TWO HEARTS SEVEN,0.7474,0.0432,0.2094
DIAMONDS TWO HEARTS EIGHT,0.646,0.0078,0.3462
DIAMONDS TWO HEARTS ACE,0.3994,0.0046,0.596
DIAMONDS TWO HEARTS NINE,0.6488,0.0086,0.3426
DIAMONDS TWO DIAMONDS QUEEN,0.6102,0.009,0.3808
DIAMONDS TWO HEARTS TWO,0.4536,0.013,0.5334
DIAMONDS TWO DIAMONDS KING,0.4532,0.2764,0.2704
HEARTS THREE DIAMONDS TWO,0.6598,0.0072,0.333
DIAMONDS TWO DIAMONDS ACE,0.3786,0.0054,0.616
HEARTS FOUR DIAMONDS TWO,0.6416,0.0096,0.3488
DIAMONDS TWO HEARTS FIVE,0.6588,0.0088,0.3324
SPADES SEVEN HEARTS ACE,0.225,0.0304,0.7446
DIAMONDS TWO DIAMONDS TEN,0.5926,0.0076,0.3998
DIAMONDS TWO DIAMONDS JACK,0.6078,0.0056,0.3866
SPADES SEVEN HEARTS QUEEN,0.7274,0.037,0.2356
DIAMONDS TWO SPADES NINE,0.625,0.0094,0.3656
DIAMONDS TWO SPADES EIGHT,0.6408,0.008,0.3512
DIAMONDS TWO SPADES SEVEN,0.7306,0.0414,0.228
DIAMONDS TWO SPADES SIX,0.6578,0.0074,0.3348
DIAMONDS TWO SPADES FIVE,0.6502,0.0084,0.3414
DIAMONDS TWO SPADES FOUR,0.6556,0.0084,0.336
DIAMONDS TWO SPADES THREE,0.643,0.0072,0.3498
DIAMONDS TWO SPADES TWO,0.46,0.017,0.523
DIAMONDS TWO CLUBS NINE,0.6312,0.0064,0.3624
CLUBS EIGHT DIAMONDS TWO,0.6416,0.0068,0.3516
DIAMONDS TWO CLUBS SIX,0.663,0.0092,0.3278
DIAMONDS TWO CLUBS FIVE,0.652,0.0094,0.3386
DIAMONDS TWO CLUBS FOUR,0.6478,0.0064,0.3458
CLUBS FOUR SPADES FIVE,0.619,0.0106,0.3704
CLUBS FOUR SPADES FOUR,0.4514,0.016,0.5326
CLUBS FOUR SPADES THREE,0.6404,0.0074,0.3522
CLUBS FOUR SPADES TWO,0.6508,0.0076,0.3416
SPADES NINE CLUBS FOUR,0.6414,0.0076,0.351
SPADES EIGHT CLUBS FOUR,0.6284,0.0078,0.3638
SPADES SEVEN CLUBS FOUR,0.707,0.0366,0.2564
CLUBS FOUR SPADES SIX,0.6362,0.0094,0.3544
SPADES ACE DIAMONDS SIX,0.3994,0.0028,0.5978
SPADES QUEEN DIAMONDS SIX,0.6328,0.0068,0.3604
SPADES KING DIAMONDS SIX,0.473,0.3066,0.2204
SPADES TEN DIAMONDS SIX,0.6166,0.0064,0.377
SPADES JACK DIAMONDS SIX,0.6326,0.006,0.3614
SPADES QUEEN SPADES TWO,0.5834,0.0066,0.41
SPADES KING SPADES TWO,0.4342,0.2838,0.282
SPADES ACE SPADES TWO,0.3784,0.0056,0.616
CLUBS JACK DIAMONDS JACK,0.2956,0.0038,0.7006
CLUBS TEN DIAMONDS JACK,0.5458,0.005,0.4492
DIAMONDS JACK CLUBS KING,0.2338,0.086,0.6802
DIAMONDS JACK CLUBS QUEEN,0.5596,0.005,0.4354
DIAMONDS THREE DIAMONDS JACK,0.5852,0.0066,0.4082
DIAMONDS THREE DIAMONDS TEN,0.5996,0.0078,0.3926
DIAMONDS JACK CLUBS ACE,0.3468,0.0048,0.6484
DIAMONDS THREE DIAMONDS KING,0.446,0.2784,0.2756
HEARTS THREE DIAMONDS THREE,0.4584,0.0136,0.528
DIAMONDS THREE DIAMONDS QUEEN,0.5896,0.0058,0.4046
DIAMONDS THREE HEARTS TWO,0.6414,0.0078,0.3508
HEARTS FIVE DIAMONDS THREE,0.622,0.0088,0.3692
DIAMONDS THREE DIAMONDS ACE,0.382,0.0034,0.6146
HEARTS FOUR DIAMONDS THREE,0.634,0.0098,0.3562
DIAMONDS THREE HEARTS SEVEN,0.7272,0.0428,0.23
SPADES TEN SPADES NINE,0.5264,0.0058,0.4678
HEARTS SIX DIAMONDS THREE,0.6472,0.007,0.3458
SPADES JACK SPADES NINE,0.53,0.0072,0.4628
DIAMONDS THREE HEARTS NINE,0.6454,0.0076,0.347
HEARTS JACK DIAMONDS FOUR,0.6306,0.0098,0.3596
SPADES TEN SPADES TWO,0.5908,0.005,0.4042
DIAMONDS THREE HEARTS EIGHT,0.644,0.0088,0.3472
HEARTS TEN DIAMONDS FOUR,0.6426,0.0086,0.3488
SPADES JACK SPADES TWO,0.5952,0.0088,0.396
HEARTS QUEEN DIAMONDS FOUR,0.6268,0.0066,0.3666
SPADES ACE SPADES NINE,0.3376,0.0046,0.6578
HEARTS ACE DIAMONDS FOUR,0.3848,0.0034,0.6118
SPADES KING SPADES NINE,0.2186,0.1516,0.6298
SPADES QUEEN SPADES NINE,0.5424,0.0062,0.4514
DIAMONDS THREE SPADES NINE,0.6456,0.0066,0.3478
DIAMONDS THREE SPADES EIGHT,0.645,0.0062,0.3488
DIAMONDS THREE SPADES SEVEN,0.723,0.0394,0.2376
DIAMONDS THREE SPADES SIX,0.6556,0.0076,0.3368
DIAMONDS THREE CLUBS SIX,0.6488,0.0096,0.3416
CLUBS FIVE CLUBS SIX,0.5972,0.009,0.3938
CLUBS ACE DIAMONDS FOUR,0.3864,0.0038,0.6098
DIAMONDS THREE CLUBS FOUR,0.6328,0.0082,0.359
DIAMONDS FOUR CLUBS QUEEN,0.6186,0.0086,0.3728
DIAMONDS THREE CLUBS FIVE,0.633,0.0084,0.3586
DIAMONDS FOUR CLUBS KING,0.4588,0.3082,0.233
DIAMONDS THREE CLUBS TWO,0.6626,0.0088,0.3286
CLUBS TEN DIAMONDS FOUR,0.6382,0.0064,0.3554
DIAMONDS THREE CLUBS THREE,0.4528,0.0136,0.5336
CLUBS JACK DIAMONDS FOUR,0.6348,0.0076,0.3576
DIAMONDS THREE SPADES FOUR,0.6198,0.0068,0.3734
DIAMONDS THREE SPADES FIVE,0.6286,0.0092,0.3622
DIAMONDS THREE SPADES TWO,0.649,0.01,0.341
DIAMONDS THREE SPADES THREE,0.454,0.0136,0.5324
CLUBS EIGHT DIAMONDS THREE,0.6328,0.0076,0.3596
CLUBS NINE DIAMONDS THREE,0.6226,0.0084,0.369
SPADES SEVEN CLUBS ACE,0.2208,0.0336,0.7456
SPADES SEVEN CLUBS QUEEN,0.7282,0.0364,0.2354
SPADES SEVEN CLUBS KING,0.01,0.97,0.02
CLUBS FIVE SPADES SEVEN,0.6858,0.0392,0.275
CLUBS TEN SPADES SEVEN,0.7048,0.0372,0.258
CLUBS FIVE SPADES SIX,0.6148,0.0068,0.3784
CLUBS JACK SPADES SEVEN,0.719,0.0336,0.2474
CLUBS FIVE SPADES NINE,0.6184,0.0064,0.3752
CLUBS FIVE SPADES EIGHT,0.6234,0.0052,0.3714
CLUBS FIVE SPADES THREE,0.6432,0.0082,0.3486
CLUBS FIVE SPADES TWO,0.6398,0.0106,0.3496
CLUBS FIVE SPADES FIVE,0.442,0.0158,0.5422
CLUBS FIVE SPADES FOUR,0.6222,0.0078,0.37
CLUBS NINE CLUBS FIVE,0.5894,0.0058,0.4048
CLUBS EIGHT CLUBS FIVE,0.5906,0.0088,0.4006
CLUBS ACE CLUBS QUEEN,0.3384,0.0058,0.6558
CLUBS KING CLUBS QUEEN,0.2328,0.0688,0.6984
DIAMONDS TEN DIAMONDS FOUR,0.5852,0.0054,0.4094
CLUBS TEN DIAMONDS NINE,0.561,0.0076,0.4314
DIAMONDS JACK DIAMONDS FOUR,0.5916,0.0072,0.4012
CLUBS JACK DIAMONDS NINE,0.567,0.005,0.428
CLUBS JACK SPADES NINE,0.566,0.0054,0.4286
CLUBS TEN SPADES NINE,0.5576,0.0048,0.4376
DIAMONDS ACE DIAMONDS FOUR,0.363,0.0042,0.6328
HEARTS FOUR DIAMONDS FOUR,0.4442,0.0146,0.5412
DIAMONDS JACK HEARTS TEN,0.5532,0.0072,0.4396
SPADES NINE CLUBS KING,0.2426,0.1542,0.6032
DIAMONDS TWO SPADES TEN,0.6368,0.0056,0.3576
DIAMONDS NINE CLUBS ACE,0.3586,0.0052,0.6362
HEARTS FIVE DIAMONDS FOUR,0.621,0.0098,0.3692
HEARTS JACK DIAMONDS JACK,0.299,0.0064,0.6946
SPADES NINE CLUBS QUEEN,0.5694,0.0076,0.423
DIAMONDS TWO SPADES JACK,0.6358,0.0068,0.3574
DIAMONDS QUEEN DIAMONDS FOUR,0.5834,0.0064,0.4102
HEARTS TWO DIAMONDS FOUR,0.6464,0.0106,0.343
DIAMONDS NINE CLUBS QUEEN,0.5726,0.0058,0.4216
DIAMONDS KING DIAMONDS FOUR,0.4444,0.2874,0.2682
HEARTS THREE DIAMONDS FOUR,0.6366,0.0086,0.3548
SPADES NINE CLUBS ACE,0.3616,0.0024,0.636
DIAMONDS NINE CLUBS KING,0.2312,0.162,0.6068
HEARTS ACE DIAMONDS JACK,0.3492,0.0024,0.6484
SPADES ACE DIAMONDS TWO,0.3966,0.0044,0.599
DIAMONDS JACK HEARTS QUEEN,0.5596,0.0072,0.4332
SPADES QUEEN DIAMONDS TWO,0.6372,0.0074,0.3554
SPADES KING DIAMONDS TWO,0.4848,0.2988,0.2164
SPADES JACK SPADES SEVEN,0.6572,0.0394,0.3034
SPADES TEN SPADES SEVEN,0.6618,0.0334,0.3048
CLUBS SIX CLUBS THREE,0.6092,0.0088,0.382
CLUBS FIVE CLUBS THREE,0.6074,0.0084,0.3842
CLUBS THREE CLUBS FOUR,0.6004,0.008,0.3916
CLUBS NINE CLUBS THREE,0.6022,0.0056,0.3922
CLUBS EIGHT CLUBS THREE,0.621,0.0056,0.3734
CLUBS THREE SPADES FIVE,0.6406,0.0082,0.3512
CLUBS THREE SPADES FOUR,0.628,0.0086,0.3634
CLUBS THREE SPADES THREE,0.4574,0.0164,0.5262
CLUBS THREE SPADES TWO,0.643,0.0114,0.3456
CLUBS THREE SPADES SIX,0.6464,0.0068,0.3468
CLUBS THREE SPADES SEVEN,0.7312,0.0392,0.2296
SPADES EIGHT CLUBS THREE,0.6484,0.0082,0.3434
SPADES NINE CLUBS THREE,0.6448,0.009,0.3462
SPADES TWO DIAMONDS FOUR,0.646,0.0054,0.3486
SPADES THREE DIAMONDS FOUR,0.6232,0.0068,0.37
SPADES FOUR DIAMONDS FOUR,0.4508,0.0156,0.5336
SPADES FIVE DIAMONDS FOUR,0.605,0.0074,0.3876
SPADES SIX DIAMONDS FOUR,0.6176,0.0074,0.375
SPADES SEVEN DIAMONDS FOUR,0.7152,0.0374,0.2474
SPADES EIGHT DIAMONDS FOUR,0.6362,0.0074,0.3564
SPADES NINE DIAMONDS FOUR,0.6302,0.01,0.3598
CLUBS FIVE DIAMONDS FOUR,0.614,0.0088,0.3772
CLUBS FOUR DIAMONDS FOUR,0.4434,0.013,0.5436
CLUBS SIX DIAMONDS FOUR,0.6428,0.008,0.3492
CLUBS NINE DIAMONDS FOUR,0.6298,0.0098,0.3604
CLUBS EIGHT DIAMONDS FOUR,0.628,0.008,0.364
DIAMONDS FOUR HEARTS SEVEN,0.7086,0.0428,0.2486
HEARTS SIX DIAMONDS FOUR,0.631,0.0076,0.3614
HEARTS NINE DIAMONDS FOUR,0.6376,0.0072,0.3552
DIAMONDS FOUR HEARTS EIGHT,0.6344,0.0084,0.3572
CLUBS THREE DIAMONDS FOUR,0.6332,0.0086,0.3582
CLUBS TWO DIAMONDS FOUR,0.6522,0.0084,0.3394
DIAMONDS TEN DIAMONDS FIVE,0.5956,0.0078,0.3966
DIAMONDS JACK DIAMONDS FIVE,0.5976,0.008,0.3944
DIAMONDS NINE HEARTS QUEEN,0.5886,0.0054,0.406
HEARTS ACE DIAMONDS NINE,0.3458,0.0054,0.6488
DIAMONDS NINE HEARTS TEN,0.5592,0.0058,0.435
DIAMONDS NINE HEARTS JACK,0.5666,0.0056,0.4278
CLUBS KING DIAMONDS SIX,0.4632,0.3062,0.2306
CLUBS QUEEN DIAMONDS SIX,0.6368,0.0076,0.3556
CLUBS ACE DIAMONDS SIX,0.385,0.0042,0.6108
SPADES KING DIAMONDS FOUR,0.4786,0.2926,0.2288
SPADES ACE SPADES SEVEN,0.2152,0.0266,0.7582
SPADES QUEEN DIAMONDS FOUR,0.6294,0.0062,0.3644
SPADES QUEEN SPADES SEVEN,0.6888,0.0388,0.2724
CLUBS JACK DIAMONDS SIX,0.6392,0.0056,0.3552
SPADES KING SPADES SEVEN,0.019,0.9122,0.0688
SPADES ACE DIAMONDS FOUR,0.4008,0.0044,0.5948
CLUBS TEN DIAMONDS SIX,0.612,0.0038,0.3842
CLUBS NINE CLUBS FOUR,0.6076,0.0076,0.3848
CLUBS EIGHT CLUBS FOUR,0.5864,0.0076,0.406
SPADES JACK DIAMONDS FOUR,0.632,0.007,0.361
SPADES TEN DIAMONDS FOUR,0.6348,0.0072,0.358
CLUBS FIVE CLUBS FOUR,0.5856,0.008,0.4064
CLUBS SIX CLUBS FOUR,0.6018,0.0092,0.389
HEARTS SIX DIAMONDS FIVE,0.6194,0.0098,0.3708
DIAMONDS FIVE HEARTS SEVEN,0.6842,0.0394,0.2764
DIAMONDS FIVE HEARTS EIGHT,0.6148,0.0048,0.3804
HEARTS NINE DIAMONDS FIVE,0.6262,0.0064,0.3674
DIAMONDS QUEEN DIAMONDS FIVE,0.5662,0.0074,0.4264
HEARTS TWO DIAMONDS FIVE,0.657,0.0076,0.3354
DIAMONDS KING DIAMONDS FIVE,0.4192,0.2984,0.2824
HEARTS THREE DIAMONDS FIVE,0.6392,0.008,0.3528
HEARTS QUEEN HEARTS EIGHT,0.5816,0.0054,0.413
DIAMONDS ACE DIAMONDS FIVE,0.3524,0.0038,0.6438
HEARTS FOUR DIAMONDS FIVE,0.6244,0.0076,0.368
HEARTS FIVE DIAMONDS FIVE,0.4414,0.016,0.5426
HEARTS ACE HEARTS EIGHT,0.3476,0.0046,0.6478
CLUBS FOUR DIAMONDS FIVE,0.6114,0.007,0.3816
CLUBS FIVE DIAMONDS FIVE,0.4388,0.0174,0.5438
CLUBS SIX DIAMONDS FIVE,0.6014,0.0104,0.3882
CLUBS TWO DIAMONDS FIVE,0.6526,0.0078,0.3396
CLUBS THREE DIAMONDS FIVE,0.6144,0.0096,0.376
SPADES THREE DIAMONDS FIVE,0.6302,0.0066,0.3632
SPADES TWO DIAMONDS FIVE,0.654,0.0092,0.3368
SPADES JACK DIAMONDS EIGHT,0.5882,0.0054,0.4064
SPADES FIVE DIAMONDS FIVE,0.4598,0.0134,0.5268
CLUBS TEN HEARTS JACK,0.5472,0.007,0.4458
SPADES TEN DIAMONDS EIGHT,0.576,0.0054,0.4186
SPADES FOUR DIAMONDS FIVE,0.6248,0.0064,0.3688
CLUBS JACK HEARTS JACK,0.2936,0.0048,0.7016
HEARTS JACK CLUBS QUEEN,0.5528,0.0056,0.4416
CLUBS NINE DIAMONDS FIVE,0.6204,0.0096,0.37
CLUBS EIGHT DIAMONDS FIVE,0.6274,0.0076,0.365
HEARTS JACK CLUBS KING,0.23,0.0884,0.6816
HEARTS JACK CLUBS ACE,0.3522,0.0068,0.641
SPADES SEVEN DIAMONDS FIVE,0.6824,0.0348,0.2828
SPADES KING DIAMONDS EIGHT,0.2282,0.226,0.5458
SPADES QUEEN DIAMONDS EIGHT,0.5928,0.0096,0.3976
SPADES SIX DIAMONDS FIVE,0.6364,0.0072,0.3564
SPADES NINE DIAMONDS FIVE,0.625,0.0066,0.3684
SPADES EIGHT DIAMONDS FIVE,0.6176,0.0074,0.375
SPADES ACE DIAMONDS EIGHT,0.3554,0.0022,0.6424
DIAMONDS TEN DIAMONDS SIX,0.5886,0.0062,0.4052
HEARTS ACE DIAMONDS SEVEN,0.234,0.0268,0.7392
DIAMONDS JACK DIAMONDS SIX,0.593,0.0062,0.4008
HEARTS QUEEN DIAMONDS SEVEN,0.7344,0.0406,0.225
DIAMONDS ACE DIAMONDS SIX,0.3564,0.005,0.6386
HEARTS FOUR DIAMONDS SIX,0.6464,0.0086,0.345
HEARTS JACK SPADES TWO,0.635,0.0086,0.3564
HEARTS FIVE DIAMONDS SIX,0.6182,0.0052,0.3766
SPADES TWO HEARTS TEN,0.639,0.0078,0.3532
DIAMONDS QUEEN DIAMONDS SIX,0.5888,0.007,0.4042
HEARTS TWO DIAMONDS SIX,0.661,0.0084,0.3306
DIAMONDS KING DIAMONDS SIX,0.445,0.278,0.277
HEARTS THREE DIAMONDS SIX,0.6488,0.0078,0.3434
HEARTS EIGHT DIAMONDS SIX,0.6134,0.0092,0.3774
HEARTS NINE DIAMONDS SIX,0.6348,0.0084,0.3568
HEARTS SIX DIAMONDS SIX,0.4442,0.0122,0.5436
HEARTS SEVEN DIAMONDS SIX,0.6822,0.0384,0.2794
HEARTS TEN DIAMONDS SEVEN,0.709,0.0338,0.2572
CLUBS TWO DIAMONDS SIX,0.6622,0.0058,0.332
HEARTS JACK DIAMONDS SEVEN,0.724,0.0344,0.2416
CLUBS THREE DIAMONDS SIX,0.6496,0.0072,0.3432
CLUBS JACK DIAMONDS EIGHT,0.582,0.0064,0.4116
CLUBS SIX DIAMONDS SIX,0.4228,0.011,0.5662
CLUBS TEN DIAMONDS EIGHT,0.5818,0.0058,0.4124
CLUBS FIVE DIAMONDS SIX,0.625,0.0084,0.3666
CLUBS FOUR DIAMONDS SIX,0.638,0.0072,0.3548
HEARTS ACE HEARTS JACK,0.3314,0.0044,0.6642
DIAMONDS EIGHT CLUBS ACE,0.3534,0.0034,0.6432
HEARTS JACK HEARTS QUEEN,0.5244,0.007,0.4686
DIAMONDS EIGHT CLUBS KING,0.2266,0.2228,0.5506
CLUBS NINE DIAMONDS SIX,0.6198,0.0076,0.3726
CLUBS EIGHT DIAMONDS SIX,0.5876,0.008,0.4044
DIAMONDS EIGHT CLUBS QUEEN,0.5892,0.0068,0.404
SPADES FIVE DIAMONDS SIX,0.6156,0.0082,0.3762
HEARTS ACE SPADES TWO,0.3948,0.0046,0.6006
SPADES FOUR DIAMONDS SIX,0.6352,0.0072,0.3576
SPADES THREE DIAMONDS SIX,0.6416,0.0078,0.3506
HEARTS QUEEN SPADES TWO,0.6428,0.0098,0.3474
SPADES ACE SPADES KING,0.218,0.0132,0.7688
SPADES TWO DIAMONDS SIX,0.6658,0.0072,0.327
HEARTS TEN HEARTS EIGHT,0.5464,0.0066,0.447
SPADES NINE DIAMONDS SIX,0.6166,0.0084,0.375
HEARTS JACK HEARTS EIGHT,0.5466,0.0054,0.448
SPADES EIGHT DIAMONDS SIX,0.608,0.0072,0.3848
SPADES SEVEN DIAMONDS SIX,0.6838,0.0364,0.2798
SPADES SIX DIAMONDS SIX,0.444,0.0138,0.5422
CLUBS ACE CLUBS KING,0.2234,0.0116,0.765
SPADES ACE HEARTS JACK,0.351,0.0052,0.6438
SPADES QUEEN HEARTS JACK,0.5608,0.005,0.4342
SPADES KING HEARTS JACK,0.2488,0.0882,0.663
SPADES TEN DIAMONDS TEN,0.2988,0.0082,0.693
SPADES JACK DIAMONDS TEN,0.5536,0.0048,0.4416
SPADES ACE DIAMONDS TEN,0.3442,0.0012,0.6546
SPADES JACK HEARTS JACK,0.296,0.006,0.698
SPADES TEN HEARTS JACK,0.5592,0.0052,0.4356
SPADES QUEEN DIAMONDS TEN,0.5646,0.0048,0.4306
SPADES KING DIAMONDS TEN,0.2446,0.1208,0.6346
SPADES NINE DIAMONDS SEVEN,0.6872,0.036,0.2768
SPADES EIGHT DIAMONDS SEVEN,0.6692,0.0286,0.3022
SPADES SEVEN DIAMONDS SEVEN,0.308,0.029,0.663
SPADES SIX DIAMONDS SEVEN,0.6816,0.0356,0.2828
DIAMONDS KING DIAMONDS SEVEN,0.0238,0.9038,0.0724
HEARTS THREE DIAMONDS SEVEN,0.72,0.039,0.241
DIAMONDS QUEEN DIAMONDS SEVEN,0.6904,0.0326,0.277
HEARTS TWO DIAMONDS SEVEN,0.7326,0.0414,0.226
HEARTS QUEEN DIAMONDS FIVE,0.628,0.0082,0.3638
HEARTS FIVE DIAMONDS SEVEN,0.6874,0.0444,0.2682
DIAMONDS ACE DIAMONDS SEVEN,0.2166,0.028,0.7554
HEARTS FOUR DIAMONDS SEVEN,0.712,0.041,0.247
HEARTS ACE DIAMONDS FIVE,0.3792,0.0048,0.616
HEARTS SEVEN DIAMONDS SEVEN,0.2976,0.0298,0.6726
HEARTS SIX DIAMONDS SEVEN,0.6782,0.0392,0.2826
HEARTS NINE DIAMONDS SEVEN,0.6808,0.0336,0.2856
DIAMONDS SEVEN HEARTS EIGHT,0.6728,0.0324,0.2948
DIAMONDS JACK DIAMONDS SEVEN,0.6626,0.0352,0.3022
HEARTS JACK DIAMONDS FIVE,0.6376,0.011,0.3514
DIAMONDS TEN DIAMONDS SEVEN,0.6564,0.0308,0.3128
DIAMONDS FIVE HEARTS TEN,0.6324,0.006,0.3616
CLUBS EIGHT DIAMONDS SEVEN,0.6668,0.029,0.3042
SPADES KING CLUBS TWO,0.4852,0.3,0.2148
SPADES QUEEN CLUBS TWO,0.6534,0.0078,0.3388
CLUBS NINE DIAMONDS SEVEN,0.6848,0.0358,0.2794
CLUBS JACK SPADES TWO,0.6354,0.0072,0.3574
SPADES ACE CLUBS TWO,0.3952,0.0038,0.601
CLUBS TEN SPADES TWO,0.6252,0.0098,0.365
SPADES TWO CLUBS KING,0.4774,0.2974,0.2252
SPADES TWO DIAMONDS SEVEN,0.7376,0.0414,0.221
CLUBS EIGHT CLUBS SIX,0.5522,0.0084,0.4394
SPADES THREE DIAMONDS SEVEN,0.713,0.041,0.246
SPADES TWO CLUBS QUEEN,0.6338,0.0102,0.356
CLUBS NINE CLUBS SIX,0.5946,0.0086,0.3968
SPADES FOUR DIAMONDS SEVEN,0.696,0.0412,0.2628
SPADES FIVE DIAMONDS SEVEN,0.6832,0.035,0.2818
SPADES TWO CLUBS ACE,0.3954,0.0048,0.5998
CLUBS SIX SPADES TWO,0.6504,0.0096,0.34
CLUBS SIX SPADES THREE,0.656,0.0082,0.3358
CLUBS TWO DIAMONDS SEVEN,0.7348,0.0384,0.2268
CLUBS SIX SPADES FOUR,0.638,0.0072,0.3548
CLUBS THREE DIAMONDS SEVEN,0.7236,0.0414,0.235
CLUBS SIX SPADES FIVE,0.603,0.009,0.388
CLUBS FOUR DIAMONDS SEVEN,0.7048,0.0364,0.2588
CLUBS SIX SPADES SIX,0.4334,0.0128,0.5538
CLUBS FIVE DIAMONDS SEVEN,0.6886,0.042,0.2694
CLUBS SIX SPADES SEVEN,0.6668,0.0386,0.2946
CLUBS SIX DIAMONDS SEVEN,0.6812,0.0382,0.2806
CLUBS SIX SPADES EIGHT,0.6046,0.0076,0.3878
SPADES JACK CLUBS TWO,0.6272,0.0072,0.3656
SPADES NINE CLUBS SIX,0.6192,0.0062,0.3746
SPADES TEN CLUBS TWO,0.6418,0.007,0.3512
CLUBS TWO CLUBS QUEEN,0.6044,0.0084,0.3872
CLUBS TWO CLUBS KING,0.4576,0.2782,0.2642
CLUBS THREE DIAMONDS EIGHT,0.638,0.0104,0.3516
CLUBS TWO CLUBS ACE,0.3896,0.0066,0.6038
CLUBS TWO DIAMONDS EIGHT,0.6366,0.0084,0.355
DIAMONDS EIGHT HEARTS SEVEN,0.6794,0.0386,0.282
HEARTS SIX DIAMONDS EIGHT,0.612,0.0052,0.3828
DIAMONDS EIGHT HEARTS NINE,0.5766,0.008,0.4154
CLUBS TEN CLUBS TWO,0.5972,0.011,0.3918
DIAMONDS EIGHT HEARTS EIGHT,0.3326,0.0112,0.6562
CLUBS JACK CLUBS TWO,0.6026,0.0086,0.3888
CLUBS NINE DIAMONDS EIGHT,0.573,0.0078,0.4192
CLUBS EIGHT DIAMONDS EIGHT,0.3206,0.0092,0.6702
CLUBS FIVE DIAMONDS EIGHT,0.6216,0.006,0.3724
SPADES ACE SPADES THREE,0.38,0.0042,0.6158
CLUBS FOUR DIAMONDS EIGHT,0.6322,0.0078,0.36
SPADES QUEEN SPADES THREE,0.5904,0.0076,0.402
CLUBS SIX DIAMONDS EIGHT,0.597,0.0086,0.3944
SPADES KING SPADES THREE,0.4342,0.2802,0.2856
DIAMONDS QUEEN DIAMONDS EIGHT,0.5522,0.0056,0.4422
HEARTS TWO DIAMONDS EIGHT,0.6446,0.0078,0.3476
DIAMONDS KING DIAMONDS EIGHT,0.226,0.2186,0.5554
HEARTS THREE DIAMONDS EIGHT,0.6418,0.007,0.3512
DIAMONDS ACE DIAMONDS EIGHT,0.3364,0.0038,0.6598
HEARTS FOUR DIAMONDS EIGHT,0.6348,0.0082,0.357
HEARTS FIVE DIAMONDS EIGHT,0.6318,0.0082,0.36
DIAMONDS EIGHT DIAMONDS TEN,0.5316,0.0092,0.4592
DIAMONDS EIGHT DIAMONDS JACK,0.5326,0.0058,0.4616
SPADES JACK SPADES THREE,0.591,0.0058,0.4032
SPADES TEN SPADES THREE,0.5948,0.007,0.3982
CLUBS FOUR HEARTS ACE,0.389,0.0046,0.6064
CLUBS FOUR HEARTS QUEEN,0.649,0.007,0.344
CLUBS SIX HEARTS TEN,0.6366,0.0082,0.3552
CLUBS SIX HEARTS JACK,0.6402,0.0076,0.3522
DIAMONDS EIGHT SPADES FOUR,0.6186,0.0072,0.3742
SPADES FIVE DIAMONDS EIGHT,0.6088,0.0068,0.3844
DIAMONDS EIGHT SPADES TWO,0.642,0.0056,0.3524
DIAMONDS EIGHT SPADES THREE,0.6426,0.007,0.3504
CLUBS FOUR HEARTS JACK,0.6284,0.011,0.3606
SPADES EIGHT DIAMONDS EIGHT,0.325,0.0102,0.6648
SPADES TEN DIAMONDS QUEEN,0.555,0.004,0.441
SPADES TEN HEARTS TWO,0.647,0.0064,0.3466
SPADES JACK HEARTS EIGHT,0.5958,0.0062,0.398
CLUBS FOUR HEARTS TEN,0.6458,0.0062,0.348
SPADES NINE DIAMONDS EIGHT,0.5756,0.0072,0.4172
SPADES TEN HEARTS EIGHT,0.5884,0.007,0.4046
SPADES JACK HEARTS TWO,0.634,0.0084,0.3576
SPADES JACK DIAMONDS QUEEN,0.5544,0.0042,0.4414
SPADES SIX DIAMONDS EIGHT,0.6046,0.0082,0.3872
SPADES SEVEN DIAMONDS EIGHT,0.677,0.0304,0.2926
SPADES ACE HEARTS TWO,0.391,0.0042,0.6048
SPADES ACE DIAMONDS QUEEN,0.3648,0.0024,0.6328
SPADES ACE HEARTS EIGHT,0.3562,0.0044,0.6394
SPADES KING HEARTS EIGHT,0.218,0.237,0.545
SPADES QUEEN HEARTS TWO,0.6356,0.0062,0.3582
SPADES QUEEN DIAMONDS QUEEN,0.2754,0.003,0.7216
SPADES KING DIAMONDS QUEEN,0.2538,0.0636,0.6826
SPADES KING HEARTS TWO,0.4834,0.3004,0.2162
SPADES QUEEN HEARTS EIGHT,0.5868,0.006,0.4072
CLUBS TWO HEARTS TEN,0.643,0.0062,0.3508
CLUBS TWO HEARTS JACK,0.6446,0.0058,0.3496
SPADES SEVEN DIAMONDS NINE,0.6952,0.0354,0.2694
SPADES SIX DIAMONDS NINE,0.61,0.006,0.384
SPADES NINE DIAMONDS NINE,0.3096,0.0096,0.6808
SPADES EIGHT DIAMONDS NINE,0.5716,0.0062,0.4222
SPADES TEN CLUBS KING,0.2276,0.1074,0.665
DIAMONDS NINE SPADES THREE,0.624,0.0056,0.3704
SPADES JACK CLUBS KING,0.236,0.0768,0.6872
DIAMONDS NINE SPADES TWO,0.646,0.0056,0.3484
DIAMONDS NINE SPADES FIVE,0.6126,0.0046,0.3828
DIAMONDS NINE SPADES FOUR,0.6434,0.0064,0.3502
CLUBS NINE DIAMONDS NINE,0.3214,0.0086,0.67
CLUBS EIGHT DIAMONDS NINE,0.586,0.0034,0.4106
CLUBS SIX DIAMONDS NINE,0.6054,0.0082,0.3864
SPADES JACK CLUBS FOUR,0.6246,0.0078,0.3676
SPADES TEN CLUBS FOUR,0.6392,0.0066,0.3542
CLUBS FOUR DIAMONDS NINE,0.6468,0.007,0.3462
CLUBS FIVE DIAMONDS NINE,0.632,0.0062,0.3618
DIAMONDS NINE CLUBS TWO,0.6406,0.008,0.3514
CLUBS THREE DIAMONDS NINE,0.6424,0.0074,0.3502
DIAMONDS NINE HEARTS EIGHT,0.5746,0.0082,0.4172
DIAMONDS NINE HEARTS NINE,0.3176,0.0102,0.6722
HEARTS SIX DIAMONDS NINE,0.6208,0.0084,0.3708
DIAMONDS NINE HEARTS SEVEN,0.6836,0.0356,0.2808
CLUBS EIGHT CLUBS NINE,0.5362,0.007,0.4568
DIAMONDS ACE DIAMONDS NINE,0.3426,0.0034,0.654
HEARTS FOUR DIAMONDS NINE,0.6458,0.0084,0.3458
HEARTS FIVE DIAMONDS NINE,0.6154,0.007,0.3776
HEARTS ACE CLUBS TWO,0.3968,0.006,0.5972
SPADES ACE CLUBS FOUR,0.3876,0.0054,0.607
DIAMONDS QUEEN DIAMONDS NINE,0.5398,0.0072,0.453
HEARTS TWO DIAMONDS NINE,0.643,0.0074,0.3496
SPADES KING CLUBS FOUR,0.4806,0.2936,0.2258
DIAMONDS KING DIAMONDS NINE,0.2204,0.1564,0.6232
HEARTS THREE DIAMONDS NINE,0.6364,0.0062,0.3574
CLUBS TWO HEARTS QUEEN,0.6386,0.0074,0.354
SPADES QUEEN CLUBS FOUR,0.6286,0.008,0.3634
DIAMONDS NINE DIAMONDS JACK,0.5356,0.0072,0.4572
CLUBS EIGHT SPADES NINE,0.5768,0.007,0.4162
DIAMONDS NINE DIAMONDS TEN,0.5236,0.0062,0.4702
CLUBS EIGHT SPADES EIGHT,0.3276,0.0122,0.6602
CLUBS EIGHT SPADES SEVEN,0.684,0.0306,0.2854
CLUBS EIGHT SPADES SIX,0.6048,0.0056,0.3896
CLUBS EIGHT SPADES FIVE,0.612,0.0078,0.3802
CLUBS EIGHT SPADES FOUR,0.6392,0.0076,0.3532
CLUBS EIGHT SPADES THREE,0.6394,0.0078,0.3528
CLUBS EIGHT SPADES TWO,0.6416,0.0054,0.353
HEARTS SIX DIAMONDS TEN,0.6352,0.0072,0.3576
DIAMONDS TEN HEARTS SEVEN,0.7114,0.0342,0.2544
DIAMONDS TEN HEARTS EIGHT,0.5668,0.006,0.4272
CLUBS JACK CLUBS FOUR,0.5992,0.0094,0.3914
DIAMONDS TEN HEARTS NINE,0.5562,0.0066,0.4372
CLUBS TEN CLUBS FOUR,0.5984,0.0074,0.3942
CLUBS FOUR CLUBS KING,0.4596,0.2798,0.2606
CLUBS FOUR CLUBS QUEEN,0.5966,0.0086,0.3948
CLUBS TWO DIAMONDS TEN,0.6392,0.0082,0.3526
CLUBS THREE DIAMONDS TEN,0.6236,0.0084,0.368
CLUBS FOUR CLUBS ACE,0.376,0.0052,0.6188
DIAMONDS JACK DIAMONDS TEN,0.5076,0.0058,0.4866
DIAMONDS QUEEN DIAMONDS TEN,0.5158,0.0068,0.4774
HEARTS TWO DIAMONDS TEN,0.6376,0.0084,0.354
DIAMONDS KING DIAMONDS TEN,0.2122,0.1164,0.6714
HEARTS THREE DIAMONDS TEN,0.6326,0.0086,0.3588
DIAMONDS ACE DIAMONDS TEN,0.3198,0.0048,0.6754
HEARTS FOUR DIAMONDS TEN,0.6464,0.0082,0.3454
CLUBS EIGHT HEARTS JACK,0.5802,0.0086,0.4112
HEARTS FIVE DIAMONDS TEN,0.6424,0.0082,0.3494
CLUBS EIGHT HEARTS TEN,0.558,0.0066,0.4354
CLUBS EIGHT HEARTS QUEEN,0.5896,0.0084,0.402
CLUBS EIGHT HEARTS ACE,0.3562,0.004,0.6398
CLUBS NINE SPADES THREE,0.6342,0.006,0.3598
CLUBS NINE SPADES TWO,0.6366,0.0088,0.3546
CLUBS NINE SPADES FIVE,0.6214,0.0092,0.3694
CLUBS NINE SPADES FOUR,0.6398,0.0052,0.355
CLUBS NINE SPADES SEVEN,0.6912,0.0344,0.2744
CLUBS NINE SPADES SIX,0.6098,0.0076,0.3826
CLUBS NINE SPADES NINE,0.3178,0.0082,0.674
CLUBS TEN HEARTS EIGHT,0.5602,0.0078,0.432
CLUBS NINE SPADES EIGHT,0.5754,0.0058,0.4188
CLUBS JACK HEARTS EIGHT,0.5888,0.0076,0.4036
CLUBS QUEEN HEARTS EIGHT,0.5868,0.0066,0.4066
CLUBS KING HEARTS EIGHT,0.2134,0.2422,0.5444
CLUBS ACE HEARTS EIGHT,0.3592,0.0046,0.6362
SPADES KING CLUBS KING,0.0736,0.0148,0.9116
SPADES QUEEN CLUBS KING,0.2398,0.0614,0.6988
SPADES ACE CLUBS KING,0.2362,0.0118,0.752
DIAMONDS ACE HEARTS TEN,0.3532,0.005,0.6418
HEARTS FOUR HEARTS TEN,0.6054,0.0092,0.3854
DIAMONDS ACE HEARTS JACK,0.3524,0.0032,0.6444
HEARTS FOUR HEARTS JACK,0.5996,0.0074,0.393
SPADES KING CLUBS FIVE,0.4744,0.3026,0.223
SPADES QUEEN CLUBS FIVE,0.6268,0.0058,0.3674
SPADES ACE CLUBS FIVE,0.3874,0.004,0.6086
DIAMONDS JACK HEARTS SEVEN,0.7314,0.0326,0.236
HEARTS SIX DIAMONDS JACK,0.6396,0.0062,0.3542
DIAMONDS JACK HEARTS NINE,0.5684,0.0066,0.425
DIAMONDS JACK HEARTS EIGHT,0.5938,0.0078,0.3984
DIAMONDS KING DIAMONDS JACK,0.2218,0.0844,0.6938
HEARTS THREE DIAMONDS JACK,0.6312,0.0064,0.3624
SPADES ACE SPADES SIX,0.3762,0.003,0.6208
HEARTS ACE SPADES FOUR,0.3938,0.0032,0.603
DIAMONDS QUEEN DIAMONDS JACK,0.5222,0.0054,0.4724
HEARTS TWO DIAMONDS JACK,0.6384,0.0088,0.3528
HEARTS FIVE DIAMONDS JACK,0.6304,0.0074,0.3622
SPADES QUEEN SPADES SIX,0.597,0.0056,0.3974
SPADES FOUR HEARTS QUEEN,0.6338,0.0062,0.36
DIAMONDS ACE DIAMONDS JACK,0.339,0.0028,0.6582
HEARTS FOUR DIAMONDS JACK,0.6364,0.0056,0.358
SPADES KING SPADES SIX,0.4436,0.2858,0.2706
SPADES TEN SPADES SIX,0.5974,0.0056,0.397
SPADES JACK SPADES SIX,0.5988,0.0076,0.3936
SPADES FOUR DIAMONDS JACK,0.6234,0.006,0.3706
SPADES FIVE DIAMONDS JACK,0.6238,0.0058,0.3704
DIAMONDS JACK SPADES TWO,0.6366,0.007,0.3564
DIAMONDS JACK SPADES THREE,0.6442,0.0058,0.35
SPADES ACE DIAMONDS THREE,0.3978,0.0034,0.5988
CLUBS EIGHT DIAMONDS JACK,0.58,0.0048,0.4152
SPADES QUEEN DIAMONDS THREE,0.6296,0.0092,0.3612
SPADES KING DIAMONDS THREE,0.4702,0.2924,0.2374
CLUBS NINE DIAMONDS JACK,0.5526,0.0054,0.442
CLUBS SIX DIAMONDS JACK,0.6386,0.0056,0.3558
CLUBS FOUR DIAMONDS JACK,0.6254,0.0064,0.3682
CLUBS FIVE DIAMONDS JACK,0.6198,0.0072,0.373
CLUBS TWO DIAMONDS JACK,0.6434,0.0076,0.349
CLUBS THREE DIAMONDS JACK,0.6284,0.0072,0.3644
SPADES TEN CLUBS FIVE,0.6414,0.0074,0.3512
HEARTS SIX SPADES JACK,0.6388,0.0068,0.3544
HEARTS SIX SPADES TEN,0.629,0.0088,0.3622
SPADES JACK CLUBS FIVE,0.6274,0.0084,0.3642
SPADES JACK DIAMONDS THREE,0.63,0.0062,0.3638
DIAMONDS THREE SPADES TEN,0.6202,0.0056,0.3742
SPADES NINE DIAMONDS JACK,0.5782,0.0038,0.418
DIAMONDS ACE HEARTS ACE,0.1184,0.0034,0.8782
HEARTS FOUR HEARTS ACE,0.3834,0.0054,0.6112
SPADES EIGHT DIAMONDS JACK,0.5796,0.0052,0.4152
SPADES ACE HEARTS SIX,0.404,0.0028,0.5932
SPADES SEVEN DIAMONDS JACK,0.7156,0.0354,0.249
SPADES KING HEARTS SIX,0.4824,0.296,0.2216
DIAMONDS ACE HEARTS QUEEN,0.3622,0.0046,0.6332
HEARTS FOUR HEARTS QUEEN,0.5894,0.0092,0.4014
SPADES QUEEN HEARTS SIX,0.6348,0.0058,0.3594
SPADES SIX DIAMONDS JACK,0.6352,0.0052,0.3596
DIAMONDS TEN SPADES TWO,0.6382,0.008,0.3538
SPADES THREE DIAMONDS TEN,0.6418,0.0066,0.3516
SPADES FOUR DIAMONDS TEN,0.63,0.0068,0.3632
SPADES FIVE DIAMONDS TEN,0.6268,0.0068,0.3664
SPADES SIX DIAMONDS TEN,0.621,0.0054,0.3736
SPADES SEVEN DIAMONDS TEN,0.698,0.0312,0.2708
SPADES EIGHT DIAMONDS TEN,0.5794,0.0048,0.4158
SPADES NINE DIAMONDS TEN,0.5832,0.0046,0.4122
CLUBS FOUR DIAMONDS TEN,0.6276,0.0072,0.3652
CLUBS FIVE DIAMONDS TEN,0.6468,0.0076,0.3456
CLUBS SIX DIAMONDS TEN,0.6334,0.0068,0.3598
CLUBS EIGHT DIAMONDS TEN,0.5774,0.0088,0.4138
CLUBS NINE DIAMONDS TEN,0.5512,0.007,0.4418
CLUBS JACK DIAMONDS THREE,0.6262,0.0056,0.3682
CLUBS TEN DIAMONDS THREE,0.6334,0.0066,0.36
DIAMONDS THREE CLUBS KING,0.4712,0.3014,0.2274
DIAMONDS THREE CLUBS QUEEN,0.6304,0.0076,0.362
DIAMONDS THREE CLUBS ACE,0.3946,0.0054,0.6
SPADES FOUR HEARTS JACK,0.6456,0.0066,0.3478
SPADES FOUR HEARTS TEN,0.6314,0.0078,0.3608
SPADES FIVE SPADES TWO,0.6076,0.0052,0.3872
SPADES FOUR SPADES TWO,0.6128,0.0086,0.3786
SPADES THREE SPADES TWO,0.6112,0.0102,0.3786
SPADES NINE SPADES TWO,0.5936,0.0044,0.402
SPADES EIGHT SPADES TWO,0.61,0.0082,0.3818
SPADES SEVEN SPADES TWO,0.6786,0.04,0.2814
SPADES SIX SPADES TWO,0.623,0.0126,0.3644
DIAMONDS QUEEN CLUBS THREE,0.6328,0.0076,0.3596
CLUBS THREE HEARTS TWO,0.6616,0.0096,0.3288
DIAMONDS QUEEN CLUBS TWO,0.6388,0.0066,0.3546
HEARTS TWO CLUBS TWO,0.4606,0.0166,0.5228
DIAMONDS QUEEN HEARTS SEVEN,0.7354,0.0338,0.2308
HEARTS TWO HEARTS SEVEN,0.7062,0.044,0.2498
HEARTS SIX DIAMONDS QUEEN,0.6272,0.0052,0.3676
HEARTS SIX HEARTS TWO,0.6302,0.0096,0.3602
DIAMONDS QUEEN HEARTS NINE,0.5708,0.0072,0.422
HEARTS TWO HEARTS NINE,0.598,0.008,0.394
DIAMONDS QUEEN HEARTS EIGHT,0.5924,0.0086,0.399
HEARTS TWO HEARTS EIGHT,0.6038,0.0086,0.3876
CLUBS NINE HEARTS TWO,0.6378,0.0076,0.3546
CLUBS NINE DIAMONDS QUEEN,0.5604,0.0052,0.4344
CLUBS EIGHT DIAMONDS QUEEN,0.589,0.0044,0.4066
CLUBS EIGHT HEARTS TWO,0.6424,0.01,0.3476
CLUBS FIVE DIAMONDS QUEEN,0.6292,0.0068,0.364
CLUBS FIVE HEARTS TWO,0.6512,0.01,0.3388
SPADES EIGHT HEARTS ACE,0.353,0.0038,0.6432
DIAMONDS QUEEN CLUBS FOUR,0.6356,0.008,0.3564
HEARTS TWO CLUBS FOUR,0.6542,0.0078,0.338
SPADES EIGHT HEARTS QUEEN,0.5906,0.007,0.4024
CLUBS SIX DIAMONDS QUEEN,0.6516,0.0068,0.3416
CLUBS SIX HEARTS TWO,0.676,0.0084,0.3156
HEARTS TWO SPADES SIX,0.6602,0.0066,0.3332
DIAMONDS QUEEN SPADES SIX,0.6256,0.0072,0.3672
HEARTS FOUR CLUBS QUEEN,0.6266,0.008,0.3654
DIAMONDS ACE CLUBS QUEEN,0.3538,0.004,0.6422
DIAMONDS QUEEN SPADES SEVEN,0.7276,0.0356,0.2368
HEARTS TWO SPADES SEVEN,0.7354,0.0468,0.2178
HEARTS FOUR CLUBS KING,0.4702,0.3008,0.229
DIAMONDS ACE CLUBS KING,0.234,0.0136,0.7524
DIAMONDS QUEEN SPADES EIGHT,0.5896,0.0056,0.4048
SPADES EIGHT HEARTS TWO,0.6464,0.0076,0.346
HEARTS FOUR CLUBS ACE,0.3956,0.006,0.5984
DIAMONDS ACE CLUBS ACE,0.1284,0.006,0.8656
SPADES NINE DIAMONDS QUEEN,0.5808,0.0054,0.4138
SPADES NINE HEARTS TWO,0.6408,0.007,0.3522
HEARTS TWO SPADES TWO,0.4742,0.0154,0.5104
DIAMONDS QUEEN SPADES TWO,0.6344,0.0072,0.3584
HEARTS TWO SPADES THREE,0.6638,0.0092,0.327
DIAMONDS QUEEN SPADES THREE,0.6298,0.0064,0.3638
HEARTS TWO SPADES FOUR,0.6454,0.01,0.3446
DIAMONDS QUEEN SPADES FOUR,0.6336,0.0066,0.3598
CLUBS TEN HEARTS FOUR,0.6332,0.0096,0.3572
CLUBS TEN DIAMONDS ACE,0.341,0.0038,0.6552
HEARTS TWO SPADES FIVE,0.6474,0.0118,0.3408
DIAMONDS QUEEN SPADES FIVE,0.6188,0.0058,0.3754
HEARTS FOUR CLUBS JACK,0.6252,0.0068,0.368
CLUBS JACK DIAMONDS ACE,0.3404,0.0032,0.6564
CLUBS FIVE CLUBS KING,0.4568,0.2796,0.2636
CLUBS FIVE CLUBS QUEEN,0.599,0.0072,0.3938
CLUBS FIVE CLUBS ACE,0.374,0.0056,0.6204
CLUBS JACK CLUBS FIVE,0.5904,0.0074,0.4022
CLUBS TEN CLUBS FIVE,0.6004,0.0094,0.3902
SPADES KING CLUBS JACK,0.2318,0.091,0.6772
CLUBS JACK SPADES QUEEN,0.559,0.0064,0.4346
SPADES ACE CLUBS JACK,0.3656,0.0044,0.63
SPADES SIX CLUBS KING,0.4688,0.2952,0.236
SPADES SIX CLUBS QUEEN,0.6166,0.0048,0.3786
SPADES EIGHT HEARTS JACK,0.5914,0.0078,0.4008
SPADES SIX CLUBS ACE,0.3854,0.0034,0.6112
SPADES EIGHT HEARTS TEN,0.5692,0.0076,0.4232
CLUBS JACK SPADES SIX,0.6344,0.009,0.3566
CLUBS TEN SPADES SIX,0.628,0.0074,0.3646
CLUBS JACK SPADES TEN,0.556,0.0066,0.4374
CLUBS JACK SPADES JACK,0.2818,0.0056,0.7126
SPADES SIX HEARTS TEN,0.6288,0.0048,0.3664
SPADES SIX HEARTS JACK,0.6158,0.0064,0.3778
SPADES SIX HEARTS ACE,0.3866,0.0042,0.6092
SPADES SIX HEARTS QUEEN,0.6374,0.0066,0.356
CLUBS TEN HEARTS SIX,0.6446,0.0062,0.3492
CLUBS JACK HEARTS SIX,0.6432,0.0074,0.3494
CLUBS JACK CLUBS ACE,0.3418,0.0034,0.6548
HEARTS SIX CLUBS QUEEN,0.6428,0.007,0.3502
HEARTS SIX CLUBS KING,0.4786,0.3064,0.215
HEARTS SIX CLUBS ACE,0.3852,0.0046,0.6102
CLUBS JACK CLUBS QUEEN,0.5202,0.0068,0.473
CLUBS JACK CLUBS KING,0.2318,0.0878,0.6804
DIAMONDS THREE HEARTS ACE,0.3934,0.0042,0.6024
DIAMONDS THREE HEARTS QUEEN,0.635,0.0084,0.3566
CLUBS FIVE HEARTS JACK,0.6328,0.0088,0.3584
SPADES TEN DIAMONDS ACE,0.3556,0.004,0.6404
HEARTS FOUR SPADES TEN,0.6372,0.0058,0.357
CLUBS FIVE HEARTS TEN,0.641,0.0086,0.3504
HEARTS FOUR SPADES JACK,0.6374,0.0068,0.3558
SPADES JACK DIAMONDS ACE,0.3564,0.0036,0.64
SPADES ACE HEARTS FOUR,0.3874,0.0064,0.6062
SPADES ACE DIAMONDS ACE,0.126,0.003,0.871
CLUBS FIVE HEARTS ACE,0.3948,0.0058,0.5994
HEARTS FOUR SPADES QUEEN,0.634,0.0054,0.3606
SPADES QUEEN DIAMONDS ACE,0.3674,0.0018,0.6308
CLUBS JACK SPADES FOUR,0.63,0.0082,0.3618
CLUBS FIVE HEARTS QUEEN,0.6444,0.009,0.3466
SPADES KING DIAMONDS ACE,0.2398,0.0132,0.747
HEARTS FOUR SPADES KING,0.4746,0.3012,0.2242
CLUBS TEN SPADES FOUR,0.6278,0.0064,0.3658
DIAMONDS QUEEN DIAMONDS ACE,0.3244,0.0038,0.6718
HEARTS TWO DIAMONDS ACE,0.3984,0.0038,0.5978
HEARTS FOUR DIAMONDS QUEEN,0.616,0.0104,0.3736
HEARTS FOUR HEARTS TWO,0.6098,0.0076,0.3826
DIAMONDS THREE HEARTS TEN,0.6268,0.0098,0.3634
SPADES FOUR CLUBS KING,0.4672,0.3028,0.23
HEARTS FIVE DIAMONDS QUEEN,0.638,0.0068,0.3552
HEARTS FIVE HEARTS TWO,0.6168,0.0072,0.376
DIAMONDS THREE HEARTS JACK,0.6242,0.0092,0.3666
SPADES FOUR CLUBS QUEEN,0.6182,0.0076,0.3742
DIAMONDS QUEEN HEARTS TWO,0.6528,0.0092,0.338
DIAMONDS KING DIAMONDS QUEEN,0.2412,0.0586,0.7002
DIAMONDS KING HEARTS TWO,0.4858,0.298,0.2162
HEARTS THREE DIAMONDS QUEEN,0.6396,0.0092,0.3512
HEARTS THREE HEARTS TWO,0.6208,0.0076,0.3716
SPADES FOUR CLUBS ACE,0.3962,0.0054,0.5984
HEARTS TWO CLUBS ACE,0.397,0.0048,0.5982
DIAMONDS QUEEN CLUBS ACE,0.341,0.0034,0.6556
HEARTS TWO CLUBS QUEEN,0.648,0.0088,0.3432
DIAMONDS QUEEN CLUBS QUEEN,0.2728,0.0046,0.7226
HEARTS TWO CLUBS KING,0.4794,0.296,0.2246
DIAMONDS QUEEN CLUBS KING,0.2344,0.0652,0.7004
SPADES EIGHT SPADES FIVE,0.5748,0.0054,0.4198
CLUBS TEN HEARTS TWO,0.6384,0.0108,0.3508
CLUBS TEN DIAMONDS QUEEN,0.5498,0.0076,0.4426
SPADES NINE SPADES FIVE,0.5944,0.0072,0.3984
CLUBS JACK HEARTS TWO,0.6416,0.0096,0.3488
CLUBS JACK DIAMONDS QUEEN,0.5496,0.0054,0.445
SPADES SIX SPADES FIVE,0.5662,0.008,0.4258
SPADES SEVEN SPADES FIVE,0.6408,0.0332,0.326
DIAMONDS FIVE CLUBS QUEEN,0.629,0.0068,0.3642
SPADES EIGHT CLUBS ACE,0.3654,0.004,0.6306
DIAMONDS FIVE CLUBS KING,0.4696,0.2968,0.2336
SPADES EIGHT CLUBS KING,0.2174,0.2298,0.5528
DIAMONDS FIVE CLUBS ACE,0.3846,0.0038,0.6116
SPADES EIGHT CLUBS QUEEN,0.5914,0.0082,0.4004
CLUBS JACK SPADES EIGHT,0.5716,0.009,0.4194
CLUBS TEN SPADES EIGHT,0.577,0.0084,0.4146
CLUBS TEN DIAMONDS FIVE,0.6326,0.0078,0.3596
CLUBS JACK DIAMONDS FIVE,0.6262,0.0082,0.3656
HEARTS JACK DIAMONDS TEN,0.5598,0.0074,0.4328
DIAMONDS TEN HEARTS TEN,0.3054,0.0064,0.6882
SPADES ACE CLUBS NINE,0.3596,0.004,0.6364
SPADES QUEEN CLUBS NINE,0.5788,0.0062,0.415
SPADES KING CLUBS NINE,0.2256,0.1608,0.6136
DIAMONDS KING SPADES SEVEN,0.0212,0.9566,0.0222
HEARTS THREE SPADES SEVEN,0.7212,0.04,0.2388
SPADES KING DIAMONDS SEVEN,0.0198,0.9558,0.0244
HEARTS SIX HEARTS QUEEN,0.6078,0.0068,0.3854
SPADES QUEEN DIAMONDS SEVEN,0.7346,0.0366,0.2288
HEARTS THREE SPADES SIX,0.6584,0.0088,0.3328
DIAMONDS KING SPADES SIX,0.474,0.2988,0.2272
DIAMONDS KING SPADES NINE,0.2324,0.1594,0.6082
HEARTS THREE SPADES NINE,0.6388,0.0082,0.353
HEARTS SIX HEARTS ACE,0.3612,0.0048,0.634
DIAMONDS KING SPADES EIGHT,0.2296,0.2162,0.5542
HEARTS THREE SPADES EIGHT,0.6416,0.0084,0.35
SPADES ACE DIAMONDS SEVEN,0.2234,0.0276,0.749
HEARTS THREE CLUBS NINE,0.6358,0.0094,0.3548
CLUBS NINE DIAMONDS KING,0.2246,0.1648,0.6106
CLUBS EIGHT DIAMONDS KING,0.2228,0.2334,0.5438
HEARTS THREE CLUBS EIGHT,0.6484,0.007,0.3446
HEARTS THREE SPADES THREE,0.461,0.0146,0.5244
