opposingHand,winningChance,drawChance,lostChance
CLUBS FOUR HEARTS KING
HEARTS FIVE SPADES TEN,0.6026,0.0078,0.3896
SPADES JACK HEARTS FIVE,0.6078,0.0062,0.386
CLUBS JACK SPADES FIVE,0.5886,0.0078,0.4036
CLUBS TEN SPADES FIVE,0.6008,0.0062,0.393
CLUBS JACK CLUBS EIGHT,0.5534,0.0082,0.4384
CLUBS TEN CLUBS EIGHT,0.5252,0.0068,0.468
CLUBS EIGHT CLUBS KING,0.2278,0.2234,0.5488
SPADES FIVE CLUBS ACE,0.3406,0.0038,0.6556
CLUBS EIGHT CLUBS QUEEN,0.5408,0.0064,0.4528
SPADES FIVE CLUBS KING,0.2186,0.4506,0.3308
SPADES FIVE CLUBS QUEEN,0.6102,0.008,0.3818
CLUBS EIGHT CLUBS ACE,0.34,0.0032,0.6568
DIAMONDS TWO DIAMONDS THREE,0.5958,0.0106,0.3936
DIAMONDS TWO DIAMONDS FIVE,0.5708,0.0084,0.4208
SPADES KING HEARTS FIVE,0.2178,0.4578,0.3244
DIAMONDS TWO DIAMONDS FOUR,0.6782,0.0368,0.285
SPADES QUEEN HEARTS FIVE,0.6134,0.0064,0.3802
DIAMONDS TWO DIAMONDS SEVEN,0.6024,0.0084,0.3892
DIAMONDS TWO DIAMONDS SIX,0.5838,0.009,0.4072
SPADES ACE HEARTS FIVE,0.3472,0.0064,0.6464
DIAMONDS TWO DIAMONDS NINE,0.59,0.0072,0.4028
DIAMONDS TWO DIAMONDS EIGHT,0.6006,0.0086,0.3908
DIAMONDS THREE DIAMONDS FOUR,0.647,0.0378,0.3152
CLUBS TWO SPADES FOUR,0.7228,0.0332,0.244
DIAMONDS THREE DIAMONDS FIVE,0.5778,0.0078,0.4144
SPADES FIVE CLUBS TWO,0.6136,0.0068,0.3796
CLUBS TWO SPADES TWO,0.4508,0.017,0.5322
CLUBS TWO SPADES THREE,0.6422,0.0112,0.3466
DIAMONDS THREE DIAMONDS EIGHT,0.5934,0.0078,0.3988
SPADES EIGHT CLUBS TWO,0.6344,0.0088,0.3568
DIAMONDS THREE DIAMONDS NINE,0.5806,0.007,0.4124
SPADES NINE CLUBS TWO,0.6338,0.0078,0.3584
DIAMONDS THREE DIAMONDS SIX,0.5722,0.01,0.4178
SPADES SIX CLUBS TWO,0.6286,0.0086,0.3628
DIAMONDS THREE DIAMONDS SEVEN,0.5892,0.0086,0.4022
SPADES SEVEN CLUBS TWO,0.643,0.0086,0.3484
CLUBS SIX CLUBS TWO,0.6062,0.0126,0.3812
CLUBS SEVEN CLUBS TWO,0.6062,0.0116,0.3822
CLUBS FIVE CLUBS TWO,0.5786,0.008,0.4134
CLUBS TEN CLUBS JACK,0.5136,0.0062,0.4802
DIAMONDS FOUR DIAMONDS SIX,0.654,0.0274,0.3186
CLUBS TEN CLUBS QUEEN,0.5202,0.0072,0.4726
DIAMONDS FOUR DIAMONDS SEVEN,0.6556,0.0294,0.315
CLUBS TEN CLUBS KING,0.2344,0.113,0.6526
CLUBS TEN CLUBS ACE,0.3392,0.0048,0.656
CLUBS EIGHT CLUBS TWO,0.6028,0.011,0.3862
DIAMONDS FIVE DIAMONDS FOUR,0.6374,0.0266,0.336
CLUBS NINE CLUBS TWO,0.5972,0.0082,0.3946
DIAMONDS NINE DIAMONDS FOUR,0.689,0.0296,0.2814
DIAMONDS EIGHT DIAMONDS FOUR,0.664,0.0306,0.3054
CLUBS THREE CLUBS TWO,0.6186,0.0092,0.3722
DIAMONDS NINE DIAMONDS FIVE,0.546,0.0094,0.4446
CLUBS JACK DIAMONDS TWO,0.6328,0.0076,0.3596
DIAMONDS EIGHT DIAMONDS FIVE,0.541,0.0078,0.4512
CLUBS TEN DIAMONDS TWO,0.619,0.0104,0.3706
DIAMONDS FIVE DIAMONDS SEVEN,0.5404,0.0074,0.4522
DIAMONDS FIVE DIAMONDS SIX,0.5414,0.0102,0.4484
DIAMONDS TWO CLUBS ACE,0.3682,0.0052,0.6266
DIAMONDS TWO CLUBS KING,0.2708,0.5148,0.2144
DIAMONDS TWO CLUBS QUEEN,0.6324,0.0082,0.3594
DIAMONDS EIGHT DIAMONDS SIX,0.5388,0.0084,0.4528
DIAMONDS NINE DIAMONDS SIX,0.5336,0.0076,0.4588
HEARTS ACE SPADES THREE,0.3658,0.0048,0.6294
DIAMONDS SEVEN DIAMONDS SIX,0.5316,0.0082,0.4602
SPADES THREE HEARTS QUEEN,0.6364,0.008,0.3556
HEARTS JACK SPADES THREE,0.6352,0.0084,0.3564
SPADES THREE HEARTS TEN,0.6366,0.0068,0.3566
DIAMONDS EIGHT DIAMONDS SEVEN,0.5336,0.0092,0.4572
DIAMONDS NINE DIAMONDS SEVEN,0.527,0.0098,0.4632
DIAMONDS NINE DIAMONDS EIGHT,0.5098,0.006,0.4842
DIAMONDS KING HEARTS TEN,0.2378,0.1212,0.641
HEARTS THREE HEARTS TEN,0.6002,0.0082,0.3916
SPADES JACK CLUBS SIX,0.5984,0.0078,0.3938
DIAMONDS KING HEARTS JACK,0.2466,0.092,0.6614
HEARTS THREE HEARTS JACK,0.5978,0.0054,0.3968
SPADES TEN CLUBS SIX,0.588,0.007,0.405
SPADES JACK SPADES FIVE,0.5584,0.0076,0.434
SPADES TEN SPADES FIVE,0.5616,0.0064,0.432
DIAMONDS KING HEARTS ACE,0.2286,0.0142,0.7572
HEARTS THREE HEARTS ACE,0.3602,0.0068,0.633
SPADES ACE CLUBS SIX,0.3464,0.0044,0.6492
DIAMONDS KING HEARTS QUEEN,0.249,0.062,0.689
HEARTS THREE HEARTS QUEEN,0.6068,0.0082,0.385
SPADES KING CLUBS SIX,0.2156,0.3698,0.4146
SPADES QUEEN CLUBS SIX,0.5908,0.0082,0.401
SPADES NINE HEARTS TEN,0.542,0.0078,0.4502
SPADES NINE HEARTS JACK,0.567,0.0058,0.4272
SPADES QUEEN SPADES FIVE,0.5666,0.0064,0.427
SPADES KING SPADES FIVE,0.2026,0.4314,0.366
SPADES ACE SPADES FIVE,0.3198,0.0054,0.6748
SPADES NINE HEARTS QUEEN,0.5682,0.0074,0.4244
SPADES NINE HEARTS ACE,0.356,0.0042,0.6398
CLUBS TEN SPADES JACK,0.5264,0.0074,0.4662
CLUBS TEN SPADES TEN,0.3026,0.007,0.6904
SPADES ACE CLUBS TEN,0.3492,0.006,0.6448
CLUBS TEN SPADES KING,0.233,0.1094,0.6576
CLUBS TEN SPADES QUEEN,0.5514,0.0078,0.4408
SPADES FIVE HEARTS QUEEN,0.62,0.0082,0.3718
HEARTS ACE SPADES FIVE,0.3362,0.0076,0.6562
CLUBS EIGHT SPADES TEN,0.5582,0.0066,0.4352
HEARTS THREE SPADES JACK,0.6298,0.0102,0.36
SPADES JACK DIAMONDS KING,0.2384,0.0854,0.6762
SPADES TEN DIAMONDS KING,0.2342,0.1136,0.6522
HEARTS THREE SPADES TEN,0.6346,0.0096,0.3558
CLUBS EIGHT SPADES JACK,0.5778,0.008,0.4142
CLUBS SIX HEARTS ACE,0.3466,0.0046,0.6488
SPADES ACE CLUBS EIGHT,0.3526,0.0052,0.6422
CLUBS JACK HEARTS FIVE,0.5922,0.0088,0.399
CLUBS TEN HEARTS FIVE,0.6046,0.0066,0.3888
CLUBS SIX HEARTS QUEEN,0.6052,0.0074,0.3874
SPADES QUEEN CLUBS EIGHT,0.579,0.0068,0.4142
CLUBS TEN SPADES THREE,0.6244,0.0078,0.3678
SPADES KING CLUBS EIGHT,0.2292,0.235,0.5358
CLUBS JACK SPADES THREE,0.627,0.0098,0.3632
DIAMONDS TWO HEARTS JACK,0.6338,0.0098,0.3564
SPADES THREE CLUBS QUEEN,0.6268,0.0096,0.3636
DIAMONDS TWO HEARTS TEN,0.6356,0.0084,0.356
SPADES THREE CLUBS KING,0.2574,0.5196,0.223
HEARTS FIVE CLUBS ACE,0.3426,0.0052,0.6522
SPADES FIVE HEARTS TEN,0.6254,0.0084,0.3662
SPADES THREE CLUBS ACE,0.3754,0.0062,0.6184
HEARTS FIVE CLUBS KING,0.2228,0.4592,0.318
SPADES FIVE HEARTS JACK,0.6024,0.007,0.3906
HEARTS FIVE CLUBS QUEEN,0.6062,0.0114,0.3824
HEARTS THREE CLUBS KING,0.2636,0.5218,0.2146
DIAMONDS KING CLUBS KING,0.0662,0.015,0.9188
HEARTS THREE CLUBS QUEEN,0.6428,0.0096,0.3476
DIAMONDS KING CLUBS QUEEN,0.2334,0.0652,0.7014
HEARTS FIVE HEARTS JACK,0.5734,0.01,0.4166
HEARTS FIVE HEARTS TEN,0.5762,0.008,0.4158
HEARTS THREE CLUBS ACE,0.381,0.004,0.615
DIAMONDS KING CLUBS ACE,0.2292,0.0126,0.7582
SPADES ACE CLUBS QUEEN,0.345,0.0024,0.6526
SPADES KING CLUBS QUEEN,0.2382,0.061,0.7008
CLUBS JACK HEARTS THREE,0.6368,0.0082,0.355
CLUBS JACK DIAMONDS KING,0.2368,0.093,0.6702
SPADES QUEEN CLUBS QUEEN,0.2874,0.0034,0.7092
CLUBS TEN HEARTS THREE,0.6292,0.0104,0.3604
CLUBS TEN DIAMONDS KING,0.24,0.1122,0.6478
SPADES JACK CLUBS QUEEN,0.5658,0.0066,0.4276
CLUBS SIX CLUBS QUEEN,0.5568,0.0086,0.4346
SPADES TEN CLUBS QUEEN,0.5516,0.0064,0.442
CLUBS SIX CLUBS KING,0.2166,0.3658,0.4176
CLUBS SIX CLUBS ACE,0.3424,0.0042,0.6534
HEARTS FIVE HEARTS QUEEN,0.586,0.0078,0.4062
CLUBS TEN CLUBS SIX,0.5602,0.0094,0.4304
HEARTS FIVE HEARTS ACE,0.33,0.0072,0.6628
CLUBS JACK CLUBS SIX,0.5616,0.008,0.4304
SPADES SEVEN HEARTS JACK,0.5946,0.0056,0.3998
SPADES SEVEN HEARTS TEN,0.5674,0.009,0.4236
DIAMONDS TWO CLUBS TWO,0.4534,0.0184,0.5282
DIAMONDS TWO CLUBS THREE,0.651,0.0112,0.3378
HEARTS SIX DIAMONDS TWO,0.6344,0.0092,0.3564
DIAMONDS TWO HEARTS QUEEN,0.6398,0.009,0.3512
DIAMONDS TWO HEARTS SEVEN,0.6492,0.0088,0.342
DIAMONDS TWO HEARTS EIGHT,0.6358,0.0082,0.356
DIAMONDS TWO HEARTS ACE,0.374,0.0074,0.6186
DIAMONDS TWO HEARTS NINE,0.627,0.009,0.364
DIAMONDS TWO DIAMONDS QUEEN,0.5884,0.0092,0.4024
DIAMONDS TWO HEARTS TWO,0.4446,0.0178,0.5376
DIAMONDS TWO DIAMONDS KING,0.2522,0.4772,0.2706
HEARTS THREE DIAMONDS TWO,0.65,0.01,0.34
DIAMONDS TWO DIAMONDS ACE,0.3674,0.0066,0.626
HEARTS FOUR DIAMONDS TWO,0.7078,0.0448,0.2474
DIAMONDS TWO HEARTS FIVE,0.6206,0.009,0.3704
SPADES SEVEN HEARTS ACE,0.351,0.0052,0.6438
DIAMONDS TWO DIAMONDS TEN,0.5782,0.0114,0.4104
DIAMONDS TWO DIAMONDS JACK,0.5846,0.006,0.4094
SPADES SEVEN HEARTS QUEEN,0.5978,0.0066,0.3956
DIAMONDS TWO SPADES NINE,0.62,0.009,0.371
DIAMONDS TWO SPADES EIGHT,0.6314,0.0094,0.3592
DIAMONDS TWO SPADES SEVEN,0.6386,0.0076,0.3538
DIAMONDS TWO SPADES SIX,0.6264,0.009,0.3646
DIAMONDS TWO SPADES FIVE,0.6218,0.0072,0.371
DIAMONDS TWO SPADES FOUR,0.7164,0.0356,0.248
DIAMONDS TWO SPADES THREE,0.649,0.0104,0.3406
DIAMONDS TWO SPADES TWO,0.4438,0.0228,0.5334
DIAMONDS TWO CLUBS NINE,0.6282,0.0104,0.3614
CLUBS EIGHT DIAMONDS TWO,0.6262,0.0094,0.3644
DIAMONDS TWO CLUBS SEVEN,0.6374,0.008,0.3546
DIAMONDS TWO CLUBS SIX,0.6294,0.0122,0.3584
DIAMONDS TWO CLUBS FIVE,0.626,0.0082,0.3658
SPADES ACE DIAMONDS SIX,0.3624,0.0044,0.6332
SPADES QUEEN DIAMONDS SIX,0.5952,0.0054,0.3994
SPADES KING DIAMONDS SIX,0.2254,0.3828,0.3918
SPADES TEN DIAMONDS SIX,0.5844,0.0078,0.4078
SPADES JACK DIAMONDS SIX,0.607,0.0086,0.3844
SPADES QUEEN SPADES TWO,0.581,0.0052,0.4138
SPADES KING SPADES TWO,0.2624,0.4778,0.2598
SPADES ACE SPADES TWO,0.3542,0.004,0.6418
CLUBS JACK DIAMONDS JACK,0.2852,0.006,0.7088
CLUBS TEN DIAMONDS JACK,0.531,0.0062,0.4628
DIAMONDS JACK CLUBS KING,0.241,0.0874,0.6716
DIAMONDS JACK CLUBS QUEEN,0.5496,0.0076,0.4428
DIAMONDS THREE DIAMONDS JACK,0.5822,0.008,0.4098
DIAMONDS THREE DIAMONDS TEN,0.5812,0.0064,0.4124
DIAMONDS JACK CLUBS ACE,0.3444,0.0038,0.6518
DIAMONDS THREE DIAMONDS KING,0.2418,0.4886,0.2696
HEARTS THREE DIAMONDS THREE,0.4448,0.019,0.5362
DIAMONDS THREE DIAMONDS QUEEN,0.5896,0.0094,0.401
DIAMONDS THREE HEARTS TWO,0.649,0.0104,0.3406
HEARTS FIVE DIAMONDS THREE,0.6134,0.0102,0.3764
DIAMONDS THREE DIAMONDS ACE,0.3524,0.005,0.6426
HEARTS FOUR DIAMONDS THREE,0.6956,0.0364,0.268
DIAMONDS THREE HEARTS SEVEN,0.622,0.01,0.368
SPADES TEN SPADES NINE,0.5116,0.0072,0.4812
HEARTS SIX DIAMONDS THREE,0.615,0.0114,0.3736
SPADES JACK SPADES NINE,0.523,0.0064,0.4706
DIAMONDS THREE HEARTS NINE,0.6392,0.0108,0.35
HEARTS JACK DIAMONDS FOUR,0.722,0.0392,0.2388
SPADES TEN SPADES TWO,0.5888,0.008,0.4032
DIAMONDS THREE HEARTS EIGHT,0.6412,0.0102,0.3486
HEARTS TEN DIAMONDS FOUR,0.7272,0.0338,0.239
SPADES JACK SPADES TWO,0.5858,0.0078,0.4064
HEARTS QUEEN DIAMONDS FOUR,0.7362,0.0358,0.228
SPADES ACE SPADES NINE,0.3364,0.0038,0.6598
HEARTS ACE DIAMONDS FOUR,0.2134,0.0282,0.7584
SPADES KING SPADES NINE,0.2308,0.1584,0.6108
SPADES QUEEN SPADES NINE,0.5378,0.0064,0.4558
DIAMONDS THREE SPADES NINE,0.6244,0.009,0.3666
DIAMONDS THREE SPADES EIGHT,0.6448,0.0088,0.3464
DIAMONDS THREE SPADES SEVEN,0.6308,0.008,0.3612
DIAMONDS THREE SPADES SIX,0.6114,0.0076,0.381
DIAMONDS THREE CLUBS SIX,0.614,0.0086,0.3774
CLUBS SIX CLUBS FIVE,0.5428,0.0094,0.4478
CLUBS ACE DIAMONDS FOUR,0.2294,0.0264,0.7442
DIAMONDS THREE CLUBS SEVEN,0.637,0.008,0.355
CLUBS SEVEN CLUBS FIVE,0.5488,0.0092,0.442
DIAMONDS FOUR CLUBS QUEEN,0.7372,0.036,0.2268
DIAMONDS THREE CLUBS FIVE,0.5994,0.0088,0.3918
DIAMONDS FOUR CLUBS KING,0.0092,0.9702,0.0206
DIAMONDS THREE CLUBS TWO,0.6494,0.0086,0.342
CLUBS TEN DIAMONDS FOUR,0.728,0.0322,0.2398
DIAMONDS THREE CLUBS THREE,0.4402,0.0178,0.542
CLUBS JACK DIAMONDS FOUR,0.7126,0.0368,0.2506
DIAMONDS THREE SPADES FOUR,0.689,0.0322,0.2788
DIAMONDS THREE SPADES FIVE,0.6014,0.008,0.3906
DIAMONDS THREE SPADES TWO,0.655,0.0118,0.3332
DIAMONDS THREE SPADES THREE,0.4504,0.0208,0.5288
CLUBS EIGHT DIAMONDS THREE,0.6356,0.0076,0.3568
CLUBS NINE DIAMONDS THREE,0.6236,0.0088,0.3676
SPADES SEVEN CLUBS ACE,0.3568,0.004,0.6392
SPADES SEVEN CLUBS QUEEN,0.5846,0.0072,0.4082
SPADES SEVEN CLUBS KING,0.2226,0.3088,0.4686
SPADES SEVEN CLUBS FIVE,0.5724,0.0106,0.417
CLUBS TEN SPADES SEVEN,0.5634,0.0082,0.4284
CLUBS FIVE SPADES SIX,0.5584,0.007,0.4346
CLUBS JACK SPADES SEVEN,0.5876,0.0054,0.407
SPADES NINE CLUBS FIVE,0.5744,0.0082,0.4174
SPADES EIGHT CLUBS FIVE,0.57,0.0098,0.4202
CLUBS FIVE SPADES THREE,0.6056,0.0104,0.384
CLUBS FIVE SPADES TWO,0.612,0.0096,0.3784
CLUBS FIVE SPADES FIVE,0.339,0.0142,0.6468
CLUBS FIVE SPADES FOUR,0.6696,0.0322,0.2982
CLUBS NINE CLUBS FIVE,0.558,0.008,0.434
CLUBS EIGHT CLUBS FIVE,0.5524,0.0072,0.4404
CLUBS ACE CLUBS QUEEN,0.339,0.0042,0.6568
CLUBS KING CLUBS QUEEN,0.2336,0.0664,0.7
DIAMONDS TEN DIAMONDS FOUR,0.6822,0.035,0.2828
CLUBS TEN DIAMONDS NINE,0.5464,0.0062,0.4474
DIAMONDS JACK DIAMONDS FOUR,0.682,0.0334,0.2846
CLUBS JACK DIAMONDS NINE,0.5474,0.0066,0.446
CLUBS JACK SPADES NINE,0.5508,0.0094,0.4398
CLUBS TEN SPADES NINE,0.5386,0.006,0.4554
DIAMONDS ACE DIAMONDS FOUR,0.2232,0.0246,0.7522
HEARTS FOUR DIAMONDS FOUR,0.308,0.029,0.663
DIAMONDS JACK HEARTS TEN,0.5454,0.007,0.4476
SPADES NINE CLUBS KING,0.2232,0.163,0.6138
DIAMONDS TWO SPADES TEN,0.623,0.009,0.368
DIAMONDS NINE CLUBS ACE,0.3524,0.0036,0.644
HEARTS FIVE DIAMONDS FOUR,0.6724,0.0348,0.2928
HEARTS JACK DIAMONDS JACK,0.2964,0.0062,0.6974
SPADES NINE CLUBS QUEEN,0.5652,0.007,0.4278
DIAMONDS TWO SPADES JACK,0.6462,0.0058,0.348
DIAMONDS QUEEN DIAMONDS FOUR,0.6938,0.0314,0.2748
HEARTS TWO DIAMONDS FOUR,0.7214,0.0376,0.241
DIAMONDS NINE CLUBS QUEEN,0.5558,0.008,0.4362
DIAMONDS KING DIAMONDS FOUR,0.021,0.9098,0.0692
HEARTS THREE DIAMONDS FOUR,0.6966,0.0364,0.267
SPADES NINE CLUBS ACE,0.3602,0.0038,0.636
DIAMONDS NINE CLUBS KING,0.228,0.1688,0.6032
HEARTS ACE DIAMONDS JACK,0.3452,0.0046,0.6502
SPADES ACE DIAMONDS TWO,0.379,0.0046,0.6164
DIAMONDS JACK HEARTS QUEEN,0.5648,0.004,0.4312
SPADES QUEEN DIAMONDS TWO,0.6388,0.0084,0.3528
SPADES KING DIAMONDS TWO,0.2726,0.5092,0.2182
SPADES JACK SPADES SEVEN,0.5434,0.0066,0.45
SPADES TEN SPADES SEVEN,0.5358,0.0056,0.4586
CLUBS SEVEN CLUBS THREE,0.587,0.0088,0.4042
CLUBS SIX CLUBS THREE,0.5816,0.009,0.4094
CLUBS THREE CLUBS FIVE,0.5706,0.0086,0.4208
CLUBS NINE CLUBS THREE,0.5988,0.0084,0.3928
CLUBS EIGHT CLUBS THREE,0.609,0.007,0.384
CLUBS THREE SPADES FIVE,0.6056,0.0114,0.383
CLUBS THREE SPADES FOUR,0.7044,0.0306,0.265
CLUBS THREE SPADES THREE,0.4348,0.0158,0.5494
CLUBS THREE SPADES TWO,0.6612,0.0106,0.3282
CLUBS THREE SPADES SIX,0.6294,0.0092,0.3614
CLUBS THREE SPADES SEVEN,0.6384,0.0108,0.3508
SPADES EIGHT CLUBS THREE,0.6462,0.0082,0.3456
SPADES NINE CLUBS THREE,0.634,0.0086,0.3574
SPADES TWO DIAMONDS FOUR,0.7048,0.0328,0.2624
SPADES THREE DIAMONDS FOUR,0.6932,0.0344,0.2724
SPADES FOUR DIAMONDS FOUR,0.3044,0.0298,0.6658
SPADES FIVE DIAMONDS FOUR,0.6744,0.0302,0.2954
SPADES SIX DIAMONDS FOUR,0.6974,0.0284,0.2742
SPADES SEVEN DIAMONDS FOUR,0.6916,0.0292,0.2792
SPADES EIGHT DIAMONDS FOUR,0.7088,0.035,0.2562
SPADES NINE DIAMONDS FOUR,0.7248,0.034,0.2412
CLUBS FIVE DIAMONDS FOUR,0.6758,0.0346,0.2896
CLUBS SEVEN DIAMONDS FOUR,0.6984,0.0296,0.272
CLUBS SIX DIAMONDS FOUR,0.6926,0.031,0.2764
CLUBS NINE DIAMONDS FOUR,0.7148,0.0354,0.2498
CLUBS EIGHT DIAMONDS FOUR,0.7032,0.0336,0.2632
DIAMONDS FOUR HEARTS SEVEN,0.7144,0.0334,0.2522
HEARTS SIX DIAMONDS FOUR,0.6878,0.0314,0.2808
HEARTS NINE DIAMONDS FOUR,0.73,0.03,0.24
DIAMONDS FOUR HEARTS EIGHT,0.7112,0.0362,0.2526
CLUBS THREE DIAMONDS FOUR,0.6948,0.0372,0.268
CLUBS TWO DIAMONDS FOUR,0.723,0.0352,0.2418
DIAMONDS TEN DIAMONDS FIVE,0.5594,0.0074,0.4332
DIAMONDS JACK DIAMONDS FIVE,0.5566,0.0068,0.4366
DIAMONDS NINE HEARTS QUEEN,0.5682,0.0052,0.4266
HEARTS ACE DIAMONDS NINE,0.3452,0.006,0.6488
DIAMONDS NINE HEARTS TEN,0.5438,0.007,0.4492
DIAMONDS NINE HEARTS JACK,0.551,0.0076,0.4414
CLUBS KING DIAMONDS SIX,0.2272,0.3726,0.4002
CLUBS QUEEN DIAMONDS SIX,0.602,0.0082,0.3898
CLUBS ACE DIAMONDS SIX,0.3686,0.0044,0.627
SPADES KING DIAMONDS FOUR,0.0246,0.957,0.0184
SPADES ACE SPADES SEVEN,0.3334,0.004,0.6626
SPADES QUEEN DIAMONDS FOUR,0.7268,0.0378,0.2354
SPADES QUEEN SPADES SEVEN,0.569,0.0054,0.4256
CLUBS JACK DIAMONDS SIX,0.602,0.0074,0.3906
SPADES KING SPADES SEVEN,0.2044,0.2922,0.5034
SPADES ACE DIAMONDS FOUR,0.2214,0.0262,0.7524
CLUBS TEN DIAMONDS SIX,0.5806,0.0066,0.4128
SPADES JACK DIAMONDS FOUR,0.7236,0.0372,0.2392
SPADES TEN DIAMONDS FOUR,0.7312,0.0364,0.2324
CLUBS SEVEN SPADES EIGHT,0.546,0.0084,0.4456
SPADES NINE CLUBS SEVEN,0.5558,0.0086,0.4356
CLUBS SEVEN SPADES SIX,0.5452,0.0074,0.4474
CLUBS SEVEN SPADES SEVEN,0.3192,0.014,0.6668
CLUBS SEVEN SPADES FIVE,0.5684,0.0102,0.4214
CLUBS SEVEN SPADES FOUR,0.7008,0.0292,0.27
CLUBS SEVEN SPADES THREE,0.6296,0.0068,0.3636
CLUBS SEVEN SPADES TWO,0.6418,0.0082,0.35
CLUBS NINE CLUBS SEVEN,0.5204,0.0062,0.4734
CLUBS EIGHT CLUBS SEVEN,0.5216,0.0104,0.468
HEARTS SIX DIAMONDS FIVE,0.5736,0.0102,0.4162
DIAMONDS FIVE HEARTS SEVEN,0.5784,0.0088,0.4128
DIAMONDS FIVE HEARTS EIGHT,0.5738,0.0094,0.4168
HEARTS NINE DIAMONDS FIVE,0.6012,0.0098,0.389
DIAMONDS QUEEN DIAMONDS FIVE,0.5648,0.006,0.4292
HEARTS TWO DIAMONDS FIVE,0.6296,0.0122,0.3582
DIAMONDS KING DIAMONDS FIVE,0.2144,0.4344,0.3512
HEARTS THREE DIAMONDS FIVE,0.6104,0.0114,0.3782
HEARTS QUEEN HEARTS EIGHT,0.564,0.0072,0.4288
DIAMONDS ACE DIAMONDS FIVE,0.3244,0.0064,0.6692
HEARTS FOUR DIAMONDS FIVE,0.6686,0.0306,0.3008
HEARTS FIVE DIAMONDS FIVE,0.3366,0.0226,0.6408
HEARTS ACE HEARTS EIGHT,0.3486,0.0042,0.6472
CLUBS FIVE DIAMONDS FIVE,0.341,0.0154,0.6436
CLUBS SIX DIAMONDS FIVE,0.559,0.008,0.433
CLUBS SEVEN DIAMONDS FIVE,0.5684,0.0074,0.4242
CLUBS TWO DIAMONDS FIVE,0.6312,0.0082,0.3606
CLUBS THREE DIAMONDS FIVE,0.6054,0.0076,0.387
SPADES THREE DIAMONDS FIVE,0.601,0.009,0.39
SPADES TWO DIAMONDS FIVE,0.6252,0.0084,0.3664
SPADES JACK DIAMONDS EIGHT,0.5866,0.0062,0.4072
SPADES FIVE DIAMONDS FIVE,0.3358,0.0156,0.6486
CLUBS TEN HEARTS JACK,0.5538,0.0094,0.4368
SPADES TEN DIAMONDS EIGHT,0.5782,0.0076,0.4142
SPADES FOUR DIAMONDS FIVE,0.666,0.0358,0.2982
CLUBS JACK HEARTS JACK,0.2876,0.0064,0.706
HEARTS JACK CLUBS QUEEN,0.5622,0.0062,0.4316
CLUBS NINE DIAMONDS FIVE,0.5846,0.0068,0.4086
CLUBS EIGHT DIAMONDS FIVE,0.5778,0.008,0.4142
HEARTS JACK CLUBS KING,0.229,0.09,0.681
HEARTS JACK CLUBS ACE,0.3538,0.004,0.6422
SPADES SEVEN DIAMONDS FIVE,0.5796,0.007,0.4134
SPADES KING DIAMONDS EIGHT,0.2482,0.2296,0.5222
SPADES QUEEN DIAMONDS EIGHT,0.5752,0.0056,0.4192
SPADES SIX DIAMONDS FIVE,0.57,0.0064,0.4236
SPADES NINE DIAMONDS FIVE,0.5802,0.0092,0.4106
SPADES EIGHT DIAMONDS FIVE,0.5838,0.0074,0.4088
SPADES ACE DIAMONDS EIGHT,0.3692,0.004,0.6268
DIAMONDS TEN DIAMONDS SIX,0.5586,0.0078,0.4336
HEARTS ACE DIAMONDS SEVEN,0.3568,0.0038,0.6394
DIAMONDS JACK DIAMONDS SIX,0.5734,0.0068,0.4198
HEARTS QUEEN DIAMONDS SEVEN,0.5942,0.0074,0.3984
DIAMONDS ACE DIAMONDS SIX,0.336,0.0034,0.6606
HEARTS FOUR DIAMONDS SIX,0.692,0.0292,0.2788
HEARTS JACK SPADES TWO,0.6352,0.0106,0.3542
HEARTS FIVE DIAMONDS SIX,0.5862,0.0096,0.4042
SPADES TWO HEARTS TEN,0.6414,0.0064,0.3522
DIAMONDS QUEEN DIAMONDS SIX,0.5608,0.0082,0.431
HEARTS TWO DIAMONDS SIX,0.6422,0.0092,0.3486
DIAMONDS KING DIAMONDS SIX,0.2172,0.3476,0.4352
HEARTS THREE DIAMONDS SIX,0.6284,0.0088,0.3628
HEARTS EIGHT DIAMONDS SIX,0.5752,0.0066,0.4182
HEARTS NINE DIAMONDS SIX,0.5822,0.0088,0.409
HEARTS SIX DIAMONDS SIX,0.3486,0.0138,0.6376
HEARTS SEVEN DIAMONDS SIX,0.5634,0.0082,0.4284
HEARTS TEN DIAMONDS SEVEN,0.576,0.0054,0.4186
CLUBS TWO DIAMONDS SIX,0.6356,0.0078,0.3566
HEARTS JACK DIAMONDS SEVEN,0.5786,0.0042,0.4172
CLUBS THREE DIAMONDS SIX,0.6142,0.0076,0.3782
CLUBS SEVEN DIAMONDS SIX,0.556,0.0074,0.4366
CLUBS JACK DIAMONDS EIGHT,0.5646,0.0086,0.4268
CLUBS SIX DIAMONDS SIX,0.3238,0.016,0.6602
CLUBS TEN DIAMONDS EIGHT,0.5586,0.009,0.4324
CLUBS FIVE DIAMONDS SIX,0.5686,0.0044,0.427
HEARTS ACE HEARTS JACK,0.3286,0.0038,0.6676
DIAMONDS EIGHT CLUBS ACE,0.3578,0.0038,0.6384
HEARTS JACK HEARTS QUEEN,0.5372,0.0088,0.454
DIAMONDS EIGHT CLUBS KING,0.2328,0.2332,0.534
CLUBS NINE DIAMONDS SIX,0.5872,0.0078,0.405
CLUBS EIGHT DIAMONDS SIX,0.5822,0.0094,0.4084
DIAMONDS EIGHT CLUBS QUEEN,0.577,0.006,0.417
SPADES FIVE DIAMONDS SIX,0.5706,0.0084,0.421
HEARTS ACE SPADES TWO,0.3756,0.0064,0.618
SPADES FOUR DIAMONDS SIX,0.6912,0.0282,0.2806
SPADES THREE DIAMONDS SIX,0.6166,0.0078,0.3756
HEARTS QUEEN SPADES TWO,0.6428,0.0098,0.3474
SPADES ACE SPADES KING,0.2152,0.013,0.7718
SPADES TWO DIAMONDS SIX,0.6394,0.0084,0.3522
HEARTS TEN HEARTS EIGHT,0.5432,0.0078,0.449
SPADES NINE DIAMONDS SIX,0.5734,0.008,0.4186
HEARTS JACK HEARTS EIGHT,0.547,0.0116,0.4414
SPADES EIGHT DIAMONDS SIX,0.5744,0.006,0.4196
SPADES SEVEN DIAMONDS SIX,0.5764,0.0078,0.4158
SPADES SIX DIAMONDS SIX,0.3398,0.0154,0.6448
CLUBS ACE CLUBS KING,0.2106,0.0138,0.7756
SPADES ACE HEARTS JACK,0.3596,0.007,0.6334
SPADES QUEEN HEARTS JACK,0.5596,0.0092,0.4312
SPADES KING HEARTS JACK,0.2496,0.09,0.6604
SPADES TEN DIAMONDS TEN,0.2982,0.0062,0.6956
SPADES JACK DIAMONDS TEN,0.5498,0.0058,0.4444
SPADES ACE DIAMONDS TEN,0.3428,0.0044,0.6528
SPADES JACK HEARTS JACK,0.2824,0.0044,0.7132
SPADES TEN HEARTS JACK,0.5384,0.0066,0.455
SPADES QUEEN DIAMONDS TEN,0.5554,0.0048,0.4398
SPADES KING DIAMONDS TEN,0.238,0.1128,0.6492
SPADES NINE DIAMONDS SEVEN,0.5554,0.01,0.4346
SPADES EIGHT DIAMONDS SEVEN,0.5488,0.0064,0.4448
SPADES SEVEN DIAMONDS SEVEN,0.3226,0.0154,0.662
SPADES SIX DIAMONDS SEVEN,0.5652,0.0056,0.4292
DIAMONDS KING DIAMONDS SEVEN,0.209,0.272,0.519
HEARTS THREE DIAMONDS SEVEN,0.6214,0.0082,0.3704
DIAMONDS QUEEN DIAMONDS SEVEN,0.549,0.0082,0.4428
HEARTS TWO DIAMONDS SEVEN,0.6372,0.01,0.3528
HEARTS QUEEN DIAMONDS FIVE,0.5934,0.0094,0.3972
HEARTS FIVE DIAMONDS SEVEN,0.5756,0.0096,0.4148
DIAMONDS ACE DIAMONDS SEVEN,0.3408,0.0042,0.655
HEARTS FOUR DIAMONDS SEVEN,0.7044,0.029,0.2666
HEARTS ACE DIAMONDS FIVE,0.3292,0.0048,0.666
HEARTS SEVEN DIAMONDS SEVEN,0.348,0.0132,0.6388
HEARTS SIX DIAMONDS SEVEN,0.562,0.0082,0.4298
HEARTS NINE DIAMONDS SEVEN,0.5574,0.0092,0.4334
DIAMONDS SEVEN HEARTS EIGHT,0.5604,0.006,0.4336
DIAMONDS JACK DIAMONDS SEVEN,0.543,0.0096,0.4474
HEARTS JACK DIAMONDS FIVE,0.6084,0.0084,0.3832
DIAMONDS TEN DIAMONDS SEVEN,0.5352,0.009,0.4558
DIAMONDS FIVE HEARTS TEN,0.5982,0.01,0.3918
CLUBS EIGHT DIAMONDS SEVEN,0.5594,0.0102,0.4304
SPADES KING CLUBS TWO,0.2794,0.5094,0.2112
SPADES QUEEN CLUBS TWO,0.6324,0.0118,0.3558
CLUBS NINE DIAMONDS SEVEN,0.5628,0.006,0.4312
CLUBS JACK SPADES TWO,0.632,0.0072,0.3608
CLUBS SIX CLUBS SEVEN,0.5296,0.0096,0.4608
SPADES ACE CLUBS TWO,0.3738,0.004,0.6222
CLUBS TEN SPADES TWO,0.6324,0.009,0.3586
SPADES TWO CLUBS KING,0.262,0.5076,0.2304
SPADES TWO DIAMONDS SEVEN,0.634,0.0094,0.3566
CLUBS EIGHT CLUBS SIX,0.5402,0.0092,0.4506
SPADES THREE DIAMONDS SEVEN,0.6218,0.0092,0.369
SPADES TWO CLUBS QUEEN,0.6348,0.0094,0.3558
CLUBS NINE CLUBS SIX,0.542,0.008,0.45
SPADES FOUR DIAMONDS SEVEN,0.697,0.026,0.277
SPADES FIVE DIAMONDS SEVEN,0.5768,0.0076,0.4156
SPADES TWO CLUBS ACE,0.3666,0.0048,0.6286
CLUBS SIX SPADES TWO,0.6306,0.0092,0.3602
CLUBS SIX SPADES THREE,0.616,0.0106,0.3734
CLUBS TWO DIAMONDS SEVEN,0.651,0.0108,0.3382
CLUBS SIX SPADES FOUR,0.6882,0.0282,0.2836
CLUBS THREE DIAMONDS SEVEN,0.6298,0.0062,0.364
CLUBS SIX SPADES FIVE,0.5664,0.0102,0.4234
CLUBS SIX SPADES SIX,0.3234,0.0158,0.6608
CLUBS FIVE DIAMONDS SEVEN,0.5786,0.0088,0.4126
CLUBS SIX SPADES SEVEN,0.5666,0.0076,0.4258
CLUBS SIX DIAMONDS SEVEN,0.556,0.0084,0.4356
CLUBS SIX SPADES EIGHT,0.5732,0.008,0.4188
SPADES JACK CLUBS TWO,0.6378,0.0072,0.355
CLUBS SEVEN DIAMONDS SEVEN,0.3318,0.0146,0.6536
CLUBS SIX SPADES NINE,0.5804,0.0074,0.4122
SPADES TEN CLUBS TWO,0.6346,0.0092,0.3562
CLUBS TWO CLUBS QUEEN,0.6078,0.0072,0.385
CLUBS TWO CLUBS KING,0.2636,0.4924,0.244
CLUBS THREE DIAMONDS EIGHT,0.6452,0.007,0.3478
CLUBS TWO CLUBS ACE,0.3638,0.0048,0.6314
CLUBS TWO DIAMONDS EIGHT,0.637,0.0104,0.3526
DIAMONDS EIGHT HEARTS SEVEN,0.5506,0.006,0.4434
HEARTS SIX DIAMONDS EIGHT,0.5532,0.0094,0.4374
DIAMONDS EIGHT HEARTS NINE,0.5472,0.0104,0.4424
CLUBS TEN CLUBS TWO,0.6,0.0082,0.3918
DIAMONDS EIGHT HEARTS EIGHT,0.3284,0.0102,0.6614
CLUBS JACK CLUBS TWO,0.6026,0.011,0.3864
CLUBS NINE DIAMONDS EIGHT,0.5506,0.0086,0.4408
CLUBS EIGHT DIAMONDS EIGHT,0.3078,0.0122,0.68
CLUBS FIVE DIAMONDS EIGHT,0.5894,0.0082,0.4024
SPADES ACE SPADES THREE,0.3504,0.0036,0.646
CLUBS SEVEN DIAMONDS EIGHT,0.5618,0.007,0.4312
SPADES QUEEN SPADES THREE,0.5914,0.0086,0.4
CLUBS SIX DIAMONDS EIGHT,0.5696,0.0082,0.4222
SPADES KING SPADES THREE,0.2534,0.4744,0.2722
DIAMONDS QUEEN DIAMONDS EIGHT,0.5432,0.0064,0.4504
HEARTS TWO DIAMONDS EIGHT,0.6408,0.0094,0.3498
DIAMONDS KING DIAMONDS EIGHT,0.2206,0.2106,0.5688
HEARTS THREE DIAMONDS EIGHT,0.6432,0.0106,0.3462
DIAMONDS ACE DIAMONDS EIGHT,0.3308,0.0044,0.6648
HEARTS FOUR DIAMONDS EIGHT,0.721,0.0302,0.2488
HEARTS FIVE DIAMONDS EIGHT,0.5836,0.0084,0.408
DIAMONDS EIGHT DIAMONDS TEN,0.52,0.0056,0.4744
DIAMONDS EIGHT DIAMONDS JACK,0.5178,0.0096,0.4726
SPADES JACK SPADES THREE,0.5942,0.009,0.3968
SPADES TEN SPADES THREE,0.6008,0.01,0.3892
CLUBS SIX HEARTS TEN,0.5836,0.0074,0.409
CLUBS SIX HEARTS JACK,0.6134,0.006,0.3806
DIAMONDS EIGHT SPADES FOUR,0.7048,0.0348,0.2604
SPADES FIVE DIAMONDS EIGHT,0.5882,0.0056,0.4062
DIAMONDS EIGHT SPADES TWO,0.6328,0.01,0.3572
DIAMONDS EIGHT SPADES THREE,0.6322,0.0068,0.361
SPADES EIGHT DIAMONDS EIGHT,0.3312,0.0126,0.6562
SPADES TEN DIAMONDS QUEEN,0.5622,0.0052,0.4326
SPADES TEN HEARTS TWO,0.6382,0.0086,0.3532
SPADES JACK HEARTS EIGHT,0.5836,0.0076,0.4088
SPADES NINE DIAMONDS EIGHT,0.5526,0.0074,0.44
SPADES TEN HEARTS EIGHT,0.5672,0.004,0.4288
SPADES JACK HEARTS TWO,0.6496,0.0068,0.3436
SPADES JACK DIAMONDS QUEEN,0.5646,0.0046,0.4308
SPADES SIX DIAMONDS EIGHT,0.56,0.0066,0.4334
SPADES SEVEN DIAMONDS EIGHT,0.5586,0.0076,0.4338
SPADES ACE HEARTS TWO,0.3894,0.0054,0.6052
SPADES ACE DIAMONDS QUEEN,0.3538,0.005,0.6412
SPADES ACE HEARTS EIGHT,0.3604,0.004,0.6356
SPADES KING HEARTS EIGHT,0.2444,0.2246,0.531
SPADES QUEEN HEARTS TWO,0.6444,0.0112,0.3444
SPADES QUEEN DIAMONDS QUEEN,0.2846,0.002,0.7134
SPADES KING DIAMONDS QUEEN,0.241,0.0624,0.6966
SPADES KING HEARTS TWO,0.2716,0.522,0.2064
SPADES QUEEN HEARTS EIGHT,0.5816,0.0078,0.4106
CLUBS TWO HEARTS TEN,0.64,0.0102,0.3498
CLUBS TWO HEARTS JACK,0.6514,0.0076,0.341
SPADES SEVEN DIAMONDS NINE,0.563,0.0056,0.4314
SPADES SIX DIAMONDS NINE,0.57,0.0084,0.4216
SPADES NINE DIAMONDS NINE,0.3154,0.0098,0.6748
SPADES EIGHT DIAMONDS NINE,0.5326,0.0056,0.4618
SPADES TEN CLUBS KING,0.2316,0.1178,0.6506
DIAMONDS NINE SPADES THREE,0.6336,0.006,0.3604
SPADES JACK CLUBS KING,0.2288,0.0864,0.6848
DIAMONDS NINE SPADES TWO,0.6304,0.011,0.3586
DIAMONDS NINE SPADES FIVE,0.5918,0.0066,0.4016
DIAMONDS NINE SPADES FOUR,0.7204,0.0298,0.2498
CLUBS NINE DIAMONDS NINE,0.297,0.0082,0.6948
CLUBS EIGHT DIAMONDS NINE,0.5416,0.0056,0.4528
CLUBS SIX DIAMONDS NINE,0.5746,0.0088,0.4166
CLUBS SEVEN DIAMONDS NINE,0.5416,0.0054,0.453
CLUBS FIVE DIAMONDS NINE,0.5714,0.0084,0.4202
DIAMONDS NINE CLUBS TWO,0.6388,0.0092,0.352
CLUBS THREE DIAMONDS NINE,0.6314,0.0078,0.3608
DIAMONDS NINE HEARTS EIGHT,0.5446,0.0094,0.446
DIAMONDS NINE HEARTS NINE,0.3012,0.0106,0.6882
HEARTS SIX DIAMONDS NINE,0.5848,0.0062,0.409
DIAMONDS NINE HEARTS SEVEN,0.5632,0.0062,0.4306
CLUBS EIGHT CLUBS NINE,0.5388,0.0072,0.454
DIAMONDS ACE DIAMONDS NINE,0.3364,0.0044,0.6592
HEARTS FOUR DIAMONDS NINE,0.7184,0.0362,0.2454
HEARTS FIVE DIAMONDS NINE,0.596,0.0098,0.3942
HEARTS ACE CLUBS TWO,0.3846,0.0056,0.6098
DIAMONDS QUEEN DIAMONDS NINE,0.5172,0.0076,0.4752
HEARTS TWO DIAMONDS NINE,0.625,0.0088,0.3662
DIAMONDS KING DIAMONDS NINE,0.2134,0.1602,0.6264
HEARTS THREE DIAMONDS NINE,0.637,0.0082,0.3548
CLUBS TWO HEARTS QUEEN,0.6424,0.01,0.3476
DIAMONDS NINE DIAMONDS JACK,0.5254,0.0064,0.4682
CLUBS EIGHT SPADES NINE,0.5404,0.0076,0.452
DIAMONDS NINE DIAMONDS TEN,0.506,0.0064,0.4876
CLUBS EIGHT SPADES EIGHT,0.3178,0.012,0.6702
CLUBS EIGHT SPADES SEVEN,0.5592,0.0078,0.433
CLUBS EIGHT SPADES SIX,0.5532,0.0072,0.4396
CLUBS EIGHT SPADES FIVE,0.5822,0.009,0.4088
CLUBS EIGHT SPADES FOUR,0.7146,0.0304,0.255
CLUBS EIGHT SPADES THREE,0.6362,0.0106,0.3532
CLUBS EIGHT SPADES TWO,0.6366,0.0078,0.3556
HEARTS SIX DIAMONDS TEN,0.5946,0.0064,0.399
DIAMONDS TEN HEARTS SEVEN,0.5732,0.0066,0.4202
DIAMONDS TEN HEARTS EIGHT,0.5612,0.0084,0.4304
DIAMONDS TEN HEARTS NINE,0.545,0.0084,0.4466
CLUBS TWO DIAMONDS TEN,0.634,0.0096,0.3564
CLUBS THREE DIAMONDS TEN,0.6308,0.0058,0.3634
DIAMONDS JACK DIAMONDS TEN,0.5052,0.0064,0.4884
DIAMONDS QUEEN DIAMONDS TEN,0.5144,0.0066,0.479
HEARTS TWO DIAMONDS TEN,0.644,0.0056,0.3504
DIAMONDS KING DIAMONDS TEN,0.2278,0.1118,0.6604
HEARTS THREE DIAMONDS TEN,0.6324,0.0066,0.361
DIAMONDS ACE DIAMONDS TEN,0.3202,0.0062,0.6736
HEARTS FOUR DIAMONDS TEN,0.715,0.0354,0.2496
CLUBS EIGHT HEARTS JACK,0.5638,0.0086,0.4276
HEARTS FIVE DIAMONDS TEN,0.5936,0.0074,0.399
CLUBS EIGHT HEARTS TEN,0.5612,0.0102,0.4286
CLUBS EIGHT HEARTS QUEEN,0.5784,0.0098,0.4118
CLUBS EIGHT HEARTS ACE,0.3584,0.0052,0.6364
CLUBS NINE SPADES THREE,0.6188,0.0098,0.3714
CLUBS NINE SPADES TWO,0.6282,0.0112,0.3606
CLUBS NINE SPADES FIVE,0.5976,0.0084,0.394
CLUBS NINE SPADES FOUR,0.7254,0.0344,0.2402
CLUBS NINE SPADES SEVEN,0.5404,0.0082,0.4514
CLUBS NINE SPADES SIX,0.5754,0.0074,0.4172
CLUBS NINE SPADES NINE,0.3048,0.0104,0.6848
CLUBS TEN HEARTS EIGHT,0.565,0.0078,0.4272
CLUBS NINE SPADES EIGHT,0.5498,0.0084,0.4418
CLUBS JACK HEARTS EIGHT,0.5618,0.0086,0.4296
CLUBS QUEEN HEARTS EIGHT,0.5808,0.0076,0.4116
CLUBS KING HEARTS EIGHT,0.241,0.2236,0.5354
CLUBS ACE HEARTS EIGHT,0.349,0.0062,0.6448
SPADES KING CLUBS KING,0.0676,0.013,0.9194
SPADES QUEEN CLUBS KING,0.2444,0.0614,0.6942
SPADES ACE CLUBS KING,0.216,0.0126,0.7714
DIAMONDS ACE HEARTS TEN,0.3546,0.004,0.6414
HEARTS FOUR HEARTS TEN,0.7006,0.0334,0.266
DIAMONDS ACE HEARTS JACK,0.3576,0.0042,0.6382
HEARTS FOUR HEARTS JACK,0.6902,0.035,0.2748
SPADES KING CLUBS FIVE,0.219,0.4674,0.3136
SPADES QUEEN CLUBS FIVE,0.5852,0.009,0.4058
SPADES ACE CLUBS FIVE,0.3498,0.0038,0.6464
DIAMONDS JACK HEARTS SEVEN,0.5832,0.0074,0.4094
HEARTS SIX DIAMONDS JACK,0.6058,0.006,0.3882
DIAMONDS JACK HEARTS NINE,0.5656,0.006,0.4284
DIAMONDS JACK HEARTS EIGHT,0.5828,0.0062,0.411
DIAMONDS KING DIAMONDS JACK,0.2338,0.0816,0.6846
HEARTS THREE DIAMONDS JACK,0.627,0.0092,0.3638
SPADES ACE SPADES SIX,0.3332,0.0044,0.6624
HEARTS ACE SPADES FOUR,0.215,0.0284,0.7566
DIAMONDS QUEEN DIAMONDS JACK,0.5122,0.0046,0.4832
HEARTS TWO DIAMONDS JACK,0.6358,0.0104,0.3538
HEARTS FIVE DIAMONDS JACK,0.5982,0.0094,0.3924
SPADES QUEEN SPADES SIX,0.5636,0.0046,0.4318
SPADES FOUR HEARTS QUEEN,0.7366,0.0398,0.2236
DIAMONDS ACE DIAMONDS JACK,0.323,0.0054,0.6716
HEARTS FOUR DIAMONDS JACK,0.7296,0.0358,0.2346
SPADES KING SPADES SIX,0.2094,0.3628,0.4278
SPADES TEN SPADES SIX,0.5466,0.0066,0.4468
SPADES JACK SPADES SIX,0.5718,0.0074,0.4208
SPADES FOUR DIAMONDS JACK,0.7204,0.0322,0.2474
SPADES FIVE DIAMONDS JACK,0.5958,0.0058,0.3984
DIAMONDS JACK SPADES TWO,0.6318,0.0076,0.3606
DIAMONDS JACK SPADES THREE,0.6316,0.0074,0.361
SPADES ACE DIAMONDS THREE,0.387,0.0042,0.6088
CLUBS EIGHT DIAMONDS JACK,0.5744,0.0074,0.4182
SPADES QUEEN DIAMONDS THREE,0.6274,0.0086,0.364
SPADES KING DIAMONDS THREE,0.2576,0.5172,0.2252
CLUBS NINE DIAMONDS JACK,0.5412,0.0054,0.4534
CLUBS SIX DIAMONDS JACK,0.6104,0.008,0.3816
CLUBS SEVEN DIAMONDS JACK,0.574,0.0066,0.4194
CLUBS FIVE DIAMONDS JACK,0.5954,0.0074,0.3972
CLUBS TWO DIAMONDS JACK,0.643,0.0104,0.3466
CLUBS THREE DIAMONDS JACK,0.6318,0.009,0.3592
SPADES TEN CLUBS FIVE,0.5964,0.0056,0.398
HEARTS SIX SPADES JACK,0.5956,0.0074,0.397
HEARTS SIX SPADES TEN,0.5894,0.0094,0.4012
SPADES JACK CLUBS FIVE,0.5948,0.008,0.3972
SPADES JACK DIAMONDS THREE,0.6182,0.0104,0.3714
CLUBS SEVEN CLUBS ACE,0.3368,0.0058,0.6574
DIAMONDS THREE SPADES TEN,0.6274,0.0088,0.3638
CLUBS SEVEN CLUBS QUEEN,0.5554,0.006,0.4386
CLUBS SEVEN CLUBS KING,0.2214,0.2756,0.503
SPADES NINE DIAMONDS JACK,0.5486,0.0088,0.4426
CLUBS TEN CLUBS SEVEN,0.5436,0.0072,0.4492
DIAMONDS ACE HEARTS ACE,0.1166,0.0054,0.878
HEARTS FOUR HEARTS ACE,0.2234,0.0228,0.7538
SPADES EIGHT DIAMONDS JACK,0.5766,0.0068,0.4166
SPADES ACE HEARTS SIX,0.3618,0.0036,0.6346
CLUBS JACK CLUBS SEVEN,0.566,0.0086,0.4254
SPADES SEVEN DIAMONDS JACK,0.5814,0.0072,0.4114
SPADES KING HEARTS SIX,0.2194,0.3932,0.3874
DIAMONDS ACE HEARTS QUEEN,0.3516,0.0066,0.6418
HEARTS FOUR HEARTS QUEEN,0.7004,0.0378,0.2618
SPADES QUEEN HEARTS SIX,0.5856,0.0058,0.4086
SPADES SIX DIAMONDS JACK,0.5922,0.0064,0.4014
DIAMONDS TEN SPADES TWO,0.6402,0.008,0.3518
SPADES THREE DIAMONDS TEN,0.631,0.0068,0.3622
SPADES FOUR DIAMONDS TEN,0.7148,0.0368,0.2484
SPADES FIVE DIAMONDS TEN,0.6128,0.0074,0.3798
SPADES SIX DIAMONDS TEN,0.5966,0.006,0.3974
SPADES SEVEN DIAMONDS TEN,0.5758,0.0066,0.4176
SPADES EIGHT DIAMONDS TEN,0.5622,0.0072,0.4306
SPADES NINE DIAMONDS TEN,0.541,0.0076,0.4514
CLUBS FIVE DIAMONDS TEN,0.6018,0.0074,0.3908
CLUBS SIX DIAMONDS TEN,0.5824,0.0076,0.41
CLUBS SEVEN DIAMONDS TEN,0.5806,0.0072,0.4122
CLUBS EIGHT DIAMONDS TEN,0.5472,0.0082,0.4446
CLUBS NINE DIAMONDS TEN,0.556,0.0084,0.4356
CLUBS JACK DIAMONDS THREE,0.6152,0.0098,0.375
CLUBS TEN DIAMONDS THREE,0.621,0.0058,0.3732
DIAMONDS THREE CLUBS KING,0.2582,0.5282,0.2136
DIAMONDS THREE CLUBS QUEEN,0.628,0.005,0.367
DIAMONDS THREE CLUBS ACE,0.3786,0.0048,0.6166
SPADES FOUR HEARTS JACK,0.7318,0.0414,0.2268
SPADES FOUR HEARTS TEN,0.7278,0.0336,0.2386
SPADES FIVE SPADES TWO,0.5822,0.0082,0.4096
SPADES FOUR SPADES TWO,0.6768,0.0324,0.2908
SPADES THREE SPADES TWO,0.6,0.0068,0.3932
SPADES NINE SPADES TWO,0.5858,0.0066,0.4076
SPADES EIGHT SPADES TWO,0.598,0.007,0.395
SPADES SEVEN SPADES TWO,0.595,0.0112,0.3938
SPADES SIX SPADES TWO,0.5948,0.0086,0.3966
DIAMONDS QUEEN CLUBS THREE,0.6354,0.0084,0.3562
CLUBS THREE HEARTS TWO,0.6772,0.009,0.3138
DIAMONDS QUEEN CLUBS TWO,0.644,0.0088,0.3472
HEARTS TWO CLUBS TWO,0.454,0.0214,0.5246
DIAMONDS QUEEN HEARTS SEVEN,0.5988,0.0084,0.3928
HEARTS TWO HEARTS SEVEN,0.6076,0.009,0.3834
HEARTS SIX DIAMONDS QUEEN,0.6032,0.0062,0.3906
HEARTS SIX HEARTS TWO,0.6102,0.0102,0.3796
DIAMONDS QUEEN HEARTS NINE,0.5658,0.0058,0.4284
HEARTS TWO HEARTS NINE,0.6018,0.0096,0.3886
DIAMONDS QUEEN HEARTS EIGHT,0.6086,0.0074,0.384
HEARTS TWO HEARTS EIGHT,0.606,0.0112,0.3828
CLUBS NINE HEARTS TWO,0.6272,0.0098,0.363
CLUBS NINE DIAMONDS QUEEN,0.572,0.0064,0.4216
CLUBS EIGHT DIAMONDS QUEEN,0.588,0.006,0.406
CLUBS EIGHT HEARTS TWO,0.6224,0.01,0.3676
DIAMONDS QUEEN CLUBS FIVE,0.5846,0.0086,0.4068
HEARTS TWO CLUBS FIVE,0.6218,0.008,0.3702
SPADES EIGHT HEARTS ACE,0.3586,0.0028,0.6386
CLUBS SEVEN DIAMONDS QUEEN,0.5866,0.0054,0.408
CLUBS SEVEN HEARTS TWO,0.6392,0.0112,0.3496
SPADES EIGHT HEARTS QUEEN,0.5786,0.0088,0.4126
CLUBS SIX DIAMONDS QUEEN,0.582,0.0078,0.4102
CLUBS SIX HEARTS TWO,0.6444,0.0102,0.3454
HEARTS TWO SPADES SIX,0.6314,0.0088,0.3598
DIAMONDS QUEEN SPADES SIX,0.5898,0.0074,0.4028
HEARTS FOUR CLUBS QUEEN,0.7352,0.0388,0.226
DIAMONDS ACE CLUBS QUEEN,0.3564,0.0052,0.6384
DIAMONDS QUEEN SPADES SEVEN,0.6058,0.0066,0.3876
HEARTS TWO SPADES SEVEN,0.6472,0.0094,0.3434
HEARTS FOUR CLUBS KING,0.0068,0.9872,0.006
DIAMONDS ACE CLUBS KING,0.2268,0.0122,0.761
DIAMONDS QUEEN SPADES EIGHT,0.5874,0.008,0.4046
SPADES EIGHT HEARTS TWO,0.6346,0.0086,0.3568
HEARTS FOUR CLUBS ACE,0.2212,0.0282,0.7506
DIAMONDS ACE CLUBS ACE,0.1174,0.0056,0.877
SPADES NINE DIAMONDS QUEEN,0.5732,0.0072,0.4196
SPADES NINE HEARTS TWO,0.6296,0.0076,0.3628
HEARTS TWO SPADES TWO,0.4466,0.023,0.5304
DIAMONDS QUEEN SPADES TWO,0.6366,0.0078,0.3556
HEARTS TWO SPADES THREE,0.6386,0.0106,0.3508
DIAMONDS QUEEN SPADES THREE,0.6308,0.0066,0.3626
HEARTS TWO SPADES FOUR,0.71,0.0352,0.2548
DIAMONDS QUEEN SPADES FOUR,0.726,0.0376,0.2364
CLUBS TEN HEARTS FOUR,0.7204,0.0352,0.2444
CLUBS TEN DIAMONDS ACE,0.344,0.0072,0.6488
HEARTS TWO SPADES FIVE,0.6242,0.0096,0.3662
DIAMONDS QUEEN SPADES FIVE,0.6094,0.0072,0.3834
HEARTS FOUR CLUBS JACK,0.7356,0.0366,0.2278
CLUBS JACK DIAMONDS ACE,0.3492,0.003,0.6478
CLUBS FIVE CLUBS KING,0.2162,0.4286,0.3552
CLUBS FIVE CLUBS QUEEN,0.5742,0.007,0.4188
CLUBS FIVE CLUBS ACE,0.3146,0.0048,0.6806
CLUBS JACK CLUBS FIVE,0.571,0.0092,0.4198
CLUBS TEN CLUBS FIVE,0.5794,0.0076,0.413
SPADES KING CLUBS JACK,0.233,0.0946,0.6724
CLUBS JACK SPADES QUEEN,0.5528,0.0078,0.4394
SPADES ACE CLUBS JACK,0.3332,0.0036,0.6632
SPADES SIX CLUBS KING,0.2118,0.3884,0.3998
SPADES SIX CLUBS QUEEN,0.5962,0.0082,0.3956
SPADES EIGHT HEARTS JACK,0.5696,0.0072,0.4232
SPADES SIX CLUBS ACE,0.3668,0.0054,0.6278
SPADES EIGHT HEARTS TEN,0.5672,0.0068,0.426
CLUBS JACK SPADES SIX,0.5994,0.0072,0.3934
CLUBS TEN SPADES SIX,0.5766,0.0078,0.4156
CLUBS JACK SPADES TEN,0.534,0.005,0.461
CLUBS JACK SPADES JACK,0.2902,0.0062,0.7036
SPADES QUEEN CLUBS SEVEN,0.5852,0.0064,0.4084
SPADES KING CLUBS SEVEN,0.222,0.3076,0.4704
SPADES ACE CLUBS SEVEN,0.3512,0.0046,0.6442
SPADES SIX HEARTS TEN,0.594,0.0082,0.3978
SPADES SIX HEARTS JACK,0.6132,0.0052,0.3816
SPADES SIX HEARTS ACE,0.3496,0.005,0.6454
SPADES SIX HEARTS QUEEN,0.6092,0.007,0.3838
SPADES JACK CLUBS SEVEN,0.5796,0.007,0.4134
SPADES TEN CLUBS SEVEN,0.5742,0.0066,0.4192
CLUBS TEN HEARTS SIX,0.5876,0.007,0.4054
CLUBS JACK HEARTS SIX,0.6014,0.0084,0.3902
CLUBS JACK CLUBS ACE,0.334,0.005,0.661
HEARTS SIX CLUBS QUEEN,0.5904,0.0076,0.402
HEARTS SIX CLUBS KING,0.2224,0.3798,0.3978
HEARTS SIX CLUBS ACE,0.3584,0.0046,0.637
CLUBS JACK CLUBS QUEEN,0.516,0.008,0.476
CLUBS JACK CLUBS KING,0.2246,0.0792,0.6962
DIAMONDS THREE HEARTS ACE,0.3748,0.0068,0.6184
DIAMONDS THREE HEARTS QUEEN,0.646,0.0106,0.3434
CLUBS FIVE HEARTS JACK,0.599,0.0086,0.3924
SPADES TEN DIAMONDS ACE,0.3516,0.004,0.6444
HEARTS FOUR SPADES TEN,0.7338,0.0386,0.2276
CLUBS FIVE HEARTS TEN,0.6042,0.0126,0.3832
HEARTS FOUR SPADES JACK,0.731,0.0346,0.2344
SPADES JACK DIAMONDS ACE,0.3502,0.0046,0.6452
SPADES ACE HEARTS FOUR,0.2398,0.026,0.7342
SPADES ACE DIAMONDS ACE,0.123,0.0054,0.8716
CLUBS FIVE HEARTS ACE,0.3582,0.007,0.6348
HEARTS FOUR SPADES QUEEN,0.7282,0.0366,0.2352
SPADES QUEEN DIAMONDS ACE,0.3382,0.0048,0.657
CLUBS JACK SPADES FOUR,0.739,0.036,0.225
CLUBS FIVE HEARTS QUEEN,0.6044,0.0104,0.3852
SPADES KING DIAMONDS ACE,0.2318,0.0098,0.7584
HEARTS FOUR SPADES KING,0.0178,0.9716,0.0106
CLUBS TEN SPADES FOUR,0.7332,0.0336,0.2332
DIAMONDS QUEEN DIAMONDS ACE,0.3234,0.0042,0.6724
HEARTS TWO DIAMONDS ACE,0.3894,0.0054,0.6052
HEARTS FOUR DIAMONDS QUEEN,0.7458,0.0352,0.219
HEARTS FOUR HEARTS TWO,0.6798,0.0328,0.2874
DIAMONDS THREE HEARTS TEN,0.6472,0.0072,0.3456
SPADES FOUR CLUBS KING,0.0086,0.9752,0.0162
HEARTS FIVE DIAMONDS QUEEN,0.5958,0.0072,0.397
HEARTS FIVE HEARTS TWO,0.5962,0.011,0.3928
DIAMONDS THREE HEARTS JACK,0.6426,0.0074,0.35
SPADES FOUR CLUBS QUEEN,0.7428,0.0306,0.2266
DIAMONDS QUEEN HEARTS TWO,0.6414,0.0098,0.3488
DIAMONDS KING DIAMONDS QUEEN,0.2264,0.06,0.7136
DIAMONDS KING HEARTS TWO,0.2622,0.5204,0.2174
HEARTS THREE DIAMONDS QUEEN,0.6442,0.0066,0.3492
HEARTS THREE HEARTS TWO,0.5944,0.0118,0.3938
SPADES FOUR CLUBS ACE,0.2296,0.0278,0.7426
HEARTS TWO CLUBS ACE,0.377,0.0058,0.6172
DIAMONDS QUEEN CLUBS ACE,0.3582,0.004,0.6378
HEARTS TWO CLUBS QUEEN,0.6346,0.0094,0.356
DIAMONDS QUEEN CLUBS QUEEN,0.2752,0.0048,0.72
HEARTS TWO CLUBS KING,0.267,0.52,0.213
DIAMONDS QUEEN CLUBS KING,0.238,0.0666,0.6954
SPADES EIGHT SPADES FIVE,0.5428,0.0076,0.4496
CLUBS TEN HEARTS TWO,0.6376,0.011,0.3514
CLUBS TEN DIAMONDS QUEEN,0.5548,0.0046,0.4406
SPADES NINE SPADES FIVE,0.5356,0.007,0.4574
CLUBS JACK HEARTS TWO,0.6378,0.0096,0.3526
CLUBS JACK DIAMONDS QUEEN,0.5604,0.0072,0.4324
SPADES SIX SPADES FIVE,0.5346,0.0086,0.4568
SPADES SEVEN SPADES FIVE,0.5462,0.0088,0.445
DIAMONDS FIVE CLUBS QUEEN,0.5996,0.0082,0.3922
SPADES EIGHT CLUBS ACE,0.3634,0.0032,0.6334
DIAMONDS FIVE CLUBS KING,0.2102,0.4674,0.3224
SPADES EIGHT CLUBS KING,0.2232,0.2324,0.5444
DIAMONDS FIVE CLUBS ACE,0.3426,0.0048,0.6526
SPADES EIGHT CLUBS QUEEN,0.5804,0.0034,0.4162
CLUBS JACK SPADES EIGHT,0.5712,0.0066,0.4222
CLUBS TEN SPADES EIGHT,0.5642,0.0086,0.4272
CLUBS TEN DIAMONDS FIVE,0.5948,0.0102,0.395
CLUBS JACK DIAMONDS FIVE,0.5874,0.006,0.4066
HEARTS JACK DIAMONDS TEN,0.5564,0.0054,0.4382
DIAMONDS TEN HEARTS TEN,0.3058,0.0082,0.686
SPADES ACE CLUBS NINE,0.3562,0.0026,0.6412
SPADES QUEEN CLUBS NINE,0.5642,0.005,0.4308
SPADES KING CLUBS NINE,0.23,0.1564,0.6136
DIAMONDS KING SPADES SEVEN,0.2364,0.2992,0.4644
HEARTS THREE SPADES SEVEN,0.6292,0.01,0.3608
SPADES KING DIAMONDS SEVEN,0.2216,0.2962,0.4822
HEARTS SIX HEARTS QUEEN,0.5654,0.0062,0.4284
SPADES QUEEN DIAMONDS SEVEN,0.6072,0.0058,0.387
HEARTS THREE SPADES SIX,0.6166,0.0096,0.3738
DIAMONDS KING SPADES SIX,0.2262,0.3768,0.397
DIAMONDS KING SPADES NINE,0.2386,0.1634,0.598
HEARTS THREE SPADES NINE,0.641,0.0064,0.3526
HEARTS SIX HEARTS ACE,0.3458,0.0074,0.6468
DIAMONDS KING SPADES EIGHT,0.2358,0.2302,0.534
HEARTS THREE SPADES EIGHT,0.645,0.0072,0.3478
SPADES ACE DIAMONDS SEVEN,0.3632,0.003,0.6338
HEARTS THREE CLUBS NINE,0.6276,0.0096,0.3628
CLUBS NINE DIAMONDS KING,0.2422,0.171,0.5868
CLUBS EIGHT DIAMONDS KING,0.2364,0.2294,0.5342
HEARTS THREE CLUBS EIGHT,0.6194,0.0104,0.3702
HEARTS THREE SPADES THREE,0.4432,0.0172,0.5396
DIAMONDS KING SPADES THREE,0.269,0.5102,0.2208
HEARTS THREE SPADES TWO,0.6512,0.01,0.3388
DIAMONDS KING SPADES TWO,0.2634,0.5148,0.2218
