opposingHand,winningChance,drawChance,lostChance
CLUBS JACK SPADES FOUR
HEARTS FIVE SPADES TEN,0.5866,0.021,0.3924
SPADES JACK HEARTS FIVE,0.2164,0.4568,0.3268
SPADES FIVE CLUBS TEN,0.609,0.018,0.373
CLUBS EIGHT CLUBS TEN,0.5366,0.018,0.4454
CLUBS EIGHT CLUBS KING,0.3576,0.0082,0.6342
SPADES FIVE CLUBS ACE,0.3472,0.0054,0.6474
CLUBS EIGHT CLUBS QUEEN,0.3386,0.0124,0.649
SPADES FIVE CLUBS KING,0.3532,0.008,0.6388
SPADES FIVE CLUBS QUEEN,0.3468,0.0138,0.6394
CLUBS EIGHT CLUBS ACE,0.3334,0.006,0.6606
DIAMONDS TWO DIAMONDS THREE,0.594,0.0208,0.3852
DIAMONDS TWO DIAMONDS FIVE,0.5644,0.0184,0.4172
SPADES KING HEARTS FIVE,0.3418,0.007,0.6512
DIAMONDS TWO DIAMONDS FOUR,0.6436,0.0616,0.2948
SPADES QUEEN HEARTS FIVE,0.344,0.0108,0.6452
DIAMONDS TWO DIAMONDS SEVEN,0.5922,0.018,0.3898
DIAMONDS TWO DIAMONDS SIX,0.5792,0.0202,0.4006
SPADES ACE HEARTS FIVE,0.3676,0.0032,0.6292
DIAMONDS TWO DIAMONDS NINE,0.5818,0.0168,0.4014
DIAMONDS TWO DIAMONDS EIGHT,0.5744,0.0206,0.405
DIAMONDS THREE DIAMONDS FOUR,0.6184,0.063,0.3186
DIAMONDS THREE DIAMONDS FIVE,0.555,0.0154,0.4296
CLUBS TWO SPADES FIVE,0.6044,0.0228,0.3728
CLUBS TWO SPADES TWO,0.4066,0.053,0.5404
CLUBS TWO SPADES THREE,0.6368,0.0228,0.3404
DIAMONDS THREE DIAMONDS EIGHT,0.5736,0.018,0.4084
SPADES EIGHT CLUBS TWO,0.6114,0.0176,0.371
DIAMONDS THREE DIAMONDS NINE,0.5782,0.0198,0.402
SPADES NINE CLUBS TWO,0.6328,0.0176,0.3496
DIAMONDS THREE DIAMONDS SIX,0.5724,0.0184,0.4092
CLUBS TWO SPADES SIX,0.6198,0.0236,0.3566
DIAMONDS THREE DIAMONDS SEVEN,0.5762,0.0182,0.4056
CLUBS TWO SPADES SEVEN,0.6276,0.0226,0.3498
CLUBS SIX CLUBS TWO,0.601,0.019,0.38
CLUBS SEVEN CLUBS TWO,0.5906,0.0162,0.3932
CLUBS FOUR CLUBS TWO,0.6652,0.0624,0.2724
CLUBS FIVE CLUBS TWO,0.5854,0.022,0.3926
DIAMONDS FOUR DIAMONDS SIX,0.629,0.0534,0.3176
CLUBS QUEEN CLUBS TEN,0.326,0.009,0.665
DIAMONDS FOUR DIAMONDS SEVEN,0.6364,0.0546,0.309
CLUBS KING CLUBS TEN,0.3302,0.006,0.6638
CLUBS ACE CLUBS TEN,0.3258,0.0056,0.6686
CLUBS EIGHT CLUBS TWO,0.588,0.0208,0.3912
DIAMONDS FIVE DIAMONDS FOUR,0.6074,0.055,0.3376
CLUBS NINE CLUBS TWO,0.5992,0.0186,0.3822
DIAMONDS NINE DIAMONDS FOUR,0.662,0.0506,0.2874
DIAMONDS EIGHT DIAMONDS FOUR,0.6308,0.0628,0.3064
CLUBS TWO CLUBS THREE,0.6014,0.0206,0.378
DIAMONDS NINE DIAMONDS FIVE,0.5498,0.0174,0.4328
DIAMONDS EIGHT DIAMONDS FIVE,0.5356,0.0198,0.4446
DIAMONDS TWO CLUBS TEN,0.6288,0.0182,0.353
DIAMONDS FIVE DIAMONDS SEVEN,0.5266,0.0204,0.453
DIAMONDS FIVE DIAMONDS SIX,0.5242,0.0214,0.4544
DIAMONDS TWO CLUBS ACE,0.3812,0.0074,0.6114
DIAMONDS TWO CLUBS KING,0.3856,0.01,0.6044
DIAMONDS TWO CLUBS QUEEN,0.3966,0.0132,0.5902
DIAMONDS EIGHT DIAMONDS SIX,0.527,0.0182,0.4548
DIAMONDS NINE DIAMONDS SIX,0.5334,0.0158,0.4508
HEARTS ACE SPADES THREE,0.3826,0.0036,0.6138
HEARTS KING SPADES THREE,0.3892,0.0088,0.602
DIAMONDS SEVEN DIAMONDS SIX,0.5168,0.0174,0.4658
SPADES THREE HEARTS QUEEN,0.393,0.0136,0.5934
SPADES THREE HEARTS JACK,0.2652,0.5196,0.2152
SPADES THREE HEARTS TEN,0.6304,0.0204,0.3492
DIAMONDS EIGHT DIAMONDS SEVEN,0.5084,0.0166,0.475
DIAMONDS NINE DIAMONDS SEVEN,0.5162,0.0188,0.465
DIAMONDS NINE DIAMONDS EIGHT,0.509,0.018,0.473
DIAMONDS KING HEARTS TEN,0.3384,0.0064,0.6552
HEARTS THREE HEARTS TEN,0.5764,0.0196,0.404
CLUBS SIX SPADES JACK,0.2172,0.4044,0.3784
DIAMONDS KING HEARTS JACK,0.241,0.0296,0.7294
HEARTS THREE HEARTS JACK,0.249,0.4886,0.2624
CLUBS SIX SPADES TEN,0.5788,0.0202,0.401
SPADES JACK SPADES FIVE,0.2092,0.4472,0.3436
SPADES TEN SPADES FIVE,0.5694,0.0174,0.4132
DIAMONDS KING HEARTS ACE,0.3356,0.0032,0.6612
HEARTS THREE HEARTS ACE,0.3702,0.0048,0.625
SPADES ACE CLUBS SIX,0.3578,0.0044,0.6378
DIAMONDS KING HEARTS QUEEN,0.3222,0.0046,0.6732
HEARTS THREE HEARTS QUEEN,0.3762,0.008,0.6158
SPADES KING CLUBS SIX,0.3588,0.0082,0.633
DIAMONDS KING HEARTS KING,0.1536,0.0062,0.8402
HEARTS THREE HEARTS KING,0.3566,0.0062,0.6372
SPADES QUEEN CLUBS SIX,0.3626,0.0088,0.6286
SPADES NINE HEARTS TEN,0.5272,0.0168,0.456
SPADES NINE HEARTS JACK,0.2308,0.1646,0.6046
SPADES QUEEN SPADES FIVE,0.3386,0.0128,0.6486
SPADES KING SPADES FIVE,0.3466,0.0066,0.6468
SPADES ACE SPADES FIVE,0.3392,0.005,0.6558
SPADES NINE HEARTS QUEEN,0.3368,0.0154,0.6478
SPADES NINE HEARTS KING,0.3514,0.0068,0.6418
SPADES NINE HEARTS ACE,0.347,0.0028,0.6502
SPADES JACK CLUBS TEN,0.2236,0.1216,0.6548
SPADES TEN CLUBS TEN,0.2758,0.0252,0.699
SPADES ACE CLUBS TEN,0.3356,0.0066,0.6578
SPADES KING CLUBS TEN,0.3516,0.0082,0.6402
SPADES QUEEN CLUBS TEN,0.331,0.0118,0.6572
SPADES FIVE HEARTS QUEEN,0.3546,0.013,0.6324
HEARTS KING SPADES FIVE,0.3596,0.0078,0.6326
SPADES FIVE HEARTS ACE,0.3478,0.0056,0.6466
CLUBS EIGHT SPADES TEN,0.5488,0.0198,0.4314
HEARTS THREE SPADES JACK,0.2628,0.5172,0.22
SPADES JACK DIAMONDS KING,0.2268,0.0322,0.741
SPADES TEN DIAMONDS KING,0.3368,0.006,0.6572
HEARTS THREE SPADES TEN,0.6254,0.0206,0.354
CLUBS EIGHT SPADES JACK,0.2208,0.2378,0.5414
SPADES ACE CLUBS EIGHT,0.35,0.0056,0.6444
CLUBS SIX HEARTS ACE,0.3804,0.0032,0.6164
HEARTS FIVE CLUBS TEN,0.603,0.0166,0.3804
CLUBS EIGHT SPADES QUEEN,0.351,0.0138,0.6352
SPADES THREE CLUBS TEN,0.638,0.0168,0.3452
CLUBS SIX HEARTS QUEEN,0.3696,0.0102,0.6202
CLUBS EIGHT SPADES KING,0.3596,0.008,0.6324
CLUBS SIX HEARTS KING,0.3752,0.0094,0.6154
DIAMONDS TWO HEARTS JACK,0.2802,0.5148,0.205
SPADES THREE CLUBS QUEEN,0.3968,0.014,0.5892
DIAMONDS TWO HEARTS TEN,0.6302,0.0192,0.3506
SPADES THREE CLUBS KING,0.4022,0.0072,0.5906
HEARTS FIVE CLUBS ACE,0.3456,0.0044,0.65
SPADES FIVE HEARTS TEN,0.6048,0.0174,0.3778
SPADES THREE CLUBS ACE,0.3998,0.0056,0.5946
HEARTS FIVE CLUBS KING,0.348,0.0074,0.6446
SPADES FIVE HEARTS JACK,0.2104,0.4684,0.3212
HEARTS FIVE CLUBS QUEEN,0.3518,0.0122,0.636
HEARTS THREE CLUBS KING,0.3848,0.0082,0.607
DIAMONDS KING CLUBS KING,0.131,0.0074,0.8616
HEARTS THREE CLUBS QUEEN,0.3842,0.0156,0.6002
DIAMONDS KING CLUBS QUEEN,0.3028,0.0068,0.6904
HEARTS FIVE HEARTS JACK,0.2114,0.4376,0.351
HEARTS FIVE HEARTS TEN,0.559,0.019,0.422
HEARTS THREE CLUBS ACE,0.368,0.0068,0.6252
DIAMONDS KING CLUBS ACE,0.313,0.0034,0.6836
SPADES ACE CLUBS QUEEN,0.318,0.0066,0.6754
SPADES KING CLUBS QUEEN,0.3134,0.0074,0.6792
SPADES QUEEN CLUBS QUEEN,0.131,0.0112,0.8578
HEARTS THREE CLUBS TEN,0.6254,0.023,0.3516
DIAMONDS KING CLUBS TEN,0.3464,0.0048,0.6488
SPADES JACK CLUBS QUEEN,0.2188,0.0434,0.7378
CLUBS SIX CLUBS QUEEN,0.3492,0.0088,0.642
SPADES TEN CLUBS QUEEN,0.3246,0.0126,0.6628
CLUBS SIX CLUBS KING,0.3494,0.0096,0.641
CLUBS SIX CLUBS ACE,0.348,0.0074,0.6446
HEARTS FIVE HEARTS KING,0.342,0.0092,0.6488
HEARTS FIVE HEARTS QUEEN,0.327,0.0114,0.6616
CLUBS SIX CLUBS TEN,0.562,0.0168,0.4212
HEARTS FIVE HEARTS ACE,0.3334,0.0044,0.6622
SPADES SEVEN HEARTS JACK,0.2166,0.3,0.4834
SPADES SEVEN HEARTS TEN,0.5608,0.0178,0.4214
DIAMONDS TWO CLUBS TWO,0.4048,0.0552,0.54
DIAMONDS TWO CLUBS THREE,0.6474,0.0186,0.334
HEARTS SIX DIAMONDS TWO,0.6238,0.02,0.3562
DIAMONDS TWO HEARTS QUEEN,0.3842,0.0092,0.6066
DIAMONDS TWO HEARTS SEVEN,0.6222,0.0186,0.3592
DIAMONDS TWO HEARTS KING,0.393,0.0084,0.5986
DIAMONDS TWO HEARTS EIGHT,0.6226,0.0188,0.3586
DIAMONDS TWO HEARTS ACE,0.3848,0.006,0.6092
DIAMONDS TWO HEARTS NINE,0.617,0.0172,0.3658
DIAMONDS TWO DIAMONDS QUEEN,0.3802,0.0078,0.612
DIAMONDS TWO HEARTS TWO,0.4118,0.0466,0.5416
DIAMONDS TWO DIAMONDS KING,0.3712,0.0096,0.6192
HEARTS THREE DIAMONDS TWO,0.6284,0.0252,0.3464
DIAMONDS TWO DIAMONDS ACE,0.3696,0.004,0.6264
HEARTS FOUR DIAMONDS TWO,0.6748,0.0668,0.2584
DIAMONDS TWO HEARTS FIVE,0.6062,0.0178,0.376
SPADES SEVEN HEARTS ACE,0.3642,0.0038,0.632
DIAMONDS TWO DIAMONDS TEN,0.5784,0.0216,0.4
SPADES SEVEN HEARTS KING,0.3414,0.0052,0.6534
DIAMONDS TWO DIAMONDS JACK,0.2588,0.4812,0.26
SPADES SEVEN HEARTS QUEEN,0.36,0.01,0.63
DIAMONDS TWO SPADES NINE,0.6232,0.0178,0.359
DIAMONDS TWO SPADES EIGHT,0.6158,0.0194,0.3648
DIAMONDS TWO SPADES SEVEN,0.6276,0.0192,0.3532
DIAMONDS TWO SPADES SIX,0.6178,0.0226,0.3596
DIAMONDS TWO SPADES FIVE,0.6064,0.0234,0.3702
DIAMONDS TWO SPADES THREE,0.6404,0.0236,0.336
DIAMONDS TWO SPADES TWO,0.416,0.0466,0.5374
CLUBS NINE DIAMONDS TWO,0.6304,0.0206,0.349
CLUBS EIGHT DIAMONDS TWO,0.6312,0.0154,0.3534
DIAMONDS TWO CLUBS SEVEN,0.6288,0.0196,0.3516
CLUBS SIX DIAMONDS TWO,0.6148,0.0238,0.3614
DIAMONDS TWO CLUBS FIVE,0.6128,0.0224,0.3648
DIAMONDS TWO CLUBS FOUR,0.6926,0.0646,0.2428
CLUBS FOUR SPADES FIVE,0.6536,0.0638,0.2826
CLUBS FOUR SPADES THREE,0.6722,0.0656,0.2622
CLUBS FOUR SPADES TWO,0.6886,0.0666,0.2448
CLUBS FOUR SPADES NINE,0.696,0.0612,0.2428
CLUBS FOUR SPADES EIGHT,0.6926,0.0618,0.2456
CLUBS FOUR SPADES SEVEN,0.683,0.0582,0.2588
CLUBS FOUR SPADES SIX,0.674,0.0622,0.2638
SPADES ACE DIAMONDS SIX,0.3552,0.006,0.6388
SPADES QUEEN DIAMONDS SIX,0.358,0.0082,0.6338
SPADES KING DIAMONDS SIX,0.3538,0.0078,0.6384
SPADES TEN DIAMONDS SIX,0.5878,0.0192,0.393
SPADES JACK DIAMONDS SIX,0.2112,0.3898,0.399
SPADES QUEEN SPADES TWO,0.3752,0.0124,0.6124
SPADES KING SPADES TWO,0.3792,0.0066,0.6142
SPADES ACE SPADES TWO,0.3614,0.0058,0.6328
DIAMONDS JACK CLUBS TEN,0.2334,0.1224,0.6442
DIAMONDS JACK CLUBS KING,0.227,0.03,0.743
DIAMONDS JACK CLUBS QUEEN,0.2176,0.0394,0.743
DIAMONDS THREE DIAMONDS JACK,0.248,0.4814,0.2706
DIAMONDS THREE DIAMONDS TEN,0.5744,0.0172,0.4084
DIAMONDS JACK CLUBS ACE,0.2284,0.0208,0.7508
DIAMONDS THREE DIAMONDS KING,0.3654,0.0072,0.6274
HEARTS THREE DIAMONDS THREE,0.405,0.0514,0.5436
DIAMONDS THREE DIAMONDS QUEEN,0.3698,0.0144,0.6158
DIAMONDS THREE HEARTS TWO,0.6392,0.0238,0.337
HEARTS FIVE DIAMONDS THREE,0.6022,0.0218,0.376
DIAMONDS THREE DIAMONDS ACE,0.3628,0.0048,0.6324
HEARTS FOUR DIAMONDS THREE,0.6656,0.0618,0.2726
DIAMONDS THREE HEARTS SEVEN,0.6106,0.0176,0.3718
SPADES TEN SPADES NINE,0.4988,0.0172,0.484
HEARTS SIX DIAMONDS THREE,0.6136,0.0214,0.365
SPADES JACK SPADES NINE,0.213,0.1632,0.6238
DIAMONDS THREE HEARTS NINE,0.6172,0.0182,0.3646
HEARTS JACK DIAMONDS FOUR,0.0184,0.9598,0.0218
HEARTS KING HEARTS ACE,0.296,0.0028,0.7012
SPADES TEN SPADES TWO,0.6066,0.0136,0.3798
DIAMONDS THREE HEARTS EIGHT,0.6226,0.0182,0.3592
HEARTS TEN DIAMONDS FOUR,0.7014,0.0628,0.2358
SPADES JACK SPADES TWO,0.2582,0.4922,0.2496
HEARTS QUEEN DIAMONDS FOUR,0.2488,0.0482,0.703
HEARTS KING DIAMONDS FOUR,0.2412,0.0364,0.7224
SPADES ACE SPADES NINE,0.3532,0.0046,0.6422
HEARTS ACE DIAMONDS FOUR,0.2288,0.0238,0.7474
SPADES KING SPADES NINE,0.3452,0.0088,0.646
SPADES QUEEN SPADES NINE,0.3352,0.008,0.6568
DIAMONDS THREE SPADES NINE,0.6046,0.0214,0.374
DIAMONDS THREE SPADES EIGHT,0.6266,0.0152,0.3582
DIAMONDS THREE SPADES SEVEN,0.611,0.0224,0.3666
DIAMONDS THREE SPADES SIX,0.6098,0.019,0.3712
CLUBS SIX DIAMONDS THREE,0.6198,0.0216,0.3586
CLUBS ACE DIAMONDS FOUR,0.2204,0.027,0.7526
CLUBS SIX CLUBS FIVE,0.5284,0.0218,0.4498
CLUBS SEVEN CLUBS FIVE,0.546,0.0156,0.4384
CLUBS SEVEN DIAMONDS THREE,0.6182,0.0172,0.3646
DIAMONDS THREE CLUBS FOUR,0.6664,0.0652,0.2684
DIAMONDS FOUR CLUBS QUEEN,0.2228,0.0454,0.7318
DIAMONDS THREE CLUBS FIVE,0.5972,0.0212,0.3816
CLUBS KING DIAMONDS FOUR,0.2274,0.0372,0.7354
DIAMONDS THREE CLUBS TWO,0.633,0.0228,0.3442
DIAMONDS FOUR CLUBS TEN,0.715,0.0626,0.2224
DIAMONDS THREE CLUBS THREE,0.4056,0.0556,0.5388
DIAMONDS THREE SPADES FIVE,0.5812,0.0238,0.395
DIAMONDS THREE SPADES TWO,0.6438,0.0246,0.3316
DIAMONDS THREE SPADES THREE,0.4118,0.0532,0.535
CLUBS EIGHT DIAMONDS THREE,0.6202,0.0224,0.3574
CLUBS NINE DIAMONDS THREE,0.6304,0.02,0.3496
SPADES SEVEN CLUBS ACE,0.3622,0.006,0.6318
SPADES SEVEN CLUBS QUEEN,0.3576,0.012,0.6304
SPADES SEVEN CLUBS KING,0.3476,0.0104,0.642
CLUBS FIVE SPADES SEVEN,0.5614,0.0212,0.4174
SPADES SEVEN CLUBS TEN,0.573,0.0182,0.4088
CLUBS FIVE SPADES SIX,0.563,0.0192,0.4178
SPADES NINE CLUBS FIVE,0.5786,0.0196,0.4018
CLUBS FIVE SPADES EIGHT,0.5754,0.0198,0.4048
CLUBS FIVE SPADES THREE,0.6138,0.0224,0.3638
CLUBS FIVE SPADES TWO,0.6264,0.019,0.3546
CLUBS FIVE SPADES FIVE,0.2966,0.0446,0.6588
CLUBS NINE CLUBS FIVE,0.5582,0.0192,0.4226
CLUBS EIGHT CLUBS FIVE,0.551,0.0212,0.4278
CLUBS ACE CLUBS QUEEN,0.3012,0.0052,0.6936
CLUBS KING CLUBS QUEEN,0.2962,0.006,0.6978
DIAMONDS TEN DIAMONDS FOUR,0.6462,0.0598,0.294
DIAMONDS NINE CLUBS TEN,0.5428,0.0154,0.4418
DIAMONDS JACK DIAMONDS FOUR,0.0244,0.9068,0.0688
SPADES NINE CLUBS TEN,0.54,0.015,0.445
DIAMONDS ACE DIAMONDS FOUR,0.2194,0.0226,0.758
HEARTS FOUR DIAMONDS FOUR,0.2874,0.0452,0.6674
DIAMONDS JACK HEARTS TEN,0.2348,0.1246,0.6406
SPADES NINE CLUBS KING,0.3328,0.0094,0.6578
DIAMONDS TWO SPADES TEN,0.6264,0.0174,0.3562
DIAMONDS NINE CLUBS ACE,0.3548,0.0038,0.6414
HEARTS FIVE DIAMONDS FOUR,0.6438,0.0584,0.2978
HEARTS JACK DIAMONDS JACK,0.088,0.0386,0.8734
SPADES NINE CLUBS QUEEN,0.3354,0.0116,0.653
DIAMONDS TWO SPADES JACK,0.259,0.5228,0.2182
DIAMONDS QUEEN DIAMONDS FOUR,0.2164,0.0448,0.7388
HEARTS TWO DIAMONDS FOUR,0.6828,0.0594,0.2578
DIAMONDS NINE CLUBS QUEEN,0.3316,0.0118,0.6566
DIAMONDS KING DIAMONDS FOUR,0.227,0.0394,0.7336
HEARTS THREE DIAMONDS FOUR,0.6652,0.0582,0.2766
SPADES NINE CLUBS ACE,0.3458,0.0074,0.6468
DIAMONDS NINE CLUBS KING,0.3534,0.0068,0.6398
HEARTS ACE DIAMONDS JACK,0.228,0.0222,0.7498
SPADES ACE DIAMONDS TWO,0.3846,0.0048,0.6106
DIAMONDS JACK HEARTS QUEEN,0.235,0.0396,0.7254
SPADES QUEEN DIAMONDS TWO,0.3918,0.012,0.5962
HEARTS KING DIAMONDS JACK,0.2238,0.0316,0.7446
SPADES KING DIAMONDS TWO,0.3884,0.0104,0.6012
SPADES JACK SPADES SEVEN,0.2176,0.2878,0.4946
SPADES TEN SPADES SEVEN,0.5404,0.0172,0.4424
CLUBS SEVEN CLUBS THREE,0.5822,0.0196,0.3982
CLUBS SIX CLUBS THREE,0.5822,0.0208,0.397
CLUBS FIVE CLUBS THREE,0.5644,0.0194,0.4162
CLUBS FOUR CLUBS THREE,0.6394,0.0626,0.298
CLUBS NINE CLUBS THREE,0.5936,0.019,0.3874
CLUBS EIGHT CLUBS THREE,0.5944,0.021,0.3846
CLUBS THREE SPADES FIVE,0.5828,0.0238,0.3934
CLUBS THREE SPADES THREE,0.3998,0.0534,0.5468
CLUBS THREE SPADES TWO,0.6412,0.0242,0.3346
CLUBS THREE SPADES SIX,0.6142,0.0218,0.364
SPADES SEVEN CLUBS THREE,0.6202,0.02,0.3598
SPADES EIGHT CLUBS THREE,0.6378,0.0204,0.3418
SPADES NINE CLUBS THREE,0.6266,0.0192,0.3542
SPADES TWO DIAMONDS FOUR,0.6818,0.0638,0.2544
SPADES THREE DIAMONDS FOUR,0.6862,0.0622,0.2516
SPADES FIVE DIAMONDS FOUR,0.6432,0.062,0.2948
SPADES SIX DIAMONDS FOUR,0.6756,0.0494,0.275
SPADES SEVEN DIAMONDS FOUR,0.6664,0.0524,0.2812
SPADES EIGHT DIAMONDS FOUR,0.6894,0.0562,0.2544
SPADES NINE DIAMONDS FOUR,0.7126,0.0558,0.2316
CLUBS FIVE DIAMONDS FOUR,0.6526,0.0586,0.2888
CLUBS FOUR DIAMONDS FOUR,0.2926,0.0416,0.6658
CLUBS SEVEN DIAMONDS FOUR,0.6764,0.0626,0.261
CLUBS SIX DIAMONDS FOUR,0.6718,0.0556,0.2726
CLUBS NINE DIAMONDS FOUR,0.7016,0.0572,0.2412
CLUBS EIGHT DIAMONDS FOUR,0.6988,0.0556,0.2456
DIAMONDS FOUR HEARTS SEVEN,0.6712,0.0582,0.2706
HEARTS SIX DIAMONDS FOUR,0.6668,0.055,0.2782
HEARTS NINE DIAMONDS FOUR,0.6998,0.0616,0.2386
DIAMONDS FOUR HEARTS EIGHT,0.6924,0.053,0.2546
CLUBS THREE DIAMONDS FOUR,0.6812,0.0628,0.256
CLUBS TWO DIAMONDS FOUR,0.6878,0.0664,0.2458
DIAMONDS TEN DIAMONDS FIVE,0.5564,0.0134,0.4302
DIAMONDS JACK DIAMONDS FIVE,0.204,0.4466,0.3494
DIAMONDS NINE HEARTS QUEEN,0.348,0.0106,0.6414
HEARTS KING DIAMONDS NINE,0.3624,0.0052,0.6324
DIAMONDS NINE HEARTS ACE,0.3568,0.0058,0.6374
DIAMONDS NINE HEARTS TEN,0.535,0.0144,0.4506
DIAMONDS NINE HEARTS JACK,0.2272,0.1708,0.602
CLUBS KING DIAMONDS SIX,0.353,0.006,0.641
CLUBS QUEEN DIAMONDS SIX,0.3656,0.0124,0.622
CLUBS ACE DIAMONDS SIX,0.3604,0.0046,0.635
SPADES KING DIAMONDS FOUR,0.2292,0.0352,0.7356
SPADES ACE SPADES SEVEN,0.3456,0.0038,0.6506
SPADES QUEEN DIAMONDS FOUR,0.2226,0.0452,0.7322
SPADES QUEEN SPADES SEVEN,0.3344,0.0128,0.6528
SPADES KING SPADES SEVEN,0.3466,0.0078,0.6456
SPADES ACE DIAMONDS FOUR,0.2234,0.028,0.7486
CLUBS TEN DIAMONDS SIX,0.5886,0.018,0.3934
CLUBS NINE CLUBS FOUR,0.679,0.0594,0.2616
CLUBS EIGHT CLUBS FOUR,0.6506,0.0596,0.2898
SPADES JACK DIAMONDS FOUR,0.0112,0.9708,0.018
SPADES TEN DIAMONDS FOUR,0.6946,0.0678,0.2376
CLUBS FOUR CLUBS FIVE,0.626,0.0566,0.3174
CLUBS SEVEN CLUBS FOUR,0.6372,0.0546,0.3082
CLUBS SIX CLUBS FOUR,0.639,0.0574,0.3036
CLUBS SEVEN SPADES EIGHT,0.5412,0.0176,0.4412
CLUBS SEVEN SPADES NINE,0.5346,0.017,0.4484
CLUBS SEVEN SPADES SIX,0.548,0.022,0.43
CLUBS SEVEN SPADES SEVEN,0.3028,0.0404,0.6568
CLUBS SEVEN SPADES FIVE,0.5624,0.0236,0.414
CLUBS SEVEN SPADES THREE,0.6172,0.0224,0.3604
CLUBS SEVEN SPADES TWO,0.6392,0.0216,0.3392
CLUBS NINE CLUBS SEVEN,0.5332,0.0154,0.4514
CLUBS EIGHT CLUBS SEVEN,0.5238,0.0186,0.4576
HEARTS SIX DIAMONDS FIVE,0.5628,0.0182,0.419
DIAMONDS FIVE HEARTS SEVEN,0.573,0.0176,0.4094
DIAMONDS FIVE HEARTS EIGHT,0.5732,0.0156,0.4112
HEARTS NINE DIAMONDS FIVE,0.5858,0.0188,0.3954
DIAMONDS QUEEN DIAMONDS FIVE,0.3408,0.0116,0.6476
HEARTS TWO DIAMONDS FIVE,0.61,0.019,0.371
HEARTS KING HEARTS EIGHT,0.345,0.0082,0.6468
DIAMONDS KING DIAMONDS FIVE,0.3418,0.009,0.6492
HEARTS THREE DIAMONDS FIVE,0.6016,0.0176,0.3808
HEARTS QUEEN HEARTS EIGHT,0.3448,0.0102,0.645
DIAMONDS ACE DIAMONDS FIVE,0.3258,0.0028,0.6714
HEARTS FOUR DIAMONDS FIVE,0.6488,0.0628,0.2884
HEARTS FIVE DIAMONDS FIVE,0.3098,0.0488,0.6414
HEARTS ACE HEARTS EIGHT,0.3352,0.0038,0.661
CLUBS FOUR DIAMONDS FIVE,0.659,0.0584,0.2826
CLUBS FIVE DIAMONDS FIVE,0.3044,0.0498,0.6458
CLUBS SIX DIAMONDS FIVE,0.551,0.02,0.429
CLUBS SEVEN DIAMONDS FIVE,0.5762,0.0212,0.4026
CLUBS TWO DIAMONDS FIVE,0.6188,0.0224,0.3588
CLUBS THREE DIAMONDS FIVE,0.6094,0.0186,0.372
SPADES THREE DIAMONDS FIVE,0.5916,0.0206,0.3878
SPADES TWO DIAMONDS FIVE,0.6142,0.022,0.3638
SPADES JACK DIAMONDS EIGHT,0.2202,0.234,0.5458
SPADES FIVE DIAMONDS FIVE,0.3124,0.0456,0.642
HEARTS JACK CLUBS TEN,0.2452,0.1208,0.634
SPADES TEN DIAMONDS EIGHT,0.5428,0.0174,0.4398
HEARTS JACK CLUBS QUEEN,0.2246,0.039,0.7364
CLUBS NINE DIAMONDS FIVE,0.582,0.0182,0.3998
HEARTS JACK CLUBS KING,0.2264,0.0346,0.739
CLUBS EIGHT DIAMONDS FIVE,0.568,0.021,0.411
HEARTS JACK CLUBS ACE,0.2298,0.0216,0.7486
SPADES SEVEN DIAMONDS FIVE,0.5624,0.0212,0.4164
SPADES KING DIAMONDS EIGHT,0.3528,0.0072,0.64
SPADES QUEEN DIAMONDS EIGHT,0.3488,0.0108,0.6404
SPADES SIX DIAMONDS FIVE,0.5538,0.0196,0.4266
SPADES NINE DIAMONDS FIVE,0.5748,0.0184,0.4068
SPADES EIGHT DIAMONDS FIVE,0.5694,0.0188,0.4118
SPADES ACE DIAMONDS EIGHT,0.3586,0.0054,0.636
DIAMONDS TEN DIAMONDS SIX,0.5544,0.0186,0.427
HEARTS ACE DIAMONDS SEVEN,0.3604,0.0024,0.6372
DIAMONDS JACK DIAMONDS SIX,0.2102,0.3622,0.4276
HEARTS QUEEN DIAMONDS SEVEN,0.3638,0.011,0.6252
HEARTS KING DIAMONDS SEVEN,0.3584,0.0046,0.637
DIAMONDS ACE DIAMONDS SIX,0.3418,0.0028,0.6554
HEARTS FOUR DIAMONDS SIX,0.6698,0.054,0.2762
HEARTS JACK SPADES TWO,0.2706,0.5222,0.2072
HEARTS FIVE DIAMONDS SIX,0.5596,0.0206,0.4198
SPADES TWO HEARTS TEN,0.6492,0.0158,0.335
DIAMONDS QUEEN DIAMONDS SIX,0.3458,0.0112,0.643
HEARTS TWO DIAMONDS SIX,0.6056,0.0196,0.3748
DIAMONDS KING DIAMONDS SIX,0.3506,0.0052,0.6442
HEARTS THREE DIAMONDS SIX,0.5966,0.0174,0.386
HEARTS EIGHT DIAMONDS SIX,0.5654,0.0188,0.4158
HEARTS NINE DIAMONDS SIX,0.5606,0.0176,0.4218
HEARTS SIX DIAMONDS SIX,0.3042,0.0418,0.654
HEARTS SEVEN DIAMONDS SIX,0.5586,0.0164,0.425
HEARTS TEN DIAMONDS SEVEN,0.5694,0.0164,0.4142
CLUBS TWO DIAMONDS SIX,0.6232,0.02,0.3568
HEARTS JACK DIAMONDS SEVEN,0.2232,0.2926,0.4842
CLUBS THREE DIAMONDS SIX,0.6156,0.0214,0.363
CLUBS SEVEN DIAMONDS SIX,0.5664,0.0192,0.4144
CLUBS SIX DIAMONDS SIX,0.3088,0.0452,0.646
DIAMONDS EIGHT CLUBS TEN,0.5452,0.0188,0.436
CLUBS FIVE DIAMONDS SIX,0.5554,0.0192,0.4254
CLUBS FOUR DIAMONDS SIX,0.6826,0.0534,0.264
HEARTS ACE HEARTS JACK,0.2046,0.0202,0.7752
DIAMONDS EIGHT CLUBS ACE,0.3552,0.0056,0.6392
HEARTS JACK HEARTS QUEEN,0.2194,0.0418,0.7388
DIAMONDS EIGHT CLUBS KING,0.3576,0.0088,0.6336
CLUBS NINE DIAMONDS SIX,0.5624,0.0198,0.4178
HEARTS KING HEARTS JACK,0.2142,0.029,0.7568
DIAMONDS EIGHT CLUBS QUEEN,0.355,0.0154,0.6296
CLUBS EIGHT DIAMONDS SIX,0.5742,0.0192,0.4066
SPADES TEN HEARTS KING,0.336,0.0092,0.6548
SPADES FIVE DIAMONDS SIX,0.571,0.0182,0.4108
HEARTS ACE SPADES TWO,0.3938,0.0046,0.6016
SPADES JACK HEARTS KING,0.2348,0.0346,0.7306
SPADES THREE DIAMONDS SIX,0.6142,0.0216,0.3642
SPADES TWO HEARTS QUEEN,0.3996,0.0122,0.5882
SPADES ACE SPADES KING,0.3092,0.005,0.6858
HEARTS KING SPADES TWO,0.3974,0.008,0.5946
SPADES TWO DIAMONDS SIX,0.6138,0.0202,0.366
HEARTS TEN HEARTS EIGHT,0.5298,0.0158,0.4544
SPADES NINE DIAMONDS SIX,0.5592,0.0188,0.422
HEARTS JACK HEARTS EIGHT,0.2142,0.2126,0.5732
SPADES EIGHT DIAMONDS SIX,0.5654,0.0166,0.418
SPADES SEVEN DIAMONDS SIX,0.5484,0.017,0.4346
SPADES SIX DIAMONDS SIX,0.307,0.0404,0.6526
SPADES KING HEARTS KING,0.131,0.0092,0.8598
SPADES QUEEN HEARTS KING,0.3152,0.0072,0.6776
CLUBS ACE CLUBS KING,0.2998,0.0064,0.6938
SPADES ACE HEARTS KING,0.3114,0.005,0.6836
SPADES ACE HEARTS JACK,0.226,0.02,0.754
SPADES QUEEN HEARTS JACK,0.2298,0.0378,0.7324
SPADES KING HEARTS JACK,0.232,0.0314,0.7366
SPADES TEN DIAMONDS TEN,0.2624,0.0202,0.7174
SPADES JACK DIAMONDS TEN,0.2216,0.1254,0.653
SPADES ACE DIAMONDS TEN,0.3442,0.0054,0.6504
SPADES JACK HEARTS JACK,0.0884,0.0374,0.8742
SPADES TEN HEARTS JACK,0.2312,0.1198,0.649
SPADES QUEEN DIAMONDS TEN,0.3204,0.008,0.6716
SPADES KING DIAMONDS TEN,0.337,0.007,0.656
SPADES NINE DIAMONDS SEVEN,0.557,0.0204,0.4226
SPADES EIGHT DIAMONDS SEVEN,0.5528,0.0156,0.4316
SPADES SEVEN DIAMONDS SEVEN,0.3,0.04,0.66
SPADES SIX DIAMONDS SEVEN,0.5558,0.0184,0.4258
DIAMONDS KING DIAMONDS SEVEN,0.3448,0.0086,0.6466
HEARTS THREE DIAMONDS SEVEN,0.5994,0.022,0.3786
HEARTS KING DIAMONDS FIVE,0.3522,0.0078,0.64
DIAMONDS QUEEN DIAMONDS SEVEN,0.3496,0.013,0.6374
HEARTS TWO DIAMONDS SEVEN,0.6218,0.021,0.3572
HEARTS QUEEN DIAMONDS FIVE,0.3728,0.0116,0.6156
HEARTS FIVE DIAMONDS SEVEN,0.5662,0.0194,0.4144
DIAMONDS ACE DIAMONDS SEVEN,0.335,0.0032,0.6618
HEARTS FOUR DIAMONDS SEVEN,0.6672,0.061,0.2718
HEARTS ACE DIAMONDS FIVE,0.3394,0.0042,0.6564
HEARTS SEVEN DIAMONDS SEVEN,0.3188,0.0342,0.647
HEARTS SIX DIAMONDS SEVEN,0.5594,0.0206,0.42
HEARTS NINE DIAMONDS SEVEN,0.5482,0.0168,0.435
DIAMONDS SEVEN HEARTS EIGHT,0.5356,0.0166,0.4478
DIAMONDS JACK DIAMONDS SEVEN,0.222,0.2708,0.5072
HEARTS JACK DIAMONDS FIVE,0.2208,0.477,0.3022
DIAMONDS TEN DIAMONDS SEVEN,0.537,0.016,0.447
DIAMONDS FIVE HEARTS TEN,0.584,0.0196,0.3964
SPADES KING CLUBS TWO,0.3926,0.0086,0.5988
HEARTS KING CLUBS KING,0.1316,0.009,0.8594
CLUBS EIGHT DIAMONDS SEVEN,0.5414,0.016,0.4426
SPADES QUEEN CLUBS TWO,0.383,0.0124,0.6046
HEARTS KING CLUBS QUEEN,0.3134,0.0058,0.6808
CLUBS NINE DIAMONDS SEVEN,0.5444,0.0184,0.4372
SPADES ACE CLUBS TWO,0.3918,0.0072,0.601
SPADES TWO CLUBS TEN,0.6416,0.0212,0.3372
HEARTS KING CLUBS ACE,0.3178,0.0028,0.6794
CLUBS SIX CLUBS SEVEN,0.5344,0.0224,0.4432
SPADES TWO CLUBS KING,0.3888,0.0092,0.602
SPADES TWO DIAMONDS SEVEN,0.6312,0.0218,0.347
CLUBS EIGHT CLUBS SIX,0.5378,0.0164,0.4458
SPADES THREE DIAMONDS SEVEN,0.6202,0.0218,0.358
SPADES TWO CLUBS QUEEN,0.4022,0.0106,0.5872
CLUBS NINE CLUBS SIX,0.5346,0.017,0.4484
SPADES FIVE DIAMONDS SEVEN,0.5548,0.0214,0.4238
SPADES TWO CLUBS ACE,0.3822,0.007,0.6108
HEARTS KING CLUBS TEN,0.3494,0.0054,0.6452
CLUBS SIX SPADES TWO,0.6464,0.0174,0.3362
CLUBS SIX SPADES THREE,0.6172,0.0198,0.363
CLUBS TWO DIAMONDS SEVEN,0.628,0.0192,0.3528
CLUBS THREE DIAMONDS SEVEN,0.6146,0.0178,0.3676
CLUBS SIX SPADES FIVE,0.5716,0.0198,0.4086
CLUBS FOUR DIAMONDS SEVEN,0.67,0.0562,0.2738
CLUBS SIX SPADES SIX,0.3094,0.041,0.6496
CLUBS FIVE DIAMONDS SEVEN,0.5698,0.0222,0.408
CLUBS SIX SPADES SEVEN,0.544,0.0238,0.4322
CLUBS SIX DIAMONDS SEVEN,0.5586,0.0154,0.426
CLUBS SIX SPADES EIGHT,0.5488,0.02,0.4312
SPADES JACK CLUBS TWO,0.266,0.5236,0.2104
CLUBS SIX SPADES NINE,0.5638,0.022,0.4142
SPADES TEN CLUBS TWO,0.6266,0.0216,0.3518
CLUBS SEVEN DIAMONDS SEVEN,0.305,0.0336,0.6614
CLUBS TWO CLUBS QUEEN,0.3754,0.0124,0.6122
CLUBS TWO CLUBS KING,0.3824,0.008,0.6096
CLUBS THREE DIAMONDS EIGHT,0.6242,0.0208,0.355
CLUBS TWO CLUBS ACE,0.3706,0.0052,0.6242
CLUBS TWO DIAMONDS EIGHT,0.6298,0.0196,0.3506
DIAMONDS EIGHT HEARTS SEVEN,0.5476,0.019,0.4334
HEARTS SIX DIAMONDS EIGHT,0.574,0.0204,0.4056
DIAMONDS EIGHT HEARTS NINE,0.544,0.0142,0.4418
CLUBS TWO CLUBS TEN,0.5954,0.0218,0.3828
DIAMONDS EIGHT HEARTS EIGHT,0.2986,0.0342,0.6672
CLUBS NINE DIAMONDS EIGHT,0.534,0.017,0.449
CLUBS EIGHT DIAMONDS EIGHT,0.2998,0.033,0.6672
CLUBS FIVE DIAMONDS EIGHT,0.5862,0.0196,0.3942
SPADES ACE SPADES THREE,0.3708,0.0038,0.6254
CLUBS FOUR DIAMONDS EIGHT,0.6906,0.0604,0.249
SPADES QUEEN SPADES THREE,0.3752,0.0138,0.611
CLUBS SEVEN DIAMONDS EIGHT,0.5412,0.0194,0.4394
CLUBS SIX DIAMONDS EIGHT,0.5532,0.022,0.4248
SPADES KING SPADES THREE,0.3754,0.0106,0.614
DIAMONDS QUEEN DIAMONDS EIGHT,0.3368,0.0102,0.653
HEARTS TWO DIAMONDS EIGHT,0.6122,0.0206,0.3672
DIAMONDS KING DIAMONDS EIGHT,0.3502,0.0072,0.6426
HEARTS THREE DIAMONDS EIGHT,0.6236,0.016,0.3604
DIAMONDS ACE DIAMONDS EIGHT,0.3414,0.004,0.6546
HEARTS FOUR DIAMONDS EIGHT,0.6866,0.0574,0.256
HEARTS FIVE DIAMONDS EIGHT,0.562,0.016,0.422
DIAMONDS EIGHT DIAMONDS TEN,0.5228,0.0162,0.461
DIAMONDS EIGHT DIAMONDS JACK,0.2172,0.206,0.5768
SPADES JACK SPADES THREE,0.2594,0.4844,0.2562
SPADES TEN SPADES THREE,0.577,0.0206,0.4024
CLUBS FOUR HEARTS ACE,0.2484,0.0248,0.7268
CLUBS FOUR HEARTS QUEEN,0.2358,0.0434,0.7208
CLUBS FOUR HEARTS KING,0.2488,0.0414,0.7098
CLUBS SIX HEARTS TEN,0.5702,0.0166,0.4132
CLUBS SIX HEARTS JACK,0.2236,0.3898,0.3866
SPADES FIVE DIAMONDS EIGHT,0.5652,0.0174,0.4174
DIAMONDS EIGHT SPADES TWO,0.6356,0.0186,0.3458
DIAMONDS EIGHT SPADES THREE,0.6378,0.0176,0.3446
CLUBS FOUR HEARTS JACK,0.0202,0.9704,0.0094
SPADES EIGHT DIAMONDS EIGHT,0.2956,0.0362,0.6682
SPADES TEN DIAMONDS QUEEN,0.3358,0.0076,0.6566
SPADES TEN HEARTS TWO,0.6138,0.0162,0.37
SPADES JACK HEARTS EIGHT,0.213,0.2194,0.5676
CLUBS FOUR HEARTS TEN,0.7052,0.0654,0.2294
SPADES NINE DIAMONDS EIGHT,0.5322,0.016,0.4518
SPADES TEN HEARTS EIGHT,0.5478,0.016,0.4362
SPADES JACK HEARTS TWO,0.2616,0.5114,0.227
SPADES JACK DIAMONDS QUEEN,0.2212,0.0434,0.7354
SPADES SIX DIAMONDS EIGHT,0.5602,0.0178,0.422
SPADES SEVEN DIAMONDS EIGHT,0.5374,0.0174,0.4452
SPADES ACE HEARTS TWO,0.3796,0.005,0.6154
SPADES ACE DIAMONDS QUEEN,0.3232,0.0046,0.6722
SPADES ACE HEARTS EIGHT,0.3534,0.0046,0.642
SPADES KING HEARTS EIGHT,0.3542,0.006,0.6398
SPADES QUEEN HEARTS TWO,0.3914,0.0124,0.5962
SPADES QUEEN DIAMONDS QUEEN,0.139,0.009,0.852
SPADES KING DIAMONDS QUEEN,0.3086,0.0092,0.6822
SPADES KING HEARTS TWO,0.3752,0.0098,0.615
SPADES QUEEN HEARTS EIGHT,0.3502,0.0092,0.6406
CLUBS TWO HEARTS TEN,0.6186,0.0224,0.359
CLUBS TWO HEARTS JACK,0.2718,0.525,0.2032
SPADES SEVEN DIAMONDS NINE,0.5488,0.0184,0.4328
SPADES SIX DIAMONDS NINE,0.5574,0.0176,0.425
SPADES NINE DIAMONDS NINE,0.2838,0.0288,0.6874
SPADES EIGHT DIAMONDS NINE,0.5286,0.0184,0.453
SPADES TEN CLUBS KING,0.3298,0.0062,0.664
DIAMONDS NINE SPADES THREE,0.634,0.0194,0.3466
SPADES JACK CLUBS KING,0.226,0.0294,0.7446
DIAMONDS NINE SPADES TWO,0.62,0.0192,0.3608
DIAMONDS NINE SPADES FIVE,0.5712,0.0172,0.4116
CLUBS NINE DIAMONDS NINE,0.2862,0.0256,0.6882
CLUBS EIGHT DIAMONDS NINE,0.531,0.0202,0.4488
CLUBS SIX DIAMONDS NINE,0.5784,0.0176,0.404
SPADES JACK CLUBS FOUR,0.007,0.985,0.008
SPADES TEN CLUBS FOUR,0.7048,0.0646,0.2306
CLUBS SEVEN DIAMONDS NINE,0.551,0.0176,0.4314
CLUBS FOUR DIAMONDS NINE,0.7102,0.0612,0.2286
CLUBS FIVE DIAMONDS NINE,0.5648,0.0176,0.4176
CLUBS TWO DIAMONDS NINE,0.6302,0.0188,0.351
CLUBS THREE DIAMONDS NINE,0.6206,0.0186,0.3608
DIAMONDS NINE HEARTS EIGHT,0.546,0.017,0.437
DIAMONDS NINE HEARTS NINE,0.2892,0.0278,0.683
HEARTS SIX DIAMONDS NINE,0.5698,0.0142,0.416
DIAMONDS NINE HEARTS SEVEN,0.552,0.017,0.431
CLUBS EIGHT CLUBS NINE,0.5082,0.0234,0.4684
DIAMONDS ACE DIAMONDS NINE,0.3412,0.0036,0.6552
HEARTS FOUR DIAMONDS NINE,0.7032,0.056,0.2408
HEARTS FIVE DIAMONDS NINE,0.5842,0.018,0.3978
CLUBS TWO HEARTS ACE,0.3972,0.0052,0.5976
SPADES ACE CLUBS FOUR,0.2122,0.0214,0.7664
DIAMONDS QUEEN DIAMONDS NINE,0.3112,0.011,0.6778
HEARTS TWO DIAMONDS NINE,0.6208,0.017,0.3622
CLUBS TWO HEARTS KING,0.3906,0.007,0.6024
SPADES KING CLUBS FOUR,0.2324,0.0392,0.7284
DIAMONDS KING DIAMONDS NINE,0.319,0.0048,0.6762
HEARTS THREE DIAMONDS NINE,0.6152,0.022,0.3628
CLUBS TWO HEARTS QUEEN,0.392,0.0116,0.5964
SPADES QUEEN CLUBS FOUR,0.2322,0.0502,0.7176
DIAMONDS NINE DIAMONDS JACK,0.2082,0.1538,0.638
CLUBS EIGHT SPADES NINE,0.5456,0.02,0.4344
DIAMONDS NINE DIAMONDS TEN,0.502,0.0168,0.4812
CLUBS EIGHT SPADES EIGHT,0.2926,0.0334,0.674
CLUBS EIGHT SPADES SEVEN,0.5384,0.0186,0.443
CLUBS EIGHT SPADES SIX,0.5572,0.0174,0.4254
CLUBS EIGHT SPADES FIVE,0.5624,0.022,0.4156
CLUBS EIGHT SPADES THREE,0.6326,0.0184,0.349
CLUBS EIGHT SPADES TWO,0.6322,0.0178,0.35
HEARTS SIX DIAMONDS TEN,0.5666,0.0204,0.413
DIAMONDS TEN HEARTS SEVEN,0.571,0.018,0.411
DIAMONDS TEN HEARTS EIGHT,0.5458,0.0162,0.438
DIAMONDS TEN HEARTS NINE,0.5304,0.0142,0.4554
CLUBS FOUR CLUBS TEN,0.6666,0.0644,0.269
CLUBS FOUR CLUBS KING,0.2216,0.0348,0.7436
CLUBS FOUR CLUBS QUEEN,0.2264,0.0492,0.7244
CLUBS TWO DIAMONDS TEN,0.642,0.0162,0.3418
CLUBS THREE DIAMONDS TEN,0.6326,0.0146,0.3528
CLUBS FOUR CLUBS ACE,0.2202,0.0258,0.754
DIAMONDS JACK DIAMONDS TEN,0.2186,0.1124,0.669
DIAMONDS QUEEN DIAMONDS TEN,0.32,0.011,0.669
HEARTS TWO DIAMONDS TEN,0.6396,0.018,0.3424
DIAMONDS KING DIAMONDS TEN,0.3278,0.0056,0.6666
HEARTS THREE DIAMONDS TEN,0.626,0.0172,0.3568
DIAMONDS ACE DIAMONDS TEN,0.3226,0.0068,0.6706
HEARTS FOUR DIAMONDS TEN,0.6964,0.0612,0.2424
CLUBS EIGHT HEARTS JACK,0.2308,0.224,0.5452
HEARTS FIVE DIAMONDS TEN,0.6072,0.016,0.3768
CLUBS EIGHT HEARTS TEN,0.5606,0.0168,0.4226
CLUBS EIGHT HEARTS QUEEN,0.355,0.0078,0.6372
CLUBS EIGHT HEARTS KING,0.3688,0.0052,0.626
CLUBS EIGHT HEARTS ACE,0.3726,0.0052,0.6222
CLUBS NINE SPADES THREE,0.6244,0.022,0.3536
CLUBS NINE SPADES TWO,0.619,0.0192,0.3618
CLUBS NINE SPADES FIVE,0.577,0.0192,0.4038
CLUBS NINE SPADES SEVEN,0.5478,0.017,0.4352
CLUBS NINE SPADES SIX,0.557,0.0174,0.4256
CLUBS NINE SPADES NINE,0.2878,0.0272,0.685
CLUBS TEN HEARTS EIGHT,0.5612,0.0168,0.422
CLUBS NINE SPADES EIGHT,0.53,0.0176,0.4524
CLUBS QUEEN HEARTS EIGHT,0.337,0.0112,0.6518
CLUBS KING HEARTS EIGHT,0.3676,0.0072,0.6252
CLUBS ACE HEARTS EIGHT,0.3476,0.0048,0.6476
SPADES KING CLUBS KING,0.1262,0.0092,0.8646
SPADES QUEEN CLUBS KING,0.306,0.0076,0.6864
SPADES ACE CLUBS KING,0.3048,0.006,0.6892
DIAMONDS ACE HEARTS TEN,0.3454,0.0034,0.6512
HEARTS FOUR HEARTS TEN,0.6532,0.0624,0.2844
DIAMONDS ACE HEARTS JACK,0.2344,0.0196,0.746
HEARTS FOUR HEARTS JACK,0.0204,0.91,0.0696
SPADES KING CLUBS FIVE,0.3458,0.0108,0.6434
SPADES QUEEN CLUBS FIVE,0.343,0.0102,0.6468
SPADES ACE CLUBS FIVE,0.3486,0.0042,0.6472
DIAMONDS JACK HEARTS SEVEN,0.2324,0.2902,0.4774
HEARTS SIX DIAMONDS JACK,0.2242,0.3826,0.3932
DIAMONDS JACK HEARTS NINE,0.2294,0.1708,0.5998
DIAMONDS JACK HEARTS EIGHT,0.2318,0.2286,0.5396
DIAMONDS KING DIAMONDS JACK,0.2314,0.0312,0.7374
HEARTS THREE DIAMONDS JACK,0.2652,0.5166,0.2182
SPADES ACE SPADES SIX,0.346,0.0048,0.6492
DIAMONDS QUEEN DIAMONDS JACK,0.2166,0.0392,0.7442
HEARTS TWO DIAMONDS JACK,0.2736,0.5072,0.2192
HEARTS FIVE DIAMONDS JACK,0.2248,0.4626,0.3126
SPADES QUEEN SPADES SIX,0.3508,0.0096,0.6396
DIAMONDS ACE DIAMONDS JACK,0.2098,0.0222,0.768
HEARTS FOUR DIAMONDS JACK,0.022,0.9554,0.0226
SPADES KING SPADES SIX,0.3462,0.0066,0.6472
SPADES TEN SPADES SIX,0.5484,0.0162,0.4354
SPADES JACK SPADES SIX,0.2272,0.3584,0.4144
SPADES FIVE DIAMONDS JACK,0.2096,0.4814,0.309
DIAMONDS JACK SPADES TWO,0.262,0.5186,0.2194
SPADES THREE DIAMONDS JACK,0.2658,0.5188,0.2154
SPADES ACE DIAMONDS THREE,0.3686,0.004,0.6274
SPADES QUEEN DIAMONDS THREE,0.3812,0.0122,0.6066
CLUBS EIGHT DIAMONDS JACK,0.2312,0.2188,0.55
SPADES KING DIAMONDS THREE,0.3812,0.0092,0.6096
CLUBS NINE DIAMONDS JACK,0.2276,0.16,0.6124
CLUBS SIX DIAMONDS JACK,0.2294,0.3968,0.3738
CLUBS SEVEN DIAMONDS JACK,0.2264,0.2932,0.4804
CLUBS FOUR DIAMONDS JACK,0.0174,0.9742,0.0084
CLUBS FIVE DIAMONDS JACK,0.2074,0.474,0.3186
CLUBS TWO DIAMONDS JACK,0.2642,0.5342,0.2016
CLUBS THREE DIAMONDS JACK,0.2552,0.5258,0.219
SPADES TEN CLUBS FIVE,0.6014,0.0168,0.3818
HEARTS SIX SPADES JACK,0.212,0.386,0.402
HEARTS SIX SPADES TEN,0.5752,0.0178,0.407
SPADES JACK CLUBS FIVE,0.2042,0.4904,0.3054
SPADES JACK DIAMONDS THREE,0.2642,0.5192,0.2166
CLUBS SEVEN CLUBS ACE,0.3454,0.006,0.6486
DIAMONDS THREE SPADES TEN,0.6264,0.0214,0.3522
CLUBS SEVEN CLUBS QUEEN,0.3548,0.0138,0.6314
CLUBS SEVEN CLUBS KING,0.3438,0.009,0.6472
SPADES NINE DIAMONDS JACK,0.2266,0.1708,0.6026
CLUBS SEVEN CLUBS TEN,0.54,0.02,0.44
DIAMONDS ACE HEARTS ACE,0.1294,0.0028,0.8678
HEARTS FOUR HEARTS ACE,0.2182,0.0256,0.7562
SPADES EIGHT DIAMONDS JACK,0.2158,0.2196,0.5646
SPADES ACE HEARTS SIX,0.3712,0.004,0.6248
DIAMONDS ACE HEARTS KING,0.3314,0.0054,0.6632
HEARTS FOUR HEARTS KING,0.2198,0.0362,0.744
SPADES SEVEN DIAMONDS JACK,0.2206,0.3,0.4794
SPADES KING HEARTS SIX,0.359,0.009,0.632
DIAMONDS ACE HEARTS QUEEN,0.3286,0.0024,0.669
HEARTS FOUR HEARTS QUEEN,0.226,0.046,0.728
SPADES QUEEN HEARTS SIX,0.3652,0.0114,0.6234
SPADES SIX DIAMONDS JACK,0.2266,0.3844,0.389
SPADES TWO DIAMONDS TEN,0.6208,0.0188,0.3604
SPADES THREE DIAMONDS TEN,0.6218,0.019,0.3592
SPADES FIVE DIAMONDS TEN,0.5862,0.0204,0.3934
SPADES SIX DIAMONDS TEN,0.5866,0.017,0.3964
SPADES SEVEN DIAMONDS TEN,0.5606,0.0162,0.4232
SPADES EIGHT DIAMONDS TEN,0.552,0.0176,0.4304
SPADES NINE DIAMONDS TEN,0.5456,0.016,0.4384
CLUBS FOUR DIAMONDS TEN,0.701,0.065,0.234
CLUBS FIVE DIAMONDS TEN,0.597,0.0214,0.3816
CLUBS SIX DIAMONDS TEN,0.5922,0.0148,0.393
CLUBS SEVEN DIAMONDS TEN,0.562,0.0194,0.4186
CLUBS EIGHT DIAMONDS TEN,0.5684,0.017,0.4146
CLUBS NINE DIAMONDS TEN,0.53,0.0158,0.4542
DIAMONDS THREE CLUBS TEN,0.6204,0.0176,0.362
DIAMONDS THREE CLUBS KING,0.3934,0.0102,0.5964
DIAMONDS THREE CLUBS QUEEN,0.383,0.0128,0.6042
DIAMONDS THREE CLUBS ACE,0.3848,0.0048,0.6104
SPADES FIVE SPADES TWO,0.5756,0.0192,0.4052
SPADES THREE SPADES TWO,0.5946,0.02,0.3854
SPADES NINE SPADES TWO,0.5928,0.0174,0.3898
SPADES EIGHT SPADES TWO,0.5864,0.0192,0.3944
SPADES SEVEN SPADES TWO,0.6008,0.0238,0.3754
SPADES SIX SPADES TWO,0.5944,0.022,0.3836
DIAMONDS QUEEN CLUBS THREE,0.3888,0.0136,0.5976
HEARTS TWO CLUBS THREE,0.6454,0.0224,0.3322
DIAMONDS QUEEN CLUBS TWO,0.409,0.0116,0.5794
CLUBS TWO HEARTS TWO,0.4162,0.0528,0.531
DIAMONDS QUEEN HEARTS SEVEN,0.364,0.0136,0.6224
HEARTS TWO HEARTS SEVEN,0.585,0.017,0.398
HEARTS SIX DIAMONDS QUEEN,0.3498,0.0092,0.641
HEARTS SIX HEARTS TWO,0.5938,0.017,0.3892
DIAMONDS QUEEN HEARTS NINE,0.352,0.0102,0.6378
HEARTS TWO HEARTS NINE,0.5712,0.0178,0.411
DIAMONDS QUEEN HEARTS EIGHT,0.3634,0.0096,0.627
HEARTS TWO HEARTS EIGHT,0.583,0.022,0.395
CLUBS NINE HEARTS TWO,0.6158,0.022,0.3622
CLUBS NINE DIAMONDS QUEEN,0.3456,0.011,0.6434
CLUBS EIGHT HEARTS TWO,0.6276,0.02,0.3524
CLUBS EIGHT DIAMONDS QUEEN,0.3528,0.0108,0.6364
CLUBS FIVE DIAMONDS QUEEN,0.3644,0.0138,0.6218
CLUBS FIVE HEARTS TWO,0.6004,0.0216,0.378
SPADES EIGHT HEARTS ACE,0.3578,0.0032,0.639
CLUBS FOUR DIAMONDS QUEEN,0.2302,0.0502,0.7196
CLUBS FOUR HEARTS TWO,0.6816,0.0632,0.2552
SPADES EIGHT HEARTS QUEEN,0.357,0.0124,0.6306
CLUBS SEVEN HEARTS TWO,0.6234,0.0274,0.3492
CLUBS SEVEN DIAMONDS QUEEN,0.3646,0.0124,0.623
CLUBS SIX DIAMONDS QUEEN,0.3628,0.0126,0.6246
CLUBS SIX HEARTS TWO,0.6202,0.0216,0.3582
SPADES EIGHT HEARTS KING,0.353,0.0066,0.6404
HEARTS TWO SPADES SIX,0.6212,0.021,0.3578
DIAMONDS QUEEN SPADES SIX,0.3606,0.011,0.6284
HEARTS FOUR CLUBS QUEEN,0.2278,0.049,0.7232
DIAMONDS ACE CLUBS QUEEN,0.3094,0.0038,0.6868
DIAMONDS QUEEN SPADES SEVEN,0.3648,0.009,0.6262
HEARTS TWO SPADES SEVEN,0.6258,0.0222,0.352
HEARTS FOUR CLUBS KING,0.228,0.039,0.733
DIAMONDS ACE CLUBS KING,0.3168,0.0044,0.6788
DIAMONDS QUEEN SPADES EIGHT,0.35,0.0114,0.6386
SPADES EIGHT HEARTS TWO,0.6256,0.0204,0.354
HEARTS FOUR CLUBS ACE,0.2382,0.0242,0.7376
DIAMONDS ACE CLUBS ACE,0.1162,0.0042,0.8796
SPADES NINE DIAMONDS QUEEN,0.3472,0.0092,0.6436
SPADES NINE HEARTS TWO,0.6162,0.0202,0.3636
HEARTS TWO SPADES TWO,0.41,0.0504,0.5396
DIAMONDS QUEEN SPADES TWO,0.3956,0.0128,0.5916
HEARTS TWO SPADES THREE,0.641,0.0238,0.3352
DIAMONDS QUEEN SPADES THREE,0.3806,0.0126,0.6068
HEARTS FOUR CLUBS TEN,0.6976,0.0598,0.2426
DIAMONDS ACE CLUBS TEN,0.3482,0.0032,0.6486
HEARTS TWO SPADES FIVE,0.5944,0.0212,0.3844
DIAMONDS QUEEN SPADES FIVE,0.3504,0.0132,0.6364
CLUBS FIVE CLUBS KING,0.349,0.0068,0.6442
CLUBS FIVE CLUBS QUEEN,0.3256,0.0116,0.6628
CLUBS FIVE CLUBS ACE,0.338,0.0072,0.6548
CLUBS FIVE CLUBS TEN,0.574,0.0144,0.4116
SPADES SIX CLUBS KING,0.359,0.0072,0.6338
SPADES SIX CLUBS QUEEN,0.3488,0.01,0.6412
SPADES EIGHT HEARTS JACK,0.2266,0.231,0.5424
SPADES SIX CLUBS ACE,0.3606,0.0048,0.6346
SPADES EIGHT HEARTS TEN,0.551,0.0122,0.4368
SPADES SIX CLUBS TEN,0.5866,0.018,0.3954
SPADES QUEEN CLUBS SEVEN,0.3442,0.0122,0.6436
SPADES KING CLUBS SEVEN,0.3602,0.0082,0.6316
SPADES ACE CLUBS SEVEN,0.35,0.005,0.645
SPADES SIX HEARTS TEN,0.5874,0.016,0.3966
SPADES SIX HEARTS JACK,0.2228,0.3946,0.3826
SPADES SIX HEARTS ACE,0.3552,0.0056,0.6392
SPADES SIX HEARTS KING,0.3548,0.008,0.6372
SPADES SIX HEARTS QUEEN,0.3556,0.0104,0.634
SPADES JACK CLUBS SEVEN,0.2126,0.3022,0.4852
CLUBS SEVEN SPADES TEN,0.5732,0.02,0.4068
HEARTS SIX CLUBS TEN,0.5866,0.0206,0.3928
HEARTS SIX CLUBS QUEEN,0.3568,0.012,0.6312
HEARTS SIX CLUBS KING,0.3524,0.0104,0.6372
HEARTS SIX CLUBS ACE,0.3674,0.0032,0.6294
DIAMONDS THREE HEARTS ACE,0.3896,0.0052,0.6052
DIAMONDS THREE HEARTS QUEEN,0.3964,0.015,0.5886
DIAMONDS THREE HEARTS KING,0.402,0.0064,0.5916
CLUBS FIVE HEARTS JACK,0.2192,0.4594,0.3214
SPADES TEN DIAMONDS ACE,0.342,0.003,0.655
HEARTS FOUR SPADES TEN,0.7002,0.0674,0.2324
CLUBS FIVE HEARTS TEN,0.6006,0.0176,0.3818
HEARTS FOUR SPADES JACK,0.0114,0.9684,0.0202
SPADES JACK DIAMONDS ACE,0.221,0.0214,0.7576
SPADES ACE HEARTS FOUR,0.237,0.0234,0.7396
SPADES ACE DIAMONDS ACE,0.124,0.0056,0.8704
CLUBS FIVE HEARTS ACE,0.3488,0.0062,0.645
CLUBS FIVE HEARTS KING,0.3568,0.0074,0.6358
HEARTS FOUR SPADES QUEEN,0.2236,0.0432,0.7332
SPADES QUEEN DIAMONDS ACE,0.3124,0.0054,0.6822
CLUBS FIVE HEARTS QUEEN,0.3538,0.0118,0.6344
SPADES KING DIAMONDS ACE,0.3302,0.0034,0.6664
HEARTS FOUR SPADES KING,0.2288,0.0358,0.7354
DIAMONDS QUEEN DIAMONDS ACE,0.302,0.0042,0.6938
HEARTS TWO DIAMONDS ACE,0.3798,0.0048,0.6154
HEARTS FOUR DIAMONDS QUEEN,0.2418,0.0456,0.7126
HEARTS FOUR HEARTS TWO,0.636,0.062,0.302
DIAMONDS THREE HEARTS TEN,0.631,0.023,0.346
HEARTS FIVE DIAMONDS QUEEN,0.3458,0.0098,0.6444
HEARTS FIVE HEARTS TWO,0.5656,0.0216,0.4128
DIAMONDS THREE HEARTS JACK,0.2628,0.5286,0.2086
DIAMONDS QUEEN HEARTS TWO,0.4078,0.0108,0.5814
DIAMONDS KING DIAMONDS QUEEN,0.2978,0.005,0.6972
DIAMONDS KING HEARTS TWO,0.3998,0.007,0.5932
HEARTS THREE DIAMONDS QUEEN,0.401,0.0126,0.5864
HEARTS THREE HEARTS TWO,0.5996,0.0186,0.3818
HEARTS TWO CLUBS ACE,0.3784,0.0048,0.6168
DIAMONDS QUEEN CLUBS ACE,0.3178,0.0042,0.678
HEARTS TWO CLUBS QUEEN,0.3754,0.0106,0.614
DIAMONDS QUEEN CLUBS QUEEN,0.149,0.0104,0.8406
HEARTS TWO CLUBS KING,0.3998,0.0088,0.5914
DIAMONDS QUEEN CLUBS KING,0.3064,0.0078,0.6858
SPADES EIGHT SPADES FIVE,0.5418,0.0162,0.442
HEARTS TWO CLUBS TEN,0.618,0.024,0.358
DIAMONDS QUEEN CLUBS TEN,0.3304,0.0128,0.6568
SPADES NINE SPADES FIVE,0.5618,0.0196,0.4186
SPADES SIX SPADES FIVE,0.5176,0.0216,0.4608
SPADES SEVEN SPADES FIVE,0.5362,0.018,0.4458
DIAMONDS FIVE CLUBS QUEEN,0.352,0.0128,0.6352
SPADES EIGHT CLUBS ACE,0.3518,0.005,0.6432
DIAMONDS FIVE CLUBS KING,0.3544,0.0098,0.6358
SPADES EIGHT CLUBS KING,0.3538,0.0092,0.637
CLUBS ACE DIAMONDS FIVE,0.3414,0.0032,0.6554
SPADES EIGHT CLUBS QUEEN,0.3428,0.0128,0.6444
SPADES EIGHT CLUBS TEN,0.5544,0.0174,0.4282
DIAMONDS FIVE CLUBS TEN,0.6084,0.019,0.3726
HEARTS JACK DIAMONDS TEN,0.2372,0.1174,0.6454
DIAMONDS TEN HEARTS TEN,0.285,0.0222,0.6928
SPADES ACE CLUBS NINE,0.3498,0.0056,0.6446
CLUBS NINE SPADES QUEEN,0.3316,0.0124,0.656
SPADES KING CLUBS NINE,0.3494,0.0076,0.643
HEARTS SIX HEARTS KING,0.3482,0.0062,0.6456
DIAMONDS KING SPADES SEVEN,0.3754,0.0062,0.6184
HEARTS THREE SPADES SEVEN,0.6128,0.0192,0.368
SPADES KING DIAMONDS SEVEN,0.3552,0.007,0.6378
HEARTS SIX HEARTS QUEEN,0.3384,0.0082,0.6534
SPADES QUEEN DIAMONDS SEVEN,0.3626,0.011,0.6264
HEARTS THREE SPADES SIX,0.6076,0.0226,0.3698
DIAMONDS KING SPADES SIX,0.3588,0.0088,0.6324
DIAMONDS KING SPADES NINE,0.337,0.0086,0.6544
HEARTS THREE SPADES NINE,0.6212,0.018,0.3608
HEARTS SIX HEARTS ACE,0.3412,0.0056,0.6532
DIAMONDS KING SPADES EIGHT,0.3678,0.0076,0.6246
HEARTS THREE SPADES EIGHT,0.625,0.0182,0.3568
SPADES ACE DIAMONDS SEVEN,0.3576,0.0048,0.6376
CLUBS NINE HEARTS THREE,0.6304,0.0196,0.35
