opposingHand,winningChance,drawChance,lostChance
CLUBS SIX CLUBS KING
HEARTS FIVE SPADES TEN,0.655,0.007,0.338
SPADES JACK HEARTS FIVE,0.6448,0.0084,0.3468
SPADES FIVE CLUBS JACK,0.6442,0.006,0.3498
CLUBS TEN SPADES FIVE,0.6518,0.0082,0.34
CLUBS EIGHT CLUBS JACK,0.5806,0.0086,0.4108
CLUBS TEN CLUBS EIGHT,0.582,0.0076,0.4104
SPADES FIVE CLUBS ACE,0.4184,0.0038,0.5778
CLUBS EIGHT CLUBS QUEEN,0.6018,0.0096,0.3886
SPADES FIVE CLUBS QUEEN,0.6458,0.0068,0.3474
CLUBS EIGHT CLUBS ACE,0.3444,0.0052,0.6504
DIAMONDS TWO DIAMONDS THREE,0.6108,0.0092,0.38
DIAMONDS TWO DIAMONDS FIVE,0.6222,0.0094,0.3684
SPADES KING HEARTS FIVE,0.4264,0.356,0.2176
DIAMONDS TWO DIAMONDS FOUR,0.632,0.0092,0.3588
SPADES QUEEN HEARTS FIVE,0.6484,0.0078,0.3438
DIAMONDS TWO DIAMONDS SEVEN,0.6286,0.008,0.3634
DIAMONDS TWO DIAMONDS SIX,0.702,0.0374,0.2606
SPADES ACE HEARTS FIVE,0.4218,0.0038,0.5744
DIAMONDS TWO DIAMONDS NINE,0.6146,0.0082,0.3772
DIAMONDS TWO DIAMONDS EIGHT,0.63,0.0066,0.3634
DIAMONDS THREE DIAMONDS FOUR,0.6142,0.0062,0.3796
CLUBS TWO SPADES FOUR,0.6584,0.0102,0.3314
DIAMONDS THREE DIAMONDS FIVE,0.6058,0.0096,0.3846
CLUBS TWO SPADES FIVE,0.6646,0.0098,0.3256
CLUBS TWO SPADES TWO,0.4748,0.0164,0.5088
CLUBS TWO SPADES THREE,0.6616,0.0086,0.3298
DIAMONDS THREE DIAMONDS EIGHT,0.623,0.0064,0.3706
SPADES EIGHT CLUBS TWO,0.6502,0.0076,0.3422
DIAMONDS THREE DIAMONDS NINE,0.6182,0.0074,0.3744
SPADES NINE CLUBS TWO,0.6584,0.0088,0.3328
DIAMONDS THREE DIAMONDS SIX,0.6794,0.0372,0.2834
CLUBS TWO SPADES SIX,0.7286,0.0404,0.231
DIAMONDS THREE DIAMONDS SEVEN,0.6118,0.0074,0.3808
CLUBS TWO SPADES SEVEN,0.655,0.0096,0.3354
CLUBS SEVEN CLUBS TWO,0.6508,0.0074,0.3418
CLUBS FOUR CLUBS TWO,0.6592,0.0106,0.3302
CLUBS FIVE CLUBS TWO,0.6572,0.0106,0.3322
CLUBS TEN CLUBS JACK,0.5532,0.0074,0.4394
DIAMONDS FOUR DIAMONDS SIX,0.6626,0.0404,0.297
CLUBS TEN CLUBS QUEEN,0.5778,0.008,0.4142
DIAMONDS FOUR DIAMONDS SEVEN,0.6126,0.0076,0.3798
CLUBS TEN CLUBS ACE,0.3334,0.0062,0.6604
CLUBS EIGHT CLUBS TWO,0.6464,0.0098,0.3438
DIAMONDS FIVE DIAMONDS FOUR,0.6096,0.0082,0.3822
CLUBS NINE CLUBS TWO,0.6528,0.0092,0.338
DIAMONDS NINE DIAMONDS FOUR,0.6176,0.0108,0.3716
DIAMONDS EIGHT DIAMONDS FOUR,0.619,0.0056,0.3754
CLUBS TWO CLUBS THREE,0.6608,0.0102,0.329
DIAMONDS NINE DIAMONDS FIVE,0.6136,0.0056,0.3808
DIAMONDS TWO CLUBS JACK,0.6468,0.008,0.3452
DIAMONDS EIGHT DIAMONDS FIVE,0.6042,0.0076,0.3882
CLUBS TEN DIAMONDS TWO,0.6576,0.0076,0.3348
DIAMONDS FIVE DIAMONDS SEVEN,0.5816,0.0072,0.4112
DIAMONDS FIVE DIAMONDS SIX,0.6596,0.032,0.3084
DIAMONDS TWO CLUBS ACE,0.4188,0.0054,0.5758
DIAMONDS TWO CLUBS QUEEN,0.6486,0.0082,0.3432
DIAMONDS EIGHT DIAMONDS SIX,0.6592,0.0316,0.3092
DIAMONDS NINE DIAMONDS SIX,0.6874,0.029,0.2836
HEARTS ACE SPADES THREE,0.4194,0.004,0.5766
HEARTS KING SPADES THREE,0.427,0.3662,0.2068
DIAMONDS SEVEN DIAMONDS SIX,0.6544,0.0312,0.3144
SPADES THREE HEARTS QUEEN,0.6564,0.0066,0.337
HEARTS JACK SPADES THREE,0.6476,0.0084,0.344
SPADES THREE HEARTS TEN,0.6444,0.0072,0.3484
DIAMONDS EIGHT DIAMONDS SEVEN,0.5548,0.008,0.4372
DIAMONDS NINE DIAMONDS SEVEN,0.5586,0.0058,0.4356
DIAMONDS NINE DIAMONDS EIGHT,0.554,0.0058,0.4402
DIAMONDS KING HEARTS TEN,0.2858,0.1114,0.6028
HEARTS THREE HEARTS TEN,0.6014,0.007,0.3916
DIAMONDS KING HEARTS JACK,0.2926,0.0816,0.6258
HEARTS THREE HEARTS JACK,0.6182,0.0086,0.3732
SPADES JACK SPADES FIVE,0.6178,0.009,0.3732
SPADES TEN SPADES FIVE,0.6222,0.0088,0.369
DIAMONDS KING HEARTS ACE,0.2872,0.0118,0.701
HEARTS THREE HEARTS ACE,0.4144,0.005,0.5806
DIAMONDS KING HEARTS QUEEN,0.2774,0.0646,0.658
HEARTS THREE HEARTS QUEEN,0.605,0.007,0.388
DIAMONDS KING HEARTS KING,0.123,0.013,0.864
HEARTS THREE HEARTS KING,0.4146,0.3392,0.2462
SPADES NINE HEARTS TEN,0.579,0.008,0.413
SPADES NINE HEARTS JACK,0.579,0.0054,0.4156
SPADES QUEEN SPADES FIVE,0.6134,0.0076,0.379
SPADES KING SPADES FIVE,0.4058,0.3324,0.2618
SPADES ACE SPADES FIVE,0.3908,0.0044,0.6048
SPADES NINE HEARTS QUEEN,0.6098,0.0054,0.3848
SPADES NINE HEARTS KING,0.2684,0.1574,0.5742
SPADES NINE HEARTS ACE,0.4018,0.0046,0.5936
CLUBS TEN SPADES JACK,0.5608,0.008,0.4312
CLUBS TEN SPADES TEN,0.325,0.0094,0.6656
SPADES ACE CLUBS TEN,0.396,0.0068,0.5972
SPADES KING CLUBS TEN,0.27,0.1102,0.6198
CLUBS TEN SPADES QUEEN,0.5644,0.0066,0.429
SPADES FIVE HEARTS QUEEN,0.6574,0.0056,0.337
HEARTS KING SPADES FIVE,0.4236,0.3636,0.2128
SPADES FIVE HEARTS ACE,0.4242,0.0054,0.5704
CLUBS EIGHT SPADES TEN,0.5858,0.0058,0.4084
HEARTS THREE SPADES JACK,0.6516,0.008,0.3404
SPADES JACK DIAMONDS KING,0.2768,0.079,0.6442
SPADES TEN DIAMONDS KING,0.2802,0.1096,0.6102
HEARTS THREE SPADES TEN,0.656,0.0064,0.3376
SPADES JACK CLUBS EIGHT,0.6008,0.0048,0.3944
SPADES ACE CLUBS EIGHT,0.3818,0.0032,0.615
HEARTS FIVE CLUBS JACK,0.6578,0.0066,0.3356
CLUBS TEN HEARTS FIVE,0.6424,0.0066,0.351
SPADES QUEEN CLUBS EIGHT,0.6062,0.0056,0.3882
CLUBS TEN SPADES THREE,0.6404,0.0084,0.3512
SPADES KING CLUBS EIGHT,0.2628,0.2202,0.517
SPADES THREE CLUBS JACK,0.6572,0.0074,0.3354
DIAMONDS TWO HEARTS JACK,0.6594,0.0094,0.3312
SPADES THREE CLUBS QUEEN,0.6562,0.0068,0.337
DIAMONDS TWO HEARTS TEN,0.65,0.0092,0.3408
HEARTS FIVE CLUBS ACE,0.4054,0.0052,0.5894
SPADES FIVE HEARTS TEN,0.6604,0.0062,0.3334
SPADES THREE CLUBS ACE,0.406,0.006,0.588
SPADES FIVE HEARTS JACK,0.6488,0.007,0.3442
HEARTS FIVE CLUBS QUEEN,0.6514,0.0072,0.3414
HEARTS THREE CLUBS QUEEN,0.651,0.0072,0.3418
DIAMONDS KING CLUBS QUEEN,0.264,0.0666,0.6694
HEARTS FIVE HEARTS JACK,0.6136,0.0044,0.382
HEARTS FIVE HEARTS TEN,0.6142,0.0078,0.378
HEARTS THREE CLUBS ACE,0.4078,0.0048,0.5874
DIAMONDS KING CLUBS ACE,0.2466,0.012,0.7414
SPADES ACE CLUBS QUEEN,0.392,0.005,0.603
SPADES KING CLUBS QUEEN,0.2698,0.0624,0.6678
HEARTS THREE CLUBS JACK,0.6434,0.0118,0.3448
DIAMONDS KING CLUBS JACK,0.2788,0.0802,0.641
SPADES QUEEN CLUBS QUEEN,0.3098,0.0022,0.688
CLUBS TEN HEARTS THREE,0.643,0.008,0.349
CLUBS TEN DIAMONDS KING,0.273,0.1112,0.6158
SPADES JACK CLUBS QUEEN,0.5744,0.004,0.4216
SPADES TEN CLUBS QUEEN,0.567,0.0084,0.4246
HEARTS FIVE HEARTS KING,0.398,0.3408,0.2612
HEARTS FIVE HEARTS QUEEN,0.614,0.009,0.377
HEARTS FIVE HEARTS ACE,0.389,0.0034,0.6076
SPADES SEVEN HEARTS JACK,0.6122,0.0068,0.381
SPADES SEVEN HEARTS TEN,0.6112,0.005,0.3838
DIAMONDS TWO CLUBS TWO,0.4706,0.0186,0.5108
DIAMONDS TWO CLUBS THREE,0.6558,0.0098,0.3344
HEARTS SIX DIAMONDS TWO,0.7402,0.0394,0.2204
DIAMONDS TWO HEARTS QUEEN,0.6508,0.0084,0.3408
DIAMONDS TWO HEARTS SEVEN,0.66,0.0074,0.3326
DIAMONDS TWO HEARTS KING,0.4394,0.3528,0.2078
DIAMONDS TWO HEARTS EIGHT,0.6638,0.0072,0.329
DIAMONDS TWO HEARTS ACE,0.442,0.0048,0.5532
DIAMONDS TWO HEARTS NINE,0.6654,0.0078,0.3268
DIAMONDS TWO DIAMONDS QUEEN,0.6106,0.008,0.3814
DIAMONDS TWO HEARTS TWO,0.4776,0.015,0.5074
DIAMONDS TWO DIAMONDS KING,0.411,0.3346,0.2544
HEARTS THREE DIAMONDS TWO,0.6602,0.0102,0.3296
DIAMONDS TWO DIAMONDS ACE,0.4124,0.0042,0.5834
HEARTS FOUR DIAMONDS TWO,0.6736,0.0108,0.3156
DIAMONDS TWO HEARTS FIVE,0.6548,0.0082,0.337
SPADES SEVEN HEARTS ACE,0.3842,0.0044,0.6114
DIAMONDS TWO DIAMONDS TEN,0.6066,0.0084,0.385
SPADES SEVEN HEARTS KING,0.2662,0.284,0.4498
DIAMONDS TWO DIAMONDS JACK,0.6078,0.0074,0.3848
SPADES SEVEN HEARTS QUEEN,0.6286,0.0054,0.366
DIAMONDS TWO SPADES NINE,0.6522,0.0068,0.341
DIAMONDS TWO SPADES EIGHT,0.6586,0.007,0.3344
DIAMONDS TWO SPADES SEVEN,0.672,0.0086,0.3194
DIAMONDS TWO SPADES SIX,0.7362,0.0406,0.2232
DIAMONDS TWO SPADES FIVE,0.6824,0.0088,0.3088
DIAMONDS TWO SPADES FOUR,0.67,0.0058,0.3242
DIAMONDS TWO SPADES THREE,0.6614,0.0106,0.328
DIAMONDS TWO SPADES TWO,0.4872,0.0166,0.4962
CLUBS NINE DIAMONDS TWO,0.6526,0.0074,0.34
DIAMONDS TWO CLUBS EIGHT,0.6654,0.0094,0.3252
CLUBS SEVEN DIAMONDS TWO,0.664,0.0074,0.3286
DIAMONDS TWO CLUBS FIVE,0.67,0.0114,0.3186
DIAMONDS TWO CLUBS FOUR,0.6572,0.0104,0.3324
CLUBS FOUR SPADES FIVE,0.632,0.009,0.359
CLUBS FOUR SPADES FOUR,0.4708,0.0142,0.515
CLUBS FOUR SPADES THREE,0.6394,0.0084,0.3522
CLUBS FOUR SPADES TWO,0.6534,0.0112,0.3354
CLUBS FOUR SPADES NINE,0.6586,0.0098,0.3316
CLUBS FOUR SPADES EIGHT,0.6482,0.0094,0.3424
CLUBS FOUR SPADES SEVEN,0.6406,0.0072,0.3522
CLUBS FOUR SPADES SIX,0.7012,0.0376,0.2612
SPADES ACE DIAMONDS SIX,0.2802,0.0266,0.6932
SPADES QUEEN DIAMONDS SIX,0.7432,0.0408,0.216
SPADES KING DIAMONDS SIX,0.078,0.9006,0.0214
SPADES TEN DIAMONDS SIX,0.7292,0.0332,0.2376
SPADES JACK DIAMONDS SIX,0.7416,0.0322,0.2262
SPADES QUEEN SPADES TWO,0.625,0.0088,0.3662
SPADES KING SPADES TWO,0.4176,0.3382,0.2442
SPADES ACE SPADES TWO,0.4046,0.005,0.5904
DIAMONDS JACK CLUBS JACK,0.3234,0.0056,0.671
CLUBS TEN DIAMONDS JACK,0.5752,0.007,0.4178
DIAMONDS JACK CLUBS QUEEN,0.5862,0.0044,0.4094
DIAMONDS THREE DIAMONDS JACK,0.6176,0.007,0.3754
DIAMONDS THREE DIAMONDS TEN,0.6158,0.0082,0.376
DIAMONDS JACK CLUBS ACE,0.3758,0.0058,0.6184
DIAMONDS THREE DIAMONDS KING,0.4048,0.3434,0.2518
HEARTS THREE DIAMONDS THREE,0.4836,0.0168,0.4996
DIAMONDS THREE DIAMONDS QUEEN,0.6156,0.008,0.3764
DIAMONDS THREE HEARTS TWO,0.6676,0.0092,0.3232
HEARTS FIVE DIAMONDS THREE,0.6576,0.0078,0.3346
DIAMONDS THREE DIAMONDS ACE,0.4024,0.0034,0.5942
HEARTS FOUR DIAMONDS THREE,0.6494,0.0104,0.3402
DIAMONDS THREE HEARTS SEVEN,0.6528,0.0098,0.3374
SPADES TEN SPADES NINE,0.555,0.0066,0.4384
HEARTS SIX DIAMONDS THREE,0.7172,0.0398,0.243
SPADES JACK SPADES NINE,0.5494,0.0064,0.4442
DIAMONDS THREE HEARTS NINE,0.6492,0.008,0.3428
HEARTS JACK DIAMONDS FOUR,0.6546,0.0066,0.3388
HEARTS KING HEARTS ACE,0.2654,0.0112,0.7234
SPADES TEN SPADES TWO,0.6186,0.008,0.3734
DIAMONDS THREE HEARTS EIGHT,0.67,0.0066,0.3234
HEARTS TEN DIAMONDS FOUR,0.6532,0.009,0.3378
SPADES JACK SPADES TWO,0.6158,0.0096,0.3746
HEARTS QUEEN DIAMONDS FOUR,0.649,0.008,0.343
HEARTS KING DIAMONDS FOUR,0.43,0.356,0.214
SPADES ACE SPADES NINE,0.3826,0.0034,0.614
HEARTS ACE DIAMONDS FOUR,0.4382,0.003,0.5588
SPADES KING SPADES NINE,0.2714,0.146,0.5826
SPADES QUEEN SPADES NINE,0.5634,0.0054,0.4312
DIAMONDS THREE SPADES NINE,0.6488,0.0072,0.344
DIAMONDS THREE SPADES EIGHT,0.659,0.0074,0.3336
DIAMONDS THREE SPADES SEVEN,0.652,0.0068,0.3412
DIAMONDS THREE SPADES SIX,0.7236,0.0396,0.2368
CLUBS ACE DIAMONDS FOUR,0.424,0.0042,0.5718
CLUBS SEVEN DIAMONDS THREE,0.6454,0.0092,0.3454
CLUBS SEVEN CLUBS FIVE,0.622,0.0094,0.3686
DIAMONDS THREE CLUBS FOUR,0.6454,0.0084,0.3462
DIAMONDS FOUR CLUBS QUEEN,0.65,0.0088,0.3412
DIAMONDS THREE CLUBS FIVE,0.6514,0.0084,0.3402
DIAMONDS THREE CLUBS TWO,0.6644,0.01,0.3256
CLUBS TEN DIAMONDS FOUR,0.6568,0.0084,0.3348
DIAMONDS THREE CLUBS THREE,0.4746,0.016,0.5094
DIAMONDS FOUR CLUBS JACK,0.652,0.0062,0.3418
DIAMONDS THREE SPADES FOUR,0.662,0.0078,0.3302
DIAMONDS THREE SPADES FIVE,0.6508,0.0108,0.3384
DIAMONDS THREE SPADES TWO,0.6746,0.0098,0.3156
DIAMONDS THREE SPADES THREE,0.473,0.0146,0.5124
CLUBS EIGHT DIAMONDS THREE,0.6592,0.01,0.3308
CLUBS NINE DIAMONDS THREE,0.6396,0.0062,0.3542
SPADES SEVEN CLUBS ACE,0.3934,0.0032,0.6034
SPADES SEVEN CLUBS QUEEN,0.6216,0.0094,0.369
CLUBS FIVE SPADES SEVEN,0.6268,0.0068,0.3664
CLUBS TEN SPADES SEVEN,0.5974,0.007,0.3956
CLUBS FIVE SPADES SIX,0.6842,0.0418,0.274
SPADES SEVEN CLUBS JACK,0.5986,0.0054,0.396
SPADES NINE CLUBS FIVE,0.6446,0.0076,0.3478
CLUBS FIVE SPADES EIGHT,0.636,0.0088,0.3552
CLUBS FIVE SPADES THREE,0.6444,0.0084,0.3472
CLUBS FIVE SPADES TWO,0.662,0.0088,0.3292
CLUBS FIVE SPADES FIVE,0.4754,0.015,0.5096
CLUBS FIVE SPADES FOUR,0.6432,0.007,0.3498
CLUBS NINE CLUBS FIVE,0.6226,0.0094,0.368
CLUBS EIGHT CLUBS FIVE,0.6348,0.0082,0.357
CLUBS ACE CLUBS QUEEN,0.329,0.006,0.665
DIAMONDS TEN DIAMONDS FOUR,0.6096,0.0076,0.3828
CLUBS TEN DIAMONDS NINE,0.5824,0.0064,0.4112
DIAMONDS JACK DIAMONDS FOUR,0.6112,0.0086,0.3802
DIAMONDS NINE CLUBS JACK,0.5762,0.0066,0.4172
SPADES NINE CLUBS JACK,0.587,0.0058,0.4072
CLUBS TEN SPADES NINE,0.569,0.0056,0.4254
DIAMONDS ACE DIAMONDS FOUR,0.4096,0.0048,0.5856
HEARTS FOUR DIAMONDS FOUR,0.4662,0.0148,0.519
DIAMONDS JACK HEARTS TEN,0.566,0.0054,0.4286
DIAMONDS TWO SPADES TEN,0.67,0.007,0.323
DIAMONDS NINE CLUBS ACE,0.3986,0.0038,0.5976
HEARTS FIVE DIAMONDS FOUR,0.641,0.0098,0.3492
HEARTS JACK DIAMONDS JACK,0.325,0.0048,0.6702
SPADES NINE CLUBS QUEEN,0.5924,0.007,0.4006
DIAMONDS TWO SPADES JACK,0.6448,0.0084,0.3468
DIAMONDS QUEEN DIAMONDS FOUR,0.6096,0.009,0.3814
HEARTS TWO DIAMONDS FOUR,0.6606,0.0074,0.332
DIAMONDS NINE CLUBS QUEEN,0.602,0.0084,0.3896
DIAMONDS KING DIAMONDS FOUR,0.4038,0.331,0.2652
HEARTS THREE DIAMONDS FOUR,0.6524,0.0078,0.3398
SPADES NINE CLUBS ACE,0.3956,0.004,0.6004
HEARTS ACE DIAMONDS JACK,0.3898,0.0034,0.6068
SPADES ACE DIAMONDS TWO,0.4198,0.006,0.5742
DIAMONDS JACK HEARTS QUEEN,0.583,0.0048,0.4122
SPADES QUEEN DIAMONDS TWO,0.6558,0.0088,0.3354
HEARTS KING DIAMONDS JACK,0.2876,0.084,0.6284
SPADES KING DIAMONDS TWO,0.4212,0.3662,0.2126
SPADES JACK SPADES SEVEN,0.5856,0.0056,0.4088
SPADES TEN SPADES SEVEN,0.5726,0.0056,0.4218
CLUBS SEVEN CLUBS THREE,0.651,0.0094,0.3396
CLUBS FIVE CLUBS THREE,0.654,0.0098,0.3362
CLUBS FOUR CLUBS THREE,0.654,0.0104,0.3356
CLUBS NINE CLUBS THREE,0.6442,0.0104,0.3454
CLUBS EIGHT CLUBS THREE,0.6542,0.0094,0.3364
CLUBS THREE SPADES FIVE,0.6458,0.0082,0.346
CLUBS THREE SPADES FOUR,0.6462,0.0126,0.3412
CLUBS THREE SPADES THREE,0.4788,0.018,0.5032
CLUBS THREE SPADES TWO,0.6554,0.0088,0.3358
CLUBS THREE SPADES SIX,0.7312,0.0372,0.2316
SPADES SEVEN CLUBS THREE,0.6374,0.009,0.3536
SPADES EIGHT CLUBS THREE,0.6624,0.0086,0.329
SPADES NINE CLUBS THREE,0.6574,0.0078,0.3348
SPADES TWO DIAMONDS FOUR,0.6706,0.009,0.3204
SPADES THREE DIAMONDS FOUR,0.6588,0.0084,0.3328
SPADES FOUR DIAMONDS FOUR,0.4738,0.0182,0.508
SPADES FIVE DIAMONDS FOUR,0.633,0.008,0.359
SPADES SIX DIAMONDS FOUR,0.7008,0.0418,0.2574
SPADES SEVEN DIAMONDS FOUR,0.639,0.0074,0.3536
SPADES EIGHT DIAMONDS FOUR,0.6462,0.0072,0.3466
SPADES NINE DIAMONDS FOUR,0.6602,0.0082,0.3316
CLUBS FIVE DIAMONDS FOUR,0.64,0.0084,0.3516
CLUBS FOUR DIAMONDS FOUR,0.4612,0.018,0.5208
CLUBS SEVEN DIAMONDS FOUR,0.6404,0.0082,0.3514
CLUBS NINE DIAMONDS FOUR,0.661,0.009,0.33
CLUBS EIGHT DIAMONDS FOUR,0.65,0.0088,0.3412
DIAMONDS FOUR HEARTS SEVEN,0.639,0.0068,0.3542
HEARTS SIX DIAMONDS FOUR,0.7142,0.0382,0.2476
HEARTS NINE DIAMONDS FOUR,0.6576,0.008,0.3344
DIAMONDS FOUR HEARTS EIGHT,0.6466,0.0082,0.3452
CLUBS THREE DIAMONDS FOUR,0.6538,0.0096,0.3366
CLUBS TWO DIAMONDS FOUR,0.6668,0.0086,0.3246
DIAMONDS TEN DIAMONDS FIVE,0.6212,0.007,0.3718
DIAMONDS JACK DIAMONDS FIVE,0.6122,0.0068,0.381
DIAMONDS NINE HEARTS QUEEN,0.5972,0.006,0.3968
HEARTS KING DIAMONDS NINE,0.2758,0.153,0.5712
DIAMONDS NINE HEARTS ACE,0.3916,0.0026,0.6058
DIAMONDS NINE HEARTS TEN,0.5746,0.0054,0.42
DIAMONDS NINE HEARTS JACK,0.5872,0.0056,0.4072
CLUBS QUEEN DIAMONDS SIX,0.733,0.045,0.222
CLUBS ACE DIAMONDS SIX,0.2702,0.0242,0.7056
SPADES KING DIAMONDS FOUR,0.4336,0.3546,0.2118
SPADES ACE SPADES SEVEN,0.367,0.0058,0.6272
SPADES QUEEN DIAMONDS FOUR,0.6488,0.0082,0.343
SPADES QUEEN SPADES SEVEN,0.6038,0.0084,0.3878
CLUBS JACK DIAMONDS SIX,0.7486,0.0336,0.2178
SPADES KING SPADES SEVEN,0.2568,0.274,0.4692
SPADES ACE DIAMONDS FOUR,0.4346,0.0054,0.56
CLUBS TEN DIAMONDS SIX,0.7258,0.035,0.2392
CLUBS NINE CLUBS FOUR,0.6436,0.0102,0.3462
CLUBS EIGHT CLUBS FOUR,0.644,0.0102,0.3458
SPADES JACK DIAMONDS FOUR,0.6468,0.0078,0.3454
SPADES TEN DIAMONDS FOUR,0.661,0.0076,0.3314
CLUBS FOUR CLUBS FIVE,0.6302,0.0102,0.3596
CLUBS SEVEN CLUBS FOUR,0.6268,0.0078,0.3654
CLUBS SEVEN SPADES EIGHT,0.5908,0.0086,0.4006
CLUBS SEVEN SPADES NINE,0.5872,0.0086,0.4042
CLUBS SEVEN SPADES SIX,0.683,0.0346,0.2824
CLUBS SEVEN SPADES SEVEN,0.3668,0.013,0.6202
CLUBS SEVEN SPADES FIVE,0.6232,0.0078,0.369
CLUBS SEVEN SPADES FOUR,0.6374,0.01,0.3526
CLUBS SEVEN SPADES THREE,0.6384,0.0094,0.3522
CLUBS SEVEN SPADES TWO,0.6578,0.0096,0.3326
CLUBS NINE CLUBS SEVEN,0.581,0.0106,0.4084
CLUBS SEVEN CLUBS EIGHT,0.582,0.0104,0.4076
HEARTS SIX DIAMONDS FIVE,0.7002,0.0302,0.2696
DIAMONDS FIVE HEARTS SEVEN,0.6292,0.009,0.3618
DIAMONDS FIVE HEARTS EIGHT,0.6328,0.007,0.3602
HEARTS NINE DIAMONDS FIVE,0.6342,0.0076,0.3582
DIAMONDS QUEEN DIAMONDS FIVE,0.621,0.0096,0.3694
HEARTS TWO DIAMONDS FIVE,0.6782,0.0106,0.3112
HEARTS KING HEARTS EIGHT,0.253,0.2106,0.5364
DIAMONDS KING DIAMONDS FIVE,0.3996,0.3422,0.2582
HEARTS THREE DIAMONDS FIVE,0.6516,0.0098,0.3386
HEARTS QUEEN HEARTS EIGHT,0.5612,0.006,0.4328
DIAMONDS ACE DIAMONDS FIVE,0.4092,0.0048,0.586
HEARTS FOUR DIAMONDS FIVE,0.6332,0.0066,0.3602
HEARTS FIVE DIAMONDS FIVE,0.464,0.0154,0.5206
HEARTS ACE HEARTS EIGHT,0.3886,0.0046,0.6068
CLUBS FOUR DIAMONDS FIVE,0.6376,0.0084,0.354
CLUBS FIVE DIAMONDS FIVE,0.4682,0.0164,0.5154
CLUBS SEVEN DIAMONDS FIVE,0.6144,0.0076,0.378
CLUBS TWO DIAMONDS FIVE,0.6672,0.01,0.3228
CLUBS THREE DIAMONDS FIVE,0.6526,0.0086,0.3388
SPADES THREE DIAMONDS FIVE,0.6602,0.0112,0.3286
SPADES TWO DIAMONDS FIVE,0.664,0.0074,0.3286
SPADES JACK DIAMONDS EIGHT,0.603,0.0054,0.3916
SPADES FIVE DIAMONDS FIVE,0.4656,0.0132,0.5212
CLUBS TEN HEARTS JACK,0.5588,0.0084,0.4328
SPADES TEN DIAMONDS EIGHT,0.5874,0.0064,0.4062
SPADES FOUR DIAMONDS FIVE,0.6344,0.0078,0.3578
HEARTS JACK CLUBS JACK,0.3376,0.005,0.6574
HEARTS JACK CLUBS QUEEN,0.5642,0.006,0.4298
CLUBS NINE DIAMONDS FIVE,0.632,0.0074,0.3606
CLUBS EIGHT DIAMONDS FIVE,0.628,0.008,0.364
HEARTS JACK CLUBS ACE,0.3764,0.0042,0.6194
SPADES SEVEN DIAMONDS FIVE,0.6244,0.0068,0.3688
SPADES KING DIAMONDS EIGHT,0.2798,0.2176,0.5026
SPADES QUEEN DIAMONDS EIGHT,0.6094,0.0072,0.3834
SPADES SIX DIAMONDS FIVE,0.697,0.0344,0.2686
SPADES NINE DIAMONDS FIVE,0.659,0.0066,0.3344
SPADES EIGHT DIAMONDS FIVE,0.639,0.0096,0.3514
SPADES ACE DIAMONDS EIGHT,0.403,0.0036,0.5934
DIAMONDS TEN DIAMONDS SIX,0.6824,0.0316,0.286
HEARTS ACE DIAMONDS SEVEN,0.3996,0.005,0.5954
DIAMONDS JACK DIAMONDS SIX,0.6996,0.036,0.2644
HEARTS QUEEN DIAMONDS SEVEN,0.6274,0.0086,0.364
HEARTS KING DIAMONDS SEVEN,0.2678,0.2876,0.4446
DIAMONDS ACE DIAMONDS SIX,0.2652,0.0278,0.707
HEARTS FOUR DIAMONDS SIX,0.7136,0.0364,0.25
HEARTS JACK SPADES TWO,0.659,0.007,0.334
HEARTS FIVE DIAMONDS SIX,0.6892,0.0386,0.2722
SPADES TWO HEARTS TEN,0.6516,0.0076,0.3408
DIAMONDS QUEEN DIAMONDS SIX,0.6936,0.0354,0.271
HEARTS TWO DIAMONDS SIX,0.738,0.0398,0.2222
DIAMONDS KING DIAMONDS SIX,0.0746,0.8624,0.063
HEARTS THREE DIAMONDS SIX,0.737,0.0342,0.2288
HEARTS EIGHT DIAMONDS SIX,0.7006,0.0346,0.2648
HEARTS NINE DIAMONDS SIX,0.7252,0.0276,0.2472
HEARTS SIX DIAMONDS SIX,0.3616,0.027,0.6114
HEARTS SEVEN DIAMONDS SIX,0.6886,0.03,0.2814
HEARTS TEN DIAMONDS SEVEN,0.6128,0.0068,0.3804
CLUBS TWO DIAMONDS SIX,0.7398,0.0374,0.2228
HEARTS JACK DIAMONDS SEVEN,0.6204,0.0052,0.3744
CLUBS THREE DIAMONDS SIX,0.7088,0.0428,0.2484
CLUBS SEVEN DIAMONDS SIX,0.6822,0.0356,0.2822
DIAMONDS EIGHT CLUBS JACK,0.6022,0.0068,0.391
CLUBS TEN DIAMONDS EIGHT,0.5802,0.0076,0.4122
CLUBS FIVE DIAMONDS SIX,0.6822,0.0368,0.281
CLUBS FOUR DIAMONDS SIX,0.6954,0.041,0.2636
HEARTS ACE HEARTS JACK,0.374,0.0054,0.6206
DIAMONDS EIGHT CLUBS ACE,0.3766,0.0032,0.6202
HEARTS JACK HEARTS QUEEN,0.551,0.0066,0.4424
CLUBS NINE DIAMONDS SIX,0.7076,0.0338,0.2586
HEARTS KING HEARTS JACK,0.2748,0.0794,0.6458
DIAMONDS EIGHT CLUBS QUEEN,0.6122,0.0082,0.3796
CLUBS EIGHT DIAMONDS SIX,0.703,0.0366,0.2604
SPADES TEN HEARTS KING,0.2774,0.1192,0.6034
SPADES FIVE DIAMONDS SIX,0.6976,0.0352,0.2672
HEARTS ACE SPADES TWO,0.4292,0.004,0.5668
SPADES JACK HEARTS KING,0.2834,0.0864,0.6302
SPADES FOUR DIAMONDS SIX,0.709,0.0402,0.2508
SPADES THREE DIAMONDS SIX,0.7264,0.0386,0.235
HEARTS QUEEN SPADES TWO,0.6566,0.0082,0.3352
SPADES ACE SPADES KING,0.2542,0.0142,0.7316
HEARTS KING SPADES TWO,0.44,0.3552,0.2048
SPADES TWO DIAMONDS SIX,0.7412,0.037,0.2218
HEARTS TEN HEARTS EIGHT,0.5556,0.0102,0.4342
SPADES NINE DIAMONDS SIX,0.707,0.0302,0.2628
HEARTS JACK HEARTS EIGHT,0.5748,0.0072,0.418
SPADES EIGHT DIAMONDS SIX,0.6932,0.0366,0.2702
SPADES SEVEN DIAMONDS SIX,0.6922,0.0308,0.277
SPADES SIX DIAMONDS SIX,0.3492,0.028,0.6228
SPADES KING HEARTS KING,0.1334,0.0146,0.852
SPADES QUEEN HEARTS KING,0.2958,0.0604,0.6438
SPADES ACE HEARTS KING,0.2826,0.0118,0.7056
SPADES ACE HEARTS JACK,0.3876,0.0036,0.6088
SPADES QUEEN HEARTS JACK,0.5906,0.0072,0.4022
SPADES KING HEARTS JACK,0.2854,0.0788,0.6358
SPADES TEN DIAMONDS TEN,0.332,0.006,0.662
SPADES JACK DIAMONDS TEN,0.5698,0.0046,0.4256
SPADES ACE DIAMONDS TEN,0.3904,0.0066,0.603
SPADES JACK HEARTS JACK,0.3324,0.0046,0.663
SPADES TEN HEARTS JACK,0.5686,0.008,0.4234
SPADES QUEEN DIAMONDS TEN,0.583,0.0076,0.4094
SPADES KING DIAMONDS TEN,0.2794,0.121,0.5996
SPADES NINE DIAMONDS SEVEN,0.5972,0.008,0.3948
SPADES EIGHT DIAMONDS SEVEN,0.5874,0.0068,0.4058
SPADES SEVEN DIAMONDS SEVEN,0.3688,0.0122,0.619
SPADES SIX DIAMONDS SEVEN,0.6908,0.03,0.2792
DIAMONDS KING DIAMONDS SEVEN,0.254,0.2676,0.4784
HEARTS THREE DIAMONDS SEVEN,0.6524,0.0072,0.3404
HEARTS KING DIAMONDS FIVE,0.4214,0.362,0.2166
DIAMONDS QUEEN DIAMONDS SEVEN,0.5822,0.0068,0.411
HEARTS TWO DIAMONDS SEVEN,0.6552,0.0084,0.3364
HEARTS QUEEN DIAMONDS FIVE,0.651,0.008,0.341
HEARTS FIVE DIAMONDS SEVEN,0.6466,0.0084,0.345
DIAMONDS ACE DIAMONDS SEVEN,0.37,0.0046,0.6254
HEARTS FOUR DIAMONDS SEVEN,0.6448,0.0072,0.348
HEARTS ACE DIAMONDS FIVE,0.4412,0.0052,0.5536
HEARTS SEVEN DIAMONDS SEVEN,0.3592,0.012,0.6288
HEARTS SIX DIAMONDS SEVEN,0.681,0.0316,0.2874
HEARTS NINE DIAMONDS SEVEN,0.5854,0.0082,0.4064
DIAMONDS SEVEN HEARTS EIGHT,0.6112,0.0074,0.3814
DIAMONDS JACK DIAMONDS SEVEN,0.5746,0.0056,0.4198
HEARTS JACK DIAMONDS FIVE,0.6614,0.0064,0.3322
DIAMONDS TEN DIAMONDS SEVEN,0.5812,0.007,0.4118
DIAMONDS FIVE HEARTS TEN,0.6472,0.005,0.3478
SPADES KING CLUBS TWO,0.4228,0.3692,0.208
CLUBS EIGHT DIAMONDS SEVEN,0.5886,0.0068,0.4046
SPADES QUEEN CLUBS TWO,0.6508,0.0076,0.3416
HEARTS KING CLUBS QUEEN,0.2806,0.0618,0.6576
CLUBS NINE DIAMONDS SEVEN,0.5926,0.0066,0.4008
SPADES TWO CLUBS JACK,0.6522,0.0072,0.3406
SPADES ACE CLUBS TWO,0.4248,0.004,0.5712
CLUBS TEN SPADES TWO,0.6478,0.009,0.3432
HEARTS KING CLUBS ACE,0.2586,0.0134,0.728
SPADES TWO DIAMONDS SEVEN,0.647,0.01,0.343
SPADES THREE DIAMONDS SEVEN,0.645,0.0072,0.3478
SPADES TWO CLUBS QUEEN,0.6538,0.0088,0.3374
SPADES FOUR DIAMONDS SEVEN,0.634,0.006,0.36
HEARTS KING CLUBS JACK,0.2616,0.0914,0.647
SPADES FIVE DIAMONDS SEVEN,0.6282,0.0064,0.3654
SPADES TWO CLUBS ACE,0.4226,0.0046,0.5728
CLUBS TEN HEARTS KING,0.2682,0.1136,0.6182
CLUBS TWO DIAMONDS SEVEN,0.6638,0.0078,0.3284
CLUBS THREE DIAMONDS SEVEN,0.646,0.0082,0.3458
CLUBS FOUR DIAMONDS SEVEN,0.6314,0.01,0.3586
CLUBS FIVE DIAMONDS SEVEN,0.6296,0.0082,0.3622
SPADES JACK CLUBS TWO,0.641,0.0102,0.3488
CLUBS SEVEN DIAMONDS SEVEN,0.3562,0.0134,0.6304
SPADES TEN CLUBS TWO,0.6396,0.0084,0.352
CLUBS TWO CLUBS QUEEN,0.639,0.0102,0.3508
CLUBS THREE DIAMONDS EIGHT,0.66,0.0092,0.3308
CLUBS TWO CLUBS ACE,0.3716,0.0068,0.6216
CLUBS TWO DIAMONDS EIGHT,0.655,0.0068,0.3382
DIAMONDS EIGHT HEARTS SEVEN,0.6014,0.006,0.3926
HEARTS SIX DIAMONDS EIGHT,0.7028,0.035,0.2622
DIAMONDS EIGHT HEARTS NINE,0.5812,0.0074,0.4114
CLUBS TEN CLUBS TWO,0.6472,0.0066,0.3462
DIAMONDS EIGHT HEARTS EIGHT,0.3598,0.0072,0.633
CLUBS TWO CLUBS JACK,0.6402,0.0088,0.351
CLUBS NINE DIAMONDS EIGHT,0.5852,0.0082,0.4066
CLUBS EIGHT DIAMONDS EIGHT,0.3624,0.0082,0.6294
CLUBS FIVE DIAMONDS EIGHT,0.6264,0.007,0.3666
SPADES ACE SPADES THREE,0.4088,0.0048,0.5864
CLUBS FOUR DIAMONDS EIGHT,0.655,0.0082,0.3368
CLUBS SEVEN DIAMONDS EIGHT,0.5828,0.0084,0.4088
SPADES QUEEN SPADES THREE,0.614,0.008,0.378
SPADES KING SPADES THREE,0.4112,0.343,0.2458
DIAMONDS QUEEN DIAMONDS EIGHT,0.5778,0.0082,0.414
HEARTS TWO DIAMONDS EIGHT,0.6664,0.0076,0.326
DIAMONDS KING DIAMONDS EIGHT,0.2638,0.2046,0.5316
HEARTS THREE DIAMONDS EIGHT,0.6662,0.009,0.3248
DIAMONDS ACE DIAMONDS EIGHT,0.3742,0.0028,0.623
HEARTS FOUR DIAMONDS EIGHT,0.6484,0.0088,0.3428
HEARTS FIVE DIAMONDS EIGHT,0.6348,0.0066,0.3586
DIAMONDS EIGHT DIAMONDS TEN,0.5598,0.006,0.4342
DIAMONDS EIGHT DIAMONDS JACK,0.5626,0.0064,0.431
SPADES JACK SPADES THREE,0.6174,0.0064,0.3762
SPADES TEN SPADES THREE,0.6294,0.0074,0.3632
CLUBS FOUR HEARTS ACE,0.415,0.0042,0.5808
CLUBS FOUR HEARTS QUEEN,0.6608,0.0078,0.3314
CLUBS FOUR HEARTS KING,0.417,0.3624,0.2206
DIAMONDS EIGHT SPADES FOUR,0.6438,0.009,0.3472
SPADES FIVE DIAMONDS EIGHT,0.638,0.0066,0.3554
DIAMONDS EIGHT SPADES TWO,0.6526,0.0072,0.3402
DIAMONDS EIGHT SPADES THREE,0.6642,0.0076,0.3282
CLUBS FOUR HEARTS JACK,0.6604,0.0072,0.3324
SPADES EIGHT DIAMONDS EIGHT,0.3488,0.0086,0.6426
SPADES TEN DIAMONDS QUEEN,0.5932,0.0044,0.4024
SPADES TEN HEARTS TWO,0.6658,0.0072,0.327
SPADES JACK HEARTS EIGHT,0.6098,0.0046,0.3856
CLUBS FOUR HEARTS TEN,0.655,0.0076,0.3374
SPADES NINE DIAMONDS EIGHT,0.5908,0.0078,0.4014
SPADES TEN HEARTS EIGHT,0.5926,0.0058,0.4016
SPADES JACK HEARTS TWO,0.6516,0.0064,0.342
SPADES JACK DIAMONDS QUEEN,0.565,0.0054,0.4296
SPADES SIX DIAMONDS EIGHT,0.7048,0.0316,0.2636
SPADES SEVEN DIAMONDS EIGHT,0.5844,0.0066,0.409
SPADES ACE HEARTS TWO,0.421,0.004,0.575
SPADES ACE DIAMONDS QUEEN,0.3968,0.0034,0.5998
SPADES ACE HEARTS EIGHT,0.405,0.0034,0.5916
SPADES KING HEARTS EIGHT,0.284,0.2218,0.4942
SPADES QUEEN HEARTS TWO,0.6462,0.0074,0.3464
SPADES QUEEN DIAMONDS QUEEN,0.3248,0.0052,0.67
SPADES KING DIAMONDS QUEEN,0.2924,0.0654,0.6422
SPADES KING HEARTS TWO,0.4394,0.3538,0.2068
SPADES QUEEN HEARTS EIGHT,0.6092,0.006,0.3848
CLUBS TWO HEARTS TEN,0.641,0.0092,0.3498
CLUBS TWO HEARTS JACK,0.657,0.0096,0.3334
SPADES SEVEN DIAMONDS NINE,0.598,0.0066,0.3954
SPADES SIX DIAMONDS NINE,0.713,0.0344,0.2526
SPADES NINE DIAMONDS NINE,0.35,0.0098,0.6402
SPADES EIGHT DIAMONDS NINE,0.5852,0.0056,0.4092
DIAMONDS NINE SPADES THREE,0.6532,0.0088,0.338
DIAMONDS NINE SPADES TWO,0.6532,0.0082,0.3386
DIAMONDS NINE SPADES FIVE,0.6438,0.0086,0.3476
DIAMONDS NINE SPADES FOUR,0.6642,0.0072,0.3286
CLUBS NINE DIAMONDS NINE,0.3398,0.0098,0.6504
CLUBS EIGHT DIAMONDS NINE,0.583,0.0074,0.4096
SPADES JACK CLUBS FOUR,0.6624,0.0074,0.3302
CLUBS SEVEN DIAMONDS NINE,0.6036,0.0074,0.389
SPADES TEN CLUBS FOUR,0.6506,0.0064,0.343
CLUBS FOUR DIAMONDS NINE,0.6644,0.0064,0.3292
CLUBS FIVE DIAMONDS NINE,0.6276,0.0084,0.364
CLUBS TWO DIAMONDS NINE,0.6572,0.007,0.3358
CLUBS THREE DIAMONDS NINE,0.6458,0.0092,0.345
DIAMONDS NINE HEARTS EIGHT,0.597,0.0078,0.3952
DIAMONDS NINE HEARTS NINE,0.3574,0.0082,0.6344
HEARTS SIX DIAMONDS NINE,0.7164,0.0318,0.2518
DIAMONDS NINE HEARTS SEVEN,0.6046,0.006,0.3894
CLUBS NINE CLUBS EIGHT,0.5922,0.0092,0.3986
DIAMONDS ACE DIAMONDS NINE,0.3868,0.0046,0.6086
HEARTS FOUR DIAMONDS NINE,0.6512,0.0056,0.3432
HEARTS FIVE DIAMONDS NINE,0.6452,0.0082,0.3466
CLUBS TWO HEARTS ACE,0.4398,0.0058,0.5544
SPADES ACE CLUBS FOUR,0.4152,0.0044,0.5804
DIAMONDS QUEEN DIAMONDS NINE,0.5548,0.0066,0.4386
HEARTS TWO DIAMONDS NINE,0.6514,0.0076,0.341
CLUBS TWO HEARTS KING,0.4214,0.3556,0.223
SPADES KING CLUBS FOUR,0.4328,0.3512,0.216
DIAMONDS KING DIAMONDS NINE,0.268,0.1414,0.5906
HEARTS THREE DIAMONDS NINE,0.6634,0.0078,0.3288
CLUBS TWO HEARTS QUEEN,0.655,0.0068,0.3382
SPADES QUEEN CLUBS FOUR,0.655,0.0068,0.3382
DIAMONDS NINE DIAMONDS JACK,0.5544,0.0074,0.4382
CLUBS EIGHT SPADES NINE,0.583,0.0072,0.4098
DIAMONDS NINE DIAMONDS TEN,0.5308,0.0062,0.463
CLUBS EIGHT SPADES EIGHT,0.3606,0.0126,0.6268
CLUBS EIGHT SPADES SEVEN,0.5898,0.0074,0.4028
CLUBS EIGHT SPADES SIX,0.7046,0.0344,0.261
CLUBS EIGHT SPADES FIVE,0.6346,0.008,0.3574
CLUBS EIGHT SPADES FOUR,0.6468,0.0088,0.3444
CLUBS EIGHT SPADES THREE,0.6542,0.0086,0.3372
CLUBS EIGHT SPADES TWO,0.6552,0.0068,0.338
HEARTS SIX DIAMONDS TEN,0.7354,0.0316,0.233
DIAMONDS TEN HEARTS SEVEN,0.606,0.0062,0.3878
DIAMONDS TEN HEARTS EIGHT,0.6182,0.0068,0.375
CLUBS FOUR CLUBS JACK,0.6432,0.0098,0.347
DIAMONDS TEN HEARTS NINE,0.5712,0.0066,0.4222
CLUBS TEN CLUBS FOUR,0.6414,0.011,0.3476
CLUBS FOUR CLUBS QUEEN,0.6472,0.0078,0.345
CLUBS TWO DIAMONDS TEN,0.647,0.0086,0.3444
CLUBS THREE DIAMONDS TEN,0.6572,0.0088,0.334
CLUBS FOUR CLUBS ACE,0.3804,0.0048,0.6148
DIAMONDS JACK DIAMONDS TEN,0.547,0.007,0.446
DIAMONDS QUEEN DIAMONDS TEN,0.5388,0.0066,0.4546
HEARTS TWO DIAMONDS TEN,0.656,0.0082,0.3358
DIAMONDS KING DIAMONDS TEN,0.2684,0.101,0.6306
HEARTS THREE DIAMONDS TEN,0.6592,0.0062,0.3346
DIAMONDS ACE DIAMONDS TEN,0.3586,0.0034,0.638
HEARTS FOUR DIAMONDS TEN,0.639,0.0056,0.3554
CLUBS EIGHT HEARTS JACK,0.5966,0.006,0.3974
HEARTS FIVE DIAMONDS TEN,0.6526,0.008,0.3394
CLUBS EIGHT HEARTS TEN,0.5812,0.0082,0.4106
CLUBS EIGHT HEARTS QUEEN,0.6208,0.0058,0.3734
CLUBS EIGHT HEARTS KING,0.265,0.2198,0.5152
CLUBS EIGHT HEARTS ACE,0.3908,0.0032,0.606
CLUBS NINE SPADES THREE,0.644,0.0076,0.3484
CLUBS NINE SPADES TWO,0.6438,0.0096,0.3466
CLUBS NINE SPADES FIVE,0.6396,0.0074,0.353
CLUBS NINE SPADES FOUR,0.6466,0.0086,0.3448
CLUBS NINE SPADES SEVEN,0.5852,0.008,0.4068
CLUBS NINE SPADES SIX,0.7028,0.0332,0.264
CLUBS NINE SPADES NINE,0.3452,0.013,0.6418
CLUBS TEN HEARTS EIGHT,0.5752,0.0054,0.4194
CLUBS NINE SPADES EIGHT,0.5886,0.0074,0.404
CLUBS JACK HEARTS EIGHT,0.5902,0.0064,0.4034
CLUBS QUEEN HEARTS EIGHT,0.6074,0.0094,0.3832
CLUBS ACE HEARTS EIGHT,0.389,0.005,0.606
DIAMONDS ACE HEARTS TEN,0.3904,0.0028,0.6068
HEARTS FOUR HEARTS TEN,0.6266,0.0074,0.366
DIAMONDS ACE HEARTS JACK,0.3766,0.0038,0.6196
HEARTS FOUR HEARTS JACK,0.6124,0.005,0.3826
SPADES KING CLUBS FIVE,0.412,0.368,0.22
SPADES QUEEN CLUBS FIVE,0.6518,0.0084,0.3398
SPADES ACE CLUBS FIVE,0.4106,0.0032,0.5862
DIAMONDS JACK HEARTS SEVEN,0.6078,0.006,0.3862
HEARTS SIX DIAMONDS JACK,0.7504,0.031,0.2186
DIAMONDS JACK HEARTS NINE,0.6002,0.0086,0.3912
DIAMONDS JACK HEARTS EIGHT,0.597,0.0056,0.3974
DIAMONDS KING DIAMONDS JACK,0.2748,0.0762,0.649
HEARTS THREE DIAMONDS JACK,0.6592,0.0068,0.334
SPADES ACE SPADES SIX,0.2702,0.0282,0.7016
HEARTS ACE SPADES FOUR,0.4308,0.0044,0.5648
DIAMONDS QUEEN DIAMONDS JACK,0.5508,0.0066,0.4426
HEARTS TWO DIAMONDS JACK,0.6542,0.0064,0.3394
HEARTS FIVE DIAMONDS JACK,0.6412,0.0076,0.3512
SPADES QUEEN SPADES SIX,0.7078,0.0356,0.2566
SPADES FOUR HEARTS QUEEN,0.6532,0.009,0.3378
DIAMONDS ACE DIAMONDS JACK,0.3662,0.0046,0.6292
HEARTS FOUR DIAMONDS JACK,0.644,0.0066,0.3494
SPADES KING SPADES SIX,0.0706,0.8598,0.0696
HEARTS KING SPADES FOUR,0.4296,0.3636,0.2068
SPADES TEN SPADES SIX,0.6804,0.0342,0.2854
SPADES JACK SPADES SIX,0.6904,0.034,0.2756
SPADES FOUR DIAMONDS JACK,0.6548,0.0082,0.337
SPADES FIVE DIAMONDS JACK,0.644,0.0062,0.3498
DIAMONDS JACK SPADES TWO,0.6542,0.008,0.3378
DIAMONDS JACK SPADES THREE,0.6514,0.0078,0.3408
SPADES ACE DIAMONDS THREE,0.435,0.0036,0.5614
SPADES QUEEN DIAMONDS THREE,0.6568,0.0082,0.335
CLUBS EIGHT DIAMONDS JACK,0.5996,0.0062,0.3942
SPADES KING DIAMONDS THREE,0.4304,0.353,0.2166
CLUBS NINE DIAMONDS JACK,0.568,0.0064,0.4256
CLUBS SEVEN DIAMONDS JACK,0.6016,0.007,0.3914
CLUBS FOUR DIAMONDS JACK,0.6456,0.0084,0.346
CLUBS FIVE DIAMONDS JACK,0.6548,0.0072,0.338
CLUBS TWO DIAMONDS JACK,0.6416,0.009,0.3494
CLUBS THREE DIAMONDS JACK,0.6404,0.01,0.3496
SPADES TEN CLUBS FIVE,0.6392,0.0074,0.3534
HEARTS SIX SPADES JACK,0.7416,0.0338,0.2246
HEARTS SIX SPADES TEN,0.7398,0.0316,0.2286
SPADES JACK CLUBS FIVE,0.6432,0.009,0.3478
SPADES JACK DIAMONDS THREE,0.6512,0.0074,0.3414
CLUBS SEVEN CLUBS ACE,0.3264,0.0048,0.6688
DIAMONDS THREE SPADES TEN,0.6642,0.0082,0.3276
CLUBS SEVEN CLUBS QUEEN,0.627,0.0086,0.3644
SPADES NINE DIAMONDS JACK,0.5936,0.0062,0.4002
CLUBS TEN CLUBS SEVEN,0.6132,0.011,0.3758
DIAMONDS ACE HEARTS ACE,0.168,0.0028,0.8292
HEARTS FOUR HEARTS ACE,0.408,0.0074,0.5846
SPADES EIGHT DIAMONDS JACK,0.5962,0.0064,0.3974
SPADES ACE HEARTS SIX,0.2872,0.0274,0.6854
CLUBS SEVEN CLUBS JACK,0.5902,0.0088,0.401
DIAMONDS ACE HEARTS KING,0.281,0.0122,0.7068
HEARTS FOUR HEARTS KING,0.4038,0.3322,0.264
SPADES SEVEN DIAMONDS JACK,0.6156,0.007,0.3774
SPADES KING HEARTS SIX,0.0708,0.909,0.0202
DIAMONDS ACE HEARTS QUEEN,0.3926,0.0042,0.6032
HEARTS FOUR HEARTS QUEEN,0.6246,0.009,0.3664
SPADES QUEEN HEARTS SIX,0.7296,0.0418,0.2286
SPADES SIX DIAMONDS JACK,0.7454,0.0328,0.2218
DIAMONDS TEN SPADES TWO,0.6586,0.0044,0.337
SPADES THREE DIAMONDS TEN,0.6544,0.0066,0.339
SPADES FOUR DIAMONDS TEN,0.6492,0.0062,0.3446
SPADES FIVE DIAMONDS TEN,0.656,0.0066,0.3374
SPADES SIX DIAMONDS TEN,0.736,0.035,0.229
SPADES SEVEN DIAMONDS TEN,0.6024,0.0044,0.3932
SPADES EIGHT DIAMONDS TEN,0.5992,0.0078,0.393
SPADES NINE DIAMONDS TEN,0.584,0.0054,0.4106
CLUBS FOUR DIAMONDS TEN,0.6476,0.0088,0.3436
CLUBS FIVE DIAMONDS TEN,0.6412,0.0072,0.3516
CLUBS SEVEN DIAMONDS TEN,0.6084,0.0084,0.3832
CLUBS EIGHT DIAMONDS TEN,0.5782,0.0076,0.4142
CLUBS NINE DIAMONDS TEN,0.5742,0.0062,0.4196
DIAMONDS THREE CLUBS JACK,0.6368,0.0082,0.355
CLUBS TEN DIAMONDS THREE,0.6414,0.0084,0.3502
DIAMONDS THREE CLUBS QUEEN,0.649,0.007,0.344
DIAMONDS THREE CLUBS ACE,0.4054,0.0058,0.5888
SPADES FOUR HEARTS JACK,0.649,0.0066,0.3444
SPADES FOUR HEARTS TEN,0.6458,0.011,0.3432
SPADES FIVE SPADES TWO,0.6256,0.0098,0.3646
SPADES FOUR SPADES TWO,0.616,0.0082,0.3758
SPADES THREE SPADES TWO,0.622,0.0076,0.3704
SPADES NINE SPADES TWO,0.6038,0.0092,0.387
SPADES EIGHT SPADES TWO,0.617,0.0074,0.3756
SPADES SEVEN SPADES TWO,0.6116,0.0062,0.3822
SPADES SIX SPADES TWO,0.697,0.0368,0.2662
DIAMONDS QUEEN CLUBS THREE,0.6512,0.0092,0.3396
HEARTS TWO CLUBS THREE,0.6594,0.0082,0.3324
DIAMONDS QUEEN CLUBS TWO,0.6516,0.0054,0.343
CLUBS TWO HEARTS TWO,0.4878,0.015,0.4972
DIAMONDS QUEEN HEARTS SEVEN,0.626,0.01,0.364
HEARTS TWO HEARTS SEVEN,0.6208,0.011,0.3682
HEARTS SIX DIAMONDS QUEEN,0.743,0.0418,0.2152
HEARTS SIX HEARTS TWO,0.7066,0.0372,0.2562
DIAMONDS QUEEN HEARTS NINE,0.602,0.0066,0.3914
HEARTS TWO HEARTS NINE,0.612,0.008,0.38
DIAMONDS QUEEN HEARTS EIGHT,0.613,0.0058,0.3812
HEARTS TWO HEARTS EIGHT,0.6226,0.0096,0.3678
CLUBS NINE HEARTS TWO,0.6518,0.0096,0.3386
CLUBS NINE DIAMONDS QUEEN,0.601,0.0072,0.3918
CLUBS EIGHT HEARTS TWO,0.6594,0.01,0.3306
CLUBS EIGHT DIAMONDS QUEEN,0.6032,0.0064,0.3904
CLUBS FIVE DIAMONDS QUEEN,0.652,0.0082,0.3398
CLUBS FIVE HEARTS TWO,0.6648,0.0124,0.3228
SPADES EIGHT HEARTS ACE,0.3872,0.0046,0.6082
CLUBS FOUR DIAMONDS QUEEN,0.647,0.0064,0.3466
CLUBS FOUR HEARTS TWO,0.6578,0.0096,0.3326
CLUBS SEVEN DIAMONDS QUEEN,0.6292,0.0062,0.3646
CLUBS SEVEN HEARTS TWO,0.642,0.009,0.349
SPADES EIGHT HEARTS QUEEN,0.6144,0.007,0.3786
SPADES EIGHT HEARTS KING,0.2786,0.2138,0.5076
HEARTS TWO SPADES SIX,0.7394,0.0412,0.2194
DIAMONDS QUEEN SPADES SIX,0.7402,0.0392,0.2206
HEARTS FOUR CLUBS QUEEN,0.6494,0.008,0.3426
DIAMONDS ACE CLUBS QUEEN,0.3788,0.0054,0.6158
DIAMONDS QUEEN SPADES SEVEN,0.6336,0.0062,0.3602
HEARTS TWO SPADES SEVEN,0.6764,0.0076,0.316
DIAMONDS QUEEN SPADES EIGHT,0.6202,0.0086,0.3712
SPADES EIGHT HEARTS TWO,0.6696,0.0086,0.3218
HEARTS FOUR CLUBS ACE,0.4096,0.0058,0.5846
DIAMONDS ACE CLUBS ACE,0.1578,0.0036,0.8386
SPADES NINE DIAMONDS QUEEN,0.604,0.0058,0.3902
SPADES NINE HEARTS TWO,0.671,0.0076,0.3214
HEARTS TWO SPADES TWO,0.482,0.0218,0.4962
DIAMONDS QUEEN SPADES TWO,0.6592,0.006,0.3348
HEARTS TWO SPADES THREE,0.6676,0.011,0.3214
DIAMONDS QUEEN SPADES THREE,0.6554,0.0064,0.3382
HEARTS TWO SPADES FOUR,0.6598,0.009,0.3312
DIAMONDS QUEEN SPADES FOUR,0.6574,0.006,0.3366
HEARTS FOUR CLUBS TEN,0.652,0.0054,0.3426
CLUBS TEN DIAMONDS ACE,0.377,0.0058,0.6172
HEARTS TWO SPADES FIVE,0.665,0.008,0.327
DIAMONDS QUEEN SPADES FIVE,0.6576,0.0078,0.3346
HEARTS FOUR CLUBS JACK,0.6436,0.0064,0.35
DIAMONDS ACE CLUBS JACK,0.3774,0.004,0.6186
CLUBS FIVE CLUBS QUEEN,0.6338,0.0114,0.3548
CLUBS FIVE CLUBS ACE,0.3638,0.0048,0.6314
CLUBS FIVE CLUBS JACK,0.6358,0.0068,0.3574
CLUBS TEN CLUBS FIVE,0.6516,0.0092,0.3392
SPADES KING CLUBS JACK,0.2848,0.0812,0.634
SPADES QUEEN CLUBS JACK,0.5798,0.0074,0.4128
SPADES ACE CLUBS JACK,0.3806,0.0068,0.6126
SPADES SIX CLUBS QUEEN,0.7366,0.0328,0.2306
SPADES EIGHT HEARTS JACK,0.606,0.0064,0.3876
SPADES SIX CLUBS ACE,0.2622,0.0332,0.7046
SPADES EIGHT HEARTS TEN,0.5846,0.0068,0.4086
SPADES SIX CLUBS JACK,0.7298,0.0414,0.2288
CLUBS TEN SPADES SIX,0.7164,0.039,0.2446
SPADES TEN CLUBS JACK,0.5574,0.0066,0.436
SPADES JACK CLUBS JACK,0.3252,0.0072,0.6676
SPADES QUEEN CLUBS SEVEN,0.621,0.008,0.371
SPADES KING CLUBS SEVEN,0.2526,0.2928,0.4546
SPADES ACE CLUBS SEVEN,0.383,0.0048,0.6122
SPADES SIX HEARTS TEN,0.7238,0.0322,0.244
SPADES SIX HEARTS JACK,0.733,0.0352,0.2318
SPADES SIX HEARTS ACE,0.2854,0.0276,0.687
SPADES SIX HEARTS KING,0.0732,0.9032,0.0236
SPADES SIX HEARTS QUEEN,0.7382,0.0394,0.2224
CLUBS SEVEN SPADES JACK,0.6146,0.0074,0.378
CLUBS SEVEN SPADES TEN,0.592,0.01,0.398
CLUBS TEN HEARTS SIX,0.7258,0.0336,0.2406
HEARTS SIX CLUBS JACK,0.7384,0.0396,0.222
CLUBS ACE CLUBS JACK,0.3336,0.0056,0.6608
HEARTS SIX CLUBS QUEEN,0.7428,0.0366,0.2206
HEARTS SIX CLUBS ACE,0.272,0.031,0.697
CLUBS QUEEN CLUBS JACK,0.5766,0.007,0.4164
DIAMONDS THREE HEARTS ACE,0.433,0.006,0.561
DIAMONDS THREE HEARTS QUEEN,0.6572,0.0072,0.3356
DIAMONDS THREE HEARTS KING,0.4334,0.3566,0.21
CLUBS FIVE HEARTS JACK,0.6446,0.0072,0.3482
SPADES TEN DIAMONDS ACE,0.384,0.0036,0.6124
HEARTS FOUR SPADES TEN,0.6604,0.0082,0.3314
CLUBS FIVE HEARTS TEN,0.6358,0.008,0.3562
HEARTS FOUR SPADES JACK,0.6574,0.007,0.3356
SPADES JACK DIAMONDS ACE,0.3858,0.005,0.6092
SPADES ACE HEARTS FOUR,0.4278,0.0044,0.5678
SPADES ACE DIAMONDS ACE,0.171,0.0036,0.8254
CLUBS FIVE HEARTS ACE,0.4058,0.0052,0.589
CLUBS FIVE HEARTS KING,0.4088,0.372,0.2192
HEARTS FOUR SPADES QUEEN,0.65,0.0072,0.3428
SPADES QUEEN DIAMONDS ACE,0.4058,0.0038,0.5904
SPADES FOUR CLUBS JACK,0.638,0.0064,0.3556
CLUBS FIVE HEARTS QUEEN,0.656,0.009,0.335
SPADES KING DIAMONDS ACE,0.2914,0.0142,0.6944
HEARTS FOUR SPADES KING,0.4396,0.3522,0.2082
CLUBS TEN SPADES FOUR,0.6396,0.0074,0.353
DIAMONDS QUEEN DIAMONDS ACE,0.3618,0.0034,0.6348
HEARTS TWO DIAMONDS ACE,0.435,0.0044,0.5606
HEARTS FOUR DIAMONDS QUEEN,0.6522,0.0056,0.3422
HEARTS FOUR HEARTS TWO,0.6288,0.0068,0.3644
DIAMONDS THREE HEARTS TEN,0.6398,0.008,0.3522
HEARTS FIVE DIAMONDS QUEEN,0.6538,0.0066,0.3396
HEARTS FIVE HEARTS TWO,0.6202,0.0072,0.3726
DIAMONDS THREE HEARTS JACK,0.6504,0.0058,0.3438
SPADES FOUR CLUBS QUEEN,0.6516,0.01,0.3384
DIAMONDS QUEEN HEARTS TWO,0.6678,0.0074,0.3248
DIAMONDS KING DIAMONDS QUEEN,0.2716,0.0548,0.6736
DIAMONDS KING HEARTS TWO,0.4356,0.3556,0.2088
HEARTS THREE DIAMONDS QUEEN,0.66,0.008,0.332
HEARTS THREE HEARTS TWO,0.6232,0.0088,0.368
SPADES FOUR CLUBS ACE,0.4196,0.0048,0.5756
HEARTS TWO CLUBS ACE,0.4188,0.0034,0.5778
DIAMONDS QUEEN CLUBS ACE,0.3714,0.0048,0.6238
HEARTS TWO CLUBS QUEEN,0.651,0.0068,0.3422
DIAMONDS QUEEN CLUBS QUEEN,0.3196,0.0028,0.6776
SPADES EIGHT SPADES FIVE,0.6072,0.0078,0.385
CLUBS TEN HEARTS TWO,0.6494,0.0094,0.3412
CLUBS TEN DIAMONDS QUEEN,0.5716,0.0066,0.4218
SPADES NINE SPADES FIVE,0.6024,0.007,0.3906
HEARTS TWO CLUBS JACK,0.6374,0.0108,0.3518
DIAMONDS QUEEN CLUBS JACK,0.5828,0.0076,0.4096
SPADES SIX SPADES FIVE,0.654,0.0322,0.3138
SPADES SEVEN SPADES FIVE,0.585,0.0082,0.4068
DIAMONDS FIVE CLUBS QUEEN,0.6552,0.0074,0.3374
SPADES EIGHT CLUBS ACE,0.401,0.0044,0.5946
DIAMONDS FIVE CLUBS ACE,0.3984,0.0026,0.599
SPADES EIGHT CLUBS QUEEN,0.6194,0.0066,0.374
SPADES EIGHT CLUBS JACK,0.5936,0.0068,0.3996
CLUBS TEN SPADES EIGHT,0.5846,0.0078,0.4076
CLUBS TEN DIAMONDS FIVE,0.6532,0.0094,0.3374
DIAMONDS FIVE CLUBS JACK,0.6296,0.0094,0.361
HEARTS JACK DIAMONDS TEN,0.5688,0.0062,0.425
DIAMONDS TEN HEARTS TEN,0.3418,0.008,0.6502
SPADES ACE CLUBS NINE,0.4044,0.0048,0.5908
CLUBS NINE SPADES QUEEN,0.6022,0.0074,0.3904
CLUBS NINE SPADES KING,0.2652,0.164,0.5708
HEARTS SIX HEARTS KING,0.0692,0.861,0.0698
DIAMONDS KING SPADES SEVEN,0.2754,0.2782,0.4464
HEARTS THREE SPADES SEVEN,0.6494,0.0084,0.3422
SPADES KING DIAMONDS SEVEN,0.2788,0.2732,0.448
HEARTS SIX HEARTS QUEEN,0.6984,0.0348,0.2668
SPADES QUEEN DIAMONDS SEVEN,0.632,0.0056,0.3624
HEARTS THREE SPADES SIX,0.7158,0.0376,0.2466
DIAMONDS KING SPADES SIX,0.071,0.9058,0.0232
DIAMONDS KING SPADES NINE,0.283,0.1508,0.5662
HEARTS THREE SPADES NINE,0.6488,0.0086,0.3426
HEARTS SIX HEARTS ACE,0.2708,0.027,0.7022
DIAMONDS KING SPADES EIGHT,0.2812,0.2238,0.495
HEARTS THREE SPADES EIGHT,0.6584,0.007,0.3346
SPADES ACE DIAMONDS SEVEN,0.3984,0.0036,0.598
CLUBS NINE HEARTS THREE,0.6586,0.009,0.3324
CLUBS NINE DIAMONDS KING,0.2696,0.1542,0.5762
HEARTS THREE CLUBS EIGHT,0.666,0.0088,0.3252
CLUBS EIGHT DIAMONDS KING,0.262,0.2178,0.5202
HEARTS THREE SPADES THREE,0.4784,0.0152,0.5064
DIAMONDS KING SPADES THREE,0.4404,0.3562,0.2034
HEARTS THREE SPADES TWO,0.674,0.0062,0.3198
DIAMONDS KING SPADES TWO,0.4426,0.3496,0.2078
HEARTS THREE SPADES FIVE,0.659,0.007,0.334
DIAMONDS KING SPADES FIVE,0.4252,0.3508,0.224
