opposingHand,winningChance,drawChance,lostChance
CLUBS EIGHT DIAMONDS FIVE
HEARTS FIVE SPADES TEN,0.2682,0.0756,0.6562
HEARTS FIVE SPADES JACK,0.2714,0.0638,0.6648
CLUBS JACK SPADES FIVE,0.2562,0.062,0.6818
CLUBS TEN SPADES FIVE,0.2642,0.0818,0.654
SPADES FIVE CLUBS ACE,0.2638,0.0218,0.7144
SPADES FIVE CLUBS KING,0.2568,0.0348,0.7084
SPADES FIVE CLUBS QUEEN,0.2616,0.0498,0.6886
DIAMONDS TWO DIAMONDS THREE,0.5724,0.0592,0.3684
HEARTS FIVE SPADES KING,0.259,0.0384,0.7026
DIAMONDS TWO DIAMONDS FOUR,0.5754,0.0668,0.3578
HEARTS FIVE SPADES QUEEN,0.2678,0.0434,0.6888
DIAMONDS TWO DIAMONDS SEVEN,0.5752,0.0616,0.3632
DIAMONDS TWO DIAMONDS SIX,0.5724,0.0638,0.3638
SPADES ACE HEARTS FIVE,0.2758,0.0208,0.7034
DIAMONDS TWO DIAMONDS NINE,0.3948,0.0366,0.5686
DIAMONDS TWO DIAMONDS EIGHT,0.3402,0.427,0.2328
DIAMONDS THREE DIAMONDS FOUR,0.5612,0.0668,0.372
CLUBS TWO SPADES FOUR,0.5998,0.071,0.3292
SPADES FIVE CLUBS TWO,0.5972,0.1584,0.2444
CLUBS TWO SPADES TWO,0.3858,0.0972,0.517
CLUBS TWO SPADES THREE,0.6076,0.0722,0.3202
DIAMONDS THREE DIAMONDS EIGHT,0.331,0.4202,0.2488
SPADES EIGHT CLUBS TWO,0.347,0.455,0.198
DIAMONDS THREE DIAMONDS NINE,0.4042,0.041,0.5548
SPADES NINE CLUBS TWO,0.4138,0.0398,0.5464
DIAMONDS THREE DIAMONDS SIX,0.5596,0.0628,0.3776
SPADES SIX CLUBS TWO,0.6006,0.0626,0.3368
DIAMONDS THREE DIAMONDS SEVEN,0.5652,0.0646,0.3702
SPADES SEVEN CLUBS TWO,0.6078,0.0634,0.3288
CLUBS SIX CLUBS TWO,0.58,0.0648,0.3552
CLUBS SEVEN CLUBS TWO,0.5906,0.065,0.3444
CLUBS FOUR CLUBS TWO,0.592,0.0648,0.3432
CLUBS FIVE CLUBS TWO,0.5696,0.1502,0.2802
CLUBS TEN CLUBS JACK,0.3242,0.0136,0.6622
DIAMONDS SIX DIAMONDS FOUR,0.541,0.0624,0.3966
CLUBS TEN CLUBS QUEEN,0.314,0.0106,0.6754
DIAMONDS FOUR DIAMONDS SEVEN,0.5492,0.0678,0.383
CLUBS TEN CLUBS KING,0.3278,0.0074,0.6648
CLUBS TEN CLUBS ACE,0.3304,0.005,0.6646
CLUBS NINE CLUBS TWO,0.3892,0.0416,0.5692
DIAMONDS NINE DIAMONDS FOUR,0.3838,0.0416,0.5746
DIAMONDS FOUR DIAMONDS EIGHT,0.3128,0.4408,0.2464
CLUBS THREE CLUBS TWO,0.5754,0.0714,0.3532
CLUBS JACK DIAMONDS TWO,0.4242,0.0198,0.556
CLUBS TEN DIAMONDS TWO,0.4114,0.0324,0.5562
DIAMONDS TWO CLUBS ACE,0.406,0.0054,0.5886
DIAMONDS TWO CLUBS KING,0.4088,0.007,0.5842
DIAMONDS TWO CLUBS QUEEN,0.424,0.014,0.562
DIAMONDS SIX DIAMONDS EIGHT,0.2152,0.3694,0.4154
DIAMONDS NINE DIAMONDS SIX,0.3496,0.0388,0.6116
HEARTS ACE SPADES THREE,0.3982,0.0038,0.598
SPADES THREE HEARTS KING,0.418,0.01,0.572
DIAMONDS SIX DIAMONDS SEVEN,0.507,0.0622,0.4308
HEARTS QUEEN SPADES THREE,0.4174,0.0158,0.5668
SPADES THREE HEARTS JACK,0.4112,0.019,0.5698
SPADES THREE HEARTS TEN,0.4002,0.0296,0.5702
DIAMONDS EIGHT DIAMONDS SEVEN,0.2176,0.2894,0.493
DIAMONDS NINE DIAMONDS SEVEN,0.3228,0.0456,0.6316
DIAMONDS NINE DIAMONDS EIGHT,0.2356,0.105,0.6594
DIAMONDS KING HEARTS TEN,0.3528,0.007,0.6402
HEARTS THREE HEARTS TEN,0.3962,0.0276,0.5762
SPADES JACK CLUBS SIX,0.3864,0.018,0.5956
DIAMONDS KING HEARTS JACK,0.3522,0.0064,0.6414
HEARTS THREE HEARTS JACK,0.382,0.0182,0.5998
SPADES TEN CLUBS SIX,0.371,0.0292,0.5998
SPADES JACK SPADES FIVE,0.254,0.058,0.688
SPADES TEN SPADES FIVE,0.2438,0.0812,0.675
DIAMONDS KING HEARTS ACE,0.3274,0.0042,0.6684
HEARTS THREE HEARTS ACE,0.3854,0.0062,0.6084
SPADES ACE CLUBS SIX,0.3802,0.0042,0.6156
DIAMONDS KING HEARTS QUEEN,0.3486,0.0052,0.6462
HEARTS THREE HEARTS QUEEN,0.3842,0.0138,0.602
SPADES KING CLUBS SIX,0.3734,0.0094,0.6172
DIAMONDS KING HEARTS KING,0.16,0.0116,0.8284
HEARTS THREE HEARTS KING,0.3928,0.0074,0.5998
SPADES QUEEN CLUBS SIX,0.3784,0.0136,0.608
SPADES NINE HEARTS TEN,0.323,0.0212,0.6558
SPADES NINE HEARTS JACK,0.3418,0.0138,0.6444
SPADES QUEEN SPADES FIVE,0.2598,0.0442,0.696
SPADES KING SPADES FIVE,0.2492,0.0304,0.7204
SPADES ACE SPADES FIVE,0.2434,0.0198,0.7368
SPADES NINE HEARTS QUEEN,0.3362,0.0088,0.655
SPADES NINE HEARTS KING,0.355,0.007,0.638
SPADES NINE HEARTS ACE,0.3444,0.0032,0.6524
CLUBS TEN SPADES JACK,0.3318,0.012,0.6562
CLUBS TEN SPADES TEN,0.1646,0.0472,0.7882
SPADES ACE CLUBS TEN,0.3374,0.0048,0.6578
CLUBS TEN SPADES KING,0.3416,0.008,0.6504
CLUBS TEN SPADES QUEEN,0.346,0.0108,0.6432
SPADES FIVE HEARTS QUEEN,0.2612,0.0454,0.6934
SPADES FIVE HEARTS KING,0.268,0.0326,0.6994
HEARTS ACE SPADES FIVE,0.2746,0.0222,0.7032
SPADES JACK HEARTS THREE,0.428,0.0206,0.5514
SPADES JACK DIAMONDS KING,0.3532,0.0068,0.64
SPADES TEN DIAMONDS KING,0.3414,0.0044,0.6542
SPADES TEN HEARTS THREE,0.4164,0.028,0.5556
CLUBS SIX HEARTS ACE,0.3776,0.0042,0.6182
HEARTS FIVE CLUBS JACK,0.26,0.0652,0.6748
CLUBS TEN HEARTS FIVE,0.259,0.0836,0.6574
CLUBS SIX HEARTS QUEEN,0.392,0.0106,0.5974
CLUBS TEN SPADES THREE,0.402,0.024,0.574
CLUBS SIX HEARTS KING,0.3764,0.0066,0.617
CLUBS JACK SPADES THREE,0.4202,0.0184,0.5614
DIAMONDS TWO HEARTS JACK,0.426,0.0146,0.5594
SPADES THREE CLUBS QUEEN,0.407,0.0136,0.5794
DIAMONDS TWO HEARTS TEN,0.3934,0.0284,0.5782
SPADES THREE CLUBS KING,0.4064,0.0104,0.5832
HEARTS FIVE CLUBS ACE,0.2584,0.0254,0.7162
SPADES FIVE HEARTS TEN,0.2768,0.0738,0.6494
SPADES THREE CLUBS ACE,0.4008,0.0056,0.5936
HEARTS FIVE CLUBS KING,0.2434,0.0334,0.7232
SPADES FIVE HEARTS JACK,0.2742,0.058,0.6678
HEARTS FIVE CLUBS QUEEN,0.2592,0.044,0.6968
HEARTS THREE CLUBS KING,0.4094,0.0098,0.5808
DIAMONDS KING CLUBS KING,0.1484,0.015,0.8366
HEARTS THREE CLUBS QUEEN,0.416,0.0114,0.5726
DIAMONDS KING CLUBS QUEEN,0.3422,0.0082,0.6496
HEARTS FIVE HEARTS JACK,0.2532,0.0528,0.694
HEARTS FIVE HEARTS TEN,0.2552,0.0746,0.6702
HEARTS THREE CLUBS ACE,0.3988,0.0052,0.596
DIAMONDS KING CLUBS ACE,0.3482,0.0046,0.6472
SPADES ACE CLUBS QUEEN,0.3496,0.0034,0.647
SPADES KING CLUBS QUEEN,0.3428,0.0068,0.6504
CLUBS JACK HEARTS THREE,0.413,0.0194,0.5676
CLUBS JACK DIAMONDS KING,0.339,0.0074,0.6536
SPADES QUEEN CLUBS QUEEN,0.168,0.0284,0.8036
CLUBS TEN HEARTS THREE,0.402,0.029,0.569
CLUBS TEN DIAMONDS KING,0.3346,0.0064,0.659
SPADES JACK CLUBS QUEEN,0.3364,0.0086,0.655
CLUBS SIX CLUBS QUEEN,0.3492,0.0124,0.6384
SPADES TEN CLUBS QUEEN,0.3318,0.0108,0.6574
CLUBS SIX CLUBS KING,0.3496,0.0088,0.6416
CLUBS SIX CLUBS ACE,0.3536,0.006,0.6404
HEARTS FIVE HEARTS KING,0.2464,0.0336,0.72
HEARTS FIVE HEARTS QUEEN,0.2442,0.0438,0.712
CLUBS TEN CLUBS SIX,0.3456,0.03,0.6244
HEARTS FIVE HEARTS ACE,0.253,0.0202,0.7268
CLUBS JACK CLUBS SIX,0.3612,0.0186,0.6202
SPADES SEVEN HEARTS JACK,0.3788,0.0168,0.6044
SPADES SEVEN HEARTS TEN,0.3506,0.023,0.6264
DIAMONDS TWO CLUBS TWO,0.4,0.0986,0.5014
DIAMONDS TWO CLUBS THREE,0.6076,0.0696,0.3228
DIAMONDS TWO HEARTS SIX,0.588,0.07,0.342
DIAMONDS TWO HEARTS QUEEN,0.4122,0.0098,0.578
HEARTS SEVEN DIAMONDS TWO,0.6184,0.0744,0.3072
DIAMONDS TWO HEARTS KING,0.4178,0.0108,0.5714
DIAMONDS TWO HEARTS EIGHT,0.3384,0.4498,0.2118
DIAMONDS TWO HEARTS ACE,0.4082,0.0048,0.587
DIAMONDS TWO HEARTS NINE,0.4116,0.048,0.5404
DIAMONDS TWO DIAMONDS QUEEN,0.3892,0.0128,0.598
DIAMONDS TWO HEARTS TWO,0.3782,0.0918,0.53
DIAMONDS TWO DIAMONDS KING,0.3944,0.0058,0.5998
DIAMONDS TWO HEARTS THREE,0.6014,0.0728,0.3258
DIAMONDS TWO DIAMONDS ACE,0.3808,0.007,0.6122
HEARTS FOUR DIAMONDS TWO,0.5982,0.0684,0.3334
HEARTS FIVE DIAMONDS TWO,0.6022,0.1456,0.2522
SPADES SEVEN HEARTS ACE,0.3896,0.0026,0.6078
DIAMONDS TWO DIAMONDS TEN,0.4044,0.0262,0.5694
SPADES SEVEN HEARTS KING,0.3824,0.0042,0.6134
DIAMONDS TWO DIAMONDS JACK,0.3892,0.019,0.5918
SPADES SEVEN HEARTS QUEEN,0.3794,0.0114,0.6092
DIAMONDS TWO SPADES NINE,0.4286,0.0398,0.5316
DIAMONDS TWO SPADES EIGHT,0.3382,0.4552,0.2066
DIAMONDS TWO SPADES SEVEN,0.609,0.0694,0.3216
DIAMONDS TWO SPADES SIX,0.597,0.067,0.336
DIAMONDS TWO SPADES FIVE,0.5976,0.1532,0.2492
DIAMONDS TWO SPADES FOUR,0.6026,0.0666,0.3308
DIAMONDS TWO SPADES THREE,0.5842,0.0708,0.345
DIAMONDS TWO SPADES TWO,0.4054,0.0996,0.495
DIAMONDS TWO CLUBS NINE,0.4144,0.0416,0.544
CLUBS SEVEN DIAMONDS TWO,0.615,0.0688,0.3162
DIAMONDS TWO CLUBS SIX,0.6066,0.0658,0.3276
DIAMONDS TWO CLUBS FIVE,0.6038,0.1644,0.2318
DIAMONDS TWO CLUBS FOUR,0.61,0.0748,0.3152
CLUBS FOUR SPADES FIVE,0.5768,0.153,0.2702
CLUBS FOUR SPADES FOUR,0.3752,0.0944,0.5304
CLUBS FOUR SPADES THREE,0.5976,0.069,0.3334
CLUBS FOUR SPADES TWO,0.5936,0.073,0.3334
SPADES NINE CLUBS FOUR,0.4178,0.0426,0.5396
SPADES EIGHT CLUBS FOUR,0.3234,0.471,0.2056
SPADES SEVEN CLUBS FOUR,0.5952,0.0666,0.3382
CLUBS FOUR SPADES SIX,0.575,0.064,0.361
SPADES ACE DIAMONDS SIX,0.3734,0.0032,0.6234
SPADES QUEEN DIAMONDS SIX,0.3772,0.0114,0.6114
SPADES KING DIAMONDS SIX,0.3712,0.0078,0.621
SPADES TEN DIAMONDS SIX,0.3702,0.0264,0.6034
SPADES JACK DIAMONDS SIX,0.362,0.0166,0.6214
SPADES QUEEN SPADES TWO,0.3904,0.0108,0.5988
SPADES KING SPADES TWO,0.3922,0.0086,0.5992
SPADES ACE SPADES TWO,0.3826,0.0034,0.614
CLUBS JACK DIAMONDS JACK,0.1574,0.0392,0.8034
CLUBS TEN DIAMONDS JACK,0.3272,0.0156,0.6572
DIAMONDS JACK CLUBS KING,0.3364,0.0092,0.6544
DIAMONDS JACK CLUBS QUEEN,0.3328,0.0098,0.6574
DIAMONDS THREE DIAMONDS JACK,0.395,0.0194,0.5856
DIAMONDS THREE DIAMONDS TEN,0.4066,0.0264,0.567
DIAMONDS JACK CLUBS ACE,0.3346,0.0042,0.6612
DIAMONDS THREE DIAMONDS KING,0.3874,0.0072,0.6054
DIAMONDS THREE HEARTS THREE,0.3926,0.0988,0.5086
DIAMONDS THREE DIAMONDS QUEEN,0.395,0.0136,0.5914
DIAMONDS THREE HEARTS TWO,0.597,0.0696,0.3334
HEARTS FIVE DIAMONDS THREE,0.5946,0.1518,0.2536
DIAMONDS THREE DIAMONDS ACE,0.4024,0.0056,0.592
HEARTS FOUR DIAMONDS THREE,0.5908,0.071,0.3382
HEARTS SEVEN DIAMONDS THREE,0.5954,0.0666,0.338
SPADES TEN SPADES NINE,0.302,0.0212,0.6768
HEARTS SIX DIAMONDS THREE,0.6,0.0626,0.3374
SPADES JACK SPADES NINE,0.3222,0.0154,0.6624
DIAMONDS THREE HEARTS NINE,0.4144,0.0388,0.5468
HEARTS JACK DIAMONDS FOUR,0.4144,0.0192,0.5664
HEARTS ACE HEARTS KING,0.3438,0.0062,0.65
SPADES TEN SPADES TWO,0.3844,0.0256,0.59
DIAMONDS THREE HEARTS EIGHT,0.3448,0.4426,0.2126
HEARTS TEN DIAMONDS FOUR,0.4138,0.0258,0.5604
SPADES JACK SPADES TWO,0.3818,0.0184,0.5998
HEARTS QUEEN DIAMONDS FOUR,0.414,0.0104,0.5756
HEARTS KING DIAMONDS FOUR,0.4104,0.0082,0.5814
SPADES ACE SPADES NINE,0.3256,0.004,0.6704
HEARTS ACE DIAMONDS FOUR,0.4058,0.0032,0.591
SPADES KING SPADES NINE,0.3272,0.0054,0.6674
SPADES QUEEN SPADES NINE,0.3102,0.0124,0.6774
DIAMONDS THREE SPADES NINE,0.4162,0.0394,0.5444
DIAMONDS THREE SPADES EIGHT,0.343,0.439,0.218
DIAMONDS THREE SPADES SEVEN,0.5954,0.0716,0.333
DIAMONDS THREE SPADES SIX,0.5824,0.0694,0.3482
DIAMONDS THREE CLUBS SIX,0.5958,0.0682,0.336
CLUBS FIVE CLUBS SIX,0.576,0.134,0.29
CLUBS ACE DIAMONDS FOUR,0.403,0.0032,0.5938
CLUBS SEVEN DIAMONDS THREE,0.5962,0.0706,0.3332
CLUBS SEVEN CLUBS FIVE,0.5826,0.1368,0.2806
DIAMONDS THREE CLUBS FOUR,0.5966,0.07,0.3334
DIAMONDS FOUR CLUBS QUEEN,0.4084,0.0112,0.5804
DIAMONDS THREE CLUBS FIVE,0.6092,0.1394,0.2514
DIAMONDS FOUR CLUBS KING,0.392,0.01,0.598
DIAMONDS THREE CLUBS TWO,0.5956,0.0722,0.3322
CLUBS TEN DIAMONDS FOUR,0.403,0.026,0.571
DIAMONDS THREE CLUBS THREE,0.3958,0.1006,0.5036
CLUBS JACK DIAMONDS FOUR,0.4002,0.0216,0.5782
DIAMONDS THREE SPADES FOUR,0.5848,0.0668,0.3484
DIAMONDS THREE SPADES FIVE,0.6,0.1576,0.2424
DIAMONDS THREE SPADES TWO,0.6076,0.0708,0.3216
DIAMONDS THREE SPADES THREE,0.3814,0.0998,0.5188
CLUBS NINE DIAMONDS THREE,0.4086,0.0458,0.5456
SPADES SEVEN CLUBS ACE,0.3718,0.0038,0.6244
SPADES SEVEN CLUBS QUEEN,0.3766,0.0088,0.6146
SPADES SEVEN CLUBS KING,0.3826,0.007,0.6104
CLUBS FIVE SPADES SEVEN,0.6092,0.1488,0.242
CLUBS TEN SPADES SEVEN,0.357,0.0246,0.6184
CLUBS FIVE SPADES SIX,0.6008,0.1454,0.2538
CLUBS JACK SPADES SEVEN,0.3652,0.0196,0.6152
CLUBS FIVE SPADES NINE,0.247,0.112,0.641
CLUBS FIVE SPADES EIGHT,0.0174,0.9726,0.01
CLUBS FIVE SPADES THREE,0.603,0.1466,0.2504
CLUBS FIVE SPADES TWO,0.5932,0.1532,0.2536
CLUBS FIVE SPADES FIVE,0.2828,0.073,0.6442
CLUBS FIVE SPADES FOUR,0.5826,0.1534,0.264
CLUBS NINE CLUBS FIVE,0.237,0.1064,0.6566
CLUBS ACE CLUBS QUEEN,0.3446,0.0036,0.6518
CLUBS KING CLUBS QUEEN,0.334,0.0068,0.6592
DIAMONDS TEN DIAMONDS FOUR,0.387,0.0286,0.5844
CLUBS TEN DIAMONDS NINE,0.3118,0.0246,0.6636
DIAMONDS JACK DIAMONDS FOUR,0.3876,0.0178,0.5946
CLUBS JACK DIAMONDS NINE,0.3294,0.0144,0.6562
CLUBS JACK SPADES NINE,0.3424,0.0202,0.6374
CLUBS TEN SPADES NINE,0.3176,0.0246,0.6578
DIAMONDS ACE DIAMONDS FOUR,0.3714,0.0058,0.6228
HEARTS FOUR DIAMONDS FOUR,0.374,0.1006,0.5254
DIAMONDS JACK HEARTS TEN,0.3216,0.0172,0.6612
SPADES NINE CLUBS KING,0.3444,0.0084,0.6472
DIAMONDS TWO SPADES TEN,0.4188,0.0262,0.555
DIAMONDS NINE CLUBS ACE,0.3376,0.0046,0.6578
HEARTS FIVE DIAMONDS FOUR,0.5862,0.1552,0.2586
DIAMONDS JACK HEARTS JACK,0.1692,0.0398,0.791
SPADES NINE CLUBS QUEEN,0.3418,0.0102,0.648
DIAMONDS TWO SPADES JACK,0.4168,0.0178,0.5654
DIAMONDS QUEEN DIAMONDS FOUR,0.394,0.0122,0.5938
HEARTS TWO DIAMONDS FOUR,0.6144,0.0658,0.3198
DIAMONDS NINE CLUBS QUEEN,0.3314,0.0066,0.662
DIAMONDS KING DIAMONDS FOUR,0.3872,0.0072,0.6056
HEARTS THREE DIAMONDS FOUR,0.5994,0.0734,0.3272
SPADES NINE CLUBS ACE,0.3584,0.0046,0.637
DIAMONDS NINE CLUBS KING,0.3426,0.0076,0.6498
HEARTS ACE DIAMONDS JACK,0.3494,0.0022,0.6484
SPADES ACE DIAMONDS TWO,0.4116,0.005,0.5834
HEARTS QUEEN DIAMONDS JACK,0.3514,0.0108,0.6378
SPADES QUEEN DIAMONDS TWO,0.4278,0.0134,0.5588
HEARTS KING DIAMONDS JACK,0.333,0.0072,0.6598
SPADES KING DIAMONDS TWO,0.4206,0.0058,0.5736
SPADES JACK SPADES SEVEN,0.3446,0.0156,0.6398
SPADES TEN SPADES SEVEN,0.3396,0.0244,0.636
CLUBS SEVEN CLUBS THREE,0.579,0.0572,0.3638
CLUBS SIX CLUBS THREE,0.578,0.0688,0.3532
CLUBS FIVE CLUBS THREE,0.5732,0.154,0.2728
CLUBS THREE CLUBS FOUR,0.5644,0.0704,0.3652
CLUBS NINE CLUBS THREE,0.3858,0.0428,0.5714
CLUBS THREE SPADES FIVE,0.603,0.152,0.245
CLUBS THREE SPADES FOUR,0.5832,0.0688,0.348
CLUBS THREE SPADES THREE,0.3916,0.094,0.5144
CLUBS THREE SPADES TWO,0.6052,0.0698,0.325
CLUBS THREE SPADES SIX,0.5852,0.0732,0.3416
CLUBS THREE SPADES SEVEN,0.6134,0.0612,0.3254
SPADES EIGHT CLUBS THREE,0.3412,0.4444,0.2144
SPADES NINE CLUBS THREE,0.4108,0.0396,0.5496
SPADES TWO DIAMONDS FOUR,0.6054,0.0672,0.3274
SPADES THREE DIAMONDS FOUR,0.5866,0.0706,0.3428
SPADES FOUR DIAMONDS FOUR,0.386,0.0976,0.5164
SPADES FIVE DIAMONDS FOUR,0.5852,0.1476,0.2672
SPADES SIX DIAMONDS FOUR,0.5838,0.0658,0.3504
SPADES SEVEN DIAMONDS FOUR,0.597,0.073,0.33
SPADES EIGHT DIAMONDS FOUR,0.325,0.4692,0.2058
SPADES NINE DIAMONDS FOUR,0.409,0.0432,0.5478
CLUBS FIVE DIAMONDS FOUR,0.574,0.1578,0.2682
CLUBS FOUR DIAMONDS FOUR,0.373,0.1078,0.5192
CLUBS SEVEN DIAMONDS FOUR,0.5972,0.0702,0.3326
CLUBS SIX DIAMONDS FOUR,0.5772,0.0686,0.3542
CLUBS NINE DIAMONDS FOUR,0.3952,0.0452,0.5596
HEARTS SEVEN DIAMONDS FOUR,0.5942,0.0702,0.3356
HEARTS SIX DIAMONDS FOUR,0.5636,0.0664,0.37
DIAMONDS FOUR HEARTS NINE,0.4144,0.0456,0.54
DIAMONDS FOUR HEARTS EIGHT,0.3344,0.4514,0.2142
CLUBS THREE DIAMONDS FOUR,0.6,0.0698,0.3302
CLUBS TWO DIAMONDS FOUR,0.6098,0.0712,0.319
DIAMONDS NINE HEARTS QUEEN,0.3428,0.0088,0.6484
DIAMONDS NINE HEARTS KING,0.3352,0.007,0.6578
HEARTS ACE DIAMONDS NINE,0.3516,0.0036,0.6448
DIAMONDS NINE HEARTS TEN,0.321,0.0186,0.6604
DIAMONDS NINE HEARTS JACK,0.3294,0.0158,0.6548
DIAMONDS SIX CLUBS KING,0.3742,0.0072,0.6186
DIAMONDS SIX CLUBS QUEEN,0.3714,0.0126,0.616
DIAMONDS SIX CLUBS ACE,0.3678,0.0034,0.6288
SPADES KING DIAMONDS FOUR,0.4058,0.0102,0.584
SPADES ACE SPADES SEVEN,0.3414,0.0024,0.6562
SPADES QUEEN DIAMONDS FOUR,0.4118,0.015,0.5732
SPADES QUEEN SPADES SEVEN,0.3594,0.013,0.6276
CLUBS JACK DIAMONDS SIX,0.368,0.019,0.613
SPADES KING SPADES SEVEN,0.354,0.008,0.638
SPADES ACE DIAMONDS FOUR,0.4054,0.004,0.5906
CLUBS TEN DIAMONDS SIX,0.3594,0.0296,0.611
CLUBS NINE CLUBS FOUR,0.381,0.0448,0.5742
SPADES JACK DIAMONDS FOUR,0.419,0.0198,0.5612
SPADES TEN DIAMONDS FOUR,0.4024,0.025,0.5726
CLUBS FIVE CLUBS FOUR,0.5578,0.1486,0.2936
CLUBS SEVEN CLUBS FOUR,0.5536,0.0684,0.378
CLUBS SIX CLUBS FOUR,0.553,0.0646,0.3824
CLUBS SEVEN SPADES EIGHT,0.2198,0.3036,0.4766
CLUBS SEVEN SPADES NINE,0.3618,0.0484,0.5898
CLUBS SEVEN SPADES SIX,0.5314,0.0628,0.4058
CLUBS SEVEN SPADES SEVEN,0.2704,0.0876,0.642
CLUBS SEVEN SPADES FIVE,0.6086,0.1484,0.243
CLUBS SEVEN SPADES FOUR,0.5946,0.0664,0.339
CLUBS SEVEN SPADES THREE,0.6038,0.065,0.3312
CLUBS SEVEN SPADES TWO,0.602,0.0704,0.3276
CLUBS SEVEN CLUBS NINE,0.3328,0.0388,0.6284
HEARTS KING HEARTS EIGHT,0.2448,0.0334,0.7218
HEARTS QUEEN HEARTS EIGHT,0.2506,0.0452,0.7042
HEARTS ACE HEARTS EIGHT,0.2428,0.0294,0.7278
SPADES JACK DIAMONDS EIGHT,0.2648,0.0646,0.6706
CLUBS TEN HEARTS JACK,0.34,0.0148,0.6452
SPADES TEN DIAMONDS EIGHT,0.2176,0.0792,0.7032
CLUBS JACK HEARTS JACK,0.1696,0.033,0.7974
HEARTS JACK CLUBS QUEEN,0.352,0.0098,0.6382
HEARTS JACK CLUBS KING,0.3378,0.0038,0.6584
CLUBS ACE HEARTS JACK,0.3398,0.005,0.6552
SPADES KING DIAMONDS EIGHT,0.2596,0.034,0.7064
SPADES QUEEN DIAMONDS EIGHT,0.25,0.0486,0.7014
SPADES ACE DIAMONDS EIGHT,0.235,0.0254,0.7396
DIAMONDS TEN DIAMONDS SIX,0.3466,0.0252,0.6282
HEARTS ACE DIAMONDS SEVEN,0.372,0.0032,0.6248
DIAMONDS JACK DIAMONDS SIX,0.3704,0.0178,0.6118
HEARTS QUEEN DIAMONDS SEVEN,0.3728,0.0098,0.6174
HEARTS KING DIAMONDS SEVEN,0.3784,0.0072,0.6144
DIAMONDS ACE DIAMONDS SIX,0.3448,0.0058,0.6494
HEARTS FOUR DIAMONDS SIX,0.5598,0.0664,0.3738
SPADES TWO HEARTS JACK,0.4122,0.0194,0.5684
HEARTS FIVE DIAMONDS SIX,0.606,0.1448,0.2492
SPADES TWO HEARTS TEN,0.4156,0.0274,0.557
DIAMONDS QUEEN DIAMONDS SIX,0.3696,0.0148,0.6156
HEARTS TWO DIAMONDS SIX,0.585,0.0718,0.3432
DIAMONDS KING DIAMONDS SIX,0.3634,0.0084,0.6282
HEARTS THREE DIAMONDS SIX,0.5788,0.066,0.3552
DIAMONDS SIX HEARTS EIGHT,0.2046,0.3878,0.4076
DIAMONDS SIX HEARTS NINE,0.3538,0.041,0.6052
HEARTS SIX DIAMONDS SIX,0.2636,0.0852,0.6512
HEARTS SEVEN DIAMONDS SIX,0.5322,0.0728,0.395
HEARTS TEN DIAMONDS SEVEN,0.3564,0.0292,0.6144
CLUBS TWO DIAMONDS SIX,0.6114,0.063,0.3256
HEARTS JACK DIAMONDS SEVEN,0.359,0.0166,0.6244
CLUBS THREE DIAMONDS SIX,0.581,0.0742,0.3448
CLUBS SEVEN DIAMONDS SIX,0.5314,0.0662,0.4024
CLUBS JACK DIAMONDS EIGHT,0.2482,0.0616,0.6902
CLUBS SIX DIAMONDS SIX,0.2608,0.0908,0.6484
CLUBS TEN DIAMONDS EIGHT,0.2154,0.086,0.6986
CLUBS FIVE DIAMONDS SIX,0.603,0.152,0.245
CLUBS FOUR DIAMONDS SIX,0.5672,0.0632,0.3696
HEARTS ACE HEARTS JACK,0.3314,0.0038,0.6648
CLUBS ACE DIAMONDS EIGHT,0.2364,0.0286,0.735
HEARTS QUEEN HEARTS JACK,0.3152,0.0084,0.6764
CLUBS KING DIAMONDS EIGHT,0.2452,0.034,0.7208
CLUBS NINE DIAMONDS SIX,0.3396,0.049,0.6114
HEARTS KING HEARTS JACK,0.334,0.0078,0.6582
DIAMONDS EIGHT CLUBS QUEEN,0.2514,0.0464,0.7022
SPADES TEN HEARTS KING,0.342,0.005,0.653
SPADES FIVE DIAMONDS SIX,0.5864,0.1486,0.265
HEARTS ACE SPADES TWO,0.399,0.0058,0.5952
SPADES JACK HEARTS KING,0.3606,0.0068,0.6326
SPADES FOUR DIAMONDS SIX,0.5812,0.0644,0.3544
SPADES THREE DIAMONDS SIX,0.5752,0.07,0.3548
HEARTS QUEEN SPADES TWO,0.4212,0.0134,0.5654
SPADES ACE SPADES KING,0.3398,0.0052,0.655
HEARTS KING SPADES TWO,0.4124,0.0082,0.5794
SPADES TWO DIAMONDS SIX,0.5816,0.0724,0.346
HEARTS TEN HEARTS EIGHT,0.2256,0.073,0.7014
SPADES NINE DIAMONDS SIX,0.352,0.0394,0.6086
HEARTS JACK HEARTS EIGHT,0.241,0.0572,0.7018
SPADES EIGHT DIAMONDS SIX,0.2164,0.3778,0.4058
SPADES SEVEN DIAMONDS SIX,0.5198,0.0644,0.4158
SPADES SIX DIAMONDS SIX,0.2654,0.0834,0.6512
SPADES KING HEARTS KING,0.1734,0.0152,0.8114
SPADES QUEEN HEARTS KING,0.3482,0.0068,0.645
CLUBS ACE CLUBS KING,0.3288,0.004,0.6672
SPADES ACE HEARTS KING,0.3474,0.0038,0.6488
SPADES ACE HEARTS JACK,0.3556,0.003,0.6414
SPADES QUEEN HEARTS JACK,0.3464,0.01,0.6436
SPADES KING HEARTS JACK,0.3552,0.0062,0.6386
SPADES TEN DIAMONDS TEN,0.158,0.0478,0.7942
SPADES JACK DIAMONDS TEN,0.322,0.0142,0.6638
SPADES ACE DIAMONDS TEN,0.3548,0.0022,0.643
SPADES JACK HEARTS JACK,0.1718,0.0342,0.794
SPADES TEN HEARTS JACK,0.328,0.0146,0.6574
SPADES QUEEN DIAMONDS TEN,0.3316,0.0104,0.658
SPADES KING DIAMONDS TEN,0.3452,0.008,0.6468
SPADES NINE DIAMONDS SEVEN,0.3414,0.042,0.6166
SPADES EIGHT DIAMONDS SEVEN,0.2272,0.2966,0.4762
SPADES SEVEN DIAMONDS SEVEN,0.267,0.0906,0.6424
SPADES SIX DIAMONDS SEVEN,0.5262,0.0632,0.4106
DIAMONDS KING DIAMONDS SEVEN,0.3594,0.0072,0.6334
HEARTS THREE DIAMONDS SEVEN,0.5822,0.0672,0.3506
DIAMONDS QUEEN DIAMONDS SEVEN,0.3624,0.013,0.6246
HEARTS TWO DIAMONDS SEVEN,0.6058,0.0736,0.3206
HEARTS FIVE DIAMONDS SEVEN,0.6098,0.1364,0.2538
DIAMONDS ACE DIAMONDS SEVEN,0.3606,0.0046,0.6348
HEARTS FOUR DIAMONDS SEVEN,0.5928,0.0666,0.3406
HEARTS SEVEN DIAMONDS SEVEN,0.2576,0.0834,0.659
HEARTS SIX DIAMONDS SEVEN,0.5324,0.063,0.4046
HEARTS NINE DIAMONDS SEVEN,0.3466,0.0434,0.61
HEARTS EIGHT DIAMONDS SEVEN,0.2166,0.3002,0.4832
DIAMONDS JACK DIAMONDS SEVEN,0.3392,0.019,0.6418
DIAMONDS TEN DIAMONDS SEVEN,0.3426,0.0262,0.6312
SPADES KING CLUBS TWO,0.4124,0.0096,0.578
HEARTS KING CLUBS KING,0.1536,0.0142,0.8322
SPADES QUEEN CLUBS TWO,0.4118,0.0134,0.5748
HEARTS KING CLUBS QUEEN,0.3508,0.0062,0.643
CLUBS NINE DIAMONDS SEVEN,0.338,0.04,0.622
CLUBS JACK SPADES TWO,0.4168,0.0204,0.5628
SPADES ACE CLUBS TWO,0.4058,0.0072,0.587
CLUBS TEN SPADES TWO,0.4086,0.0286,0.5628
HEARTS KING CLUBS ACE,0.3518,0.0046,0.6436
CLUBS SEVEN CLUBS SIX,0.5056,0.0606,0.4338
SPADES TWO CLUBS KING,0.4142,0.009,0.5768
SPADES TWO DIAMONDS SEVEN,0.606,0.0646,0.3294
SPADES THREE DIAMONDS SEVEN,0.5982,0.0694,0.3324
SPADES TWO CLUBS QUEEN,0.4146,0.0138,0.5716
CLUBS NINE CLUBS SIX,0.3352,0.0398,0.625
SPADES FOUR DIAMONDS SEVEN,0.5716,0.0636,0.3648
CLUBS JACK HEARTS KING,0.3526,0.006,0.6414
SPADES FIVE DIAMONDS SEVEN,0.6022,0.1458,0.252
SPADES TWO CLUBS ACE,0.4068,0.0036,0.5896
CLUBS TEN HEARTS KING,0.332,0.0058,0.6622
CLUBS SIX SPADES TWO,0.5936,0.0718,0.3346
CLUBS SIX SPADES THREE,0.5802,0.0652,0.3546
CLUBS TWO DIAMONDS SEVEN,0.6064,0.0764,0.3172
CLUBS SIX SPADES FOUR,0.5734,0.0638,0.3628
CLUBS THREE DIAMONDS SEVEN,0.5826,0.0678,0.3496
CLUBS SIX SPADES FIVE,0.5982,0.1482,0.2536
CLUBS FOUR DIAMONDS SEVEN,0.5812,0.0712,0.3476
CLUBS SIX SPADES SIX,0.2658,0.0908,0.6434
CLUBS FIVE DIAMONDS SEVEN,0.6128,0.1456,0.2416
CLUBS SIX SPADES SEVEN,0.5322,0.0676,0.4002
CLUBS SIX DIAMONDS SEVEN,0.5322,0.0674,0.4004
CLUBS SIX SPADES EIGHT,0.224,0.3902,0.3858
SPADES JACK CLUBS TWO,0.4244,0.0164,0.5592
CLUBS SEVEN DIAMONDS SEVEN,0.261,0.0826,0.6564
SPADES NINE CLUBS SIX,0.3508,0.044,0.6052
SPADES TEN CLUBS TWO,0.4136,0.0302,0.5562
CLUBS TWO CLUBS QUEEN,0.4116,0.0138,0.5746
CLUBS TWO CLUBS KING,0.4036,0.0092,0.5872
CLUBS THREE DIAMONDS EIGHT,0.3378,0.4642,0.198
CLUBS TWO CLUBS ACE,0.379,0.0044,0.6166
CLUBS TWO DIAMONDS EIGHT,0.3502,0.445,0.2048
HEARTS SEVEN DIAMONDS EIGHT,0.2126,0.3054,0.482
HEARTS SIX DIAMONDS EIGHT,0.2196,0.3798,0.4006
DIAMONDS EIGHT HEARTS NINE,0.2364,0.105,0.6586
CLUBS TEN CLUBS TWO,0.397,0.0302,0.5728
HEARTS EIGHT DIAMONDS EIGHT,0.1032,0.0926,0.8042
CLUBS JACK CLUBS TWO,0.3968,0.0202,0.583
CLUBS NINE DIAMONDS EIGHT,0.2198,0.1028,0.6774
CLUBS FIVE DIAMONDS EIGHT,0.0066,0.984,0.0094
SPADES ACE SPADES THREE,0.3854,0.0042,0.6104
CLUBS FOUR DIAMONDS EIGHT,0.3132,0.476,0.2108
CLUBS SEVEN DIAMONDS EIGHT,0.2148,0.296,0.4892
SPADES QUEEN SPADES THREE,0.3734,0.014,0.6126
CLUBS SIX DIAMONDS EIGHT,0.201,0.3948,0.4042
SPADES KING SPADES THREE,0.3886,0.0106,0.6008
DIAMONDS QUEEN DIAMONDS EIGHT,0.2474,0.0516,0.701
HEARTS TWO DIAMONDS EIGHT,0.332,0.4496,0.2184
DIAMONDS KING DIAMONDS EIGHT,0.2454,0.0318,0.7228
HEARTS THREE DIAMONDS EIGHT,0.339,0.4364,0.2246
DIAMONDS ACE DIAMONDS EIGHT,0.2508,0.0268,0.7224
HEARTS FOUR DIAMONDS EIGHT,0.3332,0.4466,0.2202
HEARTS FIVE DIAMONDS EIGHT,0.0098,0.9738,0.0164
DIAMONDS TEN DIAMONDS EIGHT,0.2204,0.0788,0.7008
DIAMONDS JACK DIAMONDS EIGHT,0.2396,0.0604,0.7
SPADES JACK SPADES THREE,0.3906,0.0184,0.591
SPADES TEN SPADES THREE,0.3824,0.0246,0.593
CLUBS FOUR HEARTS ACE,0.3886,0.0038,0.6076
CLUBS FOUR HEARTS QUEEN,0.4206,0.0108,0.5686
CLUBS FOUR HEARTS KING,0.4156,0.009,0.5754
CLUBS SIX HEARTS TEN,0.366,0.0284,0.6056
CLUBS SIX HEARTS JACK,0.3744,0.0178,0.6078
SPADES FOUR DIAMONDS EIGHT,0.3234,0.4568,0.2198
SPADES FIVE DIAMONDS EIGHT,0.01,0.9696,0.0204
SPADES TWO DIAMONDS EIGHT,0.3432,0.45,0.2068
SPADES THREE DIAMONDS EIGHT,0.3232,0.4582,0.2186
CLUBS FOUR HEARTS JACK,0.3978,0.0196,0.5826
SPADES EIGHT DIAMONDS EIGHT,0.1078,0.0832,0.809
SPADES TEN DIAMONDS QUEEN,0.3392,0.0086,0.6522
SPADES TEN HEARTS TWO,0.419,0.0296,0.5514
SPADES JACK HEARTS EIGHT,0.2544,0.0604,0.6852
CLUBS FOUR HEARTS TEN,0.4082,0.028,0.5638
SPADES NINE DIAMONDS EIGHT,0.2336,0.1014,0.665
SPADES TEN HEARTS EIGHT,0.2424,0.0832,0.6744
SPADES JACK HEARTS TWO,0.4084,0.018,0.5736
SPADES JACK DIAMONDS QUEEN,0.3402,0.0096,0.6502
SPADES SIX DIAMONDS EIGHT,0.2194,0.3826,0.398
SPADES SEVEN DIAMONDS EIGHT,0.2136,0.3004,0.486
SPADES ACE HEARTS TWO,0.4044,0.0054,0.5902
SPADES ACE DIAMONDS QUEEN,0.3456,0.005,0.6494
SPADES ACE HEARTS EIGHT,0.2594,0.0264,0.7142
SPADES KING HEARTS EIGHT,0.2764,0.03,0.6936
SPADES QUEEN HEARTS TWO,0.426,0.0102,0.5638
SPADES QUEEN DIAMONDS QUEEN,0.1676,0.0284,0.804
SPADES KING DIAMONDS QUEEN,0.345,0.007,0.648
SPADES KING HEARTS TWO,0.4128,0.0072,0.58
SPADES QUEEN HEARTS EIGHT,0.2546,0.0472,0.6982
CLUBS TWO HEARTS TEN,0.4206,0.0256,0.5538
CLUBS TWO HEARTS JACK,0.4072,0.0184,0.5744
SPADES SEVEN DIAMONDS NINE,0.346,0.0384,0.6156
SPADES SIX DIAMONDS NINE,0.3604,0.0408,0.5988
SPADES NINE DIAMONDS NINE,0.1616,0.062,0.7764
SPADES EIGHT DIAMONDS NINE,0.234,0.1078,0.6582
SPADES TEN CLUBS KING,0.3396,0.0072,0.6532
DIAMONDS NINE SPADES THREE,0.4024,0.0488,0.5488
SPADES JACK CLUBS KING,0.3356,0.0064,0.658
DIAMONDS NINE SPADES TWO,0.3978,0.0468,0.5554
SPADES FIVE DIAMONDS NINE,0.2396,0.1092,0.6512
DIAMONDS NINE SPADES FOUR,0.4196,0.0384,0.542
CLUBS NINE DIAMONDS NINE,0.1332,0.062,0.8048
CLUBS SIX DIAMONDS NINE,0.3446,0.0452,0.6102
SPADES JACK CLUBS FOUR,0.4166,0.0208,0.5626
CLUBS SEVEN DIAMONDS NINE,0.3426,0.0406,0.6168
SPADES TEN CLUBS FOUR,0.4062,0.0246,0.5692
CLUBS FOUR DIAMONDS NINE,0.4112,0.0424,0.5464
CLUBS FIVE DIAMONDS NINE,0.2362,0.1106,0.6532
CLUBS TWO DIAMONDS NINE,0.4186,0.0464,0.535
CLUBS THREE DIAMONDS NINE,0.4146,0.049,0.5364
DIAMONDS NINE HEARTS EIGHT,0.244,0.105,0.651
DIAMONDS NINE HEARTS NINE,0.1538,0.059,0.7872
HEARTS SIX DIAMONDS NINE,0.3572,0.0452,0.5976
HEARTS SEVEN DIAMONDS NINE,0.3244,0.0462,0.6294
DIAMONDS ACE DIAMONDS NINE,0.3374,0.0046,0.658
HEARTS FOUR DIAMONDS NINE,0.3892,0.044,0.5668
HEARTS FIVE DIAMONDS NINE,0.251,0.1076,0.6414
HEARTS ACE CLUBS TWO,0.4104,0.0044,0.5852
SPADES ACE CLUBS FOUR,0.4006,0.006,0.5934
DIAMONDS NINE DIAMONDS QUEEN,0.33,0.0124,0.6576
HEARTS TWO DIAMONDS NINE,0.4016,0.0504,0.548
CLUBS TWO HEARTS KING,0.4194,0.0082,0.5724
SPADES KING CLUBS FOUR,0.4086,0.0086,0.5828
DIAMONDS KING DIAMONDS NINE,0.3364,0.0082,0.6554
HEARTS THREE DIAMONDS NINE,0.409,0.0466,0.5444
CLUBS TWO HEARTS QUEEN,0.4244,0.0146,0.561
SPADES QUEEN CLUBS FOUR,0.412,0.0114,0.5766
DIAMONDS NINE DIAMONDS JACK,0.3208,0.0158,0.6634
DIAMONDS TEN DIAMONDS NINE,0.3084,0.0264,0.6652
HEARTS SIX DIAMONDS TEN,0.3572,0.0298,0.613
HEARTS SEVEN DIAMONDS TEN,0.3552,0.0242,0.6206
DIAMONDS TEN HEARTS EIGHT,0.2314,0.0868,0.6818
CLUBS JACK CLUBS FOUR,0.3898,0.0176,0.5926
DIAMONDS TEN HEARTS NINE,0.3246,0.0242,0.6512
CLUBS TEN CLUBS FOUR,0.3934,0.026,0.5806
CLUBS FOUR CLUBS KING,0.4,0.0094,0.5906
CLUBS FOUR CLUBS QUEEN,0.3882,0.0138,0.598
DIAMONDS TEN CLUBS TWO,0.4116,0.033,0.5554
CLUBS THREE DIAMONDS TEN,0.4164,0.024,0.5596
CLUBS FOUR CLUBS ACE,0.3832,0.0044,0.6124
DIAMONDS TEN DIAMONDS JACK,0.3158,0.0142,0.67
DIAMONDS TEN DIAMONDS QUEEN,0.3292,0.0082,0.6626
HEARTS TWO DIAMONDS TEN,0.4062,0.03,0.5638
DIAMONDS KING DIAMONDS TEN,0.3316,0.0078,0.6606
HEARTS THREE DIAMONDS TEN,0.4154,0.0268,0.5578
DIAMONDS ACE DIAMONDS TEN,0.3262,0.0028,0.671
HEARTS FOUR DIAMONDS TEN,0.4026,0.0272,0.5702
HEARTS FIVE DIAMONDS TEN,0.258,0.0848,0.6572
CLUBS NINE SPADES THREE,0.4084,0.0426,0.549
CLUBS NINE SPADES TWO,0.4122,0.044,0.5438
CLUBS NINE SPADES FIVE,0.2484,0.1038,0.6478
CLUBS NINE SPADES FOUR,0.3948,0.045,0.5602
CLUBS NINE SPADES SEVEN,0.348,0.0474,0.6046
CLUBS NINE SPADES SIX,0.3632,0.0454,0.5914
CLUBS NINE SPADES NINE,0.1544,0.0608,0.7848
CLUBS TEN HEARTS EIGHT,0.2384,0.0826,0.679
CLUBS NINE SPADES EIGHT,0.2382,0.1114,0.6504
CLUBS JACK HEARTS EIGHT,0.2554,0.0584,0.6862
HEARTS EIGHT CLUBS QUEEN,0.2614,0.0464,0.6922
CLUBS KING HEARTS EIGHT,0.2642,0.0394,0.6964
CLUBS ACE HEARTS EIGHT,0.2534,0.0282,0.7184
SPADES KING CLUBS KING,0.1538,0.0158,0.8304
SPADES QUEEN CLUBS KING,0.3386,0.0062,0.6552
SPADES ACE CLUBS KING,0.351,0.0054,0.6436
DIAMONDS ACE HEARTS TEN,0.344,0.0046,0.6514
HEARTS FOUR HEARTS TEN,0.3728,0.0262,0.601
DIAMONDS ACE HEARTS JACK,0.3366,0.005,0.6584
HEARTS FOUR HEARTS JACK,0.373,0.018,0.609
SPADES KING CLUBS FIVE,0.258,0.0338,0.7082
SPADES QUEEN CLUBS FIVE,0.2658,0.0468,0.6874
SPADES ACE CLUBS FIVE,0.259,0.025,0.716
HEARTS SEVEN DIAMONDS JACK,0.3626,0.0168,0.6206
HEARTS SIX DIAMONDS JACK,0.374,0.0184,0.6076
DIAMONDS JACK HEARTS NINE,0.3454,0.0154,0.6392
DIAMONDS JACK HEARTS EIGHT,0.2464,0.0564,0.6972
DIAMONDS KING DIAMONDS JACK,0.3262,0.0058,0.668
HEARTS THREE DIAMONDS JACK,0.409,0.0196,0.5714
SPADES ACE SPADES SIX,0.3782,0.0032,0.6186
HEARTS ACE SPADES FOUR,0.3988,0.0046,0.5966
DIAMONDS QUEEN DIAMONDS JACK,0.3324,0.01,0.6576
HEARTS TWO DIAMONDS JACK,0.403,0.0224,0.5746
HEARTS FIVE DIAMONDS JACK,0.2562,0.0588,0.685
SPADES QUEEN SPADES SIX,0.3432,0.0104,0.6464
SPADES FOUR HEARTS QUEEN,0.4046,0.0106,0.5848
DIAMONDS ACE DIAMONDS JACK,0.3388,0.0036,0.6576
HEARTS FOUR DIAMONDS JACK,0.4146,0.0242,0.5612
SPADES KING SPADES SIX,0.3656,0.007,0.6274
SPADES FOUR HEARTS KING,0.4142,0.0062,0.5796
SPADES TEN SPADES SIX,0.3412,0.0238,0.635
SPADES JACK SPADES SIX,0.3618,0.018,0.6202
SPADES FOUR DIAMONDS JACK,0.4104,0.0198,0.5698
SPADES FIVE DIAMONDS JACK,0.2646,0.0634,0.672
DIAMONDS JACK SPADES TWO,0.4022,0.017,0.5808
SPADES THREE DIAMONDS JACK,0.42,0.0184,0.5616
SPADES ACE DIAMONDS THREE,0.4116,0.0046,0.5838
SPADES QUEEN DIAMONDS THREE,0.4252,0.0114,0.5634
SPADES KING DIAMONDS THREE,0.3986,0.0066,0.5948
CLUBS NINE DIAMONDS JACK,0.3282,0.0196,0.6522
CLUBS SIX DIAMONDS JACK,0.3756,0.0234,0.601
CLUBS SEVEN DIAMONDS JACK,0.3704,0.0176,0.612
CLUBS FOUR DIAMONDS JACK,0.3966,0.0202,0.5832
CLUBS FIVE DIAMONDS JACK,0.2596,0.0658,0.6746
CLUBS TWO DIAMONDS JACK,0.4218,0.017,0.5612
CLUBS THREE DIAMONDS JACK,0.4106,0.0194,0.57
SPADES TEN CLUBS FIVE,0.2558,0.0806,0.6636
SPADES JACK HEARTS SIX,0.3882,0.0148,0.597
HEARTS SIX SPADES TEN,0.3678,0.0284,0.6038
SPADES JACK CLUBS FIVE,0.2674,0.0612,0.6714
SPADES JACK DIAMONDS THREE,0.423,0.0164,0.5606
CLUBS SEVEN CLUBS ACE,0.3628,0.004,0.6332
DIAMONDS THREE SPADES TEN,0.4152,0.0294,0.5554
CLUBS SEVEN CLUBS QUEEN,0.3712,0.0152,0.6136
CLUBS SEVEN CLUBS KING,0.3602,0.0066,0.6332
SPADES NINE DIAMONDS JACK,0.326,0.0142,0.6598
CLUBS TEN CLUBS SEVEN,0.3378,0.0308,0.6314
DIAMONDS ACE HEARTS ACE,0.1688,0.0042,0.827
HEARTS FOUR HEARTS ACE,0.3762,0.004,0.6198
SPADES EIGHT DIAMONDS JACK,0.25,0.056,0.694
SPADES ACE HEARTS SIX,0.3758,0.002,0.6222
CLUBS JACK CLUBS SEVEN,0.3472,0.0164,0.6364
DIAMONDS ACE HEARTS KING,0.3382,0.0052,0.6566
HEARTS FOUR HEARTS KING,0.3772,0.0086,0.6142
SPADES SEVEN DIAMONDS JACK,0.3694,0.0166,0.614
SPADES KING HEARTS SIX,0.378,0.0076,0.6144
DIAMONDS ACE HEARTS QUEEN,0.3616,0.0038,0.6346
HEARTS FOUR HEARTS QUEEN,0.3806,0.013,0.6064
SPADES QUEEN HEARTS SIX,0.3924,0.0136,0.594
SPADES SIX DIAMONDS JACK,0.378,0.016,0.606
DIAMONDS TEN SPADES TWO,0.4086,0.0296,0.5618
DIAMONDS TEN SPADES THREE,0.4006,0.0268,0.5726
DIAMONDS TEN SPADES FOUR,0.4002,0.0304,0.5694
DIAMONDS TEN SPADES FIVE,0.2608,0.0776,0.6616
SPADES SIX DIAMONDS TEN,0.3664,0.0274,0.6062
SPADES SEVEN DIAMONDS TEN,0.3508,0.024,0.6252
SPADES EIGHT DIAMONDS TEN,0.2372,0.0828,0.68
SPADES NINE DIAMONDS TEN,0.314,0.0212,0.6648
CLUBS FOUR DIAMONDS TEN,0.397,0.027,0.576
CLUBS FIVE DIAMONDS TEN,0.2548,0.0778,0.6674
CLUBS SIX DIAMONDS TEN,0.3686,0.0324,0.599
CLUBS SEVEN DIAMONDS TEN,0.372,0.0298,0.5982
CLUBS NINE DIAMONDS TEN,0.3202,0.0238,0.656
CLUBS JACK DIAMONDS THREE,0.4196,0.0182,0.5622
CLUBS TEN DIAMONDS THREE,0.423,0.0276,0.5494
DIAMONDS THREE CLUBS KING,0.4104,0.0092,0.5804
DIAMONDS THREE CLUBS QUEEN,0.4146,0.0136,0.5718
DIAMONDS THREE CLUBS ACE,0.4048,0.0056,0.5896
SPADES FOUR HEARTS JACK,0.409,0.0134,0.5776
SPADES FOUR HEARTS TEN,0.4042,0.027,0.5688
SPADES FIVE SPADES TWO,0.5662,0.1382,0.2956
SPADES FOUR SPADES TWO,0.5574,0.0622,0.3804
SPADES THREE SPADES TWO,0.544,0.068,0.388
SPADES NINE SPADES TWO,0.3946,0.042,0.5634
SPADES EIGHT SPADES TWO,0.3368,0.404,0.2592
SPADES SEVEN SPADES TWO,0.5816,0.0594,0.359
SPADES SIX SPADES TWO,0.5592,0.065,0.3758
CLUBS THREE DIAMONDS QUEEN,0.4162,0.0124,0.5714
CLUBS THREE HEARTS TWO,0.6008,0.0694,0.3298
CLUBS TWO DIAMONDS QUEEN,0.4174,0.013,0.5696
HEARTS TWO CLUBS TWO,0.387,0.1008,0.5122
HEARTS SEVEN DIAMONDS QUEEN,0.3664,0.0104,0.6232
HEARTS SEVEN HEARTS TWO,0.5704,0.068,0.3616
HEARTS SIX DIAMONDS QUEEN,0.3794,0.0104,0.6102
HEARTS SIX HEARTS TWO,0.566,0.0584,0.3756
DIAMONDS QUEEN HEARTS NINE,0.3432,0.0128,0.644
HEARTS TWO HEARTS NINE,0.3932,0.0426,0.5642
DIAMONDS QUEEN HEARTS EIGHT,0.2638,0.0504,0.6858
HEARTS TWO HEARTS EIGHT,0.3228,0.4232,0.254
CLUBS NINE HEARTS TWO,0.4182,0.041,0.5408
CLUBS NINE DIAMONDS QUEEN,0.325,0.0132,0.6618
CLUBS FIVE DIAMONDS QUEEN,0.2632,0.0492,0.6876
CLUBS FIVE HEARTS TWO,0.5998,0.152,0.2482
SPADES EIGHT HEARTS ACE,0.251,0.028,0.721
CLUBS FOUR DIAMONDS QUEEN,0.4106,0.011,0.5784
CLUBS FOUR HEARTS TWO,0.5952,0.0704,0.3344
CLUBS SEVEN DIAMONDS QUEEN,0.3756,0.0134,0.611
CLUBS SEVEN HEARTS TWO,0.6196,0.0726,0.3078
SPADES EIGHT HEARTS QUEEN,0.269,0.0444,0.6866
CLUBS SIX DIAMONDS QUEEN,0.3726,0.0164,0.611
CLUBS SIX HEARTS TWO,0.6014,0.0688,0.3298
SPADES EIGHT HEARTS KING,0.2806,0.0326,0.6868
HEARTS TWO SPADES SIX,0.5918,0.067,0.3412
SPADES SIX DIAMONDS QUEEN,0.3742,0.0142,0.6116
HEARTS FOUR CLUBS QUEEN,0.398,0.016,0.586
DIAMONDS ACE CLUBS QUEEN,0.3364,0.0048,0.6588
SPADES SEVEN DIAMONDS QUEEN,0.382,0.0142,0.6038
SPADES SEVEN HEARTS TWO,0.6008,0.0614,0.3378
HEARTS FOUR CLUBS KING,0.3996,0.0082,0.5922
DIAMONDS ACE CLUBS KING,0.3412,0.0062,0.6526
SPADES EIGHT DIAMONDS QUEEN,0.259,0.0474,0.6936
SPADES EIGHT HEARTS TWO,0.3414,0.44,0.2186
HEARTS FOUR CLUBS ACE,0.3888,0.0056,0.6056
DIAMONDS ACE CLUBS ACE,0.1428,0.004,0.8532
SPADES NINE DIAMONDS QUEEN,0.3466,0.014,0.6394
SPADES NINE HEARTS TWO,0.412,0.0448,0.5432
HEARTS TWO SPADES TWO,0.38,0.1046,0.5154
DIAMONDS QUEEN SPADES TWO,0.4114,0.012,0.5766
HEARTS TWO SPADES THREE,0.5938,0.0744,0.3318
DIAMONDS QUEEN SPADES THREE,0.4052,0.0124,0.5824
HEARTS TWO SPADES FOUR,0.595,0.072,0.333
SPADES FOUR DIAMONDS QUEEN,0.412,0.0136,0.5744
CLUBS TEN HEARTS FOUR,0.3972,0.0288,0.574
CLUBS TEN DIAMONDS ACE,0.3272,0.004,0.6688
HEARTS TWO SPADES FIVE,0.6008,0.1462,0.253
SPADES FIVE DIAMONDS QUEEN,0.2588,0.0462,0.695
CLUBS JACK HEARTS FOUR,0.4096,0.0182,0.5722
CLUBS JACK DIAMONDS ACE,0.3452,0.0048,0.65
CLUBS FIVE CLUBS KING,0.2552,0.0384,0.7064
CLUBS FIVE CLUBS QUEEN,0.255,0.0466,0.6984
CLUBS FIVE CLUBS ACE,0.2602,0.0242,0.7156
CLUBS JACK CLUBS FIVE,0.2676,0.051,0.6814
CLUBS TEN CLUBS FIVE,0.2444,0.0706,0.685
SPADES KING CLUBS JACK,0.3474,0.0072,0.6454
CLUBS JACK SPADES QUEEN,0.3402,0.0118,0.648
SPADES ACE CLUBS JACK,0.3418,0.0042,0.654
SPADES SIX CLUBS KING,0.3732,0.0074,0.6194
SPADES SIX CLUBS QUEEN,0.367,0.0114,0.6216
SPADES EIGHT HEARTS JACK,0.2606,0.0596,0.6798
SPADES SIX CLUBS ACE,0.3704,0.0036,0.626
SPADES EIGHT HEARTS TEN,0.2526,0.0812,0.6662
CLUBS JACK SPADES SIX,0.3774,0.0162,0.6064
CLUBS TEN SPADES SIX,0.3718,0.0278,0.6004
CLUBS JACK SPADES TEN,0.3326,0.0134,0.654
CLUBS JACK SPADES JACK,0.1566,0.0392,0.8042
SPADES QUEEN CLUBS SEVEN,0.389,0.01,0.601
SPADES KING CLUBS SEVEN,0.3666,0.008,0.6254
SPADES ACE CLUBS SEVEN,0.3724,0.0038,0.6238
SPADES SIX HEARTS TEN,0.3742,0.0268,0.599
SPADES SIX HEARTS JACK,0.3822,0.0194,0.5984
SPADES SIX HEARTS ACE,0.384,0.003,0.613
SPADES SIX HEARTS KING,0.3878,0.0052,0.607
SPADES SIX HEARTS QUEEN,0.3838,0.0144,0.6018
CLUBS SEVEN SPADES JACK,0.374,0.0188,0.6072
CLUBS SEVEN SPADES TEN,0.3604,0.0212,0.6184
CLUBS TEN HEARTS SIX,0.3676,0.0264,0.606
CLUBS JACK HEARTS SIX,0.3622,0.017,0.6208
CLUBS JACK CLUBS ACE,0.3436,0.0064,0.65
HEARTS SIX CLUBS QUEEN,0.3786,0.01,0.6114
HEARTS SIX CLUBS KING,0.3774,0.0078,0.6148
HEARTS SIX CLUBS ACE,0.363,0.0056,0.6314
CLUBS JACK CLUBS QUEEN,0.3284,0.009,0.6626
CLUBS JACK CLUBS KING,0.3392,0.0064,0.6544
DIAMONDS THREE HEARTS ACE,0.4166,0.005,0.5784
DIAMONDS THREE HEARTS QUEEN,0.4316,0.0116,0.5568
DIAMONDS THREE HEARTS KING,0.4214,0.0076,0.571
CLUBS FIVE HEARTS JACK,0.2542,0.0634,0.6824
SPADES TEN DIAMONDS ACE,0.3418,0.0046,0.6536
HEARTS FOUR SPADES TEN,0.4058,0.031,0.5632
CLUBS FIVE HEARTS TEN,0.2698,0.078,0.6522
HEARTS FOUR SPADES JACK,0.4096,0.0188,0.5716
SPADES JACK DIAMONDS ACE,0.344,0.0034,0.6526
SPADES ACE HEARTS FOUR,0.385,0.0048,0.6102
SPADES ACE DIAMONDS ACE,0.1562,0.0022,0.8416
CLUBS FIVE HEARTS ACE,0.2734,0.0198,0.7068
CLUBS FIVE HEARTS KING,0.2616,0.0358,0.7026
HEARTS FOUR SPADES QUEEN,0.4128,0.0138,0.5734
SPADES QUEEN DIAMONDS ACE,0.3578,0.004,0.6382
CLUBS JACK SPADES FOUR,0.3938,0.0218,0.5844
CLUBS FIVE HEARTS QUEEN,0.274,0.0502,0.6758
SPADES KING DIAMONDS ACE,0.3462,0.0036,0.6502
SPADES KING HEARTS FOUR,0.4104,0.0082,0.5814
CLUBS TEN SPADES FOUR,0.3824,0.0272,0.5904
DIAMONDS ACE DIAMONDS QUEEN,0.3332,0.0052,0.6616
DIAMONDS ACE HEARTS TWO,0.4034,0.004,0.5926
HEARTS FOUR DIAMONDS QUEEN,0.4064,0.0138,0.5798
HEARTS FOUR HEARTS TWO,0.5718,0.0648,0.3634
DIAMONDS THREE HEARTS TEN,0.415,0.0298,0.5552
SPADES FOUR CLUBS KING,0.3932,0.0086,0.5982
HEARTS FIVE DIAMONDS QUEEN,0.2514,0.0468,0.7018
HEARTS FIVE HEARTS TWO,0.5498,0.148,0.3022
DIAMONDS THREE HEARTS JACK,0.415,0.0198,0.5652
SPADES FOUR CLUBS QUEEN,0.4094,0.0132,0.5774
HEARTS TWO DIAMONDS QUEEN,0.4226,0.014,0.5634
DIAMONDS KING DIAMONDS QUEEN,0.3298,0.0092,0.661
DIAMONDS KING HEARTS TWO,0.4204,0.0096,0.57
HEARTS THREE DIAMONDS QUEEN,0.4234,0.0146,0.562
HEARTS THREE HEARTS TWO,0.547,0.0632,0.3898
SPADES FOUR CLUBS ACE,0.3878,0.0046,0.6076
HEARTS TWO CLUBS ACE,0.4042,0.0054,0.5904
DIAMONDS QUEEN CLUBS ACE,0.3396,0.0028,0.6576
HEARTS TWO CLUBS QUEEN,0.4056,0.0136,0.5808
DIAMONDS QUEEN CLUBS QUEEN,0.1534,0.028,0.8186
HEARTS TWO CLUBS KING,0.41,0.0082,0.5818
DIAMONDS QUEEN CLUBS KING,0.3326,0.0106,0.6568
SPADES EIGHT SPADES FIVE,0.024,0.8978,0.0782
CLUBS TEN HEARTS TWO,0.4164,0.0294,0.5542
CLUBS TEN DIAMONDS QUEEN,0.325,0.0102,0.6648
SPADES NINE SPADES FIVE,0.233,0.1054,0.6616
CLUBS JACK HEARTS TWO,0.4146,0.0172,0.5682
CLUBS JACK DIAMONDS QUEEN,0.3422,0.0108,0.647
SPADES SIX SPADES FIVE,0.5636,0.1372,0.2992
SPADES SEVEN SPADES FIVE,0.5724,0.1406,0.287
SPADES EIGHT CLUBS ACE,0.2582,0.0256,0.7162
SPADES EIGHT CLUBS KING,0.255,0.0392,0.7058
SPADES EIGHT CLUBS QUEEN,0.2528,0.0462,0.701
CLUBS JACK SPADES EIGHT,0.2548,0.0634,0.6818
CLUBS TEN SPADES EIGHT,0.2344,0.085,0.6806
DIAMONDS TEN HEARTS JACK,0.3212,0.0138,0.665
DIAMONDS TEN HEARTS TEN,0.1624,0.0552,0.7824
SPADES ACE CLUBS NINE,0.3442,0.003,0.6528
SPADES QUEEN CLUBS NINE,0.3404,0.0106,0.649
SPADES KING CLUBS NINE,0.3526,0.0088,0.6386
HEARTS SIX HEARTS KING,0.3488,0.0086,0.6426
DIAMONDS KING SPADES SEVEN,0.3736,0.0054,0.621
HEARTS THREE SPADES SEVEN,0.5902,0.0632,0.3466
SPADES KING DIAMONDS SEVEN,0.369,0.0078,0.6232
HEARTS SIX HEARTS QUEEN,0.3596,0.0124,0.628
SPADES QUEEN DIAMONDS SEVEN,0.3834,0.013,0.6036
HEARTS THREE SPADES SIX,0.5922,0.0618,0.346
DIAMONDS KING SPADES SIX,0.3734,0.0076,0.619
SPADES NINE DIAMONDS KING,0.342,0.006,0.652
SPADES NINE HEARTS THREE,0.408,0.0448,0.5472
HEARTS SIX HEARTS ACE,0.3492,0.0048,0.646
DIAMONDS KING SPADES EIGHT,0.2572,0.0378,0.705
SPADES EIGHT HEARTS THREE,0.3396,0.4382,0.2222
SPADES ACE DIAMONDS SEVEN,0.3622,0.0054,0.6324
CLUBS NINE HEARTS THREE,0.4058,0.0404,0.5538
CLUBS NINE DIAMONDS KING,0.339,0.0052,0.6558
HEARTS THREE SPADES THREE,0.3906,0.1,0.5094
DIAMONDS KING SPADES THREE,0.4164,0.0068,0.5768
HEARTS THREE SPADES TWO,0.5896,0.0766,0.3338
DIAMONDS KING SPADES TWO,0.4146,0.0074,0.578
HEARTS THREE SPADES FIVE,0.5862,0.1554,0.2584
DIAMONDS KING SPADES FIVE,0.2576,0.038,0.7044
HEARTS THREE SPADES FOUR,0.5914,0.0628,0.3458
DIAMONDS KING SPADES FOUR,0.4028,0.0102,0.587
DIAMONDS KING CLUBS TWO,0.4112,0.0092,0.5796
HEARTS THREE CLUBS TWO,0.6108,0.0716,0.3176
DIAMONDS KING CLUBS THREE,0.4276,0.0092,0.5632
CLUBS THREE HEARTS THREE,0.3848,0.0948,0.5204
DIAMONDS KING CLUBS FOUR,0.406,0.0102,0.5838
HEARTS THREE CLUBS FOUR,0.5876,0.069,0.3434
CLUBS FIVE DIAMONDS KING,0.2706,0.0312,0.6982
CLUBS FIVE HEARTS THREE,0.6078,0.1554,0.2368
CLUBS SIX DIAMONDS KING,0.3796,0.0064,0.614
