opposingHand,winningChance,drawChance,lostChance
CLUBS JACK SPADES SEVEN
HEARTS FIVE SPADES TEN,0.6266,0.0184,0.355
SPADES JACK HEARTS FIVE,0.4858,0.2952,0.219
SPADES FIVE CLUBS TEN,0.6368,0.018,0.3452
CLUBS EIGHT CLUBS TEN,0.5492,0.0128,0.438
CLUBS EIGHT CLUBS KING,0.3504,0.0064,0.6432
SPADES FIVE CLUBS ACE,0.3936,0.0044,0.602
CLUBS EIGHT CLUBS QUEEN,0.3378,0.0122,0.65
SPADES FIVE CLUBS KING,0.4102,0.0072,0.5826
SPADES FIVE CLUBS QUEEN,0.402,0.0106,0.5874
CLUBS EIGHT CLUBS ACE,0.3574,0.0042,0.6384
DIAMONDS TWO DIAMONDS THREE,0.5828,0.0186,0.3986
DIAMONDS TWO DIAMONDS FIVE,0.5908,0.0184,0.3908
SPADES KING HEARTS FIVE,0.4036,0.0094,0.587
DIAMONDS TWO DIAMONDS FOUR,0.5882,0.0212,0.3906
SPADES QUEEN HEARTS FIVE,0.4002,0.009,0.5908
DIAMONDS TWO DIAMONDS SEVEN,0.664,0.0648,0.2712
DIAMONDS TWO DIAMONDS SIX,0.6,0.0178,0.3822
SPADES ACE HEARTS FIVE,0.3906,0.0042,0.6052
DIAMONDS TWO DIAMONDS NINE,0.5912,0.0172,0.3916
DIAMONDS TWO DIAMONDS EIGHT,0.5972,0.018,0.3848
DIAMONDS THREE DIAMONDS FOUR,0.5686,0.0208,0.4106
CLUBS TWO SPADES FOUR,0.6504,0.017,0.3326
DIAMONDS THREE DIAMONDS FIVE,0.585,0.018,0.397
CLUBS TWO SPADES FIVE,0.6482,0.0196,0.3322
CLUBS TWO SPADES TWO,0.4322,0.0448,0.523
CLUBS TWO SPADES THREE,0.651,0.0208,0.3282
DIAMONDS THREE DIAMONDS EIGHT,0.6042,0.0124,0.3834
SPADES EIGHT CLUBS TWO,0.6474,0.0162,0.3364
DIAMONDS THREE DIAMONDS NINE,0.603,0.016,0.381
SPADES NINE CLUBS TWO,0.646,0.0182,0.3358
DIAMONDS THREE DIAMONDS SIX,0.5956,0.0166,0.3878
CLUBS TWO SPADES SIX,0.6622,0.0182,0.3196
DIAMONDS THREE DIAMONDS SEVEN,0.659,0.063,0.278
CLUBS SIX CLUBS TWO,0.6218,0.02,0.3582
CLUBS SEVEN CLUBS TWO,0.6888,0.0634,0.2478
CLUBS FOUR CLUBS TWO,0.6202,0.0198,0.36
CLUBS FIVE CLUBS TWO,0.6096,0.0202,0.3702
DIAMONDS FOUR DIAMONDS SIX,0.5778,0.0176,0.4046
CLUBS QUEEN CLUBS TEN,0.3236,0.0074,0.669
DIAMONDS FOUR DIAMONDS SEVEN,0.6222,0.0612,0.3166
CLUBS KING CLUBS TEN,0.331,0.0062,0.6628
CLUBS ACE CLUBS TEN,0.3396,0.007,0.6534
CLUBS EIGHT CLUBS TWO,0.617,0.0182,0.3648
DIAMONDS FIVE DIAMONDS FOUR,0.5612,0.0194,0.4194
CLUBS NINE CLUBS TWO,0.608,0.0174,0.3746
DIAMONDS NINE DIAMONDS FOUR,0.605,0.016,0.379
DIAMONDS EIGHT DIAMONDS FOUR,0.58,0.0166,0.4034
CLUBS TWO CLUBS THREE,0.6198,0.0186,0.3616
DIAMONDS NINE DIAMONDS FIVE,0.5804,0.0126,0.407
DIAMONDS EIGHT DIAMONDS FIVE,0.5628,0.0178,0.4194
DIAMONDS TWO CLUBS TEN,0.6408,0.0188,0.3404
DIAMONDS FIVE DIAMONDS SEVEN,0.6308,0.0568,0.3124
DIAMONDS FIVE DIAMONDS SIX,0.5798,0.0222,0.398
DIAMONDS TWO CLUBS ACE,0.4036,0.0042,0.5922
DIAMONDS TWO CLUBS KING,0.3978,0.0074,0.5948
DIAMONDS TWO CLUBS QUEEN,0.4218,0.0108,0.5674
DIAMONDS EIGHT DIAMONDS SIX,0.5764,0.0152,0.4084
DIAMONDS NINE DIAMONDS SIX,0.576,0.0146,0.4094
HEARTS ACE SPADES THREE,0.4104,0.0034,0.5862
HEARTS KING SPADES THREE,0.4082,0.0064,0.5854
DIAMONDS SEVEN DIAMONDS SIX,0.6356,0.0626,0.3018
SPADES THREE HEARTS QUEEN,0.4112,0.0122,0.5766
SPADES THREE HEARTS JACK,0.476,0.295,0.229
SPADES THREE HEARTS TEN,0.6338,0.019,0.3472
DIAMONDS EIGHT DIAMONDS SEVEN,0.6284,0.0492,0.3224
DIAMONDS NINE DIAMONDS SEVEN,0.6318,0.0516,0.3166
DIAMONDS NINE DIAMONDS EIGHT,0.5266,0.0146,0.4588
DIAMONDS KING HEARTS TEN,0.3508,0.005,0.6442
HEARTS THREE HEARTS TEN,0.589,0.016,0.395
CLUBS SIX SPADES JACK,0.4816,0.3044,0.214
DIAMONDS KING HEARTS JACK,0.2512,0.0278,0.721
HEARTS THREE HEARTS JACK,0.4626,0.2756,0.2618
CLUBS SIX SPADES TEN,0.6212,0.0204,0.3584
SPADES JACK SPADES FIVE,0.4628,0.2856,0.2516
SPADES TEN SPADES FIVE,0.5992,0.0192,0.3816
DIAMONDS KING HEARTS ACE,0.3412,0.0038,0.655
HEARTS THREE HEARTS ACE,0.3914,0.0034,0.6052
SPADES ACE CLUBS SIX,0.3944,0.0058,0.5998
DIAMONDS KING HEARTS QUEEN,0.3414,0.0076,0.651
HEARTS THREE HEARTS QUEEN,0.38,0.011,0.609
SPADES KING CLUBS SIX,0.4032,0.009,0.5878
DIAMONDS KING HEARTS KING,0.156,0.0054,0.8386
HEARTS THREE HEARTS KING,0.3984,0.0062,0.5954
SPADES QUEEN CLUBS SIX,0.398,0.0104,0.5916
SPADES NINE HEARTS TEN,0.5566,0.0138,0.4296
SPADES NINE HEARTS JACK,0.2228,0.1702,0.607
SPADES QUEEN SPADES FIVE,0.3772,0.0122,0.6106
SPADES KING SPADES FIVE,0.3872,0.0068,0.606
SPADES ACE SPADES FIVE,0.3852,0.004,0.6108
SPADES NINE HEARTS QUEEN,0.3504,0.0088,0.6408
SPADES NINE HEARTS KING,0.3564,0.0076,0.636
SPADES NINE HEARTS ACE,0.3758,0.003,0.6212
SPADES JACK CLUBS TEN,0.2224,0.1234,0.6542
SPADES TEN CLUBS TEN,0.2804,0.0238,0.6958
SPADES ACE CLUBS TEN,0.3586,0.0046,0.6368
SPADES KING CLUBS TEN,0.3396,0.0074,0.653
SPADES QUEEN CLUBS TEN,0.345,0.0096,0.6454
SPADES FIVE HEARTS QUEEN,0.4038,0.014,0.5822
SPADES FIVE HEARTS KING,0.3982,0.0066,0.5952
SPADES FIVE HEARTS ACE,0.4028,0.0036,0.5936
CLUBS EIGHT SPADES TEN,0.5718,0.0198,0.4084
HEARTS THREE SPADES JACK,0.4576,0.3084,0.234
SPADES JACK DIAMONDS KING,0.2398,0.0332,0.727
SPADES TEN DIAMONDS KING,0.3488,0.0056,0.6456
HEARTS THREE SPADES TEN,0.6302,0.0138,0.356
CLUBS EIGHT SPADES JACK,0.2048,0.235,0.5602
SPADES ACE CLUBS EIGHT,0.3686,0.0038,0.6276
CLUBS SIX HEARTS ACE,0.4056,0.0046,0.5898
HEARTS FIVE CLUBS TEN,0.6218,0.0178,0.3604
CLUBS EIGHT SPADES QUEEN,0.3494,0.0126,0.638
SPADES THREE CLUBS TEN,0.6396,0.013,0.3474
CLUBS SIX HEARTS QUEEN,0.4026,0.0086,0.5888
CLUBS EIGHT SPADES KING,0.3628,0.0078,0.6294
CLUBS SIX HEARTS KING,0.407,0.008,0.585
DIAMONDS TWO HEARTS JACK,0.481,0.2938,0.2252
SPADES THREE CLUBS QUEEN,0.409,0.014,0.577
DIAMONDS TWO HEARTS TEN,0.6394,0.016,0.3446
SPADES THREE CLUBS KING,0.4056,0.007,0.5874
HEARTS FIVE CLUBS ACE,0.3986,0.0048,0.5966
SPADES FIVE HEARTS TEN,0.6294,0.0164,0.3542
SPADES THREE CLUBS ACE,0.4018,0.0038,0.5944
HEARTS FIVE CLUBS KING,0.3922,0.0066,0.6012
SPADES FIVE HEARTS JACK,0.4672,0.3058,0.227
HEARTS FIVE CLUBS QUEEN,0.3978,0.0112,0.591
HEARTS THREE CLUBS KING,0.418,0.0066,0.5754
DIAMONDS KING CLUBS KING,0.156,0.0056,0.8384
HEARTS THREE CLUBS QUEEN,0.4056,0.0136,0.5808
DIAMONDS KING CLUBS QUEEN,0.3214,0.0062,0.6724
HEARTS FIVE HEARTS JACK,0.4576,0.2794,0.263
HEARTS FIVE HEARTS TEN,0.5766,0.0168,0.4066
HEARTS THREE CLUBS ACE,0.3982,0.003,0.5988
DIAMONDS KING CLUBS ACE,0.329,0.006,0.665
SPADES ACE CLUBS QUEEN,0.3228,0.0044,0.6728
SPADES KING CLUBS QUEEN,0.3058,0.0064,0.6878
SPADES QUEEN CLUBS QUEEN,0.1456,0.0094,0.845
HEARTS THREE CLUBS TEN,0.6388,0.0162,0.345
DIAMONDS KING CLUBS TEN,0.3484,0.008,0.6436
SPADES JACK CLUBS QUEEN,0.2202,0.046,0.7338
CLUBS SIX CLUBS QUEEN,0.3838,0.0092,0.607
SPADES TEN CLUBS QUEEN,0.3258,0.011,0.6632
CLUBS SIX CLUBS KING,0.38,0.006,0.614
CLUBS SIX CLUBS ACE,0.3888,0.0052,0.606
HEARTS FIVE HEARTS KING,0.3704,0.0078,0.6218
HEARTS FIVE HEARTS QUEEN,0.3774,0.01,0.6126
CLUBS SIX CLUBS TEN,0.6008,0.0196,0.3796
HEARTS FIVE HEARTS ACE,0.3634,0.0052,0.6314
DIAMONDS TWO CLUBS TWO,0.428,0.036,0.536
DIAMONDS TWO CLUBS THREE,0.6478,0.0174,0.3348
HEARTS SIX DIAMONDS TWO,0.6424,0.0192,0.3384
DIAMONDS TWO HEARTS QUEEN,0.422,0.0112,0.5668
DIAMONDS TWO HEARTS SEVEN,0.7216,0.0566,0.2218
DIAMONDS TWO HEARTS KING,0.4152,0.0062,0.5786
DIAMONDS TWO HEARTS EIGHT,0.642,0.0194,0.3386
DIAMONDS TWO HEARTS ACE,0.4132,0.0068,0.58
DIAMONDS TWO HEARTS NINE,0.638,0.0166,0.3454
DIAMONDS TWO DIAMONDS QUEEN,0.3682,0.0126,0.6192
DIAMONDS TWO HEARTS TWO,0.4408,0.0388,0.5204
DIAMONDS TWO DIAMONDS KING,0.3964,0.008,0.5956
HEARTS THREE DIAMONDS TWO,0.6366,0.0216,0.3418
DIAMONDS TWO DIAMONDS ACE,0.3794,0.0042,0.6164
HEARTS FOUR DIAMONDS TWO,0.6244,0.0192,0.3564
DIAMONDS TWO HEARTS FIVE,0.6406,0.0178,0.3416
DIAMONDS TWO DIAMONDS TEN,0.5972,0.0148,0.388
DIAMONDS TWO DIAMONDS JACK,0.448,0.2882,0.2638
DIAMONDS TWO SPADES NINE,0.6344,0.0112,0.3544
DIAMONDS TWO SPADES EIGHT,0.6328,0.0162,0.351
DIAMONDS TWO SPADES SIX,0.6534,0.019,0.3276
DIAMONDS TWO SPADES FIVE,0.648,0.0212,0.3308
DIAMONDS TWO SPADES FOUR,0.6358,0.0182,0.346
DIAMONDS TWO SPADES THREE,0.642,0.0186,0.3394
DIAMONDS TWO SPADES TWO,0.4484,0.0422,0.5094
CLUBS NINE DIAMONDS TWO,0.6502,0.013,0.3368
CLUBS EIGHT DIAMONDS TWO,0.6344,0.02,0.3456
DIAMONDS TWO CLUBS SEVEN,0.7248,0.0632,0.212
CLUBS SIX DIAMONDS TWO,0.6544,0.0206,0.325
DIAMONDS TWO CLUBS FIVE,0.6426,0.02,0.3374
DIAMONDS TWO CLUBS FOUR,0.6494,0.0144,0.3362
CLUBS FOUR SPADES FIVE,0.6184,0.016,0.3656
CLUBS FOUR SPADES FOUR,0.4334,0.042,0.5246
CLUBS FOUR SPADES THREE,0.6334,0.0178,0.3488
CLUBS FOUR SPADES TWO,0.64,0.019,0.341
CLUBS FOUR SPADES NINE,0.6434,0.017,0.3396
CLUBS FOUR SPADES EIGHT,0.6244,0.0194,0.3562
CLUBS FOUR SPADES SIX,0.6296,0.0174,0.353
SPADES ACE DIAMONDS SIX,0.3894,0.0022,0.6084
SPADES QUEEN DIAMONDS SIX,0.3902,0.0092,0.6006
SPADES KING DIAMONDS SIX,0.3946,0.0074,0.598
SPADES TEN DIAMONDS SIX,0.625,0.013,0.362
SPADES JACK DIAMONDS SIX,0.48,0.2964,0.2236
SPADES QUEEN SPADES TWO,0.3948,0.0118,0.5934
SPADES KING SPADES TWO,0.394,0.0068,0.5992
SPADES ACE SPADES TWO,0.3856,0.0058,0.6086
DIAMONDS JACK CLUBS TEN,0.2262,0.1222,0.6516
DIAMONDS JACK CLUBS KING,0.2382,0.0308,0.731
DIAMONDS JACK CLUBS QUEEN,0.222,0.0414,0.7366
DIAMONDS THREE DIAMONDS JACK,0.4546,0.2772,0.2682
DIAMONDS THREE DIAMONDS TEN,0.5966,0.017,0.3864
DIAMONDS JACK CLUBS ACE,0.2318,0.0192,0.749
DIAMONDS THREE DIAMONDS KING,0.3942,0.0048,0.601
HEARTS THREE DIAMONDS THREE,0.443,0.0354,0.5216
DIAMONDS THREE DIAMONDS QUEEN,0.3732,0.0138,0.613
DIAMONDS THREE HEARTS TWO,0.6452,0.0226,0.3322
HEARTS FIVE DIAMONDS THREE,0.625,0.019,0.356
DIAMONDS THREE DIAMONDS ACE,0.3784,0.005,0.6166
HEARTS FOUR DIAMONDS THREE,0.6246,0.0154,0.36
DIAMONDS THREE HEARTS SEVEN,0.6928,0.055,0.2522
SPADES TEN SPADES NINE,0.5186,0.0148,0.4666
HEARTS SIX DIAMONDS THREE,0.6396,0.0176,0.3428
SPADES JACK SPADES NINE,0.2102,0.154,0.6358
DIAMONDS THREE HEARTS NINE,0.6342,0.0154,0.3504
HEARTS JACK DIAMONDS FOUR,0.4892,0.2898,0.221
HEARTS KING HEARTS ACE,0.3252,0.0038,0.671
SPADES TEN SPADES TWO,0.5954,0.0156,0.389
DIAMONDS THREE HEARTS EIGHT,0.6394,0.0208,0.3398
HEARTS TEN DIAMONDS FOUR,0.6288,0.0172,0.354
SPADES JACK SPADES TWO,0.4562,0.2996,0.2442
HEARTS QUEEN DIAMONDS FOUR,0.4034,0.0104,0.5862
HEARTS KING DIAMONDS FOUR,0.4046,0.0074,0.588
SPADES ACE SPADES NINE,0.3446,0.005,0.6504
HEARTS ACE DIAMONDS FOUR,0.401,0.0036,0.5954
SPADES KING SPADES NINE,0.3406,0.0064,0.653
SPADES QUEEN SPADES NINE,0.3398,0.0114,0.6488
DIAMONDS THREE SPADES NINE,0.6262,0.019,0.3548
DIAMONDS THREE SPADES EIGHT,0.651,0.0182,0.3308
DIAMONDS THREE SPADES SIX,0.6444,0.0196,0.336
CLUBS SIX DIAMONDS THREE,0.6434,0.021,0.3356
CLUBS ACE DIAMONDS FOUR,0.389,0.0048,0.6062
CLUBS SIX CLUBS FIVE,0.5842,0.0188,0.397
CLUBS SEVEN CLUBS FIVE,0.6324,0.0622,0.3054
CLUBS SEVEN DIAMONDS THREE,0.7026,0.067,0.2304
DIAMONDS THREE CLUBS FOUR,0.6194,0.0198,0.3608
DIAMONDS FOUR CLUBS QUEEN,0.408,0.0114,0.5806
DIAMONDS THREE CLUBS FIVE,0.6232,0.0196,0.3572
CLUBS KING DIAMONDS FOUR,0.3962,0.0086,0.5952
DIAMONDS THREE CLUBS TWO,0.6498,0.021,0.3292
DIAMONDS FOUR CLUBS TEN,0.6404,0.0194,0.3402
DIAMONDS THREE CLUBS THREE,0.4342,0.0382,0.5276
DIAMONDS THREE SPADES FOUR,0.624,0.0184,0.3576
DIAMONDS THREE SPADES FIVE,0.6358,0.0162,0.348
DIAMONDS THREE SPADES TWO,0.6386,0.0208,0.3406
DIAMONDS THREE SPADES THREE,0.4296,0.0458,0.5246
CLUBS EIGHT DIAMONDS THREE,0.6446,0.0184,0.337
CLUBS NINE DIAMONDS THREE,0.6324,0.0146,0.353
CLUBS FIVE SPADES SIX,0.616,0.0214,0.3626
SPADES NINE CLUBS FIVE,0.6244,0.0204,0.3552
CLUBS FIVE SPADES EIGHT,0.6198,0.0196,0.3606
CLUBS FIVE SPADES THREE,0.6262,0.0192,0.3546
CLUBS FIVE SPADES TWO,0.6328,0.017,0.3502
CLUBS FIVE SPADES FIVE,0.4354,0.0364,0.5282
CLUBS FIVE SPADES FOUR,0.6054,0.0198,0.3748
CLUBS NINE CLUBS FIVE,0.5934,0.0196,0.387
CLUBS EIGHT CLUBS FIVE,0.5722,0.0204,0.4074
CLUBS ACE CLUBS QUEEN,0.3124,0.004,0.6836
CLUBS KING CLUBS QUEEN,0.3074,0.0056,0.687
DIAMONDS TEN DIAMONDS FOUR,0.5826,0.017,0.4004
DIAMONDS NINE CLUBS TEN,0.5718,0.0154,0.4128
DIAMONDS JACK DIAMONDS FOUR,0.4608,0.278,0.2612
SPADES NINE CLUBS TEN,0.568,0.021,0.411
DIAMONDS ACE DIAMONDS FOUR,0.3756,0.005,0.6194
HEARTS FOUR DIAMONDS FOUR,0.4288,0.039,0.5322
DIAMONDS JACK HEARTS TEN,0.2362,0.1168,0.647
SPADES NINE CLUBS KING,0.3506,0.0066,0.6428
DIAMONDS TWO SPADES TEN,0.6366,0.0188,0.3446
DIAMONDS NINE CLUBS ACE,0.3788,0.0046,0.6166
HEARTS FIVE DIAMONDS FOUR,0.5964,0.0186,0.385
HEARTS JACK DIAMONDS JACK,0.1036,0.0336,0.8628
SPADES NINE CLUBS QUEEN,0.3306,0.013,0.6564
DIAMONDS TWO SPADES JACK,0.4732,0.3008,0.226
DIAMONDS QUEEN DIAMONDS FOUR,0.3796,0.01,0.6104
HEARTS TWO DIAMONDS FOUR,0.6336,0.0186,0.3478
DIAMONDS NINE CLUBS QUEEN,0.3452,0.011,0.6438
DIAMONDS KING DIAMONDS FOUR,0.3636,0.0056,0.6308
HEARTS THREE DIAMONDS FOUR,0.6246,0.0176,0.3578
SPADES NINE CLUBS ACE,0.3556,0.004,0.6404
DIAMONDS NINE CLUBS KING,0.3536,0.0066,0.6398
HEARTS ACE DIAMONDS JACK,0.247,0.0188,0.7342
SPADES ACE DIAMONDS TWO,0.3986,0.0032,0.5982
DIAMONDS JACK HEARTS QUEEN,0.24,0.0398,0.7202
SPADES QUEEN DIAMONDS TWO,0.4132,0.0138,0.573
HEARTS KING DIAMONDS JACK,0.245,0.031,0.724
SPADES KING DIAMONDS TWO,0.4034,0.0074,0.5892
CLUBS SEVEN CLUBS THREE,0.6754,0.063,0.2616
CLUBS SIX CLUBS THREE,0.6018,0.0178,0.3804
CLUBS FIVE CLUBS THREE,0.5902,0.0198,0.39
CLUBS FOUR CLUBS THREE,0.6162,0.0188,0.365
CLUBS NINE CLUBS THREE,0.6052,0.0154,0.3794
CLUBS EIGHT CLUBS THREE,0.6072,0.0178,0.375
CLUBS THREE SPADES FIVE,0.6204,0.0198,0.3598
CLUBS THREE SPADES FOUR,0.6346,0.0192,0.3462
CLUBS THREE SPADES THREE,0.4396,0.0406,0.5198
CLUBS THREE SPADES TWO,0.6436,0.0206,0.3358
SPADES SIX CLUBS THREE,0.6508,0.019,0.3302
SPADES EIGHT CLUBS THREE,0.6292,0.0172,0.3536
SPADES NINE CLUBS THREE,0.633,0.0204,0.3466
SPADES TWO DIAMONDS FOUR,0.6386,0.0158,0.3456
SPADES THREE DIAMONDS FOUR,0.622,0.0202,0.3578
SPADES FOUR DIAMONDS FOUR,0.435,0.0402,0.5248
SPADES FIVE DIAMONDS FOUR,0.6132,0.0158,0.371
SPADES SIX DIAMONDS FOUR,0.6298,0.0184,0.3518
SPADES EIGHT DIAMONDS FOUR,0.619,0.0156,0.3654
SPADES NINE DIAMONDS FOUR,0.6258,0.0192,0.355
CLUBS FIVE DIAMONDS FOUR,0.605,0.0178,0.3772
CLUBS FOUR DIAMONDS FOUR,0.4304,0.0428,0.5268
CLUBS SEVEN DIAMONDS FOUR,0.683,0.0638,0.2532
CLUBS SIX DIAMONDS FOUR,0.6328,0.0212,0.346
CLUBS NINE DIAMONDS FOUR,0.6414,0.0162,0.3424
CLUBS EIGHT DIAMONDS FOUR,0.6226,0.0192,0.3582
DIAMONDS FOUR HEARTS SEVEN,0.6732,0.0586,0.2682
HEARTS SIX DIAMONDS FOUR,0.6198,0.0192,0.361
HEARTS NINE DIAMONDS FOUR,0.6364,0.013,0.3506
DIAMONDS FOUR HEARTS EIGHT,0.6212,0.015,0.3638
CLUBS THREE DIAMONDS FOUR,0.6326,0.0208,0.3466
CLUBS TWO DIAMONDS FOUR,0.6524,0.0204,0.3272
DIAMONDS TEN DIAMONDS FIVE,0.6078,0.017,0.3752
DIAMONDS JACK DIAMONDS FIVE,0.4592,0.2758,0.265
DIAMONDS NINE HEARTS QUEEN,0.3352,0.01,0.6548
HEARTS KING DIAMONDS NINE,0.38,0.007,0.613
DIAMONDS NINE HEARTS ACE,0.37,0.0018,0.6282
DIAMONDS NINE HEARTS TEN,0.5564,0.0174,0.4262
DIAMONDS NINE HEARTS JACK,0.2326,0.1556,0.6118
CLUBS KING DIAMONDS SIX,0.3944,0.0088,0.5968
CLUBS QUEEN DIAMONDS SIX,0.3928,0.0092,0.598
CLUBS ACE DIAMONDS SIX,0.3852,0.0044,0.6104
SPADES KING DIAMONDS FOUR,0.4044,0.009,0.5866
SPADES QUEEN DIAMONDS FOUR,0.3976,0.0128,0.5896
SPADES ACE DIAMONDS FOUR,0.4016,0.0056,0.5928
CLUBS TEN DIAMONDS SIX,0.6242,0.0176,0.3582
CLUBS NINE CLUBS FOUR,0.6066,0.0194,0.374
CLUBS EIGHT CLUBS FOUR,0.5882,0.0158,0.396
SPADES JACK DIAMONDS FOUR,0.463,0.3128,0.2242
SPADES TEN DIAMONDS FOUR,0.615,0.0172,0.3678
CLUBS FOUR CLUBS FIVE,0.5844,0.0196,0.396
CLUBS SEVEN CLUBS FOUR,0.6484,0.0592,0.2924
CLUBS SIX CLUBS FOUR,0.5978,0.0184,0.3838
CLUBS SEVEN SPADES EIGHT,0.6704,0.0474,0.2822
CLUBS SEVEN SPADES NINE,0.6692,0.0594,0.2714
CLUBS SEVEN SPADES SIX,0.6848,0.0608,0.2544
CLUBS SEVEN SPADES FIVE,0.6724,0.0658,0.2618
CLUBS SEVEN SPADES FOUR,0.6934,0.0568,0.2498
CLUBS SEVEN SPADES THREE,0.7036,0.0662,0.2302
CLUBS SEVEN SPADES TWO,0.7232,0.0626,0.2142
CLUBS NINE CLUBS SEVEN,0.645,0.0558,0.2992
CLUBS EIGHT CLUBS SEVEN,0.622,0.0524,0.3256
HEARTS SIX DIAMONDS FIVE,0.6154,0.0158,0.3688
DIAMONDS FIVE HEARTS SEVEN,0.6744,0.0612,0.2644
DIAMONDS FIVE HEARTS EIGHT,0.613,0.0172,0.3698
HEARTS NINE DIAMONDS FIVE,0.6188,0.018,0.3632
DIAMONDS QUEEN DIAMONDS FIVE,0.3806,0.0104,0.609
HEARTS TWO DIAMONDS FIVE,0.633,0.0194,0.3476
HEARTS KING HEARTS EIGHT,0.3414,0.006,0.6526
DIAMONDS KING DIAMONDS FIVE,0.3812,0.0064,0.6124
HEARTS THREE DIAMONDS FIVE,0.6162,0.023,0.3608
HEARTS QUEEN HEARTS EIGHT,0.3284,0.0084,0.6632
DIAMONDS ACE DIAMONDS FIVE,0.3754,0.0054,0.6192
HEARTS FOUR DIAMONDS FIVE,0.603,0.0138,0.3832
HEARTS FIVE DIAMONDS FIVE,0.4338,0.0416,0.5246
HEARTS ACE HEARTS EIGHT,0.3494,0.0046,0.646
CLUBS FOUR DIAMONDS FIVE,0.6086,0.0218,0.3696
CLUBS FIVE DIAMONDS FIVE,0.427,0.0376,0.5354
CLUBS SIX DIAMONDS FIVE,0.6038,0.0184,0.3778
CLUBS SEVEN DIAMONDS FIVE,0.6776,0.0608,0.2616
CLUBS TWO DIAMONDS FIVE,0.6538,0.0178,0.3284
CLUBS THREE DIAMONDS FIVE,0.6154,0.0198,0.3648
SPADES THREE DIAMONDS FIVE,0.619,0.019,0.362
SPADES TWO DIAMONDS FIVE,0.6354,0.019,0.3456
SPADES JACK DIAMONDS EIGHT,0.2154,0.225,0.5596
SPADES FIVE DIAMONDS FIVE,0.4144,0.041,0.5446
HEARTS JACK CLUBS TEN,0.2272,0.1178,0.655
SPADES TEN DIAMONDS EIGHT,0.566,0.0202,0.4138
SPADES FOUR DIAMONDS FIVE,0.6102,0.0196,0.3702
HEARTS JACK CLUBS QUEEN,0.2152,0.0424,0.7424
CLUBS NINE DIAMONDS FIVE,0.6242,0.0172,0.3586
HEARTS JACK CLUBS KING,0.2402,0.0308,0.729
CLUBS EIGHT DIAMONDS FIVE,0.6166,0.0188,0.3646
HEARTS JACK CLUBS ACE,0.2414,0.0188,0.7398
SPADES KING DIAMONDS EIGHT,0.3794,0.0062,0.6144
SPADES SIX DIAMONDS FIVE,0.624,0.0202,0.3558
SPADES QUEEN DIAMONDS EIGHT,0.3442,0.0098,0.646
SPADES NINE DIAMONDS FIVE,0.6182,0.0164,0.3654
SPADES EIGHT DIAMONDS FIVE,0.612,0.0156,0.3724
SPADES ACE DIAMONDS EIGHT,0.376,0.0034,0.6206
DIAMONDS TEN DIAMONDS SIX,0.5912,0.0146,0.3942
HEARTS ACE DIAMONDS SEVEN,0.2456,0.0242,0.7302
DIAMONDS JACK DIAMONDS SIX,0.4482,0.2794,0.2724
HEARTS QUEEN DIAMONDS SEVEN,0.2552,0.0406,0.7042
HEARTS KING DIAMONDS SEVEN,0.2558,0.033,0.7112
DIAMONDS ACE DIAMONDS SIX,0.3886,0.0042,0.6072
HEARTS FOUR DIAMONDS SIX,0.6166,0.0196,0.3638
HEARTS JACK SPADES TWO,0.4884,0.3006,0.211
HEARTS FIVE DIAMONDS SIX,0.6068,0.0176,0.3756
SPADES TWO HEARTS TEN,0.6292,0.0186,0.3522
DIAMONDS QUEEN DIAMONDS SIX,0.3726,0.01,0.6174
HEARTS TWO DIAMONDS SIX,0.6432,0.0178,0.339
DIAMONDS KING DIAMONDS SIX,0.3866,0.0056,0.6078
HEARTS THREE DIAMONDS SIX,0.6344,0.0168,0.3488
HEARTS EIGHT DIAMONDS SIX,0.6134,0.0156,0.371
HEARTS NINE DIAMONDS SIX,0.6198,0.0144,0.3658
HEARTS SIX DIAMONDS SIX,0.4126,0.0432,0.5442
HEARTS SEVEN DIAMONDS SIX,0.6684,0.058,0.2736
HEARTS TEN DIAMONDS SEVEN,0.7014,0.0526,0.246
CLUBS TWO DIAMONDS SIX,0.6494,0.019,0.3316
HEARTS JACK DIAMONDS SEVEN,0.022,0.9556,0.0224
CLUBS THREE DIAMONDS SIX,0.638,0.0182,0.3438
CLUBS SEVEN DIAMONDS SIX,0.6734,0.058,0.2686
CLUBS SIX DIAMONDS SIX,0.4352,0.038,0.5268
DIAMONDS EIGHT CLUBS TEN,0.5688,0.0182,0.413
CLUBS FIVE DIAMONDS SIX,0.6098,0.0204,0.3698
CLUBS FOUR DIAMONDS SIX,0.6142,0.018,0.3678
HEARTS ACE HEARTS JACK,0.2364,0.018,0.7456
DIAMONDS EIGHT CLUBS ACE,0.3584,0.0046,0.637
HEARTS JACK HEARTS QUEEN,0.2124,0.0412,0.7464
DIAMONDS EIGHT CLUBS KING,0.3706,0.0066,0.6228
CLUBS NINE DIAMONDS SIX,0.62,0.014,0.366
HEARTS KING HEARTS JACK,0.224,0.027,0.749
DIAMONDS EIGHT CLUBS QUEEN,0.359,0.0096,0.6314
CLUBS EIGHT DIAMONDS SIX,0.5998,0.02,0.3802
SPADES TEN HEARTS KING,0.3504,0.0056,0.644
SPADES FIVE DIAMONDS SIX,0.6134,0.0202,0.3664
HEARTS ACE SPADES TWO,0.4148,0.0038,0.5814
SPADES JACK HEARTS KING,0.2384,0.0302,0.7314
SPADES FOUR DIAMONDS SIX,0.6266,0.0198,0.3536
SPADES THREE DIAMONDS SIX,0.6526,0.0186,0.3288
SPADES TWO HEARTS QUEEN,0.422,0.0126,0.5654
SPADES ACE SPADES KING,0.3052,0.0048,0.69
HEARTS KING SPADES TWO,0.4236,0.0066,0.5698
SPADES TWO DIAMONDS SIX,0.647,0.0186,0.3344
HEARTS TEN HEARTS EIGHT,0.5386,0.0154,0.446
SPADES NINE DIAMONDS SIX,0.6042,0.017,0.3788
HEARTS JACK HEARTS EIGHT,0.2106,0.215,0.5744
SPADES EIGHT DIAMONDS SIX,0.5874,0.0218,0.3908
SPADES SIX DIAMONDS SIX,0.4314,0.0396,0.529
SPADES KING HEARTS KING,0.1542,0.0076,0.8382
SPADES QUEEN HEARTS KING,0.3122,0.0078,0.68
CLUBS ACE CLUBS KING,0.3118,0.0046,0.6836
SPADES ACE HEARTS KING,0.3258,0.0042,0.67
SPADES ACE HEARTS JACK,0.2396,0.0176,0.7428
SPADES QUEEN HEARTS JACK,0.2172,0.04,0.7428
SPADES KING HEARTS JACK,0.231,0.0302,0.7388
SPADES TEN DIAMONDS TEN,0.2784,0.0226,0.699
SPADES JACK DIAMONDS TEN,0.2264,0.1186,0.655
SPADES ACE DIAMONDS TEN,0.3484,0.004,0.6476
SPADES JACK HEARTS JACK,0.1048,0.0394,0.8558
SPADES TEN HEARTS JACK,0.224,0.1212,0.6548
SPADES QUEEN DIAMONDS TEN,0.3358,0.0088,0.6554
SPADES KING DIAMONDS TEN,0.3434,0.0068,0.6498
SPADES NINE DIAMONDS SEVEN,0.6658,0.0588,0.2754
SPADES EIGHT DIAMONDS SEVEN,0.6526,0.0564,0.291
SPADES SIX DIAMONDS SEVEN,0.6862,0.0554,0.2584
DIAMONDS KING DIAMONDS SEVEN,0.2334,0.0308,0.7358
HEARTS THREE DIAMONDS SEVEN,0.6976,0.0604,0.242
HEARTS KING DIAMONDS FIVE,0.3928,0.006,0.6012
DIAMONDS QUEEN DIAMONDS SEVEN,0.2258,0.0412,0.733
HEARTS TWO DIAMONDS SEVEN,0.7036,0.0646,0.2318
HEARTS QUEEN DIAMONDS FIVE,0.397,0.0098,0.5932
HEARTS FIVE DIAMONDS SEVEN,0.6612,0.061,0.2778
DIAMONDS ACE DIAMONDS SEVEN,0.2436,0.0224,0.734
HEARTS FOUR DIAMONDS SEVEN,0.6972,0.0602,0.2426
HEARTS ACE DIAMONDS FIVE,0.3896,0.0024,0.608
HEARTS SEVEN DIAMONDS SEVEN,0.3108,0.0386,0.6506
HEARTS SIX DIAMONDS SEVEN,0.6718,0.0556,0.2726
HEARTS NINE DIAMONDS SEVEN,0.663,0.061,0.276
DIAMONDS SEVEN HEARTS EIGHT,0.6618,0.0562,0.282
DIAMONDS JACK DIAMONDS SEVEN,0.0218,0.9032,0.075
HEARTS JACK DIAMONDS FIVE,0.4682,0.3106,0.2212
DIAMONDS TEN DIAMONDS SEVEN,0.6518,0.0532,0.295
DIAMONDS FIVE HEARTS TEN,0.6358,0.0164,0.3478
SPADES KING CLUBS TWO,0.416,0.0108,0.5732
HEARTS KING CLUBS KING,0.1492,0.007,0.8438
CLUBS EIGHT DIAMONDS SEVEN,0.658,0.053,0.289
SPADES QUEEN CLUBS TWO,0.414,0.0112,0.5748
HEARTS KING CLUBS QUEEN,0.317,0.0062,0.6768
CLUBS NINE DIAMONDS SEVEN,0.6826,0.0586,0.2588
SPADES ACE CLUBS TWO,0.4036,0.0048,0.5916
SPADES TWO CLUBS TEN,0.6422,0.019,0.3388
HEARTS KING CLUBS ACE,0.3282,0.0044,0.6674
CLUBS SIX CLUBS SEVEN,0.635,0.0656,0.2994
SPADES TWO CLUBS KING,0.408,0.0074,0.5846
SPADES TWO DIAMONDS SEVEN,0.7258,0.0636,0.2106
CLUBS EIGHT CLUBS SIX,0.5908,0.021,0.3882
SPADES THREE DIAMONDS SEVEN,0.6898,0.062,0.2482
SPADES TWO CLUBS QUEEN,0.4034,0.0088,0.5878
CLUBS NINE CLUBS SIX,0.5896,0.0156,0.3948
SPADES FOUR DIAMONDS SEVEN,0.6812,0.0598,0.259
SPADES FIVE DIAMONDS SEVEN,0.6782,0.0564,0.2654
SPADES TWO CLUBS ACE,0.4148,0.0068,0.5784
HEARTS KING CLUBS TEN,0.3582,0.0066,0.6352
CLUBS SIX SPADES TWO,0.6654,0.0202,0.3144
CLUBS SIX SPADES THREE,0.6306,0.0216,0.3478
CLUBS TWO DIAMONDS SEVEN,0.711,0.066,0.223
CLUBS SIX SPADES FOUR,0.636,0.0164,0.3476
CLUBS THREE DIAMONDS SEVEN,0.688,0.066,0.246
CLUBS SIX SPADES FIVE,0.6018,0.02,0.3782
CLUBS FOUR DIAMONDS SEVEN,0.6898,0.0652,0.245
CLUBS SIX SPADES SIX,0.435,0.0372,0.5278
CLUBS FIVE DIAMONDS SEVEN,0.6794,0.0616,0.259
CLUBS SIX DIAMONDS SEVEN,0.6778,0.0564,0.2658
CLUBS SIX SPADES EIGHT,0.6018,0.0158,0.3824
SPADES JACK CLUBS TWO,0.491,0.2904,0.2186
CLUBS SIX SPADES NINE,0.6182,0.0172,0.3646
SPADES TEN CLUBS TWO,0.6414,0.0204,0.3382
CLUBS SEVEN DIAMONDS SEVEN,0.2966,0.0394,0.664
CLUBS TWO CLUBS QUEEN,0.392,0.0142,0.5938
CLUBS TWO CLUBS KING,0.3962,0.006,0.5978
CLUBS THREE DIAMONDS EIGHT,0.636,0.0188,0.3452
CLUBS TWO CLUBS ACE,0.387,0.008,0.605
CLUBS TWO DIAMONDS EIGHT,0.6386,0.018,0.3434
DIAMONDS EIGHT HEARTS SEVEN,0.6582,0.0516,0.2902
HEARTS SIX DIAMONDS EIGHT,0.5972,0.0164,0.3864
DIAMONDS EIGHT HEARTS NINE,0.5584,0.0158,0.4258
CLUBS TWO CLUBS TEN,0.6,0.0158,0.3842
DIAMONDS EIGHT HEARTS EIGHT,0.2962,0.0298,0.674
CLUBS NINE DIAMONDS EIGHT,0.5664,0.0142,0.4194
CLUBS EIGHT DIAMONDS EIGHT,0.3088,0.0316,0.6596
CLUBS FIVE DIAMONDS EIGHT,0.6114,0.0186,0.37
SPADES ACE SPADES THREE,0.3918,0.0052,0.603
CLUBS FOUR DIAMONDS EIGHT,0.6248,0.0174,0.3578
SPADES QUEEN SPADES THREE,0.3928,0.0116,0.5956
CLUBS SEVEN DIAMONDS EIGHT,0.6788,0.055,0.2662
CLUBS SIX DIAMONDS EIGHT,0.6138,0.0158,0.3704
SPADES KING SPADES THREE,0.403,0.007,0.59
DIAMONDS QUEEN DIAMONDS EIGHT,0.3322,0.0114,0.6564
HEARTS TWO DIAMONDS EIGHT,0.6466,0.017,0.3364
DIAMONDS KING DIAMONDS EIGHT,0.3504,0.0062,0.6434
HEARTS THREE DIAMONDS EIGHT,0.6386,0.018,0.3434
DIAMONDS ACE DIAMONDS EIGHT,0.35,0.0032,0.6468
HEARTS FOUR DIAMONDS EIGHT,0.6108,0.017,0.3722
HEARTS FIVE DIAMONDS EIGHT,0.6158,0.0198,0.3644
DIAMONDS EIGHT DIAMONDS TEN,0.5458,0.0176,0.4366
DIAMONDS EIGHT DIAMONDS JACK,0.216,0.2108,0.5732
SPADES JACK SPADES THREE,0.449,0.2812,0.2698
SPADES TEN SPADES THREE,0.6002,0.0168,0.383
CLUBS FOUR HEARTS ACE,0.3944,0.0052,0.6004
CLUBS FOUR HEARTS QUEEN,0.4084,0.0116,0.58
CLUBS FOUR HEARTS KING,0.4024,0.0086,0.589
CLUBS SIX HEARTS TEN,0.632,0.0142,0.3538
CLUBS SIX HEARTS JACK,0.4828,0.2978,0.2194
SPADES FOUR DIAMONDS EIGHT,0.6278,0.0178,0.3544
SPADES FIVE DIAMONDS EIGHT,0.606,0.021,0.373
DIAMONDS EIGHT SPADES TWO,0.6436,0.0172,0.3392
DIAMONDS EIGHT SPADES THREE,0.638,0.018,0.344
CLUBS FOUR HEARTS JACK,0.4634,0.3158,0.2208
SPADES EIGHT DIAMONDS EIGHT,0.2954,0.035,0.6696
SPADES TEN DIAMONDS QUEEN,0.342,0.008,0.65
SPADES TEN HEARTS TWO,0.6366,0.0198,0.3436
SPADES JACK HEARTS EIGHT,0.2246,0.2222,0.5532
CLUBS FOUR HEARTS TEN,0.6352,0.019,0.3458
SPADES NINE DIAMONDS EIGHT,0.5398,0.0178,0.4424
SPADES TEN HEARTS EIGHT,0.5798,0.017,0.4032
SPADES JACK HEARTS TWO,0.477,0.2952,0.2278
SPADES JACK DIAMONDS QUEEN,0.222,0.0412,0.7368
SPADES SIX DIAMONDS EIGHT,0.614,0.0162,0.3698
SPADES ACE HEARTS TWO,0.399,0.0062,0.5948
SPADES ACE DIAMONDS QUEEN,0.3234,0.0038,0.6728
SPADES ACE HEARTS EIGHT,0.375,0.0026,0.6224
SPADES KING HEARTS EIGHT,0.3632,0.0078,0.629
SPADES QUEEN HEARTS TWO,0.4054,0.0126,0.582
SPADES QUEEN DIAMONDS QUEEN,0.1488,0.01,0.8412
SPADES KING DIAMONDS QUEEN,0.3068,0.005,0.6882
SPADES KING HEARTS TWO,0.3956,0.0082,0.5962
SPADES QUEEN HEARTS EIGHT,0.3508,0.0102,0.639
CLUBS TWO HEARTS TEN,0.6496,0.02,0.3304
CLUBS TWO HEARTS JACK,0.4908,0.3036,0.2056
SPADES SIX DIAMONDS NINE,0.6226,0.0184,0.359
SPADES NINE DIAMONDS NINE,0.29,0.0286,0.6814
SPADES EIGHT DIAMONDS NINE,0.574,0.0186,0.4074
SPADES TEN CLUBS KING,0.3376,0.0072,0.6552
DIAMONDS NINE SPADES THREE,0.6416,0.0178,0.3406
SPADES JACK CLUBS KING,0.2346,0.0304,0.735
DIAMONDS NINE SPADES TWO,0.6518,0.0162,0.332
SPADES FIVE DIAMONDS NINE,0.6202,0.0176,0.3622
DIAMONDS NINE SPADES FOUR,0.6306,0.018,0.3514
CLUBS NINE DIAMONDS NINE,0.2936,0.0264,0.68
CLUBS EIGHT DIAMONDS NINE,0.5598,0.0158,0.4244
CLUBS SIX DIAMONDS NINE,0.6222,0.014,0.3638
SPADES JACK CLUBS FOUR,0.481,0.294,0.225
SPADES TEN CLUBS FOUR,0.64,0.0208,0.3392
CLUBS SEVEN DIAMONDS NINE,0.6988,0.0508,0.2504
CLUBS FOUR DIAMONDS NINE,0.6294,0.0174,0.3532
CLUBS FIVE DIAMONDS NINE,0.6226,0.0198,0.3576
CLUBS TWO DIAMONDS NINE,0.644,0.0162,0.3398
CLUBS THREE DIAMONDS NINE,0.6322,0.0174,0.3504
DIAMONDS NINE HEARTS EIGHT,0.5592,0.0142,0.4266
DIAMONDS NINE HEARTS NINE,0.2874,0.0282,0.6844
HEARTS SIX DIAMONDS NINE,0.6112,0.015,0.3738
DIAMONDS NINE HEARTS SEVEN,0.6784,0.0542,0.2674
CLUBS EIGHT CLUBS NINE,0.5408,0.0172,0.442
DIAMONDS ACE DIAMONDS NINE,0.3604,0.0034,0.6362
HEARTS FOUR DIAMONDS NINE,0.6302,0.018,0.3518
HEARTS FIVE DIAMONDS NINE,0.6088,0.017,0.3742
CLUBS TWO HEARTS ACE,0.413,0.0042,0.5828
SPADES ACE CLUBS FOUR,0.3984,0.006,0.5956
DIAMONDS QUEEN DIAMONDS NINE,0.3318,0.011,0.6572
HEARTS TWO DIAMONDS NINE,0.6308,0.0164,0.3528
CLUBS TWO HEARTS KING,0.4162,0.0064,0.5774
SPADES KING CLUBS FOUR,0.4156,0.008,0.5764
DIAMONDS KING DIAMONDS NINE,0.3446,0.0064,0.649
HEARTS THREE DIAMONDS NINE,0.6294,0.0196,0.351
CLUBS TWO HEARTS QUEEN,0.4042,0.0136,0.5822
SPADES QUEEN CLUBS FOUR,0.3974,0.014,0.5886
DIAMONDS NINE DIAMONDS JACK,0.22,0.155,0.625
CLUBS EIGHT SPADES NINE,0.5604,0.0176,0.422
DIAMONDS NINE DIAMONDS TEN,0.5048,0.014,0.4812
CLUBS EIGHT SPADES EIGHT,0.2896,0.0334,0.677
CLUBS EIGHT SPADES SIX,0.6042,0.0188,0.377
CLUBS EIGHT SPADES FIVE,0.6104,0.0166,0.373
CLUBS EIGHT SPADES FOUR,0.633,0.0206,0.3464
CLUBS EIGHT SPADES THREE,0.6342,0.0198,0.346
CLUBS EIGHT SPADES TWO,0.6438,0.0206,0.3356
HEARTS SIX DIAMONDS TEN,0.6138,0.0164,0.3698
DIAMONDS TEN HEARTS SEVEN,0.687,0.0564,0.2566
DIAMONDS TEN HEARTS EIGHT,0.5638,0.0144,0.4218
DIAMONDS TEN HEARTS NINE,0.5428,0.015,0.4422
CLUBS FOUR CLUBS TEN,0.5998,0.0186,0.3816
CLUBS FOUR CLUBS KING,0.387,0.0086,0.6044
CLUBS FOUR CLUBS QUEEN,0.3984,0.0114,0.5902
CLUBS TWO DIAMONDS TEN,0.635,0.019,0.346
CLUBS THREE DIAMONDS TEN,0.6372,0.0178,0.345
CLUBS FOUR CLUBS ACE,0.3878,0.0046,0.6076
DIAMONDS JACK DIAMONDS TEN,0.2238,0.11,0.6662
DIAMONDS QUEEN DIAMONDS TEN,0.3224,0.0084,0.6692
HEARTS TWO DIAMONDS TEN,0.6482,0.0162,0.3356
DIAMONDS KING DIAMONDS TEN,0.3396,0.0062,0.6542
HEARTS THREE DIAMONDS TEN,0.6286,0.0186,0.3528
DIAMONDS ACE DIAMONDS TEN,0.3334,0.0032,0.6634
HEARTS FOUR DIAMONDS TEN,0.6388,0.0178,0.3434
CLUBS EIGHT HEARTS JACK,0.226,0.224,0.55
HEARTS FIVE DIAMONDS TEN,0.6242,0.0172,0.3586
CLUBS EIGHT HEARTS TEN,0.581,0.0162,0.4028
CLUBS EIGHT HEARTS QUEEN,0.3648,0.0088,0.6264
CLUBS EIGHT HEARTS KING,0.3676,0.0048,0.6276
CLUBS EIGHT HEARTS ACE,0.3664,0.0056,0.628
CLUBS NINE SPADES THREE,0.6478,0.0196,0.3326
CLUBS NINE SPADES TWO,0.648,0.0196,0.3324
CLUBS NINE SPADES FIVE,0.6234,0.0198,0.3568
CLUBS NINE SPADES FOUR,0.6538,0.0152,0.331
CLUBS NINE SPADES SIX,0.6256,0.0164,0.358
CLUBS NINE SPADES NINE,0.2802,0.0242,0.6956
CLUBS TEN HEARTS EIGHT,0.57,0.0182,0.4118
CLUBS NINE SPADES EIGHT,0.5682,0.0164,0.4154
CLUBS QUEEN HEARTS EIGHT,0.353,0.0112,0.6358
CLUBS KING HEARTS EIGHT,0.3678,0.008,0.6242
CLUBS ACE HEARTS EIGHT,0.3512,0.0044,0.6444
SPADES KING CLUBS KING,0.1374,0.0088,0.8538
SPADES QUEEN CLUBS KING,0.34,0.007,0.653
SPADES ACE CLUBS KING,0.3326,0.0044,0.663
DIAMONDS ACE HEARTS TEN,0.3506,0.0032,0.6462
HEARTS FOUR HEARTS TEN,0.5934,0.015,0.3916
DIAMONDS ACE HEARTS JACK,0.2566,0.0174,0.726
HEARTS FOUR HEARTS JACK,0.4608,0.2718,0.2674
SPADES KING CLUBS FIVE,0.4006,0.0082,0.5912
SPADES QUEEN CLUBS FIVE,0.4008,0.0132,0.586
SPADES ACE CLUBS FIVE,0.3992,0.0054,0.5954
DIAMONDS JACK HEARTS SEVEN,0.0222,0.9582,0.0196
HEARTS SIX DIAMONDS JACK,0.4816,0.286,0.2324
DIAMONDS JACK HEARTS NINE,0.2358,0.1644,0.5998
DIAMONDS JACK HEARTS EIGHT,0.2326,0.2184,0.549
DIAMONDS KING DIAMONDS JACK,0.2296,0.0286,0.7418
HEARTS THREE DIAMONDS JACK,0.4704,0.2956,0.234
SPADES ACE SPADES SIX,0.3796,0.006,0.6144
SPADES FOUR HEARTS ACE,0.4036,0.0044,0.592
DIAMONDS QUEEN DIAMONDS JACK,0.2086,0.0398,0.7516
HEARTS TWO DIAMONDS JACK,0.4864,0.2906,0.223
HEARTS FIVE DIAMONDS JACK,0.457,0.312,0.231
SPADES QUEEN SPADES SIX,0.3952,0.0102,0.5946
SPADES FOUR HEARTS QUEEN,0.4118,0.0144,0.5738
DIAMONDS ACE DIAMONDS JACK,0.2314,0.0206,0.748
HEARTS FOUR DIAMONDS JACK,0.4734,0.2948,0.2318
SPADES KING SPADES SIX,0.3896,0.0072,0.6032
HEARTS KING SPADES FOUR,0.4172,0.008,0.5748
SPADES TEN SPADES SIX,0.585,0.0164,0.3986
SPADES JACK SPADES SIX,0.4698,0.2828,0.2474
SPADES FOUR DIAMONDS JACK,0.487,0.2886,0.2244
SPADES FIVE DIAMONDS JACK,0.4846,0.3102,0.2052
DIAMONDS JACK SPADES TWO,0.4956,0.2924,0.212
SPADES THREE DIAMONDS JACK,0.4928,0.2978,0.2094
SPADES ACE DIAMONDS THREE,0.3962,0.0032,0.6006
SPADES QUEEN DIAMONDS THREE,0.4106,0.0104,0.579
CLUBS EIGHT DIAMONDS JACK,0.2198,0.231,0.5492
SPADES KING DIAMONDS THREE,0.4062,0.0086,0.5852
CLUBS NINE DIAMONDS JACK,0.2302,0.1576,0.6122
CLUBS SIX DIAMONDS JACK,0.4698,0.3088,0.2214
CLUBS SEVEN DIAMONDS JACK,0.0206,0.966,0.0134
CLUBS FOUR DIAMONDS JACK,0.476,0.3044,0.2196
CLUBS FIVE DIAMONDS JACK,0.477,0.2956,0.2274
CLUBS TWO DIAMONDS JACK,0.4882,0.298,0.2138
CLUBS THREE DIAMONDS JACK,0.4862,0.2944,0.2194
SPADES TEN CLUBS FIVE,0.6368,0.0176,0.3456
HEARTS SIX SPADES JACK,0.4764,0.293,0.2306
HEARTS SIX SPADES TEN,0.6152,0.0166,0.3682
SPADES JACK CLUBS FIVE,0.4776,0.2992,0.2232
SPADES JACK DIAMONDS THREE,0.4892,0.2864,0.2244
CLUBS SEVEN CLUBS ACE,0.2446,0.025,0.7304
DIAMONDS THREE SPADES TEN,0.6384,0.0202,0.3414
CLUBS SEVEN CLUBS QUEEN,0.2396,0.042,0.7184
CLUBS SEVEN CLUBS KING,0.2394,0.036,0.7246
SPADES NINE DIAMONDS JACK,0.2242,0.1606,0.6152
CLUBS SEVEN CLUBS TEN,0.6556,0.0562,0.2882
DIAMONDS ACE HEARTS ACE,0.1458,0.0018,0.8524
HEARTS FOUR HEARTS ACE,0.382,0.0058,0.6122
SPADES EIGHT DIAMONDS JACK,0.2252,0.2258,0.549
SPADES ACE HEARTS SIX,0.4066,0.0052,0.5882
DIAMONDS ACE HEARTS KING,0.3424,0.003,0.6546
HEARTS FOUR HEARTS KING,0.3866,0.0048,0.6086
SPADES KING HEARTS SIX,0.4122,0.0042,0.5836
DIAMONDS ACE HEARTS QUEEN,0.3402,0.0032,0.6566
HEARTS FOUR HEARTS QUEEN,0.3896,0.0106,0.5998
SPADES SIX DIAMONDS JACK,0.4858,0.2998,0.2144
SPADES QUEEN HEARTS SIX,0.3922,0.011,0.5968
SPADES TWO DIAMONDS TEN,0.641,0.0158,0.3432
SPADES THREE DIAMONDS TEN,0.6302,0.0162,0.3536
SPADES FOUR DIAMONDS TEN,0.632,0.0184,0.3496
SPADES FIVE DIAMONDS TEN,0.6358,0.0172,0.347
SPADES SIX DIAMONDS TEN,0.6302,0.0178,0.352
SPADES EIGHT DIAMONDS TEN,0.5746,0.0154,0.41
SPADES NINE DIAMONDS TEN,0.554,0.017,0.429
CLUBS FOUR DIAMONDS TEN,0.6338,0.0188,0.3474
CLUBS FIVE DIAMONDS TEN,0.6426,0.0164,0.341
CLUBS SIX DIAMONDS TEN,0.6276,0.0174,0.355
CLUBS SEVEN DIAMONDS TEN,0.705,0.0568,0.2382
CLUBS EIGHT DIAMONDS TEN,0.5872,0.0164,0.3964
CLUBS NINE DIAMONDS TEN,0.5596,0.0176,0.4228
DIAMONDS THREE CLUBS TEN,0.641,0.0152,0.3438
DIAMONDS THREE CLUBS KING,0.4014,0.0068,0.5918
DIAMONDS THREE CLUBS QUEEN,0.3942,0.0104,0.5954
DIAMONDS THREE CLUBS ACE,0.409,0.0038,0.5872
SPADES FOUR HEARTS JACK,0.483,0.2946,0.2224
SPADES FOUR HEARTS TEN,0.6474,0.0194,0.3332
SPADES FIVE SPADES TWO,0.613,0.0198,0.3672
SPADES FOUR SPADES TWO,0.6186,0.018,0.3634
SPADES THREE SPADES TWO,0.6128,0.0188,0.3684
SPADES NINE SPADES TWO,0.5984,0.0172,0.3844
SPADES EIGHT SPADES TWO,0.5946,0.0204,0.385
SPADES SIX SPADES TWO,0.6184,0.0188,0.3628
DIAMONDS QUEEN CLUBS THREE,0.4116,0.0122,0.5762
HEARTS TWO CLUBS THREE,0.646,0.0168,0.3372
DIAMONDS QUEEN CLUBS TWO,0.4094,0.0106,0.58
CLUBS TWO HEARTS TWO,0.4438,0.0404,0.5158
DIAMONDS QUEEN HEARTS SEVEN,0.2404,0.0408,0.7188
HEARTS TWO HEARTS SEVEN,0.6708,0.0652,0.264
HEARTS SIX DIAMONDS QUEEN,0.4042,0.0098,0.586
HEARTS SIX HEARTS TWO,0.6226,0.0212,0.3562
DIAMONDS QUEEN HEARTS NINE,0.3502,0.0094,0.6404
HEARTS TWO HEARTS NINE,0.6112,0.0196,0.3692
DIAMONDS QUEEN HEARTS EIGHT,0.3576,0.0094,0.633
HEARTS TWO HEARTS EIGHT,0.5992,0.0124,0.3884
CLUBS NINE HEARTS TWO,0.6476,0.0152,0.3372
CLUBS NINE DIAMONDS QUEEN,0.346,0.0084,0.6456
CLUBS EIGHT HEARTS TWO,0.6432,0.0196,0.3372
CLUBS EIGHT DIAMONDS QUEEN,0.3516,0.0126,0.6358
CLUBS FIVE DIAMONDS QUEEN,0.4122,0.012,0.5758
CLUBS FIVE HEARTS TWO,0.6332,0.022,0.3448
SPADES EIGHT HEARTS ACE,0.365,0.0038,0.6312
CLUBS FOUR DIAMONDS QUEEN,0.4204,0.0092,0.5704
CLUBS FOUR HEARTS TWO,0.6332,0.0188,0.348
SPADES EIGHT HEARTS QUEEN,0.3466,0.0106,0.6428
CLUBS SEVEN HEARTS TWO,0.715,0.0666,0.2184
CLUBS SEVEN DIAMONDS QUEEN,0.246,0.0432,0.7108
CLUBS SIX DIAMONDS QUEEN,0.395,0.0094,0.5956
CLUBS SIX HEARTS TWO,0.656,0.0208,0.3232
SPADES EIGHT HEARTS KING,0.367,0.008,0.625
DIAMONDS QUEEN SPADES SIX,0.3974,0.011,0.5916
HEARTS TWO SPADES SIX,0.6574,0.018,0.3246
HEARTS FOUR CLUBS QUEEN,0.3918,0.0132,0.595
DIAMONDS ACE CLUBS QUEEN,0.3262,0.007,0.6668
HEARTS FOUR CLUBS KING,0.4094,0.008,0.5826
DIAMONDS ACE CLUBS KING,0.3374,0.004,0.6586
DIAMONDS QUEEN SPADES EIGHT,0.3468,0.008,0.6452
SPADES EIGHT HEARTS TWO,0.6372,0.0144,0.3484
HEARTS FOUR CLUBS ACE,0.3942,0.0056,0.6002
DIAMONDS ACE CLUBS ACE,0.1324,0.0052,0.8624
SPADES NINE DIAMONDS QUEEN,0.3478,0.0124,0.6398
SPADES NINE HEARTS TWO,0.6486,0.019,0.3324
HEARTS TWO SPADES TWO,0.4488,0.0428,0.5084
DIAMONDS QUEEN SPADES TWO,0.4224,0.013,0.5646
HEARTS TWO SPADES THREE,0.6542,0.0206,0.3252
DIAMONDS QUEEN SPADES THREE,0.4154,0.009,0.5756
HEARTS TWO SPADES FOUR,0.6404,0.0176,0.342
DIAMONDS QUEEN SPADES FOUR,0.4138,0.0108,0.5754
HEARTS FOUR CLUBS TEN,0.6334,0.0184,0.3482
DIAMONDS ACE CLUBS TEN,0.3534,0.0028,0.6438
HEARTS TWO SPADES FIVE,0.6478,0.0184,0.3338
DIAMONDS QUEEN SPADES FIVE,0.4022,0.0098,0.588
CLUBS FIVE CLUBS KING,0.3916,0.0078,0.6006
CLUBS FIVE CLUBS QUEEN,0.3834,0.0102,0.6064
CLUBS FIVE CLUBS ACE,0.3836,0.0038,0.6126
CLUBS FIVE CLUBS TEN,0.6024,0.0166,0.381
SPADES SIX CLUBS KING,0.4008,0.0064,0.5928
SPADES SIX CLUBS QUEEN,0.413,0.0086,0.5784
SPADES EIGHT HEARTS JACK,0.222,0.2182,0.5598
SPADES SIX CLUBS ACE,0.3972,0.0044,0.5984
SPADES EIGHT HEARTS TEN,0.5672,0.0176,0.4152
SPADES SIX CLUBS TEN,0.6308,0.0148,0.3544
SPADES QUEEN CLUBS SEVEN,0.2358,0.0436,0.7206
SPADES KING CLUBS SEVEN,0.2414,0.0356,0.723
SPADES ACE CLUBS SEVEN,0.2476,0.024,0.7284
SPADES SIX HEARTS TEN,0.627,0.0178,0.3552
SPADES SIX HEARTS JACK,0.4814,0.3186,0.2
SPADES SIX HEARTS ACE,0.4034,0.0026,0.594
SPADES SIX HEARTS KING,0.4028,0.0046,0.5926
SPADES SIX HEARTS QUEEN,0.4176,0.0098,0.5726
SPADES JACK CLUBS SEVEN,0.0088,0.984,0.0072
CLUBS SEVEN SPADES TEN,0.6926,0.0608,0.2466
HEARTS SIX CLUBS TEN,0.6126,0.0202,0.3672
HEARTS SIX CLUBS QUEEN,0.4116,0.0128,0.5756
HEARTS SIX CLUBS KING,0.3964,0.0094,0.5942
HEARTS SIX CLUBS ACE,0.3998,0.0024,0.5978
DIAMONDS THREE HEARTS ACE,0.423,0.0032,0.5738
DIAMONDS THREE HEARTS QUEEN,0.406,0.0122,0.5818
DIAMONDS THREE HEARTS KING,0.4236,0.0066,0.5698
CLUBS FIVE HEARTS JACK,0.4822,0.2986,0.2192
SPADES TEN DIAMONDS ACE,0.3542,0.0038,0.642
HEARTS FOUR SPADES TEN,0.6286,0.0172,0.3542
CLUBS FIVE HEARTS TEN,0.625,0.0164,0.3586
HEARTS FOUR SPADES JACK,0.4832,0.2818,0.235
SPADES JACK DIAMONDS ACE,0.2386,0.019,0.7424
SPADES ACE HEARTS FOUR,0.3988,0.0032,0.598
SPADES ACE DIAMONDS ACE,0.1374,0.0026,0.86
CLUBS FIVE HEARTS ACE,0.4154,0.0048,0.5798
CLUBS FIVE HEARTS KING,0.4136,0.0064,0.58
HEARTS FOUR SPADES QUEEN,0.397,0.0128,0.5902
SPADES QUEEN DIAMONDS ACE,0.3232,0.0032,0.6736
CLUBS FIVE HEARTS QUEEN,0.4104,0.0114,0.5782
SPADES KING DIAMONDS ACE,0.3352,0.0038,0.661
HEARTS FOUR SPADES KING,0.3914,0.0078,0.6008
SPADES FOUR CLUBS TEN,0.6288,0.0156,0.3556
DIAMONDS QUEEN DIAMONDS ACE,0.3164,0.0044,0.6792
HEARTS TWO DIAMONDS ACE,0.4102,0.0044,0.5854
HEARTS FOUR DIAMONDS QUEEN,0.4016,0.011,0.5874
HEARTS FOUR HEARTS TWO,0.5918,0.0184,0.3898
DIAMONDS THREE HEARTS TEN,0.6308,0.0136,0.3556
SPADES FOUR CLUBS KING,0.4006,0.0076,0.5918
HEARTS FIVE DIAMONDS QUEEN,0.3984,0.0094,0.5922
HEARTS FIVE HEARTS TWO,0.5892,0.0196,0.3912
DIAMONDS THREE HEARTS JACK,0.4846,0.2924,0.223
SPADES FOUR CLUBS QUEEN,0.3938,0.0138,0.5924
DIAMONDS QUEEN HEARTS TWO,0.4084,0.011,0.5806
DIAMONDS KING DIAMONDS QUEEN,0.2968,0.008,0.6952
DIAMONDS KING HEARTS TWO,0.4156,0.007,0.5774
HEARTS THREE DIAMONDS QUEEN,0.4068,0.013,0.5802
HEARTS THREE HEARTS TWO,0.602,0.0172,0.3808
SPADES FOUR CLUBS ACE,0.4054,0.0068,0.5878
HEARTS TWO CLUBS ACE,0.4074,0.0044,0.5882
DIAMONDS QUEEN CLUBS ACE,0.3196,0.0048,0.6756
HEARTS TWO CLUBS QUEEN,0.4088,0.012,0.5792
DIAMONDS QUEEN CLUBS QUEEN,0.1484,0.011,0.8406
HEARTS TWO CLUBS KING,0.4226,0.0074,0.57
DIAMONDS QUEEN CLUBS KING,0.3204,0.007,0.6726
SPADES EIGHT SPADES FIVE,0.5816,0.0178,0.4006
HEARTS TWO CLUBS TEN,0.6354,0.0174,0.3472
DIAMONDS QUEEN CLUBS TEN,0.3374,0.009,0.6536
SPADES NINE SPADES FIVE,0.5972,0.0166,0.3862
SPADES SIX SPADES FIVE,0.5764,0.0186,0.405
DIAMONDS FIVE CLUBS QUEEN,0.3946,0.0106,0.5948
SPADES EIGHT CLUBS ACE,0.3684,0.0062,0.6254
DIAMONDS FIVE CLUBS KING,0.408,0.0064,0.5856
SPADES EIGHT CLUBS KING,0.3536,0.0068,0.6396
CLUBS ACE DIAMONDS FIVE,0.4002,0.0056,0.5942
SPADES EIGHT CLUBS QUEEN,0.3492,0.014,0.6368
SPADES EIGHT CLUBS TEN,0.5742,0.0142,0.4116
DIAMONDS FIVE CLUBS TEN,0.6368,0.019,0.3442
HEARTS JACK DIAMONDS TEN,0.2312,0.1182,0.6506
DIAMONDS TEN HEARTS TEN,0.2762,0.0224,0.7014
SPADES ACE CLUBS NINE,0.3566,0.0052,0.6382
CLUBS NINE SPADES QUEEN,0.3504,0.0104,0.6392
SPADES KING CLUBS NINE,0.3578,0.0068,0.6354
HEARTS SIX HEARTS KING,0.3804,0.007,0.6126
SPADES KING DIAMONDS SEVEN,0.252,0.0344,0.7136
HEARTS SIX HEARTS QUEEN,0.367,0.012,0.621
DIAMONDS KING SPADES SIX,0.4046,0.0062,0.5892
HEARTS THREE SPADES SIX,0.6502,0.015,0.3348
SPADES QUEEN DIAMONDS SEVEN,0.2458,0.0478,0.7064
DIAMONDS KING SPADES NINE,0.3626,0.0054,0.632
HEARTS THREE SPADES NINE,0.6178,0.0172,0.365
HEARTS SIX HEARTS ACE,0.3788,0.004,0.6172
DIAMONDS KING SPADES EIGHT,0.3648,0.0056,0.6296
HEARTS THREE SPADES EIGHT,0.6392,0.0186,0.3422
SPADES ACE DIAMONDS SEVEN,0.2492,0.025,0.7258
CLUBS NINE HEARTS THREE,0.6314,0.0166,0.352
CLUBS NINE DIAMONDS KING,0.3598,0.0076,0.6326
CLUBS EIGHT HEARTS THREE,0.648,0.0162,0.3358
CLUBS EIGHT DIAMONDS KING,0.3702,0.0086,0.6212
HEARTS THREE SPADES THREE,0.4428,0.0424,0.5148
DIAMONDS KING SPADES THREE,0.4178,0.0064,0.5758
HEARTS THREE SPADES TWO,0.6318,0.0176,0.3506
DIAMONDS KING SPADES TWO,0.4214,0.0076,0.571
HEARTS THREE SPADES FIVE,0.624,0.018,0.358
DIAMONDS KING SPADES FIVE,0.3926,0.0072,0.6002
