opposingHand,winningChance,drawChance,lostChance
CLUBS THREE HEARTS NINE
HEARTS FIVE SPADES TEN,0.3584,0.0274,0.6142
SPADES JACK HEARTS FIVE,0.3624,0.0192,0.6184
CLUBS JACK SPADES FIVE,0.3462,0.0204,0.6334
CLUBS TEN SPADES FIVE,0.3608,0.0272,0.612
CLUBS JACK CLUBS EIGHT,0.3336,0.0164,0.65
CLUBS TEN CLUBS EIGHT,0.3146,0.0238,0.6616
CLUBS EIGHT CLUBS KING,0.356,0.0074,0.6366
SPADES FIVE CLUBS ACE,0.3466,0.0032,0.6502
CLUBS EIGHT CLUBS QUEEN,0.3288,0.0098,0.6614
SPADES FIVE CLUBS KING,0.3546,0.0098,0.6356
SPADES FIVE CLUBS QUEEN,0.3532,0.0132,0.6336
CLUBS EIGHT CLUBS ACE,0.3264,0.0048,0.6688
DIAMONDS TWO DIAMONDS THREE,0.5814,0.1106,0.308
DIAMONDS TWO DIAMONDS FIVE,0.54,0.04,0.42
SPADES KING HEARTS FIVE,0.3706,0.0068,0.6226
DIAMONDS TWO DIAMONDS FOUR,0.5486,0.0456,0.4058
SPADES QUEEN HEARTS FIVE,0.3532,0.0122,0.6346
DIAMONDS TWO DIAMONDS SEVEN,0.5664,0.044,0.3896
DIAMONDS TWO DIAMONDS SIX,0.5564,0.0448,0.3988
SPADES ACE HEARTS FIVE,0.3486,0.0052,0.6462
DIAMONDS TWO DIAMONDS NINE,0.245,0.48,0.275
DIAMONDS TWO DIAMONDS EIGHT,0.5606,0.0404,0.399
DIAMONDS THREE DIAMONDS FOUR,0.5718,0.1016,0.3266
CLUBS TWO SPADES FOUR,0.6008,0.0428,0.3564
DIAMONDS THREE DIAMONDS FIVE,0.5788,0.102,0.3192
SPADES FIVE CLUBS TWO,0.5716,0.048,0.3804
CLUBS TWO SPADES TWO,0.378,0.0946,0.5274
CLUBS TWO SPADES THREE,0.6316,0.1036,0.2648
DIAMONDS THREE DIAMONDS EIGHT,0.612,0.101,0.287
SPADES EIGHT CLUBS TWO,0.6,0.0456,0.3544
DIAMONDS THREE DIAMONDS NINE,0.0212,0.9108,0.068
SPADES NINE CLUBS TWO,0.2632,0.5174,0.2194
DIAMONDS THREE DIAMONDS SIX,0.6026,0.0936,0.3038
SPADES SIX CLUBS TWO,0.6008,0.0454,0.3538
DIAMONDS THREE DIAMONDS SEVEN,0.5966,0.1024,0.301
SPADES SEVEN CLUBS TWO,0.6166,0.0434,0.34
CLUBS SIX CLUBS TWO,0.5632,0.0462,0.3906
CLUBS SEVEN CLUBS TWO,0.5636,0.045,0.3914
CLUBS FOUR CLUBS TWO,0.5516,0.0486,0.3998
CLUBS FIVE CLUBS TWO,0.5414,0.0452,0.4134
CLUBS TEN CLUBS JACK,0.2814,0.0132,0.7054
DIAMONDS FOUR DIAMONDS SIX,0.5144,0.0424,0.4432
CLUBS TEN CLUBS QUEEN,0.2884,0.0114,0.7002
DIAMONDS FOUR DIAMONDS SEVEN,0.5178,0.0442,0.438
CLUBS TEN CLUBS KING,0.3152,0.008,0.6768
CLUBS TEN CLUBS ACE,0.2966,0.0058,0.6976
CLUBS EIGHT CLUBS TWO,0.563,0.0454,0.3916
DIAMONDS FIVE DIAMONDS FOUR,0.494,0.0526,0.4534
CLUBS NINE CLUBS TWO,0.2572,0.4998,0.243
DIAMONDS NINE DIAMONDS FOUR,0.2068,0.485,0.3082
DIAMONDS EIGHT DIAMONDS FOUR,0.5114,0.0384,0.4502
DIAMONDS NINE DIAMONDS FIVE,0.208,0.4136,0.3784
CLUBS JACK DIAMONDS TWO,0.39,0.0194,0.5906
DIAMONDS EIGHT DIAMONDS FIVE,0.5064,0.0404,0.4532
CLUBS TEN DIAMONDS TWO,0.3852,0.0296,0.5852
DIAMONDS FIVE DIAMONDS SEVEN,0.5074,0.0386,0.454
DIAMONDS FIVE DIAMONDS SIX,0.4906,0.0432,0.4662
DIAMONDS TWO CLUBS ACE,0.3734,0.0054,0.6212
DIAMONDS TWO CLUBS KING,0.3878,0.0076,0.6046
DIAMONDS TWO CLUBS QUEEN,0.3936,0.0136,0.5928
DIAMONDS EIGHT DIAMONDS SIX,0.509,0.0358,0.4552
DIAMONDS NINE DIAMONDS SIX,0.208,0.3534,0.4386
HEARTS ACE SPADES THREE,0.2282,0.0214,0.7504
SPADES THREE HEARTS KING,0.2234,0.0316,0.745
DIAMONDS SEVEN DIAMONDS SIX,0.4982,0.039,0.4628
HEARTS QUEEN SPADES THREE,0.2526,0.0486,0.6988
SPADES THREE HEARTS JACK,0.2296,0.0596,0.7108
SPADES THREE HEARTS TEN,0.2358,0.0862,0.678
DIAMONDS EIGHT DIAMONDS SEVEN,0.4808,0.0394,0.4798
DIAMONDS NINE DIAMONDS SEVEN,0.2022,0.2836,0.5142
DIAMONDS NINE DIAMONDS EIGHT,0.2164,0.1994,0.5842
DIAMONDS KING HEARTS TEN,0.3172,0.0066,0.6762
HEARTS THREE HEARTS TEN,0.2212,0.077,0.7018
SPADES JACK CLUBS SIX,0.3592,0.0184,0.6224
DIAMONDS KING HEARTS JACK,0.3148,0.0066,0.6786
HEARTS THREE HEARTS JACK,0.224,0.0556,0.7204
SPADES TEN CLUBS SIX,0.343,0.0288,0.6282
SPADES JACK SPADES FIVE,0.3252,0.0214,0.6534
SPADES TEN SPADES FIVE,0.3336,0.0286,0.6378
DIAMONDS KING HEARTS ACE,0.3268,0.005,0.6682
HEARTS THREE HEARTS ACE,0.2248,0.0206,0.7546
SPADES ACE CLUBS SIX,0.3442,0.0034,0.6524
DIAMONDS KING HEARTS QUEEN,0.3332,0.007,0.6598
HEARTS THREE HEARTS QUEEN,0.2338,0.0396,0.7266
SPADES KING CLUBS SIX,0.3544,0.0072,0.6384
DIAMONDS KING HEARTS KING,0.1332,0.0138,0.853
HEARTS THREE HEARTS KING,0.2306,0.0302,0.7392
SPADES QUEEN CLUBS SIX,0.3548,0.0106,0.6346
SPADES NINE HEARTS TEN,0.2216,0.0748,0.7036
SPADES NINE HEARTS JACK,0.227,0.059,0.714
SPADES QUEEN SPADES FIVE,0.3352,0.0152,0.6496
SPADES KING SPADES FIVE,0.34,0.0088,0.6512
SPADES ACE SPADES FIVE,0.3192,0.0068,0.674
SPADES NINE HEARTS QUEEN,0.2156,0.0474,0.737
SPADES NINE HEARTS KING,0.2144,0.0392,0.7464
SPADES NINE HEARTS ACE,0.2236,0.0258,0.7506
CLUBS TEN SPADES JACK,0.3062,0.0134,0.6804
CLUBS TEN SPADES TEN,0.1416,0.0442,0.8142
SPADES ACE CLUBS TEN,0.3148,0.0038,0.6814
CLUBS TEN SPADES KING,0.3042,0.0088,0.687
CLUBS TEN SPADES QUEEN,0.3126,0.0122,0.6752
SPADES FIVE HEARTS QUEEN,0.359,0.0132,0.6278
SPADES FIVE HEARTS KING,0.3608,0.0092,0.63
HEARTS ACE SPADES FIVE,0.3488,0.006,0.6452
CLUBS EIGHT SPADES TEN,0.3218,0.027,0.6512
HEARTS THREE SPADES JACK,0.2438,0.0578,0.6984
SPADES JACK DIAMONDS KING,0.321,0.008,0.671
SPADES TEN DIAMONDS KING,0.3136,0.0038,0.6826
HEARTS THREE SPADES TEN,0.2424,0.0868,0.6708
CLUBS EIGHT SPADES JACK,0.3336,0.0172,0.6492
CLUBS SIX HEARTS ACE,0.345,0.0048,0.6502
SPADES ACE CLUBS EIGHT,0.3414,0.0076,0.651
CLUBS JACK HEARTS FIVE,0.352,0.019,0.629
CLUBS TEN HEARTS FIVE,0.3548,0.028,0.6172
CLUBS SIX HEARTS QUEEN,0.3442,0.0136,0.6422
SPADES QUEEN CLUBS EIGHT,0.3382,0.0148,0.647
CLUBS TEN SPADES THREE,0.2292,0.083,0.6878
CLUBS SIX HEARTS KING,0.3512,0.008,0.6408
SPADES KING CLUBS EIGHT,0.3472,0.0084,0.6444
CLUBS JACK SPADES THREE,0.2332,0.0628,0.704
DIAMONDS TWO HEARTS JACK,0.3902,0.0208,0.589
SPADES THREE CLUBS QUEEN,0.232,0.0454,0.7226
DIAMONDS TWO HEARTS TEN,0.383,0.0302,0.5868
SPADES THREE CLUBS KING,0.2224,0.033,0.7446
HEARTS FIVE CLUBS ACE,0.3502,0.0054,0.6444
SPADES FIVE HEARTS TEN,0.349,0.0316,0.6194
SPADES THREE CLUBS ACE,0.2354,0.021,0.7436
HEARTS FIVE CLUBS KING,0.3538,0.0104,0.6358
SPADES FIVE HEARTS JACK,0.3594,0.0196,0.621
HEARTS FIVE CLUBS QUEEN,0.3692,0.011,0.6198
HEARTS THREE CLUBS KING,0.2406,0.0358,0.7236
DIAMONDS KING CLUBS KING,0.1356,0.0146,0.8498
HEARTS THREE CLUBS QUEEN,0.2326,0.0474,0.72
DIAMONDS KING CLUBS QUEEN,0.3152,0.0074,0.6774
HEARTS FIVE HEARTS JACK,0.3354,0.0198,0.6448
HEARTS FIVE HEARTS TEN,0.339,0.0286,0.6324
HEARTS THREE CLUBS ACE,0.24,0.0186,0.7414
DIAMONDS KING CLUBS ACE,0.3282,0.0034,0.6684
SPADES ACE CLUBS QUEEN,0.326,0.0034,0.6706
SPADES KING CLUBS QUEEN,0.318,0.007,0.675
CLUBS JACK HEARTS THREE,0.237,0.0572,0.7058
CLUBS JACK DIAMONDS KING,0.3352,0.0072,0.6576
SPADES QUEEN CLUBS QUEEN,0.1392,0.0192,0.8416
CLUBS TEN HEARTS THREE,0.2202,0.0792,0.7006
CLUBS TEN DIAMONDS KING,0.314,0.0086,0.6774
SPADES JACK CLUBS QUEEN,0.3022,0.011,0.6868
CLUBS SIX CLUBS QUEEN,0.3512,0.0098,0.639
SPADES TEN CLUBS QUEEN,0.302,0.0104,0.6876
CLUBS SIX CLUBS KING,0.3496,0.0072,0.6432
CLUBS SIX CLUBS ACE,0.332,0.0048,0.6632
HEARTS FIVE HEARTS KING,0.3306,0.0102,0.6592
HEARTS FIVE HEARTS QUEEN,0.3408,0.0122,0.647
CLUBS TEN CLUBS SIX,0.335,0.0288,0.6362
HEARTS FIVE HEARTS ACE,0.3262,0.005,0.6688
CLUBS JACK CLUBS SIX,0.3518,0.0224,0.6258
SPADES SEVEN HEARTS JACK,0.3442,0.0218,0.634
SPADES SEVEN HEARTS TEN,0.3348,0.0264,0.6388
DIAMONDS TWO CLUBS TWO,0.3836,0.0844,0.532
HEARTS SIX DIAMONDS TWO,0.5984,0.0448,0.3568
DIAMONDS TWO HEARTS QUEEN,0.3976,0.0154,0.587
DIAMONDS TWO HEARTS SEVEN,0.6056,0.0426,0.3518
DIAMONDS TWO HEARTS KING,0.3894,0.0108,0.5998
DIAMONDS TWO HEARTS EIGHT,0.589,0.0394,0.3716
DIAMONDS TWO HEARTS ACE,0.3584,0.005,0.6366
DIAMONDS TWO DIAMONDS QUEEN,0.368,0.011,0.621
DIAMONDS TWO HEARTS TWO,0.3772,0.0876,0.5352
DIAMONDS TWO DIAMONDS KING,0.3632,0.0088,0.628
HEARTS THREE DIAMONDS TWO,0.6436,0.1108,0.2456
DIAMONDS TWO DIAMONDS ACE,0.3544,0.0032,0.6424
HEARTS FOUR DIAMONDS TWO,0.584,0.0514,0.3646
DIAMONDS TWO HEARTS FIVE,0.5884,0.0414,0.3702
SPADES SEVEN HEARTS ACE,0.35,0.0064,0.6436
DIAMONDS TWO DIAMONDS TEN,0.3616,0.0268,0.6116
SPADES SEVEN HEARTS KING,0.3592,0.0092,0.6316
DIAMONDS TWO DIAMONDS JACK,0.3648,0.019,0.6162
SPADES SEVEN HEARTS QUEEN,0.359,0.0118,0.6292
DIAMONDS TWO SPADES NINE,0.2614,0.5082,0.2304
DIAMONDS TWO SPADES EIGHT,0.6038,0.0426,0.3536
DIAMONDS TWO SPADES SEVEN,0.6008,0.038,0.3612
DIAMONDS TWO SPADES SIX,0.5926,0.0504,0.357
DIAMONDS TWO SPADES FIVE,0.5756,0.0462,0.3782
DIAMONDS TWO SPADES FOUR,0.5822,0.0478,0.37
DIAMONDS TWO SPADES THREE,0.6492,0.103,0.2478
DIAMONDS TWO SPADES TWO,0.371,0.0922,0.5368
DIAMONDS TWO CLUBS NINE,0.2618,0.5142,0.224
CLUBS EIGHT DIAMONDS TWO,0.5904,0.0492,0.3604
DIAMONDS TWO CLUBS SEVEN,0.5956,0.0442,0.3602
DIAMONDS TWO CLUBS SIX,0.5962,0.0402,0.3636
DIAMONDS TWO CLUBS FIVE,0.5784,0.049,0.3726
DIAMONDS TWO CLUBS FOUR,0.5824,0.0508,0.3668
CLUBS FOUR SPADES FIVE,0.5248,0.046,0.4292
CLUBS FOUR SPADES FOUR,0.2976,0.0888,0.6136
CLUBS FOUR SPADES THREE,0.6264,0.1094,0.2642
CLUBS FOUR SPADES TWO,0.5814,0.0464,0.3722
SPADES NINE CLUBS FOUR,0.2234,0.5272,0.2494
SPADES EIGHT CLUBS FOUR,0.545,0.0454,0.4096
CLUBS FOUR SPADES SEVEN,0.5566,0.047,0.3964
CLUBS FOUR SPADES SIX,0.551,0.0466,0.4024
SPADES ACE DIAMONDS SIX,0.3558,0.0044,0.6398
SPADES QUEEN DIAMONDS SIX,0.3652,0.0106,0.6242
SPADES KING DIAMONDS SIX,0.3562,0.0076,0.6362
SPADES TEN DIAMONDS SIX,0.349,0.0288,0.6222
SPADES JACK DIAMONDS SIX,0.3618,0.0154,0.6228
SPADES QUEEN SPADES TWO,0.365,0.0122,0.6228
SPADES KING SPADES TWO,0.382,0.0086,0.6094
SPADES ACE SPADES TWO,0.3622,0.005,0.6328
CLUBS JACK DIAMONDS JACK,0.1394,0.0286,0.832
CLUBS TEN DIAMONDS JACK,0.2878,0.0164,0.6958
DIAMONDS JACK CLUBS KING,0.3138,0.008,0.6782
DIAMONDS JACK CLUBS QUEEN,0.315,0.01,0.675
DIAMONDS THREE DIAMONDS JACK,0.2186,0.0562,0.7252
DIAMONDS THREE DIAMONDS TEN,0.2248,0.0728,0.7024
DIAMONDS JACK CLUBS ACE,0.3162,0.0054,0.6784
DIAMONDS THREE DIAMONDS KING,0.233,0.0334,0.7336
HEARTS THREE DIAMONDS THREE,0.2832,0.0628,0.654
DIAMONDS THREE DIAMONDS QUEEN,0.2198,0.04,0.7402
DIAMONDS THREE HEARTS TWO,0.6374,0.1042,0.2584
HEARTS FIVE DIAMONDS THREE,0.6164,0.1098,0.2738
DIAMONDS THREE DIAMONDS ACE,0.2256,0.0194,0.755
HEARTS FOUR DIAMONDS THREE,0.6102,0.113,0.2768
DIAMONDS THREE HEARTS SEVEN,0.6554,0.1082,0.2364
SPADES TEN SPADES NINE,0.2014,0.0766,0.722
HEARTS SIX DIAMONDS THREE,0.6382,0.0998,0.262
SPADES JACK SPADES NINE,0.2068,0.0568,0.7364
HEARTS JACK DIAMONDS FOUR,0.3548,0.0204,0.6248
HEARTS ACE HEARTS KING,0.3048,0.0064,0.6888
SPADES TEN SPADES TWO,0.3494,0.026,0.6246
DIAMONDS THREE HEARTS EIGHT,0.6658,0.1048,0.2294
HEARTS TEN DIAMONDS FOUR,0.3572,0.0262,0.6166
SPADES JACK SPADES TWO,0.3572,0.0188,0.624
HEARTS QUEEN DIAMONDS FOUR,0.3688,0.0128,0.6184
HEARTS KING DIAMONDS FOUR,0.3604,0.0082,0.6314
SPADES ACE SPADES NINE,0.2148,0.0258,0.7594
HEARTS ACE DIAMONDS FOUR,0.3306,0.0052,0.6642
SPADES KING SPADES NINE,0.2166,0.0316,0.7518
SPADES QUEEN SPADES NINE,0.2062,0.049,0.7448
DIAMONDS THREE SPADES NINE,0.0214,0.9584,0.0202
DIAMONDS THREE SPADES EIGHT,0.6594,0.0944,0.2462
DIAMONDS THREE SPADES SEVEN,0.6628,0.0882,0.249
DIAMONDS THREE SPADES SIX,0.635,0.1072,0.2578
DIAMONDS THREE CLUBS SIX,0.6478,0.1014,0.2508
CLUBS SIX CLUBS FIVE,0.5054,0.0424,0.4522
CLUBS ACE DIAMONDS FOUR,0.349,0.005,0.646
DIAMONDS THREE CLUBS SEVEN,0.649,0.102,0.249
CLUBS SEVEN CLUBS FIVE,0.5038,0.0488,0.4474
DIAMONDS THREE CLUBS FOUR,0.6052,0.1086,0.2862
DIAMONDS FOUR CLUBS QUEEN,0.3664,0.0154,0.6182
DIAMONDS THREE CLUBS FIVE,0.615,0.1046,0.2804
DIAMONDS FOUR CLUBS KING,0.352,0.0102,0.6378
DIAMONDS THREE CLUBS TWO,0.6274,0.1082,0.2644
CLUBS TEN DIAMONDS FOUR,0.347,0.0262,0.6268
CLUBS JACK DIAMONDS FOUR,0.3502,0.0172,0.6326
DIAMONDS THREE SPADES FOUR,0.6332,0.1026,0.2642
DIAMONDS THREE SPADES FIVE,0.6096,0.1088,0.2816
DIAMONDS THREE SPADES TWO,0.6296,0.1044,0.266
DIAMONDS THREE SPADES THREE,0.2708,0.062,0.6672
CLUBS EIGHT DIAMONDS THREE,0.6704,0.1012,0.2284
CLUBS NINE DIAMONDS THREE,0.0124,0.9676,0.02
SPADES SEVEN CLUBS ACE,0.3496,0.0032,0.6472
SPADES SEVEN CLUBS QUEEN,0.3686,0.0116,0.6198
SPADES SEVEN CLUBS KING,0.3646,0.0068,0.6286
SPADES SEVEN CLUBS FIVE,0.5362,0.0466,0.4172
CLUBS TEN SPADES SEVEN,0.3356,0.0288,0.6356
CLUBS FIVE SPADES SIX,0.526,0.053,0.421
CLUBS JACK SPADES SEVEN,0.3398,0.018,0.6422
SPADES NINE CLUBS FIVE,0.2106,0.4534,0.336
SPADES EIGHT CLUBS FIVE,0.5372,0.0462,0.4166
CLUBS FIVE SPADES THREE,0.6198,0.1034,0.2768
CLUBS FIVE SPADES TWO,0.5718,0.0496,0.3786
CLUBS FIVE SPADES FIVE,0.2702,0.0778,0.652
CLUBS FIVE SPADES FOUR,0.526,0.0408,0.4332
CLUBS NINE CLUBS FIVE,0.2038,0.4322,0.364
CLUBS EIGHT CLUBS FIVE,0.5228,0.039,0.4382
CLUBS ACE CLUBS QUEEN,0.3058,0.006,0.6882
CLUBS KING CLUBS QUEEN,0.308,0.0074,0.6846
DIAMONDS TEN DIAMONDS FOUR,0.3292,0.0268,0.644
CLUBS TEN DIAMONDS NINE,0.2218,0.0738,0.7044
DIAMONDS JACK DIAMONDS FOUR,0.334,0.021,0.645
CLUBS JACK DIAMONDS NINE,0.2236,0.0602,0.7162
CLUBS JACK SPADES NINE,0.2338,0.064,0.7022
CLUBS TEN SPADES NINE,0.2262,0.0804,0.6934
DIAMONDS ACE DIAMONDS FOUR,0.3248,0.0046,0.6706
HEARTS FOUR DIAMONDS FOUR,0.2808,0.0944,0.6248
DIAMONDS JACK HEARTS TEN,0.3068,0.0154,0.6778
SPADES NINE CLUBS KING,0.2226,0.0334,0.744
DIAMONDS TWO SPADES TEN,0.394,0.028,0.578
DIAMONDS NINE CLUBS ACE,0.2116,0.0292,0.7592
HEARTS FIVE DIAMONDS FOUR,0.5424,0.0452,0.4124
DIAMONDS JACK HEARTS JACK,0.1304,0.0292,0.8404
SPADES NINE CLUBS QUEEN,0.2312,0.0464,0.7224
DIAMONDS TWO SPADES JACK,0.404,0.0206,0.5754
DIAMONDS QUEEN DIAMONDS FOUR,0.3428,0.0134,0.6438
HEARTS TWO DIAMONDS FOUR,0.5892,0.049,0.3618
DIAMONDS NINE CLUBS QUEEN,0.2244,0.05,0.7256
DIAMONDS KING DIAMONDS FOUR,0.3488,0.0094,0.6418
HEARTS THREE DIAMONDS FOUR,0.6192,0.0994,0.2814
SPADES NINE CLUBS ACE,0.2208,0.0284,0.7508
DIAMONDS NINE CLUBS KING,0.2252,0.0376,0.7372
HEARTS ACE DIAMONDS JACK,0.3168,0.0042,0.679
SPADES ACE DIAMONDS TWO,0.3774,0.0038,0.6188
HEARTS QUEEN DIAMONDS JACK,0.315,0.0108,0.6742
SPADES QUEEN DIAMONDS TWO,0.3986,0.0096,0.5918
DIAMONDS JACK HEARTS KING,0.3168,0.008,0.6752
SPADES KING DIAMONDS TWO,0.3934,0.0062,0.6004
SPADES JACK SPADES SEVEN,0.3318,0.0174,0.6508
SPADES TEN SPADES SEVEN,0.3138,0.0236,0.6626
SPADES TWO DIAMONDS FOUR,0.5878,0.0432,0.369
SPADES THREE DIAMONDS FOUR,0.6138,0.1046,0.2816
SPADES FOUR DIAMONDS FOUR,0.2852,0.0854,0.6294
SPADES FIVE DIAMONDS FOUR,0.5326,0.0444,0.423
SPADES SIX DIAMONDS FOUR,0.5478,0.0476,0.4046
SPADES SEVEN DIAMONDS FOUR,0.549,0.0492,0.4018
SPADES EIGHT DIAMONDS FOUR,0.5628,0.0412,0.396
SPADES NINE DIAMONDS FOUR,0.222,0.5122,0.2658
CLUBS FIVE DIAMONDS FOUR,0.5262,0.0486,0.4252
CLUBS FOUR DIAMONDS FOUR,0.2652,0.0854,0.6494
CLUBS SEVEN DIAMONDS FOUR,0.5426,0.0412,0.4162
CLUBS SIX DIAMONDS FOUR,0.5366,0.0452,0.4182
CLUBS NINE DIAMONDS FOUR,0.2174,0.5208,0.2618
CLUBS EIGHT DIAMONDS FOUR,0.5506,0.0434,0.406
DIAMONDS FOUR HEARTS SEVEN,0.566,0.0464,0.3876
HEARTS SIX DIAMONDS FOUR,0.55,0.0424,0.4076
DIAMONDS FOUR HEARTS EIGHT,0.5506,0.0444,0.405
CLUBS TWO DIAMONDS FOUR,0.596,0.0512,0.3528
DIAMONDS TEN DIAMONDS FIVE,0.3288,0.0264,0.6448
DIAMONDS JACK DIAMONDS FIVE,0.3264,0.0206,0.653
DIAMONDS NINE HEARTS QUEEN,0.2242,0.0506,0.7252
DIAMONDS NINE HEARTS KING,0.2256,0.0358,0.7386
HEARTS ACE DIAMONDS NINE,0.2242,0.0256,0.7502
DIAMONDS NINE HEARTS TEN,0.223,0.0726,0.7044
DIAMONDS NINE HEARTS JACK,0.2174,0.0622,0.7204
CLUBS KING DIAMONDS SIX,0.3608,0.0066,0.6326
CLUBS QUEEN DIAMONDS SIX,0.3654,0.0124,0.6222
CLUBS ACE DIAMONDS SIX,0.3524,0.0058,0.6418
SPADES KING DIAMONDS FOUR,0.3684,0.0096,0.622
SPADES ACE SPADES SEVEN,0.3262,0.0042,0.6696
SPADES QUEEN DIAMONDS FOUR,0.3712,0.0112,0.6176
SPADES QUEEN SPADES SEVEN,0.3398,0.0132,0.647
CLUBS JACK DIAMONDS SIX,0.3616,0.0186,0.6198
SPADES KING SPADES SEVEN,0.3306,0.0064,0.663
SPADES ACE DIAMONDS FOUR,0.3558,0.0044,0.6398
CLUBS TEN DIAMONDS SIX,0.339,0.0274,0.6336
CLUBS NINE CLUBS FOUR,0.201,0.5036,0.2954
CLUBS EIGHT CLUBS FOUR,0.5264,0.0418,0.4318
SPADES JACK DIAMONDS FOUR,0.3596,0.0182,0.6222
SPADES TEN DIAMONDS FOUR,0.3464,0.0254,0.6282
CLUBS FOUR CLUBS FIVE,0.5076,0.0454,0.447
CLUBS SEVEN CLUBS FOUR,0.5192,0.0382,0.4426
CLUBS SIX CLUBS FOUR,0.5122,0.0462,0.4416
CLUBS SEVEN SPADES EIGHT,0.5142,0.04,0.4458
SPADES NINE CLUBS SEVEN,0.2168,0.2956,0.4876
CLUBS SEVEN SPADES SIX,0.5078,0.045,0.4472
CLUBS SEVEN SPADES SEVEN,0.2604,0.0706,0.669
CLUBS SEVEN SPADES FIVE,0.535,0.0472,0.4178
CLUBS SEVEN SPADES FOUR,0.5528,0.0448,0.4024
CLUBS SEVEN SPADES THREE,0.6498,0.1068,0.2434
CLUBS SEVEN SPADES TWO,0.6052,0.0472,0.3476
CLUBS NINE CLUBS SEVEN,0.2106,0.2746,0.5148
CLUBS EIGHT CLUBS SEVEN,0.4994,0.0358,0.4648
HEARTS SIX DIAMONDS FIVE,0.537,0.045,0.418
DIAMONDS FIVE HEARTS SEVEN,0.5488,0.0398,0.4114
DIAMONDS FIVE HEARTS EIGHT,0.5554,0.0438,0.4008
DIAMONDS QUEEN DIAMONDS FIVE,0.3254,0.0098,0.6648
HEARTS TWO DIAMONDS FIVE,0.5844,0.0434,0.3722
HEARTS KING HEARTS EIGHT,0.3532,0.008,0.6388
DIAMONDS KING DIAMONDS FIVE,0.3428,0.0058,0.6514
HEARTS THREE DIAMONDS FIVE,0.612,0.1136,0.2744
HEARTS QUEEN HEARTS EIGHT,0.3316,0.0104,0.658
DIAMONDS ACE DIAMONDS FIVE,0.3294,0.0046,0.666
HEARTS FOUR DIAMONDS FIVE,0.5298,0.0472,0.423
HEARTS FIVE DIAMONDS FIVE,0.2814,0.0812,0.6374
HEARTS ACE HEARTS EIGHT,0.3238,0.0052,0.671
CLUBS FOUR DIAMONDS FIVE,0.5362,0.0462,0.4176
CLUBS FIVE DIAMONDS FIVE,0.2736,0.08,0.6464
CLUBS SIX DIAMONDS FIVE,0.5278,0.0444,0.4278
CLUBS SEVEN DIAMONDS FIVE,0.5504,0.0394,0.4102
CLUBS TWO DIAMONDS FIVE,0.5864,0.0484,0.3652
SPADES THREE DIAMONDS FIVE,0.6114,0.1002,0.2884
SPADES TWO DIAMONDS FIVE,0.5792,0.0468,0.374
SPADES JACK DIAMONDS EIGHT,0.3442,0.0178,0.638
SPADES FIVE DIAMONDS FIVE,0.298,0.0812,0.6208
CLUBS TEN HEARTS JACK,0.2806,0.0174,0.702
SPADES TEN DIAMONDS EIGHT,0.343,0.0234,0.6336
SPADES FOUR DIAMONDS FIVE,0.5358,0.0468,0.4174
CLUBS JACK HEARTS JACK,0.1242,0.0298,0.846
HEARTS JACK CLUBS QUEEN,0.3078,0.0116,0.6806
CLUBS NINE DIAMONDS FIVE,0.2014,0.4626,0.336
CLUBS EIGHT DIAMONDS FIVE,0.5364,0.0426,0.421
HEARTS JACK CLUBS KING,0.3118,0.0078,0.6804
CLUBS ACE HEARTS JACK,0.3092,0.0046,0.6862
SPADES SEVEN DIAMONDS FIVE,0.5372,0.0448,0.418
SPADES KING DIAMONDS EIGHT,0.3702,0.0074,0.6224
SPADES QUEEN DIAMONDS EIGHT,0.3616,0.007,0.6314
SPADES SIX DIAMONDS FIVE,0.5342,0.0414,0.4244
SPADES NINE DIAMONDS FIVE,0.2098,0.4534,0.3368
SPADES EIGHT DIAMONDS FIVE,0.5426,0.0472,0.4102
SPADES ACE DIAMONDS EIGHT,0.3556,0.003,0.6414
DIAMONDS TEN DIAMONDS SIX,0.336,0.0242,0.6398
HEARTS ACE DIAMONDS SEVEN,0.3496,0.0042,0.6462
DIAMONDS JACK DIAMONDS SIX,0.3366,0.0176,0.6458
HEARTS QUEEN DIAMONDS SEVEN,0.3612,0.0132,0.6256
HEARTS KING DIAMONDS SEVEN,0.3578,0.0058,0.6364
DIAMONDS ACE DIAMONDS SIX,0.3458,0.0036,0.6506
HEARTS FOUR DIAMONDS SIX,0.5446,0.047,0.4084
SPADES TWO HEARTS JACK,0.3812,0.0198,0.599
HEARTS FIVE DIAMONDS SIX,0.5272,0.0504,0.4224
SPADES TWO HEARTS TEN,0.378,0.0308,0.5912
DIAMONDS QUEEN DIAMONDS SIX,0.3366,0.0088,0.6546
HEARTS TWO DIAMONDS SIX,0.5892,0.048,0.3628
DIAMONDS KING DIAMONDS SIX,0.3396,0.0088,0.6516
HEARTS THREE DIAMONDS SIX,0.6472,0.1058,0.247
HEARTS EIGHT DIAMONDS SIX,0.5388,0.0432,0.418
HEARTS SIX DIAMONDS SIX,0.279,0.0686,0.6524
HEARTS SEVEN DIAMONDS SIX,0.5258,0.0404,0.4338
HEARTS TEN DIAMONDS SEVEN,0.3308,0.0296,0.6396
CLUBS TWO DIAMONDS SIX,0.6032,0.046,0.3508
HEARTS JACK DIAMONDS SEVEN,0.3466,0.0176,0.6358
CLUBS SEVEN DIAMONDS SIX,0.531,0.0394,0.4296
CLUBS JACK DIAMONDS EIGHT,0.3442,0.0168,0.639
CLUBS SIX DIAMONDS SIX,0.2658,0.0714,0.6628
CLUBS TEN DIAMONDS EIGHT,0.3144,0.0284,0.6572
CLUBS FIVE DIAMONDS SIX,0.54,0.041,0.419
CLUBS FOUR DIAMONDS SIX,0.548,0.0506,0.4014
HEARTS ACE HEARTS JACK,0.3146,0.0048,0.6806
DIAMONDS EIGHT CLUBS ACE,0.3534,0.0044,0.6422
HEARTS QUEEN HEARTS JACK,0.29,0.0086,0.7014
DIAMONDS EIGHT CLUBS KING,0.3502,0.009,0.6408
CLUBS NINE DIAMONDS SIX,0.2202,0.3726,0.4072
HEARTS KING HEARTS JACK,0.3082,0.0074,0.6844
CLUBS EIGHT DIAMONDS SIX,0.5206,0.0454,0.434
DIAMONDS EIGHT CLUBS QUEEN,0.3388,0.0122,0.649
SPADES TEN HEARTS KING,0.3148,0.0086,0.6766
SPADES FIVE DIAMONDS SIX,0.5326,0.043,0.4244
HEARTS ACE SPADES TWO,0.3736,0.0048,0.6216
SPADES JACK HEARTS KING,0.3118,0.0086,0.6796
SPADES FOUR DIAMONDS SIX,0.5482,0.0422,0.4096
SPADES THREE DIAMONDS SIX,0.639,0.0968,0.2642
HEARTS QUEEN SPADES TWO,0.4062,0.0146,0.5792
SPADES ACE SPADES KING,0.321,0.0044,0.6746
HEARTS KING SPADES TWO,0.3838,0.0092,0.607
SPADES TWO DIAMONDS SIX,0.5974,0.0488,0.3538
HEARTS TEN HEARTS EIGHT,0.298,0.0254,0.6766
SPADES NINE DIAMONDS SIX,0.2196,0.3606,0.4198
HEARTS JACK HEARTS EIGHT,0.3218,0.018,0.6602
SPADES EIGHT DIAMONDS SIX,0.5302,0.046,0.4238
SPADES SEVEN DIAMONDS SIX,0.5428,0.0398,0.4174
SPADES SIX DIAMONDS SIX,0.2716,0.0732,0.6552
SPADES KING HEARTS KING,0.1312,0.0144,0.8544
SPADES QUEEN HEARTS KING,0.3144,0.0064,0.6792
CLUBS ACE CLUBS KING,0.3192,0.0052,0.6756
SPADES ACE HEARTS KING,0.3168,0.0042,0.679
SPADES ACE HEARTS JACK,0.314,0.0044,0.6816
SPADES QUEEN HEARTS JACK,0.3054,0.0094,0.6852
SPADES KING HEARTS JACK,0.3126,0.0062,0.6812
SPADES TEN DIAMONDS TEN,0.142,0.0372,0.8208
SPADES JACK DIAMONDS TEN,0.2964,0.015,0.6886
SPADES ACE DIAMONDS TEN,0.3202,0.0018,0.678
SPADES JACK HEARTS JACK,0.1408,0.0286,0.8306
SPADES TEN HEARTS JACK,0.296,0.0138,0.6902
SPADES QUEEN DIAMONDS TEN,0.3052,0.009,0.6858
SPADES KING DIAMONDS TEN,0.34,0.0056,0.6544
SPADES NINE DIAMONDS SEVEN,0.2236,0.2896,0.4868
SPADES EIGHT DIAMONDS SEVEN,0.5058,0.0406,0.4536
SPADES SEVEN DIAMONDS SEVEN,0.2594,0.0708,0.6698
SPADES SIX DIAMONDS SEVEN,0.5332,0.04,0.4268
DIAMONDS KING DIAMONDS SEVEN,0.347,0.0064,0.6466
HEARTS THREE DIAMONDS SEVEN,0.6522,0.1014,0.2464
HEARTS KING DIAMONDS FIVE,0.3486,0.0098,0.6416
DIAMONDS QUEEN DIAMONDS SEVEN,0.3432,0.0098,0.647
HEARTS TWO DIAMONDS SEVEN,0.6102,0.0472,0.3426
HEARTS QUEEN DIAMONDS FIVE,0.3454,0.0144,0.6402
HEARTS FIVE DIAMONDS SEVEN,0.543,0.0424,0.4146
DIAMONDS ACE DIAMONDS SEVEN,0.3292,0.0034,0.6674
HEARTS FOUR DIAMONDS SEVEN,0.5486,0.0454,0.406
HEARTS ACE DIAMONDS FIVE,0.3494,0.004,0.6466
HEARTS SEVEN DIAMONDS SEVEN,0.2582,0.0674,0.6744
HEARTS SIX DIAMONDS SEVEN,0.5114,0.044,0.4446
DIAMONDS SEVEN HEARTS EIGHT,0.517,0.0384,0.4446
DIAMONDS JACK DIAMONDS SEVEN,0.3302,0.0156,0.6542
DIAMONDS FIVE HEARTS JACK,0.3606,0.0212,0.6182
DIAMONDS TEN DIAMONDS SEVEN,0.3246,0.0268,0.6486
HEARTS TEN DIAMONDS FIVE,0.3468,0.0298,0.6234
CLUBS EIGHT DIAMONDS SEVEN,0.5122,0.0448,0.443
SPADES KING CLUBS TWO,0.401,0.0088,0.5902
HEARTS KING CLUBS KING,0.1286,0.0158,0.8556
SPADES QUEEN CLUBS TWO,0.406,0.011,0.583
HEARTS KING CLUBS QUEEN,0.3162,0.0072,0.6766
CLUBS NINE DIAMONDS SEVEN,0.208,0.3092,0.4828
CLUBS JACK SPADES TWO,0.3808,0.0196,0.5996
CLUBS SIX CLUBS SEVEN,0.496,0.0398,0.4642
SPADES ACE CLUBS TWO,0.384,0.0064,0.6096
CLUBS TEN SPADES TWO,0.3936,0.0272,0.5792
HEARTS KING CLUBS ACE,0.3104,0.0054,0.6842
SPADES TWO CLUBS KING,0.3992,0.01,0.5908
SPADES TWO DIAMONDS SEVEN,0.5978,0.0456,0.3566
CLUBS EIGHT CLUBS SIX,0.5042,0.0408,0.455
SPADES THREE DIAMONDS SEVEN,0.648,0.0982,0.2538
SPADES TWO CLUBS QUEEN,0.3794,0.0134,0.6072
CLUBS NINE CLUBS SIX,0.2058,0.3684,0.4258
SPADES FOUR DIAMONDS SEVEN,0.549,0.0438,0.4072
CLUBS JACK HEARTS KING,0.3286,0.0088,0.6626
SPADES FIVE DIAMONDS SEVEN,0.5446,0.041,0.4144
SPADES TWO CLUBS ACE,0.3824,0.0048,0.6128
CLUBS TEN HEARTS KING,0.3058,0.0062,0.688
CLUBS SIX SPADES TWO,0.5882,0.0504,0.3614
CLUBS SIX SPADES THREE,0.6386,0.1096,0.2518
CLUBS TWO DIAMONDS SEVEN,0.6066,0.0464,0.347
CLUBS SIX SPADES FOUR,0.5402,0.0476,0.4122
CLUBS SIX SPADES FIVE,0.5228,0.048,0.4292
CLUBS FOUR DIAMONDS SEVEN,0.5386,0.0436,0.4178
CLUBS SIX SPADES SIX,0.2686,0.0732,0.6582
CLUBS FIVE DIAMONDS SEVEN,0.5314,0.0454,0.4232
CLUBS SIX SPADES SEVEN,0.5204,0.0444,0.4352
CLUBS SIX DIAMONDS SEVEN,0.5152,0.0474,0.4374
CLUBS SIX SPADES EIGHT,0.5192,0.0424,0.4384
SPADES JACK CLUBS TWO,0.3846,0.0224,0.593
CLUBS SEVEN DIAMONDS SEVEN,0.2562,0.0666,0.6772
CLUBS SIX SPADES NINE,0.211,0.3752,0.4138
SPADES TEN CLUBS TWO,0.3908,0.026,0.5832
CLUBS TWO CLUBS QUEEN,0.3828,0.0124,0.6048
CLUBS TWO CLUBS KING,0.3676,0.0088,0.6236
CLUBS TWO CLUBS ACE,0.3486,0.004,0.6474
CLUBS TWO DIAMONDS EIGHT,0.5994,0.0452,0.3554
DIAMONDS EIGHT HEARTS SEVEN,0.5282,0.0376,0.4342
HEARTS SIX DIAMONDS EIGHT,0.5286,0.0404,0.431
CLUBS TEN CLUBS TWO,0.3628,0.029,0.6082
DIAMONDS EIGHT HEARTS EIGHT,0.2748,0.0618,0.6634
CLUBS JACK CLUBS TWO,0.3704,0.0206,0.609
CLUBS NINE DIAMONDS EIGHT,0.2118,0.2222,0.566
CLUBS EIGHT DIAMONDS EIGHT,0.2554,0.0574,0.6872
CLUBS FIVE DIAMONDS EIGHT,0.5486,0.0416,0.4098
SPADES ACE SPADES THREE,0.2264,0.0194,0.7542
CLUBS FOUR DIAMONDS EIGHT,0.565,0.0408,0.3942
CLUBS SEVEN DIAMONDS EIGHT,0.5038,0.0462,0.45
SPADES QUEEN SPADES THREE,0.227,0.0426,0.7304
CLUBS SIX DIAMONDS EIGHT,0.523,0.0384,0.4386
SPADES KING SPADES THREE,0.2252,0.032,0.7428
DIAMONDS QUEEN DIAMONDS EIGHT,0.328,0.0092,0.6628
HEARTS TWO DIAMONDS EIGHT,0.5964,0.0418,0.3618
DIAMONDS KING DIAMONDS EIGHT,0.3262,0.007,0.6668
HEARTS THREE DIAMONDS EIGHT,0.6562,0.1062,0.2376
DIAMONDS ACE DIAMONDS EIGHT,0.3358,0.0052,0.659
HEARTS FOUR DIAMONDS EIGHT,0.5602,0.044,0.3958
HEARTS FIVE DIAMONDS EIGHT,0.5552,0.0458,0.399
DIAMONDS EIGHT DIAMONDS TEN,0.3072,0.0244,0.6684
DIAMONDS EIGHT DIAMONDS JACK,0.3188,0.017,0.6642
SPADES JACK SPADES THREE,0.2394,0.0586,0.702
SPADES TEN SPADES THREE,0.221,0.0712,0.7078
CLUBS FOUR HEARTS ACE,0.3506,0.006,0.6434
CLUBS FOUR HEARTS QUEEN,0.3472,0.0164,0.6364
CLUBS FOUR HEARTS KING,0.3436,0.0092,0.6472
CLUBS SIX HEARTS TEN,0.336,0.0302,0.6338
CLUBS SIX HEARTS JACK,0.349,0.0204,0.6306
DIAMONDS EIGHT SPADES FOUR,0.5604,0.0424,0.3972
SPADES FIVE DIAMONDS EIGHT,0.5388,0.0438,0.4174
DIAMONDS EIGHT SPADES TWO,0.596,0.0448,0.3592
DIAMONDS EIGHT SPADES THREE,0.657,0.098,0.245
CLUBS FOUR HEARTS JACK,0.3522,0.0184,0.6294
SPADES EIGHT DIAMONDS EIGHT,0.2634,0.0628,0.6738
SPADES TEN DIAMONDS QUEEN,0.3134,0.0098,0.6768
SPADES TEN HEARTS TWO,0.4008,0.026,0.5732
SPADES JACK HEARTS EIGHT,0.3384,0.0212,0.6404
CLUBS FOUR HEARTS TEN,0.351,0.0258,0.6232
SPADES NINE DIAMONDS EIGHT,0.2156,0.2308,0.5536
SPADES TEN HEARTS EIGHT,0.3212,0.0246,0.6542
SPADES JACK HEARTS TWO,0.3944,0.0238,0.5818
SPADES JACK DIAMONDS QUEEN,0.3132,0.0106,0.6762
SPADES SIX DIAMONDS EIGHT,0.5226,0.039,0.4384
SPADES SEVEN DIAMONDS EIGHT,0.5202,0.0376,0.4422
SPADES ACE HEARTS TWO,0.3836,0.0052,0.6112
SPADES ACE DIAMONDS QUEEN,0.319,0.0048,0.6762
SPADES ACE HEARTS EIGHT,0.3616,0.005,0.6334
SPADES KING HEARTS EIGHT,0.37,0.006,0.624
SPADES QUEEN HEARTS TWO,0.4068,0.0138,0.5794
SPADES QUEEN DIAMONDS QUEEN,0.1388,0.0216,0.8396
SPADES KING DIAMONDS QUEEN,0.3338,0.004,0.6622
SPADES KING HEARTS TWO,0.3822,0.0102,0.6076
SPADES QUEEN HEARTS EIGHT,0.3508,0.0128,0.6364
CLUBS TWO HEARTS TEN,0.3876,0.0332,0.5792
CLUBS TWO HEARTS JACK,0.3878,0.021,0.5912
SPADES SEVEN DIAMONDS NINE,0.2172,0.2926,0.4902
SPADES SIX DIAMONDS NINE,0.2238,0.3596,0.4166
SPADES NINE DIAMONDS NINE,0.0836,0.0716,0.8448
SPADES EIGHT DIAMONDS NINE,0.2332,0.2188,0.548
SPADES TEN CLUBS KING,0.3204,0.0058,0.6738
DIAMONDS NINE SPADES THREE,0.0206,0.9598,0.0196
SPADES JACK CLUBS KING,0.323,0.0072,0.6698
DIAMONDS NINE SPADES TWO,0.2666,0.5156,0.2178
DIAMONDS NINE SPADES FIVE,0.2282,0.437,0.3348
DIAMONDS NINE SPADES FOUR,0.231,0.507,0.262
CLUBS NINE DIAMONDS NINE,0.0742,0.0742,0.8516
CLUBS EIGHT DIAMONDS NINE,0.2146,0.232,0.5534
CLUBS SIX DIAMONDS NINE,0.2116,0.3754,0.413
SPADES JACK CLUBS FOUR,0.362,0.0194,0.6186
CLUBS SEVEN DIAMONDS NINE,0.2178,0.2898,0.4924
SPADES TEN CLUBS FOUR,0.3562,0.0272,0.6166
CLUBS FOUR DIAMONDS NINE,0.2186,0.5224,0.259
CLUBS FIVE DIAMONDS NINE,0.2088,0.4562,0.335
DIAMONDS NINE CLUBS TWO,0.2578,0.5302,0.212
DIAMONDS NINE HEARTS EIGHT,0.2178,0.2322,0.55
HEARTS SIX DIAMONDS NINE,0.2252,0.3804,0.3944
DIAMONDS NINE HEARTS SEVEN,0.2228,0.2968,0.4804
CLUBS EIGHT CLUBS NINE,0.209,0.218,0.573
DIAMONDS ACE DIAMONDS NINE,0.2172,0.0208,0.762
HEARTS FOUR DIAMONDS NINE,0.2164,0.5238,0.2598
HEARTS FIVE DIAMONDS NINE,0.216,0.4478,0.3362
HEARTS ACE CLUBS TWO,0.3804,0.0048,0.6148
SPADES ACE CLUBS FOUR,0.3362,0.0062,0.6576
DIAMONDS QUEEN DIAMONDS NINE,0.217,0.0478,0.7352
HEARTS TWO DIAMONDS NINE,0.2762,0.5116,0.2122
CLUBS TWO HEARTS KING,0.399,0.011,0.59
SPADES KING CLUBS FOUR,0.375,0.0116,0.6134
DIAMONDS KING DIAMONDS NINE,0.2138,0.0338,0.7524
HEARTS THREE DIAMONDS NINE,0.017,0.9724,0.0106
CLUBS TWO HEARTS QUEEN,0.3954,0.0128,0.5918
SPADES QUEEN CLUBS FOUR,0.3568,0.0128,0.6304
DIAMONDS NINE DIAMONDS JACK,0.2174,0.0576,0.725
CLUBS EIGHT SPADES NINE,0.2066,0.2306,0.5628
DIAMONDS NINE DIAMONDS TEN,0.21,0.069,0.721
CLUBS EIGHT SPADES EIGHT,0.2528,0.06,0.6872
CLUBS EIGHT SPADES SEVEN,0.5214,0.0396,0.439
CLUBS EIGHT SPADES SIX,0.5288,0.0426,0.4286
CLUBS EIGHT SPADES FIVE,0.5512,0.0436,0.4052
CLUBS EIGHT SPADES FOUR,0.5624,0.0418,0.3958
CLUBS EIGHT SPADES THREE,0.647,0.1112,0.2418
CLUBS EIGHT SPADES TWO,0.5994,0.0472,0.3534
HEARTS SIX DIAMONDS TEN,0.3488,0.0272,0.624
DIAMONDS TEN HEARTS SEVEN,0.3402,0.0244,0.6354
DIAMONDS TEN HEARTS EIGHT,0.3272,0.0238,0.649
CLUBS JACK CLUBS FOUR,0.3356,0.0178,0.6466
CLUBS TEN CLUBS FOUR,0.3506,0.027,0.6224
CLUBS FOUR CLUBS KING,0.3464,0.0092,0.6444
CLUBS FOUR CLUBS QUEEN,0.3492,0.011,0.6398
CLUBS TWO DIAMONDS TEN,0.3922,0.0286,0.5792
CLUBS FOUR CLUBS ACE,0.3284,0.0034,0.6682
DIAMONDS JACK DIAMONDS TEN,0.2904,0.0158,0.6938
DIAMONDS QUEEN DIAMONDS TEN,0.2814,0.01,0.7086
HEARTS TWO DIAMONDS TEN,0.386,0.0304,0.5836
DIAMONDS KING DIAMONDS TEN,0.3,0.0072,0.6928
HEARTS THREE DIAMONDS TEN,0.2328,0.0876,0.6796
DIAMONDS ACE DIAMONDS TEN,0.3012,0.0032,0.6956
HEARTS FOUR DIAMONDS TEN,0.3538,0.0274,0.6188
CLUBS EIGHT HEARTS JACK,0.3286,0.0184,0.653
HEARTS FIVE DIAMONDS TEN,0.3516,0.0256,0.6228
CLUBS EIGHT HEARTS TEN,0.3204,0.0254,0.6542
CLUBS EIGHT HEARTS QUEEN,0.3446,0.0132,0.6422
CLUBS EIGHT HEARTS KING,0.3514,0.007,0.6416
CLUBS EIGHT HEARTS ACE,0.3292,0.0056,0.6652
CLUBS NINE SPADES THREE,0.0122,0.9714,0.0164
CLUBS NINE SPADES TWO,0.2564,0.5282,0.2154
CLUBS NINE SPADES FIVE,0.2166,0.4556,0.3278
CLUBS NINE SPADES FOUR,0.1956,0.5502,0.2542
CLUBS NINE SPADES SEVEN,0.2092,0.299,0.4918
CLUBS NINE SPADES SIX,0.2146,0.3744,0.411
CLUBS NINE SPADES NINE,0.083,0.0704,0.8466
CLUBS TEN HEARTS EIGHT,0.313,0.0244,0.6626
CLUBS NINE SPADES EIGHT,0.208,0.2288,0.5632
CLUBS JACK HEARTS EIGHT,0.3162,0.0176,0.6662
CLUBS QUEEN HEARTS EIGHT,0.3462,0.0114,0.6424
CLUBS KING HEARTS EIGHT,0.3526,0.0086,0.6388
CLUBS ACE HEARTS EIGHT,0.3406,0.0066,0.6528
SPADES KING CLUBS KING,0.1206,0.013,0.8664
SPADES QUEEN CLUBS KING,0.3204,0.0086,0.671
SPADES ACE CLUBS KING,0.335,0.0034,0.6616
DIAMONDS ACE HEARTS TEN,0.3164,0.0052,0.6784
HEARTS FOUR HEARTS TEN,0.351,0.0304,0.6186
DIAMONDS ACE HEARTS JACK,0.3174,0.004,0.6786
HEARTS FOUR HEARTS JACK,0.352,0.0162,0.6318
SPADES KING CLUBS FIVE,0.356,0.0076,0.6364
SPADES QUEEN CLUBS FIVE,0.3552,0.0088,0.636
SPADES ACE CLUBS FIVE,0.3472,0.0056,0.6472
DIAMONDS JACK HEARTS SEVEN,0.355,0.022,0.623
HEARTS SIX DIAMONDS JACK,0.358,0.0228,0.6192
DIAMONDS JACK HEARTS EIGHT,0.3574,0.0182,0.6244
DIAMONDS KING DIAMONDS JACK,0.3004,0.0074,0.6922
HEARTS THREE DIAMONDS JACK,0.2488,0.063,0.6882
SPADES ACE SPADES SIX,0.3362,0.0036,0.6602
HEARTS ACE SPADES FOUR,0.3356,0.0062,0.6582
DIAMONDS QUEEN DIAMONDS JACK,0.2844,0.0092,0.7064
HEARTS TWO DIAMONDS JACK,0.3926,0.0178,0.5896
HEARTS FIVE DIAMONDS JACK,0.361,0.0208,0.6182
SPADES QUEEN SPADES SIX,0.335,0.012,0.653
SPADES FOUR HEARTS QUEEN,0.3592,0.012,0.6288
DIAMONDS ACE DIAMONDS JACK,0.3144,0.0044,0.6812
HEARTS FOUR DIAMONDS JACK,0.354,0.0188,0.6272
SPADES KING SPADES SIX,0.339,0.0076,0.6534
SPADES FOUR HEARTS KING,0.3678,0.0112,0.621
SPADES TEN SPADES SIX,0.3212,0.0244,0.6544
SPADES JACK SPADES SIX,0.333,0.0208,0.6462
SPADES FOUR DIAMONDS JACK,0.3646,0.0148,0.6206
SPADES FIVE DIAMONDS JACK,0.3576,0.0178,0.6246
DIAMONDS JACK SPADES TWO,0.3922,0.019,0.5888
DIAMONDS JACK SPADES THREE,0.242,0.0564,0.7016
SPADES ACE DIAMONDS THREE,0.2406,0.0216,0.7378
CLUBS EIGHT DIAMONDS JACK,0.331,0.0168,0.6522
SPADES QUEEN DIAMONDS THREE,0.2486,0.0478,0.7036
SPADES KING DIAMONDS THREE,0.2452,0.0324,0.7224
CLUBS NINE DIAMONDS JACK,0.2192,0.0606,0.7202
CLUBS SIX DIAMONDS JACK,0.3484,0.0154,0.6362
CLUBS SEVEN DIAMONDS JACK,0.3454,0.0162,0.6384
CLUBS FOUR DIAMONDS JACK,0.3604,0.0166,0.623
CLUBS FIVE DIAMONDS JACK,0.3548,0.0226,0.6226
CLUBS TWO DIAMONDS JACK,0.3948,0.0204,0.5848
SPADES TEN CLUBS FIVE,0.3638,0.0272,0.609
HEARTS SIX SPADES JACK,0.3644,0.0174,0.6182
HEARTS SIX SPADES TEN,0.3456,0.0248,0.6296
SPADES JACK CLUBS FIVE,0.3576,0.0212,0.6212
SPADES JACK DIAMONDS THREE,0.2486,0.0598,0.6916
CLUBS SEVEN CLUBS ACE,0.3416,0.0046,0.6538
DIAMONDS THREE SPADES TEN,0.2302,0.0782,0.6916
CLUBS SEVEN CLUBS QUEEN,0.3468,0.0084,0.6448
CLUBS SEVEN CLUBS KING,0.3362,0.0084,0.6554
SPADES NINE DIAMONDS JACK,0.2194,0.0594,0.7212
CLUBS TEN CLUBS SEVEN,0.3192,0.0262,0.6546
DIAMONDS ACE HEARTS ACE,0.1228,0.0042,0.873
HEARTS FOUR HEARTS ACE,0.3378,0.0048,0.6574
SPADES EIGHT DIAMONDS JACK,0.35,0.0138,0.6362
SPADES ACE HEARTS SIX,0.3552,0.0046,0.6402
CLUBS JACK CLUBS SEVEN,0.3434,0.0156,0.641
DIAMONDS ACE HEARTS KING,0.3128,0.006,0.6812
HEARTS FOUR HEARTS KING,0.3536,0.01,0.6364
SPADES SEVEN DIAMONDS JACK,0.3554,0.0168,0.6278
SPADES KING HEARTS SIX,0.36,0.0064,0.6336
DIAMONDS ACE HEARTS QUEEN,0.3216,0.0048,0.6736
HEARTS FOUR HEARTS QUEEN,0.335,0.0124,0.6526
SPADES QUEEN HEARTS SIX,0.3616,0.0118,0.6266
SPADES SIX DIAMONDS JACK,0.3648,0.016,0.6192
DIAMONDS TEN SPADES TWO,0.3984,0.0302,0.5714
SPADES THREE DIAMONDS TEN,0.2314,0.078,0.6906
SPADES FOUR DIAMONDS TEN,0.3562,0.0286,0.6152
SPADES FIVE DIAMONDS TEN,0.3642,0.0256,0.6102
SPADES SIX DIAMONDS TEN,0.3558,0.0248,0.6194
SPADES SEVEN DIAMONDS TEN,0.3362,0.0252,0.6386
SPADES EIGHT DIAMONDS TEN,0.3278,0.0284,0.6438
SPADES NINE DIAMONDS TEN,0.2238,0.0786,0.6976
CLUBS FOUR DIAMONDS TEN,0.3504,0.0276,0.622
CLUBS FIVE DIAMONDS TEN,0.3512,0.0312,0.6176
CLUBS SIX DIAMONDS TEN,0.3428,0.0276,0.6296
CLUBS SEVEN DIAMONDS TEN,0.3368,0.0288,0.6344
CLUBS EIGHT DIAMONDS TEN,0.3234,0.0308,0.6458
CLUBS NINE DIAMONDS TEN,0.2178,0.0752,0.707
CLUBS JACK DIAMONDS THREE,0.2354,0.0524,0.7122
CLUBS TEN DIAMONDS THREE,0.2318,0.0854,0.6828
DIAMONDS THREE CLUBS KING,0.2318,0.0356,0.7326
DIAMONDS THREE CLUBS QUEEN,0.2332,0.0444,0.7224
DIAMONDS THREE CLUBS ACE,0.2424,0.0226,0.735
SPADES FOUR HEARTS JACK,0.356,0.02,0.624
SPADES FOUR HEARTS TEN,0.3446,0.0324,0.623
SPADES FIVE SPADES TWO,0.5216,0.0478,0.4306
SPADES FOUR SPADES TWO,0.5494,0.044,0.4066
SPADES THREE SPADES TWO,0.5812,0.108,0.3108
SPADES NINE SPADES TWO,0.2452,0.4824,0.2724
SPADES EIGHT SPADES TWO,0.5736,0.0428,0.3836
SPADES SEVEN SPADES TWO,0.5726,0.0416,0.3858
SPADES SIX SPADES TWO,0.5576,0.039,0.4034
DIAMONDS QUEEN CLUBS TWO,0.394,0.0124,0.5936
HEARTS TWO CLUBS TWO,0.3862,0.0898,0.524
DIAMONDS QUEEN HEARTS SEVEN,0.3626,0.0096,0.6278
HEARTS TWO HEARTS SEVEN,0.5734,0.0496,0.377
HEARTS SIX DIAMONDS QUEEN,0.364,0.013,0.623
HEARTS SIX HEARTS TWO,0.5784,0.046,0.3756
DIAMONDS QUEEN HEARTS EIGHT,0.3526,0.011,0.6364
HEARTS TWO HEARTS EIGHT,0.5636,0.0436,0.3928
CLUBS NINE HEARTS TWO,0.2464,0.5448,0.2088
CLUBS NINE DIAMONDS QUEEN,0.2262,0.0502,0.7236
CLUBS EIGHT DIAMONDS QUEEN,0.3548,0.0104,0.6348
CLUBS EIGHT HEARTS TWO,0.6018,0.0442,0.354
DIAMONDS QUEEN CLUBS FIVE,0.3546,0.0136,0.6318
HEARTS TWO CLUBS FIVE,0.5754,0.0592,0.3654
SPADES EIGHT HEARTS ACE,0.346,0.0054,0.6486
DIAMONDS QUEEN CLUBS FOUR,0.3612,0.0134,0.6254
CLUBS FOUR HEARTS TWO,0.5926,0.0506,0.3568
CLUBS SEVEN DIAMONDS QUEEN,0.3482,0.0102,0.6416
CLUBS SEVEN HEARTS TWO,0.5924,0.0504,0.3572
SPADES EIGHT HEARTS QUEEN,0.358,0.0132,0.6288
CLUBS SIX DIAMONDS QUEEN,0.349,0.0122,0.6388
CLUBS SIX HEARTS TWO,0.6062,0.0452,0.3486
SPADES EIGHT HEARTS KING,0.3746,0.0086,0.6168
HEARTS TWO SPADES SIX,0.5998,0.05,0.3502
DIAMONDS QUEEN SPADES SIX,0.363,0.01,0.627
HEARTS FOUR CLUBS QUEEN,0.3554,0.0142,0.6304
DIAMONDS ACE CLUBS QUEEN,0.3304,0.004,0.6656
DIAMONDS QUEEN SPADES SEVEN,0.3544,0.0106,0.635
HEARTS TWO SPADES SEVEN,0.5946,0.0434,0.362
HEARTS FOUR CLUBS KING,0.3634,0.0086,0.628
DIAMONDS ACE CLUBS KING,0.319,0.007,0.674
DIAMONDS QUEEN SPADES EIGHT,0.3512,0.0112,0.6376
SPADES EIGHT HEARTS TWO,0.5956,0.0464,0.358
HEARTS FOUR CLUBS ACE,0.3452,0.0062,0.6486
DIAMONDS ACE CLUBS ACE,0.114,0.003,0.883
SPADES NINE DIAMONDS QUEEN,0.2254,0.0462,0.7284
SPADES NINE HEARTS TWO,0.2586,0.5242,0.2172
HEARTS TWO SPADES TWO,0.376,0.0964,0.5276
DIAMONDS QUEEN SPADES TWO,0.4046,0.0134,0.582
HEARTS TWO SPADES THREE,0.6464,0.109,0.2446
DIAMONDS QUEEN SPADES THREE,0.2388,0.0452,0.716
HEARTS TWO SPADES FOUR,0.5856,0.0462,0.3682
DIAMONDS QUEEN SPADES FOUR,0.3548,0.0126,0.6326
CLUBS TEN HEARTS FOUR,0.3532,0.026,0.6208
CLUBS TEN DIAMONDS ACE,0.3218,0.004,0.6742
HEARTS TWO SPADES FIVE,0.5894,0.046,0.3646
DIAMONDS QUEEN SPADES FIVE,0.3488,0.0106,0.6406
HEARTS FOUR CLUBS JACK,0.353,0.0196,0.6274
CLUBS JACK DIAMONDS ACE,0.3258,0.0038,0.6704
CLUBS FIVE CLUBS KING,0.34,0.0078,0.6522
CLUBS FIVE CLUBS QUEEN,0.3402,0.015,0.6448
CLUBS FIVE CLUBS ACE,0.3294,0.0054,0.6652
CLUBS JACK CLUBS FIVE,0.3518,0.0206,0.6276
CLUBS TEN CLUBS FIVE,0.343,0.0304,0.6266
SPADES KING CLUBS JACK,0.3274,0.0046,0.668
CLUBS JACK SPADES QUEEN,0.3136,0.0086,0.6778
SPADES ACE CLUBS JACK,0.3132,0.0052,0.6816
SPADES SIX CLUBS KING,0.354,0.0058,0.6402
SPADES SIX CLUBS QUEEN,0.3492,0.0116,0.6392
SPADES EIGHT HEARTS JACK,0.3316,0.0162,0.6522
SPADES SIX CLUBS ACE,0.349,0.0064,0.6446
SPADES EIGHT HEARTS TEN,0.3132,0.0232,0.6636
CLUBS JACK SPADES SIX,0.3558,0.0174,0.6268
CLUBS TEN SPADES SIX,0.3466,0.0258,0.6276
CLUBS JACK SPADES TEN,0.2822,0.015,0.7028
CLUBS JACK SPADES JACK,0.1346,0.0312,0.8342
SPADES QUEEN CLUBS SEVEN,0.3614,0.0112,0.6274
SPADES KING CLUBS SEVEN,0.364,0.0072,0.6288
SPADES ACE CLUBS SEVEN,0.3462,0.0044,0.6494
SPADES SIX HEARTS TEN,0.3398,0.0284,0.6318
SPADES SIX HEARTS JACK,0.3544,0.018,0.6276
SPADES SIX HEARTS ACE,0.3506,0.0062,0.6432
SPADES SIX HEARTS KING,0.3656,0.0066,0.6278
SPADES SIX HEARTS QUEEN,0.358,0.0068,0.6352
SPADES JACK CLUBS SEVEN,0.3616,0.0182,0.6202
SPADES TEN CLUBS SEVEN,0.3244,0.0302,0.6454
CLUBS TEN HEARTS SIX,0.351,0.0306,0.6184
CLUBS JACK HEARTS SIX,0.3548,0.0182,0.627
CLUBS JACK CLUBS ACE,0.2956,0.0058,0.6986
HEARTS SIX CLUBS QUEEN,0.364,0.0128,0.6232
HEARTS SIX CLUBS KING,0.3592,0.0086,0.6322
HEARTS SIX CLUBS ACE,0.3692,0.0046,0.6262
CLUBS JACK CLUBS QUEEN,0.2912,0.0106,0.6982
CLUBS JACK CLUBS KING,0.304,0.0088,0.6872
DIAMONDS THREE HEARTS ACE,0.23,0.0244,0.7456
DIAMONDS THREE HEARTS QUEEN,0.2374,0.0452,0.7174
DIAMONDS THREE HEARTS KING,0.242,0.0314,0.7266
CLUBS FIVE HEARTS JACK,0.3536,0.016,0.6304
SPADES TEN DIAMONDS ACE,0.32,0.004,0.676
HEARTS FOUR SPADES TEN,0.372,0.0302,0.5978
CLUBS FIVE HEARTS TEN,0.3382,0.0304,0.6314
HEARTS FOUR SPADES JACK,0.3562,0.0206,0.6232
SPADES JACK DIAMONDS ACE,0.3256,0.0038,0.6706
SPADES ACE HEARTS FOUR,0.3638,0.0058,0.6304
SPADES ACE DIAMONDS ACE,0.1376,0.002,0.8604
CLUBS FIVE HEARTS ACE,0.3322,0.0048,0.663
CLUBS FIVE HEARTS KING,0.353,0.0096,0.6374
HEARTS FOUR SPADES QUEEN,0.3726,0.0138,0.6136
SPADES QUEEN DIAMONDS ACE,0.3264,0.006,0.6676
CLUBS JACK SPADES FOUR,0.3696,0.0224,0.608
CLUBS FIVE HEARTS QUEEN,0.3386,0.0158,0.6456
SPADES KING DIAMONDS ACE,0.3256,0.0018,0.6726
HEARTS FOUR SPADES KING,0.3626,0.0066,0.6308
CLUBS TEN SPADES FOUR,0.3488,0.026,0.6252
DIAMONDS QUEEN DIAMONDS ACE,0.2996,0.0034,0.697
HEARTS TWO DIAMONDS ACE,0.3898,0.0038,0.6064
HEARTS FOUR DIAMONDS QUEEN,0.3786,0.0132,0.6082
HEARTS FOUR HEARTS TWO,0.5698,0.0424,0.3878
DIAMONDS THREE HEARTS TEN,0.2336,0.078,0.6884
SPADES FOUR CLUBS KING,0.3606,0.0072,0.6322
HEARTS FIVE DIAMONDS QUEEN,0.3706,0.0106,0.6188
HEARTS FIVE HEARTS TWO,0.5538,0.0446,0.4016
DIAMONDS THREE HEARTS JACK,0.2208,0.063,0.7162
SPADES FOUR CLUBS QUEEN,0.3694,0.0112,0.6194
DIAMONDS QUEEN HEARTS TWO,0.3946,0.0128,0.5926
DIAMONDS KING DIAMONDS QUEEN,0.3062,0.0064,0.6874
DIAMONDS KING HEARTS TWO,0.4054,0.0104,0.5842
HEARTS THREE DIAMONDS QUEEN,0.2406,0.0492,0.7102
HEARTS THREE HEARTS TWO,0.6034,0.1056,0.291
SPADES FOUR CLUBS ACE,0.3462,0.005,0.6488
HEARTS TWO CLUBS ACE,0.3762,0.0052,0.6186
DIAMONDS QUEEN CLUBS ACE,0.3194,0.0036,0.677
HEARTS TWO CLUBS QUEEN,0.3966,0.0134,0.59
DIAMONDS QUEEN CLUBS QUEEN,0.135,0.019,0.846
HEARTS TWO CLUBS KING,0.3852,0.0126,0.6022
DIAMONDS QUEEN CLUBS KING,0.3208,0.0062,0.673
SPADES EIGHT SPADES FIVE,0.5006,0.037,0.4624
CLUBS TEN HEARTS TWO,0.3854,0.031,0.5836
CLUBS TEN DIAMONDS QUEEN,0.297,0.0086,0.6944
SPADES NINE SPADES FIVE,0.2064,0.4224,0.3712
CLUBS JACK HEARTS TWO,0.3918,0.0192,0.589
