opposingHand,winningChance,drawChance,lostChance
CLUBS FOUR SPADES TWO
HEARTS FIVE SPADES TEN,0.3372,0.032,0.6308
SPADES JACK HEARTS FIVE,0.3392,0.0234,0.6374
SPADES FIVE CLUBS JACK,0.3416,0.0184,0.64
CLUBS TEN SPADES FIVE,0.3296,0.0348,0.6356
CLUBS EIGHT CLUBS JACK,0.313,0.0214,0.6656
CLUBS TEN CLUBS EIGHT,0.3208,0.025,0.6542
CLUBS EIGHT CLUBS KING,0.3228,0.0084,0.6688
SPADES FIVE CLUBS ACE,0.3178,0.0062,0.676
CLUBS EIGHT CLUBS QUEEN,0.3372,0.0134,0.6494
SPADES FIVE CLUBS KING,0.3376,0.0108,0.6516
SPADES FIVE CLUBS QUEEN,0.315,0.0158,0.6692
CLUBS EIGHT CLUBS ACE,0.3196,0.006,0.6744
DIAMONDS TWO DIAMONDS THREE,0.2552,0.4772,0.2676
DIAMONDS TWO DIAMONDS FIVE,0.2122,0.3542,0.4336
SPADES KING HEARTS FIVE,0.345,0.0098,0.6452
DIAMONDS TWO DIAMONDS FOUR,0.0226,0.9058,0.0716
SPADES QUEEN HEARTS FIVE,0.3232,0.0136,0.6632
DIAMONDS TWO DIAMONDS SEVEN,0.245,0.1886,0.5664
DIAMONDS TWO DIAMONDS SIX,0.2352,0.2604,0.5044
SPADES ACE HEARTS FIVE,0.325,0.006,0.669
DIAMONDS TWO DIAMONDS NINE,0.2422,0.0994,0.6584
DIAMONDS TWO DIAMONDS EIGHT,0.235,0.138,0.627
DIAMONDS THREE DIAMONDS FOUR,0.2048,0.4818,0.3134
CLUBS TWO SPADES FOUR,0.009,0.9844,0.0066
DIAMONDS THREE DIAMONDS FIVE,0.3048,0.2268,0.4684
CLUBS TWO SPADES FIVE,0.2146,0.3778,0.4076
CLUBS TWO SPADES THREE,0.2606,0.5134,0.226
DIAMONDS THREE DIAMONDS EIGHT,0.3564,0.0684,0.5752
SPADES EIGHT CLUBS TWO,0.2668,0.156,0.5772
DIAMONDS THREE DIAMONDS NINE,0.348,0.0442,0.6078
SPADES NINE CLUBS TWO,0.259,0.1094,0.6316
DIAMONDS THREE DIAMONDS SIX,0.3222,0.158,0.5198
CLUBS TWO SPADES SIX,0.2422,0.2856,0.4722
DIAMONDS THREE DIAMONDS SEVEN,0.3328,0.1036,0.5636
CLUBS TWO SPADES SEVEN,0.2574,0.1976,0.545
CLUBS SIX CLUBS TWO,0.2452,0.2668,0.488
CLUBS SEVEN CLUBS TWO,0.2458,0.1908,0.5634
CLUBS FIVE CLUBS TWO,0.2082,0.3708,0.421
CLUBS TEN CLUBS JACK,0.3114,0.0178,0.6708
DIAMONDS FOUR DIAMONDS SIX,0.2308,0.265,0.5042
CLUBS TEN CLUBS QUEEN,0.324,0.014,0.662
DIAMONDS FOUR DIAMONDS SEVEN,0.2238,0.1872,0.589
CLUBS TEN CLUBS KING,0.3142,0.0106,0.6752
CLUBS TEN CLUBS ACE,0.327,0.0046,0.6684
CLUBS EIGHT CLUBS TWO,0.2536,0.1432,0.6032
DIAMONDS FIVE DIAMONDS FOUR,0.2032,0.3444,0.4524
CLUBS NINE CLUBS TWO,0.2552,0.1062,0.6386
DIAMONDS NINE DIAMONDS FOUR,0.2578,0.1002,0.642
DIAMONDS EIGHT DIAMONDS FOUR,0.2356,0.1496,0.6148
CLUBS TWO CLUBS THREE,0.2718,0.4826,0.2456
DIAMONDS NINE DIAMONDS FIVE,0.3228,0.0428,0.6344
DIAMONDS TWO CLUBS JACK,0.255,0.0526,0.6924
DIAMONDS EIGHT DIAMONDS FIVE,0.3168,0.0662,0.617
CLUBS TEN DIAMONDS TWO,0.2726,0.081,0.6464
DIAMONDS FIVE DIAMONDS SEVEN,0.3,0.0854,0.6146
DIAMONDS FIVE DIAMONDS SIX,0.284,0.1374,0.5786
DIAMONDS TWO CLUBS ACE,0.2408,0.0144,0.7448
DIAMONDS TWO CLUBS KING,0.2746,0.0246,0.7008
DIAMONDS TWO CLUBS QUEEN,0.2582,0.0414,0.7004
DIAMONDS EIGHT DIAMONDS SIX,0.3048,0.0612,0.634
DIAMONDS NINE DIAMONDS SIX,0.321,0.0428,0.6362
HEARTS ACE SPADES THREE,0.355,0.0066,0.6384
HEARTS KING SPADES THREE,0.3666,0.0112,0.6222
DIAMONDS SEVEN DIAMONDS SIX,0.3004,0.0974,0.6022
SPADES THREE HEARTS QUEEN,0.3762,0.0142,0.6096
HEARTS JACK SPADES THREE,0.367,0.0276,0.6054
SPADES THREE HEARTS TEN,0.3568,0.0342,0.609
DIAMONDS EIGHT DIAMONDS SEVEN,0.318,0.054,0.628
DIAMONDS NINE DIAMONDS SEVEN,0.3066,0.042,0.6514
DIAMONDS NINE DIAMONDS EIGHT,0.3142,0.0394,0.6464
DIAMONDS KING HEARTS TEN,0.3412,0.008,0.6508
HEARTS THREE HEARTS TEN,0.3508,0.0302,0.619
SPADES JACK CLUBS SIX,0.345,0.022,0.633
DIAMONDS KING HEARTS JACK,0.3388,0.0078,0.6534
HEARTS THREE HEARTS JACK,0.349,0.0218,0.6292
SPADES TEN CLUBS SIX,0.3338,0.0288,0.6374
SPADES JACK SPADES FIVE,0.3254,0.0252,0.6494
SPADES TEN SPADES FIVE,0.3248,0.032,0.6432
DIAMONDS KING HEARTS ACE,0.3474,0.006,0.6466
HEARTS THREE HEARTS ACE,0.3354,0.0064,0.6582
SPADES ACE CLUBS SIX,0.3318,0.0056,0.6626
DIAMONDS KING HEARTS QUEEN,0.3534,0.0082,0.6384
HEARTS THREE HEARTS QUEEN,0.3494,0.0148,0.6358
SPADES KING CLUBS SIX,0.3348,0.0086,0.6566
DIAMONDS KING HEARTS KING,0.1562,0.0202,0.8236
HEARTS THREE HEARTS KING,0.3562,0.0108,0.633
SPADES QUEEN CLUBS SIX,0.3432,0.0142,0.6426
SPADES NINE HEARTS TEN,0.3224,0.0228,0.6548
SPADES NINE HEARTS JACK,0.339,0.0188,0.6422
SPADES QUEEN SPADES FIVE,0.3324,0.0142,0.6534
SPADES KING SPADES FIVE,0.342,0.0086,0.6494
SPADES ACE SPADES FIVE,0.314,0.0056,0.6804
SPADES NINE HEARTS QUEEN,0.3474,0.0108,0.6418
SPADES NINE HEARTS KING,0.3366,0.0062,0.6572
SPADES NINE HEARTS ACE,0.3382,0.0048,0.657
CLUBS TEN SPADES JACK,0.3228,0.0176,0.6596
CLUBS TEN SPADES TEN,0.1396,0.0688,0.7916
SPADES ACE CLUBS TEN,0.3354,0.0056,0.659
SPADES KING CLUBS TEN,0.3314,0.0084,0.6602
CLUBS TEN SPADES QUEEN,0.333,0.0108,0.6562
SPADES FIVE HEARTS QUEEN,0.3436,0.0118,0.6446
HEARTS KING SPADES FIVE,0.3304,0.0072,0.6624
SPADES FIVE HEARTS ACE,0.3298,0.0048,0.6654
CLUBS EIGHT SPADES TEN,0.3264,0.0294,0.6442
HEARTS THREE SPADES JACK,0.3776,0.0214,0.601
SPADES JACK DIAMONDS KING,0.3374,0.0072,0.6554
SPADES TEN DIAMONDS KING,0.3412,0.008,0.6508
HEARTS THREE SPADES TEN,0.3666,0.0338,0.5996
SPADES JACK CLUBS EIGHT,0.3462,0.0178,0.636
CLUBS SIX HEARTS ACE,0.3474,0.005,0.6476
SPADES ACE CLUBS EIGHT,0.34,0.0074,0.6526
HEARTS FIVE CLUBS JACK,0.3496,0.0246,0.6258
CLUBS TEN HEARTS FIVE,0.336,0.0302,0.6338
CLUBS SIX HEARTS QUEEN,0.328,0.0162,0.6558
SPADES QUEEN CLUBS EIGHT,0.3432,0.0114,0.6454
CLUBS TEN SPADES THREE,0.3542,0.0324,0.6134
CLUBS SIX HEARTS KING,0.3446,0.0066,0.6488
SPADES KING CLUBS EIGHT,0.3464,0.0104,0.6432
SPADES THREE CLUBS JACK,0.3538,0.0254,0.6208
DIAMONDS TWO HEARTS JACK,0.2588,0.0522,0.689
SPADES THREE CLUBS QUEEN,0.3596,0.0172,0.6232
DIAMONDS TWO HEARTS TEN,0.2716,0.0782,0.6502
SPADES THREE CLUBS KING,0.3594,0.0086,0.632
HEARTS FIVE CLUBS ACE,0.3218,0.0066,0.6716
SPADES FIVE HEARTS TEN,0.3416,0.0348,0.6236
SPADES THREE CLUBS ACE,0.3506,0.0058,0.6436
HEARTS FIVE CLUBS KING,0.3372,0.0104,0.6524
SPADES FIVE HEARTS JACK,0.3338,0.0216,0.6446
HEARTS FIVE CLUBS QUEEN,0.3414,0.0122,0.6464
HEARTS THREE CLUBS KING,0.37,0.0076,0.6224
DIAMONDS KING CLUBS KING,0.139,0.024,0.837
HEARTS THREE CLUBS QUEEN,0.3658,0.0174,0.6168
DIAMONDS KING CLUBS QUEEN,0.3382,0.0096,0.6522
HEARTS FIVE HEARTS JACK,0.322,0.024,0.654
HEARTS FIVE HEARTS TEN,0.3128,0.0284,0.6588
HEARTS THREE CLUBS ACE,0.3528,0.0064,0.6408
DIAMONDS KING CLUBS ACE,0.3462,0.0064,0.6474
SPADES ACE CLUBS QUEEN,0.3298,0.0046,0.6656
SPADES KING CLUBS QUEEN,0.3442,0.0092,0.6466
HEARTS THREE CLUBS JACK,0.3794,0.0202,0.6004
DIAMONDS KING CLUBS JACK,0.3402,0.0102,0.6496
SPADES QUEEN CLUBS QUEEN,0.1334,0.0366,0.83
CLUBS TEN HEARTS THREE,0.3704,0.0322,0.5974
CLUBS TEN DIAMONDS KING,0.3414,0.0108,0.6478
SPADES JACK CLUBS QUEEN,0.3246,0.0106,0.6648
CLUBS SIX CLUBS QUEEN,0.3256,0.0158,0.6586
SPADES TEN CLUBS QUEEN,0.3262,0.013,0.6608
CLUBS SIX CLUBS KING,0.336,0.0064,0.6576
CLUBS SIX CLUBS ACE,0.3362,0.007,0.6568
HEARTS FIVE HEARTS KING,0.308,0.0096,0.6824
HEARTS FIVE HEARTS QUEEN,0.3184,0.014,0.6676
CLUBS TEN CLUBS SIX,0.3288,0.028,0.6432
HEARTS FIVE HEARTS ACE,0.3148,0.006,0.6792
CLUBS SIX CLUBS JACK,0.3362,0.0192,0.6446
SPADES SEVEN HEARTS JACK,0.3488,0.019,0.6322
SPADES SEVEN HEARTS TEN,0.333,0.026,0.641
DIAMONDS TWO CLUBS TWO,0.2428,0.1348,0.6224
DIAMONDS TWO CLUBS THREE,0.2676,0.5182,0.2142
HEARTS SIX DIAMONDS TWO,0.2534,0.2654,0.4812
DIAMONDS TWO HEARTS QUEEN,0.2592,0.0378,0.703
DIAMONDS TWO HEARTS SEVEN,0.2576,0.1906,0.5518
DIAMONDS TWO HEARTS KING,0.266,0.0264,0.7076
DIAMONDS TWO HEARTS EIGHT,0.2686,0.1388,0.5926
DIAMONDS TWO HEARTS ACE,0.2458,0.0148,0.7394
DIAMONDS TWO HEARTS NINE,0.2534,0.1048,0.6418
DIAMONDS TWO DIAMONDS QUEEN,0.2492,0.04,0.7108
DIAMONDS TWO HEARTS TWO,0.2438,0.13,0.6262
DIAMONDS TWO DIAMONDS KING,0.2548,0.027,0.7182
HEARTS THREE DIAMONDS TWO,0.2772,0.4992,0.2236
DIAMONDS TWO DIAMONDS ACE,0.232,0.0138,0.7542
HEARTS FOUR DIAMONDS TWO,0.0198,0.9578,0.0224
DIAMONDS TWO HEARTS FIVE,0.2332,0.3622,0.4046
SPADES SEVEN HEARTS ACE,0.332,0.0044,0.6636
DIAMONDS TWO DIAMONDS TEN,0.253,0.0722,0.6748
SPADES SEVEN HEARTS KING,0.3482,0.0098,0.642
DIAMONDS TWO DIAMONDS JACK,0.246,0.0484,0.7056
SPADES SEVEN HEARTS QUEEN,0.3346,0.0126,0.6528
DIAMONDS TWO SPADES NINE,0.254,0.1112,0.6348
DIAMONDS TWO SPADES EIGHT,0.2622,0.156,0.5818
DIAMONDS TWO SPADES SEVEN,0.2718,0.205,0.5232
DIAMONDS TWO SPADES SIX,0.2332,0.2696,0.4972
DIAMONDS TWO SPADES FIVE,0.2242,0.3668,0.409
DIAMONDS TWO SPADES FOUR,0.0108,0.9714,0.0178
DIAMONDS TWO SPADES THREE,0.2654,0.5144,0.2202
CLUBS NINE DIAMONDS TWO,0.2546,0.1024,0.643
DIAMONDS TWO CLUBS EIGHT,0.2624,0.1432,0.5944
CLUBS SEVEN DIAMONDS TWO,0.254,0.2008,0.5452
DIAMONDS TWO CLUBS SIX,0.2328,0.2726,0.4946
DIAMONDS TWO CLUBS FIVE,0.2236,0.374,0.4024
SPADES ACE DIAMONDS SIX,0.3506,0.0048,0.6446
SPADES QUEEN DIAMONDS SIX,0.3444,0.0132,0.6424
SPADES KING DIAMONDS SIX,0.3368,0.0084,0.6548
SPADES TEN DIAMONDS SIX,0.3482,0.03,0.6218
SPADES JACK DIAMONDS SIX,0.3414,0.0212,0.6374
DIAMONDS JACK CLUBS JACK,0.1408,0.0542,0.805
CLUBS TEN DIAMONDS JACK,0.3212,0.019,0.6598
DIAMONDS JACK CLUBS KING,0.3422,0.0094,0.6484
DIAMONDS JACK CLUBS QUEEN,0.3288,0.0134,0.6578
DIAMONDS THREE DIAMONDS JACK,0.3416,0.02,0.6384
DIAMONDS THREE DIAMONDS TEN,0.3444,0.0316,0.624
DIAMONDS JACK CLUBS ACE,0.336,0.006,0.658
DIAMONDS THREE DIAMONDS KING,0.3474,0.0106,0.642
HEARTS THREE DIAMONDS THREE,0.2028,0.165,0.6322
DIAMONDS THREE DIAMONDS QUEEN,0.351,0.0136,0.6354
DIAMONDS THREE HEARTS TWO,0.2672,0.5136,0.2192
HEARTS FIVE DIAMONDS THREE,0.3342,0.2384,0.4274
DIAMONDS THREE DIAMONDS ACE,0.3366,0.007,0.6564
HEARTS FOUR DIAMONDS THREE,0.2144,0.521,0.2646
DIAMONDS THREE HEARTS SEVEN,0.3638,0.11,0.5262
SPADES TEN SPADES NINE,0.3146,0.025,0.6604
HEARTS SIX DIAMONDS THREE,0.35,0.168,0.482
SPADES JACK SPADES NINE,0.3228,0.0158,0.6614
DIAMONDS THREE HEARTS NINE,0.375,0.044,0.581
HEARTS JACK DIAMONDS FOUR,0.2512,0.0624,0.6864
HEARTS KING HEARTS ACE,0.3264,0.0052,0.6684
DIAMONDS THREE HEARTS EIGHT,0.3812,0.0652,0.5536
HEARTS TEN DIAMONDS FOUR,0.249,0.0822,0.6688
HEARTS QUEEN DIAMONDS FOUR,0.25,0.0498,0.7002
HEARTS KING DIAMONDS FOUR,0.254,0.0306,0.7154
SPADES ACE SPADES NINE,0.3266,0.007,0.6664
HEARTS ACE DIAMONDS FOUR,0.2338,0.0266,0.7396
SPADES KING SPADES NINE,0.3284,0.0096,0.662
SPADES QUEEN SPADES NINE,0.3268,0.0132,0.66
DIAMONDS THREE SPADES NINE,0.3664,0.052,0.5816
DIAMONDS THREE SPADES EIGHT,0.3742,0.0694,0.5564
DIAMONDS THREE SPADES SEVEN,0.35,0.1116,0.5384
DIAMONDS THREE SPADES SIX,0.3536,0.1632,0.4832
DIAMONDS THREE CLUBS SIX,0.3498,0.162,0.4882
CLUBS FIVE CLUBS SIX,0.2908,0.1408,0.5684
CLUBS ACE DIAMONDS FOUR,0.229,0.0222,0.7488
CLUBS SEVEN DIAMONDS THREE,0.3574,0.116,0.5266
CLUBS SEVEN CLUBS FIVE,0.2916,0.1004,0.608
DIAMONDS FOUR CLUBS QUEEN,0.2472,0.0538,0.699
DIAMONDS THREE CLUBS FIVE,0.3202,0.2498,0.43
CLUBS KING DIAMONDS FOUR,0.246,0.035,0.719
DIAMONDS THREE CLUBS TWO,0.27,0.5188,0.2112
CLUBS TEN DIAMONDS FOUR,0.2416,0.0786,0.6798
DIAMONDS THREE CLUBS THREE,0.2224,0.173,0.6046
DIAMONDS FOUR CLUBS JACK,0.2516,0.0624,0.686
DIAMONDS THREE SPADES FOUR,0.21,0.5174,0.2726
DIAMONDS THREE SPADES FIVE,0.3274,0.2536,0.419
DIAMONDS THREE SPADES THREE,0.204,0.1766,0.6194
CLUBS EIGHT DIAMONDS THREE,0.3716,0.0674,0.561
CLUBS NINE DIAMONDS THREE,0.3608,0.0528,0.5864
SPADES SEVEN CLUBS ACE,0.3292,0.0068,0.664
SPADES SEVEN CLUBS QUEEN,0.3362,0.0124,0.6514
SPADES SEVEN CLUBS KING,0.3356,0.01,0.6544
CLUBS FIVE SPADES SEVEN,0.318,0.0964,0.5856
CLUBS TEN SPADES SEVEN,0.331,0.0266,0.6424
CLUBS FIVE SPADES SIX,0.3002,0.1548,0.545
SPADES SEVEN CLUBS JACK,0.3244,0.022,0.6536
CLUBS FIVE SPADES NINE,0.3134,0.051,0.6356
CLUBS FIVE SPADES EIGHT,0.3222,0.0716,0.6062
CLUBS FIVE SPADES THREE,0.3076,0.2522,0.4402
CLUBS FIVE SPADES FIVE,0.1146,0.149,0.7364
CLUBS FIVE SPADES FOUR,0.2086,0.3812,0.4102
CLUBS NINE CLUBS FIVE,0.3228,0.0502,0.627
CLUBS EIGHT CLUBS FIVE,0.3154,0.0676,0.617
CLUBS ACE CLUBS QUEEN,0.3208,0.0084,0.6708
CLUBS KING CLUBS QUEEN,0.318,0.0074,0.6746
DIAMONDS TEN DIAMONDS FOUR,0.2376,0.08,0.6824
CLUBS TEN DIAMONDS NINE,0.332,0.0266,0.6414
DIAMONDS JACK DIAMONDS FOUR,0.2438,0.0552,0.701
DIAMONDS NINE CLUBS JACK,0.3312,0.0162,0.6526
SPADES NINE CLUBS JACK,0.3314,0.0188,0.6498
CLUBS TEN SPADES NINE,0.3258,0.0254,0.6488
DIAMONDS ACE DIAMONDS FOUR,0.2166,0.0236,0.7598
HEARTS FOUR DIAMONDS FOUR,0.0896,0.1406,0.7698
DIAMONDS JACK HEARTS TEN,0.346,0.0144,0.6396
SPADES NINE CLUBS KING,0.34,0.0072,0.6528
DIAMONDS TWO SPADES TEN,0.261,0.079,0.66
DIAMONDS NINE CLUBS ACE,0.3362,0.0062,0.6576
HEARTS FIVE DIAMONDS FOUR,0.2214,0.3594,0.4192
HEARTS JACK DIAMONDS JACK,0.1514,0.0538,0.7948
SPADES NINE CLUBS QUEEN,0.3222,0.0128,0.665
DIAMONDS TWO SPADES JACK,0.267,0.0528,0.6802
DIAMONDS QUEEN DIAMONDS FOUR,0.2306,0.0538,0.7156
HEARTS TWO DIAMONDS FOUR,0.0228,0.953,0.0242
DIAMONDS NINE CLUBS QUEEN,0.3304,0.0142,0.6554
DIAMONDS KING DIAMONDS FOUR,0.2358,0.0348,0.7294
HEARTS THREE DIAMONDS FOUR,0.2174,0.5102,0.2724
SPADES NINE CLUBS ACE,0.3324,0.0062,0.6614
DIAMONDS NINE CLUBS KING,0.3404,0.0076,0.652
HEARTS ACE DIAMONDS JACK,0.349,0.0056,0.6454
SPADES ACE DIAMONDS TWO,0.2388,0.0154,0.7458
DIAMONDS JACK HEARTS QUEEN,0.3544,0.0106,0.635
SPADES QUEEN DIAMONDS TWO,0.262,0.0412,0.6968
HEARTS KING DIAMONDS JACK,0.3422,0.0056,0.6522
SPADES KING DIAMONDS TWO,0.2628,0.0288,0.7084
SPADES JACK SPADES SEVEN,0.3236,0.0204,0.656
SPADES TEN SPADES SEVEN,0.317,0.027,0.656
CLUBS SEVEN CLUBS THREE,0.3462,0.0994,0.5544
CLUBS SIX CLUBS THREE,0.3356,0.1532,0.5112
CLUBS FIVE CLUBS THREE,0.2998,0.2446,0.4556
CLUBS NINE CLUBS THREE,0.3476,0.046,0.6064
CLUBS EIGHT CLUBS THREE,0.353,0.0732,0.5738
CLUBS THREE SPADES FIVE,0.3292,0.2574,0.4134
CLUBS THREE SPADES FOUR,0.2126,0.5114,0.276
CLUBS THREE SPADES THREE,0.2062,0.1628,0.631
CLUBS THREE SPADES SIX,0.3436,0.1606,0.4958
SPADES SEVEN CLUBS THREE,0.3564,0.109,0.5346
SPADES EIGHT CLUBS THREE,0.3596,0.0776,0.5628
SPADES NINE CLUBS THREE,0.3732,0.0508,0.576
SPADES THREE DIAMONDS FOUR,0.2078,0.518,0.2742
SPADES FOUR DIAMONDS FOUR,0.0782,0.1382,0.7836
SPADES FIVE DIAMONDS FOUR,0.2024,0.3606,0.437
SPADES SIX DIAMONDS FOUR,0.2468,0.2726,0.4806
SPADES SEVEN DIAMONDS FOUR,0.2328,0.2078,0.5594
SPADES EIGHT DIAMONDS FOUR,0.2454,0.1512,0.6034
SPADES NINE DIAMONDS FOUR,0.2572,0.1036,0.6392
CLUBS FIVE DIAMONDS FOUR,0.1988,0.3648,0.4364
CLUBS SEVEN DIAMONDS FOUR,0.2322,0.2152,0.5526
CLUBS SIX DIAMONDS FOUR,0.2446,0.271,0.4844
CLUBS NINE DIAMONDS FOUR,0.2548,0.111,0.6342
CLUBS EIGHT DIAMONDS FOUR,0.241,0.1526,0.6064
DIAMONDS FOUR HEARTS SEVEN,0.231,0.2042,0.5648
HEARTS SIX DIAMONDS FOUR,0.2426,0.2604,0.497
HEARTS NINE DIAMONDS FOUR,0.2594,0.1082,0.6324
DIAMONDS FOUR HEARTS EIGHT,0.257,0.142,0.601
CLUBS THREE DIAMONDS FOUR,0.2182,0.5134,0.2684
CLUBS TWO DIAMONDS FOUR,0.017,0.9742,0.0088
DIAMONDS TEN DIAMONDS FIVE,0.3294,0.0282,0.6424
DIAMONDS JACK DIAMONDS FIVE,0.3168,0.0168,0.6664
DIAMONDS NINE HEARTS QUEEN,0.3366,0.0114,0.652
HEARTS KING DIAMONDS NINE,0.3414,0.0064,0.6522
DIAMONDS NINE HEARTS ACE,0.3506,0.0052,0.6442
DIAMONDS NINE HEARTS TEN,0.3362,0.027,0.6368
DIAMONDS NINE HEARTS JACK,0.3384,0.0186,0.643
CLUBS KING DIAMONDS SIX,0.3446,0.0096,0.6458
CLUBS QUEEN DIAMONDS SIX,0.3414,0.014,0.6446
CLUBS ACE DIAMONDS SIX,0.3366,0.0064,0.657
SPADES KING DIAMONDS FOUR,0.248,0.0322,0.7198
SPADES ACE SPADES SEVEN,0.3236,0.004,0.6724
SPADES QUEEN DIAMONDS FOUR,0.2488,0.045,0.7062
SPADES QUEEN SPADES SEVEN,0.3346,0.014,0.6514
CLUBS JACK DIAMONDS SIX,0.3476,0.0212,0.6312
SPADES KING SPADES SEVEN,0.3298,0.009,0.6612
SPADES ACE DIAMONDS FOUR,0.2364,0.025,0.7386
CLUBS TEN DIAMONDS SIX,0.3436,0.024,0.6324
SPADES JACK DIAMONDS FOUR,0.2534,0.0612,0.6854
SPADES TEN DIAMONDS FOUR,0.2554,0.078,0.6666
CLUBS SEVEN SPADES EIGHT,0.3106,0.061,0.6284
CLUBS SEVEN SPADES NINE,0.3278,0.0396,0.6326
CLUBS SEVEN SPADES SIX,0.3182,0.0974,0.5844
CLUBS SEVEN SPADES SEVEN,0.13,0.1172,0.7528
CLUBS SEVEN SPADES FIVE,0.3008,0.1096,0.5896
CLUBS SEVEN SPADES FOUR,0.2122,0.216,0.5718
CLUBS SEVEN SPADES THREE,0.358,0.1114,0.5306
CLUBS NINE CLUBS SEVEN,0.3144,0.0438,0.6418
CLUBS SEVEN CLUBS EIGHT,0.307,0.0616,0.6314
HEARTS SIX DIAMONDS FIVE,0.311,0.1652,0.5238
DIAMONDS FIVE HEARTS SEVEN,0.3224,0.1034,0.5742
DIAMONDS FIVE HEARTS EIGHT,0.3388,0.071,0.5902
HEARTS NINE DIAMONDS FIVE,0.334,0.047,0.619
DIAMONDS QUEEN DIAMONDS FIVE,0.317,0.0146,0.6684
HEARTS TWO DIAMONDS FIVE,0.2226,0.3674,0.41
HEARTS KING HEARTS EIGHT,0.3304,0.0094,0.6602
DIAMONDS KING DIAMONDS FIVE,0.3284,0.0088,0.6628
HEARTS THREE DIAMONDS FIVE,0.3348,0.2446,0.4206
HEARTS QUEEN HEARTS EIGHT,0.3284,0.0134,0.6582
DIAMONDS ACE DIAMONDS FIVE,0.3002,0.0052,0.6946
HEARTS FOUR DIAMONDS FIVE,0.2244,0.3464,0.4292
HEARTS FIVE DIAMONDS FIVE,0.1148,0.1482,0.737
HEARTS ACE HEARTS EIGHT,0.3278,0.0056,0.6666
CLUBS FIVE DIAMONDS FIVE,0.1206,0.1444,0.735
CLUBS SIX DIAMONDS FIVE,0.3118,0.155,0.5332
CLUBS SEVEN DIAMONDS FIVE,0.3136,0.0966,0.5898
CLUBS TWO DIAMONDS FIVE,0.224,0.3792,0.3968
CLUBS THREE DIAMONDS FIVE,0.3352,0.2486,0.4162
SPADES THREE DIAMONDS FIVE,0.3184,0.258,0.4236
SPADES JACK DIAMONDS EIGHT,0.3436,0.0204,0.636
SPADES FIVE DIAMONDS FIVE,0.1164,0.1534,0.7302
CLUBS TEN HEARTS JACK,0.331,0.0146,0.6544
SPADES TEN DIAMONDS EIGHT,0.3436,0.025,0.6314
SPADES FOUR DIAMONDS FIVE,0.2022,0.3684,0.4294
HEARTS JACK CLUBS JACK,0.14,0.0526,0.8074
HEARTS JACK CLUBS QUEEN,0.3254,0.0122,0.6624
CLUBS NINE DIAMONDS FIVE,0.342,0.0476,0.6104
HEARTS JACK CLUBS KING,0.3386,0.0092,0.6522
CLUBS EIGHT DIAMONDS FIVE,0.3344,0.0778,0.5878
HEARTS JACK CLUBS ACE,0.3532,0.0058,0.641
SPADES SEVEN DIAMONDS FIVE,0.3168,0.094,0.5892
SPADES KING DIAMONDS EIGHT,0.3318,0.0094,0.6588
SPADES QUEEN DIAMONDS EIGHT,0.3318,0.0104,0.6578
SPADES SIX DIAMONDS FIVE,0.3036,0.154,0.5424
SPADES NINE DIAMONDS FIVE,0.3336,0.0464,0.62
SPADES EIGHT DIAMONDS FIVE,0.3206,0.0698,0.6096
SPADES ACE DIAMONDS EIGHT,0.3402,0.0074,0.6524
DIAMONDS TEN DIAMONDS SIX,0.312,0.026,0.662
HEARTS ACE DIAMONDS SEVEN,0.3438,0.0052,0.651
DIAMONDS JACK DIAMONDS SIX,0.3258,0.0172,0.657
HEARTS QUEEN DIAMONDS SEVEN,0.355,0.0112,0.6338
HEARTS KING DIAMONDS SEVEN,0.3492,0.0092,0.6416
DIAMONDS ACE DIAMONDS SIX,0.326,0.005,0.669
HEARTS FOUR DIAMONDS SIX,0.246,0.2674,0.4866
HEARTS FIVE DIAMONDS SIX,0.317,0.1582,0.5248
DIAMONDS QUEEN DIAMONDS SIX,0.3298,0.0098,0.6604
HEARTS TWO DIAMONDS SIX,0.2528,0.2666,0.4806
DIAMONDS KING DIAMONDS SIX,0.3228,0.0092,0.668
HEARTS THREE DIAMONDS SIX,0.3512,0.161,0.4878
HEARTS EIGHT DIAMONDS SIX,0.329,0.0688,0.6022
HEARTS NINE DIAMONDS SIX,0.3504,0.0384,0.6112
HEARTS SIX DIAMONDS SIX,0.1378,0.1272,0.735
HEARTS SEVEN DIAMONDS SIX,0.3282,0.0962,0.5756
HEARTS TEN DIAMONDS SEVEN,0.344,0.029,0.627
CLUBS TWO DIAMONDS SIX,0.2428,0.2782,0.479
HEARTS JACK DIAMONDS SEVEN,0.352,0.015,0.633
CLUBS THREE DIAMONDS SIX,0.3552,0.1614,0.4834
CLUBS SEVEN DIAMONDS SIX,0.326,0.0958,0.5782
DIAMONDS EIGHT CLUBS JACK,0.3266,0.019,0.6544
CLUBS SIX DIAMONDS SIX,0.1242,0.1352,0.7406
CLUBS TEN DIAMONDS EIGHT,0.3324,0.0262,0.6414
CLUBS FIVE DIAMONDS SIX,0.3,0.1598,0.5402
HEARTS ACE HEARTS JACK,0.316,0.0044,0.6796
DIAMONDS EIGHT CLUBS ACE,0.3442,0.0058,0.65
HEARTS JACK HEARTS QUEEN,0.319,0.0108,0.6702
DIAMONDS EIGHT CLUBS KING,0.3568,0.0094,0.6338
CLUBS NINE DIAMONDS SIX,0.3368,0.043,0.6202
HEARTS KING HEARTS JACK,0.3142,0.008,0.6778
DIAMONDS EIGHT CLUBS QUEEN,0.345,0.0132,0.6418
CLUBS EIGHT DIAMONDS SIX,0.3276,0.065,0.6074
SPADES TEN HEARTS KING,0.3382,0.0058,0.656
SPADES FIVE DIAMONDS SIX,0.2996,0.1588,0.5416
SPADES JACK HEARTS KING,0.3308,0.0088,0.6604
SPADES FOUR DIAMONDS SIX,0.2266,0.2708,0.5026
SPADES THREE DIAMONDS SIX,0.3574,0.1588,0.4838
SPADES ACE SPADES KING,0.3268,0.0056,0.6676
HEARTS TEN HEARTS EIGHT,0.3176,0.0262,0.6562
SPADES NINE DIAMONDS SIX,0.3532,0.0436,0.6032
HEARTS JACK HEARTS EIGHT,0.316,0.0176,0.6664
SPADES EIGHT DIAMONDS SIX,0.3308,0.0638,0.6054
SPADES SEVEN DIAMONDS SIX,0.3236,0.0994,0.577
SPADES SIX DIAMONDS SIX,0.1292,0.1278,0.743
SPADES KING HEARTS KING,0.1306,0.02,0.8494
SPADES QUEEN HEARTS KING,0.334,0.0074,0.6586
CLUBS ACE CLUBS KING,0.321,0.0058,0.6732
SPADES ACE HEARTS KING,0.345,0.0054,0.6496
SPADES ACE HEARTS JACK,0.3344,0.0054,0.6602
SPADES QUEEN HEARTS JACK,0.3542,0.0112,0.6346
SPADES KING HEARTS JACK,0.3328,0.0066,0.6606
SPADES TEN DIAMONDS TEN,0.1458,0.0702,0.784
SPADES JACK DIAMONDS TEN,0.3256,0.0126,0.6618
SPADES ACE DIAMONDS TEN,0.3442,0.0044,0.6514
SPADES JACK HEARTS JACK,0.141,0.0532,0.8058
SPADES TEN HEARTS JACK,0.338,0.0166,0.6454
SPADES QUEEN DIAMONDS TEN,0.3392,0.0132,0.6476
SPADES KING DIAMONDS TEN,0.3356,0.0088,0.6556
SPADES NINE DIAMONDS SEVEN,0.3192,0.044,0.6368
SPADES EIGHT DIAMONDS SEVEN,0.3196,0.0602,0.6202
SPADES SEVEN DIAMONDS SEVEN,0.1384,0.113,0.7486
SPADES SIX DIAMONDS SEVEN,0.3212,0.1014,0.5774
DIAMONDS KING DIAMONDS SEVEN,0.3212,0.0078,0.671
HEARTS THREE DIAMONDS SEVEN,0.355,0.1042,0.5408
HEARTS KING DIAMONDS FIVE,0.3298,0.0074,0.6628
DIAMONDS QUEEN DIAMONDS SEVEN,0.3452,0.0104,0.6444
HEARTS TWO DIAMONDS SEVEN,0.2598,0.2034,0.5368
HEARTS QUEEN DIAMONDS FIVE,0.3386,0.0146,0.6468
HEARTS FIVE DIAMONDS SEVEN,0.3076,0.1072,0.5852
DIAMONDS ACE DIAMONDS SEVEN,0.3318,0.007,0.6612
HEARTS FOUR DIAMONDS SEVEN,0.2526,0.2022,0.5452
HEARTS ACE DIAMONDS FIVE,0.3194,0.0048,0.6758
HEARTS SEVEN DIAMONDS SEVEN,0.1432,0.119,0.7378
HEARTS SIX DIAMONDS SEVEN,0.3172,0.0986,0.5842
HEARTS NINE DIAMONDS SEVEN,0.3282,0.0394,0.6324
DIAMONDS SEVEN HEARTS EIGHT,0.331,0.0634,0.6056
DIAMONDS JACK DIAMONDS SEVEN,0.3236,0.0202,0.6562
HEARTS JACK DIAMONDS FIVE,0.3398,0.0222,0.638
DIAMONDS TEN DIAMONDS SEVEN,0.3166,0.0258,0.6576
DIAMONDS FIVE HEARTS TEN,0.3436,0.0338,0.6226
SPADES KING CLUBS TWO,0.258,0.023,0.719
HEARTS KING CLUBS KING,0.1438,0.0182,0.838
CLUBS EIGHT DIAMONDS SEVEN,0.3314,0.0548,0.6138
SPADES QUEEN CLUBS TWO,0.264,0.0354,0.7006
HEARTS KING CLUBS QUEEN,0.3332,0.008,0.6588
CLUBS NINE DIAMONDS SEVEN,0.33,0.0398,0.6302
SPADES ACE CLUBS TWO,0.242,0.018,0.74
HEARTS KING CLUBS ACE,0.339,0.0066,0.6544
CLUBS SEVEN CLUBS SIX,0.3192,0.094,0.5868
CLUBS EIGHT CLUBS SIX,0.3188,0.0666,0.6146
SPADES THREE DIAMONDS SEVEN,0.3594,0.1016,0.539
CLUBS NINE CLUBS SIX,0.3394,0.0448,0.6158
SPADES FOUR DIAMONDS SEVEN,0.2352,0.202,0.5628
HEARTS KING CLUBS JACK,0.3386,0.009,0.6524
SPADES FIVE DIAMONDS SEVEN,0.3252,0.099,0.5758
CLUBS TEN HEARTS KING,0.3424,0.0068,0.6508
CLUBS SIX SPADES THREE,0.3406,0.1672,0.4922
CLUBS TWO DIAMONDS SEVEN,0.2742,0.19,0.5358
CLUBS SIX SPADES FOUR,0.227,0.2802,0.4928
CLUBS THREE DIAMONDS SEVEN,0.348,0.1088,0.5432
CLUBS SIX SPADES FIVE,0.2984,0.1524,0.5492
CLUBS SIX SPADES SIX,0.1224,0.1406,0.737
CLUBS FIVE DIAMONDS SEVEN,0.3108,0.1044,0.5848
CLUBS SIX SPADES SEVEN,0.319,0.0956,0.5854
CLUBS SIX DIAMONDS SEVEN,0.3012,0.0986,0.6002
CLUBS SIX SPADES EIGHT,0.315,0.0734,0.6116
SPADES JACK CLUBS TWO,0.2692,0.0582,0.6726
CLUBS SEVEN DIAMONDS SEVEN,0.1408,0.1288,0.7304
SPADES NINE CLUBS SIX,0.3372,0.0412,0.6216
SPADES TEN CLUBS TWO,0.2608,0.073,0.6662
CLUBS TWO CLUBS QUEEN,0.2686,0.0372,0.6942
CLUBS TWO CLUBS KING,0.2534,0.0274,0.7192
CLUBS THREE DIAMONDS EIGHT,0.3798,0.074,0.5462
CLUBS TWO CLUBS ACE,0.2424,0.0172,0.7404
CLUBS TWO DIAMONDS EIGHT,0.2732,0.138,0.5888
DIAMONDS EIGHT HEARTS SEVEN,0.3296,0.0562,0.6142
HEARTS SIX DIAMONDS EIGHT,0.3362,0.064,0.5998
DIAMONDS EIGHT HEARTS NINE,0.3336,0.0324,0.634
CLUBS TEN CLUBS TWO,0.2648,0.0752,0.66
DIAMONDS EIGHT HEARTS EIGHT,0.1502,0.0976,0.7522
CLUBS TWO CLUBS JACK,0.2492,0.0538,0.697
CLUBS NINE DIAMONDS EIGHT,0.3346,0.0378,0.6276
CLUBS EIGHT DIAMONDS EIGHT,0.1414,0.0972,0.7614
CLUBS FIVE DIAMONDS EIGHT,0.3354,0.0676,0.597
SPADES ACE SPADES THREE,0.3318,0.0058,0.6624
CLUBS SEVEN DIAMONDS EIGHT,0.3206,0.055,0.6244
SPADES QUEEN SPADES THREE,0.3588,0.0166,0.6246
CLUBS SIX DIAMONDS EIGHT,0.322,0.0642,0.6138
SPADES KING SPADES THREE,0.3452,0.0108,0.644
DIAMONDS QUEEN DIAMONDS EIGHT,0.3192,0.0114,0.6694
HEARTS TWO DIAMONDS EIGHT,0.2866,0.1326,0.5808
DIAMONDS KING DIAMONDS EIGHT,0.3222,0.0094,0.6684
HEARTS THREE DIAMONDS EIGHT,0.37,0.0714,0.5586
DIAMONDS ACE DIAMONDS EIGHT,0.3226,0.0046,0.6728
HEARTS FOUR DIAMONDS EIGHT,0.2616,0.1424,0.596
HEARTS FIVE DIAMONDS EIGHT,0.3462,0.0644,0.5894
DIAMONDS EIGHT DIAMONDS TEN,0.3156,0.0266,0.6578
DIAMONDS EIGHT DIAMONDS JACK,0.317,0.0164,0.6666
SPADES JACK SPADES THREE,0.346,0.0226,0.6314
SPADES TEN SPADES THREE,0.3614,0.0348,0.6038
CLUBS SIX HEARTS TEN,0.351,0.0302,0.6188
CLUBS SIX HEARTS JACK,0.3464,0.0194,0.6342
DIAMONDS EIGHT SPADES FOUR,0.2504,0.1596,0.59
SPADES FIVE DIAMONDS EIGHT,0.3432,0.0652,0.5916
DIAMONDS EIGHT SPADES THREE,0.3672,0.074,0.5588
SPADES EIGHT DIAMONDS EIGHT,0.1408,0.0982,0.761
SPADES TEN DIAMONDS QUEEN,0.3448,0.0132,0.642
SPADES TEN HEARTS TWO,0.2604,0.079,0.6606
SPADES JACK HEARTS EIGHT,0.3442,0.0168,0.639
SPADES NINE DIAMONDS EIGHT,0.331,0.0366,0.6324
SPADES TEN HEARTS EIGHT,0.3412,0.0274,0.6314
SPADES JACK HEARTS TWO,0.2664,0.055,0.6786
SPADES JACK DIAMONDS QUEEN,0.3328,0.0114,0.6558
SPADES SIX DIAMONDS EIGHT,0.325,0.0712,0.6038
SPADES SEVEN DIAMONDS EIGHT,0.3268,0.0614,0.6118
SPADES ACE HEARTS TWO,0.2386,0.0174,0.744
SPADES ACE DIAMONDS QUEEN,0.3406,0.0048,0.6546
SPADES ACE HEARTS EIGHT,0.3498,0.0048,0.6454
SPADES KING HEARTS EIGHT,0.3452,0.008,0.6468
SPADES QUEEN HEARTS TWO,0.2594,0.0392,0.7014
SPADES QUEEN DIAMONDS QUEEN,0.1446,0.0346,0.8208
SPADES KING DIAMONDS QUEEN,0.3328,0.0078,0.6594
SPADES KING HEARTS TWO,0.2568,0.0292,0.714
SPADES QUEEN HEARTS EIGHT,0.3406,0.0144,0.645
CLUBS TWO HEARTS TEN,0.2596,0.0724,0.668
CLUBS TWO HEARTS JACK,0.2712,0.0568,0.672
SPADES SEVEN DIAMONDS NINE,0.3312,0.0418,0.627
SPADES SIX DIAMONDS NINE,0.3502,0.0378,0.612
SPADES NINE DIAMONDS NINE,0.1404,0.086,0.7736
SPADES EIGHT DIAMONDS NINE,0.3286,0.0368,0.6346
SPADES TEN CLUBS KING,0.3306,0.0084,0.661
DIAMONDS NINE SPADES THREE,0.3588,0.0478,0.5934
SPADES JACK CLUBS KING,0.3532,0.0084,0.6384
DIAMONDS NINE SPADES FIVE,0.3338,0.0466,0.6196
DIAMONDS NINE SPADES FOUR,0.252,0.1038,0.6442
CLUBS NINE DIAMONDS NINE,0.1384,0.082,0.7796
CLUBS EIGHT DIAMONDS NINE,0.322,0.0398,0.6382
CLUBS SIX DIAMONDS NINE,0.3396,0.0462,0.6142
CLUBS SEVEN DIAMONDS NINE,0.3294,0.0418,0.6288
CLUBS FIVE DIAMONDS NINE,0.3412,0.0482,0.6106
CLUBS TWO DIAMONDS NINE,0.2652,0.102,0.6328
CLUBS THREE DIAMONDS NINE,0.373,0.047,0.58
DIAMONDS NINE HEARTS EIGHT,0.3358,0.037,0.6272
DIAMONDS NINE HEARTS NINE,0.1536,0.0834,0.763
HEARTS SIX DIAMONDS NINE,0.3446,0.0456,0.6098
DIAMONDS NINE HEARTS SEVEN,0.3298,0.0408,0.6294
CLUBS NINE CLUBS EIGHT,0.3086,0.0352,0.6562
DIAMONDS ACE DIAMONDS NINE,0.3334,0.0056,0.661
HEARTS FOUR DIAMONDS NINE,0.263,0.1032,0.6338
HEARTS FIVE DIAMONDS NINE,0.3488,0.0406,0.6106
CLUBS TWO HEARTS ACE,0.2434,0.0206,0.736
DIAMONDS QUEEN DIAMONDS NINE,0.3272,0.012,0.6608
HEARTS TWO DIAMONDS NINE,0.2634,0.1064,0.6302
CLUBS TWO HEARTS KING,0.2658,0.0284,0.7058
DIAMONDS KING DIAMONDS NINE,0.3144,0.0096,0.676
HEARTS THREE DIAMONDS NINE,0.3696,0.0458,0.5846
CLUBS TWO HEARTS QUEEN,0.253,0.0402,0.7068
DIAMONDS NINE DIAMONDS JACK,0.3116,0.0194,0.669
CLUBS EIGHT SPADES NINE,0.3198,0.0438,0.6364
DIAMONDS NINE DIAMONDS TEN,0.3076,0.0256,0.6668
CLUBS EIGHT SPADES EIGHT,0.137,0.1018,0.7612
CLUBS EIGHT SPADES SEVEN,0.3074,0.0624,0.6302
CLUBS EIGHT SPADES SIX,0.3206,0.0614,0.618
CLUBS EIGHT SPADES FIVE,0.3292,0.0706,0.6002
CLUBS EIGHT SPADES FOUR,0.2368,0.1574,0.6058
CLUBS EIGHT SPADES THREE,0.3672,0.0704,0.5624
HEARTS SIX DIAMONDS TEN,0.3338,0.0304,0.6358
DIAMONDS TEN HEARTS SEVEN,0.3438,0.0314,0.6248
DIAMONDS TEN HEARTS EIGHT,0.3368,0.026,0.6372
DIAMONDS TEN HEARTS NINE,0.344,0.0236,0.6324
CLUBS TWO DIAMONDS TEN,0.2684,0.077,0.6546
CLUBS THREE DIAMONDS TEN,0.3768,0.0308,0.5924
DIAMONDS JACK DIAMONDS TEN,0.3174,0.0158,0.6668
DIAMONDS QUEEN DIAMONDS TEN,0.3264,0.0126,0.661
HEARTS TWO DIAMONDS TEN,0.2654,0.0804,0.6542
DIAMONDS KING DIAMONDS TEN,0.32,0.0082,0.6718
HEARTS THREE DIAMONDS TEN,0.3754,0.0318,0.5928
DIAMONDS ACE DIAMONDS TEN,0.3252,0.0048,0.67
HEARTS FOUR DIAMONDS TEN,0.2516,0.0874,0.661
CLUBS EIGHT HEARTS JACK,0.3498,0.0198,0.6304
HEARTS FIVE DIAMONDS TEN,0.3524,0.034,0.6136
CLUBS EIGHT HEARTS TEN,0.3394,0.0278,0.6328
CLUBS EIGHT HEARTS QUEEN,0.3402,0.0146,0.6452
CLUBS EIGHT HEARTS KING,0.339,0.0072,0.6538
CLUBS EIGHT HEARTS ACE,0.3354,0.0046,0.66
CLUBS NINE SPADES THREE,0.3624,0.0458,0.5918
CLUBS NINE SPADES FIVE,0.325,0.051,0.624
CLUBS NINE SPADES FOUR,0.2432,0.1066,0.6502
CLUBS NINE SPADES SEVEN,0.3056,0.0412,0.6532
CLUBS NINE SPADES SIX,0.3196,0.0458,0.6346
CLUBS NINE SPADES NINE,0.1348,0.0848,0.7804
CLUBS TEN HEARTS EIGHT,0.3404,0.0278,0.6318
CLUBS NINE SPADES EIGHT,0.314,0.0396,0.6464
CLUBS JACK HEARTS EIGHT,0.3486,0.0188,0.6326
CLUBS QUEEN HEARTS EIGHT,0.3366,0.0132,0.6502
CLUBS KING HEARTS EIGHT,0.3466,0.0078,0.6456
CLUBS ACE HEARTS EIGHT,0.3384,0.0078,0.6538
SPADES KING CLUBS KING,0.137,0.0208,0.8422
SPADES QUEEN CLUBS KING,0.3392,0.0088,0.652
SPADES ACE CLUBS KING,0.3222,0.0052,0.6726
DIAMONDS ACE HEARTS TEN,0.3472,0.0048,0.648
HEARTS FOUR HEARTS TEN,0.2364,0.0882,0.6754
DIAMONDS ACE HEARTS JACK,0.3538,0.0038,0.6424
HEARTS FOUR HEARTS JACK,0.2372,0.06,0.7028
SPADES KING CLUBS FIVE,0.3306,0.0092,0.6602
SPADES QUEEN CLUBS FIVE,0.3248,0.0146,0.6606
SPADES ACE CLUBS FIVE,0.3218,0.0074,0.6708
DIAMONDS JACK HEARTS SEVEN,0.3442,0.0178,0.638
HEARTS SIX DIAMONDS JACK,0.35,0.0252,0.6248
DIAMONDS JACK HEARTS NINE,0.3354,0.0166,0.648
DIAMONDS JACK HEARTS EIGHT,0.3558,0.0174,0.6268
DIAMONDS KING DIAMONDS JACK,0.3198,0.0098,0.6704
HEARTS THREE DIAMONDS JACK,0.3782,0.0202,0.6016
SPADES ACE SPADES SIX,0.3302,0.008,0.6618
HEARTS ACE SPADES FOUR,0.229,0.0254,0.7456
DIAMONDS QUEEN DIAMONDS JACK,0.3098,0.0112,0.679
HEARTS TWO DIAMONDS JACK,0.274,0.051,0.675
HEARTS FIVE DIAMONDS JACK,0.358,0.02,0.622
SPADES QUEEN SPADES SIX,0.3256,0.0112,0.6632
SPADES FOUR HEARTS QUEEN,0.2392,0.0444,0.7164
DIAMONDS ACE DIAMONDS JACK,0.327,0.0052,0.6678
HEARTS FOUR DIAMONDS JACK,0.256,0.0588,0.6852
SPADES KING SPADES SIX,0.3302,0.0088,0.661
HEARTS KING SPADES FOUR,0.2428,0.0472,0.71
SPADES TEN SPADES SIX,0.334,0.0296,0.6364
SPADES JACK SPADES SIX,0.3268,0.0224,0.6508
SPADES FOUR DIAMONDS JACK,0.2482,0.0682,0.6836
SPADES FIVE DIAMONDS JACK,0.3444,0.0206,0.635
DIAMONDS JACK SPADES THREE,0.3692,0.024,0.6068
SPADES ACE DIAMONDS THREE,0.3512,0.007,0.6418
SPADES QUEEN DIAMONDS THREE,0.3646,0.0166,0.6188
CLUBS EIGHT DIAMONDS JACK,0.3448,0.018,0.6372
SPADES KING DIAMONDS THREE,0.3656,0.0078,0.6266
CLUBS NINE DIAMONDS JACK,0.3408,0.0212,0.638
CLUBS SIX DIAMONDS JACK,0.3526,0.0186,0.6288
CLUBS SEVEN DIAMONDS JACK,0.3386,0.0202,0.6412
CLUBS FIVE DIAMONDS JACK,0.3346,0.02,0.6454
CLUBS TWO DIAMONDS JACK,0.276,0.0482,0.6758
CLUBS THREE DIAMONDS JACK,0.3684,0.0228,0.6088
SPADES TEN CLUBS FIVE,0.327,0.0298,0.6432
HEARTS SIX SPADES JACK,0.3432,0.0204,0.6364
HEARTS SIX SPADES TEN,0.3296,0.0296,0.6408
SPADES JACK CLUBS FIVE,0.3202,0.0254,0.6544
SPADES JACK DIAMONDS THREE,0.3644,0.0204,0.6152
CLUBS SEVEN CLUBS ACE,0.3218,0.008,0.6702
DIAMONDS THREE SPADES TEN,0.3608,0.033,0.6062
CLUBS SEVEN CLUBS QUEEN,0.333,0.0128,0.6542
CLUBS SEVEN CLUBS KING,0.3178,0.0078,0.6744
SPADES NINE DIAMONDS JACK,0.3296,0.015,0.6554
CLUBS TEN CLUBS SEVEN,0.324,0.0302,0.6458
DIAMONDS ACE HEARTS ACE,0.136,0.0034,0.8606
HEARTS FOUR HEARTS ACE,0.2248,0.0202,0.755
SPADES EIGHT DIAMONDS JACK,0.3236,0.0224,0.654
SPADES ACE HEARTS SIX,0.3332,0.0068,0.66
CLUBS SEVEN CLUBS JACK,0.3312,0.0182,0.6506
DIAMONDS ACE HEARTS KING,0.3438,0.0052,0.651
HEARTS FOUR HEARTS KING,0.243,0.031,0.726
SPADES SEVEN DIAMONDS JACK,0.3436,0.018,0.6384
SPADES KING HEARTS SIX,0.3482,0.01,0.6418
DIAMONDS ACE HEARTS QUEEN,0.3532,0.0074,0.6394
HEARTS FOUR HEARTS QUEEN,0.2392,0.047,0.7138
SPADES QUEEN HEARTS SIX,0.3534,0.0144,0.6322
SPADES SIX DIAMONDS JACK,0.352,0.0182,0.6298
SPADES THREE DIAMONDS TEN,0.3848,0.0278,0.5874
SPADES FOUR DIAMONDS TEN,0.2342,0.082,0.6838
SPADES FIVE DIAMONDS TEN,0.3464,0.027,0.6266
SPADES SIX DIAMONDS TEN,0.3528,0.0234,0.6238
SPADES SEVEN DIAMONDS TEN,0.337,0.0306,0.6324
SPADES EIGHT DIAMONDS TEN,0.3466,0.0272,0.6262
SPADES NINE DIAMONDS TEN,0.3284,0.025,0.6466
CLUBS FIVE DIAMONDS TEN,0.3416,0.0312,0.6272
CLUBS SIX DIAMONDS TEN,0.3322,0.0352,0.6326
CLUBS SEVEN DIAMONDS TEN,0.334,0.0286,0.6374
CLUBS EIGHT DIAMONDS TEN,0.3382,0.0296,0.6322
CLUBS NINE DIAMONDS TEN,0.3342,0.0244,0.6414
DIAMONDS THREE CLUBS JACK,0.3726,0.0234,0.604
CLUBS TEN DIAMONDS THREE,0.3744,0.0308,0.5948
DIAMONDS THREE CLUBS KING,0.371,0.0096,0.6194
DIAMONDS THREE CLUBS QUEEN,0.365,0.0152,0.6198
DIAMONDS THREE CLUBS ACE,0.3584,0.0058,0.6358
SPADES FOUR HEARTS JACK,0.2526,0.0658,0.6816
SPADES FOUR HEARTS TEN,0.2546,0.0838,0.6616
DIAMONDS QUEEN CLUBS THREE,0.3814,0.0166,0.602
HEARTS TWO CLUBS THREE,0.2816,0.5066,0.2118
DIAMONDS QUEEN CLUBS TWO,0.2552,0.0432,0.7016
CLUBS TWO HEARTS TWO,0.2334,0.1344,0.6322
DIAMONDS QUEEN HEARTS SEVEN,0.3398,0.0132,0.647
HEARTS TWO HEARTS SEVEN,0.244,0.1976,0.5584
HEARTS SIX DIAMONDS QUEEN,0.3488,0.0146,0.6366
HEARTS SIX HEARTS TWO,0.24,0.2596,0.5004
DIAMONDS QUEEN HEARTS NINE,0.348,0.0146,0.6374
HEARTS TWO HEARTS NINE,0.2514,0.1022,0.6464
DIAMONDS QUEEN HEARTS EIGHT,0.3484,0.013,0.6386
HEARTS TWO HEARTS EIGHT,0.2448,0.1344,0.6208
CLUBS NINE HEARTS TWO,0.2592,0.1042,0.6366
CLUBS NINE DIAMONDS QUEEN,0.3416,0.0128,0.6456
CLUBS EIGHT HEARTS TWO,0.2578,0.1522,0.59
CLUBS EIGHT DIAMONDS QUEEN,0.3254,0.0126,0.662
CLUBS FIVE DIAMONDS QUEEN,0.341,0.014,0.645
CLUBS FIVE HEARTS TWO,0.2236,0.3714,0.405
SPADES EIGHT HEARTS ACE,0.3432,0.0054,0.6514
CLUBS SEVEN DIAMONDS QUEEN,0.3406,0.012,0.6474
CLUBS SEVEN HEARTS TWO,0.265,0.207,0.528
SPADES EIGHT HEARTS QUEEN,0.3404,0.0122,0.6474
CLUBS SIX DIAMONDS QUEEN,0.3492,0.0136,0.6372
CLUBS SIX HEARTS TWO,0.2424,0.259,0.4986
SPADES EIGHT HEARTS KING,0.3488,0.009,0.6422
HEARTS TWO SPADES SIX,0.246,0.2746,0.4794
DIAMONDS QUEEN SPADES SIX,0.338,0.0138,0.6482
HEARTS FOUR CLUBS QUEEN,0.2506,0.0502,0.6992
DIAMONDS ACE CLUBS QUEEN,0.3264,0.0064,0.6672
DIAMONDS QUEEN SPADES SEVEN,0.3486,0.0136,0.6378
HEARTS TWO SPADES SEVEN,0.248,0.189,0.563
HEARTS FOUR CLUBS KING,0.2434,0.0372,0.7194
DIAMONDS ACE CLUBS KING,0.3466,0.0062,0.6472
DIAMONDS QUEEN SPADES EIGHT,0.3506,0.0132,0.6362
SPADES EIGHT HEARTS TWO,0.2652,0.135,0.5998
HEARTS FOUR CLUBS ACE,0.2196,0.0244,0.756
DIAMONDS ACE CLUBS ACE,0.1264,0.0056,0.868
SPADES NINE DIAMONDS QUEEN,0.3332,0.0132,0.6536
SPADES NINE HEARTS TWO,0.2554,0.1086,0.636
HEARTS TWO SPADES THREE,0.2606,0.522,0.2174
DIAMONDS QUEEN SPADES THREE,0.3674,0.0164,0.6162
HEARTS TWO SPADES FOUR,0.0094,0.9718,0.0188
DIAMONDS QUEEN SPADES FOUR,0.2434,0.0478,0.7088
HEARTS FOUR CLUBS TEN,0.2392,0.088,0.6728
CLUBS TEN DIAMONDS ACE,0.334,0.004,0.662
HEARTS TWO SPADES FIVE,0.2206,0.375,0.4044
DIAMONDS QUEEN SPADES FIVE,0.3458,0.0138,0.6404
HEARTS FOUR CLUBS JACK,0.2444,0.071,0.6846
DIAMONDS ACE CLUBS JACK,0.3412,0.0036,0.6552
CLUBS FIVE CLUBS KING,0.3126,0.0122,0.6752
CLUBS FIVE CLUBS QUEEN,0.3272,0.0174,0.6554
CLUBS FIVE CLUBS ACE,0.2984,0.0086,0.693
CLUBS FIVE CLUBS JACK,0.3378,0.021,0.6412
CLUBS TEN CLUBS FIVE,0.328,0.0276,0.6444
SPADES KING CLUBS JACK,0.3408,0.008,0.6512
SPADES QUEEN CLUBS JACK,0.3306,0.0108,0.6586
SPADES ACE CLUBS JACK,0.326,0.0074,0.6666
SPADES SIX CLUBS KING,0.3466,0.0086,0.6448
SPADES SIX CLUBS QUEEN,0.342,0.0136,0.6444
SPADES EIGHT HEARTS JACK,0.334,0.0172,0.6488
SPADES SIX CLUBS ACE,0.3378,0.006,0.6562
SPADES EIGHT HEARTS TEN,0.3312,0.0268,0.642
SPADES SIX CLUBS JACK,0.3428,0.0216,0.6356
CLUBS TEN SPADES SIX,0.3338,0.0336,0.6326
SPADES TEN CLUBS JACK,0.3308,0.0188,0.6504
SPADES JACK CLUBS JACK,0.1362,0.0522,0.8116
SPADES QUEEN CLUBS SEVEN,0.3448,0.0128,0.6424
SPADES KING CLUBS SEVEN,0.3322,0.0074,0.6604
SPADES ACE CLUBS SEVEN,0.3234,0.0058,0.6708
SPADES SIX HEARTS TEN,0.3436,0.0274,0.629
SPADES SIX HEARTS JACK,0.3374,0.0228,0.6398
SPADES SIX HEARTS ACE,0.3386,0.005,0.6564
SPADES SIX HEARTS KING,0.3362,0.0102,0.6536
SPADES SIX HEARTS QUEEN,0.3398,0.0152,0.645
CLUBS SEVEN SPADES JACK,0.3372,0.0194,0.6434
CLUBS SEVEN SPADES TEN,0.3454,0.0314,0.6232
CLUBS TEN HEARTS SIX,0.3426,0.03,0.6274
HEARTS SIX CLUBS JACK,0.3474,0.0206,0.632
CLUBS ACE CLUBS JACK,0.3276,0.0068,0.6656
HEARTS SIX CLUBS QUEEN,0.328,0.0158,0.6562
HEARTS SIX CLUBS KING,0.338,0.0064,0.6556
HEARTS SIX CLUBS ACE,0.3482,0.0056,0.6462
CLUBS QUEEN CLUBS JACK,0.3198,0.012,0.6682
CLUBS KING CLUBS JACK,0.3278,0.0098,0.6624
DIAMONDS THREE HEARTS ACE,0.3606,0.0058,0.6336
DIAMONDS THREE HEARTS QUEEN,0.3738,0.014,0.6122
DIAMONDS THREE HEARTS KING,0.365,0.0102,0.6248
CLUBS FIVE HEARTS JACK,0.341,0.0236,0.6354
SPADES TEN DIAMONDS ACE,0.3386,0.004,0.6574
HEARTS FOUR SPADES TEN,0.2612,0.0916,0.6472
CLUBS FIVE HEARTS TEN,0.3422,0.0288,0.629
HEARTS FOUR SPADES JACK,0.252,0.0608,0.6872
SPADES JACK DIAMONDS ACE,0.337,0.0068,0.6562
SPADES ACE HEARTS FOUR,0.2236,0.0234,0.753
SPADES ACE DIAMONDS ACE,0.1338,0.006,0.8602
CLUBS FIVE HEARTS ACE,0.3152,0.0072,0.6776
CLUBS FIVE HEARTS KING,0.3256,0.008,0.6664
HEARTS FOUR SPADES QUEEN,0.245,0.0472,0.7078
SPADES QUEEN DIAMONDS ACE,0.3446,0.0042,0.6512
SPADES FOUR CLUBS JACK,0.245,0.061,0.694
CLUBS FIVE HEARTS QUEEN,0.3466,0.0156,0.6378
SPADES KING DIAMONDS ACE,0.3432,0.0048,0.652
HEARTS FOUR SPADES KING,0.2454,0.0306,0.724
CLUBS TEN SPADES FOUR,0.2446,0.0786,0.6768
DIAMONDS QUEEN DIAMONDS ACE,0.3206,0.0066,0.6728
HEARTS TWO DIAMONDS ACE,0.2412,0.0138,0.745
HEARTS FOUR DIAMONDS QUEEN,0.2462,0.0458,0.708
HEARTS FOUR HEARTS TWO,0.0236,0.9044,0.072
DIAMONDS THREE HEARTS TEN,0.3682,0.0322,0.5996
SPADES FOUR CLUBS KING,0.2278,0.0396,0.7326
HEARTS FIVE DIAMONDS QUEEN,0.3506,0.012,0.6374
HEARTS FIVE HEARTS TWO,0.2106,0.3624,0.427
DIAMONDS THREE HEARTS JACK,0.3742,0.0256,0.6002
SPADES FOUR CLUBS QUEEN,0.2516,0.0478,0.7006
DIAMONDS QUEEN HEARTS TWO,0.2732,0.0428,0.684
DIAMONDS KING DIAMONDS QUEEN,0.3238,0.0074,0.6688
DIAMONDS KING HEARTS TWO,0.2604,0.0246,0.715
HEARTS THREE DIAMONDS QUEEN,0.377,0.0116,0.6114
HEARTS THREE HEARTS TWO,0.2498,0.4816,0.2686
SPADES FOUR CLUBS ACE,0.2144,0.022,0.7636
HEARTS TWO CLUBS ACE,0.2376,0.0176,0.7448
DIAMONDS QUEEN CLUBS ACE,0.3434,0.004,0.6526
HEARTS TWO CLUBS QUEEN,0.259,0.042,0.699
DIAMONDS QUEEN CLUBS QUEEN,0.1526,0.0394,0.808
HEARTS TWO CLUBS KING,0.2594,0.028,0.7126
DIAMONDS QUEEN CLUBS KING,0.3384,0.006,0.6556
SPADES EIGHT SPADES FIVE,0.3166,0.0618,0.6216
CLUBS TEN HEARTS TWO,0.2646,0.0754,0.66
CLUBS TEN DIAMONDS QUEEN,0.3304,0.0108,0.6588
SPADES NINE SPADES FIVE,0.341,0.0398,0.6192
HEARTS TWO CLUBS JACK,0.2532,0.054,0.6928
DIAMONDS QUEEN CLUBS JACK,0.3338,0.0106,0.6556
SPADES SIX SPADES FIVE,0.2994,0.1508,0.5498
SPADES SEVEN SPADES FIVE,0.3076,0.0924,0.6
DIAMONDS FIVE CLUBS QUEEN,0.3306,0.0152,0.6542
SPADES EIGHT CLUBS ACE,0.3446,0.0062,0.6492
DIAMONDS FIVE CLUBS KING,0.3568,0.01,0.6332
SPADES EIGHT CLUBS KING,0.334,0.0074,0.6586
CLUBS ACE DIAMONDS FIVE,0.3234,0.006,0.6706
SPADES EIGHT CLUBS QUEEN,0.346,0.0132,0.6408
SPADES EIGHT CLUBS JACK,0.3308,0.0182,0.651
CLUBS TEN SPADES EIGHT,0.3294,0.0282,0.6424
CLUBS TEN DIAMONDS FIVE,0.3426,0.034,0.6234
DIAMONDS FIVE CLUBS JACK,0.345,0.0224,0.6326
HEARTS JACK DIAMONDS TEN,0.325,0.015,0.66
DIAMONDS TEN HEARTS TEN,0.1526,0.061,0.7864
SPADES ACE CLUBS NINE,0.3336,0.0062,0.6602
CLUBS NINE SPADES QUEEN,0.3206,0.016,0.6634
CLUBS NINE SPADES KING,0.331,0.0088,0.6602
HEARTS SIX HEARTS KING,0.3164,0.009,0.6746
DIAMONDS KING SPADES SEVEN,0.3328,0.0088,0.6584
HEARTS THREE SPADES SEVEN,0.3446,0.1114,0.544
SPADES KING DIAMONDS SEVEN,0.3436,0.0096,0.6468
HEARTS SIX HEARTS QUEEN,0.3158,0.0114,0.6728
SPADES QUEEN DIAMONDS SEVEN,0.3396,0.0126,0.6478
HEARTS THREE SPADES SIX,0.3332,0.1706,0.4962
DIAMONDS KING SPADES SIX,0.331,0.0096,0.6594
DIAMONDS KING SPADES NINE,0.3332,0.0098,0.657
HEARTS THREE SPADES NINE,0.357,0.0462,0.5968
HEARTS SIX HEARTS ACE,0.3158,0.0048,0.6794
DIAMONDS KING SPADES EIGHT,0.3432,0.007,0.6498
HEARTS THREE SPADES EIGHT,0.3714,0.0716,0.557
SPADES ACE DIAMONDS SEVEN,0.3316,0.006,0.6624
CLUBS NINE HEARTS THREE,0.3628,0.0506,0.5866
CLUBS NINE DIAMONDS KING,0.3344,0.0086,0.657
HEARTS THREE CLUBS EIGHT,0.3642,0.0652,0.5706
CLUBS EIGHT DIAMONDS KING,0.3304,0.0074,0.6622
HEARTS THREE SPADES THREE,0.2168,0.1634,0.6198
DIAMONDS KING SPADES THREE,0.3684,0.0102,0.6214
HEARTS THREE SPADES FIVE,0.32,0.256,0.424
DIAMONDS KING SPADES FIVE,0.3324,0.0084,0.6592
HEARTS THREE SPADES FOUR,0.2114,0.5194,0.2692
DIAMONDS KING SPADES FOUR,0.2364,0.0418,0.7218
DIAMONDS KING CLUBS TWO,0.2578,0.0292,0.713
