opposingHand,winningChance,drawChance,lostChance
CLUBS JACK HEARTS TEN
HEARTS FIVE SPADES TEN,0.7164,0.0544,0.2292
SPADES JACK HEARTS FIVE,0.6572,0.1218,0.221
CLUBS TEN SPADES FIVE,0.722,0.0542,0.2238
CLUBS TEN CLUBS EIGHT,0.6696,0.05,0.2804
CLUBS EIGHT CLUBS KING,0.4166,0.0056,0.5778
SPADES FIVE CLUBS ACE,0.4456,0.0032,0.5512
CLUBS EIGHT CLUBS QUEEN,0.4122,0.0092,0.5786
SPADES FIVE CLUBS KING,0.45,0.0074,0.5426
SPADES FIVE CLUBS QUEEN,0.4576,0.0088,0.5336
CLUBS EIGHT CLUBS ACE,0.4126,0.0052,0.5822
DIAMONDS TWO DIAMONDS THREE,0.6154,0.0148,0.3698
DIAMONDS TWO DIAMONDS FIVE,0.6056,0.0152,0.3792
SPADES KING HEARTS FIVE,0.4486,0.006,0.5454
DIAMONDS TWO DIAMONDS FOUR,0.607,0.015,0.378
SPADES QUEEN HEARTS FIVE,0.4526,0.0092,0.5382
DIAMONDS TWO DIAMONDS SEVEN,0.6196,0.0162,0.3642
DIAMONDS TWO DIAMONDS SIX,0.6284,0.017,0.3546
SPADES ACE HEARTS FIVE,0.4406,0.0048,0.5546
DIAMONDS TWO DIAMONDS NINE,0.637,0.0146,0.3484
DIAMONDS TWO DIAMONDS EIGHT,0.6508,0.0106,0.3386
DIAMONDS THREE DIAMONDS FOUR,0.5988,0.016,0.3852
CLUBS TWO SPADES FOUR,0.6484,0.0122,0.3394
DIAMONDS THREE DIAMONDS FIVE,0.589,0.0202,0.3908
SPADES FIVE CLUBS TWO,0.659,0.0182,0.3228
CLUBS TWO SPADES TWO,0.4882,0.0264,0.4854
CLUBS TWO SPADES THREE,0.6468,0.0124,0.3408
DIAMONDS THREE DIAMONDS EIGHT,0.6326,0.0146,0.3528
SPADES EIGHT CLUBS TWO,0.6976,0.0124,0.29
DIAMONDS THREE DIAMONDS NINE,0.6326,0.0172,0.3502
SPADES NINE CLUBS TWO,0.6956,0.0182,0.2862
DIAMONDS THREE DIAMONDS SIX,0.6042,0.0144,0.3814
SPADES SIX CLUBS TWO,0.6636,0.013,0.3234
DIAMONDS THREE DIAMONDS SEVEN,0.628,0.016,0.356
SPADES SEVEN CLUBS TWO,0.6892,0.014,0.2968
CLUBS SIX CLUBS TWO,0.6416,0.0158,0.3426
CLUBS SEVEN CLUBS TWO,0.6498,0.0186,0.3316
CLUBS FOUR CLUBS TWO,0.6208,0.0168,0.3624
CLUBS FIVE CLUBS TWO,0.6336,0.0138,0.3526
DIAMONDS FOUR DIAMONDS SIX,0.6062,0.0154,0.3784
CLUBS TEN CLUBS QUEEN,0.2384,0.036,0.7256
DIAMONDS FOUR DIAMONDS SEVEN,0.612,0.0124,0.3756
CLUBS TEN CLUBS KING,0.257,0.0276,0.7154
CLUBS TEN CLUBS ACE,0.2624,0.0198,0.7178
CLUBS EIGHT CLUBS TWO,0.6434,0.0146,0.342
DIAMONDS FIVE DIAMONDS FOUR,0.5862,0.0172,0.3966
CLUBS NINE CLUBS TWO,0.655,0.0148,0.3302
DIAMONDS NINE DIAMONDS FOUR,0.649,0.0156,0.3354
DIAMONDS EIGHT DIAMONDS FOUR,0.621,0.018,0.361
CLUBS THREE CLUBS TWO,0.6192,0.0148,0.366
DIAMONDS NINE DIAMONDS FIVE,0.6184,0.0134,0.3682
DIAMONDS EIGHT DIAMONDS FIVE,0.6202,0.0142,0.3656
CLUBS TEN DIAMONDS TWO,0.7174,0.0606,0.222
DIAMONDS FIVE DIAMONDS SEVEN,0.6006,0.014,0.3854
DIAMONDS FIVE DIAMONDS SIX,0.5982,0.011,0.3908
DIAMONDS TWO CLUBS ACE,0.4456,0.0032,0.5512
DIAMONDS TWO CLUBS KING,0.4526,0.0076,0.5398
DIAMONDS TWO CLUBS QUEEN,0.4386,0.0114,0.55
DIAMONDS EIGHT DIAMONDS SIX,0.6076,0.0146,0.3778
DIAMONDS NINE DIAMONDS SIX,0.6232,0.0106,0.3662
HEARTS ACE SPADES THREE,0.4398,0.0044,0.5558
SPADES THREE HEARTS KING,0.4412,0.009,0.5498
DIAMONDS SEVEN DIAMONDS SIX,0.6038,0.0122,0.384
HEARTS QUEEN SPADES THREE,0.4514,0.0122,0.5364
SPADES THREE HEARTS JACK,0.656,0.1146,0.2294
DIAMONDS EIGHT DIAMONDS SEVEN,0.5978,0.0164,0.3858
DIAMONDS NINE DIAMONDS SEVEN,0.6084,0.0152,0.3764
DIAMONDS NINE DIAMONDS EIGHT,0.6144,0.0136,0.372
SPADES JACK CLUBS SIX,0.6508,0.1316,0.2176
DIAMONDS KING HEARTS JACK,0.2618,0.0274,0.7108
HEARTS THREE HEARTS JACK,0.6206,0.1212,0.2582
SPADES TEN CLUBS SIX,0.7246,0.0552,0.2202
SPADES JACK SPADES FIVE,0.6036,0.1158,0.2806
SPADES TEN SPADES FIVE,0.657,0.0594,0.2836
DIAMONDS KING HEARTS ACE,0.3666,0.005,0.6284
HEARTS THREE HEARTS ACE,0.4188,0.005,0.5762
SPADES ACE CLUBS SIX,0.4478,0.0056,0.5466
DIAMONDS KING HEARTS QUEEN,0.355,0.0074,0.6376
HEARTS THREE HEARTS QUEEN,0.4364,0.0124,0.5512
SPADES KING CLUBS SIX,0.4586,0.006,0.5354
DIAMONDS KING HEARTS KING,0.1674,0.0086,0.824
HEARTS THREE HEARTS KING,0.4362,0.0076,0.5562
SPADES QUEEN CLUBS SIX,0.4676,0.0096,0.5228
SPADES NINE HEARTS JACK,0.6396,0.1336,0.2268
SPADES QUEEN SPADES FIVE,0.4274,0.0086,0.564
SPADES KING SPADES FIVE,0.4244,0.0066,0.569
SPADES ACE SPADES FIVE,0.4166,0.0046,0.5788
SPADES NINE HEARTS QUEEN,0.4094,0.0114,0.5792
SPADES NINE HEARTS KING,0.4128,0.0058,0.5814
SPADES NINE HEARTS ACE,0.4244,0.0036,0.572
CLUBS TEN SPADES JACK,0.0188,0.9724,0.0088
CLUBS TEN SPADES TEN,0.3344,0.0344,0.6312
SPADES ACE CLUBS TEN,0.2856,0.018,0.6964
SPADES KING CLUBS TEN,0.2758,0.0204,0.7038
CLUBS TEN SPADES QUEEN,0.2494,0.0328,0.7178
SPADES FIVE HEARTS QUEEN,0.4462,0.0094,0.5444
SPADES FIVE HEARTS KING,0.4542,0.0062,0.5396
HEARTS ACE SPADES FIVE,0.4362,0.0056,0.5582
CLUBS EIGHT SPADES TEN,0.7058,0.0528,0.2414
HEARTS THREE SPADES JACK,0.6494,0.122,0.2286
SPADES JACK DIAMONDS KING,0.2602,0.0288,0.711
SPADES TEN DIAMONDS KING,0.2714,0.0288,0.6998
HEARTS THREE SPADES TEN,0.7208,0.0532,0.226
SPADES JACK CLUBS EIGHT,0.6622,0.1186,0.2192
CLUBS SIX HEARTS ACE,0.456,0.005,0.539
SPADES ACE CLUBS EIGHT,0.4308,0.0054,0.5638
CLUBS TEN HEARTS FIVE,0.7186,0.0638,0.2176
CLUBS SIX HEARTS QUEEN,0.4432,0.0122,0.5446
SPADES QUEEN CLUBS EIGHT,0.4518,0.0104,0.5378
CLUBS TEN SPADES THREE,0.7238,0.053,0.2232
CLUBS SIX HEARTS KING,0.4438,0.0068,0.5494
SPADES KING CLUBS EIGHT,0.4516,0.0084,0.54
DIAMONDS TWO HEARTS JACK,0.6546,0.1194,0.226
SPADES THREE CLUBS QUEEN,0.4618,0.013,0.5252
SPADES THREE CLUBS KING,0.4538,0.0072,0.539
HEARTS FIVE CLUBS ACE,0.4444,0.0034,0.5522
SPADES THREE CLUBS ACE,0.4366,0.0042,0.5592
HEARTS FIVE CLUBS KING,0.4538,0.005,0.5412
SPADES FIVE HEARTS JACK,0.6516,0.1186,0.2298
HEARTS FIVE CLUBS QUEEN,0.4512,0.008,0.5408
HEARTS THREE CLUBS KING,0.4344,0.0076,0.558
DIAMONDS KING CLUBS KING,0.1668,0.0068,0.8264
HEARTS THREE CLUBS QUEEN,0.4436,0.009,0.5474
DIAMONDS KING CLUBS QUEEN,0.3504,0.0076,0.642
HEARTS FIVE HEARTS JACK,0.6092,0.119,0.2718
HEARTS THREE CLUBS ACE,0.4472,0.0046,0.5482
DIAMONDS KING CLUBS ACE,0.3672,0.0028,0.63
SPADES ACE CLUBS QUEEN,0.3642,0.0058,0.63
SPADES KING CLUBS QUEEN,0.3552,0.0066,0.6382
SPADES QUEEN CLUBS QUEEN,0.1506,0.012,0.8374
CLUBS TEN HEARTS THREE,0.7242,0.0576,0.2182
CLUBS TEN DIAMONDS KING,0.2744,0.031,0.6946
SPADES JACK CLUBS QUEEN,0.244,0.045,0.711
CLUBS SIX CLUBS QUEEN,0.4286,0.0086,0.5628
SPADES TEN CLUBS QUEEN,0.2424,0.036,0.7216
CLUBS SIX CLUBS KING,0.4236,0.0068,0.5696
CLUBS SIX CLUBS ACE,0.434,0.005,0.561
HEARTS FIVE HEARTS KING,0.4276,0.0064,0.566
HEARTS FIVE HEARTS QUEEN,0.4354,0.0104,0.5542
CLUBS TEN CLUBS SIX,0.685,0.0584,0.2566
HEARTS FIVE HEARTS ACE,0.4254,0.0048,0.5698
SPADES SEVEN HEARTS JACK,0.6432,0.119,0.2378
DIAMONDS TWO CLUBS TWO,0.491,0.0294,0.4796
DIAMONDS TWO CLUBS THREE,0.6482,0.0152,0.3366
HEARTS SIX DIAMONDS TWO,0.6648,0.0134,0.3218
DIAMONDS TWO HEARTS QUEEN,0.4442,0.009,0.5468
DIAMONDS TWO HEARTS SEVEN,0.68,0.0122,0.3078
DIAMONDS TWO HEARTS KING,0.4506,0.009,0.5404
DIAMONDS TWO HEARTS EIGHT,0.673,0.014,0.313
DIAMONDS TWO HEARTS ACE,0.4556,0.0044,0.54
DIAMONDS TWO HEARTS NINE,0.6964,0.014,0.2896
DIAMONDS TWO DIAMONDS QUEEN,0.432,0.0086,0.5594
DIAMONDS TWO HEARTS TWO,0.4964,0.0316,0.472
DIAMONDS TWO DIAMONDS KING,0.43,0.0076,0.5624
HEARTS THREE DIAMONDS TWO,0.6626,0.0158,0.3216
DIAMONDS TWO DIAMONDS ACE,0.4234,0.0032,0.5734
HEARTS FOUR DIAMONDS TWO,0.6578,0.0166,0.3256
DIAMONDS TWO HEARTS FIVE,0.6444,0.018,0.3376
SPADES SEVEN HEARTS ACE,0.4378,0.0034,0.5588
DIAMONDS TWO DIAMONDS TEN,0.6832,0.0538,0.263
SPADES SEVEN HEARTS KING,0.4458,0.006,0.5482
DIAMONDS TWO DIAMONDS JACK,0.614,0.1178,0.2682
SPADES SEVEN HEARTS QUEEN,0.4462,0.0118,0.542
DIAMONDS TWO SPADES NINE,0.6906,0.015,0.2944
DIAMONDS TWO SPADES EIGHT,0.6892,0.0158,0.295
DIAMONDS TWO SPADES SEVEN,0.6756,0.0124,0.312
DIAMONDS TWO SPADES SIX,0.6726,0.0138,0.3136
DIAMONDS TWO SPADES FIVE,0.654,0.0166,0.3294
DIAMONDS TWO SPADES FOUR,0.6514,0.0164,0.3322
DIAMONDS TWO SPADES THREE,0.6514,0.0162,0.3324
DIAMONDS TWO SPADES TWO,0.4816,0.0276,0.4908
CLUBS NINE DIAMONDS TWO,0.682,0.0144,0.3036
DIAMONDS TWO CLUBS EIGHT,0.6818,0.0148,0.3034
CLUBS SEVEN DIAMONDS TWO,0.6902,0.0136,0.2962
DIAMONDS TWO CLUBS SIX,0.6756,0.0144,0.31
DIAMONDS TWO CLUBS FIVE,0.6364,0.0172,0.3464
DIAMONDS TWO CLUBS FOUR,0.643,0.0184,0.3386
CLUBS FOUR SPADES FIVE,0.6174,0.0182,0.3644
CLUBS FOUR SPADES FOUR,0.4862,0.0262,0.4876
CLUBS FOUR SPADES THREE,0.6384,0.0152,0.3464
CLUBS FOUR SPADES TWO,0.6506,0.0184,0.331
SPADES NINE CLUBS FOUR,0.687,0.0148,0.2982
SPADES EIGHT CLUBS FOUR,0.6846,0.0116,0.3038
SPADES SEVEN CLUBS FOUR,0.646,0.0132,0.3408
CLUBS FOUR SPADES SIX,0.6492,0.0128,0.338
SPADES ACE DIAMONDS SIX,0.4648,0.0032,0.532
SPADES QUEEN DIAMONDS SIX,0.4552,0.0082,0.5366
SPADES KING DIAMONDS SIX,0.4572,0.0054,0.5374
SPADES TEN DIAMONDS SIX,0.7246,0.0524,0.223
SPADES JACK DIAMONDS SIX,0.6382,0.1244,0.2374
SPADES QUEEN SPADES TWO,0.4284,0.011,0.5606
SPADES KING SPADES TWO,0.4284,0.0058,0.5658
SPADES ACE SPADES TWO,0.4056,0.0042,0.5902
CLUBS TEN DIAMONDS JACK,0.017,0.9718,0.0112
DIAMONDS JACK CLUBS KING,0.2586,0.026,0.7154
DIAMONDS JACK CLUBS QUEEN,0.2414,0.0384,0.7202
DIAMONDS THREE DIAMONDS JACK,0.6182,0.115,0.2668
DIAMONDS THREE DIAMONDS TEN,0.671,0.051,0.278
DIAMONDS JACK CLUBS ACE,0.2664,0.0156,0.718
DIAMONDS THREE DIAMONDS KING,0.4162,0.0078,0.576
HEARTS THREE DIAMONDS THREE,0.4788,0.0288,0.4924
DIAMONDS THREE DIAMONDS QUEEN,0.4204,0.0086,0.571
DIAMONDS THREE HEARTS TWO,0.6588,0.0164,0.3248
HEARTS FIVE DIAMONDS THREE,0.6346,0.0154,0.35
DIAMONDS THREE DIAMONDS ACE,0.409,0.003,0.588
HEARTS FOUR DIAMONDS THREE,0.624,0.0166,0.3594
DIAMONDS THREE HEARTS SEVEN,0.6618,0.0144,0.3238
SPADES TEN SPADES NINE,0.6618,0.0494,0.2888
HEARTS SIX DIAMONDS THREE,0.6534,0.012,0.3346
SPADES JACK SPADES NINE,0.6084,0.1198,0.2718
DIAMONDS THREE HEARTS NINE,0.6872,0.0142,0.2986
HEARTS JACK DIAMONDS FOUR,0.6408,0.1216,0.2376
HEARTS ACE HEARTS KING,0.351,0.0064,0.6426
SPADES TEN SPADES TWO,0.6902,0.05,0.2598
DIAMONDS THREE HEARTS EIGHT,0.696,0.0166,0.2874
SPADES JACK SPADES TWO,0.603,0.121,0.276
HEARTS QUEEN DIAMONDS FOUR,0.446,0.009,0.545
HEARTS KING DIAMONDS FOUR,0.4516,0.0056,0.5428
SPADES ACE SPADES NINE,0.406,0.0044,0.5896
HEARTS ACE DIAMONDS FOUR,0.4442,0.0038,0.552
SPADES KING SPADES NINE,0.4014,0.005,0.5936
SPADES QUEEN SPADES NINE,0.3886,0.0076,0.6038
DIAMONDS THREE SPADES NINE,0.6968,0.0118,0.2914
DIAMONDS THREE SPADES EIGHT,0.6842,0.0132,0.3026
DIAMONDS THREE SPADES SEVEN,0.659,0.0134,0.3276
DIAMONDS THREE SPADES SIX,0.645,0.013,0.342
DIAMONDS THREE CLUBS SIX,0.654,0.0156,0.3304
CLUBS FIVE CLUBS SIX,0.6294,0.0124,0.3582
CLUBS ACE DIAMONDS FOUR,0.4472,0.006,0.5468
CLUBS SEVEN DIAMONDS THREE,0.6664,0.0142,0.3194
CLUBS SEVEN CLUBS FIVE,0.6174,0.0152,0.3674
DIAMONDS THREE CLUBS FOUR,0.6288,0.0164,0.3548
DIAMONDS FOUR CLUBS QUEEN,0.4472,0.0098,0.543
DIAMONDS THREE CLUBS FIVE,0.6414,0.0154,0.3432
DIAMONDS FOUR CLUBS KING,0.4388,0.0052,0.556
DIAMONDS THREE CLUBS TWO,0.6518,0.0156,0.3326
CLUBS TEN DIAMONDS FOUR,0.7304,0.0528,0.2168
DIAMONDS THREE CLUBS THREE,0.4776,0.0286,0.4938
DIAMONDS THREE SPADES FOUR,0.6368,0.0134,0.3498
DIAMONDS THREE SPADES FIVE,0.631,0.0166,0.3524
DIAMONDS THREE SPADES TWO,0.6618,0.0138,0.3244
DIAMONDS THREE SPADES THREE,0.4652,0.0242,0.5106
CLUBS EIGHT DIAMONDS THREE,0.6824,0.0142,0.3034
CLUBS NINE DIAMONDS THREE,0.6944,0.0128,0.2928
SPADES SEVEN CLUBS ACE,0.4198,0.0046,0.5756
SPADES SEVEN CLUBS QUEEN,0.4416,0.01,0.5484
SPADES SEVEN CLUBS KING,0.445,0.0056,0.5494
CLUBS FIVE SPADES SEVEN,0.6418,0.014,0.3442
CLUBS TEN SPADES SEVEN,0.6978,0.06,0.2422
CLUBS FIVE SPADES SIX,0.6534,0.014,0.3326
CLUBS FIVE SPADES NINE,0.6636,0.015,0.3214
CLUBS FIVE SPADES EIGHT,0.657,0.0162,0.3268
CLUBS FIVE SPADES THREE,0.6458,0.0144,0.3398
CLUBS FIVE SPADES TWO,0.649,0.0164,0.3346
CLUBS FIVE SPADES FIVE,0.48,0.0248,0.4952
CLUBS FIVE SPADES FOUR,0.6292,0.014,0.3568
CLUBS NINE CLUBS FIVE,0.644,0.0166,0.3394
CLUBS EIGHT CLUBS FIVE,0.6318,0.016,0.3522
CLUBS ACE CLUBS QUEEN,0.3488,0.0056,0.6456
CLUBS KING CLUBS QUEEN,0.3356,0.0062,0.6582
DIAMONDS TEN DIAMONDS FOUR,0.6656,0.0514,0.283
CLUBS TEN DIAMONDS NINE,0.7094,0.0554,0.2352
DIAMONDS JACK DIAMONDS FOUR,0.6046,0.116,0.2794
CLUBS TEN SPADES NINE,0.71,0.053,0.237
DIAMONDS ACE DIAMONDS FOUR,0.4062,0.0026,0.5912
HEARTS FOUR DIAMONDS FOUR,0.4784,0.0272,0.4944
SPADES NINE CLUBS KING,0.425,0.0056,0.5694
DIAMONDS TWO SPADES TEN,0.7272,0.0598,0.213
DIAMONDS NINE CLUBS ACE,0.4354,0.0032,0.5614
HEARTS FIVE DIAMONDS FOUR,0.622,0.0118,0.3662
DIAMONDS JACK HEARTS JACK,0.1516,0.036,0.8124
SPADES NINE CLUBS QUEEN,0.4244,0.0114,0.5642
DIAMONDS TWO SPADES JACK,0.6578,0.1198,0.2224
DIAMONDS QUEEN DIAMONDS FOUR,0.4144,0.0058,0.5798
HEARTS TWO DIAMONDS FOUR,0.6558,0.0156,0.3286
DIAMONDS NINE CLUBS QUEEN,0.4094,0.0102,0.5804
DIAMONDS KING DIAMONDS FOUR,0.4242,0.0068,0.569
HEARTS THREE DIAMONDS FOUR,0.6412,0.0134,0.3454
SPADES NINE CLUBS ACE,0.438,0.0044,0.5576
DIAMONDS NINE CLUBS KING,0.424,0.0052,0.5708
HEARTS ACE DIAMONDS JACK,0.2612,0.0176,0.7212
SPADES ACE DIAMONDS TWO,0.4512,0.0044,0.5444
HEARTS QUEEN DIAMONDS JACK,0.2492,0.038,0.7128
SPADES QUEEN DIAMONDS TWO,0.457,0.0094,0.5336
DIAMONDS JACK HEARTS KING,0.2624,0.024,0.7136
SPADES KING DIAMONDS TWO,0.4742,0.008,0.5178
SPADES JACK SPADES SEVEN,0.6148,0.1184,0.2668
SPADES TEN SPADES SEVEN,0.6622,0.0518,0.286
CLUBS SEVEN CLUBS THREE,0.6292,0.015,0.3558
CLUBS SIX CLUBS THREE,0.6304,0.0162,0.3534
CLUBS FIVE CLUBS THREE,0.6152,0.0158,0.369
CLUBS THREE CLUBS FOUR,0.601,0.0178,0.3812
CLUBS NINE CLUBS THREE,0.6614,0.0156,0.323
CLUBS EIGHT CLUBS THREE,0.6528,0.0142,0.333
CLUBS THREE SPADES FIVE,0.6478,0.0124,0.3398
CLUBS THREE SPADES FOUR,0.636,0.0156,0.3484
CLUBS THREE SPADES THREE,0.4858,0.0268,0.4874
CLUBS THREE SPADES TWO,0.6526,0.0188,0.3286
CLUBS THREE SPADES SIX,0.6428,0.0154,0.3418
CLUBS THREE SPADES SEVEN,0.662,0.0182,0.3198
SPADES EIGHT CLUBS THREE,0.6994,0.0136,0.287
SPADES NINE CLUBS THREE,0.6974,0.0154,0.2872
SPADES TWO DIAMONDS FOUR,0.6356,0.0154,0.349
SPADES THREE DIAMONDS FOUR,0.633,0.0132,0.3538
SPADES FOUR DIAMONDS FOUR,0.4848,0.0254,0.4898
SPADES FIVE DIAMONDS FOUR,0.6198,0.0154,0.3648
SPADES SIX DIAMONDS FOUR,0.632,0.0134,0.3546
SPADES SEVEN DIAMONDS FOUR,0.656,0.015,0.329
SPADES EIGHT DIAMONDS FOUR,0.681,0.0154,0.3036
SPADES NINE DIAMONDS FOUR,0.6786,0.0148,0.3066
CLUBS FIVE DIAMONDS FOUR,0.6188,0.0166,0.3646
CLUBS FOUR DIAMONDS FOUR,0.483,0.0272,0.4898
CLUBS SEVEN DIAMONDS FOUR,0.6584,0.0162,0.3254
CLUBS SIX DIAMONDS FOUR,0.6408,0.0136,0.3456
CLUBS NINE DIAMONDS FOUR,0.6802,0.013,0.3068
CLUBS EIGHT DIAMONDS FOUR,0.666,0.0166,0.3174
DIAMONDS FOUR HEARTS SEVEN,0.642,0.0148,0.3432
HEARTS SIX DIAMONDS FOUR,0.637,0.014,0.349
HEARTS NINE DIAMONDS FOUR,0.6868,0.0148,0.2984
DIAMONDS FOUR HEARTS EIGHT,0.6702,0.0156,0.3142
CLUBS THREE DIAMONDS FOUR,0.6542,0.0182,0.3276
CLUBS TWO DIAMONDS FOUR,0.6506,0.0156,0.3338
DIAMONDS TEN DIAMONDS FIVE,0.673,0.0496,0.2774
DIAMONDS JACK DIAMONDS FIVE,0.6024,0.1204,0.2772
DIAMONDS NINE HEARTS QUEEN,0.4274,0.011,0.5616
DIAMONDS NINE HEARTS KING,0.421,0.0064,0.5726
HEARTS ACE DIAMONDS NINE,0.4186,0.0034,0.578
DIAMONDS NINE HEARTS JACK,0.6442,0.1162,0.2396
CLUBS KING DIAMONDS SIX,0.4406,0.0046,0.5548
CLUBS QUEEN DIAMONDS SIX,0.447,0.007,0.546
CLUBS ACE DIAMONDS SIX,0.453,0.004,0.543
SPADES KING DIAMONDS FOUR,0.453,0.0054,0.5416
SPADES ACE SPADES SEVEN,0.4202,0.0048,0.575
SPADES QUEEN DIAMONDS FOUR,0.451,0.0078,0.5412
SPADES QUEEN SPADES SEVEN,0.4156,0.0086,0.5758
SPADES KING SPADES SEVEN,0.4226,0.007,0.5704
SPADES ACE DIAMONDS FOUR,0.462,0.0016,0.5364
CLUBS TEN DIAMONDS SIX,0.7322,0.051,0.2168
CLUBS NINE CLUBS FOUR,0.6538,0.0166,0.3296
CLUBS EIGHT CLUBS FOUR,0.6484,0.0162,0.3354
SPADES JACK DIAMONDS FOUR,0.6534,0.1188,0.2278
SPADES TEN DIAMONDS FOUR,0.7234,0.0536,0.223
CLUBS FIVE CLUBS FOUR,0.587,0.0148,0.3982
CLUBS SEVEN CLUBS FOUR,0.6188,0.0136,0.3676
CLUBS SIX CLUBS FOUR,0.6182,0.015,0.3668
CLUBS SEVEN SPADES EIGHT,0.6302,0.015,0.3548
CLUBS SEVEN SPADES NINE,0.657,0.015,0.328
CLUBS SEVEN SPADES SIX,0.6302,0.0146,0.3552
CLUBS SEVEN SPADES SEVEN,0.4812,0.0242,0.4946
CLUBS SEVEN SPADES FIVE,0.6416,0.0156,0.3428
CLUBS SEVEN SPADES FOUR,0.6498,0.014,0.3362
CLUBS SEVEN SPADES THREE,0.6484,0.0116,0.34
CLUBS SEVEN SPADES TWO,0.692,0.0178,0.2902
CLUBS NINE CLUBS SEVEN,0.6258,0.0112,0.363
CLUBS SEVEN CLUBS EIGHT,0.5988,0.0142,0.387
HEARTS SIX DIAMONDS FIVE,0.6374,0.014,0.3486
DIAMONDS FIVE HEARTS SEVEN,0.635,0.015,0.35
DIAMONDS FIVE HEARTS EIGHT,0.657,0.0138,0.3292
HEARTS NINE DIAMONDS FIVE,0.6804,0.015,0.3046
DIAMONDS QUEEN DIAMONDS FIVE,0.4192,0.0092,0.5716
HEARTS TWO DIAMONDS FIVE,0.6526,0.0116,0.3358
HEARTS KING HEARTS EIGHT,0.4236,0.0088,0.5676
DIAMONDS KING DIAMONDS FIVE,0.432,0.0054,0.5626
HEARTS THREE DIAMONDS FIVE,0.6404,0.0142,0.3454
HEARTS QUEEN HEARTS EIGHT,0.4216,0.0088,0.5696
DIAMONDS ACE DIAMONDS FIVE,0.4166,0.0052,0.5782
HEARTS FOUR DIAMONDS FIVE,0.6268,0.0156,0.3576
HEARTS FIVE DIAMONDS FIVE,0.4702,0.0286,0.5012
HEARTS ACE HEARTS EIGHT,0.4126,0.0054,0.582
CLUBS FOUR DIAMONDS FIVE,0.6362,0.0142,0.3496
CLUBS FIVE DIAMONDS FIVE,0.4822,0.0272,0.4906
CLUBS SIX DIAMONDS FIVE,0.644,0.0142,0.3418
CLUBS SEVEN DIAMONDS FIVE,0.635,0.016,0.349
CLUBS TWO DIAMONDS FIVE,0.6582,0.0172,0.3246
CLUBS THREE DIAMONDS FIVE,0.6368,0.0124,0.3508
SPADES THREE DIAMONDS FIVE,0.6392,0.0148,0.346
SPADES TWO DIAMONDS FIVE,0.6484,0.0168,0.3348
SPADES JACK DIAMONDS EIGHT,0.6542,0.1178,0.228
SPADES FIVE DIAMONDS FIVE,0.4716,0.029,0.4994
CLUBS TEN HEARTS JACK,0.008,0.986,0.006
SPADES TEN DIAMONDS EIGHT,0.703,0.0566,0.2404
SPADES FOUR DIAMONDS FIVE,0.6218,0.0146,0.3636
HEARTS JACK CLUBS QUEEN,0.237,0.0472,0.7158
CLUBS NINE DIAMONDS FIVE,0.6794,0.0132,0.3074
HEARTS JACK CLUBS KING,0.2496,0.0306,0.7198
CLUBS EIGHT DIAMONDS FIVE,0.6552,0.0156,0.3292
CLUBS ACE HEARTS JACK,0.258,0.018,0.724
SPADES SEVEN DIAMONDS FIVE,0.6446,0.0176,0.3378
SPADES KING DIAMONDS EIGHT,0.4372,0.0062,0.5566
SPADES QUEEN DIAMONDS EIGHT,0.436,0.009,0.555
SPADES SIX DIAMONDS FIVE,0.6364,0.0148,0.3488
SPADES NINE DIAMONDS FIVE,0.6766,0.014,0.3094
SPADES EIGHT DIAMONDS FIVE,0.663,0.012,0.325
SPADES ACE DIAMONDS EIGHT,0.4492,0.0036,0.5472
DIAMONDS TEN DIAMONDS SIX,0.665,0.0506,0.2844
HEARTS ACE DIAMONDS SEVEN,0.4328,0.005,0.5622
DIAMONDS JACK DIAMONDS SIX,0.599,0.1202,0.2808
HEARTS QUEEN DIAMONDS SEVEN,0.4462,0.0086,0.5452
HEARTS KING DIAMONDS SEVEN,0.4396,0.005,0.5554
DIAMONDS ACE DIAMONDS SIX,0.4202,0.0036,0.5762
HEARTS FOUR DIAMONDS SIX,0.6386,0.0166,0.3448
SPADES TWO HEARTS JACK,0.6558,0.1218,0.2224
HEARTS FIVE DIAMONDS SIX,0.6364,0.0154,0.3482
DIAMONDS QUEEN DIAMONDS SIX,0.42,0.0104,0.5696
HEARTS TWO DIAMONDS SIX,0.6584,0.0132,0.3284
DIAMONDS KING DIAMONDS SIX,0.416,0.0062,0.5778
HEARTS THREE DIAMONDS SIX,0.6626,0.015,0.3224
HEARTS EIGHT DIAMONDS SIX,0.6586,0.0156,0.3258
HEARTS NINE DIAMONDS SIX,0.6696,0.013,0.3174
HEARTS SIX DIAMONDS SIX,0.477,0.0268,0.4962
HEARTS SEVEN DIAMONDS SIX,0.6324,0.0142,0.3534
CLUBS TWO DIAMONDS SIX,0.671,0.0144,0.3146
HEARTS JACK DIAMONDS SEVEN,0.6584,0.1146,0.227
CLUBS THREE DIAMONDS SIX,0.6654,0.016,0.3186
CLUBS SEVEN DIAMONDS SIX,0.6492,0.0136,0.3372
CLUBS SIX DIAMONDS SIX,0.4796,0.0292,0.4912
CLUBS TEN DIAMONDS EIGHT,0.7008,0.0512,0.248
CLUBS FIVE DIAMONDS SIX,0.64,0.0142,0.3458
CLUBS FOUR DIAMONDS SIX,0.6432,0.0158,0.341
HEARTS ACE HEARTS JACK,0.255,0.018,0.727
DIAMONDS EIGHT CLUBS ACE,0.4298,0.0038,0.5664
HEARTS QUEEN HEARTS JACK,0.2364,0.0352,0.7284
DIAMONDS EIGHT CLUBS KING,0.4344,0.0066,0.559
CLUBS NINE DIAMONDS SIX,0.6686,0.0132,0.3182
HEARTS KING HEARTS JACK,0.2474,0.0294,0.7232
DIAMONDS EIGHT CLUBS QUEEN,0.4246,0.0106,0.5648
CLUBS EIGHT DIAMONDS SIX,0.6404,0.0136,0.346
SPADES TEN HEARTS KING,0.2698,0.0264,0.7038
SPADES FIVE DIAMONDS SIX,0.638,0.0126,0.3494
HEARTS ACE SPADES TWO,0.4454,0.0048,0.5498
SPADES JACK HEARTS KING,0.2482,0.0324,0.7194
SPADES FOUR DIAMONDS SIX,0.6332,0.0148,0.352
SPADES THREE DIAMONDS SIX,0.649,0.0136,0.3374
HEARTS QUEEN SPADES TWO,0.4422,0.0106,0.5472
SPADES ACE SPADES KING,0.3508,0.0038,0.6454
HEARTS KING SPADES TWO,0.453,0.0084,0.5386
SPADES TWO DIAMONDS SIX,0.6636,0.014,0.3224
SPADES NINE DIAMONDS SIX,0.6586,0.012,0.3294
HEARTS JACK HEARTS EIGHT,0.6274,0.111,0.2616
SPADES EIGHT DIAMONDS SIX,0.6492,0.012,0.3388
SPADES SEVEN DIAMONDS SIX,0.6396,0.0152,0.3452
SPADES SIX DIAMONDS SIX,0.4826,0.0246,0.4928
SPADES KING HEARTS KING,0.1684,0.008,0.8236
SPADES QUEEN HEARTS KING,0.357,0.0066,0.6364
CLUBS ACE CLUBS KING,0.3362,0.0054,0.6584
SPADES ACE HEARTS KING,0.3694,0.004,0.6266
SPADES ACE HEARTS JACK,0.281,0.0204,0.6986
SPADES QUEEN HEARTS JACK,0.242,0.0486,0.7094
SPADES KING HEARTS JACK,0.2632,0.0286,0.7082
SPADES TEN DIAMONDS TEN,0.3274,0.028,0.6446
SPADES JACK DIAMONDS TEN,0.018,0.9616,0.0204
SPADES ACE DIAMONDS TEN,0.2812,0.017,0.7018
SPADES JACK HEARTS JACK,0.144,0.0272,0.8288
SPADES TEN HEARTS JACK,0.0116,0.9688,0.0196
SPADES QUEEN DIAMONDS TEN,0.2514,0.0388,0.7098
SPADES KING DIAMONDS TEN,0.2706,0.0286,0.7008
SPADES NINE DIAMONDS SEVEN,0.6382,0.0148,0.347
SPADES EIGHT DIAMONDS SEVEN,0.6272,0.0144,0.3584
SPADES SEVEN DIAMONDS SEVEN,0.4688,0.0206,0.5106
SPADES SIX DIAMONDS SEVEN,0.6496,0.0152,0.3352
DIAMONDS KING DIAMONDS SEVEN,0.4106,0.0072,0.5822
HEARTS THREE DIAMONDS SEVEN,0.6706,0.0168,0.3126
HEARTS KING DIAMONDS FIVE,0.4468,0.0054,0.5478
DIAMONDS QUEEN DIAMONDS SEVEN,0.4106,0.0074,0.582
HEARTS TWO DIAMONDS SEVEN,0.6762,0.017,0.3068
HEARTS QUEEN DIAMONDS FIVE,0.4456,0.009,0.5454
HEARTS FIVE DIAMONDS SEVEN,0.641,0.015,0.344
DIAMONDS ACE DIAMONDS SEVEN,0.4068,0.004,0.5892
HEARTS FOUR DIAMONDS SEVEN,0.6618,0.0124,0.3258
HEARTS ACE DIAMONDS FIVE,0.4358,0.0052,0.559
HEARTS SEVEN DIAMONDS SEVEN,0.4594,0.0306,0.51
HEARTS SIX DIAMONDS SEVEN,0.6398,0.0138,0.3464
HEARTS NINE DIAMONDS SEVEN,0.6628,0.0118,0.3254
DIAMONDS SEVEN HEARTS EIGHT,0.6386,0.0094,0.352
DIAMONDS JACK DIAMONDS SEVEN,0.6058,0.1114,0.2828
DIAMONDS FIVE HEARTS JACK,0.6498,0.12,0.2302
DIAMONDS TEN DIAMONDS SEVEN,0.6604,0.0544,0.2852
SPADES KING CLUBS TWO,0.4534,0.0062,0.5404
HEARTS KING CLUBS KING,0.156,0.0098,0.8342
CLUBS EIGHT DIAMONDS SEVEN,0.6434,0.0148,0.3418
SPADES QUEEN CLUBS TWO,0.4672,0.0118,0.521
HEARTS KING CLUBS QUEEN,0.3578,0.0092,0.633
CLUBS NINE DIAMONDS SEVEN,0.6624,0.0148,0.3228
SPADES ACE CLUBS TWO,0.4546,0.005,0.5404
CLUBS TEN SPADES TWO,0.7348,0.0548,0.2104
HEARTS KING CLUBS ACE,0.373,0.004,0.623
CLUBS SEVEN CLUBS SIX,0.6066,0.0146,0.3788
SPADES TWO CLUBS KING,0.4542,0.0078,0.538
SPADES TWO DIAMONDS SEVEN,0.6826,0.0106,0.3068
CLUBS EIGHT CLUBS SIX,0.6218,0.0142,0.364
SPADES THREE DIAMONDS SEVEN,0.6684,0.0128,0.3188
SPADES TWO CLUBS QUEEN,0.4674,0.0102,0.5224
CLUBS NINE CLUBS SIX,0.6276,0.0184,0.354
SPADES FOUR DIAMONDS SEVEN,0.6516,0.0144,0.334
SPADES FIVE DIAMONDS SEVEN,0.6378,0.0158,0.3464
SPADES TWO CLUBS ACE,0.4518,0.0046,0.5436
CLUBS TEN HEARTS KING,0.2704,0.0282,0.7014
CLUBS SIX SPADES TWO,0.6736,0.017,0.3094
CLUBS SIX SPADES THREE,0.6556,0.0156,0.3288
CLUBS TWO DIAMONDS SEVEN,0.691,0.0128,0.2962
CLUBS SIX SPADES FOUR,0.6504,0.0142,0.3354
CLUBS THREE DIAMONDS SEVEN,0.6668,0.0138,0.3194
CLUBS SIX SPADES FIVE,0.645,0.0126,0.3424
CLUBS FOUR DIAMONDS SEVEN,0.6512,0.0132,0.3356
CLUBS SIX SPADES SIX,0.4822,0.025,0.4928
CLUBS FIVE DIAMONDS SEVEN,0.6402,0.0132,0.3466
CLUBS SIX SPADES SEVEN,0.634,0.0156,0.3504
CLUBS SIX DIAMONDS SEVEN,0.6392,0.0158,0.345
CLUBS SIX SPADES EIGHT,0.6418,0.0164,0.3418
SPADES JACK CLUBS TWO,0.659,0.121,0.22
CLUBS SEVEN DIAMONDS SEVEN,0.4704,0.0222,0.5074
SPADES NINE CLUBS SIX,0.6744,0.012,0.3136
SPADES TEN CLUBS TWO,0.7214,0.0564,0.2222
CLUBS TWO CLUBS QUEEN,0.4214,0.0074,0.5712
CLUBS TWO CLUBS KING,0.4258,0.0074,0.5668
CLUBS THREE DIAMONDS EIGHT,0.68,0.0184,0.3016
CLUBS TWO CLUBS ACE,0.426,0.0064,0.5676
CLUBS TWO DIAMONDS EIGHT,0.6872,0.0118,0.301
DIAMONDS EIGHT HEARTS SEVEN,0.6276,0.0138,0.3586
HEARTS SIX DIAMONDS EIGHT,0.6526,0.0132,0.3342
DIAMONDS EIGHT HEARTS NINE,0.656,0.0138,0.3302
CLUBS TEN CLUBS TWO,0.6926,0.0556,0.2518
DIAMONDS EIGHT HEARTS EIGHT,0.4468,0.0254,0.5278
CLUBS NINE DIAMONDS EIGHT,0.6526,0.0128,0.3346
CLUBS EIGHT DIAMONDS EIGHT,0.4404,0.022,0.5376
CLUBS FIVE DIAMONDS EIGHT,0.6708,0.0122,0.317
SPADES ACE SPADES THREE,0.4094,0.004,0.5866
CLUBS FOUR DIAMONDS EIGHT,0.6596,0.0146,0.3258
CLUBS SEVEN DIAMONDS EIGHT,0.6442,0.014,0.3418
SPADES QUEEN SPADES THREE,0.4244,0.0086,0.567
CLUBS SIX DIAMONDS EIGHT,0.6488,0.0154,0.3358
SPADES KING SPADES THREE,0.431,0.0078,0.5612
DIAMONDS QUEEN DIAMONDS EIGHT,0.4122,0.0066,0.5812
HEARTS TWO DIAMONDS EIGHT,0.6804,0.0158,0.3038
DIAMONDS KING DIAMONDS EIGHT,0.4236,0.0046,0.5718
HEARTS THREE DIAMONDS EIGHT,0.6784,0.0158,0.3058
DIAMONDS ACE DIAMONDS EIGHT,0.3946,0.0038,0.6016
HEARTS FOUR DIAMONDS EIGHT,0.6678,0.0182,0.314
HEARTS FIVE DIAMONDS EIGHT,0.6548,0.0132,0.332
DIAMONDS EIGHT DIAMONDS TEN,0.6486,0.0546,0.2968
DIAMONDS EIGHT DIAMONDS JACK,0.6142,0.104,0.2818
SPADES JACK SPADES THREE,0.6118,0.1094,0.2788
SPADES TEN SPADES THREE,0.683,0.0572,0.2598
CLUBS FOUR HEARTS ACE,0.4408,0.0058,0.5534
CLUBS FOUR HEARTS QUEEN,0.4652,0.0112,0.5236
CLUBS FOUR HEARTS KING,0.4612,0.008,0.5308
CLUBS SIX HEARTS JACK,0.6648,0.1174,0.2178
DIAMONDS EIGHT SPADES FOUR,0.6706,0.0132,0.3162
SPADES FIVE DIAMONDS EIGHT,0.6542,0.015,0.3308
DIAMONDS EIGHT SPADES TWO,0.6862,0.0152,0.2986
DIAMONDS EIGHT SPADES THREE,0.677,0.0148,0.3082
CLUBS FOUR HEARTS JACK,0.6612,0.1184,0.2204
SPADES EIGHT DIAMONDS EIGHT,0.4552,0.0228,0.522
SPADES TEN DIAMONDS QUEEN,0.2512,0.0382,0.7106
SPADES TEN HEARTS TWO,0.726,0.0538,0.2202
SPADES JACK HEARTS EIGHT,0.674,0.1158,0.2102
SPADES NINE DIAMONDS EIGHT,0.6452,0.014,0.3408
SPADES TEN HEARTS EIGHT,0.6948,0.0518,0.2534
SPADES JACK HEARTS TWO,0.6624,0.1216,0.216
SPADES JACK DIAMONDS QUEEN,0.2508,0.039,0.7102
SPADES SIX DIAMONDS EIGHT,0.6404,0.0126,0.347
SPADES SEVEN DIAMONDS EIGHT,0.6326,0.016,0.3514
SPADES ACE HEARTS TWO,0.4488,0.005,0.5462
SPADES ACE DIAMONDS QUEEN,0.3684,0.0024,0.6292
SPADES ACE HEARTS EIGHT,0.4452,0.0036,0.5512
SPADES KING HEARTS EIGHT,0.4404,0.0082,0.5514
SPADES QUEEN HEARTS TWO,0.4422,0.0082,0.5496
SPADES QUEEN DIAMONDS QUEEN,0.1644,0.0106,0.825
SPADES KING DIAMONDS QUEEN,0.3544,0.0044,0.6412
SPADES KING HEARTS TWO,0.4632,0.0044,0.5324
SPADES QUEEN HEARTS EIGHT,0.4298,0.0096,0.5606
CLUBS TWO HEARTS JACK,0.6646,0.1208,0.2146
SPADES SEVEN DIAMONDS NINE,0.6584,0.014,0.3276
SPADES SIX DIAMONDS NINE,0.6736,0.0084,0.318
SPADES NINE DIAMONDS NINE,0.4412,0.0188,0.54
SPADES EIGHT DIAMONDS NINE,0.642,0.0136,0.3444
SPADES TEN CLUBS KING,0.2564,0.0288,0.7148
DIAMONDS NINE SPADES THREE,0.6796,0.014,0.3064
SPADES JACK CLUBS KING,0.266,0.0302,0.7038
DIAMONDS NINE SPADES TWO,0.6874,0.0148,0.2978
DIAMONDS NINE SPADES FIVE,0.6782,0.0134,0.3084
DIAMONDS NINE SPADES FOUR,0.6796,0.0144,0.306
CLUBS NINE DIAMONDS NINE,0.4402,0.0244,0.5354
CLUBS EIGHT DIAMONDS NINE,0.6506,0.0154,0.334
CLUBS SIX DIAMONDS NINE,0.6756,0.0122,0.3122
SPADES JACK CLUBS FOUR,0.6598,0.1244,0.2158
CLUBS SEVEN DIAMONDS NINE,0.6572,0.0098,0.333
SPADES TEN CLUBS FOUR,0.7174,0.0608,0.2218
CLUBS FOUR DIAMONDS NINE,0.691,0.0156,0.2934
CLUBS FIVE DIAMONDS NINE,0.6746,0.0118,0.3136
DIAMONDS NINE CLUBS TWO,0.7002,0.0144,0.2854
CLUBS THREE DIAMONDS NINE,0.6932,0.0144,0.2924
DIAMONDS NINE HEARTS EIGHT,0.645,0.0144,0.3406
DIAMONDS NINE HEARTS NINE,0.4464,0.0236,0.53
HEARTS SIX DIAMONDS NINE,0.6618,0.0142,0.324
DIAMONDS NINE HEARTS SEVEN,0.6628,0.0106,0.3266
CLUBS NINE CLUBS EIGHT,0.6262,0.0144,0.3594
DIAMONDS ACE DIAMONDS NINE,0.3962,0.0062,0.5976
HEARTS FOUR DIAMONDS NINE,0.698,0.0164,0.2856
HEARTS FIVE DIAMONDS NINE,0.6752,0.013,0.3118
HEARTS ACE CLUBS TWO,0.4408,0.003,0.5562
SPADES ACE CLUBS FOUR,0.4554,0.0058,0.5388
DIAMONDS QUEEN DIAMONDS NINE,0.3884,0.0102,0.6014
HEARTS TWO DIAMONDS NINE,0.6936,0.014,0.2924
CLUBS TWO HEARTS KING,0.4534,0.0096,0.537
SPADES KING CLUBS FOUR,0.4528,0.006,0.5412
DIAMONDS KING DIAMONDS NINE,0.3822,0.0072,0.6106
HEARTS THREE DIAMONDS NINE,0.6878,0.0156,0.2966
CLUBS TWO HEARTS QUEEN,0.4638,0.012,0.5242
SPADES QUEEN CLUBS FOUR,0.4626,0.009,0.5284
DIAMONDS NINE DIAMONDS JACK,0.6078,0.1182,0.274
CLUBS EIGHT SPADES NINE,0.6538,0.0136,0.3326
DIAMONDS NINE DIAMONDS TEN,0.654,0.052,0.294
CLUBS EIGHT SPADES EIGHT,0.4668,0.0242,0.509
CLUBS EIGHT SPADES SEVEN,0.6482,0.019,0.3328
CLUBS EIGHT SPADES SIX,0.658,0.0104,0.3316
CLUBS EIGHT SPADES FIVE,0.6608,0.014,0.3252
CLUBS EIGHT SPADES FOUR,0.6646,0.0136,0.3218
CLUBS EIGHT SPADES THREE,0.6882,0.014,0.2978
CLUBS EIGHT SPADES TWO,0.6834,0.0138,0.3028
HEARTS SIX DIAMONDS TEN,0.7184,0.0576,0.224
DIAMONDS TEN HEARTS SEVEN,0.7134,0.057,0.2296
DIAMONDS TEN HEARTS EIGHT,0.7096,0.0536,0.2368
DIAMONDS TEN HEARTS NINE,0.7114,0.0534,0.2352
CLUBS TEN CLUBS FOUR,0.6848,0.055,0.2602
CLUBS FOUR CLUBS KING,0.4432,0.0074,0.5494
CLUBS FOUR CLUBS QUEEN,0.4348,0.0094,0.5558
CLUBS TWO DIAMONDS TEN,0.74,0.0542,0.2058
CLUBS THREE DIAMONDS TEN,0.7282,0.0558,0.216
CLUBS FOUR CLUBS ACE,0.4176,0.0054,0.577
DIAMONDS JACK DIAMONDS TEN,0.0226,0.9064,0.071
DIAMONDS QUEEN DIAMONDS TEN,0.2322,0.041,0.7268
HEARTS TWO DIAMONDS TEN,0.7236,0.0618,0.2146
DIAMONDS KING DIAMONDS TEN,0.2608,0.0248,0.7144
HEARTS THREE DIAMONDS TEN,0.7178,0.0624,0.2198
DIAMONDS ACE DIAMONDS TEN,0.2634,0.0164,0.7202
HEARTS FOUR DIAMONDS TEN,0.7208,0.051,0.2282
CLUBS EIGHT HEARTS JACK,0.6552,0.1166,0.2282
HEARTS FIVE DIAMONDS TEN,0.7288,0.0578,0.2134
CLUBS EIGHT HEARTS QUEEN,0.4308,0.0112,0.558
CLUBS EIGHT HEARTS KING,0.4324,0.006,0.5616
CLUBS EIGHT HEARTS ACE,0.4298,0.0066,0.5636
CLUBS NINE SPADES THREE,0.686,0.0156,0.2984
CLUBS NINE SPADES TWO,0.6848,0.015,0.3002
CLUBS NINE SPADES FIVE,0.6808,0.015,0.3042
CLUBS NINE SPADES FOUR,0.6864,0.0128,0.3008
CLUBS NINE SPADES SEVEN,0.653,0.014,0.333
CLUBS NINE SPADES SIX,0.6678,0.0128,0.3194
CLUBS NINE SPADES NINE,0.4326,0.021,0.5464
CLUBS TEN HEARTS EIGHT,0.7074,0.0556,0.237
CLUBS NINE SPADES EIGHT,0.6432,0.0146,0.3422
CLUBS QUEEN HEARTS EIGHT,0.4296,0.0098,0.5606
CLUBS KING HEARTS EIGHT,0.4342,0.0084,0.5574
CLUBS ACE HEARTS EIGHT,0.4214,0.0044,0.5742
SPADES KING CLUBS KING,0.1682,0.0062,0.8256
SPADES QUEEN CLUBS KING,0.3528,0.0068,0.6404
SPADES ACE CLUBS KING,0.367,0.0042,0.6288
DIAMONDS ACE HEARTS JACK,0.2654,0.0176,0.717
HEARTS FOUR HEARTS JACK,0.6234,0.113,0.2636
SPADES KING CLUBS FIVE,0.4576,0.006,0.5364
SPADES QUEEN CLUBS FIVE,0.4584,0.0096,0.532
SPADES ACE CLUBS FIVE,0.445,0.0048,0.5502
DIAMONDS JACK HEARTS SEVEN,0.6528,0.1146,0.2326
HEARTS SIX DIAMONDS JACK,0.6662,0.1244,0.2094
DIAMONDS JACK HEARTS NINE,0.6472,0.1244,0.2284
DIAMONDS JACK HEARTS EIGHT,0.651,0.1238,0.2252
DIAMONDS KING DIAMONDS JACK,0.2436,0.027,0.7294
HEARTS THREE DIAMONDS JACK,0.66,0.1158,0.2242
SPADES ACE SPADES SIX,0.4308,0.0038,0.5654
HEARTS ACE SPADES FOUR,0.4526,0.0044,0.543
DIAMONDS QUEEN DIAMONDS JACK,0.239,0.0372,0.7238
HEARTS TWO DIAMONDS JACK,0.6602,0.1242,0.2156
HEARTS FIVE DIAMONDS JACK,0.6692,0.1216,0.2092
SPADES QUEEN SPADES SIX,0.4286,0.0092,0.5622
SPADES FOUR HEARTS QUEEN,0.456,0.0108,0.5332
DIAMONDS ACE DIAMONDS JACK,0.2564,0.0144,0.7292
HEARTS FOUR DIAMONDS JACK,0.6406,0.1256,0.2338
SPADES KING SPADES SIX,0.411,0.0058,0.5832
SPADES FOUR HEARTS KING,0.4528,0.0074,0.5398
SPADES TEN SPADES SIX,0.6708,0.05,0.2792
SPADES JACK SPADES SIX,0.6122,0.1144,0.2734
SPADES FOUR DIAMONDS JACK,0.6554,0.1218,0.2228
SPADES FIVE DIAMONDS JACK,0.6516,0.121,0.2274
DIAMONDS JACK SPADES TWO,0.6582,0.1154,0.2264
DIAMONDS JACK SPADES THREE,0.654,0.1142,0.2318
SPADES ACE DIAMONDS THREE,0.4548,0.0044,0.5408
SPADES QUEEN DIAMONDS THREE,0.4538,0.0068,0.5394
CLUBS EIGHT DIAMONDS JACK,0.6448,0.1318,0.2234
SPADES KING DIAMONDS THREE,0.4514,0.0046,0.544
CLUBS NINE DIAMONDS JACK,0.6584,0.1256,0.216
CLUBS SIX DIAMONDS JACK,0.662,0.1238,0.2142
CLUBS SEVEN DIAMONDS JACK,0.6564,0.1184,0.2252
CLUBS FOUR DIAMONDS JACK,0.6536,0.1236,0.2228
CLUBS FIVE DIAMONDS JACK,0.6442,0.1294,0.2264
CLUBS TWO DIAMONDS JACK,0.6552,0.1282,0.2166
CLUBS THREE DIAMONDS JACK,0.6562,0.1228,0.221
SPADES TEN CLUBS FIVE,0.718,0.058,0.224
HEARTS SIX SPADES JACK,0.6696,0.109,0.2214
HEARTS SIX SPADES TEN,0.7334,0.0594,0.2072
SPADES JACK CLUBS FIVE,0.6584,0.1152,0.2264
SPADES JACK DIAMONDS THREE,0.6578,0.117,0.2252
CLUBS SEVEN CLUBS ACE,0.4218,0.0038,0.5744
DIAMONDS THREE SPADES TEN,0.7136,0.0626,0.2238
CLUBS SEVEN CLUBS QUEEN,0.4146,0.012,0.5734
CLUBS SEVEN CLUBS KING,0.4232,0.0074,0.5694
SPADES NINE DIAMONDS JACK,0.65,0.1132,0.2368
CLUBS TEN CLUBS SEVEN,0.6694,0.0586,0.272
DIAMONDS ACE HEARTS ACE,0.1758,0.0032,0.821
HEARTS FOUR HEARTS ACE,0.4252,0.006,0.5688
SPADES EIGHT DIAMONDS JACK,0.6606,0.116,0.2234
SPADES ACE HEARTS SIX,0.4574,0.003,0.5396
DIAMONDS ACE HEARTS KING,0.3534,0.0042,0.6424
HEARTS FOUR HEARTS KING,0.4278,0.0052,0.567
SPADES SEVEN DIAMONDS JACK,0.648,0.1188,0.2332
SPADES KING HEARTS SIX,0.459,0.006,0.535
DIAMONDS ACE HEARTS QUEEN,0.3704,0.005,0.6246
HEARTS FOUR HEARTS QUEEN,0.4456,0.0096,0.5448
SPADES QUEEN HEARTS SIX,0.4512,0.0104,0.5384
SPADES SIX DIAMONDS JACK,0.6516,0.1302,0.2182
DIAMONDS TEN SPADES TWO,0.7266,0.0562,0.2172
SPADES THREE DIAMONDS TEN,0.7204,0.059,0.2206
SPADES FOUR DIAMONDS TEN,0.7182,0.0518,0.23
SPADES FIVE DIAMONDS TEN,0.7156,0.055,0.2294
SPADES SIX DIAMONDS TEN,0.7202,0.0498,0.23
SPADES SEVEN DIAMONDS TEN,0.7072,0.0526,0.2402
SPADES EIGHT DIAMONDS TEN,0.7042,0.0566,0.2392
SPADES NINE DIAMONDS TEN,0.6998,0.0482,0.252
CLUBS FOUR DIAMONDS TEN,0.7164,0.0562,0.2274
CLUBS FIVE DIAMONDS TEN,0.728,0.0548,0.2172
CLUBS SIX DIAMONDS TEN,0.717,0.0556,0.2274
CLUBS SEVEN DIAMONDS TEN,0.6996,0.061,0.2394
CLUBS EIGHT DIAMONDS TEN,0.709,0.059,0.232
CLUBS NINE DIAMONDS TEN,0.717,0.0482,0.2348
CLUBS TEN DIAMONDS THREE,0.7238,0.0604,0.2158
DIAMONDS THREE CLUBS KING,0.459,0.0094,0.5316
DIAMONDS THREE CLUBS QUEEN,0.4608,0.0072,0.532
DIAMONDS THREE CLUBS ACE,0.439,0.0046,0.5564
SPADES FOUR HEARTS JACK,0.6584,0.1164,0.2252
SPADES FIVE SPADES TWO,0.6116,0.0122,0.3762
SPADES FOUR SPADES TWO,0.6046,0.0154,0.38
SPADES THREE SPADES TWO,0.6094,0.0146,0.376
SPADES NINE SPADES TWO,0.6446,0.0136,0.3418
SPADES EIGHT SPADES TWO,0.629,0.0164,0.3546
SPADES SEVEN SPADES TWO,0.6346,0.0194,0.346
SPADES SIX SPADES TWO,0.6212,0.0144,0.3644
DIAMONDS QUEEN CLUBS THREE,0.4518,0.0124,0.5358
CLUBS THREE HEARTS TWO,0.6636,0.014,0.3224
DIAMONDS QUEEN CLUBS TWO,0.451,0.0122,0.5368
HEARTS TWO CLUBS TWO,0.4924,0.0312,0.4764
DIAMONDS QUEEN HEARTS SEVEN,0.4624,0.0092,0.5284
HEARTS TWO HEARTS SEVEN,0.6422,0.0154,0.3424
HEARTS SIX DIAMONDS QUEEN,0.4648,0.009,0.5262
HEARTS SIX HEARTS TWO,0.6326,0.0156,0.3518
DIAMONDS QUEEN HEARTS NINE,0.4214,0.0084,0.5702
HEARTS TWO HEARTS NINE,0.6728,0.0138,0.3134
DIAMONDS QUEEN HEARTS EIGHT,0.4518,0.0102,0.538
HEARTS TWO HEARTS EIGHT,0.6596,0.0158,0.3246
CLUBS NINE HEARTS TWO,0.6992,0.013,0.2878
CLUBS NINE DIAMONDS QUEEN,0.425,0.0118,0.5632
CLUBS EIGHT HEARTS TWO,0.6916,0.0148,0.2936
CLUBS EIGHT DIAMONDS QUEEN,0.4188,0.0114,0.5698
CLUBS FIVE DIAMONDS QUEEN,0.4468,0.0096,0.5436
CLUBS FIVE HEARTS TWO,0.6604,0.0188,0.3208
SPADES EIGHT HEARTS ACE,0.4396,0.0048,0.5556
DIAMONDS QUEEN CLUBS FOUR,0.4558,0.0086,0.5356
HEARTS TWO CLUBS FOUR,0.6612,0.0154,0.3234
CLUBS SEVEN DIAMONDS QUEEN,0.4396,0.0088,0.5516
CLUBS SEVEN HEARTS TWO,0.6898,0.015,0.2952
SPADES EIGHT HEARTS QUEEN,0.4248,0.0106,0.5646
CLUBS SIX DIAMONDS QUEEN,0.4364,0.0106,0.553
CLUBS SIX HEARTS TWO,0.6726,0.0152,0.3122
SPADES EIGHT HEARTS KING,0.4488,0.0062,0.545
HEARTS TWO SPADES SIX,0.673,0.0152,0.3118
DIAMONDS QUEEN SPADES SIX,0.4498,0.0108,0.5394
HEARTS FOUR CLUBS QUEEN,0.442,0.0114,0.5466
DIAMONDS ACE CLUBS QUEEN,0.373,0.0046,0.6224
DIAMONDS QUEEN SPADES SEVEN,0.4352,0.0088,0.556
HEARTS TWO SPADES SEVEN,0.681,0.0148,0.3042
HEARTS FOUR CLUBS KING,0.4464,0.0082,0.5454
DIAMONDS ACE CLUBS KING,0.3636,0.005,0.6314
DIAMONDS QUEEN SPADES EIGHT,0.424,0.0078,0.5682
SPADES EIGHT HEARTS TWO,0.6914,0.0158,0.2928
HEARTS FOUR CLUBS ACE,0.4412,0.0036,0.5552
DIAMONDS ACE CLUBS ACE,0.1738,0.004,0.8222
SPADES NINE DIAMONDS QUEEN,0.4188,0.0092,0.572
SPADES NINE HEARTS TWO,0.696,0.0114,0.2926
HEARTS TWO SPADES TWO,0.4856,0.027,0.4874
DIAMONDS QUEEN SPADES TWO,0.4558,0.0116,0.5326
HEARTS TWO SPADES THREE,0.6498,0.0154,0.3348
DIAMONDS QUEEN SPADES THREE,0.4508,0.0092,0.54
HEARTS TWO SPADES FOUR,0.6588,0.0146,0.3266
DIAMONDS QUEEN SPADES FOUR,0.4542,0.0088,0.537
HEARTS FOUR CLUBS TEN,0.7296,0.0598,0.2106
CLUBS TEN DIAMONDS ACE,0.291,0.018,0.691
HEARTS TWO SPADES FIVE,0.6546,0.0162,0.3292
DIAMONDS QUEEN SPADES FIVE,0.4576,0.0104,0.532
CLUBS FIVE CLUBS KING,0.441,0.0078,0.5512
CLUBS FIVE CLUBS QUEEN,0.4362,0.0102,0.5536
CLUBS FIVE CLUBS ACE,0.4302,0.007,0.5628
CLUBS TEN CLUBS FIVE,0.6856,0.0556,0.2588
SPADES SIX CLUBS KING,0.453,0.0074,0.5396
SPADES SIX CLUBS QUEEN,0.4588,0.008,0.5332
SPADES EIGHT HEARTS JACK,0.636,0.1276,0.2364
SPADES SIX CLUBS ACE,0.4468,0.0042,0.549
CLUBS TEN SPADES SIX,0.7138,0.0588,0.2274
SPADES QUEEN CLUBS SEVEN,0.4402,0.0098,0.55
SPADES KING CLUBS SEVEN,0.4456,0.0072,0.5472
SPADES ACE CLUBS SEVEN,0.4324,0.0046,0.563
SPADES SIX HEARTS JACK,0.656,0.1206,0.2234
SPADES SIX HEARTS ACE,0.4434,0.0038,0.5528
SPADES SIX HEARTS KING,0.4498,0.0058,0.5444
SPADES SIX HEARTS QUEEN,0.4384,0.0094,0.5522
CLUBS SEVEN SPADES JACK,0.6608,0.1194,0.2198
CLUBS SEVEN SPADES TEN,0.7106,0.0582,0.2312
CLUBS TEN HEARTS SIX,0.7352,0.0548,0.21
HEARTS SIX CLUBS QUEEN,0.4524,0.013,0.5346
HEARTS SIX CLUBS KING,0.4614,0.0082,0.5304
HEARTS SIX CLUBS ACE,0.4432,0.0046,0.5522
DIAMONDS THREE HEARTS ACE,0.4522,0.004,0.5438
DIAMONDS THREE HEARTS QUEEN,0.4552,0.0104,0.5344
DIAMONDS THREE HEARTS KING,0.4626,0.0068,0.5306
CLUBS FIVE HEARTS JACK,0.6516,0.1184,0.23
SPADES TEN DIAMONDS ACE,0.2796,0.0146,0.7058
HEARTS FOUR SPADES TEN,0.7168,0.055,0.2282
HEARTS FOUR SPADES JACK,0.6678,0.1182,0.214
SPADES JACK DIAMONDS ACE,0.283,0.019,0.698
SPADES ACE HEARTS FOUR,0.435,0.0034,0.5616
SPADES ACE DIAMONDS ACE,0.1922,0.0038,0.804
CLUBS FIVE HEARTS ACE,0.456,0.0054,0.5386
CLUBS FIVE HEARTS KING,0.4492,0.0096,0.5412
HEARTS FOUR SPADES QUEEN,0.436,0.0088,0.5552
SPADES QUEEN DIAMONDS ACE,0.3676,0.0032,0.6292
CLUBS FIVE HEARTS QUEEN,0.4416,0.0078,0.5506
SPADES KING DIAMONDS ACE,0.3598,0.0042,0.636
HEARTS FOUR SPADES KING,0.4486,0.0074,0.544
CLUBS TEN SPADES FOUR,0.711,0.0634,0.2256
DIAMONDS QUEEN DIAMONDS ACE,0.3468,0.0042,0.649
HEARTS TWO DIAMONDS ACE,0.4572,0.004,0.5388
HEARTS FOUR DIAMONDS QUEEN,0.4458,0.0098,0.5444
HEARTS FOUR HEARTS TWO,0.6082,0.0176,0.3742
SPADES FOUR CLUBS KING,0.4504,0.0066,0.543
HEARTS FIVE DIAMONDS QUEEN,0.4636,0.0092,0.5272
HEARTS FIVE HEARTS TWO,0.625,0.019,0.356
DIAMONDS THREE HEARTS JACK,0.6504,0.1168,0.2328
SPADES FOUR CLUBS QUEEN,0.4506,0.01,0.5394
DIAMONDS QUEEN HEARTS TWO,0.4558,0.009,0.5352
DIAMONDS KING DIAMONDS QUEEN,0.3286,0.0066,0.6648
DIAMONDS KING HEARTS TWO,0.4464,0.0084,0.5452
HEARTS THREE DIAMONDS QUEEN,0.4716,0.0088,0.5196
HEARTS THREE HEARTS TWO,0.6332,0.0138,0.353
SPADES FOUR CLUBS ACE,0.4488,0.004,0.5472
HEARTS TWO CLUBS ACE,0.4484,0.0036,0.548
DIAMONDS QUEEN CLUBS ACE,0.375,0.0042,0.6208
HEARTS TWO CLUBS QUEEN,0.462,0.014,0.524
DIAMONDS QUEEN CLUBS QUEEN,0.1548,0.0134,0.8318
HEARTS TWO CLUBS KING,0.4474,0.0064,0.5462
DIAMONDS QUEEN CLUBS KING,0.3548,0.0058,0.6394
SPADES EIGHT SPADES FIVE,0.6198,0.0126,0.3676
CLUBS TEN HEARTS TWO,0.7424,0.064,0.1936
CLUBS TEN DIAMONDS QUEEN,0.2564,0.0418,0.7018
SPADES NINE SPADES FIVE,0.6354,0.0108,0.3538
SPADES SIX SPADES FIVE,0.6052,0.0126,0.3822
SPADES SEVEN SPADES FIVE,0.6136,0.0138,0.3726
DIAMONDS FIVE CLUBS QUEEN,0.4536,0.0104,0.536
SPADES EIGHT CLUBS ACE,0.4296,0.004,0.5664
DIAMONDS FIVE CLUBS KING,0.4554,0.0054,0.5392
SPADES EIGHT CLUBS KING,0.4388,0.0064,0.5548
DIAMONDS FIVE CLUBS ACE,0.4532,0.0034,0.5434
SPADES EIGHT CLUBS QUEEN,0.4292,0.0082,0.5626
CLUBS TEN SPADES EIGHT,0.6998,0.0656,0.2346
CLUBS TEN DIAMONDS FIVE,0.7254,0.0538,0.2208
DIAMONDS TEN HEARTS JACK,0.0128,0.9708,0.0164
SPADES ACE CLUBS NINE,0.4434,0.004,0.5526
CLUBS NINE SPADES QUEEN,0.4152,0.008,0.5768
CLUBS NINE SPADES KING,0.4236,0.007,0.5694
HEARTS SIX HEARTS KING,0.4322,0.0062,0.5616
DIAMONDS KING SPADES SEVEN,0.4438,0.003,0.5532
HEARTS THREE SPADES SEVEN,0.6578,0.0156,0.3266
SPADES KING DIAMONDS SEVEN,0.451,0.0064,0.5426
HEARTS SIX HEARTS QUEEN,0.4176,0.0098,0.5726
SPADES QUEEN DIAMONDS SEVEN,0.44,0.0104,0.5496
HEARTS THREE SPADES SIX,0.6534,0.015,0.3316
DIAMONDS KING SPADES SIX,0.4572,0.0048,0.538
DIAMONDS KING SPADES NINE,0.4268,0.0058,0.5674
HEARTS THREE SPADES NINE,0.6804,0.0174,0.3022
HEARTS SIX HEARTS ACE,0.4288,0.0064,0.5648
