opposingHand,winningChance,drawChance,lostChance
CLUBS EIGHT HEARTS TEN
HEARTS FIVE SPADES TEN,0.5664,0.2166,0.217
SPADES JACK HEARTS FIVE,0.4314,0.0194,0.5492
CLUBS JACK SPADES FIVE,0.4236,0.0182,0.5582
CLUBS TEN SPADES FIVE,0.5548,0.2162,0.229
SPADES FIVE CLUBS ACE,0.4152,0.0038,0.581
SPADES FIVE CLUBS KING,0.4316,0.008,0.5604
SPADES FIVE CLUBS QUEEN,0.4296,0.0098,0.5606
DIAMONDS TWO DIAMONDS THREE,0.6046,0.0244,0.371
DIAMONDS TWO DIAMONDS FIVE,0.5972,0.026,0.3768
SPADES KING HEARTS FIVE,0.4246,0.0078,0.5676
DIAMONDS TWO DIAMONDS FOUR,0.601,0.0238,0.3752
SPADES QUEEN HEARTS FIVE,0.447,0.0092,0.5438
DIAMONDS TWO DIAMONDS SEVEN,0.6292,0.0266,0.3442
DIAMONDS TWO DIAMONDS SIX,0.6056,0.0218,0.3726
SPADES ACE HEARTS FIVE,0.4162,0.0052,0.5786
DIAMONDS TWO DIAMONDS NINE,0.6134,0.0224,0.3642
DIAMONDS TWO DIAMONDS EIGHT,0.6382,0.0782,0.2836
DIAMONDS THREE DIAMONDS FOUR,0.5788,0.0234,0.3978
CLUBS TWO SPADES FOUR,0.6418,0.0252,0.333
DIAMONDS THREE DIAMONDS FIVE,0.596,0.0256,0.3784
SPADES FIVE CLUBS TWO,0.6206,0.0284,0.351
CLUBS TWO SPADES TWO,0.4482,0.0496,0.5022
CLUBS TWO SPADES THREE,0.648,0.026,0.326
DIAMONDS THREE DIAMONDS EIGHT,0.6506,0.0706,0.2788
SPADES EIGHT CLUBS TWO,0.6998,0.0828,0.2174
DIAMONDS THREE DIAMONDS NINE,0.6144,0.0216,0.364
SPADES NINE CLUBS TWO,0.6528,0.026,0.3212
DIAMONDS THREE DIAMONDS SIX,0.602,0.023,0.375
SPADES SIX CLUBS TWO,0.6446,0.0278,0.3276
DIAMONDS THREE DIAMONDS SEVEN,0.608,0.0258,0.3662
SPADES SEVEN CLUBS TWO,0.6758,0.0268,0.2974
CLUBS SIX CLUBS TWO,0.6264,0.0258,0.3478
CLUBS SEVEN CLUBS TWO,0.637,0.0244,0.3386
CLUBS FOUR CLUBS TWO,0.6034,0.029,0.3676
CLUBS FIVE CLUBS TWO,0.5984,0.0306,0.371
CLUBS TEN CLUBS JACK,0.2412,0.059,0.6998
DIAMONDS FOUR DIAMONDS SIX,0.5816,0.0204,0.398
CLUBS TEN CLUBS QUEEN,0.2396,0.0452,0.7152
DIAMONDS FOUR DIAMONDS SEVEN,0.603,0.022,0.375
CLUBS TEN CLUBS KING,0.2454,0.0412,0.7134
CLUBS TEN CLUBS ACE,0.2636,0.021,0.7154
DIAMONDS FIVE DIAMONDS FOUR,0.5664,0.0242,0.4094
CLUBS NINE CLUBS TWO,0.6188,0.0292,0.352
DIAMONDS NINE DIAMONDS FOUR,0.6034,0.023,0.3736
DIAMONDS EIGHT DIAMONDS FOUR,0.6364,0.0782,0.2854
CLUBS THREE CLUBS TWO,0.616,0.0294,0.3546
DIAMONDS NINE DIAMONDS FIVE,0.6006,0.0242,0.3752
CLUBS JACK DIAMONDS TWO,0.433,0.0166,0.5504
DIAMONDS EIGHT DIAMONDS FIVE,0.642,0.0718,0.2862
CLUBS TEN DIAMONDS TWO,0.5482,0.2264,0.2254
DIAMONDS FIVE DIAMONDS SEVEN,0.5832,0.0244,0.3924
DIAMONDS FIVE DIAMONDS SIX,0.5664,0.0214,0.4122
DIAMONDS TWO CLUBS ACE,0.4314,0.005,0.5636
DIAMONDS TWO CLUBS KING,0.444,0.0076,0.5484
DIAMONDS TWO CLUBS QUEEN,0.4356,0.011,0.5534
DIAMONDS EIGHT DIAMONDS SIX,0.619,0.077,0.304
DIAMONDS NINE DIAMONDS SIX,0.579,0.0274,0.3936
HEARTS ACE SPADES THREE,0.4238,0.0034,0.5728
SPADES THREE HEARTS KING,0.4348,0.0076,0.5576
DIAMONDS SEVEN DIAMONDS SIX,0.5796,0.024,0.3964
HEARTS QUEEN SPADES THREE,0.4292,0.0114,0.5594
SPADES THREE HEARTS JACK,0.4368,0.0162,0.547
DIAMONDS EIGHT DIAMONDS SEVEN,0.6244,0.0716,0.304
DIAMONDS NINE DIAMONDS SEVEN,0.5682,0.0234,0.4084
DIAMONDS NINE DIAMONDS EIGHT,0.6358,0.0702,0.294
SPADES JACK CLUBS SIX,0.4338,0.0152,0.551
DIAMONDS KING HEARTS JACK,0.3328,0.0062,0.661
HEARTS THREE HEARTS JACK,0.4292,0.0164,0.5544
SPADES TEN CLUBS SIX,0.548,0.2322,0.2198
SPADES JACK SPADES FIVE,0.4052,0.0144,0.5804
SPADES TEN SPADES FIVE,0.5054,0.2172,0.2774
DIAMONDS KING HEARTS ACE,0.3578,0.0044,0.6378
HEARTS THREE HEARTS ACE,0.4066,0.0032,0.5902
SPADES ACE CLUBS SIX,0.4324,0.0032,0.5644
DIAMONDS KING HEARTS QUEEN,0.3442,0.007,0.6488
HEARTS THREE HEARTS QUEEN,0.4186,0.0108,0.5706
SPADES KING CLUBS SIX,0.4242,0.0072,0.5686
DIAMONDS KING HEARTS KING,0.1726,0.0106,0.8168
HEARTS THREE HEARTS KING,0.4048,0.0068,0.5884
SPADES QUEEN CLUBS SIX,0.437,0.0088,0.5542
SPADES NINE HEARTS JACK,0.3574,0.016,0.6266
SPADES QUEEN SPADES FIVE,0.3996,0.0094,0.591
SPADES KING SPADES FIVE,0.4016,0.0056,0.5928
SPADES ACE SPADES FIVE,0.4016,0.0048,0.5936
SPADES NINE HEARTS QUEEN,0.369,0.0134,0.6176
SPADES NINE HEARTS KING,0.37,0.0076,0.6224
SPADES NINE HEARTS ACE,0.3918,0.0028,0.6054
CLUBS TEN SPADES JACK,0.2382,0.0568,0.705
CLUBS TEN SPADES TEN,0.1268,0.0566,0.8166
SPADES ACE CLUBS TEN,0.257,0.0202,0.7228
CLUBS TEN SPADES KING,0.2332,0.0348,0.732
CLUBS TEN SPADES QUEEN,0.2458,0.0448,0.7094
SPADES FIVE HEARTS QUEEN,0.4272,0.01,0.5628
SPADES FIVE HEARTS KING,0.4276,0.0058,0.5666
HEARTS ACE SPADES FIVE,0.43,0.0036,0.5664
HEARTS THREE SPADES JACK,0.4372,0.0168,0.546
SPADES JACK DIAMONDS KING,0.339,0.0058,0.6552
SPADES TEN DIAMONDS KING,0.2474,0.033,0.7196
HEARTS THREE SPADES TEN,0.554,0.2352,0.2108
CLUBS SIX HEARTS ACE,0.4214,0.0052,0.5734
CLUBS JACK HEARTS FIVE,0.4302,0.0164,0.5534
CLUBS TEN HEARTS FIVE,0.5554,0.2338,0.2108
CLUBS SIX HEARTS QUEEN,0.42,0.013,0.567
CLUBS TEN SPADES THREE,0.557,0.23,0.213
CLUBS SIX HEARTS KING,0.421,0.0066,0.5724
CLUBS JACK SPADES THREE,0.4322,0.0164,0.5514
DIAMONDS TWO HEARTS JACK,0.4396,0.017,0.5434
SPADES THREE CLUBS QUEEN,0.4408,0.013,0.5462
SPADES THREE CLUBS KING,0.4238,0.0086,0.5676
HEARTS FIVE CLUBS ACE,0.436,0.0044,0.5596
SPADES THREE CLUBS ACE,0.4346,0.004,0.5614
HEARTS FIVE CLUBS KING,0.437,0.0078,0.5552
SPADES FIVE HEARTS JACK,0.422,0.016,0.562
HEARTS FIVE CLUBS QUEEN,0.44,0.012,0.548
HEARTS THREE CLUBS KING,0.4352,0.0062,0.5586
DIAMONDS KING CLUBS KING,0.1816,0.009,0.8094
HEARTS THREE CLUBS QUEEN,0.4284,0.0106,0.561
DIAMONDS KING CLUBS QUEEN,0.3484,0.007,0.6446
HEARTS FIVE HEARTS JACK,0.4084,0.0178,0.5738
HEARTS THREE CLUBS ACE,0.4226,0.0052,0.5722
DIAMONDS KING CLUBS ACE,0.3472,0.0044,0.6484
SPADES ACE CLUBS QUEEN,0.3434,0.0036,0.653
SPADES KING CLUBS QUEEN,0.3442,0.0066,0.6492
CLUBS JACK HEARTS THREE,0.422,0.0196,0.5584
CLUBS JACK DIAMONDS KING,0.343,0.0064,0.6506
SPADES QUEEN CLUBS QUEEN,0.1698,0.0166,0.8136
CLUBS TEN HEARTS THREE,0.5606,0.227,0.2124
CLUBS TEN DIAMONDS KING,0.2416,0.0332,0.7252
SPADES JACK CLUBS QUEEN,0.3354,0.0102,0.6544
CLUBS SIX CLUBS QUEEN,0.4112,0.0112,0.5776
SPADES TEN CLUBS QUEEN,0.2634,0.042,0.6946
CLUBS SIX CLUBS KING,0.3946,0.0068,0.5986
CLUBS SIX CLUBS ACE,0.4052,0.005,0.5898
HEARTS FIVE HEARTS KING,0.4102,0.0088,0.581
HEARTS FIVE HEARTS QUEEN,0.4266,0.0112,0.5622
CLUBS TEN CLUBS SIX,0.5278,0.2238,0.2484
HEARTS FIVE HEARTS ACE,0.4058,0.0056,0.5886
CLUBS JACK CLUBS SIX,0.4086,0.0154,0.576
SPADES SEVEN HEARTS JACK,0.409,0.0168,0.5742
DIAMONDS TWO CLUBS TWO,0.4422,0.0488,0.509
DIAMONDS TWO CLUBS THREE,0.6546,0.0228,0.3226
HEARTS SIX DIAMONDS TWO,0.6588,0.028,0.3132
DIAMONDS TWO HEARTS QUEEN,0.4392,0.0132,0.5476
DIAMONDS TWO HEARTS SEVEN,0.6822,0.0226,0.2952
DIAMONDS TWO HEARTS KING,0.45,0.0066,0.5434
DIAMONDS TWO HEARTS EIGHT,0.698,0.0832,0.2188
DIAMONDS TWO HEARTS ACE,0.427,0.0048,0.5682
DIAMONDS TWO HEARTS NINE,0.6546,0.026,0.3194
DIAMONDS TWO DIAMONDS QUEEN,0.4074,0.0114,0.5812
DIAMONDS TWO HEARTS TWO,0.4564,0.0516,0.492
DIAMONDS TWO DIAMONDS KING,0.4032,0.0062,0.5906
HEARTS THREE DIAMONDS TWO,0.6398,0.0274,0.3328
DIAMONDS TWO DIAMONDS ACE,0.3932,0.0034,0.6034
HEARTS FOUR DIAMONDS TWO,0.6532,0.0306,0.3162
DIAMONDS TWO HEARTS FIVE,0.624,0.0262,0.3498
SPADES SEVEN HEARTS ACE,0.4064,0.004,0.5896
DIAMONDS TWO DIAMONDS TEN,0.5132,0.2124,0.2744
SPADES SEVEN HEARTS KING,0.4094,0.0062,0.5844
DIAMONDS TWO DIAMONDS JACK,0.4172,0.0138,0.569
SPADES SEVEN HEARTS QUEEN,0.4278,0.0106,0.5616
DIAMONDS TWO SPADES NINE,0.6544,0.0248,0.3208
DIAMONDS TWO SPADES EIGHT,0.6972,0.0786,0.2242
DIAMONDS TWO SPADES SEVEN,0.6682,0.0268,0.305
DIAMONDS TWO SPADES SIX,0.6398,0.0256,0.3346
DIAMONDS TWO SPADES FIVE,0.6314,0.0282,0.3404
DIAMONDS TWO SPADES FOUR,0.6326,0.025,0.3424
DIAMONDS TWO SPADES THREE,0.6392,0.0282,0.3326
DIAMONDS TWO SPADES TWO,0.4482,0.0464,0.5054
DIAMONDS TWO CLUBS NINE,0.6506,0.0244,0.325
CLUBS SEVEN DIAMONDS TWO,0.6824,0.0258,0.2918
DIAMONDS TWO CLUBS SIX,0.6598,0.0246,0.3156
DIAMONDS TWO CLUBS FIVE,0.6316,0.026,0.3424
DIAMONDS TWO CLUBS FOUR,0.6388,0.0256,0.3356
CLUBS FOUR SPADES FIVE,0.6208,0.0278,0.3514
CLUBS FOUR SPADES FOUR,0.4466,0.0448,0.5086
CLUBS FOUR SPADES THREE,0.6414,0.0298,0.3288
CLUBS FOUR SPADES TWO,0.631,0.0298,0.3392
SPADES NINE CLUBS FOUR,0.6498,0.0246,0.3256
SPADES EIGHT CLUBS FOUR,0.682,0.0782,0.2398
SPADES SEVEN CLUBS FOUR,0.6476,0.0248,0.3276
CLUBS FOUR SPADES SIX,0.621,0.0252,0.3538
SPADES ACE DIAMONDS SIX,0.4278,0.0038,0.5684
SPADES QUEEN DIAMONDS SIX,0.4136,0.0114,0.575
SPADES KING DIAMONDS SIX,0.4304,0.005,0.5646
SPADES TEN DIAMONDS SIX,0.5518,0.2244,0.2238
SPADES JACK DIAMONDS SIX,0.4232,0.015,0.5618
SPADES QUEEN SPADES TWO,0.4182,0.0108,0.571
SPADES KING SPADES TWO,0.4172,0.0054,0.5774
SPADES ACE SPADES TWO,0.3992,0.005,0.5958
CLUBS JACK DIAMONDS JACK,0.1706,0.0226,0.8068
CLUBS TEN DIAMONDS JACK,0.2402,0.056,0.7038
DIAMONDS JACK CLUBS KING,0.344,0.0074,0.6486
DIAMONDS JACK CLUBS QUEEN,0.3224,0.0088,0.6688
DIAMONDS THREE DIAMONDS JACK,0.397,0.015,0.588
DIAMONDS THREE DIAMONDS TEN,0.532,0.2124,0.2556
DIAMONDS JACK CLUBS ACE,0.3596,0.0034,0.637
DIAMONDS THREE DIAMONDS KING,0.4136,0.0062,0.5802
HEARTS THREE DIAMONDS THREE,0.4618,0.0506,0.4876
DIAMONDS THREE DIAMONDS QUEEN,0.4134,0.0078,0.5788
DIAMONDS THREE HEARTS TWO,0.6522,0.026,0.3218
HEARTS FIVE DIAMONDS THREE,0.634,0.0264,0.3396
DIAMONDS THREE DIAMONDS ACE,0.4102,0.0058,0.584
HEARTS FOUR DIAMONDS THREE,0.6266,0.029,0.3444
DIAMONDS THREE HEARTS SEVEN,0.665,0.0256,0.3094
SPADES TEN SPADES NINE,0.2136,0.1602,0.6262
HEARTS SIX DIAMONDS THREE,0.6414,0.023,0.3356
SPADES JACK SPADES NINE,0.3376,0.0126,0.6498
DIAMONDS THREE HEARTS NINE,0.6578,0.0226,0.3196
HEARTS JACK DIAMONDS FOUR,0.41,0.0176,0.5724
HEARTS ACE HEARTS KING,0.3328,0.0064,0.6608
SPADES TEN SPADES TWO,0.5202,0.2066,0.2732
DIAMONDS THREE HEARTS EIGHT,0.7038,0.0826,0.2136
SPADES JACK SPADES TWO,0.4262,0.018,0.5558
HEARTS QUEEN DIAMONDS FOUR,0.4304,0.0128,0.5568
HEARTS KING DIAMONDS FOUR,0.4322,0.0074,0.5604
SPADES ACE SPADES NINE,0.363,0.003,0.634
HEARTS ACE DIAMONDS FOUR,0.4284,0.0032,0.5684
SPADES KING SPADES NINE,0.3596,0.0056,0.6348
SPADES QUEEN SPADES NINE,0.3448,0.0094,0.6458
DIAMONDS THREE SPADES NINE,0.6446,0.0254,0.33
DIAMONDS THREE SPADES EIGHT,0.692,0.0778,0.2302
DIAMONDS THREE SPADES SEVEN,0.6558,0.0232,0.321
DIAMONDS THREE SPADES SIX,0.6366,0.0276,0.3358
DIAMONDS THREE CLUBS SIX,0.6404,0.0216,0.338
CLUBS FIVE CLUBS SIX,0.5806,0.0262,0.3932
CLUBS ACE DIAMONDS FOUR,0.4226,0.0038,0.5736
CLUBS SEVEN DIAMONDS THREE,0.659,0.0288,0.3122
CLUBS SEVEN CLUBS FIVE,0.6008,0.0314,0.3678
DIAMONDS THREE CLUBS FOUR,0.635,0.0276,0.3374
DIAMONDS FOUR CLUBS QUEEN,0.4234,0.0126,0.564
DIAMONDS THREE CLUBS FIVE,0.6406,0.0258,0.3336
DIAMONDS FOUR CLUBS KING,0.4372,0.0076,0.5552
DIAMONDS THREE CLUBS TWO,0.6378,0.026,0.3362
CLUBS TEN DIAMONDS FOUR,0.5518,0.2258,0.2224
DIAMONDS THREE CLUBS THREE,0.4604,0.0454,0.4942
CLUBS JACK DIAMONDS FOUR,0.4362,0.0146,0.5492
DIAMONDS THREE SPADES FOUR,0.6104,0.0264,0.3632
DIAMONDS THREE SPADES FIVE,0.6216,0.0264,0.352
DIAMONDS THREE SPADES TWO,0.6328,0.028,0.3392
DIAMONDS THREE SPADES THREE,0.4398,0.0488,0.5114
CLUBS NINE DIAMONDS THREE,0.646,0.023,0.331
SPADES SEVEN CLUBS ACE,0.4102,0.0044,0.5854
SPADES SEVEN CLUBS QUEEN,0.4292,0.009,0.5618
SPADES SEVEN CLUBS KING,0.4094,0.006,0.5846
CLUBS FIVE SPADES SEVEN,0.6238,0.0256,0.3506
CLUBS TEN SPADES SEVEN,0.5404,0.2306,0.229
CLUBS FIVE SPADES SIX,0.6224,0.0242,0.3534
CLUBS JACK SPADES SEVEN,0.4068,0.019,0.5742
CLUBS FIVE SPADES NINE,0.6398,0.0292,0.331
CLUBS FIVE SPADES EIGHT,0.6808,0.0828,0.2364
CLUBS FIVE SPADES THREE,0.6244,0.0278,0.3478
CLUBS FIVE SPADES TWO,0.6372,0.0282,0.3346
CLUBS FIVE SPADES FIVE,0.4458,0.0486,0.5056
CLUBS FIVE SPADES FOUR,0.6264,0.0238,0.3498
CLUBS NINE CLUBS FIVE,0.608,0.0206,0.3714
CLUBS ACE CLUBS QUEEN,0.3368,0.0042,0.659
CLUBS KING CLUBS QUEEN,0.328,0.0058,0.6662
DIAMONDS TEN DIAMONDS FOUR,0.5206,0.2112,0.2682
CLUBS TEN DIAMONDS NINE,0.227,0.1778,0.5952
DIAMONDS JACK DIAMONDS FOUR,0.4038,0.0136,0.5826
CLUBS JACK DIAMONDS NINE,0.3616,0.0174,0.621
CLUBS JACK SPADES NINE,0.35,0.015,0.635
CLUBS TEN SPADES NINE,0.221,0.1666,0.6124
DIAMONDS ACE DIAMONDS FOUR,0.4058,0.004,0.5902
HEARTS FOUR DIAMONDS FOUR,0.4392,0.0484,0.5124
SPADES NINE CLUBS KING,0.3804,0.0064,0.6132
DIAMONDS TWO SPADES TEN,0.5638,0.2244,0.2118
DIAMONDS NINE CLUBS ACE,0.3794,0.0056,0.615
HEARTS FIVE DIAMONDS FOUR,0.618,0.0232,0.3588
DIAMONDS JACK HEARTS JACK,0.1626,0.0236,0.8138
SPADES NINE CLUBS QUEEN,0.3674,0.0088,0.6238
DIAMONDS TWO SPADES JACK,0.432,0.0192,0.5488
DIAMONDS QUEEN DIAMONDS FOUR,0.407,0.0088,0.5842
HEARTS TWO DIAMONDS FOUR,0.6434,0.0284,0.3282
DIAMONDS NINE CLUBS QUEEN,0.3604,0.0094,0.6302
DIAMONDS KING DIAMONDS FOUR,0.4064,0.007,0.5866
HEARTS THREE DIAMONDS FOUR,0.6352,0.0238,0.341
SPADES NINE CLUBS ACE,0.3856,0.0046,0.6098
DIAMONDS NINE CLUBS KING,0.3664,0.008,0.6256
HEARTS ACE DIAMONDS JACK,0.3496,0.005,0.6454
SPADES ACE DIAMONDS TWO,0.4324,0.0048,0.5628
HEARTS QUEEN DIAMONDS JACK,0.3342,0.0088,0.657
SPADES QUEEN DIAMONDS TWO,0.4394,0.0094,0.5512
DIAMONDS JACK HEARTS KING,0.329,0.0054,0.6656
SPADES KING DIAMONDS TWO,0.4256,0.0082,0.5662
SPADES JACK SPADES SEVEN,0.3874,0.018,0.5946
SPADES TEN SPADES SEVEN,0.515,0.2128,0.2722
CLUBS SEVEN CLUBS THREE,0.624,0.0264,0.3496
CLUBS SIX CLUBS THREE,0.6162,0.0272,0.3566
CLUBS FIVE CLUBS THREE,0.61,0.026,0.364
CLUBS THREE CLUBS FOUR,0.5974,0.0228,0.3798
CLUBS NINE CLUBS THREE,0.6244,0.025,0.3506
CLUBS THREE SPADES FIVE,0.6294,0.0258,0.3448
CLUBS THREE SPADES FOUR,0.6366,0.0288,0.3346
CLUBS THREE SPADES THREE,0.4576,0.0488,0.4936
CLUBS THREE SPADES TWO,0.6464,0.0258,0.3278
CLUBS THREE SPADES SIX,0.6332,0.0258,0.341
CLUBS THREE SPADES SEVEN,0.6646,0.0292,0.3062
SPADES EIGHT CLUBS THREE,0.6946,0.0766,0.2288
SPADES NINE CLUBS THREE,0.6612,0.0256,0.3132
SPADES TWO DIAMONDS FOUR,0.637,0.0258,0.3372
SPADES THREE DIAMONDS FOUR,0.6316,0.0276,0.3408
SPADES FOUR DIAMONDS FOUR,0.4392,0.0472,0.5136
SPADES FIVE DIAMONDS FOUR,0.6114,0.0262,0.3624
SPADES SIX DIAMONDS FOUR,0.643,0.0222,0.3348
SPADES SEVEN DIAMONDS FOUR,0.6354,0.025,0.3396
SPADES EIGHT DIAMONDS FOUR,0.6716,0.0798,0.2486
SPADES NINE DIAMONDS FOUR,0.6436,0.0258,0.3306
CLUBS FIVE DIAMONDS FOUR,0.605,0.026,0.369
CLUBS FOUR DIAMONDS FOUR,0.4508,0.0492,0.5
CLUBS SEVEN DIAMONDS FOUR,0.6432,0.026,0.3308
CLUBS SIX DIAMONDS FOUR,0.6274,0.0274,0.3452
CLUBS NINE DIAMONDS FOUR,0.6552,0.0258,0.319
DIAMONDS FOUR HEARTS SEVEN,0.645,0.0274,0.3276
HEARTS SIX DIAMONDS FOUR,0.6436,0.024,0.3324
HEARTS NINE DIAMONDS FOUR,0.637,0.0286,0.3344
DIAMONDS FOUR HEARTS EIGHT,0.6748,0.0852,0.24
CLUBS THREE DIAMONDS FOUR,0.6284,0.0236,0.348
CLUBS TWO DIAMONDS FOUR,0.6264,0.0284,0.3452
DIAMONDS TEN DIAMONDS FIVE,0.5088,0.2134,0.2778
DIAMONDS JACK DIAMONDS FIVE,0.3962,0.0128,0.591
DIAMONDS NINE HEARTS QUEEN,0.362,0.011,0.627
DIAMONDS NINE HEARTS KING,0.384,0.0086,0.6074
HEARTS ACE DIAMONDS NINE,0.3808,0.0032,0.616
DIAMONDS NINE HEARTS JACK,0.3516,0.0176,0.6308
CLUBS KING DIAMONDS SIX,0.4184,0.005,0.5766
CLUBS QUEEN DIAMONDS SIX,0.4138,0.0114,0.5748
CLUBS ACE DIAMONDS SIX,0.422,0.0036,0.5744
SPADES KING DIAMONDS FOUR,0.4278,0.0054,0.5668
SPADES ACE SPADES SEVEN,0.3838,0.0028,0.6134
SPADES QUEEN DIAMONDS FOUR,0.4252,0.0126,0.5622
SPADES QUEEN SPADES SEVEN,0.4006,0.0088,0.5906
CLUBS JACK DIAMONDS SIX,0.4258,0.0144,0.5598
SPADES KING SPADES SEVEN,0.409,0.0064,0.5846
SPADES ACE DIAMONDS FOUR,0.4194,0.003,0.5776
CLUBS TEN DIAMONDS SIX,0.538,0.2274,0.2346
CLUBS NINE CLUBS FOUR,0.6198,0.0258,0.3544
SPADES JACK DIAMONDS FOUR,0.425,0.0178,0.5572
SPADES TEN DIAMONDS FOUR,0.5534,0.2304,0.2162
CLUBS FIVE CLUBS FOUR,0.5754,0.0268,0.3978
CLUBS SEVEN CLUBS FOUR,0.6188,0.0248,0.3564
CLUBS SIX CLUBS FOUR,0.603,0.0236,0.3734
CLUBS SEVEN SPADES EIGHT,0.666,0.0808,0.2532
CLUBS SEVEN SPADES NINE,0.6252,0.0258,0.349
CLUBS SEVEN SPADES SIX,0.625,0.0284,0.3466
CLUBS SEVEN SPADES SEVEN,0.4388,0.0392,0.522
CLUBS SEVEN SPADES FIVE,0.6382,0.0288,0.333
CLUBS SEVEN SPADES FOUR,0.643,0.0236,0.3334
CLUBS SEVEN SPADES THREE,0.664,0.028,0.308
CLUBS SEVEN SPADES TWO,0.6738,0.0262,0.3
CLUBS SEVEN CLUBS NINE,0.5938,0.0232,0.383
HEARTS SIX DIAMONDS FIVE,0.6268,0.0232,0.35
DIAMONDS FIVE HEARTS SEVEN,0.6404,0.0218,0.3378
DIAMONDS FIVE HEARTS EIGHT,0.689,0.0768,0.2342
HEARTS NINE DIAMONDS FIVE,0.6496,0.025,0.3254
DIAMONDS QUEEN DIAMONDS FIVE,0.409,0.0088,0.5822
HEARTS TWO DIAMONDS FIVE,0.6394,0.0278,0.3328
HEARTS KING HEARTS EIGHT,0.283,0.0298,0.6872
DIAMONDS KING DIAMONDS FIVE,0.4034,0.006,0.5906
HEARTS THREE DIAMONDS FIVE,0.6346,0.0256,0.3398
HEARTS QUEEN HEARTS EIGHT,0.2626,0.0358,0.7016
DIAMONDS ACE DIAMONDS FIVE,0.4024,0.0038,0.5938
HEARTS FOUR DIAMONDS FIVE,0.6132,0.0262,0.3606
HEARTS FIVE DIAMONDS FIVE,0.443,0.0468,0.5102
HEARTS ACE HEARTS EIGHT,0.2568,0.0268,0.7164
CLUBS FOUR DIAMONDS FIVE,0.6034,0.0284,0.3682
CLUBS FIVE DIAMONDS FIVE,0.4424,0.0462,0.5114
CLUBS SIX DIAMONDS FIVE,0.614,0.0254,0.3606
CLUBS SEVEN DIAMONDS FIVE,0.6304,0.0262,0.3434
CLUBS TWO DIAMONDS FIVE,0.6336,0.0262,0.3402
CLUBS THREE DIAMONDS FIVE,0.6278,0.0294,0.3428
SPADES THREE DIAMONDS FIVE,0.6214,0.02,0.3586
SPADES TWO DIAMONDS FIVE,0.6324,0.0256,0.342
SPADES JACK DIAMONDS EIGHT,0.2434,0.053,0.7036
SPADES FIVE DIAMONDS FIVE,0.4542,0.0454,0.5004
CLUBS TEN HEARTS JACK,0.2314,0.0586,0.71
SPADES TEN DIAMONDS EIGHT,0.0216,0.9582,0.0202
SPADES FOUR DIAMONDS FIVE,0.604,0.0258,0.3702
CLUBS JACK HEARTS JACK,0.165,0.0222,0.8128
HEARTS JACK CLUBS QUEEN,0.3142,0.0104,0.6754
CLUBS NINE DIAMONDS FIVE,0.6332,0.0232,0.3436
HEARTS JACK CLUBS KING,0.33,0.0082,0.6618
CLUBS ACE HEARTS JACK,0.3498,0.005,0.6452
SPADES SEVEN DIAMONDS FIVE,0.6238,0.029,0.3472
SPADES KING DIAMONDS EIGHT,0.2816,0.0278,0.6906
SPADES QUEEN DIAMONDS EIGHT,0.2712,0.0414,0.6874
SPADES SIX DIAMONDS FIVE,0.6116,0.026,0.3624
SPADES NINE DIAMONDS FIVE,0.627,0.0262,0.3468
SPADES EIGHT DIAMONDS FIVE,0.6834,0.0744,0.2422
SPADES ACE DIAMONDS EIGHT,0.275,0.0232,0.7018
DIAMONDS TEN DIAMONDS SIX,0.5214,0.2098,0.2688
HEARTS ACE DIAMONDS SEVEN,0.411,0.003,0.586
DIAMONDS JACK DIAMONDS SIX,0.4002,0.0178,0.582
HEARTS QUEEN DIAMONDS SEVEN,0.4104,0.0114,0.5782
HEARTS KING DIAMONDS SEVEN,0.4216,0.0066,0.5718
DIAMONDS ACE DIAMONDS SIX,0.404,0.0052,0.5908
HEARTS FOUR DIAMONDS SIX,0.6272,0.0246,0.3482
SPADES TWO HEARTS JACK,0.4352,0.0162,0.5486
HEARTS FIVE DIAMONDS SIX,0.6086,0.026,0.3654
DIAMONDS QUEEN DIAMONDS SIX,0.3916,0.0104,0.598
HEARTS TWO DIAMONDS SIX,0.6532,0.0254,0.3214
DIAMONDS KING DIAMONDS SIX,0.4026,0.0058,0.5916
HEARTS THREE DIAMONDS SIX,0.6574,0.0264,0.3162
HEARTS EIGHT DIAMONDS SIX,0.6758,0.079,0.2452
HEARTS NINE DIAMONDS SIX,0.6226,0.0228,0.3546
HEARTS SIX DIAMONDS SIX,0.4332,0.0484,0.5184
HEARTS SEVEN DIAMONDS SIX,0.6226,0.0232,0.3542
CLUBS TWO DIAMONDS SIX,0.6534,0.028,0.3186
HEARTS JACK DIAMONDS SEVEN,0.4048,0.0168,0.5784
CLUBS THREE DIAMONDS SIX,0.645,0.0224,0.3326
CLUBS SEVEN DIAMONDS SIX,0.6256,0.0246,0.3498
CLUBS JACK DIAMONDS EIGHT,0.2468,0.0594,0.6938
CLUBS SIX DIAMONDS SIX,0.4316,0.0392,0.5292
CLUBS TEN DIAMONDS EIGHT,0.0102,0.9736,0.0162
CLUBS FIVE DIAMONDS SIX,0.628,0.0276,0.3444
CLUBS FOUR DIAMONDS SIX,0.6298,0.0274,0.3428
HEARTS ACE HEARTS JACK,0.3474,0.0052,0.6474
DIAMONDS EIGHT CLUBS ACE,0.2806,0.0254,0.694
HEARTS QUEEN HEARTS JACK,0.3064,0.0096,0.684
DIAMONDS EIGHT CLUBS KING,0.2788,0.0276,0.6936
CLUBS NINE DIAMONDS SIX,0.618,0.0238,0.3582
HEARTS KING HEARTS JACK,0.3266,0.0064,0.667
DIAMONDS EIGHT CLUBS QUEEN,0.275,0.04,0.685
SPADES TEN HEARTS KING,0.2482,0.0338,0.718
SPADES FIVE DIAMONDS SIX,0.6142,0.0292,0.3566
HEARTS ACE SPADES TWO,0.4338,0.0038,0.5624
SPADES JACK HEARTS KING,0.336,0.007,0.657
SPADES FOUR DIAMONDS SIX,0.6332,0.027,0.3398
SPADES THREE DIAMONDS SIX,0.6408,0.0244,0.3348
HEARTS QUEEN SPADES TWO,0.4306,0.0116,0.5578
SPADES ACE SPADES KING,0.326,0.0038,0.6702
HEARTS KING SPADES TWO,0.4402,0.0084,0.5514
SPADES TWO DIAMONDS SIX,0.6406,0.0254,0.334
SPADES NINE DIAMONDS SIX,0.6276,0.0216,0.3508
HEARTS JACK HEARTS EIGHT,0.2434,0.0534,0.7032
SPADES EIGHT DIAMONDS SIX,0.6638,0.0714,0.2648
SPADES SEVEN DIAMONDS SIX,0.6296,0.022,0.3484
SPADES SIX DIAMONDS SIX,0.4298,0.0472,0.523
SPADES KING HEARTS KING,0.1754,0.0088,0.8158
SPADES QUEEN HEARTS KING,0.3448,0.0056,0.6496
CLUBS ACE CLUBS KING,0.3278,0.0064,0.6658
SPADES ACE HEARTS KING,0.3598,0.0032,0.637
SPADES ACE HEARTS JACK,0.3362,0.0046,0.6592
SPADES QUEEN HEARTS JACK,0.3244,0.0088,0.6668
SPADES KING HEARTS JACK,0.339,0.0058,0.6552
SPADES TEN DIAMONDS TEN,0.14,0.0498,0.8102
SPADES JACK DIAMONDS TEN,0.2484,0.0516,0.7
SPADES ACE DIAMONDS TEN,0.2772,0.0242,0.6986
SPADES JACK HEARTS JACK,0.1602,0.0242,0.8156
SPADES TEN HEARTS JACK,0.235,0.0574,0.7076
SPADES QUEEN DIAMONDS TEN,0.2488,0.0416,0.7096
SPADES KING DIAMONDS TEN,0.25,0.0306,0.7194
SPADES NINE DIAMONDS SEVEN,0.6272,0.0254,0.3474
SPADES EIGHT DIAMONDS SEVEN,0.6694,0.075,0.2556
SPADES SEVEN DIAMONDS SEVEN,0.4118,0.0458,0.5424
SPADES SIX DIAMONDS SEVEN,0.6204,0.0236,0.356
DIAMONDS KING DIAMONDS SEVEN,0.4066,0.0058,0.5876
HEARTS THREE DIAMONDS SEVEN,0.6648,0.0266,0.3086
HEARTS KING DIAMONDS FIVE,0.4216,0.0062,0.5722
DIAMONDS QUEEN DIAMONDS SEVEN,0.3918,0.0148,0.5934
HEARTS TWO DIAMONDS SEVEN,0.6714,0.0276,0.301
HEARTS QUEEN DIAMONDS FIVE,0.4208,0.009,0.5702
HEARTS FIVE DIAMONDS SEVEN,0.6242,0.0246,0.3512
DIAMONDS ACE DIAMONDS SEVEN,0.3938,0.0046,0.6016
HEARTS FOUR DIAMONDS SEVEN,0.6456,0.0298,0.3246
HEARTS ACE DIAMONDS FIVE,0.42,0.0052,0.5748
HEARTS SEVEN DIAMONDS SEVEN,0.4156,0.0476,0.5368
HEARTS SIX DIAMONDS SEVEN,0.6144,0.0248,0.3608
HEARTS NINE DIAMONDS SEVEN,0.624,0.0254,0.3506
DIAMONDS SEVEN HEARTS EIGHT,0.662,0.0788,0.2592
DIAMONDS JACK DIAMONDS SEVEN,0.3826,0.0146,0.6028
DIAMONDS FIVE HEARTS JACK,0.4308,0.0144,0.5548
DIAMONDS TEN DIAMONDS SEVEN,0.5076,0.2088,0.2836
SPADES KING CLUBS TWO,0.4516,0.007,0.5414
HEARTS KING CLUBS KING,0.1748,0.0106,0.8146
SPADES QUEEN CLUBS TWO,0.4442,0.0112,0.5446
HEARTS KING CLUBS QUEEN,0.3356,0.007,0.6574
CLUBS NINE DIAMONDS SEVEN,0.604,0.0262,0.3698
CLUBS JACK SPADES TWO,0.4324,0.0168,0.5508
SPADES ACE CLUBS TWO,0.438,0.0042,0.5578
CLUBS TEN SPADES TWO,0.5436,0.2396,0.2168
HEARTS KING CLUBS ACE,0.3492,0.0038,0.647
CLUBS SEVEN CLUBS SIX,0.5928,0.0266,0.3806
SPADES TWO CLUBS KING,0.424,0.0076,0.5684
SPADES TWO DIAMONDS SEVEN,0.6696,0.0254,0.305
SPADES THREE DIAMONDS SEVEN,0.6432,0.0252,0.3316
SPADES TWO CLUBS QUEEN,0.4352,0.0106,0.5542
CLUBS NINE CLUBS SIX,0.5978,0.0268,0.3754
SPADES FOUR DIAMONDS SEVEN,0.6366,0.032,0.3314
CLUBS JACK HEARTS KING,0.3266,0.0092,0.6642
SPADES FIVE DIAMONDS SEVEN,0.6284,0.0224,0.3492
SPADES TWO CLUBS ACE,0.4184,0.0058,0.5758
CLUBS TEN HEARTS KING,0.246,0.0334,0.7206
CLUBS SIX SPADES TWO,0.661,0.0282,0.3108
CLUBS SIX SPADES THREE,0.6408,0.0274,0.3318
CLUBS TWO DIAMONDS SEVEN,0.6684,0.0258,0.3058
CLUBS SIX SPADES FOUR,0.6386,0.0266,0.3348
CLUBS THREE DIAMONDS SEVEN,0.6572,0.025,0.3178
CLUBS SIX SPADES FIVE,0.6234,0.0268,0.3498
CLUBS FOUR DIAMONDS SEVEN,0.6556,0.0246,0.3198
CLUBS SIX SPADES SIX,0.427,0.0476,0.5254
CLUBS FIVE DIAMONDS SEVEN,0.6402,0.0266,0.3332
CLUBS SIX SPADES SEVEN,0.621,0.029,0.35
CLUBS SIX DIAMONDS SEVEN,0.6188,0.0262,0.355
CLUBS SIX SPADES EIGHT,0.6726,0.0722,0.2552
SPADES JACK CLUBS TWO,0.435,0.0172,0.5478
CLUBS SEVEN DIAMONDS SEVEN,0.4142,0.0506,0.5352
SPADES NINE CLUBS SIX,0.6264,0.0256,0.348
SPADES TEN CLUBS TWO,0.5588,0.2336,0.2076
CLUBS TWO CLUBS QUEEN,0.4212,0.0092,0.5696
CLUBS TWO CLUBS KING,0.4114,0.0068,0.5818
CLUBS THREE DIAMONDS EIGHT,0.6986,0.0822,0.2192
CLUBS TWO CLUBS ACE,0.4086,0.0076,0.5838
CLUBS TWO DIAMONDS EIGHT,0.6944,0.0816,0.224
DIAMONDS EIGHT HEARTS SEVEN,0.6628,0.081,0.2562
HEARTS SIX DIAMONDS EIGHT,0.6836,0.073,0.2434
DIAMONDS EIGHT HEARTS NINE,0.6826,0.07,0.2474
CLUBS TEN CLUBS TWO,0.5354,0.213,0.2516
DIAMONDS EIGHT HEARTS EIGHT,0.3166,0.043,0.6404
CLUBS JACK CLUBS TWO,0.4146,0.0176,0.5678
CLUBS NINE DIAMONDS EIGHT,0.6592,0.0756,0.2652
CLUBS FIVE DIAMONDS EIGHT,0.6746,0.0804,0.245
SPADES ACE SPADES THREE,0.427,0.004,0.569
CLUBS FOUR DIAMONDS EIGHT,0.6898,0.0814,0.2288
CLUBS SEVEN DIAMONDS EIGHT,0.6546,0.0842,0.2612
SPADES QUEEN SPADES THREE,0.3946,0.011,0.5944
CLUBS SIX DIAMONDS EIGHT,0.6712,0.0844,0.2444
SPADES KING SPADES THREE,0.4208,0.006,0.5732
DIAMONDS QUEEN DIAMONDS EIGHT,0.2644,0.039,0.6966
HEARTS TWO DIAMONDS EIGHT,0.701,0.0892,0.2098
DIAMONDS KING DIAMONDS EIGHT,0.2678,0.0284,0.7038
HEARTS THREE DIAMONDS EIGHT,0.7002,0.0854,0.2144
DIAMONDS ACE DIAMONDS EIGHT,0.2598,0.0214,0.7188
HEARTS FOUR DIAMONDS EIGHT,0.6838,0.079,0.2372
HEARTS FIVE DIAMONDS EIGHT,0.6806,0.081,0.2384
DIAMONDS EIGHT DIAMONDS TEN,0.022,0.91,0.068
DIAMONDS EIGHT DIAMONDS JACK,0.2382,0.052,0.7098
SPADES JACK SPADES THREE,0.4142,0.0142,0.5716
SPADES TEN SPADES THREE,0.5322,0.2072,0.2606
CLUBS FOUR HEARTS ACE,0.4304,0.0068,0.5628
CLUBS FOUR HEARTS QUEEN,0.423,0.0126,0.5644
CLUBS FOUR HEARTS KING,0.4336,0.0066,0.5598
CLUBS SIX HEARTS JACK,0.4244,0.0186,0.557
DIAMONDS EIGHT SPADES FOUR,0.676,0.0818,0.2422
SPADES FIVE DIAMONDS EIGHT,0.6868,0.0794,0.2338
DIAMONDS EIGHT SPADES TWO,0.6954,0.0794,0.2252
DIAMONDS EIGHT SPADES THREE,0.696,0.0786,0.2254
CLUBS FOUR HEARTS JACK,0.437,0.0182,0.5448
SPADES EIGHT DIAMONDS EIGHT,0.3204,0.0466,0.633
SPADES TEN DIAMONDS QUEEN,0.2692,0.0428,0.688
SPADES TEN HEARTS TWO,0.5604,0.2278,0.2118
SPADES JACK HEARTS EIGHT,0.257,0.0568,0.6862
SPADES NINE DIAMONDS EIGHT,0.6676,0.0714,0.261
SPADES TEN HEARTS EIGHT,0.0194,0.9694,0.0112
SPADES JACK HEARTS TWO,0.4274,0.0158,0.5568
SPADES JACK DIAMONDS QUEEN,0.333,0.01,0.657
SPADES SIX DIAMONDS EIGHT,0.6602,0.0724,0.2674
SPADES SEVEN DIAMONDS EIGHT,0.6674,0.077,0.2556
SPADES ACE HEARTS TWO,0.4624,0.0058,0.5318
SPADES ACE DIAMONDS QUEEN,0.3622,0.005,0.6328
SPADES ACE HEARTS EIGHT,0.2868,0.019,0.6942
SPADES KING HEARTS EIGHT,0.2898,0.027,0.6832
SPADES QUEEN HEARTS TWO,0.4402,0.0118,0.548
SPADES QUEEN DIAMONDS QUEEN,0.1766,0.0158,0.8076
SPADES KING DIAMONDS QUEEN,0.3504,0.0042,0.6454
SPADES KING HEARTS TWO,0.4418,0.0064,0.5518
SPADES QUEEN HEARTS EIGHT,0.2658,0.0436,0.6906
CLUBS TWO HEARTS JACK,0.4296,0.0142,0.5562
SPADES SEVEN DIAMONDS NINE,0.623,0.0258,0.3512
SPADES SIX DIAMONDS NINE,0.6168,0.0252,0.358
SPADES NINE DIAMONDS NINE,0.2974,0.0376,0.665
SPADES EIGHT DIAMONDS NINE,0.6724,0.0742,0.2534
SPADES TEN CLUBS KING,0.2592,0.0294,0.7114
DIAMONDS NINE SPADES THREE,0.6386,0.0238,0.3376
SPADES JACK CLUBS KING,0.3532,0.0066,0.6402
DIAMONDS NINE SPADES TWO,0.6496,0.0278,0.3226
DIAMONDS NINE SPADES FIVE,0.6282,0.0256,0.3462
DIAMONDS NINE SPADES FOUR,0.6466,0.0192,0.3342
CLUBS NINE DIAMONDS NINE,0.2834,0.0408,0.6758
CLUBS SIX DIAMONDS NINE,0.6364,0.0262,0.3374
SPADES JACK CLUBS FOUR,0.4246,0.0172,0.5582
CLUBS SEVEN DIAMONDS NINE,0.6034,0.0282,0.3684
SPADES TEN CLUBS FOUR,0.5612,0.2318,0.207
CLUBS FOUR DIAMONDS NINE,0.6556,0.0222,0.3222
CLUBS FIVE DIAMONDS NINE,0.6476,0.0234,0.329
DIAMONDS NINE CLUBS TWO,0.651,0.029,0.32
CLUBS THREE DIAMONDS NINE,0.6392,0.0264,0.3344
DIAMONDS NINE HEARTS EIGHT,0.6802,0.0742,0.2456
DIAMONDS NINE HEARTS NINE,0.2966,0.0364,0.667
HEARTS SIX DIAMONDS NINE,0.6326,0.0244,0.343
DIAMONDS NINE HEARTS SEVEN,0.616,0.0274,0.3566
DIAMONDS ACE DIAMONDS NINE,0.359,0.003,0.638
HEARTS FOUR DIAMONDS NINE,0.6524,0.027,0.3206
HEARTS FIVE DIAMONDS NINE,0.6374,0.0248,0.3378
HEARTS ACE CLUBS TWO,0.43,0.0052,0.5648
SPADES ACE CLUBS FOUR,0.4322,0.003,0.5648
DIAMONDS QUEEN DIAMONDS NINE,0.3622,0.0104,0.6274
HEARTS TWO DIAMONDS NINE,0.6578,0.028,0.3142
CLUBS TWO HEARTS KING,0.4438,0.0068,0.5494
SPADES KING CLUBS FOUR,0.4402,0.0074,0.5524
DIAMONDS KING DIAMONDS NINE,0.364,0.0064,0.6296
HEARTS THREE DIAMONDS NINE,0.6576,0.0268,0.3156
CLUBS TWO HEARTS QUEEN,0.4356,0.0106,0.5538
SPADES QUEEN CLUBS FOUR,0.4312,0.009,0.5598
DIAMONDS NINE DIAMONDS JACK,0.3374,0.0164,0.6462
DIAMONDS NINE DIAMONDS TEN,0.2122,0.162,0.6258
HEARTS SIX DIAMONDS TEN,0.5636,0.225,0.2114
DIAMONDS TEN HEARTS SEVEN,0.5586,0.2224,0.219
DIAMONDS TEN HEARTS EIGHT,0.0174,0.9726,0.01
CLUBS JACK CLUBS FOUR,0.4186,0.0162,0.5652
DIAMONDS TEN HEARTS NINE,0.2222,0.1702,0.6076
CLUBS TEN CLUBS FOUR,0.5282,0.2072,0.2646
CLUBS FOUR CLUBS KING,0.4152,0.0066,0.5782
CLUBS FOUR CLUBS QUEEN,0.4094,0.0096,0.581
CLUBS TWO DIAMONDS TEN,0.5562,0.2202,0.2236
CLUBS THREE DIAMONDS TEN,0.5676,0.2226,0.2098
CLUBS FOUR CLUBS ACE,0.3876,0.0046,0.6078
DIAMONDS JACK DIAMONDS TEN,0.2456,0.0516,0.7028
DIAMONDS QUEEN DIAMONDS TEN,0.2382,0.035,0.7268
HEARTS TWO DIAMONDS TEN,0.5506,0.2338,0.2156
DIAMONDS KING DIAMONDS TEN,0.2436,0.0312,0.7252
HEARTS THREE DIAMONDS TEN,0.568,0.2196,0.2124
DIAMONDS ACE DIAMONDS TEN,0.2534,0.022,0.7246
HEARTS FOUR DIAMONDS TEN,0.5502,0.2262,0.2236
HEARTS FIVE DIAMONDS TEN,0.554,0.2304,0.2156
CLUBS NINE SPADES THREE,0.64,0.0242,0.3358
CLUBS NINE SPADES TWO,0.6446,0.0236,0.3318
CLUBS NINE SPADES FIVE,0.627,0.0286,0.3444
CLUBS NINE SPADES FOUR,0.6396,0.0276,0.3328
CLUBS NINE SPADES SEVEN,0.6298,0.0226,0.3476
CLUBS NINE SPADES SIX,0.6176,0.027,0.3554
CLUBS NINE SPADES NINE,0.2724,0.041,0.6866
CLUBS TEN HEARTS EIGHT,0.0062,0.9854,0.0084
CLUBS NINE SPADES EIGHT,0.6614,0.0744,0.2642
CLUBS JACK HEARTS EIGHT,0.2564,0.0568,0.6868
CLUBS QUEEN HEARTS EIGHT,0.2608,0.0424,0.6968
CLUBS KING HEARTS EIGHT,0.2772,0.0294,0.6934
CLUBS ACE HEARTS EIGHT,0.2826,0.0252,0.6922
SPADES KING CLUBS KING,0.174,0.008,0.818
SPADES QUEEN CLUBS KING,0.3638,0.0056,0.6306
SPADES ACE CLUBS KING,0.3554,0.0052,0.6394
DIAMONDS ACE HEARTS JACK,0.3556,0.004,0.6404
HEARTS FOUR HEARTS JACK,0.4188,0.0152,0.566
SPADES KING CLUBS FIVE,0.439,0.006,0.555
SPADES QUEEN CLUBS FIVE,0.4354,0.0102,0.5544
SPADES ACE CLUBS FIVE,0.4298,0.0042,0.566
DIAMONDS JACK HEARTS SEVEN,0.4174,0.0152,0.5674
HEARTS SIX DIAMONDS JACK,0.4258,0.018,0.5562
DIAMONDS JACK HEARTS NINE,0.3508,0.0172,0.632
DIAMONDS JACK HEARTS EIGHT,0.2478,0.0556,0.6966
DIAMONDS KING DIAMONDS JACK,0.3152,0.007,0.6778
HEARTS THREE DIAMONDS JACK,0.4364,0.017,0.5466
SPADES ACE SPADES SIX,0.3892,0.0038,0.607
HEARTS ACE SPADES FOUR,0.4142,0.0038,0.582
DIAMONDS QUEEN DIAMONDS JACK,0.3078,0.0086,0.6836
HEARTS TWO DIAMONDS JACK,0.4526,0.016,0.5314
HEARTS FIVE DIAMONDS JACK,0.4272,0.017,0.5558
SPADES QUEEN SPADES SIX,0.3938,0.011,0.5952
SPADES FOUR HEARTS QUEEN,0.4292,0.0126,0.5582
DIAMONDS ACE DIAMONDS JACK,0.3252,0.0046,0.6702
HEARTS FOUR DIAMONDS JACK,0.4362,0.0162,0.5476
SPADES KING SPADES SIX,0.3856,0.0062,0.6082
SPADES FOUR HEARTS KING,0.4224,0.0052,0.5724
SPADES TEN SPADES SIX,0.5138,0.2134,0.2728
SPADES JACK SPADES SIX,0.4082,0.015,0.5768
SPADES FOUR DIAMONDS JACK,0.4248,0.0178,0.5574
SPADES FIVE DIAMONDS JACK,0.436,0.0138,0.5502
DIAMONDS JACK SPADES TWO,0.4184,0.018,0.5636
DIAMONDS JACK SPADES THREE,0.4364,0.0164,0.5472
SPADES ACE DIAMONDS THREE,0.43,0.004,0.566
SPADES QUEEN DIAMONDS THREE,0.4558,0.011,0.5332
SPADES KING DIAMONDS THREE,0.4434,0.0054,0.5512
CLUBS NINE DIAMONDS JACK,0.3552,0.014,0.6308
CLUBS SIX DIAMONDS JACK,0.4222,0.0146,0.5632
CLUBS SEVEN DIAMONDS JACK,0.3988,0.0184,0.5828
CLUBS FOUR DIAMONDS JACK,0.4348,0.0168,0.5484
CLUBS FIVE DIAMONDS JACK,0.427,0.0172,0.5558
CLUBS TWO DIAMONDS JACK,0.449,0.0214,0.5296
CLUBS THREE DIAMONDS JACK,0.4382,0.0186,0.5432
SPADES TEN CLUBS FIVE,0.5518,0.222,0.2262
HEARTS SIX SPADES JACK,0.4224,0.0184,0.5592
HEARTS SIX SPADES TEN,0.5508,0.2344,0.2148
SPADES JACK CLUBS FIVE,0.4344,0.0174,0.5482
SPADES JACK DIAMONDS THREE,0.446,0.0162,0.5378
CLUBS SEVEN CLUBS ACE,0.3952,0.0048,0.6
DIAMONDS THREE SPADES TEN,0.5522,0.2176,0.2302
CLUBS SEVEN CLUBS QUEEN,0.4086,0.014,0.5774
CLUBS SEVEN CLUBS KING,0.4056,0.007,0.5874
SPADES NINE DIAMONDS JACK,0.3682,0.0142,0.6176
CLUBS TEN CLUBS SEVEN,0.5172,0.2242,0.2586
DIAMONDS ACE HEARTS ACE,0.1774,0.0034,0.8192
HEARTS FOUR HEARTS ACE,0.405,0.0062,0.5888
SPADES EIGHT DIAMONDS JACK,0.2578,0.053,0.6892
SPADES ACE HEARTS SIX,0.4162,0.0038,0.58
CLUBS JACK CLUBS SEVEN,0.3992,0.0174,0.5834
DIAMONDS ACE HEARTS KING,0.3466,0.0046,0.6488
HEARTS FOUR HEARTS KING,0.3978,0.007,0.5952
SPADES SEVEN DIAMONDS JACK,0.408,0.0146,0.5774
SPADES KING HEARTS SIX,0.428,0.0052,0.5668
DIAMONDS ACE HEARTS QUEEN,0.3604,0.0048,0.6348
HEARTS FOUR HEARTS QUEEN,0.411,0.0104,0.5786
SPADES QUEEN HEARTS SIX,0.4292,0.0084,0.5624
SPADES SIX DIAMONDS JACK,0.4286,0.0126,0.5588
DIAMONDS TEN SPADES TWO,0.5536,0.2306,0.2158
SPADES THREE DIAMONDS TEN,0.5614,0.2164,0.2222
SPADES FOUR DIAMONDS TEN,0.553,0.2204,0.2266
SPADES FIVE DIAMONDS TEN,0.5372,0.2306,0.2322
SPADES SIX DIAMONDS TEN,0.542,0.2254,0.2326
SPADES SEVEN DIAMONDS TEN,0.5536,0.2232,0.2232
SPADES EIGHT DIAMONDS TEN,0.02,0.9568,0.0232
SPADES NINE DIAMONDS TEN,0.2276,0.161,0.6114
CLUBS FOUR DIAMONDS TEN,0.5526,0.2266,0.2208
CLUBS FIVE DIAMONDS TEN,0.5644,0.216,0.2196
CLUBS SIX DIAMONDS TEN,0.5512,0.227,0.2218
CLUBS SEVEN DIAMONDS TEN,0.5598,0.217,0.2232
CLUBS NINE DIAMONDS TEN,0.2192,0.177,0.6038
CLUBS JACK DIAMONDS THREE,0.421,0.019,0.56
CLUBS TEN DIAMONDS THREE,0.554,0.224,0.222
DIAMONDS THREE CLUBS KING,0.4448,0.0104,0.5448
DIAMONDS THREE CLUBS QUEEN,0.4252,0.013,0.5618
DIAMONDS THREE CLUBS ACE,0.4254,0.003,0.5716
SPADES FOUR HEARTS JACK,0.4292,0.0148,0.556
SPADES FIVE SPADES TWO,0.5856,0.0232,0.3912
SPADES FOUR SPADES TWO,0.593,0.022,0.385
SPADES THREE SPADES TWO,0.5994,0.0274,0.3732
SPADES NINE SPADES TWO,0.6082,0.0262,0.3656
SPADES EIGHT SPADES TWO,0.6528,0.077,0.2702
SPADES SEVEN SPADES TWO,0.6366,0.024,0.3394
SPADES SIX SPADES TWO,0.603,0.0292,0.3678
DIAMONDS QUEEN CLUBS THREE,0.4418,0.0092,0.549
CLUBS THREE HEARTS TWO,0.6644,0.0254,0.3102
DIAMONDS QUEEN CLUBS TWO,0.4392,0.0104,0.5504
HEARTS TWO CLUBS TWO,0.4492,0.0492,0.5016
DIAMONDS QUEEN HEARTS SEVEN,0.4298,0.0114,0.5588
HEARTS TWO HEARTS SEVEN,0.65,0.0238,0.3262
HEARTS SIX DIAMONDS QUEEN,0.4318,0.009,0.5592
HEARTS SIX HEARTS TWO,0.6334,0.0278,0.3388
DIAMONDS QUEEN HEARTS NINE,0.3764,0.0106,0.613
HEARTS TWO HEARTS NINE,0.6264,0.0258,0.3478
DIAMONDS QUEEN HEARTS EIGHT,0.2732,0.0404,0.6864
HEARTS TWO HEARTS EIGHT,0.67,0.082,0.248
CLUBS NINE HEARTS TWO,0.6546,0.0312,0.3142
CLUBS NINE DIAMONDS QUEEN,0.3692,0.0092,0.6216
CLUBS FIVE DIAMONDS QUEEN,0.4296,0.011,0.5594
CLUBS FIVE HEARTS TWO,0.646,0.025,0.329
SPADES EIGHT HEARTS ACE,0.2688,0.0256,0.7056
DIAMONDS QUEEN CLUBS FOUR,0.4452,0.0118,0.543
HEARTS TWO CLUBS FOUR,0.6402,0.0266,0.3332
CLUBS SEVEN DIAMONDS QUEEN,0.4248,0.0098,0.5654
CLUBS SEVEN HEARTS TWO,0.6826,0.0294,0.288
SPADES EIGHT HEARTS QUEEN,0.2602,0.0434,0.6964
CLUBS SIX DIAMONDS QUEEN,0.4262,0.0092,0.5646
CLUBS SIX HEARTS TWO,0.6686,0.0286,0.3028
SPADES EIGHT HEARTS KING,0.2838,0.0342,0.682
HEARTS TWO SPADES SIX,0.6504,0.0258,0.3238
DIAMONDS QUEEN SPADES SIX,0.4318,0.0108,0.5574
HEARTS FOUR CLUBS QUEEN,0.419,0.0106,0.5704
DIAMONDS ACE CLUBS QUEEN,0.3614,0.0038,0.6348
DIAMONDS QUEEN SPADES SEVEN,0.4142,0.0098,0.576
HEARTS TWO SPADES SEVEN,0.6614,0.0268,0.3118
HEARTS FOUR CLUBS KING,0.4274,0.0088,0.5638
DIAMONDS ACE CLUBS KING,0.362,0.0034,0.6346
DIAMONDS QUEEN SPADES EIGHT,0.2728,0.039,0.6882
SPADES EIGHT HEARTS TWO,0.6996,0.0838,0.2166
HEARTS FOUR CLUBS ACE,0.4156,0.005,0.5794
DIAMONDS ACE CLUBS ACE,0.163,0.0026,0.8344
SPADES NINE DIAMONDS QUEEN,0.3464,0.0116,0.642
SPADES NINE HEARTS TWO,0.6496,0.0224,0.328
HEARTS TWO SPADES TWO,0.4456,0.0472,0.5072
DIAMONDS QUEEN SPADES TWO,0.4352,0.012,0.5528
HEARTS TWO SPADES THREE,0.6506,0.0272,0.3222
DIAMONDS QUEEN SPADES THREE,0.4394,0.0126,0.548
HEARTS TWO SPADES FOUR,0.642,0.0286,0.3294
DIAMONDS QUEEN SPADES FOUR,0.4318,0.01,0.5582
CLUBS TEN HEARTS FOUR,0.5544,0.2222,0.2234
CLUBS TEN DIAMONDS ACE,0.2564,0.0214,0.7222
HEARTS TWO SPADES FIVE,0.6316,0.0274,0.341
DIAMONDS QUEEN SPADES FIVE,0.444,0.014,0.542
HEARTS FOUR CLUBS JACK,0.4276,0.0182,0.5542
CLUBS JACK DIAMONDS ACE,0.3562,0.0038,0.64
CLUBS FIVE CLUBS KING,0.4136,0.0072,0.5792
CLUBS FIVE CLUBS QUEEN,0.4068,0.0108,0.5824
CLUBS FIVE CLUBS ACE,0.3974,0.0046,0.598
CLUBS JACK CLUBS FIVE,0.4142,0.017,0.5688
CLUBS TEN CLUBS FIVE,0.5216,0.2256,0.2528
SPADES KING CLUBS JACK,0.346,0.0062,0.6478
CLUBS JACK SPADES QUEEN,0.335,0.009,0.656
SPADES ACE CLUBS JACK,0.3568,0.0026,0.6406
SPADES SIX CLUBS KING,0.435,0.0084,0.5566
SPADES SIX CLUBS QUEEN,0.4234,0.0098,0.5668
SPADES EIGHT HEARTS JACK,0.2572,0.0596,0.6832
SPADES SIX CLUBS ACE,0.4158,0.0036,0.5806
CLUBS JACK SPADES SIX,0.4278,0.015,0.5572
CLUBS TEN SPADES SIX,0.5562,0.2256,0.2182
CLUBS JACK SPADES TEN,0.2374,0.0514,0.7112
CLUBS JACK SPADES JACK,0.1616,0.0212,0.8172
SPADES QUEEN CLUBS SEVEN,0.4348,0.011,0.5542
SPADES KING CLUBS SEVEN,0.4178,0.0076,0.5746
SPADES ACE CLUBS SEVEN,0.4166,0.0034,0.58
SPADES SIX HEARTS JACK,0.414,0.0206,0.5654
SPADES SIX HEARTS ACE,0.423,0.0042,0.5728
SPADES SIX HEARTS KING,0.423,0.0066,0.5704
SPADES SIX HEARTS QUEEN,0.4098,0.0092,0.581
CLUBS SEVEN SPADES JACK,0.4202,0.0154,0.5644
CLUBS SEVEN SPADES TEN,0.5544,0.2296,0.216
CLUBS TEN HEARTS SIX,0.5524,0.2276,0.22
CLUBS JACK HEARTS SIX,0.4314,0.016,0.5526
CLUBS JACK CLUBS ACE,0.3532,0.0056,0.6412
HEARTS SIX CLUBS QUEEN,0.4326,0.0116,0.5558
HEARTS SIX CLUBS KING,0.4338,0.0064,0.5598
HEARTS SIX CLUBS ACE,0.4192,0.004,0.5768
CLUBS JACK CLUBS QUEEN,0.3228,0.0094,0.6678
CLUBS JACK CLUBS KING,0.3176,0.0068,0.6756
DIAMONDS THREE HEARTS ACE,0.4322,0.005,0.5628
DIAMONDS THREE HEARTS QUEEN,0.433,0.0096,0.5574
DIAMONDS THREE HEARTS KING,0.431,0.0078,0.5612
CLUBS FIVE HEARTS JACK,0.4248,0.019,0.5562
SPADES TEN DIAMONDS ACE,0.277,0.0198,0.7032
HEARTS FOUR SPADES TEN,0.5624,0.222,0.2156
HEARTS FOUR SPADES JACK,0.4374,0.0162,0.5464
SPADES JACK DIAMONDS ACE,0.363,0.0026,0.6344
SPADES ACE HEARTS FOUR,0.4328,0.0034,0.5638
SPADES ACE DIAMONDS ACE,0.1714,0.0036,0.825
CLUBS FIVE HEARTS ACE,0.418,0.0044,0.5776
CLUBS FIVE HEARTS KING,0.4294,0.0082,0.5624
HEARTS FOUR SPADES QUEEN,0.4294,0.0114,0.5592
SPADES QUEEN DIAMONDS ACE,0.3716,0.0032,0.6252
CLUBS JACK SPADES FOUR,0.4352,0.0154,0.5494
CLUBS FIVE HEARTS QUEEN,0.4266,0.0128,0.5606
SPADES KING DIAMONDS ACE,0.359,0.0034,0.6376
HEARTS FOUR SPADES KING,0.4396,0.008,0.5524
CLUBS TEN SPADES FOUR,0.5468,0.2228,0.2304
DIAMONDS QUEEN DIAMONDS ACE,0.3384,0.0024,0.6592
HEARTS TWO DIAMONDS ACE,0.4392,0.0044,0.5564
HEARTS FOUR DIAMONDS QUEEN,0.4388,0.0114,0.5498
HEARTS FOUR HEARTS TWO,0.6124,0.0256,0.362
SPADES FOUR CLUBS KING,0.4304,0.0088,0.5608
HEARTS FIVE DIAMONDS QUEEN,0.4412,0.0114,0.5474
HEARTS FIVE HEARTS TWO,0.6002,0.0236,0.3762
DIAMONDS THREE HEARTS JACK,0.4356,0.0182,0.5462
SPADES FOUR CLUBS QUEEN,0.4284,0.0104,0.5612
DIAMONDS QUEEN HEARTS TWO,0.4438,0.0114,0.5448
DIAMONDS KING DIAMONDS QUEEN,0.3314,0.0078,0.6608
DIAMONDS KING HEARTS TWO,0.4288,0.0072,0.564
HEARTS THREE DIAMONDS QUEEN,0.4262,0.0136,0.5602
HEARTS THREE HEARTS TWO,0.6104,0.028,0.3616
SPADES FOUR CLUBS ACE,0.4188,0.0032,0.578
HEARTS TWO CLUBS ACE,0.436,0.0036,0.5604
DIAMONDS QUEEN CLUBS ACE,0.3474,0.0036,0.649
HEARTS TWO CLUBS QUEEN,0.434,0.0152,0.5508
DIAMONDS QUEEN CLUBS QUEEN,0.1762,0.0134,0.8104
HEARTS TWO CLUBS KING,0.4368,0.0094,0.5538
DIAMONDS QUEEN CLUBS KING,0.3348,0.0072,0.658
SPADES EIGHT SPADES FIVE,0.6372,0.0762,0.2866
CLUBS TEN HEARTS TWO,0.5522,0.2402,0.2076
CLUBS TEN DIAMONDS QUEEN,0.2608,0.0408,0.6984
SPADES NINE SPADES FIVE,0.6034,0.0222,0.3744
CLUBS JACK HEARTS TWO,0.432,0.0168,0.5512
CLUBS JACK DIAMONDS QUEEN,0.3194,0.0102,0.6704
SPADES SIX SPADES FIVE,0.58,0.0298,0.3902
SPADES SEVEN SPADES FIVE,0.6008,0.024,0.3752
DIAMONDS FIVE CLUBS QUEEN,0.4328,0.0098,0.5574
SPADES EIGHT CLUBS ACE,0.2732,0.0246,0.7022
DIAMONDS FIVE CLUBS KING,0.4122,0.0062,0.5816
SPADES EIGHT CLUBS KING,0.2794,0.031,0.6896
DIAMONDS FIVE CLUBS ACE,0.4314,0.0068,0.5618
SPADES EIGHT CLUBS QUEEN,0.2602,0.0352,0.7046
CLUBS JACK SPADES EIGHT,0.2438,0.056,0.7002
CLUBS TEN SPADES EIGHT,0.01,0.9724,0.0176
CLUBS TEN DIAMONDS FIVE,0.5384,0.2356,0.226
CLUBS JACK DIAMONDS FIVE,0.44,0.019,0.541
DIAMONDS TEN HEARTS JACK,0.2306,0.054,0.7154
SPADES ACE CLUBS NINE,0.4006,0.0026,0.5968
SPADES QUEEN CLUBS NINE,0.3748,0.0082,0.617
SPADES KING CLUBS NINE,0.3834,0.0066,0.61
HEARTS SIX HEARTS KING,0.404,0.007,0.589
DIAMONDS KING SPADES SEVEN,0.4152,0.0048,0.58
HEARTS THREE SPADES SEVEN,0.6624,0.0288,0.3088
SPADES KING DIAMONDS SEVEN,0.4312,0.0062,0.5626
HEARTS SIX HEARTS QUEEN,0.4162,0.0096,0.5742
SPADES QUEEN DIAMONDS SEVEN,0.43,0.01,0.56
HEARTS THREE SPADES SIX,0.6332,0.026,0.3408
DIAMONDS KING SPADES SIX,0.4286,0.0056,0.5658
DIAMONDS KING SPADES NINE,0.3968,0.0044,0.5988
HEARTS THREE SPADES NINE,0.6524,0.0262,0.3214
HEARTS SIX HEARTS ACE,0.4074,0.0044,0.5882
