opposingHand,winningChance,drawChance,lostChance
CLUBS TEN CLUBS ACE
HEARTS FIVE SPADES TEN,0.7638,0.0242,0.212
SPADES JACK HEARTS FIVE,0.6508,0.005,0.3442
SPADES FIVE CLUBS JACK,0.6642,0.0038,0.332
CLUBS EIGHT CLUBS JACK,0.6422,0.0056,0.3522
CLUBS EIGHT CLUBS KING,0.653,0.008,0.339
CLUBS EIGHT CLUBS QUEEN,0.6442,0.0052,0.3506
SPADES FIVE CLUBS KING,0.6648,0.005,0.3302
SPADES FIVE CLUBS QUEEN,0.6576,0.0048,0.3376
DIAMONDS TWO DIAMONDS THREE,0.636,0.0078,0.3562
DIAMONDS TWO DIAMONDS FIVE,0.6336,0.005,0.3614
SPADES KING HEARTS FIVE,0.6746,0.0032,0.3222
DIAMONDS TWO DIAMONDS FOUR,0.6232,0.005,0.3718
SPADES QUEEN HEARTS FIVE,0.6706,0.0026,0.3268
DIAMONDS TWO DIAMONDS SEVEN,0.6478,0.005,0.3472
DIAMONDS TWO DIAMONDS SIX,0.6484,0.0058,0.3458
SPADES ACE HEARTS FIVE,0.653,0.1158,0.2312
DIAMONDS TWO DIAMONDS NINE,0.6572,0.0054,0.3374
DIAMONDS TWO DIAMONDS EIGHT,0.6608,0.0062,0.333
DIAMONDS THREE DIAMONDS FOUR,0.616,0.0066,0.3774
CLUBS TWO SPADES FOUR,0.6704,0.0056,0.324
DIAMONDS THREE DIAMONDS FIVE,0.619,0.0046,0.3764
CLUBS TWO SPADES FIVE,0.6826,0.0052,0.3122
CLUBS TWO SPADES TWO,0.5034,0.0096,0.487
CLUBS TWO SPADES THREE,0.67,0.006,0.324
DIAMONDS THREE DIAMONDS EIGHT,0.65,0.004,0.346
SPADES EIGHT CLUBS TWO,0.7006,0.0074,0.292
DIAMONDS THREE DIAMONDS NINE,0.642,0.0054,0.3526
SPADES NINE CLUBS TWO,0.7008,0.006,0.2932
DIAMONDS THREE DIAMONDS SIX,0.6224,0.0038,0.3738
CLUBS TWO SPADES SIX,0.6874,0.0056,0.307
DIAMONDS THREE DIAMONDS SEVEN,0.6608,0.0044,0.3348
CLUBS TWO SPADES SEVEN,0.6926,0.0036,0.3038
CLUBS SIX CLUBS TWO,0.6768,0.0048,0.3184
CLUBS SEVEN CLUBS TWO,0.6864,0.0066,0.307
CLUBS FOUR CLUBS TWO,0.6582,0.0068,0.335
CLUBS FIVE CLUBS TWO,0.6832,0.006,0.3108
DIAMONDS FOUR DIAMONDS SIX,0.6322,0.005,0.3628
DIAMONDS FOUR DIAMONDS SEVEN,0.6362,0.004,0.3598
CLUBS EIGHT CLUBS TWO,0.687,0.0058,0.3072
DIAMONDS FIVE DIAMONDS FOUR,0.6124,0.0044,0.3832
CLUBS NINE CLUBS TWO,0.7006,0.0058,0.2936
DIAMONDS NINE DIAMONDS FOUR,0.6672,0.0054,0.3274
DIAMONDS EIGHT DIAMONDS FOUR,0.6338,0.0038,0.3624
CLUBS TWO CLUBS THREE,0.6716,0.0054,0.323
DIAMONDS NINE DIAMONDS FIVE,0.6444,0.0068,0.3488
DIAMONDS TWO CLUBS JACK,0.6658,0.0056,0.3286
DIAMONDS EIGHT DIAMONDS FIVE,0.6268,0.0046,0.3686
DIAMONDS FIVE DIAMONDS SEVEN,0.609,0.0054,0.3856
DIAMONDS FIVE DIAMONDS SIX,0.6098,0.0052,0.385
DIAMONDS TWO CLUBS KING,0.6706,0.006,0.3234
DIAMONDS TWO CLUBS QUEEN,0.669,0.0042,0.3268
DIAMONDS EIGHT DIAMONDS SIX,0.6282,0.005,0.3668
DIAMONDS NINE DIAMONDS SIX,0.6324,0.0042,0.3634
HEARTS ACE SPADES THREE,0.6584,0.116,0.2256
HEARTS KING SPADES THREE,0.684,0.0038,0.3122
DIAMONDS SEVEN DIAMONDS SIX,0.6108,0.003,0.3862
SPADES THREE HEARTS QUEEN,0.6802,0.0046,0.3152
HEARTS JACK SPADES THREE,0.6716,0.0032,0.3252
SPADES THREE HEARTS TEN,0.768,0.02,0.212
DIAMONDS EIGHT DIAMONDS SEVEN,0.6156,0.0026,0.3818
DIAMONDS NINE DIAMONDS SEVEN,0.6178,0.005,0.3772
DIAMONDS NINE DIAMONDS EIGHT,0.609,0.0036,0.3874
DIAMONDS KING HEARTS TEN,0.7342,0.022,0.2438
HEARTS THREE HEARTS TEN,0.7294,0.0262,0.2444
CLUBS SIX SPADES JACK,0.677,0.0032,0.3198
DIAMONDS KING HEARTS JACK,0.6118,0.0034,0.3848
HEARTS THREE HEARTS JACK,0.6278,0.005,0.3672
CLUBS SIX SPADES TEN,0.75,0.0234,0.2266
SPADES JACK SPADES FIVE,0.6366,0.0064,0.357
SPADES TEN SPADES FIVE,0.7192,0.02,0.2608
DIAMONDS KING HEARTS ACE,0.3036,0.0462,0.6502
HEARTS THREE HEARTS ACE,0.6366,0.1036,0.2598
SPADES ACE CLUBS SIX,0.6714,0.112,0.2166
DIAMONDS KING HEARTS QUEEN,0.6128,0.0056,0.3816
HEARTS THREE HEARTS QUEEN,0.6414,0.0054,0.3532
SPADES KING CLUBS SIX,0.6624,0.0042,0.3334
DIAMONDS KING HEARTS KING,0.3316,0.0028,0.6656
HEARTS THREE HEARTS KING,0.6324,0.0048,0.3628
SPADES QUEEN CLUBS SIX,0.6666,0.0042,0.3292
SPADES NINE HEARTS TEN,0.7282,0.023,0.2488
SPADES NINE HEARTS JACK,0.6438,0.0052,0.351
SPADES QUEEN SPADES FIVE,0.631,0.0046,0.3644
SPADES KING SPADES FIVE,0.621,0.0048,0.3742
SPADES ACE SPADES FIVE,0.6144,0.1116,0.274
SPADES NINE HEARTS QUEEN,0.6528,0.0044,0.3428
SPADES NINE HEARTS KING,0.6686,0.0048,0.3266
SPADES NINE HEARTS ACE,0.6618,0.1084,0.2298
SPADES FIVE HEARTS QUEEN,0.6734,0.0034,0.3232
HEARTS KING SPADES FIVE,0.6762,0.0036,0.3202
SPADES FIVE HEARTS ACE,0.6436,0.1122,0.2442
CLUBS EIGHT SPADES TEN,0.7328,0.0204,0.2468
HEARTS THREE SPADES JACK,0.6786,0.0042,0.3172
SPADES JACK DIAMONDS KING,0.622,0.0042,0.3738
SPADES TEN DIAMONDS KING,0.739,0.0224,0.2386
HEARTS THREE SPADES TEN,0.7676,0.0254,0.207
CLUBS EIGHT SPADES JACK,0.6424,0.0042,0.3534
SPADES ACE CLUBS EIGHT,0.6604,0.1188,0.2208
HEARTS FIVE CLUBS JACK,0.6682,0.0068,0.325
CLUBS SIX HEARTS ACE,0.6668,0.1138,0.2194
CLUBS EIGHT SPADES QUEEN,0.6596,0.0038,0.3366
CLUBS SIX HEARTS QUEEN,0.6706,0.0054,0.324
CLUBS EIGHT SPADES KING,0.6534,0.0056,0.341
SPADES THREE CLUBS JACK,0.6666,0.0052,0.3282
CLUBS SIX HEARTS KING,0.671,0.005,0.324
DIAMONDS TWO HEARTS JACK,0.6822,0.0052,0.3126
SPADES THREE CLUBS QUEEN,0.6688,0.0056,0.3256
DIAMONDS TWO HEARTS TEN,0.7752,0.0228,0.202
SPADES THREE CLUBS KING,0.6572,0.0052,0.3376
SPADES FIVE HEARTS TEN,0.7568,0.0246,0.2186
HEARTS FIVE CLUBS KING,0.6576,0.007,0.3354
SPADES FIVE HEARTS JACK,0.6778,0.003,0.3192
HEARTS FIVE CLUBS QUEEN,0.664,0.0038,0.3322
HEARTS THREE CLUBS KING,0.6536,0.005,0.3414
DIAMONDS KING CLUBS KING,0.3118,0.0028,0.6854
HEARTS THREE CLUBS QUEEN,0.661,0.007,0.332
DIAMONDS KING CLUBS QUEEN,0.601,0.0056,0.3934
HEARTS FIVE HEARTS JACK,0.6296,0.005,0.3654
HEARTS FIVE HEARTS TEN,0.7044,0.0214,0.2742
SPADES ACE CLUBS QUEEN,0.2656,0.059,0.6754
SPADES KING CLUBS QUEEN,0.6188,0.0048,0.3764
HEARTS THREE CLUBS JACK,0.676,0.008,0.316
DIAMONDS KING CLUBS JACK,0.6184,0.0054,0.3762
SPADES QUEEN CLUBS QUEEN,0.3374,0.0028,0.6598
SPADES JACK CLUBS QUEEN,0.599,0.0058,0.3952
CLUBS SIX CLUBS QUEEN,0.6628,0.006,0.3312
SPADES TEN CLUBS QUEEN,0.7216,0.0182,0.2602
CLUBS SIX CLUBS KING,0.6654,0.0046,0.33
HEARTS FIVE HEARTS KING,0.6268,0.0068,0.3664
HEARTS FIVE HEARTS QUEEN,0.6266,0.0046,0.3688
HEARTS FIVE HEARTS ACE,0.609,0.1138,0.2772
CLUBS SIX CLUBS JACK,0.669,0.0062,0.3248
SPADES SEVEN HEARTS JACK,0.6598,0.0038,0.3364
SPADES SEVEN HEARTS TEN,0.7338,0.0224,0.2438
DIAMONDS TWO CLUBS TWO,0.497,0.0056,0.4974
DIAMONDS TWO CLUBS THREE,0.6596,0.0064,0.334
HEARTS SIX DIAMONDS TWO,0.6754,0.0042,0.3204
DIAMONDS TWO HEARTS QUEEN,0.6792,0.0058,0.315
DIAMONDS TWO HEARTS SEVEN,0.6932,0.0046,0.3022
DIAMONDS TWO HEARTS KING,0.6904,0.0032,0.3064
DIAMONDS TWO HEARTS EIGHT,0.7016,0.0062,0.2922
DIAMONDS TWO HEARTS ACE,0.67,0.1128,0.2172
DIAMONDS TWO HEARTS NINE,0.704,0.0054,0.2906
DIAMONDS TWO DIAMONDS QUEEN,0.627,0.0054,0.3676
DIAMONDS TWO HEARTS TWO,0.517,0.007,0.476
DIAMONDS TWO DIAMONDS KING,0.632,0.0052,0.3628
HEARTS THREE DIAMONDS TWO,0.6846,0.0058,0.3096
DIAMONDS TWO DIAMONDS ACE,0.6176,0.1156,0.2668
HEARTS FOUR DIAMONDS TWO,0.6802,0.0048,0.315
DIAMONDS TWO HEARTS FIVE,0.668,0.0036,0.3284
SPADES SEVEN HEARTS ACE,0.6678,0.112,0.2202
DIAMONDS TWO DIAMONDS TEN,0.7262,0.0194,0.2544
SPADES SEVEN HEARTS KING,0.6748,0.0026,0.3226
DIAMONDS TWO DIAMONDS JACK,0.6334,0.0038,0.3628
SPADES SEVEN HEARTS QUEEN,0.6724,0.0038,0.3238
DIAMONDS TWO SPADES NINE,0.7086,0.0046,0.2868
DIAMONDS TWO SPADES EIGHT,0.7028,0.0036,0.2936
DIAMONDS TWO SPADES SEVEN,0.6882,0.0054,0.3064
DIAMONDS TWO SPADES SIX,0.6928,0.0072,0.3
DIAMONDS TWO SPADES FIVE,0.6668,0.005,0.3282
DIAMONDS TWO SPADES FOUR,0.671,0.0066,0.3224
DIAMONDS TWO SPADES THREE,0.672,0.006,0.322
DIAMONDS TWO SPADES TWO,0.5118,0.0074,0.4808
CLUBS NINE DIAMONDS TWO,0.6912,0.006,0.3028
CLUBS EIGHT DIAMONDS TWO,0.696,0.005,0.299
DIAMONDS TWO CLUBS SEVEN,0.6876,0.0048,0.3076
CLUBS SIX DIAMONDS TWO,0.6826,0.0034,0.314
DIAMONDS TWO CLUBS FIVE,0.6712,0.003,0.3258
DIAMONDS TWO CLUBS FOUR,0.6688,0.0056,0.3256
CLUBS FOUR SPADES FIVE,0.6446,0.0062,0.3492
CLUBS FOUR SPADES FOUR,0.503,0.006,0.491
CLUBS FOUR SPADES THREE,0.6578,0.0074,0.3348
CLUBS FOUR SPADES TWO,0.6714,0.0068,0.3218
CLUBS FOUR SPADES NINE,0.6862,0.006,0.3078
CLUBS FOUR SPADES EIGHT,0.682,0.0038,0.3142
CLUBS FOUR SPADES SEVEN,0.673,0.006,0.321
CLUBS FOUR SPADES SIX,0.656,0.0056,0.3384
SPADES ACE DIAMONDS SIX,0.654,0.1096,0.2364
SPADES QUEEN DIAMONDS SIX,0.6682,0.004,0.3278
SPADES KING DIAMONDS SIX,0.664,0.0046,0.3314
SPADES TEN DIAMONDS SIX,0.7468,0.0208,0.2324
SPADES JACK DIAMONDS SIX,0.6924,0.0026,0.305
SPADES QUEEN SPADES TWO,0.6366,0.0054,0.358
SPADES KING SPADES TWO,0.6326,0.006,0.3614
SPADES ACE SPADES TWO,0.6172,0.1094,0.2734
DIAMONDS JACK CLUBS JACK,0.338,0.0046,0.6574
DIAMONDS JACK CLUBS KING,0.6166,0.005,0.3784
DIAMONDS JACK CLUBS QUEEN,0.6098,0.0066,0.3836
DIAMONDS THREE DIAMONDS JACK,0.6166,0.0074,0.376
DIAMONDS THREE DIAMONDS TEN,0.723,0.0214,0.2556
DIAMONDS THREE DIAMONDS KING,0.6334,0.004,0.3626
HEARTS THREE DIAMONDS THREE,0.5164,0.0054,0.4782
DIAMONDS THREE DIAMONDS QUEEN,0.63,0.0066,0.3634
DIAMONDS THREE HEARTS TWO,0.6668,0.0064,0.3268
HEARTS FIVE DIAMONDS THREE,0.6794,0.0048,0.3158
DIAMONDS THREE DIAMONDS ACE,0.6064,0.116,0.2776
HEARTS FOUR DIAMONDS THREE,0.6558,0.0068,0.3374
DIAMONDS THREE HEARTS SEVEN,0.6942,0.0038,0.302
SPADES TEN SPADES NINE,0.6848,0.0222,0.293
HEARTS SIX DIAMONDS THREE,0.679,0.0028,0.3182
SPADES JACK SPADES NINE,0.5964,0.0038,0.3998
DIAMONDS THREE HEARTS NINE,0.6924,0.005,0.3026
HEARTS JACK DIAMONDS FOUR,0.6598,0.0044,0.3358
HEARTS KING HEARTS ACE,0.2742,0.043,0.6828
SPADES TEN SPADES TWO,0.728,0.0212,0.2508
DIAMONDS THREE HEARTS EIGHT,0.7076,0.0056,0.2868
HEARTS TEN DIAMONDS FOUR,0.7696,0.0236,0.2068
SPADES JACK SPADES TWO,0.634,0.0056,0.3604
HEARTS QUEEN DIAMONDS FOUR,0.6716,0.0032,0.3252
HEARTS KING DIAMONDS FOUR,0.6618,0.0056,0.3326
SPADES ACE SPADES NINE,0.6324,0.1028,0.2648
HEARTS ACE DIAMONDS FOUR,0.6382,0.109,0.2528
SPADES KING SPADES NINE,0.6192,0.005,0.3758
SPADES QUEEN SPADES NINE,0.6176,0.004,0.3784
DIAMONDS THREE SPADES NINE,0.6982,0.0048,0.297
DIAMONDS THREE SPADES EIGHT,0.6866,0.0044,0.309
DIAMONDS THREE SPADES SEVEN,0.6776,0.0032,0.3192
DIAMONDS THREE SPADES SIX,0.6744,0.005,0.3206
CLUBS SIX DIAMONDS THREE,0.6694,0.0058,0.3248
CLUBS SIX CLUBS FIVE,0.6436,0.0064,0.35
CLUBS SEVEN CLUBS FIVE,0.655,0.0062,0.3388
CLUBS SEVEN DIAMONDS THREE,0.673,0.006,0.321
DIAMONDS THREE CLUBS FOUR,0.661,0.0032,0.3358
DIAMONDS FOUR CLUBS QUEEN,0.649,0.0054,0.3456
DIAMONDS THREE CLUBS FIVE,0.653,0.0046,0.3424
CLUBS KING DIAMONDS FOUR,0.6646,0.0044,0.331
DIAMONDS THREE CLUBS TWO,0.6726,0.0066,0.3208
DIAMONDS THREE CLUBS THREE,0.498,0.0046,0.4974
DIAMONDS FOUR CLUBS JACK,0.6678,0.0034,0.3288
DIAMONDS THREE SPADES FOUR,0.6606,0.005,0.3344
DIAMONDS THREE SPADES FIVE,0.6626,0.005,0.3324
DIAMONDS THREE SPADES TWO,0.6778,0.0044,0.3178
DIAMONDS THREE SPADES THREE,0.5096,0.0058,0.4846
CLUBS EIGHT DIAMONDS THREE,0.6974,0.0056,0.297
CLUBS NINE DIAMONDS THREE,0.6916,0.0044,0.304
SPADES SEVEN CLUBS QUEEN,0.6732,0.0032,0.3236
SPADES SEVEN CLUBS KING,0.6544,0.0048,0.3408
CLUBS FIVE SPADES SEVEN,0.647,0.0054,0.3476
CLUBS FIVE SPADES SIX,0.6422,0.0034,0.3544
SPADES SEVEN CLUBS JACK,0.6524,0.004,0.3436
SPADES NINE CLUBS FIVE,0.6912,0.0048,0.304
CLUBS FIVE SPADES EIGHT,0.6622,0.006,0.3318
CLUBS FIVE SPADES THREE,0.6546,0.0054,0.34
CLUBS FIVE SPADES TWO,0.6822,0.005,0.3128
CLUBS FIVE SPADES FIVE,0.505,0.0052,0.4898
CLUBS FIVE SPADES FOUR,0.6402,0.0056,0.3542
CLUBS NINE CLUBS FIVE,0.6756,0.005,0.3194
CLUBS EIGHT CLUBS FIVE,0.6582,0.0072,0.3346
CLUBS KING CLUBS QUEEN,0.6122,0.0054,0.3824
DIAMONDS TEN DIAMONDS FOUR,0.7164,0.021,0.2626
DIAMONDS JACK DIAMONDS FOUR,0.6374,0.0048,0.3578
DIAMONDS NINE CLUBS JACK,0.6342,0.0042,0.3616
SPADES NINE CLUBS JACK,0.6284,0.0062,0.3654
DIAMONDS ACE DIAMONDS FOUR,0.6276,0.1048,0.2676
HEARTS FOUR DIAMONDS FOUR,0.495,0.005,0.5
DIAMONDS JACK HEARTS TEN,0.7164,0.0156,0.268
SPADES NINE CLUBS KING,0.6632,0.004,0.3328
DIAMONDS TWO SPADES TEN,0.7716,0.0258,0.2026
HEARTS FIVE DIAMONDS FOUR,0.6604,0.0042,0.3354
HEARTS JACK DIAMONDS JACK,0.3458,0.0036,0.6506
SPADES NINE CLUBS QUEEN,0.6508,0.004,0.3452
DIAMONDS TWO SPADES JACK,0.673,0.0044,0.3226
DIAMONDS QUEEN DIAMONDS FOUR,0.6152,0.0054,0.3794
HEARTS TWO DIAMONDS FOUR,0.6822,0.0048,0.313
DIAMONDS NINE CLUBS QUEEN,0.6434,0.0044,0.3522
DIAMONDS KING DIAMONDS FOUR,0.621,0.0052,0.3738
HEARTS THREE DIAMONDS FOUR,0.66,0.0038,0.3362
DIAMONDS NINE CLUBS KING,0.644,0.0044,0.3516
HEARTS ACE DIAMONDS JACK,0.2826,0.08,0.6374
SPADES ACE DIAMONDS TWO,0.6612,0.1146,0.2242
DIAMONDS JACK HEARTS QUEEN,0.6062,0.0042,0.3896
SPADES QUEEN DIAMONDS TWO,0.676,0.0052,0.3188
HEARTS KING DIAMONDS JACK,0.6168,0.0046,0.3786
SPADES KING DIAMONDS TWO,0.6804,0.007,0.3126
SPADES JACK SPADES SEVEN,0.628,0.0042,0.3678
SPADES TEN SPADES SEVEN,0.6916,0.022,0.2864
CLUBS SEVEN CLUBS THREE,0.6826,0.0036,0.3138
CLUBS SIX CLUBS THREE,0.6782,0.0062,0.3156
CLUBS FIVE CLUBS THREE,0.6524,0.005,0.3426
CLUBS FOUR CLUBS THREE,0.662,0.0054,0.3326
CLUBS NINE CLUBS THREE,0.6806,0.005,0.3144
CLUBS EIGHT CLUBS THREE,0.689,0.0064,0.3046
CLUBS THREE SPADES FIVE,0.6614,0.0064,0.3322
CLUBS THREE SPADES FOUR,0.662,0.0062,0.3318
CLUBS THREE SPADES THREE,0.5122,0.0058,0.482
CLUBS THREE SPADES TWO,0.6666,0.0052,0.3282
CLUBS THREE SPADES SIX,0.6704,0.0038,0.3258
SPADES SEVEN CLUBS THREE,0.6758,0.0042,0.32
SPADES EIGHT CLUBS THREE,0.6924,0.007,0.3006
SPADES NINE CLUBS THREE,0.6946,0.0054,0.3
SPADES TWO DIAMONDS FOUR,0.6826,0.0046,0.3128
SPADES THREE DIAMONDS FOUR,0.6616,0.0048,0.3336
SPADES FOUR DIAMONDS FOUR,0.5034,0.0038,0.4928
SPADES FIVE DIAMONDS FOUR,0.6434,0.0044,0.3522
SPADES SIX DIAMONDS FOUR,0.6604,0.0036,0.336
SPADES SEVEN DIAMONDS FOUR,0.6756,0.0048,0.3196
SPADES EIGHT DIAMONDS FOUR,0.6924,0.0036,0.304
SPADES NINE DIAMONDS FOUR,0.6848,0.003,0.3122
CLUBS FIVE DIAMONDS FOUR,0.645,0.0064,0.3486
CLUBS FOUR DIAMONDS FOUR,0.4954,0.005,0.4996
CLUBS SEVEN DIAMONDS FOUR,0.6736,0.0054,0.321
CLUBS SIX DIAMONDS FOUR,0.6522,0.0056,0.3422
CLUBS NINE DIAMONDS FOUR,0.6972,0.0066,0.2962
CLUBS EIGHT DIAMONDS FOUR,0.6748,0.004,0.3212
DIAMONDS FOUR HEARTS SEVEN,0.6644,0.0072,0.3284
HEARTS SIX DIAMONDS FOUR,0.666,0.0046,0.3294
HEARTS NINE DIAMONDS FOUR,0.6984,0.0048,0.2968
DIAMONDS FOUR HEARTS EIGHT,0.675,0.0038,0.3212
CLUBS THREE DIAMONDS FOUR,0.66,0.0052,0.3348
CLUBS TWO DIAMONDS FOUR,0.6754,0.0066,0.318
DIAMONDS TEN DIAMONDS FIVE,0.7124,0.0258,0.2618
DIAMONDS JACK DIAMONDS FIVE,0.6268,0.0042,0.369
DIAMONDS NINE HEARTS QUEEN,0.644,0.0056,0.3504
HEARTS KING DIAMONDS NINE,0.671,0.0056,0.3234
DIAMONDS NINE HEARTS ACE,0.6796,0.107,0.2134
DIAMONDS NINE HEARTS TEN,0.7304,0.0212,0.2484
DIAMONDS NINE HEARTS JACK,0.6464,0.0046,0.349
CLUBS KING DIAMONDS SIX,0.6728,0.0044,0.3228
CLUBS QUEEN DIAMONDS SIX,0.6776,0.0034,0.319
SPADES KING DIAMONDS FOUR,0.6672,0.0054,0.3274
SPADES ACE SPADES SEVEN,0.6122,0.1114,0.2764
SPADES QUEEN DIAMONDS FOUR,0.6752,0.004,0.3208
SPADES QUEEN SPADES SEVEN,0.6326,0.005,0.3624
CLUBS JACK DIAMONDS SIX,0.6758,0.0042,0.32
SPADES KING SPADES SEVEN,0.6208,0.0046,0.3746
SPADES ACE DIAMONDS FOUR,0.6508,0.1044,0.2448
CLUBS NINE CLUBS FOUR,0.6894,0.0048,0.3058
CLUBS EIGHT CLUBS FOUR,0.678,0.008,0.314
SPADES JACK DIAMONDS FOUR,0.6594,0.0048,0.3358
SPADES TEN DIAMONDS FOUR,0.7574,0.0258,0.2168
CLUBS FOUR CLUBS FIVE,0.6346,0.0062,0.3592
CLUBS SEVEN CLUBS FOUR,0.6656,0.006,0.3284
CLUBS SIX CLUBS FOUR,0.6498,0.0068,0.3434
CLUBS SEVEN SPADES EIGHT,0.641,0.0042,0.3548
CLUBS SEVEN SPADES NINE,0.6614,0.0058,0.3328
CLUBS SEVEN SPADES SIX,0.6526,0.0044,0.343
CLUBS SEVEN SPADES SEVEN,0.495,0.0044,0.5006
CLUBS SEVEN SPADES FIVE,0.6612,0.0062,0.3326
CLUBS SEVEN SPADES FOUR,0.6608,0.0048,0.3344
CLUBS SEVEN SPADES THREE,0.6906,0.0044,0.305
CLUBS SEVEN SPADES TWO,0.6916,0.0056,0.3028
CLUBS NINE CLUBS SEVEN,0.6528,0.0034,0.3438
CLUBS EIGHT CLUBS SEVEN,0.6442,0.0064,0.3494
HEARTS SIX DIAMONDS FIVE,0.6412,0.0042,0.3546
DIAMONDS FIVE HEARTS SEVEN,0.6464,0.0036,0.35
DIAMONDS FIVE HEARTS EIGHT,0.6606,0.0038,0.3356
HEARTS NINE DIAMONDS FIVE,0.6884,0.0038,0.3078
DIAMONDS QUEEN DIAMONDS FIVE,0.6318,0.0056,0.3626
HEARTS TWO DIAMONDS FIVE,0.678,0.0046,0.3174
HEARTS KING HEARTS EIGHT,0.634,0.0044,0.3616
DIAMONDS KING DIAMONDS FIVE,0.6208,0.0048,0.3744
HEARTS THREE DIAMONDS FIVE,0.6596,0.0064,0.334
HEARTS QUEEN HEARTS EIGHT,0.6124,0.0032,0.3844
DIAMONDS ACE DIAMONDS FIVE,0.6264,0.1074,0.2662
HEARTS FOUR DIAMONDS FIVE,0.6516,0.0048,0.3436
HEARTS FIVE DIAMONDS FIVE,0.5104,0.003,0.4866
HEARTS ACE HEARTS EIGHT,0.6188,0.1088,0.2724
CLUBS FOUR DIAMONDS FIVE,0.6426,0.0074,0.35
CLUBS FIVE DIAMONDS FIVE,0.4904,0.0058,0.5038
CLUBS SIX DIAMONDS FIVE,0.645,0.0058,0.3492
CLUBS SEVEN DIAMONDS FIVE,0.6536,0.005,0.3414
CLUBS TWO DIAMONDS FIVE,0.6816,0.0048,0.3136
CLUBS THREE DIAMONDS FIVE,0.651,0.0062,0.3428
SPADES THREE DIAMONDS FIVE,0.6628,0.0028,0.3344
SPADES TWO DIAMONDS FIVE,0.6732,0.0054,0.3214
SPADES JACK DIAMONDS EIGHT,0.6484,0.0046,0.347
SPADES FIVE DIAMONDS FIVE,0.5014,0.0062,0.4924
SPADES TEN DIAMONDS EIGHT,0.7404,0.019,0.2406
SPADES FOUR DIAMONDS FIVE,0.643,0.0052,0.3518
HEARTS JACK CLUBS JACK,0.3426,0.0046,0.6528
HEARTS JACK CLUBS QUEEN,0.6114,0.0046,0.384
CLUBS NINE DIAMONDS FIVE,0.6938,0.0052,0.301
HEARTS JACK CLUBS KING,0.6086,0.006,0.3854
CLUBS EIGHT DIAMONDS FIVE,0.6642,0.0046,0.3312
SPADES SEVEN DIAMONDS FIVE,0.655,0.0044,0.3406
SPADES KING DIAMONDS EIGHT,0.6656,0.0036,0.3308
SPADES QUEEN DIAMONDS EIGHT,0.6576,0.0046,0.3378
SPADES SIX DIAMONDS FIVE,0.658,0.004,0.338
SPADES NINE DIAMONDS FIVE,0.6804,0.0064,0.3132
SPADES EIGHT DIAMONDS FIVE,0.6668,0.0038,0.3294
SPADES ACE DIAMONDS EIGHT,0.6706,0.1112,0.2182
DIAMONDS TEN DIAMONDS SIX,0.7172,0.0194,0.2634
HEARTS ACE DIAMONDS SEVEN,0.66,0.1128,0.2272
DIAMONDS JACK DIAMONDS SIX,0.6256,0.0026,0.3718
HEARTS QUEEN DIAMONDS SEVEN,0.6676,0.0022,0.3302
HEARTS KING DIAMONDS SEVEN,0.669,0.0044,0.3266
DIAMONDS ACE DIAMONDS SIX,0.631,0.1034,0.2656
HEARTS FOUR DIAMONDS SIX,0.6484,0.006,0.3456
HEARTS JACK SPADES TWO,0.6784,0.0054,0.3162
HEARTS FIVE DIAMONDS SIX,0.6612,0.0048,0.334
SPADES TWO HEARTS TEN,0.7708,0.0212,0.208
DIAMONDS QUEEN DIAMONDS SIX,0.6284,0.0054,0.3662
HEARTS TWO DIAMONDS SIX,0.6852,0.0048,0.31
DIAMONDS KING DIAMONDS SIX,0.6298,0.0032,0.367
HEARTS THREE DIAMONDS SIX,0.6708,0.0036,0.3256
HEARTS EIGHT DIAMONDS SIX,0.6716,0.0034,0.325
HEARTS NINE DIAMONDS SIX,0.6708,0.0052,0.324
HEARTS SIX DIAMONDS SIX,0.519,0.0036,0.4774
HEARTS SEVEN DIAMONDS SIX,0.64,0.0046,0.3554
HEARTS TEN DIAMONDS SEVEN,0.7376,0.023,0.2394
CLUBS TWO DIAMONDS SIX,0.6726,0.0038,0.3236
HEARTS JACK DIAMONDS SEVEN,0.6614,0.0038,0.3348
CLUBS THREE DIAMONDS SIX,0.6678,0.0042,0.328
DIAMONDS EIGHT CLUBS JACK,0.6612,0.0048,0.334
CLUBS SEVEN DIAMONDS SIX,0.6442,0.0044,0.3514
CLUBS SIX DIAMONDS SIX,0.4942,0.0058,0.5
CLUBS FIVE DIAMONDS SIX,0.6502,0.0056,0.3442
CLUBS FOUR DIAMONDS SIX,0.6704,0.004,0.3256
HEARTS ACE HEARTS JACK,0.2604,0.0768,0.6628
HEARTS JACK HEARTS QUEEN,0.578,0.0068,0.4152
DIAMONDS EIGHT CLUBS KING,0.6714,0.0042,0.3244
CLUBS NINE DIAMONDS SIX,0.6708,0.0042,0.325
HEARTS KING HEARTS JACK,0.582,0.005,0.413
DIAMONDS EIGHT CLUBS QUEEN,0.6594,0.0032,0.3374
CLUBS EIGHT DIAMONDS SIX,0.6568,0.0066,0.3366
SPADES TEN HEARTS KING,0.7406,0.0216,0.2378
SPADES FIVE DIAMONDS SIX,0.6444,0.0064,0.3492
HEARTS ACE SPADES TWO,0.6552,0.1082,0.2366
SPADES JACK HEARTS KING,0.6168,0.0044,0.3788
SPADES FOUR DIAMONDS SIX,0.661,0.0024,0.3366
SPADES THREE DIAMONDS SIX,0.6696,0.0042,0.3262
HEARTS QUEEN SPADES TWO,0.6764,0.0046,0.319
SPADES ACE SPADES KING,0.2842,0.04,0.6758
HEARTS KING SPADES TWO,0.6856,0.0048,0.3096
SPADES TWO DIAMONDS SIX,0.6898,0.007,0.3032
HEARTS TEN HEARTS EIGHT,0.6788,0.021,0.3002
SPADES NINE DIAMONDS SIX,0.6784,0.0038,0.3178
HEARTS JACK HEARTS EIGHT,0.6118,0.0032,0.385
SPADES EIGHT DIAMONDS SIX,0.6576,0.0036,0.3388
SPADES SEVEN DIAMONDS SIX,0.6532,0.0026,0.3442
SPADES SIX DIAMONDS SIX,0.5166,0.0046,0.4788
SPADES KING HEARTS KING,0.3212,0.0056,0.6732
SPADES QUEEN HEARTS KING,0.6186,0.0056,0.3758
SPADES ACE HEARTS KING,0.296,0.0416,0.6624
SPADES ACE HEARTS JACK,0.2894,0.0858,0.6248
SPADES QUEEN HEARTS JACK,0.618,0.0028,0.3792
SPADES KING HEARTS JACK,0.618,0.0032,0.3788
SPADES TEN DIAMONDS TEN,0.3568,0.018,0.6252
SPADES JACK DIAMONDS TEN,0.715,0.0176,0.2674
SPADES ACE DIAMONDS TEN,0.0736,0.904,0.0224
SPADES JACK HEARTS JACK,0.336,0.0044,0.6596
SPADES TEN HEARTS JACK,0.7156,0.0154,0.269
SPADES QUEEN DIAMONDS TEN,0.7224,0.018,0.2596
SPADES KING DIAMONDS TEN,0.7416,0.0186,0.2398
SPADES NINE DIAMONDS SEVEN,0.6582,0.0044,0.3374
SPADES EIGHT DIAMONDS SEVEN,0.6436,0.004,0.3524
SPADES SEVEN DIAMONDS SEVEN,0.4966,0.0024,0.501
SPADES SIX DIAMONDS SEVEN,0.6402,0.0046,0.3552
DIAMONDS KING DIAMONDS SEVEN,0.6378,0.0044,0.3578
HEARTS THREE DIAMONDS SEVEN,0.672,0.0038,0.3242
HEARTS KING DIAMONDS FIVE,0.6646,0.0046,0.3308
DIAMONDS QUEEN DIAMONDS SEVEN,0.6324,0.0036,0.364
HEARTS TWO DIAMONDS SEVEN,0.6974,0.0054,0.2972
HEARTS QUEEN DIAMONDS FIVE,0.6684,0.0022,0.3294
HEARTS FIVE DIAMONDS SEVEN,0.665,0.0034,0.3316
DIAMONDS ACE DIAMONDS SEVEN,0.6216,0.12,0.2584
HEARTS FOUR DIAMONDS SEVEN,0.6748,0.0028,0.3224
HEARTS ACE DIAMONDS FIVE,0.6406,0.1138,0.2456
HEARTS SEVEN DIAMONDS SEVEN,0.4922,0.0026,0.5052
HEARTS SIX DIAMONDS SEVEN,0.6572,0.0034,0.3394
HEARTS NINE DIAMONDS SEVEN,0.658,0.0032,0.3388
DIAMONDS SEVEN HEARTS EIGHT,0.6398,0.0056,0.3546
DIAMONDS JACK DIAMONDS SEVEN,0.6336,0.004,0.3624
HEARTS JACK DIAMONDS FIVE,0.6642,0.0026,0.3332
DIAMONDS TEN DIAMONDS SEVEN,0.6844,0.022,0.2936
DIAMONDS FIVE HEARTS TEN,0.763,0.0242,0.2128
SPADES KING CLUBS TWO,0.6634,0.0054,0.3312
HEARTS KING CLUBS KING,0.3192,0.0036,0.6772
CLUBS EIGHT DIAMONDS SEVEN,0.6414,0.0032,0.3554
SPADES QUEEN CLUBS TWO,0.6712,0.006,0.3228
HEARTS KING CLUBS QUEEN,0.6202,0.0042,0.3756
CLUBS NINE DIAMONDS SEVEN,0.6584,0.0052,0.3364
SPADES TWO CLUBS JACK,0.6772,0.0058,0.317
SPADES ACE CLUBS TWO,0.6508,0.1198,0.2294
CLUBS SIX CLUBS SEVEN,0.6308,0.0056,0.3636
SPADES TWO CLUBS KING,0.6766,0.0056,0.3178
SPADES TWO DIAMONDS SEVEN,0.6994,0.0036,0.297
CLUBS EIGHT CLUBS SIX,0.6524,0.0052,0.3424
SPADES THREE DIAMONDS SEVEN,0.6728,0.004,0.3232
SPADES TWO CLUBS QUEEN,0.6752,0.005,0.3198
CLUBS NINE CLUBS SIX,0.6678,0.006,0.3262
SPADES FOUR DIAMONDS SEVEN,0.685,0.0038,0.3112
HEARTS KING CLUBS JACK,0.606,0.0052,0.3888
SPADES FIVE DIAMONDS SEVEN,0.6624,0.0046,0.333
CLUBS SIX SPADES TWO,0.6872,0.0062,0.3066
CLUBS SIX SPADES THREE,0.6606,0.0094,0.33
CLUBS TWO DIAMONDS SEVEN,0.6938,0.0054,0.3008
CLUBS SIX SPADES FOUR,0.653,0.0036,0.3434
CLUBS THREE DIAMONDS SEVEN,0.6842,0.0038,0.312
CLUBS SIX SPADES FIVE,0.6426,0.0042,0.3532
CLUBS FOUR DIAMONDS SEVEN,0.6728,0.0062,0.321
CLUBS SIX SPADES SIX,0.5044,0.0046,0.491
CLUBS FIVE DIAMONDS SEVEN,0.645,0.004,0.351
CLUBS SIX SPADES SEVEN,0.648,0.007,0.345
CLUBS SIX DIAMONDS SEVEN,0.6342,0.0048,0.361
CLUBS SIX SPADES EIGHT,0.6508,0.0036,0.3456
SPADES JACK CLUBS TWO,0.6702,0.0052,0.3246
CLUBS SIX SPADES NINE,0.669,0.0048,0.3262
SPADES TEN CLUBS TWO,0.753,0.0274,0.2196
CLUBS SEVEN DIAMONDS SEVEN,0.4906,0.0058,0.5036
CLUBS TWO CLUBS QUEEN,0.668,0.0066,0.3254
CLUBS TWO CLUBS KING,0.674,0.0054,0.3206
CLUBS THREE DIAMONDS EIGHT,0.6974,0.0056,0.297
CLUBS TWO DIAMONDS EIGHT,0.6916,0.0048,0.3036
DIAMONDS EIGHT HEARTS SEVEN,0.6464,0.0036,0.35
HEARTS SIX DIAMONDS EIGHT,0.6658,0.0058,0.3284
DIAMONDS EIGHT HEARTS NINE,0.6508,0.0028,0.3464
DIAMONDS EIGHT HEARTS EIGHT,0.5024,0.0026,0.495
CLUBS TWO CLUBS JACK,0.6686,0.006,0.3254
CLUBS NINE DIAMONDS EIGHT,0.6528,0.005,0.3422
CLUBS EIGHT DIAMONDS EIGHT,0.4828,0.0044,0.5128
CLUBS FIVE DIAMONDS EIGHT,0.6576,0.006,0.3364
SPADES ACE SPADES THREE,0.614,0.1134,0.2726
CLUBS FOUR DIAMONDS EIGHT,0.6762,0.0058,0.318
SPADES QUEEN SPADES THREE,0.643,0.0062,0.3508
CLUBS SEVEN DIAMONDS EIGHT,0.6428,0.0064,0.3508
CLUBS SIX DIAMONDS EIGHT,0.6544,0.0052,0.3404
SPADES KING SPADES THREE,0.6314,0.0062,0.3624
DIAMONDS QUEEN DIAMONDS EIGHT,0.6272,0.0052,0.3676
HEARTS TWO DIAMONDS EIGHT,0.6922,0.0052,0.3026
DIAMONDS KING DIAMONDS EIGHT,0.6344,0.0046,0.361
HEARTS THREE DIAMONDS EIGHT,0.692,0.0052,0.3028
DIAMONDS ACE DIAMONDS EIGHT,0.6338,0.1046,0.2616
HEARTS FOUR DIAMONDS EIGHT,0.6832,0.005,0.3118
HEARTS FIVE DIAMONDS EIGHT,0.6684,0.0034,0.3282
DIAMONDS EIGHT DIAMONDS TEN,0.6794,0.02,0.3006
DIAMONDS EIGHT DIAMONDS JACK,0.6102,0.0042,0.3856
SPADES JACK SPADES THREE,0.6226,0.005,0.3724
SPADES TEN SPADES THREE,0.7186,0.0214,0.26
CLUBS FOUR HEARTS ACE,0.6416,0.1132,0.2452
CLUBS FOUR HEARTS QUEEN,0.662,0.0052,0.3328
CLUBS FOUR HEARTS KING,0.67,0.0044,0.3256
CLUBS SIX HEARTS TEN,0.7448,0.024,0.2312
CLUBS SIX HEARTS JACK,0.665,0.0056,0.3294
DIAMONDS EIGHT SPADES FOUR,0.6844,0.0046,0.311
SPADES FIVE DIAMONDS EIGHT,0.666,0.0042,0.3298
DIAMONDS EIGHT SPADES TWO,0.6968,0.0034,0.2998
DIAMONDS EIGHT SPADES THREE,0.6946,0.0038,0.3016
CLUBS FOUR HEARTS JACK,0.6634,0.005,0.3316
SPADES EIGHT DIAMONDS EIGHT,0.4992,0.0034,0.4974
SPADES TEN DIAMONDS QUEEN,0.73,0.023,0.247
SPADES TEN HEARTS TWO,0.766,0.0246,0.2094
SPADES JACK HEARTS EIGHT,0.6554,0.0054,0.3392
CLUBS FOUR HEARTS TEN,0.7598,0.0246,0.2156
SPADES NINE DIAMONDS EIGHT,0.6494,0.0044,0.3462
SPADES TEN HEARTS EIGHT,0.7252,0.0184,0.2564
SPADES JACK HEARTS TWO,0.6794,0.005,0.3156
SPADES JACK DIAMONDS QUEEN,0.6024,0.0052,0.3924
SPADES SIX DIAMONDS EIGHT,0.663,0.0024,0.3346
SPADES SEVEN DIAMONDS EIGHT,0.6416,0.0036,0.3548
SPADES ACE HEARTS TWO,0.6642,0.108,0.2278
SPADES ACE DIAMONDS QUEEN,0.2894,0.0584,0.6522
SPADES ACE HEARTS EIGHT,0.6656,0.1164,0.218
SPADES KING HEARTS EIGHT,0.6612,0.0046,0.3342
SPADES QUEEN HEARTS TWO,0.6806,0.0046,0.3148
SPADES QUEEN DIAMONDS QUEEN,0.3448,0.0022,0.653
SPADES KING DIAMONDS QUEEN,0.6258,0.0046,0.3696
SPADES KING HEARTS TWO,0.6784,0.0038,0.3178
SPADES QUEEN HEARTS EIGHT,0.6592,0.0034,0.3374
CLUBS TWO HEARTS TEN,0.7664,0.0234,0.2102
CLUBS TWO HEARTS JACK,0.6644,0.006,0.3296
SPADES SEVEN DIAMONDS NINE,0.6508,0.0028,0.3464
SPADES SIX DIAMONDS NINE,0.68,0.0052,0.3148
SPADES NINE DIAMONDS NINE,0.474,0.0058,0.5202
SPADES EIGHT DIAMONDS NINE,0.652,0.0046,0.3434
SPADES TEN CLUBS KING,0.7478,0.021,0.2312
DIAMONDS NINE SPADES THREE,0.7118,0.0042,0.284
SPADES JACK CLUBS KING,0.6156,0.0048,0.3796
DIAMONDS NINE SPADES TWO,0.6884,0.0046,0.307
DIAMONDS NINE SPADES FIVE,0.6868,0.0022,0.311
DIAMONDS NINE SPADES FOUR,0.6996,0.005,0.2954
CLUBS NINE DIAMONDS NINE,0.4818,0.0044,0.5138
CLUBS EIGHT DIAMONDS NINE,0.637,0.0038,0.3592
CLUBS SIX DIAMONDS NINE,0.663,0.003,0.334
SPADES JACK CLUBS FOUR,0.677,0.0056,0.3174
SPADES TEN CLUBS FOUR,0.7624,0.0222,0.2154
CLUBS SEVEN DIAMONDS NINE,0.6526,0.0036,0.3438
CLUBS FOUR DIAMONDS NINE,0.6886,0.005,0.3064
CLUBS FIVE DIAMONDS NINE,0.6738,0.0056,0.3206
CLUBS TWO DIAMONDS NINE,0.6902,0.005,0.3048
CLUBS THREE DIAMONDS NINE,0.6988,0.004,0.2972
DIAMONDS NINE HEARTS EIGHT,0.6484,0.0052,0.3464
DIAMONDS NINE HEARTS NINE,0.4842,0.0024,0.5134
HEARTS SIX DIAMONDS NINE,0.6866,0.0028,0.3106
DIAMONDS NINE HEARTS SEVEN,0.6554,0.0048,0.3398
CLUBS EIGHT CLUBS NINE,0.6524,0.004,0.3436
DIAMONDS ACE DIAMONDS NINE,0.6352,0.1054,0.2594
HEARTS FOUR DIAMONDS NINE,0.6964,0.0032,0.3004
HEARTS FIVE DIAMONDS NINE,0.692,0.0034,0.3046
CLUBS TWO HEARTS ACE,0.6568,0.1202,0.223
SPADES ACE CLUBS FOUR,0.6468,0.1172,0.236
DIAMONDS QUEEN DIAMONDS NINE,0.6124,0.004,0.3836
HEARTS TWO DIAMONDS NINE,0.6974,0.0046,0.298
CLUBS TWO HEARTS KING,0.6576,0.0052,0.3372
SPADES KING CLUBS FOUR,0.6582,0.0048,0.337
DIAMONDS KING DIAMONDS NINE,0.6198,0.0046,0.3756
HEARTS THREE DIAMONDS NINE,0.698,0.0058,0.2962
CLUBS TWO HEARTS QUEEN,0.6834,0.0044,0.3122
SPADES QUEEN CLUBS FOUR,0.6558,0.0086,0.3356
DIAMONDS NINE DIAMONDS JACK,0.606,0.0034,0.3906
CLUBS EIGHT SPADES NINE,0.6406,0.004,0.3554
DIAMONDS NINE DIAMONDS TEN,0.6866,0.021,0.2924
CLUBS EIGHT SPADES EIGHT,0.4946,0.005,0.5004
CLUBS EIGHT SPADES SEVEN,0.6368,0.0036,0.3596
CLUBS EIGHT SPADES SIX,0.658,0.0032,0.3388
CLUBS EIGHT SPADES FIVE,0.6688,0.0032,0.328
CLUBS EIGHT SPADES FOUR,0.681,0.0044,0.3146
CLUBS EIGHT SPADES THREE,0.6958,0.0072,0.297
CLUBS EIGHT SPADES TWO,0.6906,0.0056,0.3038
HEARTS SIX DIAMONDS TEN,0.7582,0.0214,0.2204
DIAMONDS TEN HEARTS SEVEN,0.7274,0.023,0.2496
DIAMONDS TEN HEARTS EIGHT,0.7342,0.0188,0.247
CLUBS FOUR CLUBS JACK,0.6622,0.0052,0.3326
DIAMONDS TEN HEARTS NINE,0.7314,0.0174,0.2512
CLUBS FOUR CLUBS KING,0.6502,0.0048,0.345
CLUBS FOUR CLUBS QUEEN,0.6512,0.0056,0.3432
CLUBS TWO DIAMONDS TEN,0.7556,0.0218,0.2226
CLUBS THREE DIAMONDS TEN,0.7612,0.024,0.2148
DIAMONDS JACK DIAMONDS TEN,0.6764,0.0172,0.3064
DIAMONDS QUEEN DIAMONDS TEN,0.6928,0.018,0.2892
HEARTS TWO DIAMONDS TEN,0.7604,0.026,0.2136
DIAMONDS KING DIAMONDS TEN,0.7048,0.0192,0.276
HEARTS THREE DIAMONDS TEN,0.7654,0.0282,0.2064
DIAMONDS ACE DIAMONDS TEN,0.0732,0.8616,0.0652
HEARTS FOUR DIAMONDS TEN,0.7636,0.0236,0.2128
CLUBS EIGHT HEARTS JACK,0.646,0.0066,0.3474
HEARTS FIVE DIAMONDS TEN,0.767,0.0242,0.2088
CLUBS EIGHT HEARTS TEN,0.7214,0.0212,0.2574
CLUBS EIGHT HEARTS QUEEN,0.654,0.0054,0.3406
CLUBS EIGHT HEARTS KING,0.6562,0.0036,0.3402
CLUBS EIGHT HEARTS ACE,0.657,0.1206,0.2224
CLUBS NINE SPADES THREE,0.6842,0.0034,0.3124
CLUBS NINE SPADES TWO,0.7066,0.005,0.2884
CLUBS NINE SPADES FIVE,0.6818,0.0048,0.3134
CLUBS NINE SPADES FOUR,0.6942,0.0056,0.3002
CLUBS NINE SPADES SEVEN,0.646,0.0044,0.3496
CLUBS NINE SPADES SIX,0.673,0.0036,0.3234
CLUBS NINE SPADES NINE,0.4804,0.0042,0.5154
CLUBS NINE SPADES EIGHT,0.629,0.0054,0.3656
CLUBS JACK HEARTS EIGHT,0.6456,0.005,0.3494
CLUBS QUEEN HEARTS EIGHT,0.6552,0.0046,0.3402
CLUBS KING HEARTS EIGHT,0.672,0.0046,0.3234
SPADES KING CLUBS KING,0.3134,0.0058,0.6808
SPADES QUEEN CLUBS KING,0.6088,0.0052,0.386
SPADES ACE CLUBS KING,0.276,0.0528,0.6712
DIAMONDS ACE HEARTS TEN,0.075,0.9034,0.0216
HEARTS FOUR HEARTS TEN,0.7198,0.0194,0.2608
DIAMONDS ACE HEARTS JACK,0.2858,0.0814,0.6328
HEARTS FOUR HEARTS JACK,0.6278,0.0052,0.367
SPADES KING CLUBS FIVE,0.6646,0.0038,0.3316
SPADES QUEEN CLUBS FIVE,0.6814,0.0054,0.3132
SPADES ACE CLUBS FIVE,0.6422,0.1188,0.239
DIAMONDS JACK HEARTS SEVEN,0.6466,0.0052,0.3482
HEARTS SIX DIAMONDS JACK,0.6792,0.0022,0.3186
DIAMONDS JACK HEARTS NINE,0.6466,0.0046,0.3488
DIAMONDS JACK HEARTS EIGHT,0.663,0.0036,0.3334
DIAMONDS KING DIAMONDS JACK,0.5838,0.0044,0.4118
HEARTS THREE DIAMONDS JACK,0.6762,0.0048,0.319
SPADES ACE SPADES SIX,0.6326,0.099,0.2684
HEARTS ACE SPADES FOUR,0.6498,0.1092,0.241
DIAMONDS QUEEN DIAMONDS JACK,0.5776,0.0058,0.4166
HEARTS TWO DIAMONDS JACK,0.6902,0.0048,0.305
HEARTS FIVE DIAMONDS JACK,0.6648,0.0034,0.3318
SPADES QUEEN SPADES SIX,0.6384,0.0044,0.3572
SPADES FOUR HEARTS QUEEN,0.6714,0.0038,0.3248
DIAMONDS ACE DIAMONDS JACK,0.2688,0.0784,0.6528
HEARTS FOUR DIAMONDS JACK,0.6652,0.0054,0.3294
SPADES KING SPADES SIX,0.6292,0.0048,0.366
HEARTS KING SPADES FOUR,0.6644,0.0048,0.3308
SPADES TEN SPADES SIX,0.6984,0.0244,0.2772
SPADES JACK SPADES SIX,0.6308,0.0048,0.3644
SPADES FOUR DIAMONDS JACK,0.6736,0.0032,0.3232
SPADES FIVE DIAMONDS JACK,0.664,0.0052,0.3308
DIAMONDS JACK SPADES TWO,0.683,0.0042,0.3128
DIAMONDS JACK SPADES THREE,0.6696,0.005,0.3254
SPADES ACE DIAMONDS THREE,0.6502,0.113,0.2368
SPADES QUEEN DIAMONDS THREE,0.6688,0.0044,0.3268
CLUBS EIGHT DIAMONDS JACK,0.644,0.0038,0.3522
SPADES KING DIAMONDS THREE,0.663,0.007,0.33
CLUBS NINE DIAMONDS JACK,0.6398,0.0042,0.356
CLUBS SIX DIAMONDS JACK,0.671,0.0044,0.3246
CLUBS SEVEN DIAMONDS JACK,0.6524,0.0036,0.344
CLUBS FOUR DIAMONDS JACK,0.66,0.0044,0.3356
CLUBS FIVE DIAMONDS JACK,0.6606,0.0044,0.335
CLUBS TWO DIAMONDS JACK,0.6672,0.0052,0.3276
CLUBS THREE DIAMONDS JACK,0.658,0.0046,0.3374
SPADES TEN CLUBS FIVE,0.7606,0.0246,0.2148
HEARTS SIX SPADES JACK,0.6764,0.004,0.3196
HEARTS SIX SPADES TEN,0.7492,0.0228,0.228
SPADES JACK CLUBS FIVE,0.6626,0.005,0.3324
SPADES JACK DIAMONDS THREE,0.6658,0.0046,0.3296
DIAMONDS THREE SPADES TEN,0.7692,0.0246,0.2062
CLUBS SEVEN CLUBS QUEEN,0.6534,0.0058,0.3408
CLUBS SEVEN CLUBS KING,0.655,0.0054,0.3396
SPADES NINE DIAMONDS JACK,0.6298,0.0046,0.3656
DIAMONDS ACE HEARTS ACE,0.1318,0.0134,0.8548
HEARTS FOUR HEARTS ACE,0.609,0.107,0.284
SPADES EIGHT DIAMONDS JACK,0.6444,0.0032,0.3524
SPADES ACE HEARTS SIX,0.6718,0.1216,0.2066
CLUBS SEVEN CLUBS JACK,0.6362,0.0046,0.3592
DIAMONDS ACE HEARTS KING,0.3,0.0458,0.6542
HEARTS FOUR HEARTS KING,0.6182,0.0042,0.3776
SPADES SEVEN DIAMONDS JACK,0.6564,0.004,0.3396
SPADES KING HEARTS SIX,0.656,0.0026,0.3414
DIAMONDS ACE HEARTS QUEEN,0.2942,0.0538,0.652
HEARTS FOUR HEARTS QUEEN,0.6284,0.0058,0.3658
SPADES QUEEN HEARTS SIX,0.6688,0.0046,0.3266
SPADES SIX DIAMONDS JACK,0.6794,0.0038,0.3168
DIAMONDS TEN SPADES TWO,0.7784,0.0232,0.1984
SPADES THREE DIAMONDS TEN,0.7574,0.0238,0.2188
SPADES FOUR DIAMONDS TEN,0.759,0.023,0.218
SPADES FIVE DIAMONDS TEN,0.76,0.0194,0.2206
SPADES SIX DIAMONDS TEN,0.7494,0.0264,0.2242
SPADES SEVEN DIAMONDS TEN,0.734,0.0224,0.2436
SPADES EIGHT DIAMONDS TEN,0.734,0.0184,0.2476
SPADES NINE DIAMONDS TEN,0.7454,0.0242,0.2304
CLUBS FOUR DIAMONDS TEN,0.7516,0.0254,0.223
CLUBS FIVE DIAMONDS TEN,0.7728,0.0234,0.2038
CLUBS SIX DIAMONDS TEN,0.7524,0.0266,0.221
CLUBS SEVEN DIAMONDS TEN,0.7292,0.0258,0.245
CLUBS EIGHT DIAMONDS TEN,0.7222,0.0228,0.255
CLUBS NINE DIAMONDS TEN,0.7192,0.0258,0.255
DIAMONDS THREE CLUBS JACK,0.6768,0.0052,0.318
DIAMONDS THREE CLUBS KING,0.6674,0.0076,0.325
DIAMONDS THREE CLUBS QUEEN,0.6694,0.0042,0.3264
SPADES FOUR HEARTS JACK,0.6706,0.0032,0.3262
SPADES FOUR HEARTS TEN,0.76,0.0258,0.2142
SPADES FIVE SPADES TWO,0.6468,0.0066,0.3466
SPADES FOUR SPADES TWO,0.6288,0.007,0.3642
SPADES THREE SPADES TWO,0.6456,0.0038,0.3506
SPADES NINE SPADES TWO,0.67,0.0052,0.3248
SPADES EIGHT SPADES TWO,0.651,0.0044,0.3446
SPADES SEVEN SPADES TWO,0.655,0.005,0.34
SPADES SIX SPADES TWO,0.65,0.0042,0.3458
DIAMONDS QUEEN CLUBS THREE,0.666,0.0038,0.3302
HEARTS TWO CLUBS THREE,0.6674,0.0058,0.3268
DIAMONDS QUEEN CLUBS TWO,0.6758,0.0044,0.3198
CLUBS TWO HEARTS TWO,0.516,0.0064,0.4776
DIAMONDS QUEEN HEARTS SEVEN,0.6764,0.0054,0.3182
HEARTS TWO HEARTS SEVEN,0.6544,0.0054,0.3402
HEARTS SIX DIAMONDS QUEEN,0.6734,0.0036,0.323
HEARTS SIX HEARTS TWO,0.6464,0.0034,0.3502
DIAMONDS QUEEN HEARTS NINE,0.6582,0.0028,0.339
HEARTS TWO HEARTS NINE,0.6688,0.0038,0.3274
DIAMONDS QUEEN HEARTS EIGHT,0.666,0.0044,0.3296
HEARTS TWO HEARTS EIGHT,0.6524,0.004,0.3436
CLUBS NINE HEARTS TWO,0.6906,0.0078,0.3016
CLUBS NINE DIAMONDS QUEEN,0.644,0.0046,0.3514
CLUBS EIGHT HEARTS TWO,0.6952,0.005,0.2998
CLUBS EIGHT DIAMONDS QUEEN,0.649,0.0036,0.3474
CLUBS FIVE DIAMONDS QUEEN,0.6604,0.0048,0.3348
CLUBS FIVE HEARTS TWO,0.669,0.0062,0.3248
SPADES EIGHT HEARTS ACE,0.665,0.1172,0.2178
CLUBS FOUR DIAMONDS QUEEN,0.6592,0.0048,0.336
CLUBS FOUR HEARTS TWO,0.6754,0.0052,0.3194
SPADES EIGHT HEARTS QUEEN,0.6622,0.003,0.3348
CLUBS SEVEN HEARTS TWO,0.6894,0.0052,0.3054
CLUBS SEVEN DIAMONDS QUEEN,0.6626,0.0052,0.3322
CLUBS SIX DIAMONDS QUEEN,0.6624,0.0058,0.3318
CLUBS SIX HEARTS TWO,0.6792,0.0072,0.3136
SPADES EIGHT HEARTS KING,0.6738,0.005,0.3212
HEARTS TWO SPADES SIX,0.683,0.0056,0.3114
DIAMONDS QUEEN SPADES SIX,0.6668,0.0034,0.3298
HEARTS FOUR CLUBS QUEEN,0.6716,0.0052,0.3232
DIAMONDS ACE CLUBS QUEEN,0.2802,0.0616,0.6582
DIAMONDS QUEEN SPADES SEVEN,0.6736,0.0044,0.322
HEARTS TWO SPADES SEVEN,0.7036,0.005,0.2914
HEARTS FOUR CLUBS KING,0.6722,0.0054,0.3224
DIAMONDS ACE CLUBS KING,0.287,0.0434,0.6696
DIAMONDS QUEEN SPADES EIGHT,0.6696,0.0034,0.327
SPADES EIGHT HEARTS TWO,0.6804,0.0034,0.3162
SPADES NINE DIAMONDS QUEEN,0.652,0.0044,0.3436
SPADES NINE HEARTS TWO,0.6952,0.0056,0.2992
HEARTS TWO SPADES TWO,0.5178,0.0066,0.4756
DIAMONDS QUEEN SPADES TWO,0.6784,0.005,0.3166
HEARTS TWO SPADES THREE,0.6854,0.0058,0.3088
DIAMONDS QUEEN SPADES THREE,0.6668,0.005,0.3282
HEARTS TWO SPADES FOUR,0.6758,0.0048,0.3194
DIAMONDS QUEEN SPADES FOUR,0.6636,0.005,0.3314
HEARTS TWO SPADES FIVE,0.6736,0.0048,0.3216
DIAMONDS QUEEN SPADES FIVE,0.6644,0.0048,0.3308
HEARTS FOUR CLUBS JACK,0.661,0.0062,0.3328
DIAMONDS ACE CLUBS JACK,0.2518,0.1004,0.6478
CLUBS FIVE CLUBS KING,0.6586,0.0054,0.336
CLUBS FIVE CLUBS QUEEN,0.6532,0.0048,0.342
CLUBS FIVE CLUBS JACK,0.6588,0.0052,0.336
SPADES KING CLUBS JACK,0.6178,0.0052,0.377
SPADES QUEEN CLUBS JACK,0.6056,0.0052,0.3892
SPADES ACE CLUBS JACK,0.263,0.0884,0.6486
SPADES SIX CLUBS KING,0.6742,0.0056,0.3202
SPADES SIX CLUBS QUEEN,0.6786,0.003,0.3184
SPADES EIGHT HEARTS JACK,0.6514,0.0048,0.3438
SPADES EIGHT HEARTS TEN,0.7126,0.0236,0.2638
SPADES SIX CLUBS JACK,0.6718,0.0064,0.3218
SPADES TEN CLUBS JACK,0.7126,0.015,0.2724
SPADES JACK CLUBS JACK,0.3388,0.0042,0.657
SPADES QUEEN CLUBS SEVEN,0.669,0.0044,0.3266
SPADES KING CLUBS SEVEN,0.6574,0.0038,0.3388
SPADES ACE CLUBS SEVEN,0.649,0.1208,0.2302
SPADES SIX HEARTS TEN,0.7542,0.0226,0.2232
SPADES SIX HEARTS JACK,0.6748,0.0036,0.3216
SPADES SIX HEARTS ACE,0.6686,0.107,0.2244
SPADES SIX HEARTS KING,0.665,0.0026,0.3324
SPADES SIX HEARTS QUEEN,0.6716,0.003,0.3254
SPADES JACK CLUBS SEVEN,0.6552,0.0048,0.34
CLUBS SEVEN SPADES TEN,0.7244,0.0226,0.253
HEARTS SIX CLUBS JACK,0.6606,0.0038,0.3356
HEARTS SIX CLUBS QUEEN,0.6678,0.0064,0.3258
HEARTS SIX CLUBS KING,0.6732,0.003,0.3238
CLUBS QUEEN CLUBS JACK,0.6042,0.007,0.3888
CLUBS KING CLUBS JACK,0.6046,0.006,0.3894
DIAMONDS THREE HEARTS ACE,0.6558,0.1184,0.2258
DIAMONDS THREE HEARTS QUEEN,0.6682,0.0036,0.3282
DIAMONDS THREE HEARTS KING,0.67,0.0042,0.3258
CLUBS FIVE HEARTS JACK,0.6616,0.0068,0.3316
SPADES TEN DIAMONDS ACE,0.0814,0.8964,0.0222
HEARTS FOUR SPADES TEN,0.7548,0.0248,0.2204
CLUBS FIVE HEARTS TEN,0.7612,0.0222,0.2166
HEARTS FOUR SPADES JACK,0.6684,0.0044,0.3272
SPADES JACK DIAMONDS ACE,0.2724,0.0874,0.6402
SPADES ACE HEARTS FOUR,0.6548,0.1156,0.2296
SPADES ACE DIAMONDS ACE,0.127,0.014,0.859
CLUBS FIVE HEARTS ACE,0.6492,0.1084,0.2424
CLUBS FIVE HEARTS KING,0.6448,0.0046,0.3506
HEARTS FOUR SPADES QUEEN,0.6654,0.0046,0.33
SPADES QUEEN DIAMONDS ACE,0.2818,0.0608,0.6574
SPADES FOUR CLUBS JACK,0.6656,0.0042,0.3302
CLUBS FIVE HEARTS QUEEN,0.676,0.0042,0.3198
SPADES KING DIAMONDS ACE,0.2954,0.05,0.6546
HEARTS FOUR SPADES KING,0.6642,0.0034,0.3324
DIAMONDS QUEEN DIAMONDS ACE,0.2768,0.0578,0.6654
HEARTS TWO DIAMONDS ACE,0.6478,0.1084,0.2438
HEARTS FOUR DIAMONDS QUEEN,0.6682,0.004,0.3278
HEARTS FOUR HEARTS TWO,0.6362,0.007,0.3568
DIAMONDS THREE HEARTS TEN,0.7654,0.0224,0.2122
SPADES FOUR CLUBS KING,0.6706,0.006,0.3234
HEARTS FIVE DIAMONDS QUEEN,0.6672,0.004,0.3288
HEARTS FIVE HEARTS TWO,0.6358,0.0048,0.3594
DIAMONDS THREE HEARTS JACK,0.6908,0.0056,0.3036
SPADES FOUR CLUBS QUEEN,0.6592,0.005,0.3358
DIAMONDS QUEEN HEARTS TWO,0.6834,0.0054,0.3112
DIAMONDS KING DIAMONDS QUEEN,0.585,0.0044,0.4106
DIAMONDS KING HEARTS TWO,0.6708,0.0058,0.3234
HEARTS THREE DIAMONDS QUEEN,0.6936,0.0044,0.302
HEARTS THREE HEARTS TWO,0.6288,0.0056,0.3656
HEARTS TWO CLUBS QUEEN,0.6754,0.0044,0.3202
DIAMONDS QUEEN CLUBS QUEEN,0.3292,0.0056,0.6652
HEARTS TWO CLUBS KING,0.6716,0.0054,0.323
DIAMONDS QUEEN CLUBS KING,0.6156,0.002,0.3824
SPADES EIGHT SPADES FIVE,0.6408,0.0058,0.3534
SPADES NINE SPADES FIVE,0.6542,0.005,0.3408
HEARTS TWO CLUBS JACK,0.6634,0.0064,0.3302
DIAMONDS QUEEN CLUBS JACK,0.6106,0.005,0.3844
SPADES SIX SPADES FIVE,0.6162,0.0046,0.3792
SPADES SEVEN SPADES FIVE,0.6208,0.0052,0.374
DIAMONDS FIVE CLUBS QUEEN,0.6516,0.0062,0.3422
DIAMONDS FIVE CLUBS KING,0.6684,0.0048,0.3268
SPADES EIGHT CLUBS KING,0.657,0.0052,0.3378
SPADES EIGHT CLUBS QUEEN,0.658,0.0038,0.3382
SPADES EIGHT CLUBS JACK,0.6382,0.0058,0.356
DIAMONDS FIVE CLUBS JACK,0.671,0.0056,0.3234
HEARTS JACK DIAMONDS TEN,0.724,0.0164,0.2596
DIAMONDS TEN HEARTS TEN,0.3638,0.0186,0.6176
SPADES ACE CLUBS NINE,0.6564,0.1178,0.2258
CLUBS NINE SPADES QUEEN,0.6474,0.0046,0.348
SPADES KING CLUBS NINE,0.6564,0.0032,0.3404
HEARTS SIX HEARTS KING,0.638,0.0038,0.3582
DIAMONDS KING SPADES SEVEN,0.6746,0.0058,0.3196
HEARTS THREE SPADES SEVEN,0.6786,0.0028,0.3186
SPADES KING DIAMONDS SEVEN,0.6722,0.0048,0.323
HEARTS SIX HEARTS QUEEN,0.6204,0.0048,0.3748
SPADES QUEEN DIAMONDS SEVEN,0.6736,0.0042,0.3222
HEARTS THREE SPADES SIX,0.6692,0.0044,0.3264
DIAMONDS KING SPADES SIX,0.67,0.0044,0.3256
DIAMONDS KING SPADES NINE,0.6674,0.0046,0.328
HEARTS THREE SPADES NINE,0.6876,0.0042,0.3082
HEARTS SIX HEARTS ACE,0.6298,0.1104,0.2598
DIAMONDS KING SPADES EIGHT,0.6646,0.0036,0.3318
HEARTS THREE SPADES EIGHT,0.7134,0.0032,0.2834
SPADES ACE DIAMONDS SEVEN,0.6666,0.107,0.2264
CLUBS NINE HEARTS THREE,0.6938,0.0052,0.301
CLUBS NINE DIAMONDS KING,0.658,0.0052,0.3368
CLUBS EIGHT HEARTS THREE,0.6926,0.0054,0.302
CLUBS EIGHT DIAMONDS KING,0.66,0.0064,0.3336
