opposingHand,winningChance,drawChance,lostChance
CLUBS SIX DIAMONDS JACK
HEARTS FIVE SPADES TEN,0.6232,0.015,0.3618
HEARTS FIVE SPADES JACK,0.4062,0.3798,0.214
CLUBS JACK SPADES FIVE,0.3762,0.3952,0.2286
CLUBS TEN SPADES FIVE,0.6168,0.0186,0.3646
CLUBS JACK CLUBS EIGHT,0.2164,0.2048,0.5788
CLUBS TEN CLUBS EIGHT,0.521,0.0178,0.4612
CLUBS EIGHT CLUBS KING,0.3426,0.0064,0.651
SPADES FIVE CLUBS ACE,0.3878,0.0048,0.6074
CLUBS EIGHT CLUBS QUEEN,0.3342,0.011,0.6548
SPADES FIVE CLUBS KING,0.3804,0.0056,0.614
SPADES FIVE CLUBS QUEEN,0.3816,0.0088,0.6096
CLUBS EIGHT CLUBS ACE,0.337,0.0046,0.6584
DIAMONDS TWO DIAMONDS THREE,0.6018,0.0212,0.377
DIAMONDS TWO DIAMONDS FIVE,0.6,0.0232,0.3768
HEARTS FIVE SPADES KING,0.3844,0.0074,0.6082
DIAMONDS TWO DIAMONDS FOUR,0.6052,0.0262,0.3686
HEARTS FIVE SPADES QUEEN,0.3916,0.0092,0.5992
DIAMONDS TWO DIAMONDS SEVEN,0.608,0.0146,0.3774
DIAMONDS TWO DIAMONDS SIX,0.6668,0.0658,0.2674
SPADES ACE HEARTS FIVE,0.3928,0.0022,0.605
DIAMONDS TWO DIAMONDS NINE,0.594,0.0202,0.3858
DIAMONDS TWO DIAMONDS EIGHT,0.6106,0.0192,0.3702
DIAMONDS THREE DIAMONDS FOUR,0.5806,0.022,0.3974
CLUBS TWO SPADES FOUR,0.6316,0.0204,0.348
DIAMONDS THREE DIAMONDS FIVE,0.5914,0.0214,0.3872
SPADES FIVE CLUBS TWO,0.6384,0.016,0.3456
CLUBS TWO SPADES TWO,0.425,0.047,0.528
CLUBS TWO SPADES THREE,0.6188,0.0214,0.3598
DIAMONDS THREE DIAMONDS EIGHT,0.5938,0.0202,0.386
SPADES EIGHT CLUBS TWO,0.6186,0.0146,0.3668
DIAMONDS THREE DIAMONDS NINE,0.5968,0.0164,0.3868
SPADES NINE CLUBS TWO,0.6222,0.0192,0.3586
DIAMONDS THREE DIAMONDS SIX,0.653,0.0612,0.2858
SPADES SIX CLUBS TWO,0.702,0.0638,0.2342
DIAMONDS THREE DIAMONDS SEVEN,0.5922,0.0184,0.3894
SPADES SEVEN CLUBS TWO,0.6406,0.0196,0.3398
CLUBS SEVEN CLUBS TWO,0.5974,0.0192,0.3834
CLUBS FOUR CLUBS TWO,0.614,0.0182,0.3678
CLUBS FIVE CLUBS TWO,0.6072,0.0186,0.3742
CLUBS TEN CLUBS JACK,0.2122,0.114,0.6738
DIAMONDS FOUR DIAMONDS SIX,0.6482,0.0602,0.2916
CLUBS TEN CLUBS QUEEN,0.3074,0.0092,0.6834
DIAMONDS FOUR DIAMONDS SEVEN,0.5858,0.0178,0.3964
CLUBS TEN CLUBS KING,0.3178,0.0058,0.6764
CLUBS TEN CLUBS ACE,0.332,0.0062,0.6618
CLUBS EIGHT CLUBS TWO,0.5952,0.02,0.3848
DIAMONDS FIVE DIAMONDS FOUR,0.5768,0.0172,0.406
CLUBS NINE CLUBS TWO,0.59,0.017,0.393
DIAMONDS NINE DIAMONDS FOUR,0.5984,0.0156,0.386
DIAMONDS EIGHT DIAMONDS FOUR,0.602,0.0168,0.3812
CLUBS THREE CLUBS TWO,0.6004,0.0196,0.38
DIAMONDS NINE DIAMONDS FIVE,0.5902,0.0196,0.3902
CLUBS JACK DIAMONDS TWO,0.395,0.3842,0.2208
DIAMONDS EIGHT DIAMONDS FIVE,0.5728,0.0206,0.4066
CLUBS TEN DIAMONDS TWO,0.6308,0.017,0.3522
DIAMONDS FIVE DIAMONDS SEVEN,0.5658,0.0196,0.4146
DIAMONDS FIVE DIAMONDS SIX,0.6132,0.06,0.3268
DIAMONDS TWO CLUBS ACE,0.3982,0.0052,0.5966
DIAMONDS TWO CLUBS KING,0.3854,0.0074,0.6072
DIAMONDS TWO CLUBS QUEEN,0.3994,0.0118,0.5888
DIAMONDS EIGHT DIAMONDS SIX,0.6346,0.0556,0.3098
DIAMONDS NINE DIAMONDS SIX,0.6568,0.0546,0.2886
HEARTS ACE SPADES THREE,0.3994,0.0042,0.5964
SPADES THREE HEARTS KING,0.3972,0.0078,0.595
DIAMONDS SEVEN DIAMONDS SIX,0.632,0.0488,0.3192
HEARTS QUEEN SPADES THREE,0.3856,0.0102,0.6042
SPADES THREE HEARTS JACK,0.3968,0.3678,0.2354
SPADES THREE HEARTS TEN,0.6146,0.0192,0.3662
DIAMONDS EIGHT DIAMONDS SEVEN,0.5348,0.0162,0.449
DIAMONDS NINE DIAMONDS SEVEN,0.544,0.0154,0.4406
DIAMONDS NINE DIAMONDS EIGHT,0.5226,0.015,0.4624
DIAMONDS KING HEARTS TEN,0.336,0.0078,0.6562
HEARTS THREE HEARTS TEN,0.577,0.0156,0.4074
DIAMONDS KING HEARTS JACK,0.225,0.0342,0.7408
HEARTS THREE HEARTS JACK,0.3738,0.357,0.2692
SPADES JACK SPADES FIVE,0.3646,0.3604,0.275
SPADES TEN SPADES FIVE,0.5862,0.0158,0.398
DIAMONDS KING HEARTS ACE,0.3204,0.0068,0.6728
HEARTS THREE HEARTS ACE,0.3634,0.0042,0.6324
DIAMONDS KING HEARTS QUEEN,0.3136,0.005,0.6814
HEARTS THREE HEARTS QUEEN,0.3816,0.0094,0.609
DIAMONDS KING HEARTS KING,0.1302,0.005,0.8648
HEARTS THREE HEARTS KING,0.3708,0.007,0.6222
SPADES NINE HEARTS TEN,0.527,0.0168,0.4562
SPADES NINE HEARTS JACK,0.2278,0.1618,0.6104
SPADES QUEEN SPADES FIVE,0.365,0.0088,0.6262
SPADES KING SPADES FIVE,0.3618,0.0064,0.6318
SPADES ACE SPADES FIVE,0.356,0.0036,0.6404
SPADES NINE HEARTS QUEEN,0.3404,0.0106,0.649
SPADES NINE HEARTS KING,0.3668,0.0042,0.629
SPADES NINE HEARTS ACE,0.3592,0.005,0.6358
CLUBS TEN SPADES JACK,0.2184,0.1198,0.6618
CLUBS TEN SPADES TEN,0.2728,0.0196,0.7076
SPADES ACE CLUBS TEN,0.3456,0.0038,0.6506
CLUBS TEN SPADES KING,0.3328,0.0076,0.6596
CLUBS TEN SPADES QUEEN,0.3288,0.01,0.6612
SPADES FIVE HEARTS QUEEN,0.3956,0.0084,0.596
SPADES FIVE HEARTS KING,0.3976,0.0058,0.5966
HEARTS ACE SPADES FIVE,0.3844,0.0042,0.6114
CLUBS EIGHT SPADES TEN,0.5586,0.0148,0.4266
SPADES JACK HEARTS THREE,0.4008,0.3746,0.2246
SPADES JACK DIAMONDS KING,0.2274,0.0292,0.7434
SPADES TEN DIAMONDS KING,0.3456,0.0054,0.649
SPADES TEN HEARTS THREE,0.6118,0.0184,0.3698
CLUBS EIGHT SPADES JACK,0.217,0.2202,0.5628
SPADES ACE CLUBS EIGHT,0.3514,0.003,0.6456
HEARTS FIVE CLUBS JACK,0.3858,0.39,0.2242
CLUBS TEN HEARTS FIVE,0.6252,0.0214,0.3534
SPADES QUEEN CLUBS EIGHT,0.344,0.0076,0.6484
CLUBS TEN SPADES THREE,0.6094,0.0196,0.371
SPADES KING CLUBS EIGHT,0.3484,0.0054,0.6462
CLUBS JACK SPADES THREE,0.3994,0.3802,0.2204
DIAMONDS TWO HEARTS JACK,0.4002,0.3794,0.2204
SPADES THREE CLUBS QUEEN,0.3854,0.0128,0.6018
DIAMONDS TWO HEARTS TEN,0.626,0.0194,0.3546
SPADES THREE CLUBS KING,0.385,0.0094,0.6056
HEARTS FIVE CLUBS ACE,0.3774,0.0046,0.618
SPADES FIVE HEARTS TEN,0.6254,0.0164,0.3582
SPADES THREE CLUBS ACE,0.3834,0.0068,0.6098
HEARTS FIVE CLUBS KING,0.3836,0.0096,0.6068
SPADES FIVE HEARTS JACK,0.397,0.368,0.235
HEARTS FIVE CLUBS QUEEN,0.3932,0.0092,0.5976
HEARTS THREE CLUBS KING,0.4002,0.0076,0.5922
DIAMONDS KING CLUBS KING,0.1188,0.0102,0.871
HEARTS THREE CLUBS QUEEN,0.3846,0.0104,0.605
DIAMONDS KING CLUBS QUEEN,0.2956,0.0068,0.6976
HEARTS FIVE HEARTS JACK,0.3694,0.3604,0.2702
HEARTS FIVE HEARTS TEN,0.5796,0.017,0.4034
HEARTS THREE CLUBS ACE,0.3896,0.0052,0.6052
DIAMONDS KING CLUBS ACE,0.3124,0.0052,0.6824
SPADES ACE CLUBS QUEEN,0.3214,0.0042,0.6744
SPADES KING CLUBS QUEEN,0.3144,0.0064,0.6792
CLUBS JACK HEARTS THREE,0.3738,0.3994,0.2268
CLUBS JACK DIAMONDS KING,0.2198,0.0268,0.7534
SPADES QUEEN CLUBS QUEEN,0.1386,0.0098,0.8516
CLUBS TEN HEARTS THREE,0.6084,0.0204,0.3712
CLUBS TEN DIAMONDS KING,0.3344,0.0076,0.658
SPADES JACK CLUBS QUEEN,0.2248,0.04,0.7352
SPADES TEN CLUBS QUEEN,0.3314,0.0108,0.6578
HEARTS FIVE HEARTS KING,0.3616,0.0074,0.631
HEARTS FIVE HEARTS QUEEN,0.3656,0.0108,0.6236
HEARTS FIVE HEARTS ACE,0.3708,0.0058,0.6234
SPADES SEVEN HEARTS JACK,0.2298,0.2898,0.4804
SPADES SEVEN HEARTS TEN,0.5768,0.018,0.4052
DIAMONDS TWO CLUBS TWO,0.4204,0.047,0.5326
DIAMONDS TWO CLUBS THREE,0.6344,0.0228,0.3428
DIAMONDS TWO HEARTS SIX,0.707,0.0648,0.2282
DIAMONDS TWO HEARTS QUEEN,0.39,0.0108,0.5992
HEARTS SEVEN DIAMONDS TWO,0.6324,0.0224,0.3452
DIAMONDS TWO HEARTS KING,0.3964,0.007,0.5966
DIAMONDS TWO HEARTS EIGHT,0.6288,0.0188,0.3524
DIAMONDS TWO HEARTS ACE,0.3906,0.005,0.6044
DIAMONDS TWO HEARTS NINE,0.6256,0.0158,0.3586
DIAMONDS TWO DIAMONDS QUEEN,0.3786,0.0132,0.6082
DIAMONDS TWO HEARTS TWO,0.4232,0.0438,0.533
DIAMONDS TWO DIAMONDS KING,0.3716,0.0078,0.6206
DIAMONDS TWO HEARTS THREE,0.6342,0.0238,0.342
DIAMONDS TWO DIAMONDS ACE,0.3678,0.0046,0.6276
HEARTS FOUR DIAMONDS TWO,0.6304,0.0186,0.351
HEARTS FIVE DIAMONDS TWO,0.6404,0.0168,0.3428
SPADES SEVEN HEARTS ACE,0.363,0.005,0.632
DIAMONDS TWO DIAMONDS TEN,0.5886,0.019,0.3924
SPADES SEVEN HEARTS KING,0.3584,0.0068,0.6348
SPADES SEVEN HEARTS QUEEN,0.3524,0.0102,0.6374
DIAMONDS TWO SPADES NINE,0.6272,0.016,0.3568
DIAMONDS TWO SPADES EIGHT,0.6414,0.0174,0.3412
DIAMONDS TWO SPADES SEVEN,0.6178,0.017,0.3652
DIAMONDS TWO SPADES SIX,0.6948,0.0754,0.2298
DIAMONDS TWO SPADES FIVE,0.6412,0.0168,0.342
DIAMONDS TWO SPADES FOUR,0.6428,0.0196,0.3376
DIAMONDS TWO SPADES THREE,0.6456,0.021,0.3334
DIAMONDS TWO SPADES TWO,0.4304,0.0454,0.5242
DIAMONDS TWO CLUBS NINE,0.6418,0.0174,0.3408
CLUBS EIGHT DIAMONDS TWO,0.6232,0.0184,0.3584
DIAMONDS TWO CLUBS SEVEN,0.6268,0.021,0.3522
DIAMONDS TWO CLUBS FIVE,0.6332,0.0208,0.346
DIAMONDS TWO CLUBS FOUR,0.6404,0.017,0.3426
CLUBS FOUR SPADES FIVE,0.6128,0.0182,0.369
CLUBS FOUR SPADES FOUR,0.3988,0.0454,0.5558
CLUBS FOUR SPADES THREE,0.621,0.0176,0.3614
CLUBS FOUR SPADES TWO,0.624,0.0222,0.3538
SPADES NINE CLUBS FOUR,0.6312,0.017,0.3518
SPADES EIGHT CLUBS FOUR,0.6158,0.018,0.3662
SPADES SEVEN CLUBS FOUR,0.6126,0.018,0.3694
CLUBS FOUR SPADES SIX,0.6682,0.064,0.2678
SPADES ACE DIAMONDS SIX,0.2436,0.026,0.7304
SPADES QUEEN DIAMONDS SIX,0.2476,0.0512,0.7012
SPADES KING DIAMONDS SIX,0.236,0.0364,0.7276
SPADES TEN DIAMONDS SIX,0.7042,0.0552,0.2406
SPADES JACK DIAMONDS SIX,0.0174,0.9712,0.0114
SPADES QUEEN SPADES TWO,0.369,0.0108,0.6202
SPADES KING SPADES TWO,0.3784,0.0076,0.614
SPADES ACE SPADES TWO,0.3654,0.004,0.6306
DIAMONDS THREE DIAMONDS TEN,0.5884,0.0186,0.393
DIAMONDS THREE DIAMONDS KING,0.3688,0.0086,0.6226
DIAMONDS THREE HEARTS THREE,0.4162,0.0474,0.5364
DIAMONDS THREE DIAMONDS QUEEN,0.3666,0.0112,0.6222
DIAMONDS THREE HEARTS TWO,0.6378,0.0174,0.3448
HEARTS FIVE DIAMONDS THREE,0.6192,0.0186,0.3622
DIAMONDS THREE DIAMONDS ACE,0.3622,0.0034,0.6344
HEARTS FOUR DIAMONDS THREE,0.6262,0.0212,0.3526
HEARTS SEVEN DIAMONDS THREE,0.607,0.0186,0.3744
SPADES TEN SPADES NINE,0.5022,0.0164,0.4814
HEARTS SIX DIAMONDS THREE,0.6758,0.068,0.2562
SPADES JACK SPADES NINE,0.2152,0.1592,0.6256
DIAMONDS THREE HEARTS NINE,0.6272,0.0208,0.352
HEARTS JACK DIAMONDS FOUR,0.3938,0.3966,0.2096
HEARTS ACE HEARTS KING,0.2946,0.0034,0.702
SPADES TEN SPADES TWO,0.5816,0.0182,0.4002
DIAMONDS THREE HEARTS EIGHT,0.6318,0.0176,0.3506
HEARTS TEN DIAMONDS FOUR,0.6158,0.018,0.3662
SPADES JACK SPADES TWO,0.3634,0.3722,0.2644
HEARTS QUEEN DIAMONDS FOUR,0.3972,0.0118,0.591
HEARTS KING DIAMONDS FOUR,0.4076,0.0054,0.587
SPADES ACE SPADES NINE,0.34,0.0044,0.6556
HEARTS ACE DIAMONDS FOUR,0.3838,0.004,0.6122
SPADES KING SPADES NINE,0.3288,0.0042,0.667
SPADES QUEEN SPADES NINE,0.3294,0.01,0.6606
DIAMONDS THREE SPADES NINE,0.6316,0.018,0.3504
DIAMONDS THREE SPADES EIGHT,0.629,0.0138,0.3572
DIAMONDS THREE SPADES SEVEN,0.6166,0.021,0.3624
DIAMONDS THREE SPADES SIX,0.6838,0.0656,0.2506
CLUBS ACE DIAMONDS FOUR,0.3934,0.005,0.6016
DIAMONDS THREE CLUBS SEVEN,0.6124,0.0218,0.3658
CLUBS FIVE CLUBS SEVEN,0.5644,0.0154,0.4202
DIAMONDS THREE CLUBS FOUR,0.63,0.019,0.351
DIAMONDS FOUR CLUBS QUEEN,0.3882,0.012,0.5998
DIAMONDS THREE CLUBS FIVE,0.6166,0.0216,0.3618
DIAMONDS FOUR CLUBS KING,0.3812,0.0076,0.6112
DIAMONDS THREE CLUBS TWO,0.6354,0.0238,0.3408
CLUBS TEN DIAMONDS FOUR,0.6268,0.018,0.3552
DIAMONDS THREE CLUBS THREE,0.4316,0.043,0.5254
CLUBS JACK DIAMONDS FOUR,0.393,0.3936,0.2134
DIAMONDS THREE SPADES FOUR,0.6228,0.0216,0.3556
DIAMONDS THREE SPADES FIVE,0.626,0.021,0.353
DIAMONDS THREE SPADES TWO,0.6282,0.019,0.3528
DIAMONDS THREE SPADES THREE,0.4128,0.04,0.5472
CLUBS EIGHT DIAMONDS THREE,0.6236,0.021,0.3554
CLUBS NINE DIAMONDS THREE,0.6178,0.0228,0.3594
SPADES SEVEN CLUBS ACE,0.3554,0.0032,0.6414
SPADES SEVEN CLUBS QUEEN,0.3686,0.0106,0.6208
SPADES SEVEN CLUBS KING,0.3618,0.0078,0.6304
CLUBS FIVE SPADES SEVEN,0.5968,0.0156,0.3876
CLUBS TEN SPADES SEVEN,0.5736,0.0186,0.4078
CLUBS FIVE SPADES SIX,0.648,0.0574,0.2946
CLUBS JACK SPADES SEVEN,0.2242,0.296,0.4798
CLUBS FIVE SPADES NINE,0.6034,0.019,0.3776
CLUBS FIVE SPADES EIGHT,0.605,0.0176,0.3774
CLUBS FIVE SPADES THREE,0.6272,0.0186,0.3542
CLUBS FIVE SPADES TWO,0.6286,0.0162,0.3552
CLUBS FIVE SPADES FIVE,0.4068,0.0402,0.553
CLUBS FIVE SPADES FOUR,0.6068,0.023,0.3702
CLUBS NINE CLUBS FIVE,0.586,0.0182,0.3958
CLUBS EIGHT CLUBS FIVE,0.5634,0.0168,0.4198
CLUBS ACE CLUBS QUEEN,0.293,0.004,0.703
CLUBS KING CLUBS QUEEN,0.3014,0.0068,0.6918
DIAMONDS TEN DIAMONDS FOUR,0.5994,0.0166,0.384
CLUBS TEN DIAMONDS NINE,0.547,0.0136,0.4394
CLUBS JACK DIAMONDS NINE,0.2276,0.1628,0.6096
CLUBS JACK SPADES NINE,0.2232,0.1658,0.611
CLUBS TEN SPADES NINE,0.5472,0.018,0.4348
DIAMONDS ACE DIAMONDS FOUR,0.3638,0.0052,0.631
HEARTS FOUR DIAMONDS FOUR,0.405,0.0454,0.5496
SPADES NINE CLUBS KING,0.3424,0.006,0.6516
DIAMONDS TWO SPADES TEN,0.625,0.0168,0.3582
DIAMONDS NINE CLUBS ACE,0.3474,0.0036,0.649
HEARTS FIVE DIAMONDS FOUR,0.6206,0.0186,0.3608
SPADES NINE CLUBS QUEEN,0.3336,0.009,0.6574
DIAMONDS TWO SPADES JACK,0.3902,0.394,0.2158
DIAMONDS QUEEN DIAMONDS FOUR,0.3664,0.0112,0.6224
HEARTS TWO DIAMONDS FOUR,0.63,0.0208,0.3492
DIAMONDS NINE CLUBS QUEEN,0.3422,0.0146,0.6432
DIAMONDS KING DIAMONDS FOUR,0.3726,0.0074,0.62
HEARTS THREE DIAMONDS FOUR,0.6336,0.0174,0.349
SPADES NINE CLUBS ACE,0.3502,0.0044,0.6454
DIAMONDS NINE CLUBS KING,0.343,0.0056,0.6514
SPADES ACE DIAMONDS TWO,0.391,0.0036,0.6054
SPADES QUEEN DIAMONDS TWO,0.3976,0.0128,0.5896
SPADES KING DIAMONDS TWO,0.4178,0.009,0.5732
SPADES JACK SPADES SEVEN,0.2056,0.2782,0.5162
SPADES TEN SPADES SEVEN,0.5382,0.018,0.4438
CLUBS SEVEN CLUBS THREE,0.5808,0.0188,0.4004
CLUBS FIVE CLUBS THREE,0.5878,0.019,0.3932
CLUBS THREE CLUBS FOUR,0.588,0.0172,0.3948
CLUBS NINE CLUBS THREE,0.5836,0.0188,0.3976
CLUBS EIGHT CLUBS THREE,0.5812,0.02,0.3988
CLUBS THREE SPADES FIVE,0.626,0.0188,0.3552
CLUBS THREE SPADES FOUR,0.623,0.018,0.359
CLUBS THREE SPADES THREE,0.4126,0.0416,0.5458
CLUBS THREE SPADES TWO,0.639,0.0188,0.3422
CLUBS THREE SPADES SIX,0.6812,0.0606,0.2582
CLUBS THREE SPADES SEVEN,0.6216,0.018,0.3604
SPADES EIGHT CLUBS THREE,0.626,0.0182,0.3558
SPADES NINE CLUBS THREE,0.6328,0.019,0.3482
SPADES TWO DIAMONDS FOUR,0.6302,0.018,0.3518
SPADES THREE DIAMONDS FOUR,0.6138,0.0218,0.3644
SPADES FOUR DIAMONDS FOUR,0.4128,0.0418,0.5454
SPADES FIVE DIAMONDS FOUR,0.6122,0.021,0.3668
SPADES SIX DIAMONDS FOUR,0.6654,0.06,0.2746
SPADES SEVEN DIAMONDS FOUR,0.6112,0.0192,0.3696
SPADES EIGHT DIAMONDS FOUR,0.6292,0.0152,0.3556
SPADES NINE DIAMONDS FOUR,0.6262,0.0186,0.3552
CLUBS FIVE DIAMONDS FOUR,0.6124,0.0248,0.3628
CLUBS FOUR DIAMONDS FOUR,0.4174,0.0444,0.5382
CLUBS SEVEN DIAMONDS FOUR,0.6046,0.0184,0.377
CLUBS NINE DIAMONDS FOUR,0.636,0.0178,0.3462
CLUBS EIGHT DIAMONDS FOUR,0.6154,0.0178,0.3668
HEARTS SEVEN DIAMONDS FOUR,0.586,0.0156,0.3984
HEARTS SIX DIAMONDS FOUR,0.6564,0.0634,0.2802
DIAMONDS FOUR HEARTS NINE,0.6272,0.017,0.3558
DIAMONDS FOUR HEARTS EIGHT,0.623,0.0154,0.3616
CLUBS THREE DIAMONDS FOUR,0.622,0.0214,0.3566
CLUBS TWO DIAMONDS FOUR,0.6382,0.0174,0.3444
DIAMONDS TEN DIAMONDS FIVE,0.6056,0.017,0.3774
DIAMONDS NINE HEARTS QUEEN,0.3488,0.008,0.6432
DIAMONDS NINE HEARTS KING,0.353,0.0058,0.6412
HEARTS ACE DIAMONDS NINE,0.3548,0.0034,0.6418
DIAMONDS NINE HEARTS TEN,0.5364,0.0166,0.447
DIAMONDS NINE HEARTS JACK,0.2266,0.1636,0.6098
CLUBS KING DIAMONDS SIX,0.2264,0.0368,0.7368
CLUBS QUEEN DIAMONDS SIX,0.2388,0.0474,0.7138
CLUBS ACE DIAMONDS SIX,0.2344,0.0226,0.743
SPADES KING DIAMONDS FOUR,0.3856,0.0084,0.606
SPADES ACE SPADES SEVEN,0.3426,0.006,0.6514
SPADES QUEEN DIAMONDS FOUR,0.4012,0.0128,0.586
SPADES QUEEN SPADES SEVEN,0.329,0.0082,0.6628
CLUBS JACK DIAMONDS SIX,0.0088,0.9838,0.0074
SPADES KING SPADES SEVEN,0.3418,0.006,0.6522
SPADES ACE DIAMONDS FOUR,0.3988,0.0036,0.5976
CLUBS TEN DIAMONDS SIX,0.6864,0.0616,0.252
CLUBS NINE CLUBS FOUR,0.5978,0.017,0.3852
CLUBS EIGHT CLUBS FOUR,0.5702,0.0192,0.4106
SPADES JACK DIAMONDS FOUR,0.398,0.3918,0.2102
SPADES TEN DIAMONDS FOUR,0.6162,0.0182,0.3656
CLUBS FIVE CLUBS FOUR,0.5844,0.0168,0.3988
CLUBS SEVEN CLUBS FOUR,0.5918,0.0144,0.3938
CLUBS SEVEN SPADES EIGHT,0.5542,0.0162,0.4296
SPADES NINE CLUBS SEVEN,0.5604,0.016,0.4236
CLUBS SEVEN SPADES SIX,0.6428,0.058,0.2992
CLUBS SEVEN SPADES SEVEN,0.2844,0.0394,0.6762
CLUBS SEVEN SPADES FIVE,0.5822,0.0166,0.4012
CLUBS SEVEN SPADES FOUR,0.6014,0.0158,0.3828
CLUBS SEVEN SPADES THREE,0.6144,0.0226,0.363
CLUBS SEVEN SPADES TWO,0.631,0.0174,0.3516
CLUBS NINE CLUBS SEVEN,0.5358,0.0158,0.4484
CLUBS EIGHT CLUBS SEVEN,0.521,0.0172,0.4618
HEARTS SIX DIAMONDS FIVE,0.6458,0.0574,0.2968
HEARTS SEVEN DIAMONDS FIVE,0.5934,0.0152,0.3914
DIAMONDS FIVE HEARTS EIGHT,0.6098,0.0188,0.3714
DIAMONDS FIVE HEARTS NINE,0.6144,0.014,0.3716
DIAMONDS QUEEN DIAMONDS FIVE,0.3636,0.013,0.6234
HEARTS TWO DIAMONDS FIVE,0.6418,0.0186,0.3396
HEARTS KING HEARTS EIGHT,0.3384,0.0074,0.6542
DIAMONDS KING DIAMONDS FIVE,0.3818,0.0074,0.6108
HEARTS THREE DIAMONDS FIVE,0.6218,0.0202,0.358
HEARTS QUEEN HEARTS EIGHT,0.3254,0.0106,0.664
DIAMONDS ACE DIAMONDS FIVE,0.3732,0.0064,0.6204
HEARTS FOUR DIAMONDS FIVE,0.6074,0.0232,0.3694
HEARTS FIVE DIAMONDS FIVE,0.4238,0.0368,0.5394
HEARTS ACE HEARTS EIGHT,0.3374,0.0036,0.659
CLUBS FOUR DIAMONDS FIVE,0.5988,0.0194,0.3818
CLUBS FIVE DIAMONDS FIVE,0.4028,0.0458,0.5514
CLUBS SEVEN DIAMONDS FIVE,0.5864,0.0182,0.3954
CLUBS TWO DIAMONDS FIVE,0.6342,0.0224,0.3434
CLUBS THREE DIAMONDS FIVE,0.6282,0.0238,0.348
SPADES THREE DIAMONDS FIVE,0.6154,0.0172,0.3674
SPADES TWO DIAMONDS FIVE,0.6432,0.0196,0.3372
SPADES JACK DIAMONDS EIGHT,0.2358,0.2256,0.5386
SPADES FIVE DIAMONDS FIVE,0.4224,0.0378,0.5398
CLUBS TEN HEARTS JACK,0.2178,0.1262,0.656
SPADES TEN DIAMONDS EIGHT,0.5512,0.0188,0.43
SPADES FOUR DIAMONDS FIVE,0.6118,0.0196,0.3686
CLUBS JACK HEARTS JACK,0.0804,0.0362,0.8834
HEARTS JACK CLUBS QUEEN,0.2298,0.0454,0.7248
CLUBS NINE DIAMONDS FIVE,0.6136,0.0208,0.3656
CLUBS EIGHT DIAMONDS FIVE,0.6048,0.0186,0.3766
HEARTS JACK CLUBS KING,0.2316,0.032,0.7364
CLUBS ACE HEARTS JACK,0.232,0.0184,0.7496
SPADES SEVEN DIAMONDS FIVE,0.591,0.0176,0.3914
SPADES KING DIAMONDS EIGHT,0.3638,0.0056,0.6306
SPADES QUEEN DIAMONDS EIGHT,0.3426,0.01,0.6474
SPADES SIX DIAMONDS FIVE,0.6564,0.0588,0.2848
SPADES NINE DIAMONDS FIVE,0.6134,0.019,0.3676
SPADES EIGHT DIAMONDS FIVE,0.6042,0.0158,0.38
SPADES ACE DIAMONDS EIGHT,0.3436,0.005,0.6514
DIAMONDS TEN DIAMONDS SIX,0.6486,0.0654,0.286
HEARTS ACE DIAMONDS SEVEN,0.3638,0.0034,0.6328
HEARTS QUEEN DIAMONDS SEVEN,0.3684,0.0098,0.6218
HEARTS KING DIAMONDS SEVEN,0.3668,0.0084,0.6248
DIAMONDS ACE DIAMONDS SIX,0.246,0.0244,0.7296
HEARTS FOUR DIAMONDS SIX,0.6688,0.0622,0.269
SPADES TWO HEARTS JACK,0.3784,0.3854,0.2362
HEARTS FIVE DIAMONDS SIX,0.6486,0.0618,0.2896
SPADES TWO HEARTS TEN,0.6146,0.0184,0.367
DIAMONDS QUEEN DIAMONDS SIX,0.2318,0.046,0.7222
HEARTS TWO DIAMONDS SIX,0.7016,0.0654,0.233
DIAMONDS KING DIAMONDS SIX,0.228,0.0372,0.7348
HEARTS THREE DIAMONDS SIX,0.6834,0.064,0.2526
HEARTS EIGHT DIAMONDS SIX,0.67,0.0592,0.2708
HEARTS NINE DIAMONDS SIX,0.6832,0.0636,0.2532
HEARTS SIX DIAMONDS SIX,0.294,0.036,0.67
HEARTS SEVEN DIAMONDS SIX,0.6552,0.0562,0.2886
HEARTS TEN DIAMONDS SEVEN,0.5724,0.018,0.4096
CLUBS TWO DIAMONDS SIX,0.6984,0.068,0.2336
HEARTS JACK DIAMONDS SEVEN,0.2316,0.2998,0.4686
CLUBS THREE DIAMONDS SIX,0.6992,0.0634,0.2374
CLUBS SEVEN DIAMONDS SIX,0.6478,0.0608,0.2914
CLUBS JACK DIAMONDS EIGHT,0.2214,0.2176,0.561
CLUBS TEN DIAMONDS EIGHT,0.5512,0.0186,0.4302
CLUBS FIVE DIAMONDS SIX,0.6726,0.0598,0.2676
CLUBS FOUR DIAMONDS SIX,0.6818,0.0658,0.2524
HEARTS ACE HEARTS JACK,0.2212,0.0208,0.758
DIAMONDS EIGHT CLUBS ACE,0.3494,0.0042,0.6464
HEARTS QUEEN HEARTS JACK,0.2252,0.041,0.7338
DIAMONDS EIGHT CLUBS KING,0.3604,0.0076,0.632
CLUBS NINE DIAMONDS SIX,0.6758,0.0628,0.2614
HEARTS KING HEARTS JACK,0.2236,0.0304,0.746
CLUBS EIGHT DIAMONDS SIX,0.66,0.0548,0.2852
DIAMONDS EIGHT CLUBS QUEEN,0.3418,0.0124,0.6458
SPADES TEN HEARTS KING,0.3394,0.007,0.6536
SPADES FIVE DIAMONDS SIX,0.6564,0.0558,0.2878
HEARTS ACE SPADES TWO,0.3808,0.0054,0.6138
SPADES JACK HEARTS KING,0.2228,0.0308,0.7464
SPADES FOUR DIAMONDS SIX,0.6702,0.0638,0.266
SPADES THREE DIAMONDS SIX,0.6898,0.0622,0.248
HEARTS QUEEN SPADES TWO,0.4034,0.0102,0.5864
SPADES ACE SPADES KING,0.3062,0.003,0.6908
HEARTS KING SPADES TWO,0.4124,0.0086,0.579
SPADES TWO DIAMONDS SIX,0.6942,0.0662,0.2396
HEARTS TEN HEARTS EIGHT,0.5218,0.0166,0.4616
SPADES NINE DIAMONDS SIX,0.6836,0.0546,0.2618
HEARTS JACK HEARTS EIGHT,0.2106,0.2134,0.576
SPADES EIGHT DIAMONDS SIX,0.658,0.0508,0.2912
SPADES SEVEN DIAMONDS SIX,0.6518,0.058,0.2902
SPADES SIX DIAMONDS SIX,0.303,0.0384,0.6586
SPADES KING HEARTS KING,0.143,0.0046,0.8524
SPADES QUEEN HEARTS KING,0.3116,0.005,0.6834
CLUBS ACE CLUBS KING,0.3072,0.0056,0.6872
SPADES ACE HEARTS KING,0.3278,0.0038,0.6684
SPADES ACE HEARTS JACK,0.235,0.0236,0.7414
SPADES QUEEN HEARTS JACK,0.225,0.0366,0.7384
SPADES KING HEARTS JACK,0.2352,0.0268,0.738
SPADES TEN DIAMONDS TEN,0.2882,0.0198,0.692
SPADES JACK DIAMONDS TEN,0.2204,0.1204,0.6592
SPADES ACE DIAMONDS TEN,0.3484,0.0038,0.6478
SPADES JACK HEARTS JACK,0.0864,0.0392,0.8744
SPADES TEN HEARTS JACK,0.2336,0.1236,0.6428
SPADES QUEEN DIAMONDS TEN,0.3356,0.0072,0.6572
SPADES KING DIAMONDS TEN,0.3452,0.0062,0.6486
SPADES NINE DIAMONDS SEVEN,0.568,0.0156,0.4164
SPADES EIGHT DIAMONDS SEVEN,0.5644,0.017,0.4186
SPADES SEVEN DIAMONDS SEVEN,0.3038,0.036,0.6602
SPADES SIX DIAMONDS SEVEN,0.6586,0.053,0.2884
DIAMONDS KING DIAMONDS SEVEN,0.3326,0.0076,0.6598
HEARTS THREE DIAMONDS SEVEN,0.6198,0.015,0.3652
HEARTS KING DIAMONDS FIVE,0.3846,0.006,0.6094
DIAMONDS QUEEN DIAMONDS SEVEN,0.3524,0.0098,0.6378
HEARTS TWO DIAMONDS SEVEN,0.6304,0.0204,0.3492
HEARTS QUEEN DIAMONDS FIVE,0.3946,0.0112,0.5942
HEARTS FIVE DIAMONDS SEVEN,0.5948,0.0196,0.3856
DIAMONDS ACE DIAMONDS SEVEN,0.3422,0.0054,0.6524
HEARTS FOUR DIAMONDS SEVEN,0.6116,0.019,0.3694
HEARTS ACE DIAMONDS FIVE,0.3882,0.005,0.6068
HEARTS SEVEN DIAMONDS SEVEN,0.2914,0.04,0.6686
HEARTS SIX DIAMONDS SEVEN,0.6612,0.059,0.2798
DIAMONDS SEVEN HEARTS NINE,0.5622,0.0184,0.4194
HEARTS EIGHT DIAMONDS SEVEN,0.5584,0.0168,0.4248
DIAMONDS FIVE HEARTS JACK,0.3864,0.3898,0.2238
DIAMONDS TEN DIAMONDS SEVEN,0.5492,0.019,0.4318
HEARTS TEN DIAMONDS FIVE,0.6354,0.0136,0.351
CLUBS EIGHT DIAMONDS SEVEN,0.5488,0.0198,0.4314
SPADES KING CLUBS TWO,0.415,0.0072,0.5778
HEARTS KING CLUBS KING,0.1302,0.0074,0.8624
SPADES QUEEN CLUBS TWO,0.4104,0.0134,0.5762
HEARTS KING CLUBS QUEEN,0.3104,0.0066,0.683
CLUBS NINE DIAMONDS SEVEN,0.5536,0.0168,0.4296
CLUBS JACK SPADES TWO,0.3782,0.3862,0.2356
SPADES ACE CLUBS TWO,0.3908,0.0042,0.605
CLUBS TEN SPADES TWO,0.6102,0.0178,0.372
HEARTS KING CLUBS ACE,0.3314,0.0056,0.663
SPADES TWO CLUBS KING,0.3998,0.0076,0.5926
SPADES TWO DIAMONDS SEVEN,0.6442,0.0148,0.341
SPADES THREE DIAMONDS SEVEN,0.6224,0.0184,0.3592
SPADES TWO CLUBS QUEEN,0.3886,0.0118,0.5996
SPADES FOUR DIAMONDS SEVEN,0.6162,0.0206,0.3632
CLUBS JACK HEARTS KING,0.219,0.0322,0.7488
SPADES FIVE DIAMONDS SEVEN,0.587,0.019,0.394
SPADES TWO CLUBS ACE,0.3842,0.0064,0.6094
CLUBS TEN HEARTS KING,0.3354,0.0068,0.6578
CLUBS TWO DIAMONDS SEVEN,0.6342,0.02,0.3458
CLUBS THREE DIAMONDS SEVEN,0.6186,0.0196,0.3618
CLUBS FOUR DIAMONDS SEVEN,0.6108,0.0192,0.37
CLUBS FIVE DIAMONDS SEVEN,0.6016,0.0208,0.3776
SPADES JACK CLUBS TWO,0.3732,0.4086,0.2182
CLUBS SEVEN DIAMONDS SEVEN,0.2994,0.04,0.6606
SPADES TEN CLUBS TWO,0.6228,0.0202,0.357
CLUBS TWO CLUBS QUEEN,0.3856,0.011,0.6034
CLUBS TWO CLUBS KING,0.38,0.0072,0.6128
CLUBS THREE DIAMONDS EIGHT,0.6286,0.0224,0.349
CLUBS TWO CLUBS ACE,0.3748,0.0056,0.6196
CLUBS TWO DIAMONDS EIGHT,0.6352,0.0184,0.3464
HEARTS SEVEN DIAMONDS EIGHT,0.563,0.0184,0.4186
HEARTS SIX DIAMONDS EIGHT,0.6652,0.0562,0.2786
DIAMONDS EIGHT HEARTS NINE,0.5498,0.0168,0.4334
CLUBS TEN CLUBS TWO,0.609,0.0174,0.3736
DIAMONDS EIGHT HEARTS EIGHT,0.2866,0.036,0.6774
CLUBS JACK CLUBS TWO,0.3724,0.3664,0.2612
CLUBS NINE DIAMONDS EIGHT,0.543,0.0166,0.4404
CLUBS EIGHT DIAMONDS EIGHT,0.294,0.0366,0.6694
CLUBS FIVE DIAMONDS EIGHT,0.6152,0.0168,0.368
SPADES ACE SPADES THREE,0.3702,0.0038,0.626
CLUBS FOUR DIAMONDS EIGHT,0.613,0.0202,0.3668
CLUBS SEVEN DIAMONDS EIGHT,0.5558,0.0194,0.4248
SPADES QUEEN SPADES THREE,0.374,0.009,0.617
SPADES KING SPADES THREE,0.3762,0.0098,0.614
DIAMONDS EIGHT DIAMONDS QUEEN,0.3208,0.0102,0.669
HEARTS TWO DIAMONDS EIGHT,0.6344,0.016,0.3496
DIAMONDS KING DIAMONDS EIGHT,0.3268,0.01,0.6632
HEARTS THREE DIAMONDS EIGHT,0.6296,0.018,0.3524
DIAMONDS ACE DIAMONDS EIGHT,0.339,0.0048,0.6562
HEARTS FOUR DIAMONDS EIGHT,0.6122,0.0172,0.3706
HEARTS FIVE DIAMONDS EIGHT,0.6046,0.0114,0.384
DIAMONDS EIGHT DIAMONDS TEN,0.5314,0.0162,0.4524
SPADES JACK SPADES THREE,0.3724,0.353,0.2746
SPADES TEN SPADES THREE,0.5788,0.0206,0.4006
CLUBS FOUR HEARTS ACE,0.3878,0.0044,0.6078
CLUBS FOUR HEARTS QUEEN,0.3988,0.0118,0.5894
CLUBS FOUR HEARTS KING,0.3952,0.007,0.5978
DIAMONDS EIGHT SPADES FOUR,0.615,0.0202,0.3648
SPADES FIVE DIAMONDS EIGHT,0.6022,0.0178,0.38
DIAMONDS EIGHT SPADES TWO,0.6284,0.0194,0.3522
DIAMONDS EIGHT SPADES THREE,0.621,0.021,0.358
CLUBS FOUR HEARTS JACK,0.4012,0.3892,0.2096
SPADES EIGHT DIAMONDS EIGHT,0.2952,0.0328,0.672
SPADES TEN DIAMONDS QUEEN,0.3176,0.0084,0.674
SPADES TEN HEARTS TWO,0.6158,0.0214,0.3628
SPADES JACK HEARTS EIGHT,0.2248,0.2114,0.5638
CLUBS FOUR HEARTS TEN,0.6358,0.019,0.3452
SPADES NINE DIAMONDS EIGHT,0.549,0.0156,0.4354
SPADES TEN HEARTS EIGHT,0.5606,0.015,0.4244
SPADES JACK HEARTS TWO,0.402,0.369,0.229
SPADES JACK DIAMONDS QUEEN,0.2362,0.0384,0.7254
SPADES SIX DIAMONDS EIGHT,0.6582,0.0544,0.2874
SPADES SEVEN DIAMONDS EIGHT,0.57,0.0176,0.4124
SPADES ACE HEARTS TWO,0.4034,0.0024,0.5942
SPADES ACE DIAMONDS QUEEN,0.3126,0.0036,0.6838
SPADES ACE HEARTS EIGHT,0.3612,0.0024,0.6364
SPADES KING HEARTS EIGHT,0.3662,0.0078,0.626
SPADES QUEEN HEARTS TWO,0.3992,0.0128,0.588
SPADES QUEEN DIAMONDS QUEEN,0.1402,0.0116,0.8482
SPADES KING DIAMONDS QUEEN,0.302,0.0062,0.6918
SPADES KING HEARTS TWO,0.3926,0.0062,0.6012
SPADES QUEEN HEARTS EIGHT,0.3472,0.011,0.6418
CLUBS TWO HEARTS TEN,0.6176,0.0204,0.362
CLUBS TWO HEARTS JACK,0.4024,0.38,0.2176
SPADES SEVEN DIAMONDS NINE,0.5596,0.0204,0.42
SPADES SIX DIAMONDS NINE,0.6742,0.0604,0.2654
SPADES NINE DIAMONDS NINE,0.2924,0.028,0.6796
SPADES EIGHT DIAMONDS NINE,0.5534,0.0168,0.4298
SPADES TEN CLUBS KING,0.3344,0.0072,0.6584
DIAMONDS NINE SPADES THREE,0.6266,0.0186,0.3548
SPADES JACK CLUBS KING,0.237,0.0294,0.7336
DIAMONDS NINE SPADES TWO,0.625,0.019,0.356
DIAMONDS NINE SPADES FIVE,0.621,0.0182,0.3608
DIAMONDS NINE SPADES FOUR,0.6272,0.0162,0.3566
CLUBS NINE DIAMONDS NINE,0.2852,0.0286,0.6862
CLUBS EIGHT DIAMONDS NINE,0.5558,0.0198,0.4244
SPADES JACK CLUBS FOUR,0.3914,0.3914,0.2172
CLUBS SEVEN DIAMONDS NINE,0.5588,0.0172,0.424
SPADES TEN CLUBS FOUR,0.6256,0.017,0.3574
CLUBS FOUR DIAMONDS NINE,0.6428,0.0204,0.3368
CLUBS FIVE DIAMONDS NINE,0.619,0.0196,0.3614
DIAMONDS NINE CLUBS TWO,0.6302,0.0178,0.352
CLUBS THREE DIAMONDS NINE,0.6304,0.0206,0.349
DIAMONDS NINE HEARTS EIGHT,0.5588,0.0166,0.4246
DIAMONDS NINE HEARTS NINE,0.2818,0.0316,0.6866
HEARTS SIX DIAMONDS NINE,0.6718,0.0592,0.269
HEARTS SEVEN DIAMONDS NINE,0.5668,0.0196,0.4136
CLUBS EIGHT CLUBS NINE,0.5254,0.0146,0.46
DIAMONDS ACE DIAMONDS NINE,0.3326,0.0044,0.663
HEARTS FOUR DIAMONDS NINE,0.6238,0.016,0.3602
HEARTS FIVE DIAMONDS NINE,0.6092,0.0192,0.3716
HEARTS ACE CLUBS TWO,0.399,0.0044,0.5966
SPADES ACE CLUBS FOUR,0.3964,0.0042,0.5994
DIAMONDS NINE DIAMONDS QUEEN,0.3252,0.0112,0.6636
HEARTS TWO DIAMONDS NINE,0.6264,0.0196,0.354
CLUBS TWO HEARTS KING,0.3854,0.008,0.6066
SPADES KING CLUBS FOUR,0.3996,0.0068,0.5936
DIAMONDS KING DIAMONDS NINE,0.3304,0.006,0.6636
HEARTS THREE DIAMONDS NINE,0.6314,0.019,0.3496
CLUBS TWO HEARTS QUEEN,0.398,0.0132,0.5888
SPADES QUEEN CLUBS FOUR,0.4072,0.0078,0.585
CLUBS EIGHT SPADES NINE,0.5548,0.0166,0.4286
DIAMONDS NINE DIAMONDS TEN,0.5118,0.0172,0.471
CLUBS EIGHT SPADES EIGHT,0.2964,0.029,0.6746
CLUBS EIGHT SPADES SEVEN,0.5652,0.0168,0.418
CLUBS EIGHT SPADES SIX,0.6758,0.0508,0.2734
CLUBS EIGHT SPADES FIVE,0.6046,0.0194,0.376
CLUBS EIGHT SPADES FOUR,0.6064,0.019,0.3746
CLUBS EIGHT SPADES THREE,0.6258,0.0158,0.3584
CLUBS EIGHT SPADES TWO,0.6264,0.019,0.3546
HEARTS SIX DIAMONDS TEN,0.6954,0.0648,0.2398
HEARTS SEVEN DIAMONDS TEN,0.576,0.0164,0.4076
DIAMONDS TEN HEARTS EIGHT,0.5486,0.0162,0.4352
CLUBS JACK CLUBS FOUR,0.3738,0.3706,0.2556
DIAMONDS TEN HEARTS NINE,0.5478,0.015,0.4372
CLUBS TEN CLUBS FOUR,0.5874,0.0148,0.3978
CLUBS FOUR CLUBS KING,0.3786,0.0078,0.6136
CLUBS FOUR CLUBS QUEEN,0.3696,0.012,0.6184
CLUBS TWO DIAMONDS TEN,0.6408,0.0152,0.344
CLUBS THREE DIAMONDS TEN,0.6276,0.0198,0.3526
CLUBS FOUR CLUBS ACE,0.3642,0.0044,0.6314
DIAMONDS QUEEN DIAMONDS TEN,0.3096,0.0088,0.6816
HEARTS TWO DIAMONDS TEN,0.6268,0.0206,0.3526
DIAMONDS KING DIAMONDS TEN,0.318,0.0082,0.6738
HEARTS THREE DIAMONDS TEN,0.6192,0.0184,0.3624
DIAMONDS ACE DIAMONDS TEN,0.3304,0.0042,0.6654
HEARTS FOUR DIAMONDS TEN,0.6122,0.018,0.3698
CLUBS EIGHT HEARTS JACK,0.2184,0.2118,0.5698
HEARTS FIVE DIAMONDS TEN,0.6362,0.0176,0.3462
CLUBS EIGHT HEARTS TEN,0.546,0.0166,0.4374
CLUBS EIGHT HEARTS QUEEN,0.349,0.0112,0.6398
CLUBS EIGHT HEARTS KING,0.36,0.0054,0.6346
CLUBS EIGHT HEARTS ACE,0.335,0.0038,0.6612
CLUBS NINE SPADES THREE,0.6148,0.0162,0.369
CLUBS NINE SPADES TWO,0.6232,0.0188,0.358
CLUBS NINE SPADES FIVE,0.6022,0.0194,0.3784
CLUBS NINE SPADES FOUR,0.619,0.0176,0.3634
CLUBS NINE SPADES SEVEN,0.544,0.0194,0.4366
CLUBS NINE SPADES SIX,0.6698,0.0576,0.2726
CLUBS NINE SPADES NINE,0.2804,0.028,0.6916
CLUBS TEN HEARTS EIGHT,0.5614,0.016,0.4226
CLUBS NINE SPADES EIGHT,0.5586,0.0146,0.4268
CLUBS JACK HEARTS EIGHT,0.2276,0.2136,0.5588
HEARTS EIGHT CLUBS QUEEN,0.3472,0.01,0.6428
CLUBS KING HEARTS EIGHT,0.3678,0.0058,0.6264
CLUBS ACE HEARTS EIGHT,0.3608,0.0026,0.6366
SPADES KING CLUBS KING,0.1294,0.0076,0.863
SPADES QUEEN CLUBS KING,0.314,0.0068,0.6792
SPADES ACE CLUBS KING,0.313,0.0034,0.6836
DIAMONDS ACE HEARTS TEN,0.3404,0.0028,0.6568
HEARTS FOUR HEARTS TEN,0.578,0.0204,0.4016
DIAMONDS ACE HEARTS JACK,0.2294,0.0208,0.7498
HEARTS FOUR HEARTS JACK,0.378,0.358,0.264
SPADES KING CLUBS FIVE,0.3874,0.0082,0.6044
SPADES QUEEN CLUBS FIVE,0.386,0.0108,0.6032
SPADES ACE CLUBS FIVE,0.3882,0.0026,0.6092
SPADES ACE SPADES SIX,0.22,0.0222,0.7578
HEARTS ACE SPADES FOUR,0.3894,0.0034,0.6072
SPADES QUEEN SPADES SIX,0.219,0.0458,0.7352
SPADES FOUR HEARTS QUEEN,0.4008,0.0102,0.589
SPADES KING SPADES SIX,0.2308,0.0372,0.732
SPADES FOUR HEARTS KING,0.4092,0.0062,0.5846
SPADES TEN SPADES SIX,0.6478,0.053,0.2992
SPADES JACK SPADES SIX,0.0208,0.9054,0.0738
SPADES ACE DIAMONDS THREE,0.3816,0.0042,0.6142
SPADES QUEEN DIAMONDS THREE,0.4004,0.012,0.5876
SPADES KING DIAMONDS THREE,0.3992,0.0076,0.5932
SPADES TEN CLUBS FIVE,0.6238,0.0144,0.3618
SPADES JACK HEARTS SIX,0.0216,0.9554,0.023
HEARTS SIX SPADES TEN,0.6964,0.0572,0.2464
SPADES JACK CLUBS FIVE,0.3914,0.3822,0.2264
SPADES JACK DIAMONDS THREE,0.3962,0.3874,0.2164
CLUBS SEVEN CLUBS ACE,0.3364,0.0048,0.6588
DIAMONDS THREE SPADES TEN,0.6362,0.0222,0.3416
CLUBS SEVEN CLUBS QUEEN,0.3472,0.01,0.6428
CLUBS SEVEN CLUBS KING,0.3382,0.0058,0.656
CLUBS TEN CLUBS SEVEN,0.5356,0.0154,0.449
DIAMONDS ACE HEARTS ACE,0.1124,0.0042,0.8834
HEARTS FOUR HEARTS ACE,0.375,0.004,0.621
SPADES ACE HEARTS SIX,0.243,0.0242,0.7328
CLUBS JACK CLUBS SEVEN,0.2164,0.277,0.5066
DIAMONDS ACE HEARTS KING,0.3122,0.0044,0.6834
HEARTS FOUR HEARTS KING,0.3668,0.0064,0.6268
SPADES KING HEARTS SIX,0.236,0.0324,0.7316
DIAMONDS ACE HEARTS QUEEN,0.3152,0.0044,0.6804
HEARTS FOUR HEARTS QUEEN,0.372,0.009,0.619
SPADES QUEEN HEARTS SIX,0.2432,0.0466,0.7102
DIAMONDS TEN SPADES TWO,0.6188,0.0206,0.3606
SPADES THREE DIAMONDS TEN,0.6186,0.0194,0.362
SPADES FOUR DIAMONDS TEN,0.6152,0.0176,0.3672
SPADES FIVE DIAMONDS TEN,0.6224,0.0228,0.3548
SPADES SIX DIAMONDS TEN,0.6836,0.0582,0.2582
SPADES SEVEN DIAMONDS TEN,0.5694,0.0182,0.4124
SPADES EIGHT DIAMONDS TEN,0.5536,0.0166,0.4298
SPADES NINE DIAMONDS TEN,0.5474,0.0156,0.437
CLUBS FOUR DIAMONDS TEN,0.6356,0.0178,0.3466
CLUBS FIVE DIAMONDS TEN,0.632,0.0204,0.3476
CLUBS SEVEN DIAMONDS TEN,0.5782,0.016,0.4058
CLUBS EIGHT DIAMONDS TEN,0.5512,0.0188,0.43
CLUBS NINE DIAMONDS TEN,0.5398,0.0176,0.4426
CLUBS JACK DIAMONDS THREE,0.3902,0.3864,0.2234
CLUBS TEN DIAMONDS THREE,0.6172,0.02,0.3628
DIAMONDS THREE CLUBS KING,0.381,0.007,0.612
DIAMONDS THREE CLUBS QUEEN,0.393,0.0106,0.5964
DIAMONDS THREE CLUBS ACE,0.3872,0.0054,0.6074
SPADES FOUR HEARTS JACK,0.3892,0.377,0.2338
SPADES FOUR HEARTS TEN,0.619,0.0188,0.3622
SPADES FIVE SPADES TWO,0.6044,0.0192,0.3764
SPADES FOUR SPADES TWO,0.5866,0.0222,0.3912
SPADES THREE SPADES TWO,0.5904,0.0172,0.3924
SPADES NINE SPADES TWO,0.5696,0.0206,0.4098
SPADES EIGHT SPADES TWO,0.5724,0.016,0.4116
SPADES SEVEN SPADES TWO,0.5928,0.0184,0.3888
SPADES SIX SPADES TWO,0.6554,0.0602,0.2844
CLUBS THREE DIAMONDS QUEEN,0.3936,0.0142,0.5922
CLUBS THREE HEARTS TWO,0.635,0.0206,0.3444
CLUBS TWO DIAMONDS QUEEN,0.4008,0.0144,0.5848
HEARTS TWO CLUBS TWO,0.428,0.0464,0.5256
HEARTS SEVEN DIAMONDS QUEEN,0.353,0.0124,0.6346
HEARTS SEVEN HEARTS TWO,0.578,0.0194,0.4026
HEARTS SIX DIAMONDS QUEEN,0.2352,0.0484,0.7164
HEARTS SIX HEARTS TWO,0.6568,0.0616,0.2816
DIAMONDS QUEEN HEARTS NINE,0.3286,0.0106,0.6608
HEARTS TWO HEARTS NINE,0.5894,0.0174,0.3932
DIAMONDS QUEEN HEARTS EIGHT,0.3336,0.0146,0.6518
HEARTS TWO HEARTS EIGHT,0.5748,0.0194,0.4058
CLUBS NINE HEARTS TWO,0.6134,0.0198,0.3668
CLUBS NINE DIAMONDS QUEEN,0.3262,0.0118,0.662
CLUBS EIGHT DIAMONDS QUEEN,0.3354,0.0092,0.6554
CLUBS EIGHT HEARTS TWO,0.6212,0.0206,0.3582
CLUBS FIVE DIAMONDS QUEEN,0.387,0.0112,0.6018
CLUBS FIVE HEARTS TWO,0.6432,0.022,0.3348
SPADES EIGHT HEARTS ACE,0.357,0.0032,0.6398
CLUBS FOUR DIAMONDS QUEEN,0.3898,0.0126,0.5976
CLUBS FOUR HEARTS TWO,0.6308,0.0232,0.346
CLUBS SEVEN DIAMONDS QUEEN,0.3456,0.0098,0.6446
CLUBS SEVEN HEARTS TWO,0.6278,0.0184,0.3538
SPADES EIGHT HEARTS QUEEN,0.3454,0.0082,0.6464
SPADES EIGHT HEARTS KING,0.3682,0.0066,0.6252
HEARTS TWO SPADES SIX,0.6976,0.068,0.2344
SPADES SIX DIAMONDS QUEEN,0.2332,0.0454,0.7214
HEARTS FOUR CLUBS QUEEN,0.3768,0.0126,0.6106
DIAMONDS ACE CLUBS QUEEN,0.3064,0.004,0.6896
SPADES SEVEN DIAMONDS QUEEN,0.3584,0.0104,0.6312
SPADES SEVEN HEARTS TWO,0.6408,0.015,0.3442
HEARTS FOUR CLUBS KING,0.3866,0.0062,0.6072
DIAMONDS ACE CLUBS KING,0.311,0.004,0.685
SPADES EIGHT DIAMONDS QUEEN,0.3426,0.0096,0.6478
SPADES EIGHT HEARTS TWO,0.6432,0.0204,0.3364
HEARTS FOUR CLUBS ACE,0.3898,0.0034,0.6068
DIAMONDS ACE CLUBS ACE,0.1124,0.0038,0.8838
SPADES NINE DIAMONDS QUEEN,0.3326,0.0124,0.655
SPADES NINE HEARTS TWO,0.6216,0.0148,0.3636
HEARTS TWO SPADES TWO,0.4272,0.0446,0.5282
DIAMONDS QUEEN SPADES TWO,0.4018,0.0128,0.5854
HEARTS TWO SPADES THREE,0.636,0.0208,0.3432
DIAMONDS QUEEN SPADES THREE,0.4002,0.013,0.5868
HEARTS TWO SPADES FOUR,0.6194,0.0196,0.361
SPADES FOUR DIAMONDS QUEEN,0.396,0.0112,0.5928
CLUBS TEN HEARTS FOUR,0.619,0.0174,0.3636
CLUBS TEN DIAMONDS ACE,0.3552,0.0046,0.6402
HEARTS TWO SPADES FIVE,0.623,0.0188,0.3582
SPADES FIVE DIAMONDS QUEEN,0.3814,0.0126,0.606
CLUBS JACK HEARTS FOUR,0.3848,0.3804,0.2348
CLUBS JACK DIAMONDS ACE,0.2086,0.0226,0.7688
CLUBS FIVE CLUBS KING,0.3738,0.0094,0.6168
CLUBS FIVE CLUBS QUEEN,0.3608,0.0104,0.6288
CLUBS FIVE CLUBS ACE,0.3672,0.0062,0.6266
CLUBS JACK CLUBS FIVE,0.3816,0.3642,0.2542
CLUBS TEN CLUBS FIVE,0.5938,0.016,0.3902
SPADES KING CLUBS JACK,0.2314,0.0312,0.7374
CLUBS JACK SPADES QUEEN,0.215,0.0392,0.7458
SPADES ACE CLUBS JACK,0.2216,0.023,0.7554
SPADES SIX CLUBS KING,0.2342,0.0378,0.728
SPADES SIX CLUBS QUEEN,0.2282,0.0482,0.7236
SPADES EIGHT HEARTS JACK,0.2246,0.2254,0.55
SPADES SIX CLUBS ACE,0.2304,0.0272,0.7424
SPADES EIGHT HEARTS TEN,0.5536,0.0184,0.428
CLUBS JACK SPADES SIX,0.0136,0.9656,0.0208
CLUBS TEN SPADES SIX,0.6942,0.0574,0.2484
CLUBS JACK SPADES TEN,0.2168,0.1176,0.6656
CLUBS JACK SPADES JACK,0.0794,0.0406,0.88
SPADES QUEEN CLUBS SEVEN,0.354,0.0102,0.6358
SPADES KING CLUBS SEVEN,0.3608,0.0044,0.6348
SPADES ACE CLUBS SEVEN,0.347,0.005,0.648
SPADES SIX HEARTS TEN,0.6764,0.0612,0.2624
SPADES SIX HEARTS JACK,0.0214,0.9542,0.0244
SPADES SIX HEARTS ACE,0.2396,0.0256,0.7348
SPADES SIX HEARTS KING,0.2536,0.033,0.7134
SPADES SIX HEARTS QUEEN,0.2322,0.0426,0.7252
SPADES JACK CLUBS SEVEN,0.2164,0.2954,0.4882
SPADES TEN CLUBS SEVEN,0.5666,0.0158,0.4176
CLUBS TEN HEARTS SIX,0.7012,0.0536,0.2452
CLUBS JACK HEARTS SIX,0.0124,0.9668,0.0208
CLUBS JACK CLUBS ACE,0.2204,0.0204,0.7592
HEARTS SIX CLUBS QUEEN,0.2294,0.0446,0.726
HEARTS SIX CLUBS KING,0.2302,0.0404,0.7294
HEARTS SIX CLUBS ACE,0.2162,0.0268,0.757
CLUBS JACK CLUBS QUEEN,0.2216,0.0392,0.7392
CLUBS JACK CLUBS KING,0.2272,0.0274,0.7454
DIAMONDS THREE HEARTS ACE,0.4002,0.005,0.5948
DIAMONDS THREE HEARTS QUEEN,0.407,0.0104,0.5826
DIAMONDS THREE HEARTS KING,0.3924,0.006,0.6016
CLUBS FIVE HEARTS JACK,0.3808,0.4012,0.218
SPADES TEN DIAMONDS ACE,0.3382,0.0044,0.6574
HEARTS FOUR SPADES TEN,0.6114,0.0184,0.3702
CLUBS FIVE HEARTS TEN,0.6184,0.0194,0.3622
HEARTS FOUR SPADES JACK,0.4044,0.3784,0.2172
SPADES JACK DIAMONDS ACE,0.2216,0.0236,0.7548
SPADES ACE HEARTS FOUR,0.388,0.0042,0.6078
SPADES ACE DIAMONDS ACE,0.112,0.0034,0.8846
CLUBS FIVE HEARTS ACE,0.3934,0.004,0.6026
CLUBS FIVE HEARTS KING,0.3912,0.0068,0.602
HEARTS FOUR SPADES QUEEN,0.3842,0.01,0.6058
SPADES QUEEN DIAMONDS ACE,0.3056,0.0062,0.6882
CLUBS JACK SPADES FOUR,0.3888,0.3868,0.2244
CLUBS FIVE HEARTS QUEEN,0.396,0.0124,0.5916
SPADES KING DIAMONDS ACE,0.3112,0.0026,0.6862
SPADES KING HEARTS FOUR,0.3914,0.0076,0.601
CLUBS TEN SPADES FOUR,0.6236,0.018,0.3584
DIAMONDS ACE DIAMONDS QUEEN,0.2926,0.005,0.7024
DIAMONDS ACE HEARTS TWO,0.3902,0.0046,0.6052
HEARTS FOUR DIAMONDS QUEEN,0.3816,0.01,0.6084
HEARTS FOUR HEARTS TWO,0.5878,0.0198,0.3924
DIAMONDS THREE HEARTS TEN,0.6202,0.0168,0.363
SPADES FOUR CLUBS KING,0.3884,0.0078,0.6038
HEARTS FIVE DIAMONDS QUEEN,0.391,0.0094,0.5996
HEARTS FIVE HEARTS TWO,0.5922,0.0196,0.3882
DIAMONDS THREE HEARTS JACK,0.4052,0.3748,0.22
SPADES FOUR CLUBS QUEEN,0.3836,0.0124,0.604
HEARTS TWO DIAMONDS QUEEN,0.3944,0.0122,0.5934
DIAMONDS KING DIAMONDS QUEEN,0.2948,0.0084,0.6968
DIAMONDS KING HEARTS TWO,0.3926,0.007,0.6004
HEARTS THREE DIAMONDS QUEEN,0.3882,0.0112,0.6006
HEARTS THREE HEARTS TWO,0.5686,0.0194,0.412
SPADES FOUR CLUBS ACE,0.3718,0.004,0.6242
HEARTS TWO CLUBS ACE,0.389,0.0048,0.6062
DIAMONDS QUEEN CLUBS ACE,0.2984,0.0064,0.6952
HEARTS TWO CLUBS QUEEN,0.3962,0.0114,0.5924
DIAMONDS QUEEN CLUBS QUEEN,0.131,0.009,0.86
HEARTS TWO CLUBS KING,0.4068,0.009,0.5842
DIAMONDS QUEEN CLUBS KING,0.3,0.0066,0.6934
SPADES EIGHT SPADES FIVE,0.5662,0.0206,0.4132
CLUBS TEN HEARTS TWO,0.6284,0.0172,0.3544
CLUBS TEN DIAMONDS QUEEN,0.3222,0.0098,0.668
SPADES NINE SPADES FIVE,0.576,0.0196,0.4044
CLUBS JACK HEARTS TWO,0.3782,0.4018,0.22
CLUBS JACK DIAMONDS QUEEN,0.2178,0.0366,0.7456
SPADES SIX SPADES FIVE,0.6052,0.062,0.3328
SPADES SEVEN SPADES FIVE,0.559,0.0182,0.4228
DIAMONDS FIVE CLUBS QUEEN,0.3924,0.0136,0.594
SPADES EIGHT CLUBS ACE,0.3494,0.0044,0.6462
DIAMONDS FIVE CLUBS KING,0.3908,0.01,0.5992
SPADES EIGHT CLUBS KING,0.3506,0.0064,0.643
DIAMONDS FIVE CLUBS ACE,0.3786,0.0042,0.6172
SPADES EIGHT CLUBS QUEEN,0.352,0.009,0.639
CLUBS JACK SPADES EIGHT,0.2196,0.2294,0.551
CLUBS TEN SPADES EIGHT,0.5532,0.0156,0.4312
CLUBS TEN DIAMONDS FIVE,0.6172,0.0202,0.3626
CLUBS JACK DIAMONDS FIVE,0.3886,0.3896,0.2218
DIAMONDS TEN HEARTS JACK,0.2286,0.1204,0.651
DIAMONDS TEN HEARTS TEN,0.2726,0.0204,0.707
SPADES ACE CLUBS NINE,0.3398,0.0038,0.6564
SPADES QUEEN CLUBS NINE,0.3446,0.0092,0.6462
SPADES KING CLUBS NINE,0.3524,0.0084,0.6392
HEARTS SIX HEARTS KING,0.225,0.0344,0.7406
DIAMONDS KING SPADES SEVEN,0.3352,0.0072,0.6576
HEARTS THREE SPADES SEVEN,0.6122,0.016,0.3718
SPADES KING DIAMONDS SEVEN,0.3662,0.0058,0.628
HEARTS SIX HEARTS QUEEN,0.2214,0.0434,0.7352
SPADES QUEEN DIAMONDS SEVEN,0.363,0.0106,0.6264
HEARTS THREE SPADES SIX,0.6802,0.065,0.2548
DIAMONDS KING SPADES SIX,0.2218,0.0356,0.7426
SPADES NINE DIAMONDS KING,0.3584,0.006,0.6356
SPADES NINE HEARTS THREE,0.6282,0.0162,0.3556
HEARTS SIX HEARTS ACE,0.2296,0.0216,0.7488
DIAMONDS KING SPADES EIGHT,0.3552,0.0082,0.6366
SPADES EIGHT HEARTS THREE,0.611,0.0198,0.3692
SPADES ACE DIAMONDS SEVEN,0.3512,0.0038,0.645
CLUBS NINE HEARTS THREE,0.6228,0.019,0.3582
CLUBS NINE DIAMONDS KING,0.3486,0.008,0.6434
CLUBS EIGHT DIAMONDS KING,0.3478,0.0062,0.646
CLUBS EIGHT HEARTS THREE,0.6132,0.0208,0.366
HEARTS THREE SPADES THREE,0.4206,0.0458,0.5336
DIAMONDS KING SPADES THREE,0.3988,0.01,0.5912
HEARTS THREE SPADES TWO,0.6394,0.0192,0.3414
DIAMONDS KING SPADES TWO,0.3942,0.0076,0.5982
HEARTS THREE SPADES FIVE,0.6054,0.0208,0.3738
DIAMONDS KING SPADES FIVE,0.379,0.0056,0.6154
HEARTS THREE SPADES FOUR,0.62,0.0216,0.3584
DIAMONDS KING SPADES FOUR,0.377,0.0076,0.6154
DIAMONDS KING CLUBS TWO,0.4016,0.008,0.5904
HEARTS THREE CLUBS TWO,0.6348,0.0204,0.3448
DIAMONDS KING CLUBS THREE,0.3922,0.0112,0.5966
CLUBS THREE HEARTS THREE,0.4042,0.0468,0.549
