opposingHand,winningChance,drawChance,lostChance
CLUBS JACK HEARTS FOUR
HEARTS FIVE SPADES TEN,0.5944,0.0208,0.3848
HEARTS FIVE SPADES JACK,0.2134,0.4752,0.3114
CLUBS TEN SPADES FIVE,0.598,0.019,0.383
CLUBS TEN CLUBS EIGHT,0.5454,0.0166,0.438
CLUBS EIGHT CLUBS KING,0.3436,0.0074,0.649
SPADES FIVE CLUBS ACE,0.3568,0.0042,0.639
CLUBS EIGHT CLUBS QUEEN,0.334,0.0124,0.6536
SPADES FIVE CLUBS KING,0.3536,0.0066,0.6398
SPADES FIVE CLUBS QUEEN,0.3512,0.0128,0.636
CLUBS EIGHT CLUBS ACE,0.3408,0.0052,0.654
DIAMONDS TWO DIAMONDS THREE,0.6044,0.0188,0.3768
DIAMONDS TWO DIAMONDS FIVE,0.5672,0.0162,0.4166
HEARTS FIVE SPADES KING,0.3404,0.0062,0.6534
DIAMONDS TWO DIAMONDS FOUR,0.6386,0.0582,0.3032
HEARTS FIVE SPADES QUEEN,0.3472,0.0112,0.6416
DIAMONDS TWO DIAMONDS SEVEN,0.583,0.0178,0.3992
DIAMONDS TWO DIAMONDS SIX,0.5808,0.0194,0.3998
SPADES ACE HEARTS FIVE,0.3372,0.0048,0.658
DIAMONDS TWO DIAMONDS NINE,0.5846,0.0188,0.3966
DIAMONDS TWO DIAMONDS EIGHT,0.5902,0.0168,0.393
DIAMONDS THREE DIAMONDS FOUR,0.617,0.057,0.326
CLUBS TWO SPADES FOUR,0.6926,0.067,0.2404
DIAMONDS THREE DIAMONDS FIVE,0.5638,0.0194,0.4168
SPADES FIVE CLUBS TWO,0.5954,0.0232,0.3814
CLUBS TWO SPADES TWO,0.4102,0.054,0.5358
CLUBS TWO SPADES THREE,0.644,0.018,0.338
DIAMONDS THREE DIAMONDS EIGHT,0.5858,0.0214,0.3928
SPADES EIGHT CLUBS TWO,0.616,0.0182,0.3658
DIAMONDS THREE DIAMONDS NINE,0.571,0.017,0.412
SPADES NINE CLUBS TWO,0.6232,0.0206,0.3562
DIAMONDS THREE DIAMONDS SIX,0.5542,0.0188,0.427
SPADES SIX CLUBS TWO,0.6116,0.0246,0.3638
DIAMONDS THREE DIAMONDS SEVEN,0.5722,0.0164,0.4114
SPADES SEVEN CLUBS TWO,0.6472,0.0224,0.3304
CLUBS SIX CLUBS TWO,0.5878,0.019,0.3932
CLUBS SEVEN CLUBS TWO,0.6024,0.0208,0.3768
CLUBS FOUR CLUBS TWO,0.6476,0.0608,0.2916
CLUBS FIVE CLUBS TWO,0.581,0.0174,0.4016
DIAMONDS FOUR DIAMONDS SIX,0.6316,0.0568,0.3116
CLUBS TEN CLUBS QUEEN,0.317,0.011,0.672
DIAMONDS FOUR DIAMONDS SEVEN,0.6308,0.058,0.3112
CLUBS TEN CLUBS KING,0.3296,0.0078,0.6626
CLUBS TEN CLUBS ACE,0.333,0.0036,0.6634
CLUBS EIGHT CLUBS TWO,0.596,0.0214,0.3826
DIAMONDS FIVE DIAMONDS FOUR,0.6054,0.0558,0.3388
CLUBS NINE CLUBS TWO,0.5926,0.0196,0.3878
DIAMONDS NINE DIAMONDS FOUR,0.649,0.0638,0.2872
DIAMONDS EIGHT DIAMONDS FOUR,0.651,0.0544,0.2946
CLUBS THREE CLUBS TWO,0.6158,0.0206,0.3636
DIAMONDS NINE DIAMONDS FIVE,0.5516,0.0172,0.4312
DIAMONDS EIGHT DIAMONDS FIVE,0.543,0.019,0.438
CLUBS TEN DIAMONDS TWO,0.6266,0.0168,0.3566
DIAMONDS FIVE DIAMONDS SEVEN,0.5228,0.0196,0.4576
DIAMONDS FIVE DIAMONDS SIX,0.5174,0.0166,0.466
DIAMONDS TWO CLUBS ACE,0.3786,0.0058,0.6156
DIAMONDS TWO CLUBS KING,0.3916,0.0108,0.5976
DIAMONDS TWO CLUBS QUEEN,0.3942,0.0118,0.594
DIAMONDS EIGHT DIAMONDS SIX,0.517,0.0176,0.4654
DIAMONDS NINE DIAMONDS SIX,0.5378,0.0152,0.447
HEARTS ACE SPADES THREE,0.3692,0.003,0.6278
SPADES THREE HEARTS KING,0.3926,0.0068,0.6006
DIAMONDS SEVEN DIAMONDS SIX,0.5258,0.019,0.4552
HEARTS QUEEN SPADES THREE,0.3788,0.0118,0.6094
SPADES THREE HEARTS JACK,0.2582,0.5122,0.2296
SPADES THREE HEARTS TEN,0.6186,0.0204,0.361
DIAMONDS EIGHT DIAMONDS SEVEN,0.5046,0.0142,0.4812
DIAMONDS NINE DIAMONDS SEVEN,0.5108,0.019,0.4702
DIAMONDS NINE DIAMONDS EIGHT,0.498,0.0198,0.4822
DIAMONDS KING HEARTS TEN,0.3346,0.0072,0.6582
HEARTS THREE HEARTS TEN,0.5962,0.0184,0.3854
SPADES JACK CLUBS SIX,0.238,0.4,0.362
DIAMONDS KING HEARTS JACK,0.2236,0.0328,0.7436
HEARTS THREE HEARTS JACK,0.2614,0.4924,0.2462
SPADES TEN CLUBS SIX,0.5874,0.016,0.3966
SPADES JACK SPADES FIVE,0.2052,0.4428,0.352
SPADES TEN SPADES FIVE,0.5484,0.0158,0.4358
DIAMONDS KING HEARTS ACE,0.3286,0.0054,0.666
HEARTS THREE HEARTS ACE,0.3626,0.0054,0.632
SPADES ACE CLUBS SIX,0.3666,0.0036,0.6298
DIAMONDS KING HEARTS QUEEN,0.313,0.0086,0.6784
HEARTS THREE HEARTS QUEEN,0.374,0.0114,0.6146
SPADES KING CLUBS SIX,0.363,0.0072,0.6298
DIAMONDS KING HEARTS KING,0.13,0.0078,0.8622
HEARTS THREE HEARTS KING,0.3846,0.0098,0.6056
SPADES QUEEN CLUBS SIX,0.3634,0.0122,0.6244
SPADES NINE HEARTS TEN,0.5432,0.0172,0.4396
SPADES NINE HEARTS JACK,0.2256,0.1632,0.6112
SPADES QUEEN SPADES FIVE,0.3358,0.0106,0.6536
SPADES KING SPADES FIVE,0.3392,0.0066,0.6542
SPADES ACE SPADES FIVE,0.3246,0.0048,0.6706
SPADES NINE HEARTS QUEEN,0.3378,0.01,0.6522
SPADES NINE HEARTS KING,0.3506,0.0068,0.6426
SPADES NINE HEARTS ACE,0.3436,0.004,0.6524
CLUBS TEN SPADES JACK,0.2198,0.1212,0.659
CLUBS TEN SPADES TEN,0.2804,0.0224,0.6972
SPADES ACE CLUBS TEN,0.3526,0.005,0.6424
SPADES KING CLUBS TEN,0.329,0.0072,0.6638
CLUBS TEN SPADES QUEEN,0.3388,0.0088,0.6524
SPADES FIVE HEARTS QUEEN,0.3692,0.0112,0.6196
SPADES FIVE HEARTS KING,0.3518,0.009,0.6392
HEARTS ACE SPADES FIVE,0.3428,0.0044,0.6528
CLUBS EIGHT SPADES TEN,0.555,0.0156,0.4294
HEARTS THREE SPADES JACK,0.2718,0.5202,0.208
SPADES JACK DIAMONDS KING,0.2368,0.0386,0.7246
SPADES TEN DIAMONDS KING,0.3478,0.0072,0.645
HEARTS THREE SPADES TEN,0.629,0.0162,0.3548
SPADES JACK CLUBS EIGHT,0.2314,0.2228,0.5458
CLUBS SIX HEARTS ACE,0.3626,0.0048,0.6326
SPADES ACE CLUBS EIGHT,0.3634,0.0042,0.6324
HEARTS FIVE CLUBS TEN,0.5878,0.02,0.3922
CLUBS SIX HEARTS QUEEN,0.3626,0.0148,0.6226
SPADES QUEEN CLUBS EIGHT,0.3628,0.0088,0.6284
CLUBS TEN SPADES THREE,0.6144,0.015,0.3706
CLUBS SIX HEARTS KING,0.3586,0.0084,0.633
SPADES KING CLUBS EIGHT,0.3632,0.0102,0.6266
DIAMONDS TWO HEARTS JACK,0.2574,0.525,0.2176
SPADES THREE CLUBS QUEEN,0.3914,0.0122,0.5964
DIAMONDS TWO HEARTS TEN,0.624,0.0214,0.3546
SPADES THREE CLUBS KING,0.3916,0.007,0.6014
HEARTS FIVE CLUBS ACE,0.3388,0.0058,0.6554
SPADES FIVE HEARTS TEN,0.5842,0.0178,0.398
SPADES THREE CLUBS ACE,0.3754,0.0036,0.621
HEARTS FIVE CLUBS KING,0.3466,0.0078,0.6456
SPADES FIVE HEARTS JACK,0.2234,0.4618,0.3148
HEARTS FIVE CLUBS QUEEN,0.3538,0.0126,0.6336
HEARTS THREE CLUBS KING,0.3796,0.011,0.6094
DIAMONDS KING CLUBS KING,0.124,0.0062,0.8698
HEARTS THREE CLUBS QUEEN,0.3846,0.0128,0.6026
DIAMONDS KING CLUBS QUEEN,0.3064,0.0082,0.6854
HEARTS FIVE HEARTS JACK,0.2232,0.4248,0.352
HEARTS FIVE HEARTS TEN,0.5648,0.0212,0.414
HEARTS THREE CLUBS ACE,0.3778,0.0054,0.6168
DIAMONDS KING CLUBS ACE,0.3124,0.0066,0.681
SPADES ACE CLUBS QUEEN,0.3204,0.0048,0.6748
SPADES KING CLUBS QUEEN,0.2974,0.0068,0.6958
SPADES QUEEN CLUBS QUEEN,0.1366,0.0094,0.854
CLUBS TEN HEARTS THREE,0.636,0.0188,0.3452
CLUBS TEN DIAMONDS KING,0.3318,0.0074,0.6608
SPADES JACK CLUBS QUEEN,0.227,0.0408,0.7322
CLUBS SIX CLUBS QUEEN,0.3484,0.0118,0.6398
SPADES TEN CLUBS QUEEN,0.334,0.0112,0.6548
CLUBS SIX CLUBS KING,0.3464,0.0084,0.6452
CLUBS SIX CLUBS ACE,0.346,0.0054,0.6486
HEARTS FIVE HEARTS KING,0.3342,0.0098,0.656
HEARTS FIVE HEARTS QUEEN,0.343,0.014,0.643
CLUBS TEN CLUBS SIX,0.5544,0.0184,0.4272
HEARTS FIVE HEARTS ACE,0.3314,0.0072,0.6614
SPADES SEVEN HEARTS JACK,0.2168,0.304,0.4792
SPADES SEVEN HEARTS TEN,0.5694,0.0142,0.4164
DIAMONDS TWO CLUBS TWO,0.4132,0.052,0.5348
DIAMONDS TWO CLUBS THREE,0.628,0.0228,0.3492
DIAMONDS TWO HEARTS SIX,0.624,0.0198,0.3562
DIAMONDS TWO HEARTS QUEEN,0.4018,0.0114,0.5868
HEARTS SEVEN DIAMONDS TWO,0.624,0.0234,0.3526
DIAMONDS TWO HEARTS KING,0.3934,0.0136,0.593
DIAMONDS TWO HEARTS EIGHT,0.6234,0.0164,0.3602
DIAMONDS TWO HEARTS ACE,0.3786,0.0048,0.6166
DIAMONDS TWO HEARTS NINE,0.6188,0.0242,0.357
DIAMONDS TWO DIAMONDS QUEEN,0.361,0.0104,0.6286
DIAMONDS TWO HEARTS TWO,0.4074,0.0544,0.5382
DIAMONDS TWO DIAMONDS KING,0.3736,0.0068,0.6196
HEARTS THREE DIAMONDS TWO,0.6438,0.022,0.3342
DIAMONDS TWO DIAMONDS ACE,0.3586,0.0058,0.6356
HEARTS FIVE DIAMONDS TWO,0.6018,0.0242,0.374
SPADES SEVEN HEARTS ACE,0.3702,0.0044,0.6254
DIAMONDS TWO DIAMONDS TEN,0.5906,0.0174,0.392
SPADES SEVEN HEARTS KING,0.3598,0.0094,0.6308
DIAMONDS TWO DIAMONDS JACK,0.262,0.4776,0.2604
SPADES SEVEN HEARTS QUEEN,0.365,0.0118,0.6232
DIAMONDS TWO SPADES NINE,0.6216,0.0166,0.3618
DIAMONDS TWO SPADES EIGHT,0.6254,0.0182,0.3564
DIAMONDS TWO SPADES SEVEN,0.613,0.0198,0.3672
DIAMONDS TWO SPADES SIX,0.6248,0.0226,0.3526
DIAMONDS TWO SPADES FIVE,0.5924,0.0262,0.3814
DIAMONDS TWO SPADES FOUR,0.6654,0.072,0.2626
DIAMONDS TWO SPADES THREE,0.6328,0.0224,0.3448
DIAMONDS TWO SPADES TWO,0.4158,0.0522,0.532
CLUBS NINE DIAMONDS TWO,0.6248,0.0184,0.3568
DIAMONDS TWO CLUBS EIGHT,0.6332,0.0184,0.3484
CLUBS SEVEN DIAMONDS TWO,0.6238,0.0214,0.3548
DIAMONDS TWO CLUBS SIX,0.6236,0.0212,0.3552
DIAMONDS TWO CLUBS FIVE,0.6182,0.0214,0.3604
DIAMONDS TWO CLUBS FOUR,0.6808,0.0638,0.2554
CLUBS FOUR SPADES FIVE,0.6536,0.0626,0.2838
CLUBS FOUR SPADES FOUR,0.2982,0.0424,0.6594
CLUBS FOUR SPADES THREE,0.6792,0.0654,0.2554
CLUBS FOUR SPADES TWO,0.675,0.0646,0.2604
SPADES NINE CLUBS FOUR,0.705,0.0612,0.2338
SPADES EIGHT CLUBS FOUR,0.6938,0.0572,0.249
SPADES SEVEN CLUBS FOUR,0.6826,0.059,0.2584
CLUBS FOUR SPADES SIX,0.6744,0.0512,0.2744
SPADES ACE DIAMONDS SIX,0.3768,0.0038,0.6194
SPADES QUEEN DIAMONDS SIX,0.3632,0.0072,0.6296
SPADES KING DIAMONDS SIX,0.3758,0.0076,0.6166
SPADES TEN DIAMONDS SIX,0.5898,0.0168,0.3934
SPADES JACK DIAMONDS SIX,0.2284,0.3756,0.396
SPADES QUEEN SPADES TWO,0.3662,0.0126,0.6212
SPADES KING SPADES TWO,0.364,0.0084,0.6276
SPADES ACE SPADES TWO,0.3544,0.0038,0.6418
CLUBS TEN DIAMONDS JACK,0.232,0.1296,0.6384
DIAMONDS JACK CLUBS KING,0.235,0.0324,0.7326
DIAMONDS JACK CLUBS QUEEN,0.221,0.0468,0.7322
DIAMONDS THREE DIAMONDS JACK,0.2472,0.4878,0.265
DIAMONDS THREE DIAMONDS TEN,0.5856,0.0142,0.4002
DIAMONDS JACK CLUBS ACE,0.2232,0.0222,0.7546
DIAMONDS THREE DIAMONDS KING,0.3546,0.007,0.6384
HEARTS THREE DIAMONDS THREE,0.4044,0.053,0.5426
DIAMONDS THREE DIAMONDS QUEEN,0.3642,0.0136,0.6222
DIAMONDS THREE HEARTS TWO,0.6456,0.0208,0.3336
HEARTS FIVE DIAMONDS THREE,0.5992,0.0172,0.3836
DIAMONDS THREE DIAMONDS ACE,0.3546,0.0062,0.6392
HEARTS SEVEN DIAMONDS THREE,0.6016,0.0218,0.3766
SPADES TEN SPADES NINE,0.4898,0.015,0.4952
HEARTS SIX DIAMONDS THREE,0.6062,0.0204,0.3734
SPADES JACK SPADES NINE,0.2206,0.1532,0.6262
DIAMONDS THREE HEARTS NINE,0.6004,0.021,0.3786
HEARTS JACK DIAMONDS FOUR,0.012,0.9702,0.0178
HEARTS ACE HEARTS KING,0.3088,0.006,0.6852
SPADES TEN SPADES TWO,0.5852,0.0174,0.3974
DIAMONDS THREE HEARTS EIGHT,0.622,0.0152,0.3628
HEARTS TEN DIAMONDS FOUR,0.697,0.0612,0.2418
SPADES JACK SPADES TWO,0.2514,0.4824,0.2662
HEARTS QUEEN DIAMONDS FOUR,0.2304,0.0518,0.7178
HEARTS KING DIAMONDS FOUR,0.2352,0.0328,0.732
SPADES ACE SPADES NINE,0.344,0.0064,0.6496
HEARTS ACE DIAMONDS FOUR,0.226,0.028,0.746
SPADES KING SPADES NINE,0.335,0.006,0.659
SPADES QUEEN SPADES NINE,0.3326,0.0092,0.6582
DIAMONDS THREE SPADES NINE,0.6262,0.0142,0.3596
DIAMONDS THREE SPADES EIGHT,0.6352,0.017,0.3478
DIAMONDS THREE SPADES SEVEN,0.617,0.0178,0.3652
DIAMONDS THREE SPADES SIX,0.608,0.0222,0.3698
DIAMONDS THREE CLUBS SIX,0.6218,0.0166,0.3616
CLUBS FIVE CLUBS SIX,0.5374,0.0232,0.4394
CLUBS ACE DIAMONDS FOUR,0.2284,0.031,0.7406
CLUBS SEVEN DIAMONDS THREE,0.6194,0.0184,0.3622
CLUBS SEVEN CLUBS FIVE,0.5404,0.0208,0.4388
DIAMONDS THREE CLUBS FOUR,0.6728,0.0592,0.268
DIAMONDS FOUR CLUBS QUEEN,0.2322,0.055,0.7128
DIAMONDS THREE CLUBS FIVE,0.5984,0.0204,0.3812
DIAMONDS FOUR CLUBS KING,0.2302,0.0334,0.7364
DIAMONDS THREE CLUBS TWO,0.6428,0.0208,0.3364
CLUBS TEN DIAMONDS FOUR,0.702,0.0616,0.2364
DIAMONDS THREE CLUBS THREE,0.414,0.0544,0.5316
DIAMONDS THREE SPADES FOUR,0.654,0.0624,0.2836
DIAMONDS THREE SPADES FIVE,0.6022,0.0188,0.379
DIAMONDS THREE SPADES TWO,0.6352,0.0216,0.3432
DIAMONDS THREE SPADES THREE,0.408,0.0542,0.5378
CLUBS EIGHT DIAMONDS THREE,0.6432,0.0168,0.34
CLUBS NINE DIAMONDS THREE,0.6204,0.0224,0.3572
SPADES SEVEN CLUBS ACE,0.3586,0.0056,0.6358
SPADES SEVEN CLUBS QUEEN,0.36,0.0092,0.6308
SPADES SEVEN CLUBS KING,0.3652,0.0108,0.624
CLUBS FIVE SPADES SEVEN,0.574,0.0188,0.4072
CLUBS TEN SPADES SEVEN,0.5678,0.0128,0.4194
CLUBS FIVE SPADES SIX,0.5622,0.0206,0.4172
CLUBS FIVE SPADES NINE,0.5668,0.02,0.4132
CLUBS FIVE SPADES EIGHT,0.5728,0.0196,0.4076
CLUBS FIVE SPADES THREE,0.5968,0.0188,0.3844
CLUBS FIVE SPADES TWO,0.6058,0.019,0.3752
CLUBS FIVE SPADES FIVE,0.3078,0.0498,0.6424
CLUBS FIVE SPADES FOUR,0.6426,0.0634,0.294
CLUBS NINE CLUBS FIVE,0.5462,0.0172,0.4366
CLUBS EIGHT CLUBS FIVE,0.5454,0.0196,0.435
CLUBS ACE CLUBS QUEEN,0.3082,0.0054,0.6864
CLUBS KING CLUBS QUEEN,0.292,0.0084,0.6996
DIAMONDS TEN DIAMONDS FOUR,0.6524,0.0646,0.283
CLUBS TEN DIAMONDS NINE,0.5348,0.0156,0.4496
DIAMONDS JACK DIAMONDS FOUR,0.0234,0.9096,0.067
CLUBS TEN SPADES NINE,0.5378,0.0182,0.444
DIAMONDS ACE DIAMONDS FOUR,0.2182,0.024,0.7578
DIAMONDS JACK HEARTS TEN,0.2298,0.1188,0.6514
SPADES NINE CLUBS KING,0.347,0.0076,0.6454
DIAMONDS TWO SPADES TEN,0.6244,0.019,0.3566
DIAMONDS NINE CLUBS ACE,0.3496,0.0052,0.6452
HEARTS FIVE DIAMONDS FOUR,0.6328,0.0594,0.3078
DIAMONDS JACK HEARTS JACK,0.0818,0.0426,0.8756
SPADES NINE CLUBS QUEEN,0.3428,0.0116,0.6456
DIAMONDS TWO SPADES JACK,0.267,0.5118,0.2212
DIAMONDS QUEEN DIAMONDS FOUR,0.2228,0.0446,0.7326
HEARTS TWO DIAMONDS FOUR,0.6922,0.0618,0.246
DIAMONDS NINE CLUBS QUEEN,0.3408,0.011,0.6482
DIAMONDS KING DIAMONDS FOUR,0.2324,0.0366,0.731
HEARTS THREE DIAMONDS FOUR,0.673,0.0668,0.2602
SPADES NINE CLUBS ACE,0.3424,0.0056,0.652
DIAMONDS NINE CLUBS KING,0.3626,0.0076,0.6298
HEARTS ACE DIAMONDS JACK,0.2248,0.0192,0.756
SPADES ACE DIAMONDS TWO,0.3922,0.0038,0.604
HEARTS QUEEN DIAMONDS JACK,0.2218,0.0406,0.7376
SPADES QUEEN DIAMONDS TWO,0.4012,0.0142,0.5846
DIAMONDS JACK HEARTS KING,0.2242,0.0324,0.7434
SPADES KING DIAMONDS TWO,0.3942,0.0066,0.5992
SPADES JACK SPADES SEVEN,0.2108,0.2832,0.506
SPADES TEN SPADES SEVEN,0.5314,0.0184,0.4502
CLUBS SEVEN CLUBS THREE,0.5972,0.0198,0.383
CLUBS SIX CLUBS THREE,0.5812,0.0196,0.3992
CLUBS FIVE CLUBS THREE,0.5744,0.0192,0.4064
CLUBS THREE CLUBS FOUR,0.6426,0.0574,0.3
CLUBS NINE CLUBS THREE,0.6036,0.0216,0.3748
CLUBS EIGHT CLUBS THREE,0.6084,0.0192,0.3724
CLUBS THREE SPADES FIVE,0.5904,0.0216,0.388
CLUBS THREE SPADES FOUR,0.6678,0.06,0.2722
CLUBS THREE SPADES THREE,0.3998,0.0542,0.546
CLUBS THREE SPADES TWO,0.6338,0.0264,0.3398
CLUBS THREE SPADES SIX,0.6138,0.0182,0.368
CLUBS THREE SPADES SEVEN,0.6184,0.0194,0.3622
SPADES EIGHT CLUBS THREE,0.624,0.0212,0.3548
SPADES NINE CLUBS THREE,0.6154,0.0202,0.3644
SPADES TWO DIAMONDS FOUR,0.6764,0.0594,0.2642
SPADES THREE DIAMONDS FOUR,0.6568,0.0596,0.2836
SPADES FOUR DIAMONDS FOUR,0.292,0.043,0.665
SPADES FIVE DIAMONDS FOUR,0.651,0.059,0.29
SPADES SIX DIAMONDS FOUR,0.6762,0.0536,0.2702
SPADES SEVEN DIAMONDS FOUR,0.6782,0.0538,0.268
SPADES EIGHT DIAMONDS FOUR,0.687,0.06,0.253
SPADES NINE DIAMONDS FOUR,0.7016,0.054,0.2444
CLUBS FIVE DIAMONDS FOUR,0.6504,0.0594,0.2902
CLUBS FOUR DIAMONDS FOUR,0.2998,0.0432,0.657
CLUBS SEVEN DIAMONDS FOUR,0.6826,0.0618,0.2556
CLUBS SIX DIAMONDS FOUR,0.6698,0.0606,0.2696
CLUBS NINE DIAMONDS FOUR,0.7064,0.0538,0.2398
CLUBS EIGHT DIAMONDS FOUR,0.688,0.0612,0.2508
HEARTS SEVEN DIAMONDS FOUR,0.68,0.052,0.268
HEARTS SIX DIAMONDS FOUR,0.679,0.0556,0.2654
DIAMONDS FOUR HEARTS NINE,0.6928,0.0664,0.2408
DIAMONDS FOUR HEARTS EIGHT,0.697,0.0572,0.2458
CLUBS THREE DIAMONDS FOUR,0.6722,0.0628,0.265
CLUBS TWO DIAMONDS FOUR,0.6874,0.0674,0.2452
DIAMONDS TEN DIAMONDS FIVE,0.5456,0.0162,0.4382
DIAMONDS JACK DIAMONDS FIVE,0.2084,0.4354,0.3562
DIAMONDS NINE HEARTS QUEEN,0.3376,0.0106,0.6518
DIAMONDS NINE HEARTS KING,0.34,0.0058,0.6542
HEARTS ACE DIAMONDS NINE,0.3704,0.0038,0.6258
DIAMONDS NINE HEARTS TEN,0.5264,0.0142,0.4594
DIAMONDS NINE HEARTS JACK,0.2212,0.1664,0.6124
CLUBS KING DIAMONDS SIX,0.3584,0.0096,0.632
CLUBS QUEEN DIAMONDS SIX,0.356,0.0124,0.6316
CLUBS ACE DIAMONDS SIX,0.3642,0.0048,0.631
SPADES KING DIAMONDS FOUR,0.2414,0.0378,0.7208
SPADES ACE SPADES SEVEN,0.341,0.0034,0.6556
SPADES QUEEN DIAMONDS FOUR,0.2428,0.0544,0.7028
SPADES QUEEN SPADES SEVEN,0.3374,0.0124,0.6502
SPADES KING SPADES SEVEN,0.3306,0.0074,0.662
SPADES ACE DIAMONDS FOUR,0.2338,0.0276,0.7386
CLUBS TEN DIAMONDS SIX,0.5804,0.0176,0.402
CLUBS NINE CLUBS FOUR,0.6736,0.0574,0.269
CLUBS EIGHT CLUBS FOUR,0.6578,0.0518,0.2904
SPADES JACK DIAMONDS FOUR,0.0186,0.9592,0.0222
SPADES TEN DIAMONDS FOUR,0.7006,0.059,0.2404
CLUBS FIVE CLUBS FOUR,0.6238,0.0554,0.3208
CLUBS SEVEN CLUBS FOUR,0.6484,0.0534,0.2982
CLUBS SIX CLUBS FOUR,0.6478,0.0572,0.295
CLUBS SEVEN SPADES EIGHT,0.5506,0.018,0.4314
CLUBS SEVEN SPADES NINE,0.5588,0.0184,0.4228
CLUBS SEVEN SPADES SIX,0.5662,0.0208,0.413
CLUBS SEVEN SPADES SEVEN,0.3068,0.0364,0.6568
CLUBS SEVEN SPADES FIVE,0.5706,0.0176,0.4118
CLUBS SEVEN SPADES FOUR,0.6848,0.0568,0.2584
CLUBS SEVEN SPADES THREE,0.6268,0.0192,0.354
CLUBS SEVEN SPADES TWO,0.6432,0.0162,0.3406
CLUBS NINE CLUBS SEVEN,0.5152,0.0174,0.4674
CLUBS SEVEN CLUBS EIGHT,0.5296,0.0198,0.4506
HEARTS SIX DIAMONDS FIVE,0.5622,0.0174,0.4204
HEARTS SEVEN DIAMONDS FIVE,0.5622,0.021,0.4168
DIAMONDS FIVE HEARTS EIGHT,0.5848,0.0206,0.3946
DIAMONDS FIVE HEARTS NINE,0.5776,0.0196,0.4028
DIAMONDS QUEEN DIAMONDS FIVE,0.3284,0.0122,0.6594
HEARTS TWO DIAMONDS FIVE,0.6156,0.0236,0.3608
HEARTS KING HEARTS EIGHT,0.3492,0.0076,0.6432
DIAMONDS KING DIAMONDS FIVE,0.3302,0.0058,0.664
HEARTS THREE DIAMONDS FIVE,0.5936,0.0178,0.3886
HEARTS QUEEN HEARTS EIGHT,0.3306,0.0094,0.66
DIAMONDS ACE DIAMONDS FIVE,0.3374,0.0034,0.6592
HEARTS FIVE DIAMONDS FIVE,0.3188,0.0444,0.6368
HEARTS ACE HEARTS EIGHT,0.3358,0.0052,0.659
CLUBS FOUR DIAMONDS FIVE,0.6604,0.059,0.2806
CLUBS FIVE DIAMONDS FIVE,0.3114,0.054,0.6346
CLUBS SIX DIAMONDS FIVE,0.5652,0.0196,0.4152
CLUBS SEVEN DIAMONDS FIVE,0.5672,0.0168,0.416
CLUBS TWO DIAMONDS FIVE,0.609,0.0228,0.3682
CLUBS THREE DIAMONDS FIVE,0.5994,0.025,0.3756
SPADES THREE DIAMONDS FIVE,0.5864,0.02,0.3936
SPADES TWO DIAMONDS FIVE,0.6036,0.022,0.3744
SPADES JACK DIAMONDS EIGHT,0.2264,0.219,0.5546
SPADES FIVE DIAMONDS FIVE,0.3142,0.0426,0.6432
CLUBS TEN HEARTS JACK,0.2188,0.1374,0.6438
SPADES TEN DIAMONDS EIGHT,0.5526,0.0194,0.428
SPADES FOUR DIAMONDS FIVE,0.6426,0.0576,0.2998
HEARTS JACK CLUBS QUEEN,0.2142,0.0488,0.737
CLUBS NINE DIAMONDS FIVE,0.5874,0.0172,0.3954
HEARTS JACK CLUBS KING,0.2166,0.0318,0.7516
CLUBS EIGHT DIAMONDS FIVE,0.5724,0.0198,0.4078
CLUBS ACE HEARTS JACK,0.2152,0.0236,0.7612
SPADES SEVEN DIAMONDS FIVE,0.5686,0.0156,0.4158
SPADES KING DIAMONDS EIGHT,0.3672,0.008,0.6248
SPADES QUEEN DIAMONDS EIGHT,0.3482,0.0116,0.6402
SPADES SIX DIAMONDS FIVE,0.5636,0.0182,0.4182
SPADES NINE DIAMONDS FIVE,0.5862,0.0168,0.397
SPADES EIGHT DIAMONDS FIVE,0.5674,0.0188,0.4138
SPADES ACE DIAMONDS EIGHT,0.3598,0.0042,0.636
DIAMONDS TEN DIAMONDS SIX,0.537,0.0156,0.4474
HEARTS ACE DIAMONDS SEVEN,0.3508,0.0032,0.646
DIAMONDS JACK DIAMONDS SIX,0.2066,0.3544,0.439
HEARTS QUEEN DIAMONDS SEVEN,0.3722,0.009,0.6188
HEARTS KING DIAMONDS SEVEN,0.3562,0.009,0.6348
DIAMONDS ACE DIAMONDS SIX,0.3568,0.0044,0.6388
SPADES TWO HEARTS JACK,0.2518,0.5206,0.2276
HEARTS FIVE DIAMONDS SIX,0.5594,0.018,0.4226
SPADES TWO HEARTS TEN,0.6136,0.022,0.3644
DIAMONDS QUEEN DIAMONDS SIX,0.3434,0.0106,0.646
HEARTS TWO DIAMONDS SIX,0.6242,0.0216,0.3542
DIAMONDS KING DIAMONDS SIX,0.344,0.0086,0.6474
HEARTS THREE DIAMONDS SIX,0.6154,0.0162,0.3684
HEARTS EIGHT DIAMONDS SIX,0.554,0.0184,0.4276
HEARTS NINE DIAMONDS SIX,0.5588,0.0166,0.4246
HEARTS SIX DIAMONDS SIX,0.3006,0.0394,0.66
HEARTS SEVEN DIAMONDS SIX,0.5464,0.0188,0.4348
HEARTS TEN DIAMONDS SEVEN,0.5588,0.0192,0.422
CLUBS TWO DIAMONDS SIX,0.6294,0.019,0.3516
HEARTS JACK DIAMONDS SEVEN,0.2216,0.297,0.4814
CLUBS THREE DIAMONDS SIX,0.6072,0.0204,0.3724
CLUBS SEVEN DIAMONDS SIX,0.5556,0.0158,0.4286
CLUBS SIX DIAMONDS SIX,0.313,0.047,0.64
CLUBS TEN DIAMONDS EIGHT,0.5504,0.021,0.4286
CLUBS FIVE DIAMONDS SIX,0.5608,0.0218,0.4174
CLUBS FOUR DIAMONDS SIX,0.6884,0.0516,0.26
HEARTS ACE HEARTS JACK,0.2164,0.0226,0.761
DIAMONDS EIGHT CLUBS ACE,0.3634,0.0042,0.6324
HEARTS QUEEN HEARTS JACK,0.218,0.0434,0.7386
DIAMONDS EIGHT CLUBS KING,0.3632,0.0086,0.6282
CLUBS NINE DIAMONDS SIX,0.5694,0.018,0.4126
HEARTS KING HEARTS JACK,0.222,0.0348,0.7432
DIAMONDS EIGHT CLUBS QUEEN,0.3486,0.0108,0.6406
CLUBS EIGHT DIAMONDS SIX,0.5742,0.0194,0.4064
SPADES TEN HEARTS KING,0.3516,0.0078,0.6406
SPADES FIVE DIAMONDS SIX,0.5586,0.0192,0.4222
HEARTS ACE SPADES TWO,0.3854,0.0054,0.6092
SPADES JACK HEARTS KING,0.228,0.0314,0.7406
SPADES FOUR DIAMONDS SIX,0.6716,0.0552,0.2732
SPADES THREE DIAMONDS SIX,0.61,0.0228,0.3672
HEARTS QUEEN SPADES TWO,0.3826,0.0128,0.6046
SPADES ACE SPADES KING,0.2944,0.0038,0.7018
HEARTS KING SPADES TWO,0.3818,0.0078,0.6104
SPADES TWO DIAMONDS SIX,0.607,0.0236,0.3694
HEARTS TEN HEARTS EIGHT,0.5146,0.0176,0.4678
SPADES NINE DIAMONDS SIX,0.5676,0.018,0.4144
HEARTS JACK HEARTS EIGHT,0.2128,0.2166,0.5706
SPADES EIGHT DIAMONDS SIX,0.5624,0.0182,0.4194
SPADES SEVEN DIAMONDS SIX,0.5632,0.0166,0.4202
SPADES SIX DIAMONDS SIX,0.3164,0.0422,0.6414
SPADES KING HEARTS KING,0.1346,0.0082,0.8572
SPADES QUEEN HEARTS KING,0.308,0.0062,0.6858
CLUBS ACE CLUBS KING,0.3122,0.0064,0.6814
SPADES ACE HEARTS KING,0.3172,0.0048,0.678
SPADES ACE HEARTS JACK,0.2278,0.021,0.7512
SPADES QUEEN HEARTS JACK,0.2282,0.0446,0.7272
SPADES KING HEARTS JACK,0.2234,0.032,0.7446
SPADES TEN DIAMONDS TEN,0.276,0.0234,0.7006
SPADES JACK DIAMONDS TEN,0.225,0.1246,0.6504
SPADES ACE DIAMONDS TEN,0.3432,0.0034,0.6534
SPADES JACK HEARTS JACK,0.0806,0.0408,0.8786
SPADES TEN HEARTS JACK,0.2294,0.1234,0.6472
SPADES QUEEN DIAMONDS TEN,0.3286,0.0086,0.6628
SPADES KING DIAMONDS TEN,0.3416,0.0066,0.6518
SPADES NINE DIAMONDS SEVEN,0.548,0.0172,0.4348
SPADES EIGHT DIAMONDS SEVEN,0.549,0.017,0.434
SPADES SEVEN DIAMONDS SEVEN,0.311,0.041,0.648
SPADES SIX DIAMONDS SEVEN,0.5474,0.0174,0.4352
DIAMONDS KING DIAMONDS SEVEN,0.326,0.0082,0.6658
HEARTS THREE DIAMONDS SEVEN,0.6202,0.02,0.3598
HEARTS KING DIAMONDS FIVE,0.3448,0.008,0.6472
DIAMONDS QUEEN DIAMONDS SEVEN,0.3398,0.0072,0.653
HEARTS TWO DIAMONDS SEVEN,0.6462,0.0214,0.3324
HEARTS QUEEN DIAMONDS FIVE,0.3512,0.0116,0.6372
HEARTS FIVE DIAMONDS SEVEN,0.5554,0.0224,0.4222
DIAMONDS ACE DIAMONDS SEVEN,0.3508,0.0038,0.6454
HEARTS ACE DIAMONDS FIVE,0.342,0.0044,0.6536
HEARTS SEVEN DIAMONDS SEVEN,0.2938,0.041,0.6652
HEARTS SIX DIAMONDS SEVEN,0.5698,0.0184,0.4118
DIAMONDS SEVEN HEARTS NINE,0.5444,0.0168,0.4388
HEARTS EIGHT DIAMONDS SEVEN,0.5468,0.0186,0.4346
DIAMONDS JACK DIAMONDS SEVEN,0.216,0.2742,0.5098
DIAMONDS FIVE HEARTS JACK,0.205,0.468,0.327
DIAMONDS TEN DIAMONDS SEVEN,0.5212,0.0168,0.462
HEARTS TEN DIAMONDS FIVE,0.5986,0.0152,0.3862
SPADES KING CLUBS TWO,0.4022,0.0096,0.5882
HEARTS KING CLUBS KING,0.1282,0.0102,0.8616
CLUBS EIGHT DIAMONDS SEVEN,0.551,0.017,0.432
SPADES QUEEN CLUBS TWO,0.4138,0.011,0.5752
HEARTS KING CLUBS QUEEN,0.2926,0.0098,0.6976
CLUBS NINE DIAMONDS SEVEN,0.559,0.019,0.422
SPADES ACE CLUBS TWO,0.385,0.0046,0.6104
CLUBS TEN SPADES TWO,0.6184,0.0238,0.3578
HEARTS KING CLUBS ACE,0.3242,0.0036,0.6722
CLUBS SEVEN CLUBS SIX,0.5398,0.0174,0.4428
SPADES TWO CLUBS KING,0.3964,0.009,0.5946
SPADES TWO DIAMONDS SEVEN,0.6268,0.019,0.3542
CLUBS EIGHT CLUBS SIX,0.535,0.0206,0.4444
SPADES THREE DIAMONDS SEVEN,0.62,0.0188,0.3612
SPADES TWO CLUBS QUEEN,0.3918,0.0122,0.596
CLUBS NINE CLUBS SIX,0.5404,0.019,0.4406
SPADES FOUR DIAMONDS SEVEN,0.6598,0.0626,0.2776
SPADES FIVE DIAMONDS SEVEN,0.5692,0.0194,0.4114
SPADES TWO CLUBS ACE,0.3852,0.0072,0.6076
CLUBS TEN HEARTS KING,0.3352,0.0078,0.657
CLUBS SIX SPADES TWO,0.6406,0.023,0.3364
CLUBS SIX SPADES THREE,0.6068,0.0244,0.3688
CLUBS TWO DIAMONDS SEVEN,0.6346,0.0208,0.3446
CLUBS SIX SPADES FOUR,0.6802,0.0586,0.2612
CLUBS THREE DIAMONDS SEVEN,0.6174,0.0206,0.362
CLUBS SIX SPADES FIVE,0.5674,0.023,0.4096
CLUBS FOUR DIAMONDS SEVEN,0.6874,0.0556,0.257
CLUBS SIX SPADES SIX,0.3126,0.044,0.6434
CLUBS FIVE DIAMONDS SEVEN,0.5696,0.0222,0.4082
CLUBS SIX SPADES SEVEN,0.549,0.02,0.431
CLUBS SIX DIAMONDS SEVEN,0.5552,0.0212,0.4236
CLUBS SIX SPADES EIGHT,0.577,0.0168,0.4062
SPADES JACK CLUBS TWO,0.2764,0.5068,0.2168
CLUBS SEVEN DIAMONDS SEVEN,0.301,0.0386,0.6604
SPADES NINE CLUBS SIX,0.5724,0.021,0.4066
SPADES TEN CLUBS TWO,0.632,0.0224,0.3456
CLUBS TWO CLUBS QUEEN,0.3764,0.0138,0.6098
CLUBS TWO CLUBS KING,0.3694,0.0088,0.6218
CLUBS THREE DIAMONDS EIGHT,0.6346,0.0202,0.3452
CLUBS TWO CLUBS ACE,0.3646,0.0072,0.6282
CLUBS TWO DIAMONDS EIGHT,0.6272,0.021,0.3518
HEARTS SEVEN DIAMONDS EIGHT,0.545,0.0166,0.4384
HEARTS SIX DIAMONDS EIGHT,0.5436,0.0152,0.4412
DIAMONDS EIGHT HEARTS NINE,0.5318,0.0186,0.4496
CLUBS TEN CLUBS TWO,0.5932,0.0182,0.3886
DIAMONDS EIGHT HEARTS EIGHT,0.2962,0.0312,0.6726
CLUBS NINE DIAMONDS EIGHT,0.5288,0.0214,0.4498
CLUBS EIGHT DIAMONDS EIGHT,0.3004,0.0334,0.6662
CLUBS FIVE DIAMONDS EIGHT,0.5802,0.0174,0.4024
SPADES ACE SPADES THREE,0.3466,0.0048,0.6486
CLUBS FOUR DIAMONDS EIGHT,0.6942,0.0536,0.2522
CLUBS SEVEN DIAMONDS EIGHT,0.5548,0.02,0.4252
SPADES QUEEN SPADES THREE,0.3642,0.0124,0.6234
CLUBS SIX DIAMONDS EIGHT,0.5772,0.0176,0.4052
SPADES KING SPADES THREE,0.361,0.0068,0.6322
DIAMONDS QUEEN DIAMONDS EIGHT,0.3312,0.013,0.6558
HEARTS TWO DIAMONDS EIGHT,0.6246,0.018,0.3574
DIAMONDS KING DIAMONDS EIGHT,0.3362,0.0064,0.6574
HEARTS THREE DIAMONDS EIGHT,0.638,0.0196,0.3424
DIAMONDS ACE DIAMONDS EIGHT,0.3392,0.0038,0.657
HEARTS FIVE DIAMONDS EIGHT,0.573,0.0192,0.4078
DIAMONDS EIGHT DIAMONDS TEN,0.5068,0.0136,0.4796
DIAMONDS EIGHT DIAMONDS JACK,0.2128,0.205,0.5822
SPADES JACK SPADES THREE,0.2484,0.4898,0.2618
SPADES TEN SPADES THREE,0.5864,0.0196,0.394
CLUBS FOUR HEARTS ACE,0.2366,0.0266,0.7368
CLUBS FOUR HEARTS QUEEN,0.2328,0.0528,0.7144
CLUBS FOUR HEARTS KING,0.2356,0.037,0.7274
CLUBS SIX HEARTS TEN,0.574,0.0196,0.4064
CLUBS SIX HEARTS JACK,0.217,0.3952,0.3878
DIAMONDS EIGHT SPADES FOUR,0.6876,0.0574,0.255
SPADES FIVE DIAMONDS EIGHT,0.5618,0.0162,0.422
DIAMONDS EIGHT SPADES TWO,0.634,0.019,0.347
DIAMONDS EIGHT SPADES THREE,0.6234,0.0176,0.359
CLUBS FOUR HEARTS JACK,0.008,0.9852,0.0068
SPADES EIGHT DIAMONDS EIGHT,0.287,0.0354,0.6776
SPADES TEN DIAMONDS QUEEN,0.3158,0.0102,0.674
SPADES TEN HEARTS TWO,0.6306,0.0138,0.3556
SPADES JACK HEARTS EIGHT,0.2214,0.2236,0.555
CLUBS FOUR HEARTS TEN,0.7064,0.0672,0.2264
SPADES NINE DIAMONDS EIGHT,0.5446,0.013,0.4424
SPADES TEN HEARTS EIGHT,0.5542,0.0168,0.429
SPADES JACK HEARTS TWO,0.2586,0.5252,0.2162
SPADES JACK DIAMONDS QUEEN,0.2268,0.0438,0.7294
SPADES SIX DIAMONDS EIGHT,0.5748,0.0142,0.411
SPADES SEVEN DIAMONDS EIGHT,0.5358,0.0152,0.449
SPADES ACE HEARTS TWO,0.3932,0.0048,0.602
SPADES ACE DIAMONDS QUEEN,0.329,0.0024,0.6686
SPADES ACE HEARTS EIGHT,0.3436,0.0032,0.6532
SPADES KING HEARTS EIGHT,0.3514,0.0064,0.6422
SPADES QUEEN HEARTS TWO,0.3988,0.0132,0.588
SPADES QUEEN DIAMONDS QUEEN,0.1464,0.01,0.8436
SPADES KING DIAMONDS QUEEN,0.3206,0.0068,0.6726
SPADES KING HEARTS TWO,0.4008,0.0102,0.589
SPADES QUEEN HEARTS EIGHT,0.351,0.0082,0.6408
CLUBS TWO HEARTS TEN,0.6344,0.0192,0.3464
CLUBS TWO HEARTS JACK,0.2616,0.5268,0.2116
SPADES SEVEN DIAMONDS NINE,0.5494,0.0156,0.435
SPADES SIX DIAMONDS NINE,0.5556,0.0176,0.4268
SPADES NINE DIAMONDS NINE,0.2788,0.0244,0.6968
SPADES EIGHT DIAMONDS NINE,0.5324,0.0168,0.4508
SPADES TEN CLUBS KING,0.335,0.009,0.656
DIAMONDS NINE SPADES THREE,0.6164,0.0196,0.364
SPADES JACK CLUBS KING,0.226,0.031,0.743
DIAMONDS NINE SPADES TWO,0.6094,0.021,0.3696
DIAMONDS NINE SPADES FIVE,0.5818,0.0194,0.3988
DIAMONDS NINE SPADES FOUR,0.712,0.0562,0.2318
CLUBS NINE DIAMONDS NINE,0.2826,0.0278,0.6896
CLUBS EIGHT DIAMONDS NINE,0.5462,0.018,0.4358
CLUBS SIX DIAMONDS NINE,0.5722,0.018,0.4098
SPADES JACK CLUBS FOUR,0.0186,0.9734,0.008
CLUBS SEVEN DIAMONDS NINE,0.5556,0.0204,0.424
SPADES TEN CLUBS FOUR,0.6998,0.063,0.2372
CLUBS FOUR DIAMONDS NINE,0.7066,0.0604,0.233
CLUBS FIVE DIAMONDS NINE,0.5774,0.0164,0.4062
DIAMONDS NINE CLUBS TWO,0.6334,0.017,0.3496
CLUBS THREE DIAMONDS NINE,0.6206,0.019,0.3604
DIAMONDS NINE HEARTS EIGHT,0.5224,0.0168,0.4608
DIAMONDS NINE HEARTS NINE,0.2808,0.0282,0.691
HEARTS SIX DIAMONDS NINE,0.5504,0.0196,0.43
HEARTS SEVEN DIAMONDS NINE,0.5394,0.0174,0.4432
CLUBS NINE CLUBS EIGHT,0.5218,0.0196,0.4586
DIAMONDS ACE DIAMONDS NINE,0.3332,0.0048,0.662
HEARTS FIVE DIAMONDS NINE,0.5818,0.0222,0.396
HEARTS ACE CLUBS TWO,0.3912,0.0054,0.6034
SPADES ACE CLUBS FOUR,0.2362,0.0246,0.7392
DIAMONDS QUEEN DIAMONDS NINE,0.3066,0.0122,0.6812
HEARTS TWO DIAMONDS NINE,0.6196,0.0216,0.3588
CLUBS TWO HEARTS KING,0.3958,0.0102,0.594
SPADES KING CLUBS FOUR,0.2386,0.0374,0.724
DIAMONDS KING DIAMONDS NINE,0.3442,0.007,0.6488
HEARTS THREE DIAMONDS NINE,0.629,0.0194,0.3516
CLUBS TWO HEARTS QUEEN,0.3908,0.0136,0.5956
SPADES QUEEN CLUBS FOUR,0.2514,0.0464,0.7022
DIAMONDS NINE DIAMONDS JACK,0.2198,0.163,0.6172
CLUBS EIGHT SPADES NINE,0.5514,0.0198,0.4288
DIAMONDS NINE DIAMONDS TEN,0.508,0.019,0.473
CLUBS EIGHT SPADES EIGHT,0.291,0.0348,0.6742
CLUBS EIGHT SPADES SEVEN,0.56,0.017,0.423
CLUBS EIGHT SPADES SIX,0.5698,0.0196,0.4106
CLUBS EIGHT SPADES FIVE,0.5778,0.0216,0.4006
CLUBS EIGHT SPADES FOUR,0.6964,0.0558,0.2478
CLUBS EIGHT SPADES THREE,0.6356,0.0208,0.3436
CLUBS EIGHT SPADES TWO,0.6326,0.0188,0.3486
HEARTS SIX DIAMONDS TEN,0.5834,0.021,0.3956
HEARTS SEVEN DIAMONDS TEN,0.5678,0.0188,0.4134
DIAMONDS TEN HEARTS EIGHT,0.552,0.0186,0.4294
DIAMONDS TEN HEARTS NINE,0.5288,0.0174,0.4538
CLUBS TEN CLUBS FOUR,0.6802,0.0608,0.259
CLUBS FOUR CLUBS KING,0.2284,0.036,0.7356
CLUBS FOUR CLUBS QUEEN,0.2228,0.0492,0.728
CLUBS TWO DIAMONDS TEN,0.6124,0.0178,0.3698
CLUBS THREE DIAMONDS TEN,0.6202,0.0212,0.3586
CLUBS FOUR CLUBS ACE,0.224,0.0256,0.7504
DIAMONDS JACK DIAMONDS TEN,0.213,0.1212,0.6658
DIAMONDS QUEEN DIAMONDS TEN,0.301,0.0088,0.6902
HEARTS TWO DIAMONDS TEN,0.6376,0.0192,0.3432
DIAMONDS KING DIAMONDS TEN,0.3126,0.0076,0.6798
HEARTS THREE DIAMONDS TEN,0.6324,0.0192,0.3484
DIAMONDS ACE DIAMONDS TEN,0.3294,0.0044,0.6662
CLUBS EIGHT HEARTS JACK,0.2228,0.229,0.5482
HEARTS FIVE DIAMONDS TEN,0.5828,0.0192,0.398
CLUBS EIGHT HEARTS TEN,0.5508,0.0184,0.4308
CLUBS EIGHT HEARTS QUEEN,0.355,0.0114,0.6336
CLUBS EIGHT HEARTS KING,0.365,0.0076,0.6274
CLUBS EIGHT HEARTS ACE,0.3474,0.0052,0.6474
CLUBS NINE SPADES THREE,0.6216,0.0182,0.3602
CLUBS NINE SPADES TWO,0.6262,0.019,0.3548
CLUBS NINE SPADES FIVE,0.5772,0.0172,0.4056
CLUBS NINE SPADES FOUR,0.7046,0.0606,0.2348
CLUBS NINE SPADES SEVEN,0.5586,0.0172,0.4242
CLUBS NINE SPADES SIX,0.5678,0.0194,0.4128
CLUBS NINE SPADES NINE,0.2752,0.0268,0.698
CLUBS TEN HEARTS EIGHT,0.55,0.018,0.432
CLUBS NINE SPADES EIGHT,0.5276,0.0182,0.4542
HEARTS EIGHT CLUBS QUEEN,0.3504,0.0088,0.6408
CLUBS KING HEARTS EIGHT,0.3526,0.0084,0.639
CLUBS ACE HEARTS EIGHT,0.3532,0.0056,0.6412
SPADES KING CLUBS KING,0.131,0.0088,0.8602
SPADES QUEEN CLUBS KING,0.3164,0.0048,0.6788
SPADES ACE CLUBS KING,0.3114,0.0042,0.6844
DIAMONDS ACE HEARTS TEN,0.3472,0.0048,0.648
DIAMONDS ACE HEARTS JACK,0.2274,0.0204,0.7522
SPADES KING CLUBS FIVE,0.3508,0.0102,0.639
SPADES QUEEN CLUBS FIVE,0.3634,0.0136,0.623
SPADES ACE CLUBS FIVE,0.354,0.0032,0.6428
HEARTS SEVEN DIAMONDS JACK,0.2064,0.2988,0.4948
HEARTS SIX DIAMONDS JACK,0.2142,0.3976,0.3882
DIAMONDS JACK HEARTS NINE,0.2274,0.1598,0.6128
DIAMONDS JACK HEARTS EIGHT,0.229,0.22,0.551
DIAMONDS KING DIAMONDS JACK,0.2208,0.0344,0.7448
HEARTS THREE DIAMONDS JACK,0.2674,0.5274,0.2052
SPADES ACE SPADES SIX,0.3336,0.0042,0.6622
HEARTS ACE SPADES FOUR,0.2392,0.0254,0.7354
DIAMONDS QUEEN DIAMONDS JACK,0.2188,0.037,0.7442
HEARTS TWO DIAMONDS JACK,0.2728,0.522,0.2052
HEARTS FIVE DIAMONDS JACK,0.2086,0.4628,0.3286
SPADES QUEEN SPADES SIX,0.3418,0.011,0.6472
SPADES FOUR HEARTS QUEEN,0.2306,0.0486,0.7208
DIAMONDS ACE DIAMONDS JACK,0.2202,0.0206,0.7592
SPADES KING SPADES SIX,0.3464,0.006,0.6476
SPADES FOUR HEARTS KING,0.2376,0.0406,0.7218
SPADES TEN SPADES SIX,0.5308,0.0168,0.4524
SPADES JACK SPADES SIX,0.217,0.3606,0.4224
SPADES FOUR DIAMONDS JACK,0.0218,0.962,0.0162
SPADES FIVE DIAMONDS JACK,0.2206,0.4588,0.3206
DIAMONDS JACK SPADES TWO,0.2676,0.5088,0.2236
DIAMONDS JACK SPADES THREE,0.2702,0.509,0.2208
SPADES ACE DIAMONDS THREE,0.3708,0.0044,0.6248
SPADES QUEEN DIAMONDS THREE,0.3858,0.0094,0.6048
CLUBS EIGHT DIAMONDS JACK,0.2296,0.2234,0.547
SPADES KING DIAMONDS THREE,0.3912,0.0072,0.6016
CLUBS NINE DIAMONDS JACK,0.2278,0.174,0.5982
CLUBS SIX DIAMONDS JACK,0.2232,0.3914,0.3854
CLUBS SEVEN DIAMONDS JACK,0.219,0.303,0.478
CLUBS FOUR DIAMONDS JACK,0.0174,0.9714,0.0112
CLUBS FIVE DIAMONDS JACK,0.2254,0.4608,0.3138
CLUBS TWO DIAMONDS JACK,0.258,0.5292,0.2128
CLUBS THREE DIAMONDS JACK,0.2668,0.5144,0.2188
SPADES TEN CLUBS FIVE,0.5998,0.0186,0.3816
SPADES JACK HEARTS SIX,0.218,0.3784,0.4036
HEARTS SIX SPADES TEN,0.589,0.0176,0.3934
SPADES JACK CLUBS FIVE,0.2316,0.4552,0.3132
SPADES JACK DIAMONDS THREE,0.2524,0.5234,0.2242
CLUBS SEVEN CLUBS ACE,0.3338,0.0052,0.661
DIAMONDS THREE SPADES TEN,0.6248,0.016,0.3592
CLUBS SEVEN CLUBS QUEEN,0.3606,0.0114,0.628
CLUBS SEVEN CLUBS KING,0.333,0.0084,0.6586
SPADES NINE DIAMONDS JACK,0.2244,0.1692,0.6064
CLUBS TEN CLUBS SEVEN,0.5402,0.0174,0.4424
DIAMONDS ACE HEARTS ACE,0.117,0.0036,0.8794
SPADES EIGHT DIAMONDS JACK,0.2202,0.2316,0.5482
SPADES ACE HEARTS SIX,0.371,0.0034,0.6256
DIAMONDS ACE HEARTS KING,0.3096,0.0046,0.6858
SPADES SEVEN DIAMONDS JACK,0.229,0.2868,0.4842
SPADES KING HEARTS SIX,0.3464,0.0052,0.6484
DIAMONDS ACE HEARTS QUEEN,0.3146,0.0028,0.6826
SPADES QUEEN HEARTS SIX,0.3702,0.0098,0.62
SPADES SIX DIAMONDS JACK,0.2264,0.3862,0.3874
DIAMONDS TEN SPADES TWO,0.6206,0.0226,0.3568
SPADES THREE DIAMONDS TEN,0.6244,0.019,0.3566
SPADES FOUR DIAMONDS TEN,0.7014,0.0608,0.2378
SPADES FIVE DIAMONDS TEN,0.5784,0.017,0.4046
SPADES SIX DIAMONDS TEN,0.5732,0.0148,0.412
SPADES SEVEN DIAMONDS TEN,0.5634,0.0166,0.42
SPADES EIGHT DIAMONDS TEN,0.5544,0.0178,0.4278
SPADES NINE DIAMONDS TEN,0.5564,0.0128,0.4308
CLUBS FOUR DIAMONDS TEN,0.7062,0.0592,0.2346
CLUBS FIVE DIAMONDS TEN,0.5962,0.0172,0.3866
CLUBS SIX DIAMONDS TEN,0.5858,0.015,0.3992
CLUBS SEVEN DIAMONDS TEN,0.5706,0.0176,0.4118
CLUBS EIGHT DIAMONDS TEN,0.5546,0.0158,0.4296
CLUBS NINE DIAMONDS TEN,0.5406,0.0168,0.4426
CLUBS TEN DIAMONDS THREE,0.6332,0.0188,0.348
DIAMONDS THREE CLUBS KING,0.3946,0.0126,0.5928
DIAMONDS THREE CLUBS QUEEN,0.3774,0.0142,0.6084
DIAMONDS THREE CLUBS ACE,0.3708,0.0048,0.6244
SPADES FOUR HEARTS JACK,0.0132,0.9688,0.018
SPADES FOUR HEARTS TEN,0.7,0.0628,0.2372
SPADES FIVE SPADES TWO,0.5696,0.0194,0.411
SPADES FOUR SPADES TWO,0.6442,0.0574,0.2984
SPADES THREE SPADES TWO,0.5846,0.0226,0.3928
SPADES NINE SPADES TWO,0.5844,0.0206,0.395
SPADES EIGHT SPADES TWO,0.5882,0.0186,0.3932
SPADES SEVEN SPADES TWO,0.594,0.0132,0.3928
SPADES SIX SPADES TWO,0.572,0.0222,0.4058
DIAMONDS QUEEN CLUBS THREE,0.3986,0.0136,0.5878
CLUBS THREE HEARTS TWO,0.6398,0.0246,0.3356
DIAMONDS QUEEN CLUBS TWO,0.3944,0.0126,0.593
HEARTS TWO CLUBS TWO,0.4214,0.0526,0.526
HEARTS SEVEN DIAMONDS QUEEN,0.3554,0.0118,0.6328
HEARTS SEVEN HEARTS TWO,0.5818,0.0206,0.3976
HEARTS SIX DIAMONDS QUEEN,0.3528,0.0106,0.6366
HEARTS SIX HEARTS TWO,0.5924,0.0224,0.3852
DIAMONDS QUEEN HEARTS NINE,0.327,0.008,0.665
HEARTS TWO HEARTS NINE,0.5888,0.0198,0.3914
DIAMONDS QUEEN HEARTS EIGHT,0.3594,0.011,0.6296
HEARTS TWO HEARTS EIGHT,0.5904,0.0202,0.3894
CLUBS NINE HEARTS TWO,0.6228,0.0208,0.3564
CLUBS NINE DIAMONDS QUEEN,0.3512,0.0108,0.638
CLUBS EIGHT HEARTS TWO,0.6378,0.0174,0.3448
CLUBS EIGHT DIAMONDS QUEEN,0.3562,0.0128,0.631
CLUBS FIVE DIAMONDS QUEEN,0.3578,0.0114,0.6308
CLUBS FIVE HEARTS TWO,0.6254,0.0236,0.351
SPADES EIGHT HEARTS ACE,0.3584,0.0056,0.636
DIAMONDS QUEEN CLUBS FOUR,0.2378,0.0434,0.7188
HEARTS TWO CLUBS FOUR,0.6972,0.0636,0.2392
CLUBS SEVEN DIAMONDS QUEEN,0.3672,0.013,0.6198
CLUBS SEVEN HEARTS TWO,0.6296,0.02,0.3504
SPADES EIGHT HEARTS QUEEN,0.3416,0.0142,0.6442
CLUBS SIX DIAMONDS QUEEN,0.369,0.009,0.622
CLUBS SIX HEARTS TWO,0.6204,0.026,0.3536
SPADES EIGHT HEARTS KING,0.3578,0.0064,0.6358
HEARTS TWO SPADES SIX,0.6224,0.021,0.3566
DIAMONDS QUEEN SPADES SIX,0.3508,0.0128,0.6364
DIAMONDS ACE CLUBS QUEEN,0.3206,0.0044,0.675
DIAMONDS QUEEN SPADES SEVEN,0.3648,0.0074,0.6278
HEARTS TWO SPADES SEVEN,0.6276,0.0188,0.3536
DIAMONDS ACE CLUBS KING,0.315,0.0042,0.6808
DIAMONDS QUEEN SPADES EIGHT,0.3588,0.0082,0.633
SPADES EIGHT HEARTS TWO,0.6238,0.0198,0.3564
DIAMONDS ACE CLUBS ACE,0.1264,0.0036,0.87
SPADES NINE DIAMONDS QUEEN,0.34,0.0102,0.6498
SPADES NINE HEARTS TWO,0.6218,0.0206,0.3576
HEARTS TWO SPADES TWO,0.4158,0.0474,0.5368
DIAMONDS QUEEN SPADES TWO,0.4,0.0114,0.5886
HEARTS TWO SPADES THREE,0.6336,0.0212,0.3452
DIAMONDS QUEEN SPADES THREE,0.393,0.0116,0.5954
HEARTS TWO SPADES FOUR,0.6752,0.068,0.2568
DIAMONDS QUEEN SPADES FOUR,0.2264,0.0458,0.7278
CLUBS TEN DIAMONDS ACE,0.3568,0.0034,0.6398
HEARTS TWO SPADES FIVE,0.611,0.023,0.366
DIAMONDS QUEEN SPADES FIVE,0.3488,0.0114,0.6398
CLUBS FIVE CLUBS KING,0.3474,0.0084,0.6442
CLUBS FIVE CLUBS QUEEN,0.3444,0.0102,0.6454
CLUBS FIVE CLUBS ACE,0.3204,0.0046,0.675
CLUBS TEN CLUBS FIVE,0.5714,0.017,0.4116
SPADES SIX CLUBS KING,0.3526,0.008,0.6394
SPADES SIX CLUBS QUEEN,0.3656,0.0122,0.6222
SPADES EIGHT HEARTS JACK,0.221,0.2222,0.5568
SPADES SIX CLUBS ACE,0.3592,0.0054,0.6354
SPADES EIGHT HEARTS TEN,0.5368,0.0192,0.444
CLUBS TEN SPADES SIX,0.5826,0.0188,0.3986
SPADES QUEEN CLUBS SEVEN,0.3598,0.0094,0.6308
SPADES KING CLUBS SEVEN,0.3852,0.0072,0.6076
SPADES ACE CLUBS SEVEN,0.3664,0.0036,0.63
SPADES SIX HEARTS TEN,0.5808,0.0184,0.4008
SPADES SIX HEARTS JACK,0.2086,0.4008,0.3906
SPADES SIX HEARTS ACE,0.3694,0.0056,0.625
SPADES SIX HEARTS KING,0.3586,0.01,0.6314
SPADES SIX HEARTS QUEEN,0.3618,0.01,0.6282
CLUBS SEVEN SPADES JACK,0.23,0.3032,0.4668
CLUBS SEVEN SPADES TEN,0.5688,0.0172,0.414
CLUBS TEN HEARTS SIX,0.5812,0.0158,0.403
HEARTS SIX CLUBS QUEEN,0.3584,0.0118,0.6298
HEARTS SIX CLUBS KING,0.3552,0.0084,0.6364
HEARTS SIX CLUBS ACE,0.3494,0.0066,0.644
DIAMONDS THREE HEARTS ACE,0.373,0.0066,0.6204
DIAMONDS THREE HEARTS QUEEN,0.394,0.013,0.593
DIAMONDS THREE HEARTS KING,0.3954,0.0096,0.595
CLUBS FIVE HEARTS JACK,0.2048,0.4834,0.3118
SPADES TEN DIAMONDS ACE,0.3404,0.003,0.6566
CLUBS FIVE HEARTS TEN,0.6016,0.018,0.3804
SPADES JACK DIAMONDS ACE,0.2212,0.021,0.7578
SPADES ACE DIAMONDS ACE,0.128,0.0038,0.8682
CLUBS FIVE HEARTS ACE,0.3486,0.005,0.6464
CLUBS FIVE HEARTS KING,0.3512,0.0076,0.6412
SPADES QUEEN DIAMONDS ACE,0.3276,0.003,0.6694
CLUBS FIVE HEARTS QUEEN,0.3558,0.0128,0.6314
SPADES KING DIAMONDS ACE,0.32,0.0054,0.6746
CLUBS TEN SPADES FOUR,0.7066,0.0598,0.2336
DIAMONDS QUEEN DIAMONDS ACE,0.3004,0.0036,0.696
HEARTS TWO DIAMONDS ACE,0.3948,0.0056,0.5996
DIAMONDS THREE HEARTS TEN,0.6194,0.0186,0.362
SPADES FOUR CLUBS KING,0.2354,0.0406,0.724
HEARTS FIVE DIAMONDS QUEEN,0.354,0.0122,0.6338
HEARTS FIVE HEARTS TWO,0.5816,0.0212,0.3972
DIAMONDS THREE HEARTS JACK,0.2638,0.515,0.2212
SPADES FOUR CLUBS QUEEN,0.2314,0.05,0.7186
DIAMONDS QUEEN HEARTS TWO,0.3888,0.0096,0.6016
DIAMONDS KING DIAMONDS QUEEN,0.2828,0.007,0.7102
DIAMONDS KING HEARTS TWO,0.3996,0.0074,0.593
HEARTS THREE DIAMONDS QUEEN,0.3974,0.0102,0.5924
HEARTS THREE HEARTS TWO,0.601,0.0228,0.3762
SPADES FOUR CLUBS ACE,0.2286,0.0262,0.7452
HEARTS TWO CLUBS ACE,0.3738,0.0044,0.6218
DIAMONDS QUEEN CLUBS ACE,0.3064,0.0046,0.689
HEARTS TWO CLUBS QUEEN,0.3924,0.011,0.5966
DIAMONDS QUEEN CLUBS QUEEN,0.1364,0.0094,0.8542
HEARTS TWO CLUBS KING,0.3964,0.0098,0.5938
DIAMONDS QUEEN CLUBS KING,0.3174,0.0086,0.674
SPADES EIGHT SPADES FIVE,0.5414,0.0144,0.4442
CLUBS TEN HEARTS TWO,0.6402,0.0196,0.3402
CLUBS TEN DIAMONDS QUEEN,0.344,0.0112,0.6448
SPADES NINE SPADES FIVE,0.5376,0.0182,0.4442
SPADES SIX SPADES FIVE,0.5292,0.019,0.4518
SPADES SEVEN SPADES FIVE,0.525,0.0182,0.4568
DIAMONDS FIVE CLUBS QUEEN,0.3574,0.0098,0.6328
SPADES EIGHT CLUBS ACE,0.3598,0.0036,0.6366
DIAMONDS FIVE CLUBS KING,0.356,0.0082,0.6358
SPADES EIGHT CLUBS KING,0.353,0.007,0.64
DIAMONDS FIVE CLUBS ACE,0.344,0.0048,0.6512
SPADES EIGHT CLUBS QUEEN,0.3664,0.009,0.6246
CLUBS TEN SPADES EIGHT,0.5564,0.0166,0.427
CLUBS TEN DIAMONDS FIVE,0.6054,0.021,0.3736
DIAMONDS TEN HEARTS JACK,0.2274,0.1226,0.65
DIAMONDS TEN HEARTS TEN,0.2776,0.0244,0.698
SPADES ACE CLUBS NINE,0.3668,0.0046,0.6286
CLUBS NINE SPADES QUEEN,0.343,0.0098,0.6472
CLUBS NINE SPADES KING,0.3596,0.008,0.6324
HEARTS SIX HEARTS KING,0.348,0.0084,0.6436
DIAMONDS KING SPADES SEVEN,0.357,0.0072,0.6358
HEARTS THREE SPADES SEVEN,0.619,0.02,0.361
SPADES KING DIAMONDS SEVEN,0.3646,0.0044,0.631
HEARTS SIX HEARTS QUEEN,0.3392,0.0128,0.648
SPADES QUEEN DIAMONDS SEVEN,0.3648,0.0064,0.6288
HEARTS THREE SPADES SIX,0.6104,0.018,0.3716
DIAMONDS KING SPADES SIX,0.36,0.008,0.632
DIAMONDS KING SPADES NINE,0.346,0.007,0.647
HEARTS THREE SPADES NINE,0.634,0.0168,0.3492
HEARTS SIX HEARTS ACE,0.3404,0.0038,0.6558
