opposingHand,winningChance,drawChance,lostChance
CLUBS FIVE SPADES FOUR
HEARTS FIVE SPADES TEN,0.294,0.0718,0.6342
SPADES JACK HEARTS FIVE,0.2772,0.0638,0.659
SPADES FIVE CLUBS JACK,0.2752,0.066,0.6588
CLUBS TEN SPADES FIVE,0.27,0.0858,0.6442
CLUBS EIGHT CLUBS JACK,0.3622,0.0196,0.6182
CLUBS TEN CLUBS EIGHT,0.341,0.0232,0.6358
CLUBS EIGHT CLUBS KING,0.3578,0.0078,0.6344
SPADES FIVE CLUBS ACE,0.2566,0.0282,0.7152
CLUBS EIGHT CLUBS QUEEN,0.3684,0.0128,0.6188
SPADES FIVE CLUBS KING,0.272,0.0398,0.6882
SPADES FIVE CLUBS QUEEN,0.28,0.0524,0.6676
CLUBS EIGHT CLUBS ACE,0.3606,0.0048,0.6346
DIAMONDS TWO DIAMONDS THREE,0.4266,0.2304,0.343
DIAMONDS TWO DIAMONDS FIVE,0.2736,0.462,0.2644
SPADES KING HEARTS FIVE,0.2778,0.0366,0.6856
DIAMONDS TWO DIAMONDS FOUR,0.3988,0.3344,0.2668
SPADES QUEEN HEARTS FIVE,0.2754,0.0466,0.678
DIAMONDS TWO DIAMONDS SEVEN,0.4072,0.097,0.4958
DIAMONDS TWO DIAMONDS SIX,0.3854,0.1554,0.4592
SPADES ACE HEARTS FIVE,0.2534,0.0244,0.7222
DIAMONDS TWO DIAMONDS NINE,0.4058,0.0474,0.5468
DIAMONDS TWO DIAMONDS EIGHT,0.4044,0.061,0.5346
DIAMONDS THREE DIAMONDS FOUR,0.3964,0.3438,0.2598
DIAMONDS THREE DIAMONDS FIVE,0.2658,0.466,0.2682
CLUBS TWO SPADES FIVE,0.2964,0.4926,0.211
CLUBS TWO SPADES TWO,0.359,0.1552,0.4858
CLUBS TWO SPADES THREE,0.4636,0.2444,0.292
DIAMONDS THREE DIAMONDS EIGHT,0.405,0.0614,0.5336
SPADES EIGHT CLUBS TWO,0.4214,0.078,0.5006
DIAMONDS THREE DIAMONDS NINE,0.3916,0.0436,0.5648
SPADES NINE CLUBS TWO,0.416,0.0448,0.5392
DIAMONDS THREE DIAMONDS SIX,0.3732,0.1506,0.4762
CLUBS TWO SPADES SIX,0.4124,0.1658,0.4218
DIAMONDS THREE DIAMONDS SEVEN,0.3904,0.1074,0.5022
CLUBS TWO SPADES SEVEN,0.4316,0.1042,0.4642
CLUBS SIX CLUBS TWO,0.404,0.1502,0.4458
CLUBS SEVEN CLUBS TWO,0.3864,0.1016,0.512
CLUBS FOUR CLUBS TWO,0.4088,0.344,0.2472
CLUBS TEN CLUBS JACK,0.3502,0.0154,0.6344
DIAMONDS FOUR DIAMONDS SIX,0.2296,0.2578,0.5126
CLUBS TEN CLUBS QUEEN,0.336,0.0106,0.6534
DIAMONDS FOUR DIAMONDS SEVEN,0.2518,0.1888,0.5594
CLUBS TEN CLUBS KING,0.3652,0.0084,0.6264
CLUBS TEN CLUBS ACE,0.3498,0.0034,0.6468
CLUBS EIGHT CLUBS TWO,0.4058,0.067,0.5272
DIAMONDS FIVE DIAMONDS FOUR,0.024,0.9086,0.0674
CLUBS NINE CLUBS TWO,0.406,0.0436,0.5504
DIAMONDS NINE DIAMONDS FOUR,0.274,0.097,0.629
DIAMONDS EIGHT DIAMONDS FOUR,0.2726,0.14,0.5874
CLUBS TWO CLUBS THREE,0.444,0.223,0.333
DIAMONDS NINE DIAMONDS FIVE,0.2564,0.1066,0.637
DIAMONDS TWO CLUBS JACK,0.4402,0.0246,0.5352
DIAMONDS EIGHT DIAMONDS FIVE,0.242,0.1418,0.6162
CLUBS TEN DIAMONDS TWO,0.4272,0.0308,0.542
DIAMONDS FIVE DIAMONDS SEVEN,0.2496,0.1844,0.566
DIAMONDS FIVE DIAMONDS SIX,0.227,0.2592,0.5138
DIAMONDS TWO CLUBS ACE,0.4118,0.0064,0.5818
DIAMONDS TWO CLUBS KING,0.42,0.0064,0.5736
DIAMONDS TWO CLUBS QUEEN,0.4222,0.0158,0.562
DIAMONDS EIGHT DIAMONDS SIX,0.3466,0.0614,0.592
DIAMONDS NINE DIAMONDS SIX,0.3452,0.0434,0.6114
HEARTS ACE SPADES THREE,0.41,0.0066,0.5834
HEARTS KING SPADES THREE,0.4232,0.0084,0.5684
DIAMONDS SEVEN DIAMONDS SIX,0.328,0.0864,0.5856
SPADES THREE HEARTS QUEEN,0.435,0.0148,0.5502
SPADES THREE HEARTS JACK,0.4286,0.023,0.5484
SPADES THREE HEARTS TEN,0.4252,0.032,0.5428
DIAMONDS EIGHT DIAMONDS SEVEN,0.3452,0.062,0.5928
DIAMONDS NINE DIAMONDS SEVEN,0.3266,0.0422,0.6312
DIAMONDS NINE DIAMONDS EIGHT,0.3356,0.0332,0.6312
DIAMONDS KING HEARTS TEN,0.3632,0.0082,0.6286
HEARTS THREE HEARTS TEN,0.4044,0.0318,0.5638
SPADES JACK CLUBS SIX,0.3752,0.019,0.6058
DIAMONDS KING HEARTS JACK,0.3852,0.008,0.6068
HEARTS THREE HEARTS JACK,0.405,0.0192,0.5758
SPADES TEN CLUBS SIX,0.3692,0.0324,0.5984
SPADES JACK SPADES FIVE,0.284,0.0674,0.6486
SPADES TEN SPADES FIVE,0.2764,0.0768,0.6468
DIAMONDS KING HEARTS ACE,0.3776,0.0044,0.618
HEARTS THREE HEARTS ACE,0.3914,0.0054,0.6032
SPADES ACE CLUBS SIX,0.3702,0.0068,0.623
DIAMONDS KING HEARTS QUEEN,0.3834,0.0068,0.6098
HEARTS THREE HEARTS QUEEN,0.3988,0.0126,0.5886
SPADES KING CLUBS SIX,0.3708,0.0092,0.62
DIAMONDS KING HEARTS KING,0.1862,0.0172,0.7966
HEARTS THREE HEARTS KING,0.4064,0.0086,0.585
SPADES QUEEN CLUBS SIX,0.3536,0.0146,0.6318
SPADES NINE HEARTS TEN,0.3384,0.025,0.6366
SPADES NINE HEARTS JACK,0.3652,0.0172,0.6176
SPADES QUEEN SPADES FIVE,0.2702,0.0502,0.6796
SPADES KING SPADES FIVE,0.277,0.0374,0.6856
SPADES ACE SPADES FIVE,0.2446,0.0244,0.731
SPADES NINE HEARTS QUEEN,0.3644,0.011,0.6246
SPADES NINE HEARTS KING,0.3654,0.0068,0.6278
SPADES NINE HEARTS ACE,0.3684,0.0048,0.6268
CLUBS TEN SPADES JACK,0.348,0.0198,0.6322
CLUBS TEN SPADES TEN,0.1828,0.064,0.7532
SPADES ACE CLUBS TEN,0.354,0.005,0.641
SPADES KING CLUBS TEN,0.364,0.0082,0.6278
CLUBS TEN SPADES QUEEN,0.3598,0.0124,0.6278
SPADES FIVE HEARTS QUEEN,0.2782,0.0518,0.67
HEARTS KING SPADES FIVE,0.2778,0.0394,0.6828
SPADES FIVE HEARTS ACE,0.26,0.024,0.716
CLUBS EIGHT SPADES TEN,0.3536,0.0282,0.6182
HEARTS THREE SPADES JACK,0.4176,0.0214,0.561
SPADES JACK DIAMONDS KING,0.3654,0.0072,0.6274
SPADES TEN DIAMONDS KING,0.3682,0.0088,0.623
HEARTS THREE SPADES TEN,0.4232,0.0316,0.5452
SPADES JACK CLUBS EIGHT,0.362,0.0156,0.6224
CLUBS SIX HEARTS ACE,0.363,0.0044,0.6326
SPADES ACE CLUBS EIGHT,0.3704,0.0078,0.6218
HEARTS FIVE CLUBS JACK,0.285,0.0658,0.6492
CLUBS TEN HEARTS FIVE,0.2874,0.0798,0.6328
CLUBS SIX HEARTS QUEEN,0.3774,0.014,0.6086
SPADES QUEEN CLUBS EIGHT,0.3778,0.0116,0.6106
CLUBS TEN SPADES THREE,0.4174,0.0312,0.5514
CLUBS SIX HEARTS KING,0.3668,0.01,0.6232
SPADES KING CLUBS EIGHT,0.374,0.0084,0.6176
SPADES THREE CLUBS JACK,0.4252,0.023,0.5518
DIAMONDS TWO HEARTS JACK,0.4382,0.0182,0.5436
SPADES THREE CLUBS QUEEN,0.425,0.0158,0.5592
DIAMONDS TWO HEARTS TEN,0.4332,0.0326,0.5342
SPADES THREE CLUBS KING,0.428,0.0092,0.5628
HEARTS FIVE CLUBS ACE,0.252,0.0284,0.7196
SPADES FIVE HEARTS TEN,0.2864,0.0806,0.633
SPADES THREE CLUBS ACE,0.412,0.0062,0.5818
HEARTS FIVE CLUBS KING,0.283,0.043,0.674
SPADES FIVE HEARTS JACK,0.2788,0.0608,0.6604
HEARTS FIVE CLUBS QUEEN,0.2762,0.0518,0.672
HEARTS THREE CLUBS KING,0.4134,0.0076,0.579
DIAMONDS KING CLUBS KING,0.1842,0.021,0.7948
HEARTS THREE CLUBS QUEEN,0.4138,0.0152,0.571
DIAMONDS KING CLUBS QUEEN,0.3766,0.0086,0.6148
HEARTS FIVE HEARTS JACK,0.2752,0.0566,0.6682
HEARTS FIVE HEARTS TEN,0.273,0.08,0.647
HEARTS THREE CLUBS ACE,0.418,0.005,0.577
DIAMONDS KING CLUBS ACE,0.3728,0.0036,0.6236
SPADES ACE CLUBS QUEEN,0.372,0.0056,0.6224
SPADES KING CLUBS QUEEN,0.3718,0.0096,0.6186
HEARTS THREE CLUBS JACK,0.4196,0.0234,0.557
DIAMONDS KING CLUBS JACK,0.3634,0.0088,0.6278
SPADES QUEEN CLUBS QUEEN,0.1774,0.0374,0.7852
CLUBS TEN HEARTS THREE,0.4218,0.0286,0.5496
CLUBS TEN DIAMONDS KING,0.3518,0.0064,0.6418
SPADES JACK CLUBS QUEEN,0.3694,0.0112,0.6194
CLUBS SIX CLUBS QUEEN,0.3522,0.0106,0.6372
SPADES TEN CLUBS QUEEN,0.3502,0.0106,0.6392
CLUBS SIX CLUBS KING,0.3524,0.0084,0.6392
CLUBS SIX CLUBS ACE,0.3618,0.0056,0.6326
HEARTS FIVE HEARTS KING,0.261,0.0406,0.6984
HEARTS FIVE HEARTS QUEEN,0.2734,0.0422,0.6844
CLUBS TEN CLUBS SIX,0.3462,0.0292,0.6246
HEARTS FIVE HEARTS ACE,0.2616,0.0244,0.714
CLUBS SIX CLUBS JACK,0.3492,0.0226,0.6282
SPADES SEVEN HEARTS JACK,0.3784,0.02,0.6016
SPADES SEVEN HEARTS TEN,0.3676,0.0268,0.6056
DIAMONDS TWO CLUBS TWO,0.3536,0.1532,0.4932
DIAMONDS TWO CLUBS THREE,0.4676,0.2398,0.2926
HEARTS SIX DIAMONDS TWO,0.4112,0.1632,0.4256
DIAMONDS TWO HEARTS QUEEN,0.4386,0.0152,0.5462
DIAMONDS TWO HEARTS SEVEN,0.4308,0.1084,0.4608
DIAMONDS TWO HEARTS KING,0.4356,0.0088,0.5556
DIAMONDS TWO HEARTS EIGHT,0.4306,0.0692,0.5002
DIAMONDS TWO HEARTS ACE,0.4296,0.0058,0.5646
DIAMONDS TWO HEARTS NINE,0.4264,0.0458,0.5278
DIAMONDS TWO DIAMONDS QUEEN,0.4052,0.016,0.5788
DIAMONDS TWO HEARTS TWO,0.356,0.1454,0.4986
DIAMONDS TWO DIAMONDS KING,0.4,0.009,0.591
HEARTS THREE DIAMONDS TWO,0.4644,0.2404,0.2952
DIAMONDS TWO DIAMONDS ACE,0.3674,0.006,0.6266
HEARTS FOUR DIAMONDS TWO,0.4328,0.3516,0.2156
DIAMONDS TWO HEARTS FIVE,0.2718,0.5114,0.2168
SPADES SEVEN HEARTS ACE,0.3684,0.0048,0.6268
DIAMONDS TWO DIAMONDS TEN,0.3978,0.0298,0.5724
SPADES SEVEN HEARTS KING,0.3684,0.0086,0.623
DIAMONDS TWO DIAMONDS JACK,0.4084,0.0212,0.5704
SPADES SEVEN HEARTS QUEEN,0.3728,0.0108,0.6164
DIAMONDS TWO SPADES NINE,0.4212,0.0456,0.5332
DIAMONDS TWO SPADES EIGHT,0.4196,0.0706,0.5098
DIAMONDS TWO SPADES SEVEN,0.4234,0.1026,0.474
DIAMONDS TWO SPADES SIX,0.4132,0.165,0.4218
DIAMONDS TWO SPADES FIVE,0.2842,0.501,0.2148
DIAMONDS TWO SPADES THREE,0.4682,0.2392,0.2926
DIAMONDS TWO SPADES TWO,0.3596,0.1474,0.493
CLUBS NINE DIAMONDS TWO,0.4182,0.0462,0.5356
DIAMONDS TWO CLUBS EIGHT,0.4146,0.0646,0.5208
CLUBS SEVEN DIAMONDS TWO,0.4168,0.1132,0.47
DIAMONDS TWO CLUBS SIX,0.4266,0.1546,0.4188
DIAMONDS TWO CLUBS FOUR,0.4232,0.3696,0.2072
CLUBS FOUR SPADES FIVE,0.0084,0.9864,0.0052
CLUBS FOUR SPADES THREE,0.4352,0.367,0.1978
CLUBS FOUR SPADES TWO,0.4214,0.3798,0.1988
CLUBS FOUR SPADES NINE,0.2848,0.1062,0.609
CLUBS FOUR SPADES EIGHT,0.2844,0.1504,0.5652
CLUBS FOUR SPADES SEVEN,0.265,0.1992,0.5358
CLUBS FOUR SPADES SIX,0.252,0.2682,0.4798
SPADES ACE DIAMONDS SIX,0.3674,0.0048,0.6278
SPADES QUEEN DIAMONDS SIX,0.376,0.0132,0.6108
SPADES KING DIAMONDS SIX,0.3632,0.0088,0.628
SPADES TEN DIAMONDS SIX,0.373,0.023,0.604
SPADES JACK DIAMONDS SIX,0.3722,0.0196,0.6082
SPADES QUEEN SPADES TWO,0.4174,0.0158,0.5668
SPADES KING SPADES TWO,0.3946,0.0104,0.595
SPADES ACE SPADES TWO,0.4136,0.0076,0.5788
DIAMONDS JACK CLUBS JACK,0.1828,0.0504,0.7668
CLUBS TEN DIAMONDS JACK,0.3618,0.014,0.6242
DIAMONDS JACK CLUBS KING,0.359,0.0066,0.6344
DIAMONDS JACK CLUBS QUEEN,0.3732,0.0136,0.6132
DIAMONDS THREE DIAMONDS JACK,0.4026,0.0232,0.5742
DIAMONDS THREE DIAMONDS TEN,0.3914,0.0284,0.5802
DIAMONDS JACK CLUBS ACE,0.3702,0.0054,0.6244
DIAMONDS THREE DIAMONDS KING,0.3838,0.0098,0.6064
HEARTS THREE DIAMONDS THREE,0.3538,0.1558,0.4904
DIAMONDS THREE DIAMONDS QUEEN,0.4104,0.0128,0.5768
DIAMONDS THREE HEARTS TWO,0.452,0.2392,0.3088
HEARTS FIVE DIAMONDS THREE,0.2668,0.5166,0.2166
DIAMONDS THREE DIAMONDS ACE,0.3672,0.0042,0.6286
HEARTS FOUR DIAMONDS THREE,0.4032,0.3692,0.2276
DIAMONDS THREE HEARTS SEVEN,0.4024,0.1146,0.483
SPADES TEN SPADES NINE,0.3236,0.0244,0.652
HEARTS SIX DIAMONDS THREE,0.3992,0.1582,0.4426
SPADES JACK SPADES NINE,0.3336,0.0184,0.648
DIAMONDS THREE HEARTS NINE,0.424,0.0462,0.5298
HEARTS JACK DIAMONDS FOUR,0.2924,0.0622,0.6454
HEARTS KING HEARTS ACE,0.3604,0.003,0.6366
SPADES TEN SPADES TWO,0.408,0.0284,0.5636
DIAMONDS THREE HEARTS EIGHT,0.4232,0.069,0.5078
HEARTS TEN DIAMONDS FOUR,0.2912,0.077,0.6318
SPADES JACK SPADES TWO,0.4078,0.0186,0.5736
HEARTS QUEEN DIAMONDS FOUR,0.292,0.0436,0.6644
HEARTS KING DIAMONDS FOUR,0.303,0.0284,0.6686
SPADES ACE SPADES NINE,0.356,0.0038,0.6402
HEARTS ACE DIAMONDS FOUR,0.276,0.0198,0.7042
SPADES KING SPADES NINE,0.3576,0.0094,0.633
SPADES QUEEN SPADES NINE,0.3562,0.0116,0.6322
DIAMONDS THREE SPADES NINE,0.4208,0.0484,0.5308
DIAMONDS THREE SPADES EIGHT,0.4036,0.0726,0.5238
DIAMONDS THREE SPADES SEVEN,0.4138,0.1062,0.48
DIAMONDS THREE SPADES SIX,0.4036,0.1542,0.4422
DIAMONDS THREE CLUBS SIX,0.3972,0.1676,0.4352
CLUBS ACE DIAMONDS FOUR,0.2584,0.0216,0.72
CLUBS SEVEN DIAMONDS THREE,0.4078,0.1044,0.4878
DIAMONDS THREE CLUBS FOUR,0.4168,0.3592,0.224
DIAMONDS FOUR CLUBS QUEEN,0.2882,0.0444,0.6674
CLUBS KING DIAMONDS FOUR,0.28,0.0332,0.6868
DIAMONDS THREE CLUBS TWO,0.4636,0.243,0.2934
CLUBS TEN DIAMONDS FOUR,0.289,0.078,0.633
DIAMONDS THREE CLUBS THREE,0.3578,0.1588,0.4834
DIAMONDS FOUR CLUBS JACK,0.2974,0.057,0.6456
DIAMONDS THREE SPADES FIVE,0.2688,0.517,0.2142
DIAMONDS THREE SPADES TWO,0.4616,0.2342,0.3042
DIAMONDS THREE SPADES THREE,0.327,0.1616,0.5114
CLUBS EIGHT DIAMONDS THREE,0.4284,0.0684,0.5032
CLUBS NINE DIAMONDS THREE,0.4268,0.0474,0.5258
SPADES SEVEN CLUBS ACE,0.3564,0.005,0.6386
SPADES SEVEN CLUBS QUEEN,0.349,0.016,0.635
SPADES SEVEN CLUBS KING,0.3678,0.01,0.6222
CLUBS TEN SPADES SEVEN,0.3524,0.0302,0.6174
SPADES SEVEN CLUBS JACK,0.3868,0.0158,0.5974
CLUBS ACE CLUBS QUEEN,0.3524,0.0068,0.6408
CLUBS KING CLUBS QUEEN,0.3418,0.0086,0.6496
DIAMONDS TEN DIAMONDS FOUR,0.2676,0.0758,0.6566
CLUBS TEN DIAMONDS NINE,0.3448,0.022,0.6332
DIAMONDS JACK DIAMONDS FOUR,0.2816,0.0576,0.6608
DIAMONDS NINE CLUBS JACK,0.3584,0.0144,0.6272
SPADES NINE CLUBS JACK,0.362,0.0186,0.6194
CLUBS TEN SPADES NINE,0.3318,0.0264,0.6418
DIAMONDS ACE DIAMONDS FOUR,0.2444,0.0204,0.7352
HEARTS FOUR DIAMONDS FOUR,0.2808,0.1116,0.6076
DIAMONDS JACK HEARTS TEN,0.375,0.0138,0.6112
SPADES NINE CLUBS KING,0.3592,0.0072,0.6336
DIAMONDS TWO SPADES TEN,0.4234,0.0276,0.549
DIAMONDS NINE CLUBS ACE,0.3682,0.0034,0.6284
HEARTS FIVE DIAMONDS FOUR,0.0252,0.9566,0.0182
HEARTS JACK DIAMONDS JACK,0.1978,0.0486,0.7536
SPADES NINE CLUBS QUEEN,0.3618,0.01,0.6282
DIAMONDS TWO SPADES JACK,0.4264,0.0234,0.5502
DIAMONDS QUEEN DIAMONDS FOUR,0.2828,0.0476,0.6696
HEARTS TWO DIAMONDS FOUR,0.4172,0.3678,0.215
DIAMONDS NINE CLUBS QUEEN,0.3664,0.013,0.6206
DIAMONDS KING DIAMONDS FOUR,0.272,0.0318,0.6962
HEARTS THREE DIAMONDS FOUR,0.4174,0.359,0.2236
SPADES NINE CLUBS ACE,0.359,0.0062,0.6348
DIAMONDS NINE CLUBS KING,0.3726,0.0072,0.6202
HEARTS ACE DIAMONDS JACK,0.3848,0.0028,0.6124
SPADES ACE DIAMONDS TWO,0.4048,0.0062,0.589
DIAMONDS JACK HEARTS QUEEN,0.3656,0.0128,0.6216
SPADES QUEEN DIAMONDS TWO,0.4346,0.0152,0.5502
HEARTS KING DIAMONDS JACK,0.3708,0.0048,0.6244
SPADES KING DIAMONDS TWO,0.4226,0.0094,0.568
SPADES JACK SPADES SEVEN,0.3666,0.0202,0.6132
SPADES TEN SPADES SEVEN,0.3614,0.0228,0.6158
CLUBS SEVEN CLUBS THREE,0.3896,0.1036,0.5068
CLUBS SIX CLUBS THREE,0.3906,0.1564,0.453
CLUBS FOUR CLUBS THREE,0.396,0.3552,0.2488
CLUBS NINE CLUBS THREE,0.3894,0.048,0.5626
CLUBS EIGHT CLUBS THREE,0.4174,0.0786,0.504
CLUBS THREE SPADES FIVE,0.268,0.5244,0.2076
CLUBS THREE SPADES THREE,0.3566,0.1506,0.4928
CLUBS THREE SPADES TWO,0.4594,0.2426,0.298
CLUBS THREE SPADES SIX,0.395,0.1694,0.4356
SPADES SEVEN CLUBS THREE,0.4244,0.1004,0.4752
SPADES EIGHT CLUBS THREE,0.4264,0.0686,0.505
SPADES NINE CLUBS THREE,0.41,0.045,0.545
SPADES TWO DIAMONDS FOUR,0.42,0.3712,0.2088
SPADES THREE DIAMONDS FOUR,0.4202,0.3704,0.2094
SPADES FIVE DIAMONDS FOUR,0.0096,0.9728,0.0176
SPADES SIX DIAMONDS FOUR,0.231,0.285,0.484
SPADES SEVEN DIAMONDS FOUR,0.2574,0.2044,0.5382
SPADES EIGHT DIAMONDS FOUR,0.269,0.1438,0.5872
SPADES NINE DIAMONDS FOUR,0.2906,0.103,0.6064
CLUBS FOUR DIAMONDS FOUR,0.2784,0.115,0.6066
CLUBS SEVEN DIAMONDS FOUR,0.254,0.1972,0.5488
CLUBS SIX DIAMONDS FOUR,0.2478,0.2744,0.4778
CLUBS NINE DIAMONDS FOUR,0.2854,0.1096,0.605
CLUBS EIGHT DIAMONDS FOUR,0.2872,0.146,0.5668
DIAMONDS FOUR HEARTS SEVEN,0.2752,0.1936,0.5312
HEARTS SIX DIAMONDS FOUR,0.2474,0.2772,0.4754
HEARTS NINE DIAMONDS FOUR,0.2802,0.111,0.6088
DIAMONDS FOUR HEARTS EIGHT,0.2754,0.1462,0.5784
CLUBS THREE DIAMONDS FOUR,0.4122,0.3638,0.224
CLUBS TWO DIAMONDS FOUR,0.4266,0.3606,0.2128
DIAMONDS TEN DIAMONDS FIVE,0.278,0.0758,0.6462
DIAMONDS JACK DIAMONDS FIVE,0.2776,0.059,0.6634
DIAMONDS NINE HEARTS QUEEN,0.3736,0.0096,0.6168
HEARTS KING DIAMONDS NINE,0.373,0.0064,0.6206
DIAMONDS NINE HEARTS ACE,0.375,0.0036,0.6214
DIAMONDS NINE HEARTS TEN,0.364,0.0234,0.6126
DIAMONDS NINE HEARTS JACK,0.3716,0.0176,0.6108
CLUBS KING DIAMONDS SIX,0.372,0.0092,0.6188
CLUBS QUEEN DIAMONDS SIX,0.372,0.0148,0.6132
CLUBS ACE DIAMONDS SIX,0.3738,0.0046,0.6216
SPADES KING DIAMONDS FOUR,0.2886,0.03,0.6814
SPADES ACE SPADES SEVEN,0.354,0.0036,0.6424
SPADES QUEEN DIAMONDS FOUR,0.2856,0.047,0.6674
SPADES QUEEN SPADES SEVEN,0.3634,0.0152,0.6214
CLUBS JACK DIAMONDS SIX,0.373,0.0174,0.6096
SPADES KING SPADES SEVEN,0.3468,0.0072,0.646
SPADES ACE DIAMONDS FOUR,0.27,0.0246,0.7054
CLUBS TEN DIAMONDS SIX,0.3792,0.027,0.5938
CLUBS NINE CLUBS FOUR,0.2736,0.1032,0.6232
CLUBS EIGHT CLUBS FOUR,0.2614,0.138,0.6006
SPADES JACK DIAMONDS FOUR,0.297,0.056,0.647
SPADES TEN DIAMONDS FOUR,0.29,0.077,0.633
CLUBS SEVEN CLUBS FOUR,0.2488,0.2052,0.546
CLUBS FOUR CLUBS SIX,0.2372,0.2618,0.501
CLUBS SEVEN SPADES EIGHT,0.3396,0.0648,0.5956
CLUBS SEVEN SPADES NINE,0.348,0.0438,0.6082
CLUBS SEVEN SPADES SIX,0.3282,0.0982,0.5736
CLUBS SEVEN SPADES SEVEN,0.1548,0.1158,0.7294
CLUBS SEVEN SPADES FIVE,0.2458,0.2106,0.5436
CLUBS SEVEN SPADES THREE,0.4034,0.1096,0.487
CLUBS SEVEN SPADES TWO,0.4226,0.1034,0.474
CLUBS NINE CLUBS SEVEN,0.3454,0.039,0.6156
CLUBS SEVEN CLUBS EIGHT,0.3324,0.0644,0.6032
HEARTS SIX DIAMONDS FIVE,0.2538,0.264,0.4822
DIAMONDS FIVE HEARTS SEVEN,0.263,0.2056,0.5314
DIAMONDS FIVE HEARTS EIGHT,0.272,0.1526,0.5754
HEARTS NINE DIAMONDS FIVE,0.2782,0.1044,0.6174
DIAMONDS QUEEN DIAMONDS FIVE,0.2748,0.0514,0.6738
HEARTS TWO DIAMONDS FIVE,0.2798,0.5002,0.22
HEARTS KING HEARTS EIGHT,0.363,0.0064,0.6306
DIAMONDS KING DIAMONDS FIVE,0.2702,0.037,0.6928
HEARTS THREE DIAMONDS FIVE,0.2782,0.5126,0.2092
HEARTS QUEEN HEARTS EIGHT,0.349,0.0116,0.6394
DIAMONDS ACE DIAMONDS FIVE,0.2452,0.0246,0.7302
HEARTS FOUR DIAMONDS FIVE,0.0208,0.9556,0.0236
HEARTS FIVE DIAMONDS FIVE,0.133,0.1238,0.7432
HEARTS ACE HEARTS EIGHT,0.3526,0.005,0.6424
CLUBS FOUR DIAMONDS FIVE,0.017,0.9718,0.0112
CLUBS SIX DIAMONDS FIVE,0.2448,0.266,0.4892
CLUBS SEVEN DIAMONDS FIVE,0.251,0.2046,0.5444
CLUBS TWO DIAMONDS FIVE,0.2856,0.5102,0.2042
CLUBS THREE DIAMONDS FIVE,0.2764,0.5182,0.2054
SPADES THREE DIAMONDS FIVE,0.2718,0.5294,0.1988
SPADES TWO DIAMONDS FIVE,0.2928,0.5062,0.201
SPADES JACK DIAMONDS EIGHT,0.3646,0.0168,0.6186
SPADES FIVE DIAMONDS FIVE,0.1128,0.1236,0.7636
CLUBS TEN HEARTS JACK,0.3636,0.0164,0.62
SPADES TEN DIAMONDS EIGHT,0.359,0.025,0.616
HEARTS JACK CLUBS JACK,0.1874,0.0484,0.7642
HEARTS JACK CLUBS QUEEN,0.374,0.011,0.615
CLUBS NINE DIAMONDS FIVE,0.2622,0.1046,0.6332
HEARTS JACK CLUBS KING,0.371,0.0074,0.6216
CLUBS EIGHT DIAMONDS FIVE,0.2678,0.1566,0.5756
HEARTS JACK CLUBS ACE,0.3568,0.0048,0.6384
SPADES SEVEN DIAMONDS FIVE,0.2568,0.1992,0.544
SPADES KING DIAMONDS EIGHT,0.3726,0.012,0.6154
SPADES QUEEN DIAMONDS EIGHT,0.3698,0.01,0.6202
SPADES SIX DIAMONDS FIVE,0.2428,0.2694,0.4878
SPADES NINE DIAMONDS FIVE,0.2818,0.1056,0.6126
SPADES EIGHT DIAMONDS FIVE,0.2614,0.15,0.5886
SPADES ACE DIAMONDS EIGHT,0.3664,0.0062,0.6274
DIAMONDS TEN DIAMONDS SIX,0.357,0.0266,0.6164
HEARTS ACE DIAMONDS SEVEN,0.3762,0.0038,0.62
DIAMONDS JACK DIAMONDS SIX,0.3496,0.0182,0.6322
HEARTS QUEEN DIAMONDS SEVEN,0.3914,0.0134,0.5952
HEARTS KING DIAMONDS SEVEN,0.3748,0.0076,0.6176
DIAMONDS ACE DIAMONDS SIX,0.3506,0.0058,0.6436
HEARTS FOUR DIAMONDS SIX,0.2492,0.2728,0.478
HEARTS JACK SPADES TWO,0.4306,0.0254,0.544
HEARTS FIVE DIAMONDS SIX,0.2406,0.2694,0.49
SPADES TWO HEARTS TEN,0.4314,0.0318,0.5368
DIAMONDS QUEEN DIAMONDS SIX,0.3588,0.0172,0.624
HEARTS TWO DIAMONDS SIX,0.4092,0.16,0.4308
DIAMONDS KING DIAMONDS SIX,0.3534,0.0076,0.639
HEARTS THREE DIAMONDS SIX,0.401,0.1616,0.4374
HEARTS EIGHT DIAMONDS SIX,0.358,0.0676,0.5744
HEARTS NINE DIAMONDS SIX,0.3556,0.0424,0.602
HEARTS SIX DIAMONDS SIX,0.153,0.1322,0.7148
HEARTS SEVEN DIAMONDS SIX,0.347,0.0968,0.5562
HEARTS TEN DIAMONDS SEVEN,0.3626,0.026,0.6114
CLUBS TWO DIAMONDS SIX,0.4208,0.1536,0.4256
HEARTS JACK DIAMONDS SEVEN,0.372,0.0184,0.6096
CLUBS THREE DIAMONDS SIX,0.4086,0.1612,0.4302
CLUBS SEVEN DIAMONDS SIX,0.3392,0.1044,0.5564
DIAMONDS EIGHT CLUBS JACK,0.3698,0.0166,0.6136
CLUBS SIX DIAMONDS SIX,0.1476,0.1272,0.7252
CLUBS TEN DIAMONDS EIGHT,0.352,0.026,0.622
CLUBS FOUR DIAMONDS SIX,0.252,0.274,0.474
HEARTS ACE HEARTS JACK,0.3508,0.0052,0.644
DIAMONDS EIGHT CLUBS ACE,0.3676,0.005,0.6274
HEARTS JACK HEARTS QUEEN,0.3344,0.0088,0.6568
DIAMONDS EIGHT CLUBS KING,0.364,0.0076,0.6284
CLUBS NINE DIAMONDS SIX,0.3626,0.0442,0.5932
HEARTS KING HEARTS JACK,0.3436,0.0066,0.6498
DIAMONDS EIGHT CLUBS QUEEN,0.3766,0.0122,0.6112
CLUBS EIGHT DIAMONDS SIX,0.3538,0.0726,0.5736
SPADES TEN HEARTS KING,0.3734,0.0104,0.6162
SPADES FIVE DIAMONDS SIX,0.2406,0.279,0.4804
HEARTS ACE SPADES TWO,0.4092,0.007,0.5838
SPADES JACK HEARTS KING,0.37,0.0056,0.6244
SPADES THREE DIAMONDS SIX,0.398,0.1644,0.4376
SPADES TWO HEARTS QUEEN,0.4372,0.0114,0.5514
SPADES ACE SPADES KING,0.3456,0.004,0.6504
HEARTS KING SPADES TWO,0.428,0.0122,0.5598
SPADES TWO DIAMONDS SIX,0.4156,0.161,0.4234
HEARTS TEN HEARTS EIGHT,0.3426,0.0216,0.6358
SPADES NINE DIAMONDS SIX,0.3504,0.0458,0.6038
HEARTS JACK HEARTS EIGHT,0.3448,0.0154,0.6398
SPADES EIGHT DIAMONDS SIX,0.3378,0.0648,0.5974
SPADES SEVEN DIAMONDS SIX,0.3362,0.1038,0.56
SPADES SIX DIAMONDS SIX,0.1424,0.1312,0.7264
SPADES KING HEARTS KING,0.183,0.0212,0.7958
SPADES QUEEN HEARTS KING,0.383,0.0076,0.6094
CLUBS ACE CLUBS KING,0.3528,0.0046,0.6426
SPADES ACE HEARTS KING,0.3724,0.0044,0.6232
SPADES ACE HEARTS JACK,0.3732,0.0052,0.6216
SPADES QUEEN HEARTS JACK,0.3694,0.0092,0.6214
SPADES KING HEARTS JACK,0.356,0.008,0.636
SPADES TEN DIAMONDS TEN,0.1844,0.0606,0.755
SPADES JACK DIAMONDS TEN,0.363,0.013,0.624
SPADES ACE DIAMONDS TEN,0.3594,0.0042,0.6364
SPADES JACK HEARTS JACK,0.2006,0.0454,0.754
SPADES TEN HEARTS JACK,0.3744,0.0152,0.6104
SPADES QUEEN DIAMONDS TEN,0.3682,0.0088,0.623
SPADES KING DIAMONDS TEN,0.3752,0.0074,0.6174
SPADES NINE DIAMONDS SEVEN,0.357,0.0402,0.6028
SPADES EIGHT DIAMONDS SEVEN,0.3424,0.0664,0.5912
SPADES SEVEN DIAMONDS SEVEN,0.1552,0.1118,0.733
SPADES SIX DIAMONDS SEVEN,0.3388,0.0962,0.565
DIAMONDS KING DIAMONDS SEVEN,0.343,0.009,0.648
HEARTS THREE DIAMONDS SEVEN,0.4178,0.105,0.4772
HEARTS KING DIAMONDS FIVE,0.2812,0.0386,0.6802
DIAMONDS QUEEN DIAMONDS SEVEN,0.3542,0.0102,0.6356
HEARTS TWO DIAMONDS SEVEN,0.4256,0.1084,0.466
HEARTS QUEEN DIAMONDS FIVE,0.2998,0.0488,0.6514
HEARTS FIVE DIAMONDS SEVEN,0.2674,0.2002,0.5324
DIAMONDS ACE DIAMONDS SEVEN,0.3574,0.0054,0.6372
HEARTS FOUR DIAMONDS SEVEN,0.2836,0.1942,0.5222
HEARTS ACE DIAMONDS FIVE,0.2716,0.0246,0.7038
HEARTS SEVEN DIAMONDS SEVEN,0.1608,0.1122,0.727
HEARTS SIX DIAMONDS SEVEN,0.3454,0.0932,0.5614
HEARTS NINE DIAMONDS SEVEN,0.3562,0.0438,0.6
DIAMONDS SEVEN HEARTS EIGHT,0.3494,0.0612,0.5894
DIAMONDS JACK DIAMONDS SEVEN,0.3526,0.0168,0.6306
HEARTS JACK DIAMONDS FIVE,0.287,0.0626,0.6504
DIAMONDS TEN DIAMONDS SEVEN,0.3408,0.0262,0.633
DIAMONDS FIVE HEARTS TEN,0.293,0.0796,0.6274
SPADES KING CLUBS TWO,0.429,0.008,0.563
HEARTS KING CLUBS KING,0.1894,0.0186,0.792
CLUBS EIGHT DIAMONDS SEVEN,0.3462,0.0532,0.6006
SPADES QUEEN CLUBS TWO,0.4234,0.0132,0.5634
HEARTS KING CLUBS QUEEN,0.374,0.0076,0.6184
CLUBS NINE DIAMONDS SEVEN,0.3582,0.0448,0.597
SPADES TWO CLUBS JACK,0.4254,0.024,0.5506
SPADES ACE CLUBS TWO,0.4178,0.006,0.5762
CLUBS TEN SPADES TWO,0.4228,0.0312,0.546
HEARTS KING CLUBS ACE,0.3642,0.0048,0.631
CLUBS SEVEN CLUBS SIX,0.3192,0.0966,0.5842
SPADES TWO CLUBS KING,0.4236,0.0124,0.564
SPADES TWO DIAMONDS SEVEN,0.4278,0.1042,0.468
CLUBS EIGHT CLUBS SIX,0.3276,0.0682,0.6042
SPADES THREE DIAMONDS SEVEN,0.4266,0.1022,0.4712
SPADES TWO CLUBS QUEEN,0.4356,0.0134,0.551
CLUBS NINE CLUBS SIX,0.3368,0.0402,0.623
HEARTS KING CLUBS JACK,0.3712,0.0084,0.6204
SPADES FIVE DIAMONDS SEVEN,0.263,0.2012,0.5358
SPADES TWO CLUBS ACE,0.4248,0.0058,0.5694
CLUBS TEN HEARTS KING,0.37,0.0108,0.6192
CLUBS SIX SPADES TWO,0.4324,0.1618,0.4058
CLUBS SIX SPADES THREE,0.3962,0.1676,0.4362
CLUBS TWO DIAMONDS SEVEN,0.442,0.0992,0.4588
CLUBS THREE DIAMONDS SEVEN,0.4208,0.1022,0.477
CLUBS SIX SPADES FIVE,0.2346,0.2786,0.4868
CLUBS FOUR DIAMONDS SEVEN,0.262,0.1876,0.5504
CLUBS SIX SPADES SIX,0.1382,0.1312,0.7306
CLUBS SIX SPADES SEVEN,0.3366,0.1006,0.5628
CLUBS SIX DIAMONDS SEVEN,0.3402,0.1012,0.5586
CLUBS SIX SPADES EIGHT,0.3414,0.0732,0.5854
SPADES JACK CLUBS TWO,0.43,0.0226,0.5474
CLUBS SEVEN DIAMONDS SEVEN,0.1532,0.1112,0.7356
SPADES NINE CLUBS SIX,0.359,0.0434,0.5976
SPADES TEN CLUBS TWO,0.4136,0.034,0.5524
CLUBS TWO CLUBS QUEEN,0.4158,0.0152,0.569
CLUBS TWO CLUBS KING,0.4,0.008,0.592
CLUBS THREE DIAMONDS EIGHT,0.433,0.0702,0.4968
CLUBS TWO CLUBS ACE,0.3944,0.0056,0.6
CLUBS TWO DIAMONDS EIGHT,0.428,0.0666,0.5054
DIAMONDS EIGHT HEARTS SEVEN,0.347,0.062,0.591
HEARTS SIX DIAMONDS EIGHT,0.3668,0.071,0.5622
DIAMONDS EIGHT HEARTS NINE,0.3542,0.0384,0.6074
CLUBS TEN CLUBS TWO,0.405,0.0278,0.5672
DIAMONDS EIGHT HEARTS EIGHT,0.178,0.1012,0.7208
CLUBS TWO CLUBS JACK,0.4174,0.0186,0.564
CLUBS NINE DIAMONDS EIGHT,0.3526,0.0394,0.608
CLUBS EIGHT DIAMONDS EIGHT,0.1702,0.0962,0.7336
SPADES ACE SPADES THREE,0.3962,0.0066,0.5972
CLUBS FOUR DIAMONDS EIGHT,0.2942,0.1496,0.5562
CLUBS SEVEN DIAMONDS EIGHT,0.3474,0.055,0.5976
SPADES QUEEN SPADES THREE,0.4076,0.015,0.5774
CLUBS SIX DIAMONDS EIGHT,0.35,0.0656,0.5844
SPADES KING SPADES THREE,0.4016,0.0104,0.588
DIAMONDS QUEEN DIAMONDS EIGHT,0.3582,0.0124,0.6294
HEARTS TWO DIAMONDS EIGHT,0.4274,0.0714,0.5012
DIAMONDS KING DIAMONDS EIGHT,0.3602,0.0068,0.633
HEARTS THREE DIAMONDS EIGHT,0.4174,0.0708,0.5118
DIAMONDS ACE DIAMONDS EIGHT,0.3452,0.005,0.6498
HEARTS FOUR DIAMONDS EIGHT,0.2794,0.1432,0.5774
HEARTS FIVE DIAMONDS EIGHT,0.2706,0.1492,0.5802
DIAMONDS EIGHT DIAMONDS TEN,0.333,0.0264,0.6406
DIAMONDS EIGHT DIAMONDS JACK,0.3352,0.0188,0.646
SPADES JACK SPADES THREE,0.4122,0.019,0.5688
SPADES TEN SPADES THREE,0.394,0.0298,0.5762
CLUBS FOUR HEARTS ACE,0.2774,0.0242,0.6984
CLUBS FOUR HEARTS QUEEN,0.2886,0.0454,0.666
CLUBS FOUR HEARTS KING,0.2886,0.0352,0.6762
CLUBS SIX HEARTS TEN,0.3766,0.028,0.5954
CLUBS SIX HEARTS JACK,0.3672,0.0198,0.613
SPADES FIVE DIAMONDS EIGHT,0.2542,0.1544,0.5914
DIAMONDS EIGHT SPADES TWO,0.4274,0.0682,0.5044
DIAMONDS EIGHT SPADES THREE,0.4132,0.0748,0.512
CLUBS FOUR HEARTS JACK,0.2942,0.0624,0.6434
SPADES EIGHT DIAMONDS EIGHT,0.1658,0.0978,0.7364
SPADES TEN DIAMONDS QUEEN,0.3592,0.01,0.6308
SPADES TEN HEARTS TWO,0.4154,0.0314,0.5532
SPADES JACK HEARTS EIGHT,0.3756,0.0158,0.6086
CLUBS FOUR HEARTS TEN,0.2818,0.0842,0.634
SPADES NINE DIAMONDS EIGHT,0.3472,0.038,0.6148
SPADES TEN HEARTS EIGHT,0.3678,0.0238,0.6084
SPADES JACK HEARTS TWO,0.4286,0.0234,0.548
SPADES JACK DIAMONDS QUEEN,0.3738,0.008,0.6182
SPADES SIX DIAMONDS EIGHT,0.344,0.0638,0.5922
SPADES SEVEN DIAMONDS EIGHT,0.3424,0.0614,0.5962
SPADES ACE HEARTS TWO,0.4088,0.0066,0.5846
SPADES ACE DIAMONDS QUEEN,0.3804,0.0032,0.6164
SPADES ACE HEARTS EIGHT,0.3582,0.0058,0.636
SPADES KING HEARTS EIGHT,0.3746,0.0076,0.6178
SPADES QUEEN HEARTS TWO,0.4314,0.0158,0.5528
SPADES QUEEN DIAMONDS QUEEN,0.1866,0.0372,0.7762
SPADES KING DIAMONDS QUEEN,0.372,0.0078,0.6202
SPADES KING HEARTS TWO,0.4182,0.0102,0.5716
SPADES QUEEN HEARTS EIGHT,0.3656,0.0126,0.6218
CLUBS TWO HEARTS TEN,0.4276,0.0302,0.5422
CLUBS TWO HEARTS JACK,0.4434,0.0208,0.5358
SPADES SEVEN DIAMONDS NINE,0.3614,0.0408,0.5978
SPADES SIX DIAMONDS NINE,0.3544,0.0412,0.6044
SPADES NINE DIAMONDS NINE,0.17,0.072,0.758
SPADES EIGHT DIAMONDS NINE,0.3492,0.04,0.6108
SPADES TEN CLUBS KING,0.3486,0.0108,0.6406
DIAMONDS NINE SPADES THREE,0.418,0.05,0.532
SPADES JACK CLUBS KING,0.3674,0.0076,0.625
DIAMONDS NINE SPADES TWO,0.4298,0.0462,0.524
DIAMONDS NINE SPADES FIVE,0.2672,0.106,0.6268
CLUBS NINE DIAMONDS NINE,0.1752,0.0872,0.7376
CLUBS EIGHT DIAMONDS NINE,0.3366,0.0364,0.627
CLUBS SIX DIAMONDS NINE,0.3698,0.0464,0.5838
SPADES JACK CLUBS FOUR,0.281,0.069,0.65
CLUBS SEVEN DIAMONDS NINE,0.3578,0.0428,0.5994
SPADES TEN CLUBS FOUR,0.2826,0.0788,0.6386
CLUBS FOUR DIAMONDS NINE,0.2952,0.1072,0.5976
CLUBS TWO DIAMONDS NINE,0.4174,0.0428,0.5398
CLUBS THREE DIAMONDS NINE,0.4268,0.0476,0.5256
DIAMONDS NINE HEARTS EIGHT,0.3536,0.0432,0.6032
DIAMONDS NINE HEARTS NINE,0.1902,0.0828,0.727
HEARTS SIX DIAMONDS NINE,0.3662,0.0428,0.591
DIAMONDS NINE HEARTS SEVEN,0.3646,0.0396,0.5958
CLUBS NINE CLUBS EIGHT,0.326,0.0384,0.6356
DIAMONDS ACE DIAMONDS NINE,0.3534,0.0052,0.6414
HEARTS FOUR DIAMONDS NINE,0.282,0.104,0.614
HEARTS FIVE DIAMONDS NINE,0.272,0.1018,0.6262
CLUBS TWO HEARTS ACE,0.4232,0.0084,0.5684
SPADES ACE CLUBS FOUR,0.2698,0.0228,0.7074
DIAMONDS QUEEN DIAMONDS NINE,0.353,0.015,0.632
HEARTS TWO DIAMONDS NINE,0.4216,0.0444,0.534
CLUBS TWO HEARTS KING,0.4274,0.01,0.5626
SPADES KING CLUBS FOUR,0.2836,0.0324,0.684
DIAMONDS KING DIAMONDS NINE,0.3716,0.0074,0.621
HEARTS THREE DIAMONDS NINE,0.4152,0.047,0.5378
CLUBS TWO HEARTS QUEEN,0.4314,0.0146,0.554
SPADES QUEEN CLUBS FOUR,0.2928,0.0436,0.6636
DIAMONDS NINE DIAMONDS JACK,0.3412,0.0186,0.6402
CLUBS EIGHT SPADES NINE,0.3502,0.0404,0.6094
DIAMONDS NINE DIAMONDS TEN,0.322,0.0218,0.6562
CLUBS EIGHT SPADES EIGHT,0.1658,0.0968,0.7374
CLUBS EIGHT SPADES SEVEN,0.3434,0.063,0.5936
CLUBS EIGHT SPADES SIX,0.3404,0.0674,0.5922
CLUBS EIGHT SPADES FIVE,0.2496,0.154,0.5964
CLUBS EIGHT SPADES THREE,0.4226,0.0668,0.5106
CLUBS EIGHT SPADES TWO,0.4274,0.0696,0.503
HEARTS SIX DIAMONDS TEN,0.3684,0.0284,0.6032
DIAMONDS TEN HEARTS SEVEN,0.3784,0.033,0.5886
DIAMONDS TEN HEARTS EIGHT,0.3684,0.0264,0.6052
CLUBS FOUR CLUBS JACK,0.2772,0.0596,0.6632
DIAMONDS TEN HEARTS NINE,0.351,0.0242,0.6248
CLUBS TEN CLUBS FOUR,0.2764,0.0786,0.645
CLUBS FOUR CLUBS KING,0.2736,0.0324,0.694
CLUBS FOUR CLUBS QUEEN,0.276,0.0426,0.6814
CLUBS TWO DIAMONDS TEN,0.4242,0.0284,0.5474
CLUBS THREE DIAMONDS TEN,0.4146,0.028,0.5574
CLUBS FOUR CLUBS ACE,0.2644,0.0208,0.7148
DIAMONDS JACK DIAMONDS TEN,0.3434,0.0116,0.645
DIAMONDS QUEEN DIAMONDS TEN,0.3436,0.0092,0.6472
HEARTS TWO DIAMONDS TEN,0.4204,0.0278,0.5518
DIAMONDS KING DIAMONDS TEN,0.3542,0.0062,0.6396
HEARTS THREE DIAMONDS TEN,0.437,0.0304,0.5326
DIAMONDS ACE DIAMONDS TEN,0.3396,0.0048,0.6556
HEARTS FOUR DIAMONDS TEN,0.2958,0.0768,0.6274
CLUBS EIGHT HEARTS JACK,0.366,0.0214,0.6126
HEARTS FIVE DIAMONDS TEN,0.2928,0.0878,0.6194
CLUBS EIGHT HEARTS TEN,0.369,0.0288,0.6022
CLUBS EIGHT HEARTS QUEEN,0.3726,0.0114,0.616
CLUBS EIGHT HEARTS KING,0.3672,0.0092,0.6236
CLUBS EIGHT HEARTS ACE,0.3662,0.0034,0.6304
CLUBS NINE SPADES THREE,0.4254,0.0438,0.5308
CLUBS NINE SPADES TWO,0.418,0.0492,0.5328
CLUBS NINE SPADES FIVE,0.2544,0.1148,0.6308
CLUBS NINE SPADES SEVEN,0.3484,0.0448,0.6068
CLUBS NINE SPADES SIX,0.353,0.0484,0.5986
CLUBS NINE SPADES NINE,0.1766,0.0862,0.7372
CLUBS TEN HEARTS EIGHT,0.3624,0.027,0.6106
CLUBS NINE SPADES EIGHT,0.353,0.0368,0.6102
CLUBS JACK HEARTS EIGHT,0.3514,0.0214,0.6272
CLUBS QUEEN HEARTS EIGHT,0.373,0.013,0.614
CLUBS KING HEARTS EIGHT,0.3766,0.0082,0.6152
CLUBS ACE HEARTS EIGHT,0.376,0.0046,0.6194
SPADES KING CLUBS KING,0.1906,0.0186,0.7908
SPADES QUEEN CLUBS KING,0.368,0.0082,0.6238
SPADES ACE CLUBS KING,0.3612,0.004,0.6348
DIAMONDS ACE HEARTS TEN,0.3566,0.005,0.6384
HEARTS FOUR HEARTS TEN,0.2784,0.0756,0.646
DIAMONDS ACE HEARTS JACK,0.3704,0.0038,0.6258
HEARTS FOUR HEARTS JACK,0.2778,0.0538,0.6684
DIAMONDS JACK HEARTS SEVEN,0.3664,0.0192,0.6144
HEARTS SIX DIAMONDS JACK,0.374,0.0184,0.6076
DIAMONDS JACK HEARTS NINE,0.346,0.017,0.637
DIAMONDS JACK HEARTS EIGHT,0.3774,0.0158,0.6068
DIAMONDS KING DIAMONDS JACK,0.3448,0.0064,0.6488
HEARTS THREE DIAMONDS JACK,0.4128,0.019,0.5682
SPADES ACE SPADES SIX,0.359,0.006,0.635
DIAMONDS QUEEN DIAMONDS JACK,0.3582,0.0158,0.626
HEARTS TWO DIAMONDS JACK,0.4338,0.0208,0.5454
HEARTS FIVE DIAMONDS JACK,0.2954,0.0658,0.6388
SPADES QUEEN SPADES SIX,0.3544,0.0148,0.6308
DIAMONDS ACE DIAMONDS JACK,0.3562,0.0036,0.6402
HEARTS FOUR DIAMONDS JACK,0.301,0.053,0.646
SPADES KING SPADES SIX,0.3612,0.0074,0.6314
SPADES TEN SPADES SIX,0.3534,0.0286,0.618
SPADES JACK SPADES SIX,0.3568,0.0206,0.6226
SPADES FIVE DIAMONDS JACK,0.2802,0.0712,0.6486
DIAMONDS JACK SPADES TWO,0.428,0.0222,0.5498
SPADES THREE DIAMONDS JACK,0.414,0.0222,0.5638
SPADES ACE DIAMONDS THREE,0.3984,0.0058,0.5958
SPADES QUEEN DIAMONDS THREE,0.4242,0.0126,0.5632
CLUBS EIGHT DIAMONDS JACK,0.3748,0.017,0.6082
SPADES KING DIAMONDS THREE,0.4224,0.0082,0.5694
CLUBS NINE DIAMONDS JACK,0.3618,0.0166,0.6216
CLUBS SIX DIAMONDS JACK,0.382,0.0176,0.6004
CLUBS SEVEN DIAMONDS JACK,0.3572,0.0192,0.6236
CLUBS FOUR DIAMONDS JACK,0.2922,0.0656,0.6422
CLUBS TWO DIAMONDS JACK,0.43,0.0194,0.5506
CLUBS THREE DIAMONDS JACK,0.4132,0.0234,0.5634
HEARTS SIX SPADES JACK,0.373,0.0194,0.6076
HEARTS SIX SPADES TEN,0.3608,0.0276,0.6116
SPADES JACK DIAMONDS THREE,0.4244,0.0188,0.5568
CLUBS SEVEN CLUBS ACE,0.3518,0.0046,0.6436
DIAMONDS THREE SPADES TEN,0.4274,0.0278,0.5448
CLUBS SEVEN CLUBS QUEEN,0.3648,0.0124,0.6228
CLUBS SEVEN CLUBS KING,0.3586,0.0096,0.6318
SPADES NINE DIAMONDS JACK,0.3602,0.0138,0.626
CLUBS TEN CLUBS SEVEN,0.3546,0.028,0.6174
DIAMONDS ACE HEARTS ACE,0.1834,0.0032,0.8134
HEARTS FOUR HEARTS ACE,0.249,0.0196,0.7314
SPADES EIGHT DIAMONDS JACK,0.357,0.0174,0.6256
SPADES ACE HEARTS SIX,0.37,0.004,0.626
CLUBS SEVEN CLUBS JACK,0.3634,0.0196,0.617
DIAMONDS ACE HEARTS KING,0.376,0.0052,0.6188
HEARTS FOUR HEARTS KING,0.2814,0.0322,0.6864
SPADES SEVEN DIAMONDS JACK,0.38,0.0222,0.5978
SPADES KING HEARTS SIX,0.3778,0.0092,0.613
DIAMONDS ACE HEARTS QUEEN,0.3736,0.004,0.6224
HEARTS FOUR HEARTS QUEEN,0.289,0.0474,0.6636
SPADES QUEEN HEARTS SIX,0.3742,0.012,0.6138
SPADES SIX DIAMONDS JACK,0.3794,0.0198,0.6008
SPADES TWO DIAMONDS TEN,0.426,0.03,0.544
SPADES THREE DIAMONDS TEN,0.4342,0.0262,0.5396
SPADES FIVE DIAMONDS TEN,0.2906,0.0878,0.6216
SPADES SIX DIAMONDS TEN,0.361,0.0266,0.6124
SPADES SEVEN DIAMONDS TEN,0.3636,0.0284,0.608
SPADES EIGHT DIAMONDS TEN,0.365,0.026,0.609
SPADES NINE DIAMONDS TEN,0.3262,0.027,0.6468
CLUBS FOUR DIAMONDS TEN,0.2858,0.085,0.6292
CLUBS SIX DIAMONDS TEN,0.3672,0.029,0.6038
CLUBS SEVEN DIAMONDS TEN,0.362,0.0332,0.6048
CLUBS EIGHT DIAMONDS TEN,0.3744,0.028,0.5976
CLUBS NINE DIAMONDS TEN,0.3374,0.024,0.6386
DIAMONDS THREE CLUBS JACK,0.425,0.0212,0.5538
CLUBS TEN DIAMONDS THREE,0.4238,0.0306,0.5456
DIAMONDS THREE CLUBS KING,0.4206,0.009,0.5704
DIAMONDS THREE CLUBS QUEEN,0.4036,0.0138,0.5826
DIAMONDS THREE CLUBS ACE,0.4072,0.0064,0.5864
SPADES FIVE SPADES TWO,0.2708,0.485,0.2442
SPADES THREE SPADES TWO,0.4422,0.2244,0.3334
SPADES NINE SPADES TWO,0.4148,0.0408,0.5444
SPADES EIGHT SPADES TWO,0.4058,0.0632,0.531
SPADES SEVEN SPADES TWO,0.4126,0.0988,0.4886
SPADES SIX SPADES TWO,0.3988,0.1486,0.4526
DIAMONDS QUEEN CLUBS THREE,0.4196,0.0162,0.5642
HEARTS TWO CLUBS THREE,0.4514,0.2412,0.3074
DIAMONDS QUEEN CLUBS TWO,0.4412,0.0126,0.5462
CLUBS TWO HEARTS TWO,0.356,0.1398,0.5042
DIAMONDS QUEEN HEARTS SEVEN,0.3674,0.011,0.6216
HEARTS TWO HEARTS SEVEN,0.3918,0.0992,0.509
HEARTS SIX DIAMONDS QUEEN,0.3816,0.0142,0.6042
HEARTS SIX HEARTS TWO,0.3984,0.16,0.4416
DIAMONDS QUEEN HEARTS NINE,0.3704,0.0084,0.6212
HEARTS TWO HEARTS NINE,0.3954,0.0446,0.56
DIAMONDS QUEEN HEARTS EIGHT,0.3894,0.0112,0.5994
HEARTS TWO HEARTS EIGHT,0.3878,0.0654,0.5468
CLUBS NINE HEARTS TWO,0.4162,0.0444,0.5394
CLUBS NINE DIAMONDS QUEEN,0.3654,0.0098,0.6248
CLUBS EIGHT HEARTS TWO,0.4098,0.0702,0.52
CLUBS EIGHT DIAMONDS QUEEN,0.3766,0.0136,0.6098
SPADES EIGHT HEARTS ACE,0.3684,0.0042,0.6274
CLUBS FOUR DIAMONDS QUEEN,0.2998,0.0464,0.6538
CLUBS FOUR HEARTS TWO,0.4136,0.3744,0.212
CLUBS SEVEN DIAMONDS QUEEN,0.3926,0.0142,0.5932
CLUBS SEVEN HEARTS TWO,0.42,0.1082,0.4718
SPADES EIGHT HEARTS QUEEN,0.3736,0.0136,0.6128
CLUBS SIX DIAMONDS QUEEN,0.3678,0.0138,0.6184
CLUBS SIX HEARTS TWO,0.4154,0.16,0.4246
SPADES EIGHT HEARTS KING,0.3704,0.0088,0.6208
HEARTS TWO SPADES SIX,0.4212,0.1594,0.4194
DIAMONDS QUEEN SPADES SIX,0.3786,0.0124,0.609
HEARTS FOUR CLUBS QUEEN,0.277,0.0414,0.6816
DIAMONDS ACE CLUBS QUEEN,0.3662,0.0032,0.6306
DIAMONDS QUEEN SPADES SEVEN,0.3784,0.011,0.6106
HEARTS TWO SPADES SEVEN,0.4202,0.103,0.4768
HEARTS FOUR CLUBS KING,0.295,0.0312,0.6738
DIAMONDS ACE CLUBS KING,0.3764,0.0056,0.618
DIAMONDS QUEEN SPADES EIGHT,0.3628,0.0102,0.627
SPADES EIGHT HEARTS TWO,0.42,0.069,0.511
HEARTS FOUR CLUBS ACE,0.2838,0.0202,0.696
DIAMONDS ACE CLUBS ACE,0.1796,0.0054,0.815
SPADES NINE DIAMONDS QUEEN,0.3766,0.013,0.6104
SPADES NINE HEARTS TWO,0.422,0.0496,0.5284
HEARTS TWO SPADES TWO,0.351,0.149,0.5
DIAMONDS QUEEN SPADES TWO,0.4454,0.0148,0.5398
HEARTS TWO SPADES THREE,0.461,0.2422,0.2968
DIAMONDS QUEEN SPADES THREE,0.4218,0.0142,0.564
HEARTS FOUR CLUBS TEN,0.2834,0.082,0.6346
CLUBS TEN DIAMONDS ACE,0.3776,0.0052,0.6172
HEARTS TWO SPADES FIVE,0.2856,0.5054,0.209
DIAMONDS QUEEN SPADES FIVE,0.2874,0.0442,0.6684
HEARTS FOUR CLUBS JACK,0.2846,0.0566,0.6588
DIAMONDS ACE CLUBS JACK,0.3768,0.0064,0.6168
SPADES KING CLUBS JACK,0.3536,0.0078,0.6386
SPADES QUEEN CLUBS JACK,0.3658,0.0098,0.6244
SPADES ACE CLUBS JACK,0.3592,0.0054,0.6354
SPADES SIX CLUBS KING,0.3642,0.01,0.6258
SPADES SIX CLUBS QUEEN,0.3786,0.014,0.6074
SPADES EIGHT HEARTS JACK,0.3722,0.0182,0.6096
SPADES SIX CLUBS ACE,0.364,0.0062,0.6298
SPADES EIGHT HEARTS TEN,0.37,0.0308,0.5992
SPADES SIX CLUBS JACK,0.367,0.0216,0.6114
CLUBS TEN SPADES SIX,0.3722,0.0286,0.5992
SPADES TEN CLUBS JACK,0.358,0.0128,0.6292
SPADES JACK CLUBS JACK,0.1768,0.055,0.7682
SPADES QUEEN CLUBS SEVEN,0.3624,0.0104,0.6272
SPADES KING CLUBS SEVEN,0.3714,0.0076,0.621
SPADES ACE CLUBS SEVEN,0.3502,0.0054,0.6444
SPADES SIX HEARTS TEN,0.356,0.03,0.614
SPADES SIX HEARTS JACK,0.3734,0.0236,0.603
SPADES SIX HEARTS ACE,0.3692,0.0054,0.6254
SPADES SIX HEARTS KING,0.385,0.0086,0.6064
SPADES SIX HEARTS QUEEN,0.3788,0.011,0.6102
CLUBS SEVEN SPADES JACK,0.3656,0.0194,0.615
CLUBS SEVEN SPADES TEN,0.3662,0.0308,0.603
CLUBS TEN HEARTS SIX,0.375,0.0248,0.6002
HEARTS SIX CLUBS JACK,0.3878,0.0204,0.5918
CLUBS ACE CLUBS JACK,0.3586,0.0076,0.6338
HEARTS SIX CLUBS QUEEN,0.3734,0.0152,0.6114
HEARTS SIX CLUBS KING,0.3714,0.0096,0.619
HEARTS SIX CLUBS ACE,0.3654,0.0052,0.6294
CLUBS QUEEN CLUBS JACK,0.3456,0.0108,0.6436
CLUBS KING CLUBS JACK,0.347,0.0086,0.6444
DIAMONDS THREE HEARTS ACE,0.4044,0.0022,0.5934
DIAMONDS THREE HEARTS QUEEN,0.42,0.0122,0.5678
DIAMONDS THREE HEARTS KING,0.4254,0.0122,0.5624
SPADES TEN DIAMONDS ACE,0.3586,0.0034,0.638
HEARTS FOUR SPADES TEN,0.2916,0.0828,0.6256
HEARTS FOUR SPADES JACK,0.2854,0.0578,0.6568
SPADES JACK DIAMONDS ACE,0.3696,0.0042,0.6262
SPADES ACE HEARTS FOUR,0.2658,0.0186,0.7156
SPADES ACE DIAMONDS ACE,0.171,0.0036,0.8254
HEARTS FOUR SPADES QUEEN,0.2816,0.0464,0.672
SPADES QUEEN DIAMONDS ACE,0.3488,0.003,0.6482
SPADES KING DIAMONDS ACE,0.3746,0.0028,0.6226
HEARTS FOUR SPADES KING,0.2834,0.0384,0.6782
DIAMONDS QUEEN DIAMONDS ACE,0.3488,0.0038,0.6474
HEARTS TWO DIAMONDS ACE,0.4218,0.0054,0.5728
HEARTS FOUR DIAMONDS QUEEN,0.2948,0.0398,0.6654
HEARTS FOUR HEARTS TWO,0.395,0.3504,0.2546
DIAMONDS THREE HEARTS TEN,0.4222,0.031,0.5468
HEARTS FIVE DIAMONDS QUEEN,0.2916,0.0478,0.6606
HEARTS FIVE HEARTS TWO,0.2712,0.4734,0.2554
DIAMONDS THREE HEARTS JACK,0.4132,0.0194,0.5674
DIAMONDS QUEEN HEARTS TWO,0.4432,0.0142,0.5426
DIAMONDS KING DIAMONDS QUEEN,0.3484,0.007,0.6446
DIAMONDS KING HEARTS TWO,0.4244,0.0106,0.565
HEARTS THREE DIAMONDS QUEEN,0.4238,0.0126,0.5636
HEARTS THREE HEARTS TWO,0.4326,0.2234,0.344
HEARTS TWO CLUBS ACE,0.4206,0.0066,0.5728
DIAMONDS QUEEN CLUBS ACE,0.3754,0.0058,0.6188
HEARTS TWO CLUBS QUEEN,0.4178,0.0124,0.5698
DIAMONDS QUEEN CLUBS QUEEN,0.1846,0.0372,0.7782
HEARTS TWO CLUBS KING,0.4352,0.0116,0.5532
DIAMONDS QUEEN CLUBS KING,0.3748,0.0052,0.62
SPADES EIGHT SPADES FIVE,0.2602,0.148,0.5918
CLUBS TEN HEARTS TWO,0.403,0.0318,0.5652
CLUBS TEN DIAMONDS QUEEN,0.3616,0.01,0.6284
SPADES NINE SPADES FIVE,0.2444,0.1122,0.6434
HEARTS TWO CLUBS JACK,0.4254,0.0224,0.5522
DIAMONDS QUEEN CLUBS JACK,0.3634,0.01,0.6266
SPADES SIX SPADES FIVE,0.2396,0.2608,0.4996
SPADES SEVEN SPADES FIVE,0.2396,0.2042,0.5562
DIAMONDS FIVE CLUBS QUEEN,0.2796,0.0522,0.6682
SPADES EIGHT CLUBS ACE,0.3674,0.005,0.6276
DIAMONDS FIVE CLUBS KING,0.278,0.0406,0.6814
SPADES EIGHT CLUBS KING,0.37,0.0096,0.6204
CLUBS ACE DIAMONDS FIVE,0.2628,0.0264,0.7108
SPADES EIGHT CLUBS QUEEN,0.3768,0.0122,0.611
SPADES EIGHT CLUBS JACK,0.365,0.0214,0.6136
CLUBS TEN SPADES EIGHT,0.365,0.0264,0.6086
CLUBS TEN DIAMONDS FIVE,0.2902,0.0906,0.6192
DIAMONDS FIVE CLUBS JACK,0.285,0.0692,0.6458
HEARTS JACK DIAMONDS TEN,0.363,0.0136,0.6234
DIAMONDS TEN HEARTS TEN,0.197,0.0632,0.7398
SPADES ACE CLUBS NINE,0.362,0.006,0.632
CLUBS NINE SPADES QUEEN,0.3634,0.0114,0.6252
CLUBS NINE SPADES KING,0.3632,0.0112,0.6256
HEARTS SIX HEARTS KING,0.3574,0.011,0.6316
DIAMONDS KING SPADES SEVEN,0.365,0.0072,0.6278
HEARTS THREE SPADES SEVEN,0.4096,0.1014,0.489
SPADES KING DIAMONDS SEVEN,0.3674,0.0076,0.625
HEARTS SIX HEARTS QUEEN,0.353,0.0138,0.6332
SPADES QUEEN DIAMONDS SEVEN,0.3734,0.0114,0.6152
HEARTS THREE SPADES SIX,0.402,0.161,0.437
DIAMONDS KING SPADES SIX,0.3726,0.0088,0.6186
DIAMONDS KING SPADES NINE,0.3666,0.0052,0.6282
HEARTS THREE SPADES NINE,0.414,0.0456,0.5404
HEARTS SIX HEARTS ACE,0.3584,0.0032,0.6384
DIAMONDS KING SPADES EIGHT,0.3742,0.007,0.6188
HEARTS THREE SPADES EIGHT,0.4244,0.0746,0.501
SPADES ACE DIAMONDS SEVEN,0.3578,0.0056,0.6366
CLUBS NINE HEARTS THREE,0.4102,0.0476,0.5422
CLUBS NINE DIAMONDS KING,0.3794,0.0074,0.6132
