opposingHand,winningChance,drawChance,lostChance
CLUBS TEN CLUBS FIVE
HEARTS FIVE SPADES TEN,0.0676,0.9092,0.0232
SPADES JACK HEARTS FIVE,0.285,0.0626,0.6524
CLUBS JACK SPADES FIVE,0.2526,0.0638,0.6836
CLUBS JACK CLUBS EIGHT,0.3278,0.0186,0.6536
CLUBS EIGHT CLUBS KING,0.3514,0.0072,0.6414
SPADES FIVE CLUBS ACE,0.2604,0.0296,0.71
CLUBS EIGHT CLUBS QUEEN,0.3486,0.0114,0.64
SPADES FIVE CLUBS KING,0.2614,0.0374,0.7012
SPADES FIVE CLUBS QUEEN,0.268,0.0466,0.6854
CLUBS EIGHT CLUBS ACE,0.3434,0.0054,0.6512
DIAMONDS TWO DIAMONDS THREE,0.6082,0.028,0.3638
DIAMONDS TWO DIAMONDS FIVE,0.6468,0.0782,0.275
SPADES KING HEARTS FIVE,0.2864,0.034,0.6796
DIAMONDS TWO DIAMONDS FOUR,0.6186,0.0238,0.3576
SPADES QUEEN HEARTS FIVE,0.2884,0.0444,0.6672
DIAMONDS TWO DIAMONDS SEVEN,0.6036,0.0272,0.3692
DIAMONDS TWO DIAMONDS SIX,0.5944,0.0244,0.3812
SPADES ACE HEARTS FIVE,0.2892,0.0234,0.6874
DIAMONDS TWO DIAMONDS NINE,0.6066,0.025,0.3684
DIAMONDS TWO DIAMONDS EIGHT,0.6146,0.0222,0.3632
DIAMONDS THREE DIAMONDS FOUR,0.594,0.0338,0.3722
CLUBS TWO SPADES FOUR,0.6516,0.0282,0.3202
DIAMONDS THREE DIAMONDS FIVE,0.6126,0.079,0.3084
CLUBS TWO SPADES FIVE,0.6832,0.0796,0.2372
CLUBS TWO SPADES TWO,0.4182,0.0694,0.5124
CLUBS TWO SPADES THREE,0.6472,0.0276,0.3252
DIAMONDS THREE DIAMONDS EIGHT,0.6162,0.023,0.3608
SPADES EIGHT CLUBS TWO,0.6384,0.0258,0.3358
DIAMONDS THREE DIAMONDS NINE,0.609,0.0228,0.3682
SPADES NINE CLUBS TWO,0.6322,0.0252,0.3426
DIAMONDS THREE DIAMONDS SIX,0.588,0.028,0.384
CLUBS TWO SPADES SIX,0.6386,0.0294,0.332
DIAMONDS THREE DIAMONDS SEVEN,0.6026,0.0256,0.3718
CLUBS TWO SPADES SEVEN,0.6434,0.0274,0.3292
CLUBS SIX CLUBS TWO,0.6264,0.0314,0.3422
CLUBS SEVEN CLUBS TWO,0.6346,0.0328,0.3326
CLUBS FOUR CLUBS TWO,0.6414,0.0322,0.3264
DIAMONDS FOUR DIAMONDS SIX,0.5802,0.0262,0.3936
DIAMONDS FOUR DIAMONDS SEVEN,0.5742,0.0276,0.3982
CLUBS EIGHT CLUBS TWO,0.6342,0.0264,0.3394
DIAMONDS FIVE DIAMONDS FOUR,0.621,0.0768,0.3022
CLUBS NINE CLUBS TWO,0.6298,0.0256,0.3446
DIAMONDS NINE DIAMONDS FOUR,0.6054,0.0268,0.3678
DIAMONDS EIGHT DIAMONDS FOUR,0.5946,0.027,0.3784
CLUBS TWO CLUBS THREE,0.633,0.0354,0.3316
DIAMONDS NINE DIAMONDS FIVE,0.6514,0.0696,0.279
CLUBS JACK DIAMONDS TWO,0.4186,0.0208,0.5606
DIAMONDS EIGHT DIAMONDS FIVE,0.6294,0.0672,0.3034
DIAMONDS FIVE DIAMONDS SEVEN,0.6286,0.0728,0.2986
DIAMONDS FIVE DIAMONDS SIX,0.61,0.0764,0.3136
DIAMONDS TWO CLUBS ACE,0.413,0.005,0.582
DIAMONDS TWO CLUBS KING,0.4132,0.008,0.5788
DIAMONDS TWO CLUBS QUEEN,0.4122,0.015,0.5728
DIAMONDS EIGHT DIAMONDS SIX,0.548,0.0214,0.4306
DIAMONDS NINE DIAMONDS SIX,0.5568,0.0252,0.418
HEARTS ACE SPADES THREE,0.4202,0.0054,0.5744
HEARTS KING SPADES THREE,0.4222,0.0092,0.5686
DIAMONDS SEVEN DIAMONDS SIX,0.5364,0.0246,0.439
SPADES THREE HEARTS QUEEN,0.4292,0.011,0.5598
HEARTS JACK SPADES THREE,0.4316,0.0198,0.5486
SPADES THREE HEARTS TEN,0.3506,0.4298,0.2196
DIAMONDS EIGHT DIAMONDS SEVEN,0.5314,0.0272,0.4414
DIAMONDS NINE DIAMONDS SEVEN,0.5406,0.0238,0.4356
DIAMONDS NINE DIAMONDS EIGHT,0.5272,0.0252,0.4476
DIAMONDS KING HEARTS TEN,0.2806,0.0322,0.6872
HEARTS THREE HEARTS TEN,0.34,0.407,0.253
SPADES JACK CLUBS SIX,0.394,0.0166,0.5894
DIAMONDS KING HEARTS JACK,0.3582,0.0088,0.633
HEARTS THREE HEARTS JACK,0.4026,0.0132,0.5842
SPADES TEN CLUBS SIX,0.27,0.3496,0.3804
SPADES JACK SPADES FIVE,0.2612,0.063,0.6758
SPADES TEN SPADES FIVE,0.0756,0.8562,0.0682
DIAMONDS KING HEARTS ACE,0.3724,0.0038,0.6238
HEARTS THREE HEARTS ACE,0.4084,0.007,0.5846
SPADES ACE CLUBS SIX,0.395,0.0052,0.5998
DIAMONDS KING HEARTS QUEEN,0.3588,0.0056,0.6356
HEARTS THREE HEARTS QUEEN,0.4062,0.0112,0.5826
SPADES KING CLUBS SIX,0.4004,0.0062,0.5934
DIAMONDS KING HEARTS KING,0.1786,0.009,0.8124
HEARTS THREE HEARTS KING,0.4056,0.0094,0.585
SPADES QUEEN CLUBS SIX,0.4032,0.0124,0.5844
SPADES NINE HEARTS TEN,0.2714,0.1638,0.5648
SPADES NINE HEARTS JACK,0.38,0.018,0.602
SPADES QUEEN SPADES FIVE,0.2692,0.0478,0.683
SPADES KING SPADES FIVE,0.2714,0.0358,0.6928
SPADES ACE SPADES FIVE,0.2716,0.017,0.7114
SPADES NINE HEARTS QUEEN,0.3932,0.0098,0.597
SPADES NINE HEARTS KING,0.391,0.007,0.602
SPADES NINE HEARTS ACE,0.411,0.0034,0.5856
SPADES FIVE HEARTS QUEEN,0.2864,0.0508,0.6628
HEARTS KING SPADES FIVE,0.286,0.0336,0.6804
SPADES FIVE HEARTS ACE,0.2916,0.024,0.6844
CLUBS EIGHT SPADES TEN,0.2562,0.2182,0.5256
HEARTS THREE SPADES JACK,0.4326,0.0162,0.5512
SPADES JACK DIAMONDS KING,0.3558,0.0072,0.637
SPADES TEN DIAMONDS KING,0.2836,0.0314,0.685
HEARTS THREE SPADES TEN,0.3628,0.432,0.2052
SPADES JACK CLUBS EIGHT,0.3782,0.017,0.6048
CLUBS SIX HEARTS ACE,0.3792,0.0048,0.616
SPADES ACE CLUBS EIGHT,0.4122,0.0046,0.5832
CLUBS JACK HEARTS FIVE,0.2708,0.0624,0.6668
CLUBS SIX HEARTS QUEEN,0.3868,0.0126,0.6006
SPADES QUEEN CLUBS EIGHT,0.3846,0.0084,0.607
CLUBS SIX HEARTS KING,0.3838,0.008,0.6082
SPADES KING CLUBS EIGHT,0.3988,0.0062,0.595
CLUBS JACK SPADES THREE,0.41,0.0226,0.5674
DIAMONDS TWO HEARTS JACK,0.437,0.022,0.541
SPADES THREE CLUBS QUEEN,0.4254,0.0128,0.5618
DIAMONDS TWO HEARTS TEN,0.3524,0.4316,0.216
SPADES THREE CLUBS KING,0.4102,0.0078,0.582
HEARTS FIVE CLUBS ACE,0.2688,0.0242,0.707
SPADES FIVE HEARTS TEN,0.0752,0.9048,0.02
SPADES THREE CLUBS ACE,0.411,0.005,0.584
HEARTS FIVE CLUBS KING,0.2674,0.0378,0.6948
SPADES FIVE HEARTS JACK,0.2782,0.0608,0.661
HEARTS FIVE CLUBS QUEEN,0.2672,0.0546,0.6782
HEARTS THREE CLUBS KING,0.4304,0.0098,0.5598
DIAMONDS KING CLUBS KING,0.1708,0.0108,0.8184
HEARTS THREE CLUBS QUEEN,0.4114,0.0112,0.5774
DIAMONDS KING CLUBS QUEEN,0.3412,0.0084,0.6504
HEARTS FIVE HEARTS JACK,0.2654,0.0544,0.6802
HEARTS FIVE HEARTS TEN,0.0676,0.846,0.0864
HEARTS THREE CLUBS ACE,0.399,0.0054,0.5956
DIAMONDS KING CLUBS ACE,0.3618,0.0048,0.6334
SPADES ACE CLUBS QUEEN,0.349,0.004,0.647
SPADES KING CLUBS QUEEN,0.3492,0.0078,0.643
CLUBS JACK HEARTS THREE,0.4196,0.0186,0.5618
CLUBS JACK DIAMONDS KING,0.3512,0.0064,0.6424
SPADES QUEEN CLUBS QUEEN,0.171,0.0164,0.8126
SPADES JACK CLUBS QUEEN,0.3274,0.0136,0.659
CLUBS SIX CLUBS QUEEN,0.3398,0.0106,0.6496
SPADES TEN CLUBS QUEEN,0.2484,0.0486,0.703
CLUBS SIX CLUBS KING,0.3428,0.0088,0.6484
CLUBS SIX CLUBS ACE,0.343,0.0062,0.6508
HEARTS FIVE HEARTS KING,0.2802,0.0294,0.6904
HEARTS FIVE HEARTS QUEEN,0.2658,0.0478,0.6864
HEARTS FIVE HEARTS ACE,0.2628,0.0232,0.714
CLUBS JACK CLUBS SIX,0.3402,0.02,0.6398
SPADES SEVEN HEARTS JACK,0.3986,0.0168,0.5846
SPADES SEVEN HEARTS TEN,0.2658,0.2814,0.4528
DIAMONDS TWO CLUBS TWO,0.4314,0.0632,0.5054
DIAMONDS TWO CLUBS THREE,0.645,0.0324,0.3226
HEARTS SIX DIAMONDS TWO,0.6222,0.0306,0.3472
DIAMONDS TWO HEARTS QUEEN,0.4432,0.0104,0.5464
DIAMONDS TWO HEARTS SEVEN,0.6228,0.0284,0.3488
DIAMONDS TWO HEARTS KING,0.4306,0.0078,0.5616
DIAMONDS TWO HEARTS EIGHT,0.6332,0.0268,0.34
DIAMONDS TWO HEARTS ACE,0.4216,0.0044,0.574
DIAMONDS TWO HEARTS NINE,0.6358,0.0246,0.3396
DIAMONDS TWO DIAMONDS QUEEN,0.4024,0.0104,0.5872
DIAMONDS TWO HEARTS TWO,0.436,0.0626,0.5014
DIAMONDS TWO DIAMONDS KING,0.417,0.007,0.576
HEARTS THREE DIAMONDS TWO,0.6418,0.0326,0.3256
DIAMONDS TWO DIAMONDS ACE,0.3988,0.0058,0.5954
HEARTS FOUR DIAMONDS TWO,0.6292,0.0326,0.3382
DIAMONDS TWO HEARTS FIVE,0.6814,0.0794,0.2392
SPADES SEVEN HEARTS ACE,0.399,0.0042,0.5968
DIAMONDS TWO DIAMONDS TEN,0.334,0.4168,0.2492
SPADES SEVEN HEARTS KING,0.4024,0.0078,0.5898
DIAMONDS TWO DIAMONDS JACK,0.41,0.015,0.575
SPADES SEVEN HEARTS QUEEN,0.3992,0.0112,0.5896
DIAMONDS TWO SPADES NINE,0.639,0.027,0.334
DIAMONDS TWO SPADES EIGHT,0.633,0.0286,0.3384
DIAMONDS TWO SPADES SEVEN,0.6466,0.0258,0.3276
DIAMONDS TWO SPADES SIX,0.627,0.029,0.344
DIAMONDS TWO SPADES FIVE,0.678,0.0846,0.2374
DIAMONDS TWO SPADES FOUR,0.646,0.0276,0.3264
DIAMONDS TWO SPADES THREE,0.6458,0.0286,0.3256
DIAMONDS TWO SPADES TWO,0.4396,0.0646,0.4958
CLUBS NINE DIAMONDS TWO,0.6412,0.0278,0.331
DIAMONDS TWO CLUBS EIGHT,0.6406,0.031,0.3284
CLUBS SEVEN DIAMONDS TWO,0.6354,0.031,0.3336
DIAMONDS TWO CLUBS SIX,0.6286,0.0272,0.3442
DIAMONDS TWO CLUBS FOUR,0.6462,0.0256,0.3282
CLUBS FOUR SPADES FIVE,0.6492,0.0764,0.2744
CLUBS FOUR SPADES FOUR,0.4152,0.0546,0.5302
CLUBS FOUR SPADES THREE,0.6322,0.0328,0.335
CLUBS FOUR SPADES TWO,0.6404,0.0336,0.326
CLUBS FOUR SPADES NINE,0.6396,0.0274,0.333
CLUBS FOUR SPADES EIGHT,0.6262,0.0292,0.3446
CLUBS FOUR SPADES SEVEN,0.6204,0.0266,0.353
CLUBS FOUR SPADES SIX,0.6018,0.0278,0.3704
SPADES ACE DIAMONDS SIX,0.407,0.0042,0.5888
SPADES QUEEN DIAMONDS SIX,0.3954,0.0088,0.5958
SPADES KING DIAMONDS SIX,0.4092,0.0066,0.5842
SPADES TEN DIAMONDS SIX,0.278,0.3476,0.3744
SPADES JACK DIAMONDS SIX,0.41,0.0194,0.5706
SPADES QUEEN SPADES TWO,0.4156,0.0112,0.5732
SPADES KING SPADES TWO,0.4082,0.007,0.5848
SPADES ACE SPADES TWO,0.4058,0.0054,0.5888
CLUBS JACK DIAMONDS JACK,0.18,0.0258,0.7942
DIAMONDS JACK CLUBS KING,0.3364,0.0062,0.6574
DIAMONDS JACK CLUBS QUEEN,0.332,0.011,0.657
DIAMONDS THREE DIAMONDS JACK,0.4206,0.0138,0.5656
DIAMONDS THREE DIAMONDS TEN,0.3426,0.3916,0.2658
DIAMONDS JACK CLUBS ACE,0.3678,0.005,0.6272
DIAMONDS THREE DIAMONDS KING,0.409,0.0068,0.5842
HEARTS THREE DIAMONDS THREE,0.4138,0.0656,0.5206
DIAMONDS THREE DIAMONDS QUEEN,0.423,0.009,0.568
DIAMONDS THREE HEARTS TWO,0.6522,0.0296,0.3182
HEARTS FIVE DIAMONDS THREE,0.6668,0.0792,0.254
DIAMONDS THREE DIAMONDS ACE,0.4056,0.0044,0.59
HEARTS FOUR DIAMONDS THREE,0.6378,0.0308,0.3314
DIAMONDS THREE HEARTS SEVEN,0.6398,0.0254,0.3348
SPADES TEN SPADES NINE,0.2556,0.1456,0.5988
HEARTS SIX DIAMONDS THREE,0.606,0.0294,0.3646
SPADES JACK SPADES NINE,0.3562,0.0144,0.6294
DIAMONDS THREE HEARTS NINE,0.6554,0.0252,0.3194
HEARTS JACK DIAMONDS FOUR,0.412,0.0142,0.5738
HEARTS KING HEARTS ACE,0.348,0.0052,0.6468
SPADES TEN SPADES TWO,0.3302,0.4098,0.26
DIAMONDS THREE HEARTS EIGHT,0.6368,0.024,0.3392
HEARTS TEN DIAMONDS FOUR,0.3594,0.4332,0.2074
SPADES JACK SPADES TWO,0.4134,0.0182,0.5684
HEARTS QUEEN DIAMONDS FOUR,0.4346,0.0146,0.5508
HEARTS KING DIAMONDS FOUR,0.429,0.0078,0.5632
SPADES ACE SPADES NINE,0.3786,0.0052,0.6162
HEARTS ACE DIAMONDS FOUR,0.4138,0.0062,0.58
SPADES KING SPADES NINE,0.3776,0.0078,0.6146
SPADES QUEEN SPADES NINE,0.3532,0.0094,0.6374
DIAMONDS THREE SPADES NINE,0.6404,0.0284,0.3312
DIAMONDS THREE SPADES EIGHT,0.6384,0.0222,0.3394
DIAMONDS THREE SPADES SEVEN,0.6246,0.0298,0.3456
DIAMONDS THREE SPADES SIX,0.6302,0.0288,0.341
DIAMONDS THREE CLUBS SIX,0.6078,0.032,0.3602
CLUBS ACE DIAMONDS FOUR,0.3948,0.0046,0.6006
CLUBS SEVEN DIAMONDS THREE,0.6264,0.0316,0.342
DIAMONDS THREE CLUBS FOUR,0.6398,0.0272,0.333
DIAMONDS FOUR CLUBS QUEEN,0.4164,0.013,0.5706
DIAMONDS FOUR CLUBS KING,0.4198,0.0114,0.5688
DIAMONDS THREE CLUBS TWO,0.6432,0.031,0.3258
DIAMONDS THREE CLUBS THREE,0.4284,0.058,0.5136
CLUBS JACK DIAMONDS FOUR,0.4184,0.0166,0.565
DIAMONDS THREE SPADES FOUR,0.6318,0.0276,0.3406
DIAMONDS THREE SPADES FIVE,0.6658,0.078,0.2562
DIAMONDS THREE SPADES TWO,0.6584,0.0292,0.3124
DIAMONDS THREE SPADES THREE,0.4072,0.061,0.5318
CLUBS EIGHT DIAMONDS THREE,0.6372,0.0262,0.3366
CLUBS NINE DIAMONDS THREE,0.6174,0.0306,0.352
SPADES SEVEN CLUBS ACE,0.3748,0.0042,0.621
SPADES SEVEN CLUBS QUEEN,0.3754,0.0118,0.6128
SPADES SEVEN CLUBS KING,0.3898,0.0084,0.6018
CLUBS JACK SPADES SEVEN,0.3844,0.0154,0.6002
CLUBS ACE CLUBS QUEEN,0.3142,0.0052,0.6806
CLUBS KING CLUBS QUEEN,0.301,0.0082,0.6908
DIAMONDS TEN DIAMONDS FOUR,0.3438,0.4202,0.236
DIAMONDS JACK DIAMONDS FOUR,0.4018,0.0184,0.5798
CLUBS JACK DIAMONDS NINE,0.3582,0.015,0.6268
CLUBS JACK SPADES NINE,0.3634,0.0168,0.6198
DIAMONDS ACE DIAMONDS FOUR,0.3738,0.0072,0.619
HEARTS FOUR DIAMONDS FOUR,0.4176,0.0544,0.528
DIAMONDS JACK HEARTS TEN,0.2802,0.0536,0.6662
SPADES NINE CLUBS KING,0.3762,0.007,0.6168
DIAMONDS TWO SPADES TEN,0.3394,0.444,0.2166
DIAMONDS NINE CLUBS ACE,0.3774,0.0048,0.6178
HEARTS FIVE DIAMONDS FOUR,0.6502,0.0816,0.2682
HEARTS JACK DIAMONDS JACK,0.1922,0.019,0.7888
SPADES NINE CLUBS QUEEN,0.3702,0.0104,0.6194
DIAMONDS TWO SPADES JACK,0.4244,0.0198,0.5558
DIAMONDS QUEEN DIAMONDS FOUR,0.4106,0.0114,0.578
HEARTS TWO DIAMONDS FOUR,0.6452,0.0294,0.3254
DIAMONDS NINE CLUBS QUEEN,0.371,0.012,0.617
DIAMONDS KING DIAMONDS FOUR,0.3934,0.008,0.5986
HEARTS THREE DIAMONDS FOUR,0.634,0.034,0.332
SPADES NINE CLUBS ACE,0.3916,0.0064,0.602
DIAMONDS NINE CLUBS KING,0.3802,0.0062,0.6136
HEARTS ACE DIAMONDS JACK,0.353,0.0034,0.6436
SPADES ACE DIAMONDS TWO,0.4212,0.005,0.5738
DIAMONDS JACK HEARTS QUEEN,0.3576,0.0082,0.6342
SPADES QUEEN DIAMONDS TWO,0.43,0.014,0.556
HEARTS KING DIAMONDS JACK,0.3526,0.0084,0.639
SPADES KING DIAMONDS TWO,0.447,0.0082,0.5448
SPADES JACK SPADES SEVEN,0.381,0.0164,0.6026
SPADES TEN SPADES SEVEN,0.2504,0.2628,0.4868
CLUBS SEVEN CLUBS THREE,0.6206,0.0294,0.35
CLUBS SIX CLUBS THREE,0.6112,0.0278,0.361
CLUBS FOUR CLUBS THREE,0.6294,0.0336,0.337
CLUBS NINE CLUBS THREE,0.623,0.03,0.347
CLUBS EIGHT CLUBS THREE,0.6418,0.027,0.3312
CLUBS THREE SPADES FIVE,0.6588,0.0836,0.2576
CLUBS THREE SPADES FOUR,0.6366,0.0274,0.336
CLUBS THREE SPADES THREE,0.4272,0.061,0.5118
CLUBS THREE SPADES TWO,0.643,0.0322,0.3248
CLUBS THREE SPADES SIX,0.6128,0.0268,0.3604
SPADES SEVEN CLUBS THREE,0.6204,0.0278,0.3518
SPADES EIGHT CLUBS THREE,0.64,0.0288,0.3312
SPADES NINE CLUBS THREE,0.6302,0.0264,0.3434
SPADES TWO DIAMONDS FOUR,0.6482,0.0302,0.3216
SPADES THREE DIAMONDS FOUR,0.6282,0.0328,0.339
SPADES FOUR DIAMONDS FOUR,0.4244,0.056,0.5196
SPADES FIVE DIAMONDS FOUR,0.6518,0.0758,0.2724
SPADES SIX DIAMONDS FOUR,0.5968,0.0304,0.3728
SPADES SEVEN DIAMONDS FOUR,0.629,0.0262,0.3448
SPADES EIGHT DIAMONDS FOUR,0.6324,0.0274,0.3402
SPADES NINE DIAMONDS FOUR,0.644,0.026,0.33
CLUBS FOUR DIAMONDS FOUR,0.4208,0.0658,0.5134
CLUBS SEVEN DIAMONDS FOUR,0.6136,0.024,0.3624
CLUBS SIX DIAMONDS FOUR,0.611,0.0266,0.3624
CLUBS NINE DIAMONDS FOUR,0.6378,0.0252,0.337
CLUBS EIGHT DIAMONDS FOUR,0.6284,0.0296,0.342
DIAMONDS FOUR HEARTS SEVEN,0.6198,0.0284,0.3518
HEARTS SIX DIAMONDS FOUR,0.6126,0.0246,0.3628
HEARTS NINE DIAMONDS FOUR,0.6468,0.0292,0.324
DIAMONDS FOUR HEARTS EIGHT,0.64,0.025,0.335
CLUBS THREE DIAMONDS FOUR,0.6326,0.0296,0.3378
CLUBS TWO DIAMONDS FOUR,0.6434,0.0312,0.3254
DIAMONDS TEN DIAMONDS FIVE,0.0686,0.862,0.0694
DIAMONDS JACK DIAMONDS FIVE,0.28,0.0528,0.6672
DIAMONDS NINE HEARTS QUEEN,0.374,0.0104,0.6156
HEARTS KING DIAMONDS NINE,0.3794,0.007,0.6136
DIAMONDS NINE HEARTS ACE,0.3984,0.0038,0.5978
DIAMONDS NINE HEARTS TEN,0.2818,0.1546,0.5636
DIAMONDS NINE HEARTS JACK,0.3698,0.0152,0.615
CLUBS KING DIAMONDS SIX,0.398,0.0066,0.5954
CLUBS QUEEN DIAMONDS SIX,0.3932,0.0102,0.5966
CLUBS ACE DIAMONDS SIX,0.3972,0.0056,0.5972
SPADES KING DIAMONDS FOUR,0.4244,0.0082,0.5674
SPADES ACE SPADES SEVEN,0.3716,0.0038,0.6246
SPADES QUEEN DIAMONDS FOUR,0.424,0.0114,0.5646
SPADES QUEEN SPADES SEVEN,0.3764,0.0134,0.6102
CLUBS JACK DIAMONDS SIX,0.389,0.0154,0.5956
SPADES KING SPADES SEVEN,0.3778,0.008,0.6142
SPADES ACE DIAMONDS FOUR,0.4186,0.0034,0.578
CLUBS NINE CLUBS FOUR,0.6456,0.0284,0.326
CLUBS EIGHT CLUBS FOUR,0.625,0.0254,0.3496
SPADES JACK DIAMONDS FOUR,0.4368,0.0172,0.546
SPADES TEN DIAMONDS FOUR,0.3604,0.4342,0.2054
CLUBS SEVEN CLUBS FOUR,0.6124,0.028,0.3596
CLUBS FOUR CLUBS SIX,0.5892,0.029,0.3818
CLUBS SEVEN SPADES EIGHT,0.5552,0.0268,0.418
CLUBS SEVEN SPADES NINE,0.5618,0.0324,0.4058
CLUBS SEVEN SPADES SIX,0.5612,0.0244,0.4144
CLUBS SEVEN SPADES SEVEN,0.3218,0.053,0.6252
CLUBS SEVEN SPADES FIVE,0.6564,0.0806,0.263
CLUBS SEVEN SPADES FOUR,0.625,0.0304,0.3446
CLUBS SEVEN SPADES THREE,0.6186,0.0256,0.3558
CLUBS SEVEN SPADES TWO,0.6328,0.028,0.3392
CLUBS NINE CLUBS SEVEN,0.5558,0.0276,0.4166
CLUBS SEVEN CLUBS EIGHT,0.545,0.0264,0.4286
HEARTS SIX DIAMONDS FIVE,0.6452,0.079,0.2758
DIAMONDS FIVE HEARTS SEVEN,0.6594,0.0756,0.265
DIAMONDS FIVE HEARTS EIGHT,0.6716,0.0752,0.2532
HEARTS NINE DIAMONDS FIVE,0.683,0.0726,0.2444
DIAMONDS QUEEN DIAMONDS FIVE,0.259,0.0462,0.6948
HEARTS TWO DIAMONDS FIVE,0.6738,0.084,0.2422
HEARTS KING HEARTS EIGHT,0.3872,0.0068,0.606
DIAMONDS KING DIAMONDS FIVE,0.2732,0.034,0.6928
HEARTS THREE DIAMONDS FIVE,0.6792,0.0772,0.2436
HEARTS QUEEN HEARTS EIGHT,0.3708,0.0106,0.6186
DIAMONDS ACE DIAMONDS FIVE,0.2668,0.0188,0.7144
HEARTS FOUR DIAMONDS FIVE,0.6526,0.0812,0.2662
HEARTS FIVE DIAMONDS FIVE,0.3296,0.0534,0.617
HEARTS ACE HEARTS EIGHT,0.3814,0.0042,0.6144
CLUBS FOUR DIAMONDS FIVE,0.638,0.0808,0.2812
CLUBS SIX DIAMONDS FIVE,0.6506,0.0744,0.275
CLUBS SEVEN DIAMONDS FIVE,0.6504,0.0768,0.2728
CLUBS TWO DIAMONDS FIVE,0.663,0.0874,0.2496
CLUBS THREE DIAMONDS FIVE,0.6454,0.0824,0.2722
SPADES THREE DIAMONDS FIVE,0.6672,0.0748,0.258
SPADES TWO DIAMONDS FIVE,0.6776,0.0848,0.2376
SPADES JACK DIAMONDS EIGHT,0.3776,0.0156,0.6068
SPADES FIVE DIAMONDS FIVE,0.3354,0.0502,0.6144
SPADES TEN DIAMONDS EIGHT,0.2716,0.2208,0.5076
SPADES FOUR DIAMONDS FIVE,0.6382,0.0752,0.2866
CLUBS JACK HEARTS JACK,0.181,0.0242,0.7948
HEARTS JACK CLUBS QUEEN,0.3314,0.0106,0.658
CLUBS NINE DIAMONDS FIVE,0.6722,0.0794,0.2484
HEARTS JACK CLUBS KING,0.3466,0.006,0.6474
CLUBS EIGHT DIAMONDS FIVE,0.6766,0.078,0.2454
HEARTS JACK CLUBS ACE,0.3514,0.0038,0.6448
SPADES SEVEN DIAMONDS FIVE,0.6584,0.0776,0.264
SPADES KING DIAMONDS EIGHT,0.4062,0.007,0.5868
SPADES QUEEN DIAMONDS EIGHT,0.3958,0.0106,0.5936
SPADES SIX DIAMONDS FIVE,0.67,0.0682,0.2618
SPADES NINE DIAMONDS FIVE,0.6936,0.0774,0.229
SPADES EIGHT DIAMONDS FIVE,0.6722,0.0784,0.2494
SPADES ACE DIAMONDS EIGHT,0.392,0.0044,0.6036
DIAMONDS TEN DIAMONDS SIX,0.251,0.3396,0.4094
HEARTS ACE DIAMONDS SEVEN,0.397,0.0032,0.5998
DIAMONDS JACK DIAMONDS SIX,0.3786,0.02,0.6014
HEARTS QUEEN DIAMONDS SEVEN,0.4004,0.008,0.5916
HEARTS KING DIAMONDS SEVEN,0.3986,0.006,0.5954
DIAMONDS ACE DIAMONDS SIX,0.3716,0.006,0.6224
HEARTS FOUR DIAMONDS SIX,0.6096,0.024,0.3664
HEARTS JACK SPADES TWO,0.4196,0.018,0.5624
HEARTS FIVE DIAMONDS SIX,0.6596,0.0724,0.268
SPADES TWO HEARTS TEN,0.3682,0.4316,0.2002
DIAMONDS QUEEN DIAMONDS SIX,0.3658,0.0126,0.6216
HEARTS TWO DIAMONDS SIX,0.6306,0.0296,0.3398
DIAMONDS KING DIAMONDS SIX,0.3826,0.0098,0.6076
HEARTS THREE DIAMONDS SIX,0.621,0.0288,0.3502
HEARTS EIGHT DIAMONDS SIX,0.5876,0.022,0.3904
HEARTS NINE DIAMONDS SIX,0.5942,0.0236,0.3822
HEARTS SIX DIAMONDS SIX,0.3382,0.0562,0.6056
HEARTS SEVEN DIAMONDS SIX,0.5568,0.0268,0.4164
HEARTS TEN DIAMONDS SEVEN,0.2646,0.2782,0.4572
CLUBS TWO DIAMONDS SIX,0.6394,0.0264,0.3342
HEARTS JACK DIAMONDS SEVEN,0.3882,0.0174,0.5944
CLUBS THREE DIAMONDS SIX,0.6138,0.029,0.3572
CLUBS SEVEN DIAMONDS SIX,0.565,0.025,0.41
CLUBS JACK DIAMONDS EIGHT,0.3774,0.0196,0.603
CLUBS SIX DIAMONDS SIX,0.3174,0.051,0.6316
CLUBS FOUR DIAMONDS SIX,0.6108,0.03,0.3592
HEARTS ACE HEARTS JACK,0.3402,0.0034,0.6564
DIAMONDS EIGHT CLUBS ACE,0.3836,0.0056,0.6108
HEARTS JACK HEARTS QUEEN,0.3294,0.0106,0.66
DIAMONDS EIGHT CLUBS KING,0.396,0.0072,0.5968
CLUBS NINE DIAMONDS SIX,0.5906,0.0242,0.3852
HEARTS KING HEARTS JACK,0.342,0.0086,0.6494
DIAMONDS EIGHT CLUBS QUEEN,0.3648,0.0126,0.6226
CLUBS EIGHT DIAMONDS SIX,0.5836,0.0246,0.3918
SPADES TEN HEARTS KING,0.2824,0.0336,0.684
SPADES FIVE DIAMONDS SIX,0.665,0.0754,0.2596
HEARTS ACE SPADES TWO,0.4242,0.0064,0.5694
SPADES JACK HEARTS KING,0.3616,0.0064,0.632
SPADES FOUR DIAMONDS SIX,0.5986,0.0326,0.3688
SPADES THREE DIAMONDS SIX,0.628,0.03,0.342
HEARTS QUEEN SPADES TWO,0.4364,0.0094,0.5542
SPADES ACE SPADES KING,0.3424,0.0048,0.6528
HEARTS KING SPADES TWO,0.4368,0.0084,0.5548
SPADES TWO DIAMONDS SIX,0.6332,0.0292,0.3376
HEARTS TEN HEARTS EIGHT,0.2522,0.1916,0.5562
SPADES NINE DIAMONDS SIX,0.5958,0.023,0.3812
HEARTS JACK HEARTS EIGHT,0.364,0.0126,0.6234
SPADES EIGHT DIAMONDS SIX,0.574,0.0244,0.4016
SPADES SEVEN DIAMONDS SIX,0.5718,0.0286,0.3996
SPADES SIX DIAMONDS SIX,0.3346,0.052,0.6134
SPADES KING HEARTS KING,0.1848,0.0096,0.8056
SPADES QUEEN HEARTS KING,0.3632,0.0072,0.6296
CLUBS ACE CLUBS KING,0.3206,0.0048,0.6746
SPADES ACE HEARTS KING,0.3642,0.0058,0.63
SPADES ACE HEARTS JACK,0.3708,0.0038,0.6254
SPADES QUEEN HEARTS JACK,0.3492,0.01,0.6408
SPADES KING HEARTS JACK,0.356,0.0062,0.6378
SPADES TEN DIAMONDS TEN,0.1458,0.0498,0.8044
SPADES JACK DIAMONDS TEN,0.2646,0.049,0.6864
SPADES ACE DIAMONDS TEN,0.2774,0.0244,0.6982
SPADES JACK HEARTS JACK,0.184,0.0208,0.7952
SPADES TEN HEARTS JACK,0.2674,0.0552,0.6774
SPADES QUEEN DIAMONDS TEN,0.279,0.0426,0.6784
SPADES KING DIAMONDS TEN,0.2664,0.0338,0.6998
SPADES NINE DIAMONDS SEVEN,0.5698,0.0274,0.4028
SPADES EIGHT DIAMONDS SEVEN,0.564,0.0274,0.4086
SPADES SEVEN DIAMONDS SEVEN,0.3224,0.0466,0.631
SPADES SIX DIAMONDS SEVEN,0.5734,0.0248,0.4018
DIAMONDS KING DIAMONDS SEVEN,0.3802,0.0074,0.6124
HEARTS THREE DIAMONDS SEVEN,0.6322,0.0248,0.343
HEARTS KING DIAMONDS FIVE,0.2746,0.0316,0.6938
DIAMONDS QUEEN DIAMONDS SEVEN,0.3868,0.0108,0.6024
HEARTS TWO DIAMONDS SEVEN,0.6342,0.0272,0.3386
HEARTS QUEEN DIAMONDS FIVE,0.2778,0.0384,0.6838
HEARTS FIVE DIAMONDS SEVEN,0.6532,0.0736,0.2732
DIAMONDS ACE DIAMONDS SEVEN,0.3692,0.0048,0.626
HEARTS FOUR DIAMONDS SEVEN,0.614,0.028,0.358
HEARTS ACE DIAMONDS FIVE,0.2822,0.0256,0.6922
HEARTS SEVEN DIAMONDS SEVEN,0.3288,0.0494,0.6218
HEARTS SIX DIAMONDS SEVEN,0.572,0.0208,0.4072
HEARTS NINE DIAMONDS SEVEN,0.575,0.0246,0.4004
DIAMONDS SEVEN HEARTS EIGHT,0.566,0.0226,0.4114
DIAMONDS JACK DIAMONDS SEVEN,0.3682,0.0164,0.6154
HEARTS JACK DIAMONDS FIVE,0.2866,0.0574,0.656
DIAMONDS TEN DIAMONDS SEVEN,0.2552,0.2644,0.4804
DIAMONDS FIVE HEARTS TEN,0.0672,0.911,0.0218
SPADES KING CLUBS TWO,0.4336,0.0084,0.558
HEARTS KING CLUBS KING,0.1666,0.0106,0.8228
CLUBS EIGHT DIAMONDS SEVEN,0.5444,0.03,0.4256
SPADES QUEEN CLUBS TWO,0.4328,0.0108,0.5564
HEARTS KING CLUBS QUEEN,0.342,0.008,0.65
CLUBS NINE DIAMONDS SEVEN,0.5724,0.0246,0.403
CLUBS JACK SPADES TWO,0.4094,0.0198,0.5708
SPADES ACE CLUBS TWO,0.4176,0.0076,0.5748
HEARTS KING CLUBS ACE,0.3548,0.0058,0.6394
CLUBS SEVEN CLUBS SIX,0.5684,0.0286,0.403
SPADES TWO CLUBS KING,0.4124,0.0084,0.5792
SPADES TWO DIAMONDS SEVEN,0.657,0.0264,0.3166
CLUBS EIGHT CLUBS SIX,0.574,0.0276,0.3984
SPADES THREE DIAMONDS SEVEN,0.6284,0.0288,0.3428
SPADES TWO CLUBS QUEEN,0.4274,0.013,0.5596
CLUBS NINE CLUBS SIX,0.586,0.0254,0.3886
SPADES FOUR DIAMONDS SEVEN,0.6286,0.0236,0.3478
CLUBS JACK HEARTS KING,0.3436,0.0078,0.6486
SPADES FIVE DIAMONDS SEVEN,0.6446,0.08,0.2754
SPADES TWO CLUBS ACE,0.4092,0.0062,0.5846
CLUBS SIX SPADES TWO,0.6264,0.0324,0.3412
CLUBS SIX SPADES THREE,0.6152,0.0292,0.3556
CLUBS TWO DIAMONDS SEVEN,0.6376,0.0314,0.331
CLUBS SIX SPADES FOUR,0.6126,0.0278,0.3596
CLUBS THREE DIAMONDS SEVEN,0.6262,0.03,0.3438
CLUBS SIX SPADES FIVE,0.6524,0.0764,0.2712
CLUBS FOUR DIAMONDS SEVEN,0.613,0.0328,0.3542
CLUBS SIX SPADES SIX,0.324,0.0572,0.6188
CLUBS SIX SPADES SEVEN,0.573,0.03,0.397
CLUBS SIX DIAMONDS SEVEN,0.561,0.0308,0.4082
CLUBS SIX SPADES EIGHT,0.5846,0.0262,0.3892
SPADES JACK CLUBS TWO,0.4226,0.02,0.5574
CLUBS SEVEN DIAMONDS SEVEN,0.3118,0.052,0.6362
SPADES NINE CLUBS SIX,0.5844,0.0262,0.3894
SPADES TEN CLUBS TWO,0.366,0.4348,0.1992
CLUBS TWO CLUBS QUEEN,0.385,0.012,0.603
CLUBS TWO CLUBS KING,0.3836,0.0094,0.607
CLUBS THREE DIAMONDS EIGHT,0.6366,0.0312,0.3322
CLUBS TWO CLUBS ACE,0.3602,0.0072,0.6326
CLUBS TWO DIAMONDS EIGHT,0.6332,0.0262,0.3406
DIAMONDS EIGHT HEARTS SEVEN,0.5628,0.0264,0.4108
HEARTS SIX DIAMONDS EIGHT,0.5876,0.0242,0.3882
DIAMONDS EIGHT HEARTS NINE,0.5682,0.0232,0.4086
DIAMONDS EIGHT HEARTS EIGHT,0.327,0.0464,0.6266
CLUBS JACK CLUBS TWO,0.384,0.0218,0.5942
CLUBS NINE DIAMONDS EIGHT,0.5504,0.0282,0.4214
CLUBS EIGHT DIAMONDS EIGHT,0.3194,0.0496,0.631
SPADES ACE SPADES THREE,0.3942,0.0062,0.5996
CLUBS FOUR DIAMONDS EIGHT,0.6248,0.0282,0.347
CLUBS SEVEN DIAMONDS EIGHT,0.5672,0.0268,0.406
SPADES QUEEN SPADES THREE,0.4022,0.0124,0.5854
CLUBS SIX DIAMONDS EIGHT,0.582,0.0256,0.3924
SPADES KING SPADES THREE,0.4058,0.0106,0.5836
DIAMONDS QUEEN DIAMONDS EIGHT,0.3722,0.0112,0.6166
HEARTS TWO DIAMONDS EIGHT,0.6434,0.026,0.3306
DIAMONDS KING DIAMONDS EIGHT,0.3712,0.0082,0.6206
HEARTS THREE DIAMONDS EIGHT,0.6524,0.0262,0.3214
DIAMONDS ACE DIAMONDS EIGHT,0.3714,0.0034,0.6252
HEARTS FOUR DIAMONDS EIGHT,0.6272,0.0252,0.3476
HEARTS FIVE DIAMONDS EIGHT,0.6728,0.0714,0.2558
DIAMONDS EIGHT DIAMONDS TEN,0.2494,0.1956,0.555
DIAMONDS EIGHT DIAMONDS JACK,0.3618,0.0166,0.6216
SPADES JACK SPADES THREE,0.405,0.0164,0.5786
SPADES TEN SPADES THREE,0.3442,0.3938,0.262
CLUBS FOUR HEARTS ACE,0.4122,0.0046,0.5832
CLUBS FOUR HEARTS QUEEN,0.4148,0.012,0.5732
CLUBS FOUR HEARTS KING,0.4222,0.0084,0.5694
CLUBS SIX HEARTS TEN,0.259,0.3566,0.3844
CLUBS SIX HEARTS JACK,0.3918,0.0218,0.5864
DIAMONDS EIGHT SPADES FOUR,0.6312,0.0252,0.3436
SPADES FIVE DIAMONDS EIGHT,0.6732,0.0756,0.2512
DIAMONDS EIGHT SPADES TWO,0.635,0.0278,0.3372
DIAMONDS EIGHT SPADES THREE,0.6436,0.0282,0.3282
CLUBS FOUR HEARTS JACK,0.4126,0.0204,0.567
SPADES EIGHT DIAMONDS EIGHT,0.3302,0.0472,0.6226
SPADES TEN DIAMONDS QUEEN,0.2838,0.0442,0.672
SPADES TEN HEARTS TWO,0.3532,0.4432,0.2036
SPADES JACK HEARTS EIGHT,0.3728,0.0176,0.6096
CLUBS FOUR HEARTS TEN,0.3422,0.4458,0.212
SPADES NINE DIAMONDS EIGHT,0.5586,0.0228,0.4186
SPADES TEN HEARTS EIGHT,0.273,0.2152,0.5118
SPADES JACK HEARTS TWO,0.428,0.0196,0.5524
SPADES JACK DIAMONDS QUEEN,0.3488,0.0094,0.6418
SPADES SIX DIAMONDS EIGHT,0.5704,0.0266,0.403
SPADES SEVEN DIAMONDS EIGHT,0.5738,0.0218,0.4044
SPADES ACE HEARTS TWO,0.4396,0.0054,0.555
SPADES ACE DIAMONDS QUEEN,0.3678,0.0034,0.6288
SPADES ACE HEARTS EIGHT,0.3932,0.006,0.6008
SPADES KING HEARTS EIGHT,0.4168,0.0064,0.5768
SPADES QUEEN HEARTS TWO,0.426,0.013,0.561
SPADES QUEEN DIAMONDS QUEEN,0.1838,0.016,0.8002
SPADES KING DIAMONDS QUEEN,0.3818,0.0056,0.6126
SPADES KING HEARTS TWO,0.445,0.01,0.545
SPADES QUEEN HEARTS EIGHT,0.3956,0.0114,0.593
CLUBS TWO HEARTS TEN,0.3392,0.4496,0.2112
CLUBS TWO HEARTS JACK,0.4158,0.0128,0.5714
SPADES SEVEN DIAMONDS NINE,0.568,0.024,0.408
SPADES SIX DIAMONDS NINE,0.5876,0.0292,0.3832
SPADES NINE DIAMONDS NINE,0.3192,0.0348,0.646
SPADES EIGHT DIAMONDS NINE,0.5546,0.029,0.4164
SPADES TEN CLUBS KING,0.2644,0.0374,0.6982
DIAMONDS NINE SPADES THREE,0.6464,0.023,0.3306
SPADES JACK CLUBS KING,0.3288,0.005,0.6662
DIAMONDS NINE SPADES TWO,0.6336,0.0292,0.3372
DIAMONDS NINE SPADES FIVE,0.683,0.0854,0.2316
DIAMONDS NINE SPADES FOUR,0.6508,0.0266,0.3226
CLUBS NINE DIAMONDS NINE,0.302,0.0418,0.6562
CLUBS EIGHT DIAMONDS NINE,0.5488,0.0234,0.4278
CLUBS SIX DIAMONDS NINE,0.5862,0.0264,0.3874
SPADES JACK CLUBS FOUR,0.4146,0.0192,0.5662
CLUBS SEVEN DIAMONDS NINE,0.5702,0.026,0.4038
SPADES TEN CLUBS FOUR,0.3318,0.4654,0.2028
CLUBS FOUR DIAMONDS NINE,0.6318,0.0266,0.3416
CLUBS TWO DIAMONDS NINE,0.6422,0.0266,0.3312
CLUBS THREE DIAMONDS NINE,0.6218,0.0278,0.3504
DIAMONDS NINE HEARTS EIGHT,0.562,0.0226,0.4154
DIAMONDS NINE HEARTS NINE,0.3112,0.0324,0.6564
HEARTS SIX DIAMONDS NINE,0.5898,0.0254,0.3848
DIAMONDS NINE HEARTS SEVEN,0.5732,0.0228,0.404
CLUBS NINE CLUBS EIGHT,0.5426,0.0292,0.4282
DIAMONDS ACE DIAMONDS NINE,0.3826,0.0046,0.6128
HEARTS FOUR DIAMONDS NINE,0.6338,0.027,0.3392
HEARTS FIVE DIAMONDS NINE,0.6924,0.0672,0.2404
CLUBS TWO HEARTS ACE,0.4282,0.0046,0.5672
SPADES ACE CLUBS FOUR,0.4168,0.006,0.5772
DIAMONDS QUEEN DIAMONDS NINE,0.3588,0.007,0.6342
HEARTS TWO DIAMONDS NINE,0.6452,0.0302,0.3246
CLUBS TWO HEARTS KING,0.4294,0.0098,0.5608
SPADES KING CLUBS FOUR,0.4184,0.008,0.5736
DIAMONDS KING DIAMONDS NINE,0.3526,0.0088,0.6386
HEARTS THREE DIAMONDS NINE,0.6254,0.0278,0.3468
CLUBS TWO HEARTS QUEEN,0.4224,0.0146,0.563
SPADES QUEEN CLUBS FOUR,0.42,0.0106,0.5694
DIAMONDS NINE DIAMONDS JACK,0.3544,0.017,0.6286
CLUBS EIGHT SPADES NINE,0.5714,0.0248,0.4038
DIAMONDS NINE DIAMONDS TEN,0.2612,0.1506,0.5882
CLUBS EIGHT SPADES EIGHT,0.3164,0.0466,0.637
CLUBS EIGHT SPADES SEVEN,0.5574,0.0266,0.416
CLUBS EIGHT SPADES SIX,0.5832,0.026,0.3908
CLUBS EIGHT SPADES FIVE,0.6696,0.079,0.2514
CLUBS EIGHT SPADES FOUR,0.6218,0.034,0.3442
CLUBS EIGHT SPADES THREE,0.6186,0.0304,0.351
CLUBS EIGHT SPADES TWO,0.6394,0.0296,0.331
HEARTS SIX DIAMONDS TEN,0.267,0.3566,0.3764
DIAMONDS TEN HEARTS SEVEN,0.276,0.2774,0.4466
DIAMONDS TEN HEARTS EIGHT,0.2738,0.2104,0.5158
CLUBS JACK CLUBS FOUR,0.3804,0.017,0.6026
DIAMONDS TEN HEARTS NINE,0.269,0.1704,0.5606
CLUBS FOUR CLUBS KING,0.3778,0.0098,0.6124
CLUBS FOUR CLUBS QUEEN,0.3598,0.015,0.6252
CLUBS TWO DIAMONDS TEN,0.3446,0.4404,0.215
CLUBS THREE DIAMONDS TEN,0.3522,0.4484,0.1994
CLUBS FOUR CLUBS ACE,0.369,0.0058,0.6252
DIAMONDS JACK DIAMONDS TEN,0.2636,0.0516,0.6848
DIAMONDS QUEEN DIAMONDS TEN,0.2576,0.0454,0.697
HEARTS TWO DIAMONDS TEN,0.3794,0.4266,0.194
DIAMONDS KING DIAMONDS TEN,0.2532,0.0354,0.7114
HEARTS THREE DIAMONDS TEN,0.3758,0.4152,0.209
DIAMONDS ACE DIAMONDS TEN,0.2472,0.0228,0.73
HEARTS FOUR DIAMONDS TEN,0.3546,0.44,0.2054
CLUBS EIGHT HEARTS JACK,0.3792,0.0186,0.6022
HEARTS FIVE DIAMONDS TEN,0.0758,0.905,0.0192
CLUBS EIGHT HEARTS TEN,0.2578,0.2184,0.5238
CLUBS EIGHT HEARTS QUEEN,0.3776,0.0132,0.6092
CLUBS EIGHT HEARTS KING,0.4,0.0076,0.5924
CLUBS EIGHT HEARTS ACE,0.3844,0.0044,0.6112
CLUBS NINE SPADES THREE,0.6266,0.0266,0.3468
CLUBS NINE SPADES TWO,0.6262,0.0316,0.3422
CLUBS NINE SPADES FIVE,0.6884,0.0762,0.2354
CLUBS NINE SPADES FOUR,0.6388,0.0302,0.331
CLUBS NINE SPADES SEVEN,0.5728,0.025,0.4022
CLUBS NINE SPADES SIX,0.5732,0.0236,0.4032
CLUBS NINE SPADES NINE,0.3042,0.0388,0.657
CLUBS NINE SPADES EIGHT,0.5554,0.023,0.4216
CLUBS JACK HEARTS EIGHT,0.3696,0.0164,0.614
CLUBS QUEEN HEARTS EIGHT,0.3932,0.0104,0.5964
CLUBS KING HEARTS EIGHT,0.3906,0.0066,0.6028
CLUBS ACE HEARTS EIGHT,0.378,0.0056,0.6164
SPADES KING CLUBS KING,0.1706,0.0156,0.8138
SPADES QUEEN CLUBS KING,0.3446,0.0078,0.6476
SPADES ACE CLUBS KING,0.354,0.0056,0.6404
DIAMONDS ACE HEARTS TEN,0.2746,0.0214,0.704
HEARTS FOUR HEARTS TEN,0.3416,0.4064,0.252
DIAMONDS ACE HEARTS JACK,0.3686,0.004,0.6274
HEARTS FOUR HEARTS JACK,0.3966,0.017,0.5864
DIAMONDS JACK HEARTS SEVEN,0.386,0.0164,0.5976
HEARTS SIX DIAMONDS JACK,0.3946,0.0146,0.5908
DIAMONDS JACK HEARTS NINE,0.363,0.0176,0.6194
DIAMONDS JACK HEARTS EIGHT,0.382,0.0138,0.6042
DIAMONDS KING DIAMONDS JACK,0.3356,0.0068,0.6576
HEARTS THREE DIAMONDS JACK,0.4294,0.015,0.5556
SPADES ACE SPADES SIX,0.3744,0.0052,0.6204
HEARTS ACE SPADES FOUR,0.4202,0.0052,0.5746
DIAMONDS QUEEN DIAMONDS JACK,0.3294,0.0094,0.6612
HEARTS TWO DIAMONDS JACK,0.4388,0.0202,0.541
HEARTS FIVE DIAMONDS JACK,0.2744,0.06,0.6656
SPADES QUEEN SPADES SIX,0.3698,0.0122,0.618
SPADES FOUR HEARTS QUEEN,0.4296,0.0116,0.5588
DIAMONDS ACE DIAMONDS JACK,0.3446,0.0036,0.6518
HEARTS FOUR DIAMONDS JACK,0.4266,0.0172,0.5562
SPADES KING SPADES SIX,0.3826,0.008,0.6094
HEARTS KING SPADES FOUR,0.4268,0.0078,0.5654
SPADES TEN SPADES SIX,0.2676,0.3334,0.399
SPADES JACK SPADES SIX,0.374,0.0166,0.6094
SPADES FOUR DIAMONDS JACK,0.424,0.0176,0.5584
SPADES FIVE DIAMONDS JACK,0.2728,0.0654,0.6618
DIAMONDS JACK SPADES TWO,0.4444,0.0188,0.5368
DIAMONDS JACK SPADES THREE,0.4264,0.0184,0.5552
SPADES ACE DIAMONDS THREE,0.4142,0.0056,0.5802
SPADES QUEEN DIAMONDS THREE,0.4476,0.011,0.5414
CLUBS EIGHT DIAMONDS JACK,0.3792,0.0162,0.6046
SPADES KING DIAMONDS THREE,0.4304,0.007,0.5626
CLUBS NINE DIAMONDS JACK,0.3634,0.0194,0.6172
CLUBS SIX DIAMONDS JACK,0.4048,0.0174,0.5778
CLUBS SEVEN DIAMONDS JACK,0.3798,0.0158,0.6044
CLUBS FOUR DIAMONDS JACK,0.4194,0.0176,0.563
CLUBS TWO DIAMONDS JACK,0.425,0.0216,0.5534
CLUBS THREE DIAMONDS JACK,0.4148,0.0198,0.5654
HEARTS SIX SPADES JACK,0.398,0.019,0.583
HEARTS SIX SPADES TEN,0.2636,0.3512,0.3852
SPADES JACK DIAMONDS THREE,0.442,0.02,0.538
CLUBS SEVEN CLUBS ACE,0.3486,0.0052,0.6462
DIAMONDS THREE SPADES TEN,0.3492,0.4488,0.202
CLUBS SEVEN CLUBS QUEEN,0.3398,0.0148,0.6454
CLUBS SEVEN CLUBS KING,0.3528,0.01,0.6372
SPADES NINE DIAMONDS JACK,0.3652,0.017,0.6178
DIAMONDS ACE HEARTS ACE,0.1762,0.0028,0.821
HEARTS FOUR HEARTS ACE,0.4032,0.0046,0.5922
SPADES EIGHT DIAMONDS JACK,0.3814,0.0158,0.6028
SPADES ACE HEARTS SIX,0.4008,0.0028,0.5964
CLUBS JACK CLUBS SEVEN,0.339,0.0174,0.6436
DIAMONDS ACE HEARTS KING,0.3596,0.0042,0.6362
HEARTS FOUR HEARTS KING,0.4062,0.0096,0.5842
SPADES SEVEN DIAMONDS JACK,0.3948,0.015,0.5902
SPADES KING HEARTS SIX,0.4024,0.007,0.5906
DIAMONDS ACE HEARTS QUEEN,0.3668,0.0044,0.6288
HEARTS FOUR HEARTS QUEEN,0.4,0.0122,0.5878
SPADES QUEEN HEARTS SIX,0.3996,0.0112,0.5892
SPADES SIX DIAMONDS JACK,0.408,0.0166,0.5754
DIAMONDS TEN SPADES TWO,0.3542,0.435,0.2108
SPADES THREE DIAMONDS TEN,0.3548,0.4396,0.2056
SPADES FOUR DIAMONDS TEN,0.3464,0.438,0.2156
SPADES FIVE DIAMONDS TEN,0.074,0.9052,0.0208
SPADES SIX DIAMONDS TEN,0.2596,0.3528,0.3876
SPADES SEVEN DIAMONDS TEN,0.2652,0.2856,0.4492
SPADES EIGHT DIAMONDS TEN,0.2722,0.2176,0.5102
SPADES NINE DIAMONDS TEN,0.2718,0.1632,0.565
CLUBS FOUR DIAMONDS TEN,0.3374,0.45,0.2126
CLUBS SIX DIAMONDS TEN,0.2514,0.3626,0.386
CLUBS SEVEN DIAMONDS TEN,0.2606,0.2848,0.4546
CLUBS EIGHT DIAMONDS TEN,0.27,0.216,0.514
CLUBS NINE DIAMONDS TEN,0.2544,0.161,0.5846
CLUBS JACK DIAMONDS THREE,0.4178,0.0192,0.563
DIAMONDS THREE CLUBS KING,0.4168,0.0092,0.574
DIAMONDS THREE CLUBS QUEEN,0.4228,0.0104,0.5668
DIAMONDS THREE CLUBS ACE,0.401,0.0044,0.5946
SPADES FOUR HEARTS JACK,0.4286,0.0166,0.5548
SPADES FOUR HEARTS TEN,0.3584,0.4342,0.2074
SPADES FIVE SPADES TWO,0.6326,0.0742,0.2932
SPADES FOUR SPADES TWO,0.6108,0.0306,0.3586
SPADES THREE SPADES TWO,0.609,0.0292,0.3618
SPADES NINE SPADES TWO,0.598,0.0228,0.3792
SPADES EIGHT SPADES TWO,0.6044,0.028,0.3676
SPADES SEVEN SPADES TWO,0.6146,0.0272,0.3582
SPADES SIX SPADES TWO,0.5898,0.0246,0.3856
DIAMONDS QUEEN CLUBS THREE,0.4152,0.0134,0.5714
HEARTS TWO CLUBS THREE,0.636,0.0322,0.3318
DIAMONDS QUEEN CLUBS TWO,0.4168,0.0128,0.5704
CLUBS TWO HEARTS TWO,0.4346,0.0668,0.4986
DIAMONDS QUEEN HEARTS SEVEN,0.402,0.0108,0.5872
HEARTS TWO HEARTS SEVEN,0.6078,0.0254,0.3668
HEARTS SIX DIAMONDS QUEEN,0.3964,0.0084,0.5952
HEARTS SIX HEARTS TWO,0.5888,0.0256,0.3856
DIAMONDS QUEEN HEARTS NINE,0.381,0.0116,0.6074
HEARTS TWO HEARTS NINE,0.5996,0.03,0.3704
DIAMONDS QUEEN HEARTS EIGHT,0.3848,0.012,0.6032
HEARTS TWO HEARTS EIGHT,0.5994,0.0256,0.375
CLUBS NINE HEARTS TWO,0.6334,0.0266,0.34
CLUBS NINE DIAMONDS QUEEN,0.3844,0.011,0.6046
CLUBS EIGHT HEARTS TWO,0.6414,0.0268,0.3318
CLUBS EIGHT DIAMONDS QUEEN,0.3854,0.0124,0.6022
SPADES EIGHT HEARTS ACE,0.3918,0.0036,0.6046
CLUBS FOUR DIAMONDS QUEEN,0.4178,0.0136,0.5686
CLUBS FOUR HEARTS TWO,0.6418,0.0294,0.3288
CLUBS SEVEN DIAMONDS QUEEN,0.3992,0.0108,0.59
CLUBS SEVEN HEARTS TWO,0.641,0.034,0.325
SPADES EIGHT HEARTS QUEEN,0.3932,0.0108,0.596
CLUBS SIX DIAMONDS QUEEN,0.3918,0.011,0.5972
CLUBS SIX HEARTS TWO,0.6234,0.0332,0.3434
SPADES EIGHT HEARTS KING,0.3924,0.006,0.6016
HEARTS TWO SPADES SIX,0.644,0.0246,0.3314
DIAMONDS QUEEN SPADES SIX,0.4,0.0126,0.5874
HEARTS FOUR CLUBS QUEEN,0.401,0.0146,0.5844
DIAMONDS ACE CLUBS QUEEN,0.3514,0.0062,0.6424
DIAMONDS QUEEN SPADES SEVEN,0.3888,0.0112,0.6
HEARTS TWO SPADES SEVEN,0.6394,0.0318,0.3288
HEARTS FOUR CLUBS KING,0.4222,0.009,0.5688
DIAMONDS ACE CLUBS KING,0.3602,0.007,0.6328
DIAMONDS QUEEN SPADES EIGHT,0.3994,0.0104,0.5902
SPADES EIGHT HEARTS TWO,0.6438,0.0264,0.3298
HEARTS FOUR CLUBS ACE,0.3978,0.0036,0.5986
DIAMONDS ACE CLUBS ACE,0.1562,0.0046,0.8392
SPADES NINE DIAMONDS QUEEN,0.3848,0.009,0.6062
SPADES NINE HEARTS TWO,0.6514,0.0282,0.3204
HEARTS TWO SPADES TWO,0.4396,0.0644,0.496
DIAMONDS QUEEN SPADES TWO,0.4494,0.012,0.5386
HEARTS TWO SPADES THREE,0.6462,0.0308,0.323
DIAMONDS QUEEN SPADES THREE,0.4314,0.0138,0.5548
HEARTS TWO SPADES FOUR,0.6472,0.0308,0.322
DIAMONDS QUEEN SPADES FOUR,0.4074,0.0142,0.5784
HEARTS TWO SPADES FIVE,0.6758,0.0812,0.243
DIAMONDS QUEEN SPADES FIVE,0.2928,0.0374,0.6698
HEARTS FOUR CLUBS JACK,0.4044,0.0176,0.578
CLUBS JACK DIAMONDS ACE,0.3364,0.0044,0.6592
SPADES KING CLUBS JACK,0.346,0.0078,0.6462
CLUBS JACK SPADES QUEEN,0.3262,0.0112,0.6626
SPADES ACE CLUBS JACK,0.3494,0.0042,0.6464
SPADES SIX CLUBS KING,0.3864,0.0074,0.6062
SPADES SIX CLUBS QUEEN,0.381,0.0116,0.6074
SPADES EIGHT HEARTS JACK,0.3792,0.0168,0.604
SPADES SIX CLUBS ACE,0.3846,0.0056,0.6098
SPADES EIGHT HEARTS TEN,0.2826,0.1972,0.5202
CLUBS JACK SPADES SIX,0.3798,0.0192,0.601
CLUBS JACK SPADES TEN,0.2618,0.0524,0.6858
CLUBS JACK SPADES JACK,0.1822,0.0178,0.8
SPADES QUEEN CLUBS SEVEN,0.4026,0.0112,0.5862
SPADES KING CLUBS SEVEN,0.3912,0.0078,0.601
SPADES ACE CLUBS SEVEN,0.3874,0.0042,0.6084
SPADES SIX HEARTS TEN,0.2692,0.3572,0.3736
SPADES SIX HEARTS JACK,0.3984,0.019,0.5826
SPADES SIX HEARTS ACE,0.3938,0.005,0.6012
SPADES SIX HEARTS KING,0.4028,0.0082,0.589
SPADES SIX HEARTS QUEEN,0.3966,0.0098,0.5936
CLUBS SEVEN SPADES JACK,0.3826,0.017,0.6004
CLUBS SEVEN SPADES TEN,0.2602,0.2672,0.4726
CLUBS JACK HEARTS SIX,0.386,0.0188,0.5952
CLUBS JACK CLUBS ACE,0.3004,0.0054,0.6942
HEARTS SIX CLUBS QUEEN,0.3772,0.0092,0.6136
HEARTS SIX CLUBS KING,0.387,0.0084,0.6046
HEARTS SIX CLUBS ACE,0.3872,0.0046,0.6082
CLUBS JACK CLUBS QUEEN,0.2906,0.0086,0.7008
CLUBS JACK CLUBS KING,0.3068,0.005,0.6882
DIAMONDS THREE HEARTS ACE,0.435,0.0044,0.5606
DIAMONDS THREE HEARTS QUEEN,0.4252,0.0088,0.566
DIAMONDS THREE HEARTS KING,0.4436,0.0084,0.548
SPADES TEN DIAMONDS ACE,0.2736,0.022,0.7044
HEARTS FOUR SPADES TEN,0.3466,0.4296,0.2238
HEARTS FOUR SPADES JACK,0.434,0.018,0.548
SPADES JACK DIAMONDS ACE,0.3632,0.004,0.6328
SPADES ACE HEARTS FOUR,0.4338,0.0042,0.562
SPADES ACE DIAMONDS ACE,0.1704,0.004,0.8256
HEARTS FOUR SPADES QUEEN,0.4176,0.012,0.5704
SPADES QUEEN DIAMONDS ACE,0.3628,0.0038,0.6334
CLUBS JACK SPADES FOUR,0.4216,0.0158,0.5626
SPADES KING DIAMONDS ACE,0.3654,0.0032,0.6314
HEARTS FOUR SPADES KING,0.425,0.008,0.567
DIAMONDS QUEEN DIAMONDS ACE,0.3432,0.0024,0.6544
HEARTS TWO DIAMONDS ACE,0.4154,0.005,0.5796
HEARTS FOUR DIAMONDS QUEEN,0.4222,0.01,0.5678
HEARTS FOUR HEARTS TWO,0.6088,0.027,0.3642
DIAMONDS THREE HEARTS TEN,0.3528,0.4404,0.2068
SPADES FOUR CLUBS KING,0.4216,0.0108,0.5676
HEARTS FIVE DIAMONDS QUEEN,0.2802,0.0496,0.6702
HEARTS FIVE HEARTS TWO,0.639,0.0734,0.2876
DIAMONDS THREE HEARTS JACK,0.4282,0.018,0.5538
SPADES FOUR CLUBS QUEEN,0.4164,0.0096,0.574
DIAMONDS QUEEN HEARTS TWO,0.4392,0.0126,0.5482
DIAMONDS KING DIAMONDS QUEEN,0.3582,0.007,0.6348
DIAMONDS KING HEARTS TWO,0.4328,0.0106,0.5566
HEARTS THREE DIAMONDS QUEEN,0.4446,0.0148,0.5406
HEARTS THREE HEARTS TWO,0.5972,0.029,0.3738
SPADES FOUR CLUBS ACE,0.3954,0.0054,0.5992
HEARTS TWO CLUBS ACE,0.408,0.006,0.586
DIAMONDS QUEEN CLUBS ACE,0.3426,0.0056,0.6518
HEARTS TWO CLUBS QUEEN,0.4256,0.0162,0.5582
DIAMONDS QUEEN CLUBS QUEEN,0.1704,0.0166,0.813
HEARTS TWO CLUBS KING,0.4232,0.0088,0.568
DIAMONDS QUEEN CLUBS KING,0.3502,0.0074,0.6424
SPADES EIGHT SPADES FIVE,0.6376,0.0702,0.2922
SPADES NINE SPADES FIVE,0.6492,0.071,0.2798
CLUBS JACK HEARTS TWO,0.4212,0.0232,0.5556
CLUBS JACK DIAMONDS QUEEN,0.3274,0.009,0.6636
SPADES SIX SPADES FIVE,0.614,0.0746,0.3114
SPADES SEVEN SPADES FIVE,0.6254,0.0694,0.3052
DIAMONDS FIVE CLUBS QUEEN,0.2712,0.0458,0.683
SPADES EIGHT CLUBS ACE,0.388,0.0054,0.6066
DIAMONDS FIVE CLUBS KING,0.2654,0.036,0.6986
SPADES EIGHT CLUBS KING,0.4006,0.0062,0.5932
DIAMONDS FIVE CLUBS ACE,0.2682,0.0256,0.7062
SPADES EIGHT CLUBS QUEEN,0.3782,0.0114,0.6104
CLUBS JACK SPADES EIGHT,0.375,0.0164,0.6086
CLUBS JACK DIAMONDS FIVE,0.2678,0.0594,0.6728
HEARTS JACK DIAMONDS TEN,0.2664,0.064,0.6696
DIAMONDS TEN HEARTS TEN,0.1406,0.056,0.8034
SPADES ACE CLUBS NINE,0.3946,0.0058,0.5996
CLUBS NINE SPADES QUEEN,0.3672,0.01,0.6228
CLUBS NINE SPADES KING,0.3886,0.0066,0.6048
HEARTS SIX HEARTS KING,0.3724,0.0058,0.6218
DIAMONDS KING SPADES SEVEN,0.4034,0.0076,0.589
HEARTS THREE SPADES SEVEN,0.6254,0.0282,0.3464
SPADES KING DIAMONDS SEVEN,0.4054,0.0054,0.5892
HEARTS SIX HEARTS QUEEN,0.379,0.0108,0.6102
SPADES QUEEN DIAMONDS SEVEN,0.4036,0.0124,0.584
HEARTS THREE SPADES SIX,0.6316,0.0304,0.338
DIAMONDS KING SPADES SIX,0.3954,0.008,0.5966
DIAMONDS KING SPADES NINE,0.3846,0.0096,0.6058
HEARTS THREE SPADES NINE,0.6316,0.027,0.3414
HEARTS SIX HEARTS ACE,0.3766,0.0042,0.6192
DIAMONDS KING SPADES EIGHT,0.391,0.006,0.603
HEARTS THREE SPADES EIGHT,0.647,0.0296,0.3234
SPADES ACE DIAMONDS SEVEN,0.3948,0.0052,0.6
CLUBS NINE HEARTS THREE,0.6472,0.0302,0.3226
CLUBS NINE DIAMONDS KING,0.3884,0.0074,0.6042
HEARTS THREE CLUBS EIGHT,0.6318,0.0288,0.3394
CLUBS EIGHT DIAMONDS KING,0.4,0.0082,0.5918
HEARTS THREE SPADES THREE,0.419,0.0622,0.5188
DIAMONDS KING SPADES THREE,0.4242,0.0074,0.5684
HEARTS THREE SPADES TWO,0.641,0.0282,0.3308
DIAMONDS KING SPADES TWO,0.4318,0.0066,0.5616
HEARTS THREE SPADES FIVE,0.6716,0.0814,0.247
DIAMONDS KING SPADES FIVE,0.2816,0.0334,0.685
