opposingHand,winningChance,drawChance,lostChance
CLUBS SIX HEARTS THREE
HEARTS FIVE SPADES TEN,0.3674,0.0284,0.6042
HEARTS FIVE SPADES JACK,0.3632,0.0174,0.6194
CLUBS JACK SPADES FIVE,0.3568,0.0196,0.6236
CLUBS TEN SPADES FIVE,0.3672,0.0322,0.6006
CLUBS JACK CLUBS EIGHT,0.328,0.018,0.654
CLUBS TEN CLUBS EIGHT,0.3324,0.0264,0.6412
CLUBS EIGHT CLUBS KING,0.3346,0.0084,0.657
SPADES FIVE CLUBS ACE,0.3412,0.007,0.6518
CLUBS EIGHT CLUBS QUEEN,0.3268,0.0148,0.6584
SPADES FIVE CLUBS KING,0.3656,0.0094,0.625
SPADES FIVE CLUBS QUEEN,0.369,0.015,0.616
CLUBS EIGHT CLUBS ACE,0.3164,0.0054,0.6782
DIAMONDS TWO DIAMONDS THREE,0.4542,0.2686,0.2772
DIAMONDS TWO DIAMONDS FIVE,0.4606,0.1506,0.3888
HEARTS FIVE SPADES KING,0.3752,0.0084,0.6164
DIAMONDS TWO DIAMONDS FOUR,0.4452,0.1486,0.4062
HEARTS FIVE SPADES QUEEN,0.3636,0.0134,0.623
DIAMONDS TWO DIAMONDS SEVEN,0.3584,0.103,0.5386
DIAMONDS TWO DIAMONDS SIX,0.266,0.474,0.26
SPADES ACE HEARTS FIVE,0.3528,0.004,0.6432
DIAMONDS TWO DIAMONDS NINE,0.3708,0.0464,0.5828
DIAMONDS TWO DIAMONDS EIGHT,0.3864,0.0662,0.5474
DIAMONDS THREE DIAMONDS FOUR,0.455,0.255,0.29
CLUBS TWO SPADES FOUR,0.488,0.1654,0.3466
DIAMONDS THREE DIAMONDS FIVE,0.4558,0.247,0.2972
SPADES FIVE CLUBS TWO,0.5022,0.1604,0.3374
CLUBS TWO SPADES TWO,0.3412,0.1514,0.5074
CLUBS TWO SPADES THREE,0.4786,0.2876,0.2338
DIAMONDS THREE DIAMONDS EIGHT,0.2442,0.1344,0.6214
SPADES EIGHT CLUBS TWO,0.3956,0.0716,0.5328
DIAMONDS THREE DIAMONDS NINE,0.2518,0.0948,0.6534
SPADES NINE CLUBS TWO,0.419,0.0432,0.5378
DIAMONDS THREE DIAMONDS SIX,0.0176,0.9126,0.0698
SPADES SIX CLUBS TWO,0.276,0.5164,0.2076
DIAMONDS THREE DIAMONDS SEVEN,0.2322,0.1826,0.5852
SPADES SEVEN CLUBS TWO,0.399,0.1074,0.4936
CLUBS SEVEN CLUBS TWO,0.3786,0.0948,0.5266
CLUBS FOUR CLUBS TWO,0.4634,0.1556,0.381
CLUBS FIVE CLUBS TWO,0.4686,0.1566,0.3748
CLUBS TEN CLUBS JACK,0.3292,0.0122,0.6586
DIAMONDS FOUR DIAMONDS SIX,0.1984,0.4908,0.3108
CLUBS TEN CLUBS QUEEN,0.3228,0.011,0.6662
DIAMONDS FOUR DIAMONDS SEVEN,0.3238,0.1004,0.5758
CLUBS TEN CLUBS KING,0.3196,0.0102,0.6702
CLUBS TEN CLUBS ACE,0.3218,0.0056,0.6726
CLUBS EIGHT CLUBS TWO,0.3834,0.0662,0.5504
DIAMONDS FIVE DIAMONDS FOUR,0.4146,0.15,0.4354
CLUBS NINE CLUBS TWO,0.3816,0.0414,0.577
DIAMONDS NINE DIAMONDS FOUR,0.347,0.044,0.609
DIAMONDS EIGHT DIAMONDS FOUR,0.3418,0.0654,0.5928
CLUBS THREE CLUBS TWO,0.4678,0.2624,0.2698
DIAMONDS NINE DIAMONDS FIVE,0.3496,0.0404,0.61
CLUBS JACK DIAMONDS TWO,0.3988,0.0232,0.578
DIAMONDS EIGHT DIAMONDS FIVE,0.3306,0.0628,0.6066
CLUBS TEN DIAMONDS TWO,0.4022,0.0284,0.5694
DIAMONDS FIVE DIAMONDS SEVEN,0.3194,0.0952,0.5854
DIAMONDS FIVE DIAMONDS SIX,0.2,0.4238,0.3762
DIAMONDS TWO CLUBS ACE,0.3814,0.0062,0.6124
DIAMONDS TWO CLUBS KING,0.405,0.006,0.589
DIAMONDS TWO CLUBS QUEEN,0.4038,0.0144,0.5818
DIAMONDS EIGHT DIAMONDS SIX,0.222,0.135,0.643
DIAMONDS NINE DIAMONDS SIX,0.2444,0.1052,0.6504
HEARTS ACE SPADES THREE,0.2402,0.0124,0.7474
SPADES THREE HEARTS KING,0.2488,0.0272,0.724
DIAMONDS SEVEN DIAMONDS SIX,0.2126,0.1792,0.6082
HEARTS QUEEN SPADES THREE,0.2678,0.0432,0.689
SPADES THREE HEARTS JACK,0.2602,0.0514,0.6884
SPADES THREE HEARTS TEN,0.2588,0.0746,0.6666
DIAMONDS EIGHT DIAMONDS SEVEN,0.2976,0.0572,0.6452
DIAMONDS NINE DIAMONDS SEVEN,0.309,0.0432,0.6478
DIAMONDS NINE DIAMONDS EIGHT,0.3044,0.0372,0.6584
DIAMONDS KING HEARTS TEN,0.3436,0.0078,0.6486
DIAMONDS KING HEARTS JACK,0.3506,0.0074,0.642
SPADES JACK SPADES FIVE,0.3416,0.0202,0.6382
SPADES TEN SPADES FIVE,0.3366,0.029,0.6344
DIAMONDS KING HEARTS ACE,0.3426,0.0042,0.6532
DIAMONDS KING HEARTS QUEEN,0.3496,0.006,0.6444
DIAMONDS KING HEARTS KING,0.1502,0.0168,0.833
SPADES NINE HEARTS TEN,0.3302,0.0234,0.6464
SPADES NINE HEARTS JACK,0.3284,0.0182,0.6534
SPADES QUEEN SPADES FIVE,0.3396,0.0136,0.6468
SPADES KING SPADES FIVE,0.346,0.0078,0.6462
SPADES ACE SPADES FIVE,0.328,0.004,0.668
SPADES NINE HEARTS QUEEN,0.3268,0.0124,0.6608
SPADES NINE HEARTS KING,0.338,0.0072,0.6548
SPADES NINE HEARTS ACE,0.3426,0.0034,0.654
CLUBS TEN SPADES JACK,0.3296,0.0148,0.6556
CLUBS TEN SPADES TEN,0.1508,0.0608,0.7884
SPADES ACE CLUBS TEN,0.332,0.005,0.663
CLUBS TEN SPADES KING,0.3482,0.0066,0.6452
CLUBS TEN SPADES QUEEN,0.339,0.0106,0.6504
SPADES FIVE HEARTS QUEEN,0.3652,0.0116,0.6232
SPADES FIVE HEARTS KING,0.3588,0.0118,0.6294
HEARTS ACE SPADES FIVE,0.346,0.0048,0.6492
CLUBS EIGHT SPADES TEN,0.3334,0.0244,0.6422
SPADES JACK DIAMONDS KING,0.3406,0.008,0.6514
SPADES TEN DIAMONDS KING,0.3474,0.0052,0.6474
CLUBS EIGHT SPADES JACK,0.3446,0.0142,0.6412
SPADES ACE CLUBS EIGHT,0.3424,0.006,0.6516
HEARTS FIVE CLUBS JACK,0.3638,0.0208,0.6154
CLUBS TEN HEARTS FIVE,0.3708,0.0324,0.5968
SPADES QUEEN CLUBS EIGHT,0.3372,0.0114,0.6514
CLUBS TEN SPADES THREE,0.2516,0.0706,0.6778
SPADES KING CLUBS EIGHT,0.3382,0.0096,0.6522
CLUBS JACK SPADES THREE,0.2614,0.0526,0.686
DIAMONDS TWO HEARTS JACK,0.3934,0.0202,0.5864
SPADES THREE CLUBS QUEEN,0.2678,0.0352,0.697
DIAMONDS TWO HEARTS TEN,0.4012,0.0292,0.5696
SPADES THREE CLUBS KING,0.2462,0.0296,0.7242
HEARTS FIVE CLUBS ACE,0.3478,0.0062,0.646
SPADES FIVE HEARTS TEN,0.3688,0.0322,0.599
SPADES THREE CLUBS ACE,0.235,0.015,0.75
HEARTS FIVE CLUBS KING,0.3534,0.0092,0.6374
SPADES FIVE HEARTS JACK,0.363,0.023,0.614
HEARTS FIVE CLUBS QUEEN,0.3678,0.0152,0.617
DIAMONDS KING CLUBS KING,0.1444,0.0194,0.8362
DIAMONDS KING CLUBS QUEEN,0.3352,0.0076,0.6572
HEARTS FIVE HEARTS JACK,0.3586,0.018,0.6234
HEARTS FIVE HEARTS TEN,0.3606,0.031,0.6084
DIAMONDS KING CLUBS ACE,0.3356,0.0044,0.66
SPADES ACE CLUBS QUEEN,0.3428,0.0074,0.6498
SPADES KING CLUBS QUEEN,0.3388,0.0086,0.6526
CLUBS JACK DIAMONDS KING,0.3422,0.0058,0.652
SPADES QUEEN CLUBS QUEEN,0.156,0.0372,0.8068
CLUBS TEN DIAMONDS KING,0.333,0.0094,0.6576
SPADES JACK CLUBS QUEEN,0.3274,0.0114,0.6612
SPADES TEN CLUBS QUEEN,0.3448,0.0132,0.642
HEARTS FIVE HEARTS KING,0.3574,0.0106,0.632
HEARTS FIVE HEARTS QUEEN,0.3522,0.012,0.6358
HEARTS FIVE HEARTS ACE,0.338,0.0042,0.6578
SPADES SEVEN HEARTS JACK,0.3274,0.0164,0.6562
SPADES SEVEN HEARTS TEN,0.3298,0.0314,0.6388
DIAMONDS TWO CLUBS TWO,0.3524,0.1462,0.5014
DIAMONDS TWO CLUBS THREE,0.477,0.2812,0.2418
DIAMONDS TWO HEARTS SIX,0.2668,0.515,0.2182
DIAMONDS TWO HEARTS QUEEN,0.3956,0.012,0.5924
HEARTS SEVEN DIAMONDS TWO,0.3928,0.1082,0.499
DIAMONDS TWO HEARTS KING,0.4042,0.0084,0.5874
DIAMONDS TWO HEARTS EIGHT,0.3896,0.0642,0.5462
DIAMONDS TWO HEARTS ACE,0.3948,0.0068,0.5984
DIAMONDS TWO HEARTS NINE,0.406,0.047,0.547
DIAMONDS TWO DIAMONDS QUEEN,0.3788,0.0138,0.6074
DIAMONDS TWO HEARTS TWO,0.3436,0.1472,0.5092
DIAMONDS TWO DIAMONDS KING,0.38,0.009,0.611
DIAMONDS TWO DIAMONDS ACE,0.3592,0.0046,0.6362
HEARTS FOUR DIAMONDS TWO,0.497,0.165,0.338
HEARTS FIVE DIAMONDS TWO,0.4738,0.1688,0.3574
SPADES SEVEN HEARTS ACE,0.3344,0.0048,0.6608
DIAMONDS TWO DIAMONDS TEN,0.3762,0.0294,0.5944
SPADES SEVEN HEARTS KING,0.3506,0.008,0.6414
DIAMONDS TWO DIAMONDS JACK,0.3756,0.0216,0.6028
SPADES SEVEN HEARTS QUEEN,0.3308,0.0106,0.6586
DIAMONDS TWO SPADES NINE,0.3934,0.0492,0.5574
DIAMONDS TWO SPADES EIGHT,0.4102,0.0616,0.5282
DIAMONDS TWO SPADES SEVEN,0.406,0.105,0.489
DIAMONDS TWO SPADES SIX,0.264,0.5212,0.2148
DIAMONDS TWO SPADES FIVE,0.4922,0.147,0.3608
DIAMONDS TWO SPADES FOUR,0.485,0.158,0.357
DIAMONDS TWO SPADES THREE,0.4856,0.2712,0.2432
DIAMONDS TWO SPADES TWO,0.3468,0.1432,0.51
DIAMONDS TWO CLUBS NINE,0.4176,0.0464,0.536
CLUBS EIGHT DIAMONDS TWO,0.3966,0.0746,0.5288
DIAMONDS TWO CLUBS SEVEN,0.398,0.1002,0.5018
DIAMONDS TWO CLUBS FIVE,0.4924,0.1624,0.3452
DIAMONDS TWO CLUBS FOUR,0.4898,0.1724,0.3378
CLUBS FOUR SPADES FIVE,0.4234,0.1656,0.411
CLUBS FOUR SPADES FOUR,0.2392,0.1416,0.6192
CLUBS FOUR SPADES THREE,0.4856,0.2682,0.2462
CLUBS FOUR SPADES TWO,0.4968,0.1716,0.3316
SPADES NINE CLUBS FOUR,0.3822,0.0396,0.5782
SPADES EIGHT CLUBS FOUR,0.371,0.0672,0.5618
SPADES SEVEN CLUBS FOUR,0.3396,0.1042,0.5562
CLUBS FOUR SPADES SIX,0.2136,0.5176,0.2688
SPADES ACE DIAMONDS SIX,0.2608,0.0284,0.7108
SPADES QUEEN DIAMONDS SIX,0.2556,0.0506,0.6938
SPADES KING DIAMONDS SIX,0.263,0.0396,0.6974
SPADES TEN DIAMONDS SIX,0.262,0.078,0.66
SPADES JACK DIAMONDS SIX,0.246,0.0572,0.6968
SPADES QUEEN SPADES TWO,0.3778,0.0144,0.6078
SPADES KING SPADES TWO,0.3752,0.0088,0.616
SPADES ACE SPADES TWO,0.3624,0.0086,0.629
CLUBS JACK DIAMONDS JACK,0.1516,0.0452,0.8032
CLUBS TEN DIAMONDS JACK,0.3214,0.0184,0.6602
DIAMONDS JACK CLUBS KING,0.3508,0.007,0.6422
DIAMONDS JACK CLUBS QUEEN,0.3334,0.009,0.6576
DIAMONDS THREE DIAMONDS JACK,0.2478,0.0514,0.7008
DIAMONDS THREE DIAMONDS TEN,0.2496,0.0666,0.6838
DIAMONDS JACK CLUBS ACE,0.351,0.004,0.645
DIAMONDS THREE DIAMONDS KING,0.2402,0.0254,0.7344
DIAMONDS THREE DIAMONDS QUEEN,0.2502,0.0358,0.714
DIAMONDS THREE HEARTS TWO,0.4808,0.2846,0.2346
HEARTS FIVE DIAMONDS THREE,0.4698,0.2678,0.2624
DIAMONDS THREE DIAMONDS ACE,0.22,0.0158,0.7642
HEARTS FOUR DIAMONDS THREE,0.4602,0.2838,0.256
HEARTS SEVEN DIAMONDS THREE,0.2378,0.1938,0.5684
SPADES TEN SPADES NINE,0.3132,0.021,0.6658
HEARTS SIX DIAMONDS THREE,0.0124,0.9716,0.016
SPADES JACK SPADES NINE,0.314,0.0154,0.6706
DIAMONDS THREE HEARTS NINE,0.2646,0.1028,0.6326
HEARTS JACK DIAMONDS FOUR,0.373,0.0182,0.6088
HEARTS ACE HEARTS KING,0.341,0.0038,0.6552
SPADES TEN SPADES TWO,0.3678,0.0268,0.6054
DIAMONDS THREE HEARTS EIGHT,0.2592,0.1328,0.608
HEARTS TEN DIAMONDS FOUR,0.3662,0.0308,0.603
SPADES JACK SPADES TWO,0.3858,0.0194,0.5948
HEARTS QUEEN DIAMONDS FOUR,0.3662,0.015,0.6188
HEARTS KING DIAMONDS FOUR,0.3738,0.0106,0.6156
SPADES ACE SPADES NINE,0.3224,0.0048,0.6728
HEARTS ACE DIAMONDS FOUR,0.356,0.0052,0.6388
SPADES KING SPADES NINE,0.3226,0.008,0.6694
SPADES QUEEN SPADES NINE,0.337,0.012,0.651
DIAMONDS THREE SPADES NINE,0.2634,0.096,0.6406
DIAMONDS THREE SPADES EIGHT,0.2682,0.1322,0.5996
DIAMONDS THREE SPADES SEVEN,0.2484,0.1908,0.5608
DIAMONDS THREE SPADES SIX,0.0238,0.956,0.0202
CLUBS ACE DIAMONDS FOUR,0.3574,0.0048,0.6378
DIAMONDS THREE CLUBS SEVEN,0.235,0.2008,0.5642
CLUBS FIVE CLUBS SEVEN,0.3162,0.094,0.5898
DIAMONDS THREE CLUBS FOUR,0.4796,0.2802,0.2402
DIAMONDS FOUR CLUBS QUEEN,0.369,0.0164,0.6146
DIAMONDS THREE CLUBS FIVE,0.4902,0.274,0.2358
DIAMONDS FOUR CLUBS KING,0.374,0.0096,0.6164
DIAMONDS THREE CLUBS TWO,0.4822,0.2838,0.234
CLUBS TEN DIAMONDS FOUR,0.3716,0.0342,0.5942
DIAMONDS THREE CLUBS THREE,0.2628,0.0974,0.6398
CLUBS JACK DIAMONDS FOUR,0.3768,0.0194,0.6038
DIAMONDS THREE SPADES FOUR,0.471,0.2768,0.2522
DIAMONDS THREE SPADES FIVE,0.47,0.2712,0.2588
DIAMONDS THREE SPADES TWO,0.492,0.2658,0.2422
DIAMONDS THREE SPADES THREE,0.2642,0.106,0.6298
CLUBS EIGHT DIAMONDS THREE,0.2466,0.146,0.6074
CLUBS NINE DIAMONDS THREE,0.2546,0.0926,0.6528
SPADES SEVEN CLUBS ACE,0.3324,0.0048,0.6628
SPADES SEVEN CLUBS QUEEN,0.3442,0.0134,0.6424
SPADES SEVEN CLUBS KING,0.3422,0.0068,0.651
CLUBS FIVE SPADES SEVEN,0.3356,0.0992,0.5652
CLUBS TEN SPADES SEVEN,0.3436,0.0284,0.628
CLUBS FIVE SPADES SIX,0.22,0.4406,0.3394
CLUBS JACK SPADES SEVEN,0.3486,0.0182,0.6332
CLUBS FIVE SPADES NINE,0.3598,0.0448,0.5954
CLUBS FIVE SPADES EIGHT,0.3652,0.0618,0.573
CLUBS FIVE SPADES THREE,0.4858,0.2736,0.2406
CLUBS FIVE SPADES TWO,0.4848,0.1624,0.3528
CLUBS FIVE SPADES FIVE,0.2406,0.1262,0.6332
CLUBS FIVE SPADES FOUR,0.4372,0.1692,0.3936
CLUBS NINE CLUBS FIVE,0.3398,0.0458,0.6144
CLUBS EIGHT CLUBS FIVE,0.33,0.0748,0.5952
CLUBS ACE CLUBS QUEEN,0.321,0.003,0.676
CLUBS KING CLUBS QUEEN,0.3196,0.0076,0.6728
DIAMONDS TEN DIAMONDS FOUR,0.3494,0.0288,0.6218
CLUBS TEN DIAMONDS NINE,0.3174,0.0262,0.6564
DIAMONDS JACK DIAMONDS FOUR,0.3382,0.0234,0.6384
CLUBS JACK DIAMONDS NINE,0.339,0.0176,0.6434
CLUBS JACK SPADES NINE,0.3298,0.0174,0.6528
CLUBS TEN SPADES NINE,0.3254,0.0214,0.6532
DIAMONDS ACE DIAMONDS FOUR,0.3396,0.0042,0.6562
HEARTS FOUR DIAMONDS FOUR,0.228,0.145,0.627
DIAMONDS JACK HEARTS TEN,0.3268,0.0142,0.659
SPADES NINE CLUBS KING,0.3404,0.007,0.6526
DIAMONDS TWO SPADES TEN,0.413,0.032,0.555
DIAMONDS NINE CLUBS ACE,0.3348,0.0058,0.6594
HEARTS FIVE DIAMONDS FOUR,0.4404,0.1612,0.3984
DIAMONDS JACK HEARTS JACK,0.1452,0.0464,0.8084
SPADES NINE CLUBS QUEEN,0.3422,0.011,0.6468
DIAMONDS TWO SPADES JACK,0.41,0.0208,0.5692
DIAMONDS QUEEN DIAMONDS FOUR,0.357,0.014,0.629
HEARTS TWO DIAMONDS FOUR,0.4958,0.1594,0.3448
DIAMONDS NINE CLUBS QUEEN,0.3436,0.01,0.6464
DIAMONDS KING DIAMONDS FOUR,0.3506,0.0078,0.6416
SPADES NINE CLUBS ACE,0.3434,0.0028,0.6538
DIAMONDS NINE CLUBS KING,0.3484,0.0072,0.6444
HEARTS ACE DIAMONDS JACK,0.3348,0.003,0.6622
SPADES ACE DIAMONDS TWO,0.39,0.005,0.605
HEARTS QUEEN DIAMONDS JACK,0.335,0.0094,0.6556
SPADES QUEEN DIAMONDS TWO,0.418,0.0138,0.5682
DIAMONDS JACK HEARTS KING,0.347,0.0074,0.6456
SPADES KING DIAMONDS TWO,0.3998,0.0098,0.5904
SPADES JACK SPADES SEVEN,0.3248,0.0182,0.657
SPADES TEN SPADES SEVEN,0.3198,0.026,0.6542
CLUBS SEVEN CLUBS THREE,0.225,0.189,0.586
CLUBS FIVE CLUBS THREE,0.4606,0.2676,0.2718
CLUBS THREE CLUBS FOUR,0.4592,0.2644,0.2764
CLUBS NINE CLUBS THREE,0.244,0.0992,0.6568
CLUBS EIGHT CLUBS THREE,0.2406,0.1284,0.631
CLUBS THREE SPADES FIVE,0.475,0.279,0.246
CLUBS THREE SPADES FOUR,0.4748,0.2814,0.2438
CLUBS THREE SPADES THREE,0.2656,0.0966,0.6378
CLUBS THREE SPADES TWO,0.4862,0.2842,0.2296
CLUBS THREE SPADES SIX,0.015,0.9728,0.0122
CLUBS THREE SPADES SEVEN,0.2368,0.197,0.5662
SPADES EIGHT CLUBS THREE,0.2598,0.1432,0.597
SPADES NINE CLUBS THREE,0.2628,0.1048,0.6324
SPADES TWO DIAMONDS FOUR,0.4894,0.1562,0.3544
SPADES THREE DIAMONDS FOUR,0.4856,0.2666,0.2478
SPADES FOUR DIAMONDS FOUR,0.2362,0.1422,0.6216
SPADES FIVE DIAMONDS FOUR,0.4318,0.1504,0.4178
SPADES SIX DIAMONDS FOUR,0.2218,0.5084,0.2698
SPADES SEVEN DIAMONDS FOUR,0.3428,0.116,0.5412
SPADES EIGHT DIAMONDS FOUR,0.3536,0.0718,0.5746
SPADES NINE DIAMONDS FOUR,0.3746,0.0362,0.5892
CLUBS FIVE DIAMONDS FOUR,0.4388,0.1602,0.401
CLUBS FOUR DIAMONDS FOUR,0.2332,0.1462,0.6206
CLUBS SEVEN DIAMONDS FOUR,0.342,0.1096,0.5484
CLUBS NINE DIAMONDS FOUR,0.3626,0.0438,0.5936
CLUBS EIGHT DIAMONDS FOUR,0.3528,0.064,0.5832
HEARTS SEVEN DIAMONDS FOUR,0.3416,0.113,0.5454
HEARTS SIX DIAMONDS FOUR,0.2168,0.5056,0.2776
DIAMONDS FOUR HEARTS NINE,0.357,0.0426,0.6004
DIAMONDS FOUR HEARTS EIGHT,0.3496,0.068,0.5824
CLUBS THREE DIAMONDS FOUR,0.482,0.2686,0.2494
CLUBS TWO DIAMONDS FOUR,0.4908,0.1682,0.341
DIAMONDS TEN DIAMONDS FIVE,0.356,0.0286,0.6154
DIAMONDS JACK DIAMONDS FIVE,0.3484,0.0152,0.6364
DIAMONDS NINE HEARTS QUEEN,0.3446,0.0116,0.6438
DIAMONDS NINE HEARTS KING,0.3414,0.0082,0.6504
HEARTS ACE DIAMONDS NINE,0.3486,0.0048,0.6466
DIAMONDS NINE HEARTS TEN,0.3172,0.0232,0.6596
DIAMONDS NINE HEARTS JACK,0.321,0.0148,0.6642
CLUBS KING DIAMONDS SIX,0.2432,0.041,0.7158
CLUBS QUEEN DIAMONDS SIX,0.2474,0.0484,0.7042
CLUBS ACE DIAMONDS SIX,0.2452,0.0274,0.7274
SPADES KING DIAMONDS FOUR,0.3652,0.0064,0.6284
SPADES ACE SPADES SEVEN,0.3184,0.0054,0.6762
SPADES QUEEN DIAMONDS FOUR,0.3796,0.0164,0.604
SPADES QUEEN SPADES SEVEN,0.3294,0.0118,0.6588
CLUBS JACK DIAMONDS SIX,0.2576,0.0656,0.6768
SPADES KING SPADES SEVEN,0.3216,0.008,0.6704
SPADES ACE DIAMONDS FOUR,0.355,0.0048,0.6402
CLUBS TEN DIAMONDS SIX,0.2504,0.0748,0.6748
CLUBS NINE CLUBS FOUR,0.3534,0.0464,0.6002
CLUBS EIGHT CLUBS FOUR,0.3376,0.059,0.6034
SPADES JACK DIAMONDS FOUR,0.3856,0.0216,0.5928
SPADES TEN DIAMONDS FOUR,0.371,0.0262,0.6028
CLUBS FIVE CLUBS FOUR,0.415,0.1526,0.4324
CLUBS SEVEN CLUBS FOUR,0.3302,0.0992,0.5706
CLUBS SEVEN SPADES EIGHT,0.31,0.0618,0.6282
SPADES NINE CLUBS SEVEN,0.3188,0.0352,0.646
CLUBS SEVEN SPADES SIX,0.238,0.1912,0.5708
CLUBS SEVEN SPADES SEVEN,0.1336,0.103,0.7634
CLUBS SEVEN SPADES FIVE,0.3208,0.0988,0.5804
CLUBS SEVEN SPADES FOUR,0.3384,0.103,0.5586
CLUBS SEVEN SPADES THREE,0.2328,0.2006,0.5666
CLUBS SEVEN SPADES TWO,0.388,0.104,0.508
CLUBS NINE CLUBS SEVEN,0.3148,0.043,0.6422
CLUBS EIGHT CLUBS SEVEN,0.2964,0.0584,0.6452
HEARTS SIX DIAMONDS FIVE,0.2092,0.4514,0.3394
HEARTS SEVEN DIAMONDS FIVE,0.3266,0.1094,0.564
DIAMONDS FIVE HEARTS EIGHT,0.3426,0.0658,0.5916
DIAMONDS FIVE HEARTS NINE,0.349,0.0458,0.6052
DIAMONDS QUEEN DIAMONDS FIVE,0.3396,0.0132,0.6472
HEARTS TWO DIAMONDS FIVE,0.4938,0.1686,0.3376
HEARTS KING HEARTS EIGHT,0.3368,0.0086,0.6546
DIAMONDS KING DIAMONDS FIVE,0.335,0.01,0.655
HEARTS QUEEN HEARTS EIGHT,0.3304,0.0106,0.659
DIAMONDS ACE DIAMONDS FIVE,0.3318,0.006,0.6622
HEARTS FOUR DIAMONDS FIVE,0.4306,0.1676,0.4018
HEARTS FIVE DIAMONDS FIVE,0.2236,0.1232,0.6532
HEARTS ACE HEARTS EIGHT,0.32,0.0062,0.6738
CLUBS FOUR DIAMONDS FIVE,0.442,0.1588,0.3992
CLUBS FIVE DIAMONDS FIVE,0.2272,0.14,0.6328
CLUBS SEVEN DIAMONDS FIVE,0.3272,0.1002,0.5726
CLUBS TWO DIAMONDS FIVE,0.4954,0.156,0.3486
CLUBS THREE DIAMONDS FIVE,0.4866,0.2708,0.2426
SPADES THREE DIAMONDS FIVE,0.4842,0.2622,0.2536
SPADES TWO DIAMONDS FIVE,0.496,0.1556,0.3484
SPADES JACK DIAMONDS EIGHT,0.3404,0.016,0.6436
SPADES FIVE DIAMONDS FIVE,0.2252,0.1188,0.656
CLUBS TEN HEARTS JACK,0.3358,0.0178,0.6464
SPADES TEN DIAMONDS EIGHT,0.3352,0.026,0.6388
SPADES FOUR DIAMONDS FIVE,0.4366,0.1576,0.4058
CLUBS JACK HEARTS JACK,0.1462,0.0492,0.8046
HEARTS JACK CLUBS QUEEN,0.3388,0.0094,0.6518
CLUBS NINE DIAMONDS FIVE,0.3574,0.0398,0.6028
CLUBS EIGHT DIAMONDS FIVE,0.3318,0.0682,0.6
HEARTS JACK CLUBS KING,0.3212,0.0088,0.67
CLUBS ACE HEARTS JACK,0.332,0.0062,0.6618
SPADES SEVEN DIAMONDS FIVE,0.3398,0.1064,0.5538
SPADES KING DIAMONDS EIGHT,0.353,0.008,0.639
SPADES QUEEN DIAMONDS EIGHT,0.3392,0.0146,0.6462
SPADES SIX DIAMONDS FIVE,0.2108,0.445,0.3442
SPADES NINE DIAMONDS FIVE,0.3646,0.0444,0.591
SPADES EIGHT DIAMONDS FIVE,0.3572,0.0604,0.5824
SPADES ACE DIAMONDS EIGHT,0.3526,0.0042,0.6432
DIAMONDS TEN DIAMONDS SIX,0.2442,0.0734,0.6824
HEARTS ACE DIAMONDS SEVEN,0.3214,0.0048,0.6738
DIAMONDS JACK DIAMONDS SIX,0.2392,0.0564,0.7044
HEARTS QUEEN DIAMONDS SEVEN,0.3506,0.0126,0.6368
HEARTS KING DIAMONDS SEVEN,0.3434,0.006,0.6506
DIAMONDS ACE DIAMONDS SIX,0.2306,0.0292,0.7402
HEARTS FOUR DIAMONDS SIX,0.2118,0.519,0.2692
SPADES TWO HEARTS JACK,0.4012,0.0212,0.5776
HEARTS FIVE DIAMONDS SIX,0.2108,0.438,0.3512
SPADES TWO HEARTS TEN,0.4086,0.034,0.5574
DIAMONDS QUEEN DIAMONDS SIX,0.2344,0.0518,0.7138
HEARTS TWO DIAMONDS SIX,0.2708,0.532,0.1972
DIAMONDS KING DIAMONDS SIX,0.2404,0.0376,0.722
HEARTS EIGHT DIAMONDS SIX,0.2348,0.15,0.6152
HEARTS NINE DIAMONDS SIX,0.2524,0.1144,0.6332
HEARTS SIX DIAMONDS SIX,0.0878,0.1212,0.791
HEARTS SEVEN DIAMONDS SIX,0.2264,0.195,0.5786
HEARTS TEN DIAMONDS SEVEN,0.3266,0.027,0.6464
CLUBS TWO DIAMONDS SIX,0.2764,0.5108,0.2128
HEARTS JACK DIAMONDS SEVEN,0.3402,0.022,0.6378
CLUBS THREE DIAMONDS SIX,0.0192,0.9698,0.011
CLUBS SEVEN DIAMONDS SIX,0.2236,0.2082,0.5682
CLUBS JACK DIAMONDS EIGHT,0.3304,0.0182,0.6514
CLUBS TEN DIAMONDS EIGHT,0.3212,0.0274,0.6514
CLUBS FIVE DIAMONDS SIX,0.2068,0.4608,0.3324
CLUBS FOUR DIAMONDS SIX,0.2134,0.5224,0.2642
HEARTS ACE HEARTS JACK,0.32,0.005,0.675
DIAMONDS EIGHT CLUBS ACE,0.3236,0.007,0.6694
HEARTS QUEEN HEARTS JACK,0.3218,0.01,0.6682
DIAMONDS EIGHT CLUBS KING,0.3452,0.0086,0.6462
CLUBS NINE DIAMONDS SIX,0.2496,0.1174,0.633
HEARTS KING HEARTS JACK,0.325,0.0076,0.6674
CLUBS EIGHT DIAMONDS SIX,0.2352,0.1406,0.6242
DIAMONDS EIGHT CLUBS QUEEN,0.3388,0.0144,0.6468
SPADES TEN HEARTS KING,0.3372,0.0074,0.6554
SPADES FIVE DIAMONDS SIX,0.217,0.4504,0.3326
HEARTS ACE SPADES TWO,0.3882,0.0048,0.607
SPADES JACK HEARTS KING,0.3352,0.0074,0.6574
SPADES FOUR DIAMONDS SIX,0.2096,0.5094,0.281
SPADES THREE DIAMONDS SIX,0.0208,0.956,0.0232
HEARTS QUEEN SPADES TWO,0.39,0.0146,0.5954
SPADES ACE SPADES KING,0.3208,0.0036,0.6756
HEARTS KING SPADES TWO,0.4076,0.0086,0.5838
SPADES TWO DIAMONDS SIX,0.275,0.5006,0.2244
HEARTS TEN HEARTS EIGHT,0.3148,0.0252,0.66
SPADES NINE DIAMONDS SIX,0.2518,0.1102,0.638
HEARTS JACK HEARTS EIGHT,0.33,0.0164,0.6536
SPADES EIGHT DIAMONDS SIX,0.2398,0.1512,0.609
SPADES SEVEN DIAMONDS SIX,0.2384,0.1862,0.5754
SPADES SIX DIAMONDS SIX,0.097,0.12,0.783
SPADES KING HEARTS KING,0.154,0.0146,0.8314
SPADES QUEEN HEARTS KING,0.3562,0.0054,0.6384
CLUBS ACE CLUBS KING,0.3358,0.0048,0.6594
SPADES ACE HEARTS KING,0.3418,0.0052,0.653
SPADES ACE HEARTS JACK,0.3374,0.0034,0.6592
SPADES QUEEN HEARTS JACK,0.3326,0.0124,0.655
SPADES KING HEARTS JACK,0.3306,0.0076,0.6618
SPADES TEN DIAMONDS TEN,0.1584,0.0578,0.7838
SPADES JACK DIAMONDS TEN,0.343,0.0164,0.6406
SPADES ACE DIAMONDS TEN,0.333,0.0036,0.6634
SPADES JACK HEARTS JACK,0.1466,0.0466,0.8068
SPADES TEN HEARTS JACK,0.3318,0.016,0.6522
SPADES QUEEN DIAMONDS TEN,0.339,0.0114,0.6496
SPADES KING DIAMONDS TEN,0.3454,0.009,0.6456
SPADES NINE DIAMONDS SEVEN,0.3446,0.0406,0.6148
SPADES EIGHT DIAMONDS SEVEN,0.3088,0.0618,0.6294
SPADES SEVEN DIAMONDS SEVEN,0.1364,0.1058,0.7578
SPADES SIX DIAMONDS SEVEN,0.2416,0.1808,0.5776
DIAMONDS KING DIAMONDS SEVEN,0.3162,0.0094,0.6744
HEARTS KING DIAMONDS FIVE,0.373,0.0086,0.6184
DIAMONDS QUEEN DIAMONDS SEVEN,0.3192,0.0106,0.6702
HEARTS TWO DIAMONDS SEVEN,0.4,0.1014,0.4986
HEARTS QUEEN DIAMONDS FIVE,0.3642,0.0132,0.6226
HEARTS FIVE DIAMONDS SEVEN,0.3368,0.1028,0.5604
DIAMONDS ACE DIAMONDS SEVEN,0.3062,0.0042,0.6896
HEARTS FOUR DIAMONDS SEVEN,0.3406,0.096,0.5634
HEARTS ACE DIAMONDS FIVE,0.3504,0.0042,0.6454
HEARTS SEVEN DIAMONDS SEVEN,0.1442,0.1032,0.7526
HEARTS SIX DIAMONDS SEVEN,0.227,0.2012,0.5718
DIAMONDS SEVEN HEARTS NINE,0.3106,0.0408,0.6486
HEARTS EIGHT DIAMONDS SEVEN,0.3108,0.06,0.6292
DIAMONDS JACK DIAMONDS SEVEN,0.3192,0.0178,0.663
DIAMONDS FIVE HEARTS JACK,0.3606,0.0158,0.6236
DIAMONDS TEN DIAMONDS SEVEN,0.3286,0.0236,0.6478
HEARTS TEN DIAMONDS FIVE,0.3524,0.0342,0.6134
CLUBS EIGHT DIAMONDS SEVEN,0.3134,0.0606,0.626
SPADES KING CLUBS TWO,0.4018,0.0096,0.5886
HEARTS KING CLUBS KING,0.1384,0.0194,0.8422
SPADES QUEEN CLUBS TWO,0.4134,0.0162,0.5704
HEARTS KING CLUBS QUEEN,0.3448,0.0062,0.649
CLUBS NINE DIAMONDS SEVEN,0.3266,0.0416,0.6318
CLUBS JACK SPADES TWO,0.4022,0.022,0.5758
SPADES ACE CLUBS TWO,0.3914,0.0052,0.6034
CLUBS TEN SPADES TWO,0.3994,0.026,0.5746
HEARTS KING CLUBS ACE,0.337,0.0058,0.6572
SPADES TWO CLUBS KING,0.398,0.0096,0.5924
SPADES TWO DIAMONDS SEVEN,0.3948,0.105,0.5002
SPADES THREE DIAMONDS SEVEN,0.2462,0.1982,0.5556
SPADES TWO CLUBS QUEEN,0.4052,0.0152,0.5796
SPADES FOUR DIAMONDS SEVEN,0.3502,0.1062,0.5436
CLUBS JACK HEARTS KING,0.3286,0.0082,0.6632
SPADES FIVE DIAMONDS SEVEN,0.3394,0.0936,0.567
SPADES TWO CLUBS ACE,0.3776,0.0048,0.6176
CLUBS TEN HEARTS KING,0.332,0.0076,0.6604
CLUBS TWO DIAMONDS SEVEN,0.3944,0.1034,0.5022
CLUBS THREE DIAMONDS SEVEN,0.25,0.19,0.56
CLUBS FOUR DIAMONDS SEVEN,0.3518,0.1052,0.543
CLUBS FIVE DIAMONDS SEVEN,0.3482,0.1028,0.549
SPADES JACK CLUBS TWO,0.407,0.0224,0.5706
CLUBS SEVEN DIAMONDS SEVEN,0.1408,0.0972,0.762
SPADES TEN CLUBS TWO,0.414,0.0294,0.5566
CLUBS TWO CLUBS QUEEN,0.387,0.0142,0.5988
CLUBS TWO CLUBS KING,0.3926,0.0116,0.5958
CLUBS THREE DIAMONDS EIGHT,0.2654,0.1386,0.596
CLUBS TWO CLUBS ACE,0.3696,0.007,0.6234
CLUBS TWO DIAMONDS EIGHT,0.3988,0.0642,0.537
HEARTS SEVEN DIAMONDS EIGHT,0.3162,0.0612,0.6226
HEARTS SIX DIAMONDS EIGHT,0.2268,0.1524,0.6208
DIAMONDS EIGHT HEARTS NINE,0.3142,0.038,0.6478
CLUBS TEN CLUBS TWO,0.3936,0.0314,0.575
DIAMONDS EIGHT HEARTS EIGHT,0.1482,0.0904,0.7614
CLUBS JACK CLUBS TWO,0.3918,0.0196,0.5886
CLUBS NINE DIAMONDS EIGHT,0.318,0.0362,0.6458
CLUBS EIGHT DIAMONDS EIGHT,0.1492,0.085,0.7658
CLUBS FIVE DIAMONDS EIGHT,0.3468,0.0678,0.5854
SPADES ACE SPADES THREE,0.2374,0.0138,0.7488
CLUBS FOUR DIAMONDS EIGHT,0.3576,0.0614,0.581
CLUBS SEVEN DIAMONDS EIGHT,0.3128,0.0546,0.6326
SPADES QUEEN SPADES THREE,0.249,0.0342,0.7168
SPADES KING SPADES THREE,0.2542,0.0296,0.7162
DIAMONDS QUEEN DIAMONDS EIGHT,0.3252,0.012,0.6628
HEARTS TWO DIAMONDS EIGHT,0.4064,0.0692,0.5244
DIAMONDS KING DIAMONDS EIGHT,0.3378,0.0056,0.6566
DIAMONDS ACE DIAMONDS EIGHT,0.3208,0.0046,0.6746
HEARTS FOUR DIAMONDS EIGHT,0.3692,0.0664,0.5644
HEARTS FIVE DIAMONDS EIGHT,0.347,0.0696,0.5834
DIAMONDS EIGHT DIAMONDS TEN,0.308,0.0204,0.6716
DIAMONDS EIGHT DIAMONDS JACK,0.3282,0.0176,0.6542
SPADES JACK SPADES THREE,0.249,0.0516,0.6994
SPADES TEN SPADES THREE,0.2434,0.066,0.6906
CLUBS FOUR HEARTS ACE,0.3514,0.0082,0.6404
CLUBS FOUR HEARTS QUEEN,0.3764,0.0138,0.6098
CLUBS FOUR HEARTS KING,0.3632,0.0096,0.6272
DIAMONDS EIGHT SPADES FOUR,0.366,0.0556,0.5784
SPADES FIVE DIAMONDS EIGHT,0.3454,0.0668,0.5878
DIAMONDS EIGHT SPADES TWO,0.4034,0.0682,0.5284
DIAMONDS EIGHT SPADES THREE,0.2594,0.1356,0.605
CLUBS FOUR HEARTS JACK,0.3708,0.0216,0.6076
SPADES EIGHT DIAMONDS EIGHT,0.1646,0.0802,0.7552
SPADES TEN DIAMONDS QUEEN,0.343,0.012,0.645
SPADES TEN HEARTS TWO,0.4052,0.0356,0.5592
SPADES JACK HEARTS EIGHT,0.3292,0.0214,0.6494
CLUBS FOUR HEARTS TEN,0.3698,0.032,0.5982
SPADES NINE DIAMONDS EIGHT,0.3338,0.0398,0.6264
SPADES TEN HEARTS EIGHT,0.3314,0.031,0.6376
SPADES JACK HEARTS TWO,0.3988,0.022,0.5792
SPADES JACK DIAMONDS QUEEN,0.3516,0.0112,0.6372
SPADES SIX DIAMONDS EIGHT,0.2238,0.1442,0.632
SPADES SEVEN DIAMONDS EIGHT,0.318,0.0572,0.6248
SPADES ACE HEARTS TWO,0.3926,0.005,0.6024
SPADES ACE DIAMONDS QUEEN,0.3308,0.0036,0.6656
SPADES ACE HEARTS EIGHT,0.3464,0.0034,0.6502
SPADES KING HEARTS EIGHT,0.3404,0.0072,0.6524
SPADES QUEEN HEARTS TWO,0.409,0.0156,0.5754
SPADES QUEEN DIAMONDS QUEEN,0.1604,0.0322,0.8074
SPADES KING DIAMONDS QUEEN,0.355,0.006,0.639
SPADES KING HEARTS TWO,0.4138,0.0082,0.578
SPADES QUEEN HEARTS EIGHT,0.3322,0.011,0.6568
CLUBS TWO HEARTS TEN,0.405,0.0304,0.5646
CLUBS TWO HEARTS JACK,0.4002,0.0272,0.5726
SPADES SEVEN DIAMONDS NINE,0.3398,0.0428,0.6174
SPADES SIX DIAMONDS NINE,0.2546,0.11,0.6354
SPADES NINE DIAMONDS NINE,0.164,0.0702,0.7658
SPADES EIGHT DIAMONDS NINE,0.3296,0.0376,0.6328
SPADES TEN CLUBS KING,0.342,0.0072,0.6508
DIAMONDS NINE SPADES THREE,0.2672,0.097,0.6358
SPADES JACK CLUBS KING,0.337,0.0082,0.6548
DIAMONDS NINE SPADES TWO,0.3992,0.0484,0.5524
DIAMONDS NINE SPADES FIVE,0.3684,0.0446,0.587
DIAMONDS NINE SPADES FOUR,0.3686,0.0428,0.5886
CLUBS NINE DIAMONDS NINE,0.1482,0.0774,0.7744
CLUBS EIGHT DIAMONDS NINE,0.3072,0.0418,0.651
SPADES JACK CLUBS FOUR,0.3654,0.0226,0.612
CLUBS SEVEN DIAMONDS NINE,0.3198,0.04,0.6402
SPADES TEN CLUBS FOUR,0.3778,0.0272,0.595
CLUBS FOUR DIAMONDS NINE,0.384,0.0458,0.5702
CLUBS FIVE DIAMONDS NINE,0.3612,0.0442,0.5946
DIAMONDS NINE CLUBS TWO,0.405,0.0456,0.5494
CLUBS THREE DIAMONDS NINE,0.265,0.0984,0.6366
DIAMONDS NINE HEARTS EIGHT,0.3362,0.0356,0.6282
DIAMONDS NINE HEARTS NINE,0.1426,0.079,0.7784
HEARTS SIX DIAMONDS NINE,0.2458,0.1154,0.6388
HEARTS SEVEN DIAMONDS NINE,0.3082,0.0408,0.651
CLUBS EIGHT CLUBS NINE,0.3098,0.038,0.6522
DIAMONDS ACE DIAMONDS NINE,0.3076,0.0042,0.6882
HEARTS FOUR DIAMONDS NINE,0.3756,0.0434,0.581
HEARTS FIVE DIAMONDS NINE,0.3472,0.0464,0.6064
HEARTS ACE CLUBS TWO,0.3856,0.0066,0.6078
SPADES ACE CLUBS FOUR,0.3632,0.004,0.6328
DIAMONDS QUEEN DIAMONDS NINE,0.3236,0.0114,0.665
HEARTS TWO DIAMONDS NINE,0.398,0.043,0.559
CLUBS TWO HEARTS KING,0.4184,0.0092,0.5724
SPADES KING CLUBS FOUR,0.3674,0.009,0.6236
DIAMONDS KING DIAMONDS NINE,0.3148,0.008,0.6772
CLUBS TWO HEARTS QUEEN,0.4084,0.0152,0.5764
SPADES QUEEN CLUBS FOUR,0.3678,0.0098,0.6224
DIAMONDS NINE DIAMONDS JACK,0.3192,0.0208,0.66
CLUBS EIGHT SPADES NINE,0.311,0.0386,0.6504
DIAMONDS NINE DIAMONDS TEN,0.3204,0.0238,0.6558
CLUBS EIGHT SPADES EIGHT,0.1438,0.0912,0.765
CLUBS EIGHT SPADES SEVEN,0.3116,0.0566,0.6318
CLUBS EIGHT SPADES SIX,0.2322,0.1474,0.6204
CLUBS EIGHT SPADES FIVE,0.3486,0.0648,0.5866
CLUBS EIGHT SPADES FOUR,0.3504,0.0746,0.575
CLUBS EIGHT SPADES THREE,0.2674,0.1342,0.5984
CLUBS EIGHT SPADES TWO,0.3954,0.0688,0.5358
HEARTS SIX DIAMONDS TEN,0.2438,0.0834,0.6728
HEARTS SEVEN DIAMONDS TEN,0.3232,0.0302,0.6466
DIAMONDS TEN HEARTS EIGHT,0.3394,0.027,0.6336
CLUBS JACK CLUBS FOUR,0.3524,0.0226,0.625
DIAMONDS TEN HEARTS NINE,0.3322,0.0262,0.6416
CLUBS TEN CLUBS FOUR,0.3542,0.0316,0.6142
CLUBS FOUR CLUBS KING,0.3482,0.009,0.6428
CLUBS FOUR CLUBS QUEEN,0.3494,0.012,0.6386
CLUBS TWO DIAMONDS TEN,0.4144,0.0346,0.551
CLUBS THREE DIAMONDS TEN,0.257,0.0756,0.6674
CLUBS FOUR CLUBS ACE,0.3262,0.0064,0.6674
DIAMONDS JACK DIAMONDS TEN,0.3158,0.0152,0.669
DIAMONDS QUEEN DIAMONDS TEN,0.3142,0.0106,0.6752
HEARTS TWO DIAMONDS TEN,0.4106,0.0302,0.5592
DIAMONDS KING DIAMONDS TEN,0.315,0.0068,0.6782
DIAMONDS ACE DIAMONDS TEN,0.3308,0.0048,0.6644
HEARTS FOUR DIAMONDS TEN,0.3618,0.0274,0.6108
CLUBS EIGHT HEARTS JACK,0.3348,0.0192,0.646
HEARTS FIVE DIAMONDS TEN,0.3576,0.0292,0.6132
CLUBS EIGHT HEARTS TEN,0.318,0.0256,0.6564
CLUBS EIGHT HEARTS QUEEN,0.34,0.0118,0.6482
CLUBS EIGHT HEARTS KING,0.336,0.0088,0.6552
CLUBS EIGHT HEARTS ACE,0.3272,0.0046,0.6682
CLUBS NINE SPADES THREE,0.2592,0.1008,0.64
CLUBS NINE SPADES TWO,0.3988,0.042,0.5592
CLUBS NINE SPADES FIVE,0.35,0.0448,0.6052
CLUBS NINE SPADES FOUR,0.3774,0.0386,0.584
CLUBS NINE SPADES SEVEN,0.3262,0.0396,0.6342
CLUBS NINE SPADES SIX,0.2402,0.107,0.6528
CLUBS NINE SPADES NINE,0.1432,0.0788,0.778
CLUBS TEN HEARTS EIGHT,0.319,0.0292,0.6518
CLUBS NINE SPADES EIGHT,0.3218,0.0368,0.6414
CLUBS JACK HEARTS EIGHT,0.3296,0.0194,0.651
HEARTS EIGHT CLUBS QUEEN,0.332,0.0128,0.6552
CLUBS KING HEARTS EIGHT,0.3466,0.008,0.6454
CLUBS ACE HEARTS EIGHT,0.3202,0.0046,0.6752
SPADES KING CLUBS KING,0.1518,0.0204,0.8278
SPADES QUEEN CLUBS KING,0.3482,0.0082,0.6436
SPADES ACE CLUBS KING,0.336,0.0072,0.6568
DIAMONDS ACE HEARTS TEN,0.3426,0.0048,0.6526
HEARTS FOUR HEARTS TEN,0.367,0.03,0.603
DIAMONDS ACE HEARTS JACK,0.3362,0.0038,0.66
HEARTS FOUR HEARTS JACK,0.3586,0.0198,0.6216
SPADES KING CLUBS FIVE,0.3644,0.0114,0.6242
SPADES QUEEN CLUBS FIVE,0.3656,0.0134,0.621
SPADES ACE CLUBS FIVE,0.3518,0.0078,0.6404
HEARTS SEVEN DIAMONDS JACK,0.338,0.0192,0.6428
HEARTS SIX DIAMONDS JACK,0.2532,0.0674,0.6794
DIAMONDS JACK HEARTS NINE,0.3466,0.0184,0.635
DIAMONDS JACK HEARTS EIGHT,0.33,0.0182,0.6518
DIAMONDS KING DIAMONDS JACK,0.3252,0.0078,0.667
SPADES ACE SPADES SIX,0.236,0.0262,0.7378
HEARTS ACE SPADES FOUR,0.3336,0.0068,0.6596
DIAMONDS QUEEN DIAMONDS JACK,0.321,0.0092,0.6698
HEARTS TWO DIAMONDS JACK,0.4118,0.0218,0.5664
HEARTS FIVE DIAMONDS JACK,0.3726,0.0156,0.6118
SPADES QUEEN SPADES SIX,0.2464,0.0518,0.7018
SPADES FOUR HEARTS QUEEN,0.3814,0.0116,0.607
DIAMONDS ACE DIAMONDS JACK,0.314,0.004,0.682
HEARTS FOUR DIAMONDS JACK,0.3628,0.0222,0.615
SPADES KING SPADES SIX,0.2366,0.0432,0.7202
SPADES FOUR HEARTS KING,0.37,0.0118,0.6182
SPADES TEN SPADES SIX,0.238,0.0772,0.6848
SPADES JACK SPADES SIX,0.2376,0.0582,0.7042
SPADES FOUR DIAMONDS JACK,0.3786,0.0182,0.6032
SPADES FIVE DIAMONDS JACK,0.3574,0.0222,0.6204
DIAMONDS JACK SPADES TWO,0.4166,0.0208,0.5626
DIAMONDS JACK SPADES THREE,0.2698,0.0558,0.6744
SPADES ACE DIAMONDS THREE,0.2424,0.014,0.7436
CLUBS EIGHT DIAMONDS JACK,0.3324,0.0202,0.6474
SPADES QUEEN DIAMONDS THREE,0.2644,0.041,0.6946
SPADES KING DIAMONDS THREE,0.2646,0.0272,0.7082
CLUBS NINE DIAMONDS JACK,0.347,0.019,0.634
CLUBS SEVEN DIAMONDS JACK,0.3394,0.0194,0.6412
CLUBS FOUR DIAMONDS JACK,0.376,0.0224,0.6016
CLUBS FIVE DIAMONDS JACK,0.3626,0.0202,0.6172
CLUBS TWO DIAMONDS JACK,0.4142,0.0194,0.5664
CLUBS THREE DIAMONDS JACK,0.261,0.0588,0.6802
SPADES TEN CLUBS FIVE,0.39,0.0354,0.5746
SPADES JACK HEARTS SIX,0.2514,0.0556,0.693
HEARTS SIX SPADES TEN,0.2468,0.0854,0.6678
SPADES JACK CLUBS FIVE,0.3774,0.0192,0.6034
SPADES JACK DIAMONDS THREE,0.26,0.0558,0.6842
CLUBS SEVEN CLUBS ACE,0.3244,0.0044,0.6712
DIAMONDS THREE SPADES TEN,0.2672,0.067,0.6658
CLUBS SEVEN CLUBS QUEEN,0.3178,0.0142,0.668
CLUBS SEVEN CLUBS KING,0.3298,0.0084,0.6618
SPADES NINE DIAMONDS JACK,0.3392,0.0174,0.6434
CLUBS TEN CLUBS SEVEN,0.3166,0.0282,0.6552
DIAMONDS ACE HEARTS ACE,0.1444,0.0038,0.8518
HEARTS FOUR HEARTS ACE,0.3348,0.0058,0.6594
SPADES EIGHT DIAMONDS JACK,0.3402,0.0178,0.642
SPADES ACE HEARTS SIX,0.244,0.0282,0.7278
CLUBS JACK CLUBS SEVEN,0.3176,0.0178,0.6646
DIAMONDS ACE HEARTS KING,0.3456,0.0036,0.6508
HEARTS FOUR HEARTS KING,0.3492,0.0086,0.6422
SPADES SEVEN DIAMONDS JACK,0.3496,0.0186,0.6318
SPADES KING HEARTS SIX,0.247,0.041,0.712
DIAMONDS ACE HEARTS QUEEN,0.3392,0.0036,0.6572
HEARTS FOUR HEARTS QUEEN,0.3434,0.0164,0.6402
SPADES QUEEN HEARTS SIX,0.2476,0.0536,0.6988
SPADES SIX DIAMONDS JACK,0.2542,0.0588,0.687
DIAMONDS TEN SPADES TWO,0.4138,0.027,0.5592
SPADES THREE DIAMONDS TEN,0.2778,0.0684,0.6538
SPADES FOUR DIAMONDS TEN,0.3734,0.0256,0.601
SPADES FIVE DIAMONDS TEN,0.3624,0.025,0.6126
SPADES SIX DIAMONDS TEN,0.2614,0.0808,0.6578
SPADES SEVEN DIAMONDS TEN,0.3248,0.0298,0.6454
SPADES EIGHT DIAMONDS TEN,0.3336,0.0242,0.6422
SPADES NINE DIAMONDS TEN,0.3326,0.0234,0.644
CLUBS FOUR DIAMONDS TEN,0.362,0.0324,0.6056
CLUBS FIVE DIAMONDS TEN,0.3632,0.0286,0.6082
CLUBS SEVEN DIAMONDS TEN,0.3352,0.0292,0.6356
CLUBS EIGHT DIAMONDS TEN,0.3348,0.024,0.6412
CLUBS NINE DIAMONDS TEN,0.331,0.0264,0.6426
CLUBS JACK DIAMONDS THREE,0.257,0.0558,0.6872
CLUBS TEN DIAMONDS THREE,0.257,0.0718,0.6712
DIAMONDS THREE CLUBS KING,0.2496,0.0236,0.7268
DIAMONDS THREE CLUBS QUEEN,0.2584,0.0402,0.7014
DIAMONDS THREE CLUBS ACE,0.2276,0.0178,0.7546
SPADES FOUR HEARTS JACK,0.366,0.0226,0.6114
SPADES FOUR HEARTS TEN,0.3734,0.0334,0.5932
SPADES FIVE SPADES TWO,0.461,0.1544,0.3846
SPADES FOUR SPADES TWO,0.4746,0.155,0.3704
SPADES THREE SPADES TWO,0.4612,0.254,0.2848
SPADES NINE SPADES TWO,0.3894,0.0412,0.5694
SPADES EIGHT SPADES TWO,0.3818,0.064,0.5542
SPADES SEVEN SPADES TWO,0.3822,0.094,0.5238
SPADES SIX SPADES TWO,0.262,0.4798,0.2582
DIAMONDS QUEEN CLUBS THREE,0.263,0.037,0.7
CLUBS THREE HEARTS TWO,0.486,0.276,0.238
DIAMONDS QUEEN CLUBS TWO,0.4094,0.0138,0.5768
HEARTS TWO CLUBS TWO,0.3364,0.1464,0.5172
HEARTS SEVEN DIAMONDS QUEEN,0.3424,0.0138,0.6438
HEARTS SEVEN HEARTS TWO,0.3846,0.097,0.5184
HEARTS SIX DIAMONDS QUEEN,0.2498,0.0478,0.7024
HEARTS SIX HEARTS TWO,0.26,0.5044,0.2356
DIAMONDS QUEEN HEARTS NINE,0.337,0.011,0.652
HEARTS TWO HEARTS NINE,0.3858,0.0458,0.5684
DIAMONDS QUEEN HEARTS EIGHT,0.3376,0.0088,0.6536
HEARTS TWO HEARTS EIGHT,0.3836,0.0696,0.5468
CLUBS NINE HEARTS TWO,0.403,0.0512,0.5458
CLUBS NINE DIAMONDS QUEEN,0.3376,0.0112,0.6512
CLUBS EIGHT DIAMONDS QUEEN,0.3328,0.0138,0.6534
CLUBS EIGHT HEARTS TWO,0.4036,0.0688,0.5276
CLUBS FIVE DIAMONDS QUEEN,0.3752,0.0166,0.6082
CLUBS FIVE HEARTS TWO,0.4974,0.161,0.3416
SPADES EIGHT HEARTS ACE,0.3358,0.0028,0.6614
DIAMONDS QUEEN CLUBS FOUR,0.3794,0.0194,0.6012
HEARTS TWO CLUBS FOUR,0.4862,0.1736,0.3402
CLUBS SEVEN DIAMONDS QUEEN,0.3452,0.0142,0.6406
CLUBS SEVEN HEARTS TWO,0.3964,0.1124,0.4912
SPADES EIGHT HEARTS QUEEN,0.3554,0.013,0.6316
SPADES EIGHT HEARTS KING,0.3364,0.0084,0.6552
HEARTS TWO SPADES SIX,0.2772,0.5184,0.2044
DIAMONDS QUEEN SPADES SIX,0.2576,0.052,0.6904
HEARTS FOUR CLUBS QUEEN,0.3572,0.0146,0.6282
DIAMONDS ACE CLUBS QUEEN,0.3416,0.0054,0.653
DIAMONDS QUEEN SPADES SEVEN,0.3526,0.0108,0.6366
HEARTS TWO SPADES SEVEN,0.399,0.111,0.49
HEARTS FOUR CLUBS KING,0.3534,0.009,0.6376
DIAMONDS ACE CLUBS KING,0.3354,0.0058,0.6588
DIAMONDS QUEEN SPADES EIGHT,0.3606,0.011,0.6284
SPADES EIGHT HEARTS TWO,0.4048,0.0692,0.526
HEARTS FOUR CLUBS ACE,0.3518,0.0044,0.6438
DIAMONDS ACE CLUBS ACE,0.1548,0.0046,0.8406
SPADES NINE DIAMONDS QUEEN,0.3454,0.0116,0.643
SPADES NINE HEARTS TWO,0.4108,0.0484,0.5408
HEARTS TWO SPADES TWO,0.3404,0.1372,0.5224
DIAMONDS QUEEN SPADES TWO,0.403,0.0134,0.5836
HEARTS TWO SPADES THREE,0.485,0.2778,0.2372
DIAMONDS QUEEN SPADES THREE,0.2582,0.035,0.7068
HEARTS TWO SPADES FOUR,0.4828,0.1756,0.3416
DIAMONDS QUEEN SPADES FOUR,0.3776,0.0138,0.6086
CLUBS TEN HEARTS FOUR,0.357,0.0342,0.6088
CLUBS TEN DIAMONDS ACE,0.3278,0.0034,0.6688
HEARTS TWO SPADES FIVE,0.494,0.1604,0.3456
DIAMONDS QUEEN SPADES FIVE,0.374,0.011,0.615
CLUBS JACK HEARTS FOUR,0.3784,0.0192,0.6024
CLUBS JACK DIAMONDS ACE,0.3296,0.0034,0.667
CLUBS FIVE CLUBS KING,0.3514,0.0074,0.6412
CLUBS FIVE CLUBS QUEEN,0.35,0.0154,0.6346
CLUBS FIVE CLUBS ACE,0.3444,0.007,0.6486
CLUBS JACK CLUBS FIVE,0.3486,0.0182,0.6332
CLUBS TEN CLUBS FIVE,0.3504,0.029,0.6206
SPADES KING CLUBS JACK,0.3312,0.0066,0.6622
CLUBS JACK SPADES QUEEN,0.334,0.01,0.656
SPADES ACE CLUBS JACK,0.3462,0.0056,0.6482
SPADES SIX CLUBS KING,0.2488,0.0456,0.7056
SPADES SIX CLUBS QUEEN,0.2408,0.0532,0.706
SPADES EIGHT HEARTS JACK,0.3444,0.0202,0.6354
SPADES SIX CLUBS ACE,0.245,0.0294,0.7256
SPADES EIGHT HEARTS TEN,0.3296,0.0274,0.643
CLUBS JACK SPADES SIX,0.255,0.0578,0.6872
CLUBS TEN SPADES SIX,0.244,0.0808,0.6752
CLUBS JACK SPADES TEN,0.3258,0.0132,0.661
CLUBS JACK SPADES JACK,0.14,0.0452,0.8148
SPADES QUEEN CLUBS SEVEN,0.3662,0.0098,0.624
SPADES KING CLUBS SEVEN,0.3406,0.0072,0.6522
SPADES ACE CLUBS SEVEN,0.3388,0.0074,0.6538
SPADES SIX HEARTS TEN,0.25,0.0874,0.6626
SPADES SIX HEARTS JACK,0.2632,0.0572,0.6796
SPADES SIX HEARTS ACE,0.2436,0.0268,0.7296
SPADES SIX HEARTS KING,0.2422,0.042,0.7158
SPADES SIX HEARTS QUEEN,0.246,0.0534,0.7006
SPADES JACK CLUBS SEVEN,0.3502,0.0184,0.6314
SPADES TEN CLUBS SEVEN,0.33,0.0276,0.6424
CLUBS TEN HEARTS SIX,0.2406,0.0834,0.676
CLUBS JACK HEARTS SIX,0.2484,0.0692,0.6824
CLUBS JACK CLUBS ACE,0.3216,0.0064,0.672
HEARTS SIX CLUBS QUEEN,0.251,0.055,0.694
HEARTS SIX CLUBS KING,0.2372,0.0432,0.7196
HEARTS SIX CLUBS ACE,0.244,0.0282,0.7278
CLUBS JACK CLUBS QUEEN,0.3266,0.0102,0.6632
CLUBS JACK CLUBS KING,0.3236,0.0086,0.6678
DIAMONDS THREE HEARTS ACE,0.2318,0.0172,0.751
DIAMONDS THREE HEARTS QUEEN,0.2656,0.0388,0.6956
DIAMONDS THREE HEARTS KING,0.2642,0.0286,0.7072
CLUBS FIVE HEARTS JACK,0.3728,0.0178,0.6094
SPADES TEN DIAMONDS ACE,0.349,0.0042,0.6468
HEARTS FOUR SPADES TEN,0.3908,0.0302,0.579
CLUBS FIVE HEARTS TEN,0.3724,0.0308,0.5968
HEARTS FOUR SPADES JACK,0.3706,0.0192,0.6102
SPADES JACK DIAMONDS ACE,0.3524,0.0042,0.6434
SPADES ACE HEARTS FOUR,0.3542,0.0054,0.6404
SPADES ACE DIAMONDS ACE,0.1558,0.0026,0.8416
CLUBS FIVE HEARTS ACE,0.3438,0.0046,0.6516
CLUBS FIVE HEARTS KING,0.3638,0.0102,0.626
HEARTS FOUR SPADES QUEEN,0.3538,0.014,0.6322
SPADES QUEEN DIAMONDS ACE,0.3436,0.0036,0.6528
CLUBS JACK SPADES FOUR,0.3644,0.0182,0.6174
CLUBS FIVE HEARTS QUEEN,0.3664,0.0124,0.6212
SPADES KING DIAMONDS ACE,0.3544,0.0054,0.6402
SPADES KING HEARTS FOUR,0.3646,0.0072,0.6282
CLUBS TEN SPADES FOUR,0.3654,0.031,0.6036
DIAMONDS QUEEN DIAMONDS ACE,0.3186,0.005,0.6764
HEARTS TWO DIAMONDS ACE,0.3942,0.0044,0.6014
HEARTS FOUR DIAMONDS QUEEN,0.3704,0.0144,0.6152
HEARTS FOUR HEARTS TWO,0.4668,0.1574,0.3758
DIAMONDS THREE HEARTS TEN,0.255,0.0748,0.6702
SPADES FOUR CLUBS KING,0.3666,0.0118,0.6216
HEARTS FIVE DIAMONDS QUEEN,0.3638,0.0114,0.6248
HEARTS FIVE HEARTS TWO,0.4748,0.1514,0.3738
DIAMONDS THREE HEARTS JACK,0.2614,0.0524,0.6862
SPADES FOUR CLUBS QUEEN,0.3718,0.0136,0.6146
DIAMONDS QUEEN HEARTS TWO,0.4072,0.015,0.5778
DIAMONDS KING DIAMONDS QUEEN,0.3264,0.0058,0.6678
DIAMONDS KING HEARTS TWO,0.4152,0.01,0.5748
SPADES FOUR CLUBS ACE,0.3526,0.0046,0.6428
HEARTS TWO CLUBS ACE,0.391,0.0054,0.6036
DIAMONDS QUEEN CLUBS ACE,0.3472,0.0032,0.6496
HEARTS TWO CLUBS QUEEN,0.415,0.0156,0.5694
DIAMONDS QUEEN CLUBS QUEEN,0.1522,0.0298,0.818
HEARTS TWO CLUBS KING,0.4048,0.0102,0.585
DIAMONDS QUEEN CLUBS KING,0.348,0.0054,0.6466
SPADES EIGHT SPADES FIVE,0.3372,0.0682,0.5946
CLUBS TEN HEARTS TWO,0.4068,0.029,0.5642
CLUBS TEN DIAMONDS QUEEN,0.3428,0.0096,0.6476
SPADES NINE SPADES FIVE,0.3344,0.044,0.6216
CLUBS JACK HEARTS TWO,0.4038,0.0194,0.5768
CLUBS JACK DIAMONDS QUEEN,0.3346,0.0098,0.6556
SPADES SIX SPADES FIVE,0.2128,0.4116,0.3756
SPADES SEVEN SPADES FIVE,0.3152,0.092,0.5928
DIAMONDS FIVE CLUBS QUEEN,0.3642,0.0112,0.6246
SPADES EIGHT CLUBS ACE,0.3388,0.0062,0.655
DIAMONDS FIVE CLUBS KING,0.3638,0.008,0.6282
SPADES EIGHT CLUBS KING,0.3488,0.009,0.6422
DIAMONDS FIVE CLUBS ACE,0.3374,0.0046,0.658
SPADES EIGHT CLUBS QUEEN,0.3364,0.0104,0.6532
CLUBS JACK SPADES EIGHT,0.3274,0.0218,0.6508
CLUBS TEN SPADES EIGHT,0.332,0.0278,0.6402
CLUBS TEN DIAMONDS FIVE,0.3616,0.0284,0.61
CLUBS JACK DIAMONDS FIVE,0.3602,0.019,0.6208
DIAMONDS TEN HEARTS JACK,0.3184,0.0118,0.6698
DIAMONDS TEN HEARTS TEN,0.149,0.0574,0.7936
SPADES ACE CLUBS NINE,0.3388,0.0046,0.6566
SPADES QUEEN CLUBS NINE,0.3408,0.0118,0.6474
SPADES KING CLUBS NINE,0.3474,0.0092,0.6434
HEARTS SIX HEARTS KING,0.2456,0.0404,0.714
DIAMONDS KING SPADES SEVEN,0.3544,0.0066,0.639
SPADES KING DIAMONDS SEVEN,0.348,0.0064,0.6456
HEARTS SIX HEARTS QUEEN,0.2476,0.054,0.6984
SPADES QUEEN DIAMONDS SEVEN,0.3598,0.0112,0.629
DIAMONDS KING SPADES SIX,0.2456,0.0418,0.7126
DIAMONDS KING SPADES NINE,0.3588,0.006,0.6352
HEARTS SIX HEARTS ACE,0.239,0.031,0.73
DIAMONDS KING SPADES EIGHT,0.3426,0.0062,0.6512
