opposingHand,winningChance,drawChance,lostChance
CLUBS SIX HEARTS TWO
HEARTS FIVE SPADES TEN,0.3534,0.0314,0.6152
HEARTS FIVE SPADES JACK,0.342,0.0218,0.6362
CLUBS JACK SPADES FIVE,0.3452,0.0206,0.6342
CLUBS TEN SPADES FIVE,0.356,0.0266,0.6174
CLUBS JACK CLUBS EIGHT,0.3166,0.0172,0.6662
CLUBS TEN CLUBS EIGHT,0.3096,0.0248,0.6656
CLUBS EIGHT CLUBS KING,0.3148,0.0088,0.6764
SPADES FIVE CLUBS ACE,0.3268,0.0064,0.6668
CLUBS EIGHT CLUBS QUEEN,0.315,0.0098,0.6752
SPADES FIVE CLUBS KING,0.35,0.0098,0.6402
SPADES FIVE CLUBS QUEEN,0.3602,0.0106,0.6292
CLUBS EIGHT CLUBS ACE,0.31,0.0048,0.6852
DIAMONDS TWO DIAMONDS THREE,0.4444,0.2508,0.3048
DIAMONDS TWO DIAMONDS FIVE,0.4448,0.267,0.2882
HEARTS FIVE SPADES KING,0.3476,0.0094,0.643
DIAMONDS TWO DIAMONDS FOUR,0.4586,0.261,0.2804
HEARTS FIVE SPADES QUEEN,0.369,0.0126,0.6184
DIAMONDS TWO DIAMONDS SEVEN,0.232,0.1778,0.5902
DIAMONDS TWO DIAMONDS SIX,0.0216,0.9048,0.0736
SPADES ACE HEARTS FIVE,0.3452,0.004,0.6508
DIAMONDS TWO DIAMONDS NINE,0.2378,0.1006,0.6616
DIAMONDS TWO DIAMONDS EIGHT,0.2264,0.1248,0.6488
DIAMONDS THREE DIAMONDS FOUR,0.4118,0.1546,0.4336
CLUBS TWO SPADES FOUR,0.4858,0.2572,0.257
DIAMONDS THREE DIAMONDS FIVE,0.416,0.1508,0.4332
SPADES FIVE CLUBS TWO,0.4854,0.2714,0.2432
CLUBS TWO SPADES TWO,0.2574,0.1012,0.6414
CLUBS TWO SPADES THREE,0.4742,0.277,0.2488
DIAMONDS THREE DIAMONDS EIGHT,0.3348,0.0666,0.5986
SPADES EIGHT CLUBS TWO,0.2426,0.1372,0.6202
DIAMONDS THREE DIAMONDS NINE,0.3502,0.043,0.6068
SPADES NINE CLUBS TWO,0.2544,0.1002,0.6454
DIAMONDS THREE DIAMONDS SIX,0.2034,0.4748,0.3218
SPADES SIX CLUBS TWO,0.0162,0.9702,0.0136
DIAMONDS THREE DIAMONDS SEVEN,0.3274,0.1018,0.5708
SPADES SEVEN CLUBS TWO,0.2478,0.1934,0.5588
CLUBS SEVEN CLUBS TWO,0.2458,0.1886,0.5656
CLUBS FOUR CLUBS TWO,0.479,0.2486,0.2724
CLUBS FIVE CLUBS TWO,0.465,0.254,0.281
CLUBS TEN CLUBS JACK,0.3072,0.0166,0.6762
DIAMONDS FOUR DIAMONDS SIX,0.1992,0.4608,0.34
CLUBS TEN CLUBS QUEEN,0.3018,0.0146,0.6836
DIAMONDS FOUR DIAMONDS SEVEN,0.3156,0.0914,0.593
CLUBS TEN CLUBS KING,0.3138,0.0074,0.6788
CLUBS TEN CLUBS ACE,0.3076,0.0058,0.6866
CLUBS EIGHT CLUBS TWO,0.2368,0.1424,0.6208
DIAMONDS FIVE DIAMONDS FOUR,0.3876,0.1482,0.4642
CLUBS NINE CLUBS TWO,0.234,0.0952,0.6708
DIAMONDS NINE DIAMONDS FOUR,0.3446,0.041,0.6144
DIAMONDS EIGHT DIAMONDS FOUR,0.3226,0.0624,0.615
CLUBS THREE CLUBS TWO,0.4638,0.2532,0.283
DIAMONDS NINE DIAMONDS FIVE,0.3428,0.046,0.6112
CLUBS JACK DIAMONDS TWO,0.2394,0.0514,0.7092
DIAMONDS EIGHT DIAMONDS FIVE,0.309,0.0654,0.6256
CLUBS TEN DIAMONDS TWO,0.2424,0.0684,0.6892
DIAMONDS FIVE DIAMONDS SEVEN,0.313,0.0934,0.5936
DIAMONDS FIVE DIAMONDS SIX,0.1846,0.4394,0.376
DIAMONDS TWO CLUBS ACE,0.2284,0.015,0.7566
DIAMONDS TWO CLUBS KING,0.243,0.0262,0.7308
DIAMONDS TWO CLUBS QUEEN,0.2456,0.037,0.7174
DIAMONDS EIGHT DIAMONDS SIX,0.2194,0.1414,0.6392
DIAMONDS NINE DIAMONDS SIX,0.2148,0.1076,0.6776
HEARTS ACE SPADES THREE,0.3552,0.0052,0.6396
SPADES THREE HEARTS KING,0.3558,0.0098,0.6344
DIAMONDS SEVEN DIAMONDS SIX,0.2084,0.1868,0.6048
HEARTS QUEEN SPADES THREE,0.352,0.013,0.635
SPADES THREE HEARTS JACK,0.3568,0.0204,0.6228
SPADES THREE HEARTS TEN,0.3576,0.0306,0.6118
DIAMONDS EIGHT DIAMONDS SEVEN,0.2816,0.0564,0.662
DIAMONDS NINE DIAMONDS SEVEN,0.2912,0.0424,0.6664
DIAMONDS NINE DIAMONDS EIGHT,0.2956,0.0346,0.6698
DIAMONDS KING HEARTS TEN,0.3312,0.0072,0.6616
HEARTS THREE HEARTS TEN,0.3398,0.0314,0.6288
DIAMONDS KING HEARTS JACK,0.323,0.0082,0.6688
HEARTS THREE HEARTS JACK,0.3404,0.0218,0.6378
SPADES JACK SPADES FIVE,0.332,0.0184,0.6496
SPADES TEN SPADES FIVE,0.3392,0.0264,0.6344
DIAMONDS KING HEARTS ACE,0.327,0.0046,0.6684
HEARTS THREE HEARTS ACE,0.3336,0.006,0.6604
DIAMONDS KING HEARTS QUEEN,0.3276,0.0066,0.6658
HEARTS THREE HEARTS QUEEN,0.3398,0.0146,0.6456
DIAMONDS KING HEARTS KING,0.1316,0.015,0.8534
HEARTS THREE HEARTS KING,0.3468,0.0102,0.643
SPADES NINE HEARTS TEN,0.3192,0.0244,0.6564
SPADES NINE HEARTS JACK,0.3284,0.0166,0.655
SPADES QUEEN SPADES FIVE,0.3118,0.014,0.6742
SPADES KING SPADES FIVE,0.3222,0.0092,0.6686
SPADES ACE SPADES FIVE,0.318,0.0064,0.6756
SPADES NINE HEARTS QUEEN,0.3382,0.0124,0.6494
SPADES NINE HEARTS KING,0.3338,0.007,0.6592
SPADES NINE HEARTS ACE,0.3206,0.004,0.6754
CLUBS TEN SPADES JACK,0.3044,0.0186,0.677
CLUBS TEN SPADES TEN,0.1258,0.063,0.8112
SPADES ACE CLUBS TEN,0.3238,0.0062,0.67
CLUBS TEN SPADES KING,0.3246,0.0054,0.67
CLUBS TEN SPADES QUEEN,0.3148,0.01,0.6752
SPADES FIVE HEARTS QUEEN,0.356,0.0154,0.6286
SPADES FIVE HEARTS KING,0.3516,0.0092,0.6392
HEARTS ACE SPADES FIVE,0.3512,0.0052,0.6436
CLUBS EIGHT SPADES TEN,0.3062,0.0264,0.6674
SPADES JACK HEARTS THREE,0.3676,0.0222,0.6102
SPADES JACK DIAMONDS KING,0.332,0.0072,0.6608
SPADES TEN DIAMONDS KING,0.3462,0.0094,0.6444
SPADES TEN HEARTS THREE,0.3558,0.0274,0.6168
CLUBS EIGHT SPADES JACK,0.3148,0.0178,0.6674
SPADES ACE CLUBS EIGHT,0.3288,0.003,0.6682
HEARTS FIVE CLUBS JACK,0.345,0.02,0.635
CLUBS TEN HEARTS FIVE,0.3526,0.0274,0.62
SPADES QUEEN CLUBS EIGHT,0.3268,0.0144,0.6588
CLUBS TEN SPADES THREE,0.3686,0.0322,0.5992
SPADES KING CLUBS EIGHT,0.3292,0.0096,0.6612
CLUBS JACK SPADES THREE,0.3516,0.0224,0.626
DIAMONDS TWO HEARTS JACK,0.2432,0.0468,0.71
SPADES THREE CLUBS QUEEN,0.3652,0.0154,0.6194
DIAMONDS TWO HEARTS TEN,0.2498,0.07,0.6802
SPADES THREE CLUBS KING,0.3582,0.013,0.6288
HEARTS FIVE CLUBS ACE,0.3286,0.007,0.6644
SPADES FIVE HEARTS TEN,0.3594,0.03,0.6106
SPADES THREE CLUBS ACE,0.3406,0.0068,0.6526
HEARTS FIVE CLUBS KING,0.3422,0.008,0.6498
SPADES FIVE HEARTS JACK,0.337,0.0202,0.6428
HEARTS FIVE CLUBS QUEEN,0.3478,0.0136,0.6386
HEARTS THREE CLUBS KING,0.3438,0.0104,0.6458
DIAMONDS KING CLUBS KING,0.1366,0.0194,0.844
HEARTS THREE CLUBS QUEEN,0.3626,0.019,0.6184
DIAMONDS KING CLUBS QUEEN,0.334,0.0074,0.6586
HEARTS FIVE HEARTS JACK,0.3336,0.0176,0.6488
HEARTS FIVE HEARTS TEN,0.3476,0.0296,0.6228
HEARTS THREE CLUBS ACE,0.3354,0.0074,0.6572
DIAMONDS KING CLUBS ACE,0.3352,0.006,0.6588
SPADES ACE CLUBS QUEEN,0.3372,0.0044,0.6584
SPADES KING CLUBS QUEEN,0.3214,0.0046,0.674
CLUBS JACK HEARTS THREE,0.3522,0.0196,0.6282
CLUBS JACK DIAMONDS KING,0.3286,0.0078,0.6636
SPADES QUEEN CLUBS QUEEN,0.1302,0.0354,0.8344
CLUBS TEN HEARTS THREE,0.3586,0.0328,0.6086
CLUBS TEN DIAMONDS KING,0.3344,0.0072,0.6584
SPADES JACK CLUBS QUEEN,0.3182,0.0124,0.6694
SPADES TEN CLUBS QUEEN,0.3246,0.0092,0.6662
HEARTS FIVE HEARTS KING,0.3488,0.0098,0.6414
HEARTS FIVE HEARTS QUEEN,0.3418,0.0138,0.6444
HEARTS FIVE HEARTS ACE,0.3228,0.0048,0.6724
SPADES SEVEN HEARTS JACK,0.3208,0.017,0.6622
SPADES SEVEN HEARTS TEN,0.3122,0.0244,0.6634
DIAMONDS TWO CLUBS TWO,0.2454,0.0918,0.6628
DIAMONDS TWO CLUBS THREE,0.4782,0.2858,0.236
DIAMONDS TWO HEARTS SIX,0.0114,0.971,0.0176
DIAMONDS TWO HEARTS QUEEN,0.254,0.0358,0.7102
HEARTS SEVEN DIAMONDS TWO,0.2414,0.1842,0.5744
DIAMONDS TWO HEARTS KING,0.2438,0.0268,0.7294
DIAMONDS TWO HEARTS EIGHT,0.2394,0.1324,0.6282
DIAMONDS TWO HEARTS ACE,0.2076,0.0106,0.7818
DIAMONDS TWO HEARTS NINE,0.2494,0.1056,0.645
DIAMONDS TWO DIAMONDS QUEEN,0.2516,0.0362,0.7122
DIAMONDS TWO DIAMONDS KING,0.2318,0.0218,0.7464
DIAMONDS TWO HEARTS THREE,0.4862,0.2616,0.2522
DIAMONDS TWO DIAMONDS ACE,0.218,0.0116,0.7704
HEARTS FOUR DIAMONDS TWO,0.4708,0.2872,0.242
HEARTS FIVE DIAMONDS TWO,0.4724,0.2674,0.2602
SPADES SEVEN HEARTS ACE,0.326,0.005,0.669
DIAMONDS TWO DIAMONDS TEN,0.2424,0.0694,0.6882
SPADES SEVEN HEARTS KING,0.3346,0.0072,0.6582
DIAMONDS TWO DIAMONDS JACK,0.2342,0.051,0.7148
SPADES SEVEN HEARTS QUEEN,0.3344,0.012,0.6536
DIAMONDS TWO SPADES NINE,0.2432,0.0982,0.6586
DIAMONDS TWO SPADES EIGHT,0.2504,0.1388,0.6108
DIAMONDS TWO SPADES SEVEN,0.2394,0.1944,0.5662
DIAMONDS TWO SPADES SIX,0.0226,0.9536,0.0238
DIAMONDS TWO SPADES FIVE,0.4824,0.27,0.2476
DIAMONDS TWO SPADES FOUR,0.4832,0.2668,0.25
DIAMONDS TWO SPADES THREE,0.4838,0.272,0.2442
DIAMONDS TWO SPADES TWO,0.2376,0.0988,0.6636
DIAMONDS TWO CLUBS NINE,0.2458,0.104,0.6502
CLUBS EIGHT DIAMONDS TWO,0.23,0.1438,0.6262
DIAMONDS TWO CLUBS SEVEN,0.2298,0.1908,0.5794
DIAMONDS TWO CLUBS FIVE,0.483,0.2768,0.2402
DIAMONDS TWO CLUBS FOUR,0.4844,0.2758,0.2398
CLUBS FOUR SPADES FIVE,0.4182,0.1606,0.4212
CLUBS FOUR SPADES FOUR,0.222,0.135,0.643
CLUBS FOUR SPADES THREE,0.4416,0.1672,0.3912
CLUBS FOUR SPADES TWO,0.4866,0.2694,0.244
SPADES NINE CLUBS FOUR,0.3558,0.0476,0.5966
SPADES EIGHT CLUBS FOUR,0.344,0.0736,0.5824
SPADES SEVEN CLUBS FOUR,0.3364,0.1036,0.56
CLUBS FOUR SPADES SIX,0.2148,0.5122,0.273
SPADES ACE DIAMONDS SIX,0.2356,0.0286,0.7358
SPADES QUEEN DIAMONDS SIX,0.2386,0.0532,0.7082
SPADES KING DIAMONDS SIX,0.2424,0.035,0.7226
SPADES TEN DIAMONDS SIX,0.2484,0.0874,0.6642
SPADES JACK DIAMONDS SIX,0.2432,0.0574,0.6994
SPADES QUEEN SPADES TWO,0.2382,0.0302,0.7316
SPADES KING SPADES TWO,0.2384,0.0212,0.7404
SPADES ACE SPADES TWO,0.2218,0.014,0.7642
CLUBS JACK DIAMONDS JACK,0.1308,0.0466,0.8226
CLUBS TEN DIAMONDS JACK,0.3172,0.0188,0.664
DIAMONDS JACK CLUBS KING,0.3146,0.0094,0.676
DIAMONDS JACK CLUBS QUEEN,0.3244,0.01,0.6656
DIAMONDS THREE DIAMONDS JACK,0.3488,0.021,0.6302
DIAMONDS THREE DIAMONDS TEN,0.3444,0.028,0.6276
DIAMONDS JACK CLUBS ACE,0.3226,0.0072,0.6702
DIAMONDS THREE DIAMONDS KING,0.3434,0.006,0.6506
DIAMONDS THREE HEARTS THREE,0.2334,0.1532,0.6134
DIAMONDS THREE DIAMONDS QUEEN,0.3486,0.0112,0.6402
HEARTS FIVE DIAMONDS THREE,0.4518,0.1564,0.3918
DIAMONDS THREE DIAMONDS ACE,0.335,0.0048,0.6602
HEARTS FOUR DIAMONDS THREE,0.4316,0.1624,0.406
HEARTS SEVEN DIAMONDS THREE,0.3308,0.1074,0.5618
SPADES TEN SPADES NINE,0.2854,0.0184,0.6962
HEARTS SIX DIAMONDS THREE,0.2162,0.5164,0.2674
SPADES JACK SPADES NINE,0.3002,0.0148,0.685
DIAMONDS THREE HEARTS NINE,0.353,0.0486,0.5984
HEARTS JACK DIAMONDS FOUR,0.3584,0.0216,0.62
HEARTS ACE HEARTS KING,0.329,0.0062,0.6648
SPADES TEN SPADES TWO,0.2234,0.0706,0.706
DIAMONDS THREE HEARTS EIGHT,0.3576,0.0698,0.5726
HEARTS TEN DIAMONDS FOUR,0.3548,0.034,0.6112
SPADES JACK SPADES TWO,0.2366,0.048,0.7154
HEARTS QUEEN DIAMONDS FOUR,0.3622,0.014,0.6238
HEARTS KING DIAMONDS FOUR,0.366,0.0102,0.6238
SPADES ACE SPADES NINE,0.3026,0.0064,0.691
HEARTS ACE DIAMONDS FOUR,0.3344,0.0052,0.6604
SPADES KING SPADES NINE,0.3172,0.0052,0.6776
SPADES QUEEN SPADES NINE,0.3096,0.01,0.6804
DIAMONDS THREE SPADES NINE,0.3606,0.0444,0.595
DIAMONDS THREE SPADES EIGHT,0.3614,0.0678,0.5708
DIAMONDS THREE SPADES SEVEN,0.3478,0.1088,0.5434
DIAMONDS THREE SPADES SIX,0.2248,0.5086,0.2666
CLUBS ACE DIAMONDS FOUR,0.3422,0.0062,0.6516
DIAMONDS THREE CLUBS SEVEN,0.3488,0.1058,0.5454
CLUBS FIVE CLUBS SEVEN,0.312,0.097,0.591
DIAMONDS THREE CLUBS FOUR,0.4392,0.1658,0.395
DIAMONDS FOUR CLUBS QUEEN,0.3598,0.013,0.6272
DIAMONDS THREE CLUBS FIVE,0.4272,0.1548,0.418
DIAMONDS FOUR CLUBS KING,0.3616,0.0082,0.6302
DIAMONDS THREE CLUBS TWO,0.4848,0.2716,0.2436
CLUBS TEN DIAMONDS FOUR,0.3502,0.0342,0.6156
DIAMONDS THREE CLUBS THREE,0.2364,0.1336,0.63
CLUBS JACK DIAMONDS FOUR,0.3618,0.021,0.6172
DIAMONDS THREE SPADES FOUR,0.4408,0.1548,0.4044
DIAMONDS THREE SPADES FIVE,0.438,0.157,0.405
DIAMONDS THREE SPADES TWO,0.4768,0.268,0.2552
DIAMONDS THREE SPADES THREE,0.2262,0.1404,0.6334
CLUBS EIGHT DIAMONDS THREE,0.3536,0.0702,0.5762
CLUBS NINE DIAMONDS THREE,0.3542,0.0388,0.607
SPADES SEVEN CLUBS ACE,0.321,0.0058,0.6732
SPADES SEVEN CLUBS QUEEN,0.334,0.0126,0.6534
SPADES SEVEN CLUBS KING,0.324,0.0072,0.6688
CLUBS FIVE SPADES SEVEN,0.318,0.1092,0.5728
CLUBS TEN SPADES SEVEN,0.3176,0.026,0.6564
CLUBS FIVE SPADES SIX,0.2098,0.456,0.3342
CLUBS JACK SPADES SEVEN,0.3268,0.0172,0.656
CLUBS FIVE SPADES NINE,0.3542,0.0416,0.6042
CLUBS FIVE SPADES EIGHT,0.3354,0.0662,0.5984
CLUBS FIVE SPADES THREE,0.4438,0.1612,0.395
CLUBS FIVE SPADES TWO,0.485,0.2662,0.2488
CLUBS FIVE SPADES FIVE,0.2364,0.1146,0.649
CLUBS FIVE SPADES FOUR,0.4356,0.1604,0.404
CLUBS NINE CLUBS FIVE,0.3338,0.0426,0.6236
CLUBS EIGHT CLUBS FIVE,0.3032,0.067,0.6298
CLUBS ACE CLUBS QUEEN,0.3276,0.0046,0.6678
CLUBS KING CLUBS QUEEN,0.3016,0.0066,0.6918
DIAMONDS TEN DIAMONDS FOUR,0.3398,0.028,0.6322
CLUBS TEN DIAMONDS NINE,0.3106,0.0216,0.6678
DIAMONDS JACK DIAMONDS FOUR,0.3474,0.019,0.6336
CLUBS JACK DIAMONDS NINE,0.3126,0.0188,0.6686
CLUBS JACK SPADES NINE,0.3274,0.0164,0.6562
CLUBS TEN SPADES NINE,0.3178,0.022,0.6602
DIAMONDS ACE DIAMONDS FOUR,0.3282,0.0068,0.665
HEARTS FOUR DIAMONDS FOUR,0.2206,0.14,0.6394
DIAMONDS JACK HEARTS TEN,0.316,0.0118,0.6722
SPADES NINE CLUBS KING,0.336,0.0084,0.6556
DIAMONDS TWO SPADES TEN,0.2452,0.0682,0.6866
DIAMONDS NINE CLUBS ACE,0.331,0.0044,0.6646
HEARTS FIVE DIAMONDS FOUR,0.4158,0.1532,0.431
DIAMONDS JACK HEARTS JACK,0.1274,0.0396,0.833
SPADES NINE CLUBS QUEEN,0.3412,0.012,0.6468
DIAMONDS TWO SPADES JACK,0.253,0.0534,0.6936
DIAMONDS QUEEN DIAMONDS FOUR,0.3438,0.01,0.6462
DIAMONDS NINE CLUBS QUEEN,0.3406,0.0126,0.6468
DIAMONDS KING DIAMONDS FOUR,0.3366,0.0094,0.654
HEARTS THREE DIAMONDS FOUR,0.4206,0.1582,0.4212
SPADES NINE CLUBS ACE,0.3262,0.0046,0.6692
DIAMONDS NINE CLUBS KING,0.3396,0.0074,0.653
HEARTS ACE DIAMONDS JACK,0.3072,0.0042,0.6886
SPADES ACE DIAMONDS TWO,0.2346,0.0118,0.7536
HEARTS QUEEN DIAMONDS JACK,0.3142,0.0102,0.6756
SPADES QUEEN DIAMONDS TWO,0.2554,0.0364,0.7082
DIAMONDS JACK HEARTS KING,0.3268,0.0066,0.6666
SPADES KING DIAMONDS TWO,0.261,0.0216,0.7174
SPADES JACK SPADES SEVEN,0.2928,0.0162,0.691
SPADES TEN SPADES SEVEN,0.2976,0.0286,0.6738
CLUBS SEVEN CLUBS THREE,0.3254,0.1006,0.574
CLUBS FIVE CLUBS THREE,0.4112,0.1556,0.4332
CLUBS THREE CLUBS FOUR,0.4116,0.1518,0.4366
CLUBS NINE CLUBS THREE,0.3444,0.0508,0.6048
CLUBS EIGHT CLUBS THREE,0.3546,0.069,0.5764
CLUBS THREE SPADES FIVE,0.4346,0.1694,0.396
CLUBS THREE SPADES FOUR,0.4392,0.1734,0.3874
CLUBS THREE SPADES THREE,0.2462,0.1544,0.5994
CLUBS THREE SPADES TWO,0.492,0.2664,0.2416
CLUBS THREE SPADES SIX,0.2248,0.504,0.2712
CLUBS THREE SPADES SEVEN,0.3388,0.1094,0.5518
SPADES EIGHT CLUBS THREE,0.3648,0.0694,0.5658
SPADES NINE CLUBS THREE,0.3586,0.0456,0.5958
SPADES TWO DIAMONDS FOUR,0.4724,0.2796,0.248
SPADES THREE DIAMONDS FOUR,0.4442,0.163,0.3928
SPADES FOUR DIAMONDS FOUR,0.2226,0.1426,0.6348
SPADES FIVE DIAMONDS FOUR,0.4238,0.1584,0.4178
SPADES SIX DIAMONDS FOUR,0.2102,0.4928,0.297
SPADES SEVEN DIAMONDS FOUR,0.336,0.106,0.558
SPADES EIGHT DIAMONDS FOUR,0.3486,0.0708,0.5806
SPADES NINE DIAMONDS FOUR,0.3692,0.0444,0.5864
CLUBS FIVE DIAMONDS FOUR,0.4228,0.1674,0.4098
CLUBS FOUR DIAMONDS FOUR,0.2268,0.1404,0.6328
CLUBS SEVEN DIAMONDS FOUR,0.3262,0.1064,0.5674
CLUBS NINE DIAMONDS FOUR,0.3624,0.0456,0.592
CLUBS EIGHT DIAMONDS FOUR,0.3352,0.0702,0.5946
HEARTS SEVEN DIAMONDS FOUR,0.3356,0.099,0.5654
HEARTS SIX DIAMONDS FOUR,0.2094,0.5018,0.2888
DIAMONDS FOUR HEARTS NINE,0.35,0.0456,0.6044
DIAMONDS FOUR HEARTS EIGHT,0.3408,0.0708,0.5884
CLUBS THREE DIAMONDS FOUR,0.4504,0.1546,0.395
CLUBS TWO DIAMONDS FOUR,0.4854,0.2746,0.24
DIAMONDS TEN DIAMONDS FIVE,0.342,0.0334,0.6246
DIAMONDS JACK DIAMONDS FIVE,0.3372,0.0222,0.6406
DIAMONDS NINE HEARTS QUEEN,0.335,0.0094,0.6556
DIAMONDS NINE HEARTS KING,0.3266,0.0084,0.665
HEARTS ACE DIAMONDS NINE,0.3328,0.0044,0.6628
DIAMONDS NINE HEARTS TEN,0.3104,0.0284,0.6612
DIAMONDS NINE HEARTS JACK,0.3174,0.0184,0.6642
CLUBS KING DIAMONDS SIX,0.2254,0.0416,0.733
CLUBS QUEEN DIAMONDS SIX,0.2416,0.0548,0.7036
CLUBS ACE DIAMONDS SIX,0.2362,0.032,0.7318
SPADES KING DIAMONDS FOUR,0.3528,0.0094,0.6378
SPADES ACE SPADES SEVEN,0.3014,0.0052,0.6934
SPADES QUEEN DIAMONDS FOUR,0.37,0.013,0.617
SPADES QUEEN SPADES SEVEN,0.3104,0.0112,0.6784
CLUBS JACK DIAMONDS SIX,0.2322,0.0626,0.7052
SPADES KING SPADES SEVEN,0.3114,0.0092,0.6794
SPADES ACE DIAMONDS FOUR,0.3432,0.0034,0.6534
CLUBS TEN DIAMONDS SIX,0.244,0.0864,0.6696
CLUBS NINE CLUBS FOUR,0.3346,0.0408,0.6246
CLUBS EIGHT CLUBS FOUR,0.328,0.0688,0.6032
SPADES JACK DIAMONDS FOUR,0.3614,0.0206,0.618
SPADES TEN DIAMONDS FOUR,0.3778,0.029,0.5932
CLUBS FIVE CLUBS FOUR,0.3944,0.161,0.4446
CLUBS SEVEN CLUBS FOUR,0.3182,0.0982,0.5836
CLUBS SEVEN SPADES EIGHT,0.2922,0.0648,0.643
SPADES NINE CLUBS SEVEN,0.3128,0.0408,0.6464
CLUBS SEVEN SPADES SIX,0.2104,0.1982,0.5914
CLUBS SEVEN SPADES SEVEN,0.1308,0.1018,0.7674
CLUBS SEVEN SPADES FIVE,0.3152,0.1062,0.5786
CLUBS SEVEN SPADES FOUR,0.3324,0.1044,0.5632
CLUBS SEVEN SPADES THREE,0.3436,0.1108,0.5456
CLUBS SEVEN SPADES TWO,0.2286,0.1988,0.5726
CLUBS NINE CLUBS SEVEN,0.289,0.0378,0.6732
CLUBS EIGHT CLUBS SEVEN,0.293,0.0604,0.6466
HEARTS SIX DIAMONDS FIVE,0.2048,0.4474,0.3478
HEARTS SEVEN DIAMONDS FIVE,0.3272,0.1024,0.5704
DIAMONDS FIVE HEARTS EIGHT,0.3286,0.0668,0.6046
DIAMONDS FIVE HEARTS NINE,0.344,0.047,0.609
DIAMONDS QUEEN DIAMONDS FIVE,0.3298,0.0136,0.6566
HEARTS KING HEARTS EIGHT,0.3314,0.0092,0.6594
DIAMONDS KING DIAMONDS FIVE,0.3312,0.0118,0.657
HEARTS THREE DIAMONDS FIVE,0.4256,0.1646,0.4098
HEARTS QUEEN HEARTS EIGHT,0.3146,0.0112,0.6742
DIAMONDS ACE DIAMONDS FIVE,0.312,0.0042,0.6838
HEARTS FOUR DIAMONDS FIVE,0.4264,0.159,0.4146
HEARTS FIVE DIAMONDS FIVE,0.2104,0.1312,0.6584
HEARTS ACE HEARTS EIGHT,0.3102,0.0056,0.6842
CLUBS FOUR DIAMONDS FIVE,0.4216,0.1594,0.419
CLUBS FIVE DIAMONDS FIVE,0.2336,0.13,0.6364
CLUBS SEVEN DIAMONDS FIVE,0.3206,0.1038,0.5756
CLUBS TWO DIAMONDS FIVE,0.484,0.2528,0.2632
CLUBS THREE DIAMONDS FIVE,0.4474,0.1634,0.3892
SPADES THREE DIAMONDS FIVE,0.4542,0.1528,0.393
SPADES TWO DIAMONDS FIVE,0.4778,0.2688,0.2534
SPADES JACK DIAMONDS EIGHT,0.3142,0.0194,0.6664
SPADES FIVE DIAMONDS FIVE,0.234,0.1262,0.6398
CLUBS TEN HEARTS JACK,0.3042,0.0154,0.6804
SPADES TEN DIAMONDS EIGHT,0.319,0.0268,0.6542
SPADES FOUR DIAMONDS FIVE,0.4132,0.1646,0.4222
CLUBS JACK HEARTS JACK,0.1168,0.052,0.8312
HEARTS JACK CLUBS QUEEN,0.3276,0.0104,0.662
CLUBS NINE DIAMONDS FIVE,0.3432,0.0466,0.6102
CLUBS EIGHT DIAMONDS FIVE,0.3372,0.0658,0.597
HEARTS JACK CLUBS KING,0.3274,0.0084,0.6642
CLUBS ACE HEARTS JACK,0.317,0.0046,0.6784
SPADES SEVEN DIAMONDS FIVE,0.3216,0.1058,0.5726
SPADES KING DIAMONDS EIGHT,0.337,0.007,0.656
SPADES QUEEN DIAMONDS EIGHT,0.3274,0.012,0.6606
SPADES SIX DIAMONDS FIVE,0.1974,0.4396,0.363
SPADES NINE DIAMONDS FIVE,0.3476,0.0428,0.6096
SPADES EIGHT DIAMONDS FIVE,0.3444,0.0668,0.5888
SPADES ACE DIAMONDS EIGHT,0.342,0.0036,0.6544
DIAMONDS TEN DIAMONDS SIX,0.2116,0.0774,0.711
HEARTS ACE DIAMONDS SEVEN,0.3176,0.003,0.6794
DIAMONDS JACK DIAMONDS SIX,0.2276,0.056,0.7164
HEARTS QUEEN DIAMONDS SEVEN,0.3282,0.0134,0.6584
HEARTS KING DIAMONDS SEVEN,0.3368,0.0078,0.6554
DIAMONDS ACE DIAMONDS SIX,0.2232,0.0258,0.751
HEARTS FOUR DIAMONDS SIX,0.209,0.4954,0.2956
SPADES TWO HEARTS JACK,0.251,0.0454,0.7036
HEARTS FIVE DIAMONDS SIX,0.2104,0.457,0.3326
SPADES TWO HEARTS TEN,0.2576,0.0708,0.6716
DIAMONDS QUEEN DIAMONDS SIX,0.2206,0.0536,0.7258
DIAMONDS KING DIAMONDS SIX,0.218,0.0406,0.7414
HEARTS THREE DIAMONDS SIX,0.221,0.5132,0.2658
HEARTS EIGHT DIAMONDS SIX,0.2268,0.1504,0.6228
HEARTS NINE DIAMONDS SIX,0.2446,0.1176,0.6378
HEARTS SIX DIAMONDS SIX,0.0714,0.1148,0.8138
HEARTS SEVEN DIAMONDS SIX,0.2032,0.1892,0.6076
HEARTS TEN DIAMONDS SEVEN,0.3194,0.027,0.6536
CLUBS TWO DIAMONDS SIX,0.0178,0.9726,0.0096
HEARTS JACK DIAMONDS SEVEN,0.3226,0.0178,0.6596
CLUBS THREE DIAMONDS SIX,0.2106,0.5146,0.2748
CLUBS SEVEN DIAMONDS SIX,0.2118,0.1984,0.5898
CLUBS JACK DIAMONDS EIGHT,0.3286,0.0176,0.6538
CLUBS TEN DIAMONDS EIGHT,0.3132,0.0242,0.6626
CLUBS FIVE DIAMONDS SIX,0.216,0.444,0.34
CLUBS FOUR DIAMONDS SIX,0.2198,0.4932,0.287
HEARTS ACE HEARTS JACK,0.317,0.0058,0.6772
DIAMONDS EIGHT CLUBS ACE,0.324,0.0044,0.6716
HEARTS QUEEN HEARTS JACK,0.3072,0.011,0.6818
DIAMONDS EIGHT CLUBS KING,0.331,0.008,0.661
CLUBS NINE DIAMONDS SIX,0.2318,0.113,0.6552
HEARTS KING HEARTS JACK,0.3286,0.0046,0.6668
CLUBS EIGHT DIAMONDS SIX,0.2212,0.1516,0.6272
DIAMONDS EIGHT CLUBS QUEEN,0.3156,0.0144,0.67
SPADES TEN HEARTS KING,0.3362,0.0064,0.6574
SPADES FIVE DIAMONDS SIX,0.2084,0.4484,0.3432
HEARTS ACE SPADES TWO,0.2212,0.013,0.7658
SPADES JACK HEARTS KING,0.3184,0.0066,0.675
SPADES FOUR DIAMONDS SIX,0.2214,0.4906,0.288
SPADES THREE DIAMONDS SIX,0.2316,0.5056,0.2628
HEARTS QUEEN SPADES TWO,0.2556,0.035,0.7094
SPADES ACE SPADES KING,0.3134,0.005,0.6816
HEARTS KING SPADES TWO,0.2472,0.0258,0.727
SPADES TWO DIAMONDS SIX,0.0204,0.9588,0.0208
HEARTS TEN HEARTS EIGHT,0.3014,0.0238,0.6748
SPADES NINE DIAMONDS SIX,0.2382,0.1022,0.6596
HEARTS JACK HEARTS EIGHT,0.3068,0.0198,0.6734
SPADES EIGHT DIAMONDS SIX,0.2424,0.1472,0.6104
SPADES SEVEN DIAMONDS SIX,0.2102,0.195,0.5948
SPADES SIX DIAMONDS SIX,0.0744,0.1166,0.809
SPADES KING HEARTS KING,0.1306,0.0182,0.8512
SPADES QUEEN HEARTS KING,0.3292,0.0086,0.6622
CLUBS ACE CLUBS KING,0.3152,0.0062,0.6786
SPADES ACE HEARTS KING,0.333,0.0052,0.6618
SPADES ACE HEARTS JACK,0.3178,0.0042,0.678
SPADES QUEEN HEARTS JACK,0.3218,0.011,0.6672
SPADES KING HEARTS JACK,0.3248,0.005,0.6702
SPADES TEN DIAMONDS TEN,0.1446,0.0624,0.793
SPADES JACK DIAMONDS TEN,0.321,0.014,0.665
SPADES ACE DIAMONDS TEN,0.3282,0.0034,0.6684
SPADES JACK HEARTS JACK,0.1326,0.049,0.8184
SPADES TEN HEARTS JACK,0.3166,0.0158,0.6676
SPADES QUEEN DIAMONDS TEN,0.327,0.009,0.664
SPADES KING DIAMONDS TEN,0.3248,0.0076,0.6676
SPADES NINE DIAMONDS SEVEN,0.315,0.0408,0.6442
SPADES EIGHT DIAMONDS SEVEN,0.3012,0.0628,0.636
SPADES SEVEN DIAMONDS SEVEN,0.1414,0.1014,0.7572
SPADES SIX DIAMONDS SEVEN,0.214,0.205,0.581
DIAMONDS KING DIAMONDS SEVEN,0.3194,0.008,0.6726
HEARTS THREE DIAMONDS SEVEN,0.3358,0.1008,0.5634
HEARTS KING DIAMONDS FIVE,0.356,0.0094,0.6346
DIAMONDS QUEEN DIAMONDS SEVEN,0.3176,0.0136,0.6688
HEARTS QUEEN DIAMONDS FIVE,0.3682,0.0146,0.6172
HEARTS FIVE DIAMONDS SEVEN,0.3222,0.107,0.5708
DIAMONDS ACE DIAMONDS SEVEN,0.306,0.0042,0.6898
HEARTS FOUR DIAMONDS SEVEN,0.3244,0.1072,0.5684
HEARTS ACE DIAMONDS FIVE,0.3368,0.0048,0.6584
HEARTS SEVEN DIAMONDS SEVEN,0.1252,0.1102,0.7646
HEARTS SIX DIAMONDS SEVEN,0.2136,0.199,0.5874
DIAMONDS SEVEN HEARTS NINE,0.3048,0.0422,0.653
HEARTS EIGHT DIAMONDS SEVEN,0.3054,0.0614,0.6332
DIAMONDS JACK DIAMONDS SEVEN,0.3176,0.0198,0.6626
DIAMONDS FIVE HEARTS JACK,0.3532,0.0204,0.6264
DIAMONDS TEN DIAMONDS SEVEN,0.307,0.0234,0.6696
HEARTS TEN DIAMONDS FIVE,0.359,0.032,0.609
CLUBS EIGHT DIAMONDS SEVEN,0.3022,0.0674,0.6304
SPADES KING CLUBS TWO,0.2482,0.0234,0.7284
HEARTS KING CLUBS KING,0.1242,0.017,0.8588
SPADES QUEEN CLUBS TWO,0.2448,0.0344,0.7208
HEARTS KING CLUBS QUEEN,0.3268,0.0102,0.663
CLUBS NINE DIAMONDS SEVEN,0.3082,0.0418,0.65
CLUBS JACK SPADES TWO,0.245,0.0508,0.7042
SPADES ACE CLUBS TWO,0.2426,0.0122,0.7452
CLUBS TEN SPADES TWO,0.2504,0.069,0.6806
HEARTS KING CLUBS ACE,0.3402,0.007,0.6528
SPADES TWO CLUBS KING,0.254,0.0262,0.7198
SPADES TWO DIAMONDS SEVEN,0.2462,0.1892,0.5646
SPADES THREE DIAMONDS SEVEN,0.3374,0.1066,0.556
SPADES TWO CLUBS QUEEN,0.242,0.0344,0.7236
SPADES FOUR DIAMONDS SEVEN,0.3356,0.1054,0.559
CLUBS JACK HEARTS KING,0.335,0.0064,0.6586
SPADES FIVE DIAMONDS SEVEN,0.329,0.097,0.574
SPADES TWO CLUBS ACE,0.2212,0.014,0.7648
CLUBS TEN HEARTS KING,0.3182,0.0076,0.6742
CLUBS TWO DIAMONDS SEVEN,0.245,0.1862,0.5688
CLUBS THREE DIAMONDS SEVEN,0.3512,0.11,0.5388
CLUBS FOUR DIAMONDS SEVEN,0.3392,0.1032,0.5576
CLUBS FIVE DIAMONDS SEVEN,0.3268,0.1044,0.5688
SPADES JACK CLUBS TWO,0.2492,0.049,0.7018
CLUBS SEVEN DIAMONDS SEVEN,0.138,0.1082,0.7538
SPADES TEN CLUBS TWO,0.2522,0.0724,0.6754
CLUBS TWO CLUBS QUEEN,0.2482,0.035,0.7168
CLUBS TWO CLUBS KING,0.2374,0.0246,0.738
CLUBS THREE DIAMONDS EIGHT,0.3656,0.0666,0.5678
CLUBS TWO CLUBS ACE,0.2204,0.0102,0.7694
CLUBS TWO DIAMONDS EIGHT,0.2408,0.1394,0.6198
HEARTS SEVEN DIAMONDS EIGHT,0.3046,0.0592,0.6362
HEARTS SIX DIAMONDS EIGHT,0.2334,0.1468,0.6198
DIAMONDS EIGHT HEARTS NINE,0.3014,0.036,0.6626
CLUBS TEN CLUBS TWO,0.233,0.0718,0.6952
DIAMONDS EIGHT HEARTS EIGHT,0.125,0.0986,0.7764
CLUBS JACK CLUBS TWO,0.243,0.0508,0.7062
CLUBS NINE DIAMONDS EIGHT,0.3102,0.0368,0.653
CLUBS EIGHT DIAMONDS EIGHT,0.1306,0.0858,0.7836
CLUBS FIVE DIAMONDS EIGHT,0.329,0.0712,0.5998
SPADES ACE SPADES THREE,0.3196,0.0062,0.6742
CLUBS FOUR DIAMONDS EIGHT,0.3416,0.0686,0.5898
CLUBS SEVEN DIAMONDS EIGHT,0.2926,0.0646,0.6428
SPADES QUEEN SPADES THREE,0.339,0.0134,0.6476
SPADES KING SPADES THREE,0.3424,0.008,0.6496
DIAMONDS QUEEN DIAMONDS EIGHT,0.3126,0.013,0.6744
DIAMONDS KING DIAMONDS EIGHT,0.3264,0.0054,0.6682
HEARTS THREE DIAMONDS EIGHT,0.3506,0.0676,0.5818
DIAMONDS ACE DIAMONDS EIGHT,0.3052,0.0042,0.6906
HEARTS FOUR DIAMONDS EIGHT,0.3518,0.0712,0.577
HEARTS FIVE DIAMONDS EIGHT,0.316,0.0664,0.6176
DIAMONDS EIGHT DIAMONDS TEN,0.2964,0.0236,0.68
DIAMONDS EIGHT DIAMONDS JACK,0.2996,0.0184,0.682
SPADES JACK SPADES THREE,0.3398,0.0188,0.6414
SPADES TEN SPADES THREE,0.3316,0.0312,0.6372
CLUBS FOUR HEARTS ACE,0.3394,0.0046,0.656
CLUBS FOUR HEARTS QUEEN,0.359,0.0138,0.6272
CLUBS FOUR HEARTS KING,0.3578,0.0106,0.6316
DIAMONDS EIGHT SPADES FOUR,0.3508,0.0608,0.5884
SPADES FIVE DIAMONDS EIGHT,0.3356,0.0644,0.6
DIAMONDS EIGHT SPADES TWO,0.2476,0.1384,0.614
DIAMONDS EIGHT SPADES THREE,0.3658,0.065,0.5692
CLUBS FOUR HEARTS JACK,0.3642,0.0208,0.615
SPADES EIGHT DIAMONDS EIGHT,0.147,0.0844,0.7686
SPADES TEN DIAMONDS QUEEN,0.3292,0.0096,0.6612
SPADES JACK HEARTS EIGHT,0.3254,0.0178,0.6568
CLUBS FOUR HEARTS TEN,0.3548,0.032,0.6132
SPADES NINE DIAMONDS EIGHT,0.3176,0.0358,0.6466
SPADES TEN HEARTS EIGHT,0.3166,0.0234,0.66
SPADES JACK DIAMONDS QUEEN,0.3342,0.0122,0.6536
SPADES SIX DIAMONDS EIGHT,0.2294,0.1442,0.6264
SPADES SEVEN DIAMONDS EIGHT,0.311,0.057,0.632
SPADES ACE DIAMONDS QUEEN,0.3398,0.0034,0.6568
SPADES ACE HEARTS EIGHT,0.319,0.0052,0.6758
SPADES KING HEARTS EIGHT,0.336,0.0076,0.6564
SPADES QUEEN DIAMONDS QUEEN,0.1406,0.0318,0.8276
SPADES KING DIAMONDS QUEEN,0.3334,0.0066,0.66
SPADES QUEEN HEARTS EIGHT,0.317,0.012,0.671
CLUBS TWO HEARTS TEN,0.2518,0.0724,0.6758
CLUBS TWO HEARTS JACK,0.2362,0.0532,0.7106
SPADES SEVEN DIAMONDS NINE,0.304,0.0454,0.6506
SPADES SIX DIAMONDS NINE,0.2492,0.1046,0.6462
SPADES NINE DIAMONDS NINE,0.1426,0.0738,0.7836
SPADES EIGHT DIAMONDS NINE,0.309,0.0422,0.6488
SPADES TEN CLUBS KING,0.3228,0.006,0.6712
DIAMONDS NINE SPADES THREE,0.373,0.044,0.583
SPADES JACK CLUBS KING,0.3264,0.0078,0.6658
DIAMONDS NINE SPADES TWO,0.2544,0.0994,0.6462
DIAMONDS NINE SPADES FIVE,0.3476,0.046,0.6064
DIAMONDS NINE SPADES FOUR,0.3566,0.0408,0.6026
CLUBS NINE DIAMONDS NINE,0.1316,0.072,0.7964
CLUBS EIGHT DIAMONDS NINE,0.3176,0.0416,0.6408
SPADES JACK CLUBS FOUR,0.358,0.021,0.621
CLUBS SEVEN DIAMONDS NINE,0.3076,0.039,0.6534
SPADES TEN CLUBS FOUR,0.3622,0.03,0.6078
CLUBS FOUR DIAMONDS NINE,0.3684,0.0444,0.5872
CLUBS FIVE DIAMONDS NINE,0.3416,0.0384,0.62
DIAMONDS NINE CLUBS TWO,0.2618,0.0926,0.6456
CLUBS THREE DIAMONDS NINE,0.3566,0.0532,0.5902
DIAMONDS NINE HEARTS EIGHT,0.3086,0.0446,0.6468
DIAMONDS NINE HEARTS NINE,0.1318,0.0808,0.7874
HEARTS SIX DIAMONDS NINE,0.2364,0.1072,0.6564
HEARTS SEVEN DIAMONDS NINE,0.312,0.0432,0.6448
CLUBS EIGHT CLUBS NINE,0.2912,0.0376,0.6712
DIAMONDS ACE DIAMONDS NINE,0.3056,0.0068,0.6876
HEARTS FOUR DIAMONDS NINE,0.3474,0.042,0.6106
HEARTS FIVE DIAMONDS NINE,0.3436,0.0372,0.6192
HEARTS ACE CLUBS TWO,0.2286,0.0142,0.7572
SPADES ACE CLUBS FOUR,0.3576,0.0042,0.6382
DIAMONDS QUEEN DIAMONDS NINE,0.3042,0.012,0.6838
CLUBS TWO HEARTS KING,0.2472,0.0236,0.7292
SPADES KING CLUBS FOUR,0.3556,0.0092,0.6352
DIAMONDS KING DIAMONDS NINE,0.3136,0.0076,0.6788
HEARTS THREE DIAMONDS NINE,0.3604,0.0474,0.5922
CLUBS TWO HEARTS QUEEN,0.244,0.0344,0.7216
SPADES QUEEN CLUBS FOUR,0.3656,0.0146,0.6198
DIAMONDS NINE DIAMONDS JACK,0.3084,0.0194,0.6722
CLUBS EIGHT SPADES NINE,0.3098,0.037,0.6532
DIAMONDS NINE DIAMONDS TEN,0.3064,0.0214,0.6722
CLUBS EIGHT SPADES EIGHT,0.1318,0.1008,0.7674
CLUBS EIGHT SPADES SEVEN,0.2958,0.0632,0.641
CLUBS EIGHT SPADES SIX,0.2242,0.1512,0.6246
CLUBS EIGHT SPADES FIVE,0.329,0.0696,0.6014
CLUBS EIGHT SPADES FOUR,0.3484,0.0664,0.5852
CLUBS EIGHT SPADES THREE,0.3564,0.0672,0.5764
CLUBS EIGHT SPADES TWO,0.2384,0.146,0.6156
HEARTS SIX DIAMONDS TEN,0.2266,0.088,0.6854
HEARTS SEVEN DIAMONDS TEN,0.3202,0.0276,0.6522
DIAMONDS TEN HEARTS EIGHT,0.328,0.0246,0.6474
CLUBS JACK CLUBS FOUR,0.3412,0.0216,0.6372
DIAMONDS TEN HEARTS NINE,0.3116,0.0232,0.6652
CLUBS TEN CLUBS FOUR,0.3388,0.0288,0.6324
CLUBS FOUR CLUBS KING,0.3376,0.0094,0.653
CLUBS FOUR CLUBS QUEEN,0.3484,0.0106,0.641
CLUBS TWO DIAMONDS TEN,0.2592,0.0678,0.673
CLUBS THREE DIAMONDS TEN,0.3728,0.031,0.5962
CLUBS FOUR CLUBS ACE,0.3288,0.0054,0.6658
DIAMONDS JACK DIAMONDS TEN,0.3036,0.0144,0.682
DIAMONDS QUEEN DIAMONDS TEN,0.3154,0.0106,0.674
DIAMONDS KING DIAMONDS TEN,0.3056,0.0054,0.689
HEARTS THREE DIAMONDS TEN,0.3582,0.0272,0.6146
DIAMONDS ACE DIAMONDS TEN,0.302,0.0054,0.6926
HEARTS FOUR DIAMONDS TEN,0.3564,0.028,0.6156
CLUBS EIGHT HEARTS JACK,0.325,0.019,0.656
HEARTS FIVE DIAMONDS TEN,0.3588,0.0324,0.6088
CLUBS EIGHT HEARTS TEN,0.3126,0.0286,0.6588
CLUBS EIGHT HEARTS QUEEN,0.3238,0.0114,0.6648
CLUBS EIGHT HEARTS KING,0.3288,0.0096,0.6616
CLUBS EIGHT HEARTS ACE,0.3266,0.0048,0.6686
CLUBS NINE SPADES THREE,0.3544,0.0462,0.5994
CLUBS NINE SPADES TWO,0.2338,0.0984,0.6678
CLUBS NINE SPADES FIVE,0.3448,0.0488,0.6064
CLUBS NINE SPADES FOUR,0.3572,0.0466,0.5962
CLUBS NINE SPADES SEVEN,0.3116,0.041,0.6474
CLUBS NINE SPADES SIX,0.2334,0.1084,0.6582
CLUBS NINE SPADES NINE,0.1238,0.0778,0.7984
CLUBS TEN HEARTS EIGHT,0.3048,0.0252,0.67
CLUBS NINE SPADES EIGHT,0.3054,0.0362,0.6584
CLUBS JACK HEARTS EIGHT,0.3134,0.0148,0.6718
HEARTS EIGHT CLUBS QUEEN,0.3232,0.014,0.6628
CLUBS KING HEARTS EIGHT,0.3342,0.0072,0.6586
CLUBS ACE HEARTS EIGHT,0.314,0.0064,0.6796
SPADES KING CLUBS KING,0.132,0.0174,0.8506
SPADES QUEEN CLUBS KING,0.3184,0.0084,0.6732
SPADES ACE CLUBS KING,0.3242,0.0062,0.6696
DIAMONDS ACE HEARTS TEN,0.3162,0.0036,0.6802
HEARTS FOUR HEARTS TEN,0.3422,0.0306,0.6272
DIAMONDS ACE HEARTS JACK,0.3332,0.0046,0.6622
HEARTS FOUR HEARTS JACK,0.3372,0.022,0.6408
SPADES KING CLUBS FIVE,0.3518,0.0112,0.637
SPADES QUEEN CLUBS FIVE,0.377,0.0142,0.6088
SPADES ACE CLUBS FIVE,0.3444,0.0046,0.651
HEARTS SEVEN DIAMONDS JACK,0.3214,0.0214,0.6572
HEARTS SIX DIAMONDS JACK,0.2284,0.0616,0.71
DIAMONDS JACK HEARTS NINE,0.3308,0.0186,0.6506
DIAMONDS JACK HEARTS EIGHT,0.334,0.0188,0.6472
DIAMONDS KING DIAMONDS JACK,0.3204,0.006,0.6736
HEARTS THREE DIAMONDS JACK,0.3488,0.0246,0.6266
SPADES ACE SPADES SIX,0.221,0.0246,0.7544
HEARTS ACE SPADES FOUR,0.3496,0.0056,0.6448
DIAMONDS QUEEN DIAMONDS JACK,0.3124,0.0094,0.6782
HEARTS FIVE DIAMONDS JACK,0.3554,0.0194,0.6252
SPADES QUEEN SPADES SIX,0.2174,0.0502,0.7324
SPADES FOUR HEARTS QUEEN,0.3552,0.0144,0.6304
DIAMONDS ACE DIAMONDS JACK,0.3178,0.0046,0.6776
HEARTS FOUR DIAMONDS JACK,0.3438,0.0214,0.6348
SPADES KING SPADES SIX,0.2156,0.0422,0.7422
SPADES FOUR HEARTS KING,0.3452,0.0088,0.646
SPADES TEN SPADES SIX,0.2356,0.0734,0.691
SPADES JACK SPADES SIX,0.2282,0.0628,0.709
SPADES FOUR DIAMONDS JACK,0.356,0.019,0.625
SPADES FIVE DIAMONDS JACK,0.3558,0.017,0.6272
DIAMONDS JACK SPADES TWO,0.25,0.0462,0.7038
DIAMONDS JACK SPADES THREE,0.3632,0.0198,0.617
SPADES ACE DIAMONDS THREE,0.3478,0.006,0.6462
CLUBS EIGHT DIAMONDS JACK,0.3278,0.0168,0.6554
SPADES QUEEN DIAMONDS THREE,0.3546,0.0144,0.631
SPADES KING DIAMONDS THREE,0.3668,0.0096,0.6236
CLUBS NINE DIAMONDS JACK,0.328,0.0144,0.6576
CLUBS SEVEN DIAMONDS JACK,0.317,0.0208,0.6622
CLUBS FOUR DIAMONDS JACK,0.3642,0.0182,0.6176
CLUBS FIVE DIAMONDS JACK,0.3522,0.0216,0.6262
CLUBS TWO DIAMONDS JACK,0.2554,0.0486,0.696
CLUBS THREE DIAMONDS JACK,0.3724,0.0206,0.607
SPADES TEN CLUBS FIVE,0.3614,0.0288,0.6098
SPADES JACK HEARTS SIX,0.2314,0.0674,0.7012
HEARTS SIX SPADES TEN,0.2414,0.0872,0.6714
SPADES JACK CLUBS FIVE,0.3592,0.0218,0.619
SPADES JACK DIAMONDS THREE,0.3664,0.0202,0.6134
CLUBS SEVEN CLUBS ACE,0.315,0.0042,0.6808
DIAMONDS THREE SPADES TEN,0.3742,0.0286,0.5972
CLUBS SEVEN CLUBS QUEEN,0.3316,0.0126,0.6558
CLUBS SEVEN CLUBS KING,0.322,0.0086,0.6694
SPADES NINE DIAMONDS JACK,0.341,0.0172,0.6418
CLUBS TEN CLUBS SEVEN,0.3042,0.0258,0.67
DIAMONDS ACE HEARTS ACE,0.129,0.0046,0.8664
HEARTS FOUR HEARTS ACE,0.3232,0.0066,0.6702
SPADES EIGHT DIAMONDS JACK,0.3254,0.0178,0.6568
SPADES ACE HEARTS SIX,0.2254,0.0294,0.7452
CLUBS JACK CLUBS SEVEN,0.307,0.0178,0.6752
DIAMONDS ACE HEARTS KING,0.3244,0.0062,0.6694
HEARTS FOUR HEARTS KING,0.3394,0.009,0.6516
SPADES SEVEN DIAMONDS JACK,0.3344,0.02,0.6456
SPADES KING HEARTS SIX,0.2304,0.0442,0.7254
DIAMONDS ACE HEARTS QUEEN,0.3296,0.0058,0.6646
HEARTS FOUR HEARTS QUEEN,0.3462,0.0138,0.64
SPADES QUEEN HEARTS SIX,0.236,0.0512,0.7128
SPADES SIX DIAMONDS JACK,0.2426,0.0614,0.696
DIAMONDS TEN SPADES TWO,0.255,0.0674,0.6776
SPADES THREE DIAMONDS TEN,0.362,0.029,0.609
SPADES FOUR DIAMONDS TEN,0.3604,0.0302,0.6094
SPADES FIVE DIAMONDS TEN,0.3616,0.032,0.6064
SPADES SIX DIAMONDS TEN,0.2342,0.0838,0.682
SPADES SEVEN DIAMONDS TEN,0.321,0.028,0.651
SPADES EIGHT DIAMONDS TEN,0.3264,0.023,0.6506
SPADES NINE DIAMONDS TEN,0.321,0.0234,0.6556
CLUBS FOUR DIAMONDS TEN,0.3546,0.0302,0.6152
CLUBS FIVE DIAMONDS TEN,0.363,0.025,0.612
CLUBS SEVEN DIAMONDS TEN,0.3222,0.0286,0.6492
CLUBS EIGHT DIAMONDS TEN,0.3194,0.0246,0.656
CLUBS NINE DIAMONDS TEN,0.3148,0.0222,0.663
CLUBS JACK DIAMONDS THREE,0.3622,0.0176,0.6202
CLUBS TEN DIAMONDS THREE,0.3532,0.031,0.6158
DIAMONDS THREE CLUBS KING,0.3546,0.0082,0.6372
DIAMONDS THREE CLUBS QUEEN,0.3664,0.0172,0.6164
DIAMONDS THREE CLUBS ACE,0.3636,0.0056,0.6308
SPADES FOUR HEARTS JACK,0.3504,0.0194,0.6302
SPADES FOUR HEARTS TEN,0.3542,0.0348,0.611
SPADES FIVE SPADES TWO,0.4548,0.246,0.2992
SPADES FOUR SPADES TWO,0.4638,0.2486,0.2876
SPADES THREE SPADES TWO,0.455,0.2508,0.2942
SPADES NINE SPADES TWO,0.2184,0.101,0.6806
SPADES EIGHT SPADES TWO,0.2356,0.1404,0.624
SPADES SEVEN SPADES TWO,0.2382,0.1706,0.5912
SPADES SIX SPADES TWO,0.0208,0.9124,0.0668
DIAMONDS QUEEN CLUBS THREE,0.372,0.0148,0.6132
DIAMONDS QUEEN CLUBS TWO,0.2462,0.0402,0.7136
HEARTS SEVEN DIAMONDS QUEEN,0.3312,0.011,0.6578
HEARTS SIX DIAMONDS QUEEN,0.2374,0.0582,0.7044
DIAMONDS QUEEN HEARTS NINE,0.3318,0.012,0.6562
DIAMONDS QUEEN HEARTS EIGHT,0.3144,0.0134,0.6722
CLUBS NINE DIAMONDS QUEEN,0.3436,0.0116,0.6448
CLUBS EIGHT DIAMONDS QUEEN,0.3228,0.0122,0.665
CLUBS FIVE DIAMONDS QUEEN,0.347,0.0124,0.6406
SPADES EIGHT HEARTS ACE,0.3226,0.0046,0.6728
DIAMONDS QUEEN CLUBS FOUR,0.3694,0.0108,0.6198
CLUBS SEVEN DIAMONDS QUEEN,0.3252,0.011,0.6638
SPADES EIGHT HEARTS QUEEN,0.3308,0.014,0.6552
SPADES EIGHT HEARTS KING,0.3196,0.0076,0.6728
DIAMONDS QUEEN SPADES SIX,0.2438,0.0518,0.7044
HEARTS FOUR CLUBS QUEEN,0.3618,0.0142,0.624
DIAMONDS ACE CLUBS QUEEN,0.327,0.0056,0.6674
DIAMONDS QUEEN SPADES SEVEN,0.3348,0.013,0.6522
HEARTS FOUR CLUBS KING,0.358,0.0094,0.6326
DIAMONDS ACE CLUBS KING,0.3316,0.0056,0.6628
DIAMONDS QUEEN SPADES EIGHT,0.3258,0.012,0.6622
HEARTS FOUR CLUBS ACE,0.3418,0.007,0.6512
DIAMONDS ACE CLUBS ACE,0.1318,0.005,0.8632
SPADES NINE DIAMONDS QUEEN,0.3356,0.0118,0.6526
DIAMONDS QUEEN SPADES TWO,0.255,0.0358,0.7092
DIAMONDS QUEEN SPADES THREE,0.3742,0.0132,0.6126
DIAMONDS QUEEN SPADES FOUR,0.3654,0.0118,0.6228
CLUBS TEN HEARTS FOUR,0.3662,0.0308,0.603
CLUBS TEN DIAMONDS ACE,0.3166,0.0042,0.6792
DIAMONDS QUEEN SPADES FIVE,0.3604,0.0132,0.6264
CLUBS JACK HEARTS FOUR,0.3606,0.022,0.6174
CLUBS JACK DIAMONDS ACE,0.3232,0.005,0.6718
CLUBS FIVE CLUBS KING,0.3448,0.0096,0.6456
CLUBS FIVE CLUBS QUEEN,0.332,0.0122,0.6558
CLUBS FIVE CLUBS ACE,0.3284,0.0064,0.6652
CLUBS JACK CLUBS FIVE,0.3346,0.0194,0.646
CLUBS TEN CLUBS FIVE,0.3412,0.0276,0.6312
SPADES KING CLUBS JACK,0.3396,0.008,0.6524
CLUBS JACK SPADES QUEEN,0.3186,0.013,0.6684
SPADES ACE CLUBS JACK,0.327,0.0074,0.6656
SPADES SIX CLUBS KING,0.2336,0.0428,0.7236
SPADES SIX CLUBS QUEEN,0.236,0.052,0.712
SPADES EIGHT HEARTS JACK,0.3162,0.0162,0.6676
SPADES SIX CLUBS ACE,0.2258,0.027,0.7472
SPADES EIGHT HEARTS TEN,0.3152,0.0284,0.6564
CLUBS JACK SPADES SIX,0.234,0.0626,0.7034
CLUBS TEN SPADES SIX,0.2418,0.0858,0.6724
CLUBS JACK SPADES TEN,0.3036,0.017,0.6794
CLUBS JACK SPADES JACK,0.1338,0.046,0.8202
SPADES QUEEN CLUBS SEVEN,0.3304,0.0138,0.6558
SPADES KING CLUBS SEVEN,0.3188,0.0074,0.6738
SPADES ACE CLUBS SEVEN,0.321,0.0032,0.6758
SPADES SIX HEARTS TEN,0.2292,0.0812,0.6896
SPADES SIX HEARTS JACK,0.2276,0.0622,0.7102
SPADES SIX HEARTS ACE,0.2244,0.0318,0.7438
SPADES SIX HEARTS KING,0.2178,0.046,0.7362
SPADES SIX HEARTS QUEEN,0.246,0.0478,0.7062
SPADES JACK CLUBS SEVEN,0.3248,0.0176,0.6576
SPADES TEN CLUBS SEVEN,0.3188,0.0266,0.6546
CLUBS TEN HEARTS SIX,0.208,0.0882,0.7038
CLUBS JACK HEARTS SIX,0.2226,0.071,0.7064
CLUBS JACK CLUBS ACE,0.3194,0.0054,0.6752
HEARTS SIX CLUBS QUEEN,0.233,0.0576,0.7094
HEARTS SIX CLUBS KING,0.224,0.0416,0.7344
HEARTS SIX CLUBS ACE,0.2272,0.0286,0.7442
CLUBS JACK CLUBS QUEEN,0.2966,0.0112,0.6922
CLUBS JACK CLUBS KING,0.3122,0.0076,0.6802
DIAMONDS THREE HEARTS ACE,0.33,0.006,0.664
DIAMONDS THREE HEARTS QUEEN,0.3594,0.0148,0.6258
DIAMONDS THREE HEARTS KING,0.3594,0.0084,0.6322
CLUBS FIVE HEARTS JACK,0.352,0.0218,0.6262
SPADES TEN DIAMONDS ACE,0.3442,0.0046,0.6512
HEARTS FOUR SPADES TEN,0.347,0.0332,0.6198
CLUBS FIVE HEARTS TEN,0.354,0.0292,0.6168
HEARTS FOUR SPADES JACK,0.3464,0.021,0.6326
SPADES JACK DIAMONDS ACE,0.3274,0.002,0.6706
SPADES ACE HEARTS FOUR,0.334,0.0048,0.6612
SPADES ACE DIAMONDS ACE,0.1362,0.004,0.8598
CLUBS FIVE HEARTS ACE,0.3404,0.0078,0.6518
CLUBS FIVE HEARTS KING,0.3538,0.0102,0.636
HEARTS FOUR SPADES QUEEN,0.349,0.0182,0.6328
SPADES QUEEN DIAMONDS ACE,0.3402,0.0052,0.6546
CLUBS JACK SPADES FOUR,0.3576,0.0206,0.6218
CLUBS FIVE HEARTS QUEEN,0.3604,0.016,0.6236
SPADES KING DIAMONDS ACE,0.331,0.0034,0.6656
SPADES KING HEARTS FOUR,0.364,0.0112,0.6248
CLUBS TEN SPADES FOUR,0.361,0.028,0.611
DIAMONDS QUEEN DIAMONDS ACE,0.3264,0.0054,0.6682
HEARTS FOUR DIAMONDS QUEEN,0.3512,0.0162,0.6326
DIAMONDS THREE HEARTS TEN,0.3578,0.0336,0.6086
SPADES FOUR CLUBS KING,0.3524,0.0084,0.6392
HEARTS FIVE DIAMONDS QUEEN,0.3552,0.016,0.6288
DIAMONDS THREE HEARTS JACK,0.3588,0.02,0.6212
SPADES FOUR CLUBS QUEEN,0.3658,0.0134,0.6208
DIAMONDS KING DIAMONDS QUEEN,0.3074,0.0068,0.6858
DIAMONDS QUEEN HEARTS THREE,0.3562,0.0146,0.6292
SPADES FOUR CLUBS ACE,0.3508,0.0042,0.645
DIAMONDS QUEEN CLUBS ACE,0.3204,0.0026,0.677
DIAMONDS QUEEN CLUBS QUEEN,0.1416,0.0328,0.8256
DIAMONDS QUEEN CLUBS KING,0.3294,0.0066,0.664
SPADES EIGHT SPADES FIVE,0.318,0.0702,0.6118
CLUBS TEN DIAMONDS QUEEN,0.3304,0.0122,0.6574
SPADES NINE SPADES FIVE,0.3196,0.044,0.6364
CLUBS JACK DIAMONDS QUEEN,0.3306,0.0116,0.6578
SPADES SIX SPADES FIVE,0.2044,0.4188,0.3768
SPADES SEVEN SPADES FIVE,0.3044,0.0956,0.6
DIAMONDS FIVE CLUBS QUEEN,0.3622,0.0108,0.627
SPADES EIGHT CLUBS ACE,0.3284,0.0056,0.666
DIAMONDS FIVE CLUBS KING,0.3428,0.0082,0.649
SPADES EIGHT CLUBS KING,0.3178,0.0094,0.6728
DIAMONDS FIVE CLUBS ACE,0.344,0.0052,0.6508
SPADES EIGHT CLUBS QUEEN,0.3264,0.015,0.6586
CLUBS JACK SPADES EIGHT,0.3142,0.0194,0.6664
CLUBS TEN SPADES EIGHT,0.3192,0.027,0.6538
CLUBS TEN DIAMONDS FIVE,0.3636,0.0268,0.6096
CLUBS JACK DIAMONDS FIVE,0.3518,0.0204,0.6278
DIAMONDS TEN HEARTS JACK,0.3134,0.0146,0.672
DIAMONDS TEN HEARTS TEN,0.125,0.0636,0.8114
SPADES ACE CLUBS NINE,0.3238,0.0048,0.6714
SPADES QUEEN CLUBS NINE,0.3172,0.0142,0.6686
SPADES KING CLUBS NINE,0.3208,0.008,0.6712
HEARTS SIX HEARTS KING,0.2276,0.0424,0.73
DIAMONDS KING SPADES SEVEN,0.3368,0.0054,0.6578
HEARTS THREE SPADES SEVEN,0.355,0.1036,0.5414
SPADES KING DIAMONDS SEVEN,0.3378,0.006,0.6562
HEARTS SIX HEARTS QUEEN,0.2408,0.0538,0.7054
SPADES QUEEN DIAMONDS SEVEN,0.3382,0.0132,0.6486
HEARTS THREE SPADES SIX,0.2068,0.512,0.2812
DIAMONDS KING SPADES SIX,0.2278,0.0422,0.73
DIAMONDS KING SPADES NINE,0.3454,0.0086,0.646
SPADES NINE HEARTS THREE,0.3558,0.051,0.5932
HEARTS SIX HEARTS ACE,0.2218,0.0302,0.748
DIAMONDS KING SPADES EIGHT,0.3428,0.0068,0.6504
SPADES EIGHT HEARTS THREE,0.3488,0.0736,0.5776
SPADES ACE DIAMONDS SEVEN,0.3254,0.004,0.6706
CLUBS NINE HEARTS THREE,0.3476,0.0462,0.6062
CLUBS NINE DIAMONDS KING,0.3258,0.007,0.6672
CLUBS EIGHT DIAMONDS KING,0.3294,0.0076,0.663
CLUBS EIGHT HEARTS THREE,0.3548,0.0674,0.5778
HEARTS THREE SPADES THREE,0.227,0.1432,0.6298
DIAMONDS KING SPADES THREE,0.3728,0.008,0.6192
HEARTS THREE SPADES TWO,0.4772,0.277,0.2458
DIAMONDS KING SPADES TWO,0.2532,0.0198,0.727
HEARTS THREE SPADES FIVE,0.441,0.1604,0.3986
DIAMONDS KING SPADES FIVE,0.349,0.0096,0.6414
HEARTS THREE SPADES FOUR,0.4324,0.178,0.3896
DIAMONDS KING SPADES FOUR,0.3616,0.0114,0.627
DIAMONDS KING CLUBS TWO,0.2576,0.0252,0.7172
