opposingHand,winningChance,drawChance,lostChance
CLUBS JACK DIAMONDS FIVE
HEARTS FIVE SPADES TEN,0.7038,0.0654,0.2308
HEARTS FIVE SPADES JACK,0.019,0.9618,0.0192
CLUBS TEN SPADES FIVE,0.7094,0.0586,0.232
CLUBS TEN CLUBS EIGHT,0.5254,0.0156,0.459
CLUBS EIGHT CLUBS KING,0.3512,0.007,0.6418
SPADES FIVE CLUBS ACE,0.2226,0.0324,0.745
CLUBS EIGHT CLUBS QUEEN,0.3276,0.0104,0.662
SPADES FIVE CLUBS KING,0.2318,0.0424,0.7258
SPADES FIVE CLUBS QUEEN,0.2314,0.0494,0.7192
CLUBS EIGHT CLUBS ACE,0.3528,0.0034,0.6438
DIAMONDS TWO DIAMONDS THREE,0.6082,0.0208,0.371
HEARTS FIVE SPADES KING,0.244,0.0366,0.7194
DIAMONDS TWO DIAMONDS FOUR,0.6064,0.0212,0.3724
HEARTS FIVE SPADES QUEEN,0.2306,0.0504,0.719
DIAMONDS TWO DIAMONDS SEVEN,0.6048,0.0198,0.3754
DIAMONDS TWO DIAMONDS SIX,0.594,0.0176,0.3884
SPADES ACE HEARTS FIVE,0.2408,0.0282,0.731
DIAMONDS TWO DIAMONDS NINE,0.5836,0.0172,0.3992
DIAMONDS TWO DIAMONDS EIGHT,0.5912,0.02,0.3888
DIAMONDS THREE DIAMONDS FOUR,0.5894,0.025,0.3856
CLUBS TWO SPADES FOUR,0.6424,0.0204,0.3372
SPADES FIVE CLUBS TWO,0.684,0.0738,0.2422
CLUBS TWO SPADES TWO,0.4128,0.0518,0.5354
CLUBS TWO SPADES THREE,0.628,0.0244,0.3476
DIAMONDS THREE DIAMONDS EIGHT,0.5914,0.019,0.3896
SPADES EIGHT CLUBS TWO,0.6262,0.0206,0.3532
DIAMONDS THREE DIAMONDS NINE,0.5982,0.0214,0.3804
SPADES NINE CLUBS TWO,0.6334,0.0164,0.3502
DIAMONDS THREE DIAMONDS SIX,0.5694,0.0154,0.4152
SPADES SIX CLUBS TWO,0.6236,0.0198,0.3566
DIAMONDS THREE DIAMONDS SEVEN,0.5852,0.0202,0.3946
SPADES SEVEN CLUBS TWO,0.6354,0.019,0.3456
CLUBS SIX CLUBS TWO,0.5838,0.019,0.3972
CLUBS SEVEN CLUBS TWO,0.6012,0.0208,0.378
CLUBS FOUR CLUBS TWO,0.6096,0.0164,0.374
CLUBS FIVE CLUBS TWO,0.642,0.0652,0.2928
DIAMONDS SIX DIAMONDS FOUR,0.5664,0.0204,0.4132
CLUBS TEN CLUBS QUEEN,0.3154,0.0102,0.6744
DIAMONDS FOUR DIAMONDS SEVEN,0.5644,0.0246,0.411
CLUBS TEN CLUBS KING,0.3176,0.008,0.6744
CLUBS TEN CLUBS ACE,0.3232,0.0048,0.672
CLUBS EIGHT CLUBS TWO,0.611,0.0192,0.3698
CLUBS NINE CLUBS TWO,0.6,0.0218,0.3782
DIAMONDS NINE DIAMONDS FOUR,0.6058,0.019,0.3752
DIAMONDS FOUR DIAMONDS EIGHT,0.5836,0.0194,0.397
CLUBS THREE CLUBS TWO,0.599,0.0218,0.3792
CLUBS TEN DIAMONDS TWO,0.6288,0.0212,0.35
DIAMONDS TWO CLUBS ACE,0.3864,0.0052,0.6084
DIAMONDS TWO CLUBS KING,0.3954,0.0082,0.5964
DIAMONDS TWO CLUBS QUEEN,0.393,0.0124,0.5946
DIAMONDS SIX DIAMONDS EIGHT,0.5388,0.0174,0.4438
DIAMONDS NINE DIAMONDS SIX,0.5382,0.015,0.4468
HEARTS ACE SPADES THREE,0.3696,0.0038,0.6266
SPADES THREE HEARTS KING,0.3992,0.0058,0.595
DIAMONDS SIX DIAMONDS SEVEN,0.5342,0.0192,0.4466
HEARTS QUEEN SPADES THREE,0.4046,0.011,0.5844
SPADES THREE HEARTS JACK,0.3282,0.458,0.2138
SPADES THREE HEARTS TEN,0.6202,0.0224,0.3574
DIAMONDS EIGHT DIAMONDS SEVEN,0.533,0.0178,0.4492
DIAMONDS NINE DIAMONDS SEVEN,0.5364,0.0154,0.4482
DIAMONDS NINE DIAMONDS EIGHT,0.5118,0.0166,0.4716
DIAMONDS KING HEARTS TEN,0.335,0.008,0.657
HEARTS THREE HEARTS TEN,0.5874,0.0182,0.3944
SPADES JACK CLUBS SIX,0.2138,0.4012,0.385
DIAMONDS KING HEARTS JACK,0.2286,0.0354,0.736
HEARTS THREE HEARTS JACK,0.3086,0.424,0.2674
SPADES TEN CLUBS SIX,0.574,0.016,0.41
SPADES JACK SPADES FIVE,0.0224,0.9102,0.0674
SPADES TEN SPADES FIVE,0.653,0.0618,0.2852
DIAMONDS KING HEARTS ACE,0.3176,0.0044,0.678
HEARTS THREE HEARTS ACE,0.364,0.005,0.631
SPADES ACE CLUBS SIX,0.3726,0.0032,0.6242
DIAMONDS KING HEARTS QUEEN,0.3056,0.0048,0.6896
HEARTS THREE HEARTS QUEEN,0.37,0.0102,0.6198
SPADES KING CLUBS SIX,0.3712,0.007,0.6218
DIAMONDS KING HEARTS KING,0.1422,0.0066,0.8512
HEARTS THREE HEARTS KING,0.3706,0.0074,0.622
SPADES QUEEN CLUBS SIX,0.3538,0.013,0.6332
SPADES NINE HEARTS TEN,0.5344,0.0146,0.451
SPADES NINE HEARTS JACK,0.2366,0.1586,0.6048
SPADES QUEEN SPADES FIVE,0.2238,0.048,0.7282
SPADES KING SPADES FIVE,0.2224,0.0394,0.7382
SPADES ACE SPADES FIVE,0.2238,0.028,0.7482
SPADES NINE HEARTS QUEEN,0.339,0.011,0.65
SPADES NINE HEARTS KING,0.3572,0.0054,0.6374
SPADES NINE HEARTS ACE,0.3628,0.0034,0.6338
CLUBS TEN SPADES JACK,0.2342,0.124,0.6418
CLUBS TEN SPADES TEN,0.2872,0.024,0.6888
SPADES ACE CLUBS TEN,0.344,0.0034,0.6526
SPADES KING CLUBS TEN,0.3364,0.006,0.6576
CLUBS TEN SPADES QUEEN,0.3386,0.0104,0.651
SPADES FIVE HEARTS QUEEN,0.2372,0.0512,0.7116
SPADES FIVE HEARTS KING,0.238,0.0464,0.7156
HEARTS ACE SPADES FIVE,0.233,0.0288,0.7382
CLUBS EIGHT SPADES TEN,0.5564,0.0156,0.428
SPADES JACK HEARTS THREE,0.3218,0.456,0.2222
SPADES JACK DIAMONDS KING,0.237,0.03,0.733
SPADES TEN DIAMONDS KING,0.3202,0.0074,0.6724
SPADES TEN HEARTS THREE,0.6134,0.019,0.3676
SPADES JACK CLUBS EIGHT,0.2276,0.2274,0.545
CLUBS SIX HEARTS ACE,0.3748,0.0068,0.6184
SPADES ACE CLUBS EIGHT,0.37,0.0034,0.6266
HEARTS FIVE CLUBS TEN,0.7136,0.0652,0.2212
CLUBS SIX HEARTS QUEEN,0.3704,0.0078,0.6218
SPADES QUEEN CLUBS EIGHT,0.3574,0.0088,0.6338
CLUBS TEN SPADES THREE,0.6272,0.0168,0.356
CLUBS SIX HEARTS KING,0.3676,0.0078,0.6246
SPADES KING CLUBS EIGHT,0.3766,0.0068,0.6166
DIAMONDS TWO HEARTS JACK,0.3152,0.4748,0.21
SPADES THREE CLUBS QUEEN,0.388,0.0116,0.6004
DIAMONDS TWO HEARTS TEN,0.6334,0.019,0.3476
SPADES THREE CLUBS KING,0.3972,0.01,0.5928
HEARTS FIVE CLUBS ACE,0.2312,0.0274,0.7414
SPADES FIVE HEARTS TEN,0.6976,0.0636,0.2388
SPADES THREE CLUBS ACE,0.3784,0.0042,0.6174
HEARTS FIVE CLUBS KING,0.2262,0.0418,0.732
SPADES FIVE HEARTS JACK,0.0166,0.9612,0.0222
HEARTS FIVE CLUBS QUEEN,0.233,0.0516,0.7154
HEARTS THREE CLUBS KING,0.3904,0.0088,0.6008
DIAMONDS KING CLUBS KING,0.129,0.0088,0.8622
HEARTS THREE CLUBS QUEEN,0.3924,0.011,0.5966
DIAMONDS KING CLUBS QUEEN,0.3056,0.0068,0.6876
HEARTS FIVE HEARTS JACK,0.0206,0.909,0.0704
HEARTS FIVE HEARTS TEN,0.6594,0.0564,0.2842
HEARTS THREE CLUBS ACE,0.386,0.0064,0.6076
DIAMONDS KING CLUBS ACE,0.3154,0.0058,0.6788
SPADES ACE CLUBS QUEEN,0.3216,0.0062,0.6722
SPADES KING CLUBS QUEEN,0.314,0.0068,0.6792
SPADES QUEEN CLUBS QUEEN,0.1366,0.0132,0.8502
CLUBS TEN HEARTS THREE,0.6304,0.0206,0.349
CLUBS TEN DIAMONDS KING,0.327,0.0076,0.6654
SPADES JACK CLUBS QUEEN,0.232,0.0404,0.7276
CLUBS SIX CLUBS QUEEN,0.339,0.0126,0.6484
SPADES TEN CLUBS QUEEN,0.334,0.0098,0.6562
CLUBS SIX CLUBS KING,0.3508,0.007,0.6422
CLUBS SIX CLUBS ACE,0.3488,0.0042,0.647
HEARTS FIVE HEARTS KING,0.2138,0.0352,0.751
HEARTS FIVE HEARTS QUEEN,0.224,0.0488,0.7272
CLUBS TEN CLUBS SIX,0.5516,0.0178,0.4306
HEARTS FIVE HEARTS ACE,0.2292,0.0318,0.739
SPADES SEVEN HEARTS JACK,0.2254,0.3014,0.4732
SPADES SEVEN HEARTS TEN,0.564,0.0152,0.4208
DIAMONDS TWO CLUBS TWO,0.419,0.0566,0.5244
DIAMONDS TWO CLUBS THREE,0.6332,0.0236,0.3432
DIAMONDS TWO HEARTS SIX,0.6382,0.0172,0.3446
DIAMONDS TWO HEARTS QUEEN,0.3922,0.0114,0.5964
HEARTS SEVEN DIAMONDS TWO,0.6218,0.022,0.3562
DIAMONDS TWO HEARTS KING,0.4022,0.0072,0.5906
DIAMONDS TWO HEARTS EIGHT,0.631,0.0202,0.3488
DIAMONDS TWO HEARTS ACE,0.3894,0.005,0.6056
DIAMONDS TWO HEARTS NINE,0.6338,0.0206,0.3456
DIAMONDS TWO DIAMONDS QUEEN,0.3782,0.0124,0.6094
DIAMONDS TWO HEARTS TWO,0.4114,0.0502,0.5384
DIAMONDS TWO DIAMONDS KING,0.3822,0.0084,0.6094
DIAMONDS TWO HEARTS THREE,0.643,0.0202,0.3368
DIAMONDS TWO DIAMONDS ACE,0.378,0.0048,0.6172
HEARTS FOUR DIAMONDS TWO,0.6428,0.0218,0.3354
HEARTS FIVE DIAMONDS TWO,0.6748,0.0684,0.2568
SPADES SEVEN HEARTS ACE,0.3502,0.0034,0.6464
DIAMONDS TWO DIAMONDS TEN,0.5948,0.0194,0.3858
SPADES SEVEN HEARTS KING,0.3646,0.0068,0.6286
DIAMONDS TWO DIAMONDS JACK,0.2946,0.455,0.2504
SPADES SEVEN HEARTS QUEEN,0.3636,0.011,0.6254
DIAMONDS TWO SPADES NINE,0.6508,0.015,0.3342
DIAMONDS TWO SPADES EIGHT,0.6376,0.0178,0.3446
DIAMONDS TWO SPADES SEVEN,0.6358,0.0164,0.3478
DIAMONDS TWO SPADES SIX,0.6274,0.0208,0.3518
DIAMONDS TWO SPADES FIVE,0.6862,0.066,0.2478
DIAMONDS TWO SPADES FOUR,0.627,0.0244,0.3486
DIAMONDS TWO SPADES THREE,0.6398,0.0236,0.3366
DIAMONDS TWO SPADES TWO,0.4276,0.0538,0.5186
CLUBS NINE DIAMONDS TWO,0.6382,0.0196,0.3422
DIAMONDS TWO CLUBS EIGHT,0.6292,0.018,0.3528
CLUBS SEVEN DIAMONDS TWO,0.649,0.0226,0.3284
DIAMONDS TWO CLUBS SIX,0.6326,0.021,0.3464
DIAMONDS TWO CLUBS FIVE,0.6848,0.0692,0.246
DIAMONDS TWO CLUBS FOUR,0.6408,0.0202,0.339
CLUBS FOUR SPADES FIVE,0.6426,0.066,0.2914
CLUBS FOUR SPADES FOUR,0.4134,0.0466,0.54
CLUBS FOUR SPADES THREE,0.6262,0.0202,0.3536
CLUBS FOUR SPADES TWO,0.6288,0.0242,0.347
SPADES NINE CLUBS FOUR,0.6388,0.0176,0.3436
SPADES EIGHT CLUBS FOUR,0.6252,0.0196,0.3552
SPADES SEVEN CLUBS FOUR,0.6152,0.0198,0.365
CLUBS FOUR SPADES SIX,0.594,0.0192,0.3868
SPADES ACE DIAMONDS SIX,0.366,0.0048,0.6292
SPADES QUEEN DIAMONDS SIX,0.3552,0.009,0.6358
SPADES KING DIAMONDS SIX,0.356,0.006,0.638
SPADES TEN DIAMONDS SIX,0.5772,0.0162,0.4066
SPADES JACK DIAMONDS SIX,0.2108,0.398,0.3912
SPADES QUEEN SPADES TWO,0.3744,0.0156,0.61
SPADES KING SPADES TWO,0.3786,0.0084,0.613
SPADES ACE SPADES TWO,0.3654,0.0052,0.6294
CLUBS TEN DIAMONDS JACK,0.2258,0.1272,0.647
DIAMONDS JACK CLUBS KING,0.2268,0.037,0.7362
DIAMONDS JACK CLUBS QUEEN,0.2204,0.0428,0.7368
DIAMONDS THREE DIAMONDS JACK,0.3096,0.445,0.2454
DIAMONDS THREE DIAMONDS TEN,0.583,0.0212,0.3958
DIAMONDS JACK CLUBS ACE,0.212,0.0218,0.7662
DIAMONDS THREE DIAMONDS KING,0.3748,0.01,0.6152
DIAMONDS THREE HEARTS THREE,0.4166,0.0506,0.5328
DIAMONDS THREE DIAMONDS QUEEN,0.3766,0.013,0.6104
DIAMONDS THREE HEARTS TWO,0.6454,0.022,0.3326
HEARTS FIVE DIAMONDS THREE,0.6688,0.0688,0.2624
DIAMONDS THREE DIAMONDS ACE,0.3768,0.0048,0.6184
HEARTS FOUR DIAMONDS THREE,0.6266,0.0198,0.3536
HEARTS SEVEN DIAMONDS THREE,0.6294,0.0202,0.3504
SPADES TEN SPADES NINE,0.5026,0.0148,0.4826
HEARTS SIX DIAMONDS THREE,0.6222,0.0182,0.3596
SPADES JACK SPADES NINE,0.2122,0.1582,0.6296
DIAMONDS THREE HEARTS NINE,0.6424,0.0164,0.3412
HEARTS JACK DIAMONDS FOUR,0.3294,0.4614,0.2092
HEARTS ACE HEARTS KING,0.299,0.0046,0.6964
SPADES TEN SPADES TWO,0.5786,0.0206,0.4008
DIAMONDS THREE HEARTS EIGHT,0.6308,0.0214,0.3478
HEARTS TEN DIAMONDS FOUR,0.6284,0.0172,0.3544
SPADES JACK SPADES TWO,0.2984,0.4278,0.2738
HEARTS QUEEN DIAMONDS FOUR,0.3824,0.0108,0.6068
HEARTS KING DIAMONDS FOUR,0.3896,0.0054,0.605
SPADES ACE SPADES NINE,0.3474,0.0028,0.6498
HEARTS ACE DIAMONDS FOUR,0.3826,0.0058,0.6116
SPADES KING SPADES NINE,0.3298,0.007,0.6632
SPADES QUEEN SPADES NINE,0.3248,0.0086,0.6666
DIAMONDS THREE SPADES NINE,0.6276,0.0196,0.3528
DIAMONDS THREE SPADES EIGHT,0.628,0.0234,0.3486
DIAMONDS THREE SPADES SEVEN,0.6238,0.0194,0.3568
DIAMONDS THREE SPADES SIX,0.6136,0.0206,0.3658
DIAMONDS THREE CLUBS SIX,0.6146,0.0208,0.3646
CLUBS FIVE CLUBS SIX,0.6256,0.0582,0.3162
CLUBS ACE DIAMONDS FOUR,0.3862,0.0048,0.609
CLUBS SEVEN DIAMONDS THREE,0.6298,0.021,0.3492
CLUBS SEVEN CLUBS FIVE,0.6298,0.0614,0.3088
DIAMONDS THREE CLUBS FOUR,0.6228,0.021,0.3562
DIAMONDS FOUR CLUBS QUEEN,0.3904,0.0112,0.5984
DIAMONDS THREE CLUBS FIVE,0.6724,0.07,0.2576
DIAMONDS FOUR CLUBS KING,0.3832,0.009,0.6078
DIAMONDS THREE CLUBS TWO,0.6442,0.024,0.3318
CLUBS TEN DIAMONDS FOUR,0.6386,0.0194,0.342
DIAMONDS THREE CLUBS THREE,0.4152,0.047,0.5378
DIAMONDS THREE SPADES FOUR,0.6282,0.0224,0.3494
DIAMONDS THREE SPADES FIVE,0.6548,0.0676,0.2776
DIAMONDS THREE SPADES TWO,0.6452,0.0206,0.3342
DIAMONDS THREE SPADES THREE,0.412,0.0468,0.5412
CLUBS EIGHT DIAMONDS THREE,0.6318,0.0224,0.3458
CLUBS NINE DIAMONDS THREE,0.6362,0.0202,0.3436
SPADES SEVEN CLUBS ACE,0.3612,0.0038,0.635
SPADES SEVEN CLUBS QUEEN,0.3566,0.012,0.6314
SPADES SEVEN CLUBS KING,0.359,0.0076,0.6334
CLUBS FIVE SPADES SEVEN,0.6558,0.0622,0.282
CLUBS TEN SPADES SEVEN,0.5604,0.0196,0.42
CLUBS FIVE SPADES SIX,0.6504,0.059,0.2906
CLUBS FIVE SPADES NINE,0.6972,0.06,0.2428
CLUBS FIVE SPADES EIGHT,0.679,0.0598,0.2612
CLUBS FIVE SPADES THREE,0.6728,0.0632,0.264
CLUBS FIVE SPADES TWO,0.678,0.065,0.257
CLUBS FIVE SPADES FIVE,0.2978,0.0472,0.655
CLUBS FIVE SPADES FOUR,0.652,0.0694,0.2786
CLUBS NINE CLUBS FIVE,0.6626,0.0638,0.2736
CLUBS EIGHT CLUBS FIVE,0.6434,0.0568,0.2998
CLUBS ACE CLUBS QUEEN,0.3072,0.0072,0.6856
CLUBS KING CLUBS QUEEN,0.298,0.006,0.696
DIAMONDS TEN DIAMONDS FOUR,0.5916,0.0158,0.3926
CLUBS TEN DIAMONDS NINE,0.5272,0.0156,0.4572
DIAMONDS JACK DIAMONDS FOUR,0.2986,0.4418,0.2596
CLUBS TEN SPADES NINE,0.548,0.0158,0.4362
DIAMONDS ACE DIAMONDS FOUR,0.3696,0.0044,0.626
HEARTS FOUR DIAMONDS FOUR,0.4036,0.0422,0.5542
DIAMONDS JACK HEARTS TEN,0.2248,0.1264,0.6488
SPADES NINE CLUBS KING,0.3492,0.0044,0.6464
DIAMONDS TWO SPADES TEN,0.6212,0.0208,0.358
DIAMONDS NINE CLUBS ACE,0.356,0.006,0.638
HEARTS FIVE DIAMONDS FOUR,0.6582,0.0606,0.2812
DIAMONDS JACK HEARTS JACK,0.0848,0.0398,0.8754
SPADES NINE CLUBS QUEEN,0.3434,0.0128,0.6438
DIAMONDS TWO SPADES JACK,0.3272,0.4548,0.218
DIAMONDS QUEEN DIAMONDS FOUR,0.3622,0.0124,0.6254
HEARTS TWO DIAMONDS FOUR,0.6486,0.0202,0.3312
DIAMONDS NINE CLUBS QUEEN,0.3444,0.01,0.6456
DIAMONDS KING DIAMONDS FOUR,0.374,0.0082,0.6178
HEARTS THREE DIAMONDS FOUR,0.6182,0.0218,0.36
SPADES NINE CLUBS ACE,0.3506,0.004,0.6454
DIAMONDS NINE CLUBS KING,0.3382,0.0086,0.6532
HEARTS ACE DIAMONDS JACK,0.225,0.0218,0.7532
SPADES ACE DIAMONDS TWO,0.3974,0.0052,0.5974
HEARTS QUEEN DIAMONDS JACK,0.2388,0.0366,0.7246
SPADES QUEEN DIAMONDS TWO,0.4028,0.012,0.5852
HEARTS KING DIAMONDS JACK,0.2328,0.0334,0.7338
SPADES KING DIAMONDS TWO,0.4046,0.0082,0.5872
SPADES JACK SPADES SEVEN,0.2124,0.2872,0.5004
SPADES TEN SPADES SEVEN,0.531,0.019,0.45
CLUBS SEVEN CLUBS THREE,0.5874,0.0202,0.3924
CLUBS SIX CLUBS THREE,0.5912,0.019,0.3898
CLUBS FIVE CLUBS THREE,0.6374,0.0626,0.3
CLUBS THREE CLUBS FOUR,0.584,0.0222,0.3938
CLUBS NINE CLUBS THREE,0.5968,0.016,0.3872
CLUBS EIGHT CLUBS THREE,0.5998,0.0194,0.3808
CLUBS THREE SPADES FIVE,0.675,0.0648,0.2602
CLUBS THREE SPADES FOUR,0.6344,0.0214,0.3442
CLUBS THREE SPADES THREE,0.4322,0.0482,0.5196
CLUBS THREE SPADES TWO,0.6368,0.02,0.3432
CLUBS THREE SPADES SIX,0.6182,0.0194,0.3624
CLUBS THREE SPADES SEVEN,0.6248,0.0214,0.3538
SPADES EIGHT CLUBS THREE,0.628,0.0188,0.3532
SPADES NINE CLUBS THREE,0.6322,0.0174,0.3504
SPADES TWO DIAMONDS FOUR,0.6418,0.021,0.3372
SPADES THREE DIAMONDS FOUR,0.6176,0.0252,0.3572
SPADES FOUR DIAMONDS FOUR,0.4118,0.0418,0.5464
SPADES FIVE DIAMONDS FOUR,0.6334,0.0708,0.2958
SPADES SIX DIAMONDS FOUR,0.596,0.018,0.386
SPADES SEVEN DIAMONDS FOUR,0.6184,0.0214,0.3602
SPADES EIGHT DIAMONDS FOUR,0.6238,0.0218,0.3544
SPADES NINE DIAMONDS FOUR,0.6264,0.0178,0.3558
CLUBS FIVE DIAMONDS FOUR,0.6528,0.0614,0.2858
CLUBS FOUR DIAMONDS FOUR,0.3952,0.0498,0.555
CLUBS SEVEN DIAMONDS FOUR,0.6204,0.0198,0.3598
CLUBS SIX DIAMONDS FOUR,0.6072,0.0212,0.3716
CLUBS NINE DIAMONDS FOUR,0.631,0.0198,0.3492
CLUBS EIGHT DIAMONDS FOUR,0.6338,0.0188,0.3474
HEARTS SEVEN DIAMONDS FOUR,0.6036,0.0178,0.3786
HEARTS SIX DIAMONDS FOUR,0.606,0.0188,0.3752
DIAMONDS FOUR HEARTS NINE,0.6254,0.0196,0.355
DIAMONDS FOUR HEARTS EIGHT,0.6256,0.0202,0.3542
CLUBS THREE DIAMONDS FOUR,0.6218,0.0236,0.3546
CLUBS TWO DIAMONDS FOUR,0.638,0.0216,0.3404
DIAMONDS NINE HEARTS QUEEN,0.3408,0.0092,0.65
DIAMONDS NINE HEARTS KING,0.341,0.0076,0.6514
HEARTS ACE DIAMONDS NINE,0.3466,0.0036,0.6498
DIAMONDS NINE HEARTS TEN,0.531,0.0154,0.4536
DIAMONDS NINE HEARTS JACK,0.2334,0.1676,0.599
DIAMONDS SIX CLUBS KING,0.3622,0.0076,0.6302
DIAMONDS SIX CLUBS QUEEN,0.3562,0.014,0.6298
DIAMONDS SIX CLUBS ACE,0.3538,0.0052,0.641
SPADES KING DIAMONDS FOUR,0.3872,0.0076,0.6052
SPADES ACE SPADES SEVEN,0.3376,0.0038,0.6586
SPADES QUEEN DIAMONDS FOUR,0.3886,0.01,0.6014
SPADES QUEEN SPADES SEVEN,0.3482,0.0106,0.6412
SPADES KING SPADES SEVEN,0.338,0.0098,0.6522
SPADES ACE DIAMONDS FOUR,0.3802,0.0048,0.615
CLUBS TEN DIAMONDS SIX,0.5886,0.0172,0.3942
CLUBS NINE CLUBS FOUR,0.608,0.018,0.374
CLUBS EIGHT CLUBS FOUR,0.5928,0.0212,0.386
SPADES JACK DIAMONDS FOUR,0.317,0.467,0.216
SPADES TEN DIAMONDS FOUR,0.6382,0.019,0.3428
CLUBS FIVE CLUBS FOUR,0.626,0.0594,0.3146
CLUBS SEVEN CLUBS FOUR,0.574,0.017,0.409
CLUBS SIX CLUBS FOUR,0.572,0.0226,0.4054
CLUBS SEVEN SPADES EIGHT,0.5564,0.0156,0.428
CLUBS SEVEN SPADES NINE,0.5644,0.0182,0.4174
CLUBS SEVEN SPADES SIX,0.5646,0.0168,0.4186
CLUBS SEVEN SPADES SEVEN,0.3044,0.0372,0.6584
CLUBS SEVEN SPADES FIVE,0.6512,0.0562,0.2926
CLUBS SEVEN SPADES FOUR,0.6096,0.0202,0.3702
CLUBS SEVEN SPADES THREE,0.6138,0.0206,0.3656
CLUBS SEVEN SPADES TWO,0.63,0.018,0.352
CLUBS NINE CLUBS SEVEN,0.5432,0.019,0.4378
CLUBS SEVEN CLUBS EIGHT,0.527,0.0204,0.4526
HEARTS KING HEARTS EIGHT,0.342,0.006,0.652
HEARTS QUEEN HEARTS EIGHT,0.326,0.0108,0.6632
HEARTS ACE HEARTS EIGHT,0.3318,0.0032,0.665
SPADES JACK DIAMONDS EIGHT,0.2162,0.2348,0.549
CLUBS TEN HEARTS JACK,0.2352,0.1184,0.6464
SPADES TEN DIAMONDS EIGHT,0.5586,0.0144,0.427
HEARTS JACK CLUBS QUEEN,0.222,0.0388,0.7392
HEARTS JACK CLUBS KING,0.2252,0.03,0.7448
CLUBS ACE HEARTS JACK,0.2302,0.0202,0.7496
SPADES KING DIAMONDS EIGHT,0.3702,0.007,0.6228
SPADES QUEEN DIAMONDS EIGHT,0.3504,0.0108,0.6388
SPADES ACE DIAMONDS EIGHT,0.3574,0.0034,0.6392
DIAMONDS TEN DIAMONDS SIX,0.5514,0.0214,0.4272
HEARTS ACE DIAMONDS SEVEN,0.3576,0.0046,0.6378
DIAMONDS JACK DIAMONDS SIX,0.2252,0.3558,0.419
HEARTS QUEEN DIAMONDS SEVEN,0.362,0.0126,0.6254
HEARTS KING DIAMONDS SEVEN,0.3508,0.0106,0.6386
DIAMONDS ACE DIAMONDS SIX,0.3562,0.0054,0.6384
HEARTS FOUR DIAMONDS SIX,0.6022,0.0162,0.3816
SPADES TWO HEARTS JACK,0.3188,0.462,0.2192
HEARTS FIVE DIAMONDS SIX,0.6522,0.0618,0.286
SPADES TWO HEARTS TEN,0.6116,0.0188,0.3696
DIAMONDS QUEEN DIAMONDS SIX,0.3612,0.01,0.6288
HEARTS TWO DIAMONDS SIX,0.6312,0.0192,0.3496
DIAMONDS KING DIAMONDS SIX,0.342,0.0076,0.6504
HEARTS THREE DIAMONDS SIX,0.609,0.0194,0.3716
DIAMONDS SIX HEARTS EIGHT,0.5534,0.0198,0.4268
DIAMONDS SIX HEARTS NINE,0.582,0.0162,0.4018
HEARTS SIX DIAMONDS SIX,0.3042,0.0466,0.6492
HEARTS SEVEN DIAMONDS SIX,0.5678,0.0142,0.418
HEARTS TEN DIAMONDS SEVEN,0.5504,0.0188,0.4308
CLUBS TWO DIAMONDS SIX,0.6224,0.0168,0.3608
HEARTS JACK DIAMONDS SEVEN,0.2088,0.3118,0.4794
CLUBS THREE DIAMONDS SIX,0.6142,0.0216,0.3642
CLUBS SEVEN DIAMONDS SIX,0.564,0.0162,0.4198
CLUBS SIX DIAMONDS SIX,0.3192,0.0442,0.6366
CLUBS TEN DIAMONDS EIGHT,0.5486,0.019,0.4324
CLUBS FIVE DIAMONDS SIX,0.642,0.0604,0.2976
CLUBS FOUR DIAMONDS SIX,0.5996,0.0218,0.3786
HEARTS ACE HEARTS JACK,0.2146,0.0212,0.7642
CLUBS ACE DIAMONDS EIGHT,0.3622,0.0044,0.6334
HEARTS QUEEN HEARTS JACK,0.2114,0.0384,0.7502
CLUBS KING DIAMONDS EIGHT,0.3632,0.0072,0.6296
CLUBS NINE DIAMONDS SIX,0.58,0.0186,0.4014
HEARTS KING HEARTS JACK,0.236,0.0308,0.7332
DIAMONDS EIGHT CLUBS QUEEN,0.3482,0.0112,0.6406
CLUBS EIGHT DIAMONDS SIX,0.5832,0.0196,0.3972
SPADES TEN HEARTS KING,0.348,0.0042,0.6478
SPADES FIVE DIAMONDS SIX,0.6448,0.0622,0.293
HEARTS ACE SPADES TWO,0.394,0.006,0.6
SPADES JACK HEARTS KING,0.243,0.0306,0.7264
SPADES FOUR DIAMONDS SIX,0.5992,0.021,0.3798
SPADES THREE DIAMONDS SIX,0.606,0.0224,0.3716
HEARTS QUEEN SPADES TWO,0.4038,0.0102,0.586
SPADES ACE SPADES KING,0.316,0.0052,0.6788
HEARTS KING SPADES TWO,0.3998,0.0072,0.593
SPADES TWO DIAMONDS SIX,0.6178,0.0224,0.3598
HEARTS TEN HEARTS EIGHT,0.5158,0.0186,0.4656
SPADES NINE DIAMONDS SIX,0.572,0.0196,0.4084
HEARTS JACK HEARTS EIGHT,0.2164,0.2128,0.5708
SPADES EIGHT DIAMONDS SIX,0.5652,0.0176,0.4172
SPADES SEVEN DIAMONDS SIX,0.5526,0.0178,0.4296
SPADES SIX DIAMONDS SIX,0.3166,0.0406,0.6428
SPADES KING HEARTS KING,0.1478,0.0068,0.8454
SPADES QUEEN HEARTS KING,0.3256,0.0072,0.6672
CLUBS ACE CLUBS KING,0.3164,0.0072,0.6764
SPADES ACE HEARTS KING,0.3334,0.0062,0.6604
SPADES ACE HEARTS JACK,0.2352,0.0194,0.7454
SPADES QUEEN HEARTS JACK,0.2356,0.0406,0.7238
SPADES KING HEARTS JACK,0.2308,0.0304,0.7388
SPADES TEN DIAMONDS TEN,0.2672,0.02,0.7128
SPADES JACK DIAMONDS TEN,0.221,0.1286,0.6504
SPADES ACE DIAMONDS TEN,0.3388,0.005,0.6562
SPADES JACK HEARTS JACK,0.0964,0.0356,0.868
SPADES TEN HEARTS JACK,0.2286,0.119,0.6524
SPADES QUEEN DIAMONDS TEN,0.3304,0.0148,0.6548
SPADES KING DIAMONDS TEN,0.3436,0.007,0.6494
SPADES NINE DIAMONDS SEVEN,0.5634,0.0156,0.421
SPADES EIGHT DIAMONDS SEVEN,0.5616,0.0198,0.4186
SPADES SEVEN DIAMONDS SEVEN,0.2952,0.0436,0.6612
SPADES SIX DIAMONDS SEVEN,0.5616,0.0176,0.4208
DIAMONDS KING DIAMONDS SEVEN,0.3526,0.008,0.6394
HEARTS THREE DIAMONDS SEVEN,0.6192,0.023,0.3578
DIAMONDS QUEEN DIAMONDS SEVEN,0.3518,0.012,0.6362
HEARTS TWO DIAMONDS SEVEN,0.633,0.019,0.348
HEARTS FIVE DIAMONDS SEVEN,0.6518,0.0594,0.2888
DIAMONDS ACE DIAMONDS SEVEN,0.3344,0.0036,0.662
HEARTS FOUR DIAMONDS SEVEN,0.6016,0.0194,0.379
HEARTS SEVEN DIAMONDS SEVEN,0.2972,0.0424,0.6604
HEARTS SIX DIAMONDS SEVEN,0.5566,0.0202,0.4232
HEARTS NINE DIAMONDS SEVEN,0.5546,0.019,0.4264
HEARTS EIGHT DIAMONDS SEVEN,0.5426,0.0166,0.4408
DIAMONDS JACK DIAMONDS SEVEN,0.2152,0.2792,0.5056
DIAMONDS TEN DIAMONDS SEVEN,0.5498,0.0182,0.432
SPADES KING CLUBS TWO,0.4056,0.01,0.5844
HEARTS KING CLUBS KING,0.1344,0.0086,0.857
CLUBS EIGHT DIAMONDS SEVEN,0.5444,0.0182,0.4374
SPADES QUEEN CLUBS TWO,0.4082,0.0116,0.5802
HEARTS KING CLUBS QUEEN,0.3088,0.0038,0.6874
CLUBS NINE DIAMONDS SEVEN,0.5522,0.016,0.4318
SPADES ACE CLUBS TWO,0.394,0.0052,0.6008
CLUBS TEN SPADES TWO,0.6308,0.0186,0.3506
HEARTS KING CLUBS ACE,0.3266,0.0044,0.669
CLUBS SEVEN CLUBS SIX,0.5368,0.018,0.4452
SPADES TWO CLUBS KING,0.398,0.0082,0.5938
SPADES TWO DIAMONDS SEVEN,0.634,0.0248,0.3412
CLUBS EIGHT CLUBS SIX,0.5438,0.0212,0.435
SPADES THREE DIAMONDS SEVEN,0.6212,0.021,0.3578
SPADES TWO CLUBS QUEEN,0.3918,0.0116,0.5966
CLUBS NINE CLUBS SIX,0.5636,0.0186,0.4178
SPADES FOUR DIAMONDS SEVEN,0.6028,0.023,0.3742
SPADES FIVE DIAMONDS SEVEN,0.6554,0.0636,0.281
SPADES TWO CLUBS ACE,0.37,0.005,0.625
CLUBS TEN HEARTS KING,0.3514,0.0082,0.6404
CLUBS SIX SPADES TWO,0.6266,0.018,0.3554
CLUBS SIX SPADES THREE,0.6144,0.0228,0.3628
CLUBS TWO DIAMONDS SEVEN,0.6374,0.0252,0.3374
CLUBS SIX SPADES FOUR,0.6044,0.0188,0.3768
CLUBS THREE DIAMONDS SEVEN,0.6116,0.0234,0.365
CLUBS SIX SPADES FIVE,0.6772,0.0574,0.2654
CLUBS FOUR DIAMONDS SEVEN,0.6078,0.0176,0.3746
CLUBS SIX SPADES SIX,0.3172,0.0434,0.6394
CLUBS FIVE DIAMONDS SEVEN,0.6584,0.0592,0.2824
CLUBS SIX SPADES SEVEN,0.5728,0.0162,0.411
CLUBS SIX DIAMONDS SEVEN,0.5548,0.0186,0.4266
CLUBS SIX SPADES EIGHT,0.5786,0.018,0.4034
SPADES JACK CLUBS TWO,0.3266,0.4668,0.2066
CLUBS SEVEN DIAMONDS SEVEN,0.3064,0.0384,0.6552
SPADES NINE CLUBS SIX,0.5834,0.0212,0.3954
SPADES TEN CLUBS TWO,0.6252,0.0188,0.356
CLUBS TWO CLUBS QUEEN,0.3776,0.0134,0.609
CLUBS TWO CLUBS KING,0.3664,0.0082,0.6254
CLUBS THREE DIAMONDS EIGHT,0.628,0.0208,0.3512
CLUBS TWO CLUBS ACE,0.369,0.0042,0.6268
CLUBS TWO DIAMONDS EIGHT,0.636,0.019,0.345
HEARTS SEVEN DIAMONDS EIGHT,0.5478,0.0144,0.4378
HEARTS SIX DIAMONDS EIGHT,0.5574,0.0196,0.423
DIAMONDS EIGHT HEARTS NINE,0.5578,0.0164,0.4258
CLUBS TEN CLUBS TWO,0.606,0.0192,0.3748
HEARTS EIGHT DIAMONDS EIGHT,0.291,0.0292,0.6798
CLUBS NINE DIAMONDS EIGHT,0.5464,0.0142,0.4394
CLUBS EIGHT DIAMONDS EIGHT,0.285,0.0358,0.6792
CLUBS FIVE DIAMONDS EIGHT,0.6816,0.0628,0.2556
SPADES ACE SPADES THREE,0.3562,0.0062,0.6376
CLUBS FOUR DIAMONDS EIGHT,0.6204,0.02,0.3596
CLUBS SEVEN DIAMONDS EIGHT,0.557,0.0162,0.4268
SPADES QUEEN SPADES THREE,0.3696,0.0126,0.6178
CLUBS SIX DIAMONDS EIGHT,0.569,0.0172,0.4138
SPADES KING SPADES THREE,0.379,0.008,0.613
DIAMONDS QUEEN DIAMONDS EIGHT,0.336,0.0122,0.6518
HEARTS TWO DIAMONDS EIGHT,0.6314,0.0196,0.349
DIAMONDS KING DIAMONDS EIGHT,0.352,0.009,0.639
HEARTS THREE DIAMONDS EIGHT,0.6284,0.0192,0.3524
DIAMONDS ACE DIAMONDS EIGHT,0.3424,0.0054,0.6522
HEARTS FOUR DIAMONDS EIGHT,0.6162,0.0178,0.366
HEARTS FIVE DIAMONDS EIGHT,0.676,0.0616,0.2624
DIAMONDS TEN DIAMONDS EIGHT,0.5292,0.0172,0.4536
DIAMONDS JACK DIAMONDS EIGHT,0.2256,0.2194,0.555
SPADES JACK SPADES THREE,0.3068,0.4254,0.2678
SPADES TEN SPADES THREE,0.5786,0.0164,0.405
CLUBS FOUR HEARTS ACE,0.3846,0.004,0.6114
CLUBS FOUR HEARTS QUEEN,0.3938,0.011,0.5952
CLUBS FOUR HEARTS KING,0.3982,0.007,0.5948
CLUBS SIX HEARTS TEN,0.5768,0.0176,0.4056
CLUBS SIX HEARTS JACK,0.224,0.3888,0.3872
SPADES FOUR DIAMONDS EIGHT,0.6072,0.0158,0.377
SPADES FIVE DIAMONDS EIGHT,0.6654,0.0624,0.2722
SPADES TWO DIAMONDS EIGHT,0.6314,0.0188,0.3498
SPADES THREE DIAMONDS EIGHT,0.6292,0.021,0.3498
CLUBS FOUR HEARTS JACK,0.3182,0.4706,0.2112
SPADES EIGHT DIAMONDS EIGHT,0.296,0.0324,0.6716
SPADES TEN DIAMONDS QUEEN,0.3196,0.0094,0.671
SPADES TEN HEARTS TWO,0.6248,0.023,0.3522
SPADES JACK HEARTS EIGHT,0.232,0.2278,0.5402
CLUBS FOUR HEARTS TEN,0.6186,0.015,0.3664
SPADES NINE DIAMONDS EIGHT,0.5482,0.0168,0.435
SPADES TEN HEARTS EIGHT,0.561,0.0116,0.4274
SPADES JACK HEARTS TWO,0.3136,0.4578,0.2286
SPADES JACK DIAMONDS QUEEN,0.2262,0.0444,0.7294
SPADES SIX DIAMONDS EIGHT,0.5646,0.0186,0.4168
SPADES SEVEN DIAMONDS EIGHT,0.5488,0.019,0.4322
SPADES ACE HEARTS TWO,0.3946,0.0048,0.6006
SPADES ACE DIAMONDS QUEEN,0.3138,0.0026,0.6836
SPADES ACE HEARTS EIGHT,0.359,0.0034,0.6376
SPADES KING HEARTS EIGHT,0.371,0.0088,0.6202
SPADES QUEEN HEARTS TWO,0.394,0.0108,0.5952
SPADES QUEEN DIAMONDS QUEEN,0.1488,0.0108,0.8404
SPADES KING DIAMONDS QUEEN,0.3254,0.0062,0.6684
SPADES KING HEARTS TWO,0.3998,0.0086,0.5916
SPADES QUEEN HEARTS EIGHT,0.3694,0.0096,0.621
CLUBS TWO HEARTS TEN,0.6192,0.0186,0.3622
CLUBS TWO HEARTS JACK,0.33,0.4504,0.2196
SPADES SEVEN DIAMONDS NINE,0.5628,0.0142,0.423
SPADES SIX DIAMONDS NINE,0.5652,0.0156,0.4192
SPADES NINE DIAMONDS NINE,0.2998,0.0274,0.6728
SPADES EIGHT DIAMONDS NINE,0.5452,0.0154,0.4394
SPADES TEN CLUBS KING,0.3392,0.0064,0.6544
DIAMONDS NINE SPADES THREE,0.6264,0.0198,0.3538
SPADES JACK CLUBS KING,0.2338,0.0324,0.7338
DIAMONDS NINE SPADES TWO,0.616,0.0208,0.3632
SPADES FIVE DIAMONDS NINE,0.6886,0.061,0.2504
DIAMONDS NINE SPADES FOUR,0.6212,0.0218,0.357
CLUBS NINE DIAMONDS NINE,0.2888,0.0296,0.6816
CLUBS EIGHT DIAMONDS NINE,0.5474,0.0198,0.4328
CLUBS SIX DIAMONDS NINE,0.5776,0.0164,0.406
SPADES JACK CLUBS FOUR,0.3376,0.4516,0.2108
CLUBS SEVEN DIAMONDS NINE,0.5474,0.0178,0.4348
SPADES TEN CLUBS FOUR,0.6352,0.0168,0.348
CLUBS FOUR DIAMONDS NINE,0.6238,0.021,0.3552
CLUBS FIVE DIAMONDS NINE,0.6894,0.0622,0.2484
CLUBS TWO DIAMONDS NINE,0.6262,0.0196,0.3542
CLUBS THREE DIAMONDS NINE,0.6286,0.0234,0.348
DIAMONDS NINE HEARTS EIGHT,0.5508,0.0166,0.4326
DIAMONDS NINE HEARTS NINE,0.276,0.0286,0.6954
HEARTS SIX DIAMONDS NINE,0.5712,0.0176,0.4112
HEARTS SEVEN DIAMONDS NINE,0.565,0.0186,0.4164
CLUBS NINE CLUBS EIGHT,0.516,0.018,0.466
DIAMONDS ACE DIAMONDS NINE,0.3442,0.0048,0.651
HEARTS FOUR DIAMONDS NINE,0.6274,0.0192,0.3534
HEARTS FIVE DIAMONDS NINE,0.6876,0.0622,0.2502
HEARTS ACE CLUBS TWO,0.395,0.0042,0.6008
SPADES ACE CLUBS FOUR,0.3904,0.0044,0.6052
DIAMONDS NINE DIAMONDS QUEEN,0.335,0.011,0.654
HEARTS TWO DIAMONDS NINE,0.6262,0.0212,0.3526
CLUBS TWO HEARTS KING,0.3952,0.0096,0.5952
SPADES KING CLUBS FOUR,0.3944,0.0064,0.5992
DIAMONDS KING DIAMONDS NINE,0.3408,0.0064,0.6528
HEARTS THREE DIAMONDS NINE,0.612,0.0186,0.3694
CLUBS TWO HEARTS QUEEN,0.4024,0.0112,0.5864
SPADES QUEEN CLUBS FOUR,0.396,0.0088,0.5952
DIAMONDS NINE DIAMONDS JACK,0.214,0.1588,0.6272
CLUBS EIGHT SPADES NINE,0.5538,0.0134,0.4328
DIAMONDS TEN DIAMONDS NINE,0.5156,0.0148,0.4696
CLUBS EIGHT SPADES EIGHT,0.3022,0.0382,0.6596
CLUBS EIGHT SPADES SEVEN,0.5556,0.017,0.4274
CLUBS EIGHT SPADES SIX,0.5656,0.0204,0.414
CLUBS EIGHT SPADES FIVE,0.6794,0.0666,0.254
CLUBS EIGHT SPADES FOUR,0.619,0.022,0.359
CLUBS EIGHT SPADES THREE,0.6368,0.0166,0.3466
CLUBS EIGHT SPADES TWO,0.6424,0.0192,0.3384
HEARTS SIX DIAMONDS TEN,0.5852,0.0138,0.401
HEARTS SEVEN DIAMONDS TEN,0.567,0.017,0.416
DIAMONDS TEN HEARTS EIGHT,0.557,0.0166,0.4264
DIAMONDS TEN HEARTS NINE,0.5272,0.0148,0.458
CLUBS TEN CLUBS FOUR,0.6038,0.0196,0.3766
CLUBS FOUR CLUBS KING,0.3692,0.0066,0.6242
CLUBS FOUR CLUBS QUEEN,0.3716,0.014,0.6144
DIAMONDS TEN CLUBS TWO,0.629,0.0188,0.3522
CLUBS THREE DIAMONDS TEN,0.63,0.0182,0.3518
CLUBS FOUR CLUBS ACE,0.3652,0.0058,0.629
DIAMONDS TEN DIAMONDS JACK,0.2368,0.1218,0.6414
DIAMONDS TEN DIAMONDS QUEEN,0.3148,0.0108,0.6744
HEARTS TWO DIAMONDS TEN,0.613,0.0212,0.3658
DIAMONDS KING DIAMONDS TEN,0.3114,0.0088,0.6798
HEARTS THREE DIAMONDS TEN,0.622,0.0212,0.3568
DIAMONDS ACE DIAMONDS TEN,0.3342,0.0056,0.6602
HEARTS FOUR DIAMONDS TEN,0.6054,0.0196,0.375
CLUBS EIGHT HEARTS JACK,0.2314,0.224,0.5446
HEARTS FIVE DIAMONDS TEN,0.6924,0.0662,0.2414
CLUBS EIGHT HEARTS TEN,0.5468,0.0192,0.434
CLUBS EIGHT HEARTS QUEEN,0.3636,0.0116,0.6248
CLUBS EIGHT HEARTS KING,0.3734,0.0078,0.6188
CLUBS EIGHT HEARTS ACE,0.3772,0.0036,0.6192
CLUBS NINE SPADES THREE,0.6322,0.0156,0.3522
CLUBS NINE SPADES TWO,0.6128,0.019,0.3682
CLUBS NINE SPADES FIVE,0.6958,0.0554,0.2488
CLUBS NINE SPADES FOUR,0.6342,0.0174,0.3484
CLUBS NINE SPADES SEVEN,0.562,0.0222,0.4158
CLUBS NINE SPADES SIX,0.5786,0.0198,0.4016
CLUBS NINE SPADES NINE,0.2986,0.032,0.6694
CLUBS TEN HEARTS EIGHT,0.5492,0.0164,0.4344
CLUBS NINE SPADES EIGHT,0.544,0.0212,0.4348
HEARTS EIGHT CLUBS QUEEN,0.3466,0.0126,0.6408
CLUBS KING HEARTS EIGHT,0.3632,0.0088,0.628
CLUBS ACE HEARTS EIGHT,0.3492,0.0058,0.645
SPADES KING CLUBS KING,0.1382,0.009,0.8528
SPADES QUEEN CLUBS KING,0.3286,0.006,0.6654
SPADES ACE CLUBS KING,0.32,0.0046,0.6754
DIAMONDS ACE HEARTS TEN,0.3468,0.003,0.6502
HEARTS FOUR HEARTS TEN,0.5812,0.0166,0.4022
DIAMONDS ACE HEARTS JACK,0.2192,0.019,0.7618
HEARTS FOUR HEARTS JACK,0.3126,0.428,0.2594
SPADES KING CLUBS FIVE,0.2372,0.0398,0.723
SPADES QUEEN CLUBS FIVE,0.2508,0.0538,0.6954
SPADES ACE CLUBS FIVE,0.2344,0.0294,0.7362
HEARTS SEVEN DIAMONDS JACK,0.2148,0.3042,0.481
HEARTS SIX DIAMONDS JACK,0.2196,0.3942,0.3862
DIAMONDS JACK HEARTS NINE,0.2382,0.1668,0.595
DIAMONDS JACK HEARTS EIGHT,0.224,0.2312,0.5448
DIAMONDS KING DIAMONDS JACK,0.2268,0.0308,0.7424
HEARTS THREE DIAMONDS JACK,0.3228,0.4644,0.2128
SPADES ACE SPADES SIX,0.3338,0.0052,0.661
HEARTS ACE SPADES FOUR,0.3822,0.0034,0.6144
DIAMONDS QUEEN DIAMONDS JACK,0.2274,0.045,0.7276
HEARTS TWO DIAMONDS JACK,0.3064,0.4688,0.2248
HEARTS FIVE DIAMONDS JACK,0.0102,0.9696,0.0202
SPADES QUEEN SPADES SIX,0.3556,0.0104,0.634
SPADES FOUR HEARTS QUEEN,0.3968,0.0092,0.594
DIAMONDS ACE DIAMONDS JACK,0.2304,0.0188,0.7508
HEARTS FOUR DIAMONDS JACK,0.319,0.4584,0.2226
SPADES KING SPADES SIX,0.3368,0.01,0.6532
SPADES FOUR HEARTS KING,0.4072,0.0076,0.5852
SPADES TEN SPADES SIX,0.5478,0.0152,0.437
SPADES JACK SPADES SIX,0.2142,0.365,0.4208
SPADES FOUR DIAMONDS JACK,0.3136,0.46,0.2264
SPADES FIVE DIAMONDS JACK,0.0114,0.9692,0.0194
DIAMONDS JACK SPADES TWO,0.3166,0.4662,0.2172
SPADES THREE DIAMONDS JACK,0.3224,0.4628,0.2148
SPADES ACE DIAMONDS THREE,0.388,0.0042,0.6078
SPADES QUEEN DIAMONDS THREE,0.3994,0.01,0.5906
CLUBS EIGHT DIAMONDS JACK,0.2226,0.2196,0.5578
SPADES KING DIAMONDS THREE,0.3936,0.008,0.5984
CLUBS NINE DIAMONDS JACK,0.2236,0.174,0.6024
CLUBS SIX DIAMONDS JACK,0.2254,0.3948,0.3798
CLUBS SEVEN DIAMONDS JACK,0.213,0.3006,0.4864
CLUBS FOUR DIAMONDS JACK,0.3144,0.4684,0.2172
CLUBS FIVE DIAMONDS JACK,0.0082,0.985,0.0068
CLUBS TWO DIAMONDS JACK,0.3088,0.4876,0.2036
CLUBS THREE DIAMONDS JACK,0.3266,0.4592,0.2142
SPADES TEN CLUBS FIVE,0.7076,0.0652,0.2272
SPADES JACK HEARTS SIX,0.2254,0.383,0.3916
HEARTS SIX SPADES TEN,0.5832,0.0156,0.4012
SPADES JACK CLUBS FIVE,0.0174,0.9734,0.0092
SPADES JACK DIAMONDS THREE,0.3174,0.4666,0.216
CLUBS SEVEN CLUBS ACE,0.3438,0.005,0.6512
DIAMONDS THREE SPADES TEN,0.6306,0.0164,0.353
CLUBS SEVEN CLUBS QUEEN,0.3414,0.011,0.6476
CLUBS SEVEN CLUBS KING,0.3468,0.008,0.6452
SPADES NINE DIAMONDS JACK,0.228,0.1646,0.6074
CLUBS TEN CLUBS SEVEN,0.5312,0.0164,0.4524
DIAMONDS ACE HEARTS ACE,0.13,0.0038,0.8662
HEARTS FOUR HEARTS ACE,0.3602,0.0044,0.6354
SPADES EIGHT DIAMONDS JACK,0.227,0.2296,0.5434
SPADES ACE HEARTS SIX,0.357,0.0036,0.6394
DIAMONDS ACE HEARTS KING,0.3304,0.0034,0.6662
HEARTS FOUR HEARTS KING,0.3664,0.0106,0.623
SPADES SEVEN DIAMONDS JACK,0.2204,0.2988,0.4808
SPADES KING HEARTS SIX,0.36,0.0072,0.6328
DIAMONDS ACE HEARTS QUEEN,0.3154,0.005,0.6796
HEARTS FOUR HEARTS QUEEN,0.367,0.0124,0.6206
SPADES QUEEN HEARTS SIX,0.3714,0.0122,0.6164
SPADES SIX DIAMONDS JACK,0.2212,0.4042,0.3746
DIAMONDS TEN SPADES TWO,0.6282,0.0148,0.357
DIAMONDS TEN SPADES THREE,0.6236,0.0208,0.3556
DIAMONDS TEN SPADES FOUR,0.616,0.0186,0.3654
DIAMONDS TEN SPADES FIVE,0.7116,0.06,0.2284
SPADES SIX DIAMONDS TEN,0.5788,0.0166,0.4046
SPADES SEVEN DIAMONDS TEN,0.5648,0.0138,0.4214
SPADES EIGHT DIAMONDS TEN,0.5498,0.0136,0.4366
SPADES NINE DIAMONDS TEN,0.5334,0.0116,0.455
CLUBS FOUR DIAMONDS TEN,0.6288,0.0164,0.3548
CLUBS FIVE DIAMONDS TEN,0.6966,0.0652,0.2382
CLUBS SIX DIAMONDS TEN,0.587,0.0158,0.3972
CLUBS SEVEN DIAMONDS TEN,0.5644,0.0188,0.4168
CLUBS EIGHT DIAMONDS TEN,0.5538,0.0174,0.4288
CLUBS NINE DIAMONDS TEN,0.5482,0.0166,0.4352
CLUBS TEN DIAMONDS THREE,0.6308,0.0182,0.351
DIAMONDS THREE CLUBS KING,0.3966,0.0098,0.5936
DIAMONDS THREE CLUBS QUEEN,0.393,0.0122,0.5948
DIAMONDS THREE CLUBS ACE,0.3794,0.007,0.6136
SPADES FOUR HEARTS JACK,0.3234,0.4604,0.2162
SPADES FOUR HEARTS TEN,0.6298,0.0168,0.3534
SPADES FIVE SPADES TWO,0.6358,0.0656,0.2986
SPADES FOUR SPADES TWO,0.588,0.0228,0.3892
SPADES THREE SPADES TWO,0.5878,0.0216,0.3906
SPADES NINE SPADES TWO,0.5888,0.0176,0.3936
SPADES EIGHT SPADES TWO,0.5844,0.0152,0.4004
SPADES SEVEN SPADES TWO,0.5932,0.0176,0.3892
SPADES SIX SPADES TWO,0.5916,0.0212,0.3872
CLUBS THREE DIAMONDS QUEEN,0.3884,0.016,0.5956
CLUBS THREE HEARTS TWO,0.637,0.0224,0.3406
CLUBS TWO DIAMONDS QUEEN,0.384,0.012,0.604
HEARTS TWO CLUBS TWO,0.416,0.0526,0.5314
HEARTS SEVEN DIAMONDS QUEEN,0.3686,0.0104,0.621
HEARTS SEVEN HEARTS TWO,0.584,0.02,0.396
HEARTS SIX DIAMONDS QUEEN,0.3782,0.0132,0.6086
HEARTS SIX HEARTS TWO,0.5872,0.0188,0.394
DIAMONDS QUEEN HEARTS NINE,0.3414,0.0128,0.6458
HEARTS TWO HEARTS NINE,0.598,0.0178,0.3842
DIAMONDS QUEEN HEARTS EIGHT,0.355,0.0104,0.6346
HEARTS TWO HEARTS EIGHT,0.5838,0.0178,0.3984
CLUBS NINE HEARTS TWO,0.6318,0.0196,0.3486
CLUBS NINE DIAMONDS QUEEN,0.3416,0.0122,0.6462
CLUBS EIGHT HEARTS TWO,0.615,0.0228,0.3622
CLUBS EIGHT DIAMONDS QUEEN,0.3602,0.0112,0.6286
CLUBS FIVE DIAMONDS QUEEN,0.2262,0.06,0.7138
CLUBS FIVE HEARTS TWO,0.675,0.0662,0.2588
SPADES EIGHT HEARTS ACE,0.3662,0.004,0.6298
CLUBS FOUR DIAMONDS QUEEN,0.392,0.0124,0.5956
CLUBS FOUR HEARTS TWO,0.6402,0.025,0.3348
CLUBS SEVEN DIAMONDS QUEEN,0.3734,0.0104,0.6162
CLUBS SEVEN HEARTS TWO,0.6196,0.0202,0.3602
SPADES EIGHT HEARTS QUEEN,0.3562,0.0122,0.6316
CLUBS SIX DIAMONDS QUEEN,0.3746,0.0114,0.614
CLUBS SIX HEARTS TWO,0.6248,0.0194,0.3558
SPADES EIGHT HEARTS KING,0.3762,0.0078,0.616
HEARTS TWO SPADES SIX,0.6198,0.0176,0.3626
SPADES SIX DIAMONDS QUEEN,0.3694,0.0086,0.622
HEARTS FOUR CLUBS QUEEN,0.3976,0.0122,0.5902
DIAMONDS ACE CLUBS QUEEN,0.3028,0.0048,0.6924
SPADES SEVEN DIAMONDS QUEEN,0.3634,0.0104,0.6262
SPADES SEVEN HEARTS TWO,0.6276,0.0176,0.3548
HEARTS FOUR CLUBS KING,0.3908,0.0074,0.6018
DIAMONDS ACE CLUBS KING,0.3282,0.0046,0.6672
SPADES EIGHT DIAMONDS QUEEN,0.3428,0.0098,0.6474
SPADES EIGHT HEARTS TWO,0.638,0.0196,0.3424
HEARTS FOUR CLUBS ACE,0.3786,0.0044,0.617
DIAMONDS ACE CLUBS ACE,0.1094,0.0038,0.8868
SPADES NINE DIAMONDS QUEEN,0.3452,0.0124,0.6424
SPADES NINE HEARTS TWO,0.6306,0.018,0.3514
HEARTS TWO SPADES TWO,0.4042,0.056,0.5398
DIAMONDS QUEEN SPADES TWO,0.4024,0.0112,0.5864
HEARTS TWO SPADES THREE,0.6266,0.0204,0.353
DIAMONDS QUEEN SPADES THREE,0.3814,0.0134,0.6052
HEARTS TWO SPADES FOUR,0.6296,0.0222,0.3482
SPADES FOUR DIAMONDS QUEEN,0.376,0.0108,0.6132
CLUBS TEN HEARTS FOUR,0.6344,0.0238,0.3418
CLUBS TEN DIAMONDS ACE,0.342,0.0058,0.6522
HEARTS TWO SPADES FIVE,0.682,0.065,0.253
SPADES FIVE DIAMONDS QUEEN,0.2262,0.053,0.7208
CLUBS FIVE CLUBS KING,0.2262,0.0438,0.73
CLUBS FIVE CLUBS QUEEN,0.2242,0.0534,0.7224
CLUBS FIVE CLUBS ACE,0.2234,0.031,0.7456
CLUBS TEN CLUBS FIVE,0.6768,0.0594,0.2638
SPADES SIX CLUBS KING,0.3536,0.0088,0.6376
SPADES SIX CLUBS QUEEN,0.3546,0.0152,0.6302
SPADES EIGHT HEARTS JACK,0.2366,0.2206,0.5428
SPADES SIX CLUBS ACE,0.3584,0.0044,0.6372
SPADES EIGHT HEARTS TEN,0.5434,0.017,0.4396
CLUBS TEN SPADES SIX,0.5952,0.019,0.3858
SPADES QUEEN CLUBS SEVEN,0.3622,0.0116,0.6262
SPADES KING CLUBS SEVEN,0.37,0.0058,0.6242
SPADES ACE CLUBS SEVEN,0.3578,0.0038,0.6384
SPADES SIX HEARTS TEN,0.572,0.0142,0.4138
SPADES SIX HEARTS JACK,0.223,0.3964,0.3806
SPADES SIX HEARTS ACE,0.3696,0.005,0.6254
SPADES SIX HEARTS KING,0.3788,0.0066,0.6146
SPADES SIX HEARTS QUEEN,0.363,0.01,0.627
CLUBS SEVEN SPADES JACK,0.2254,0.299,0.4756
CLUBS SEVEN SPADES TEN,0.562,0.0166,0.4214
CLUBS TEN HEARTS SIX,0.5782,0.0164,0.4054
HEARTS SIX CLUBS QUEEN,0.3712,0.0138,0.615
HEARTS SIX CLUBS KING,0.3686,0.0076,0.6238
HEARTS SIX CLUBS ACE,0.3466,0.0048,0.6486
DIAMONDS THREE HEARTS ACE,0.3736,0.0036,0.6228
DIAMONDS THREE HEARTS QUEEN,0.4016,0.0122,0.5862
DIAMONDS THREE HEARTS KING,0.3868,0.01,0.6032
CLUBS FIVE HEARTS JACK,0.0178,0.9694,0.0128
SPADES TEN DIAMONDS ACE,0.3364,0.0046,0.659
HEARTS FOUR SPADES TEN,0.6242,0.0158,0.36
CLUBS FIVE HEARTS TEN,0.7014,0.057,0.2416
HEARTS FOUR SPADES JACK,0.322,0.4566,0.2214
SPADES JACK DIAMONDS ACE,0.2236,0.0204,0.756
SPADES ACE HEARTS FOUR,0.3844,0.003,0.6126
SPADES ACE DIAMONDS ACE,0.1288,0.0034,0.8678
CLUBS FIVE HEARTS ACE,0.2312,0.03,0.7388
CLUBS FIVE HEARTS KING,0.2484,0.0452,0.7064
HEARTS FOUR SPADES QUEEN,0.3858,0.0144,0.5998
SPADES QUEEN DIAMONDS ACE,0.313,0.0044,0.6826
CLUBS FIVE HEARTS QUEEN,0.2422,0.0494,0.7084
SPADES KING DIAMONDS ACE,0.3294,0.0054,0.6652
SPADES KING HEARTS FOUR,0.3982,0.006,0.5958
CLUBS TEN SPADES FOUR,0.6304,0.016,0.3536
DIAMONDS ACE DIAMONDS QUEEN,0.303,0.0038,0.6932
DIAMONDS ACE HEARTS TWO,0.3838,0.0048,0.6114
HEARTS FOUR DIAMONDS QUEEN,0.4068,0.0122,0.581
HEARTS FOUR HEARTS TWO,0.5934,0.0244,0.3822
DIAMONDS THREE HEARTS TEN,0.6364,0.0158,0.3478
SPADES FOUR CLUBS KING,0.3924,0.0076,0.6
HEARTS FIVE DIAMONDS QUEEN,0.2328,0.052,0.7152
HEARTS FIVE HEARTS TWO,0.645,0.0618,0.2932
DIAMONDS THREE HEARTS JACK,0.314,0.4798,0.2062
SPADES FOUR CLUBS QUEEN,0.3874,0.0144,0.5982
HEARTS TWO DIAMONDS QUEEN,0.4032,0.0126,0.5842
DIAMONDS KING DIAMONDS QUEEN,0.305,0.0088,0.6862
DIAMONDS KING HEARTS TWO,0.3916,0.0088,0.5996
HEARTS THREE DIAMONDS QUEEN,0.3846,0.0124,0.603
HEARTS THREE HEARTS TWO,0.5974,0.0194,0.3832
SPADES FOUR CLUBS ACE,0.3904,0.0052,0.6044
HEARTS TWO CLUBS ACE,0.3948,0.0052,0.6
DIAMONDS QUEEN CLUBS ACE,0.3084,0.0074,0.6842
HEARTS TWO CLUBS QUEEN,0.398,0.0128,0.5892
DIAMONDS QUEEN CLUBS QUEEN,0.1438,0.0146,0.8416
HEARTS TWO CLUBS KING,0.405,0.0082,0.5868
DIAMONDS QUEEN CLUBS KING,0.2958,0.0078,0.6964
SPADES EIGHT SPADES FIVE,0.627,0.0586,0.3144
CLUBS TEN HEARTS TWO,0.62,0.0218,0.3582
CLUBS TEN DIAMONDS QUEEN,0.3244,0.0084,0.6672
SPADES NINE SPADES FIVE,0.6544,0.0574,0.2882
SPADES SIX SPADES FIVE,0.615,0.0594,0.3256
SPADES SEVEN SPADES FIVE,0.6144,0.0586,0.327
SPADES EIGHT CLUBS ACE,0.3592,0.0044,0.6364
SPADES EIGHT CLUBS KING,0.3688,0.0072,0.624
SPADES EIGHT CLUBS QUEEN,0.3662,0.0088,0.625
CLUBS TEN SPADES EIGHT,0.5526,0.0168,0.4306
DIAMONDS TEN HEARTS JACK,0.2102,0.1168,0.673
DIAMONDS TEN HEARTS TEN,0.2614,0.0246,0.714
SPADES ACE CLUBS NINE,0.3672,0.0044,0.6284
CLUBS NINE SPADES QUEEN,0.3446,0.0118,0.6436
CLUBS NINE SPADES KING,0.3542,0.007,0.6388
HEARTS SIX HEARTS KING,0.3492,0.0084,0.6424
DIAMONDS KING SPADES SEVEN,0.3588,0.0074,0.6338
HEARTS THREE SPADES SEVEN,0.6124,0.018,0.3696
SPADES KING DIAMONDS SEVEN,0.3594,0.0074,0.6332
HEARTS SIX HEARTS QUEEN,0.3364,0.0092,0.6544
SPADES QUEEN DIAMONDS SEVEN,0.3662,0.0128,0.621
HEARTS THREE SPADES SIX,0.6164,0.0178,0.3658
DIAMONDS KING SPADES SIX,0.3488,0.0078,0.6434
SPADES NINE DIAMONDS KING,0.3594,0.0082,0.6324
SPADES NINE HEARTS THREE,0.6232,0.0186,0.3582
HEARTS SIX HEARTS ACE,0.3478,0.004,0.6482
DIAMONDS KING SPADES EIGHT,0.3664,0.0054,0.6282
SPADES EIGHT HEARTS THREE,0.631,0.0186,0.3504
SPADES ACE DIAMONDS SEVEN,0.3678,0.004,0.6282
CLUBS NINE HEARTS THREE,0.6368,0.017,0.3462
CLUBS NINE DIAMONDS KING,0.3432,0.0096,0.6472
CLUBS EIGHT HEARTS THREE,0.6282,0.0214,0.3504
CLUBS EIGHT DIAMONDS KING,0.369,0.007,0.624
HEARTS THREE SPADES THREE,0.4144,0.046,0.5396
DIAMONDS KING SPADES THREE,0.3952,0.0074,0.5974
HEARTS THREE SPADES TWO,0.633,0.0242,0.3428
DIAMONDS KING SPADES TWO,0.3946,0.01,0.5954
HEARTS THREE SPADES FIVE,0.6648,0.0674,0.2678
DIAMONDS KING SPADES FIVE,0.2278,0.0436,0.7286
HEARTS THREE SPADES FOUR,0.6206,0.0228,0.3566
DIAMONDS KING SPADES FOUR,0.3888,0.0072,0.604
DIAMONDS KING CLUBS TWO,0.4078,0.0088,0.5834
HEARTS THREE CLUBS TWO,0.6422,0.0198,0.338
DIAMONDS KING CLUBS THREE,0.4006,0.009,0.5904
CLUBS THREE HEARTS THREE,0.4062,0.0414,0.5524
DIAMONDS KING CLUBS FOUR,0.3846,0.011,0.6044
HEARTS THREE CLUBS FOUR,0.6318,0.021,0.3472
