opposingHand,winningChance,drawChance,lostChance
CLUBS NINE DIAMONDS TEN
HEARTS FIVE SPADES TEN,0.6096,0.1598,0.2306
HEARTS FIVE SPADES JACK,0.4482,0.0166,0.5352
CLUBS JACK SPADES FIVE,0.4508,0.014,0.5352
CLUBS TEN SPADES FIVE,0.613,0.171,0.216
CLUBS JACK CLUBS EIGHT,0.403,0.0156,0.5814
CLUBS TEN CLUBS EIGHT,0.5726,0.1606,0.2668
CLUBS EIGHT CLUBS KING,0.4012,0.0056,0.5932
SPADES FIVE CLUBS ACE,0.4404,0.0032,0.5564
CLUBS EIGHT CLUBS QUEEN,0.4038,0.009,0.5872
SPADES FIVE CLUBS KING,0.4448,0.0084,0.5468
SPADES FIVE CLUBS QUEEN,0.4572,0.01,0.5328
CLUBS EIGHT CLUBS ACE,0.4074,0.0062,0.5864
DIAMONDS TWO DIAMONDS THREE,0.6248,0.0198,0.3554
DIAMONDS TWO DIAMONDS FIVE,0.6182,0.0224,0.3594
HEARTS FIVE SPADES KING,0.4572,0.007,0.5358
DIAMONDS TWO DIAMONDS FOUR,0.6268,0.0202,0.353
HEARTS FIVE SPADES QUEEN,0.4452,0.0102,0.5446
DIAMONDS TWO DIAMONDS SEVEN,0.6398,0.0234,0.3368
DIAMONDS TWO DIAMONDS SIX,0.6304,0.026,0.3436
SPADES ACE HEARTS FIVE,0.4518,0.0028,0.5454
DIAMONDS TWO DIAMONDS NINE,0.6704,0.0694,0.2602
DIAMONDS TWO DIAMONDS EIGHT,0.6566,0.0238,0.3196
DIAMONDS THREE DIAMONDS FOUR,0.6078,0.023,0.3692
CLUBS TWO SPADES FOUR,0.6282,0.027,0.3448
DIAMONDS THREE DIAMONDS FIVE,0.5974,0.0248,0.3778
SPADES FIVE CLUBS TWO,0.635,0.0238,0.3412
CLUBS TWO SPADES TWO,0.458,0.0446,0.4974
CLUBS TWO SPADES THREE,0.645,0.026,0.329
DIAMONDS THREE DIAMONDS EIGHT,0.6556,0.0194,0.325
SPADES EIGHT CLUBS TWO,0.6812,0.023,0.2958
DIAMONDS THREE DIAMONDS NINE,0.6804,0.0716,0.248
SPADES NINE CLUBS TWO,0.705,0.077,0.218
DIAMONDS THREE DIAMONDS SIX,0.605,0.022,0.373
SPADES SIX CLUBS TWO,0.6578,0.0246,0.3176
DIAMONDS THREE DIAMONDS SEVEN,0.6328,0.0232,0.344
SPADES SEVEN CLUBS TWO,0.6822,0.0236,0.2942
CLUBS SIX CLUBS TWO,0.6398,0.0204,0.3398
CLUBS SEVEN CLUBS TWO,0.6492,0.0282,0.3226
CLUBS FOUR CLUBS TWO,0.601,0.0228,0.3762
CLUBS FIVE CLUBS TWO,0.612,0.0216,0.3664
CLUBS TEN CLUBS JACK,0.2404,0.0536,0.706
DIAMONDS FOUR DIAMONDS SIX,0.6128,0.0238,0.3634
CLUBS TEN CLUBS QUEEN,0.2518,0.0424,0.7058
DIAMONDS FOUR DIAMONDS SEVEN,0.613,0.0242,0.3628
CLUBS TEN CLUBS KING,0.2662,0.0312,0.7026
CLUBS TEN CLUBS ACE,0.2582,0.0212,0.7206
CLUBS EIGHT CLUBS TWO,0.6558,0.0244,0.3198
DIAMONDS FIVE DIAMONDS FOUR,0.5984,0.024,0.3776
DIAMONDS NINE DIAMONDS FOUR,0.6684,0.068,0.2636
DIAMONDS EIGHT DIAMONDS FOUR,0.6414,0.0232,0.3354
CLUBS THREE CLUBS TWO,0.6106,0.0272,0.3622
DIAMONDS NINE DIAMONDS FIVE,0.6642,0.0802,0.2556
CLUBS JACK DIAMONDS TWO,0.4432,0.016,0.5408
DIAMONDS EIGHT DIAMONDS FIVE,0.615,0.025,0.36
CLUBS TEN DIAMONDS TWO,0.6112,0.1716,0.2172
DIAMONDS FIVE DIAMONDS SEVEN,0.61,0.0234,0.3666
DIAMONDS FIVE DIAMONDS SIX,0.5938,0.0238,0.3824
DIAMONDS TWO CLUBS ACE,0.4388,0.005,0.5562
DIAMONDS TWO CLUBS KING,0.4472,0.0086,0.5442
DIAMONDS TWO CLUBS QUEEN,0.4728,0.0096,0.5176
DIAMONDS EIGHT DIAMONDS SIX,0.6238,0.0222,0.354
DIAMONDS NINE DIAMONDS SIX,0.6592,0.0732,0.2676
HEARTS ACE SPADES THREE,0.4438,0.0036,0.5526
SPADES THREE HEARTS KING,0.4472,0.0078,0.545
DIAMONDS SEVEN DIAMONDS SIX,0.619,0.0208,0.3602
HEARTS QUEEN SPADES THREE,0.4382,0.0114,0.5504
SPADES THREE HEARTS JACK,0.4542,0.0164,0.5294
SPADES THREE HEARTS TEN,0.6022,0.1746,0.2232
DIAMONDS EIGHT DIAMONDS SEVEN,0.6126,0.025,0.3624
DIAMONDS NINE DIAMONDS SEVEN,0.6482,0.0702,0.2816
DIAMONDS NINE DIAMONDS EIGHT,0.655,0.0674,0.2776
DIAMONDS KING HEARTS TEN,0.2702,0.0338,0.696
HEARTS THREE HEARTS TEN,0.583,0.1542,0.2628
SPADES JACK CLUBS SIX,0.4486,0.0152,0.5362
DIAMONDS KING HEARTS JACK,0.347,0.0068,0.6462
HEARTS THREE HEARTS JACK,0.4274,0.013,0.5596
SPADES TEN CLUBS SIX,0.6158,0.1658,0.2184
SPADES JACK SPADES FIVE,0.4206,0.0156,0.5638
SPADES TEN SPADES FIVE,0.5702,0.1598,0.27
DIAMONDS KING HEARTS ACE,0.3544,0.0048,0.6408
HEARTS THREE HEARTS ACE,0.4102,0.003,0.5868
SPADES ACE CLUBS SIX,0.4476,0.0028,0.5496
DIAMONDS KING HEARTS QUEEN,0.3632,0.0058,0.631
HEARTS THREE HEARTS QUEEN,0.4352,0.0106,0.5542
SPADES KING CLUBS SIX,0.4422,0.0068,0.551
DIAMONDS KING HEARTS KING,0.1858,0.0118,0.8024
HEARTS THREE HEARTS KING,0.4064,0.0062,0.5874
SPADES QUEEN CLUBS SIX,0.4466,0.0104,0.543
SPADES NINE HEARTS TEN,0.0208,0.957,0.0222
SPADES NINE HEARTS JACK,0.2546,0.0534,0.692
SPADES QUEEN SPADES FIVE,0.4092,0.0092,0.5816
SPADES KING SPADES FIVE,0.433,0.0064,0.5606
SPADES ACE SPADES FIVE,0.4006,0.0058,0.5936
SPADES NINE HEARTS QUEEN,0.27,0.0394,0.6906
SPADES NINE HEARTS KING,0.2692,0.0306,0.7002
SPADES NINE HEARTS ACE,0.3086,0.0166,0.6748
CLUBS TEN SPADES JACK,0.2396,0.0594,0.701
CLUBS TEN SPADES TEN,0.1404,0.0536,0.806
SPADES ACE CLUBS TEN,0.251,0.0202,0.7288
CLUBS TEN SPADES KING,0.2708,0.0336,0.6956
CLUBS TEN SPADES QUEEN,0.2542,0.0424,0.7034
SPADES FIVE HEARTS QUEEN,0.446,0.0084,0.5456
SPADES FIVE HEARTS KING,0.4508,0.0056,0.5436
HEARTS ACE SPADES FIVE,0.4614,0.0032,0.5354
CLUBS EIGHT SPADES TEN,0.6038,0.1738,0.2224
SPADES JACK HEARTS THREE,0.4388,0.0146,0.5466
SPADES JACK DIAMONDS KING,0.3634,0.005,0.6316
SPADES TEN DIAMONDS KING,0.274,0.0316,0.6944
SPADES TEN HEARTS THREE,0.607,0.1674,0.2256
SPADES JACK CLUBS EIGHT,0.4176,0.0158,0.5666
CLUBS SIX HEARTS ACE,0.4656,0.0032,0.5312
SPADES ACE CLUBS EIGHT,0.428,0.0026,0.5694
HEARTS FIVE CLUBS JACK,0.445,0.0166,0.5384
CLUBS TEN HEARTS FIVE,0.6064,0.1654,0.2282
CLUBS SIX HEARTS QUEEN,0.4422,0.0118,0.546
SPADES QUEEN CLUBS EIGHT,0.4334,0.0106,0.556
CLUBS TEN SPADES THREE,0.5998,0.1732,0.227
CLUBS SIX HEARTS KING,0.427,0.0092,0.5638
SPADES KING CLUBS EIGHT,0.435,0.0076,0.5574
CLUBS JACK SPADES THREE,0.4486,0.0164,0.535
DIAMONDS TWO HEARTS JACK,0.4466,0.016,0.5374
SPADES THREE CLUBS QUEEN,0.4514,0.0104,0.5382
DIAMONDS TWO HEARTS TEN,0.6102,0.1748,0.215
SPADES THREE CLUBS KING,0.4482,0.008,0.5438
HEARTS FIVE CLUBS ACE,0.4338,0.0032,0.563
SPADES FIVE HEARTS TEN,0.5798,0.1748,0.2454
SPADES THREE CLUBS ACE,0.427,0.0036,0.5694
HEARTS FIVE CLUBS KING,0.4444,0.0088,0.5468
SPADES FIVE HEARTS JACK,0.444,0.0126,0.5434
HEARTS FIVE CLUBS QUEEN,0.4446,0.0102,0.5452
HEARTS THREE CLUBS KING,0.442,0.0062,0.5518
DIAMONDS KING CLUBS KING,0.1674,0.0126,0.82
HEARTS THREE CLUBS QUEEN,0.443,0.0122,0.5448
DIAMONDS KING CLUBS QUEEN,0.338,0.0062,0.6558
HEARTS FIVE HEARTS JACK,0.403,0.0186,0.5784
HEARTS FIVE HEARTS TEN,0.5726,0.1566,0.2708
HEARTS THREE CLUBS ACE,0.439,0.004,0.557
DIAMONDS KING CLUBS ACE,0.3582,0.0046,0.6372
SPADES ACE CLUBS QUEEN,0.3782,0.0044,0.6174
SPADES KING CLUBS QUEEN,0.3514,0.0062,0.6424
CLUBS JACK HEARTS THREE,0.4328,0.0168,0.5504
CLUBS JACK DIAMONDS KING,0.345,0.0064,0.6486
SPADES QUEEN CLUBS QUEEN,0.169,0.0158,0.8152
CLUBS TEN HEARTS THREE,0.6014,0.1732,0.2254
CLUBS TEN DIAMONDS KING,0.2598,0.0316,0.7086
SPADES JACK CLUBS QUEEN,0.347,0.0102,0.6428
CLUBS SIX CLUBS QUEEN,0.4148,0.0088,0.5764
SPADES TEN CLUBS QUEEN,0.2554,0.0438,0.7008
CLUBS SIX CLUBS KING,0.416,0.0076,0.5764
CLUBS SIX CLUBS ACE,0.4218,0.0038,0.5744
HEARTS FIVE HEARTS KING,0.4366,0.0056,0.5578
HEARTS FIVE HEARTS QUEEN,0.4152,0.0104,0.5744
CLUBS TEN CLUBS SIX,0.5858,0.1642,0.25
HEARTS FIVE HEARTS ACE,0.404,0.0034,0.5926
CLUBS JACK CLUBS SIX,0.4194,0.015,0.5656
SPADES SEVEN HEARTS JACK,0.4154,0.0152,0.5694
SPADES SEVEN HEARTS TEN,0.599,0.1726,0.2284
DIAMONDS TWO CLUBS TWO,0.4738,0.043,0.4832
DIAMONDS TWO CLUBS THREE,0.6414,0.0262,0.3324
DIAMONDS TWO HEARTS SIX,0.6676,0.0242,0.3082
DIAMONDS TWO HEARTS QUEEN,0.4532,0.0094,0.5374
HEARTS SEVEN DIAMONDS TWO,0.6778,0.026,0.2962
DIAMONDS TWO HEARTS KING,0.4504,0.0076,0.542
DIAMONDS TWO HEARTS EIGHT,0.7016,0.0236,0.2748
DIAMONDS TWO HEARTS ACE,0.451,0.0036,0.5454
DIAMONDS TWO HEARTS NINE,0.707,0.0802,0.2128
DIAMONDS TWO DIAMONDS QUEEN,0.4188,0.0132,0.568
DIAMONDS TWO HEARTS TWO,0.4798,0.0394,0.4808
DIAMONDS TWO DIAMONDS KING,0.4248,0.008,0.5672
DIAMONDS TWO HEARTS THREE,0.6462,0.0268,0.327
DIAMONDS TWO DIAMONDS ACE,0.4212,0.0046,0.5742
HEARTS FOUR DIAMONDS TWO,0.6546,0.0238,0.3216
HEARTS FIVE DIAMONDS TWO,0.649,0.0218,0.3292
SPADES SEVEN HEARTS ACE,0.432,0.002,0.566
SPADES SEVEN HEARTS KING,0.4332,0.006,0.5608
DIAMONDS TWO DIAMONDS JACK,0.4342,0.016,0.5498
SPADES SEVEN HEARTS QUEEN,0.428,0.0108,0.5612
DIAMONDS TWO SPADES NINE,0.714,0.0716,0.2144
DIAMONDS TWO SPADES EIGHT,0.6814,0.0224,0.2962
DIAMONDS TWO SPADES SEVEN,0.6824,0.022,0.2956
DIAMONDS TWO SPADES SIX,0.656,0.0242,0.3198
DIAMONDS TWO SPADES FIVE,0.6528,0.0234,0.3238
DIAMONDS TWO SPADES FOUR,0.656,0.0208,0.3232
DIAMONDS TWO SPADES THREE,0.6446,0.019,0.3364
DIAMONDS TWO SPADES TWO,0.461,0.0408,0.4982
DIAMONDS TWO CLUBS EIGHT,0.6952,0.0282,0.2766
CLUBS SEVEN DIAMONDS TWO,0.6746,0.0226,0.3028
DIAMONDS TWO CLUBS SIX,0.6602,0.0244,0.3154
DIAMONDS TWO CLUBS FIVE,0.6526,0.0264,0.321
DIAMONDS TWO CLUBS FOUR,0.6458,0.0276,0.3266
CLUBS FOUR SPADES FIVE,0.6344,0.025,0.3406
CLUBS FOUR SPADES FOUR,0.4772,0.0404,0.4824
CLUBS FOUR SPADES THREE,0.63,0.0264,0.3436
CLUBS FOUR SPADES TWO,0.6508,0.02,0.3292
SPADES NINE CLUBS FOUR,0.7036,0.0756,0.2208
SPADES EIGHT CLUBS FOUR,0.6676,0.0256,0.3068
SPADES SEVEN CLUBS FOUR,0.6546,0.024,0.3214
CLUBS FOUR SPADES SIX,0.6444,0.0228,0.3328
SPADES ACE DIAMONDS SIX,0.4362,0.0044,0.5594
SPADES QUEEN DIAMONDS SIX,0.441,0.0102,0.5488
SPADES KING DIAMONDS SIX,0.4502,0.0054,0.5444
SPADES TEN DIAMONDS SIX,0.6074,0.166,0.2266
SPADES JACK DIAMONDS SIX,0.4458,0.0178,0.5364
SPADES QUEEN SPADES TWO,0.4188,0.01,0.5712
SPADES KING SPADES TWO,0.4234,0.0052,0.5714
SPADES ACE SPADES TWO,0.414,0.004,0.582
CLUBS JACK DIAMONDS JACK,0.1508,0.0248,0.8244
CLUBS TEN DIAMONDS JACK,0.2284,0.0556,0.716
DIAMONDS JACK CLUBS KING,0.3536,0.0082,0.6382
DIAMONDS JACK CLUBS QUEEN,0.3308,0.0114,0.6578
DIAMONDS THREE DIAMONDS JACK,0.4148,0.0154,0.5698
DIAMONDS JACK CLUBS ACE,0.3608,0.0052,0.634
DIAMONDS THREE DIAMONDS KING,0.4224,0.008,0.5696
DIAMONDS THREE HEARTS THREE,0.4626,0.038,0.4994
DIAMONDS THREE DIAMONDS QUEEN,0.4258,0.0102,0.564
DIAMONDS THREE HEARTS TWO,0.649,0.0208,0.3302
HEARTS FIVE DIAMONDS THREE,0.624,0.0226,0.3534
DIAMONDS THREE DIAMONDS ACE,0.4244,0.0048,0.5708
HEARTS FOUR DIAMONDS THREE,0.6346,0.0262,0.3392
HEARTS SEVEN DIAMONDS THREE,0.6686,0.0228,0.3086
SPADES TEN SPADES NINE,0.0218,0.909,0.0692
HEARTS SIX DIAMONDS THREE,0.6452,0.0218,0.333
SPADES JACK SPADES NINE,0.248,0.052,0.7
DIAMONDS THREE HEARTS NINE,0.7118,0.075,0.2132
HEARTS JACK DIAMONDS FOUR,0.4572,0.018,0.5248
HEARTS ACE HEARTS KING,0.3428,0.004,0.6532
SPADES TEN SPADES TWO,0.574,0.1648,0.2612
DIAMONDS THREE HEARTS EIGHT,0.685,0.0252,0.2898
HEARTS TEN DIAMONDS FOUR,0.5974,0.1758,0.2268
SPADES JACK SPADES TWO,0.4238,0.0164,0.5598
HEARTS QUEEN DIAMONDS FOUR,0.452,0.0092,0.5388
HEARTS KING DIAMONDS FOUR,0.451,0.0074,0.5416
SPADES ACE SPADES NINE,0.2744,0.0188,0.7068
HEARTS ACE DIAMONDS FOUR,0.4418,0.005,0.5532
SPADES KING SPADES NINE,0.2644,0.026,0.7096
SPADES QUEEN SPADES NINE,0.2534,0.0354,0.7112
DIAMONDS THREE SPADES NINE,0.713,0.0692,0.2178
DIAMONDS THREE SPADES EIGHT,0.68,0.0242,0.2958
DIAMONDS THREE SPADES SEVEN,0.6536,0.0264,0.32
DIAMONDS THREE SPADES SIX,0.64,0.0192,0.3408
DIAMONDS THREE CLUBS SIX,0.6576,0.0264,0.316
CLUBS FIVE CLUBS SIX,0.6166,0.023,0.3604
CLUBS ACE DIAMONDS FOUR,0.4352,0.0054,0.5594
CLUBS SEVEN DIAMONDS THREE,0.6668,0.0262,0.307
CLUBS SEVEN CLUBS FIVE,0.6016,0.0222,0.3762
DIAMONDS THREE CLUBS FOUR,0.6348,0.023,0.3422
DIAMONDS FOUR CLUBS QUEEN,0.4354,0.0132,0.5514
DIAMONDS THREE CLUBS FIVE,0.6322,0.026,0.3418
DIAMONDS FOUR CLUBS KING,0.4524,0.0066,0.541
DIAMONDS THREE CLUBS TWO,0.6432,0.0244,0.3324
CLUBS TEN DIAMONDS FOUR,0.6208,0.1628,0.2164
DIAMONDS THREE CLUBS THREE,0.4728,0.0468,0.4804
CLUBS JACK DIAMONDS FOUR,0.4464,0.0168,0.5368
DIAMONDS THREE SPADES FOUR,0.6198,0.029,0.3512
DIAMONDS THREE SPADES FIVE,0.6272,0.0246,0.3482
DIAMONDS THREE SPADES TWO,0.6484,0.0236,0.328
DIAMONDS THREE SPADES THREE,0.4684,0.0472,0.4844
CLUBS EIGHT DIAMONDS THREE,0.6916,0.0262,0.2822
SPADES SEVEN CLUBS ACE,0.4192,0.0032,0.5776
SPADES SEVEN CLUBS QUEEN,0.4332,0.0106,0.5562
SPADES SEVEN CLUBS KING,0.4282,0.007,0.5648
CLUBS FIVE SPADES SEVEN,0.639,0.0244,0.3366
CLUBS TEN SPADES SEVEN,0.6002,0.1642,0.2356
CLUBS FIVE SPADES SIX,0.6222,0.0208,0.357
CLUBS JACK SPADES SEVEN,0.4248,0.019,0.5562
CLUBS FIVE SPADES NINE,0.705,0.074,0.221
CLUBS FIVE SPADES EIGHT,0.6548,0.0232,0.322
CLUBS FIVE SPADES THREE,0.6262,0.0246,0.3492
CLUBS FIVE SPADES TWO,0.6422,0.0254,0.3324
CLUBS FIVE SPADES FIVE,0.4648,0.045,0.4902
CLUBS FIVE SPADES FOUR,0.6304,0.0218,0.3478
CLUBS EIGHT CLUBS FIVE,0.6218,0.024,0.3542
CLUBS ACE CLUBS QUEEN,0.3414,0.0046,0.654
CLUBS KING CLUBS QUEEN,0.3384,0.007,0.6546
CLUBS TEN DIAMONDS NINE,0.0072,0.9858,0.007
DIAMONDS JACK DIAMONDS FOUR,0.4196,0.0154,0.565
CLUBS JACK DIAMONDS NINE,0.2492,0.0546,0.6962
CLUBS JACK SPADES NINE,0.2464,0.0572,0.6964
CLUBS TEN SPADES NINE,0.0108,0.974,0.0152
DIAMONDS ACE DIAMONDS FOUR,0.4214,0.0048,0.5738
HEARTS FOUR DIAMONDS FOUR,0.4716,0.0486,0.4798
DIAMONDS JACK HEARTS TEN,0.2422,0.0578,0.7
SPADES NINE CLUBS KING,0.2804,0.0232,0.6964
DIAMONDS TWO SPADES TEN,0.619,0.1676,0.2134
DIAMONDS NINE CLUBS ACE,0.2832,0.019,0.6978
HEARTS FIVE DIAMONDS FOUR,0.6338,0.0232,0.343
DIAMONDS JACK HEARTS JACK,0.1554,0.0268,0.8178
SPADES NINE CLUBS QUEEN,0.2652,0.0338,0.701
DIAMONDS TWO SPADES JACK,0.4524,0.0168,0.5308
DIAMONDS QUEEN DIAMONDS FOUR,0.4236,0.0136,0.5628
HEARTS TWO DIAMONDS FOUR,0.6586,0.0252,0.3162
DIAMONDS NINE CLUBS QUEEN,0.2648,0.0426,0.6926
DIAMONDS KING DIAMONDS FOUR,0.4262,0.0096,0.5642
HEARTS THREE DIAMONDS FOUR,0.625,0.0226,0.3524
SPADES NINE CLUBS ACE,0.2952,0.016,0.6888
DIAMONDS NINE CLUBS KING,0.2886,0.0264,0.685
HEARTS ACE DIAMONDS JACK,0.3696,0.0054,0.625
SPADES ACE DIAMONDS TWO,0.4518,0.003,0.5452
HEARTS QUEEN DIAMONDS JACK,0.3346,0.012,0.6534
SPADES QUEEN DIAMONDS TWO,0.4476,0.0092,0.5432
HEARTS KING DIAMONDS JACK,0.3546,0.006,0.6394
SPADES KING DIAMONDS TWO,0.4592,0.0074,0.5334
SPADES JACK SPADES SEVEN,0.4074,0.015,0.5776
SPADES TEN SPADES SEVEN,0.5764,0.1616,0.262
CLUBS SEVEN CLUBS THREE,0.634,0.0222,0.3438
CLUBS SIX CLUBS THREE,0.6054,0.0282,0.3664
CLUBS FIVE CLUBS THREE,0.6138,0.0256,0.3606
CLUBS THREE CLUBS FOUR,0.598,0.0264,0.3756
CLUBS EIGHT CLUBS THREE,0.6654,0.0208,0.3138
CLUBS THREE SPADES FIVE,0.6358,0.0246,0.3396
CLUBS THREE SPADES FOUR,0.6216,0.0266,0.3518
CLUBS THREE SPADES THREE,0.4678,0.0362,0.496
CLUBS THREE SPADES TWO,0.652,0.0236,0.3244
CLUBS THREE SPADES SIX,0.6502,0.0226,0.3272
CLUBS THREE SPADES SEVEN,0.6616,0.022,0.3164
SPADES EIGHT CLUBS THREE,0.6814,0.0204,0.2982
SPADES NINE CLUBS THREE,0.7014,0.0814,0.2172
SPADES TWO DIAMONDS FOUR,0.642,0.0238,0.3342
SPADES THREE DIAMONDS FOUR,0.6316,0.025,0.3434
SPADES FOUR DIAMONDS FOUR,0.464,0.0452,0.4908
SPADES FIVE DIAMONDS FOUR,0.6384,0.0224,0.3392
SPADES SIX DIAMONDS FOUR,0.6368,0.028,0.3352
SPADES SEVEN DIAMONDS FOUR,0.642,0.0266,0.3314
SPADES EIGHT DIAMONDS FOUR,0.6706,0.022,0.3074
SPADES NINE DIAMONDS FOUR,0.7044,0.0714,0.2242
CLUBS FIVE DIAMONDS FOUR,0.6302,0.0254,0.3444
CLUBS FOUR DIAMONDS FOUR,0.4624,0.0446,0.493
CLUBS SEVEN DIAMONDS FOUR,0.6524,0.0252,0.3224
CLUBS SIX DIAMONDS FOUR,0.6504,0.025,0.3246
CLUBS EIGHT DIAMONDS FOUR,0.6854,0.0224,0.2922
HEARTS SEVEN DIAMONDS FOUR,0.655,0.0226,0.3224
HEARTS SIX DIAMONDS FOUR,0.6348,0.02,0.3452
DIAMONDS FOUR HEARTS NINE,0.7074,0.078,0.2146
DIAMONDS FOUR HEARTS EIGHT,0.6692,0.0196,0.3112
CLUBS THREE DIAMONDS FOUR,0.6428,0.0246,0.3326
CLUBS TWO DIAMONDS FOUR,0.6494,0.0236,0.327
DIAMONDS JACK DIAMONDS FIVE,0.4272,0.0144,0.5584
DIAMONDS NINE HEARTS QUEEN,0.267,0.035,0.698
DIAMONDS NINE HEARTS KING,0.297,0.0284,0.6746
HEARTS ACE DIAMONDS NINE,0.2934,0.0156,0.691
DIAMONDS NINE HEARTS TEN,0.0152,0.9738,0.011
DIAMONDS NINE HEARTS JACK,0.248,0.0494,0.7026
CLUBS KING DIAMONDS SIX,0.4434,0.0074,0.5492
CLUBS QUEEN DIAMONDS SIX,0.4406,0.0128,0.5466
CLUBS ACE DIAMONDS SIX,0.43,0.004,0.566
SPADES KING DIAMONDS FOUR,0.4568,0.0056,0.5376
SPADES ACE SPADES SEVEN,0.4046,0.0034,0.592
SPADES QUEEN DIAMONDS FOUR,0.4514,0.0112,0.5374
SPADES QUEEN SPADES SEVEN,0.3976,0.01,0.5924
CLUBS JACK DIAMONDS SIX,0.432,0.0182,0.5498
SPADES KING SPADES SEVEN,0.4168,0.0054,0.5778
SPADES ACE DIAMONDS FOUR,0.453,0.0052,0.5418
CLUBS TEN DIAMONDS SIX,0.6088,0.1648,0.2264
CLUBS EIGHT CLUBS FOUR,0.6482,0.0214,0.3304
SPADES JACK DIAMONDS FOUR,0.4576,0.0164,0.526
SPADES TEN DIAMONDS FOUR,0.6122,0.173,0.2148
CLUBS FIVE CLUBS FOUR,0.6042,0.023,0.3728
CLUBS SEVEN CLUBS FOUR,0.6144,0.0228,0.3628
CLUBS SIX CLUBS FOUR,0.6208,0.0214,0.3578
CLUBS SEVEN SPADES EIGHT,0.641,0.0226,0.3364
CLUBS SEVEN SPADES NINE,0.6892,0.0708,0.24
CLUBS SEVEN SPADES SIX,0.6274,0.0246,0.348
CLUBS SEVEN SPADES SEVEN,0.4286,0.0428,0.5286
CLUBS SEVEN SPADES FIVE,0.641,0.0208,0.3382
CLUBS SEVEN SPADES FOUR,0.6458,0.025,0.3292
CLUBS SEVEN SPADES THREE,0.6542,0.026,0.3198
CLUBS SEVEN SPADES TWO,0.6762,0.0214,0.3024
CLUBS SEVEN CLUBS EIGHT,0.6098,0.0236,0.3666
HEARTS SIX DIAMONDS FIVE,0.6248,0.0254,0.3498
HEARTS SEVEN DIAMONDS FIVE,0.6338,0.0224,0.3438
DIAMONDS FIVE HEARTS EIGHT,0.6534,0.0246,0.322
DIAMONDS FIVE HEARTS NINE,0.7078,0.0772,0.215
DIAMONDS QUEEN DIAMONDS FIVE,0.4252,0.011,0.5638
HEARTS TWO DIAMONDS FIVE,0.649,0.0272,0.3238
HEARTS KING HEARTS EIGHT,0.4016,0.0062,0.5922
DIAMONDS KING DIAMONDS FIVE,0.4192,0.0096,0.5712
HEARTS THREE DIAMONDS FIVE,0.6342,0.0256,0.3402
HEARTS QUEEN HEARTS EIGHT,0.388,0.0088,0.6032
DIAMONDS ACE DIAMONDS FIVE,0.4256,0.0034,0.571
HEARTS FOUR DIAMONDS FIVE,0.6326,0.0246,0.3428
HEARTS FIVE DIAMONDS FIVE,0.4686,0.0404,0.491
HEARTS ACE HEARTS EIGHT,0.4024,0.0038,0.5938
CLUBS FOUR DIAMONDS FIVE,0.6308,0.0262,0.343
CLUBS FIVE DIAMONDS FIVE,0.4694,0.0416,0.489
CLUBS SIX DIAMONDS FIVE,0.6244,0.0218,0.3538
CLUBS SEVEN DIAMONDS FIVE,0.654,0.0284,0.3176
CLUBS TWO DIAMONDS FIVE,0.6506,0.0226,0.3268
CLUBS THREE DIAMONDS FIVE,0.6392,0.0282,0.3326
SPADES THREE DIAMONDS FIVE,0.6294,0.0244,0.3462
SPADES TWO DIAMONDS FIVE,0.6572,0.0264,0.3164
SPADES JACK DIAMONDS EIGHT,0.4128,0.0156,0.5716
SPADES FIVE DIAMONDS FIVE,0.4526,0.0406,0.5068
CLUBS TEN HEARTS JACK,0.2328,0.0606,0.7066
SPADES TEN DIAMONDS EIGHT,0.6124,0.1668,0.2208
SPADES FOUR DIAMONDS FIVE,0.6272,0.029,0.3438
CLUBS JACK HEARTS JACK,0.1574,0.023,0.8196
HEARTS JACK CLUBS QUEEN,0.339,0.0088,0.6522
HEARTS JACK CLUBS KING,0.3454,0.0078,0.6468
CLUBS EIGHT DIAMONDS FIVE,0.6626,0.0248,0.3126
CLUBS ACE HEARTS JACK,0.3638,0.003,0.6332
SPADES SEVEN DIAMONDS FIVE,0.6436,0.023,0.3334
SPADES KING DIAMONDS EIGHT,0.4232,0.0074,0.5694
SPADES QUEEN DIAMONDS EIGHT,0.4492,0.008,0.5428
SPADES SIX DIAMONDS FIVE,0.6324,0.0248,0.3428
SPADES NINE DIAMONDS FIVE,0.6958,0.0808,0.2234
SPADES EIGHT DIAMONDS FIVE,0.6492,0.0238,0.327
SPADES ACE DIAMONDS EIGHT,0.4306,0.005,0.5644
HEARTS ACE DIAMONDS SEVEN,0.4338,0.004,0.5622
DIAMONDS JACK DIAMONDS SIX,0.4306,0.0134,0.556
HEARTS QUEEN DIAMONDS SEVEN,0.432,0.0118,0.5562
HEARTS KING DIAMONDS SEVEN,0.422,0.006,0.572
DIAMONDS ACE DIAMONDS SIX,0.4072,0.0042,0.5886
HEARTS FOUR DIAMONDS SIX,0.6382,0.0226,0.3392
SPADES TWO HEARTS JACK,0.4422,0.0172,0.5406
HEARTS FIVE DIAMONDS SIX,0.6274,0.0228,0.3498
SPADES TWO HEARTS TEN,0.6134,0.1642,0.2224
DIAMONDS QUEEN DIAMONDS SIX,0.4166,0.0106,0.5728
HEARTS TWO DIAMONDS SIX,0.6612,0.0256,0.3132
DIAMONDS KING DIAMONDS SIX,0.4212,0.0068,0.572
HEARTS THREE DIAMONDS SIX,0.6418,0.0264,0.3318
HEARTS EIGHT DIAMONDS SIX,0.6482,0.0254,0.3264
HEARTS NINE DIAMONDS SIX,0.6864,0.0738,0.2398
HEARTS SIX DIAMONDS SIX,0.4404,0.0438,0.5158
HEARTS SEVEN DIAMONDS SIX,0.6378,0.0206,0.3416
HEARTS TEN DIAMONDS SEVEN,0.608,0.173,0.219
CLUBS TWO DIAMONDS SIX,0.6494,0.0266,0.324
HEARTS JACK DIAMONDS SEVEN,0.4236,0.0168,0.5596
CLUBS THREE DIAMONDS SIX,0.659,0.0228,0.3182
CLUBS SEVEN DIAMONDS SIX,0.6372,0.0226,0.3402
CLUBS JACK DIAMONDS EIGHT,0.411,0.0126,0.5764
CLUBS SIX DIAMONDS SIX,0.4624,0.0406,0.497
CLUBS TEN DIAMONDS EIGHT,0.6042,0.1666,0.2292
CLUBS FIVE DIAMONDS SIX,0.6394,0.0232,0.3374
CLUBS FOUR DIAMONDS SIX,0.6398,0.0264,0.3338
HEARTS ACE HEARTS JACK,0.3424,0.0024,0.6552
DIAMONDS EIGHT CLUBS ACE,0.4342,0.0032,0.5626
HEARTS QUEEN HEARTS JACK,0.3252,0.0106,0.6642
DIAMONDS EIGHT CLUBS KING,0.4296,0.0088,0.5616
HEARTS KING HEARTS JACK,0.33,0.0072,0.6628
DIAMONDS EIGHT CLUBS QUEEN,0.4332,0.0108,0.556
CLUBS EIGHT DIAMONDS SIX,0.6514,0.023,0.3256
SPADES TEN HEARTS KING,0.2628,0.0284,0.7088
SPADES FIVE DIAMONDS SIX,0.6256,0.0224,0.352
HEARTS ACE SPADES TWO,0.4378,0.0034,0.5588
SPADES JACK HEARTS KING,0.3538,0.0046,0.6416
SPADES FOUR DIAMONDS SIX,0.636,0.0284,0.3356
SPADES THREE DIAMONDS SIX,0.6394,0.0252,0.3354
HEARTS QUEEN SPADES TWO,0.4432,0.0074,0.5494
SPADES ACE SPADES KING,0.3442,0.0038,0.652
HEARTS KING SPADES TWO,0.457,0.006,0.537
SPADES TWO DIAMONDS SIX,0.6544,0.0226,0.323
HEARTS TEN HEARTS EIGHT,0.5704,0.1562,0.2734
SPADES NINE DIAMONDS SIX,0.6908,0.0748,0.2344
HEARTS JACK HEARTS EIGHT,0.3996,0.018,0.5824
SPADES EIGHT DIAMONDS SIX,0.6496,0.0242,0.3262
SPADES SEVEN DIAMONDS SIX,0.6282,0.0208,0.351
SPADES SIX DIAMONDS SIX,0.4518,0.046,0.5022
SPADES KING HEARTS KING,0.1864,0.0098,0.8038
SPADES QUEEN HEARTS KING,0.3518,0.0048,0.6434
CLUBS ACE CLUBS KING,0.3548,0.0056,0.6396
SPADES ACE HEARTS KING,0.3746,0.0038,0.6216
SPADES ACE HEARTS JACK,0.3624,0.0016,0.636
SPADES QUEEN HEARTS JACK,0.3532,0.0092,0.6376
SPADES KING HEARTS JACK,0.36,0.0058,0.6342
SPADES JACK HEARTS JACK,0.1788,0.0204,0.8008
SPADES TEN HEARTS JACK,0.2514,0.0496,0.699
SPADES NINE DIAMONDS SEVEN,0.6834,0.07,0.2466
SPADES EIGHT DIAMONDS SEVEN,0.648,0.0228,0.3292
SPADES SEVEN DIAMONDS SEVEN,0.4412,0.0366,0.5222
SPADES SIX DIAMONDS SEVEN,0.6326,0.0258,0.3416
DIAMONDS KING DIAMONDS SEVEN,0.421,0.0072,0.5718
HEARTS THREE DIAMONDS SEVEN,0.6584,0.0264,0.3152
HEARTS KING DIAMONDS FIVE,0.443,0.0074,0.5496
DIAMONDS QUEEN DIAMONDS SEVEN,0.4182,0.0084,0.5734
HEARTS TWO DIAMONDS SEVEN,0.6808,0.0244,0.2948
HEARTS QUEEN DIAMONDS FIVE,0.4384,0.01,0.5516
HEARTS FIVE DIAMONDS SEVEN,0.6338,0.0284,0.3378
DIAMONDS ACE DIAMONDS SEVEN,0.4098,0.0046,0.5856
HEARTS FOUR DIAMONDS SEVEN,0.6476,0.0216,0.3308
HEARTS ACE DIAMONDS FIVE,0.442,0.0042,0.5538
HEARTS SEVEN DIAMONDS SEVEN,0.448,0.0408,0.5112
HEARTS SIX DIAMONDS SEVEN,0.6322,0.0212,0.3466
DIAMONDS SEVEN HEARTS NINE,0.6804,0.0778,0.2418
HEARTS EIGHT DIAMONDS SEVEN,0.6418,0.0238,0.3344
DIAMONDS JACK DIAMONDS SEVEN,0.405,0.0156,0.5794
DIAMONDS FIVE HEARTS JACK,0.4606,0.0152,0.5242
HEARTS TEN DIAMONDS FIVE,0.6216,0.1736,0.2048
SPADES KING CLUBS TWO,0.4728,0.0078,0.5194
HEARTS KING CLUBS KING,0.1846,0.0106,0.8048
CLUBS EIGHT DIAMONDS SEVEN,0.644,0.0226,0.3334
SPADES QUEEN CLUBS TWO,0.438,0.0126,0.5494
HEARTS KING CLUBS QUEEN,0.3548,0.007,0.6382
CLUBS JACK SPADES TWO,0.4452,0.016,0.5388
SPADES ACE CLUBS TWO,0.4418,0.0036,0.5546
CLUBS TEN SPADES TWO,0.6122,0.164,0.2238
HEARTS KING CLUBS ACE,0.364,0.004,0.632
CLUBS SEVEN CLUBS SIX,0.593,0.0266,0.3804
SPADES TWO CLUBS KING,0.4418,0.0076,0.5506
SPADES TWO DIAMONDS SEVEN,0.681,0.0276,0.2914
CLUBS EIGHT CLUBS SIX,0.619,0.0206,0.3604
SPADES THREE DIAMONDS SEVEN,0.6556,0.0232,0.3212
SPADES TWO CLUBS QUEEN,0.4448,0.0112,0.544
SPADES FOUR DIAMONDS SEVEN,0.6458,0.0256,0.3286
CLUBS JACK HEARTS KING,0.3614,0.0068,0.6318
SPADES FIVE DIAMONDS SEVEN,0.638,0.0242,0.3378
SPADES TWO CLUBS ACE,0.4328,0.0042,0.563
CLUBS TEN HEARTS KING,0.2602,0.0314,0.7084
CLUBS SIX SPADES TWO,0.6538,0.0244,0.3218
CLUBS SIX SPADES THREE,0.65,0.0212,0.3288
CLUBS TWO DIAMONDS SEVEN,0.68,0.0222,0.2978
CLUBS SIX SPADES FOUR,0.6324,0.0244,0.3432
CLUBS THREE DIAMONDS SEVEN,0.6644,0.0254,0.3102
CLUBS SIX SPADES FIVE,0.629,0.0272,0.3438
CLUBS FOUR DIAMONDS SEVEN,0.651,0.0232,0.3258
CLUBS SIX SPADES SIX,0.4536,0.039,0.5074
CLUBS FIVE DIAMONDS SEVEN,0.6602,0.026,0.3138
CLUBS SIX SPADES SEVEN,0.6284,0.025,0.3466
CLUBS SIX DIAMONDS SEVEN,0.6424,0.0232,0.3344
CLUBS SIX SPADES EIGHT,0.6402,0.0204,0.3394
SPADES JACK CLUBS TWO,0.4566,0.0174,0.526
CLUBS SEVEN DIAMONDS SEVEN,0.4504,0.0406,0.509
SPADES NINE CLUBS SIX,0.6918,0.0756,0.2326
SPADES TEN CLUBS TWO,0.6156,0.1698,0.2146
CLUBS TWO CLUBS QUEEN,0.4286,0.0088,0.5626
CLUBS TWO CLUBS KING,0.424,0.0086,0.5674
CLUBS THREE DIAMONDS EIGHT,0.6936,0.0236,0.2828
CLUBS TWO CLUBS ACE,0.4324,0.0056,0.562
CLUBS TWO DIAMONDS EIGHT,0.6968,0.023,0.2802
HEARTS SEVEN DIAMONDS EIGHT,0.6386,0.0256,0.3358
HEARTS SIX DIAMONDS EIGHT,0.649,0.0218,0.3292
DIAMONDS EIGHT HEARTS NINE,0.6764,0.0772,0.2464
CLUBS TEN CLUBS TWO,0.5888,0.157,0.2542
DIAMONDS EIGHT HEARTS EIGHT,0.4256,0.0362,0.5382
CLUBS JACK CLUBS TWO,0.4252,0.0176,0.5572
CLUBS EIGHT DIAMONDS EIGHT,0.439,0.0382,0.5228
CLUBS FIVE DIAMONDS EIGHT,0.666,0.0262,0.3078
SPADES ACE SPADES THREE,0.4122,0.0062,0.5816
CLUBS FOUR DIAMONDS EIGHT,0.6724,0.025,0.3026
CLUBS SEVEN DIAMONDS EIGHT,0.6542,0.0216,0.3242
SPADES QUEEN SPADES THREE,0.4222,0.0094,0.5684
CLUBS SIX DIAMONDS EIGHT,0.6422,0.0256,0.3322
SPADES KING SPADES THREE,0.4236,0.0076,0.5688
DIAMONDS EIGHT DIAMONDS QUEEN,0.4016,0.0092,0.5892
HEARTS TWO DIAMONDS EIGHT,0.6816,0.022,0.2964
DIAMONDS KING DIAMONDS EIGHT,0.419,0.0082,0.5728
HEARTS THREE DIAMONDS EIGHT,0.6908,0.019,0.2902
DIAMONDS ACE DIAMONDS EIGHT,0.406,0.0058,0.5882
HEARTS FOUR DIAMONDS EIGHT,0.666,0.0216,0.3124
HEARTS FIVE DIAMONDS EIGHT,0.6544,0.0296,0.316
DIAMONDS EIGHT DIAMONDS JACK,0.4008,0.0172,0.582
SPADES JACK SPADES THREE,0.4344,0.0136,0.552
SPADES TEN SPADES THREE,0.577,0.1518,0.2712
CLUBS FOUR HEARTS ACE,0.4468,0.004,0.5492
CLUBS FOUR HEARTS QUEEN,0.4502,0.0104,0.5394
CLUBS FOUR HEARTS KING,0.4598,0.0084,0.5318
CLUBS SIX HEARTS TEN,0.6052,0.1676,0.2272
CLUBS SIX HEARTS JACK,0.4438,0.0132,0.543
DIAMONDS EIGHT SPADES FOUR,0.676,0.0248,0.2992
SPADES FIVE DIAMONDS EIGHT,0.6574,0.022,0.3206
DIAMONDS EIGHT SPADES TWO,0.686,0.0256,0.2884
DIAMONDS EIGHT SPADES THREE,0.6786,0.0224,0.299
CLUBS FOUR HEARTS JACK,0.4438,0.0158,0.5404
SPADES EIGHT DIAMONDS EIGHT,0.4226,0.041,0.5364
SPADES TEN DIAMONDS QUEEN,0.2534,0.0416,0.705
SPADES TEN HEARTS TWO,0.5998,0.174,0.2262
SPADES JACK HEARTS EIGHT,0.4164,0.017,0.5666
CLUBS FOUR HEARTS TEN,0.602,0.1754,0.2226
SPADES NINE DIAMONDS EIGHT,0.685,0.0788,0.2362
SPADES TEN HEARTS EIGHT,0.6052,0.1644,0.2304
SPADES JACK HEARTS TWO,0.4564,0.017,0.5266
SPADES JACK DIAMONDS QUEEN,0.333,0.0098,0.6572
SPADES SIX DIAMONDS EIGHT,0.6422,0.0258,0.332
SPADES SEVEN DIAMONDS EIGHT,0.644,0.0232,0.3328
SPADES ACE HEARTS TWO,0.4406,0.0034,0.556
SPADES ACE DIAMONDS QUEEN,0.3568,0.0052,0.638
SPADES ACE HEARTS EIGHT,0.4326,0.0032,0.5642
SPADES KING HEARTS EIGHT,0.4206,0.006,0.5734
SPADES QUEEN HEARTS TWO,0.4638,0.0078,0.5284
SPADES QUEEN DIAMONDS QUEEN,0.1702,0.018,0.8118
SPADES KING DIAMONDS QUEEN,0.349,0.007,0.644
SPADES KING HEARTS TWO,0.4442,0.0078,0.548
SPADES QUEEN HEARTS EIGHT,0.4244,0.0094,0.5662
CLUBS TWO HEARTS TEN,0.6188,0.1662,0.215
CLUBS TWO HEARTS JACK,0.4478,0.0168,0.5354
SPADES SEVEN DIAMONDS NINE,0.6932,0.0758,0.231
SPADES SIX DIAMONDS NINE,0.6814,0.0732,0.2454
SPADES NINE DIAMONDS NINE,0.3216,0.0432,0.6352
SPADES EIGHT DIAMONDS NINE,0.685,0.0766,0.2384
SPADES TEN CLUBS KING,0.261,0.029,0.71
DIAMONDS NINE SPADES THREE,0.7058,0.0732,0.221
SPADES JACK CLUBS KING,0.3538,0.0074,0.6388
DIAMONDS NINE SPADES TWO,0.7164,0.0714,0.2122
DIAMONDS NINE SPADES FIVE,0.7088,0.0824,0.2088
DIAMONDS NINE SPADES FOUR,0.7148,0.072,0.2132
CLUBS EIGHT DIAMONDS NINE,0.6908,0.0736,0.2356
CLUBS SIX DIAMONDS NINE,0.6858,0.0786,0.2356
SPADES JACK CLUBS FOUR,0.4544,0.0152,0.5304
CLUBS SEVEN DIAMONDS NINE,0.6884,0.08,0.2316
SPADES TEN CLUBS FOUR,0.6026,0.1788,0.2186
CLUBS FOUR DIAMONDS NINE,0.7116,0.0734,0.215
CLUBS FIVE DIAMONDS NINE,0.7094,0.0806,0.21
DIAMONDS NINE CLUBS TWO,0.7144,0.0772,0.2084
CLUBS THREE DIAMONDS NINE,0.7158,0.0788,0.2054
DIAMONDS NINE HEARTS EIGHT,0.6826,0.0712,0.2462
DIAMONDS NINE HEARTS NINE,0.341,0.04,0.619
HEARTS SIX DIAMONDS NINE,0.6864,0.0778,0.2358
HEARTS SEVEN DIAMONDS NINE,0.6812,0.0796,0.2392
DIAMONDS ACE DIAMONDS NINE,0.2818,0.0192,0.699
HEARTS FOUR DIAMONDS NINE,0.7058,0.0746,0.2196
HEARTS FIVE DIAMONDS NINE,0.7004,0.0762,0.2234
HEARTS ACE CLUBS TWO,0.4478,0.0044,0.5478
SPADES ACE CLUBS FOUR,0.4396,0.005,0.5554
DIAMONDS NINE DIAMONDS QUEEN,0.2452,0.0354,0.7194
HEARTS TWO DIAMONDS NINE,0.6976,0.0782,0.2242
CLUBS TWO HEARTS KING,0.4546,0.008,0.5374
SPADES KING CLUBS FOUR,0.453,0.0066,0.5404
DIAMONDS KING DIAMONDS NINE,0.2654,0.0298,0.7048
HEARTS THREE DIAMONDS NINE,0.7054,0.0806,0.214
CLUBS TWO HEARTS QUEEN,0.4566,0.0134,0.53
SPADES QUEEN CLUBS FOUR,0.4446,0.0092,0.5462
DIAMONDS NINE DIAMONDS JACK,0.2404,0.0504,0.7092
CLUBS EIGHT SPADES NINE,0.679,0.078,0.243
CLUBS EIGHT SPADES EIGHT,0.4208,0.0386,0.5406
CLUBS EIGHT SPADES SEVEN,0.6494,0.0244,0.3262
CLUBS EIGHT SPADES SIX,0.6388,0.0238,0.3374
CLUBS EIGHT SPADES FIVE,0.6604,0.0258,0.3138
CLUBS EIGHT SPADES FOUR,0.6684,0.0242,0.3074
CLUBS EIGHT SPADES THREE,0.6786,0.0228,0.2986
CLUBS EIGHT SPADES TWO,0.6912,0.0206,0.2882
CLUBS JACK CLUBS FOUR,0.4114,0.02,0.5686
CLUBS TEN CLUBS FOUR,0.582,0.1656,0.2524
CLUBS FOUR CLUBS KING,0.4286,0.0076,0.5638
CLUBS FOUR CLUBS QUEEN,0.4378,0.012,0.5502
CLUBS FOUR CLUBS ACE,0.4142,0.0038,0.582
CLUBS EIGHT HEARTS JACK,0.4294,0.017,0.5536
CLUBS EIGHT HEARTS TEN,0.6024,0.1734,0.2242
CLUBS EIGHT HEARTS QUEEN,0.417,0.0102,0.5728
CLUBS EIGHT HEARTS KING,0.4238,0.0056,0.5706
CLUBS EIGHT HEARTS ACE,0.4268,0.0032,0.57
CLUBS TEN HEARTS EIGHT,0.5942,0.1758,0.23
CLUBS JACK HEARTS EIGHT,0.4096,0.0136,0.5768
HEARTS EIGHT CLUBS QUEEN,0.4166,0.0092,0.5742
CLUBS KING HEARTS EIGHT,0.4248,0.0062,0.569
CLUBS ACE HEARTS EIGHT,0.4196,0.0042,0.5762
SPADES KING CLUBS KING,0.1774,0.0076,0.815
SPADES QUEEN CLUBS KING,0.3486,0.0096,0.6418
SPADES ACE CLUBS KING,0.3604,0.0032,0.6364
DIAMONDS ACE HEARTS TEN,0.2618,0.0222,0.716
HEARTS FOUR HEARTS TEN,0.5682,0.157,0.2748
DIAMONDS ACE HEARTS JACK,0.3734,0.004,0.6226
HEARTS FOUR HEARTS JACK,0.429,0.0174,0.5536
SPADES KING CLUBS FIVE,0.4512,0.0064,0.5424
SPADES QUEEN CLUBS FIVE,0.4576,0.0116,0.5308
SPADES ACE CLUBS FIVE,0.4552,0.0058,0.539
HEARTS SEVEN DIAMONDS JACK,0.4192,0.0166,0.5642
HEARTS SIX DIAMONDS JACK,0.434,0.0162,0.5498
DIAMONDS JACK HEARTS NINE,0.247,0.0518,0.7012
DIAMONDS JACK HEARTS EIGHT,0.4094,0.0176,0.573
DIAMONDS KING DIAMONDS JACK,0.3398,0.0066,0.6536
HEARTS THREE DIAMONDS JACK,0.4392,0.0148,0.546
SPADES ACE SPADES SIX,0.4064,0.0046,0.589
HEARTS ACE SPADES FOUR,0.4518,0.0054,0.5428
DIAMONDS QUEEN DIAMONDS JACK,0.327,0.01,0.663
HEARTS TWO DIAMONDS JACK,0.4488,0.0176,0.5336
HEARTS FIVE DIAMONDS JACK,0.445,0.0162,0.5388
SPADES QUEEN SPADES SIX,0.4054,0.0088,0.5858
SPADES FOUR HEARTS QUEEN,0.4332,0.0108,0.556
DIAMONDS ACE DIAMONDS JACK,0.3448,0.0036,0.6516
HEARTS FOUR DIAMONDS JACK,0.4402,0.0134,0.5464
SPADES KING SPADES SIX,0.4202,0.0066,0.5732
SPADES FOUR HEARTS KING,0.4422,0.006,0.5518
SPADES TEN SPADES SIX,0.5698,0.1518,0.2784
SPADES JACK SPADES SIX,0.4222,0.0148,0.563
SPADES FOUR DIAMONDS JACK,0.4442,0.015,0.5408
SPADES FIVE DIAMONDS JACK,0.4416,0.0166,0.5418
DIAMONDS JACK SPADES TWO,0.4442,0.0182,0.5376
SPADES THREE DIAMONDS JACK,0.4394,0.0194,0.5412
SPADES ACE DIAMONDS THREE,0.436,0.0042,0.5598
SPADES QUEEN DIAMONDS THREE,0.4704,0.0102,0.5194
CLUBS EIGHT DIAMONDS JACK,0.418,0.017,0.565
SPADES KING DIAMONDS THREE,0.4446,0.0068,0.5486
CLUBS SIX DIAMONDS JACK,0.4438,0.0166,0.5396
CLUBS SEVEN DIAMONDS JACK,0.4176,0.0192,0.5632
CLUBS FOUR DIAMONDS JACK,0.4514,0.0182,0.5304
CLUBS FIVE DIAMONDS JACK,0.4478,0.0194,0.5328
CLUBS TWO DIAMONDS JACK,0.4432,0.0162,0.5406
CLUBS THREE DIAMONDS JACK,0.442,0.0164,0.5416
SPADES TEN CLUBS FIVE,0.6174,0.171,0.2116
SPADES JACK HEARTS SIX,0.46,0.0136,0.5264
HEARTS SIX SPADES TEN,0.603,0.17,0.227
SPADES JACK CLUBS FIVE,0.446,0.0176,0.5364
SPADES JACK DIAMONDS THREE,0.4488,0.0146,0.5366
CLUBS SEVEN CLUBS ACE,0.4082,0.0036,0.5882
DIAMONDS THREE SPADES TEN,0.6112,0.1676,0.2212
CLUBS SEVEN CLUBS QUEEN,0.4138,0.0118,0.5744
CLUBS SEVEN CLUBS KING,0.4226,0.0042,0.5732
SPADES NINE DIAMONDS JACK,0.258,0.0434,0.6986
CLUBS TEN CLUBS SEVEN,0.5742,0.169,0.2568
DIAMONDS ACE HEARTS ACE,0.1822,0.0044,0.8134
HEARTS FOUR HEARTS ACE,0.4146,0.003,0.5824
SPADES EIGHT DIAMONDS JACK,0.4016,0.0142,0.5842
SPADES ACE HEARTS SIX,0.44,0.004,0.556
CLUBS JACK CLUBS SEVEN,0.4064,0.0176,0.576
DIAMONDS ACE HEARTS KING,0.357,0.0042,0.6388
HEARTS FOUR HEARTS KING,0.4234,0.0064,0.5702
SPADES SEVEN DIAMONDS JACK,0.422,0.0176,0.5604
SPADES KING HEARTS SIX,0.454,0.0054,0.5406
DIAMONDS ACE HEARTS QUEEN,0.365,0.0036,0.6314
HEARTS FOUR HEARTS QUEEN,0.422,0.0112,0.5668
SPADES QUEEN HEARTS SIX,0.4522,0.0104,0.5374
SPADES SIX DIAMONDS JACK,0.434,0.0148,0.5512
CLUBS JACK DIAMONDS THREE,0.4418,0.0156,0.5426
CLUBS TEN DIAMONDS THREE,0.6126,0.1706,0.2168
DIAMONDS THREE CLUBS KING,0.4392,0.0062,0.5546
DIAMONDS THREE CLUBS QUEEN,0.447,0.0118,0.5412
DIAMONDS THREE CLUBS ACE,0.4394,0.0054,0.5552
SPADES FOUR HEARTS JACK,0.448,0.0182,0.5338
SPADES FOUR HEARTS TEN,0.5812,0.1808,0.238
SPADES FIVE SPADES TWO,0.6076,0.0226,0.3698
SPADES FOUR SPADES TWO,0.593,0.0244,0.3826
SPADES THREE SPADES TWO,0.5996,0.019,0.3814
SPADES NINE SPADES TWO,0.6618,0.073,0.2652
SPADES EIGHT SPADES TWO,0.6408,0.0222,0.337
SPADES SEVEN SPADES TWO,0.6254,0.0226,0.352
SPADES SIX SPADES TWO,0.6042,0.022,0.3738
CLUBS THREE DIAMONDS QUEEN,0.4556,0.0108,0.5336
CLUBS THREE HEARTS TWO,0.6568,0.0228,0.3204
CLUBS TWO DIAMONDS QUEEN,0.4504,0.01,0.5396
HEARTS TWO CLUBS TWO,0.4706,0.0442,0.4852
HEARTS SEVEN DIAMONDS QUEEN,0.4358,0.0106,0.5536
HEARTS SEVEN HEARTS TWO,0.6276,0.025,0.3474
HEARTS SIX DIAMONDS QUEEN,0.4422,0.0112,0.5466
HEARTS SIX HEARTS TWO,0.6088,0.0224,0.3688
DIAMONDS QUEEN HEARTS NINE,0.2604,0.0374,0.7022
HEARTS TWO HEARTS NINE,0.654,0.0734,0.2726
DIAMONDS QUEEN HEARTS EIGHT,0.4242,0.0116,0.5642
HEARTS TWO HEARTS EIGHT,0.6234,0.0234,0.3532
CLUBS EIGHT HEARTS TWO,0.6788,0.0242,0.297
CLUBS EIGHT DIAMONDS QUEEN,0.4252,0.0122,0.5626
CLUBS FIVE DIAMONDS QUEEN,0.445,0.0138,0.5412
CLUBS FIVE HEARTS TWO,0.6382,0.0232,0.3386
SPADES EIGHT HEARTS ACE,0.4266,0.0024,0.571
CLUBS FOUR DIAMONDS QUEEN,0.4556,0.0134,0.531
CLUBS FOUR HEARTS TWO,0.6528,0.0242,0.323
CLUBS SEVEN DIAMONDS QUEEN,0.4406,0.0112,0.5482
CLUBS SEVEN HEARTS TWO,0.6792,0.0256,0.2952
SPADES EIGHT HEARTS QUEEN,0.43,0.0108,0.5592
CLUBS SIX DIAMONDS QUEEN,0.4326,0.0124,0.555
CLUBS SIX HEARTS TWO,0.6652,0.0252,0.3096
SPADES EIGHT HEARTS KING,0.449,0.0068,0.5442
HEARTS TWO SPADES SIX,0.667,0.022,0.311
SPADES SIX DIAMONDS QUEEN,0.427,0.0094,0.5636
HEARTS FOUR CLUBS QUEEN,0.4532,0.0088,0.538
DIAMONDS ACE CLUBS QUEEN,0.3536,0.006,0.6404
SPADES SEVEN DIAMONDS QUEEN,0.4384,0.0144,0.5472
SPADES SEVEN HEARTS TWO,0.66,0.0242,0.3158
HEARTS FOUR CLUBS KING,0.443,0.0062,0.5508
DIAMONDS ACE CLUBS KING,0.355,0.0046,0.6404
SPADES EIGHT DIAMONDS QUEEN,0.4202,0.0088,0.571
SPADES EIGHT HEARTS TWO,0.6764,0.0214,0.3022
HEARTS FOUR CLUBS ACE,0.434,0.0048,0.5612
DIAMONDS ACE CLUBS ACE,0.1708,0.0044,0.8248
SPADES NINE DIAMONDS QUEEN,0.2624,0.0406,0.697
SPADES NINE HEARTS TWO,0.705,0.0714,0.2236
HEARTS TWO SPADES TWO,0.4686,0.0452,0.4862
DIAMONDS QUEEN SPADES TWO,0.4586,0.0124,0.529
HEARTS TWO SPADES THREE,0.6414,0.0236,0.335
DIAMONDS QUEEN SPADES THREE,0.4422,0.0134,0.5444
HEARTS TWO SPADES FOUR,0.6316,0.0222,0.3462
SPADES FOUR DIAMONDS QUEEN,0.443,0.0094,0.5476
CLUBS TEN HEARTS FOUR,0.6164,0.1686,0.215
CLUBS TEN DIAMONDS ACE,0.253,0.02,0.727
HEARTS TWO SPADES FIVE,0.6564,0.0232,0.3204
SPADES FIVE DIAMONDS QUEEN,0.4492,0.0094,0.5414
CLUBS JACK HEARTS FOUR,0.4368,0.0144,0.5488
CLUBS JACK DIAMONDS ACE,0.3634,0.0058,0.6308
CLUBS FIVE CLUBS KING,0.4328,0.009,0.5582
CLUBS FIVE CLUBS QUEEN,0.4328,0.0104,0.5568
CLUBS FIVE CLUBS ACE,0.4118,0.0064,0.5818
CLUBS JACK CLUBS FIVE,0.414,0.0164,0.5696
CLUBS TEN CLUBS FIVE,0.586,0.1522,0.2618
SPADES KING CLUBS JACK,0.3476,0.0072,0.6452
CLUBS JACK SPADES QUEEN,0.3368,0.01,0.6532
SPADES ACE CLUBS JACK,0.3556,0.005,0.6394
SPADES SIX CLUBS KING,0.4422,0.0064,0.5514
SPADES SIX CLUBS QUEEN,0.432,0.0098,0.5582
SPADES EIGHT HEARTS JACK,0.4192,0.0172,0.5636
SPADES SIX CLUBS ACE,0.4302,0.0056,0.5642
SPADES EIGHT HEARTS TEN,0.598,0.1722,0.2298
CLUBS JACK SPADES SIX,0.4266,0.0126,0.5608
CLUBS TEN SPADES SIX,0.5916,0.1738,0.2346
CLUBS JACK SPADES TEN,0.247,0.058,0.695
CLUBS JACK SPADES JACK,0.1656,0.0226,0.8118
SPADES QUEEN CLUBS SEVEN,0.4352,0.0118,0.553
SPADES KING CLUBS SEVEN,0.4274,0.0086,0.564
SPADES ACE CLUBS SEVEN,0.4498,0.0044,0.5458
SPADES SIX HEARTS TEN,0.5984,0.1718,0.2298
SPADES SIX HEARTS JACK,0.4528,0.0144,0.5328
SPADES SIX HEARTS ACE,0.428,0.0022,0.5698
SPADES SIX HEARTS KING,0.4498,0.0078,0.5424
SPADES SIX HEARTS QUEEN,0.4428,0.01,0.5472
CLUBS SEVEN SPADES JACK,0.4358,0.0146,0.5496
CLUBS SEVEN SPADES TEN,0.607,0.172,0.221
CLUBS TEN HEARTS SIX,0.611,0.1754,0.2136
CLUBS JACK HEARTS SIX,0.431,0.0128,0.5562
CLUBS JACK CLUBS ACE,0.3492,0.005,0.6458
HEARTS SIX CLUBS QUEEN,0.4314,0.0084,0.5602
HEARTS SIX CLUBS KING,0.43,0.0086,0.5614
HEARTS SIX CLUBS ACE,0.446,0.0036,0.5504
CLUBS JACK CLUBS QUEEN,0.3308,0.0104,0.6588
CLUBS JACK CLUBS KING,0.3366,0.0072,0.6562
DIAMONDS THREE HEARTS ACE,0.4564,0.0034,0.5402
DIAMONDS THREE HEARTS QUEEN,0.4498,0.0086,0.5416
DIAMONDS THREE HEARTS KING,0.4416,0.0072,0.5512
CLUBS FIVE HEARTS JACK,0.4386,0.0164,0.545
SPADES TEN DIAMONDS ACE,0.2656,0.019,0.7154
HEARTS FOUR SPADES TEN,0.625,0.1532,0.2218
CLUBS FIVE HEARTS TEN,0.6064,0.171,0.2226
HEARTS FOUR SPADES JACK,0.452,0.0196,0.5284
SPADES JACK DIAMONDS ACE,0.3702,0.0052,0.6246
SPADES ACE HEARTS FOUR,0.447,0.0026,0.5504
SPADES ACE DIAMONDS ACE,0.1784,0.0028,0.8188
CLUBS FIVE HEARTS ACE,0.44,0.0036,0.5564
CLUBS FIVE HEARTS KING,0.4484,0.0084,0.5432
HEARTS FOUR SPADES QUEEN,0.4458,0.0094,0.5448
SPADES QUEEN DIAMONDS ACE,0.3462,0.003,0.6508
CLUBS JACK SPADES FOUR,0.4402,0.015,0.5448
CLUBS FIVE HEARTS QUEEN,0.4558,0.0126,0.5316
SPADES KING DIAMONDS ACE,0.3642,0.004,0.6318
SPADES KING HEARTS FOUR,0.4628,0.006,0.5312
CLUBS TEN SPADES FOUR,0.6018,0.1742,0.224
DIAMONDS ACE DIAMONDS QUEEN,0.3574,0.0036,0.639
DIAMONDS ACE HEARTS TWO,0.4456,0.0028,0.5516
HEARTS FOUR DIAMONDS QUEEN,0.44,0.009,0.551
HEARTS FOUR HEARTS TWO,0.5968,0.0228,0.3804
DIAMONDS THREE HEARTS TEN,0.6104,0.1696,0.22
SPADES FOUR CLUBS KING,0.43,0.0072,0.5628
HEARTS FIVE DIAMONDS QUEEN,0.4338,0.0122,0.554
HEARTS FIVE HEARTS TWO,0.6026,0.0206,0.3768
DIAMONDS THREE HEARTS JACK,0.458,0.017,0.525
SPADES FOUR CLUBS QUEEN,0.4498,0.0074,0.5428
HEARTS TWO DIAMONDS QUEEN,0.4478,0.0132,0.539
DIAMONDS KING DIAMONDS QUEEN,0.3354,0.006,0.6586
DIAMONDS KING HEARTS TWO,0.4378,0.0064,0.5558
HEARTS THREE DIAMONDS QUEEN,0.4474,0.0108,0.5418
HEARTS THREE HEARTS TWO,0.6074,0.0186,0.374
SPADES FOUR CLUBS ACE,0.4288,0.005,0.5662
HEARTS TWO CLUBS ACE,0.4374,0.0042,0.5584
DIAMONDS QUEEN CLUBS ACE,0.3598,0.0044,0.6358
HEARTS TWO CLUBS QUEEN,0.4358,0.0126,0.5516
DIAMONDS QUEEN CLUBS QUEEN,0.1718,0.0192,0.809
HEARTS TWO CLUBS KING,0.4324,0.0068,0.5608
DIAMONDS QUEEN CLUBS KING,0.3536,0.0072,0.6392
SPADES EIGHT SPADES FIVE,0.5982,0.0224,0.3794
CLUBS TEN HEARTS TWO,0.5996,0.176,0.2244
CLUBS TEN DIAMONDS QUEEN,0.2334,0.0474,0.7192
SPADES NINE SPADES FIVE,0.6474,0.075,0.2776
CLUBS JACK HEARTS TWO,0.437,0.0192,0.5438
CLUBS JACK DIAMONDS QUEEN,0.3374,0.0106,0.652
SPADES SIX SPADES FIVE,0.5896,0.0228,0.3876
SPADES SEVEN SPADES FIVE,0.5868,0.0282,0.385
DIAMONDS FIVE CLUBS QUEEN,0.4578,0.0118,0.5304
SPADES EIGHT CLUBS ACE,0.4194,0.0038,0.5768
DIAMONDS FIVE CLUBS KING,0.4528,0.0084,0.5388
SPADES EIGHT CLUBS KING,0.43,0.007,0.563
DIAMONDS FIVE CLUBS ACE,0.4452,0.0046,0.5502
SPADES EIGHT CLUBS QUEEN,0.4138,0.0084,0.5778
CLUBS JACK SPADES EIGHT,0.412,0.0146,0.5734
CLUBS TEN SPADES EIGHT,0.5978,0.1716,0.2306
CLUBS TEN DIAMONDS FIVE,0.6132,0.1758,0.211
CLUBS JACK DIAMONDS FIVE,0.4468,0.0176,0.5356
HEARTS SIX HEARTS KING,0.4224,0.0068,0.5708
DIAMONDS KING SPADES SEVEN,0.4146,0.0068,0.5786
HEARTS THREE SPADES SEVEN,0.6568,0.0196,0.3236
SPADES KING DIAMONDS SEVEN,0.4386,0.0064,0.555
HEARTS SIX HEARTS QUEEN,0.4082,0.0118,0.58
SPADES QUEEN DIAMONDS SEVEN,0.4432,0.0082,0.5486
HEARTS THREE SPADES SIX,0.6554,0.0216,0.323
DIAMONDS KING SPADES SIX,0.4368,0.0074,0.5558
SPADES NINE DIAMONDS KING,0.2752,0.0288,0.696
SPADES NINE HEARTS THREE,0.6992,0.072,0.2288
HEARTS SIX HEARTS ACE,0.4066,0.0036,0.5898
DIAMONDS KING SPADES EIGHT,0.4288,0.0076,0.5636
SPADES EIGHT HEARTS THREE,0.6808,0.021,0.2982
SPADES ACE DIAMONDS SEVEN,0.4386,0.006,0.5554
CLUBS EIGHT HEARTS THREE,0.6912,0.0238,0.285
CLUBS EIGHT DIAMONDS KING,0.4234,0.0096,0.567
