opposingHand,winningChance,drawChance,lostChance
CLUBS ACE DIAMONDS EIGHT
HEARTS FIVE SPADES TEN,0.6384,0.0032,0.3584
HEARTS FIVE SPADES JACK,0.6324,0.003,0.3646
SPADES FIVE CLUBS JACK,0.6482,0.0048,0.347
CLUBS TEN SPADES FIVE,0.6362,0.0024,0.3614
CLUBS EIGHT CLUBS JACK,0.688,0.0226,0.2894
CLUBS TEN CLUBS EIGHT,0.6732,0.0224,0.3044
CLUBS EIGHT CLUBS KING,0.72,0.0222,0.2578
CLUBS EIGHT CLUBS QUEEN,0.7004,0.024,0.2756
SPADES FIVE CLUBS KING,0.6402,0.0042,0.3556
SPADES FIVE CLUBS QUEEN,0.6464,0.0032,0.3504
DIAMONDS TWO DIAMONDS THREE,0.6264,0.0048,0.3688
DIAMONDS TWO DIAMONDS FIVE,0.6334,0.005,0.3616
HEARTS FIVE SPADES KING,0.6386,0.0036,0.3578
DIAMONDS TWO DIAMONDS FOUR,0.6318,0.0054,0.3628
HEARTS FIVE SPADES QUEEN,0.6464,0.0038,0.3498
DIAMONDS TWO DIAMONDS SEVEN,0.6424,0.005,0.3526
DIAMONDS TWO DIAMONDS SIX,0.6478,0.0028,0.3494
SPADES ACE HEARTS FIVE,0.526,0.2314,0.2426
DIAMONDS TWO DIAMONDS NINE,0.6146,0.003,0.3824
DIAMONDS THREE DIAMONDS FOUR,0.6188,0.0046,0.3766
CLUBS TWO SPADES FOUR,0.6508,0.0064,0.3428
DIAMONDS THREE DIAMONDS FIVE,0.6062,0.0038,0.39
SPADES FIVE CLUBS TWO,0.6562,0.003,0.3408
CLUBS TWO SPADES TWO,0.4832,0.006,0.5108
CLUBS TWO SPADES THREE,0.6714,0.0062,0.3224
SPADES EIGHT CLUBS TWO,0.7528,0.0272,0.22
DIAMONDS THREE DIAMONDS NINE,0.6044,0.0048,0.3908
SPADES NINE CLUBS TWO,0.6422,0.0046,0.3532
DIAMONDS THREE DIAMONDS SIX,0.6114,0.005,0.3836
SPADES SIX CLUBS TWO,0.6726,0.0042,0.3232
DIAMONDS THREE DIAMONDS SEVEN,0.635,0.0032,0.3618
SPADES SEVEN CLUBS TWO,0.6756,0.0038,0.3206
CLUBS SIX CLUBS TWO,0.642,0.0048,0.3532
CLUBS SEVEN CLUBS TWO,0.633,0.0042,0.3628
CLUBS FOUR CLUBS TWO,0.6146,0.007,0.3784
CLUBS FIVE CLUBS TWO,0.6208,0.0056,0.3736
CLUBS TEN CLUBS JACK,0.5258,0.0044,0.4698
DIAMONDS FOUR DIAMONDS SIX,0.613,0.0034,0.3836
CLUBS TEN CLUBS QUEEN,0.5386,0.0042,0.4572
DIAMONDS FOUR DIAMONDS SEVEN,0.6268,0.0044,0.3688
CLUBS TEN CLUBS KING,0.5442,0.0058,0.45
CLUBS EIGHT CLUBS TWO,0.7192,0.0296,0.2512
DIAMONDS FIVE DIAMONDS FOUR,0.6042,0.0058,0.39
CLUBS NINE CLUBS TWO,0.6204,0.005,0.3746
DIAMONDS NINE DIAMONDS FOUR,0.6224,0.007,0.3706
CLUBS THREE CLUBS TWO,0.6276,0.0032,0.3692
DIAMONDS NINE DIAMONDS FIVE,0.5982,0.006,0.3958
DIAMONDS TWO CLUBS JACK,0.652,0.004,0.344
CLUBS TEN DIAMONDS TWO,0.6418,0.0056,0.3526
DIAMONDS FIVE DIAMONDS SEVEN,0.6086,0.0042,0.3872
DIAMONDS FIVE DIAMONDS SIX,0.5892,0.0044,0.4064
DIAMONDS TWO CLUBS KING,0.6528,0.0048,0.3424
DIAMONDS TWO CLUBS QUEEN,0.6512,0.0044,0.3444
DIAMONDS NINE DIAMONDS SIX,0.5892,0.005,0.4058
HEARTS ACE SPADES THREE,0.5296,0.2258,0.2446
SPADES THREE HEARTS KING,0.6388,0.0028,0.3584
DIAMONDS SEVEN DIAMONDS SIX,0.613,0.0048,0.3822
HEARTS QUEEN SPADES THREE,0.6438,0.0046,0.3516
SPADES THREE HEARTS JACK,0.6424,0.004,0.3536
SPADES THREE HEARTS TEN,0.6428,0.0032,0.354
DIAMONDS NINE DIAMONDS SEVEN,0.5848,0.0052,0.41
DIAMONDS KING HEARTS TEN,0.572,0.0042,0.4238
HEARTS THREE HEARTS TEN,0.5888,0.0048,0.4064
SPADES JACK CLUBS SIX,0.6434,0.0044,0.3522
DIAMONDS KING HEARTS JACK,0.5664,0.004,0.4296
HEARTS THREE HEARTS JACK,0.5938,0.0054,0.4008
SPADES TEN CLUBS SIX,0.6436,0.0028,0.3536
SPADES JACK SPADES FIVE,0.608,0.0026,0.3894
SPADES TEN SPADES FIVE,0.5902,0.0036,0.4062
DIAMONDS KING HEARTS ACE,0.2468,0.051,0.7022
HEARTS THREE HEARTS ACE,0.5008,0.2198,0.2794
SPADES ACE CLUBS SIX,0.5548,0.2292,0.216
DIAMONDS KING HEARTS QUEEN,0.5684,0.0032,0.4284
HEARTS THREE HEARTS QUEEN,0.591,0.0058,0.4032
SPADES KING CLUBS SIX,0.6344,0.0038,0.3618
DIAMONDS KING HEARTS KING,0.2794,0.0022,0.7184
HEARTS THREE HEARTS KING,0.5908,0.0044,0.4048
SPADES QUEEN CLUBS SIX,0.6368,0.0032,0.36
SPADES NINE HEARTS TEN,0.5606,0.0036,0.4358
SPADES NINE HEARTS JACK,0.5742,0.0032,0.4226
SPADES QUEEN SPADES FIVE,0.5906,0.0032,0.4062
SPADES KING SPADES FIVE,0.5918,0.0034,0.4048
SPADES ACE SPADES FIVE,0.4916,0.2092,0.2992
SPADES NINE HEARTS QUEEN,0.591,0.0028,0.4062
SPADES NINE HEARTS KING,0.5928,0.0036,0.4036
SPADES NINE HEARTS ACE,0.2264,0.1666,0.607
CLUBS TEN SPADES JACK,0.572,0.0036,0.4244
CLUBS TEN SPADES TEN,0.3146,0.0038,0.6816
SPADES ACE CLUBS TEN,0.2454,0.114,0.6406
SPADES KING CLUBS TEN,0.5728,0.005,0.4222
CLUBS TEN SPADES QUEEN,0.5788,0.0044,0.4168
SPADES FIVE HEARTS QUEEN,0.6262,0.0042,0.3696
SPADES FIVE HEARTS KING,0.6292,0.0056,0.3652
HEARTS ACE SPADES FIVE,0.5174,0.231,0.2516
CLUBS EIGHT SPADES TEN,0.7134,0.0254,0.2612
SPADES JACK HEARTS THREE,0.6462,0.0028,0.351
SPADES JACK DIAMONDS KING,0.5706,0.005,0.4244
SPADES TEN DIAMONDS KING,0.5628,0.0026,0.4346
SPADES TEN HEARTS THREE,0.6368,0.0028,0.3604
SPADES JACK CLUBS EIGHT,0.727,0.0204,0.2526
CLUBS SIX HEARTS ACE,0.5608,0.2202,0.219
SPADES ACE CLUBS EIGHT,0.0184,0.971,0.0106
HEARTS FIVE CLUBS JACK,0.6554,0.0048,0.3398
HEARTS FIVE CLUBS TEN,0.647,0.0038,0.3492
CLUBS SIX HEARTS QUEEN,0.634,0.005,0.361
SPADES QUEEN CLUBS EIGHT,0.7316,0.0202,0.2482
CLUBS TEN SPADES THREE,0.6372,0.0052,0.3576
CLUBS SIX HEARTS KING,0.6316,0.0038,0.3646
SPADES KING CLUBS EIGHT,0.7596,0.0278,0.2126
SPADES THREE CLUBS JACK,0.6508,0.004,0.3452
DIAMONDS TWO HEARTS JACK,0.6528,0.004,0.3432
SPADES THREE CLUBS QUEEN,0.6538,0.0066,0.3396
DIAMONDS TWO HEARTS TEN,0.6354,0.0046,0.36
SPADES THREE CLUBS KING,0.6494,0.0058,0.3448
SPADES FIVE HEARTS TEN,0.6376,0.0036,0.3588
HEARTS FIVE CLUBS KING,0.6304,0.006,0.3636
SPADES FIVE HEARTS JACK,0.6314,0.0028,0.3658
HEARTS FIVE CLUBS QUEEN,0.635,0.0032,0.3618
HEARTS THREE CLUBS KING,0.6364,0.005,0.3586
DIAMONDS KING CLUBS KING,0.2772,0.0064,0.7164
HEARTS THREE CLUBS QUEEN,0.6432,0.0056,0.3512
DIAMONDS KING CLUBS QUEEN,0.566,0.0068,0.4272
HEARTS FIVE HEARTS JACK,0.6032,0.0034,0.3934
HEARTS FIVE HEARTS TEN,0.5924,0.0046,0.403
SPADES ACE CLUBS QUEEN,0.2526,0.0644,0.683
SPADES KING CLUBS QUEEN,0.5642,0.0052,0.4306
HEARTS THREE CLUBS JACK,0.6342,0.005,0.3608
DIAMONDS KING CLUBS JACK,0.563,0.0052,0.4318
SPADES QUEEN CLUBS QUEEN,0.3016,0.0028,0.6956
CLUBS TEN HEARTS THREE,0.6428,0.0042,0.353
CLUBS TEN DIAMONDS KING,0.5778,0.0058,0.4164
SPADES JACK CLUBS QUEEN,0.5692,0.0046,0.4262
CLUBS SIX CLUBS QUEEN,0.5998,0.0046,0.3956
SPADES TEN CLUBS QUEEN,0.569,0.0026,0.4284
CLUBS SIX CLUBS KING,0.6154,0.0056,0.379
HEARTS FIVE HEARTS KING,0.5894,0.0042,0.4064
HEARTS FIVE HEARTS QUEEN,0.6012,0.0032,0.3956
CLUBS TEN CLUBS SIX,0.6014,0.0046,0.394
HEARTS FIVE HEARTS ACE,0.4936,0.207,0.2994
CLUBS SIX CLUBS JACK,0.6162,0.0038,0.38
SPADES SEVEN HEARTS JACK,0.6302,0.0026,0.3672
SPADES SEVEN HEARTS TEN,0.6142,0.0036,0.3822
DIAMONDS TWO CLUBS TWO,0.4784,0.0056,0.516
DIAMONDS TWO CLUBS THREE,0.6612,0.0052,0.3336
DIAMONDS TWO HEARTS SIX,0.6666,0.004,0.3294
DIAMONDS TWO HEARTS QUEEN,0.6408,0.0056,0.3536
HEARTS SEVEN DIAMONDS TWO,0.68,0.003,0.317
DIAMONDS TWO HEARTS KING,0.6608,0.0036,0.3356
DIAMONDS TWO HEARTS EIGHT,0.7482,0.036,0.2158
DIAMONDS TWO HEARTS ACE,0.5288,0.228,0.2432
DIAMONDS TWO HEARTS NINE,0.6486,0.0044,0.347
DIAMONDS TWO DIAMONDS QUEEN,0.597,0.0046,0.3984
DIAMONDS TWO HEARTS TWO,0.466,0.0052,0.5288
DIAMONDS TWO DIAMONDS KING,0.6066,0.0044,0.389
DIAMONDS TWO HEARTS THREE,0.6562,0.0048,0.339
DIAMONDS TWO DIAMONDS ACE,0.5038,0.2258,0.2704
HEARTS FOUR DIAMONDS TWO,0.6588,0.0046,0.3366
HEARTS FIVE DIAMONDS TWO,0.6416,0.0044,0.354
SPADES SEVEN HEARTS ACE,0.5344,0.2332,0.2324
DIAMONDS TWO DIAMONDS TEN,0.6026,0.004,0.3934
SPADES SEVEN HEARTS KING,0.63,0.0026,0.3674
DIAMONDS TWO DIAMONDS JACK,0.6024,0.0044,0.3932
SPADES SEVEN HEARTS QUEEN,0.64,0.0032,0.3568
DIAMONDS TWO SPADES NINE,0.6488,0.004,0.3472
DIAMONDS TWO SPADES EIGHT,0.7518,0.0292,0.219
DIAMONDS TWO SPADES SEVEN,0.682,0.0034,0.3146
DIAMONDS TWO SPADES SIX,0.6612,0.0032,0.3356
DIAMONDS TWO SPADES FIVE,0.6576,0.0046,0.3378
DIAMONDS TWO SPADES FOUR,0.6596,0.004,0.3364
DIAMONDS TWO SPADES THREE,0.6494,0.0034,0.3472
DIAMONDS TWO SPADES TWO,0.4714,0.0082,0.5204
CLUBS NINE DIAMONDS TWO,0.647,0.0042,0.3488
DIAMONDS TWO CLUBS EIGHT,0.7696,0.0298,0.2006
CLUBS SEVEN DIAMONDS TWO,0.681,0.0052,0.3138
DIAMONDS TWO CLUBS SIX,0.6794,0.0044,0.3162
DIAMONDS TWO CLUBS FIVE,0.6502,0.0048,0.345
DIAMONDS TWO CLUBS FOUR,0.6646,0.0066,0.3288
CLUBS FOUR SPADES FIVE,0.6204,0.0044,0.3752
CLUBS FOUR SPADES FOUR,0.4682,0.004,0.5278
CLUBS FOUR SPADES THREE,0.6428,0.0032,0.354
CLUBS FOUR SPADES TWO,0.6544,0.0068,0.3388
SPADES NINE CLUBS FOUR,0.6394,0.005,0.3556
SPADES EIGHT CLUBS FOUR,0.7388,0.0298,0.2314
SPADES SEVEN CLUBS FOUR,0.6482,0.0042,0.3476
CLUBS FOUR SPADES SIX,0.6398,0.0046,0.3556
SPADES ACE DIAMONDS SIX,0.5598,0.2186,0.2216
SPADES QUEEN DIAMONDS SIX,0.646,0.0044,0.3496
SPADES KING DIAMONDS SIX,0.643,0.0046,0.3524
SPADES TEN DIAMONDS SIX,0.6372,0.004,0.3588
SPADES JACK DIAMONDS SIX,0.6508,0.0038,0.3454
SPADES QUEEN SPADES TWO,0.5978,0.0038,0.3984
SPADES KING SPADES TWO,0.6008,0.005,0.3942
SPADES ACE SPADES TWO,0.4888,0.2254,0.2858
DIAMONDS JACK CLUBS JACK,0.2988,0.0032,0.698
CLUBS TEN DIAMONDS JACK,0.5636,0.0044,0.432
DIAMONDS JACK CLUBS KING,0.585,0.0052,0.4098
DIAMONDS JACK CLUBS QUEEN,0.5666,0.004,0.4294
DIAMONDS THREE DIAMONDS JACK,0.6208,0.0034,0.3758
DIAMONDS THREE DIAMONDS TEN,0.6114,0.0036,0.385
DIAMONDS THREE DIAMONDS KING,0.605,0.0052,0.3898
DIAMONDS THREE HEARTS THREE,0.4864,0.0048,0.5088
DIAMONDS THREE DIAMONDS QUEEN,0.604,0.0056,0.3904
DIAMONDS THREE HEARTS TWO,0.654,0.003,0.343
HEARTS FIVE DIAMONDS THREE,0.6466,0.003,0.3504
DIAMONDS THREE DIAMONDS ACE,0.4916,0.2222,0.2862
HEARTS FOUR DIAMONDS THREE,0.643,0.0068,0.3502
HEARTS SEVEN DIAMONDS THREE,0.6638,0.0064,0.3298
SPADES TEN SPADES NINE,0.5314,0.0038,0.4648
HEARTS SIX DIAMONDS THREE,0.6464,0.0044,0.3492
SPADES JACK SPADES NINE,0.54,0.0036,0.4564
DIAMONDS THREE HEARTS NINE,0.6536,0.0036,0.3428
HEARTS JACK DIAMONDS FOUR,0.6362,0.0062,0.3576
HEARTS ACE HEARTS KING,0.212,0.0476,0.7404
SPADES TEN SPADES TWO,0.6106,0.0052,0.3842
DIAMONDS THREE HEARTS EIGHT,0.7556,0.0292,0.2152
HEARTS TEN DIAMONDS FOUR,0.639,0.0034,0.3576
SPADES JACK SPADES TWO,0.5972,0.006,0.3968
HEARTS QUEEN DIAMONDS FOUR,0.637,0.0042,0.3588
HEARTS KING DIAMONDS FOUR,0.6464,0.0052,0.3484
SPADES ACE SPADES NINE,0.2122,0.1638,0.624
HEARTS ACE DIAMONDS FOUR,0.527,0.235,0.238
SPADES KING SPADES NINE,0.5616,0.0042,0.4342
SPADES QUEEN SPADES NINE,0.5368,0.0038,0.4594
DIAMONDS THREE SPADES NINE,0.6488,0.004,0.3472
DIAMONDS THREE SPADES EIGHT,0.7542,0.025,0.2208
DIAMONDS THREE SPADES SEVEN,0.6628,0.003,0.3342
DIAMONDS THREE SPADES SIX,0.6544,0.0052,0.3404
DIAMONDS THREE CLUBS SIX,0.6656,0.0066,0.3278
CLUBS FIVE CLUBS SIX,0.6004,0.0042,0.3954
CLUBS SEVEN DIAMONDS THREE,0.6698,0.0048,0.3254
CLUBS SEVEN CLUBS FIVE,0.61,0.0066,0.3834
DIAMONDS THREE CLUBS FOUR,0.6564,0.0044,0.3392
DIAMONDS FOUR CLUBS QUEEN,0.648,0.006,0.346
DIAMONDS THREE CLUBS FIVE,0.6428,0.007,0.3502
CLUBS KING DIAMONDS FOUR,0.642,0.007,0.351
DIAMONDS THREE CLUBS TWO,0.6578,0.0056,0.3366
CLUBS TEN DIAMONDS FOUR,0.647,0.0044,0.3486
DIAMONDS THREE CLUBS THREE,0.485,0.0054,0.5096
DIAMONDS FOUR CLUBS JACK,0.6328,0.0056,0.3616
DIAMONDS THREE SPADES FOUR,0.6398,0.0056,0.3546
DIAMONDS THREE SPADES FIVE,0.6358,0.0032,0.361
DIAMONDS THREE SPADES TWO,0.6644,0.0048,0.3308
DIAMONDS THREE SPADES THREE,0.481,0.0044,0.5146
CLUBS EIGHT DIAMONDS THREE,0.762,0.0324,0.2056
CLUBS NINE DIAMONDS THREE,0.6466,0.0052,0.3482
SPADES SEVEN CLUBS QUEEN,0.639,0.0032,0.3578
SPADES SEVEN CLUBS KING,0.6306,0.004,0.3654
CLUBS FIVE SPADES SEVEN,0.6458,0.006,0.3482
CLUBS TEN SPADES SEVEN,0.629,0.004,0.367
CLUBS FIVE SPADES SIX,0.6272,0.0044,0.3684
SPADES SEVEN CLUBS JACK,0.6238,0.003,0.3732
CLUBS FIVE SPADES NINE,0.6392,0.0044,0.3564
CLUBS FIVE SPADES EIGHT,0.7166,0.0262,0.2572
CLUBS FIVE SPADES THREE,0.634,0.0036,0.3624
CLUBS FIVE SPADES TWO,0.6508,0.004,0.3452
CLUBS FIVE SPADES FIVE,0.466,0.004,0.53
CLUBS FIVE SPADES FOUR,0.6284,0.0034,0.3682
CLUBS NINE CLUBS FIVE,0.602,0.0064,0.3916
CLUBS EIGHT CLUBS FIVE,0.695,0.0242,0.2808
CLUBS KING CLUBS QUEEN,0.556,0.0044,0.4396
DIAMONDS TEN DIAMONDS FOUR,0.597,0.0046,0.3984
CLUBS TEN DIAMONDS NINE,0.5686,0.004,0.4274
DIAMONDS JACK DIAMONDS FOUR,0.6114,0.005,0.3836
DIAMONDS NINE CLUBS JACK,0.5758,0.004,0.4202
SPADES NINE CLUBS JACK,0.5892,0.0042,0.4066
CLUBS TEN SPADES NINE,0.577,0.0038,0.4192
DIAMONDS ACE DIAMONDS FOUR,0.5012,0.2222,0.2766
HEARTS FOUR DIAMONDS FOUR,0.467,0.0058,0.5272
DIAMONDS JACK HEARTS TEN,0.557,0.0056,0.4374
SPADES NINE CLUBS KING,0.607,0.0036,0.3894
DIAMONDS TWO SPADES TEN,0.6592,0.006,0.3348
HEARTS FIVE DIAMONDS FOUR,0.632,0.0048,0.3632
DIAMONDS JACK HEARTS JACK,0.2936,0.0028,0.7036
SPADES NINE CLUBS QUEEN,0.5958,0.004,0.4002
DIAMONDS TWO SPADES JACK,0.6344,0.0052,0.3604
DIAMONDS QUEEN DIAMONDS FOUR,0.6168,0.006,0.3772
HEARTS TWO DIAMONDS FOUR,0.6538,0.0036,0.3426
DIAMONDS NINE CLUBS QUEEN,0.593,0.0064,0.4006
DIAMONDS KING DIAMONDS FOUR,0.594,0.0066,0.3994
HEARTS THREE DIAMONDS FOUR,0.655,0.005,0.34
DIAMONDS NINE CLUBS KING,0.5884,0.0048,0.4068
HEARTS ACE DIAMONDS JACK,0.2268,0.0868,0.6864
SPADES ACE DIAMONDS TWO,0.5334,0.2254,0.2412
HEARTS QUEEN DIAMONDS JACK,0.5598,0.0048,0.4354
SPADES QUEEN DIAMONDS TWO,0.6482,0.0026,0.3492
HEARTS KING DIAMONDS JACK,0.5786,0.0038,0.4176
SPADES KING DIAMONDS TWO,0.6374,0.0044,0.3582
SPADES JACK SPADES SEVEN,0.5882,0.003,0.4088
SPADES TEN SPADES SEVEN,0.5794,0.0034,0.4172
CLUBS SEVEN CLUBS THREE,0.6344,0.0054,0.3602
CLUBS SIX CLUBS THREE,0.615,0.0064,0.3786
CLUBS FIVE CLUBS THREE,0.613,0.0036,0.3834
CLUBS THREE CLUBS FOUR,0.6262,0.0056,0.3682
CLUBS NINE CLUBS THREE,0.6214,0.006,0.3726
CLUBS EIGHT CLUBS THREE,0.711,0.0302,0.2588
CLUBS THREE SPADES FIVE,0.6372,0.0058,0.357
CLUBS THREE SPADES FOUR,0.6474,0.0034,0.3492
CLUBS THREE SPADES THREE,0.4824,0.0058,0.5118
CLUBS THREE SPADES TWO,0.6674,0.005,0.3276
CLUBS THREE SPADES SIX,0.6618,0.006,0.3322
CLUBS THREE SPADES SEVEN,0.6656,0.0028,0.3316
SPADES EIGHT CLUBS THREE,0.753,0.0304,0.2166
SPADES NINE CLUBS THREE,0.6438,0.0046,0.3516
SPADES TWO DIAMONDS FOUR,0.6554,0.0044,0.3402
SPADES THREE DIAMONDS FOUR,0.642,0.0068,0.3512
SPADES FOUR DIAMONDS FOUR,0.4766,0.005,0.5184
SPADES FIVE DIAMONDS FOUR,0.618,0.0068,0.3752
SPADES SIX DIAMONDS FOUR,0.6394,0.004,0.3566
SPADES SEVEN DIAMONDS FOUR,0.658,0.0046,0.3374
SPADES EIGHT DIAMONDS FOUR,0.7402,0.0286,0.2312
SPADES NINE DIAMONDS FOUR,0.646,0.0066,0.3474
CLUBS FIVE DIAMONDS FOUR,0.6226,0.005,0.3724
CLUBS FOUR DIAMONDS FOUR,0.4712,0.0056,0.5232
CLUBS SEVEN DIAMONDS FOUR,0.653,0.0066,0.3404
CLUBS SIX DIAMONDS FOUR,0.6456,0.0038,0.3506
CLUBS NINE DIAMONDS FOUR,0.6514,0.0056,0.343
CLUBS EIGHT DIAMONDS FOUR,0.7424,0.0348,0.2228
HEARTS SEVEN DIAMONDS FOUR,0.6606,0.003,0.3364
HEARTS SIX DIAMONDS FOUR,0.6406,0.0046,0.3548
DIAMONDS FOUR HEARTS NINE,0.6556,0.005,0.3394
DIAMONDS FOUR HEARTS EIGHT,0.7424,0.0264,0.2312
CLUBS THREE DIAMONDS FOUR,0.645,0.007,0.348
CLUBS TWO DIAMONDS FOUR,0.6542,0.0056,0.3402
DIAMONDS TEN DIAMONDS FIVE,0.6056,0.0046,0.3898
DIAMONDS JACK DIAMONDS FIVE,0.606,0.0042,0.3898
DIAMONDS NINE HEARTS QUEEN,0.5856,0.0048,0.4096
DIAMONDS NINE HEARTS KING,0.589,0.0046,0.4064
HEARTS ACE DIAMONDS NINE,0.2202,0.1832,0.5966
DIAMONDS NINE HEARTS TEN,0.5696,0.004,0.4264
DIAMONDS NINE HEARTS JACK,0.5702,0.0046,0.4252
CLUBS KING DIAMONDS SIX,0.6436,0.0036,0.3528
CLUBS QUEEN DIAMONDS SIX,0.6316,0.0062,0.3622
SPADES KING DIAMONDS FOUR,0.6392,0.005,0.3558
SPADES ACE SPADES SEVEN,0.4988,0.22,0.2812
SPADES QUEEN DIAMONDS FOUR,0.6394,0.0048,0.3558
SPADES QUEEN SPADES SEVEN,0.597,0.0044,0.3986
CLUBS JACK DIAMONDS SIX,0.6542,0.0052,0.3406
SPADES KING SPADES SEVEN,0.5872,0.004,0.4088
SPADES ACE DIAMONDS FOUR,0.5372,0.226,0.2368
CLUBS TEN DIAMONDS SIX,0.6398,0.005,0.3552
CLUBS NINE CLUBS FOUR,0.619,0.004,0.377
CLUBS EIGHT CLUBS FOUR,0.7108,0.0254,0.2638
SPADES JACK DIAMONDS FOUR,0.639,0.003,0.358
SPADES TEN DIAMONDS FOUR,0.6384,0.0036,0.358
CLUBS FIVE CLUBS FOUR,0.5934,0.005,0.4016
CLUBS SEVEN CLUBS FOUR,0.6216,0.0044,0.374
CLUBS SIX CLUBS FOUR,0.6336,0.004,0.3624
CLUBS SEVEN SPADES EIGHT,0.694,0.0286,0.2774
CLUBS SEVEN SPADES NINE,0.6194,0.0024,0.3782
CLUBS SEVEN SPADES SIX,0.6194,0.0024,0.3782
CLUBS SEVEN SPADES SEVEN,0.4522,0.005,0.5428
CLUBS SEVEN SPADES FIVE,0.645,0.0046,0.3504
CLUBS SEVEN SPADES FOUR,0.6574,0.005,0.3376
CLUBS SEVEN SPADES THREE,0.6638,0.0046,0.3316
CLUBS SEVEN SPADES TWO,0.6842,0.004,0.3118
CLUBS NINE CLUBS SEVEN,0.5928,0.0052,0.402
CLUBS SEVEN CLUBS EIGHT,0.6648,0.0228,0.3124
HEARTS SIX DIAMONDS FIVE,0.6274,0.0068,0.3658
HEARTS SEVEN DIAMONDS FIVE,0.6438,0.0032,0.353
DIAMONDS FIVE HEARTS EIGHT,0.7146,0.0286,0.2568
DIAMONDS FIVE HEARTS NINE,0.6392,0.006,0.3548
DIAMONDS QUEEN DIAMONDS FIVE,0.6074,0.0044,0.3882
HEARTS TWO DIAMONDS FIVE,0.664,0.0038,0.3322
HEARTS KING HEARTS EIGHT,0.696,0.0252,0.2788
DIAMONDS KING DIAMONDS FIVE,0.592,0.0032,0.4048
HEARTS THREE DIAMONDS FIVE,0.6486,0.0048,0.3466
HEARTS QUEEN HEARTS EIGHT,0.6864,0.0236,0.29
DIAMONDS ACE DIAMONDS FIVE,0.5054,0.2208,0.2738
HEARTS FOUR DIAMONDS FIVE,0.6102,0.0044,0.3854
HEARTS FIVE DIAMONDS FIVE,0.4636,0.0052,0.5312
HEARTS ACE HEARTS EIGHT,0.021,0.9062,0.0728
CLUBS FOUR DIAMONDS FIVE,0.623,0.0052,0.3718
CLUBS FIVE DIAMONDS FIVE,0.4684,0.0064,0.5252
CLUBS SIX DIAMONDS FIVE,0.6276,0.0054,0.367
CLUBS SEVEN DIAMONDS FIVE,0.646,0.0046,0.3494
CLUBS TWO DIAMONDS FIVE,0.6422,0.0052,0.3526
CLUBS THREE DIAMONDS FIVE,0.6486,0.004,0.3474
SPADES THREE DIAMONDS FIVE,0.6546,0.0042,0.3412
SPADES TWO DIAMONDS FIVE,0.6474,0.0034,0.3492
SPADES FIVE DIAMONDS FIVE,0.4724,0.0052,0.5224
CLUBS TEN HEARTS JACK,0.5604,0.0032,0.4364
SPADES FOUR DIAMONDS FIVE,0.6244,0.0054,0.3702
HEARTS JACK CLUBS JACK,0.3112,0.0036,0.6852
HEARTS JACK CLUBS QUEEN,0.5684,0.0026,0.429
CLUBS NINE DIAMONDS FIVE,0.6388,0.0064,0.3548
CLUBS KING HEARTS JACK,0.566,0.004,0.43
CLUBS EIGHT DIAMONDS FIVE,0.7206,0.03,0.2494
SPADES SEVEN DIAMONDS FIVE,0.6284,0.0042,0.3674
SPADES SIX DIAMONDS FIVE,0.6332,0.0048,0.362
SPADES NINE DIAMONDS FIVE,0.6438,0.0032,0.353
SPADES EIGHT DIAMONDS FIVE,0.7258,0.0278,0.2464
DIAMONDS TEN DIAMONDS SIX,0.5982,0.0038,0.398
HEARTS ACE DIAMONDS SEVEN,0.55,0.2328,0.2172
DIAMONDS JACK DIAMONDS SIX,0.6086,0.0056,0.3858
HEARTS QUEEN DIAMONDS SEVEN,0.6436,0.0048,0.3516
HEARTS KING DIAMONDS SEVEN,0.6516,0.0022,0.3462
DIAMONDS ACE DIAMONDS SIX,0.5318,0.2108,0.2574
HEARTS FOUR DIAMONDS SIX,0.6392,0.0036,0.3572
SPADES TWO HEARTS JACK,0.6486,0.0046,0.3468
HEARTS FIVE DIAMONDS SIX,0.6216,0.0036,0.3748
SPADES TWO HEARTS TEN,0.6358,0.0046,0.3596
DIAMONDS QUEEN DIAMONDS SIX,0.612,0.0044,0.3836
HEARTS TWO DIAMONDS SIX,0.6736,0.0034,0.323
DIAMONDS KING DIAMONDS SIX,0.6092,0.0054,0.3854
HEARTS THREE DIAMONDS SIX,0.6576,0.0042,0.3382
HEARTS EIGHT DIAMONDS SIX,0.7086,0.0282,0.2632
HEARTS NINE DIAMONDS SIX,0.6388,0.0036,0.3576
HEARTS SIX DIAMONDS SIX,0.4598,0.0028,0.5374
HEARTS SEVEN DIAMONDS SIX,0.6306,0.0042,0.3652
HEARTS TEN DIAMONDS SEVEN,0.6248,0.0042,0.371
CLUBS TWO DIAMONDS SIX,0.6734,0.0068,0.3198
HEARTS JACK DIAMONDS SEVEN,0.629,0.005,0.366
CLUBS THREE DIAMONDS SIX,0.6702,0.0046,0.3252
CLUBS SEVEN DIAMONDS SIX,0.6392,0.0042,0.3566
CLUBS SIX DIAMONDS SIX,0.4554,0.004,0.5406
CLUBS FIVE DIAMONDS SIX,0.6292,0.0038,0.367
CLUBS FOUR DIAMONDS SIX,0.6426,0.0048,0.3526
HEARTS ACE HEARTS JACK,0.2204,0.0776,0.702
HEARTS QUEEN HEARTS JACK,0.5382,0.004,0.4578
CLUBS NINE DIAMONDS SIX,0.6268,0.0064,0.3668
HEARTS KING HEARTS JACK,0.5314,0.0054,0.4632
CLUBS EIGHT DIAMONDS SIX,0.71,0.0288,0.2612
SPADES TEN HEARTS KING,0.5914,0.0028,0.4058
SPADES FIVE DIAMONDS SIX,0.634,0.004,0.362
HEARTS ACE SPADES TWO,0.5322,0.2332,0.2346
SPADES JACK HEARTS KING,0.5644,0.0032,0.4324
SPADES FOUR DIAMONDS SIX,0.6444,0.0048,0.3508
SPADES THREE DIAMONDS SIX,0.6498,0.0042,0.346
HEARTS QUEEN SPADES TWO,0.6298,0.0054,0.3648
SPADES ACE SPADES KING,0.2376,0.0422,0.7202
HEARTS KING SPADES TWO,0.6418,0.005,0.3532
SPADES TWO DIAMONDS SIX,0.669,0.004,0.327
HEARTS TEN HEARTS EIGHT,0.6426,0.0222,0.3352
SPADES NINE DIAMONDS SIX,0.6286,0.0034,0.368
HEARTS JACK HEARTS EIGHT,0.6638,0.0228,0.3134
SPADES EIGHT DIAMONDS SIX,0.712,0.0234,0.2646
SPADES SEVEN DIAMONDS SIX,0.6342,0.0026,0.3632
SPADES SIX DIAMONDS SIX,0.4658,0.0042,0.53
SPADES KING HEARTS KING,0.2892,0.0018,0.709
SPADES QUEEN HEARTS KING,0.5774,0.0034,0.4192
SPADES ACE HEARTS KING,0.2514,0.0482,0.7004
SPADES ACE HEARTS JACK,0.2512,0.0944,0.6544
SPADES QUEEN HEARTS JACK,0.5706,0.0044,0.425
SPADES KING HEARTS JACK,0.5712,0.003,0.4258
SPADES TEN DIAMONDS TEN,0.3202,0.0028,0.677
SPADES JACK DIAMONDS TEN,0.5534,0.0028,0.4438
SPADES ACE DIAMONDS TEN,0.2344,0.1268,0.6388
SPADES JACK HEARTS JACK,0.3062,0.0022,0.6916
SPADES TEN HEARTS JACK,0.5602,0.0026,0.4372
SPADES QUEEN DIAMONDS TEN,0.5622,0.005,0.4328
SPADES KING DIAMONDS TEN,0.5712,0.0056,0.4232
SPADES NINE DIAMONDS SEVEN,0.6168,0.0034,0.3798
SPADES EIGHT DIAMONDS SEVEN,0.6978,0.026,0.2762
SPADES SEVEN DIAMONDS SEVEN,0.4528,0.0042,0.543
SPADES SIX DIAMONDS SEVEN,0.6278,0.0028,0.3694
DIAMONDS KING DIAMONDS SEVEN,0.5884,0.0052,0.4064
HEARTS THREE DIAMONDS SEVEN,0.6724,0.005,0.3226
HEARTS KING DIAMONDS FIVE,0.6354,0.0034,0.3612
DIAMONDS QUEEN DIAMONDS SEVEN,0.591,0.0056,0.4034
HEARTS TWO DIAMONDS SEVEN,0.6746,0.0046,0.3208
HEARTS QUEEN DIAMONDS FIVE,0.624,0.0054,0.3706
HEARTS FIVE DIAMONDS SEVEN,0.628,0.0046,0.3674
DIAMONDS ACE DIAMONDS SEVEN,0.5274,0.217,0.2556
HEARTS FOUR DIAMONDS SEVEN,0.6538,0.0038,0.3424
HEARTS ACE DIAMONDS FIVE,0.5354,0.2304,0.2342
HEARTS SEVEN DIAMONDS SEVEN,0.469,0.003,0.528
HEARTS SIX DIAMONDS SEVEN,0.6284,0.0042,0.3674
DIAMONDS SEVEN HEARTS NINE,0.6126,0.0058,0.3816
HEARTS EIGHT DIAMONDS SEVEN,0.6938,0.0276,0.2786
DIAMONDS JACK DIAMONDS SEVEN,0.5894,0.0046,0.406
DIAMONDS FIVE HEARTS JACK,0.6396,0.0032,0.3572
DIAMONDS TEN DIAMONDS SEVEN,0.582,0.0054,0.4126
HEARTS TEN DIAMONDS FIVE,0.6312,0.0042,0.3646
SPADES KING CLUBS TWO,0.645,0.0056,0.3494
HEARTS KING CLUBS KING,0.2804,0.0024,0.7172
CLUBS EIGHT DIAMONDS SEVEN,0.6986,0.0272,0.2742
SPADES QUEEN CLUBS TWO,0.6426,0.004,0.3534
HEARTS KING CLUBS QUEEN,0.5794,0.0046,0.416
CLUBS NINE DIAMONDS SEVEN,0.6084,0.006,0.3856
SPADES TWO CLUBS JACK,0.6518,0.005,0.3432
SPADES ACE CLUBS TWO,0.5212,0.2484,0.2304
CLUBS TEN SPADES TWO,0.6402,0.0054,0.3544
CLUBS SEVEN CLUBS SIX,0.6042,0.004,0.3918
SPADES TWO CLUBS KING,0.6454,0.004,0.3506
SPADES TWO DIAMONDS SEVEN,0.6742,0.004,0.3218
CLUBS EIGHT CLUBS SIX,0.675,0.0266,0.2984
SPADES THREE DIAMONDS SEVEN,0.6712,0.003,0.3258
SPADES TWO CLUBS QUEEN,0.6384,0.005,0.3566
CLUBS NINE CLUBS SIX,0.6168,0.0042,0.379
SPADES FOUR DIAMONDS SEVEN,0.6624,0.0032,0.3344
HEARTS KING CLUBS JACK,0.5824,0.0046,0.413
SPADES FIVE DIAMONDS SEVEN,0.6476,0.0034,0.349
CLUBS TEN HEARTS KING,0.5814,0.0054,0.4132
CLUBS SIX SPADES TWO,0.6652,0.0042,0.3306
CLUBS SIX SPADES THREE,0.6546,0.0048,0.3406
CLUBS TWO DIAMONDS SEVEN,0.6918,0.0046,0.3036
CLUBS SIX SPADES FOUR,0.6338,0.004,0.3622
CLUBS THREE DIAMONDS SEVEN,0.6756,0.004,0.3204
CLUBS SIX SPADES FIVE,0.6258,0.004,0.3702
CLUBS FOUR DIAMONDS SEVEN,0.665,0.0054,0.3296
CLUBS SIX SPADES SIX,0.452,0.0032,0.5448
CLUBS FIVE DIAMONDS SEVEN,0.6374,0.0064,0.3562
CLUBS SIX SPADES SEVEN,0.6344,0.0028,0.3628
CLUBS SIX DIAMONDS SEVEN,0.633,0.0038,0.3632
CLUBS SIX SPADES EIGHT,0.7128,0.0262,0.261
SPADES JACK CLUBS TWO,0.649,0.004,0.347
CLUBS SEVEN DIAMONDS SEVEN,0.447,0.0032,0.5498
SPADES NINE CLUBS SIX,0.6306,0.0032,0.3662
SPADES TEN CLUBS TWO,0.6364,0.005,0.3586
CLUBS TWO CLUBS QUEEN,0.6158,0.0054,0.3788
CLUBS TWO CLUBS KING,0.6206,0.0062,0.3732
CLUBS TEN CLUBS TWO,0.6268,0.0048,0.3684
CLUBS TWO CLUBS JACK,0.6248,0.005,0.3702
SPADES ACE SPADES THREE,0.5046,0.2124,0.283
SPADES QUEEN SPADES THREE,0.6062,0.004,0.3898
SPADES KING SPADES THREE,0.5912,0.0042,0.4046
SPADES JACK SPADES THREE,0.5984,0.0034,0.3982
SPADES TEN SPADES THREE,0.605,0.003,0.392
CLUBS FOUR HEARTS ACE,0.5484,0.2088,0.2428
CLUBS FOUR HEARTS QUEEN,0.634,0.0028,0.3632
CLUBS FOUR HEARTS KING,0.6354,0.0032,0.3614
CLUBS SIX HEARTS TEN,0.6322,0.0042,0.3636
CLUBS SIX HEARTS JACK,0.6422,0.0044,0.3534
CLUBS FOUR HEARTS JACK,0.64,0.003,0.357
SPADES TEN DIAMONDS QUEEN,0.5622,0.0066,0.4312
SPADES TEN HEARTS TWO,0.6192,0.0058,0.375
SPADES JACK HEARTS EIGHT,0.7156,0.0248,0.2596
CLUBS FOUR HEARTS TEN,0.6408,0.0052,0.354
SPADES TEN HEARTS EIGHT,0.7126,0.021,0.2664
SPADES JACK HEARTS TWO,0.6422,0.0034,0.3544
SPADES JACK DIAMONDS QUEEN,0.562,0.0042,0.4338
SPADES ACE HEARTS TWO,0.5326,0.2348,0.2326
SPADES ACE DIAMONDS QUEEN,0.2442,0.0622,0.6936
SPADES ACE HEARTS EIGHT,0.0238,0.956,0.0202
SPADES KING HEARTS EIGHT,0.7402,0.025,0.2348
SPADES QUEEN HEARTS TWO,0.645,0.0038,0.3512
SPADES QUEEN DIAMONDS QUEEN,0.2928,0.0038,0.7034
SPADES KING DIAMONDS QUEEN,0.5782,0.0038,0.418
SPADES KING HEARTS TWO,0.6454,0.0048,0.3498
SPADES QUEEN HEARTS EIGHT,0.725,0.0234,0.2516
CLUBS TWO HEARTS TEN,0.6452,0.0046,0.3502
CLUBS TWO HEARTS JACK,0.6584,0.0038,0.3378
SPADES SEVEN DIAMONDS NINE,0.6144,0.0036,0.382
SPADES SIX DIAMONDS NINE,0.6052,0.0042,0.3906
SPADES NINE DIAMONDS NINE,0.319,0.0028,0.6782
SPADES EIGHT DIAMONDS NINE,0.68,0.0256,0.2944
SPADES TEN CLUBS KING,0.5862,0.0032,0.4106
DIAMONDS NINE SPADES THREE,0.6388,0.0056,0.3556
SPADES JACK CLUBS KING,0.5722,0.0044,0.4234
DIAMONDS NINE SPADES TWO,0.635,0.0036,0.3614
SPADES FIVE DIAMONDS NINE,0.6242,0.004,0.3718
DIAMONDS NINE SPADES FOUR,0.6426,0.0028,0.3546
CLUBS NINE DIAMONDS NINE,0.3178,0.0048,0.6774
CLUBS EIGHT DIAMONDS NINE,0.699,0.0194,0.2816
CLUBS SIX DIAMONDS NINE,0.6252,0.006,0.3688
SPADES JACK CLUBS FOUR,0.6574,0.0048,0.3378
CLUBS SEVEN DIAMONDS NINE,0.616,0.0036,0.3804
SPADES TEN CLUBS FOUR,0.6426,0.003,0.3544
CLUBS FOUR DIAMONDS NINE,0.6302,0.0042,0.3656
CLUBS FIVE DIAMONDS NINE,0.6432,0.005,0.3518
CLUBS TWO DIAMONDS NINE,0.6522,0.0048,0.343
CLUBS THREE DIAMONDS NINE,0.6536,0.0056,0.3408
DIAMONDS NINE HEARTS EIGHT,0.6868,0.0206,0.2926
DIAMONDS NINE HEARTS NINE,0.3308,0.003,0.6662
HEARTS SIX DIAMONDS NINE,0.6108,0.0036,0.3856
HEARTS SEVEN DIAMONDS NINE,0.6054,0.0034,0.3912
CLUBS NINE CLUBS EIGHT,0.6574,0.0228,0.3198
DIAMONDS ACE DIAMONDS NINE,0.2168,0.1692,0.614
HEARTS FOUR DIAMONDS NINE,0.6472,0.0048,0.348
HEARTS FIVE DIAMONDS NINE,0.634,0.0022,0.3638
HEARTS ACE CLUBS TWO,0.551,0.2164,0.2326
SPADES ACE CLUBS FOUR,0.5398,0.2218,0.2384
DIAMONDS NINE DIAMONDS QUEEN,0.5598,0.0046,0.4356
HEARTS TWO DIAMONDS NINE,0.6398,0.0044,0.3558
CLUBS TWO HEARTS KING,0.646,0.0048,0.3492
SPADES KING CLUBS FOUR,0.641,0.0042,0.3548
DIAMONDS KING DIAMONDS NINE,0.5602,0.0052,0.4346
HEARTS THREE DIAMONDS NINE,0.6382,0.0044,0.3574
CLUBS TWO HEARTS QUEEN,0.6404,0.0052,0.3544
SPADES QUEEN CLUBS FOUR,0.6424,0.0044,0.3532
DIAMONDS NINE DIAMONDS JACK,0.5458,0.0052,0.449
CLUBS EIGHT SPADES NINE,0.6922,0.0184,0.2894
DIAMONDS TEN DIAMONDS NINE,0.5542,0.0042,0.4416
CLUBS EIGHT SPADES EIGHT,0.3062,0.0294,0.6644
CLUBS EIGHT SPADES SEVEN,0.6928,0.0252,0.282
CLUBS EIGHT SPADES SIX,0.7066,0.0258,0.2676
CLUBS EIGHT SPADES FIVE,0.7148,0.0344,0.2508
CLUBS EIGHT SPADES FOUR,0.7358,0.0298,0.2344
CLUBS EIGHT SPADES THREE,0.759,0.0372,0.2038
CLUBS EIGHT SPADES TWO,0.7494,0.0312,0.2194
HEARTS SIX DIAMONDS TEN,0.6334,0.003,0.3636
HEARTS SEVEN DIAMONDS TEN,0.6182,0.0034,0.3784
DIAMONDS TEN HEARTS EIGHT,0.6994,0.021,0.2796
CLUBS FOUR CLUBS JACK,0.6064,0.0032,0.3904
DIAMONDS TEN HEARTS NINE,0.5642,0.0032,0.4326
CLUBS TEN CLUBS FOUR,0.6054,0.0052,0.3894
CLUBS FOUR CLUBS KING,0.6096,0.0062,0.3842
CLUBS FOUR CLUBS QUEEN,0.6082,0.006,0.3858
DIAMONDS TEN CLUBS TWO,0.6424,0.0038,0.3538
CLUBS THREE DIAMONDS TEN,0.6472,0.0066,0.3462
DIAMONDS TEN DIAMONDS JACK,0.5236,0.0054,0.471
DIAMONDS TEN DIAMONDS QUEEN,0.5252,0.0064,0.4684
HEARTS TWO DIAMONDS TEN,0.6364,0.003,0.3606
DIAMONDS KING DIAMONDS TEN,0.5402,0.0046,0.4552
HEARTS THREE DIAMONDS TEN,0.633,0.0048,0.3622
DIAMONDS ACE DIAMONDS TEN,0.2156,0.1148,0.6696
HEARTS FOUR DIAMONDS TEN,0.6274,0.0046,0.368
CLUBS EIGHT HEARTS JACK,0.7208,0.021,0.2582
HEARTS FIVE DIAMONDS TEN,0.6286,0.0034,0.368
CLUBS EIGHT HEARTS TEN,0.708,0.0238,0.2682
CLUBS EIGHT HEARTS QUEEN,0.7336,0.025,0.2414
CLUBS EIGHT HEARTS KING,0.754,0.023,0.223
CLUBS EIGHT HEARTS ACE,0.02,0.972,0.008
CLUBS NINE SPADES THREE,0.6488,0.0036,0.3476
CLUBS NINE SPADES TWO,0.6484,0.0038,0.3478
CLUBS NINE SPADES FIVE,0.6228,0.0034,0.3738
CLUBS NINE SPADES FOUR,0.647,0.0054,0.3476
CLUBS NINE SPADES SEVEN,0.6328,0.0032,0.364
CLUBS NINE SPADES SIX,0.6414,0.0034,0.3552
CLUBS NINE SPADES NINE,0.3322,0.0026,0.6652
CLUBS TEN HEARTS EIGHT,0.6996,0.0238,0.2766
CLUBS NINE SPADES EIGHT,0.6936,0.0188,0.2876
HEARTS EIGHT CLUBS JACK,0.7142,0.0228,0.263
CLUBS QUEEN HEARTS EIGHT,0.729,0.029,0.242
CLUBS KING HEARTS EIGHT,0.7594,0.026,0.2146
SPADES KING CLUBS KING,0.2816,0.0046,0.7138
SPADES QUEEN CLUBS KING,0.5686,0.003,0.4284
SPADES ACE CLUBS KING,0.2532,0.0488,0.698
DIAMONDS ACE HEARTS TEN,0.2326,0.1158,0.6516
HEARTS FOUR HEARTS TEN,0.606,0.0036,0.3904
DIAMONDS ACE HEARTS JACK,0.2336,0.0888,0.6776
HEARTS FOUR HEARTS JACK,0.5924,0.005,0.4026
SPADES KING CLUBS FIVE,0.6376,0.0044,0.358
SPADES QUEEN CLUBS FIVE,0.6304,0.0054,0.3642
SPADES ACE CLUBS FIVE,0.531,0.2304,0.2386
HEARTS SEVEN DIAMONDS JACK,0.6284,0.0038,0.3678
HEARTS SIX DIAMONDS JACK,0.6284,0.0042,0.3674
DIAMONDS JACK HEARTS NINE,0.5894,0.0038,0.4068
DIAMONDS JACK HEARTS EIGHT,0.7092,0.0198,0.271
DIAMONDS KING DIAMONDS JACK,0.5378,0.0044,0.4578
HEARTS THREE DIAMONDS JACK,0.6368,0.0054,0.3578
SPADES ACE SPADES SIX,0.5032,0.2164,0.2804
HEARTS ACE SPADES FOUR,0.5256,0.2244,0.25
DIAMONDS QUEEN DIAMONDS JACK,0.531,0.0058,0.4632
HEARTS TWO DIAMONDS JACK,0.6422,0.0056,0.3522
HEARTS FIVE DIAMONDS JACK,0.6438,0.0048,0.3514
SPADES QUEEN SPADES SIX,0.6022,0.003,0.3948
SPADES FOUR HEARTS QUEEN,0.6362,0.0046,0.3592
DIAMONDS ACE DIAMONDS JACK,0.232,0.0862,0.6818
HEARTS FOUR DIAMONDS JACK,0.6374,0.0046,0.358
SPADES KING SPADES SIX,0.5896,0.0034,0.407
SPADES FOUR HEARTS KING,0.6312,0.002,0.3668
SPADES TEN SPADES SIX,0.5898,0.004,0.4062
SPADES JACK SPADES SIX,0.6058,0.003,0.3912
SPADES FOUR DIAMONDS JACK,0.6304,0.003,0.3666
SPADES FIVE DIAMONDS JACK,0.642,0.0044,0.3536
DIAMONDS JACK SPADES TWO,0.6414,0.0074,0.3512
SPADES THREE DIAMONDS JACK,0.6334,0.0046,0.362
SPADES ACE DIAMONDS THREE,0.5308,0.2314,0.2378
SPADES QUEEN DIAMONDS THREE,0.6434,0.0042,0.3524
CLUBS EIGHT DIAMONDS JACK,0.715,0.0272,0.2578
SPADES KING DIAMONDS THREE,0.6494,0.0052,0.3454
CLUBS NINE DIAMONDS JACK,0.575,0.0076,0.4174
CLUBS SIX DIAMONDS JACK,0.6464,0.004,0.3496
CLUBS SEVEN DIAMONDS JACK,0.6276,0.0032,0.3692
CLUBS FOUR DIAMONDS JACK,0.6402,0.005,0.3548
CLUBS FIVE DIAMONDS JACK,0.6378,0.0056,0.3566
CLUBS TWO DIAMONDS JACK,0.6368,0.0048,0.3584
CLUBS THREE DIAMONDS JACK,0.646,0.0054,0.3486
SPADES TEN CLUBS FIVE,0.6406,0.0044,0.355
SPADES JACK HEARTS SIX,0.6478,0.002,0.3502
HEARTS SIX SPADES TEN,0.6334,0.0032,0.3634
SPADES JACK CLUBS FIVE,0.6404,0.0044,0.3552
SPADES JACK DIAMONDS THREE,0.6424,0.0036,0.354
DIAMONDS THREE SPADES TEN,0.6354,0.0054,0.3592
CLUBS SEVEN CLUBS QUEEN,0.6136,0.003,0.3834
CLUBS SEVEN CLUBS KING,0.6102,0.0038,0.386
SPADES NINE DIAMONDS JACK,0.5772,0.0044,0.4184
CLUBS TEN CLUBS SEVEN,0.5994,0.0044,0.3962
DIAMONDS ACE HEARTS ACE,0.064,0.016,0.92
HEARTS FOUR HEARTS ACE,0.4798,0.2258,0.2944
SPADES EIGHT DIAMONDS JACK,0.7114,0.024,0.2646
SPADES ACE HEARTS SIX,0.5374,0.225,0.2376
CLUBS SEVEN CLUBS JACK,0.6166,0.0034,0.38
DIAMONDS ACE HEARTS KING,0.245,0.049,0.706
HEARTS FOUR HEARTS KING,0.586,0.004,0.41
SPADES SEVEN DIAMONDS JACK,0.62,0.0032,0.3768
SPADES KING HEARTS SIX,0.634,0.0036,0.3624
DIAMONDS ACE HEARTS QUEEN,0.2428,0.0694,0.6878
HEARTS FOUR HEARTS QUEEN,0.5948,0.0042,0.401
SPADES QUEEN HEARTS SIX,0.6426,0.004,0.3534
SPADES SIX DIAMONDS JACK,0.6328,0.0036,0.3636
DIAMONDS TEN SPADES TWO,0.6366,0.0062,0.3572
DIAMONDS TEN SPADES THREE,0.6372,0.0078,0.355
DIAMONDS TEN SPADES FOUR,0.6298,0.005,0.3652
DIAMONDS TEN SPADES FIVE,0.6362,0.004,0.3598
SPADES SIX DIAMONDS TEN,0.6298,0.0036,0.3666
SPADES SEVEN DIAMONDS TEN,0.621,0.0028,0.3762
SPADES EIGHT DIAMONDS TEN,0.7054,0.0224,0.2722
SPADES NINE DIAMONDS TEN,0.5658,0.004,0.4302
CLUBS FOUR DIAMONDS TEN,0.6304,0.0042,0.3654
CLUBS FIVE DIAMONDS TEN,0.6388,0.004,0.3572
CLUBS SIX DIAMONDS TEN,0.6348,0.0038,0.3614
CLUBS SEVEN DIAMONDS TEN,0.614,0.0044,0.3816
CLUBS EIGHT DIAMONDS TEN,0.7082,0.0256,0.2662
CLUBS NINE DIAMONDS TEN,0.5618,0.0054,0.4328
DIAMONDS THREE CLUBS JACK,0.658,0.0042,0.3378
CLUBS TEN DIAMONDS THREE,0.6442,0.0058,0.35
DIAMONDS THREE CLUBS KING,0.6478,0.0034,0.3488
DIAMONDS THREE CLUBS QUEEN,0.635,0.004,0.361
SPADES FOUR HEARTS JACK,0.6248,0.0028,0.3724
SPADES FOUR HEARTS TEN,0.637,0.0036,0.3594
SPADES FIVE SPADES TWO,0.597,0.0038,0.3992
SPADES FOUR SPADES TWO,0.6054,0.0038,0.3908
SPADES THREE SPADES TWO,0.6116,0.0042,0.3842
SPADES NINE SPADES TWO,0.5994,0.0036,0.397
SPADES EIGHT SPADES TWO,0.7072,0.0282,0.2646
SPADES SEVEN SPADES TWO,0.6292,0.0048,0.366
SPADES SIX SPADES TWO,0.6268,0.0046,0.3686
CLUBS THREE DIAMONDS QUEEN,0.6386,0.0066,0.3548
CLUBS THREE HEARTS TWO,0.6706,0.0072,0.3222
CLUBS TWO DIAMONDS QUEEN,0.6412,0.0052,0.3536
HEARTS TWO CLUBS TWO,0.4758,0.0072,0.517
HEARTS SEVEN DIAMONDS QUEEN,0.6504,0.0024,0.3472
HEARTS SEVEN HEARTS TWO,0.6236,0.0034,0.373
HEARTS SIX DIAMONDS QUEEN,0.6362,0.0028,0.361
HEARTS SIX HEARTS TWO,0.6198,0.0032,0.377
DIAMONDS QUEEN HEARTS NINE,0.594,0.0044,0.4016
HEARTS TWO HEARTS NINE,0.6082,0.0046,0.3872
DIAMONDS QUEEN HEARTS EIGHT,0.7244,0.0274,0.2482
HEARTS TWO HEARTS EIGHT,0.6894,0.0316,0.279
CLUBS NINE HEARTS TWO,0.6348,0.0056,0.3596
CLUBS NINE DIAMONDS QUEEN,0.5896,0.0042,0.4062
CLUBS EIGHT HEARTS TWO,0.7514,0.0288,0.2198
CLUBS EIGHT DIAMONDS QUEEN,0.7302,0.0262,0.2436
CLUBS FIVE DIAMONDS QUEEN,0.6438,0.0052,0.351
CLUBS FIVE HEARTS TWO,0.6564,0.0056,0.338
SPADES EIGHT HEARTS ACE,0.0204,0.9584,0.0212
CLUBS FOUR DIAMONDS QUEEN,0.638,0.0042,0.3578
CLUBS FOUR HEARTS TWO,0.66,0.0054,0.3346
CLUBS SEVEN DIAMONDS QUEEN,0.6502,0.0042,0.3456
CLUBS SEVEN HEARTS TWO,0.6814,0.0058,0.3128
SPADES EIGHT HEARTS QUEEN,0.7262,0.0244,0.2494
CLUBS SIX DIAMONDS QUEEN,0.6382,0.0038,0.358
CLUBS SIX HEARTS TWO,0.6746,0.0044,0.321
SPADES EIGHT HEARTS KING,0.745,0.0224,0.2326
HEARTS TWO SPADES SIX,0.67,0.0052,0.3248
SPADES SIX DIAMONDS QUEEN,0.6332,0.0028,0.364
HEARTS FOUR CLUBS QUEEN,0.6418,0.0028,0.3554
DIAMONDS ACE CLUBS QUEEN,0.2326,0.066,0.7014
SPADES SEVEN DIAMONDS QUEEN,0.6456,0.0044,0.35
SPADES SEVEN HEARTS TWO,0.673,0.0054,0.3216
HEARTS FOUR CLUBS KING,0.6268,0.0052,0.368
DIAMONDS ACE CLUBS KING,0.2306,0.05,0.7194
SPADES EIGHT DIAMONDS QUEEN,0.7336,0.024,0.2424
SPADES EIGHT HEARTS TWO,0.751,0.0326,0.2164
SPADES NINE DIAMONDS QUEEN,0.5894,0.0042,0.4064
SPADES NINE HEARTS TWO,0.6462,0.0036,0.3502
HEARTS TWO SPADES TWO,0.4714,0.0052,0.5234
DIAMONDS QUEEN SPADES TWO,0.6302,0.0046,0.3652
HEARTS TWO SPADES THREE,0.6472,0.0042,0.3486
DIAMONDS QUEEN SPADES THREE,0.6448,0.0064,0.3488
HEARTS TWO SPADES FOUR,0.6536,0.0034,0.343
SPADES FOUR DIAMONDS QUEEN,0.6324,0.0032,0.3644
CLUBS TEN HEARTS FOUR,0.6386,0.0056,0.3558
CLUBS TEN DIAMONDS ACE,0.2252,0.1268,0.648
HEARTS TWO SPADES FIVE,0.6606,0.0042,0.3352
SPADES FIVE DIAMONDS QUEEN,0.6336,0.0046,0.3618
HEARTS FOUR CLUBS JACK,0.642,0.0052,0.3528
DIAMONDS ACE CLUBS JACK,0.2302,0.0836,0.6862
CLUBS FIVE CLUBS KING,0.5974,0.0056,0.397
CLUBS FIVE CLUBS QUEEN,0.613,0.004,0.383
CLUBS FIVE CLUBS JACK,0.6042,0.0064,0.3894
CLUBS TEN CLUBS FIVE,0.6294,0.0048,0.3658
SPADES KING CLUBS JACK,0.5708,0.0042,0.425
SPADES QUEEN CLUBS JACK,0.568,0.005,0.427
SPADES ACE CLUBS JACK,0.246,0.0876,0.6664
SPADES SIX CLUBS KING,0.641,0.0022,0.3568
SPADES SIX CLUBS QUEEN,0.6528,0.0034,0.3438
SPADES EIGHT HEARTS JACK,0.7244,0.0222,0.2534
SPADES EIGHT HEARTS TEN,0.6898,0.0214,0.2888
SPADES SIX CLUBS JACK,0.6542,0.0046,0.3412
CLUBS TEN SPADES SIX,0.6246,0.0038,0.3716
SPADES TEN CLUBS JACK,0.5548,0.0052,0.44
SPADES JACK CLUBS JACK,0.3052,0.0028,0.692
SPADES QUEEN CLUBS SEVEN,0.6536,0.0028,0.3436
SPADES KING CLUBS SEVEN,0.6496,0.0038,0.3466
SPADES ACE CLUBS SEVEN,0.551,0.228,0.221
SPADES SIX HEARTS TEN,0.6294,0.0028,0.3678
SPADES SIX HEARTS JACK,0.6352,0.003,0.3618
SPADES SIX HEARTS ACE,0.55,0.2142,0.2358
SPADES SIX HEARTS KING,0.6428,0.0038,0.3534
SPADES SIX HEARTS QUEEN,0.6328,0.0026,0.3646
CLUBS SEVEN SPADES JACK,0.6252,0.0042,0.3706
CLUBS SEVEN SPADES TEN,0.62,0.0032,0.3768
CLUBS TEN HEARTS SIX,0.6346,0.0032,0.3622
HEARTS SIX CLUBS JACK,0.6478,0.0044,0.3478
HEARTS SIX CLUBS QUEEN,0.6434,0.0024,0.3542
HEARTS SIX CLUBS KING,0.642,0.0028,0.3552
CLUBS QUEEN CLUBS JACK,0.542,0.0048,0.4532
CLUBS KING CLUBS JACK,0.5526,0.0028,0.4446
DIAMONDS THREE HEARTS ACE,0.5304,0.224,0.2456
DIAMONDS THREE HEARTS QUEEN,0.6382,0.0042,0.3576
DIAMONDS THREE HEARTS KING,0.6238,0.0058,0.3704
CLUBS FIVE HEARTS JACK,0.6352,0.0028,0.362
SPADES TEN DIAMONDS ACE,0.2276,0.1164,0.656
HEARTS FOUR SPADES TEN,0.6244,0.0026,0.373
CLUBS FIVE HEARTS TEN,0.6368,0.0026,0.3606
HEARTS FOUR SPADES JACK,0.6356,0.0042,0.3602
SPADES JACK DIAMONDS ACE,0.2338,0.0848,0.6814
SPADES ACE HEARTS FOUR,0.5226,0.2232,0.2542
SPADES ACE DIAMONDS ACE,0.0544,0.0112,0.9344
CLUBS FIVE HEARTS ACE,0.532,0.2288,0.2392
CLUBS FIVE HEARTS KING,0.6272,0.0052,0.3676
HEARTS FOUR SPADES QUEEN,0.6248,0.0042,0.371
SPADES QUEEN DIAMONDS ACE,0.241,0.0618,0.6972
SPADES FOUR CLUBS JACK,0.6382,0.0048,0.357
CLUBS FIVE HEARTS QUEEN,0.6308,0.0052,0.364
SPADES KING DIAMONDS ACE,0.2348,0.051,0.7142
SPADES KING HEARTS FOUR,0.6248,0.003,0.3722
CLUBS TEN SPADES FOUR,0.6386,0.0042,0.3572
DIAMONDS ACE DIAMONDS QUEEN,0.2416,0.0624,0.696
DIAMONDS ACE HEARTS TWO,0.5232,0.2334,0.2434
HEARTS FOUR DIAMONDS QUEEN,0.6318,0.005,0.3632
HEARTS FOUR HEARTS TWO,0.6146,0.0034,0.382
DIAMONDS THREE HEARTS TEN,0.6374,0.0052,0.3574
SPADES FOUR CLUBS KING,0.6334,0.0048,0.3618
HEARTS FIVE DIAMONDS QUEEN,0.6308,0.0042,0.365
HEARTS FIVE HEARTS TWO,0.6156,0.0044,0.38
DIAMONDS THREE HEARTS JACK,0.6352,0.0032,0.3616
SPADES FOUR CLUBS QUEEN,0.6408,0.0044,0.3548
HEARTS TWO DIAMONDS QUEEN,0.6328,0.0042,0.363
DIAMONDS KING DIAMONDS QUEEN,0.5408,0.0044,0.4548
DIAMONDS KING HEARTS TWO,0.632,0.0062,0.3618
HEARTS THREE DIAMONDS QUEEN,0.6466,0.0036,0.3498
HEARTS THREE HEARTS TWO,0.6172,0.005,0.3778
HEARTS TWO CLUBS QUEEN,0.6436,0.0036,0.3528
DIAMONDS QUEEN CLUBS QUEEN,0.29,0.0058,0.7042
HEARTS TWO CLUBS KING,0.643,0.0054,0.3516
DIAMONDS QUEEN CLUBS KING,0.578,0.0046,0.4174
SPADES EIGHT SPADES FIVE,0.667,0.027,0.306
CLUBS TEN HEARTS TWO,0.6362,0.0042,0.3596
CLUBS TEN DIAMONDS QUEEN,0.5684,0.0054,0.4262
SPADES NINE SPADES FIVE,0.5998,0.0046,0.3956
HEARTS TWO CLUBS JACK,0.6354,0.0032,0.3614
DIAMONDS QUEEN CLUBS JACK,0.564,0.0052,0.4308
SPADES SIX SPADES FIVE,0.5896,0.0034,0.407
SPADES SEVEN SPADES FIVE,0.5938,0.0022,0.404
DIAMONDS FIVE CLUBS QUEEN,0.6456,0.005,0.3494
DIAMONDS FIVE CLUBS KING,0.6508,0.0036,0.3456
SPADES EIGHT CLUBS KING,0.7386,0.0224,0.239
SPADES EIGHT CLUBS QUEEN,0.7326,0.0252,0.2422
SPADES EIGHT CLUBS JACK,0.7198,0.0232,0.257
CLUBS TEN SPADES EIGHT,0.7014,0.0226,0.276
CLUBS TEN DIAMONDS FIVE,0.6408,0.006,0.3532
DIAMONDS FIVE CLUBS JACK,0.6428,0.004,0.3532
DIAMONDS TEN HEARTS JACK,0.564,0.0042,0.4318
DIAMONDS TEN HEARTS TEN,0.2954,0.004,0.7006
SPADES ACE CLUBS NINE,0.2378,0.175,0.5872
CLUBS NINE SPADES QUEEN,0.5936,0.0048,0.4016
CLUBS NINE SPADES KING,0.5994,0.003,0.3976
HEARTS SIX HEARTS KING,0.5804,0.0034,0.4162
DIAMONDS KING SPADES SEVEN,0.6442,0.0034,0.3524
HEARTS THREE SPADES SEVEN,0.6452,0.003,0.3518
SPADES KING DIAMONDS SEVEN,0.6404,0.0054,0.3542
HEARTS SIX HEARTS QUEEN,0.591,0.0044,0.4046
SPADES QUEEN DIAMONDS SEVEN,0.6442,0.0044,0.3514
HEARTS THREE SPADES SIX,0.6474,0.004,0.3486
DIAMONDS KING SPADES SIX,0.6358,0.0042,0.36
SPADES NINE DIAMONDS KING,0.5924,0.0052,0.4024
SPADES NINE HEARTS THREE,0.6418,0.004,0.3542
HEARTS SIX HEARTS ACE,0.5208,0.2108,0.2684
DIAMONDS KING SPADES EIGHT,0.7528,0.0248,0.2224
SPADES EIGHT HEARTS THREE,0.7436,0.0346,0.2218
SPADES ACE DIAMONDS SEVEN,0.5422,0.2378,0.22
CLUBS NINE HEARTS THREE,0.6572,0.0042,0.3386
CLUBS NINE DIAMONDS KING,0.5894,0.0068,0.4038
CLUBS EIGHT HEARTS THREE,0.7528,0.0298,0.2174
CLUBS EIGHT DIAMONDS KING,0.7502,0.0228,0.227
HEARTS THREE SPADES THREE,0.4776,0.0054,0.517
DIAMONDS KING SPADES THREE,0.6372,0.0048,0.358
HEARTS THREE SPADES TWO,0.6512,0.0042,0.3446
DIAMONDS KING SPADES TWO,0.6432,0.0044,0.3524
HEARTS THREE SPADES FIVE,0.6226,0.005,0.3724
DIAMONDS KING SPADES FIVE,0.629,0.0046,0.3664
HEARTS THREE SPADES FOUR,0.63,0.004,0.366
DIAMONDS KING SPADES FOUR,0.635,0.0068,0.3582
DIAMONDS KING CLUBS TWO,0.652,0.0044,0.3436
