opposingHand,winningChance,drawChance,lostChance
CLUBS THREE HEARTS TEN
HEARTS FIVE SPADES TEN,0.2222,0.4676,0.3102
SPADES JACK HEARTS FIVE,0.352,0.0192,0.6288
CLUBS JACK SPADES FIVE,0.3528,0.017,0.6302
CLUBS TEN SPADES FIVE,0.2124,0.4734,0.3142
CLUBS JACK CLUBS EIGHT,0.3266,0.0156,0.6578
CLUBS TEN CLUBS EIGHT,0.2204,0.2136,0.566
CLUBS EIGHT CLUBS KING,0.3448,0.0062,0.649
SPADES FIVE CLUBS ACE,0.3494,0.0058,0.6448
CLUBS EIGHT CLUBS QUEEN,0.3328,0.0136,0.6536
SPADES FIVE CLUBS KING,0.349,0.0076,0.6434
SPADES FIVE CLUBS QUEEN,0.3568,0.0118,0.6314
CLUBS EIGHT CLUBS ACE,0.3248,0.006,0.6692
DIAMONDS TWO DIAMONDS THREE,0.6086,0.0836,0.3078
DIAMONDS TWO DIAMONDS FIVE,0.5566,0.031,0.4124
SPADES KING HEARTS FIVE,0.3756,0.0098,0.6146
DIAMONDS TWO DIAMONDS FOUR,0.5648,0.0282,0.407
SPADES QUEEN HEARTS FIVE,0.353,0.0138,0.6332
DIAMONDS TWO DIAMONDS SEVEN,0.5744,0.0296,0.396
DIAMONDS TWO DIAMONDS SIX,0.566,0.028,0.406
SPADES ACE HEARTS FIVE,0.3554,0.0044,0.6402
DIAMONDS TWO DIAMONDS NINE,0.5678,0.0332,0.399
DIAMONDS TWO DIAMONDS EIGHT,0.5766,0.0272,0.3962
DIAMONDS THREE DIAMONDS FOUR,0.5948,0.0768,0.3284
CLUBS TWO SPADES FOUR,0.6016,0.03,0.3684
DIAMONDS THREE DIAMONDS FIVE,0.607,0.082,0.311
SPADES FIVE CLUBS TWO,0.5878,0.0334,0.3788
CLUBS TWO SPADES TWO,0.3948,0.0698,0.5354
CLUBS TWO SPADES THREE,0.6664,0.0814,0.2522
DIAMONDS THREE DIAMONDS EIGHT,0.6468,0.0722,0.281
SPADES EIGHT CLUBS TWO,0.6232,0.0276,0.3492
DIAMONDS THREE DIAMONDS NINE,0.6506,0.079,0.2704
SPADES NINE CLUBS TWO,0.6178,0.0296,0.3526
DIAMONDS THREE DIAMONDS SIX,0.6254,0.0734,0.3012
SPADES SIX CLUBS TWO,0.6156,0.0286,0.3558
DIAMONDS THREE DIAMONDS SEVEN,0.6426,0.0656,0.2918
SPADES SEVEN CLUBS TWO,0.6236,0.029,0.3474
CLUBS SIX CLUBS TWO,0.5782,0.033,0.3888
CLUBS SEVEN CLUBS TWO,0.5806,0.0294,0.39
CLUBS FOUR CLUBS TWO,0.5594,0.0296,0.411
CLUBS FIVE CLUBS TWO,0.576,0.0296,0.3944
CLUBS TEN CLUBS JACK,0.2074,0.0566,0.736
DIAMONDS FOUR DIAMONDS SIX,0.5276,0.0322,0.4402
CLUBS TEN CLUBS QUEEN,0.2074,0.0442,0.7484
DIAMONDS FOUR DIAMONDS SEVEN,0.5214,0.0268,0.4518
CLUBS TEN CLUBS KING,0.2136,0.0344,0.752
CLUBS TEN CLUBS ACE,0.2154,0.0254,0.7592
CLUBS EIGHT CLUBS TWO,0.5842,0.0262,0.3896
DIAMONDS FIVE DIAMONDS FOUR,0.5212,0.0274,0.4514
CLUBS NINE CLUBS TWO,0.5904,0.0294,0.3802
DIAMONDS NINE DIAMONDS FOUR,0.5454,0.0242,0.4304
DIAMONDS EIGHT DIAMONDS FOUR,0.537,0.029,0.434
DIAMONDS NINE DIAMONDS FIVE,0.5346,0.0262,0.4392
CLUBS JACK DIAMONDS TWO,0.3834,0.0188,0.5978
DIAMONDS EIGHT DIAMONDS FIVE,0.5262,0.0272,0.4466
CLUBS TEN DIAMONDS TWO,0.2638,0.526,0.2102
DIAMONDS FIVE DIAMONDS SEVEN,0.515,0.0314,0.4536
DIAMONDS FIVE DIAMONDS SIX,0.5112,0.0296,0.4592
DIAMONDS TWO CLUBS ACE,0.376,0.0062,0.6178
DIAMONDS TWO CLUBS KING,0.3922,0.0098,0.598
DIAMONDS TWO CLUBS QUEEN,0.3808,0.0124,0.6068
DIAMONDS EIGHT DIAMONDS SIX,0.5096,0.0232,0.4672
DIAMONDS NINE DIAMONDS SIX,0.534,0.0224,0.4436
HEARTS ACE SPADES THREE,0.2304,0.0236,0.746
SPADES THREE HEARTS KING,0.2274,0.0332,0.7394
DIAMONDS SEVEN DIAMONDS SIX,0.4984,0.0272,0.4744
HEARTS QUEEN SPADES THREE,0.2268,0.0422,0.731
SPADES THREE HEARTS JACK,0.2396,0.057,0.7034
DIAMONDS EIGHT DIAMONDS SEVEN,0.495,0.0282,0.4768
DIAMONDS NINE DIAMONDS SEVEN,0.5056,0.0228,0.4716
DIAMONDS NINE DIAMONDS EIGHT,0.5032,0.0252,0.4716
SPADES JACK CLUBS SIX,0.348,0.0158,0.6362
DIAMONDS KING HEARTS JACK,0.2928,0.0068,0.7004
HEARTS THREE HEARTS JACK,0.229,0.0646,0.7064
SPADES TEN CLUBS SIX,0.2088,0.3794,0.4118
SPADES JACK SPADES FIVE,0.3368,0.0188,0.6444
SPADES TEN SPADES FIVE,0.2058,0.4388,0.3554
DIAMONDS KING HEARTS ACE,0.3116,0.003,0.6854
HEARTS THREE HEARTS ACE,0.2254,0.021,0.7536
SPADES ACE CLUBS SIX,0.3568,0.0052,0.638
DIAMONDS KING HEARTS QUEEN,0.3104,0.0074,0.6822
HEARTS THREE HEARTS QUEEN,0.2366,0.045,0.7184
SPADES KING CLUBS SIX,0.3668,0.0062,0.627
DIAMONDS KING HEARTS KING,0.1308,0.009,0.8602
HEARTS THREE HEARTS KING,0.2226,0.0292,0.7482
SPADES QUEEN CLUBS SIX,0.3636,0.0126,0.6238
SPADES NINE HEARTS JACK,0.3244,0.0208,0.6548
SPADES QUEEN SPADES FIVE,0.3318,0.0112,0.657
SPADES KING SPADES FIVE,0.332,0.0084,0.6596
SPADES ACE SPADES FIVE,0.3306,0.0066,0.6628
SPADES NINE HEARTS QUEEN,0.3326,0.0112,0.6562
SPADES NINE HEARTS KING,0.355,0.0096,0.6354
SPADES NINE HEARTS ACE,0.3594,0.0056,0.635
CLUBS TEN SPADES JACK,0.2104,0.0516,0.738
CLUBS TEN SPADES TEN,0.0798,0.0514,0.8688
SPADES ACE CLUBS TEN,0.2154,0.0238,0.7608
CLUBS TEN SPADES KING,0.223,0.04,0.737
CLUBS TEN SPADES QUEEN,0.2244,0.048,0.7276
SPADES FIVE HEARTS QUEEN,0.3372,0.014,0.6488
SPADES FIVE HEARTS KING,0.3634,0.0106,0.626
HEARTS ACE SPADES FIVE,0.3462,0.0062,0.6476
CLUBS EIGHT SPADES TEN,0.2062,0.2328,0.561
HEARTS THREE SPADES JACK,0.2424,0.055,0.7026
SPADES JACK DIAMONDS KING,0.323,0.0058,0.6712
SPADES TEN DIAMONDS KING,0.239,0.032,0.729
HEARTS THREE SPADES TEN,0.02,0.9692,0.0108
CLUBS EIGHT SPADES JACK,0.3276,0.0174,0.655
CLUBS SIX HEARTS ACE,0.3492,0.0056,0.6452
SPADES ACE CLUBS EIGHT,0.351,0.0026,0.6464
CLUBS JACK HEARTS FIVE,0.3594,0.018,0.6226
CLUBS TEN HEARTS FIVE,0.2106,0.4736,0.3158
CLUBS SIX HEARTS QUEEN,0.3492,0.0136,0.6372
SPADES QUEEN CLUBS EIGHT,0.355,0.0106,0.6344
CLUBS TEN SPADES THREE,0.0112,0.9708,0.018
CLUBS SIX HEARTS KING,0.3416,0.0082,0.6502
SPADES KING CLUBS EIGHT,0.3606,0.0096,0.6298
CLUBS JACK SPADES THREE,0.2344,0.0652,0.7004
DIAMONDS TWO HEARTS JACK,0.375,0.0166,0.6084
SPADES THREE CLUBS QUEEN,0.2302,0.0408,0.729
SPADES THREE CLUBS KING,0.2292,0.0338,0.737
HEARTS FIVE CLUBS ACE,0.353,0.0056,0.6414
SPADES THREE CLUBS ACE,0.2324,0.0212,0.7464
HEARTS FIVE CLUBS KING,0.3566,0.0094,0.634
SPADES FIVE HEARTS JACK,0.3538,0.0172,0.629
HEARTS FIVE CLUBS QUEEN,0.3506,0.014,0.6354
HEARTS THREE CLUBS KING,0.238,0.0328,0.7292
DIAMONDS KING CLUBS KING,0.1294,0.0078,0.8628
HEARTS THREE CLUBS QUEEN,0.2298,0.046,0.7242
DIAMONDS KING CLUBS QUEEN,0.3082,0.008,0.6838
HEARTS FIVE HEARTS JACK,0.3446,0.0174,0.638
HEARTS THREE CLUBS ACE,0.2354,0.0228,0.7418
DIAMONDS KING CLUBS ACE,0.312,0.0072,0.6808
SPADES ACE CLUBS QUEEN,0.3172,0.0046,0.6782
SPADES KING CLUBS QUEEN,0.3104,0.0078,0.6818
CLUBS JACK HEARTS THREE,0.2338,0.0568,0.7094
CLUBS JACK DIAMONDS KING,0.3026,0.0072,0.6902
SPADES QUEEN CLUBS QUEEN,0.138,0.0144,0.8476
CLUBS TEN HEARTS THREE,0.0074,0.9842,0.0084
CLUBS TEN DIAMONDS KING,0.218,0.036,0.746
SPADES JACK CLUBS QUEEN,0.2928,0.0088,0.6984
CLUBS SIX CLUBS QUEEN,0.3418,0.013,0.6452
SPADES TEN CLUBS QUEEN,0.2262,0.0434,0.7304
CLUBS SIX CLUBS KING,0.3388,0.0078,0.6534
CLUBS SIX CLUBS ACE,0.3502,0.0046,0.6452
HEARTS FIVE HEARTS KING,0.3474,0.0086,0.644
HEARTS FIVE HEARTS QUEEN,0.3494,0.0128,0.6378
CLUBS TEN CLUBS SIX,0.2032,0.362,0.4348
HEARTS FIVE HEARTS ACE,0.331,0.0058,0.6632
CLUBS JACK CLUBS SIX,0.344,0.0164,0.6396
SPADES SEVEN HEARTS JACK,0.3514,0.0128,0.6358
DIAMONDS TWO CLUBS TWO,0.3696,0.0756,0.5548
HEARTS SIX DIAMONDS TWO,0.6034,0.0294,0.3672
DIAMONDS TWO HEARTS QUEEN,0.385,0.013,0.602
DIAMONDS TWO HEARTS SEVEN,0.6158,0.0294,0.3548
DIAMONDS TWO HEARTS KING,0.3966,0.0086,0.5948
DIAMONDS TWO HEARTS EIGHT,0.6072,0.0278,0.365
DIAMONDS TWO HEARTS ACE,0.3682,0.0046,0.6272
DIAMONDS TWO HEARTS NINE,0.6236,0.0338,0.3426
DIAMONDS TWO DIAMONDS QUEEN,0.3634,0.0132,0.6234
DIAMONDS TWO HEARTS TWO,0.3942,0.0744,0.5314
DIAMONDS TWO DIAMONDS KING,0.3614,0.009,0.6296
HEARTS THREE DIAMONDS TWO,0.673,0.0784,0.2486
DIAMONDS TWO DIAMONDS ACE,0.339,0.0044,0.6566
HEARTS FOUR DIAMONDS TWO,0.5898,0.0292,0.381
DIAMONDS TWO HEARTS FIVE,0.592,0.0314,0.3766
SPADES SEVEN HEARTS ACE,0.3492,0.0048,0.646
DIAMONDS TWO DIAMONDS TEN,0.2458,0.494,0.2602
SPADES SEVEN HEARTS KING,0.3548,0.0082,0.637
DIAMONDS TWO DIAMONDS JACK,0.3664,0.019,0.6146
SPADES SEVEN HEARTS QUEEN,0.3568,0.0126,0.6306
DIAMONDS TWO SPADES NINE,0.6174,0.03,0.3526
DIAMONDS TWO SPADES EIGHT,0.6092,0.029,0.3618
DIAMONDS TWO SPADES SEVEN,0.607,0.0268,0.3662
DIAMONDS TWO SPADES SIX,0.6084,0.0278,0.3638
DIAMONDS TWO SPADES FIVE,0.596,0.0276,0.3764
DIAMONDS TWO SPADES FOUR,0.5922,0.0292,0.3786
DIAMONDS TWO SPADES THREE,0.6638,0.0776,0.2586
DIAMONDS TWO SPADES TWO,0.388,0.075,0.537
DIAMONDS TWO CLUBS NINE,0.624,0.0238,0.3522
CLUBS EIGHT DIAMONDS TWO,0.6126,0.03,0.3574
DIAMONDS TWO CLUBS SEVEN,0.6184,0.033,0.3486
DIAMONDS TWO CLUBS SIX,0.6062,0.033,0.3608
DIAMONDS TWO CLUBS FIVE,0.5984,0.031,0.3706
DIAMONDS TWO CLUBS FOUR,0.5896,0.0324,0.378
CLUBS FOUR SPADES FIVE,0.5484,0.029,0.4226
CLUBS FOUR SPADES FOUR,0.2866,0.0628,0.6506
CLUBS FOUR SPADES THREE,0.6436,0.0746,0.2818
CLUBS FOUR SPADES TWO,0.6032,0.0268,0.37
SPADES NINE CLUBS FOUR,0.5844,0.0286,0.387
SPADES EIGHT CLUBS FOUR,0.5646,0.0322,0.4032
CLUBS FOUR SPADES SEVEN,0.5534,0.031,0.4156
CLUBS FOUR SPADES SIX,0.5558,0.029,0.4152
SPADES ACE DIAMONDS SIX,0.3704,0.0044,0.6252
SPADES QUEEN DIAMONDS SIX,0.3606,0.0106,0.6288
SPADES KING DIAMONDS SIX,0.3566,0.0074,0.636
SPADES TEN DIAMONDS SIX,0.2326,0.3654,0.402
SPADES JACK DIAMONDS SIX,0.3658,0.0184,0.6158
SPADES QUEEN SPADES TWO,0.3642,0.0122,0.6236
SPADES KING SPADES TWO,0.375,0.0076,0.6174
SPADES ACE SPADES TWO,0.362,0.005,0.633
CLUBS JACK DIAMONDS JACK,0.1402,0.0242,0.8356
CLUBS TEN DIAMONDS JACK,0.219,0.0548,0.7262
DIAMONDS JACK CLUBS KING,0.3162,0.006,0.6778
DIAMONDS JACK CLUBS QUEEN,0.2956,0.012,0.6924
DIAMONDS THREE DIAMONDS JACK,0.2234,0.0566,0.72
DIAMONDS THREE DIAMONDS TEN,0.0236,0.9074,0.069
DIAMONDS JACK CLUBS ACE,0.3174,0.0042,0.6784
DIAMONDS THREE DIAMONDS KING,0.2282,0.03,0.7418
HEARTS THREE DIAMONDS THREE,0.293,0.0484,0.6586
DIAMONDS THREE DIAMONDS QUEEN,0.2248,0.043,0.7322
DIAMONDS THREE HEARTS TWO,0.6714,0.0774,0.2512
HEARTS FIVE DIAMONDS THREE,0.6456,0.0828,0.2716
DIAMONDS THREE DIAMONDS ACE,0.2096,0.0176,0.7728
HEARTS FOUR DIAMONDS THREE,0.6522,0.0776,0.2702
DIAMONDS THREE HEARTS SEVEN,0.6718,0.0764,0.2518
SPADES TEN SPADES NINE,0.2062,0.162,0.6318
HEARTS SIX DIAMONDS THREE,0.669,0.0736,0.2574
SPADES JACK SPADES NINE,0.317,0.0132,0.6698
DIAMONDS THREE HEARTS NINE,0.684,0.0802,0.2358
HEARTS JACK DIAMONDS FOUR,0.3616,0.0156,0.6228
HEARTS ACE HEARTS KING,0.2958,0.004,0.7002
SPADES TEN SPADES TWO,0.2582,0.4738,0.268
DIAMONDS THREE HEARTS EIGHT,0.689,0.0788,0.2322
SPADES JACK SPADES TWO,0.3534,0.0198,0.6268
HEARTS QUEEN DIAMONDS FOUR,0.3672,0.0104,0.6224
HEARTS KING DIAMONDS FOUR,0.3594,0.007,0.6336
SPADES ACE SPADES NINE,0.3464,0.0046,0.649
HEARTS ACE DIAMONDS FOUR,0.3412,0.0052,0.6536
SPADES KING SPADES NINE,0.3302,0.007,0.6628
SPADES QUEEN SPADES NINE,0.3132,0.0102,0.6766
DIAMONDS THREE SPADES NINE,0.679,0.078,0.243
DIAMONDS THREE SPADES EIGHT,0.6816,0.0728,0.2456
DIAMONDS THREE SPADES SEVEN,0.663,0.077,0.26
DIAMONDS THREE SPADES SIX,0.6596,0.0752,0.2652
DIAMONDS THREE CLUBS SIX,0.6712,0.0722,0.2566
CLUBS SIX CLUBS FIVE,0.518,0.0284,0.4536
CLUBS ACE DIAMONDS FOUR,0.3494,0.0046,0.646
DIAMONDS THREE CLUBS SEVEN,0.6638,0.0828,0.2534
CLUBS SEVEN CLUBS FIVE,0.5128,0.0282,0.459
DIAMONDS THREE CLUBS FOUR,0.662,0.0722,0.2658
DIAMONDS FOUR CLUBS QUEEN,0.3674,0.01,0.6226
DIAMONDS THREE CLUBS FIVE,0.6472,0.0748,0.278
DIAMONDS FOUR CLUBS KING,0.3746,0.0082,0.6172
DIAMONDS THREE CLUBS TWO,0.6616,0.08,0.2584
CLUBS TEN DIAMONDS FOUR,0.199,0.5322,0.2688
CLUBS JACK DIAMONDS FOUR,0.3628,0.0166,0.6206
DIAMONDS THREE SPADES FOUR,0.6488,0.073,0.2782
DIAMONDS THREE SPADES FIVE,0.6518,0.0744,0.2738
DIAMONDS THREE SPADES TWO,0.6448,0.079,0.2762
DIAMONDS THREE SPADES THREE,0.2874,0.0536,0.659
CLUBS EIGHT DIAMONDS THREE,0.675,0.076,0.249
CLUBS NINE DIAMONDS THREE,0.6894,0.0828,0.2278
SPADES SEVEN CLUBS ACE,0.3538,0.0046,0.6416
SPADES SEVEN CLUBS QUEEN,0.3558,0.011,0.6332
SPADES SEVEN CLUBS KING,0.3584,0.0072,0.6344
SPADES SEVEN CLUBS FIVE,0.554,0.0308,0.4152
CLUBS TEN SPADES SEVEN,0.212,0.2932,0.4948
CLUBS FIVE SPADES SIX,0.5528,0.0338,0.4134
CLUBS JACK SPADES SEVEN,0.3598,0.016,0.6242
SPADES NINE CLUBS FIVE,0.572,0.0262,0.4018
SPADES EIGHT CLUBS FIVE,0.5408,0.0276,0.4316
CLUBS FIVE SPADES THREE,0.6462,0.0786,0.2752
CLUBS FIVE SPADES TWO,0.5942,0.0344,0.3714
CLUBS FIVE SPADES FIVE,0.279,0.0634,0.6576
CLUBS FIVE SPADES FOUR,0.55,0.0302,0.4198
CLUBS NINE CLUBS FIVE,0.5388,0.0238,0.4374
CLUBS EIGHT CLUBS FIVE,0.5276,0.0274,0.445
CLUBS ACE CLUBS QUEEN,0.306,0.006,0.688
CLUBS KING CLUBS QUEEN,0.2884,0.0064,0.7052
DIAMONDS TEN DIAMONDS FOUR,0.1988,0.4922,0.309
CLUBS TEN DIAMONDS NINE,0.2152,0.1742,0.6106
DIAMONDS JACK DIAMONDS FOUR,0.3374,0.0172,0.6454
CLUBS JACK DIAMONDS NINE,0.3224,0.013,0.6646
CLUBS JACK SPADES NINE,0.3304,0.0196,0.65
CLUBS TEN SPADES NINE,0.2208,0.1704,0.6088
DIAMONDS ACE DIAMONDS FOUR,0.3264,0.004,0.6696
HEARTS FOUR DIAMONDS FOUR,0.291,0.0704,0.6386
SPADES NINE CLUBS KING,0.3594,0.0056,0.635
DIAMONDS TWO SPADES TEN,0.264,0.5094,0.2266
DIAMONDS NINE CLUBS ACE,0.3518,0.004,0.6442
HEARTS FIVE DIAMONDS FOUR,0.563,0.028,0.409
DIAMONDS JACK HEARTS JACK,0.1492,0.0246,0.8262
SPADES NINE CLUBS QUEEN,0.3448,0.0098,0.6454
DIAMONDS TWO SPADES JACK,0.3858,0.0208,0.5934
DIAMONDS QUEEN DIAMONDS FOUR,0.3376,0.0122,0.6502
HEARTS TWO DIAMONDS FOUR,0.5976,0.032,0.3704
DIAMONDS NINE CLUBS QUEEN,0.3336,0.0096,0.6568
DIAMONDS KING DIAMONDS FOUR,0.3408,0.0068,0.6524
HEARTS THREE DIAMONDS FOUR,0.6462,0.0744,0.2794
SPADES NINE CLUBS ACE,0.353,0.0054,0.6416
DIAMONDS NINE CLUBS KING,0.3398,0.0056,0.6546
HEARTS ACE DIAMONDS JACK,0.3114,0.0048,0.6838
SPADES ACE DIAMONDS TWO,0.3782,0.0062,0.6156
HEARTS QUEEN DIAMONDS JACK,0.2932,0.0098,0.697
SPADES QUEEN DIAMONDS TWO,0.3844,0.013,0.6026
DIAMONDS JACK HEARTS KING,0.3004,0.0084,0.6912
SPADES KING DIAMONDS TWO,0.3976,0.0076,0.5948
SPADES JACK SPADES SEVEN,0.3358,0.0172,0.647
SPADES TEN SPADES SEVEN,0.214,0.2678,0.5182
SPADES TWO DIAMONDS FOUR,0.6002,0.0328,0.367
SPADES THREE DIAMONDS FOUR,0.6346,0.082,0.2834
SPADES FOUR DIAMONDS FOUR,0.2926,0.0702,0.6372
SPADES FIVE DIAMONDS FOUR,0.5422,0.03,0.4278
SPADES SIX DIAMONDS FOUR,0.5538,0.0276,0.4186
SPADES SEVEN DIAMONDS FOUR,0.5586,0.0326,0.4088
SPADES EIGHT DIAMONDS FOUR,0.5738,0.0272,0.399
SPADES NINE DIAMONDS FOUR,0.5918,0.0282,0.38
CLUBS FIVE DIAMONDS FOUR,0.5426,0.0314,0.426
CLUBS FOUR DIAMONDS FOUR,0.2948,0.0668,0.6384
CLUBS SEVEN DIAMONDS FOUR,0.5476,0.0334,0.419
CLUBS SIX DIAMONDS FOUR,0.557,0.0308,0.4122
CLUBS NINE DIAMONDS FOUR,0.5906,0.0288,0.3806
CLUBS EIGHT DIAMONDS FOUR,0.5676,0.0302,0.4022
DIAMONDS FOUR HEARTS SEVEN,0.5684,0.0308,0.4008
HEARTS SIX DIAMONDS FOUR,0.5574,0.033,0.4096
HEARTS NINE DIAMONDS FOUR,0.586,0.0262,0.3878
DIAMONDS FOUR HEARTS EIGHT,0.5758,0.0322,0.392
CLUBS TWO DIAMONDS FOUR,0.597,0.0308,0.3722
DIAMONDS TEN DIAMONDS FIVE,0.2074,0.4354,0.3572
DIAMONDS JACK DIAMONDS FIVE,0.3324,0.0162,0.6514
DIAMONDS NINE HEARTS QUEEN,0.3318,0.0092,0.659
DIAMONDS NINE HEARTS KING,0.3556,0.008,0.6364
HEARTS ACE DIAMONDS NINE,0.3624,0.0042,0.6334
DIAMONDS NINE HEARTS JACK,0.3336,0.0152,0.6512
CLUBS KING DIAMONDS SIX,0.3584,0.0094,0.6322
CLUBS QUEEN DIAMONDS SIX,0.3444,0.0118,0.6438
CLUBS ACE DIAMONDS SIX,0.3432,0.0054,0.6514
SPADES KING DIAMONDS FOUR,0.3702,0.0098,0.62
SPADES ACE SPADES SEVEN,0.353,0.0044,0.6426
SPADES QUEEN DIAMONDS FOUR,0.3678,0.011,0.6212
SPADES QUEEN SPADES SEVEN,0.3334,0.0092,0.6574
CLUBS JACK DIAMONDS SIX,0.3482,0.0204,0.6314
SPADES KING SPADES SEVEN,0.322,0.0064,0.6716
SPADES ACE DIAMONDS FOUR,0.3574,0.0056,0.637
CLUBS TEN DIAMONDS SIX,0.2176,0.3754,0.407
CLUBS NINE CLUBS FOUR,0.5512,0.03,0.4188
CLUBS EIGHT CLUBS FOUR,0.5546,0.0236,0.4218
SPADES JACK DIAMONDS FOUR,0.3578,0.0196,0.6226
SPADES TEN DIAMONDS FOUR,0.2276,0.513,0.2594
CLUBS FOUR CLUBS FIVE,0.5198,0.0274,0.4528
CLUBS SEVEN CLUBS FOUR,0.5262,0.0322,0.4416
CLUBS SIX CLUBS FOUR,0.5174,0.0316,0.451
CLUBS SEVEN SPADES EIGHT,0.5302,0.0272,0.4426
SPADES NINE CLUBS SEVEN,0.5304,0.0266,0.443
CLUBS SEVEN SPADES SIX,0.5296,0.0276,0.4428
CLUBS SEVEN SPADES SEVEN,0.2836,0.0562,0.6602
CLUBS SEVEN SPADES FIVE,0.544,0.026,0.43
CLUBS SEVEN SPADES FOUR,0.557,0.0288,0.4142
CLUBS SEVEN SPADES THREE,0.6768,0.0838,0.2394
CLUBS SEVEN SPADES TWO,0.6188,0.0324,0.3488
CLUBS NINE CLUBS SEVEN,0.5262,0.0248,0.449
CLUBS EIGHT CLUBS SEVEN,0.5016,0.0258,0.4726
HEARTS SIX DIAMONDS FIVE,0.549,0.0278,0.4232
DIAMONDS FIVE HEARTS SEVEN,0.5584,0.0288,0.4128
DIAMONDS FIVE HEARTS EIGHT,0.5606,0.027,0.4124
HEARTS NINE DIAMONDS FIVE,0.5572,0.0304,0.4124
DIAMONDS QUEEN DIAMONDS FIVE,0.3364,0.0136,0.65
HEARTS TWO DIAMONDS FIVE,0.5874,0.0334,0.3792
HEARTS KING HEARTS EIGHT,0.3466,0.0082,0.6452
DIAMONDS KING DIAMONDS FIVE,0.348,0.0064,0.6456
HEARTS THREE DIAMONDS FIVE,0.6426,0.0788,0.2786
HEARTS QUEEN HEARTS EIGHT,0.321,0.0114,0.6676
DIAMONDS ACE DIAMONDS FIVE,0.3188,0.0038,0.6774
HEARTS FOUR DIAMONDS FIVE,0.5626,0.0272,0.4102
HEARTS FIVE DIAMONDS FIVE,0.2954,0.063,0.6416
HEARTS ACE HEARTS EIGHT,0.3402,0.0056,0.6542
CLUBS FOUR DIAMONDS FIVE,0.543,0.0316,0.4254
CLUBS FIVE DIAMONDS FIVE,0.2976,0.067,0.6354
CLUBS SIX DIAMONDS FIVE,0.536,0.028,0.436
CLUBS SEVEN DIAMONDS FIVE,0.5458,0.0296,0.4246
CLUBS TWO DIAMONDS FIVE,0.5942,0.0362,0.3696
SPADES THREE DIAMONDS FIVE,0.6538,0.0756,0.2706
SPADES TWO DIAMONDS FIVE,0.5996,0.0334,0.367
SPADES JACK DIAMONDS EIGHT,0.3278,0.0152,0.657
SPADES FIVE DIAMONDS FIVE,0.3002,0.0698,0.63
CLUBS TEN HEARTS JACK,0.2106,0.0596,0.7298
SPADES TEN DIAMONDS EIGHT,0.22,0.2124,0.5676
SPADES FOUR DIAMONDS FIVE,0.5496,0.0318,0.4186
CLUBS JACK HEARTS JACK,0.1284,0.0232,0.8484
HEARTS JACK CLUBS QUEEN,0.2924,0.0132,0.6944
CLUBS NINE DIAMONDS FIVE,0.5646,0.025,0.4104
CLUBS EIGHT DIAMONDS FIVE,0.5538,0.0268,0.4194
HEARTS JACK CLUBS KING,0.3012,0.0086,0.6902
CLUBS ACE HEARTS JACK,0.303,0.0058,0.6912
SPADES SEVEN DIAMONDS FIVE,0.5502,0.0286,0.4212
SPADES KING DIAMONDS EIGHT,0.3578,0.006,0.6362
SPADES QUEEN DIAMONDS EIGHT,0.3506,0.0088,0.6406
SPADES SIX DIAMONDS FIVE,0.55,0.0294,0.4206
SPADES NINE DIAMONDS FIVE,0.5776,0.0264,0.396
SPADES EIGHT DIAMONDS FIVE,0.5494,0.0276,0.423
SPADES ACE DIAMONDS EIGHT,0.3512,0.0042,0.6446
DIAMONDS TEN DIAMONDS SIX,0.2016,0.3568,0.4416
HEARTS ACE DIAMONDS SEVEN,0.3518,0.0042,0.644
DIAMONDS JACK DIAMONDS SIX,0.3428,0.017,0.6402
HEARTS QUEEN DIAMONDS SEVEN,0.3554,0.0132,0.6314
HEARTS KING DIAMONDS SEVEN,0.3624,0.0064,0.6312
DIAMONDS ACE DIAMONDS SIX,0.3356,0.0054,0.659
HEARTS FOUR DIAMONDS SIX,0.5628,0.0258,0.4114
SPADES TWO HEARTS JACK,0.3946,0.016,0.5894
HEARTS FIVE DIAMONDS SIX,0.5606,0.032,0.4074
DIAMONDS QUEEN DIAMONDS SIX,0.343,0.0106,0.6464
HEARTS TWO DIAMONDS SIX,0.61,0.0304,0.3596
DIAMONDS KING DIAMONDS SIX,0.335,0.006,0.659
HEARTS THREE DIAMONDS SIX,0.68,0.0632,0.2568
HEARTS EIGHT DIAMONDS SIX,0.5526,0.0246,0.4228
HEARTS NINE DIAMONDS SIX,0.5552,0.0268,0.418
HEARTS SIX DIAMONDS SIX,0.2996,0.0622,0.6382
HEARTS SEVEN DIAMONDS SIX,0.5464,0.0282,0.4254
CLUBS TWO DIAMONDS SIX,0.6136,0.0268,0.3596
HEARTS JACK DIAMONDS SEVEN,0.3482,0.019,0.6328
CLUBS SEVEN DIAMONDS SIX,0.54,0.0256,0.4344
CLUBS JACK DIAMONDS EIGHT,0.3364,0.0168,0.6468
CLUBS SIX DIAMONDS SIX,0.2974,0.0588,0.6438
CLUBS TEN DIAMONDS EIGHT,0.2164,0.2234,0.5602
CLUBS FIVE DIAMONDS SIX,0.5452,0.0294,0.4254
CLUBS FOUR DIAMONDS SIX,0.5542,0.0268,0.419
HEARTS ACE HEARTS JACK,0.2948,0.007,0.6982
DIAMONDS EIGHT CLUBS ACE,0.3512,0.0042,0.6446
HEARTS QUEEN HEARTS JACK,0.2694,0.0112,0.7194
DIAMONDS EIGHT CLUBS KING,0.349,0.0064,0.6446
CLUBS NINE DIAMONDS SIX,0.5542,0.0246,0.4212
HEARTS KING HEARTS JACK,0.2976,0.0068,0.6956
CLUBS EIGHT DIAMONDS SIX,0.5528,0.0268,0.4204
DIAMONDS EIGHT CLUBS QUEEN,0.3514,0.012,0.6366
SPADES TEN HEARTS KING,0.2156,0.0346,0.7498
SPADES FIVE DIAMONDS SIX,0.54,0.031,0.429
HEARTS ACE SPADES TWO,0.3886,0.0054,0.606
SPADES JACK HEARTS KING,0.31,0.0072,0.6828
SPADES FOUR DIAMONDS SIX,0.5596,0.0326,0.4078
SPADES THREE DIAMONDS SIX,0.6644,0.0736,0.262
HEARTS QUEEN SPADES TWO,0.3854,0.0146,0.6
SPADES ACE SPADES KING,0.3044,0.0052,0.6904
HEARTS KING SPADES TWO,0.3788,0.0094,0.6118
SPADES TWO DIAMONDS SIX,0.6034,0.0264,0.3702
SPADES NINE DIAMONDS SIX,0.5522,0.0242,0.4236
HEARTS JACK HEARTS EIGHT,0.3156,0.0162,0.6682
SPADES EIGHT DIAMONDS SIX,0.5464,0.0272,0.4264
SPADES SEVEN DIAMONDS SIX,0.541,0.0278,0.4312
SPADES SIX DIAMONDS SIX,0.2938,0.0592,0.647
SPADES KING HEARTS KING,0.1324,0.0114,0.8562
SPADES QUEEN HEARTS KING,0.2984,0.0066,0.695
CLUBS ACE CLUBS KING,0.3118,0.005,0.6832
SPADES ACE HEARTS KING,0.3268,0.006,0.6672
SPADES ACE HEARTS JACK,0.3058,0.004,0.6902
SPADES QUEEN HEARTS JACK,0.3052,0.0112,0.6836
SPADES KING HEARTS JACK,0.3044,0.0048,0.6908
SPADES TEN DIAMONDS TEN,0.0872,0.0572,0.8556
SPADES JACK DIAMONDS TEN,0.2204,0.0622,0.7174
SPADES ACE DIAMONDS TEN,0.23,0.025,0.745
SPADES JACK HEARTS JACK,0.1466,0.02,0.8334
SPADES TEN HEARTS JACK,0.2178,0.0538,0.7284
SPADES QUEEN DIAMONDS TEN,0.2212,0.042,0.7368
SPADES KING DIAMONDS TEN,0.218,0.0326,0.7494
SPADES NINE DIAMONDS SEVEN,0.5442,0.0328,0.423
SPADES EIGHT DIAMONDS SEVEN,0.527,0.027,0.446
SPADES SEVEN DIAMONDS SEVEN,0.2884,0.0552,0.6564
SPADES SIX DIAMONDS SEVEN,0.554,0.0258,0.4202
DIAMONDS KING DIAMONDS SEVEN,0.345,0.0068,0.6482
HEARTS THREE DIAMONDS SEVEN,0.674,0.0748,0.2512
HEARTS KING DIAMONDS FIVE,0.3644,0.01,0.6256
DIAMONDS QUEEN DIAMONDS SEVEN,0.3338,0.0102,0.656
HEARTS TWO DIAMONDS SEVEN,0.6168,0.025,0.3582
HEARTS QUEEN DIAMONDS FIVE,0.3586,0.013,0.6284
HEARTS FIVE DIAMONDS SEVEN,0.5578,0.0256,0.4166
DIAMONDS ACE DIAMONDS SEVEN,0.3344,0.0056,0.66
HEARTS FOUR DIAMONDS SEVEN,0.5736,0.0304,0.396
HEARTS ACE DIAMONDS FIVE,0.3422,0.0056,0.6522
HEARTS SEVEN DIAMONDS SEVEN,0.2946,0.0502,0.6552
HEARTS SIX DIAMONDS SEVEN,0.5494,0.0234,0.4272
HEARTS NINE DIAMONDS SEVEN,0.5568,0.0244,0.4188
DIAMONDS SEVEN HEARTS EIGHT,0.5374,0.0258,0.4368
DIAMONDS JACK DIAMONDS SEVEN,0.3346,0.0136,0.6518
DIAMONDS FIVE HEARTS JACK,0.3526,0.0184,0.629
DIAMONDS TEN DIAMONDS SEVEN,0.2192,0.2676,0.5132
CLUBS EIGHT DIAMONDS SEVEN,0.5192,0.0282,0.4526
SPADES KING CLUBS TWO,0.3964,0.0098,0.5938
HEARTS KING CLUBS KING,0.1178,0.0118,0.8704
SPADES QUEEN CLUBS TWO,0.4006,0.0134,0.586
HEARTS KING CLUBS QUEEN,0.311,0.008,0.681
CLUBS NINE DIAMONDS SEVEN,0.5376,0.0278,0.4346
CLUBS JACK SPADES TWO,0.3854,0.0202,0.5944
CLUBS SIX CLUBS SEVEN,0.501,0.0326,0.4664
SPADES ACE CLUBS TWO,0.3732,0.006,0.6208
CLUBS TEN SPADES TWO,0.2532,0.532,0.2148
HEARTS KING CLUBS ACE,0.3166,0.0044,0.679
SPADES TWO CLUBS KING,0.3774,0.0066,0.616
SPADES TWO DIAMONDS SEVEN,0.6148,0.0312,0.354
CLUBS EIGHT CLUBS SIX,0.5228,0.0276,0.4496
SPADES THREE DIAMONDS SEVEN,0.681,0.0788,0.2402
SPADES TWO CLUBS QUEEN,0.387,0.017,0.596
CLUBS NINE CLUBS SIX,0.5362,0.0284,0.4354
SPADES FOUR DIAMONDS SEVEN,0.564,0.0308,0.4052
CLUBS JACK HEARTS KING,0.2944,0.0088,0.6968
SPADES FIVE DIAMONDS SEVEN,0.555,0.0316,0.4134
SPADES TWO CLUBS ACE,0.375,0.006,0.619
CLUBS TEN HEARTS KING,0.2104,0.0378,0.7518
CLUBS SIX SPADES TWO,0.6016,0.032,0.3664
CLUBS SIX SPADES THREE,0.6668,0.077,0.2562
CLUBS TWO DIAMONDS SEVEN,0.6276,0.0298,0.3426
CLUBS SIX SPADES FOUR,0.5532,0.0328,0.414
CLUBS SIX SPADES FIVE,0.5472,0.0276,0.4252
CLUBS FOUR DIAMONDS SEVEN,0.571,0.0318,0.3972
CLUBS SIX SPADES SIX,0.2982,0.0636,0.6382
CLUBS FIVE DIAMONDS SEVEN,0.5488,0.031,0.4202
CLUBS SIX SPADES SEVEN,0.546,0.0222,0.4318
CLUBS SIX DIAMONDS SEVEN,0.5382,0.0266,0.4352
CLUBS SIX SPADES EIGHT,0.549,0.0266,0.4244
SPADES JACK CLUBS TWO,0.3872,0.0234,0.5894
CLUBS SEVEN DIAMONDS SEVEN,0.2736,0.0518,0.6746
CLUBS SIX SPADES NINE,0.5592,0.027,0.4138
SPADES TEN CLUBS TWO,0.2542,0.5298,0.216
CLUBS TWO CLUBS QUEEN,0.3654,0.0118,0.6228
CLUBS TWO CLUBS KING,0.3664,0.0078,0.6258
CLUBS TWO CLUBS ACE,0.3602,0.0062,0.6336
CLUBS TWO DIAMONDS EIGHT,0.6114,0.0318,0.3568
DIAMONDS EIGHT HEARTS SEVEN,0.5322,0.027,0.4408
HEARTS SIX DIAMONDS EIGHT,0.5514,0.0266,0.422
DIAMONDS EIGHT HEARTS NINE,0.5292,0.0254,0.4454
CLUBS TEN CLUBS TWO,0.2444,0.4932,0.2624
DIAMONDS EIGHT HEARTS EIGHT,0.275,0.0492,0.6758
CLUBS JACK CLUBS TWO,0.3718,0.0172,0.611
CLUBS NINE DIAMONDS EIGHT,0.5216,0.0262,0.4522
CLUBS EIGHT DIAMONDS EIGHT,0.2712,0.0476,0.6812
CLUBS FIVE DIAMONDS EIGHT,0.5514,0.0284,0.4202
SPADES ACE SPADES THREE,0.225,0.0208,0.7542
CLUBS FOUR DIAMONDS EIGHT,0.5712,0.025,0.4038
CLUBS SEVEN DIAMONDS EIGHT,0.5148,0.0258,0.4594
SPADES QUEEN SPADES THREE,0.2218,0.0434,0.7348
CLUBS SIX DIAMONDS EIGHT,0.5306,0.0294,0.44
SPADES KING SPADES THREE,0.2272,0.034,0.7388
DIAMONDS QUEEN DIAMONDS EIGHT,0.3188,0.0134,0.6678
HEARTS TWO DIAMONDS EIGHT,0.6094,0.0274,0.3632
DIAMONDS KING DIAMONDS EIGHT,0.3416,0.0064,0.652
HEARTS THREE DIAMONDS EIGHT,0.6892,0.0804,0.2304
DIAMONDS ACE DIAMONDS EIGHT,0.3424,0.0032,0.6544
HEARTS FOUR DIAMONDS EIGHT,0.5742,0.0318,0.394
HEARTS FIVE DIAMONDS EIGHT,0.562,0.0288,0.4092
DIAMONDS EIGHT DIAMONDS TEN,0.2136,0.2092,0.5772
DIAMONDS EIGHT DIAMONDS JACK,0.3228,0.018,0.6592
SPADES JACK SPADES THREE,0.2254,0.057,0.7176
SPADES TEN SPADES THREE,0.0206,0.9086,0.0708
CLUBS FOUR HEARTS ACE,0.3484,0.0058,0.6458
CLUBS FOUR HEARTS QUEEN,0.3526,0.0094,0.638
CLUBS FOUR HEARTS KING,0.3472,0.008,0.6448
CLUBS SIX HEARTS JACK,0.3492,0.023,0.6278
DIAMONDS EIGHT SPADES FOUR,0.5656,0.0308,0.4036
SPADES FIVE DIAMONDS EIGHT,0.5576,0.0262,0.4162
DIAMONDS EIGHT SPADES TWO,0.6124,0.028,0.3596
DIAMONDS EIGHT SPADES THREE,0.6848,0.0712,0.244
CLUBS FOUR HEARTS JACK,0.3336,0.0232,0.6432
SPADES EIGHT DIAMONDS EIGHT,0.2716,0.0488,0.6796
SPADES TEN DIAMONDS QUEEN,0.2296,0.048,0.7224
SPADES TEN HEARTS TWO,0.269,0.5242,0.2068
SPADES JACK HEARTS EIGHT,0.3416,0.0166,0.6418
SPADES NINE DIAMONDS EIGHT,0.521,0.027,0.452
SPADES TEN HEARTS EIGHT,0.2238,0.2216,0.5546
SPADES JACK HEARTS TWO,0.3978,0.0178,0.5844
SPADES JACK DIAMONDS QUEEN,0.3162,0.0098,0.674
SPADES SIX DIAMONDS EIGHT,0.5404,0.0266,0.433
SPADES SEVEN DIAMONDS EIGHT,0.5198,0.0252,0.455
SPADES ACE HEARTS TWO,0.384,0.005,0.611
SPADES ACE DIAMONDS QUEEN,0.3176,0.0034,0.679
SPADES ACE HEARTS EIGHT,0.355,0.004,0.641
SPADES KING HEARTS EIGHT,0.3662,0.0074,0.6264
SPADES QUEEN HEARTS TWO,0.4058,0.011,0.5832
SPADES QUEEN DIAMONDS QUEEN,0.1334,0.019,0.8476
SPADES KING DIAMONDS QUEEN,0.3204,0.0054,0.6742
SPADES KING HEARTS TWO,0.3958,0.0076,0.5966
SPADES QUEEN HEARTS EIGHT,0.3456,0.0124,0.642
CLUBS TWO HEARTS JACK,0.3912,0.021,0.5878
SPADES SEVEN DIAMONDS NINE,0.543,0.0276,0.4294
SPADES SIX DIAMONDS NINE,0.5574,0.0244,0.4182
SPADES NINE DIAMONDS NINE,0.2586,0.0404,0.701
SPADES EIGHT DIAMONDS NINE,0.5334,0.0272,0.4394
SPADES TEN CLUBS KING,0.2236,0.0382,0.7382
DIAMONDS NINE SPADES THREE,0.6886,0.0784,0.233
SPADES JACK CLUBS KING,0.3144,0.0088,0.6768
DIAMONDS NINE SPADES TWO,0.6088,0.0302,0.361
DIAMONDS NINE SPADES FIVE,0.576,0.0274,0.3966
DIAMONDS NINE SPADES FOUR,0.6014,0.0248,0.3738
CLUBS NINE DIAMONDS NINE,0.2708,0.039,0.6902
CLUBS EIGHT DIAMONDS NINE,0.5342,0.0216,0.4442
CLUBS SIX DIAMONDS NINE,0.5472,0.0292,0.4236
SPADES JACK CLUBS FOUR,0.3392,0.0168,0.644
CLUBS SEVEN DIAMONDS NINE,0.5422,0.0288,0.429
SPADES TEN CLUBS FOUR,0.2044,0.5234,0.2722
CLUBS FOUR DIAMONDS NINE,0.5828,0.034,0.3832
CLUBS FIVE DIAMONDS NINE,0.5714,0.028,0.4006
DIAMONDS NINE CLUBS TWO,0.616,0.0264,0.3576
DIAMONDS NINE HEARTS EIGHT,0.5218,0.0232,0.455
DIAMONDS NINE HEARTS NINE,0.2706,0.0418,0.6876
HEARTS SIX DIAMONDS NINE,0.5724,0.0298,0.3978
DIAMONDS NINE HEARTS SEVEN,0.5486,0.0284,0.423
CLUBS EIGHT CLUBS NINE,0.4802,0.0278,0.492
DIAMONDS ACE DIAMONDS NINE,0.3218,0.0028,0.6754
HEARTS FOUR DIAMONDS NINE,0.5978,0.0306,0.3716
HEARTS FIVE DIAMONDS NINE,0.583,0.0266,0.3904
HEARTS ACE CLUBS TWO,0.3824,0.005,0.6126
SPADES ACE CLUBS FOUR,0.3374,0.0058,0.6568
DIAMONDS QUEEN DIAMONDS NINE,0.3242,0.0098,0.666
HEARTS TWO DIAMONDS NINE,0.6204,0.0306,0.349
CLUBS TWO HEARTS KING,0.3818,0.0126,0.6056
SPADES KING CLUBS FOUR,0.3616,0.009,0.6294
DIAMONDS KING DIAMONDS NINE,0.3354,0.007,0.6576
HEARTS THREE DIAMONDS NINE,0.6984,0.0768,0.2248
CLUBS TWO HEARTS QUEEN,0.385,0.0142,0.6008
SPADES QUEEN CLUBS FOUR,0.365,0.0142,0.6208
DIAMONDS NINE DIAMONDS JACK,0.323,0.0146,0.6624
CLUBS EIGHT SPADES NINE,0.5138,0.025,0.4612
DIAMONDS NINE DIAMONDS TEN,0.2056,0.168,0.6264
CLUBS EIGHT SPADES EIGHT,0.2784,0.046,0.6756
CLUBS EIGHT SPADES SEVEN,0.5186,0.0272,0.4542
CLUBS EIGHT SPADES SIX,0.5338,0.0258,0.4404
CLUBS EIGHT SPADES FIVE,0.5634,0.0294,0.4072
CLUBS EIGHT SPADES FOUR,0.5754,0.0236,0.401
CLUBS EIGHT SPADES THREE,0.693,0.0726,0.2344
CLUBS EIGHT SPADES TWO,0.624,0.0278,0.3482
HEARTS SIX DIAMONDS TEN,0.212,0.3784,0.4096
DIAMONDS TEN HEARTS SEVEN,0.231,0.2934,0.4756
DIAMONDS TEN HEARTS EIGHT,0.224,0.2364,0.5396
CLUBS JACK CLUBS FOUR,0.3356,0.0214,0.643
DIAMONDS TEN HEARTS NINE,0.2308,0.1732,0.596
CLUBS TEN CLUBS FOUR,0.2222,0.4902,0.2876
CLUBS FOUR CLUBS KING,0.3408,0.0088,0.6504
CLUBS FOUR CLUBS QUEEN,0.3388,0.014,0.6472
CLUBS TWO DIAMONDS TEN,0.2668,0.526,0.2072
CLUBS FOUR CLUBS ACE,0.3302,0.005,0.6648
DIAMONDS JACK DIAMONDS TEN,0.197,0.0546,0.7484
DIAMONDS QUEEN DIAMONDS TEN,0.2138,0.0398,0.7464
HEARTS TWO DIAMONDS TEN,0.2626,0.5282,0.2092
DIAMONDS KING DIAMONDS TEN,0.212,0.0374,0.7506
HEARTS THREE DIAMONDS TEN,0.0168,0.9714,0.0118
DIAMONDS ACE DIAMONDS TEN,0.2102,0.0264,0.7634
HEARTS FOUR DIAMONDS TEN,0.2234,0.5198,0.2568
CLUBS EIGHT HEARTS JACK,0.334,0.0154,0.6506
HEARTS FIVE DIAMONDS TEN,0.209,0.4704,0.3206
CLUBS EIGHT HEARTS QUEEN,0.3352,0.012,0.6528
CLUBS EIGHT HEARTS KING,0.3586,0.008,0.6334
CLUBS EIGHT HEARTS ACE,0.341,0.0058,0.6532
CLUBS NINE SPADES THREE,0.6836,0.078,0.2384
CLUBS NINE SPADES TWO,0.6114,0.0298,0.3588
CLUBS NINE SPADES FIVE,0.5682,0.0324,0.3994
CLUBS NINE SPADES FOUR,0.5882,0.025,0.3868
CLUBS NINE SPADES SEVEN,0.5464,0.0282,0.4254
CLUBS NINE SPADES SIX,0.5502,0.0274,0.4224
CLUBS NINE SPADES NINE,0.2712,0.0372,0.6916
CLUBS TEN HEARTS EIGHT,0.2158,0.2302,0.554
CLUBS NINE SPADES EIGHT,0.5264,0.0276,0.446
CLUBS JACK HEARTS EIGHT,0.3342,0.02,0.6458
CLUBS QUEEN HEARTS EIGHT,0.3408,0.0122,0.647
CLUBS KING HEARTS EIGHT,0.3722,0.0076,0.6202
CLUBS ACE HEARTS EIGHT,0.3532,0.0036,0.6432
SPADES KING CLUBS KING,0.1344,0.0106,0.855
SPADES QUEEN CLUBS KING,0.3128,0.0064,0.6808
SPADES ACE CLUBS KING,0.3254,0.0038,0.6708
DIAMONDS ACE HEARTS JACK,0.3114,0.0062,0.6824
HEARTS FOUR HEARTS JACK,0.3362,0.0194,0.6444
SPADES KING CLUBS FIVE,0.3566,0.0094,0.634
SPADES QUEEN CLUBS FIVE,0.3636,0.012,0.6244
SPADES ACE CLUBS FIVE,0.3418,0.0036,0.6546
DIAMONDS JACK HEARTS SEVEN,0.3598,0.0182,0.622
HEARTS SIX DIAMONDS JACK,0.3666,0.02,0.6134
DIAMONDS JACK HEARTS NINE,0.3234,0.0132,0.6634
DIAMONDS JACK HEARTS EIGHT,0.3488,0.0186,0.6326
DIAMONDS KING DIAMONDS JACK,0.2916,0.0068,0.7016
HEARTS THREE DIAMONDS JACK,0.2376,0.0624,0.7
SPADES ACE SPADES SIX,0.3302,0.0042,0.6656
HEARTS ACE SPADES FOUR,0.344,0.0038,0.6522
DIAMONDS QUEEN DIAMONDS JACK,0.276,0.0096,0.7144
HEARTS TWO DIAMONDS JACK,0.4012,0.0198,0.579
HEARTS FIVE DIAMONDS JACK,0.3444,0.0176,0.638
SPADES QUEEN SPADES SIX,0.33,0.0108,0.6592
SPADES FOUR HEARTS QUEEN,0.3538,0.0122,0.634
DIAMONDS ACE DIAMONDS JACK,0.2928,0.0064,0.7008
HEARTS FOUR DIAMONDS JACK,0.355,0.0174,0.6276
SPADES KING SPADES SIX,0.3334,0.0052,0.6614
SPADES FOUR HEARTS KING,0.3644,0.0082,0.6274
SPADES TEN SPADES SIX,0.2182,0.3388,0.443
SPADES JACK SPADES SIX,0.3474,0.0146,0.638
SPADES FOUR DIAMONDS JACK,0.3594,0.0188,0.6218
SPADES FIVE DIAMONDS JACK,0.3526,0.02,0.6274
DIAMONDS JACK SPADES TWO,0.376,0.0206,0.6034
DIAMONDS JACK SPADES THREE,0.2326,0.0604,0.707
SPADES ACE DIAMONDS THREE,0.2416,0.021,0.7374
CLUBS EIGHT DIAMONDS JACK,0.3352,0.0126,0.6522
SPADES QUEEN DIAMONDS THREE,0.2456,0.0428,0.7116
SPADES KING DIAMONDS THREE,0.2488,0.0316,0.7196
CLUBS NINE DIAMONDS JACK,0.3198,0.017,0.6632
CLUBS SIX DIAMONDS JACK,0.3666,0.0166,0.6168
CLUBS SEVEN DIAMONDS JACK,0.3536,0.0192,0.6272
CLUBS FOUR DIAMONDS JACK,0.3554,0.0186,0.626
CLUBS FIVE DIAMONDS JACK,0.3654,0.0168,0.6178
CLUBS TWO DIAMONDS JACK,0.4008,0.0182,0.581
SPADES TEN CLUBS FIVE,0.2114,0.474,0.3146
HEARTS SIX SPADES JACK,0.3626,0.018,0.6194
HEARTS SIX SPADES TEN,0.2264,0.3718,0.4018
SPADES JACK CLUBS FIVE,0.3546,0.0198,0.6256
SPADES JACK DIAMONDS THREE,0.246,0.0548,0.6992
CLUBS SEVEN CLUBS ACE,0.3464,0.0038,0.6498
DIAMONDS THREE SPADES TEN,0.0196,0.9588,0.0216
CLUBS SEVEN CLUBS QUEEN,0.3574,0.0138,0.6288
CLUBS SEVEN CLUBS KING,0.3322,0.0068,0.661
SPADES NINE DIAMONDS JACK,0.3242,0.0126,0.6632
CLUBS TEN CLUBS SEVEN,0.2122,0.2774,0.5104
DIAMONDS ACE HEARTS ACE,0.118,0.005,0.877
HEARTS FOUR HEARTS ACE,0.3364,0.0068,0.6568
SPADES EIGHT DIAMONDS JACK,0.3488,0.014,0.6372
SPADES ACE HEARTS SIX,0.3558,0.0044,0.6398
CLUBS JACK CLUBS SEVEN,0.3276,0.018,0.6544
DIAMONDS ACE HEARTS KING,0.3252,0.0058,0.669
HEARTS FOUR HEARTS KING,0.3368,0.0108,0.6524
SPADES SEVEN DIAMONDS JACK,0.3506,0.0182,0.6312
SPADES KING HEARTS SIX,0.3662,0.0072,0.6266
DIAMONDS ACE HEARTS QUEEN,0.3016,0.0066,0.6918
HEARTS FOUR HEARTS QUEEN,0.3482,0.0132,0.6386
SPADES QUEEN HEARTS SIX,0.3602,0.0114,0.6284
SPADES SIX DIAMONDS JACK,0.3618,0.0164,0.6218
DIAMONDS TEN SPADES TWO,0.2534,0.5186,0.228
SPADES THREE DIAMONDS TEN,0.021,0.9552,0.0238
SPADES FOUR DIAMONDS TEN,0.216,0.5132,0.2708
SPADES FIVE DIAMONDS TEN,0.2226,0.46,0.3174
SPADES SIX DIAMONDS TEN,0.233,0.3686,0.3984
SPADES SEVEN DIAMONDS TEN,0.231,0.3046,0.4644
SPADES EIGHT DIAMONDS TEN,0.2282,0.2244,0.5474
SPADES NINE DIAMONDS TEN,0.2272,0.1696,0.6032
CLUBS FOUR DIAMONDS TEN,0.214,0.5166,0.2694
CLUBS FIVE DIAMONDS TEN,0.2114,0.454,0.3346
CLUBS SIX DIAMONDS TEN,0.2088,0.3854,0.4058
CLUBS SEVEN DIAMONDS TEN,0.2224,0.296,0.4816
CLUBS EIGHT DIAMONDS TEN,0.212,0.2196,0.5684
CLUBS NINE DIAMONDS TEN,0.2214,0.1726,0.606
CLUBS JACK DIAMONDS THREE,0.2286,0.0608,0.7106
CLUBS TEN DIAMONDS THREE,0.0096,0.9724,0.018
DIAMONDS THREE CLUBS KING,0.2392,0.0332,0.7276
DIAMONDS THREE CLUBS QUEEN,0.2258,0.045,0.7292
DIAMONDS THREE CLUBS ACE,0.2474,0.019,0.7336
SPADES FOUR HEARTS JACK,0.3402,0.019,0.6408
SPADES FIVE SPADES TWO,0.5598,0.0324,0.4078
SPADES FOUR SPADES TWO,0.55,0.0322,0.4178
SPADES THREE SPADES TWO,0.6274,0.0754,0.2972
SPADES NINE SPADES TWO,0.5688,0.0296,0.4016
SPADES EIGHT SPADES TWO,0.5724,0.0296,0.398
SPADES SEVEN SPADES TWO,0.5858,0.0278,0.3864
SPADES SIX SPADES TWO,0.5708,0.0238,0.4054
DIAMONDS QUEEN CLUBS TWO,0.3992,0.0116,0.5892
HEARTS TWO CLUBS TWO,0.3964,0.0726,0.531
DIAMONDS QUEEN HEARTS SEVEN,0.361,0.0112,0.6278
HEARTS TWO HEARTS SEVEN,0.587,0.0288,0.3842
HEARTS SIX DIAMONDS QUEEN,0.3606,0.0132,0.6262
HEARTS SIX HEARTS TWO,0.5894,0.0286,0.382
DIAMONDS QUEEN HEARTS NINE,0.3462,0.0114,0.6424
HEARTS TWO HEARTS NINE,0.5938,0.0296,0.3766
DIAMONDS QUEEN HEARTS EIGHT,0.3478,0.0126,0.6396
HEARTS TWO HEARTS EIGHT,0.5864,0.0306,0.383
CLUBS NINE HEARTS TWO,0.6194,0.0284,0.3522
CLUBS NINE DIAMONDS QUEEN,0.3298,0.014,0.6562
CLUBS EIGHT DIAMONDS QUEEN,0.3512,0.0096,0.6392
CLUBS EIGHT HEARTS TWO,0.6046,0.0318,0.3636
DIAMONDS QUEEN CLUBS FIVE,0.3634,0.0122,0.6244
HEARTS TWO CLUBS FIVE,0.604,0.0312,0.3648
SPADES EIGHT HEARTS ACE,0.3506,0.0042,0.6452
DIAMONDS QUEEN CLUBS FOUR,0.3564,0.0126,0.631
CLUBS FOUR HEARTS TWO,0.6026,0.0288,0.3686
CLUBS SEVEN DIAMONDS QUEEN,0.3532,0.0112,0.6356
CLUBS SEVEN HEARTS TWO,0.6296,0.0286,0.3418
SPADES EIGHT HEARTS QUEEN,0.35,0.0106,0.6394
CLUBS SIX DIAMONDS QUEEN,0.364,0.0102,0.6258
CLUBS SIX HEARTS TWO,0.6182,0.0312,0.3506
SPADES EIGHT HEARTS KING,0.353,0.0096,0.6374
HEARTS TWO SPADES SIX,0.5998,0.0334,0.3668
DIAMONDS QUEEN SPADES SIX,0.3644,0.011,0.6246
HEARTS FOUR CLUBS QUEEN,0.3652,0.0154,0.6194
DIAMONDS ACE CLUBS QUEEN,0.322,0.0038,0.6742
DIAMONDS QUEEN SPADES SEVEN,0.3736,0.0084,0.618
HEARTS TWO SPADES SEVEN,0.6216,0.0326,0.3458
HEARTS FOUR CLUBS KING,0.3606,0.0092,0.6302
DIAMONDS ACE CLUBS KING,0.3148,0.0042,0.681
DIAMONDS QUEEN SPADES EIGHT,0.3358,0.0128,0.6514
SPADES EIGHT HEARTS TWO,0.6306,0.0288,0.3406
HEARTS FOUR CLUBS ACE,0.3592,0.0048,0.636
DIAMONDS ACE CLUBS ACE,0.1204,0.0058,0.8738
SPADES NINE DIAMONDS QUEEN,0.3354,0.011,0.6536
SPADES NINE HEARTS TWO,0.612,0.0298,0.3582
HEARTS TWO SPADES TWO,0.3992,0.0728,0.528
DIAMONDS QUEEN SPADES TWO,0.3854,0.0134,0.6012
HEARTS TWO SPADES THREE,0.6684,0.0802,0.2514
DIAMONDS QUEEN SPADES THREE,0.2412,0.0442,0.7146
HEARTS TWO SPADES FOUR,0.6142,0.0332,0.3526
DIAMONDS QUEEN SPADES FOUR,0.3582,0.0146,0.6272
CLUBS TEN HEARTS FOUR,0.2128,0.538,0.2492
CLUBS TEN DIAMONDS ACE,0.2194,0.0264,0.7542
HEARTS TWO SPADES FIVE,0.5996,0.0304,0.37
DIAMONDS QUEEN SPADES FIVE,0.3662,0.0128,0.621
HEARTS FOUR CLUBS JACK,0.3584,0.0188,0.6228
CLUBS JACK DIAMONDS ACE,0.3054,0.0062,0.6884
CLUBS FIVE CLUBS KING,0.3418,0.0082,0.65
CLUBS FIVE CLUBS QUEEN,0.345,0.0146,0.6404
CLUBS FIVE CLUBS ACE,0.3316,0.0052,0.6632
CLUBS JACK CLUBS FIVE,0.3376,0.0218,0.6406
CLUBS TEN CLUBS FIVE,0.2058,0.4354,0.3588
SPADES KING CLUBS JACK,0.3068,0.0074,0.6858
CLUBS JACK SPADES QUEEN,0.2988,0.0094,0.6918
SPADES ACE CLUBS JACK,0.3056,0.0036,0.6908
SPADES SIX CLUBS KING,0.3558,0.0092,0.635
SPADES SIX CLUBS QUEEN,0.3484,0.0112,0.6404
SPADES EIGHT HEARTS JACK,0.3274,0.0144,0.6582
SPADES SIX CLUBS ACE,0.3526,0.0038,0.6436
CLUBS JACK SPADES SIX,0.3566,0.0216,0.6218
CLUBS TEN SPADES SIX,0.2192,0.3826,0.3982
CLUBS JACK SPADES TEN,0.2116,0.0572,0.7312
CLUBS JACK SPADES JACK,0.135,0.026,0.839
SPADES QUEEN CLUBS SEVEN,0.3574,0.0118,0.6308
SPADES KING CLUBS SEVEN,0.35,0.0094,0.6406
SPADES ACE CLUBS SEVEN,0.3604,0.004,0.6356
SPADES SIX HEARTS JACK,0.3604,0.0138,0.6258
SPADES SIX HEARTS ACE,0.3628,0.0046,0.6326
SPADES SIX HEARTS KING,0.3568,0.0082,0.635
SPADES SIX HEARTS QUEEN,0.3496,0.012,0.6384
SPADES JACK CLUBS SEVEN,0.3624,0.0136,0.624
SPADES TEN CLUBS SEVEN,0.221,0.302,0.477
CLUBS TEN HEARTS SIX,0.2196,0.3736,0.4068
CLUBS JACK HEARTS SIX,0.372,0.0138,0.6142
CLUBS JACK CLUBS ACE,0.3092,0.004,0.6868
HEARTS SIX CLUBS QUEEN,0.3586,0.0126,0.6288
HEARTS SIX CLUBS KING,0.3576,0.0092,0.6332
HEARTS SIX CLUBS ACE,0.367,0.004,0.629
CLUBS JACK CLUBS QUEEN,0.2816,0.0116,0.7068
CLUBS JACK CLUBS KING,0.3028,0.006,0.6912
DIAMONDS THREE HEARTS ACE,0.2408,0.0216,0.7376
DIAMONDS THREE HEARTS QUEEN,0.231,0.0422,0.7268
DIAMONDS THREE HEARTS KING,0.2354,0.0356,0.729
CLUBS FIVE HEARTS JACK,0.3516,0.019,0.6294
SPADES TEN DIAMONDS ACE,0.23,0.0266,0.7434
HEARTS FOUR SPADES TEN,0.2204,0.5296,0.25
HEARTS FOUR SPADES JACK,0.3664,0.018,0.6156
SPADES JACK DIAMONDS ACE,0.3194,0.0022,0.6784
SPADES ACE HEARTS FOUR,0.3564,0.0038,0.6398
SPADES ACE DIAMONDS ACE,0.1268,0.0034,0.8698
CLUBS FIVE HEARTS ACE,0.3424,0.0054,0.6522
CLUBS FIVE HEARTS KING,0.3476,0.0064,0.646
HEARTS FOUR SPADES QUEEN,0.358,0.0104,0.6316
SPADES QUEEN DIAMONDS ACE,0.3216,0.0032,0.6752
CLUBS JACK SPADES FOUR,0.3534,0.0208,0.6258
CLUBS FIVE HEARTS QUEEN,0.3584,0.0148,0.6268
SPADES KING DIAMONDS ACE,0.3268,0.004,0.6692
HEARTS FOUR SPADES KING,0.3562,0.0088,0.635
CLUBS TEN SPADES FOUR,0.2146,0.5236,0.2618
DIAMONDS QUEEN DIAMONDS ACE,0.301,0.007,0.692
HEARTS TWO DIAMONDS ACE,0.3846,0.0054,0.61
HEARTS FOUR DIAMONDS QUEEN,0.3654,0.0136,0.621
HEARTS FOUR HEARTS TWO,0.5724,0.0304,0.3972
SPADES FOUR CLUBS KING,0.3494,0.0086,0.642
HEARTS FIVE DIAMONDS QUEEN,0.3732,0.0128,0.614
HEARTS FIVE HEARTS TWO,0.5742,0.0256,0.4002
DIAMONDS THREE HEARTS JACK,0.2202,0.0574,0.7224
SPADES FOUR CLUBS QUEEN,0.3464,0.0124,0.6412
DIAMONDS QUEEN HEARTS TWO,0.3918,0.0122,0.596
DIAMONDS KING DIAMONDS QUEEN,0.3016,0.009,0.6894
DIAMONDS KING HEARTS TWO,0.4108,0.008,0.5812
HEARTS THREE DIAMONDS QUEEN,0.2272,0.0434,0.7294
HEARTS THREE HEARTS TWO,0.6456,0.0712,0.2832
SPADES FOUR CLUBS ACE,0.361,0.0056,0.6334
HEARTS TWO CLUBS ACE,0.367,0.0046,0.6284
DIAMONDS QUEEN CLUBS ACE,0.3306,0.0038,0.6656
HEARTS TWO CLUBS QUEEN,0.3944,0.0148,0.5908
DIAMONDS QUEEN CLUBS QUEEN,0.132,0.0126,0.8554
HEARTS TWO CLUBS KING,0.396,0.0076,0.5964
DIAMONDS QUEEN CLUBS KING,0.313,0.0066,0.6804
SPADES EIGHT SPADES FIVE,0.5184,0.0266,0.455
CLUBS TEN HEARTS TWO,0.2528,0.5346,0.2126
CLUBS TEN DIAMONDS QUEEN,0.2212,0.0482,0.7306
SPADES NINE SPADES FIVE,0.5414,0.026,0.4326
CLUBS JACK HEARTS TWO,0.3854,0.0186,0.596
CLUBS JACK DIAMONDS QUEEN,0.2954,0.0086,0.696
SPADES SIX SPADES FIVE,0.5092,0.0278,0.463
SPADES SEVEN SPADES FIVE,0.5122,0.0286,0.4592
DIAMONDS FIVE CLUBS QUEEN,0.352,0.0128,0.6352
SPADES EIGHT CLUBS ACE,0.3464,0.0052,0.6484
DIAMONDS FIVE CLUBS KING,0.3604,0.004,0.6356
SPADES EIGHT CLUBS KING,0.3486,0.0102,0.6412
DIAMONDS FIVE CLUBS ACE,0.3558,0.005,0.6392
SPADES EIGHT CLUBS QUEEN,0.3498,0.0126,0.6376
CLUBS JACK SPADES EIGHT,0.3238,0.0184,0.6578
CLUBS TEN SPADES EIGHT,0.2112,0.226,0.5628
CLUBS TEN DIAMONDS FIVE,0.2218,0.465,0.3132
CLUBS JACK DIAMONDS FIVE,0.3452,0.0208,0.634
DIAMONDS TEN HEARTS JACK,0.223,0.0558,0.7212
SPADES ACE CLUBS NINE,0.3592,0.005,0.6358
