opposingHand,winningChance,drawChance,lostChance
CLUBS NINE DIAMONDS JACK
HEARTS FIVE SPADES TEN,0.6544,0.0156,0.33
HEARTS FIVE SPADES JACK,0.616,0.156,0.228
CLUBS JACK SPADES FIVE,0.5994,0.1674,0.2332
CLUBS TEN SPADES FIVE,0.6504,0.0184,0.3312
CLUBS JACK CLUBS EIGHT,0.5604,0.171,0.2686
CLUBS TEN CLUBS EIGHT,0.59,0.0138,0.3962
CLUBS EIGHT CLUBS KING,0.4192,0.0092,0.5716
SPADES FIVE CLUBS ACE,0.4272,0.0042,0.5686
CLUBS EIGHT CLUBS QUEEN,0.3966,0.0108,0.5926
SPADES FIVE CLUBS KING,0.4296,0.007,0.5634
SPADES FIVE CLUBS QUEEN,0.4284,0.0116,0.56
CLUBS EIGHT CLUBS ACE,0.3912,0.0038,0.605
DIAMONDS TWO DIAMONDS THREE,0.6038,0.0168,0.3794
DIAMONDS TWO DIAMONDS FIVE,0.5964,0.0226,0.381
HEARTS FIVE SPADES KING,0.4314,0.0078,0.5608
DIAMONDS TWO DIAMONDS FOUR,0.6108,0.0152,0.374
HEARTS FIVE SPADES QUEEN,0.4312,0.0102,0.5586
DIAMONDS TWO DIAMONDS SEVEN,0.6568,0.017,0.3262
DIAMONDS TWO DIAMONDS SIX,0.6142,0.0154,0.3704
SPADES ACE HEARTS FIVE,0.4378,0.004,0.5582
DIAMONDS TWO DIAMONDS NINE,0.6804,0.0628,0.2568
DIAMONDS TWO DIAMONDS EIGHT,0.6478,0.0172,0.335
DIAMONDS THREE DIAMONDS FOUR,0.6024,0.0158,0.3818
CLUBS TWO SPADES FOUR,0.6446,0.0168,0.3386
DIAMONDS THREE DIAMONDS FIVE,0.5966,0.0134,0.39
SPADES FIVE CLUBS TWO,0.648,0.018,0.334
CLUBS TWO SPADES TWO,0.462,0.033,0.505
CLUBS TWO SPADES THREE,0.6518,0.0222,0.326
DIAMONDS THREE DIAMONDS EIGHT,0.6502,0.019,0.3308
SPADES EIGHT CLUBS TWO,0.6802,0.0176,0.3022
DIAMONDS THREE DIAMONDS NINE,0.6832,0.0646,0.2522
SPADES NINE CLUBS TWO,0.7242,0.06,0.2158
DIAMONDS THREE DIAMONDS SIX,0.629,0.0144,0.3566
SPADES SIX CLUBS TWO,0.6576,0.0138,0.3286
DIAMONDS THREE DIAMONDS SEVEN,0.6372,0.0168,0.346
SPADES SEVEN CLUBS TWO,0.6708,0.0168,0.3124
CLUBS SIX CLUBS TWO,0.6336,0.0162,0.3502
CLUBS SEVEN CLUBS TWO,0.6434,0.0154,0.3412
CLUBS FOUR CLUBS TWO,0.6134,0.0164,0.3702
CLUBS FIVE CLUBS TWO,0.6134,0.0156,0.371
CLUBS TEN CLUBS JACK,0.228,0.1166,0.6554
DIAMONDS FOUR DIAMONDS SIX,0.6144,0.0154,0.3702
CLUBS TEN CLUBS QUEEN,0.3384,0.0116,0.65
DIAMONDS FOUR DIAMONDS SEVEN,0.6184,0.018,0.3636
CLUBS TEN CLUBS KING,0.348,0.0096,0.6424
CLUBS TEN CLUBS ACE,0.3636,0.005,0.6314
CLUBS EIGHT CLUBS TWO,0.6484,0.0172,0.3344
DIAMONDS FIVE DIAMONDS FOUR,0.5876,0.0134,0.399
DIAMONDS NINE DIAMONDS FOUR,0.683,0.0648,0.2522
DIAMONDS EIGHT DIAMONDS FOUR,0.6336,0.0146,0.3518
CLUBS THREE CLUBS TWO,0.6094,0.0164,0.3742
DIAMONDS NINE DIAMONDS FIVE,0.6694,0.0522,0.2784
CLUBS JACK DIAMONDS TWO,0.6174,0.168,0.2146
DIAMONDS EIGHT DIAMONDS FIVE,0.6234,0.0142,0.3624
CLUBS TEN DIAMONDS TWO,0.657,0.018,0.325
DIAMONDS FIVE DIAMONDS SEVEN,0.5932,0.0182,0.3886
DIAMONDS FIVE DIAMONDS SIX,0.5902,0.0166,0.3932
DIAMONDS TWO CLUBS ACE,0.4372,0.0072,0.5556
DIAMONDS TWO CLUBS KING,0.4408,0.0104,0.5488
DIAMONDS TWO CLUBS QUEEN,0.4372,0.0112,0.5516
DIAMONDS EIGHT DIAMONDS SIX,0.6236,0.0128,0.3636
DIAMONDS NINE DIAMONDS SIX,0.6848,0.0574,0.2578
HEARTS ACE SPADES THREE,0.4308,0.0036,0.5656
SPADES THREE HEARTS KING,0.443,0.0064,0.5506
DIAMONDS SEVEN DIAMONDS SIX,0.6062,0.0154,0.3784
HEARTS QUEEN SPADES THREE,0.4404,0.0102,0.5494
SPADES THREE HEARTS JACK,0.5982,0.1704,0.2314
SPADES THREE HEARTS TEN,0.6704,0.0164,0.3132
DIAMONDS EIGHT DIAMONDS SEVEN,0.6002,0.0146,0.3852
DIAMONDS NINE DIAMONDS SEVEN,0.657,0.0622,0.2808
DIAMONDS NINE DIAMONDS EIGHT,0.663,0.0516,0.2854
DIAMONDS KING HEARTS TEN,0.3626,0.0062,0.6312
HEARTS THREE HEARTS TEN,0.6176,0.014,0.3684
SPADES JACK CLUBS SIX,0.6222,0.1586,0.2192
DIAMONDS KING HEARTS JACK,0.2578,0.03,0.7122
HEARTS THREE HEARTS JACK,0.5696,0.1676,0.2628
SPADES TEN CLUBS SIX,0.6512,0.0142,0.3346
SPADES JACK SPADES FIVE,0.566,0.165,0.269
SPADES TEN SPADES FIVE,0.6086,0.0168,0.3746
DIAMONDS KING HEARTS ACE,0.3492,0.0048,0.646
HEARTS THREE HEARTS ACE,0.4018,0.0046,0.5936
SPADES ACE CLUBS SIX,0.4244,0.0046,0.571
DIAMONDS KING HEARTS QUEEN,0.3436,0.0092,0.6472
HEARTS THREE HEARTS QUEEN,0.4082,0.0092,0.5826
SPADES KING CLUBS SIX,0.434,0.0056,0.5604
DIAMONDS KING HEARTS KING,0.1646,0.0072,0.8282
HEARTS THREE HEARTS KING,0.4088,0.0066,0.5846
SPADES QUEEN CLUBS SIX,0.4304,0.0124,0.5572
SPADES NINE HEARTS TEN,0.6914,0.05,0.2586
SPADES NINE HEARTS JACK,0.0228,0.9536,0.0236
SPADES QUEEN SPADES FIVE,0.4184,0.0076,0.574
SPADES KING SPADES FIVE,0.396,0.0074,0.5966
SPADES ACE SPADES FIVE,0.392,0.0046,0.6034
SPADES NINE HEARTS QUEEN,0.2492,0.0376,0.7132
SPADES NINE HEARTS KING,0.2692,0.031,0.6998
SPADES NINE HEARTS ACE,0.2834,0.0182,0.6984
CLUBS TEN SPADES JACK,0.2254,0.1196,0.655
CLUBS TEN SPADES TEN,0.2844,0.0234,0.6922
SPADES ACE CLUBS TEN,0.3774,0.005,0.6176
CLUBS TEN SPADES KING,0.349,0.0066,0.6444
CLUBS TEN SPADES QUEEN,0.3608,0.01,0.6292
SPADES FIVE HEARTS QUEEN,0.4274,0.0096,0.563
SPADES FIVE HEARTS KING,0.436,0.0062,0.5578
HEARTS ACE SPADES FIVE,0.4238,0.0044,0.5718
CLUBS EIGHT SPADES TEN,0.6272,0.017,0.3558
SPADES JACK HEARTS THREE,0.6096,0.1638,0.2266
SPADES JACK DIAMONDS KING,0.2458,0.0294,0.7248
SPADES TEN DIAMONDS KING,0.3684,0.0062,0.6254
SPADES TEN HEARTS THREE,0.6528,0.0168,0.3304
SPADES JACK CLUBS EIGHT,0.6114,0.1694,0.2192
CLUBS SIX HEARTS ACE,0.4356,0.002,0.5624
SPADES ACE CLUBS EIGHT,0.4194,0.0042,0.5764
HEARTS FIVE CLUBS JACK,0.6078,0.1664,0.2258
CLUBS TEN HEARTS FIVE,0.6396,0.0162,0.3442
CLUBS SIX HEARTS QUEEN,0.4446,0.009,0.5464
SPADES QUEEN CLUBS EIGHT,0.4282,0.0104,0.5614
CLUBS TEN SPADES THREE,0.6614,0.0164,0.3222
CLUBS SIX HEARTS KING,0.4392,0.0088,0.552
SPADES KING CLUBS EIGHT,0.4288,0.0076,0.5636
CLUBS JACK SPADES THREE,0.619,0.1612,0.2198
DIAMONDS TWO HEARTS JACK,0.6182,0.1656,0.2162
SPADES THREE CLUBS QUEEN,0.437,0.0104,0.5526
DIAMONDS TWO HEARTS TEN,0.6644,0.0188,0.3168
SPADES THREE CLUBS KING,0.4272,0.0082,0.5646
HEARTS FIVE CLUBS ACE,0.4156,0.0034,0.581
SPADES FIVE HEARTS TEN,0.6416,0.019,0.3394
SPADES THREE CLUBS ACE,0.4182,0.0048,0.577
HEARTS FIVE CLUBS KING,0.4286,0.0082,0.5632
SPADES FIVE HEARTS JACK,0.6178,0.154,0.2282
HEARTS FIVE CLUBS QUEEN,0.4338,0.0108,0.5554
HEARTS THREE CLUBS KING,0.4376,0.0074,0.555
DIAMONDS KING CLUBS KING,0.154,0.0092,0.8368
HEARTS THREE CLUBS QUEEN,0.4388,0.0136,0.5476
DIAMONDS KING CLUBS QUEEN,0.3366,0.007,0.6564
HEARTS FIVE HEARTS JACK,0.5658,0.1474,0.2868
HEARTS FIVE HEARTS TEN,0.6036,0.0138,0.3826
HEARTS THREE CLUBS ACE,0.4492,0.0054,0.5454
DIAMONDS KING CLUBS ACE,0.345,0.0048,0.6502
SPADES ACE CLUBS QUEEN,0.3482,0.004,0.6478
SPADES KING CLUBS QUEEN,0.3476,0.0066,0.6458
CLUBS JACK HEARTS THREE,0.6164,0.1652,0.2184
CLUBS JACK DIAMONDS KING,0.241,0.0292,0.7298
SPADES QUEEN CLUBS QUEEN,0.1528,0.013,0.8342
CLUBS TEN HEARTS THREE,0.6542,0.0166,0.3292
CLUBS TEN DIAMONDS KING,0.3588,0.0052,0.636
SPADES JACK CLUBS QUEEN,0.2334,0.0458,0.7208
CLUBS SIX CLUBS QUEEN,0.4196,0.0102,0.5702
SPADES TEN CLUBS QUEEN,0.3546,0.0108,0.6346
CLUBS SIX CLUBS KING,0.416,0.0056,0.5784
CLUBS SIX CLUBS ACE,0.4164,0.0024,0.5812
HEARTS FIVE HEARTS KING,0.4168,0.0056,0.5776
HEARTS FIVE HEARTS QUEEN,0.4072,0.0126,0.5802
CLUBS TEN CLUBS SIX,0.6192,0.015,0.3658
HEARTS FIVE HEARTS ACE,0.3782,0.0026,0.6192
CLUBS JACK CLUBS SIX,0.5848,0.1566,0.2586
SPADES SEVEN HEARTS JACK,0.617,0.163,0.22
SPADES SEVEN HEARTS TEN,0.6392,0.0124,0.3484
DIAMONDS TWO CLUBS TWO,0.4734,0.0306,0.496
DIAMONDS TWO CLUBS THREE,0.6498,0.0196,0.3306
DIAMONDS TWO HEARTS SIX,0.6594,0.0168,0.3238
DIAMONDS TWO HEARTS QUEEN,0.4404,0.014,0.5456
HEARTS SEVEN DIAMONDS TWO,0.6746,0.0162,0.3092
DIAMONDS TWO HEARTS KING,0.442,0.0048,0.5532
DIAMONDS TWO HEARTS EIGHT,0.6894,0.0166,0.294
DIAMONDS TWO HEARTS ACE,0.4418,0.003,0.5552
DIAMONDS TWO HEARTS NINE,0.7148,0.059,0.2262
DIAMONDS TWO DIAMONDS QUEEN,0.3998,0.0106,0.5896
DIAMONDS TWO HEARTS TWO,0.4702,0.0312,0.4986
DIAMONDS TWO DIAMONDS KING,0.4158,0.0084,0.5758
DIAMONDS TWO HEARTS THREE,0.647,0.0164,0.3366
DIAMONDS TWO DIAMONDS ACE,0.4172,0.006,0.5768
HEARTS FOUR DIAMONDS TWO,0.65,0.0166,0.3334
HEARTS FIVE DIAMONDS TWO,0.6508,0.0186,0.3306
SPADES SEVEN HEARTS ACE,0.4184,0.0026,0.579
DIAMONDS TWO DIAMONDS TEN,0.6382,0.0146,0.3472
SPADES SEVEN HEARTS KING,0.416,0.0066,0.5774
SPADES SEVEN HEARTS QUEEN,0.4222,0.0094,0.5684
DIAMONDS TWO SPADES NINE,0.7194,0.0624,0.2182
DIAMONDS TWO SPADES EIGHT,0.6746,0.0162,0.3092
DIAMONDS TWO SPADES SEVEN,0.6736,0.016,0.3104
DIAMONDS TWO SPADES SIX,0.6526,0.0156,0.3318
DIAMONDS TWO SPADES FIVE,0.6546,0.0174,0.328
DIAMONDS TWO SPADES FOUR,0.637,0.0186,0.3444
DIAMONDS TWO SPADES THREE,0.6446,0.0174,0.338
DIAMONDS TWO SPADES TWO,0.451,0.0356,0.5134
DIAMONDS TWO CLUBS EIGHT,0.692,0.0176,0.2904
CLUBS SEVEN DIAMONDS TWO,0.689,0.0146,0.2964
DIAMONDS TWO CLUBS SIX,0.6664,0.0174,0.3162
DIAMONDS TWO CLUBS FIVE,0.658,0.0178,0.3242
DIAMONDS TWO CLUBS FOUR,0.6482,0.0174,0.3344
CLUBS FOUR SPADES FIVE,0.611,0.0176,0.3714
CLUBS FOUR SPADES FOUR,0.4584,0.0328,0.5088
CLUBS FOUR SPADES THREE,0.6378,0.0146,0.3476
CLUBS FOUR SPADES TWO,0.6388,0.0192,0.342
SPADES NINE CLUBS FOUR,0.719,0.0642,0.2168
SPADES EIGHT CLUBS FOUR,0.6694,0.0166,0.314
SPADES SEVEN CLUBS FOUR,0.638,0.0172,0.3448
CLUBS FOUR SPADES SIX,0.6408,0.0166,0.3426
SPADES ACE DIAMONDS SIX,0.4402,0.0036,0.5562
SPADES QUEEN DIAMONDS SIX,0.4438,0.0098,0.5464
SPADES KING DIAMONDS SIX,0.4374,0.0068,0.5558
SPADES TEN DIAMONDS SIX,0.6512,0.0156,0.3332
SPADES JACK DIAMONDS SIX,0.6142,0.1646,0.2212
SPADES QUEEN SPADES TWO,0.4152,0.0078,0.577
SPADES KING SPADES TWO,0.414,0.0078,0.5782
SPADES ACE SPADES TWO,0.4028,0.0054,0.5918
DIAMONDS THREE DIAMONDS TEN,0.627,0.0184,0.3546
DIAMONDS THREE DIAMONDS KING,0.4092,0.0094,0.5814
DIAMONDS THREE HEARTS THREE,0.4666,0.0332,0.5002
DIAMONDS THREE DIAMONDS QUEEN,0.4184,0.01,0.5716
DIAMONDS THREE HEARTS TWO,0.6406,0.0182,0.3412
HEARTS FIVE DIAMONDS THREE,0.6278,0.015,0.3572
DIAMONDS THREE DIAMONDS ACE,0.4208,0.0038,0.5754
HEARTS FOUR DIAMONDS THREE,0.6298,0.0188,0.3514
HEARTS SEVEN DIAMONDS THREE,0.6628,0.0176,0.3196
SPADES TEN SPADES NINE,0.6484,0.0446,0.307
HEARTS SIX DIAMONDS THREE,0.6468,0.0154,0.3378
SPADES JACK SPADES NINE,0.0222,0.903,0.0748
DIAMONDS THREE HEARTS NINE,0.728,0.0586,0.2134
HEARTS JACK DIAMONDS FOUR,0.6034,0.168,0.2286
HEARTS ACE HEARTS KING,0.3408,0.003,0.6562
SPADES TEN SPADES TWO,0.6152,0.0138,0.371
DIAMONDS THREE HEARTS EIGHT,0.6918,0.016,0.2922
HEARTS TEN DIAMONDS FOUR,0.653,0.0176,0.3294
SPADES JACK SPADES TWO,0.5696,0.1706,0.2598
HEARTS QUEEN DIAMONDS FOUR,0.4488,0.0096,0.5416
HEARTS KING DIAMONDS FOUR,0.4286,0.0084,0.563
SPADES ACE SPADES NINE,0.2764,0.015,0.7086
HEARTS ACE DIAMONDS FOUR,0.425,0.0038,0.5712
SPADES KING SPADES NINE,0.2612,0.0274,0.7114
SPADES QUEEN SPADES NINE,0.2272,0.04,0.7328
DIAMONDS THREE SPADES NINE,0.7112,0.0632,0.2256
DIAMONDS THREE SPADES EIGHT,0.681,0.0182,0.3008
DIAMONDS THREE SPADES SEVEN,0.6784,0.0192,0.3024
DIAMONDS THREE SPADES SIX,0.6558,0.0168,0.3274
DIAMONDS THREE CLUBS SIX,0.6498,0.0196,0.3306
CLUBS FIVE CLUBS SIX,0.6008,0.0158,0.3834
CLUBS ACE DIAMONDS FOUR,0.4364,0.0056,0.558
CLUBS SEVEN DIAMONDS THREE,0.662,0.0188,0.3192
CLUBS SEVEN CLUBS FIVE,0.6082,0.017,0.3748
DIAMONDS THREE CLUBS FOUR,0.641,0.018,0.341
DIAMONDS FOUR CLUBS QUEEN,0.4346,0.0104,0.555
DIAMONDS THREE CLUBS FIVE,0.6306,0.018,0.3514
DIAMONDS FOUR CLUBS KING,0.4328,0.0096,0.5576
DIAMONDS THREE CLUBS TWO,0.6512,0.0214,0.3274
CLUBS TEN DIAMONDS FOUR,0.6544,0.0172,0.3284
DIAMONDS THREE CLUBS THREE,0.463,0.0342,0.5028
CLUBS JACK DIAMONDS FOUR,0.6244,0.1638,0.2118
DIAMONDS THREE SPADES FOUR,0.6438,0.0162,0.34
DIAMONDS THREE SPADES FIVE,0.636,0.0162,0.3478
DIAMONDS THREE SPADES TWO,0.6622,0.0186,0.3192
DIAMONDS THREE SPADES THREE,0.4686,0.0306,0.5008
CLUBS EIGHT DIAMONDS THREE,0.6928,0.019,0.2882
SPADES SEVEN CLUBS ACE,0.4228,0.0032,0.574
SPADES SEVEN CLUBS QUEEN,0.4186,0.0098,0.5716
SPADES SEVEN CLUBS KING,0.4216,0.0056,0.5728
CLUBS FIVE SPADES SEVEN,0.6366,0.0164,0.347
CLUBS TEN SPADES SEVEN,0.639,0.0156,0.3454
CLUBS FIVE SPADES SIX,0.6258,0.0176,0.3566
CLUBS JACK SPADES SEVEN,0.6072,0.1664,0.2264
CLUBS FIVE SPADES NINE,0.6998,0.062,0.2382
CLUBS FIVE SPADES EIGHT,0.653,0.0182,0.3288
CLUBS FIVE SPADES THREE,0.6358,0.0178,0.3464
CLUBS FIVE SPADES TWO,0.6462,0.0164,0.3374
CLUBS FIVE SPADES FIVE,0.4552,0.0326,0.5122
CLUBS FIVE SPADES FOUR,0.6132,0.0164,0.3704
CLUBS EIGHT CLUBS FIVE,0.6164,0.0152,0.3684
CLUBS ACE CLUBS QUEEN,0.3304,0.0074,0.6622
CLUBS KING CLUBS QUEEN,0.3282,0.0064,0.6654
DIAMONDS TEN DIAMONDS FOUR,0.6342,0.015,0.3508
CLUBS TEN DIAMONDS NINE,0.713,0.053,0.234
CLUBS JACK DIAMONDS NINE,0.0076,0.9848,0.0076
CLUBS JACK SPADES NINE,0.012,0.9714,0.0166
CLUBS TEN SPADES NINE,0.6992,0.0502,0.2506
DIAMONDS ACE DIAMONDS FOUR,0.3954,0.005,0.5996
HEARTS FOUR DIAMONDS FOUR,0.4734,0.0346,0.492
SPADES NINE CLUBS KING,0.2636,0.0304,0.706
DIAMONDS TWO SPADES TEN,0.6534,0.017,0.3296
DIAMONDS NINE CLUBS ACE,0.2744,0.0186,0.707
HEARTS FIVE DIAMONDS FOUR,0.625,0.0194,0.3556
SPADES NINE CLUBS QUEEN,0.2334,0.0396,0.727
DIAMONDS TWO SPADES JACK,0.6114,0.1704,0.2182
DIAMONDS QUEEN DIAMONDS FOUR,0.4398,0.0094,0.5508
HEARTS TWO DIAMONDS FOUR,0.6446,0.016,0.3394
DIAMONDS NINE CLUBS QUEEN,0.2358,0.0358,0.7284
DIAMONDS KING DIAMONDS FOUR,0.41,0.009,0.581
HEARTS THREE DIAMONDS FOUR,0.627,0.017,0.356
SPADES NINE CLUBS ACE,0.2754,0.0254,0.6992
DIAMONDS NINE CLUBS KING,0.2658,0.0336,0.7006
SPADES ACE DIAMONDS TWO,0.4304,0.006,0.5636
SPADES QUEEN DIAMONDS TWO,0.4426,0.009,0.5484
SPADES KING DIAMONDS TWO,0.4382,0.007,0.5548
SPADES JACK SPADES SEVEN,0.5588,0.1566,0.2846
SPADES TEN SPADES SEVEN,0.584,0.0156,0.4004
CLUBS SEVEN CLUBS THREE,0.6316,0.017,0.3514
CLUBS SIX CLUBS THREE,0.612,0.015,0.373
CLUBS FIVE CLUBS THREE,0.6038,0.014,0.3822
CLUBS THREE CLUBS FOUR,0.603,0.015,0.382
CLUBS EIGHT CLUBS THREE,0.6442,0.0172,0.3386
CLUBS THREE SPADES FIVE,0.6342,0.0142,0.3516
CLUBS THREE SPADES FOUR,0.6312,0.0168,0.352
CLUBS THREE SPADES THREE,0.4684,0.0294,0.5022
CLUBS THREE SPADES TWO,0.6464,0.0182,0.3354
CLUBS THREE SPADES SIX,0.6492,0.0188,0.332
CLUBS THREE SPADES SEVEN,0.662,0.0164,0.3216
SPADES EIGHT CLUBS THREE,0.6808,0.0148,0.3044
SPADES NINE CLUBS THREE,0.718,0.06,0.222
SPADES TWO DIAMONDS FOUR,0.6478,0.02,0.3322
SPADES THREE DIAMONDS FOUR,0.6274,0.0168,0.3558
SPADES FOUR DIAMONDS FOUR,0.4592,0.0272,0.5136
SPADES FIVE DIAMONDS FOUR,0.6188,0.0158,0.3654
SPADES SIX DIAMONDS FOUR,0.6466,0.0158,0.3376
SPADES SEVEN DIAMONDS FOUR,0.6378,0.018,0.3442
SPADES EIGHT DIAMONDS FOUR,0.6686,0.0168,0.3146
SPADES NINE DIAMONDS FOUR,0.7146,0.0614,0.224
CLUBS FIVE DIAMONDS FOUR,0.6256,0.0148,0.3596
CLUBS FOUR DIAMONDS FOUR,0.4602,0.0328,0.507
CLUBS SEVEN DIAMONDS FOUR,0.6516,0.0166,0.3318
CLUBS SIX DIAMONDS FOUR,0.6506,0.0202,0.3292
CLUBS EIGHT DIAMONDS FOUR,0.6706,0.0188,0.3106
HEARTS SEVEN DIAMONDS FOUR,0.6604,0.017,0.3226
HEARTS SIX DIAMONDS FOUR,0.6518,0.0152,0.333
DIAMONDS FOUR HEARTS NINE,0.723,0.066,0.211
DIAMONDS FOUR HEARTS EIGHT,0.6484,0.0152,0.3364
CLUBS THREE DIAMONDS FOUR,0.6334,0.0196,0.347
CLUBS TWO DIAMONDS FOUR,0.6504,0.0198,0.3298
DIAMONDS TEN DIAMONDS FIVE,0.6282,0.0152,0.3566
DIAMONDS NINE HEARTS QUEEN,0.261,0.0344,0.7046
DIAMONDS NINE HEARTS KING,0.2726,0.026,0.7014
HEARTS ACE DIAMONDS NINE,0.285,0.0208,0.6942
DIAMONDS NINE HEARTS TEN,0.7,0.0516,0.2484
DIAMONDS NINE HEARTS JACK,0.017,0.9734,0.0096
CLUBS KING DIAMONDS SIX,0.4384,0.0074,0.5542
CLUBS QUEEN DIAMONDS SIX,0.4338,0.0124,0.5538
CLUBS ACE DIAMONDS SIX,0.4344,0.0038,0.5618
SPADES KING DIAMONDS FOUR,0.4448,0.0064,0.5488
SPADES ACE SPADES SEVEN,0.3962,0.0032,0.6006
SPADES QUEEN DIAMONDS FOUR,0.4372,0.0112,0.5516
SPADES QUEEN SPADES SEVEN,0.4092,0.0084,0.5824
CLUBS JACK DIAMONDS SIX,0.618,0.1654,0.2166
SPADES KING SPADES SEVEN,0.3832,0.0054,0.6114
SPADES ACE DIAMONDS FOUR,0.4346,0.0044,0.561
CLUBS TEN DIAMONDS SIX,0.6384,0.016,0.3456
CLUBS EIGHT CLUBS FOUR,0.6364,0.0184,0.3452
SPADES JACK DIAMONDS FOUR,0.6128,0.1688,0.2184
SPADES TEN DIAMONDS FOUR,0.6702,0.0138,0.316
CLUBS FIVE CLUBS FOUR,0.5836,0.0136,0.4028
CLUBS SEVEN CLUBS FOUR,0.6168,0.0148,0.3684
CLUBS SIX CLUBS FOUR,0.6112,0.0186,0.3702
CLUBS SEVEN SPADES EIGHT,0.6178,0.0178,0.3644
CLUBS SEVEN SPADES NINE,0.7048,0.0548,0.2404
CLUBS SEVEN SPADES SIX,0.6298,0.0176,0.3526
CLUBS SEVEN SPADES SEVEN,0.4522,0.0272,0.5206
CLUBS SEVEN SPADES FIVE,0.6308,0.0156,0.3536
CLUBS SEVEN SPADES FOUR,0.6398,0.0164,0.3438
CLUBS SEVEN SPADES THREE,0.6604,0.0188,0.3208
CLUBS SEVEN SPADES TWO,0.6762,0.0174,0.3064
CLUBS SEVEN CLUBS EIGHT,0.6138,0.0162,0.37
HEARTS SIX DIAMONDS FIVE,0.6188,0.0178,0.3634
HEARTS SEVEN DIAMONDS FIVE,0.6394,0.0156,0.345
DIAMONDS FIVE HEARTS EIGHT,0.665,0.0152,0.3198
DIAMONDS FIVE HEARTS NINE,0.7082,0.0602,0.2316
DIAMONDS QUEEN DIAMONDS FIVE,0.3974,0.0108,0.5918
HEARTS TWO DIAMONDS FIVE,0.643,0.0174,0.3396
HEARTS KING HEARTS EIGHT,0.4016,0.0074,0.591
DIAMONDS KING DIAMONDS FIVE,0.4168,0.007,0.5762
HEARTS THREE DIAMONDS FIVE,0.627,0.0218,0.3512
HEARTS QUEEN HEARTS EIGHT,0.3934,0.0102,0.5964
DIAMONDS ACE DIAMONDS FIVE,0.4118,0.0046,0.5836
HEARTS FOUR DIAMONDS FIVE,0.6192,0.018,0.3628
HEARTS FIVE DIAMONDS FIVE,0.4742,0.0322,0.4936
HEARTS ACE HEARTS EIGHT,0.3856,0.0036,0.6108
CLUBS FOUR DIAMONDS FIVE,0.625,0.0186,0.3564
CLUBS FIVE DIAMONDS FIVE,0.4624,0.0328,0.5048
CLUBS SIX DIAMONDS FIVE,0.6322,0.0182,0.3496
CLUBS SEVEN DIAMONDS FIVE,0.6512,0.0128,0.336
CLUBS TWO DIAMONDS FIVE,0.6498,0.0166,0.3336
CLUBS THREE DIAMONDS FIVE,0.6308,0.0162,0.353
SPADES THREE DIAMONDS FIVE,0.6362,0.0136,0.3502
SPADES TWO DIAMONDS FIVE,0.6354,0.0168,0.3478
SPADES JACK DIAMONDS EIGHT,0.6082,0.1584,0.2334
SPADES FIVE DIAMONDS FIVE,0.4586,0.0288,0.5126
CLUBS TEN HEARTS JACK,0.225,0.1226,0.6524
SPADES TEN DIAMONDS EIGHT,0.6336,0.0158,0.3506
SPADES FOUR DIAMONDS FIVE,0.6262,0.0162,0.3576
CLUBS JACK HEARTS JACK,0.135,0.0306,0.8344
HEARTS JACK CLUBS QUEEN,0.2328,0.0426,0.7246
HEARTS JACK CLUBS KING,0.2618,0.0278,0.7104
CLUBS EIGHT DIAMONDS FIVE,0.658,0.0168,0.3252
CLUBS ACE HEARTS JACK,0.2476,0.0182,0.7342
SPADES SEVEN DIAMONDS FIVE,0.6274,0.018,0.3546
SPADES KING DIAMONDS EIGHT,0.432,0.0074,0.5606
SPADES QUEEN DIAMONDS EIGHT,0.4198,0.0122,0.568
SPADES SIX DIAMONDS FIVE,0.6158,0.0168,0.3674
SPADES NINE DIAMONDS FIVE,0.7116,0.053,0.2354
SPADES EIGHT DIAMONDS FIVE,0.6546,0.0136,0.3318
SPADES ACE DIAMONDS EIGHT,0.4022,0.0048,0.593
DIAMONDS TEN DIAMONDS SIX,0.6172,0.0154,0.3674
HEARTS ACE DIAMONDS SEVEN,0.4222,0.002,0.5758
HEARTS QUEEN DIAMONDS SEVEN,0.4386,0.0106,0.5508
HEARTS KING DIAMONDS SEVEN,0.4284,0.0066,0.565
DIAMONDS ACE DIAMONDS SIX,0.3956,0.0048,0.5996
HEARTS FOUR DIAMONDS SIX,0.6468,0.0176,0.3356
SPADES TWO HEARTS JACK,0.61,0.1674,0.2226
HEARTS FIVE DIAMONDS SIX,0.6202,0.0196,0.3602
SPADES TWO HEARTS TEN,0.6532,0.0172,0.3296
DIAMONDS QUEEN DIAMONDS SIX,0.425,0.01,0.565
HEARTS TWO DIAMONDS SIX,0.6552,0.018,0.3268
DIAMONDS KING DIAMONDS SIX,0.412,0.008,0.58
HEARTS THREE DIAMONDS SIX,0.637,0.0172,0.3458
HEARTS EIGHT DIAMONDS SIX,0.6604,0.0164,0.3232
HEARTS NINE DIAMONDS SIX,0.7056,0.06,0.2344
HEARTS SIX DIAMONDS SIX,0.469,0.0328,0.4982
HEARTS SEVEN DIAMONDS SIX,0.634,0.0176,0.3484
HEARTS TEN DIAMONDS SEVEN,0.631,0.0142,0.3548
CLUBS TWO DIAMONDS SIX,0.6664,0.0158,0.3178
HEARTS JACK DIAMONDS SEVEN,0.6036,0.1622,0.2342
CLUBS THREE DIAMONDS SIX,0.6534,0.0164,0.3302
CLUBS SEVEN DIAMONDS SIX,0.6348,0.0174,0.3478
CLUBS JACK DIAMONDS EIGHT,0.6066,0.1746,0.2188
CLUBS SIX DIAMONDS SIX,0.472,0.0312,0.4968
CLUBS TEN DIAMONDS EIGHT,0.6268,0.0168,0.3564
CLUBS FIVE DIAMONDS SIX,0.6252,0.0156,0.3592
CLUBS FOUR DIAMONDS SIX,0.6502,0.018,0.3318
HEARTS ACE HEARTS JACK,0.243,0.0166,0.7404
DIAMONDS EIGHT CLUBS ACE,0.4026,0.0046,0.5928
HEARTS QUEEN HEARTS JACK,0.2456,0.0358,0.7186
DIAMONDS EIGHT CLUBS KING,0.4074,0.009,0.5836
HEARTS KING HEARTS JACK,0.2438,0.0266,0.7296
DIAMONDS EIGHT CLUBS QUEEN,0.4126,0.012,0.5754
CLUBS EIGHT DIAMONDS SIX,0.6444,0.02,0.3356
SPADES TEN HEARTS KING,0.372,0.0064,0.6216
SPADES FIVE DIAMONDS SIX,0.6194,0.0164,0.3642
HEARTS ACE SPADES TWO,0.4296,0.0036,0.5668
SPADES JACK HEARTS KING,0.2536,0.025,0.7214
SPADES FOUR DIAMONDS SIX,0.6428,0.0174,0.3398
SPADES THREE DIAMONDS SIX,0.6404,0.0172,0.3424
HEARTS QUEEN SPADES TWO,0.438,0.0114,0.5506
SPADES ACE SPADES KING,0.3398,0.003,0.6572
HEARTS KING SPADES TWO,0.4382,0.0094,0.5524
SPADES TWO DIAMONDS SIX,0.6588,0.021,0.3202
HEARTS TEN HEARTS EIGHT,0.588,0.0138,0.3982
SPADES NINE DIAMONDS SIX,0.6936,0.058,0.2484
HEARTS JACK HEARTS EIGHT,0.5666,0.162,0.2714
SPADES EIGHT DIAMONDS SIX,0.634,0.018,0.348
SPADES SEVEN DIAMONDS SIX,0.6316,0.0174,0.351
SPADES SIX DIAMONDS SIX,0.465,0.0316,0.5034
SPADES KING HEARTS KING,0.1678,0.0068,0.8254
SPADES QUEEN HEARTS KING,0.3494,0.005,0.6456
CLUBS ACE CLUBS KING,0.3272,0.0046,0.6682
SPADES ACE HEARTS KING,0.3608,0.004,0.6352
SPADES ACE HEARTS JACK,0.2612,0.02,0.7188
SPADES QUEEN HEARTS JACK,0.2384,0.039,0.7226
SPADES KING HEARTS JACK,0.2664,0.025,0.7086
SPADES TEN DIAMONDS TEN,0.287,0.0222,0.6908
SPADES JACK DIAMONDS TEN,0.2262,0.1272,0.6466
SPADES ACE DIAMONDS TEN,0.3784,0.0048,0.6168
SPADES JACK HEARTS JACK,0.1356,0.0364,0.828
SPADES TEN HEARTS JACK,0.2388,0.1224,0.6388
SPADES QUEEN DIAMONDS TEN,0.3638,0.0088,0.6274
SPADES KING DIAMONDS TEN,0.3724,0.007,0.6206
SPADES NINE DIAMONDS SEVEN,0.6994,0.0564,0.2442
SPADES EIGHT DIAMONDS SEVEN,0.6462,0.0164,0.3374
SPADES SEVEN DIAMONDS SEVEN,0.4478,0.032,0.5202
SPADES SIX DIAMONDS SEVEN,0.621,0.0172,0.3618
DIAMONDS KING DIAMONDS SEVEN,0.4016,0.0072,0.5912
HEARTS THREE DIAMONDS SEVEN,0.6572,0.015,0.3278
HEARTS KING DIAMONDS FIVE,0.429,0.0074,0.5636
DIAMONDS QUEEN DIAMONDS SEVEN,0.4188,0.0102,0.571
HEARTS TWO DIAMONDS SEVEN,0.6826,0.0162,0.3012
HEARTS QUEEN DIAMONDS FIVE,0.443,0.0112,0.5458
HEARTS FIVE DIAMONDS SEVEN,0.6308,0.0204,0.3488
DIAMONDS ACE DIAMONDS SEVEN,0.402,0.0054,0.5926
HEARTS FOUR DIAMONDS SEVEN,0.6426,0.017,0.3404
HEARTS ACE DIAMONDS FIVE,0.4316,0.0032,0.5652
HEARTS SEVEN DIAMONDS SEVEN,0.455,0.0288,0.5162
HEARTS SIX DIAMONDS SEVEN,0.6438,0.014,0.3422
DIAMONDS SEVEN HEARTS NINE,0.6886,0.055,0.2564
HEARTS EIGHT DIAMONDS SEVEN,0.6322,0.0166,0.3512
DIAMONDS FIVE HEARTS JACK,0.6092,0.1678,0.223
DIAMONDS TEN DIAMONDS SEVEN,0.6066,0.0146,0.3788
HEARTS TEN DIAMONDS FIVE,0.648,0.0136,0.3384
SPADES KING CLUBS TWO,0.4282,0.0088,0.563
HEARTS KING CLUBS KING,0.1654,0.0072,0.8274
CLUBS EIGHT DIAMONDS SEVEN,0.6332,0.0146,0.3522
SPADES QUEEN CLUBS TWO,0.4416,0.0098,0.5486
HEARTS KING CLUBS QUEEN,0.335,0.0078,0.6572
CLUBS JACK SPADES TWO,0.5988,0.1738,0.2274
SPADES ACE CLUBS TWO,0.437,0.0044,0.5586
CLUBS TEN SPADES TWO,0.6606,0.0164,0.323
HEARTS KING CLUBS ACE,0.3484,0.0048,0.6468
CLUBS SEVEN CLUBS SIX,0.5932,0.0148,0.392
SPADES TWO CLUBS KING,0.4374,0.0076,0.555
SPADES TWO DIAMONDS SEVEN,0.6808,0.0146,0.3046
CLUBS EIGHT CLUBS SIX,0.6222,0.0182,0.3596
SPADES THREE DIAMONDS SEVEN,0.6634,0.0186,0.318
SPADES TWO CLUBS QUEEN,0.4204,0.0116,0.568
SPADES FOUR DIAMONDS SEVEN,0.6468,0.0154,0.3378
CLUBS JACK HEARTS KING,0.2604,0.0282,0.7114
SPADES FIVE DIAMONDS SEVEN,0.6406,0.0146,0.3448
SPADES TWO CLUBS ACE,0.4222,0.0042,0.5736
CLUBS TEN HEARTS KING,0.3516,0.0076,0.6408
CLUBS SIX SPADES TWO,0.6598,0.017,0.3232
CLUBS SIX SPADES THREE,0.6488,0.0158,0.3354
CLUBS TWO DIAMONDS SEVEN,0.677,0.0184,0.3046
CLUBS SIX SPADES FOUR,0.6474,0.0204,0.3322
CLUBS THREE DIAMONDS SEVEN,0.678,0.0166,0.3054
CLUBS SIX SPADES FIVE,0.6322,0.0154,0.3524
CLUBS FOUR DIAMONDS SEVEN,0.6508,0.0176,0.3316
CLUBS SIX SPADES SIX,0.4688,0.029,0.5022
CLUBS FIVE DIAMONDS SEVEN,0.6452,0.0162,0.3386
CLUBS SIX SPADES SEVEN,0.6384,0.0174,0.3442
CLUBS SIX DIAMONDS SEVEN,0.6382,0.0158,0.346
CLUBS SIX SPADES EIGHT,0.6416,0.0182,0.3402
SPADES JACK CLUBS TWO,0.6016,0.1764,0.222
CLUBS SEVEN DIAMONDS SEVEN,0.4402,0.0298,0.53
SPADES NINE CLUBS SIX,0.7002,0.0576,0.2422
SPADES TEN CLUBS TWO,0.6644,0.015,0.3206
CLUBS TWO CLUBS QUEEN,0.416,0.0096,0.5744
CLUBS TWO CLUBS KING,0.4154,0.0086,0.576
CLUBS THREE DIAMONDS EIGHT,0.6744,0.0172,0.3084
CLUBS TWO CLUBS ACE,0.4034,0.0048,0.5918
CLUBS TWO DIAMONDS EIGHT,0.6892,0.0164,0.2944
HEARTS SEVEN DIAMONDS EIGHT,0.633,0.0164,0.3506
HEARTS SIX DIAMONDS EIGHT,0.6296,0.0184,0.352
DIAMONDS EIGHT HEARTS NINE,0.6794,0.0548,0.2658
CLUBS TEN CLUBS TWO,0.6288,0.0168,0.3544
DIAMONDS EIGHT HEARTS EIGHT,0.4234,0.0274,0.5492
CLUBS JACK CLUBS TWO,0.5922,0.1614,0.2464
CLUBS EIGHT DIAMONDS EIGHT,0.4278,0.0298,0.5424
CLUBS FIVE DIAMONDS EIGHT,0.65,0.0186,0.3314
SPADES ACE SPADES THREE,0.3896,0.003,0.6074
CLUBS FOUR DIAMONDS EIGHT,0.6718,0.0158,0.3124
CLUBS SEVEN DIAMONDS EIGHT,0.6278,0.0152,0.357
SPADES QUEEN SPADES THREE,0.4048,0.0124,0.5828
CLUBS SIX DIAMONDS EIGHT,0.6556,0.0158,0.3286
SPADES KING SPADES THREE,0.4124,0.0064,0.5812
DIAMONDS EIGHT DIAMONDS QUEEN,0.3904,0.008,0.6016
HEARTS TWO DIAMONDS EIGHT,0.6754,0.0186,0.306
DIAMONDS KING DIAMONDS EIGHT,0.398,0.0088,0.5932
HEARTS THREE DIAMONDS EIGHT,0.6758,0.0188,0.3054
DIAMONDS ACE DIAMONDS EIGHT,0.3998,0.004,0.5962
HEARTS FOUR DIAMONDS EIGHT,0.6648,0.017,0.3182
HEARTS FIVE DIAMONDS EIGHT,0.6498,0.0188,0.3314
DIAMONDS EIGHT DIAMONDS TEN,0.5992,0.0132,0.3876
SPADES JACK SPADES THREE,0.566,0.1512,0.2828
SPADES TEN SPADES THREE,0.6064,0.0152,0.3784
CLUBS FOUR HEARTS ACE,0.43,0.0052,0.5648
CLUBS FOUR HEARTS QUEEN,0.4318,0.0086,0.5596
CLUBS FOUR HEARTS KING,0.4308,0.0058,0.5634
CLUBS SIX HEARTS TEN,0.6484,0.0134,0.3382
CLUBS SIX HEARTS JACK,0.6114,0.1684,0.2202
DIAMONDS EIGHT SPADES FOUR,0.6732,0.0138,0.313
SPADES FIVE DIAMONDS EIGHT,0.6526,0.0152,0.3322
DIAMONDS EIGHT SPADES TWO,0.6756,0.0212,0.3032
DIAMONDS EIGHT SPADES THREE,0.6832,0.0182,0.2986
CLUBS FOUR HEARTS JACK,0.6144,0.1684,0.2172
SPADES EIGHT DIAMONDS EIGHT,0.4316,0.0252,0.5432
SPADES TEN DIAMONDS QUEEN,0.3602,0.0094,0.6304
SPADES TEN HEARTS TWO,0.649,0.0158,0.3352
SPADES JACK HEARTS EIGHT,0.592,0.1688,0.2392
CLUBS FOUR HEARTS TEN,0.6696,0.0162,0.3142
SPADES NINE DIAMONDS EIGHT,0.6976,0.0542,0.2482
SPADES TEN HEARTS EIGHT,0.6228,0.0128,0.3644
SPADES JACK HEARTS TWO,0.608,0.1668,0.2252
SPADES JACK DIAMONDS QUEEN,0.2414,0.0384,0.7202
SPADES SIX DIAMONDS EIGHT,0.6322,0.0148,0.353
SPADES SEVEN DIAMONDS EIGHT,0.622,0.0168,0.3612
SPADES ACE HEARTS TWO,0.4294,0.004,0.5666
SPADES ACE DIAMONDS QUEEN,0.3606,0.0036,0.6358
SPADES ACE HEARTS EIGHT,0.422,0.0034,0.5746
SPADES KING HEARTS EIGHT,0.4226,0.0058,0.5716
SPADES QUEEN HEARTS TWO,0.4346,0.0126,0.5528
SPADES QUEEN DIAMONDS QUEEN,0.1518,0.0088,0.8394
SPADES KING DIAMONDS QUEEN,0.3436,0.0076,0.6488
SPADES KING HEARTS TWO,0.4322,0.0088,0.559
SPADES QUEEN HEARTS EIGHT,0.4196,0.0086,0.5718
CLUBS TWO HEARTS TEN,0.6488,0.0174,0.3338
CLUBS TWO HEARTS JACK,0.6196,0.1676,0.2128
SPADES SEVEN DIAMONDS NINE,0.6866,0.064,0.2494
SPADES SIX DIAMONDS NINE,0.7068,0.057,0.2362
SPADES NINE DIAMONDS NINE,0.317,0.0278,0.6552
SPADES EIGHT DIAMONDS NINE,0.6816,0.0584,0.26
SPADES TEN CLUBS KING,0.3524,0.009,0.6386
DIAMONDS NINE SPADES THREE,0.73,0.0606,0.2094
SPADES JACK CLUBS KING,0.26,0.0262,0.7138
DIAMONDS NINE SPADES TWO,0.716,0.0606,0.2234
DIAMONDS NINE SPADES FIVE,0.696,0.0598,0.2442
DIAMONDS NINE SPADES FOUR,0.7146,0.0618,0.2236
CLUBS EIGHT DIAMONDS NINE,0.6882,0.0594,0.2524
CLUBS SIX DIAMONDS NINE,0.7036,0.0608,0.2356
SPADES JACK CLUBS FOUR,0.616,0.1684,0.2156
CLUBS SEVEN DIAMONDS NINE,0.7014,0.0642,0.2344
SPADES TEN CLUBS FOUR,0.6662,0.0152,0.3186
CLUBS FOUR DIAMONDS NINE,0.7298,0.0682,0.202
CLUBS FIVE DIAMONDS NINE,0.7098,0.0578,0.2324
DIAMONDS NINE CLUBS TWO,0.7304,0.0708,0.1988
CLUBS THREE DIAMONDS NINE,0.7316,0.0602,0.2082
DIAMONDS NINE HEARTS EIGHT,0.6754,0.055,0.2696
DIAMONDS NINE HEARTS NINE,0.3214,0.0352,0.6434
HEARTS SIX DIAMONDS NINE,0.7032,0.0586,0.2382
HEARTS SEVEN DIAMONDS NINE,0.6864,0.0586,0.255
DIAMONDS ACE DIAMONDS NINE,0.2592,0.0206,0.7202
HEARTS FOUR DIAMONDS NINE,0.7062,0.0624,0.2314
HEARTS FIVE DIAMONDS NINE,0.6994,0.0586,0.242
HEARTS ACE CLUBS TWO,0.4288,0.0042,0.567
SPADES ACE CLUBS FOUR,0.434,0.0042,0.5618
DIAMONDS NINE DIAMONDS QUEEN,0.2396,0.041,0.7194
HEARTS TWO DIAMONDS NINE,0.7196,0.0634,0.217
CLUBS TWO HEARTS KING,0.4528,0.0088,0.5384
SPADES KING CLUBS FOUR,0.4444,0.0072,0.5484
DIAMONDS KING DIAMONDS NINE,0.261,0.0292,0.7098
HEARTS THREE DIAMONDS NINE,0.7356,0.0554,0.209
CLUBS TWO HEARTS QUEEN,0.4362,0.0114,0.5524
SPADES QUEEN CLUBS FOUR,0.4472,0.012,0.5408
CLUBS EIGHT SPADES NINE,0.6974,0.0512,0.2514
DIAMONDS NINE DIAMONDS TEN,0.671,0.0504,0.2786
CLUBS EIGHT SPADES EIGHT,0.4342,0.0296,0.5362
CLUBS EIGHT SPADES SEVEN,0.6352,0.0162,0.3486
CLUBS EIGHT SPADES SIX,0.6346,0.0162,0.3492
CLUBS EIGHT SPADES FIVE,0.6638,0.0176,0.3186
CLUBS EIGHT SPADES FOUR,0.657,0.017,0.326
CLUBS EIGHT SPADES THREE,0.6832,0.0188,0.298
CLUBS EIGHT SPADES TWO,0.6772,0.0164,0.3064
HEARTS SIX DIAMONDS TEN,0.6528,0.0162,0.331
HEARTS SEVEN DIAMONDS TEN,0.6406,0.013,0.3464
DIAMONDS TEN HEARTS EIGHT,0.627,0.0194,0.3536
CLUBS JACK CLUBS FOUR,0.5672,0.164,0.2688
DIAMONDS TEN HEARTS NINE,0.695,0.0528,0.2522
CLUBS TEN CLUBS FOUR,0.6178,0.0194,0.3628
CLUBS FOUR CLUBS KING,0.403,0.0102,0.5868
CLUBS FOUR CLUBS QUEEN,0.4122,0.011,0.5768
CLUBS TWO DIAMONDS TEN,0.6546,0.0184,0.327
CLUBS THREE DIAMONDS TEN,0.6632,0.0164,0.3204
CLUBS FOUR CLUBS ACE,0.4184,0.006,0.5756
DIAMONDS QUEEN DIAMONDS TEN,0.3252,0.0092,0.6656
HEARTS TWO DIAMONDS TEN,0.6426,0.018,0.3394
DIAMONDS KING DIAMONDS TEN,0.3394,0.008,0.6526
HEARTS THREE DIAMONDS TEN,0.6358,0.0192,0.345
DIAMONDS ACE DIAMONDS TEN,0.3622,0.005,0.6328
HEARTS FOUR DIAMONDS TEN,0.659,0.017,0.324
CLUBS EIGHT HEARTS JACK,0.6056,0.1644,0.23
HEARTS FIVE DIAMONDS TEN,0.6546,0.0162,0.3292
CLUBS EIGHT HEARTS TEN,0.6228,0.0168,0.3604
CLUBS EIGHT HEARTS QUEEN,0.414,0.0096,0.5764
CLUBS EIGHT HEARTS KING,0.4184,0.0066,0.575
CLUBS EIGHT HEARTS ACE,0.4274,0.0054,0.5672
CLUBS TEN HEARTS EIGHT,0.6118,0.0144,0.3738
CLUBS JACK HEARTS EIGHT,0.5964,0.1698,0.2338
HEARTS EIGHT CLUBS QUEEN,0.4062,0.009,0.5848
CLUBS KING HEARTS EIGHT,0.4174,0.0068,0.5758
CLUBS ACE HEARTS EIGHT,0.4244,0.0038,0.5718
SPADES KING CLUBS KING,0.165,0.0076,0.8274
SPADES QUEEN CLUBS KING,0.328,0.0064,0.6656
SPADES ACE CLUBS KING,0.3552,0.0034,0.6414
DIAMONDS ACE HEARTS TEN,0.3686,0.0036,0.6278
HEARTS FOUR HEARTS TEN,0.597,0.0154,0.3876
DIAMONDS ACE HEARTS JACK,0.2504,0.0176,0.732
HEARTS FOUR HEARTS JACK,0.571,0.1518,0.2772
SPADES KING CLUBS FIVE,0.449,0.0056,0.5454
SPADES QUEEN CLUBS FIVE,0.4344,0.008,0.5576
SPADES ACE CLUBS FIVE,0.4196,0.004,0.5764
SPADES ACE SPADES SIX,0.4052,0.0034,0.5914
HEARTS ACE SPADES FOUR,0.4344,0.0028,0.5628
SPADES QUEEN SPADES SIX,0.3992,0.0104,0.5904
SPADES FOUR HEARTS QUEEN,0.435,0.0096,0.5554
SPADES KING SPADES SIX,0.397,0.0066,0.5964
SPADES FOUR HEARTS KING,0.436,0.0066,0.5574
SPADES TEN SPADES SIX,0.6104,0.0148,0.3748
SPADES JACK SPADES SIX,0.576,0.1578,0.2662
SPADES ACE DIAMONDS THREE,0.4398,0.0048,0.5554
SPADES QUEEN DIAMONDS THREE,0.4388,0.011,0.5502
SPADES KING DIAMONDS THREE,0.4334,0.006,0.5606
SPADES TEN CLUBS FIVE,0.6704,0.017,0.3126
SPADES JACK HEARTS SIX,0.6,0.1696,0.2304
HEARTS SIX SPADES TEN,0.6388,0.0156,0.3456
SPADES JACK CLUBS FIVE,0.6182,0.1656,0.2162
SPADES JACK DIAMONDS THREE,0.6038,0.1744,0.2218
CLUBS SEVEN CLUBS ACE,0.4062,0.006,0.5878
DIAMONDS THREE SPADES TEN,0.6662,0.0172,0.3166
CLUBS SEVEN CLUBS QUEEN,0.4162,0.012,0.5718
CLUBS SEVEN CLUBS KING,0.3986,0.006,0.5954
CLUBS TEN CLUBS SEVEN,0.6044,0.0142,0.3814
DIAMONDS ACE HEARTS ACE,0.1606,0.0034,0.836
HEARTS FOUR HEARTS ACE,0.4008,0.003,0.5962
SPADES ACE HEARTS SIX,0.4176,0.0032,0.5792
CLUBS JACK CLUBS SEVEN,0.5756,0.1662,0.2582
DIAMONDS ACE HEARTS KING,0.343,0.0038,0.6532
HEARTS FOUR HEARTS KING,0.4094,0.007,0.5836
SPADES KING HEARTS SIX,0.4366,0.0074,0.556
DIAMONDS ACE HEARTS QUEEN,0.3444,0.0038,0.6518
HEARTS FOUR HEARTS QUEEN,0.4006,0.0096,0.5898
SPADES QUEEN HEARTS SIX,0.4344,0.0104,0.5552
DIAMONDS TEN SPADES TWO,0.662,0.0166,0.3214
SPADES THREE DIAMONDS TEN,0.6582,0.0184,0.3234
SPADES FOUR DIAMONDS TEN,0.6622,0.0116,0.3262
SPADES FIVE DIAMONDS TEN,0.661,0.0196,0.3194
SPADES SIX DIAMONDS TEN,0.6486,0.015,0.3364
SPADES SEVEN DIAMONDS TEN,0.6396,0.0138,0.3466
SPADES EIGHT DIAMONDS TEN,0.6384,0.0144,0.3472
SPADES NINE DIAMONDS TEN,0.6992,0.0444,0.2564
CLUBS FOUR DIAMONDS TEN,0.6552,0.0156,0.3292
CLUBS FIVE DIAMONDS TEN,0.6598,0.0154,0.3248
CLUBS SIX DIAMONDS TEN,0.6544,0.0162,0.3294
CLUBS SEVEN DIAMONDS TEN,0.6406,0.0152,0.3442
CLUBS EIGHT DIAMONDS TEN,0.6264,0.0194,0.3542
CLUBS JACK DIAMONDS THREE,0.615,0.1666,0.2184
CLUBS TEN DIAMONDS THREE,0.6642,0.015,0.3208
DIAMONDS THREE CLUBS KING,0.4304,0.0082,0.5614
DIAMONDS THREE CLUBS QUEEN,0.4364,0.0124,0.5512
DIAMONDS THREE CLUBS ACE,0.426,0.0038,0.5702
SPADES FOUR HEARTS JACK,0.5914,0.1726,0.236
SPADES FOUR HEARTS TEN,0.6504,0.0138,0.3358
SPADES FIVE SPADES TWO,0.6058,0.0182,0.376
SPADES FOUR SPADES TWO,0.602,0.0166,0.3814
SPADES THREE SPADES TWO,0.5994,0.0174,0.3832
SPADES NINE SPADES TWO,0.6654,0.0578,0.2768
SPADES EIGHT SPADES TWO,0.6264,0.0136,0.36
SPADES SEVEN SPADES TWO,0.63,0.0192,0.3508
SPADES SIX SPADES TWO,0.6268,0.0146,0.3586
CLUBS THREE DIAMONDS QUEEN,0.4434,0.0112,0.5454
CLUBS THREE HEARTS TWO,0.6494,0.0206,0.33
CLUBS TWO DIAMONDS QUEEN,0.4428,0.011,0.5462
HEARTS TWO CLUBS TWO,0.454,0.0326,0.5134
HEARTS SEVEN DIAMONDS QUEEN,0.4282,0.01,0.5618
HEARTS SEVEN HEARTS TWO,0.6268,0.0158,0.3574
HEARTS SIX DIAMONDS QUEEN,0.437,0.0088,0.5542
HEARTS SIX HEARTS TWO,0.6192,0.0168,0.364
DIAMONDS QUEEN HEARTS NINE,0.2492,0.0398,0.711
HEARTS TWO HEARTS NINE,0.6648,0.0558,0.2794
DIAMONDS QUEEN HEARTS EIGHT,0.3922,0.0108,0.597
HEARTS TWO HEARTS EIGHT,0.6304,0.0176,0.352
CLUBS EIGHT HEARTS TWO,0.6786,0.0188,0.3026
CLUBS EIGHT DIAMONDS QUEEN,0.422,0.0098,0.5682
CLUBS FIVE DIAMONDS QUEEN,0.435,0.0116,0.5534
CLUBS FIVE HEARTS TWO,0.6364,0.019,0.3446
SPADES EIGHT HEARTS ACE,0.4172,0.0022,0.5806
CLUBS FOUR DIAMONDS QUEEN,0.4238,0.0118,0.5644
CLUBS FOUR HEARTS TWO,0.6552,0.0142,0.3306
CLUBS SEVEN DIAMONDS QUEEN,0.4294,0.0094,0.5612
CLUBS SEVEN HEARTS TWO,0.6732,0.0194,0.3074
SPADES EIGHT HEARTS QUEEN,0.4108,0.0094,0.5798
CLUBS SIX DIAMONDS QUEEN,0.434,0.0136,0.5524
CLUBS SIX HEARTS TWO,0.6528,0.0186,0.3286
SPADES EIGHT HEARTS KING,0.4116,0.0048,0.5836
HEARTS TWO SPADES SIX,0.6612,0.017,0.3218
SPADES SIX DIAMONDS QUEEN,0.4284,0.0106,0.561
HEARTS FOUR CLUBS QUEEN,0.4334,0.0114,0.5552
DIAMONDS ACE CLUBS QUEEN,0.3378,0.005,0.6572
SPADES SEVEN DIAMONDS QUEEN,0.424,0.0096,0.5664
SPADES SEVEN HEARTS TWO,0.6744,0.016,0.3096
HEARTS FOUR CLUBS KING,0.4224,0.0058,0.5718
DIAMONDS ACE CLUBS KING,0.343,0.0068,0.6502
SPADES EIGHT DIAMONDS QUEEN,0.4122,0.009,0.5788
SPADES EIGHT HEARTS TWO,0.6704,0.018,0.3116
HEARTS FOUR CLUBS ACE,0.439,0.0044,0.5566
DIAMONDS ACE CLUBS ACE,0.1602,0.003,0.8368
SPADES NINE DIAMONDS QUEEN,0.2468,0.0414,0.7118
SPADES NINE HEARTS TWO,0.7206,0.0596,0.2198
HEARTS TWO SPADES TWO,0.46,0.0322,0.5078
DIAMONDS QUEEN SPADES TWO,0.4426,0.0104,0.547
HEARTS TWO SPADES THREE,0.6456,0.0168,0.3376
DIAMONDS QUEEN SPADES THREE,0.4246,0.0112,0.5642
HEARTS TWO SPADES FOUR,0.6224,0.019,0.3586
SPADES FOUR DIAMONDS QUEEN,0.4294,0.0096,0.561
CLUBS TEN HEARTS FOUR,0.6578,0.0176,0.3246
CLUBS TEN DIAMONDS ACE,0.3762,0.0056,0.6182
HEARTS TWO SPADES FIVE,0.6294,0.0168,0.3538
SPADES FIVE DIAMONDS QUEEN,0.4252,0.0142,0.5606
CLUBS JACK HEARTS FOUR,0.6064,0.1766,0.217
CLUBS JACK DIAMONDS ACE,0.2366,0.0218,0.7416
CLUBS FIVE CLUBS KING,0.4068,0.0092,0.584
CLUBS FIVE CLUBS QUEEN,0.4052,0.0096,0.5852
CLUBS FIVE CLUBS ACE,0.406,0.0036,0.5904
CLUBS JACK CLUBS FIVE,0.5884,0.1556,0.256
CLUBS TEN CLUBS FIVE,0.6164,0.017,0.3666
SPADES KING CLUBS JACK,0.2496,0.0266,0.7238
CLUBS JACK SPADES QUEEN,0.246,0.0396,0.7144
SPADES ACE CLUBS JACK,0.2496,0.0208,0.7296
SPADES SIX CLUBS KING,0.4216,0.0052,0.5732
SPADES SIX CLUBS QUEEN,0.437,0.0084,0.5546
SPADES EIGHT HEARTS JACK,0.611,0.1618,0.2272
SPADES SIX CLUBS ACE,0.4306,0.0038,0.5656
SPADES EIGHT HEARTS TEN,0.6268,0.014,0.3592
CLUBS JACK SPADES SIX,0.6006,0.1784,0.221
CLUBS TEN SPADES SIX,0.644,0.014,0.342
CLUBS JACK SPADES TEN,0.2198,0.1146,0.6656
CLUBS JACK SPADES JACK,0.1244,0.0366,0.839
SPADES QUEEN CLUBS SEVEN,0.4252,0.012,0.5628
SPADES KING CLUBS SEVEN,0.431,0.0062,0.5628
SPADES ACE CLUBS SEVEN,0.4304,0.004,0.5656
SPADES SIX HEARTS TEN,0.6444,0.0156,0.34
SPADES SIX HEARTS JACK,0.5988,0.1688,0.2324
SPADES SIX HEARTS ACE,0.424,0.0024,0.5736
SPADES SIX HEARTS KING,0.43,0.005,0.565
SPADES SIX HEARTS QUEEN,0.42,0.0074,0.5726
CLUBS SEVEN SPADES JACK,0.6008,0.1714,0.2278
CLUBS SEVEN SPADES TEN,0.6292,0.0156,0.3552
CLUBS TEN HEARTS SIX,0.6402,0.015,0.3448
CLUBS JACK HEARTS SIX,0.6042,0.1674,0.2284
CLUBS JACK CLUBS ACE,0.2386,0.0202,0.7412
HEARTS SIX CLUBS QUEEN,0.4272,0.0092,0.5636
HEARTS SIX CLUBS KING,0.4282,0.0068,0.565
HEARTS SIX CLUBS ACE,0.4312,0.0044,0.5644
CLUBS JACK CLUBS QUEEN,0.2304,0.0408,0.7288
CLUBS JACK CLUBS KING,0.2486,0.0286,0.7228
DIAMONDS THREE HEARTS ACE,0.429,0.0058,0.5652
DIAMONDS THREE HEARTS QUEEN,0.4418,0.0102,0.548
DIAMONDS THREE HEARTS KING,0.4398,0.008,0.5522
CLUBS FIVE HEARTS JACK,0.5976,0.1664,0.236
SPADES TEN DIAMONDS ACE,0.3664,0.0038,0.6298
HEARTS FOUR SPADES TEN,0.6568,0.0158,0.3274
CLUBS FIVE HEARTS TEN,0.6534,0.0166,0.33
HEARTS FOUR SPADES JACK,0.604,0.1716,0.2244
SPADES JACK DIAMONDS ACE,0.2466,0.018,0.7354
SPADES ACE HEARTS FOUR,0.4264,0.0038,0.5698
SPADES ACE DIAMONDS ACE,0.1642,0.0042,0.8316
CLUBS FIVE HEARTS ACE,0.4348,0.0066,0.5586
CLUBS FIVE HEARTS KING,0.4332,0.0056,0.5612
HEARTS FOUR SPADES QUEEN,0.4398,0.013,0.5472
SPADES QUEEN DIAMONDS ACE,0.3416,0.0044,0.654
CLUBS JACK SPADES FOUR,0.6052,0.166,0.2288
CLUBS FIVE HEARTS QUEEN,0.4386,0.0094,0.552
SPADES KING DIAMONDS ACE,0.3544,0.0036,0.642
SPADES KING HEARTS FOUR,0.4334,0.0062,0.5604
CLUBS TEN SPADES FOUR,0.6452,0.0174,0.3374
DIAMONDS ACE DIAMONDS QUEEN,0.3516,0.0046,0.6438
DIAMONDS ACE HEARTS TWO,0.436,0.0044,0.5596
HEARTS FOUR DIAMONDS QUEEN,0.4234,0.01,0.5666
HEARTS FOUR HEARTS TWO,0.616,0.017,0.367
DIAMONDS THREE HEARTS TEN,0.6536,0.0148,0.3316
SPADES FOUR CLUBS KING,0.4358,0.0072,0.557
HEARTS FIVE DIAMONDS QUEEN,0.4382,0.0132,0.5486
HEARTS FIVE HEARTS TWO,0.6034,0.0212,0.3754
DIAMONDS THREE HEARTS JACK,0.6088,0.1728,0.2184
SPADES FOUR CLUBS QUEEN,0.437,0.0138,0.5492
HEARTS TWO DIAMONDS QUEEN,0.4324,0.0102,0.5574
DIAMONDS KING DIAMONDS QUEEN,0.3172,0.0078,0.675
DIAMONDS KING HEARTS TWO,0.4284,0.0086,0.563
HEARTS THREE DIAMONDS QUEEN,0.4358,0.0098,0.5544
HEARTS THREE HEARTS TWO,0.6038,0.0176,0.3786
SPADES FOUR CLUBS ACE,0.4262,0.003,0.5708
HEARTS TWO CLUBS ACE,0.4196,0.0058,0.5746
DIAMONDS QUEEN CLUBS ACE,0.3502,0.0052,0.6446
HEARTS TWO CLUBS QUEEN,0.4478,0.0112,0.541
DIAMONDS QUEEN CLUBS QUEEN,0.1394,0.012,0.8486
HEARTS TWO CLUBS KING,0.4424,0.008,0.5496
DIAMONDS QUEEN CLUBS KING,0.3412,0.0078,0.651
SPADES EIGHT SPADES FIVE,0.6086,0.0166,0.3748
CLUBS TEN HEARTS TWO,0.66,0.0174,0.3226
CLUBS TEN DIAMONDS QUEEN,0.3552,0.011,0.6338
SPADES NINE SPADES FIVE,0.6488,0.0564,0.2948
CLUBS JACK HEARTS TWO,0.6004,0.1698,0.2298
CLUBS JACK DIAMONDS QUEEN,0.2234,0.0392,0.7374
SPADES SIX SPADES FIVE,0.5708,0.0178,0.4114
SPADES SEVEN SPADES FIVE,0.5916,0.018,0.3904
DIAMONDS FIVE CLUBS QUEEN,0.4314,0.0092,0.5594
SPADES EIGHT CLUBS ACE,0.4346,0.0024,0.563
DIAMONDS FIVE CLUBS KING,0.4372,0.0092,0.5536
SPADES EIGHT CLUBS KING,0.4274,0.0072,0.5654
DIAMONDS FIVE CLUBS ACE,0.427,0.0044,0.5686
SPADES EIGHT CLUBS QUEEN,0.4062,0.0112,0.5826
CLUBS JACK SPADES EIGHT,0.5944,0.176,0.2296
CLUBS TEN SPADES EIGHT,0.6084,0.016,0.3756
CLUBS TEN DIAMONDS FIVE,0.6428,0.0186,0.3386
CLUBS JACK DIAMONDS FIVE,0.6122,0.1668,0.221
DIAMONDS TEN HEARTS JACK,0.2358,0.1296,0.6346
DIAMONDS TEN HEARTS TEN,0.2784,0.0224,0.6992
HEARTS SIX HEARTS KING,0.405,0.0066,0.5884
DIAMONDS KING SPADES SEVEN,0.4084,0.0066,0.585
HEARTS THREE SPADES SEVEN,0.6612,0.0184,0.3204
SPADES KING DIAMONDS SEVEN,0.422,0.006,0.572
HEARTS SIX HEARTS QUEEN,0.407,0.011,0.582
SPADES QUEEN DIAMONDS SEVEN,0.429,0.0092,0.5618
HEARTS THREE SPADES SIX,0.656,0.0154,0.3286
DIAMONDS KING SPADES SIX,0.4312,0.0068,0.562
SPADES NINE DIAMONDS KING,0.2618,0.029,0.7092
SPADES NINE HEARTS THREE,0.7144,0.0616,0.224
HEARTS SIX HEARTS ACE,0.4168,0.0038,0.5794
DIAMONDS KING SPADES EIGHT,0.4322,0.0052,0.5626
SPADES EIGHT HEARTS THREE,0.671,0.0202,0.3088
SPADES ACE DIAMONDS SEVEN,0.4372,0.0034,0.5594
CLUBS EIGHT HEARTS THREE,0.6762,0.0178,0.306
CLUBS EIGHT DIAMONDS KING,0.4212,0.0094,0.5694
HEARTS THREE SPADES THREE,0.4478,0.032,0.5202
DIAMONDS KING SPADES THREE,0.433,0.0082,0.5588
HEARTS THREE SPADES TWO,0.6284,0.0182,0.3534
