opposingHand,winningChance,drawChance,lostChance
CLUBS EIGHT SPADES TEN
SPADES JACK HEARTS FIVE,0.4236,0.019,0.5574
SPADES FIVE CLUBS JACK,0.4258,0.0142,0.56
CLUBS TEN SPADES FIVE,0.5464,0.2254,0.2282
SPADES FIVE CLUBS ACE,0.4212,0.0046,0.5742
SPADES FIVE CLUBS KING,0.43,0.01,0.56
SPADES FIVE CLUBS QUEEN,0.4226,0.01,0.5674
DIAMONDS TWO DIAMONDS THREE,0.585,0.0294,0.3856
DIAMONDS TWO DIAMONDS FIVE,0.6032,0.027,0.3698
SPADES KING HEARTS FIVE,0.436,0.0068,0.5572
DIAMONDS TWO DIAMONDS FOUR,0.6122,0.0222,0.3656
SPADES QUEEN HEARTS FIVE,0.4366,0.0108,0.5526
DIAMONDS TWO DIAMONDS SEVEN,0.6256,0.0214,0.353
DIAMONDS TWO DIAMONDS SIX,0.6114,0.0246,0.364
SPADES ACE HEARTS FIVE,0.416,0.0036,0.5804
DIAMONDS TWO DIAMONDS NINE,0.6036,0.0276,0.3688
DIAMONDS TWO DIAMONDS EIGHT,0.6488,0.0776,0.2736
DIAMONDS THREE DIAMONDS FOUR,0.5814,0.0276,0.391
CLUBS TWO SPADES FOUR,0.6408,0.0286,0.3306
DIAMONDS THREE DIAMONDS FIVE,0.5862,0.0264,0.3874
CLUBS TWO SPADES FIVE,0.6296,0.0278,0.3426
CLUBS TWO SPADES TWO,0.4488,0.054,0.4972
CLUBS TWO SPADES THREE,0.6558,0.0274,0.3168
DIAMONDS THREE DIAMONDS EIGHT,0.6544,0.0748,0.2708
SPADES EIGHT CLUBS TWO,0.7084,0.0856,0.206
DIAMONDS THREE DIAMONDS NINE,0.6064,0.0192,0.3744
SPADES NINE CLUBS TWO,0.6394,0.028,0.3326
DIAMONDS THREE DIAMONDS SIX,0.6056,0.0252,0.3692
CLUBS TWO SPADES SIX,0.6626,0.026,0.3114
DIAMONDS THREE DIAMONDS SEVEN,0.6172,0.0282,0.3546
SPADES SEVEN CLUBS TWO,0.6894,0.0284,0.2822
CLUBS SIX CLUBS TWO,0.619,0.0274,0.3536
CLUBS SEVEN CLUBS TWO,0.6412,0.0294,0.3294
CLUBS FOUR CLUBS TWO,0.6184,0.028,0.3536
CLUBS FIVE CLUBS TWO,0.6022,0.029,0.3688
CLUBS TEN CLUBS JACK,0.2364,0.0538,0.7098
DIAMONDS FOUR DIAMONDS SIX,0.5944,0.0236,0.382
CLUBS TEN CLUBS QUEEN,0.2368,0.0446,0.7186
DIAMONDS FOUR DIAMONDS SEVEN,0.595,0.0274,0.3776
CLUBS TEN CLUBS KING,0.2556,0.0332,0.7112
CLUBS TEN CLUBS ACE,0.2528,0.0238,0.7234
DIAMONDS FIVE DIAMONDS FOUR,0.5594,0.0218,0.4188
CLUBS NINE CLUBS TWO,0.6118,0.0272,0.361
DIAMONDS NINE DIAMONDS FOUR,0.6084,0.0214,0.3702
DIAMONDS EIGHT DIAMONDS FOUR,0.6272,0.0828,0.29
CLUBS TWO CLUBS THREE,0.596,0.0252,0.3788
DIAMONDS NINE DIAMONDS FIVE,0.5856,0.025,0.3894
DIAMONDS TWO CLUBS JACK,0.425,0.0176,0.5574
DIAMONDS EIGHT DIAMONDS FIVE,0.6464,0.0758,0.2778
CLUBS TEN DIAMONDS TWO,0.562,0.23,0.208
DIAMONDS FIVE DIAMONDS SEVEN,0.587,0.0224,0.3906
DIAMONDS FIVE DIAMONDS SIX,0.5824,0.023,0.3946
DIAMONDS TWO CLUBS ACE,0.417,0.0038,0.5792
DIAMONDS TWO CLUBS KING,0.4426,0.009,0.5484
DIAMONDS TWO CLUBS QUEEN,0.4326,0.012,0.5554
DIAMONDS EIGHT DIAMONDS SIX,0.6144,0.0754,0.3102
DIAMONDS NINE DIAMONDS SIX,0.5812,0.022,0.3968
HEARTS ACE SPADES THREE,0.4258,0.0036,0.5706
HEARTS KING SPADES THREE,0.4498,0.0058,0.5444
DIAMONDS SEVEN DIAMONDS SIX,0.5762,0.0224,0.4014
SPADES THREE HEARTS QUEEN,0.4474,0.0092,0.5434
SPADES THREE HEARTS JACK,0.432,0.016,0.552
SPADES THREE HEARTS TEN,0.5572,0.2268,0.216
DIAMONDS EIGHT DIAMONDS SEVEN,0.6212,0.0782,0.3006
DIAMONDS NINE DIAMONDS SEVEN,0.5828,0.0258,0.3914
DIAMONDS NINE DIAMONDS EIGHT,0.6408,0.0656,0.2936
DIAMONDS KING HEARTS TEN,0.2636,0.0318,0.7046
HEARTS THREE HEARTS TEN,0.5274,0.202,0.2706
CLUBS SIX SPADES JACK,0.422,0.016,0.562
DIAMONDS KING HEARTS JACK,0.3416,0.0072,0.6512
HEARTS THREE HEARTS JACK,0.4086,0.0178,0.5736
SPADES JACK SPADES FIVE,0.4116,0.0176,0.5708
DIAMONDS KING HEARTS ACE,0.3584,0.0026,0.639
HEARTS THREE HEARTS ACE,0.3996,0.0034,0.597
SPADES ACE CLUBS SIX,0.4276,0.0044,0.568
DIAMONDS KING HEARTS QUEEN,0.3514,0.008,0.6406
HEARTS THREE HEARTS QUEEN,0.4048,0.0124,0.5828
SPADES KING CLUBS SIX,0.4178,0.005,0.5772
DIAMONDS KING HEARTS KING,0.1766,0.0086,0.8148
HEARTS THREE HEARTS KING,0.422,0.0078,0.5702
SPADES QUEEN CLUBS SIX,0.43,0.012,0.558
SPADES NINE HEARTS TEN,0.2358,0.1698,0.5944
SPADES NINE HEARTS JACK,0.3702,0.0152,0.6146
SPADES QUEEN SPADES FIVE,0.4198,0.0118,0.5684
SPADES KING SPADES FIVE,0.4048,0.006,0.5892
SPADES ACE SPADES FIVE,0.4074,0.0042,0.5884
SPADES NINE HEARTS QUEEN,0.3826,0.0118,0.6056
SPADES NINE HEARTS KING,0.3816,0.0058,0.6126
SPADES NINE HEARTS ACE,0.4006,0.0044,0.595
CLUBS TEN SPADES JACK,0.224,0.0594,0.7166
SPADES ACE CLUBS TEN,0.2636,0.0254,0.711
SPADES KING CLUBS TEN,0.2338,0.0328,0.7334
CLUBS TEN SPADES QUEEN,0.2502,0.0468,0.703
SPADES FIVE HEARTS QUEEN,0.4364,0.0104,0.5532
SPADES FIVE HEARTS KING,0.4422,0.0066,0.5512
SPADES FIVE HEARTS ACE,0.4262,0.0054,0.5684
HEARTS THREE SPADES JACK,0.4382,0.018,0.5438
SPADES JACK DIAMONDS KING,0.3332,0.007,0.6598
HEARTS FIVE CLUBS JACK,0.4294,0.0138,0.5568
CLUBS SIX HEARTS ACE,0.4192,0.0042,0.5766
CLUBS TEN HEARTS FIVE,0.5458,0.2196,0.2346
CLUBS TEN SPADES THREE,0.5526,0.2308,0.2166
CLUBS SIX HEARTS QUEEN,0.4184,0.0082,0.5734
SPADES THREE CLUBS JACK,0.4422,0.0162,0.5416
CLUBS SIX HEARTS KING,0.4298,0.0102,0.56
DIAMONDS TWO HEARTS JACK,0.431,0.0172,0.5518
SPADES THREE CLUBS QUEEN,0.4338,0.011,0.5552
DIAMONDS TWO HEARTS TEN,0.5632,0.2188,0.218
SPADES THREE CLUBS KING,0.4294,0.0072,0.5634
HEARTS FIVE CLUBS ACE,0.4236,0.0036,0.5728
SPADES FIVE HEARTS TEN,0.5556,0.2222,0.2222
SPADES THREE CLUBS ACE,0.4158,0.0054,0.5788
HEARTS FIVE CLUBS KING,0.4324,0.0078,0.5598
SPADES FIVE HEARTS JACK,0.4332,0.017,0.5498
HEARTS FIVE CLUBS QUEEN,0.4308,0.0112,0.558
HEARTS THREE CLUBS KING,0.4292,0.0082,0.5626
DIAMONDS KING CLUBS KING,0.1762,0.01,0.8138
HEARTS THREE CLUBS QUEEN,0.4402,0.0126,0.5472
DIAMONDS KING CLUBS QUEEN,0.338,0.0054,0.6566
HEARTS FIVE HEARTS JACK,0.4088,0.0168,0.5744
HEARTS FIVE HEARTS TEN,0.5106,0.2118,0.2776
HEARTS THREE CLUBS ACE,0.4398,0.003,0.5572
DIAMONDS KING CLUBS ACE,0.3532,0.0042,0.6426
SPADES ACE CLUBS QUEEN,0.3502,0.004,0.6458
SPADES KING CLUBS QUEEN,0.337,0.0082,0.6548
HEARTS THREE CLUBS JACK,0.4334,0.0146,0.552
DIAMONDS KING CLUBS JACK,0.334,0.0044,0.6616
SPADES QUEEN CLUBS QUEEN,0.1598,0.0146,0.8256
CLUBS TEN HEARTS THREE,0.5586,0.2286,0.2128
CLUBS TEN DIAMONDS KING,0.2498,0.0336,0.7166
SPADES JACK CLUBS QUEEN,0.327,0.0088,0.6642
CLUBS SIX CLUBS QUEEN,0.3882,0.0116,0.6002
CLUBS SIX CLUBS KING,0.4116,0.0082,0.5802
CLUBS SIX CLUBS ACE,0.4054,0.0036,0.591
HEARTS FIVE HEARTS KING,0.4104,0.0052,0.5844
HEARTS FIVE HEARTS QUEEN,0.4148,0.009,0.5762
CLUBS TEN CLUBS SIX,0.525,0.209,0.266
HEARTS FIVE HEARTS ACE,0.3984,0.0048,0.5968
CLUBS SIX CLUBS JACK,0.3976,0.0162,0.5862
SPADES SEVEN HEARTS JACK,0.4114,0.0184,0.5702
SPADES SEVEN HEARTS TEN,0.551,0.2302,0.2188
DIAMONDS TWO CLUBS TWO,0.4468,0.0542,0.499
DIAMONDS TWO CLUBS THREE,0.6416,0.028,0.3304
HEARTS SIX DIAMONDS TWO,0.6538,0.025,0.3212
DIAMONDS TWO HEARTS QUEEN,0.4274,0.0084,0.5642
DIAMONDS TWO HEARTS SEVEN,0.6636,0.0244,0.312
DIAMONDS TWO HEARTS KING,0.4314,0.0052,0.5634
DIAMONDS TWO HEARTS EIGHT,0.701,0.0754,0.2236
DIAMONDS TWO HEARTS ACE,0.4376,0.0028,0.5596
DIAMONDS TWO HEARTS NINE,0.65,0.0248,0.3252
DIAMONDS TWO DIAMONDS QUEEN,0.41,0.0134,0.5766
DIAMONDS TWO HEARTS TWO,0.4336,0.0494,0.517
DIAMONDS TWO DIAMONDS KING,0.3998,0.008,0.5922
HEARTS THREE DIAMONDS TWO,0.6472,0.0234,0.3294
DIAMONDS TWO DIAMONDS ACE,0.3902,0.0044,0.6054
HEARTS FOUR DIAMONDS TWO,0.6302,0.0258,0.344
DIAMONDS TWO HEARTS FIVE,0.6224,0.027,0.3506
SPADES SEVEN HEARTS ACE,0.4182,0.0038,0.578
DIAMONDS TWO DIAMONDS TEN,0.5172,0.2132,0.2696
SPADES SEVEN HEARTS KING,0.4108,0.0066,0.5826
DIAMONDS TWO DIAMONDS JACK,0.4126,0.0174,0.57
SPADES SEVEN HEARTS QUEEN,0.426,0.0114,0.5626
DIAMONDS TWO SPADES NINE,0.6568,0.0256,0.3176
DIAMONDS TWO SPADES EIGHT,0.7024,0.0798,0.2178
DIAMONDS TWO SPADES SEVEN,0.6848,0.025,0.2902
DIAMONDS TWO SPADES SIX,0.6488,0.0282,0.323
DIAMONDS TWO SPADES FIVE,0.6296,0.0294,0.341
DIAMONDS TWO SPADES FOUR,0.6396,0.024,0.3364
DIAMONDS TWO SPADES THREE,0.639,0.031,0.33
DIAMONDS TWO SPADES TWO,0.4574,0.0478,0.4948
CLUBS NINE DIAMONDS TWO,0.6404,0.0264,0.3332
DIAMONDS TWO CLUBS SEVEN,0.6762,0.027,0.2968
CLUBS SIX DIAMONDS TWO,0.6662,0.0284,0.3054
DIAMONDS TWO CLUBS FIVE,0.6456,0.0258,0.3286
DIAMONDS TWO CLUBS FOUR,0.6424,0.0256,0.332
CLUBS FOUR SPADES FIVE,0.6224,0.026,0.3516
CLUBS FOUR SPADES FOUR,0.455,0.0476,0.4974
CLUBS FOUR SPADES THREE,0.633,0.023,0.344
CLUBS FOUR SPADES TWO,0.6512,0.026,0.3228
SPADES NINE CLUBS FOUR,0.6624,0.0258,0.3118
CLUBS FOUR SPADES EIGHT,0.7016,0.0776,0.2208
CLUBS FOUR SPADES SEVEN,0.6482,0.025,0.3268
CLUBS FOUR SPADES SIX,0.6322,0.0254,0.3424
SPADES ACE DIAMONDS SIX,0.4196,0.0024,0.578
SPADES QUEEN DIAMONDS SIX,0.4202,0.0112,0.5686
SPADES KING DIAMONDS SIX,0.4314,0.0072,0.5614
SPADES JACK DIAMONDS SIX,0.4274,0.0172,0.5554
SPADES QUEEN SPADES TWO,0.411,0.0126,0.5764
SPADES KING SPADES TWO,0.4104,0.0102,0.5794
SPADES ACE SPADES TWO,0.414,0.0048,0.5812
DIAMONDS JACK CLUBS JACK,0.162,0.0218,0.8162
CLUBS TEN DIAMONDS JACK,0.237,0.056,0.707
DIAMONDS JACK CLUBS KING,0.3434,0.0074,0.6492
DIAMONDS JACK CLUBS QUEEN,0.3404,0.0096,0.65
DIAMONDS THREE DIAMONDS JACK,0.404,0.016,0.58
DIAMONDS THREE DIAMONDS TEN,0.5112,0.2206,0.2682
DIAMONDS JACK CLUBS ACE,0.3404,0.005,0.6546
DIAMONDS THREE DIAMONDS KING,0.4102,0.007,0.5828
HEARTS THREE DIAMONDS THREE,0.4536,0.0474,0.499
DIAMONDS THREE DIAMONDS QUEEN,0.4078,0.0086,0.5836
DIAMONDS THREE HEARTS TWO,0.64,0.0274,0.3326
HEARTS FIVE DIAMONDS THREE,0.6182,0.027,0.3548
DIAMONDS THREE DIAMONDS ACE,0.4072,0.0048,0.588
HEARTS FOUR DIAMONDS THREE,0.6088,0.0228,0.3684
DIAMONDS THREE HEARTS SEVEN,0.6418,0.0274,0.3308
HEARTS SIX DIAMONDS THREE,0.6306,0.022,0.3474
SPADES JACK SPADES NINE,0.3352,0.0166,0.6482
DIAMONDS THREE HEARTS NINE,0.6546,0.0256,0.3198
HEARTS JACK DIAMONDS FOUR,0.4264,0.0206,0.553
HEARTS KING HEARTS ACE,0.3224,0.004,0.6736
DIAMONDS THREE HEARTS EIGHT,0.6964,0.088,0.2156
HEARTS TEN DIAMONDS FOUR,0.5478,0.2162,0.236
SPADES JACK SPADES TWO,0.4202,0.0166,0.5632
HEARTS QUEEN DIAMONDS FOUR,0.4474,0.0092,0.5434
HEARTS KING DIAMONDS FOUR,0.4214,0.006,0.5726
SPADES ACE SPADES NINE,0.3796,0.0054,0.615
HEARTS ACE DIAMONDS FOUR,0.4272,0.0034,0.5694
SPADES KING SPADES NINE,0.3686,0.0074,0.624
SPADES QUEEN SPADES NINE,0.3428,0.0102,0.647
DIAMONDS THREE SPADES NINE,0.6514,0.0256,0.323
DIAMONDS THREE SPADES EIGHT,0.7072,0.0772,0.2156
DIAMONDS THREE SPADES SEVEN,0.6622,0.0292,0.3086
DIAMONDS THREE SPADES SIX,0.6374,0.0272,0.3354
CLUBS SIX DIAMONDS THREE,0.6266,0.0248,0.3486
CLUBS ACE DIAMONDS FOUR,0.4196,0.0066,0.5738
CLUBS SIX CLUBS FIVE,0.5976,0.0252,0.3772
CLUBS SEVEN CLUBS FIVE,0.6096,0.0266,0.3638
CLUBS SEVEN DIAMONDS THREE,0.6622,0.0244,0.3134
DIAMONDS THREE CLUBS FOUR,0.6332,0.0278,0.339
DIAMONDS FOUR CLUBS QUEEN,0.428,0.0124,0.5596
DIAMONDS THREE CLUBS FIVE,0.6214,0.0258,0.3528
CLUBS KING DIAMONDS FOUR,0.435,0.0066,0.5584
DIAMONDS THREE CLUBS TWO,0.631,0.0282,0.3408
CLUBS TEN DIAMONDS FOUR,0.5508,0.2294,0.2198
DIAMONDS THREE CLUBS THREE,0.4472,0.0474,0.5054
DIAMONDS FOUR CLUBS JACK,0.4216,0.0142,0.5642
DIAMONDS THREE SPADES FOUR,0.6374,0.029,0.3336
DIAMONDS THREE SPADES FIVE,0.6208,0.0236,0.3556
DIAMONDS THREE SPADES TWO,0.6414,0.0248,0.3338
DIAMONDS THREE SPADES THREE,0.4408,0.0548,0.5044
CLUBS NINE DIAMONDS THREE,0.6374,0.0268,0.3358
SPADES SEVEN CLUBS ACE,0.4144,0.0048,0.5808
SPADES SEVEN CLUBS QUEEN,0.4236,0.012,0.5644
SPADES SEVEN CLUBS KING,0.4142,0.0096,0.5762
CLUBS FIVE SPADES SEVEN,0.6358,0.0272,0.337
CLUBS TEN SPADES SEVEN,0.5454,0.225,0.2296
CLUBS FIVE SPADES SIX,0.6262,0.0292,0.3446
SPADES SEVEN CLUBS JACK,0.4066,0.018,0.5754
SPADES NINE CLUBS FIVE,0.653,0.0264,0.3206
SPADES EIGHT CLUBS FIVE,0.6812,0.089,0.2298
CLUBS FIVE SPADES THREE,0.634,0.0262,0.3398
CLUBS FIVE SPADES TWO,0.656,0.0262,0.3178
CLUBS FIVE SPADES FIVE,0.459,0.0454,0.4956
CLUBS FIVE SPADES FOUR,0.623,0.0268,0.3502
CLUBS NINE CLUBS FIVE,0.6084,0.0294,0.3622
CLUBS ACE CLUBS QUEEN,0.3452,0.0056,0.6492
CLUBS KING CLUBS QUEEN,0.3312,0.008,0.6608
DIAMONDS TEN DIAMONDS FOUR,0.5102,0.2096,0.2802
CLUBS TEN DIAMONDS NINE,0.2228,0.1704,0.6068
DIAMONDS JACK DIAMONDS FOUR,0.3982,0.0158,0.586
DIAMONDS NINE CLUBS JACK,0.3574,0.0132,0.6294
SPADES NINE CLUBS JACK,0.3592,0.0154,0.6254
CLUBS TEN SPADES NINE,0.2176,0.1816,0.6008
DIAMONDS ACE DIAMONDS FOUR,0.3992,0.0038,0.597
HEARTS FOUR DIAMONDS FOUR,0.431,0.0516,0.5174
DIAMONDS JACK HEARTS TEN,0.255,0.0444,0.7006
SPADES NINE CLUBS KING,0.3792,0.0076,0.6132
DIAMONDS NINE CLUBS ACE,0.4044,0.0056,0.59
HEARTS FIVE DIAMONDS FOUR,0.6028,0.0262,0.371
HEARTS JACK DIAMONDS JACK,0.166,0.0226,0.8114
SPADES NINE CLUBS QUEEN,0.3688,0.011,0.6202
DIAMONDS TWO SPADES JACK,0.4208,0.0154,0.5638
DIAMONDS QUEEN DIAMONDS FOUR,0.4134,0.0092,0.5774
HEARTS TWO DIAMONDS FOUR,0.6206,0.0248,0.3546
DIAMONDS NINE CLUBS QUEEN,0.3636,0.0112,0.6252
DIAMONDS KING DIAMONDS FOUR,0.3986,0.008,0.5934
HEARTS THREE DIAMONDS FOUR,0.6224,0.0216,0.356
SPADES NINE CLUBS ACE,0.3898,0.0038,0.6064
DIAMONDS NINE CLUBS KING,0.3598,0.0098,0.6304
HEARTS ACE DIAMONDS JACK,0.3674,0.003,0.6296
SPADES ACE DIAMONDS TWO,0.4286,0.006,0.5654
DIAMONDS JACK HEARTS QUEEN,0.3314,0.0078,0.6608
SPADES QUEEN DIAMONDS TWO,0.4516,0.0124,0.536
HEARTS KING DIAMONDS JACK,0.3608,0.006,0.6332
SPADES KING DIAMONDS TWO,0.4344,0.007,0.5586
SPADES JACK SPADES SEVEN,0.3814,0.0148,0.6038
CLUBS SEVEN CLUBS THREE,0.6318,0.0274,0.3408
CLUBS SIX CLUBS THREE,0.6166,0.023,0.3604
CLUBS FIVE CLUBS THREE,0.6046,0.026,0.3694
CLUBS FOUR CLUBS THREE,0.6138,0.0228,0.3634
CLUBS NINE CLUBS THREE,0.6224,0.0236,0.354
CLUBS THREE SPADES FIVE,0.6216,0.0264,0.352
CLUBS THREE SPADES FOUR,0.6306,0.0266,0.3428
CLUBS THREE SPADES THREE,0.4648,0.0452,0.49
CLUBS THREE SPADES TWO,0.6414,0.0296,0.329
SPADES SIX CLUBS THREE,0.6466,0.0284,0.325
SPADES SEVEN CLUBS THREE,0.6608,0.0296,0.3096
SPADES EIGHT CLUBS THREE,0.7186,0.0778,0.2036
SPADES NINE CLUBS THREE,0.6524,0.0242,0.3234
SPADES TWO DIAMONDS FOUR,0.6448,0.0256,0.3296
SPADES THREE DIAMONDS FOUR,0.6338,0.0232,0.343
SPADES FOUR DIAMONDS FOUR,0.441,0.0506,0.5084
SPADES FIVE DIAMONDS FOUR,0.62,0.0256,0.3544
SPADES SIX DIAMONDS FOUR,0.6282,0.0262,0.3456
SPADES SEVEN DIAMONDS FOUR,0.6498,0.0302,0.32
SPADES EIGHT DIAMONDS FOUR,0.686,0.0792,0.2348
SPADES NINE DIAMONDS FOUR,0.6638,0.024,0.3122
CLUBS FIVE DIAMONDS FOUR,0.6176,0.0266,0.3558
CLUBS FOUR DIAMONDS FOUR,0.4456,0.0472,0.5072
CLUBS SEVEN DIAMONDS FOUR,0.6476,0.0244,0.328
CLUBS SIX DIAMONDS FOUR,0.6308,0.0228,0.3464
CLUBS NINE DIAMONDS FOUR,0.6622,0.023,0.3148
DIAMONDS FOUR HEARTS SEVEN,0.6366,0.0242,0.3392
HEARTS SIX DIAMONDS FOUR,0.6184,0.0268,0.3548
HEARTS NINE DIAMONDS FOUR,0.6452,0.0258,0.329
DIAMONDS FOUR HEARTS EIGHT,0.677,0.0748,0.2482
CLUBS THREE DIAMONDS FOUR,0.6312,0.0248,0.344
CLUBS TWO DIAMONDS FOUR,0.6416,0.0282,0.3302
DIAMONDS TEN DIAMONDS FIVE,0.503,0.2158,0.2812
DIAMONDS JACK DIAMONDS FIVE,0.4082,0.0194,0.5724
DIAMONDS NINE HEARTS QUEEN,0.3742,0.0106,0.6152
HEARTS KING DIAMONDS NINE,0.3736,0.0066,0.6198
DIAMONDS NINE HEARTS ACE,0.3728,0.0032,0.624
DIAMONDS NINE HEARTS TEN,0.2332,0.1772,0.5896
DIAMONDS NINE HEARTS JACK,0.365,0.0134,0.6216
CLUBS KING DIAMONDS SIX,0.4138,0.004,0.5822
CLUBS QUEEN DIAMONDS SIX,0.4116,0.0114,0.577
CLUBS ACE DIAMONDS SIX,0.4178,0.005,0.5772
SPADES KING DIAMONDS FOUR,0.4314,0.0072,0.5614
SPADES ACE SPADES SEVEN,0.3904,0.0046,0.605
SPADES QUEEN DIAMONDS FOUR,0.4228,0.013,0.5642
SPADES QUEEN SPADES SEVEN,0.4056,0.0104,0.584
CLUBS JACK DIAMONDS SIX,0.4134,0.0142,0.5724
SPADES KING SPADES SEVEN,0.4,0.0062,0.5938
SPADES ACE DIAMONDS FOUR,0.4252,0.0054,0.5694
CLUBS TEN DIAMONDS SIX,0.5468,0.226,0.2272
CLUBS NINE CLUBS FOUR,0.6144,0.0262,0.3594
SPADES JACK DIAMONDS FOUR,0.4298,0.0198,0.5504
CLUBS FOUR CLUBS FIVE,0.5774,0.023,0.3996
CLUBS SEVEN CLUBS FOUR,0.6114,0.0294,0.3592
CLUBS SIX CLUBS FOUR,0.6118,0.0226,0.3656
CLUBS SEVEN SPADES EIGHT,0.6628,0.0788,0.2584
CLUBS SEVEN SPADES NINE,0.6212,0.025,0.3538
CLUBS SEVEN SPADES SIX,0.6326,0.0262,0.3412
CLUBS SEVEN SPADES SEVEN,0.4262,0.0488,0.525
CLUBS SEVEN SPADES FIVE,0.6456,0.0214,0.333
CLUBS SEVEN SPADES FOUR,0.6586,0.0314,0.31
CLUBS SEVEN SPADES THREE,0.6618,0.0262,0.312
CLUBS SEVEN SPADES TWO,0.6886,0.0272,0.2842
CLUBS NINE CLUBS SEVEN,0.5698,0.0236,0.4066
HEARTS SIX DIAMONDS FIVE,0.608,0.026,0.366
DIAMONDS FIVE HEARTS SEVEN,0.6326,0.0258,0.3416
DIAMONDS FIVE HEARTS EIGHT,0.6746,0.0758,0.2496
HEARTS NINE DIAMONDS FIVE,0.6238,0.026,0.3502
DIAMONDS QUEEN DIAMONDS FIVE,0.4074,0.0084,0.5842
HEARTS TWO DIAMONDS FIVE,0.629,0.0272,0.3438
HEARTS KING HEARTS EIGHT,0.2702,0.0282,0.7016
DIAMONDS KING DIAMONDS FIVE,0.4216,0.0066,0.5718
HEARTS THREE DIAMONDS FIVE,0.6166,0.0268,0.3566
HEARTS QUEEN HEARTS EIGHT,0.2506,0.0396,0.7098
DIAMONDS ACE DIAMONDS FIVE,0.395,0.003,0.602
HEARTS FOUR DIAMONDS FIVE,0.6188,0.0232,0.358
HEARTS FIVE DIAMONDS FIVE,0.4518,0.0444,0.5038
HEARTS ACE HEARTS EIGHT,0.2582,0.0158,0.726
CLUBS FOUR DIAMONDS FIVE,0.6168,0.0272,0.356
CLUBS FIVE DIAMONDS FIVE,0.4486,0.0442,0.5072
CLUBS SIX DIAMONDS FIVE,0.6032,0.0308,0.366
CLUBS SEVEN DIAMONDS FIVE,0.6356,0.0246,0.3398
CLUBS TWO DIAMONDS FIVE,0.6336,0.0258,0.3406
CLUBS THREE DIAMONDS FIVE,0.6348,0.0256,0.3396
SPADES THREE DIAMONDS FIVE,0.6174,0.0262,0.3564
SPADES TWO DIAMONDS FIVE,0.6352,0.0268,0.338
SPADES JACK DIAMONDS EIGHT,0.2462,0.0564,0.6974
SPADES FIVE DIAMONDS FIVE,0.4386,0.0458,0.5156
CLUBS TEN HEARTS JACK,0.239,0.0528,0.7082
SPADES FOUR DIAMONDS FIVE,0.6144,0.0274,0.3582
HEARTS JACK CLUBS JACK,0.1616,0.0214,0.817
HEARTS JACK CLUBS QUEEN,0.3418,0.0094,0.6488
CLUBS NINE DIAMONDS FIVE,0.6396,0.027,0.3334
HEARTS JACK CLUBS KING,0.33,0.007,0.663
HEARTS JACK CLUBS ACE,0.3518,0.003,0.6452
SPADES SEVEN DIAMONDS FIVE,0.6414,0.0236,0.335
SPADES KING DIAMONDS EIGHT,0.2764,0.0284,0.6952
SPADES SIX DIAMONDS FIVE,0.6186,0.0288,0.3526
SPADES QUEEN DIAMONDS EIGHT,0.2644,0.0438,0.6918
SPADES NINE DIAMONDS FIVE,0.6416,0.0262,0.3322
SPADES EIGHT DIAMONDS FIVE,0.6814,0.0782,0.2404
SPADES ACE DIAMONDS EIGHT,0.2812,0.02,0.6988
DIAMONDS TEN DIAMONDS SIX,0.5142,0.2058,0.28
HEARTS ACE DIAMONDS SEVEN,0.4244,0.0034,0.5722
DIAMONDS JACK DIAMONDS SIX,0.406,0.0154,0.5786
HEARTS QUEEN DIAMONDS SEVEN,0.4086,0.012,0.5794
HEARTS KING DIAMONDS SEVEN,0.4046,0.0054,0.59
DIAMONDS ACE DIAMONDS SIX,0.3966,0.0022,0.6012
HEARTS FOUR DIAMONDS SIX,0.6264,0.0242,0.3494
HEARTS JACK SPADES TWO,0.4386,0.0196,0.5418
HEARTS FIVE DIAMONDS SIX,0.6288,0.0238,0.3474
SPADES TWO HEARTS TEN,0.559,0.2214,0.2196
DIAMONDS QUEEN DIAMONDS SIX,0.4026,0.0122,0.5852
HEARTS TWO DIAMONDS SIX,0.654,0.025,0.321
DIAMONDS KING DIAMONDS SIX,0.4058,0.0058,0.5884
HEARTS THREE DIAMONDS SIX,0.6378,0.0254,0.3368
HEARTS EIGHT DIAMONDS SIX,0.6648,0.0806,0.2546
HEARTS NINE DIAMONDS SIX,0.6222,0.0228,0.355
HEARTS SIX DIAMONDS SIX,0.428,0.0514,0.5206
HEARTS SEVEN DIAMONDS SIX,0.6066,0.0256,0.3678
HEARTS TEN DIAMONDS SEVEN,0.5554,0.2218,0.2228
CLUBS TWO DIAMONDS SIX,0.658,0.0262,0.3158
HEARTS JACK DIAMONDS SEVEN,0.409,0.0148,0.5762
CLUBS THREE DIAMONDS SIX,0.632,0.0256,0.3424
DIAMONDS EIGHT CLUBS JACK,0.2496,0.055,0.6954
CLUBS SEVEN DIAMONDS SIX,0.6236,0.0276,0.3488
CLUBS SIX DIAMONDS SIX,0.4426,0.0496,0.5078
CLUBS TEN DIAMONDS EIGHT,0.0094,0.9734,0.0172
CLUBS FIVE DIAMONDS SIX,0.616,0.0256,0.3584
CLUBS FOUR DIAMONDS SIX,0.6204,0.028,0.3516
HEARTS ACE HEARTS JACK,0.327,0.0038,0.6692
DIAMONDS EIGHT CLUBS ACE,0.2902,0.022,0.6878
HEARTS JACK HEARTS QUEEN,0.3212,0.0104,0.6684
DIAMONDS EIGHT CLUBS KING,0.2896,0.0276,0.6828
CLUBS NINE DIAMONDS SIX,0.621,0.029,0.35
HEARTS KING HEARTS JACK,0.3324,0.0056,0.662
DIAMONDS EIGHT CLUBS QUEEN,0.2664,0.0416,0.692
SPADES FIVE DIAMONDS SIX,0.6176,0.0222,0.3602
HEARTS ACE SPADES TWO,0.4296,0.006,0.5644
SPADES JACK HEARTS KING,0.3416,0.0096,0.6488
SPADES FOUR DIAMONDS SIX,0.6396,0.023,0.3374
SPADES THREE DIAMONDS SIX,0.6586,0.0226,0.3188
SPADES TWO HEARTS QUEEN,0.4312,0.0102,0.5586
SPADES ACE SPADES KING,0.3498,0.005,0.6452
HEARTS KING SPADES TWO,0.4394,0.007,0.5536
SPADES TWO DIAMONDS SIX,0.661,0.027,0.312
HEARTS TEN HEARTS EIGHT,0.0218,0.9014,0.0768
SPADES NINE DIAMONDS SIX,0.6336,0.0292,0.3372
HEARTS JACK HEARTS EIGHT,0.2342,0.0616,0.7042
SPADES EIGHT DIAMONDS SIX,0.6736,0.0824,0.244
SPADES SEVEN DIAMONDS SIX,0.6228,0.0286,0.3486
SPADES SIX DIAMONDS SIX,0.4424,0.0466,0.511
SPADES KING HEARTS KING,0.1726,0.0088,0.8186
SPADES QUEEN HEARTS KING,0.3406,0.0056,0.6538
CLUBS ACE CLUBS KING,0.3422,0.0046,0.6532
SPADES ACE HEARTS KING,0.3586,0.003,0.6384
SPADES ACE HEARTS JACK,0.343,0.0054,0.6516
SPADES QUEEN HEARTS JACK,0.3298,0.0082,0.662
SPADES KING HEARTS JACK,0.3324,0.0068,0.6608
SPADES JACK DIAMONDS TEN,0.2448,0.0548,0.7004
SPADES ACE DIAMONDS TEN,0.2672,0.0222,0.7106
SPADES JACK HEARTS JACK,0.1548,0.0216,0.8236
SPADES QUEEN DIAMONDS TEN,0.253,0.041,0.706
SPADES KING DIAMONDS TEN,0.2634,0.035,0.7016
SPADES NINE DIAMONDS SEVEN,0.6218,0.0248,0.3534
SPADES EIGHT DIAMONDS SEVEN,0.674,0.0716,0.2544
SPADES SEVEN DIAMONDS SEVEN,0.4324,0.044,0.5236
SPADES SIX DIAMONDS SEVEN,0.6236,0.0236,0.3528
DIAMONDS KING DIAMONDS SEVEN,0.388,0.0074,0.6046
HEARTS THREE DIAMONDS SEVEN,0.6764,0.0262,0.2974
HEARTS KING DIAMONDS FIVE,0.4388,0.0062,0.555
DIAMONDS QUEEN DIAMONDS SEVEN,0.3918,0.0088,0.5994
HEARTS TWO DIAMONDS SEVEN,0.6714,0.0244,0.3042
HEARTS QUEEN DIAMONDS FIVE,0.4214,0.0116,0.567
HEARTS FIVE DIAMONDS SEVEN,0.6366,0.0224,0.341
DIAMONDS ACE DIAMONDS SEVEN,0.3982,0.0038,0.598
HEARTS FOUR DIAMONDS SEVEN,0.6414,0.0236,0.335
HEARTS ACE DIAMONDS FIVE,0.4184,0.0038,0.5778
HEARTS SEVEN DIAMONDS SEVEN,0.4092,0.0468,0.544
HEARTS SIX DIAMONDS SEVEN,0.6092,0.024,0.3668
HEARTS NINE DIAMONDS SEVEN,0.6152,0.0298,0.355
DIAMONDS SEVEN HEARTS EIGHT,0.655,0.0782,0.2668
DIAMONDS JACK DIAMONDS SEVEN,0.3724,0.0196,0.608
HEARTS JACK DIAMONDS FIVE,0.431,0.0152,0.5538
DIAMONDS TEN DIAMONDS SEVEN,0.526,0.2068,0.2672
DIAMONDS FIVE HEARTS TEN,0.5538,0.2202,0.226
SPADES KING CLUBS TWO,0.4372,0.008,0.5548
HEARTS KING CLUBS KING,0.1732,0.01,0.8168
SPADES QUEEN CLUBS TWO,0.4248,0.0136,0.5616
HEARTS KING CLUBS QUEEN,0.3516,0.0062,0.6422
CLUBS NINE DIAMONDS SEVEN,0.6282,0.0228,0.349
SPADES TWO CLUBS JACK,0.434,0.0174,0.5486
SPADES ACE CLUBS TWO,0.4404,0.0062,0.5534
CLUBS TEN SPADES TWO,0.5532,0.2324,0.2144
HEARTS KING CLUBS ACE,0.3426,0.0032,0.6542
CLUBS SIX CLUBS SEVEN,0.5896,0.0242,0.3862
SPADES TWO CLUBS KING,0.4322,0.0098,0.558
SPADES TWO DIAMONDS SEVEN,0.6738,0.0226,0.3036
SPADES THREE DIAMONDS SEVEN,0.6522,0.0268,0.321
SPADES TWO CLUBS QUEEN,0.4466,0.0112,0.5422
CLUBS NINE CLUBS SIX,0.5926,0.0262,0.3812
SPADES FOUR DIAMONDS SEVEN,0.647,0.024,0.329
HEARTS KING CLUBS JACK,0.3414,0.0068,0.6518
SPADES FIVE DIAMONDS SEVEN,0.6338,0.0274,0.3388
SPADES TWO CLUBS ACE,0.4238,0.0044,0.5718
CLUBS TEN HEARTS KING,0.244,0.0344,0.7216
CLUBS SIX SPADES TWO,0.6658,0.0304,0.3038
CLUBS SIX SPADES THREE,0.6504,0.029,0.3206
CLUBS TWO DIAMONDS SEVEN,0.6762,0.028,0.2958
CLUBS SIX SPADES FOUR,0.63,0.0262,0.3438
CLUBS THREE DIAMONDS SEVEN,0.6748,0.0254,0.2998
CLUBS SIX SPADES FIVE,0.6278,0.028,0.3442
CLUBS FOUR DIAMONDS SEVEN,0.6346,0.0256,0.3398
CLUBS SIX SPADES SIX,0.453,0.0426,0.5044
CLUBS FIVE DIAMONDS SEVEN,0.623,0.024,0.353
CLUBS SIX SPADES SEVEN,0.6322,0.0242,0.3436
CLUBS SIX DIAMONDS SEVEN,0.6376,0.0258,0.3366
CLUBS SIX SPADES EIGHT,0.667,0.082,0.251
SPADES JACK CLUBS TWO,0.4424,0.0146,0.543
CLUBS SIX SPADES NINE,0.6392,0.0266,0.3342
CLUBS SEVEN DIAMONDS SEVEN,0.4232,0.0374,0.5394
CLUBS TWO CLUBS QUEEN,0.4162,0.013,0.5708
CLUBS TWO CLUBS KING,0.4176,0.0076,0.5748
CLUBS THREE DIAMONDS EIGHT,0.7056,0.0802,0.2142
CLUBS TWO CLUBS ACE,0.4052,0.0058,0.589
CLUBS TWO DIAMONDS EIGHT,0.7092,0.0786,0.2122
DIAMONDS EIGHT HEARTS SEVEN,0.662,0.0772,0.2608
HEARTS SIX DIAMONDS EIGHT,0.6732,0.0672,0.2596
DIAMONDS EIGHT HEARTS NINE,0.6742,0.072,0.2538
CLUBS TEN CLUBS TWO,0.5276,0.2094,0.263
DIAMONDS EIGHT HEARTS EIGHT,0.3256,0.0432,0.6312
CLUBS TWO CLUBS JACK,0.415,0.0164,0.5686
CLUBS NINE DIAMONDS EIGHT,0.674,0.0708,0.2552
CLUBS FIVE DIAMONDS EIGHT,0.685,0.0796,0.2354
SPADES ACE SPADES THREE,0.4118,0.0044,0.5838
CLUBS FOUR DIAMONDS EIGHT,0.691,0.0708,0.2382
SPADES QUEEN SPADES THREE,0.4164,0.0118,0.5718
CLUBS SEVEN DIAMONDS EIGHT,0.6668,0.0808,0.2524
CLUBS SIX DIAMONDS EIGHT,0.677,0.0722,0.2508
SPADES KING SPADES THREE,0.4146,0.007,0.5784
DIAMONDS QUEEN DIAMONDS EIGHT,0.2486,0.0444,0.707
HEARTS TWO DIAMONDS EIGHT,0.6918,0.0796,0.2286
DIAMONDS KING DIAMONDS EIGHT,0.2668,0.0272,0.706
HEARTS THREE DIAMONDS EIGHT,0.6942,0.0804,0.2254
DIAMONDS ACE DIAMONDS EIGHT,0.2628,0.0212,0.716
HEARTS FOUR DIAMONDS EIGHT,0.6796,0.0746,0.2458
HEARTS FIVE DIAMONDS EIGHT,0.699,0.0752,0.2258
DIAMONDS EIGHT DIAMONDS TEN,0.0222,0.8968,0.081
DIAMONDS EIGHT DIAMONDS JACK,0.2462,0.0528,0.701
SPADES JACK SPADES THREE,0.4134,0.0156,0.571
CLUBS FOUR HEARTS ACE,0.4342,0.0024,0.5634
CLUBS FOUR HEARTS QUEEN,0.426,0.0106,0.5634
CLUBS FOUR HEARTS KING,0.4376,0.0044,0.558
CLUBS SIX HEARTS TEN,0.5526,0.225,0.2224
CLUBS SIX HEARTS JACK,0.4292,0.0184,0.5524
SPADES FOUR DIAMONDS EIGHT,0.6894,0.0826,0.228
SPADES FIVE DIAMONDS EIGHT,0.6916,0.0756,0.2328
DIAMONDS EIGHT SPADES TWO,0.6992,0.0778,0.223
DIAMONDS EIGHT SPADES THREE,0.6956,0.0828,0.2216
CLUBS FOUR HEARTS JACK,0.4192,0.0166,0.5642
SPADES EIGHT DIAMONDS EIGHT,0.3058,0.0446,0.6496
SPADES JACK HEARTS EIGHT,0.2592,0.0596,0.6812
CLUBS FOUR HEARTS TEN,0.5456,0.2282,0.2262
SPADES NINE DIAMONDS EIGHT,0.692,0.0704,0.2376
SPADES JACK HEARTS TWO,0.4268,0.0174,0.5558
SPADES JACK DIAMONDS QUEEN,0.3212,0.0108,0.668
SPADES SIX DIAMONDS EIGHT,0.6776,0.0784,0.244
SPADES SEVEN DIAMONDS EIGHT,0.662,0.0808,0.2572
SPADES ACE HEARTS TWO,0.433,0.004,0.563
SPADES ACE DIAMONDS QUEEN,0.3604,0.005,0.6346
SPADES ACE HEARTS EIGHT,0.278,0.0218,0.7002
SPADES KING HEARTS EIGHT,0.2798,0.026,0.6942
SPADES QUEEN HEARTS TWO,0.4246,0.0138,0.5616
SPADES QUEEN DIAMONDS QUEEN,0.1706,0.0178,0.8116
SPADES KING DIAMONDS QUEEN,0.3622,0.0064,0.6314
SPADES KING HEARTS TWO,0.4388,0.0074,0.5538
SPADES QUEEN HEARTS EIGHT,0.2546,0.042,0.7034
CLUBS TWO HEARTS TEN,0.57,0.2124,0.2176
CLUBS TWO HEARTS JACK,0.4332,0.0162,0.5506
SPADES SEVEN DIAMONDS NINE,0.6228,0.0266,0.3506
SPADES SIX DIAMONDS NINE,0.6404,0.026,0.3336
SPADES NINE DIAMONDS NINE,0.2882,0.0392,0.6726
SPADES EIGHT DIAMONDS NINE,0.669,0.0748,0.2562
DIAMONDS NINE SPADES THREE,0.6446,0.0286,0.3268
SPADES JACK CLUBS KING,0.3362,0.0084,0.6554
DIAMONDS NINE SPADES TWO,0.6622,0.026,0.3118
SPADES FIVE DIAMONDS NINE,0.653,0.0226,0.3244
DIAMONDS NINE SPADES FOUR,0.6524,0.027,0.3206
CLUBS NINE DIAMONDS NINE,0.2836,0.0392,0.6772
CLUBS SIX DIAMONDS NINE,0.6278,0.0232,0.349
SPADES JACK CLUBS FOUR,0.4222,0.0184,0.5594
CLUBS SEVEN DIAMONDS NINE,0.6266,0.0248,0.3486
CLUBS FOUR DIAMONDS NINE,0.6578,0.0254,0.3168
CLUBS FIVE DIAMONDS NINE,0.641,0.0252,0.3338
CLUBS TWO DIAMONDS NINE,0.6684,0.0238,0.3078
CLUBS THREE DIAMONDS NINE,0.6536,0.0256,0.3208
DIAMONDS NINE HEARTS EIGHT,0.6722,0.0782,0.2496
DIAMONDS NINE HEARTS NINE,0.2946,0.0376,0.6678
HEARTS SIX DIAMONDS NINE,0.6264,0.0246,0.349
DIAMONDS NINE HEARTS SEVEN,0.605,0.0222,0.3728
DIAMONDS ACE DIAMONDS NINE,0.3676,0.003,0.6294
HEARTS FOUR DIAMONDS NINE,0.6468,0.0206,0.3326
HEARTS FIVE DIAMONDS NINE,0.636,0.0248,0.3392
CLUBS TWO HEARTS ACE,0.4282,0.004,0.5678
SPADES ACE CLUBS FOUR,0.426,0.0062,0.5678
DIAMONDS QUEEN DIAMONDS NINE,0.3488,0.0114,0.6398
HEARTS TWO DIAMONDS NINE,0.645,0.0298,0.3252
CLUBS TWO HEARTS KING,0.4342,0.006,0.5598
SPADES KING CLUBS FOUR,0.4274,0.0078,0.5648
DIAMONDS KING DIAMONDS NINE,0.362,0.0052,0.6328
HEARTS THREE DIAMONDS NINE,0.6442,0.0252,0.3306
CLUBS TWO HEARTS QUEEN,0.4422,0.011,0.5468
SPADES QUEEN CLUBS FOUR,0.4354,0.0116,0.553
DIAMONDS NINE DIAMONDS JACK,0.3366,0.015,0.6484
DIAMONDS NINE DIAMONDS TEN,0.2196,0.1574,0.623
HEARTS SIX DIAMONDS TEN,0.5518,0.2098,0.2384
DIAMONDS TEN HEARTS SEVEN,0.545,0.2262,0.2288
DIAMONDS TEN HEARTS EIGHT,0.0238,0.9522,0.024
CLUBS FOUR CLUBS JACK,0.4144,0.016,0.5696
DIAMONDS TEN HEARTS NINE,0.2388,0.1632,0.598
CLUBS TEN CLUBS FOUR,0.5314,0.2144,0.2542
CLUBS FOUR CLUBS KING,0.4018,0.0078,0.5904
CLUBS FOUR CLUBS QUEEN,0.4214,0.0082,0.5704
CLUBS TWO DIAMONDS TEN,0.5654,0.2186,0.216
CLUBS THREE DIAMONDS TEN,0.5654,0.217,0.2176
CLUBS FOUR CLUBS ACE,0.4106,0.0036,0.5858
DIAMONDS JACK DIAMONDS TEN,0.2434,0.0558,0.7008
DIAMONDS QUEEN DIAMONDS TEN,0.236,0.048,0.716
HEARTS TWO DIAMONDS TEN,0.5706,0.2118,0.2176
DIAMONDS KING DIAMONDS TEN,0.2348,0.0268,0.7384
HEARTS THREE DIAMONDS TEN,0.5596,0.2172,0.2232
DIAMONDS ACE DIAMONDS TEN,0.2562,0.0192,0.7246
HEARTS FOUR DIAMONDS TEN,0.5498,0.2198,0.2304
HEARTS FIVE DIAMONDS TEN,0.544,0.219,0.237
CLUBS NINE SPADES THREE,0.6552,0.0218,0.323
CLUBS NINE SPADES TWO,0.6562,0.0276,0.3162
CLUBS NINE SPADES FIVE,0.6514,0.0236,0.325
CLUBS NINE SPADES FOUR,0.6518,0.0276,0.3206
CLUBS NINE SPADES SEVEN,0.6254,0.0262,0.3484
CLUBS NINE SPADES SIX,0.6256,0.0264,0.348
CLUBS NINE SPADES NINE,0.2872,0.0434,0.6694
CLUBS TEN HEARTS EIGHT,0.0104,0.972,0.0176
CLUBS NINE SPADES EIGHT,0.6818,0.065,0.2532
CLUBS JACK HEARTS EIGHT,0.2476,0.055,0.6974
CLUBS QUEEN HEARTS EIGHT,0.2634,0.0426,0.694
CLUBS KING HEARTS EIGHT,0.2744,0.0332,0.6924
CLUBS ACE HEARTS EIGHT,0.282,0.0194,0.6986
SPADES KING CLUBS KING,0.1594,0.0114,0.8292
SPADES QUEEN CLUBS KING,0.3354,0.007,0.6576
SPADES ACE CLUBS KING,0.3502,0.0064,0.6434
DIAMONDS ACE HEARTS TEN,0.2868,0.0206,0.6926
HEARTS FOUR HEARTS TEN,0.5234,0.206,0.2706
DIAMONDS ACE HEARTS JACK,0.3602,0.004,0.6358
HEARTS FOUR HEARTS JACK,0.4018,0.0152,0.583
SPADES KING CLUBS FIVE,0.4324,0.0068,0.5608
SPADES QUEEN CLUBS FIVE,0.4232,0.0116,0.5652
SPADES ACE CLUBS FIVE,0.4336,0.0054,0.561
DIAMONDS JACK HEARTS SEVEN,0.4124,0.0138,0.5738
HEARTS SIX DIAMONDS JACK,0.4292,0.0154,0.5554
DIAMONDS JACK HEARTS NINE,0.3566,0.0142,0.6292
DIAMONDS JACK HEARTS EIGHT,0.2512,0.0522,0.6966
DIAMONDS KING DIAMONDS JACK,0.3354,0.0074,0.6572
HEARTS THREE DIAMONDS JACK,0.4438,0.0198,0.5364
SPADES ACE SPADES SIX,0.4102,0.0062,0.5836
SPADES FOUR HEARTS ACE,0.4378,0.0046,0.5576
DIAMONDS QUEEN DIAMONDS JACK,0.3092,0.0092,0.6816
HEARTS TWO DIAMONDS JACK,0.4456,0.0174,0.537
HEARTS FIVE DIAMONDS JACK,0.4352,0.0128,0.552
SPADES QUEEN SPADES SIX,0.4124,0.0098,0.5778
SPADES FOUR HEARTS QUEEN,0.442,0.0096,0.5484
DIAMONDS ACE DIAMONDS JACK,0.3404,0.003,0.6566
HEARTS FOUR DIAMONDS JACK,0.4172,0.0168,0.566
SPADES KING SPADES SIX,0.4234,0.008,0.5686
HEARTS KING SPADES FOUR,0.4484,0.0068,0.5448
SPADES JACK SPADES SIX,0.4066,0.016,0.5774
SPADES FOUR DIAMONDS JACK,0.4344,0.0178,0.5478
SPADES FIVE DIAMONDS JACK,0.4278,0.0192,0.553
DIAMONDS JACK SPADES TWO,0.442,0.0188,0.5392
SPADES THREE DIAMONDS JACK,0.4424,0.0178,0.5398
SPADES ACE DIAMONDS THREE,0.429,0.003,0.568
SPADES QUEEN DIAMONDS THREE,0.438,0.0124,0.5496
SPADES KING DIAMONDS THREE,0.433,0.0068,0.5602
CLUBS NINE DIAMONDS JACK,0.3522,0.0138,0.634
CLUBS SIX DIAMONDS JACK,0.4174,0.02,0.5626
CLUBS SEVEN DIAMONDS JACK,0.4212,0.0184,0.5604
CLUBS FOUR DIAMONDS JACK,0.4432,0.0154,0.5414
CLUBS FIVE DIAMONDS JACK,0.4266,0.0174,0.556
CLUBS TWO DIAMONDS JACK,0.4398,0.0178,0.5424
CLUBS THREE DIAMONDS JACK,0.4378,0.0182,0.544
HEARTS SIX SPADES JACK,0.407,0.0166,0.5764
SPADES JACK CLUBS FIVE,0.4244,0.0208,0.5548
SPADES JACK DIAMONDS THREE,0.431,0.015,0.554
CLUBS SEVEN CLUBS ACE,0.3984,0.0042,0.5974
CLUBS SEVEN CLUBS QUEEN,0.3964,0.0074,0.5962
CLUBS SEVEN CLUBS KING,0.398,0.0058,0.5962
SPADES NINE DIAMONDS JACK,0.3568,0.0144,0.6288
CLUBS TEN CLUBS SEVEN,0.5332,0.2042,0.2626
DIAMONDS ACE HEARTS ACE,0.1784,0.0024,0.8192
HEARTS FOUR HEARTS ACE,0.404,0.005,0.591
SPADES EIGHT DIAMONDS JACK,0.254,0.0544,0.6916
SPADES ACE HEARTS SIX,0.4258,0.0036,0.5706
CLUBS SEVEN CLUBS JACK,0.401,0.0164,0.5826
DIAMONDS ACE HEARTS KING,0.3576,0.0036,0.6388
HEARTS FOUR HEARTS KING,0.4082,0.0072,0.5846
SPADES SEVEN DIAMONDS JACK,0.42,0.018,0.562
SPADES KING HEARTS SIX,0.4166,0.0062,0.5772
DIAMONDS ACE HEARTS QUEEN,0.3478,0.0044,0.6478
HEARTS FOUR HEARTS QUEEN,0.4072,0.0094,0.5834
SPADES SIX DIAMONDS JACK,0.4368,0.0146,0.5486
SPADES QUEEN HEARTS SIX,0.4212,0.0098,0.569
SPADES TWO DIAMONDS TEN,0.5628,0.2256,0.2116
SPADES THREE DIAMONDS TEN,0.5578,0.2262,0.216
SPADES FOUR DIAMONDS TEN,0.5416,0.2268,0.2316
SPADES FIVE DIAMONDS TEN,0.557,0.222,0.221
SPADES SIX DIAMONDS TEN,0.556,0.2228,0.2212
SPADES SEVEN DIAMONDS TEN,0.5512,0.2136,0.2352
SPADES EIGHT DIAMONDS TEN,0.0164,0.9698,0.0138
SPADES NINE DIAMONDS TEN,0.235,0.169,0.596
CLUBS FOUR DIAMONDS TEN,0.5474,0.2302,0.2224
CLUBS FIVE DIAMONDS TEN,0.5546,0.2274,0.218
CLUBS SIX DIAMONDS TEN,0.5688,0.2178,0.2134
CLUBS SEVEN DIAMONDS TEN,0.552,0.232,0.216
CLUBS NINE DIAMONDS TEN,0.2292,0.1742,0.5966
DIAMONDS THREE CLUBS JACK,0.4324,0.0188,0.5488
CLUBS TEN DIAMONDS THREE,0.5614,0.2274,0.2112
DIAMONDS THREE CLUBS KING,0.4528,0.0076,0.5396
DIAMONDS THREE CLUBS QUEEN,0.4342,0.0126,0.5532
DIAMONDS THREE CLUBS ACE,0.4322,0.0042,0.5636
SPADES FOUR HEARTS JACK,0.4256,0.0156,0.5588
SPADES FOUR HEARTS TEN,0.5522,0.2272,0.2206
SPADES FIVE SPADES TWO,0.5984,0.0272,0.3744
SPADES FOUR SPADES TWO,0.6068,0.0228,0.3704
SPADES THREE SPADES TWO,0.607,0.0298,0.3632
SPADES NINE SPADES TWO,0.6306,0.0262,0.3432
SPADES EIGHT SPADES TWO,0.67,0.0818,0.2482
SPADES SEVEN SPADES TWO,0.6468,0.0252,0.328
SPADES SIX SPADES TWO,0.6246,0.027,0.3484
DIAMONDS QUEEN CLUBS THREE,0.443,0.0104,0.5466
HEARTS TWO CLUBS THREE,0.6398,0.0226,0.3376
DIAMONDS QUEEN CLUBS TWO,0.4406,0.0078,0.5516
CLUBS TWO HEARTS TWO,0.4512,0.057,0.4918
DIAMONDS QUEEN HEARTS SEVEN,0.4254,0.0094,0.5652
HEARTS TWO HEARTS SEVEN,0.6144,0.0248,0.3608
HEARTS SIX DIAMONDS QUEEN,0.429,0.0116,0.5594
HEARTS SIX HEARTS TWO,0.6102,0.024,0.3658
DIAMONDS QUEEN HEARTS NINE,0.3774,0.0078,0.6148
HEARTS TWO HEARTS NINE,0.602,0.0242,0.3738
DIAMONDS QUEEN HEARTS EIGHT,0.2736,0.0378,0.6886
HEARTS TWO HEARTS EIGHT,0.6642,0.0738,0.262
CLUBS NINE HEARTS TWO,0.6588,0.0204,0.3208
CLUBS NINE DIAMONDS QUEEN,0.366,0.011,0.623
CLUBS FIVE DIAMONDS QUEEN,0.4214,0.0094,0.5692
CLUBS FIVE HEARTS TWO,0.6292,0.027,0.3438
SPADES EIGHT HEARTS ACE,0.2858,0.023,0.6912
CLUBS FOUR DIAMONDS QUEEN,0.433,0.0138,0.5532
CLUBS FOUR HEARTS TWO,0.6422,0.0308,0.327
SPADES EIGHT HEARTS QUEEN,0.2706,0.0444,0.685
CLUBS SEVEN HEARTS TWO,0.6798,0.0234,0.2968
CLUBS SEVEN DIAMONDS QUEEN,0.4274,0.0116,0.561
CLUBS SIX DIAMONDS QUEEN,0.4196,0.0072,0.5732
CLUBS SIX HEARTS TWO,0.6604,0.0266,0.313
SPADES EIGHT HEARTS KING,0.277,0.0318,0.6912
DIAMONDS QUEEN SPADES SIX,0.421,0.01,0.569
HEARTS TWO SPADES SIX,0.6526,0.0246,0.3228
HEARTS FOUR CLUBS QUEEN,0.4192,0.0128,0.568
DIAMONDS ACE CLUBS QUEEN,0.3498,0.0044,0.6458
DIAMONDS QUEEN SPADES SEVEN,0.4356,0.011,0.5534
SPADES SEVEN HEARTS TWO,0.6712,0.028,0.3008
HEARTS FOUR CLUBS KING,0.4276,0.0074,0.565
DIAMONDS ACE CLUBS KING,0.3592,0.005,0.6358
SPADES EIGHT DIAMONDS QUEEN,0.2616,0.0404,0.698
SPADES EIGHT HEARTS TWO,0.7056,0.0818,0.2126
HEARTS FOUR CLUBS ACE,0.4256,0.0058,0.5686
DIAMONDS ACE CLUBS ACE,0.171,0.003,0.826
SPADES NINE DIAMONDS QUEEN,0.3732,0.0114,0.6154
SPADES NINE HEARTS TWO,0.6628,0.026,0.3112
HEARTS TWO SPADES TWO,0.446,0.0482,0.5058
DIAMONDS QUEEN SPADES TWO,0.44,0.0118,0.5482
HEARTS TWO SPADES THREE,0.655,0.0234,0.3216
DIAMONDS QUEEN SPADES THREE,0.4478,0.0106,0.5416
HEARTS TWO SPADES FOUR,0.6424,0.0304,0.3272
DIAMONDS QUEEN SPADES FOUR,0.4296,0.0102,0.5602
HEARTS FOUR CLUBS TEN,0.5504,0.2236,0.226
CLUBS TEN DIAMONDS ACE,0.2576,0.021,0.7214
HEARTS TWO SPADES FIVE,0.6428,0.0294,0.3278
DIAMONDS QUEEN SPADES FIVE,0.4278,0.0118,0.5604
HEARTS FOUR CLUBS JACK,0.4192,0.021,0.5598
DIAMONDS ACE CLUBS JACK,0.3514,0.004,0.6446
CLUBS FIVE CLUBS KING,0.4128,0.0066,0.5806
CLUBS FIVE CLUBS QUEEN,0.4164,0.009,0.5746
CLUBS FIVE CLUBS ACE,0.406,0.0054,0.5886
CLUBS FIVE CLUBS JACK,0.3996,0.0158,0.5846
CLUBS TEN CLUBS FIVE,0.521,0.2126,0.2664
SPADES KING CLUBS JACK,0.3374,0.0086,0.654
SPADES QUEEN CLUBS JACK,0.318,0.0104,0.6716
SPADES ACE CLUBS JACK,0.3426,0.0044,0.653
SPADES SIX CLUBS KING,0.4244,0.008,0.5676
SPADES SIX CLUBS QUEEN,0.4202,0.0106,0.5692
SPADES EIGHT HEARTS JACK,0.2552,0.0584,0.6864
SPADES SIX CLUBS ACE,0.411,0.0054,0.5836
SPADES EIGHT HEARTS TEN,0.0214,0.966,0.0126
SPADES SIX CLUBS JACK,0.4426,0.0172,0.5402
CLUBS TEN SPADES SIX,0.5632,0.2198,0.217
SPADES JACK CLUBS JACK,0.156,0.0214,0.8226
SPADES QUEEN CLUBS SEVEN,0.4166,0.016,0.5674
SPADES KING CLUBS SEVEN,0.4176,0.0062,0.5762
SPADES ACE CLUBS SEVEN,0.418,0.0048,0.5772
SPADES SIX HEARTS TEN,0.565,0.2216,0.2134
SPADES SIX HEARTS JACK,0.436,0.0196,0.5444
SPADES SIX HEARTS ACE,0.427,0.0042,0.5688
SPADES SIX HEARTS KING,0.4182,0.005,0.5768
SPADES SIX HEARTS QUEEN,0.42,0.012,0.568
SPADES JACK CLUBS SEVEN,0.4174,0.018,0.5646
CLUBS TEN HEARTS SIX,0.5568,0.2148,0.2284
HEARTS SIX CLUBS JACK,0.4264,0.0176,0.556
CLUBS ACE CLUBS JACK,0.3408,0.0054,0.6538
HEARTS SIX CLUBS QUEEN,0.4236,0.0108,0.5656
HEARTS SIX CLUBS KING,0.4094,0.0062,0.5844
HEARTS SIX CLUBS ACE,0.4154,0.0038,0.5808
CLUBS QUEEN CLUBS JACK,0.3206,0.0106,0.6688
CLUBS KING CLUBS JACK,0.324,0.0052,0.6708
DIAMONDS THREE HEARTS ACE,0.4276,0.0034,0.569
DIAMONDS THREE HEARTS QUEEN,0.427,0.0112,0.5618
DIAMONDS THREE HEARTS KING,0.4338,0.0068,0.5594
CLUBS FIVE HEARTS JACK,0.4288,0.019,0.5522
CLUBS FIVE HEARTS TEN,0.563,0.2228,0.2142
HEARTS FOUR SPADES JACK,0.4316,0.0158,0.5526
SPADES JACK DIAMONDS ACE,0.3498,0.0034,0.6468
SPADES ACE HEARTS FOUR,0.422,0.0044,0.5736
SPADES ACE DIAMONDS ACE,0.1762,0.0034,0.8204
CLUBS FIVE HEARTS ACE,0.426,0.0036,0.5704
CLUBS FIVE HEARTS KING,0.4278,0.0062,0.566
HEARTS FOUR SPADES QUEEN,0.4346,0.0086,0.5568
SPADES QUEEN DIAMONDS ACE,0.3486,0.0034,0.648
SPADES FOUR CLUBS JACK,0.4474,0.0184,0.5342
CLUBS FIVE HEARTS QUEEN,0.4248,0.0132,0.562
SPADES KING DIAMONDS ACE,0.3576,0.0024,0.64
HEARTS FOUR SPADES KING,0.4262,0.0068,0.567
CLUBS TEN SPADES FOUR,0.5382,0.2382,0.2236
DIAMONDS QUEEN DIAMONDS ACE,0.34,0.0044,0.6556
HEARTS TWO DIAMONDS ACE,0.42,0.0028,0.5772
HEARTS FOUR DIAMONDS QUEEN,0.432,0.0102,0.5578
HEARTS FOUR HEARTS TWO,0.6004,0.0232,0.3764
DIAMONDS THREE HEARTS TEN,0.5354,0.2254,0.2392
SPADES FOUR CLUBS KING,0.4302,0.008,0.5618
HEARTS FIVE DIAMONDS QUEEN,0.4354,0.0108,0.5538
HEARTS FIVE HEARTS TWO,0.5876,0.0296,0.3828
DIAMONDS THREE HEARTS JACK,0.4368,0.015,0.5482
SPADES FOUR CLUBS QUEEN,0.4254,0.0106,0.564
DIAMONDS QUEEN HEARTS TWO,0.4326,0.01,0.5574
DIAMONDS KING DIAMONDS QUEEN,0.3172,0.0046,0.6782
DIAMONDS KING HEARTS TWO,0.4236,0.0062,0.5702
HEARTS THREE DIAMONDS QUEEN,0.4484,0.0096,0.542
HEARTS THREE HEARTS TWO,0.597,0.0242,0.3788
SPADES FOUR CLUBS ACE,0.4262,0.0058,0.568
HEARTS TWO CLUBS ACE,0.4338,0.007,0.5592
DIAMONDS QUEEN CLUBS ACE,0.3416,0.0046,0.6538
HEARTS TWO CLUBS QUEEN,0.4246,0.0146,0.5608
DIAMONDS QUEEN CLUBS QUEEN,0.1778,0.0158,0.8064
HEARTS TWO CLUBS KING,0.4316,0.0082,0.5602
DIAMONDS QUEEN CLUBS KING,0.3466,0.0066,0.6468
SPADES EIGHT SPADES FIVE,0.636,0.0842,0.2798
CLUBS TEN HEARTS TWO,0.5636,0.2254,0.211
CLUBS TEN DIAMONDS QUEEN,0.2402,0.0432,0.7166
SPADES NINE SPADES FIVE,0.617,0.0268,0.3562
HEARTS TWO CLUBS JACK,0.4348,0.0178,0.5474
DIAMONDS QUEEN CLUBS JACK,0.3426,0.0068,0.6506
SPADES SIX SPADES FIVE,0.5774,0.0236,0.399
SPADES SEVEN SPADES FIVE,0.6128,0.0234,0.3638
DIAMONDS FIVE CLUBS QUEEN,0.4228,0.0122,0.565
SPADES EIGHT CLUBS ACE,0.2838,0.0232,0.693
DIAMONDS FIVE CLUBS KING,0.4154,0.008,0.5766
SPADES EIGHT CLUBS KING,0.2728,0.0344,0.6928
CLUBS ACE DIAMONDS FIVE,0.4194,0.0024,0.5782
SPADES EIGHT CLUBS QUEEN,0.2658,0.0402,0.694
SPADES EIGHT CLUBS JACK,0.2564,0.0612,0.6824
CLUBS TEN SPADES EIGHT,0.0076,0.9836,0.0088
CLUBS TEN DIAMONDS FIVE,0.5512,0.216,0.2328
DIAMONDS FIVE CLUBS JACK,0.4294,0.0148,0.5558
HEARTS JACK DIAMONDS TEN,0.257,0.0474,0.6956
DIAMONDS TEN HEARTS TEN,0.1298,0.053,0.8172
SPADES ACE CLUBS NINE,0.3898,0.0064,0.6038
CLUBS NINE SPADES QUEEN,0.3438,0.0114,0.6448
CLUBS NINE SPADES KING,0.3674,0.0098,0.6228
HEARTS SIX HEARTS KING,0.3936,0.0066,0.5998
DIAMONDS KING SPADES SEVEN,0.4246,0.0058,0.5696
HEARTS THREE SPADES SEVEN,0.6722,0.022,0.3058
SPADES KING DIAMONDS SEVEN,0.4166,0.008,0.5754
HEARTS SIX HEARTS QUEEN,0.4002,0.0098,0.59
DIAMONDS KING SPADES SIX,0.4226,0.0064,0.571
HEARTS THREE SPADES SIX,0.6468,0.0258,0.3274
SPADES QUEEN DIAMONDS SEVEN,0.4146,0.013,0.5724
SPADES NINE DIAMONDS KING,0.3882,0.0064,0.6054
HEARTS THREE SPADES NINE,0.649,0.0246,0.3264
HEARTS SIX HEARTS ACE,0.417,0.004,0.579
DIAMONDS KING SPADES EIGHT,0.2786,0.032,0.6894
HEARTS THREE SPADES EIGHT,0.7064,0.0778,0.2158
SPADES ACE DIAMONDS SEVEN,0.4178,0.0038,0.5784
CLUBS NINE HEARTS THREE,0.6456,0.0262,0.3282
CLUBS NINE DIAMONDS KING,0.3812,0.006,0.6128
HEARTS THREE SPADES THREE,0.4578,0.0526,0.4896
