opposingHand,winningChance,drawChance,lostChance
CLUBS FIVE CLUBS TWO
HEARTS FIVE SPADES TEN,0.2952,0.0832,0.6216
SPADES JACK HEARTS FIVE,0.2996,0.0608,0.6396
CLUBS JACK SPADES FIVE,0.2774,0.0648,0.6578
CLUBS TEN SPADES FIVE,0.2952,0.0778,0.627
CLUBS JACK CLUBS EIGHT,0.323,0.0196,0.6574
CLUBS TEN CLUBS EIGHT,0.32,0.0306,0.6494
CLUBS EIGHT CLUBS KING,0.3356,0.007,0.6574
SPADES FIVE CLUBS ACE,0.267,0.03,0.703
CLUBS EIGHT CLUBS QUEEN,0.3292,0.0116,0.6592
SPADES FIVE CLUBS KING,0.284,0.0448,0.6712
SPADES FIVE CLUBS QUEEN,0.2814,0.0482,0.6704
CLUBS EIGHT CLUBS ACE,0.3376,0.0078,0.6546
DIAMONDS TWO DIAMONDS THREE,0.4118,0.335,0.2532
DIAMONDS TWO DIAMONDS FIVE,0.0654,0.8586,0.076
SPADES KING HEARTS FIVE,0.2904,0.0392,0.6704
DIAMONDS TWO DIAMONDS FOUR,0.4106,0.3244,0.265
SPADES QUEEN HEARTS FIVE,0.3038,0.0538,0.6424
DIAMONDS TWO DIAMONDS SEVEN,0.29,0.177,0.533
DIAMONDS TWO DIAMONDS SIX,0.2802,0.233,0.4868
SPADES ACE HEARTS FIVE,0.2812,0.0264,0.6924
DIAMONDS TWO DIAMONDS NINE,0.298,0.0916,0.6104
DIAMONDS TWO DIAMONDS EIGHT,0.2874,0.1354,0.5772
DIAMONDS THREE DIAMONDS FOUR,0.3872,0.2052,0.4076
DIAMONDS THREE DIAMONDS FIVE,0.2488,0.4534,0.2978
DIAMONDS THREE DIAMONDS EIGHT,0.4018,0.0652,0.533
DIAMONDS THREE DIAMONDS NINE,0.3884,0.0446,0.567
DIAMONDS THREE DIAMONDS SIX,0.3694,0.1496,0.481
DIAMONDS THREE DIAMONDS SEVEN,0.3866,0.0896,0.5238
CLUBS TEN CLUBS JACK,0.3248,0.0164,0.6588
DIAMONDS FOUR DIAMONDS SIX,0.3496,0.1344,0.516
CLUBS TEN CLUBS QUEEN,0.3196,0.015,0.6654
DIAMONDS FOUR DIAMONDS SEVEN,0.3748,0.0882,0.537
CLUBS TEN CLUBS KING,0.328,0.0078,0.6642
CLUBS TEN CLUBS ACE,0.333,0.0064,0.6606
DIAMONDS FIVE DIAMONDS FOUR,0.2518,0.4356,0.3126
DIAMONDS NINE DIAMONDS FOUR,0.391,0.0422,0.5668
DIAMONDS EIGHT DIAMONDS FOUR,0.3788,0.0658,0.5554
DIAMONDS NINE DIAMONDS FIVE,0.2722,0.1056,0.6222
CLUBS JACK DIAMONDS TWO,0.291,0.0492,0.6598
DIAMONDS EIGHT DIAMONDS FIVE,0.2778,0.1368,0.5854
CLUBS TEN DIAMONDS TWO,0.292,0.068,0.64
DIAMONDS FIVE DIAMONDS SEVEN,0.2558,0.185,0.5592
DIAMONDS FIVE DIAMONDS SIX,0.2808,0.23,0.4892
DIAMONDS TWO CLUBS ACE,0.2776,0.0194,0.703
DIAMONDS TWO CLUBS KING,0.3034,0.0234,0.6732
DIAMONDS TWO CLUBS QUEEN,0.2892,0.0388,0.672
DIAMONDS EIGHT DIAMONDS SIX,0.3578,0.0586,0.5836
DIAMONDS NINE DIAMONDS SIX,0.3536,0.0404,0.606
HEARTS ACE SPADES THREE,0.4102,0.0058,0.584
HEARTS KING SPADES THREE,0.413,0.0118,0.5752
DIAMONDS SEVEN DIAMONDS SIX,0.3506,0.0854,0.564
SPADES THREE HEARTS QUEEN,0.4154,0.0152,0.5694
HEARTS JACK SPADES THREE,0.4164,0.0204,0.5632
SPADES THREE HEARTS TEN,0.4096,0.0292,0.5612
DIAMONDS EIGHT DIAMONDS SEVEN,0.3512,0.0606,0.5882
DIAMONDS NINE DIAMONDS SEVEN,0.3538,0.0426,0.6036
DIAMONDS NINE DIAMONDS EIGHT,0.3488,0.0376,0.6136
DIAMONDS KING HEARTS TEN,0.393,0.0084,0.5986
HEARTS THREE HEARTS TEN,0.3946,0.0304,0.575
SPADES JACK CLUBS SIX,0.3758,0.0206,0.6036
DIAMONDS KING HEARTS JACK,0.3972,0.0088,0.594
HEARTS THREE HEARTS JACK,0.4002,0.0202,0.5796
SPADES TEN CLUBS SIX,0.375,0.0258,0.5992
SPADES JACK SPADES FIVE,0.2922,0.0602,0.6476
SPADES TEN SPADES FIVE,0.294,0.0746,0.6314
DIAMONDS KING HEARTS ACE,0.3804,0.0036,0.616
HEARTS THREE HEARTS ACE,0.3798,0.0062,0.614
SPADES ACE CLUBS SIX,0.3734,0.0058,0.6208
DIAMONDS KING HEARTS QUEEN,0.3914,0.0088,0.5998
HEARTS THREE HEARTS QUEEN,0.3928,0.0112,0.596
SPADES KING CLUBS SIX,0.3658,0.0122,0.622
DIAMONDS KING HEARTS KING,0.1912,0.0204,0.7884
HEARTS THREE HEARTS KING,0.3796,0.0108,0.6096
SPADES QUEEN CLUBS SIX,0.3772,0.0176,0.6052
SPADES NINE HEARTS TEN,0.3694,0.0264,0.6042
SPADES NINE HEARTS JACK,0.4034,0.0154,0.5812
SPADES QUEEN SPADES FIVE,0.2894,0.0498,0.6608
SPADES KING SPADES FIVE,0.2808,0.0408,0.6784
SPADES ACE SPADES FIVE,0.2674,0.0234,0.7092
SPADES NINE HEARTS QUEEN,0.3824,0.0128,0.6048
SPADES NINE HEARTS KING,0.3916,0.007,0.6014
SPADES NINE HEARTS ACE,0.3952,0.0064,0.5984
CLUBS TEN SPADES JACK,0.3628,0.0158,0.6214
CLUBS TEN SPADES TEN,0.1754,0.0636,0.761
SPADES ACE CLUBS TEN,0.377,0.0074,0.6156
CLUBS TEN SPADES KING,0.367,0.0086,0.6244
CLUBS TEN SPADES QUEEN,0.3652,0.0108,0.624
SPADES FIVE HEARTS QUEEN,0.2968,0.0482,0.655
HEARTS KING SPADES FIVE,0.302,0.037,0.661
SPADES FIVE HEARTS ACE,0.2674,0.0312,0.7014
CLUBS EIGHT SPADES TEN,0.3634,0.0338,0.6028
HEARTS THREE SPADES JACK,0.416,0.0202,0.5638
SPADES JACK DIAMONDS KING,0.3838,0.0078,0.6084
SPADES TEN DIAMONDS KING,0.3736,0.0084,0.618
HEARTS THREE SPADES TEN,0.418,0.0304,0.5516
CLUBS EIGHT SPADES JACK,0.3676,0.0188,0.6136
CLUBS SIX HEARTS ACE,0.363,0.0056,0.6314
SPADES ACE CLUBS EIGHT,0.3674,0.0036,0.629
CLUBS JACK HEARTS FIVE,0.2792,0.065,0.6558
CLUBS TEN HEARTS FIVE,0.2876,0.079,0.6334
CLUBS SIX HEARTS QUEEN,0.3822,0.0144,0.6034
SPADES QUEEN CLUBS EIGHT,0.3778,0.0126,0.6096
CLUBS TEN SPADES THREE,0.4028,0.0288,0.5684
CLUBS SIX HEARTS KING,0.3752,0.0084,0.6164
SPADES KING CLUBS EIGHT,0.3672,0.0084,0.6244
CLUBS JACK SPADES THREE,0.4072,0.0188,0.574
DIAMONDS TWO HEARTS JACK,0.313,0.0488,0.6382
SPADES THREE CLUBS QUEEN,0.417,0.0156,0.5674
DIAMONDS TWO HEARTS TEN,0.3044,0.0674,0.6282
SPADES THREE CLUBS KING,0.4018,0.0114,0.5868
HEARTS FIVE CLUBS ACE,0.26,0.0324,0.7076
SPADES FIVE HEARTS TEN,0.2972,0.0852,0.6176
SPADES THREE CLUBS ACE,0.3898,0.0058,0.6044
HEARTS FIVE CLUBS KING,0.2802,0.0416,0.6782
SPADES FIVE HEARTS JACK,0.2998,0.0688,0.6314
HEARTS FIVE CLUBS QUEEN,0.2884,0.0514,0.6602
HEARTS THREE CLUBS KING,0.4044,0.0114,0.5842
DIAMONDS KING CLUBS KING,0.1836,0.0202,0.7962
HEARTS THREE CLUBS QUEEN,0.4042,0.0164,0.5794
DIAMONDS KING CLUBS QUEEN,0.3728,0.0076,0.6196
HEARTS FIVE HEARTS JACK,0.2856,0.0624,0.652
HEARTS FIVE HEARTS TEN,0.28,0.0776,0.6424
HEARTS THREE CLUBS ACE,0.3912,0.0062,0.6026
DIAMONDS KING CLUBS ACE,0.3786,0.0068,0.6146
SPADES ACE CLUBS QUEEN,0.3774,0.006,0.6166
SPADES KING CLUBS QUEEN,0.3626,0.0072,0.6302
CLUBS JACK HEARTS THREE,0.406,0.0214,0.5726
CLUBS JACK DIAMONDS KING,0.3834,0.0066,0.61
SPADES QUEEN CLUBS QUEEN,0.2022,0.0302,0.7676
CLUBS TEN HEARTS THREE,0.3902,0.0332,0.5766
CLUBS TEN DIAMONDS KING,0.3678,0.0098,0.6224
SPADES JACK CLUBS QUEEN,0.3688,0.0118,0.6194
CLUBS SIX CLUBS QUEEN,0.3284,0.0124,0.6592
SPADES TEN CLUBS QUEEN,0.3652,0.0114,0.6234
CLUBS SIX CLUBS KING,0.3386,0.0124,0.649
CLUBS SIX CLUBS ACE,0.3336,0.0078,0.6586
HEARTS FIVE HEARTS KING,0.28,0.0378,0.6822
HEARTS FIVE HEARTS QUEEN,0.2798,0.0444,0.6758
CLUBS TEN CLUBS SIX,0.3358,0.0306,0.6336
HEARTS FIVE HEARTS ACE,0.264,0.0254,0.7106
CLUBS JACK CLUBS SIX,0.3296,0.0194,0.651
SPADES SEVEN HEARTS JACK,0.3898,0.0214,0.5888
SPADES SEVEN HEARTS TEN,0.3824,0.0298,0.5878
DIAMONDS TWO CLUBS THREE,0.418,0.367,0.215
HEARTS SIX DIAMONDS TWO,0.2872,0.2482,0.4646
DIAMONDS TWO HEARTS QUEEN,0.3034,0.0372,0.6594
DIAMONDS TWO HEARTS SEVEN,0.2982,0.1916,0.5102
DIAMONDS TWO HEARTS KING,0.3148,0.0232,0.662
DIAMONDS TWO HEARTS EIGHT,0.3092,0.1386,0.5522
DIAMONDS TWO HEARTS ACE,0.2944,0.0138,0.6918
DIAMONDS TWO HEARTS NINE,0.3092,0.1022,0.5886
DIAMONDS TWO DIAMONDS QUEEN,0.2944,0.0362,0.6694
DIAMONDS TWO HEARTS TWO,0.3004,0.1076,0.592
DIAMONDS TWO DIAMONDS KING,0.3002,0.0282,0.6716
HEARTS THREE DIAMONDS TWO,0.441,0.3532,0.2058
DIAMONDS TWO DIAMONDS ACE,0.2742,0.0186,0.7072
HEARTS FOUR DIAMONDS TWO,0.4378,0.357,0.2052
DIAMONDS TWO HEARTS FIVE,0.067,0.9122,0.0208
SPADES SEVEN HEARTS ACE,0.3814,0.005,0.6136
DIAMONDS TWO DIAMONDS TEN,0.2996,0.073,0.6274
SPADES SEVEN HEARTS KING,0.3902,0.0072,0.6026
DIAMONDS TWO DIAMONDS JACK,0.2992,0.0516,0.6492
SPADES SEVEN HEARTS QUEEN,0.3886,0.0116,0.5998
DIAMONDS TWO SPADES NINE,0.3146,0.0986,0.5868
DIAMONDS TWO SPADES EIGHT,0.2962,0.1458,0.558
DIAMONDS TWO SPADES SEVEN,0.3118,0.1778,0.5104
DIAMONDS TWO SPADES SIX,0.2896,0.2726,0.4378
DIAMONDS TWO SPADES FIVE,0.0798,0.9006,0.0196
DIAMONDS TWO SPADES FOUR,0.4426,0.3522,0.2052
DIAMONDS TWO SPADES THREE,0.4358,0.3464,0.2178
DIAMONDS TWO SPADES TWO,0.2938,0.115,0.5912
DIAMONDS TWO CLUBS NINE,0.283,0.1076,0.6094
CLUBS EIGHT DIAMONDS TWO,0.2826,0.14,0.5774
DIAMONDS TWO CLUBS SEVEN,0.2954,0.1874,0.5172
DIAMONDS TWO CLUBS SIX,0.2796,0.2606,0.4598
DIAMONDS TWO CLUBS FOUR,0.4204,0.3652,0.2144
CLUBS FOUR SPADES FIVE,0.255,0.4774,0.2676
CLUBS FOUR SPADES FOUR,0.253,0.1432,0.6038
CLUBS FOUR SPADES THREE,0.3856,0.2402,0.3742
CLUBS FOUR SPADES TWO,0.4238,0.3634,0.2128
SPADES NINE CLUBS FOUR,0.401,0.047,0.552
SPADES EIGHT CLUBS FOUR,0.3934,0.0628,0.5438
SPADES SEVEN CLUBS FOUR,0.3788,0.1074,0.5138
CLUBS FOUR SPADES SIX,0.376,0.151,0.473
SPADES ACE DIAMONDS SIX,0.3802,0.0038,0.616
SPADES QUEEN DIAMONDS SIX,0.391,0.0116,0.5974
SPADES KING DIAMONDS SIX,0.392,0.0068,0.6012
SPADES TEN DIAMONDS SIX,0.3902,0.0244,0.5854
SPADES JACK DIAMONDS SIX,0.3928,0.0174,0.5898
SPADES QUEEN SPADES TWO,0.2904,0.0362,0.6734
SPADES KING SPADES TWO,0.2922,0.027,0.6808
SPADES ACE SPADES TWO,0.2828,0.0136,0.7036
CLUBS JACK DIAMONDS JACK,0.1698,0.0458,0.7844
CLUBS TEN DIAMONDS JACK,0.3562,0.0154,0.6284
DIAMONDS JACK CLUBS KING,0.362,0.0078,0.6302
DIAMONDS JACK CLUBS QUEEN,0.3696,0.0122,0.6182
DIAMONDS THREE DIAMONDS JACK,0.3868,0.0188,0.5944
DIAMONDS THREE DIAMONDS TEN,0.3816,0.0252,0.5932
DIAMONDS JACK CLUBS ACE,0.373,0.0056,0.6214
DIAMONDS THREE DIAMONDS KING,0.3852,0.0082,0.6066
HEARTS THREE DIAMONDS THREE,0.2638,0.151,0.5852
DIAMONDS THREE DIAMONDS QUEEN,0.388,0.017,0.595
DIAMONDS THREE HEARTS TWO,0.4322,0.353,0.2148
HEARTS FIVE DIAMONDS THREE,0.258,0.4872,0.2548
DIAMONDS THREE DIAMONDS ACE,0.3556,0.0054,0.639
HEARTS FOUR DIAMONDS THREE,0.4006,0.2368,0.3626
DIAMONDS THREE HEARTS SEVEN,0.411,0.096,0.493
SPADES TEN SPADES NINE,0.3528,0.0236,0.6236
HEARTS SIX DIAMONDS THREE,0.38,0.1522,0.4678
SPADES JACK SPADES NINE,0.3622,0.0156,0.6222
DIAMONDS THREE HEARTS NINE,0.4012,0.0486,0.5502
HEARTS JACK DIAMONDS FOUR,0.4088,0.0192,0.572
HEARTS KING HEARTS ACE,0.3632,0.0056,0.6312
SPADES TEN SPADES TWO,0.2922,0.0704,0.6374
DIAMONDS THREE HEARTS EIGHT,0.4052,0.0696,0.5252
HEARTS TEN DIAMONDS FOUR,0.4036,0.0262,0.5702
SPADES JACK SPADES TWO,0.3,0.0526,0.6474
HEARTS QUEEN DIAMONDS FOUR,0.4104,0.0132,0.5764
HEARTS KING DIAMONDS FOUR,0.4214,0.0114,0.5672
SPADES ACE SPADES NINE,0.3632,0.0052,0.6316
HEARTS ACE DIAMONDS FOUR,0.4038,0.0054,0.5908
SPADES KING SPADES NINE,0.3786,0.0078,0.6136
SPADES QUEEN SPADES NINE,0.3596,0.0118,0.6286
DIAMONDS THREE SPADES NINE,0.4174,0.0424,0.5402
DIAMONDS THREE SPADES EIGHT,0.4148,0.0636,0.5216
DIAMONDS THREE SPADES SEVEN,0.4096,0.0946,0.4958
DIAMONDS THREE SPADES SIX,0.3864,0.1536,0.46
DIAMONDS THREE CLUBS SIX,0.3754,0.1434,0.4812
CLUBS ACE DIAMONDS FOUR,0.383,0.0062,0.6108
DIAMONDS THREE CLUBS SEVEN,0.3856,0.1026,0.5118
DIAMONDS THREE CLUBS FOUR,0.3866,0.2462,0.3672
DIAMONDS FOUR CLUBS QUEEN,0.4054,0.0128,0.5818
DIAMONDS FOUR CLUBS KING,0.3962,0.0096,0.5942
CLUBS TEN DIAMONDS FOUR,0.4004,0.031,0.5686
DIAMONDS THREE CLUBS THREE,0.2544,0.1514,0.5942
CLUBS JACK DIAMONDS FOUR,0.4022,0.0218,0.576
DIAMONDS THREE SPADES FOUR,0.4114,0.2292,0.3594
DIAMONDS THREE SPADES FIVE,0.2716,0.4794,0.249
DIAMONDS THREE SPADES TWO,0.4384,0.3508,0.2108
DIAMONDS THREE SPADES THREE,0.2586,0.154,0.5874
CLUBS EIGHT DIAMONDS THREE,0.4044,0.0688,0.5268
CLUBS NINE DIAMONDS THREE,0.3902,0.0476,0.5622
SPADES SEVEN CLUBS ACE,0.3744,0.0052,0.6204
SPADES SEVEN CLUBS QUEEN,0.3774,0.0138,0.6088
SPADES SEVEN CLUBS KING,0.3772,0.0076,0.6152
CLUBS TEN SPADES SEVEN,0.3644,0.031,0.6046
CLUBS JACK SPADES SEVEN,0.3742,0.0184,0.6074
CLUBS ACE CLUBS QUEEN,0.3398,0.005,0.6552
CLUBS KING CLUBS QUEEN,0.3364,0.0088,0.6548
DIAMONDS TEN DIAMONDS FOUR,0.3902,0.0266,0.5832
CLUBS TEN DIAMONDS NINE,0.3584,0.0268,0.6148
DIAMONDS JACK DIAMONDS FOUR,0.3914,0.0208,0.5878
CLUBS JACK DIAMONDS NINE,0.3718,0.0172,0.611
CLUBS JACK SPADES NINE,0.375,0.0178,0.6072
CLUBS TEN SPADES NINE,0.3596,0.026,0.6144
DIAMONDS ACE DIAMONDS FOUR,0.386,0.0062,0.6078
HEARTS FOUR DIAMONDS FOUR,0.2578,0.1444,0.5978
DIAMONDS JACK HEARTS TEN,0.3808,0.0158,0.6034
SPADES NINE CLUBS KING,0.3788,0.0112,0.61
DIAMONDS TWO SPADES TEN,0.2958,0.0762,0.628
DIAMONDS NINE CLUBS ACE,0.3672,0.0054,0.6274
HEARTS FIVE DIAMONDS FOUR,0.2502,0.4698,0.28
HEARTS JACK DIAMONDS JACK,0.1988,0.0526,0.7486
SPADES NINE CLUBS QUEEN,0.3622,0.0136,0.6242
DIAMONDS TWO SPADES JACK,0.3116,0.0484,0.64
DIAMONDS QUEEN DIAMONDS FOUR,0.3902,0.0154,0.5944
HEARTS TWO DIAMONDS FOUR,0.4378,0.352,0.2102
DIAMONDS NINE CLUBS QUEEN,0.3696,0.0108,0.6196
DIAMONDS KING DIAMONDS FOUR,0.4034,0.0094,0.5872
HEARTS THREE DIAMONDS FOUR,0.4066,0.2382,0.3552
SPADES NINE CLUBS ACE,0.3838,0.0074,0.6088
DIAMONDS NINE CLUBS KING,0.372,0.0088,0.6192
HEARTS ACE DIAMONDS JACK,0.3812,0.0052,0.6136
SPADES ACE DIAMONDS TWO,0.2874,0.0154,0.6972
DIAMONDS JACK HEARTS QUEEN,0.3894,0.0098,0.6008
SPADES QUEEN DIAMONDS TWO,0.325,0.0356,0.6394
HEARTS KING DIAMONDS JACK,0.3858,0.007,0.6072
SPADES KING DIAMONDS TWO,0.3254,0.0336,0.641
SPADES JACK SPADES SEVEN,0.3674,0.018,0.6146
SPADES TEN SPADES SEVEN,0.3484,0.028,0.6236
CLUBS SEVEN CLUBS THREE,0.3386,0.1036,0.5578
CLUBS SIX CLUBS THREE,0.3312,0.1568,0.512
CLUBS THREE CLUBS FOUR,0.3946,0.2438,0.3616
CLUBS NINE CLUBS THREE,0.3576,0.0494,0.593
CLUBS EIGHT CLUBS THREE,0.3564,0.0682,0.5754
CLUBS THREE SPADES FIVE,0.2414,0.5006,0.258
CLUBS THREE SPADES FOUR,0.3952,0.2396,0.3652
CLUBS THREE SPADES THREE,0.2588,0.1516,0.5896
CLUBS THREE SPADES TWO,0.4274,0.3556,0.217
CLUBS THREE SPADES SIX,0.3998,0.1524,0.4478
CLUBS THREE SPADES SEVEN,0.401,0.0986,0.5004
SPADES EIGHT CLUBS THREE,0.4048,0.0658,0.5294
SPADES NINE CLUBS THREE,0.411,0.0444,0.5446
SPADES TWO DIAMONDS FOUR,0.438,0.3548,0.2072
SPADES THREE DIAMONDS FOUR,0.4052,0.2292,0.3656
SPADES FOUR DIAMONDS FOUR,0.255,0.1388,0.6062
SPADES FIVE DIAMONDS FOUR,0.2684,0.4638,0.2678
SPADES SIX DIAMONDS FOUR,0.38,0.1506,0.4694
SPADES SEVEN DIAMONDS FOUR,0.3868,0.1018,0.5114
SPADES EIGHT DIAMONDS FOUR,0.4108,0.0628,0.5264
SPADES NINE DIAMONDS FOUR,0.4208,0.0438,0.5354
CLUBS FOUR DIAMONDS FOUR,0.2496,0.1418,0.6086
CLUBS SEVEN DIAMONDS FOUR,0.3688,0.1088,0.5224
CLUBS SIX DIAMONDS FOUR,0.3738,0.1442,0.482
CLUBS NINE DIAMONDS FOUR,0.3986,0.045,0.5564
CLUBS EIGHT DIAMONDS FOUR,0.3822,0.0638,0.554
DIAMONDS FOUR HEARTS SEVEN,0.3888,0.0942,0.517
HEARTS SIX DIAMONDS FOUR,0.3742,0.1398,0.486
HEARTS NINE DIAMONDS FOUR,0.4102,0.0436,0.5462
DIAMONDS FOUR HEARTS EIGHT,0.4076,0.0638,0.5286
CLUBS THREE DIAMONDS FOUR,0.3972,0.2256,0.3772
DIAMONDS TEN DIAMONDS FIVE,0.2736,0.0872,0.6392
DIAMONDS JACK DIAMONDS FIVE,0.2876,0.06,0.6524
DIAMONDS NINE HEARTS QUEEN,0.383,0.0134,0.6036
HEARTS KING DIAMONDS NINE,0.3862,0.0058,0.608
DIAMONDS NINE HEARTS ACE,0.391,0.0036,0.6054
DIAMONDS NINE HEARTS TEN,0.3786,0.0232,0.5982
DIAMONDS NINE HEARTS JACK,0.3926,0.0146,0.5928
CLUBS KING DIAMONDS SIX,0.366,0.01,0.624
CLUBS QUEEN DIAMONDS SIX,0.3784,0.013,0.6086
CLUBS ACE DIAMONDS SIX,0.3732,0.0084,0.6184
SPADES KING DIAMONDS FOUR,0.4006,0.0096,0.5898
SPADES ACE SPADES SEVEN,0.3804,0.0034,0.6162
SPADES QUEEN DIAMONDS FOUR,0.4164,0.0128,0.5708
SPADES QUEEN SPADES SEVEN,0.3724,0.0118,0.6158
CLUBS JACK DIAMONDS SIX,0.3764,0.0184,0.6052
SPADES KING SPADES SEVEN,0.3548,0.008,0.6372
SPADES ACE DIAMONDS FOUR,0.395,0.0058,0.5992
CLUBS TEN DIAMONDS SIX,0.3746,0.026,0.5994
CLUBS NINE CLUBS FOUR,0.3634,0.0394,0.5972
CLUBS EIGHT CLUBS FOUR,0.3416,0.0706,0.5878
SPADES JACK DIAMONDS FOUR,0.4122,0.0216,0.5662
SPADES TEN DIAMONDS FOUR,0.412,0.032,0.556
CLUBS SEVEN CLUBS FOUR,0.3318,0.0958,0.5724
CLUBS SIX CLUBS FOUR,0.335,0.1528,0.5122
CLUBS SEVEN SPADES EIGHT,0.3426,0.061,0.5964
SPADES NINE CLUBS SEVEN,0.3664,0.0386,0.595
CLUBS SEVEN SPADES SIX,0.3484,0.0968,0.5548
CLUBS SEVEN SPADES SEVEN,0.1808,0.1102,0.709
CLUBS SEVEN SPADES FIVE,0.2502,0.2098,0.54
CLUBS SEVEN SPADES FOUR,0.3766,0.101,0.5224
CLUBS SEVEN SPADES THREE,0.3826,0.1074,0.51
CLUBS SEVEN SPADES TWO,0.2774,0.1992,0.5234
CLUBS NINE CLUBS SEVEN,0.3284,0.0434,0.6282
CLUBS EIGHT CLUBS SEVEN,0.305,0.06,0.635
HEARTS SIX DIAMONDS FIVE,0.288,0.2492,0.4628
DIAMONDS FIVE HEARTS SEVEN,0.2808,0.1952,0.524
DIAMONDS FIVE HEARTS EIGHT,0.3008,0.1422,0.557
HEARTS NINE DIAMONDS FIVE,0.309,0.1082,0.5828
DIAMONDS QUEEN DIAMONDS FIVE,0.2694,0.0498,0.6808
HEARTS TWO DIAMONDS FIVE,0.0744,0.9048,0.0208
HEARTS KING HEARTS EIGHT,0.3662,0.0094,0.6244
DIAMONDS KING DIAMONDS FIVE,0.2764,0.0376,0.686
HEARTS THREE DIAMONDS FIVE,0.268,0.4756,0.2564
HEARTS QUEEN HEARTS EIGHT,0.36,0.0138,0.6262
DIAMONDS ACE DIAMONDS FIVE,0.2608,0.0268,0.7124
HEARTS FOUR DIAMONDS FIVE,0.261,0.4594,0.2796
HEARTS FIVE DIAMONDS FIVE,0.1316,0.1138,0.7546
HEARTS ACE HEARTS EIGHT,0.3556,0.0048,0.6396
CLUBS FOUR DIAMONDS FIVE,0.25,0.4718,0.2782
CLUBS SIX DIAMONDS FIVE,0.2592,0.2636,0.4772
CLUBS SEVEN DIAMONDS FIVE,0.26,0.2096,0.5304
CLUBS THREE DIAMONDS FIVE,0.2488,0.482,0.2692
SPADES THREE DIAMONDS FIVE,0.2652,0.4856,0.2492
SPADES TWO DIAMONDS FIVE,0.0728,0.9064,0.0208
SPADES JACK DIAMONDS EIGHT,0.3828,0.0186,0.5986
SPADES FIVE DIAMONDS FIVE,0.1334,0.1344,0.7322
CLUBS TEN HEARTS JACK,0.367,0.0148,0.6182
SPADES TEN DIAMONDS EIGHT,0.382,0.0218,0.5962
SPADES FOUR DIAMONDS FIVE,0.2554,0.474,0.2706
CLUBS JACK HEARTS JACK,0.1892,0.0526,0.7582
HEARTS JACK CLUBS QUEEN,0.3658,0.01,0.6242
CLUBS NINE DIAMONDS FIVE,0.2852,0.1052,0.6096
CLUBS EIGHT DIAMONDS FIVE,0.2834,0.1492,0.5674
HEARTS JACK CLUBS KING,0.3744,0.0078,0.6178
HEARTS JACK CLUBS ACE,0.3794,0.0038,0.6168
SPADES SEVEN DIAMONDS FIVE,0.2786,0.1998,0.5216
SPADES KING DIAMONDS EIGHT,0.4002,0.0088,0.591
SPADES QUEEN DIAMONDS EIGHT,0.38,0.01,0.61
SPADES SIX DIAMONDS FIVE,0.2942,0.2456,0.4602
SPADES NINE DIAMONDS FIVE,0.2926,0.1076,0.5998
SPADES EIGHT DIAMONDS FIVE,0.3014,0.1448,0.5538
SPADES ACE DIAMONDS EIGHT,0.3916,0.0044,0.604
DIAMONDS TEN DIAMONDS SIX,0.3612,0.032,0.6068
HEARTS ACE DIAMONDS SEVEN,0.3842,0.0026,0.6132
DIAMONDS JACK DIAMONDS SIX,0.372,0.0184,0.6096
HEARTS QUEEN DIAMONDS SEVEN,0.388,0.0126,0.5994
HEARTS KING DIAMONDS SEVEN,0.3838,0.008,0.6082
DIAMONDS ACE DIAMONDS SIX,0.3678,0.0066,0.6256
HEARTS FOUR DIAMONDS SIX,0.3754,0.1526,0.472
HEARTS JACK SPADES TWO,0.3228,0.0516,0.6256
HEARTS FIVE DIAMONDS SIX,0.279,0.2536,0.4674
SPADES TWO HEARTS TEN,0.3188,0.07,0.6112
DIAMONDS QUEEN DIAMONDS SIX,0.366,0.0152,0.6188
HEARTS TWO DIAMONDS SIX,0.2998,0.2468,0.4534
DIAMONDS KING DIAMONDS SIX,0.3678,0.0062,0.626
HEARTS THREE DIAMONDS SIX,0.403,0.152,0.445
HEARTS EIGHT DIAMONDS SIX,0.37,0.0582,0.5718
HEARTS NINE DIAMONDS SIX,0.3864,0.038,0.5756
HEARTS SIX DIAMONDS SIX,0.1798,0.1212,0.699
HEARTS SEVEN DIAMONDS SIX,0.3516,0.0892,0.5592
HEARTS TEN DIAMONDS SEVEN,0.3804,0.0282,0.5914
HEARTS JACK DIAMONDS SEVEN,0.3946,0.0164,0.589
CLUBS THREE DIAMONDS SIX,0.3852,0.1556,0.4592
CLUBS SEVEN DIAMONDS SIX,0.352,0.1042,0.5438
CLUBS JACK DIAMONDS EIGHT,0.3722,0.0206,0.6072
CLUBS SIX DIAMONDS SIX,0.1632,0.1244,0.7124
CLUBS TEN DIAMONDS EIGHT,0.367,0.0246,0.6084
CLUBS FOUR DIAMONDS SIX,0.3642,0.1522,0.4836
HEARTS ACE HEARTS JACK,0.3706,0.006,0.6234
DIAMONDS EIGHT CLUBS ACE,0.368,0.0056,0.6264
HEARTS JACK HEARTS QUEEN,0.3644,0.0108,0.6248
DIAMONDS EIGHT CLUBS KING,0.3898,0.0098,0.6004
CLUBS NINE DIAMONDS SIX,0.3702,0.0382,0.5916
HEARTS KING HEARTS JACK,0.3732,0.0068,0.62
CLUBS EIGHT DIAMONDS SIX,0.359,0.0666,0.5744
DIAMONDS EIGHT CLUBS QUEEN,0.3782,0.015,0.6068
SPADES TEN HEARTS KING,0.3998,0.0078,0.5924
SPADES FIVE DIAMONDS SIX,0.2726,0.251,0.4764
HEARTS ACE SPADES TWO,0.2946,0.0128,0.6926
SPADES JACK HEARTS KING,0.3916,0.007,0.6014
SPADES FOUR DIAMONDS SIX,0.3808,0.1518,0.4674
SPADES THREE DIAMONDS SIX,0.399,0.1466,0.4544
HEARTS QUEEN SPADES TWO,0.3248,0.0384,0.6368
SPADES ACE SPADES KING,0.37,0.0066,0.6234
HEARTS KING SPADES TWO,0.3178,0.0282,0.654
SPADES TWO DIAMONDS SIX,0.2968,0.263,0.4402
HEARTS TEN HEARTS EIGHT,0.3582,0.0238,0.618
SPADES NINE DIAMONDS SIX,0.3794,0.0436,0.577
HEARTS JACK HEARTS EIGHT,0.3552,0.018,0.6268
SPADES EIGHT DIAMONDS SIX,0.3654,0.0584,0.5762
SPADES SEVEN DIAMONDS SIX,0.3644,0.0884,0.5472
SPADES SIX DIAMONDS SIX,0.1716,0.1224,0.706
SPADES KING HEARTS KING,0.1956,0.0216,0.7828
SPADES QUEEN HEARTS KING,0.388,0.007,0.605
CLUBS ACE CLUBS KING,0.3336,0.0066,0.6598
SPADES ACE HEARTS KING,0.404,0.0038,0.5922
SPADES ACE HEARTS JACK,0.3844,0.005,0.6106
SPADES QUEEN HEARTS JACK,0.3792,0.0108,0.61
SPADES KING HEARTS JACK,0.3948,0.0076,0.5976
SPADES TEN DIAMONDS TEN,0.192,0.0638,0.7442
SPADES JACK DIAMONDS TEN,0.3742,0.0186,0.6072
SPADES ACE DIAMONDS TEN,0.3812,0.0038,0.615
SPADES JACK HEARTS JACK,0.1914,0.0458,0.7628
SPADES TEN HEARTS JACK,0.3644,0.014,0.6216
SPADES QUEEN DIAMONDS TEN,0.3758,0.013,0.6112
SPADES KING DIAMONDS TEN,0.3726,0.0068,0.6206
SPADES NINE DIAMONDS SEVEN,0.3808,0.036,0.5832
SPADES EIGHT DIAMONDS SEVEN,0.3612,0.0596,0.5792
SPADES SEVEN DIAMONDS SEVEN,0.1956,0.1066,0.6978
SPADES SIX DIAMONDS SEVEN,0.3624,0.0956,0.542
DIAMONDS KING DIAMONDS SEVEN,0.3522,0.0094,0.6384
HEARTS THREE DIAMONDS SEVEN,0.3962,0.0966,0.5072
HEARTS KING DIAMONDS FIVE,0.284,0.0368,0.6792
DIAMONDS QUEEN DIAMONDS SEVEN,0.3642,0.0128,0.623
HEARTS TWO DIAMONDS SEVEN,0.3156,0.1802,0.5042
HEARTS QUEEN DIAMONDS FIVE,0.3014,0.0492,0.6494
HEARTS FIVE DIAMONDS SEVEN,0.2792,0.2002,0.5206
DIAMONDS ACE DIAMONDS SEVEN,0.3534,0.006,0.6406
HEARTS FOUR DIAMONDS SEVEN,0.3824,0.1032,0.5144
HEARTS ACE DIAMONDS FIVE,0.2774,0.027,0.6956
HEARTS SEVEN DIAMONDS SEVEN,0.1838,0.1008,0.7154
HEARTS SIX DIAMONDS SEVEN,0.3664,0.0902,0.5434
HEARTS NINE DIAMONDS SEVEN,0.3734,0.0404,0.5862
DIAMONDS SEVEN HEARTS EIGHT,0.3654,0.0628,0.5718
DIAMONDS JACK DIAMONDS SEVEN,0.3542,0.0184,0.6274
HEARTS JACK DIAMONDS FIVE,0.2972,0.0668,0.636
DIAMONDS TEN DIAMONDS SEVEN,0.3552,0.0226,0.6222
DIAMONDS FIVE HEARTS TEN,0.3012,0.079,0.6198
CLUBS EIGHT DIAMONDS SEVEN,0.3564,0.0606,0.583
HEARTS KING CLUBS KING,0.1864,0.0184,0.7952
HEARTS KING CLUBS QUEEN,0.3724,0.0072,0.6204
CLUBS NINE DIAMONDS SEVEN,0.3518,0.044,0.6042
CLUBS JACK SPADES TWO,0.2938,0.0558,0.6504
CLUBS SIX CLUBS SEVEN,0.3034,0.0936,0.603
CLUBS TEN SPADES TWO,0.2928,0.0736,0.6336
HEARTS KING CLUBS ACE,0.3778,0.0054,0.6168
SPADES TWO CLUBS KING,0.289,0.0338,0.6772
SPADES TWO DIAMONDS SEVEN,0.3106,0.1862,0.5032
CLUBS EIGHT CLUBS SIX,0.3208,0.0608,0.6184
SPADES THREE DIAMONDS SEVEN,0.4178,0.0988,0.4834
SPADES TWO CLUBS QUEEN,0.2964,0.032,0.6716
CLUBS NINE CLUBS SIX,0.3174,0.048,0.6346
SPADES FOUR DIAMONDS SEVEN,0.385,0.097,0.518
CLUBS JACK HEARTS KING,0.3858,0.0086,0.6056
SPADES FIVE DIAMONDS SEVEN,0.2846,0.1962,0.5192
SPADES TWO CLUBS ACE,0.2676,0.0176,0.7148
CLUBS TEN HEARTS KING,0.364,0.0072,0.6288
CLUBS SIX SPADES TWO,0.2758,0.2622,0.462
CLUBS SIX SPADES THREE,0.38,0.1558,0.4642
CLUBS SIX SPADES FOUR,0.3706,0.1578,0.4716
CLUBS THREE DIAMONDS SEVEN,0.3892,0.0994,0.5114
CLUBS SIX SPADES FIVE,0.2548,0.268,0.4772
CLUBS FOUR DIAMONDS SEVEN,0.3886,0.1022,0.5092
CLUBS SIX SPADES SIX,0.1648,0.121,0.7142
CLUBS SIX SPADES SEVEN,0.3382,0.0942,0.5676
CLUBS SIX DIAMONDS SEVEN,0.3526,0.0876,0.5598
CLUBS SIX SPADES EIGHT,0.3546,0.0658,0.5796
CLUBS SEVEN DIAMONDS SEVEN,0.1808,0.1124,0.7068
CLUBS SIX SPADES NINE,0.3724,0.045,0.5826
CLUBS THREE DIAMONDS EIGHT,0.398,0.066,0.536
DIAMONDS EIGHT HEARTS SEVEN,0.3696,0.06,0.5704
HEARTS SIX DIAMONDS EIGHT,0.3696,0.0652,0.5652
DIAMONDS EIGHT HEARTS NINE,0.3702,0.0358,0.594
DIAMONDS EIGHT HEARTS EIGHT,0.1808,0.087,0.7322
CLUBS NINE DIAMONDS EIGHT,0.3464,0.0452,0.6084
CLUBS EIGHT DIAMONDS EIGHT,0.1804,0.0984,0.7212
SPADES ACE SPADES THREE,0.381,0.006,0.613
CLUBS FOUR DIAMONDS EIGHT,0.3948,0.0682,0.537
CLUBS SEVEN DIAMONDS EIGHT,0.3346,0.0592,0.6062
SPADES QUEEN SPADES THREE,0.3966,0.0128,0.5906
CLUBS SIX DIAMONDS EIGHT,0.3552,0.0618,0.583
SPADES KING SPADES THREE,0.3858,0.0094,0.6048
DIAMONDS QUEEN DIAMONDS EIGHT,0.3634,0.013,0.6236
HEARTS TWO DIAMONDS EIGHT,0.3146,0.1444,0.541
DIAMONDS KING DIAMONDS EIGHT,0.3668,0.0086,0.6246
HEARTS THREE DIAMONDS EIGHT,0.4138,0.0582,0.528
DIAMONDS ACE DIAMONDS EIGHT,0.371,0.0052,0.6238
HEARTS FOUR DIAMONDS EIGHT,0.4112,0.0742,0.5146
HEARTS FIVE DIAMONDS EIGHT,0.2946,0.1464,0.559
DIAMONDS EIGHT DIAMONDS TEN,0.3678,0.025,0.6072
DIAMONDS EIGHT DIAMONDS JACK,0.3752,0.0182,0.6066
SPADES JACK SPADES THREE,0.3932,0.023,0.5838
SPADES TEN SPADES THREE,0.3884,0.0286,0.583
CLUBS FOUR HEARTS ACE,0.391,0.0058,0.6032
CLUBS FOUR HEARTS QUEEN,0.3978,0.0182,0.584
CLUBS FOUR HEARTS KING,0.4078,0.011,0.5812
CLUBS SIX HEARTS TEN,0.3684,0.0288,0.6028
CLUBS SIX HEARTS JACK,0.3604,0.0208,0.6188
DIAMONDS EIGHT SPADES FOUR,0.3988,0.0626,0.5386
SPADES FIVE DIAMONDS EIGHT,0.294,0.1586,0.5474
DIAMONDS EIGHT SPADES TWO,0.2998,0.1412,0.559
DIAMONDS EIGHT SPADES THREE,0.4222,0.0628,0.515
CLUBS FOUR HEARTS JACK,0.4054,0.02,0.5746
SPADES EIGHT DIAMONDS EIGHT,0.1802,0.0976,0.7222
SPADES TEN DIAMONDS QUEEN,0.373,0.0078,0.6192
SPADES TEN HEARTS TWO,0.313,0.069,0.618
SPADES JACK HEARTS EIGHT,0.3784,0.0154,0.6062
CLUBS FOUR HEARTS TEN,0.405,0.0314,0.5636
SPADES NINE DIAMONDS EIGHT,0.3684,0.0386,0.593
SPADES TEN HEARTS EIGHT,0.3772,0.0214,0.6014
SPADES JACK HEARTS TWO,0.3056,0.0508,0.6436
SPADES JACK DIAMONDS QUEEN,0.3886,0.011,0.6004
SPADES SIX DIAMONDS EIGHT,0.376,0.0614,0.5626
SPADES SEVEN DIAMONDS EIGHT,0.3684,0.0574,0.5742
SPADES ACE HEARTS TWO,0.295,0.0156,0.6894
SPADES ACE DIAMONDS QUEEN,0.3844,0.0064,0.6092
SPADES ACE HEARTS EIGHT,0.3924,0.004,0.6036
SPADES KING HEARTS EIGHT,0.3928,0.0106,0.5966
SPADES QUEEN HEARTS TWO,0.3136,0.0352,0.6512
SPADES QUEEN DIAMONDS QUEEN,0.1938,0.0354,0.7708
SPADES KING DIAMONDS QUEEN,0.386,0.0052,0.6088
SPADES KING HEARTS TWO,0.3122,0.0246,0.6632
SPADES QUEEN HEARTS EIGHT,0.386,0.0096,0.6044
SPADES SEVEN DIAMONDS NINE,0.3694,0.0416,0.589
SPADES SIX DIAMONDS NINE,0.3852,0.0416,0.5732
SPADES NINE DIAMONDS NINE,0.1936,0.0792,0.7272
SPADES EIGHT DIAMONDS NINE,0.3794,0.0372,0.5834
SPADES TEN CLUBS KING,0.3734,0.0082,0.6184
DIAMONDS NINE SPADES THREE,0.4132,0.0472,0.5396
SPADES JACK CLUBS KING,0.3612,0.0082,0.6306
DIAMONDS NINE SPADES TWO,0.3014,0.0942,0.6044
DIAMONDS NINE SPADES FIVE,0.3018,0.1042,0.594
DIAMONDS NINE SPADES FOUR,0.4226,0.037,0.5404
CLUBS NINE DIAMONDS NINE,0.192,0.0788,0.7292
CLUBS EIGHT DIAMONDS NINE,0.3708,0.0402,0.589
CLUBS SIX DIAMONDS NINE,0.3636,0.037,0.5994
SPADES JACK CLUBS FOUR,0.405,0.023,0.572
CLUBS SEVEN DIAMONDS NINE,0.3584,0.0388,0.6028
SPADES TEN CLUBS FOUR,0.4012,0.031,0.5678
CLUBS FOUR DIAMONDS NINE,0.395,0.0472,0.5578
CLUBS THREE DIAMONDS NINE,0.3986,0.0486,0.5528
DIAMONDS NINE HEARTS EIGHT,0.374,0.035,0.591
DIAMONDS NINE HEARTS NINE,0.2002,0.0788,0.721
HEARTS SIX DIAMONDS NINE,0.369,0.0394,0.5916
DIAMONDS NINE HEARTS SEVEN,0.3866,0.036,0.5774
CLUBS EIGHT CLUBS NINE,0.3184,0.0394,0.6422
DIAMONDS ACE DIAMONDS NINE,0.365,0.0042,0.6308
HEARTS FOUR DIAMONDS NINE,0.417,0.0388,0.5442
HEARTS FIVE DIAMONDS NINE,0.3014,0.1062,0.5924
SPADES ACE CLUBS FOUR,0.3912,0.0042,0.6046
DIAMONDS QUEEN DIAMONDS NINE,0.361,0.0108,0.6282
HEARTS TWO DIAMONDS NINE,0.306,0.0914,0.6026
SPADES KING CLUBS FOUR,0.3982,0.0092,0.5926
DIAMONDS KING DIAMONDS NINE,0.3746,0.0074,0.618
HEARTS THREE DIAMONDS NINE,0.406,0.0518,0.5422
SPADES QUEEN CLUBS FOUR,0.4108,0.0146,0.5746
DIAMONDS NINE DIAMONDS JACK,0.3634,0.0162,0.6204
CLUBS EIGHT SPADES NINE,0.3738,0.0356,0.5906
DIAMONDS NINE DIAMONDS TEN,0.3534,0.0262,0.6204
CLUBS EIGHT SPADES EIGHT,0.1874,0.0956,0.717
CLUBS EIGHT SPADES SEVEN,0.349,0.0602,0.5908
CLUBS EIGHT SPADES SIX,0.3488,0.0682,0.583
CLUBS EIGHT SPADES FIVE,0.2696,0.1468,0.5836
CLUBS EIGHT SPADES FOUR,0.392,0.0666,0.5414
CLUBS EIGHT SPADES THREE,0.4032,0.0662,0.5306
CLUBS EIGHT SPADES TWO,0.2988,0.1348,0.5664
HEARTS SIX DIAMONDS TEN,0.3868,0.0284,0.5848
DIAMONDS TEN HEARTS SEVEN,0.3732,0.0288,0.598
DIAMONDS TEN HEARTS EIGHT,0.3846,0.0276,0.5878
CLUBS JACK CLUBS FOUR,0.3562,0.0186,0.6252
DIAMONDS TEN HEARTS NINE,0.3754,0.0238,0.6008
CLUBS TEN CLUBS FOUR,0.3468,0.0394,0.6138
CLUBS FOUR CLUBS KING,0.3518,0.0112,0.637
CLUBS FOUR CLUBS QUEEN,0.3584,0.0186,0.623
CLUBS THREE DIAMONDS TEN,0.4062,0.0322,0.5616
CLUBS FOUR CLUBS ACE,0.3342,0.0066,0.6592
DIAMONDS JACK DIAMONDS TEN,0.35,0.0118,0.6382
DIAMONDS QUEEN DIAMONDS TEN,0.3672,0.011,0.6218
HEARTS TWO DIAMONDS TEN,0.2956,0.0784,0.626
DIAMONDS KING DIAMONDS TEN,0.3556,0.0066,0.6378
HEARTS THREE DIAMONDS TEN,0.4048,0.0318,0.5634
DIAMONDS ACE DIAMONDS TEN,0.3618,0.0058,0.6324
HEARTS FOUR DIAMONDS TEN,0.403,0.0284,0.5686
CLUBS EIGHT HEARTS JACK,0.3646,0.017,0.6184
HEARTS FIVE DIAMONDS TEN,0.2892,0.078,0.6328
CLUBS EIGHT HEARTS TEN,0.3772,0.0242,0.5986
CLUBS EIGHT HEARTS QUEEN,0.3778,0.0118,0.6104
CLUBS EIGHT HEARTS KING,0.3854,0.0076,0.607
CLUBS EIGHT HEARTS ACE,0.3774,0.0044,0.6182
CLUBS NINE SPADES THREE,0.4044,0.0476,0.548
CLUBS NINE SPADES TWO,0.2914,0.102,0.6066
CLUBS NINE SPADES FIVE,0.2774,0.1072,0.6154
CLUBS NINE SPADES FOUR,0.407,0.0488,0.5442
CLUBS NINE SPADES SEVEN,0.3684,0.0424,0.5892
CLUBS NINE SPADES SIX,0.3642,0.0464,0.5894
CLUBS NINE SPADES NINE,0.1858,0.0844,0.7298
CLUBS TEN HEARTS EIGHT,0.372,0.026,0.602
CLUBS NINE SPADES EIGHT,0.366,0.0346,0.5994
CLUBS JACK HEARTS EIGHT,0.366,0.02,0.614
CLUBS QUEEN HEARTS EIGHT,0.3614,0.0122,0.6264
CLUBS KING HEARTS EIGHT,0.376,0.0072,0.6168
CLUBS ACE HEARTS EIGHT,0.3786,0.006,0.6154
SPADES KING CLUBS KING,0.1874,0.0218,0.7908
SPADES QUEEN CLUBS KING,0.3736,0.0092,0.6172
SPADES ACE CLUBS KING,0.3706,0.0066,0.6228
DIAMONDS ACE HEARTS TEN,0.386,0.0036,0.6104
HEARTS FOUR HEARTS TEN,0.3916,0.03,0.5784
DIAMONDS ACE HEARTS JACK,0.3996,0.0046,0.5958
HEARTS FOUR HEARTS JACK,0.3898,0.0256,0.5846
DIAMONDS JACK HEARTS SEVEN,0.3782,0.0146,0.6072
HEARTS SIX DIAMONDS JACK,0.3812,0.0228,0.596
DIAMONDS JACK HEARTS NINE,0.3816,0.0154,0.603
DIAMONDS JACK HEARTS EIGHT,0.3864,0.017,0.5966
DIAMONDS KING DIAMONDS JACK,0.3622,0.0084,0.6294
HEARTS THREE DIAMONDS JACK,0.4306,0.0196,0.5498
SPADES ACE SPADES SIX,0.3704,0.0056,0.624
HEARTS ACE SPADES FOUR,0.3956,0.0078,0.5966
DIAMONDS QUEEN DIAMONDS JACK,0.3712,0.0102,0.6186
HEARTS TWO DIAMONDS JACK,0.3078,0.056,0.6362
HEARTS FIVE DIAMONDS JACK,0.3068,0.0622,0.631
SPADES QUEEN SPADES SIX,0.3698,0.0114,0.6188
SPADES FOUR HEARTS QUEEN,0.409,0.0152,0.5758
DIAMONDS ACE DIAMONDS JACK,0.366,0.0046,0.6294
HEARTS FOUR DIAMONDS JACK,0.4072,0.0226,0.5702
SPADES KING SPADES SIX,0.355,0.0092,0.6358
HEARTS KING SPADES FOUR,0.4008,0.0116,0.5876
SPADES TEN SPADES SIX,0.3724,0.0312,0.5964
SPADES JACK SPADES SIX,0.3574,0.0166,0.626
SPADES FOUR DIAMONDS JACK,0.405,0.021,0.574
SPADES FIVE DIAMONDS JACK,0.308,0.0662,0.6258
DIAMONDS JACK SPADES TWO,0.3184,0.0516,0.63
DIAMONDS JACK SPADES THREE,0.4202,0.0178,0.562
SPADES ACE DIAMONDS THREE,0.3886,0.0048,0.6066
CLUBS EIGHT DIAMONDS JACK,0.3708,0.0176,0.6116
SPADES QUEEN DIAMONDS THREE,0.4232,0.0128,0.564
SPADES KING DIAMONDS THREE,0.4188,0.0078,0.5734
CLUBS NINE DIAMONDS JACK,0.3746,0.0176,0.6078
CLUBS SIX DIAMONDS JACK,0.3686,0.019,0.6124
CLUBS SEVEN DIAMONDS JACK,0.3756,0.024,0.6004
CLUBS FOUR DIAMONDS JACK,0.4102,0.018,0.5718
CLUBS THREE DIAMONDS JACK,0.4194,0.0212,0.5594
HEARTS SIX SPADES JACK,0.3998,0.0192,0.581
HEARTS SIX SPADES TEN,0.3922,0.0268,0.581
SPADES JACK DIAMONDS THREE,0.4198,0.0226,0.5576
CLUBS SEVEN CLUBS ACE,0.3292,0.0078,0.663
DIAMONDS THREE SPADES TEN,0.4134,0.0348,0.5518
CLUBS SEVEN CLUBS QUEEN,0.3302,0.0136,0.6562
CLUBS SEVEN CLUBS KING,0.3386,0.0094,0.652
SPADES NINE DIAMONDS JACK,0.3786,0.014,0.6074
CLUBS TEN CLUBS SEVEN,0.3318,0.0274,0.6408
DIAMONDS ACE HEARTS ACE,0.1796,0.0046,0.8158
HEARTS FOUR HEARTS ACE,0.3708,0.0074,0.6218
SPADES EIGHT DIAMONDS JACK,0.3922,0.015,0.5928
SPADES ACE HEARTS SIX,0.3884,0.0042,0.6074
CLUBS JACK CLUBS SEVEN,0.3344,0.021,0.6446
DIAMONDS ACE HEARTS KING,0.3954,0.0042,0.6004
HEARTS FOUR HEARTS KING,0.3834,0.0094,0.6072
SPADES SEVEN DIAMONDS JACK,0.3782,0.0138,0.608
SPADES KING HEARTS SIX,0.3758,0.0084,0.6158
DIAMONDS ACE HEARTS QUEEN,0.392,0.0054,0.6026
HEARTS FOUR HEARTS QUEEN,0.393,0.0118,0.5952
SPADES QUEEN HEARTS SIX,0.3958,0.012,0.5922
SPADES SIX DIAMONDS JACK,0.4014,0.0194,0.5792
DIAMONDS TEN SPADES TWO,0.294,0.0688,0.6372
SPADES THREE DIAMONDS TEN,0.4196,0.0262,0.5542
SPADES FOUR DIAMONDS TEN,0.4172,0.026,0.5568
SPADES FIVE DIAMONDS TEN,0.304,0.0786,0.6174
SPADES SIX DIAMONDS TEN,0.3858,0.0284,0.5858
SPADES SEVEN DIAMONDS TEN,0.3828,0.0304,0.5868
SPADES EIGHT DIAMONDS TEN,0.3758,0.0264,0.5978
SPADES NINE DIAMONDS TEN,0.3814,0.027,0.5916
CLUBS FOUR DIAMONDS TEN,0.4032,0.032,0.5648
CLUBS SIX DIAMONDS TEN,0.3752,0.028,0.5968
CLUBS SEVEN DIAMONDS TEN,0.36,0.0308,0.6092
CLUBS EIGHT DIAMONDS TEN,0.3704,0.0268,0.6028
CLUBS NINE DIAMONDS TEN,0.3552,0.0276,0.6172
CLUBS JACK DIAMONDS THREE,0.41,0.0182,0.5718
CLUBS TEN DIAMONDS THREE,0.4008,0.0302,0.569
DIAMONDS THREE CLUBS KING,0.397,0.0114,0.5916
DIAMONDS THREE CLUBS QUEEN,0.3934,0.015,0.5916
DIAMONDS THREE CLUBS ACE,0.3842,0.006,0.6098
SPADES FOUR HEARTS JACK,0.4092,0.016,0.5748
SPADES FOUR HEARTS TEN,0.4112,0.0304,0.5584
SPADES FIVE SPADES TWO,0.0734,0.851,0.0756
SPADES FOUR SPADES TWO,0.404,0.342,0.254
SPADES THREE SPADES TWO,0.4084,0.3416,0.25
SPADES NINE SPADES TWO,0.2892,0.1006,0.6102
SPADES EIGHT SPADES TWO,0.2922,0.1282,0.5796
SPADES SEVEN SPADES TWO,0.2806,0.1786,0.5408
SPADES SIX SPADES TWO,0.2738,0.2496,0.4766
DIAMONDS QUEEN CLUBS THREE,0.4192,0.0148,0.566
CLUBS THREE HEARTS TWO,0.4274,0.3602,0.2124
DIAMONDS QUEEN HEARTS SEVEN,0.3918,0.0138,0.5944
HEARTS TWO HEARTS SEVEN,0.2978,0.1796,0.5226
HEARTS SIX DIAMONDS QUEEN,0.3868,0.0102,0.603
HEARTS SIX HEARTS TWO,0.2822,0.237,0.4808
DIAMONDS QUEEN HEARTS NINE,0.389,0.0124,0.5986
HEARTS TWO HEARTS NINE,0.2868,0.0936,0.6196
DIAMONDS QUEEN HEARTS EIGHT,0.4004,0.0108,0.5888
HEARTS TWO HEARTS EIGHT,0.2742,0.136,0.5898
CLUBS NINE HEARTS TWO,0.291,0.097,0.612
CLUBS NINE DIAMONDS QUEEN,0.382,0.0102,0.6078
CLUBS EIGHT DIAMONDS QUEEN,0.3758,0.0074,0.6168
CLUBS EIGHT HEARTS TWO,0.2952,0.1372,0.5676
SPADES EIGHT HEARTS ACE,0.3896,0.0046,0.6058
DIAMONDS QUEEN CLUBS FOUR,0.3916,0.0144,0.594
HEARTS TWO CLUBS FOUR,0.419,0.3596,0.2214
CLUBS SEVEN DIAMONDS QUEEN,0.3706,0.011,0.6184
CLUBS SEVEN HEARTS TWO,0.2908,0.1842,0.525
SPADES EIGHT HEARTS QUEEN,0.3892,0.0142,0.5966
CLUBS SIX DIAMONDS QUEEN,0.383,0.0126,0.6044
CLUBS SIX HEARTS TWO,0.272,0.2632,0.4648
SPADES EIGHT HEARTS KING,0.3906,0.0058,0.6036
HEARTS TWO SPADES SIX,0.2826,0.2606,0.4568
DIAMONDS QUEEN SPADES SIX,0.3972,0.0108,0.592
HEARTS FOUR CLUBS QUEEN,0.3928,0.0138,0.5934
DIAMONDS ACE CLUBS QUEEN,0.362,0.0068,0.6312
DIAMONDS QUEEN SPADES SEVEN,0.396,0.0142,0.5898
HEARTS TWO SPADES SEVEN,0.3176,0.1962,0.4862
HEARTS FOUR CLUBS KING,0.4032,0.0106,0.5862
DIAMONDS ACE CLUBS KING,0.3802,0.0066,0.6132
DIAMONDS QUEEN SPADES EIGHT,0.3904,0.0106,0.599
SPADES EIGHT HEARTS TWO,0.3054,0.1422,0.5524
HEARTS FOUR CLUBS ACE,0.3664,0.0076,0.626
DIAMONDS ACE CLUBS ACE,0.1738,0.0046,0.8216
SPADES NINE DIAMONDS QUEEN,0.3832,0.01,0.6068
SPADES NINE HEARTS TWO,0.303,0.1008,0.5962
HEARTS TWO SPADES TWO,0.3012,0.1116,0.5872
DIAMONDS QUEEN SPADES TWO,0.3268,0.0318,0.6414
HEARTS TWO SPADES THREE,0.4342,0.3546,0.2112
DIAMONDS QUEEN SPADES THREE,0.417,0.0134,0.5696
HEARTS TWO SPADES FOUR,0.4508,0.3424,0.2068
DIAMONDS QUEEN SPADES FOUR,0.4232,0.0136,0.5632
CLUBS TEN HEARTS FOUR,0.3894,0.0304,0.5802
CLUBS TEN DIAMONDS ACE,0.3712,0.006,0.6228
HEARTS TWO SPADES FIVE,0.0682,0.9068,0.025
DIAMONDS QUEEN SPADES FIVE,0.298,0.0518,0.6502
HEARTS FOUR CLUBS JACK,0.3954,0.0198,0.5848
CLUBS JACK DIAMONDS ACE,0.3668,0.0062,0.627
SPADES KING CLUBS JACK,0.37,0.0072,0.6228
CLUBS JACK SPADES QUEEN,0.3738,0.0084,0.6178
SPADES ACE CLUBS JACK,0.362,0.006,0.632
SPADES SIX CLUBS KING,0.3798,0.0106,0.6096
SPADES SIX CLUBS QUEEN,0.3702,0.0128,0.617
SPADES EIGHT HEARTS JACK,0.3874,0.0164,0.5962
SPADES SIX CLUBS ACE,0.381,0.0054,0.6136
SPADES EIGHT HEARTS TEN,0.3802,0.023,0.5968
CLUBS JACK SPADES SIX,0.3832,0.016,0.6008
CLUBS TEN SPADES SIX,0.358,0.0312,0.6108
CLUBS JACK SPADES TEN,0.3654,0.0158,0.6188
CLUBS JACK SPADES JACK,0.1832,0.0478,0.769
SPADES QUEEN CLUBS SEVEN,0.3754,0.0132,0.6114
SPADES KING CLUBS SEVEN,0.3702,0.0092,0.6206
SPADES ACE CLUBS SEVEN,0.3724,0.0056,0.622
SPADES SIX HEARTS TEN,0.4038,0.0268,0.5694
SPADES SIX HEARTS JACK,0.3828,0.0166,0.6006
SPADES SIX HEARTS ACE,0.3892,0.0036,0.6072
SPADES SIX HEARTS KING,0.385,0.0106,0.6044
SPADES SIX HEARTS QUEEN,0.3958,0.0122,0.592
SPADES JACK CLUBS SEVEN,0.3702,0.0186,0.6112
SPADES TEN CLUBS SEVEN,0.3684,0.0266,0.605
CLUBS TEN HEARTS SIX,0.382,0.0282,0.5898
CLUBS JACK HEARTS SIX,0.3718,0.023,0.6052
CLUBS JACK CLUBS ACE,0.3326,0.0056,0.6618
HEARTS SIX CLUBS QUEEN,0.3764,0.0114,0.6122
HEARTS SIX CLUBS KING,0.381,0.0082,0.6108
HEARTS SIX CLUBS ACE,0.3756,0.0052,0.6192
CLUBS JACK CLUBS QUEEN,0.3258,0.0148,0.6594
CLUBS JACK CLUBS KING,0.3362,0.0098,0.654
DIAMONDS THREE HEARTS ACE,0.412,0.004,0.584
DIAMONDS THREE HEARTS QUEEN,0.4132,0.0142,0.5726
DIAMONDS THREE HEARTS KING,0.4064,0.0098,0.5838
SPADES TEN DIAMONDS ACE,0.385,0.0056,0.6094
HEARTS FOUR SPADES TEN,0.4048,0.0292,0.566
HEARTS FOUR SPADES JACK,0.427,0.022,0.551
SPADES JACK DIAMONDS ACE,0.3932,0.0064,0.6004
SPADES ACE HEARTS FOUR,0.3962,0.0052,0.5986
SPADES ACE DIAMONDS ACE,0.1824,0.0048,0.8128
HEARTS FOUR SPADES QUEEN,0.4076,0.0142,0.5782
SPADES QUEEN DIAMONDS ACE,0.3872,0.0044,0.6084
CLUBS JACK SPADES FOUR,0.3952,0.0246,0.5802
SPADES KING DIAMONDS ACE,0.383,0.006,0.611
HEARTS FOUR SPADES KING,0.4082,0.0092,0.5826
CLUBS TEN SPADES FOUR,0.3962,0.0326,0.5712
DIAMONDS QUEEN DIAMONDS ACE,0.374,0.0056,0.6204
HEARTS TWO DIAMONDS ACE,0.2844,0.0148,0.7008
HEARTS FOUR DIAMONDS QUEEN,0.407,0.0142,0.5788
HEARTS FOUR HEARTS TWO,0.4126,0.325,0.2624
DIAMONDS THREE HEARTS TEN,0.4126,0.0296,0.5578
SPADES FOUR CLUBS KING,0.3928,0.0104,0.5968
HEARTS FIVE DIAMONDS QUEEN,0.3108,0.0488,0.6404
HEARTS FIVE HEARTS TWO,0.0784,0.8496,0.072
DIAMONDS THREE HEARTS JACK,0.4178,0.023,0.5592
SPADES FOUR CLUBS QUEEN,0.3968,0.013,0.5902
DIAMONDS QUEEN HEARTS TWO,0.3216,0.0364,0.642
DIAMONDS KING DIAMONDS QUEEN,0.367,0.0074,0.6256
DIAMONDS KING HEARTS TWO,0.317,0.0282,0.6548
HEARTS THREE DIAMONDS QUEEN,0.4252,0.0132,0.5616
HEARTS THREE HEARTS TWO,0.4046,0.3364,0.259
SPADES FOUR CLUBS ACE,0.3694,0.0076,0.623
HEARTS TWO CLUBS ACE,0.2706,0.0152,0.7142
DIAMONDS QUEEN CLUBS ACE,0.3788,0.005,0.6162
HEARTS TWO CLUBS QUEEN,0.3004,0.0376,0.662
DIAMONDS QUEEN CLUBS QUEEN,0.1792,0.033,0.7878
HEARTS TWO CLUBS KING,0.3024,0.0256,0.672
DIAMONDS QUEEN CLUBS KING,0.3734,0.0078,0.6188
SPADES EIGHT SPADES FIVE,0.2804,0.1314,0.5882
CLUBS TEN HEARTS TWO,0.2978,0.0726,0.6296
CLUBS TEN DIAMONDS QUEEN,0.3678,0.0136,0.6186
SPADES NINE SPADES FIVE,0.2976,0.1002,0.6022
CLUBS JACK HEARTS TWO,0.2872,0.0524,0.6604
CLUBS JACK DIAMONDS QUEEN,0.3746,0.0132,0.6122
SPADES SIX SPADES FIVE,0.268,0.238,0.494
SPADES SEVEN SPADES FIVE,0.265,0.1702,0.5648
DIAMONDS FIVE CLUBS QUEEN,0.2814,0.0566,0.662
SPADES EIGHT CLUBS ACE,0.375,0.0046,0.6204
DIAMONDS FIVE CLUBS KING,0.2636,0.0382,0.6982
SPADES EIGHT CLUBS KING,0.3708,0.0086,0.6206
DIAMONDS FIVE CLUBS ACE,0.2568,0.0288,0.7144
SPADES EIGHT CLUBS QUEEN,0.3634,0.0126,0.624
CLUBS JACK SPADES EIGHT,0.374,0.0188,0.6072
CLUBS TEN SPADES EIGHT,0.365,0.025,0.61
CLUBS TEN DIAMONDS FIVE,0.2962,0.08,0.6238
CLUBS JACK DIAMONDS FIVE,0.2846,0.0628,0.6526
HEARTS JACK DIAMONDS TEN,0.3774,0.0142,0.6084
DIAMONDS TEN HEARTS TEN,0.184,0.0612,0.7548
SPADES ACE CLUBS NINE,0.3768,0.0042,0.619
SPADES QUEEN CLUBS NINE,0.3784,0.0112,0.6104
SPADES KING CLUBS NINE,0.3754,0.0078,0.6168
HEARTS SIX HEARTS KING,0.3558,0.0092,0.635
DIAMONDS KING SPADES SEVEN,0.3968,0.008,0.5952
HEARTS THREE SPADES SEVEN,0.4012,0.0956,0.5032
SPADES KING DIAMONDS SEVEN,0.3876,0.0088,0.6036
HEARTS SIX HEARTS QUEEN,0.366,0.0126,0.6214
SPADES QUEEN DIAMONDS SEVEN,0.3844,0.011,0.6046
HEARTS THREE SPADES SIX,0.3834,0.153,0.4636
DIAMONDS KING SPADES SIX,0.3902,0.0064,0.6034
DIAMONDS KING SPADES NINE,0.3818,0.0068,0.6114
HEARTS THREE SPADES NINE,0.4156,0.0478,0.5366
HEARTS SIX HEARTS ACE,0.3676,0.006,0.6264
DIAMONDS KING SPADES EIGHT,0.3938,0.0074,0.5988
HEARTS THREE SPADES EIGHT,0.422,0.0682,0.5098
SPADES ACE DIAMONDS SEVEN,0.3982,0.0048,0.597
HEARTS THREE CLUBS NINE,0.4066,0.045,0.5484
CLUBS NINE DIAMONDS KING,0.3724,0.0068,0.6208
CLUBS EIGHT DIAMONDS KING,0.3838,0.0094,0.6068
HEARTS THREE CLUBS EIGHT,0.4032,0.0624,0.5344
HEARTS THREE SPADES THREE,0.2672,0.1458,0.587
DIAMONDS KING SPADES THREE,0.4172,0.0108,0.572
HEARTS THREE SPADES TWO,0.4324,0.3426,0.225
DIAMONDS KING SPADES TWO,0.3178,0.0288,0.6534
HEARTS THREE SPADES FIVE,0.2516,0.4946,0.2538
