opposingHand,winningChance,drawChance,lostChance
CLUBS FOUR SPADES FIVE
HEARTS FIVE SPADES TEN,0.2874,0.081,0.6316
SPADES JACK HEARTS FIVE,0.2834,0.0664,0.6502
CLUBS EIGHT CLUBS JACK,0.3514,0.018,0.6306
CLUBS TEN CLUBS EIGHT,0.3436,0.0232,0.6332
CLUBS EIGHT CLUBS KING,0.3584,0.0068,0.6348
CLUBS EIGHT CLUBS QUEEN,0.347,0.0128,0.6402
CLUBS EIGHT CLUBS ACE,0.3544,0.004,0.6416
DIAMONDS TWO DIAMONDS THREE,0.445,0.2252,0.3298
DIAMONDS TWO DIAMONDS FIVE,0.2834,0.4612,0.2554
SPADES KING HEARTS FIVE,0.2884,0.0344,0.6772
DIAMONDS TWO DIAMONDS FOUR,0.4108,0.342,0.2472
SPADES QUEEN HEARTS FIVE,0.2834,0.0484,0.6682
DIAMONDS TWO DIAMONDS SEVEN,0.3922,0.1068,0.501
DIAMONDS TWO DIAMONDS SIX,0.3968,0.1474,0.4558
SPADES ACE HEARTS FIVE,0.2566,0.0238,0.7196
DIAMONDS TWO DIAMONDS NINE,0.392,0.0394,0.5686
DIAMONDS TWO DIAMONDS EIGHT,0.3998,0.0674,0.5328
DIAMONDS THREE DIAMONDS FOUR,0.394,0.3504,0.2556
CLUBS TWO SPADES FOUR,0.4288,0.375,0.1962
DIAMONDS THREE DIAMONDS FIVE,0.268,0.4724,0.2596
CLUBS TWO SPADES TWO,0.3568,0.159,0.4842
CLUBS TWO SPADES THREE,0.468,0.2528,0.2792
DIAMONDS THREE DIAMONDS EIGHT,0.3942,0.0602,0.5456
SPADES EIGHT CLUBS TWO,0.4242,0.0662,0.5096
DIAMONDS THREE DIAMONDS NINE,0.3984,0.044,0.5576
SPADES NINE CLUBS TWO,0.43,0.0428,0.5272
DIAMONDS THREE DIAMONDS SIX,0.3788,0.1488,0.4724
CLUBS TWO SPADES SIX,0.4184,0.1676,0.414
DIAMONDS THREE DIAMONDS SEVEN,0.374,0.1022,0.5238
CLUBS TWO SPADES SEVEN,0.439,0.1072,0.4538
CLUBS SIX CLUBS TWO,0.396,0.1512,0.4528
CLUBS SEVEN CLUBS TWO,0.4106,0.099,0.4904
CLUBS FIVE CLUBS TWO,0.2798,0.4748,0.2454
CLUBS TEN CLUBS JACK,0.3454,0.0138,0.6408
DIAMONDS FOUR DIAMONDS SIX,0.2456,0.2666,0.4878
CLUBS TEN CLUBS QUEEN,0.355,0.0116,0.6334
DIAMONDS FOUR DIAMONDS SEVEN,0.2278,0.1928,0.5794
CLUBS TEN CLUBS KING,0.3452,0.0094,0.6454
CLUBS TEN CLUBS ACE,0.356,0.0056,0.6384
CLUBS EIGHT CLUBS TWO,0.4098,0.071,0.5192
DIAMONDS FIVE DIAMONDS FOUR,0.0222,0.9018,0.076
CLUBS NINE CLUBS TWO,0.4066,0.0418,0.5516
DIAMONDS NINE DIAMONDS FOUR,0.27,0.1014,0.6286
DIAMONDS EIGHT DIAMONDS FOUR,0.2668,0.1386,0.5946
CLUBS TWO CLUBS THREE,0.4556,0.22,0.3244
DIAMONDS NINE DIAMONDS FIVE,0.2528,0.1034,0.6438
DIAMONDS TWO CLUBS JACK,0.4254,0.0234,0.5512
DIAMONDS EIGHT DIAMONDS FIVE,0.2522,0.1422,0.6056
CLUBS TEN DIAMONDS TWO,0.4178,0.0284,0.5538
DIAMONDS FIVE DIAMONDS SEVEN,0.2446,0.196,0.5594
DIAMONDS FIVE DIAMONDS SIX,0.2346,0.263,0.5024
DIAMONDS TWO CLUBS ACE,0.4084,0.0054,0.5862
DIAMONDS TWO CLUBS KING,0.4222,0.008,0.5698
DIAMONDS TWO CLUBS QUEEN,0.4238,0.0146,0.5616
DIAMONDS EIGHT DIAMONDS SIX,0.3298,0.0576,0.6126
DIAMONDS NINE DIAMONDS SIX,0.338,0.0392,0.6228
HEARTS ACE SPADES THREE,0.4064,0.0032,0.5904
HEARTS KING SPADES THREE,0.4276,0.0072,0.5652
DIAMONDS SEVEN DIAMONDS SIX,0.3272,0.0896,0.5832
SPADES THREE HEARTS QUEEN,0.4234,0.016,0.5606
SPADES THREE HEARTS JACK,0.417,0.021,0.562
SPADES THREE HEARTS TEN,0.42,0.0272,0.5528
DIAMONDS EIGHT DIAMONDS SEVEN,0.3182,0.0564,0.6254
DIAMONDS NINE DIAMONDS SEVEN,0.333,0.0404,0.6266
DIAMONDS NINE DIAMONDS EIGHT,0.3324,0.035,0.6326
DIAMONDS KING HEARTS TEN,0.379,0.0048,0.6162
HEARTS THREE HEARTS TEN,0.4002,0.0276,0.5722
SPADES JACK CLUBS SIX,0.367,0.0192,0.6138
DIAMONDS KING HEARTS JACK,0.3882,0.0062,0.6056
HEARTS THREE HEARTS JACK,0.3962,0.0196,0.5842
SPADES TEN CLUBS SIX,0.3616,0.028,0.6104
DIAMONDS KING HEARTS ACE,0.3952,0.0054,0.5994
HEARTS THREE HEARTS ACE,0.3776,0.0054,0.617
SPADES ACE CLUBS SIX,0.3716,0.0072,0.6212
DIAMONDS KING HEARTS QUEEN,0.3838,0.0054,0.6108
HEARTS THREE HEARTS QUEEN,0.403,0.0128,0.5842
SPADES KING CLUBS SIX,0.3716,0.0082,0.6202
DIAMONDS KING HEARTS KING,0.1982,0.017,0.7848
HEARTS THREE HEARTS KING,0.388,0.0082,0.6038
SPADES QUEEN CLUBS SIX,0.3722,0.0106,0.6172
SPADES NINE HEARTS TEN,0.3464,0.0242,0.6294
SPADES NINE HEARTS JACK,0.362,0.019,0.619
SPADES NINE HEARTS QUEEN,0.3814,0.0122,0.6064
SPADES NINE HEARTS KING,0.3706,0.0094,0.62
SPADES NINE HEARTS ACE,0.3712,0.0058,0.623
CLUBS TEN SPADES JACK,0.3546,0.018,0.6274
CLUBS TEN SPADES TEN,0.179,0.0744,0.7466
SPADES ACE CLUBS TEN,0.3634,0.007,0.6296
SPADES KING CLUBS TEN,0.361,0.0086,0.6304
CLUBS TEN SPADES QUEEN,0.3538,0.015,0.6312
CLUBS EIGHT SPADES TEN,0.3688,0.027,0.6042
HEARTS THREE SPADES JACK,0.4252,0.0226,0.5522
SPADES JACK DIAMONDS KING,0.3584,0.0062,0.6354
SPADES TEN DIAMONDS KING,0.3552,0.007,0.6378
HEARTS THREE SPADES TEN,0.4052,0.0316,0.5632
SPADES JACK CLUBS EIGHT,0.357,0.0224,0.6206
CLUBS SIX HEARTS ACE,0.3712,0.005,0.6238
SPADES ACE CLUBS EIGHT,0.358,0.0048,0.6372
HEARTS FIVE CLUBS JACK,0.2854,0.0634,0.6512
CLUBS TEN HEARTS FIVE,0.286,0.081,0.633
CLUBS SIX HEARTS QUEEN,0.3636,0.0112,0.6252
SPADES QUEEN CLUBS EIGHT,0.3708,0.0118,0.6174
CLUBS TEN SPADES THREE,0.4262,0.0304,0.5434
CLUBS SIX HEARTS KING,0.3868,0.0088,0.6044
SPADES KING CLUBS EIGHT,0.3616,0.0104,0.628
SPADES THREE CLUBS JACK,0.429,0.0204,0.5506
DIAMONDS TWO HEARTS JACK,0.4174,0.0194,0.5632
SPADES THREE CLUBS QUEEN,0.4334,0.0166,0.55
DIAMONDS TWO HEARTS TEN,0.4256,0.0294,0.545
SPADES THREE CLUBS KING,0.4286,0.0102,0.5612
HEARTS FIVE CLUBS ACE,0.2632,0.0242,0.7126
SPADES THREE CLUBS ACE,0.4244,0.0062,0.5694
HEARTS FIVE CLUBS KING,0.2804,0.0384,0.6812
HEARTS FIVE CLUBS QUEEN,0.269,0.0526,0.6784
HEARTS THREE CLUBS KING,0.4116,0.012,0.5764
DIAMONDS KING CLUBS KING,0.1876,0.0176,0.7948
HEARTS THREE CLUBS QUEEN,0.4224,0.0178,0.5598
DIAMONDS KING CLUBS QUEEN,0.371,0.008,0.621
HEARTS FIVE HEARTS JACK,0.2666,0.0608,0.6726
HEARTS FIVE HEARTS TEN,0.2814,0.0806,0.638
HEARTS THREE CLUBS ACE,0.3984,0.008,0.5936
DIAMONDS KING CLUBS ACE,0.377,0.005,0.618
SPADES ACE CLUBS QUEEN,0.3708,0.0042,0.625
SPADES KING CLUBS QUEEN,0.3708,0.0084,0.6208
HEARTS THREE CLUBS JACK,0.4226,0.0236,0.5538
DIAMONDS KING CLUBS JACK,0.3704,0.0068,0.6228
SPADES QUEEN CLUBS QUEEN,0.1886,0.0364,0.775
CLUBS TEN HEARTS THREE,0.424,0.0304,0.5456
CLUBS TEN DIAMONDS KING,0.362,0.0068,0.6312
SPADES JACK CLUBS QUEEN,0.3606,0.0116,0.6278
CLUBS SIX CLUBS QUEEN,0.3568,0.0128,0.6304
SPADES TEN CLUBS QUEEN,0.3422,0.0088,0.649
CLUBS SIX CLUBS KING,0.3552,0.0096,0.6352
CLUBS SIX CLUBS ACE,0.3548,0.0044,0.6408
HEARTS FIVE HEARTS KING,0.2716,0.037,0.6914
HEARTS FIVE HEARTS QUEEN,0.2644,0.0498,0.6858
CLUBS TEN CLUBS SIX,0.3568,0.025,0.6182
HEARTS FIVE HEARTS ACE,0.2534,0.0246,0.722
CLUBS SIX CLUBS JACK,0.3532,0.0204,0.6264
SPADES SEVEN HEARTS JACK,0.369,0.0166,0.6144
SPADES SEVEN HEARTS TEN,0.3672,0.032,0.6008
DIAMONDS TWO CLUBS TWO,0.3542,0.1468,0.499
DIAMONDS TWO CLUBS THREE,0.4594,0.2352,0.3054
HEARTS SIX DIAMONDS TWO,0.4114,0.1594,0.4292
DIAMONDS TWO HEARTS QUEEN,0.4228,0.0124,0.5648
DIAMONDS TWO HEARTS SEVEN,0.4238,0.109,0.4672
DIAMONDS TWO HEARTS KING,0.4218,0.0096,0.5686
DIAMONDS TWO HEARTS EIGHT,0.4342,0.0612,0.5046
DIAMONDS TWO HEARTS ACE,0.412,0.004,0.584
DIAMONDS TWO HEARTS NINE,0.4306,0.0422,0.5272
DIAMONDS TWO DIAMONDS QUEEN,0.4152,0.012,0.5728
DIAMONDS TWO HEARTS TWO,0.3572,0.1458,0.497
DIAMONDS TWO DIAMONDS KING,0.4138,0.0088,0.5774
HEARTS THREE DIAMONDS TWO,0.4664,0.231,0.3026
DIAMONDS TWO DIAMONDS ACE,0.3808,0.0052,0.614
HEARTS FOUR DIAMONDS TWO,0.4208,0.3538,0.2254
DIAMONDS TWO HEARTS FIVE,0.2806,0.5032,0.2162
SPADES SEVEN HEARTS ACE,0.3734,0.0056,0.621
DIAMONDS TWO DIAMONDS TEN,0.401,0.0306,0.5684
SPADES SEVEN HEARTS KING,0.377,0.0068,0.6162
DIAMONDS TWO DIAMONDS JACK,0.4098,0.0218,0.5684
SPADES SEVEN HEARTS QUEEN,0.3714,0.0118,0.6168
DIAMONDS TWO SPADES NINE,0.4176,0.0494,0.533
DIAMONDS TWO SPADES EIGHT,0.4322,0.0664,0.5014
DIAMONDS TWO SPADES SEVEN,0.426,0.1104,0.4636
DIAMONDS TWO SPADES SIX,0.4088,0.1708,0.4204
DIAMONDS TWO SPADES FOUR,0.4254,0.36,0.2146
DIAMONDS TWO SPADES THREE,0.448,0.2494,0.3026
DIAMONDS TWO SPADES TWO,0.3418,0.1468,0.5114
CLUBS NINE DIAMONDS TWO,0.4246,0.0462,0.5292
DIAMONDS TWO CLUBS EIGHT,0.4136,0.069,0.5174
CLUBS SEVEN DIAMONDS TWO,0.428,0.0972,0.4748
DIAMONDS TWO CLUBS SIX,0.411,0.17,0.419
DIAMONDS TWO CLUBS FIVE,0.273,0.5066,0.2204
SPADES ACE DIAMONDS SIX,0.3672,0.0058,0.627
SPADES QUEEN DIAMONDS SIX,0.3702,0.0132,0.6166
SPADES KING DIAMONDS SIX,0.3698,0.0096,0.6206
SPADES TEN DIAMONDS SIX,0.3678,0.0278,0.6044
SPADES JACK DIAMONDS SIX,0.3698,0.023,0.6072
SPADES QUEEN SPADES TWO,0.4134,0.0122,0.5744
SPADES KING SPADES TWO,0.408,0.009,0.583
SPADES ACE SPADES TWO,0.3908,0.0066,0.6026
DIAMONDS JACK CLUBS JACK,0.2008,0.048,0.7512
CLUBS TEN DIAMONDS JACK,0.3582,0.0136,0.6282
DIAMONDS JACK CLUBS KING,0.3696,0.0104,0.62
DIAMONDS JACK CLUBS QUEEN,0.3698,0.0104,0.6198
DIAMONDS THREE DIAMONDS JACK,0.4002,0.0162,0.5836
DIAMONDS THREE DIAMONDS TEN,0.397,0.0296,0.5734
DIAMONDS JACK CLUBS ACE,0.3736,0.006,0.6204
DIAMONDS THREE DIAMONDS KING,0.4118,0.0122,0.576
HEARTS THREE DIAMONDS THREE,0.3404,0.1474,0.5122
DIAMONDS THREE DIAMONDS QUEEN,0.405,0.0136,0.5814
DIAMONDS THREE HEARTS TWO,0.4656,0.236,0.2984
HEARTS FIVE DIAMONDS THREE,0.277,0.507,0.216
DIAMONDS THREE DIAMONDS ACE,0.379,0.0068,0.6142
HEARTS FOUR DIAMONDS THREE,0.425,0.3604,0.2146
DIAMONDS THREE HEARTS SEVEN,0.4116,0.1034,0.485
SPADES TEN SPADES NINE,0.3294,0.0254,0.6452
HEARTS SIX DIAMONDS THREE,0.4126,0.157,0.4304
SPADES JACK SPADES NINE,0.3494,0.0146,0.636
DIAMONDS THREE HEARTS NINE,0.4262,0.0358,0.538
HEARTS JACK DIAMONDS FOUR,0.2916,0.0604,0.648
HEARTS KING HEARTS ACE,0.361,0.0044,0.6346
SPADES TEN SPADES TWO,0.4032,0.0302,0.5666
DIAMONDS THREE HEARTS EIGHT,0.4244,0.0652,0.5104
HEARTS TEN DIAMONDS FOUR,0.2962,0.085,0.6188
SPADES JACK SPADES TWO,0.406,0.0168,0.5772
HEARTS QUEEN DIAMONDS FOUR,0.304,0.0414,0.6546
HEARTS KING DIAMONDS FOUR,0.2916,0.036,0.6724
SPADES ACE SPADES NINE,0.3552,0.0074,0.6374
HEARTS ACE DIAMONDS FOUR,0.2736,0.0198,0.7066
SPADES KING SPADES NINE,0.3582,0.007,0.6348
SPADES QUEEN SPADES NINE,0.3582,0.011,0.6308
DIAMONDS THREE SPADES NINE,0.4136,0.0468,0.5396
DIAMONDS THREE SPADES EIGHT,0.4186,0.071,0.5104
DIAMONDS THREE SPADES SEVEN,0.4152,0.1112,0.4736
DIAMONDS THREE SPADES SIX,0.4048,0.1708,0.4244
DIAMONDS THREE CLUBS SIX,0.4182,0.148,0.4338
CLUBS FIVE CLUBS SIX,0.234,0.265,0.501
CLUBS ACE DIAMONDS FOUR,0.2678,0.0196,0.7126
CLUBS SEVEN DIAMONDS THREE,0.3964,0.1092,0.4944
CLUBS SEVEN CLUBS FIVE,0.2476,0.1964,0.556
DIAMONDS FOUR CLUBS QUEEN,0.2898,0.0442,0.666
DIAMONDS THREE CLUBS FIVE,0.268,0.5124,0.2196
CLUBS KING DIAMONDS FOUR,0.2764,0.0382,0.6854
DIAMONDS THREE CLUBS TWO,0.4848,0.2354,0.2798
CLUBS TEN DIAMONDS FOUR,0.2822,0.0854,0.6324
DIAMONDS THREE CLUBS THREE,0.3488,0.144,0.5072
DIAMONDS FOUR CLUBS JACK,0.2856,0.06,0.6544
DIAMONDS THREE SPADES FOUR,0.423,0.3666,0.2104
DIAMONDS THREE SPADES TWO,0.4636,0.237,0.2994
DIAMONDS THREE SPADES THREE,0.3578,0.1474,0.4948
CLUBS EIGHT DIAMONDS THREE,0.425,0.0656,0.5094
CLUBS NINE DIAMONDS THREE,0.4046,0.0494,0.546
SPADES SEVEN CLUBS ACE,0.354,0.0046,0.6414
SPADES SEVEN CLUBS QUEEN,0.3618,0.0122,0.626
SPADES SEVEN CLUBS KING,0.3668,0.0072,0.626
CLUBS FIVE SPADES SEVEN,0.2422,0.2144,0.5434
CLUBS TEN SPADES SEVEN,0.3622,0.0286,0.6092
CLUBS FIVE SPADES SIX,0.2348,0.2692,0.496
SPADES SEVEN CLUBS JACK,0.3532,0.019,0.6278
CLUBS FIVE SPADES NINE,0.263,0.116,0.621
CLUBS FIVE SPADES EIGHT,0.2678,0.1584,0.5738
CLUBS FIVE SPADES THREE,0.268,0.5288,0.2032
CLUBS FIVE SPADES TWO,0.2782,0.517,0.2048
CLUBS FIVE SPADES FOUR,0.0072,0.9838,0.009
CLUBS NINE CLUBS FIVE,0.2556,0.103,0.6414
CLUBS EIGHT CLUBS FIVE,0.261,0.1466,0.5924
CLUBS ACE CLUBS QUEEN,0.3524,0.006,0.6416
CLUBS KING CLUBS QUEEN,0.3462,0.009,0.6448
DIAMONDS TEN DIAMONDS FOUR,0.267,0.0776,0.6554
CLUBS TEN DIAMONDS NINE,0.3568,0.0208,0.6224
DIAMONDS JACK DIAMONDS FOUR,0.2758,0.0536,0.6706
DIAMONDS NINE CLUBS JACK,0.3644,0.0172,0.6184
SPADES NINE CLUBS JACK,0.3652,0.018,0.6168
CLUBS TEN SPADES NINE,0.329,0.025,0.646
DIAMONDS ACE DIAMONDS FOUR,0.2614,0.0194,0.7192
HEARTS FOUR DIAMONDS FOUR,0.2864,0.111,0.6026
DIAMONDS JACK HEARTS TEN,0.376,0.016,0.608
SPADES NINE CLUBS KING,0.3618,0.006,0.6322
DIAMONDS TWO SPADES TEN,0.4218,0.0308,0.5474
DIAMONDS NINE CLUBS ACE,0.3796,0.004,0.6164
HEARTS FIVE DIAMONDS FOUR,0.0242,0.9532,0.0226
HEARTS JACK DIAMONDS JACK,0.1976,0.0536,0.7488
SPADES NINE CLUBS QUEEN,0.3728,0.0146,0.6126
DIAMONDS TWO SPADES JACK,0.4198,0.0236,0.5566
DIAMONDS QUEEN DIAMONDS FOUR,0.2784,0.0476,0.674
HEARTS TWO DIAMONDS FOUR,0.4298,0.3578,0.2124
DIAMONDS NINE CLUBS QUEEN,0.3646,0.009,0.6264
DIAMONDS KING DIAMONDS FOUR,0.2724,0.0278,0.6998
HEARTS THREE DIAMONDS FOUR,0.4142,0.3686,0.2172
SPADES NINE CLUBS ACE,0.3576,0.0062,0.6362
DIAMONDS NINE CLUBS KING,0.3712,0.0066,0.6222
HEARTS ACE DIAMONDS JACK,0.3698,0.0058,0.6244
SPADES ACE DIAMONDS TWO,0.4184,0.005,0.5766
DIAMONDS JACK HEARTS QUEEN,0.3714,0.0096,0.619
SPADES QUEEN DIAMONDS TWO,0.4268,0.0122,0.561
HEARTS KING DIAMONDS JACK,0.3598,0.0078,0.6324
SPADES KING DIAMONDS TWO,0.4232,0.012,0.5648
SPADES JACK SPADES SEVEN,0.358,0.0198,0.6222
SPADES TEN SPADES SEVEN,0.3548,0.0296,0.6156
CLUBS SEVEN CLUBS THREE,0.3842,0.0962,0.5196
CLUBS SIX CLUBS THREE,0.3866,0.1574,0.456
CLUBS FIVE CLUBS THREE,0.2548,0.494,0.2512
CLUBS NINE CLUBS THREE,0.4048,0.04,0.5552
CLUBS EIGHT CLUBS THREE,0.3904,0.063,0.5466
CLUBS THREE SPADES FOUR,0.4192,0.3736,0.2072
CLUBS THREE SPADES THREE,0.3542,0.1566,0.4892
CLUBS THREE SPADES TWO,0.4662,0.2498,0.284
CLUBS THREE SPADES SIX,0.4006,0.1632,0.4362
SPADES SEVEN CLUBS THREE,0.4214,0.1054,0.4732
SPADES EIGHT CLUBS THREE,0.4264,0.0712,0.5024
SPADES NINE CLUBS THREE,0.4166,0.048,0.5354
SPADES TWO DIAMONDS FOUR,0.4254,0.3714,0.2032
SPADES THREE DIAMONDS FOUR,0.4128,0.3714,0.2158
SPADES FOUR DIAMONDS FOUR,0.272,0.1158,0.6122
SPADES SIX DIAMONDS FOUR,0.2428,0.284,0.4732
SPADES SEVEN DIAMONDS FOUR,0.2488,0.2016,0.5496
SPADES EIGHT DIAMONDS FOUR,0.27,0.1568,0.5732
SPADES NINE DIAMONDS FOUR,0.2904,0.1076,0.602
CLUBS FIVE DIAMONDS FOUR,0.0112,0.9668,0.022
CLUBS SEVEN DIAMONDS FOUR,0.2702,0.1982,0.5316
CLUBS SIX DIAMONDS FOUR,0.247,0.2724,0.4806
CLUBS NINE DIAMONDS FOUR,0.2862,0.1078,0.606
CLUBS EIGHT DIAMONDS FOUR,0.2784,0.148,0.5736
DIAMONDS FOUR HEARTS SEVEN,0.263,0.1912,0.5458
HEARTS SIX DIAMONDS FOUR,0.2566,0.28,0.4634
HEARTS NINE DIAMONDS FOUR,0.2976,0.1046,0.5978
DIAMONDS FOUR HEARTS EIGHT,0.2822,0.1432,0.5746
CLUBS THREE DIAMONDS FOUR,0.4128,0.382,0.2052
CLUBS TWO DIAMONDS FOUR,0.421,0.3604,0.2186
DIAMONDS TEN DIAMONDS FIVE,0.2604,0.0812,0.6584
DIAMONDS JACK DIAMONDS FIVE,0.2758,0.0602,0.664
DIAMONDS NINE HEARTS QUEEN,0.3616,0.0108,0.6276
HEARTS KING DIAMONDS NINE,0.3666,0.0076,0.6258
DIAMONDS NINE HEARTS ACE,0.3732,0.004,0.6228
DIAMONDS NINE HEARTS TEN,0.3414,0.0214,0.6372
DIAMONDS NINE HEARTS JACK,0.3686,0.0166,0.6148
CLUBS KING DIAMONDS SIX,0.3656,0.009,0.6254
CLUBS QUEEN DIAMONDS SIX,0.3722,0.0132,0.6146
CLUBS ACE DIAMONDS SIX,0.3784,0.004,0.6176
SPADES KING DIAMONDS FOUR,0.2962,0.0356,0.6682
SPADES ACE SPADES SEVEN,0.3524,0.0044,0.6432
SPADES QUEEN DIAMONDS FOUR,0.2818,0.0462,0.672
SPADES QUEEN SPADES SEVEN,0.357,0.0154,0.6276
CLUBS JACK DIAMONDS SIX,0.3822,0.0198,0.598
SPADES KING SPADES SEVEN,0.356,0.0096,0.6344
SPADES ACE DIAMONDS FOUR,0.2684,0.0256,0.706
CLUBS TEN DIAMONDS SIX,0.3636,0.0332,0.6032
SPADES JACK DIAMONDS FOUR,0.2892,0.0576,0.6532
SPADES TEN DIAMONDS FOUR,0.283,0.0768,0.6402
CLUBS SEVEN SPADES EIGHT,0.3412,0.0658,0.593
CLUBS SEVEN SPADES NINE,0.3592,0.0416,0.5992
CLUBS SEVEN SPADES SIX,0.315,0.1026,0.5824
CLUBS SEVEN SPADES SEVEN,0.15,0.112,0.738
CLUBS SEVEN SPADES FOUR,0.2576,0.207,0.5354
CLUBS SEVEN SPADES THREE,0.4124,0.107,0.4806
CLUBS SEVEN SPADES TWO,0.4278,0.103,0.4692
CLUBS NINE CLUBS SEVEN,0.3554,0.044,0.6006
CLUBS SEVEN CLUBS EIGHT,0.332,0.0604,0.6076
HEARTS SIX DIAMONDS FIVE,0.25,0.2724,0.4776
DIAMONDS FIVE HEARTS SEVEN,0.2594,0.2,0.5406
DIAMONDS FIVE HEARTS EIGHT,0.27,0.1428,0.5872
HEARTS NINE DIAMONDS FIVE,0.2768,0.1056,0.6176
DIAMONDS QUEEN DIAMONDS FIVE,0.2708,0.052,0.6772
HEARTS TWO DIAMONDS FIVE,0.2904,0.495,0.2146
HEARTS KING HEARTS EIGHT,0.3616,0.0076,0.6308
DIAMONDS KING DIAMONDS FIVE,0.2742,0.0354,0.6904
HEARTS THREE DIAMONDS FIVE,0.272,0.516,0.212
HEARTS QUEEN HEARTS EIGHT,0.3624,0.0104,0.6272
DIAMONDS ACE DIAMONDS FIVE,0.249,0.0256,0.7254
HEARTS FOUR DIAMONDS FIVE,0.0222,0.9562,0.0216
HEARTS FIVE DIAMONDS FIVE,0.1254,0.1318,0.7428
HEARTS ACE HEARTS EIGHT,0.3452,0.006,0.6488
CLUBS FIVE DIAMONDS FIVE,0.1244,0.1416,0.734
CLUBS SIX DIAMONDS FIVE,0.2322,0.265,0.5028
CLUBS SEVEN DIAMONDS FIVE,0.2418,0.1996,0.5586
CLUBS TWO DIAMONDS FIVE,0.2888,0.4924,0.2188
CLUBS THREE DIAMONDS FIVE,0.277,0.5034,0.2196
SPADES THREE DIAMONDS FIVE,0.2764,0.5164,0.2072
SPADES TWO DIAMONDS FIVE,0.2844,0.5028,0.2128
SPADES JACK DIAMONDS EIGHT,0.3692,0.0204,0.6104
CLUBS TEN HEARTS JACK,0.3586,0.0138,0.6276
SPADES TEN DIAMONDS EIGHT,0.3638,0.0248,0.6114
SPADES FOUR DIAMONDS FIVE,0.0144,0.9758,0.0098
HEARTS JACK CLUBS JACK,0.1956,0.0506,0.7538
HEARTS JACK CLUBS QUEEN,0.36,0.0102,0.6298
CLUBS NINE DIAMONDS FIVE,0.2642,0.1134,0.6224
HEARTS JACK CLUBS KING,0.3726,0.0066,0.6208
CLUBS EIGHT DIAMONDS FIVE,0.2668,0.1556,0.5776
HEARTS JACK CLUBS ACE,0.365,0.0066,0.6284
SPADES SEVEN DIAMONDS FIVE,0.2638,0.2042,0.532
SPADES KING DIAMONDS EIGHT,0.3814,0.01,0.6086
SPADES QUEEN DIAMONDS EIGHT,0.3732,0.0114,0.6154
SPADES SIX DIAMONDS FIVE,0.2318,0.2778,0.4904
SPADES NINE DIAMONDS FIVE,0.2734,0.1108,0.6158
SPADES EIGHT DIAMONDS FIVE,0.271,0.154,0.575
SPADES ACE DIAMONDS EIGHT,0.3658,0.0046,0.6296
DIAMONDS TEN DIAMONDS SIX,0.3594,0.026,0.6146
HEARTS ACE DIAMONDS SEVEN,0.381,0.0038,0.6152
DIAMONDS JACK DIAMONDS SIX,0.3482,0.018,0.6338
HEARTS QUEEN DIAMONDS SEVEN,0.3712,0.0126,0.6162
HEARTS KING DIAMONDS SEVEN,0.3778,0.0084,0.6138
DIAMONDS ACE DIAMONDS SIX,0.353,0.0046,0.6424
HEARTS FOUR DIAMONDS SIX,0.2526,0.2634,0.484
HEARTS JACK SPADES TWO,0.432,0.0236,0.5444
HEARTS FIVE DIAMONDS SIX,0.2582,0.2642,0.4776
SPADES TWO HEARTS TEN,0.4292,0.0278,0.543
DIAMONDS QUEEN DIAMONDS SIX,0.3582,0.0136,0.6282
HEARTS TWO DIAMONDS SIX,0.4162,0.1642,0.4196
DIAMONDS KING DIAMONDS SIX,0.3602,0.0098,0.63
HEARTS THREE DIAMONDS SIX,0.4026,0.1594,0.438
HEARTS EIGHT DIAMONDS SIX,0.354,0.0628,0.5832
HEARTS NINE DIAMONDS SIX,0.3708,0.039,0.5902
HEARTS SIX DIAMONDS SIX,0.1566,0.1262,0.7172
HEARTS SEVEN DIAMONDS SIX,0.3272,0.0938,0.579
HEARTS TEN DIAMONDS SEVEN,0.3686,0.024,0.6074
CLUBS TWO DIAMONDS SIX,0.4048,0.164,0.4312
HEARTS JACK DIAMONDS SEVEN,0.3666,0.0214,0.612
CLUBS THREE DIAMONDS SIX,0.3996,0.1554,0.445
CLUBS SEVEN DIAMONDS SIX,0.3394,0.0954,0.5652
DIAMONDS EIGHT CLUBS JACK,0.3666,0.0166,0.6168
CLUBS SIX DIAMONDS SIX,0.1406,0.1344,0.725
CLUBS TEN DIAMONDS EIGHT,0.3506,0.028,0.6214
CLUBS FIVE DIAMONDS SIX,0.2402,0.2624,0.4974
HEARTS ACE HEARTS JACK,0.3514,0.0042,0.6444
DIAMONDS EIGHT CLUBS ACE,0.3758,0.0058,0.6184
HEARTS JACK HEARTS QUEEN,0.3448,0.0138,0.6414
DIAMONDS EIGHT CLUBS KING,0.3704,0.0078,0.6218
CLUBS NINE DIAMONDS SIX,0.3508,0.043,0.6062
HEARTS KING HEARTS JACK,0.3512,0.0068,0.642
DIAMONDS EIGHT CLUBS QUEEN,0.375,0.013,0.612
CLUBS EIGHT DIAMONDS SIX,0.3456,0.063,0.5914
SPADES TEN HEARTS KING,0.3622,0.007,0.6308
HEARTS ACE SPADES TWO,0.4146,0.006,0.5794
SPADES JACK HEARTS KING,0.3744,0.0088,0.6168
SPADES FOUR DIAMONDS SIX,0.2432,0.2764,0.4804
SPADES THREE DIAMONDS SIX,0.41,0.1602,0.4298
SPADES TWO HEARTS QUEEN,0.442,0.0134,0.5446
SPADES ACE SPADES KING,0.3518,0.0062,0.642
HEARTS KING SPADES TWO,0.4234,0.0104,0.5662
SPADES TWO DIAMONDS SIX,0.4252,0.159,0.4158
HEARTS TEN HEARTS EIGHT,0.3298,0.0242,0.646
SPADES NINE DIAMONDS SIX,0.3702,0.0452,0.5846
HEARTS JACK HEARTS EIGHT,0.3434,0.0182,0.6384
SPADES EIGHT DIAMONDS SIX,0.3506,0.067,0.5824
SPADES SEVEN DIAMONDS SIX,0.3344,0.099,0.5666
SPADES SIX DIAMONDS SIX,0.141,0.1288,0.7302
SPADES KING HEARTS KING,0.18,0.0162,0.8038
SPADES QUEEN HEARTS KING,0.3796,0.0078,0.6126
CLUBS ACE CLUBS KING,0.3402,0.006,0.6538
SPADES ACE HEARTS KING,0.3846,0.0052,0.6102
SPADES ACE HEARTS JACK,0.3728,0.0036,0.6236
SPADES QUEEN HEARTS JACK,0.358,0.0118,0.6302
SPADES KING HEARTS JACK,0.3656,0.0064,0.628
SPADES TEN DIAMONDS TEN,0.1834,0.0642,0.7524
SPADES JACK DIAMONDS TEN,0.352,0.0174,0.6306
SPADES ACE DIAMONDS TEN,0.3686,0.0036,0.6278
SPADES JACK HEARTS JACK,0.1802,0.0516,0.7682
SPADES TEN HEARTS JACK,0.373,0.0142,0.6128
SPADES QUEEN DIAMONDS TEN,0.3708,0.013,0.6162
SPADES KING DIAMONDS TEN,0.3798,0.0088,0.6114
SPADES NINE DIAMONDS SEVEN,0.3556,0.044,0.6004
SPADES EIGHT DIAMONDS SEVEN,0.3334,0.0694,0.5972
SPADES SEVEN DIAMONDS SEVEN,0.165,0.1084,0.7266
SPADES SIX DIAMONDS SEVEN,0.3382,0.101,0.5608
DIAMONDS KING DIAMONDS SEVEN,0.356,0.0072,0.6368
HEARTS THREE DIAMONDS SEVEN,0.4126,0.1028,0.4846
HEARTS KING DIAMONDS FIVE,0.2992,0.0366,0.6642
DIAMONDS QUEEN DIAMONDS SEVEN,0.3574,0.0126,0.63
HEARTS TWO DIAMONDS SEVEN,0.4306,0.1048,0.4646
HEARTS QUEEN DIAMONDS FIVE,0.3038,0.0462,0.65
HEARTS FIVE DIAMONDS SEVEN,0.2598,0.2036,0.5366
DIAMONDS ACE DIAMONDS SEVEN,0.349,0.0058,0.6452
HEARTS FOUR DIAMONDS SEVEN,0.2846,0.1904,0.525
HEARTS ACE DIAMONDS FIVE,0.2748,0.025,0.7002
HEARTS SEVEN DIAMONDS SEVEN,0.1704,0.1156,0.714
HEARTS SIX DIAMONDS SEVEN,0.3428,0.1006,0.5566
HEARTS NINE DIAMONDS SEVEN,0.3532,0.0478,0.599
DIAMONDS SEVEN HEARTS EIGHT,0.3502,0.0638,0.586
DIAMONDS JACK DIAMONDS SEVEN,0.3596,0.016,0.6244
HEARTS JACK DIAMONDS FIVE,0.289,0.0594,0.6516
DIAMONDS TEN DIAMONDS SEVEN,0.3378,0.0252,0.637
DIAMONDS FIVE HEARTS TEN,0.286,0.0776,0.6364
SPADES KING CLUBS TWO,0.4164,0.0112,0.5724
HEARTS KING CLUBS KING,0.1912,0.019,0.7898
CLUBS EIGHT DIAMONDS SEVEN,0.3582,0.0592,0.5826
SPADES QUEEN CLUBS TWO,0.422,0.0166,0.5614
HEARTS KING CLUBS QUEEN,0.3718,0.0076,0.6206
CLUBS NINE DIAMONDS SEVEN,0.3632,0.0398,0.597
SPADES TWO CLUBS JACK,0.4398,0.02,0.5402
SPADES ACE CLUBS TWO,0.4226,0.0052,0.5722
CLUBS TEN SPADES TWO,0.4282,0.035,0.5368
HEARTS KING CLUBS ACE,0.3818,0.0052,0.613
CLUBS SEVEN CLUBS SIX,0.3324,0.0962,0.5714
SPADES TWO CLUBS KING,0.428,0.0158,0.5562
SPADES TWO DIAMONDS SEVEN,0.4378,0.1062,0.456
CLUBS EIGHT CLUBS SIX,0.3304,0.0674,0.6022
SPADES THREE DIAMONDS SEVEN,0.421,0.1018,0.4772
SPADES TWO CLUBS QUEEN,0.425,0.0168,0.5582
CLUBS NINE CLUBS SIX,0.3348,0.042,0.6232
SPADES FOUR DIAMONDS SEVEN,0.2724,0.2072,0.5204
HEARTS KING CLUBS JACK,0.3764,0.0068,0.6168
SPADES TWO CLUBS ACE,0.42,0.0056,0.5744
CLUBS TEN HEARTS KING,0.3752,0.007,0.6178
CLUBS SIX SPADES TWO,0.418,0.1588,0.4232
CLUBS SIX SPADES THREE,0.3878,0.164,0.4482
CLUBS TWO DIAMONDS SEVEN,0.4398,0.1044,0.4558
CLUBS SIX SPADES FOUR,0.2292,0.2832,0.4876
CLUBS THREE DIAMONDS SEVEN,0.4182,0.1098,0.472
CLUBS SIX SPADES SIX,0.1436,0.128,0.7284
CLUBS FIVE DIAMONDS SEVEN,0.2532,0.1992,0.5476
CLUBS SIX SPADES SEVEN,0.3242,0.1004,0.5754
CLUBS SIX DIAMONDS SEVEN,0.3462,0.0936,0.5602
CLUBS SIX SPADES EIGHT,0.3556,0.0698,0.5746
SPADES JACK CLUBS TWO,0.4368,0.0192,0.544
CLUBS SEVEN DIAMONDS SEVEN,0.1572,0.1082,0.7346
SPADES NINE CLUBS SIX,0.3388,0.0468,0.6144
SPADES TEN CLUBS TWO,0.419,0.0308,0.5502
CLUBS TWO CLUBS QUEEN,0.4166,0.014,0.5694
CLUBS TWO CLUBS KING,0.413,0.0114,0.5756
CLUBS THREE DIAMONDS EIGHT,0.4276,0.065,0.5074
CLUBS TWO CLUBS ACE,0.399,0.0064,0.5946
CLUBS TWO DIAMONDS EIGHT,0.4244,0.0728,0.5028
DIAMONDS EIGHT HEARTS SEVEN,0.3482,0.0584,0.5934
HEARTS SIX DIAMONDS EIGHT,0.3606,0.068,0.5714
DIAMONDS EIGHT HEARTS NINE,0.348,0.0388,0.6132
CLUBS TEN CLUBS TWO,0.3978,0.0314,0.5708
DIAMONDS EIGHT HEARTS EIGHT,0.177,0.0928,0.7302
CLUBS TWO CLUBS JACK,0.4138,0.0192,0.567
CLUBS NINE DIAMONDS EIGHT,0.3502,0.0432,0.6066
CLUBS EIGHT DIAMONDS EIGHT,0.173,0.0948,0.7322
CLUBS FIVE DIAMONDS EIGHT,0.27,0.1564,0.5736
SPADES ACE SPADES THREE,0.3982,0.005,0.5968
CLUBS SEVEN DIAMONDS EIGHT,0.343,0.0592,0.5978
SPADES QUEEN SPADES THREE,0.405,0.0154,0.5796
CLUBS SIX DIAMONDS EIGHT,0.347,0.0704,0.5826
SPADES KING SPADES THREE,0.4084,0.0086,0.583
DIAMONDS QUEEN DIAMONDS EIGHT,0.3518,0.015,0.6332
HEARTS TWO DIAMONDS EIGHT,0.4396,0.0696,0.4908
DIAMONDS KING DIAMONDS EIGHT,0.3528,0.0092,0.638
HEARTS THREE DIAMONDS EIGHT,0.4194,0.0754,0.5052
DIAMONDS ACE DIAMONDS EIGHT,0.3494,0.0034,0.6472
HEARTS FOUR DIAMONDS EIGHT,0.2866,0.1484,0.565
HEARTS FIVE DIAMONDS EIGHT,0.2864,0.1462,0.5674
DIAMONDS EIGHT DIAMONDS TEN,0.338,0.0244,0.6376
DIAMONDS EIGHT DIAMONDS JACK,0.3492,0.0156,0.6352
SPADES JACK SPADES THREE,0.4052,0.0186,0.5762
SPADES TEN SPADES THREE,0.3974,0.0324,0.5702
CLUBS SIX HEARTS TEN,0.3764,0.0308,0.5928
CLUBS SIX HEARTS JACK,0.3828,0.0174,0.5998
SPADES FOUR DIAMONDS EIGHT,0.303,0.1524,0.5446
DIAMONDS EIGHT SPADES TWO,0.4274,0.0666,0.506
DIAMONDS EIGHT SPADES THREE,0.4316,0.0632,0.5052
SPADES EIGHT DIAMONDS EIGHT,0.1668,0.0956,0.7376
SPADES TEN DIAMONDS QUEEN,0.3626,0.0128,0.6246
SPADES TEN HEARTS TWO,0.4168,0.0374,0.5458
SPADES JACK HEARTS EIGHT,0.3642,0.016,0.6198
SPADES NINE DIAMONDS EIGHT,0.3562,0.0416,0.6022
SPADES TEN HEARTS EIGHT,0.3604,0.0258,0.6138
SPADES JACK HEARTS TWO,0.427,0.0204,0.5526
SPADES JACK DIAMONDS QUEEN,0.3786,0.0112,0.6102
SPADES SIX DIAMONDS EIGHT,0.3456,0.0708,0.5836
SPADES SEVEN DIAMONDS EIGHT,0.3434,0.06,0.5966
SPADES ACE HEARTS TWO,0.4176,0.0066,0.5758
SPADES ACE DIAMONDS QUEEN,0.372,0.0064,0.6216
SPADES ACE HEARTS EIGHT,0.366,0.005,0.629
SPADES KING HEARTS EIGHT,0.3798,0.0084,0.6118
SPADES QUEEN HEARTS TWO,0.4192,0.0164,0.5644
SPADES QUEEN DIAMONDS QUEEN,0.179,0.0374,0.7836
SPADES KING DIAMONDS QUEEN,0.3488,0.0074,0.6438
SPADES KING HEARTS TWO,0.4402,0.0084,0.5514
SPADES QUEEN HEARTS EIGHT,0.3658,0.0126,0.6216
CLUBS TWO HEARTS TEN,0.445,0.029,0.526
CLUBS TWO HEARTS JACK,0.432,0.0196,0.5484
SPADES SEVEN DIAMONDS NINE,0.3592,0.0434,0.5974
SPADES SIX DIAMONDS NINE,0.358,0.0512,0.5908
SPADES NINE DIAMONDS NINE,0.1782,0.0846,0.7372
SPADES EIGHT DIAMONDS NINE,0.3524,0.0392,0.6084
SPADES TEN CLUBS KING,0.3672,0.0086,0.6242
DIAMONDS NINE SPADES THREE,0.4124,0.0502,0.5374
SPADES JACK CLUBS KING,0.3686,0.0086,0.6228
DIAMONDS NINE SPADES TWO,0.4304,0.0462,0.5234
DIAMONDS NINE SPADES FOUR,0.3002,0.103,0.5968
CLUBS NINE DIAMONDS NINE,0.175,0.0832,0.7418
CLUBS EIGHT DIAMONDS NINE,0.3572,0.0402,0.6026
CLUBS SIX DIAMONDS NINE,0.3536,0.043,0.6034
CLUBS SEVEN DIAMONDS NINE,0.3632,0.0478,0.589
CLUBS FIVE DIAMONDS NINE,0.267,0.116,0.617
CLUBS TWO DIAMONDS NINE,0.437,0.0462,0.5168
CLUBS THREE DIAMONDS NINE,0.4178,0.048,0.5342
DIAMONDS NINE HEARTS EIGHT,0.368,0.0398,0.5922
DIAMONDS NINE HEARTS NINE,0.1924,0.0758,0.7318
HEARTS SIX DIAMONDS NINE,0.3548,0.0466,0.5986
DIAMONDS NINE HEARTS SEVEN,0.3678,0.0414,0.5908
CLUBS NINE CLUBS EIGHT,0.3428,0.0336,0.6236
DIAMONDS ACE DIAMONDS NINE,0.3498,0.0048,0.6454
HEARTS FOUR DIAMONDS NINE,0.284,0.106,0.61
HEARTS FIVE DIAMONDS NINE,0.2734,0.102,0.6246
CLUBS TWO HEARTS ACE,0.4206,0.0054,0.574
DIAMONDS QUEEN DIAMONDS NINE,0.338,0.0118,0.6502
HEARTS TWO DIAMONDS NINE,0.4268,0.0446,0.5286
CLUBS TWO HEARTS KING,0.4266,0.0088,0.5646
DIAMONDS KING DIAMONDS NINE,0.355,0.0066,0.6384
HEARTS THREE DIAMONDS NINE,0.4214,0.0416,0.537
CLUBS TWO HEARTS QUEEN,0.4276,0.0168,0.5556
DIAMONDS NINE DIAMONDS JACK,0.3294,0.017,0.6536
CLUBS EIGHT SPADES NINE,0.3328,0.042,0.6252
DIAMONDS NINE DIAMONDS TEN,0.335,0.0246,0.6404
CLUBS EIGHT SPADES EIGHT,0.1642,0.0998,0.736
CLUBS EIGHT SPADES SEVEN,0.3374,0.0608,0.6018
CLUBS EIGHT SPADES SIX,0.3438,0.0646,0.5916
CLUBS EIGHT SPADES FOUR,0.2804,0.1494,0.5702
CLUBS EIGHT SPADES THREE,0.4364,0.0684,0.4952
CLUBS EIGHT SPADES TWO,0.4268,0.0664,0.5068
HEARTS SIX DIAMONDS TEN,0.3734,0.0304,0.5962
DIAMONDS TEN HEARTS SEVEN,0.372,0.0274,0.6006
DIAMONDS TEN HEARTS EIGHT,0.3756,0.0218,0.6026
DIAMONDS TEN HEARTS NINE,0.3632,0.0174,0.6194
CLUBS TWO DIAMONDS TEN,0.4284,0.0306,0.541
CLUBS THREE DIAMONDS TEN,0.4258,0.032,0.5422
DIAMONDS JACK DIAMONDS TEN,0.341,0.0156,0.6434
DIAMONDS QUEEN DIAMONDS TEN,0.3384,0.014,0.6476
HEARTS TWO DIAMONDS TEN,0.4356,0.028,0.5364
DIAMONDS KING DIAMONDS TEN,0.3362,0.0074,0.6564
HEARTS THREE DIAMONDS TEN,0.4138,0.0326,0.5536
DIAMONDS ACE DIAMONDS TEN,0.3492,0.0044,0.6464
HEARTS FOUR DIAMONDS TEN,0.2916,0.0822,0.6262
CLUBS EIGHT HEARTS JACK,0.3684,0.018,0.6136
HEARTS FIVE DIAMONDS TEN,0.298,0.0806,0.6214
CLUBS EIGHT HEARTS TEN,0.3682,0.0262,0.6056
CLUBS EIGHT HEARTS QUEEN,0.3726,0.008,0.6194
CLUBS EIGHT HEARTS KING,0.386,0.008,0.606
CLUBS EIGHT HEARTS ACE,0.3618,0.006,0.6322
CLUBS NINE SPADES THREE,0.4292,0.0454,0.5254
CLUBS NINE SPADES TWO,0.4348,0.044,0.5212
CLUBS NINE SPADES FOUR,0.2878,0.115,0.5972
CLUBS NINE SPADES SEVEN,0.3636,0.0452,0.5912
CLUBS NINE SPADES SIX,0.3528,0.0422,0.605
CLUBS NINE SPADES NINE,0.17,0.0792,0.7508
CLUBS TEN HEARTS EIGHT,0.364,0.028,0.608
CLUBS NINE SPADES EIGHT,0.3404,0.0408,0.6188
CLUBS JACK HEARTS EIGHT,0.3736,0.0208,0.6056
CLUBS QUEEN HEARTS EIGHT,0.3812,0.0142,0.6046
CLUBS KING HEARTS EIGHT,0.3698,0.008,0.6222
CLUBS ACE HEARTS EIGHT,0.3692,0.0036,0.6272
SPADES KING CLUBS KING,0.1778,0.0192,0.803
SPADES QUEEN CLUBS KING,0.3662,0.0076,0.6262
SPADES ACE CLUBS KING,0.3682,0.005,0.6268
DIAMONDS ACE HEARTS TEN,0.3702,0.0034,0.6264
HEARTS FOUR HEARTS TEN,0.2828,0.0726,0.6446
DIAMONDS ACE HEARTS JACK,0.38,0.0038,0.6162
HEARTS FOUR HEARTS JACK,0.2824,0.0568,0.6608
SPADES KING CLUBS FIVE,0.2736,0.043,0.6834
SPADES QUEEN CLUBS FIVE,0.2676,0.0572,0.6752
SPADES ACE CLUBS FIVE,0.2684,0.0284,0.7032
DIAMONDS JACK HEARTS SEVEN,0.3764,0.0182,0.6054
HEARTS SIX DIAMONDS JACK,0.379,0.0208,0.6002
DIAMONDS JACK HEARTS NINE,0.3718,0.0152,0.613
DIAMONDS JACK HEARTS EIGHT,0.368,0.0146,0.6174
DIAMONDS KING DIAMONDS JACK,0.3598,0.01,0.6302
HEARTS THREE DIAMONDS JACK,0.4274,0.0214,0.5512
SPADES ACE SPADES SIX,0.3574,0.007,0.6356
SPADES FOUR HEARTS ACE,0.2822,0.0234,0.6944
DIAMONDS QUEEN DIAMONDS JACK,0.3418,0.0106,0.6476
HEARTS TWO DIAMONDS JACK,0.437,0.0236,0.5394
HEARTS FIVE DIAMONDS JACK,0.286,0.0648,0.6492
SPADES QUEEN SPADES SIX,0.3472,0.0146,0.6382
SPADES FOUR HEARTS QUEEN,0.303,0.047,0.65
DIAMONDS ACE DIAMONDS JACK,0.353,0.0046,0.6424
HEARTS FOUR DIAMONDS JACK,0.2974,0.0582,0.6444
SPADES KING SPADES SIX,0.3434,0.0092,0.6474
HEARTS KING SPADES FOUR,0.2958,0.0314,0.6728
SPADES TEN SPADES SIX,0.3566,0.0266,0.6168
SPADES JACK SPADES SIX,0.362,0.019,0.619
SPADES FOUR DIAMONDS JACK,0.2994,0.0664,0.6342
DIAMONDS JACK SPADES TWO,0.4356,0.018,0.5464
SPADES THREE DIAMONDS JACK,0.434,0.0224,0.5436
SPADES ACE DIAMONDS THREE,0.4126,0.005,0.5824
SPADES QUEEN DIAMONDS THREE,0.4218,0.0144,0.5638
CLUBS EIGHT DIAMONDS JACK,0.3646,0.017,0.6184
SPADES KING DIAMONDS THREE,0.4168,0.009,0.5742
CLUBS NINE DIAMONDS JACK,0.3668,0.0168,0.6164
CLUBS SIX DIAMONDS JACK,0.3908,0.0182,0.591
CLUBS SEVEN DIAMONDS JACK,0.377,0.0176,0.6054
CLUBS FIVE DIAMONDS JACK,0.2924,0.058,0.6496
CLUBS TWO DIAMONDS JACK,0.4426,0.0212,0.5362
CLUBS THREE DIAMONDS JACK,0.4256,0.0198,0.5546
SPADES TEN CLUBS FIVE,0.2714,0.0816,0.647
HEARTS SIX SPADES JACK,0.376,0.0184,0.6056
HEARTS SIX SPADES TEN,0.376,0.0334,0.5906
SPADES JACK CLUBS FIVE,0.2718,0.0686,0.6596
SPADES JACK DIAMONDS THREE,0.4124,0.0222,0.5654
CLUBS SEVEN CLUBS ACE,0.3596,0.007,0.6334
DIAMONDS THREE SPADES TEN,0.4164,0.0312,0.5524
CLUBS SEVEN CLUBS QUEEN,0.3654,0.0138,0.6208
CLUBS SEVEN CLUBS KING,0.3652,0.0068,0.628
SPADES NINE DIAMONDS JACK,0.3594,0.0154,0.6252
CLUBS TEN CLUBS SEVEN,0.3524,0.0288,0.6188
DIAMONDS ACE HEARTS ACE,0.1764,0.0054,0.8182
HEARTS FOUR HEARTS ACE,0.257,0.0194,0.7236
SPADES EIGHT DIAMONDS JACK,0.3752,0.0162,0.6086
SPADES ACE HEARTS SIX,0.369,0.0048,0.6262
CLUBS SEVEN CLUBS JACK,0.3464,0.022,0.6316
DIAMONDS ACE HEARTS KING,0.376,0.0046,0.6194
HEARTS FOUR HEARTS KING,0.2632,0.0322,0.7046
SPADES SEVEN DIAMONDS JACK,0.3728,0.0198,0.6074
SPADES KING HEARTS SIX,0.373,0.0084,0.6186
DIAMONDS ACE HEARTS QUEEN,0.378,0.003,0.619
HEARTS FOUR HEARTS QUEEN,0.2702,0.0432,0.6866
SPADES QUEEN HEARTS SIX,0.3742,0.012,0.6138
SPADES SIX DIAMONDS JACK,0.3734,0.0186,0.608
SPADES TWO DIAMONDS TEN,0.4206,0.0344,0.545
SPADES THREE DIAMONDS TEN,0.4282,0.0324,0.5394
SPADES FOUR DIAMONDS TEN,0.2858,0.0856,0.6286
SPADES SIX DIAMONDS TEN,0.37,0.0274,0.6026
SPADES SEVEN DIAMONDS TEN,0.3554,0.0268,0.6178
SPADES EIGHT DIAMONDS TEN,0.3528,0.0264,0.6208
SPADES NINE DIAMONDS TEN,0.3512,0.021,0.6278
CLUBS FIVE DIAMONDS TEN,0.2816,0.0914,0.627
CLUBS SIX DIAMONDS TEN,0.3884,0.0268,0.5848
CLUBS SEVEN DIAMONDS TEN,0.3522,0.0274,0.6204
CLUBS EIGHT DIAMONDS TEN,0.364,0.0276,0.6084
CLUBS NINE DIAMONDS TEN,0.3454,0.023,0.6316
DIAMONDS THREE CLUBS JACK,0.4214,0.0224,0.5562
CLUBS TEN DIAMONDS THREE,0.4114,0.0332,0.5554
DIAMONDS THREE CLUBS KING,0.4278,0.0082,0.564
DIAMONDS THREE CLUBS QUEEN,0.4172,0.0138,0.569
DIAMONDS THREE CLUBS ACE,0.3938,0.0048,0.6014
SPADES FOUR HEARTS JACK,0.293,0.0714,0.6356
SPADES FOUR HEARTS TEN,0.289,0.083,0.628
SPADES FOUR SPADES TWO,0.4052,0.35,0.2448
SPADES THREE SPADES TWO,0.4562,0.2218,0.322
SPADES NINE SPADES TWO,0.4064,0.047,0.5466
SPADES EIGHT SPADES TWO,0.4238,0.061,0.5152
SPADES SEVEN SPADES TWO,0.3924,0.0976,0.51
SPADES SIX SPADES TWO,0.3878,0.151,0.4612
DIAMONDS QUEEN CLUBS THREE,0.4178,0.015,0.5672
HEARTS TWO CLUBS THREE,0.465,0.2354,0.2996
DIAMONDS QUEEN CLUBS TWO,0.4348,0.013,0.5522
CLUBS TWO HEARTS TWO,0.3432,0.1554,0.5014
DIAMONDS QUEEN HEARTS SEVEN,0.3864,0.0114,0.6022
HEARTS TWO HEARTS SEVEN,0.3916,0.0978,0.5106
HEARTS SIX DIAMONDS QUEEN,0.3832,0.0152,0.6016
HEARTS SIX HEARTS TWO,0.4038,0.142,0.4542
DIAMONDS QUEEN HEARTS NINE,0.3824,0.0108,0.6068
HEARTS TWO HEARTS NINE,0.3982,0.0422,0.5596
DIAMONDS QUEEN HEARTS EIGHT,0.3784,0.0134,0.6082
HEARTS TWO HEARTS EIGHT,0.4156,0.0664,0.518
CLUBS NINE HEARTS TWO,0.4234,0.048,0.5286
CLUBS NINE DIAMONDS QUEEN,0.3598,0.013,0.6272
CLUBS EIGHT HEARTS TWO,0.4174,0.0646,0.518
CLUBS EIGHT DIAMONDS QUEEN,0.3756,0.01,0.6144
CLUBS FIVE DIAMONDS QUEEN,0.2922,0.049,0.6588
CLUBS FIVE HEARTS TWO,0.28,0.495,0.225
SPADES EIGHT HEARTS ACE,0.366,0.0046,0.6294
CLUBS SEVEN DIAMONDS QUEEN,0.365,0.0122,0.6228
CLUBS SEVEN HEARTS TWO,0.4144,0.1088,0.4768
SPADES EIGHT HEARTS QUEEN,0.3678,0.0134,0.6188
CLUBS SIX DIAMONDS QUEEN,0.3698,0.0116,0.6186
CLUBS SIX HEARTS TWO,0.4168,0.1606,0.4226
SPADES EIGHT HEARTS KING,0.37,0.0076,0.6224
HEARTS TWO SPADES SIX,0.4098,0.1778,0.4124
DIAMONDS QUEEN SPADES SIX,0.3814,0.0112,0.6074
HEARTS FOUR CLUBS QUEEN,0.2914,0.0438,0.6648
DIAMONDS ACE CLUBS QUEEN,0.369,0.0056,0.6254
DIAMONDS QUEEN SPADES SEVEN,0.3778,0.0116,0.6106
HEARTS TWO SPADES SEVEN,0.4178,0.1088,0.4734
HEARTS FOUR CLUBS KING,0.2904,0.0372,0.6724
DIAMONDS ACE CLUBS KING,0.372,0.0054,0.6226
DIAMONDS QUEEN SPADES EIGHT,0.3704,0.0118,0.6178
SPADES EIGHT HEARTS TWO,0.4192,0.07,0.5108
HEARTS FOUR CLUBS ACE,0.2758,0.024,0.7002
DIAMONDS ACE CLUBS ACE,0.1696,0.006,0.8244
SPADES NINE DIAMONDS QUEEN,0.368,0.011,0.621
SPADES NINE HEARTS TWO,0.43,0.0448,0.5252
HEARTS TWO SPADES TWO,0.3514,0.1464,0.5022
DIAMONDS QUEEN SPADES TWO,0.437,0.0124,0.5506
HEARTS TWO SPADES THREE,0.4562,0.2526,0.2912
DIAMONDS QUEEN SPADES THREE,0.4328,0.013,0.5542
HEARTS TWO SPADES FOUR,0.4162,0.3748,0.209
DIAMONDS QUEEN SPADES FOUR,0.2898,0.048,0.6622
HEARTS FOUR CLUBS TEN,0.2788,0.0778,0.6434
CLUBS TEN DIAMONDS ACE,0.3624,0.0058,0.6318
HEARTS FOUR CLUBS JACK,0.2834,0.0622,0.6544
DIAMONDS ACE CLUBS JACK,0.3672,0.0046,0.6282
CLUBS FIVE CLUBS KING,0.2668,0.0404,0.6928
CLUBS FIVE CLUBS QUEEN,0.2658,0.0486,0.6856
CLUBS FIVE CLUBS ACE,0.2534,0.0244,0.7222
CLUBS FIVE CLUBS JACK,0.2754,0.0638,0.6608
CLUBS TEN CLUBS FIVE,0.2772,0.0786,0.6442
SPADES KING CLUBS JACK,0.3716,0.0098,0.6186
SPADES QUEEN CLUBS JACK,0.3596,0.0112,0.6292
SPADES ACE CLUBS JACK,0.3664,0.0052,0.6284
SPADES SIX CLUBS KING,0.3682,0.0106,0.6212
SPADES SIX CLUBS QUEEN,0.3638,0.0144,0.6218
SPADES EIGHT HEARTS JACK,0.3758,0.0182,0.606
SPADES SIX CLUBS ACE,0.3648,0.005,0.6302
SPADES EIGHT HEARTS TEN,0.3646,0.0308,0.6046
SPADES SIX CLUBS JACK,0.3722,0.0234,0.6044
CLUBS TEN SPADES SIX,0.3656,0.0298,0.6046
SPADES TEN CLUBS JACK,0.3682,0.0156,0.6162
SPADES JACK CLUBS JACK,0.1722,0.0512,0.7766
SPADES QUEEN CLUBS SEVEN,0.373,0.014,0.613
SPADES KING CLUBS SEVEN,0.3686,0.0088,0.6226
SPADES ACE CLUBS SEVEN,0.377,0.007,0.616
SPADES SIX HEARTS TEN,0.374,0.0282,0.5978
SPADES SIX HEARTS JACK,0.3782,0.0216,0.6002
SPADES SIX HEARTS ACE,0.3712,0.0062,0.6226
SPADES SIX HEARTS KING,0.372,0.0086,0.6194
SPADES SIX HEARTS QUEEN,0.3674,0.015,0.6176
CLUBS SEVEN SPADES JACK,0.355,0.0192,0.6258
CLUBS SEVEN SPADES TEN,0.3548,0.0316,0.6136
CLUBS TEN HEARTS SIX,0.3538,0.0292,0.617
HEARTS SIX CLUBS JACK,0.3754,0.017,0.6076
CLUBS ACE CLUBS JACK,0.3468,0.0044,0.6488
HEARTS SIX CLUBS QUEEN,0.3682,0.0102,0.6216
HEARTS SIX CLUBS KING,0.371,0.0086,0.6204
HEARTS SIX CLUBS ACE,0.3556,0.0064,0.638
CLUBS QUEEN CLUBS JACK,0.3586,0.0088,0.6326
CLUBS KING CLUBS JACK,0.3652,0.0086,0.6262
DIAMONDS THREE HEARTS ACE,0.417,0.0052,0.5778
DIAMONDS THREE HEARTS QUEEN,0.434,0.0154,0.5506
DIAMONDS THREE HEARTS KING,0.4122,0.0082,0.5796
CLUBS FIVE HEARTS JACK,0.274,0.0614,0.6646
SPADES TEN DIAMONDS ACE,0.3778,0.0042,0.618
HEARTS FOUR SPADES TEN,0.2812,0.08,0.6388
CLUBS FIVE HEARTS TEN,0.2822,0.084,0.6338
HEARTS FOUR SPADES JACK,0.2924,0.0538,0.6538
SPADES JACK DIAMONDS ACE,0.3608,0.0058,0.6334
SPADES ACE HEARTS FOUR,0.2744,0.0256,0.7
SPADES ACE DIAMONDS ACE,0.173,0.0038,0.8232
CLUBS FIVE HEARTS ACE,0.2604,0.0264,0.7132
CLUBS FIVE HEARTS KING,0.2808,0.0364,0.6828
HEARTS FOUR SPADES QUEEN,0.282,0.046,0.672
SPADES QUEEN DIAMONDS ACE,0.367,0.0056,0.6274
SPADES FOUR CLUBS JACK,0.2912,0.0572,0.6516
CLUBS FIVE HEARTS QUEEN,0.2852,0.0568,0.658
SPADES KING DIAMONDS ACE,0.3704,0.0042,0.6254
HEARTS FOUR SPADES KING,0.2912,0.0346,0.6742
CLUBS TEN SPADES FOUR,0.2842,0.0836,0.6322
DIAMONDS QUEEN DIAMONDS ACE,0.3588,0.0046,0.6366
HEARTS TWO DIAMONDS ACE,0.4306,0.0052,0.5642
HEARTS FOUR DIAMONDS QUEEN,0.2908,0.0486,0.6606
HEARTS FOUR HEARTS TWO,0.3832,0.3458,0.271
DIAMONDS THREE HEARTS TEN,0.4134,0.0294,0.5572
SPADES FOUR CLUBS KING,0.2868,0.0396,0.6736
HEARTS FIVE DIAMONDS QUEEN,0.2838,0.0544,0.6618
HEARTS FIVE HEARTS TWO,0.268,0.4646,0.2674
DIAMONDS THREE HEARTS JACK,0.4196,0.02,0.5604
SPADES FOUR CLUBS QUEEN,0.291,0.0454,0.6636
DIAMONDS QUEEN HEARTS TWO,0.4256,0.0118,0.5626
DIAMONDS KING DIAMONDS QUEEN,0.3566,0.007,0.6364
DIAMONDS KING HEARTS TWO,0.4336,0.012,0.5544
HEARTS THREE DIAMONDS QUEEN,0.4252,0.0154,0.5594
HEARTS THREE HEARTS TWO,0.4244,0.2284,0.3472
SPADES FOUR CLUBS ACE,0.2746,0.0262,0.6992
HEARTS TWO CLUBS ACE,0.4126,0.0056,0.5818
DIAMONDS QUEEN CLUBS ACE,0.3732,0.0048,0.622
HEARTS TWO CLUBS QUEEN,0.4266,0.0164,0.557
DIAMONDS QUEEN CLUBS QUEEN,0.1766,0.0386,0.7848
HEARTS TWO CLUBS KING,0.4216,0.0096,0.5688
DIAMONDS QUEEN CLUBS KING,0.3652,0.006,0.6288
CLUBS TEN HEARTS TWO,0.4194,0.033,0.5476
CLUBS TEN DIAMONDS QUEEN,0.3648,0.0096,0.6256
HEARTS TWO CLUBS JACK,0.432,0.0226,0.5454
DIAMONDS QUEEN CLUBS JACK,0.3634,0.0112,0.6254
DIAMONDS FIVE CLUBS QUEEN,0.2818,0.0536,0.6646
SPADES EIGHT CLUBS ACE,0.3588,0.0054,0.6358
DIAMONDS FIVE CLUBS KING,0.2792,0.0312,0.6896
SPADES EIGHT CLUBS KING,0.3698,0.0078,0.6224
CLUBS ACE DIAMONDS FIVE,0.2646,0.03,0.7054
SPADES EIGHT CLUBS QUEEN,0.3626,0.0146,0.6228
SPADES EIGHT CLUBS JACK,0.3504,0.0172,0.6324
CLUBS TEN SPADES EIGHT,0.3592,0.0254,0.6154
CLUBS TEN DIAMONDS FIVE,0.2874,0.0782,0.6344
DIAMONDS FIVE CLUBS JACK,0.2848,0.0676,0.6476
HEARTS JACK DIAMONDS TEN,0.367,0.0142,0.6188
DIAMONDS TEN HEARTS TEN,0.1858,0.0734,0.7408
SPADES ACE CLUBS NINE,0.363,0.0056,0.6314
CLUBS NINE SPADES QUEEN,0.351,0.01,0.639
CLUBS NINE SPADES KING,0.3596,0.0074,0.633
HEARTS SIX HEARTS KING,0.3558,0.0082,0.636
DIAMONDS KING SPADES SEVEN,0.3768,0.01,0.6132
HEARTS THREE SPADES SEVEN,0.4206,0.1052,0.4742
SPADES KING DIAMONDS SEVEN,0.3782,0.0066,0.6152
HEARTS SIX HEARTS QUEEN,0.353,0.0128,0.6342
SPADES QUEEN DIAMONDS SEVEN,0.3766,0.0084,0.615
HEARTS THREE SPADES SIX,0.3918,0.1666,0.4416
DIAMONDS KING SPADES SIX,0.38,0.0092,0.6108
DIAMONDS KING SPADES NINE,0.3656,0.0082,0.6262
HEARTS THREE SPADES NINE,0.408,0.0462,0.5458
HEARTS SIX HEARTS ACE,0.3454,0.0056,0.649
DIAMONDS KING SPADES EIGHT,0.3746,0.0098,0.6156
HEARTS THREE SPADES EIGHT,0.4216,0.0676,0.5108
SPADES ACE DIAMONDS SEVEN,0.3714,0.0052,0.6234
CLUBS NINE HEARTS THREE,0.4106,0.0522,0.5372
CLUBS NINE DIAMONDS KING,0.3538,0.01,0.6362
HEARTS THREE CLUBS EIGHT,0.412,0.0746,0.5134
CLUBS EIGHT DIAMONDS KING,0.3782,0.0096,0.6122
HEARTS THREE SPADES THREE,0.3458,0.1518,0.5024
DIAMONDS KING SPADES THREE,0.4228,0.0124,0.5648
HEARTS THREE SPADES TWO,0.4704,0.2346,0.295
DIAMONDS KING SPADES TWO,0.4434,0.0084,0.5482
HEARTS THREE SPADES FOUR,0.4158,0.365,0.2192
DIAMONDS KING SPADES FOUR,0.2936,0.0304,0.676
