opposingHand,winningChance,drawChance,lostChance
CLUBS NINE CLUBS SEVEN
HEARTS FIVE SPADES TEN,0.459,0.0262,0.5148
SPADES JACK HEARTS FIVE,0.4404,0.0154,0.5442
CLUBS JACK SPADES FIVE,0.438,0.0176,0.5444
CLUBS TEN SPADES FIVE,0.4448,0.024,0.5312
CLUBS JACK CLUBS EIGHT,0.3626,0.0172,0.6202
CLUBS TEN CLUBS EIGHT,0.337,0.0242,0.6388
CLUBS EIGHT CLUBS KING,0.374,0.0074,0.6186
SPADES FIVE CLUBS ACE,0.4374,0.0044,0.5582
CLUBS EIGHT CLUBS QUEEN,0.3656,0.0096,0.6248
SPADES FIVE CLUBS KING,0.4422,0.0074,0.5504
SPADES FIVE CLUBS QUEEN,0.4462,0.011,0.5428
CLUBS EIGHT CLUBS ACE,0.3602,0.0052,0.6346
DIAMONDS TWO DIAMONDS THREE,0.6014,0.039,0.3596
DIAMONDS TWO DIAMONDS FIVE,0.5998,0.0402,0.36
SPADES KING HEARTS FIVE,0.4668,0.007,0.5262
DIAMONDS TWO DIAMONDS FOUR,0.6064,0.0416,0.352
SPADES QUEEN HEARTS FIVE,0.4662,0.0124,0.5214
DIAMONDS TWO DIAMONDS SEVEN,0.6522,0.0964,0.2514
DIAMONDS TWO DIAMONDS SIX,0.6278,0.0412,0.331
SPADES ACE HEARTS FIVE,0.4508,0.004,0.5452
DIAMONDS TWO DIAMONDS NINE,0.4892,0.2614,0.2494
DIAMONDS TWO DIAMONDS EIGHT,0.6214,0.0376,0.341
DIAMONDS THREE DIAMONDS FOUR,0.606,0.037,0.357
CLUBS TWO SPADES FOUR,0.646,0.0392,0.3148
DIAMONDS THREE DIAMONDS FIVE,0.5904,0.0384,0.3712
CLUBS TWO SPADES FIVE,0.6354,0.0416,0.323
CLUBS TWO SPADES TWO,0.4578,0.0632,0.479
CLUBS TWO SPADES THREE,0.639,0.0436,0.3174
DIAMONDS THREE DIAMONDS EIGHT,0.616,0.035,0.349
SPADES EIGHT CLUBS TWO,0.6524,0.0464,0.3012
DIAMONDS THREE DIAMONDS NINE,0.4834,0.2552,0.2614
SPADES NINE CLUBS TWO,0.5158,0.2796,0.2046
DIAMONDS THREE DIAMONDS SIX,0.6048,0.0388,0.3564
CLUBS TWO SPADES SIX,0.66,0.036,0.304
DIAMONDS THREE DIAMONDS SEVEN,0.6182,0.102,0.2798
CLUBS TWO SPADES SEVEN,0.6724,0.1122,0.2154
CLUBS SIX CLUBS TWO,0.6514,0.0396,0.309
CLUBS FOUR CLUBS TWO,0.645,0.042,0.313
CLUBS FIVE CLUBS TWO,0.646,0.0418,0.3122
CLUBS TEN CLUBS JACK,0.3294,0.0132,0.6574
DIAMONDS FOUR DIAMONDS SIX,0.5974,0.0388,0.3638
CLUBS TEN CLUBS QUEEN,0.331,0.0126,0.6564
DIAMONDS FOUR DIAMONDS SEVEN,0.6322,0.0938,0.274
CLUBS TEN CLUBS KING,0.3486,0.0082,0.6432
CLUBS TEN CLUBS ACE,0.34,0.0054,0.6546
CLUBS EIGHT CLUBS TWO,0.6602,0.0442,0.2956
DIAMONDS FIVE DIAMONDS FOUR,0.5966,0.0372,0.3662
DIAMONDS NINE DIAMONDS FOUR,0.489,0.2552,0.2558
DIAMONDS EIGHT DIAMONDS FOUR,0.6048,0.0368,0.3584
CLUBS TWO CLUBS THREE,0.645,0.0468,0.3082
DIAMONDS NINE DIAMONDS FIVE,0.4918,0.2478,0.2604
CLUBS JACK DIAMONDS TWO,0.4558,0.0158,0.5284
DIAMONDS EIGHT DIAMONDS FIVE,0.6078,0.0364,0.3558
CLUBS TEN DIAMONDS TWO,0.4636,0.0242,0.5122
DIAMONDS FIVE DIAMONDS SEVEN,0.6164,0.0958,0.2878
DIAMONDS FIVE DIAMONDS SIX,0.5836,0.0426,0.3738
DIAMONDS TWO CLUBS ACE,0.457,0.005,0.538
DIAMONDS TWO CLUBS KING,0.4442,0.0084,0.5474
DIAMONDS TWO CLUBS QUEEN,0.4486,0.0144,0.537
DIAMONDS EIGHT DIAMONDS SIX,0.5912,0.034,0.3748
DIAMONDS NINE DIAMONDS SIX,0.479,0.2624,0.2586
HEARTS ACE SPADES THREE,0.4598,0.0038,0.5364
HEARTS KING SPADES THREE,0.4766,0.0062,0.5172
DIAMONDS SEVEN DIAMONDS SIX,0.6168,0.0958,0.2874
SPADES THREE HEARTS QUEEN,0.4728,0.0108,0.5164
HEARTS JACK SPADES THREE,0.4714,0.0224,0.5062
SPADES THREE HEARTS TEN,0.4646,0.0244,0.511
DIAMONDS EIGHT DIAMONDS SEVEN,0.635,0.0938,0.2712
DIAMONDS NINE DIAMONDS SEVEN,0.0758,0.8506,0.0736
DIAMONDS NINE DIAMONDS EIGHT,0.2572,0.2006,0.5422
DIAMONDS KING HEARTS TEN,0.4118,0.0064,0.5818
HEARTS THREE HEARTS TEN,0.4492,0.0226,0.5282
CLUBS SIX SPADES JACK,0.4676,0.0148,0.5176
DIAMONDS KING HEARTS JACK,0.4002,0.006,0.5938
HEARTS THREE HEARTS JACK,0.4368,0.0134,0.5498
CLUBS SIX SPADES TEN,0.4428,0.0282,0.529
SPADES JACK SPADES FIVE,0.4324,0.0168,0.5508
SPADES TEN SPADES FIVE,0.431,0.0272,0.5418
DIAMONDS KING HEARTS ACE,0.4006,0.0032,0.5962
HEARTS THREE HEARTS ACE,0.44,0.0054,0.5546
SPADES ACE CLUBS SIX,0.4524,0.0026,0.545
DIAMONDS KING HEARTS QUEEN,0.3956,0.0046,0.5998
HEARTS THREE HEARTS QUEEN,0.4418,0.009,0.5492
SPADES KING CLUBS SIX,0.4506,0.0076,0.5418
DIAMONDS KING HEARTS KING,0.2078,0.015,0.7772
HEARTS THREE HEARTS KING,0.443,0.007,0.55
SPADES QUEEN CLUBS SIX,0.4498,0.0126,0.5376
SPADES NINE HEARTS TEN,0.291,0.075,0.634
SPADES NINE HEARTS JACK,0.3074,0.059,0.6336
SPADES QUEEN SPADES FIVE,0.4354,0.0102,0.5544
SPADES KING SPADES FIVE,0.4356,0.0058,0.5586
SPADES ACE SPADES FIVE,0.4274,0.0052,0.5674
SPADES NINE HEARTS QUEEN,0.2926,0.0458,0.6616
SPADES NINE HEARTS KING,0.3162,0.0304,0.6534
SPADES NINE HEARTS ACE,0.3114,0.0248,0.6638
CLUBS TEN SPADES JACK,0.3586,0.0126,0.6288
CLUBS TEN SPADES TEN,0.1864,0.0386,0.775
SPADES ACE CLUBS TEN,0.3804,0.0072,0.6124
CLUBS TEN SPADES KING,0.3908,0.0074,0.6018
CLUBS TEN SPADES QUEEN,0.3804,0.01,0.6096
SPADES FIVE HEARTS QUEEN,0.452,0.0106,0.5374
HEARTS KING SPADES FIVE,0.465,0.0072,0.5278
SPADES FIVE HEARTS ACE,0.4426,0.0044,0.553
CLUBS EIGHT SPADES TEN,0.3808,0.0264,0.5928
HEARTS THREE SPADES JACK,0.4626,0.0196,0.5178
SPADES JACK DIAMONDS KING,0.383,0.0068,0.6102
SPADES TEN DIAMONDS KING,0.3892,0.0052,0.6056
HEARTS THREE SPADES TEN,0.4642,0.0196,0.5162
SPADES JACK CLUBS EIGHT,0.4074,0.0166,0.576
SPADES ACE CLUBS EIGHT,0.4298,0.005,0.5652
CLUBS JACK HEARTS FIVE,0.4532,0.0156,0.5312
CLUBS SIX HEARTS ACE,0.4408,0.0038,0.5554
CLUBS TEN HEARTS FIVE,0.4458,0.0282,0.526
SPADES QUEEN CLUBS EIGHT,0.4078,0.0096,0.5826
CLUBS TEN SPADES THREE,0.4618,0.0226,0.5156
CLUBS SIX HEARTS QUEEN,0.4564,0.0128,0.5308
SPADES KING CLUBS EIGHT,0.415,0.0092,0.5758
CLUBS JACK SPADES THREE,0.4534,0.0176,0.529
CLUBS SIX HEARTS KING,0.449,0.0068,0.5442
DIAMONDS TWO HEARTS JACK,0.4678,0.018,0.5142
SPADES THREE CLUBS QUEEN,0.4468,0.0116,0.5416
DIAMONDS TWO HEARTS TEN,0.4802,0.0272,0.4926
SPADES THREE CLUBS KING,0.464,0.0074,0.5286
HEARTS FIVE CLUBS ACE,0.4354,0.004,0.5606
SPADES FIVE HEARTS TEN,0.464,0.0286,0.5074
SPADES THREE CLUBS ACE,0.452,0.005,0.543
HEARTS FIVE CLUBS KING,0.4486,0.0072,0.5442
SPADES FIVE HEARTS JACK,0.4652,0.0124,0.5224
HEARTS FIVE CLUBS QUEEN,0.4432,0.014,0.5428
HEARTS THREE CLUBS KING,0.4572,0.0088,0.534
DIAMONDS KING CLUBS KING,0.2096,0.0112,0.7792
HEARTS THREE CLUBS QUEEN,0.4532,0.0094,0.5374
DIAMONDS KING CLUBS QUEEN,0.3854,0.0068,0.6078
HEARTS FIVE HEARTS JACK,0.4324,0.018,0.5496
HEARTS FIVE HEARTS TEN,0.435,0.0286,0.5364
HEARTS THREE CLUBS ACE,0.4356,0.0058,0.5586
DIAMONDS KING CLUBS ACE,0.3892,0.0036,0.6072
SPADES ACE CLUBS QUEEN,0.3794,0.0034,0.6172
SPADES KING CLUBS QUEEN,0.3822,0.007,0.6108
CLUBS JACK HEARTS THREE,0.4622,0.0172,0.5206
CLUBS JACK DIAMONDS KING,0.3862,0.0078,0.606
SPADES QUEEN CLUBS QUEEN,0.2062,0.0236,0.7702
CLUBS TEN HEARTS THREE,0.454,0.023,0.523
CLUBS TEN DIAMONDS KING,0.387,0.0076,0.6054
SPADES JACK CLUBS QUEEN,0.3724,0.0098,0.6178
CLUBS SIX CLUBS QUEEN,0.395,0.01,0.595
SPADES TEN CLUBS QUEEN,0.3648,0.011,0.6242
CLUBS SIX CLUBS KING,0.3976,0.0098,0.5926
CLUBS SIX CLUBS ACE,0.4082,0.004,0.5878
HEARTS FIVE HEARTS KING,0.4354,0.0084,0.5562
HEARTS FIVE HEARTS QUEEN,0.4246,0.0116,0.5638
CLUBS TEN CLUBS SIX,0.4068,0.0232,0.57
HEARTS FIVE HEARTS ACE,0.42,0.004,0.576
CLUBS JACK CLUBS SIX,0.4008,0.0176,0.5816
SPADES SEVEN HEARTS JACK,0.3192,0.0528,0.628
SPADES SEVEN HEARTS TEN,0.3012,0.0734,0.6254
DIAMONDS TWO CLUBS TWO,0.4562,0.0654,0.4784
DIAMONDS TWO CLUBS THREE,0.647,0.0426,0.3104
HEARTS SIX DIAMONDS TWO,0.665,0.0428,0.2922
DIAMONDS TWO HEARTS QUEEN,0.472,0.0114,0.5166
DIAMONDS TWO HEARTS SEVEN,0.6916,0.1012,0.2072
DIAMONDS TWO HEARTS KING,0.4838,0.009,0.5072
DIAMONDS TWO HEARTS EIGHT,0.6534,0.045,0.3016
DIAMONDS TWO HEARTS ACE,0.4656,0.0044,0.53
DIAMONDS TWO HEARTS NINE,0.515,0.2842,0.2008
DIAMONDS TWO DIAMONDS QUEEN,0.4334,0.0104,0.5562
DIAMONDS TWO HEARTS TWO,0.4686,0.0706,0.4608
DIAMONDS TWO DIAMONDS KING,0.4392,0.0068,0.554
HEARTS THREE DIAMONDS TWO,0.6428,0.0438,0.3134
DIAMONDS TWO DIAMONDS ACE,0.4328,0.0068,0.5604
HEARTS FOUR DIAMONDS TWO,0.6446,0.04,0.3154
DIAMONDS TWO HEARTS FIVE,0.6502,0.0414,0.3084
SPADES SEVEN HEARTS ACE,0.3102,0.02,0.6698
DIAMONDS TWO DIAMONDS TEN,0.4402,0.0254,0.5344
SPADES SEVEN HEARTS KING,0.3148,0.032,0.6532
DIAMONDS TWO DIAMONDS JACK,0.4538,0.02,0.5262
SPADES SEVEN HEARTS QUEEN,0.3208,0.042,0.6372
DIAMONDS TWO SPADES NINE,0.5168,0.2788,0.2044
DIAMONDS TWO SPADES EIGHT,0.6546,0.0394,0.306
DIAMONDS TWO SPADES SEVEN,0.7042,0.0988,0.197
DIAMONDS TWO SPADES SIX,0.6542,0.0394,0.3064
DIAMONDS TWO SPADES FIVE,0.6422,0.0378,0.32
DIAMONDS TWO SPADES FOUR,0.6502,0.038,0.3118
DIAMONDS TWO SPADES THREE,0.6502,0.0376,0.3122
DIAMONDS TWO SPADES TWO,0.458,0.075,0.467
DIAMONDS TWO CLUBS EIGHT,0.6572,0.0398,0.303
CLUBS SIX DIAMONDS TWO,0.663,0.04,0.297
DIAMONDS TWO CLUBS FIVE,0.6444,0.0366,0.319
DIAMONDS TWO CLUBS FOUR,0.6564,0.04,0.3036
CLUBS FOUR SPADES FIVE,0.6152,0.0454,0.3394
CLUBS FOUR SPADES FOUR,0.437,0.0658,0.4972
CLUBS FOUR SPADES THREE,0.6362,0.0422,0.3216
CLUBS FOUR SPADES TWO,0.6324,0.0432,0.3244
CLUBS FOUR SPADES NINE,0.5074,0.2786,0.214
CLUBS FOUR SPADES EIGHT,0.6352,0.0416,0.3232
CLUBS FOUR SPADES SEVEN,0.6662,0.1056,0.2282
CLUBS FOUR SPADES SIX,0.6488,0.0374,0.3138
SPADES ACE DIAMONDS SIX,0.4682,0.0026,0.5292
SPADES QUEEN DIAMONDS SIX,0.468,0.0126,0.5194
SPADES KING DIAMONDS SIX,0.4546,0.0066,0.5388
SPADES TEN DIAMONDS SIX,0.4334,0.023,0.5436
SPADES JACK DIAMONDS SIX,0.458,0.018,0.524
SPADES QUEEN SPADES TWO,0.4588,0.0098,0.5314
SPADES KING SPADES TWO,0.4332,0.0072,0.5596
SPADES ACE SPADES TWO,0.4364,0.0038,0.5598
CLUBS JACK DIAMONDS JACK,0.1964,0.0284,0.7752
CLUBS TEN DIAMONDS JACK,0.359,0.0134,0.6276
DIAMONDS JACK CLUBS KING,0.3762,0.0054,0.6184
DIAMONDS JACK CLUBS QUEEN,0.367,0.0102,0.6228
DIAMONDS THREE DIAMONDS JACK,0.4244,0.0168,0.5588
DIAMONDS THREE DIAMONDS TEN,0.446,0.0216,0.5324
DIAMONDS JACK CLUBS ACE,0.3836,0.0042,0.6122
DIAMONDS THREE DIAMONDS KING,0.4398,0.0078,0.5524
HEARTS THREE DIAMONDS THREE,0.4522,0.0624,0.4854
DIAMONDS THREE DIAMONDS QUEEN,0.4556,0.0086,0.5358
DIAMONDS THREE HEARTS TWO,0.6536,0.038,0.3084
HEARTS FIVE DIAMONDS THREE,0.6294,0.0376,0.333
DIAMONDS THREE DIAMONDS ACE,0.4346,0.0034,0.562
HEARTS FOUR DIAMONDS THREE,0.637,0.0372,0.3258
DIAMONDS THREE HEARTS SEVEN,0.6714,0.1054,0.2232
SPADES TEN SPADES NINE,0.2744,0.0688,0.6568
HEARTS SIX DIAMONDS THREE,0.6568,0.0378,0.3054
SPADES JACK SPADES NINE,0.27,0.0492,0.6808
DIAMONDS THREE HEARTS NINE,0.5042,0.2892,0.2066
HEARTS JACK DIAMONDS FOUR,0.4602,0.0176,0.5222
HEARTS KING HEARTS ACE,0.3774,0.0026,0.62
SPADES TEN SPADES TWO,0.4408,0.0244,0.5348
DIAMONDS THREE HEARTS EIGHT,0.66,0.0354,0.3046
HEARTS TEN DIAMONDS FOUR,0.4728,0.0236,0.5036
SPADES JACK SPADES TWO,0.4396,0.0136,0.5468
HEARTS QUEEN DIAMONDS FOUR,0.4734,0.0104,0.5162
HEARTS KING DIAMONDS FOUR,0.472,0.0056,0.5224
SPADES ACE SPADES NINE,0.3034,0.0182,0.6784
HEARTS ACE DIAMONDS FOUR,0.4672,0.0044,0.5284
SPADES KING SPADES NINE,0.3074,0.0324,0.6602
SPADES QUEEN SPADES NINE,0.2918,0.042,0.6662
DIAMONDS THREE SPADES NINE,0.5148,0.2734,0.2118
DIAMONDS THREE SPADES EIGHT,0.661,0.038,0.301
DIAMONDS THREE SPADES SEVEN,0.6664,0.1054,0.2282
DIAMONDS THREE SPADES SIX,0.6456,0.0448,0.3096
CLUBS SIX DIAMONDS THREE,0.6472,0.0396,0.3132
CLUBS ACE DIAMONDS FOUR,0.4498,0.0064,0.5438
CLUBS SIX CLUBS FIVE,0.6176,0.0456,0.3368
DIAMONDS THREE CLUBS FOUR,0.6416,0.0372,0.3212
DIAMONDS FOUR CLUBS QUEEN,0.458,0.013,0.529
DIAMONDS THREE CLUBS FIVE,0.6306,0.0428,0.3266
DIAMONDS FOUR CLUBS KING,0.4692,0.008,0.5228
DIAMONDS THREE CLUBS TWO,0.6484,0.0422,0.3094
CLUBS TEN DIAMONDS FOUR,0.4554,0.0234,0.5212
DIAMONDS THREE CLUBS THREE,0.454,0.0652,0.4808
CLUBS JACK DIAMONDS FOUR,0.466,0.0154,0.5186
DIAMONDS THREE SPADES FOUR,0.63,0.0456,0.3244
DIAMONDS THREE SPADES FIVE,0.6406,0.0384,0.321
DIAMONDS THREE SPADES TWO,0.6508,0.0402,0.309
DIAMONDS THREE SPADES THREE,0.45,0.0712,0.4788
CLUBS EIGHT DIAMONDS THREE,0.6478,0.0402,0.312
SPADES SEVEN CLUBS ACE,0.3036,0.02,0.6764
SPADES SEVEN CLUBS QUEEN,0.3192,0.0432,0.6376
SPADES SEVEN CLUBS KING,0.298,0.0352,0.6668
CLUBS FIVE SPADES SEVEN,0.6472,0.1042,0.2486
CLUBS TEN SPADES SEVEN,0.2782,0.0836,0.6382
CLUBS FIVE SPADES SIX,0.6226,0.0404,0.337
CLUBS JACK SPADES SEVEN,0.3072,0.0564,0.6364
SPADES NINE CLUBS FIVE,0.493,0.2832,0.2238
CLUBS FIVE SPADES EIGHT,0.6264,0.0362,0.3374
CLUBS FIVE SPADES THREE,0.6354,0.0382,0.3264
CLUBS FIVE SPADES TWO,0.654,0.0426,0.3034
CLUBS FIVE SPADES FIVE,0.447,0.0584,0.4946
CLUBS FIVE SPADES FOUR,0.6262,0.0424,0.3314
CLUBS EIGHT CLUBS FIVE,0.6328,0.0456,0.3216
CLUBS ACE CLUBS QUEEN,0.3372,0.0058,0.657
CLUBS KING CLUBS QUEEN,0.336,0.0062,0.6578
DIAMONDS TEN DIAMONDS FOUR,0.4348,0.0238,0.5414
CLUBS TEN DIAMONDS NINE,0.2776,0.0728,0.6496
DIAMONDS JACK DIAMONDS FOUR,0.442,0.0194,0.5386
CLUBS JACK DIAMONDS NINE,0.2808,0.0532,0.666
CLUBS JACK SPADES NINE,0.2808,0.0566,0.6626
CLUBS TEN SPADES NINE,0.2656,0.0762,0.6582
DIAMONDS ACE DIAMONDS FOUR,0.4238,0.0034,0.5728
HEARTS FOUR DIAMONDS FOUR,0.461,0.0676,0.4714
DIAMONDS JACK HEARTS TEN,0.3728,0.0144,0.6128
SPADES NINE CLUBS KING,0.306,0.0322,0.6618
DIAMONDS TWO SPADES TEN,0.457,0.0274,0.5156
DIAMONDS NINE CLUBS ACE,0.3022,0.0278,0.67
HEARTS FIVE DIAMONDS FOUR,0.6258,0.044,0.3302
HEARTS JACK DIAMONDS JACK,0.211,0.0258,0.7632
SPADES NINE CLUBS QUEEN,0.2926,0.0442,0.6632
DIAMONDS TWO SPADES JACK,0.4746,0.0168,0.5086
DIAMONDS QUEEN DIAMONDS FOUR,0.442,0.0104,0.5476
HEARTS TWO DIAMONDS FOUR,0.6542,0.0382,0.3076
DIAMONDS NINE CLUBS QUEEN,0.289,0.0434,0.6676
DIAMONDS KING DIAMONDS FOUR,0.4402,0.0078,0.552
HEARTS THREE DIAMONDS FOUR,0.6382,0.043,0.3188
SPADES NINE CLUBS ACE,0.3052,0.0244,0.6704
DIAMONDS NINE CLUBS KING,0.3052,0.0324,0.6624
HEARTS ACE DIAMONDS JACK,0.3968,0.0032,0.6
SPADES ACE DIAMONDS TWO,0.4586,0.004,0.5374
DIAMONDS JACK HEARTS QUEEN,0.3814,0.0084,0.6102
SPADES QUEEN DIAMONDS TWO,0.4694,0.0114,0.5192
HEARTS KING DIAMONDS JACK,0.3938,0.0064,0.5998
SPADES KING DIAMONDS TWO,0.4788,0.0084,0.5128
SPADES JACK SPADES SEVEN,0.2948,0.0534,0.6518
SPADES TEN SPADES SEVEN,0.2784,0.0728,0.6488
CLUBS SIX CLUBS THREE,0.6412,0.0384,0.3204
CLUBS FIVE CLUBS THREE,0.637,0.0372,0.3258
CLUBS FOUR CLUBS THREE,0.6134,0.0506,0.336
CLUBS EIGHT CLUBS THREE,0.6386,0.0398,0.3216
CLUBS THREE SPADES FIVE,0.63,0.041,0.329
CLUBS THREE SPADES FOUR,0.6264,0.0396,0.334
CLUBS THREE SPADES THREE,0.452,0.0782,0.4698
CLUBS THREE SPADES TWO,0.6404,0.0446,0.315
CLUBS THREE SPADES SIX,0.6452,0.043,0.3118
SPADES SEVEN CLUBS THREE,0.6728,0.1088,0.2184
SPADES EIGHT CLUBS THREE,0.6404,0.0384,0.3212
SPADES NINE CLUBS THREE,0.5034,0.2914,0.2052
SPADES TWO DIAMONDS FOUR,0.6544,0.042,0.3036
SPADES THREE DIAMONDS FOUR,0.6358,0.0398,0.3244
SPADES FOUR DIAMONDS FOUR,0.44,0.0696,0.4904
SPADES FIVE DIAMONDS FOUR,0.6248,0.0368,0.3384
SPADES SIX DIAMONDS FOUR,0.6408,0.042,0.3172
SPADES SEVEN DIAMONDS FOUR,0.6612,0.1144,0.2244
SPADES EIGHT DIAMONDS FOUR,0.6354,0.0398,0.3248
SPADES NINE DIAMONDS FOUR,0.515,0.2786,0.2064
CLUBS FIVE DIAMONDS FOUR,0.6236,0.0438,0.3326
CLUBS FOUR DIAMONDS FOUR,0.4588,0.0674,0.4738
CLUBS SIX DIAMONDS FOUR,0.6418,0.0428,0.3154
CLUBS EIGHT DIAMONDS FOUR,0.6436,0.0428,0.3136
DIAMONDS FOUR HEARTS SEVEN,0.6748,0.1032,0.222
HEARTS SIX DIAMONDS FOUR,0.6458,0.039,0.3152
HEARTS NINE DIAMONDS FOUR,0.5152,0.2798,0.205
DIAMONDS FOUR HEARTS EIGHT,0.6338,0.042,0.3242
CLUBS THREE DIAMONDS FOUR,0.6368,0.0426,0.3206
CLUBS TWO DIAMONDS FOUR,0.6418,0.0416,0.3166
DIAMONDS TEN DIAMONDS FIVE,0.4374,0.0258,0.5368
DIAMONDS JACK DIAMONDS FIVE,0.4244,0.0186,0.557
DIAMONDS NINE HEARTS QUEEN,0.2982,0.0408,0.661
HEARTS KING DIAMONDS NINE,0.3152,0.0326,0.6522
DIAMONDS NINE HEARTS ACE,0.3084,0.0224,0.6692
DIAMONDS NINE HEARTS TEN,0.2936,0.0664,0.64
DIAMONDS NINE HEARTS JACK,0.2924,0.0566,0.651
CLUBS KING DIAMONDS SIX,0.448,0.009,0.543
CLUBS QUEEN DIAMONDS SIX,0.4444,0.01,0.5456
CLUBS ACE DIAMONDS SIX,0.4356,0.005,0.5594
SPADES KING DIAMONDS FOUR,0.4588,0.0068,0.5344
SPADES ACE SPADES SEVEN,0.306,0.023,0.671
SPADES QUEEN DIAMONDS FOUR,0.4688,0.0116,0.5196
SPADES QUEEN SPADES SEVEN,0.3074,0.0408,0.6518
CLUBS JACK DIAMONDS SIX,0.4472,0.0178,0.535
SPADES KING SPADES SEVEN,0.3112,0.029,0.6598
SPADES ACE DIAMONDS FOUR,0.4728,0.0034,0.5238
CLUBS TEN DIAMONDS SIX,0.4322,0.029,0.5388
CLUBS EIGHT CLUBS FOUR,0.6536,0.04,0.3064
SPADES JACK DIAMONDS FOUR,0.4716,0.0168,0.5116
SPADES TEN DIAMONDS FOUR,0.4674,0.0238,0.5088
CLUBS FOUR CLUBS FIVE,0.6186,0.0376,0.3438
CLUBS SIX CLUBS FOUR,0.625,0.0434,0.3316
HEARTS SIX DIAMONDS FIVE,0.6462,0.0398,0.314
DIAMONDS FIVE HEARTS SEVEN,0.652,0.102,0.246
DIAMONDS FIVE HEARTS EIGHT,0.6336,0.035,0.3314
HEARTS NINE DIAMONDS FIVE,0.511,0.2748,0.2142
DIAMONDS QUEEN DIAMONDS FIVE,0.443,0.0118,0.5452
HEARTS TWO DIAMONDS FIVE,0.6432,0.0412,0.3156
HEARTS KING HEARTS EIGHT,0.4144,0.01,0.5756
DIAMONDS KING DIAMONDS FIVE,0.429,0.0068,0.5642
HEARTS THREE DIAMONDS FIVE,0.6242,0.0436,0.3322
HEARTS QUEEN HEARTS EIGHT,0.4042,0.01,0.5858
DIAMONDS ACE DIAMONDS FIVE,0.4252,0.0058,0.569
HEARTS FOUR DIAMONDS FIVE,0.6216,0.0416,0.3368
HEARTS FIVE DIAMONDS FIVE,0.4488,0.0696,0.4816
HEARTS ACE HEARTS EIGHT,0.3958,0.0028,0.6014
CLUBS FOUR DIAMONDS FIVE,0.6344,0.0392,0.3264
CLUBS FIVE DIAMONDS FIVE,0.4418,0.0674,0.4908
CLUBS SIX DIAMONDS FIVE,0.6276,0.0362,0.3362
CLUBS TWO DIAMONDS FIVE,0.6304,0.0414,0.3282
CLUBS THREE DIAMONDS FIVE,0.6426,0.0422,0.3152
SPADES THREE DIAMONDS FIVE,0.6294,0.0428,0.3278
SPADES TWO DIAMONDS FIVE,0.6362,0.0396,0.3242
SPADES JACK DIAMONDS EIGHT,0.4138,0.0158,0.5704
SPADES FIVE DIAMONDS FIVE,0.4454,0.0648,0.4898
CLUBS TEN HEARTS JACK,0.3648,0.0142,0.621
SPADES TEN DIAMONDS EIGHT,0.4074,0.0222,0.5704
SPADES FOUR DIAMONDS FIVE,0.6186,0.044,0.3374
CLUBS JACK HEARTS JACK,0.1978,0.0314,0.7708
HEARTS JACK CLUBS QUEEN,0.3666,0.0092,0.6242
HEARTS JACK CLUBS KING,0.3742,0.0082,0.6176
CLUBS EIGHT DIAMONDS FIVE,0.63,0.0402,0.3298
HEARTS JACK CLUBS ACE,0.3856,0.0042,0.6102
SPADES SEVEN DIAMONDS FIVE,0.6482,0.107,0.2448
SPADES KING DIAMONDS EIGHT,0.4186,0.0062,0.5752
SPADES QUEEN DIAMONDS EIGHT,0.4166,0.0088,0.5746
SPADES SIX DIAMONDS FIVE,0.6278,0.0378,0.3344
SPADES NINE DIAMONDS FIVE,0.509,0.2754,0.2156
SPADES EIGHT DIAMONDS FIVE,0.6272,0.0416,0.3312
SPADES ACE DIAMONDS EIGHT,0.4322,0.0026,0.5652
DIAMONDS TEN DIAMONDS SIX,0.421,0.024,0.555
HEARTS ACE DIAMONDS SEVEN,0.321,0.0184,0.6606
DIAMONDS JACK DIAMONDS SIX,0.4214,0.0182,0.5604
HEARTS QUEEN DIAMONDS SEVEN,0.3408,0.04,0.6192
HEARTS KING DIAMONDS SEVEN,0.3208,0.0302,0.649
DIAMONDS ACE DIAMONDS SIX,0.43,0.0036,0.5664
HEARTS FOUR DIAMONDS SIX,0.6352,0.045,0.3198
HEARTS JACK SPADES TWO,0.4754,0.018,0.5066
HEARTS FIVE DIAMONDS SIX,0.6226,0.0426,0.3348
SPADES TWO HEARTS TEN,0.4654,0.0218,0.5128
DIAMONDS QUEEN DIAMONDS SIX,0.4236,0.0108,0.5656
HEARTS TWO DIAMONDS SIX,0.6608,0.041,0.2982
DIAMONDS KING DIAMONDS SIX,0.4276,0.0064,0.566
HEARTS THREE DIAMONDS SIX,0.6434,0.0372,0.3194
HEARTS EIGHT DIAMONDS SIX,0.6356,0.0364,0.328
HEARTS NINE DIAMONDS SIX,0.5026,0.2832,0.2142
HEARTS SIX DIAMONDS SIX,0.4506,0.0592,0.4902
HEARTS SEVEN DIAMONDS SIX,0.6512,0.1054,0.2434
HEARTS TEN DIAMONDS SEVEN,0.2962,0.0598,0.644
CLUBS TWO DIAMONDS SIX,0.6654,0.0372,0.2974
HEARTS JACK DIAMONDS SEVEN,0.3202,0.0556,0.6242
CLUBS THREE DIAMONDS SIX,0.6376,0.041,0.3214
CLUBS JACK DIAMONDS EIGHT,0.3934,0.0164,0.5902
CLUBS SIX DIAMONDS SIX,0.4492,0.0604,0.4904
CLUBS TEN DIAMONDS EIGHT,0.377,0.0256,0.5974
CLUBS FIVE DIAMONDS SIX,0.6268,0.0426,0.3306
CLUBS FOUR DIAMONDS SIX,0.6324,0.0396,0.328
HEARTS ACE HEARTS JACK,0.3686,0.0048,0.6266
DIAMONDS EIGHT CLUBS ACE,0.399,0.0042,0.5968
HEARTS JACK HEARTS QUEEN,0.3598,0.0086,0.6316
DIAMONDS EIGHT CLUBS KING,0.4096,0.0068,0.5836
HEARTS KING HEARTS JACK,0.3678,0.007,0.6252
DIAMONDS EIGHT CLUBS QUEEN,0.397,0.0108,0.5922
CLUBS EIGHT DIAMONDS SIX,0.6204,0.0408,0.3388
SPADES TEN HEARTS KING,0.3968,0.0054,0.5978
SPADES FIVE DIAMONDS SIX,0.63,0.0374,0.3326
HEARTS ACE SPADES TWO,0.4622,0.0052,0.5326
SPADES JACK HEARTS KING,0.3924,0.0074,0.6002
SPADES FOUR DIAMONDS SIX,0.6376,0.0362,0.3262
SPADES THREE DIAMONDS SIX,0.6462,0.0388,0.315
HEARTS QUEEN SPADES TWO,0.4688,0.0136,0.5176
SPADES ACE SPADES KING,0.3742,0.0046,0.6212
HEARTS KING SPADES TWO,0.4702,0.0068,0.523
SPADES TWO DIAMONDS SIX,0.6698,0.037,0.2932
HEARTS TEN HEARTS EIGHT,0.371,0.0242,0.6048
SPADES NINE DIAMONDS SIX,0.4964,0.2974,0.2062
HEARTS JACK HEARTS EIGHT,0.4028,0.0148,0.5824
SPADES EIGHT DIAMONDS SIX,0.6246,0.0402,0.3352
SPADES SEVEN DIAMONDS SIX,0.6564,0.1014,0.2422
SPADES SIX DIAMONDS SIX,0.438,0.061,0.501
SPADES KING HEARTS KING,0.2206,0.0154,0.764
SPADES QUEEN HEARTS KING,0.4068,0.0066,0.5866
CLUBS ACE CLUBS KING,0.35,0.0046,0.6454
SPADES ACE HEARTS KING,0.394,0.004,0.602
SPADES ACE HEARTS JACK,0.3944,0.0044,0.6012
SPADES QUEEN HEARTS JACK,0.3878,0.0086,0.6036
SPADES KING HEARTS JACK,0.3934,0.0058,0.6008
SPADES TEN DIAMONDS TEN,0.2014,0.0356,0.763
SPADES JACK DIAMONDS TEN,0.3852,0.011,0.6038
SPADES ACE DIAMONDS TEN,0.3998,0.0042,0.596
SPADES JACK HEARTS JACK,0.2188,0.028,0.7532
SPADES TEN HEARTS JACK,0.3646,0.0138,0.6216
SPADES QUEEN DIAMONDS TEN,0.3962,0.0092,0.5946
SPADES KING DIAMONDS TEN,0.3892,0.0074,0.6034
SPADES NINE DIAMONDS SEVEN,0.0812,0.8954,0.0234
SPADES EIGHT DIAMONDS SEVEN,0.6538,0.0978,0.2484
SPADES SEVEN DIAMONDS SEVEN,0.339,0.053,0.608
SPADES SIX DIAMONDS SEVEN,0.6474,0.1012,0.2514
DIAMONDS KING DIAMONDS SEVEN,0.3014,0.0332,0.6654
HEARTS THREE DIAMONDS SEVEN,0.6728,0.101,0.2262
HEARTS KING DIAMONDS FIVE,0.4664,0.009,0.5246
DIAMONDS QUEEN DIAMONDS SEVEN,0.3082,0.037,0.6548
HEARTS TWO DIAMONDS SEVEN,0.6794,0.104,0.2166
HEARTS QUEEN DIAMONDS FIVE,0.463,0.0108,0.5262
HEARTS FIVE DIAMONDS SEVEN,0.652,0.1024,0.2456
DIAMONDS ACE DIAMONDS SEVEN,0.3146,0.0194,0.666
HEARTS FOUR DIAMONDS SEVEN,0.6692,0.103,0.2278
HEARTS ACE DIAMONDS FIVE,0.4604,0.0034,0.5362
HEARTS SEVEN DIAMONDS SEVEN,0.3368,0.0584,0.6048
HEARTS SIX DIAMONDS SEVEN,0.6502,0.1026,0.2472
HEARTS NINE DIAMONDS SEVEN,0.0678,0.9128,0.0194
DIAMONDS SEVEN HEARTS EIGHT,0.666,0.0972,0.2368
DIAMONDS JACK DIAMONDS SEVEN,0.3004,0.0494,0.6502
HEARTS JACK DIAMONDS FIVE,0.4626,0.0154,0.522
DIAMONDS TEN DIAMONDS SEVEN,0.283,0.0678,0.6492
DIAMONDS FIVE HEARTS TEN,0.4696,0.0276,0.5028
SPADES KING CLUBS TWO,0.4626,0.0064,0.531
HEARTS KING CLUBS KING,0.211,0.0108,0.7782
CLUBS EIGHT DIAMONDS SEVEN,0.6522,0.1,0.2478
SPADES QUEEN CLUBS TWO,0.4672,0.0138,0.519
HEARTS KING CLUBS QUEEN,0.3768,0.0076,0.6156
CLUBS JACK SPADES TWO,0.462,0.0188,0.5192
SPADES ACE CLUBS TWO,0.4636,0.0062,0.5302
CLUBS TEN SPADES TWO,0.459,0.026,0.515
HEARTS KING CLUBS ACE,0.386,0.005,0.609
SPADES TWO CLUBS KING,0.4712,0.007,0.5218
SPADES TWO DIAMONDS SEVEN,0.6858,0.1008,0.2134
CLUBS SIX CLUBS EIGHT,0.6128,0.0436,0.3436
SPADES THREE DIAMONDS SEVEN,0.6728,0.103,0.2242
SPADES TWO CLUBS QUEEN,0.4674,0.0126,0.52
SPADES FOUR DIAMONDS SEVEN,0.6756,0.1026,0.2218
CLUBS JACK HEARTS KING,0.3796,0.0096,0.6108
SPADES FIVE DIAMONDS SEVEN,0.6472,0.0996,0.2532
SPADES TWO CLUBS ACE,0.459,0.0048,0.5362
CLUBS TEN HEARTS KING,0.3836,0.0064,0.61
CLUBS SIX SPADES TWO,0.6704,0.0424,0.2872
CLUBS SIX SPADES THREE,0.6624,0.0412,0.2964
CLUBS TWO DIAMONDS SEVEN,0.6756,0.112,0.2124
CLUBS SIX SPADES FOUR,0.6504,0.039,0.3106
CLUBS THREE DIAMONDS SEVEN,0.6672,0.1026,0.2302
CLUBS SIX SPADES FIVE,0.6062,0.0374,0.3564
CLUBS FOUR DIAMONDS SEVEN,0.6614,0.1034,0.2352
CLUBS SIX SPADES SIX,0.4346,0.0644,0.501
CLUBS FIVE DIAMONDS SEVEN,0.65,0.103,0.247
CLUBS SIX SPADES SEVEN,0.647,0.1136,0.2394
CLUBS SIX DIAMONDS SEVEN,0.6442,0.1062,0.2496
CLUBS SIX SPADES EIGHT,0.6178,0.0406,0.3416
SPADES JACK CLUBS TWO,0.4718,0.0168,0.5114
CLUBS SIX SPADES NINE,0.4814,0.2998,0.2188
SPADES TEN CLUBS TWO,0.4646,0.0298,0.5056
CLUBS TWO CLUBS QUEEN,0.4208,0.0132,0.566
CLUBS TWO CLUBS KING,0.4062,0.0084,0.5854
CLUBS THREE DIAMONDS EIGHT,0.6414,0.0402,0.3184
CLUBS TWO CLUBS ACE,0.417,0.008,0.575
CLUBS TWO DIAMONDS EIGHT,0.6534,0.0396,0.307
DIAMONDS EIGHT HEARTS SEVEN,0.6528,0.1012,0.246
HEARTS SIX DIAMONDS EIGHT,0.6314,0.0358,0.3328
DIAMONDS EIGHT HEARTS NINE,0.2656,0.224,0.5104
CLUBS TEN CLUBS TWO,0.4284,0.0288,0.5428
DIAMONDS EIGHT HEARTS EIGHT,0.314,0.06,0.626
CLUBS JACK CLUBS TWO,0.4212,0.0188,0.56
CLUBS EIGHT DIAMONDS EIGHT,0.3216,0.0596,0.6188
CLUBS FIVE DIAMONDS EIGHT,0.637,0.0356,0.3274
SPADES ACE SPADES THREE,0.4438,0.0058,0.5504
CLUBS FOUR DIAMONDS EIGHT,0.6352,0.0394,0.3254
SPADES QUEEN SPADES THREE,0.4396,0.0102,0.5502
CLUBS SIX DIAMONDS EIGHT,0.6306,0.0378,0.3316
SPADES KING SPADES THREE,0.4356,0.0084,0.556
DIAMONDS QUEEN DIAMONDS EIGHT,0.3928,0.0106,0.5966
HEARTS TWO DIAMONDS EIGHT,0.6442,0.0384,0.3174
DIAMONDS KING DIAMONDS EIGHT,0.401,0.0078,0.5912
HEARTS THREE DIAMONDS EIGHT,0.6596,0.0398,0.3006
DIAMONDS ACE DIAMONDS EIGHT,0.387,0.0038,0.6092
HEARTS FOUR DIAMONDS EIGHT,0.6558,0.0316,0.3126
HEARTS FIVE DIAMONDS EIGHT,0.6248,0.0398,0.3354
DIAMONDS EIGHT DIAMONDS TEN,0.3822,0.0212,0.5966
DIAMONDS EIGHT DIAMONDS JACK,0.3908,0.0144,0.5948
SPADES JACK SPADES THREE,0.4414,0.0162,0.5424
SPADES TEN SPADES THREE,0.443,0.0246,0.5324
CLUBS FOUR HEARTS ACE,0.4458,0.0032,0.551
CLUBS FOUR HEARTS QUEEN,0.4612,0.011,0.5278
CLUBS FOUR HEARTS KING,0.4622,0.0084,0.5294
CLUBS SIX HEARTS TEN,0.435,0.0268,0.5382
CLUBS SIX HEARTS JACK,0.4406,0.0174,0.542
DIAMONDS EIGHT SPADES FOUR,0.6404,0.0396,0.32
SPADES FIVE DIAMONDS EIGHT,0.6228,0.0358,0.3414
DIAMONDS EIGHT SPADES TWO,0.6494,0.0398,0.3108
DIAMONDS EIGHT SPADES THREE,0.6558,0.0402,0.304
CLUBS FOUR HEARTS JACK,0.4578,0.0156,0.5266
SPADES EIGHT DIAMONDS EIGHT,0.3058,0.058,0.6362
SPADES TEN DIAMONDS QUEEN,0.383,0.0076,0.6094
SPADES TEN HEARTS TWO,0.478,0.0252,0.4968
SPADES JACK HEARTS EIGHT,0.4018,0.0152,0.583
CLUBS FOUR HEARTS TEN,0.4576,0.0278,0.5146
SPADES NINE DIAMONDS EIGHT,0.2744,0.2118,0.5138
SPADES TEN HEARTS EIGHT,0.4106,0.02,0.5694
SPADES JACK HEARTS TWO,0.4632,0.0198,0.517
SPADES JACK DIAMONDS QUEEN,0.3924,0.0104,0.5972
SPADES SIX DIAMONDS EIGHT,0.619,0.0374,0.3436
SPADES SEVEN DIAMONDS EIGHT,0.6658,0.1016,0.2326
SPADES ACE HEARTS TWO,0.471,0.0042,0.5248
SPADES ACE DIAMONDS QUEEN,0.4022,0.0036,0.5942
SPADES ACE HEARTS EIGHT,0.4226,0.0026,0.5748
SPADES KING HEARTS EIGHT,0.4274,0.0076,0.565
SPADES QUEEN HEARTS TWO,0.4634,0.0116,0.525
SPADES QUEEN DIAMONDS QUEEN,0.2228,0.017,0.7602
SPADES KING DIAMONDS QUEEN,0.4056,0.0056,0.5888
SPADES KING HEARTS TWO,0.4592,0.0096,0.5312
SPADES QUEEN HEARTS EIGHT,0.4228,0.0126,0.5646
CLUBS TWO HEARTS TEN,0.47,0.0238,0.5062
CLUBS TWO HEARTS JACK,0.4642,0.0184,0.5174
SPADES SEVEN DIAMONDS NINE,0.068,0.9092,0.0228
SPADES SIX DIAMONDS NINE,0.507,0.2842,0.2088
SPADES NINE DIAMONDS NINE,0.1808,0.0634,0.7558
SPADES EIGHT DIAMONDS NINE,0.2674,0.22,0.5126
SPADES TEN CLUBS KING,0.3788,0.0082,0.613
DIAMONDS NINE SPADES THREE,0.5032,0.2706,0.2262
SPADES JACK CLUBS KING,0.379,0.008,0.613
DIAMONDS NINE SPADES TWO,0.5132,0.279,0.2078
DIAMONDS NINE SPADES FIVE,0.5126,0.277,0.2104
DIAMONDS NINE SPADES FOUR,0.5164,0.2826,0.201
CLUBS EIGHT DIAMONDS NINE,0.2564,0.2136,0.53
CLUBS SIX DIAMONDS NINE,0.5002,0.2844,0.2154
SPADES JACK CLUBS FOUR,0.4644,0.0184,0.5172
SPADES TEN CLUBS FOUR,0.4524,0.0248,0.5228
CLUBS FOUR DIAMONDS NINE,0.5104,0.2836,0.206
CLUBS FIVE DIAMONDS NINE,0.51,0.2782,0.2118
CLUBS TWO DIAMONDS NINE,0.5224,0.2726,0.205
CLUBS THREE DIAMONDS NINE,0.499,0.2814,0.2196
DIAMONDS NINE HEARTS EIGHT,0.2768,0.2242,0.499
DIAMONDS NINE HEARTS NINE,0.1812,0.062,0.7568
HEARTS SIX DIAMONDS NINE,0.5102,0.278,0.2118
DIAMONDS NINE HEARTS SEVEN,0.0664,0.9128,0.0208
DIAMONDS ACE DIAMONDS NINE,0.297,0.0216,0.6814
HEARTS FOUR DIAMONDS NINE,0.516,0.281,0.203
HEARTS FIVE DIAMONDS NINE,0.5102,0.276,0.2138
CLUBS TWO HEARTS ACE,0.4562,0.0046,0.5392
SPADES ACE CLUBS FOUR,0.4486,0.008,0.5434
DIAMONDS QUEEN DIAMONDS NINE,0.2852,0.0364,0.6784
HEARTS TWO DIAMONDS NINE,0.527,0.2712,0.2018
CLUBS TWO HEARTS KING,0.473,0.0078,0.5192
SPADES KING CLUBS FOUR,0.4618,0.0074,0.5308
DIAMONDS KING DIAMONDS NINE,0.2988,0.0334,0.6678
HEARTS THREE DIAMONDS NINE,0.5146,0.279,0.2064
CLUBS TWO HEARTS QUEEN,0.4668,0.0132,0.52
SPADES QUEEN CLUBS FOUR,0.4552,0.0126,0.5322
DIAMONDS NINE DIAMONDS JACK,0.2888,0.0512,0.66
CLUBS EIGHT SPADES NINE,0.2644,0.2122,0.5234
DIAMONDS NINE DIAMONDS TEN,0.2672,0.0668,0.666
CLUBS EIGHT SPADES EIGHT,0.3058,0.0598,0.6344
CLUBS EIGHT SPADES SEVEN,0.6628,0.0938,0.2434
CLUBS EIGHT SPADES SIX,0.619,0.0358,0.3452
CLUBS EIGHT SPADES FIVE,0.6202,0.0402,0.3396
CLUBS EIGHT SPADES FOUR,0.6396,0.0434,0.317
CLUBS EIGHT SPADES THREE,0.6534,0.0412,0.3054
CLUBS EIGHT SPADES TWO,0.6486,0.0408,0.3106
HEARTS SIX DIAMONDS TEN,0.452,0.028,0.52
DIAMONDS TEN HEARTS SEVEN,0.2898,0.0716,0.6386
DIAMONDS TEN HEARTS EIGHT,0.4026,0.0234,0.574
CLUBS JACK CLUBS FOUR,0.4332,0.0156,0.5512
DIAMONDS TEN HEARTS NINE,0.2858,0.07,0.6442
CLUBS TEN CLUBS FOUR,0.4134,0.0272,0.5594
CLUBS FOUR CLUBS KING,0.4288,0.0114,0.5598
CLUBS FOUR CLUBS QUEEN,0.416,0.0132,0.5708
CLUBS TWO DIAMONDS TEN,0.4496,0.027,0.5234
CLUBS THREE DIAMONDS TEN,0.456,0.0214,0.5226
CLUBS FOUR CLUBS ACE,0.4084,0.0062,0.5854
DIAMONDS JACK DIAMONDS TEN,0.3554,0.013,0.6316
DIAMONDS QUEEN DIAMONDS TEN,0.3728,0.0102,0.617
HEARTS TWO DIAMONDS TEN,0.4748,0.0258,0.4994
DIAMONDS KING DIAMONDS TEN,0.362,0.0064,0.6316
HEARTS THREE DIAMONDS TEN,0.4798,0.0244,0.4958
DIAMONDS ACE DIAMONDS TEN,0.3732,0.0024,0.6244
HEARTS FOUR DIAMONDS TEN,0.4528,0.0268,0.5204
CLUBS EIGHT HEARTS JACK,0.4028,0.0182,0.579
HEARTS FIVE DIAMONDS TEN,0.4622,0.0278,0.51
CLUBS EIGHT HEARTS TEN,0.3864,0.0244,0.5892
CLUBS EIGHT HEARTS QUEEN,0.4028,0.01,0.5872
CLUBS EIGHT HEARTS KING,0.4176,0.0054,0.577
CLUBS EIGHT HEARTS ACE,0.4226,0.0058,0.5716
CLUBS TEN HEARTS EIGHT,0.3666,0.0244,0.609
CLUBS JACK HEARTS EIGHT,0.3904,0.0194,0.5902
CLUBS QUEEN HEARTS EIGHT,0.3882,0.0094,0.6024
CLUBS KING HEARTS EIGHT,0.4176,0.0116,0.5708
CLUBS ACE HEARTS EIGHT,0.412,0.004,0.584
SPADES KING CLUBS KING,0.2068,0.0126,0.7806
SPADES QUEEN CLUBS KING,0.3698,0.0068,0.6234
SPADES ACE CLUBS KING,0.3998,0.0058,0.5944
DIAMONDS ACE HEARTS TEN,0.4022,0.0036,0.5942
HEARTS FOUR HEARTS TEN,0.4348,0.0234,0.5418
DIAMONDS ACE HEARTS JACK,0.4026,0.0046,0.5928
HEARTS FOUR HEARTS JACK,0.4534,0.0162,0.5304
SPADES KING CLUBS FIVE,0.4426,0.0076,0.5498
SPADES QUEEN CLUBS FIVE,0.4498,0.0104,0.5398
SPADES ACE CLUBS FIVE,0.4446,0.0042,0.5512
DIAMONDS JACK HEARTS SEVEN,0.3056,0.052,0.6424
HEARTS SIX DIAMONDS JACK,0.4532,0.015,0.5318
DIAMONDS JACK HEARTS NINE,0.294,0.0526,0.6534
DIAMONDS JACK HEARTS EIGHT,0.4082,0.016,0.5758
DIAMONDS KING DIAMONDS JACK,0.3674,0.007,0.6256
HEARTS THREE DIAMONDS JACK,0.4528,0.0166,0.5306
SPADES ACE SPADES SIX,0.434,0.0038,0.5622
HEARTS ACE SPADES FOUR,0.4668,0.0056,0.5276
DIAMONDS QUEEN DIAMONDS JACK,0.3624,0.0084,0.6292
HEARTS TWO DIAMONDS JACK,0.4778,0.0152,0.507
HEARTS FIVE DIAMONDS JACK,0.4724,0.0152,0.5124
SPADES QUEEN SPADES SIX,0.4432,0.0098,0.547
SPADES FOUR HEARTS QUEEN,0.4756,0.0112,0.5132
DIAMONDS ACE DIAMONDS JACK,0.3718,0.004,0.6242
HEARTS FOUR DIAMONDS JACK,0.4736,0.0144,0.512
SPADES KING SPADES SIX,0.4146,0.007,0.5784
HEARTS KING SPADES FOUR,0.4636,0.01,0.5264
SPADES TEN SPADES SIX,0.4318,0.0246,0.5436
SPADES JACK SPADES SIX,0.4314,0.0156,0.553
SPADES FOUR DIAMONDS JACK,0.4718,0.0168,0.5114
SPADES FIVE DIAMONDS JACK,0.4562,0.0194,0.5244
DIAMONDS JACK SPADES TWO,0.4688,0.0188,0.5124
DIAMONDS JACK SPADES THREE,0.459,0.0158,0.5252
SPADES ACE DIAMONDS THREE,0.4606,0.0044,0.535
SPADES QUEEN DIAMONDS THREE,0.4644,0.0114,0.5242
CLUBS EIGHT DIAMONDS JACK,0.4038,0.0136,0.5826
SPADES KING DIAMONDS THREE,0.4628,0.0092,0.528
CLUBS SIX DIAMONDS JACK,0.4444,0.0182,0.5374
CLUBS FOUR DIAMONDS JACK,0.4622,0.0174,0.5204
CLUBS FIVE DIAMONDS JACK,0.4518,0.0158,0.5324
CLUBS TWO DIAMONDS JACK,0.459,0.0134,0.5276
CLUBS THREE DIAMONDS JACK,0.4588,0.0176,0.5236
SPADES TEN CLUBS FIVE,0.4506,0.0272,0.5222
HEARTS SIX SPADES JACK,0.4546,0.0154,0.53
HEARTS SIX SPADES TEN,0.444,0.0272,0.5288
SPADES JACK CLUBS FIVE,0.446,0.0172,0.5368
SPADES JACK DIAMONDS THREE,0.481,0.0164,0.5026
DIAMONDS THREE SPADES TEN,0.4688,0.0314,0.4998
SPADES NINE DIAMONDS JACK,0.301,0.0524,0.6466
DIAMONDS ACE HEARTS ACE,0.2062,0.0028,0.791
HEARTS FOUR HEARTS ACE,0.4248,0.0038,0.5714
SPADES EIGHT DIAMONDS JACK,0.404,0.0144,0.5816
SPADES ACE HEARTS SIX,0.45,0.003,0.547
DIAMONDS ACE HEARTS KING,0.4044,0.0028,0.5928
HEARTS FOUR HEARTS KING,0.4406,0.0062,0.5532
SPADES SEVEN DIAMONDS JACK,0.302,0.0562,0.6418
SPADES KING HEARTS SIX,0.4612,0.0066,0.5322
DIAMONDS ACE HEARTS QUEEN,0.4094,0.0042,0.5864
HEARTS FOUR HEARTS QUEEN,0.4428,0.0112,0.546
SPADES QUEEN HEARTS SIX,0.457,0.012,0.531
SPADES SIX DIAMONDS JACK,0.4616,0.0176,0.5208
DIAMONDS TEN SPADES TWO,0.4828,0.021,0.4962
SPADES THREE DIAMONDS TEN,0.4638,0.0258,0.5104
SPADES FOUR DIAMONDS TEN,0.462,0.026,0.512
SPADES FIVE DIAMONDS TEN,0.4438,0.0246,0.5316
SPADES SIX DIAMONDS TEN,0.4432,0.0236,0.5332
SPADES SEVEN DIAMONDS TEN,0.2942,0.0762,0.6296
SPADES EIGHT DIAMONDS TEN,0.397,0.02,0.583
SPADES NINE DIAMONDS TEN,0.297,0.0718,0.6312
CLUBS FOUR DIAMONDS TEN,0.4608,0.0246,0.5146
CLUBS FIVE DIAMONDS TEN,0.4412,0.0322,0.5266
CLUBS SIX DIAMONDS TEN,0.4438,0.0272,0.529
CLUBS EIGHT DIAMONDS TEN,0.3904,0.0228,0.5868
CLUBS JACK DIAMONDS THREE,0.4538,0.0202,0.526
CLUBS TEN DIAMONDS THREE,0.4526,0.0272,0.5202
DIAMONDS THREE CLUBS KING,0.4612,0.0094,0.5294
DIAMONDS THREE CLUBS QUEEN,0.4478,0.015,0.5372
DIAMONDS THREE CLUBS ACE,0.4464,0.0044,0.5492
SPADES FOUR HEARTS JACK,0.4676,0.0164,0.516
SPADES FOUR HEARTS TEN,0.463,0.0248,0.5122
SPADES FIVE SPADES TWO,0.6014,0.0388,0.3598
SPADES FOUR SPADES TWO,0.6076,0.035,0.3574
SPADES THREE SPADES TWO,0.5968,0.0394,0.3638
SPADES NINE SPADES TWO,0.4936,0.262,0.2444
SPADES EIGHT SPADES TWO,0.6116,0.0348,0.3536
SPADES SEVEN SPADES TWO,0.642,0.1052,0.2528
SPADES SIX SPADES TWO,0.6258,0.0394,0.3348
DIAMONDS QUEEN CLUBS THREE,0.4592,0.0098,0.531
HEARTS TWO CLUBS THREE,0.6472,0.0414,0.3114
DIAMONDS QUEEN CLUBS TWO,0.455,0.0124,0.5326
CLUBS TWO HEARTS TWO,0.4582,0.073,0.4688
DIAMONDS QUEEN HEARTS SEVEN,0.3324,0.0366,0.631
HEARTS TWO HEARTS SEVEN,0.6532,0.097,0.2498
HEARTS SIX DIAMONDS QUEEN,0.4692,0.008,0.5228
HEARTS SIX HEARTS TWO,0.6258,0.0408,0.3334
DIAMONDS QUEEN HEARTS NINE,0.2834,0.0472,0.6694
HEARTS TWO HEARTS NINE,0.4976,0.26,0.2424
DIAMONDS QUEEN HEARTS EIGHT,0.4234,0.0072,0.5694
HEARTS TWO HEARTS EIGHT,0.6142,0.0324,0.3534
CLUBS EIGHT HEARTS TWO,0.6626,0.0428,0.2946
CLUBS EIGHT DIAMONDS QUEEN,0.4114,0.01,0.5786
CLUBS FIVE DIAMONDS QUEEN,0.4556,0.0118,0.5326
CLUBS FIVE HEARTS TWO,0.6386,0.0464,0.315
SPADES EIGHT HEARTS ACE,0.4206,0.0052,0.5742
CLUBS FOUR DIAMONDS QUEEN,0.4496,0.016,0.5344
CLUBS FOUR HEARTS TWO,0.6472,0.0398,0.313
SPADES EIGHT HEARTS QUEEN,0.417,0.0092,0.5738
CLUBS SIX DIAMONDS QUEEN,0.4618,0.0096,0.5286
CLUBS SIX HEARTS TWO,0.6686,0.0462,0.2852
SPADES EIGHT HEARTS KING,0.4338,0.0058,0.5604
HEARTS TWO SPADES SIX,0.6602,0.042,0.2978
DIAMONDS QUEEN SPADES SIX,0.454,0.0094,0.5366
HEARTS FOUR CLUBS QUEEN,0.4524,0.0156,0.532
DIAMONDS ACE CLUBS QUEEN,0.405,0.0056,0.5894
DIAMONDS QUEEN SPADES SEVEN,0.318,0.0382,0.6438
HEARTS TWO SPADES SEVEN,0.688,0.11,0.202
HEARTS FOUR CLUBS KING,0.453,0.0072,0.5398
DIAMONDS ACE CLUBS KING,0.3872,0.005,0.6078
DIAMONDS QUEEN SPADES EIGHT,0.424,0.01,0.566
SPADES EIGHT HEARTS TWO,0.6466,0.0354,0.318
HEARTS FOUR CLUBS ACE,0.445,0.0056,0.5494
DIAMONDS ACE CLUBS ACE,0.204,0.0034,0.7926
SPADES NINE DIAMONDS QUEEN,0.3074,0.042,0.6506
SPADES NINE HEARTS TWO,0.5278,0.2656,0.2066
HEARTS TWO SPADES TWO,0.4582,0.0606,0.4812
DIAMONDS QUEEN SPADES TWO,0.4604,0.0128,0.5268
HEARTS TWO SPADES THREE,0.655,0.0366,0.3084
DIAMONDS QUEEN SPADES THREE,0.4734,0.011,0.5156
HEARTS TWO SPADES FOUR,0.6418,0.0408,0.3174
DIAMONDS QUEEN SPADES FOUR,0.4794,0.0108,0.5098
CLUBS TEN HEARTS FOUR,0.4386,0.027,0.5344
CLUBS TEN DIAMONDS ACE,0.3788,0.0028,0.6184
HEARTS TWO SPADES FIVE,0.6438,0.0382,0.318
DIAMONDS QUEEN SPADES FIVE,0.4504,0.0108,0.5388
HEARTS FOUR CLUBS JACK,0.448,0.02,0.532
CLUBS JACK DIAMONDS ACE,0.3942,0.0066,0.5992
CLUBS FIVE CLUBS KING,0.4008,0.009,0.5902
CLUBS FIVE CLUBS QUEEN,0.404,0.011,0.585
CLUBS FIVE CLUBS ACE,0.4124,0.0058,0.5818
CLUBS JACK CLUBS FIVE,0.4142,0.0204,0.5654
CLUBS TEN CLUBS FIVE,0.421,0.0238,0.5552
SPADES KING CLUBS JACK,0.3782,0.0092,0.6126
CLUBS JACK SPADES QUEEN,0.3842,0.0104,0.6054
SPADES ACE CLUBS JACK,0.3834,0.0038,0.6128
SPADES SIX CLUBS KING,0.4412,0.007,0.5518
SPADES SIX CLUBS QUEEN,0.4532,0.011,0.5358
SPADES EIGHT HEARTS JACK,0.4064,0.0166,0.577
SPADES SIX CLUBS ACE,0.4352,0.0026,0.5622
SPADES EIGHT HEARTS TEN,0.3974,0.026,0.5766
CLUBS JACK SPADES SIX,0.4436,0.02,0.5364
CLUBS TEN SPADES SIX,0.4298,0.0256,0.5446
CLUBS JACK SPADES TEN,0.3574,0.017,0.6256
CLUBS JACK SPADES JACK,0.2014,0.03,0.7686
SPADES SIX HEARTS TEN,0.4434,0.0258,0.5308
SPADES SIX HEARTS JACK,0.4578,0.0168,0.5254
SPADES SIX HEARTS ACE,0.4512,0.003,0.5458
SPADES SIX HEARTS KING,0.468,0.0056,0.5264
SPADES SIX HEARTS QUEEN,0.4684,0.0118,0.5198
CLUBS TEN HEARTS SIX,0.4284,0.0246,0.547
CLUBS JACK HEARTS SIX,0.4502,0.0168,0.533
CLUBS JACK CLUBS ACE,0.3436,0.005,0.6514
HEARTS SIX CLUBS QUEEN,0.4394,0.0112,0.5494
HEARTS SIX CLUBS KING,0.4466,0.0078,0.5456
HEARTS SIX CLUBS ACE,0.4464,0.0044,0.5492
CLUBS JACK CLUBS QUEEN,0.3398,0.0086,0.6516
CLUBS JACK CLUBS KING,0.3404,0.0094,0.6502
DIAMONDS THREE HEARTS ACE,0.4682,0.004,0.5278
DIAMONDS THREE HEARTS QUEEN,0.4584,0.0108,0.5308
DIAMONDS THREE HEARTS KING,0.465,0.009,0.526
CLUBS FIVE HEARTS JACK,0.4574,0.0148,0.5278
SPADES TEN DIAMONDS ACE,0.3984,0.0044,0.5972
HEARTS FOUR SPADES TEN,0.4602,0.026,0.5138
CLUBS FIVE HEARTS TEN,0.4558,0.0274,0.5168
HEARTS FOUR SPADES JACK,0.4676,0.0166,0.5158
SPADES JACK DIAMONDS ACE,0.4018,0.004,0.5942
SPADES ACE HEARTS FOUR,0.4558,0.004,0.5402
SPADES ACE DIAMONDS ACE,0.2106,0.0036,0.7858
CLUBS FIVE HEARTS ACE,0.4392,0.0044,0.5564
CLUBS FIVE HEARTS KING,0.449,0.0068,0.5442
HEARTS FOUR SPADES QUEEN,0.4698,0.0096,0.5206
SPADES QUEEN DIAMONDS ACE,0.4146,0.0032,0.5822
CLUBS JACK SPADES FOUR,0.4562,0.021,0.5228
CLUBS FIVE HEARTS QUEEN,0.4654,0.0116,0.523
SPADES KING DIAMONDS ACE,0.4004,0.0054,0.5942
HEARTS FOUR SPADES KING,0.4664,0.0086,0.525
CLUBS TEN SPADES FOUR,0.4574,0.0258,0.5168
DIAMONDS QUEEN DIAMONDS ACE,0.3866,0.005,0.6084
HEARTS TWO DIAMONDS ACE,0.4628,0.0042,0.533
HEARTS FOUR DIAMONDS QUEEN,0.458,0.0132,0.5288
HEARTS FOUR HEARTS TWO,0.6102,0.0384,0.3514
DIAMONDS THREE HEARTS TEN,0.4696,0.0248,0.5056
SPADES FOUR CLUBS KING,0.4588,0.007,0.5342
HEARTS FIVE DIAMONDS QUEEN,0.4514,0.009,0.5396
HEARTS FIVE HEARTS TWO,0.6144,0.037,0.3486
DIAMONDS THREE HEARTS JACK,0.482,0.0144,0.5036
SPADES FOUR CLUBS QUEEN,0.4562,0.013,0.5308
DIAMONDS QUEEN HEARTS TWO,0.4714,0.0116,0.517
DIAMONDS KING DIAMONDS QUEEN,0.3754,0.0056,0.619
DIAMONDS KING HEARTS TWO,0.475,0.0054,0.5196
HEARTS THREE DIAMONDS QUEEN,0.4796,0.0118,0.5086
HEARTS THREE HEARTS TWO,0.612,0.0326,0.3554
SPADES FOUR CLUBS ACE,0.4434,0.0056,0.551
HEARTS TWO CLUBS ACE,0.4554,0.006,0.5386
DIAMONDS QUEEN CLUBS ACE,0.389,0.0028,0.6082
HEARTS TWO CLUBS QUEEN,0.4548,0.0118,0.5334
DIAMONDS QUEEN CLUBS QUEEN,0.2096,0.0246,0.7658
HEARTS TWO CLUBS KING,0.4674,0.0082,0.5244
DIAMONDS QUEEN CLUBS KING,0.3786,0.0088,0.6126
SPADES EIGHT SPADES FIVE,0.596,0.034,0.37
CLUBS TEN HEARTS TWO,0.46,0.0278,0.5122
CLUBS TEN DIAMONDS QUEEN,0.3698,0.0106,0.6196
SPADES NINE SPADES FIVE,0.4908,0.2572,0.252
CLUBS JACK HEARTS TWO,0.465,0.0156,0.5194
CLUBS JACK DIAMONDS QUEEN,0.3736,0.0084,0.618
SPADES SIX SPADES FIVE,0.5916,0.0392,0.3692
SPADES SEVEN SPADES FIVE,0.6106,0.1004,0.289
DIAMONDS FIVE CLUBS QUEEN,0.4352,0.0106,0.5542
SPADES EIGHT CLUBS ACE,0.4008,0.0036,0.5956
DIAMONDS FIVE CLUBS KING,0.4514,0.008,0.5406
SPADES EIGHT CLUBS KING,0.4138,0.0096,0.5766
DIAMONDS FIVE CLUBS ACE,0.4306,0.005,0.5644
SPADES EIGHT CLUBS QUEEN,0.4046,0.0094,0.586
CLUBS JACK SPADES EIGHT,0.394,0.0172,0.5888
CLUBS TEN SPADES EIGHT,0.3874,0.0256,0.587
CLUBS TEN DIAMONDS FIVE,0.4458,0.0266,0.5276
CLUBS JACK DIAMONDS FIVE,0.4484,0.0202,0.5314
HEARTS JACK DIAMONDS TEN,0.3754,0.014,0.6106
DIAMONDS TEN HEARTS TEN,0.2046,0.0344,0.761
HEARTS SIX HEARTS KING,0.4154,0.0082,0.5764
DIAMONDS KING SPADES SEVEN,0.3176,0.0336,0.6488
HEARTS THREE SPADES SEVEN,0.6682,0.109,0.2228
SPADES KING DIAMONDS SEVEN,0.3172,0.0256,0.6572
HEARTS SIX HEARTS QUEEN,0.427,0.008,0.565
SPADES QUEEN DIAMONDS SEVEN,0.3258,0.0412,0.633
HEARTS THREE SPADES SIX,0.6426,0.0472,0.3102
DIAMONDS KING SPADES SIX,0.458,0.0076,0.5344
DIAMONDS KING SPADES NINE,0.308,0.0272,0.6648
HEARTS THREE SPADES NINE,0.5216,0.2704,0.208
