opposingHand,winningChance,drawChance,lostChance
CLUBS TEN SPADES SIX
HEARTS FIVE SPADES TEN,0.3936,0.3816,0.2248
SPADES JACK HEARTS FIVE,0.3962,0.0186,0.5852
SPADES FIVE CLUBS JACK,0.4038,0.019,0.5772
CLUBS EIGHT CLUBS JACK,0.3354,0.0166,0.648
CLUBS EIGHT CLUBS KING,0.3606,0.0082,0.6312
SPADES FIVE CLUBS ACE,0.3994,0.0048,0.5958
CLUBS EIGHT CLUBS QUEEN,0.3568,0.013,0.6302
SPADES FIVE CLUBS KING,0.3986,0.006,0.5954
SPADES FIVE CLUBS QUEEN,0.4036,0.0108,0.5856
CLUBS EIGHT CLUBS ACE,0.3386,0.0048,0.6566
DIAMONDS TWO DIAMONDS THREE,0.5912,0.0316,0.3772
DIAMONDS TWO DIAMONDS FIVE,0.5824,0.024,0.3936
SPADES KING HEARTS FIVE,0.3954,0.0066,0.598
DIAMONDS TWO DIAMONDS FOUR,0.5808,0.0314,0.3878
SPADES QUEEN HEARTS FIVE,0.4132,0.0108,0.576
DIAMONDS TWO DIAMONDS SEVEN,0.6062,0.0242,0.3696
DIAMONDS TWO DIAMONDS SIX,0.6432,0.0744,0.2824
SPADES ACE HEARTS FIVE,0.396,0.0062,0.5978
DIAMONDS TWO DIAMONDS NINE,0.5892,0.0222,0.3886
DIAMONDS TWO DIAMONDS EIGHT,0.5898,0.0246,0.3856
DIAMONDS THREE DIAMONDS FOUR,0.5714,0.0318,0.3968
CLUBS TWO SPADES FOUR,0.6372,0.0308,0.332
DIAMONDS THREE DIAMONDS FIVE,0.5726,0.0242,0.4032
CLUBS TWO SPADES FIVE,0.6288,0.0318,0.3394
CLUBS TWO SPADES TWO,0.4256,0.0684,0.506
CLUBS TWO SPADES THREE,0.6388,0.0282,0.333
DIAMONDS THREE DIAMONDS EIGHT,0.59,0.026,0.384
SPADES EIGHT CLUBS TWO,0.6306,0.03,0.3394
DIAMONDS THREE DIAMONDS NINE,0.5718,0.0228,0.4054
SPADES NINE CLUBS TWO,0.6294,0.0284,0.3422
DIAMONDS THREE DIAMONDS SIX,0.6096,0.0816,0.3088
DIAMONDS THREE DIAMONDS SEVEN,0.578,0.029,0.393
CLUBS TWO SPADES SEVEN,0.6368,0.0316,0.3316
CLUBS SIX CLUBS TWO,0.648,0.085,0.267
CLUBS SEVEN CLUBS TWO,0.6142,0.0272,0.3586
CLUBS FOUR CLUBS TWO,0.597,0.0276,0.3754
CLUBS FIVE CLUBS TWO,0.5952,0.0276,0.3772
DIAMONDS FOUR DIAMONDS SIX,0.6068,0.0778,0.3154
DIAMONDS FOUR DIAMONDS SEVEN,0.5686,0.0268,0.4046
CLUBS EIGHT CLUBS TWO,0.605,0.0254,0.3696
DIAMONDS FIVE DIAMONDS FOUR,0.5672,0.0304,0.4024
CLUBS NINE CLUBS TWO,0.6008,0.0262,0.373
DIAMONDS NINE DIAMONDS FOUR,0.5846,0.0264,0.389
DIAMONDS EIGHT DIAMONDS FOUR,0.5864,0.0252,0.3884
CLUBS TWO CLUBS THREE,0.5932,0.028,0.3788
DIAMONDS NINE DIAMONDS FIVE,0.5786,0.022,0.3994
DIAMONDS TWO CLUBS JACK,0.3994,0.0194,0.5812
DIAMONDS EIGHT DIAMONDS FIVE,0.5486,0.028,0.4234
DIAMONDS FIVE DIAMONDS SEVEN,0.5568,0.0272,0.416
DIAMONDS FIVE DIAMONDS SIX,0.6078,0.0758,0.3164
DIAMONDS TWO CLUBS ACE,0.3988,0.004,0.5972
DIAMONDS TWO CLUBS KING,0.4098,0.01,0.5802
DIAMONDS TWO CLUBS QUEEN,0.4018,0.0118,0.5864
DIAMONDS EIGHT DIAMONDS SIX,0.6156,0.0742,0.3102
DIAMONDS NINE DIAMONDS SIX,0.6334,0.0662,0.3004
HEARTS ACE SPADES THREE,0.3888,0.0052,0.606
HEARTS KING SPADES THREE,0.4104,0.0076,0.582
DIAMONDS SEVEN DIAMONDS SIX,0.6036,0.073,0.3234
SPADES THREE HEARTS QUEEN,0.4028,0.0108,0.5864
SPADES THREE HEARTS JACK,0.399,0.0184,0.5826
SPADES THREE HEARTS TEN,0.4072,0.3804,0.2124
DIAMONDS EIGHT DIAMONDS SEVEN,0.511,0.0242,0.4648
DIAMONDS NINE DIAMONDS SEVEN,0.5262,0.0254,0.4484
DIAMONDS NINE DIAMONDS EIGHT,0.52,0.0274,0.4526
DIAMONDS KING HEARTS TEN,0.2358,0.0338,0.7304
HEARTS THREE HEARTS TEN,0.3716,0.352,0.2764
CLUBS SIX SPADES JACK,0.2524,0.0648,0.6828
DIAMONDS KING HEARTS JACK,0.3204,0.0072,0.6724
HEARTS THREE HEARTS JACK,0.3828,0.0154,0.6018
CLUBS SIX SPADES TEN,0.0072,0.9876,0.0052
SPADES JACK SPADES FIVE,0.3854,0.0184,0.5962
SPADES TEN SPADES FIVE,0.3862,0.3662,0.2476
DIAMONDS KING HEARTS ACE,0.3398,0.0028,0.6574
HEARTS THREE HEARTS ACE,0.3672,0.0052,0.6276
SPADES ACE CLUBS SIX,0.2468,0.032,0.7212
DIAMONDS KING HEARTS QUEEN,0.3212,0.006,0.6728
HEARTS THREE HEARTS QUEEN,0.3812,0.0082,0.6106
SPADES KING CLUBS SIX,0.243,0.0362,0.7208
DIAMONDS KING HEARTS KING,0.1596,0.011,0.8294
HEARTS THREE HEARTS KING,0.3844,0.0094,0.6062
SPADES QUEEN CLUBS SIX,0.2468,0.0404,0.7128
SPADES NINE HEARTS TEN,0.2318,0.1588,0.6094
SPADES NINE HEARTS JACK,0.3366,0.0154,0.648
SPADES QUEEN SPADES FIVE,0.3884,0.0142,0.5974
SPADES KING SPADES FIVE,0.3826,0.0092,0.6082
SPADES ACE SPADES FIVE,0.3702,0.0034,0.6264
SPADES NINE HEARTS QUEEN,0.3482,0.0114,0.6404
SPADES NINE HEARTS KING,0.3646,0.0066,0.6288
SPADES NINE HEARTS ACE,0.3642,0.004,0.6318
SPADES FIVE HEARTS QUEEN,0.4102,0.0112,0.5786
SPADES FIVE HEARTS KING,0.421,0.0078,0.5712
SPADES FIVE HEARTS ACE,0.4014,0.005,0.5936
CLUBS EIGHT SPADES TEN,0.2192,0.2256,0.5552
HEARTS THREE SPADES JACK,0.3986,0.0184,0.583
SPADES JACK DIAMONDS KING,0.318,0.0056,0.6764
SPADES TEN DIAMONDS KING,0.2386,0.0328,0.7286
HEARTS THREE SPADES TEN,0.3958,0.389,0.2152
CLUBS EIGHT SPADES JACK,0.3456,0.0144,0.64
SPADES ACE CLUBS EIGHT,0.3598,0.0014,0.6388
HEARTS FIVE CLUBS JACK,0.3954,0.0192,0.5854
CLUBS SIX HEARTS ACE,0.2456,0.0254,0.729
CLUBS EIGHT SPADES QUEEN,0.3668,0.009,0.6242
CLUBS SIX HEARTS QUEEN,0.2522,0.044,0.7038
CLUBS EIGHT SPADES KING,0.3688,0.007,0.6242
SPADES THREE CLUBS JACK,0.4044,0.019,0.5766
CLUBS SIX HEARTS KING,0.2606,0.0378,0.7016
DIAMONDS TWO HEARTS JACK,0.4036,0.0154,0.581
SPADES THREE CLUBS QUEEN,0.409,0.0142,0.5768
DIAMONDS TWO HEARTS TEN,0.4094,0.3644,0.2262
SPADES THREE CLUBS KING,0.4054,0.0086,0.586
HEARTS FIVE CLUBS ACE,0.3926,0.0044,0.603
SPADES FIVE HEARTS TEN,0.396,0.3908,0.2132
SPADES THREE CLUBS ACE,0.3956,0.0042,0.6002
HEARTS FIVE CLUBS KING,0.4092,0.0068,0.584
SPADES FIVE HEARTS JACK,0.4028,0.0162,0.581
HEARTS FIVE CLUBS QUEEN,0.4054,0.0124,0.5822
HEARTS THREE CLUBS KING,0.4066,0.0088,0.5846
DIAMONDS KING CLUBS KING,0.1522,0.011,0.8368
HEARTS THREE CLUBS QUEEN,0.4052,0.0128,0.582
DIAMONDS KING CLUBS QUEEN,0.3206,0.0078,0.6716
HEARTS FIVE HEARTS JACK,0.3798,0.0156,0.6046
HEARTS FIVE HEARTS TEN,0.3822,0.3562,0.2616
HEARTS THREE CLUBS ACE,0.379,0.0046,0.6164
DIAMONDS KING CLUBS ACE,0.332,0.0052,0.6628
SPADES ACE CLUBS QUEEN,0.3224,0.006,0.6716
SPADES KING CLUBS QUEEN,0.3184,0.0076,0.674
HEARTS THREE CLUBS JACK,0.4098,0.0176,0.5726
DIAMONDS KING CLUBS JACK,0.3092,0.0064,0.6844
SPADES QUEEN CLUBS QUEEN,0.1378,0.016,0.8462
SPADES JACK CLUBS QUEEN,0.3118,0.0082,0.68
CLUBS SIX CLUBS QUEEN,0.2372,0.0474,0.7154
SPADES TEN CLUBS QUEEN,0.2328,0.0436,0.7236
CLUBS SIX CLUBS KING,0.2424,0.0376,0.72
CLUBS SIX CLUBS ACE,0.245,0.0248,0.7302
HEARTS FIVE HEARTS KING,0.3846,0.0058,0.6096
HEARTS FIVE HEARTS QUEEN,0.3696,0.009,0.6214
HEARTS FIVE HEARTS ACE,0.378,0.0038,0.6182
CLUBS SIX CLUBS JACK,0.2422,0.0546,0.7032
SPADES SEVEN HEARTS JACK,0.3676,0.0176,0.6148
SPADES SEVEN HEARTS TEN,0.2168,0.3014,0.4818
DIAMONDS TWO CLUBS TWO,0.41,0.0612,0.5288
DIAMONDS TWO CLUBS THREE,0.624,0.0282,0.3478
HEARTS SIX DIAMONDS TWO,0.6744,0.0854,0.2402
DIAMONDS TWO HEARTS QUEEN,0.409,0.0098,0.5812
DIAMONDS TWO HEARTS SEVEN,0.6322,0.028,0.3398
DIAMONDS TWO HEARTS KING,0.4154,0.0066,0.578
DIAMONDS TWO HEARTS EIGHT,0.6256,0.0268,0.3476
DIAMONDS TWO HEARTS ACE,0.3916,0.0044,0.604
DIAMONDS TWO HEARTS NINE,0.621,0.0246,0.3544
DIAMONDS TWO DIAMONDS QUEEN,0.38,0.0138,0.6062
DIAMONDS TWO HEARTS TWO,0.415,0.0574,0.5276
DIAMONDS TWO DIAMONDS KING,0.377,0.0082,0.6148
HEARTS THREE DIAMONDS TWO,0.6352,0.0302,0.3346
DIAMONDS TWO DIAMONDS ACE,0.3718,0.0032,0.625
HEARTS FOUR DIAMONDS TWO,0.6278,0.0286,0.3436
DIAMONDS TWO HEARTS FIVE,0.6304,0.0256,0.344
SPADES SEVEN HEARTS ACE,0.3658,0.003,0.6312
DIAMONDS TWO DIAMONDS TEN,0.3828,0.349,0.2682
SPADES SEVEN HEARTS KING,0.3608,0.0056,0.6336
DIAMONDS TWO DIAMONDS JACK,0.3818,0.0174,0.6008
SPADES SEVEN HEARTS QUEEN,0.3744,0.012,0.6136
DIAMONDS TWO SPADES NINE,0.6222,0.027,0.3508
DIAMONDS TWO SPADES EIGHT,0.6212,0.0268,0.352
DIAMONDS TWO SPADES SEVEN,0.6184,0.0286,0.353
DIAMONDS TWO SPADES FIVE,0.6256,0.0334,0.341
DIAMONDS TWO SPADES FOUR,0.6228,0.0352,0.342
DIAMONDS TWO SPADES THREE,0.6334,0.025,0.3416
DIAMONDS TWO SPADES TWO,0.4246,0.057,0.5184
CLUBS NINE DIAMONDS TWO,0.6304,0.0276,0.342
CLUBS EIGHT DIAMONDS TWO,0.6338,0.0286,0.3376
DIAMONDS TWO CLUBS SEVEN,0.654,0.0266,0.3194
CLUBS SIX DIAMONDS TWO,0.6936,0.0818,0.2246
DIAMONDS TWO CLUBS FIVE,0.6272,0.0294,0.3434
DIAMONDS TWO CLUBS FOUR,0.6426,0.0292,0.3282
CLUBS FOUR SPADES FIVE,0.6078,0.0294,0.3628
CLUBS FOUR SPADES FOUR,0.4054,0.0624,0.5322
CLUBS FOUR SPADES THREE,0.6224,0.0346,0.343
CLUBS FOUR SPADES TWO,0.6374,0.0292,0.3334
CLUBS FOUR SPADES NINE,0.6466,0.03,0.3234
CLUBS FOUR SPADES EIGHT,0.6242,0.0308,0.345
CLUBS FOUR SPADES SEVEN,0.6024,0.0326,0.365
SPADES ACE DIAMONDS SIX,0.2572,0.023,0.7198
SPADES QUEEN DIAMONDS SIX,0.2386,0.0508,0.7106
SPADES KING DIAMONDS SIX,0.2556,0.034,0.7104
SPADES TEN DIAMONDS SIX,0.0104,0.9698,0.0198
SPADES JACK DIAMONDS SIX,0.2588,0.0574,0.6838
SPADES QUEEN SPADES TWO,0.3898,0.0114,0.5988
SPADES KING SPADES TWO,0.3798,0.007,0.6132
SPADES ACE SPADES TWO,0.382,0.0056,0.6124
DIAMONDS JACK CLUBS JACK,0.145,0.0222,0.8328
DIAMONDS JACK CLUBS KING,0.3256,0.0068,0.6676
DIAMONDS JACK CLUBS QUEEN,0.3122,0.0084,0.6794
DIAMONDS THREE DIAMONDS JACK,0.369,0.0178,0.6132
DIAMONDS THREE DIAMONDS TEN,0.3658,0.3646,0.2696
DIAMONDS JACK CLUBS ACE,0.32,0.006,0.674
DIAMONDS THREE DIAMONDS KING,0.3978,0.0058,0.5964
HEARTS THREE DIAMONDS THREE,0.4044,0.0562,0.5394
DIAMONDS THREE DIAMONDS QUEEN,0.3888,0.0112,0.6
DIAMONDS THREE HEARTS TWO,0.6306,0.0294,0.34
HEARTS FIVE DIAMONDS THREE,0.6118,0.0276,0.3606
DIAMONDS THREE DIAMONDS ACE,0.37,0.004,0.626
HEARTS FOUR DIAMONDS THREE,0.6196,0.026,0.3544
DIAMONDS THREE HEARTS SEVEN,0.63,0.0264,0.3436
SPADES TEN SPADES NINE,0.2204,0.1666,0.613
HEARTS SIX DIAMONDS THREE,0.6604,0.0838,0.2558
SPADES JACK SPADES NINE,0.326,0.0146,0.6594
DIAMONDS THREE HEARTS NINE,0.628,0.0258,0.3462
HEARTS JACK DIAMONDS FOUR,0.401,0.0174,0.5816
HEARTS KING HEARTS ACE,0.3136,0.0066,0.6798
SPADES TEN SPADES TWO,0.3694,0.3628,0.2678
DIAMONDS THREE HEARTS EIGHT,0.6244,0.0248,0.3508
HEARTS TEN DIAMONDS FOUR,0.3796,0.3848,0.2356
SPADES JACK SPADES TWO,0.4024,0.0188,0.5788
HEARTS QUEEN DIAMONDS FOUR,0.4094,0.0114,0.5792
HEARTS KING DIAMONDS FOUR,0.4078,0.009,0.5832
SPADES ACE SPADES NINE,0.3462,0.006,0.6478
HEARTS ACE DIAMONDS FOUR,0.4022,0.003,0.5948
SPADES KING SPADES NINE,0.3432,0.0074,0.6494
SPADES QUEEN SPADES NINE,0.3326,0.0102,0.6572
DIAMONDS THREE SPADES NINE,0.6218,0.0276,0.3506
DIAMONDS THREE SPADES EIGHT,0.6324,0.026,0.3416
DIAMONDS THREE SPADES SEVEN,0.6106,0.0274,0.362
CLUBS SIX DIAMONDS THREE,0.6754,0.0816,0.243
CLUBS ACE DIAMONDS FOUR,0.3912,0.0042,0.6046
CLUBS SIX CLUBS FIVE,0.6076,0.0846,0.3078
CLUBS SEVEN CLUBS FIVE,0.571,0.0242,0.4048
CLUBS SEVEN DIAMONDS THREE,0.627,0.0296,0.3434
DIAMONDS THREE CLUBS FOUR,0.6094,0.031,0.3596
DIAMONDS FOUR CLUBS QUEEN,0.4128,0.0106,0.5766
DIAMONDS THREE CLUBS FIVE,0.6138,0.0278,0.3584
CLUBS KING DIAMONDS FOUR,0.3876,0.0066,0.6058
DIAMONDS THREE CLUBS TWO,0.637,0.026,0.337
DIAMONDS THREE CLUBS THREE,0.4116,0.0664,0.522
DIAMONDS FOUR CLUBS JACK,0.4024,0.0162,0.5814
DIAMONDS THREE SPADES FOUR,0.61,0.031,0.359
DIAMONDS THREE SPADES FIVE,0.6218,0.0324,0.3458
DIAMONDS THREE SPADES TWO,0.633,0.0276,0.3394
DIAMONDS THREE SPADES THREE,0.4138,0.0632,0.523
CLUBS EIGHT DIAMONDS THREE,0.6248,0.0292,0.346
CLUBS NINE DIAMONDS THREE,0.6258,0.026,0.3482
SPADES SEVEN CLUBS ACE,0.3622,0.0044,0.6334
SPADES SEVEN CLUBS QUEEN,0.3782,0.0092,0.6126
SPADES SEVEN CLUBS KING,0.3566,0.0074,0.636
CLUBS FIVE SPADES SEVEN,0.6102,0.0256,0.3642
SPADES SEVEN CLUBS JACK,0.3482,0.019,0.6328
SPADES NINE CLUBS FIVE,0.6112,0.0284,0.3604
CLUBS FIVE SPADES EIGHT,0.6106,0.0296,0.3598
CLUBS FIVE SPADES THREE,0.6206,0.028,0.3514
CLUBS FIVE SPADES TWO,0.6306,0.03,0.3394
CLUBS FIVE SPADES FIVE,0.4122,0.059,0.5288
CLUBS FIVE SPADES FOUR,0.5956,0.0312,0.3732
CLUBS NINE CLUBS FIVE,0.5972,0.0296,0.3732
CLUBS EIGHT CLUBS FIVE,0.5724,0.0248,0.4028
CLUBS ACE CLUBS QUEEN,0.2992,0.005,0.6958
CLUBS KING CLUBS QUEEN,0.3154,0.0072,0.6774
DIAMONDS TEN DIAMONDS FOUR,0.3802,0.363,0.2568
DIAMONDS JACK DIAMONDS FOUR,0.3828,0.0174,0.5998
DIAMONDS NINE CLUBS JACK,0.331,0.0154,0.6536
SPADES NINE CLUBS JACK,0.316,0.0156,0.6684
DIAMONDS ACE DIAMONDS FOUR,0.3776,0.0028,0.6196
HEARTS FOUR DIAMONDS FOUR,0.419,0.0552,0.5258
DIAMONDS JACK HEARTS TEN,0.2244,0.0564,0.7192
SPADES NINE CLUBS KING,0.3596,0.0084,0.632
DIAMONDS TWO SPADES TEN,0.4042,0.3778,0.218
DIAMONDS NINE CLUBS ACE,0.3614,0.0024,0.6362
HEARTS FIVE DIAMONDS FOUR,0.597,0.0308,0.3722
HEARTS JACK DIAMONDS JACK,0.1738,0.0236,0.8026
SPADES NINE CLUBS QUEEN,0.334,0.0132,0.6528
DIAMONDS TWO SPADES JACK,0.4112,0.0202,0.5686
DIAMONDS QUEEN DIAMONDS FOUR,0.3826,0.01,0.6074
HEARTS TWO DIAMONDS FOUR,0.6242,0.0284,0.3474
DIAMONDS NINE CLUBS QUEEN,0.3508,0.0114,0.6378
DIAMONDS KING DIAMONDS FOUR,0.3836,0.0064,0.61
HEARTS THREE DIAMONDS FOUR,0.614,0.0298,0.3562
SPADES NINE CLUBS ACE,0.3688,0.0036,0.6276
DIAMONDS NINE CLUBS KING,0.3498,0.008,0.6422
HEARTS ACE DIAMONDS JACK,0.3398,0.0028,0.6574
SPADES ACE DIAMONDS TWO,0.3934,0.005,0.6016
DIAMONDS JACK HEARTS QUEEN,0.3112,0.0092,0.6796
SPADES QUEEN DIAMONDS TWO,0.4066,0.0122,0.5812
HEARTS KING DIAMONDS JACK,0.3262,0.0054,0.6684
SPADES KING DIAMONDS TWO,0.4152,0.0086,0.5762
SPADES JACK SPADES SEVEN,0.3432,0.0198,0.637
SPADES TEN SPADES SEVEN,0.2202,0.2788,0.501
CLUBS SEVEN CLUBS THREE,0.5974,0.0266,0.376
CLUBS SIX CLUBS THREE,0.634,0.0838,0.2822
CLUBS FIVE CLUBS THREE,0.5958,0.0252,0.379
CLUBS FOUR CLUBS THREE,0.5932,0.0342,0.3726
CLUBS NINE CLUBS THREE,0.6032,0.0266,0.3702
CLUBS EIGHT CLUBS THREE,0.6034,0.0304,0.3662
CLUBS THREE SPADES FIVE,0.6096,0.03,0.3604
CLUBS THREE SPADES FOUR,0.6268,0.0328,0.3404
CLUBS THREE SPADES THREE,0.423,0.0592,0.5178
CLUBS THREE SPADES TWO,0.6436,0.0318,0.3246
SPADES SEVEN CLUBS THREE,0.624,0.031,0.345
SPADES EIGHT CLUBS THREE,0.631,0.0312,0.3378
SPADES NINE CLUBS THREE,0.6362,0.0222,0.3416
SPADES TWO DIAMONDS FOUR,0.6356,0.0286,0.3358
SPADES THREE DIAMONDS FOUR,0.6154,0.0332,0.3514
SPADES FOUR DIAMONDS FOUR,0.4018,0.0566,0.5416
SPADES FIVE DIAMONDS FOUR,0.6058,0.0306,0.3636
SPADES SEVEN DIAMONDS FOUR,0.5968,0.029,0.3742
SPADES EIGHT DIAMONDS FOUR,0.614,0.0278,0.3582
SPADES NINE DIAMONDS FOUR,0.6216,0.0308,0.3476
CLUBS FIVE DIAMONDS FOUR,0.6076,0.036,0.3564
CLUBS FOUR DIAMONDS FOUR,0.4058,0.062,0.5322
CLUBS SEVEN DIAMONDS FOUR,0.6144,0.0334,0.3522
CLUBS SIX DIAMONDS FOUR,0.6548,0.0838,0.2614
CLUBS NINE DIAMONDS FOUR,0.6328,0.0282,0.339
CLUBS EIGHT DIAMONDS FOUR,0.6196,0.0248,0.3556
DIAMONDS FOUR HEARTS SEVEN,0.6026,0.0298,0.3676
HEARTS SIX DIAMONDS FOUR,0.6408,0.0804,0.2788
HEARTS NINE DIAMONDS FOUR,0.62,0.0254,0.3546
DIAMONDS FOUR HEARTS EIGHT,0.6198,0.025,0.3552
CLUBS THREE DIAMONDS FOUR,0.6018,0.029,0.3692
CLUBS TWO DIAMONDS FOUR,0.622,0.0308,0.3472
DIAMONDS TEN DIAMONDS FIVE,0.3748,0.356,0.2692
DIAMONDS JACK DIAMONDS FIVE,0.3822,0.02,0.5978
DIAMONDS NINE HEARTS QUEEN,0.3458,0.01,0.6442
HEARTS KING DIAMONDS NINE,0.3676,0.0054,0.627
DIAMONDS NINE HEARTS ACE,0.3662,0.002,0.6318
DIAMONDS NINE HEARTS TEN,0.2312,0.1644,0.6044
DIAMONDS NINE HEARTS JACK,0.3312,0.0132,0.6556
CLUBS KING DIAMONDS SIX,0.2392,0.0408,0.72
CLUBS QUEEN DIAMONDS SIX,0.237,0.0456,0.7174
CLUBS ACE DIAMONDS SIX,0.2486,0.0276,0.7238
SPADES KING DIAMONDS FOUR,0.4036,0.0056,0.5908
SPADES ACE SPADES SEVEN,0.3346,0.0058,0.6596
SPADES QUEEN DIAMONDS FOUR,0.3996,0.0106,0.5898
SPADES QUEEN SPADES SEVEN,0.3526,0.0118,0.6356
CLUBS JACK DIAMONDS SIX,0.2544,0.0536,0.692
SPADES KING SPADES SEVEN,0.3436,0.0086,0.6478
SPADES ACE DIAMONDS FOUR,0.3854,0.0044,0.6102
CLUBS NINE CLUBS FOUR,0.6006,0.0238,0.3756
CLUBS EIGHT CLUBS FOUR,0.5856,0.0268,0.3876
SPADES JACK DIAMONDS FOUR,0.393,0.0192,0.5878
SPADES TEN DIAMONDS FOUR,0.407,0.379,0.214
CLUBS FOUR CLUBS FIVE,0.58,0.0252,0.3948
CLUBS SEVEN CLUBS FOUR,0.5798,0.021,0.3992
CLUBS SIX CLUBS FOUR,0.624,0.0714,0.3046
CLUBS SEVEN SPADES EIGHT,0.563,0.0268,0.4102
CLUBS SEVEN SPADES NINE,0.5602,0.0302,0.4096
CLUBS SEVEN SPADES SEVEN,0.2904,0.0498,0.6598
CLUBS SEVEN SPADES FIVE,0.6022,0.025,0.3728
CLUBS SEVEN SPADES FOUR,0.6168,0.027,0.3562
CLUBS SEVEN SPADES THREE,0.618,0.0304,0.3516
CLUBS SEVEN SPADES TWO,0.6428,0.0288,0.3284
CLUBS NINE CLUBS SEVEN,0.54,0.0278,0.4322
CLUBS EIGHT CLUBS SEVEN,0.5224,0.0232,0.4544
HEARTS SIX DIAMONDS FIVE,0.6464,0.085,0.2686
DIAMONDS FIVE HEARTS SEVEN,0.5876,0.0248,0.3876
DIAMONDS FIVE HEARTS EIGHT,0.5986,0.0276,0.3738
HEARTS NINE DIAMONDS FIVE,0.6216,0.0252,0.3532
DIAMONDS QUEEN DIAMONDS FIVE,0.3804,0.0098,0.6098
HEARTS TWO DIAMONDS FIVE,0.6258,0.0288,0.3454
HEARTS KING HEARTS EIGHT,0.3322,0.0048,0.663
DIAMONDS KING DIAMONDS FIVE,0.3646,0.008,0.6274
HEARTS THREE DIAMONDS FIVE,0.6084,0.026,0.3656
HEARTS QUEEN HEARTS EIGHT,0.3354,0.009,0.6556
DIAMONDS ACE DIAMONDS FIVE,0.3658,0.004,0.6302
HEARTS FOUR DIAMONDS FIVE,0.6006,0.029,0.3704
HEARTS FIVE DIAMONDS FIVE,0.398,0.055,0.547
HEARTS ACE HEARTS EIGHT,0.3444,0.004,0.6516
CLUBS FOUR DIAMONDS FIVE,0.5968,0.0302,0.373
CLUBS FIVE DIAMONDS FIVE,0.4184,0.0562,0.5254
CLUBS SIX DIAMONDS FIVE,0.6506,0.0854,0.264
CLUBS SEVEN DIAMONDS FIVE,0.606,0.0276,0.3664
CLUBS TWO DIAMONDS FIVE,0.629,0.0338,0.3372
CLUBS THREE DIAMONDS FIVE,0.6156,0.0276,0.3568
SPADES THREE DIAMONDS FIVE,0.6076,0.0308,0.3616
SPADES TWO DIAMONDS FIVE,0.6274,0.0226,0.35
SPADES JACK DIAMONDS EIGHT,0.3454,0.019,0.6356
SPADES FIVE DIAMONDS FIVE,0.4162,0.0532,0.5306
SPADES TEN DIAMONDS EIGHT,0.22,0.2296,0.5504
SPADES FOUR DIAMONDS FIVE,0.6124,0.0336,0.354
HEARTS JACK CLUBS JACK,0.1538,0.0236,0.8226
HEARTS JACK CLUBS QUEEN,0.3074,0.0116,0.681
CLUBS NINE DIAMONDS FIVE,0.6208,0.0286,0.3506
HEARTS JACK CLUBS KING,0.315,0.007,0.678
CLUBS EIGHT DIAMONDS FIVE,0.6038,0.0276,0.3686
HEARTS JACK CLUBS ACE,0.332,0.0034,0.6646
SPADES SEVEN DIAMONDS FIVE,0.5902,0.0306,0.3792
SPADES KING DIAMONDS EIGHT,0.3664,0.0084,0.6252
SPADES QUEEN DIAMONDS EIGHT,0.3506,0.0104,0.639
SPADES NINE DIAMONDS FIVE,0.6002,0.0276,0.3722
SPADES EIGHT DIAMONDS FIVE,0.6066,0.0274,0.366
SPADES ACE DIAMONDS EIGHT,0.3644,0.0046,0.631
DIAMONDS TEN DIAMONDS SIX,0.0234,0.9024,0.0742
HEARTS ACE DIAMONDS SEVEN,0.368,0.0026,0.6294
DIAMONDS JACK DIAMONDS SIX,0.2452,0.049,0.7058
HEARTS QUEEN DIAMONDS SEVEN,0.375,0.0094,0.6156
HEARTS KING DIAMONDS SEVEN,0.3708,0.0036,0.6256
DIAMONDS ACE DIAMONDS SIX,0.2352,0.023,0.7418
HEARTS FOUR DIAMONDS SIX,0.6506,0.0758,0.2736
HEARTS JACK SPADES TWO,0.4102,0.018,0.5718
HEARTS FIVE DIAMONDS SIX,0.6386,0.079,0.2824
SPADES TWO HEARTS TEN,0.405,0.3738,0.2212
DIAMONDS QUEEN DIAMONDS SIX,0.243,0.0424,0.7146
HEARTS TWO DIAMONDS SIX,0.6702,0.0834,0.2464
DIAMONDS KING DIAMONDS SIX,0.2362,0.0328,0.731
HEARTS THREE DIAMONDS SIX,0.6626,0.075,0.2624
HEARTS EIGHT DIAMONDS SIX,0.6522,0.0708,0.277
HEARTS NINE DIAMONDS SIX,0.6684,0.0766,0.255
HEARTS SIX DIAMONDS SIX,0.3,0.0532,0.6468
HEARTS SEVEN DIAMONDS SIX,0.6436,0.073,0.2834
HEARTS TEN DIAMONDS SEVEN,0.2288,0.292,0.4792
CLUBS TWO DIAMONDS SIX,0.6776,0.088,0.2344
HEARTS JACK DIAMONDS SEVEN,0.3562,0.0192,0.6246
CLUBS THREE DIAMONDS SIX,0.661,0.083,0.256
DIAMONDS EIGHT CLUBS JACK,0.347,0.017,0.636
CLUBS SEVEN DIAMONDS SIX,0.6562,0.0726,0.2712
CLUBS SIX DIAMONDS SIX,0.3034,0.0472,0.6494
CLUBS FIVE DIAMONDS SIX,0.6574,0.0794,0.2632
CLUBS FOUR DIAMONDS SIX,0.637,0.0796,0.2834
HEARTS ACE HEARTS JACK,0.303,0.004,0.693
DIAMONDS EIGHT CLUBS ACE,0.3536,0.002,0.6444
HEARTS JACK HEARTS QUEEN,0.2976,0.01,0.6924
DIAMONDS EIGHT CLUBS KING,0.3742,0.0068,0.619
CLUBS NINE DIAMONDS SIX,0.6828,0.0744,0.2428
HEARTS KING HEARTS JACK,0.305,0.005,0.69
DIAMONDS EIGHT CLUBS QUEEN,0.3492,0.0102,0.6406
CLUBS EIGHT DIAMONDS SIX,0.656,0.0794,0.2646
SPADES TEN HEARTS KING,0.2326,0.032,0.7354
SPADES FIVE DIAMONDS SIX,0.6578,0.0808,0.2614
HEARTS ACE SPADES TWO,0.4018,0.0054,0.5928
SPADES JACK HEARTS KING,0.3286,0.0062,0.6652
SPADES FOUR DIAMONDS SIX,0.6438,0.0832,0.273
SPADES THREE DIAMONDS SIX,0.6704,0.088,0.2416
SPADES TWO HEARTS QUEEN,0.4164,0.0134,0.5702
SPADES ACE SPADES KING,0.3138,0.007,0.6792
HEARTS KING SPADES TWO,0.4082,0.0082,0.5836
SPADES TWO DIAMONDS SIX,0.6766,0.0824,0.241
HEARTS TEN HEARTS EIGHT,0.213,0.2104,0.5766
SPADES NINE DIAMONDS SIX,0.6716,0.0814,0.247
HEARTS JACK HEARTS EIGHT,0.3316,0.0172,0.6512
SPADES EIGHT DIAMONDS SIX,0.662,0.0744,0.2636
SPADES SEVEN DIAMONDS SIX,0.6344,0.0768,0.2888
SPADES KING HEARTS KING,0.1444,0.0096,0.846
SPADES QUEEN HEARTS KING,0.3422,0.005,0.6528
CLUBS ACE CLUBS KING,0.3222,0.0042,0.6736
SPADES ACE HEARTS KING,0.3276,0.0036,0.6688
SPADES ACE HEARTS JACK,0.31,0.0042,0.6858
SPADES QUEEN HEARTS JACK,0.3176,0.0086,0.6738
SPADES KING HEARTS JACK,0.3166,0.0066,0.6768
SPADES TEN DIAMONDS TEN,0.0936,0.0476,0.8588
SPADES JACK DIAMONDS TEN,0.2186,0.0526,0.7288
SPADES ACE DIAMONDS TEN,0.2322,0.0272,0.7406
SPADES JACK HEARTS JACK,0.1622,0.0216,0.8162
SPADES TEN HEARTS JACK,0.2132,0.0536,0.7332
SPADES QUEEN DIAMONDS TEN,0.2374,0.046,0.7166
SPADES KING DIAMONDS TEN,0.238,0.0348,0.7272
SPADES NINE DIAMONDS SEVEN,0.561,0.0248,0.4142
SPADES EIGHT DIAMONDS SEVEN,0.5604,0.0274,0.4122
SPADES SEVEN DIAMONDS SEVEN,0.2834,0.055,0.6616
DIAMONDS KING DIAMONDS SEVEN,0.3454,0.0048,0.6498
HEARTS THREE DIAMONDS SEVEN,0.619,0.0316,0.3494
HEARTS KING DIAMONDS FIVE,0.398,0.0058,0.5962
DIAMONDS QUEEN DIAMONDS SEVEN,0.3534,0.011,0.6356
HEARTS TWO DIAMONDS SEVEN,0.621,0.028,0.351
HEARTS QUEEN DIAMONDS FIVE,0.4042,0.0112,0.5846
HEARTS FIVE DIAMONDS SEVEN,0.5976,0.0266,0.3758
DIAMONDS ACE DIAMONDS SEVEN,0.3458,0.0048,0.6494
HEARTS FOUR DIAMONDS SEVEN,0.6028,0.0272,0.37
HEARTS ACE DIAMONDS FIVE,0.4094,0.0032,0.5874
HEARTS SEVEN DIAMONDS SEVEN,0.2786,0.0508,0.6706
HEARTS SIX DIAMONDS SEVEN,0.6428,0.08,0.2772
HEARTS NINE DIAMONDS SEVEN,0.5728,0.023,0.4042
DIAMONDS SEVEN HEARTS EIGHT,0.5548,0.024,0.4212
DIAMONDS JACK DIAMONDS SEVEN,0.3312,0.0154,0.6534
HEARTS JACK DIAMONDS FIVE,0.404,0.0156,0.5804
DIAMONDS TEN DIAMONDS SEVEN,0.2284,0.2746,0.497
DIAMONDS FIVE HEARTS TEN,0.4006,0.3806,0.2188
SPADES KING CLUBS TWO,0.4126,0.009,0.5784
HEARTS KING CLUBS KING,0.1454,0.008,0.8466
CLUBS EIGHT DIAMONDS SEVEN,0.553,0.0262,0.4208
SPADES QUEEN CLUBS TWO,0.4092,0.0118,0.579
HEARTS KING CLUBS QUEEN,0.3108,0.0078,0.6814
CLUBS NINE DIAMONDS SEVEN,0.559,0.0252,0.4158
SPADES TWO CLUBS JACK,0.4122,0.0152,0.5726
SPADES ACE CLUBS TWO,0.4012,0.0058,0.593
HEARTS KING CLUBS ACE,0.3346,0.0056,0.6598
CLUBS SIX CLUBS SEVEN,0.6236,0.0718,0.3046
SPADES TWO CLUBS KING,0.406,0.008,0.586
SPADES TWO DIAMONDS SEVEN,0.6424,0.0294,0.3282
CLUBS EIGHT CLUBS SIX,0.6428,0.0668,0.2904
SPADES THREE DIAMONDS SEVEN,0.6218,0.0294,0.3488
SPADES TWO CLUBS QUEEN,0.4098,0.014,0.5762
CLUBS NINE CLUBS SIX,0.649,0.0764,0.2746
SPADES FOUR DIAMONDS SEVEN,0.611,0.0262,0.3628
HEARTS KING CLUBS JACK,0.3164,0.0064,0.6772
SPADES FIVE DIAMONDS SEVEN,0.5824,0.0286,0.389
SPADES TWO CLUBS ACE,0.4054,0.0056,0.589
CLUBS SIX SPADES TWO,0.6954,0.0804,0.2242
CLUBS SIX SPADES THREE,0.6938,0.0804,0.2258
CLUBS TWO DIAMONDS SEVEN,0.6342,0.0306,0.3352
CLUBS SIX SPADES FOUR,0.6678,0.0824,0.2498
CLUBS THREE DIAMONDS SEVEN,0.6238,0.0284,0.3478
CLUBS SIX SPADES FIVE,0.6494,0.0878,0.2628
CLUBS FOUR DIAMONDS SEVEN,0.6144,0.0254,0.3602
CLUBS FIVE DIAMONDS SEVEN,0.6052,0.0292,0.3656
CLUBS SIX SPADES SEVEN,0.6464,0.0772,0.2764
CLUBS SIX DIAMONDS SEVEN,0.635,0.071,0.294
CLUBS SIX SPADES EIGHT,0.6568,0.0772,0.266
SPADES JACK CLUBS TWO,0.4114,0.019,0.5696
CLUBS SIX SPADES NINE,0.6638,0.0832,0.253
SPADES TEN CLUBS TWO,0.4056,0.3756,0.2188
CLUBS SEVEN DIAMONDS SEVEN,0.2998,0.051,0.6492
CLUBS TWO CLUBS QUEEN,0.3896,0.0126,0.5978
CLUBS TWO CLUBS KING,0.3968,0.007,0.5962
CLUBS THREE DIAMONDS EIGHT,0.6138,0.0278,0.3584
CLUBS TWO CLUBS ACE,0.3812,0.004,0.6148
CLUBS TWO DIAMONDS EIGHT,0.6428,0.0236,0.3336
DIAMONDS EIGHT HEARTS SEVEN,0.5544,0.0282,0.4174
HEARTS SIX DIAMONDS EIGHT,0.6686,0.0692,0.2622
DIAMONDS EIGHT HEARTS NINE,0.5602,0.0226,0.4172
DIAMONDS EIGHT HEARTS EIGHT,0.2846,0.0428,0.6726
CLUBS TWO CLUBS JACK,0.385,0.018,0.597
CLUBS NINE DIAMONDS EIGHT,0.5414,0.0242,0.4344
CLUBS EIGHT DIAMONDS EIGHT,0.2872,0.0424,0.6704
CLUBS FIVE DIAMONDS EIGHT,0.6132,0.0216,0.3652
SPADES ACE SPADES THREE,0.379,0.0048,0.6162
CLUBS FOUR DIAMONDS EIGHT,0.6086,0.0296,0.3618
SPADES QUEEN SPADES THREE,0.3748,0.0124,0.6128
CLUBS SEVEN DIAMONDS EIGHT,0.5608,0.0236,0.4156
CLUBS SIX DIAMONDS EIGHT,0.6652,0.074,0.2608
SPADES KING SPADES THREE,0.3764,0.0062,0.6174
DIAMONDS QUEEN DIAMONDS EIGHT,0.3382,0.0094,0.6524
HEARTS TWO DIAMONDS EIGHT,0.6294,0.0262,0.3444
DIAMONDS KING DIAMONDS EIGHT,0.3478,0.0082,0.644
HEARTS THREE DIAMONDS EIGHT,0.637,0.0262,0.3368
DIAMONDS ACE DIAMONDS EIGHT,0.3604,0.0046,0.635
HEARTS FOUR DIAMONDS EIGHT,0.6196,0.026,0.3544
HEARTS FIVE DIAMONDS EIGHT,0.6048,0.0238,0.3714
DIAMONDS EIGHT DIAMONDS TEN,0.2154,0.2126,0.572
DIAMONDS EIGHT DIAMONDS JACK,0.334,0.0152,0.6508
SPADES JACK SPADES THREE,0.387,0.0202,0.5928
SPADES TEN SPADES THREE,0.3844,0.364,0.2516
CLUBS FOUR HEARTS ACE,0.3996,0.0046,0.5958
CLUBS FOUR HEARTS QUEEN,0.4076,0.0108,0.5816
CLUBS FOUR HEARTS KING,0.4094,0.0066,0.584
CLUBS SIX HEARTS TEN,0.0182,0.9728,0.009
CLUBS SIX HEARTS JACK,0.2528,0.061,0.6862
SPADES FOUR DIAMONDS EIGHT,0.6172,0.0232,0.3596
SPADES FIVE DIAMONDS EIGHT,0.6196,0.0262,0.3542
DIAMONDS EIGHT SPADES TWO,0.6244,0.0242,0.3514
DIAMONDS EIGHT SPADES THREE,0.6338,0.0284,0.3378
CLUBS FOUR HEARTS JACK,0.4088,0.0174,0.5738
SPADES EIGHT DIAMONDS EIGHT,0.2806,0.0474,0.672
SPADES TEN DIAMONDS QUEEN,0.229,0.0468,0.7242
SPADES TEN HEARTS TWO,0.4056,0.3704,0.224
SPADES JACK HEARTS EIGHT,0.3484,0.0184,0.6332
CLUBS FOUR HEARTS TEN,0.4052,0.3732,0.2216
SPADES NINE DIAMONDS EIGHT,0.5504,0.0222,0.4274
SPADES TEN HEARTS EIGHT,0.227,0.223,0.55
SPADES JACK HEARTS TWO,0.4046,0.0214,0.574
SPADES JACK DIAMONDS QUEEN,0.3104,0.0096,0.68
SPADES SEVEN DIAMONDS EIGHT,0.5636,0.0228,0.4136
SPADES ACE HEARTS TWO,0.3872,0.005,0.6078
SPADES ACE DIAMONDS QUEEN,0.3312,0.0056,0.6632
SPADES ACE HEARTS EIGHT,0.3502,0.0048,0.645
SPADES KING HEARTS EIGHT,0.3616,0.0068,0.6316
SPADES QUEEN HEARTS TWO,0.4046,0.0134,0.582
SPADES QUEEN DIAMONDS QUEEN,0.1552,0.0174,0.8274
SPADES KING DIAMONDS QUEEN,0.3222,0.0068,0.671
SPADES KING HEARTS TWO,0.403,0.0074,0.5896
SPADES QUEEN HEARTS EIGHT,0.352,0.0076,0.6404
CLUBS TWO HEARTS TEN,0.409,0.371,0.22
CLUBS TWO HEARTS JACK,0.417,0.016,0.567
SPADES SEVEN DIAMONDS NINE,0.5662,0.0256,0.4082
SPADES NINE DIAMONDS NINE,0.282,0.0382,0.6798
SPADES EIGHT DIAMONDS NINE,0.5534,0.0234,0.4232
SPADES TEN CLUBS KING,0.2234,0.037,0.7396
DIAMONDS NINE SPADES THREE,0.6338,0.0246,0.3416
SPADES JACK CLUBS KING,0.3188,0.0072,0.674
DIAMONDS NINE SPADES TWO,0.6312,0.0278,0.341
SPADES FIVE DIAMONDS NINE,0.619,0.0296,0.3514
DIAMONDS NINE SPADES FOUR,0.6302,0.0278,0.342
CLUBS NINE DIAMONDS NINE,0.2772,0.0438,0.679
CLUBS EIGHT DIAMONDS NINE,0.5584,0.0246,0.417
CLUBS SIX DIAMONDS NINE,0.675,0.0734,0.2516
SPADES JACK CLUBS FOUR,0.4018,0.02,0.5782
SPADES TEN CLUBS FOUR,0.4016,0.3774,0.221
CLUBS SEVEN DIAMONDS NINE,0.5624,0.0272,0.4104
CLUBS FOUR DIAMONDS NINE,0.63,0.0268,0.3432
CLUBS FIVE DIAMONDS NINE,0.6174,0.029,0.3536
CLUBS TWO DIAMONDS NINE,0.6344,0.0258,0.3398
CLUBS THREE DIAMONDS NINE,0.6358,0.0286,0.3356
DIAMONDS NINE HEARTS EIGHT,0.5462,0.0262,0.4276
DIAMONDS NINE HEARTS NINE,0.2698,0.0376,0.6926
HEARTS SIX DIAMONDS NINE,0.6646,0.08,0.2554
DIAMONDS NINE HEARTS SEVEN,0.5458,0.026,0.4282
CLUBS EIGHT CLUBS NINE,0.5228,0.0224,0.4548
DIAMONDS ACE DIAMONDS NINE,0.3486,0.0028,0.6486
HEARTS FOUR DIAMONDS NINE,0.6386,0.0252,0.3362
HEARTS FIVE DIAMONDS NINE,0.6246,0.0236,0.3518
CLUBS TWO HEARTS ACE,0.4096,0.0048,0.5856
SPADES ACE CLUBS FOUR,0.3984,0.0054,0.5962
DIAMONDS QUEEN DIAMONDS NINE,0.3312,0.0084,0.6604
HEARTS TWO DIAMONDS NINE,0.6302,0.0246,0.3452
CLUBS TWO HEARTS KING,0.4104,0.0086,0.581
SPADES KING CLUBS FOUR,0.3984,0.0066,0.595
DIAMONDS KING DIAMONDS NINE,0.3384,0.0056,0.656
HEARTS THREE DIAMONDS NINE,0.6212,0.0266,0.3522
CLUBS TWO HEARTS QUEEN,0.4014,0.0134,0.5852
SPADES QUEEN CLUBS FOUR,0.4026,0.0112,0.5862
DIAMONDS NINE DIAMONDS JACK,0.3288,0.0154,0.6558
CLUBS EIGHT SPADES NINE,0.5428,0.0258,0.4314
DIAMONDS NINE DIAMONDS TEN,0.2196,0.163,0.6174
CLUBS EIGHT SPADES EIGHT,0.2768,0.046,0.6772
CLUBS EIGHT SPADES SEVEN,0.5456,0.026,0.4284
CLUBS EIGHT SPADES FIVE,0.6064,0.0302,0.3634
CLUBS EIGHT SPADES FOUR,0.6246,0.0302,0.3452
CLUBS EIGHT SPADES THREE,0.6464,0.0316,0.322
CLUBS EIGHT SPADES TWO,0.632,0.0256,0.3424
HEARTS SIX DIAMONDS TEN,0.0218,0.956,0.0222
DIAMONDS TEN HEARTS SEVEN,0.2292,0.295,0.4758
DIAMONDS TEN HEARTS EIGHT,0.2232,0.2252,0.5516
CLUBS FOUR CLUBS JACK,0.3774,0.0184,0.6042
DIAMONDS TEN HEARTS NINE,0.2266,0.1656,0.6078
CLUBS FOUR CLUBS KING,0.3816,0.0056,0.6128
CLUBS FOUR CLUBS QUEEN,0.3828,0.0136,0.6036
CLUBS TWO DIAMONDS TEN,0.3996,0.3828,0.2176
CLUBS THREE DIAMONDS TEN,0.3978,0.3838,0.2184
CLUBS FOUR CLUBS ACE,0.3804,0.0054,0.6142
DIAMONDS JACK DIAMONDS TEN,0.2106,0.0534,0.736
DIAMONDS QUEEN DIAMONDS TEN,0.221,0.0498,0.7292
HEARTS TWO DIAMONDS TEN,0.3966,0.3798,0.2236
DIAMONDS KING DIAMONDS TEN,0.2246,0.0344,0.741
HEARTS THREE DIAMONDS TEN,0.4146,0.3662,0.2192
DIAMONDS ACE DIAMONDS TEN,0.2272,0.019,0.7538
HEARTS FOUR DIAMONDS TEN,0.4046,0.378,0.2174
CLUBS EIGHT HEARTS JACK,0.3636,0.0168,0.6196
HEARTS FIVE DIAMONDS TEN,0.3978,0.3744,0.2278
CLUBS EIGHT HEARTS TEN,0.2184,0.2186,0.563
CLUBS EIGHT HEARTS QUEEN,0.3546,0.0136,0.6318
CLUBS EIGHT HEARTS KING,0.3656,0.006,0.6284
CLUBS EIGHT HEARTS ACE,0.3614,0.003,0.6356
CLUBS NINE SPADES THREE,0.6308,0.0284,0.3408
CLUBS NINE SPADES TWO,0.656,0.0228,0.3212
CLUBS NINE SPADES FIVE,0.6132,0.0278,0.359
CLUBS NINE SPADES FOUR,0.646,0.0264,0.3276
CLUBS NINE SPADES SEVEN,0.5572,0.0264,0.4164
CLUBS NINE SPADES NINE,0.2684,0.0452,0.6864
CLUBS NINE SPADES EIGHT,0.543,0.0276,0.4294
CLUBS JACK HEARTS EIGHT,0.3442,0.0144,0.6414
CLUBS QUEEN HEARTS EIGHT,0.3564,0.0094,0.6342
CLUBS KING HEARTS EIGHT,0.363,0.0058,0.6312
CLUBS ACE HEARTS EIGHT,0.3638,0.0024,0.6338
SPADES KING CLUBS KING,0.1376,0.0128,0.8496
SPADES QUEEN CLUBS KING,0.309,0.007,0.684
SPADES ACE CLUBS KING,0.3234,0.0056,0.671
DIAMONDS ACE HEARTS TEN,0.2358,0.0256,0.7386
HEARTS FOUR HEARTS TEN,0.3734,0.366,0.2606
DIAMONDS ACE HEARTS JACK,0.326,0.0026,0.6714
HEARTS FOUR HEARTS JACK,0.3812,0.016,0.6028
SPADES KING CLUBS FIVE,0.4032,0.0084,0.5884
SPADES QUEEN CLUBS FIVE,0.3888,0.0108,0.6004
SPADES ACE CLUBS FIVE,0.3912,0.0062,0.6026
DIAMONDS JACK HEARTS SEVEN,0.3548,0.018,0.6272
HEARTS SIX DIAMONDS JACK,0.2596,0.0592,0.6812
DIAMONDS JACK HEARTS NINE,0.3472,0.0136,0.6392
DIAMONDS JACK HEARTS EIGHT,0.358,0.0146,0.6274
DIAMONDS KING DIAMONDS JACK,0.2964,0.0066,0.697
HEARTS THREE DIAMONDS JACK,0.4142,0.0164,0.5694
SPADES FOUR HEARTS ACE,0.4004,0.004,0.5956
DIAMONDS QUEEN DIAMONDS JACK,0.278,0.0086,0.7134
HEARTS TWO DIAMONDS JACK,0.4136,0.0152,0.5712
HEARTS FIVE DIAMONDS JACK,0.3928,0.0166,0.5906
SPADES FOUR HEARTS QUEEN,0.3962,0.0124,0.5914
DIAMONDS ACE DIAMONDS JACK,0.3126,0.0032,0.6842
HEARTS FOUR DIAMONDS JACK,0.3922,0.018,0.5898
HEARTS KING SPADES FOUR,0.3998,0.0066,0.5936
SPADES FOUR DIAMONDS JACK,0.4048,0.0158,0.5794
SPADES FIVE DIAMONDS JACK,0.4046,0.0158,0.5796
DIAMONDS JACK SPADES TWO,0.4084,0.017,0.5746
SPADES THREE DIAMONDS JACK,0.4292,0.0138,0.557
SPADES ACE DIAMONDS THREE,0.3992,0.0048,0.596
SPADES QUEEN DIAMONDS THREE,0.3948,0.0092,0.596
CLUBS EIGHT DIAMONDS JACK,0.3358,0.0156,0.6486
SPADES KING DIAMONDS THREE,0.4096,0.0076,0.5828
CLUBS NINE DIAMONDS JACK,0.339,0.0154,0.6456
CLUBS SIX DIAMONDS JACK,0.2536,0.056,0.6904
CLUBS SEVEN DIAMONDS JACK,0.3728,0.0146,0.6126
CLUBS FOUR DIAMONDS JACK,0.4124,0.0182,0.5694
CLUBS FIVE DIAMONDS JACK,0.4082,0.0146,0.5772
CLUBS TWO DIAMONDS JACK,0.4212,0.0154,0.5634
CLUBS THREE DIAMONDS JACK,0.4038,0.0142,0.582
SPADES TEN CLUBS FIVE,0.401,0.3802,0.2188
HEARTS SIX SPADES JACK,0.2508,0.059,0.6902
HEARTS SIX SPADES TEN,0.0106,0.972,0.0174
SPADES JACK CLUBS FIVE,0.3922,0.0194,0.5884
SPADES JACK DIAMONDS THREE,0.4058,0.016,0.5782
CLUBS SEVEN CLUBS ACE,0.348,0.004,0.648
DIAMONDS THREE SPADES TEN,0.4008,0.3766,0.2226
CLUBS SEVEN CLUBS QUEEN,0.353,0.0106,0.6364
CLUBS SEVEN CLUBS KING,0.3518,0.0076,0.6406
SPADES NINE DIAMONDS JACK,0.3434,0.0182,0.6384
DIAMONDS ACE HEARTS ACE,0.1388,0.002,0.8592
HEARTS FOUR HEARTS ACE,0.3872,0.004,0.6088
SPADES EIGHT DIAMONDS JACK,0.3478,0.0164,0.6358
SPADES ACE HEARTS SIX,0.2474,0.027,0.7256
CLUBS SEVEN CLUBS JACK,0.342,0.0176,0.6404
DIAMONDS ACE HEARTS KING,0.336,0.0036,0.6604
HEARTS FOUR HEARTS KING,0.3802,0.0072,0.6126
SPADES SEVEN DIAMONDS JACK,0.3544,0.0186,0.627
SPADES KING HEARTS SIX,0.2494,0.0364,0.7142
DIAMONDS ACE HEARTS QUEEN,0.3282,0.0036,0.6682
HEARTS FOUR HEARTS QUEEN,0.3872,0.012,0.6008
SPADES QUEEN HEARTS SIX,0.264,0.0504,0.6856
SPADES TWO DIAMONDS TEN,0.3942,0.3846,0.2212
SPADES THREE DIAMONDS TEN,0.4066,0.375,0.2184
SPADES FOUR DIAMONDS TEN,0.4012,0.3812,0.2176
SPADES FIVE DIAMONDS TEN,0.4078,0.3792,0.213
SPADES SEVEN DIAMONDS TEN,0.2124,0.2914,0.4962
SPADES EIGHT DIAMONDS TEN,0.2152,0.2168,0.568
SPADES NINE DIAMONDS TEN,0.2212,0.1722,0.6066
CLUBS FOUR DIAMONDS TEN,0.4022,0.3782,0.2196
CLUBS FIVE DIAMONDS TEN,0.4136,0.37,0.2164
CLUBS SIX DIAMONDS TEN,0.0182,0.9688,0.013
CLUBS SEVEN DIAMONDS TEN,0.2324,0.2966,0.471
CLUBS EIGHT DIAMONDS TEN,0.2154,0.236,0.5486
CLUBS NINE DIAMONDS TEN,0.2238,0.167,0.6092
DIAMONDS THREE CLUBS JACK,0.4116,0.017,0.5714
DIAMONDS THREE CLUBS KING,0.4128,0.0056,0.5816
DIAMONDS THREE CLUBS QUEEN,0.406,0.011,0.583
DIAMONDS THREE CLUBS ACE,0.3938,0.0032,0.603
SPADES FOUR HEARTS JACK,0.4088,0.0214,0.5698
SPADES FOUR HEARTS TEN,0.41,0.3702,0.2198
SPADES FIVE SPADES TWO,0.598,0.0276,0.3744
SPADES FOUR SPADES TWO,0.592,0.0262,0.3818
SPADES THREE SPADES TWO,0.6086,0.0292,0.3622
SPADES NINE SPADES TWO,0.5982,0.0208,0.381
SPADES EIGHT SPADES TWO,0.5884,0.0258,0.3858
SPADES SEVEN SPADES TWO,0.6008,0.0286,0.3706
DIAMONDS QUEEN CLUBS THREE,0.4302,0.01,0.5598
HEARTS TWO CLUBS THREE,0.6328,0.0328,0.3344
DIAMONDS QUEEN CLUBS TWO,0.4182,0.011,0.5708
CLUBS TWO HEARTS TWO,0.4192,0.0566,0.5242
DIAMONDS QUEEN HEARTS SEVEN,0.3752,0.0102,0.6146
HEARTS TWO HEARTS SEVEN,0.5892,0.0326,0.3782
HEARTS SIX DIAMONDS QUEEN,0.2532,0.0456,0.7012
HEARTS SIX HEARTS TWO,0.634,0.0764,0.2896
DIAMONDS QUEEN HEARTS NINE,0.3476,0.011,0.6414
HEARTS TWO HEARTS NINE,0.5916,0.0254,0.383
DIAMONDS QUEEN HEARTS EIGHT,0.3632,0.0098,0.627
HEARTS TWO HEARTS EIGHT,0.59,0.0248,0.3852
CLUBS NINE HEARTS TWO,0.637,0.0246,0.3384
CLUBS NINE DIAMONDS QUEEN,0.3502,0.009,0.6408
CLUBS EIGHT HEARTS TWO,0.6212,0.0304,0.3484
CLUBS EIGHT DIAMONDS QUEEN,0.3774,0.0134,0.6092
CLUBS FIVE DIAMONDS QUEEN,0.3972,0.0126,0.5902
CLUBS FIVE HEARTS TWO,0.6296,0.029,0.3414
SPADES EIGHT HEARTS ACE,0.3552,0.0044,0.6404
CLUBS FOUR DIAMONDS QUEEN,0.4078,0.0108,0.5814
CLUBS FOUR HEARTS TWO,0.6326,0.03,0.3374
SPADES EIGHT HEARTS QUEEN,0.3644,0.008,0.6276
CLUBS SEVEN HEARTS TWO,0.6354,0.0254,0.3392
CLUBS SEVEN DIAMONDS QUEEN,0.367,0.0096,0.6234
CLUBS SIX DIAMONDS QUEEN,0.2532,0.043,0.7038
CLUBS SIX HEARTS TWO,0.6806,0.0838,0.2356
SPADES EIGHT HEARTS KING,0.3694,0.0076,0.623
HEARTS FOUR CLUBS QUEEN,0.3974,0.0112,0.5914
DIAMONDS ACE CLUBS QUEEN,0.3234,0.0036,0.673
DIAMONDS QUEEN SPADES SEVEN,0.3718,0.0098,0.6184
HEARTS TWO SPADES SEVEN,0.6382,0.0272,0.3346
HEARTS FOUR CLUBS KING,0.4068,0.007,0.5862
DIAMONDS ACE CLUBS KING,0.3336,0.0038,0.6626
DIAMONDS QUEEN SPADES EIGHT,0.3592,0.011,0.6298
SPADES EIGHT HEARTS TWO,0.6138,0.0292,0.357
HEARTS FOUR CLUBS ACE,0.392,0.0028,0.6052
DIAMONDS ACE CLUBS ACE,0.138,0.004,0.858
SPADES NINE DIAMONDS QUEEN,0.3628,0.01,0.6272
SPADES NINE HEARTS TWO,0.629,0.0224,0.3486
HEARTS TWO SPADES TWO,0.4178,0.062,0.5202
DIAMONDS QUEEN SPADES TWO,0.4214,0.011,0.5676
HEARTS TWO SPADES THREE,0.6328,0.027,0.3402
DIAMONDS QUEEN SPADES THREE,0.4138,0.0112,0.575
HEARTS TWO SPADES FOUR,0.6356,0.0288,0.3356
DIAMONDS QUEEN SPADES FOUR,0.4132,0.012,0.5748
HEARTS TWO SPADES FIVE,0.6318,0.0312,0.337
DIAMONDS QUEEN SPADES FIVE,0.4092,0.012,0.5788
HEARTS FOUR CLUBS JACK,0.3896,0.0174,0.593
DIAMONDS ACE CLUBS JACK,0.3266,0.0022,0.6712
CLUBS FIVE CLUBS KING,0.392,0.0066,0.6014
CLUBS FIVE CLUBS QUEEN,0.3762,0.0108,0.613
CLUBS FIVE CLUBS ACE,0.374,0.0034,0.6226
CLUBS FIVE CLUBS JACK,0.385,0.0158,0.5992
SPADES KING CLUBS JACK,0.3184,0.0068,0.6748
SPADES QUEEN CLUBS JACK,0.306,0.013,0.681
SPADES ACE CLUBS JACK,0.321,0.0044,0.6746
SPADES EIGHT HEARTS JACK,0.3506,0.013,0.6364
SPADES EIGHT HEARTS TEN,0.2306,0.2134,0.556
SPADES TEN CLUBS JACK,0.21,0.053,0.737
SPADES JACK CLUBS JACK,0.143,0.0206,0.8364
SPADES QUEEN CLUBS SEVEN,0.3756,0.012,0.6124
SPADES KING CLUBS SEVEN,0.3782,0.0082,0.6136
SPADES ACE CLUBS SEVEN,0.3598,0.004,0.6362
SPADES JACK CLUBS SEVEN,0.3546,0.0164,0.629
CLUBS SEVEN SPADES TEN,0.2198,0.3,0.4802
HEARTS SIX CLUBS JACK,0.247,0.064,0.689
CLUBS ACE CLUBS JACK,0.3014,0.0058,0.6928
HEARTS SIX CLUBS QUEEN,0.2494,0.0464,0.7042
HEARTS SIX CLUBS KING,0.2582,0.0312,0.7106
HEARTS SIX CLUBS ACE,0.2564,0.0236,0.72
CLUBS QUEEN CLUBS JACK,0.2986,0.006,0.6954
CLUBS KING CLUBS JACK,0.3024,0.0074,0.6902
DIAMONDS THREE HEARTS ACE,0.3954,0.0032,0.6014
DIAMONDS THREE HEARTS QUEEN,0.4124,0.0086,0.579
DIAMONDS THREE HEARTS KING,0.4136,0.0064,0.58
CLUBS FIVE HEARTS JACK,0.4134,0.019,0.5676
SPADES TEN DIAMONDS ACE,0.2274,0.0272,0.7454
HEARTS FOUR SPADES TEN,0.4,0.3904,0.2096
CLUBS FIVE HEARTS TEN,0.4046,0.3732,0.2222
HEARTS FOUR SPADES JACK,0.3948,0.0184,0.5868
SPADES JACK DIAMONDS ACE,0.3212,0.0052,0.6736
SPADES ACE HEARTS FOUR,0.3966,0.005,0.5984
SPADES ACE DIAMONDS ACE,0.1388,0.004,0.8572
CLUBS FIVE HEARTS ACE,0.3978,0.0042,0.598
CLUBS FIVE HEARTS KING,0.4076,0.0082,0.5842
HEARTS FOUR SPADES QUEEN,0.3972,0.0108,0.592
SPADES QUEEN DIAMONDS ACE,0.331,0.0022,0.6668
SPADES FOUR CLUBS JACK,0.4064,0.0176,0.576
CLUBS FIVE HEARTS QUEEN,0.4062,0.0122,0.5816
SPADES KING DIAMONDS ACE,0.3352,0.0034,0.6614
HEARTS FOUR SPADES KING,0.3978,0.007,0.5952
DIAMONDS QUEEN DIAMONDS ACE,0.306,0.0056,0.6884
HEARTS TWO DIAMONDS ACE,0.4078,0.0052,0.587
HEARTS FOUR DIAMONDS QUEEN,0.4072,0.012,0.5808
HEARTS FOUR HEARTS TWO,0.5802,0.027,0.3928
DIAMONDS THREE HEARTS TEN,0.409,0.3742,0.2168
SPADES FOUR CLUBS KING,0.4098,0.0098,0.5804
HEARTS FIVE DIAMONDS QUEEN,0.3902,0.0098,0.6
HEARTS FIVE HEARTS TWO,0.5972,0.0248,0.378
DIAMONDS THREE HEARTS JACK,0.4018,0.0154,0.5828
SPADES FOUR CLUBS QUEEN,0.396,0.0132,0.5908
DIAMONDS QUEEN HEARTS TWO,0.4168,0.013,0.5702
DIAMONDS KING DIAMONDS QUEEN,0.3034,0.0054,0.6912
DIAMONDS KING HEARTS TWO,0.404,0.007,0.589
HEARTS THREE DIAMONDS QUEEN,0.413,0.009,0.578
HEARTS THREE HEARTS TWO,0.5956,0.0236,0.3808
SPADES FOUR CLUBS ACE,0.4042,0.0062,0.5896
HEARTS TWO CLUBS ACE,0.4022,0.0058,0.592
DIAMONDS QUEEN CLUBS ACE,0.3308,0.0036,0.6656
HEARTS TWO CLUBS QUEEN,0.3994,0.0142,0.5864
DIAMONDS QUEEN CLUBS QUEEN,0.1566,0.015,0.8284
HEARTS TWO CLUBS KING,0.4024,0.0076,0.59
DIAMONDS QUEEN CLUBS KING,0.3194,0.0064,0.6742
SPADES EIGHT SPADES FIVE,0.5792,0.0268,0.394
SPADES NINE SPADES FIVE,0.5736,0.0242,0.4022
HEARTS TWO CLUBS JACK,0.3984,0.0178,0.5838
DIAMONDS QUEEN CLUBS JACK,0.3088,0.0088,0.6824
SPADES SEVEN SPADES FIVE,0.5638,0.0278,0.4084
DIAMONDS FIVE CLUBS QUEEN,0.3934,0.0124,0.5942
SPADES EIGHT CLUBS ACE,0.3532,0.005,0.6418
DIAMONDS FIVE CLUBS KING,0.4072,0.0084,0.5844
SPADES EIGHT CLUBS KING,0.3564,0.0064,0.6372
CLUBS ACE DIAMONDS FIVE,0.396,0.003,0.601
SPADES EIGHT CLUBS QUEEN,0.3546,0.01,0.6354
SPADES EIGHT CLUBS JACK,0.343,0.014,0.643
DIAMONDS FIVE CLUBS JACK,0.3902,0.0158,0.594
HEARTS JACK DIAMONDS TEN,0.2294,0.0552,0.7154
DIAMONDS TEN HEARTS TEN,0.1136,0.048,0.8384
SPADES ACE CLUBS NINE,0.3674,0.005,0.6276
CLUBS NINE SPADES QUEEN,0.3506,0.01,0.6394
SPADES KING CLUBS NINE,0.361,0.0056,0.6334
HEARTS SIX HEARTS KING,0.2474,0.0298,0.7228
DIAMONDS KING SPADES SEVEN,0.3592,0.005,0.6358
HEARTS THREE SPADES SEVEN,0.6092,0.0314,0.3594
SPADES KING DIAMONDS SEVEN,0.3652,0.0066,0.6282
HEARTS SIX HEARTS QUEEN,0.243,0.039,0.718
SPADES QUEEN DIAMONDS SEVEN,0.3716,0.011,0.6174
DIAMONDS KING SPADES NINE,0.365,0.0066,0.6284
HEARTS THREE SPADES NINE,0.6192,0.0248,0.356
HEARTS SIX HEARTS ACE,0.2334,0.0214,0.7452
DIAMONDS KING SPADES EIGHT,0.369,0.0058,0.6252
HEARTS THREE SPADES EIGHT,0.628,0.0282,0.3438
SPADES ACE DIAMONDS SEVEN,0.3746,0.0036,0.6218
CLUBS NINE HEARTS THREE,0.6348,0.0262,0.339
CLUBS NINE DIAMONDS KING,0.3622,0.0066,0.6312
CLUBS EIGHT HEARTS THREE,0.6348,0.0242,0.341
CLUBS EIGHT DIAMONDS KING,0.375,0.0078,0.6172
HEARTS THREE SPADES THREE,0.4202,0.0628,0.517
DIAMONDS KING SPADES THREE,0.4146,0.0052,0.5802
HEARTS THREE SPADES TWO,0.6258,0.0314,0.3428
DIAMONDS KING SPADES TWO,0.4158,0.0068,0.5774
