opposingHand,winningChance,drawChance,lostChance
CLUBS NINE HEARTS NINE
HEARTS FIVE SPADES TEN,0.688,0.0394,0.2726
SPADES JACK HEARTS FIVE,0.6784,0.032,0.2896
CLUBS JACK SPADES FIVE,0.6806,0.0262,0.2932
CLUBS TEN SPADES FIVE,0.6824,0.038,0.2796
CLUBS JACK CLUBS EIGHT,0.6548,0.0274,0.3178
CLUBS TEN CLUBS EIGHT,0.6444,0.0368,0.3188
CLUBS EIGHT CLUBS KING,0.6476,0.009,0.3434
SPADES FIVE CLUBS ACE,0.6384,0.0058,0.3558
CLUBS EIGHT CLUBS QUEEN,0.6416,0.0136,0.3448
SPADES FIVE CLUBS KING,0.6544,0.0102,0.3354
SPADES FIVE CLUBS QUEEN,0.6804,0.0164,0.3032
CLUBS EIGHT CLUBS ACE,0.639,0.0038,0.3572
DIAMONDS TWO DIAMONDS THREE,0.7286,0.0796,0.1918
DIAMONDS TWO DIAMONDS FIVE,0.717,0.0786,0.2044
SPADES KING HEARTS FIVE,0.6902,0.0092,0.3006
DIAMONDS TWO DIAMONDS FOUR,0.7354,0.0848,0.1798
SPADES QUEEN HEARTS FIVE,0.6884,0.0172,0.2944
DIAMONDS TWO DIAMONDS SEVEN,0.7674,0.0596,0.173
DIAMONDS TWO DIAMONDS SIX,0.7442,0.0704,0.1854
SPADES ACE HEARTS FIVE,0.664,0.004,0.332
DIAMONDS TWO DIAMONDS NINE,0.8022,0.0686,0.1292
DIAMONDS TWO DIAMONDS EIGHT,0.7714,0.0568,0.1718
DIAMONDS THREE DIAMONDS FOUR,0.7178,0.078,0.2042
CLUBS TWO SPADES FOUR,0.7638,0.0924,0.1438
DIAMONDS THREE DIAMONDS FIVE,0.7078,0.0794,0.2128
SPADES FIVE CLUBS TWO,0.7724,0.0776,0.15
CLUBS TWO SPADES TWO,0.6512,0.1644,0.1844
CLUBS TWO SPADES THREE,0.7654,0.0848,0.1498
DIAMONDS THREE DIAMONDS EIGHT,0.7622,0.0606,0.1772
SPADES EIGHT CLUBS TWO,0.8128,0.0656,0.1216
DIAMONDS THREE DIAMONDS NINE,0.8036,0.062,0.1344
SPADES NINE CLUBS TWO,0.8554,0.0728,0.0718
DIAMONDS THREE DIAMONDS SIX,0.7314,0.0724,0.1962
SPADES SIX CLUBS TWO,0.7962,0.0772,0.1266
DIAMONDS THREE DIAMONDS SEVEN,0.7348,0.0684,0.1968
SPADES SEVEN CLUBS TWO,0.8132,0.0638,0.123
CLUBS SIX CLUBS TWO,0.745,0.0776,0.1774
CLUBS SEVEN CLUBS TWO,0.7748,0.0676,0.1576
CLUBS FOUR CLUBS TWO,0.7424,0.081,0.1766
CLUBS FIVE CLUBS TWO,0.736,0.0802,0.1838
CLUBS TEN CLUBS JACK,0.5142,0.0222,0.4636
DIAMONDS FOUR DIAMONDS SIX,0.71,0.0786,0.2114
CLUBS TEN CLUBS QUEEN,0.5184,0.0158,0.4658
DIAMONDS FOUR DIAMONDS SEVEN,0.7286,0.0704,0.201
CLUBS TEN CLUBS KING,0.5176,0.0084,0.474
CLUBS TEN CLUBS ACE,0.5242,0.0062,0.4696
CLUBS EIGHT CLUBS TWO,0.7776,0.0534,0.169
DIAMONDS FIVE DIAMONDS FOUR,0.6936,0.0758,0.2306
DIAMONDS NINE DIAMONDS FOUR,0.7976,0.066,0.1364
DIAMONDS EIGHT DIAMONDS FOUR,0.745,0.056,0.199
CLUBS THREE CLUBS TWO,0.7404,0.0868,0.1728
DIAMONDS NINE DIAMONDS FIVE,0.7812,0.0624,0.1564
CLUBS JACK DIAMONDS TWO,0.6818,0.0292,0.289
DIAMONDS EIGHT DIAMONDS FIVE,0.7392,0.0584,0.2024
CLUBS TEN DIAMONDS TWO,0.6904,0.042,0.2676
DIAMONDS FIVE DIAMONDS SEVEN,0.7106,0.071,0.2184
DIAMONDS FIVE DIAMONDS SIX,0.7184,0.0708,0.2108
DIAMONDS TWO CLUBS ACE,0.6494,0.0046,0.346
DIAMONDS TWO CLUBS KING,0.6822,0.0102,0.3076
DIAMONDS TWO CLUBS QUEEN,0.667,0.0198,0.3132
DIAMONDS EIGHT DIAMONDS SIX,0.7436,0.058,0.1984
DIAMONDS NINE DIAMONDS SIX,0.777,0.0644,0.1586
HEARTS ACE SPADES THREE,0.6472,0.0062,0.3466
SPADES THREE HEARTS KING,0.6786,0.012,0.3094
DIAMONDS SEVEN DIAMONDS SIX,0.7182,0.0658,0.216
HEARTS QUEEN SPADES THREE,0.6782,0.0194,0.3024
SPADES THREE HEARTS JACK,0.6864,0.0302,0.2834
SPADES THREE HEARTS TEN,0.6862,0.0426,0.2712
DIAMONDS EIGHT DIAMONDS SEVEN,0.7284,0.058,0.2136
DIAMONDS NINE DIAMONDS SEVEN,0.758,0.0662,0.1758
DIAMONDS NINE DIAMONDS EIGHT,0.7476,0.0584,0.194
DIAMONDS KING HEARTS TEN,0.5522,0.0086,0.4392
HEARTS THREE HEARTS TEN,0.6628,0.0436,0.2936
SPADES JACK CLUBS SIX,0.6888,0.03,0.2812
DIAMONDS KING HEARTS JACK,0.5522,0.007,0.4408
HEARTS THREE HEARTS JACK,0.6636,0.0314,0.305
SPADES TEN CLUBS SIX,0.6874,0.0398,0.2728
SPADES JACK SPADES FIVE,0.642,0.0278,0.3302
SPADES TEN SPADES FIVE,0.635,0.039,0.326
DIAMONDS KING HEARTS ACE,0.532,0.0046,0.4634
HEARTS THREE HEARTS ACE,0.622,0.0054,0.3726
SPADES ACE CLUBS SIX,0.679,0.0024,0.3186
DIAMONDS KING HEARTS QUEEN,0.5292,0.0056,0.4652
HEARTS THREE HEARTS QUEEN,0.6538,0.018,0.3282
SPADES KING CLUBS SIX,0.6758,0.0086,0.3156
DIAMONDS KING HEARTS KING,0.1918,0.0332,0.775
HEARTS THREE HEARTS KING,0.6444,0.0106,0.345
SPADES QUEEN CLUBS SIX,0.6898,0.0146,0.2956
SPADES NINE HEARTS TEN,0.6378,0.0424,0.3198
SPADES NINE HEARTS JACK,0.6448,0.0352,0.32
SPADES QUEEN SPADES FIVE,0.6502,0.0184,0.3314
SPADES KING SPADES FIVE,0.6358,0.0102,0.354
SPADES ACE SPADES FIVE,0.6266,0.0028,0.3706
SPADES NINE HEARTS QUEEN,0.6658,0.0298,0.3044
SPADES NINE HEARTS KING,0.6552,0.0246,0.3202
SPADES NINE HEARTS ACE,0.6566,0.026,0.3174
CLUBS TEN SPADES JACK,0.5352,0.0206,0.4442
CLUBS TEN SPADES TEN,0.1806,0.1236,0.6958
SPADES ACE CLUBS TEN,0.5404,0.004,0.4556
CLUBS TEN SPADES KING,0.5412,0.0074,0.4514
CLUBS TEN SPADES QUEEN,0.5398,0.0108,0.4494
SPADES FIVE HEARTS QUEEN,0.6776,0.0188,0.3036
SPADES FIVE HEARTS KING,0.668,0.0108,0.3212
HEARTS ACE SPADES FIVE,0.6476,0.0046,0.3478
CLUBS EIGHT SPADES TEN,0.6654,0.044,0.2906
HEARTS THREE SPADES JACK,0.7,0.0288,0.2712
SPADES JACK DIAMONDS KING,0.5414,0.0064,0.4522
SPADES TEN DIAMONDS KING,0.5356,0.006,0.4584
HEARTS THREE SPADES TEN,0.7042,0.0362,0.2596
SPADES JACK CLUBS EIGHT,0.6954,0.0274,0.2772
CLUBS SIX HEARTS ACE,0.6726,0.0054,0.322
SPADES ACE CLUBS EIGHT,0.6638,0.0034,0.3328
CLUBS JACK HEARTS FIVE,0.6948,0.0306,0.2746
CLUBS TEN HEARTS FIVE,0.6854,0.0414,0.2732
CLUBS SIX HEARTS QUEEN,0.6714,0.0198,0.3088
SPADES QUEEN CLUBS EIGHT,0.6902,0.0168,0.293
CLUBS TEN SPADES THREE,0.6798,0.0438,0.2764
CLUBS SIX HEARTS KING,0.6782,0.0112,0.3106
SPADES KING CLUBS EIGHT,0.6746,0.009,0.3164
CLUBS JACK SPADES THREE,0.6896,0.0264,0.284
DIAMONDS TWO HEARTS JACK,0.689,0.0312,0.2798
SPADES THREE CLUBS QUEEN,0.6902,0.018,0.2918
DIAMONDS TWO HEARTS TEN,0.6966,0.0378,0.2656
SPADES THREE CLUBS KING,0.673,0.0094,0.3176
HEARTS FIVE CLUBS ACE,0.6516,0.0052,0.3432
SPADES FIVE HEARTS TEN,0.6872,0.0394,0.2734
SPADES THREE CLUBS ACE,0.6756,0.003,0.3214
HEARTS FIVE CLUBS KING,0.6804,0.0088,0.3108
SPADES FIVE HEARTS JACK,0.6906,0.0286,0.2808
HEARTS FIVE CLUBS QUEEN,0.6728,0.019,0.3082
HEARTS THREE CLUBS KING,0.684,0.011,0.305
DIAMONDS KING CLUBS KING,0.1898,0.0376,0.7726
HEARTS THREE CLUBS QUEEN,0.6984,0.0198,0.2818
DIAMONDS KING CLUBS QUEEN,0.5494,0.0042,0.4464
HEARTS FIVE HEARTS JACK,0.661,0.0298,0.3092
HEARTS FIVE HEARTS TEN,0.662,0.034,0.304
HEARTS THREE CLUBS ACE,0.661,0.0046,0.3344
DIAMONDS KING CLUBS ACE,0.5288,0.0028,0.4684
SPADES ACE CLUBS QUEEN,0.532,0.0038,0.4642
SPADES KING CLUBS QUEEN,0.5248,0.0072,0.468
CLUBS JACK HEARTS THREE,0.6992,0.0262,0.2746
CLUBS JACK DIAMONDS KING,0.5532,0.0058,0.441
SPADES QUEEN CLUBS QUEEN,0.193,0.0666,0.7404
CLUBS TEN HEARTS THREE,0.6942,0.0416,0.2642
CLUBS TEN DIAMONDS KING,0.5564,0.0092,0.4344
SPADES JACK CLUBS QUEEN,0.543,0.0122,0.4448
CLUBS SIX CLUBS QUEEN,0.6424,0.0182,0.3394
SPADES TEN CLUBS QUEEN,0.5372,0.013,0.4498
CLUBS SIX CLUBS KING,0.6528,0.0106,0.3366
CLUBS SIX CLUBS ACE,0.64,0.0054,0.3546
HEARTS FIVE HEARTS KING,0.6544,0.0106,0.335
HEARTS FIVE HEARTS QUEEN,0.6402,0.0176,0.3422
CLUBS TEN CLUBS SIX,0.654,0.0366,0.3094
HEARTS FIVE HEARTS ACE,0.6152,0.0054,0.3794
CLUBS JACK CLUBS SIX,0.6568,0.0282,0.315
SPADES SEVEN HEARTS JACK,0.665,0.028,0.307
SPADES SEVEN HEARTS TEN,0.679,0.0464,0.2746
DIAMONDS TWO CLUBS TWO,0.661,0.156,0.183
DIAMONDS TWO CLUBS THREE,0.78,0.079,0.141
HEARTS SIX DIAMONDS TWO,0.7936,0.0772,0.1292
DIAMONDS TWO HEARTS QUEEN,0.6808,0.0168,0.3024
DIAMONDS TWO HEARTS SEVEN,0.8086,0.07,0.1214
DIAMONDS TWO HEARTS KING,0.6842,0.0086,0.3072
DIAMONDS TWO HEARTS EIGHT,0.8146,0.0578,0.1276
DIAMONDS TWO HEARTS ACE,0.6606,0.0058,0.3336
DIAMONDS TWO DIAMONDS QUEEN,0.6478,0.0218,0.3304
DIAMONDS TWO HEARTS TWO,0.6576,0.1544,0.188
DIAMONDS TWO DIAMONDS KING,0.639,0.0104,0.3506
HEARTS THREE DIAMONDS TWO,0.7624,0.0844,0.1532
DIAMONDS TWO DIAMONDS ACE,0.6248,0.0044,0.3708
HEARTS FOUR DIAMONDS TWO,0.7768,0.076,0.1472
DIAMONDS TWO HEARTS FIVE,0.7816,0.0776,0.1408
SPADES SEVEN HEARTS ACE,0.6572,0.0048,0.338
DIAMONDS TWO DIAMONDS TEN,0.6542,0.0326,0.3132
SPADES SEVEN HEARTS KING,0.6794,0.0104,0.3102
DIAMONDS TWO DIAMONDS JACK,0.6488,0.0236,0.3276
SPADES SEVEN HEARTS QUEEN,0.6922,0.0184,0.2894
DIAMONDS TWO SPADES NINE,0.8518,0.0706,0.0776
DIAMONDS TWO SPADES EIGHT,0.8002,0.058,0.1418
DIAMONDS TWO SPADES SEVEN,0.7958,0.0708,0.1334
DIAMONDS TWO SPADES SIX,0.7846,0.0746,0.1408
DIAMONDS TWO SPADES FIVE,0.7672,0.0754,0.1574
DIAMONDS TWO SPADES FOUR,0.7606,0.0834,0.156
DIAMONDS TWO SPADES THREE,0.7624,0.0904,0.1472
DIAMONDS TWO SPADES TWO,0.657,0.1498,0.1932
DIAMONDS TWO CLUBS EIGHT,0.8074,0.06,0.1326
CLUBS SEVEN DIAMONDS TWO,0.8072,0.0674,0.1254
DIAMONDS TWO CLUBS SIX,0.7908,0.0812,0.128
DIAMONDS TWO CLUBS FIVE,0.766,0.084,0.15
DIAMONDS TWO CLUBS FOUR,0.763,0.097,0.14
CLUBS FOUR SPADES FIVE,0.7368,0.0838,0.1794
CLUBS FOUR SPADES FOUR,0.6592,0.1562,0.1846
CLUBS FOUR SPADES THREE,0.7496,0.0902,0.1602
CLUBS FOUR SPADES TWO,0.7666,0.0828,0.1506
SPADES NINE CLUBS FOUR,0.8518,0.0762,0.072
SPADES EIGHT CLUBS FOUR,0.79,0.0584,0.1516
SPADES SEVEN CLUBS FOUR,0.7754,0.0688,0.1558
CLUBS FOUR SPADES SIX,0.7454,0.0834,0.1712
SPADES ACE DIAMONDS SIX,0.672,0.0022,0.3258
SPADES QUEEN DIAMONDS SIX,0.678,0.0154,0.3066
SPADES KING DIAMONDS SIX,0.6768,0.0072,0.316
SPADES TEN DIAMONDS SIX,0.6876,0.0376,0.2748
SPADES JACK DIAMONDS SIX,0.6876,0.0294,0.283
SPADES QUEEN SPADES TWO,0.6646,0.0156,0.3198
SPADES KING SPADES TWO,0.6484,0.0084,0.3432
SPADES ACE SPADES TWO,0.62,0.0034,0.3766
CLUBS JACK DIAMONDS JACK,0.18,0.103,0.717
CLUBS TEN DIAMONDS JACK,0.535,0.0222,0.4428
DIAMONDS JACK CLUBS KING,0.5374,0.006,0.4566
DIAMONDS JACK CLUBS QUEEN,0.5334,0.0126,0.454
DIAMONDS THREE DIAMONDS JACK,0.6462,0.0268,0.327
DIAMONDS THREE DIAMONDS TEN,0.6468,0.0372,0.316
DIAMONDS JACK CLUBS ACE,0.5388,0.0048,0.4564
DIAMONDS THREE DIAMONDS KING,0.6276,0.0102,0.3622
HEARTS THREE DIAMONDS THREE,0.6618,0.1576,0.1806
DIAMONDS THREE DIAMONDS QUEEN,0.6522,0.0166,0.3312
DIAMONDS THREE HEARTS TWO,0.7776,0.0844,0.138
HEARTS FIVE DIAMONDS THREE,0.7376,0.0914,0.171
DIAMONDS THREE DIAMONDS ACE,0.6098,0.004,0.3862
HEARTS FOUR DIAMONDS THREE,0.7536,0.0872,0.1592
DIAMONDS THREE HEARTS SEVEN,0.7832,0.0708,0.146
SPADES TEN SPADES NINE,0.5864,0.0388,0.3748
HEARTS SIX DIAMONDS THREE,0.7748,0.0804,0.1448
SPADES JACK SPADES NINE,0.6052,0.0304,0.3644
HEARTS JACK DIAMONDS FOUR,0.6864,0.0262,0.2874
HEARTS ACE HEARTS KING,0.5102,0.0044,0.4854
SPADES TEN SPADES TWO,0.6548,0.039,0.3062
DIAMONDS THREE HEARTS EIGHT,0.8034,0.0598,0.1368
HEARTS TEN DIAMONDS FOUR,0.6724,0.0408,0.2868
SPADES JACK SPADES TWO,0.6506,0.0306,0.3188
HEARTS QUEEN DIAMONDS FOUR,0.6766,0.018,0.3054
HEARTS KING DIAMONDS FOUR,0.6762,0.0068,0.317
SPADES ACE SPADES NINE,0.6302,0.0226,0.3472
HEARTS ACE DIAMONDS FOUR,0.6556,0.005,0.3394
SPADES KING SPADES NINE,0.6278,0.019,0.3532
SPADES QUEEN SPADES NINE,0.6314,0.0268,0.3418
DIAMONDS THREE SPADES NINE,0.8462,0.0676,0.0862
DIAMONDS THREE SPADES EIGHT,0.7982,0.0688,0.133
DIAMONDS THREE SPADES SEVEN,0.7826,0.0728,0.1446
DIAMONDS THREE SPADES SIX,0.7606,0.0816,0.1578
DIAMONDS THREE CLUBS SIX,0.7726,0.0776,0.1498
CLUBS FIVE CLUBS SIX,0.7258,0.0744,0.1998
CLUBS ACE DIAMONDS FOUR,0.6522,0.0042,0.3436
CLUBS SEVEN DIAMONDS THREE,0.7948,0.0664,0.1388
CLUBS SEVEN CLUBS FIVE,0.7282,0.0654,0.2064
DIAMONDS THREE CLUBS FOUR,0.7568,0.0822,0.161
DIAMONDS FOUR CLUBS QUEEN,0.6888,0.0176,0.2936
DIAMONDS THREE CLUBS FIVE,0.7528,0.0822,0.165
DIAMONDS FOUR CLUBS KING,0.673,0.0086,0.3184
DIAMONDS THREE CLUBS TWO,0.7682,0.091,0.1408
CLUBS TEN DIAMONDS FOUR,0.6946,0.0386,0.2668
DIAMONDS THREE CLUBS THREE,0.6648,0.1536,0.1816
CLUBS JACK DIAMONDS FOUR,0.6878,0.0276,0.2846
DIAMONDS THREE SPADES FOUR,0.7578,0.0846,0.1576
DIAMONDS THREE SPADES FIVE,0.7452,0.0844,0.1704
DIAMONDS THREE SPADES TWO,0.7618,0.0772,0.161
DIAMONDS THREE SPADES THREE,0.6414,0.1594,0.1992
CLUBS EIGHT DIAMONDS THREE,0.8074,0.0596,0.133
SPADES SEVEN CLUBS ACE,0.6648,0.0028,0.3324
SPADES SEVEN CLUBS QUEEN,0.6868,0.0206,0.2926
SPADES SEVEN CLUBS KING,0.6808,0.0084,0.3108
CLUBS FIVE SPADES SEVEN,0.76,0.072,0.168
CLUBS TEN SPADES SEVEN,0.6722,0.0376,0.2902
CLUBS FIVE SPADES SIX,0.7518,0.0768,0.1714
CLUBS JACK SPADES SEVEN,0.6798,0.0276,0.2926
CLUBS FIVE SPADES NINE,0.8466,0.0666,0.0868
CLUBS FIVE SPADES EIGHT,0.7848,0.0626,0.1526
CLUBS FIVE SPADES THREE,0.7482,0.0802,0.1716
CLUBS FIVE SPADES TWO,0.7648,0.088,0.1472
CLUBS FIVE SPADES FIVE,0.6526,0.1574,0.19
CLUBS FIVE SPADES FOUR,0.7376,0.082,0.1804
CLUBS EIGHT CLUBS FIVE,0.7468,0.0606,0.1926
CLUBS ACE CLUBS QUEEN,0.5162,0.0052,0.4786
CLUBS KING CLUBS QUEEN,0.518,0.0054,0.4766
DIAMONDS TEN DIAMONDS FOUR,0.6544,0.0362,0.3094
CLUBS TEN DIAMONDS NINE,0.6272,0.0418,0.331
DIAMONDS JACK DIAMONDS FOUR,0.6538,0.0292,0.317
CLUBS JACK DIAMONDS NINE,0.6484,0.0336,0.318
CLUBS JACK SPADES NINE,0.6516,0.0316,0.3168
CLUBS TEN SPADES NINE,0.6374,0.0382,0.3244
DIAMONDS ACE DIAMONDS FOUR,0.6212,0.0038,0.375
HEARTS FOUR DIAMONDS FOUR,0.6622,0.1508,0.187
DIAMONDS JACK HEARTS TEN,0.534,0.021,0.445
SPADES NINE CLUBS KING,0.6696,0.0206,0.3098
DIAMONDS TWO SPADES TEN,0.6966,0.0442,0.2592
DIAMONDS NINE CLUBS ACE,0.6686,0.0216,0.3098
HEARTS FIVE DIAMONDS FOUR,0.7388,0.0736,0.1876
DIAMONDS JACK HEARTS JACK,0.179,0.1024,0.7186
SPADES NINE CLUBS QUEEN,0.6456,0.0278,0.3266
DIAMONDS TWO SPADES JACK,0.6926,0.0268,0.2806
DIAMONDS QUEEN DIAMONDS FOUR,0.6522,0.0136,0.3342
HEARTS TWO DIAMONDS FOUR,0.7742,0.0844,0.1414
DIAMONDS NINE CLUBS QUEEN,0.6622,0.0282,0.3096
DIAMONDS KING DIAMONDS FOUR,0.6454,0.0094,0.3452
HEARTS THREE DIAMONDS FOUR,0.7634,0.0834,0.1532
SPADES NINE CLUBS ACE,0.6798,0.0212,0.299
DIAMONDS NINE CLUBS KING,0.6848,0.0202,0.295
HEARTS ACE DIAMONDS JACK,0.539,0.0028,0.4582
SPADES ACE DIAMONDS TWO,0.6712,0.0036,0.3252
HEARTS QUEEN DIAMONDS JACK,0.5326,0.012,0.4554
SPADES QUEEN DIAMONDS TWO,0.6946,0.0136,0.2918
DIAMONDS JACK HEARTS KING,0.551,0.0056,0.4434
SPADES KING DIAMONDS TWO,0.6834,0.0096,0.307
SPADES JACK SPADES SEVEN,0.6416,0.027,0.3314
SPADES TEN SPADES SEVEN,0.6418,0.0422,0.316
CLUBS SEVEN CLUBS THREE,0.7572,0.0642,0.1786
CLUBS SIX CLUBS THREE,0.7388,0.076,0.1852
CLUBS FIVE CLUBS THREE,0.7126,0.0812,0.2062
CLUBS THREE CLUBS FOUR,0.7174,0.0802,0.2024
CLUBS EIGHT CLUBS THREE,0.7742,0.0542,0.1716
CLUBS THREE SPADES FIVE,0.7524,0.08,0.1676
CLUBS THREE SPADES FOUR,0.7518,0.0918,0.1564
CLUBS THREE SPADES THREE,0.6702,0.145,0.1848
CLUBS THREE SPADES TWO,0.7774,0.088,0.1346
CLUBS THREE SPADES SIX,0.763,0.0752,0.1618
CLUBS THREE SPADES SEVEN,0.7922,0.0652,0.1426
SPADES EIGHT CLUBS THREE,0.804,0.0606,0.1354
SPADES NINE CLUBS THREE,0.8592,0.069,0.0718
SPADES TWO DIAMONDS FOUR,0.7728,0.0818,0.1454
SPADES THREE DIAMONDS FOUR,0.7508,0.0836,0.1656
SPADES FOUR DIAMONDS FOUR,0.6642,0.1456,0.1902
SPADES FIVE DIAMONDS FOUR,0.7398,0.0754,0.1848
SPADES SIX DIAMONDS FOUR,0.7474,0.0784,0.1742
SPADES SEVEN DIAMONDS FOUR,0.7654,0.0744,0.1602
SPADES EIGHT DIAMONDS FOUR,0.7828,0.0658,0.1514
SPADES NINE DIAMONDS FOUR,0.8482,0.0698,0.082
CLUBS FIVE DIAMONDS FOUR,0.7348,0.0838,0.1814
CLUBS FOUR DIAMONDS FOUR,0.6626,0.149,0.1884
CLUBS SEVEN DIAMONDS FOUR,0.7856,0.065,0.1494
CLUBS SIX DIAMONDS FOUR,0.7494,0.0738,0.1768
CLUBS EIGHT DIAMONDS FOUR,0.7996,0.058,0.1424
DIAMONDS FOUR HEARTS SEVEN,0.7964,0.0654,0.1382
HEARTS SIX DIAMONDS FOUR,0.7514,0.0732,0.1754
DIAMONDS FOUR HEARTS EIGHT,0.7964,0.0594,0.1442
CLUBS THREE DIAMONDS FOUR,0.7604,0.0814,0.1582
CLUBS TWO DIAMONDS FOUR,0.7652,0.0886,0.1462
DIAMONDS TEN DIAMONDS FIVE,0.6462,0.0374,0.3164
DIAMONDS JACK DIAMONDS FIVE,0.6512,0.027,0.3218
DIAMONDS NINE HEARTS QUEEN,0.6644,0.0284,0.3072
DIAMONDS NINE HEARTS KING,0.6902,0.0218,0.288
HEARTS ACE DIAMONDS NINE,0.6656,0.0242,0.3102
DIAMONDS NINE HEARTS TEN,0.6212,0.0394,0.3394
DIAMONDS NINE HEARTS JACK,0.6438,0.0282,0.328
CLUBS KING DIAMONDS SIX,0.6636,0.0078,0.3286
CLUBS QUEEN DIAMONDS SIX,0.6702,0.0186,0.3112
CLUBS ACE DIAMONDS SIX,0.662,0.004,0.334
SPADES KING DIAMONDS FOUR,0.6764,0.0108,0.3128
SPADES ACE SPADES SEVEN,0.6388,0.0034,0.3578
SPADES QUEEN DIAMONDS FOUR,0.6824,0.0176,0.3
SPADES QUEEN SPADES SEVEN,0.6444,0.0184,0.3372
CLUBS JACK DIAMONDS SIX,0.682,0.0292,0.2888
SPADES KING SPADES SEVEN,0.6454,0.0096,0.345
SPADES ACE DIAMONDS FOUR,0.6598,0.0034,0.3368
CLUBS TEN DIAMONDS SIX,0.677,0.0368,0.2862
CLUBS EIGHT CLUBS FOUR,0.7544,0.0632,0.1824
SPADES JACK DIAMONDS FOUR,0.6856,0.0286,0.2858
SPADES TEN DIAMONDS FOUR,0.6804,0.0424,0.2772
CLUBS FIVE CLUBS FOUR,0.7018,0.0788,0.2194
CLUBS SEVEN CLUBS FOUR,0.748,0.0688,0.1832
CLUBS SIX CLUBS FOUR,0.7196,0.0718,0.2086
CLUBS SEVEN SPADES EIGHT,0.7808,0.0606,0.1586
CLUBS SEVEN SPADES NINE,0.8064,0.0656,0.128
CLUBS SEVEN SPADES SIX,0.766,0.072,0.162
CLUBS SEVEN SPADES SEVEN,0.6672,0.1522,0.1806
CLUBS SEVEN SPADES FIVE,0.7674,0.0734,0.1592
CLUBS SEVEN SPADES FOUR,0.7698,0.0726,0.1576
CLUBS SEVEN SPADES THREE,0.787,0.0686,0.1444
CLUBS SEVEN SPADES TWO,0.8102,0.0742,0.1156
CLUBS SEVEN CLUBS EIGHT,0.7462,0.0614,0.1924
HEARTS SIX DIAMONDS FIVE,0.7434,0.0766,0.18
DIAMONDS FIVE HEARTS SEVEN,0.767,0.0692,0.1638
DIAMONDS FIVE HEARTS EIGHT,0.7818,0.06,0.1582
DIAMONDS QUEEN DIAMONDS FIVE,0.6422,0.0156,0.3422
HEARTS TWO DIAMONDS FIVE,0.7666,0.0794,0.154
HEARTS KING HEARTS EIGHT,0.6598,0.009,0.3312
DIAMONDS KING DIAMONDS FIVE,0.6418,0.0106,0.3476
HEARTS THREE DIAMONDS FIVE,0.758,0.0752,0.1668
HEARTS QUEEN HEARTS EIGHT,0.6466,0.0204,0.333
DIAMONDS ACE DIAMONDS FIVE,0.6248,0.0046,0.3706
HEARTS FOUR DIAMONDS FIVE,0.7446,0.0812,0.1742
HEARTS FIVE DIAMONDS FIVE,0.666,0.15,0.184
HEARTS ACE HEARTS EIGHT,0.6238,0.0052,0.371
CLUBS FOUR DIAMONDS FIVE,0.7418,0.0824,0.1758
CLUBS FIVE DIAMONDS FIVE,0.6672,0.1448,0.188
CLUBS SIX DIAMONDS FIVE,0.758,0.0782,0.1638
CLUBS SEVEN DIAMONDS FIVE,0.7734,0.0616,0.165
CLUBS TWO DIAMONDS FIVE,0.7768,0.0758,0.1474
CLUBS THREE DIAMONDS FIVE,0.7482,0.09,0.1618
SPADES THREE DIAMONDS FIVE,0.7492,0.0722,0.1786
SPADES TWO DIAMONDS FIVE,0.765,0.0792,0.1558
SPADES JACK DIAMONDS EIGHT,0.6752,0.0288,0.296
SPADES FIVE DIAMONDS FIVE,0.6568,0.145,0.1982
CLUBS TEN HEARTS JACK,0.5244,0.027,0.4486
SPADES TEN DIAMONDS EIGHT,0.6848,0.037,0.2782
SPADES FOUR DIAMONDS FIVE,0.7288,0.0802,0.191
CLUBS JACK HEARTS JACK,0.1874,0.0966,0.716
HEARTS JACK CLUBS QUEEN,0.5382,0.0108,0.451
HEARTS JACK CLUBS KING,0.5414,0.0078,0.4508
CLUBS EIGHT DIAMONDS FIVE,0.7852,0.0602,0.1546
CLUBS ACE HEARTS JACK,0.5428,0.0036,0.4536
SPADES SEVEN DIAMONDS FIVE,0.7582,0.068,0.1738
SPADES KING DIAMONDS EIGHT,0.6744,0.0104,0.3152
SPADES QUEEN DIAMONDS EIGHT,0.6844,0.0204,0.2952
SPADES SIX DIAMONDS FIVE,0.753,0.074,0.173
SPADES NINE DIAMONDS FIVE,0.8342,0.0618,0.104
SPADES EIGHT DIAMONDS FIVE,0.79,0.0566,0.1534
SPADES ACE DIAMONDS EIGHT,0.6588,0.0028,0.3384
DIAMONDS TEN DIAMONDS SIX,0.6464,0.0364,0.3172
HEARTS ACE DIAMONDS SEVEN,0.6624,0.0028,0.3348
DIAMONDS JACK DIAMONDS SIX,0.65,0.0248,0.3252
HEARTS QUEEN DIAMONDS SEVEN,0.6784,0.0172,0.3044
HEARTS KING DIAMONDS SEVEN,0.6688,0.0076,0.3236
DIAMONDS ACE DIAMONDS SIX,0.6256,0.0032,0.3712
HEARTS FOUR DIAMONDS SIX,0.7458,0.077,0.1772
SPADES TWO HEARTS JACK,0.6856,0.0348,0.2796
HEARTS FIVE DIAMONDS SIX,0.7372,0.083,0.1798
SPADES TWO HEARTS TEN,0.6896,0.0414,0.269
DIAMONDS QUEEN DIAMONDS SIX,0.642,0.0138,0.3442
HEARTS TWO DIAMONDS SIX,0.785,0.078,0.137
DIAMONDS KING DIAMONDS SIX,0.6416,0.0088,0.3496
HEARTS THREE DIAMONDS SIX,0.7618,0.0774,0.1608
HEARTS EIGHT DIAMONDS SIX,0.7826,0.0608,0.1566
HEARTS SIX DIAMONDS SIX,0.6632,0.152,0.1848
HEARTS SEVEN DIAMONDS SIX,0.7624,0.0722,0.1654
HEARTS TEN DIAMONDS SEVEN,0.6758,0.0388,0.2854
CLUBS TWO DIAMONDS SIX,0.7934,0.0778,0.1288
HEARTS JACK DIAMONDS SEVEN,0.6696,0.0272,0.3032
CLUBS THREE DIAMONDS SIX,0.7802,0.0768,0.143
CLUBS SEVEN DIAMONDS SIX,0.7718,0.0652,0.163
CLUBS JACK DIAMONDS EIGHT,0.6886,0.0232,0.2882
CLUBS SIX DIAMONDS SIX,0.6626,0.1528,0.1846
CLUBS TEN DIAMONDS EIGHT,0.6568,0.0408,0.3024
CLUBS FIVE DIAMONDS SIX,0.7452,0.0772,0.1776
CLUBS FOUR DIAMONDS SIX,0.7602,0.076,0.1638
HEARTS ACE HEARTS JACK,0.511,0.004,0.485
DIAMONDS EIGHT CLUBS ACE,0.667,0.0032,0.3298
HEARTS QUEEN HEARTS JACK,0.515,0.0112,0.4738
DIAMONDS EIGHT CLUBS KING,0.6826,0.0118,0.3056
HEARTS KING HEARTS JACK,0.523,0.007,0.47
DIAMONDS EIGHT CLUBS QUEEN,0.6674,0.0172,0.3154
CLUBS EIGHT DIAMONDS SIX,0.7844,0.0586,0.157
SPADES TEN HEARTS KING,0.5384,0.0076,0.454
SPADES FIVE DIAMONDS SIX,0.7434,0.0746,0.182
HEARTS ACE SPADES TWO,0.6518,0.0042,0.344
SPADES JACK HEARTS KING,0.5334,0.0072,0.4594
SPADES FOUR DIAMONDS SIX,0.752,0.0714,0.1766
SPADES THREE DIAMONDS SIX,0.7724,0.0742,0.1534
HEARTS QUEEN SPADES TWO,0.6848,0.0202,0.295
SPADES ACE SPADES KING,0.5076,0.0062,0.4862
HEARTS KING SPADES TWO,0.6792,0.0096,0.3112
SPADES TWO DIAMONDS SIX,0.783,0.0726,0.1444
HEARTS TEN HEARTS EIGHT,0.6376,0.0342,0.3282
SPADES NINE DIAMONDS SIX,0.8216,0.065,0.1134
HEARTS JACK HEARTS EIGHT,0.6474,0.03,0.3226
SPADES EIGHT DIAMONDS SIX,0.7844,0.0572,0.1584
SPADES SEVEN DIAMONDS SIX,0.7674,0.066,0.1666
SPADES SIX DIAMONDS SIX,0.6518,0.1518,0.1964
SPADES KING HEARTS KING,0.185,0.04,0.775
SPADES QUEEN HEARTS KING,0.5428,0.005,0.4522
CLUBS ACE CLUBS KING,0.5046,0.006,0.4894
SPADES ACE HEARTS KING,0.5278,0.003,0.4692
SPADES ACE HEARTS JACK,0.532,0.004,0.464
SPADES QUEEN HEARTS JACK,0.55,0.0128,0.4372
SPADES KING HEARTS JACK,0.5486,0.0058,0.4456
SPADES TEN DIAMONDS TEN,0.1804,0.1394,0.6802
SPADES JACK DIAMONDS TEN,0.5498,0.0204,0.4298
SPADES ACE DIAMONDS TEN,0.5446,0.0026,0.4528
SPADES JACK HEARTS JACK,0.1818,0.1054,0.7128
SPADES TEN HEARTS JACK,0.5416,0.0198,0.4386
SPADES QUEEN DIAMONDS TEN,0.547,0.0102,0.4428
SPADES KING DIAMONDS TEN,0.5402,0.0074,0.4524
SPADES NINE DIAMONDS SEVEN,0.8024,0.064,0.1336
SPADES EIGHT DIAMONDS SEVEN,0.7704,0.06,0.1696
SPADES SEVEN DIAMONDS SEVEN,0.6662,0.1518,0.182
SPADES SIX DIAMONDS SEVEN,0.758,0.0678,0.1742
DIAMONDS KING DIAMONDS SEVEN,0.6384,0.0088,0.3528
HEARTS THREE DIAMONDS SEVEN,0.7796,0.0764,0.144
HEARTS KING DIAMONDS FIVE,0.6568,0.01,0.3332
DIAMONDS QUEEN DIAMONDS SEVEN,0.65,0.016,0.334
HEARTS TWO DIAMONDS SEVEN,0.8166,0.0654,0.118
HEARTS QUEEN DIAMONDS FIVE,0.6702,0.0144,0.3154
HEARTS FIVE DIAMONDS SEVEN,0.7602,0.0716,0.1682
DIAMONDS ACE DIAMONDS SEVEN,0.6252,0.0038,0.371
HEARTS FOUR DIAMONDS SEVEN,0.7796,0.0672,0.1532
HEARTS ACE DIAMONDS FIVE,0.6448,0.0048,0.3504
HEARTS SEVEN DIAMONDS SEVEN,0.6622,0.1612,0.1766
HEARTS SIX DIAMONDS SEVEN,0.768,0.0698,0.1622
DIAMONDS SEVEN HEARTS EIGHT,0.7836,0.0604,0.156
DIAMONDS JACK DIAMONDS SEVEN,0.6552,0.0244,0.3204
DIAMONDS FIVE HEARTS JACK,0.679,0.0272,0.2938
DIAMONDS TEN DIAMONDS SEVEN,0.6328,0.0376,0.3296
HEARTS TEN DIAMONDS FIVE,0.6866,0.0422,0.2712
SPADES KING CLUBS TWO,0.6832,0.0098,0.307
HEARTS KING CLUBS KING,0.183,0.0344,0.7826
CLUBS EIGHT DIAMONDS SEVEN,0.7828,0.0588,0.1584
SPADES QUEEN CLUBS TWO,0.685,0.0208,0.2942
HEARTS KING CLUBS QUEEN,0.545,0.0064,0.4486
CLUBS JACK SPADES TWO,0.6854,0.0292,0.2854
SPADES ACE CLUBS TWO,0.667,0.0038,0.3292
CLUBS TEN SPADES TWO,0.6858,0.0428,0.2714
HEARTS KING CLUBS ACE,0.5258,0.0036,0.4706
CLUBS SEVEN CLUBS SIX,0.7356,0.0622,0.2022
SPADES TWO CLUBS KING,0.6718,0.0128,0.3154
SPADES TWO DIAMONDS SEVEN,0.8028,0.0694,0.1278
CLUBS EIGHT CLUBS SIX,0.7482,0.0584,0.1934
SPADES THREE DIAMONDS SEVEN,0.7906,0.0646,0.1448
SPADES TWO CLUBS QUEEN,0.682,0.0204,0.2976
SPADES FOUR DIAMONDS SEVEN,0.7722,0.067,0.1608
CLUBS JACK HEARTS KING,0.543,0.0068,0.4502
SPADES FIVE DIAMONDS SEVEN,0.753,0.0718,0.1752
SPADES TWO CLUBS ACE,0.6632,0.0034,0.3334
CLUBS TEN HEARTS KING,0.5558,0.0064,0.4378
CLUBS SIX SPADES TWO,0.791,0.08,0.129
CLUBS SIX SPADES THREE,0.769,0.0788,0.1522
CLUBS TWO DIAMONDS SEVEN,0.8038,0.0724,0.1238
CLUBS SIX SPADES FOUR,0.7586,0.0768,0.1646
CLUBS THREE DIAMONDS SEVEN,0.7918,0.0728,0.1354
CLUBS SIX SPADES FIVE,0.7518,0.0748,0.1734
CLUBS FOUR DIAMONDS SEVEN,0.7756,0.0686,0.1558
CLUBS SIX SPADES SIX,0.671,0.1486,0.1804
CLUBS FIVE DIAMONDS SEVEN,0.7598,0.073,0.1672
CLUBS SIX SPADES SEVEN,0.768,0.0694,0.1626
CLUBS SIX DIAMONDS SEVEN,0.7732,0.066,0.1608
CLUBS SIX SPADES EIGHT,0.801,0.059,0.14
SPADES JACK CLUBS TWO,0.7052,0.0236,0.2712
CLUBS SEVEN DIAMONDS SEVEN,0.654,0.1588,0.1872
SPADES NINE CLUBS SIX,0.8202,0.0708,0.109
SPADES TEN CLUBS TWO,0.7078,0.045,0.2472
CLUBS TWO CLUBS QUEEN,0.6548,0.0196,0.3256
CLUBS TWO CLUBS KING,0.6448,0.0106,0.3446
CLUBS THREE DIAMONDS EIGHT,0.8088,0.0596,0.1316
CLUBS TWO CLUBS ACE,0.6224,0.005,0.3726
CLUBS TWO DIAMONDS EIGHT,0.8088,0.0628,0.1284
DIAMONDS EIGHT HEARTS SEVEN,0.777,0.0612,0.1618
HEARTS SIX DIAMONDS EIGHT,0.7822,0.0638,0.154
CLUBS TEN CLUBS TWO,0.652,0.0404,0.3076
DIAMONDS EIGHT HEARTS EIGHT,0.6484,0.167,0.1846
CLUBS JACK CLUBS TWO,0.6618,0.0272,0.311
CLUBS EIGHT DIAMONDS EIGHT,0.6664,0.1588,0.1748
CLUBS FIVE DIAMONDS EIGHT,0.7774,0.0636,0.159
SPADES ACE SPADES THREE,0.6324,0.0042,0.3634
CLUBS FOUR DIAMONDS EIGHT,0.7814,0.0652,0.1534
CLUBS SEVEN DIAMONDS EIGHT,0.7884,0.0602,0.1514
SPADES QUEEN SPADES THREE,0.6448,0.0164,0.3388
CLUBS SIX DIAMONDS EIGHT,0.7952,0.0546,0.1502
SPADES KING SPADES THREE,0.6424,0.008,0.3496
DIAMONDS QUEEN DIAMONDS EIGHT,0.652,0.0142,0.3338
HEARTS TWO DIAMONDS EIGHT,0.8122,0.0556,0.1322
DIAMONDS KING DIAMONDS EIGHT,0.6482,0.0072,0.3446
HEARTS THREE DIAMONDS EIGHT,0.8112,0.0554,0.1334
DIAMONDS ACE DIAMONDS EIGHT,0.6256,0.0032,0.3712
HEARTS FOUR DIAMONDS EIGHT,0.8016,0.0536,0.1448
HEARTS FIVE DIAMONDS EIGHT,0.7844,0.0556,0.16
DIAMONDS EIGHT DIAMONDS TEN,0.6496,0.0356,0.3148
DIAMONDS EIGHT DIAMONDS JACK,0.6296,0.0254,0.345
SPADES JACK SPADES THREE,0.6438,0.0324,0.3238
SPADES TEN SPADES THREE,0.6562,0.038,0.3058
CLUBS FOUR HEARTS ACE,0.6664,0.0048,0.3288
CLUBS FOUR HEARTS QUEEN,0.6832,0.016,0.3008
CLUBS FOUR HEARTS KING,0.682,0.0114,0.3066
CLUBS SIX HEARTS TEN,0.6896,0.0382,0.2722
CLUBS SIX HEARTS JACK,0.6818,0.0288,0.2894
DIAMONDS EIGHT SPADES FOUR,0.7818,0.0606,0.1576
SPADES FIVE DIAMONDS EIGHT,0.782,0.0574,0.1606
DIAMONDS EIGHT SPADES TWO,0.8056,0.0626,0.1318
DIAMONDS EIGHT SPADES THREE,0.8014,0.0636,0.135
CLUBS FOUR HEARTS JACK,0.6872,0.0292,0.2836
SPADES EIGHT DIAMONDS EIGHT,0.663,0.1522,0.1848
SPADES TEN DIAMONDS QUEEN,0.5398,0.0104,0.4498
SPADES TEN HEARTS TWO,0.6912,0.0386,0.2702
SPADES JACK HEARTS EIGHT,0.673,0.029,0.298
CLUBS FOUR HEARTS TEN,0.6994,0.0412,0.2594
SPADES NINE DIAMONDS EIGHT,0.7892,0.063,0.1478
SPADES TEN HEARTS EIGHT,0.671,0.04,0.289
SPADES JACK HEARTS TWO,0.7066,0.0264,0.267
SPADES JACK DIAMONDS QUEEN,0.5398,0.012,0.4482
SPADES SIX DIAMONDS EIGHT,0.7826,0.0546,0.1628
SPADES SEVEN DIAMONDS EIGHT,0.7796,0.0612,0.1592
SPADES ACE HEARTS TWO,0.649,0.0044,0.3466
SPADES ACE DIAMONDS QUEEN,0.5338,0.003,0.4632
SPADES ACE HEARTS EIGHT,0.668,0.0038,0.3282
SPADES KING HEARTS EIGHT,0.6766,0.0106,0.3128
SPADES QUEEN HEARTS TWO,0.692,0.018,0.29
SPADES QUEEN DIAMONDS QUEEN,0.1982,0.0644,0.7374
SPADES KING DIAMONDS QUEEN,0.5468,0.0036,0.4496
SPADES KING HEARTS TWO,0.7032,0.01,0.2868
SPADES QUEEN HEARTS EIGHT,0.6808,0.0188,0.3004
CLUBS TWO HEARTS TEN,0.691,0.0426,0.2664
CLUBS TWO HEARTS JACK,0.694,0.0314,0.2746
SPADES SEVEN DIAMONDS NINE,0.8026,0.0642,0.1332
SPADES SIX DIAMONDS NINE,0.8198,0.0634,0.1168
SPADES NINE DIAMONDS NINE,0.0212,0.9586,0.0202
SPADES EIGHT DIAMONDS NINE,0.7922,0.0642,0.1436
SPADES TEN CLUBS KING,0.5422,0.0072,0.4506
DIAMONDS NINE SPADES THREE,0.8484,0.0692,0.0824
SPADES JACK CLUBS KING,0.5474,0.0058,0.4468
DIAMONDS NINE SPADES TWO,0.8516,0.0658,0.0826
DIAMONDS NINE SPADES FIVE,0.8286,0.066,0.1054
DIAMONDS NINE SPADES FOUR,0.8436,0.0738,0.0826
CLUBS EIGHT DIAMONDS NINE,0.797,0.0652,0.1378
CLUBS SIX DIAMONDS NINE,0.8216,0.0664,0.112
SPADES JACK CLUBS FOUR,0.7082,0.024,0.2678
CLUBS SEVEN DIAMONDS NINE,0.8092,0.0668,0.124
SPADES TEN CLUBS FOUR,0.6932,0.0406,0.2662
CLUBS FOUR DIAMONDS NINE,0.847,0.0772,0.0758
CLUBS FIVE DIAMONDS NINE,0.8364,0.0674,0.0962
DIAMONDS NINE CLUBS TWO,0.8602,0.0698,0.07
CLUBS THREE DIAMONDS NINE,0.8556,0.0694,0.075
DIAMONDS NINE HEARTS EIGHT,0.8002,0.0628,0.137
HEARTS SIX DIAMONDS NINE,0.8224,0.0702,0.1074
DIAMONDS NINE HEARTS SEVEN,0.8014,0.0676,0.131
DIAMONDS ACE DIAMONDS NINE,0.628,0.022,0.35
HEARTS FOUR DIAMONDS NINE,0.853,0.072,0.075
HEARTS FIVE DIAMONDS NINE,0.8322,0.0666,0.1012
HEARTS ACE CLUBS TWO,0.6704,0.0038,0.3258
SPADES ACE CLUBS FOUR,0.6692,0.0044,0.3264
DIAMONDS QUEEN DIAMONDS NINE,0.6216,0.0254,0.353
HEARTS TWO DIAMONDS NINE,0.8572,0.0698,0.073
CLUBS TWO HEARTS KING,0.679,0.0088,0.3122
SPADES KING CLUBS FOUR,0.6778,0.0098,0.3124
DIAMONDS KING DIAMONDS NINE,0.6382,0.0206,0.3412
HEARTS THREE DIAMONDS NINE,0.8554,0.0738,0.0708
CLUBS TWO HEARTS QUEEN,0.6946,0.0162,0.2892
SPADES QUEEN CLUBS FOUR,0.6828,0.0188,0.2984
DIAMONDS NINE DIAMONDS JACK,0.6086,0.038,0.3534
CLUBS EIGHT SPADES NINE,0.7888,0.0678,0.1434
DIAMONDS NINE DIAMONDS TEN,0.5918,0.0368,0.3714
CLUBS EIGHT SPADES EIGHT,0.6654,0.1584,0.1762
CLUBS EIGHT SPADES SEVEN,0.784,0.06,0.156
CLUBS EIGHT SPADES SIX,0.7888,0.0558,0.1554
CLUBS EIGHT SPADES FIVE,0.7772,0.0644,0.1584
CLUBS EIGHT SPADES FOUR,0.7886,0.0604,0.151
CLUBS EIGHT SPADES THREE,0.8116,0.052,0.1364
CLUBS EIGHT SPADES TWO,0.8008,0.0646,0.1346
HEARTS SIX DIAMONDS TEN,0.6952,0.0326,0.2722
DIAMONDS TEN HEARTS SEVEN,0.6948,0.0338,0.2714
DIAMONDS TEN HEARTS EIGHT,0.6798,0.04,0.2802
CLUBS JACK CLUBS FOUR,0.6476,0.0312,0.3212
CLUBS TEN CLUBS FOUR,0.6682,0.0372,0.2946
CLUBS FOUR CLUBS KING,0.6548,0.0106,0.3346
CLUBS FOUR CLUBS QUEEN,0.6538,0.0184,0.3278
CLUBS TWO DIAMONDS TEN,0.7004,0.0364,0.2632
CLUBS THREE DIAMONDS TEN,0.6912,0.0412,0.2676
CLUBS FOUR CLUBS ACE,0.6158,0.005,0.3792
DIAMONDS JACK DIAMONDS TEN,0.514,0.0218,0.4642
DIAMONDS QUEEN DIAMONDS TEN,0.5284,0.0136,0.458
HEARTS TWO DIAMONDS TEN,0.697,0.0418,0.2612
DIAMONDS KING DIAMONDS TEN,0.524,0.005,0.471
HEARTS THREE DIAMONDS TEN,0.698,0.034,0.268
DIAMONDS ACE DIAMONDS TEN,0.5156,0.0046,0.4798
HEARTS FOUR DIAMONDS TEN,0.6924,0.0388,0.2688
CLUBS EIGHT HEARTS JACK,0.6836,0.0274,0.289
HEARTS FIVE DIAMONDS TEN,0.6998,0.0378,0.2624
CLUBS EIGHT HEARTS TEN,0.6704,0.0428,0.2868
CLUBS EIGHT HEARTS QUEEN,0.684,0.021,0.295
CLUBS EIGHT HEARTS KING,0.6722,0.0114,0.3164
CLUBS EIGHT HEARTS ACE,0.6768,0.0042,0.319
CLUBS TEN HEARTS EIGHT,0.6744,0.0384,0.2872
CLUBS JACK HEARTS EIGHT,0.6726,0.0314,0.296
CLUBS QUEEN HEARTS EIGHT,0.6748,0.0198,0.3054
CLUBS KING HEARTS EIGHT,0.6912,0.0104,0.2984
CLUBS ACE HEARTS EIGHT,0.6816,0.0042,0.3142
SPADES KING CLUBS KING,0.1808,0.0374,0.7818
SPADES QUEEN CLUBS KING,0.537,0.006,0.457
SPADES ACE CLUBS KING,0.5252,0.0052,0.4696
DIAMONDS ACE HEARTS TEN,0.5264,0.003,0.4706
HEARTS FOUR HEARTS TEN,0.6668,0.0378,0.2954
DIAMONDS ACE HEARTS JACK,0.536,0.0032,0.4608
HEARTS FOUR HEARTS JACK,0.6502,0.0268,0.323
SPADES KING CLUBS FIVE,0.6824,0.0082,0.3094
SPADES QUEEN CLUBS FIVE,0.6798,0.018,0.3022
SPADES ACE CLUBS FIVE,0.6466,0.0032,0.3502
DIAMONDS JACK HEARTS SEVEN,0.6838,0.0248,0.2914
HEARTS SIX DIAMONDS JACK,0.7012,0.0228,0.276
DIAMONDS JACK HEARTS EIGHT,0.6768,0.033,0.2902
DIAMONDS KING DIAMONDS JACK,0.5056,0.0068,0.4876
HEARTS THREE DIAMONDS JACK,0.688,0.0266,0.2854
SPADES ACE SPADES SIX,0.634,0.0054,0.3606
HEARTS ACE SPADES FOUR,0.6422,0.0048,0.353
DIAMONDS QUEEN DIAMONDS JACK,0.5046,0.0094,0.486
HEARTS TWO DIAMONDS JACK,0.6956,0.0286,0.2758
HEARTS FIVE DIAMONDS JACK,0.6888,0.0294,0.2818
SPADES QUEEN SPADES SIX,0.6404,0.0178,0.3418
SPADES FOUR HEARTS QUEEN,0.6802,0.0156,0.3042
DIAMONDS ACE DIAMONDS JACK,0.509,0.003,0.488
HEARTS FOUR DIAMONDS JACK,0.6924,0.0268,0.2808
SPADES KING SPADES SIX,0.6422,0.0062,0.3516
SPADES FOUR HEARTS KING,0.6554,0.0114,0.3332
SPADES TEN SPADES SIX,0.6478,0.0386,0.3136
SPADES JACK SPADES SIX,0.6562,0.0268,0.317
SPADES FOUR DIAMONDS JACK,0.6834,0.0276,0.289
SPADES FIVE DIAMONDS JACK,0.6828,0.0292,0.288
DIAMONDS JACK SPADES TWO,0.6892,0.0238,0.287
DIAMONDS JACK SPADES THREE,0.6912,0.026,0.2828
SPADES ACE DIAMONDS THREE,0.6582,0.0038,0.338
SPADES QUEEN DIAMONDS THREE,0.6852,0.0182,0.2966
CLUBS EIGHT DIAMONDS JACK,0.6716,0.03,0.2984
SPADES KING DIAMONDS THREE,0.6888,0.0082,0.303
CLUBS SIX DIAMONDS JACK,0.6802,0.0326,0.2872
CLUBS SEVEN DIAMONDS JACK,0.6908,0.0226,0.2866
CLUBS FOUR DIAMONDS JACK,0.6886,0.0284,0.283
CLUBS FIVE DIAMONDS JACK,0.6934,0.0286,0.278
CLUBS TWO DIAMONDS JACK,0.694,0.0298,0.2762
CLUBS THREE DIAMONDS JACK,0.6978,0.0308,0.2714
SPADES TEN CLUBS FIVE,0.6894,0.0374,0.2732
HEARTS SIX SPADES JACK,0.679,0.0302,0.2908
HEARTS SIX SPADES TEN,0.6844,0.0398,0.2758
SPADES JACK CLUBS FIVE,0.6952,0.0296,0.2752
SPADES JACK DIAMONDS THREE,0.6954,0.029,0.2756
CLUBS SEVEN CLUBS ACE,0.6282,0.0028,0.369
DIAMONDS THREE SPADES TEN,0.6928,0.0378,0.2694
CLUBS SEVEN CLUBS QUEEN,0.6538,0.016,0.3302
CLUBS SEVEN CLUBS KING,0.6548,0.0072,0.338
SPADES NINE DIAMONDS JACK,0.6462,0.0318,0.322
CLUBS TEN CLUBS SEVEN,0.6508,0.0364,0.3128
DIAMONDS ACE HEARTS ACE,0.187,0.0048,0.8082
HEARTS FOUR HEARTS ACE,0.6292,0.0058,0.365
SPADES EIGHT DIAMONDS JACK,0.68,0.024,0.296
SPADES ACE HEARTS SIX,0.6816,0.0024,0.316
CLUBS JACK CLUBS SEVEN,0.6564,0.0274,0.3162
DIAMONDS ACE HEARTS KING,0.5324,0.0034,0.4642
HEARTS FOUR HEARTS KING,0.6598,0.007,0.3332
SPADES SEVEN DIAMONDS JACK,0.6992,0.026,0.2748
SPADES KING HEARTS SIX,0.69,0.0086,0.3014
DIAMONDS ACE HEARTS QUEEN,0.523,0.0046,0.4724
HEARTS FOUR HEARTS QUEEN,0.649,0.0172,0.3338
SPADES QUEEN HEARTS SIX,0.6842,0.0162,0.2996
SPADES SIX DIAMONDS JACK,0.6888,0.0274,0.2838
DIAMONDS TEN SPADES TWO,0.6828,0.038,0.2792
SPADES THREE DIAMONDS TEN,0.6762,0.0396,0.2842
SPADES FOUR DIAMONDS TEN,0.6784,0.0412,0.2804
SPADES FIVE DIAMONDS TEN,0.6916,0.0378,0.2706
SPADES SIX DIAMONDS TEN,0.6828,0.0384,0.2788
SPADES SEVEN DIAMONDS TEN,0.6828,0.035,0.2822
SPADES EIGHT DIAMONDS TEN,0.6698,0.0368,0.2934
SPADES NINE DIAMONDS TEN,0.6268,0.0478,0.3254
CLUBS FOUR DIAMONDS TEN,0.6986,0.0398,0.2616
CLUBS FIVE DIAMONDS TEN,0.6882,0.0358,0.276
CLUBS SIX DIAMONDS TEN,0.686,0.0374,0.2766
CLUBS SEVEN DIAMONDS TEN,0.6732,0.037,0.2898
CLUBS EIGHT DIAMONDS TEN,0.6732,0.0392,0.2876
CLUBS JACK DIAMONDS THREE,0.6782,0.0336,0.2882
CLUBS TEN DIAMONDS THREE,0.6916,0.0362,0.2722
DIAMONDS THREE CLUBS KING,0.6668,0.0102,0.323
DIAMONDS THREE CLUBS QUEEN,0.678,0.0176,0.3044
DIAMONDS THREE CLUBS ACE,0.6512,0.0046,0.3442
SPADES FOUR HEARTS JACK,0.6886,0.0276,0.2838
SPADES FOUR HEARTS TEN,0.6842,0.0352,0.2806
SPADES FIVE SPADES TWO,0.7272,0.0762,0.1966
SPADES FOUR SPADES TWO,0.7284,0.087,0.1846
SPADES THREE SPADES TWO,0.7338,0.0716,0.1946
SPADES NINE SPADES TWO,0.8128,0.0648,0.1224
SPADES EIGHT SPADES TWO,0.7668,0.0602,0.173
SPADES SEVEN SPADES TWO,0.7546,0.0696,0.1758
SPADES SIX SPADES TWO,0.7492,0.0712,0.1796
DIAMONDS QUEEN CLUBS THREE,0.6866,0.024,0.2894
CLUBS THREE HEARTS TWO,0.7906,0.0812,0.1282
DIAMONDS QUEEN CLUBS TWO,0.6978,0.0208,0.2814
HEARTS TWO CLUBS TWO,0.6748,0.1546,0.1706
DIAMONDS QUEEN HEARTS SEVEN,0.6892,0.0176,0.2932
HEARTS TWO HEARTS SEVEN,0.7726,0.0658,0.1616
HEARTS SIX DIAMONDS QUEEN,0.6794,0.016,0.3046
HEARTS SIX HEARTS TWO,0.754,0.074,0.172
DIAMONDS QUEEN HEARTS EIGHT,0.6864,0.0172,0.2964
HEARTS TWO HEARTS EIGHT,0.7838,0.0558,0.1604
CLUBS EIGHT HEARTS TWO,0.8142,0.0638,0.122
CLUBS EIGHT DIAMONDS QUEEN,0.6704,0.0192,0.3104
CLUBS FIVE DIAMONDS QUEEN,0.6938,0.0184,0.2878
CLUBS FIVE HEARTS TWO,0.7748,0.0846,0.1406
SPADES EIGHT HEARTS ACE,0.6784,0.0046,0.317
DIAMONDS QUEEN CLUBS FOUR,0.6828,0.0192,0.298
HEARTS TWO CLUBS FOUR,0.7784,0.0848,0.1368
CLUBS SEVEN DIAMONDS QUEEN,0.6898,0.0188,0.2914
CLUBS SEVEN HEARTS TWO,0.8054,0.0768,0.1178
SPADES EIGHT HEARTS QUEEN,0.669,0.0202,0.3108
CLUBS SIX DIAMONDS QUEEN,0.6888,0.0202,0.291
CLUBS SIX HEARTS TWO,0.79,0.0812,0.1288
SPADES EIGHT HEARTS KING,0.6744,0.0094,0.3162
HEARTS TWO SPADES SIX,0.79,0.0776,0.1324
DIAMONDS QUEEN SPADES SIX,0.6784,0.0178,0.3038
HEARTS FOUR CLUBS QUEEN,0.6806,0.0242,0.2952
DIAMONDS ACE CLUBS QUEEN,0.5536,0.0026,0.4438
DIAMONDS QUEEN SPADES SEVEN,0.6822,0.0152,0.3026
HEARTS TWO SPADES SEVEN,0.8108,0.0694,0.1198
HEARTS FOUR CLUBS KING,0.6768,0.0106,0.3126
DIAMONDS ACE CLUBS KING,0.5252,0.0032,0.4716
DIAMONDS QUEEN SPADES EIGHT,0.6834,0.0146,0.302
SPADES EIGHT HEARTS TWO,0.8102,0.0592,0.1306
HEARTS FOUR CLUBS ACE,0.6596,0.0052,0.3352
DIAMONDS ACE CLUBS ACE,0.1938,0.005,0.8012
SPADES NINE DIAMONDS QUEEN,0.656,0.0272,0.3168
SPADES NINE HEARTS TWO,0.8518,0.0768,0.0714
HEARTS TWO SPADES TWO,0.6656,0.1552,0.1792
DIAMONDS QUEEN SPADES TWO,0.684,0.0168,0.2992
HEARTS TWO SPADES THREE,0.7764,0.0904,0.1332
DIAMONDS QUEEN SPADES THREE,0.686,0.0156,0.2984
HEARTS TWO SPADES FOUR,0.771,0.0852,0.1438
DIAMONDS QUEEN SPADES FOUR,0.679,0.0172,0.3038
CLUBS TEN HEARTS FOUR,0.6884,0.0356,0.276
CLUBS TEN DIAMONDS ACE,0.5314,0.0034,0.4652
HEARTS TWO SPADES FIVE,0.7646,0.0852,0.1502
DIAMONDS QUEEN SPADES FIVE,0.6752,0.0168,0.308
HEARTS FOUR CLUBS JACK,0.686,0.0252,0.2888
CLUBS JACK DIAMONDS ACE,0.5366,0.0038,0.4596
CLUBS FIVE CLUBS KING,0.6446,0.0102,0.3452
CLUBS FIVE CLUBS QUEEN,0.6474,0.0162,0.3364
CLUBS FIVE CLUBS ACE,0.619,0.0048,0.3762
CLUBS JACK CLUBS FIVE,0.6456,0.0304,0.324
CLUBS TEN CLUBS FIVE,0.6586,0.0384,0.303
SPADES KING CLUBS JACK,0.5466,0.008,0.4454
CLUBS JACK SPADES QUEEN,0.5408,0.0106,0.4486
SPADES ACE CLUBS JACK,0.536,0.0042,0.4598
SPADES SIX CLUBS KING,0.6654,0.0096,0.325
SPADES SIX CLUBS QUEEN,0.6836,0.0158,0.3006
SPADES EIGHT HEARTS JACK,0.6756,0.03,0.2944
SPADES SIX CLUBS ACE,0.6586,0.0034,0.338
SPADES EIGHT HEARTS TEN,0.6682,0.0402,0.2916
CLUBS JACK SPADES SIX,0.6924,0.0248,0.2828
CLUBS TEN SPADES SIX,0.6814,0.0376,0.281
CLUBS JACK SPADES TEN,0.5292,0.021,0.4498
CLUBS JACK SPADES JACK,0.18,0.0922,0.7278
SPADES QUEEN CLUBS SEVEN,0.6826,0.0172,0.3002
SPADES KING CLUBS SEVEN,0.6836,0.0086,0.3078
SPADES ACE CLUBS SEVEN,0.6718,0.0028,0.3254
SPADES SIX HEARTS TEN,0.6814,0.0432,0.2754
SPADES SIX HEARTS JACK,0.682,0.029,0.289
SPADES SIX HEARTS ACE,0.6672,0.0044,0.3284
SPADES SIX HEARTS KING,0.678,0.007,0.315
SPADES SIX HEARTS QUEEN,0.676,0.0174,0.3066
CLUBS SEVEN SPADES JACK,0.6894,0.0244,0.2862
CLUBS SEVEN SPADES TEN,0.6752,0.0362,0.2886
CLUBS TEN HEARTS SIX,0.6948,0.0414,0.2638
CLUBS JACK HEARTS SIX,0.6882,0.029,0.2828
CLUBS JACK CLUBS ACE,0.5248,0.0042,0.471
HEARTS SIX CLUBS QUEEN,0.684,0.0178,0.2982
HEARTS SIX CLUBS KING,0.6818,0.0112,0.307
HEARTS SIX CLUBS ACE,0.664,0.005,0.331
CLUBS JACK CLUBS QUEEN,0.5222,0.0118,0.466
CLUBS JACK CLUBS KING,0.5088,0.0084,0.4828
DIAMONDS THREE HEARTS ACE,0.6466,0.0052,0.3482
DIAMONDS THREE HEARTS QUEEN,0.692,0.0176,0.2904
DIAMONDS THREE HEARTS KING,0.6744,0.0114,0.3142
CLUBS FIVE HEARTS JACK,0.6894,0.0266,0.284
SPADES TEN DIAMONDS ACE,0.5372,0.0016,0.4612
HEARTS FOUR SPADES TEN,0.6874,0.0442,0.2684
CLUBS FIVE HEARTS TEN,0.6796,0.0426,0.2778
HEARTS FOUR SPADES JACK,0.683,0.027,0.29
SPADES JACK DIAMONDS ACE,0.536,0.0024,0.4616
SPADES ACE HEARTS FOUR,0.6598,0.0032,0.337
SPADES ACE DIAMONDS ACE,0.1952,0.003,0.8018
CLUBS FIVE HEARTS ACE,0.6554,0.004,0.3406
CLUBS FIVE HEARTS KING,0.677,0.0094,0.3136
HEARTS FOUR SPADES QUEEN,0.6806,0.0154,0.304
SPADES QUEEN DIAMONDS ACE,0.55,0.0034,0.4466
CLUBS JACK SPADES FOUR,0.6718,0.0278,0.3004
CLUBS FIVE HEARTS QUEEN,0.6814,0.02,0.2986
SPADES KING DIAMONDS ACE,0.5436,0.0036,0.4528
HEARTS FOUR SPADES KING,0.673,0.008,0.319
CLUBS TEN SPADES FOUR,0.6892,0.0342,0.2766
DIAMONDS QUEEN DIAMONDS ACE,0.504,0.003,0.493
HEARTS TWO DIAMONDS ACE,0.689,0.0048,0.3062
HEARTS FOUR DIAMONDS QUEEN,0.6914,0.0168,0.2918
HEARTS FOUR HEARTS TWO,0.7334,0.0858,0.1808
DIAMONDS THREE HEARTS TEN,0.6888,0.0382,0.273
SPADES FOUR CLUBS KING,0.6884,0.01,0.3016
HEARTS FIVE DIAMONDS QUEEN,0.6842,0.0182,0.2976
HEARTS FIVE HEARTS TWO,0.7426,0.0858,0.1716
DIAMONDS THREE HEARTS JACK,0.6832,0.0272,0.2896
SPADES FOUR CLUBS QUEEN,0.6838,0.0158,0.3004
DIAMONDS QUEEN HEARTS TWO,0.6868,0.0212,0.292
DIAMONDS KING DIAMONDS QUEEN,0.5072,0.0054,0.4874
DIAMONDS KING HEARTS TWO,0.6894,0.0102,0.3004
HEARTS THREE DIAMONDS QUEEN,0.6998,0.019,0.2812
HEARTS THREE HEARTS TWO,0.74,0.0848,0.1752
SPADES FOUR CLUBS ACE,0.6582,0.0056,0.3362
HEARTS TWO CLUBS ACE,0.6622,0.0048,0.333
DIAMONDS QUEEN CLUBS ACE,0.541,0.003,0.456
HEARTS TWO CLUBS QUEEN,0.6956,0.0186,0.2858
DIAMONDS QUEEN CLUBS QUEEN,0.1882,0.0664,0.7454
HEARTS TWO CLUBS KING,0.6988,0.0088,0.2924
DIAMONDS QUEEN CLUBS KING,0.5514,0.0064,0.4422
SPADES EIGHT SPADES FIVE,0.7386,0.0516,0.2098
CLUBS TEN HEARTS TWO,0.686,0.04,0.274
CLUBS TEN DIAMONDS QUEEN,0.5374,0.0146,0.448
SPADES NINE SPADES FIVE,0.788,0.063,0.149
CLUBS JACK HEARTS TWO,0.6904,0.028,0.2816
CLUBS JACK DIAMONDS QUEEN,0.5474,0.009,0.4436
