opposingHand,winningChance,drawChance,lostChance
CLUBS EIGHT CLUBS FOUR
HEARTS FIVE SPADES TEN,0.3994,0.0246,0.576
SPADES JACK HEARTS FIVE,0.4142,0.0148,0.571
CLUBS JACK SPADES FIVE,0.3892,0.0186,0.5922
CLUBS TEN SPADES FIVE,0.3888,0.0252,0.586
SPADES FIVE CLUBS ACE,0.3754,0.0054,0.6192
SPADES FIVE CLUBS KING,0.3848,0.0088,0.6064
SPADES FIVE CLUBS QUEEN,0.3998,0.0136,0.5866
DIAMONDS TWO DIAMONDS THREE,0.581,0.0612,0.3578
DIAMONDS TWO DIAMONDS FIVE,0.5622,0.0626,0.3752
SPADES KING HEARTS FIVE,0.4108,0.0084,0.5808
DIAMONDS TWO DIAMONDS FOUR,0.5882,0.1338,0.278
SPADES QUEEN HEARTS FIVE,0.4022,0.0122,0.5856
DIAMONDS TWO DIAMONDS SEVEN,0.5822,0.0604,0.3574
DIAMONDS TWO DIAMONDS SIX,0.5646,0.0592,0.3762
SPADES ACE HEARTS FIVE,0.3864,0.0036,0.61
DIAMONDS TWO DIAMONDS NINE,0.4106,0.0386,0.5508
DIAMONDS TWO DIAMONDS EIGHT,0.3064,0.4496,0.244
DIAMONDS THREE DIAMONDS FOUR,0.5846,0.1334,0.282
CLUBS TWO SPADES FOUR,0.6108,0.1478,0.2414
DIAMONDS THREE DIAMONDS FIVE,0.5494,0.0666,0.384
CLUBS TWO SPADES FIVE,0.5918,0.0688,0.3394
CLUBS TWO SPADES TWO,0.401,0.1,0.499
CLUBS TWO SPADES THREE,0.6168,0.062,0.3212
DIAMONDS THREE DIAMONDS EIGHT,0.3,0.4438,0.2562
SPADES EIGHT CLUBS TWO,0.3186,0.4816,0.1998
DIAMONDS THREE DIAMONDS NINE,0.405,0.0396,0.5554
SPADES NINE CLUBS TWO,0.4254,0.0396,0.535
DIAMONDS THREE DIAMONDS SIX,0.5542,0.059,0.3868
CLUBS TWO SPADES SIX,0.6038,0.0676,0.3286
DIAMONDS THREE DIAMONDS SEVEN,0.5654,0.0572,0.3774
CLUBS TWO SPADES SEVEN,0.6194,0.0586,0.322
CLUBS SIX CLUBS TWO,0.6044,0.0682,0.3274
CLUBS SEVEN CLUBS TWO,0.612,0.0634,0.3246
CLUBS FIVE CLUBS TWO,0.5884,0.0678,0.3438
CLUBS TEN CLUBS JACK,0.3068,0.0138,0.6794
DIAMONDS FOUR DIAMONDS SIX,0.5684,0.1306,0.301
CLUBS TEN CLUBS QUEEN,0.3096,0.0134,0.677
DIAMONDS FOUR DIAMONDS SEVEN,0.5924,0.1314,0.2762
CLUBS TEN CLUBS KING,0.3252,0.0082,0.6666
CLUBS TEN CLUBS ACE,0.3324,0.0044,0.6632
DIAMONDS FIVE DIAMONDS FOUR,0.5706,0.1342,0.2952
CLUBS NINE CLUBS TWO,0.3702,0.046,0.5838
DIAMONDS NINE DIAMONDS FOUR,0.2758,0.0958,0.6284
DIAMONDS EIGHT DIAMONDS FOUR,0.071,0.8584,0.0706
CLUBS TWO CLUBS THREE,0.605,0.0706,0.3244
DIAMONDS NINE DIAMONDS FIVE,0.37,0.0398,0.5902
CLUBS JACK DIAMONDS TWO,0.4224,0.0196,0.558
DIAMONDS EIGHT DIAMONDS FIVE,0.2494,0.4132,0.3374
CLUBS TEN DIAMONDS TWO,0.424,0.0314,0.5446
DIAMONDS FIVE DIAMONDS SEVEN,0.527,0.0578,0.4152
DIAMONDS FIVE DIAMONDS SIX,0.5208,0.0672,0.412
DIAMONDS TWO CLUBS ACE,0.4196,0.0064,0.574
DIAMONDS TWO CLUBS KING,0.4352,0.0096,0.5552
DIAMONDS TWO CLUBS QUEEN,0.4254,0.0104,0.5642
DIAMONDS EIGHT DIAMONDS SIX,0.2592,0.3162,0.4246
DIAMONDS NINE DIAMONDS SIX,0.3718,0.0402,0.588
HEARTS ACE SPADES THREE,0.4318,0.0052,0.563
HEARTS KING SPADES THREE,0.4378,0.0096,0.5526
DIAMONDS SEVEN DIAMONDS SIX,0.5142,0.0538,0.432
SPADES THREE HEARTS QUEEN,0.43,0.0134,0.5566
HEARTS JACK SPADES THREE,0.4502,0.0194,0.5304
SPADES THREE HEARTS TEN,0.4342,0.0286,0.5372
DIAMONDS EIGHT DIAMONDS SEVEN,0.2506,0.2634,0.486
DIAMONDS NINE DIAMONDS SEVEN,0.3504,0.034,0.6156
DIAMONDS NINE DIAMONDS EIGHT,0.2452,0.0976,0.6572
DIAMONDS KING HEARTS TEN,0.3782,0.0066,0.6152
HEARTS THREE HEARTS TEN,0.4072,0.027,0.5658
SPADES JACK CLUBS SIX,0.4066,0.018,0.5754
DIAMONDS KING HEARTS JACK,0.3816,0.006,0.6124
HEARTS THREE HEARTS JACK,0.418,0.0176,0.5644
SPADES TEN CLUBS SIX,0.3772,0.0256,0.5972
SPADES JACK SPADES FIVE,0.384,0.0202,0.5958
SPADES TEN SPADES FIVE,0.3774,0.0268,0.5958
DIAMONDS KING HEARTS ACE,0.3786,0.0064,0.615
HEARTS THREE HEARTS ACE,0.3912,0.006,0.6028
SPADES ACE CLUBS SIX,0.4032,0.0064,0.5904
DIAMONDS KING HEARTS QUEEN,0.3724,0.0062,0.6214
HEARTS THREE HEARTS QUEEN,0.4182,0.0146,0.5672
SPADES KING CLUBS SIX,0.3922,0.01,0.5978
DIAMONDS KING HEARTS KING,0.1872,0.015,0.7978
HEARTS THREE HEARTS KING,0.4044,0.0088,0.5868
SPADES QUEEN CLUBS SIX,0.4022,0.0138,0.584
SPADES NINE HEARTS TEN,0.3628,0.0216,0.6156
SPADES NINE HEARTS JACK,0.3628,0.0154,0.6218
SPADES QUEEN SPADES FIVE,0.388,0.0132,0.5988
SPADES KING SPADES FIVE,0.374,0.0054,0.6206
SPADES ACE SPADES FIVE,0.363,0.0048,0.6322
SPADES NINE HEARTS QUEEN,0.3804,0.0094,0.6102
SPADES NINE HEARTS KING,0.367,0.005,0.628
SPADES NINE HEARTS ACE,0.3682,0.0044,0.6274
CLUBS TEN SPADES JACK,0.3392,0.0144,0.6464
CLUBS TEN SPADES TEN,0.1726,0.0472,0.7802
SPADES ACE CLUBS TEN,0.3582,0.0052,0.6366
CLUBS TEN SPADES KING,0.3526,0.0062,0.6412
CLUBS TEN SPADES QUEEN,0.3412,0.0118,0.647
SPADES FIVE HEARTS QUEEN,0.4134,0.012,0.5746
HEARTS KING SPADES FIVE,0.4024,0.0092,0.5884
SPADES FIVE HEARTS ACE,0.3992,0.0046,0.5962
HEARTS THREE SPADES JACK,0.4482,0.0208,0.531
SPADES JACK DIAMONDS KING,0.3812,0.0066,0.6122
SPADES TEN DIAMONDS KING,0.3894,0.0066,0.604
HEARTS THREE SPADES TEN,0.4478,0.023,0.5292
CLUBS SIX HEARTS ACE,0.3968,0.0046,0.5986
CLUBS JACK HEARTS FIVE,0.3824,0.0176,0.6
CLUBS TEN HEARTS FIVE,0.3874,0.0238,0.5888
CLUBS SIX HEARTS QUEEN,0.3962,0.0092,0.5946
CLUBS TEN SPADES THREE,0.4236,0.0288,0.5476
CLUBS SIX HEARTS KING,0.3936,0.0104,0.596
CLUBS JACK SPADES THREE,0.4212,0.0172,0.5616
DIAMONDS TWO HEARTS JACK,0.443,0.0158,0.5412
SPADES THREE CLUBS QUEEN,0.4276,0.0144,0.558
DIAMONDS TWO HEARTS TEN,0.4536,0.0274,0.519
SPADES THREE CLUBS KING,0.4214,0.0112,0.5674
HEARTS FIVE CLUBS ACE,0.3782,0.0042,0.6176
SPADES FIVE HEARTS TEN,0.4112,0.0234,0.5654
SPADES THREE CLUBS ACE,0.4164,0.0054,0.5782
HEARTS FIVE CLUBS KING,0.3792,0.0074,0.6134
SPADES FIVE HEARTS JACK,0.4036,0.017,0.5794
HEARTS FIVE CLUBS QUEEN,0.3876,0.0118,0.6006
HEARTS THREE CLUBS KING,0.4276,0.0098,0.5626
DIAMONDS KING CLUBS KING,0.1814,0.0162,0.8024
HEARTS THREE CLUBS QUEEN,0.4274,0.0146,0.558
DIAMONDS KING CLUBS QUEEN,0.3524,0.006,0.6416
HEARTS FIVE HEARTS JACK,0.3848,0.0198,0.5954
HEARTS FIVE HEARTS TEN,0.3734,0.028,0.5986
HEARTS THREE CLUBS ACE,0.4202,0.0036,0.5762
DIAMONDS KING CLUBS ACE,0.3658,0.006,0.6282
SPADES ACE CLUBS QUEEN,0.3564,0.0054,0.6382
SPADES KING CLUBS QUEEN,0.366,0.0056,0.6284
CLUBS JACK HEARTS THREE,0.4254,0.022,0.5526
CLUBS JACK DIAMONDS KING,0.3744,0.0074,0.6182
SPADES QUEEN CLUBS QUEEN,0.1832,0.0286,0.7882
CLUBS TEN HEARTS THREE,0.4254,0.0274,0.5472
CLUBS TEN DIAMONDS KING,0.3686,0.0084,0.623
SPADES JACK CLUBS QUEEN,0.3642,0.0098,0.626
CLUBS SIX CLUBS QUEEN,0.346,0.0138,0.6402
SPADES TEN CLUBS QUEEN,0.3534,0.0118,0.6348
CLUBS SIX CLUBS KING,0.3518,0.01,0.6382
CLUBS SIX CLUBS ACE,0.3446,0.005,0.6504
HEARTS FIVE HEARTS KING,0.3894,0.0088,0.6018
HEARTS FIVE HEARTS QUEEN,0.382,0.0116,0.6064
CLUBS TEN CLUBS SIX,0.3206,0.0304,0.649
HEARTS FIVE HEARTS ACE,0.375,0.0052,0.6198
CLUBS JACK CLUBS SIX,0.3518,0.0216,0.6266
SPADES SEVEN HEARTS JACK,0.4128,0.0154,0.5718
SPADES SEVEN HEARTS TEN,0.3962,0.0274,0.5764
DIAMONDS TWO CLUBS TWO,0.4078,0.1044,0.4878
DIAMONDS TWO CLUBS THREE,0.6194,0.0706,0.31
HEARTS SIX DIAMONDS TWO,0.597,0.0686,0.3344
DIAMONDS TWO HEARTS QUEEN,0.4472,0.011,0.5418
DIAMONDS TWO HEARTS SEVEN,0.6316,0.0622,0.3062
DIAMONDS TWO HEARTS KING,0.4432,0.0078,0.549
DIAMONDS TWO HEARTS EIGHT,0.3142,0.482,0.2038
DIAMONDS TWO HEARTS ACE,0.4236,0.0056,0.5708
DIAMONDS TWO HEARTS NINE,0.4386,0.0428,0.5186
DIAMONDS TWO DIAMONDS QUEEN,0.4154,0.0132,0.5714
DIAMONDS TWO HEARTS TWO,0.4114,0.1052,0.4834
DIAMONDS TWO DIAMONDS KING,0.4338,0.0064,0.5598
HEARTS THREE DIAMONDS TWO,0.6172,0.0684,0.3144
DIAMONDS TWO DIAMONDS ACE,0.4076,0.0046,0.5878
HEARTS FOUR DIAMONDS TWO,0.6104,0.1492,0.2404
DIAMONDS TWO HEARTS FIVE,0.5956,0.0724,0.332
SPADES SEVEN HEARTS ACE,0.4098,0.0034,0.5868
DIAMONDS TWO DIAMONDS TEN,0.4168,0.0274,0.5558
SPADES SEVEN HEARTS KING,0.398,0.0062,0.5958
DIAMONDS TWO DIAMONDS JACK,0.4168,0.0162,0.567
SPADES SEVEN HEARTS QUEEN,0.4138,0.0098,0.5764
DIAMONDS TWO SPADES NINE,0.4456,0.044,0.5104
DIAMONDS TWO SPADES EIGHT,0.3186,0.4724,0.209
DIAMONDS TWO SPADES SEVEN,0.6196,0.0672,0.3132
DIAMONDS TWO SPADES SIX,0.6236,0.0644,0.312
DIAMONDS TWO SPADES FIVE,0.5884,0.0682,0.3434
DIAMONDS TWO SPADES FOUR,0.6188,0.1402,0.241
DIAMONDS TWO SPADES THREE,0.611,0.0662,0.3228
DIAMONDS TWO SPADES TWO,0.3988,0.096,0.5052
DIAMONDS TWO CLUBS NINE,0.4154,0.0418,0.5428
CLUBS SEVEN DIAMONDS TWO,0.6178,0.0634,0.3188
DIAMONDS TWO CLUBS SIX,0.5994,0.0662,0.3344
DIAMONDS TWO CLUBS FIVE,0.6024,0.0698,0.3278
SPADES ACE DIAMONDS SIX,0.41,0.0036,0.5864
SPADES QUEEN DIAMONDS SIX,0.4088,0.0122,0.579
SPADES KING DIAMONDS SIX,0.4036,0.0064,0.59
SPADES TEN DIAMONDS SIX,0.3974,0.0224,0.5802
SPADES JACK DIAMONDS SIX,0.402,0.0196,0.5784
SPADES QUEEN SPADES TWO,0.416,0.0144,0.5696
SPADES KING SPADES TWO,0.4202,0.0088,0.571
SPADES ACE SPADES TWO,0.4142,0.0044,0.5814
CLUBS JACK DIAMONDS JACK,0.181,0.0356,0.7834
CLUBS TEN DIAMONDS JACK,0.3514,0.013,0.6356
DIAMONDS JACK CLUBS KING,0.3626,0.0076,0.6298
DIAMONDS JACK CLUBS QUEEN,0.3708,0.01,0.6192
DIAMONDS THREE DIAMONDS JACK,0.4274,0.0196,0.553
DIAMONDS THREE DIAMONDS TEN,0.4106,0.0246,0.5648
DIAMONDS JACK CLUBS ACE,0.3614,0.0048,0.6338
DIAMONDS THREE DIAMONDS KING,0.4056,0.0094,0.585
HEARTS THREE DIAMONDS THREE,0.4014,0.1108,0.4878
DIAMONDS THREE DIAMONDS QUEEN,0.4142,0.0136,0.5722
DIAMONDS THREE HEARTS TWO,0.6128,0.0784,0.3088
HEARTS FIVE DIAMONDS THREE,0.576,0.0638,0.3602
DIAMONDS THREE DIAMONDS ACE,0.403,0.0052,0.5918
HEARTS FOUR DIAMONDS THREE,0.6218,0.1448,0.2334
DIAMONDS THREE HEARTS SEVEN,0.6106,0.0662,0.3232
SPADES TEN SPADES NINE,0.3388,0.0192,0.642
HEARTS SIX DIAMONDS THREE,0.596,0.0668,0.3372
SPADES JACK SPADES NINE,0.351,0.0152,0.6338
DIAMONDS THREE HEARTS NINE,0.4362,0.0444,0.5194
HEARTS JACK DIAMONDS FOUR,0.3004,0.054,0.6456
HEARTS KING HEARTS ACE,0.3648,0.0042,0.631
SPADES TEN SPADES TWO,0.4148,0.032,0.5532
DIAMONDS THREE HEARTS EIGHT,0.3286,0.4694,0.202
HEARTS TEN DIAMONDS FOUR,0.304,0.0674,0.6286
SPADES JACK SPADES TWO,0.416,0.0172,0.5668
HEARTS QUEEN DIAMONDS FOUR,0.2988,0.0474,0.6538
HEARTS KING DIAMONDS FOUR,0.2926,0.0304,0.677
SPADES ACE SPADES NINE,0.3584,0.0058,0.6358
HEARTS ACE DIAMONDS FOUR,0.2972,0.0174,0.6854
SPADES KING SPADES NINE,0.344,0.0098,0.6462
SPADES QUEEN SPADES NINE,0.3596,0.0108,0.6296
DIAMONDS THREE SPADES NINE,0.4474,0.0414,0.5112
DIAMONDS THREE SPADES EIGHT,0.3252,0.486,0.1888
DIAMONDS THREE SPADES SEVEN,0.6084,0.0656,0.326
DIAMONDS THREE SPADES SIX,0.5894,0.0664,0.3442
DIAMONDS THREE CLUBS SIX,0.5916,0.0652,0.3432
CLUBS FIVE CLUBS SIX,0.529,0.0644,0.4066
CLUBS ACE DIAMONDS FOUR,0.2772,0.0176,0.7052
CLUBS SEVEN DIAMONDS THREE,0.5958,0.0646,0.3396
CLUBS SEVEN CLUBS FIVE,0.5478,0.0618,0.3904
DIAMONDS FOUR CLUBS QUEEN,0.2828,0.0472,0.67
DIAMONDS THREE CLUBS FIVE,0.5856,0.067,0.3474
DIAMONDS FOUR CLUBS KING,0.2862,0.0314,0.6824
DIAMONDS THREE CLUBS TWO,0.6132,0.0714,0.3154
CLUBS TEN DIAMONDS FOUR,0.2734,0.0724,0.6542
DIAMONDS THREE CLUBS THREE,0.3982,0.1066,0.4952
CLUBS JACK DIAMONDS FOUR,0.278,0.0552,0.6668
DIAMONDS THREE SPADES FOUR,0.621,0.1436,0.2354
DIAMONDS THREE SPADES FIVE,0.5912,0.0616,0.3472
DIAMONDS THREE SPADES TWO,0.6196,0.063,0.3174
DIAMONDS THREE SPADES THREE,0.4072,0.1022,0.4906
CLUBS NINE DIAMONDS THREE,0.4212,0.0438,0.535
SPADES SEVEN CLUBS ACE,0.3882,0.0066,0.6052
SPADES SEVEN CLUBS QUEEN,0.3868,0.0112,0.602
SPADES SEVEN CLUBS KING,0.384,0.0076,0.6084
CLUBS FIVE SPADES SEVEN,0.5358,0.0686,0.3956
CLUBS TEN SPADES SEVEN,0.3722,0.0236,0.6042
CLUBS FIVE SPADES SIX,0.5464,0.0616,0.392
CLUBS JACK SPADES SEVEN,0.3816,0.021,0.5974
CLUBS FIVE SPADES NINE,0.387,0.0456,0.5674
CLUBS FIVE SPADES EIGHT,0.2524,0.4358,0.3118
CLUBS FIVE SPADES THREE,0.5874,0.0618,0.3508
CLUBS FIVE SPADES TWO,0.595,0.0714,0.3336
CLUBS FIVE SPADES FIVE,0.2924,0.0978,0.6098
CLUBS FIVE SPADES FOUR,0.6042,0.141,0.2548
CLUBS NINE CLUBS FIVE,0.3352,0.0424,0.6224
CLUBS ACE CLUBS QUEEN,0.3288,0.005,0.6662
CLUBS KING CLUBS QUEEN,0.3194,0.0076,0.673
DIAMONDS TEN DIAMONDS FOUR,0.2698,0.0788,0.6514
CLUBS TEN DIAMONDS NINE,0.345,0.0248,0.6302
DIAMONDS JACK DIAMONDS FOUR,0.2764,0.0514,0.6722
CLUBS JACK DIAMONDS NINE,0.3518,0.0176,0.6306
CLUBS JACK SPADES NINE,0.3484,0.019,0.6326
CLUBS TEN SPADES NINE,0.3354,0.0236,0.641
DIAMONDS ACE DIAMONDS FOUR,0.2848,0.016,0.6992
HEARTS FOUR DIAMONDS FOUR,0.3202,0.075,0.6048
DIAMONDS JACK HEARTS TEN,0.3556,0.0138,0.6306
SPADES NINE CLUBS KING,0.36,0.0096,0.6304
DIAMONDS TWO SPADES TEN,0.4442,0.0296,0.5262
DIAMONDS NINE CLUBS ACE,0.3542,0.0036,0.6422
HEARTS FIVE DIAMONDS FOUR,0.6002,0.138,0.2618
HEARTS JACK DIAMONDS JACK,0.1892,0.0378,0.773
SPADES NINE CLUBS QUEEN,0.3586,0.0134,0.628
DIAMONDS TWO SPADES JACK,0.4372,0.0202,0.5426
DIAMONDS QUEEN DIAMONDS FOUR,0.2884,0.0416,0.67
HEARTS TWO DIAMONDS FOUR,0.612,0.1418,0.2462
DIAMONDS NINE CLUBS QUEEN,0.3472,0.0126,0.6402
DIAMONDS KING DIAMONDS FOUR,0.2828,0.0286,0.6886
HEARTS THREE DIAMONDS FOUR,0.6118,0.1458,0.2424
SPADES NINE CLUBS ACE,0.3594,0.0046,0.636
DIAMONDS NINE CLUBS KING,0.3602,0.0088,0.631
HEARTS ACE DIAMONDS JACK,0.3742,0.005,0.6208
SPADES ACE DIAMONDS TWO,0.43,0.005,0.565
DIAMONDS JACK HEARTS QUEEN,0.385,0.0106,0.6044
SPADES QUEEN DIAMONDS TWO,0.447,0.0164,0.5366
HEARTS KING DIAMONDS JACK,0.391,0.0058,0.6032
SPADES KING DIAMONDS TWO,0.4396,0.0092,0.5512
SPADES JACK SPADES SEVEN,0.368,0.017,0.615
SPADES TEN SPADES SEVEN,0.3702,0.0208,0.609
CLUBS SEVEN CLUBS THREE,0.6018,0.0666,0.3316
CLUBS SIX CLUBS THREE,0.587,0.0634,0.3496
CLUBS FIVE CLUBS THREE,0.5716,0.0678,0.3606
CLUBS NINE CLUBS THREE,0.391,0.042,0.567
CLUBS THREE SPADES FIVE,0.5758,0.0668,0.3574
CLUBS THREE SPADES FOUR,0.6152,0.1432,0.2416
CLUBS THREE SPADES THREE,0.394,0.1104,0.4956
CLUBS THREE SPADES TWO,0.6022,0.0682,0.3296
CLUBS THREE SPADES SIX,0.5778,0.0664,0.3558
SPADES SEVEN CLUBS THREE,0.6058,0.0684,0.3258
SPADES EIGHT CLUBS THREE,0.3184,0.4782,0.2034
SPADES NINE CLUBS THREE,0.4286,0.0446,0.5268
SPADES TWO DIAMONDS FOUR,0.614,0.1364,0.2496
SPADES THREE DIAMONDS FOUR,0.6168,0.136,0.2472
SPADES FOUR DIAMONDS FOUR,0.3098,0.0778,0.6124
SPADES FIVE DIAMONDS FOUR,0.59,0.1344,0.2756
SPADES SIX DIAMONDS FOUR,0.6234,0.1346,0.242
SPADES SEVEN DIAMONDS FOUR,0.6198,0.1448,0.2354
SPADES EIGHT DIAMONDS FOUR,0.0632,0.9154,0.0214
SPADES NINE DIAMONDS FOUR,0.2938,0.095,0.6112
CLUBS FIVE DIAMONDS FOUR,0.5892,0.1498,0.261
CLUBS SEVEN DIAMONDS FOUR,0.6156,0.1432,0.2412
CLUBS SIX DIAMONDS FOUR,0.6066,0.1428,0.2506
CLUBS NINE DIAMONDS FOUR,0.2742,0.1054,0.6204
DIAMONDS FOUR HEARTS SEVEN,0.6264,0.1344,0.2392
HEARTS SIX DIAMONDS FOUR,0.6126,0.1286,0.2588
HEARTS NINE DIAMONDS FOUR,0.2952,0.0972,0.6076
DIAMONDS FOUR HEARTS EIGHT,0.0764,0.9002,0.0234
CLUBS THREE DIAMONDS FOUR,0.6198,0.142,0.2382
CLUBS TWO DIAMONDS FOUR,0.622,0.145,0.233
DIAMONDS TEN DIAMONDS FIVE,0.3998,0.0248,0.5754
DIAMONDS JACK DIAMONDS FIVE,0.3852,0.0182,0.5966
DIAMONDS NINE HEARTS QUEEN,0.3686,0.0104,0.621
HEARTS KING DIAMONDS NINE,0.3702,0.0088,0.621
DIAMONDS NINE HEARTS ACE,0.3778,0.0046,0.6176
DIAMONDS NINE HEARTS TEN,0.3532,0.0226,0.6242
DIAMONDS NINE HEARTS JACK,0.3538,0.0158,0.6304
CLUBS KING DIAMONDS SIX,0.3738,0.008,0.6182
CLUBS QUEEN DIAMONDS SIX,0.3974,0.0124,0.5902
CLUBS ACE DIAMONDS SIX,0.3774,0.004,0.6186
SPADES KING DIAMONDS FOUR,0.3004,0.0304,0.6692
SPADES ACE SPADES SEVEN,0.3842,0.0044,0.6114
SPADES QUEEN DIAMONDS FOUR,0.2984,0.0368,0.6648
SPADES QUEEN SPADES SEVEN,0.387,0.0116,0.6014
CLUBS JACK DIAMONDS SIX,0.3916,0.0186,0.5898
SPADES KING SPADES SEVEN,0.385,0.009,0.606
SPADES ACE DIAMONDS FOUR,0.2978,0.018,0.6842
CLUBS TEN DIAMONDS SIX,0.3838,0.0272,0.589
SPADES JACK DIAMONDS FOUR,0.3074,0.0518,0.6408
SPADES TEN DIAMONDS FOUR,0.2962,0.076,0.6278
CLUBS SEVEN SPADES EIGHT,0.259,0.2866,0.4544
CLUBS SEVEN SPADES NINE,0.3708,0.04,0.5892
CLUBS SEVEN SPADES SIX,0.5266,0.0668,0.4066
CLUBS SEVEN SPADES SEVEN,0.288,0.0788,0.6332
CLUBS SEVEN SPADES FIVE,0.5538,0.066,0.3802
CLUBS SEVEN SPADES FOUR,0.6242,0.1398,0.236
CLUBS SEVEN SPADES THREE,0.6076,0.0664,0.326
CLUBS SEVEN SPADES TWO,0.6082,0.0648,0.327
CLUBS SEVEN CLUBS NINE,0.32,0.038,0.642
HEARTS SIX DIAMONDS FIVE,0.5428,0.0606,0.3966
DIAMONDS FIVE HEARTS SEVEN,0.5602,0.0542,0.3856
DIAMONDS FIVE HEARTS EIGHT,0.2626,0.4252,0.3122
HEARTS NINE DIAMONDS FIVE,0.3952,0.041,0.5638
DIAMONDS QUEEN DIAMONDS FIVE,0.3908,0.014,0.5952
HEARTS TWO DIAMONDS FIVE,0.6032,0.0678,0.329
HEARTS KING HEARTS EIGHT,0.2718,0.0282,0.7
DIAMONDS KING DIAMONDS FIVE,0.3958,0.0102,0.594
HEARTS THREE DIAMONDS FIVE,0.5842,0.0678,0.348
HEARTS QUEEN HEARTS EIGHT,0.2602,0.0418,0.698
DIAMONDS ACE DIAMONDS FIVE,0.3662,0.0044,0.6294
HEARTS FOUR DIAMONDS FIVE,0.599,0.135,0.266
HEARTS FIVE DIAMONDS FIVE,0.3112,0.0874,0.6014
HEARTS ACE HEARTS EIGHT,0.2544,0.0288,0.7168
CLUBS FIVE DIAMONDS FIVE,0.2916,0.0896,0.6188
CLUBS SIX DIAMONDS FIVE,0.5296,0.0624,0.408
CLUBS SEVEN DIAMONDS FIVE,0.54,0.0724,0.3876
CLUBS TWO DIAMONDS FIVE,0.5928,0.0632,0.344
CLUBS THREE DIAMONDS FIVE,0.5726,0.0668,0.3606
SPADES THREE DIAMONDS FIVE,0.6008,0.059,0.3402
SPADES TWO DIAMONDS FIVE,0.594,0.0646,0.3414
SPADES JACK DIAMONDS EIGHT,0.2898,0.0612,0.649
SPADES FIVE DIAMONDS FIVE,0.3012,0.097,0.6018
CLUBS TEN HEARTS JACK,0.3434,0.0128,0.6438
SPADES TEN DIAMONDS EIGHT,0.2788,0.0772,0.644
SPADES FOUR DIAMONDS FIVE,0.5964,0.1362,0.2674
CLUBS JACK HEARTS JACK,0.1776,0.0408,0.7816
HEARTS JACK CLUBS QUEEN,0.3624,0.0092,0.6284
CLUBS NINE DIAMONDS FIVE,0.3806,0.0414,0.578
HEARTS JACK CLUBS KING,0.3688,0.0072,0.624
HEARTS JACK CLUBS ACE,0.3614,0.0056,0.633
SPADES SEVEN DIAMONDS FIVE,0.5616,0.0594,0.379
SPADES KING DIAMONDS EIGHT,0.2994,0.0332,0.6674
SPADES QUEEN DIAMONDS EIGHT,0.278,0.046,0.676
SPADES SIX DIAMONDS FIVE,0.549,0.0666,0.3844
SPADES NINE DIAMONDS FIVE,0.3876,0.041,0.5714
SPADES EIGHT DIAMONDS FIVE,0.2616,0.4318,0.3066
SPADES ACE DIAMONDS EIGHT,0.2884,0.0314,0.6802
DIAMONDS TEN DIAMONDS SIX,0.373,0.0226,0.6044
HEARTS ACE DIAMONDS SEVEN,0.4062,0.0032,0.5906
DIAMONDS JACK DIAMONDS SIX,0.3904,0.0166,0.593
HEARTS QUEEN DIAMONDS SEVEN,0.409,0.0108,0.5802
HEARTS KING DIAMONDS SEVEN,0.4036,0.0078,0.5886
DIAMONDS ACE DIAMONDS SIX,0.3776,0.0042,0.6182
HEARTS FOUR DIAMONDS SIX,0.6152,0.1292,0.2556
HEARTS JACK SPADES TWO,0.448,0.014,0.538
HEARTS FIVE DIAMONDS SIX,0.5588,0.059,0.3822
SPADES TWO HEARTS TEN,0.4378,0.0324,0.5298
DIAMONDS QUEEN DIAMONDS SIX,0.3802,0.013,0.6068
HEARTS TWO DIAMONDS SIX,0.6136,0.0638,0.3226
DIAMONDS KING DIAMONDS SIX,0.3826,0.0066,0.6108
HEARTS THREE DIAMONDS SIX,0.5996,0.0678,0.3326
HEARTS EIGHT DIAMONDS SIX,0.2542,0.3524,0.3934
HEARTS NINE DIAMONDS SIX,0.3802,0.0386,0.5812
HEARTS SIX DIAMONDS SIX,0.292,0.09,0.618
HEARTS SEVEN DIAMONDS SIX,0.5364,0.0626,0.401
HEARTS TEN DIAMONDS SEVEN,0.3836,0.0288,0.5876
CLUBS TWO DIAMONDS SIX,0.5944,0.0572,0.3484
HEARTS JACK DIAMONDS SEVEN,0.3948,0.0146,0.5906
CLUBS THREE DIAMONDS SIX,0.5996,0.061,0.3394
CLUBS SEVEN DIAMONDS SIX,0.539,0.0604,0.4006
CLUBS JACK DIAMONDS EIGHT,0.2688,0.0596,0.6716
CLUBS SIX DIAMONDS SIX,0.2886,0.0896,0.6218
CLUBS TEN DIAMONDS EIGHT,0.2728,0.0784,0.6488
CLUBS FIVE DIAMONDS SIX,0.5422,0.069,0.3888
HEARTS ACE HEARTS JACK,0.3568,0.0042,0.639
DIAMONDS EIGHT CLUBS ACE,0.2698,0.029,0.7012
HEARTS JACK HEARTS QUEEN,0.348,0.0066,0.6454
DIAMONDS EIGHT CLUBS KING,0.2682,0.037,0.6948
CLUBS NINE DIAMONDS SIX,0.3722,0.04,0.5878
HEARTS KING HEARTS JACK,0.3508,0.0078,0.6414
DIAMONDS EIGHT CLUBS QUEEN,0.2716,0.0468,0.6816
SPADES TEN HEARTS KING,0.3684,0.0062,0.6254
SPADES FIVE DIAMONDS SIX,0.557,0.061,0.382
HEARTS ACE SPADES TWO,0.4306,0.0036,0.5658
SPADES JACK HEARTS KING,0.3786,0.0066,0.6148
SPADES FOUR DIAMONDS SIX,0.6196,0.1316,0.2488
SPADES THREE DIAMONDS SIX,0.5858,0.0664,0.3478
HEARTS QUEEN SPADES TWO,0.4322,0.0112,0.5566
SPADES ACE SPADES KING,0.3668,0.0062,0.627
HEARTS KING SPADES TWO,0.4508,0.0094,0.5398
SPADES TWO DIAMONDS SIX,0.6132,0.06,0.3268
HEARTS TEN HEARTS EIGHT,0.2668,0.0706,0.6626
SPADES NINE DIAMONDS SIX,0.3954,0.037,0.5676
HEARTS JACK HEARTS EIGHT,0.2804,0.0574,0.6622
SPADES EIGHT DIAMONDS SIX,0.2644,0.3438,0.3918
SPADES SEVEN DIAMONDS SIX,0.5554,0.0568,0.3878
SPADES SIX DIAMONDS SIX,0.313,0.0916,0.5954
SPADES KING HEARTS KING,0.188,0.0142,0.7978
SPADES QUEEN HEARTS KING,0.376,0.0062,0.6178
CLUBS ACE CLUBS KING,0.3146,0.0048,0.6806
SPADES ACE HEARTS KING,0.394,0.0062,0.5998
SPADES ACE HEARTS JACK,0.3714,0.0034,0.6252
SPADES QUEEN HEARTS JACK,0.3712,0.0092,0.6196
SPADES KING HEARTS JACK,0.3704,0.0058,0.6238
SPADES TEN DIAMONDS TEN,0.1818,0.0536,0.7646
SPADES JACK DIAMONDS TEN,0.3568,0.0132,0.63
SPADES ACE DIAMONDS TEN,0.3708,0.0052,0.624
SPADES JACK HEARTS JACK,0.1944,0.039,0.7666
SPADES TEN HEARTS JACK,0.3638,0.016,0.6202
SPADES QUEEN DIAMONDS TEN,0.3674,0.011,0.6216
SPADES KING DIAMONDS TEN,0.3764,0.007,0.6166
SPADES NINE DIAMONDS SEVEN,0.381,0.0404,0.5786
SPADES EIGHT DIAMONDS SEVEN,0.2664,0.2814,0.4522
SPADES SEVEN DIAMONDS SEVEN,0.291,0.0886,0.6204
SPADES SIX DIAMONDS SEVEN,0.5528,0.0588,0.3884
DIAMONDS KING DIAMONDS SEVEN,0.3698,0.0074,0.6228
HEARTS THREE DIAMONDS SEVEN,0.596,0.0664,0.3376
HEARTS KING DIAMONDS FIVE,0.4032,0.0076,0.5892
DIAMONDS QUEEN DIAMONDS SEVEN,0.3918,0.0104,0.5978
HEARTS TWO DIAMONDS SEVEN,0.614,0.0614,0.3246
HEARTS QUEEN DIAMONDS FIVE,0.3984,0.01,0.5916
HEARTS FIVE DIAMONDS SEVEN,0.5414,0.063,0.3956
DIAMONDS ACE DIAMONDS SEVEN,0.3738,0.0044,0.6218
HEARTS FOUR DIAMONDS SEVEN,0.6262,0.1326,0.2412
HEARTS ACE DIAMONDS FIVE,0.3986,0.0042,0.5972
HEARTS SEVEN DIAMONDS SEVEN,0.3022,0.0836,0.6142
HEARTS SIX DIAMONDS SEVEN,0.5566,0.0616,0.3818
HEARTS NINE DIAMONDS SEVEN,0.3718,0.0358,0.5924
DIAMONDS SEVEN HEARTS EIGHT,0.2542,0.2788,0.467
DIAMONDS JACK DIAMONDS SEVEN,0.3672,0.0164,0.6164
HEARTS JACK DIAMONDS FIVE,0.3912,0.0212,0.5876
DIAMONDS TEN DIAMONDS SEVEN,0.365,0.0202,0.6148
DIAMONDS FIVE HEARTS TEN,0.4028,0.0232,0.574
SPADES KING CLUBS TWO,0.441,0.009,0.55
HEARTS KING CLUBS KING,0.1756,0.014,0.8104
SPADES QUEEN CLUBS TWO,0.4386,0.0104,0.551
HEARTS KING CLUBS QUEEN,0.3662,0.0078,0.626
CLUBS NINE DIAMONDS SEVEN,0.3716,0.0404,0.588
CLUBS JACK SPADES TWO,0.428,0.019,0.553
SPADES ACE CLUBS TWO,0.4176,0.0056,0.5768
CLUBS TEN SPADES TWO,0.4228,0.0302,0.547
HEARTS KING CLUBS ACE,0.3522,0.0066,0.6412
CLUBS SEVEN CLUBS SIX,0.5284,0.07,0.4016
SPADES TWO CLUBS KING,0.4218,0.012,0.5662
SPADES TWO DIAMONDS SEVEN,0.6164,0.0622,0.3214
SPADES THREE DIAMONDS SEVEN,0.6126,0.068,0.3194
SPADES TWO CLUBS QUEEN,0.431,0.0114,0.5576
CLUBS NINE CLUBS SIX,0.3376,0.0468,0.6156
SPADES FOUR DIAMONDS SEVEN,0.6294,0.132,0.2386
CLUBS JACK HEARTS KING,0.3622,0.0076,0.6302
SPADES FIVE DIAMONDS SEVEN,0.5578,0.062,0.3802
SPADES TWO CLUBS ACE,0.4112,0.005,0.5838
CLUBS TEN HEARTS KING,0.3612,0.0074,0.6314
CLUBS SIX SPADES TWO,0.6092,0.068,0.3228
CLUBS SIX SPADES THREE,0.6022,0.0624,0.3354
CLUBS TWO DIAMONDS SEVEN,0.605,0.0668,0.3282
CLUBS SIX SPADES FOUR,0.606,0.1474,0.2466
CLUBS THREE DIAMONDS SEVEN,0.5988,0.066,0.3352
CLUBS SIX SPADES FIVE,0.5294,0.0722,0.3984
CLUBS SIX SPADES SIX,0.2916,0.0892,0.6192
CLUBS FIVE DIAMONDS SEVEN,0.5528,0.0656,0.3816
CLUBS SIX SPADES SEVEN,0.5294,0.071,0.3996
CLUBS SIX DIAMONDS SEVEN,0.535,0.0674,0.3976
CLUBS SIX SPADES EIGHT,0.25,0.368,0.382
SPADES JACK CLUBS TWO,0.4412,0.0194,0.5394
CLUBS SEVEN DIAMONDS SEVEN,0.2754,0.0834,0.6412
SPADES NINE CLUBS SIX,0.3744,0.04,0.5856
SPADES TEN CLUBS TWO,0.4308,0.0296,0.5396
CLUBS TWO CLUBS QUEEN,0.3868,0.0168,0.5964
CLUBS TWO CLUBS KING,0.3942,0.0108,0.595
CLUBS THREE DIAMONDS EIGHT,0.3002,0.5108,0.189
CLUBS TWO CLUBS ACE,0.3758,0.0074,0.6168
CLUBS TWO DIAMONDS EIGHT,0.3052,0.493,0.2018
DIAMONDS EIGHT HEARTS SEVEN,0.2684,0.2722,0.4594
HEARTS SIX DIAMONDS EIGHT,0.2678,0.341,0.3912
DIAMONDS EIGHT HEARTS NINE,0.2702,0.0994,0.6304
CLUBS TEN CLUBS TWO,0.3866,0.0282,0.5852
DIAMONDS EIGHT HEARTS EIGHT,0.136,0.0758,0.7882
CLUBS JACK CLUBS TWO,0.4058,0.02,0.5742
CLUBS NINE DIAMONDS EIGHT,0.2502,0.1088,0.641
CLUBS FIVE DIAMONDS EIGHT,0.2514,0.4384,0.3102
SPADES ACE SPADES THREE,0.4016,0.0052,0.5932
CLUBS SEVEN DIAMONDS EIGHT,0.2556,0.2786,0.4658
SPADES QUEEN SPADES THREE,0.4136,0.0114,0.575
CLUBS SIX DIAMONDS EIGHT,0.2424,0.3578,0.3998
SPADES KING SPADES THREE,0.419,0.0088,0.5722
DIAMONDS QUEEN DIAMONDS EIGHT,0.2742,0.0452,0.6806
HEARTS TWO DIAMONDS EIGHT,0.3272,0.4708,0.202
DIAMONDS KING DIAMONDS EIGHT,0.2732,0.0358,0.691
HEARTS THREE DIAMONDS EIGHT,0.3222,0.4706,0.2072
DIAMONDS ACE DIAMONDS EIGHT,0.2628,0.0278,0.7094
HEARTS FOUR DIAMONDS EIGHT,0.0684,0.9108,0.0208
HEARTS FIVE DIAMONDS EIGHT,0.275,0.4248,0.3002
DIAMONDS EIGHT DIAMONDS TEN,0.2742,0.0762,0.6496
DIAMONDS EIGHT DIAMONDS JACK,0.2598,0.0624,0.6778
SPADES JACK SPADES THREE,0.4124,0.0194,0.5682
SPADES TEN SPADES THREE,0.4082,0.0258,0.566
CLUBS SIX HEARTS TEN,0.3828,0.0294,0.5878
CLUBS SIX HEARTS JACK,0.3952,0.0154,0.5894
DIAMONDS EIGHT SPADES FOUR,0.0736,0.9044,0.022
SPADES FIVE DIAMONDS EIGHT,0.2662,0.4322,0.3016
DIAMONDS EIGHT SPADES TWO,0.3166,0.4792,0.2042
DIAMONDS EIGHT SPADES THREE,0.3096,0.4822,0.2082
SPADES EIGHT DIAMONDS EIGHT,0.1406,0.0694,0.79
SPADES TEN DIAMONDS QUEEN,0.3632,0.0106,0.6262
SPADES TEN HEARTS TWO,0.45,0.03,0.52
SPADES JACK HEARTS EIGHT,0.2796,0.0574,0.663
SPADES NINE DIAMONDS EIGHT,0.2738,0.1036,0.6226
SPADES TEN HEARTS EIGHT,0.29,0.071,0.639
SPADES JACK HEARTS TWO,0.4334,0.021,0.5456
SPADES JACK DIAMONDS QUEEN,0.3722,0.009,0.6188
SPADES SIX DIAMONDS EIGHT,0.2662,0.3514,0.3824
SPADES SEVEN DIAMONDS EIGHT,0.259,0.2784,0.4626
SPADES ACE HEARTS TWO,0.4282,0.0084,0.5634
SPADES ACE DIAMONDS QUEEN,0.38,0.0046,0.6154
SPADES ACE HEARTS EIGHT,0.2858,0.0282,0.686
SPADES KING HEARTS EIGHT,0.2922,0.031,0.6768
SPADES QUEEN HEARTS TWO,0.4498,0.0116,0.5386
SPADES QUEEN DIAMONDS QUEEN,0.1934,0.026,0.7806
SPADES KING DIAMONDS QUEEN,0.3802,0.0082,0.6116
SPADES KING HEARTS TWO,0.4286,0.01,0.5614
SPADES QUEEN HEARTS EIGHT,0.298,0.0466,0.6554
CLUBS TWO HEARTS TEN,0.433,0.0268,0.5402
CLUBS TWO HEARTS JACK,0.4264,0.0174,0.5562
SPADES SEVEN DIAMONDS NINE,0.3848,0.0376,0.5776
SPADES SIX DIAMONDS NINE,0.3882,0.0394,0.5724
SPADES NINE DIAMONDS NINE,0.1912,0.055,0.7538
SPADES EIGHT DIAMONDS NINE,0.2738,0.0996,0.6266
SPADES TEN CLUBS KING,0.3554,0.0064,0.6382
DIAMONDS NINE SPADES THREE,0.434,0.0428,0.5232
SPADES JACK CLUBS KING,0.3622,0.0064,0.6314
DIAMONDS NINE SPADES TWO,0.436,0.04,0.524
DIAMONDS NINE SPADES FIVE,0.3996,0.0422,0.5582
DIAMONDS NINE SPADES FOUR,0.304,0.1046,0.5914
CLUBS NINE DIAMONDS NINE,0.183,0.0634,0.7536
CLUBS SIX DIAMONDS NINE,0.3786,0.043,0.5784
CLUBS SEVEN DIAMONDS NINE,0.3712,0.0422,0.5866
CLUBS FIVE DIAMONDS NINE,0.3828,0.04,0.5772
CLUBS TWO DIAMONDS NINE,0.435,0.0432,0.5218
CLUBS THREE DIAMONDS NINE,0.431,0.0424,0.5266
DIAMONDS NINE HEARTS EIGHT,0.2644,0.1066,0.629
DIAMONDS NINE HEARTS NINE,0.2,0.0626,0.7374
HEARTS SIX DIAMONDS NINE,0.3796,0.0446,0.5758
DIAMONDS NINE HEARTS SEVEN,0.3748,0.0418,0.5834
DIAMONDS ACE DIAMONDS NINE,0.36,0.0046,0.6354
HEARTS FOUR DIAMONDS NINE,0.2954,0.1026,0.602
HEARTS FIVE DIAMONDS NINE,0.3904,0.0426,0.567
CLUBS TWO HEARTS ACE,0.424,0.005,0.571
DIAMONDS QUEEN DIAMONDS NINE,0.3408,0.0094,0.6498
HEARTS TWO DIAMONDS NINE,0.439,0.0424,0.5186
CLUBS TWO HEARTS KING,0.4244,0.011,0.5646
DIAMONDS KING DIAMONDS NINE,0.3518,0.009,0.6392
HEARTS THREE DIAMONDS NINE,0.4364,0.0456,0.518
CLUBS TWO HEARTS QUEEN,0.4156,0.016,0.5684
DIAMONDS NINE DIAMONDS JACK,0.3454,0.0202,0.6344
DIAMONDS NINE DIAMONDS TEN,0.3448,0.0248,0.6304
HEARTS SIX DIAMONDS TEN,0.3954,0.03,0.5746
DIAMONDS TEN HEARTS SEVEN,0.3912,0.0252,0.5836
DIAMONDS TEN HEARTS EIGHT,0.2764,0.0742,0.6494
DIAMONDS TEN HEARTS NINE,0.3558,0.0244,0.6198
CLUBS TWO DIAMONDS TEN,0.4256,0.0294,0.545
CLUBS THREE DIAMONDS TEN,0.427,0.0282,0.5448
DIAMONDS JACK DIAMONDS TEN,0.3478,0.0116,0.6406
DIAMONDS QUEEN DIAMONDS TEN,0.3514,0.0118,0.6368
HEARTS TWO DIAMONDS TEN,0.4488,0.026,0.5252
DIAMONDS KING DIAMONDS TEN,0.3502,0.005,0.6448
HEARTS THREE DIAMONDS TEN,0.4364,0.0284,0.5352
DIAMONDS ACE DIAMONDS TEN,0.349,0.0052,0.6458
HEARTS FOUR DIAMONDS TEN,0.29,0.0774,0.6326
HEARTS FIVE DIAMONDS TEN,0.3984,0.0262,0.5754
CLUBS NINE SPADES THREE,0.4272,0.0404,0.5324
CLUBS NINE SPADES TWO,0.4166,0.0344,0.549
CLUBS NINE SPADES FIVE,0.382,0.0422,0.5758
CLUBS NINE SPADES FOUR,0.2752,0.1154,0.6094
CLUBS NINE SPADES SEVEN,0.3614,0.0414,0.5972
CLUBS NINE SPADES SIX,0.3676,0.045,0.5874
CLUBS NINE SPADES NINE,0.1906,0.0602,0.7492
CLUBS TEN HEARTS EIGHT,0.275,0.081,0.644
CLUBS NINE SPADES EIGHT,0.2402,0.1096,0.6502
CLUBS JACK HEARTS EIGHT,0.2714,0.0624,0.6662
CLUBS QUEEN HEARTS EIGHT,0.2588,0.05,0.6912
CLUBS KING HEARTS EIGHT,0.2726,0.0328,0.6946
CLUBS ACE HEARTS EIGHT,0.2664,0.0306,0.703
SPADES KING CLUBS KING,0.1698,0.015,0.8152
SPADES QUEEN CLUBS KING,0.359,0.008,0.633
SPADES ACE CLUBS KING,0.3708,0.005,0.6242
DIAMONDS ACE HEARTS TEN,0.3892,0.0048,0.606
HEARTS FOUR HEARTS TEN,0.2808,0.0714,0.6478
DIAMONDS ACE HEARTS JACK,0.3908,0.0032,0.606
HEARTS FOUR HEARTS JACK,0.2834,0.0582,0.6584
SPADES KING CLUBS FIVE,0.4,0.0092,0.5908
SPADES QUEEN CLUBS FIVE,0.39,0.0134,0.5966
SPADES ACE CLUBS FIVE,0.3952,0.0036,0.6012
DIAMONDS JACK HEARTS SEVEN,0.4026,0.018,0.5794
HEARTS SIX DIAMONDS JACK,0.4158,0.0156,0.5686
DIAMONDS JACK HEARTS NINE,0.3636,0.0152,0.6212
DIAMONDS JACK HEARTS EIGHT,0.2714,0.063,0.6656
DIAMONDS KING DIAMONDS JACK,0.342,0.005,0.653
HEARTS THREE DIAMONDS JACK,0.4344,0.021,0.5446
SPADES ACE SPADES SIX,0.3806,0.0042,0.6152
HEARTS ACE SPADES FOUR,0.302,0.0212,0.6768
DIAMONDS QUEEN DIAMONDS JACK,0.333,0.012,0.655
HEARTS TWO DIAMONDS JACK,0.4388,0.0198,0.5414
HEARTS FIVE DIAMONDS JACK,0.4022,0.0146,0.5832
SPADES QUEEN SPADES SIX,0.3808,0.0084,0.6108
SPADES FOUR HEARTS QUEEN,0.3048,0.043,0.6522
DIAMONDS ACE DIAMONDS JACK,0.357,0.0054,0.6376
HEARTS FOUR DIAMONDS JACK,0.295,0.0582,0.6468
SPADES KING SPADES SIX,0.389,0.0064,0.6046
HEARTS KING SPADES FOUR,0.3132,0.0294,0.6574
SPADES TEN SPADES SIX,0.3644,0.0232,0.6124
SPADES JACK SPADES SIX,0.3944,0.0178,0.5878
SPADES FOUR DIAMONDS JACK,0.2984,0.0542,0.6474
SPADES FIVE DIAMONDS JACK,0.3986,0.016,0.5854
DIAMONDS JACK SPADES TWO,0.4478,0.0192,0.533
DIAMONDS JACK SPADES THREE,0.4384,0.0194,0.5422
SPADES ACE DIAMONDS THREE,0.4292,0.0046,0.5662
SPADES QUEEN DIAMONDS THREE,0.438,0.0134,0.5486
SPADES KING DIAMONDS THREE,0.4412,0.0056,0.5532
CLUBS NINE DIAMONDS JACK,0.3436,0.02,0.6364
CLUBS SIX DIAMONDS JACK,0.3956,0.0216,0.5828
CLUBS SEVEN DIAMONDS JACK,0.3954,0.0166,0.588
CLUBS FIVE DIAMONDS JACK,0.3912,0.0196,0.5892
CLUBS TWO DIAMONDS JACK,0.4224,0.017,0.5606
CLUBS THREE DIAMONDS JACK,0.4394,0.017,0.5436
SPADES TEN CLUBS FIVE,0.4048,0.0248,0.5704
HEARTS SIX SPADES JACK,0.4138,0.017,0.5692
HEARTS SIX SPADES TEN,0.4034,0.0246,0.572
SPADES JACK CLUBS FIVE,0.3962,0.0182,0.5856
SPADES JACK DIAMONDS THREE,0.4418,0.0192,0.539
CLUBS SEVEN CLUBS ACE,0.3532,0.006,0.6408
DIAMONDS THREE SPADES TEN,0.444,0.0252,0.5308
CLUBS SEVEN CLUBS QUEEN,0.3514,0.013,0.6356
CLUBS SEVEN CLUBS KING,0.3442,0.0084,0.6474
SPADES NINE DIAMONDS JACK,0.3656,0.0148,0.6196
CLUBS TEN CLUBS SEVEN,0.3446,0.0278,0.6276
DIAMONDS ACE HEARTS ACE,0.196,0.0038,0.8002
HEARTS FOUR HEARTS ACE,0.2778,0.0174,0.7048
SPADES EIGHT DIAMONDS JACK,0.2876,0.0586,0.6538
SPADES ACE HEARTS SIX,0.4108,0.0038,0.5854
CLUBS JACK CLUBS SEVEN,0.3484,0.0168,0.6348
DIAMONDS ACE HEARTS KING,0.3884,0.0034,0.6082
HEARTS FOUR HEARTS KING,0.2856,0.029,0.6854
SPADES SEVEN DIAMONDS JACK,0.3946,0.0198,0.5856
SPADES KING HEARTS SIX,0.4058,0.01,0.5842
DIAMONDS ACE HEARTS QUEEN,0.3894,0.004,0.6066
HEARTS FOUR HEARTS QUEEN,0.2852,0.0398,0.675
SPADES QUEEN HEARTS SIX,0.407,0.014,0.579
SPADES SIX DIAMONDS JACK,0.4066,0.0162,0.5772
DIAMONDS TEN SPADES TWO,0.4374,0.0266,0.536
SPADES THREE DIAMONDS TEN,0.42,0.0274,0.5526
SPADES FOUR DIAMONDS TEN,0.2884,0.0774,0.6342
SPADES FIVE DIAMONDS TEN,0.3862,0.0268,0.587
SPADES SIX DIAMONDS TEN,0.3942,0.0252,0.5806
SPADES SEVEN DIAMONDS TEN,0.3954,0.0242,0.5804
SPADES EIGHT DIAMONDS TEN,0.2854,0.0762,0.6384
SPADES NINE DIAMONDS TEN,0.3508,0.0228,0.6264
CLUBS FIVE DIAMONDS TEN,0.396,0.0278,0.5762
CLUBS SIX DIAMONDS TEN,0.3802,0.031,0.5888
CLUBS SEVEN DIAMONDS TEN,0.3766,0.0288,0.5946
CLUBS NINE DIAMONDS TEN,0.3466,0.0212,0.6322
CLUBS JACK DIAMONDS THREE,0.4276,0.0228,0.5496
CLUBS TEN DIAMONDS THREE,0.4094,0.0308,0.5598
DIAMONDS THREE CLUBS KING,0.4354,0.0078,0.5568
DIAMONDS THREE CLUBS QUEEN,0.4234,0.0138,0.5628
DIAMONDS THREE CLUBS ACE,0.41,0.005,0.585
SPADES FOUR HEARTS JACK,0.3066,0.053,0.6404
SPADES FOUR HEARTS TEN,0.3006,0.0786,0.6208
SPADES FIVE SPADES TWO,0.5664,0.0592,0.3744
SPADES FOUR SPADES TWO,0.5888,0.1306,0.2806
SPADES THREE SPADES TWO,0.5746,0.0646,0.3608
SPADES NINE SPADES TWO,0.3984,0.0356,0.566
SPADES EIGHT SPADES TWO,0.2984,0.4506,0.251
SPADES SEVEN SPADES TWO,0.5718,0.0664,0.3618
SPADES SIX SPADES TWO,0.579,0.0574,0.3636
DIAMONDS QUEEN CLUBS THREE,0.436,0.0134,0.5506
HEARTS TWO CLUBS THREE,0.6138,0.0666,0.3196
DIAMONDS QUEEN CLUBS TWO,0.4208,0.0132,0.566
CLUBS TWO HEARTS TWO,0.3922,0.1048,0.503
DIAMONDS QUEEN HEARTS SEVEN,0.4094,0.0118,0.5788
HEARTS TWO HEARTS SEVEN,0.5834,0.059,0.3576
HEARTS SIX DIAMONDS QUEEN,0.3996,0.0108,0.5896
HEARTS SIX HEARTS TWO,0.5704,0.059,0.3706
DIAMONDS QUEEN HEARTS NINE,0.3718,0.0124,0.6158
HEARTS TWO HEARTS NINE,0.4046,0.0426,0.5528
DIAMONDS QUEEN HEARTS EIGHT,0.2922,0.0474,0.6604
HEARTS TWO HEARTS EIGHT,0.3074,0.4466,0.246
CLUBS NINE HEARTS TWO,0.4154,0.0434,0.5412
CLUBS NINE DIAMONDS QUEEN,0.3518,0.0088,0.6394
CLUBS FIVE DIAMONDS QUEEN,0.3956,0.014,0.5904
CLUBS FIVE HEARTS TWO,0.5862,0.0706,0.3432
SPADES EIGHT HEARTS ACE,0.2924,0.0268,0.6808
CLUBS SEVEN DIAMONDS QUEEN,0.401,0.0112,0.5878
CLUBS SEVEN HEARTS TWO,0.6228,0.0662,0.311
SPADES EIGHT HEARTS QUEEN,0.2846,0.0462,0.6692
CLUBS SIX DIAMONDS QUEEN,0.392,0.0132,0.5948
CLUBS SIX HEARTS TWO,0.6124,0.0696,0.318
SPADES EIGHT HEARTS KING,0.2938,0.0356,0.6706
HEARTS TWO SPADES SIX,0.615,0.0654,0.3196
DIAMONDS QUEEN SPADES SIX,0.3866,0.0128,0.6006
HEARTS FOUR CLUBS QUEEN,0.286,0.0472,0.6668
DIAMONDS ACE CLUBS QUEEN,0.379,0.0046,0.6164
DIAMONDS QUEEN SPADES SEVEN,0.4168,0.0096,0.5736
HEARTS TWO SPADES SEVEN,0.6114,0.065,0.3236
HEARTS FOUR CLUBS KING,0.2848,0.0326,0.6826
DIAMONDS ACE CLUBS KING,0.3626,0.0048,0.6326
DIAMONDS QUEEN SPADES EIGHT,0.2924,0.0512,0.6564
SPADES EIGHT HEARTS TWO,0.306,0.4832,0.2108
HEARTS FOUR CLUBS ACE,0.2798,0.02,0.7002
DIAMONDS ACE CLUBS ACE,0.1674,0.0044,0.8282
SPADES NINE DIAMONDS QUEEN,0.3732,0.011,0.6158
SPADES NINE HEARTS TWO,0.432,0.0466,0.5214
HEARTS TWO SPADES TWO,0.3866,0.0958,0.5176
DIAMONDS QUEEN SPADES TWO,0.4344,0.0114,0.5542
HEARTS TWO SPADES THREE,0.6266,0.058,0.3154
DIAMONDS QUEEN SPADES THREE,0.435,0.0136,0.5514
HEARTS TWO SPADES FOUR,0.6148,0.1406,0.2446
DIAMONDS QUEEN SPADES FOUR,0.309,0.047,0.644
CLUBS TEN HEARTS FOUR,0.2702,0.0746,0.6552
CLUBS TEN DIAMONDS ACE,0.351,0.0046,0.6444
HEARTS TWO SPADES FIVE,0.5992,0.0594,0.3414
DIAMONDS QUEEN SPADES FIVE,0.4064,0.0116,0.582
HEARTS FOUR CLUBS JACK,0.2914,0.0518,0.6568
CLUBS JACK DIAMONDS ACE,0.361,0.006,0.633
CLUBS FIVE CLUBS KING,0.3386,0.0104,0.651
CLUBS FIVE CLUBS QUEEN,0.3586,0.0128,0.6286
CLUBS FIVE CLUBS ACE,0.334,0.005,0.661
CLUBS JACK CLUBS FIVE,0.3422,0.021,0.6368
CLUBS TEN CLUBS FIVE,0.3552,0.0334,0.6114
SPADES KING CLUBS JACK,0.3576,0.0076,0.6348
CLUBS JACK SPADES QUEEN,0.3538,0.01,0.6362
SPADES ACE CLUBS JACK,0.3664,0.004,0.6296
SPADES SIX CLUBS KING,0.386,0.008,0.606
SPADES SIX CLUBS QUEEN,0.3858,0.0122,0.602
SPADES EIGHT HEARTS JACK,0.2928,0.0516,0.6556
SPADES SIX CLUBS ACE,0.3944,0.0044,0.6012
SPADES EIGHT HEARTS TEN,0.275,0.0796,0.6454
CLUBS JACK SPADES SIX,0.3994,0.0208,0.5798
CLUBS TEN SPADES SIX,0.3754,0.0264,0.5982
CLUBS JACK SPADES TEN,0.352,0.0146,0.6334
CLUBS JACK SPADES JACK,0.1842,0.0356,0.7802
SPADES QUEEN CLUBS SEVEN,0.4028,0.0128,0.5844
SPADES KING CLUBS SEVEN,0.3888,0.009,0.6022
SPADES ACE CLUBS SEVEN,0.3932,0.0044,0.6024
SPADES SIX HEARTS TEN,0.398,0.0258,0.5762
SPADES SIX HEARTS JACK,0.4072,0.0178,0.575
SPADES SIX HEARTS ACE,0.3982,0.004,0.5978
SPADES SIX HEARTS KING,0.41,0.0076,0.5824
SPADES SIX HEARTS QUEEN,0.3992,0.0088,0.592
CLUBS SEVEN SPADES JACK,0.3914,0.0198,0.5888
CLUBS SEVEN SPADES TEN,0.3788,0.0246,0.5966
CLUBS TEN HEARTS SIX,0.3878,0.0276,0.5846
CLUBS JACK HEARTS SIX,0.3946,0.0204,0.585
CLUBS JACK CLUBS ACE,0.3256,0.0074,0.667
HEARTS SIX CLUBS QUEEN,0.3828,0.0132,0.604
HEARTS SIX CLUBS KING,0.3852,0.0076,0.6072
HEARTS SIX CLUBS ACE,0.3924,0.0038,0.6038
CLUBS JACK CLUBS QUEEN,0.32,0.0104,0.6696
CLUBS JACK CLUBS KING,0.3302,0.0102,0.6596
DIAMONDS THREE HEARTS ACE,0.4436,0.004,0.5524
DIAMONDS THREE HEARTS QUEEN,0.4538,0.0132,0.533
DIAMONDS THREE HEARTS KING,0.442,0.0142,0.5438
CLUBS FIVE HEARTS JACK,0.4026,0.0208,0.5766
SPADES TEN DIAMONDS ACE,0.3814,0.004,0.6146
HEARTS FOUR SPADES TEN,0.3058,0.069,0.6252
CLUBS FIVE HEARTS TEN,0.3964,0.0302,0.5734
HEARTS FOUR SPADES JACK,0.294,0.0558,0.6502
SPADES JACK DIAMONDS ACE,0.3728,0.0042,0.623
SPADES ACE HEARTS FOUR,0.3136,0.0174,0.669
SPADES ACE DIAMONDS ACE,0.1824,0.0024,0.8152
CLUBS FIVE HEARTS ACE,0.373,0.0072,0.6198
CLUBS FIVE HEARTS KING,0.3922,0.008,0.5998
HEARTS FOUR SPADES QUEEN,0.3074,0.0436,0.649
SPADES QUEEN DIAMONDS ACE,0.3724,0.0046,0.623
CLUBS JACK SPADES FOUR,0.2694,0.054,0.6766
CLUBS FIVE HEARTS QUEEN,0.4052,0.0102,0.5846
SPADES KING DIAMONDS ACE,0.3778,0.0038,0.6184
HEARTS FOUR SPADES KING,0.3042,0.0298,0.666
CLUBS TEN SPADES FOUR,0.2846,0.0754,0.64
DIAMONDS QUEEN DIAMONDS ACE,0.3578,0.005,0.6372
HEARTS TWO DIAMONDS ACE,0.4288,0.005,0.5662
HEARTS FOUR DIAMONDS QUEEN,0.3018,0.041,0.6572
HEARTS FOUR HEARTS TWO,0.5886,0.1354,0.276
DIAMONDS THREE HEARTS TEN,0.4434,0.0264,0.5302
SPADES FOUR CLUBS KING,0.285,0.033,0.682
HEARTS FIVE DIAMONDS QUEEN,0.4142,0.0164,0.5694
HEARTS FIVE HEARTS TWO,0.5506,0.0592,0.3902
DIAMONDS THREE HEARTS JACK,0.4324,0.0216,0.546
SPADES FOUR CLUBS QUEEN,0.274,0.042,0.684
DIAMONDS QUEEN HEARTS TWO,0.4308,0.0132,0.556
DIAMONDS KING DIAMONDS QUEEN,0.359,0.0078,0.6332
DIAMONDS KING HEARTS TWO,0.4428,0.008,0.5492
HEARTS THREE DIAMONDS QUEEN,0.4324,0.01,0.5576
HEARTS THREE HEARTS TWO,0.5732,0.0672,0.3596
SPADES FOUR CLUBS ACE,0.2852,0.0184,0.6964
HEARTS TWO CLUBS ACE,0.4226,0.007,0.5704
DIAMONDS QUEEN CLUBS ACE,0.3676,0.0064,0.626
HEARTS TWO CLUBS QUEEN,0.4154,0.0142,0.5704
DIAMONDS QUEEN CLUBS QUEEN,0.1926,0.0268,0.7806
HEARTS TWO CLUBS KING,0.4384,0.0098,0.5518
DIAMONDS QUEEN CLUBS KING,0.3694,0.0064,0.6242
SPADES EIGHT SPADES FIVE,0.2656,0.3994,0.335
CLUBS TEN HEARTS TWO,0.4134,0.029,0.5576
CLUBS TEN DIAMONDS QUEEN,0.356,0.0102,0.6338
SPADES NINE SPADES FIVE,0.3778,0.0382,0.584
CLUBS JACK HEARTS TWO,0.4156,0.0192,0.5652
CLUBS JACK DIAMONDS QUEEN,0.3612,0.0118,0.627
SPADES SIX SPADES FIVE,0.5166,0.0578,0.4256
SPADES SEVEN SPADES FIVE,0.5184,0.0608,0.4208
DIAMONDS FIVE CLUBS QUEEN,0.3916,0.0156,0.5928
SPADES EIGHT CLUBS ACE,0.2582,0.0298,0.712
DIAMONDS FIVE CLUBS KING,0.3952,0.0096,0.5952
SPADES EIGHT CLUBS KING,0.2658,0.034,0.7002
DIAMONDS FIVE CLUBS ACE,0.384,0.0062,0.6098
SPADES EIGHT CLUBS QUEEN,0.2674,0.0392,0.6934
CLUBS JACK SPADES EIGHT,0.2592,0.0632,0.6776
CLUBS TEN SPADES EIGHT,0.2674,0.075,0.6576
CLUBS TEN DIAMONDS FIVE,0.3832,0.031,0.5858
CLUBS JACK DIAMONDS FIVE,0.382,0.0178,0.6002
HEARTS JACK DIAMONDS TEN,0.3596,0.011,0.6294
DIAMONDS TEN HEARTS TEN,0.2008,0.0468,0.7524
SPADES ACE CLUBS NINE,0.3572,0.005,0.6378
SPADES QUEEN CLUBS NINE,0.3568,0.0118,0.6314
SPADES KING CLUBS NINE,0.3688,0.006,0.6252
HEARTS SIX HEARTS KING,0.3936,0.0064,0.6
DIAMONDS KING SPADES SEVEN,0.4056,0.0086,0.5858
HEARTS THREE SPADES SEVEN,0.6114,0.0584,0.3302
SPADES KING DIAMONDS SEVEN,0.4106,0.0068,0.5826
HEARTS SIX HEARTS QUEEN,0.375,0.013,0.612
SPADES QUEEN DIAMONDS SEVEN,0.3996,0.0124,0.588
HEARTS THREE SPADES SIX,0.5938,0.066,0.3402
DIAMONDS KING SPADES SIX,0.406,0.0082,0.5858
DIAMONDS KING SPADES NINE,0.3752,0.0082,0.6166
HEARTS THREE SPADES NINE,0.4316,0.0468,0.5216
HEARTS SIX HEARTS ACE,0.3876,0.006,0.6064
DIAMONDS KING SPADES EIGHT,0.2934,0.0364,0.6702
HEARTS THREE SPADES EIGHT,0.3276,0.4654,0.207
SPADES ACE DIAMONDS SEVEN,0.404,0.004,0.592
HEARTS THREE CLUBS NINE,0.4138,0.0458,0.5404
CLUBS NINE DIAMONDS KING,0.3678,0.0078,0.6244
HEARTS THREE SPADES THREE,0.415,0.097,0.488
DIAMONDS KING SPADES THREE,0.4478,0.0096,0.5426
HEARTS THREE SPADES TWO,0.6198,0.0678,0.3124
DIAMONDS KING SPADES TWO,0.44,0.0096,0.5504
HEARTS THREE SPADES FIVE,0.574,0.0628,0.3632
DIAMONDS KING SPADES FIVE,0.4216,0.0084,0.57
HEARTS THREE SPADES FOUR,0.6134,0.1438,0.2428
DIAMONDS KING SPADES FOUR,0.2928,0.0322,0.675
DIAMONDS KING CLUBS TWO,0.4176,0.0098,0.5726
HEARTS THREE CLUBS TWO,0.6008,0.068,0.3312
