opposingHand,winningChance,drawChance,lostChance
CLUBS THREE SPADES THREE
HEARTS FIVE SPADES TEN,0.547,0.062,0.391
SPADES JACK HEARTS FIVE,0.5362,0.0504,0.4134
SPADES FIVE CLUBS JACK,0.5306,0.0488,0.4206
CLUBS TEN SPADES FIVE,0.5304,0.066,0.4036
CLUBS EIGHT CLUBS JACK,0.4882,0.0356,0.4762
CLUBS TEN CLUBS EIGHT,0.4878,0.0506,0.4616
CLUBS EIGHT CLUBS KING,0.497,0.0146,0.4884
SPADES FIVE CLUBS ACE,0.5154,0.0088,0.4758
CLUBS EIGHT CLUBS QUEEN,0.493,0.0232,0.4838
SPADES FIVE CLUBS KING,0.5352,0.0188,0.446
SPADES FIVE CLUBS QUEEN,0.5282,0.0332,0.4386
CLUBS EIGHT CLUBS ACE,0.4954,0.0054,0.4992
DIAMONDS TWO DIAMONDS THREE,0.7332,0.1336,0.1332
DIAMONDS TWO DIAMONDS FIVE,0.5798,0.1614,0.2588
SPADES KING HEARTS FIVE,0.5468,0.015,0.4382
DIAMONDS TWO DIAMONDS FOUR,0.5896,0.1666,0.2438
SPADES QUEEN HEARTS FIVE,0.5454,0.0332,0.4214
DIAMONDS TWO DIAMONDS SEVEN,0.6064,0.1244,0.2692
DIAMONDS TWO DIAMONDS SIX,0.5898,0.1418,0.2684
SPADES ACE HEARTS FIVE,0.5238,0.0068,0.4694
DIAMONDS TWO DIAMONDS NINE,0.584,0.085,0.331
DIAMONDS TWO DIAMONDS EIGHT,0.5864,0.1032,0.3104
DIAMONDS THREE DIAMONDS FOUR,0.5884,0.1288,0.2828
CLUBS TWO SPADES FOUR,0.626,0.1752,0.1988
DIAMONDS THREE DIAMONDS FIVE,0.5786,0.1154,0.306
CLUBS TWO SPADES FIVE,0.6256,0.1586,0.2158
CLUBS TWO SPADES TWO,0.4974,0.3358,0.1668
DIAMONDS THREE DIAMONDS EIGHT,0.6262,0.069,0.3048
SPADES EIGHT CLUBS TWO,0.6102,0.119,0.2708
DIAMONDS THREE DIAMONDS NINE,0.613,0.0616,0.3254
SPADES NINE CLUBS TWO,0.6334,0.0922,0.2744
DIAMONDS THREE DIAMONDS SIX,0.5894,0.0994,0.3112
CLUBS TWO SPADES SIX,0.6378,0.1362,0.226
DIAMONDS THREE DIAMONDS SEVEN,0.6142,0.0792,0.3066
CLUBS TWO SPADES SEVEN,0.636,0.1226,0.2414
CLUBS SIX CLUBS TWO,0.5914,0.1448,0.2638
CLUBS SEVEN CLUBS TWO,0.59,0.123,0.287
CLUBS TWO CLUBS FOUR,0.5804,0.1694,0.2502
CLUBS FIVE CLUBS TWO,0.59,0.1532,0.2568
CLUBS TEN CLUBS JACK,0.4724,0.0284,0.4992
DIAMONDS FOUR DIAMONDS SIX,0.4752,0.1376,0.3872
CLUBS TEN CLUBS QUEEN,0.4818,0.0136,0.5046
DIAMONDS FOUR DIAMONDS SEVEN,0.4986,0.1154,0.386
CLUBS TEN CLUBS KING,0.492,0.0102,0.4978
CLUBS TEN CLUBS ACE,0.503,0.0058,0.4912
CLUBS EIGHT CLUBS TWO,0.583,0.1116,0.3054
DIAMONDS FIVE DIAMONDS FOUR,0.4724,0.1418,0.3858
CLUBS NINE CLUBS TWO,0.5998,0.0838,0.3164
DIAMONDS NINE DIAMONDS FOUR,0.522,0.0738,0.4042
DIAMONDS EIGHT DIAMONDS FOUR,0.5118,0.0922,0.396
DIAMONDS NINE DIAMONDS FIVE,0.496,0.0808,0.4232
DIAMONDS TWO CLUBS JACK,0.628,0.0536,0.3184
DIAMONDS EIGHT DIAMONDS FIVE,0.4868,0.0976,0.4156
CLUBS TEN DIAMONDS TWO,0.6438,0.0638,0.2924
DIAMONDS FIVE DIAMONDS SEVEN,0.4872,0.102,0.4108
DIAMONDS FIVE DIAMONDS SIX,0.4806,0.1242,0.3952
DIAMONDS TWO CLUBS ACE,0.6142,0.007,0.3788
DIAMONDS TWO CLUBS KING,0.6362,0.0208,0.343
DIAMONDS TWO CLUBS QUEEN,0.6354,0.04,0.3246
DIAMONDS EIGHT DIAMONDS SIX,0.4722,0.0864,0.4414
DIAMONDS NINE DIAMONDS SIX,0.4782,0.0758,0.446
DIAMONDS SEVEN DIAMONDS SIX,0.4634,0.1058,0.4308
DIAMONDS EIGHT DIAMONDS SEVEN,0.4684,0.0778,0.4538
DIAMONDS NINE DIAMONDS SEVEN,0.4864,0.0698,0.4438
DIAMONDS NINE DIAMONDS EIGHT,0.4664,0.0672,0.4664
DIAMONDS KING HEARTS TEN,0.5188,0.0104,0.4708
HEARTS THREE HEARTS TEN,0.6262,0.0442,0.3296
SPADES JACK CLUBS SIX,0.5308,0.045,0.4242
DIAMONDS KING HEARTS JACK,0.5184,0.0116,0.47
HEARTS THREE HEARTS JACK,0.617,0.036,0.347
SPADES TEN CLUBS SIX,0.5264,0.0586,0.415
SPADES JACK SPADES FIVE,0.514,0.0524,0.4336
SPADES TEN SPADES FIVE,0.516,0.0646,0.4194
DIAMONDS KING HEARTS ACE,0.5308,0.0074,0.4618
HEARTS THREE HEARTS ACE,0.615,0.0174,0.3676
SPADES ACE CLUBS SIX,0.533,0.0064,0.4606
DIAMONDS KING HEARTS QUEEN,0.5214,0.0066,0.472
HEARTS THREE HEARTS QUEEN,0.6232,0.0252,0.3516
SPADES KING CLUBS SIX,0.5304,0.014,0.4556
DIAMONDS KING HEARTS KING,0.192,0.0372,0.7708
HEARTS THREE HEARTS KING,0.6362,0.0206,0.3432
SPADES QUEEN CLUBS SIX,0.5272,0.0322,0.4406
SPADES NINE HEARTS TEN,0.4958,0.0444,0.4598
SPADES NINE HEARTS JACK,0.5096,0.0278,0.4626
SPADES QUEEN SPADES FIVE,0.5262,0.0326,0.4412
SPADES KING SPADES FIVE,0.508,0.015,0.477
SPADES ACE SPADES FIVE,0.4998,0.0054,0.4948
SPADES NINE HEARTS QUEEN,0.5086,0.023,0.4684
SPADES NINE HEARTS KING,0.5332,0.0096,0.4572
SPADES NINE HEARTS ACE,0.5158,0.005,0.4792
CLUBS TEN SPADES JACK,0.483,0.0294,0.4876
CLUBS TEN SPADES TEN,0.1828,0.119,0.6982
SPADES ACE CLUBS TEN,0.516,0.005,0.479
SPADES KING CLUBS TEN,0.5,0.0118,0.4882
CLUBS TEN SPADES QUEEN,0.4972,0.0188,0.484
SPADES FIVE HEARTS QUEEN,0.5478,0.0366,0.4156
HEARTS KING SPADES FIVE,0.5332,0.0194,0.4474
SPADES FIVE HEARTS ACE,0.5246,0.004,0.4714
CLUBS EIGHT SPADES TEN,0.5036,0.0544,0.442
HEARTS THREE SPADES JACK,0.6562,0.0422,0.3016
SPADES JACK DIAMONDS KING,0.514,0.0108,0.4752
SPADES TEN DIAMONDS KING,0.5176,0.0118,0.4706
HEARTS THREE SPADES TEN,0.6712,0.0522,0.2766
SPADES JACK CLUBS EIGHT,0.5042,0.0344,0.4614
CLUBS SIX HEARTS ACE,0.524,0.0058,0.4702
SPADES ACE CLUBS EIGHT,0.5142,0.0052,0.4806
HEARTS FIVE CLUBS JACK,0.5338,0.0514,0.4148
CLUBS TEN HEARTS FIVE,0.5352,0.0678,0.397
CLUBS SIX HEARTS QUEEN,0.5346,0.0334,0.432
SPADES QUEEN CLUBS EIGHT,0.519,0.025,0.456
CLUBS SIX HEARTS KING,0.5244,0.015,0.4606
SPADES KING CLUBS EIGHT,0.5258,0.0144,0.4598
DIAMONDS TWO HEARTS JACK,0.6252,0.056,0.3188
DIAMONDS TWO HEARTS TEN,0.634,0.0698,0.2962
HEARTS FIVE CLUBS ACE,0.525,0.003,0.472
SPADES FIVE HEARTS TEN,0.5488,0.0608,0.3904
HEARTS FIVE CLUBS KING,0.5342,0.0188,0.447
SPADES FIVE HEARTS JACK,0.5304,0.0462,0.4234
HEARTS FIVE CLUBS QUEEN,0.5396,0.0316,0.4288
HEARTS THREE CLUBS KING,0.6708,0.0234,0.3058
DIAMONDS KING CLUBS KING,0.1874,0.0318,0.7808
HEARTS THREE CLUBS QUEEN,0.6632,0.0304,0.3064
DIAMONDS KING CLUBS QUEEN,0.5206,0.0054,0.474
HEARTS FIVE HEARTS JACK,0.5164,0.0442,0.4394
HEARTS FIVE HEARTS TEN,0.5048,0.0622,0.433
HEARTS THREE CLUBS ACE,0.6334,0.0222,0.3444
DIAMONDS KING CLUBS ACE,0.509,0.0054,0.4856
SPADES ACE CLUBS QUEEN,0.5162,0.0056,0.4782
SPADES KING CLUBS QUEEN,0.4992,0.0082,0.4926
HEARTS THREE CLUBS JACK,0.6482,0.0384,0.3134
DIAMONDS KING CLUBS JACK,0.5056,0.0094,0.485
SPADES QUEEN CLUBS QUEEN,0.176,0.0638,0.7602
CLUBS TEN HEARTS THREE,0.673,0.056,0.271
CLUBS TEN DIAMONDS KING,0.511,0.0076,0.4814
SPADES JACK CLUBS QUEEN,0.5106,0.0168,0.4726
CLUBS SIX CLUBS QUEEN,0.5122,0.031,0.4568
SPADES TEN CLUBS QUEEN,0.5012,0.019,0.4798
CLUBS SIX CLUBS KING,0.4948,0.0162,0.489
CLUBS SIX CLUBS ACE,0.5022,0.0062,0.4916
HEARTS FIVE HEARTS KING,0.5016,0.0178,0.4806
HEARTS FIVE HEARTS QUEEN,0.5176,0.0346,0.4478
CLUBS TEN CLUBS SIX,0.493,0.0568,0.4502
HEARTS FIVE HEARTS ACE,0.4954,0.007,0.4976
CLUBS SIX CLUBS JACK,0.5248,0.041,0.4342
SPADES SEVEN HEARTS JACK,0.5278,0.036,0.4362
SPADES SEVEN HEARTS TEN,0.5168,0.0486,0.4346
DIAMONDS TWO CLUBS TWO,0.491,0.3364,0.1726
HEARTS SIX DIAMONDS TWO,0.6176,0.1528,0.2296
DIAMONDS TWO HEARTS QUEEN,0.6354,0.0324,0.3322
DIAMONDS TWO HEARTS SEVEN,0.63,0.1254,0.2446
DIAMONDS TWO HEARTS KING,0.6344,0.0174,0.3482
DIAMONDS TWO HEARTS EIGHT,0.6242,0.1094,0.2664
DIAMONDS TWO HEARTS ACE,0.6294,0.0064,0.3642
DIAMONDS TWO HEARTS NINE,0.6158,0.0978,0.2864
DIAMONDS TWO DIAMONDS QUEEN,0.6016,0.0364,0.362
DIAMONDS TWO HEARTS TWO,0.4778,0.335,0.1872
DIAMONDS TWO DIAMONDS KING,0.601,0.0194,0.3796
HEARTS THREE DIAMONDS TWO,0.7704,0.1468,0.0828
DIAMONDS TWO DIAMONDS ACE,0.5656,0.007,0.4274
HEARTS FOUR DIAMONDS TWO,0.623,0.169,0.208
DIAMONDS TWO HEARTS FIVE,0.6246,0.1498,0.2256
SPADES SEVEN HEARTS ACE,0.5274,0.005,0.4676
DIAMONDS TWO DIAMONDS TEN,0.5924,0.0738,0.3338
SPADES SEVEN HEARTS KING,0.5322,0.0146,0.4532
DIAMONDS TWO DIAMONDS JACK,0.5938,0.0508,0.3554
SPADES SEVEN HEARTS QUEEN,0.531,0.026,0.443
DIAMONDS TWO SPADES NINE,0.6402,0.083,0.2768
DIAMONDS TWO SPADES EIGHT,0.6204,0.1174,0.2622
DIAMONDS TWO SPADES SEVEN,0.6292,0.1336,0.2372
DIAMONDS TWO SPADES SIX,0.6178,0.1402,0.242
DIAMONDS TWO SPADES FIVE,0.6178,0.1554,0.2268
DIAMONDS TWO SPADES FOUR,0.6094,0.1786,0.212
DIAMONDS TWO SPADES TWO,0.487,0.3338,0.1792
CLUBS NINE DIAMONDS TWO,0.6166,0.0968,0.2866
DIAMONDS TWO CLUBS EIGHT,0.6192,0.113,0.2678
CLUBS SEVEN DIAMONDS TWO,0.6354,0.1244,0.2402
DIAMONDS TWO CLUBS SIX,0.6044,0.147,0.2486
DIAMONDS TWO CLUBS FIVE,0.608,0.1674,0.2246
DIAMONDS TWO CLUBS FOUR,0.6226,0.168,0.2094
CLUBS FOUR SPADES FIVE,0.492,0.1626,0.3454
CLUBS FOUR SPADES FOUR,0.1652,0.3048,0.53
CLUBS FOUR SPADES TWO,0.6222,0.169,0.2088
SPADES NINE CLUBS FOUR,0.5266,0.0828,0.3906
SPADES EIGHT CLUBS FOUR,0.516,0.1086,0.3754
SPADES SEVEN CLUBS FOUR,0.5152,0.1266,0.3582
CLUBS FOUR SPADES SIX,0.5048,0.1366,0.3586
SPADES ACE DIAMONDS SIX,0.5266,0.007,0.4664
SPADES QUEEN DIAMONDS SIX,0.5352,0.0294,0.4354
SPADES KING DIAMONDS SIX,0.526,0.0186,0.4554
SPADES TEN DIAMONDS SIX,0.5336,0.054,0.4124
SPADES JACK DIAMONDS SIX,0.544,0.0394,0.4166
SPADES QUEEN SPADES TWO,0.606,0.0362,0.3578
SPADES KING SPADES TWO,0.599,0.0188,0.3822
SPADES ACE SPADES TWO,0.5904,0.0066,0.403
DIAMONDS JACK CLUBS JACK,0.1778,0.1022,0.72
CLUBS TEN DIAMONDS JACK,0.4892,0.0286,0.4822
DIAMONDS JACK CLUBS KING,0.5118,0.0084,0.4798
DIAMONDS JACK CLUBS QUEEN,0.5064,0.0162,0.4774
DIAMONDS THREE DIAMONDS JACK,0.6316,0.0398,0.3286
DIAMONDS THREE DIAMONDS TEN,0.627,0.0452,0.3278
DIAMONDS JACK CLUBS ACE,0.5204,0.0032,0.4764
DIAMONDS THREE DIAMONDS KING,0.6344,0.0218,0.3438
HEARTS THREE DIAMONDS THREE,0.0212,0.9556,0.0232
DIAMONDS THREE DIAMONDS QUEEN,0.6256,0.028,0.3464
DIAMONDS THREE HEARTS TWO,0.7806,0.1368,0.0826
HEARTS FIVE DIAMONDS THREE,0.6104,0.1202,0.2694
DIAMONDS THREE DIAMONDS ACE,0.609,0.0212,0.3698
HEARTS FOUR DIAMONDS THREE,0.6154,0.1378,0.2468
DIAMONDS THREE HEARTS SEVEN,0.6492,0.0856,0.2652
SPADES TEN SPADES NINE,0.479,0.0438,0.4772
HEARTS SIX DIAMONDS THREE,0.6378,0.1004,0.2618
SPADES JACK SPADES NINE,0.4912,0.0324,0.4764
DIAMONDS THREE HEARTS NINE,0.6632,0.063,0.2738
HEARTS JACK DIAMONDS FOUR,0.5498,0.0462,0.404
HEARTS KING HEARTS ACE,0.488,0.004,0.508
SPADES TEN SPADES TWO,0.5946,0.0764,0.329
DIAMONDS THREE HEARTS EIGHT,0.6562,0.0786,0.2652
HEARTS TEN DIAMONDS FOUR,0.5382,0.07,0.3918
SPADES JACK SPADES TWO,0.595,0.0504,0.3546
HEARTS QUEEN DIAMONDS FOUR,0.5494,0.0384,0.4122
HEARTS KING DIAMONDS FOUR,0.5454,0.016,0.4386
SPADES ACE SPADES NINE,0.5052,0.0046,0.4902
HEARTS ACE DIAMONDS FOUR,0.5426,0.0056,0.4518
SPADES KING SPADES NINE,0.4958,0.012,0.4922
SPADES QUEEN SPADES NINE,0.4858,0.0206,0.4936
DIAMONDS THREE SPADES NINE,0.662,0.0658,0.2722
DIAMONDS THREE SPADES EIGHT,0.6592,0.0756,0.2652
DIAMONDS THREE SPADES SEVEN,0.6416,0.0882,0.2702
DIAMONDS THREE SPADES SIX,0.6486,0.093,0.2584
DIAMONDS THREE CLUBS SIX,0.6256,0.1062,0.2682
CLUBS FIVE CLUBS SIX,0.4642,0.129,0.4068
CLUBS ACE DIAMONDS FOUR,0.524,0.0042,0.4718
CLUBS SEVEN DIAMONDS THREE,0.6324,0.0966,0.271
CLUBS SEVEN CLUBS FIVE,0.4762,0.1106,0.4132
DIAMONDS THREE CLUBS FOUR,0.6152,0.131,0.2538
DIAMONDS FOUR CLUBS QUEEN,0.5538,0.033,0.4132
DIAMONDS THREE CLUBS FIVE,0.613,0.1224,0.2646
CLUBS KING DIAMONDS FOUR,0.5464,0.0188,0.4348
DIAMONDS THREE CLUBS TWO,0.7926,0.1382,0.0692
CLUBS TEN DIAMONDS FOUR,0.5304,0.0758,0.3938
DIAMONDS FOUR CLUBS JACK,0.5444,0.0498,0.4058
DIAMONDS THREE SPADES FOUR,0.6018,0.1332,0.265
DIAMONDS THREE SPADES FIVE,0.6124,0.1204,0.2672
DIAMONDS THREE SPADES TWO,0.7812,0.1468,0.072
CLUBS EIGHT DIAMONDS THREE,0.6698,0.066,0.2642
CLUBS NINE DIAMONDS THREE,0.6662,0.0668,0.267
SPADES SEVEN CLUBS ACE,0.5212,0.0056,0.4732
SPADES SEVEN CLUBS QUEEN,0.5296,0.0304,0.44
SPADES SEVEN CLUBS KING,0.5234,0.0146,0.462
CLUBS FIVE SPADES SEVEN,0.4986,0.1172,0.3842
CLUBS TEN SPADES SEVEN,0.5062,0.0554,0.4384
CLUBS FIVE SPADES SIX,0.4924,0.1432,0.3644
SPADES SEVEN CLUBS JACK,0.5126,0.039,0.4484
CLUBS FIVE SPADES NINE,0.517,0.0838,0.3992
CLUBS FIVE SPADES EIGHT,0.516,0.096,0.388
CLUBS FIVE SPADES TWO,0.6164,0.161,0.2226
CLUBS FIVE SPADES FIVE,0.167,0.2716,0.5614
CLUBS FIVE SPADES FOUR,0.4938,0.1394,0.3668
CLUBS NINE CLUBS FIVE,0.5048,0.0798,0.4154
CLUBS EIGHT CLUBS FIVE,0.4862,0.0986,0.4152
CLUBS ACE CLUBS QUEEN,0.5064,0.005,0.4886
CLUBS KING CLUBS QUEEN,0.482,0.009,0.509
DIAMONDS TEN DIAMONDS FOUR,0.5152,0.0734,0.4114
CLUBS TEN DIAMONDS NINE,0.5006,0.0416,0.4578
DIAMONDS JACK DIAMONDS FOUR,0.5218,0.0492,0.429
DIAMONDS NINE CLUBS JACK,0.5008,0.0346,0.4646
SPADES NINE CLUBS JACK,0.4978,0.0342,0.468
CLUBS TEN SPADES NINE,0.4886,0.0418,0.4696
DIAMONDS ACE DIAMONDS FOUR,0.5044,0.0046,0.491
HEARTS FOUR DIAMONDS FOUR,0.179,0.316,0.505
DIAMONDS JACK HEARTS TEN,0.5028,0.026,0.4712
SPADES NINE CLUBS KING,0.5176,0.0126,0.4698
DIAMONDS TWO SPADES TEN,0.6172,0.078,0.3048
DIAMONDS NINE CLUBS ACE,0.5268,0.0054,0.4678
HEARTS FIVE DIAMONDS FOUR,0.5026,0.1492,0.3482
HEARTS JACK DIAMONDS JACK,0.1838,0.0964,0.7198
SPADES NINE CLUBS QUEEN,0.5088,0.0212,0.47
DIAMONDS TWO SPADES JACK,0.6262,0.053,0.3208
DIAMONDS QUEEN DIAMONDS FOUR,0.5068,0.0346,0.4586
HEARTS TWO DIAMONDS FOUR,0.6246,0.162,0.2134
DIAMONDS NINE CLUBS QUEEN,0.5172,0.0228,0.46
DIAMONDS KING DIAMONDS FOUR,0.517,0.0186,0.4644
HEARTS THREE DIAMONDS FOUR,0.6202,0.1258,0.254
SPADES NINE CLUBS ACE,0.5198,0.0056,0.4746
DIAMONDS NINE CLUBS KING,0.5184,0.0114,0.4702
HEARTS ACE DIAMONDS JACK,0.5186,0.0044,0.477
SPADES ACE DIAMONDS TWO,0.6252,0.006,0.3688
DIAMONDS JACK HEARTS QUEEN,0.503,0.014,0.483
SPADES QUEEN DIAMONDS TWO,0.6238,0.0392,0.337
HEARTS KING DIAMONDS JACK,0.5222,0.0084,0.4694
SPADES KING DIAMONDS TWO,0.6262,0.019,0.3548
SPADES JACK SPADES SEVEN,0.5058,0.0396,0.4546
SPADES TEN SPADES SEVEN,0.4904,0.0584,0.4512
SPADES TWO DIAMONDS FOUR,0.6114,0.1726,0.216
SPADES FOUR DIAMONDS FOUR,0.1708,0.3116,0.5176
SPADES FIVE DIAMONDS FOUR,0.5054,0.1418,0.3528
SPADES SIX DIAMONDS FOUR,0.5076,0.1408,0.3516
SPADES SEVEN DIAMONDS FOUR,0.5106,0.1184,0.371
SPADES EIGHT DIAMONDS FOUR,0.525,0.0992,0.3758
SPADES NINE DIAMONDS FOUR,0.5378,0.0882,0.374
CLUBS FIVE DIAMONDS FOUR,0.5036,0.1502,0.3462
CLUBS FOUR DIAMONDS FOUR,0.17,0.308,0.522
CLUBS SEVEN DIAMONDS FOUR,0.5184,0.1194,0.3622
CLUBS SIX DIAMONDS FOUR,0.515,0.1378,0.3472
CLUBS NINE DIAMONDS FOUR,0.5428,0.0826,0.3746
CLUBS EIGHT DIAMONDS FOUR,0.5206,0.1082,0.3712
DIAMONDS FOUR HEARTS SEVEN,0.5294,0.1144,0.3562
HEARTS SIX DIAMONDS FOUR,0.5332,0.1324,0.3344
HEARTS NINE DIAMONDS FOUR,0.5358,0.0814,0.3828
DIAMONDS FOUR HEARTS EIGHT,0.5262,0.1048,0.369
CLUBS TWO DIAMONDS FOUR,0.6112,0.1806,0.2082
DIAMONDS TEN DIAMONDS FIVE,0.5076,0.066,0.4264
DIAMONDS JACK DIAMONDS FIVE,0.5182,0.0426,0.4392
DIAMONDS NINE HEARTS QUEEN,0.52,0.0192,0.4608
HEARTS KING DIAMONDS NINE,0.5322,0.0116,0.4562
DIAMONDS NINE HEARTS ACE,0.542,0.004,0.454
DIAMONDS NINE HEARTS TEN,0.4898,0.0412,0.469
DIAMONDS NINE HEARTS JACK,0.5104,0.0326,0.457
CLUBS KING DIAMONDS SIX,0.528,0.0162,0.4558
CLUBS QUEEN DIAMONDS SIX,0.5426,0.0244,0.433
CLUBS ACE DIAMONDS SIX,0.535,0.0066,0.4584
SPADES KING DIAMONDS FOUR,0.5446,0.0222,0.4332
SPADES ACE SPADES SEVEN,0.5066,0.0068,0.4866
SPADES QUEEN DIAMONDS FOUR,0.5456,0.035,0.4194
SPADES QUEEN SPADES SEVEN,0.5086,0.0252,0.4662
CLUBS JACK DIAMONDS SIX,0.5246,0.0518,0.4236
SPADES KING SPADES SEVEN,0.4916,0.013,0.4954
SPADES ACE DIAMONDS FOUR,0.529,0.0066,0.4644
CLUBS TEN DIAMONDS SIX,0.5304,0.0594,0.4102
CLUBS NINE CLUBS FOUR,0.5134,0.0864,0.4002
CLUBS EIGHT CLUBS FOUR,0.5038,0.0976,0.3986
SPADES JACK DIAMONDS FOUR,0.5532,0.0504,0.3964
SPADES TEN DIAMONDS FOUR,0.544,0.0686,0.3874
CLUBS FIVE CLUBS FOUR,0.477,0.141,0.382
CLUBS SEVEN CLUBS FOUR,0.4988,0.1182,0.383
CLUBS SIX CLUBS FOUR,0.4996,0.1306,0.3698
CLUBS SEVEN SPADES EIGHT,0.4842,0.0836,0.4322
CLUBS SEVEN SPADES NINE,0.4984,0.0728,0.4288
CLUBS SEVEN SPADES SIX,0.4832,0.1132,0.4036
CLUBS SEVEN SPADES SEVEN,0.168,0.2236,0.6084
CLUBS SEVEN SPADES FIVE,0.4984,0.1206,0.381
CLUBS SEVEN SPADES FOUR,0.5064,0.1238,0.3698
CLUBS SEVEN SPADES TWO,0.6246,0.1326,0.2428
CLUBS NINE CLUBS SEVEN,0.4804,0.0692,0.4504
CLUBS SEVEN CLUBS EIGHT,0.4686,0.0822,0.4492
HEARTS SIX DIAMONDS FIVE,0.5106,0.1388,0.3506
DIAMONDS FIVE HEARTS SEVEN,0.5208,0.1116,0.3676
DIAMONDS FIVE HEARTS EIGHT,0.52,0.0892,0.3908
HEARTS NINE DIAMONDS FIVE,0.5346,0.0756,0.3898
DIAMONDS QUEEN DIAMONDS FIVE,0.5134,0.0292,0.4574
HEARTS TWO DIAMONDS FIVE,0.6208,0.152,0.2272
HEARTS KING HEARTS EIGHT,0.4892,0.0148,0.496
DIAMONDS KING DIAMONDS FIVE,0.5048,0.0172,0.478
HEARTS THREE DIAMONDS FIVE,0.6102,0.1136,0.2762
HEARTS QUEEN HEARTS EIGHT,0.4952,0.021,0.4838
DIAMONDS ACE DIAMONDS FIVE,0.5026,0.0058,0.4916
HEARTS FOUR DIAMONDS FIVE,0.5066,0.151,0.3424
HEARTS FIVE DIAMONDS FIVE,0.185,0.2798,0.5352
HEARTS ACE HEARTS EIGHT,0.5004,0.0054,0.4942
CLUBS FOUR DIAMONDS FIVE,0.5012,0.1538,0.345
CLUBS FIVE DIAMONDS FIVE,0.1692,0.2834,0.5474
CLUBS SIX DIAMONDS FIVE,0.4942,0.1242,0.3816
CLUBS SEVEN DIAMONDS FIVE,0.5036,0.1126,0.3838
CLUBS TWO DIAMONDS FIVE,0.6244,0.1532,0.2224
SPADES TWO DIAMONDS FIVE,0.6108,0.1634,0.2258
SPADES JACK DIAMONDS EIGHT,0.5102,0.0398,0.45
SPADES FIVE DIAMONDS FIVE,0.1738,0.2768,0.5494
CLUBS TEN HEARTS JACK,0.4906,0.0248,0.4846
SPADES TEN DIAMONDS EIGHT,0.5018,0.0446,0.4536
SPADES FOUR DIAMONDS FIVE,0.5034,0.1478,0.3488
HEARTS JACK CLUBS JACK,0.188,0.09,0.722
HEARTS JACK CLUBS QUEEN,0.5052,0.0168,0.478
CLUBS NINE DIAMONDS FIVE,0.5236,0.0744,0.402
HEARTS JACK CLUBS KING,0.5288,0.0108,0.4604
CLUBS EIGHT DIAMONDS FIVE,0.5156,0.0958,0.3886
HEARTS JACK CLUBS ACE,0.5328,0.0046,0.4626
SPADES SEVEN DIAMONDS FIVE,0.5098,0.1118,0.3784
SPADES KING DIAMONDS EIGHT,0.5324,0.0124,0.4552
SPADES QUEEN DIAMONDS EIGHT,0.5366,0.026,0.4374
SPADES SIX DIAMONDS FIVE,0.5036,0.1284,0.368
SPADES NINE DIAMONDS FIVE,0.5328,0.0734,0.3938
SPADES EIGHT DIAMONDS FIVE,0.5194,0.1004,0.3802
SPADES ACE DIAMONDS EIGHT,0.519,0.0058,0.4752
DIAMONDS TEN DIAMONDS SIX,0.4944,0.065,0.4406
HEARTS ACE DIAMONDS SEVEN,0.5378,0.0034,0.4588
DIAMONDS JACK DIAMONDS SIX,0.506,0.0464,0.4476
HEARTS QUEEN DIAMONDS SEVEN,0.5398,0.0256,0.4346
HEARTS KING DIAMONDS SEVEN,0.5308,0.0178,0.4514
DIAMONDS ACE DIAMONDS SIX,0.5132,0.0054,0.4814
HEARTS FOUR DIAMONDS SIX,0.5162,0.1282,0.3556
HEARTS JACK SPADES TWO,0.6344,0.0522,0.3134
HEARTS FIVE DIAMONDS SIX,0.4952,0.1316,0.3732
SPADES TWO HEARTS TEN,0.633,0.0744,0.2926
DIAMONDS QUEEN DIAMONDS SIX,0.502,0.0258,0.4722
HEARTS TWO DIAMONDS SIX,0.6228,0.142,0.2352
DIAMONDS KING DIAMONDS SIX,0.514,0.0132,0.4728
HEARTS THREE DIAMONDS SIX,0.642,0.102,0.256
HEARTS EIGHT DIAMONDS SIX,0.502,0.0854,0.4126
HEARTS NINE DIAMONDS SIX,0.5078,0.0734,0.4188
HEARTS SIX DIAMONDS SIX,0.1816,0.2466,0.5718
HEARTS SEVEN DIAMONDS SIX,0.4954,0.1164,0.3882
HEARTS TEN DIAMONDS SEVEN,0.506,0.0516,0.4424
CLUBS TWO DIAMONDS SIX,0.6286,0.1564,0.215
HEARTS JACK DIAMONDS SEVEN,0.5288,0.0428,0.4284
CLUBS SEVEN DIAMONDS SIX,0.5036,0.1056,0.3908
DIAMONDS EIGHT CLUBS JACK,0.521,0.0392,0.4398
CLUBS SIX DIAMONDS SIX,0.1766,0.2386,0.5848
CLUBS TEN DIAMONDS EIGHT,0.4924,0.0526,0.455
CLUBS FIVE DIAMONDS SIX,0.503,0.1316,0.3654
CLUBS FOUR DIAMONDS SIX,0.5144,0.1308,0.3548
HEARTS ACE HEARTS JACK,0.4864,0.006,0.5076
DIAMONDS EIGHT CLUBS ACE,0.5234,0.0042,0.4724
HEARTS JACK HEARTS QUEEN,0.4862,0.0176,0.4962
DIAMONDS EIGHT CLUBS KING,0.527,0.0128,0.4602
CLUBS NINE DIAMONDS SIX,0.52,0.0614,0.4186
HEARTS KING HEARTS JACK,0.489,0.0098,0.5012
DIAMONDS EIGHT CLUBS QUEEN,0.5312,0.0284,0.4404
CLUBS EIGHT DIAMONDS SIX,0.493,0.0894,0.4176
SPADES TEN HEARTS KING,0.5176,0.0106,0.4718
SPADES FIVE DIAMONDS SIX,0.505,0.1302,0.3648
HEARTS ACE SPADES TWO,0.6184,0.0052,0.3764
SPADES JACK HEARTS KING,0.5272,0.0102,0.4626
SPADES FOUR DIAMONDS SIX,0.5106,0.132,0.3574
SPADES TWO HEARTS QUEEN,0.6246,0.0406,0.3348
SPADES ACE SPADES KING,0.499,0.0066,0.4944
HEARTS KING SPADES TWO,0.629,0.021,0.35
SPADES TWO DIAMONDS SIX,0.6424,0.1502,0.2074
HEARTS TEN HEARTS EIGHT,0.4586,0.0484,0.493
SPADES NINE DIAMONDS SIX,0.5166,0.075,0.4084
HEARTS JACK HEARTS EIGHT,0.4872,0.034,0.4788
SPADES EIGHT DIAMONDS SIX,0.4956,0.092,0.4124
SPADES SEVEN DIAMONDS SIX,0.496,0.1052,0.3988
SPADES SIX DIAMONDS SIX,0.1818,0.2404,0.5778
SPADES KING HEARTS KING,0.1802,0.0332,0.7866
SPADES QUEEN HEARTS KING,0.5226,0.0084,0.469
CLUBS ACE CLUBS KING,0.495,0.0054,0.4996
SPADES ACE HEARTS KING,0.5202,0.006,0.4738
SPADES ACE HEARTS JACK,0.5152,0.0056,0.4792
SPADES QUEEN HEARTS JACK,0.503,0.0168,0.4802
SPADES KING HEARTS JACK,0.5098,0.0086,0.4816
SPADES TEN DIAMONDS TEN,0.1796,0.1228,0.6976
SPADES JACK DIAMONDS TEN,0.4812,0.0282,0.4906
SPADES ACE DIAMONDS TEN,0.523,0.0038,0.4732
SPADES JACK HEARTS JACK,0.1874,0.0956,0.717
SPADES TEN HEARTS JACK,0.4962,0.0266,0.4772
SPADES QUEEN DIAMONDS TEN,0.5022,0.0206,0.4772
SPADES KING DIAMONDS TEN,0.5134,0.009,0.4776
SPADES NINE DIAMONDS SEVEN,0.515,0.064,0.421
SPADES EIGHT DIAMONDS SEVEN,0.4878,0.0936,0.4186
SPADES SEVEN DIAMONDS SEVEN,0.1812,0.217,0.6018
SPADES SIX DIAMONDS SEVEN,0.4942,0.109,0.3968
DIAMONDS KING DIAMONDS SEVEN,0.4968,0.0142,0.489
HEARTS THREE DIAMONDS SEVEN,0.654,0.083,0.263
HEARTS KING DIAMONDS FIVE,0.5516,0.015,0.4334
DIAMONDS QUEEN DIAMONDS SEVEN,0.4994,0.0202,0.4804
HEARTS TWO DIAMONDS SEVEN,0.6172,0.1234,0.2594
HEARTS QUEEN DIAMONDS FIVE,0.525,0.0312,0.4438
HEARTS FIVE DIAMONDS SEVEN,0.51,0.1112,0.3788
DIAMONDS ACE DIAMONDS SEVEN,0.5084,0.0058,0.4858
HEARTS FOUR DIAMONDS SEVEN,0.5254,0.1232,0.3514
HEARTS ACE DIAMONDS FIVE,0.5194,0.006,0.4746
HEARTS SEVEN DIAMONDS SEVEN,0.1882,0.2206,0.5912
HEARTS SIX DIAMONDS SEVEN,0.4978,0.1016,0.4006
HEARTS NINE DIAMONDS SEVEN,0.5088,0.0716,0.4196
DIAMONDS SEVEN HEARTS EIGHT,0.4798,0.0892,0.431
DIAMONDS JACK DIAMONDS SEVEN,0.4864,0.036,0.4776
HEARTS JACK DIAMONDS FIVE,0.532,0.0482,0.4198
DIAMONDS TEN DIAMONDS SEVEN,0.4766,0.05,0.4734
DIAMONDS FIVE HEARTS TEN,0.5388,0.0672,0.394
SPADES KING CLUBS TWO,0.6346,0.0198,0.3456
HEARTS KING CLUBS KING,0.188,0.034,0.778
CLUBS EIGHT DIAMONDS SEVEN,0.49,0.0896,0.4204
SPADES QUEEN CLUBS TWO,0.6318,0.0386,0.3296
HEARTS KING CLUBS QUEEN,0.5078,0.0074,0.4848
CLUBS NINE DIAMONDS SEVEN,0.4982,0.0674,0.4344
SPADES TWO CLUBS JACK,0.6376,0.0556,0.3068
SPADES ACE CLUBS TWO,0.628,0.0074,0.3646
CLUBS TEN SPADES TWO,0.6262,0.0754,0.2984
HEARTS KING CLUBS ACE,0.5256,0.0066,0.4678
CLUBS SEVEN CLUBS SIX,0.4766,0.1052,0.4182
SPADES TWO CLUBS KING,0.6292,0.0214,0.3494
SPADES TWO DIAMONDS SEVEN,0.619,0.136,0.245
CLUBS EIGHT CLUBS SIX,0.4986,0.0894,0.412
SPADES TWO CLUBS QUEEN,0.6302,0.0448,0.325
CLUBS NINE CLUBS SIX,0.495,0.0714,0.4336
SPADES FOUR DIAMONDS SEVEN,0.5188,0.1218,0.3594
HEARTS KING CLUBS JACK,0.5144,0.0092,0.4764
SPADES FIVE DIAMONDS SEVEN,0.5018,0.1142,0.384
SPADES TWO CLUBS ACE,0.628,0.0064,0.3656
CLUBS TEN HEARTS KING,0.4986,0.012,0.4894
CLUBS SIX SPADES TWO,0.63,0.1408,0.2292
CLUBS TWO DIAMONDS SEVEN,0.6414,0.1268,0.2318
CLUBS SIX SPADES FOUR,0.5136,0.1382,0.3482
CLUBS SIX SPADES FIVE,0.5036,0.1302,0.3662
CLUBS FOUR DIAMONDS SEVEN,0.5154,0.1236,0.361
CLUBS SIX SPADES SIX,0.1754,0.2468,0.5778
CLUBS FIVE DIAMONDS SEVEN,0.4942,0.1154,0.3904
CLUBS SIX SPADES SEVEN,0.4956,0.1112,0.3932
CLUBS SIX DIAMONDS SEVEN,0.492,0.1142,0.3938
CLUBS SIX SPADES EIGHT,0.5002,0.097,0.4028
SPADES JACK CLUBS TWO,0.631,0.0582,0.3108
CLUBS SEVEN DIAMONDS SEVEN,0.1754,0.214,0.6106
SPADES NINE CLUBS SIX,0.5144,0.0816,0.404
SPADES TEN CLUBS TWO,0.621,0.0716,0.3074
CLUBS TWO CLUBS QUEEN,0.6036,0.0356,0.3608
CLUBS TWO CLUBS KING,0.6182,0.0196,0.3622
CLUBS TWO CLUBS ACE,0.5976,0.0046,0.3978
CLUBS TWO DIAMONDS EIGHT,0.6318,0.109,0.2592
DIAMONDS EIGHT HEARTS SEVEN,0.496,0.0852,0.4188
HEARTS SIX DIAMONDS EIGHT,0.5034,0.0842,0.4124
DIAMONDS EIGHT HEARTS NINE,0.5032,0.0678,0.429
CLUBS TEN CLUBS TWO,0.6118,0.0666,0.3216
DIAMONDS EIGHT HEARTS EIGHT,0.1834,0.1856,0.631
CLUBS TWO CLUBS JACK,0.6004,0.0476,0.352
CLUBS NINE DIAMONDS EIGHT,0.4926,0.0634,0.444
CLUBS EIGHT DIAMONDS EIGHT,0.1866,0.1854,0.628
CLUBS FIVE DIAMONDS EIGHT,0.515,0.0954,0.3896
CLUBS FOUR DIAMONDS EIGHT,0.5198,0.1078,0.3724
CLUBS SEVEN DIAMONDS EIGHT,0.4906,0.081,0.4284
CLUBS SIX DIAMONDS EIGHT,0.4984,0.0906,0.411
DIAMONDS QUEEN DIAMONDS EIGHT,0.4928,0.0274,0.4798
HEARTS TWO DIAMONDS EIGHT,0.6352,0.108,0.2568
DIAMONDS KING DIAMONDS EIGHT,0.5042,0.0124,0.4834
HEARTS THREE DIAMONDS EIGHT,0.6612,0.0702,0.2686
DIAMONDS ACE DIAMONDS EIGHT,0.5014,0.0048,0.4938
HEARTS FOUR DIAMONDS EIGHT,0.5276,0.098,0.3744
HEARTS FIVE DIAMONDS EIGHT,0.518,0.103,0.379
DIAMONDS EIGHT DIAMONDS TEN,0.4724,0.0416,0.486
DIAMONDS EIGHT DIAMONDS JACK,0.4814,0.0328,0.4858
CLUBS FOUR HEARTS ACE,0.5152,0.0084,0.4764
CLUBS FOUR HEARTS QUEEN,0.5304,0.0402,0.4294
CLUBS FOUR HEARTS KING,0.5356,0.0194,0.445
CLUBS SIX HEARTS TEN,0.5122,0.063,0.4248
CLUBS SIX HEARTS JACK,0.545,0.0468,0.4082
DIAMONDS EIGHT SPADES FOUR,0.5212,0.1094,0.3694
SPADES FIVE DIAMONDS EIGHT,0.5116,0.096,0.3924
DIAMONDS EIGHT SPADES TWO,0.6268,0.1054,0.2678
CLUBS FOUR HEARTS JACK,0.5372,0.0532,0.4096
SPADES EIGHT DIAMONDS EIGHT,0.1818,0.1746,0.6436
SPADES TEN DIAMONDS QUEEN,0.505,0.0172,0.4778
SPADES TEN HEARTS TWO,0.6292,0.0774,0.2934
SPADES JACK HEARTS EIGHT,0.5328,0.0324,0.4348
CLUBS FOUR HEARTS TEN,0.5288,0.0622,0.409
SPADES NINE DIAMONDS EIGHT,0.489,0.0586,0.4524
SPADES TEN HEARTS EIGHT,0.4838,0.0464,0.4698
SPADES JACK HEARTS TWO,0.6386,0.0584,0.303
SPADES JACK DIAMONDS QUEEN,0.4958,0.0154,0.4888
SPADES SIX DIAMONDS EIGHT,0.5032,0.09,0.4068
SPADES SEVEN DIAMONDS EIGHT,0.4782,0.0854,0.4364
SPADES ACE HEARTS TWO,0.6122,0.007,0.3808
SPADES ACE DIAMONDS QUEEN,0.5256,0.0064,0.468
SPADES ACE HEARTS EIGHT,0.517,0.0044,0.4786
SPADES KING HEARTS EIGHT,0.5328,0.015,0.4522
SPADES QUEEN HEARTS TWO,0.6402,0.0348,0.325
SPADES QUEEN DIAMONDS QUEEN,0.1906,0.0622,0.7472
SPADES KING DIAMONDS QUEEN,0.5048,0.007,0.4882
SPADES KING HEARTS TWO,0.6324,0.0214,0.3462
SPADES QUEEN HEARTS EIGHT,0.5206,0.0218,0.4576
CLUBS TWO HEARTS TEN,0.6262,0.0792,0.2946
CLUBS TWO HEARTS JACK,0.6398,0.058,0.3022
SPADES SEVEN DIAMONDS NINE,0.51,0.0666,0.4234
SPADES SIX DIAMONDS NINE,0.5068,0.0766,0.4166
SPADES NINE DIAMONDS NINE,0.1946,0.1528,0.6526
SPADES EIGHT DIAMONDS NINE,0.4812,0.071,0.4478
SPADES TEN CLUBS KING,0.5066,0.0128,0.4806
SPADES JACK CLUBS KING,0.5038,0.0094,0.4868
DIAMONDS NINE SPADES TWO,0.6346,0.0878,0.2776
DIAMONDS NINE SPADES FIVE,0.5332,0.0792,0.3876
DIAMONDS NINE SPADES FOUR,0.531,0.0934,0.3756
CLUBS NINE DIAMONDS NINE,0.1756,0.1536,0.6708
CLUBS EIGHT DIAMONDS NINE,0.4808,0.0688,0.4504
CLUBS SIX DIAMONDS NINE,0.5036,0.0772,0.4192
SPADES JACK CLUBS FOUR,0.5344,0.0508,0.4148
CLUBS SEVEN DIAMONDS NINE,0.4904,0.0728,0.4368
SPADES TEN CLUBS FOUR,0.5352,0.0718,0.393
CLUBS FOUR DIAMONDS NINE,0.5272,0.0904,0.3824
CLUBS FIVE DIAMONDS NINE,0.5354,0.0806,0.384
CLUBS TWO DIAMONDS NINE,0.6302,0.0914,0.2784
DIAMONDS NINE HEARTS EIGHT,0.5036,0.0612,0.4352
DIAMONDS NINE HEARTS NINE,0.192,0.1538,0.6542
HEARTS SIX DIAMONDS NINE,0.5086,0.0758,0.4156
DIAMONDS NINE HEARTS SEVEN,0.5148,0.0716,0.4136
CLUBS NINE CLUBS EIGHT,0.4586,0.0648,0.4766
DIAMONDS ACE DIAMONDS NINE,0.491,0.0056,0.5034
HEARTS FOUR DIAMONDS NINE,0.539,0.089,0.372
HEARTS FIVE DIAMONDS NINE,0.53,0.0846,0.3854
CLUBS TWO HEARTS ACE,0.6312,0.0066,0.3622
SPADES ACE CLUBS FOUR,0.5324,0.0064,0.4612
DIAMONDS QUEEN DIAMONDS NINE,0.488,0.0182,0.4938
HEARTS TWO DIAMONDS NINE,0.6256,0.0908,0.2836
CLUBS TWO HEARTS KING,0.6438,0.0194,0.3368
SPADES KING CLUBS FOUR,0.5394,0.0246,0.436
DIAMONDS KING DIAMONDS NINE,0.4944,0.01,0.4956
HEARTS THREE DIAMONDS NINE,0.6554,0.0648,0.2798
CLUBS TWO HEARTS QUEEN,0.6398,0.0366,0.3236
SPADES QUEEN CLUBS FOUR,0.5426,0.035,0.4224
DIAMONDS NINE DIAMONDS JACK,0.4654,0.0282,0.5064
CLUBS EIGHT SPADES NINE,0.488,0.0576,0.4544
DIAMONDS NINE DIAMONDS TEN,0.4688,0.0492,0.482
CLUBS EIGHT SPADES EIGHT,0.1746,0.1834,0.642
CLUBS EIGHT SPADES SEVEN,0.477,0.0852,0.4378
CLUBS EIGHT SPADES SIX,0.4892,0.089,0.4218
CLUBS EIGHT SPADES FIVE,0.5044,0.1032,0.3924
CLUBS EIGHT SPADES FOUR,0.5224,0.1124,0.3652
CLUBS EIGHT SPADES TWO,0.6304,0.1114,0.2582
HEARTS SIX DIAMONDS TEN,0.5294,0.0644,0.4062
DIAMONDS TEN HEARTS SEVEN,0.5268,0.0556,0.4176
DIAMONDS TEN HEARTS EIGHT,0.5018,0.046,0.4522
CLUBS FOUR CLUBS JACK,0.5182,0.0528,0.429
DIAMONDS TEN HEARTS NINE,0.5052,0.0422,0.4526
CLUBS TEN CLUBS FOUR,0.5116,0.0742,0.4142
CLUBS FOUR CLUBS KING,0.5248,0.0218,0.4534
CLUBS FOUR CLUBS QUEEN,0.5148,0.0354,0.4498
CLUBS TWO DIAMONDS TEN,0.642,0.071,0.287
CLUBS FOUR CLUBS ACE,0.509,0.0052,0.4858
DIAMONDS JACK DIAMONDS TEN,0.464,0.029,0.507
DIAMONDS QUEEN DIAMONDS TEN,0.47,0.0156,0.5144
HEARTS TWO DIAMONDS TEN,0.6292,0.0692,0.3016
DIAMONDS KING DIAMONDS TEN,0.4778,0.0088,0.5134
HEARTS THREE DIAMONDS TEN,0.6702,0.053,0.2768
DIAMONDS ACE DIAMONDS TEN,0.4794,0.0046,0.516
HEARTS FOUR DIAMONDS TEN,0.552,0.0728,0.3752
CLUBS EIGHT HEARTS JACK,0.5202,0.039,0.4408
HEARTS FIVE DIAMONDS TEN,0.5386,0.0596,0.4018
CLUBS EIGHT HEARTS TEN,0.4936,0.046,0.4604
CLUBS EIGHT HEARTS QUEEN,0.5198,0.0214,0.4588
CLUBS EIGHT HEARTS KING,0.5264,0.0166,0.457
CLUBS EIGHT HEARTS ACE,0.5372,0.005,0.4578
CLUBS NINE SPADES TWO,0.6378,0.0902,0.272
CLUBS NINE SPADES FIVE,0.5236,0.0872,0.3892
CLUBS NINE SPADES FOUR,0.5374,0.0804,0.3822
CLUBS NINE SPADES SEVEN,0.5078,0.0674,0.4248
CLUBS NINE SPADES SIX,0.507,0.0764,0.4166
CLUBS NINE SPADES NINE,0.1858,0.1534,0.6608
CLUBS TEN HEARTS EIGHT,0.5124,0.0446,0.443
CLUBS NINE SPADES EIGHT,0.4712,0.0706,0.4582
CLUBS JACK HEARTS EIGHT,0.5142,0.032,0.4538
CLUBS QUEEN HEARTS EIGHT,0.5294,0.0204,0.4502
CLUBS KING HEARTS EIGHT,0.5274,0.0128,0.4598
CLUBS ACE HEARTS EIGHT,0.5274,0.0052,0.4674
SPADES KING CLUBS KING,0.1758,0.03,0.7942
SPADES QUEEN CLUBS KING,0.5244,0.009,0.4666
SPADES ACE CLUBS KING,0.5116,0.006,0.4824
DIAMONDS ACE HEARTS TEN,0.5212,0.005,0.4738
HEARTS FOUR HEARTS TEN,0.499,0.0622,0.4388
DIAMONDS ACE HEARTS JACK,0.5318,0.004,0.4642
HEARTS FOUR HEARTS JACK,0.5102,0.0476,0.4422
SPADES KING CLUBS FIVE,0.531,0.019,0.45
SPADES QUEEN CLUBS FIVE,0.5392,0.0322,0.4286
SPADES ACE CLUBS FIVE,0.5242,0.007,0.4688
DIAMONDS JACK HEARTS SEVEN,0.5334,0.0412,0.4254
HEARTS SIX DIAMONDS JACK,0.5452,0.0378,0.417
DIAMONDS JACK HEARTS NINE,0.5004,0.0328,0.4668
DIAMONDS JACK HEARTS EIGHT,0.508,0.0358,0.4562
DIAMONDS KING DIAMONDS JACK,0.4902,0.0072,0.5026
HEARTS THREE DIAMONDS JACK,0.6612,0.04,0.2988
SPADES ACE SPADES SIX,0.4954,0.005,0.4996
HEARTS ACE SPADES FOUR,0.5408,0.0044,0.4548
DIAMONDS QUEEN DIAMONDS JACK,0.4824,0.0132,0.5044
HEARTS TWO DIAMONDS JACK,0.6278,0.0562,0.316
HEARTS FIVE DIAMONDS JACK,0.5352,0.0482,0.4166
SPADES QUEEN SPADES SIX,0.5122,0.0276,0.4602
SPADES FOUR HEARTS QUEEN,0.547,0.036,0.417
DIAMONDS ACE DIAMONDS JACK,0.4888,0.0046,0.5066
HEARTS FOUR DIAMONDS JACK,0.5452,0.0462,0.4086
SPADES KING SPADES SIX,0.5052,0.017,0.4778
HEARTS KING SPADES FOUR,0.539,0.0206,0.4404
SPADES TEN SPADES SIX,0.4932,0.0624,0.4444
SPADES JACK SPADES SIX,0.506,0.0454,0.4486
SPADES FOUR DIAMONDS JACK,0.534,0.049,0.417
SPADES FIVE DIAMONDS JACK,0.5456,0.0442,0.4102
DIAMONDS JACK SPADES TWO,0.6398,0.0526,0.3076
SPADES ACE DIAMONDS THREE,0.6378,0.0206,0.3416
SPADES QUEEN DIAMONDS THREE,0.658,0.0306,0.3114
CLUBS EIGHT DIAMONDS JACK,0.5254,0.034,0.4406
SPADES KING DIAMONDS THREE,0.6716,0.0218,0.3066
CLUBS NINE DIAMONDS JACK,0.5092,0.0304,0.4604
CLUBS SIX DIAMONDS JACK,0.548,0.0454,0.4066
CLUBS SEVEN DIAMONDS JACK,0.5178,0.042,0.4402
CLUBS FOUR DIAMONDS JACK,0.537,0.0524,0.4106
CLUBS FIVE DIAMONDS JACK,0.5364,0.0474,0.4162
CLUBS TWO DIAMONDS JACK,0.6492,0.0544,0.2964
SPADES TEN CLUBS FIVE,0.5384,0.0664,0.3952
HEARTS SIX SPADES JACK,0.5386,0.0422,0.4192
HEARTS SIX SPADES TEN,0.5248,0.0674,0.4078
SPADES JACK CLUBS FIVE,0.5314,0.0492,0.4194
SPADES JACK DIAMONDS THREE,0.6644,0.0364,0.2992
CLUBS SEVEN CLUBS ACE,0.4998,0.0066,0.4936
DIAMONDS THREE SPADES TEN,0.649,0.0504,0.3006
CLUBS SEVEN CLUBS QUEEN,0.5064,0.0282,0.4654
CLUBS SEVEN CLUBS KING,0.516,0.015,0.469
SPADES NINE DIAMONDS JACK,0.5002,0.0318,0.468
CLUBS TEN CLUBS SEVEN,0.4862,0.057,0.4568
DIAMONDS ACE HEARTS ACE,0.189,0.0054,0.8056
HEARTS FOUR HEARTS ACE,0.4988,0.0048,0.4964
SPADES EIGHT DIAMONDS JACK,0.5092,0.0374,0.4534
SPADES ACE HEARTS SIX,0.517,0.006,0.477
CLUBS SEVEN CLUBS JACK,0.5084,0.0372,0.4544
DIAMONDS ACE HEARTS KING,0.5234,0.0054,0.4712
HEARTS FOUR HEARTS KING,0.5178,0.019,0.4632
SPADES SEVEN DIAMONDS JACK,0.5366,0.039,0.4244
SPADES KING HEARTS SIX,0.5402,0.0198,0.44
DIAMONDS ACE HEARTS QUEEN,0.5344,0.0052,0.4604
HEARTS FOUR HEARTS QUEEN,0.5228,0.041,0.4362
SPADES QUEEN HEARTS SIX,0.5224,0.0306,0.447
SPADES SIX DIAMONDS JACK,0.5334,0.0442,0.4224
SPADES TWO DIAMONDS TEN,0.638,0.0708,0.2912
SPADES FOUR DIAMONDS TEN,0.5414,0.0674,0.3912
SPADES FIVE DIAMONDS TEN,0.5258,0.0656,0.4086
SPADES SIX DIAMONDS TEN,0.537,0.0602,0.4028
SPADES SEVEN DIAMONDS TEN,0.5116,0.0572,0.4312
SPADES EIGHT DIAMONDS TEN,0.498,0.057,0.445
SPADES NINE DIAMONDS TEN,0.4954,0.045,0.4596
CLUBS FOUR DIAMONDS TEN,0.5308,0.07,0.3992
CLUBS FIVE DIAMONDS TEN,0.5418,0.0612,0.397
CLUBS SIX DIAMONDS TEN,0.517,0.0664,0.4166
CLUBS SEVEN DIAMONDS TEN,0.5086,0.0562,0.4352
CLUBS EIGHT DIAMONDS TEN,0.4982,0.0532,0.4486
CLUBS NINE DIAMONDS TEN,0.4778,0.0484,0.4738
DIAMONDS THREE CLUBS JACK,0.6648,0.0386,0.2966
CLUBS TEN DIAMONDS THREE,0.6522,0.0542,0.2936
DIAMONDS THREE CLUBS KING,0.6692,0.0238,0.307
DIAMONDS THREE CLUBS QUEEN,0.6686,0.032,0.2994
DIAMONDS THREE CLUBS ACE,0.6428,0.0204,0.3368
SPADES FOUR HEARTS JACK,0.5464,0.045,0.4086
SPADES FOUR HEARTS TEN,0.5364,0.0754,0.3882
SPADES FIVE SPADES TWO,0.5866,0.1472,0.2662
SPADES FOUR SPADES TWO,0.5808,0.163,0.2562
SPADES NINE SPADES TWO,0.5904,0.094,0.3156
SPADES EIGHT SPADES TWO,0.601,0.1044,0.2946
SPADES SEVEN SPADES TWO,0.5976,0.1228,0.2796
SPADES SIX SPADES TWO,0.5878,0.1442,0.268
DIAMONDS QUEEN CLUBS TWO,0.6438,0.0396,0.3166
CLUBS TWO HEARTS TWO,0.4924,0.3392,0.1684
DIAMONDS QUEEN HEARTS SEVEN,0.5358,0.0292,0.435
HEARTS TWO HEARTS SEVEN,0.596,0.121,0.283
HEARTS SIX DIAMONDS QUEEN,0.538,0.0324,0.4296
HEARTS SIX HEARTS TWO,0.6008,0.13,0.2692
DIAMONDS QUEEN HEARTS NINE,0.5134,0.02,0.4666
HEARTS TWO HEARTS NINE,0.5972,0.0802,0.3226
DIAMONDS QUEEN HEARTS EIGHT,0.5206,0.0216,0.4578
HEARTS TWO HEARTS EIGHT,0.6002,0.1002,0.2996
CLUBS NINE HEARTS TWO,0.619,0.1018,0.2792
CLUBS NINE DIAMONDS QUEEN,0.504,0.0252,0.4708
CLUBS EIGHT HEARTS TWO,0.6214,0.1102,0.2684
CLUBS EIGHT DIAMONDS QUEEN,0.5194,0.0272,0.4534
CLUBS FIVE DIAMONDS QUEEN,0.5354,0.033,0.4316
CLUBS FIVE HEARTS TWO,0.6226,0.1568,0.2206
SPADES EIGHT HEARTS ACE,0.5164,0.0062,0.4774
DIAMONDS QUEEN CLUBS FOUR,0.5294,0.0332,0.4374
HEARTS TWO CLUBS FOUR,0.6198,0.1668,0.2134
CLUBS SEVEN DIAMONDS QUEEN,0.5336,0.0264,0.44
CLUBS SEVEN HEARTS TWO,0.631,0.1206,0.2484
SPADES EIGHT HEARTS QUEEN,0.5158,0.0238,0.4604
CLUBS SIX DIAMONDS QUEEN,0.537,0.0288,0.4342
CLUBS SIX HEARTS TWO,0.6228,0.1484,0.2288
SPADES EIGHT HEARTS KING,0.5416,0.0134,0.445
HEARTS TWO SPADES SIX,0.6268,0.1408,0.2324
DIAMONDS QUEEN SPADES SIX,0.521,0.0338,0.4452
HEARTS FOUR CLUBS QUEEN,0.5514,0.0358,0.4128
DIAMONDS ACE CLUBS QUEEN,0.513,0.006,0.481
DIAMONDS QUEEN SPADES SEVEN,0.528,0.0254,0.4466
HEARTS TWO SPADES SEVEN,0.6136,0.1284,0.258
HEARTS FOUR CLUBS KING,0.5426,0.0226,0.4348
DIAMONDS ACE CLUBS KING,0.5216,0.0064,0.472
DIAMONDS QUEEN SPADES EIGHT,0.5154,0.024,0.4606
SPADES EIGHT HEARTS TWO,0.6094,0.1202,0.2704
HEARTS FOUR CLUBS ACE,0.5328,0.0062,0.461
DIAMONDS ACE CLUBS ACE,0.1884,0.0046,0.807
SPADES NINE DIAMONDS QUEEN,0.5192,0.0198,0.461
SPADES NINE HEARTS TWO,0.63,0.0924,0.2776
HEARTS TWO SPADES TWO,0.4968,0.3318,0.1714
DIAMONDS QUEEN SPADES TWO,0.6414,0.0354,0.3232
HEARTS TWO SPADES FOUR,0.6054,0.1766,0.218
DIAMONDS QUEEN SPADES FOUR,0.5352,0.0352,0.4296
HEARTS FOUR CLUBS TEN,0.5428,0.0678,0.3894
CLUBS TEN DIAMONDS ACE,0.5098,0.0056,0.4846
HEARTS TWO SPADES FIVE,0.6272,0.1472,0.2256
DIAMONDS QUEEN SPADES FIVE,0.5416,0.0298,0.4286
HEARTS FOUR CLUBS JACK,0.5326,0.0534,0.414
DIAMONDS ACE CLUBS JACK,0.527,0.006,0.467
CLUBS FIVE CLUBS KING,0.506,0.0168,0.4772
CLUBS FIVE CLUBS QUEEN,0.5268,0.0328,0.4404
CLUBS FIVE CLUBS ACE,0.4998,0.0068,0.4934
CLUBS FIVE CLUBS JACK,0.5086,0.0468,0.4446
CLUBS TEN CLUBS FIVE,0.511,0.0672,0.4218
SPADES KING CLUBS JACK,0.5106,0.0098,0.4796
SPADES QUEEN CLUBS JACK,0.5024,0.0154,0.4822
SPADES ACE CLUBS JACK,0.5068,0.0072,0.486
SPADES SIX CLUBS KING,0.5224,0.0146,0.463
SPADES SIX CLUBS QUEEN,0.5286,0.0284,0.443
SPADES EIGHT HEARTS JACK,0.5036,0.0322,0.4642
SPADES SIX CLUBS ACE,0.5434,0.006,0.4506
SPADES EIGHT HEARTS TEN,0.4942,0.0492,0.4566
SPADES SIX CLUBS JACK,0.5342,0.0474,0.4184
CLUBS TEN SPADES SIX,0.533,0.0588,0.4082
SPADES TEN CLUBS JACK,0.4988,0.0248,0.4764
SPADES JACK CLUBS JACK,0.186,0.0852,0.7288
SPADES QUEEN CLUBS SEVEN,0.525,0.0306,0.4444
SPADES KING CLUBS SEVEN,0.5206,0.014,0.4654
SPADES ACE CLUBS SEVEN,0.5162,0.0072,0.4766
SPADES SIX HEARTS TEN,0.5234,0.0554,0.4212
SPADES SIX HEARTS JACK,0.5302,0.0438,0.426
SPADES SIX HEARTS ACE,0.5376,0.006,0.4564
SPADES SIX HEARTS KING,0.5444,0.0168,0.4388
SPADES SIX HEARTS QUEEN,0.5276,0.0274,0.445
CLUBS SEVEN SPADES JACK,0.518,0.039,0.443
CLUBS SEVEN SPADES TEN,0.5052,0.0574,0.4374
CLUBS TEN HEARTS SIX,0.5158,0.0586,0.4256
HEARTS SIX CLUBS JACK,0.5312,0.0388,0.43
CLUBS ACE CLUBS JACK,0.4964,0.0058,0.4978
HEARTS SIX CLUBS QUEEN,0.5374,0.0264,0.4362
HEARTS SIX CLUBS KING,0.5406,0.0176,0.4418
HEARTS SIX CLUBS ACE,0.5296,0.0074,0.463
CLUBS QUEEN CLUBS JACK,0.4824,0.0148,0.5028
CLUBS KING CLUBS JACK,0.4912,0.009,0.4998
DIAMONDS THREE HEARTS ACE,0.6476,0.022,0.3304
DIAMONDS THREE HEARTS QUEEN,0.6664,0.0338,0.2998
DIAMONDS THREE HEARTS KING,0.6556,0.026,0.3184
CLUBS FIVE HEARTS JACK,0.5472,0.0442,0.4086
SPADES TEN DIAMONDS ACE,0.5132,0.0058,0.481
HEARTS FOUR SPADES TEN,0.5326,0.0716,0.3958
CLUBS FIVE HEARTS TEN,0.5302,0.0662,0.4036
HEARTS FOUR SPADES JACK,0.5306,0.0502,0.4192
SPADES JACK DIAMONDS ACE,0.503,0.0046,0.4924
SPADES ACE HEARTS FOUR,0.5298,0.005,0.4652
SPADES ACE DIAMONDS ACE,0.1836,0.0052,0.8112
CLUBS FIVE HEARTS ACE,0.518,0.005,0.477
CLUBS FIVE HEARTS KING,0.5312,0.0166,0.4522
HEARTS FOUR SPADES QUEEN,0.5392,0.0358,0.425
SPADES QUEEN DIAMONDS ACE,0.5258,0.0072,0.467
SPADES FOUR CLUBS JACK,0.5408,0.0546,0.4046
CLUBS FIVE HEARTS QUEEN,0.5492,0.0308,0.42
SPADES KING DIAMONDS ACE,0.5244,0.005,0.4706
HEARTS FOUR SPADES KING,0.5476,0.022,0.4304
CLUBS TEN SPADES FOUR,0.5384,0.0658,0.3958
DIAMONDS QUEEN DIAMONDS ACE,0.499,0.0048,0.4962
HEARTS TWO DIAMONDS ACE,0.6258,0.0066,0.3676
HEARTS FOUR DIAMONDS QUEEN,0.5438,0.034,0.4222
HEARTS FOUR HEARTS TWO,0.5726,0.1752,0.2522
DIAMONDS THREE HEARTS TEN,0.6594,0.052,0.2886
SPADES FOUR CLUBS KING,0.5442,0.0238,0.432
HEARTS FIVE DIAMONDS QUEEN,0.541,0.0292,0.4298
HEARTS FIVE HEARTS TWO,0.5804,0.1558,0.2638
DIAMONDS THREE HEARTS JACK,0.6594,0.0392,0.3014
SPADES FOUR CLUBS QUEEN,0.5264,0.0358,0.4378
DIAMONDS QUEEN HEARTS TWO,0.6302,0.0332,0.3366
DIAMONDS KING DIAMONDS QUEEN,0.4774,0.0072,0.5154
DIAMONDS KING HEARTS TWO,0.6336,0.0216,0.3448
HEARTS THREE DIAMONDS QUEEN,0.6812,0.0312,0.2876
HEARTS THREE HEARTS TWO,0.7368,0.1302,0.133
SPADES FOUR CLUBS ACE,0.515,0.0068,0.4782
HEARTS TWO CLUBS ACE,0.6222,0.0056,0.3722
DIAMONDS QUEEN CLUBS ACE,0.504,0.0048,0.4912
HEARTS TWO CLUBS QUEEN,0.6394,0.0354,0.3252
DIAMONDS QUEEN CLUBS QUEEN,0.1842,0.0702,0.7456
HEARTS TWO CLUBS KING,0.6368,0.0216,0.3416
DIAMONDS QUEEN CLUBS KING,0.517,0.009,0.474
SPADES EIGHT SPADES FIVE,0.4922,0.0966,0.4112
CLUBS TEN HEARTS TWO,0.6206,0.0744,0.305
CLUBS TEN DIAMONDS QUEEN,0.4978,0.0164,0.4858
SPADES NINE SPADES FIVE,0.5034,0.0884,0.4082
HEARTS TWO CLUBS JACK,0.6296,0.0538,0.3166
DIAMONDS QUEEN CLUBS JACK,0.5018,0.0168,0.4814
SPADES SIX SPADES FIVE,0.4656,0.1294,0.405
SPADES SEVEN SPADES FIVE,0.4906,0.0992,0.4102
DIAMONDS FIVE CLUBS QUEEN,0.5394,0.0348,0.4258
SPADES EIGHT CLUBS ACE,0.514,0.0058,0.4802
DIAMONDS FIVE CLUBS KING,0.5404,0.0178,0.4418
SPADES EIGHT CLUBS KING,0.532,0.0144,0.4536
CLUBS ACE DIAMONDS FIVE,0.5218,0.0066,0.4716
SPADES EIGHT CLUBS QUEEN,0.5202,0.0234,0.4564
SPADES EIGHT CLUBS JACK,0.4996,0.0354,0.465
CLUBS TEN SPADES EIGHT,0.4994,0.0494,0.4512
CLUBS TEN DIAMONDS FIVE,0.5418,0.0622,0.396
DIAMONDS FIVE CLUBS JACK,0.5318,0.0492,0.419
HEARTS JACK DIAMONDS TEN,0.4962,0.0266,0.4772
DIAMONDS TEN HEARTS TEN,0.199,0.1258,0.6752
SPADES ACE CLUBS NINE,0.5234,0.0044,0.4722
CLUBS NINE SPADES QUEEN,0.5114,0.0206,0.468
CLUBS NINE SPADES KING,0.523,0.0134,0.4636
HEARTS SIX HEARTS KING,0.5204,0.015,0.4646
DIAMONDS KING SPADES SEVEN,0.5306,0.0158,0.4536
HEARTS THREE SPADES SEVEN,0.6506,0.0836,0.2658
SPADES KING DIAMONDS SEVEN,0.5276,0.0136,0.4588
HEARTS SIX HEARTS QUEEN,0.5082,0.027,0.4648
SPADES QUEEN DIAMONDS SEVEN,0.5306,0.029,0.4404
HEARTS THREE SPADES SIX,0.628,0.1064,0.2656
