opposingHand,winningChance,drawChance,lostChance
CLUBS FIVE SPADES SIX
HEARTS FIVE SPADES TEN,0.2832,0.0752,0.6416
SPADES JACK HEARTS FIVE,0.2862,0.0574,0.6564
SPADES FIVE CLUBS JACK,0.2818,0.0598,0.6584
CLUBS TEN SPADES FIVE,0.2876,0.0802,0.6322
CLUBS EIGHT CLUBS JACK,0.3486,0.0156,0.6358
CLUBS TEN CLUBS EIGHT,0.3374,0.0254,0.6372
CLUBS EIGHT CLUBS KING,0.3522,0.0082,0.6396
SPADES FIVE CLUBS ACE,0.2584,0.0212,0.7204
CLUBS EIGHT CLUBS QUEEN,0.3538,0.0138,0.6324
SPADES FIVE CLUBS KING,0.278,0.0302,0.6918
SPADES FIVE CLUBS QUEEN,0.2906,0.0446,0.6648
CLUBS EIGHT CLUBS ACE,0.3518,0.0046,0.6436
DIAMONDS TWO DIAMONDS THREE,0.502,0.1488,0.3492
DIAMONDS TWO DIAMONDS FIVE,0.466,0.2496,0.2844
SPADES KING HEARTS FIVE,0.2678,0.0354,0.6968
DIAMONDS TWO DIAMONDS FOUR,0.5124,0.1416,0.346
SPADES QUEEN HEARTS FIVE,0.2882,0.045,0.6668
DIAMONDS TWO DIAMONDS SEVEN,0.4116,0.0996,0.4888
DIAMONDS TWO DIAMONDS SIX,0.326,0.4118,0.2622
SPADES ACE HEARTS FIVE,0.2696,0.0224,0.708
DIAMONDS TWO DIAMONDS NINE,0.4122,0.0438,0.544
DIAMONDS TWO DIAMONDS EIGHT,0.3992,0.064,0.5368
DIAMONDS THREE DIAMONDS FOUR,0.5066,0.1356,0.3578
CLUBS TWO SPADES FOUR,0.5364,0.1508,0.3128
DIAMONDS THREE DIAMONDS FIVE,0.4638,0.247,0.2892
CLUBS TWO SPADES FIVE,0.4882,0.28,0.2318
CLUBS TWO SPADES TWO,0.3918,0.126,0.4822
CLUBS TWO SPADES THREE,0.5446,0.1598,0.2956
DIAMONDS THREE DIAMONDS EIGHT,0.4062,0.0636,0.5302
SPADES EIGHT CLUBS TWO,0.4222,0.0744,0.5034
DIAMONDS THREE DIAMONDS NINE,0.4118,0.04,0.5482
SPADES NINE CLUBS TWO,0.4296,0.0434,0.527
DIAMONDS THREE DIAMONDS SIX,0.3188,0.4254,0.2558
DIAMONDS THREE DIAMONDS SEVEN,0.4052,0.0942,0.5006
CLUBS TWO SPADES SEVEN,0.427,0.1016,0.4714
CLUBS SIX CLUBS TWO,0.3312,0.425,0.2438
CLUBS SEVEN CLUBS TWO,0.4136,0.097,0.4894
CLUBS FOUR CLUBS TWO,0.515,0.1446,0.3404
CLUBS TEN CLUBS JACK,0.3242,0.0142,0.6616
DIAMONDS FOUR DIAMONDS SIX,0.312,0.4292,0.2588
CLUBS TEN CLUBS QUEEN,0.3452,0.0114,0.6434
DIAMONDS FOUR DIAMONDS SEVEN,0.3696,0.0994,0.531
CLUBS TEN CLUBS KING,0.3582,0.0078,0.634
CLUBS TEN CLUBS ACE,0.3372,0.0062,0.6566
CLUBS EIGHT CLUBS TWO,0.4112,0.0626,0.5262
DIAMONDS FIVE DIAMONDS FOUR,0.4476,0.259,0.2934
CLUBS NINE CLUBS TWO,0.4012,0.0398,0.559
DIAMONDS NINE DIAMONDS FOUR,0.3976,0.0446,0.5578
DIAMONDS EIGHT DIAMONDS FOUR,0.382,0.0682,0.5498
CLUBS TWO CLUBS THREE,0.5142,0.147,0.3388
DIAMONDS NINE DIAMONDS FIVE,0.2614,0.1008,0.6378
DIAMONDS TWO CLUBS JACK,0.4202,0.019,0.5608
DIAMONDS EIGHT DIAMONDS FIVE,0.2494,0.135,0.6156
CLUBS TEN DIAMONDS TWO,0.4272,0.032,0.5408
DIAMONDS FIVE DIAMONDS SEVEN,0.2262,0.1946,0.5792
DIAMONDS FIVE DIAMONDS SIX,0.0254,0.9074,0.0672
DIAMONDS TWO CLUBS ACE,0.422,0.0044,0.5736
DIAMONDS TWO CLUBS KING,0.434,0.0104,0.5556
DIAMONDS TWO CLUBS QUEEN,0.4256,0.0146,0.5598
DIAMONDS EIGHT DIAMONDS SIX,0.2378,0.1402,0.622
DIAMONDS NINE DIAMONDS SIX,0.2502,0.1034,0.6464
HEARTS ACE SPADES THREE,0.4148,0.0048,0.5804
HEARTS KING SPADES THREE,0.4282,0.0078,0.564
DIAMONDS SEVEN DIAMONDS SIX,0.2388,0.1796,0.5816
SPADES THREE HEARTS QUEEN,0.4262,0.0112,0.5626
SPADES THREE HEARTS JACK,0.4172,0.022,0.5608
SPADES THREE HEARTS TEN,0.414,0.0286,0.5574
DIAMONDS EIGHT DIAMONDS SEVEN,0.3222,0.0528,0.625
DIAMONDS NINE DIAMONDS SEVEN,0.341,0.042,0.617
DIAMONDS NINE DIAMONDS EIGHT,0.3156,0.0398,0.6446
DIAMONDS KING HEARTS TEN,0.3638,0.0052,0.631
HEARTS THREE HEARTS TEN,0.3938,0.0248,0.5814
SPADES JACK CLUBS SIX,0.2662,0.0606,0.6732
DIAMONDS KING HEARTS JACK,0.382,0.006,0.612
HEARTS THREE HEARTS JACK,0.3994,0.0182,0.5824
SPADES TEN CLUBS SIX,0.2622,0.0858,0.652
SPADES JACK SPADES FIVE,0.2762,0.0596,0.6642
SPADES TEN SPADES FIVE,0.2694,0.0698,0.6608
DIAMONDS KING HEARTS ACE,0.3788,0.0036,0.6176
HEARTS THREE HEARTS ACE,0.3858,0.0042,0.61
SPADES ACE CLUBS SIX,0.2724,0.0248,0.7028
DIAMONDS KING HEARTS QUEEN,0.386,0.0046,0.6094
HEARTS THREE HEARTS QUEEN,0.4112,0.011,0.5778
SPADES KING CLUBS SIX,0.2746,0.0376,0.6878
DIAMONDS KING HEARTS KING,0.2018,0.0164,0.7818
HEARTS THREE HEARTS KING,0.4068,0.009,0.5842
SPADES QUEEN CLUBS SIX,0.2766,0.0528,0.6706
SPADES NINE HEARTS TEN,0.3506,0.0212,0.6282
SPADES NINE HEARTS JACK,0.3616,0.0178,0.6206
SPADES QUEEN SPADES FIVE,0.2764,0.0458,0.6778
SPADES KING SPADES FIVE,0.2782,0.0282,0.6936
SPADES ACE SPADES FIVE,0.2564,0.0254,0.7182
SPADES NINE HEARTS QUEEN,0.367,0.0092,0.6238
SPADES NINE HEARTS KING,0.3874,0.0076,0.605
SPADES NINE HEARTS ACE,0.3666,0.0028,0.6306
CLUBS TEN SPADES JACK,0.321,0.0146,0.6644
CLUBS TEN SPADES TEN,0.1694,0.0636,0.767
SPADES ACE CLUBS TEN,0.3654,0.0046,0.63
SPADES KING CLUBS TEN,0.3658,0.0076,0.6266
CLUBS TEN SPADES QUEEN,0.3638,0.0132,0.623
SPADES FIVE HEARTS QUEEN,0.286,0.0488,0.6652
SPADES FIVE HEARTS KING,0.2948,0.0296,0.6756
SPADES FIVE HEARTS ACE,0.2712,0.021,0.7078
CLUBS EIGHT SPADES TEN,0.3432,0.0288,0.628
HEARTS THREE SPADES JACK,0.4162,0.0194,0.5644
SPADES JACK DIAMONDS KING,0.36,0.0084,0.6316
SPADES TEN DIAMONDS KING,0.3604,0.0082,0.6314
HEARTS THREE SPADES TEN,0.407,0.0294,0.5636
SPADES JACK CLUBS EIGHT,0.3584,0.0162,0.6254
CLUBS SIX HEARTS ACE,0.2798,0.0286,0.6916
SPADES ACE CLUBS EIGHT,0.3592,0.005,0.6358
HEARTS FIVE CLUBS JACK,0.29,0.0572,0.6528
CLUBS TEN HEARTS FIVE,0.2844,0.0806,0.635
CLUBS SIX HEARTS QUEEN,0.2854,0.042,0.6726
SPADES QUEEN CLUBS EIGHT,0.3668,0.0126,0.6206
CLUBS TEN SPADES THREE,0.4316,0.0298,0.5386
CLUBS SIX HEARTS KING,0.2882,0.037,0.6748
SPADES KING CLUBS EIGHT,0.367,0.0092,0.6238
SPADES THREE CLUBS JACK,0.435,0.0194,0.5456
DIAMONDS TWO HEARTS JACK,0.417,0.0184,0.5646
SPADES THREE CLUBS QUEEN,0.4186,0.015,0.5664
DIAMONDS TWO HEARTS TEN,0.4432,0.029,0.5278
SPADES THREE CLUBS KING,0.4134,0.0114,0.5752
HEARTS FIVE CLUBS ACE,0.2584,0.0224,0.7192
SPADES FIVE HEARTS TEN,0.2924,0.0762,0.6314
SPADES THREE CLUBS ACE,0.3974,0.0058,0.5968
HEARTS FIVE CLUBS KING,0.286,0.0354,0.6786
SPADES FIVE HEARTS JACK,0.2864,0.0658,0.6478
HEARTS FIVE CLUBS QUEEN,0.2942,0.0422,0.6636
HEARTS THREE CLUBS KING,0.4236,0.0088,0.5676
DIAMONDS KING CLUBS KING,0.1906,0.0174,0.792
HEARTS THREE CLUBS QUEEN,0.431,0.0126,0.5564
DIAMONDS KING CLUBS QUEEN,0.3722,0.0078,0.62
HEARTS FIVE HEARTS JACK,0.2692,0.0578,0.673
HEARTS FIVE HEARTS TEN,0.2658,0.0718,0.6624
HEARTS THREE CLUBS ACE,0.401,0.0062,0.5928
DIAMONDS KING CLUBS ACE,0.3638,0.0052,0.631
SPADES ACE CLUBS QUEEN,0.366,0.003,0.631
SPADES KING CLUBS QUEEN,0.3682,0.0066,0.6252
HEARTS THREE CLUBS JACK,0.4236,0.0218,0.5546
DIAMONDS KING CLUBS JACK,0.355,0.0098,0.6352
SPADES QUEEN CLUBS QUEEN,0.1736,0.0342,0.7922
CLUBS TEN HEARTS THREE,0.4156,0.0276,0.5568
CLUBS TEN DIAMONDS KING,0.3548,0.008,0.6372
SPADES JACK CLUBS QUEEN,0.36,0.0102,0.6298
CLUBS SIX CLUBS QUEEN,0.2772,0.05,0.6728
SPADES TEN CLUBS QUEEN,0.3598,0.0122,0.628
CLUBS SIX CLUBS KING,0.2728,0.0376,0.6896
CLUBS SIX CLUBS ACE,0.2764,0.0226,0.701
HEARTS FIVE HEARTS KING,0.2776,0.0294,0.693
HEARTS FIVE HEARTS QUEEN,0.271,0.0386,0.6904
CLUBS TEN CLUBS SIX,0.2592,0.0716,0.6692
HEARTS FIVE HEARTS ACE,0.2556,0.0186,0.7258
CLUBS SIX CLUBS JACK,0.2718,0.0522,0.676
SPADES SEVEN HEARTS JACK,0.3602,0.0168,0.623
SPADES SEVEN HEARTS TEN,0.3496,0.0288,0.6216
DIAMONDS TWO CLUBS TWO,0.3786,0.1304,0.491
DIAMONDS TWO CLUBS THREE,0.5404,0.152,0.3076
HEARTS SIX DIAMONDS TWO,0.3556,0.441,0.2034
DIAMONDS TWO HEARTS QUEEN,0.4362,0.0144,0.5494
DIAMONDS TWO HEARTS SEVEN,0.4348,0.1064,0.4588
DIAMONDS TWO HEARTS KING,0.4324,0.0096,0.558
DIAMONDS TWO HEARTS EIGHT,0.4368,0.0678,0.4954
DIAMONDS TWO HEARTS ACE,0.4242,0.004,0.5718
DIAMONDS TWO HEARTS NINE,0.4316,0.045,0.5234
DIAMONDS TWO DIAMONDS QUEEN,0.3988,0.015,0.5862
DIAMONDS TWO HEARTS TWO,0.3766,0.1248,0.4986
DIAMONDS TWO DIAMONDS KING,0.4096,0.0082,0.5822
HEARTS THREE DIAMONDS TWO,0.5294,0.1534,0.3172
DIAMONDS TWO DIAMONDS ACE,0.3938,0.0038,0.6024
HEARTS FOUR DIAMONDS TWO,0.545,0.149,0.306
DIAMONDS TWO HEARTS FIVE,0.4928,0.2612,0.246
SPADES SEVEN HEARTS ACE,0.3588,0.004,0.6372
DIAMONDS TWO DIAMONDS TEN,0.4082,0.0298,0.562
SPADES SEVEN HEARTS KING,0.3688,0.0084,0.6228
DIAMONDS TWO DIAMONDS JACK,0.4006,0.023,0.5764
SPADES SEVEN HEARTS QUEEN,0.3608,0.012,0.6272
DIAMONDS TWO SPADES NINE,0.4332,0.05,0.5168
DIAMONDS TWO SPADES EIGHT,0.4272,0.0652,0.5076
DIAMONDS TWO SPADES SEVEN,0.436,0.1078,0.4562
DIAMONDS TWO SPADES FIVE,0.495,0.2728,0.2322
DIAMONDS TWO SPADES FOUR,0.536,0.1632,0.3008
DIAMONDS TWO SPADES THREE,0.5316,0.1582,0.3102
DIAMONDS TWO SPADES TWO,0.3766,0.1266,0.4968
CLUBS NINE DIAMONDS TWO,0.4358,0.0434,0.5208
DIAMONDS TWO CLUBS EIGHT,0.4268,0.0678,0.5054
CLUBS SEVEN DIAMONDS TWO,0.43,0.0928,0.4772
DIAMONDS TWO CLUBS SIX,0.3384,0.44,0.2216
DIAMONDS TWO CLUBS FOUR,0.5428,0.1558,0.3014
CLUBS FOUR SPADES FIVE,0.4924,0.2684,0.2392
CLUBS FOUR SPADES FOUR,0.3572,0.1324,0.5104
CLUBS FOUR SPADES THREE,0.539,0.1498,0.3112
CLUBS FOUR SPADES TWO,0.5416,0.1616,0.2968
CLUBS FOUR SPADES NINE,0.4368,0.044,0.5192
CLUBS FOUR SPADES EIGHT,0.4094,0.068,0.5226
CLUBS FOUR SPADES SEVEN,0.3952,0.1062,0.4986
SPADES ACE DIAMONDS SIX,0.2802,0.0288,0.691
SPADES QUEEN DIAMONDS SIX,0.2806,0.0476,0.6718
SPADES KING DIAMONDS SIX,0.2742,0.0402,0.6856
SPADES TEN DIAMONDS SIX,0.2648,0.0798,0.6554
SPADES JACK DIAMONDS SIX,0.2748,0.061,0.6642
SPADES QUEEN SPADES TWO,0.4138,0.013,0.5732
SPADES KING SPADES TWO,0.4024,0.0098,0.5878
SPADES ACE SPADES TWO,0.4008,0.0066,0.5926
DIAMONDS JACK CLUBS JACK,0.1784,0.0484,0.7732
CLUBS TEN DIAMONDS JACK,0.3454,0.013,0.6416
DIAMONDS JACK CLUBS KING,0.3658,0.0066,0.6276
DIAMONDS JACK CLUBS QUEEN,0.3698,0.01,0.6202
DIAMONDS THREE DIAMONDS JACK,0.3866,0.018,0.5954
DIAMONDS THREE DIAMONDS TEN,0.4066,0.0288,0.5646
DIAMONDS JACK CLUBS ACE,0.3656,0.0044,0.63
DIAMONDS THREE DIAMONDS KING,0.381,0.0082,0.6108
HEARTS THREE DIAMONDS THREE,0.3682,0.116,0.5158
DIAMONDS THREE DIAMONDS QUEEN,0.4102,0.016,0.5738
DIAMONDS THREE HEARTS TWO,0.5304,0.157,0.3126
HEARTS FIVE DIAMONDS THREE,0.4962,0.2648,0.239
DIAMONDS THREE DIAMONDS ACE,0.397,0.0058,0.5972
HEARTS FOUR DIAMONDS THREE,0.5268,0.1644,0.3088
DIAMONDS THREE HEARTS SEVEN,0.42,0.1056,0.4744
SPADES TEN SPADES NINE,0.335,0.0184,0.6466
HEARTS SIX DIAMONDS THREE,0.346,0.4454,0.2086
SPADES JACK SPADES NINE,0.3384,0.0188,0.6428
DIAMONDS THREE HEARTS NINE,0.4254,0.0434,0.5312
HEARTS JACK DIAMONDS FOUR,0.421,0.0174,0.5616
HEARTS KING HEARTS ACE,0.362,0.0042,0.6338
SPADES TEN SPADES TWO,0.4064,0.0284,0.5652
DIAMONDS THREE HEARTS EIGHT,0.4212,0.064,0.5148
HEARTS TEN DIAMONDS FOUR,0.4186,0.0254,0.556
SPADES JACK SPADES TWO,0.4136,0.0206,0.5658
HEARTS QUEEN DIAMONDS FOUR,0.4304,0.014,0.5556
HEARTS KING DIAMONDS FOUR,0.4304,0.0076,0.562
SPADES ACE SPADES NINE,0.3586,0.0056,0.6358
HEARTS ACE DIAMONDS FOUR,0.4034,0.0034,0.5932
SPADES KING SPADES NINE,0.361,0.0074,0.6316
SPADES QUEEN SPADES NINE,0.353,0.0124,0.6346
DIAMONDS THREE SPADES NINE,0.4232,0.0458,0.531
DIAMONDS THREE SPADES EIGHT,0.431,0.0684,0.5006
DIAMONDS THREE SPADES SEVEN,0.402,0.099,0.499
DIAMONDS THREE CLUBS SIX,0.3206,0.4542,0.2252
CLUBS ACE DIAMONDS FOUR,0.4098,0.005,0.5852
CLUBS SEVEN DIAMONDS THREE,0.4168,0.108,0.4752
DIAMONDS THREE CLUBS FOUR,0.5308,0.152,0.3172
DIAMONDS FOUR CLUBS QUEEN,0.4212,0.015,0.5638
CLUBS KING DIAMONDS FOUR,0.4192,0.0078,0.573
DIAMONDS THREE CLUBS TWO,0.527,0.1586,0.3144
CLUBS TEN DIAMONDS FOUR,0.4178,0.0326,0.5496
DIAMONDS THREE CLUBS THREE,0.376,0.125,0.499
DIAMONDS FOUR CLUBS JACK,0.42,0.018,0.562
DIAMONDS THREE SPADES FOUR,0.5366,0.1524,0.311
DIAMONDS THREE SPADES FIVE,0.4958,0.2648,0.2394
DIAMONDS THREE SPADES TWO,0.5384,0.1504,0.3112
DIAMONDS THREE SPADES THREE,0.364,0.1304,0.5056
CLUBS EIGHT DIAMONDS THREE,0.4222,0.067,0.5108
CLUBS NINE DIAMONDS THREE,0.43,0.0442,0.5258
SPADES SEVEN CLUBS ACE,0.3594,0.0062,0.6344
SPADES SEVEN CLUBS QUEEN,0.3764,0.0136,0.61
SPADES SEVEN CLUBS KING,0.3628,0.0076,0.6296
CLUBS TEN SPADES SEVEN,0.3476,0.026,0.6264
SPADES SEVEN CLUBS JACK,0.359,0.0164,0.6246
CLUBS ACE CLUBS QUEEN,0.3524,0.0044,0.6432
CLUBS KING CLUBS QUEEN,0.3554,0.0052,0.6394
DIAMONDS TEN DIAMONDS FOUR,0.3964,0.0262,0.5774
CLUBS TEN DIAMONDS NINE,0.3536,0.0274,0.619
DIAMONDS JACK DIAMONDS FOUR,0.3964,0.022,0.5816
DIAMONDS NINE CLUBS JACK,0.3572,0.0164,0.6264
SPADES NINE CLUBS JACK,0.3516,0.018,0.6304
CLUBS TEN SPADES NINE,0.3342,0.0274,0.6384
DIAMONDS ACE DIAMONDS FOUR,0.3982,0.0054,0.5964
HEARTS FOUR DIAMONDS FOUR,0.3604,0.132,0.5076
DIAMONDS JACK HEARTS TEN,0.3484,0.0136,0.638
SPADES NINE CLUBS KING,0.359,0.007,0.634
DIAMONDS TWO SPADES TEN,0.4176,0.0292,0.5532
DIAMONDS NINE CLUBS ACE,0.3714,0.0032,0.6254
HEARTS FIVE DIAMONDS FOUR,0.4916,0.2666,0.2418
HEARTS JACK DIAMONDS JACK,0.1942,0.045,0.7608
SPADES NINE CLUBS QUEEN,0.3734,0.0136,0.613
DIAMONDS TWO SPADES JACK,0.4326,0.0182,0.5492
DIAMONDS QUEEN DIAMONDS FOUR,0.3978,0.0116,0.5906
HEARTS TWO DIAMONDS FOUR,0.544,0.1516,0.3044
DIAMONDS NINE CLUBS QUEEN,0.363,0.01,0.627
DIAMONDS KING DIAMONDS FOUR,0.4012,0.0066,0.5922
HEARTS THREE DIAMONDS FOUR,0.5174,0.1514,0.3312
SPADES NINE CLUBS ACE,0.3732,0.0044,0.6224
DIAMONDS NINE CLUBS KING,0.3646,0.0062,0.6292
HEARTS ACE DIAMONDS JACK,0.3648,0.0038,0.6314
SPADES ACE DIAMONDS TWO,0.411,0.0058,0.5832
DIAMONDS JACK HEARTS QUEEN,0.3782,0.0088,0.613
SPADES QUEEN DIAMONDS TWO,0.431,0.0142,0.5548
HEARTS KING DIAMONDS JACK,0.3764,0.0066,0.617
SPADES KING DIAMONDS TWO,0.4334,0.009,0.5576
SPADES JACK SPADES SEVEN,0.3322,0.0222,0.6456
SPADES TEN SPADES SEVEN,0.3454,0.0286,0.626
CLUBS SEVEN CLUBS THREE,0.4,0.0946,0.5054
CLUBS SIX CLUBS THREE,0.3238,0.4248,0.2514
CLUBS FOUR CLUBS THREE,0.513,0.1446,0.3424
CLUBS NINE CLUBS THREE,0.407,0.0438,0.5492
CLUBS EIGHT CLUBS THREE,0.4154,0.068,0.5166
CLUBS THREE SPADES FIVE,0.4932,0.276,0.2308
CLUBS THREE SPADES FOUR,0.5428,0.1538,0.3034
CLUBS THREE SPADES THREE,0.365,0.1412,0.4938
CLUBS THREE SPADES TWO,0.5458,0.1544,0.2998
SPADES SEVEN CLUBS THREE,0.4106,0.1038,0.4856
SPADES EIGHT CLUBS THREE,0.424,0.0678,0.5082
SPADES NINE CLUBS THREE,0.419,0.0472,0.5338
SPADES TWO DIAMONDS FOUR,0.5418,0.1586,0.2996
SPADES THREE DIAMONDS FOUR,0.5228,0.1524,0.3248
SPADES FOUR DIAMONDS FOUR,0.3468,0.1304,0.5228
SPADES FIVE DIAMONDS FOUR,0.4816,0.2746,0.2438
SPADES SEVEN DIAMONDS FOUR,0.3944,0.1044,0.5012
SPADES EIGHT DIAMONDS FOUR,0.4084,0.067,0.5246
SPADES NINE DIAMONDS FOUR,0.4278,0.0414,0.5308
CLUBS FOUR DIAMONDS FOUR,0.3656,0.1232,0.5112
CLUBS SEVEN DIAMONDS FOUR,0.4,0.1006,0.4994
CLUBS SIX DIAMONDS FOUR,0.3182,0.459,0.2228
CLUBS NINE DIAMONDS FOUR,0.4122,0.0426,0.5452
CLUBS EIGHT DIAMONDS FOUR,0.396,0.0686,0.5354
DIAMONDS FOUR HEARTS SEVEN,0.4046,0.0976,0.4978
HEARTS SIX DIAMONDS FOUR,0.3268,0.4474,0.2258
HEARTS NINE DIAMONDS FOUR,0.4242,0.0414,0.5344
DIAMONDS FOUR HEARTS EIGHT,0.4118,0.0698,0.5184
CLUBS THREE DIAMONDS FOUR,0.5272,0.1512,0.3216
CLUBS TWO DIAMONDS FOUR,0.5276,0.1652,0.3072
DIAMONDS TEN DIAMONDS FIVE,0.2818,0.0712,0.647
DIAMONDS JACK DIAMONDS FIVE,0.2672,0.0668,0.666
DIAMONDS NINE HEARTS QUEEN,0.3814,0.01,0.6086
HEARTS KING DIAMONDS NINE,0.3674,0.0082,0.6244
DIAMONDS NINE HEARTS ACE,0.3672,0.0042,0.6286
DIAMONDS NINE HEARTS TEN,0.3566,0.022,0.6214
DIAMONDS NINE HEARTS JACK,0.3618,0.0154,0.6228
CLUBS KING DIAMONDS SIX,0.2884,0.0358,0.6758
CLUBS QUEEN DIAMONDS SIX,0.2798,0.0532,0.667
CLUBS ACE DIAMONDS SIX,0.2838,0.0268,0.6894
SPADES KING DIAMONDS FOUR,0.4192,0.0062,0.5746
SPADES ACE SPADES SEVEN,0.36,0.0048,0.6352
SPADES QUEEN DIAMONDS FOUR,0.418,0.0146,0.5674
SPADES QUEEN SPADES SEVEN,0.3628,0.0132,0.624
CLUBS JACK DIAMONDS SIX,0.2886,0.0608,0.6506
SPADES KING SPADES SEVEN,0.3526,0.0082,0.6392
SPADES ACE DIAMONDS FOUR,0.4032,0.0054,0.5914
CLUBS TEN DIAMONDS SIX,0.2732,0.079,0.6478
CLUBS NINE CLUBS FOUR,0.402,0.044,0.554
CLUBS EIGHT CLUBS FOUR,0.3898,0.0686,0.5416
SPADES JACK DIAMONDS FOUR,0.4198,0.0178,0.5624
SPADES TEN DIAMONDS FOUR,0.4278,0.0294,0.5428
CLUBS SEVEN CLUBS FOUR,0.3758,0.0944,0.5298
CLUBS FOUR CLUBS SIX,0.3098,0.4402,0.25
CLUBS SEVEN SPADES EIGHT,0.3378,0.0588,0.6034
CLUBS SEVEN SPADES NINE,0.338,0.0472,0.6148
CLUBS SEVEN SPADES SEVEN,0.1488,0.1012,0.75
CLUBS SEVEN SPADES FIVE,0.2402,0.2,0.5598
CLUBS SEVEN SPADES FOUR,0.4068,0.111,0.4822
CLUBS SEVEN SPADES THREE,0.4244,0.1048,0.4708
CLUBS SEVEN SPADES TWO,0.4294,0.0972,0.4734
CLUBS NINE CLUBS SEVEN,0.3424,0.039,0.6186
CLUBS SEVEN CLUBS EIGHT,0.32,0.0616,0.6184
HEARTS SIX DIAMONDS FIVE,0.0194,0.96,0.0206
DIAMONDS FIVE HEARTS SEVEN,0.245,0.209,0.546
DIAMONDS FIVE HEARTS EIGHT,0.2654,0.1418,0.5928
HEARTS NINE DIAMONDS FIVE,0.2726,0.1034,0.624
DIAMONDS QUEEN DIAMONDS FIVE,0.2698,0.0422,0.688
HEARTS TWO DIAMONDS FIVE,0.495,0.2672,0.2378
HEARTS KING HEARTS EIGHT,0.3742,0.0068,0.619
DIAMONDS KING DIAMONDS FIVE,0.269,0.0302,0.7008
HEARTS THREE DIAMONDS FIVE,0.4954,0.2602,0.2444
HEARTS QUEEN HEARTS EIGHT,0.3492,0.0114,0.6394
DIAMONDS ACE DIAMONDS FIVE,0.2492,0.023,0.7278
HEARTS FOUR DIAMONDS FIVE,0.48,0.2664,0.2536
HEARTS FIVE DIAMONDS FIVE,0.2918,0.0984,0.6098
HEARTS ACE HEARTS EIGHT,0.355,0.0036,0.6414
CLUBS FOUR DIAMONDS FIVE,0.504,0.2606,0.2354
CLUBS SIX DIAMONDS FIVE,0.0118,0.9682,0.02
CLUBS SEVEN DIAMONDS FIVE,0.2408,0.2026,0.5566
CLUBS TWO DIAMONDS FIVE,0.4958,0.277,0.2272
CLUBS THREE DIAMONDS FIVE,0.4928,0.2738,0.2334
SPADES THREE DIAMONDS FIVE,0.4952,0.2712,0.2336
SPADES TWO DIAMONDS FIVE,0.495,0.2736,0.2314
SPADES JACK DIAMONDS EIGHT,0.3624,0.0204,0.6172
SPADES FIVE DIAMONDS FIVE,0.286,0.1056,0.6084
CLUBS TEN HEARTS JACK,0.3332,0.0172,0.6496
SPADES TEN DIAMONDS EIGHT,0.3658,0.0284,0.6058
SPADES FOUR DIAMONDS FIVE,0.4842,0.268,0.2478
HEARTS JACK CLUBS JACK,0.1872,0.04,0.7728
HEARTS JACK CLUBS QUEEN,0.3528,0.011,0.6362
CLUBS NINE DIAMONDS FIVE,0.2842,0.1,0.6158
HEARTS JACK CLUBS KING,0.3688,0.005,0.6262
CLUBS EIGHT DIAMONDS FIVE,0.263,0.1538,0.5832
HEARTS JACK CLUBS ACE,0.3696,0.0058,0.6246
SPADES SEVEN DIAMONDS FIVE,0.2302,0.2032,0.5666
SPADES KING DIAMONDS EIGHT,0.368,0.008,0.624
SPADES QUEEN DIAMONDS EIGHT,0.3728,0.012,0.6152
SPADES NINE DIAMONDS FIVE,0.2774,0.106,0.6166
SPADES EIGHT DIAMONDS FIVE,0.2654,0.134,0.6006
SPADES ACE DIAMONDS EIGHT,0.3642,0.004,0.6318
DIAMONDS TEN DIAMONDS SIX,0.2668,0.0766,0.6566
HEARTS ACE DIAMONDS SEVEN,0.3684,0.0044,0.6272
DIAMONDS JACK DIAMONDS SIX,0.2742,0.0588,0.667
HEARTS QUEEN DIAMONDS SEVEN,0.3746,0.0122,0.6132
HEARTS KING DIAMONDS SEVEN,0.375,0.0086,0.6164
DIAMONDS ACE DIAMONDS SIX,0.2624,0.018,0.7196
HEARTS FOUR DIAMONDS SIX,0.3312,0.4462,0.2226
HEARTS JACK SPADES TWO,0.438,0.0176,0.5444
HEARTS FIVE DIAMONDS SIX,0.0242,0.9548,0.021
SPADES TWO HEARTS TEN,0.4304,0.0292,0.5404
DIAMONDS QUEEN DIAMONDS SIX,0.281,0.0482,0.6708
HEARTS TWO DIAMONDS SIX,0.3472,0.446,0.2068
DIAMONDS KING DIAMONDS SIX,0.2714,0.0386,0.69
HEARTS THREE DIAMONDS SIX,0.335,0.4442,0.2208
HEARTS EIGHT DIAMONDS SIX,0.2598,0.1418,0.5984
HEARTS NINE DIAMONDS SIX,0.2764,0.1096,0.614
HEARTS SIX DIAMONDS SIX,0.1284,0.1242,0.7474
HEARTS SEVEN DIAMONDS SIX,0.2564,0.1918,0.5518
HEARTS TEN DIAMONDS SEVEN,0.3666,0.0258,0.6076
CLUBS TWO DIAMONDS SIX,0.3372,0.4626,0.2002
HEARTS JACK DIAMONDS SEVEN,0.3718,0.0142,0.614
CLUBS THREE DIAMONDS SIX,0.3394,0.4578,0.2028
CLUBS SEVEN DIAMONDS SIX,0.237,0.1882,0.5748
DIAMONDS EIGHT CLUBS JACK,0.3616,0.022,0.6164
CLUBS SIX DIAMONDS SIX,0.1258,0.1164,0.7578
CLUBS TEN DIAMONDS EIGHT,0.3536,0.025,0.6214
CLUBS FOUR DIAMONDS SIX,0.332,0.4596,0.2084
HEARTS ACE HEARTS JACK,0.3532,0.0028,0.644
DIAMONDS EIGHT CLUBS ACE,0.362,0.005,0.633
HEARTS JACK HEARTS QUEEN,0.3522,0.0094,0.6384
DIAMONDS EIGHT CLUBS KING,0.3696,0.0084,0.622
CLUBS NINE DIAMONDS SIX,0.2642,0.1104,0.6254
HEARTS KING HEARTS JACK,0.3406,0.0052,0.6542
DIAMONDS EIGHT CLUBS QUEEN,0.3794,0.011,0.6096
CLUBS EIGHT DIAMONDS SIX,0.262,0.1494,0.5886
SPADES TEN HEARTS KING,0.3604,0.0054,0.6342
SPADES FIVE DIAMONDS SIX,0.0194,0.972,0.0086
HEARTS ACE SPADES TWO,0.4178,0.0056,0.5766
SPADES JACK HEARTS KING,0.37,0.0056,0.6244
SPADES FOUR DIAMONDS SIX,0.3272,0.4634,0.2094
SPADES THREE DIAMONDS SIX,0.341,0.467,0.192
SPADES TWO HEARTS QUEEN,0.4618,0.0138,0.5244
SPADES ACE SPADES KING,0.3548,0.007,0.6382
HEARTS KING SPADES TWO,0.4448,0.008,0.5472
SPADES TWO DIAMONDS SIX,0.3418,0.4506,0.2076
HEARTS TEN HEARTS EIGHT,0.3502,0.0246,0.6252
SPADES NINE DIAMONDS SIX,0.2638,0.1066,0.6296
HEARTS JACK HEARTS EIGHT,0.35,0.017,0.633
SPADES EIGHT DIAMONDS SIX,0.263,0.1384,0.5986
SPADES SEVEN DIAMONDS SIX,0.2334,0.2048,0.5618
SPADES KING HEARTS KING,0.1892,0.0196,0.7912
SPADES QUEEN HEARTS KING,0.3628,0.0074,0.6298
CLUBS ACE CLUBS KING,0.361,0.0048,0.6342
SPADES ACE HEARTS KING,0.375,0.0044,0.6206
SPADES ACE HEARTS JACK,0.3722,0.0048,0.623
SPADES QUEEN HEARTS JACK,0.3678,0.0076,0.6246
SPADES KING HEARTS JACK,0.3594,0.0056,0.635
SPADES TEN DIAMONDS TEN,0.1858,0.0582,0.756
SPADES JACK DIAMONDS TEN,0.3528,0.0138,0.6334
SPADES ACE DIAMONDS TEN,0.3518,0.0044,0.6438
SPADES JACK HEARTS JACK,0.1774,0.0502,0.7724
SPADES TEN HEARTS JACK,0.3408,0.0124,0.6468
SPADES QUEEN DIAMONDS TEN,0.3562,0.0074,0.6364
SPADES KING DIAMONDS TEN,0.3584,0.0064,0.6352
SPADES NINE DIAMONDS SEVEN,0.345,0.0432,0.6118
SPADES EIGHT DIAMONDS SEVEN,0.3346,0.067,0.5984
SPADES SEVEN DIAMONDS SEVEN,0.1488,0.1082,0.743
DIAMONDS KING DIAMONDS SEVEN,0.3512,0.0062,0.6426
HEARTS THREE DIAMONDS SEVEN,0.4192,0.0986,0.4822
HEARTS KING DIAMONDS FIVE,0.2828,0.0318,0.6854
DIAMONDS QUEEN DIAMONDS SEVEN,0.343,0.0122,0.6448
HEARTS TWO DIAMONDS SEVEN,0.4368,0.1068,0.4564
HEARTS QUEEN DIAMONDS FIVE,0.2816,0.0446,0.6738
HEARTS FIVE DIAMONDS SEVEN,0.2438,0.1898,0.5664
DIAMONDS ACE DIAMONDS SEVEN,0.349,0.006,0.645
HEARTS FOUR DIAMONDS SEVEN,0.391,0.1004,0.5086
HEARTS ACE DIAMONDS FIVE,0.278,0.0204,0.7016
HEARTS SEVEN DIAMONDS SEVEN,0.1522,0.1104,0.7374
HEARTS SIX DIAMONDS SEVEN,0.2448,0.1958,0.5594
HEARTS NINE DIAMONDS SEVEN,0.3388,0.0386,0.6226
DIAMONDS SEVEN HEARTS EIGHT,0.3354,0.057,0.6076
DIAMONDS JACK DIAMONDS SEVEN,0.3474,0.0152,0.6374
HEARTS JACK DIAMONDS FIVE,0.2898,0.0582,0.652
DIAMONDS TEN DIAMONDS SEVEN,0.3366,0.0276,0.6358
DIAMONDS FIVE HEARTS TEN,0.293,0.07,0.637
SPADES KING CLUBS TWO,0.4284,0.0084,0.5632
HEARTS KING CLUBS KING,0.1892,0.014,0.7968
CLUBS EIGHT DIAMONDS SEVEN,0.3416,0.0624,0.596
SPADES QUEEN CLUBS TWO,0.4496,0.0126,0.5378
HEARTS KING CLUBS QUEEN,0.368,0.0046,0.6274
CLUBS NINE DIAMONDS SEVEN,0.3542,0.0398,0.606
SPADES TWO CLUBS JACK,0.4244,0.0216,0.554
SPADES ACE CLUBS TWO,0.4236,0.0066,0.5698
CLUBS TEN SPADES TWO,0.426,0.0316,0.5424
HEARTS KING CLUBS ACE,0.383,0.0036,0.6134
CLUBS SEVEN CLUBS SIX,0.2206,0.1928,0.5866
SPADES TWO CLUBS KING,0.434,0.0116,0.5544
SPADES TWO DIAMONDS SEVEN,0.438,0.1054,0.4566
CLUBS EIGHT CLUBS SIX,0.2442,0.1416,0.6142
SPADES THREE DIAMONDS SEVEN,0.4116,0.1028,0.4856
SPADES TWO CLUBS QUEEN,0.4256,0.0144,0.56
CLUBS NINE CLUBS SIX,0.2604,0.115,0.6246
SPADES FOUR DIAMONDS SEVEN,0.4018,0.1088,0.4894
HEARTS KING CLUBS JACK,0.3714,0.0074,0.6212
SPADES FIVE DIAMONDS SEVEN,0.2504,0.2078,0.5418
SPADES TWO CLUBS ACE,0.421,0.0056,0.5734
CLUBS TEN HEARTS KING,0.3522,0.0068,0.641
CLUBS SIX SPADES TWO,0.3356,0.4604,0.204
CLUBS SIX SPADES THREE,0.3422,0.4584,0.1994
CLUBS TWO DIAMONDS SEVEN,0.4334,0.1004,0.4662
CLUBS SIX SPADES FOUR,0.3212,0.4654,0.2134
CLUBS THREE DIAMONDS SEVEN,0.4138,0.1114,0.4748
CLUBS SIX SPADES FIVE,0.0094,0.983,0.0076
CLUBS FOUR DIAMONDS SEVEN,0.3928,0.1028,0.5044
CLUBS SIX SPADES SEVEN,0.2304,0.1926,0.577
CLUBS SIX DIAMONDS SEVEN,0.2338,0.202,0.5642
CLUBS SIX SPADES EIGHT,0.2492,0.1594,0.5914
SPADES JACK CLUBS TWO,0.4244,0.023,0.5526
CLUBS SEVEN DIAMONDS SEVEN,0.1488,0.0982,0.753
SPADES NINE CLUBS SIX,0.2566,0.1104,0.633
SPADES TEN CLUBS TWO,0.4156,0.0254,0.559
CLUBS TWO CLUBS QUEEN,0.4184,0.0152,0.5664
CLUBS TWO CLUBS KING,0.4194,0.0084,0.5722
CLUBS THREE DIAMONDS EIGHT,0.4478,0.0706,0.4816
CLUBS TWO CLUBS ACE,0.3994,0.0036,0.597
CLUBS TWO DIAMONDS EIGHT,0.4426,0.0736,0.4838
DIAMONDS EIGHT HEARTS SEVEN,0.3422,0.0624,0.5954
HEARTS SIX DIAMONDS EIGHT,0.253,0.1524,0.5946
DIAMONDS EIGHT HEARTS NINE,0.3494,0.0382,0.6124
CLUBS TEN CLUBS TWO,0.4104,0.0294,0.5602
DIAMONDS EIGHT HEARTS EIGHT,0.1686,0.09,0.7414
CLUBS TWO CLUBS JACK,0.4134,0.0208,0.5658
CLUBS NINE DIAMONDS EIGHT,0.3482,0.042,0.6098
CLUBS EIGHT DIAMONDS EIGHT,0.1652,0.0938,0.741
SPADES ACE SPADES THREE,0.3974,0.0064,0.5962
CLUBS FOUR DIAMONDS EIGHT,0.4184,0.0694,0.5122
CLUBS SEVEN DIAMONDS EIGHT,0.3424,0.0598,0.5978
SPADES QUEEN SPADES THREE,0.4042,0.0108,0.585
CLUBS SIX DIAMONDS EIGHT,0.2512,0.1534,0.5954
SPADES KING SPADES THREE,0.3956,0.01,0.5944
DIAMONDS QUEEN DIAMONDS EIGHT,0.3588,0.0082,0.633
HEARTS TWO DIAMONDS EIGHT,0.4308,0.067,0.5022
DIAMONDS KING DIAMONDS EIGHT,0.354,0.0086,0.6374
HEARTS THREE DIAMONDS EIGHT,0.4212,0.0594,0.5194
DIAMONDS ACE DIAMONDS EIGHT,0.3422,0.0048,0.653
HEARTS FOUR DIAMONDS EIGHT,0.3996,0.07,0.5304
HEARTS FIVE DIAMONDS EIGHT,0.2558,0.1414,0.6028
DIAMONDS EIGHT DIAMONDS TEN,0.33,0.0266,0.6434
DIAMONDS EIGHT DIAMONDS JACK,0.3404,0.0162,0.6434
SPADES JACK SPADES THREE,0.4034,0.0194,0.5772
SPADES TEN SPADES THREE,0.409,0.0262,0.5648
CLUBS FOUR HEARTS ACE,0.4174,0.0028,0.5798
CLUBS FOUR HEARTS QUEEN,0.43,0.0134,0.5566
CLUBS FOUR HEARTS KING,0.4198,0.0068,0.5734
CLUBS SIX HEARTS TEN,0.2704,0.0872,0.6424
CLUBS SIX HEARTS JACK,0.2818,0.0606,0.6576
SPADES FOUR DIAMONDS EIGHT,0.423,0.0672,0.5098
SPADES FIVE DIAMONDS EIGHT,0.2592,0.1516,0.5892
DIAMONDS EIGHT SPADES TWO,0.4232,0.0676,0.5092
DIAMONDS EIGHT SPADES THREE,0.44,0.0628,0.4972
CLUBS FOUR HEARTS JACK,0.414,0.0208,0.5652
SPADES EIGHT DIAMONDS EIGHT,0.1668,0.0958,0.7374
SPADES TEN DIAMONDS QUEEN,0.3456,0.0104,0.644
SPADES TEN HEARTS TWO,0.415,0.031,0.554
SPADES JACK HEARTS EIGHT,0.363,0.018,0.619
CLUBS FOUR HEARTS TEN,0.4246,0.0316,0.5438
SPADES NINE DIAMONDS EIGHT,0.3508,0.0404,0.6088
SPADES TEN HEARTS EIGHT,0.3512,0.0278,0.621
SPADES JACK HEARTS TWO,0.423,0.0192,0.5578
SPADES JACK DIAMONDS QUEEN,0.359,0.0082,0.6328
SPADES SEVEN DIAMONDS EIGHT,0.3302,0.0618,0.608
SPADES ACE HEARTS TWO,0.4244,0.0054,0.5702
SPADES ACE DIAMONDS QUEEN,0.3748,0.0042,0.621
SPADES ACE HEARTS EIGHT,0.3634,0.005,0.6316
SPADES KING HEARTS EIGHT,0.3724,0.0112,0.6164
SPADES QUEEN HEARTS TWO,0.4206,0.0138,0.5656
SPADES QUEEN DIAMONDS QUEEN,0.1852,0.0318,0.783
SPADES KING DIAMONDS QUEEN,0.3628,0.0058,0.6314
SPADES KING HEARTS TWO,0.4278,0.0078,0.5644
SPADES QUEEN HEARTS EIGHT,0.367,0.0144,0.6186
CLUBS TWO HEARTS TEN,0.4186,0.0266,0.5548
CLUBS TWO HEARTS JACK,0.4308,0.019,0.5502
SPADES SEVEN DIAMONDS NINE,0.352,0.0444,0.6036
SPADES NINE DIAMONDS NINE,0.1898,0.081,0.7292
SPADES EIGHT DIAMONDS NINE,0.3314,0.041,0.6276
SPADES TEN CLUBS KING,0.3482,0.0072,0.6446
DIAMONDS NINE SPADES THREE,0.4244,0.0438,0.5318
SPADES JACK CLUBS KING,0.353,0.0094,0.6376
DIAMONDS NINE SPADES TWO,0.4256,0.0478,0.5266
SPADES FIVE DIAMONDS NINE,0.2832,0.1044,0.6124
DIAMONDS NINE SPADES FOUR,0.4406,0.042,0.5174
CLUBS NINE DIAMONDS NINE,0.1808,0.0706,0.7486
CLUBS EIGHT DIAMONDS NINE,0.3462,0.0388,0.615
CLUBS SIX DIAMONDS NINE,0.2652,0.1112,0.6236
SPADES JACK CLUBS FOUR,0.422,0.0194,0.5586
CLUBS SEVEN DIAMONDS NINE,0.3488,0.0406,0.6106
SPADES TEN CLUBS FOUR,0.413,0.0358,0.5512
CLUBS FOUR DIAMONDS NINE,0.415,0.0468,0.5382
CLUBS TWO DIAMONDS NINE,0.433,0.045,0.522
CLUBS THREE DIAMONDS NINE,0.441,0.0374,0.5216
DIAMONDS NINE HEARTS EIGHT,0.3488,0.038,0.6132
DIAMONDS NINE HEARTS NINE,0.1688,0.0792,0.752
HEARTS SIX DIAMONDS NINE,0.274,0.1046,0.6214
DIAMONDS NINE HEARTS SEVEN,0.3634,0.0402,0.5964
CLUBS NINE CLUBS EIGHT,0.339,0.0364,0.6246
DIAMONDS ACE DIAMONDS NINE,0.353,0.0048,0.6422
HEARTS FOUR DIAMONDS NINE,0.4288,0.0418,0.5294
HEARTS FIVE DIAMONDS NINE,0.282,0.0978,0.6202
CLUBS TWO HEARTS ACE,0.4282,0.006,0.5658
SPADES ACE CLUBS FOUR,0.403,0.0072,0.5898
DIAMONDS QUEEN DIAMONDS NINE,0.3424,0.01,0.6476
HEARTS TWO DIAMONDS NINE,0.4382,0.0402,0.5216
CLUBS TWO HEARTS KING,0.4364,0.007,0.5566
SPADES KING CLUBS FOUR,0.4284,0.0082,0.5634
DIAMONDS KING DIAMONDS NINE,0.354,0.0072,0.6388
HEARTS THREE DIAMONDS NINE,0.4354,0.0466,0.518
CLUBS TWO HEARTS QUEEN,0.4406,0.0128,0.5466
SPADES QUEEN CLUBS FOUR,0.4284,0.0132,0.5584
DIAMONDS NINE DIAMONDS JACK,0.3444,0.0196,0.636
CLUBS EIGHT SPADES NINE,0.349,0.0396,0.6114
DIAMONDS NINE DIAMONDS TEN,0.3412,0.022,0.6368
CLUBS EIGHT SPADES EIGHT,0.1484,0.0902,0.7614
CLUBS EIGHT SPADES SEVEN,0.3312,0.0572,0.6116
CLUBS EIGHT SPADES FIVE,0.2522,0.1504,0.5974
CLUBS EIGHT SPADES FOUR,0.4066,0.0698,0.5236
CLUBS EIGHT SPADES THREE,0.4218,0.0666,0.5116
CLUBS EIGHT SPADES TWO,0.4252,0.0702,0.5046
HEARTS SIX DIAMONDS TEN,0.2692,0.0824,0.6484
DIAMONDS TEN HEARTS SEVEN,0.3652,0.0244,0.6104
DIAMONDS TEN HEARTS EIGHT,0.3444,0.03,0.6256
CLUBS FOUR CLUBS JACK,0.3904,0.0204,0.5892
DIAMONDS TEN HEARTS NINE,0.3388,0.022,0.6392
CLUBS TEN CLUBS FOUR,0.3946,0.027,0.5784
CLUBS FOUR CLUBS KING,0.416,0.0072,0.5768
CLUBS FOUR CLUBS QUEEN,0.401,0.0146,0.5844
CLUBS TWO DIAMONDS TEN,0.4324,0.034,0.5336
CLUBS THREE DIAMONDS TEN,0.4166,0.032,0.5514
CLUBS FOUR CLUBS ACE,0.3882,0.0042,0.6076
DIAMONDS JACK DIAMONDS TEN,0.3298,0.0144,0.6558
DIAMONDS QUEEN DIAMONDS TEN,0.3394,0.0072,0.6534
HEARTS TWO DIAMONDS TEN,0.4222,0.03,0.5478
DIAMONDS KING DIAMONDS TEN,0.3508,0.0068,0.6424
HEARTS THREE DIAMONDS TEN,0.4228,0.0294,0.5478
DIAMONDS ACE DIAMONDS TEN,0.3594,0.0028,0.6378
HEARTS FOUR DIAMONDS TEN,0.4062,0.0254,0.5684
CLUBS EIGHT HEARTS JACK,0.3796,0.0162,0.6042
HEARTS FIVE DIAMONDS TEN,0.291,0.0764,0.6326
CLUBS EIGHT HEARTS TEN,0.3468,0.0218,0.6314
CLUBS EIGHT HEARTS QUEEN,0.3746,0.0136,0.6118
CLUBS EIGHT HEARTS KING,0.3836,0.008,0.6084
CLUBS EIGHT HEARTS ACE,0.3748,0.004,0.6212
CLUBS NINE SPADES THREE,0.4304,0.0426,0.527
CLUBS NINE SPADES TWO,0.427,0.046,0.527
CLUBS NINE SPADES FIVE,0.2666,0.1018,0.6316
CLUBS NINE SPADES FOUR,0.4178,0.0484,0.5338
CLUBS NINE SPADES SEVEN,0.344,0.0378,0.6182
CLUBS NINE SPADES NINE,0.1574,0.079,0.7636
CLUBS TEN HEARTS EIGHT,0.345,0.0274,0.6276
CLUBS NINE SPADES EIGHT,0.3412,0.0394,0.6194
CLUBS JACK HEARTS EIGHT,0.371,0.02,0.609
CLUBS QUEEN HEARTS EIGHT,0.36,0.0104,0.6296
CLUBS KING HEARTS EIGHT,0.3622,0.0078,0.63
CLUBS ACE HEARTS EIGHT,0.3628,0.0048,0.6324
SPADES KING CLUBS KING,0.171,0.02,0.809
SPADES QUEEN CLUBS KING,0.3484,0.0068,0.6448
SPADES ACE CLUBS KING,0.367,0.0034,0.6296
DIAMONDS ACE HEARTS TEN,0.3726,0.003,0.6244
HEARTS FOUR HEARTS TEN,0.396,0.0306,0.5734
DIAMONDS ACE HEARTS JACK,0.3746,0.0036,0.6218
HEARTS FOUR HEARTS JACK,0.4052,0.0222,0.5726
DIAMONDS JACK HEARTS SEVEN,0.378,0.0172,0.6048
HEARTS SIX DIAMONDS JACK,0.29,0.0606,0.6494
DIAMONDS JACK HEARTS NINE,0.3596,0.017,0.6234
DIAMONDS JACK HEARTS EIGHT,0.3866,0.0202,0.5932
DIAMONDS KING DIAMONDS JACK,0.3458,0.0064,0.6478
HEARTS THREE DIAMONDS JACK,0.4198,0.019,0.5612
SPADES FOUR HEARTS ACE,0.41,0.0056,0.5844
DIAMONDS QUEEN DIAMONDS JACK,0.3458,0.009,0.6452
HEARTS TWO DIAMONDS JACK,0.4284,0.0194,0.5522
HEARTS FIVE DIAMONDS JACK,0.2924,0.0536,0.654
SPADES FOUR HEARTS QUEEN,0.4354,0.0118,0.5528
DIAMONDS ACE DIAMONDS JACK,0.344,0.0032,0.6528
HEARTS FOUR DIAMONDS JACK,0.4268,0.0184,0.5548
HEARTS KING SPADES FOUR,0.431,0.009,0.56
SPADES FOUR DIAMONDS JACK,0.4178,0.019,0.5632
SPADES FIVE DIAMONDS JACK,0.2792,0.0652,0.6556
DIAMONDS JACK SPADES TWO,0.4406,0.0192,0.5402
SPADES THREE DIAMONDS JACK,0.4344,0.0198,0.5458
SPADES ACE DIAMONDS THREE,0.413,0.0056,0.5814
SPADES QUEEN DIAMONDS THREE,0.4248,0.0166,0.5586
CLUBS EIGHT DIAMONDS JACK,0.3632,0.0164,0.6204
SPADES KING DIAMONDS THREE,0.4158,0.0062,0.578
CLUBS NINE DIAMONDS JACK,0.3704,0.0162,0.6134
CLUBS SIX DIAMONDS JACK,0.2776,0.056,0.6664
CLUBS SEVEN DIAMONDS JACK,0.3692,0.0176,0.6132
CLUBS FOUR DIAMONDS JACK,0.4236,0.0206,0.5558
CLUBS TWO DIAMONDS JACK,0.436,0.02,0.544
CLUBS THREE DIAMONDS JACK,0.4372,0.017,0.5458
HEARTS SIX SPADES JACK,0.2822,0.0642,0.6536
HEARTS SIX SPADES TEN,0.2706,0.078,0.6514
SPADES JACK DIAMONDS THREE,0.413,0.021,0.566
CLUBS SEVEN CLUBS ACE,0.3558,0.004,0.6402
DIAMONDS THREE SPADES TEN,0.4366,0.0302,0.5332
CLUBS SEVEN CLUBS QUEEN,0.3474,0.0136,0.639
CLUBS SEVEN CLUBS KING,0.3506,0.0094,0.64
SPADES NINE DIAMONDS JACK,0.3568,0.0178,0.6254
CLUBS TEN CLUBS SEVEN,0.3468,0.03,0.6232
DIAMONDS ACE HEARTS ACE,0.181,0.0028,0.8162
HEARTS FOUR HEARTS ACE,0.3802,0.004,0.6158
SPADES EIGHT DIAMONDS JACK,0.376,0.0124,0.6116
SPADES ACE HEARTS SIX,0.2738,0.0266,0.6996
CLUBS SEVEN CLUBS JACK,0.3562,0.0172,0.6266
DIAMONDS ACE HEARTS KING,0.3728,0.0034,0.6238
HEARTS FOUR HEARTS KING,0.4002,0.0102,0.5896
SPADES SEVEN DIAMONDS JACK,0.3764,0.019,0.6046
SPADES KING HEARTS SIX,0.2758,0.0356,0.6886
DIAMONDS ACE HEARTS QUEEN,0.3774,0.0032,0.6194
HEARTS FOUR HEARTS QUEEN,0.4046,0.0144,0.581
SPADES QUEEN HEARTS SIX,0.2952,0.0446,0.6602
SPADES TWO DIAMONDS TEN,0.4316,0.0266,0.5418
SPADES THREE DIAMONDS TEN,0.437,0.0286,0.5344
SPADES FOUR DIAMONDS TEN,0.4152,0.0286,0.5562
SPADES FIVE DIAMONDS TEN,0.266,0.087,0.647
SPADES SEVEN DIAMONDS TEN,0.3484,0.0258,0.6258
SPADES EIGHT DIAMONDS TEN,0.3622,0.025,0.6128
SPADES NINE DIAMONDS TEN,0.3488,0.0276,0.6236
CLUBS FOUR DIAMONDS TEN,0.423,0.0288,0.5482
CLUBS SIX DIAMONDS TEN,0.259,0.0918,0.6492
CLUBS SEVEN DIAMONDS TEN,0.3532,0.0274,0.6194
CLUBS EIGHT DIAMONDS TEN,0.3432,0.0312,0.6256
CLUBS NINE DIAMONDS TEN,0.3592,0.0266,0.6142
DIAMONDS THREE CLUBS JACK,0.434,0.0196,0.5464
CLUBS TEN DIAMONDS THREE,0.415,0.0304,0.5546
DIAMONDS THREE CLUBS KING,0.4232,0.0104,0.5664
DIAMONDS THREE CLUBS QUEEN,0.4254,0.0128,0.5618
DIAMONDS THREE CLUBS ACE,0.4106,0.0054,0.584
SPADES FOUR HEARTS JACK,0.4216,0.024,0.5544
SPADES FOUR HEARTS TEN,0.402,0.0324,0.5656
SPADES FIVE SPADES TWO,0.476,0.2596,0.2644
SPADES FOUR SPADES TWO,0.514,0.1508,0.3352
SPADES THREE SPADES TWO,0.52,0.1456,0.3344
SPADES NINE SPADES TWO,0.417,0.0416,0.5414
SPADES EIGHT SPADES TWO,0.4112,0.0648,0.524
SPADES SEVEN SPADES TWO,0.3992,0.104,0.4968
DIAMONDS QUEEN CLUBS THREE,0.4382,0.0116,0.5502
HEARTS TWO CLUBS THREE,0.523,0.157,0.32
DIAMONDS QUEEN CLUBS TWO,0.439,0.0174,0.5436
CLUBS TWO HEARTS TWO,0.375,0.1254,0.4996
DIAMONDS QUEEN HEARTS SEVEN,0.3738,0.0126,0.6136
HEARTS TWO HEARTS SEVEN,0.4086,0.0994,0.492
HEARTS SIX DIAMONDS QUEEN,0.2922,0.05,0.6578
HEARTS SIX HEARTS TWO,0.3288,0.4112,0.26
DIAMONDS QUEEN HEARTS NINE,0.3586,0.0094,0.632
HEARTS TWO HEARTS NINE,0.3954,0.0446,0.56
DIAMONDS QUEEN HEARTS EIGHT,0.385,0.0116,0.6034
HEARTS TWO HEARTS EIGHT,0.4156,0.0528,0.5316
CLUBS NINE HEARTS TWO,0.4302,0.046,0.5238
CLUBS NINE DIAMONDS QUEEN,0.371,0.0122,0.6168
CLUBS EIGHT HEARTS TWO,0.4396,0.0676,0.4928
CLUBS EIGHT DIAMONDS QUEEN,0.389,0.0096,0.6014
SPADES EIGHT HEARTS ACE,0.361,0.004,0.635
CLUBS FOUR DIAMONDS QUEEN,0.4256,0.0148,0.5596
CLUBS FOUR HEARTS TWO,0.5442,0.144,0.3118
CLUBS SEVEN DIAMONDS QUEEN,0.3818,0.0136,0.6046
CLUBS SEVEN HEARTS TWO,0.429,0.1056,0.4654
SPADES EIGHT HEARTS QUEEN,0.3786,0.012,0.6094
CLUBS SIX DIAMONDS QUEEN,0.287,0.0502,0.6628
CLUBS SIX HEARTS TWO,0.3428,0.4446,0.2126
SPADES EIGHT HEARTS KING,0.3766,0.0078,0.6156
HEARTS FOUR CLUBS QUEEN,0.4262,0.0108,0.563
DIAMONDS ACE CLUBS QUEEN,0.3652,0.0042,0.6306
DIAMONDS QUEEN SPADES SEVEN,0.3744,0.0096,0.616
HEARTS TWO SPADES SEVEN,0.4392,0.0972,0.4636
HEARTS FOUR CLUBS KING,0.4096,0.0124,0.578
DIAMONDS ACE CLUBS KING,0.3608,0.0044,0.6348
DIAMONDS QUEEN SPADES EIGHT,0.3636,0.0128,0.6236
SPADES EIGHT HEARTS TWO,0.4286,0.0716,0.4998
HEARTS FOUR CLUBS ACE,0.397,0.0028,0.6002
DIAMONDS ACE CLUBS ACE,0.1804,0.004,0.8156
SPADES NINE DIAMONDS QUEEN,0.3618,0.0098,0.6284
SPADES NINE HEARTS TWO,0.4324,0.0486,0.519
HEARTS TWO SPADES TWO,0.3772,0.1308,0.492
DIAMONDS QUEEN SPADES TWO,0.4326,0.0132,0.5542
HEARTS TWO SPADES THREE,0.5312,0.1494,0.3194
DIAMONDS QUEEN SPADES THREE,0.437,0.0114,0.5516
HEARTS TWO SPADES FOUR,0.5522,0.1482,0.2996
DIAMONDS QUEEN SPADES FOUR,0.4176,0.0142,0.5682
HEARTS FOUR CLUBS TEN,0.409,0.0246,0.5664
CLUBS TEN DIAMONDS ACE,0.3676,0.0042,0.6282
HEARTS TWO SPADES FIVE,0.5018,0.2656,0.2326
DIAMONDS QUEEN SPADES FIVE,0.3014,0.045,0.6536
HEARTS FOUR CLUBS JACK,0.4214,0.0192,0.5594
DIAMONDS ACE CLUBS JACK,0.3676,0.0064,0.626
SPADES KING CLUBS JACK,0.3486,0.0064,0.645
SPADES QUEEN CLUBS JACK,0.3516,0.0114,0.637
SPADES ACE CLUBS JACK,0.3598,0.0072,0.633
SPADES EIGHT HEARTS JACK,0.3566,0.0186,0.6248
SPADES EIGHT HEARTS TEN,0.3394,0.0284,0.6322
SPADES TEN CLUBS JACK,0.338,0.016,0.646
SPADES JACK CLUBS JACK,0.1758,0.048,0.7762
SPADES QUEEN CLUBS SEVEN,0.3662,0.011,0.6228
SPADES KING CLUBS SEVEN,0.3558,0.0098,0.6344
SPADES ACE CLUBS SEVEN,0.3636,0.0056,0.6308
CLUBS SEVEN SPADES JACK,0.3646,0.0204,0.615
CLUBS SEVEN SPADES TEN,0.3592,0.0296,0.6112
CLUBS TEN HEARTS SIX,0.273,0.0862,0.6408
HEARTS SIX CLUBS JACK,0.2902,0.0574,0.6524
CLUBS ACE CLUBS JACK,0.3614,0.0044,0.6342
HEARTS SIX CLUBS QUEEN,0.2766,0.0514,0.672
HEARTS SIX CLUBS KING,0.2822,0.0354,0.6824
HEARTS SIX CLUBS ACE,0.2778,0.026,0.6962
CLUBS QUEEN CLUBS JACK,0.3528,0.0094,0.6378
CLUBS KING CLUBS JACK,0.3612,0.0074,0.6314
DIAMONDS THREE HEARTS ACE,0.4162,0.0052,0.5786
DIAMONDS THREE HEARTS QUEEN,0.4436,0.0116,0.5448
DIAMONDS THREE HEARTS KING,0.4326,0.0082,0.5592
SPADES TEN DIAMONDS ACE,0.3628,0.0054,0.6318
HEARTS FOUR SPADES TEN,0.4208,0.0304,0.5488
HEARTS FOUR SPADES JACK,0.4082,0.0184,0.5734
SPADES JACK DIAMONDS ACE,0.3652,0.003,0.6318
SPADES ACE HEARTS FOUR,0.4018,0.006,0.5922
SPADES ACE DIAMONDS ACE,0.1892,0.0038,0.807
HEARTS FOUR SPADES QUEEN,0.4164,0.0142,0.5694
SPADES QUEEN DIAMONDS ACE,0.3606,0.0038,0.6356
SPADES FOUR CLUBS JACK,0.4214,0.0236,0.555
SPADES KING DIAMONDS ACE,0.378,0.0034,0.6186
HEARTS FOUR SPADES KING,0.4236,0.0084,0.568
CLUBS TEN SPADES FOUR,0.434,0.03,0.536
DIAMONDS QUEEN DIAMONDS ACE,0.3522,0.0038,0.644
HEARTS TWO DIAMONDS ACE,0.4238,0.0046,0.5716
HEARTS FOUR DIAMONDS QUEEN,0.421,0.0114,0.5676
HEARTS FOUR HEARTS TWO,0.5046,0.1324,0.363
DIAMONDS THREE HEARTS TEN,0.431,0.0294,0.5396
SPADES FOUR CLUBS KING,0.4138,0.0104,0.5758
HEARTS FIVE DIAMONDS QUEEN,0.2796,0.0468,0.6736
HEARTS FIVE HEARTS TWO,0.4558,0.2528,0.2914
DIAMONDS THREE HEARTS JACK,0.4206,0.0202,0.5592
SPADES FOUR CLUBS QUEEN,0.4252,0.015,0.5598
DIAMONDS QUEEN HEARTS TWO,0.4322,0.0154,0.5524
DIAMONDS KING DIAMONDS QUEEN,0.3408,0.0076,0.6516
DIAMONDS KING HEARTS TWO,0.4278,0.0096,0.5626
HEARTS THREE DIAMONDS QUEEN,0.4342,0.0126,0.5532
HEARTS THREE HEARTS TWO,0.4988,0.1382,0.363
SPADES FOUR CLUBS ACE,0.407,0.0058,0.5872
HEARTS TWO CLUBS ACE,0.4076,0.0042,0.5882
DIAMONDS QUEEN CLUBS ACE,0.3748,0.0046,0.6206
HEARTS TWO CLUBS QUEEN,0.4332,0.0126,0.5542
DIAMONDS QUEEN CLUBS QUEEN,0.1776,0.0304,0.792
HEARTS TWO CLUBS KING,0.4328,0.008,0.5592
DIAMONDS QUEEN CLUBS KING,0.384,0.0064,0.6096
SPADES EIGHT SPADES FIVE,0.2428,0.1452,0.612
CLUBS TEN HEARTS TWO,0.43,0.0264,0.5436
CLUBS TEN DIAMONDS QUEEN,0.3608,0.0106,0.6286
SPADES NINE SPADES FIVE,0.2702,0.1038,0.626
HEARTS TWO CLUBS JACK,0.4298,0.0212,0.549
DIAMONDS QUEEN CLUBS JACK,0.3568,0.0086,0.6346
SPADES SEVEN SPADES FIVE,0.2322,0.187,0.5808
DIAMONDS FIVE CLUBS QUEEN,0.2772,0.0474,0.6754
SPADES EIGHT CLUBS ACE,0.3576,0.0038,0.6386
DIAMONDS FIVE CLUBS KING,0.29,0.0344,0.6756
SPADES EIGHT CLUBS KING,0.3618,0.0086,0.6296
CLUBS ACE DIAMONDS FIVE,0.2556,0.0254,0.719
SPADES EIGHT CLUBS QUEEN,0.3696,0.0118,0.6186
SPADES EIGHT CLUBS JACK,0.361,0.0172,0.6218
CLUBS TEN SPADES EIGHT,0.3426,0.0288,0.6286
CLUBS TEN DIAMONDS FIVE,0.292,0.0738,0.6342
DIAMONDS FIVE CLUBS JACK,0.2764,0.0596,0.664
HEARTS JACK DIAMONDS TEN,0.3488,0.0148,0.6364
DIAMONDS TEN HEARTS TEN,0.179,0.0644,0.7566
SPADES ACE CLUBS NINE,0.3654,0.0042,0.6304
CLUBS NINE SPADES QUEEN,0.3684,0.009,0.6226
CLUBS NINE SPADES KING,0.3698,0.0066,0.6236
HEARTS SIX HEARTS KING,0.269,0.04,0.691
DIAMONDS KING SPADES SEVEN,0.386,0.01,0.604
HEARTS THREE SPADES SEVEN,0.4198,0.0956,0.4846
SPADES KING DIAMONDS SEVEN,0.3758,0.0088,0.6154
HEARTS SIX HEARTS QUEEN,0.268,0.0506,0.6814
SPADES QUEEN DIAMONDS SEVEN,0.3602,0.01,0.6298
DIAMONDS KING SPADES NINE,0.3758,0.0084,0.6158
HEARTS THREE SPADES NINE,0.435,0.0426,0.5224
HEARTS SIX HEARTS ACE,0.2634,0.0214,0.7152
DIAMONDS KING SPADES EIGHT,0.373,0.0084,0.6186
HEARTS THREE SPADES EIGHT,0.4168,0.0726,0.5106
SPADES ACE DIAMONDS SEVEN,0.3528,0.004,0.6432
CLUBS NINE HEARTS THREE,0.4334,0.0406,0.526
CLUBS NINE DIAMONDS KING,0.368,0.0066,0.6254
HEARTS THREE CLUBS EIGHT,0.4268,0.0694,0.5038
CLUBS EIGHT DIAMONDS KING,0.3832,0.0082,0.6086
HEARTS THREE SPADES THREE,0.3696,0.1252,0.5052
DIAMONDS KING SPADES THREE,0.4296,0.0064,0.564
HEARTS THREE SPADES TWO,0.5426,0.1512,0.3062
DIAMONDS KING SPADES TWO,0.4398,0.0096,0.5506
HEARTS THREE SPADES FIVE,0.49,0.2692,0.2408
