opposingHand,winningChance,drawChance,lostChance
CLUBS TEN HEARTS THREE
HEARTS FIVE SPADES TEN,0.2252,0.451,0.3238
HEARTS FIVE SPADES JACK,0.3542,0.0194,0.6264
CLUBS JACK SPADES FIVE,0.3538,0.0222,0.624
CLUBS JACK CLUBS EIGHT,0.3206,0.0164,0.663
CLUBS EIGHT CLUBS KING,0.3476,0.0082,0.6442
SPADES FIVE CLUBS ACE,0.3474,0.0062,0.6464
CLUBS EIGHT CLUBS QUEEN,0.331,0.0122,0.6568
SPADES FIVE CLUBS KING,0.358,0.009,0.633
SPADES FIVE CLUBS QUEEN,0.361,0.0108,0.6282
CLUBS EIGHT CLUBS ACE,0.3356,0.0036,0.6608
DIAMONDS TWO DIAMONDS THREE,0.6278,0.0784,0.2938
DIAMONDS TWO DIAMONDS FIVE,0.5594,0.0272,0.4134
HEARTS FIVE SPADES KING,0.3618,0.0076,0.6306
DIAMONDS TWO DIAMONDS FOUR,0.5588,0.0288,0.4124
HEARTS FIVE SPADES QUEEN,0.342,0.0108,0.6472
DIAMONDS TWO DIAMONDS SEVEN,0.5764,0.0226,0.401
DIAMONDS TWO DIAMONDS SIX,0.5696,0.0282,0.4022
SPADES ACE HEARTS FIVE,0.3298,0.0046,0.6656
DIAMONDS TWO DIAMONDS NINE,0.5684,0.0272,0.4044
DIAMONDS TWO DIAMONDS EIGHT,0.5664,0.027,0.4066
DIAMONDS THREE DIAMONDS FOUR,0.6102,0.0714,0.3184
CLUBS TWO SPADES FOUR,0.6066,0.0298,0.3636
DIAMONDS THREE DIAMONDS FIVE,0.6138,0.0724,0.3138
SPADES FIVE CLUBS TWO,0.601,0.03,0.369
CLUBS TWO SPADES TWO,0.3772,0.0764,0.5464
CLUBS TWO SPADES THREE,0.6582,0.0852,0.2566
DIAMONDS THREE DIAMONDS EIGHT,0.6442,0.0712,0.2846
SPADES EIGHT CLUBS TWO,0.618,0.0244,0.3576
DIAMONDS THREE DIAMONDS NINE,0.659,0.0604,0.2806
SPADES NINE CLUBS TWO,0.6296,0.0272,0.3432
DIAMONDS THREE DIAMONDS SIX,0.6238,0.07,0.3062
SPADES SIX CLUBS TWO,0.6136,0.0288,0.3576
DIAMONDS THREE DIAMONDS SEVEN,0.639,0.071,0.29
SPADES SEVEN CLUBS TWO,0.6214,0.0276,0.351
CLUBS SIX CLUBS TWO,0.5778,0.0292,0.393
CLUBS SEVEN CLUBS TWO,0.5944,0.024,0.3816
CLUBS FOUR CLUBS TWO,0.5684,0.029,0.4026
CLUBS FIVE CLUBS TWO,0.5618,0.0344,0.4038
DIAMONDS FOUR DIAMONDS SIX,0.5298,0.0242,0.446
DIAMONDS FOUR DIAMONDS SEVEN,0.5202,0.0282,0.4516
CLUBS EIGHT CLUBS TWO,0.5916,0.0312,0.3772
DIAMONDS FIVE DIAMONDS FOUR,0.5042,0.0324,0.4634
CLUBS NINE CLUBS TWO,0.5982,0.0266,0.3752
DIAMONDS NINE DIAMONDS FOUR,0.5528,0.0204,0.4268
DIAMONDS EIGHT DIAMONDS FOUR,0.5376,0.0262,0.4362
CLUBS THREE CLUBS TWO,0.6392,0.0736,0.2872
DIAMONDS NINE DIAMONDS FIVE,0.5372,0.0266,0.4362
CLUBS JACK DIAMONDS TWO,0.3868,0.0224,0.5908
DIAMONDS EIGHT DIAMONDS FIVE,0.5188,0.0282,0.453
DIAMONDS FIVE DIAMONDS SEVEN,0.515,0.0312,0.4538
DIAMONDS FIVE DIAMONDS SIX,0.5182,0.0264,0.4554
DIAMONDS TWO CLUBS ACE,0.385,0.0048,0.6102
DIAMONDS TWO CLUBS KING,0.3882,0.0084,0.6034
DIAMONDS TWO CLUBS QUEEN,0.3954,0.0142,0.5904
DIAMONDS EIGHT DIAMONDS SIX,0.5132,0.0246,0.4622
DIAMONDS NINE DIAMONDS SIX,0.518,0.0258,0.4562
HEARTS ACE SPADES THREE,0.238,0.022,0.74
SPADES THREE HEARTS KING,0.2412,0.0334,0.7254
DIAMONDS SEVEN DIAMONDS SIX,0.4986,0.0306,0.4708
HEARTS QUEEN SPADES THREE,0.2278,0.0484,0.7238
SPADES THREE HEARTS JACK,0.239,0.0622,0.6988
SPADES THREE HEARTS TEN,0.0114,0.9728,0.0158
DIAMONDS EIGHT DIAMONDS SEVEN,0.4818,0.0256,0.4926
DIAMONDS NINE DIAMONDS SEVEN,0.5082,0.0218,0.47
DIAMONDS NINE DIAMONDS EIGHT,0.4902,0.0254,0.4844
DIAMONDS KING HEARTS TEN,0.2224,0.035,0.7426
SPADES JACK CLUBS SIX,0.3566,0.0154,0.628
DIAMONDS KING HEARTS JACK,0.3016,0.0066,0.6918
SPADES TEN CLUBS SIX,0.2148,0.3856,0.3996
SPADES JACK SPADES FIVE,0.3306,0.0174,0.652
SPADES TEN SPADES FIVE,0.2136,0.4294,0.357
DIAMONDS KING HEARTS ACE,0.3134,0.0056,0.681
SPADES ACE CLUBS SIX,0.3594,0.0064,0.6342
DIAMONDS KING HEARTS QUEEN,0.3136,0.0078,0.6786
SPADES KING CLUBS SIX,0.3602,0.0066,0.6332
DIAMONDS KING HEARTS KING,0.139,0.0092,0.8518
SPADES QUEEN CLUBS SIX,0.3626,0.0134,0.624
SPADES NINE HEARTS TEN,0.2164,0.1682,0.6154
SPADES NINE HEARTS JACK,0.3244,0.016,0.6596
SPADES QUEEN SPADES FIVE,0.3364,0.0106,0.653
SPADES KING SPADES FIVE,0.3394,0.0066,0.654
SPADES ACE SPADES FIVE,0.3202,0.0042,0.6756
SPADES NINE HEARTS QUEEN,0.3492,0.0108,0.64
SPADES NINE HEARTS KING,0.339,0.0088,0.6522
SPADES NINE HEARTS ACE,0.3548,0.0044,0.6408
SPADES FIVE HEARTS QUEEN,0.3658,0.012,0.6222
SPADES FIVE HEARTS KING,0.3658,0.0082,0.626
HEARTS ACE SPADES FIVE,0.3406,0.0042,0.6552
CLUBS EIGHT SPADES TEN,0.218,0.2196,0.5624
SPADES JACK DIAMONDS KING,0.3216,0.0072,0.6712
SPADES TEN DIAMONDS KING,0.223,0.034,0.743
SPADES JACK CLUBS EIGHT,0.3392,0.0186,0.6422
CLUBS SIX HEARTS ACE,0.3508,0.0064,0.6428
SPADES ACE CLUBS EIGHT,0.3558,0.0044,0.6398
HEARTS FIVE CLUBS JACK,0.3496,0.0194,0.631
CLUBS SIX HEARTS QUEEN,0.3508,0.0108,0.6384
SPADES QUEEN CLUBS EIGHT,0.3478,0.0102,0.642
CLUBS SIX HEARTS KING,0.3562,0.0062,0.6376
SPADES KING CLUBS EIGHT,0.3646,0.0064,0.629
CLUBS JACK SPADES THREE,0.2322,0.0624,0.7054
DIAMONDS TWO HEARTS JACK,0.3824,0.0176,0.6
SPADES THREE CLUBS QUEEN,0.237,0.0494,0.7136
DIAMONDS TWO HEARTS TEN,0.2512,0.5186,0.2302
SPADES THREE CLUBS KING,0.2488,0.0374,0.7138
HEARTS FIVE CLUBS ACE,0.3386,0.0056,0.6558
SPADES FIVE HEARTS TEN,0.2096,0.4736,0.3168
SPADES THREE CLUBS ACE,0.244,0.0214,0.7346
HEARTS FIVE CLUBS KING,0.3452,0.0104,0.6444
SPADES FIVE HEARTS JACK,0.3496,0.017,0.6334
HEARTS FIVE CLUBS QUEEN,0.345,0.0122,0.6428
DIAMONDS KING CLUBS KING,0.1338,0.0116,0.8546
DIAMONDS KING CLUBS QUEEN,0.3134,0.0066,0.68
HEARTS FIVE HEARTS JACK,0.34,0.0196,0.6404
HEARTS FIVE HEARTS TEN,0.2108,0.4396,0.3496
DIAMONDS KING CLUBS ACE,0.3186,0.0058,0.6756
SPADES ACE CLUBS QUEEN,0.3216,0.0056,0.6728
SPADES KING CLUBS QUEEN,0.3104,0.008,0.6816
CLUBS JACK DIAMONDS KING,0.3014,0.008,0.6906
SPADES QUEEN CLUBS QUEEN,0.1362,0.0184,0.8454
SPADES JACK CLUBS QUEEN,0.3008,0.009,0.6902
CLUBS SIX CLUBS QUEEN,0.3506,0.0118,0.6376
SPADES TEN CLUBS QUEEN,0.2148,0.043,0.7422
CLUBS SIX CLUBS KING,0.331,0.007,0.662
CLUBS SIX CLUBS ACE,0.334,0.0048,0.6612
HEARTS FIVE HEARTS KING,0.3402,0.0074,0.6524
HEARTS FIVE HEARTS QUEEN,0.3364,0.0136,0.65
HEARTS FIVE HEARTS ACE,0.328,0.005,0.667
CLUBS JACK CLUBS SIX,0.3462,0.018,0.6358
SPADES SEVEN HEARTS JACK,0.3418,0.0168,0.6414
SPADES SEVEN HEARTS TEN,0.2088,0.2984,0.4928
DIAMONDS TWO CLUBS TWO,0.4034,0.067,0.5296
DIAMONDS TWO CLUBS THREE,0.6834,0.0774,0.2392
DIAMONDS TWO HEARTS SIX,0.6096,0.028,0.3624
DIAMONDS TWO HEARTS QUEEN,0.3858,0.0132,0.601
HEARTS SEVEN DIAMONDS TWO,0.6116,0.0288,0.3596
DIAMONDS TWO HEARTS KING,0.3954,0.0058,0.5988
DIAMONDS TWO HEARTS EIGHT,0.598,0.029,0.373
DIAMONDS TWO HEARTS ACE,0.3808,0.004,0.6152
DIAMONDS TWO HEARTS NINE,0.6214,0.0324,0.3462
DIAMONDS TWO DIAMONDS QUEEN,0.3742,0.0132,0.6126
DIAMONDS TWO HEARTS TWO,0.3934,0.0762,0.5304
DIAMONDS TWO DIAMONDS KING,0.3552,0.0076,0.6372
DIAMONDS TWO DIAMONDS ACE,0.359,0.0038,0.6372
HEARTS FOUR DIAMONDS TWO,0.5998,0.0382,0.362
HEARTS FIVE DIAMONDS TWO,0.5906,0.027,0.3824
SPADES SEVEN HEARTS ACE,0.3464,0.005,0.6486
DIAMONDS TWO DIAMONDS TEN,0.2574,0.4826,0.26
SPADES SEVEN HEARTS KING,0.3454,0.009,0.6456
DIAMONDS TWO DIAMONDS JACK,0.377,0.0182,0.6048
SPADES SEVEN HEARTS QUEEN,0.3518,0.0122,0.636
DIAMONDS TWO SPADES NINE,0.6232,0.027,0.3498
DIAMONDS TWO SPADES EIGHT,0.61,0.0274,0.3626
DIAMONDS TWO SPADES SEVEN,0.609,0.0332,0.3578
DIAMONDS TWO SPADES SIX,0.6088,0.031,0.3602
DIAMONDS TWO SPADES FIVE,0.6032,0.029,0.3678
DIAMONDS TWO SPADES FOUR,0.5878,0.0334,0.3788
DIAMONDS TWO SPADES THREE,0.652,0.0788,0.2692
DIAMONDS TWO SPADES TWO,0.393,0.0752,0.5318
CLUBS NINE DIAMONDS TWO,0.6228,0.0284,0.3488
DIAMONDS TWO CLUBS EIGHT,0.629,0.029,0.342
CLUBS SEVEN DIAMONDS TWO,0.61,0.034,0.356
DIAMONDS TWO CLUBS SIX,0.6164,0.0344,0.3492
DIAMONDS TWO CLUBS FIVE,0.598,0.0368,0.3652
DIAMONDS TWO CLUBS FOUR,0.6026,0.0332,0.3642
CLUBS FOUR SPADES FIVE,0.5618,0.0318,0.4064
CLUBS FOUR SPADES FOUR,0.2894,0.0692,0.6414
CLUBS FOUR SPADES THREE,0.6354,0.0868,0.2778
CLUBS FOUR SPADES TWO,0.6074,0.0318,0.3608
SPADES NINE CLUBS FOUR,0.5908,0.0266,0.3826
SPADES EIGHT CLUBS FOUR,0.5856,0.0248,0.3896
SPADES SEVEN CLUBS FOUR,0.5706,0.0274,0.402
CLUBS FOUR SPADES SIX,0.5698,0.0318,0.3984
SPADES ACE DIAMONDS SIX,0.3636,0.0026,0.6338
SPADES QUEEN DIAMONDS SIX,0.3586,0.0124,0.629
SPADES KING DIAMONDS SIX,0.3732,0.0064,0.6204
SPADES TEN DIAMONDS SIX,0.218,0.3942,0.3878
SPADES JACK DIAMONDS SIX,0.3658,0.0172,0.617
SPADES QUEEN SPADES TWO,0.3638,0.0114,0.6248
SPADES KING SPADES TWO,0.359,0.008,0.633
SPADES ACE SPADES TWO,0.355,0.005,0.64
CLUBS JACK DIAMONDS JACK,0.1426,0.0244,0.833
DIAMONDS JACK CLUBS KING,0.314,0.005,0.681
DIAMONDS JACK CLUBS QUEEN,0.2928,0.0112,0.696
DIAMONDS THREE DIAMONDS JACK,0.2262,0.0626,0.7112
DIAMONDS THREE DIAMONDS TEN,0.0188,0.9136,0.0676
DIAMONDS JACK CLUBS ACE,0.3158,0.0046,0.6796
DIAMONDS THREE DIAMONDS KING,0.2156,0.0294,0.755
DIAMONDS THREE DIAMONDS QUEEN,0.2264,0.0446,0.729
DIAMONDS THREE HEARTS TWO,0.6692,0.078,0.2528
HEARTS FIVE DIAMONDS THREE,0.6392,0.0752,0.2856
DIAMONDS THREE DIAMONDS ACE,0.2306,0.0232,0.7462
HEARTS FOUR DIAMONDS THREE,0.638,0.081,0.281
HEARTS SEVEN DIAMONDS THREE,0.6612,0.0782,0.2606
SPADES TEN SPADES NINE,0.2116,0.155,0.6334
HEARTS SIX DIAMONDS THREE,0.6632,0.075,0.2618
SPADES JACK SPADES NINE,0.3142,0.014,0.6718
DIAMONDS THREE HEARTS NINE,0.6832,0.0854,0.2314
HEARTS JACK DIAMONDS FOUR,0.3592,0.0194,0.6214
HEARTS ACE HEARTS KING,0.299,0.0066,0.6944
SPADES TEN SPADES TWO,0.2476,0.4988,0.2536
DIAMONDS THREE HEARTS EIGHT,0.6766,0.0792,0.2442
HEARTS TEN DIAMONDS FOUR,0.215,0.5186,0.2664
SPADES JACK SPADES TWO,0.3678,0.0196,0.6126
HEARTS QUEEN DIAMONDS FOUR,0.363,0.0124,0.6246
HEARTS KING DIAMONDS FOUR,0.366,0.0074,0.6266
SPADES ACE SPADES NINE,0.3452,0.0036,0.6512
HEARTS ACE DIAMONDS FOUR,0.3506,0.0042,0.6452
SPADES KING SPADES NINE,0.3272,0.008,0.6648
SPADES QUEEN SPADES NINE,0.3268,0.007,0.6662
DIAMONDS THREE SPADES NINE,0.6764,0.083,0.2406
DIAMONDS THREE SPADES EIGHT,0.7008,0.0714,0.2278
DIAMONDS THREE SPADES SEVEN,0.6696,0.0674,0.263
DIAMONDS THREE SPADES SIX,0.6648,0.076,0.2592
DIAMONDS THREE CLUBS SIX,0.6734,0.0764,0.2502
CLUBS FIVE CLUBS SIX,0.5278,0.027,0.4452
CLUBS ACE DIAMONDS FOUR,0.3472,0.005,0.6478
CLUBS SEVEN DIAMONDS THREE,0.672,0.0738,0.2542
CLUBS SEVEN CLUBS FIVE,0.5366,0.0286,0.4348
DIAMONDS THREE CLUBS FOUR,0.6382,0.083,0.2788
DIAMONDS FOUR CLUBS QUEEN,0.352,0.0152,0.6328
DIAMONDS THREE CLUBS FIVE,0.6612,0.0776,0.2612
DIAMONDS FOUR CLUBS KING,0.357,0.0074,0.6356
DIAMONDS THREE CLUBS TWO,0.6708,0.0834,0.2458
DIAMONDS THREE CLUBS THREE,0.303,0.0566,0.6404
CLUBS JACK DIAMONDS FOUR,0.3494,0.02,0.6306
DIAMONDS THREE SPADES FOUR,0.6362,0.0834,0.2804
DIAMONDS THREE SPADES FIVE,0.6424,0.0726,0.285
DIAMONDS THREE SPADES TWO,0.6732,0.0804,0.2464
DIAMONDS THREE SPADES THREE,0.2856,0.0544,0.66
CLUBS EIGHT DIAMONDS THREE,0.6982,0.0634,0.2384
CLUBS NINE DIAMONDS THREE,0.691,0.0844,0.2246
SPADES SEVEN CLUBS ACE,0.3472,0.0052,0.6476
SPADES SEVEN CLUBS QUEEN,0.3502,0.013,0.6368
SPADES SEVEN CLUBS KING,0.3548,0.0082,0.637
CLUBS FIVE SPADES SEVEN,0.545,0.0316,0.4234
CLUBS FIVE SPADES SIX,0.5424,0.032,0.4256
CLUBS JACK SPADES SEVEN,0.3516,0.0182,0.6302
CLUBS FIVE SPADES NINE,0.5802,0.0262,0.3936
CLUBS FIVE SPADES EIGHT,0.5444,0.0298,0.4258
CLUBS FIVE SPADES THREE,0.6524,0.0792,0.2684
CLUBS FIVE SPADES TWO,0.5974,0.0332,0.3694
CLUBS FIVE SPADES FIVE,0.2978,0.0602,0.642
CLUBS FIVE SPADES FOUR,0.5504,0.0278,0.4218
CLUBS NINE CLUBS FIVE,0.5474,0.028,0.4246
CLUBS EIGHT CLUBS FIVE,0.5296,0.0316,0.4388
CLUBS ACE CLUBS QUEEN,0.3018,0.0062,0.692
CLUBS KING CLUBS QUEEN,0.285,0.0096,0.7054
DIAMONDS TEN DIAMONDS FOUR,0.2022,0.4934,0.3044
DIAMONDS JACK DIAMONDS FOUR,0.336,0.0174,0.6466
CLUBS JACK DIAMONDS NINE,0.3184,0.0194,0.6622
CLUBS JACK SPADES NINE,0.3164,0.0154,0.6682
DIAMONDS ACE DIAMONDS FOUR,0.3204,0.0048,0.6748
HEARTS FOUR DIAMONDS FOUR,0.297,0.0716,0.6314
DIAMONDS JACK HEARTS TEN,0.2158,0.0516,0.7326
SPADES NINE CLUBS KING,0.3318,0.0066,0.6616
DIAMONDS TWO SPADES TEN,0.2598,0.5176,0.2226
DIAMONDS NINE CLUBS ACE,0.3468,0.0054,0.6478
HEARTS FIVE DIAMONDS FOUR,0.5466,0.0284,0.425
DIAMONDS JACK HEARTS JACK,0.1354,0.0224,0.8422
SPADES NINE CLUBS QUEEN,0.339,0.0128,0.6482
DIAMONDS TWO SPADES JACK,0.381,0.0172,0.6018
DIAMONDS QUEEN DIAMONDS FOUR,0.323,0.0132,0.6638
HEARTS TWO DIAMONDS FOUR,0.5958,0.0334,0.3708
DIAMONDS NINE CLUBS QUEEN,0.3382,0.011,0.6508
DIAMONDS KING DIAMONDS FOUR,0.3402,0.0084,0.6514
SPADES NINE CLUBS ACE,0.3506,0.0058,0.6436
DIAMONDS NINE CLUBS KING,0.3428,0.0076,0.6496
HEARTS ACE DIAMONDS JACK,0.3204,0.0044,0.6752
SPADES ACE DIAMONDS TWO,0.3852,0.0046,0.6102
HEARTS QUEEN DIAMONDS JACK,0.2998,0.0108,0.6894
SPADES QUEEN DIAMONDS TWO,0.3816,0.0136,0.6048
DIAMONDS JACK HEARTS KING,0.3156,0.0068,0.6776
SPADES KING DIAMONDS TWO,0.4034,0.0062,0.5904
SPADES JACK SPADES SEVEN,0.3376,0.0154,0.647
SPADES TEN SPADES SEVEN,0.2078,0.276,0.5162
CLUBS SEVEN CLUBS THREE,0.6472,0.0806,0.2722
CLUBS SIX CLUBS THREE,0.6444,0.0688,0.2868
CLUBS FIVE CLUBS THREE,0.614,0.0732,0.3128
CLUBS THREE CLUBS FOUR,0.6088,0.079,0.3122
CLUBS NINE CLUBS THREE,0.6504,0.0824,0.2672
CLUBS EIGHT CLUBS THREE,0.6516,0.082,0.2664
CLUBS THREE SPADES FIVE,0.652,0.0736,0.2744
CLUBS THREE SPADES FOUR,0.6542,0.079,0.2668
CLUBS THREE SPADES THREE,0.294,0.0494,0.6566
CLUBS THREE SPADES TWO,0.6728,0.081,0.2462
CLUBS THREE SPADES SIX,0.6746,0.072,0.2534
CLUBS THREE SPADES SEVEN,0.676,0.0802,0.2438
SPADES EIGHT CLUBS THREE,0.6818,0.0714,0.2468
SPADES NINE CLUBS THREE,0.6982,0.0746,0.2272
SPADES TWO DIAMONDS FOUR,0.5944,0.033,0.3726
SPADES THREE DIAMONDS FOUR,0.638,0.0762,0.2858
SPADES FOUR DIAMONDS FOUR,0.3038,0.0678,0.6284
SPADES FIVE DIAMONDS FOUR,0.55,0.0306,0.4194
SPADES SIX DIAMONDS FOUR,0.5574,0.0318,0.4108
SPADES SEVEN DIAMONDS FOUR,0.5708,0.029,0.4002
SPADES EIGHT DIAMONDS FOUR,0.5744,0.0282,0.3974
SPADES NINE DIAMONDS FOUR,0.5862,0.027,0.3868
CLUBS FIVE DIAMONDS FOUR,0.5518,0.0324,0.4158
CLUBS FOUR DIAMONDS FOUR,0.3004,0.0682,0.6314
CLUBS SEVEN DIAMONDS FOUR,0.5646,0.0308,0.4046
CLUBS SIX DIAMONDS FOUR,0.551,0.0344,0.4146
CLUBS NINE DIAMONDS FOUR,0.594,0.025,0.381
CLUBS EIGHT DIAMONDS FOUR,0.5628,0.0322,0.405
HEARTS SEVEN DIAMONDS FOUR,0.5574,0.0328,0.4098
HEARTS SIX DIAMONDS FOUR,0.5592,0.0306,0.4102
DIAMONDS FOUR HEARTS NINE,0.57,0.029,0.401
DIAMONDS FOUR HEARTS EIGHT,0.5652,0.03,0.4048
CLUBS THREE DIAMONDS FOUR,0.636,0.0798,0.2842
CLUBS TWO DIAMONDS FOUR,0.5964,0.0318,0.3718
DIAMONDS TEN DIAMONDS FIVE,0.2042,0.441,0.3548
DIAMONDS JACK DIAMONDS FIVE,0.3514,0.0158,0.6328
DIAMONDS NINE HEARTS QUEEN,0.3462,0.0112,0.6426
DIAMONDS NINE HEARTS KING,0.3546,0.0066,0.6388
HEARTS ACE DIAMONDS NINE,0.3678,0.005,0.6272
DIAMONDS NINE HEARTS TEN,0.22,0.1702,0.6098
DIAMONDS NINE HEARTS JACK,0.322,0.0162,0.6618
CLUBS KING DIAMONDS SIX,0.3448,0.0082,0.647
CLUBS QUEEN DIAMONDS SIX,0.352,0.0136,0.6344
CLUBS ACE DIAMONDS SIX,0.3648,0.003,0.6322
SPADES KING DIAMONDS FOUR,0.3626,0.0082,0.6292
SPADES ACE SPADES SEVEN,0.3428,0.0052,0.652
SPADES QUEEN DIAMONDS FOUR,0.3508,0.012,0.6372
SPADES QUEEN SPADES SEVEN,0.3332,0.01,0.6568
CLUBS JACK DIAMONDS SIX,0.3546,0.0188,0.6266
SPADES KING SPADES SEVEN,0.3386,0.007,0.6544
SPADES ACE DIAMONDS FOUR,0.3456,0.0024,0.652
CLUBS NINE CLUBS FOUR,0.5498,0.0292,0.421
CLUBS EIGHT CLUBS FOUR,0.5438,0.0304,0.4258
SPADES JACK DIAMONDS FOUR,0.3554,0.0172,0.6274
SPADES TEN DIAMONDS FOUR,0.2278,0.5054,0.2668
CLUBS FIVE CLUBS FOUR,0.5284,0.0302,0.4414
CLUBS SEVEN CLUBS FOUR,0.5444,0.0302,0.4254
CLUBS SIX CLUBS FOUR,0.5254,0.0298,0.4448
CLUBS SEVEN SPADES EIGHT,0.5322,0.0278,0.44
CLUBS SEVEN SPADES NINE,0.5448,0.027,0.4282
CLUBS SEVEN SPADES SIX,0.547,0.0304,0.4226
CLUBS SEVEN SPADES SEVEN,0.2766,0.0616,0.6618
CLUBS SEVEN SPADES FIVE,0.5546,0.025,0.4204
CLUBS SEVEN SPADES FOUR,0.5802,0.0308,0.389
CLUBS SEVEN SPADES THREE,0.6574,0.0804,0.2622
CLUBS SEVEN SPADES TWO,0.621,0.034,0.345
CLUBS NINE CLUBS SEVEN,0.5238,0.0206,0.4556
CLUBS SEVEN CLUBS EIGHT,0.5074,0.024,0.4686
HEARTS SIX DIAMONDS FIVE,0.542,0.0234,0.4346
HEARTS SEVEN DIAMONDS FIVE,0.554,0.0334,0.4126
DIAMONDS FIVE HEARTS EIGHT,0.5586,0.0298,0.4116
DIAMONDS FIVE HEARTS NINE,0.5816,0.0276,0.3908
DIAMONDS QUEEN DIAMONDS FIVE,0.3408,0.0108,0.6484
HEARTS TWO DIAMONDS FIVE,0.6078,0.0338,0.3584
HEARTS KING HEARTS EIGHT,0.3424,0.0078,0.6498
DIAMONDS KING DIAMONDS FIVE,0.3214,0.0066,0.672
HEARTS QUEEN HEARTS EIGHT,0.3416,0.011,0.6474
DIAMONDS ACE DIAMONDS FIVE,0.3282,0.0052,0.6666
HEARTS FOUR DIAMONDS FIVE,0.5398,0.032,0.4282
HEARTS FIVE DIAMONDS FIVE,0.2972,0.0628,0.64
HEARTS ACE HEARTS EIGHT,0.3452,0.004,0.6508
CLUBS FOUR DIAMONDS FIVE,0.555,0.027,0.418
CLUBS FIVE DIAMONDS FIVE,0.2976,0.0594,0.643
CLUBS SIX DIAMONDS FIVE,0.5546,0.0314,0.414
CLUBS SEVEN DIAMONDS FIVE,0.5598,0.0294,0.4108
CLUBS TWO DIAMONDS FIVE,0.5946,0.035,0.3704
CLUBS THREE DIAMONDS FIVE,0.653,0.0742,0.2728
SPADES THREE DIAMONDS FIVE,0.6426,0.073,0.2844
SPADES TWO DIAMONDS FIVE,0.5898,0.0292,0.381
SPADES JACK DIAMONDS EIGHT,0.3416,0.0172,0.6412
SPADES FIVE DIAMONDS FIVE,0.2996,0.063,0.6374
SPADES TEN DIAMONDS EIGHT,0.2246,0.221,0.5544
SPADES FOUR DIAMONDS FIVE,0.5422,0.0286,0.4292
CLUBS JACK HEARTS JACK,0.128,0.024,0.848
HEARTS JACK CLUBS QUEEN,0.2908,0.0102,0.699
CLUBS NINE DIAMONDS FIVE,0.5748,0.026,0.3992
HEARTS JACK CLUBS KING,0.2968,0.0068,0.6964
CLUBS EIGHT DIAMONDS FIVE,0.5674,0.029,0.4036
CLUBS ACE HEARTS JACK,0.299,0.0054,0.6956
SPADES SEVEN DIAMONDS FIVE,0.551,0.0294,0.4196
SPADES KING DIAMONDS EIGHT,0.3574,0.007,0.6356
SPADES QUEEN DIAMONDS EIGHT,0.3596,0.01,0.6304
SPADES SIX DIAMONDS FIVE,0.5392,0.0246,0.4362
SPADES NINE DIAMONDS FIVE,0.5836,0.0278,0.3886
SPADES EIGHT DIAMONDS FIVE,0.561,0.0284,0.4106
SPADES ACE DIAMONDS EIGHT,0.3594,0.0036,0.637
DIAMONDS TEN DIAMONDS SIX,0.2052,0.3488,0.446
HEARTS ACE DIAMONDS SEVEN,0.3548,0.005,0.6402
DIAMONDS JACK DIAMONDS SIX,0.346,0.0184,0.6356
HEARTS QUEEN DIAMONDS SEVEN,0.3618,0.01,0.6282
HEARTS KING DIAMONDS SEVEN,0.3542,0.0074,0.6384
DIAMONDS ACE DIAMONDS SIX,0.3234,0.004,0.6726
HEARTS FOUR DIAMONDS SIX,0.5582,0.0284,0.4134
SPADES TWO HEARTS JACK,0.3926,0.0152,0.5922
HEARTS FIVE DIAMONDS SIX,0.5416,0.0282,0.4302
SPADES TWO HEARTS TEN,0.2562,0.5252,0.2186
DIAMONDS QUEEN DIAMONDS SIX,0.3458,0.011,0.6432
HEARTS TWO DIAMONDS SIX,0.5874,0.0338,0.3788
DIAMONDS KING DIAMONDS SIX,0.3392,0.0064,0.6544
HEARTS EIGHT DIAMONDS SIX,0.5496,0.0282,0.4222
HEARTS NINE DIAMONDS SIX,0.5472,0.0254,0.4274
HEARTS SIX DIAMONDS SIX,0.286,0.0568,0.6572
HEARTS SEVEN DIAMONDS SIX,0.5454,0.0278,0.4268
HEARTS TEN DIAMONDS SEVEN,0.21,0.2996,0.4904
CLUBS TWO DIAMONDS SIX,0.6102,0.0328,0.357
HEARTS JACK DIAMONDS SEVEN,0.347,0.015,0.638
CLUBS THREE DIAMONDS SIX,0.6508,0.0804,0.2688
CLUBS SEVEN DIAMONDS SIX,0.5434,0.0254,0.4312
CLUBS JACK DIAMONDS EIGHT,0.341,0.0192,0.6398
CLUBS SIX DIAMONDS SIX,0.2932,0.0556,0.6512
CLUBS FIVE DIAMONDS SIX,0.5532,0.0308,0.416
CLUBS FOUR DIAMONDS SIX,0.5604,0.033,0.4066
HEARTS ACE HEARTS JACK,0.2942,0.0038,0.702
DIAMONDS EIGHT CLUBS ACE,0.3308,0.0032,0.666
HEARTS QUEEN HEARTS JACK,0.2768,0.0106,0.7126
DIAMONDS EIGHT CLUBS KING,0.3502,0.0086,0.6412
CLUBS NINE DIAMONDS SIX,0.5716,0.0282,0.4002
HEARTS KING HEARTS JACK,0.306,0.005,0.689
DIAMONDS EIGHT CLUBS QUEEN,0.3586,0.0116,0.6298
CLUBS EIGHT DIAMONDS SIX,0.5528,0.0276,0.4196
SPADES TEN HEARTS KING,0.2246,0.0358,0.7396
SPADES FIVE DIAMONDS SIX,0.5502,0.0308,0.419
HEARTS ACE SPADES TWO,0.3766,0.0042,0.6192
SPADES JACK HEARTS KING,0.3228,0.0066,0.6706
SPADES FOUR DIAMONDS SIX,0.569,0.0308,0.4002
SPADES THREE DIAMONDS SIX,0.6552,0.0826,0.2622
HEARTS QUEEN SPADES TWO,0.3932,0.0134,0.5934
SPADES ACE SPADES KING,0.3066,0.0036,0.6898
HEARTS KING SPADES TWO,0.3934,0.0066,0.6
SPADES TWO DIAMONDS SIX,0.602,0.0304,0.3676
HEARTS TEN HEARTS EIGHT,0.2084,0.2196,0.572
SPADES NINE DIAMONDS SIX,0.5718,0.023,0.4052
HEARTS JACK HEARTS EIGHT,0.3246,0.017,0.6584
SPADES EIGHT DIAMONDS SIX,0.5388,0.026,0.4352
SPADES SEVEN DIAMONDS SIX,0.5462,0.0252,0.4286
SPADES SIX DIAMONDS SIX,0.292,0.0564,0.6516
SPADES KING HEARTS KING,0.1214,0.0092,0.8694
SPADES QUEEN HEARTS KING,0.3158,0.0064,0.6778
CLUBS ACE CLUBS KING,0.3036,0.0064,0.69
SPADES ACE HEARTS KING,0.3162,0.0054,0.6784
SPADES ACE HEARTS JACK,0.3128,0.004,0.6832
SPADES QUEEN HEARTS JACK,0.2936,0.0108,0.6956
SPADES KING HEARTS JACK,0.3062,0.0078,0.686
SPADES TEN DIAMONDS TEN,0.0878,0.0562,0.856
SPADES JACK DIAMONDS TEN,0.224,0.0566,0.7194
SPADES ACE DIAMONDS TEN,0.2254,0.0306,0.744
SPADES JACK HEARTS JACK,0.1436,0.0218,0.8346
SPADES TEN HEARTS JACK,0.2272,0.0572,0.7156
SPADES QUEEN DIAMONDS TEN,0.2268,0.045,0.7282
SPADES KING DIAMONDS TEN,0.2384,0.0362,0.7254
SPADES NINE DIAMONDS SEVEN,0.5462,0.0222,0.4316
SPADES EIGHT DIAMONDS SEVEN,0.526,0.027,0.447
SPADES SEVEN DIAMONDS SEVEN,0.278,0.0538,0.6682
SPADES SIX DIAMONDS SEVEN,0.5518,0.028,0.4202
DIAMONDS KING DIAMONDS SEVEN,0.3402,0.008,0.6518
HEARTS KING DIAMONDS FIVE,0.3684,0.0062,0.6254
DIAMONDS QUEEN DIAMONDS SEVEN,0.3358,0.0088,0.6554
HEARTS TWO DIAMONDS SEVEN,0.6292,0.0312,0.3396
HEARTS QUEEN DIAMONDS FIVE,0.3594,0.0112,0.6294
HEARTS FIVE DIAMONDS SEVEN,0.5408,0.03,0.4292
DIAMONDS ACE DIAMONDS SEVEN,0.3304,0.005,0.6646
HEARTS FOUR DIAMONDS SEVEN,0.5648,0.0284,0.4068
HEARTS ACE DIAMONDS FIVE,0.3388,0.0056,0.6556
HEARTS SEVEN DIAMONDS SEVEN,0.2918,0.0504,0.6578
HEARTS SIX DIAMONDS SEVEN,0.5346,0.0266,0.4388
DIAMONDS SEVEN HEARTS NINE,0.5332,0.0236,0.4432
HEARTS EIGHT DIAMONDS SEVEN,0.526,0.025,0.449
DIAMONDS JACK DIAMONDS SEVEN,0.3326,0.0138,0.6536
DIAMONDS FIVE HEARTS JACK,0.3572,0.0192,0.6236
DIAMONDS TEN DIAMONDS SEVEN,0.2128,0.2746,0.5126
HEARTS TEN DIAMONDS FIVE,0.2102,0.4706,0.3192
SPADES KING CLUBS TWO,0.3888,0.0074,0.6038
HEARTS KING CLUBS KING,0.1222,0.0116,0.8662
CLUBS EIGHT DIAMONDS SEVEN,0.5214,0.029,0.4496
SPADES QUEEN CLUBS TWO,0.3898,0.0116,0.5986
HEARTS KING CLUBS QUEEN,0.311,0.008,0.681
CLUBS NINE DIAMONDS SEVEN,0.5548,0.0274,0.4178
CLUBS JACK SPADES TWO,0.395,0.0234,0.5816
SPADES ACE CLUBS TWO,0.3992,0.006,0.5948
HEARTS KING CLUBS ACE,0.3224,0.0052,0.6724
CLUBS SEVEN CLUBS SIX,0.5118,0.0282,0.46
SPADES TWO CLUBS KING,0.387,0.011,0.602
SPADES TWO DIAMONDS SEVEN,0.6282,0.0308,0.341
CLUBS EIGHT CLUBS SIX,0.506,0.0296,0.4644
SPADES THREE DIAMONDS SEVEN,0.6672,0.073,0.2598
SPADES TWO CLUBS QUEEN,0.3876,0.0154,0.597
CLUBS NINE CLUBS SIX,0.5418,0.0244,0.4338
SPADES FOUR DIAMONDS SEVEN,0.557,0.0292,0.4138
CLUBS JACK HEARTS KING,0.3026,0.0078,0.6896
SPADES FIVE DIAMONDS SEVEN,0.5586,0.03,0.4114
SPADES TWO CLUBS ACE,0.386,0.0046,0.6094
CLUBS SIX SPADES TWO,0.625,0.0332,0.3418
CLUBS SIX SPADES THREE,0.6626,0.0784,0.259
CLUBS TWO DIAMONDS SEVEN,0.6124,0.028,0.3596
CLUBS SIX SPADES FOUR,0.5606,0.0288,0.4106
CLUBS THREE DIAMONDS SEVEN,0.6754,0.0756,0.249
CLUBS SIX SPADES FIVE,0.551,0.035,0.414
CLUBS FOUR DIAMONDS SEVEN,0.5706,0.0276,0.4018
CLUBS SIX SPADES SIX,0.2942,0.0572,0.6486
CLUBS FIVE DIAMONDS SEVEN,0.567,0.0274,0.4056
CLUBS SIX SPADES SEVEN,0.5464,0.031,0.4226
CLUBS SIX DIAMONDS SEVEN,0.5488,0.025,0.4262
CLUBS SIX SPADES EIGHT,0.5474,0.0256,0.427
SPADES JACK CLUBS TWO,0.3944,0.0186,0.587
CLUBS SEVEN DIAMONDS SEVEN,0.2864,0.0502,0.6634
SPADES NINE CLUBS SIX,0.5614,0.0266,0.412
SPADES TEN CLUBS TWO,0.254,0.521,0.225
CLUBS TWO CLUBS QUEEN,0.3808,0.014,0.6052
CLUBS TWO CLUBS KING,0.3712,0.0084,0.6204
CLUBS THREE DIAMONDS EIGHT,0.6894,0.0784,0.2322
CLUBS TWO CLUBS ACE,0.359,0.0056,0.6354
CLUBS TWO DIAMONDS EIGHT,0.6198,0.0302,0.35
HEARTS SEVEN DIAMONDS EIGHT,0.5012,0.0296,0.4692
HEARTS SIX DIAMONDS EIGHT,0.5382,0.0268,0.435
DIAMONDS EIGHT HEARTS NINE,0.5252,0.0286,0.4462
DIAMONDS EIGHT HEARTS EIGHT,0.2678,0.0434,0.6888
CLUBS JACK CLUBS TWO,0.3726,0.0212,0.6062
CLUBS NINE DIAMONDS EIGHT,0.5288,0.025,0.4462
CLUBS EIGHT DIAMONDS EIGHT,0.2924,0.0442,0.6634
CLUBS FIVE DIAMONDS EIGHT,0.5548,0.0304,0.4148
SPADES ACE SPADES THREE,0.2374,0.0202,0.7424
CLUBS FOUR DIAMONDS EIGHT,0.5646,0.03,0.4054
CLUBS SEVEN DIAMONDS EIGHT,0.5218,0.0272,0.451
SPADES QUEEN SPADES THREE,0.2296,0.0444,0.726
CLUBS SIX DIAMONDS EIGHT,0.548,0.0294,0.4226
SPADES KING SPADES THREE,0.2336,0.0288,0.7376
DIAMONDS QUEEN DIAMONDS EIGHT,0.3292,0.0094,0.6614
HEARTS TWO DIAMONDS EIGHT,0.6076,0.0312,0.3612
DIAMONDS KING DIAMONDS EIGHT,0.3308,0.0072,0.662
DIAMONDS ACE DIAMONDS EIGHT,0.3238,0.0038,0.6724
HEARTS FOUR DIAMONDS EIGHT,0.5624,0.0304,0.4072
HEARTS FIVE DIAMONDS EIGHT,0.5504,0.027,0.4226
DIAMONDS EIGHT DIAMONDS TEN,0.2034,0.2128,0.5838
DIAMONDS EIGHT DIAMONDS JACK,0.3274,0.018,0.6546
SPADES JACK SPADES THREE,0.2294,0.055,0.7156
SPADES TEN SPADES THREE,0.0228,0.9048,0.0724
CLUBS FOUR HEARTS ACE,0.3452,0.0054,0.6494
CLUBS FOUR HEARTS QUEEN,0.3602,0.015,0.6248
CLUBS FOUR HEARTS KING,0.3664,0.009,0.6246
CLUBS SIX HEARTS TEN,0.2104,0.3906,0.399
CLUBS SIX HEARTS JACK,0.3622,0.02,0.6178
DIAMONDS EIGHT SPADES FOUR,0.5772,0.028,0.3948
SPADES FIVE DIAMONDS EIGHT,0.5678,0.0216,0.4106
DIAMONDS EIGHT SPADES TWO,0.609,0.0292,0.3618
DIAMONDS EIGHT SPADES THREE,0.6776,0.0724,0.25
CLUBS FOUR HEARTS JACK,0.352,0.0206,0.6274
SPADES EIGHT DIAMONDS EIGHT,0.271,0.0436,0.6854
SPADES TEN DIAMONDS QUEEN,0.2194,0.0458,0.7348
SPADES TEN HEARTS TWO,0.2528,0.5276,0.2196
SPADES JACK HEARTS EIGHT,0.3296,0.018,0.6524
CLUBS FOUR HEARTS TEN,0.2132,0.5154,0.2714
SPADES NINE DIAMONDS EIGHT,0.5316,0.0198,0.4486
SPADES TEN HEARTS EIGHT,0.213,0.2286,0.5584
SPADES JACK HEARTS TWO,0.4036,0.018,0.5784
SPADES JACK DIAMONDS QUEEN,0.3098,0.01,0.6802
SPADES SIX DIAMONDS EIGHT,0.5482,0.0294,0.4224
SPADES SEVEN DIAMONDS EIGHT,0.5296,0.0266,0.4438
SPADES ACE HEARTS TWO,0.3704,0.0054,0.6242
SPADES ACE DIAMONDS QUEEN,0.331,0.0028,0.6662
SPADES ACE HEARTS EIGHT,0.3356,0.0052,0.6592
SPADES KING HEARTS EIGHT,0.3442,0.0084,0.6474
SPADES QUEEN HEARTS TWO,0.3904,0.015,0.5946
SPADES QUEEN DIAMONDS QUEEN,0.1472,0.017,0.8358
SPADES KING DIAMONDS QUEEN,0.3152,0.007,0.6778
SPADES KING HEARTS TWO,0.3932,0.0094,0.5974
SPADES QUEEN HEARTS EIGHT,0.3386,0.0102,0.6512
CLUBS TWO HEARTS TEN,0.2568,0.5302,0.213
CLUBS TWO HEARTS JACK,0.3944,0.0182,0.5874
SPADES SEVEN DIAMONDS NINE,0.5434,0.022,0.4346
SPADES SIX DIAMONDS NINE,0.5582,0.029,0.4128
SPADES NINE DIAMONDS NINE,0.2746,0.0422,0.6832
SPADES EIGHT DIAMONDS NINE,0.5224,0.0262,0.4514
SPADES TEN CLUBS KING,0.2314,0.0372,0.7314
DIAMONDS NINE SPADES THREE,0.6876,0.08,0.2324
SPADES JACK CLUBS KING,0.3054,0.0088,0.6858
DIAMONDS NINE SPADES TWO,0.6142,0.0292,0.3566
DIAMONDS NINE SPADES FIVE,0.5774,0.0296,0.393
DIAMONDS NINE SPADES FOUR,0.5912,0.029,0.3798
CLUBS NINE DIAMONDS NINE,0.2728,0.0408,0.6864
CLUBS EIGHT DIAMONDS NINE,0.5212,0.0262,0.4526
CLUBS SIX DIAMONDS NINE,0.5612,0.0252,0.4136
SPADES JACK CLUBS FOUR,0.3582,0.0236,0.6182
CLUBS SEVEN DIAMONDS NINE,0.56,0.0236,0.4164
SPADES TEN CLUBS FOUR,0.2154,0.5176,0.267
CLUBS FOUR DIAMONDS NINE,0.5858,0.0278,0.3864
CLUBS FIVE DIAMONDS NINE,0.5814,0.0276,0.391
DIAMONDS NINE CLUBS TWO,0.621,0.0332,0.3458
CLUBS THREE DIAMONDS NINE,0.693,0.0796,0.2274
DIAMONDS NINE HEARTS EIGHT,0.5204,0.0246,0.455
DIAMONDS NINE HEARTS NINE,0.2722,0.0398,0.688
HEARTS SIX DIAMONDS NINE,0.5558,0.0258,0.4184
HEARTS SEVEN DIAMONDS NINE,0.5436,0.027,0.4294
CLUBS NINE CLUBS EIGHT,0.4882,0.0264,0.4854
DIAMONDS ACE DIAMONDS NINE,0.328,0.004,0.668
HEARTS FOUR DIAMONDS NINE,0.5832,0.0246,0.3922
HEARTS FIVE DIAMONDS NINE,0.5612,0.0268,0.412
HEARTS ACE CLUBS TWO,0.3766,0.0062,0.6172
SPADES ACE CLUBS FOUR,0.3362,0.0062,0.6576
DIAMONDS QUEEN DIAMONDS NINE,0.3144,0.014,0.6716
HEARTS TWO DIAMONDS NINE,0.6306,0.0238,0.3456
CLUBS TWO HEARTS KING,0.4068,0.0074,0.5858
SPADES KING CLUBS FOUR,0.3648,0.01,0.6252
DIAMONDS KING DIAMONDS NINE,0.3404,0.0072,0.6524
CLUBS TWO HEARTS QUEEN,0.3882,0.0112,0.6006
SPADES QUEEN CLUBS FOUR,0.372,0.0128,0.6152
DIAMONDS NINE DIAMONDS JACK,0.3134,0.0168,0.6698
CLUBS EIGHT SPADES NINE,0.5276,0.0238,0.4486
DIAMONDS NINE DIAMONDS TEN,0.2028,0.1664,0.6308
CLUBS EIGHT SPADES EIGHT,0.2774,0.0444,0.6782
CLUBS EIGHT SPADES SEVEN,0.5364,0.0266,0.437
CLUBS EIGHT SPADES SIX,0.5558,0.0262,0.418
CLUBS EIGHT SPADES FIVE,0.5626,0.03,0.4074
CLUBS EIGHT SPADES FOUR,0.571,0.027,0.402
CLUBS EIGHT SPADES THREE,0.7056,0.0726,0.2218
CLUBS EIGHT SPADES TWO,0.6184,0.0238,0.3578
HEARTS SIX DIAMONDS TEN,0.211,0.383,0.406
HEARTS SEVEN DIAMONDS TEN,0.2182,0.3022,0.4796
DIAMONDS TEN HEARTS EIGHT,0.2004,0.2274,0.5722
CLUBS JACK CLUBS FOUR,0.3386,0.0202,0.6412
DIAMONDS TEN HEARTS NINE,0.2056,0.1684,0.626
CLUBS FOUR CLUBS KING,0.3372,0.0094,0.6534
CLUBS FOUR CLUBS QUEEN,0.3488,0.01,0.6412
CLUBS TWO DIAMONDS TEN,0.2638,0.5284,0.2078
CLUBS THREE DIAMONDS TEN,0.0148,0.9728,0.0124
CLUBS FOUR CLUBS ACE,0.3194,0.0062,0.6744
DIAMONDS JACK DIAMONDS TEN,0.216,0.05,0.734
DIAMONDS QUEEN DIAMONDS TEN,0.2138,0.045,0.7412
HEARTS TWO DIAMONDS TEN,0.263,0.5294,0.2076
DIAMONDS KING DIAMONDS TEN,0.2164,0.0292,0.7544
DIAMONDS ACE DIAMONDS TEN,0.2094,0.0208,0.7698
HEARTS FOUR DIAMONDS TEN,0.216,0.5202,0.2638
CLUBS EIGHT HEARTS JACK,0.3448,0.0136,0.6416
HEARTS FIVE DIAMONDS TEN,0.2234,0.4582,0.3184
CLUBS EIGHT HEARTS TEN,0.222,0.2226,0.5554
CLUBS EIGHT HEARTS QUEEN,0.3534,0.0128,0.6338
CLUBS EIGHT HEARTS KING,0.3574,0.006,0.6366
CLUBS EIGHT HEARTS ACE,0.3412,0.0056,0.6532
CLUBS NINE SPADES THREE,0.687,0.0812,0.2318
CLUBS NINE SPADES TWO,0.6248,0.0318,0.3434
CLUBS NINE SPADES FIVE,0.5806,0.026,0.3934
CLUBS NINE SPADES FOUR,0.5908,0.0272,0.382
CLUBS NINE SPADES SEVEN,0.5364,0.0294,0.4342
CLUBS NINE SPADES SIX,0.5544,0.0276,0.418
CLUBS NINE SPADES NINE,0.2712,0.0378,0.691
CLUBS NINE SPADES EIGHT,0.5304,0.0242,0.4454
CLUBS JACK HEARTS EIGHT,0.3264,0.017,0.6566
HEARTS EIGHT CLUBS QUEEN,0.3454,0.0112,0.6434
CLUBS KING HEARTS EIGHT,0.3536,0.008,0.6384
CLUBS ACE HEARTS EIGHT,0.3402,0.0046,0.6552
SPADES KING CLUBS KING,0.1288,0.0126,0.8586
SPADES QUEEN CLUBS KING,0.305,0.0052,0.6898
SPADES ACE CLUBS KING,0.3306,0.0044,0.665
DIAMONDS ACE HEARTS TEN,0.2134,0.0274,0.7592
HEARTS FOUR HEARTS TEN,0.2082,0.498,0.2938
DIAMONDS ACE HEARTS JACK,0.3068,0.0046,0.6886
HEARTS FOUR HEARTS JACK,0.341,0.018,0.641
SPADES KING CLUBS FIVE,0.3668,0.0084,0.6248
SPADES QUEEN CLUBS FIVE,0.3608,0.015,0.6242
SPADES ACE CLUBS FIVE,0.3616,0.0042,0.6342
HEARTS SEVEN DIAMONDS JACK,0.3564,0.0152,0.6284
HEARTS SIX DIAMONDS JACK,0.3664,0.0152,0.6184
DIAMONDS JACK HEARTS NINE,0.3344,0.0168,0.6488
DIAMONDS JACK HEARTS EIGHT,0.3252,0.016,0.6588
DIAMONDS KING DIAMONDS JACK,0.2914,0.0068,0.7018
SPADES ACE SPADES SIX,0.335,0.0038,0.6612
HEARTS ACE SPADES FOUR,0.3494,0.0036,0.647
DIAMONDS QUEEN DIAMONDS JACK,0.2768,0.0088,0.7144
HEARTS TWO DIAMONDS JACK,0.3954,0.0196,0.585
HEARTS FIVE DIAMONDS JACK,0.3532,0.0176,0.6292
SPADES QUEEN SPADES SIX,0.341,0.0116,0.6474
SPADES FOUR HEARTS QUEEN,0.358,0.0118,0.6302
DIAMONDS ACE DIAMONDS JACK,0.2946,0.0038,0.7016
HEARTS FOUR DIAMONDS JACK,0.356,0.021,0.623
SPADES KING SPADES SIX,0.3364,0.0062,0.6574
SPADES FOUR HEARTS KING,0.3594,0.0096,0.631
SPADES TEN SPADES SIX,0.2046,0.3582,0.4372
SPADES JACK SPADES SIX,0.35,0.0146,0.6354
SPADES FOUR DIAMONDS JACK,0.3568,0.0206,0.6226
SPADES FIVE DIAMONDS JACK,0.3536,0.0184,0.628
DIAMONDS JACK SPADES TWO,0.3714,0.0202,0.6084
DIAMONDS JACK SPADES THREE,0.2394,0.0638,0.6968
SPADES ACE DIAMONDS THREE,0.2422,0.0228,0.735
SPADES QUEEN DIAMONDS THREE,0.2396,0.0434,0.717
CLUBS EIGHT DIAMONDS JACK,0.3466,0.0206,0.6328
SPADES KING DIAMONDS THREE,0.2384,0.032,0.7296
CLUBS NINE DIAMONDS JACK,0.3364,0.0142,0.6494
CLUBS SIX DIAMONDS JACK,0.358,0.017,0.625
CLUBS SEVEN DIAMONDS JACK,0.353,0.0136,0.6334
CLUBS FOUR DIAMONDS JACK,0.3618,0.024,0.6142
CLUBS FIVE DIAMONDS JACK,0.3566,0.0182,0.6252
CLUBS TWO DIAMONDS JACK,0.3796,0.0192,0.6012
CLUBS THREE DIAMONDS JACK,0.2386,0.059,0.7024
SPADES TEN CLUBS FIVE,0.2106,0.47,0.3194
SPADES JACK HEARTS SIX,0.3554,0.0178,0.6268
HEARTS SIX SPADES TEN,0.2266,0.373,0.4004
SPADES JACK CLUBS FIVE,0.3662,0.0134,0.6204
SPADES JACK DIAMONDS THREE,0.2512,0.0522,0.6966
CLUBS SEVEN CLUBS ACE,0.3412,0.0062,0.6526
DIAMONDS THREE SPADES TEN,0.0248,0.952,0.0232
CLUBS SEVEN CLUBS QUEEN,0.3426,0.0102,0.6472
CLUBS SEVEN CLUBS KING,0.335,0.0096,0.6554
SPADES NINE DIAMONDS JACK,0.325,0.0132,0.6618
DIAMONDS ACE HEARTS ACE,0.1308,0.0028,0.8664
HEARTS FOUR HEARTS ACE,0.3386,0.0052,0.6562
SPADES EIGHT DIAMONDS JACK,0.3296,0.016,0.6544
SPADES ACE HEARTS SIX,0.364,0.005,0.631
CLUBS JACK CLUBS SEVEN,0.3264,0.0178,0.6558
DIAMONDS ACE HEARTS KING,0.3176,0.0044,0.678
HEARTS FOUR HEARTS KING,0.347,0.0068,0.6462
SPADES SEVEN DIAMONDS JACK,0.3516,0.017,0.6314
SPADES KING HEARTS SIX,0.3618,0.009,0.6292
DIAMONDS ACE HEARTS QUEEN,0.3128,0.0036,0.6836
HEARTS FOUR HEARTS QUEEN,0.3388,0.0132,0.648
SPADES QUEEN HEARTS SIX,0.3516,0.0098,0.6386
SPADES SIX DIAMONDS JACK,0.3634,0.0164,0.6202
DIAMONDS TEN SPADES TWO,0.2668,0.5034,0.2298
SPADES THREE DIAMONDS TEN,0.0218,0.9576,0.0206
SPADES FOUR DIAMONDS TEN,0.2186,0.5092,0.2722
SPADES FIVE DIAMONDS TEN,0.2064,0.464,0.3296
SPADES SIX DIAMONDS TEN,0.2202,0.3768,0.403
SPADES SEVEN DIAMONDS TEN,0.2148,0.2874,0.4978
SPADES EIGHT DIAMONDS TEN,0.2112,0.2216,0.5672
SPADES NINE DIAMONDS TEN,0.22,0.1676,0.6124
CLUBS FOUR DIAMONDS TEN,0.221,0.5092,0.2698
CLUBS FIVE DIAMONDS TEN,0.2116,0.4772,0.3112
CLUBS SIX DIAMONDS TEN,0.223,0.3768,0.4002
CLUBS SEVEN DIAMONDS TEN,0.2342,0.2926,0.4732
CLUBS EIGHT DIAMONDS TEN,0.2196,0.2212,0.5592
CLUBS NINE DIAMONDS TEN,0.2274,0.1722,0.6004
CLUBS JACK DIAMONDS THREE,0.2312,0.0598,0.709
DIAMONDS THREE CLUBS KING,0.2284,0.031,0.7406
DIAMONDS THREE CLUBS QUEEN,0.2334,0.0472,0.7194
DIAMONDS THREE CLUBS ACE,0.241,0.023,0.736
SPADES FOUR HEARTS JACK,0.3586,0.018,0.6234
SPADES FOUR HEARTS TEN,0.2116,0.5376,0.2508
SPADES FIVE SPADES TWO,0.5528,0.0262,0.421
SPADES FOUR SPADES TWO,0.5602,0.0306,0.4092
SPADES THREE SPADES TWO,0.6116,0.0774,0.311
SPADES NINE SPADES TWO,0.5654,0.0312,0.4034
SPADES EIGHT SPADES TWO,0.5722,0.0234,0.4044
SPADES SEVEN SPADES TWO,0.5696,0.031,0.3994
SPADES SIX SPADES TWO,0.571,0.0296,0.3994
DIAMONDS QUEEN CLUBS THREE,0.2306,0.0478,0.7216
CLUBS THREE HEARTS TWO,0.6658,0.0806,0.2536
DIAMONDS QUEEN CLUBS TWO,0.3944,0.015,0.5906
HEARTS TWO CLUBS TWO,0.4034,0.0714,0.5252
HEARTS SEVEN DIAMONDS QUEEN,0.356,0.0126,0.6314
HEARTS SEVEN HEARTS TWO,0.5892,0.03,0.3808
HEARTS SIX DIAMONDS QUEEN,0.3518,0.0088,0.6394
HEARTS SIX HEARTS TWO,0.5772,0.0306,0.3922
DIAMONDS QUEEN HEARTS NINE,0.3342,0.011,0.6548
HEARTS TWO HEARTS NINE,0.5992,0.0284,0.3724
DIAMONDS QUEEN HEARTS EIGHT,0.348,0.0094,0.6426
HEARTS TWO HEARTS EIGHT,0.572,0.0312,0.3968
CLUBS NINE HEARTS TWO,0.6258,0.029,0.3452
CLUBS NINE DIAMONDS QUEEN,0.3642,0.0104,0.6254
CLUBS EIGHT HEARTS TWO,0.628,0.0292,0.3428
CLUBS EIGHT DIAMONDS QUEEN,0.3516,0.0122,0.6362
CLUBS FIVE DIAMONDS QUEEN,0.3702,0.011,0.6188
CLUBS FIVE HEARTS TWO,0.6032,0.0324,0.3644
SPADES EIGHT HEARTS ACE,0.3462,0.004,0.6498
DIAMONDS QUEEN CLUBS FOUR,0.3678,0.0146,0.6176
HEARTS TWO CLUBS FOUR,0.6088,0.0298,0.3614
CLUBS SEVEN DIAMONDS QUEEN,0.37,0.0112,0.6188
CLUBS SEVEN HEARTS TWO,0.6272,0.03,0.3428
SPADES EIGHT HEARTS QUEEN,0.3544,0.009,0.6366
CLUBS SIX DIAMONDS QUEEN,0.3604,0.0126,0.627
CLUBS SIX HEARTS TWO,0.6072,0.0314,0.3614
SPADES EIGHT HEARTS KING,0.3474,0.0096,0.643
HEARTS TWO SPADES SIX,0.6204,0.0302,0.3494
DIAMONDS QUEEN SPADES SIX,0.3674,0.0116,0.621
HEARTS FOUR CLUBS QUEEN,0.36,0.0118,0.6282
DIAMONDS ACE CLUBS QUEEN,0.3196,0.0058,0.6746
DIAMONDS QUEEN SPADES SEVEN,0.3668,0.0094,0.6238
HEARTS TWO SPADES SEVEN,0.6316,0.028,0.3404
HEARTS FOUR CLUBS KING,0.3498,0.0116,0.6386
DIAMONDS ACE CLUBS KING,0.3212,0.0042,0.6746
DIAMONDS QUEEN SPADES EIGHT,0.3584,0.009,0.6326
SPADES EIGHT HEARTS TWO,0.6198,0.0308,0.3494
HEARTS FOUR CLUBS ACE,0.3548,0.0058,0.6394
DIAMONDS ACE CLUBS ACE,0.1194,0.0054,0.8752
SPADES NINE DIAMONDS QUEEN,0.3466,0.0072,0.6462
SPADES NINE HEARTS TWO,0.6162,0.0294,0.3544
HEARTS TWO SPADES TWO,0.3926,0.0774,0.53
DIAMONDS QUEEN SPADES TWO,0.3886,0.013,0.5984
HEARTS TWO SPADES THREE,0.6692,0.0816,0.2492
DIAMONDS QUEEN SPADES THREE,0.2394,0.0406,0.72
HEARTS TWO SPADES FOUR,0.5994,0.0334,0.3672
DIAMONDS QUEEN SPADES FOUR,0.3642,0.011,0.6248
HEARTS TWO SPADES FIVE,0.5994,0.0272,0.3734
DIAMONDS QUEEN SPADES FIVE,0.3508,0.0142,0.635
CLUBS JACK HEARTS FOUR,0.3506,0.0202,0.6292
CLUBS JACK DIAMONDS ACE,0.3148,0.0032,0.682
CLUBS FIVE CLUBS KING,0.336,0.0088,0.6552
CLUBS FIVE CLUBS QUEEN,0.3398,0.0088,0.6514
CLUBS FIVE CLUBS ACE,0.333,0.0076,0.6594
CLUBS JACK CLUBS FIVE,0.3346,0.02,0.6454
SPADES KING CLUBS JACK,0.3054,0.0084,0.6862
CLUBS JACK SPADES QUEEN,0.305,0.0104,0.6846
SPADES ACE CLUBS JACK,0.3032,0.0048,0.692
SPADES SIX CLUBS KING,0.358,0.0056,0.6364
SPADES SIX CLUBS QUEEN,0.3694,0.0094,0.6212
SPADES EIGHT HEARTS JACK,0.3472,0.0158,0.637
SPADES SIX CLUBS ACE,0.3584,0.0048,0.6368
SPADES EIGHT HEARTS TEN,0.2216,0.227,0.5514
CLUBS JACK SPADES SIX,0.3624,0.019,0.6186
CLUBS JACK SPADES TEN,0.2236,0.0534,0.723
CLUBS JACK SPADES JACK,0.1346,0.0224,0.843
SPADES QUEEN CLUBS SEVEN,0.3674,0.011,0.6216
SPADES KING CLUBS SEVEN,0.375,0.0078,0.6172
SPADES ACE CLUBS SEVEN,0.3684,0.0046,0.627
SPADES SIX HEARTS TEN,0.2124,0.38,0.4076
SPADES SIX HEARTS JACK,0.376,0.0206,0.6034
SPADES SIX HEARTS ACE,0.3654,0.0028,0.6318
SPADES SIX HEARTS KING,0.3552,0.0082,0.6366
SPADES SIX HEARTS QUEEN,0.3612,0.0136,0.6252
CLUBS SEVEN SPADES JACK,0.3636,0.0174,0.619
CLUBS SEVEN SPADES TEN,0.2208,0.3036,0.4756
CLUBS JACK HEARTS SIX,0.3474,0.0186,0.634
CLUBS JACK CLUBS ACE,0.2938,0.0054,0.7008
HEARTS SIX CLUBS QUEEN,0.3466,0.015,0.6384
HEARTS SIX CLUBS KING,0.3618,0.0066,0.6316
HEARTS SIX CLUBS ACE,0.361,0.0054,0.6336
CLUBS JACK CLUBS QUEEN,0.2832,0.0086,0.7082
CLUBS JACK CLUBS KING,0.2988,0.0068,0.6944
DIAMONDS THREE HEARTS ACE,0.2344,0.0244,0.7412
DIAMONDS THREE HEARTS QUEEN,0.2302,0.0436,0.7262
DIAMONDS THREE HEARTS KING,0.2254,0.0322,0.7424
CLUBS FIVE HEARTS JACK,0.356,0.0202,0.6238
SPADES TEN DIAMONDS ACE,0.2236,0.0268,0.7496
HEARTS FOUR SPADES TEN,0.224,0.5092,0.2668
CLUBS FIVE HEARTS TEN,0.22,0.4722,0.3078
HEARTS FOUR SPADES JACK,0.3532,0.0166,0.6302
SPADES JACK DIAMONDS ACE,0.3122,0.0024,0.6854
SPADES ACE HEARTS FOUR,0.3432,0.0042,0.6526
SPADES ACE DIAMONDS ACE,0.1302,0.003,0.8668
CLUBS FIVE HEARTS ACE,0.3488,0.0058,0.6454
CLUBS FIVE HEARTS KING,0.3728,0.0118,0.6154
HEARTS FOUR SPADES QUEEN,0.365,0.013,0.622
SPADES QUEEN DIAMONDS ACE,0.3328,0.0038,0.6634
CLUBS JACK SPADES FOUR,0.355,0.0192,0.6258
CLUBS FIVE HEARTS QUEEN,0.346,0.0138,0.6402
SPADES KING DIAMONDS ACE,0.3246,0.0038,0.6716
SPADES KING HEARTS FOUR,0.3488,0.0088,0.6424
DIAMONDS QUEEN DIAMONDS ACE,0.2974,0.0036,0.699
HEARTS TWO DIAMONDS ACE,0.3822,0.0068,0.611
HEARTS FOUR DIAMONDS QUEEN,0.3628,0.0132,0.624
HEARTS FOUR HEARTS TWO,0.5572,0.0314,0.4114
DIAMONDS THREE HEARTS TEN,0.013,0.969,0.018
SPADES FOUR CLUBS KING,0.3642,0.0086,0.6272
HEARTS FIVE DIAMONDS QUEEN,0.357,0.0138,0.6292
HEARTS FIVE HEARTS TWO,0.5612,0.033,0.4058
DIAMONDS THREE HEARTS JACK,0.233,0.062,0.705
SPADES FOUR CLUBS QUEEN,0.3616,0.0136,0.6248
DIAMONDS QUEEN HEARTS TWO,0.396,0.0148,0.5892
DIAMONDS KING DIAMONDS QUEEN,0.2904,0.0068,0.7028
DIAMONDS KING HEARTS TWO,0.3926,0.0106,0.5968
SPADES FOUR CLUBS ACE,0.3482,0.006,0.6458
HEARTS TWO CLUBS ACE,0.38,0.005,0.615
DIAMONDS QUEEN CLUBS ACE,0.3238,0.0052,0.671
HEARTS TWO CLUBS QUEEN,0.3846,0.014,0.6014
DIAMONDS QUEEN CLUBS QUEEN,0.1292,0.0148,0.856
HEARTS TWO CLUBS KING,0.3824,0.0084,0.6092
DIAMONDS QUEEN CLUBS KING,0.3074,0.008,0.6846
SPADES EIGHT SPADES FIVE,0.5254,0.0236,0.451
SPADES NINE SPADES FIVE,0.5356,0.024,0.4404
CLUBS JACK HEARTS TWO,0.3926,0.0172,0.5902
CLUBS JACK DIAMONDS QUEEN,0.3046,0.0086,0.6868
SPADES SIX SPADES FIVE,0.51,0.031,0.459
SPADES SEVEN SPADES FIVE,0.5096,0.0258,0.4646
DIAMONDS FIVE CLUBS QUEEN,0.3524,0.0116,0.636
SPADES EIGHT CLUBS ACE,0.3612,0.0048,0.634
DIAMONDS FIVE CLUBS KING,0.3582,0.0084,0.6334
SPADES EIGHT CLUBS KING,0.3616,0.007,0.6314
DIAMONDS FIVE CLUBS ACE,0.3524,0.0058,0.6418
SPADES EIGHT CLUBS QUEEN,0.3492,0.0134,0.6374
CLUBS JACK SPADES EIGHT,0.3326,0.0154,0.652
CLUBS JACK DIAMONDS FIVE,0.36,0.0186,0.6214
DIAMONDS TEN HEARTS JACK,0.217,0.0616,0.7214
DIAMONDS TEN HEARTS TEN,0.0792,0.0546,0.8662
SPADES ACE CLUBS NINE,0.3638,0.004,0.6322
CLUBS NINE SPADES QUEEN,0.3498,0.011,0.6392
CLUBS NINE SPADES KING,0.3484,0.0078,0.6438
HEARTS SIX HEARTS KING,0.3448,0.0088,0.6464
DIAMONDS KING SPADES SEVEN,0.3626,0.0058,0.6316
SPADES KING DIAMONDS SEVEN,0.3694,0.0068,0.6238
HEARTS SIX HEARTS QUEEN,0.3466,0.01,0.6434
SPADES QUEEN DIAMONDS SEVEN,0.362,0.009,0.629
DIAMONDS KING SPADES SIX,0.355,0.0064,0.6386
DIAMONDS KING SPADES NINE,0.3466,0.0074,0.646
HEARTS SIX HEARTS ACE,0.3342,0.0044,0.6614
