opposingHand,winningChance,drawChance,lostChance
CLUBS FOUR CLUBS ACE
HEARTS FIVE SPADES TEN,0.6366,0.0058,0.3576
SPADES JACK HEARTS FIVE,0.652,0.0028,0.3452
SPADES FIVE CLUBS JACK,0.6456,0.0052,0.3492
CLUBS TEN SPADES FIVE,0.6386,0.0058,0.3556
CLUBS EIGHT CLUBS JACK,0.598,0.005,0.397
CLUBS TEN CLUBS EIGHT,0.5856,0.0054,0.409
CLUBS EIGHT CLUBS KING,0.6096,0.006,0.3844
CLUBS EIGHT CLUBS QUEEN,0.5994,0.0056,0.395
SPADES FIVE CLUBS KING,0.6324,0.0036,0.364
SPADES FIVE CLUBS QUEEN,0.6456,0.0048,0.3496
DIAMONDS TWO DIAMONDS THREE,0.6468,0.0044,0.3488
DIAMONDS TWO DIAMONDS FIVE,0.625,0.005,0.37
SPADES KING HEARTS FIVE,0.6374,0.0028,0.3598
DIAMONDS TWO DIAMONDS FOUR,0.7116,0.0202,0.2682
SPADES QUEEN HEARTS FIVE,0.6428,0.004,0.3532
DIAMONDS TWO DIAMONDS SEVEN,0.62,0.004,0.376
DIAMONDS TWO DIAMONDS SIX,0.632,0.005,0.363
SPADES ACE HEARTS FIVE,0.2574,0.4282,0.3144
DIAMONDS TWO DIAMONDS NINE,0.6312,0.004,0.3648
DIAMONDS TWO DIAMONDS EIGHT,0.6304,0.006,0.3636
DIAMONDS THREE DIAMONDS FOUR,0.691,0.0222,0.2868
CLUBS TWO SPADES FOUR,0.7534,0.0244,0.2222
DIAMONDS THREE DIAMONDS FIVE,0.6118,0.0048,0.3834
CLUBS TWO SPADES FIVE,0.6442,0.0068,0.349
CLUBS TWO SPADES TWO,0.4938,0.0062,0.5
CLUBS TWO SPADES THREE,0.6778,0.0048,0.3174
DIAMONDS THREE DIAMONDS EIGHT,0.6374,0.0062,0.3564
SPADES EIGHT CLUBS TWO,0.6708,0.0058,0.3234
DIAMONDS THREE DIAMONDS NINE,0.6404,0.005,0.3546
SPADES NINE CLUBS TWO,0.6716,0.0036,0.3248
DIAMONDS THREE DIAMONDS SIX,0.6124,0.0044,0.3832
CLUBS TWO SPADES SIX,0.675,0.0062,0.3188
DIAMONDS THREE DIAMONDS SEVEN,0.6194,0.0046,0.376
CLUBS TWO SPADES SEVEN,0.677,0.0058,0.3172
CLUBS SIX CLUBS TWO,0.6752,0.0052,0.3196
CLUBS SEVEN CLUBS TWO,0.6792,0.0064,0.3144
CLUBS FIVE CLUBS TWO,0.6604,0.0078,0.3318
CLUBS TEN CLUBS JACK,0.5556,0.0066,0.4378
DIAMONDS FOUR DIAMONDS SIX,0.7014,0.0178,0.2808
CLUBS TEN CLUBS QUEEN,0.5744,0.0056,0.42
DIAMONDS FOUR DIAMONDS SEVEN,0.6966,0.0194,0.284
CLUBS TEN CLUBS KING,0.5806,0.0056,0.4138
CLUBS EIGHT CLUBS TWO,0.6642,0.0054,0.3304
DIAMONDS FIVE DIAMONDS FOUR,0.6756,0.0182,0.3062
CLUBS NINE CLUBS TWO,0.65,0.0056,0.3444
DIAMONDS NINE DIAMONDS FOUR,0.7164,0.0176,0.266
DIAMONDS EIGHT DIAMONDS FOUR,0.7054,0.0176,0.277
CLUBS TWO CLUBS THREE,0.6854,0.007,0.3076
DIAMONDS NINE DIAMONDS FIVE,0.5848,0.0038,0.4114
DIAMONDS TWO CLUBS JACK,0.6558,0.0054,0.3388
DIAMONDS EIGHT DIAMONDS FIVE,0.591,0.0056,0.4034
CLUBS TEN DIAMONDS TWO,0.664,0.0064,0.3296
DIAMONDS FIVE DIAMONDS SEVEN,0.5808,0.0042,0.415
DIAMONDS FIVE DIAMONDS SIX,0.5826,0.0056,0.4118
DIAMONDS TWO CLUBS KING,0.6646,0.0058,0.3296
DIAMONDS TWO CLUBS QUEEN,0.6592,0.0068,0.334
DIAMONDS EIGHT DIAMONDS SIX,0.566,0.0044,0.4296
DIAMONDS NINE DIAMONDS SIX,0.5792,0.0052,0.4156
HEARTS ACE SPADES THREE,0.305,0.4814,0.2136
HEARTS KING SPADES THREE,0.6696,0.0046,0.3258
DIAMONDS SEVEN DIAMONDS SIX,0.5628,0.0056,0.4316
SPADES THREE HEARTS QUEEN,0.6712,0.0056,0.3232
HEARTS JACK SPADES THREE,0.6518,0.006,0.3422
SPADES THREE HEARTS TEN,0.6626,0.0034,0.334
DIAMONDS EIGHT DIAMONDS SEVEN,0.56,0.0042,0.4358
DIAMONDS NINE DIAMONDS SEVEN,0.557,0.0048,0.4382
DIAMONDS NINE DIAMONDS EIGHT,0.5476,0.0044,0.448
DIAMONDS KING HEARTS TEN,0.5926,0.0034,0.404
HEARTS THREE HEARTS TEN,0.627,0.0054,0.3676
SPADES JACK CLUBS SIX,0.622,0.0068,0.3712
DIAMONDS KING HEARTS JACK,0.5916,0.0046,0.4038
HEARTS THREE HEARTS JACK,0.6286,0.0036,0.3678
SPADES TEN CLUBS SIX,0.6134,0.006,0.3806
SPADES JACK SPADES FIVE,0.593,0.0054,0.4016
SPADES TEN SPADES FIVE,0.5928,0.0054,0.4018
DIAMONDS KING HEARTS ACE,0.2978,0.0502,0.652
HEARTS THREE HEARTS ACE,0.289,0.4624,0.2486
SPADES ACE CLUBS SIX,0.2786,0.3568,0.3646
DIAMONDS KING HEARTS QUEEN,0.6036,0.005,0.3914
HEARTS THREE HEARTS QUEEN,0.6352,0.0038,0.361
SPADES KING CLUBS SIX,0.6306,0.0038,0.3656
DIAMONDS KING HEARTS KING,0.3376,0.0032,0.6592
HEARTS THREE HEARTS KING,0.6282,0.0068,0.365
SPADES QUEEN CLUBS SIX,0.6272,0.0048,0.368
SPADES NINE HEARTS TEN,0.5834,0.0044,0.4122
SPADES NINE HEARTS JACK,0.599,0.0044,0.3966
SPADES QUEEN SPADES FIVE,0.6048,0.0056,0.3896
SPADES KING SPADES FIVE,0.6076,0.0058,0.3866
SPADES ACE SPADES FIVE,0.248,0.4042,0.3478
SPADES NINE HEARTS QUEEN,0.6052,0.0026,0.3922
SPADES NINE HEARTS KING,0.6152,0.0036,0.3812
SPADES NINE HEARTS ACE,0.2806,0.1662,0.5532
CLUBS TEN SPADES JACK,0.5644,0.005,0.4306
CLUBS TEN SPADES TEN,0.3758,0.004,0.6202
SPADES ACE CLUBS TEN,0.2932,0.118,0.5888
SPADES KING CLUBS TEN,0.5876,0.0062,0.4062
CLUBS TEN SPADES QUEEN,0.5796,0.0062,0.4142
SPADES FIVE HEARTS QUEEN,0.6454,0.0038,0.3508
HEARTS KING SPADES FIVE,0.6348,0.0054,0.3598
SPADES FIVE HEARTS ACE,0.2608,0.4324,0.3068
CLUBS EIGHT SPADES TEN,0.5862,0.0048,0.409
HEARTS THREE SPADES JACK,0.6636,0.0054,0.331
SPADES JACK DIAMONDS KING,0.606,0.0048,0.3892
SPADES TEN DIAMONDS KING,0.597,0.0042,0.3988
HEARTS THREE SPADES TEN,0.6564,0.005,0.3386
SPADES JACK CLUBS EIGHT,0.6028,0.0044,0.3928
CLUBS SIX HEARTS ACE,0.2822,0.3576,0.3602
SPADES ACE CLUBS EIGHT,0.2824,0.2266,0.491
HEARTS FIVE CLUBS JACK,0.6202,0.0062,0.3736
CLUBS TEN HEARTS FIVE,0.6376,0.0054,0.357
CLUBS SIX HEARTS QUEEN,0.6178,0.0058,0.3764
SPADES QUEEN CLUBS EIGHT,0.6124,0.0062,0.3814
CLUBS TEN SPADES THREE,0.6648,0.0052,0.33
CLUBS SIX HEARTS KING,0.6196,0.004,0.3764
SPADES KING CLUBS EIGHT,0.6224,0.006,0.3716
SPADES THREE CLUBS JACK,0.6522,0.0048,0.343
DIAMONDS TWO HEARTS JACK,0.6614,0.0044,0.3342
SPADES THREE CLUBS QUEEN,0.6554,0.0062,0.3384
DIAMONDS TWO HEARTS TEN,0.6686,0.004,0.3274
SPADES THREE CLUBS KING,0.6748,0.0082,0.317
SPADES FIVE HEARTS TEN,0.6308,0.005,0.3642
HEARTS FIVE CLUBS KING,0.6334,0.006,0.3606
SPADES FIVE HEARTS JACK,0.6498,0.0044,0.3458
HEARTS FIVE CLUBS QUEEN,0.6294,0.0066,0.364
HEARTS THREE CLUBS KING,0.6722,0.006,0.3218
DIAMONDS KING CLUBS KING,0.324,0.004,0.672
HEARTS THREE CLUBS QUEEN,0.6642,0.007,0.3288
DIAMONDS KING CLUBS QUEEN,0.5946,0.005,0.4004
HEARTS FIVE HEARTS JACK,0.5982,0.005,0.3968
HEARTS FIVE HEARTS TEN,0.5958,0.0058,0.3984
SPADES ACE CLUBS QUEEN,0.2848,0.0618,0.6534
SPADES KING CLUBS QUEEN,0.61,0.0058,0.3842
HEARTS THREE CLUBS JACK,0.6778,0.006,0.3162
DIAMONDS KING CLUBS JACK,0.6076,0.0032,0.3892
SPADES QUEEN CLUBS QUEEN,0.3404,0.0046,0.655
CLUBS TEN HEARTS THREE,0.6756,0.004,0.3204
CLUBS TEN DIAMONDS KING,0.594,0.005,0.401
SPADES JACK CLUBS QUEEN,0.5788,0.0062,0.415
CLUBS SIX CLUBS QUEEN,0.6208,0.007,0.3722
SPADES TEN CLUBS QUEEN,0.5738,0.0054,0.4208
CLUBS SIX CLUBS KING,0.6202,0.0058,0.374
HEARTS FIVE HEARTS KING,0.5962,0.0066,0.3972
HEARTS FIVE HEARTS QUEEN,0.592,0.0056,0.4024
CLUBS TEN CLUBS SIX,0.6152,0.0044,0.3804
HEARTS FIVE HEARTS ACE,0.249,0.4202,0.3308
CLUBS SIX CLUBS JACK,0.6168,0.0068,0.3764
SPADES SEVEN HEARTS JACK,0.6274,0.004,0.3686
SPADES SEVEN HEARTS TEN,0.6082,0.0032,0.3886
DIAMONDS TWO CLUBS TWO,0.505,0.01,0.485
DIAMONDS TWO CLUBS THREE,0.6932,0.0062,0.3006
HEARTS SIX DIAMONDS TWO,0.6686,0.0062,0.3252
DIAMONDS TWO HEARTS QUEEN,0.6668,0.0052,0.328
DIAMONDS TWO HEARTS SEVEN,0.6776,0.0038,0.3186
DIAMONDS TWO HEARTS KING,0.6702,0.0054,0.3244
DIAMONDS TWO HEARTS EIGHT,0.666,0.0034,0.3306
DIAMONDS TWO HEARTS ACE,0.3202,0.481,0.1988
DIAMONDS TWO HEARTS NINE,0.667,0.0048,0.3282
DIAMONDS TWO DIAMONDS QUEEN,0.6128,0.0044,0.3828
DIAMONDS TWO HEARTS TWO,0.4966,0.0068,0.4966
DIAMONDS TWO DIAMONDS KING,0.6386,0.0052,0.3562
HEARTS THREE DIAMONDS TWO,0.6828,0.0056,0.3116
DIAMONDS TWO DIAMONDS ACE,0.2836,0.4602,0.2562
HEARTS FOUR DIAMONDS TWO,0.7506,0.027,0.2224
DIAMONDS TWO HEARTS FIVE,0.6676,0.0068,0.3256
SPADES SEVEN HEARTS ACE,0.293,0.287,0.42
DIAMONDS TWO DIAMONDS TEN,0.6366,0.0048,0.3586
SPADES SEVEN HEARTS KING,0.623,0.0046,0.3724
DIAMONDS TWO DIAMONDS JACK,0.6212,0.0068,0.372
SPADES SEVEN HEARTS QUEEN,0.6308,0.0046,0.3646
DIAMONDS TWO SPADES NINE,0.6668,0.004,0.3292
DIAMONDS TWO SPADES EIGHT,0.6628,0.0062,0.331
DIAMONDS TWO SPADES SEVEN,0.6796,0.004,0.3164
DIAMONDS TWO SPADES SIX,0.6728,0.0034,0.3238
DIAMONDS TWO SPADES FIVE,0.6574,0.0058,0.3368
DIAMONDS TWO SPADES FOUR,0.7544,0.0226,0.223
DIAMONDS TWO SPADES THREE,0.6884,0.0072,0.3044
DIAMONDS TWO SPADES TWO,0.51,0.0078,0.4822
CLUBS NINE DIAMONDS TWO,0.6656,0.0044,0.33
DIAMONDS TWO CLUBS EIGHT,0.6516,0.0076,0.3408
CLUBS SEVEN DIAMONDS TWO,0.6774,0.0054,0.3172
DIAMONDS TWO CLUBS SIX,0.6672,0.0064,0.3264
DIAMONDS TWO CLUBS FIVE,0.66,0.007,0.333
SPADES ACE DIAMONDS SIX,0.2852,0.3648,0.35
SPADES QUEEN DIAMONDS SIX,0.6442,0.0038,0.352
SPADES KING DIAMONDS SIX,0.642,0.0054,0.3526
SPADES TEN DIAMONDS SIX,0.6266,0.0044,0.369
SPADES JACK DIAMONDS SIX,0.633,0.0036,0.3634
SPADES QUEEN SPADES TWO,0.6198,0.0048,0.3754
SPADES KING SPADES TWO,0.6314,0.006,0.3626
SPADES ACE SPADES TWO,0.2886,0.4596,0.2518
DIAMONDS JACK CLUBS JACK,0.3348,0.0048,0.6604
CLUBS TEN DIAMONDS JACK,0.562,0.0054,0.4326
DIAMONDS JACK CLUBS KING,0.6046,0.004,0.3914
DIAMONDS JACK CLUBS QUEEN,0.5906,0.0036,0.4058
DIAMONDS THREE DIAMONDS JACK,0.617,0.004,0.379
DIAMONDS THREE DIAMONDS TEN,0.6038,0.0052,0.391
DIAMONDS THREE DIAMONDS KING,0.634,0.0044,0.3616
HEARTS THREE DIAMONDS THREE,0.4842,0.0064,0.5094
DIAMONDS THREE DIAMONDS QUEEN,0.6184,0.0058,0.3758
DIAMONDS THREE HEARTS TWO,0.682,0.0066,0.3114
HEARTS FIVE DIAMONDS THREE,0.6318,0.004,0.3642
DIAMONDS THREE DIAMONDS ACE,0.2894,0.4534,0.2572
HEARTS FOUR DIAMONDS THREE,0.7302,0.0208,0.249
DIAMONDS THREE HEARTS SEVEN,0.6776,0.0054,0.317
SPADES TEN SPADES NINE,0.5344,0.0062,0.4594
HEARTS SIX DIAMONDS THREE,0.6566,0.0036,0.3398
SPADES JACK SPADES NINE,0.5476,0.0058,0.4466
DIAMONDS THREE HEARTS NINE,0.6858,0.0032,0.311
HEARTS JACK DIAMONDS FOUR,0.7502,0.0236,0.2262
HEARTS KING HEARTS ACE,0.2814,0.0488,0.6698
SPADES TEN SPADES TWO,0.6284,0.004,0.3676
DIAMONDS THREE HEARTS EIGHT,0.6662,0.0056,0.3282
HEARTS TEN DIAMONDS FOUR,0.7378,0.0256,0.2366
SPADES JACK SPADES TWO,0.6234,0.004,0.3726
HEARTS QUEEN DIAMONDS FOUR,0.761,0.021,0.218
HEARTS KING DIAMONDS FOUR,0.7566,0.023,0.2204
SPADES ACE SPADES NINE,0.2712,0.154,0.5748
HEARTS ACE DIAMONDS FOUR,0.0736,0.9034,0.023
SPADES KING SPADES NINE,0.5882,0.0048,0.407
SPADES QUEEN SPADES NINE,0.5716,0.0034,0.425
DIAMONDS THREE SPADES NINE,0.6554,0.0036,0.341
DIAMONDS THREE SPADES EIGHT,0.6738,0.0042,0.322
DIAMONDS THREE SPADES SEVEN,0.6626,0.0056,0.3318
DIAMONDS THREE SPADES SIX,0.6654,0.0072,0.3274
DIAMONDS THREE CLUBS SIX,0.6488,0.0066,0.3446
CLUBS FIVE CLUBS SIX,0.6148,0.005,0.3802
CLUBS SEVEN DIAMONDS THREE,0.6594,0.0048,0.3358
CLUBS SEVEN CLUBS FIVE,0.5974,0.0068,0.3958
DIAMONDS FOUR CLUBS QUEEN,0.7544,0.0276,0.218
DIAMONDS THREE CLUBS FIVE,0.6408,0.0058,0.3534
CLUBS KING DIAMONDS FOUR,0.7494,0.0262,0.2244
DIAMONDS THREE CLUBS TWO,0.687,0.0084,0.3046
CLUBS TEN DIAMONDS FOUR,0.747,0.0216,0.2314
DIAMONDS THREE CLUBS THREE,0.475,0.0088,0.5162
DIAMONDS FOUR CLUBS JACK,0.7522,0.025,0.2228
DIAMONDS THREE SPADES FOUR,0.7502,0.0206,0.2292
DIAMONDS THREE SPADES FIVE,0.6438,0.0058,0.3504
DIAMONDS THREE SPADES TWO,0.69,0.0058,0.3042
DIAMONDS THREE SPADES THREE,0.496,0.007,0.497
CLUBS EIGHT DIAMONDS THREE,0.6652,0.0076,0.3272
CLUBS NINE DIAMONDS THREE,0.6652,0.0062,0.3286
SPADES SEVEN CLUBS QUEEN,0.618,0.0052,0.3768
SPADES SEVEN CLUBS KING,0.6154,0.0052,0.3794
CLUBS FIVE SPADES SEVEN,0.6152,0.0048,0.38
CLUBS TEN SPADES SEVEN,0.5946,0.0062,0.3992
CLUBS FIVE SPADES SIX,0.6066,0.006,0.3874
SPADES SEVEN CLUBS JACK,0.6052,0.0048,0.39
CLUBS FIVE SPADES NINE,0.635,0.0052,0.3598
CLUBS FIVE SPADES EIGHT,0.6196,0.0054,0.375
CLUBS FIVE SPADES THREE,0.6414,0.0074,0.3512
CLUBS FIVE SPADES TWO,0.6508,0.0082,0.341
CLUBS FIVE SPADES FIVE,0.3846,0.0056,0.6098
CLUBS FIVE SPADES FOUR,0.722,0.0222,0.2558
CLUBS NINE CLUBS FIVE,0.6236,0.0064,0.37
CLUBS EIGHT CLUBS FIVE,0.6182,0.0064,0.3754
CLUBS KING CLUBS QUEEN,0.5902,0.0048,0.405
DIAMONDS TEN DIAMONDS FOUR,0.7196,0.024,0.2564
CLUBS TEN DIAMONDS NINE,0.5678,0.0066,0.4256
DIAMONDS JACK DIAMONDS FOUR,0.7126,0.0232,0.2642
DIAMONDS NINE CLUBS JACK,0.591,0.0054,0.4036
SPADES NINE CLUBS JACK,0.591,0.0066,0.4024
CLUBS TEN SPADES NINE,0.5708,0.0058,0.4234
DIAMONDS ACE DIAMONDS FOUR,0.065,0.8616,0.0734
HEARTS FOUR DIAMONDS FOUR,0.375,0.0226,0.6024
DIAMONDS JACK HEARTS TEN,0.5716,0.005,0.4234
SPADES NINE CLUBS KING,0.615,0.0058,0.3792
DIAMONDS TWO SPADES TEN,0.6628,0.0064,0.3308
HEARTS FIVE DIAMONDS FOUR,0.7256,0.0202,0.2542
HEARTS JACK DIAMONDS JACK,0.3596,0.0044,0.636
SPADES NINE CLUBS QUEEN,0.6018,0.0054,0.3928
DIAMONDS TWO SPADES JACK,0.6576,0.0066,0.3358
DIAMONDS QUEEN DIAMONDS FOUR,0.7084,0.022,0.2696
HEARTS TWO DIAMONDS FOUR,0.7514,0.023,0.2256
DIAMONDS NINE CLUBS QUEEN,0.6116,0.0034,0.385
DIAMONDS KING DIAMONDS FOUR,0.7062,0.0228,0.271
HEARTS THREE DIAMONDS FOUR,0.7342,0.0206,0.2452
DIAMONDS NINE CLUBS KING,0.6182,0.0062,0.3756
HEARTS ACE DIAMONDS JACK,0.2982,0.0776,0.6242
SPADES ACE DIAMONDS TWO,0.3056,0.4922,0.2022
DIAMONDS JACK HEARTS QUEEN,0.5924,0.0058,0.4018
SPADES QUEEN DIAMONDS TWO,0.672,0.0072,0.3208
HEARTS KING DIAMONDS JACK,0.6064,0.0034,0.3902
SPADES KING DIAMONDS TWO,0.6652,0.004,0.3308
SPADES JACK SPADES SEVEN,0.5694,0.0036,0.427
SPADES TEN SPADES SEVEN,0.5706,0.0052,0.4242
CLUBS SEVEN CLUBS THREE,0.6442,0.0076,0.3482
CLUBS SIX CLUBS THREE,0.6514,0.007,0.3416
CLUBS FIVE CLUBS THREE,0.6346,0.0076,0.3578
CLUBS NINE CLUBS THREE,0.662,0.005,0.333
CLUBS EIGHT CLUBS THREE,0.6634,0.0054,0.3312
CLUBS THREE SPADES FIVE,0.6494,0.0062,0.3444
CLUBS THREE SPADES FOUR,0.7442,0.025,0.2308
CLUBS THREE SPADES THREE,0.4812,0.0062,0.5126
CLUBS THREE SPADES TWO,0.6954,0.0076,0.297
CLUBS THREE SPADES SIX,0.6608,0.0082,0.331
SPADES SEVEN CLUBS THREE,0.669,0.0072,0.3238
SPADES EIGHT CLUBS THREE,0.6614,0.0076,0.331
SPADES NINE CLUBS THREE,0.6592,0.0044,0.3364
SPADES TWO DIAMONDS FOUR,0.764,0.0232,0.2128
SPADES THREE DIAMONDS FOUR,0.7372,0.023,0.2398
SPADES FOUR DIAMONDS FOUR,0.3662,0.0204,0.6134
SPADES FIVE DIAMONDS FOUR,0.7258,0.0224,0.2518
SPADES SIX DIAMONDS FOUR,0.758,0.0162,0.2258
SPADES SEVEN DIAMONDS FOUR,0.737,0.018,0.245
SPADES EIGHT DIAMONDS FOUR,0.738,0.0202,0.2418
SPADES NINE DIAMONDS FOUR,0.7578,0.019,0.2232
CLUBS FIVE DIAMONDS FOUR,0.7162,0.0222,0.2616
CLUBS SEVEN DIAMONDS FOUR,0.7262,0.0204,0.2534
CLUBS SIX DIAMONDS FOUR,0.7384,0.0162,0.2454
CLUBS NINE DIAMONDS FOUR,0.7612,0.0224,0.2164
CLUBS EIGHT DIAMONDS FOUR,0.7358,0.0192,0.245
DIAMONDS FOUR HEARTS SEVEN,0.7322,0.019,0.2488
HEARTS SIX DIAMONDS FOUR,0.733,0.014,0.253
HEARTS NINE DIAMONDS FOUR,0.7618,0.0214,0.2168
DIAMONDS FOUR HEARTS EIGHT,0.7478,0.0204,0.2318
CLUBS THREE DIAMONDS FOUR,0.7386,0.0246,0.2368
CLUBS TWO DIAMONDS FOUR,0.7494,0.0294,0.2212
DIAMONDS TEN DIAMONDS FIVE,0.6064,0.0042,0.3894
DIAMONDS JACK DIAMONDS FIVE,0.5944,0.005,0.4006
DIAMONDS NINE HEARTS QUEEN,0.5936,0.0034,0.403
HEARTS KING DIAMONDS NINE,0.6076,0.0044,0.388
DIAMONDS NINE HEARTS ACE,0.3088,0.153,0.5382
DIAMONDS NINE HEARTS TEN,0.5908,0.0038,0.4054
DIAMONDS NINE HEARTS JACK,0.5886,0.0048,0.4066
CLUBS KING DIAMONDS SIX,0.6172,0.0048,0.378
CLUBS QUEEN DIAMONDS SIX,0.6212,0.0056,0.3732
SPADES KING DIAMONDS FOUR,0.7622,0.0196,0.2182
SPADES ACE SPADES SEVEN,0.2664,0.2636,0.47
SPADES QUEEN DIAMONDS FOUR,0.7516,0.024,0.2244
SPADES QUEEN SPADES SEVEN,0.5966,0.0046,0.3988
CLUBS JACK DIAMONDS SIX,0.6328,0.0064,0.3608
SPADES KING SPADES SEVEN,0.5814,0.0024,0.4162
SPADES ACE DIAMONDS FOUR,0.071,0.9062,0.0228
CLUBS TEN DIAMONDS SIX,0.6182,0.0044,0.3774
SPADES JACK DIAMONDS FOUR,0.7496,0.0208,0.2296
SPADES TEN DIAMONDS FOUR,0.7552,0.0248,0.22
CLUBS SEVEN SPADES EIGHT,0.5716,0.0048,0.4236
CLUBS SEVEN SPADES NINE,0.5926,0.0046,0.4028
CLUBS SEVEN SPADES SIX,0.5886,0.0042,0.4072
CLUBS SEVEN SPADES SEVEN,0.3988,0.0044,0.5968
CLUBS SEVEN SPADES FIVE,0.6138,0.006,0.3802
CLUBS SEVEN SPADES FOUR,0.7288,0.0158,0.2554
CLUBS SEVEN SPADES THREE,0.656,0.0056,0.3384
CLUBS SEVEN SPADES TWO,0.6728,0.005,0.3222
CLUBS NINE CLUBS SEVEN,0.5958,0.0074,0.3968
CLUBS SEVEN CLUBS EIGHT,0.5836,0.0046,0.4118
HEARTS SIX DIAMONDS FIVE,0.619,0.0046,0.3764
DIAMONDS FIVE HEARTS SEVEN,0.616,0.0058,0.3782
DIAMONDS FIVE HEARTS EIGHT,0.6254,0.0036,0.371
HEARTS NINE DIAMONDS FIVE,0.6248,0.0032,0.372
DIAMONDS QUEEN DIAMONDS FIVE,0.601,0.0038,0.3952
HEARTS TWO DIAMONDS FIVE,0.6574,0.0038,0.3388
HEARTS KING HEARTS EIGHT,0.5856,0.0058,0.4086
DIAMONDS KING DIAMONDS FIVE,0.5992,0.0052,0.3956
HEARTS THREE DIAMONDS FIVE,0.6352,0.0062,0.3586
HEARTS QUEEN HEARTS EIGHT,0.5834,0.006,0.4106
DIAMONDS ACE DIAMONDS FIVE,0.2508,0.4036,0.3456
HEARTS FOUR DIAMONDS FIVE,0.7168,0.0204,0.2628
HEARTS FIVE DIAMONDS FIVE,0.4008,0.0052,0.594
HEARTS ACE HEARTS EIGHT,0.275,0.2066,0.5184
CLUBS FIVE DIAMONDS FIVE,0.3936,0.0044,0.602
CLUBS SIX DIAMONDS FIVE,0.6128,0.005,0.3822
CLUBS SEVEN DIAMONDS FIVE,0.6078,0.0066,0.3856
CLUBS TWO DIAMONDS FIVE,0.6522,0.0062,0.3416
CLUBS THREE DIAMONDS FIVE,0.6458,0.0064,0.3478
SPADES THREE DIAMONDS FIVE,0.6424,0.0038,0.3538
SPADES TWO DIAMONDS FIVE,0.6628,0.0064,0.3308
SPADES JACK DIAMONDS EIGHT,0.5986,0.0054,0.396
SPADES FIVE DIAMONDS FIVE,0.391,0.0042,0.6048
CLUBS TEN HEARTS JACK,0.5632,0.0066,0.4302
SPADES TEN DIAMONDS EIGHT,0.6064,0.0048,0.3888
SPADES FOUR DIAMONDS FIVE,0.7172,0.0206,0.2622
HEARTS JACK CLUBS JACK,0.3514,0.003,0.6456
HEARTS JACK CLUBS QUEEN,0.5724,0.0074,0.4202
CLUBS NINE DIAMONDS FIVE,0.6158,0.004,0.3802
HEARTS JACK CLUBS KING,0.5946,0.0062,0.3992
CLUBS EIGHT DIAMONDS FIVE,0.625,0.0036,0.3714
SPADES SEVEN DIAMONDS FIVE,0.6198,0.0046,0.3756
SPADES KING DIAMONDS EIGHT,0.6318,0.0036,0.3646
SPADES QUEEN DIAMONDS EIGHT,0.621,0.0052,0.3738
SPADES SIX DIAMONDS FIVE,0.6082,0.006,0.3858
SPADES NINE DIAMONDS FIVE,0.6446,0.0032,0.3522
SPADES EIGHT DIAMONDS FIVE,0.6288,0.0036,0.3676
SPADES ACE DIAMONDS EIGHT,0.2896,0.2148,0.4956
DIAMONDS TEN DIAMONDS SIX,0.5894,0.0052,0.4054
HEARTS ACE DIAMONDS SEVEN,0.28,0.2796,0.4404
DIAMONDS JACK DIAMONDS SIX,0.598,0.0052,0.3968
HEARTS QUEEN DIAMONDS SEVEN,0.6296,0.006,0.3644
HEARTS KING DIAMONDS SEVEN,0.6362,0.0032,0.3606
DIAMONDS ACE DIAMONDS SIX,0.2706,0.3386,0.3908
HEARTS FOUR DIAMONDS SIX,0.7494,0.0146,0.236
HEARTS JACK SPADES TWO,0.6756,0.0046,0.3198
HEARTS FIVE DIAMONDS SIX,0.6098,0.0038,0.3864
SPADES TWO HEARTS TEN,0.6744,0.0054,0.3202
DIAMONDS QUEEN DIAMONDS SIX,0.605,0.005,0.39
HEARTS TWO DIAMONDS SIX,0.6898,0.005,0.3052
DIAMONDS KING DIAMONDS SIX,0.5956,0.005,0.3994
HEARTS THREE DIAMONDS SIX,0.6548,0.0056,0.3396
HEARTS EIGHT DIAMONDS SIX,0.611,0.005,0.384
HEARTS NINE DIAMONDS SIX,0.6256,0.0036,0.3708
HEARTS SIX DIAMONDS SIX,0.3982,0.0026,0.5992
HEARTS SEVEN DIAMONDS SIX,0.5936,0.0022,0.4042
HEARTS TEN DIAMONDS SEVEN,0.6138,0.0042,0.382
CLUBS TWO DIAMONDS SIX,0.6694,0.0058,0.3248
HEARTS JACK DIAMONDS SEVEN,0.6232,0.0052,0.3716
CLUBS THREE DIAMONDS SIX,0.6564,0.0038,0.3398
CLUBS SEVEN DIAMONDS SIX,0.5984,0.0058,0.3958
DIAMONDS EIGHT CLUBS JACK,0.5912,0.004,0.4048
CLUBS SIX DIAMONDS SIX,0.3882,0.006,0.6058
CLUBS TEN DIAMONDS EIGHT,0.5934,0.0034,0.4032
CLUBS FIVE DIAMONDS SIX,0.6102,0.0072,0.3826
HEARTS ACE HEARTS JACK,0.2892,0.0766,0.6342
HEARTS JACK HEARTS QUEEN,0.5472,0.0056,0.4472
DIAMONDS EIGHT CLUBS KING,0.6138,0.0048,0.3814
CLUBS NINE DIAMONDS SIX,0.5984,0.0046,0.397
HEARTS KING HEARTS JACK,0.5686,0.0054,0.426
DIAMONDS EIGHT CLUBS QUEEN,0.6122,0.0054,0.3824
CLUBS EIGHT DIAMONDS SIX,0.6068,0.0046,0.3886
SPADES TEN HEARTS KING,0.6166,0.0024,0.381
SPADES FIVE DIAMONDS SIX,0.6198,0.0044,0.3758
HEARTS ACE SPADES TWO,0.3106,0.4904,0.199
SPADES JACK HEARTS KING,0.6034,0.0032,0.3934
SPADES FOUR DIAMONDS SIX,0.7392,0.0214,0.2394
SPADES THREE DIAMONDS SIX,0.6572,0.006,0.3368
HEARTS QUEEN SPADES TWO,0.674,0.0048,0.3212
SPADES ACE SPADES KING,0.2916,0.0434,0.665
HEARTS KING SPADES TWO,0.6792,0.0046,0.3162
SPADES TWO DIAMONDS SIX,0.6784,0.0044,0.3172
HEARTS TEN HEARTS EIGHT,0.558,0.0048,0.4372
SPADES NINE DIAMONDS SIX,0.6172,0.0038,0.379
HEARTS JACK HEARTS EIGHT,0.5718,0.0048,0.4234
SPADES EIGHT DIAMONDS SIX,0.6092,0.0036,0.3872
SPADES SEVEN DIAMONDS SIX,0.613,0.0056,0.3814
SPADES SIX DIAMONDS SIX,0.3916,0.004,0.6044
SPADES KING HEARTS KING,0.3364,0.006,0.6576
SPADES QUEEN HEARTS KING,0.596,0.0038,0.4002
SPADES ACE HEARTS KING,0.3168,0.0472,0.636
SPADES ACE HEARTS JACK,0.2984,0.087,0.6146
SPADES QUEEN HEARTS JACK,0.5924,0.004,0.4036
SPADES KING HEARTS JACK,0.6102,0.0048,0.385
SPADES TEN DIAMONDS TEN,0.3726,0.0038,0.6236
SPADES JACK DIAMONDS TEN,0.5734,0.0042,0.4224
SPADES ACE DIAMONDS TEN,0.2786,0.1218,0.5996
SPADES JACK HEARTS JACK,0.3434,0.0054,0.6512
SPADES TEN HEARTS JACK,0.5774,0.0048,0.4178
SPADES QUEEN DIAMONDS TEN,0.5876,0.004,0.4084
SPADES KING DIAMONDS TEN,0.5988,0.0032,0.398
SPADES NINE DIAMONDS SEVEN,0.5888,0.0052,0.406
SPADES EIGHT DIAMONDS SEVEN,0.5972,0.0048,0.398
SPADES SEVEN DIAMONDS SEVEN,0.3924,0.004,0.6036
SPADES SIX DIAMONDS SEVEN,0.5976,0.0064,0.396
DIAMONDS KING DIAMONDS SEVEN,0.5796,0.0056,0.4148
HEARTS THREE DIAMONDS SEVEN,0.6526,0.0052,0.3422
HEARTS KING DIAMONDS FIVE,0.6472,0.0044,0.3484
DIAMONDS QUEEN DIAMONDS SEVEN,0.5966,0.0048,0.3986
HEARTS TWO DIAMONDS SEVEN,0.6616,0.0044,0.334
HEARTS QUEEN DIAMONDS FIVE,0.6308,0.0034,0.3658
HEARTS FIVE DIAMONDS SEVEN,0.6168,0.004,0.3792
DIAMONDS ACE DIAMONDS SEVEN,0.2768,0.2592,0.464
HEARTS FOUR DIAMONDS SEVEN,0.7334,0.0168,0.2498
HEARTS ACE DIAMONDS FIVE,0.2662,0.4264,0.3074
HEARTS SEVEN DIAMONDS SEVEN,0.3886,0.0036,0.6078
HEARTS SIX DIAMONDS SEVEN,0.6082,0.0022,0.3896
HEARTS NINE DIAMONDS SEVEN,0.6104,0.0056,0.384
DIAMONDS SEVEN HEARTS EIGHT,0.5866,0.0036,0.4098
DIAMONDS JACK DIAMONDS SEVEN,0.5766,0.0042,0.4192
HEARTS JACK DIAMONDS FIVE,0.63,0.0044,0.3656
DIAMONDS TEN DIAMONDS SEVEN,0.5842,0.0054,0.4104
DIAMONDS FIVE HEARTS TEN,0.6338,0.0048,0.3614
SPADES KING CLUBS TWO,0.6716,0.0044,0.324
HEARTS KING CLUBS KING,0.3208,0.0042,0.675
CLUBS EIGHT DIAMONDS SEVEN,0.5752,0.0062,0.4186
SPADES QUEEN CLUBS TWO,0.6604,0.0056,0.334
HEARTS KING CLUBS QUEEN,0.5934,0.006,0.4006
CLUBS NINE DIAMONDS SEVEN,0.5864,0.0056,0.408
SPADES TWO CLUBS JACK,0.6728,0.0064,0.3208
SPADES ACE CLUBS TWO,0.3112,0.4832,0.2056
CLUBS TEN SPADES TWO,0.6618,0.0064,0.3318
CLUBS SEVEN CLUBS SIX,0.5738,0.0048,0.4214
SPADES TWO CLUBS KING,0.6674,0.0068,0.3258
SPADES TWO DIAMONDS SEVEN,0.6746,0.0036,0.3218
CLUBS EIGHT CLUBS SIX,0.5878,0.005,0.4072
SPADES THREE DIAMONDS SEVEN,0.6622,0.0052,0.3326
SPADES TWO CLUBS QUEEN,0.6704,0.0058,0.3238
CLUBS NINE CLUBS SIX,0.5952,0.0066,0.3982
SPADES FOUR DIAMONDS SEVEN,0.729,0.0136,0.2574
HEARTS KING CLUBS JACK,0.5996,0.0046,0.3958
SPADES FIVE DIAMONDS SEVEN,0.6192,0.0046,0.3762
CLUBS TEN HEARTS KING,0.5826,0.0066,0.4108
CLUBS SIX SPADES TWO,0.6688,0.0066,0.3246
CLUBS SIX SPADES THREE,0.6448,0.0038,0.3514
CLUBS TWO DIAMONDS SEVEN,0.6716,0.0056,0.3228
CLUBS SIX SPADES FOUR,0.7392,0.0184,0.2424
CLUBS THREE DIAMONDS SEVEN,0.6678,0.004,0.3282
CLUBS SIX SPADES FIVE,0.598,0.006,0.396
CLUBS SIX SPADES SIX,0.391,0.0042,0.6048
CLUBS FIVE DIAMONDS SEVEN,0.6116,0.006,0.3824
CLUBS SIX SPADES SEVEN,0.5866,0.0048,0.4086
CLUBS SIX DIAMONDS SEVEN,0.594,0.0042,0.4018
CLUBS SIX SPADES EIGHT,0.5852,0.005,0.4098
SPADES JACK CLUBS TWO,0.6528,0.0068,0.3404
CLUBS SEVEN DIAMONDS SEVEN,0.3826,0.0058,0.6116
SPADES NINE CLUBS SIX,0.604,0.005,0.391
SPADES TEN CLUBS TWO,0.6618,0.005,0.3332
CLUBS TWO CLUBS QUEEN,0.6508,0.008,0.3412
CLUBS TWO CLUBS KING,0.664,0.006,0.33
CLUBS THREE DIAMONDS EIGHT,0.6656,0.0064,0.328
CLUBS TWO DIAMONDS EIGHT,0.6736,0.0058,0.3206
DIAMONDS EIGHT HEARTS SEVEN,0.5996,0.0036,0.3968
HEARTS SIX DIAMONDS EIGHT,0.6104,0.0036,0.386
DIAMONDS EIGHT HEARTS NINE,0.5788,0.0034,0.4178
CLUBS TEN CLUBS TWO,0.6576,0.0056,0.3368
DIAMONDS EIGHT HEARTS EIGHT,0.3886,0.0042,0.6072
CLUBS TWO CLUBS JACK,0.6512,0.0074,0.3414
CLUBS NINE DIAMONDS EIGHT,0.5888,0.0056,0.4056
CLUBS EIGHT DIAMONDS EIGHT,0.3846,0.0062,0.6092
CLUBS FIVE DIAMONDS EIGHT,0.6162,0.007,0.3768
SPADES ACE SPADES THREE,0.2952,0.4566,0.2482
CLUBS SEVEN DIAMONDS EIGHT,0.5862,0.0046,0.4092
SPADES QUEEN SPADES THREE,0.623,0.0056,0.3714
CLUBS SIX DIAMONDS EIGHT,0.6046,0.0068,0.3886
SPADES KING SPADES THREE,0.6184,0.0058,0.3758
DIAMONDS QUEEN DIAMONDS EIGHT,0.5782,0.0056,0.4162
HEARTS TWO DIAMONDS EIGHT,0.6732,0.0056,0.3212
DIAMONDS KING DIAMONDS EIGHT,0.5952,0.0046,0.4002
HEARTS THREE DIAMONDS EIGHT,0.6786,0.0046,0.3168
DIAMONDS ACE DIAMONDS EIGHT,0.2728,0.196,0.5312
HEARTS FOUR DIAMONDS EIGHT,0.7436,0.0212,0.2352
HEARTS FIVE DIAMONDS EIGHT,0.6182,0.0038,0.378
DIAMONDS EIGHT DIAMONDS TEN,0.5652,0.0044,0.4304
DIAMONDS EIGHT DIAMONDS JACK,0.5636,0.0034,0.433
SPADES JACK SPADES THREE,0.6298,0.004,0.3662
SPADES TEN SPADES THREE,0.6136,0.0052,0.3812
CLUBS SIX HEARTS TEN,0.619,0.0058,0.3752
CLUBS SIX HEARTS JACK,0.6314,0.004,0.3646
DIAMONDS EIGHT SPADES FOUR,0.7438,0.0212,0.235
SPADES FIVE DIAMONDS EIGHT,0.6176,0.005,0.3774
DIAMONDS EIGHT SPADES TWO,0.6712,0.005,0.3238
DIAMONDS EIGHT SPADES THREE,0.6752,0.0064,0.3184
SPADES EIGHT DIAMONDS EIGHT,0.3958,0.0032,0.601
SPADES TEN DIAMONDS QUEEN,0.5756,0.0044,0.42
SPADES TEN HEARTS TWO,0.6696,0.0058,0.3246
SPADES JACK HEARTS EIGHT,0.612,0.005,0.383
SPADES NINE DIAMONDS EIGHT,0.5932,0.0026,0.4042
SPADES TEN HEARTS EIGHT,0.591,0.0038,0.4052
SPADES JACK HEARTS TWO,0.6724,0.004,0.3236
SPADES JACK DIAMONDS QUEEN,0.5896,0.0048,0.4056
SPADES SIX DIAMONDS EIGHT,0.6154,0.0016,0.383
SPADES SEVEN DIAMONDS EIGHT,0.59,0.005,0.405
SPADES ACE HEARTS TWO,0.3062,0.4818,0.212
SPADES ACE DIAMONDS QUEEN,0.2966,0.0602,0.6432
SPADES ACE HEARTS EIGHT,0.2894,0.2204,0.4902
SPADES KING HEARTS EIGHT,0.6202,0.0042,0.3756
SPADES QUEEN HEARTS TWO,0.6646,0.0048,0.3306
SPADES QUEEN DIAMONDS QUEEN,0.351,0.004,0.645
SPADES KING DIAMONDS QUEEN,0.5902,0.0068,0.403
SPADES KING HEARTS TWO,0.6654,0.0064,0.3282
SPADES QUEEN HEARTS EIGHT,0.6128,0.0038,0.3834
CLUBS TWO HEARTS TEN,0.659,0.0052,0.3358
CLUBS TWO HEARTS JACK,0.6718,0.0044,0.3238
SPADES SEVEN DIAMONDS NINE,0.5912,0.0044,0.4044
SPADES SIX DIAMONDS NINE,0.6124,0.0052,0.3824
SPADES NINE DIAMONDS NINE,0.3876,0.0052,0.6072
SPADES EIGHT DIAMONDS NINE,0.5934,0.0046,0.402
SPADES TEN CLUBS KING,0.5904,0.0048,0.4048
DIAMONDS NINE SPADES THREE,0.66,0.006,0.334
SPADES JACK CLUBS KING,0.599,0.0058,0.3952
DIAMONDS NINE SPADES TWO,0.6728,0.0042,0.323
DIAMONDS NINE SPADES FIVE,0.6432,0.0046,0.3522
DIAMONDS NINE SPADES FOUR,0.7538,0.019,0.2272
CLUBS NINE DIAMONDS NINE,0.3652,0.0046,0.6302
CLUBS EIGHT DIAMONDS NINE,0.565,0.0034,0.4316
CLUBS SIX DIAMONDS NINE,0.613,0.004,0.383
CLUBS SEVEN DIAMONDS NINE,0.5992,0.005,0.3958
CLUBS FIVE DIAMONDS NINE,0.6372,0.0052,0.3576
CLUBS TWO DIAMONDS NINE,0.6672,0.0044,0.3284
CLUBS THREE DIAMONDS NINE,0.6622,0.007,0.3308
DIAMONDS NINE HEARTS EIGHT,0.585,0.0046,0.4104
DIAMONDS NINE HEARTS NINE,0.3738,0.0034,0.6228
HEARTS SIX DIAMONDS NINE,0.6212,0.0046,0.3742
DIAMONDS NINE HEARTS SEVEN,0.6062,0.0044,0.3894
CLUBS NINE CLUBS EIGHT,0.5802,0.005,0.4148
DIAMONDS ACE DIAMONDS NINE,0.2684,0.1578,0.5738
HEARTS FOUR DIAMONDS NINE,0.7598,0.0162,0.224
HEARTS FIVE DIAMONDS NINE,0.6294,0.0052,0.3654
CLUBS TWO HEARTS ACE,0.3,0.486,0.214
DIAMONDS QUEEN DIAMONDS NINE,0.572,0.0032,0.4248
HEARTS TWO DIAMONDS NINE,0.6622,0.0052,0.3326
CLUBS TWO HEARTS KING,0.6694,0.0054,0.3252
DIAMONDS KING DIAMONDS NINE,0.572,0.0058,0.4222
HEARTS THREE DIAMONDS NINE,0.6584,0.0048,0.3368
CLUBS TWO HEARTS QUEEN,0.6806,0.008,0.3114
DIAMONDS NINE DIAMONDS JACK,0.5594,0.005,0.4356
CLUBS EIGHT SPADES NINE,0.5772,0.0054,0.4174
DIAMONDS NINE DIAMONDS TEN,0.5546,0.0048,0.4406
CLUBS EIGHT SPADES EIGHT,0.384,0.006,0.61
CLUBS EIGHT SPADES SEVEN,0.5906,0.0064,0.403
CLUBS EIGHT SPADES SIX,0.6084,0.0068,0.3848
CLUBS EIGHT SPADES FIVE,0.618,0.006,0.376
CLUBS EIGHT SPADES FOUR,0.746,0.023,0.231
CLUBS EIGHT SPADES THREE,0.6634,0.0064,0.3302
CLUBS EIGHT SPADES TWO,0.6614,0.0056,0.333
HEARTS SIX DIAMONDS TEN,0.6282,0.0056,0.3662
DIAMONDS TEN HEARTS SEVEN,0.6104,0.003,0.3866
DIAMONDS TEN HEARTS EIGHT,0.5994,0.005,0.3956
DIAMONDS TEN HEARTS NINE,0.5912,0.0034,0.4054
CLUBS TWO DIAMONDS TEN,0.6574,0.0064,0.3362
CLUBS THREE DIAMONDS TEN,0.665,0.0056,0.3294
DIAMONDS JACK DIAMONDS TEN,0.5474,0.0048,0.4478
DIAMONDS QUEEN DIAMONDS TEN,0.5542,0.005,0.4408
HEARTS TWO DIAMONDS TEN,0.655,0.006,0.339
DIAMONDS KING DIAMONDS TEN,0.5558,0.0066,0.4376
HEARTS THREE DIAMONDS TEN,0.6742,0.0052,0.3206
DIAMONDS ACE DIAMONDS TEN,0.2866,0.0998,0.6136
HEARTS FOUR DIAMONDS TEN,0.7512,0.0278,0.221
CLUBS EIGHT HEARTS JACK,0.5848,0.0052,0.41
HEARTS FIVE DIAMONDS TEN,0.6422,0.0042,0.3536
CLUBS EIGHT HEARTS TEN,0.5882,0.0064,0.4054
CLUBS EIGHT HEARTS QUEEN,0.6182,0.0044,0.3774
CLUBS EIGHT HEARTS KING,0.6188,0.0042,0.377
CLUBS EIGHT HEARTS ACE,0.2814,0.2232,0.4954
CLUBS NINE SPADES THREE,0.649,0.0048,0.3462
CLUBS NINE SPADES TWO,0.649,0.0068,0.3442
CLUBS NINE SPADES FIVE,0.6318,0.0054,0.3628
CLUBS NINE SPADES FOUR,0.7522,0.0224,0.2254
CLUBS NINE SPADES SEVEN,0.5954,0.004,0.4006
CLUBS NINE SPADES SIX,0.6016,0.005,0.3934
CLUBS NINE SPADES NINE,0.3774,0.0042,0.6184
CLUBS TEN HEARTS EIGHT,0.5832,0.0058,0.411
CLUBS NINE SPADES EIGHT,0.5876,0.0052,0.4072
CLUBS JACK HEARTS EIGHT,0.593,0.0064,0.4006
CLUBS QUEEN HEARTS EIGHT,0.6112,0.0058,0.383
CLUBS KING HEARTS EIGHT,0.6164,0.0044,0.3792
SPADES KING CLUBS KING,0.3258,0.006,0.6682
SPADES QUEEN CLUBS KING,0.6014,0.0062,0.3924
SPADES ACE CLUBS KING,0.2922,0.0478,0.66
DIAMONDS ACE HEARTS TEN,0.2866,0.1118,0.6016
HEARTS FOUR HEARTS TEN,0.7182,0.0242,0.2576
DIAMONDS ACE HEARTS JACK,0.2922,0.0844,0.6234
HEARTS FOUR HEARTS JACK,0.713,0.0206,0.2664
SPADES KING CLUBS FIVE,0.6456,0.0052,0.3492
SPADES QUEEN CLUBS FIVE,0.6322,0.0062,0.3616
SPADES ACE CLUBS FIVE,0.254,0.437,0.309
DIAMONDS JACK HEARTS SEVEN,0.6156,0.0036,0.3808
HEARTS SIX DIAMONDS JACK,0.6358,0.0038,0.3604
DIAMONDS JACK HEARTS NINE,0.5946,0.0046,0.4008
DIAMONDS JACK HEARTS EIGHT,0.6048,0.0044,0.3908
DIAMONDS KING DIAMONDS JACK,0.5548,0.0034,0.4418
HEARTS THREE DIAMONDS JACK,0.6764,0.0028,0.3208
SPADES ACE SPADES SIX,0.2728,0.3386,0.3886
HEARTS ACE SPADES FOUR,0.0692,0.9066,0.0242
DIAMONDS QUEEN DIAMONDS JACK,0.5536,0.0056,0.4408
HEARTS TWO DIAMONDS JACK,0.6678,0.0054,0.3268
HEARTS FIVE DIAMONDS JACK,0.6434,0.0032,0.3534
SPADES QUEEN SPADES SIX,0.6028,0.0044,0.3928
SPADES FOUR HEARTS QUEEN,0.7634,0.0204,0.2162
DIAMONDS ACE DIAMONDS JACK,0.2826,0.0852,0.6322
HEARTS FOUR DIAMONDS JACK,0.758,0.0254,0.2166
SPADES KING SPADES SIX,0.5904,0.0028,0.4068
HEARTS KING SPADES FOUR,0.7606,0.0254,0.214
SPADES TEN SPADES SIX,0.5988,0.0034,0.3978
SPADES JACK SPADES SIX,0.605,0.0042,0.3908
SPADES FOUR DIAMONDS JACK,0.751,0.0214,0.2276
SPADES FIVE DIAMONDS JACK,0.6368,0.0058,0.3574
DIAMONDS JACK SPADES TWO,0.6696,0.0034,0.327
DIAMONDS JACK SPADES THREE,0.6662,0.0058,0.328
SPADES ACE DIAMONDS THREE,0.3222,0.4632,0.2146
SPADES QUEEN DIAMONDS THREE,0.6694,0.0054,0.3252
CLUBS EIGHT DIAMONDS JACK,0.6096,0.0044,0.386
SPADES KING DIAMONDS THREE,0.6736,0.0066,0.3198
CLUBS NINE DIAMONDS JACK,0.577,0.0052,0.4178
CLUBS SIX DIAMONDS JACK,0.6318,0.0068,0.3614
CLUBS SEVEN DIAMONDS JACK,0.6,0.0048,0.3952
CLUBS FIVE DIAMONDS JACK,0.6342,0.005,0.3608
CLUBS TWO DIAMONDS JACK,0.6716,0.0056,0.3228
CLUBS THREE DIAMONDS JACK,0.665,0.0042,0.3308
SPADES TEN CLUBS FIVE,0.6326,0.005,0.3624
HEARTS SIX SPADES JACK,0.6374,0.005,0.3576
HEARTS SIX SPADES TEN,0.6162,0.0034,0.3804
SPADES JACK CLUBS FIVE,0.6454,0.0054,0.3492
SPADES JACK DIAMONDS THREE,0.6702,0.0032,0.3266
DIAMONDS THREE SPADES TEN,0.6652,0.004,0.3308
CLUBS SEVEN CLUBS QUEEN,0.6222,0.005,0.3728
CLUBS SEVEN CLUBS KING,0.6108,0.0062,0.383
SPADES NINE DIAMONDS JACK,0.5928,0.0042,0.403
CLUBS TEN CLUBS SEVEN,0.6012,0.006,0.3928
DIAMONDS ACE HEARTS ACE,0.1278,0.0144,0.8578
HEARTS FOUR HEARTS ACE,0.0748,0.857,0.0682
SPADES EIGHT DIAMONDS JACK,0.6016,0.0026,0.3958
SPADES ACE HEARTS SIX,0.287,0.3534,0.3596
CLUBS SEVEN CLUBS JACK,0.6036,0.007,0.3894
DIAMONDS ACE HEARTS KING,0.2932,0.0464,0.6604
HEARTS FOUR HEARTS KING,0.7122,0.0206,0.2672
SPADES SEVEN DIAMONDS JACK,0.623,0.0038,0.3732
SPADES KING HEARTS SIX,0.6314,0.005,0.3636
DIAMONDS ACE HEARTS QUEEN,0.3026,0.0634,0.634
HEARTS FOUR HEARTS QUEEN,0.7098,0.026,0.2642
SPADES QUEEN HEARTS SIX,0.6218,0.0038,0.3744
SPADES SIX DIAMONDS JACK,0.6268,0.0028,0.3704
DIAMONDS TEN SPADES TWO,0.6626,0.0056,0.3318
SPADES THREE DIAMONDS TEN,0.6588,0.0072,0.334
SPADES FOUR DIAMONDS TEN,0.7544,0.024,0.2216
SPADES FIVE DIAMONDS TEN,0.6456,0.0038,0.3506
SPADES SIX DIAMONDS TEN,0.6278,0.0048,0.3674
SPADES SEVEN DIAMONDS TEN,0.6122,0.003,0.3848
SPADES EIGHT DIAMONDS TEN,0.5848,0.0026,0.4126
SPADES NINE DIAMONDS TEN,0.5898,0.0044,0.4058
CLUBS FIVE DIAMONDS TEN,0.6294,0.0038,0.3668
CLUBS SIX DIAMONDS TEN,0.6042,0.0054,0.3904
CLUBS SEVEN DIAMONDS TEN,0.6032,0.0052,0.3916
CLUBS EIGHT DIAMONDS TEN,0.583,0.0042,0.4128
CLUBS NINE DIAMONDS TEN,0.5764,0.0046,0.419
DIAMONDS THREE CLUBS JACK,0.6728,0.0052,0.322
CLUBS TEN DIAMONDS THREE,0.659,0.005,0.336
DIAMONDS THREE CLUBS KING,0.6516,0.0054,0.343
DIAMONDS THREE CLUBS QUEEN,0.6724,0.006,0.3216
SPADES FOUR HEARTS JACK,0.756,0.0234,0.2206
SPADES FOUR HEARTS TEN,0.7516,0.0242,0.2242
SPADES FIVE SPADES TWO,0.6206,0.0044,0.375
SPADES FOUR SPADES TWO,0.7122,0.0218,0.266
SPADES THREE SPADES TWO,0.648,0.006,0.346
SPADES NINE SPADES TWO,0.6244,0.0064,0.3692
SPADES EIGHT SPADES TWO,0.6216,0.005,0.3734
SPADES SEVEN SPADES TWO,0.635,0.0054,0.3596
SPADES SIX SPADES TWO,0.6292,0.0034,0.3674
DIAMONDS QUEEN CLUBS THREE,0.6612,0.0032,0.3356
HEARTS TWO CLUBS THREE,0.6928,0.0048,0.3024
DIAMONDS QUEEN CLUBS TWO,0.6652,0.007,0.3278
CLUBS TWO HEARTS TWO,0.4902,0.0074,0.5024
DIAMONDS QUEEN HEARTS SEVEN,0.625,0.0038,0.3712
HEARTS TWO HEARTS SEVEN,0.6274,0.0044,0.3682
HEARTS SIX DIAMONDS QUEEN,0.6254,0.0034,0.3712
HEARTS SIX HEARTS TWO,0.6332,0.0044,0.3624
DIAMONDS QUEEN HEARTS NINE,0.6048,0.0038,0.3914
HEARTS TWO HEARTS NINE,0.6286,0.0048,0.3666
DIAMONDS QUEEN HEARTS EIGHT,0.617,0.0032,0.3798
HEARTS TWO HEARTS EIGHT,0.6314,0.0062,0.3624
CLUBS NINE HEARTS TWO,0.659,0.0066,0.3344
CLUBS NINE DIAMONDS QUEEN,0.6022,0.0048,0.393
CLUBS EIGHT HEARTS TWO,0.665,0.006,0.329
CLUBS EIGHT DIAMONDS QUEEN,0.6084,0.0048,0.3868
CLUBS FIVE DIAMONDS QUEEN,0.6334,0.0038,0.3628
CLUBS FIVE HEARTS TWO,0.6566,0.0052,0.3382
SPADES EIGHT HEARTS ACE,0.304,0.2136,0.4824
CLUBS SEVEN DIAMONDS QUEEN,0.6224,0.0064,0.3712
CLUBS SEVEN HEARTS TWO,0.6786,0.0062,0.3152
SPADES EIGHT HEARTS QUEEN,0.616,0.004,0.38
CLUBS SIX DIAMONDS QUEEN,0.6338,0.0038,0.3624
CLUBS SIX HEARTS TWO,0.6594,0.0072,0.3334
SPADES EIGHT HEARTS KING,0.6312,0.0038,0.365
HEARTS TWO SPADES SIX,0.6738,0.0032,0.323
DIAMONDS QUEEN SPADES SIX,0.6338,0.0062,0.36
HEARTS FOUR CLUBS QUEEN,0.7536,0.0276,0.2188
DIAMONDS ACE CLUBS QUEEN,0.28,0.0656,0.6544
DIAMONDS QUEEN SPADES SEVEN,0.6306,0.0042,0.3652
HEARTS TWO SPADES SEVEN,0.6758,0.004,0.3202
HEARTS FOUR CLUBS KING,0.7542,0.025,0.2208
DIAMONDS ACE CLUBS KING,0.285,0.0476,0.6674
DIAMONDS QUEEN SPADES EIGHT,0.6152,0.0044,0.3804
SPADES EIGHT HEARTS TWO,0.6738,0.0054,0.3208
SPADES NINE DIAMONDS QUEEN,0.6068,0.004,0.3892
SPADES NINE HEARTS TWO,0.6662,0.004,0.3298
HEARTS TWO SPADES TWO,0.4992,0.0068,0.494
DIAMONDS QUEEN SPADES TWO,0.6722,0.0048,0.323
HEARTS TWO SPADES THREE,0.6912,0.0064,0.3024
DIAMONDS QUEEN SPADES THREE,0.6646,0.0054,0.33
HEARTS TWO SPADES FOUR,0.7632,0.0244,0.2124
DIAMONDS QUEEN SPADES FOUR,0.7578,0.0252,0.217
HEARTS FOUR CLUBS TEN,0.7508,0.0232,0.226
CLUBS TEN DIAMONDS ACE,0.2924,0.1114,0.5962
HEARTS TWO SPADES FIVE,0.6598,0.0048,0.3354
DIAMONDS QUEEN SPADES FIVE,0.6418,0.0054,0.3528
HEARTS FOUR CLUBS JACK,0.7472,0.027,0.2258
DIAMONDS ACE CLUBS JACK,0.2926,0.0876,0.6198
CLUBS FIVE CLUBS KING,0.6326,0.006,0.3614
CLUBS FIVE CLUBS QUEEN,0.615,0.0044,0.3806
CLUBS FIVE CLUBS JACK,0.64,0.0072,0.3528
CLUBS TEN CLUBS FIVE,0.6082,0.0064,0.3854
SPADES KING CLUBS JACK,0.5966,0.0056,0.3978
SPADES QUEEN CLUBS JACK,0.5822,0.005,0.4128
SPADES ACE CLUBS JACK,0.2866,0.0886,0.6248
SPADES SIX CLUBS KING,0.6324,0.0058,0.3618
SPADES SIX CLUBS QUEEN,0.6258,0.0056,0.3686
SPADES EIGHT HEARTS JACK,0.608,0.0038,0.3882
SPADES EIGHT HEARTS TEN,0.5934,0.0056,0.401
SPADES SIX CLUBS JACK,0.6214,0.006,0.3726
CLUBS TEN SPADES SIX,0.6132,0.0046,0.3822
SPADES TEN CLUBS JACK,0.5774,0.0052,0.4174
SPADES JACK CLUBS JACK,0.3518,0.004,0.6442
SPADES QUEEN CLUBS SEVEN,0.6308,0.0046,0.3646
SPADES KING CLUBS SEVEN,0.6306,0.0038,0.3656
SPADES ACE CLUBS SEVEN,0.2718,0.278,0.4502
SPADES SIX HEARTS TEN,0.6088,0.0052,0.386
SPADES SIX HEARTS JACK,0.6284,0.0042,0.3674
SPADES SIX HEARTS ACE,0.2892,0.3602,0.3506
SPADES SIX HEARTS KING,0.6376,0.0046,0.3578
SPADES SIX HEARTS QUEEN,0.635,0.0056,0.3594
CLUBS SEVEN SPADES JACK,0.6122,0.0068,0.381
CLUBS SEVEN SPADES TEN,0.6044,0.005,0.3906
CLUBS TEN HEARTS SIX,0.6206,0.0058,0.3736
HEARTS SIX CLUBS JACK,0.6228,0.0052,0.372
HEARTS SIX CLUBS QUEEN,0.6286,0.004,0.3674
HEARTS SIX CLUBS KING,0.6182,0.006,0.3758
CLUBS QUEEN CLUBS JACK,0.5768,0.0054,0.4178
CLUBS KING CLUBS JACK,0.593,0.005,0.402
DIAMONDS THREE HEARTS ACE,0.3058,0.4864,0.2078
DIAMONDS THREE HEARTS QUEEN,0.6568,0.0052,0.338
DIAMONDS THREE HEARTS KING,0.6788,0.0046,0.3166
CLUBS FIVE HEARTS JACK,0.6338,0.0048,0.3614
SPADES TEN DIAMONDS ACE,0.3032,0.1074,0.5894
HEARTS FOUR SPADES TEN,0.7492,0.0262,0.2246
CLUBS FIVE HEARTS TEN,0.6374,0.0056,0.357
HEARTS FOUR SPADES JACK,0.7566,0.0214,0.222
SPADES JACK DIAMONDS ACE,0.305,0.0802,0.6148
SPADES ACE HEARTS FOUR,0.0736,0.9068,0.0196
SPADES ACE DIAMONDS ACE,0.1288,0.0098,0.8614
CLUBS FIVE HEARTS ACE,0.2518,0.44,0.3082
CLUBS FIVE HEARTS KING,0.6342,0.004,0.3618
HEARTS FOUR SPADES QUEEN,0.7526,0.0262,0.2212
SPADES QUEEN DIAMONDS ACE,0.2904,0.065,0.6446
SPADES FOUR CLUBS JACK,0.7412,0.022,0.2368
CLUBS FIVE HEARTS QUEEN,0.6386,0.0042,0.3572
SPADES KING DIAMONDS ACE,0.3044,0.0474,0.6482
HEARTS FOUR SPADES KING,0.7584,0.0254,0.2162
CLUBS TEN SPADES FOUR,0.753,0.0274,0.2196
DIAMONDS QUEEN DIAMONDS ACE,0.2942,0.0604,0.6454
HEARTS TWO DIAMONDS ACE,0.303,0.489,0.208
HEARTS FOUR DIAMONDS QUEEN,0.7574,0.0218,0.2208
HEARTS FOUR HEARTS TWO,0.7096,0.022,0.2684
DIAMONDS THREE HEARTS TEN,0.6626,0.007,0.3304
SPADES FOUR CLUBS KING,0.7482,0.027,0.2248
HEARTS FIVE DIAMONDS QUEEN,0.6336,0.0046,0.3618
HEARTS FIVE HEARTS TWO,0.6314,0.0042,0.3644
DIAMONDS THREE HEARTS JACK,0.6706,0.006,0.3234
SPADES FOUR CLUBS QUEEN,0.7442,0.0268,0.229
DIAMONDS QUEEN HEARTS TWO,0.6626,0.0042,0.3332
DIAMONDS KING DIAMONDS QUEEN,0.577,0.0032,0.4198
DIAMONDS KING HEARTS TWO,0.6712,0.0032,0.3256
HEARTS THREE DIAMONDS QUEEN,0.666,0.004,0.33
HEARTS THREE HEARTS TWO,0.6524,0.0044,0.3432
HEARTS TWO CLUBS QUEEN,0.6652,0.008,0.3268
DIAMONDS QUEEN CLUBS QUEEN,0.3454,0.0032,0.6514
HEARTS TWO CLUBS KING,0.664,0.0038,0.3322
DIAMONDS QUEEN CLUBS KING,0.602,0.0048,0.3932
SPADES EIGHT SPADES FIVE,0.5944,0.0054,0.4002
CLUBS TEN HEARTS TWO,0.6544,0.0058,0.3398
CLUBS TEN DIAMONDS QUEEN,0.5896,0.0046,0.4058
SPADES NINE SPADES FIVE,0.589,0.0054,0.4056
HEARTS TWO CLUBS JACK,0.6652,0.005,0.3298
DIAMONDS QUEEN CLUBS JACK,0.5944,0.0058,0.3998
SPADES SIX SPADES FIVE,0.5688,0.0044,0.4268
SPADES SEVEN SPADES FIVE,0.5836,0.0038,0.4126
DIAMONDS FIVE CLUBS QUEEN,0.622,0.0048,0.3732
DIAMONDS FIVE CLUBS KING,0.6274,0.006,0.3666
SPADES EIGHT CLUBS KING,0.6086,0.0056,0.3858
SPADES EIGHT CLUBS QUEEN,0.61,0.0066,0.3834
SPADES EIGHT CLUBS JACK,0.5994,0.0052,0.3954
CLUBS TEN SPADES EIGHT,0.5976,0.0052,0.3972
CLUBS TEN DIAMONDS FIVE,0.6434,0.0062,0.3504
DIAMONDS FIVE CLUBS JACK,0.6314,0.0046,0.364
HEARTS JACK DIAMONDS TEN,0.5706,0.005,0.4244
DIAMONDS TEN HEARTS TEN,0.362,0.0026,0.6354
SPADES ACE CLUBS NINE,0.286,0.1708,0.5432
CLUBS NINE SPADES QUEEN,0.5942,0.0052,0.4006
CLUBS NINE SPADES KING,0.601,0.0052,0.3938
HEARTS SIX HEARTS KING,0.6036,0.0054,0.391
DIAMONDS KING SPADES SEVEN,0.6208,0.0048,0.3744
HEARTS THREE SPADES SEVEN,0.6682,0.0052,0.3266
SPADES KING DIAMONDS SEVEN,0.617,0.004,0.379
HEARTS SIX HEARTS QUEEN,0.5936,0.0042,0.4022
SPADES QUEEN DIAMONDS SEVEN,0.6436,0.005,0.3514
HEARTS THREE SPADES SIX,0.6508,0.0054,0.3438
DIAMONDS KING SPADES SIX,0.6424,0.0044,0.3532
DIAMONDS KING SPADES NINE,0.603,0.0038,0.3932
HEARTS THREE SPADES NINE,0.671,0.0038,0.3252
HEARTS SIX HEARTS ACE,0.2718,0.3352,0.393
DIAMONDS KING SPADES EIGHT,0.6164,0.0042,0.3794
HEARTS THREE SPADES EIGHT,0.6726,0.0064,0.321
SPADES ACE DIAMONDS SEVEN,0.2956,0.275,0.4294
CLUBS NINE HEARTS THREE,0.674,0.0046,0.3214
CLUBS NINE DIAMONDS KING,0.6216,0.004,0.3744
HEARTS THREE CLUBS EIGHT,0.6608,0.0054,0.3338
CLUBS EIGHT DIAMONDS KING,0.628,0.0056,0.3664
HEARTS THREE SPADES THREE,0.4956,0.0044,0.5
