opposingHand,winningChance,drawChance,lostChance
CLUBS TWO CLUBS KING
HEARTS FIVE SPADES TEN,0.6212,0.0056,0.3732
SPADES JACK HEARTS FIVE,0.6266,0.0082,0.3652
SPADES FIVE CLUBS JACK,0.6092,0.0072,0.3836
CLUBS TEN SPADES FIVE,0.6166,0.0094,0.374
CLUBS EIGHT CLUBS JACK,0.59,0.0102,0.3998
CLUBS TEN CLUBS EIGHT,0.5648,0.0096,0.4256
SPADES FIVE CLUBS ACE,0.3636,0.0064,0.63
CLUBS EIGHT CLUBS QUEEN,0.579,0.0108,0.4102
SPADES FIVE CLUBS QUEEN,0.6116,0.0094,0.379
CLUBS EIGHT CLUBS ACE,0.3376,0.0054,0.657
DIAMONDS TWO DIAMONDS THREE,0.6868,0.0294,0.2838
DIAMONDS TWO DIAMONDS FIVE,0.6846,0.0244,0.291
SPADES KING HEARTS FIVE,0.2588,0.434,0.3072
DIAMONDS TWO DIAMONDS FOUR,0.677,0.0244,0.2986
SPADES QUEEN HEARTS FIVE,0.6266,0.008,0.3654
DIAMONDS TWO DIAMONDS SEVEN,0.7008,0.0236,0.2756
DIAMONDS TWO DIAMONDS SIX,0.6804,0.0214,0.2982
SPADES ACE HEARTS FIVE,0.3734,0.0062,0.6204
DIAMONDS TWO DIAMONDS NINE,0.7006,0.0294,0.27
DIAMONDS TWO DIAMONDS EIGHT,0.6986,0.0216,0.2798
DIAMONDS THREE DIAMONDS FOUR,0.5634,0.0114,0.4252
DIAMONDS THREE DIAMONDS FIVE,0.5528,0.0088,0.4384
DIAMONDS THREE DIAMONDS EIGHT,0.5912,0.008,0.4008
DIAMONDS THREE DIAMONDS NINE,0.592,0.0098,0.3982
DIAMONDS THREE DIAMONDS SIX,0.5804,0.0104,0.4092
DIAMONDS THREE DIAMONDS SEVEN,0.5642,0.0114,0.4244
CLUBS TEN CLUBS JACK,0.5536,0.0104,0.436
DIAMONDS FOUR DIAMONDS SIX,0.5558,0.0114,0.4328
CLUBS TEN CLUBS QUEEN,0.5716,0.0098,0.4186
DIAMONDS FOUR DIAMONDS SEVEN,0.5694,0.0084,0.4222
CLUBS TEN CLUBS ACE,0.3384,0.0062,0.6554
DIAMONDS FIVE DIAMONDS FOUR,0.5604,0.0088,0.4308
DIAMONDS NINE DIAMONDS FOUR,0.5948,0.0064,0.3988
DIAMONDS EIGHT DIAMONDS FOUR,0.5706,0.0064,0.423
DIAMONDS NINE DIAMONDS FIVE,0.5746,0.007,0.4184
DIAMONDS TWO CLUBS JACK,0.7368,0.0308,0.2324
DIAMONDS EIGHT DIAMONDS FIVE,0.5578,0.0096,0.4326
CLUBS TEN DIAMONDS TWO,0.7338,0.032,0.2342
DIAMONDS FIVE DIAMONDS SEVEN,0.5394,0.0076,0.453
DIAMONDS FIVE DIAMONDS SIX,0.5556,0.0092,0.4352
DIAMONDS TWO CLUBS ACE,0.2582,0.0172,0.7246
DIAMONDS TWO CLUBS QUEEN,0.742,0.0284,0.2296
DIAMONDS EIGHT DIAMONDS SIX,0.5678,0.0088,0.4234
DIAMONDS NINE DIAMONDS SIX,0.555,0.0084,0.4366
HEARTS ACE SPADES THREE,0.3868,0.0036,0.6096
HEARTS KING SPADES THREE,0.2534,0.495,0.2516
DIAMONDS SEVEN DIAMONDS SIX,0.5374,0.0076,0.455
SPADES THREE HEARTS QUEEN,0.6324,0.0102,0.3574
HEARTS JACK SPADES THREE,0.618,0.0094,0.3726
SPADES THREE HEARTS TEN,0.628,0.0088,0.3632
DIAMONDS EIGHT DIAMONDS SEVEN,0.5396,0.0072,0.4532
DIAMONDS NINE DIAMONDS SEVEN,0.5504,0.007,0.4426
DIAMONDS NINE DIAMONDS EIGHT,0.5384,0.0076,0.454
DIAMONDS KING HEARTS TEN,0.274,0.109,0.617
HEARTS THREE HEARTS TEN,0.5962,0.0074,0.3964
SPADES JACK CLUBS SIX,0.6022,0.0052,0.3926
DIAMONDS KING HEARTS JACK,0.2898,0.0874,0.6228
HEARTS THREE HEARTS JACK,0.5684,0.0084,0.4232
SPADES TEN CLUBS SIX,0.5964,0.007,0.3966
SPADES JACK SPADES FIVE,0.583,0.008,0.409
SPADES TEN SPADES FIVE,0.5802,0.0098,0.41
DIAMONDS KING HEARTS ACE,0.2606,0.0128,0.7266
HEARTS THREE HEARTS ACE,0.3654,0.0072,0.6274
SPADES ACE CLUBS SIX,0.394,0.0052,0.6008
DIAMONDS KING HEARTS QUEEN,0.284,0.0644,0.6516
HEARTS THREE HEARTS QUEEN,0.5872,0.0078,0.405
SPADES KING CLUBS SIX,0.2644,0.3628,0.3728
DIAMONDS KING HEARTS KING,0.1244,0.0142,0.8614
HEARTS THREE HEARTS KING,0.2482,0.4644,0.2874
SPADES QUEEN CLUBS SIX,0.6068,0.0094,0.3838
SPADES NINE HEARTS TEN,0.5844,0.0072,0.4084
SPADES NINE HEARTS JACK,0.5792,0.0068,0.414
SPADES QUEEN SPADES FIVE,0.5776,0.008,0.4144
SPADES KING SPADES FIVE,0.2472,0.4116,0.3412
SPADES ACE SPADES FIVE,0.353,0.0064,0.6406
SPADES NINE HEARTS QUEEN,0.5922,0.006,0.4018
SPADES NINE HEARTS KING,0.2696,0.1656,0.5648
SPADES NINE HEARTS ACE,0.4012,0.0052,0.5936
CLUBS TEN SPADES JACK,0.5554,0.0054,0.4392
CLUBS TEN SPADES TEN,0.3148,0.008,0.6772
SPADES ACE CLUBS TEN,0.3678,0.006,0.6262
SPADES KING CLUBS TEN,0.2568,0.1152,0.628
CLUBS TEN SPADES QUEEN,0.5582,0.0072,0.4346
SPADES FIVE HEARTS QUEEN,0.6186,0.0056,0.3758
HEARTS KING SPADES FIVE,0.2666,0.4316,0.3018
SPADES FIVE HEARTS ACE,0.3794,0.0062,0.6144
CLUBS EIGHT SPADES TEN,0.5858,0.0092,0.405
HEARTS THREE SPADES JACK,0.6342,0.0078,0.358
SPADES JACK DIAMONDS KING,0.2622,0.0822,0.6556
SPADES TEN DIAMONDS KING,0.2722,0.1136,0.6142
HEARTS THREE SPADES TEN,0.6234,0.0054,0.3712
SPADES JACK CLUBS EIGHT,0.5974,0.0086,0.394
CLUBS SIX HEARTS ACE,0.391,0.0044,0.6046
SPADES ACE CLUBS EIGHT,0.3822,0.004,0.6138
HEARTS FIVE CLUBS JACK,0.5976,0.012,0.3904
CLUBS TEN HEARTS FIVE,0.615,0.0084,0.3766
CLUBS SIX HEARTS QUEEN,0.6022,0.0084,0.3894
SPADES QUEEN CLUBS EIGHT,0.6044,0.0066,0.389
CLUBS TEN SPADES THREE,0.6224,0.0092,0.3684
CLUBS SIX HEARTS KING,0.251,0.3692,0.3798
SPADES KING CLUBS EIGHT,0.2598,0.2276,0.5126
SPADES THREE CLUBS JACK,0.6374,0.0102,0.3524
DIAMONDS TWO HEARTS JACK,0.74,0.0306,0.2294
SPADES THREE CLUBS QUEEN,0.621,0.009,0.37
DIAMONDS TWO HEARTS TEN,0.7318,0.0312,0.237
HEARTS FIVE CLUBS ACE,0.3648,0.0052,0.63
SPADES FIVE HEARTS TEN,0.6136,0.0092,0.3772
SPADES THREE CLUBS ACE,0.3542,0.0074,0.6384
SPADES FIVE HEARTS JACK,0.6204,0.0068,0.3728
HEARTS FIVE CLUBS QUEEN,0.6158,0.0104,0.3738
HEARTS THREE CLUBS QUEEN,0.6138,0.0102,0.376
DIAMONDS KING CLUBS QUEEN,0.2486,0.0688,0.6826
HEARTS FIVE HEARTS JACK,0.5736,0.009,0.4174
HEARTS FIVE HEARTS TEN,0.5716,0.0084,0.42
HEARTS THREE CLUBS ACE,0.3814,0.0052,0.6134
DIAMONDS KING CLUBS ACE,0.2498,0.013,0.7372
SPADES ACE CLUBS QUEEN,0.3764,0.0074,0.6162
SPADES KING CLUBS QUEEN,0.269,0.0636,0.6674
HEARTS THREE CLUBS JACK,0.6112,0.0076,0.3812
DIAMONDS KING CLUBS JACK,0.2622,0.086,0.6518
SPADES QUEEN CLUBS QUEEN,0.3076,0.004,0.6884
CLUBS TEN HEARTS THREE,0.6148,0.009,0.3762
CLUBS TEN DIAMONDS KING,0.2582,0.1176,0.6242
SPADES JACK CLUBS QUEEN,0.5756,0.0064,0.418
CLUBS SIX CLUBS QUEEN,0.6116,0.0112,0.3772
SPADES TEN CLUBS QUEEN,0.5702,0.0082,0.4216
CLUBS SIX CLUBS ACE,0.3426,0.006,0.6514
HEARTS FIVE HEARTS KING,0.2476,0.4064,0.346
HEARTS FIVE HEARTS QUEEN,0.5768,0.0078,0.4154
CLUBS TEN CLUBS SIX,0.604,0.0102,0.3858
HEARTS FIVE HEARTS ACE,0.368,0.0064,0.6256
CLUBS SIX CLUBS JACK,0.6096,0.0074,0.383
SPADES SEVEN HEARTS JACK,0.6062,0.0088,0.385
SPADES SEVEN HEARTS TEN,0.5946,0.0046,0.4008
DIAMONDS TWO CLUBS THREE,0.7276,0.0274,0.245
HEARTS SIX DIAMONDS TWO,0.7396,0.0218,0.2386
DIAMONDS TWO HEARTS QUEEN,0.757,0.0286,0.2144
DIAMONDS TWO HEARTS SEVEN,0.7486,0.0216,0.2298
DIAMONDS TWO HEARTS KING,0.0738,0.9062,0.02
DIAMONDS TWO HEARTS EIGHT,0.7392,0.0284,0.2324
DIAMONDS TWO HEARTS ACE,0.2848,0.0152,0.7
DIAMONDS TWO HEARTS NINE,0.7418,0.0256,0.2326
DIAMONDS TWO DIAMONDS QUEEN,0.7062,0.0278,0.266
DIAMONDS TWO HEARTS TWO,0.3566,0.0198,0.6236
DIAMONDS TWO DIAMONDS KING,0.0704,0.8602,0.0694
HEARTS THREE DIAMONDS TWO,0.7332,0.0246,0.2422
DIAMONDS TWO DIAMONDS ACE,0.2584,0.0136,0.728
HEARTS FOUR DIAMONDS TWO,0.733,0.0202,0.2468
DIAMONDS TWO HEARTS FIVE,0.7232,0.0244,0.2524
SPADES SEVEN HEARTS ACE,0.403,0.0042,0.5928
DIAMONDS TWO DIAMONDS TEN,0.6978,0.028,0.2742
SPADES SEVEN HEARTS KING,0.2746,0.2842,0.4412
DIAMONDS TWO DIAMONDS JACK,0.6992,0.0248,0.276
SPADES SEVEN HEARTS QUEEN,0.6216,0.008,0.3704
DIAMONDS TWO SPADES NINE,0.7516,0.0268,0.2216
DIAMONDS TWO SPADES EIGHT,0.7312,0.0324,0.2364
DIAMONDS TWO SPADES SEVEN,0.7476,0.0256,0.2268
DIAMONDS TWO SPADES SIX,0.7356,0.0212,0.2432
DIAMONDS TWO SPADES FIVE,0.7226,0.0314,0.246
DIAMONDS TWO SPADES FOUR,0.7248,0.0272,0.248
DIAMONDS TWO SPADES THREE,0.7308,0.024,0.2452
DIAMONDS TWO SPADES TWO,0.3564,0.0194,0.6242
CLUBS NINE DIAMONDS TWO,0.746,0.0316,0.2224
DIAMONDS TWO CLUBS EIGHT,0.742,0.0242,0.2338
CLUBS SEVEN DIAMONDS TWO,0.735,0.0306,0.2344
DIAMONDS TWO CLUBS SIX,0.7446,0.023,0.2324
DIAMONDS TWO CLUBS FIVE,0.7244,0.0342,0.2414
DIAMONDS TWO CLUBS FOUR,0.7096,0.0278,0.2626
CLUBS FOUR SPADES FIVE,0.584,0.0078,0.4082
CLUBS FOUR SPADES FOUR,0.3626,0.017,0.6204
CLUBS FOUR SPADES THREE,0.5894,0.0102,0.4004
CLUBS FOUR SPADES TWO,0.7314,0.0246,0.244
SPADES NINE CLUBS FOUR,0.619,0.009,0.372
SPADES EIGHT CLUBS FOUR,0.604,0.0078,0.3882
SPADES SEVEN CLUBS FOUR,0.5918,0.0084,0.3998
CLUBS FOUR SPADES SIX,0.591,0.01,0.399
SPADES ACE DIAMONDS SIX,0.3944,0.004,0.6016
SPADES QUEEN DIAMONDS SIX,0.6126,0.0088,0.3786
SPADES KING DIAMONDS SIX,0.2674,0.3524,0.3802
SPADES TEN DIAMONDS SIX,0.594,0.008,0.398
SPADES JACK DIAMONDS SIX,0.6164,0.0074,0.3762
SPADES QUEEN SPADES TWO,0.7078,0.029,0.2632
SPADES KING SPADES TWO,0.0752,0.8574,0.0674
SPADES ACE SPADES TWO,0.2588,0.015,0.7262
DIAMONDS JACK CLUBS JACK,0.2952,0.0074,0.6974
CLUBS TEN DIAMONDS JACK,0.5564,0.0072,0.4364
DIAMONDS JACK CLUBS QUEEN,0.5656,0.006,0.4284
DIAMONDS THREE DIAMONDS JACK,0.5902,0.0072,0.4026
DIAMONDS THREE DIAMONDS TEN,0.5906,0.0088,0.4006
DIAMONDS JACK CLUBS ACE,0.3692,0.0054,0.6254
DIAMONDS THREE DIAMONDS KING,0.252,0.456,0.292
HEARTS THREE DIAMONDS THREE,0.391,0.0174,0.5916
DIAMONDS THREE DIAMONDS QUEEN,0.5976,0.0072,0.3952
DIAMONDS THREE HEARTS TWO,0.7258,0.0228,0.2514
HEARTS FIVE DIAMONDS THREE,0.5938,0.0094,0.3968
DIAMONDS THREE DIAMONDS ACE,0.3556,0.004,0.6404
HEARTS FOUR DIAMONDS THREE,0.6172,0.0074,0.3754
DIAMONDS THREE HEARTS SEVEN,0.6144,0.008,0.3776
SPADES TEN SPADES NINE,0.5342,0.0074,0.4584
HEARTS SIX DIAMONDS THREE,0.606,0.0058,0.3882
SPADES JACK SPADES NINE,0.5528,0.0068,0.4404
DIAMONDS THREE HEARTS NINE,0.628,0.0094,0.3626
HEARTS JACK DIAMONDS FOUR,0.6152,0.008,0.3768
HEARTS KING HEARTS ACE,0.2446,0.0108,0.7446
SPADES TEN SPADES TWO,0.7042,0.0272,0.2686
DIAMONDS THREE HEARTS EIGHT,0.6286,0.008,0.3634
HEARTS TEN DIAMONDS FOUR,0.6262,0.0056,0.3682
SPADES JACK SPADES TWO,0.7044,0.0256,0.27
HEARTS QUEEN DIAMONDS FOUR,0.6342,0.0092,0.3566
HEARTS KING DIAMONDS FOUR,0.2548,0.4858,0.2594
SPADES ACE SPADES NINE,0.38,0.0056,0.6144
HEARTS ACE DIAMONDS FOUR,0.3904,0.0068,0.6028
SPADES KING SPADES NINE,0.2678,0.1488,0.5834
SPADES QUEEN SPADES NINE,0.5594,0.009,0.4316
DIAMONDS THREE SPADES NINE,0.629,0.008,0.363
DIAMONDS THREE SPADES EIGHT,0.6234,0.0074,0.3692
DIAMONDS THREE SPADES SEVEN,0.6056,0.0096,0.3848
DIAMONDS THREE SPADES SIX,0.6178,0.0098,0.3724
DIAMONDS THREE CLUBS SIX,0.6002,0.0094,0.3904
CLUBS FIVE CLUBS SIX,0.5738,0.0102,0.416
CLUBS ACE DIAMONDS FOUR,0.3658,0.0066,0.6276
CLUBS SEVEN DIAMONDS THREE,0.6022,0.0116,0.3862
CLUBS SEVEN CLUBS FIVE,0.5676,0.013,0.4194
DIAMONDS THREE CLUBS FOUR,0.6024,0.0102,0.3874
DIAMONDS FOUR CLUBS QUEEN,0.621,0.0094,0.3696
DIAMONDS THREE CLUBS FIVE,0.5972,0.0104,0.3924
CLUBS TEN DIAMONDS FOUR,0.617,0.009,0.374
DIAMONDS THREE CLUBS THREE,0.3882,0.0238,0.588
DIAMONDS FOUR CLUBS JACK,0.6126,0.0094,0.378
DIAMONDS THREE SPADES FOUR,0.6152,0.0098,0.375
DIAMONDS THREE SPADES FIVE,0.6064,0.011,0.3826
DIAMONDS THREE SPADES TWO,0.7396,0.0288,0.2316
DIAMONDS THREE SPADES THREE,0.3782,0.0204,0.6014
CLUBS EIGHT DIAMONDS THREE,0.6298,0.0078,0.3624
CLUBS NINE DIAMONDS THREE,0.614,0.0108,0.3752
SPADES SEVEN CLUBS ACE,0.3738,0.005,0.6212
SPADES SEVEN CLUBS QUEEN,0.5914,0.0072,0.4014
CLUBS FIVE SPADES SEVEN,0.5724,0.0084,0.4192
CLUBS TEN SPADES SEVEN,0.5938,0.0076,0.3986
CLUBS FIVE SPADES SIX,0.575,0.0102,0.4148
SPADES SEVEN CLUBS JACK,0.6076,0.009,0.3834
CLUBS FIVE SPADES NINE,0.6032,0.0078,0.389
CLUBS FIVE SPADES EIGHT,0.6028,0.008,0.3892
CLUBS FIVE SPADES THREE,0.603,0.0086,0.3884
CLUBS FIVE SPADES TWO,0.7212,0.0276,0.2512
CLUBS FIVE SPADES FIVE,0.3638,0.021,0.6152
CLUBS FIVE SPADES FOUR,0.5814,0.01,0.4086
CLUBS NINE CLUBS FIVE,0.605,0.0084,0.3866
CLUBS EIGHT CLUBS FIVE,0.591,0.0082,0.4008
CLUBS ACE CLUBS QUEEN,0.326,0.006,0.668
DIAMONDS TEN DIAMONDS FOUR,0.5964,0.0096,0.394
CLUBS TEN DIAMONDS NINE,0.567,0.009,0.424
DIAMONDS JACK DIAMONDS FOUR,0.5892,0.0078,0.403
DIAMONDS NINE CLUBS JACK,0.5816,0.0088,0.4096
SPADES NINE CLUBS JACK,0.579,0.0088,0.4122
CLUBS TEN SPADES NINE,0.5654,0.0064,0.4282
DIAMONDS ACE DIAMONDS FOUR,0.363,0.005,0.632
HEARTS FOUR DIAMONDS FOUR,0.367,0.0188,0.6142
DIAMONDS JACK HEARTS TEN,0.5626,0.0076,0.4298
DIAMONDS TWO SPADES TEN,0.7446,0.0276,0.2278
DIAMONDS NINE CLUBS ACE,0.3776,0.005,0.6174
HEARTS FIVE DIAMONDS FOUR,0.604,0.0118,0.3842
HEARTS JACK DIAMONDS JACK,0.3274,0.008,0.6646
SPADES NINE CLUBS QUEEN,0.5844,0.0066,0.409
DIAMONDS TWO SPADES JACK,0.7462,0.0256,0.2282
DIAMONDS QUEEN DIAMONDS FOUR,0.5832,0.0084,0.4084
HEARTS TWO DIAMONDS FOUR,0.7248,0.0264,0.2488
DIAMONDS NINE CLUBS QUEEN,0.5896,0.0062,0.4042
DIAMONDS KING DIAMONDS FOUR,0.2488,0.4542,0.297
HEARTS THREE DIAMONDS FOUR,0.6042,0.0102,0.3856
SPADES NINE CLUBS ACE,0.3854,0.0068,0.6078
HEARTS ACE DIAMONDS JACK,0.3796,0.0054,0.615
SPADES ACE DIAMONDS TWO,0.2778,0.0162,0.706
DIAMONDS JACK HEARTS QUEEN,0.5824,0.0082,0.4094
SPADES QUEEN DIAMONDS TWO,0.7448,0.0278,0.2274
HEARTS KING DIAMONDS JACK,0.2786,0.0864,0.635
SPADES KING DIAMONDS TWO,0.072,0.909,0.019
SPADES JACK SPADES SEVEN,0.5746,0.0054,0.42
SPADES TEN SPADES SEVEN,0.5532,0.0098,0.437
CLUBS SEVEN CLUBS THREE,0.6088,0.0094,0.3818
CLUBS SIX CLUBS THREE,0.6028,0.0108,0.3864
CLUBS FIVE CLUBS THREE,0.5794,0.0108,0.4098
CLUBS THREE CLUBS FOUR,0.5998,0.0134,0.3868
CLUBS NINE CLUBS THREE,0.607,0.0106,0.3824
CLUBS EIGHT CLUBS THREE,0.622,0.0102,0.3678
CLUBS THREE SPADES FIVE,0.5902,0.0094,0.4004
CLUBS THREE SPADES FOUR,0.6046,0.009,0.3864
CLUBS THREE SPADES THREE,0.3784,0.0214,0.6002
CLUBS THREE SPADES TWO,0.7284,0.0294,0.2422
CLUBS THREE SPADES SIX,0.5976,0.0088,0.3936
CLUBS THREE SPADES SEVEN,0.604,0.0102,0.3858
SPADES EIGHT CLUBS THREE,0.634,0.0082,0.3578
SPADES NINE CLUBS THREE,0.6278,0.0112,0.361
SPADES TWO DIAMONDS FOUR,0.7164,0.0258,0.2578
SPADES THREE DIAMONDS FOUR,0.6144,0.0102,0.3754
SPADES FOUR DIAMONDS FOUR,0.3766,0.0212,0.6022
SPADES FIVE DIAMONDS FOUR,0.5874,0.0106,0.402
SPADES SIX DIAMONDS FOUR,0.5934,0.0092,0.3974
SPADES SEVEN DIAMONDS FOUR,0.5992,0.0084,0.3924
SPADES EIGHT DIAMONDS FOUR,0.6096,0.0098,0.3806
SPADES NINE DIAMONDS FOUR,0.6246,0.006,0.3694
CLUBS FIVE DIAMONDS FOUR,0.5656,0.0096,0.4248
CLUBS FOUR DIAMONDS FOUR,0.371,0.02,0.609
CLUBS SEVEN DIAMONDS FOUR,0.6054,0.0088,0.3858
CLUBS SIX DIAMONDS FOUR,0.5958,0.0132,0.391
CLUBS NINE DIAMONDS FOUR,0.6068,0.0078,0.3854
CLUBS EIGHT DIAMONDS FOUR,0.6148,0.0092,0.376
DIAMONDS FOUR HEARTS SEVEN,0.618,0.0066,0.3754
HEARTS SIX DIAMONDS FOUR,0.596,0.0086,0.3954
HEARTS NINE DIAMONDS FOUR,0.6102,0.0084,0.3814
DIAMONDS FOUR HEARTS EIGHT,0.622,0.0072,0.3708
CLUBS THREE DIAMONDS FOUR,0.594,0.0106,0.3954
DIAMONDS TEN DIAMONDS FIVE,0.57,0.0082,0.4218
DIAMONDS JACK DIAMONDS FIVE,0.5644,0.0074,0.4282
DIAMONDS NINE HEARTS QUEEN,0.598,0.0072,0.3948
HEARTS KING DIAMONDS NINE,0.2748,0.1632,0.562
DIAMONDS NINE HEARTS ACE,0.3936,0.004,0.6024
DIAMONDS NINE HEARTS TEN,0.5668,0.0074,0.4258
DIAMONDS NINE HEARTS JACK,0.5886,0.0056,0.4058
CLUBS QUEEN DIAMONDS SIX,0.6038,0.0052,0.391
CLUBS ACE DIAMONDS SIX,0.3742,0.0058,0.62
SPADES KING DIAMONDS FOUR,0.266,0.4808,0.2532
SPADES ACE SPADES SEVEN,0.3754,0.0054,0.6192
SPADES QUEEN DIAMONDS FOUR,0.6172,0.0068,0.376
SPADES QUEEN SPADES SEVEN,0.569,0.0084,0.4226
CLUBS JACK DIAMONDS SIX,0.6102,0.0078,0.382
SPADES KING SPADES SEVEN,0.2508,0.2644,0.4848
SPADES ACE DIAMONDS FOUR,0.3924,0.0058,0.6018
CLUBS TEN DIAMONDS SIX,0.6016,0.0076,0.3908
CLUBS NINE CLUBS FOUR,0.616,0.0106,0.3734
CLUBS EIGHT CLUBS FOUR,0.6134,0.0074,0.3792
SPADES JACK DIAMONDS FOUR,0.6272,0.0096,0.3632
SPADES TEN DIAMONDS FOUR,0.6208,0.0082,0.371
CLUBS FIVE CLUBS FOUR,0.5822,0.011,0.4068
CLUBS SEVEN CLUBS FOUR,0.5946,0.0096,0.3958
CLUBS SIX CLUBS FOUR,0.5868,0.0102,0.403
CLUBS SEVEN SPADES EIGHT,0.567,0.0092,0.4238
CLUBS SEVEN SPADES NINE,0.565,0.0078,0.4272
CLUBS SEVEN SPADES SIX,0.5784,0.008,0.4136
CLUBS SEVEN SPADES SEVEN,0.3592,0.0144,0.6264
CLUBS SEVEN SPADES FIVE,0.5782,0.0108,0.411
CLUBS SEVEN SPADES FOUR,0.5994,0.011,0.3896
CLUBS SEVEN SPADES THREE,0.5982,0.0098,0.392
CLUBS SEVEN SPADES TWO,0.7358,0.0282,0.236
CLUBS NINE CLUBS SEVEN,0.5694,0.0104,0.4202
CLUBS SEVEN CLUBS EIGHT,0.5698,0.0072,0.423
HEARTS SIX DIAMONDS FIVE,0.5886,0.0072,0.4042
DIAMONDS FIVE HEARTS SEVEN,0.5882,0.009,0.4028
DIAMONDS FIVE HEARTS EIGHT,0.6022,0.012,0.3858
HEARTS NINE DIAMONDS FIVE,0.6106,0.0072,0.3822
DIAMONDS QUEEN DIAMONDS FIVE,0.5832,0.008,0.4088
HEARTS TWO DIAMONDS FIVE,0.726,0.0256,0.2484
HEARTS KING HEARTS EIGHT,0.2652,0.206,0.5288
DIAMONDS KING DIAMONDS FIVE,0.2474,0.4182,0.3344
HEARTS THREE DIAMONDS FIVE,0.6026,0.0114,0.386
HEARTS QUEEN HEARTS EIGHT,0.5582,0.0072,0.4346
DIAMONDS ACE DIAMONDS FIVE,0.3584,0.0052,0.6364
HEARTS FOUR DIAMONDS FIVE,0.58,0.0112,0.4088
HEARTS FIVE DIAMONDS FIVE,0.3714,0.0178,0.6108
HEARTS ACE HEARTS EIGHT,0.3822,0.0048,0.613
CLUBS FOUR DIAMONDS FIVE,0.572,0.0088,0.4192
CLUBS FIVE DIAMONDS FIVE,0.3672,0.017,0.6158
CLUBS SIX DIAMONDS FIVE,0.5868,0.0072,0.406
CLUBS SEVEN DIAMONDS FIVE,0.5786,0.009,0.4124
CLUBS THREE DIAMONDS FIVE,0.5998,0.0116,0.3886
SPADES THREE DIAMONDS FIVE,0.5934,0.0086,0.398
SPADES TWO DIAMONDS FIVE,0.7292,0.0234,0.2474
SPADES JACK DIAMONDS EIGHT,0.5978,0.0068,0.3954
SPADES FIVE DIAMONDS FIVE,0.3778,0.0168,0.6054
CLUBS TEN HEARTS JACK,0.5494,0.009,0.4416
SPADES TEN DIAMONDS EIGHT,0.5788,0.0086,0.4126
SPADES FOUR DIAMONDS FIVE,0.593,0.0094,0.3976
HEARTS JACK CLUBS JACK,0.3134,0.0058,0.6808
HEARTS JACK CLUBS QUEEN,0.5776,0.0062,0.4162
CLUBS NINE DIAMONDS FIVE,0.601,0.0102,0.3888
CLUBS EIGHT DIAMONDS FIVE,0.5844,0.0094,0.4062
HEARTS JACK CLUBS ACE,0.362,0.0054,0.6326
SPADES SEVEN DIAMONDS FIVE,0.5828,0.0094,0.4078
SPADES KING DIAMONDS EIGHT,0.2746,0.2198,0.5056
SPADES QUEEN DIAMONDS EIGHT,0.612,0.008,0.38
SPADES SIX DIAMONDS FIVE,0.5728,0.0082,0.419
SPADES NINE DIAMONDS FIVE,0.6128,0.0072,0.38
SPADES EIGHT DIAMONDS FIVE,0.6058,0.0076,0.3866
SPADES ACE DIAMONDS EIGHT,0.3988,0.0038,0.5974
DIAMONDS TEN DIAMONDS SIX,0.5788,0.009,0.4122
HEARTS ACE DIAMONDS SEVEN,0.3966,0.0036,0.5998
DIAMONDS JACK DIAMONDS SIX,0.5638,0.0092,0.427
HEARTS QUEEN DIAMONDS SEVEN,0.6252,0.0062,0.3686
HEARTS KING DIAMONDS SEVEN,0.274,0.2778,0.4482
DIAMONDS ACE DIAMONDS SIX,0.3784,0.0042,0.6174
HEARTS FOUR DIAMONDS SIX,0.6034,0.0078,0.3888
HEARTS JACK SPADES TWO,0.747,0.0282,0.2248
HEARTS FIVE DIAMONDS SIX,0.577,0.0108,0.4122
SPADES TWO HEARTS TEN,0.7396,0.026,0.2344
DIAMONDS QUEEN DIAMONDS SIX,0.5752,0.0066,0.4182
HEARTS TWO DIAMONDS SIX,0.7354,0.0274,0.2372
DIAMONDS KING DIAMONDS SIX,0.2722,0.33,0.3978
HEARTS THREE DIAMONDS SIX,0.6074,0.0084,0.3842
HEARTS EIGHT DIAMONDS SIX,0.5922,0.0084,0.3994
HEARTS NINE DIAMONDS SIX,0.5946,0.0058,0.3996
HEARTS SIX DIAMONDS SIX,0.3678,0.0162,0.616
HEARTS SEVEN DIAMONDS SIX,0.584,0.005,0.411
HEARTS TEN DIAMONDS SEVEN,0.585,0.009,0.406
HEARTS JACK DIAMONDS SEVEN,0.6082,0.007,0.3848
CLUBS THREE DIAMONDS SIX,0.6106,0.0104,0.379
CLUBS SEVEN DIAMONDS SIX,0.57,0.011,0.419
DIAMONDS EIGHT CLUBS JACK,0.589,0.0078,0.4032
CLUBS SIX DIAMONDS SIX,0.376,0.0152,0.6088
CLUBS TEN DIAMONDS EIGHT,0.5776,0.0074,0.415
CLUBS FIVE DIAMONDS SIX,0.5716,0.007,0.4214
CLUBS FOUR DIAMONDS SIX,0.5788,0.0114,0.4098
HEARTS ACE HEARTS JACK,0.355,0.0058,0.6392
DIAMONDS EIGHT CLUBS ACE,0.384,0.0044,0.6116
HEARTS JACK HEARTS QUEEN,0.5422,0.0074,0.4504
CLUBS NINE DIAMONDS SIX,0.5886,0.0096,0.4018
HEARTS KING HEARTS JACK,0.2562,0.082,0.6618
DIAMONDS EIGHT CLUBS QUEEN,0.6028,0.0068,0.3904
CLUBS EIGHT DIAMONDS SIX,0.5866,0.0084,0.405
SPADES TEN HEARTS KING,0.2764,0.1022,0.6214
SPADES FIVE DIAMONDS SIX,0.5934,0.0072,0.3994
HEARTS ACE SPADES TWO,0.2772,0.0202,0.7026
SPADES JACK HEARTS KING,0.2732,0.0848,0.642
SPADES FOUR DIAMONDS SIX,0.6016,0.0098,0.3886
SPADES THREE DIAMONDS SIX,0.6238,0.0104,0.3658
HEARTS QUEEN SPADES TWO,0.7452,0.0286,0.2262
SPADES ACE SPADES KING,0.256,0.0112,0.7328
HEARTS KING SPADES TWO,0.0726,0.9056,0.0218
SPADES TWO DIAMONDS SIX,0.7386,0.0222,0.2392
HEARTS TEN HEARTS EIGHT,0.5516,0.0074,0.441
SPADES NINE DIAMONDS SIX,0.587,0.0062,0.4068
HEARTS JACK HEARTS EIGHT,0.554,0.0098,0.4362
SPADES EIGHT DIAMONDS SIX,0.5918,0.0074,0.4008
SPADES SEVEN DIAMONDS SIX,0.5738,0.0072,0.419
SPADES SIX DIAMONDS SIX,0.3728,0.0164,0.6108
SPADES KING HEARTS KING,0.1184,0.0092,0.8724
SPADES QUEEN HEARTS KING,0.2766,0.071,0.6524
SPADES ACE HEARTS KING,0.2646,0.0122,0.7232
SPADES ACE HEARTS JACK,0.3812,0.0048,0.614
SPADES QUEEN HEARTS JACK,0.5772,0.0068,0.416
SPADES KING HEARTS JACK,0.29,0.0842,0.6258
SPADES TEN DIAMONDS TEN,0.3404,0.0068,0.6528
SPADES JACK DIAMONDS TEN,0.5644,0.007,0.4286
SPADES ACE DIAMONDS TEN,0.38,0.0052,0.6148
SPADES JACK HEARTS JACK,0.3188,0.0066,0.6746
SPADES TEN HEARTS JACK,0.5786,0.007,0.4144
SPADES QUEEN DIAMONDS TEN,0.5768,0.0068,0.4164
SPADES KING DIAMONDS TEN,0.2756,0.1064,0.618
SPADES NINE DIAMONDS SEVEN,0.5844,0.0048,0.4108
SPADES EIGHT DIAMONDS SEVEN,0.5756,0.0082,0.4162
SPADES SEVEN DIAMONDS SEVEN,0.3616,0.014,0.6244
SPADES SIX DIAMONDS SEVEN,0.5842,0.0068,0.409
DIAMONDS KING DIAMONDS SEVEN,0.25,0.2626,0.4874
HEARTS THREE DIAMONDS SEVEN,0.6086,0.0086,0.3828
HEARTS KING DIAMONDS FIVE,0.263,0.4242,0.3128
DIAMONDS QUEEN DIAMONDS SEVEN,0.5758,0.0092,0.415
HEARTS TWO DIAMONDS SEVEN,0.752,0.0244,0.2236
HEARTS QUEEN DIAMONDS FIVE,0.6132,0.0064,0.3804
HEARTS FIVE DIAMONDS SEVEN,0.5906,0.0072,0.4022
DIAMONDS ACE DIAMONDS SEVEN,0.373,0.0044,0.6226
HEARTS FOUR DIAMONDS SEVEN,0.604,0.0066,0.3894
HEARTS ACE DIAMONDS FIVE,0.3798,0.0054,0.6148
HEARTS SEVEN DIAMONDS SEVEN,0.3602,0.014,0.6258
HEARTS SIX DIAMONDS SEVEN,0.5722,0.0088,0.419
HEARTS NINE DIAMONDS SEVEN,0.5774,0.008,0.4146
DIAMONDS SEVEN HEARTS EIGHT,0.5924,0.0046,0.403
DIAMONDS JACK DIAMONDS SEVEN,0.562,0.0062,0.4318
HEARTS JACK DIAMONDS FIVE,0.6192,0.0092,0.3716
DIAMONDS TEN DIAMONDS SEVEN,0.5688,0.0064,0.4248
DIAMONDS FIVE HEARTS TEN,0.6264,0.0084,0.3652
CLUBS EIGHT DIAMONDS SEVEN,0.575,0.0066,0.4184
HEARTS KING CLUBS QUEEN,0.2676,0.0656,0.6668
CLUBS NINE DIAMONDS SEVEN,0.5656,0.0098,0.4246
SPADES TWO CLUBS JACK,0.7408,0.0332,0.226
CLUBS TEN SPADES TWO,0.7386,0.0242,0.2372
HEARTS KING CLUBS ACE,0.242,0.0152,0.7428
CLUBS SEVEN CLUBS SIX,0.5654,0.0078,0.4268
SPADES TWO DIAMONDS SEVEN,0.7412,0.0284,0.2304
CLUBS EIGHT CLUBS SIX,0.5848,0.0072,0.408
SPADES THREE DIAMONDS SEVEN,0.6246,0.0076,0.3678
SPADES TWO CLUBS QUEEN,0.7404,0.0308,0.2288
CLUBS NINE CLUBS SIX,0.5816,0.0088,0.4096
SPADES FOUR DIAMONDS SEVEN,0.604,0.0078,0.3882
HEARTS KING CLUBS JACK,0.265,0.0854,0.6496
SPADES FIVE DIAMONDS SEVEN,0.5794,0.008,0.4126
SPADES TWO CLUBS ACE,0.2572,0.0184,0.7244
CLUBS TEN HEARTS KING,0.257,0.1074,0.6356
CLUBS SIX SPADES TWO,0.7296,0.0252,0.2452
CLUBS SIX SPADES THREE,0.5984,0.008,0.3936
CLUBS SIX SPADES FOUR,0.5884,0.008,0.4036
CLUBS THREE DIAMONDS SEVEN,0.6034,0.0104,0.3862
CLUBS SIX SPADES FIVE,0.5734,0.0094,0.4172
CLUBS FOUR DIAMONDS SEVEN,0.5864,0.0086,0.405
CLUBS SIX SPADES SIX,0.3556,0.0156,0.6288
CLUBS FIVE DIAMONDS SEVEN,0.58,0.0082,0.4118
CLUBS SIX SPADES SEVEN,0.5606,0.0096,0.4298
CLUBS SIX DIAMONDS SEVEN,0.5798,0.0086,0.4116
CLUBS SIX SPADES EIGHT,0.5954,0.0078,0.3968
CLUBS SEVEN DIAMONDS SEVEN,0.354,0.014,0.632
SPADES NINE CLUBS SIX,0.6006,0.0068,0.3926
CLUBS THREE DIAMONDS EIGHT,0.6182,0.0098,0.372
DIAMONDS EIGHT HEARTS SEVEN,0.572,0.009,0.419
HEARTS SIX DIAMONDS EIGHT,0.5956,0.0088,0.3956
DIAMONDS EIGHT HEARTS NINE,0.5776,0.0056,0.4168
DIAMONDS EIGHT HEARTS EIGHT,0.3622,0.0092,0.6286
CLUBS NINE DIAMONDS EIGHT,0.5674,0.0082,0.4244
CLUBS EIGHT DIAMONDS EIGHT,0.331,0.011,0.658
CLUBS FIVE DIAMONDS EIGHT,0.5914,0.0092,0.3994
SPADES ACE SPADES THREE,0.3502,0.0074,0.6424
CLUBS FOUR DIAMONDS EIGHT,0.6122,0.0068,0.381
CLUBS SEVEN DIAMONDS EIGHT,0.5582,0.0096,0.4322
SPADES QUEEN SPADES THREE,0.5762,0.0078,0.416
CLUBS SIX DIAMONDS EIGHT,0.5856,0.0062,0.4082
SPADES KING SPADES THREE,0.254,0.4516,0.2944
DIAMONDS QUEEN DIAMONDS EIGHT,0.555,0.007,0.438
HEARTS TWO DIAMONDS EIGHT,0.7432,0.0298,0.227
DIAMONDS KING DIAMONDS EIGHT,0.259,0.21,0.531
HEARTS THREE DIAMONDS EIGHT,0.6272,0.0078,0.365
DIAMONDS ACE DIAMONDS EIGHT,0.3828,0.0036,0.6136
HEARTS FOUR DIAMONDS EIGHT,0.6208,0.011,0.3682
HEARTS FIVE DIAMONDS EIGHT,0.5998,0.0046,0.3956
DIAMONDS EIGHT DIAMONDS TEN,0.5364,0.0052,0.4584
DIAMONDS EIGHT DIAMONDS JACK,0.5482,0.0078,0.444
SPADES JACK SPADES THREE,0.5828,0.0088,0.4084
SPADES TEN SPADES THREE,0.5838,0.0084,0.4078
CLUBS FOUR HEARTS ACE,0.387,0.0072,0.6058
CLUBS FOUR HEARTS QUEEN,0.6162,0.0086,0.3752
CLUBS FOUR HEARTS KING,0.252,0.4904,0.2576
CLUBS SIX HEARTS TEN,0.6002,0.0064,0.3934
CLUBS SIX HEARTS JACK,0.6082,0.0058,0.386
DIAMONDS EIGHT SPADES FOUR,0.6086,0.0088,0.3826
SPADES FIVE DIAMONDS EIGHT,0.599,0.0086,0.3924
DIAMONDS EIGHT SPADES TWO,0.75,0.0276,0.2224
DIAMONDS EIGHT SPADES THREE,0.6234,0.0092,0.3674
CLUBS FOUR HEARTS JACK,0.6252,0.0094,0.3654
SPADES EIGHT DIAMONDS EIGHT,0.3672,0.0092,0.6236
SPADES TEN DIAMONDS QUEEN,0.584,0.0072,0.4088
SPADES TEN HEARTS TWO,0.7484,0.0278,0.2238
SPADES JACK HEARTS EIGHT,0.595,0.006,0.399
CLUBS FOUR HEARTS TEN,0.6062,0.0098,0.384
SPADES NINE DIAMONDS EIGHT,0.5704,0.007,0.4226
SPADES TEN HEARTS EIGHT,0.5856,0.0074,0.407
SPADES JACK HEARTS TWO,0.7526,0.0286,0.2188
SPADES JACK DIAMONDS QUEEN,0.5932,0.0076,0.3992
SPADES SIX DIAMONDS EIGHT,0.596,0.0074,0.3966
SPADES SEVEN DIAMONDS EIGHT,0.5744,0.0074,0.4182
SPADES ACE HEARTS TWO,0.2804,0.0166,0.703
SPADES ACE DIAMONDS QUEEN,0.387,0.0048,0.6082
SPADES ACE HEARTS EIGHT,0.3906,0.0046,0.6048
SPADES KING HEARTS EIGHT,0.282,0.2146,0.5034
SPADES QUEEN HEARTS TWO,0.7464,0.0276,0.226
SPADES QUEEN DIAMONDS QUEEN,0.3204,0.0044,0.6752
SPADES KING DIAMONDS QUEEN,0.2806,0.0636,0.6558
SPADES KING HEARTS TWO,0.0732,0.909,0.0178
SPADES QUEEN HEARTS EIGHT,0.6112,0.008,0.3808
SPADES SEVEN DIAMONDS NINE,0.5894,0.0086,0.402
SPADES SIX DIAMONDS NINE,0.5988,0.006,0.3952
SPADES NINE DIAMONDS NINE,0.3478,0.0096,0.6426
SPADES EIGHT DIAMONDS NINE,0.58,0.0074,0.4126
DIAMONDS NINE SPADES THREE,0.623,0.0086,0.3684
DIAMONDS NINE SPADES TWO,0.7516,0.0254,0.223
DIAMONDS NINE SPADES FIVE,0.6026,0.0094,0.388
DIAMONDS NINE SPADES FOUR,0.6368,0.0096,0.3536
CLUBS NINE DIAMONDS NINE,0.34,0.01,0.65
CLUBS EIGHT DIAMONDS NINE,0.5696,0.0072,0.4232
CLUBS SIX DIAMONDS NINE,0.5836,0.007,0.4094
SPADES JACK CLUBS FOUR,0.6144,0.0074,0.3782
CLUBS SEVEN DIAMONDS NINE,0.591,0.0066,0.4024
SPADES TEN CLUBS FOUR,0.6166,0.0084,0.375
CLUBS FOUR DIAMONDS NINE,0.6072,0.0092,0.3836
CLUBS FIVE DIAMONDS NINE,0.6124,0.0112,0.3764
CLUBS THREE DIAMONDS NINE,0.6238,0.009,0.3672
DIAMONDS NINE HEARTS EIGHT,0.579,0.008,0.413
DIAMONDS NINE HEARTS NINE,0.3406,0.0114,0.648
HEARTS SIX DIAMONDS NINE,0.5912,0.0074,0.4014
DIAMONDS NINE HEARTS SEVEN,0.5772,0.0064,0.4164
CLUBS NINE CLUBS EIGHT,0.5608,0.009,0.4302
DIAMONDS ACE DIAMONDS NINE,0.3698,0.0058,0.6244
HEARTS FOUR DIAMONDS NINE,0.6172,0.0086,0.3742
HEARTS FIVE DIAMONDS NINE,0.6152,0.0076,0.3772
SPADES ACE CLUBS FOUR,0.374,0.0066,0.6194
DIAMONDS QUEEN DIAMONDS NINE,0.5608,0.0068,0.4324
HEARTS TWO DIAMONDS NINE,0.7476,0.0252,0.2272
SPADES KING CLUBS FOUR,0.2592,0.4766,0.2642
DIAMONDS KING DIAMONDS NINE,0.249,0.14,0.611
HEARTS THREE DIAMONDS NINE,0.6232,0.0112,0.3656
SPADES QUEEN CLUBS FOUR,0.6172,0.0094,0.3734
DIAMONDS NINE DIAMONDS JACK,0.5514,0.006,0.4426
CLUBS EIGHT SPADES NINE,0.5712,0.0064,0.4224
DIAMONDS NINE DIAMONDS TEN,0.5558,0.0084,0.4358
CLUBS EIGHT SPADES EIGHT,0.3556,0.0126,0.6318
CLUBS EIGHT SPADES SEVEN,0.5694,0.008,0.4226
CLUBS EIGHT SPADES SIX,0.5918,0.0084,0.3998
CLUBS EIGHT SPADES FIVE,0.5972,0.0104,0.3924
CLUBS EIGHT SPADES FOUR,0.616,0.0088,0.3752
CLUBS EIGHT SPADES THREE,0.6202,0.0098,0.37
CLUBS EIGHT SPADES TWO,0.7488,0.0252,0.226
HEARTS SIX DIAMONDS TEN,0.6098,0.0058,0.3844
DIAMONDS TEN HEARTS SEVEN,0.5826,0.0094,0.408
DIAMONDS TEN HEARTS EIGHT,0.583,0.0058,0.4112
CLUBS FOUR CLUBS JACK,0.5938,0.0092,0.397
DIAMONDS TEN HEARTS NINE,0.5584,0.0074,0.4342
CLUBS TEN CLUBS FOUR,0.6056,0.0092,0.3852
CLUBS FOUR CLUBS QUEEN,0.6062,0.0086,0.3852
CLUBS THREE DIAMONDS TEN,0.607,0.0084,0.3846
CLUBS FOUR CLUBS ACE,0.325,0.0048,0.6702
DIAMONDS JACK DIAMONDS TEN,0.5326,0.008,0.4594
DIAMONDS QUEEN DIAMONDS TEN,0.5516,0.0084,0.44
HEARTS TWO DIAMONDS TEN,0.7446,0.0292,0.2262
DIAMONDS KING DIAMONDS TEN,0.2588,0.0942,0.647
HEARTS THREE DIAMONDS TEN,0.6126,0.0086,0.3788
DIAMONDS ACE DIAMONDS TEN,0.3632,0.0072,0.6296
HEARTS FOUR DIAMONDS TEN,0.6172,0.0082,0.3746
CLUBS EIGHT HEARTS JACK,0.595,0.008,0.397
HEARTS FIVE DIAMONDS TEN,0.6228,0.0082,0.369
CLUBS EIGHT HEARTS TEN,0.5794,0.0076,0.413
CLUBS EIGHT HEARTS QUEEN,0.5954,0.0068,0.3978
CLUBS EIGHT HEARTS KING,0.2658,0.2138,0.5204
CLUBS EIGHT HEARTS ACE,0.3952,0.0066,0.5982
CLUBS NINE SPADES THREE,0.6166,0.009,0.3744
CLUBS NINE SPADES TWO,0.7396,0.0326,0.2278
CLUBS NINE SPADES FIVE,0.603,0.0104,0.3866
CLUBS NINE SPADES FOUR,0.614,0.0082,0.3778
CLUBS NINE SPADES SEVEN,0.5694,0.0088,0.4218
CLUBS NINE SPADES SIX,0.6076,0.0088,0.3836
CLUBS NINE SPADES NINE,0.327,0.0104,0.6626
CLUBS TEN HEARTS EIGHT,0.5754,0.0066,0.418
CLUBS NINE SPADES EIGHT,0.576,0.0096,0.4144
CLUBS JACK HEARTS EIGHT,0.5842,0.0058,0.41
CLUBS QUEEN HEARTS EIGHT,0.604,0.0064,0.3896
CLUBS ACE HEARTS EIGHT,0.3954,0.0046,0.6
DIAMONDS ACE HEARTS TEN,0.3804,0.0042,0.6154
HEARTS FOUR HEARTS TEN,0.571,0.0088,0.4202
DIAMONDS ACE HEARTS JACK,0.387,0.0038,0.6092
HEARTS FOUR HEARTS JACK,0.5622,0.0088,0.429
SPADES KING CLUBS FIVE,0.2582,0.4296,0.3122
SPADES QUEEN CLUBS FIVE,0.606,0.0068,0.3872
SPADES ACE CLUBS FIVE,0.374,0.0068,0.6192
DIAMONDS JACK HEARTS SEVEN,0.6022,0.0068,0.391
HEARTS SIX DIAMONDS JACK,0.6226,0.0066,0.3708
DIAMONDS JACK HEARTS NINE,0.5842,0.0096,0.4062
DIAMONDS JACK HEARTS EIGHT,0.6004,0.0056,0.394
DIAMONDS KING DIAMONDS JACK,0.258,0.0834,0.6586
HEARTS THREE DIAMONDS JACK,0.636,0.0094,0.3546
SPADES ACE SPADES SIX,0.37,0.0044,0.6256
HEARTS ACE SPADES FOUR,0.3866,0.0052,0.6082
DIAMONDS QUEEN DIAMONDS JACK,0.5532,0.007,0.4398
HEARTS TWO DIAMONDS JACK,0.7398,0.0258,0.2344
HEARTS FIVE DIAMONDS JACK,0.6146,0.0082,0.3772
SPADES QUEEN SPADES SIX,0.5762,0.0092,0.4146
SPADES FOUR HEARTS QUEEN,0.6388,0.007,0.3542
DIAMONDS ACE DIAMONDS JACK,0.362,0.0052,0.6328
HEARTS FOUR DIAMONDS JACK,0.619,0.008,0.373
SPADES KING SPADES SIX,0.2498,0.3376,0.4126
HEARTS KING SPADES FOUR,0.2658,0.4836,0.2506
SPADES TEN SPADES SIX,0.5682,0.0088,0.423
SPADES JACK SPADES SIX,0.5682,0.006,0.4258
SPADES FOUR DIAMONDS JACK,0.625,0.0076,0.3674
SPADES FIVE DIAMONDS JACK,0.621,0.0086,0.3704
DIAMONDS JACK SPADES TWO,0.7474,0.0266,0.226
DIAMONDS JACK SPADES THREE,0.624,0.0064,0.3696
SPADES ACE DIAMONDS THREE,0.3758,0.0056,0.6186
SPADES QUEEN DIAMONDS THREE,0.6316,0.0078,0.3606
CLUBS EIGHT DIAMONDS JACK,0.5846,0.0072,0.4082
SPADES KING DIAMONDS THREE,0.27,0.4778,0.2522
CLUBS NINE DIAMONDS JACK,0.5644,0.011,0.4246
CLUBS SIX DIAMONDS JACK,0.6082,0.009,0.3828
CLUBS SEVEN DIAMONDS JACK,0.601,0.0074,0.3916
CLUBS FOUR DIAMONDS JACK,0.6166,0.0082,0.3752
CLUBS FIVE DIAMONDS JACK,0.6038,0.0088,0.3874
CLUBS THREE DIAMONDS JACK,0.6104,0.007,0.3826
SPADES TEN CLUBS FIVE,0.6206,0.007,0.3724
HEARTS SIX SPADES JACK,0.6212,0.0072,0.3716
HEARTS SIX SPADES TEN,0.6068,0.0098,0.3834
SPADES JACK CLUBS FIVE,0.6106,0.0056,0.3838
SPADES JACK DIAMONDS THREE,0.6106,0.0068,0.3826
CLUBS SEVEN CLUBS ACE,0.3336,0.0058,0.6606
DIAMONDS THREE SPADES TEN,0.6218,0.0104,0.3678
CLUBS SEVEN CLUBS QUEEN,0.6018,0.008,0.3902
SPADES NINE DIAMONDS JACK,0.585,0.0066,0.4084
CLUBS TEN CLUBS SEVEN,0.5818,0.0114,0.4068
DIAMONDS ACE HEARTS ACE,0.1548,0.0036,0.8416
HEARTS FOUR HEARTS ACE,0.3666,0.0046,0.6288
SPADES EIGHT DIAMONDS JACK,0.5904,0.0078,0.4018
SPADES ACE HEARTS SIX,0.4042,0.0036,0.5922
CLUBS SEVEN CLUBS JACK,0.5918,0.0088,0.3994
DIAMONDS ACE HEARTS KING,0.265,0.0114,0.7236
HEARTS FOUR HEARTS KING,0.2526,0.4482,0.2992
SPADES SEVEN DIAMONDS JACK,0.5944,0.0066,0.399
SPADES KING HEARTS SIX,0.2642,0.3586,0.3772
DIAMONDS ACE HEARTS QUEEN,0.3878,0.0052,0.607
HEARTS FOUR HEARTS QUEEN,0.581,0.0076,0.4114
SPADES QUEEN HEARTS SIX,0.6156,0.0062,0.3782
SPADES SIX DIAMONDS JACK,0.6196,0.0066,0.3738
DIAMONDS TEN SPADES TWO,0.7586,0.0276,0.2138
SPADES THREE DIAMONDS TEN,0.6196,0.0084,0.372
SPADES FOUR DIAMONDS TEN,0.6224,0.0072,0.3704
SPADES FIVE DIAMONDS TEN,0.6294,0.0092,0.3614
SPADES SIX DIAMONDS TEN,0.608,0.0056,0.3864
SPADES SEVEN DIAMONDS TEN,0.59,0.0066,0.4034
SPADES EIGHT DIAMONDS TEN,0.591,0.0108,0.3982
SPADES NINE DIAMONDS TEN,0.584,0.007,0.409
CLUBS FOUR DIAMONDS TEN,0.5986,0.01,0.3914
CLUBS FIVE DIAMONDS TEN,0.6138,0.0084,0.3778
CLUBS SIX DIAMONDS TEN,0.5924,0.0074,0.4002
CLUBS SEVEN DIAMONDS TEN,0.5896,0.0092,0.4012
CLUBS EIGHT DIAMONDS TEN,0.5714,0.009,0.4196
CLUBS NINE DIAMONDS TEN,0.5708,0.0068,0.4224
DIAMONDS THREE CLUBS JACK,0.619,0.0136,0.3674
CLUBS TEN DIAMONDS THREE,0.6192,0.0074,0.3734
DIAMONDS THREE CLUBS QUEEN,0.63,0.0106,0.3594
DIAMONDS THREE CLUBS ACE,0.3754,0.0084,0.6162
SPADES FOUR HEARTS JACK,0.6222,0.006,0.3718
SPADES FOUR HEARTS TEN,0.619,0.008,0.373
SPADES FIVE SPADES TWO,0.6938,0.0244,0.2818
SPADES FOUR SPADES TWO,0.6824,0.0206,0.297
SPADES THREE SPADES TWO,0.6938,0.0252,0.281
SPADES NINE SPADES TWO,0.7054,0.0276,0.267
SPADES EIGHT SPADES TWO,0.6966,0.0276,0.2758
SPADES SEVEN SPADES TWO,0.7012,0.0242,0.2746
SPADES SIX SPADES TWO,0.7002,0.0226,0.2772
DIAMONDS QUEEN CLUBS THREE,0.6174,0.0078,0.3748
CLUBS THREE HEARTS TWO,0.7284,0.0254,0.2462
DIAMONDS QUEEN HEARTS SEVEN,0.6212,0.0092,0.3696
HEARTS TWO HEARTS SEVEN,0.7098,0.0202,0.27
HEARTS SIX DIAMONDS QUEEN,0.6242,0.0058,0.37
HEARTS SIX HEARTS TWO,0.7022,0.0222,0.2756
DIAMONDS QUEEN HEARTS NINE,0.591,0.0084,0.4006
HEARTS TWO HEARTS NINE,0.6906,0.031,0.2784
DIAMONDS QUEEN HEARTS EIGHT,0.6076,0.0044,0.388
HEARTS TWO HEARTS EIGHT,0.7094,0.03,0.2606
CLUBS NINE HEARTS TWO,0.7406,0.0292,0.2302
CLUBS NINE DIAMONDS QUEEN,0.5868,0.0078,0.4054
CLUBS EIGHT HEARTS TWO,0.7428,0.0316,0.2256
CLUBS EIGHT DIAMONDS QUEEN,0.5918,0.0088,0.3994
CLUBS FIVE DIAMONDS QUEEN,0.6274,0.0052,0.3674
CLUBS FIVE HEARTS TWO,0.711,0.031,0.258
SPADES EIGHT HEARTS ACE,0.4076,0.0034,0.589
DIAMONDS QUEEN CLUBS FOUR,0.6308,0.0076,0.3616
HEARTS TWO CLUBS FOUR,0.7162,0.0278,0.256
CLUBS SEVEN DIAMONDS QUEEN,0.6108,0.0068,0.3824
CLUBS SEVEN HEARTS TWO,0.7378,0.0236,0.2386
SPADES EIGHT HEARTS QUEEN,0.612,0.0052,0.3828
CLUBS SIX DIAMONDS QUEEN,0.6174,0.0086,0.374
CLUBS SIX HEARTS TWO,0.7528,0.0236,0.2236
SPADES EIGHT HEARTS KING,0.2792,0.2044,0.5164
HEARTS TWO SPADES SIX,0.7424,0.025,0.2326
DIAMONDS QUEEN SPADES SIX,0.628,0.007,0.365
HEARTS FOUR CLUBS QUEEN,0.6094,0.0086,0.382
DIAMONDS ACE CLUBS QUEEN,0.3776,0.006,0.6164
DIAMONDS QUEEN SPADES SEVEN,0.6274,0.008,0.3646
HEARTS TWO SPADES SEVEN,0.7506,0.0206,0.2288
DIAMONDS QUEEN SPADES EIGHT,0.6126,0.008,0.3794
SPADES EIGHT HEARTS TWO,0.7404,0.0276,0.232
HEARTS FOUR CLUBS ACE,0.3644,0.0056,0.63
DIAMONDS ACE CLUBS ACE,0.1402,0.0078,0.852
SPADES NINE DIAMONDS QUEEN,0.5958,0.0064,0.3978
SPADES NINE HEARTS TWO,0.7388,0.03,0.2312
HEARTS TWO SPADES TWO,0.3408,0.02,0.6392
DIAMONDS QUEEN SPADES TWO,0.7506,0.027,0.2224
HEARTS TWO SPADES THREE,0.7342,0.0298,0.236
DIAMONDS QUEEN SPADES THREE,0.6288,0.0106,0.3606
HEARTS TWO SPADES FOUR,0.732,0.0252,0.2428
DIAMONDS QUEEN SPADES FOUR,0.6078,0.0104,0.3818
HEARTS FOUR CLUBS TEN,0.6106,0.01,0.3794
CLUBS TEN DIAMONDS ACE,0.3786,0.0068,0.6146
HEARTS TWO SPADES FIVE,0.7272,0.0266,0.2462
DIAMONDS QUEEN SPADES FIVE,0.6108,0.0064,0.3828
HEARTS FOUR CLUBS JACK,0.612,0.0088,0.3792
DIAMONDS ACE CLUBS JACK,0.387,0.0058,0.6072
CLUBS FIVE CLUBS QUEEN,0.613,0.0076,0.3794
CLUBS FIVE CLUBS ACE,0.334,0.008,0.658
CLUBS FIVE CLUBS JACK,0.6098,0.0088,0.3814
CLUBS TEN CLUBS FIVE,0.6096,0.0106,0.3798
SPADES KING CLUBS JACK,0.2648,0.0852,0.65
SPADES QUEEN CLUBS JACK,0.5828,0.0084,0.4088
SPADES ACE CLUBS JACK,0.3764,0.0064,0.6172
SPADES SIX CLUBS QUEEN,0.611,0.009,0.38
SPADES EIGHT HEARTS JACK,0.5846,0.0088,0.4066
SPADES SIX CLUBS ACE,0.3808,0.0056,0.6136
SPADES EIGHT HEARTS TEN,0.5928,0.0056,0.4016
SPADES SIX CLUBS JACK,0.607,0.008,0.385
CLUBS TEN SPADES SIX,0.6068,0.009,0.3842
SPADES TEN CLUBS JACK,0.5582,0.0072,0.4346
SPADES JACK CLUBS JACK,0.318,0.0076,0.6744
SPADES QUEEN CLUBS SEVEN,0.602,0.0078,0.3902
SPADES KING CLUBS SEVEN,0.2538,0.2834,0.4628
SPADES ACE CLUBS SEVEN,0.3954,0.004,0.6006
SPADES SIX HEARTS TEN,0.599,0.0044,0.3966
SPADES SIX HEARTS JACK,0.6188,0.0052,0.376
SPADES SIX HEARTS ACE,0.3956,0.0044,0.6
SPADES SIX HEARTS KING,0.272,0.348,0.38
SPADES SIX HEARTS QUEEN,0.6162,0.0062,0.3776
CLUBS SEVEN SPADES JACK,0.5878,0.0084,0.4038
CLUBS SEVEN SPADES TEN,0.589,0.0056,0.4054
CLUBS TEN HEARTS SIX,0.5978,0.0096,0.3926
HEARTS SIX CLUBS JACK,0.6052,0.0078,0.387
CLUBS ACE CLUBS JACK,0.319,0.0062,0.6748
HEARTS SIX CLUBS QUEEN,0.6092,0.0082,0.3826
HEARTS SIX CLUBS ACE,0.3838,0.0064,0.6098
CLUBS QUEEN CLUBS JACK,0.5658,0.0086,0.4256
DIAMONDS THREE HEARTS ACE,0.385,0.0046,0.6104
DIAMONDS THREE HEARTS QUEEN,0.6254,0.0092,0.3654
DIAMONDS THREE HEARTS KING,0.2742,0.486,0.2398
CLUBS FIVE HEARTS JACK,0.6112,0.0112,0.3776
SPADES TEN DIAMONDS ACE,0.3962,0.0058,0.598
HEARTS FOUR SPADES TEN,0.6132,0.008,0.3788
CLUBS FIVE HEARTS TEN,0.6026,0.0084,0.389
HEARTS FOUR SPADES JACK,0.629,0.0082,0.3628
SPADES JACK DIAMONDS ACE,0.3826,0.0054,0.612
SPADES ACE HEARTS FOUR,0.3892,0.0058,0.605
SPADES ACE DIAMONDS ACE,0.1514,0.004,0.8446
CLUBS FIVE HEARTS ACE,0.3852,0.0064,0.6084
CLUBS FIVE HEARTS KING,0.2464,0.4404,0.3132
HEARTS FOUR SPADES QUEEN,0.6084,0.0086,0.383
SPADES QUEEN DIAMONDS ACE,0.3898,0.0048,0.6054
SPADES FOUR CLUBS JACK,0.6094,0.0088,0.3818
CLUBS FIVE HEARTS QUEEN,0.6064,0.0084,0.3852
SPADES KING DIAMONDS ACE,0.272,0.013,0.715
HEARTS FOUR SPADES KING,0.268,0.4658,0.2662
CLUBS TEN SPADES FOUR,0.6052,0.0102,0.3846
DIAMONDS QUEEN DIAMONDS ACE,0.3716,0.0062,0.6222
HEARTS TWO DIAMONDS ACE,0.2796,0.0156,0.7048
HEARTS FOUR DIAMONDS QUEEN,0.617,0.007,0.376
HEARTS FOUR HEARTS TWO,0.6702,0.0266,0.3032
DIAMONDS THREE HEARTS TEN,0.6246,0.0072,0.3682
HEARTS FIVE DIAMONDS QUEEN,0.6068,0.0062,0.387
HEARTS FIVE HEARTS TWO,0.6838,0.0242,0.292
DIAMONDS THREE HEARTS JACK,0.6282,0.0084,0.3634
SPADES FOUR CLUBS QUEEN,0.616,0.0088,0.3752
DIAMONDS QUEEN HEARTS TWO,0.748,0.0274,0.2246
DIAMONDS KING DIAMONDS QUEEN,0.2694,0.0548,0.6758
DIAMONDS KING HEARTS TWO,0.0732,0.9036,0.0232
HEARTS THREE DIAMONDS QUEEN,0.6334,0.0074,0.3592
HEARTS THREE HEARTS TWO,0.6858,0.0266,0.2876
SPADES FOUR CLUBS ACE,0.3792,0.0058,0.615
HEARTS TWO CLUBS ACE,0.2642,0.0188,0.717
DIAMONDS QUEEN CLUBS ACE,0.3846,0.0052,0.6102
HEARTS TWO CLUBS QUEEN,0.7462,0.0288,0.225
DIAMONDS QUEEN CLUBS QUEEN,0.3036,0.0062,0.6902
SPADES EIGHT SPADES FIVE,0.5598,0.0094,0.4308
CLUBS TEN HEARTS TWO,0.7388,0.0306,0.2306
CLUBS TEN DIAMONDS QUEEN,0.5668,0.009,0.4242
SPADES NINE SPADES FIVE,0.571,0.0078,0.4212
HEARTS TWO CLUBS JACK,0.7442,0.0262,0.2296
DIAMONDS QUEEN CLUBS JACK,0.58,0.007,0.413
SPADES SIX SPADES FIVE,0.5564,0.009,0.4346
SPADES SEVEN SPADES FIVE,0.5596,0.009,0.4314
DIAMONDS FIVE CLUBS QUEEN,0.6222,0.0078,0.37
SPADES EIGHT CLUBS ACE,0.3834,0.0028,0.6138
DIAMONDS FIVE CLUBS ACE,0.379,0.0038,0.6172
SPADES EIGHT CLUBS QUEEN,0.593,0.0068,0.4002
SPADES EIGHT CLUBS JACK,0.5748,0.0088,0.4164
CLUBS TEN SPADES EIGHT,0.5852,0.0096,0.4052
CLUBS TEN DIAMONDS FIVE,0.6182,0.0082,0.3736
DIAMONDS FIVE CLUBS JACK,0.6158,0.0086,0.3756
HEARTS JACK DIAMONDS TEN,0.5768,0.006,0.4172
DIAMONDS TEN HEARTS TEN,0.3192,0.0088,0.672
SPADES ACE CLUBS NINE,0.3922,0.0038,0.604
CLUBS NINE SPADES QUEEN,0.5844,0.0088,0.4068
CLUBS NINE SPADES KING,0.271,0.1484,0.5806
HEARTS SIX HEARTS KING,0.254,0.3424,0.4036
DIAMONDS KING SPADES SEVEN,0.2696,0.2808,0.4496
HEARTS THREE SPADES SEVEN,0.613,0.009,0.378
SPADES KING DIAMONDS SEVEN,0.2538,0.2722,0.474
HEARTS SIX HEARTS QUEEN,0.5726,0.0078,0.4196
SPADES QUEEN DIAMONDS SEVEN,0.6238,0.0072,0.369
HEARTS THREE SPADES SIX,0.628,0.0084,0.3636
DIAMONDS KING SPADES SIX,0.2636,0.3524,0.384
DIAMONDS KING SPADES NINE,0.2724,0.1516,0.576
HEARTS THREE SPADES NINE,0.63,0.0094,0.3606
HEARTS SIX HEARTS ACE,0.3708,0.007,0.6222
DIAMONDS KING SPADES EIGHT,0.2748,0.2194,0.5058
HEARTS THREE SPADES EIGHT,0.6338,0.0094,0.3568
SPADES ACE DIAMONDS SEVEN,0.3896,0.0038,0.6066
CLUBS NINE HEARTS THREE,0.6166,0.008,0.3754
CLUBS NINE DIAMONDS KING,0.258,0.1578,0.5842
HEARTS THREE CLUBS EIGHT,0.6058,0.0096,0.3846
CLUBS EIGHT DIAMONDS KING,0.2622,0.215,0.5228
HEARTS THREE SPADES THREE,0.3792,0.0226,0.5982
DIAMONDS KING SPADES THREE,0.2682,0.4804,0.2514
HEARTS THREE SPADES TWO,0.7366,0.0272,0.2362
DIAMONDS KING SPADES TWO,0.0706,0.9084,0.021
HEARTS THREE SPADES FIVE,0.6004,0.007,0.3926
DIAMONDS KING SPADES FIVE,0.2662,0.4428,0.291
HEARTS THREE SPADES FOUR,0.619,0.0084,0.3726
