opposingHand,winningChance,drawChance,lostChance
CLUBS EIGHT SPADES JACK
SPADES TEN HEARTS FIVE,0.6404,0.0134,0.3462
SPADES FIVE CLUBS JACK,0.5416,0.2428,0.2156
CLUBS TEN SPADES FIVE,0.6562,0.021,0.3228
SPADES FIVE CLUBS ACE,0.4016,0.0042,0.5942
SPADES FIVE CLUBS KING,0.4172,0.0082,0.5746
SPADES FIVE CLUBS QUEEN,0.4104,0.0102,0.5794
DIAMONDS TWO DIAMONDS THREE,0.608,0.0196,0.3724
DIAMONDS TWO DIAMONDS FIVE,0.5868,0.0144,0.3988
SPADES KING HEARTS FIVE,0.4158,0.0046,0.5796
DIAMONDS TWO DIAMONDS FOUR,0.5796,0.0166,0.4038
SPADES QUEEN HEARTS FIVE,0.4022,0.0108,0.587
DIAMONDS TWO DIAMONDS SEVEN,0.6274,0.0158,0.3568
DIAMONDS TWO DIAMONDS SIX,0.6092,0.0168,0.374
SPADES ACE HEARTS FIVE,0.4142,0.0034,0.5824
DIAMONDS TWO DIAMONDS NINE,0.6042,0.0158,0.38
DIAMONDS TWO DIAMONDS EIGHT,0.6678,0.0614,0.2708
DIAMONDS THREE DIAMONDS FOUR,0.5946,0.0148,0.3906
CLUBS TWO SPADES FOUR,0.6478,0.0198,0.3324
DIAMONDS THREE DIAMONDS FIVE,0.5774,0.0152,0.4074
CLUBS TWO SPADES FIVE,0.6526,0.0196,0.3278
CLUBS TWO SPADES TWO,0.4578,0.0404,0.5018
CLUBS TWO SPADES THREE,0.666,0.0212,0.3128
DIAMONDS THREE DIAMONDS EIGHT,0.6692,0.0626,0.2682
SPADES EIGHT CLUBS TWO,0.7208,0.0692,0.21
DIAMONDS THREE DIAMONDS NINE,0.5984,0.0204,0.3812
SPADES NINE CLUBS TWO,0.6624,0.0194,0.3182
DIAMONDS THREE DIAMONDS SIX,0.5846,0.0184,0.397
CLUBS TWO SPADES SIX,0.6594,0.0168,0.3238
DIAMONDS THREE DIAMONDS SEVEN,0.6072,0.0184,0.3744
SPADES SEVEN CLUBS TWO,0.6882,0.0198,0.292
CLUBS SIX CLUBS TWO,0.6266,0.019,0.3544
CLUBS SEVEN CLUBS TWO,0.6338,0.0188,0.3474
CLUBS FOUR CLUBS TWO,0.6166,0.0172,0.3662
CLUBS FIVE CLUBS TWO,0.6172,0.0166,0.3662
CLUBS TEN CLUBS JACK,0.217,0.1142,0.6688
DIAMONDS FOUR DIAMONDS SIX,0.5914,0.015,0.3936
CLUBS TEN CLUBS QUEEN,0.3286,0.0108,0.6606
DIAMONDS FOUR DIAMONDS SEVEN,0.5912,0.0154,0.3934
CLUBS TEN CLUBS KING,0.3474,0.007,0.6456
CLUBS TEN CLUBS ACE,0.3534,0.0026,0.644
DIAMONDS FIVE DIAMONDS FOUR,0.562,0.0174,0.4206
CLUBS NINE CLUBS TWO,0.605,0.0196,0.3754
DIAMONDS NINE DIAMONDS FOUR,0.6,0.0192,0.3808
DIAMONDS EIGHT DIAMONDS FOUR,0.6518,0.0644,0.2838
CLUBS TWO CLUBS THREE,0.616,0.0174,0.3666
DIAMONDS NINE DIAMONDS FIVE,0.5794,0.0152,0.4054
DIAMONDS TWO CLUBS JACK,0.5504,0.2304,0.2192
DIAMONDS EIGHT DIAMONDS FIVE,0.6348,0.0602,0.305
CLUBS TEN DIAMONDS TWO,0.6456,0.0194,0.335
DIAMONDS FIVE DIAMONDS SEVEN,0.5826,0.0166,0.4008
DIAMONDS FIVE DIAMONDS SIX,0.5748,0.0166,0.4086
DIAMONDS TWO CLUBS ACE,0.4116,0.0042,0.5842
DIAMONDS TWO CLUBS KING,0.4272,0.0084,0.5644
DIAMONDS TWO CLUBS QUEEN,0.4264,0.0122,0.5614
DIAMONDS EIGHT DIAMONDS SIX,0.6412,0.0602,0.2986
DIAMONDS NINE DIAMONDS SIX,0.586,0.0142,0.3998
HEARTS ACE SPADES THREE,0.413,0.0046,0.5824
HEARTS KING SPADES THREE,0.4328,0.0066,0.5606
DIAMONDS SEVEN DIAMONDS SIX,0.5836,0.0154,0.401
SPADES THREE HEARTS QUEEN,0.425,0.009,0.566
SPADES THREE HEARTS JACK,0.5586,0.2212,0.2202
SPADES THREE HEARTS TEN,0.6498,0.017,0.3332
DIAMONDS EIGHT DIAMONDS SEVEN,0.627,0.0504,0.3226
DIAMONDS NINE DIAMONDS SEVEN,0.5752,0.0168,0.408
DIAMONDS NINE DIAMONDS EIGHT,0.6418,0.054,0.3042
DIAMONDS KING HEARTS TEN,0.3568,0.0056,0.6376
HEARTS THREE HEARTS TEN,0.6026,0.014,0.3834
DIAMONDS KING HEARTS JACK,0.247,0.0276,0.7254
HEARTS THREE HEARTS JACK,0.5114,0.2156,0.273
CLUBS SIX SPADES TEN,0.6554,0.017,0.3276
SPADES TEN SPADES FIVE,0.6268,0.017,0.3562
DIAMONDS KING HEARTS ACE,0.3444,0.0034,0.6522
HEARTS THREE HEARTS ACE,0.3952,0.004,0.6008
SPADES ACE CLUBS SIX,0.404,0.0048,0.5912
DIAMONDS KING HEARTS QUEEN,0.3312,0.0038,0.665
HEARTS THREE HEARTS QUEEN,0.412,0.0088,0.5792
SPADES KING CLUBS SIX,0.4172,0.007,0.5758
DIAMONDS KING HEARTS KING,0.169,0.0062,0.8248
HEARTS THREE HEARTS KING,0.3902,0.0082,0.6016
SPADES QUEEN CLUBS SIX,0.4072,0.009,0.5838
SPADES NINE HEARTS TEN,0.5722,0.0186,0.4092
SPADES NINE HEARTS JACK,0.2246,0.1826,0.5928
SPADES QUEEN SPADES FIVE,0.3954,0.01,0.5946
SPADES KING SPADES FIVE,0.3976,0.0062,0.5962
SPADES ACE SPADES FIVE,0.3992,0.0058,0.595
SPADES NINE HEARTS QUEEN,0.361,0.0104,0.6286
SPADES NINE HEARTS KING,0.3788,0.0072,0.614
SPADES NINE HEARTS ACE,0.3798,0.0036,0.6166
CLUBS TEN SPADES TEN,0.2856,0.0214,0.693
SPADES ACE CLUBS TEN,0.3568,0.0038,0.6394
SPADES KING CLUBS TEN,0.3436,0.0062,0.6502
CLUBS TEN SPADES QUEEN,0.3272,0.0096,0.6632
SPADES FIVE HEARTS QUEEN,0.4274,0.0112,0.5614
SPADES FIVE HEARTS KING,0.4106,0.0042,0.5852
SPADES FIVE HEARTS ACE,0.4094,0.004,0.5866
HEARTS THREE SPADES TEN,0.6492,0.0154,0.3354
SPADES TEN DIAMONDS KING,0.3568,0.0058,0.6374
HEARTS FIVE CLUBS JACK,0.545,0.2272,0.2278
CLUBS SIX HEARTS ACE,0.4162,0.0042,0.5796
CLUBS TEN HEARTS FIVE,0.6228,0.0172,0.36
CLUBS TEN SPADES THREE,0.6558,0.0184,0.3258
CLUBS SIX HEARTS QUEEN,0.4124,0.0106,0.577
SPADES THREE CLUBS JACK,0.5554,0.2218,0.2228
CLUBS SIX HEARTS KING,0.4134,0.006,0.5806
DIAMONDS TWO HEARTS JACK,0.5568,0.2192,0.224
SPADES THREE CLUBS QUEEN,0.434,0.0116,0.5544
DIAMONDS TWO HEARTS TEN,0.6488,0.0192,0.332
SPADES THREE CLUBS KING,0.426,0.0062,0.5678
HEARTS FIVE CLUBS ACE,0.4042,0.0048,0.591
SPADES FIVE HEARTS TEN,0.6428,0.0164,0.3408
SPADES THREE CLUBS ACE,0.4238,0.005,0.5712
HEARTS FIVE CLUBS KING,0.3996,0.0074,0.593
SPADES FIVE HEARTS JACK,0.548,0.2176,0.2344
HEARTS FIVE CLUBS QUEEN,0.4102,0.0098,0.58
HEARTS THREE CLUBS KING,0.409,0.0068,0.5842
DIAMONDS KING CLUBS KING,0.1496,0.0088,0.8416
HEARTS THREE CLUBS QUEEN,0.4128,0.0118,0.5754
DIAMONDS KING CLUBS QUEEN,0.3322,0.0064,0.6614
HEARTS FIVE HEARTS JACK,0.5102,0.2062,0.2836
HEARTS FIVE HEARTS TEN,0.6074,0.0138,0.3788
HEARTS THREE CLUBS ACE,0.4,0.0056,0.5944
DIAMONDS KING CLUBS ACE,0.3392,0.0052,0.6556
SPADES ACE CLUBS QUEEN,0.3358,0.0046,0.6596
SPADES KING CLUBS QUEEN,0.313,0.0094,0.6776
HEARTS THREE CLUBS JACK,0.5568,0.22,0.2232
DIAMONDS KING CLUBS JACK,0.2404,0.0294,0.7302
SPADES QUEEN CLUBS QUEEN,0.1458,0.0116,0.8426
CLUBS TEN HEARTS THREE,0.648,0.0168,0.3352
CLUBS TEN DIAMONDS KING,0.3536,0.0062,0.6402
CLUBS SIX CLUBS QUEEN,0.3994,0.0134,0.5872
SPADES TEN CLUBS QUEEN,0.3432,0.0112,0.6456
CLUBS SIX CLUBS KING,0.3966,0.0052,0.5982
CLUBS SIX CLUBS ACE,0.3996,0.0052,0.5952
HEARTS FIVE HEARTS KING,0.3966,0.0064,0.597
HEARTS FIVE HEARTS QUEEN,0.3992,0.012,0.5888
CLUBS TEN CLUBS SIX,0.602,0.0188,0.3792
HEARTS FIVE HEARTS ACE,0.3826,0.0048,0.6126
CLUBS SIX CLUBS JACK,0.5244,0.2196,0.256
SPADES SEVEN HEARTS JACK,0.5466,0.2272,0.2262
SPADES SEVEN HEARTS TEN,0.6364,0.0192,0.3444
DIAMONDS TWO CLUBS TWO,0.4524,0.039,0.5086
DIAMONDS TWO CLUBS THREE,0.648,0.0194,0.3326
HEARTS SIX DIAMONDS TWO,0.6492,0.0196,0.3312
DIAMONDS TWO HEARTS QUEEN,0.417,0.012,0.571
DIAMONDS TWO HEARTS SEVEN,0.6664,0.0168,0.3168
DIAMONDS TWO HEARTS KING,0.4186,0.0066,0.5748
DIAMONDS TWO HEARTS EIGHT,0.7168,0.062,0.2212
DIAMONDS TWO HEARTS ACE,0.419,0.0024,0.5786
DIAMONDS TWO HEARTS NINE,0.6396,0.0166,0.3438
DIAMONDS TWO DIAMONDS QUEEN,0.4006,0.0106,0.5888
DIAMONDS TWO HEARTS TWO,0.458,0.0404,0.5016
DIAMONDS TWO DIAMONDS KING,0.3956,0.0084,0.596
HEARTS THREE DIAMONDS TWO,0.6436,0.0188,0.3376
DIAMONDS TWO DIAMONDS ACE,0.3926,0.0048,0.6026
HEARTS FOUR DIAMONDS TWO,0.6276,0.0214,0.351
DIAMONDS TWO HEARTS FIVE,0.6194,0.0204,0.3602
SPADES SEVEN HEARTS ACE,0.4092,0.0034,0.5874
DIAMONDS TWO DIAMONDS TEN,0.5974,0.0164,0.3862
SPADES SEVEN HEARTS KING,0.4262,0.0056,0.5682
DIAMONDS TWO DIAMONDS JACK,0.524,0.204,0.272
SPADES SEVEN HEARTS QUEEN,0.4074,0.0076,0.585
DIAMONDS TWO SPADES NINE,0.6606,0.017,0.3224
DIAMONDS TWO SPADES EIGHT,0.723,0.0628,0.2142
DIAMONDS TWO SPADES SEVEN,0.671,0.0168,0.3122
DIAMONDS TWO SPADES SIX,0.6692,0.0192,0.3116
DIAMONDS TWO SPADES FIVE,0.6458,0.018,0.3362
DIAMONDS TWO SPADES FOUR,0.6452,0.0162,0.3386
DIAMONDS TWO SPADES THREE,0.6396,0.0208,0.3396
DIAMONDS TWO SPADES TWO,0.4512,0.0388,0.51
CLUBS NINE DIAMONDS TWO,0.64,0.0182,0.3418
DIAMONDS TWO CLUBS SEVEN,0.682,0.019,0.299
CLUBS SIX DIAMONDS TWO,0.6636,0.0182,0.3182
DIAMONDS TWO CLUBS FIVE,0.6402,0.0184,0.3414
DIAMONDS TWO CLUBS FOUR,0.6456,0.0188,0.3356
CLUBS FOUR SPADES FIVE,0.6184,0.0174,0.3642
CLUBS FOUR SPADES FOUR,0.4344,0.0382,0.5274
CLUBS FOUR SPADES THREE,0.6406,0.0208,0.3386
CLUBS FOUR SPADES TWO,0.64,0.0172,0.3428
SPADES NINE CLUBS FOUR,0.6524,0.0174,0.3302
CLUBS FOUR SPADES EIGHT,0.7074,0.0646,0.228
CLUBS FOUR SPADES SEVEN,0.6486,0.0224,0.329
CLUBS FOUR SPADES SIX,0.6256,0.0186,0.3558
SPADES ACE DIAMONDS SIX,0.4218,0.0044,0.5738
SPADES QUEEN DIAMONDS SIX,0.4088,0.0104,0.5808
SPADES KING DIAMONDS SIX,0.4148,0.0088,0.5764
SPADES TEN DIAMONDS SIX,0.6496,0.015,0.3354
SPADES QUEEN SPADES TWO,0.4,0.0106,0.5894
SPADES KING SPADES TWO,0.389,0.0064,0.6046
SPADES ACE SPADES TWO,0.4068,0.0036,0.5896
DIAMONDS JACK CLUBS JACK,0.1148,0.0364,0.8488
CLUBS TEN DIAMONDS JACK,0.226,0.1164,0.6576
DIAMONDS JACK CLUBS KING,0.2288,0.0286,0.7426
DIAMONDS JACK CLUBS QUEEN,0.2392,0.04,0.7208
DIAMONDS THREE DIAMONDS JACK,0.537,0.1998,0.2632
DIAMONDS THREE DIAMONDS TEN,0.5984,0.0144,0.3872
DIAMONDS JACK CLUBS ACE,0.2616,0.0178,0.7206
DIAMONDS THREE DIAMONDS KING,0.4,0.007,0.593
HEARTS THREE DIAMONDS THREE,0.4508,0.0378,0.5114
DIAMONDS THREE DIAMONDS QUEEN,0.3904,0.0102,0.5994
DIAMONDS THREE HEARTS TWO,0.6494,0.0222,0.3284
HEARTS FIVE DIAMONDS THREE,0.6292,0.015,0.3558
DIAMONDS THREE DIAMONDS ACE,0.4076,0.0022,0.5902
HEARTS FOUR DIAMONDS THREE,0.638,0.0158,0.3462
DIAMONDS THREE HEARTS SEVEN,0.6466,0.0178,0.3356
SPADES TEN SPADES NINE,0.5454,0.0152,0.4394
HEARTS SIX DIAMONDS THREE,0.6376,0.019,0.3434
DIAMONDS THREE HEARTS NINE,0.6424,0.0172,0.3404
HEARTS JACK DIAMONDS FOUR,0.5514,0.223,0.2256
HEARTS KING HEARTS ACE,0.3208,0.004,0.6752
SPADES TEN SPADES TWO,0.622,0.0168,0.3612
DIAMONDS THREE HEARTS EIGHT,0.6958,0.0628,0.2414
HEARTS TEN DIAMONDS FOUR,0.6394,0.0152,0.3454
HEARTS QUEEN DIAMONDS FOUR,0.4148,0.0108,0.5744
HEARTS KING DIAMONDS FOUR,0.4148,0.0072,0.578
SPADES ACE SPADES NINE,0.3548,0.0048,0.6404
HEARTS ACE DIAMONDS FOUR,0.4216,0.0026,0.5758
SPADES KING SPADES NINE,0.3496,0.0056,0.6448
SPADES QUEEN SPADES NINE,0.3364,0.0118,0.6518
DIAMONDS THREE SPADES NINE,0.6574,0.0162,0.3264
DIAMONDS THREE SPADES EIGHT,0.7252,0.0654,0.2094
DIAMONDS THREE SPADES SEVEN,0.657,0.0148,0.3282
DIAMONDS THREE SPADES SIX,0.6374,0.0186,0.344
CLUBS SIX DIAMONDS THREE,0.641,0.0172,0.3418
CLUBS ACE DIAMONDS FOUR,0.4096,0.005,0.5854
CLUBS SIX CLUBS FIVE,0.5862,0.0164,0.3974
CLUBS SEVEN CLUBS FIVE,0.6048,0.0148,0.3804
CLUBS SEVEN DIAMONDS THREE,0.6524,0.0212,0.3264
DIAMONDS THREE CLUBS FOUR,0.6406,0.0162,0.3432
DIAMONDS FOUR CLUBS QUEEN,0.4232,0.0098,0.567
DIAMONDS THREE CLUBS FIVE,0.6346,0.019,0.3464
CLUBS KING DIAMONDS FOUR,0.4062,0.0084,0.5854
DIAMONDS THREE CLUBS TWO,0.6372,0.0184,0.3444
CLUBS TEN DIAMONDS FOUR,0.626,0.0182,0.3558
DIAMONDS THREE CLUBS THREE,0.449,0.0444,0.5066
DIAMONDS FOUR CLUBS JACK,0.547,0.2268,0.2262
DIAMONDS THREE SPADES FOUR,0.6354,0.0174,0.3472
DIAMONDS THREE SPADES FIVE,0.6248,0.022,0.3532
DIAMONDS THREE SPADES TWO,0.6394,0.0166,0.344
DIAMONDS THREE SPADES THREE,0.4414,0.035,0.5236
CLUBS NINE DIAMONDS THREE,0.641,0.0162,0.3428
SPADES SEVEN CLUBS ACE,0.4106,0.0044,0.585
SPADES SEVEN CLUBS QUEEN,0.4228,0.0096,0.5676
SPADES SEVEN CLUBS KING,0.417,0.0088,0.5742
CLUBS FIVE SPADES SEVEN,0.6388,0.0162,0.345
CLUBS TEN SPADES SEVEN,0.622,0.0176,0.3604
CLUBS FIVE SPADES SIX,0.622,0.0192,0.3588
SPADES SEVEN CLUBS JACK,0.5562,0.2244,0.2194
SPADES NINE CLUBS FIVE,0.638,0.0182,0.3438
SPADES EIGHT CLUBS FIVE,0.7014,0.0646,0.234
CLUBS FIVE SPADES THREE,0.6234,0.0204,0.3562
CLUBS FIVE SPADES TWO,0.6422,0.0168,0.341
CLUBS FIVE SPADES FIVE,0.4446,0.0364,0.519
CLUBS FIVE SPADES FOUR,0.6324,0.0184,0.3492
CLUBS NINE CLUBS FIVE,0.5972,0.0174,0.3854
CLUBS ACE CLUBS QUEEN,0.3274,0.0054,0.6672
CLUBS KING CLUBS QUEEN,0.306,0.007,0.687
DIAMONDS TEN DIAMONDS FOUR,0.6002,0.0154,0.3844
CLUBS TEN DIAMONDS NINE,0.5746,0.0148,0.4106
DIAMONDS JACK DIAMONDS FOUR,0.5092,0.2142,0.2766
DIAMONDS NINE CLUBS JACK,0.224,0.1738,0.6022
SPADES NINE CLUBS JACK,0.2252,0.166,0.6088
CLUBS TEN SPADES NINE,0.5632,0.0134,0.4234
DIAMONDS ACE DIAMONDS FOUR,0.397,0.0036,0.5994
HEARTS FOUR DIAMONDS FOUR,0.4426,0.037,0.5204
DIAMONDS JACK HEARTS TEN,0.2382,0.1196,0.6422
SPADES NINE CLUBS KING,0.3684,0.0084,0.6232
DIAMONDS TWO SPADES TEN,0.6448,0.0186,0.3366
DIAMONDS NINE CLUBS ACE,0.3708,0.004,0.6252
HEARTS FIVE DIAMONDS FOUR,0.6078,0.0136,0.3786
HEARTS JACK DIAMONDS JACK,0.1222,0.035,0.8428
SPADES NINE CLUBS QUEEN,0.3514,0.0112,0.6374
DIAMONDS QUEEN DIAMONDS FOUR,0.394,0.0114,0.5946
HEARTS TWO DIAMONDS FOUR,0.6234,0.0174,0.3592
DIAMONDS NINE CLUBS QUEEN,0.36,0.01,0.63
DIAMONDS KING DIAMONDS FOUR,0.3958,0.0058,0.5984
HEARTS THREE DIAMONDS FOUR,0.6316,0.0148,0.3536
SPADES NINE CLUBS ACE,0.3718,0.0048,0.6234
DIAMONDS NINE CLUBS KING,0.3726,0.0062,0.6212
HEARTS ACE DIAMONDS JACK,0.2662,0.0152,0.7186
SPADES ACE DIAMONDS TWO,0.4204,0.0052,0.5744
DIAMONDS JACK HEARTS QUEEN,0.2364,0.039,0.7246
SPADES QUEEN DIAMONDS TWO,0.4238,0.0114,0.5648
HEARTS KING DIAMONDS JACK,0.2324,0.0276,0.74
SPADES KING DIAMONDS TWO,0.4254,0.0056,0.569
SPADES TEN SPADES SEVEN,0.591,0.0172,0.3918
CLUBS SEVEN CLUBS THREE,0.6306,0.022,0.3474
CLUBS SIX CLUBS THREE,0.6164,0.0138,0.3698
CLUBS FIVE CLUBS THREE,0.5946,0.017,0.3884
CLUBS FOUR CLUBS THREE,0.5918,0.0186,0.3896
CLUBS NINE CLUBS THREE,0.6224,0.0166,0.361
CLUBS THREE SPADES FIVE,0.6294,0.0206,0.35
CLUBS THREE SPADES FOUR,0.6456,0.0182,0.3362
CLUBS THREE SPADES THREE,0.4598,0.0404,0.4998
CLUBS THREE SPADES TWO,0.6504,0.0188,0.3308
SPADES SIX CLUBS THREE,0.6494,0.0168,0.3338
SPADES SEVEN CLUBS THREE,0.6608,0.02,0.3192
SPADES EIGHT CLUBS THREE,0.7254,0.06,0.2146
SPADES NINE CLUBS THREE,0.6398,0.0174,0.3428
SPADES TWO DIAMONDS FOUR,0.6506,0.0194,0.33
SPADES THREE DIAMONDS FOUR,0.6234,0.0152,0.3614
SPADES FOUR DIAMONDS FOUR,0.4502,0.0368,0.513
SPADES FIVE DIAMONDS FOUR,0.6168,0.0192,0.364
SPADES SIX DIAMONDS FOUR,0.6318,0.0186,0.3496
SPADES SEVEN DIAMONDS FOUR,0.6376,0.0188,0.3436
SPADES EIGHT DIAMONDS FOUR,0.6914,0.0588,0.2498
SPADES NINE DIAMONDS FOUR,0.6572,0.0174,0.3254
CLUBS FIVE DIAMONDS FOUR,0.6284,0.0178,0.3538
CLUBS FOUR DIAMONDS FOUR,0.4404,0.0324,0.5272
CLUBS SEVEN DIAMONDS FOUR,0.6326,0.0216,0.3458
CLUBS SIX DIAMONDS FOUR,0.636,0.0158,0.3482
CLUBS NINE DIAMONDS FOUR,0.638,0.0156,0.3464
DIAMONDS FOUR HEARTS SEVEN,0.6392,0.014,0.3468
HEARTS SIX DIAMONDS FOUR,0.6264,0.0172,0.3564
HEARTS NINE DIAMONDS FOUR,0.6528,0.0152,0.332
DIAMONDS FOUR HEARTS EIGHT,0.6948,0.0588,0.2464
CLUBS THREE DIAMONDS FOUR,0.6316,0.0162,0.3522
CLUBS TWO DIAMONDS FOUR,0.6524,0.0178,0.3298
DIAMONDS TEN DIAMONDS FIVE,0.604,0.0158,0.3802
DIAMONDS JACK DIAMONDS FIVE,0.5042,0.2186,0.2772
DIAMONDS NINE HEARTS QUEEN,0.346,0.009,0.645
HEARTS KING DIAMONDS NINE,0.3718,0.0064,0.6218
DIAMONDS NINE HEARTS ACE,0.3856,0.0034,0.611
DIAMONDS NINE HEARTS TEN,0.58,0.0126,0.4074
DIAMONDS NINE HEARTS JACK,0.227,0.1726,0.6004
CLUBS KING DIAMONDS SIX,0.406,0.0062,0.5878
CLUBS QUEEN DIAMONDS SIX,0.4166,0.0128,0.5706
CLUBS ACE DIAMONDS SIX,0.4064,0.004,0.5896
SPADES KING DIAMONDS FOUR,0.4132,0.0094,0.5774
SPADES ACE SPADES SEVEN,0.3864,0.005,0.6086
SPADES QUEEN DIAMONDS FOUR,0.4252,0.0126,0.5622
SPADES QUEEN SPADES SEVEN,0.405,0.0136,0.5814
CLUBS JACK DIAMONDS SIX,0.5536,0.2198,0.2266
SPADES KING SPADES SEVEN,0.395,0.006,0.599
SPADES ACE DIAMONDS FOUR,0.416,0.0054,0.5786
CLUBS TEN DIAMONDS SIX,0.6422,0.0156,0.3422
CLUBS NINE CLUBS FOUR,0.6016,0.0172,0.3812
SPADES TEN DIAMONDS FOUR,0.6528,0.0142,0.333
CLUBS FOUR CLUBS FIVE,0.571,0.0162,0.4128
CLUBS SEVEN CLUBS FOUR,0.6128,0.0172,0.37
CLUBS SIX CLUBS FOUR,0.6058,0.0158,0.3784
CLUBS SEVEN SPADES EIGHT,0.6782,0.0606,0.2612
CLUBS SEVEN SPADES NINE,0.6164,0.0182,0.3654
CLUBS SEVEN SPADES SIX,0.6256,0.017,0.3574
CLUBS SEVEN SPADES SEVEN,0.4416,0.0318,0.5266
CLUBS SEVEN SPADES FIVE,0.6298,0.016,0.3542
CLUBS SEVEN SPADES FOUR,0.6454,0.0204,0.3342
CLUBS SEVEN SPADES THREE,0.6648,0.0204,0.3148
CLUBS SEVEN SPADES TWO,0.6652,0.0226,0.3122
CLUBS NINE CLUBS SEVEN,0.5788,0.0138,0.4074
HEARTS SIX DIAMONDS FIVE,0.6156,0.0168,0.3676
DIAMONDS FIVE HEARTS SEVEN,0.6286,0.0184,0.353
DIAMONDS FIVE HEARTS EIGHT,0.6714,0.0548,0.2738
HEARTS NINE DIAMONDS FIVE,0.6256,0.0152,0.3592
DIAMONDS QUEEN DIAMONDS FIVE,0.3956,0.0088,0.5956
HEARTS TWO DIAMONDS FIVE,0.6422,0.0178,0.34
HEARTS KING HEARTS EIGHT,0.2538,0.0332,0.713
DIAMONDS KING DIAMONDS FIVE,0.3894,0.0068,0.6038
HEARTS THREE DIAMONDS FIVE,0.6216,0.02,0.3584
HEARTS QUEEN HEARTS EIGHT,0.2398,0.0366,0.7236
DIAMONDS ACE DIAMONDS FIVE,0.3838,0.0054,0.6108
HEARTS FOUR DIAMONDS FIVE,0.6086,0.0176,0.3738
HEARTS FIVE DIAMONDS FIVE,0.4372,0.0308,0.532
HEARTS ACE HEARTS EIGHT,0.2642,0.0184,0.7174
CLUBS FOUR DIAMONDS FIVE,0.6106,0.0216,0.3678
CLUBS FIVE DIAMONDS FIVE,0.4404,0.0358,0.5238
CLUBS SIX DIAMONDS FIVE,0.6184,0.02,0.3616
CLUBS SEVEN DIAMONDS FIVE,0.6346,0.0192,0.3462
CLUBS TWO DIAMONDS FIVE,0.6472,0.0186,0.3342
CLUBS THREE DIAMONDS FIVE,0.6248,0.0202,0.355
SPADES THREE DIAMONDS FIVE,0.628,0.0152,0.3568
SPADES TWO DIAMONDS FIVE,0.6386,0.0172,0.3442
SPADES FIVE DIAMONDS FIVE,0.436,0.0358,0.5282
CLUBS TEN HEARTS JACK,0.221,0.1214,0.6576
SPADES TEN DIAMONDS EIGHT,0.7,0.0516,0.2484
SPADES FOUR DIAMONDS FIVE,0.612,0.018,0.37
HEARTS JACK CLUBS JACK,0.1136,0.0392,0.8472
HEARTS JACK CLUBS QUEEN,0.239,0.0382,0.7228
CLUBS NINE DIAMONDS FIVE,0.6234,0.0176,0.359
HEARTS JACK CLUBS KING,0.2352,0.027,0.7378
HEARTS JACK CLUBS ACE,0.2534,0.0186,0.728
SPADES SEVEN DIAMONDS FIVE,0.6202,0.0196,0.3602
SPADES KING DIAMONDS EIGHT,0.2638,0.0346,0.7016
SPADES SIX DIAMONDS FIVE,0.6206,0.0206,0.3588
SPADES QUEEN DIAMONDS EIGHT,0.2518,0.0402,0.708
SPADES NINE DIAMONDS FIVE,0.6388,0.0168,0.3444
SPADES EIGHT DIAMONDS FIVE,0.6906,0.056,0.2534
SPADES ACE DIAMONDS EIGHT,0.2612,0.0198,0.719
DIAMONDS TEN DIAMONDS SIX,0.6012,0.015,0.3838
HEARTS ACE DIAMONDS SEVEN,0.397,0.0044,0.5986
DIAMONDS JACK DIAMONDS SIX,0.519,0.206,0.275
HEARTS QUEEN DIAMONDS SEVEN,0.4146,0.0102,0.5752
HEARTS KING DIAMONDS SEVEN,0.4,0.0074,0.5926
DIAMONDS ACE DIAMONDS SIX,0.386,0.0022,0.6118
HEARTS FOUR DIAMONDS SIX,0.6252,0.0208,0.354
HEARTS JACK SPADES TWO,0.5654,0.2278,0.2068
HEARTS FIVE DIAMONDS SIX,0.6086,0.018,0.3734
SPADES TWO HEARTS TEN,0.6514,0.018,0.3306
DIAMONDS QUEEN DIAMONDS SIX,0.3876,0.008,0.6044
HEARTS TWO DIAMONDS SIX,0.6408,0.0198,0.3394
DIAMONDS KING DIAMONDS SIX,0.4006,0.0082,0.5912
HEARTS THREE DIAMONDS SIX,0.6494,0.0172,0.3334
HEARTS EIGHT DIAMONDS SIX,0.692,0.059,0.249
HEARTS NINE DIAMONDS SIX,0.6168,0.0164,0.3668
HEARTS SIX DIAMONDS SIX,0.4352,0.031,0.5338
HEARTS SEVEN DIAMONDS SIX,0.6244,0.0154,0.3602
HEARTS TEN DIAMONDS SEVEN,0.625,0.0156,0.3594
CLUBS TWO DIAMONDS SIX,0.651,0.0164,0.3326
HEARTS JACK DIAMONDS SEVEN,0.556,0.2216,0.2224
CLUBS THREE DIAMONDS SIX,0.6438,0.0172,0.339
DIAMONDS EIGHT CLUBS JACK,0.0122,0.971,0.0168
CLUBS SEVEN DIAMONDS SIX,0.615,0.0214,0.3636
CLUBS SIX DIAMONDS SIX,0.4402,0.0328,0.527
CLUBS TEN DIAMONDS EIGHT,0.6936,0.0518,0.2546
CLUBS FIVE DIAMONDS SIX,0.6138,0.0184,0.3678
CLUBS FOUR DIAMONDS SIX,0.6316,0.0142,0.3542
HEARTS ACE HEARTS JACK,0.2362,0.0184,0.7454
DIAMONDS EIGHT CLUBS ACE,0.2676,0.0236,0.7088
HEARTS JACK HEARTS QUEEN,0.2292,0.039,0.7318
DIAMONDS EIGHT CLUBS KING,0.2602,0.0302,0.7096
CLUBS NINE DIAMONDS SIX,0.6246,0.0162,0.3592
HEARTS KING HEARTS JACK,0.231,0.0288,0.7402
DIAMONDS EIGHT CLUBS QUEEN,0.246,0.0444,0.7096
SPADES TEN HEARTS KING,0.3624,0.0054,0.6322
SPADES FIVE DIAMONDS SIX,0.6174,0.02,0.3626
HEARTS ACE SPADES TWO,0.4184,0.0042,0.5774
SPADES FOUR DIAMONDS SIX,0.625,0.0206,0.3544
SPADES THREE DIAMONDS SIX,0.6428,0.016,0.3412
SPADES TWO HEARTS QUEEN,0.4232,0.0138,0.563
SPADES ACE SPADES KING,0.3336,0.0064,0.66
HEARTS KING SPADES TWO,0.4276,0.0072,0.5652
SPADES TWO DIAMONDS SIX,0.6632,0.0164,0.3204
HEARTS TEN HEARTS EIGHT,0.6452,0.0556,0.2992
SPADES NINE DIAMONDS SIX,0.627,0.019,0.354
HEARTS JACK HEARTS EIGHT,0.0242,0.9002,0.0756
SPADES EIGHT DIAMONDS SIX,0.7016,0.059,0.2394
SPADES SEVEN DIAMONDS SIX,0.6228,0.019,0.3582
SPADES SIX DIAMONDS SIX,0.447,0.0344,0.5186
SPADES KING HEARTS KING,0.1624,0.0084,0.8292
SPADES QUEEN HEARTS KING,0.3242,0.0072,0.6686
CLUBS ACE CLUBS KING,0.3312,0.004,0.6648
SPADES ACE HEARTS KING,0.342,0.0038,0.6542
SPADES ACE HEARTS JACK,0.2508,0.0178,0.7314
SPADES QUEEN HEARTS JACK,0.2408,0.0368,0.7224
SPADES KING HEARTS JACK,0.2278,0.0332,0.739
SPADES TEN DIAMONDS TEN,0.285,0.0238,0.6912
SPADES ACE DIAMONDS TEN,0.3658,0.0034,0.6308
SPADES TEN HEARTS JACK,0.2294,0.1214,0.6492
SPADES QUEEN DIAMONDS TEN,0.3448,0.0092,0.646
SPADES KING DIAMONDS TEN,0.3644,0.007,0.6286
SPADES NINE DIAMONDS SEVEN,0.6332,0.0154,0.3514
SPADES EIGHT DIAMONDS SEVEN,0.6724,0.059,0.2686
SPADES SEVEN DIAMONDS SEVEN,0.4346,0.0344,0.531
SPADES SIX DIAMONDS SEVEN,0.6412,0.016,0.3428
DIAMONDS KING DIAMONDS SEVEN,0.3784,0.0082,0.6134
HEARTS THREE DIAMONDS SEVEN,0.655,0.0162,0.3288
HEARTS KING DIAMONDS FIVE,0.4148,0.0062,0.579
DIAMONDS QUEEN DIAMONDS SEVEN,0.3936,0.0124,0.594
HEARTS TWO DIAMONDS SEVEN,0.6672,0.0174,0.3154
HEARTS QUEEN DIAMONDS FIVE,0.4226,0.011,0.5664
HEARTS FIVE DIAMONDS SEVEN,0.6266,0.0198,0.3536
DIAMONDS ACE DIAMONDS SEVEN,0.3706,0.003,0.6264
HEARTS FOUR DIAMONDS SEVEN,0.6394,0.0184,0.3422
HEARTS ACE DIAMONDS FIVE,0.4226,0.0044,0.573
HEARTS SEVEN DIAMONDS SEVEN,0.427,0.0324,0.5406
HEARTS SIX DIAMONDS SEVEN,0.6168,0.0216,0.3616
HEARTS NINE DIAMONDS SEVEN,0.6148,0.0174,0.3678
DIAMONDS SEVEN HEARTS EIGHT,0.6668,0.0598,0.2734
DIAMONDS JACK DIAMONDS SEVEN,0.5146,0.2152,0.2702
HEARTS JACK DIAMONDS FIVE,0.5652,0.2146,0.2202
DIAMONDS TEN DIAMONDS SEVEN,0.5992,0.016,0.3848
DIAMONDS FIVE HEARTS TEN,0.6388,0.0164,0.3448
SPADES KING CLUBS TWO,0.4174,0.008,0.5746
HEARTS KING CLUBS KING,0.1608,0.0052,0.834
SPADES QUEEN CLUBS TWO,0.4132,0.0152,0.5716
HEARTS KING CLUBS QUEEN,0.322,0.0066,0.6714
CLUBS NINE DIAMONDS SEVEN,0.604,0.0136,0.3824
SPADES TWO CLUBS JACK,0.553,0.2246,0.2224
SPADES ACE CLUBS TWO,0.4126,0.0056,0.5818
CLUBS TEN SPADES TWO,0.6476,0.0178,0.3346
HEARTS KING CLUBS ACE,0.351,0.0038,0.6452
CLUBS SIX CLUBS SEVEN,0.5856,0.0182,0.3962
SPADES TWO CLUBS KING,0.4252,0.0096,0.5652
SPADES TWO DIAMONDS SEVEN,0.6742,0.0174,0.3084
SPADES THREE DIAMONDS SEVEN,0.6522,0.0174,0.3304
SPADES TWO CLUBS QUEEN,0.421,0.0122,0.5668
CLUBS NINE CLUBS SIX,0.5926,0.0154,0.392
SPADES FOUR DIAMONDS SEVEN,0.6414,0.0208,0.3378
HEARTS KING CLUBS JACK,0.2284,0.03,0.7416
SPADES FIVE DIAMONDS SEVEN,0.6472,0.0194,0.3334
SPADES TWO CLUBS ACE,0.4186,0.0042,0.5772
CLUBS TEN HEARTS KING,0.3538,0.0068,0.6394
CLUBS SIX SPADES TWO,0.6716,0.0204,0.308
CLUBS SIX SPADES THREE,0.6546,0.0186,0.3268
CLUBS TWO DIAMONDS SEVEN,0.6654,0.0202,0.3144
CLUBS SIX SPADES FOUR,0.6452,0.0196,0.3352
CLUBS THREE DIAMONDS SEVEN,0.6582,0.0168,0.325
CLUBS SIX SPADES FIVE,0.6286,0.0192,0.3522
CLUBS FOUR DIAMONDS SEVEN,0.65,0.0178,0.3322
CLUBS SIX SPADES SIX,0.4466,0.0332,0.5202
CLUBS FIVE DIAMONDS SEVEN,0.6192,0.0174,0.3634
CLUBS SIX SPADES SEVEN,0.6286,0.019,0.3524
CLUBS SIX DIAMONDS SEVEN,0.613,0.0184,0.3686
CLUBS SIX SPADES EIGHT,0.7016,0.0576,0.2408
CLUBS SIX SPADES NINE,0.6372,0.0226,0.3402
SPADES TEN CLUBS TWO,0.6634,0.0172,0.3194
CLUBS SEVEN DIAMONDS SEVEN,0.4276,0.0322,0.5402
CLUBS TWO CLUBS QUEEN,0.4114,0.013,0.5756
CLUBS TWO CLUBS KING,0.411,0.0078,0.5812
CLUBS THREE DIAMONDS EIGHT,0.7194,0.0662,0.2144
CLUBS TWO CLUBS ACE,0.396,0.0046,0.5994
CLUBS TWO DIAMONDS EIGHT,0.7282,0.0586,0.2132
DIAMONDS EIGHT HEARTS SEVEN,0.668,0.0636,0.2684
HEARTS SIX DIAMONDS EIGHT,0.678,0.0616,0.2604
DIAMONDS EIGHT HEARTS NINE,0.686,0.056,0.258
CLUBS TEN CLUBS TWO,0.6186,0.017,0.3644
DIAMONDS EIGHT HEARTS EIGHT,0.3152,0.0386,0.6462
CLUBS TWO CLUBS JACK,0.5324,0.2042,0.2634
CLUBS NINE DIAMONDS EIGHT,0.6732,0.0526,0.2742
CLUBS FIVE DIAMONDS EIGHT,0.6776,0.061,0.2614
SPADES ACE SPADES THREE,0.4026,0.0056,0.5918
CLUBS FOUR DIAMONDS EIGHT,0.7112,0.0572,0.2316
SPADES QUEEN SPADES THREE,0.4048,0.0122,0.583
CLUBS SEVEN DIAMONDS EIGHT,0.6634,0.0608,0.2758
CLUBS SIX DIAMONDS EIGHT,0.6904,0.0578,0.2518
SPADES KING SPADES THREE,0.4002,0.0092,0.5906
DIAMONDS QUEEN DIAMONDS EIGHT,0.2406,0.0376,0.7218
HEARTS TWO DIAMONDS EIGHT,0.7176,0.061,0.2214
DIAMONDS KING DIAMONDS EIGHT,0.2524,0.0278,0.7198
HEARTS THREE DIAMONDS EIGHT,0.7162,0.0576,0.2262
DIAMONDS ACE DIAMONDS EIGHT,0.2542,0.0206,0.7252
HEARTS FOUR DIAMONDS EIGHT,0.6944,0.0598,0.2458
HEARTS FIVE DIAMONDS EIGHT,0.678,0.0596,0.2624
DIAMONDS EIGHT DIAMONDS TEN,0.6468,0.049,0.3042
DIAMONDS EIGHT DIAMONDS JACK,0.0256,0.9042,0.0702
SPADES TEN SPADES THREE,0.6208,0.022,0.3572
CLUBS FOUR HEARTS ACE,0.4094,0.004,0.5866
CLUBS FOUR HEARTS QUEEN,0.4132,0.012,0.5748
CLUBS FOUR HEARTS KING,0.4232,0.0058,0.571
CLUBS SIX HEARTS TEN,0.6378,0.0168,0.3454
CLUBS SIX HEARTS JACK,0.5598,0.2162,0.224
SPADES FOUR DIAMONDS EIGHT,0.715,0.0582,0.2268
SPADES FIVE DIAMONDS EIGHT,0.6834,0.061,0.2556
DIAMONDS EIGHT SPADES TWO,0.7164,0.0628,0.2208
DIAMONDS EIGHT SPADES THREE,0.722,0.0606,0.2174
CLUBS FOUR HEARTS JACK,0.5584,0.2196,0.222
SPADES EIGHT DIAMONDS EIGHT,0.3092,0.0414,0.6494
SPADES TEN HEARTS TWO,0.6428,0.017,0.3402
SPADES TEN DIAMONDS QUEEN,0.353,0.0078,0.6392
CLUBS FOUR HEARTS TEN,0.6442,0.0186,0.3372
SPADES NINE DIAMONDS EIGHT,0.6934,0.0516,0.255
SPADES TEN HEARTS EIGHT,0.6938,0.0582,0.248
SPADES SIX DIAMONDS EIGHT,0.6844,0.06,0.2556
SPADES SEVEN DIAMONDS EIGHT,0.671,0.06,0.269
SPADES ACE HEARTS TWO,0.4166,0.0058,0.5776
SPADES ACE DIAMONDS QUEEN,0.3436,0.0046,0.6518
SPADES ACE HEARTS EIGHT,0.2722,0.023,0.7048
SPADES KING HEARTS EIGHT,0.2702,0.03,0.6998
SPADES QUEEN HEARTS TWO,0.418,0.011,0.571
SPADES QUEEN DIAMONDS QUEEN,0.158,0.0118,0.8302
SPADES KING DIAMONDS QUEEN,0.3352,0.0068,0.658
SPADES KING HEARTS TWO,0.4292,0.0058,0.565
SPADES QUEEN HEARTS EIGHT,0.2444,0.0438,0.7118
CLUBS TWO HEARTS TEN,0.642,0.0162,0.3418
CLUBS TWO HEARTS JACK,0.5534,0.2248,0.2218
SPADES SEVEN DIAMONDS NINE,0.6148,0.016,0.3692
SPADES SIX DIAMONDS NINE,0.6284,0.0162,0.3554
SPADES NINE DIAMONDS NINE,0.2902,0.0264,0.6834
SPADES EIGHT DIAMONDS NINE,0.6936,0.054,0.2524
SPADES TEN CLUBS KING,0.358,0.0074,0.6346
DIAMONDS NINE SPADES THREE,0.6548,0.0176,0.3276
DIAMONDS NINE SPADES TWO,0.6336,0.0174,0.349
SPADES FIVE DIAMONDS NINE,0.6404,0.017,0.3426
DIAMONDS NINE SPADES FOUR,0.6436,0.0172,0.3392
CLUBS NINE DIAMONDS NINE,0.3064,0.0286,0.665
CLUBS SIX DIAMONDS NINE,0.6236,0.0158,0.3606
SPADES TEN CLUBS FOUR,0.6426,0.0202,0.3372
CLUBS SEVEN DIAMONDS NINE,0.6208,0.0104,0.3688
CLUBS FOUR DIAMONDS NINE,0.641,0.018,0.341
CLUBS FIVE DIAMONDS NINE,0.6428,0.0168,0.3404
CLUBS TWO DIAMONDS NINE,0.6606,0.0152,0.3242
CLUBS THREE DIAMONDS NINE,0.6504,0.0192,0.3304
DIAMONDS NINE HEARTS EIGHT,0.6734,0.0512,0.2754
DIAMONDS NINE HEARTS NINE,0.297,0.0292,0.6738
HEARTS SIX DIAMONDS NINE,0.6314,0.0142,0.3544
DIAMONDS NINE HEARTS SEVEN,0.6242,0.0144,0.3614
DIAMONDS ACE DIAMONDS NINE,0.352,0.0038,0.6442
HEARTS FOUR DIAMONDS NINE,0.6576,0.016,0.3264
HEARTS FIVE DIAMONDS NINE,0.6378,0.0152,0.347
CLUBS TWO HEARTS ACE,0.4258,0.0044,0.5698
SPADES ACE CLUBS FOUR,0.421,0.006,0.573
DIAMONDS QUEEN DIAMONDS NINE,0.3398,0.01,0.6502
HEARTS TWO DIAMONDS NINE,0.646,0.0208,0.3332
CLUBS TWO HEARTS KING,0.4356,0.0088,0.5556
SPADES KING CLUBS FOUR,0.4196,0.0086,0.5718
DIAMONDS KING DIAMONDS NINE,0.3488,0.006,0.6452
HEARTS THREE DIAMONDS NINE,0.6414,0.017,0.3416
CLUBS TWO HEARTS QUEEN,0.437,0.0116,0.5514
SPADES QUEEN CLUBS FOUR,0.4166,0.0144,0.569
DIAMONDS NINE DIAMONDS JACK,0.218,0.156,0.626
DIAMONDS NINE DIAMONDS TEN,0.5308,0.017,0.4522
HEARTS SIX DIAMONDS TEN,0.6344,0.0156,0.35
DIAMONDS TEN HEARTS SEVEN,0.6272,0.0152,0.3576
DIAMONDS TEN HEARTS EIGHT,0.6892,0.0596,0.2512
CLUBS FOUR CLUBS JACK,0.5196,0.209,0.2714
DIAMONDS TEN HEARTS NINE,0.568,0.0156,0.4164
CLUBS TEN CLUBS FOUR,0.5898,0.0232,0.387
CLUBS FOUR CLUBS KING,0.3894,0.0076,0.603
CLUBS FOUR CLUBS QUEEN,0.3986,0.0114,0.59
CLUBS TWO DIAMONDS TEN,0.6398,0.0158,0.3444
CLUBS THREE DIAMONDS TEN,0.6554,0.0168,0.3278
CLUBS FOUR CLUBS ACE,0.4,0.0056,0.5944
DIAMONDS JACK DIAMONDS TEN,0.217,0.1176,0.6654
DIAMONDS QUEEN DIAMONDS TEN,0.3348,0.0082,0.657
HEARTS TWO DIAMONDS TEN,0.6464,0.0158,0.3378
DIAMONDS KING DIAMONDS TEN,0.3432,0.0058,0.651
HEARTS THREE DIAMONDS TEN,0.634,0.0148,0.3512
DIAMONDS ACE DIAMONDS TEN,0.3422,0.0042,0.6536
HEARTS FOUR DIAMONDS TEN,0.6254,0.0196,0.355
HEARTS FIVE DIAMONDS TEN,0.6394,0.0158,0.3448
CLUBS NINE SPADES THREE,0.6522,0.0168,0.331
CLUBS NINE SPADES TWO,0.6438,0.0186,0.3376
CLUBS NINE SPADES FIVE,0.6286,0.0174,0.354
CLUBS NINE SPADES FOUR,0.6406,0.0184,0.341
CLUBS NINE SPADES SEVEN,0.622,0.0164,0.3616
CLUBS NINE SPADES SIX,0.6258,0.016,0.3582
CLUBS NINE SPADES NINE,0.2934,0.0274,0.6792
CLUBS TEN HEARTS EIGHT,0.6828,0.0556,0.2616
CLUBS NINE SPADES EIGHT,0.6796,0.0592,0.2612
CLUBS JACK HEARTS EIGHT,0.0112,0.9688,0.02
CLUBS QUEEN HEARTS EIGHT,0.2438,0.0472,0.709
CLUBS KING HEARTS EIGHT,0.2506,0.0304,0.719
CLUBS ACE HEARTS EIGHT,0.262,0.0236,0.7144
SPADES KING CLUBS KING,0.1578,0.0078,0.8344
SPADES QUEEN CLUBS KING,0.32,0.0058,0.6742
SPADES ACE CLUBS KING,0.3476,0.005,0.6474
DIAMONDS ACE HEARTS TEN,0.358,0.003,0.639
HEARTS FOUR HEARTS TEN,0.6042,0.0162,0.3796
DIAMONDS ACE HEARTS JACK,0.2592,0.0176,0.7232
HEARTS FOUR HEARTS JACK,0.53,0.1972,0.2728
SPADES KING CLUBS FIVE,0.4246,0.0098,0.5656
SPADES QUEEN CLUBS FIVE,0.3996,0.0134,0.587
SPADES ACE CLUBS FIVE,0.4156,0.0058,0.5786
DIAMONDS JACK HEARTS SEVEN,0.5572,0.2204,0.2224
HEARTS SIX DIAMONDS JACK,0.559,0.2172,0.2238
DIAMONDS JACK HEARTS NINE,0.2268,0.1726,0.6006
DIAMONDS JACK HEARTS EIGHT,0.0206,0.9598,0.0196
DIAMONDS KING DIAMONDS JACK,0.2298,0.0238,0.7464
HEARTS THREE DIAMONDS JACK,0.555,0.2184,0.2266
SPADES ACE SPADES SIX,0.3968,0.006,0.5972
SPADES FOUR HEARTS ACE,0.4276,0.0046,0.5678
DIAMONDS QUEEN DIAMONDS JACK,0.2378,0.0398,0.7224
HEARTS TWO DIAMONDS JACK,0.5584,0.2224,0.2192
HEARTS FIVE DIAMONDS JACK,0.545,0.2286,0.2264
SPADES QUEEN SPADES SIX,0.4088,0.0122,0.579
SPADES FOUR HEARTS QUEEN,0.429,0.0104,0.5606
DIAMONDS ACE DIAMONDS JACK,0.2472,0.0168,0.736
HEARTS FOUR DIAMONDS JACK,0.5424,0.2244,0.2332
SPADES KING SPADES SIX,0.4026,0.004,0.5934
HEARTS KING SPADES FOUR,0.4236,0.008,0.5684
SPADES TEN SPADES SIX,0.6112,0.0168,0.372
SPADES FOUR DIAMONDS JACK,0.5506,0.2188,0.2306
SPADES FIVE DIAMONDS JACK,0.5448,0.2278,0.2274
DIAMONDS JACK SPADES TWO,0.54,0.236,0.224
SPADES THREE DIAMONDS JACK,0.5686,0.2206,0.2108
SPADES ACE DIAMONDS THREE,0.4018,0.0048,0.5934
SPADES QUEEN DIAMONDS THREE,0.4122,0.0152,0.5726
SPADES KING DIAMONDS THREE,0.4168,0.0088,0.5744
CLUBS NINE DIAMONDS JACK,0.2158,0.1722,0.612
CLUBS SIX DIAMONDS JACK,0.56,0.2228,0.2172
CLUBS SEVEN DIAMONDS JACK,0.5522,0.2236,0.2242
CLUBS FOUR DIAMONDS JACK,0.546,0.2198,0.2342
CLUBS FIVE DIAMONDS JACK,0.546,0.2366,0.2174
CLUBS TWO DIAMONDS JACK,0.5654,0.2164,0.2182
CLUBS THREE DIAMONDS JACK,0.5514,0.2222,0.2264
SPADES TEN CLUBS FIVE,0.661,0.02,0.319
HEARTS SIX SPADES TEN,0.631,0.0166,0.3524
CLUBS SEVEN CLUBS ACE,0.3948,0.0046,0.6006
SPADES TEN DIAMONDS THREE,0.6448,0.0192,0.336
CLUBS SEVEN CLUBS QUEEN,0.3906,0.011,0.5984
CLUBS SEVEN CLUBS KING,0.3926,0.0084,0.599
SPADES NINE DIAMONDS JACK,0.2282,0.172,0.5998
CLUBS TEN CLUBS SEVEN,0.584,0.0166,0.3994
DIAMONDS ACE HEARTS ACE,0.156,0.0034,0.8406
HEARTS FOUR HEARTS ACE,0.3922,0.0036,0.6042
SPADES EIGHT DIAMONDS JACK,0.0184,0.968,0.0136
SPADES ACE HEARTS SIX,0.4192,0.0038,0.577
CLUBS SEVEN CLUBS JACK,0.5326,0.2154,0.252
DIAMONDS ACE HEARTS KING,0.3568,0.0046,0.6386
HEARTS FOUR HEARTS KING,0.4122,0.006,0.5818
SPADES SEVEN DIAMONDS JACK,0.5542,0.2252,0.2206
SPADES KING HEARTS SIX,0.4046,0.0058,0.5896
DIAMONDS ACE HEARTS QUEEN,0.3444,0.0026,0.653
HEARTS FOUR HEARTS QUEEN,0.385,0.0106,0.6044
SPADES SIX DIAMONDS JACK,0.5692,0.213,0.2178
SPADES QUEEN HEARTS SIX,0.417,0.0084,0.5746
SPADES TWO DIAMONDS TEN,0.6462,0.018,0.3358
SPADES THREE DIAMONDS TEN,0.6444,0.0156,0.34
SPADES FOUR DIAMONDS TEN,0.6394,0.019,0.3416
SPADES FIVE DIAMONDS TEN,0.6398,0.0198,0.3404
SPADES SIX DIAMONDS TEN,0.6516,0.015,0.3334
SPADES SEVEN DIAMONDS TEN,0.6292,0.0174,0.3534
SPADES EIGHT DIAMONDS TEN,0.7002,0.0542,0.2456
SPADES NINE DIAMONDS TEN,0.5822,0.0134,0.4044
CLUBS FOUR DIAMONDS TEN,0.6488,0.0122,0.339
CLUBS FIVE DIAMONDS TEN,0.653,0.0156,0.3314
CLUBS SIX DIAMONDS TEN,0.6258,0.0188,0.3554
CLUBS SEVEN DIAMONDS TEN,0.6274,0.016,0.3566
CLUBS NINE DIAMONDS TEN,0.5684,0.0152,0.4164
DIAMONDS THREE CLUBS JACK,0.5428,0.218,0.2392
CLUBS TEN DIAMONDS THREE,0.64,0.0152,0.3448
DIAMONDS THREE CLUBS KING,0.4332,0.0056,0.5612
DIAMONDS THREE CLUBS QUEEN,0.4156,0.0106,0.5738
DIAMONDS THREE CLUBS ACE,0.4222,0.0044,0.5734
SPADES FOUR HEARTS JACK,0.557,0.228,0.215
SPADES FOUR HEARTS TEN,0.6436,0.0164,0.34
SPADES FIVE SPADES TWO,0.6152,0.0212,0.3636
SPADES FOUR SPADES TWO,0.6166,0.0226,0.3608
SPADES THREE SPADES TWO,0.618,0.021,0.361
SPADES NINE SPADES TWO,0.6066,0.018,0.3754
SPADES EIGHT SPADES TWO,0.6802,0.0608,0.259
SPADES SEVEN SPADES TWO,0.6488,0.0172,0.334
SPADES SIX SPADES TWO,0.6286,0.0178,0.3536
DIAMONDS QUEEN CLUBS THREE,0.428,0.0098,0.5622
HEARTS TWO CLUBS THREE,0.6452,0.0174,0.3374
DIAMONDS QUEEN CLUBS TWO,0.4346,0.0132,0.5522
CLUBS TWO HEARTS TWO,0.4498,0.0378,0.5124
DIAMONDS QUEEN HEARTS SEVEN,0.405,0.012,0.583
HEARTS TWO HEARTS SEVEN,0.629,0.017,0.354
HEARTS SIX DIAMONDS QUEEN,0.4146,0.0106,0.5748
HEARTS SIX HEARTS TWO,0.6166,0.0152,0.3682
DIAMONDS QUEEN HEARTS NINE,0.372,0.0102,0.6178
HEARTS TWO HEARTS NINE,0.5946,0.0158,0.3896
DIAMONDS QUEEN HEARTS EIGHT,0.2566,0.0412,0.7022
HEARTS TWO HEARTS EIGHT,0.6636,0.0566,0.2798
CLUBS NINE HEARTS TWO,0.6384,0.0148,0.3468
CLUBS NINE DIAMONDS QUEEN,0.347,0.0138,0.6392
CLUBS FIVE DIAMONDS QUEEN,0.4198,0.0112,0.569
CLUBS FIVE HEARTS TWO,0.6356,0.0188,0.3456
SPADES EIGHT HEARTS ACE,0.277,0.0228,0.7002
CLUBS FOUR DIAMONDS QUEEN,0.439,0.0104,0.5506
CLUBS FOUR HEARTS TWO,0.6418,0.0202,0.338
SPADES EIGHT HEARTS QUEEN,0.2348,0.0396,0.7256
CLUBS SEVEN HEARTS TWO,0.6838,0.02,0.2962
CLUBS SEVEN DIAMONDS QUEEN,0.4052,0.0112,0.5836
CLUBS SIX DIAMONDS QUEEN,0.4264,0.0084,0.5652
CLUBS SIX HEARTS TWO,0.6606,0.023,0.3164
SPADES EIGHT HEARTS KING,0.2594,0.0336,0.707
DIAMONDS QUEEN SPADES SIX,0.4218,0.0102,0.568
HEARTS TWO SPADES SIX,0.6568,0.017,0.3262
HEARTS FOUR CLUBS QUEEN,0.4128,0.0106,0.5766
DIAMONDS ACE CLUBS QUEEN,0.3448,0.0044,0.6508
DIAMONDS QUEEN SPADES SEVEN,0.4186,0.0092,0.5722
SPADES SEVEN HEARTS TWO,0.672,0.0186,0.3094
HEARTS FOUR CLUBS KING,0.42,0.0086,0.5714
DIAMONDS ACE CLUBS KING,0.3514,0.0052,0.6434
SPADES EIGHT DIAMONDS QUEEN,0.2614,0.0374,0.7012
SPADES EIGHT HEARTS TWO,0.7238,0.058,0.2182
HEARTS FOUR CLUBS ACE,0.4032,0.0046,0.5922
DIAMONDS ACE CLUBS ACE,0.1492,0.0034,0.8474
SPADES NINE DIAMONDS QUEEN,0.3758,0.01,0.6142
SPADES NINE HEARTS TWO,0.6542,0.0174,0.3284
HEARTS TWO SPADES TWO,0.4422,0.0376,0.5202
DIAMONDS QUEEN SPADES TWO,0.4156,0.0104,0.574
HEARTS TWO SPADES THREE,0.6332,0.0168,0.35
DIAMONDS QUEEN SPADES THREE,0.4394,0.0094,0.5512
HEARTS TWO SPADES FOUR,0.6472,0.016,0.3368
DIAMONDS QUEEN SPADES FOUR,0.422,0.0118,0.5662
HEARTS FOUR CLUBS TEN,0.6232,0.0166,0.3602
CLUBS TEN DIAMONDS ACE,0.362,0.0034,0.6346
HEARTS TWO SPADES FIVE,0.6366,0.0178,0.3456
DIAMONDS QUEEN SPADES FIVE,0.4216,0.0088,0.5696
HEARTS FOUR CLUBS JACK,0.5332,0.2276,0.2392
DIAMONDS ACE CLUBS JACK,0.251,0.0202,0.7288
CLUBS FIVE CLUBS KING,0.4048,0.0096,0.5856
CLUBS FIVE CLUBS QUEEN,0.3872,0.012,0.6008
CLUBS FIVE CLUBS ACE,0.3882,0.0044,0.6074
CLUBS FIVE CLUBS JACK,0.521,0.2064,0.2726
CLUBS TEN CLUBS FIVE,0.6074,0.0148,0.3778
SPADES KING CLUBS JACK,0.2292,0.0308,0.74
SPADES QUEEN CLUBS JACK,0.2244,0.04,0.7356
SPADES ACE CLUBS JACK,0.2482,0.0192,0.7326
SPADES SIX CLUBS KING,0.4172,0.0046,0.5782
SPADES SIX CLUBS QUEEN,0.4168,0.0094,0.5738
SPADES EIGHT HEARTS JACK,0.0162,0.9732,0.0106
SPADES SIX CLUBS ACE,0.4258,0.0054,0.5688
SPADES EIGHT HEARTS TEN,0.6972,0.0578,0.245
SPADES SIX CLUBS JACK,0.5568,0.2266,0.2166
CLUBS TEN SPADES SIX,0.6416,0.0162,0.3422
SPADES TEN CLUBS JACK,0.2234,0.1264,0.6502
SPADES QUEEN CLUBS SEVEN,0.4184,0.0134,0.5682
SPADES KING CLUBS SEVEN,0.4034,0.007,0.5896
SPADES ACE CLUBS SEVEN,0.4142,0.0052,0.5806
SPADES SIX HEARTS TEN,0.633,0.019,0.348
SPADES SIX HEARTS JACK,0.5438,0.2336,0.2226
SPADES SIX HEARTS ACE,0.409,0.004,0.587
SPADES SIX HEARTS KING,0.4196,0.0068,0.5736
SPADES SIX HEARTS QUEEN,0.41,0.0094,0.5806
SPADES TEN CLUBS SEVEN,0.6368,0.0142,0.349
CLUBS TEN HEARTS SIX,0.6338,0.0152,0.351
HEARTS SIX CLUBS JACK,0.555,0.2184,0.2266
CLUBS ACE CLUBS JACK,0.2564,0.0208,0.7228
HEARTS SIX CLUBS QUEEN,0.4134,0.008,0.5786
HEARTS SIX CLUBS KING,0.4166,0.0058,0.5776
HEARTS SIX CLUBS ACE,0.4068,0.0038,0.5894
CLUBS QUEEN CLUBS JACK,0.2328,0.047,0.7202
CLUBS KING CLUBS JACK,0.2248,0.026,0.7492
DIAMONDS THREE HEARTS ACE,0.4222,0.0036,0.5742
DIAMONDS THREE HEARTS QUEEN,0.4226,0.011,0.5664
DIAMONDS THREE HEARTS KING,0.4184,0.006,0.5756
CLUBS FIVE HEARTS JACK,0.548,0.2238,0.2282
HEARTS FOUR SPADES TEN,0.642,0.0168,0.3412
SPADES TEN DIAMONDS ACE,0.3616,0.0036,0.6348
CLUBS FIVE HEARTS TEN,0.6412,0.0168,0.342
SPADES ACE HEARTS FOUR,0.41,0.005,0.585
SPADES ACE DIAMONDS ACE,0.1554,0.0038,0.8408
CLUBS FIVE HEARTS ACE,0.4066,0.0056,0.5878
CLUBS FIVE HEARTS KING,0.4218,0.0072,0.571
HEARTS FOUR SPADES QUEEN,0.4108,0.0104,0.5788
SPADES QUEEN DIAMONDS ACE,0.3432,0.0038,0.653
SPADES FOUR CLUBS JACK,0.567,0.2296,0.2034
CLUBS FIVE HEARTS QUEEN,0.412,0.0132,0.5748
SPADES KING DIAMONDS ACE,0.342,0.0036,0.6544
HEARTS FOUR SPADES KING,0.416,0.0076,0.5764
CLUBS TEN SPADES FOUR,0.6462,0.0156,0.3382
DIAMONDS QUEEN DIAMONDS ACE,0.3174,0.003,0.6796
HEARTS TWO DIAMONDS ACE,0.4178,0.0044,0.5778
HEARTS FOUR DIAMONDS QUEEN,0.4248,0.0094,0.5658
HEARTS FOUR HEARTS TWO,0.6022,0.019,0.3788
DIAMONDS THREE HEARTS TEN,0.648,0.0146,0.3374
SPADES FOUR CLUBS KING,0.416,0.0056,0.5784
HEARTS FIVE DIAMONDS QUEEN,0.415,0.011,0.574
HEARTS FIVE HEARTS TWO,0.61,0.017,0.373
DIAMONDS THREE HEARTS JACK,0.5468,0.2206,0.2326
SPADES FOUR CLUBS QUEEN,0.4064,0.0122,0.5814
DIAMONDS QUEEN HEARTS TWO,0.415,0.0116,0.5734
DIAMONDS KING DIAMONDS QUEEN,0.3122,0.006,0.6818
DIAMONDS KING HEARTS TWO,0.4246,0.0074,0.568
HEARTS THREE DIAMONDS QUEEN,0.427,0.0112,0.5618
HEARTS THREE HEARTS TWO,0.5944,0.017,0.3886
SPADES FOUR CLUBS ACE,0.4346,0.0032,0.5622
HEARTS TWO CLUBS ACE,0.4124,0.0048,0.5828
DIAMONDS QUEEN CLUBS ACE,0.3406,0.0042,0.6552
HEARTS TWO CLUBS QUEEN,0.4114,0.011,0.5776
DIAMONDS QUEEN CLUBS QUEEN,0.1478,0.0086,0.8436
HEARTS TWO CLUBS KING,0.4232,0.006,0.5708
DIAMONDS QUEEN CLUBS KING,0.326,0.0064,0.6676
SPADES EIGHT SPADES FIVE,0.6506,0.065,0.2844
CLUBS TEN HEARTS TWO,0.6494,0.019,0.3316
CLUBS TEN DIAMONDS QUEEN,0.3526,0.0076,0.6398
SPADES NINE SPADES FIVE,0.6024,0.0182,0.3794
HEARTS TWO CLUBS JACK,0.55,0.2284,0.2216
DIAMONDS QUEEN CLUBS JACK,0.2346,0.0386,0.7268
SPADES SIX SPADES FIVE,0.5918,0.0154,0.3928
SPADES SEVEN SPADES FIVE,0.5974,0.0162,0.3864
DIAMONDS FIVE CLUBS QUEEN,0.4068,0.011,0.5822
SPADES EIGHT CLUBS ACE,0.2578,0.026,0.7162
DIAMONDS FIVE CLUBS KING,0.4124,0.0078,0.5798
SPADES EIGHT CLUBS KING,0.2784,0.0322,0.6894
CLUBS ACE DIAMONDS FIVE,0.3944,0.0064,0.5992
SPADES EIGHT CLUBS QUEEN,0.2614,0.0404,0.6982
SPADES EIGHT CLUBS JACK,0.0082,0.984,0.0078
CLUBS TEN SPADES EIGHT,0.6922,0.0578,0.25
CLUBS TEN DIAMONDS FIVE,0.654,0.0164,0.3296
DIAMONDS FIVE CLUBS JACK,0.5568,0.2224,0.2208
HEARTS JACK DIAMONDS TEN,0.2352,0.1114,0.6534
DIAMONDS TEN HEARTS TEN,0.2856,0.0202,0.6942
SPADES ACE CLUBS NINE,0.369,0.0056,0.6254
CLUBS NINE SPADES QUEEN,0.3618,0.0124,0.6258
CLUBS NINE SPADES KING,0.373,0.008,0.619
HEARTS SIX HEARTS KING,0.3886,0.0066,0.6048
DIAMONDS KING SPADES SEVEN,0.406,0.0062,0.5878
HEARTS THREE SPADES SEVEN,0.6552,0.0198,0.325
SPADES KING DIAMONDS SEVEN,0.4062,0.0068,0.587
HEARTS SIX HEARTS QUEEN,0.3954,0.0104,0.5942
DIAMONDS KING SPADES SIX,0.423,0.0072,0.5698
HEARTS THREE SPADES SIX,0.6472,0.02,0.3328
SPADES QUEEN DIAMONDS SEVEN,0.4056,0.0082,0.5862
SPADES NINE DIAMONDS KING,0.3692,0.0074,0.6234
HEARTS THREE SPADES NINE,0.6484,0.0138,0.3378
HEARTS SIX HEARTS ACE,0.391,0.0032,0.6058
DIAMONDS KING SPADES EIGHT,0.2714,0.0306,0.698
HEARTS THREE SPADES EIGHT,0.7038,0.0664,0.2298
SPADES ACE DIAMONDS SEVEN,0.4178,0.003,0.5792
CLUBS NINE HEARTS THREE,0.6468,0.018,0.3352
CLUBS NINE DIAMONDS KING,0.3766,0.007,0.6164
HEARTS THREE SPADES THREE,0.452,0.0362,0.5118
DIAMONDS KING SPADES THREE,0.432,0.0052,0.5628
