opposingHand,winningChance,drawChance,lostChance
CLUBS ACE DIAMONDS NINE
HEARTS FIVE SPADES TEN,0.6306,0.0016,0.3678
HEARTS FIVE SPADES JACK,0.6412,0.0026,0.3562
SPADES FIVE CLUBS JACK,0.6436,0.0052,0.3512
CLUBS TEN SPADES FIVE,0.6376,0.0048,0.3576
CLUBS EIGHT CLUBS JACK,0.5882,0.0044,0.4074
CLUBS TEN CLUBS EIGHT,0.579,0.0052,0.4158
CLUBS EIGHT CLUBS KING,0.615,0.0036,0.3814
CLUBS EIGHT CLUBS QUEEN,0.6042,0.0046,0.3912
SPADES FIVE CLUBS KING,0.6204,0.0034,0.3762
SPADES FIVE CLUBS QUEEN,0.6312,0.0048,0.364
DIAMONDS TWO DIAMONDS THREE,0.6082,0.0044,0.3874
DIAMONDS TWO DIAMONDS FIVE,0.6158,0.006,0.3782
HEARTS FIVE SPADES KING,0.6288,0.0036,0.3676
DIAMONDS TWO DIAMONDS FOUR,0.6094,0.0052,0.3854
HEARTS FIVE SPADES QUEEN,0.6312,0.0042,0.3646
DIAMONDS TWO DIAMONDS SEVEN,0.638,0.0072,0.3548
DIAMONDS TWO DIAMONDS SIX,0.6242,0.006,0.3698
SPADES ACE HEARTS FIVE,0.5706,0.1676,0.2618
DIAMONDS TWO DIAMONDS EIGHT,0.641,0.0042,0.3548
DIAMONDS THREE DIAMONDS FOUR,0.6048,0.0058,0.3894
CLUBS TWO SPADES FOUR,0.661,0.005,0.334
DIAMONDS THREE DIAMONDS FIVE,0.6098,0.004,0.3862
SPADES FIVE CLUBS TWO,0.6432,0.0034,0.3534
CLUBS TWO SPADES TWO,0.4754,0.0064,0.5182
CLUBS TWO SPADES THREE,0.6436,0.0052,0.3512
DIAMONDS THREE DIAMONDS EIGHT,0.6558,0.0034,0.3408
SPADES EIGHT CLUBS TWO,0.679,0.0046,0.3164
SPADES NINE CLUBS TWO,0.7568,0.024,0.2192
DIAMONDS THREE DIAMONDS SIX,0.6132,0.004,0.3828
SPADES SIX CLUBS TWO,0.6658,0.0052,0.329
DIAMONDS THREE DIAMONDS SEVEN,0.6398,0.005,0.3552
SPADES SEVEN CLUBS TWO,0.6774,0.004,0.3186
CLUBS SIX CLUBS TWO,0.629,0.0054,0.3656
CLUBS SEVEN CLUBS TWO,0.631,0.0048,0.3642
CLUBS FOUR CLUBS TWO,0.6222,0.006,0.3718
CLUBS FIVE CLUBS TWO,0.6306,0.005,0.3644
CLUBS TEN CLUBS JACK,0.531,0.0056,0.4634
DIAMONDS FOUR DIAMONDS SIX,0.6116,0.0068,0.3816
CLUBS TEN CLUBS QUEEN,0.558,0.0046,0.4374
DIAMONDS FOUR DIAMONDS SEVEN,0.6202,0.003,0.3768
CLUBS TEN CLUBS KING,0.5592,0.005,0.4358
CLUBS EIGHT CLUBS TWO,0.6414,0.0056,0.353
DIAMONDS FIVE DIAMONDS FOUR,0.5972,0.0046,0.3982
CLUBS NINE CLUBS TWO,0.7162,0.0284,0.2554
DIAMONDS EIGHT DIAMONDS FOUR,0.6308,0.0064,0.3628
CLUBS THREE CLUBS TWO,0.6142,0.0058,0.38
DIAMONDS TWO CLUBS JACK,0.6528,0.0062,0.341
DIAMONDS EIGHT DIAMONDS FIVE,0.6166,0.006,0.3774
CLUBS TEN DIAMONDS TWO,0.6524,0.0044,0.3432
DIAMONDS FIVE DIAMONDS SEVEN,0.6154,0.0046,0.38
DIAMONDS FIVE DIAMONDS SIX,0.6004,0.0064,0.3932
DIAMONDS TWO CLUBS KING,0.6424,0.0052,0.3524
DIAMONDS TWO CLUBS QUEEN,0.6492,0.0056,0.3452
DIAMONDS EIGHT DIAMONDS SIX,0.6068,0.0024,0.3908
HEARTS ACE SPADES THREE,0.5834,0.1654,0.2512
SPADES THREE HEARTS KING,0.6218,0.0026,0.3756
DIAMONDS SEVEN DIAMONDS SIX,0.6074,0.0046,0.388
HEARTS QUEEN SPADES THREE,0.633,0.0052,0.3618
SPADES THREE HEARTS JACK,0.6328,0.004,0.3632
SPADES THREE HEARTS TEN,0.6368,0.0036,0.3596
DIAMONDS EIGHT DIAMONDS SEVEN,0.6004,0.0064,0.3932
DIAMONDS KING HEARTS TEN,0.5836,0.0034,0.413
HEARTS THREE HEARTS TEN,0.5992,0.003,0.3978
SPADES JACK CLUBS SIX,0.641,0.004,0.355
DIAMONDS KING HEARTS JACK,0.5704,0.003,0.4266
HEARTS THREE HEARTS JACK,0.5978,0.003,0.3992
SPADES TEN CLUBS SIX,0.6162,0.0036,0.3802
SPADES JACK SPADES FIVE,0.593,0.0044,0.4026
SPADES TEN SPADES FIVE,0.5908,0.0036,0.4056
DIAMONDS KING HEARTS ACE,0.241,0.0488,0.7102
HEARTS THREE HEARTS ACE,0.5266,0.1706,0.3028
SPADES ACE CLUBS SIX,0.606,0.1674,0.2266
DIAMONDS KING HEARTS QUEEN,0.5706,0.0048,0.4246
HEARTS THREE HEARTS QUEEN,0.58,0.0032,0.4168
SPADES KING CLUBS SIX,0.6398,0.0044,0.3558
DIAMONDS KING HEARTS KING,0.2792,0.0044,0.7164
HEARTS THREE HEARTS KING,0.588,0.005,0.407
SPADES QUEEN CLUBS SIX,0.6438,0.0032,0.353
SPADES NINE HEARTS TEN,0.688,0.0224,0.2896
SPADES NINE HEARTS JACK,0.7076,0.015,0.2774
SPADES QUEEN SPADES FIVE,0.5946,0.0042,0.4012
SPADES KING SPADES FIVE,0.5972,0.0038,0.399
SPADES ACE SPADES FIVE,0.5474,0.1596,0.293
SPADES NINE HEARTS QUEEN,0.709,0.0216,0.2694
SPADES NINE HEARTS KING,0.726,0.0208,0.2532
SPADES NINE HEARTS ACE,0.0212,0.9552,0.0236
CLUBS TEN SPADES JACK,0.572,0.005,0.423
CLUBS TEN SPADES TEN,0.3184,0.0036,0.678
SPADES ACE CLUBS TEN,0.2504,0.1216,0.628
SPADES KING CLUBS TEN,0.5794,0.0042,0.4164
CLUBS TEN SPADES QUEEN,0.5766,0.0028,0.4206
SPADES FIVE HEARTS QUEEN,0.6242,0.003,0.3728
SPADES FIVE HEARTS KING,0.6304,0.003,0.3666
HEARTS ACE SPADES FIVE,0.5702,0.177,0.2528
CLUBS EIGHT SPADES TEN,0.6122,0.003,0.3848
SPADES JACK HEARTS THREE,0.6254,0.0036,0.371
SPADES JACK DIAMONDS KING,0.5824,0.0038,0.4138
SPADES TEN DIAMONDS KING,0.575,0.0044,0.4206
SPADES TEN HEARTS THREE,0.6306,0.004,0.3654
SPADES JACK CLUBS EIGHT,0.6336,0.0044,0.362
CLUBS SIX HEARTS ACE,0.5904,0.1692,0.2404
SPADES ACE CLUBS EIGHT,0.602,0.1738,0.2242
HEARTS FIVE CLUBS JACK,0.64,0.0054,0.3546
HEARTS FIVE CLUBS TEN,0.6376,0.0052,0.3572
CLUBS SIX HEARTS QUEEN,0.6378,0.0038,0.3584
SPADES QUEEN CLUBS EIGHT,0.624,0.0044,0.3716
CLUBS TEN SPADES THREE,0.6384,0.0028,0.3588
CLUBS SIX HEARTS KING,0.6322,0.0028,0.365
SPADES KING CLUBS EIGHT,0.6448,0.005,0.3502
SPADES THREE CLUBS JACK,0.6398,0.0054,0.3548
DIAMONDS TWO HEARTS JACK,0.632,0.003,0.365
SPADES THREE CLUBS QUEEN,0.6316,0.0052,0.3632
DIAMONDS TWO HEARTS TEN,0.6448,0.0048,0.3504
SPADES THREE CLUBS KING,0.62,0.0054,0.3746
SPADES FIVE HEARTS TEN,0.6356,0.0028,0.3616
HEARTS FIVE CLUBS KING,0.6384,0.0034,0.3582
SPADES FIVE HEARTS JACK,0.6382,0.0046,0.3572
HEARTS FIVE CLUBS QUEEN,0.6344,0.0046,0.361
HEARTS THREE CLUBS KING,0.6374,0.0064,0.3562
DIAMONDS KING CLUBS KING,0.2964,0.005,0.6986
HEARTS THREE CLUBS QUEEN,0.6488,0.0032,0.348
DIAMONDS KING CLUBS QUEEN,0.5848,0.0056,0.4096
HEARTS FIVE HEARTS JACK,0.5956,0.004,0.4004
HEARTS FIVE HEARTS TEN,0.5842,0.0038,0.412
SPADES ACE CLUBS QUEEN,0.2314,0.0648,0.7038
SPADES KING CLUBS QUEEN,0.5922,0.0032,0.4046
HEARTS THREE CLUBS JACK,0.6472,0.0038,0.349
DIAMONDS KING CLUBS JACK,0.5782,0.004,0.4178
SPADES QUEEN CLUBS QUEEN,0.2924,0.0036,0.704
CLUBS TEN HEARTS THREE,0.6378,0.0046,0.3576
CLUBS TEN DIAMONDS KING,0.5848,0.0068,0.4084
SPADES JACK CLUBS QUEEN,0.5778,0.0044,0.4178
CLUBS SIX CLUBS QUEEN,0.6088,0.004,0.3872
SPADES TEN CLUBS QUEEN,0.5764,0.0042,0.4194
CLUBS SIX CLUBS KING,0.6106,0.005,0.3844
HEARTS FIVE HEARTS KING,0.5834,0.0048,0.4118
HEARTS FIVE HEARTS QUEEN,0.5854,0.005,0.4096
CLUBS TEN CLUBS SIX,0.6018,0.0042,0.394
HEARTS FIVE HEARTS ACE,0.5396,0.164,0.2964
CLUBS SIX CLUBS JACK,0.6078,0.0046,0.3876
SPADES SEVEN HEARTS JACK,0.6312,0.0016,0.3672
SPADES SEVEN HEARTS TEN,0.612,0.0024,0.3856
DIAMONDS TWO CLUBS TWO,0.4774,0.0068,0.5158
DIAMONDS TWO CLUBS THREE,0.6484,0.004,0.3476
DIAMONDS TWO HEARTS SIX,0.6718,0.003,0.3252
DIAMONDS TWO HEARTS QUEEN,0.647,0.0046,0.3484
HEARTS SEVEN DIAMONDS TWO,0.681,0.0046,0.3144
DIAMONDS TWO HEARTS KING,0.6352,0.0054,0.3594
DIAMONDS TWO HEARTS EIGHT,0.6594,0.004,0.3366
DIAMONDS TWO HEARTS ACE,0.5818,0.1746,0.2436
DIAMONDS TWO HEARTS NINE,0.7608,0.0234,0.2158
DIAMONDS TWO DIAMONDS QUEEN,0.6094,0.005,0.3856
DIAMONDS TWO HEARTS TWO,0.4574,0.0064,0.5362
DIAMONDS TWO DIAMONDS KING,0.611,0.0048,0.3842
DIAMONDS TWO HEARTS THREE,0.6642,0.0054,0.3304
DIAMONDS TWO DIAMONDS ACE,0.551,0.1694,0.2796
HEARTS FOUR DIAMONDS TWO,0.6538,0.0058,0.3404
HEARTS FIVE DIAMONDS TWO,0.6586,0.0044,0.337
SPADES SEVEN HEARTS ACE,0.5868,0.1668,0.2464
DIAMONDS TWO DIAMONDS TEN,0.6218,0.0048,0.3734
SPADES SEVEN HEARTS KING,0.6312,0.0026,0.3662
DIAMONDS TWO DIAMONDS JACK,0.6032,0.0032,0.3936
SPADES SEVEN HEARTS QUEEN,0.6446,0.0038,0.3516
DIAMONDS TWO SPADES NINE,0.7566,0.0256,0.2178
DIAMONDS TWO SPADES EIGHT,0.6632,0.0044,0.3324
DIAMONDS TWO SPADES SEVEN,0.6854,0.0036,0.311
DIAMONDS TWO SPADES SIX,0.664,0.0036,0.3324
DIAMONDS TWO SPADES FIVE,0.6514,0.0058,0.3428
DIAMONDS TWO SPADES FOUR,0.6538,0.0056,0.3406
DIAMONDS TWO SPADES THREE,0.6596,0.0052,0.3352
DIAMONDS TWO SPADES TWO,0.4634,0.0056,0.531
CLUBS NINE DIAMONDS TWO,0.759,0.029,0.212
DIAMONDS TWO CLUBS EIGHT,0.6816,0.0036,0.3148
CLUBS SEVEN DIAMONDS TWO,0.6728,0.0058,0.3214
DIAMONDS TWO CLUBS SIX,0.6758,0.0058,0.3184
DIAMONDS TWO CLUBS FIVE,0.6458,0.0056,0.3486
DIAMONDS TWO CLUBS FOUR,0.6634,0.0064,0.3302
CLUBS FOUR SPADES FIVE,0.625,0.0072,0.3678
CLUBS FOUR SPADES FOUR,0.4552,0.0042,0.5406
CLUBS FOUR SPADES THREE,0.6448,0.0062,0.349
CLUBS FOUR SPADES TWO,0.6524,0.0052,0.3424
SPADES NINE CLUBS FOUR,0.7546,0.0304,0.215
SPADES EIGHT CLUBS FOUR,0.6708,0.0042,0.325
SPADES SEVEN CLUBS FOUR,0.6474,0.005,0.3476
CLUBS FOUR SPADES SIX,0.6294,0.0038,0.3668
SPADES ACE DIAMONDS SIX,0.619,0.167,0.214
SPADES QUEEN DIAMONDS SIX,0.6404,0.006,0.3536
SPADES KING DIAMONDS SIX,0.6402,0.003,0.3568
SPADES TEN DIAMONDS SIX,0.6346,0.003,0.3624
SPADES JACK DIAMONDS SIX,0.6472,0.004,0.3488
SPADES QUEEN SPADES TWO,0.596,0.005,0.399
SPADES KING SPADES TWO,0.6038,0.0042,0.392
SPADES ACE SPADES TWO,0.5384,0.1698,0.2918
DIAMONDS JACK CLUBS JACK,0.2946,0.0044,0.701
CLUBS TEN DIAMONDS JACK,0.5644,0.0052,0.4304
DIAMONDS JACK CLUBS KING,0.5772,0.0054,0.4174
DIAMONDS JACK CLUBS QUEEN,0.5712,0.004,0.4248
DIAMONDS THREE DIAMONDS JACK,0.5938,0.0042,0.402
DIAMONDS THREE DIAMONDS TEN,0.6004,0.0054,0.3942
DIAMONDS THREE DIAMONDS KING,0.6008,0.0036,0.3956
DIAMONDS THREE HEARTS THREE,0.458,0.0044,0.5376
DIAMONDS THREE DIAMONDS QUEEN,0.6028,0.0052,0.392
DIAMONDS THREE HEARTS TWO,0.6482,0.0042,0.3476
HEARTS FIVE DIAMONDS THREE,0.6432,0.0038,0.353
DIAMONDS THREE DIAMONDS ACE,0.5496,0.1726,0.2778
HEARTS FOUR DIAMONDS THREE,0.6524,0.0044,0.3432
HEARTS SEVEN DIAMONDS THREE,0.6684,0.006,0.3256
SPADES TEN SPADES NINE,0.6534,0.0112,0.3354
HEARTS SIX DIAMONDS THREE,0.6496,0.0032,0.3472
SPADES JACK SPADES NINE,0.6676,0.0162,0.3162
DIAMONDS THREE HEARTS NINE,0.7446,0.0294,0.226
HEARTS JACK DIAMONDS FOUR,0.6308,0.0038,0.3654
HEARTS ACE HEARTS KING,0.2286,0.048,0.7234
SPADES TEN SPADES TWO,0.5894,0.0058,0.4048
DIAMONDS THREE HEARTS EIGHT,0.6738,0.0032,0.323
HEARTS TEN DIAMONDS FOUR,0.6318,0.004,0.3642
SPADES JACK SPADES TWO,0.5904,0.0046,0.405
HEARTS QUEEN DIAMONDS FOUR,0.6374,0.0046,0.358
HEARTS KING DIAMONDS FOUR,0.6376,0.0028,0.3596
SPADES ACE SPADES NINE,0.0196,0.906,0.0744
HEARTS ACE DIAMONDS FOUR,0.5918,0.1766,0.2316
SPADES KING SPADES NINE,0.6788,0.0228,0.2984
SPADES QUEEN SPADES NINE,0.6672,0.0178,0.315
DIAMONDS THREE SPADES NINE,0.7592,0.0258,0.215
DIAMONDS THREE SPADES EIGHT,0.6818,0.0036,0.3146
DIAMONDS THREE SPADES SEVEN,0.6584,0.0036,0.338
DIAMONDS THREE SPADES SIX,0.6524,0.0042,0.3434
DIAMONDS THREE CLUBS SIX,0.6558,0.0056,0.3386
CLUBS FIVE CLUBS SIX,0.5934,0.0058,0.4008
CLUBS SEVEN DIAMONDS THREE,0.6746,0.0056,0.3198
CLUBS SEVEN CLUBS FIVE,0.6184,0.0038,0.3778
DIAMONDS THREE CLUBS FOUR,0.6434,0.0058,0.3508
DIAMONDS FOUR CLUBS QUEEN,0.65,0.0044,0.3456
DIAMONDS THREE CLUBS FIVE,0.6428,0.0064,0.3508
CLUBS KING DIAMONDS FOUR,0.6378,0.0052,0.357
DIAMONDS THREE CLUBS TWO,0.6592,0.0064,0.3344
CLUBS TEN DIAMONDS FOUR,0.6354,0.0068,0.3578
DIAMONDS THREE CLUBS THREE,0.4702,0.0064,0.5234
DIAMONDS FOUR CLUBS JACK,0.6564,0.0062,0.3374
DIAMONDS THREE SPADES FOUR,0.6414,0.0056,0.353
DIAMONDS THREE SPADES FIVE,0.6318,0.0038,0.3644
DIAMONDS THREE SPADES TWO,0.6498,0.0044,0.3458
DIAMONDS THREE SPADES THREE,0.4706,0.0058,0.5236
CLUBS EIGHT DIAMONDS THREE,0.6758,0.0048,0.3194
CLUBS NINE DIAMONDS THREE,0.7488,0.0244,0.2268
SPADES SEVEN CLUBS QUEEN,0.6254,0.0036,0.371
SPADES SEVEN CLUBS KING,0.6402,0.003,0.3568
CLUBS FIVE SPADES SEVEN,0.6486,0.0046,0.3468
CLUBS TEN SPADES SEVEN,0.6234,0.004,0.3726
CLUBS FIVE SPADES SIX,0.6272,0.0026,0.3702
SPADES SEVEN CLUBS JACK,0.637,0.0022,0.3608
CLUBS FIVE SPADES NINE,0.732,0.023,0.245
CLUBS FIVE SPADES EIGHT,0.65,0.0044,0.3456
CLUBS FIVE SPADES THREE,0.6342,0.0046,0.3612
CLUBS FIVE SPADES TWO,0.6456,0.0056,0.3488
CLUBS FIVE SPADES FIVE,0.4626,0.005,0.5324
CLUBS FIVE SPADES FOUR,0.6408,0.005,0.3542
CLUBS NINE CLUBS FIVE,0.6972,0.0314,0.2714
CLUBS EIGHT CLUBS FIVE,0.623,0.0052,0.3718
CLUBS KING CLUBS QUEEN,0.5462,0.0052,0.4486
DIAMONDS TEN DIAMONDS FOUR,0.602,0.0046,0.3934
DIAMONDS JACK DIAMONDS FOUR,0.6004,0.004,0.3956
SPADES NINE CLUBS JACK,0.7012,0.0186,0.2802
CLUBS TEN SPADES NINE,0.6882,0.015,0.2968
DIAMONDS ACE DIAMONDS FOUR,0.5716,0.157,0.2714
HEARTS FOUR DIAMONDS FOUR,0.469,0.0046,0.5264
DIAMONDS JACK HEARTS TEN,0.5586,0.0036,0.4378
SPADES NINE CLUBS KING,0.7328,0.0226,0.2446
DIAMONDS TWO SPADES TEN,0.644,0.005,0.351
HEARTS FIVE DIAMONDS FOUR,0.6224,0.0068,0.3708
DIAMONDS JACK HEARTS JACK,0.2954,0.0058,0.6988
SPADES NINE CLUBS QUEEN,0.706,0.0232,0.2708
DIAMONDS TWO SPADES JACK,0.6512,0.003,0.3458
DIAMONDS QUEEN DIAMONDS FOUR,0.6132,0.0046,0.3822
HEARTS TWO DIAMONDS FOUR,0.6538,0.0046,0.3416
DIAMONDS KING DIAMONDS FOUR,0.6132,0.0054,0.3814
HEARTS THREE DIAMONDS FOUR,0.6464,0.0054,0.3482
HEARTS ACE DIAMONDS JACK,0.2304,0.087,0.6826
SPADES ACE DIAMONDS TWO,0.5946,0.1758,0.2296
HEARTS QUEEN DIAMONDS JACK,0.5702,0.005,0.4248
SPADES QUEEN DIAMONDS TWO,0.6424,0.0052,0.3524
HEARTS KING DIAMONDS JACK,0.5808,0.0044,0.4148
SPADES KING DIAMONDS TWO,0.6344,0.0052,0.3604
SPADES JACK SPADES SEVEN,0.5858,0.0028,0.4114
SPADES TEN SPADES SEVEN,0.5834,0.0036,0.413
CLUBS SEVEN CLUBS THREE,0.638,0.0076,0.3544
CLUBS SIX CLUBS THREE,0.6232,0.0052,0.3716
CLUBS FIVE CLUBS THREE,0.613,0.004,0.383
CLUBS THREE CLUBS FOUR,0.6,0.0052,0.3948
CLUBS NINE CLUBS THREE,0.7244,0.0276,0.248
CLUBS EIGHT CLUBS THREE,0.637,0.0064,0.3566
CLUBS THREE SPADES FIVE,0.6388,0.0036,0.3576
CLUBS THREE SPADES FOUR,0.6386,0.004,0.3574
CLUBS THREE SPADES THREE,0.4818,0.0042,0.514
CLUBS THREE SPADES TWO,0.652,0.0058,0.3422
CLUBS THREE SPADES SIX,0.6654,0.005,0.3296
CLUBS THREE SPADES SEVEN,0.6628,0.0048,0.3324
SPADES EIGHT CLUBS THREE,0.6714,0.004,0.3246
SPADES NINE CLUBS THREE,0.7612,0.0302,0.2086
SPADES TWO DIAMONDS FOUR,0.6494,0.0048,0.3458
SPADES THREE DIAMONDS FOUR,0.6442,0.0056,0.3502
SPADES FOUR DIAMONDS FOUR,0.4716,0.0036,0.5248
SPADES FIVE DIAMONDS FOUR,0.6234,0.0058,0.3708
SPADES SIX DIAMONDS FOUR,0.6386,0.0046,0.3568
SPADES SEVEN DIAMONDS FOUR,0.653,0.0038,0.3432
SPADES EIGHT DIAMONDS FOUR,0.6598,0.0036,0.3366
SPADES NINE DIAMONDS FOUR,0.7536,0.0218,0.2246
CLUBS FIVE DIAMONDS FOUR,0.6256,0.0056,0.3688
CLUBS FOUR DIAMONDS FOUR,0.4802,0.006,0.5138
CLUBS SEVEN DIAMONDS FOUR,0.6544,0.0064,0.3392
CLUBS SIX DIAMONDS FOUR,0.645,0.0028,0.3522
CLUBS NINE DIAMONDS FOUR,0.77,0.023,0.207
CLUBS EIGHT DIAMONDS FOUR,0.6782,0.0054,0.3164
HEARTS SEVEN DIAMONDS FOUR,0.6468,0.0036,0.3496
HEARTS SIX DIAMONDS FOUR,0.6504,0.0054,0.3442
DIAMONDS FOUR HEARTS NINE,0.7532,0.0256,0.2212
DIAMONDS FOUR HEARTS EIGHT,0.6564,0.004,0.3396
CLUBS THREE DIAMONDS FOUR,0.6482,0.0054,0.3464
CLUBS TWO DIAMONDS FOUR,0.6602,0.0062,0.3336
DIAMONDS TEN DIAMONDS FIVE,0.5942,0.0056,0.4002
DIAMONDS JACK DIAMONDS FIVE,0.6038,0.0052,0.391
CLUBS KING DIAMONDS SIX,0.6408,0.0056,0.3536
CLUBS QUEEN DIAMONDS SIX,0.6528,0.0052,0.342
SPADES KING DIAMONDS FOUR,0.6468,0.005,0.3482
SPADES ACE SPADES SEVEN,0.5594,0.1604,0.2802
SPADES QUEEN DIAMONDS FOUR,0.6526,0.0056,0.3418
SPADES QUEEN SPADES SEVEN,0.5956,0.0054,0.399
CLUBS JACK DIAMONDS SIX,0.6454,0.0058,0.3488
SPADES KING SPADES SEVEN,0.5886,0.0034,0.408
SPADES ACE DIAMONDS FOUR,0.595,0.1676,0.2374
CLUBS TEN DIAMONDS SIX,0.622,0.004,0.374
CLUBS NINE CLUBS FOUR,0.7194,0.0266,0.254
CLUBS EIGHT CLUBS FOUR,0.6328,0.0038,0.3634
SPADES JACK DIAMONDS FOUR,0.6504,0.0042,0.3454
SPADES TEN DIAMONDS FOUR,0.6502,0.003,0.3468
CLUBS FIVE CLUBS FOUR,0.5874,0.0052,0.4074
CLUBS SEVEN CLUBS FOUR,0.6254,0.0046,0.37
CLUBS SIX CLUBS FOUR,0.6072,0.0046,0.3882
CLUBS SEVEN SPADES EIGHT,0.6124,0.0042,0.3834
CLUBS SEVEN SPADES NINE,0.7236,0.0178,0.2586
CLUBS SEVEN SPADES SIX,0.6362,0.003,0.3608
CLUBS SEVEN SPADES SEVEN,0.4444,0.0038,0.5518
CLUBS SEVEN SPADES FIVE,0.6276,0.0046,0.3678
CLUBS SEVEN SPADES FOUR,0.661,0.005,0.334
CLUBS SEVEN SPADES THREE,0.66,0.0032,0.3368
CLUBS SEVEN SPADES TWO,0.6856,0.0052,0.3092
CLUBS NINE CLUBS SEVEN,0.6822,0.0226,0.2952
CLUBS SEVEN CLUBS EIGHT,0.588,0.0046,0.4074
HEARTS SIX DIAMONDS FIVE,0.623,0.0044,0.3726
HEARTS SEVEN DIAMONDS FIVE,0.6356,0.0056,0.3588
DIAMONDS FIVE HEARTS EIGHT,0.651,0.0056,0.3434
DIAMONDS FIVE HEARTS NINE,0.7304,0.0258,0.2438
DIAMONDS QUEEN DIAMONDS FIVE,0.6106,0.0048,0.3846
HEARTS TWO DIAMONDS FIVE,0.6478,0.0054,0.3468
HEARTS KING HEARTS EIGHT,0.5912,0.0036,0.4052
DIAMONDS KING DIAMONDS FIVE,0.5994,0.006,0.3946
HEARTS THREE DIAMONDS FIVE,0.6458,0.0048,0.3494
HEARTS QUEEN HEARTS EIGHT,0.5836,0.0048,0.4116
DIAMONDS ACE DIAMONDS FIVE,0.5482,0.1708,0.281
HEARTS FOUR DIAMONDS FIVE,0.6228,0.006,0.3712
HEARTS FIVE DIAMONDS FIVE,0.4654,0.0062,0.5284
HEARTS ACE HEARTS EIGHT,0.5572,0.158,0.2848
CLUBS FOUR DIAMONDS FIVE,0.6248,0.006,0.3692
CLUBS FIVE DIAMONDS FIVE,0.4556,0.0054,0.539
CLUBS SIX DIAMONDS FIVE,0.6244,0.0044,0.3712
CLUBS SEVEN DIAMONDS FIVE,0.642,0.0048,0.3532
CLUBS TWO DIAMONDS FIVE,0.6622,0.006,0.3318
CLUBS THREE DIAMONDS FIVE,0.6368,0.0062,0.357
SPADES THREE DIAMONDS FIVE,0.6368,0.0052,0.358
SPADES TWO DIAMONDS FIVE,0.6486,0.0048,0.3466
SPADES JACK DIAMONDS EIGHT,0.6224,0.0038,0.3738
SPADES FIVE DIAMONDS FIVE,0.464,0.004,0.532
CLUBS TEN HEARTS JACK,0.5688,0.003,0.4282
SPADES TEN DIAMONDS EIGHT,0.6142,0.0052,0.3806
SPADES FOUR DIAMONDS FIVE,0.6392,0.004,0.3568
HEARTS JACK CLUBS JACK,0.3028,0.0042,0.693
HEARTS JACK CLUBS QUEEN,0.5802,0.0034,0.4164
CLUBS NINE DIAMONDS FIVE,0.7472,0.0278,0.225
CLUBS KING HEARTS JACK,0.5888,0.004,0.4072
CLUBS EIGHT DIAMONDS FIVE,0.6502,0.0052,0.3446
SPADES SEVEN DIAMONDS FIVE,0.6344,0.0054,0.3602
SPADES KING DIAMONDS EIGHT,0.6364,0.0026,0.361
SPADES QUEEN DIAMONDS EIGHT,0.6374,0.0032,0.3594
SPADES SIX DIAMONDS FIVE,0.6316,0.0036,0.3648
SPADES NINE DIAMONDS FIVE,0.7364,0.0242,0.2394
SPADES EIGHT DIAMONDS FIVE,0.6432,0.0038,0.353
SPADES ACE DIAMONDS EIGHT,0.5982,0.1664,0.2354
DIAMONDS TEN DIAMONDS SIX,0.6026,0.005,0.3924
HEARTS ACE DIAMONDS SEVEN,0.5916,0.171,0.2374
DIAMONDS JACK DIAMONDS SIX,0.603,0.005,0.392
HEARTS QUEEN DIAMONDS SEVEN,0.6326,0.0032,0.3642
HEARTS KING DIAMONDS SEVEN,0.6334,0.003,0.3636
DIAMONDS ACE DIAMONDS SIX,0.5822,0.1586,0.2592
HEARTS FOUR DIAMONDS SIX,0.6448,0.006,0.3492
SPADES TWO HEARTS JACK,0.62,0.004,0.376
HEARTS FIVE DIAMONDS SIX,0.6316,0.004,0.3644
SPADES TWO HEARTS TEN,0.6416,0.003,0.3554
DIAMONDS QUEEN DIAMONDS SIX,0.6098,0.0062,0.384
HEARTS TWO DIAMONDS SIX,0.6722,0.0058,0.322
DIAMONDS KING DIAMONDS SIX,0.607,0.0042,0.3888
HEARTS THREE DIAMONDS SIX,0.664,0.0046,0.3314
HEARTS EIGHT DIAMONDS SIX,0.6466,0.0046,0.3488
HEARTS NINE DIAMONDS SIX,0.729,0.022,0.249
HEARTS SIX DIAMONDS SIX,0.4698,0.0042,0.526
HEARTS SEVEN DIAMONDS SIX,0.631,0.0034,0.3656
HEARTS TEN DIAMONDS SEVEN,0.6196,0.0036,0.3768
CLUBS TWO DIAMONDS SIX,0.6836,0.0054,0.311
HEARTS JACK DIAMONDS SEVEN,0.6398,0.0038,0.3564
CLUBS THREE DIAMONDS SIX,0.6654,0.0048,0.3298
CLUBS SEVEN DIAMONDS SIX,0.6406,0.0036,0.3558
DIAMONDS EIGHT CLUBS JACK,0.619,0.0076,0.3734
CLUBS SIX DIAMONDS SIX,0.4616,0.0072,0.5312
CLUBS TEN DIAMONDS EIGHT,0.619,0.0056,0.3754
CLUBS FIVE DIAMONDS SIX,0.6406,0.0036,0.3558
CLUBS FOUR DIAMONDS SIX,0.6422,0.005,0.3528
HEARTS ACE HEARTS JACK,0.2328,0.0902,0.677
HEARTS QUEEN HEARTS JACK,0.5176,0.0046,0.4778
DIAMONDS EIGHT CLUBS KING,0.6274,0.0044,0.3682
CLUBS NINE DIAMONDS SIX,0.7316,0.0278,0.2406
HEARTS KING HEARTS JACK,0.5318,0.0048,0.4634
DIAMONDS EIGHT CLUBS QUEEN,0.639,0.0034,0.3576
CLUBS EIGHT DIAMONDS SIX,0.642,0.0042,0.3538
SPADES TEN HEARTS KING,0.57,0.0032,0.4268
SPADES FIVE DIAMONDS SIX,0.6206,0.0046,0.3748
HEARTS ACE SPADES TWO,0.593,0.1662,0.2408
SPADES JACK HEARTS KING,0.5738,0.0022,0.424
SPADES FOUR DIAMONDS SIX,0.6378,0.0036,0.3586
SPADES THREE DIAMONDS SIX,0.651,0.0052,0.3438
HEARTS QUEEN SPADES TWO,0.6388,0.005,0.3562
SPADES ACE SPADES KING,0.2426,0.0426,0.7148
HEARTS KING SPADES TWO,0.647,0.0038,0.3492
SPADES TWO DIAMONDS SIX,0.664,0.0064,0.3296
HEARTS TEN HEARTS EIGHT,0.5604,0.0028,0.4368
SPADES NINE DIAMONDS SIX,0.7342,0.0256,0.2402
HEARTS JACK HEARTS EIGHT,0.5668,0.0042,0.429
SPADES EIGHT DIAMONDS SIX,0.6446,0.004,0.3514
SPADES SEVEN DIAMONDS SIX,0.6254,0.004,0.3706
SPADES SIX DIAMONDS SIX,0.4558,0.0054,0.5388
SPADES KING HEARTS KING,0.2892,0.0042,0.7066
SPADES QUEEN HEARTS KING,0.5846,0.0024,0.413
SPADES ACE HEARTS KING,0.2644,0.0436,0.692
SPADES ACE HEARTS JACK,0.2298,0.0842,0.686
SPADES QUEEN HEARTS JACK,0.574,0.003,0.423
SPADES KING HEARTS JACK,0.5778,0.0022,0.42
SPADES TEN DIAMONDS TEN,0.3112,0.004,0.6848
SPADES JACK DIAMONDS TEN,0.5598,0.004,0.4362
SPADES ACE DIAMONDS TEN,0.2286,0.1192,0.6522
SPADES JACK HEARTS JACK,0.2992,0.002,0.6988
SPADES TEN HEARTS JACK,0.5714,0.0044,0.4242
SPADES QUEEN DIAMONDS TEN,0.5652,0.003,0.4318
SPADES KING DIAMONDS TEN,0.5834,0.0026,0.414
SPADES NINE DIAMONDS SEVEN,0.7068,0.0208,0.2724
SPADES EIGHT DIAMONDS SEVEN,0.6272,0.005,0.3678
SPADES SEVEN DIAMONDS SEVEN,0.4596,0.005,0.5354
SPADES SIX DIAMONDS SEVEN,0.6394,0.0034,0.3572
DIAMONDS KING DIAMONDS SEVEN,0.6074,0.005,0.3876
HEARTS THREE DIAMONDS SEVEN,0.663,0.0048,0.3322
HEARTS KING DIAMONDS FIVE,0.634,0.004,0.362
DIAMONDS QUEEN DIAMONDS SEVEN,0.606,0.0042,0.3898
HEARTS TWO DIAMONDS SEVEN,0.684,0.0034,0.3126
HEARTS QUEEN DIAMONDS FIVE,0.631,0.0056,0.3634
HEARTS FIVE DIAMONDS SEVEN,0.6322,0.0034,0.3644
DIAMONDS ACE DIAMONDS SEVEN,0.5788,0.1674,0.2538
HEARTS FOUR DIAMONDS SEVEN,0.6472,0.005,0.3478
HEARTS ACE DIAMONDS FIVE,0.5876,0.1762,0.2362
HEARTS SEVEN DIAMONDS SEVEN,0.4456,0.0028,0.5516
HEARTS SIX DIAMONDS SEVEN,0.6306,0.0028,0.3666
DIAMONDS SEVEN HEARTS NINE,0.7176,0.0214,0.261
HEARTS EIGHT DIAMONDS SEVEN,0.6358,0.0034,0.3608
DIAMONDS JACK DIAMONDS SEVEN,0.5998,0.0046,0.3956
DIAMONDS FIVE HEARTS JACK,0.6274,0.0042,0.3684
DIAMONDS TEN DIAMONDS SEVEN,0.5864,0.0036,0.41
HEARTS TEN DIAMONDS FIVE,0.6374,0.0052,0.3574
SPADES KING CLUBS TWO,0.6302,0.0038,0.366
HEARTS KING CLUBS KING,0.291,0.0038,0.7052
CLUBS EIGHT DIAMONDS SEVEN,0.6262,0.0034,0.3704
SPADES QUEEN CLUBS TWO,0.6458,0.0042,0.35
HEARTS KING CLUBS QUEEN,0.597,0.004,0.399
CLUBS NINE DIAMONDS SEVEN,0.7114,0.026,0.2626
SPADES TWO CLUBS JACK,0.644,0.0052,0.3508
SPADES ACE CLUBS TWO,0.5904,0.1794,0.2302
CLUBS TEN SPADES TWO,0.6376,0.005,0.3574
CLUBS SEVEN CLUBS SIX,0.5982,0.0042,0.3976
SPADES TWO CLUBS KING,0.6362,0.0052,0.3586
SPADES TWO DIAMONDS SEVEN,0.686,0.0038,0.3102
CLUBS EIGHT CLUBS SIX,0.6038,0.006,0.3902
SPADES THREE DIAMONDS SEVEN,0.6636,0.0036,0.3328
SPADES TWO CLUBS QUEEN,0.641,0.0048,0.3542
CLUBS NINE CLUBS SIX,0.6994,0.0234,0.2772
SPADES FOUR DIAMONDS SEVEN,0.6568,0.004,0.3392
HEARTS KING CLUBS JACK,0.5972,0.0042,0.3986
SPADES FIVE DIAMONDS SEVEN,0.644,0.0052,0.3508
CLUBS TEN HEARTS KING,0.595,0.0052,0.3998
CLUBS SIX SPADES TWO,0.6624,0.0042,0.3334
CLUBS SIX SPADES THREE,0.6532,0.0052,0.3416
CLUBS TWO DIAMONDS SEVEN,0.688,0.0064,0.3056
CLUBS SIX SPADES FOUR,0.6472,0.0026,0.3502
CLUBS THREE DIAMONDS SEVEN,0.6578,0.0062,0.336
CLUBS SIX SPADES FIVE,0.63,0.0052,0.3648
CLUBS FOUR DIAMONDS SEVEN,0.6646,0.0058,0.3296
CLUBS SIX SPADES SIX,0.461,0.0028,0.5362
CLUBS FIVE DIAMONDS SEVEN,0.6538,0.0046,0.3416
CLUBS SIX SPADES SEVEN,0.6422,0.0034,0.3544
CLUBS SIX DIAMONDS SEVEN,0.6284,0.0042,0.3674
CLUBS SIX SPADES EIGHT,0.6484,0.0032,0.3484
SPADES JACK CLUBS TWO,0.641,0.0038,0.3552
CLUBS SEVEN DIAMONDS SEVEN,0.443,0.0054,0.5516
SPADES NINE CLUBS SIX,0.72,0.0278,0.2522
SPADES TEN CLUBS TWO,0.642,0.0042,0.3538
CLUBS TWO CLUBS QUEEN,0.6018,0.0036,0.3946
CLUBS TWO CLUBS KING,0.6146,0.0042,0.3812
CLUBS THREE DIAMONDS EIGHT,0.6714,0.0052,0.3234
CLUBS TWO DIAMONDS EIGHT,0.6816,0.0062,0.3122
HEARTS SEVEN DIAMONDS EIGHT,0.6284,0.0028,0.3688
HEARTS SIX DIAMONDS EIGHT,0.6508,0.0032,0.346
DIAMONDS EIGHT HEARTS NINE,0.7022,0.0214,0.2764
CLUBS TEN CLUBS TWO,0.626,0.0052,0.3688
DIAMONDS EIGHT HEARTS EIGHT,0.4442,0.0022,0.5536
CLUBS TWO CLUBS JACK,0.612,0.0058,0.3822
CLUBS NINE DIAMONDS EIGHT,0.7046,0.0208,0.2746
CLUBS EIGHT DIAMONDS EIGHT,0.4482,0.0046,0.5472
CLUBS FIVE DIAMONDS EIGHT,0.6524,0.0054,0.3422
SPADES ACE SPADES THREE,0.54,0.1676,0.2924
CLUBS FOUR DIAMONDS EIGHT,0.6738,0.0072,0.319
CLUBS SEVEN DIAMONDS EIGHT,0.6454,0.0028,0.3518
SPADES QUEEN SPADES THREE,0.599,0.0052,0.3958
CLUBS SIX DIAMONDS EIGHT,0.644,0.0034,0.3526
SPADES KING SPADES THREE,0.5876,0.0044,0.408
DIAMONDS EIGHT DIAMONDS QUEEN,0.5966,0.0048,0.3986
HEARTS TWO DIAMONDS EIGHT,0.6792,0.0054,0.3154
DIAMONDS KING DIAMONDS EIGHT,0.596,0.0046,0.3994
HEARTS THREE DIAMONDS EIGHT,0.6742,0.0052,0.3206
DIAMONDS ACE DIAMONDS EIGHT,0.5732,0.162,0.2648
HEARTS FOUR DIAMONDS EIGHT,0.6658,0.0032,0.331
HEARTS FIVE DIAMONDS EIGHT,0.653,0.0036,0.3434
DIAMONDS TEN DIAMONDS EIGHT,0.567,0.005,0.428
DIAMONDS EIGHT DIAMONDS JACK,0.5872,0.0046,0.4082
SPADES JACK SPADES THREE,0.5878,0.004,0.4082
SPADES TEN SPADES THREE,0.5844,0.003,0.4126
CLUBS FOUR HEARTS ACE,0.5772,0.1838,0.239
CLUBS FOUR HEARTS QUEEN,0.6426,0.0036,0.3538
CLUBS FOUR HEARTS KING,0.642,0.0048,0.3532
CLUBS SIX HEARTS TEN,0.6158,0.0046,0.3796
CLUBS SIX HEARTS JACK,0.6462,0.003,0.3508
DIAMONDS EIGHT SPADES FOUR,0.6582,0.004,0.3378
SPADES FIVE DIAMONDS EIGHT,0.6468,0.0044,0.3488
DIAMONDS EIGHT SPADES TWO,0.6728,0.0048,0.3224
DIAMONDS EIGHT SPADES THREE,0.676,0.0038,0.3202
CLUBS FOUR HEARTS JACK,0.638,0.0046,0.3574
SPADES EIGHT DIAMONDS EIGHT,0.4462,0.003,0.5508
SPADES TEN DIAMONDS QUEEN,0.5728,0.0044,0.4228
SPADES TEN HEARTS TWO,0.6358,0.0028,0.3614
SPADES JACK HEARTS EIGHT,0.6006,0.003,0.3964
CLUBS FOUR HEARTS TEN,0.6348,0.006,0.3592
SPADES NINE DIAMONDS EIGHT,0.6996,0.0222,0.2782
SPADES TEN HEARTS EIGHT,0.5906,0.0034,0.406
SPADES JACK HEARTS TWO,0.6336,0.0042,0.3622
SPADES JACK DIAMONDS QUEEN,0.562,0.005,0.433
SPADES SIX DIAMONDS EIGHT,0.6376,0.0036,0.3588
SPADES SEVEN DIAMONDS EIGHT,0.6248,0.0044,0.3708
SPADES ACE HEARTS TWO,0.591,0.1644,0.2446
SPADES ACE DIAMONDS QUEEN,0.2348,0.062,0.7032
SPADES ACE HEARTS EIGHT,0.6024,0.171,0.2266
SPADES KING HEARTS EIGHT,0.6304,0.0026,0.367
SPADES QUEEN HEARTS TWO,0.6316,0.0042,0.3642
SPADES QUEEN DIAMONDS QUEEN,0.2938,0.0036,0.7026
SPADES KING DIAMONDS QUEEN,0.5746,0.004,0.4214
SPADES KING HEARTS TWO,0.635,0.0042,0.3608
SPADES QUEEN HEARTS EIGHT,0.6166,0.0028,0.3806
CLUBS TWO HEARTS TEN,0.657,0.0022,0.3408
CLUBS TWO HEARTS JACK,0.629,0.0036,0.3674
SPADES TEN CLUBS KING,0.5912,0.0034,0.4054
SPADES JACK CLUBS KING,0.5912,0.0054,0.4034
SPADES JACK CLUBS FOUR,0.6422,0.005,0.3528
SPADES TEN CLUBS FOUR,0.6482,0.004,0.3478
CLUBS NINE CLUBS EIGHT,0.6654,0.0208,0.3138
HEARTS ACE CLUBS TWO,0.5844,0.1776,0.238
SPADES ACE CLUBS FOUR,0.5866,0.1732,0.2402
CLUBS TWO HEARTS KING,0.6304,0.0062,0.3634
SPADES KING CLUBS FOUR,0.6326,0.0042,0.3632
CLUBS TWO HEARTS QUEEN,0.6464,0.0048,0.3488
SPADES QUEEN CLUBS FOUR,0.6384,0.0054,0.3562
CLUBS EIGHT SPADES NINE,0.6846,0.0232,0.2922
CLUBS EIGHT SPADES EIGHT,0.4412,0.0042,0.5546
CLUBS EIGHT SPADES SEVEN,0.6286,0.0044,0.367
CLUBS EIGHT SPADES SIX,0.6302,0.0048,0.365
CLUBS EIGHT SPADES FIVE,0.6486,0.0038,0.3476
CLUBS EIGHT SPADES FOUR,0.6634,0.0042,0.3324
CLUBS EIGHT SPADES THREE,0.6796,0.0048,0.3156
CLUBS EIGHT SPADES TWO,0.6842,0.0038,0.312
HEARTS SIX DIAMONDS TEN,0.6464,0.0044,0.3492
HEARTS SEVEN DIAMONDS TEN,0.6048,0.0052,0.39
DIAMONDS TEN HEARTS EIGHT,0.6018,0.0046,0.3936
CLUBS FOUR CLUBS JACK,0.6162,0.0054,0.3784
DIAMONDS TEN HEARTS NINE,0.6874,0.0192,0.2934
CLUBS TEN CLUBS FOUR,0.607,0.0046,0.3884
CLUBS FOUR CLUBS KING,0.6098,0.0046,0.3856
CLUBS FOUR CLUBS QUEEN,0.6108,0.005,0.3842
DIAMONDS TEN CLUBS TWO,0.6394,0.0046,0.356
CLUBS THREE DIAMONDS TEN,0.6416,0.0046,0.3538
DIAMONDS TEN DIAMONDS JACK,0.5458,0.0032,0.451
DIAMONDS TEN DIAMONDS QUEEN,0.5434,0.0046,0.452
HEARTS TWO DIAMONDS TEN,0.6394,0.0028,0.3578
DIAMONDS KING DIAMONDS TEN,0.5506,0.003,0.4464
HEARTS THREE DIAMONDS TEN,0.6426,0.0046,0.3528
DIAMONDS ACE DIAMONDS TEN,0.2198,0.112,0.6682
HEARTS FOUR DIAMONDS TEN,0.6334,0.004,0.3626
CLUBS EIGHT HEARTS JACK,0.6248,0.0028,0.3724
HEARTS FIVE DIAMONDS TEN,0.6302,0.0046,0.3652
CLUBS EIGHT HEARTS TEN,0.6066,0.005,0.3884
CLUBS EIGHT HEARTS QUEEN,0.6438,0.0036,0.3526
CLUBS EIGHT HEARTS KING,0.646,0.0034,0.3506
CLUBS EIGHT HEARTS ACE,0.5898,0.182,0.2282
CLUBS NINE SPADES THREE,0.7552,0.0226,0.2222
CLUBS NINE SPADES TWO,0.7558,0.0274,0.2168
CLUBS NINE SPADES FIVE,0.744,0.0244,0.2316
CLUBS NINE SPADES FOUR,0.7668,0.0272,0.206
CLUBS NINE SPADES SEVEN,0.7018,0.0238,0.2744
CLUBS NINE SPADES SIX,0.723,0.0204,0.2566
CLUBS NINE SPADES NINE,0.3242,0.0216,0.6542
CLUBS TEN HEARTS EIGHT,0.6048,0.003,0.3922
CLUBS NINE SPADES EIGHT,0.7006,0.0176,0.2818
HEARTS EIGHT CLUBS JACK,0.6176,0.0032,0.3792
CLUBS QUEEN HEARTS EIGHT,0.633,0.0046,0.3624
CLUBS KING HEARTS EIGHT,0.6382,0.0048,0.357
SPADES KING CLUBS KING,0.2724,0.0032,0.7244
SPADES QUEEN CLUBS KING,0.5902,0.0034,0.4064
SPADES ACE CLUBS KING,0.2492,0.0494,0.7014
DIAMONDS ACE HEARTS TEN,0.2308,0.126,0.6432
HEARTS FOUR HEARTS TEN,0.5886,0.0048,0.4066
DIAMONDS ACE HEARTS JACK,0.2336,0.0936,0.6728
HEARTS FOUR HEARTS JACK,0.5898,0.0068,0.4034
SPADES KING CLUBS FIVE,0.6308,0.0032,0.366
SPADES QUEEN CLUBS FIVE,0.6356,0.004,0.3604
SPADES ACE CLUBS FIVE,0.5854,0.1666,0.248
HEARTS SEVEN DIAMONDS JACK,0.616,0.0042,0.3798
HEARTS SIX DIAMONDS JACK,0.6382,0.0032,0.3586
DIAMONDS JACK HEARTS NINE,0.6996,0.0154,0.285
DIAMONDS JACK HEARTS EIGHT,0.6122,0.0044,0.3834
DIAMONDS KING DIAMONDS JACK,0.5526,0.0034,0.444
HEARTS THREE DIAMONDS JACK,0.6302,0.004,0.3658
SPADES ACE SPADES SIX,0.5698,0.1562,0.274
HEARTS ACE SPADES FOUR,0.591,0.1724,0.2366
DIAMONDS QUEEN DIAMONDS JACK,0.5452,0.0058,0.449
HEARTS TWO DIAMONDS JACK,0.6256,0.0046,0.3698
HEARTS FIVE DIAMONDS JACK,0.6416,0.0052,0.3532
SPADES QUEEN SPADES SIX,0.5948,0.005,0.4002
SPADES FOUR HEARTS QUEEN,0.6354,0.0018,0.3628
DIAMONDS ACE DIAMONDS JACK,0.233,0.0928,0.6742
HEARTS FOUR DIAMONDS JACK,0.629,0.0054,0.3656
SPADES KING SPADES SIX,0.5934,0.0042,0.4024
SPADES FOUR HEARTS KING,0.6306,0.0042,0.3652
SPADES TEN SPADES SIX,0.5942,0.0042,0.4016
SPADES JACK SPADES SIX,0.5934,0.0042,0.4024
SPADES FOUR DIAMONDS JACK,0.6274,0.0056,0.367
SPADES FIVE DIAMONDS JACK,0.6302,0.005,0.3648
DIAMONDS JACK SPADES TWO,0.6244,0.0064,0.3692
SPADES THREE DIAMONDS JACK,0.6336,0.006,0.3604
SPADES ACE DIAMONDS THREE,0.585,0.1734,0.2416
SPADES QUEEN DIAMONDS THREE,0.6446,0.0028,0.3526
CLUBS EIGHT DIAMONDS JACK,0.6226,0.0042,0.3732
SPADES KING DIAMONDS THREE,0.6452,0.0034,0.3514
CLUBS NINE DIAMONDS JACK,0.7036,0.023,0.2734
CLUBS SIX DIAMONDS JACK,0.6364,0.006,0.3576
CLUBS SEVEN DIAMONDS JACK,0.6266,0.0052,0.3682
CLUBS FOUR DIAMONDS JACK,0.6362,0.0038,0.36
CLUBS FIVE DIAMONDS JACK,0.6466,0.0044,0.349
CLUBS TWO DIAMONDS JACK,0.6454,0.0044,0.3502
CLUBS THREE DIAMONDS JACK,0.6362,0.007,0.3568
SPADES TEN CLUBS FIVE,0.639,0.0072,0.3538
SPADES JACK HEARTS SIX,0.6412,0.0024,0.3564
HEARTS SIX SPADES TEN,0.6294,0.0036,0.367
SPADES JACK CLUBS FIVE,0.6378,0.004,0.3582
SPADES JACK DIAMONDS THREE,0.6394,0.0034,0.3572
DIAMONDS THREE SPADES TEN,0.6424,0.0034,0.3542
CLUBS SEVEN CLUBS QUEEN,0.5972,0.005,0.3978
CLUBS SEVEN CLUBS KING,0.6092,0.0046,0.3862
SPADES NINE DIAMONDS JACK,0.6874,0.0216,0.291
CLUBS TEN CLUBS SEVEN,0.5944,0.0046,0.401
DIAMONDS ACE HEARTS ACE,0.0528,0.0154,0.9318
HEARTS FOUR HEARTS ACE,0.5344,0.1672,0.2984
SPADES EIGHT DIAMONDS JACK,0.6096,0.0028,0.3876
SPADES ACE HEARTS SIX,0.5994,0.1624,0.2382
CLUBS SEVEN CLUBS JACK,0.5946,0.0042,0.4012
DIAMONDS ACE HEARTS KING,0.2346,0.0476,0.7178
HEARTS FOUR HEARTS KING,0.585,0.0046,0.4104
SPADES SEVEN DIAMONDS JACK,0.6216,0.0024,0.376
SPADES KING HEARTS SIX,0.6412,0.0036,0.3552
DIAMONDS ACE HEARTS QUEEN,0.2362,0.0626,0.7012
HEARTS FOUR HEARTS QUEEN,0.5976,0.0042,0.3982
SPADES QUEEN HEARTS SIX,0.6318,0.004,0.3642
SPADES SIX DIAMONDS JACK,0.6418,0.0042,0.354
DIAMONDS TEN SPADES TWO,0.6384,0.006,0.3556
DIAMONDS TEN SPADES THREE,0.6182,0.003,0.3788
DIAMONDS TEN SPADES FOUR,0.6244,0.0054,0.3702
DIAMONDS TEN SPADES FIVE,0.6344,0.0066,0.359
SPADES SIX DIAMONDS TEN,0.623,0.0044,0.3726
SPADES SEVEN DIAMONDS TEN,0.6276,0.0046,0.3678
SPADES EIGHT DIAMONDS TEN,0.596,0.0044,0.3996
SPADES NINE DIAMONDS TEN,0.6912,0.0162,0.2926
CLUBS FOUR DIAMONDS TEN,0.6354,0.0048,0.3598
CLUBS FIVE DIAMONDS TEN,0.627,0.0052,0.3678
CLUBS SIX DIAMONDS TEN,0.634,0.0044,0.3616
CLUBS SEVEN DIAMONDS TEN,0.6288,0.0036,0.3676
CLUBS EIGHT DIAMONDS TEN,0.6164,0.0044,0.3792
CLUBS NINE DIAMONDS TEN,0.6916,0.0212,0.2872
DIAMONDS THREE CLUBS JACK,0.6414,0.0044,0.3542
CLUBS TEN DIAMONDS THREE,0.6412,0.0054,0.3534
DIAMONDS THREE CLUBS KING,0.6464,0.0048,0.3488
DIAMONDS THREE CLUBS QUEEN,0.6472,0.0056,0.3472
SPADES FOUR HEARTS JACK,0.6328,0.0028,0.3644
SPADES FOUR HEARTS TEN,0.64,0.0036,0.3564
SPADES FIVE SPADES TWO,0.6024,0.0034,0.3942
SPADES FOUR SPADES TWO,0.6114,0.0048,0.3838
SPADES THREE SPADES TWO,0.615,0.004,0.381
SPADES NINE SPADES TWO,0.7064,0.0256,0.268
SPADES EIGHT SPADES TWO,0.6178,0.0054,0.3768
SPADES SEVEN SPADES TWO,0.615,0.0024,0.3826
SPADES SIX SPADES TWO,0.6148,0.0046,0.3806
CLUBS THREE DIAMONDS QUEEN,0.6192,0.0044,0.3764
CLUBS THREE HEARTS TWO,0.6488,0.0052,0.346
CLUBS TWO DIAMONDS QUEEN,0.6364,0.0052,0.3584
HEARTS TWO CLUBS TWO,0.4652,0.005,0.5298
HEARTS SEVEN DIAMONDS QUEEN,0.6458,0.0046,0.3496
HEARTS SEVEN HEARTS TWO,0.6318,0.006,0.3622
HEARTS SIX DIAMONDS QUEEN,0.6496,0.0036,0.3468
HEARTS SIX HEARTS TWO,0.61,0.0054,0.3846
DIAMONDS QUEEN HEARTS NINE,0.7136,0.023,0.2634
HEARTS TWO HEARTS NINE,0.7026,0.0222,0.2752
DIAMONDS QUEEN HEARTS EIGHT,0.6198,0.004,0.3762
HEARTS TWO HEARTS EIGHT,0.6366,0.0044,0.359
CLUBS NINE HEARTS TWO,0.7522,0.0276,0.2202
CLUBS NINE DIAMONDS QUEEN,0.7166,0.023,0.2604
CLUBS EIGHT HEARTS TWO,0.6824,0.004,0.3136
CLUBS EIGHT DIAMONDS QUEEN,0.621,0.0056,0.3734
CLUBS FIVE DIAMONDS QUEEN,0.6352,0.0048,0.36
CLUBS FIVE HEARTS TWO,0.6508,0.006,0.3432
SPADES EIGHT HEARTS ACE,0.6086,0.1654,0.226
CLUBS FOUR DIAMONDS QUEEN,0.6394,0.0042,0.3564
CLUBS FOUR HEARTS TWO,0.6624,0.0058,0.3318
CLUBS SEVEN DIAMONDS QUEEN,0.644,0.005,0.351
CLUBS SEVEN HEARTS TWO,0.6904,0.0056,0.304
SPADES EIGHT HEARTS QUEEN,0.6336,0.0022,0.3642
CLUBS SIX DIAMONDS QUEEN,0.6376,0.006,0.3564
CLUBS SIX HEARTS TWO,0.6674,0.0068,0.3258
SPADES EIGHT HEARTS KING,0.6348,0.0026,0.3626
HEARTS TWO SPADES SIX,0.6598,0.0038,0.3364
SPADES SIX DIAMONDS QUEEN,0.6254,0.0048,0.3698
HEARTS FOUR CLUBS QUEEN,0.6432,0.0038,0.353
DIAMONDS ACE CLUBS QUEEN,0.239,0.067,0.694
SPADES SEVEN DIAMONDS QUEEN,0.6464,0.0034,0.3502
SPADES SEVEN HEARTS TWO,0.6728,0.0034,0.3238
HEARTS FOUR CLUBS KING,0.6402,0.0048,0.355
DIAMONDS ACE CLUBS KING,0.2472,0.0484,0.7044
SPADES EIGHT DIAMONDS QUEEN,0.623,0.0026,0.3744
SPADES EIGHT HEARTS TWO,0.671,0.0038,0.3252
SPADES NINE DIAMONDS QUEEN,0.7184,0.0216,0.26
SPADES NINE HEARTS TWO,0.7436,0.027,0.2294
HEARTS TWO SPADES TWO,0.467,0.0062,0.5268
DIAMONDS QUEEN SPADES TWO,0.6512,0.0044,0.3444
HEARTS TWO SPADES THREE,0.6532,0.0056,0.3412
DIAMONDS QUEEN SPADES THREE,0.6354,0.0062,0.3584
HEARTS TWO SPADES FOUR,0.6568,0.0052,0.338
SPADES FOUR DIAMONDS QUEEN,0.628,0.0058,0.3662
CLUBS TEN HEARTS FOUR,0.6468,0.0046,0.3486
CLUBS TEN DIAMONDS ACE,0.224,0.1168,0.6592
HEARTS TWO SPADES FIVE,0.6478,0.006,0.3462
SPADES FIVE DIAMONDS QUEEN,0.6266,0.006,0.3674
HEARTS FOUR CLUBS JACK,0.6408,0.003,0.3562
DIAMONDS ACE CLUBS JACK,0.2392,0.0932,0.6676
CLUBS FIVE CLUBS KING,0.5946,0.0052,0.4002
CLUBS FIVE CLUBS QUEEN,0.6118,0.0046,0.3836
CLUBS FIVE CLUBS JACK,0.6022,0.0052,0.3926
CLUBS TEN CLUBS FIVE,0.598,0.005,0.397
SPADES KING CLUBS JACK,0.5782,0.0052,0.4166
SPADES QUEEN CLUBS JACK,0.572,0.0028,0.4252
SPADES ACE CLUBS JACK,0.2298,0.0894,0.6808
SPADES SIX CLUBS KING,0.6322,0.0042,0.3636
SPADES SIX CLUBS QUEEN,0.6518,0.0052,0.343
SPADES EIGHT HEARTS JACK,0.6064,0.002,0.3916
SPADES EIGHT HEARTS TEN,0.6114,0.004,0.3846
SPADES SIX CLUBS JACK,0.6404,0.004,0.3556
CLUBS TEN SPADES SIX,0.6296,0.0048,0.3656
SPADES TEN CLUBS JACK,0.5688,0.0058,0.4254
SPADES JACK CLUBS JACK,0.306,0.0048,0.6892
SPADES QUEEN CLUBS SEVEN,0.6442,0.0032,0.3526
SPADES KING CLUBS SEVEN,0.6398,0.0024,0.3578
SPADES ACE CLUBS SEVEN,0.6032,0.1728,0.224
SPADES SIX HEARTS TEN,0.6316,0.0032,0.3652
SPADES SIX HEARTS JACK,0.6338,0.0014,0.3648
SPADES SIX HEARTS ACE,0.5818,0.175,0.2432
SPADES SIX HEARTS KING,0.6228,0.0016,0.3756
SPADES SIX HEARTS QUEEN,0.6248,0.0038,0.3714
CLUBS SEVEN SPADES JACK,0.647,0.0028,0.3502
CLUBS SEVEN SPADES TEN,0.6224,0.0058,0.3718
CLUBS TEN HEARTS SIX,0.6388,0.0024,0.3588
HEARTS SIX CLUBS JACK,0.6366,0.0024,0.361
HEARTS SIX CLUBS QUEEN,0.6352,0.0044,0.3604
HEARTS SIX CLUBS KING,0.6398,0.0028,0.3574
CLUBS QUEEN CLUBS JACK,0.5494,0.0036,0.447
CLUBS KING CLUBS JACK,0.5486,0.0054,0.446
DIAMONDS THREE HEARTS ACE,0.5896,0.1654,0.245
DIAMONDS THREE HEARTS QUEEN,0.638,0.006,0.356
DIAMONDS THREE HEARTS KING,0.6428,0.0036,0.3536
CLUBS FIVE HEARTS JACK,0.6298,0.0036,0.3666
SPADES TEN DIAMONDS ACE,0.2346,0.1176,0.6478
HEARTS FOUR SPADES TEN,0.6424,0.0028,0.3548
CLUBS FIVE HEARTS TEN,0.65,0.0042,0.3458
HEARTS FOUR SPADES JACK,0.6378,0.0044,0.3578
SPADES JACK DIAMONDS ACE,0.232,0.089,0.679
SPADES ACE HEARTS FOUR,0.5866,0.1664,0.247
SPADES ACE DIAMONDS ACE,0.0528,0.0148,0.9324
CLUBS FIVE HEARTS ACE,0.5774,0.175,0.2476
CLUBS FIVE HEARTS KING,0.6492,0.0038,0.347
HEARTS FOUR SPADES QUEEN,0.6352,0.0028,0.362
SPADES QUEEN DIAMONDS ACE,0.2448,0.0596,0.6956
SPADES FOUR CLUBS JACK,0.6554,0.0046,0.34
CLUBS FIVE HEARTS QUEEN,0.6348,0.0044,0.3608
SPADES KING DIAMONDS ACE,0.241,0.0454,0.7136
SPADES KING HEARTS FOUR,0.6338,0.0056,0.3606
CLUBS TEN SPADES FOUR,0.622,0.0062,0.3718
DIAMONDS ACE DIAMONDS QUEEN,0.233,0.0592,0.7078
DIAMONDS ACE HEARTS TWO,0.5814,0.1696,0.249
HEARTS FOUR DIAMONDS QUEEN,0.6386,0.0048,0.3566
HEARTS FOUR HEARTS TWO,0.6222,0.0038,0.374
DIAMONDS THREE HEARTS TEN,0.6466,0.0044,0.349
SPADES FOUR CLUBS KING,0.6448,0.004,0.3512
HEARTS FIVE DIAMONDS QUEEN,0.627,0.0052,0.3678
HEARTS FIVE HEARTS TWO,0.6068,0.0046,0.3886
DIAMONDS THREE HEARTS JACK,0.6412,0.0058,0.353
SPADES FOUR CLUBS QUEEN,0.6358,0.005,0.3592
HEARTS TWO DIAMONDS QUEEN,0.6344,0.004,0.3616
DIAMONDS KING DIAMONDS QUEEN,0.5666,0.004,0.4294
DIAMONDS KING HEARTS TWO,0.634,0.005,0.361
HEARTS THREE DIAMONDS QUEEN,0.645,0.0072,0.3478
HEARTS THREE HEARTS TWO,0.6198,0.0052,0.375
HEARTS TWO CLUBS QUEEN,0.6434,0.007,0.3496
DIAMONDS QUEEN CLUBS QUEEN,0.2956,0.0036,0.7008
HEARTS TWO CLUBS KING,0.6424,0.0056,0.352
DIAMONDS QUEEN CLUBS KING,0.5808,0.0036,0.4156
SPADES EIGHT SPADES FIVE,0.6026,0.004,0.3934
CLUBS TEN HEARTS TWO,0.6468,0.0032,0.35
CLUBS TEN DIAMONDS QUEEN,0.5642,0.006,0.4298
SPADES NINE SPADES FIVE,0.6876,0.0232,0.2892
HEARTS TWO CLUBS JACK,0.6392,0.005,0.3558
DIAMONDS QUEEN CLUBS JACK,0.5638,0.0028,0.4334
SPADES SIX SPADES FIVE,0.573,0.0034,0.4236
SPADES SEVEN SPADES FIVE,0.5934,0.0034,0.4032
DIAMONDS FIVE CLUBS QUEEN,0.6378,0.004,0.3582
DIAMONDS FIVE CLUBS KING,0.6394,0.004,0.3566
SPADES EIGHT CLUBS KING,0.634,0.0044,0.3616
SPADES EIGHT CLUBS QUEEN,0.6244,0.0042,0.3714
SPADES EIGHT CLUBS JACK,0.6182,0.0044,0.3774
CLUBS TEN SPADES EIGHT,0.6098,0.004,0.3862
CLUBS TEN DIAMONDS FIVE,0.6426,0.0064,0.351
DIAMONDS FIVE CLUBS JACK,0.6428,0.0042,0.353
DIAMONDS TEN HEARTS JACK,0.5632,0.005,0.4318
DIAMONDS TEN HEARTS TEN,0.301,0.0028,0.6962
SPADES ACE CLUBS NINE,0.0208,0.9676,0.0116
CLUBS NINE SPADES QUEEN,0.72,0.0206,0.2594
CLUBS NINE SPADES KING,0.728,0.0232,0.2488
HEARTS SIX HEARTS KING,0.5888,0.0038,0.4074
DIAMONDS KING SPADES SEVEN,0.625,0.0036,0.3714
HEARTS THREE SPADES SEVEN,0.6626,0.0038,0.3336
SPADES KING DIAMONDS SEVEN,0.64,0.0036,0.3564
HEARTS SIX HEARTS QUEEN,0.5796,0.0044,0.416
SPADES QUEEN DIAMONDS SEVEN,0.6336,0.003,0.3634
HEARTS THREE SPADES SIX,0.6596,0.0034,0.337
DIAMONDS KING SPADES SIX,0.6346,0.0042,0.3612
SPADES NINE DIAMONDS KING,0.732,0.0164,0.2516
SPADES NINE HEARTS THREE,0.752,0.023,0.225
HEARTS SIX HEARTS ACE,0.556,0.1624,0.2816
DIAMONDS KING SPADES EIGHT,0.6362,0.0058,0.358
SPADES EIGHT HEARTS THREE,0.6648,0.0048,0.3304
SPADES ACE DIAMONDS SEVEN,0.5878,0.1724,0.2398
CLUBS NINE HEARTS THREE,0.7514,0.0264,0.2222
CLUBS NINE DIAMONDS KING,0.7242,0.022,0.2538
CLUBS EIGHT HEARTS THREE,0.6764,0.006,0.3176
CLUBS EIGHT DIAMONDS KING,0.6452,0.005,0.3498
HEARTS THREE SPADES THREE,0.4702,0.0038,0.526
DIAMONDS KING SPADES THREE,0.6328,0.0048,0.3624
HEARTS THREE SPADES TWO,0.655,0.0046,0.3404
DIAMONDS KING SPADES TWO,0.6318,0.0042,0.364
HEARTS THREE SPADES FIVE,0.6218,0.0026,0.3756
DIAMONDS KING SPADES FIVE,0.6338,0.0042,0.362
HEARTS THREE SPADES FOUR,0.6308,0.0038,0.3654
DIAMONDS KING SPADES FOUR,0.6436,0.0042,0.3522
