opposingHand,winningChance,drawChance,lostChance
CLUBS NINE HEARTS TEN
HEARTS FIVE SPADES TEN,0.6056,0.1752,0.2192
SPADES JACK HEARTS FIVE,0.4538,0.0142,0.532
CLUBS JACK SPADES FIVE,0.4392,0.0166,0.5442
CLUBS TEN SPADES FIVE,0.6048,0.1704,0.2248
CLUBS JACK CLUBS EIGHT,0.3946,0.014,0.5914
CLUBS TEN CLUBS EIGHT,0.5834,0.1612,0.2554
CLUBS EIGHT CLUBS KING,0.4204,0.0056,0.574
SPADES FIVE CLUBS ACE,0.4358,0.0042,0.56
CLUBS EIGHT CLUBS QUEEN,0.3986,0.01,0.5914
SPADES FIVE CLUBS KING,0.4288,0.0092,0.562
SPADES FIVE CLUBS QUEEN,0.4362,0.0138,0.55
CLUBS EIGHT CLUBS ACE,0.4168,0.0026,0.5806
DIAMONDS TWO DIAMONDS THREE,0.599,0.0222,0.3788
DIAMONDS TWO DIAMONDS FIVE,0.5938,0.0202,0.386
SPADES KING HEARTS FIVE,0.4538,0.0064,0.5398
DIAMONDS TWO DIAMONDS FOUR,0.6028,0.0208,0.3764
SPADES QUEEN HEARTS FIVE,0.444,0.0136,0.5424
DIAMONDS TWO DIAMONDS SEVEN,0.639,0.0252,0.3358
DIAMONDS TWO DIAMONDS SIX,0.6136,0.0184,0.368
SPADES ACE HEARTS FIVE,0.447,0.0058,0.5472
DIAMONDS TWO DIAMONDS NINE,0.6538,0.0784,0.2678
DIAMONDS TWO DIAMONDS EIGHT,0.6328,0.0244,0.3428
DIAMONDS THREE DIAMONDS FOUR,0.5932,0.0226,0.3842
CLUBS TWO SPADES FOUR,0.643,0.0254,0.3316
DIAMONDS THREE DIAMONDS FIVE,0.5918,0.0224,0.3858
SPADES FIVE CLUBS TWO,0.6346,0.0238,0.3416
CLUBS TWO SPADES TWO,0.4644,0.0436,0.492
CLUBS TWO SPADES THREE,0.646,0.022,0.332
DIAMONDS THREE DIAMONDS EIGHT,0.6394,0.023,0.3376
SPADES EIGHT CLUBS TWO,0.678,0.0208,0.3012
DIAMONDS THREE DIAMONDS NINE,0.6516,0.071,0.2774
SPADES NINE CLUBS TWO,0.7166,0.0776,0.2058
DIAMONDS THREE DIAMONDS SIX,0.6076,0.018,0.3744
SPADES SIX CLUBS TWO,0.655,0.023,0.322
DIAMONDS THREE DIAMONDS SEVEN,0.63,0.0212,0.3488
SPADES SEVEN CLUBS TWO,0.6792,0.0226,0.2982
CLUBS SIX CLUBS TWO,0.623,0.0294,0.3476
CLUBS SEVEN CLUBS TWO,0.6536,0.0192,0.3272
CLUBS FOUR CLUBS TWO,0.608,0.0282,0.3638
CLUBS FIVE CLUBS TWO,0.623,0.0226,0.3544
CLUBS TEN CLUBS JACK,0.232,0.0496,0.7184
DIAMONDS FOUR DIAMONDS SIX,0.583,0.022,0.395
CLUBS TEN CLUBS QUEEN,0.2438,0.0424,0.7138
DIAMONDS FOUR DIAMONDS SEVEN,0.6052,0.0252,0.3696
CLUBS TEN CLUBS KING,0.2592,0.033,0.7078
CLUBS TEN CLUBS ACE,0.2562,0.0252,0.7186
CLUBS EIGHT CLUBS TWO,0.645,0.0198,0.3352
DIAMONDS FIVE DIAMONDS FOUR,0.5844,0.0224,0.3932
DIAMONDS NINE DIAMONDS FOUR,0.6488,0.0778,0.2734
DIAMONDS EIGHT DIAMONDS FOUR,0.6208,0.0228,0.3564
CLUBS THREE CLUBS TWO,0.6094,0.0244,0.3662
DIAMONDS NINE DIAMONDS FIVE,0.6548,0.0738,0.2714
CLUBS JACK DIAMONDS TWO,0.4468,0.016,0.5372
DIAMONDS EIGHT DIAMONDS FIVE,0.6044,0.025,0.3706
CLUBS TEN DIAMONDS TWO,0.6046,0.1742,0.2212
DIAMONDS FIVE DIAMONDS SEVEN,0.5934,0.0224,0.3842
DIAMONDS FIVE DIAMONDS SIX,0.5728,0.0226,0.4046
DIAMONDS TWO CLUBS ACE,0.4304,0.006,0.5636
DIAMONDS TWO CLUBS KING,0.4468,0.0094,0.5438
DIAMONDS TWO CLUBS QUEEN,0.446,0.0118,0.5422
DIAMONDS EIGHT DIAMONDS SIX,0.597,0.02,0.383
DIAMONDS NINE DIAMONDS SIX,0.6392,0.0674,0.2934
HEARTS ACE SPADES THREE,0.4408,0.0046,0.5546
SPADES THREE HEARTS KING,0.4442,0.0072,0.5486
DIAMONDS SEVEN DIAMONDS SIX,0.5762,0.0258,0.398
HEARTS QUEEN SPADES THREE,0.4522,0.0136,0.5342
SPADES THREE HEARTS JACK,0.4418,0.0204,0.5378
DIAMONDS EIGHT DIAMONDS SEVEN,0.6046,0.0196,0.3758
DIAMONDS NINE DIAMONDS SEVEN,0.6426,0.067,0.2904
DIAMONDS NINE DIAMONDS EIGHT,0.6454,0.0698,0.2848
SPADES JACK CLUBS SIX,0.4504,0.0158,0.5338
DIAMONDS KING HEARTS JACK,0.3416,0.0056,0.6528
HEARTS THREE HEARTS JACK,0.4308,0.0148,0.5544
SPADES TEN CLUBS SIX,0.6118,0.1714,0.2168
SPADES JACK SPADES FIVE,0.4316,0.0156,0.5528
SPADES TEN SPADES FIVE,0.5666,0.164,0.2694
DIAMONDS KING HEARTS ACE,0.3698,0.0038,0.6264
HEARTS THREE HEARTS ACE,0.416,0.0056,0.5784
SPADES ACE CLUBS SIX,0.4336,0.0042,0.5622
DIAMONDS KING HEARTS QUEEN,0.3572,0.0078,0.635
HEARTS THREE HEARTS QUEEN,0.4292,0.0122,0.5586
SPADES KING CLUBS SIX,0.4344,0.0068,0.5588
DIAMONDS KING HEARTS KING,0.184,0.009,0.807
HEARTS THREE HEARTS KING,0.4288,0.008,0.5632
SPADES QUEEN CLUBS SIX,0.4508,0.0102,0.539
SPADES NINE HEARTS JACK,0.2404,0.0558,0.7038
SPADES QUEEN SPADES FIVE,0.4162,0.0118,0.572
SPADES KING SPADES FIVE,0.4308,0.0094,0.5598
SPADES ACE SPADES FIVE,0.4122,0.0038,0.584
SPADES NINE HEARTS QUEEN,0.2654,0.0346,0.7
SPADES NINE HEARTS KING,0.2758,0.0318,0.6924
SPADES NINE HEARTS ACE,0.2946,0.0204,0.685
CLUBS TEN SPADES JACK,0.2394,0.0514,0.7092
CLUBS TEN SPADES TEN,0.1372,0.0498,0.813
SPADES ACE CLUBS TEN,0.2638,0.0222,0.714
CLUBS TEN SPADES KING,0.268,0.0372,0.6948
CLUBS TEN SPADES QUEEN,0.264,0.0446,0.6914
SPADES FIVE HEARTS QUEEN,0.4408,0.0114,0.5478
SPADES FIVE HEARTS KING,0.438,0.0058,0.5562
HEARTS ACE SPADES FIVE,0.4404,0.0042,0.5554
CLUBS EIGHT SPADES TEN,0.615,0.1714,0.2136
HEARTS THREE SPADES JACK,0.4622,0.0158,0.522
SPADES JACK DIAMONDS KING,0.3498,0.006,0.6442
SPADES TEN DIAMONDS KING,0.273,0.029,0.698
HEARTS THREE SPADES TEN,0.6026,0.1704,0.227
SPADES JACK CLUBS EIGHT,0.4142,0.016,0.5698
CLUBS SIX HEARTS ACE,0.4344,0.0038,0.5618
SPADES ACE CLUBS EIGHT,0.432,0.002,0.566
CLUBS JACK HEARTS FIVE,0.4458,0.0142,0.54
CLUBS TEN HEARTS FIVE,0.6038,0.177,0.2192
CLUBS SIX HEARTS QUEEN,0.4364,0.0124,0.5512
SPADES QUEEN CLUBS EIGHT,0.4262,0.0098,0.564
CLUBS TEN SPADES THREE,0.6018,0.1724,0.2258
CLUBS SIX HEARTS KING,0.4506,0.0074,0.542
SPADES KING CLUBS EIGHT,0.4304,0.0084,0.5612
CLUBS JACK SPADES THREE,0.432,0.0166,0.5514
DIAMONDS TWO HEARTS JACK,0.4396,0.017,0.5434
SPADES THREE CLUBS QUEEN,0.4414,0.0126,0.546
SPADES THREE CLUBS KING,0.445,0.0068,0.5482
HEARTS FIVE CLUBS ACE,0.439,0.0038,0.5572
SPADES THREE CLUBS ACE,0.4364,0.006,0.5576
HEARTS FIVE CLUBS KING,0.4492,0.01,0.5408
SPADES FIVE HEARTS JACK,0.4416,0.0152,0.5432
HEARTS FIVE CLUBS QUEEN,0.4498,0.0094,0.5408
HEARTS THREE CLUBS KING,0.4436,0.0078,0.5486
DIAMONDS KING CLUBS KING,0.1816,0.0104,0.808
HEARTS THREE CLUBS QUEEN,0.4436,0.0104,0.546
DIAMONDS KING CLUBS QUEEN,0.3614,0.0064,0.6322
HEARTS FIVE HEARTS JACK,0.4282,0.0158,0.556
HEARTS THREE CLUBS ACE,0.4466,0.0048,0.5486
DIAMONDS KING CLUBS ACE,0.362,0.0056,0.6324
SPADES ACE CLUBS QUEEN,0.3624,0.0052,0.6324
SPADES KING CLUBS QUEEN,0.3486,0.0084,0.643
CLUBS JACK HEARTS THREE,0.4508,0.0172,0.532
CLUBS JACK DIAMONDS KING,0.348,0.0076,0.6444
SPADES QUEEN CLUBS QUEEN,0.1684,0.0196,0.812
CLUBS TEN HEARTS THREE,0.6082,0.1704,0.2214
CLUBS TEN DIAMONDS KING,0.2622,0.0318,0.706
SPADES JACK CLUBS QUEEN,0.3276,0.0098,0.6626
CLUBS SIX CLUBS QUEEN,0.414,0.01,0.576
SPADES TEN CLUBS QUEEN,0.243,0.0446,0.7124
CLUBS SIX CLUBS KING,0.4178,0.006,0.5762
CLUBS SIX CLUBS ACE,0.4136,0.0042,0.5822
HEARTS FIVE HEARTS KING,0.4246,0.008,0.5674
HEARTS FIVE HEARTS QUEEN,0.4192,0.0098,0.571
CLUBS TEN CLUBS SIX,0.584,0.1628,0.2532
HEARTS FIVE HEARTS ACE,0.4228,0.0068,0.5704
CLUBS JACK CLUBS SIX,0.4144,0.0138,0.5718
SPADES SEVEN HEARTS JACK,0.4146,0.016,0.5694
DIAMONDS TWO CLUBS TWO,0.4676,0.0434,0.489
DIAMONDS TWO CLUBS THREE,0.6532,0.0248,0.322
HEARTS SIX DIAMONDS TWO,0.6674,0.0214,0.3112
DIAMONDS TWO HEARTS QUEEN,0.4536,0.0104,0.536
DIAMONDS TWO HEARTS SEVEN,0.676,0.0242,0.2998
DIAMONDS TWO HEARTS KING,0.4372,0.0064,0.5564
DIAMONDS TWO HEARTS EIGHT,0.687,0.023,0.29
DIAMONDS TWO HEARTS ACE,0.436,0.0048,0.5592
DIAMONDS TWO HEARTS NINE,0.7008,0.075,0.2242
DIAMONDS TWO DIAMONDS QUEEN,0.426,0.0116,0.5624
DIAMONDS TWO HEARTS TWO,0.4646,0.037,0.4984
DIAMONDS TWO DIAMONDS KING,0.412,0.007,0.581
HEARTS THREE DIAMONDS TWO,0.6436,0.0258,0.3306
DIAMONDS TWO DIAMONDS ACE,0.4112,0.0044,0.5844
HEARTS FOUR DIAMONDS TWO,0.6458,0.028,0.3262
DIAMONDS TWO HEARTS FIVE,0.6502,0.0262,0.3236
SPADES SEVEN HEARTS ACE,0.4296,0.0036,0.5668
DIAMONDS TWO DIAMONDS TEN,0.5684,0.1654,0.2662
SPADES SEVEN HEARTS KING,0.4344,0.0072,0.5584
DIAMONDS TWO DIAMONDS JACK,0.4228,0.0132,0.564
SPADES SEVEN HEARTS QUEEN,0.427,0.0092,0.5638
DIAMONDS TWO SPADES NINE,0.7068,0.072,0.2212
DIAMONDS TWO SPADES EIGHT,0.6736,0.0248,0.3016
DIAMONDS TWO SPADES SEVEN,0.685,0.0236,0.2914
DIAMONDS TWO SPADES SIX,0.654,0.026,0.32
DIAMONDS TWO SPADES FIVE,0.6422,0.023,0.3348
DIAMONDS TWO SPADES FOUR,0.6438,0.0232,0.333
DIAMONDS TWO SPADES THREE,0.6332,0.0276,0.3392
DIAMONDS TWO SPADES TWO,0.4592,0.0438,0.497
DIAMONDS TWO CLUBS EIGHT,0.686,0.0264,0.2876
CLUBS SEVEN DIAMONDS TWO,0.6846,0.0224,0.293
DIAMONDS TWO CLUBS SIX,0.669,0.0264,0.3046
DIAMONDS TWO CLUBS FIVE,0.6652,0.0214,0.3134
DIAMONDS TWO CLUBS FOUR,0.6414,0.0234,0.3352
CLUBS FOUR SPADES FIVE,0.6228,0.027,0.3502
CLUBS FOUR SPADES FOUR,0.4608,0.0466,0.4926
CLUBS FOUR SPADES THREE,0.629,0.0234,0.3476
CLUBS FOUR SPADES TWO,0.641,0.0222,0.3368
SPADES NINE CLUBS FOUR,0.7094,0.0754,0.2152
SPADES EIGHT CLUBS FOUR,0.6686,0.021,0.3104
SPADES SEVEN CLUBS FOUR,0.6522,0.0284,0.3194
CLUBS FOUR SPADES SIX,0.6356,0.0246,0.3398
SPADES ACE DIAMONDS SIX,0.4178,0.004,0.5782
SPADES QUEEN DIAMONDS SIX,0.4228,0.01,0.5672
SPADES KING DIAMONDS SIX,0.4372,0.0058,0.557
SPADES TEN DIAMONDS SIX,0.6102,0.1654,0.2244
SPADES JACK DIAMONDS SIX,0.447,0.0188,0.5342
SPADES QUEEN SPADES TWO,0.4272,0.0084,0.5644
SPADES KING SPADES TWO,0.4218,0.0088,0.5694
SPADES ACE SPADES TWO,0.4108,0.0042,0.585
CLUBS JACK DIAMONDS JACK,0.1672,0.0296,0.8032
CLUBS TEN DIAMONDS JACK,0.2446,0.0524,0.703
DIAMONDS JACK CLUBS KING,0.3422,0.006,0.6518
DIAMONDS JACK CLUBS QUEEN,0.349,0.009,0.642
DIAMONDS THREE DIAMONDS JACK,0.4184,0.0146,0.567
DIAMONDS THREE DIAMONDS TEN,0.5798,0.1538,0.2664
DIAMONDS JACK CLUBS ACE,0.3608,0.005,0.6342
DIAMONDS THREE DIAMONDS KING,0.4156,0.0072,0.5772
HEARTS THREE DIAMONDS THREE,0.4628,0.0412,0.496
DIAMONDS THREE DIAMONDS QUEEN,0.421,0.0106,0.5684
DIAMONDS THREE HEARTS TWO,0.6534,0.028,0.3186
HEARTS FIVE DIAMONDS THREE,0.6348,0.0248,0.3404
DIAMONDS THREE DIAMONDS ACE,0.4064,0.0048,0.5888
HEARTS FOUR DIAMONDS THREE,0.635,0.0264,0.3386
DIAMONDS THREE HEARTS SEVEN,0.6628,0.026,0.3112
SPADES TEN SPADES NINE,0.0188,0.9098,0.0714
HEARTS SIX DIAMONDS THREE,0.6446,0.0212,0.3342
SPADES JACK SPADES NINE,0.2518,0.0526,0.6956
DIAMONDS THREE HEARTS NINE,0.7052,0.0726,0.2222
HEARTS JACK DIAMONDS FOUR,0.447,0.0136,0.5394
HEARTS ACE HEARTS KING,0.3484,0.0052,0.6464
SPADES TEN SPADES TWO,0.5712,0.1682,0.2606
DIAMONDS THREE HEARTS EIGHT,0.6776,0.0236,0.2988
SPADES JACK SPADES TWO,0.4162,0.015,0.5688
HEARTS QUEEN DIAMONDS FOUR,0.439,0.0092,0.5518
HEARTS KING DIAMONDS FOUR,0.4608,0.0054,0.5338
SPADES ACE SPADES NINE,0.2774,0.015,0.7076
HEARTS ACE DIAMONDS FOUR,0.4304,0.0046,0.565
SPADES KING SPADES NINE,0.273,0.0272,0.6998
SPADES QUEEN SPADES NINE,0.2378,0.044,0.7182
DIAMONDS THREE SPADES NINE,0.6898,0.0748,0.2354
DIAMONDS THREE SPADES EIGHT,0.6752,0.026,0.2988
DIAMONDS THREE SPADES SEVEN,0.6582,0.0284,0.3134
DIAMONDS THREE SPADES SIX,0.6522,0.0202,0.3276
DIAMONDS THREE CLUBS SIX,0.643,0.022,0.335
CLUBS FIVE CLUBS SIX,0.611,0.0262,0.3628
CLUBS ACE DIAMONDS FOUR,0.4474,0.0038,0.5488
CLUBS SEVEN DIAMONDS THREE,0.66,0.0226,0.3174
CLUBS SEVEN CLUBS FIVE,0.6096,0.0238,0.3666
DIAMONDS THREE CLUBS FOUR,0.6346,0.0226,0.3428
DIAMONDS FOUR CLUBS QUEEN,0.4374,0.0104,0.5522
DIAMONDS THREE CLUBS FIVE,0.6276,0.0232,0.3492
DIAMONDS FOUR CLUBS KING,0.4422,0.0062,0.5516
DIAMONDS THREE CLUBS TWO,0.628,0.0314,0.3406
CLUBS TEN DIAMONDS FOUR,0.6032,0.1624,0.2344
DIAMONDS THREE CLUBS THREE,0.4664,0.0436,0.49
CLUBS JACK DIAMONDS FOUR,0.453,0.0136,0.5334
DIAMONDS THREE SPADES FOUR,0.617,0.0238,0.3592
DIAMONDS THREE SPADES FIVE,0.62,0.0224,0.3576
DIAMONDS THREE SPADES TWO,0.64,0.0204,0.3396
DIAMONDS THREE SPADES THREE,0.4576,0.0452,0.4972
CLUBS EIGHT DIAMONDS THREE,0.6888,0.0244,0.2868
SPADES SEVEN CLUBS ACE,0.42,0.0034,0.5766
SPADES SEVEN CLUBS QUEEN,0.4248,0.0102,0.565
SPADES SEVEN CLUBS KING,0.4392,0.0066,0.5542
CLUBS FIVE SPADES SEVEN,0.6356,0.0196,0.3448
CLUBS TEN SPADES SEVEN,0.5986,0.171,0.2304
CLUBS FIVE SPADES SIX,0.6222,0.0252,0.3526
CLUBS JACK SPADES SEVEN,0.4144,0.0164,0.5692
CLUBS FIVE SPADES NINE,0.6992,0.0814,0.2194
CLUBS FIVE SPADES EIGHT,0.6634,0.0238,0.3128
CLUBS FIVE SPADES THREE,0.6344,0.0242,0.3414
CLUBS FIVE SPADES TWO,0.648,0.0218,0.3302
CLUBS FIVE SPADES FIVE,0.4534,0.0406,0.506
CLUBS FIVE SPADES FOUR,0.6312,0.0226,0.3462
CLUBS EIGHT CLUBS FIVE,0.6204,0.0218,0.3578
CLUBS ACE CLUBS QUEEN,0.3522,0.0058,0.642
CLUBS KING CLUBS QUEEN,0.3432,0.0052,0.6516
DIAMONDS TEN DIAMONDS FOUR,0.569,0.1538,0.2772
CLUBS TEN DIAMONDS NINE,0.0134,0.9684,0.0182
DIAMONDS JACK DIAMONDS FOUR,0.4202,0.0142,0.5656
CLUBS JACK DIAMONDS NINE,0.245,0.0608,0.6942
CLUBS JACK SPADES NINE,0.2474,0.0526,0.7
CLUBS TEN SPADES NINE,0.0126,0.9734,0.014
DIAMONDS ACE DIAMONDS FOUR,0.406,0.0034,0.5906
HEARTS FOUR DIAMONDS FOUR,0.4672,0.0414,0.4914
SPADES NINE CLUBS KING,0.2766,0.0282,0.6952
DIAMONDS TWO SPADES TEN,0.6148,0.1592,0.226
DIAMONDS NINE CLUBS ACE,0.285,0.0202,0.6948
HEARTS FIVE DIAMONDS FOUR,0.6278,0.0252,0.347
DIAMONDS JACK HEARTS JACK,0.1702,0.021,0.8088
SPADES NINE CLUBS QUEEN,0.2642,0.0384,0.6974
DIAMONDS TWO SPADES JACK,0.4544,0.0174,0.5282
DIAMONDS QUEEN DIAMONDS FOUR,0.4108,0.0108,0.5784
HEARTS TWO DIAMONDS FOUR,0.6488,0.0234,0.3278
DIAMONDS NINE CLUBS QUEEN,0.2686,0.0388,0.6926
DIAMONDS KING DIAMONDS FOUR,0.4186,0.0084,0.573
HEARTS THREE DIAMONDS FOUR,0.6396,0.0218,0.3386
SPADES NINE CLUBS ACE,0.2836,0.0202,0.6962
DIAMONDS NINE CLUBS KING,0.2732,0.0288,0.698
HEARTS ACE DIAMONDS JACK,0.3698,0.0042,0.626
SPADES ACE DIAMONDS TWO,0.4386,0.005,0.5564
HEARTS QUEEN DIAMONDS JACK,0.3378,0.01,0.6522
SPADES QUEEN DIAMONDS TWO,0.4414,0.0122,0.5464
DIAMONDS JACK HEARTS KING,0.3532,0.005,0.6418
SPADES KING DIAMONDS TWO,0.4548,0.0088,0.5364
SPADES JACK SPADES SEVEN,0.4154,0.0158,0.5688
SPADES TEN SPADES SEVEN,0.5734,0.156,0.2706
CLUBS SEVEN CLUBS THREE,0.6406,0.0222,0.3372
CLUBS SIX CLUBS THREE,0.617,0.0266,0.3564
CLUBS FIVE CLUBS THREE,0.5946,0.0224,0.383
CLUBS THREE CLUBS FOUR,0.5954,0.0248,0.3798
CLUBS EIGHT CLUBS THREE,0.6448,0.02,0.3352
CLUBS THREE SPADES FIVE,0.6408,0.0202,0.339
CLUBS THREE SPADES FOUR,0.6512,0.019,0.3298
CLUBS THREE SPADES THREE,0.4694,0.0474,0.4832
CLUBS THREE SPADES TWO,0.6422,0.0258,0.332
CLUBS THREE SPADES SIX,0.6534,0.024,0.3226
CLUBS THREE SPADES SEVEN,0.6526,0.0272,0.3202
SPADES EIGHT CLUBS THREE,0.6814,0.0216,0.297
SPADES NINE CLUBS THREE,0.697,0.081,0.222
SPADES TWO DIAMONDS FOUR,0.6436,0.0202,0.3362
SPADES THREE DIAMONDS FOUR,0.6242,0.0232,0.3526
SPADES FOUR DIAMONDS FOUR,0.461,0.0464,0.4926
SPADES FIVE DIAMONDS FOUR,0.6268,0.0222,0.351
SPADES SIX DIAMONDS FOUR,0.637,0.024,0.339
SPADES SEVEN DIAMONDS FOUR,0.6468,0.025,0.3282
SPADES EIGHT DIAMONDS FOUR,0.6636,0.0238,0.3126
SPADES NINE DIAMONDS FOUR,0.6992,0.0754,0.2254
CLUBS FIVE DIAMONDS FOUR,0.633,0.0204,0.3466
CLUBS FOUR DIAMONDS FOUR,0.463,0.0454,0.4916
CLUBS SEVEN DIAMONDS FOUR,0.6466,0.0232,0.3302
CLUBS SIX DIAMONDS FOUR,0.6404,0.0224,0.3372
CLUBS EIGHT DIAMONDS FOUR,0.6578,0.024,0.3182
DIAMONDS FOUR HEARTS SEVEN,0.6452,0.026,0.3288
HEARTS SIX DIAMONDS FOUR,0.6248,0.0214,0.3538
HEARTS NINE DIAMONDS FOUR,0.7072,0.0802,0.2126
DIAMONDS FOUR HEARTS EIGHT,0.6472,0.0268,0.326
CLUBS THREE DIAMONDS FOUR,0.6272,0.0218,0.351
CLUBS TWO DIAMONDS FOUR,0.6506,0.02,0.3294
DIAMONDS TEN DIAMONDS FIVE,0.5786,0.1542,0.2672
DIAMONDS JACK DIAMONDS FIVE,0.4134,0.0146,0.572
DIAMONDS NINE HEARTS QUEEN,0.263,0.0358,0.7012
DIAMONDS NINE HEARTS KING,0.2712,0.026,0.7028
HEARTS ACE DIAMONDS NINE,0.289,0.0214,0.6896
DIAMONDS NINE HEARTS JACK,0.2454,0.0512,0.7034
CLUBS KING DIAMONDS SIX,0.4336,0.0068,0.5596
CLUBS QUEEN DIAMONDS SIX,0.4288,0.0104,0.5608
CLUBS ACE DIAMONDS SIX,0.4354,0.0036,0.561
SPADES KING DIAMONDS FOUR,0.4512,0.0062,0.5426
SPADES ACE SPADES SEVEN,0.4166,0.0046,0.5788
SPADES QUEEN DIAMONDS FOUR,0.4402,0.0118,0.548
SPADES QUEEN SPADES SEVEN,0.4258,0.0106,0.5636
CLUBS JACK DIAMONDS SIX,0.4216,0.0174,0.561
SPADES KING SPADES SEVEN,0.41,0.0082,0.5818
SPADES ACE DIAMONDS FOUR,0.4388,0.0038,0.5574
CLUBS TEN DIAMONDS SIX,0.6134,0.1628,0.2238
CLUBS EIGHT CLUBS FOUR,0.6438,0.0248,0.3314
SPADES JACK DIAMONDS FOUR,0.4498,0.0122,0.538
SPADES TEN DIAMONDS FOUR,0.615,0.17,0.215
CLUBS FIVE CLUBS FOUR,0.6036,0.0244,0.372
CLUBS SEVEN CLUBS FOUR,0.6196,0.0226,0.3578
CLUBS SIX CLUBS FOUR,0.6032,0.0222,0.3746
CLUBS SEVEN SPADES EIGHT,0.6414,0.0212,0.3374
CLUBS SEVEN SPADES NINE,0.6944,0.0716,0.234
CLUBS SEVEN SPADES SIX,0.6346,0.0238,0.3416
CLUBS SEVEN SPADES SEVEN,0.433,0.0362,0.5308
CLUBS SEVEN SPADES FIVE,0.6452,0.025,0.3298
CLUBS SEVEN SPADES FOUR,0.6512,0.0234,0.3254
CLUBS SEVEN SPADES THREE,0.6638,0.0258,0.3104
CLUBS SEVEN SPADES TWO,0.6842,0.0222,0.2936
CLUBS SEVEN CLUBS EIGHT,0.6198,0.0222,0.358
HEARTS SIX DIAMONDS FIVE,0.617,0.0268,0.3562
DIAMONDS FIVE HEARTS SEVEN,0.6406,0.0196,0.3398
DIAMONDS FIVE HEARTS EIGHT,0.6564,0.0242,0.3194
HEARTS NINE DIAMONDS FIVE,0.717,0.0736,0.2094
DIAMONDS QUEEN DIAMONDS FIVE,0.4232,0.0084,0.5684
HEARTS TWO DIAMONDS FIVE,0.6548,0.0234,0.3218
HEARTS KING HEARTS EIGHT,0.42,0.0042,0.5758
DIAMONDS KING DIAMONDS FIVE,0.425,0.0068,0.5682
HEARTS THREE DIAMONDS FIVE,0.644,0.026,0.33
HEARTS QUEEN HEARTS EIGHT,0.4038,0.013,0.5832
DIAMONDS ACE DIAMONDS FIVE,0.4242,0.0036,0.5722
HEARTS FOUR DIAMONDS FIVE,0.6346,0.0238,0.3416
HEARTS FIVE DIAMONDS FIVE,0.4694,0.0428,0.4878
HEARTS ACE HEARTS EIGHT,0.4064,0.0036,0.59
CLUBS FOUR DIAMONDS FIVE,0.6254,0.026,0.3486
CLUBS FIVE DIAMONDS FIVE,0.453,0.043,0.504
CLUBS SIX DIAMONDS FIVE,0.6338,0.0326,0.3336
CLUBS SEVEN DIAMONDS FIVE,0.6482,0.018,0.3338
CLUBS TWO DIAMONDS FIVE,0.651,0.026,0.323
CLUBS THREE DIAMONDS FIVE,0.6248,0.0248,0.3504
SPADES THREE DIAMONDS FIVE,0.623,0.0266,0.3504
SPADES TWO DIAMONDS FIVE,0.6398,0.0268,0.3334
SPADES JACK DIAMONDS EIGHT,0.4148,0.0136,0.5716
SPADES FIVE DIAMONDS FIVE,0.4432,0.0442,0.5126
CLUBS TEN HEARTS JACK,0.2418,0.0572,0.701
SPADES TEN DIAMONDS EIGHT,0.5978,0.1714,0.2308
SPADES FOUR DIAMONDS FIVE,0.6296,0.0274,0.343
CLUBS JACK HEARTS JACK,0.1648,0.0196,0.8156
HEARTS JACK CLUBS QUEEN,0.3234,0.01,0.6666
HEARTS JACK CLUBS KING,0.3466,0.009,0.6444
CLUBS EIGHT DIAMONDS FIVE,0.656,0.023,0.321
CLUBS ACE HEARTS JACK,0.3566,0.005,0.6384
SPADES SEVEN DIAMONDS FIVE,0.6188,0.0214,0.3598
SPADES KING DIAMONDS EIGHT,0.4386,0.0052,0.5562
SPADES QUEEN DIAMONDS EIGHT,0.4214,0.0108,0.5678
SPADES SIX DIAMONDS FIVE,0.628,0.0252,0.3468
SPADES NINE DIAMONDS FIVE,0.7154,0.0728,0.2118
SPADES EIGHT DIAMONDS FIVE,0.6536,0.0266,0.3198
SPADES ACE DIAMONDS EIGHT,0.438,0.0026,0.5594
DIAMONDS TEN DIAMONDS SIX,0.567,0.166,0.267
HEARTS ACE DIAMONDS SEVEN,0.4202,0.003,0.5768
DIAMONDS JACK DIAMONDS SIX,0.4042,0.017,0.5788
HEARTS QUEEN DIAMONDS SEVEN,0.4334,0.0112,0.5554
HEARTS KING DIAMONDS SEVEN,0.44,0.008,0.552
DIAMONDS ACE DIAMONDS SIX,0.4208,0.0034,0.5758
HEARTS FOUR DIAMONDS SIX,0.6358,0.0236,0.3406
SPADES TWO HEARTS JACK,0.4314,0.0182,0.5504
HEARTS FIVE DIAMONDS SIX,0.6342,0.0226,0.3432
DIAMONDS QUEEN DIAMONDS SIX,0.4072,0.0098,0.583
HEARTS TWO DIAMONDS SIX,0.665,0.0236,0.3114
DIAMONDS KING DIAMONDS SIX,0.4128,0.0066,0.5806
HEARTS THREE DIAMONDS SIX,0.645,0.023,0.332
HEARTS EIGHT DIAMONDS SIX,0.6484,0.0228,0.3288
HEARTS NINE DIAMONDS SIX,0.6922,0.0666,0.2412
HEARTS SIX DIAMONDS SIX,0.4496,0.0404,0.51
HEARTS SEVEN DIAMONDS SIX,0.6352,0.025,0.3398
CLUBS TWO DIAMONDS SIX,0.648,0.0246,0.3274
HEARTS JACK DIAMONDS SEVEN,0.4198,0.0162,0.564
CLUBS THREE DIAMONDS SIX,0.6532,0.02,0.3268
CLUBS SEVEN DIAMONDS SIX,0.6286,0.0222,0.3492
CLUBS JACK DIAMONDS EIGHT,0.4164,0.0148,0.5688
CLUBS SIX DIAMONDS SIX,0.4504,0.0464,0.5032
CLUBS TEN DIAMONDS EIGHT,0.5972,0.1746,0.2282
CLUBS FIVE DIAMONDS SIX,0.6374,0.0198,0.3428
CLUBS FOUR DIAMONDS SIX,0.652,0.0206,0.3274
HEARTS ACE HEARTS JACK,0.338,0.0028,0.6592
DIAMONDS EIGHT CLUBS ACE,0.414,0.0048,0.5812
HEARTS QUEEN HEARTS JACK,0.325,0.009,0.666
DIAMONDS EIGHT CLUBS KING,0.409,0.01,0.581
HEARTS KING HEARTS JACK,0.3296,0.0058,0.6646
DIAMONDS EIGHT CLUBS QUEEN,0.4024,0.0102,0.5874
CLUBS EIGHT DIAMONDS SIX,0.6428,0.024,0.3332
SPADES TEN HEARTS KING,0.2578,0.0306,0.7116
SPADES FIVE DIAMONDS SIX,0.6214,0.0222,0.3564
HEARTS ACE SPADES TWO,0.4422,0.0044,0.5534
SPADES JACK HEARTS KING,0.347,0.0052,0.6478
SPADES FOUR DIAMONDS SIX,0.6318,0.0222,0.346
SPADES THREE DIAMONDS SIX,0.6486,0.0242,0.3272
HEARTS QUEEN SPADES TWO,0.4362,0.0116,0.5522
SPADES ACE SPADES KING,0.3382,0.0044,0.6574
HEARTS KING SPADES TWO,0.4452,0.0064,0.5484
SPADES TWO DIAMONDS SIX,0.6438,0.0264,0.3298
SPADES NINE DIAMONDS SIX,0.6832,0.074,0.2428
HEARTS JACK HEARTS EIGHT,0.3918,0.0146,0.5936
SPADES EIGHT DIAMONDS SIX,0.6474,0.0228,0.3298
SPADES SEVEN DIAMONDS SIX,0.6376,0.0232,0.3392
SPADES SIX DIAMONDS SIX,0.4504,0.035,0.5146
SPADES KING HEARTS KING,0.1698,0.0092,0.821
SPADES QUEEN HEARTS KING,0.3596,0.0076,0.6328
CLUBS ACE CLUBS KING,0.3448,0.0064,0.6488
SPADES ACE HEARTS KING,0.3576,0.0034,0.639
SPADES ACE HEARTS JACK,0.3558,0.0048,0.6394
SPADES QUEEN HEARTS JACK,0.3332,0.0096,0.6572
SPADES KING HEARTS JACK,0.367,0.0072,0.6258
SPADES TEN DIAMONDS TEN,0.1506,0.0488,0.8006
SPADES JACK DIAMONDS TEN,0.2386,0.0566,0.7048
SPADES ACE DIAMONDS TEN,0.2654,0.0244,0.7102
SPADES JACK HEARTS JACK,0.1648,0.023,0.8122
SPADES TEN HEARTS JACK,0.2408,0.0502,0.709
SPADES QUEEN DIAMONDS TEN,0.2578,0.0442,0.698
SPADES KING DIAMONDS TEN,0.2742,0.0278,0.698
SPADES NINE DIAMONDS SEVEN,0.6864,0.0742,0.2394
SPADES EIGHT DIAMONDS SEVEN,0.6376,0.0232,0.3392
SPADES SEVEN DIAMONDS SEVEN,0.4406,0.0384,0.521
SPADES SIX DIAMONDS SEVEN,0.6246,0.0232,0.3522
DIAMONDS KING DIAMONDS SEVEN,0.396,0.0084,0.5956
HEARTS THREE DIAMONDS SEVEN,0.6732,0.0222,0.3046
HEARTS KING DIAMONDS FIVE,0.4484,0.0072,0.5444
DIAMONDS QUEEN DIAMONDS SEVEN,0.4152,0.0104,0.5744
HEARTS TWO DIAMONDS SEVEN,0.6798,0.0238,0.2964
HEARTS QUEEN DIAMONDS FIVE,0.4436,0.0136,0.5428
HEARTS FIVE DIAMONDS SEVEN,0.632,0.0212,0.3468
DIAMONDS ACE DIAMONDS SEVEN,0.3974,0.0024,0.6002
HEARTS FOUR DIAMONDS SEVEN,0.6416,0.0236,0.3348
HEARTS ACE DIAMONDS FIVE,0.4458,0.0054,0.5488
HEARTS SEVEN DIAMONDS SEVEN,0.4512,0.04,0.5088
HEARTS SIX DIAMONDS SEVEN,0.6244,0.0218,0.3538
HEARTS NINE DIAMONDS SEVEN,0.6922,0.0764,0.2314
DIAMONDS SEVEN HEARTS EIGHT,0.6398,0.0242,0.336
DIAMONDS JACK DIAMONDS SEVEN,0.3944,0.015,0.5906
DIAMONDS FIVE HEARTS JACK,0.439,0.0176,0.5434
DIAMONDS TEN DIAMONDS SEVEN,0.5794,0.1532,0.2674
SPADES KING CLUBS TWO,0.4564,0.0068,0.5368
HEARTS KING CLUBS KING,0.1646,0.0124,0.823
CLUBS EIGHT DIAMONDS SEVEN,0.6476,0.0244,0.328
SPADES QUEEN CLUBS TWO,0.4366,0.011,0.5524
HEARTS KING CLUBS QUEEN,0.3476,0.008,0.6444
CLUBS JACK SPADES TWO,0.4442,0.0188,0.537
SPADES ACE CLUBS TWO,0.4486,0.0052,0.5462
CLUBS TEN SPADES TWO,0.6092,0.1716,0.2192
HEARTS KING CLUBS ACE,0.3512,0.005,0.6438
CLUBS SEVEN CLUBS SIX,0.6046,0.0234,0.372
SPADES TWO CLUBS KING,0.4306,0.0072,0.5622
SPADES TWO DIAMONDS SEVEN,0.681,0.0252,0.2938
CLUBS EIGHT CLUBS SIX,0.6058,0.0238,0.3704
SPADES THREE DIAMONDS SEVEN,0.6582,0.0246,0.3172
SPADES TWO CLUBS QUEEN,0.4364,0.0118,0.5518
SPADES FOUR DIAMONDS SEVEN,0.64,0.026,0.334
CLUBS JACK HEARTS KING,0.353,0.0056,0.6414
SPADES FIVE DIAMONDS SEVEN,0.6502,0.0214,0.3284
SPADES TWO CLUBS ACE,0.4366,0.0038,0.5596
CLUBS TEN HEARTS KING,0.2474,0.0324,0.7202
CLUBS SIX SPADES TWO,0.6622,0.0228,0.315
CLUBS SIX SPADES THREE,0.6404,0.0256,0.334
CLUBS TWO DIAMONDS SEVEN,0.676,0.0252,0.2988
CLUBS SIX SPADES FOUR,0.638,0.0244,0.3376
CLUBS THREE DIAMONDS SEVEN,0.6592,0.0226,0.3182
CLUBS SIX SPADES FIVE,0.6316,0.0232,0.3452
CLUBS FOUR DIAMONDS SEVEN,0.6396,0.0268,0.3336
CLUBS SIX SPADES SIX,0.4472,0.0402,0.5126
CLUBS FIVE DIAMONDS SEVEN,0.6354,0.0214,0.3432
CLUBS SIX SPADES SEVEN,0.631,0.021,0.348
CLUBS SIX DIAMONDS SEVEN,0.6248,0.0248,0.3504
CLUBS SIX SPADES EIGHT,0.6374,0.021,0.3416
SPADES JACK CLUBS TWO,0.4444,0.0212,0.5344
CLUBS SEVEN DIAMONDS SEVEN,0.4344,0.0412,0.5244
SPADES NINE CLUBS SIX,0.6902,0.0716,0.2382
SPADES TEN CLUBS TWO,0.6248,0.1614,0.2138
CLUBS TWO CLUBS QUEEN,0.4344,0.0128,0.5528
CLUBS TWO CLUBS KING,0.4214,0.007,0.5716
CLUBS THREE DIAMONDS EIGHT,0.6816,0.0256,0.2928
CLUBS TWO CLUBS ACE,0.4182,0.005,0.5768
CLUBS TWO DIAMONDS EIGHT,0.6824,0.0258,0.2918
DIAMONDS EIGHT HEARTS SEVEN,0.6544,0.0232,0.3224
HEARTS SIX DIAMONDS EIGHT,0.651,0.0234,0.3256
DIAMONDS EIGHT HEARTS NINE,0.681,0.0686,0.2504
CLUBS TEN CLUBS TWO,0.577,0.1664,0.2566
DIAMONDS EIGHT HEARTS EIGHT,0.4226,0.0408,0.5366
CLUBS JACK CLUBS TWO,0.4152,0.0154,0.5694
CLUBS EIGHT DIAMONDS EIGHT,0.4104,0.0346,0.555
CLUBS FIVE DIAMONDS EIGHT,0.6596,0.0252,0.3152
SPADES ACE SPADES THREE,0.4148,0.005,0.5802
CLUBS FOUR DIAMONDS EIGHT,0.6706,0.0234,0.306
CLUBS SEVEN DIAMONDS EIGHT,0.6362,0.0248,0.339
SPADES QUEEN SPADES THREE,0.4172,0.0084,0.5744
CLUBS SIX DIAMONDS EIGHT,0.6494,0.0236,0.327
SPADES KING SPADES THREE,0.4148,0.0058,0.5794
DIAMONDS QUEEN DIAMONDS EIGHT,0.4028,0.0114,0.5858
HEARTS TWO DIAMONDS EIGHT,0.6858,0.025,0.2892
DIAMONDS KING DIAMONDS EIGHT,0.398,0.0058,0.5962
HEARTS THREE DIAMONDS EIGHT,0.671,0.0286,0.3004
DIAMONDS ACE DIAMONDS EIGHT,0.4,0.0038,0.5962
HEARTS FOUR DIAMONDS EIGHT,0.6662,0.0254,0.3084
HEARTS FIVE DIAMONDS EIGHT,0.6476,0.0226,0.3298
DIAMONDS EIGHT DIAMONDS TEN,0.561,0.1596,0.2794
DIAMONDS EIGHT DIAMONDS JACK,0.3952,0.0146,0.5902
SPADES JACK SPADES THREE,0.4314,0.0164,0.5522
SPADES TEN SPADES THREE,0.5756,0.1546,0.2698
CLUBS FOUR HEARTS ACE,0.4434,0.0038,0.5528
CLUBS FOUR HEARTS QUEEN,0.44,0.013,0.547
CLUBS FOUR HEARTS KING,0.4442,0.0098,0.546
CLUBS SIX HEARTS JACK,0.4368,0.0132,0.55
DIAMONDS EIGHT SPADES FOUR,0.665,0.0188,0.3162
SPADES FIVE DIAMONDS EIGHT,0.6492,0.0252,0.3256
DIAMONDS EIGHT SPADES TWO,0.6768,0.0202,0.303
DIAMONDS EIGHT SPADES THREE,0.6752,0.02,0.3048
CLUBS FOUR HEARTS JACK,0.4516,0.0156,0.5328
SPADES EIGHT DIAMONDS EIGHT,0.4258,0.0364,0.5378
SPADES TEN DIAMONDS QUEEN,0.266,0.0466,0.6874
SPADES TEN HEARTS TWO,0.619,0.1774,0.2036
SPADES JACK HEARTS EIGHT,0.4256,0.016,0.5584
SPADES NINE DIAMONDS EIGHT,0.689,0.0726,0.2384
SPADES TEN HEARTS EIGHT,0.6048,0.1778,0.2174
SPADES JACK HEARTS TWO,0.4506,0.0188,0.5306
SPADES JACK DIAMONDS QUEEN,0.3442,0.0092,0.6466
SPADES SIX DIAMONDS EIGHT,0.6356,0.028,0.3364
SPADES SEVEN DIAMONDS EIGHT,0.6418,0.0204,0.3378
SPADES ACE HEARTS TWO,0.4448,0.0044,0.5508
SPADES ACE DIAMONDS QUEEN,0.371,0.0028,0.6262
SPADES ACE HEARTS EIGHT,0.424,0.0042,0.5718
SPADES KING HEARTS EIGHT,0.4362,0.0048,0.559
SPADES QUEEN HEARTS TWO,0.459,0.01,0.531
SPADES QUEEN DIAMONDS QUEEN,0.177,0.0156,0.8074
SPADES KING DIAMONDS QUEEN,0.3532,0.0068,0.64
SPADES KING HEARTS TWO,0.4536,0.0074,0.539
SPADES QUEEN HEARTS EIGHT,0.416,0.0066,0.5774
CLUBS TWO HEARTS JACK,0.4518,0.0178,0.5304
SPADES SEVEN DIAMONDS NINE,0.6774,0.0766,0.246
SPADES SIX DIAMONDS NINE,0.6842,0.0716,0.2442
SPADES NINE DIAMONDS NINE,0.3214,0.039,0.6396
SPADES EIGHT DIAMONDS NINE,0.6744,0.0722,0.2534
SPADES TEN CLUBS KING,0.271,0.0292,0.6998
DIAMONDS NINE SPADES THREE,0.6962,0.0744,0.2294
SPADES JACK CLUBS KING,0.36,0.0054,0.6346
DIAMONDS NINE SPADES TWO,0.7106,0.075,0.2144
DIAMONDS NINE SPADES FIVE,0.6942,0.0732,0.2326
DIAMONDS NINE SPADES FOUR,0.7024,0.076,0.2216
CLUBS EIGHT DIAMONDS NINE,0.7036,0.0732,0.2232
CLUBS SIX DIAMONDS NINE,0.694,0.0768,0.2292
SPADES JACK CLUBS FOUR,0.4494,0.0178,0.5328
CLUBS SEVEN DIAMONDS NINE,0.6784,0.0764,0.2452
SPADES TEN CLUBS FOUR,0.613,0.1674,0.2196
CLUBS FOUR DIAMONDS NINE,0.705,0.079,0.216
CLUBS FIVE DIAMONDS NINE,0.6968,0.074,0.2292
DIAMONDS NINE CLUBS TWO,0.6916,0.0866,0.2218
CLUBS THREE DIAMONDS NINE,0.7112,0.0718,0.217
DIAMONDS NINE HEARTS EIGHT,0.684,0.0782,0.2378
DIAMONDS NINE HEARTS NINE,0.3324,0.0398,0.6278
HEARTS SIX DIAMONDS NINE,0.6888,0.075,0.2362
DIAMONDS NINE HEARTS SEVEN,0.6994,0.072,0.2286
DIAMONDS ACE DIAMONDS NINE,0.2696,0.0162,0.7142
HEARTS FOUR DIAMONDS NINE,0.7026,0.0802,0.2172
HEARTS FIVE DIAMONDS NINE,0.6896,0.0858,0.2246
HEARTS ACE CLUBS TWO,0.442,0.0048,0.5532
SPADES ACE CLUBS FOUR,0.4356,0.004,0.5604
DIAMONDS QUEEN DIAMONDS NINE,0.2484,0.0382,0.7134
HEARTS TWO DIAMONDS NINE,0.7066,0.0734,0.22
CLUBS TWO HEARTS KING,0.445,0.0084,0.5466
SPADES KING CLUBS FOUR,0.44,0.0082,0.5518
DIAMONDS KING DIAMONDS NINE,0.2748,0.0266,0.6986
HEARTS THREE DIAMONDS NINE,0.7058,0.0772,0.217
CLUBS TWO HEARTS QUEEN,0.4396,0.0118,0.5486
SPADES QUEEN CLUBS FOUR,0.458,0.008,0.534
DIAMONDS NINE DIAMONDS JACK,0.2348,0.049,0.7162
CLUBS EIGHT SPADES NINE,0.6934,0.0736,0.233
DIAMONDS NINE DIAMONDS TEN,0.0212,0.9168,0.062
CLUBS EIGHT SPADES EIGHT,0.4346,0.0384,0.527
CLUBS EIGHT SPADES SEVEN,0.6376,0.0228,0.3396
CLUBS EIGHT SPADES SIX,0.6412,0.0278,0.331
CLUBS EIGHT SPADES FIVE,0.6584,0.0246,0.317
CLUBS EIGHT SPADES FOUR,0.6568,0.0196,0.3236
CLUBS EIGHT SPADES THREE,0.6804,0.0248,0.2948
CLUBS EIGHT SPADES TWO,0.6866,0.0234,0.29
HEARTS SIX DIAMONDS TEN,0.598,0.1694,0.2326
DIAMONDS TEN HEARTS SEVEN,0.6074,0.1668,0.2258
DIAMONDS TEN HEARTS EIGHT,0.6028,0.17,0.2272
CLUBS JACK CLUBS FOUR,0.4276,0.0146,0.5578
DIAMONDS TEN HEARTS NINE,0.0166,0.9742,0.0092
CLUBS TEN CLUBS FOUR,0.5898,0.1546,0.2556
CLUBS FOUR CLUBS KING,0.4198,0.0086,0.5716
CLUBS FOUR CLUBS QUEEN,0.4162,0.0136,0.5702
CLUBS TWO DIAMONDS TEN,0.6118,0.1734,0.2148
CLUBS THREE DIAMONDS TEN,0.6148,0.17,0.2152
CLUBS FOUR CLUBS ACE,0.4118,0.0044,0.5838
DIAMONDS JACK DIAMONDS TEN,0.2318,0.0522,0.716
DIAMONDS QUEEN DIAMONDS TEN,0.2388,0.0428,0.7184
HEARTS TWO DIAMONDS TEN,0.6188,0.172,0.2092
DIAMONDS KING DIAMONDS TEN,0.251,0.0342,0.7148
HEARTS THREE DIAMONDS TEN,0.5954,0.1818,0.2228
DIAMONDS ACE DIAMONDS TEN,0.2508,0.0204,0.7288
HEARTS FOUR DIAMONDS TEN,0.6208,0.1654,0.2138
CLUBS EIGHT HEARTS JACK,0.4178,0.0162,0.566
HEARTS FIVE DIAMONDS TEN,0.6186,0.1706,0.2108
CLUBS EIGHT HEARTS QUEEN,0.4298,0.01,0.5602
CLUBS EIGHT HEARTS KING,0.4266,0.008,0.5654
CLUBS EIGHT HEARTS ACE,0.4134,0.0056,0.581
CLUBS TEN HEARTS EIGHT,0.5938,0.1856,0.2206
CLUBS JACK HEARTS EIGHT,0.4168,0.0174,0.5658
CLUBS QUEEN HEARTS EIGHT,0.4144,0.013,0.5726
CLUBS KING HEARTS EIGHT,0.4312,0.0086,0.5602
CLUBS ACE HEARTS EIGHT,0.4338,0.0044,0.5618
SPADES KING CLUBS KING,0.1766,0.0094,0.814
SPADES QUEEN CLUBS KING,0.3472,0.0076,0.6452
SPADES ACE CLUBS KING,0.3646,0.0044,0.631
DIAMONDS ACE HEARTS JACK,0.359,0.0022,0.6388
HEARTS FOUR HEARTS JACK,0.4296,0.016,0.5544
SPADES KING CLUBS FIVE,0.4578,0.0094,0.5328
SPADES QUEEN CLUBS FIVE,0.4342,0.008,0.5578
SPADES ACE CLUBS FIVE,0.4504,0.004,0.5456
DIAMONDS JACK HEARTS SEVEN,0.4188,0.0142,0.567
HEARTS SIX DIAMONDS JACK,0.4522,0.0142,0.5336
DIAMONDS JACK HEARTS NINE,0.2632,0.054,0.6828
DIAMONDS JACK HEARTS EIGHT,0.4086,0.0174,0.574
DIAMONDS KING DIAMONDS JACK,0.33,0.006,0.664
HEARTS THREE DIAMONDS JACK,0.4518,0.0158,0.5324
SPADES ACE SPADES SIX,0.4154,0.0046,0.58
HEARTS ACE SPADES FOUR,0.4358,0.0048,0.5594
DIAMONDS QUEEN DIAMONDS JACK,0.3282,0.009,0.6628
HEARTS TWO DIAMONDS JACK,0.4534,0.0156,0.531
HEARTS FIVE DIAMONDS JACK,0.4562,0.0164,0.5274
SPADES QUEEN SPADES SIX,0.4184,0.0068,0.5748
SPADES FOUR HEARTS QUEEN,0.4466,0.01,0.5434
DIAMONDS ACE DIAMONDS JACK,0.3392,0.003,0.6578
HEARTS FOUR DIAMONDS JACK,0.4534,0.016,0.5306
SPADES KING SPADES SIX,0.4068,0.0068,0.5864
SPADES FOUR HEARTS KING,0.4392,0.0096,0.5512
SPADES TEN SPADES SIX,0.571,0.158,0.271
SPADES JACK SPADES SIX,0.4222,0.014,0.5638
SPADES FOUR DIAMONDS JACK,0.4414,0.0136,0.545
SPADES FIVE DIAMONDS JACK,0.4354,0.015,0.5496
DIAMONDS JACK SPADES TWO,0.4512,0.0134,0.5354
DIAMONDS JACK SPADES THREE,0.4358,0.0154,0.5488
SPADES ACE DIAMONDS THREE,0.4514,0.0032,0.5454
SPADES QUEEN DIAMONDS THREE,0.432,0.011,0.557
CLUBS EIGHT DIAMONDS JACK,0.4218,0.018,0.5602
SPADES KING DIAMONDS THREE,0.4476,0.008,0.5444
CLUBS SIX DIAMONDS JACK,0.444,0.0158,0.5402
CLUBS SEVEN DIAMONDS JACK,0.4418,0.016,0.5422
CLUBS FOUR DIAMONDS JACK,0.4426,0.017,0.5404
CLUBS FIVE DIAMONDS JACK,0.4474,0.0128,0.5398
CLUBS TWO DIAMONDS JACK,0.4488,0.015,0.5362
CLUBS THREE DIAMONDS JACK,0.455,0.0176,0.5274
SPADES TEN CLUBS FIVE,0.5948,0.1798,0.2254
HEARTS SIX SPADES JACK,0.4424,0.0156,0.542
HEARTS SIX SPADES TEN,0.6118,0.1622,0.226
SPADES JACK CLUBS FIVE,0.4456,0.0142,0.5402
SPADES JACK DIAMONDS THREE,0.4502,0.0148,0.535
CLUBS SEVEN CLUBS ACE,0.4168,0.0046,0.5786
DIAMONDS THREE SPADES TEN,0.6032,0.1642,0.2326
CLUBS SEVEN CLUBS QUEEN,0.4214,0.0118,0.5668
CLUBS SEVEN CLUBS KING,0.419,0.0084,0.5726
SPADES NINE DIAMONDS JACK,0.2568,0.052,0.6912
CLUBS TEN CLUBS SEVEN,0.5816,0.164,0.2544
DIAMONDS ACE HEARTS ACE,0.1752,0.0032,0.8216
HEARTS FOUR HEARTS ACE,0.418,0.005,0.577
SPADES EIGHT DIAMONDS JACK,0.4074,0.0176,0.575
SPADES ACE HEARTS SIX,0.4414,0.003,0.5556
CLUBS JACK CLUBS SEVEN,0.4144,0.0168,0.5688
DIAMONDS ACE HEARTS KING,0.3598,0.0048,0.6354
HEARTS FOUR HEARTS KING,0.436,0.007,0.557
SPADES SEVEN DIAMONDS JACK,0.4364,0.017,0.5466
SPADES KING HEARTS SIX,0.4284,0.007,0.5646
DIAMONDS ACE HEARTS QUEEN,0.352,0.0038,0.6442
HEARTS FOUR HEARTS QUEEN,0.4154,0.0118,0.5728
SPADES QUEEN HEARTS SIX,0.4508,0.0092,0.54
SPADES SIX DIAMONDS JACK,0.445,0.0142,0.5408
DIAMONDS TEN SPADES TWO,0.6142,0.1674,0.2184
SPADES THREE DIAMONDS TEN,0.6052,0.1646,0.2302
SPADES FOUR DIAMONDS TEN,0.6124,0.1644,0.2232
SPADES FIVE DIAMONDS TEN,0.603,0.1692,0.2278
SPADES SIX DIAMONDS TEN,0.59,0.1764,0.2336
SPADES SEVEN DIAMONDS TEN,0.6104,0.164,0.2256
SPADES EIGHT DIAMONDS TEN,0.5904,0.1774,0.2322
SPADES NINE DIAMONDS TEN,0.0202,0.9614,0.0184
CLUBS FOUR DIAMONDS TEN,0.612,0.1636,0.2244
CLUBS FIVE DIAMONDS TEN,0.6006,0.1742,0.2252
CLUBS SIX DIAMONDS TEN,0.6184,0.1708,0.2108
CLUBS SEVEN DIAMONDS TEN,0.615,0.177,0.208
CLUBS EIGHT DIAMONDS TEN,0.5974,0.1786,0.224
CLUBS JACK DIAMONDS THREE,0.4342,0.0172,0.5486
CLUBS TEN DIAMONDS THREE,0.6064,0.1762,0.2174
DIAMONDS THREE CLUBS KING,0.4388,0.0076,0.5536
DIAMONDS THREE CLUBS QUEEN,0.437,0.0106,0.5524
DIAMONDS THREE CLUBS ACE,0.4408,0.0048,0.5544
SPADES FOUR HEARTS JACK,0.4542,0.0166,0.5292
SPADES FIVE SPADES TWO,0.6028,0.0226,0.3746
SPADES FOUR SPADES TWO,0.6032,0.0228,0.374
SPADES THREE SPADES TWO,0.6014,0.0206,0.378
SPADES NINE SPADES TWO,0.6518,0.069,0.2792
SPADES EIGHT SPADES TWO,0.6206,0.019,0.3604
SPADES SEVEN SPADES TWO,0.6234,0.0226,0.354
SPADES SIX SPADES TWO,0.6174,0.0224,0.3602
DIAMONDS QUEEN CLUBS THREE,0.4646,0.011,0.5244
CLUBS THREE HEARTS TWO,0.6484,0.0268,0.3248
DIAMONDS QUEEN CLUBS TWO,0.452,0.011,0.537
HEARTS TWO CLUBS TWO,0.455,0.0444,0.5006
DIAMONDS QUEEN HEARTS SEVEN,0.4542,0.0116,0.5342
HEARTS TWO HEARTS SEVEN,0.6448,0.0258,0.3294
HEARTS SIX DIAMONDS QUEEN,0.4496,0.0122,0.5382
HEARTS SIX HEARTS TWO,0.6346,0.026,0.3394
DIAMONDS QUEEN HEARTS NINE,0.2626,0.0442,0.6932
HEARTS TWO HEARTS NINE,0.668,0.0808,0.2512
DIAMONDS QUEEN HEARTS EIGHT,0.4308,0.0086,0.5606
HEARTS TWO HEARTS EIGHT,0.657,0.0242,0.3188
CLUBS EIGHT HEARTS TWO,0.6896,0.0286,0.2818
CLUBS EIGHT DIAMONDS QUEEN,0.4226,0.0132,0.5642
CLUBS FIVE DIAMONDS QUEEN,0.4586,0.0112,0.5302
CLUBS FIVE HEARTS TWO,0.661,0.026,0.313
SPADES EIGHT HEARTS ACE,0.4258,0.0032,0.571
DIAMONDS QUEEN CLUBS FOUR,0.4372,0.0118,0.551
HEARTS TWO CLUBS FOUR,0.6394,0.0268,0.3338
CLUBS SEVEN DIAMONDS QUEEN,0.4468,0.01,0.5432
CLUBS SEVEN HEARTS TWO,0.6724,0.0274,0.3002
SPADES EIGHT HEARTS QUEEN,0.4112,0.0088,0.58
CLUBS SIX DIAMONDS QUEEN,0.4454,0.0088,0.5458
CLUBS SIX HEARTS TWO,0.6524,0.0288,0.3188
SPADES EIGHT HEARTS KING,0.43,0.0064,0.5636
HEARTS TWO SPADES SIX,0.6644,0.0262,0.3094
DIAMONDS QUEEN SPADES SIX,0.4408,0.011,0.5482
HEARTS FOUR CLUBS QUEEN,0.4438,0.0126,0.5436
DIAMONDS ACE CLUBS QUEEN,0.3628,0.005,0.6322
DIAMONDS QUEEN SPADES SEVEN,0.4376,0.0106,0.5518
HEARTS TWO SPADES SEVEN,0.666,0.027,0.307
HEARTS FOUR CLUBS KING,0.4512,0.0088,0.54
DIAMONDS ACE CLUBS KING,0.3724,0.0034,0.6242
DIAMONDS QUEEN SPADES EIGHT,0.4338,0.0114,0.5548
SPADES EIGHT HEARTS TWO,0.6894,0.0198,0.2908
HEARTS FOUR CLUBS ACE,0.4498,0.0052,0.545
DIAMONDS ACE CLUBS ACE,0.1908,0.0026,0.8066
SPADES NINE DIAMONDS QUEEN,0.2682,0.0386,0.6932
SPADES NINE HEARTS TWO,0.7138,0.074,0.2122
HEARTS TWO SPADES TWO,0.4592,0.0492,0.4916
DIAMONDS QUEEN SPADES TWO,0.4454,0.0078,0.5468
HEARTS TWO SPADES THREE,0.6436,0.023,0.3334
DIAMONDS QUEEN SPADES THREE,0.4442,0.0122,0.5436
HEARTS TWO SPADES FOUR,0.6432,0.0254,0.3314
DIAMONDS QUEEN SPADES FOUR,0.4528,0.0112,0.536
CLUBS TEN HEARTS FOUR,0.6156,0.1694,0.215
CLUBS TEN DIAMONDS ACE,0.257,0.0202,0.7228
HEARTS TWO SPADES FIVE,0.6518,0.0238,0.3244
DIAMONDS QUEEN SPADES FIVE,0.454,0.009,0.537
HEARTS FOUR CLUBS JACK,0.4338,0.0202,0.546
CLUBS JACK DIAMONDS ACE,0.3642,0.0044,0.6314
CLUBS FIVE CLUBS KING,0.4306,0.0086,0.5608
CLUBS FIVE CLUBS QUEEN,0.426,0.0112,0.5628
CLUBS FIVE CLUBS ACE,0.4274,0.0052,0.5674
CLUBS JACK CLUBS FIVE,0.4186,0.0154,0.566
CLUBS TEN CLUBS FIVE,0.5774,0.1564,0.2662
SPADES KING CLUBS JACK,0.3408,0.005,0.6542
CLUBS JACK SPADES QUEEN,0.3276,0.0066,0.6658
SPADES ACE CLUBS JACK,0.3674,0.0042,0.6284
SPADES SIX CLUBS KING,0.4378,0.0052,0.557
SPADES SIX CLUBS QUEEN,0.4412,0.0116,0.5472
SPADES EIGHT HEARTS JACK,0.4128,0.015,0.5722
SPADES SIX CLUBS ACE,0.445,0.0036,0.5514
CLUBS JACK SPADES SIX,0.4418,0.0166,0.5416
CLUBS TEN SPADES SIX,0.602,0.1658,0.2322
CLUBS JACK SPADES TEN,0.238,0.0576,0.7044
CLUBS JACK SPADES JACK,0.1792,0.019,0.8018
SPADES QUEEN CLUBS SEVEN,0.425,0.0094,0.5656
SPADES KING CLUBS SEVEN,0.434,0.0054,0.5606
SPADES ACE CLUBS SEVEN,0.4296,0.0032,0.5672
SPADES SIX HEARTS JACK,0.4268,0.0158,0.5574
SPADES SIX HEARTS ACE,0.4328,0.003,0.5642
SPADES SIX HEARTS KING,0.4302,0.0066,0.5632
SPADES SIX HEARTS QUEEN,0.436,0.012,0.552
CLUBS SEVEN SPADES JACK,0.4298,0.0172,0.553
CLUBS SEVEN SPADES TEN,0.6154,0.1694,0.2152
CLUBS TEN HEARTS SIX,0.6148,0.1726,0.2126
CLUBS JACK HEARTS SIX,0.4384,0.0146,0.547
CLUBS JACK CLUBS ACE,0.3468,0.0044,0.6488
HEARTS SIX CLUBS QUEEN,0.4178,0.0116,0.5706
HEARTS SIX CLUBS KING,0.454,0.0072,0.5388
HEARTS SIX CLUBS ACE,0.444,0.0044,0.5516
CLUBS JACK CLUBS QUEEN,0.3284,0.0106,0.661
CLUBS JACK CLUBS KING,0.348,0.0086,0.6434
DIAMONDS THREE HEARTS ACE,0.44,0.0056,0.5544
DIAMONDS THREE HEARTS QUEEN,0.4478,0.0118,0.5404
DIAMONDS THREE HEARTS KING,0.4512,0.0058,0.543
CLUBS FIVE HEARTS JACK,0.4426,0.0152,0.5422
SPADES TEN DIAMONDS ACE,0.2762,0.023,0.7008
HEARTS FOUR SPADES TEN,0.6178,0.1632,0.219
HEARTS FOUR SPADES JACK,0.4492,0.0158,0.535
SPADES JACK DIAMONDS ACE,0.366,0.0046,0.6294
SPADES ACE HEARTS FOUR,0.4482,0.0042,0.5476
SPADES ACE DIAMONDS ACE,0.1812,0.0012,0.8176
CLUBS FIVE HEARTS ACE,0.4504,0.006,0.5436
CLUBS FIVE HEARTS KING,0.4338,0.009,0.5572
HEARTS FOUR SPADES QUEEN,0.4526,0.0104,0.537
SPADES QUEEN DIAMONDS ACE,0.372,0.0028,0.6252
CLUBS JACK SPADES FOUR,0.4458,0.0176,0.5366
CLUBS FIVE HEARTS QUEEN,0.4468,0.0134,0.5398
SPADES KING DIAMONDS ACE,0.3776,0.0034,0.619
HEARTS FOUR SPADES KING,0.449,0.0064,0.5446
CLUBS TEN SPADES FOUR,0.6064,0.1688,0.2248
DIAMONDS QUEEN DIAMONDS ACE,0.353,0.0026,0.6444
HEARTS TWO DIAMONDS ACE,0.4574,0.0046,0.538
HEARTS FOUR DIAMONDS QUEEN,0.4454,0.0112,0.5434
HEARTS FOUR HEARTS TWO,0.6036,0.0254,0.371
SPADES FOUR CLUBS KING,0.4396,0.0076,0.5528
HEARTS FIVE DIAMONDS QUEEN,0.4398,0.011,0.5492
HEARTS FIVE HEARTS TWO,0.6136,0.0254,0.361
DIAMONDS THREE HEARTS JACK,0.4442,0.0188,0.537
SPADES FOUR CLUBS QUEEN,0.4452,0.0122,0.5426
DIAMONDS QUEEN HEARTS TWO,0.4542,0.0104,0.5354
DIAMONDS KING DIAMONDS QUEEN,0.3476,0.0072,0.6452
DIAMONDS KING HEARTS TWO,0.4404,0.0074,0.5522
HEARTS THREE DIAMONDS QUEEN,0.447,0.0098,0.5432
HEARTS THREE HEARTS TWO,0.6218,0.021,0.3572
SPADES FOUR CLUBS ACE,0.4354,0.005,0.5596
HEARTS TWO CLUBS ACE,0.4462,0.0052,0.5486
DIAMONDS QUEEN CLUBS ACE,0.3618,0.003,0.6352
HEARTS TWO CLUBS QUEEN,0.432,0.014,0.554
DIAMONDS QUEEN CLUBS QUEEN,0.1768,0.0176,0.8056
HEARTS TWO CLUBS KING,0.4492,0.0066,0.5442
DIAMONDS QUEEN CLUBS KING,0.3624,0.006,0.6316
SPADES EIGHT SPADES FIVE,0.6094,0.023,0.3676
CLUBS TEN HEARTS TWO,0.6132,0.162,0.2248
CLUBS TEN DIAMONDS QUEEN,0.2644,0.0414,0.6942
SPADES NINE SPADES FIVE,0.6494,0.0782,0.2724
CLUBS JACK HEARTS TWO,0.452,0.0162,0.5318
CLUBS JACK DIAMONDS QUEEN,0.3354,0.0098,0.6548
SPADES SIX SPADES FIVE,0.5936,0.021,0.3854
SPADES SEVEN SPADES FIVE,0.5898,0.0222,0.388
DIAMONDS FIVE CLUBS QUEEN,0.446,0.0126,0.5414
SPADES EIGHT CLUBS ACE,0.4158,0.0056,0.5786
DIAMONDS FIVE CLUBS KING,0.4348,0.007,0.5582
SPADES EIGHT CLUBS KING,0.429,0.0082,0.5628
DIAMONDS FIVE CLUBS ACE,0.437,0.0038,0.5592
SPADES EIGHT CLUBS QUEEN,0.4126,0.0088,0.5786
CLUBS JACK SPADES EIGHT,0.4044,0.0148,0.5808
CLUBS TEN SPADES EIGHT,0.5928,0.176,0.2312
CLUBS TEN DIAMONDS FIVE,0.6068,0.1628,0.2304
CLUBS JACK DIAMONDS FIVE,0.4438,0.0204,0.5358
DIAMONDS TEN HEARTS JACK,0.239,0.0558,0.7052
HEARTS SIX HEARTS KING,0.4288,0.0072,0.564
