opposingHand,winningChance,drawChance,lostChance
CLUBS EIGHT HEARTS QUEEN
HEARTS FIVE SPADES TEN,0.6462,0.011,0.3428
SPADES JACK HEARTS FIVE,0.633,0.0098,0.3572
CLUBS JACK SPADES FIVE,0.632,0.0106,0.3574
CLUBS TEN SPADES FIVE,0.6342,0.0108,0.355
SPADES FIVE CLUBS ACE,0.3916,0.0042,0.6042
SPADES FIVE CLUBS KING,0.4104,0.0068,0.5828
SPADES FIVE CLUBS QUEEN,0.5488,0.2142,0.237
DIAMONDS TWO DIAMONDS THREE,0.6146,0.0102,0.3752
DIAMONDS TWO DIAMONDS FIVE,0.6,0.014,0.386
SPADES KING HEARTS FIVE,0.4012,0.0062,0.5926
DIAMONDS TWO DIAMONDS FOUR,0.5888,0.0132,0.398
SPADES QUEEN HEARTS FIVE,0.5458,0.2338,0.2204
DIAMONDS TWO DIAMONDS SEVEN,0.6238,0.0148,0.3614
DIAMONDS TWO DIAMONDS SIX,0.612,0.0118,0.3762
SPADES ACE HEARTS FIVE,0.4048,0.003,0.5922
DIAMONDS TWO DIAMONDS NINE,0.6054,0.0098,0.3848
DIAMONDS TWO DIAMONDS EIGHT,0.677,0.0522,0.2708
DIAMONDS THREE DIAMONDS FOUR,0.5876,0.0126,0.3998
CLUBS TWO SPADES FOUR,0.634,0.0142,0.3518
DIAMONDS THREE DIAMONDS FIVE,0.5794,0.014,0.4066
SPADES FIVE CLUBS TWO,0.6492,0.011,0.3398
CLUBS TWO SPADES TWO,0.4634,0.028,0.5086
CLUBS TWO SPADES THREE,0.6442,0.0146,0.3412
DIAMONDS THREE DIAMONDS EIGHT,0.681,0.0468,0.2722
SPADES EIGHT CLUBS TWO,0.7104,0.0542,0.2354
DIAMONDS THREE DIAMONDS NINE,0.601,0.0108,0.3882
SPADES NINE CLUBS TWO,0.6428,0.0088,0.3484
DIAMONDS THREE DIAMONDS SIX,0.5898,0.0106,0.3996
SPADES SIX CLUBS TWO,0.669,0.0104,0.3206
DIAMONDS THREE DIAMONDS SEVEN,0.6086,0.0116,0.3798
SPADES SEVEN CLUBS TWO,0.6734,0.0102,0.3164
CLUBS SIX CLUBS TWO,0.6176,0.0104,0.372
CLUBS SEVEN CLUBS TWO,0.6508,0.0116,0.3376
CLUBS FOUR CLUBS TWO,0.6094,0.0126,0.378
CLUBS FIVE CLUBS TWO,0.6014,0.0136,0.385
CLUBS TEN CLUBS JACK,0.5216,0.0104,0.468
DIAMONDS FOUR DIAMONDS SIX,0.5866,0.0106,0.4028
CLUBS TEN CLUBS QUEEN,0.2174,0.1152,0.6674
DIAMONDS FOUR DIAMONDS SEVEN,0.6074,0.011,0.3816
CLUBS TEN CLUBS KING,0.3244,0.0074,0.6682
CLUBS TEN CLUBS ACE,0.3424,0.0044,0.6532
DIAMONDS FIVE DIAMONDS FOUR,0.5778,0.0102,0.412
CLUBS NINE CLUBS TWO,0.6122,0.0126,0.3752
DIAMONDS NINE DIAMONDS FOUR,0.6012,0.0118,0.387
DIAMONDS EIGHT DIAMONDS FOUR,0.6666,0.0458,0.2876
CLUBS THREE CLUBS TWO,0.6126,0.014,0.3734
DIAMONDS NINE DIAMONDS FIVE,0.5752,0.0092,0.4156
CLUBS JACK DIAMONDS TWO,0.6294,0.0114,0.3592
DIAMONDS EIGHT DIAMONDS FIVE,0.6506,0.0418,0.3076
CLUBS TEN DIAMONDS TWO,0.645,0.0106,0.3444
DIAMONDS FIVE DIAMONDS SEVEN,0.5788,0.0122,0.409
DIAMONDS FIVE DIAMONDS SIX,0.5838,0.01,0.4062
DIAMONDS TWO CLUBS ACE,0.4028,0.0058,0.5914
DIAMONDS TWO CLUBS KING,0.4116,0.0068,0.5816
DIAMONDS TWO CLUBS QUEEN,0.5446,0.227,0.2284
DIAMONDS EIGHT DIAMONDS SIX,0.635,0.0406,0.3244
DIAMONDS NINE DIAMONDS SIX,0.588,0.012,0.4
HEARTS ACE SPADES THREE,0.4072,0.0038,0.589
SPADES THREE HEARTS KING,0.4106,0.0068,0.5826
DIAMONDS SEVEN DIAMONDS SIX,0.5726,0.0114,0.416
HEARTS JACK SPADES THREE,0.6328,0.0118,0.3554
SPADES THREE HEARTS TEN,0.6314,0.0122,0.3564
DIAMONDS EIGHT DIAMONDS SEVEN,0.6384,0.0474,0.3142
DIAMONDS NINE DIAMONDS SEVEN,0.5768,0.0102,0.413
DIAMONDS NINE DIAMONDS EIGHT,0.628,0.0348,0.3372
DIAMONDS KING HEARTS TEN,0.3654,0.0082,0.6264
HEARTS THREE HEARTS TEN,0.6082,0.01,0.3818
SPADES JACK CLUBS SIX,0.6352,0.0114,0.3534
DIAMONDS KING HEARTS JACK,0.3572,0.0056,0.6372
HEARTS THREE HEARTS JACK,0.6148,0.0108,0.3744
SPADES TEN CLUBS SIX,0.6416,0.0092,0.3492
SPADES JACK SPADES FIVE,0.5962,0.0076,0.3962
SPADES TEN SPADES FIVE,0.5966,0.0088,0.3946
DIAMONDS KING HEARTS ACE,0.333,0.0044,0.6626
HEARTS THREE HEARTS ACE,0.3832,0.0038,0.613
SPADES ACE CLUBS SIX,0.409,0.005,0.586
SPADES KING CLUBS SIX,0.413,0.0064,0.5806
DIAMONDS KING HEARTS KING,0.148,0.0042,0.8478
HEARTS THREE HEARTS KING,0.4,0.0068,0.5932
SPADES QUEEN CLUBS SIX,0.5438,0.2248,0.2314
SPADES NINE HEARTS TEN,0.561,0.0106,0.4284
SPADES NINE HEARTS JACK,0.5804,0.0118,0.4078
SPADES QUEEN SPADES FIVE,0.5092,0.2008,0.29
SPADES KING SPADES FIVE,0.376,0.0058,0.6182
SPADES ACE SPADES FIVE,0.3654,0.0032,0.6314
SPADES NINE HEARTS KING,0.3538,0.007,0.6392
SPADES NINE HEARTS ACE,0.3626,0.0046,0.6328
CLUBS TEN SPADES JACK,0.5606,0.0102,0.4292
CLUBS TEN SPADES TEN,0.2972,0.0136,0.6892
SPADES ACE CLUBS TEN,0.36,0.0034,0.6366
CLUBS TEN SPADES KING,0.3454,0.0076,0.647
CLUBS TEN SPADES QUEEN,0.214,0.1154,0.6706
SPADES FIVE HEARTS KING,0.3862,0.0076,0.6062
HEARTS ACE SPADES FIVE,0.3944,0.0036,0.602
HEARTS THREE SPADES JACK,0.6432,0.0096,0.3472
SPADES JACK DIAMONDS KING,0.344,0.0064,0.6496
SPADES TEN DIAMONDS KING,0.3432,0.0064,0.6504
HEARTS THREE SPADES TEN,0.6452,0.0118,0.343
CLUBS SIX HEARTS ACE,0.4054,0.0058,0.5888
CLUBS JACK HEARTS FIVE,0.6358,0.0136,0.3506
CLUBS TEN HEARTS FIVE,0.6354,0.0138,0.3508
CLUBS TEN SPADES THREE,0.632,0.0126,0.3554
CLUBS SIX HEARTS KING,0.4052,0.0078,0.587
CLUBS JACK SPADES THREE,0.6284,0.011,0.3606
DIAMONDS TWO HEARTS JACK,0.6576,0.0094,0.333
SPADES THREE CLUBS QUEEN,0.55,0.218,0.232
DIAMONDS TWO HEARTS TEN,0.6408,0.0106,0.3486
SPADES THREE CLUBS KING,0.3994,0.0062,0.5944
HEARTS FIVE CLUBS ACE,0.3918,0.0052,0.603
SPADES FIVE HEARTS TEN,0.6382,0.0088,0.353
SPADES THREE CLUBS ACE,0.4116,0.004,0.5844
HEARTS FIVE CLUBS KING,0.3984,0.0078,0.5938
SPADES FIVE HEARTS JACK,0.6218,0.0136,0.3646
HEARTS FIVE CLUBS QUEEN,0.5452,0.2248,0.23
HEARTS THREE CLUBS KING,0.4058,0.008,0.5862
DIAMONDS KING CLUBS KING,0.1444,0.003,0.8526
HEARTS THREE CLUBS QUEEN,0.5488,0.2364,0.2148
DIAMONDS KING CLUBS QUEEN,0.2376,0.0286,0.7338
HEARTS FIVE HEARTS JACK,0.6048,0.0156,0.3796
HEARTS FIVE HEARTS TEN,0.5964,0.0118,0.3918
HEARTS THREE CLUBS ACE,0.4082,0.0048,0.587
DIAMONDS KING CLUBS ACE,0.3154,0.0032,0.6814
SPADES ACE CLUBS QUEEN,0.2354,0.0178,0.7468
SPADES KING CLUBS QUEEN,0.2246,0.0268,0.7486
CLUBS JACK HEARTS THREE,0.6534,0.0108,0.3358
CLUBS JACK DIAMONDS KING,0.3488,0.0072,0.644
SPADES QUEEN CLUBS QUEEN,0.0878,0.022,0.8902
CLUBS TEN HEARTS THREE,0.6476,0.0104,0.342
CLUBS TEN DIAMONDS KING,0.3322,0.0072,0.6606
SPADES JACK CLUBS QUEEN,0.2356,0.0894,0.675
CLUBS SIX CLUBS QUEEN,0.5206,0.2194,0.26
SPADES TEN CLUBS QUEEN,0.2278,0.1132,0.659
CLUBS SIX CLUBS KING,0.3942,0.0072,0.5986
CLUBS SIX CLUBS ACE,0.3834,0.0034,0.6132
HEARTS FIVE HEARTS KING,0.3776,0.0068,0.6156
CLUBS TEN CLUBS SIX,0.6062,0.0114,0.3824
HEARTS FIVE HEARTS ACE,0.3866,0.004,0.6094
CLUBS JACK CLUBS SIX,0.6124,0.0084,0.3792
SPADES SEVEN HEARTS JACK,0.6306,0.009,0.3604
SPADES SEVEN HEARTS TEN,0.6114,0.011,0.3776
DIAMONDS TWO CLUBS TWO,0.4676,0.0236,0.5088
DIAMONDS TWO CLUBS THREE,0.6388,0.012,0.3492
HEARTS SIX DIAMONDS TWO,0.6578,0.012,0.3302
DIAMONDS TWO HEARTS SEVEN,0.6648,0.013,0.3222
DIAMONDS TWO HEARTS KING,0.4072,0.0122,0.5806
DIAMONDS TWO HEARTS EIGHT,0.7406,0.0454,0.214
DIAMONDS TWO HEARTS ACE,0.4042,0.007,0.5888
DIAMONDS TWO HEARTS NINE,0.6434,0.012,0.3446
DIAMONDS TWO DIAMONDS QUEEN,0.5128,0.2186,0.2686
DIAMONDS TWO HEARTS TWO,0.4514,0.0254,0.5232
DIAMONDS TWO DIAMONDS KING,0.3778,0.0082,0.614
HEARTS THREE DIAMONDS TWO,0.655,0.0118,0.3332
DIAMONDS TWO DIAMONDS ACE,0.3792,0.0046,0.6162
HEARTS FOUR DIAMONDS TWO,0.635,0.0106,0.3544
DIAMONDS TWO HEARTS FIVE,0.6514,0.0134,0.3352
SPADES SEVEN HEARTS ACE,0.393,0.003,0.604
DIAMONDS TWO DIAMONDS TEN,0.6116,0.0094,0.379
SPADES SEVEN HEARTS KING,0.3996,0.0072,0.5932
DIAMONDS TWO DIAMONDS JACK,0.595,0.0092,0.3958
DIAMONDS TWO SPADES NINE,0.6384,0.0112,0.3504
DIAMONDS TWO SPADES EIGHT,0.7238,0.0476,0.2286
DIAMONDS TWO SPADES SEVEN,0.6636,0.01,0.3264
DIAMONDS TWO SPADES SIX,0.6636,0.0092,0.3272
DIAMONDS TWO SPADES FIVE,0.6494,0.0122,0.3384
DIAMONDS TWO SPADES FOUR,0.6428,0.0112,0.346
DIAMONDS TWO SPADES THREE,0.6508,0.0134,0.3358
DIAMONDS TWO SPADES TWO,0.4544,0.0264,0.5192
DIAMONDS TWO CLUBS NINE,0.6362,0.0138,0.35
CLUBS SEVEN DIAMONDS TWO,0.6722,0.016,0.3118
DIAMONDS TWO CLUBS SIX,0.6596,0.0118,0.3286
DIAMONDS TWO CLUBS FIVE,0.6412,0.015,0.3438
DIAMONDS TWO CLUBS FOUR,0.6482,0.0142,0.3376
CLUBS FOUR SPADES FIVE,0.6164,0.0148,0.3688
CLUBS FOUR SPADES FOUR,0.4488,0.0224,0.5288
CLUBS FOUR SPADES THREE,0.6354,0.0124,0.3522
CLUBS FOUR SPADES TWO,0.6478,0.0142,0.338
SPADES NINE CLUBS FOUR,0.6344,0.0124,0.3532
SPADES EIGHT CLUBS FOUR,0.7114,0.0436,0.245
SPADES SEVEN CLUBS FOUR,0.6486,0.012,0.3394
CLUBS FOUR SPADES SIX,0.6282,0.0138,0.358
SPADES ACE DIAMONDS SIX,0.412,0.0026,0.5854
SPADES QUEEN DIAMONDS SIX,0.546,0.2216,0.2324
SPADES KING DIAMONDS SIX,0.4042,0.0066,0.5892
SPADES TEN DIAMONDS SIX,0.6296,0.0096,0.3608
SPADES JACK DIAMONDS SIX,0.6352,0.0086,0.3562
SPADES QUEEN SPADES TWO,0.5146,0.2116,0.2738
SPADES KING SPADES TWO,0.3878,0.0066,0.6056
SPADES ACE SPADES TWO,0.3862,0.0042,0.6096
CLUBS JACK DIAMONDS JACK,0.2806,0.0098,0.7096
CLUBS TEN DIAMONDS JACK,0.5574,0.0112,0.4314
DIAMONDS JACK CLUBS KING,0.3424,0.0084,0.6492
DIAMONDS JACK CLUBS QUEEN,0.2348,0.096,0.6692
DIAMONDS THREE DIAMONDS JACK,0.6076,0.011,0.3814
DIAMONDS THREE DIAMONDS TEN,0.5946,0.0094,0.396
DIAMONDS JACK CLUBS ACE,0.3628,0.0038,0.6334
DIAMONDS THREE DIAMONDS KING,0.3896,0.0076,0.6028
HEARTS THREE DIAMONDS THREE,0.449,0.025,0.526
DIAMONDS THREE DIAMONDS QUEEN,0.494,0.2252,0.2808
DIAMONDS THREE HEARTS TWO,0.6518,0.0112,0.337
HEARTS FIVE DIAMONDS THREE,0.6256,0.0124,0.362
DIAMONDS THREE DIAMONDS ACE,0.3882,0.0032,0.6086
HEARTS FOUR DIAMONDS THREE,0.6208,0.0132,0.366
DIAMONDS THREE HEARTS SEVEN,0.6584,0.0136,0.328
SPADES TEN SPADES NINE,0.5368,0.0108,0.4524
HEARTS SIX DIAMONDS THREE,0.6462,0.0096,0.3442
SPADES JACK SPADES NINE,0.537,0.0104,0.4526
DIAMONDS THREE HEARTS NINE,0.6468,0.0116,0.3416
HEARTS JACK DIAMONDS FOUR,0.633,0.0104,0.3566
HEARTS ACE HEARTS KING,0.319,0.0052,0.6758
SPADES TEN SPADES TWO,0.5812,0.0104,0.4084
DIAMONDS THREE HEARTS EIGHT,0.733,0.0484,0.2186
HEARTS TEN DIAMONDS FOUR,0.652,0.014,0.334
SPADES JACK SPADES TWO,0.6034,0.0112,0.3854
HEARTS KING DIAMONDS FOUR,0.3976,0.007,0.5954
SPADES ACE SPADES NINE,0.3492,0.0024,0.6484
HEARTS ACE DIAMONDS FOUR,0.404,0.0038,0.5922
SPADES KING SPADES NINE,0.3394,0.0064,0.6542
SPADES QUEEN SPADES NINE,0.205,0.1642,0.6308
DIAMONDS THREE SPADES NINE,0.6286,0.01,0.3614
DIAMONDS THREE SPADES EIGHT,0.7158,0.0508,0.2334
DIAMONDS THREE SPADES SEVEN,0.643,0.013,0.344
DIAMONDS THREE SPADES SIX,0.6548,0.0106,0.3346
DIAMONDS THREE CLUBS SIX,0.6612,0.0092,0.3296
CLUBS FIVE CLUBS SIX,0.5916,0.0116,0.3968
CLUBS ACE DIAMONDS FOUR,0.4138,0.0054,0.5808
CLUBS SEVEN DIAMONDS THREE,0.6534,0.0144,0.3322
CLUBS SEVEN CLUBS FIVE,0.6028,0.0122,0.385
DIAMONDS THREE CLUBS FOUR,0.6312,0.0134,0.3554
DIAMONDS FOUR CLUBS QUEEN,0.5408,0.2268,0.2324
DIAMONDS THREE CLUBS FIVE,0.6272,0.0128,0.36
DIAMONDS FOUR CLUBS KING,0.3942,0.0084,0.5974
DIAMONDS THREE CLUBS TWO,0.6468,0.0136,0.3396
CLUBS TEN DIAMONDS FOUR,0.632,0.0096,0.3584
DIAMONDS THREE CLUBS THREE,0.4588,0.028,0.5132
CLUBS JACK DIAMONDS FOUR,0.6238,0.0118,0.3644
DIAMONDS THREE SPADES FOUR,0.6266,0.011,0.3624
DIAMONDS THREE SPADES FIVE,0.6336,0.0092,0.3572
DIAMONDS THREE SPADES TWO,0.6404,0.0112,0.3484
DIAMONDS THREE SPADES THREE,0.4618,0.0246,0.5136
CLUBS NINE DIAMONDS THREE,0.6436,0.0122,0.3442
SPADES SEVEN CLUBS ACE,0.3954,0.0048,0.5998
SPADES SEVEN CLUBS QUEEN,0.5616,0.2234,0.215
SPADES SEVEN CLUBS KING,0.4096,0.0068,0.5836
CLUBS FIVE SPADES SEVEN,0.6206,0.0112,0.3682
CLUBS TEN SPADES SEVEN,0.6192,0.0098,0.371
CLUBS FIVE SPADES SIX,0.6088,0.012,0.3792
CLUBS JACK SPADES SEVEN,0.6256,0.0086,0.3658
CLUBS FIVE SPADES NINE,0.6272,0.0094,0.3634
CLUBS FIVE SPADES EIGHT,0.6976,0.0418,0.2606
CLUBS FIVE SPADES THREE,0.6318,0.0124,0.3558
CLUBS FIVE SPADES TWO,0.6486,0.0142,0.3372
CLUBS FIVE SPADES FIVE,0.442,0.0224,0.5356
CLUBS FIVE SPADES FOUR,0.6114,0.0128,0.3758
CLUBS NINE CLUBS FIVE,0.5822,0.0132,0.4046
CLUBS ACE CLUBS QUEEN,0.2256,0.0178,0.7566
CLUBS KING CLUBS QUEEN,0.2242,0.0242,0.7516
DIAMONDS TEN DIAMONDS FOUR,0.5938,0.0114,0.3948
CLUBS TEN DIAMONDS NINE,0.5666,0.0112,0.4222
DIAMONDS JACK DIAMONDS FOUR,0.6026,0.0142,0.3832
CLUBS JACK DIAMONDS NINE,0.5728,0.01,0.4172
CLUBS JACK SPADES NINE,0.5834,0.0092,0.4074
CLUBS TEN SPADES NINE,0.566,0.0104,0.4236
DIAMONDS ACE DIAMONDS FOUR,0.3846,0.005,0.6104
HEARTS FOUR DIAMONDS FOUR,0.4442,0.023,0.5328
DIAMONDS JACK HEARTS TEN,0.5718,0.0092,0.419
SPADES NINE CLUBS KING,0.3524,0.0086,0.639
DIAMONDS TWO SPADES TEN,0.627,0.0088,0.3642
DIAMONDS NINE CLUBS ACE,0.3606,0.0046,0.6348
HEARTS FIVE DIAMONDS FOUR,0.6116,0.0138,0.3746
HEARTS JACK DIAMONDS JACK,0.2846,0.0084,0.707
SPADES NINE CLUBS QUEEN,0.2186,0.1672,0.6142
DIAMONDS TWO SPADES JACK,0.6346,0.0122,0.3532
DIAMONDS QUEEN DIAMONDS FOUR,0.5126,0.2046,0.2828
HEARTS TWO DIAMONDS FOUR,0.642,0.0142,0.3438
DIAMONDS NINE CLUBS QUEEN,0.225,0.1652,0.6098
DIAMONDS KING DIAMONDS FOUR,0.382,0.0088,0.6092
HEARTS THREE DIAMONDS FOUR,0.628,0.0108,0.3612
SPADES NINE CLUBS ACE,0.3612,0.0046,0.6342
DIAMONDS NINE CLUBS KING,0.3616,0.0068,0.6316
HEARTS ACE DIAMONDS JACK,0.3604,0.0046,0.635
SPADES ACE DIAMONDS TWO,0.4054,0.0032,0.5914
SPADES QUEEN DIAMONDS TWO,0.5516,0.228,0.2204
DIAMONDS JACK HEARTS KING,0.3586,0.0048,0.6366
SPADES KING DIAMONDS TWO,0.4096,0.0066,0.5838
SPADES JACK SPADES SEVEN,0.5932,0.0098,0.397
SPADES TEN SPADES SEVEN,0.5844,0.0092,0.4064
CLUBS SEVEN CLUBS THREE,0.6382,0.0124,0.3494
CLUBS SIX CLUBS THREE,0.6042,0.0096,0.3862
CLUBS FIVE CLUBS THREE,0.6018,0.0108,0.3874
CLUBS THREE CLUBS FOUR,0.606,0.0116,0.3824
CLUBS NINE CLUBS THREE,0.6062,0.0156,0.3782
CLUBS THREE SPADES FIVE,0.6314,0.0112,0.3574
CLUBS THREE SPADES FOUR,0.6514,0.0112,0.3374
CLUBS THREE SPADES THREE,0.447,0.0244,0.5286
CLUBS THREE SPADES TWO,0.65,0.0122,0.3378
CLUBS THREE SPADES SIX,0.6394,0.0122,0.3484
CLUBS THREE SPADES SEVEN,0.6634,0.0104,0.3262
SPADES EIGHT CLUBS THREE,0.7306,0.0518,0.2176
SPADES NINE CLUBS THREE,0.644,0.0096,0.3464
SPADES TWO DIAMONDS FOUR,0.6338,0.011,0.3552
SPADES THREE DIAMONDS FOUR,0.624,0.0124,0.3636
SPADES FOUR DIAMONDS FOUR,0.4368,0.0238,0.5394
SPADES FIVE DIAMONDS FOUR,0.5926,0.0112,0.3962
SPADES SIX DIAMONDS FOUR,0.6338,0.0106,0.3556
SPADES SEVEN DIAMONDS FOUR,0.6372,0.0106,0.3522
SPADES EIGHT DIAMONDS FOUR,0.7148,0.0464,0.2388
SPADES NINE DIAMONDS FOUR,0.6252,0.0094,0.3654
CLUBS FIVE DIAMONDS FOUR,0.6074,0.0132,0.3794
CLUBS FOUR DIAMONDS FOUR,0.4416,0.0236,0.5348
CLUBS SEVEN DIAMONDS FOUR,0.642,0.0106,0.3474
CLUBS SIX DIAMONDS FOUR,0.637,0.0126,0.3504
CLUBS NINE DIAMONDS FOUR,0.6256,0.0152,0.3592
DIAMONDS FOUR HEARTS SEVEN,0.6384,0.0116,0.35
HEARTS SIX DIAMONDS FOUR,0.6192,0.0118,0.369
HEARTS NINE DIAMONDS FOUR,0.6386,0.0114,0.35
DIAMONDS FOUR HEARTS EIGHT,0.7116,0.0546,0.2338
CLUBS THREE DIAMONDS FOUR,0.6302,0.0118,0.358
CLUBS TWO DIAMONDS FOUR,0.6428,0.0102,0.347
DIAMONDS TEN DIAMONDS FIVE,0.5982,0.0122,0.3896
DIAMONDS JACK DIAMONDS FIVE,0.5942,0.0102,0.3956
DIAMONDS NINE HEARTS KING,0.3484,0.0076,0.644
HEARTS ACE DIAMONDS NINE,0.3608,0.0042,0.635
DIAMONDS NINE HEARTS TEN,0.5788,0.0128,0.4084
DIAMONDS NINE HEARTS JACK,0.589,0.01,0.401
CLUBS KING DIAMONDS SIX,0.3974,0.0084,0.5942
CLUBS QUEEN DIAMONDS SIX,0.5476,0.2226,0.2298
CLUBS ACE DIAMONDS SIX,0.3996,0.0034,0.597
SPADES KING DIAMONDS FOUR,0.4068,0.0086,0.5846
SPADES ACE SPADES SEVEN,0.3778,0.0046,0.6176
SPADES QUEEN DIAMONDS FOUR,0.5388,0.2208,0.2404
SPADES QUEEN SPADES SEVEN,0.5258,0.2098,0.2644
CLUBS JACK DIAMONDS SIX,0.648,0.01,0.342
SPADES KING SPADES SEVEN,0.3874,0.0058,0.6068
SPADES ACE DIAMONDS FOUR,0.3956,0.0036,0.6008
CLUBS TEN DIAMONDS SIX,0.6344,0.0086,0.357
CLUBS NINE CLUBS FOUR,0.601,0.011,0.388
SPADES JACK DIAMONDS FOUR,0.6292,0.0098,0.361
SPADES TEN DIAMONDS FOUR,0.6352,0.01,0.3548
CLUBS FIVE CLUBS FOUR,0.5808,0.0096,0.4096
CLUBS SEVEN CLUBS FOUR,0.6136,0.017,0.3694
CLUBS SIX CLUBS FOUR,0.6034,0.0108,0.3858
CLUBS SEVEN SPADES EIGHT,0.685,0.044,0.271
CLUBS SEVEN SPADES NINE,0.615,0.0102,0.3748
CLUBS SEVEN SPADES SIX,0.6338,0.009,0.3572
CLUBS SEVEN SPADES SEVEN,0.425,0.0236,0.5514
CLUBS SEVEN SPADES FIVE,0.6298,0.0112,0.359
CLUBS SEVEN SPADES FOUR,0.6524,0.009,0.3386
CLUBS SEVEN SPADES THREE,0.6576,0.012,0.3304
CLUBS SEVEN SPADES TWO,0.6692,0.0148,0.316
CLUBS SEVEN CLUBS NINE,0.578,0.0116,0.4104
HEARTS SIX DIAMONDS FIVE,0.6184,0.0134,0.3682
DIAMONDS FIVE HEARTS SEVEN,0.6224,0.0118,0.3658
DIAMONDS FIVE HEARTS EIGHT,0.694,0.0504,0.2556
HEARTS NINE DIAMONDS FIVE,0.6168,0.0122,0.371
DIAMONDS QUEEN DIAMONDS FIVE,0.505,0.2134,0.2816
HEARTS TWO DIAMONDS FIVE,0.6372,0.0128,0.35
HEARTS KING HEARTS EIGHT,0.248,0.0324,0.7196
DIAMONDS KING DIAMONDS FIVE,0.3758,0.0064,0.6178
HEARTS THREE DIAMONDS FIVE,0.6286,0.0108,0.3606
DIAMONDS ACE DIAMONDS FIVE,0.3696,0.0054,0.625
HEARTS FOUR DIAMONDS FIVE,0.6132,0.0146,0.3722
HEARTS FIVE DIAMONDS FIVE,0.4494,0.0188,0.5318
HEARTS ACE HEARTS EIGHT,0.2374,0.0218,0.7408
CLUBS FOUR DIAMONDS FIVE,0.6164,0.01,0.3736
CLUBS FIVE DIAMONDS FIVE,0.4354,0.0204,0.5442
CLUBS SIX DIAMONDS FIVE,0.6186,0.0126,0.3688
CLUBS SEVEN DIAMONDS FIVE,0.6234,0.0158,0.3608
CLUBS TWO DIAMONDS FIVE,0.6402,0.0116,0.3482
CLUBS THREE DIAMONDS FIVE,0.6378,0.0136,0.3486
SPADES THREE DIAMONDS FIVE,0.6196,0.0096,0.3708
SPADES TWO DIAMONDS FIVE,0.6344,0.0134,0.3522
SPADES JACK DIAMONDS EIGHT,0.7066,0.0386,0.2548
SPADES FIVE DIAMONDS FIVE,0.4572,0.02,0.5228
CLUBS TEN HEARTS JACK,0.5668,0.0106,0.4226
SPADES TEN DIAMONDS EIGHT,0.6826,0.038,0.2794
SPADES FOUR DIAMONDS FIVE,0.6098,0.0124,0.3778
CLUBS JACK HEARTS JACK,0.282,0.0136,0.7044
HEARTS JACK CLUBS QUEEN,0.2284,0.091,0.6806
CLUBS NINE DIAMONDS FIVE,0.6138,0.013,0.3732
HEARTS JACK CLUBS KING,0.3498,0.0078,0.6424
HEARTS JACK CLUBS ACE,0.3558,0.006,0.6382
SPADES SEVEN DIAMONDS FIVE,0.622,0.0102,0.3678
SPADES KING DIAMONDS EIGHT,0.2386,0.0266,0.7348
SPADES QUEEN DIAMONDS EIGHT,0.0238,0.953,0.0232
SPADES SIX DIAMONDS FIVE,0.6322,0.0114,0.3564
SPADES NINE DIAMONDS FIVE,0.6302,0.01,0.3598
SPADES EIGHT DIAMONDS FIVE,0.6904,0.051,0.2586
SPADES ACE DIAMONDS EIGHT,0.2392,0.02,0.7408
DIAMONDS TEN DIAMONDS SIX,0.5854,0.013,0.4016
HEARTS ACE DIAMONDS SEVEN,0.3918,0.0048,0.6034
DIAMONDS JACK DIAMONDS SIX,0.6022,0.01,0.3878
HEARTS KING DIAMONDS SEVEN,0.3932,0.0064,0.6004
DIAMONDS ACE DIAMONDS SIX,0.375,0.0038,0.6212
HEARTS FOUR DIAMONDS SIX,0.6294,0.0092,0.3614
HEARTS JACK SPADES TWO,0.6418,0.01,0.3482
HEARTS FIVE DIAMONDS SIX,0.6182,0.0164,0.3654
SPADES TWO HEARTS TEN,0.646,0.0118,0.3422
DIAMONDS QUEEN DIAMONDS SIX,0.534,0.2034,0.2626
HEARTS TWO DIAMONDS SIX,0.6572,0.0118,0.331
DIAMONDS KING DIAMONDS SIX,0.3734,0.0076,0.619
HEARTS THREE DIAMONDS SIX,0.6578,0.0138,0.3284
HEARTS EIGHT DIAMONDS SIX,0.6964,0.0394,0.2642
HEARTS NINE DIAMONDS SIX,0.618,0.0124,0.3696
HEARTS SIX DIAMONDS SIX,0.4334,0.0234,0.5432
HEARTS SEVEN DIAMONDS SIX,0.623,0.013,0.364
HEARTS TEN DIAMONDS SEVEN,0.6142,0.011,0.3748
CLUBS TWO DIAMONDS SIX,0.6618,0.0102,0.328
HEARTS JACK DIAMONDS SEVEN,0.6402,0.0114,0.3484
CLUBS THREE DIAMONDS SIX,0.64,0.01,0.35
CLUBS SEVEN DIAMONDS SIX,0.6106,0.0094,0.38
CLUBS JACK DIAMONDS EIGHT,0.7038,0.041,0.2552
CLUBS SIX DIAMONDS SIX,0.4318,0.0184,0.5498
CLUBS TEN DIAMONDS EIGHT,0.6946,0.0384,0.267
CLUBS FIVE DIAMONDS SIX,0.6206,0.0108,0.3686
CLUBS FOUR DIAMONDS SIX,0.6332,0.0124,0.3544
HEARTS ACE HEARTS JACK,0.3408,0.0072,0.652
DIAMONDS EIGHT CLUBS ACE,0.2462,0.025,0.7288
DIAMONDS EIGHT CLUBS KING,0.2498,0.035,0.7152
CLUBS NINE DIAMONDS SIX,0.613,0.0076,0.3794
HEARTS JACK HEARTS KING,0.3284,0.0072,0.6644
DIAMONDS EIGHT CLUBS QUEEN,0.0116,0.9698,0.0186
SPADES TEN HEARTS KING,0.3502,0.0048,0.645
SPADES FIVE DIAMONDS SIX,0.6048,0.0118,0.3834
HEARTS ACE SPADES TWO,0.3972,0.0048,0.598
SPADES JACK HEARTS KING,0.3374,0.0062,0.6564
SPADES FOUR DIAMONDS SIX,0.6322,0.011,0.3568
SPADES THREE DIAMONDS SIX,0.6368,0.013,0.3502
SPADES ACE SPADES KING,0.3074,0.0038,0.6888
HEARTS KING SPADES TWO,0.4146,0.007,0.5784
SPADES TWO DIAMONDS SIX,0.6472,0.0104,0.3424
HEARTS TEN HEARTS EIGHT,0.6606,0.0394,0.3
SPADES NINE DIAMONDS SIX,0.629,0.0102,0.3608
HEARTS JACK HEARTS EIGHT,0.6724,0.041,0.2866
SPADES EIGHT DIAMONDS SIX,0.6902,0.0444,0.2654
SPADES SEVEN DIAMONDS SIX,0.6234,0.0102,0.3664
SPADES SIX DIAMONDS SIX,0.437,0.021,0.542
SPADES KING HEARTS KING,0.1408,0.004,0.8552
SPADES QUEEN HEARTS KING,0.2352,0.029,0.7358
CLUBS ACE CLUBS KING,0.3232,0.0048,0.672
SPADES ACE HEARTS KING,0.3306,0.0036,0.6658
SPADES ACE HEARTS JACK,0.3624,0.0048,0.6328
SPADES QUEEN HEARTS JACK,0.2318,0.1008,0.6674
SPADES KING HEARTS JACK,0.3646,0.0078,0.6276
SPADES TEN DIAMONDS TEN,0.2848,0.0144,0.7008
SPADES JACK DIAMONDS TEN,0.5394,0.0074,0.4532
SPADES ACE DIAMONDS TEN,0.3488,0.0026,0.6486
SPADES JACK HEARTS JACK,0.2956,0.01,0.6944
SPADES TEN HEARTS JACK,0.5604,0.0124,0.4272
SPADES QUEEN DIAMONDS TEN,0.2288,0.112,0.6592
SPADES KING DIAMONDS TEN,0.3446,0.0048,0.6506
SPADES NINE DIAMONDS SEVEN,0.611,0.0092,0.3798
SPADES EIGHT DIAMONDS SEVEN,0.6842,0.0456,0.2702
SPADES SEVEN DIAMONDS SEVEN,0.426,0.0268,0.5472
SPADES SIX DIAMONDS SEVEN,0.6072,0.0106,0.3822
DIAMONDS KING DIAMONDS SEVEN,0.3746,0.0058,0.6196
HEARTS THREE DIAMONDS SEVEN,0.6554,0.0126,0.332
HEARTS KING DIAMONDS FIVE,0.4114,0.0068,0.5818
DIAMONDS QUEEN DIAMONDS SEVEN,0.512,0.2128,0.2752
HEARTS TWO DIAMONDS SEVEN,0.6676,0.0118,0.3206
HEARTS FIVE DIAMONDS SEVEN,0.6344,0.0116,0.354
DIAMONDS ACE DIAMONDS SEVEN,0.368,0.0034,0.6286
HEARTS FOUR DIAMONDS SEVEN,0.6404,0.0134,0.3462
HEARTS ACE DIAMONDS FIVE,0.3976,0.0042,0.5982
HEARTS SEVEN DIAMONDS SEVEN,0.4408,0.0234,0.5358
HEARTS SIX DIAMONDS SEVEN,0.6122,0.0154,0.3724
HEARTS NINE DIAMONDS SEVEN,0.6162,0.0098,0.374
DIAMONDS SEVEN HEARTS EIGHT,0.6908,0.0464,0.2628
DIAMONDS JACK DIAMONDS SEVEN,0.5828,0.0112,0.406
HEARTS JACK DIAMONDS FIVE,0.6374,0.0112,0.3514
DIAMONDS TEN DIAMONDS SEVEN,0.5792,0.0108,0.41
DIAMONDS FIVE HEARTS TEN,0.6366,0.0074,0.356
SPADES KING CLUBS TWO,0.4186,0.0092,0.5722
HEARTS KING CLUBS KING,0.136,0.0042,0.8598
SPADES QUEEN CLUBS TWO,0.5596,0.2338,0.2066
HEARTS KING CLUBS QUEEN,0.21,0.03,0.76
CLUBS NINE DIAMONDS SEVEN,0.6038,0.0092,0.387
CLUBS JACK SPADES TWO,0.642,0.0136,0.3444
SPADES ACE CLUBS TWO,0.4196,0.004,0.5764
CLUBS TEN SPADES TWO,0.6374,0.0126,0.35
HEARTS KING CLUBS ACE,0.325,0.0062,0.6688
CLUBS SEVEN CLUBS SIX,0.5956,0.0118,0.3926
SPADES TWO CLUBS KING,0.4178,0.0074,0.5748
SPADES TWO DIAMONDS SEVEN,0.6794,0.0088,0.3118
SPADES THREE DIAMONDS SEVEN,0.6542,0.0096,0.3362
SPADES TWO CLUBS QUEEN,0.5532,0.2292,0.2176
CLUBS NINE CLUBS SIX,0.5842,0.01,0.4058
SPADES FOUR DIAMONDS SEVEN,0.6364,0.0098,0.3538
CLUBS JACK HEARTS KING,0.3526,0.0068,0.6406
SPADES FIVE DIAMONDS SEVEN,0.6312,0.0098,0.359
SPADES TWO CLUBS ACE,0.4064,0.0058,0.5878
CLUBS TEN HEARTS KING,0.34,0.0062,0.6538
CLUBS SIX SPADES TWO,0.6588,0.0116,0.3296
CLUBS SIX SPADES THREE,0.6396,0.0116,0.3488
CLUBS TWO DIAMONDS SEVEN,0.6836,0.0092,0.3072
CLUBS SIX SPADES FOUR,0.625,0.0106,0.3644
CLUBS THREE DIAMONDS SEVEN,0.659,0.0122,0.3288
CLUBS SIX SPADES FIVE,0.614,0.0114,0.3746
CLUBS FOUR DIAMONDS SEVEN,0.6424,0.0098,0.3478
CLUBS SIX SPADES SIX,0.4284,0.023,0.5486
CLUBS FIVE DIAMONDS SEVEN,0.6344,0.0098,0.3558
CLUBS SIX SPADES SEVEN,0.624,0.0122,0.3638
CLUBS SIX DIAMONDS SEVEN,0.6278,0.0126,0.3596
CLUBS SIX SPADES EIGHT,0.6914,0.0446,0.264
SPADES JACK CLUBS TWO,0.634,0.0118,0.3542
CLUBS SEVEN DIAMONDS SEVEN,0.4418,0.02,0.5382
SPADES NINE CLUBS SIX,0.6166,0.011,0.3724
SPADES TEN CLUBS TWO,0.6464,0.0118,0.3418
CLUBS TWO CLUBS QUEEN,0.5376,0.209,0.2534
CLUBS TWO CLUBS KING,0.3864,0.0076,0.606
CLUBS THREE DIAMONDS EIGHT,0.727,0.051,0.222
CLUBS TWO CLUBS ACE,0.393,0.0052,0.6018
CLUBS TWO DIAMONDS EIGHT,0.7194,0.0492,0.2314
DIAMONDS EIGHT HEARTS SEVEN,0.6834,0.0468,0.2698
HEARTS SIX DIAMONDS EIGHT,0.6868,0.0426,0.2706
DIAMONDS EIGHT HEARTS NINE,0.6782,0.043,0.2788
CLUBS TEN CLUBS TWO,0.5998,0.0108,0.3894
DIAMONDS EIGHT HEARTS EIGHT,0.3084,0.0278,0.6638
CLUBS JACK CLUBS TWO,0.6156,0.0108,0.3736
CLUBS NINE DIAMONDS EIGHT,0.6734,0.0364,0.2902
CLUBS FIVE DIAMONDS EIGHT,0.7046,0.0464,0.249
SPADES ACE SPADES THREE,0.381,0.0028,0.6162
CLUBS FOUR DIAMONDS EIGHT,0.7184,0.0476,0.234
CLUBS SEVEN DIAMONDS EIGHT,0.6942,0.0436,0.2622
SPADES QUEEN SPADES THREE,0.512,0.2058,0.2822
CLUBS SIX DIAMONDS EIGHT,0.675,0.042,0.283
SPADES KING SPADES THREE,0.3892,0.0084,0.6024
DIAMONDS QUEEN DIAMONDS EIGHT,0.0236,0.899,0.0774
HEARTS TWO DIAMONDS EIGHT,0.7278,0.0508,0.2214
DIAMONDS KING DIAMONDS EIGHT,0.2302,0.0324,0.7374
HEARTS THREE DIAMONDS EIGHT,0.7302,0.0436,0.2262
DIAMONDS ACE DIAMONDS EIGHT,0.2336,0.0248,0.7416
HEARTS FOUR DIAMONDS EIGHT,0.7142,0.0486,0.2372
HEARTS FIVE DIAMONDS EIGHT,0.6898,0.0506,0.2596
DIAMONDS EIGHT DIAMONDS TEN,0.6344,0.0424,0.3232
DIAMONDS EIGHT DIAMONDS JACK,0.6674,0.0366,0.296
SPADES JACK SPADES THREE,0.5946,0.0098,0.3956
SPADES TEN SPADES THREE,0.6008,0.0094,0.3898
CLUBS FOUR HEARTS ACE,0.4162,0.0044,0.5794
CLUBS FOUR HEARTS KING,0.4024,0.0096,0.588
CLUBS SIX HEARTS TEN,0.6366,0.01,0.3534
CLUBS SIX HEARTS JACK,0.6462,0.0114,0.3424
DIAMONDS EIGHT SPADES FOUR,0.7088,0.045,0.2462
SPADES FIVE DIAMONDS EIGHT,0.6944,0.0452,0.2604
DIAMONDS EIGHT SPADES TWO,0.7178,0.047,0.2352
DIAMONDS EIGHT SPADES THREE,0.724,0.0448,0.2312
CLUBS FOUR HEARTS JACK,0.6264,0.0108,0.3628
SPADES EIGHT DIAMONDS EIGHT,0.3,0.028,0.672
SPADES TEN DIAMONDS QUEEN,0.2286,0.1116,0.6598
SPADES TEN HEARTS TWO,0.638,0.0134,0.3486
SPADES JACK HEARTS EIGHT,0.7266,0.041,0.2324
CLUBS FOUR HEARTS TEN,0.6418,0.0138,0.3444
SPADES NINE DIAMONDS EIGHT,0.6856,0.0418,0.2726
SPADES TEN HEARTS EIGHT,0.6938,0.0422,0.264
SPADES JACK HEARTS TWO,0.6464,0.0116,0.342
SPADES JACK DIAMONDS QUEEN,0.2406,0.0874,0.672
SPADES SIX DIAMONDS EIGHT,0.6712,0.046,0.2828
SPADES SEVEN DIAMONDS EIGHT,0.6868,0.0442,0.269
SPADES ACE HEARTS TWO,0.4274,0.0036,0.569
SPADES ACE DIAMONDS QUEEN,0.2552,0.0142,0.7306
SPADES ACE HEARTS EIGHT,0.2382,0.0264,0.7354
SPADES KING HEARTS EIGHT,0.2562,0.0306,0.7132
SPADES QUEEN HEARTS TWO,0.564,0.2176,0.2184
SPADES QUEEN DIAMONDS QUEEN,0.0924,0.0232,0.8844
SPADES KING DIAMONDS QUEEN,0.2282,0.0284,0.7434
SPADES KING HEARTS TWO,0.4132,0.0054,0.5814
SPADES QUEEN HEARTS EIGHT,0.0182,0.9712,0.0106
CLUBS TWO HEARTS TEN,0.633,0.0104,0.3566
CLUBS TWO HEARTS JACK,0.6452,0.0118,0.343
SPADES SEVEN DIAMONDS NINE,0.6034,0.0116,0.385
SPADES SIX DIAMONDS NINE,0.6216,0.0094,0.369
SPADES NINE DIAMONDS NINE,0.3008,0.016,0.6832
SPADES EIGHT DIAMONDS NINE,0.6814,0.0356,0.283
SPADES TEN CLUBS KING,0.3506,0.0054,0.644
DIAMONDS NINE SPADES THREE,0.6436,0.0114,0.345
SPADES JACK CLUBS KING,0.3448,0.0084,0.6468
DIAMONDS NINE SPADES TWO,0.641,0.0138,0.3452
DIAMONDS NINE SPADES FIVE,0.6166,0.0088,0.3746
DIAMONDS NINE SPADES FOUR,0.6438,0.0068,0.3494
CLUBS NINE DIAMONDS NINE,0.2962,0.0188,0.685
CLUBS SIX DIAMONDS NINE,0.6294,0.0112,0.3594
SPADES JACK CLUBS FOUR,0.6356,0.0096,0.3548
CLUBS SEVEN DIAMONDS NINE,0.6176,0.012,0.3704
SPADES TEN CLUBS FOUR,0.6418,0.011,0.3472
CLUBS FOUR DIAMONDS NINE,0.6428,0.0118,0.3454
CLUBS FIVE DIAMONDS NINE,0.6264,0.0124,0.3612
DIAMONDS NINE CLUBS TWO,0.652,0.0114,0.3366
CLUBS THREE DIAMONDS NINE,0.6508,0.0096,0.3396
DIAMONDS NINE HEARTS EIGHT,0.6866,0.0416,0.2718
DIAMONDS NINE HEARTS NINE,0.308,0.0162,0.6758
HEARTS SIX DIAMONDS NINE,0.633,0.011,0.356
DIAMONDS NINE HEARTS SEVEN,0.5966,0.0124,0.391
DIAMONDS ACE DIAMONDS NINE,0.3506,0.0038,0.6456
HEARTS FOUR DIAMONDS NINE,0.6432,0.011,0.3458
HEARTS FIVE DIAMONDS NINE,0.6266,0.0094,0.364
HEARTS ACE CLUBS TWO,0.408,0.0048,0.5872
SPADES ACE CLUBS FOUR,0.421,0.0054,0.5736
DIAMONDS QUEEN DIAMONDS NINE,0.2138,0.1588,0.6274
HEARTS TWO DIAMONDS NINE,0.6408,0.0128,0.3464
CLUBS TWO HEARTS KING,0.4088,0.0076,0.5836
SPADES KING CLUBS FOUR,0.4094,0.0054,0.5852
DIAMONDS KING DIAMONDS NINE,0.3394,0.0064,0.6542
HEARTS THREE DIAMONDS NINE,0.6376,0.0142,0.3482
SPADES QUEEN CLUBS FOUR,0.5464,0.2266,0.227
DIAMONDS NINE DIAMONDS JACK,0.5408,0.0074,0.4518
DIAMONDS NINE DIAMONDS TEN,0.5256,0.0088,0.4656
HEARTS SIX DIAMONDS TEN,0.6314,0.01,0.3586
DIAMONDS TEN HEARTS SEVEN,0.618,0.011,0.371
DIAMONDS TEN HEARTS EIGHT,0.6994,0.0392,0.2614
CLUBS JACK CLUBS FOUR,0.6082,0.01,0.3818
DIAMONDS TEN HEARTS NINE,0.5742,0.0082,0.4176
CLUBS TEN CLUBS FOUR,0.604,0.0112,0.3848
CLUBS FOUR CLUBS KING,0.3862,0.0072,0.6066
CLUBS FOUR CLUBS QUEEN,0.516,0.2104,0.2736
CLUBS TWO DIAMONDS TEN,0.6474,0.0114,0.3412
CLUBS THREE DIAMONDS TEN,0.6416,0.0102,0.3482
CLUBS FOUR CLUBS ACE,0.3808,0.0046,0.6146
DIAMONDS JACK DIAMONDS TEN,0.5256,0.012,0.4624
DIAMONDS QUEEN DIAMONDS TEN,0.211,0.1158,0.6732
HEARTS TWO DIAMONDS TEN,0.64,0.0108,0.3492
DIAMONDS KING DIAMONDS TEN,0.334,0.005,0.661
HEARTS THREE DIAMONDS TEN,0.644,0.0114,0.3446
DIAMONDS ACE DIAMONDS TEN,0.3332,0.0038,0.663
HEARTS FOUR DIAMONDS TEN,0.6434,0.0076,0.349
HEARTS FIVE DIAMONDS TEN,0.635,0.0126,0.3524
CLUBS NINE SPADES THREE,0.644,0.0138,0.3422
CLUBS NINE SPADES TWO,0.642,0.0108,0.3472
CLUBS NINE SPADES FIVE,0.611,0.0124,0.3766
CLUBS NINE SPADES FOUR,0.6416,0.0096,0.3488
CLUBS NINE SPADES SEVEN,0.5998,0.0138,0.3864
CLUBS NINE SPADES SIX,0.6166,0.0136,0.3698
CLUBS NINE SPADES NINE,0.3104,0.0162,0.6734
CLUBS TEN HEARTS EIGHT,0.6926,0.0454,0.262
CLUBS NINE SPADES EIGHT,0.6846,0.0396,0.2758
CLUBS JACK HEARTS EIGHT,0.7204,0.0418,0.2378
CLUBS QUEEN HEARTS EIGHT,0.0078,0.9862,0.006
CLUBS KING HEARTS EIGHT,0.2454,0.0314,0.7232
CLUBS ACE HEARTS EIGHT,0.2372,0.0238,0.739
SPADES KING CLUBS KING,0.1464,0.004,0.8496
SPADES QUEEN CLUBS KING,0.218,0.0252,0.7568
SPADES ACE CLUBS KING,0.3312,0.0046,0.6642
DIAMONDS ACE HEARTS TEN,0.3518,0.0034,0.6448
HEARTS FOUR HEARTS TEN,0.6086,0.0114,0.38
DIAMONDS ACE HEARTS JACK,0.3672,0.0032,0.6296
HEARTS FOUR HEARTS JACK,0.6166,0.014,0.3694
SPADES KING CLUBS FIVE,0.4172,0.008,0.5748
SPADES QUEEN CLUBS FIVE,0.5378,0.225,0.2372
SPADES ACE CLUBS FIVE,0.4128,0.0046,0.5826
DIAMONDS JACK HEARTS SEVEN,0.6352,0.009,0.3558
HEARTS SIX DIAMONDS JACK,0.6478,0.0108,0.3414
DIAMONDS JACK HEARTS NINE,0.5796,0.01,0.4104
DIAMONDS JACK HEARTS EIGHT,0.7178,0.0424,0.2398
DIAMONDS KING DIAMONDS JACK,0.3286,0.0052,0.6662
HEARTS THREE DIAMONDS JACK,0.6366,0.0104,0.353
SPADES ACE SPADES SIX,0.3732,0.0028,0.624
HEARTS ACE SPADES FOUR,0.4064,0.004,0.5896
DIAMONDS QUEEN DIAMONDS JACK,0.2134,0.088,0.6986
HEARTS TWO DIAMONDS JACK,0.6414,0.0114,0.3472
HEARTS FIVE DIAMONDS JACK,0.6426,0.0124,0.345
SPADES QUEEN SPADES SIX,0.5184,0.2106,0.271
DIAMONDS ACE DIAMONDS JACK,0.3372,0.0022,0.6606
HEARTS FOUR DIAMONDS JACK,0.645,0.011,0.344
SPADES KING SPADES SIX,0.383,0.0066,0.6104
SPADES FOUR HEARTS KING,0.406,0.0058,0.5882
SPADES TEN SPADES SIX,0.5782,0.0102,0.4116
SPADES JACK SPADES SIX,0.5956,0.011,0.3934
SPADES FOUR DIAMONDS JACK,0.637,0.0098,0.3532
SPADES FIVE DIAMONDS JACK,0.6334,0.0108,0.3558
DIAMONDS JACK SPADES TWO,0.65,0.0114,0.3386
DIAMONDS JACK SPADES THREE,0.6316,0.0112,0.3572
SPADES ACE DIAMONDS THREE,0.4174,0.0026,0.58
SPADES QUEEN DIAMONDS THREE,0.5374,0.2254,0.2372
SPADES KING DIAMONDS THREE,0.4252,0.0062,0.5686
CLUBS NINE DIAMONDS JACK,0.5644,0.0088,0.4268
CLUBS SIX DIAMONDS JACK,0.6382,0.0128,0.349
CLUBS SEVEN DIAMONDS JACK,0.6268,0.0094,0.3638
CLUBS FOUR DIAMONDS JACK,0.632,0.0112,0.3568
CLUBS FIVE DIAMONDS JACK,0.6448,0.0104,0.3448
CLUBS TWO DIAMONDS JACK,0.6454,0.0114,0.3432
CLUBS THREE DIAMONDS JACK,0.6414,0.0108,0.3478
SPADES TEN CLUBS FIVE,0.648,0.0114,0.3406
HEARTS SIX SPADES JACK,0.6422,0.0096,0.3482
HEARTS SIX SPADES TEN,0.6498,0.0108,0.3394
SPADES JACK CLUBS FIVE,0.6502,0.0098,0.34
SPADES JACK DIAMONDS THREE,0.656,0.0098,0.3342
CLUBS SEVEN CLUBS ACE,0.3648,0.0046,0.6306
DIAMONDS THREE SPADES TEN,0.6272,0.0114,0.3614
CLUBS SEVEN CLUBS QUEEN,0.5286,0.2098,0.2616
CLUBS SEVEN CLUBS KING,0.3852,0.0068,0.608
SPADES NINE DIAMONDS JACK,0.5854,0.0094,0.4052
CLUBS TEN CLUBS SEVEN,0.5806,0.011,0.4084
DIAMONDS ACE HEARTS ACE,0.1354,0.0026,0.862
HEARTS FOUR HEARTS ACE,0.3826,0.0048,0.6126
SPADES EIGHT DIAMONDS JACK,0.7124,0.0412,0.2464
SPADES ACE HEARTS SIX,0.414,0.0046,0.5814
CLUBS JACK CLUBS SEVEN,0.5886,0.0104,0.401
DIAMONDS ACE HEARTS KING,0.3186,0.004,0.6774
HEARTS FOUR HEARTS KING,0.4034,0.0072,0.5894
SPADES SEVEN DIAMONDS JACK,0.6248,0.0094,0.3658
SPADES KING HEARTS SIX,0.404,0.0062,0.5898
SPADES QUEEN HEARTS SIX,0.5478,0.2312,0.221
SPADES SIX DIAMONDS JACK,0.6438,0.0102,0.346
DIAMONDS TEN SPADES TWO,0.6308,0.012,0.3572
SPADES THREE DIAMONDS TEN,0.6366,0.0126,0.3508
SPADES FOUR DIAMONDS TEN,0.6242,0.0108,0.365
SPADES FIVE DIAMONDS TEN,0.637,0.0088,0.3542
SPADES SIX DIAMONDS TEN,0.6324,0.0098,0.3578
SPADES SEVEN DIAMONDS TEN,0.6088,0.0096,0.3816
SPADES EIGHT DIAMONDS TEN,0.6968,0.0416,0.2616
SPADES NINE DIAMONDS TEN,0.5772,0.0088,0.414
CLUBS FOUR DIAMONDS TEN,0.6332,0.0114,0.3554
CLUBS FIVE DIAMONDS TEN,0.647,0.0102,0.3428
CLUBS SIX DIAMONDS TEN,0.63,0.0132,0.3568
CLUBS SEVEN DIAMONDS TEN,0.6126,0.01,0.3774
CLUBS NINE DIAMONDS TEN,0.5572,0.0082,0.4346
CLUBS JACK DIAMONDS THREE,0.6346,0.0102,0.3552
CLUBS TEN DIAMONDS THREE,0.6266,0.0126,0.3608
DIAMONDS THREE CLUBS KING,0.4032,0.0066,0.5902
DIAMONDS THREE CLUBS QUEEN,0.5414,0.2218,0.2368
DIAMONDS THREE CLUBS ACE,0.4104,0.0038,0.5858
SPADES FOUR HEARTS JACK,0.6346,0.0106,0.3548
SPADES FOUR HEARTS TEN,0.6436,0.0122,0.3442
SPADES FIVE SPADES TWO,0.5906,0.0112,0.3982
SPADES FOUR SPADES TWO,0.6034,0.013,0.3836
SPADES THREE SPADES TWO,0.5936,0.0118,0.3946
SPADES NINE SPADES TWO,0.5892,0.0102,0.4006
SPADES EIGHT SPADES TWO,0.6916,0.0452,0.2632
SPADES SEVEN SPADES TWO,0.6288,0.0092,0.362
SPADES SIX SPADES TWO,0.6206,0.0146,0.3648
DIAMONDS QUEEN CLUBS THREE,0.553,0.2262,0.2208
CLUBS THREE HEARTS TWO,0.6678,0.0144,0.3178
DIAMONDS QUEEN CLUBS TWO,0.5548,0.2248,0.2204
HEARTS TWO CLUBS TWO,0.4606,0.0242,0.5152
DIAMONDS QUEEN HEARTS SEVEN,0.556,0.2284,0.2156
HEARTS TWO HEARTS SEVEN,0.641,0.0126,0.3464
HEARTS SIX DIAMONDS QUEEN,0.5448,0.2296,0.2256
HEARTS SIX HEARTS TWO,0.6276,0.0146,0.3578
DIAMONDS QUEEN HEARTS NINE,0.2334,0.1668,0.5998
HEARTS TWO HEARTS NINE,0.613,0.0122,0.3748
DIAMONDS QUEEN HEARTS EIGHT,0.0194,0.9684,0.0122
HEARTS TWO HEARTS EIGHT,0.6894,0.0438,0.2668
CLUBS NINE HEARTS TWO,0.6546,0.0106,0.3348
CLUBS NINE DIAMONDS QUEEN,0.224,0.163,0.613
CLUBS FIVE DIAMONDS QUEEN,0.5432,0.2302,0.2266
CLUBS FIVE HEARTS TWO,0.6486,0.0112,0.3402
SPADES EIGHT HEARTS ACE,0.245,0.0258,0.7292
DIAMONDS QUEEN CLUBS FOUR,0.5446,0.2234,0.232
HEARTS TWO CLUBS FOUR,0.659,0.013,0.328
CLUBS SEVEN DIAMONDS QUEEN,0.5462,0.2288,0.225
CLUBS SEVEN HEARTS TWO,0.68,0.0108,0.3092
CLUBS SIX DIAMONDS QUEEN,0.5456,0.2304,0.224
CLUBS SIX HEARTS TWO,0.6852,0.0104,0.3044
SPADES EIGHT HEARTS KING,0.2546,0.035,0.7104
HEARTS TWO SPADES SIX,0.6606,0.0124,0.327
DIAMONDS QUEEN SPADES SIX,0.553,0.2124,0.2346
HEARTS FOUR CLUBS QUEEN,0.5454,0.2302,0.2244
DIAMONDS ACE CLUBS QUEEN,0.2458,0.0154,0.7388
DIAMONDS QUEEN SPADES SEVEN,0.5646,0.2164,0.219
HEARTS TWO SPADES SEVEN,0.6726,0.0122,0.3152
HEARTS FOUR CLUBS KING,0.3992,0.0076,0.5932
DIAMONDS ACE CLUBS KING,0.3276,0.0046,0.6678
DIAMONDS QUEEN SPADES EIGHT,0.0238,0.9532,0.023
SPADES EIGHT HEARTS TWO,0.7266,0.0492,0.2242
HEARTS FOUR CLUBS ACE,0.4022,0.0036,0.5942
DIAMONDS ACE CLUBS ACE,0.1306,0.0036,0.8658
SPADES NINE DIAMONDS QUEEN,0.226,0.161,0.613
SPADES NINE HEARTS TWO,0.6322,0.0106,0.3572
HEARTS TWO SPADES TWO,0.4502,0.0274,0.5224
DIAMONDS QUEEN SPADES TWO,0.5508,0.224,0.2252
HEARTS TWO SPADES THREE,0.6612,0.0112,0.3276
DIAMONDS QUEEN SPADES THREE,0.5414,0.2326,0.226
HEARTS TWO SPADES FOUR,0.6408,0.0122,0.347
DIAMONDS QUEEN SPADES FOUR,0.553,0.2254,0.2216
CLUBS TEN HEARTS FOUR,0.646,0.0106,0.3434
CLUBS TEN DIAMONDS ACE,0.3488,0.0024,0.6488
HEARTS TWO SPADES FIVE,0.6438,0.0112,0.345
DIAMONDS QUEEN SPADES FIVE,0.5428,0.2212,0.236
HEARTS FOUR CLUBS JACK,0.631,0.0104,0.3586
CLUBS JACK DIAMONDS ACE,0.362,0.0036,0.6344
CLUBS FIVE CLUBS KING,0.3836,0.0092,0.6072
CLUBS FIVE CLUBS QUEEN,0.5182,0.2188,0.263
CLUBS FIVE CLUBS ACE,0.3824,0.006,0.6116
CLUBS JACK CLUBS FIVE,0.602,0.0106,0.3874
CLUBS TEN CLUBS FIVE,0.602,0.0114,0.3866
SPADES KING CLUBS JACK,0.3492,0.0082,0.6426
CLUBS JACK SPADES QUEEN,0.2264,0.0876,0.686
SPADES ACE CLUBS JACK,0.3544,0.0034,0.6422
SPADES SIX CLUBS KING,0.3942,0.0074,0.5984
SPADES SIX CLUBS QUEEN,0.5474,0.2256,0.227
SPADES EIGHT HEARTS JACK,0.715,0.0384,0.2466
SPADES SIX CLUBS ACE,0.4132,0.0044,0.5824
SPADES EIGHT HEARTS TEN,0.7042,0.0398,0.256
CLUBS JACK SPADES SIX,0.6412,0.011,0.3478
CLUBS TEN SPADES SIX,0.6142,0.0084,0.3774
CLUBS JACK SPADES TEN,0.5556,0.0082,0.4362
CLUBS JACK SPADES JACK,0.278,0.0094,0.7126
SPADES QUEEN CLUBS SEVEN,0.5502,0.222,0.2278
SPADES KING CLUBS SEVEN,0.4156,0.0072,0.5772
SPADES ACE CLUBS SEVEN,0.4048,0.0044,0.5908
SPADES SIX HEARTS TEN,0.6382,0.0104,0.3514
SPADES SIX HEARTS JACK,0.6434,0.0094,0.3472
SPADES SIX HEARTS ACE,0.4028,0.0036,0.5936
SPADES SIX HEARTS KING,0.3968,0.0068,0.5964
CLUBS SEVEN SPADES JACK,0.6304,0.012,0.3576
CLUBS SEVEN SPADES TEN,0.6142,0.0108,0.375
CLUBS TEN HEARTS SIX,0.6274,0.0124,0.3602
CLUBS JACK HEARTS SIX,0.6256,0.0124,0.362
CLUBS JACK CLUBS ACE,0.3544,0.0036,0.642
HEARTS SIX CLUBS QUEEN,0.553,0.2184,0.2286
HEARTS SIX CLUBS KING,0.3996,0.0054,0.595
HEARTS SIX CLUBS ACE,0.4002,0.0048,0.595
CLUBS JACK CLUBS QUEEN,0.237,0.0894,0.6736
CLUBS JACK CLUBS KING,0.3334,0.0088,0.6578
DIAMONDS THREE HEARTS ACE,0.4124,0.0062,0.5814
DIAMONDS THREE HEARTS KING,0.4058,0.0064,0.5878
CLUBS FIVE HEARTS JACK,0.6414,0.0132,0.3454
SPADES TEN DIAMONDS ACE,0.3464,0.004,0.6496
HEARTS FOUR SPADES TEN,0.6448,0.011,0.3442
CLUBS FIVE HEARTS TEN,0.6422,0.0116,0.3462
HEARTS FOUR SPADES JACK,0.6474,0.0082,0.3444
SPADES JACK DIAMONDS ACE,0.3592,0.0032,0.6376
SPADES ACE HEARTS FOUR,0.4,0.0042,0.5958
SPADES ACE DIAMONDS ACE,0.1328,0.0026,0.8646
CLUBS FIVE HEARTS ACE,0.399,0.0052,0.5958
CLUBS FIVE HEARTS KING,0.4186,0.0068,0.5746
HEARTS FOUR SPADES QUEEN,0.5588,0.2184,0.2228
SPADES QUEEN DIAMONDS ACE,0.2416,0.0164,0.742
CLUBS JACK SPADES FOUR,0.6368,0.012,0.3512
SPADES KING DIAMONDS ACE,0.3378,0.0028,0.6594
HEARTS FOUR SPADES KING,0.4202,0.0066,0.5732
CLUBS TEN SPADES FOUR,0.6308,0.012,0.3572
DIAMONDS QUEEN DIAMONDS ACE,0.2212,0.013,0.7658
HEARTS TWO DIAMONDS ACE,0.4092,0.004,0.5868
HEARTS FOUR DIAMONDS QUEEN,0.5442,0.2246,0.2312
HEARTS FOUR HEARTS TWO,0.6088,0.0142,0.377
DIAMONDS THREE HEARTS TEN,0.6438,0.0102,0.346
SPADES FOUR CLUBS KING,0.4084,0.0056,0.586
HEARTS FIVE DIAMONDS QUEEN,0.5444,0.2208,0.2348
HEARTS FIVE HEARTS TWO,0.6184,0.0104,0.3712
DIAMONDS THREE HEARTS JACK,0.6522,0.01,0.3378
SPADES FOUR CLUBS QUEEN,0.5582,0.224,0.2178
DIAMONDS QUEEN HEARTS TWO,0.5528,0.2276,0.2196
DIAMONDS KING DIAMONDS QUEEN,0.2158,0.0246,0.7596
DIAMONDS KING HEARTS TWO,0.4192,0.0078,0.573
HEARTS THREE DIAMONDS QUEEN,0.5568,0.217,0.2262
HEARTS THREE HEARTS TWO,0.6122,0.0088,0.379
SPADES FOUR CLUBS ACE,0.4128,0.0048,0.5824
HEARTS TWO CLUBS ACE,0.403,0.0054,0.5916
DIAMONDS QUEEN CLUBS ACE,0.225,0.0152,0.7598
HEARTS TWO CLUBS QUEEN,0.5456,0.2324,0.222
DIAMONDS QUEEN CLUBS QUEEN,0.0936,0.027,0.8794
HEARTS TWO CLUBS KING,0.421,0.0076,0.5714
DIAMONDS QUEEN CLUBS KING,0.2154,0.0238,0.7608
SPADES EIGHT SPADES FIVE,0.6534,0.0406,0.306
CLUBS TEN HEARTS TWO,0.645,0.0104,0.3446
CLUBS TEN DIAMONDS QUEEN,0.2218,0.1144,0.6638
SPADES NINE SPADES FIVE,0.5874,0.0102,0.4024
CLUBS JACK HEARTS TWO,0.6432,0.013,0.3438
CLUBS JACK DIAMONDS QUEEN,0.2314,0.0836,0.685
SPADES SIX SPADES FIVE,0.5676,0.013,0.4194
SPADES SEVEN SPADES FIVE,0.5812,0.0112,0.4076
DIAMONDS FIVE CLUBS QUEEN,0.5392,0.232,0.2288
SPADES EIGHT CLUBS ACE,0.2458,0.0268,0.7274
DIAMONDS FIVE CLUBS KING,0.4006,0.005,0.5944
SPADES EIGHT CLUBS KING,0.2538,0.0266,0.7196
DIAMONDS FIVE CLUBS ACE,0.3924,0.0044,0.6032
SPADES EIGHT CLUBS QUEEN,0.0136,0.9668,0.0196
CLUBS JACK SPADES EIGHT,0.7144,0.041,0.2446
CLUBS TEN SPADES EIGHT,0.6852,0.0434,0.2714
CLUBS TEN DIAMONDS FIVE,0.6334,0.009,0.3576
CLUBS JACK DIAMONDS FIVE,0.6196,0.0094,0.371
HEARTS JACK DIAMONDS TEN,0.5662,0.012,0.4218
DIAMONDS TEN HEARTS TEN,0.293,0.012,0.695
SPADES ACE CLUBS NINE,0.3726,0.0026,0.6248
SPADES QUEEN CLUBS NINE,0.22,0.1684,0.6116
SPADES KING CLUBS NINE,0.3636,0.0068,0.6296
HEARTS SIX HEARTS KING,0.3824,0.0066,0.611
DIAMONDS KING SPADES SEVEN,0.4052,0.0058,0.589
HEARTS THREE SPADES SEVEN,0.655,0.0118,0.3332
SPADES KING DIAMONDS SEVEN,0.3966,0.004,0.5994
SPADES QUEEN DIAMONDS SEVEN,0.5572,0.2204,0.2224
HEARTS THREE SPADES SIX,0.6372,0.0136,0.3492
DIAMONDS KING SPADES SIX,0.4038,0.0058,0.5904
DIAMONDS KING SPADES NINE,0.3638,0.0064,0.6298
HEARTS THREE SPADES NINE,0.6464,0.0094,0.3442
HEARTS SIX HEARTS ACE,0.393,0.0052,0.6018
DIAMONDS KING SPADES EIGHT,0.2528,0.0254,0.7218
HEARTS THREE SPADES EIGHT,0.7358,0.0496,0.2146
