opposingHand,winningChance,drawChance,lostChance
CLUBS FIVE CLUBS QUEEN
HEARTS FIVE SPADES TEN,0.7296,0.047,0.2234
SPADES JACK HEARTS FIVE,0.744,0.045,0.211
SPADES FIVE CLUBS JACK,0.7192,0.05,0.2308
CLUBS TEN SPADES FIVE,0.731,0.0468,0.2222
CLUBS EIGHT CLUBS JACK,0.5878,0.0138,0.3984
CLUBS TEN CLUBS EIGHT,0.5632,0.0106,0.4262
CLUBS EIGHT CLUBS KING,0.362,0.0088,0.6292
SPADES FIVE CLUBS ACE,0.264,0.03,0.706
SPADES FIVE CLUBS KING,0.2628,0.0486,0.6886
CLUBS EIGHT CLUBS ACE,0.341,0.0052,0.6538
DIAMONDS TWO DIAMONDS THREE,0.628,0.013,0.359
DIAMONDS TWO DIAMONDS FIVE,0.6814,0.0476,0.271
SPADES KING HEARTS FIVE,0.2864,0.037,0.6766
DIAMONDS TWO DIAMONDS FOUR,0.6222,0.0134,0.3644
SPADES QUEEN HEARTS FIVE,0.0756,0.9034,0.021
DIAMONDS TWO DIAMONDS SEVEN,0.623,0.0166,0.3604
DIAMONDS TWO DIAMONDS SIX,0.6066,0.0128,0.3806
SPADES ACE HEARTS FIVE,0.2772,0.0274,0.6954
DIAMONDS TWO DIAMONDS NINE,0.5952,0.0106,0.3942
DIAMONDS TWO DIAMONDS EIGHT,0.6158,0.0108,0.3734
DIAMONDS THREE DIAMONDS FOUR,0.6176,0.0136,0.3688
CLUBS TWO SPADES FOUR,0.6612,0.0132,0.3256
DIAMONDS THREE DIAMONDS FIVE,0.6616,0.0506,0.2878
CLUBS TWO SPADES FIVE,0.7108,0.0504,0.2388
CLUBS TWO SPADES TWO,0.4516,0.0324,0.516
CLUBS TWO SPADES THREE,0.6534,0.0164,0.3302
DIAMONDS THREE DIAMONDS EIGHT,0.6208,0.0124,0.3668
SPADES EIGHT CLUBS TWO,0.6526,0.0144,0.333
DIAMONDS THREE DIAMONDS NINE,0.6088,0.0142,0.377
SPADES NINE CLUBS TWO,0.6578,0.0146,0.3276
DIAMONDS THREE DIAMONDS SIX,0.6054,0.013,0.3816
CLUBS TWO SPADES SIX,0.6492,0.0166,0.3342
DIAMONDS THREE DIAMONDS SEVEN,0.6166,0.012,0.3714
CLUBS TWO SPADES SEVEN,0.6558,0.0114,0.3328
CLUBS SIX CLUBS TWO,0.6394,0.0122,0.3484
CLUBS SEVEN CLUBS TWO,0.6576,0.012,0.3304
CLUBS FOUR CLUBS TWO,0.6554,0.0122,0.3324
CLUBS TEN CLUBS JACK,0.5516,0.0144,0.434
DIAMONDS FOUR DIAMONDS SIX,0.5812,0.012,0.4068
DIAMONDS FOUR DIAMONDS SEVEN,0.5988,0.0112,0.39
CLUBS TEN CLUBS KING,0.3218,0.0078,0.6704
CLUBS TEN CLUBS ACE,0.3328,0.004,0.6632
CLUBS EIGHT CLUBS TWO,0.654,0.0122,0.3338
DIAMONDS FIVE DIAMONDS FOUR,0.6358,0.045,0.3192
CLUBS NINE CLUBS TWO,0.635,0.017,0.348
DIAMONDS NINE DIAMONDS FOUR,0.6162,0.0116,0.3722
DIAMONDS EIGHT DIAMONDS FOUR,0.6004,0.013,0.3866
CLUBS TWO CLUBS THREE,0.6466,0.0156,0.3378
DIAMONDS NINE DIAMONDS FIVE,0.6666,0.0484,0.285
DIAMONDS TWO CLUBS JACK,0.6552,0.0106,0.3342
DIAMONDS EIGHT DIAMONDS FIVE,0.6664,0.037,0.2966
CLUBS TEN DIAMONDS TWO,0.6432,0.0138,0.343
DIAMONDS FIVE DIAMONDS SEVEN,0.6404,0.045,0.3146
DIAMONDS FIVE DIAMONDS SIX,0.645,0.0438,0.3112
DIAMONDS TWO CLUBS ACE,0.4186,0.0076,0.5738
DIAMONDS TWO CLUBS KING,0.4358,0.0096,0.5546
DIAMONDS EIGHT DIAMONDS SIX,0.5548,0.0092,0.436
DIAMONDS NINE DIAMONDS SIX,0.5706,0.0108,0.4186
HEARTS ACE SPADES THREE,0.4272,0.006,0.5668
HEARTS KING SPADES THREE,0.4338,0.0068,0.5594
DIAMONDS SEVEN DIAMONDS SIX,0.5604,0.0148,0.4248
SPADES THREE HEARTS QUEEN,0.3534,0.4334,0.2132
HEARTS JACK SPADES THREE,0.65,0.0132,0.3368
SPADES THREE HEARTS TEN,0.6558,0.0122,0.332
DIAMONDS EIGHT DIAMONDS SEVEN,0.5678,0.012,0.4202
DIAMONDS NINE DIAMONDS SEVEN,0.564,0.0108,0.4252
DIAMONDS NINE DIAMONDS EIGHT,0.5514,0.0096,0.439
DIAMONDS KING HEARTS TEN,0.3854,0.0074,0.6072
HEARTS THREE HEARTS TEN,0.6248,0.0126,0.3626
SPADES JACK CLUBS SIX,0.6076,0.0086,0.3838
DIAMONDS KING HEARTS JACK,0.3962,0.0064,0.5974
HEARTS THREE HEARTS JACK,0.6252,0.0124,0.3624
SPADES TEN CLUBS SIX,0.6042,0.0114,0.3844
SPADES JACK SPADES FIVE,0.6896,0.0456,0.2648
SPADES TEN SPADES FIVE,0.689,0.0446,0.2664
DIAMONDS KING HEARTS ACE,0.3568,0.0032,0.64
HEARTS THREE HEARTS ACE,0.3922,0.0056,0.6022
SPADES ACE CLUBS SIX,0.3874,0.0038,0.6088
DIAMONDS KING HEARTS QUEEN,0.2752,0.0264,0.6984
HEARTS THREE HEARTS QUEEN,0.337,0.4112,0.2518
SPADES KING CLUBS SIX,0.4058,0.005,0.5892
DIAMONDS KING HEARTS KING,0.1786,0.0038,0.8176
HEARTS THREE HEARTS KING,0.417,0.0092,0.5738
SPADES QUEEN CLUBS SIX,0.247,0.3702,0.3828
SPADES NINE HEARTS TEN,0.5724,0.0124,0.4152
SPADES NINE HEARTS JACK,0.581,0.0092,0.4098
SPADES QUEEN SPADES FIVE,0.0718,0.8534,0.0748
SPADES KING SPADES FIVE,0.2724,0.034,0.6936
SPADES ACE SPADES FIVE,0.2608,0.025,0.7142
SPADES NINE HEARTS QUEEN,0.2712,0.1624,0.5664
SPADES NINE HEARTS KING,0.3958,0.006,0.5982
SPADES NINE HEARTS ACE,0.3958,0.0044,0.5998
CLUBS TEN SPADES JACK,0.5542,0.0094,0.4364
CLUBS TEN SPADES TEN,0.3154,0.012,0.6726
SPADES ACE CLUBS TEN,0.3718,0.0046,0.6236
SPADES KING CLUBS TEN,0.3768,0.006,0.6172
CLUBS TEN SPADES QUEEN,0.264,0.124,0.612
SPADES FIVE HEARTS QUEEN,0.0736,0.9062,0.0202
HEARTS KING SPADES FIVE,0.2746,0.038,0.6874
SPADES FIVE HEARTS ACE,0.2796,0.0284,0.692
CLUBS EIGHT SPADES TEN,0.5864,0.01,0.4036
HEARTS THREE SPADES JACK,0.6578,0.0106,0.3316
SPADES JACK DIAMONDS KING,0.3886,0.0066,0.6048
SPADES TEN DIAMONDS KING,0.3774,0.0058,0.6168
HEARTS THREE SPADES TEN,0.6478,0.0122,0.34
SPADES JACK CLUBS EIGHT,0.5852,0.0112,0.4036
CLUBS SIX HEARTS ACE,0.3988,0.005,0.5962
SPADES ACE CLUBS EIGHT,0.4044,0.0056,0.59
HEARTS FIVE CLUBS JACK,0.7204,0.053,0.2266
CLUBS TEN HEARTS FIVE,0.7176,0.0494,0.233
CLUBS SIX HEARTS QUEEN,0.255,0.3706,0.3744
SPADES QUEEN CLUBS EIGHT,0.27,0.2124,0.5176
CLUBS TEN SPADES THREE,0.636,0.0136,0.3504
CLUBS SIX HEARTS KING,0.4066,0.0086,0.5848
SPADES KING CLUBS EIGHT,0.3932,0.0068,0.6
SPADES THREE CLUBS JACK,0.6348,0.0146,0.3506
DIAMONDS TWO HEARTS JACK,0.6488,0.012,0.3392
DIAMONDS TWO HEARTS TEN,0.6448,0.0122,0.343
SPADES THREE CLUBS KING,0.4152,0.0104,0.5744
HEARTS FIVE CLUBS ACE,0.256,0.025,0.719
SPADES FIVE HEARTS TEN,0.7246,0.0458,0.2296
SPADES THREE CLUBS ACE,0.4112,0.0064,0.5824
HEARTS FIVE CLUBS KING,0.2624,0.041,0.6966
SPADES FIVE HEARTS JACK,0.7196,0.047,0.2334
HEARTS THREE CLUBS KING,0.42,0.008,0.572
DIAMONDS KING CLUBS KING,0.1774,0.0044,0.8182
HEARTS FIVE HEARTS JACK,0.6862,0.046,0.2678
HEARTS FIVE HEARTS TEN,0.6776,0.0422,0.2802
HEARTS THREE CLUBS ACE,0.4064,0.0066,0.587
DIAMONDS KING CLUBS ACE,0.361,0.0042,0.6348
HEARTS THREE CLUBS JACK,0.6528,0.0124,0.3348
DIAMONDS KING CLUBS JACK,0.3826,0.0064,0.611
CLUBS TEN HEARTS THREE,0.645,0.0106,0.3444
CLUBS TEN DIAMONDS KING,0.3824,0.007,0.6106
CLUBS SIX CLUBS KING,0.3428,0.008,0.6492
CLUBS SIX CLUBS ACE,0.3474,0.0054,0.6472
HEARTS FIVE HEARTS KING,0.268,0.0336,0.6984
HEARTS FIVE HEARTS QUEEN,0.0756,0.8472,0.0772
CLUBS TEN CLUBS SIX,0.5992,0.0144,0.3864
HEARTS FIVE HEARTS ACE,0.2666,0.026,0.7074
CLUBS SIX CLUBS JACK,0.6162,0.0144,0.3694
SPADES SEVEN HEARTS JACK,0.6146,0.0126,0.3728
SPADES SEVEN HEARTS TEN,0.6066,0.0102,0.3832
DIAMONDS TWO CLUBS TWO,0.4536,0.0354,0.511
DIAMONDS TWO CLUBS THREE,0.657,0.0124,0.3306
HEARTS SIX DIAMONDS TWO,0.6494,0.0156,0.335
DIAMONDS TWO HEARTS QUEEN,0.364,0.4228,0.2132
DIAMONDS TWO HEARTS SEVEN,0.6706,0.015,0.3144
DIAMONDS TWO HEARTS KING,0.4474,0.007,0.5456
DIAMONDS TWO HEARTS EIGHT,0.6684,0.0118,0.3198
DIAMONDS TWO HEARTS ACE,0.4368,0.0064,0.5568
DIAMONDS TWO HEARTS NINE,0.6508,0.0118,0.3374
DIAMONDS TWO DIAMONDS QUEEN,0.345,0.4052,0.2498
DIAMONDS TWO HEARTS TWO,0.4638,0.0312,0.505
DIAMONDS TWO DIAMONDS KING,0.4258,0.0108,0.5634
HEARTS THREE DIAMONDS TWO,0.6604,0.0164,0.3232
DIAMONDS TWO DIAMONDS ACE,0.3956,0.0054,0.599
HEARTS FOUR DIAMONDS TWO,0.6732,0.0144,0.3124
DIAMONDS TWO HEARTS FIVE,0.7168,0.0502,0.233
SPADES SEVEN HEARTS ACE,0.417,0.0032,0.5798
DIAMONDS TWO DIAMONDS TEN,0.6088,0.0096,0.3816
SPADES SEVEN HEARTS KING,0.3946,0.0082,0.5972
DIAMONDS TWO DIAMONDS JACK,0.6146,0.0118,0.3736
SPADES SEVEN HEARTS QUEEN,0.2726,0.2846,0.4428
DIAMONDS TWO SPADES NINE,0.6346,0.013,0.3524
DIAMONDS TWO SPADES EIGHT,0.6566,0.0112,0.3322
DIAMONDS TWO SPADES SEVEN,0.6608,0.0126,0.3266
DIAMONDS TWO SPADES SIX,0.647,0.0162,0.3368
DIAMONDS TWO SPADES FIVE,0.7182,0.045,0.2368
DIAMONDS TWO SPADES FOUR,0.6644,0.0144,0.3212
DIAMONDS TWO SPADES THREE,0.6578,0.0162,0.326
DIAMONDS TWO SPADES TWO,0.4618,0.031,0.5072
CLUBS NINE DIAMONDS TWO,0.631,0.01,0.359
DIAMONDS TWO CLUBS EIGHT,0.6394,0.0134,0.3472
CLUBS SEVEN DIAMONDS TWO,0.6578,0.0136,0.3286
DIAMONDS TWO CLUBS SIX,0.6514,0.0142,0.3344
DIAMONDS TWO CLUBS FOUR,0.6622,0.0142,0.3236
CLUBS FOUR SPADES FIVE,0.679,0.0498,0.2712
CLUBS FOUR SPADES FOUR,0.453,0.0322,0.5148
CLUBS FOUR SPADES THREE,0.6438,0.0142,0.342
CLUBS FOUR SPADES TWO,0.6524,0.0146,0.333
CLUBS FOUR SPADES NINE,0.6354,0.0124,0.3522
CLUBS FOUR SPADES EIGHT,0.6352,0.0118,0.353
CLUBS FOUR SPADES SEVEN,0.626,0.0132,0.3608
CLUBS FOUR SPADES SIX,0.6076,0.016,0.3764
SPADES ACE DIAMONDS SIX,0.3996,0.0044,0.596
SPADES QUEEN DIAMONDS SIX,0.2674,0.3658,0.3668
SPADES KING DIAMONDS SIX,0.3972,0.0068,0.596
SPADES TEN DIAMONDS SIX,0.6198,0.012,0.3682
SPADES JACK DIAMONDS SIX,0.6272,0.0096,0.3632
SPADES QUEEN SPADES TWO,0.3494,0.3952,0.2554
SPADES KING SPADES TWO,0.409,0.0116,0.5794
SPADES ACE SPADES TWO,0.4132,0.0044,0.5824
DIAMONDS JACK CLUBS JACK,0.3284,0.0114,0.6602
CLUBS TEN DIAMONDS JACK,0.5612,0.0082,0.4306
DIAMONDS JACK CLUBS KING,0.3746,0.0052,0.6202
DIAMONDS THREE DIAMONDS JACK,0.6096,0.0126,0.3778
DIAMONDS THREE DIAMONDS TEN,0.6128,0.0128,0.3744
DIAMONDS JACK CLUBS ACE,0.3736,0.0058,0.6206
DIAMONDS THREE DIAMONDS KING,0.4098,0.0062,0.584
HEARTS THREE DIAMONDS THREE,0.4664,0.0278,0.5058
DIAMONDS THREE DIAMONDS QUEEN,0.3456,0.4032,0.2512
DIAMONDS THREE HEARTS TWO,0.6762,0.0134,0.3104
HEARTS FIVE DIAMONDS THREE,0.6932,0.0454,0.2614
DIAMONDS THREE DIAMONDS ACE,0.4068,0.004,0.5892
HEARTS FOUR DIAMONDS THREE,0.6534,0.0126,0.334
DIAMONDS THREE HEARTS SEVEN,0.6378,0.0136,0.3486
SPADES TEN SPADES NINE,0.5358,0.0106,0.4536
HEARTS SIX DIAMONDS THREE,0.6342,0.0126,0.3532
SPADES JACK SPADES NINE,0.552,0.0116,0.4364
DIAMONDS THREE HEARTS NINE,0.6676,0.0102,0.3222
HEARTS JACK DIAMONDS FOUR,0.6532,0.011,0.3358
HEARTS KING HEARTS ACE,0.3438,0.0062,0.65
SPADES TEN SPADES TWO,0.614,0.0116,0.3744
DIAMONDS THREE HEARTS EIGHT,0.6544,0.012,0.3336
HEARTS TEN DIAMONDS FOUR,0.658,0.01,0.332
SPADES JACK SPADES TWO,0.6156,0.0118,0.3726
HEARTS QUEEN DIAMONDS FOUR,0.3616,0.4288,0.2096
HEARTS KING DIAMONDS FOUR,0.4336,0.009,0.5574
SPADES ACE SPADES NINE,0.3826,0.007,0.6104
HEARTS ACE DIAMONDS FOUR,0.4162,0.0042,0.5796
SPADES KING SPADES NINE,0.3768,0.0078,0.6154
SPADES QUEEN SPADES NINE,0.2816,0.1496,0.5688
DIAMONDS THREE SPADES NINE,0.6518,0.0114,0.3368
DIAMONDS THREE SPADES EIGHT,0.6656,0.0084,0.326
DIAMONDS THREE SPADES SEVEN,0.6452,0.016,0.3388
DIAMONDS THREE SPADES SIX,0.6408,0.0098,0.3494
DIAMONDS THREE CLUBS SIX,0.6234,0.0136,0.363
CLUBS ACE DIAMONDS FOUR,0.4038,0.0044,0.5918
CLUBS SEVEN DIAMONDS THREE,0.6336,0.0142,0.3522
DIAMONDS THREE CLUBS FOUR,0.642,0.016,0.342
DIAMONDS FOUR CLUBS KING,0.3978,0.011,0.5912
DIAMONDS THREE CLUBS TWO,0.6548,0.0138,0.3314
CLUBS TEN DIAMONDS FOUR,0.6576,0.01,0.3324
DIAMONDS THREE CLUBS THREE,0.4468,0.029,0.5242
DIAMONDS FOUR CLUBS JACK,0.6412,0.0106,0.3482
DIAMONDS THREE SPADES FOUR,0.6538,0.0128,0.3334
DIAMONDS THREE SPADES FIVE,0.6876,0.048,0.2644
DIAMONDS THREE SPADES TWO,0.6618,0.0118,0.3264
DIAMONDS THREE SPADES THREE,0.4572,0.0286,0.5142
CLUBS EIGHT DIAMONDS THREE,0.6492,0.0102,0.3406
CLUBS NINE DIAMONDS THREE,0.648,0.0116,0.3404
SPADES SEVEN CLUBS ACE,0.3806,0.0058,0.6136
SPADES SEVEN CLUBS KING,0.3862,0.0076,0.6062
CLUBS TEN SPADES SEVEN,0.597,0.0112,0.3918
SPADES SEVEN CLUBS JACK,0.6072,0.0112,0.3816
DIAMONDS TEN DIAMONDS FOUR,0.6164,0.0114,0.3722
CLUBS TEN DIAMONDS NINE,0.563,0.0098,0.4272
DIAMONDS JACK DIAMONDS FOUR,0.608,0.0108,0.3812
DIAMONDS NINE CLUBS JACK,0.5718,0.0124,0.4158
SPADES NINE CLUBS JACK,0.5842,0.0094,0.4064
CLUBS TEN SPADES NINE,0.5582,0.0098,0.432
DIAMONDS ACE DIAMONDS FOUR,0.3962,0.0052,0.5986
HEARTS FOUR DIAMONDS FOUR,0.4502,0.0274,0.5224
DIAMONDS JACK HEARTS TEN,0.582,0.0108,0.4072
SPADES NINE CLUBS KING,0.3768,0.009,0.6142
DIAMONDS TWO SPADES TEN,0.6478,0.0134,0.3388
DIAMONDS NINE CLUBS ACE,0.3906,0.0058,0.6036
HEARTS FIVE DIAMONDS FOUR,0.6876,0.0476,0.2648
HEARTS JACK DIAMONDS JACK,0.3106,0.0078,0.6816
DIAMONDS TWO SPADES JACK,0.6584,0.0096,0.332
DIAMONDS QUEEN DIAMONDS FOUR,0.3392,0.403,0.2578
HEARTS TWO DIAMONDS FOUR,0.6646,0.0144,0.321
DIAMONDS KING DIAMONDS FOUR,0.4026,0.0084,0.589
HEARTS THREE DIAMONDS FOUR,0.651,0.014,0.335
SPADES NINE CLUBS ACE,0.3836,0.0042,0.6122
DIAMONDS NINE CLUBS KING,0.3736,0.0078,0.6186
HEARTS ACE DIAMONDS JACK,0.3988,0.0034,0.5978
SPADES ACE DIAMONDS TWO,0.428,0.0042,0.5678
DIAMONDS JACK HEARTS QUEEN,0.2798,0.0808,0.6394
SPADES QUEEN DIAMONDS TWO,0.368,0.4304,0.2016
HEARTS KING DIAMONDS JACK,0.3962,0.0056,0.5982
SPADES KING DIAMONDS TWO,0.4248,0.0092,0.566
SPADES JACK SPADES SEVEN,0.573,0.011,0.416
SPADES TEN SPADES SEVEN,0.5612,0.01,0.4288
CLUBS SEVEN CLUBS THREE,0.6398,0.012,0.3482
CLUBS SIX CLUBS THREE,0.6286,0.0152,0.3562
CLUBS FOUR CLUBS THREE,0.6388,0.0176,0.3436
CLUBS NINE CLUBS THREE,0.638,0.0164,0.3456
CLUBS EIGHT CLUBS THREE,0.6386,0.0142,0.3472
CLUBS THREE SPADES FIVE,0.6956,0.0548,0.2496
CLUBS THREE SPADES FOUR,0.6468,0.0154,0.3378
CLUBS THREE SPADES THREE,0.4472,0.0332,0.5196
CLUBS THREE SPADES TWO,0.6612,0.0168,0.322
CLUBS THREE SPADES SIX,0.6202,0.0114,0.3684
SPADES SEVEN CLUBS THREE,0.6388,0.017,0.3442
SPADES EIGHT CLUBS THREE,0.6502,0.0148,0.335
SPADES NINE CLUBS THREE,0.6464,0.012,0.3416
SPADES TWO DIAMONDS FOUR,0.65,0.0148,0.3352
SPADES THREE DIAMONDS FOUR,0.663,0.0158,0.3212
SPADES FOUR DIAMONDS FOUR,0.4574,0.032,0.5106
SPADES FIVE DIAMONDS FOUR,0.682,0.0478,0.2702
SPADES SIX DIAMONDS FOUR,0.6316,0.0098,0.3586
SPADES SEVEN DIAMONDS FOUR,0.6332,0.0148,0.352
SPADES EIGHT DIAMONDS FOUR,0.6484,0.011,0.3406
SPADES NINE DIAMONDS FOUR,0.659,0.0138,0.3272
CLUBS FOUR DIAMONDS FOUR,0.4524,0.0326,0.515
CLUBS SEVEN DIAMONDS FOUR,0.6218,0.016,0.3622
CLUBS SIX DIAMONDS FOUR,0.6238,0.01,0.3662
CLUBS NINE DIAMONDS FOUR,0.646,0.0122,0.3418
CLUBS EIGHT DIAMONDS FOUR,0.6354,0.0134,0.3512
DIAMONDS FOUR HEARTS SEVEN,0.6454,0.0106,0.344
HEARTS SIX DIAMONDS FOUR,0.6222,0.0102,0.3676
HEARTS NINE DIAMONDS FOUR,0.6538,0.0132,0.333
DIAMONDS FOUR HEARTS EIGHT,0.6468,0.0106,0.3426
CLUBS THREE DIAMONDS FOUR,0.6316,0.0148,0.3536
CLUBS TWO DIAMONDS FOUR,0.668,0.0148,0.3172
DIAMONDS TEN DIAMONDS FIVE,0.68,0.0452,0.2748
DIAMONDS JACK DIAMONDS FIVE,0.6766,0.053,0.2704
DIAMONDS NINE HEARTS QUEEN,0.2922,0.1466,0.5612
HEARTS KING DIAMONDS NINE,0.3982,0.0054,0.5964
DIAMONDS NINE HEARTS ACE,0.3972,0.0042,0.5986
DIAMONDS NINE HEARTS TEN,0.583,0.0112,0.4058
DIAMONDS NINE HEARTS JACK,0.5914,0.0104,0.3982
CLUBS KING DIAMONDS SIX,0.391,0.0066,0.6024
CLUBS ACE DIAMONDS SIX,0.392,0.006,0.602
SPADES KING DIAMONDS FOUR,0.426,0.0066,0.5674
SPADES ACE SPADES SEVEN,0.3826,0.0044,0.613
SPADES QUEEN DIAMONDS FOUR,0.3486,0.439,0.2124
SPADES QUEEN SPADES SEVEN,0.27,0.2636,0.4664
CLUBS JACK DIAMONDS SIX,0.6232,0.0098,0.367
SPADES KING SPADES SEVEN,0.3852,0.006,0.6088
SPADES ACE DIAMONDS FOUR,0.4246,0.0046,0.5708
CLUBS TEN DIAMONDS SIX,0.6058,0.0124,0.3818
CLUBS NINE CLUBS FOUR,0.6574,0.0132,0.3294
CLUBS EIGHT CLUBS FOUR,0.6316,0.0144,0.354
SPADES JACK DIAMONDS FOUR,0.6516,0.0116,0.3368
SPADES TEN DIAMONDS FOUR,0.6542,0.0116,0.3342
CLUBS SEVEN CLUBS FOUR,0.632,0.0142,0.3538
CLUBS FOUR CLUBS SIX,0.6128,0.016,0.3712
CLUBS SEVEN SPADES EIGHT,0.5858,0.0126,0.4016
CLUBS SEVEN SPADES NINE,0.5832,0.0136,0.4032
CLUBS SEVEN SPADES SIX,0.598,0.011,0.391
CLUBS SEVEN SPADES SEVEN,0.3534,0.0272,0.6194
CLUBS SEVEN SPADES FIVE,0.685,0.0512,0.2638
CLUBS SEVEN SPADES FOUR,0.632,0.0122,0.3558
CLUBS SEVEN SPADES THREE,0.647,0.0162,0.3368
CLUBS SEVEN SPADES TWO,0.654,0.0166,0.3294
CLUBS NINE CLUBS SEVEN,0.578,0.0148,0.4072
CLUBS SEVEN CLUBS EIGHT,0.581,0.014,0.405
HEARTS SIX DIAMONDS FIVE,0.6866,0.0398,0.2736
DIAMONDS FIVE HEARTS SEVEN,0.7092,0.0402,0.2506
DIAMONDS FIVE HEARTS EIGHT,0.7092,0.045,0.2458
HEARTS NINE DIAMONDS FIVE,0.721,0.0446,0.2344
DIAMONDS QUEEN DIAMONDS FIVE,0.07,0.853,0.077
HEARTS TWO DIAMONDS FIVE,0.7192,0.049,0.2318
HEARTS KING HEARTS EIGHT,0.389,0.0052,0.6058
DIAMONDS KING DIAMONDS FIVE,0.2616,0.0356,0.7028
HEARTS THREE DIAMONDS FIVE,0.6986,0.046,0.2554
HEARTS QUEEN HEARTS EIGHT,0.2592,0.1904,0.5504
DIAMONDS ACE DIAMONDS FIVE,0.2648,0.03,0.7052
HEARTS FOUR DIAMONDS FIVE,0.683,0.0422,0.2748
HEARTS FIVE DIAMONDS FIVE,0.3352,0.0362,0.6286
HEARTS ACE HEARTS EIGHT,0.3904,0.006,0.6036
CLUBS FOUR DIAMONDS FIVE,0.6792,0.0522,0.2686
CLUBS SIX DIAMONDS FIVE,0.6862,0.0444,0.2694
CLUBS SEVEN DIAMONDS FIVE,0.6792,0.0516,0.2692
CLUBS TWO DIAMONDS FIVE,0.7056,0.0492,0.2452
CLUBS THREE DIAMONDS FIVE,0.6804,0.0454,0.2742
SPADES THREE DIAMONDS FIVE,0.6864,0.0534,0.2602
SPADES TWO DIAMONDS FIVE,0.7072,0.0496,0.2432
SPADES JACK DIAMONDS EIGHT,0.5926,0.0096,0.3978
SPADES FIVE DIAMONDS FIVE,0.3324,0.0384,0.6292
CLUBS TEN HEARTS JACK,0.557,0.0118,0.4312
SPADES TEN DIAMONDS EIGHT,0.5882,0.0104,0.4014
SPADES FOUR DIAMONDS FIVE,0.6858,0.046,0.2682
HEARTS JACK CLUBS JACK,0.3236,0.0116,0.6648
CLUBS NINE DIAMONDS FIVE,0.6998,0.0492,0.251
HEARTS JACK CLUBS KING,0.3766,0.0058,0.6176
CLUBS EIGHT DIAMONDS FIVE,0.702,0.0426,0.2554
HEARTS JACK CLUBS ACE,0.3836,0.0042,0.6122
SPADES SEVEN DIAMONDS FIVE,0.6808,0.0474,0.2718
SPADES KING DIAMONDS EIGHT,0.4002,0.008,0.5918
SPADES QUEEN DIAMONDS EIGHT,0.2824,0.2068,0.5108
SPADES SIX DIAMONDS FIVE,0.6916,0.0404,0.268
SPADES NINE DIAMONDS FIVE,0.7164,0.0436,0.24
SPADES EIGHT DIAMONDS FIVE,0.7102,0.0426,0.2472
SPADES ACE DIAMONDS EIGHT,0.4122,0.0038,0.584
DIAMONDS TEN DIAMONDS SIX,0.5738,0.0126,0.4136
HEARTS ACE DIAMONDS SEVEN,0.4072,0.004,0.5888
DIAMONDS JACK DIAMONDS SIX,0.5734,0.0108,0.4158
HEARTS QUEEN DIAMONDS SEVEN,0.2768,0.2848,0.4384
HEARTS KING DIAMONDS SEVEN,0.4238,0.0072,0.569
DIAMONDS ACE DIAMONDS SIX,0.3636,0.0036,0.6328
HEARTS FOUR DIAMONDS SIX,0.6214,0.0116,0.367
HEARTS JACK SPADES TWO,0.648,0.013,0.339
HEARTS FIVE DIAMONDS SIX,0.6798,0.0418,0.2784
SPADES TWO HEARTS TEN,0.6462,0.0088,0.345
DIAMONDS QUEEN DIAMONDS SIX,0.2568,0.3408,0.4024
HEARTS TWO DIAMONDS SIX,0.6462,0.015,0.3388
DIAMONDS KING DIAMONDS SIX,0.3928,0.0052,0.602
HEARTS THREE DIAMONDS SIX,0.6406,0.0114,0.348
HEARTS EIGHT DIAMONDS SIX,0.5906,0.0134,0.396
HEARTS NINE DIAMONDS SIX,0.6028,0.0114,0.3858
HEARTS SIX DIAMONDS SIX,0.3664,0.0272,0.6064
HEARTS SEVEN DIAMONDS SIX,0.5864,0.013,0.4006
HEARTS TEN DIAMONDS SEVEN,0.6032,0.0106,0.3862
CLUBS TWO DIAMONDS SIX,0.6522,0.0154,0.3324
HEARTS JACK DIAMONDS SEVEN,0.609,0.015,0.376
CLUBS THREE DIAMONDS SIX,0.6474,0.014,0.3386
CLUBS SEVEN DIAMONDS SIX,0.5766,0.0124,0.411
DIAMONDS EIGHT CLUBS JACK,0.5916,0.0118,0.3966
CLUBS SIX DIAMONDS SIX,0.351,0.0254,0.6236
CLUBS TEN DIAMONDS EIGHT,0.5762,0.0106,0.4132
CLUBS FOUR DIAMONDS SIX,0.6342,0.0138,0.352
HEARTS ACE HEARTS JACK,0.364,0.0056,0.6304
DIAMONDS EIGHT CLUBS ACE,0.387,0.005,0.608
HEARTS JACK HEARTS QUEEN,0.271,0.0874,0.6416
DIAMONDS EIGHT CLUBS KING,0.3812,0.0068,0.612
CLUBS NINE DIAMONDS SIX,0.5936,0.0124,0.394
HEARTS KING HEARTS JACK,0.3666,0.007,0.6264
CLUBS EIGHT DIAMONDS SIX,0.6018,0.012,0.3862
SPADES TEN HEARTS KING,0.3796,0.0096,0.6108
SPADES FIVE DIAMONDS SIX,0.6954,0.0416,0.263
HEARTS ACE SPADES TWO,0.4312,0.005,0.5638
SPADES JACK HEARTS KING,0.3774,0.0076,0.615
SPADES FOUR DIAMONDS SIX,0.6312,0.012,0.3568
SPADES THREE DIAMONDS SIX,0.6244,0.0124,0.3632
HEARTS QUEEN SPADES TWO,0.3488,0.441,0.2102
SPADES ACE SPADES KING,0.3358,0.004,0.6602
HEARTS KING SPADES TWO,0.446,0.0082,0.5458
SPADES TWO DIAMONDS SIX,0.666,0.0108,0.3232
HEARTS TEN HEARTS EIGHT,0.5552,0.008,0.4368
SPADES NINE DIAMONDS SIX,0.6176,0.012,0.3704
HEARTS JACK HEARTS EIGHT,0.5656,0.0116,0.4228
SPADES EIGHT DIAMONDS SIX,0.5948,0.0112,0.394
SPADES SEVEN DIAMONDS SIX,0.5974,0.0124,0.3902
SPADES SIX DIAMONDS SIX,0.3528,0.027,0.6202
SPADES KING HEARTS KING,0.1832,0.0036,0.8132
SPADES QUEEN HEARTS KING,0.2748,0.0236,0.7016
CLUBS ACE CLUBS KING,0.3074,0.005,0.6876
SPADES ACE HEARTS KING,0.36,0.0048,0.6352
SPADES ACE HEARTS JACK,0.3976,0.0038,0.5986
SPADES QUEEN HEARTS JACK,0.2908,0.0844,0.6248
SPADES KING HEARTS JACK,0.3918,0.0056,0.6026
SPADES TEN DIAMONDS TEN,0.3394,0.0136,0.647
SPADES JACK DIAMONDS TEN,0.561,0.0094,0.4296
SPADES ACE DIAMONDS TEN,0.3864,0.003,0.6106
SPADES JACK HEARTS JACK,0.3308,0.0122,0.657
SPADES TEN HEARTS JACK,0.5636,0.0098,0.4266
SPADES QUEEN DIAMONDS TEN,0.279,0.1096,0.6114
SPADES KING DIAMONDS TEN,0.371,0.0056,0.6234
SPADES NINE DIAMONDS SEVEN,0.5786,0.01,0.4114
SPADES EIGHT DIAMONDS SEVEN,0.6004,0.0094,0.3902
SPADES SEVEN DIAMONDS SEVEN,0.356,0.022,0.622
SPADES SIX DIAMONDS SEVEN,0.5934,0.013,0.3936
DIAMONDS KING DIAMONDS SEVEN,0.379,0.009,0.612
HEARTS THREE DIAMONDS SEVEN,0.652,0.0118,0.3362
HEARTS KING DIAMONDS FIVE,0.279,0.0366,0.6844
DIAMONDS QUEEN DIAMONDS SEVEN,0.2616,0.2764,0.462
HEARTS TWO DIAMONDS SEVEN,0.6546,0.0124,0.333
HEARTS QUEEN DIAMONDS FIVE,0.0678,0.9102,0.022
HEARTS FIVE DIAMONDS SEVEN,0.689,0.0468,0.2642
DIAMONDS ACE DIAMONDS SEVEN,0.3776,0.0044,0.618
HEARTS FOUR DIAMONDS SEVEN,0.638,0.0124,0.3496
HEARTS ACE DIAMONDS FIVE,0.2854,0.0244,0.6902
HEARTS SEVEN DIAMONDS SEVEN,0.3514,0.0222,0.6264
HEARTS SIX DIAMONDS SEVEN,0.6022,0.0094,0.3884
HEARTS NINE DIAMONDS SEVEN,0.589,0.0108,0.4002
DIAMONDS SEVEN HEARTS EIGHT,0.584,0.0072,0.4088
DIAMONDS JACK DIAMONDS SEVEN,0.5806,0.0132,0.4062
HEARTS JACK DIAMONDS FIVE,0.7288,0.0458,0.2254
DIAMONDS TEN DIAMONDS SEVEN,0.564,0.011,0.425
DIAMONDS FIVE HEARTS TEN,0.7382,0.0484,0.2134
SPADES KING CLUBS TWO,0.4236,0.0096,0.5668
HEARTS KING CLUBS KING,0.175,0.005,0.82
CLUBS EIGHT DIAMONDS SEVEN,0.5826,0.0112,0.4062
SPADES QUEEN CLUBS TWO,0.3514,0.4316,0.217
CLUBS NINE DIAMONDS SEVEN,0.585,0.0098,0.4052
SPADES TWO CLUBS JACK,0.6498,0.0122,0.338
SPADES ACE CLUBS TWO,0.4188,0.0054,0.5758
CLUBS TEN SPADES TWO,0.6422,0.0112,0.3466
HEARTS KING CLUBS ACE,0.3462,0.0072,0.6466
CLUBS SEVEN CLUBS SIX,0.5804,0.0122,0.4074
SPADES TWO CLUBS KING,0.4188,0.008,0.5732
SPADES TWO DIAMONDS SEVEN,0.6562,0.0134,0.3304
CLUBS EIGHT CLUBS SIX,0.5944,0.0134,0.3922
SPADES THREE DIAMONDS SEVEN,0.6488,0.013,0.3382
CLUBS NINE CLUBS SIX,0.5972,0.0104,0.3924
SPADES FOUR DIAMONDS SEVEN,0.6302,0.013,0.3568
HEARTS KING CLUBS JACK,0.383,0.008,0.609
SPADES FIVE DIAMONDS SEVEN,0.7048,0.0448,0.2504
SPADES TWO CLUBS ACE,0.4146,0.0072,0.5782
CLUBS TEN HEARTS KING,0.3624,0.007,0.6306
CLUBS SIX SPADES TWO,0.65,0.013,0.337
CLUBS SIX SPADES THREE,0.6388,0.0162,0.345
CLUBS TWO DIAMONDS SEVEN,0.6634,0.0082,0.3284
CLUBS SIX SPADES FOUR,0.6274,0.0128,0.3598
CLUBS THREE DIAMONDS SEVEN,0.6484,0.0126,0.339
CLUBS SIX SPADES FIVE,0.6756,0.0454,0.279
CLUBS FOUR DIAMONDS SEVEN,0.6308,0.014,0.3552
CLUBS SIX SPADES SIX,0.3404,0.0302,0.6294
CLUBS SIX SPADES SEVEN,0.5882,0.0128,0.399
CLUBS SIX DIAMONDS SEVEN,0.5794,0.0102,0.4104
CLUBS SIX SPADES EIGHT,0.5976,0.0122,0.3902
SPADES JACK CLUBS TWO,0.6418,0.0112,0.347
CLUBS SEVEN DIAMONDS SEVEN,0.337,0.0254,0.6376
SPADES NINE CLUBS SIX,0.6034,0.012,0.3846
SPADES TEN CLUBS TWO,0.6502,0.0128,0.337
CLUBS TWO CLUBS KING,0.3998,0.009,0.5912
CLUBS THREE DIAMONDS EIGHT,0.6594,0.013,0.3276
CLUBS TWO CLUBS ACE,0.3714,0.0056,0.623
CLUBS TWO DIAMONDS EIGHT,0.6468,0.0134,0.3398
DIAMONDS EIGHT HEARTS SEVEN,0.5814,0.0102,0.4084
HEARTS SIX DIAMONDS EIGHT,0.5982,0.0128,0.389
DIAMONDS EIGHT HEARTS NINE,0.5814,0.008,0.4106
CLUBS TEN CLUBS TWO,0.635,0.0112,0.3538
DIAMONDS EIGHT HEARTS EIGHT,0.3474,0.02,0.6326
CLUBS TWO CLUBS JACK,0.6502,0.0118,0.338
CLUBS NINE DIAMONDS EIGHT,0.5736,0.0102,0.4162
CLUBS EIGHT DIAMONDS EIGHT,0.3392,0.0194,0.6414
SPADES ACE SPADES THREE,0.3998,0.0038,0.5964
CLUBS FOUR DIAMONDS EIGHT,0.6358,0.0154,0.3488
CLUBS SEVEN DIAMONDS EIGHT,0.5848,0.013,0.4022
SPADES QUEEN SPADES THREE,0.3464,0.4062,0.2474
CLUBS SIX DIAMONDS EIGHT,0.585,0.0136,0.4014
SPADES KING SPADES THREE,0.407,0.007,0.586
DIAMONDS QUEEN DIAMONDS EIGHT,0.2524,0.2078,0.5398
HEARTS TWO DIAMONDS EIGHT,0.6532,0.0136,0.3332
DIAMONDS KING DIAMONDS EIGHT,0.393,0.0068,0.6002
HEARTS THREE DIAMONDS EIGHT,0.6664,0.0142,0.3194
DIAMONDS ACE DIAMONDS EIGHT,0.3814,0.004,0.6146
HEARTS FOUR DIAMONDS EIGHT,0.6488,0.012,0.3392
HEARTS FIVE DIAMONDS EIGHT,0.7074,0.0454,0.2472
DIAMONDS EIGHT DIAMONDS TEN,0.5482,0.01,0.4418
DIAMONDS EIGHT DIAMONDS JACK,0.5626,0.008,0.4294
SPADES JACK SPADES THREE,0.6144,0.0138,0.3718
SPADES TEN SPADES THREE,0.6034,0.0116,0.385
CLUBS FOUR HEARTS ACE,0.4068,0.0052,0.588
CLUBS FOUR HEARTS QUEEN,0.3426,0.444,0.2134
CLUBS FOUR HEARTS KING,0.421,0.01,0.569
CLUBS SIX HEARTS TEN,0.6022,0.0118,0.386
CLUBS SIX HEARTS JACK,0.611,0.0116,0.3774
DIAMONDS EIGHT SPADES FOUR,0.6432,0.0146,0.3422
SPADES FIVE DIAMONDS EIGHT,0.7048,0.043,0.2522
DIAMONDS EIGHT SPADES TWO,0.645,0.0124,0.3426
DIAMONDS EIGHT SPADES THREE,0.652,0.008,0.34
CLUBS FOUR HEARTS JACK,0.6384,0.014,0.3476
SPADES EIGHT DIAMONDS EIGHT,0.3564,0.0198,0.6238
SPADES TEN DIAMONDS QUEEN,0.288,0.1166,0.5954
SPADES TEN HEARTS TWO,0.657,0.0106,0.3324
SPADES JACK HEARTS EIGHT,0.5984,0.0064,0.3952
CLUBS FOUR HEARTS TEN,0.652,0.0116,0.3364
SPADES NINE DIAMONDS EIGHT,0.5734,0.0098,0.4168
SPADES TEN HEARTS EIGHT,0.587,0.0114,0.4016
SPADES JACK HEARTS TWO,0.651,0.012,0.337
SPADES JACK DIAMONDS QUEEN,0.2932,0.0834,0.6234
SPADES SIX DIAMONDS EIGHT,0.604,0.0128,0.3832
SPADES SEVEN DIAMONDS EIGHT,0.5896,0.0114,0.399
SPADES ACE HEARTS TWO,0.4324,0.0066,0.561
SPADES ACE DIAMONDS QUEEN,0.2856,0.0164,0.698
SPADES ACE HEARTS EIGHT,0.3936,0.004,0.6024
SPADES KING HEARTS EIGHT,0.4164,0.0058,0.5778
SPADES QUEEN HEARTS TWO,0.3628,0.4296,0.2076
SPADES QUEEN DIAMONDS QUEEN,0.1442,0.0222,0.8336
SPADES KING DIAMONDS QUEEN,0.2804,0.0246,0.695
SPADES KING HEARTS TWO,0.4278,0.0072,0.565
SPADES QUEEN HEARTS EIGHT,0.2754,0.2078,0.5168
CLUBS TWO HEARTS TEN,0.651,0.0142,0.3348
CLUBS TWO HEARTS JACK,0.643,0.011,0.346
SPADES SEVEN DIAMONDS NINE,0.5936,0.0096,0.3968
SPADES SIX DIAMONDS NINE,0.6012,0.012,0.3868
SPADES NINE DIAMONDS NINE,0.3386,0.0156,0.6458
SPADES EIGHT DIAMONDS NINE,0.5758,0.0114,0.4128
SPADES TEN CLUBS KING,0.3708,0.0074,0.6218
DIAMONDS NINE SPADES THREE,0.6378,0.0128,0.3494
SPADES JACK CLUBS KING,0.3694,0.0058,0.6248
DIAMONDS NINE SPADES TWO,0.6406,0.013,0.3464
DIAMONDS NINE SPADES FIVE,0.7164,0.0472,0.2364
DIAMONDS NINE SPADES FOUR,0.6546,0.0096,0.3358
CLUBS NINE DIAMONDS NINE,0.3334,0.0188,0.6478
CLUBS EIGHT DIAMONDS NINE,0.5784,0.0114,0.4102
CLUBS SIX DIAMONDS NINE,0.601,0.0094,0.3896
SPADES JACK CLUBS FOUR,0.6526,0.0144,0.333
CLUBS SEVEN DIAMONDS NINE,0.5822,0.011,0.4068
SPADES TEN CLUBS FOUR,0.6386,0.0106,0.3508
CLUBS FOUR DIAMONDS NINE,0.6442,0.0104,0.3454
CLUBS TWO DIAMONDS NINE,0.6448,0.0136,0.3416
CLUBS THREE DIAMONDS NINE,0.6576,0.0112,0.3312
DIAMONDS NINE HEARTS EIGHT,0.5798,0.0132,0.407
DIAMONDS NINE HEARTS NINE,0.3546,0.0182,0.6272
HEARTS SIX DIAMONDS NINE,0.6072,0.012,0.3808
DIAMONDS NINE HEARTS SEVEN,0.5954,0.0134,0.3912
CLUBS NINE CLUBS EIGHT,0.5546,0.0124,0.433
DIAMONDS ACE DIAMONDS NINE,0.3714,0.0052,0.6234
HEARTS FOUR DIAMONDS NINE,0.661,0.0112,0.3278
HEARTS FIVE DIAMONDS NINE,0.726,0.0466,0.2274
CLUBS TWO HEARTS ACE,0.41,0.0072,0.5828
SPADES ACE CLUBS FOUR,0.4288,0.0042,0.567
DIAMONDS QUEEN DIAMONDS NINE,0.2582,0.1502,0.5916
HEARTS TWO DIAMONDS NINE,0.6544,0.0116,0.334
CLUBS TWO HEARTS KING,0.4276,0.009,0.5634
SPADES KING CLUBS FOUR,0.4222,0.0092,0.5686
DIAMONDS KING DIAMONDS NINE,0.3798,0.0068,0.6134
HEARTS THREE DIAMONDS NINE,0.6518,0.0142,0.334
CLUBS TWO HEARTS QUEEN,0.341,0.4402,0.2188
SPADES QUEEN CLUBS FOUR,0.3522,0.4304,0.2174
DIAMONDS NINE DIAMONDS JACK,0.5326,0.0116,0.4558
CLUBS EIGHT SPADES NINE,0.5706,0.0114,0.418
DIAMONDS NINE DIAMONDS TEN,0.5296,0.0096,0.4608
CLUBS EIGHT SPADES EIGHT,0.3392,0.018,0.6428
CLUBS EIGHT SPADES SEVEN,0.593,0.014,0.393
CLUBS EIGHT SPADES SIX,0.5804,0.0128,0.4068
CLUBS EIGHT SPADES FIVE,0.6952,0.0466,0.2582
CLUBS EIGHT SPADES FOUR,0.6388,0.0158,0.3454
CLUBS EIGHT SPADES THREE,0.6596,0.0138,0.3266
CLUBS EIGHT SPADES TWO,0.633,0.0138,0.3532
HEARTS SIX DIAMONDS TEN,0.6064,0.011,0.3826
DIAMONDS TEN HEARTS SEVEN,0.599,0.011,0.39
DIAMONDS TEN HEARTS EIGHT,0.5854,0.0128,0.4018
CLUBS FOUR CLUBS JACK,0.6486,0.0116,0.3398
DIAMONDS TEN HEARTS NINE,0.5766,0.0096,0.4138
CLUBS TEN CLUBS FOUR,0.631,0.0126,0.3564
CLUBS FOUR CLUBS KING,0.3714,0.0084,0.6202
CLUBS TWO DIAMONDS TEN,0.6462,0.0134,0.3404
CLUBS THREE DIAMONDS TEN,0.6358,0.0116,0.3526
CLUBS FOUR CLUBS ACE,0.3502,0.0066,0.6432
DIAMONDS JACK DIAMONDS TEN,0.5324,0.0106,0.457
DIAMONDS QUEEN DIAMONDS TEN,0.259,0.1114,0.6296
HEARTS TWO DIAMONDS TEN,0.6572,0.0134,0.3294
DIAMONDS KING DIAMONDS TEN,0.355,0.0084,0.6366
HEARTS THREE DIAMONDS TEN,0.649,0.0138,0.3372
DIAMONDS ACE DIAMONDS TEN,0.3614,0.0032,0.6354
HEARTS FOUR DIAMONDS TEN,0.669,0.0116,0.3194
CLUBS EIGHT HEARTS JACK,0.5886,0.0108,0.4006
HEARTS FIVE DIAMONDS TEN,0.7266,0.048,0.2254
CLUBS EIGHT HEARTS TEN,0.5774,0.0114,0.4112
CLUBS EIGHT HEARTS QUEEN,0.2716,0.2192,0.5092
CLUBS EIGHT HEARTS KING,0.3934,0.0068,0.5998
CLUBS EIGHT HEARTS ACE,0.3914,0.0056,0.603
CLUBS NINE SPADES THREE,0.6534,0.012,0.3346
CLUBS NINE SPADES TWO,0.6528,0.0114,0.3358
CLUBS NINE SPADES FIVE,0.7066,0.0522,0.2412
CLUBS NINE SPADES FOUR,0.638,0.0096,0.3524
CLUBS NINE SPADES SEVEN,0.5828,0.0138,0.4034
CLUBS NINE SPADES SIX,0.6128,0.0102,0.377
CLUBS NINE SPADES NINE,0.3368,0.0172,0.646
CLUBS TEN HEARTS EIGHT,0.5752,0.0114,0.4134
CLUBS NINE SPADES EIGHT,0.562,0.0134,0.4246
CLUBS JACK HEARTS EIGHT,0.5776,0.0098,0.4126
CLUBS KING HEARTS EIGHT,0.3938,0.006,0.6002
CLUBS ACE HEARTS EIGHT,0.3924,0.0054,0.6022
SPADES KING CLUBS KING,0.177,0.005,0.818
SPADES QUEEN CLUBS KING,0.2578,0.028,0.7142
SPADES ACE CLUBS KING,0.3596,0.0028,0.6376
DIAMONDS ACE HEARTS TEN,0.3952,0.005,0.5998
HEARTS FOUR HEARTS TEN,0.6188,0.0122,0.369
DIAMONDS ACE HEARTS JACK,0.3938,0.003,0.6032
HEARTS FOUR HEARTS JACK,0.6136,0.0142,0.3722
DIAMONDS JACK HEARTS SEVEN,0.6282,0.0118,0.36
HEARTS SIX DIAMONDS JACK,0.623,0.012,0.365
DIAMONDS JACK HEARTS NINE,0.5758,0.014,0.4102
DIAMONDS JACK HEARTS EIGHT,0.6136,0.0106,0.3758
DIAMONDS KING DIAMONDS JACK,0.3672,0.0072,0.6256
HEARTS THREE DIAMONDS JACK,0.6526,0.0088,0.3386
SPADES ACE SPADES SIX,0.3792,0.0052,0.6156
HEARTS ACE SPADES FOUR,0.4074,0.005,0.5876
DIAMONDS QUEEN DIAMONDS JACK,0.265,0.084,0.651
HEARTS TWO DIAMONDS JACK,0.6526,0.0124,0.335
HEARTS FIVE DIAMONDS JACK,0.7344,0.0458,0.2198
SPADES QUEEN SPADES SIX,0.2556,0.3328,0.4116
SPADES FOUR HEARTS QUEEN,0.3508,0.4384,0.2108
DIAMONDS ACE DIAMONDS JACK,0.3684,0.0062,0.6254
HEARTS FOUR DIAMONDS JACK,0.65,0.011,0.339
SPADES KING SPADES SIX,0.3674,0.0088,0.6238
HEARTS KING SPADES FOUR,0.4134,0.0088,0.5778
SPADES TEN SPADES SIX,0.5716,0.01,0.4184
SPADES JACK SPADES SIX,0.5888,0.009,0.4022
SPADES FOUR DIAMONDS JACK,0.6556,0.0108,0.3336
SPADES FIVE DIAMONDS JACK,0.7276,0.0434,0.229
DIAMONDS JACK SPADES TWO,0.656,0.0112,0.3328
DIAMONDS JACK SPADES THREE,0.6622,0.0116,0.3262
SPADES ACE DIAMONDS THREE,0.4176,0.0044,0.578
SPADES QUEEN DIAMONDS THREE,0.3618,0.4252,0.213
CLUBS EIGHT DIAMONDS JACK,0.591,0.011,0.398
SPADES KING DIAMONDS THREE,0.4326,0.0066,0.5608
CLUBS NINE DIAMONDS JACK,0.5696,0.0118,0.4186
CLUBS SIX DIAMONDS JACK,0.6072,0.0124,0.3804
CLUBS SEVEN DIAMONDS JACK,0.6008,0.0098,0.3894
CLUBS FOUR DIAMONDS JACK,0.6442,0.0116,0.3442
CLUBS TWO DIAMONDS JACK,0.6574,0.0124,0.3302
CLUBS THREE DIAMONDS JACK,0.6438,0.0136,0.3426
HEARTS SIX SPADES JACK,0.6256,0.0086,0.3658
HEARTS SIX SPADES TEN,0.6164,0.0118,0.3718
SPADES JACK DIAMONDS THREE,0.657,0.0102,0.3328
CLUBS SEVEN CLUBS ACE,0.3476,0.0084,0.644
DIAMONDS THREE SPADES TEN,0.659,0.0116,0.3294
CLUBS SEVEN CLUBS KING,0.3502,0.006,0.6438
SPADES NINE DIAMONDS JACK,0.5886,0.0096,0.4018
CLUBS TEN CLUBS SEVEN,0.5752,0.0138,0.411
DIAMONDS ACE HEARTS ACE,0.1826,0.0036,0.8138
HEARTS FOUR HEARTS ACE,0.3974,0.0042,0.5984
SPADES EIGHT DIAMONDS JACK,0.5934,0.0098,0.3968
SPADES ACE HEARTS SIX,0.3906,0.004,0.6054
CLUBS SEVEN CLUBS JACK,0.603,0.0134,0.3836
DIAMONDS ACE HEARTS KING,0.3716,0.0044,0.624
HEARTS FOUR HEARTS KING,0.4038,0.0078,0.5884
SPADES SEVEN DIAMONDS JACK,0.603,0.011,0.386
SPADES KING HEARTS SIX,0.403,0.0046,0.5924
DIAMONDS ACE HEARTS QUEEN,0.2798,0.015,0.7052
HEARTS FOUR HEARTS QUEEN,0.3426,0.4028,0.2546
SPADES QUEEN HEARTS SIX,0.2742,0.361,0.3648
SPADES SIX DIAMONDS JACK,0.6128,0.0146,0.3726
DIAMONDS TEN SPADES TWO,0.6504,0.0116,0.338
SPADES THREE DIAMONDS TEN,0.6552,0.0168,0.328
SPADES FOUR DIAMONDS TEN,0.6574,0.0134,0.3292
SPADES FIVE DIAMONDS TEN,0.731,0.0476,0.2214
SPADES SIX DIAMONDS TEN,0.6128,0.009,0.3782
SPADES SEVEN DIAMONDS TEN,0.591,0.0102,0.3988
SPADES EIGHT DIAMONDS TEN,0.5868,0.0098,0.4034
SPADES NINE DIAMONDS TEN,0.5712,0.0096,0.4192
CLUBS FOUR DIAMONDS TEN,0.6392,0.0122,0.3486
CLUBS SIX DIAMONDS TEN,0.6078,0.012,0.3802
CLUBS SEVEN DIAMONDS TEN,0.5832,0.0112,0.4056
CLUBS EIGHT DIAMONDS TEN,0.5698,0.0116,0.4186
CLUBS NINE DIAMONDS TEN,0.5624,0.015,0.4226
DIAMONDS THREE CLUBS JACK,0.648,0.0134,0.3386
CLUBS TEN DIAMONDS THREE,0.6366,0.0102,0.3532
DIAMONDS THREE CLUBS KING,0.4196,0.008,0.5724
DIAMONDS THREE CLUBS ACE,0.4096,0.0054,0.585
SPADES FOUR HEARTS JACK,0.657,0.0126,0.3304
SPADES FOUR HEARTS TEN,0.6446,0.0112,0.3442
SPADES FIVE SPADES TWO,0.6732,0.0438,0.283
SPADES FOUR SPADES TWO,0.6234,0.0166,0.36
SPADES THREE SPADES TWO,0.6166,0.0164,0.367
SPADES NINE SPADES TWO,0.6182,0.0136,0.3682
SPADES EIGHT SPADES TWO,0.628,0.0106,0.3614
SPADES SEVEN SPADES TWO,0.6126,0.0132,0.3742
SPADES SIX SPADES TWO,0.595,0.0138,0.3912
DIAMONDS QUEEN CLUBS THREE,0.356,0.4452,0.1988
HEARTS TWO CLUBS THREE,0.6654,0.0128,0.3218
DIAMONDS QUEEN CLUBS TWO,0.3584,0.4332,0.2084
CLUBS TWO HEARTS TWO,0.456,0.0354,0.5086
DIAMONDS QUEEN HEARTS SEVEN,0.2748,0.2834,0.4418
HEARTS TWO HEARTS SEVEN,0.6248,0.0152,0.36
HEARTS SIX DIAMONDS QUEEN,0.2662,0.3506,0.3832
HEARTS SIX HEARTS TWO,0.5966,0.0136,0.3898
DIAMONDS QUEEN HEARTS NINE,0.2738,0.1496,0.5766
HEARTS TWO HEARTS NINE,0.6024,0.013,0.3846
DIAMONDS QUEEN HEARTS EIGHT,0.282,0.2094,0.5086
HEARTS TWO HEARTS EIGHT,0.6266,0.0124,0.361
CLUBS NINE HEARTS TWO,0.6372,0.0142,0.3486
CLUBS NINE DIAMONDS QUEEN,0.2666,0.1646,0.5688
CLUBS EIGHT HEARTS TWO,0.6442,0.0128,0.343
CLUBS EIGHT DIAMONDS QUEEN,0.2606,0.2114,0.528
SPADES EIGHT HEARTS ACE,0.3954,0.0044,0.6002
CLUBS FOUR DIAMONDS QUEEN,0.3412,0.4388,0.22
CLUBS FOUR HEARTS TWO,0.6666,0.0158,0.3176
CLUBS SEVEN DIAMONDS QUEEN,0.2636,0.2832,0.4532
CLUBS SEVEN HEARTS TWO,0.6418,0.0142,0.344
SPADES EIGHT HEARTS QUEEN,0.2754,0.2082,0.5164
CLUBS SIX DIAMONDS QUEEN,0.2614,0.3638,0.3748
CLUBS SIX HEARTS TWO,0.644,0.0126,0.3434
SPADES EIGHT HEARTS KING,0.3864,0.0074,0.6062
HEARTS TWO SPADES SIX,0.6576,0.013,0.3294
DIAMONDS QUEEN SPADES SIX,0.276,0.3402,0.3838
DIAMONDS QUEEN SPADES SEVEN,0.2794,0.288,0.4326
HEARTS TWO SPADES SEVEN,0.6634,0.011,0.3256
HEARTS FOUR CLUBS KING,0.4168,0.0078,0.5754
DIAMONDS ACE CLUBS KING,0.3516,0.0052,0.6432
DIAMONDS QUEEN SPADES EIGHT,0.2916,0.2008,0.5076
SPADES EIGHT HEARTS TWO,0.6574,0.01,0.3326
HEARTS FOUR CLUBS ACE,0.4034,0.0036,0.593
DIAMONDS ACE CLUBS ACE,0.1564,0.0042,0.8394
SPADES NINE DIAMONDS QUEEN,0.2858,0.1506,0.5636
SPADES NINE HEARTS TWO,0.6546,0.0108,0.3346
HEARTS TWO SPADES TWO,0.4698,0.0314,0.4988
DIAMONDS QUEEN SPADES TWO,0.3686,0.4294,0.202
HEARTS TWO SPADES THREE,0.6708,0.0132,0.316
DIAMONDS QUEEN SPADES THREE,0.3564,0.4314,0.2122
HEARTS TWO SPADES FOUR,0.6642,0.0176,0.3182
DIAMONDS QUEEN SPADES FOUR,0.3638,0.4286,0.2076
HEARTS FOUR CLUBS TEN,0.649,0.0132,0.3378
CLUBS TEN DIAMONDS ACE,0.3714,0.005,0.6236
HEARTS TWO SPADES FIVE,0.7198,0.0464,0.2338
DIAMONDS QUEEN SPADES FIVE,0.0708,0.9094,0.0198
HEARTS FOUR CLUBS JACK,0.6536,0.0124,0.334
DIAMONDS ACE CLUBS JACK,0.3786,0.005,0.6164
SPADES KING CLUBS JACK,0.3652,0.007,0.6278
SPADES QUEEN CLUBS JACK,0.2694,0.085,0.6456
SPADES ACE CLUBS JACK,0.3724,0.0032,0.6244
SPADES SIX CLUBS KING,0.3908,0.0082,0.601
SPADES EIGHT HEARTS JACK,0.6004,0.0108,0.3888
SPADES SIX CLUBS ACE,0.3888,0.0058,0.6054
SPADES EIGHT HEARTS TEN,0.5882,0.0114,0.4004
SPADES SIX CLUBS JACK,0.621,0.012,0.367
CLUBS TEN SPADES SIX,0.6042,0.0132,0.3826
SPADES TEN CLUBS JACK,0.5578,0.0102,0.432
SPADES JACK CLUBS JACK,0.3258,0.0098,0.6644
SPADES QUEEN CLUBS SEVEN,0.2742,0.2818,0.444
SPADES KING CLUBS SEVEN,0.3972,0.0096,0.5932
SPADES ACE CLUBS SEVEN,0.3916,0.0062,0.6022
SPADES SIX HEARTS TEN,0.6106,0.013,0.3764
SPADES SIX HEARTS JACK,0.6318,0.0114,0.3568
SPADES SIX HEARTS ACE,0.406,0.0042,0.5898
SPADES SIX HEARTS KING,0.4084,0.0072,0.5844
SPADES SIX HEARTS QUEEN,0.2704,0.3494,0.3802
CLUBS SEVEN SPADES JACK,0.6006,0.0086,0.3908
CLUBS SEVEN SPADES TEN,0.5922,0.0102,0.3976
CLUBS TEN HEARTS SIX,0.6012,0.0118,0.387
HEARTS SIX CLUBS JACK,0.63,0.009,0.361
CLUBS ACE CLUBS JACK,0.3322,0.0072,0.6606
HEARTS SIX CLUBS KING,0.398,0.0078,0.5942
HEARTS SIX CLUBS ACE,0.3768,0.0062,0.617
CLUBS KING CLUBS JACK,0.338,0.0086,0.6534
DIAMONDS THREE HEARTS ACE,0.4276,0.0048,0.5676
DIAMONDS THREE HEARTS QUEEN,0.358,0.437,0.205
DIAMONDS THREE HEARTS KING,0.4354,0.0074,0.5572
SPADES TEN DIAMONDS ACE,0.3972,0.005,0.5978
HEARTS FOUR SPADES TEN,0.6462,0.012,0.3418
HEARTS FOUR SPADES JACK,0.643,0.0076,0.3494
SPADES JACK DIAMONDS ACE,0.3998,0.004,0.5962
SPADES ACE HEARTS FOUR,0.4308,0.0036,0.5656
SPADES ACE DIAMONDS ACE,0.1708,0.0034,0.8258
HEARTS FOUR SPADES QUEEN,0.3492,0.4456,0.2052
SPADES QUEEN DIAMONDS ACE,0.2676,0.018,0.7144
SPADES FOUR CLUBS JACK,0.6456,0.0108,0.3436
SPADES KING DIAMONDS ACE,0.3506,0.0048,0.6446
HEARTS FOUR SPADES KING,0.4332,0.0086,0.5582
CLUBS TEN SPADES FOUR,0.6422,0.0112,0.3466
DIAMONDS QUEEN DIAMONDS ACE,0.2586,0.0202,0.7212
HEARTS TWO DIAMONDS ACE,0.4242,0.0052,0.5706
HEARTS FOUR DIAMONDS QUEEN,0.36,0.4306,0.2094
HEARTS FOUR HEARTS TWO,0.6324,0.0126,0.355
DIAMONDS THREE HEARTS TEN,0.6438,0.0124,0.3438
SPADES FOUR CLUBS KING,0.4236,0.0066,0.5698
HEARTS FIVE DIAMONDS QUEEN,0.0696,0.9082,0.0222
HEARTS FIVE HEARTS TWO,0.677,0.0412,0.2818
DIAMONDS THREE HEARTS JACK,0.6524,0.0122,0.3354
DIAMONDS QUEEN HEARTS TWO,0.361,0.4348,0.2042
DIAMONDS KING DIAMONDS QUEEN,0.2596,0.0274,0.713
DIAMONDS KING HEARTS TWO,0.4294,0.0074,0.5632
HEARTS THREE DIAMONDS QUEEN,0.3746,0.4248,0.2006
HEARTS THREE HEARTS TWO,0.6302,0.0142,0.3556
SPADES FOUR CLUBS ACE,0.4146,0.0048,0.5806
HEARTS TWO CLUBS ACE,0.4128,0.0056,0.5816
DIAMONDS QUEEN CLUBS ACE,0.27,0.0188,0.7112
HEARTS TWO CLUBS KING,0.4376,0.008,0.5544
DIAMONDS QUEEN CLUBS KING,0.2694,0.029,0.7016
SPADES EIGHT SPADES FIVE,0.6586,0.0442,0.2972
CLUBS TEN HEARTS TWO,0.6304,0.0134,0.3562
CLUBS TEN DIAMONDS QUEEN,0.2652,0.1178,0.617
SPADES NINE SPADES FIVE,0.669,0.0438,0.2872
HEARTS TWO CLUBS JACK,0.6334,0.0134,0.3532
DIAMONDS QUEEN CLUBS JACK,0.2646,0.0932,0.6422
SPADES SIX SPADES FIVE,0.642,0.0436,0.3144
SPADES SEVEN SPADES FIVE,0.6474,0.0414,0.3112
SPADES EIGHT CLUBS ACE,0.388,0.005,0.607
DIAMONDS FIVE CLUBS KING,0.262,0.0386,0.6994
SPADES EIGHT CLUBS KING,0.3834,0.0066,0.61
DIAMONDS FIVE CLUBS ACE,0.268,0.03,0.702
SPADES EIGHT CLUBS JACK,0.5856,0.0122,0.4022
CLUBS TEN SPADES EIGHT,0.5912,0.0126,0.3962
CLUBS TEN DIAMONDS FIVE,0.7236,0.0438,0.2326
DIAMONDS FIVE CLUBS JACK,0.7288,0.0498,0.2214
HEARTS JACK DIAMONDS TEN,0.565,0.0098,0.4252
DIAMONDS TEN HEARTS TEN,0.3282,0.0134,0.6584
SPADES ACE CLUBS NINE,0.4124,0.0042,0.5834
CLUBS NINE SPADES QUEEN,0.2608,0.1648,0.5744
CLUBS NINE SPADES KING,0.384,0.007,0.609
HEARTS SIX HEARTS KING,0.392,0.0074,0.6006
DIAMONDS KING SPADES SEVEN,0.3914,0.0074,0.6012
HEARTS THREE SPADES SEVEN,0.6528,0.0132,0.334
SPADES KING DIAMONDS SEVEN,0.4068,0.005,0.5882
HEARTS SIX HEARTS QUEEN,0.2618,0.3402,0.398
SPADES QUEEN DIAMONDS SEVEN,0.267,0.2942,0.4388
HEARTS THREE SPADES SIX,0.646,0.0124,0.3416
DIAMONDS KING SPADES SIX,0.4026,0.006,0.5914
DIAMONDS KING SPADES NINE,0.3946,0.0078,0.5976
HEARTS THREE SPADES NINE,0.6566,0.014,0.3294
HEARTS SIX HEARTS ACE,0.3854,0.0042,0.6104
DIAMONDS KING SPADES EIGHT,0.4004,0.0068,0.5928
HEARTS THREE SPADES EIGHT,0.654,0.0138,0.3322
SPADES ACE DIAMONDS SEVEN,0.413,0.0052,0.5818
CLUBS NINE HEARTS THREE,0.6464,0.011,0.3426
CLUBS NINE DIAMONDS KING,0.3886,0.0078,0.6036
HEARTS THREE CLUBS EIGHT,0.6552,0.0166,0.3282
CLUBS EIGHT DIAMONDS KING,0.4022,0.0066,0.5912
HEARTS THREE SPADES THREE,0.4578,0.0282,0.514
DIAMONDS KING SPADES THREE,0.4134,0.008,0.5786
HEARTS THREE SPADES TWO,0.6602,0.0152,0.3246
DIAMONDS KING SPADES TWO,0.449,0.0086,0.5424
HEARTS THREE SPADES FIVE,0.6948,0.0512,0.254
DIAMONDS KING SPADES FIVE,0.294,0.039,0.667
HEARTS THREE SPADES FOUR,0.6494,0.0136,0.337
DIAMONDS KING SPADES FOUR,0.4258,0.0068,0.5674
