opposingHand,winningChance,drawChance,lostChance
CLUBS THREE SPADES FIVE
SPADES NINE CLUBS QUEEN,0.343,0.0102,0.6468
CLUBS SIX DIAMONDS JACK,0.365,0.0214,0.6136
HEARTS FIVE CLUBS FIVE,0.093,0.13,0.777
SPADES KING DIAMONDS EIGHT,0.3632,0.007,0.6298
HEARTS FIVE DIAMONDS EIGHT,0.258,0.1468,0.5952
HEARTS FOUR DIAMONDS SEVEN,0.367,0.1016,0.5314
DIAMONDS NINE HEARTS NINE,0.1746,0.0764,0.749
CLUBS EIGHT CLUBS QUEEN,0.3484,0.0128,0.6388
DIAMONDS TWO DIAMONDS JACK,0.403,0.0204,0.5766
SPADES NINE HEARTS JACK,0.3616,0.018,0.6204
SPADES ACE DIAMONDS JACK,0.3546,0.0034,0.642
SPADES QUEEN SPADES TEN,0.3456,0.013,0.6414
HEARTS FOUR SPADES SEVEN,0.363,0.102,0.535
HEARTS SIX CLUBS JACK,0.3564,0.0194,0.6242
DIAMONDS TWO HEARTS QUEEN,0.4058,0.012,0.5822
CLUBS FIVE CLUBS FOUR,0.215,0.4884,0.2966
SPADES TEN CLUBS SIX,0.344,0.0302,0.6258
DIAMONDS NINE SPADES TWO,0.421,0.0456,0.5334
SPADES NINE HEARTS EIGHT,0.3326,0.0424,0.625
CLUBS TEN DIAMONDS TEN,0.1662,0.0634,0.7704
SPADES JACK DIAMONDS QUEEN,0.3568,0.01,0.6332
SPADES SEVEN HEARTS TEN,0.3638,0.0258,0.6104
CLUBS TEN CLUBS TWO,0.4056,0.03,0.5644
CLUBS FIVE DIAMONDS NINE,0.2634,0.1216,0.615
SPADES JACK CLUBS SIX,0.355,0.0186,0.6264
SPADES KING SPADES THREE,0.2696,0.0316,0.6988
HEARTS FOUR SPADES TWO,0.433,0.2364,0.3306
SPADES QUEEN CLUBS ACE,0.362,0.0046,0.6334
SPADES THREE CLUBS QUEEN,0.2756,0.0436,0.6808
SPADES TWO DIAMONDS EIGHT,0.4166,0.0776,0.5058
SPADES EIGHT SPADES TWO,0.404,0.0672,0.5288
CLUBS TEN SPADES THREE,0.2796,0.0772,0.6432
CLUBS TWO DIAMONDS SEVEN,0.4076,0.1086,0.4838
DIAMONDS QUEEN CLUBS ACE,0.3628,0.0044,0.6328
DIAMONDS THREE CLUBS JACK,0.2846,0.0578,0.6576
SPADES THREE HEARTS JACK,0.284,0.0624,0.6536
SPADES FOUR DIAMONDS NINE,0.3972,0.0504,0.5524
HEARTS QUEEN HEARTS JACK,0.34,0.0104,0.6496
SPADES ACE HEARTS JACK,0.3572,0.0046,0.6382
HEARTS KING CLUBS JACK,0.351,0.0068,0.6422
SPADES TEN SPADES SEVEN,0.3424,0.0284,0.6292
HEARTS TWO DIAMONDS SEVEN,0.4036,0.1082,0.4882
HEARTS SIX HEARTS TWO,0.3812,0.1548,0.464
SPADES QUEEN HEARTS QUEEN,0.1678,0.0342,0.798
HEARTS QUEEN HEARTS EIGHT,0.3386,0.0104,0.651
SPADES ACE SPADES FOUR,0.3508,0.0066,0.6426
SPADES SIX HEARTS TEN,0.3476,0.0304,0.622
CLUBS NINE DIAMONDS EIGHT,0.3422,0.0316,0.6262
CLUBS TEN DIAMONDS THREE,0.2768,0.082,0.6412
HEARTS TWO HEARTS QUEEN,0.395,0.0122,0.5928
SPADES ACE CLUBS SIX,0.3486,0.0054,0.646
CLUBS SIX DIAMONDS SEVEN,0.332,0.0922,0.5758
HEARTS QUEEN DIAMONDS SIX,0.3674,0.0136,0.619
SPADES KING CLUBS FOUR,0.3752,0.0082,0.6166
DIAMONDS SIX DIAMONDS FOUR,0.3324,0.1556,0.512
DIAMONDS KING HEARTS TEN,0.3676,0.0078,0.6246
HEARTS SIX DIAMONDS JACK,0.3508,0.0172,0.632
HEARTS KING CLUBS KING,0.1568,0.022,0.8212
SPADES TWO DIAMONDS SIX,0.3864,0.1632,0.4504
HEARTS FOUR CLUBS FOUR,0.2274,0.1468,0.6258
HEARTS SIX HEARTS JACK,0.3448,0.0176,0.6376
SPADES FOUR HEARTS NINE,0.4002,0.0434,0.5564
CLUBS NINE HEARTS TEN,0.3344,0.0246,0.641
CLUBS TWO HEARTS JACK,0.4384,0.0214,0.5402
CLUBS NINE HEARTS SEVEN,0.3378,0.042,0.6202
HEARTS TWO HEARTS NINE,0.383,0.0446,0.5724
DIAMONDS THREE CLUBS QUEEN,0.2622,0.0418,0.696
DIAMONDS QUEEN HEARTS TEN,0.3582,0.0088,0.633
SPADES ACE SPADES JACK,0.34,0.0064,0.6536
DIAMONDS KING SPADES FOUR,0.3768,0.008,0.6152
DIAMONDS TWO SPADES NINE,0.4182,0.0478,0.534
SPADES TWO DIAMONDS FOUR,0.425,0.2422,0.3328
SPADES KING HEARTS JACK,0.352,0.0074,0.6406
SPADES QUEEN CLUBS FIVE,0.2572,0.054,0.6888
SPADES SIX DIAMONDS NINE,0.3472,0.0504,0.6024
SPADES ACE CLUBS EIGHT,0.3576,0.0032,0.6392
SPADES KING CLUBS NINE,0.3584,0.0082,0.6334
CLUBS ACE HEARTS NINE,0.3616,0.0032,0.6352
CLUBS ACE DIAMONDS SEVEN,0.3534,0.0068,0.6398
HEARTS FIVE SPADES EIGHT,0.251,0.1548,0.5942
SPADES TEN SPADES FOUR,0.3768,0.0278,0.5954
SPADES JACK CLUBS FIVE,0.256,0.069,0.675
HEARTS TWO HEARTS SEVEN,0.4094,0.0972,0.4934
SPADES FOUR SPADES TWO,0.4102,0.233,0.3568
DIAMONDS ACE DIAMONDS FIVE,0.2378,0.0254,0.7368
HEARTS TWO DIAMONDS QUEEN,0.4164,0.0118,0.5718
SPADES ACE DIAMONDS ACE,0.1478,0.0022,0.85
CLUBS TWO DIAMONDS FOUR,0.4244,0.2496,0.326
DIAMONDS SEVEN HEARTS NINE,0.3432,0.0362,0.6206
DIAMONDS SEVEN DIAMONDS FOUR,0.3404,0.1002,0.5594
HEARTS FIVE DIAMONDS KING,0.2858,0.0386,0.6756
DIAMONDS JACK DIAMONDS NINE,0.3362,0.0146,0.6492
DIAMONDS TEN DIAMONDS SIX,0.3336,0.0372,0.6292
DIAMONDS TWO DIAMONDS QUEEN,0.3914,0.0156,0.593
DIAMONDS JACK SPADES TWO,0.4256,0.0186,0.5558
CLUBS TEN HEARTS ACE,0.3454,0.004,0.6506
SPADES JACK DIAMONDS EIGHT,0.3612,0.017,0.6218
CLUBS NINE CLUBS EIGHT,0.3286,0.0406,0.6308
HEARTS FIVE SPADES SIX,0.2322,0.2798,0.488
CLUBS TEN SPADES QUEEN,0.3486,0.0106,0.6408
SPADES ACE DIAMONDS SEVEN,0.3526,0.005,0.6424
CLUBS EIGHT DIAMONDS EIGHT,0.1606,0.1002,0.7392
SPADES EIGHT CLUBS KING,0.3596,0.0072,0.6332
DIAMONDS JACK DIAMONDS SEVEN,0.3446,0.0206,0.6348
CLUBS ACE CLUBS QUEEN,0.341,0.005,0.654
SPADES QUEEN CLUBS SIX,0.3472,0.0148,0.638
CLUBS FIVE DIAMONDS FOUR,0.22,0.503,0.277
DIAMONDS KING HEARTS ACE,0.3536,0.0052,0.6412
HEARTS ACE DIAMONDS FOUR,0.3734,0.0036,0.623
CLUBS TEN DIAMONDS FOUR,0.3898,0.0308,0.5794
DIAMONDS TWO CLUBS JACK,0.41,0.021,0.569
CLUBS TWO SPADES SIX,0.4028,0.1618,0.4354
HEARTS FOUR CLUBS FIVE,0.2016,0.5308,0.2676
DIAMONDS THREE SPADES TEN,0.2802,0.0758,0.644
CLUBS NINE CLUBS FOUR,0.3732,0.0424,0.5844
SPADES TEN DIAMONDS QUEEN,0.352,0.012,0.636
SPADES SEVEN DIAMONDS QUEEN,0.3478,0.011,0.6412
HEARTS ACE HEARTS NINE,0.3432,0.005,0.6518
SPADES ACE DIAMONDS SIX,0.352,0.0058,0.6422
CLUBS FIVE DIAMONDS QUEEN,0.2782,0.0528,0.669
HEARTS TWO DIAMONDS EIGHT,0.4206,0.0704,0.509
CLUBS NINE DIAMONDS QUEEN,0.3514,0.012,0.6366
SPADES ACE HEARTS FIVE,0.2546,0.0234,0.722
HEARTS TEN HEARTS EIGHT,0.3208,0.0212,0.658
CLUBS TEN DIAMONDS JACK,0.3548,0.0174,0.6278
CLUBS NINE CLUBS KING,0.3452,0.008,0.6468
DIAMONDS SIX CLUBS JACK,0.3682,0.021,0.6108
DIAMONDS TWO HEARTS TWO,0.3382,0.1536,0.5082
CLUBS NINE CLUBS ACE,0.3538,0.0034,0.6428
SPADES KING CLUBS SIX,0.3512,0.0108,0.638
DIAMONDS KING HEARTS SEVEN,0.3676,0.0098,0.6226
CLUBS SIX DIAMONDS NINE,0.3458,0.0458,0.6084
SPADES NINE DIAMONDS FOUR,0.3818,0.0446,0.5736
HEARTS THREE DIAMONDS NINE,0.2704,0.1086,0.621
HEARTS SIX SPADES TWO,0.4002,0.1644,0.4354
CLUBS TWO DIAMONDS TEN,0.4182,0.0328,0.549
HEARTS SEVEN DIAMONDS FOUR,0.3668,0.1032,0.53
SPADES ACE DIAMONDS FOUR,0.3602,0.005,0.6348
CLUBS NINE DIAMONDS TWO,0.4034,0.0464,0.5502
SPADES ACE SPADES KING,0.3418,0.0058,0.6524
DIAMONDS TEN HEARTS SEVEN,0.3558,0.0288,0.6154
CLUBS FOUR DIAMONDS FIVE,0.2186,0.5054,0.276
HEARTS FIVE HEARTS ACE,0.245,0.0244,0.7306
HEARTS EIGHT HEARTS SEVEN,0.3176,0.057,0.6254
CLUBS EIGHT CLUBS JACK,0.3174,0.0184,0.6642
CLUBS TEN HEARTS KING,0.344,0.008,0.648
HEARTS FOUR HEARTS TWO,0.3934,0.2406,0.366
SPADES QUEEN DIAMONDS SEVEN,0.3576,0.0134,0.629
SPADES SIX HEARTS EIGHT,0.3338,0.065,0.6012
SPADES EIGHT DIAMONDS JACK,0.3572,0.0214,0.6214
DIAMONDS THREE CLUBS FIVE,0.0088,0.9682,0.023
CLUBS NINE DIAMONDS JACK,0.3482,0.0162,0.6356
HEARTS FIVE DIAMONDS NINE,0.2752,0.1164,0.6084
SPADES KING HEARTS TWO,0.4126,0.0102,0.5772
SPADES QUEEN HEARTS KING,0.348,0.0088,0.6432
CLUBS FIVE DIAMONDS SIX,0.2444,0.2604,0.4952
SPADES JACK HEARTS JACK,0.1726,0.0556,0.7718
CLUBS EIGHT HEARTS TEN,0.3348,0.025,0.6402
HEARTS SIX SPADES QUEEN,0.3648,0.012,0.6232
SPADES ACE SPADES NINE,0.3456,0.0048,0.6496
CLUBS EIGHT SPADES TEN,0.3428,0.0276,0.6296
SPADES EIGHT HEARTS TEN,0.3446,0.0288,0.6266
CLUBS TEN HEARTS THREE,0.2748,0.0756,0.6496
HEARTS ACE DIAMONDS NINE,0.3648,0.0056,0.6296
CLUBS SEVEN HEARTS THREE,0.2584,0.2032,0.5384
HEARTS THREE HEARTS SEVEN,0.2386,0.1948,0.5666
CLUBS FIVE SPADES SIX,0.2346,0.2762,0.4892
DIAMONDS TWO SPADES TWO,0.3424,0.1544,0.5032
CLUBS SEVEN DIAMONDS FIVE,0.2456,0.1994,0.555
HEARTS TWO CLUBS TWO,0.3462,0.1574,0.4964
HEARTS FIVE SPADES FOUR,0.2146,0.5204,0.265
SPADES SIX DIAMONDS FIVE,0.248,0.266,0.486
HEARTS ACE HEARTS SEVEN,0.3426,0.0038,0.6536
DIAMONDS KING CLUBS JACK,0.3572,0.008,0.6348
DIAMONDS JACK HEARTS JACK,0.1668,0.0448,0.7884
SPADES KING HEARTS TEN,0.3468,0.009,0.6442
SPADES NINE DIAMONDS EIGHT,0.3404,0.0376,0.622
CLUBS SIX DIAMONDS QUEEN,0.3586,0.0126,0.6288
CLUBS TWO DIAMONDS NINE,0.424,0.0444,0.5316
DIAMONDS KING HEARTS NINE,0.3742,0.006,0.6198
CLUBS TEN CLUBS EIGHT,0.3338,0.0302,0.636
HEARTS SIX SPADES JACK,0.3476,0.022,0.6304
HEARTS TWO SPADES THREE,0.4084,0.388,0.2036
HEARTS FOUR HEARTS ACE,0.3544,0.003,0.6426
DIAMONDS TWO HEARTS EIGHT,0.4004,0.0644,0.5352
DIAMONDS JACK CLUBS QUEEN,0.3502,0.0126,0.6372
CLUBS SEVEN DIAMONDS KING,0.349,0.0084,0.6426
CLUBS SIX HEARTS JACK,0.351,0.0222,0.6268
HEARTS QUEEN DIAMONDS FOUR,0.3854,0.0144,0.6002
HEARTS TWO CLUBS KING,0.416,0.0104,0.5736
DIAMONDS THREE SPADES FOUR,0.4022,0.3778,0.22
CLUBS SIX HEARTS ACE,0.3466,0.0044,0.649
DIAMONDS THREE HEARTS TEN,0.2812,0.0738,0.645
HEARTS SIX SPADES FOUR,0.349,0.1484,0.5026
DIAMONDS JACK DIAMONDS FIVE,0.255,0.0646,0.6804
SPADES EIGHT DIAMONDS FIVE,0.2524,0.1528,0.5948
CLUBS TEN SPADES JACK,0.3392,0.0132,0.6476
CLUBS SEVEN HEARTS QUEEN,0.365,0.0112,0.6238
SPADES THREE SPADES TWO,0.3968,0.3524,0.2508
CLUBS FOUR HEARTS QUEEN,0.3676,0.0122,0.6202
HEARTS KING HEARTS QUEEN,0.3418,0.0068,0.6514
SPADES TEN CLUBS ACE,0.3482,0.0056,0.6462
SPADES TEN SPADES THREE,0.2692,0.0746,0.6562
CLUBS TWO DIAMONDS JACK,0.4156,0.0262,0.5582
SPADES FOUR HEARTS EIGHT,0.3736,0.0656,0.5608
HEARTS ACE DIAMONDS JACK,0.363,0.004,0.633
DIAMONDS EIGHT CLUBS ACE,0.3504,0.0054,0.6442
CLUBS NINE DIAMONDS NINE,0.1684,0.0842,0.7474
SPADES EIGHT CLUBS TWO,0.4082,0.0722,0.5196
DIAMONDS KING SPADES THREE,0.2848,0.026,0.6892
SPADES QUEEN CLUBS FOUR,0.3792,0.0138,0.607
SPADES NINE SPADES EIGHT,0.3236,0.0384,0.638
SPADES ACE DIAMONDS TEN,0.3506,0.0054,0.644
DIAMONDS THREE SPADES THREE,0.2598,0.1172,0.623
HEARTS QUEEN DIAMONDS EIGHT,0.3562,0.0122,0.6316
SPADES JACK DIAMONDS SIX,0.3626,0.0216,0.6158
DIAMONDS ACE DIAMONDS KING,0.3424,0.0046,0.653
DIAMONDS TWO CLUBS SEVEN,0.3996,0.1108,0.4896
CLUBS SIX SPADES SEVEN,0.3206,0.0916,0.5878
DIAMONDS KING SPADES SIX,0.3506,0.0096,0.6398
HEARTS THREE DIAMONDS QUEEN,0.2786,0.041,0.6804
HEARTS FOUR SPADES SIX,0.3474,0.1584,0.4942
SPADES THREE DIAMONDS EIGHT,0.2804,0.1476,0.572
DIAMONDS JACK SPADES THREE,0.28,0.0558,0.6642
HEARTS QUEEN HEARTS SEVEN,0.3478,0.0122,0.64
HEARTS TWO SPADES TWO,0.3454,0.1614,0.4932
DIAMONDS THREE SPADES QUEEN,0.278,0.0412,0.6808
CLUBS TEN CLUBS ACE,0.3376,0.0056,0.6568
DIAMONDS FIVE CLUBS JACK,0.2716,0.0604,0.668
SPADES ACE HEARTS EIGHT,0.367,0.004,0.629
SPADES TWO CLUBS KING,0.414,0.0104,0.5756
DIAMONDS TWO HEARTS THREE,0.4132,0.3708,0.216
HEARTS THREE HEARTS TWO,0.3946,0.3404,0.265
SPADES ACE DIAMONDS EIGHT,0.3568,0.0038,0.6394
CLUBS KING CLUBS JACK,0.3338,0.0108,0.6554
HEARTS SIX CLUBS FIVE,0.2292,0.2736,0.4972
SPADES SIX HEARTS QUEEN,0.3568,0.0146,0.6286
CLUBS FOUR DIAMONDS JACK,0.393,0.0196,0.5874
CLUBS FOUR SPADES THREE,0.3942,0.3826,0.2232
CLUBS FOUR DIAMONDS SEVEN,0.3566,0.1042,0.5392
CLUBS FIVE SPADES TWO,0.2632,0.5264,0.2104
HEARTS FOUR DIAMONDS FOUR,0.2262,0.1454,0.6284
DIAMONDS JACK CLUBS JACK,0.1662,0.0494,0.7844
HEARTS KING CLUBS ACE,0.3648,0.005,0.6302
SPADES KING SPADES TEN,0.3326,0.008,0.6594
SPADES KING SPADES TWO,0.3942,0.008,0.5978
DIAMONDS NINE HEARTS SEVEN,0.3546,0.0442,0.6012
SPADES QUEEN CLUBS TWO,0.405,0.016,0.579
HEARTS FIVE CLUBS JACK,0.2616,0.0708,0.6676
CLUBS SIX DIAMONDS FIVE,0.2304,0.2746,0.495
SPADES QUEEN DIAMONDS FOUR,0.3806,0.0132,0.6062
SPADES EIGHT SPADES THREE,0.264,0.1506,0.5854
SPADES FOUR DIAMONDS FOUR,0.2196,0.1438,0.6366
DIAMONDS EIGHT CLUBS QUEEN,0.3624,0.012,0.6256
DIAMONDS TEN HEARTS JACK,0.3524,0.012,0.6356
CLUBS SIX HEARTS SEVEN,0.314,0.0962,0.5898
HEARTS TWO DIAMONDS FIVE,0.263,0.5116,0.2254
SPADES QUEEN DIAMONDS FIVE,0.269,0.0518,0.6792
CLUBS SEVEN CLUBS SIX,0.3122,0.0908,0.597
HEARTS JACK HEARTS NINE,0.3326,0.0144,0.653
SPADES NINE HEARTS QUEEN,0.3638,0.011,0.6252
SPADES KING SPADES FOUR,0.364,0.0096,0.6264
SPADES NINE DIAMONDS SIX,0.3506,0.0414,0.608
DIAMONDS NINE DIAMONDS EIGHT,0.3264,0.0372,0.6364
CLUBS NINE HEARTS NINE,0.1724,0.0768,0.7508
HEARTS TWO SPADES EIGHT,0.4062,0.0778,0.516
SPADES TEN CLUBS FIVE,0.2534,0.0844,0.6622
CLUBS ACE DIAMONDS FOUR,0.36,0.0056,0.6344
HEARTS TWO HEARTS EIGHT,0.3848,0.0616,0.5536
CLUBS EIGHT SPADES EIGHT,0.1582,0.0952,0.7466
CLUBS KING DIAMONDS SIX,0.3672,0.0056,0.6272
CLUBS SEVEN DIAMONDS TEN,0.355,0.0276,0.6174
HEARTS QUEEN DIAMONDS NINE,0.3668,0.0124,0.6208
DIAMONDS THREE CLUBS KING,0.2772,0.026,0.6968
HEARTS SIX DIAMONDS TWO,0.4028,0.1642,0.433
CLUBS TEN CLUBS SIX,0.3494,0.0232,0.6274
HEARTS FOUR CLUBS QUEEN,0.3886,0.0146,0.5968
HEARTS NINE DIAMONDS SIX,0.3552,0.042,0.6028
SPADES JACK DIAMONDS SEVEN,0.3726,0.0176,0.6098
HEARTS FOUR HEARTS JACK,0.367,0.0194,0.6136
CLUBS NINE DIAMONDS FIVE,0.266,0.1176,0.6164
SPADES ACE DIAMONDS KING,0.3636,0.005,0.6314
SPADES ACE DIAMONDS THREE,0.251,0.0178,0.7312
HEARTS THREE CLUBS KING,0.2752,0.0302,0.6946
CLUBS FIVE DIAMONDS TEN,0.2576,0.0832,0.6592
SPADES TWO DIAMONDS SEVEN,0.4114,0.1008,0.4878
DIAMONDS ACE DIAMONDS JACK,0.3382,0.0044,0.6574
CLUBS TEN HEARTS TEN,0.1626,0.0664,0.771
HEARTS FOUR CLUBS KING,0.3776,0.01,0.6124
SPADES ACE CLUBS KING,0.3474,0.0056,0.647
CLUBS TEN HEARTS FOUR,0.3774,0.0294,0.5932
SPADES FOUR HEARTS TEN,0.3748,0.0278,0.5974
CLUBS TEN CLUBS QUEEN,0.3374,0.0108,0.6518
CLUBS FOUR DIAMONDS KING,0.383,0.0084,0.6086
CLUBS EIGHT SPADES SIX,0.3336,0.0678,0.5986
CLUBS EIGHT HEARTS TWO,0.402,0.0706,0.5274
DIAMONDS KING DIAMONDS FIVE,0.2486,0.0346,0.7168
SPADES ACE SPADES EIGHT,0.343,0.0062,0.6508
DIAMONDS NINE HEARTS EIGHT,0.3592,0.038,0.6028
DIAMONDS QUEEN DIAMONDS FOUR,0.3684,0.0136,0.618
SPADES ACE CLUBS FIVE,0.2392,0.0274,0.7334
CLUBS FIVE SPADES SEVEN,0.2326,0.2076,0.5598
HEARTS THREE DIAMONDS SIX,0.243,0.2632,0.4938
CLUBS SIX DIAMONDS TEN,0.363,0.0322,0.6048
SPADES ACE SPADES SIX,0.3304,0.0062,0.6634
SPADES KING HEARTS NINE,0.3658,0.0098,0.6244
SPADES THREE HEARTS QUEEN,0.2858,0.0438,0.6704
SPADES EIGHT HEARTS KING,0.3498,0.0096,0.6406
HEARTS SIX HEARTS ACE,0.338,0.0056,0.6564
HEARTS THREE SPADES THREE,0.2602,0.119,0.6208
CLUBS EIGHT HEARTS KING,0.3676,0.009,0.6234
HEARTS SIX DIAMONDS EIGHT,0.3394,0.0674,0.5932
DIAMONDS NINE CLUBS KING,0.3672,0.0082,0.6246
DIAMONDS ACE CLUBS TWO,0.404,0.0062,0.5898
SPADES JACK DIAMONDS FIVE,0.267,0.0682,0.6648
CLUBS ACE CLUBS JACK,0.3424,0.0054,0.6522
CLUBS EIGHT CLUBS TWO,0.394,0.0642,0.5418
SPADES JACK SPADES NINE,0.3304,0.0176,0.652
CLUBS EIGHT DIAMONDS NINE,0.336,0.0368,0.6272
DIAMONDS THREE DIAMONDS QUEEN,0.2676,0.0396,0.6928
CLUBS SIX HEARTS TEN,0.352,0.0282,0.6198
DIAMONDS SIX CLUBS QUEEN,0.3674,0.014,0.6186
CLUBS TEN HEARTS EIGHT,0.3472,0.027,0.6258
HEARTS THREE HEARTS KING,0.267,0.0276,0.7054
DIAMONDS EIGHT CLUBS KING,0.3464,0.0098,0.6438
SPADES ACE HEARTS TWO,0.3948,0.0062,0.599
CLUBS EIGHT DIAMONDS KING,0.3516,0.0064,0.642
DIAMONDS TWO DIAMONDS EIGHT,0.383,0.0662,0.5508
HEARTS SIX SPADES SIX,0.1368,0.1302,0.733
CLUBS TEN HEARTS QUEEN,0.3494,0.0102,0.6404
SPADES SIX CLUBS KING,0.3518,0.011,0.6372
HEARTS TWO CLUBS QUEEN,0.4154,0.0156,0.569
CLUBS FIVE DIAMONDS EIGHT,0.25,0.1464,0.6036
SPADES KING HEARTS KING,0.1668,0.0164,0.8168
SPADES SEVEN DIAMONDS FOUR,0.3628,0.1068,0.5304
HEARTS ACE CLUBS JACK,0.359,0.004,0.637
HEARTS JACK CLUBS JACK,0.1656,0.0524,0.782
SPADES NINE DIAMONDS TEN,0.3408,0.0232,0.636
CLUBS SEVEN CLUBS JACK,0.3556,0.0206,0.6238
HEARTS FIVE HEARTS TEN,0.2468,0.0828,0.6704
DIAMONDS NINE HEARTS JACK,0.3582,0.0168,0.625
HEARTS FIVE DIAMONDS JACK,0.2728,0.0656,0.6616
SPADES QUEEN DIAMONDS SIX,0.3476,0.0108,0.6416
SPADES ACE SPADES SEVEN,0.341,0.0052,0.6538
HEARTS QUEEN CLUBS ACE,0.3654,0.0044,0.6302
CLUBS TWO HEARTS NINE,0.4026,0.0508,0.5466
CLUBS SEVEN HEARTS ACE,0.3568,0.004,0.6392
CLUBS SEVEN HEARTS JACK,0.3534,0.0186,0.628
CLUBS FIVE CLUBS TWO,0.2656,0.4804,0.254
SPADES JACK CLUBS SEVEN,0.344,0.0198,0.6362
DIAMONDS TEN SPADES THREE,0.2794,0.0742,0.6464
DIAMONDS TWO CLUBS FOUR,0.4134,0.2646,0.322
SPADES TEN HEARTS KING,0.3346,0.0074,0.658
DIAMONDS THREE CLUBS NINE,0.276,0.1116,0.6124
SPADES FOUR CLUBS KING,0.3694,0.0108,0.6198
HEARTS SIX DIAMONDS NINE,0.3532,0.0424,0.6044
DIAMONDS NINE DIAMONDS SIX,0.3258,0.0438,0.6304
SPADES SIX DIAMONDS SIX,0.1476,0.1234,0.729
SPADES SEVEN DIAMONDS FIVE,0.2422,0.209,0.5488
DIAMONDS TWO DIAMONDS NINE,0.3888,0.042,0.5692
HEARTS KING HEARTS EIGHT,0.3422,0.0078,0.65
DIAMONDS TWO SPADES FOUR,0.416,0.2682,0.3158
HEARTS JACK DIAMONDS SIX,0.3596,0.019,0.6214
DIAMONDS KING DIAMONDS FOUR,0.365,0.006,0.629
SPADES EIGHT CLUBS QUEEN,0.3522,0.0134,0.6344
CLUBS EIGHT HEARTS FOUR,0.3674,0.0678,0.5648
CLUBS FOUR HEARTS KING,0.3728,0.0116,0.6156
CLUBS TEN HEARTS FIVE,0.2662,0.0882,0.6456
HEARTS FOUR DIAMONDS TEN,0.3794,0.0294,0.5912
HEARTS FIVE SPADES TWO,0.2702,0.5226,0.2072
HEARTS THREE SPADES SIX,0.2522,0.277,0.4708
CLUBS TEN DIAMONDS KING,0.3384,0.0084,0.6532
HEARTS FOUR CLUBS SEVEN,0.358,0.108,0.534
HEARTS SIX DIAMONDS FOUR,0.3528,0.1652,0.482
SPADES NINE SPADES SIX,0.3438,0.0406,0.6156
CLUBS SEVEN SPADES SEVEN,0.1512,0.1164,0.7324
DIAMONDS NINE CLUBS ACE,0.3628,0.005,0.6322
DIAMONDS ACE HEARTS NINE,0.3726,0.004,0.6234
HEARTS FIVE CLUBS FOUR,0.2052,0.519,0.2758
CLUBS EIGHT SPADES TWO,0.4128,0.0676,0.5196
DIAMONDS TWO HEARTS KING,0.4092,0.0096,0.5812
SPADES TEN DIAMONDS KING,0.3462,0.007,0.6468
HEARTS THREE DIAMONDS SEVEN,0.274,0.19,0.536
CLUBS TEN SPADES NINE,0.337,0.0236,0.6394
SPADES FOUR DIAMONDS SEVEN,0.3714,0.1068,0.5218
DIAMONDS ACE SPADES THREE,0.2544,0.0164,0.7292
HEARTS JACK DIAMONDS SEVEN,0.357,0.0168,0.6262
SPADES ACE DIAMONDS NINE,0.3694,0.0032,0.6274
DIAMONDS TWO CLUBS ACE,0.402,0.0068,0.5912
HEARTS THREE CLUBS JACK,0.2694,0.055,0.6756
CLUBS NINE HEARTS EIGHT,0.3342,0.0354,0.6304
HEARTS TWO CLUBS FIVE,0.2646,0.5178,0.2176
SPADES THREE CLUBS JACK,0.2858,0.0522,0.662
SPADES JACK CLUBS JACK,0.1604,0.0454,0.7942
SPADES FOUR DIAMONDS FIVE,0.2142,0.5226,0.2632
SPADES KING HEARTS EIGHT,0.3654,0.0092,0.6254
CLUBS FIVE DIAMONDS KING,0.255,0.0394,0.7056
DIAMONDS TWO HEARTS TEN,0.4078,0.035,0.5572
SPADES SEVEN SPADES TWO,0.4032,0.1014,0.4954
DIAMONDS TEN HEARTS TEN,0.1768,0.0554,0.7678
SPADES ACE HEARTS SIX,0.3662,0.005,0.6288
HEARTS QUEEN HEARTS NINE,0.3332,0.0092,0.6576
DIAMONDS KING HEARTS QUEEN,0.3496,0.007,0.6434
CLUBS FOUR DIAMONDS EIGHT,0.3752,0.0738,0.551
SPADES KING DIAMONDS KING,0.164,0.0198,0.8162
SPADES TEN CLUBS JACK,0.3342,0.0164,0.6494
HEARTS FOUR DIAMONDS EIGHT,0.3686,0.0712,0.5602
HEARTS JACK CLUBS QUEEN,0.353,0.0074,0.6396
SPADES QUEEN SPADES NINE,0.337,0.0114,0.6516
SPADES EIGHT DIAMONDS EIGHT,0.168,0.0968,0.7352
HEARTS FIVE HEARTS JACK,0.2484,0.0656,0.686
HEARTS ACE SPADES FOUR,0.3692,0.0066,0.6242
CLUBS ACE CLUBS KING,0.3484,0.0064,0.6452
DIAMONDS THREE DIAMONDS FIVE,0.019,0.9164,0.0646
DIAMONDS FIVE HEARTS SEVEN,0.2598,0.1958,0.5444
SPADES QUEEN HEARTS SEVEN,0.3708,0.014,0.6152
DIAMONDS TWO DIAMONDS TEN,0.3878,0.0256,0.5866
CLUBS TEN HEARTS JACK,0.3422,0.0146,0.6432
HEARTS KING DIAMONDS NINE,0.359,0.0056,0.6354
DIAMONDS SEVEN DIAMONDS SIX,0.302,0.0918,0.6062
SPADES NINE CLUBS TWO,0.4138,0.0488,0.5374
SPADES ACE CLUBS TWO,0.3954,0.0078,0.5968
CLUBS SEVEN SPADES TWO,0.4064,0.1134,0.4802
HEARTS THREE SPADES TWO,0.4142,0.3748,0.211
HEARTS TWO SPADES SEVEN,0.4044,0.1056,0.49
DIAMONDS THREE HEARTS NINE,0.2814,0.1036,0.615
SPADES SIX DIAMONDS FOUR,0.3498,0.1696,0.4806
SPADES QUEEN SPADES JACK,0.3438,0.0112,0.645
CLUBS SEVEN DIAMONDS JACK,0.352,0.0206,0.6274
DIAMONDS ACE DIAMONDS QUEEN,0.3358,0.0038,0.6604
SPADES SIX DIAMONDS JACK,0.3576,0.0194,0.623
CLUBS SIX CLUBS TWO,0.388,0.1508,0.4612
HEARTS ACE DIAMONDS SIX,0.3564,0.0048,0.6388
DIAMONDS QUEEN CLUBS QUEEN,0.17,0.038,0.792
CLUBS QUEEN DIAMONDS FOUR,0.3732,0.0186,0.6082
DIAMONDS TWO CLUBS EIGHT,0.4048,0.069,0.5262
HEARTS ACE HEARTS TEN,0.331,0.005,0.664
DIAMONDS THREE HEARTS EIGHT,0.2716,0.134,0.5944
HEARTS FIVE SPADES SEVEN,0.246,0.203,0.551
SPADES SEVEN HEARTS JACK,0.3564,0.022,0.6216
HEARTS FIVE HEARTS NINE,0.2474,0.107,0.6456
CLUBS FIVE CLUBS JACK,0.2684,0.0688,0.6628
SPADES KING DIAMONDS TWO,0.4084,0.0112,0.5804
HEARTS FIVE CLUBS SEVEN,0.233,0.206,0.561
CLUBS TEN CLUBS NINE,0.3258,0.023,0.6512
SPADES EIGHT DIAMONDS SIX,0.3404,0.0686,0.591
SPADES ACE CLUBS JACK,0.3566,0.0034,0.64
CLUBS SIX DIAMONDS SIX,0.1412,0.1154,0.7434
CLUBS NINE DIAMONDS SIX,0.358,0.0438,0.5982
CLUBS QUEEN HEARTS EIGHT,0.3602,0.012,0.6278
DIAMONDS EIGHT DIAMONDS FIVE,0.2356,0.139,0.6254
DIAMONDS TEN CLUBS ACE,0.3592,0.004,0.6368
SPADES ACE DIAMONDS QUEEN,0.3456,0.0038,0.6506
CLUBS FIVE HEARTS KING,0.2612,0.0418,0.697
HEARTS SIX SPADES KING,0.356,0.0072,0.6368
SPADES KING DIAMONDS SEVEN,0.3608,0.0078,0.6314
HEARTS FIVE SPADES TEN,0.261,0.0848,0.6542
HEARTS FOUR SPADES THREE,0.4148,0.3782,0.207
SPADES SIX CLUBS ACE,0.3626,0.0062,0.6312
DIAMONDS KING HEARTS EIGHT,0.3808,0.0078,0.6114
DIAMONDS SEVEN HEARTS SEVEN,0.1642,0.1152,0.7206
HEARTS FIVE SPADES QUEEN,0.2532,0.0478,0.699
CLUBS TEN DIAMONDS EIGHT,0.3372,0.0272,0.6356
SPADES FOUR CLUBS JACK,0.3836,0.0226,0.5938
HEARTS TEN HEARTS SEVEN,0.343,0.0288,0.6282
CLUBS TWO CLUBS ACE,0.3824,0.0042,0.6134
CLUBS EIGHT HEARTS SEVEN,0.3408,0.0568,0.6024
DIAMONDS JACK DIAMONDS SIX,0.3456,0.016,0.6384
CLUBS NINE SPADES QUEEN,0.3532,0.014,0.6328
HEARTS FIVE SPADES NINE,0.2592,0.1142,0.6266
CLUBS NINE DIAMONDS TEN,0.3364,0.0226,0.641
HEARTS ACE DIAMONDS TEN,0.3504,0.0048,0.6448
CLUBS SIX HEARTS QUEEN,0.352,0.0134,0.6346
SPADES EIGHT HEARTS NINE,0.3306,0.0412,0.6282
HEARTS ACE SPADES THREE,0.2652,0.0206,0.7142
CLUBS FIVE SPADES THREE,0.0072,0.9848,0.008
SPADES NINE CLUBS JACK,0.3572,0.0172,0.6256
DIAMONDS TWO DIAMONDS FIVE,0.2496,0.4834,0.267
CLUBS NINE SPADES FOUR,0.3842,0.0474,0.5684
HEARTS FOUR DIAMONDS ACE,0.3616,0.005,0.6334
HEARTS TWO DIAMONDS ACE,0.414,0.0054,0.5806
HEARTS FOUR HEARTS EIGHT,0.357,0.0608,0.5822
DIAMONDS TWO SPADES EIGHT,0.4024,0.0658,0.5318
CLUBS TEN SPADES FOUR,0.3706,0.0308,0.5986
CLUBS TWO SPADES FOUR,0.4348,0.2426,0.3226
CLUBS SEVEN SPADES EIGHT,0.3272,0.0636,0.6092
CLUBS TWO DIAMONDS EIGHT,0.4236,0.0722,0.5042
SPADES ACE CLUBS SEVEN,0.3558,0.0062,0.638
SPADES SIX CLUBS QUEEN,0.3402,0.0154,0.6444
SPADES JACK CLUBS ACE,0.3476,0.0048,0.6476
SPADES TEN DIAMONDS JACK,0.3584,0.0144,0.6272
SPADES SIX HEARTS SEVEN,0.321,0.1002,0.5788
HEARTS TWO DIAMONDS TEN,0.4118,0.0302,0.558
DIAMONDS ACE DIAMONDS EIGHT,0.3344,0.005,0.6606
DIAMONDS KING SPADES TWO,0.4134,0.0102,0.5764
CLUBS SEVEN DIAMONDS EIGHT,0.3376,0.0594,0.603
CLUBS SEVEN SPADES NINE,0.3248,0.0462,0.629
SPADES KING DIAMONDS JACK,0.3566,0.0048,0.6386
HEARTS FOUR DIAMONDS QUEEN,0.3812,0.0142,0.6046
CLUBS FIVE HEARTS QUEEN,0.2604,0.05,0.6896
SPADES NINE DIAMONDS JACK,0.3534,0.0178,0.6288
CLUBS NINE DIAMONDS KING,0.3732,0.0096,0.6172
CLUBS SEVEN SPADES TEN,0.3374,0.031,0.6316
HEARTS KING SPADES THREE,0.2852,0.0348,0.68
SPADES QUEEN SPADES SEVEN,0.3442,0.014,0.6418
SPADES SEVEN SPADES THREE,0.2534,0.1964,0.5502
SPADES THREE CLUBS KING,0.2766,0.0282,0.6952
CLUBS SEVEN CLUBS QUEEN,0.3504,0.0132,0.6364
HEARTS NINE CLUBS QUEEN,0.3508,0.0124,0.6368
HEARTS SIX DIAMONDS SEVEN,0.3368,0.1002,0.563
SPADES QUEEN DIAMONDS QUEEN,0.163,0.0318,0.8052
DIAMONDS QUEEN HEARTS SEVEN,0.3714,0.0104,0.6182
DIAMONDS TWO HEARTS SEVEN,0.4128,0.109,0.4782
SPADES EIGHT HEARTS QUEEN,0.3584,0.0128,0.6288
CLUBS FIVE CLUBS ACE,0.241,0.027,0.732
SPADES ACE HEARTS TEN,0.3534,0.0066,0.64
DIAMONDS ACE SPADES FOUR,0.3846,0.006,0.6094
CLUBS TEN DIAMONDS FIVE,0.2538,0.0854,0.6608
DIAMONDS THREE CLUBS SEVEN,0.2614,0.1944,0.5442
DIAMONDS JACK HEARTS EIGHT,0.379,0.0138,0.6072
SPADES QUEEN HEARTS TEN,0.3472,0.0124,0.6404
DIAMONDS TEN HEARTS EIGHT,0.3558,0.0218,0.6224
SPADES KING CLUBS EIGHT,0.3476,0.0088,0.6436
DIAMONDS THREE SPADES JACK,0.281,0.0546,0.6644
CLUBS KING HEARTS EIGHT,0.3586,0.009,0.6324
SPADES FOUR HEARTS KING,0.3888,0.01,0.6012
SPADES TEN SPADES SIX,0.3458,0.0292,0.625
CLUBS TEN HEARTS TWO,0.412,0.0376,0.5504
DIAMONDS QUEEN CLUBS JACK,0.3628,0.0114,0.6258
CLUBS FIVE HEARTS JACK,0.265,0.0662,0.6688
SPADES JACK DIAMONDS JACK,0.1698,0.0556,0.7746
HEARTS FOUR CLUBS SIX,0.344,0.1678,0.4882
DIAMONDS JACK DIAMONDS FOUR,0.3592,0.017,0.6238
SPADES SEVEN DIAMONDS NINE,0.341,0.0398,0.6192
SPADES TEN DIAMONDS SIX,0.3454,0.032,0.6226
SPADES KING CLUBS QUEEN,0.3592,0.0098,0.631
SPADES JACK HEARTS ACE,0.3618,0.0054,0.6328
HEARTS SIX SPADES NINE,0.343,0.0484,0.6086
HEARTS EIGHT DIAMONDS FIVE,0.2496,0.1554,0.595
SPADES KING SPADES QUEEN,0.3394,0.0084,0.6522
DIAMONDS NINE CLUBS JACK,0.3496,0.0166,0.6338
SPADES NINE SPADES THREE,0.2664,0.0976,0.636
DIAMONDS TWO DIAMONDS KING,0.388,0.0112,0.6008
DIAMONDS QUEEN DIAMONDS JACK,0.3504,0.012,0.6376
DIAMONDS JACK SPADES FOUR,0.3826,0.0226,0.5948
CLUBS FOUR DIAMONDS QUEEN,0.391,0.0156,0.5934
DIAMONDS KING HEARTS KING,0.1836,0.0174,0.799
HEARTS ACE CLUBS KING,0.3672,0.0058,0.627
SPADES NINE DIAMONDS NINE,0.1598,0.0798,0.7604
HEARTS FIVE HEARTS EIGHT,0.2444,0.1412,0.6144
SPADES TEN CLUBS QUEEN,0.3394,0.0124,0.6482
SPADES TEN HEARTS ACE,0.3468,0.0052,0.648
DIAMONDS THREE HEARTS FIVE,0.0224,0.9552,0.0224
SPADES SEVEN CLUBS QUEEN,0.3698,0.013,0.6172
HEARTS KING HEARTS NINE,0.3538,0.0054,0.6408
DIAMONDS THREE DIAMONDS JACK,0.2682,0.0526,0.6792
SPADES EIGHT DIAMONDS KING,0.3568,0.0078,0.6354
HEARTS ACE CLUBS QUEEN,0.3444,0.006,0.6496
CLUBS SEVEN CLUBS TWO,0.3938,0.103,0.5032
SPADES EIGHT DIAMONDS QUEEN,0.3434,0.0134,0.6432
SPADES TEN HEARTS QUEEN,0.35,0.012,0.638
HEARTS NINE CLUBS JACK,0.3542,0.0178,0.628
HEARTS ACE SPADES TWO,0.3968,0.0066,0.5966
CLUBS QUEEN DIAMONDS FIVE,0.2682,0.0508,0.681
CLUBS SIX HEARTS NINE,0.338,0.0442,0.6178
SPADES NINE HEARTS ACE,0.355,0.0036,0.6414
HEARTS QUEEN CLUBS QUEEN,0.1708,0.0396,0.7896
HEARTS QUEEN CLUBS KING,0.3622,0.0058,0.632
SPADES NINE HEARTS TEN,0.3396,0.0234,0.637
SPADES KING CLUBS FIVE,0.2418,0.0372,0.721
SPADES QUEEN HEARTS JACK,0.3494,0.0108,0.6398
HEARTS FIVE SPADES JACK,0.2714,0.0686,0.66
DIAMONDS ACE DIAMONDS FOUR,0.3602,0.0062,0.6336
SPADES QUEEN HEARTS EIGHT,0.3466,0.0102,0.6432
DIAMONDS TWO DIAMONDS ACE,0.3794,0.0058,0.6148
DIAMONDS KING CLUBS ACE,0.3666,0.0062,0.6272
SPADES QUEEN HEARTS TWO,0.4032,0.017,0.5798
CLUBS SIX SPADES SIX,0.1276,0.132,0.7404
HEARTS SIX CLUBS NINE,0.3376,0.0422,0.6202
SPADES QUEEN SPADES THREE,0.2568,0.047,0.6962
DIAMONDS JACK CLUBS ACE,0.3554,0.004,0.6406
HEARTS TWO HEARTS ACE,0.3748,0.0042,0.621
CLUBS SIX CLUBS FOUR,0.3294,0.15,0.5206
SPADES FOUR CLUBS ACE,0.3766,0.0058,0.6176
HEARTS FOUR HEARTS KING,0.359,0.0058,0.6352
CLUBS NINE CLUBS TWO,0.3912,0.0466,0.5622
CLUBS FOUR CLUBS KING,0.3482,0.0078,0.644
SPADES JACK DIAMONDS FOUR,0.387,0.0258,0.5872
SPADES JACK DIAMONDS NINE,0.3302,0.0188,0.651
DIAMONDS ACE DIAMONDS SEVEN,0.3304,0.0058,0.6638
SPADES TEN DIAMONDS EIGHT,0.3546,0.0268,0.6186
CLUBS EIGHT CLUBS KING,0.3526,0.0098,0.6376
CLUBS FOUR HEARTS SEVEN,0.361,0.112,0.527
DIAMONDS ACE DIAMONDS SIX,0.3388,0.0034,0.6578
HEARTS JACK DIAMONDS FIVE,0.2702,0.0622,0.6676
HEARTS FOUR CLUBS ACE,0.3672,0.007,0.6258
SPADES QUEEN HEARTS ACE,0.3574,0.0058,0.6368
SPADES SEVEN DIAMONDS SEVEN,0.155,0.1164,0.7286
DIAMONDS THREE SPADES NINE,0.2696,0.106,0.6244
DIAMONDS SEVEN CLUBS KING,0.3604,0.0076,0.632
CLUBS SIX CLUBS QUEEN,0.357,0.0154,0.6276
CLUBS FIVE DIAMONDS SEVEN,0.2548,0.1906,0.5546
SPADES SEVEN HEARTS NINE,0.3368,0.0396,0.6236
DIAMONDS KING DIAMONDS SEVEN,0.3346,0.009,0.6564
SPADES FOUR CLUBS QUEEN,0.3768,0.0162,0.607
SPADES NINE CLUBS FOUR,0.3754,0.0498,0.5748
HEARTS THREE DIAMONDS JACK,0.2856,0.0602,0.6542
HEARTS SIX CLUBS SIX,0.1316,0.1322,0.7362
HEARTS SIX DIAMONDS THREE,0.241,0.2672,0.4918
DIAMONDS EIGHT DIAMONDS SEVEN,0.3058,0.0572,0.637
CLUBS FIVE HEARTS EIGHT,0.2502,0.147,0.6028
SPADES ACE SPADES TEN,0.3448,0.0058,0.6494
SPADES JACK SPADES TWO,0.3884,0.0224,0.5892
SPADES TWO HEARTS TEN,0.4196,0.0322,0.5482
DIAMONDS QUEEN SPADES SIX,0.3726,0.014,0.6134
CLUBS SEVEN CLUBS FIVE,0.2412,0.1954,0.5634
DIAMONDS EIGHT DIAMONDS SIX,0.3264,0.0614,0.6122
SPADES TEN HEARTS JACK,0.3464,0.0136,0.64
SPADES QUEEN HEARTS NINE,0.3544,0.011,0.6346
DIAMONDS ACE HEARTS QUEEN,0.3642,0.0064,0.6294
CLUBS EIGHT HEARTS EIGHT,0.1668,0.092,0.7412
CLUBS FOUR DIAMONDS SIX,0.3524,0.1668,0.4808
CLUBS FOUR CLUBS ACE,0.354,0.0052,0.6408
CLUBS TWO CLUBS QUEEN,0.3874,0.013,0.5996
DIAMONDS TWO SPADES TEN,0.4062,0.031,0.5628
DIAMONDS THREE HEARTS THREE,0.2688,0.1214,0.6098
SPADES NINE SPADES FOUR,0.3622,0.0436,0.5942
HEARTS SIX CLUBS TWO,0.4032,0.1632,0.4336
DIAMONDS ACE SPADES SEVEN,0.3608,0.005,0.6342
HEARTS ACE HEARTS JACK,0.3382,0.0058,0.656
HEARTS FOUR DIAMONDS SIX,0.3628,0.153,0.4842
SPADES KING HEARTS ACE,0.3758,0.0054,0.6188
SPADES QUEEN CLUBS KING,0.3502,0.01,0.6398
HEARTS FIVE CLUBS TWO,0.2824,0.5126,0.205
SPADES KING DIAMONDS SIX,0.3652,0.0086,0.6262
HEARTS FOUR SPADES JACK,0.39,0.0216,0.5884
SPADES JACK HEARTS THREE,0.2892,0.0602,0.6506
SPADES SIX DIAMONDS EIGHT,0.3368,0.0652,0.598
CLUBS SIX SPADES THREE,0.2404,0.2872,0.4724
CLUBS SIX DIAMONDS FOUR,0.3524,0.1636,0.484
DIAMONDS SEVEN HEARTS EIGHT,0.33,0.06,0.61
SPADES KING CLUBS SEVEN,0.3474,0.0096,0.643
DIAMONDS THREE HEARTS ACE,0.2612,0.0178,0.721
DIAMONDS THREE HEARTS FOUR,0.3984,0.3704,0.2312
HEARTS FOUR HEARTS SEVEN,0.3566,0.101,0.5424
DIAMONDS KING CLUBS QUEEN,0.3618,0.0056,0.6326
SPADES KING CLUBS TWO,0.4192,0.0096,0.5712
HEARTS FIVE DIAMONDS TWO,0.2646,0.5188,0.2166
CLUBS SEVEN HEARTS EIGHT,0.3214,0.0576,0.621
HEARTS KING HEARTS SEVEN,0.3428,0.0088,0.6484
CLUBS EIGHT HEARTS QUEEN,0.3626,0.0144,0.623
SPADES TWO HEARTS NINE,0.4216,0.0488,0.5296
DIAMONDS KING DIAMONDS NINE,0.338,0.0078,0.6542
SPADES SIX SPADES FOUR,0.3354,0.1504,0.5142
SPADES SEVEN DIAMONDS EIGHT,0.3294,0.0646,0.606
HEARTS SIX CLUBS ACE,0.3626,0.0052,0.6322
CLUBS SEVEN SPADES SIX,0.312,0.1074,0.5806
DIAMONDS TEN DIAMONDS FOUR,0.3704,0.0276,0.602
CLUBS FOUR HEARTS ACE,0.36,0.0064,0.6336
SPADES KING SPADES NINE,0.337,0.01,0.653
SPADES THREE HEARTS TEN,0.2846,0.0736,0.6418
CLUBS SEVEN DIAMONDS FOUR,0.3562,0.1042,0.5396
DIAMONDS QUEEN CLUBS KING,0.3476,0.0066,0.6458
CLUBS NINE HEARTS KING,0.3542,0.007,0.6388
CLUBS SIX DIAMONDS EIGHT,0.3356,0.0606,0.6038
DIAMONDS TEN HEARTS QUEEN,0.3618,0.0092,0.629
HEARTS FIVE HEARTS QUEEN,0.2612,0.0466,0.6922
HEARTS ACE DIAMONDS SEVEN,0.3546,0.004,0.6414
SPADES JACK CLUBS TWO,0.4196,0.0262,0.5542
DIAMONDS ACE HEARTS ACE,0.1648,0.0038,0.8314
HEARTS THREE DIAMONDS FIVE,0.022,0.9572,0.0208
HEARTS SIX HEARTS KING,0.3418,0.0082,0.65
DIAMONDS SIX HEARTS SEVEN,0.3284,0.0922,0.5794
CLUBS FOUR HEARTS NINE,0.3816,0.0456,0.5728
HEARTS TWO CLUBS ACE,0.403,0.0054,0.5916
DIAMONDS TWO DIAMONDS FOUR,0.3952,0.2214,0.3834
CLUBS FIVE HEARTS NINE,0.2662,0.113,0.6208
SPADES KING CLUBS KING,0.1634,0.0236,0.813
HEARTS SIX DIAMONDS TEN,0.3574,0.0274,0.6152
SPADES QUEEN SPADES FOUR,0.3662,0.0144,0.6194
DIAMONDS ACE SPADES TWO,0.417,0.0064,0.5766
CLUBS TWO HEARTS QUEEN,0.4332,0.0134,0.5534
CLUBS SIX SPADES FOUR,0.3464,0.163,0.4906
DIAMONDS QUEEN DIAMONDS SIX,0.3344,0.0124,0.6532
DIAMONDS JACK DIAMONDS TEN,0.3252,0.0158,0.659
SPADES KING DIAMONDS QUEEN,0.358,0.0106,0.6314
CLUBS FOUR CLUBS TWO,0.405,0.2394,0.3556
DIAMONDS NINE DIAMONDS FOUR,0.379,0.0396,0.5814
HEARTS FOUR SPADES TEN,0.3742,0.0278,0.598
SPADES KING SPADES SIX,0.3328,0.0096,0.6576
DIAMONDS THREE SPADES KING,0.2818,0.0344,0.6838
DIAMONDS QUEEN DIAMONDS FIVE,0.2588,0.0486,0.6926
HEARTS TWO CLUBS JACK,0.422,0.02,0.558
SPADES TEN SPADES TWO,0.3914,0.0338,0.5748
CLUBS EIGHT DIAMONDS FOUR,0.3712,0.0674,0.5614
HEARTS KING CLUBS QUEEN,0.3562,0.008,0.6358
CLUBS TEN CLUBS FIVE,0.2664,0.0776,0.656
SPADES SEVEN CLUBS KING,0.3606,0.0082,0.6312
DIAMONDS ACE SPADES SIX,0.3622,0.0036,0.6342
CLUBS SEVEN HEARTS KING,0.3594,0.0082,0.6324
DIAMONDS TEN DIAMONDS NINE,0.3366,0.0252,0.6382
DIAMONDS TWO HEARTS ACE,0.4068,0.0058,0.5874
CLUBS FIVE HEARTS ACE,0.249,0.0266,0.7244
DIAMONDS ACE CLUBS FOUR,0.359,0.005,0.636
CLUBS FIVE DIAMONDS JACK,0.2722,0.0656,0.6622
CLUBS FOUR HEARTS EIGHT,0.359,0.065,0.576
DIAMONDS THREE SPADES TWO,0.4058,0.3818,0.2124
CLUBS NINE DIAMONDS FOUR,0.3852,0.0416,0.5732
SPADES SEVEN DIAMONDS SIX,0.3128,0.0994,0.5878
HEARTS FIVE HEARTS SEVEN,0.2312,0.1952,0.5736
DIAMONDS JACK DIAMONDS EIGHT,0.335,0.0174,0.6476
DIAMONDS ACE CLUBS JACK,0.356,0.0046,0.6394
DIAMONDS THREE DIAMONDS FOUR,0.3762,0.352,0.2718
HEARTS TWO SPADES NINE,0.4036,0.046,0.5504
CLUBS FIVE HEARTS TEN,0.265,0.0802,0.6548
CLUBS TEN CLUBS JACK,0.3296,0.015,0.6554
SPADES TEN DIAMONDS FIVE,0.2706,0.0794,0.65
CLUBS NINE CLUBS FIVE,0.264,0.1084,0.6276
HEARTS ACE HEARTS KING,0.3488,0.0054,0.6458
SPADES KING DIAMONDS ACE,0.3748,0.0052,0.62
SPADES JACK HEARTS EIGHT,0.3528,0.0214,0.6258
DIAMONDS QUEEN SPADES TWO,0.4334,0.0138,0.5528
HEARTS SIX DIAMONDS KING,0.3662,0.0098,0.624
HEARTS KING DIAMONDS FOUR,0.3852,0.0082,0.6066
DIAMONDS TWO SPADES SEVEN,0.4106,0.1024,0.487
HEARTS QUEEN SPADES TWO,0.4192,0.0152,0.5656
HEARTS FOUR DIAMONDS JACK,0.396,0.019,0.585
SPADES EIGHT CLUBS ACE,0.3488,0.0058,0.6454
SPADES SIX HEARTS KING,0.3494,0.0078,0.6428
SPADES THREE DIAMONDS FIVE,0.0238,0.9664,0.0098
DIAMONDS TEN DIAMONDS FIVE,0.2572,0.0838,0.659
DIAMONDS SIX HEARTS EIGHT,0.3454,0.0678,0.5868
HEARTS THREE SPADES EIGHT,0.2644,0.1428,0.5928
CLUBS FOUR HEARTS JACK,0.383,0.0192,0.5978
SPADES JACK HEARTS TWO,0.4246,0.0238,0.5516
DIAMONDS THREE CLUBS EIGHT,0.2858,0.1462,0.568
DIAMONDS ACE HEARTS EIGHT,0.363,0.0042,0.6328
HEARTS FIVE CLUBS KING,0.2626,0.0354,0.702
CLUBS EIGHT SPADES THREE,0.2764,0.1416,0.582
SPADES KING HEARTS FIVE,0.2684,0.04,0.6916
SPADES SIX SPADES TWO,0.3704,0.152,0.4776
DIAMONDS THREE SPADES EIGHT,0.2754,0.1392,0.5854
HEARTS FIVE CLUBS EIGHT,0.245,0.1534,0.6016
DIAMONDS THREE DIAMONDS TEN,0.2574,0.0828,0.6598
DIAMONDS ACE CLUBS ACE,0.1586,0.005,0.8364
HEARTS TWO DIAMONDS SIX,0.407,0.1554,0.4376
SPADES JACK SPADES THREE,0.2648,0.056,0.6792
CLUBS SIX SPADES NINE,0.357,0.0426,0.6004
DIAMONDS QUEEN SPADES FOUR,0.393,0.0128,0.5942
HEARTS FOUR HEARTS TEN,0.3632,0.0292,0.6076
DIAMONDS THREE HEARTS QUEEN,0.2884,0.0418,0.6698
DIAMONDS THREE HEARTS JACK,0.2802,0.054,0.6658
DIAMONDS KING CLUBS KING,0.1618,0.0218,0.8164
DIAMONDS EIGHT HEARTS TEN,0.3522,0.0294,0.6184
SPADES TEN CLUBS FOUR,0.3702,0.0298,0.6
HEARTS THREE HEARTS QUEEN,0.2702,0.0362,0.6936
HEARTS ACE HEARTS EIGHT,0.3426,0.0064,0.651
SPADES THREE CLUBS ACE,0.253,0.022,0.725
DIAMONDS JACK HEARTS NINE,0.3642,0.0152,0.6206
SPADES ACE HEARTS FOUR,0.372,0.0064,0.6216
HEARTS SIX HEARTS FOUR,0.3272,0.1512,0.5216
SPADES SEVEN HEARTS ACE,0.3604,0.0056,0.634
HEARTS FOUR SPADES FOUR,0.2318,0.1606,0.6076
SPADES SIX DIAMONDS SEVEN,0.3256,0.0974,0.577
SPADES THREE HEARTS SEVEN,0.2632,0.1992,0.5376
HEARTS FOUR HEARTS NINE,0.349,0.041,0.61
SPADES TWO HEARTS SEVEN,0.4138,0.1076,0.4786
SPADES KING CLUBS JACK,0.3492,0.0078,0.643
SPADES SEVEN HEARTS EIGHT,0.3338,0.0602,0.606
SPADES JACK DIAMONDS ACE,0.3564,0.0056,0.638
SPADES QUEEN DIAMONDS ACE,0.3474,0.0024,0.6502
DIAMONDS QUEEN HEARTS KING,0.3746,0.007,0.6184
SPADES FOUR HEARTS SEVEN,0.3728,0.1116,0.5156
CLUBS TWO DIAMONDS FIVE,0.2662,0.523,0.2108
SPADES TEN DIAMONDS NINE,0.336,0.0234,0.6406
HEARTS THREE CLUBS ACE,0.2574,0.0202,0.7224
CLUBS NINE CLUBS QUEEN,0.3366,0.0094,0.654
DIAMONDS THREE DIAMONDS SEVEN,0.251,0.1826,0.5664
SPADES SIX HEARTS ACE,0.3636,0.0054,0.631
HEARTS SIX DIAMONDS QUEEN,0.3634,0.0106,0.626
DIAMONDS TWO HEARTS FOUR,0.4288,0.2414,0.3298
SPADES JACK HEARTS KING,0.3574,0.0092,0.6334
HEARTS NINE DIAMONDS FIVE,0.2692,0.109,0.6218
HEARTS TEN CLUBS JACK,0.3414,0.0126,0.646
HEARTS THREE CLUBS QUEEN,0.2744,0.0452,0.6804
CLUBS SEVEN CLUBS FOUR,0.3452,0.1006,0.5542
CLUBS JACK HEARTS SEVEN,0.355,0.0204,0.6246
SPADES NINE SPADES TWO,0.4004,0.0484,0.5512
CLUBS TEN DIAMONDS TWO,0.4074,0.0254,0.5672
SPADES EIGHT HEARTS ACE,0.3584,0.0046,0.637
CLUBS SEVEN HEARTS SEVEN,0.1422,0.1156,0.7422
DIAMONDS ACE HEARTS SEVEN,0.3574,0.0052,0.6374
HEARTS EIGHT CLUBS JACK,0.361,0.021,0.618
SPADES SEVEN CLUBS TWO,0.4256,0.1102,0.4642
CLUBS EIGHT SPADES NINE,0.3464,0.0394,0.6142
SPADES SIX HEARTS JACK,0.3576,0.023,0.6194
HEARTS SIX DIAMONDS FIVE,0.2528,0.2698,0.4774
SPADES EIGHT CLUBS JACK,0.3458,0.0206,0.6336
SPADES JACK SPADES EIGHT,0.3532,0.0152,0.6316
HEARTS THREE CLUBS SIX,0.2384,0.27,0.4916
HEARTS SIX CLUBS FOUR,0.3352,0.166,0.4988
SPADES ACE HEARTS THREE,0.2642,0.0188,0.717
SPADES JACK HEARTS QUEEN,0.3538,0.0114,0.6348
DIAMONDS TWO CLUBS FIVE,0.2618,0.504,0.2342
SPADES FOUR HEARTS QUEEN,0.3882,0.0136,0.5982
CLUBS SEVEN DIAMONDS ACE,0.3526,0.0036,0.6438
CLUBS TEN DIAMONDS NINE,0.3514,0.0276,0.621
CLUBS TEN HEARTS SEVEN,0.3566,0.032,0.6114
DIAMONDS QUEEN HEARTS QUEEN,0.176,0.0338,0.7902
SPADES NINE DIAMONDS KING,0.3522,0.0082,0.6396
HEARTS FIVE DIAMONDS FIVE,0.1064,0.128,0.7656
SPADES KING SPADES EIGHT,0.3424,0.0088,0.6488
SPADES JACK CLUBS QUEEN,0.3424,0.011,0.6466
CLUBS EIGHT HEARTS ACE,0.348,0.0052,0.6468
SPADES QUEEN DIAMONDS KING,0.3608,0.0108,0.6284
HEARTS ACE CLUBS ACE,0.1494,0.0038,0.8468
DIAMONDS EIGHT HEARTS SEVEN,0.3506,0.0604,0.589
HEARTS SIX CLUBS QUEEN,0.35,0.0134,0.6366
HEARTS JACK CLUBS ACE,0.3548,0.005,0.6402
HEARTS TEN CLUBS QUEEN,0.357,0.0086,0.6344
DIAMONDS TEN DIAMONDS SEVEN,0.3256,0.028,0.6464
SPADES JACK SPADES TEN,0.332,0.013,0.655
CLUBS FIVE HEARTS SEVEN,0.2346,0.2132,0.5522
CLUBS SEVEN DIAMONDS SIX,0.3272,0.097,0.5758
SPADES ACE HEARTS SEVEN,0.3474,0.0068,0.6458
CLUBS FIVE CLUBS QUEEN,0.2576,0.05,0.6924
HEARTS SIX DIAMONDS ACE,0.3654,0.0044,0.6302
CLUBS JACK DIAMONDS FOUR,0.389,0.0224,0.5886
SPADES ACE DIAMONDS TWO,0.4056,0.006,0.5884
SPADES SEVEN CLUBS JACK,0.3634,0.0186,0.618
HEARTS THREE DIAMONDS KING,0.2798,0.0348,0.6854
SPADES ACE HEARTS KING,0.3652,0.0052,0.6296
SPADES JACK CLUBS KING,0.3442,0.0086,0.6472
DIAMONDS ACE DIAMONDS TEN,0.3414,0.0056,0.653
CLUBS TEN DIAMONDS SIX,0.3588,0.0282,0.613
SPADES TEN DIAMONDS SEVEN,0.355,0.0262,0.6188
HEARTS FIVE HEARTS FOUR,0.2144,0.4684,0.3172
SPADES SEVEN SPADES SIX,0.3138,0.091,0.5952
CLUBS NINE SPADES SIX,0.3518,0.0428,0.6054
CLUBS TWO HEARTS SEVEN,0.4116,0.1084,0.48
SPADES QUEEN HEARTS FOUR,0.3848,0.0158,0.5994
CLUBS SIX CLUBS ACE,0.337,0.0042,0.6588
SPADES ACE DIAMONDS FIVE,0.2448,0.0262,0.729
HEARTS SIX CLUBS EIGHT,0.3446,0.0722,0.5832
HEARTS SIX HEARTS SEVEN,0.315,0.0886,0.5964
SPADES TEN SPADES NINE,0.3298,0.0212,0.649
CLUBS TEN CLUBS SEVEN,0.3432,0.025,0.6318
SPADES TEN HEARTS EIGHT,0.3438,0.0258,0.6304
CLUBS EIGHT SPADES JACK,0.347,0.0206,0.6324
DIAMONDS JACK CLUBS KING,0.3602,0.007,0.6328
CLUBS TEN DIAMONDS QUEEN,0.356,0.0108,0.6332
SPADES JACK SPADES FOUR,0.3702,0.0168,0.613
CLUBS TWO DIAMONDS QUEEN,0.4244,0.0132,0.5624
CLUBS SEVEN HEARTS TWO,0.4134,0.1012,0.4854
DIAMONDS SEVEN CLUBS QUEEN,0.3656,0.0128,0.6216
DIAMONDS THREE DIAMONDS TWO,0.379,0.3554,0.2656
SPADES QUEEN SPADES TWO,0.3902,0.018,0.5918
SPADES NINE DIAMONDS QUEEN,0.3418,0.011,0.6472
CLUBS TWO SPADES THREE,0.4174,0.3744,0.2082
DIAMONDS TWO SPADES SIX,0.3968,0.1682,0.435
HEARTS TWO SPADES FOUR,0.4298,0.2494,0.3208
SPADES EIGHT SPADES SEVEN,0.3144,0.0638,0.6218
CLUBS TWO CLUBS KING,0.3946,0.0098,0.5956
DIAMONDS TWO SPADES JACK,0.4184,0.0256,0.556
CLUBS TEN SPADES SEVEN,0.3396,0.0298,0.6306
CLUBS FOUR SPADES SIX,0.3398,0.1662,0.494
HEARTS TWO DIAMONDS NINE,0.4114,0.0456,0.543
HEARTS JACK CLUBS KING,0.3634,0.0082,0.6284
DIAMONDS TWO DIAMONDS SEVEN,0.3772,0.1012,0.5216
CLUBS FOUR HEARTS TEN,0.3646,0.033,0.6024
SPADES KING SPADES JACK,0.3468,0.0084,0.6448
HEARTS FIVE DIAMONDS ACE,0.2468,0.0242,0.729
DIAMONDS THREE CLUBS TWO,0.4166,0.3718,0.2116
HEARTS ACE DIAMONDS EIGHT,0.3668,0.0024,0.6308
DIAMONDS KING DIAMONDS QUEEN,0.3408,0.0076,0.6516
CLUBS EIGHT HEARTS JACK,0.3578,0.0188,0.6234
HEARTS FIVE DIAMONDS SEVEN,0.2494,0.201,0.5496
SPADES THREE DIAMONDS NINE,0.2772,0.106,0.6168
SPADES TWO HEARTS JACK,0.419,0.0192,0.5618
HEARTS SIX HEARTS TEN,0.341,0.0276,0.6314
DIAMONDS FIVE DIAMONDS FOUR,0.21,0.4754,0.3146
SPADES THREE DIAMONDS SIX,0.2516,0.2616,0.4868
CLUBS TEN CLUBS KING,0.3306,0.0086,0.6608
SPADES KING HEARTS FOUR,0.3762,0.0092,0.6146
HEARTS FIVE SPADES THREE,0.0174,0.972,0.0106
SPADES TEN HEARTS NINE,0.3532,0.027,0.6198
DIAMONDS QUEEN HEARTS EIGHT,0.359,0.0132,0.6278
DIAMONDS THREE HEARTS SEVEN,0.2704,0.1954,0.5342
DIAMONDS EIGHT HEARTS EIGHT,0.168,0.096,0.736
SPADES TEN DIAMONDS ACE,0.358,0.0038,0.6382
