opposingHand,winningChance,drawChance,lostChance
CLUBS KING DIAMONDS EIGHT
HEARTS FIVE SPADES TEN,0.6274,0.0068,0.3658
HEARTS FIVE SPADES JACK,0.6242,0.0082,0.3676
SPADES FIVE CLUBS JACK,0.6278,0.0068,0.3654
CLUBS TEN SPADES FIVE,0.6356,0.0064,0.358
CLUBS EIGHT CLUBS JACK,0.674,0.0326,0.2934
CLUBS TEN CLUBS EIGHT,0.6636,0.0282,0.3082
SPADES FIVE CLUBS ACE,0.3928,0.0042,0.603
CLUBS EIGHT CLUBS QUEEN,0.6816,0.0304,0.288
SPADES FIVE CLUBS QUEEN,0.6224,0.0096,0.368
CLUBS EIGHT CLUBS ACE,0.2124,0.0224,0.7652
DIAMONDS TWO DIAMONDS THREE,0.6176,0.0076,0.3748
DIAMONDS TWO DIAMONDS FIVE,0.608,0.0082,0.3838
HEARTS FIVE SPADES KING,0.5214,0.2298,0.2488
DIAMONDS TWO DIAMONDS FOUR,0.6106,0.0086,0.3808
HEARTS FIVE SPADES QUEEN,0.629,0.0072,0.3638
DIAMONDS TWO DIAMONDS SEVEN,0.6356,0.0094,0.355
DIAMONDS TWO DIAMONDS SIX,0.6368,0.009,0.3542
SPADES ACE HEARTS FIVE,0.3844,0.004,0.6116
DIAMONDS TWO DIAMONDS NINE,0.598,0.0082,0.3938
DIAMONDS THREE DIAMONDS FOUR,0.6014,0.0082,0.3904
CLUBS TWO SPADES FOUR,0.6352,0.0086,0.3562
DIAMONDS THREE DIAMONDS FIVE,0.6064,0.0092,0.3844
SPADES FIVE CLUBS TWO,0.648,0.0078,0.3442
CLUBS TWO SPADES TWO,0.4576,0.0146,0.5278
CLUBS TWO SPADES THREE,0.6554,0.008,0.3366
SPADES EIGHT CLUBS TWO,0.7442,0.0382,0.2176
DIAMONDS THREE DIAMONDS NINE,0.6022,0.0072,0.3906
SPADES NINE CLUBS TWO,0.6318,0.008,0.3602
DIAMONDS THREE DIAMONDS SIX,0.6172,0.0086,0.3742
SPADES SIX CLUBS TWO,0.656,0.0104,0.3336
DIAMONDS THREE DIAMONDS SEVEN,0.6234,0.0072,0.3694
SPADES SEVEN CLUBS TWO,0.6726,0.0072,0.3202
CLUBS SIX CLUBS TWO,0.6296,0.0098,0.3606
CLUBS SEVEN CLUBS TWO,0.6414,0.0052,0.3534
CLUBS FOUR CLUBS TWO,0.6118,0.0066,0.3816
CLUBS FIVE CLUBS TWO,0.6206,0.008,0.3714
CLUBS TEN CLUBS JACK,0.5252,0.0056,0.4692
DIAMONDS FOUR DIAMONDS SIX,0.6026,0.0084,0.389
CLUBS TEN CLUBS QUEEN,0.538,0.0068,0.4552
DIAMONDS FOUR DIAMONDS SEVEN,0.6096,0.0068,0.3836
CLUBS TEN CLUBS ACE,0.3276,0.0046,0.6678
CLUBS EIGHT CLUBS TWO,0.698,0.0384,0.2636
DIAMONDS FIVE DIAMONDS FOUR,0.5848,0.0088,0.4064
CLUBS NINE CLUBS TWO,0.6022,0.0068,0.391
DIAMONDS NINE DIAMONDS FOUR,0.5948,0.0088,0.3964
CLUBS THREE CLUBS TWO,0.626,0.0076,0.3664
DIAMONDS NINE DIAMONDS FIVE,0.5758,0.0098,0.4144
DIAMONDS TWO CLUBS JACK,0.65,0.008,0.342
CLUBS TEN DIAMONDS TWO,0.6454,0.0072,0.3474
DIAMONDS FIVE DIAMONDS SEVEN,0.5972,0.0084,0.3944
DIAMONDS FIVE DIAMONDS SIX,0.5896,0.0068,0.4036
DIAMONDS TWO CLUBS ACE,0.3944,0.0066,0.599
DIAMONDS TWO CLUBS QUEEN,0.6342,0.0074,0.3584
DIAMONDS NINE DIAMONDS SIX,0.5834,0.0086,0.408
HEARTS ACE SPADES THREE,0.3946,0.0022,0.6032
SPADES THREE HEARTS KING,0.551,0.2194,0.2296
DIAMONDS SEVEN DIAMONDS SIX,0.588,0.0056,0.4064
HEARTS QUEEN SPADES THREE,0.6276,0.0066,0.3658
SPADES THREE HEARTS JACK,0.6154,0.0074,0.3772
SPADES THREE HEARTS TEN,0.6318,0.0088,0.3594
DIAMONDS NINE DIAMONDS SEVEN,0.5804,0.0074,0.4122
DIAMONDS KING HEARTS TEN,0.2122,0.1254,0.6624
HEARTS THREE HEARTS TEN,0.6046,0.005,0.3904
SPADES JACK CLUBS SIX,0.642,0.0056,0.3524
DIAMONDS KING HEARTS JACK,0.2288,0.0854,0.6858
HEARTS THREE HEARTS JACK,0.5942,0.0064,0.3994
SPADES TEN CLUBS SIX,0.6192,0.0056,0.3752
SPADES JACK SPADES FIVE,0.5838,0.006,0.4102
SPADES TEN SPADES FIVE,0.5876,0.0068,0.4056
DIAMONDS KING HEARTS ACE,0.2316,0.0136,0.7548
HEARTS THREE HEARTS ACE,0.366,0.0046,0.6294
SPADES ACE CLUBS SIX,0.3894,0.0024,0.6082
DIAMONDS KING HEARTS QUEEN,0.2348,0.0656,0.6996
HEARTS THREE HEARTS QUEEN,0.5884,0.0078,0.4038
SPADES KING CLUBS SIX,0.5422,0.2362,0.2216
DIAMONDS KING HEARTS KING,0.0642,0.0176,0.9182
HEARTS THREE HEARTS KING,0.5168,0.2084,0.2748
SPADES QUEEN CLUBS SIX,0.6324,0.0042,0.3634
SPADES NINE HEARTS TEN,0.5548,0.0062,0.439
SPADES NINE HEARTS JACK,0.5724,0.0056,0.422
SPADES QUEEN SPADES FIVE,0.5838,0.0058,0.4104
SPADES KING SPADES FIVE,0.503,0.2202,0.2768
SPADES ACE SPADES FIVE,0.3612,0.0046,0.6342
SPADES NINE HEARTS QUEEN,0.5698,0.005,0.4252
SPADES NINE HEARTS KING,0.2362,0.1516,0.6122
SPADES NINE HEARTS ACE,0.364,0.003,0.633
CLUBS TEN SPADES JACK,0.552,0.0066,0.4414
CLUBS TEN SPADES TEN,0.291,0.007,0.702
SPADES ACE CLUBS TEN,0.344,0.004,0.652
SPADES KING CLUBS TEN,0.236,0.1214,0.6426
CLUBS TEN SPADES QUEEN,0.569,0.0088,0.4222
SPADES FIVE HEARTS QUEEN,0.6276,0.005,0.3674
SPADES FIVE HEARTS KING,0.5266,0.233,0.2404
HEARTS ACE SPADES FIVE,0.3936,0.0032,0.6032
CLUBS EIGHT SPADES TEN,0.6884,0.0298,0.2818
SPADES JACK HEARTS THREE,0.6362,0.0064,0.3574
SPADES JACK DIAMONDS KING,0.2344,0.0878,0.6778
SPADES TEN DIAMONDS KING,0.2236,0.1158,0.6606
SPADES TEN HEARTS THREE,0.6456,0.0072,0.3472
SPADES JACK CLUBS EIGHT,0.6862,0.0308,0.283
CLUBS SIX HEARTS ACE,0.4004,0.0038,0.5958
SPADES ACE CLUBS EIGHT,0.2242,0.0264,0.7494
HEARTS FIVE CLUBS JACK,0.6268,0.0084,0.3648
HEARTS FIVE CLUBS TEN,0.6406,0.0108,0.3486
CLUBS SIX HEARTS QUEEN,0.6312,0.007,0.3618
SPADES QUEEN CLUBS EIGHT,0.7356,0.032,0.2324
CLUBS TEN SPADES THREE,0.6368,0.0062,0.357
CLUBS SIX HEARTS KING,0.5398,0.2362,0.224
SPADES KING CLUBS EIGHT,0.0166,0.9692,0.0142
SPADES THREE CLUBS JACK,0.6394,0.0096,0.351
DIAMONDS TWO HEARTS JACK,0.6478,0.0064,0.3458
SPADES THREE CLUBS QUEEN,0.6294,0.0084,0.3622
DIAMONDS TWO HEARTS TEN,0.6244,0.01,0.3656
HEARTS FIVE CLUBS ACE,0.3794,0.0056,0.615
SPADES FIVE HEARTS TEN,0.6412,0.006,0.3528
SPADES THREE CLUBS ACE,0.3954,0.0054,0.5992
SPADES FIVE HEARTS JACK,0.6248,0.0072,0.368
HEARTS FIVE CLUBS QUEEN,0.6262,0.0076,0.3662
HEARTS THREE CLUBS QUEEN,0.6308,0.0072,0.362
DIAMONDS KING CLUBS QUEEN,0.2454,0.0648,0.6898
HEARTS FIVE HEARTS JACK,0.5814,0.0074,0.4112
HEARTS FIVE HEARTS TEN,0.5906,0.0074,0.402
HEARTS THREE CLUBS ACE,0.4074,0.004,0.5886
DIAMONDS KING CLUBS ACE,0.2216,0.0138,0.7646
SPADES ACE CLUBS QUEEN,0.3568,0.0034,0.6398
SPADES KING CLUBS QUEEN,0.2286,0.0622,0.7092
HEARTS THREE CLUBS JACK,0.6298,0.0076,0.3626
DIAMONDS KING CLUBS JACK,0.227,0.0866,0.6864
SPADES QUEEN CLUBS QUEEN,0.282,0.0036,0.7144
CLUBS TEN HEARTS THREE,0.6456,0.008,0.3464
CLUBS TEN DIAMONDS KING,0.2274,0.1164,0.6562
SPADES JACK CLUBS QUEEN,0.572,0.0074,0.4206
CLUBS SIX CLUBS QUEEN,0.6054,0.0052,0.3894
SPADES TEN CLUBS QUEEN,0.567,0.0074,0.4256
CLUBS SIX CLUBS ACE,0.3654,0.0036,0.631
HEARTS FIVE HEARTS KING,0.5008,0.2206,0.2786
HEARTS FIVE HEARTS QUEEN,0.573,0.0084,0.4186
CLUBS TEN CLUBS SIX,0.6028,0.0078,0.3894
HEARTS FIVE HEARTS ACE,0.3532,0.0042,0.6426
CLUBS SIX CLUBS JACK,0.5994,0.0078,0.3928
SPADES SEVEN HEARTS JACK,0.6178,0.006,0.3762
SPADES SEVEN HEARTS TEN,0.6068,0.0068,0.3864
DIAMONDS TWO CLUBS TWO,0.4712,0.0118,0.517
DIAMONDS TWO CLUBS THREE,0.6596,0.009,0.3314
DIAMONDS TWO HEARTS SIX,0.6682,0.0066,0.3252
DIAMONDS TWO HEARTS QUEEN,0.6272,0.0064,0.3664
HEARTS SEVEN DIAMONDS TWO,0.6708,0.007,0.3222
DIAMONDS TWO HEARTS KING,0.5514,0.2206,0.228
DIAMONDS TWO HEARTS EIGHT,0.741,0.036,0.223
DIAMONDS TWO HEARTS ACE,0.3976,0.0038,0.5986
DIAMONDS TWO HEARTS NINE,0.6474,0.0072,0.3454
DIAMONDS TWO DIAMONDS QUEEN,0.5976,0.0058,0.3966
DIAMONDS TWO HEARTS TWO,0.4634,0.0128,0.5238
DIAMONDS TWO DIAMONDS KING,0.5214,0.2206,0.258
DIAMONDS TWO HEARTS THREE,0.6542,0.0064,0.3394
DIAMONDS TWO DIAMONDS ACE,0.3912,0.0042,0.6046
HEARTS FOUR DIAMONDS TWO,0.6368,0.01,0.3532
HEARTS FIVE DIAMONDS TWO,0.639,0.0074,0.3536
SPADES SEVEN HEARTS ACE,0.3996,0.0034,0.597
DIAMONDS TWO DIAMONDS TEN,0.6028,0.0084,0.3888
SPADES SEVEN HEARTS KING,0.541,0.2262,0.2328
DIAMONDS TWO DIAMONDS JACK,0.5886,0.0104,0.401
SPADES SEVEN HEARTS QUEEN,0.6418,0.0056,0.3526
DIAMONDS TWO SPADES NINE,0.6392,0.0052,0.3556
DIAMONDS TWO SPADES EIGHT,0.7368,0.038,0.2252
DIAMONDS TWO SPADES SEVEN,0.6716,0.0072,0.3212
DIAMONDS TWO SPADES SIX,0.6576,0.007,0.3354
DIAMONDS TWO SPADES FIVE,0.6368,0.0068,0.3564
DIAMONDS TWO SPADES FOUR,0.6432,0.0086,0.3482
DIAMONDS TWO SPADES THREE,0.6464,0.0098,0.3438
DIAMONDS TWO SPADES TWO,0.4676,0.0136,0.5188
CLUBS NINE DIAMONDS TWO,0.6464,0.0096,0.344
DIAMONDS TWO CLUBS EIGHT,0.7514,0.0384,0.2102
CLUBS SEVEN DIAMONDS TWO,0.6782,0.0092,0.3126
DIAMONDS TWO CLUBS SIX,0.6636,0.0068,0.3296
DIAMONDS TWO CLUBS FIVE,0.6424,0.0082,0.3494
DIAMONDS TWO CLUBS FOUR,0.6436,0.0062,0.3502
CLUBS FOUR SPADES FIVE,0.626,0.0066,0.3674
CLUBS FOUR SPADES FOUR,0.4376,0.0134,0.549
CLUBS FOUR SPADES THREE,0.6332,0.0092,0.3576
CLUBS FOUR SPADES TWO,0.6414,0.006,0.3526
SPADES NINE CLUBS FOUR,0.6302,0.0042,0.3656
SPADES EIGHT CLUBS FOUR,0.7224,0.0388,0.2388
SPADES SEVEN CLUBS FOUR,0.6528,0.0076,0.3396
CLUBS FOUR SPADES SIX,0.6286,0.0084,0.363
SPADES ACE DIAMONDS SIX,0.3928,0.0042,0.603
SPADES QUEEN DIAMONDS SIX,0.6334,0.0062,0.3604
SPADES KING DIAMONDS SIX,0.545,0.2206,0.2344
SPADES TEN DIAMONDS SIX,0.626,0.0062,0.3678
SPADES JACK DIAMONDS SIX,0.6318,0.0072,0.361
SPADES QUEEN SPADES TWO,0.5892,0.0062,0.4046
SPADES KING SPADES TWO,0.513,0.2168,0.2702
SPADES ACE SPADES TWO,0.3654,0.005,0.6296
DIAMONDS JACK CLUBS JACK,0.2834,0.0062,0.7104
CLUBS TEN DIAMONDS JACK,0.5426,0.0084,0.449
DIAMONDS JACK CLUBS QUEEN,0.5596,0.0072,0.4332
DIAMONDS THREE DIAMONDS JACK,0.5982,0.0068,0.395
DIAMONDS THREE DIAMONDS TEN,0.5964,0.009,0.3946
DIAMONDS JACK CLUBS ACE,0.3462,0.0052,0.6486
DIAMONDS THREE DIAMONDS KING,0.5274,0.2152,0.2574
DIAMONDS THREE HEARTS THREE,0.453,0.0154,0.5316
DIAMONDS THREE DIAMONDS QUEEN,0.5968,0.0094,0.3938
DIAMONDS THREE HEARTS TWO,0.657,0.006,0.337
HEARTS FIVE DIAMONDS THREE,0.6318,0.0056,0.3626
DIAMONDS THREE DIAMONDS ACE,0.3766,0.0062,0.6172
HEARTS FOUR DIAMONDS THREE,0.631,0.0096,0.3594
HEARTS SEVEN DIAMONDS THREE,0.6644,0.0082,0.3274
SPADES TEN SPADES NINE,0.5164,0.0044,0.4792
HEARTS SIX DIAMONDS THREE,0.653,0.0084,0.3386
SPADES JACK SPADES NINE,0.529,0.0066,0.4644
DIAMONDS THREE HEARTS NINE,0.6366,0.0082,0.3552
HEARTS JACK DIAMONDS FOUR,0.6378,0.007,0.3552
HEARTS ACE HEARTS KING,0.216,0.0126,0.7714
SPADES TEN SPADES TWO,0.6034,0.0074,0.3892
DIAMONDS THREE HEARTS EIGHT,0.7386,0.045,0.2164
HEARTS TEN DIAMONDS FOUR,0.6424,0.0088,0.3488
SPADES JACK SPADES TWO,0.5952,0.0082,0.3966
HEARTS QUEEN DIAMONDS FOUR,0.6382,0.0094,0.3524
HEARTS KING DIAMONDS FOUR,0.5432,0.2326,0.2242
SPADES ACE SPADES NINE,0.3398,0.0038,0.6564
HEARTS ACE DIAMONDS FOUR,0.3936,0.0048,0.6016
SPADES KING SPADES NINE,0.2128,0.1552,0.632
SPADES QUEEN SPADES NINE,0.5468,0.0058,0.4474
DIAMONDS THREE SPADES NINE,0.6266,0.0072,0.3662
DIAMONDS THREE SPADES EIGHT,0.7246,0.0372,0.2382
DIAMONDS THREE SPADES SEVEN,0.663,0.0076,0.3294
DIAMONDS THREE SPADES SIX,0.6434,0.005,0.3516
DIAMONDS THREE CLUBS SIX,0.6584,0.0088,0.3328
CLUBS FIVE CLUBS SIX,0.5954,0.008,0.3966
CLUBS ACE DIAMONDS FOUR,0.3764,0.0054,0.6182
CLUBS SEVEN DIAMONDS THREE,0.6604,0.0096,0.33
CLUBS SEVEN CLUBS FIVE,0.6046,0.0074,0.388
DIAMONDS THREE CLUBS FOUR,0.642,0.0104,0.3476
DIAMONDS FOUR CLUBS QUEEN,0.6484,0.0084,0.3432
DIAMONDS THREE CLUBS FIVE,0.6378,0.007,0.3552
DIAMONDS THREE CLUBS TWO,0.6464,0.01,0.3436
CLUBS TEN DIAMONDS FOUR,0.6354,0.0066,0.358
DIAMONDS THREE CLUBS THREE,0.4596,0.013,0.5274
DIAMONDS FOUR CLUBS JACK,0.639,0.0096,0.3514
DIAMONDS THREE SPADES FOUR,0.6336,0.0102,0.3562
DIAMONDS THREE SPADES FIVE,0.6344,0.0068,0.3588
DIAMONDS THREE SPADES TWO,0.649,0.0092,0.3418
DIAMONDS THREE SPADES THREE,0.4532,0.0128,0.534
CLUBS EIGHT DIAMONDS THREE,0.748,0.0432,0.2088
CLUBS NINE DIAMONDS THREE,0.6382,0.0088,0.353
SPADES SEVEN CLUBS ACE,0.3834,0.006,0.6106
SPADES SEVEN CLUBS QUEEN,0.6296,0.0066,0.3638
CLUBS FIVE SPADES SEVEN,0.6248,0.0078,0.3674
CLUBS TEN SPADES SEVEN,0.6244,0.008,0.3676
CLUBS FIVE SPADES SIX,0.6096,0.0074,0.383
SPADES SEVEN CLUBS JACK,0.625,0.0066,0.3684
CLUBS FIVE SPADES NINE,0.6248,0.0078,0.3674
CLUBS FIVE SPADES EIGHT,0.7026,0.0376,0.2598
CLUBS FIVE SPADES THREE,0.6272,0.0062,0.3666
CLUBS FIVE SPADES TWO,0.646,0.0082,0.3458
CLUBS FIVE SPADES FIVE,0.457,0.0122,0.5308
CLUBS FIVE SPADES FOUR,0.6134,0.0074,0.3792
CLUBS NINE CLUBS FIVE,0.5876,0.0076,0.4048
CLUBS EIGHT CLUBS FIVE,0.6662,0.0364,0.2974
CLUBS ACE CLUBS QUEEN,0.3344,0.0048,0.6608
DIAMONDS TEN DIAMONDS FOUR,0.5924,0.0072,0.4004
CLUBS TEN DIAMONDS NINE,0.5556,0.0078,0.4366
DIAMONDS JACK DIAMONDS FOUR,0.5966,0.0058,0.3976
DIAMONDS NINE CLUBS JACK,0.578,0.0082,0.4138
SPADES NINE CLUBS JACK,0.5656,0.0084,0.426
CLUBS TEN SPADES NINE,0.5778,0.0054,0.4168
DIAMONDS ACE DIAMONDS FOUR,0.3744,0.0048,0.6208
HEARTS FOUR DIAMONDS FOUR,0.4406,0.0122,0.5472
DIAMONDS JACK HEARTS TEN,0.5432,0.0074,0.4494
DIAMONDS TWO SPADES TEN,0.64,0.0064,0.3536
DIAMONDS NINE CLUBS ACE,0.3472,0.0048,0.648
HEARTS FIVE DIAMONDS FOUR,0.6012,0.0088,0.39
DIAMONDS JACK HEARTS JACK,0.2826,0.0056,0.7118
SPADES NINE CLUBS QUEEN,0.5926,0.007,0.4004
DIAMONDS TWO SPADES JACK,0.6442,0.008,0.3478
DIAMONDS QUEEN DIAMONDS FOUR,0.6098,0.0072,0.383
HEARTS TWO DIAMONDS FOUR,0.6348,0.01,0.3552
DIAMONDS NINE CLUBS QUEEN,0.5864,0.0082,0.4054
DIAMONDS KING DIAMONDS FOUR,0.5118,0.2224,0.2658
HEARTS THREE DIAMONDS FOUR,0.6402,0.0102,0.3496
SPADES NINE CLUBS ACE,0.3536,0.0036,0.6428
HEARTS ACE DIAMONDS JACK,0.3552,0.0038,0.641
SPADES ACE DIAMONDS TWO,0.4172,0.0044,0.5784
HEARTS QUEEN DIAMONDS JACK,0.5676,0.0064,0.426
SPADES QUEEN DIAMONDS TWO,0.644,0.0072,0.3488
HEARTS KING DIAMONDS JACK,0.2294,0.0848,0.6858
SPADES KING DIAMONDS TWO,0.5416,0.2368,0.2216
SPADES JACK SPADES SEVEN,0.594,0.008,0.398
SPADES TEN SPADES SEVEN,0.5714,0.0074,0.4212
CLUBS SEVEN CLUBS THREE,0.6264,0.0074,0.3662
CLUBS SIX CLUBS THREE,0.6168,0.0076,0.3756
CLUBS FIVE CLUBS THREE,0.6024,0.007,0.3906
CLUBS THREE CLUBS FOUR,0.6022,0.0114,0.3864
CLUBS NINE CLUBS THREE,0.6276,0.0074,0.365
CLUBS EIGHT CLUBS THREE,0.6946,0.0418,0.2636
CLUBS THREE SPADES FIVE,0.6358,0.009,0.3552
CLUBS THREE SPADES FOUR,0.6354,0.0094,0.3552
CLUBS THREE SPADES THREE,0.4466,0.014,0.5394
CLUBS THREE SPADES TWO,0.661,0.009,0.33
CLUBS THREE SPADES SIX,0.6488,0.0084,0.3428
CLUBS THREE SPADES SEVEN,0.6672,0.0084,0.3244
SPADES EIGHT CLUBS THREE,0.7478,0.039,0.2132
SPADES NINE CLUBS THREE,0.6276,0.0072,0.3652
SPADES TWO DIAMONDS FOUR,0.661,0.0086,0.3304
SPADES THREE DIAMONDS FOUR,0.64,0.01,0.35
SPADES FOUR DIAMONDS FOUR,0.4512,0.0152,0.5336
SPADES FIVE DIAMONDS FOUR,0.6194,0.0114,0.3692
SPADES SIX DIAMONDS FOUR,0.6332,0.0074,0.3594
SPADES SEVEN DIAMONDS FOUR,0.6402,0.0088,0.351
SPADES EIGHT DIAMONDS FOUR,0.7184,0.0326,0.249
SPADES NINE DIAMONDS FOUR,0.6218,0.009,0.3692
CLUBS FIVE DIAMONDS FOUR,0.622,0.0092,0.3688
CLUBS FOUR DIAMONDS FOUR,0.4582,0.0108,0.531
CLUBS SEVEN DIAMONDS FOUR,0.6534,0.0076,0.339
CLUBS SIX DIAMONDS FOUR,0.637,0.0086,0.3544
CLUBS NINE DIAMONDS FOUR,0.6482,0.0064,0.3454
CLUBS EIGHT DIAMONDS FOUR,0.7258,0.036,0.2382
HEARTS SEVEN DIAMONDS FOUR,0.6386,0.0058,0.3556
HEARTS SIX DIAMONDS FOUR,0.6366,0.0082,0.3552
DIAMONDS FOUR HEARTS NINE,0.642,0.0068,0.3512
DIAMONDS FOUR HEARTS EIGHT,0.7252,0.036,0.2388
CLUBS THREE DIAMONDS FOUR,0.6358,0.0096,0.3546
CLUBS TWO DIAMONDS FOUR,0.6492,0.0088,0.342
DIAMONDS TEN DIAMONDS FIVE,0.5856,0.0078,0.4066
DIAMONDS JACK DIAMONDS FIVE,0.5994,0.0056,0.395
DIAMONDS NINE HEARTS QUEEN,0.5762,0.0074,0.4164
DIAMONDS NINE HEARTS KING,0.2326,0.1602,0.6072
HEARTS ACE DIAMONDS NINE,0.36,0.0032,0.6368
DIAMONDS NINE HEARTS TEN,0.5598,0.0072,0.433
DIAMONDS NINE HEARTS JACK,0.5692,0.0062,0.4246
CLUBS QUEEN DIAMONDS SIX,0.643,0.0064,0.3506
CLUBS ACE DIAMONDS SIX,0.3962,0.0042,0.5996
SPADES KING DIAMONDS FOUR,0.551,0.2228,0.2262
SPADES ACE SPADES SEVEN,0.36,0.0036,0.6364
SPADES QUEEN DIAMONDS FOUR,0.6334,0.0042,0.3624
SPADES QUEEN SPADES SEVEN,0.5824,0.007,0.4106
CLUBS JACK DIAMONDS SIX,0.6448,0.0082,0.347
SPADES KING SPADES SEVEN,0.4982,0.223,0.2788
SPADES ACE DIAMONDS FOUR,0.403,0.0052,0.5918
CLUBS TEN DIAMONDS SIX,0.643,0.0068,0.3502
CLUBS NINE CLUBS FOUR,0.608,0.0094,0.3826
CLUBS EIGHT CLUBS FOUR,0.6958,0.038,0.2662
SPADES JACK DIAMONDS FOUR,0.6318,0.008,0.3602
SPADES TEN DIAMONDS FOUR,0.6422,0.0052,0.3526
CLUBS FIVE CLUBS FOUR,0.5864,0.0082,0.4054
CLUBS SEVEN CLUBS FOUR,0.6106,0.009,0.3804
CLUBS SIX CLUBS FOUR,0.605,0.007,0.388
CLUBS SEVEN SPADES EIGHT,0.6714,0.0338,0.2948
CLUBS SEVEN SPADES NINE,0.6028,0.0088,0.3884
CLUBS SEVEN SPADES SIX,0.6248,0.0078,0.3674
CLUBS SEVEN SPADES SEVEN,0.429,0.0116,0.5594
CLUBS SEVEN SPADES FIVE,0.6204,0.0092,0.3704
CLUBS SEVEN SPADES FOUR,0.639,0.0068,0.3542
CLUBS SEVEN SPADES THREE,0.6578,0.0098,0.3324
CLUBS SEVEN SPADES TWO,0.681,0.0072,0.3118
CLUBS NINE CLUBS SEVEN,0.5798,0.0046,0.4156
CLUBS SEVEN CLUBS EIGHT,0.6542,0.0346,0.3112
HEARTS SIX DIAMONDS FIVE,0.6196,0.0074,0.373
HEARTS SEVEN DIAMONDS FIVE,0.6304,0.0074,0.3622
DIAMONDS FIVE HEARTS EIGHT,0.71,0.0328,0.2572
DIAMONDS FIVE HEARTS NINE,0.6066,0.0076,0.3858
DIAMONDS QUEEN DIAMONDS FIVE,0.5806,0.0066,0.4128
HEARTS TWO DIAMONDS FIVE,0.6438,0.0072,0.349
HEARTS KING HEARTS EIGHT,0.0232,0.9118,0.065
DIAMONDS KING DIAMONDS FIVE,0.5048,0.2232,0.272
HEARTS THREE DIAMONDS FIVE,0.6286,0.0088,0.3626
HEARTS QUEEN HEARTS EIGHT,0.6708,0.0346,0.2946
DIAMONDS ACE DIAMONDS FIVE,0.3856,0.005,0.6094
HEARTS FOUR DIAMONDS FIVE,0.61,0.0088,0.3812
HEARTS FIVE DIAMONDS FIVE,0.4464,0.0126,0.541
HEARTS ACE HEARTS EIGHT,0.212,0.026,0.762
CLUBS FOUR DIAMONDS FIVE,0.6158,0.0086,0.3756
CLUBS FIVE DIAMONDS FIVE,0.4518,0.0102,0.538
CLUBS SIX DIAMONDS FIVE,0.6146,0.007,0.3784
CLUBS SEVEN DIAMONDS FIVE,0.6344,0.008,0.3576
CLUBS TWO DIAMONDS FIVE,0.6454,0.0092,0.3454
CLUBS THREE DIAMONDS FIVE,0.639,0.0098,0.3512
SPADES THREE DIAMONDS FIVE,0.621,0.0104,0.3686
SPADES TWO DIAMONDS FIVE,0.6414,0.007,0.3516
SPADES FIVE DIAMONDS FIVE,0.4552,0.0152,0.5296
CLUBS TEN HEARTS JACK,0.5518,0.0056,0.4426
SPADES FOUR DIAMONDS FIVE,0.616,0.0098,0.3742
HEARTS JACK CLUBS JACK,0.304,0.0068,0.6892
HEARTS JACK CLUBS QUEEN,0.569,0.007,0.424
CLUBS NINE DIAMONDS FIVE,0.6256,0.0068,0.3676
CLUBS EIGHT DIAMONDS FIVE,0.7094,0.0384,0.2522
CLUBS ACE HEARTS JACK,0.3452,0.0032,0.6516
SPADES SEVEN DIAMONDS FIVE,0.6358,0.0082,0.356
SPADES SIX DIAMONDS FIVE,0.6108,0.0092,0.38
SPADES NINE DIAMONDS FIVE,0.6196,0.0078,0.3726
SPADES EIGHT DIAMONDS FIVE,0.7148,0.0348,0.2504
DIAMONDS TEN DIAMONDS SIX,0.5852,0.007,0.4078
HEARTS ACE DIAMONDS SEVEN,0.3958,0.0042,0.6
DIAMONDS JACK DIAMONDS SIX,0.604,0.0064,0.3896
HEARTS QUEEN DIAMONDS SEVEN,0.6324,0.0068,0.3608
HEARTS KING DIAMONDS SEVEN,0.5516,0.233,0.2154
DIAMONDS ACE DIAMONDS SIX,0.3724,0.0046,0.623
HEARTS FOUR DIAMONDS SIX,0.6298,0.0056,0.3646
SPADES TWO HEARTS JACK,0.6278,0.0056,0.3666
HEARTS FIVE DIAMONDS SIX,0.6146,0.0076,0.3778
SPADES TWO HEARTS TEN,0.6338,0.0074,0.3588
DIAMONDS QUEEN DIAMONDS SIX,0.5868,0.0068,0.4064
HEARTS TWO DIAMONDS SIX,0.6578,0.0068,0.3354
DIAMONDS KING DIAMONDS SIX,0.5204,0.2122,0.2674
HEARTS THREE DIAMONDS SIX,0.6462,0.0096,0.3442
HEARTS EIGHT DIAMONDS SIX,0.6992,0.034,0.2668
HEARTS NINE DIAMONDS SIX,0.6262,0.0048,0.369
HEARTS SIX DIAMONDS SIX,0.4288,0.014,0.5572
HEARTS SEVEN DIAMONDS SIX,0.6182,0.0098,0.372
HEARTS TEN DIAMONDS SEVEN,0.6104,0.0064,0.3832
CLUBS TWO DIAMONDS SIX,0.6558,0.0094,0.3348
HEARTS JACK DIAMONDS SEVEN,0.6288,0.0062,0.365
CLUBS THREE DIAMONDS SIX,0.6498,0.012,0.3382
CLUBS SEVEN DIAMONDS SIX,0.6214,0.0098,0.3688
CLUBS SIX DIAMONDS SIX,0.4356,0.0148,0.5496
CLUBS FIVE DIAMONDS SIX,0.6156,0.01,0.3744
CLUBS FOUR DIAMONDS SIX,0.632,0.0092,0.3588
HEARTS ACE HEARTS JACK,0.3334,0.0034,0.6632
HEARTS QUEEN HEARTS JACK,0.5406,0.0072,0.4522
CLUBS NINE DIAMONDS SIX,0.6138,0.0102,0.376
HEARTS KING HEARTS JACK,0.223,0.079,0.698
CLUBS EIGHT DIAMONDS SIX,0.703,0.0362,0.2608
SPADES TEN HEARTS KING,0.2252,0.1178,0.657
SPADES FIVE DIAMONDS SIX,0.6174,0.0084,0.3742
HEARTS ACE SPADES TWO,0.3984,0.0048,0.5968
SPADES JACK HEARTS KING,0.2522,0.082,0.6658
SPADES FOUR DIAMONDS SIX,0.623,0.0082,0.3688
SPADES THREE DIAMONDS SIX,0.649,0.0084,0.3426
HEARTS QUEEN SPADES TWO,0.6204,0.0064,0.3732
SPADES ACE SPADES KING,0.2212,0.0116,0.7672
HEARTS KING SPADES TWO,0.5384,0.2228,0.2388
SPADES TWO DIAMONDS SIX,0.662,0.0094,0.3286
HEARTS TEN HEARTS EIGHT,0.6434,0.0292,0.3274
SPADES NINE DIAMONDS SIX,0.614,0.007,0.379
HEARTS JACK HEARTS EIGHT,0.6728,0.0274,0.2998
SPADES EIGHT DIAMONDS SIX,0.6924,0.0362,0.2714
SPADES SEVEN DIAMONDS SIX,0.6284,0.0078,0.3638
SPADES SIX DIAMONDS SIX,0.4508,0.0116,0.5376
SPADES KING HEARTS KING,0.0704,0.015,0.9146
SPADES QUEEN HEARTS KING,0.2424,0.0602,0.6974
SPADES ACE HEARTS KING,0.2384,0.0094,0.7522
SPADES ACE HEARTS JACK,0.3438,0.004,0.6522
SPADES QUEEN HEARTS JACK,0.5522,0.0068,0.441
SPADES KING HEARTS JACK,0.2358,0.0942,0.67
SPADES TEN DIAMONDS TEN,0.3014,0.0076,0.691
SPADES JACK DIAMONDS TEN,0.5468,0.0056,0.4476
SPADES ACE DIAMONDS TEN,0.3344,0.0032,0.6624
SPADES JACK HEARTS JACK,0.282,0.0042,0.7138
SPADES TEN HEARTS JACK,0.5598,0.006,0.4342
SPADES QUEEN DIAMONDS TEN,0.5582,0.0062,0.4356
SPADES KING DIAMONDS TEN,0.2136,0.1214,0.665
SPADES NINE DIAMONDS SEVEN,0.6082,0.0066,0.3852
SPADES EIGHT DIAMONDS SEVEN,0.6868,0.0348,0.2784
SPADES SEVEN DIAMONDS SEVEN,0.4272,0.011,0.5618
SPADES SIX DIAMONDS SEVEN,0.6106,0.008,0.3814
DIAMONDS KING DIAMONDS SEVEN,0.527,0.2146,0.2584
HEARTS THREE DIAMONDS SEVEN,0.6526,0.0056,0.3418
HEARTS KING DIAMONDS FIVE,0.544,0.227,0.229
DIAMONDS QUEEN DIAMONDS SEVEN,0.5998,0.008,0.3922
HEARTS TWO DIAMONDS SEVEN,0.6802,0.0068,0.313
HEARTS QUEEN DIAMONDS FIVE,0.626,0.0086,0.3654
HEARTS FIVE DIAMONDS SEVEN,0.6366,0.0072,0.3562
DIAMONDS ACE DIAMONDS SEVEN,0.379,0.0056,0.6154
HEARTS FOUR DIAMONDS SEVEN,0.6402,0.006,0.3538
HEARTS ACE DIAMONDS FIVE,0.3938,0.0048,0.6014
HEARTS SEVEN DIAMONDS SEVEN,0.4276,0.011,0.5614
HEARTS SIX DIAMONDS SEVEN,0.6198,0.0076,0.3726
DIAMONDS SEVEN HEARTS NINE,0.6104,0.0076,0.382
HEARTS EIGHT DIAMONDS SEVEN,0.6854,0.0316,0.283
DIAMONDS JACK DIAMONDS SEVEN,0.5878,0.0068,0.4054
DIAMONDS FIVE HEARTS JACK,0.6228,0.0072,0.37
DIAMONDS TEN DIAMONDS SEVEN,0.5748,0.006,0.4192
HEARTS TEN DIAMONDS FIVE,0.6344,0.007,0.3586
SPADES KING CLUBS TWO,0.5568,0.2284,0.2148
CLUBS EIGHT DIAMONDS SEVEN,0.6946,0.0332,0.2722
SPADES QUEEN CLUBS TWO,0.6308,0.007,0.3622
HEARTS KING CLUBS QUEEN,0.2358,0.0588,0.7054
CLUBS NINE DIAMONDS SEVEN,0.6052,0.007,0.3878
SPADES TWO CLUBS JACK,0.6326,0.012,0.3554
SPADES ACE CLUBS TWO,0.4008,0.0038,0.5954
CLUBS TEN SPADES TWO,0.6364,0.0094,0.3542
HEARTS KING CLUBS ACE,0.2164,0.0118,0.7718
CLUBS SEVEN CLUBS SIX,0.5928,0.0062,0.401
SPADES TWO DIAMONDS SEVEN,0.6668,0.0098,0.3234
CLUBS EIGHT CLUBS SIX,0.6624,0.0272,0.3104
SPADES THREE DIAMONDS SEVEN,0.6556,0.0074,0.337
SPADES TWO CLUBS QUEEN,0.6244,0.0072,0.3684
CLUBS NINE CLUBS SIX,0.5962,0.0088,0.395
SPADES FOUR DIAMONDS SEVEN,0.6546,0.0052,0.3402
HEARTS KING CLUBS JACK,0.2414,0.0802,0.6784
SPADES FIVE DIAMONDS SEVEN,0.6278,0.009,0.3632
SPADES TWO CLUBS ACE,0.3926,0.0036,0.6038
CLUBS TEN HEARTS KING,0.2312,0.1148,0.654
CLUBS SIX SPADES TWO,0.66,0.0074,0.3326
CLUBS SIX SPADES THREE,0.6486,0.0074,0.344
CLUBS TWO DIAMONDS SEVEN,0.6726,0.0088,0.3186
CLUBS SIX SPADES FOUR,0.6368,0.0084,0.3548
CLUBS THREE DIAMONDS SEVEN,0.668,0.0092,0.3228
CLUBS SIX SPADES FIVE,0.627,0.0072,0.3658
CLUBS FOUR DIAMONDS SEVEN,0.649,0.0064,0.3446
CLUBS SIX SPADES SIX,0.435,0.0134,0.5516
CLUBS FIVE DIAMONDS SEVEN,0.64,0.0088,0.3512
CLUBS SIX SPADES SEVEN,0.6238,0.0048,0.3714
CLUBS SIX DIAMONDS SEVEN,0.6052,0.009,0.3858
CLUBS SIX SPADES EIGHT,0.693,0.0354,0.2716
SPADES JACK CLUBS TWO,0.628,0.0082,0.3638
CLUBS SEVEN DIAMONDS SEVEN,0.4274,0.0104,0.5622
SPADES NINE CLUBS SIX,0.6182,0.0062,0.3756
SPADES TEN CLUBS TWO,0.6326,0.0066,0.3608
CLUBS TWO CLUBS QUEEN,0.6128,0.009,0.3782
CLUBS TWO CLUBS ACE,0.3736,0.0042,0.6222
CLUBS TEN CLUBS TWO,0.6082,0.0084,0.3834
CLUBS TWO CLUBS JACK,0.5978,0.0082,0.394
SPADES ACE SPADES THREE,0.3634,0.0064,0.6302
SPADES QUEEN SPADES THREE,0.5956,0.0056,0.3988
SPADES KING SPADES THREE,0.5162,0.2184,0.2654
SPADES JACK SPADES THREE,0.584,0.0072,0.4088
SPADES TEN SPADES THREE,0.5912,0.0074,0.4014
CLUBS FOUR HEARTS ACE,0.3986,0.0052,0.5962
CLUBS FOUR HEARTS QUEEN,0.6298,0.0068,0.3634
CLUBS FOUR HEARTS KING,0.5298,0.244,0.2262
CLUBS SIX HEARTS TEN,0.6102,0.0054,0.3844
CLUBS SIX HEARTS JACK,0.6358,0.006,0.3582
CLUBS FOUR HEARTS JACK,0.6324,0.0074,0.3602
SPADES TEN DIAMONDS QUEEN,0.5778,0.0062,0.416
SPADES TEN HEARTS TWO,0.629,0.0066,0.3644
SPADES JACK HEARTS EIGHT,0.6968,0.0318,0.2714
CLUBS FOUR HEARTS TEN,0.6434,0.0066,0.35
SPADES TEN HEARTS EIGHT,0.6954,0.0288,0.2758
SPADES JACK HEARTS TWO,0.6412,0.0062,0.3526
SPADES JACK DIAMONDS QUEEN,0.5558,0.0062,0.438
SPADES ACE HEARTS TWO,0.3994,0.0062,0.5944
SPADES ACE DIAMONDS QUEEN,0.3532,0.005,0.6418
SPADES ACE HEARTS EIGHT,0.2422,0.0254,0.7324
SPADES KING HEARTS EIGHT,0.0254,0.956,0.0186
SPADES QUEEN HEARTS TWO,0.6244,0.0084,0.3672
SPADES QUEEN DIAMONDS QUEEN,0.2902,0.0056,0.7042
SPADES KING DIAMONDS QUEEN,0.228,0.0612,0.7108
SPADES KING HEARTS TWO,0.5376,0.2214,0.241
SPADES QUEEN HEARTS EIGHT,0.7104,0.03,0.2596
CLUBS TWO HEARTS TEN,0.6332,0.0064,0.3604
CLUBS TWO HEARTS JACK,0.6414,0.0064,0.3522
SPADES SEVEN DIAMONDS NINE,0.6002,0.0078,0.392
SPADES SIX DIAMONDS NINE,0.615,0.0062,0.3788
SPADES NINE DIAMONDS NINE,0.3004,0.0104,0.6892
SPADES EIGHT DIAMONDS NINE,0.6942,0.0276,0.2782
DIAMONDS NINE SPADES THREE,0.6376,0.0062,0.3562
DIAMONDS NINE SPADES TWO,0.6328,0.0072,0.36
SPADES FIVE DIAMONDS NINE,0.6152,0.0076,0.3772
DIAMONDS NINE SPADES FOUR,0.6288,0.0068,0.3644
CLUBS NINE DIAMONDS NINE,0.297,0.0116,0.6914
CLUBS EIGHT DIAMONDS NINE,0.678,0.0282,0.2938
CLUBS SIX DIAMONDS NINE,0.61,0.0066,0.3834
SPADES JACK CLUBS FOUR,0.6318,0.008,0.3602
CLUBS SEVEN DIAMONDS NINE,0.6146,0.0078,0.3776
SPADES TEN CLUBS FOUR,0.6376,0.008,0.3544
CLUBS FOUR DIAMONDS NINE,0.6308,0.0084,0.3608
CLUBS FIVE DIAMONDS NINE,0.629,0.0086,0.3624
CLUBS TWO DIAMONDS NINE,0.6452,0.0094,0.3454
CLUBS THREE DIAMONDS NINE,0.6404,0.0072,0.3524
DIAMONDS NINE HEARTS EIGHT,0.6784,0.028,0.2936
DIAMONDS NINE HEARTS NINE,0.2984,0.0104,0.6912
HEARTS SIX DIAMONDS NINE,0.6248,0.009,0.3662
HEARTS SEVEN DIAMONDS NINE,0.594,0.0064,0.3996
CLUBS NINE CLUBS EIGHT,0.6596,0.0266,0.3138
DIAMONDS ACE DIAMONDS NINE,0.3514,0.004,0.6446
HEARTS FOUR DIAMONDS NINE,0.635,0.0086,0.3564
HEARTS FIVE DIAMONDS NINE,0.616,0.0072,0.3768
HEARTS ACE CLUBS TWO,0.3958,0.0038,0.6004
SPADES ACE CLUBS FOUR,0.3904,0.0044,0.6052
DIAMONDS NINE DIAMONDS QUEEN,0.5382,0.0092,0.4526
HEARTS TWO DIAMONDS NINE,0.6326,0.007,0.3604
CLUBS TWO HEARTS KING,0.547,0.2354,0.2176
SPADES KING CLUBS FOUR,0.554,0.2152,0.2308
DIAMONDS KING DIAMONDS NINE,0.2154,0.1544,0.6302
HEARTS THREE DIAMONDS NINE,0.6316,0.0076,0.3608
CLUBS TWO HEARTS QUEEN,0.644,0.0072,0.3488
SPADES QUEEN CLUBS FOUR,0.6262,0.0082,0.3656
DIAMONDS NINE DIAMONDS JACK,0.5488,0.0066,0.4446
CLUBS EIGHT SPADES NINE,0.6784,0.0306,0.291
DIAMONDS TEN DIAMONDS NINE,0.5302,0.0074,0.4624
CLUBS EIGHT SPADES EIGHT,0.2958,0.0262,0.678
CLUBS EIGHT SPADES SEVEN,0.6888,0.0336,0.2776
CLUBS EIGHT SPADES SIX,0.6868,0.0384,0.2748
CLUBS EIGHT SPADES FIVE,0.7048,0.0338,0.2614
CLUBS EIGHT SPADES FOUR,0.7282,0.0364,0.2354
CLUBS EIGHT SPADES THREE,0.7426,0.0332,0.2242
CLUBS EIGHT SPADES TWO,0.743,0.038,0.219
HEARTS SIX DIAMONDS TEN,0.6336,0.0064,0.36
HEARTS SEVEN DIAMONDS TEN,0.6058,0.0076,0.3866
DIAMONDS TEN HEARTS EIGHT,0.6874,0.034,0.2786
CLUBS FOUR CLUBS JACK,0.5974,0.007,0.3956
DIAMONDS TEN HEARTS NINE,0.5624,0.0086,0.429
CLUBS TEN CLUBS FOUR,0.5942,0.0076,0.3982
CLUBS FOUR CLUBS QUEEN,0.5962,0.0088,0.395
DIAMONDS TEN CLUBS TWO,0.6308,0.0068,0.3624
CLUBS THREE DIAMONDS TEN,0.6318,0.0066,0.3616
CLUBS FOUR CLUBS ACE,0.3736,0.0046,0.6218
DIAMONDS TEN DIAMONDS JACK,0.5094,0.0084,0.4822
DIAMONDS TEN DIAMONDS QUEEN,0.5302,0.007,0.4628
HEARTS TWO DIAMONDS TEN,0.6228,0.0086,0.3686
DIAMONDS KING DIAMONDS TEN,0.228,0.1124,0.6596
HEARTS THREE DIAMONDS TEN,0.6214,0.0084,0.3702
DIAMONDS ACE DIAMONDS TEN,0.3388,0.004,0.6572
HEARTS FOUR DIAMONDS TEN,0.6278,0.0074,0.3648
CLUBS EIGHT HEARTS JACK,0.7108,0.033,0.2562
HEARTS FIVE DIAMONDS TEN,0.6218,0.0076,0.3706
CLUBS EIGHT HEARTS TEN,0.692,0.0296,0.2784
CLUBS EIGHT HEARTS QUEEN,0.722,0.0304,0.2476
CLUBS EIGHT HEARTS KING,0.013,0.9772,0.0098
CLUBS EIGHT HEARTS ACE,0.233,0.0278,0.7392
CLUBS NINE SPADES THREE,0.6296,0.0074,0.363
CLUBS NINE SPADES TWO,0.6544,0.0074,0.3382
CLUBS NINE SPADES FIVE,0.6322,0.007,0.3608
CLUBS NINE SPADES FOUR,0.634,0.0096,0.3564
CLUBS NINE SPADES SEVEN,0.6136,0.009,0.3774
CLUBS NINE SPADES SIX,0.6282,0.0084,0.3634
CLUBS NINE SPADES NINE,0.3104,0.0088,0.6808
CLUBS TEN HEARTS EIGHT,0.6832,0.0294,0.2874
CLUBS NINE SPADES EIGHT,0.6884,0.0272,0.2844
HEARTS EIGHT CLUBS JACK,0.6986,0.031,0.2704
CLUBS QUEEN HEARTS EIGHT,0.7228,0.0318,0.2454
CLUBS ACE HEARTS EIGHT,0.234,0.028,0.738
DIAMONDS ACE HEARTS TEN,0.3394,0.0046,0.656
HEARTS FOUR HEARTS TEN,0.5888,0.0072,0.404
DIAMONDS ACE HEARTS JACK,0.354,0.004,0.642
HEARTS FOUR HEARTS JACK,0.5878,0.0068,0.4054
SPADES KING CLUBS FIVE,0.5426,0.23,0.2274
SPADES QUEEN CLUBS FIVE,0.6384,0.0078,0.3538
SPADES ACE CLUBS FIVE,0.4034,0.0042,0.5924
HEARTS SEVEN DIAMONDS JACK,0.616,0.0082,0.3758
HEARTS SIX DIAMONDS JACK,0.643,0.0066,0.3504
DIAMONDS JACK HEARTS NINE,0.5734,0.0082,0.4184
DIAMONDS JACK HEARTS EIGHT,0.6976,0.0344,0.268
DIAMONDS KING DIAMONDS JACK,0.2238,0.0874,0.6888
HEARTS THREE DIAMONDS JACK,0.6206,0.0074,0.372
SPADES ACE SPADES SIX,0.368,0.0036,0.6284
HEARTS ACE SPADES FOUR,0.393,0.0028,0.6042
DIAMONDS QUEEN DIAMONDS JACK,0.5318,0.0078,0.4604
HEARTS TWO DIAMONDS JACK,0.6302,0.008,0.3618
HEARTS FIVE DIAMONDS JACK,0.6352,0.0076,0.3572
SPADES QUEEN SPADES SIX,0.5976,0.0054,0.397
SPADES FOUR HEARTS QUEEN,0.6184,0.0056,0.376
DIAMONDS ACE DIAMONDS JACK,0.3266,0.0058,0.6676
HEARTS FOUR DIAMONDS JACK,0.617,0.0068,0.3762
SPADES KING SPADES SIX,0.503,0.214,0.283
SPADES FOUR HEARTS KING,0.5204,0.2294,0.2502
SPADES TEN SPADES SIX,0.575,0.0076,0.4174
SPADES JACK SPADES SIX,0.5968,0.005,0.3982
SPADES FOUR DIAMONDS JACK,0.6274,0.008,0.3646
SPADES FIVE DIAMONDS JACK,0.6298,0.0066,0.3636
DIAMONDS JACK SPADES TWO,0.6242,0.0082,0.3676
SPADES THREE DIAMONDS JACK,0.631,0.0068,0.3622
SPADES ACE DIAMONDS THREE,0.3998,0.0042,0.596
SPADES QUEEN DIAMONDS THREE,0.6386,0.0054,0.356
CLUBS EIGHT DIAMONDS JACK,0.6914,0.037,0.2716
SPADES KING DIAMONDS THREE,0.5358,0.2382,0.226
CLUBS NINE DIAMONDS JACK,0.5622,0.0052,0.4326
CLUBS SIX DIAMONDS JACK,0.6384,0.0086,0.353
CLUBS SEVEN DIAMONDS JACK,0.6342,0.0086,0.3572
CLUBS FOUR DIAMONDS JACK,0.6208,0.0094,0.3698
CLUBS FIVE DIAMONDS JACK,0.6342,0.008,0.3578
CLUBS TWO DIAMONDS JACK,0.641,0.0064,0.3526
CLUBS THREE DIAMONDS JACK,0.629,0.0078,0.3632
SPADES TEN CLUBS FIVE,0.6236,0.0128,0.3636
SPADES JACK HEARTS SIX,0.6368,0.0068,0.3564
HEARTS SIX SPADES TEN,0.6224,0.0058,0.3718
SPADES JACK CLUBS FIVE,0.629,0.0084,0.3626
SPADES JACK DIAMONDS THREE,0.6262,0.0062,0.3676
CLUBS SEVEN CLUBS ACE,0.3816,0.0038,0.6146
DIAMONDS THREE SPADES TEN,0.6432,0.0072,0.3496
CLUBS SEVEN CLUBS QUEEN,0.608,0.008,0.384
SPADES NINE DIAMONDS JACK,0.5688,0.0072,0.424
CLUBS TEN CLUBS SEVEN,0.5948,0.0076,0.3976
DIAMONDS ACE HEARTS ACE,0.1094,0.0028,0.8878
HEARTS FOUR HEARTS ACE,0.3754,0.0044,0.6202
SPADES EIGHT DIAMONDS JACK,0.6992,0.0332,0.2676
SPADES ACE HEARTS SIX,0.3798,0.0034,0.6168
CLUBS SEVEN CLUBS JACK,0.596,0.0062,0.3978
DIAMONDS ACE HEARTS KING,0.2322,0.0104,0.7574
HEARTS FOUR HEARTS KING,0.498,0.2242,0.2778
SPADES SEVEN DIAMONDS JACK,0.6144,0.005,0.3806
SPADES KING HEARTS SIX,0.5418,0.2216,0.2366
DIAMONDS ACE HEARTS QUEEN,0.3368,0.0034,0.6598
HEARTS FOUR HEARTS QUEEN,0.5898,0.0068,0.4034
SPADES QUEEN HEARTS SIX,0.616,0.0062,0.3778
SPADES SIX DIAMONDS JACK,0.6366,0.0088,0.3546
DIAMONDS TEN SPADES TWO,0.6318,0.008,0.3602
DIAMONDS TEN SPADES THREE,0.625,0.01,0.365
DIAMONDS TEN SPADES FOUR,0.6224,0.0102,0.3674
DIAMONDS TEN SPADES FIVE,0.6158,0.007,0.3772
SPADES SIX DIAMONDS TEN,0.6198,0.0084,0.3718
SPADES SEVEN DIAMONDS TEN,0.6144,0.0066,0.379
SPADES EIGHT DIAMONDS TEN,0.6774,0.0306,0.292
SPADES NINE DIAMONDS TEN,0.5656,0.0082,0.4262
CLUBS FOUR DIAMONDS TEN,0.6334,0.0086,0.358
CLUBS FIVE DIAMONDS TEN,0.6434,0.0084,0.3482
CLUBS SIX DIAMONDS TEN,0.6252,0.008,0.3668
CLUBS SEVEN DIAMONDS TEN,0.6156,0.0074,0.377
CLUBS EIGHT DIAMONDS TEN,0.688,0.0306,0.2814
CLUBS NINE DIAMONDS TEN,0.5678,0.0062,0.426
DIAMONDS THREE CLUBS JACK,0.6438,0.0098,0.3464
CLUBS TEN DIAMONDS THREE,0.6454,0.0058,0.3488
DIAMONDS THREE CLUBS QUEEN,0.6348,0.0074,0.3578
DIAMONDS THREE CLUBS ACE,0.392,0.0084,0.5996
SPADES FOUR HEARTS JACK,0.6242,0.007,0.3688
SPADES FOUR HEARTS TEN,0.6308,0.0042,0.365
SPADES FIVE SPADES TWO,0.5944,0.0084,0.3972
SPADES FOUR SPADES TWO,0.5986,0.0078,0.3936
SPADES THREE SPADES TWO,0.605,0.0076,0.3874
SPADES NINE SPADES TWO,0.59,0.0054,0.4046
SPADES EIGHT SPADES TWO,0.6918,0.032,0.2762
SPADES SEVEN SPADES TWO,0.63,0.0068,0.3632
SPADES SIX SPADES TWO,0.62,0.0074,0.3726
CLUBS THREE DIAMONDS QUEEN,0.6244,0.01,0.3656
CLUBS THREE HEARTS TWO,0.6518,0.0076,0.3406
CLUBS TWO DIAMONDS QUEEN,0.6312,0.0084,0.3604
HEARTS TWO CLUBS TWO,0.4548,0.0152,0.53
HEARTS SEVEN DIAMONDS QUEEN,0.6342,0.0068,0.359
HEARTS SEVEN HEARTS TWO,0.6302,0.007,0.3628
HEARTS SIX DIAMONDS QUEEN,0.623,0.009,0.368
HEARTS SIX HEARTS TWO,0.6178,0.0076,0.3746
DIAMONDS QUEEN HEARTS NINE,0.5836,0.0074,0.409
HEARTS TWO HEARTS NINE,0.5918,0.0076,0.4006
DIAMONDS QUEEN HEARTS EIGHT,0.7172,0.0334,0.2494
HEARTS TWO HEARTS EIGHT,0.6858,0.0344,0.2798
CLUBS NINE HEARTS TWO,0.6432,0.0086,0.3482
CLUBS NINE DIAMONDS QUEEN,0.5798,0.0072,0.413
CLUBS EIGHT HEARTS TWO,0.7404,0.0402,0.2194
CLUBS EIGHT DIAMONDS QUEEN,0.724,0.0336,0.2424
CLUBS FIVE DIAMONDS QUEEN,0.6292,0.006,0.3648
CLUBS FIVE HEARTS TWO,0.639,0.0108,0.3502
SPADES EIGHT HEARTS ACE,0.2434,0.025,0.7316
CLUBS FOUR DIAMONDS QUEEN,0.6264,0.0082,0.3654
CLUBS FOUR HEARTS TWO,0.6582,0.0076,0.3342
CLUBS SEVEN DIAMONDS QUEEN,0.6444,0.0074,0.3482
CLUBS SEVEN HEARTS TWO,0.6734,0.0096,0.317
SPADES EIGHT HEARTS QUEEN,0.7068,0.0266,0.2666
CLUBS SIX DIAMONDS QUEEN,0.6248,0.0076,0.3676
CLUBS SIX HEARTS TWO,0.66,0.0048,0.3352
SPADES EIGHT HEARTS KING,0.0238,0.9536,0.0226
HEARTS TWO SPADES SIX,0.6484,0.0086,0.343
SPADES SIX DIAMONDS QUEEN,0.6338,0.0066,0.3596
HEARTS FOUR CLUBS QUEEN,0.6254,0.0082,0.3664
DIAMONDS ACE CLUBS QUEEN,0.3556,0.0048,0.6396
SPADES SEVEN DIAMONDS QUEEN,0.6186,0.0074,0.374
SPADES SEVEN HEARTS TWO,0.6698,0.0088,0.3214
SPADES EIGHT DIAMONDS QUEEN,0.7106,0.0328,0.2566
SPADES EIGHT HEARTS TWO,0.733,0.0354,0.2316
HEARTS FOUR CLUBS ACE,0.3782,0.0042,0.6176
DIAMONDS ACE CLUBS ACE,0.1116,0.0032,0.8852
SPADES NINE DIAMONDS QUEEN,0.583,0.0072,0.4098
SPADES NINE HEARTS TWO,0.6364,0.0074,0.3562
HEARTS TWO SPADES TWO,0.4382,0.0128,0.549
DIAMONDS QUEEN SPADES TWO,0.6192,0.0092,0.3716
HEARTS TWO SPADES THREE,0.6398,0.0094,0.3508
DIAMONDS QUEEN SPADES THREE,0.6172,0.0072,0.3756
HEARTS TWO SPADES FOUR,0.6384,0.0068,0.3548
SPADES FOUR DIAMONDS QUEEN,0.625,0.007,0.368
CLUBS TEN HEARTS FOUR,0.618,0.0064,0.3756
CLUBS TEN DIAMONDS ACE,0.3458,0.0046,0.6496
HEARTS TWO SPADES FIVE,0.637,0.0068,0.3562
SPADES FIVE DIAMONDS QUEEN,0.6176,0.0072,0.3752
HEARTS FOUR CLUBS JACK,0.6374,0.0082,0.3544
DIAMONDS ACE CLUBS JACK,0.3446,0.0058,0.6496
CLUBS FIVE CLUBS QUEEN,0.5946,0.0088,0.3966
CLUBS FIVE CLUBS ACE,0.3656,0.0058,0.6286
CLUBS FIVE CLUBS JACK,0.599,0.0072,0.3938
CLUBS TEN CLUBS FIVE,0.6058,0.007,0.3872
SPADES KING CLUBS JACK,0.24,0.0838,0.6762
SPADES QUEEN CLUBS JACK,0.5736,0.0044,0.422
SPADES ACE CLUBS JACK,0.345,0.0032,0.6518
SPADES SIX CLUBS QUEEN,0.6286,0.0066,0.3648
SPADES EIGHT HEARTS JACK,0.6984,0.0356,0.266
SPADES SIX CLUBS ACE,0.3926,0.002,0.6054
SPADES EIGHT HEARTS TEN,0.6714,0.0334,0.2952
SPADES SIX CLUBS JACK,0.637,0.0074,0.3556
CLUBS TEN SPADES SIX,0.6102,0.0062,0.3836
SPADES TEN CLUBS JACK,0.5568,0.0082,0.435
SPADES JACK CLUBS JACK,0.288,0.0054,0.7066
SPADES QUEEN CLUBS SEVEN,0.6374,0.0084,0.3542
SPADES KING CLUBS SEVEN,0.5516,0.2206,0.2278
SPADES ACE CLUBS SEVEN,0.379,0.0048,0.6162
SPADES SIX HEARTS TEN,0.6146,0.0058,0.3796
SPADES SIX HEARTS JACK,0.6148,0.0084,0.3768
SPADES SIX HEARTS ACE,0.3904,0.0024,0.6072
SPADES SIX HEARTS KING,0.5352,0.2304,0.2344
SPADES SIX HEARTS QUEEN,0.63,0.006,0.364
CLUBS SEVEN SPADES JACK,0.6274,0.009,0.3636
CLUBS SEVEN SPADES TEN,0.6264,0.0066,0.367
CLUBS TEN HEARTS SIX,0.623,0.0072,0.3698
HEARTS SIX CLUBS JACK,0.63,0.0064,0.3636
CLUBS ACE CLUBS JACK,0.3352,0.0044,0.6604
HEARTS SIX CLUBS QUEEN,0.628,0.0048,0.3672
HEARTS SIX CLUBS ACE,0.3886,0.0032,0.6082
CLUBS QUEEN CLUBS JACK,0.5376,0.008,0.4544
DIAMONDS THREE HEARTS ACE,0.4026,0.0054,0.592
DIAMONDS THREE HEARTS QUEEN,0.6344,0.0072,0.3584
DIAMONDS THREE HEARTS KING,0.5458,0.2312,0.223
CLUBS FIVE HEARTS JACK,0.6348,0.008,0.3572
SPADES TEN DIAMONDS ACE,0.344,0.0042,0.6518
HEARTS FOUR SPADES TEN,0.627,0.006,0.367
CLUBS FIVE HEARTS TEN,0.6456,0.0084,0.346
HEARTS FOUR SPADES JACK,0.6286,0.0068,0.3646
SPADES JACK DIAMONDS ACE,0.3416,0.0034,0.655
SPADES ACE HEARTS FOUR,0.3846,0.0038,0.6116
SPADES ACE DIAMONDS ACE,0.1148,0.0032,0.882
CLUBS FIVE HEARTS ACE,0.3838,0.0032,0.613
CLUBS FIVE HEARTS KING,0.5416,0.2214,0.237
HEARTS FOUR SPADES QUEEN,0.6246,0.0064,0.369
SPADES QUEEN DIAMONDS ACE,0.354,0.0036,0.6424
SPADES FOUR CLUBS JACK,0.6306,0.0062,0.3632
CLUBS FIVE HEARTS QUEEN,0.6242,0.0088,0.367
SPADES KING DIAMONDS ACE,0.2332,0.0126,0.7542
SPADES KING HEARTS FOUR,0.533,0.2254,0.2416
CLUBS TEN SPADES FOUR,0.6346,0.0064,0.359
DIAMONDS ACE DIAMONDS QUEEN,0.3308,0.0054,0.6638
DIAMONDS ACE HEARTS TWO,0.3932,0.0042,0.6026
HEARTS FOUR DIAMONDS QUEEN,0.62,0.0084,0.3716
HEARTS FOUR HEARTS TWO,0.604,0.0064,0.3896
DIAMONDS THREE HEARTS TEN,0.6362,0.0068,0.357
HEARTS FIVE DIAMONDS QUEEN,0.6286,0.0088,0.3626
HEARTS FIVE HEARTS TWO,0.5994,0.0066,0.394
DIAMONDS THREE HEARTS JACK,0.6338,0.0076,0.3586
SPADES FOUR CLUBS QUEEN,0.6358,0.0054,0.3588
HEARTS TWO DIAMONDS QUEEN,0.6372,0.0066,0.3562
DIAMONDS KING DIAMONDS QUEEN,0.2274,0.0592,0.7134
DIAMONDS KING HEARTS TWO,0.5356,0.2302,0.2342
HEARTS THREE DIAMONDS QUEEN,0.6176,0.007,0.3754
HEARTS THREE HEARTS TWO,0.5952,0.0072,0.3976
SPADES FOUR CLUBS ACE,0.3862,0.0034,0.6104
HEARTS TWO CLUBS ACE,0.4064,0.0048,0.5888
DIAMONDS QUEEN CLUBS ACE,0.354,0.0056,0.6404
HEARTS TWO CLUBS QUEEN,0.6284,0.0094,0.3622
DIAMONDS QUEEN CLUBS QUEEN,0.2882,0.0042,0.7076
SPADES EIGHT SPADES FIVE,0.6528,0.0388,0.3084
CLUBS TEN HEARTS TWO,0.6336,0.0064,0.36
CLUBS TEN DIAMONDS QUEEN,0.5578,0.0068,0.4354
SPADES NINE SPADES FIVE,0.588,0.0054,0.4066
HEARTS TWO CLUBS JACK,0.6358,0.0088,0.3554
DIAMONDS QUEEN CLUBS JACK,0.5556,0.0046,0.4398
SPADES SIX SPADES FIVE,0.5756,0.0078,0.4166
SPADES SEVEN SPADES FIVE,0.5852,0.0068,0.408
DIAMONDS FIVE CLUBS QUEEN,0.621,0.008,0.371
SPADES EIGHT CLUBS ACE,0.2428,0.0274,0.7298
DIAMONDS FIVE CLUBS ACE,0.3922,0.005,0.6028
SPADES EIGHT CLUBS QUEEN,0.7172,0.033,0.2498
SPADES EIGHT CLUBS JACK,0.7054,0.0308,0.2638
CLUBS TEN SPADES EIGHT,0.6934,0.0288,0.2778
CLUBS TEN DIAMONDS FIVE,0.6232,0.0078,0.369
DIAMONDS FIVE CLUBS JACK,0.6384,0.0076,0.354
DIAMONDS TEN HEARTS JACK,0.551,0.006,0.443
DIAMONDS TEN HEARTS TEN,0.2914,0.008,0.7006
SPADES ACE CLUBS NINE,0.3532,0.0046,0.6422
CLUBS NINE SPADES QUEEN,0.5852,0.006,0.4088
CLUBS NINE SPADES KING,0.2326,0.1624,0.605
HEARTS SIX HEARTS KING,0.51,0.2196,0.2704
DIAMONDS KING SPADES SEVEN,0.5334,0.2372,0.2294
HEARTS THREE SPADES SEVEN,0.6512,0.0066,0.3422
SPADES KING DIAMONDS SEVEN,0.5466,0.2324,0.221
HEARTS SIX HEARTS QUEEN,0.589,0.0052,0.4058
SPADES QUEEN DIAMONDS SEVEN,0.6424,0.0058,0.3518
HEARTS THREE SPADES SIX,0.6356,0.0064,0.358
DIAMONDS KING SPADES SIX,0.5332,0.2314,0.2354
SPADES NINE DIAMONDS KING,0.2172,0.1692,0.6136
SPADES NINE HEARTS THREE,0.6332,0.0078,0.359
HEARTS SIX HEARTS ACE,0.3746,0.004,0.6214
DIAMONDS KING SPADES EIGHT,0.0144,0.9662,0.0194
SPADES EIGHT HEARTS THREE,0.7298,0.0402,0.23
SPADES ACE DIAMONDS SEVEN,0.3946,0.0036,0.6018
CLUBS NINE HEARTS THREE,0.6368,0.0054,0.3578
CLUBS NINE DIAMONDS KING,0.228,0.16,0.612
CLUBS EIGHT HEARTS THREE,0.7436,0.0372,0.2192
CLUBS EIGHT DIAMONDS KING,0.0062,0.9856,0.0082
HEARTS THREE SPADES THREE,0.4658,0.0096,0.5246
DIAMONDS KING SPADES THREE,0.5392,0.2348,0.226
HEARTS THREE SPADES TWO,0.6408,0.0106,0.3486
DIAMONDS KING SPADES TWO,0.5396,0.2338,0.2266
HEARTS THREE SPADES FIVE,0.6282,0.0054,0.3664
DIAMONDS KING SPADES FIVE,0.5298,0.2332,0.237
HEARTS THREE SPADES FOUR,0.6258,0.006,0.3682
DIAMONDS KING SPADES FOUR,0.5466,0.221,0.2324
DIAMONDS KING CLUBS TWO,0.5348,0.2338,0.2314
HEARTS THREE CLUBS TWO,0.6446,0.0106,0.3448
DIAMONDS KING CLUBS THREE,0.5452,0.2306,0.2242
CLUBS THREE HEARTS THREE,0.4546,0.0124,0.533
DIAMONDS KING CLUBS FOUR,0.548,0.2314,0.2206
HEARTS THREE CLUBS FOUR,0.6308,0.008,0.3612
