opposingHand,winningChance,drawChance,lostChance
CLUBS JACK HEARTS SEVEN
HEARTS FIVE SPADES TEN,0.6462,0.016,0.3378
SPADES JACK HEARTS FIVE,0.4662,0.3106,0.2232
CLUBS TEN SPADES FIVE,0.627,0.0212,0.3518
CLUBS TEN CLUBS EIGHT,0.5496,0.016,0.4344
CLUBS EIGHT CLUBS KING,0.3446,0.0064,0.649
SPADES FIVE CLUBS ACE,0.398,0.0056,0.5964
CLUBS EIGHT CLUBS QUEEN,0.3444,0.011,0.6446
SPADES FIVE CLUBS KING,0.4058,0.0074,0.5868
SPADES FIVE CLUBS QUEEN,0.403,0.0104,0.5866
CLUBS EIGHT CLUBS ACE,0.3402,0.0038,0.656
DIAMONDS TWO DIAMONDS THREE,0.5974,0.0188,0.3838
DIAMONDS TWO DIAMONDS FIVE,0.601,0.0178,0.3812
SPADES KING HEARTS FIVE,0.4074,0.008,0.5846
DIAMONDS TWO DIAMONDS FOUR,0.5998,0.0204,0.3798
SPADES QUEEN HEARTS FIVE,0.407,0.0126,0.5804
DIAMONDS TWO DIAMONDS SEVEN,0.6658,0.0644,0.2698
DIAMONDS TWO DIAMONDS SIX,0.6084,0.0176,0.374
SPADES ACE HEARTS FIVE,0.3928,0.004,0.6032
DIAMONDS TWO DIAMONDS NINE,0.5828,0.0166,0.4006
DIAMONDS TWO DIAMONDS EIGHT,0.6054,0.014,0.3806
DIAMONDS THREE DIAMONDS FOUR,0.5832,0.0182,0.3986
CLUBS TWO SPADES FOUR,0.6296,0.0188,0.3516
DIAMONDS THREE DIAMONDS FIVE,0.5712,0.02,0.4088
SPADES FIVE CLUBS TWO,0.6342,0.0184,0.3474
CLUBS TWO SPADES TWO,0.453,0.0424,0.5046
CLUBS TWO SPADES THREE,0.6386,0.0214,0.34
DIAMONDS THREE DIAMONDS EIGHT,0.6028,0.0164,0.3808
SPADES EIGHT CLUBS TWO,0.649,0.0164,0.3346
DIAMONDS THREE DIAMONDS NINE,0.6006,0.0186,0.3808
SPADES NINE CLUBS TWO,0.637,0.019,0.344
DIAMONDS THREE DIAMONDS SIX,0.5894,0.0174,0.3932
SPADES SIX CLUBS TWO,0.6616,0.017,0.3214
DIAMONDS THREE DIAMONDS SEVEN,0.6566,0.0598,0.2836
SPADES SEVEN CLUBS TWO,0.7188,0.0626,0.2186
CLUBS SIX CLUBS TWO,0.6246,0.0182,0.3572
CLUBS SEVEN CLUBS TWO,0.687,0.0604,0.2526
CLUBS FOUR CLUBS TWO,0.616,0.0188,0.3652
CLUBS FIVE CLUBS TWO,0.6014,0.0196,0.379
DIAMONDS FOUR DIAMONDS SIX,0.5852,0.0188,0.396
CLUBS TEN CLUBS QUEEN,0.3214,0.0088,0.6698
DIAMONDS FOUR DIAMONDS SEVEN,0.6376,0.0562,0.3062
CLUBS TEN CLUBS KING,0.332,0.0064,0.6616
CLUBS TEN CLUBS ACE,0.337,0.0034,0.6596
CLUBS EIGHT CLUBS TWO,0.6154,0.0168,0.3678
DIAMONDS FIVE DIAMONDS FOUR,0.5748,0.0176,0.4076
CLUBS NINE CLUBS TWO,0.6116,0.0152,0.3732
DIAMONDS NINE DIAMONDS FOUR,0.587,0.0174,0.3956
DIAMONDS EIGHT DIAMONDS FOUR,0.5828,0.0166,0.4006
CLUBS THREE CLUBS TWO,0.6096,0.023,0.3674
DIAMONDS NINE DIAMONDS FIVE,0.5778,0.0154,0.4068
DIAMONDS EIGHT DIAMONDS FIVE,0.5834,0.0148,0.4018
CLUBS TEN DIAMONDS TWO,0.6366,0.0158,0.3476
DIAMONDS FIVE DIAMONDS SEVEN,0.629,0.057,0.314
DIAMONDS FIVE DIAMONDS SIX,0.5722,0.022,0.4058
DIAMONDS TWO CLUBS ACE,0.4046,0.0052,0.5902
DIAMONDS TWO CLUBS KING,0.411,0.008,0.581
DIAMONDS TWO CLUBS QUEEN,0.3984,0.0102,0.5914
DIAMONDS EIGHT DIAMONDS SIX,0.567,0.0146,0.4184
DIAMONDS NINE DIAMONDS SIX,0.5714,0.0152,0.4134
HEARTS ACE SPADES THREE,0.3952,0.0048,0.6
SPADES THREE HEARTS KING,0.4022,0.007,0.5908
DIAMONDS SEVEN DIAMONDS SIX,0.629,0.0564,0.3146
HEARTS QUEEN SPADES THREE,0.4112,0.0096,0.5792
SPADES THREE HEARTS JACK,0.4706,0.3046,0.2248
SPADES THREE HEARTS TEN,0.619,0.0168,0.3642
DIAMONDS EIGHT DIAMONDS SEVEN,0.6246,0.0536,0.3218
DIAMONDS NINE DIAMONDS SEVEN,0.6426,0.0556,0.3018
DIAMONDS NINE DIAMONDS EIGHT,0.5384,0.0158,0.4458
DIAMONDS KING HEARTS TEN,0.3336,0.0066,0.6598
HEARTS THREE HEARTS TEN,0.603,0.0152,0.3818
SPADES JACK CLUBS SIX,0.4948,0.2962,0.209
DIAMONDS KING HEARTS JACK,0.2476,0.0326,0.7198
HEARTS THREE HEARTS JACK,0.4728,0.2602,0.267
SPADES TEN CLUBS SIX,0.6382,0.0162,0.3456
SPADES JACK SPADES FIVE,0.451,0.2812,0.2678
SPADES TEN SPADES FIVE,0.5956,0.0146,0.3898
DIAMONDS KING HEARTS ACE,0.3368,0.0034,0.6598
HEARTS THREE HEARTS ACE,0.388,0.005,0.607
SPADES ACE CLUBS SIX,0.4044,0.005,0.5906
DIAMONDS KING HEARTS QUEEN,0.3188,0.0076,0.6736
HEARTS THREE HEARTS QUEEN,0.3912,0.0102,0.5986
SPADES KING CLUBS SIX,0.3882,0.007,0.6048
DIAMONDS KING HEARTS KING,0.1412,0.008,0.8508
HEARTS THREE HEARTS KING,0.3912,0.0098,0.599
SPADES QUEEN CLUBS SIX,0.406,0.0112,0.5828
SPADES NINE HEARTS TEN,0.555,0.0162,0.4288
SPADES NINE HEARTS JACK,0.2218,0.162,0.6162
SPADES QUEEN SPADES FIVE,0.3828,0.011,0.6062
SPADES KING SPADES FIVE,0.3756,0.0064,0.618
SPADES ACE SPADES FIVE,0.3826,0.0048,0.6126
SPADES NINE HEARTS QUEEN,0.3498,0.0088,0.6414
SPADES NINE HEARTS KING,0.3638,0.0068,0.6294
SPADES NINE HEARTS ACE,0.3746,0.0044,0.621
CLUBS TEN SPADES JACK,0.2312,0.127,0.6418
CLUBS TEN SPADES TEN,0.287,0.0238,0.6892
SPADES ACE CLUBS TEN,0.3442,0.004,0.6518
SPADES KING CLUBS TEN,0.3486,0.0056,0.6458
CLUBS TEN SPADES QUEEN,0.3522,0.0128,0.635
SPADES FIVE HEARTS QUEEN,0.3886,0.0138,0.5976
SPADES FIVE HEARTS KING,0.3976,0.0092,0.5932
HEARTS ACE SPADES FIVE,0.3986,0.0054,0.596
CLUBS EIGHT SPADES TEN,0.5756,0.0164,0.408
HEARTS THREE SPADES JACK,0.4718,0.3054,0.2228
SPADES JACK DIAMONDS KING,0.2466,0.0274,0.726
SPADES TEN DIAMONDS KING,0.3516,0.0054,0.643
HEARTS THREE SPADES TEN,0.6246,0.019,0.3564
SPADES JACK CLUBS EIGHT,0.2234,0.2264,0.5502
CLUBS SIX HEARTS ACE,0.4142,0.005,0.5808
SPADES ACE CLUBS EIGHT,0.3764,0.003,0.6206
CLUBS TEN HEARTS FIVE,0.638,0.019,0.343
CLUBS SIX HEARTS QUEEN,0.421,0.0084,0.5706
SPADES QUEEN CLUBS EIGHT,0.3616,0.0102,0.6282
CLUBS TEN SPADES THREE,0.6354,0.0184,0.3462
CLUBS SIX HEARTS KING,0.4022,0.0068,0.591
SPADES KING CLUBS EIGHT,0.3788,0.006,0.6152
DIAMONDS TWO HEARTS JACK,0.4972,0.2774,0.2254
SPADES THREE CLUBS QUEEN,0.4176,0.0108,0.5716
DIAMONDS TWO HEARTS TEN,0.6438,0.018,0.3382
SPADES THREE CLUBS KING,0.3956,0.0096,0.5948
HEARTS FIVE CLUBS ACE,0.4016,0.0044,0.594
SPADES FIVE HEARTS TEN,0.626,0.0152,0.3588
SPADES THREE CLUBS ACE,0.409,0.0064,0.5846
HEARTS FIVE CLUBS KING,0.397,0.006,0.597
SPADES FIVE HEARTS JACK,0.4828,0.2976,0.2196
HEARTS FIVE CLUBS QUEEN,0.3952,0.0112,0.5936
HEARTS THREE CLUBS KING,0.4072,0.0056,0.5872
DIAMONDS KING CLUBS KING,0.1372,0.008,0.8548
HEARTS THREE CLUBS QUEEN,0.4208,0.015,0.5642
DIAMONDS KING CLUBS QUEEN,0.3214,0.0052,0.6734
HEARTS FIVE HEARTS JACK,0.4538,0.2856,0.2606
HEARTS FIVE HEARTS TEN,0.5888,0.0172,0.394
HEARTS THREE CLUBS ACE,0.4014,0.0044,0.5942
DIAMONDS KING CLUBS ACE,0.3336,0.003,0.6634
SPADES ACE CLUBS QUEEN,0.324,0.0036,0.6724
SPADES KING CLUBS QUEEN,0.3308,0.007,0.6622
SPADES QUEEN CLUBS QUEEN,0.1504,0.0096,0.84
CLUBS TEN HEARTS THREE,0.6442,0.0182,0.3376
CLUBS TEN DIAMONDS KING,0.348,0.005,0.647
SPADES JACK CLUBS QUEEN,0.2062,0.0412,0.7526
CLUBS SIX CLUBS QUEEN,0.3822,0.0112,0.6066
SPADES TEN CLUBS QUEEN,0.323,0.011,0.666
CLUBS SIX CLUBS KING,0.3808,0.0082,0.611
CLUBS SIX CLUBS ACE,0.394,0.0034,0.6026
HEARTS FIVE HEARTS KING,0.372,0.0094,0.6186
HEARTS FIVE HEARTS QUEEN,0.381,0.0104,0.6086
CLUBS TEN CLUBS SIX,0.5916,0.0184,0.39
HEARTS FIVE HEARTS ACE,0.3708,0.0052,0.624
SPADES SEVEN HEARTS JACK,0.0118,0.9702,0.018
SPADES SEVEN HEARTS TEN,0.684,0.0552,0.2608
DIAMONDS TWO CLUBS TWO,0.45,0.043,0.507
DIAMONDS TWO CLUBS THREE,0.6448,0.0228,0.3324
HEARTS SIX DIAMONDS TWO,0.6528,0.017,0.3302
DIAMONDS TWO HEARTS QUEEN,0.4098,0.0118,0.5784
DIAMONDS TWO HEARTS KING,0.41,0.0074,0.5826
DIAMONDS TWO HEARTS EIGHT,0.6346,0.0202,0.3452
DIAMONDS TWO HEARTS ACE,0.3984,0.006,0.5956
DIAMONDS TWO HEARTS NINE,0.6312,0.015,0.3538
DIAMONDS TWO DIAMONDS QUEEN,0.3828,0.0116,0.6056
DIAMONDS TWO HEARTS TWO,0.441,0.0412,0.5178
DIAMONDS TWO DIAMONDS KING,0.4006,0.0072,0.5922
HEARTS THREE DIAMONDS TWO,0.645,0.0168,0.3382
DIAMONDS TWO DIAMONDS ACE,0.3882,0.002,0.6098
HEARTS FOUR DIAMONDS TWO,0.6434,0.0184,0.3382
DIAMONDS TWO HEARTS FIVE,0.6306,0.0166,0.3528
SPADES SEVEN HEARTS ACE,0.2378,0.0256,0.7366
DIAMONDS TWO DIAMONDS TEN,0.594,0.0168,0.3892
SPADES SEVEN HEARTS KING,0.241,0.0336,0.7254
DIAMONDS TWO DIAMONDS JACK,0.437,0.2888,0.2742
SPADES SEVEN HEARTS QUEEN,0.2434,0.0462,0.7104
DIAMONDS TWO SPADES NINE,0.636,0.0162,0.3478
DIAMONDS TWO SPADES EIGHT,0.6284,0.016,0.3556
DIAMONDS TWO SPADES SEVEN,0.7036,0.063,0.2334
DIAMONDS TWO SPADES SIX,0.6418,0.0184,0.3398
DIAMONDS TWO SPADES FIVE,0.6402,0.0172,0.3426
DIAMONDS TWO SPADES FOUR,0.632,0.0182,0.3498
DIAMONDS TWO SPADES THREE,0.6424,0.0208,0.3368
DIAMONDS TWO SPADES TWO,0.435,0.0406,0.5244
CLUBS NINE DIAMONDS TWO,0.6386,0.0172,0.3442
DIAMONDS TWO CLUBS EIGHT,0.6314,0.0198,0.3488
CLUBS SEVEN DIAMONDS TWO,0.71,0.0662,0.2238
DIAMONDS TWO CLUBS SIX,0.6526,0.022,0.3254
DIAMONDS TWO CLUBS FIVE,0.6322,0.0216,0.3462
DIAMONDS TWO CLUBS FOUR,0.644,0.0208,0.3352
CLUBS FOUR SPADES FIVE,0.6148,0.0212,0.364
CLUBS FOUR SPADES FOUR,0.4244,0.037,0.5386
CLUBS FOUR SPADES THREE,0.6092,0.0182,0.3726
CLUBS FOUR SPADES TWO,0.6482,0.0206,0.3312
SPADES NINE CLUBS FOUR,0.6464,0.0184,0.3352
SPADES EIGHT CLUBS FOUR,0.6356,0.0178,0.3466
SPADES SEVEN CLUBS FOUR,0.6948,0.0604,0.2448
CLUBS FOUR SPADES SIX,0.6294,0.0206,0.35
SPADES ACE DIAMONDS SIX,0.4048,0.0036,0.5916
SPADES QUEEN DIAMONDS SIX,0.4124,0.0092,0.5784
SPADES KING DIAMONDS SIX,0.4108,0.0064,0.5828
SPADES TEN DIAMONDS SIX,0.615,0.0144,0.3706
SPADES JACK DIAMONDS SIX,0.485,0.2992,0.2158
SPADES QUEEN SPADES TWO,0.3824,0.012,0.6056
SPADES KING SPADES TWO,0.391,0.0066,0.6024
SPADES ACE SPADES TWO,0.386,0.0032,0.6108
CLUBS TEN DIAMONDS JACK,0.2366,0.1238,0.6396
DIAMONDS JACK CLUBS KING,0.2362,0.0304,0.7334
DIAMONDS JACK CLUBS QUEEN,0.2194,0.045,0.7356
DIAMONDS THREE DIAMONDS JACK,0.4506,0.2812,0.2682
DIAMONDS THREE DIAMONDS TEN,0.5966,0.0162,0.3872
DIAMONDS JACK CLUBS ACE,0.231,0.0198,0.7492
DIAMONDS THREE DIAMONDS KING,0.3822,0.0088,0.609
HEARTS THREE DIAMONDS THREE,0.4332,0.0406,0.5262
DIAMONDS THREE DIAMONDS QUEEN,0.3846,0.009,0.6064
DIAMONDS THREE HEARTS TWO,0.6476,0.0202,0.3322
HEARTS FIVE DIAMONDS THREE,0.6112,0.0182,0.3706
DIAMONDS THREE DIAMONDS ACE,0.3786,0.0044,0.617
HEARTS FOUR DIAMONDS THREE,0.6208,0.0176,0.3616
SPADES TEN SPADES NINE,0.5116,0.0162,0.4722
HEARTS SIX DIAMONDS THREE,0.635,0.0166,0.3484
SPADES JACK SPADES NINE,0.2146,0.156,0.6294
DIAMONDS THREE HEARTS NINE,0.632,0.0164,0.3516
HEARTS JACK DIAMONDS FOUR,0.477,0.2822,0.2408
HEARTS ACE HEARTS KING,0.325,0.0044,0.6706
SPADES TEN SPADES TWO,0.5828,0.0184,0.3988
DIAMONDS THREE HEARTS EIGHT,0.6354,0.0184,0.3462
HEARTS TEN DIAMONDS FOUR,0.622,0.0166,0.3614
SPADES JACK SPADES TWO,0.4536,0.275,0.2714
HEARTS QUEEN DIAMONDS FOUR,0.3948,0.01,0.5952
HEARTS KING DIAMONDS FOUR,0.4062,0.0082,0.5856
SPADES ACE SPADES NINE,0.3352,0.0036,0.6612
HEARTS ACE DIAMONDS FOUR,0.4036,0.003,0.5934
SPADES KING SPADES NINE,0.3424,0.0074,0.6502
SPADES QUEEN SPADES NINE,0.3392,0.0086,0.6522
DIAMONDS THREE SPADES NINE,0.6254,0.0188,0.3558
DIAMONDS THREE SPADES EIGHT,0.6456,0.0166,0.3378
DIAMONDS THREE SPADES SEVEN,0.6956,0.0602,0.2442
DIAMONDS THREE SPADES SIX,0.637,0.0194,0.3436
DIAMONDS THREE CLUBS SIX,0.631,0.0204,0.3486
CLUBS FIVE CLUBS SIX,0.5756,0.0196,0.4048
CLUBS ACE DIAMONDS FOUR,0.4052,0.0064,0.5884
CLUBS SEVEN DIAMONDS THREE,0.7126,0.0628,0.2246
CLUBS SEVEN CLUBS FIVE,0.6436,0.0556,0.3008
DIAMONDS THREE CLUBS FOUR,0.6288,0.021,0.3502
DIAMONDS FOUR CLUBS QUEEN,0.4034,0.0094,0.5872
DIAMONDS THREE CLUBS FIVE,0.6148,0.0218,0.3634
DIAMONDS FOUR CLUBS KING,0.3918,0.0074,0.6008
DIAMONDS THREE CLUBS TWO,0.6552,0.0184,0.3264
CLUBS TEN DIAMONDS FOUR,0.6406,0.0128,0.3466
DIAMONDS THREE CLUBS THREE,0.4406,0.0424,0.517
DIAMONDS THREE SPADES FOUR,0.6176,0.0192,0.3632
DIAMONDS THREE SPADES FIVE,0.623,0.0192,0.3578
DIAMONDS THREE SPADES TWO,0.639,0.0174,0.3436
DIAMONDS THREE SPADES THREE,0.4334,0.041,0.5256
CLUBS EIGHT DIAMONDS THREE,0.6294,0.0182,0.3524
CLUBS NINE DIAMONDS THREE,0.6382,0.0188,0.343
SPADES SEVEN CLUBS ACE,0.2468,0.0246,0.7286
SPADES SEVEN CLUBS QUEEN,0.2488,0.0482,0.703
SPADES SEVEN CLUBS KING,0.2454,0.0354,0.7192
CLUBS FIVE SPADES SEVEN,0.6704,0.0648,0.2648
CLUBS TEN SPADES SEVEN,0.6872,0.0604,0.2524
CLUBS FIVE SPADES SIX,0.6146,0.0176,0.3678
CLUBS FIVE SPADES NINE,0.6272,0.019,0.3538
CLUBS FIVE SPADES EIGHT,0.6084,0.0176,0.374
CLUBS FIVE SPADES THREE,0.6214,0.0208,0.3578
CLUBS FIVE SPADES TWO,0.6452,0.0178,0.337
CLUBS FIVE SPADES FIVE,0.426,0.0394,0.5346
CLUBS FIVE SPADES FOUR,0.6124,0.0196,0.368
CLUBS NINE CLUBS FIVE,0.5898,0.0166,0.3936
CLUBS EIGHT CLUBS FIVE,0.5888,0.0162,0.395
CLUBS ACE CLUBS QUEEN,0.3188,0.0032,0.678
CLUBS KING CLUBS QUEEN,0.3174,0.0072,0.6754
DIAMONDS TEN DIAMONDS FOUR,0.5914,0.0148,0.3938
CLUBS TEN DIAMONDS NINE,0.5606,0.0166,0.4228
DIAMONDS JACK DIAMONDS FOUR,0.4534,0.2844,0.2622
CLUBS TEN SPADES NINE,0.5674,0.0172,0.4154
DIAMONDS ACE DIAMONDS FOUR,0.3746,0.0046,0.6208
HEARTS FOUR DIAMONDS FOUR,0.4224,0.0364,0.5412
DIAMONDS JACK HEARTS TEN,0.2218,0.127,0.6512
SPADES NINE CLUBS KING,0.3494,0.0056,0.645
DIAMONDS TWO SPADES TEN,0.631,0.0182,0.3508
DIAMONDS NINE CLUBS ACE,0.3654,0.0042,0.6304
HEARTS FIVE DIAMONDS FOUR,0.6008,0.0194,0.3798
DIAMONDS JACK HEARTS JACK,0.101,0.0384,0.8606
SPADES NINE CLUBS QUEEN,0.3462,0.0098,0.644
DIAMONDS TWO SPADES JACK,0.479,0.2974,0.2236
DIAMONDS QUEEN DIAMONDS FOUR,0.3726,0.0104,0.617
HEARTS TWO DIAMONDS FOUR,0.6334,0.0222,0.3444
DIAMONDS NINE CLUBS QUEEN,0.3548,0.011,0.6342
DIAMONDS KING DIAMONDS FOUR,0.3828,0.006,0.6112
HEARTS THREE DIAMONDS FOUR,0.6156,0.0186,0.3658
SPADES NINE CLUBS ACE,0.3606,0.0046,0.6348
DIAMONDS NINE CLUBS KING,0.3494,0.0082,0.6424
HEARTS ACE DIAMONDS JACK,0.225,0.0222,0.7528
SPADES ACE DIAMONDS TWO,0.3954,0.0038,0.6008
HEARTS QUEEN DIAMONDS JACK,0.2162,0.0382,0.7456
SPADES QUEEN DIAMONDS TWO,0.409,0.0076,0.5834
DIAMONDS JACK HEARTS KING,0.2358,0.0268,0.7374
SPADES KING DIAMONDS TWO,0.425,0.0064,0.5686
SPADES JACK SPADES SEVEN,0.0214,0.9072,0.0714
SPADES TEN SPADES SEVEN,0.6504,0.05,0.2996
CLUBS SEVEN CLUBS THREE,0.6586,0.068,0.2734
CLUBS SIX CLUBS THREE,0.6066,0.021,0.3724
CLUBS FIVE CLUBS THREE,0.5968,0.0204,0.3828
CLUBS THREE CLUBS FOUR,0.5924,0.0218,0.3858
CLUBS NINE CLUBS THREE,0.6044,0.0138,0.3818
CLUBS EIGHT CLUBS THREE,0.6134,0.016,0.3706
CLUBS THREE SPADES FIVE,0.6298,0.0162,0.354
CLUBS THREE SPADES FOUR,0.6278,0.0182,0.354
CLUBS THREE SPADES THREE,0.4292,0.0384,0.5324
CLUBS THREE SPADES TWO,0.6516,0.0198,0.3286
CLUBS THREE SPADES SIX,0.6392,0.0208,0.34
CLUBS THREE SPADES SEVEN,0.7082,0.0622,0.2296
SPADES EIGHT CLUBS THREE,0.633,0.017,0.35
SPADES NINE CLUBS THREE,0.6412,0.0184,0.3404
SPADES TWO DIAMONDS FOUR,0.6244,0.0184,0.3572
SPADES THREE DIAMONDS FOUR,0.6208,0.0186,0.3606
SPADES FOUR DIAMONDS FOUR,0.433,0.0348,0.5322
SPADES FIVE DIAMONDS FOUR,0.616,0.0148,0.3692
SPADES SIX DIAMONDS FOUR,0.6192,0.0202,0.3606
SPADES SEVEN DIAMONDS FOUR,0.6878,0.0618,0.2504
SPADES EIGHT DIAMONDS FOUR,0.6364,0.0168,0.3468
SPADES NINE DIAMONDS FOUR,0.6494,0.0166,0.334
CLUBS FIVE DIAMONDS FOUR,0.6132,0.0172,0.3696
CLUBS FOUR DIAMONDS FOUR,0.4342,0.044,0.5218
CLUBS SEVEN DIAMONDS FOUR,0.698,0.0582,0.2438
CLUBS SIX DIAMONDS FOUR,0.6314,0.0218,0.3468
CLUBS NINE DIAMONDS FOUR,0.6236,0.0204,0.356
CLUBS EIGHT DIAMONDS FOUR,0.6286,0.0194,0.352
HEARTS SIX DIAMONDS FOUR,0.627,0.017,0.356
DIAMONDS FOUR HEARTS NINE,0.6294,0.0162,0.3544
DIAMONDS FOUR HEARTS EIGHT,0.613,0.0192,0.3678
CLUBS THREE DIAMONDS FOUR,0.6256,0.0188,0.3556
CLUBS TWO DIAMONDS FOUR,0.6388,0.0218,0.3394
DIAMONDS TEN DIAMONDS FIVE,0.5962,0.015,0.3888
DIAMONDS JACK DIAMONDS FIVE,0.4558,0.2724,0.2718
DIAMONDS NINE HEARTS QUEEN,0.3292,0.009,0.6618
DIAMONDS NINE HEARTS KING,0.3546,0.0066,0.6388
HEARTS ACE DIAMONDS NINE,0.3548,0.0026,0.6426
DIAMONDS NINE HEARTS TEN,0.554,0.015,0.431
DIAMONDS NINE HEARTS JACK,0.2198,0.1694,0.6108
CLUBS KING DIAMONDS SIX,0.401,0.0064,0.5926
CLUBS QUEEN DIAMONDS SIX,0.3944,0.0086,0.597
CLUBS ACE DIAMONDS SIX,0.3982,0.0036,0.5982
SPADES KING DIAMONDS FOUR,0.403,0.007,0.59
SPADES ACE SPADES SEVEN,0.2446,0.022,0.7334
SPADES QUEEN DIAMONDS FOUR,0.411,0.0128,0.5762
SPADES QUEEN SPADES SEVEN,0.2346,0.0386,0.7268
SPADES KING SPADES SEVEN,0.228,0.0332,0.7388
SPADES ACE DIAMONDS FOUR,0.4162,0.0036,0.5802
CLUBS TEN DIAMONDS SIX,0.6328,0.0152,0.352
CLUBS NINE CLUBS FOUR,0.6178,0.0172,0.365
CLUBS EIGHT CLUBS FOUR,0.6002,0.0172,0.3826
SPADES JACK DIAMONDS FOUR,0.4926,0.2808,0.2266
SPADES TEN DIAMONDS FOUR,0.621,0.0164,0.3626
CLUBS FIVE CLUBS FOUR,0.5856,0.0188,0.3956
CLUBS SEVEN CLUBS FOUR,0.6598,0.0594,0.2808
CLUBS SIX CLUBS FOUR,0.586,0.0194,0.3946
CLUBS SEVEN SPADES EIGHT,0.6686,0.0544,0.277
CLUBS SEVEN SPADES NINE,0.6888,0.0552,0.256
CLUBS SEVEN SPADES SIX,0.6736,0.0634,0.263
CLUBS SEVEN SPADES SEVEN,0.3096,0.0344,0.656
CLUBS SEVEN SPADES FIVE,0.6758,0.0592,0.265
CLUBS SEVEN SPADES FOUR,0.686,0.0644,0.2496
CLUBS SEVEN SPADES THREE,0.7002,0.064,0.2358
CLUBS SEVEN SPADES TWO,0.7184,0.0608,0.2208
CLUBS NINE CLUBS SEVEN,0.6468,0.0604,0.2928
CLUBS SEVEN CLUBS EIGHT,0.641,0.058,0.301
HEARTS SIX DIAMONDS FIVE,0.6164,0.0196,0.364
DIAMONDS FIVE HEARTS EIGHT,0.6092,0.0184,0.3724
DIAMONDS FIVE HEARTS NINE,0.6078,0.0186,0.3736
DIAMONDS QUEEN DIAMONDS FIVE,0.3772,0.0106,0.6122
HEARTS TWO DIAMONDS FIVE,0.631,0.0216,0.3474
HEARTS KING HEARTS EIGHT,0.3524,0.006,0.6416
DIAMONDS KING DIAMONDS FIVE,0.3748,0.0066,0.6186
HEARTS THREE DIAMONDS FIVE,0.6132,0.0156,0.3712
HEARTS QUEEN HEARTS EIGHT,0.341,0.011,0.648
DIAMONDS ACE DIAMONDS FIVE,0.3786,0.0048,0.6166
HEARTS FOUR DIAMONDS FIVE,0.6092,0.0202,0.3706
HEARTS FIVE DIAMONDS FIVE,0.4164,0.039,0.5446
HEARTS ACE HEARTS EIGHT,0.3458,0.0042,0.65
CLUBS FOUR DIAMONDS FIVE,0.609,0.0212,0.3698
CLUBS FIVE DIAMONDS FIVE,0.421,0.0346,0.5444
CLUBS SIX DIAMONDS FIVE,0.6146,0.015,0.3704
CLUBS SEVEN DIAMONDS FIVE,0.6764,0.062,0.2616
CLUBS TWO DIAMONDS FIVE,0.6434,0.0238,0.3328
CLUBS THREE DIAMONDS FIVE,0.6138,0.0216,0.3646
SPADES THREE DIAMONDS FIVE,0.6124,0.0172,0.3704
SPADES TWO DIAMONDS FIVE,0.6246,0.0214,0.354
SPADES JACK DIAMONDS EIGHT,0.2336,0.215,0.5514
SPADES FIVE DIAMONDS FIVE,0.4276,0.0404,0.532
CLUBS TEN HEARTS JACK,0.2214,0.1294,0.6492
SPADES TEN DIAMONDS EIGHT,0.57,0.0142,0.4158
SPADES FOUR DIAMONDS FIVE,0.6126,0.016,0.3714
HEARTS JACK CLUBS QUEEN,0.206,0.0406,0.7534
CLUBS NINE DIAMONDS FIVE,0.6142,0.0182,0.3676
HEARTS JACK CLUBS KING,0.2264,0.0334,0.7402
CLUBS EIGHT DIAMONDS FIVE,0.6174,0.0182,0.3644
CLUBS ACE HEARTS JACK,0.232,0.0194,0.7486
SPADES SEVEN DIAMONDS FIVE,0.6598,0.0614,0.2788
SPADES KING DIAMONDS EIGHT,0.3806,0.0046,0.6148
SPADES QUEEN DIAMONDS EIGHT,0.3446,0.0098,0.6456
SPADES SIX DIAMONDS FIVE,0.6164,0.018,0.3656
SPADES NINE DIAMONDS FIVE,0.6234,0.0146,0.362
SPADES EIGHT DIAMONDS FIVE,0.613,0.0162,0.3708
SPADES ACE DIAMONDS EIGHT,0.3736,0.0036,0.6228
DIAMONDS TEN DIAMONDS SIX,0.5882,0.0168,0.395
HEARTS ACE DIAMONDS SEVEN,0.2382,0.0252,0.7366
DIAMONDS JACK DIAMONDS SIX,0.4506,0.2862,0.2632
HEARTS QUEEN DIAMONDS SEVEN,0.246,0.0456,0.7084
HEARTS KING DIAMONDS SEVEN,0.2446,0.035,0.7204
DIAMONDS ACE DIAMONDS SIX,0.3744,0.0028,0.6228
HEARTS FOUR DIAMONDS SIX,0.6214,0.0168,0.3618
SPADES TWO HEARTS JACK,0.4682,0.2974,0.2344
HEARTS FIVE DIAMONDS SIX,0.6152,0.0166,0.3682
SPADES TWO HEARTS TEN,0.6344,0.0186,0.347
DIAMONDS QUEEN DIAMONDS SIX,0.3718,0.01,0.6182
HEARTS TWO DIAMONDS SIX,0.6672,0.0192,0.3136
DIAMONDS KING DIAMONDS SIX,0.3724,0.0064,0.6212
HEARTS THREE DIAMONDS SIX,0.636,0.02,0.344
HEARTS EIGHT DIAMONDS SIX,0.6118,0.0224,0.3658
HEARTS NINE DIAMONDS SIX,0.6026,0.0178,0.3796
HEARTS SIX DIAMONDS SIX,0.4204,0.0416,0.538
HEARTS TEN DIAMONDS SEVEN,0.6806,0.0598,0.2596
CLUBS TWO DIAMONDS SIX,0.6764,0.017,0.3066
HEARTS JACK DIAMONDS SEVEN,0.0114,0.97,0.0186
CLUBS THREE DIAMONDS SIX,0.6464,0.0198,0.3338
CLUBS SEVEN DIAMONDS SIX,0.6754,0.057,0.2676
CLUBS SIX DIAMONDS SIX,0.4236,0.033,0.5434
CLUBS TEN DIAMONDS EIGHT,0.5802,0.018,0.4018
CLUBS FIVE DIAMONDS SIX,0.61,0.0168,0.3732
CLUBS FOUR DIAMONDS SIX,0.6186,0.0166,0.3648
HEARTS ACE HEARTS JACK,0.2382,0.0192,0.7426
DIAMONDS EIGHT CLUBS ACE,0.3608,0.0032,0.636
HEARTS QUEEN HEARTS JACK,0.2144,0.041,0.7446
DIAMONDS EIGHT CLUBS KING,0.3652,0.0068,0.628
CLUBS NINE DIAMONDS SIX,0.6154,0.018,0.3666
HEARTS KING HEARTS JACK,0.2364,0.0246,0.739
DIAMONDS EIGHT CLUBS QUEEN,0.3598,0.0104,0.6298
CLUBS EIGHT DIAMONDS SIX,0.6016,0.017,0.3814
SPADES TEN HEARTS KING,0.3418,0.0062,0.652
SPADES FIVE DIAMONDS SIX,0.6156,0.0174,0.367
HEARTS ACE SPADES TWO,0.4146,0.005,0.5804
SPADES JACK HEARTS KING,0.2268,0.033,0.7402
SPADES FOUR DIAMONDS SIX,0.6174,0.0156,0.367
SPADES THREE DIAMONDS SIX,0.6236,0.0224,0.354
HEARTS QUEEN SPADES TWO,0.4082,0.0124,0.5794
SPADES ACE SPADES KING,0.3214,0.0036,0.675
HEARTS KING SPADES TWO,0.409,0.007,0.584
SPADES TWO DIAMONDS SIX,0.6546,0.0198,0.3256
HEARTS TEN HEARTS EIGHT,0.551,0.0162,0.4328
SPADES NINE DIAMONDS SIX,0.6008,0.014,0.3852
HEARTS JACK HEARTS EIGHT,0.2208,0.2284,0.5508
SPADES EIGHT DIAMONDS SIX,0.6176,0.0156,0.3668
SPADES SEVEN DIAMONDS SIX,0.6746,0.0574,0.268
SPADES SIX DIAMONDS SIX,0.4314,0.0378,0.5308
SPADES KING HEARTS KING,0.148,0.0092,0.8428
SPADES QUEEN HEARTS KING,0.319,0.0056,0.6754
CLUBS ACE CLUBS KING,0.319,0.0056,0.6754
SPADES ACE HEARTS KING,0.3296,0.0032,0.6672
SPADES ACE HEARTS JACK,0.237,0.02,0.743
SPADES QUEEN HEARTS JACK,0.2246,0.0426,0.7328
SPADES KING HEARTS JACK,0.2392,0.0312,0.7296
SPADES TEN DIAMONDS TEN,0.2766,0.0184,0.705
SPADES JACK DIAMONDS TEN,0.2312,0.1192,0.6496
SPADES ACE DIAMONDS TEN,0.3556,0.0022,0.6422
SPADES JACK HEARTS JACK,0.098,0.0372,0.8648
SPADES TEN HEARTS JACK,0.2236,0.1206,0.6558
SPADES QUEEN DIAMONDS TEN,0.333,0.0102,0.6568
SPADES KING DIAMONDS TEN,0.357,0.0056,0.6374
SPADES NINE DIAMONDS SEVEN,0.6828,0.0548,0.2624
SPADES EIGHT DIAMONDS SEVEN,0.6552,0.0566,0.2882
SPADES SEVEN DIAMONDS SEVEN,0.303,0.0392,0.6578
SPADES SIX DIAMONDS SEVEN,0.6654,0.0578,0.2768
DIAMONDS KING DIAMONDS SEVEN,0.2396,0.031,0.7294
HEARTS THREE DIAMONDS SEVEN,0.7028,0.0594,0.2378
HEARTS KING DIAMONDS FIVE,0.4068,0.0088,0.5844
DIAMONDS QUEEN DIAMONDS SEVEN,0.2366,0.0426,0.7208
HEARTS TWO DIAMONDS SEVEN,0.704,0.07,0.226
HEARTS QUEEN DIAMONDS FIVE,0.3944,0.0106,0.595
HEARTS FIVE DIAMONDS SEVEN,0.6746,0.0558,0.2696
DIAMONDS ACE DIAMONDS SEVEN,0.2332,0.0198,0.747
HEARTS FOUR DIAMONDS SEVEN,0.6824,0.0686,0.249
HEARTS ACE DIAMONDS FIVE,0.3928,0.0052,0.602
HEARTS SIX DIAMONDS SEVEN,0.6732,0.0634,0.2634
DIAMONDS SEVEN HEARTS NINE,0.6624,0.057,0.2806
HEARTS EIGHT DIAMONDS SEVEN,0.6652,0.0576,0.2772
DIAMONDS JACK DIAMONDS SEVEN,0.0248,0.8984,0.0768
DIAMONDS FIVE HEARTS JACK,0.481,0.2836,0.2354
DIAMONDS TEN DIAMONDS SEVEN,0.6434,0.053,0.3036
HEARTS TEN DIAMONDS FIVE,0.6448,0.0172,0.338
SPADES KING CLUBS TWO,0.4186,0.0066,0.5748
HEARTS KING CLUBS KING,0.1376,0.0076,0.8548
CLUBS EIGHT DIAMONDS SEVEN,0.6628,0.0544,0.2828
SPADES QUEEN CLUBS TWO,0.4068,0.0114,0.5818
HEARTS KING CLUBS QUEEN,0.3106,0.0082,0.6812
CLUBS NINE DIAMONDS SEVEN,0.6742,0.0566,0.2692
SPADES ACE CLUBS TWO,0.4116,0.0036,0.5848
CLUBS TEN SPADES TWO,0.6348,0.0176,0.3476
HEARTS KING CLUBS ACE,0.3246,0.0054,0.67
CLUBS SEVEN CLUBS SIX,0.6426,0.0646,0.2928
SPADES TWO CLUBS KING,0.4074,0.0076,0.585
SPADES TWO DIAMONDS SEVEN,0.707,0.0692,0.2238
CLUBS EIGHT CLUBS SIX,0.5806,0.0148,0.4046
SPADES THREE DIAMONDS SEVEN,0.7008,0.059,0.2402
SPADES TWO CLUBS QUEEN,0.4016,0.012,0.5864
CLUBS NINE CLUBS SIX,0.5882,0.0162,0.3956
SPADES FOUR DIAMONDS SEVEN,0.67,0.0612,0.2688
SPADES FIVE DIAMONDS SEVEN,0.6652,0.0526,0.2822
SPADES TWO CLUBS ACE,0.4038,0.0044,0.5918
CLUBS TEN HEARTS KING,0.3416,0.0074,0.651
CLUBS SIX SPADES TWO,0.6492,0.0188,0.332
CLUBS SIX SPADES THREE,0.6484,0.0214,0.3302
CLUBS TWO DIAMONDS SEVEN,0.7166,0.067,0.2164
CLUBS SIX SPADES FOUR,0.6234,0.02,0.3566
CLUBS THREE DIAMONDS SEVEN,0.6942,0.0666,0.2392
CLUBS SIX SPADES FIVE,0.6094,0.0174,0.3732
CLUBS FOUR DIAMONDS SEVEN,0.6906,0.0582,0.2512
CLUBS SIX SPADES SIX,0.4254,0.0364,0.5382
CLUBS FIVE DIAMONDS SEVEN,0.6742,0.0576,0.2682
CLUBS SIX SPADES SEVEN,0.6652,0.0628,0.272
CLUBS SIX DIAMONDS SEVEN,0.6778,0.0638,0.2584
CLUBS SIX SPADES EIGHT,0.6148,0.0156,0.3696
SPADES JACK CLUBS TWO,0.4916,0.295,0.2134
CLUBS SEVEN DIAMONDS SEVEN,0.3026,0.0368,0.6606
SPADES NINE CLUBS SIX,0.6242,0.0166,0.3592
SPADES TEN CLUBS TWO,0.642,0.0164,0.3416
CLUBS TWO CLUBS QUEEN,0.3888,0.0106,0.6006
CLUBS TWO CLUBS KING,0.3906,0.0066,0.6028
CLUBS THREE DIAMONDS EIGHT,0.6402,0.0182,0.3416
CLUBS TWO CLUBS ACE,0.397,0.006,0.597
CLUBS TWO DIAMONDS EIGHT,0.65,0.0176,0.3324
HEARTS SIX DIAMONDS EIGHT,0.6042,0.0186,0.3772
DIAMONDS EIGHT HEARTS NINE,0.5602,0.0196,0.4202
CLUBS TEN CLUBS TWO,0.6076,0.0166,0.3758
DIAMONDS EIGHT HEARTS EIGHT,0.3032,0.0342,0.6626
CLUBS NINE DIAMONDS EIGHT,0.5674,0.0174,0.4152
CLUBS EIGHT DIAMONDS EIGHT,0.3052,0.03,0.6648
CLUBS FIVE DIAMONDS EIGHT,0.617,0.0226,0.3604
SPADES ACE SPADES THREE,0.3778,0.0056,0.6166
CLUBS FOUR DIAMONDS EIGHT,0.6324,0.0206,0.347
CLUBS SEVEN DIAMONDS EIGHT,0.6766,0.052,0.2714
SPADES QUEEN SPADES THREE,0.3838,0.0116,0.6046
CLUBS SIX DIAMONDS EIGHT,0.6,0.0188,0.3812
SPADES KING SPADES THREE,0.3808,0.0052,0.614
DIAMONDS QUEEN DIAMONDS EIGHT,0.3462,0.0088,0.645
HEARTS TWO DIAMONDS EIGHT,0.638,0.018,0.344
DIAMONDS KING DIAMONDS EIGHT,0.3438,0.0074,0.6488
HEARTS THREE DIAMONDS EIGHT,0.6426,0.0184,0.339
DIAMONDS ACE DIAMONDS EIGHT,0.3374,0.0032,0.6594
HEARTS FOUR DIAMONDS EIGHT,0.6084,0.018,0.3736
HEARTS FIVE DIAMONDS EIGHT,0.6148,0.0178,0.3674
DIAMONDS EIGHT DIAMONDS TEN,0.5406,0.0144,0.445
DIAMONDS EIGHT DIAMONDS JACK,0.2112,0.2156,0.5732
SPADES JACK SPADES THREE,0.4292,0.2938,0.277
SPADES TEN SPADES THREE,0.5862,0.0198,0.394
CLUBS FOUR HEARTS ACE,0.3804,0.005,0.6146
CLUBS FOUR HEARTS QUEEN,0.3892,0.0164,0.5944
CLUBS FOUR HEARTS KING,0.3884,0.01,0.6016
CLUBS SIX HEARTS TEN,0.6262,0.0196,0.3542
CLUBS SIX HEARTS JACK,0.489,0.2942,0.2168
DIAMONDS EIGHT SPADES FOUR,0.6216,0.0194,0.359
SPADES FIVE DIAMONDS EIGHT,0.613,0.0164,0.3706
DIAMONDS EIGHT SPADES TWO,0.6448,0.0156,0.3396
DIAMONDS EIGHT SPADES THREE,0.632,0.0158,0.3522
CLUBS FOUR HEARTS JACK,0.4772,0.3038,0.219
SPADES EIGHT DIAMONDS EIGHT,0.295,0.0354,0.6696
SPADES TEN DIAMONDS QUEEN,0.339,0.0088,0.6522
SPADES TEN HEARTS TWO,0.6364,0.018,0.3456
SPADES JACK HEARTS EIGHT,0.2212,0.2248,0.554
CLUBS FOUR HEARTS TEN,0.636,0.0182,0.3458
SPADES NINE DIAMONDS EIGHT,0.5708,0.0148,0.4144
SPADES TEN HEARTS EIGHT,0.5682,0.0142,0.4176
SPADES JACK HEARTS TWO,0.4878,0.3008,0.2114
SPADES JACK DIAMONDS QUEEN,0.2308,0.0408,0.7284
SPADES SIX DIAMONDS EIGHT,0.6054,0.0158,0.3788
SPADES SEVEN DIAMONDS EIGHT,0.661,0.0576,0.2814
SPADES ACE HEARTS TWO,0.4038,0.0034,0.5928
SPADES ACE DIAMONDS QUEEN,0.3384,0.003,0.6586
SPADES ACE HEARTS EIGHT,0.357,0.0018,0.6412
SPADES KING HEARTS EIGHT,0.355,0.0082,0.6368
SPADES QUEEN HEARTS TWO,0.4106,0.0126,0.5768
SPADES QUEEN DIAMONDS QUEEN,0.1624,0.0094,0.8282
SPADES KING DIAMONDS QUEEN,0.3226,0.0078,0.6696
SPADES KING HEARTS TWO,0.3944,0.008,0.5976
SPADES QUEEN HEARTS EIGHT,0.3492,0.0092,0.6416
CLUBS TWO HEARTS TEN,0.6378,0.0196,0.3426
CLUBS TWO HEARTS JACK,0.4804,0.3008,0.2188
SPADES SEVEN DIAMONDS NINE,0.6724,0.0546,0.273
SPADES SIX DIAMONDS NINE,0.6112,0.0164,0.3724
SPADES NINE DIAMONDS NINE,0.29,0.0254,0.6846
SPADES EIGHT DIAMONDS NINE,0.5634,0.016,0.4206
SPADES TEN CLUBS KING,0.3424,0.0052,0.6524
DIAMONDS NINE SPADES THREE,0.6338,0.0192,0.347
SPADES JACK CLUBS KING,0.2388,0.0286,0.7326
DIAMONDS NINE SPADES TWO,0.6492,0.0132,0.3376
DIAMONDS NINE SPADES FIVE,0.6142,0.0176,0.3682
DIAMONDS NINE SPADES FOUR,0.6372,0.0176,0.3452
CLUBS NINE DIAMONDS NINE,0.299,0.0284,0.6726
CLUBS EIGHT DIAMONDS NINE,0.5624,0.017,0.4206
CLUBS SIX DIAMONDS NINE,0.6154,0.0196,0.365
SPADES JACK CLUBS FOUR,0.4758,0.3084,0.2158
CLUBS SEVEN DIAMONDS NINE,0.6782,0.0626,0.2592
SPADES TEN CLUBS FOUR,0.6322,0.0148,0.353
CLUBS FOUR DIAMONDS NINE,0.633,0.021,0.346
CLUBS FIVE DIAMONDS NINE,0.6228,0.0174,0.3598
DIAMONDS NINE CLUBS TWO,0.6334,0.016,0.3506
CLUBS THREE DIAMONDS NINE,0.6402,0.017,0.3428
DIAMONDS NINE HEARTS EIGHT,0.5574,0.0192,0.4234
DIAMONDS NINE HEARTS NINE,0.2858,0.0256,0.6886
HEARTS SIX DIAMONDS NINE,0.626,0.0176,0.3564
CLUBS NINE CLUBS EIGHT,0.532,0.0156,0.4524
DIAMONDS ACE DIAMONDS NINE,0.3492,0.0046,0.6462
HEARTS FOUR DIAMONDS NINE,0.6368,0.0158,0.3474
HEARTS FIVE DIAMONDS NINE,0.6284,0.0166,0.355
HEARTS ACE CLUBS TWO,0.3888,0.0056,0.6056
SPADES ACE CLUBS FOUR,0.4026,0.0036,0.5938
DIAMONDS QUEEN DIAMONDS NINE,0.3162,0.009,0.6748
HEARTS TWO DIAMONDS NINE,0.6372,0.021,0.3418
CLUBS TWO HEARTS KING,0.4176,0.0094,0.573
SPADES KING CLUBS FOUR,0.4044,0.0058,0.5898
DIAMONDS KING DIAMONDS NINE,0.346,0.0082,0.6458
HEARTS THREE DIAMONDS NINE,0.6446,0.0154,0.34
CLUBS TWO HEARTS QUEEN,0.4164,0.01,0.5736
SPADES QUEEN CLUBS FOUR,0.4062,0.012,0.5818
DIAMONDS NINE DIAMONDS JACK,0.22,0.156,0.624
CLUBS EIGHT SPADES NINE,0.5708,0.015,0.4142
DIAMONDS NINE DIAMONDS TEN,0.5192,0.016,0.4648
CLUBS EIGHT SPADES EIGHT,0.31,0.0342,0.6558
CLUBS EIGHT SPADES SEVEN,0.6704,0.0516,0.278
CLUBS EIGHT SPADES SIX,0.611,0.0158,0.3732
CLUBS EIGHT SPADES FIVE,0.6194,0.0182,0.3624
CLUBS EIGHT SPADES FOUR,0.6242,0.0226,0.3532
CLUBS EIGHT SPADES THREE,0.6442,0.0164,0.3394
CLUBS EIGHT SPADES TWO,0.6368,0.0178,0.3454
HEARTS SIX DIAMONDS TEN,0.626,0.0202,0.3538
DIAMONDS TEN HEARTS EIGHT,0.5758,0.019,0.4052
DIAMONDS TEN HEARTS NINE,0.5442,0.0186,0.4372
CLUBS TEN CLUBS FOUR,0.6062,0.0182,0.3756
CLUBS FOUR CLUBS KING,0.3948,0.0068,0.5984
CLUBS FOUR CLUBS QUEEN,0.385,0.0102,0.6048
CLUBS TWO DIAMONDS TEN,0.6432,0.0184,0.3384
CLUBS THREE DIAMONDS TEN,0.6432,0.0164,0.3404
CLUBS FOUR CLUBS ACE,0.3778,0.0042,0.618
DIAMONDS JACK DIAMONDS TEN,0.2104,0.1134,0.6762
DIAMONDS QUEEN DIAMONDS TEN,0.3206,0.009,0.6704
HEARTS TWO DIAMONDS TEN,0.644,0.017,0.339
DIAMONDS KING DIAMONDS TEN,0.3204,0.0062,0.6734
HEARTS THREE DIAMONDS TEN,0.635,0.017,0.348
DIAMONDS ACE DIAMONDS TEN,0.3462,0.0034,0.6504
HEARTS FOUR DIAMONDS TEN,0.6324,0.0182,0.3494
CLUBS EIGHT HEARTS JACK,0.2172,0.2276,0.5552
HEARTS FIVE DIAMONDS TEN,0.644,0.0212,0.3348
CLUBS EIGHT HEARTS TEN,0.5786,0.0176,0.4038
CLUBS EIGHT HEARTS QUEEN,0.3564,0.0126,0.631
CLUBS EIGHT HEARTS KING,0.375,0.0078,0.6172
CLUBS EIGHT HEARTS ACE,0.3686,0.004,0.6274
CLUBS NINE SPADES THREE,0.6364,0.0198,0.3438
CLUBS NINE SPADES TWO,0.6338,0.0194,0.3468
CLUBS NINE SPADES FIVE,0.6222,0.017,0.3608
CLUBS NINE SPADES FOUR,0.6296,0.0174,0.353
CLUBS NINE SPADES SEVEN,0.6758,0.0552,0.269
CLUBS NINE SPADES SIX,0.6182,0.017,0.3648
CLUBS NINE SPADES NINE,0.2912,0.0294,0.6794
CLUBS TEN HEARTS EIGHT,0.577,0.0168,0.4062
CLUBS NINE SPADES EIGHT,0.5762,0.0144,0.4094
HEARTS EIGHT CLUBS QUEEN,0.3546,0.0128,0.6326
CLUBS KING HEARTS EIGHT,0.3614,0.0076,0.631
CLUBS ACE HEARTS EIGHT,0.3588,0.0022,0.639
SPADES KING CLUBS KING,0.1444,0.0084,0.8472
SPADES QUEEN CLUBS KING,0.3224,0.006,0.6716
SPADES ACE CLUBS KING,0.3324,0.0054,0.6622
DIAMONDS ACE HEARTS TEN,0.3484,0.0036,0.648
HEARTS FOUR HEARTS TEN,0.5854,0.0194,0.3952
DIAMONDS ACE HEARTS JACK,0.2394,0.0198,0.7408
HEARTS FOUR HEARTS JACK,0.448,0.2948,0.2572
SPADES KING CLUBS FIVE,0.3978,0.0066,0.5956
SPADES QUEEN CLUBS FIVE,0.4024,0.01,0.5876
SPADES ACE CLUBS FIVE,0.3982,0.0046,0.5972
HEARTS SIX DIAMONDS JACK,0.4846,0.3004,0.215
DIAMONDS JACK HEARTS NINE,0.2304,0.1748,0.5948
DIAMONDS JACK HEARTS EIGHT,0.2254,0.2206,0.554
DIAMONDS KING DIAMONDS JACK,0.2294,0.0282,0.7424
HEARTS THREE DIAMONDS JACK,0.4712,0.301,0.2278
SPADES ACE SPADES SIX,0.3812,0.005,0.6138
HEARTS ACE SPADES FOUR,0.3964,0.0048,0.5988
DIAMONDS QUEEN DIAMONDS JACK,0.215,0.0376,0.7474
HEARTS TWO DIAMONDS JACK,0.4876,0.2954,0.217
HEARTS FIVE DIAMONDS JACK,0.4792,0.3066,0.2142
SPADES QUEEN SPADES SIX,0.3772,0.0092,0.6136
SPADES FOUR HEARTS QUEEN,0.4126,0.0108,0.5766
DIAMONDS ACE DIAMONDS JACK,0.2268,0.0204,0.7528
HEARTS FOUR DIAMONDS JACK,0.4878,0.297,0.2152
SPADES KING SPADES SIX,0.3804,0.0074,0.6122
SPADES FOUR HEARTS KING,0.4068,0.0072,0.586
SPADES TEN SPADES SIX,0.5748,0.017,0.4082
SPADES JACK SPADES SIX,0.4438,0.2782,0.278
SPADES FOUR DIAMONDS JACK,0.4808,0.2874,0.2318
SPADES FIVE DIAMONDS JACK,0.4806,0.2996,0.2198
DIAMONDS JACK SPADES TWO,0.4798,0.297,0.2232
DIAMONDS JACK SPADES THREE,0.4854,0.2922,0.2224
SPADES ACE DIAMONDS THREE,0.4074,0.0034,0.5892
SPADES QUEEN DIAMONDS THREE,0.414,0.0086,0.5774
CLUBS EIGHT DIAMONDS JACK,0.224,0.2388,0.5372
SPADES KING DIAMONDS THREE,0.4226,0.0052,0.5722
CLUBS NINE DIAMONDS JACK,0.234,0.1698,0.5962
CLUBS SIX DIAMONDS JACK,0.489,0.3018,0.2092
CLUBS SEVEN DIAMONDS JACK,0.0192,0.9688,0.012
CLUBS FOUR DIAMONDS JACK,0.4828,0.2932,0.224
CLUBS FIVE DIAMONDS JACK,0.4884,0.2908,0.2208
CLUBS TWO DIAMONDS JACK,0.4948,0.2786,0.2266
CLUBS THREE DIAMONDS JACK,0.4798,0.301,0.2192
SPADES TEN CLUBS FIVE,0.634,0.0162,0.3498
HEARTS SIX SPADES JACK,0.485,0.2916,0.2234
HEARTS SIX SPADES TEN,0.6344,0.0176,0.348
SPADES JACK CLUBS FIVE,0.4798,0.297,0.2232
SPADES JACK DIAMONDS THREE,0.4754,0.2878,0.2368
CLUBS SEVEN CLUBS ACE,0.244,0.0268,0.7292
DIAMONDS THREE SPADES TEN,0.6268,0.016,0.3572
CLUBS SEVEN CLUBS QUEEN,0.2436,0.0466,0.7098
CLUBS SEVEN CLUBS KING,0.2372,0.0316,0.7312
SPADES NINE DIAMONDS JACK,0.2246,0.1632,0.6122
CLUBS TEN CLUBS SEVEN,0.6748,0.0576,0.2676
DIAMONDS ACE HEARTS ACE,0.1422,0.0018,0.856
HEARTS FOUR HEARTS ACE,0.3778,0.0054,0.6168
SPADES EIGHT DIAMONDS JACK,0.2246,0.2178,0.5576
SPADES ACE HEARTS SIX,0.4168,0.0038,0.5794
DIAMONDS ACE HEARTS KING,0.3276,0.0048,0.6676
HEARTS FOUR HEARTS KING,0.3924,0.0072,0.6004
SPADES SEVEN DIAMONDS JACK,0.024,0.9526,0.0234
SPADES KING HEARTS SIX,0.4084,0.0066,0.585
DIAMONDS ACE HEARTS QUEEN,0.3364,0.0058,0.6578
HEARTS FOUR HEARTS QUEEN,0.3876,0.0108,0.6016
SPADES QUEEN HEARTS SIX,0.4048,0.0092,0.586
SPADES SIX DIAMONDS JACK,0.4798,0.2844,0.2358
DIAMONDS TEN SPADES TWO,0.647,0.0144,0.3386
SPADES THREE DIAMONDS TEN,0.621,0.0202,0.3588
SPADES FOUR DIAMONDS TEN,0.6292,0.0148,0.356
SPADES FIVE DIAMONDS TEN,0.6302,0.0152,0.3546
SPADES SIX DIAMONDS TEN,0.6282,0.0164,0.3554
SPADES SEVEN DIAMONDS TEN,0.6848,0.0558,0.2594
SPADES EIGHT DIAMONDS TEN,0.5714,0.0154,0.4132
SPADES NINE DIAMONDS TEN,0.5606,0.0148,0.4246
CLUBS FOUR DIAMONDS TEN,0.6366,0.018,0.3454
CLUBS FIVE DIAMONDS TEN,0.6374,0.0168,0.3458
CLUBS SIX DIAMONDS TEN,0.6242,0.0164,0.3594
CLUBS SEVEN DIAMONDS TEN,0.6966,0.0576,0.2458
CLUBS EIGHT DIAMONDS TEN,0.5694,0.0176,0.413
CLUBS NINE DIAMONDS TEN,0.558,0.0148,0.4272
CLUBS TEN DIAMONDS THREE,0.6296,0.0176,0.3528
DIAMONDS THREE CLUBS KING,0.4076,0.0064,0.586
DIAMONDS THREE CLUBS QUEEN,0.4144,0.0096,0.576
DIAMONDS THREE CLUBS ACE,0.3998,0.0048,0.5954
SPADES FOUR HEARTS JACK,0.4858,0.2908,0.2234
SPADES FOUR HEARTS TEN,0.6362,0.0166,0.3472
SPADES FIVE SPADES TWO,0.5882,0.0184,0.3934
SPADES FOUR SPADES TWO,0.5754,0.0194,0.4052
SPADES THREE SPADES TWO,0.6056,0.0162,0.3782
SPADES NINE SPADES TWO,0.5786,0.0176,0.4038
SPADES EIGHT SPADES TWO,0.615,0.017,0.368
SPADES SEVEN SPADES TWO,0.6674,0.0644,0.2682
SPADES SIX SPADES TWO,0.6086,0.0208,0.3706
DIAMONDS QUEEN CLUBS THREE,0.4106,0.0116,0.5778
CLUBS THREE HEARTS TWO,0.6468,0.0216,0.3316
DIAMONDS QUEEN CLUBS TWO,0.4198,0.0116,0.5686
HEARTS TWO CLUBS TWO,0.4512,0.0408,0.508
HEARTS SIX DIAMONDS QUEEN,0.4096,0.01,0.5804
HEARTS SIX HEARTS TWO,0.6254,0.0198,0.3548
DIAMONDS QUEEN HEARTS NINE,0.3434,0.0094,0.6472
HEARTS TWO HEARTS NINE,0.5908,0.0178,0.3914
DIAMONDS QUEEN HEARTS EIGHT,0.3546,0.0104,0.635
HEARTS TWO HEARTS EIGHT,0.6042,0.0184,0.3774
CLUBS NINE HEARTS TWO,0.6434,0.0232,0.3334
CLUBS NINE DIAMONDS QUEEN,0.3438,0.0102,0.646
CLUBS EIGHT HEARTS TWO,0.6428,0.0182,0.339
CLUBS EIGHT DIAMONDS QUEEN,0.3682,0.0096,0.6222
CLUBS FIVE DIAMONDS QUEEN,0.4152,0.0106,0.5742
CLUBS FIVE HEARTS TWO,0.6388,0.0216,0.3396
SPADES EIGHT HEARTS ACE,0.3728,0.005,0.6222
DIAMONDS QUEEN CLUBS FOUR,0.4212,0.0104,0.5684
HEARTS TWO CLUBS FOUR,0.6526,0.0192,0.3282
CLUBS SEVEN DIAMONDS QUEEN,0.2518,0.043,0.7052
CLUBS SEVEN HEARTS TWO,0.7228,0.0666,0.2106
SPADES EIGHT HEARTS QUEEN,0.3492,0.0096,0.6412
CLUBS SIX DIAMONDS QUEEN,0.4024,0.0106,0.587
CLUBS SIX HEARTS TWO,0.6678,0.0216,0.3106
SPADES EIGHT HEARTS KING,0.3698,0.0076,0.6226
HEARTS TWO SPADES SIX,0.6396,0.0208,0.3396
DIAMONDS QUEEN SPADES SIX,0.3946,0.0098,0.5956
HEARTS FOUR CLUBS QUEEN,0.4002,0.0108,0.589
DIAMONDS ACE CLUBS QUEEN,0.3242,0.0036,0.6722
DIAMONDS QUEEN SPADES SEVEN,0.2534,0.04,0.7066
HEARTS TWO SPADES SEVEN,0.7196,0.0612,0.2192
HEARTS FOUR CLUBS KING,0.4132,0.009,0.5778
DIAMONDS ACE CLUBS KING,0.3328,0.006,0.6612
DIAMONDS QUEEN SPADES EIGHT,0.3594,0.0104,0.6302
SPADES EIGHT HEARTS TWO,0.6462,0.0172,0.3366
HEARTS FOUR CLUBS ACE,0.3928,0.0046,0.6026
DIAMONDS ACE CLUBS ACE,0.1396,0.0038,0.8566
SPADES NINE DIAMONDS QUEEN,0.3676,0.0086,0.6238
SPADES NINE HEARTS TWO,0.6462,0.0176,0.3362
HEARTS TWO SPADES TWO,0.4454,0.0416,0.513
DIAMONDS QUEEN SPADES TWO,0.42,0.0106,0.5694
HEARTS TWO SPADES THREE,0.6402,0.0202,0.3396
DIAMONDS QUEEN SPADES THREE,0.4146,0.0098,0.5756
HEARTS TWO SPADES FOUR,0.6364,0.0212,0.3424
DIAMONDS QUEEN SPADES FOUR,0.4114,0.0082,0.5804
HEARTS FOUR CLUBS TEN,0.6516,0.0198,0.3286
CLUBS TEN DIAMONDS ACE,0.3612,0.004,0.6348
HEARTS TWO SPADES FIVE,0.6404,0.0174,0.3422
DIAMONDS QUEEN SPADES FIVE,0.3984,0.0116,0.59
CLUBS FIVE CLUBS KING,0.3814,0.0066,0.612
CLUBS FIVE CLUBS QUEEN,0.3858,0.0108,0.6034
CLUBS FIVE CLUBS ACE,0.3812,0.0048,0.614
CLUBS TEN CLUBS FIVE,0.593,0.0168,0.3902
SPADES SIX CLUBS KING,0.4006,0.0068,0.5926
SPADES SIX CLUBS QUEEN,0.391,0.0084,0.6006
SPADES EIGHT HEARTS JACK,0.2176,0.227,0.5554
SPADES SIX CLUBS ACE,0.3976,0.004,0.5984
SPADES EIGHT HEARTS TEN,0.5836,0.0152,0.4012
CLUBS TEN SPADES SIX,0.6448,0.0156,0.3396
SPADES QUEEN CLUBS SEVEN,0.2502,0.04,0.7098
SPADES KING CLUBS SEVEN,0.2576,0.0342,0.7082
SPADES ACE CLUBS SEVEN,0.2602,0.0214,0.7184
SPADES SIX HEARTS TEN,0.6132,0.0164,0.3704
SPADES SIX HEARTS JACK,0.4766,0.2946,0.2288
SPADES SIX HEARTS ACE,0.403,0.0036,0.5934
SPADES SIX HEARTS KING,0.411,0.0062,0.5828
SPADES SIX HEARTS QUEEN,0.4028,0.0108,0.5864
CLUBS SEVEN SPADES JACK,0.0172,0.9718,0.011
CLUBS SEVEN SPADES TEN,0.6998,0.0564,0.2438
CLUBS TEN HEARTS SIX,0.6316,0.0176,0.3508
HEARTS SIX CLUBS QUEEN,0.4006,0.0112,0.5882
HEARTS SIX CLUBS KING,0.4002,0.0048,0.595
HEARTS SIX CLUBS ACE,0.4036,0.0046,0.5918
DIAMONDS THREE HEARTS ACE,0.4032,0.0046,0.5922
DIAMONDS THREE HEARTS QUEEN,0.406,0.011,0.583
DIAMONDS THREE HEARTS KING,0.4084,0.008,0.5836
CLUBS FIVE HEARTS JACK,0.478,0.3078,0.2142
SPADES TEN DIAMONDS ACE,0.363,0.0044,0.6326
HEARTS FOUR SPADES TEN,0.6386,0.0146,0.3468
CLUBS FIVE HEARTS TEN,0.6272,0.0188,0.354
HEARTS FOUR SPADES JACK,0.492,0.2902,0.2178
SPADES JACK DIAMONDS ACE,0.256,0.0162,0.7278
SPADES ACE HEARTS FOUR,0.4002,0.003,0.5968
SPADES ACE DIAMONDS ACE,0.15,0.0022,0.8478
CLUBS FIVE HEARTS ACE,0.3946,0.004,0.6014
CLUBS FIVE HEARTS KING,0.3964,0.0074,0.5962
HEARTS FOUR SPADES QUEEN,0.41,0.0122,0.5778
SPADES QUEEN DIAMONDS ACE,0.3276,0.003,0.6694
CLUBS FIVE HEARTS QUEEN,0.4066,0.011,0.5824
SPADES KING DIAMONDS ACE,0.3478,0.0036,0.6486
HEARTS FOUR SPADES KING,0.4116,0.006,0.5824
CLUBS TEN SPADES FOUR,0.6346,0.0184,0.347
DIAMONDS QUEEN DIAMONDS ACE,0.3212,0.0032,0.6756
HEARTS TWO DIAMONDS ACE,0.4002,0.0034,0.5964
HEARTS FOUR DIAMONDS QUEEN,0.4146,0.0092,0.5762
HEARTS FOUR HEARTS TWO,0.6148,0.0186,0.3666
DIAMONDS THREE HEARTS TEN,0.6222,0.0176,0.3602
SPADES FOUR CLUBS KING,0.3986,0.0064,0.595
HEARTS FIVE DIAMONDS QUEEN,0.407,0.0116,0.5814
HEARTS FIVE HEARTS TWO,0.6048,0.0168,0.3784
DIAMONDS THREE HEARTS JACK,0.473,0.2916,0.2354
SPADES FOUR CLUBS QUEEN,0.4064,0.0102,0.5834
DIAMONDS QUEEN HEARTS TWO,0.43,0.01,0.56
DIAMONDS KING DIAMONDS QUEEN,0.3056,0.0068,0.6876
DIAMONDS KING HEARTS TWO,0.424,0.0078,0.5682
HEARTS THREE DIAMONDS QUEEN,0.4098,0.0116,0.5786
HEARTS THREE HEARTS TWO,0.6172,0.02,0.3628
SPADES FOUR CLUBS ACE,0.397,0.0036,0.5994
HEARTS TWO CLUBS ACE,0.3964,0.0062,0.5974
DIAMONDS QUEEN CLUBS ACE,0.3336,0.0042,0.6622
HEARTS TWO CLUBS QUEEN,0.418,0.0136,0.5684
DIAMONDS QUEEN CLUBS QUEEN,0.1564,0.0086,0.835
HEARTS TWO CLUBS KING,0.411,0.0082,0.5808
DIAMONDS QUEEN CLUBS KING,0.3296,0.0078,0.6626
SPADES EIGHT SPADES FIVE,0.5794,0.0158,0.4048
CLUBS TEN HEARTS TWO,0.6366,0.018,0.3454
CLUBS TEN DIAMONDS QUEEN,0.3398,0.0122,0.648
SPADES NINE SPADES FIVE,0.5782,0.0124,0.4094
SPADES SIX SPADES FIVE,0.5724,0.0186,0.409
SPADES SEVEN SPADES FIVE,0.622,0.0526,0.3254
DIAMONDS FIVE CLUBS QUEEN,0.4096,0.012,0.5784
SPADES EIGHT CLUBS ACE,0.3554,0.005,0.6396
DIAMONDS FIVE CLUBS KING,0.4016,0.0076,0.5908
SPADES EIGHT CLUBS KING,0.3656,0.0054,0.629
DIAMONDS FIVE CLUBS ACE,0.394,0.0038,0.6022
SPADES EIGHT CLUBS QUEEN,0.3478,0.012,0.6402
CLUBS TEN SPADES EIGHT,0.5688,0.0196,0.4116
CLUBS TEN DIAMONDS FIVE,0.6366,0.016,0.3474
DIAMONDS TEN HEARTS JACK,0.2288,0.1166,0.6546
DIAMONDS TEN HEARTS TEN,0.2858,0.0248,0.6894
