opposingHand,winningChance,drawChance,lostChance
CLUBS FOUR SPADES SEVEN
HEARTS FIVE SPADES TEN,0.3758,0.0282,0.596
SPADES JACK HEARTS FIVE,0.3696,0.017,0.6134
SPADES FIVE CLUBS JACK,0.3748,0.0202,0.605
CLUBS TEN SPADES FIVE,0.3722,0.027,0.6008
CLUBS EIGHT CLUBS JACK,0.3328,0.015,0.6522
CLUBS TEN CLUBS EIGHT,0.3152,0.0232,0.6616
CLUBS EIGHT CLUBS KING,0.3404,0.0082,0.6514
SPADES FIVE CLUBS ACE,0.3646,0.0046,0.6308
CLUBS EIGHT CLUBS QUEEN,0.3358,0.0098,0.6544
SPADES FIVE CLUBS KING,0.3736,0.0104,0.616
SPADES FIVE CLUBS QUEEN,0.3694,0.0144,0.6162
CLUBS EIGHT CLUBS ACE,0.3276,0.0062,0.6662
DIAMONDS TWO DIAMONDS THREE,0.5296,0.1044,0.366
DIAMONDS TWO DIAMONDS FIVE,0.515,0.0988,0.3862
SPADES KING HEARTS FIVE,0.3536,0.0076,0.6388
DIAMONDS TWO DIAMONDS FOUR,0.5148,0.1986,0.2866
SPADES QUEEN HEARTS FIVE,0.3618,0.013,0.6252
DIAMONDS TWO DIAMONDS SEVEN,0.2778,0.456,0.2662
DIAMONDS TWO DIAMONDS SIX,0.5334,0.0932,0.3734
SPADES ACE HEARTS FIVE,0.3626,0.0048,0.6326
DIAMONDS TWO DIAMONDS NINE,0.4,0.039,0.561
DIAMONDS TWO DIAMONDS EIGHT,0.3766,0.069,0.5544
DIAMONDS THREE DIAMONDS FOUR,0.5128,0.1894,0.2978
CLUBS TWO SPADES FOUR,0.5722,0.205,0.2228
DIAMONDS THREE DIAMONDS FIVE,0.5058,0.1042,0.39
CLUBS TWO SPADES FIVE,0.5478,0.1052,0.347
CLUBS TWO SPADES TWO,0.3648,0.1276,0.5076
CLUBS TWO SPADES THREE,0.5842,0.1064,0.3094
DIAMONDS THREE DIAMONDS EIGHT,0.3872,0.0666,0.5462
SPADES EIGHT CLUBS TWO,0.4108,0.0636,0.5256
DIAMONDS THREE DIAMONDS NINE,0.378,0.0448,0.5772
SPADES NINE CLUBS TWO,0.4154,0.0494,0.5352
DIAMONDS THREE DIAMONDS SIX,0.5132,0.0964,0.3904
CLUBS TWO SPADES SIX,0.5622,0.1086,0.3292
DIAMONDS THREE DIAMONDS SEVEN,0.2502,0.4906,0.2592
CLUBS SIX CLUBS TWO,0.5408,0.0928,0.3664
CLUBS SEVEN CLUBS TWO,0.2844,0.4858,0.2298
CLUBS FIVE CLUBS TWO,0.526,0.0938,0.3802
CLUBS TEN CLUBS JACK,0.3132,0.015,0.6718
DIAMONDS FOUR DIAMONDS SIX,0.5358,0.1828,0.2814
CLUBS TEN CLUBS QUEEN,0.334,0.0108,0.6552
DIAMONDS FOUR DIAMONDS SEVEN,0.0186,0.9096,0.0718
CLUBS TEN CLUBS KING,0.3346,0.009,0.6564
CLUBS TEN CLUBS ACE,0.3328,0.0042,0.663
CLUBS EIGHT CLUBS TWO,0.3856,0.0624,0.552
DIAMONDS FIVE DIAMONDS FOUR,0.508,0.191,0.301
CLUBS NINE CLUBS TWO,0.3932,0.0444,0.5624
DIAMONDS NINE DIAMONDS FOUR,0.2436,0.1,0.6564
DIAMONDS EIGHT DIAMONDS FOUR,0.2378,0.1358,0.6264
CLUBS TWO CLUBS THREE,0.5526,0.1006,0.3468
DIAMONDS NINE DIAMONDS FIVE,0.3458,0.0414,0.6128
DIAMONDS TWO CLUBS JACK,0.416,0.0224,0.5616
DIAMONDS EIGHT DIAMONDS FIVE,0.3344,0.0598,0.6058
CLUBS TEN DIAMONDS TWO,0.4062,0.0308,0.563
DIAMONDS FIVE DIAMONDS SEVEN,0.2012,0.4364,0.3624
DIAMONDS FIVE DIAMONDS SIX,0.4856,0.087,0.4274
DIAMONDS TWO CLUBS ACE,0.397,0.0046,0.5984
DIAMONDS TWO CLUBS KING,0.4136,0.0072,0.5792
DIAMONDS TWO CLUBS QUEEN,0.4048,0.0162,0.579
DIAMONDS EIGHT DIAMONDS SIX,0.319,0.0646,0.6164
DIAMONDS NINE DIAMONDS SIX,0.3394,0.0464,0.6142
HEARTS ACE SPADES THREE,0.3928,0.0054,0.6018
HEARTS KING SPADES THREE,0.4034,0.0112,0.5854
DIAMONDS SEVEN DIAMONDS SIX,0.2152,0.3372,0.4476
SPADES THREE HEARTS QUEEN,0.4054,0.0142,0.5804
SPADES THREE HEARTS JACK,0.4062,0.0196,0.5742
SPADES THREE HEARTS TEN,0.4142,0.0258,0.56
DIAMONDS EIGHT DIAMONDS SEVEN,0.2234,0.1296,0.647
DIAMONDS NINE DIAMONDS SEVEN,0.2126,0.1052,0.6822
DIAMONDS NINE DIAMONDS EIGHT,0.3178,0.0336,0.6486
DIAMONDS KING HEARTS TEN,0.3582,0.0062,0.6356
HEARTS THREE HEARTS TEN,0.3838,0.0314,0.5848
SPADES JACK CLUBS SIX,0.367,0.0206,0.6124
DIAMONDS KING HEARTS JACK,0.3496,0.0068,0.6436
HEARTS THREE HEARTS JACK,0.3734,0.0186,0.608
SPADES TEN CLUBS SIX,0.362,0.032,0.606
SPADES JACK SPADES FIVE,0.3574,0.0168,0.6258
SPADES TEN SPADES FIVE,0.3644,0.024,0.6116
DIAMONDS KING HEARTS ACE,0.3568,0.0034,0.6398
HEARTS THREE HEARTS ACE,0.3656,0.0056,0.6288
SPADES ACE CLUBS SIX,0.3708,0.0032,0.626
DIAMONDS KING HEARTS QUEEN,0.3592,0.006,0.6348
HEARTS THREE HEARTS QUEEN,0.3826,0.0132,0.6042
SPADES KING CLUBS SIX,0.3616,0.009,0.6294
DIAMONDS KING HEARTS KING,0.1634,0.0156,0.821
HEARTS THREE HEARTS KING,0.3778,0.0092,0.613
SPADES QUEEN CLUBS SIX,0.3598,0.0154,0.6248
SPADES NINE HEARTS TEN,0.3412,0.0254,0.6334
SPADES NINE HEARTS JACK,0.3382,0.0176,0.6442
SPADES QUEEN SPADES FIVE,0.3502,0.015,0.6348
SPADES KING SPADES FIVE,0.366,0.0094,0.6246
SPADES ACE SPADES FIVE,0.3498,0.0074,0.6428
SPADES NINE HEARTS QUEEN,0.3388,0.011,0.6502
SPADES NINE HEARTS KING,0.3346,0.0078,0.6576
SPADES NINE HEARTS ACE,0.3376,0.0044,0.658
CLUBS TEN SPADES JACK,0.3246,0.0214,0.654
CLUBS TEN SPADES TEN,0.1598,0.0556,0.7846
SPADES ACE CLUBS TEN,0.3406,0.0046,0.6548
SPADES KING CLUBS TEN,0.33,0.0074,0.6626
CLUBS TEN SPADES QUEEN,0.3374,0.0126,0.65
SPADES FIVE HEARTS QUEEN,0.3882,0.014,0.5978
SPADES FIVE HEARTS KING,0.3732,0.0114,0.6154
SPADES FIVE HEARTS ACE,0.3572,0.0028,0.64
CLUBS EIGHT SPADES TEN,0.3184,0.0274,0.6542
HEARTS THREE SPADES JACK,0.4142,0.0194,0.5664
SPADES JACK DIAMONDS KING,0.3574,0.0064,0.6362
SPADES TEN DIAMONDS KING,0.3526,0.007,0.6404
HEARTS THREE SPADES TEN,0.3984,0.027,0.5746
SPADES JACK CLUBS EIGHT,0.3262,0.017,0.6568
CLUBS SIX HEARTS ACE,0.373,0.0042,0.6228
SPADES ACE CLUBS EIGHT,0.332,0.0066,0.6614
HEARTS FIVE CLUBS JACK,0.3682,0.0208,0.611
CLUBS TEN HEARTS FIVE,0.3802,0.0258,0.594
CLUBS SIX HEARTS QUEEN,0.371,0.0116,0.6174
SPADES QUEEN CLUBS EIGHT,0.3296,0.0104,0.66
CLUBS TEN SPADES THREE,0.4126,0.03,0.5574
CLUBS SIX HEARTS KING,0.37,0.0092,0.6208
SPADES KING CLUBS EIGHT,0.3334,0.0104,0.6562
SPADES THREE CLUBS JACK,0.4,0.0218,0.5782
DIAMONDS TWO HEARTS JACK,0.4054,0.0216,0.573
SPADES THREE CLUBS QUEEN,0.4048,0.0142,0.581
DIAMONDS TWO HEARTS TEN,0.4218,0.0274,0.5508
SPADES THREE CLUBS KING,0.4084,0.0096,0.582
HEARTS FIVE CLUBS ACE,0.3698,0.0054,0.6248
SPADES FIVE HEARTS TEN,0.3798,0.0272,0.593
SPADES THREE CLUBS ACE,0.3878,0.0054,0.6068
HEARTS FIVE CLUBS KING,0.3624,0.0088,0.6288
SPADES FIVE HEARTS JACK,0.3756,0.0218,0.6026
HEARTS FIVE CLUBS QUEEN,0.3666,0.0122,0.6212
HEARTS THREE CLUBS KING,0.4156,0.0098,0.5746
DIAMONDS KING CLUBS KING,0.1582,0.02,0.8218
HEARTS THREE CLUBS QUEEN,0.4056,0.0132,0.5812
DIAMONDS KING CLUBS QUEEN,0.3494,0.0066,0.644
HEARTS FIVE HEARTS JACK,0.3498,0.016,0.6342
HEARTS FIVE HEARTS TEN,0.3494,0.025,0.6256
HEARTS THREE CLUBS ACE,0.3956,0.0044,0.6
DIAMONDS KING CLUBS ACE,0.3496,0.0052,0.6452
SPADES ACE CLUBS QUEEN,0.3468,0.004,0.6492
SPADES KING CLUBS QUEEN,0.3286,0.0062,0.6652
HEARTS THREE CLUBS JACK,0.4094,0.0188,0.5718
DIAMONDS KING CLUBS JACK,0.359,0.0072,0.6338
SPADES QUEEN CLUBS QUEEN,0.1448,0.035,0.8202
CLUBS TEN HEARTS THREE,0.3978,0.0294,0.5728
CLUBS TEN DIAMONDS KING,0.338,0.0094,0.6526
SPADES JACK CLUBS QUEEN,0.3382,0.0116,0.6502
CLUBS SIX CLUBS QUEEN,0.3566,0.0132,0.6302
SPADES TEN CLUBS QUEEN,0.3284,0.01,0.6616
CLUBS SIX CLUBS KING,0.3548,0.0084,0.6368
CLUBS SIX CLUBS ACE,0.351,0.005,0.644
HEARTS FIVE HEARTS KING,0.354,0.0084,0.6376
HEARTS FIVE HEARTS QUEEN,0.352,0.0122,0.6358
CLUBS TEN CLUBS SIX,0.348,0.0226,0.6294
HEARTS FIVE HEARTS ACE,0.34,0.0038,0.6562
CLUBS SIX CLUBS JACK,0.3622,0.0182,0.6196
DIAMONDS TWO CLUBS TWO,0.3782,0.1182,0.5036
DIAMONDS TWO CLUBS THREE,0.5686,0.111,0.3204
HEARTS SIX DIAMONDS TWO,0.5668,0.1084,0.3248
DIAMONDS TWO HEARTS QUEEN,0.4086,0.0108,0.5806
DIAMONDS TWO HEARTS SEVEN,0.2982,0.4864,0.2154
DIAMONDS TWO HEARTS KING,0.421,0.0088,0.5702
DIAMONDS TWO HEARTS EIGHT,0.4078,0.072,0.5202
DIAMONDS TWO HEARTS ACE,0.4124,0.0034,0.5842
DIAMONDS TWO HEARTS NINE,0.4094,0.042,0.5486
DIAMONDS TWO DIAMONDS QUEEN,0.387,0.0178,0.5952
DIAMONDS TWO HEARTS TWO,0.3658,0.129,0.5052
DIAMONDS TWO DIAMONDS KING,0.3866,0.0074,0.606
HEARTS THREE DIAMONDS TWO,0.565,0.1074,0.3276
DIAMONDS TWO DIAMONDS ACE,0.3706,0.0058,0.6236
HEARTS FOUR DIAMONDS TWO,0.571,0.2004,0.2286
DIAMONDS TWO HEARTS FIVE,0.55,0.1036,0.3464
DIAMONDS TWO DIAMONDS TEN,0.3878,0.0274,0.5848
DIAMONDS TWO DIAMONDS JACK,0.386,0.0206,0.5934
DIAMONDS TWO SPADES NINE,0.3954,0.0462,0.5584
DIAMONDS TWO SPADES EIGHT,0.4176,0.0682,0.5142
DIAMONDS TWO SPADES SIX,0.5654,0.107,0.3276
DIAMONDS TWO SPADES FIVE,0.5442,0.1066,0.3492
DIAMONDS TWO SPADES FOUR,0.5628,0.2102,0.227
DIAMONDS TWO SPADES THREE,0.5714,0.1034,0.3252
DIAMONDS TWO SPADES TWO,0.3834,0.1152,0.5014
CLUBS NINE DIAMONDS TWO,0.401,0.043,0.556
DIAMONDS TWO CLUBS EIGHT,0.4134,0.0686,0.518
CLUBS SEVEN DIAMONDS TWO,0.2944,0.499,0.2066
DIAMONDS TWO CLUBS SIX,0.546,0.1094,0.3446
DIAMONDS TWO CLUBS FIVE,0.5426,0.1102,0.3472
SPADES ACE DIAMONDS SIX,0.3674,0.0038,0.6288
SPADES QUEEN DIAMONDS SIX,0.364,0.0132,0.6228
SPADES KING DIAMONDS SIX,0.3638,0.011,0.6252
SPADES TEN DIAMONDS SIX,0.3642,0.0282,0.6076
SPADES JACK DIAMONDS SIX,0.3844,0.0184,0.5972
SPADES QUEEN SPADES TWO,0.3942,0.0098,0.596
SPADES KING SPADES TWO,0.4078,0.0076,0.5846
SPADES ACE SPADES TWO,0.389,0.0064,0.6046
DIAMONDS JACK CLUBS JACK,0.1586,0.0496,0.7918
CLUBS TEN DIAMONDS JACK,0.3404,0.0158,0.6438
DIAMONDS JACK CLUBS KING,0.3384,0.0052,0.6564
DIAMONDS JACK CLUBS QUEEN,0.3388,0.0092,0.652
DIAMONDS THREE DIAMONDS JACK,0.3716,0.0218,0.6066
DIAMONDS THREE DIAMONDS TEN,0.3792,0.0284,0.5924
DIAMONDS JACK CLUBS ACE,0.3376,0.0044,0.658
DIAMONDS THREE DIAMONDS KING,0.3796,0.0086,0.6118
HEARTS THREE DIAMONDS THREE,0.349,0.1196,0.5314
DIAMONDS THREE DIAMONDS QUEEN,0.3804,0.015,0.6046
DIAMONDS THREE HEARTS TWO,0.5674,0.1136,0.319
HEARTS FIVE DIAMONDS THREE,0.541,0.106,0.353
DIAMONDS THREE DIAMONDS ACE,0.3708,0.0042,0.625
HEARTS FOUR DIAMONDS THREE,0.5252,0.2014,0.2734
DIAMONDS THREE HEARTS SEVEN,0.2688,0.5052,0.226
SPADES TEN SPADES NINE,0.303,0.027,0.67
HEARTS SIX DIAMONDS THREE,0.539,0.0978,0.3632
SPADES JACK SPADES NINE,0.3362,0.0174,0.6464
DIAMONDS THREE HEARTS NINE,0.3938,0.048,0.5582
HEARTS JACK DIAMONDS FOUR,0.2652,0.0572,0.6776
HEARTS KING HEARTS ACE,0.3378,0.0048,0.6574
SPADES TEN SPADES TWO,0.3916,0.0272,0.5812
DIAMONDS THREE HEARTS EIGHT,0.4088,0.0696,0.5216
HEARTS TEN DIAMONDS FOUR,0.284,0.0764,0.6396
SPADES JACK SPADES TWO,0.3886,0.02,0.5914
HEARTS QUEEN DIAMONDS FOUR,0.2766,0.0364,0.687
HEARTS KING DIAMONDS FOUR,0.267,0.0286,0.7044
SPADES ACE SPADES NINE,0.3262,0.0056,0.6682
HEARTS ACE DIAMONDS FOUR,0.2676,0.0174,0.715
SPADES KING SPADES NINE,0.3254,0.0068,0.6678
SPADES QUEEN SPADES NINE,0.3202,0.011,0.6688
DIAMONDS THREE SPADES NINE,0.3892,0.0454,0.5654
DIAMONDS THREE SPADES EIGHT,0.402,0.0678,0.5302
DIAMONDS THREE SPADES SIX,0.5458,0.1062,0.348
DIAMONDS THREE CLUBS SIX,0.544,0.105,0.351
CLUBS FIVE CLUBS SIX,0.4798,0.0986,0.4216
CLUBS ACE DIAMONDS FOUR,0.2548,0.0198,0.7254
CLUBS SEVEN DIAMONDS THREE,0.259,0.5222,0.2188
CLUBS SEVEN CLUBS FIVE,0.2106,0.4228,0.3666
DIAMONDS FOUR CLUBS QUEEN,0.264,0.0408,0.6952
DIAMONDS THREE CLUBS FIVE,0.5264,0.1094,0.3642
CLUBS KING DIAMONDS FOUR,0.2628,0.03,0.7072
DIAMONDS THREE CLUBS TWO,0.5674,0.1046,0.328
CLUBS TEN DIAMONDS FOUR,0.2674,0.0812,0.6514
DIAMONDS THREE CLUBS THREE,0.3602,0.1212,0.5186
DIAMONDS FOUR CLUBS JACK,0.269,0.0608,0.6702
DIAMONDS THREE SPADES FOUR,0.5488,0.2098,0.2414
DIAMONDS THREE SPADES FIVE,0.5304,0.1156,0.354
DIAMONDS THREE SPADES TWO,0.5748,0.109,0.3162
DIAMONDS THREE SPADES THREE,0.3636,0.1206,0.5158
CLUBS EIGHT DIAMONDS THREE,0.4106,0.0656,0.5238
CLUBS NINE DIAMONDS THREE,0.3912,0.0456,0.5632
CLUBS FIVE SPADES SIX,0.4972,0.1068,0.396
CLUBS FIVE SPADES NINE,0.3406,0.0456,0.6138
CLUBS FIVE SPADES EIGHT,0.3462,0.0716,0.5822
CLUBS FIVE SPADES THREE,0.5418,0.109,0.3492
CLUBS FIVE SPADES TWO,0.547,0.1126,0.3404
CLUBS FIVE SPADES FIVE,0.2504,0.1208,0.6288
CLUBS FIVE SPADES FOUR,0.5336,0.2022,0.2642
CLUBS NINE CLUBS FIVE,0.3512,0.0466,0.6022
CLUBS EIGHT CLUBS FIVE,0.3392,0.0598,0.601
CLUBS ACE CLUBS QUEEN,0.3316,0.0048,0.6636
CLUBS KING CLUBS QUEEN,0.3218,0.0076,0.6706
DIAMONDS TEN DIAMONDS FOUR,0.2588,0.0754,0.6658
CLUBS TEN DIAMONDS NINE,0.3276,0.0254,0.647
DIAMONDS JACK DIAMONDS FOUR,0.2548,0.0558,0.6894
DIAMONDS NINE CLUBS JACK,0.3382,0.0154,0.6464
SPADES NINE CLUBS JACK,0.3302,0.018,0.6518
CLUBS TEN SPADES NINE,0.3248,0.0258,0.6494
DIAMONDS ACE DIAMONDS FOUR,0.2588,0.0176,0.7236
HEARTS FOUR DIAMONDS FOUR,0.2782,0.0956,0.6262
DIAMONDS JACK HEARTS TEN,0.35,0.0132,0.6368
SPADES NINE CLUBS KING,0.3324,0.0112,0.6564
DIAMONDS TWO SPADES TEN,0.4196,0.0326,0.5478
DIAMONDS NINE CLUBS ACE,0.3452,0.005,0.6498
HEARTS FIVE DIAMONDS FOUR,0.5246,0.2026,0.2728
HEARTS JACK DIAMONDS JACK,0.164,0.0404,0.7956
SPADES NINE CLUBS QUEEN,0.3472,0.0122,0.6406
DIAMONDS TWO SPADES JACK,0.4224,0.0168,0.5608
DIAMONDS QUEEN DIAMONDS FOUR,0.248,0.0404,0.7116
HEARTS TWO DIAMONDS FOUR,0.559,0.215,0.226
DIAMONDS NINE CLUBS QUEEN,0.3396,0.0094,0.651
DIAMONDS KING DIAMONDS FOUR,0.26,0.0256,0.7144
HEARTS THREE DIAMONDS FOUR,0.544,0.2034,0.2526
SPADES NINE CLUBS ACE,0.336,0.0054,0.6586
DIAMONDS NINE CLUBS KING,0.3464,0.0072,0.6464
HEARTS ACE DIAMONDS JACK,0.3406,0.002,0.6574
SPADES ACE DIAMONDS TWO,0.4052,0.0074,0.5874
DIAMONDS JACK HEARTS QUEEN,0.3388,0.011,0.6502
SPADES QUEEN DIAMONDS TWO,0.4058,0.014,0.5802
HEARTS KING DIAMONDS JACK,0.347,0.0058,0.6472
SPADES KING DIAMONDS TWO,0.4202,0.01,0.5698
CLUBS SEVEN CLUBS THREE,0.2652,0.484,0.2508
CLUBS SIX CLUBS THREE,0.5204,0.1012,0.3784
CLUBS FIVE CLUBS THREE,0.5042,0.1036,0.3922
CLUBS NINE CLUBS THREE,0.3946,0.043,0.5624
CLUBS EIGHT CLUBS THREE,0.3862,0.0642,0.5496
CLUBS THREE SPADES FIVE,0.5504,0.108,0.3416
CLUBS THREE SPADES FOUR,0.5566,0.2012,0.2422
CLUBS THREE SPADES THREE,0.3606,0.1196,0.5198
CLUBS THREE SPADES TWO,0.584,0.1016,0.3144
SPADES SIX CLUBS THREE,0.5448,0.1112,0.344
SPADES EIGHT CLUBS THREE,0.3882,0.0752,0.5366
SPADES NINE CLUBS THREE,0.3956,0.0462,0.5582
SPADES TWO DIAMONDS FOUR,0.5622,0.2064,0.2314
SPADES THREE DIAMONDS FOUR,0.5602,0.196,0.2438
SPADES FOUR DIAMONDS FOUR,0.2832,0.0896,0.6272
SPADES FIVE DIAMONDS FOUR,0.5404,0.196,0.2636
SPADES SIX DIAMONDS FOUR,0.5724,0.1956,0.232
SPADES EIGHT DIAMONDS FOUR,0.2604,0.1402,0.5994
SPADES NINE DIAMONDS FOUR,0.2572,0.1092,0.6336
CLUBS FIVE DIAMONDS FOUR,0.5242,0.2108,0.265
CLUBS SEVEN DIAMONDS FOUR,0.0084,0.9744,0.0172
CLUBS SIX DIAMONDS FOUR,0.5564,0.1916,0.252
CLUBS NINE DIAMONDS FOUR,0.2636,0.1002,0.6362
CLUBS EIGHT DIAMONDS FOUR,0.2482,0.1434,0.6084
DIAMONDS FOUR HEARTS SEVEN,0.0202,0.9534,0.0264
HEARTS SIX DIAMONDS FOUR,0.5526,0.1964,0.251
HEARTS NINE DIAMONDS FOUR,0.2724,0.101,0.6266
DIAMONDS FOUR HEARTS EIGHT,0.2484,0.1402,0.6114
CLUBS THREE DIAMONDS FOUR,0.5568,0.2014,0.2418
CLUBS TWO DIAMONDS FOUR,0.5542,0.2118,0.234
DIAMONDS TEN DIAMONDS FIVE,0.3446,0.0304,0.625
DIAMONDS JACK DIAMONDS FIVE,0.353,0.0196,0.6274
DIAMONDS NINE HEARTS QUEEN,0.356,0.0104,0.6336
HEARTS KING DIAMONDS NINE,0.3484,0.0074,0.6442
DIAMONDS NINE HEARTS ACE,0.3564,0.0028,0.6408
DIAMONDS NINE HEARTS TEN,0.335,0.0216,0.6434
DIAMONDS NINE HEARTS JACK,0.3428,0.016,0.6412
CLUBS KING DIAMONDS SIX,0.3566,0.009,0.6344
CLUBS QUEEN DIAMONDS SIX,0.3672,0.0144,0.6184
CLUBS ACE DIAMONDS SIX,0.3672,0.006,0.6268
SPADES KING DIAMONDS FOUR,0.2548,0.033,0.7122
SPADES QUEEN DIAMONDS FOUR,0.2618,0.0378,0.7004
CLUBS JACK DIAMONDS SIX,0.367,0.0184,0.6146
SPADES ACE DIAMONDS FOUR,0.2642,0.02,0.7158
CLUBS TEN DIAMONDS SIX,0.3572,0.032,0.6108
SPADES JACK DIAMONDS FOUR,0.2672,0.0526,0.6802
SPADES TEN DIAMONDS FOUR,0.2566,0.0754,0.668
CLUBS SEVEN SPADES EIGHT,0.2292,0.1428,0.628
CLUBS SEVEN SPADES NINE,0.2194,0.1066,0.674
CLUBS SEVEN SPADES SIX,0.2158,0.3714,0.4128
CLUBS SEVEN SPADES FIVE,0.2162,0.4616,0.3222
CLUBS SEVEN SPADES FOUR,0.0072,0.9852,0.0076
CLUBS SEVEN SPADES THREE,0.2668,0.5254,0.2078
CLUBS SEVEN SPADES TWO,0.298,0.5062,0.1958
CLUBS NINE CLUBS SEVEN,0.2298,0.107,0.6632
CLUBS SEVEN CLUBS EIGHT,0.221,0.1444,0.6346
HEARTS SIX DIAMONDS FIVE,0.4802,0.106,0.4138
DIAMONDS FIVE HEARTS SEVEN,0.2204,0.4478,0.3318
DIAMONDS FIVE HEARTS EIGHT,0.3592,0.06,0.5808
HEARTS NINE DIAMONDS FIVE,0.3612,0.037,0.6018
DIAMONDS QUEEN DIAMONDS FIVE,0.3464,0.012,0.6416
HEARTS TWO DIAMONDS FIVE,0.5452,0.101,0.3538
HEARTS KING HEARTS EIGHT,0.3304,0.0068,0.6628
DIAMONDS KING DIAMONDS FIVE,0.3508,0.0086,0.6406
HEARTS THREE DIAMONDS FIVE,0.5276,0.0974,0.375
HEARTS QUEEN HEARTS EIGHT,0.3456,0.0112,0.6432
DIAMONDS ACE DIAMONDS FIVE,0.3454,0.0042,0.6504
HEARTS FOUR DIAMONDS FIVE,0.5198,0.2078,0.2724
HEARTS FIVE DIAMONDS FIVE,0.2482,0.1142,0.6376
HEARTS ACE HEARTS EIGHT,0.3258,0.0046,0.6696
CLUBS FIVE DIAMONDS FIVE,0.2486,0.1158,0.6356
CLUBS SIX DIAMONDS FIVE,0.4918,0.11,0.3982
CLUBS SEVEN DIAMONDS FIVE,0.1978,0.4684,0.3338
CLUBS TWO DIAMONDS FIVE,0.555,0.0998,0.3452
CLUBS THREE DIAMONDS FIVE,0.5426,0.1118,0.3456
SPADES THREE DIAMONDS FIVE,0.5354,0.108,0.3566
SPADES TWO DIAMONDS FIVE,0.5484,0.107,0.3446
SPADES JACK DIAMONDS EIGHT,0.345,0.0156,0.6394
SPADES FIVE DIAMONDS FIVE,0.2524,0.1244,0.6232
CLUBS TEN HEARTS JACK,0.3294,0.0136,0.657
SPADES TEN DIAMONDS EIGHT,0.341,0.0264,0.6326
SPADES FOUR DIAMONDS FIVE,0.548,0.2002,0.2518
HEARTS JACK CLUBS JACK,0.166,0.0422,0.7918
HEARTS JACK CLUBS QUEEN,0.3392,0.0084,0.6524
CLUBS NINE DIAMONDS FIVE,0.3534,0.0414,0.6052
HEARTS JACK CLUBS KING,0.342,0.007,0.651
CLUBS EIGHT DIAMONDS FIVE,0.3538,0.0688,0.5774
HEARTS JACK CLUBS ACE,0.341,0.0042,0.6548
SPADES KING DIAMONDS EIGHT,0.3446,0.009,0.6464
SPADES SIX DIAMONDS FIVE,0.5044,0.107,0.3886
SPADES QUEEN DIAMONDS EIGHT,0.3408,0.0102,0.649
SPADES NINE DIAMONDS FIVE,0.3576,0.0456,0.5968
SPADES EIGHT DIAMONDS FIVE,0.3482,0.0632,0.5886
SPADES ACE DIAMONDS EIGHT,0.3438,0.0064,0.6498
DIAMONDS TEN DIAMONDS SIX,0.3442,0.0284,0.6274
HEARTS ACE DIAMONDS SEVEN,0.2524,0.0296,0.718
DIAMONDS JACK DIAMONDS SIX,0.3682,0.0146,0.6172
HEARTS QUEEN DIAMONDS SEVEN,0.2748,0.0418,0.6834
HEARTS KING DIAMONDS SEVEN,0.2644,0.032,0.7036
DIAMONDS ACE DIAMONDS SIX,0.355,0.0058,0.6392
HEARTS FOUR DIAMONDS SIX,0.5588,0.1926,0.2486
HEARTS JACK SPADES TWO,0.4152,0.0208,0.564
HEARTS FIVE DIAMONDS SIX,0.4936,0.0954,0.411
SPADES TWO HEARTS TEN,0.4242,0.0276,0.5482
DIAMONDS QUEEN DIAMONDS SIX,0.3434,0.0114,0.6452
HEARTS TWO DIAMONDS SIX,0.5578,0.0994,0.3428
DIAMONDS KING DIAMONDS SIX,0.3534,0.0078,0.6388
HEARTS THREE DIAMONDS SIX,0.5398,0.1066,0.3536
HEARTS EIGHT DIAMONDS SIX,0.3486,0.0644,0.587
HEARTS NINE DIAMONDS SIX,0.3482,0.0426,0.6092
HEARTS SIX DIAMONDS SIX,0.2494,0.1058,0.6448
HEARTS SEVEN DIAMONDS SIX,0.2204,0.359,0.4206
HEARTS TEN DIAMONDS SEVEN,0.2626,0.0828,0.6546
CLUBS TWO DIAMONDS SIX,0.5648,0.1066,0.3286
HEARTS JACK DIAMONDS SEVEN,0.2636,0.0602,0.6762
CLUBS THREE DIAMONDS SIX,0.5582,0.1074,0.3344
CLUBS SEVEN DIAMONDS SIX,0.2192,0.3684,0.4124
DIAMONDS EIGHT CLUBS JACK,0.3428,0.0152,0.642
CLUBS SIX DIAMONDS SIX,0.2452,0.1034,0.6514
CLUBS TEN DIAMONDS EIGHT,0.3418,0.0226,0.6356
CLUBS FIVE DIAMONDS SIX,0.482,0.0944,0.4236
HEARTS ACE HEARTS JACK,0.3378,0.0038,0.6584
DIAMONDS EIGHT CLUBS ACE,0.3486,0.0038,0.6476
HEARTS JACK HEARTS QUEEN,0.321,0.0104,0.6686
DIAMONDS EIGHT CLUBS KING,0.359,0.008,0.633
CLUBS NINE DIAMONDS SIX,0.3514,0.0378,0.6108
HEARTS KING HEARTS JACK,0.3264,0.0094,0.6642
DIAMONDS EIGHT CLUBS QUEEN,0.342,0.011,0.647
CLUBS EIGHT DIAMONDS SIX,0.3462,0.0638,0.59
SPADES TEN HEARTS KING,0.3442,0.0072,0.6486
SPADES FIVE DIAMONDS SIX,0.5046,0.1044,0.391
HEARTS ACE SPADES TWO,0.4084,0.003,0.5886
SPADES JACK HEARTS KING,0.3454,0.0064,0.6482
SPADES FOUR DIAMONDS SIX,0.5734,0.1916,0.235
SPADES THREE DIAMONDS SIX,0.5336,0.1066,0.3598
SPADES TWO HEARTS QUEEN,0.406,0.0136,0.5804
SPADES ACE SPADES KING,0.3432,0.0064,0.6504
HEARTS KING SPADES TWO,0.4164,0.0094,0.5742
SPADES TWO DIAMONDS SIX,0.566,0.1046,0.3294
HEARTS TEN HEARTS EIGHT,0.3206,0.0246,0.6548
SPADES NINE DIAMONDS SIX,0.3424,0.0424,0.6152
HEARTS JACK HEARTS EIGHT,0.3318,0.016,0.6522
SPADES EIGHT DIAMONDS SIX,0.3544,0.066,0.5796
SPADES SIX DIAMONDS SIX,0.2474,0.1116,0.641
SPADES KING HEARTS KING,0.1548,0.0166,0.8286
SPADES QUEEN HEARTS KING,0.3422,0.009,0.6488
CLUBS ACE CLUBS KING,0.34,0.006,0.654
SPADES ACE HEARTS KING,0.3478,0.0042,0.648
SPADES ACE HEARTS JACK,0.3402,0.0042,0.6556
SPADES QUEEN HEARTS JACK,0.3332,0.0092,0.6576
SPADES KING HEARTS JACK,0.3438,0.0066,0.6496
SPADES TEN DIAMONDS TEN,0.1566,0.0544,0.789
SPADES JACK DIAMONDS TEN,0.3306,0.0132,0.6562
SPADES ACE DIAMONDS TEN,0.338,0.006,0.656
SPADES JACK HEARTS JACK,0.161,0.042,0.797
SPADES TEN HEARTS JACK,0.335,0.0142,0.6508
SPADES QUEEN DIAMONDS TEN,0.3498,0.012,0.6382
SPADES KING DIAMONDS TEN,0.3534,0.0066,0.64
SPADES NINE DIAMONDS SEVEN,0.2298,0.1088,0.6614
SPADES EIGHT DIAMONDS SEVEN,0.2184,0.1476,0.634
SPADES SIX DIAMONDS SEVEN,0.2282,0.3752,0.3966
DIAMONDS KING DIAMONDS SEVEN,0.2442,0.0352,0.7206
HEARTS THREE DIAMONDS SEVEN,0.2682,0.5048,0.227
HEARTS KING DIAMONDS FIVE,0.3772,0.0072,0.6156
DIAMONDS QUEEN DIAMONDS SEVEN,0.2378,0.044,0.7182
HEARTS TWO DIAMONDS SEVEN,0.3028,0.485,0.2122
HEARTS QUEEN DIAMONDS FIVE,0.3666,0.0132,0.6202
HEARTS FIVE DIAMONDS SEVEN,0.217,0.4624,0.3206
DIAMONDS ACE DIAMONDS SEVEN,0.231,0.0272,0.7418
HEARTS FOUR DIAMONDS SEVEN,0.0268,0.9492,0.024
HEARTS ACE DIAMONDS FIVE,0.3536,0.0048,0.6416
HEARTS SEVEN DIAMONDS SEVEN,0.1052,0.102,0.7928
HEARTS SIX DIAMONDS SEVEN,0.2204,0.3822,0.3974
HEARTS NINE DIAMONDS SEVEN,0.225,0.119,0.656
DIAMONDS SEVEN HEARTS EIGHT,0.2432,0.1438,0.613
DIAMONDS JACK DIAMONDS SEVEN,0.245,0.0594,0.6956
HEARTS JACK DIAMONDS FIVE,0.3778,0.0174,0.6048
DIAMONDS TEN DIAMONDS SEVEN,0.248,0.0788,0.6732
DIAMONDS FIVE HEARTS TEN,0.3704,0.034,0.5956
SPADES KING CLUBS TWO,0.4052,0.0088,0.586
HEARTS KING CLUBS KING,0.1612,0.0158,0.823
CLUBS EIGHT DIAMONDS SEVEN,0.2434,0.148,0.6086
SPADES QUEEN CLUBS TWO,0.4176,0.0134,0.569
HEARTS KING CLUBS QUEEN,0.3304,0.007,0.6626
CLUBS NINE DIAMONDS SEVEN,0.2356,0.109,0.6554
SPADES TWO CLUBS JACK,0.4088,0.0204,0.5708
SPADES ACE CLUBS TWO,0.4004,0.0044,0.5952
CLUBS TEN SPADES TWO,0.4134,0.0302,0.5564
HEARTS KING CLUBS ACE,0.357,0.0066,0.6364
CLUBS SEVEN CLUBS SIX,0.2228,0.3574,0.4198
SPADES TWO CLUBS KING,0.4216,0.0092,0.5692
SPADES TWO DIAMONDS SEVEN,0.2882,0.506,0.2058
CLUBS EIGHT CLUBS SIX,0.3216,0.0628,0.6156
SPADES THREE DIAMONDS SEVEN,0.2772,0.5168,0.206
SPADES TWO CLUBS QUEEN,0.4054,0.016,0.5786
CLUBS NINE CLUBS SIX,0.3326,0.0382,0.6292
SPADES FOUR DIAMONDS SEVEN,0.0148,0.9756,0.0096
HEARTS KING CLUBS JACK,0.354,0.0066,0.6394
SPADES FIVE DIAMONDS SEVEN,0.2258,0.452,0.3222
SPADES TWO CLUBS ACE,0.3944,0.006,0.5996
CLUBS TEN HEARTS KING,0.3348,0.0082,0.657
CLUBS SIX SPADES TWO,0.5568,0.11,0.3332
CLUBS SIX SPADES THREE,0.5348,0.1028,0.3624
CLUBS TWO DIAMONDS SEVEN,0.2916,0.495,0.2134
CLUBS SIX SPADES FOUR,0.5556,0.1992,0.2452
CLUBS THREE DIAMONDS SEVEN,0.2734,0.5154,0.2112
CLUBS SIX SPADES FIVE,0.499,0.1048,0.3962
CLUBS SIX SPADES SIX,0.2366,0.107,0.6564
CLUBS FIVE DIAMONDS SEVEN,0.2074,0.4612,0.3314
CLUBS SIX DIAMONDS SEVEN,0.2048,0.3774,0.4178
CLUBS SIX SPADES EIGHT,0.339,0.0652,0.5958
SPADES JACK CLUBS TWO,0.4068,0.0228,0.5704
CLUBS SEVEN DIAMONDS SEVEN,0.0904,0.1114,0.7982
SPADES NINE CLUBS SIX,0.3364,0.0386,0.625
SPADES TEN CLUBS TWO,0.4012,0.0292,0.5696
CLUBS TWO CLUBS QUEEN,0.382,0.0136,0.6044
CLUBS TWO CLUBS KING,0.3894,0.0102,0.6004
CLUBS THREE DIAMONDS EIGHT,0.4056,0.065,0.5294
CLUBS TWO CLUBS ACE,0.389,0.0062,0.6048
CLUBS TWO DIAMONDS EIGHT,0.4166,0.0688,0.5146
DIAMONDS EIGHT HEARTS SEVEN,0.2426,0.1524,0.605
HEARTS SIX DIAMONDS EIGHT,0.3382,0.059,0.6028
DIAMONDS EIGHT HEARTS NINE,0.3104,0.0386,0.651
CLUBS TEN CLUBS TWO,0.3832,0.0292,0.5876
DIAMONDS EIGHT HEARTS EIGHT,0.1568,0.0788,0.7644
CLUBS TWO CLUBS JACK,0.3926,0.0196,0.5878
CLUBS NINE DIAMONDS EIGHT,0.3162,0.04,0.6438
CLUBS EIGHT DIAMONDS EIGHT,0.1388,0.078,0.7832
CLUBS FIVE DIAMONDS EIGHT,0.348,0.0648,0.5872
SPADES ACE SPADES THREE,0.3798,0.0066,0.6136
CLUBS SEVEN DIAMONDS EIGHT,0.235,0.1414,0.6236
SPADES QUEEN SPADES THREE,0.3922,0.0132,0.5946
CLUBS SIX DIAMONDS EIGHT,0.3352,0.0662,0.5986
SPADES KING SPADES THREE,0.384,0.0076,0.6084
DIAMONDS QUEEN DIAMONDS EIGHT,0.3166,0.011,0.6724
HEARTS TWO DIAMONDS EIGHT,0.409,0.0702,0.5208
DIAMONDS KING DIAMONDS EIGHT,0.3332,0.009,0.6578
HEARTS THREE DIAMONDS EIGHT,0.3924,0.0636,0.544
DIAMONDS ACE DIAMONDS EIGHT,0.3304,0.0038,0.6658
HEARTS FOUR DIAMONDS EIGHT,0.2538,0.139,0.6072
HEARTS FIVE DIAMONDS EIGHT,0.3526,0.0668,0.5806
DIAMONDS EIGHT DIAMONDS TEN,0.3096,0.0258,0.6646
DIAMONDS EIGHT DIAMONDS JACK,0.3122,0.0172,0.6706
SPADES JACK SPADES THREE,0.399,0.0222,0.5788
SPADES TEN SPADES THREE,0.3806,0.0284,0.591
CLUBS SIX HEARTS TEN,0.3566,0.0246,0.6188
CLUBS SIX HEARTS JACK,0.3646,0.0206,0.6148
SPADES FOUR DIAMONDS EIGHT,0.2562,0.139,0.6048
SPADES FIVE DIAMONDS EIGHT,0.339,0.0724,0.5886
DIAMONDS EIGHT SPADES TWO,0.413,0.0656,0.5214
DIAMONDS EIGHT SPADES THREE,0.413,0.0746,0.5124
SPADES EIGHT DIAMONDS EIGHT,0.1428,0.0818,0.7754
SPADES TEN DIAMONDS QUEEN,0.33,0.009,0.661
SPADES TEN HEARTS TWO,0.4058,0.028,0.5662
SPADES JACK HEARTS EIGHT,0.3312,0.0176,0.6512
SPADES NINE DIAMONDS EIGHT,0.3154,0.0392,0.6454
SPADES TEN HEARTS EIGHT,0.326,0.0222,0.6518
SPADES JACK HEARTS TWO,0.414,0.023,0.563
SPADES JACK DIAMONDS QUEEN,0.3384,0.0098,0.6518
SPADES SIX DIAMONDS EIGHT,0.3418,0.0656,0.5926
SPADES ACE HEARTS TWO,0.398,0.004,0.598
SPADES ACE DIAMONDS QUEEN,0.337,0.003,0.66
SPADES ACE HEARTS EIGHT,0.3484,0.0048,0.6468
SPADES KING HEARTS EIGHT,0.3438,0.0098,0.6464
SPADES QUEEN HEARTS TWO,0.408,0.0114,0.5806
SPADES QUEEN DIAMONDS QUEEN,0.1434,0.0272,0.8294
SPADES KING DIAMONDS QUEEN,0.3608,0.0068,0.6324
SPADES KING HEARTS TWO,0.422,0.0108,0.5672
SPADES QUEEN HEARTS EIGHT,0.3442,0.013,0.6428
CLUBS TWO HEARTS TEN,0.4168,0.034,0.5492
CLUBS TWO HEARTS JACK,0.4246,0.0178,0.5576
SPADES SIX DIAMONDS NINE,0.3542,0.0438,0.602
SPADES NINE DIAMONDS NINE,0.1536,0.064,0.7824
SPADES EIGHT DIAMONDS NINE,0.325,0.0412,0.6338
SPADES TEN CLUBS KING,0.3452,0.0064,0.6484
DIAMONDS NINE SPADES THREE,0.4044,0.046,0.5496
SPADES JACK CLUBS KING,0.3414,0.0042,0.6544
DIAMONDS NINE SPADES TWO,0.406,0.0446,0.5494
SPADES FIVE DIAMONDS NINE,0.3766,0.0466,0.5768
DIAMONDS NINE SPADES FOUR,0.276,0.0982,0.6258
CLUBS NINE DIAMONDS NINE,0.1558,0.0726,0.7716
CLUBS EIGHT DIAMONDS NINE,0.3174,0.0468,0.6358
CLUBS SIX DIAMONDS NINE,0.3566,0.044,0.5994
CLUBS SEVEN DIAMONDS NINE,0.24,0.1046,0.6554
CLUBS FIVE DIAMONDS NINE,0.3552,0.0498,0.595
CLUBS TWO DIAMONDS NINE,0.4118,0.0412,0.547
CLUBS THREE DIAMONDS NINE,0.3988,0.0428,0.5584
DIAMONDS NINE HEARTS EIGHT,0.3186,0.0408,0.6406
DIAMONDS NINE HEARTS NINE,0.1666,0.0634,0.77
HEARTS SIX DIAMONDS NINE,0.3504,0.0448,0.6048
DIAMONDS NINE HEARTS SEVEN,0.2366,0.108,0.6554
CLUBS NINE CLUBS EIGHT,0.3098,0.0354,0.6548
DIAMONDS ACE DIAMONDS NINE,0.3286,0.0036,0.6678
HEARTS FOUR DIAMONDS NINE,0.268,0.1102,0.6218
HEARTS FIVE DIAMONDS NINE,0.3674,0.0436,0.589
CLUBS TWO HEARTS ACE,0.4108,0.0054,0.5838
DIAMONDS QUEEN DIAMONDS NINE,0.323,0.0114,0.6656
HEARTS TWO DIAMONDS NINE,0.4212,0.044,0.5348
CLUBS TWO HEARTS KING,0.418,0.0072,0.5748
DIAMONDS KING DIAMONDS NINE,0.3306,0.0056,0.6638
HEARTS THREE DIAMONDS NINE,0.3988,0.0454,0.5558
CLUBS TWO HEARTS QUEEN,0.4094,0.0112,0.5794
DIAMONDS NINE DIAMONDS JACK,0.3208,0.0146,0.6646
CLUBS EIGHT SPADES NINE,0.3068,0.043,0.6502
DIAMONDS NINE DIAMONDS TEN,0.311,0.0258,0.6632
CLUBS EIGHT SPADES EIGHT,0.1382,0.0838,0.778
CLUBS EIGHT SPADES SIX,0.3348,0.0592,0.606
CLUBS EIGHT SPADES FIVE,0.3434,0.0692,0.5874
CLUBS EIGHT SPADES FOUR,0.2372,0.148,0.6148
CLUBS EIGHT SPADES THREE,0.3966,0.0734,0.53
CLUBS EIGHT SPADES TWO,0.3926,0.0708,0.5366
HEARTS SIX DIAMONDS TEN,0.356,0.0308,0.6132
DIAMONDS TEN HEARTS SEVEN,0.2518,0.083,0.6652
DIAMONDS TEN HEARTS EIGHT,0.3282,0.022,0.6498
DIAMONDS TEN HEARTS NINE,0.334,0.0232,0.6428
CLUBS TWO DIAMONDS TEN,0.4316,0.0316,0.5368
CLUBS THREE DIAMONDS TEN,0.424,0.0262,0.5498
DIAMONDS JACK DIAMONDS TEN,0.311,0.0162,0.6728
DIAMONDS QUEEN DIAMONDS TEN,0.3242,0.0096,0.6662
HEARTS TWO DIAMONDS TEN,0.4106,0.0284,0.561
DIAMONDS KING DIAMONDS TEN,0.3222,0.0062,0.6716
HEARTS THREE DIAMONDS TEN,0.4132,0.0248,0.562
DIAMONDS ACE DIAMONDS TEN,0.3416,0.0044,0.654
HEARTS FOUR DIAMONDS TEN,0.2756,0.0668,0.6576
CLUBS EIGHT HEARTS JACK,0.335,0.0202,0.6448
HEARTS FIVE DIAMONDS TEN,0.3774,0.0278,0.5948
CLUBS EIGHT HEARTS TEN,0.3282,0.0302,0.6416
CLUBS EIGHT HEARTS QUEEN,0.3444,0.011,0.6446
CLUBS EIGHT HEARTS KING,0.3576,0.0078,0.6346
CLUBS EIGHT HEARTS ACE,0.3388,0.0042,0.657
CLUBS NINE SPADES THREE,0.391,0.0472,0.5618
CLUBS NINE SPADES TWO,0.4074,0.0508,0.5418
CLUBS NINE SPADES FIVE,0.36,0.0396,0.6004
CLUBS NINE SPADES FOUR,0.264,0.1048,0.6312
CLUBS NINE SPADES SIX,0.3442,0.0366,0.6192
CLUBS NINE SPADES NINE,0.1534,0.0652,0.7814
CLUBS TEN HEARTS EIGHT,0.3302,0.0294,0.6404
CLUBS NINE SPADES EIGHT,0.3046,0.0346,0.6608
CLUBS JACK HEARTS EIGHT,0.3328,0.0134,0.6538
CLUBS QUEEN HEARTS EIGHT,0.3412,0.0102,0.6486
CLUBS KING HEARTS EIGHT,0.3532,0.009,0.6378
CLUBS ACE HEARTS EIGHT,0.347,0.0036,0.6494
SPADES KING CLUBS KING,0.1488,0.016,0.8352
SPADES QUEEN CLUBS KING,0.3376,0.0092,0.6532
SPADES ACE CLUBS KING,0.3402,0.0054,0.6544
DIAMONDS ACE HEARTS TEN,0.3462,0.0036,0.6502
HEARTS FOUR HEARTS TEN,0.2474,0.0752,0.6774
DIAMONDS ACE HEARTS JACK,0.3464,0.0058,0.6478
HEARTS FOUR HEARTS JACK,0.259,0.0524,0.6886
SPADES KING CLUBS FIVE,0.3726,0.007,0.6204
SPADES QUEEN CLUBS FIVE,0.3576,0.0124,0.63
SPADES ACE CLUBS FIVE,0.358,0.0048,0.6372
DIAMONDS JACK HEARTS SEVEN,0.2612,0.0572,0.6816
HEARTS SIX DIAMONDS JACK,0.385,0.0188,0.5962
DIAMONDS JACK HEARTS NINE,0.3352,0.0156,0.6492
DIAMONDS JACK HEARTS EIGHT,0.3416,0.0176,0.6408
DIAMONDS KING DIAMONDS JACK,0.3332,0.008,0.6588
HEARTS THREE DIAMONDS JACK,0.4222,0.0186,0.5592
SPADES ACE SPADES SIX,0.3552,0.0046,0.6402
SPADES FOUR HEARTS ACE,0.2734,0.0182,0.7084
DIAMONDS QUEEN DIAMONDS JACK,0.3306,0.01,0.6594
HEARTS TWO DIAMONDS JACK,0.4168,0.0166,0.5666
HEARTS FIVE DIAMONDS JACK,0.3796,0.0192,0.6012
SPADES QUEEN SPADES SIX,0.3592,0.0146,0.6262
SPADES FOUR HEARTS QUEEN,0.272,0.0438,0.6842
DIAMONDS ACE DIAMONDS JACK,0.3252,0.0046,0.6702
HEARTS FOUR DIAMONDS JACK,0.27,0.0536,0.6764
SPADES KING SPADES SIX,0.3678,0.0066,0.6256
HEARTS KING SPADES FOUR,0.2688,0.0352,0.696
SPADES TEN SPADES SIX,0.3382,0.0256,0.6362
SPADES JACK SPADES SIX,0.346,0.0176,0.6364
SPADES FOUR DIAMONDS JACK,0.2782,0.0614,0.6604
SPADES FIVE DIAMONDS JACK,0.38,0.019,0.601
DIAMONDS JACK SPADES TWO,0.4072,0.0218,0.571
SPADES THREE DIAMONDS JACK,0.4184,0.0158,0.5658
SPADES ACE DIAMONDS THREE,0.3834,0.0056,0.611
SPADES QUEEN DIAMONDS THREE,0.4014,0.0158,0.5828
CLUBS EIGHT DIAMONDS JACK,0.3324,0.0212,0.6464
SPADES KING DIAMONDS THREE,0.4038,0.009,0.5872
CLUBS NINE DIAMONDS JACK,0.3486,0.0174,0.634
CLUBS SIX DIAMONDS JACK,0.3858,0.0226,0.5916
CLUBS SEVEN DIAMONDS JACK,0.249,0.0612,0.6898
CLUBS FIVE DIAMONDS JACK,0.3794,0.0164,0.6042
CLUBS TWO DIAMONDS JACK,0.4292,0.0154,0.5554
CLUBS THREE DIAMONDS JACK,0.4192,0.0202,0.5606
SPADES TEN CLUBS FIVE,0.3614,0.0296,0.609
HEARTS SIX SPADES JACK,0.3686,0.0178,0.6136
HEARTS SIX SPADES TEN,0.3624,0.0274,0.6102
SPADES JACK CLUBS FIVE,0.3566,0.0242,0.6192
SPADES JACK DIAMONDS THREE,0.4036,0.019,0.5774
CLUBS SEVEN CLUBS ACE,0.236,0.0282,0.7358
DIAMONDS THREE SPADES TEN,0.3946,0.0332,0.5722
CLUBS SEVEN CLUBS QUEEN,0.2376,0.045,0.7174
CLUBS SEVEN CLUBS KING,0.243,0.0404,0.7166
SPADES NINE DIAMONDS JACK,0.3312,0.0188,0.65
CLUBS TEN CLUBS SEVEN,0.2552,0.0714,0.6734
DIAMONDS ACE HEARTS ACE,0.1522,0.0022,0.8456
HEARTS FOUR HEARTS ACE,0.2606,0.0202,0.7192
SPADES EIGHT DIAMONDS JACK,0.3318,0.0188,0.6494
SPADES ACE HEARTS SIX,0.3594,0.004,0.6366
CLUBS SEVEN CLUBS JACK,0.2352,0.0616,0.7032
DIAMONDS ACE HEARTS KING,0.3536,0.0042,0.6422
HEARTS FOUR HEARTS KING,0.2478,0.0316,0.7206
SPADES KING HEARTS SIX,0.3756,0.0084,0.616
DIAMONDS ACE HEARTS QUEEN,0.3464,0.003,0.6506
HEARTS FOUR HEARTS QUEEN,0.2512,0.0398,0.709
SPADES SIX DIAMONDS JACK,0.388,0.0176,0.5944
SPADES QUEEN HEARTS SIX,0.3658,0.0092,0.625
SPADES TWO DIAMONDS TEN,0.415,0.0234,0.5616
SPADES THREE DIAMONDS TEN,0.4048,0.0308,0.5644
SPADES FOUR DIAMONDS TEN,0.2674,0.0804,0.6522
SPADES FIVE DIAMONDS TEN,0.362,0.0306,0.6074
SPADES SIX DIAMONDS TEN,0.3624,0.0324,0.6052
SPADES EIGHT DIAMONDS TEN,0.3308,0.0286,0.6406
SPADES NINE DIAMONDS TEN,0.316,0.023,0.661
CLUBS FIVE DIAMONDS TEN,0.3844,0.0272,0.5884
CLUBS SIX DIAMONDS TEN,0.3654,0.0262,0.6084
CLUBS SEVEN DIAMONDS TEN,0.2472,0.0828,0.67
CLUBS EIGHT DIAMONDS TEN,0.3246,0.0216,0.6538
CLUBS NINE DIAMONDS TEN,0.3198,0.0278,0.6524
DIAMONDS THREE CLUBS JACK,0.416,0.0182,0.5658
CLUBS TEN DIAMONDS THREE,0.3942,0.0302,0.5756
DIAMONDS THREE CLUBS KING,0.4018,0.0108,0.5874
DIAMONDS THREE CLUBS QUEEN,0.402,0.0162,0.5818
DIAMONDS THREE CLUBS ACE,0.3884,0.0066,0.605
SPADES FOUR HEARTS JACK,0.271,0.0548,0.6742
SPADES FOUR HEARTS TEN,0.2718,0.0748,0.6534
SPADES FIVE SPADES TWO,0.516,0.0978,0.3862
SPADES FOUR SPADES TWO,0.5316,0.202,0.2664
SPADES THREE SPADES TWO,0.5338,0.0986,0.3676
SPADES NINE SPADES TWO,0.3916,0.0472,0.5612
SPADES EIGHT SPADES TWO,0.39,0.0688,0.5412
SPADES SIX SPADES TWO,0.5472,0.0978,0.355
DIAMONDS QUEEN CLUBS THREE,0.4052,0.0108,0.584
HEARTS TWO CLUBS THREE,0.566,0.1098,0.3242
DIAMONDS QUEEN CLUBS TWO,0.4208,0.0146,0.5646
CLUBS TWO HEARTS TWO,0.3732,0.12,0.5068
DIAMONDS QUEEN HEARTS SEVEN,0.2604,0.0434,0.6962
HEARTS TWO HEARTS SEVEN,0.2768,0.4592,0.264
HEARTS SIX DIAMONDS QUEEN,0.3652,0.0116,0.6232
HEARTS SIX HEARTS TWO,0.524,0.0914,0.3846
DIAMONDS QUEEN HEARTS NINE,0.359,0.0096,0.6314
HEARTS TWO HEARTS NINE,0.3758,0.046,0.5782
DIAMONDS QUEEN HEARTS EIGHT,0.3358,0.0102,0.654
HEARTS TWO HEARTS EIGHT,0.3876,0.061,0.5514
CLUBS NINE HEARTS TWO,0.4164,0.046,0.5376
CLUBS NINE DIAMONDS QUEEN,0.336,0.0102,0.6538
CLUBS EIGHT HEARTS TWO,0.4156,0.068,0.5164
CLUBS EIGHT DIAMONDS QUEEN,0.3536,0.0112,0.6352
CLUBS FIVE DIAMONDS QUEEN,0.3614,0.012,0.6266
CLUBS FIVE HEARTS TWO,0.5266,0.113,0.3604
SPADES EIGHT HEARTS ACE,0.3364,0.0034,0.6602
CLUBS SEVEN DIAMONDS QUEEN,0.2536,0.0492,0.6972
CLUBS SEVEN HEARTS TWO,0.2788,0.4874,0.2338
SPADES EIGHT HEARTS QUEEN,0.3416,0.0084,0.65
CLUBS SIX DIAMONDS QUEEN,0.3656,0.0112,0.6232
CLUBS SIX HEARTS TWO,0.5662,0.1052,0.3286
SPADES EIGHT HEARTS KING,0.3536,0.008,0.6384
DIAMONDS QUEEN SPADES SIX,0.3714,0.0114,0.6172
HEARTS TWO SPADES SIX,0.5622,0.0994,0.3384
HEARTS FOUR CLUBS QUEEN,0.258,0.0472,0.6948
DIAMONDS ACE CLUBS QUEEN,0.3464,0.0048,0.6488
HEARTS FOUR CLUBS KING,0.2596,0.032,0.7084
DIAMONDS ACE CLUBS KING,0.3466,0.004,0.6494
DIAMONDS QUEEN SPADES EIGHT,0.3402,0.0142,0.6456
SPADES EIGHT HEARTS TWO,0.4122,0.066,0.5218
HEARTS FOUR CLUBS ACE,0.2564,0.0168,0.7268
DIAMONDS ACE CLUBS ACE,0.1534,0.0032,0.8434
SPADES NINE DIAMONDS QUEEN,0.3486,0.01,0.6414
SPADES NINE HEARTS TWO,0.4082,0.0496,0.5422
HEARTS TWO SPADES TWO,0.3808,0.116,0.5032
DIAMONDS QUEEN SPADES TWO,0.4206,0.0124,0.567
HEARTS TWO SPADES THREE,0.5676,0.1024,0.33
DIAMONDS QUEEN SPADES THREE,0.4202,0.0128,0.567
HEARTS TWO SPADES FOUR,0.5672,0.2086,0.2242
DIAMONDS QUEEN SPADES FOUR,0.2624,0.0446,0.693
HEARTS FOUR CLUBS TEN,0.2476,0.0814,0.671
CLUBS TEN DIAMONDS ACE,0.346,0.0048,0.6492
HEARTS TWO SPADES FIVE,0.5536,0.103,0.3434
DIAMONDS QUEEN SPADES FIVE,0.3754,0.0124,0.6122
HEARTS FOUR CLUBS JACK,0.2648,0.0524,0.6828
DIAMONDS ACE CLUBS JACK,0.341,0.0042,0.6548
CLUBS FIVE CLUBS KING,0.353,0.0086,0.6384
CLUBS FIVE CLUBS QUEEN,0.3578,0.0128,0.6294
CLUBS FIVE CLUBS ACE,0.3502,0.0068,0.643
CLUBS FIVE CLUBS JACK,0.3526,0.0164,0.631
CLUBS TEN CLUBS FIVE,0.3566,0.0272,0.6162
SPADES KING CLUBS JACK,0.3456,0.0068,0.6476
SPADES QUEEN CLUBS JACK,0.3354,0.0108,0.6538
SPADES ACE CLUBS JACK,0.337,0.0056,0.6574
SPADES SIX CLUBS KING,0.3584,0.0086,0.633
SPADES SIX CLUBS QUEEN,0.3662,0.0154,0.6184
SPADES EIGHT HEARTS JACK,0.3324,0.019,0.6486
SPADES SIX CLUBS ACE,0.37,0.0072,0.6228
SPADES EIGHT HEARTS TEN,0.3366,0.0236,0.6398
SPADES SIX CLUBS JACK,0.3784,0.0166,0.605
CLUBS TEN SPADES SIX,0.3628,0.029,0.6082
SPADES TEN CLUBS JACK,0.3306,0.0188,0.6506
SPADES JACK CLUBS JACK,0.1478,0.0432,0.809
SPADES QUEEN CLUBS SEVEN,0.2522,0.049,0.6988
SPADES KING CLUBS SEVEN,0.246,0.0438,0.7102
SPADES ACE CLUBS SEVEN,0.2328,0.0312,0.736
SPADES SIX HEARTS TEN,0.3746,0.0248,0.6006
SPADES SIX HEARTS JACK,0.365,0.0206,0.6144
SPADES SIX HEARTS ACE,0.3698,0.0042,0.626
SPADES SIX HEARTS KING,0.3738,0.0078,0.6184
SPADES SIX HEARTS QUEEN,0.3684,0.011,0.6206
CLUBS SEVEN SPADES JACK,0.2448,0.0646,0.6906
CLUBS SEVEN SPADES TEN,0.2352,0.0848,0.68
CLUBS TEN HEARTS SIX,0.367,0.025,0.608
HEARTS SIX CLUBS JACK,0.3848,0.0182,0.597
CLUBS ACE CLUBS JACK,0.3356,0.0048,0.6596
HEARTS SIX CLUBS QUEEN,0.3688,0.0136,0.6176
HEARTS SIX CLUBS KING,0.3782,0.0114,0.6104
HEARTS SIX CLUBS ACE,0.3522,0.0032,0.6446
CLUBS QUEEN CLUBS JACK,0.3186,0.0128,0.6686
CLUBS KING CLUBS JACK,0.3228,0.0068,0.6704
DIAMONDS THREE HEARTS ACE,0.3966,0.0044,0.599
DIAMONDS THREE HEARTS QUEEN,0.4068,0.012,0.5812
DIAMONDS THREE HEARTS KING,0.4076,0.0058,0.5866
CLUBS FIVE HEARTS JACK,0.3708,0.0222,0.607
SPADES TEN DIAMONDS ACE,0.3318,0.0044,0.6638
HEARTS FOUR SPADES TEN,0.2578,0.0806,0.6616
CLUBS FIVE HEARTS TEN,0.3634,0.0308,0.6058
HEARTS FOUR SPADES JACK,0.2552,0.0578,0.687
SPADES JACK DIAMONDS ACE,0.3558,0.0032,0.641
SPADES ACE HEARTS FOUR,0.2476,0.0182,0.7342
SPADES ACE DIAMONDS ACE,0.1472,0.0038,0.849
CLUBS FIVE HEARTS ACE,0.362,0.0046,0.6334
CLUBS FIVE HEARTS KING,0.3672,0.0108,0.622
HEARTS FOUR SPADES QUEEN,0.267,0.0438,0.6892
SPADES QUEEN DIAMONDS ACE,0.3322,0.004,0.6638
SPADES FOUR CLUBS JACK,0.2672,0.0564,0.6764
CLUBS FIVE HEARTS QUEEN,0.367,0.0178,0.6152
SPADES KING DIAMONDS ACE,0.3474,0.0044,0.6482
HEARTS FOUR SPADES KING,0.2608,0.0324,0.7068
CLUBS TEN SPADES FOUR,0.2552,0.0778,0.667
DIAMONDS QUEEN DIAMONDS ACE,0.3332,0.0034,0.6634
HEARTS TWO DIAMONDS ACE,0.3996,0.0044,0.596
HEARTS FOUR DIAMONDS QUEEN,0.2564,0.0414,0.7022
HEARTS FOUR HEARTS TWO,0.5218,0.1902,0.288
DIAMONDS THREE HEARTS TEN,0.394,0.0288,0.5772
SPADES FOUR CLUBS KING,0.266,0.0318,0.7022
HEARTS FIVE DIAMONDS QUEEN,0.3864,0.0114,0.6022
HEARTS FIVE HEARTS TWO,0.5152,0.0996,0.3852
DIAMONDS THREE HEARTS JACK,0.4066,0.0212,0.5722
SPADES FOUR CLUBS QUEEN,0.2538,0.0448,0.7014
DIAMONDS QUEEN HEARTS TWO,0.4072,0.0146,0.5782
DIAMONDS KING DIAMONDS QUEEN,0.3254,0.007,0.6676
DIAMONDS KING HEARTS TWO,0.4168,0.0094,0.5738
HEARTS THREE DIAMONDS QUEEN,0.4078,0.0114,0.5808
HEARTS THREE HEARTS TWO,0.525,0.1004,0.3746
SPADES FOUR CLUBS ACE,0.2564,0.0214,0.7222
HEARTS TWO CLUBS ACE,0.4036,0.0044,0.592
DIAMONDS QUEEN CLUBS ACE,0.346,0.0046,0.6494
HEARTS TWO CLUBS QUEEN,0.426,0.014,0.56
DIAMONDS QUEEN CLUBS QUEEN,0.1486,0.0248,0.8266
HEARTS TWO CLUBS KING,0.4152,0.0094,0.5754
DIAMONDS QUEEN CLUBS KING,0.3456,0.0052,0.6492
SPADES EIGHT SPADES FIVE,0.3286,0.0602,0.6112
CLUBS TEN HEARTS TWO,0.4152,0.0282,0.5566
CLUBS TEN DIAMONDS QUEEN,0.3374,0.0112,0.6514
SPADES NINE SPADES FIVE,0.3476,0.0412,0.6112
HEARTS TWO CLUBS JACK,0.412,0.02,0.568
DIAMONDS QUEEN CLUBS JACK,0.3456,0.0102,0.6442
SPADES SIX SPADES FIVE,0.4696,0.1014,0.429
DIAMONDS FIVE CLUBS QUEEN,0.3712,0.013,0.6158
SPADES EIGHT CLUBS ACE,0.3362,0.0032,0.6606
DIAMONDS FIVE CLUBS KING,0.376,0.008,0.616
SPADES EIGHT CLUBS KING,0.3344,0.0086,0.657
CLUBS ACE DIAMONDS FIVE,0.3554,0.0052,0.6394
SPADES EIGHT CLUBS QUEEN,0.3314,0.0102,0.6584
SPADES EIGHT CLUBS JACK,0.3296,0.0214,0.649
CLUBS TEN SPADES EIGHT,0.3138,0.0264,0.6598
CLUBS TEN DIAMONDS FIVE,0.371,0.0294,0.5996
DIAMONDS FIVE CLUBS JACK,0.3748,0.0232,0.602
HEARTS JACK DIAMONDS TEN,0.3498,0.0104,0.6398
DIAMONDS TEN HEARTS TEN,0.1728,0.0548,0.7724
SPADES ACE CLUBS NINE,0.3312,0.0042,0.6646
CLUBS NINE SPADES QUEEN,0.331,0.0124,0.6566
CLUBS NINE SPADES KING,0.3272,0.0092,0.6636
HEARTS SIX HEARTS KING,0.3486,0.0086,0.6428
SPADES KING DIAMONDS SEVEN,0.2486,0.0392,0.7122
HEARTS SIX HEARTS QUEEN,0.3494,0.0156,0.635
DIAMONDS KING SPADES SIX,0.3824,0.0072,0.6104
HEARTS THREE SPADES SIX,0.549,0.1044,0.3466
SPADES QUEEN DIAMONDS SEVEN,0.2544,0.0524,0.6932
DIAMONDS KING SPADES NINE,0.3522,0.0066,0.6412
HEARTS THREE SPADES NINE,0.4098,0.0444,0.5458
HEARTS SIX HEARTS ACE,0.3534,0.0026,0.644
DIAMONDS KING SPADES EIGHT,0.3506,0.0072,0.6422
HEARTS THREE SPADES EIGHT,0.4084,0.0714,0.5202
SPADES ACE DIAMONDS SEVEN,0.2516,0.026,0.7224
CLUBS NINE HEARTS THREE,0.3852,0.039,0.5758
CLUBS NINE DIAMONDS KING,0.3338,0.0078,0.6584
HEARTS THREE CLUBS EIGHT,0.4038,0.0674,0.5288
CLUBS EIGHT DIAMONDS KING,0.3546,0.0082,0.6372
HEARTS THREE SPADES THREE,0.3552,0.1278,0.517
DIAMONDS KING SPADES THREE,0.4056,0.0078,0.5866
HEARTS THREE SPADES TWO,0.569,0.1012,0.3298
DIAMONDS KING SPADES TWO,0.4212,0.0088,0.57
HEARTS THREE SPADES FIVE,0.5274,0.1114,0.3612
