opposingHand,winningChance,drawChance,lostChance
CLUBS JACK SPADES THREE
HEARTS FIVE SPADES TEN,0.588,0.0208,0.3912
SPADES JACK HEARTS FIVE,0.2044,0.4704,0.3252
SPADES FIVE CLUBS TEN,0.5848,0.0218,0.3934
CLUBS EIGHT CLUBS TEN,0.5204,0.0168,0.4628
CLUBS EIGHT CLUBS KING,0.3446,0.0088,0.6466
SPADES FIVE CLUBS ACE,0.342,0.0074,0.6506
CLUBS EIGHT CLUBS QUEEN,0.3356,0.0138,0.6506
SPADES FIVE CLUBS KING,0.357,0.0074,0.6356
SPADES FIVE CLUBS QUEEN,0.3522,0.0104,0.6374
CLUBS EIGHT CLUBS ACE,0.3472,0.0062,0.6466
DIAMONDS TWO DIAMONDS THREE,0.645,0.0566,0.2984
DIAMONDS TWO DIAMONDS FIVE,0.5578,0.014,0.4282
SPADES KING HEARTS FIVE,0.3602,0.0092,0.6306
DIAMONDS TWO DIAMONDS FOUR,0.5608,0.0196,0.4196
SPADES QUEEN HEARTS FIVE,0.3594,0.011,0.6296
DIAMONDS TWO DIAMONDS SEVEN,0.5714,0.0204,0.4082
DIAMONDS TWO DIAMONDS SIX,0.5858,0.0188,0.3954
SPADES ACE HEARTS FIVE,0.3424,0.0046,0.653
DIAMONDS TWO DIAMONDS NINE,0.5756,0.0188,0.4056
DIAMONDS TWO DIAMONDS EIGHT,0.577,0.0198,0.4032
DIAMONDS THREE DIAMONDS FOUR,0.629,0.0546,0.3164
CLUBS TWO SPADES FOUR,0.5974,0.0224,0.3802
DIAMONDS THREE DIAMONDS FIVE,0.6192,0.0504,0.3304
CLUBS TWO SPADES FIVE,0.5938,0.0238,0.3824
CLUBS TWO SPADES TWO,0.4032,0.0576,0.5392
DIAMONDS THREE DIAMONDS EIGHT,0.6604,0.0448,0.2948
SPADES EIGHT CLUBS TWO,0.624,0.0218,0.3542
DIAMONDS THREE DIAMONDS NINE,0.6636,0.0572,0.2792
SPADES NINE CLUBS TWO,0.6382,0.0178,0.344
DIAMONDS THREE DIAMONDS SIX,0.646,0.0526,0.3014
CLUBS TWO SPADES SIX,0.6196,0.0224,0.358
DIAMONDS THREE DIAMONDS SEVEN,0.6514,0.0488,0.2998
CLUBS TWO SPADES SEVEN,0.628,0.0212,0.3508
CLUBS SIX CLUBS TWO,0.5882,0.0198,0.392
CLUBS SEVEN CLUBS TWO,0.6034,0.025,0.3716
CLUBS FOUR CLUBS TWO,0.5886,0.018,0.3934
CLUBS FIVE CLUBS TWO,0.5764,0.0204,0.4032
DIAMONDS FOUR DIAMONDS SIX,0.5192,0.0202,0.4606
CLUBS QUEEN CLUBS TEN,0.3074,0.0106,0.682
DIAMONDS FOUR DIAMONDS SEVEN,0.536,0.0166,0.4474
CLUBS KING CLUBS TEN,0.321,0.007,0.672
CLUBS ACE CLUBS TEN,0.3256,0.0056,0.6688
CLUBS EIGHT CLUBS TWO,0.6004,0.0186,0.381
DIAMONDS FIVE DIAMONDS FOUR,0.5214,0.0236,0.455
CLUBS NINE CLUBS TWO,0.6132,0.0146,0.3722
DIAMONDS NINE DIAMONDS FOUR,0.549,0.0178,0.4332
DIAMONDS EIGHT DIAMONDS FOUR,0.5452,0.0164,0.4384
CLUBS TWO CLUBS THREE,0.6476,0.0684,0.284
DIAMONDS NINE DIAMONDS FIVE,0.5346,0.018,0.4474
DIAMONDS EIGHT DIAMONDS FIVE,0.5248,0.0196,0.4556
DIAMONDS TWO CLUBS TEN,0.6286,0.017,0.3544
DIAMONDS FIVE DIAMONDS SEVEN,0.5258,0.0186,0.4556
DIAMONDS FIVE DIAMONDS SIX,0.5028,0.0216,0.4756
DIAMONDS TWO CLUBS ACE,0.3756,0.0068,0.6176
DIAMONDS TWO CLUBS KING,0.3886,0.0082,0.6032
DIAMONDS TWO CLUBS QUEEN,0.3816,0.0142,0.6042
DIAMONDS EIGHT DIAMONDS SIX,0.5206,0.0186,0.4608
DIAMONDS NINE DIAMONDS SIX,0.5404,0.0188,0.4408
DIAMONDS SEVEN DIAMONDS SIX,0.5194,0.0156,0.465
DIAMONDS EIGHT DIAMONDS SEVEN,0.4848,0.0174,0.4978
DIAMONDS NINE DIAMONDS SEVEN,0.5086,0.0142,0.4772
DIAMONDS NINE DIAMONDS EIGHT,0.5028,0.0178,0.4794
DIAMONDS KING HEARTS TEN,0.338,0.0054,0.6566
HEARTS THREE HEARTS TEN,0.663,0.0578,0.2792
CLUBS SIX SPADES JACK,0.2118,0.3936,0.3946
DIAMONDS KING HEARTS JACK,0.2422,0.0294,0.7284
HEARTS THREE HEARTS JACK,0.0238,0.9048,0.0714
CLUBS SIX SPADES TEN,0.5908,0.021,0.3882
SPADES JACK SPADES FIVE,0.2044,0.4386,0.357
SPADES TEN SPADES FIVE,0.5662,0.0174,0.4164
DIAMONDS KING HEARTS ACE,0.3198,0.0042,0.676
HEARTS THREE HEARTS ACE,0.2304,0.0216,0.748
SPADES ACE CLUBS SIX,0.3532,0.0052,0.6416
DIAMONDS KING HEARTS QUEEN,0.3084,0.0056,0.686
HEARTS THREE HEARTS QUEEN,0.2206,0.0376,0.7418
SPADES KING CLUBS SIX,0.3468,0.0098,0.6434
DIAMONDS KING HEARTS KING,0.1438,0.0048,0.8514
HEARTS THREE HEARTS KING,0.227,0.03,0.743
SPADES QUEEN CLUBS SIX,0.3526,0.0122,0.6352
SPADES NINE HEARTS TEN,0.517,0.018,0.465
SPADES NINE HEARTS JACK,0.227,0.1706,0.6024
SPADES QUEEN SPADES FIVE,0.3346,0.0118,0.6536
SPADES KING SPADES FIVE,0.3298,0.0078,0.6624
SPADES ACE SPADES FIVE,0.3346,0.0038,0.6616
SPADES NINE HEARTS QUEEN,0.3396,0.0106,0.6498
SPADES NINE HEARTS KING,0.343,0.0068,0.6502
SPADES NINE HEARTS ACE,0.3488,0.0034,0.6478
SPADES JACK CLUBS TEN,0.2258,0.1242,0.65
SPADES TEN CLUBS TEN,0.2722,0.0188,0.709
SPADES ACE CLUBS TEN,0.347,0.0056,0.6474
SPADES KING CLUBS TEN,0.3304,0.0104,0.6592
SPADES QUEEN CLUBS TEN,0.3096,0.0096,0.6808
SPADES FIVE HEARTS QUEEN,0.3492,0.0104,0.6404
HEARTS KING SPADES FIVE,0.3628,0.0072,0.63
SPADES FIVE HEARTS ACE,0.3448,0.0034,0.6518
CLUBS EIGHT SPADES TEN,0.5408,0.0184,0.4408
HEARTS THREE SPADES JACK,0.0102,0.974,0.0158
SPADES JACK DIAMONDS KING,0.2172,0.0306,0.7522
SPADES TEN DIAMONDS KING,0.3262,0.0074,0.6664
HEARTS THREE SPADES TEN,0.7008,0.0646,0.2346
CLUBS EIGHT SPADES JACK,0.2222,0.2196,0.5582
SPADES ACE CLUBS EIGHT,0.352,0.0056,0.6424
CLUBS SIX HEARTS ACE,0.3582,0.0062,0.6356
HEARTS FIVE CLUBS TEN,0.597,0.0178,0.3852
CLUBS EIGHT SPADES QUEEN,0.3488,0.0104,0.6408
CLUBS SIX HEARTS QUEEN,0.3602,0.012,0.6278
CLUBS EIGHT SPADES KING,0.3708,0.0066,0.6226
CLUBS SIX HEARTS KING,0.37,0.0074,0.6226
DIAMONDS TWO HEARTS JACK,0.267,0.522,0.211
DIAMONDS TWO HEARTS TEN,0.624,0.0204,0.3556
HEARTS FIVE CLUBS ACE,0.348,0.004,0.648
SPADES FIVE HEARTS TEN,0.5948,0.0204,0.3848
HEARTS FIVE CLUBS KING,0.3514,0.0082,0.6404
SPADES FIVE HEARTS JACK,0.2162,0.464,0.3198
HEARTS FIVE CLUBS QUEEN,0.3466,0.0144,0.639
HEARTS THREE CLUBS KING,0.2348,0.0336,0.7316
DIAMONDS KING CLUBS KING,0.1336,0.0076,0.8588
HEARTS THREE CLUBS QUEEN,0.2336,0.0478,0.7186
DIAMONDS KING CLUBS QUEEN,0.3014,0.0078,0.6908
HEARTS FIVE HEARTS JACK,0.2174,0.4246,0.358
HEARTS FIVE HEARTS TEN,0.5428,0.018,0.4392
HEARTS THREE CLUBS ACE,0.226,0.0196,0.7544
DIAMONDS KING CLUBS ACE,0.3152,0.005,0.6798
SPADES ACE CLUBS QUEEN,0.3122,0.0048,0.683
SPADES KING CLUBS QUEEN,0.309,0.0078,0.6832
SPADES QUEEN CLUBS QUEEN,0.132,0.0124,0.8556
HEARTS THREE CLUBS TEN,0.7058,0.057,0.2372
DIAMONDS KING CLUBS TEN,0.3436,0.0074,0.649
SPADES JACK CLUBS QUEEN,0.2148,0.0414,0.7438
CLUBS SIX CLUBS QUEEN,0.3476,0.0118,0.6406
SPADES TEN CLUBS QUEEN,0.3086,0.0134,0.678
CLUBS SIX CLUBS KING,0.3392,0.0084,0.6524
CLUBS SIX CLUBS ACE,0.3534,0.0052,0.6414
HEARTS FIVE HEARTS KING,0.3308,0.0058,0.6634
HEARTS FIVE HEARTS QUEEN,0.3446,0.0138,0.6416
CLUBS SIX CLUBS TEN,0.555,0.02,0.425
HEARTS FIVE HEARTS ACE,0.3108,0.0054,0.6838
SPADES SEVEN HEARTS JACK,0.2264,0.291,0.4826
SPADES SEVEN HEARTS TEN,0.5634,0.0158,0.4208
DIAMONDS TWO CLUBS TWO,0.4178,0.0592,0.523
DIAMONDS TWO CLUBS THREE,0.6896,0.0582,0.2522
HEARTS SIX DIAMONDS TWO,0.6212,0.0224,0.3564
DIAMONDS TWO HEARTS QUEEN,0.3964,0.012,0.5916
DIAMONDS TWO HEARTS SEVEN,0.6276,0.019,0.3534
DIAMONDS TWO HEARTS KING,0.3918,0.0098,0.5984
DIAMONDS TWO HEARTS EIGHT,0.6198,0.0202,0.36
DIAMONDS TWO HEARTS ACE,0.381,0.0048,0.6142
DIAMONDS TWO HEARTS NINE,0.6182,0.023,0.3588
DIAMONDS TWO DIAMONDS QUEEN,0.3594,0.0096,0.631
DIAMONDS TWO HEARTS TWO,0.4052,0.0572,0.5376
DIAMONDS TWO DIAMONDS KING,0.3874,0.008,0.6046
HEARTS THREE DIAMONDS TWO,0.6808,0.0552,0.264
DIAMONDS TWO DIAMONDS ACE,0.3516,0.005,0.6434
HEARTS FOUR DIAMONDS TWO,0.6078,0.0224,0.3698
DIAMONDS TWO HEARTS FIVE,0.5938,0.023,0.3832
SPADES SEVEN HEARTS ACE,0.3484,0.0044,0.6472
DIAMONDS TWO DIAMONDS TEN,0.5774,0.0174,0.4052
SPADES SEVEN HEARTS KING,0.3652,0.005,0.6298
DIAMONDS TWO DIAMONDS JACK,0.2428,0.4948,0.2624
SPADES SEVEN HEARTS QUEEN,0.3458,0.011,0.6432
DIAMONDS TWO SPADES NINE,0.6166,0.0194,0.364
DIAMONDS TWO SPADES EIGHT,0.611,0.022,0.367
DIAMONDS TWO SPADES SEVEN,0.6118,0.0212,0.367
DIAMONDS TWO SPADES SIX,0.6136,0.0164,0.37
DIAMONDS TWO SPADES FIVE,0.588,0.0226,0.3894
DIAMONDS TWO SPADES FOUR,0.5948,0.0204,0.3848
DIAMONDS TWO SPADES TWO,0.4082,0.053,0.5388
CLUBS NINE DIAMONDS TWO,0.6342,0.0224,0.3434
CLUBS EIGHT DIAMONDS TWO,0.6246,0.0198,0.3556
DIAMONDS TWO CLUBS SEVEN,0.6126,0.0216,0.3658
CLUBS SIX DIAMONDS TWO,0.6262,0.0182,0.3556
DIAMONDS TWO CLUBS FIVE,0.609,0.0226,0.3684
DIAMONDS TWO CLUBS FOUR,0.6136,0.0246,0.3618
CLUBS FOUR SPADES FIVE,0.5442,0.0222,0.4336
CLUBS FOUR SPADES FOUR,0.3106,0.0518,0.6376
CLUBS FOUR SPADES TWO,0.6122,0.022,0.3658
CLUBS FOUR SPADES NINE,0.5958,0.018,0.3862
CLUBS FOUR SPADES EIGHT,0.5694,0.0232,0.4074
CLUBS FOUR SPADES SEVEN,0.5758,0.0216,0.4026
CLUBS FOUR SPADES SIX,0.5622,0.023,0.4148
SPADES ACE DIAMONDS SIX,0.3596,0.0034,0.637
SPADES QUEEN DIAMONDS SIX,0.3586,0.0092,0.6322
SPADES KING DIAMONDS SIX,0.3546,0.0078,0.6376
SPADES TEN DIAMONDS SIX,0.5862,0.0176,0.3962
SPADES JACK DIAMONDS SIX,0.2176,0.3768,0.4056
SPADES QUEEN SPADES TWO,0.3754,0.014,0.6106
SPADES KING SPADES TWO,0.3694,0.0124,0.6182
SPADES ACE SPADES TWO,0.3614,0.0042,0.6344
DIAMONDS JACK CLUBS TEN,0.2344,0.1258,0.6398
DIAMONDS JACK CLUBS KING,0.2134,0.03,0.7566
DIAMONDS JACK CLUBS QUEEN,0.2128,0.0432,0.744
DIAMONDS THREE DIAMONDS JACK,0.019,0.9104,0.0706
DIAMONDS THREE DIAMONDS TEN,0.6674,0.0578,0.2748
DIAMONDS JACK CLUBS ACE,0.2072,0.0208,0.772
DIAMONDS THREE DIAMONDS KING,0.231,0.0342,0.7348
HEARTS THREE DIAMONDS THREE,0.2932,0.0414,0.6654
DIAMONDS THREE DIAMONDS QUEEN,0.219,0.0444,0.7366
DIAMONDS THREE HEARTS TWO,0.6876,0.0564,0.256
HEARTS FIVE DIAMONDS THREE,0.6624,0.0506,0.287
DIAMONDS THREE DIAMONDS ACE,0.2214,0.025,0.7536
HEARTS FOUR DIAMONDS THREE,0.6766,0.0562,0.2672
DIAMONDS THREE HEARTS SEVEN,0.693,0.0536,0.2534
SPADES TEN SPADES NINE,0.5124,0.0162,0.4714
HEARTS SIX DIAMONDS THREE,0.68,0.054,0.266
SPADES JACK SPADES NINE,0.2258,0.1508,0.6234
DIAMONDS THREE HEARTS NINE,0.7012,0.0542,0.2446
HEARTS JACK DIAMONDS FOUR,0.2128,0.5166,0.2706
HEARTS KING HEARTS ACE,0.2978,0.0054,0.6968
SPADES TEN SPADES TWO,0.593,0.0204,0.3866
DIAMONDS THREE HEARTS EIGHT,0.6984,0.0548,0.2468
HEARTS TEN DIAMONDS FOUR,0.59,0.0182,0.3918
SPADES JACK SPADES TWO,0.2432,0.507,0.2498
HEARTS QUEEN DIAMONDS FOUR,0.3706,0.0104,0.619
HEARTS KING DIAMONDS FOUR,0.3624,0.0072,0.6304
SPADES ACE SPADES NINE,0.3362,0.0032,0.6606
HEARTS ACE DIAMONDS FOUR,0.352,0.0052,0.6428
SPADES KING SPADES NINE,0.335,0.006,0.659
SPADES QUEEN SPADES NINE,0.322,0.0122,0.6658
DIAMONDS THREE SPADES NINE,0.7146,0.0532,0.2322
DIAMONDS THREE SPADES EIGHT,0.701,0.0522,0.2468
DIAMONDS THREE SPADES SEVEN,0.6824,0.0556,0.262
DIAMONDS THREE SPADES SIX,0.6776,0.0578,0.2646
CLUBS SIX DIAMONDS THREE,0.6758,0.0556,0.2686
CLUBS ACE DIAMONDS FOUR,0.345,0.006,0.649
CLUBS SIX CLUBS FIVE,0.5292,0.0218,0.449
CLUBS SEVEN CLUBS FIVE,0.5252,0.019,0.4558
CLUBS SEVEN DIAMONDS THREE,0.6916,0.0504,0.258
DIAMONDS THREE CLUBS FOUR,0.6782,0.057,0.2648
DIAMONDS FOUR CLUBS QUEEN,0.3444,0.0114,0.6442
DIAMONDS THREE CLUBS FIVE,0.668,0.0562,0.2758
CLUBS KING DIAMONDS FOUR,0.3532,0.0076,0.6392
DIAMONDS THREE CLUBS TWO,0.6942,0.0556,0.2502
DIAMONDS FOUR CLUBS TEN,0.5884,0.0208,0.3908
DIAMONDS THREE CLUBS THREE,0.2954,0.0446,0.66
DIAMONDS THREE SPADES FOUR,0.6748,0.0572,0.268
DIAMONDS THREE SPADES FIVE,0.654,0.0518,0.2942
DIAMONDS THREE SPADES TWO,0.685,0.0614,0.2536
CLUBS EIGHT DIAMONDS THREE,0.714,0.049,0.237
CLUBS NINE DIAMONDS THREE,0.7042,0.0664,0.2294
SPADES SEVEN CLUBS ACE,0.3452,0.0052,0.6496
SPADES SEVEN CLUBS QUEEN,0.358,0.0104,0.6316
SPADES SEVEN CLUBS KING,0.357,0.007,0.636
CLUBS FIVE SPADES SEVEN,0.5688,0.021,0.4102
SPADES SEVEN CLUBS TEN,0.5538,0.0156,0.4306
CLUBS FIVE SPADES SIX,0.5634,0.0154,0.4212
SPADES NINE CLUBS FIVE,0.5786,0.0194,0.402
CLUBS FIVE SPADES EIGHT,0.5678,0.0252,0.407
CLUBS FIVE SPADES TWO,0.6184,0.0254,0.3562
CLUBS FIVE SPADES FIVE,0.3078,0.048,0.6442
CLUBS FIVE SPADES FOUR,0.553,0.0228,0.4242
CLUBS NINE CLUBS FIVE,0.5544,0.0178,0.4278
CLUBS EIGHT CLUBS FIVE,0.5324,0.0196,0.448
CLUBS ACE CLUBS QUEEN,0.3058,0.0042,0.69
CLUBS KING CLUBS QUEEN,0.301,0.0086,0.6904
DIAMONDS TEN DIAMONDS FOUR,0.5528,0.0174,0.4298
DIAMONDS NINE CLUBS TEN,0.5368,0.0208,0.4424
DIAMONDS JACK DIAMONDS FOUR,0.197,0.4958,0.3072
SPADES NINE CLUBS TEN,0.536,0.0154,0.4486
DIAMONDS ACE DIAMONDS FOUR,0.3328,0.0046,0.6626
HEARTS FOUR DIAMONDS FOUR,0.3134,0.051,0.6356
DIAMONDS JACK HEARTS TEN,0.2254,0.1272,0.6474
SPADES NINE CLUBS KING,0.339,0.0058,0.6552
DIAMONDS TWO SPADES TEN,0.6094,0.0184,0.3722
DIAMONDS NINE CLUBS ACE,0.3642,0.0044,0.6314
HEARTS FIVE DIAMONDS FOUR,0.5682,0.0184,0.4134
HEARTS JACK DIAMONDS JACK,0.0946,0.0366,0.8688
SPADES NINE CLUBS QUEEN,0.3372,0.0112,0.6516
DIAMONDS TWO SPADES JACK,0.2544,0.5216,0.224
DIAMONDS QUEEN DIAMONDS FOUR,0.3464,0.012,0.6416
HEARTS TWO DIAMONDS FOUR,0.602,0.0226,0.3754
DIAMONDS NINE CLUBS QUEEN,0.333,0.011,0.656
DIAMONDS KING DIAMONDS FOUR,0.335,0.008,0.657
HEARTS THREE DIAMONDS FOUR,0.656,0.054,0.29
SPADES NINE CLUBS ACE,0.3476,0.0066,0.6458
DIAMONDS NINE CLUBS KING,0.3556,0.0084,0.636
HEARTS ACE DIAMONDS JACK,0.2264,0.021,0.7526
SPADES ACE DIAMONDS TWO,0.3762,0.0058,0.618
DIAMONDS JACK HEARTS QUEEN,0.2374,0.0372,0.7254
SPADES QUEEN DIAMONDS TWO,0.3974,0.0122,0.5904
HEARTS KING DIAMONDS JACK,0.2136,0.0308,0.7556
SPADES KING DIAMONDS TWO,0.3816,0.0118,0.6066
SPADES JACK SPADES SEVEN,0.2222,0.2806,0.4972
SPADES TEN SPADES SEVEN,0.5262,0.0194,0.4544
CLUBS SEVEN CLUBS THREE,0.6596,0.0544,0.286
CLUBS SIX CLUBS THREE,0.6636,0.0482,0.2882
CLUBS FIVE CLUBS THREE,0.6386,0.0556,0.3058
CLUBS FOUR CLUBS THREE,0.6452,0.0558,0.299
CLUBS NINE CLUBS THREE,0.6834,0.0616,0.255
CLUBS EIGHT CLUBS THREE,0.6794,0.0504,0.2702
CLUBS THREE SPADES FIVE,0.6692,0.0594,0.2714
CLUBS THREE SPADES FOUR,0.6702,0.0612,0.2686
CLUBS THREE SPADES TWO,0.6946,0.0566,0.2488
CLUBS THREE SPADES SIX,0.6844,0.0564,0.2592
SPADES SEVEN CLUBS THREE,0.6932,0.058,0.2488
SPADES EIGHT CLUBS THREE,0.7064,0.0556,0.238
SPADES NINE CLUBS THREE,0.7124,0.0588,0.2288
SPADES TWO DIAMONDS FOUR,0.6044,0.0258,0.3698
SPADES FOUR DIAMONDS FOUR,0.3098,0.0486,0.6416
SPADES FIVE DIAMONDS FOUR,0.5576,0.0198,0.4226
SPADES SIX DIAMONDS FOUR,0.5652,0.023,0.4118
SPADES SEVEN DIAMONDS FOUR,0.5614,0.019,0.4196
SPADES EIGHT DIAMONDS FOUR,0.5806,0.0186,0.4008
SPADES NINE DIAMONDS FOUR,0.5898,0.0166,0.3936
CLUBS FIVE DIAMONDS FOUR,0.5656,0.0206,0.4138
CLUBS FOUR DIAMONDS FOUR,0.3158,0.0514,0.6328
CLUBS SEVEN DIAMONDS FOUR,0.5744,0.0186,0.407
CLUBS SIX DIAMONDS FOUR,0.5634,0.0182,0.4184
CLUBS NINE DIAMONDS FOUR,0.5864,0.0186,0.395
CLUBS EIGHT DIAMONDS FOUR,0.5842,0.0222,0.3936
DIAMONDS FOUR HEARTS SEVEN,0.5718,0.0198,0.4084
HEARTS SIX DIAMONDS FOUR,0.5574,0.0184,0.4242
HEARTS NINE DIAMONDS FOUR,0.5928,0.0186,0.3886
DIAMONDS FOUR HEARTS EIGHT,0.574,0.0196,0.4064
CLUBS THREE DIAMONDS FOUR,0.6758,0.0574,0.2668
CLUBS TWO DIAMONDS FOUR,0.6042,0.0234,0.3724
DIAMONDS TEN DIAMONDS FIVE,0.5464,0.0134,0.4402
DIAMONDS JACK DIAMONDS FIVE,0.2036,0.4338,0.3626
DIAMONDS NINE HEARTS QUEEN,0.3468,0.0092,0.644
HEARTS KING DIAMONDS NINE,0.3324,0.0078,0.6598
DIAMONDS NINE HEARTS ACE,0.367,0.0034,0.6296
DIAMONDS NINE HEARTS TEN,0.5312,0.015,0.4538
DIAMONDS NINE HEARTS JACK,0.2206,0.1634,0.616
CLUBS KING DIAMONDS SIX,0.3618,0.0078,0.6304
CLUBS QUEEN DIAMONDS SIX,0.3622,0.0104,0.6274
CLUBS ACE DIAMONDS SIX,0.3622,0.0048,0.633
SPADES KING DIAMONDS FOUR,0.363,0.007,0.63
SPADES ACE SPADES SEVEN,0.3442,0.0048,0.651
SPADES QUEEN DIAMONDS FOUR,0.3488,0.0138,0.6374
SPADES QUEEN SPADES SEVEN,0.3452,0.0128,0.642
SPADES KING SPADES SEVEN,0.3478,0.006,0.6462
SPADES ACE DIAMONDS FOUR,0.3422,0.0062,0.6516
CLUBS TEN DIAMONDS SIX,0.5724,0.0164,0.4112
CLUBS NINE CLUBS FOUR,0.5806,0.0208,0.3986
CLUBS EIGHT CLUBS FOUR,0.5552,0.0208,0.424
SPADES JACK DIAMONDS FOUR,0.2172,0.5404,0.2424
SPADES TEN DIAMONDS FOUR,0.597,0.0202,0.3828
CLUBS FOUR CLUBS FIVE,0.5426,0.0248,0.4326
CLUBS SEVEN CLUBS FOUR,0.5302,0.0272,0.4426
CLUBS SIX CLUBS FOUR,0.552,0.0212,0.4268
CLUBS SEVEN SPADES EIGHT,0.5332,0.022,0.4448
CLUBS SEVEN SPADES NINE,0.5544,0.0208,0.4248
CLUBS SEVEN SPADES SIX,0.556,0.0162,0.4278
CLUBS SEVEN SPADES SEVEN,0.2946,0.044,0.6614
CLUBS SEVEN SPADES FIVE,0.5536,0.0242,0.4222
CLUBS SEVEN SPADES FOUR,0.571,0.0162,0.4128
CLUBS SEVEN SPADES TWO,0.6358,0.0214,0.3428
CLUBS NINE CLUBS SEVEN,0.529,0.0212,0.4498
CLUBS EIGHT CLUBS SEVEN,0.5084,0.0168,0.4748
HEARTS SIX DIAMONDS FIVE,0.5622,0.0198,0.418
DIAMONDS FIVE HEARTS SEVEN,0.5548,0.0212,0.424
DIAMONDS FIVE HEARTS EIGHT,0.5812,0.0166,0.4022
HEARTS NINE DIAMONDS FIVE,0.5864,0.0172,0.3964
DIAMONDS QUEEN DIAMONDS FIVE,0.3382,0.012,0.6498
HEARTS TWO DIAMONDS FIVE,0.5972,0.0194,0.3834
HEARTS KING HEARTS EIGHT,0.3372,0.0068,0.656
DIAMONDS KING DIAMONDS FIVE,0.3338,0.009,0.6572
HEARTS THREE DIAMONDS FIVE,0.664,0.0572,0.2788
HEARTS QUEEN HEARTS EIGHT,0.3324,0.01,0.6576
DIAMONDS ACE DIAMONDS FIVE,0.324,0.0054,0.6706
HEARTS FOUR DIAMONDS FIVE,0.5664,0.0218,0.4118
HEARTS FIVE DIAMONDS FIVE,0.3088,0.0406,0.6506
HEARTS ACE HEARTS EIGHT,0.345,0.0046,0.6504
CLUBS FOUR DIAMONDS FIVE,0.5482,0.0242,0.4276
CLUBS FIVE DIAMONDS FIVE,0.3124,0.0464,0.6412
CLUBS SIX DIAMONDS FIVE,0.5634,0.0224,0.4142
CLUBS SEVEN DIAMONDS FIVE,0.5638,0.02,0.4162
CLUBS TWO DIAMONDS FIVE,0.6106,0.0226,0.3668
CLUBS THREE DIAMONDS FIVE,0.6612,0.055,0.2838
SPADES TWO DIAMONDS FIVE,0.6058,0.0194,0.3748
SPADES JACK DIAMONDS EIGHT,0.2204,0.2146,0.565
SPADES FIVE DIAMONDS FIVE,0.3062,0.0464,0.6474
HEARTS JACK CLUBS TEN,0.2162,0.1238,0.66
SPADES TEN DIAMONDS EIGHT,0.5394,0.0148,0.4458
SPADES FOUR DIAMONDS FIVE,0.5342,0.0272,0.4386
HEARTS JACK CLUBS QUEEN,0.2298,0.0426,0.7276
CLUBS NINE DIAMONDS FIVE,0.5904,0.02,0.3896
HEARTS JACK CLUBS KING,0.2298,0.0292,0.741
CLUBS EIGHT DIAMONDS FIVE,0.5666,0.0232,0.4102
HEARTS JACK CLUBS ACE,0.2204,0.0226,0.757
SPADES SEVEN DIAMONDS FIVE,0.5792,0.0186,0.4022
SPADES KING DIAMONDS EIGHT,0.3648,0.0088,0.6264
SPADES QUEEN DIAMONDS EIGHT,0.347,0.0096,0.6434
SPADES SIX DIAMONDS FIVE,0.5492,0.019,0.4318
SPADES NINE DIAMONDS FIVE,0.5858,0.0218,0.3924
SPADES EIGHT DIAMONDS FIVE,0.5538,0.0188,0.4274
SPADES ACE DIAMONDS EIGHT,0.3516,0.0064,0.642
DIAMONDS TEN DIAMONDS SIX,0.548,0.0176,0.4344
HEARTS ACE DIAMONDS SEVEN,0.3632,0.0046,0.6322
DIAMONDS JACK DIAMONDS SIX,0.216,0.3602,0.4238
HEARTS QUEEN DIAMONDS SEVEN,0.3582,0.0122,0.6296
HEARTS KING DIAMONDS SEVEN,0.3564,0.0078,0.6358
DIAMONDS ACE DIAMONDS SIX,0.3386,0.0036,0.6578
HEARTS FOUR DIAMONDS SIX,0.5622,0.0184,0.4194
HEARTS JACK SPADES TWO,0.2644,0.5242,0.2114
HEARTS FIVE DIAMONDS SIX,0.55,0.0182,0.4318
SPADES TWO HEARTS TEN,0.6374,0.0182,0.3444
DIAMONDS QUEEN DIAMONDS SIX,0.3344,0.0118,0.6538
HEARTS TWO DIAMONDS SIX,0.6172,0.0216,0.3612
DIAMONDS KING DIAMONDS SIX,0.3378,0.0102,0.652
HEARTS THREE DIAMONDS SIX,0.6908,0.0508,0.2584
HEARTS EIGHT DIAMONDS SIX,0.5502,0.0206,0.4292
HEARTS NINE DIAMONDS SIX,0.5664,0.0182,0.4154
HEARTS SIX DIAMONDS SIX,0.3032,0.0366,0.6602
HEARTS SEVEN DIAMONDS SIX,0.5642,0.0182,0.4176
HEARTS TEN DIAMONDS SEVEN,0.563,0.0176,0.4194
CLUBS TWO DIAMONDS SIX,0.624,0.0206,0.3554
HEARTS JACK DIAMONDS SEVEN,0.222,0.306,0.472
CLUBS THREE DIAMONDS SIX,0.6966,0.0544,0.249
CLUBS SEVEN DIAMONDS SIX,0.5536,0.0186,0.4278
CLUBS SIX DIAMONDS SIX,0.3082,0.0416,0.6502
DIAMONDS EIGHT CLUBS TEN,0.546,0.0196,0.4344
CLUBS FIVE DIAMONDS SIX,0.5584,0.0202,0.4214
CLUBS FOUR DIAMONDS SIX,0.5762,0.0192,0.4046
HEARTS ACE HEARTS JACK,0.2164,0.0204,0.7632
DIAMONDS EIGHT CLUBS ACE,0.3428,0.004,0.6532
HEARTS JACK HEARTS QUEEN,0.2204,0.0408,0.7388
DIAMONDS EIGHT CLUBS KING,0.3524,0.0088,0.6388
CLUBS NINE DIAMONDS SIX,0.5758,0.018,0.4062
HEARTS KING HEARTS JACK,0.2222,0.0306,0.7472
DIAMONDS EIGHT CLUBS QUEEN,0.3528,0.0128,0.6344
CLUBS EIGHT DIAMONDS SIX,0.5518,0.0164,0.4318
SPADES TEN HEARTS KING,0.3334,0.006,0.6606
SPADES FIVE DIAMONDS SIX,0.5432,0.0208,0.436
HEARTS ACE SPADES TWO,0.3734,0.0062,0.6204
SPADES JACK HEARTS KING,0.2078,0.036,0.7562
SPADES FOUR DIAMONDS SIX,0.565,0.0212,0.4138
SPADES TWO HEARTS QUEEN,0.3926,0.0118,0.5956
SPADES ACE SPADES KING,0.3016,0.0058,0.6926
HEARTS KING SPADES TWO,0.3922,0.0078,0.6
SPADES TWO DIAMONDS SIX,0.6066,0.0222,0.3712
HEARTS TEN HEARTS EIGHT,0.5004,0.0148,0.4848
SPADES NINE DIAMONDS SIX,0.5642,0.0178,0.418
HEARTS JACK HEARTS EIGHT,0.215,0.2152,0.5698
SPADES EIGHT DIAMONDS SIX,0.5466,0.0184,0.435
SPADES SEVEN DIAMONDS SIX,0.5498,0.0174,0.4328
SPADES SIX DIAMONDS SIX,0.3088,0.047,0.6442
SPADES KING HEARTS KING,0.1284,0.0114,0.8602
SPADES QUEEN HEARTS KING,0.3032,0.0074,0.6894
CLUBS ACE CLUBS KING,0.3022,0.0056,0.6922
SPADES ACE HEARTS KING,0.3152,0.0054,0.6794
SPADES ACE HEARTS JACK,0.2204,0.022,0.7576
SPADES QUEEN HEARTS JACK,0.2328,0.0376,0.7296
SPADES KING HEARTS JACK,0.215,0.0314,0.7536
SPADES TEN DIAMONDS TEN,0.269,0.0238,0.7072
SPADES JACK DIAMONDS TEN,0.222,0.1096,0.6684
SPADES ACE DIAMONDS TEN,0.3348,0.0032,0.662
SPADES JACK HEARTS JACK,0.08,0.0378,0.8822
SPADES TEN HEARTS JACK,0.2214,0.1278,0.6508
SPADES QUEEN DIAMONDS TEN,0.3354,0.0076,0.657
SPADES KING DIAMONDS TEN,0.3362,0.0066,0.6572
SPADES NINE DIAMONDS SEVEN,0.5402,0.0162,0.4436
SPADES EIGHT DIAMONDS SEVEN,0.5352,0.0178,0.447
SPADES SEVEN DIAMONDS SEVEN,0.3052,0.0394,0.6554
SPADES SIX DIAMONDS SEVEN,0.5342,0.0176,0.4482
DIAMONDS KING DIAMONDS SEVEN,0.3442,0.007,0.6488
HEARTS THREE DIAMONDS SEVEN,0.7002,0.0518,0.248
HEARTS KING DIAMONDS FIVE,0.3628,0.0052,0.632
DIAMONDS QUEEN DIAMONDS SEVEN,0.3328,0.009,0.6582
HEARTS TWO DIAMONDS SEVEN,0.634,0.0186,0.3474
HEARTS QUEEN DIAMONDS FIVE,0.3556,0.0122,0.6322
HEARTS FIVE DIAMONDS SEVEN,0.5618,0.0178,0.4204
DIAMONDS ACE DIAMONDS SEVEN,0.3328,0.0046,0.6626
HEARTS FOUR DIAMONDS SEVEN,0.5844,0.02,0.3956
HEARTS ACE DIAMONDS FIVE,0.3408,0.0024,0.6568
HEARTS SEVEN DIAMONDS SEVEN,0.2948,0.0394,0.6658
HEARTS SIX DIAMONDS SEVEN,0.5498,0.0158,0.4344
HEARTS NINE DIAMONDS SEVEN,0.555,0.0158,0.4292
DIAMONDS SEVEN HEARTS EIGHT,0.53,0.019,0.451
DIAMONDS JACK DIAMONDS SEVEN,0.2116,0.279,0.5094
HEARTS JACK DIAMONDS FIVE,0.2188,0.4632,0.318
DIAMONDS TEN DIAMONDS SEVEN,0.5314,0.016,0.4526
DIAMONDS FIVE HEARTS TEN,0.5862,0.0192,0.3946
SPADES KING CLUBS TWO,0.3898,0.0132,0.597
HEARTS KING CLUBS KING,0.125,0.0088,0.8662
CLUBS EIGHT DIAMONDS SEVEN,0.5428,0.0168,0.4404
SPADES QUEEN CLUBS TWO,0.3834,0.0166,0.6
HEARTS KING CLUBS QUEEN,0.3074,0.0054,0.6872
CLUBS NINE DIAMONDS SEVEN,0.5596,0.0172,0.4232
SPADES ACE CLUBS TWO,0.3764,0.0052,0.6184
SPADES TWO CLUBS TEN,0.637,0.0184,0.3446
HEARTS KING CLUBS ACE,0.3092,0.0058,0.685
CLUBS SIX CLUBS SEVEN,0.5292,0.019,0.4518
SPADES TWO CLUBS KING,0.3974,0.0106,0.592
SPADES TWO DIAMONDS SEVEN,0.6182,0.019,0.3628
CLUBS EIGHT CLUBS SIX,0.519,0.019,0.462
SPADES TWO CLUBS QUEEN,0.3852,0.0168,0.598
CLUBS NINE CLUBS SIX,0.5376,0.0222,0.4402
SPADES FOUR DIAMONDS SEVEN,0.5672,0.0172,0.4156
SPADES FIVE DIAMONDS SEVEN,0.5532,0.0202,0.4266
SPADES TWO CLUBS ACE,0.3802,0.0098,0.61
HEARTS KING CLUBS TEN,0.3354,0.0082,0.6564
CLUBS SIX SPADES TWO,0.6326,0.0194,0.348
CLUBS TWO DIAMONDS SEVEN,0.617,0.0204,0.3626
CLUBS SIX SPADES FOUR,0.5582,0.0194,0.4224
CLUBS THREE DIAMONDS SEVEN,0.7096,0.0522,0.2382
CLUBS SIX SPADES FIVE,0.5596,0.0208,0.4196
CLUBS FOUR DIAMONDS SEVEN,0.5676,0.0212,0.4112
CLUBS SIX SPADES SIX,0.294,0.0436,0.6624
CLUBS FIVE DIAMONDS SEVEN,0.5614,0.0204,0.4182
CLUBS SIX SPADES SEVEN,0.5482,0.0236,0.4282
CLUBS SIX DIAMONDS SEVEN,0.5498,0.02,0.4302
CLUBS SIX SPADES EIGHT,0.5478,0.02,0.4322
SPADES JACK CLUBS TWO,0.2472,0.5414,0.2114
CLUBS SIX SPADES NINE,0.5688,0.018,0.4132
SPADES TEN CLUBS TWO,0.6328,0.0192,0.348
CLUBS SEVEN DIAMONDS SEVEN,0.3054,0.0358,0.6588
CLUBS TWO CLUBS QUEEN,0.3812,0.0116,0.6072
CLUBS TWO CLUBS KING,0.3726,0.0102,0.6172
CLUBS THREE DIAMONDS EIGHT,0.7152,0.0608,0.224
CLUBS TWO CLUBS ACE,0.3698,0.007,0.6232
CLUBS TWO DIAMONDS EIGHT,0.627,0.0194,0.3536
DIAMONDS EIGHT HEARTS SEVEN,0.536,0.0194,0.4446
HEARTS SIX DIAMONDS EIGHT,0.5568,0.0154,0.4278
DIAMONDS EIGHT HEARTS NINE,0.5412,0.0144,0.4444
CLUBS TWO CLUBS TEN,0.598,0.0182,0.3838
DIAMONDS EIGHT HEARTS EIGHT,0.2934,0.0354,0.6712
CLUBS NINE DIAMONDS EIGHT,0.5488,0.0148,0.4364
CLUBS EIGHT DIAMONDS EIGHT,0.2918,0.0324,0.6758
CLUBS FIVE DIAMONDS EIGHT,0.5586,0.0184,0.423
CLUBS FOUR DIAMONDS EIGHT,0.5852,0.0202,0.3946
CLUBS SEVEN DIAMONDS EIGHT,0.554,0.0186,0.4274
CLUBS SIX DIAMONDS EIGHT,0.5562,0.0204,0.4234
DIAMONDS QUEEN DIAMONDS EIGHT,0.34,0.008,0.652
HEARTS TWO DIAMONDS EIGHT,0.6228,0.0208,0.3564
DIAMONDS KING DIAMONDS EIGHT,0.34,0.0104,0.6496
HEARTS THREE DIAMONDS EIGHT,0.7098,0.055,0.2352
DIAMONDS ACE DIAMONDS EIGHT,0.3316,0.003,0.6654
HEARTS FOUR DIAMONDS EIGHT,0.5848,0.0206,0.3946
HEARTS FIVE DIAMONDS EIGHT,0.575,0.0184,0.4066
DIAMONDS EIGHT DIAMONDS TEN,0.5228,0.0158,0.4614
DIAMONDS EIGHT DIAMONDS JACK,0.2078,0.2126,0.5796
CLUBS FOUR HEARTS ACE,0.361,0.0044,0.6346
CLUBS FOUR HEARTS QUEEN,0.362,0.0134,0.6246
CLUBS FOUR HEARTS KING,0.3576,0.0092,0.6332
CLUBS SIX HEARTS TEN,0.5728,0.0178,0.4094
CLUBS SIX HEARTS JACK,0.2286,0.3826,0.3888
DIAMONDS EIGHT SPADES FOUR,0.5792,0.0168,0.404
SPADES FIVE DIAMONDS EIGHT,0.5666,0.0198,0.4136
DIAMONDS EIGHT SPADES TWO,0.6108,0.0178,0.3714
CLUBS FOUR HEARTS JACK,0.2132,0.5244,0.2624
SPADES EIGHT DIAMONDS EIGHT,0.2808,0.0312,0.688
SPADES TEN DIAMONDS QUEEN,0.3346,0.0094,0.656
SPADES TEN HEARTS TWO,0.6246,0.0192,0.3562
SPADES JACK HEARTS EIGHT,0.211,0.237,0.552
CLUBS FOUR HEARTS TEN,0.6084,0.016,0.3756
SPADES NINE DIAMONDS EIGHT,0.534,0.0174,0.4486
SPADES TEN HEARTS EIGHT,0.5458,0.0158,0.4384
SPADES JACK HEARTS TWO,0.2532,0.5308,0.216
SPADES JACK DIAMONDS QUEEN,0.2208,0.0402,0.739
SPADES SIX DIAMONDS EIGHT,0.551,0.0212,0.4278
SPADES SEVEN DIAMONDS EIGHT,0.54,0.0208,0.4392
SPADES ACE HEARTS TWO,0.3682,0.006,0.6258
SPADES ACE DIAMONDS QUEEN,0.3028,0.0066,0.6906
SPADES ACE HEARTS EIGHT,0.3456,0.005,0.6494
SPADES KING HEARTS EIGHT,0.3558,0.0104,0.6338
SPADES QUEEN HEARTS TWO,0.3812,0.0148,0.604
SPADES QUEEN DIAMONDS QUEEN,0.147,0.0102,0.8428
SPADES KING DIAMONDS QUEEN,0.301,0.0084,0.6906
SPADES KING HEARTS TWO,0.382,0.0104,0.6076
SPADES QUEEN HEARTS EIGHT,0.3504,0.0122,0.6374
CLUBS TWO HEARTS TEN,0.629,0.0194,0.3516
CLUBS TWO HEARTS JACK,0.269,0.5214,0.2096
SPADES SEVEN DIAMONDS NINE,0.5446,0.0188,0.4366
SPADES SIX DIAMONDS NINE,0.5712,0.0166,0.4122
SPADES NINE DIAMONDS NINE,0.279,0.0306,0.6904
SPADES EIGHT DIAMONDS NINE,0.5292,0.015,0.4558
SPADES TEN CLUBS KING,0.3168,0.01,0.6732
SPADES JACK CLUBS KING,0.2142,0.0346,0.7512
DIAMONDS NINE SPADES TWO,0.632,0.0176,0.3504
DIAMONDS NINE SPADES FIVE,0.571,0.0176,0.4114
DIAMONDS NINE SPADES FOUR,0.5938,0.0196,0.3866
CLUBS NINE DIAMONDS NINE,0.29,0.0294,0.6806
CLUBS EIGHT DIAMONDS NINE,0.5482,0.0172,0.4346
CLUBS SIX DIAMONDS NINE,0.5718,0.0172,0.411
SPADES JACK CLUBS FOUR,0.216,0.5138,0.2702
SPADES TEN CLUBS FOUR,0.588,0.0172,0.3948
CLUBS SEVEN DIAMONDS NINE,0.5488,0.0212,0.43
CLUBS FOUR DIAMONDS NINE,0.5936,0.018,0.3884
CLUBS FIVE DIAMONDS NINE,0.5876,0.0182,0.3942
CLUBS TWO DIAMONDS NINE,0.62,0.0176,0.3624
CLUBS THREE DIAMONDS NINE,0.7002,0.0692,0.2306
DIAMONDS NINE HEARTS EIGHT,0.5306,0.0198,0.4496
DIAMONDS NINE HEARTS NINE,0.2868,0.0268,0.6864
HEARTS SIX DIAMONDS NINE,0.5674,0.0182,0.4144
DIAMONDS NINE HEARTS SEVEN,0.5568,0.0134,0.4298
CLUBS EIGHT CLUBS NINE,0.5156,0.0156,0.4688
DIAMONDS ACE DIAMONDS NINE,0.3262,0.0038,0.67
HEARTS FOUR DIAMONDS NINE,0.586,0.0182,0.3958
HEARTS FIVE DIAMONDS NINE,0.5872,0.0158,0.397
CLUBS TWO HEARTS ACE,0.3862,0.0056,0.6082
SPADES ACE CLUBS FOUR,0.3486,0.0042,0.6472
DIAMONDS QUEEN DIAMONDS NINE,0.3208,0.0116,0.6676
HEARTS TWO DIAMONDS NINE,0.6148,0.019,0.3662
CLUBS TWO HEARTS KING,0.3862,0.0058,0.608
SPADES KING CLUBS FOUR,0.3452,0.0066,0.6482
DIAMONDS KING DIAMONDS NINE,0.3316,0.008,0.6604
HEARTS THREE DIAMONDS NINE,0.7004,0.0604,0.2392
CLUBS TWO HEARTS QUEEN,0.3878,0.014,0.5982
SPADES QUEEN CLUBS FOUR,0.357,0.0124,0.6306
DIAMONDS NINE DIAMONDS JACK,0.2252,0.1548,0.62
CLUBS EIGHT SPADES NINE,0.546,0.0164,0.4376
DIAMONDS NINE DIAMONDS TEN,0.4994,0.017,0.4836
CLUBS EIGHT SPADES EIGHT,0.2894,0.0338,0.6768
CLUBS EIGHT SPADES SEVEN,0.5298,0.0184,0.4518
CLUBS EIGHT SPADES SIX,0.5538,0.0224,0.4238
CLUBS EIGHT SPADES FIVE,0.5624,0.0186,0.419
CLUBS EIGHT SPADES FOUR,0.5756,0.0178,0.4066
CLUBS EIGHT SPADES TWO,0.6308,0.0204,0.3488
HEARTS SIX DIAMONDS TEN,0.5894,0.0164,0.3942
DIAMONDS TEN HEARTS SEVEN,0.5546,0.0176,0.4278
DIAMONDS TEN HEARTS EIGHT,0.5442,0.013,0.4428
DIAMONDS TEN HEARTS NINE,0.522,0.0176,0.4604
CLUBS FOUR CLUBS TEN,0.5578,0.0168,0.4254
CLUBS FOUR CLUBS KING,0.3492,0.0094,0.6414
CLUBS FOUR CLUBS QUEEN,0.3282,0.0124,0.6594
CLUBS TWO DIAMONDS TEN,0.6158,0.02,0.3642
CLUBS THREE DIAMONDS TEN,0.7044,0.064,0.2316
CLUBS FOUR CLUBS ACE,0.3184,0.0062,0.6754
DIAMONDS JACK DIAMONDS TEN,0.2078,0.1144,0.6778
DIAMONDS QUEEN DIAMONDS TEN,0.2998,0.011,0.6892
HEARTS TWO DIAMONDS TEN,0.6148,0.0188,0.3664
DIAMONDS KING DIAMONDS TEN,0.3208,0.005,0.6742
HEARTS THREE DIAMONDS TEN,0.6894,0.0616,0.249
DIAMONDS ACE DIAMONDS TEN,0.3238,0.0034,0.6728
HEARTS FOUR DIAMONDS TEN,0.5912,0.0176,0.3912
CLUBS EIGHT HEARTS JACK,0.2174,0.2218,0.5608
HEARTS FIVE DIAMONDS TEN,0.6008,0.0192,0.38
CLUBS EIGHT HEARTS TEN,0.5468,0.0162,0.437
CLUBS EIGHT HEARTS QUEEN,0.355,0.0106,0.6344
CLUBS EIGHT HEARTS KING,0.3672,0.0066,0.6262
CLUBS EIGHT HEARTS ACE,0.3646,0.0046,0.6308
CLUBS NINE SPADES TWO,0.617,0.0214,0.3616
CLUBS NINE SPADES FIVE,0.5816,0.0182,0.4002
CLUBS NINE SPADES FOUR,0.5964,0.0184,0.3852
CLUBS NINE SPADES SEVEN,0.5554,0.0162,0.4284
CLUBS NINE SPADES SIX,0.5672,0.0176,0.4152
CLUBS NINE SPADES NINE,0.2782,0.027,0.6948
CLUBS TEN HEARTS EIGHT,0.5484,0.0164,0.4352
CLUBS NINE SPADES EIGHT,0.5356,0.0178,0.4466
CLUBS QUEEN HEARTS EIGHT,0.3394,0.0124,0.6482
CLUBS KING HEARTS EIGHT,0.359,0.0068,0.6342
CLUBS ACE HEARTS EIGHT,0.347,0.0054,0.6476
SPADES KING CLUBS KING,0.1232,0.0082,0.8686
SPADES QUEEN CLUBS KING,0.2956,0.0072,0.6972
SPADES ACE CLUBS KING,0.3142,0.0046,0.6812
DIAMONDS ACE HEARTS TEN,0.353,0.0042,0.6428
HEARTS FOUR HEARTS TEN,0.5586,0.0166,0.4248
DIAMONDS ACE HEARTS JACK,0.2182,0.0178,0.764
HEARTS FOUR HEARTS JACK,0.2118,0.4868,0.3014
SPADES KING CLUBS FIVE,0.3578,0.0092,0.633
SPADES QUEEN CLUBS FIVE,0.3562,0.016,0.6278
SPADES ACE CLUBS FIVE,0.3418,0.0062,0.652
DIAMONDS JACK HEARTS SEVEN,0.2272,0.2968,0.476
HEARTS SIX DIAMONDS JACK,0.233,0.374,0.393
DIAMONDS JACK HEARTS NINE,0.2344,0.1756,0.59
DIAMONDS JACK HEARTS EIGHT,0.2258,0.2248,0.5494
DIAMONDS KING DIAMONDS JACK,0.2154,0.0266,0.758
HEARTS THREE DIAMONDS JACK,0.0212,0.9596,0.0192
SPADES ACE SPADES SIX,0.3514,0.0038,0.6448
HEARTS ACE SPADES FOUR,0.3364,0.0046,0.659
DIAMONDS QUEEN DIAMONDS JACK,0.2194,0.0416,0.739
HEARTS TWO DIAMONDS JACK,0.266,0.519,0.215
HEARTS FIVE DIAMONDS JACK,0.2366,0.4358,0.3276
SPADES QUEEN SPADES SIX,0.3476,0.0114,0.641
SPADES FOUR HEARTS QUEEN,0.355,0.0138,0.6312
DIAMONDS ACE DIAMONDS JACK,0.2156,0.0204,0.764
HEARTS FOUR DIAMONDS JACK,0.227,0.5072,0.2658
SPADES KING SPADES SIX,0.3418,0.0092,0.649
HEARTS KING SPADES FOUR,0.3526,0.0108,0.6366
SPADES TEN SPADES SIX,0.552,0.0156,0.4324
SPADES JACK SPADES SIX,0.2116,0.3666,0.4218
SPADES FOUR DIAMONDS JACK,0.2122,0.5382,0.2496
SPADES FIVE DIAMONDS JACK,0.2034,0.4722,0.3244
DIAMONDS JACK SPADES TWO,0.2726,0.5076,0.2198
SPADES ACE DIAMONDS THREE,0.2338,0.0196,0.7466
SPADES QUEEN DIAMONDS THREE,0.2342,0.0478,0.718
CLUBS EIGHT DIAMONDS JACK,0.229,0.2228,0.5482
SPADES KING DIAMONDS THREE,0.2234,0.0376,0.739
CLUBS NINE DIAMONDS JACK,0.231,0.173,0.596
CLUBS SIX DIAMONDS JACK,0.232,0.3718,0.3962
CLUBS SEVEN DIAMONDS JACK,0.2226,0.3082,0.4692
CLUBS FOUR DIAMONDS JACK,0.2176,0.5216,0.2608
CLUBS FIVE DIAMONDS JACK,0.2106,0.478,0.3114
CLUBS TWO DIAMONDS JACK,0.2672,0.516,0.2168
CLUBS THREE DIAMONDS JACK,0.0192,0.9692,0.0116
SPADES TEN CLUBS FIVE,0.5958,0.0206,0.3836
HEARTS SIX SPADES JACK,0.2158,0.3892,0.395
HEARTS SIX SPADES TEN,0.574,0.0168,0.4092
SPADES JACK CLUBS FIVE,0.2132,0.4672,0.3196
SPADES JACK DIAMONDS THREE,0.011,0.9686,0.0204
CLUBS SEVEN CLUBS ACE,0.3504,0.0058,0.6438
DIAMONDS THREE SPADES TEN,0.713,0.0594,0.2276
CLUBS SEVEN CLUBS QUEEN,0.3394,0.0102,0.6504
CLUBS SEVEN CLUBS KING,0.3584,0.0064,0.6352
SPADES NINE DIAMONDS JACK,0.2228,0.1576,0.6196
CLUBS SEVEN CLUBS TEN,0.5226,0.0164,0.461
DIAMONDS ACE HEARTS ACE,0.1272,0.0032,0.8696
HEARTS FOUR HEARTS ACE,0.3226,0.0052,0.6722
SPADES EIGHT DIAMONDS JACK,0.2222,0.2306,0.5472
SPADES ACE HEARTS SIX,0.3616,0.0066,0.6318
DIAMONDS ACE HEARTS KING,0.328,0.0052,0.6668
HEARTS FOUR HEARTS KING,0.3408,0.007,0.6522
SPADES SEVEN DIAMONDS JACK,0.223,0.2946,0.4824
SPADES KING HEARTS SIX,0.3608,0.0068,0.6324
DIAMONDS ACE HEARTS QUEEN,0.3158,0.0034,0.6808
HEARTS FOUR HEARTS QUEEN,0.3426,0.0142,0.6432
SPADES QUEEN HEARTS SIX,0.3668,0.0104,0.6228
SPADES SIX DIAMONDS JACK,0.2256,0.3802,0.3942
SPADES TWO DIAMONDS TEN,0.621,0.0186,0.3604
SPADES FOUR DIAMONDS TEN,0.5956,0.0192,0.3852
SPADES FIVE DIAMONDS TEN,0.5932,0.0182,0.3886
SPADES SIX DIAMONDS TEN,0.565,0.0192,0.4158
SPADES SEVEN DIAMONDS TEN,0.5626,0.017,0.4204
SPADES EIGHT DIAMONDS TEN,0.5574,0.0176,0.425
SPADES NINE DIAMONDS TEN,0.55,0.0178,0.4322
CLUBS FOUR DIAMONDS TEN,0.598,0.0168,0.3852
CLUBS FIVE DIAMONDS TEN,0.5904,0.0182,0.3914
CLUBS SIX DIAMONDS TEN,0.5864,0.0178,0.3958
CLUBS SEVEN DIAMONDS TEN,0.5716,0.0184,0.41
CLUBS EIGHT DIAMONDS TEN,0.566,0.0176,0.4164
CLUBS NINE DIAMONDS TEN,0.5554,0.0178,0.4268
DIAMONDS THREE CLUBS TEN,0.7152,0.0572,0.2276
DIAMONDS THREE CLUBS KING,0.2262,0.0356,0.7382
DIAMONDS THREE CLUBS QUEEN,0.2244,0.047,0.7286
DIAMONDS THREE CLUBS ACE,0.231,0.0236,0.7454
SPADES FOUR HEARTS JACK,0.212,0.5266,0.2614
SPADES FOUR HEARTS TEN,0.5914,0.0206,0.388
SPADES FIVE SPADES TWO,0.5776,0.0206,0.4018
SPADES FOUR SPADES TWO,0.5738,0.0202,0.406
SPADES NINE SPADES TWO,0.6034,0.02,0.3766
SPADES EIGHT SPADES TWO,0.5878,0.0192,0.393
SPADES SEVEN SPADES TWO,0.6002,0.0208,0.379
SPADES SIX SPADES TWO,0.5696,0.02,0.4104
DIAMONDS QUEEN CLUBS THREE,0.2354,0.044,0.7206
HEARTS TWO CLUBS THREE,0.6816,0.0674,0.251
DIAMONDS QUEEN CLUBS TWO,0.3896,0.0126,0.5978
CLUBS TWO HEARTS TWO,0.4006,0.0554,0.544
DIAMONDS QUEEN HEARTS SEVEN,0.3674,0.012,0.6206
HEARTS TWO HEARTS SEVEN,0.5854,0.0208,0.3938
HEARTS SIX DIAMONDS QUEEN,0.356,0.0142,0.6298
HEARTS SIX HEARTS TWO,0.574,0.0214,0.4046
DIAMONDS QUEEN HEARTS NINE,0.3426,0.0098,0.6476
HEARTS TWO HEARTS NINE,0.5774,0.0176,0.405
DIAMONDS QUEEN HEARTS EIGHT,0.3458,0.0124,0.6418
HEARTS TWO HEARTS EIGHT,0.5744,0.0164,0.4092
CLUBS NINE HEARTS TWO,0.6326,0.0222,0.3452
CLUBS NINE DIAMONDS QUEEN,0.3414,0.01,0.6486
CLUBS EIGHT HEARTS TWO,0.6322,0.0174,0.3504
CLUBS EIGHT DIAMONDS QUEEN,0.355,0.0142,0.6308
CLUBS FIVE DIAMONDS QUEEN,0.3602,0.015,0.6248
CLUBS FIVE HEARTS TWO,0.6062,0.025,0.3688
SPADES EIGHT HEARTS ACE,0.354,0.0042,0.6418
CLUBS FOUR DIAMONDS QUEEN,0.3644,0.0148,0.6208
CLUBS FOUR HEARTS TWO,0.6034,0.0256,0.371
SPADES EIGHT HEARTS QUEEN,0.336,0.0096,0.6544
CLUBS SEVEN HEARTS TWO,0.6276,0.0192,0.3532
CLUBS SEVEN DIAMONDS QUEEN,0.3552,0.0108,0.634
CLUBS SIX DIAMONDS QUEEN,0.3764,0.0124,0.6112
CLUBS SIX HEARTS TWO,0.6194,0.0224,0.3582
SPADES EIGHT HEARTS KING,0.354,0.0082,0.6378
HEARTS TWO SPADES SIX,0.6174,0.0222,0.3604
DIAMONDS QUEEN SPADES SIX,0.3588,0.012,0.6292
HEARTS FOUR CLUBS QUEEN,0.3492,0.011,0.6398
DIAMONDS ACE CLUBS QUEEN,0.3042,0.0066,0.6892
DIAMONDS QUEEN SPADES SEVEN,0.3608,0.0126,0.6266
HEARTS TWO SPADES SEVEN,0.6192,0.0198,0.361
HEARTS FOUR CLUBS KING,0.3482,0.0082,0.6436
DIAMONDS ACE CLUBS KING,0.32,0.0036,0.6764
DIAMONDS QUEEN SPADES EIGHT,0.3524,0.0106,0.637
SPADES EIGHT HEARTS TWO,0.6212,0.0172,0.3616
HEARTS FOUR CLUBS ACE,0.354,0.0052,0.6408
DIAMONDS ACE CLUBS ACE,0.121,0.003,0.876
SPADES NINE DIAMONDS QUEEN,0.336,0.0096,0.6544
SPADES NINE HEARTS TWO,0.6324,0.0208,0.3468
HEARTS TWO SPADES TWO,0.4018,0.0566,0.5416
DIAMONDS QUEEN SPADES TWO,0.3928,0.013,0.5942
HEARTS TWO SPADES FOUR,0.596,0.0236,0.3804
DIAMONDS QUEEN SPADES FOUR,0.3552,0.0108,0.634
HEARTS FOUR CLUBS TEN,0.603,0.018,0.379
DIAMONDS ACE CLUBS TEN,0.3452,0.0058,0.649
HEARTS TWO SPADES FIVE,0.5968,0.0236,0.3796
DIAMONDS QUEEN SPADES FIVE,0.3534,0.0112,0.6354
CLUBS FIVE CLUBS KING,0.3308,0.009,0.6602
CLUBS FIVE CLUBS QUEEN,0.3404,0.0106,0.649
CLUBS FIVE CLUBS ACE,0.3322,0.0064,0.6614
CLUBS FIVE CLUBS TEN,0.5554,0.0198,0.4248
SPADES SIX CLUBS KING,0.3494,0.0088,0.6418
SPADES SIX CLUBS QUEEN,0.3412,0.0114,0.6474
SPADES EIGHT HEARTS JACK,0.2236,0.2202,0.5562
SPADES SIX CLUBS ACE,0.3442,0.0044,0.6514
SPADES EIGHT HEARTS TEN,0.5374,0.0204,0.4422
SPADES SIX CLUBS TEN,0.5828,0.0198,0.3974
SPADES QUEEN CLUBS SEVEN,0.3514,0.0116,0.637
SPADES KING CLUBS SEVEN,0.359,0.0078,0.6332
SPADES ACE CLUBS SEVEN,0.3484,0.006,0.6456
SPADES SIX HEARTS TEN,0.5634,0.0202,0.4164
SPADES SIX HEARTS JACK,0.2134,0.3898,0.3968
SPADES SIX HEARTS ACE,0.3574,0.004,0.6386
SPADES SIX HEARTS KING,0.378,0.0062,0.6158
SPADES SIX HEARTS QUEEN,0.351,0.014,0.635
SPADES JACK CLUBS SEVEN,0.2226,0.3014,0.476
CLUBS SEVEN SPADES TEN,0.554,0.017,0.429
HEARTS SIX CLUBS TEN,0.5842,0.016,0.3998
HEARTS SIX CLUBS QUEEN,0.3512,0.0136,0.6352
HEARTS SIX CLUBS KING,0.3602,0.0044,0.6354
HEARTS SIX CLUBS ACE,0.3604,0.0052,0.6344
DIAMONDS THREE HEARTS ACE,0.243,0.0182,0.7388
DIAMONDS THREE HEARTS QUEEN,0.2392,0.042,0.7188
DIAMONDS THREE HEARTS KING,0.23,0.0294,0.7406
CLUBS FIVE HEARTS JACK,0.2268,0.457,0.3162
SPADES TEN DIAMONDS ACE,0.3316,0.0046,0.6638
HEARTS FOUR SPADES TEN,0.592,0.0178,0.3902
CLUBS FIVE HEARTS TEN,0.5914,0.0146,0.394
HEARTS FOUR SPADES JACK,0.208,0.5172,0.2748
SPADES JACK DIAMONDS ACE,0.2158,0.0176,0.7666
SPADES ACE HEARTS FOUR,0.3432,0.0038,0.653
SPADES ACE DIAMONDS ACE,0.116,0.0028,0.8812
CLUBS FIVE HEARTS ACE,0.3506,0.0056,0.6438
CLUBS FIVE HEARTS KING,0.3658,0.0086,0.6256
HEARTS FOUR SPADES QUEEN,0.3654,0.012,0.6226
SPADES QUEEN DIAMONDS ACE,0.3056,0.005,0.6894
CLUBS FIVE HEARTS QUEEN,0.3648,0.0124,0.6228
SPADES KING DIAMONDS ACE,0.3128,0.003,0.6842
HEARTS FOUR SPADES KING,0.3504,0.0074,0.6422
SPADES FOUR CLUBS TEN,0.5932,0.0178,0.389
DIAMONDS QUEEN DIAMONDS ACE,0.2952,0.0054,0.6994
HEARTS TWO DIAMONDS ACE,0.3846,0.004,0.6114
HEARTS FOUR DIAMONDS QUEEN,0.3588,0.013,0.6282
HEARTS FOUR HEARTS TWO,0.5652,0.022,0.4128
DIAMONDS THREE HEARTS TEN,0.6992,0.0576,0.2432
SPADES FOUR CLUBS KING,0.3478,0.0062,0.646
HEARTS FIVE DIAMONDS QUEEN,0.3592,0.0094,0.6314
HEARTS FIVE HEARTS TWO,0.5642,0.0222,0.4136
DIAMONDS THREE HEARTS JACK,0.021,0.9562,0.0228
SPADES FOUR CLUBS QUEEN,0.36,0.0148,0.6252
DIAMONDS QUEEN HEARTS TWO,0.3812,0.0126,0.6062
DIAMONDS KING DIAMONDS QUEEN,0.2828,0.0072,0.71
DIAMONDS KING HEARTS TWO,0.3888,0.0076,0.6036
HEARTS THREE DIAMONDS QUEEN,0.2304,0.0418,0.7278
HEARTS THREE HEARTS TWO,0.639,0.055,0.306
SPADES FOUR CLUBS ACE,0.3384,0.0072,0.6544
HEARTS TWO CLUBS ACE,0.3906,0.0048,0.6046
DIAMONDS QUEEN CLUBS ACE,0.3164,0.0036,0.68
HEARTS TWO CLUBS QUEEN,0.3874,0.0128,0.5998
DIAMONDS QUEEN CLUBS QUEEN,0.1344,0.0108,0.8548
HEARTS TWO CLUBS KING,0.3786,0.0092,0.6122
DIAMONDS QUEEN CLUBS KING,0.2992,0.009,0.6918
SPADES EIGHT SPADES FIVE,0.5332,0.0182,0.4486
HEARTS TWO CLUBS TEN,0.6434,0.0204,0.3362
DIAMONDS QUEEN CLUBS TEN,0.3376,0.0094,0.653
SPADES NINE SPADES FIVE,0.5506,0.017,0.4324
SPADES SIX SPADES FIVE,0.5176,0.0174,0.465
SPADES SEVEN SPADES FIVE,0.5254,0.021,0.4536
DIAMONDS FIVE CLUBS QUEEN,0.3524,0.0132,0.6344
SPADES EIGHT CLUBS ACE,0.3528,0.0056,0.6416
DIAMONDS FIVE CLUBS KING,0.3332,0.0086,0.6582
SPADES EIGHT CLUBS KING,0.349,0.0082,0.6428
CLUBS ACE DIAMONDS FIVE,0.3444,0.0048,0.6508
SPADES EIGHT CLUBS QUEEN,0.3344,0.0136,0.652
SPADES EIGHT CLUBS TEN,0.5406,0.0184,0.441
DIAMONDS FIVE CLUBS TEN,0.5972,0.0184,0.3844
HEARTS JACK DIAMONDS TEN,0.2292,0.1216,0.6492
DIAMONDS TEN HEARTS TEN,0.2692,0.0192,0.7116
SPADES ACE CLUBS NINE,0.353,0.0046,0.6424
CLUBS NINE SPADES QUEEN,0.3454,0.0126,0.642
SPADES KING CLUBS NINE,0.3636,0.0066,0.6298
HEARTS SIX HEARTS KING,0.3286,0.0052,0.6662
DIAMONDS KING SPADES SEVEN,0.3562,0.0066,0.6372
HEARTS THREE SPADES SEVEN,0.6718,0.0584,0.2698
SPADES KING DIAMONDS SEVEN,0.3756,0.0074,0.617
HEARTS SIX HEARTS QUEEN,0.3272,0.011,0.6618
SPADES QUEEN DIAMONDS SEVEN,0.3558,0.0096,0.6346
HEARTS THREE SPADES SIX,0.6944,0.051,0.2546
DIAMONDS KING SPADES SIX,0.3488,0.0076,0.6436
DIAMONDS KING SPADES NINE,0.3354,0.005,0.6596
HEARTS THREE SPADES NINE,0.7028,0.058,0.2392
HEARTS SIX HEARTS ACE,0.3404,0.005,0.6546
DIAMONDS KING SPADES EIGHT,0.3576,0.0054,0.637
HEARTS THREE SPADES EIGHT,0.6954,0.0564,0.2482
SPADES ACE DIAMONDS SEVEN,0.365,0.004,0.631
CLUBS NINE HEARTS THREE,0.7136,0.0616,0.2248
CLUBS NINE DIAMONDS KING,0.3634,0.008,0.6286
CLUBS EIGHT HEARTS THREE,0.7216,0.0582,0.2202
CLUBS EIGHT DIAMONDS KING,0.3544,0.0064,0.6392
HEARTS THREE SPADES TWO,0.695,0.0628,0.2422
DIAMONDS KING SPADES TWO,0.393,0.0106,0.5964
