opposingHand,winningChance,drawChance,lostChance
CLUBS NINE CLUBS EIGHT
SPADES EIGHT CLUBS KING,0.3212,0.0302,0.6486
HEARTS FIVE SPADES QUEEN,0.4662,0.014,0.5198
SPADES TEN HEARTS TEN,0.2088,0.0404,0.7508
DIAMONDS THREE CLUBS KING,0.4782,0.0094,0.5124
DIAMONDS EIGHT DIAMONDS SIX,0.6214,0.094,0.2846
CLUBS JACK SPADES QUEEN,0.3764,0.0096,0.614
SPADES FIVE DIAMONDS NINE,0.582,0.2164,0.2016
CLUBS THREE SPADES TWO,0.6462,0.044,0.3098
HEARTS TWO SPADES THREE,0.6574,0.0354,0.3072
CLUBS JACK CLUBS FOUR,0.433,0.0132,0.5538
DIAMONDS EIGHT CLUBS ACE,0.3084,0.0208,0.6708
CLUBS TEN SPADES QUEEN,0.38,0.0102,0.6098
HEARTS FOUR HEARTS TWO,0.6124,0.0364,0.3512
SPADES TWO DIAMONDS FIVE,0.6462,0.0418,0.312
CLUBS SEVEN CLUBS ACE,0.409,0.0054,0.5856
SPADES NINE SPADES TWO,0.5384,0.2086,0.253
SPADES EIGHT SPADES THREE,0.6398,0.103,0.2572
DIAMONDS ACE DIAMONDS QUEEN,0.386,0.0044,0.6096
DIAMONDS KING DIAMONDS FIVE,0.434,0.008,0.558
DIAMONDS TWO HEARTS TEN,0.4684,0.0236,0.508
SPADES KING DIAMONDS SEVEN,0.4598,0.0066,0.5336
CLUBS TWO SPADES FOUR,0.6494,0.04,0.3106
SPADES KING DIAMONDS KING,0.2302,0.0142,0.7556
CLUBS SEVEN SPADES SEVEN,0.4308,0.0582,0.511
CLUBS FIVE DIAMONDS FOUR,0.6354,0.0392,0.3254
CLUBS TEN SPADES SEVEN,0.4396,0.0226,0.5378
SPADES NINE DIAMONDS SIX,0.5692,0.2246,0.2062
HEARTS SIX HEARTS KING,0.4434,0.0052,0.5514
SPADES FOUR CLUBS ACE,0.4622,0.0038,0.534
DIAMONDS QUEEN SPADES TWO,0.4874,0.0106,0.502
HEARTS FOUR HEARTS QUEEN,0.4476,0.0082,0.5442
SPADES TWO DIAMONDS FOUR,0.6646,0.0378,0.2976
CLUBS TEN DIAMONDS TWO,0.4816,0.0216,0.4968
CLUBS FIVE DIAMONDS NINE,0.5684,0.2234,0.2082
CLUBS FOUR DIAMONDS QUEEN,0.475,0.011,0.514
DIAMONDS THREE HEARTS QUEEN,0.4746,0.0134,0.512
HEARTS THREE SPADES THREE,0.4678,0.0604,0.4718
HEARTS TWO SPADES FIVE,0.6432,0.0366,0.3202
DIAMONDS TWO DIAMONDS TEN,0.453,0.0228,0.5242
CLUBS FOUR HEARTS QUEEN,0.4768,0.011,0.5122
DIAMONDS SEVEN DIAMONDS FIVE,0.6018,0.034,0.3642
SPADES NINE DIAMONDS EIGHT,0.072,0.909,0.019
SPADES EIGHT HEARTS JACK,0.3156,0.0458,0.6386
HEARTS KING HEARTS JACK,0.3726,0.0096,0.6178
CLUBS THREE DIAMONDS SEVEN,0.6794,0.0356,0.285
DIAMONDS QUEEN DIAMONDS SIX,0.4392,0.0104,0.5504
CLUBS SEVEN SPADES JACK,0.4562,0.0168,0.527
SPADES ACE SPADES EIGHT,0.3238,0.0188,0.6574
CLUBS SEVEN HEARTS FOUR,0.649,0.039,0.312
SPADES EIGHT CLUBS ACE,0.3132,0.0206,0.6662
HEARTS SIX DIAMONDS JACK,0.4616,0.0186,0.5198
CLUBS SIX DIAMONDS FOUR,0.6468,0.0362,0.317
DIAMONDS TWO CLUBS FOUR,0.6494,0.0366,0.314
SPADES QUEEN SPADES TEN,0.3698,0.0086,0.6216
SPADES QUEEN CLUBS FOUR,0.4646,0.011,0.5244
SPADES NINE DIAMONDS NINE,0.1882,0.0648,0.747
CLUBS THREE DIAMONDS KING,0.4782,0.0064,0.5154
DIAMONDS TWO CLUBS THREE,0.6458,0.037,0.3172
CLUBS SEVEN HEARTS ACE,0.455,0.0056,0.5394
HEARTS THREE SPADES SEVEN,0.6684,0.0366,0.295
SPADES SEVEN HEARTS SEVEN,0.4518,0.0528,0.4954
SPADES SEVEN HEARTS NINE,0.5848,0.1992,0.216
CLUBS TWO SPADES THREE,0.6512,0.0334,0.3154
CLUBS JACK DIAMONDS QUEEN,0.3846,0.0116,0.6038
HEARTS JACK HEARTS TEN,0.362,0.0124,0.6256
SPADES FIVE DIAMONDS SEVEN,0.6446,0.037,0.3184
DIAMONDS THREE DIAMONDS ACE,0.4536,0.004,0.5424
CLUBS FOUR HEARTS KING,0.4668,0.0076,0.5256
HEARTS FOUR CLUBS TWO,0.6556,0.0358,0.3086
DIAMONDS NINE SPADES TWO,0.5842,0.211,0.2048
SPADES SEVEN SPADES FOUR,0.628,0.03,0.342
HEARTS TWO HEARTS TEN,0.4526,0.024,0.5234
SPADES EIGHT HEARTS KING,0.3368,0.026,0.6372
SPADES NINE DIAMONDS TEN,0.297,0.072,0.631
SPADES NINE SPADES THREE,0.547,0.2036,0.2494
DIAMONDS TWO DIAMONDS JACK,0.4558,0.02,0.5242
CLUBS TEN DIAMONDS QUEEN,0.388,0.0114,0.6006
DIAMONDS TWO HEARTS THREE,0.6662,0.0382,0.2956
CLUBS SIX HEARTS JACK,0.4636,0.018,0.5184
SPADES TEN CLUBS TWO,0.4782,0.0272,0.4946
HEARTS TWO HEARTS JACK,0.4466,0.0184,0.535
CLUBS TEN HEARTS SEVEN,0.4298,0.0224,0.5478
DIAMONDS THREE HEARTS KING,0.4646,0.008,0.5274
HEARTS FOUR CLUBS KING,0.4664,0.0076,0.526
CLUBS JACK DIAMONDS TWO,0.4602,0.0156,0.5242
CLUBS SEVEN CLUBS TWO,0.6886,0.035,0.2764
DIAMONDS QUEEN CLUBS ACE,0.3972,0.0056,0.5972
HEARTS ACE SPADES FIVE,0.4594,0.003,0.5376
SPADES NINE HEARTS SEVEN,0.575,0.2136,0.2114
SPADES SIX HEARTS JACK,0.456,0.014,0.53
SPADES FIVE HEARTS SEVEN,0.6562,0.038,0.3058
SPADES FIVE HEARTS EIGHT,0.6738,0.0944,0.2318
SPADES SEVEN HEARTS EIGHT,0.6658,0.0982,0.236
CLUBS SIX CLUBS THREE,0.6504,0.039,0.3106
HEARTS TWO DIAMONDS FOUR,0.6528,0.0332,0.314
DIAMONDS ACE CLUBS KING,0.376,0.005,0.619
SPADES JACK HEARTS SEVEN,0.472,0.0154,0.5126
SPADES JACK CLUBS THREE,0.4778,0.0172,0.505
SPADES SIX HEARTS TEN,0.4726,0.0218,0.5056
CLUBS TWO DIAMONDS NINE,0.5722,0.2144,0.2134
SPADES SIX DIAMONDS EIGHT,0.6578,0.1016,0.2406
CLUBS TEN CLUBS QUEEN,0.3324,0.011,0.6566
CLUBS FIVE HEARTS QUEEN,0.4628,0.0094,0.5278
SPADES ACE HEARTS QUEEN,0.4112,0.005,0.5838
CLUBS JACK SPADES THREE,0.4724,0.0172,0.5104
HEARTS FOUR DIAMONDS TEN,0.4896,0.0236,0.4868
SPADES EIGHT HEARTS QUEEN,0.3266,0.037,0.6364
HEARTS SIX DIAMONDS KING,0.4662,0.0064,0.5274
CLUBS JACK CLUBS QUEEN,0.329,0.008,0.663
DIAMONDS KING DIAMONDS JACK,0.386,0.0074,0.6066
CLUBS TWO SPADES SIX,0.6686,0.0378,0.2936
CLUBS ACE HEARTS NINE,0.3136,0.02,0.6664
DIAMONDS TWO CLUBS SEVEN,0.6718,0.0416,0.2866
SPADES FOUR SPADES TWO,0.6174,0.0322,0.3504
CLUBS JACK SPADES TWO,0.46,0.0184,0.5216
DIAMONDS NINE CLUBS ACE,0.3158,0.0202,0.664
CLUBS FIVE HEARTS NINE,0.5714,0.2216,0.207
CLUBS JACK SPADES SEVEN,0.4462,0.0148,0.539
HEARTS SIX DIAMONDS QUEEN,0.4574,0.0098,0.5328
HEARTS FIVE SPADES JACK,0.4776,0.0168,0.5056
CLUBS SEVEN DIAMONDS JACK,0.4506,0.0166,0.5328
CLUBS FOUR DIAMONDS EIGHT,0.6688,0.1088,0.2224
SPADES EIGHT DIAMONDS SEVEN,0.6656,0.0982,0.2362
SPADES KING HEARTS KING,0.2278,0.011,0.7612
HEARTS ACE DIAMONDS TEN,0.4016,0.003,0.5954
HEARTS FIVE HEARTS SEVEN,0.6084,0.0382,0.3534
HEARTS FOUR DIAMONDS EIGHT,0.6832,0.104,0.2128
SPADES QUEEN HEARTS THREE,0.4776,0.0096,0.5128
DIAMONDS SIX HEARTS EIGHT,0.6586,0.1006,0.2408
HEARTS SIX DIAMONDS TWO,0.6746,0.036,0.2894
SPADES ACE DIAMONDS TEN,0.4132,0.0042,0.5826
CLUBS TEN CLUBS TWO,0.415,0.026,0.559
CLUBS FOUR DIAMONDS FIVE,0.63,0.0388,0.3312
CLUBS TEN DIAMONDS KING,0.3866,0.0078,0.6056
HEARTS FIVE SPADES SEVEN,0.6538,0.0356,0.3106
CLUBS SIX DIAMONDS QUEEN,0.4554,0.0126,0.532
DIAMONDS THREE HEARTS THREE,0.478,0.0648,0.4572
SPADES JACK DIAMONDS KING,0.4092,0.008,0.5828
DIAMONDS ACE DIAMONDS TEN,0.3892,0.0056,0.6052
DIAMONDS NINE HEARTS EIGHT,0.071,0.9078,0.0212
HEARTS FIVE SPADES SIX,0.6418,0.0386,0.3196
CLUBS FIVE SPADES FIVE,0.4596,0.0532,0.4872
DIAMONDS TWO DIAMONDS SEVEN,0.647,0.034,0.319
HEARTS JACK DIAMONDS FOUR,0.4836,0.0162,0.5002
CLUBS JACK DIAMONDS FOUR,0.4678,0.0184,0.5138
HEARTS THREE SPADES NINE,0.5662,0.2274,0.2064
SPADES SEVEN DIAMONDS SEVEN,0.4358,0.0554,0.5088
DIAMONDS JACK HEARTS NINE,0.3124,0.0554,0.6322
HEARTS FOUR CLUBS FIVE,0.6202,0.0354,0.3444
CLUBS SIX CLUBS ACE,0.4148,0.0054,0.5798
HEARTS TWO SPADES FOUR,0.6504,0.0372,0.3124
HEARTS FOUR SPADES FIVE,0.6248,0.0368,0.3384
SPADES ACE DIAMONDS ACE,0.2262,0.0028,0.771
DIAMONDS TEN CLUBS ACE,0.3938,0.0028,0.6034
CLUBS FOUR HEARTS EIGHT,0.6786,0.1012,0.2202
SPADES ACE SPADES SIX,0.4364,0.0044,0.5592
HEARTS JACK CLUBS ACE,0.381,0.004,0.615
DIAMONDS JACK DIAMONDS TEN,0.3612,0.0158,0.623
HEARTS TWO CLUBS TWO,0.4644,0.0662,0.4694
DIAMONDS TEN DIAMONDS NINE,0.2804,0.0708,0.6488
DIAMONDS TEN HEARTS TEN,0.2136,0.0404,0.746
SPADES EIGHT DIAMONDS SIX,0.6744,0.0896,0.236
HEARTS FIVE CLUBS TWO,0.6706,0.0384,0.291
SPADES ACE SPADES TEN,0.3868,0.004,0.6092
SPADES ACE CLUBS TWO,0.4572,0.0048,0.538
HEARTS FOUR SPADES SIX,0.6454,0.0342,0.3204
DIAMONDS SEVEN CLUBS QUEEN,0.4448,0.0124,0.5428
CLUBS TEN HEARTS QUEEN,0.3856,0.0118,0.6026
DIAMONDS KING DIAMONDS EIGHT,0.3192,0.0288,0.652
SPADES JACK DIAMONDS FIVE,0.4592,0.0176,0.5232
CLUBS THREE DIAMONDS SIX,0.6442,0.0394,0.3164
HEARTS JACK HEARTS EIGHT,0.299,0.049,0.652
SPADES KING CLUBS SIX,0.4606,0.0082,0.5312
SPADES NINE CLUBS THREE,0.5686,0.2274,0.204
SPADES SIX HEARTS SEVEN,0.6352,0.0378,0.327
CLUBS JACK CLUBS SIX,0.4232,0.0184,0.5584
DIAMONDS TWO SPADES TEN,0.4866,0.024,0.4894
SPADES ACE CLUBS QUEEN,0.4016,0.0036,0.5948
HEARTS FOUR SPADES NINE,0.582,0.2074,0.2106
HEARTS SIX HEARTS TEN,0.4382,0.0252,0.5366
HEARTS FOUR HEARTS TEN,0.4522,0.0218,0.526
CLUBS TEN SPADES NINE,0.2786,0.069,0.6524
SPADES TWO HEARTS EIGHT,0.686,0.097,0.217
DIAMONDS ACE HEARTS NINE,0.3182,0.0208,0.661
SPADES THREE DIAMONDS SIX,0.6688,0.034,0.2972
SPADES TWO DIAMONDS SEVEN,0.692,0.0356,0.2724
SPADES ACE CLUBS JACK,0.4058,0.0046,0.5896
SPADES FIVE HEARTS JACK,0.472,0.0152,0.5128
SPADES FOUR DIAMONDS FOUR,0.4682,0.0642,0.4676
SPADES JACK DIAMONDS EIGHT,0.2992,0.059,0.6418
HEARTS SIX CLUBS SEVEN,0.6336,0.0418,0.3246
SPADES ACE HEARTS FIVE,0.4548,0.003,0.5422
HEARTS TEN DIAMONDS SEVEN,0.4492,0.0246,0.5262
HEARTS TEN HEARTS NINE,0.2804,0.0718,0.6478
DIAMONDS KING CLUBS KING,0.2116,0.0146,0.7738
CLUBS JACK HEARTS FIVE,0.4678,0.017,0.5152
SPADES TEN DIAMONDS EIGHT,0.2988,0.0698,0.6314
SPADES THREE CLUBS ACE,0.467,0.0058,0.5272
SPADES NINE HEARTS KING,0.3108,0.0328,0.6564
HEARTS SIX HEARTS THREE,0.6214,0.0324,0.3462
DIAMONDS ACE CLUBS TWO,0.4618,0.0048,0.5334
SPADES JACK CLUBS QUEEN,0.3824,0.011,0.6066
HEARTS SIX DIAMONDS ACE,0.476,0.0036,0.5204
DIAMONDS KING CLUBS QUEEN,0.387,0.008,0.605
DIAMONDS SIX HEARTS SEVEN,0.6402,0.0374,0.3224
HEARTS TWO CLUBS FOUR,0.6614,0.0356,0.303
HEARTS FIVE DIAMONDS NINE,0.5768,0.2014,0.2218
SPADES ACE HEARTS NINE,0.322,0.0198,0.6582
DIAMONDS ACE HEARTS QUEEN,0.4216,0.0026,0.5758
DIAMONDS TWO SPADES NINE,0.5826,0.2118,0.2056
SPADES NINE HEARTS ACE,0.3284,0.0194,0.6522
HEARTS THREE DIAMONDS KING,0.4812,0.008,0.5108
SPADES TEN DIAMONDS SIX,0.458,0.0248,0.5172
SPADES EIGHT HEARTS NINE,0.0744,0.9086,0.017
SPADES TEN DIAMONDS JACK,0.3816,0.0116,0.6068
CLUBS TEN HEARTS FOUR,0.473,0.0242,0.5028
CLUBS JACK HEARTS SIX,0.468,0.0172,0.5148
SPADES TEN DIAMONDS FOUR,0.4782,0.0248,0.497
SPADES ACE DIAMONDS NINE,0.3266,0.0208,0.6526
DIAMONDS TWO SPADES FOUR,0.6562,0.041,0.3028
DIAMONDS TWO SPADES EIGHT,0.6888,0.102,0.2092
SPADES EIGHT HEARTS EIGHT,0.3688,0.0552,0.576
HEARTS FOUR CLUBS QUEEN,0.4726,0.0128,0.5146
SPADES KING SPADES NINE,0.3004,0.028,0.6716
DIAMONDS NINE DIAMONDS SEVEN,0.5446,0.1984,0.257
CLUBS TEN SPADES SIX,0.4332,0.0254,0.5414
SPADES FOUR DIAMONDS SIX,0.6464,0.0366,0.317
HEARTS THREE CLUBS FOUR,0.6528,0.0418,0.3054
CLUBS TWO HEARTS NINE,0.5746,0.215,0.2104
SPADES KING DIAMONDS ACE,0.3994,0.0026,0.598
HEARTS QUEEN CLUBS QUEEN,0.2066,0.0182,0.7752
HEARTS FIVE DIAMONDS TWO,0.6534,0.034,0.3126
HEARTS TWO SPADES NINE,0.5958,0.2068,0.1974
CLUBS TWO SPADES TWO,0.4734,0.0668,0.4598
DIAMONDS KING HEARTS EIGHT,0.3316,0.0266,0.6418
CLUBS FIVE DIAMONDS SIX,0.643,0.0366,0.3204
CLUBS TWO HEARTS TEN,0.475,0.0232,0.5018
DIAMONDS TWO HEARTS KING,0.4778,0.0068,0.5154
CLUBS TWO DIAMONDS SIX,0.6712,0.0358,0.293
CLUBS ACE HEARTS EIGHT,0.3146,0.0176,0.6678
DIAMONDS KING DIAMONDS TEN,0.389,0.0052,0.6058
SPADES SEVEN HEARTS QUEEN,0.4616,0.0088,0.5296
SPADES FIVE CLUBS QUEEN,0.4558,0.0096,0.5346
CLUBS THREE SPADES SIX,0.6618,0.0344,0.3038
HEARTS THREE HEARTS JACK,0.4522,0.0168,0.531
SPADES ACE DIAMONDS KING,0.393,0.0052,0.6018
SPADES SEVEN SPADES SIX,0.616,0.0338,0.3502
DIAMONDS QUEEN HEARTS SEVEN,0.4698,0.0074,0.5228
SPADES FIVE HEARTS QUEEN,0.4812,0.0132,0.5056
SPADES TWO HEARTS SEVEN,0.6932,0.0362,0.2706
HEARTS FOUR SPADES JACK,0.4792,0.0124,0.5084
HEARTS THREE CLUBS KING,0.4684,0.0082,0.5234
CLUBS TEN SPADES TEN,0.1886,0.0386,0.7728
DIAMONDS THREE SPADES SEVEN,0.671,0.036,0.293
CLUBS SEVEN DIAMONDS EIGHT,0.656,0.1048,0.2392
DIAMONDS JACK SPADES FIVE,0.465,0.016,0.519
CLUBS JACK SPADES NINE,0.2916,0.0578,0.6506
SPADES NINE DIAMONDS KING,0.3054,0.0338,0.6608
SPADES NINE DIAMONDS QUEEN,0.3124,0.0396,0.648
CLUBS JACK HEARTS QUEEN,0.3886,0.0096,0.6018
DIAMONDS THREE SPADES TEN,0.4862,0.0226,0.4912
SPADES KING SPADES EIGHT,0.3222,0.0298,0.648
SPADES NINE CLUBS TWO,0.5718,0.2132,0.215
HEARTS KING HEARTS EIGHT,0.3272,0.0288,0.644
SPADES EIGHT DIAMONDS NINE,0.0712,0.9074,0.0214
SPADES NINE HEARTS EIGHT,0.0644,0.9144,0.0212
CLUBS FIVE HEARTS KING,0.4558,0.0078,0.5364
SPADES ACE DIAMONDS JACK,0.415,0.005,0.58
DIAMONDS QUEEN CLUBS QUEEN,0.2136,0.0234,0.763
CLUBS SEVEN DIAMONDS ACE,0.4654,0.0036,0.531
SPADES KING DIAMONDS TEN,0.4044,0.0076,0.588
CLUBS FIVE SPADES TWO,0.638,0.035,0.327
CLUBS SIX DIAMONDS JACK,0.4512,0.0172,0.5316
CLUBS FOUR SPADES EIGHT,0.685,0.109,0.206
CLUBS JACK DIAMONDS KING,0.3902,0.006,0.6038
HEARTS FOUR DIAMONDS FOUR,0.473,0.0614,0.4656
DIAMONDS THREE CLUBS SEVEN,0.6594,0.0368,0.3038
CLUBS THREE CLUBS ACE,0.4222,0.0042,0.5736
CLUBS KING DIAMONDS FIVE,0.4608,0.0066,0.5326
SPADES QUEEN CLUBS KING,0.377,0.0062,0.6168
SPADES SIX CLUBS KING,0.4664,0.0068,0.5268
CLUBS FOUR DIAMONDS SIX,0.643,0.0354,0.3216
HEARTS KING HEARTS QUEEN,0.373,0.0084,0.6186
HEARTS TWO DIAMONDS FIVE,0.653,0.036,0.311
CLUBS TWO DIAMONDS EIGHT,0.6814,0.1042,0.2144
DIAMONDS TWO DIAMONDS KING,0.4418,0.0076,0.5506
CLUBS SIX HEARTS NINE,0.5604,0.2258,0.2138
CLUBS SIX DIAMONDS EIGHT,0.6626,0.0986,0.2388
CLUBS FIVE HEARTS JACK,0.4624,0.0154,0.5222
DIAMONDS FIVE HEARTS SEVEN,0.6526,0.0344,0.313
HEARTS TWO DIAMONDS NINE,0.5768,0.2146,0.2086
CLUBS SEVEN CLUBS KING,0.4156,0.0082,0.5762
SPADES KING HEARTS FOUR,0.4804,0.0094,0.5102
CLUBS SIX SPADES SEVEN,0.6394,0.0374,0.3232
HEARTS QUEEN DIAMONDS SEVEN,0.4588,0.0102,0.531
HEARTS FIVE DIAMONDS FIVE,0.46,0.0634,0.4766
HEARTS TWO CLUBS KING,0.4576,0.0068,0.5356
SPADES TWO HEARTS TEN,0.4776,0.0216,0.5008
CLUBS SIX SPADES TWO,0.6706,0.0372,0.2922
HEARTS FOUR SPADES EIGHT,0.6884,0.101,0.2106
DIAMONDS SIX DIAMONDS FOUR,0.6194,0.0372,0.3434
CLUBS SIX HEARTS SEVEN,0.6334,0.038,0.3286
CLUBS FOUR SPADES TWO,0.6548,0.04,0.3052
CLUBS JACK HEARTS EIGHT,0.2904,0.0622,0.6474
DIAMONDS THREE CLUBS SIX,0.6602,0.0324,0.3074
SPADES TEN SPADES SIX,0.4374,0.0218,0.5408
DIAMONDS THREE HEARTS SEVEN,0.6606,0.0366,0.3028
SPADES THREE CLUBS KING,0.463,0.0078,0.5292
CLUBS TEN DIAMONDS NINE,0.2588,0.077,0.6642
SPADES SIX DIAMONDS FIVE,0.6268,0.0386,0.3346
CLUBS JACK HEARTS JACK,0.1992,0.0344,0.7664
DIAMONDS THREE HEARTS TWO,0.6488,0.0376,0.3136
HEARTS ACE DIAMONDS SEVEN,0.4558,0.0036,0.5406
SPADES ACE DIAMONDS EIGHT,0.3508,0.0202,0.629
SPADES KING DIAMONDS NINE,0.3076,0.0308,0.6616
DIAMONDS ACE HEARTS SEVEN,0.4552,0.004,0.5408
CLUBS TWO CLUBS ACE,0.4202,0.0044,0.5754
SPADES TEN CLUBS KING,0.3848,0.0072,0.608
SPADES EIGHT HEARTS TEN,0.2954,0.0686,0.636
SPADES KING CLUBS TEN,0.3884,0.009,0.6026
SPADES QUEEN DIAMONDS TEN,0.3904,0.0082,0.6014
SPADES NINE DIAMONDS FOUR,0.579,0.2144,0.2066
HEARTS JACK HEARTS SEVEN,0.4394,0.0164,0.5442
SPADES KING CLUBS FOUR,0.4748,0.0076,0.5176
SPADES JACK CLUBS ACE,0.3924,0.0042,0.6034
CLUBS SEVEN HEARTS THREE,0.6794,0.0392,0.2814
SPADES JACK HEARTS TWO,0.4676,0.0184,0.514
DIAMONDS TEN SPADES THREE,0.4706,0.025,0.5044
SPADES TEN HEARTS TWO,0.4868,0.0256,0.4876
CLUBS JACK CLUBS KING,0.3512,0.005,0.6438
CLUBS JACK DIAMONDS NINE,0.285,0.063,0.652
HEARTS FIVE DIAMONDS TEN,0.4712,0.0268,0.502
CLUBS TEN DIAMONDS SIX,0.4498,0.0226,0.5276
SPADES QUEEN HEARTS JACK,0.3942,0.009,0.5968
DIAMONDS JACK CLUBS ACE,0.3982,0.0058,0.596
DIAMONDS JACK HEARTS QUEEN,0.4044,0.0098,0.5858
CLUBS SEVEN SPADES SIX,0.6354,0.0378,0.3268
CLUBS SIX HEARTS QUEEN,0.4636,0.008,0.5284
DIAMONDS THREE CLUBS FIVE,0.6358,0.0394,0.3248
HEARTS SIX SPADES SIX,0.4504,0.0614,0.4882
HEARTS SIX CLUBS THREE,0.638,0.0408,0.3212
SPADES NINE CLUBS FOUR,0.5752,0.2098,0.215
HEARTS ACE CLUBS KING,0.3878,0.0058,0.6064
SPADES ACE CLUBS SEVEN,0.4592,0.0044,0.5364
SPADES ACE SPADES FIVE,0.4352,0.0046,0.5602
HEARTS FIVE CLUBS SEVEN,0.6514,0.0394,0.3092
HEARTS KING DIAMONDS SIX,0.4632,0.0056,0.5312
SPADES QUEEN SPADES SEVEN,0.4262,0.0138,0.56
DIAMONDS ACE SPADES FIVE,0.4702,0.0046,0.5252
DIAMONDS THREE DIAMONDS TWO,0.6102,0.036,0.3538
HEARTS KING DIAMONDS SEVEN,0.457,0.0064,0.5366
DIAMONDS QUEEN SPADES THREE,0.4836,0.013,0.5034
DIAMONDS TWO SPADES TWO,0.4772,0.0582,0.4646
CLUBS THREE HEARTS NINE,0.577,0.2088,0.2142
CLUBS SIX HEARTS TEN,0.4588,0.0232,0.518
CLUBS JACK HEARTS KING,0.3818,0.006,0.6122
CLUBS FOUR CLUBS ACE,0.428,0.0064,0.5656
SPADES JACK DIAMONDS JACK,0.2126,0.0288,0.7586
HEARTS NINE CLUBS KING,0.298,0.0364,0.6656
SPADES JACK DIAMONDS SEVEN,0.4638,0.0164,0.5198
HEARTS TWO SPADES SIX,0.663,0.0346,0.3024
SPADES NINE SPADES SEVEN,0.5266,0.2104,0.263
SPADES QUEEN HEARTS QUEEN,0.2228,0.024,0.7532
CLUBS TEN HEARTS KING,0.3822,0.0098,0.608
HEARTS KING CLUBS ACE,0.3848,0.0048,0.6104
SPADES FIVE HEARTS TEN,0.4724,0.0238,0.5038
CLUBS THREE CLUBS KING,0.4268,0.0092,0.564
SPADES EIGHT SPADES TWO,0.6428,0.0988,0.2584
SPADES KING SPADES TEN,0.3804,0.0058,0.6138
SPADES FIVE SPADES THREE,0.6102,0.0392,0.3506
CLUBS SEVEN SPADES TWO,0.6884,0.0352,0.2764
CLUBS FIVE HEARTS ACE,0.4642,0.0034,0.5324
CLUBS TWO HEARTS ACE,0.471,0.007,0.522
SPADES ACE CLUBS THREE,0.4706,0.0048,0.5246
SPADES TEN HEARTS KING,0.414,0.0046,0.5814
DIAMONDS ACE DIAMONDS NINE,0.3054,0.0204,0.6742
SPADES JACK CLUBS KING,0.3824,0.0048,0.6128
SPADES NINE SPADES EIGHT,0.0704,0.8524,0.0772
CLUBS TEN DIAMONDS FOUR,0.4818,0.025,0.4932
CLUBS SIX HEARTS TWO,0.6588,0.041,0.3002
SPADES NINE SPADES FIVE,0.5446,0.2014,0.254
CLUBS THREE SPADES FOUR,0.6538,0.0362,0.31
HEARTS FIVE CLUBS ACE,0.4542,0.0046,0.5412
CLUBS ACE DIAMONDS FIVE,0.445,0.0048,0.5502
HEARTS NINE DIAMONDS FIVE,0.5638,0.2244,0.2118
SPADES TEN HEARTS NINE,0.2886,0.0706,0.6408
SPADES SIX HEARTS KING,0.4692,0.0062,0.5246
HEARTS SIX HEARTS FIVE,0.596,0.0366,0.3674
HEARTS THREE SPADES FOUR,0.6548,0.0388,0.3064
CLUBS SEVEN CLUBS QUEEN,0.4046,0.011,0.5844
SPADES TEN CLUBS FOUR,0.47,0.0234,0.5066
HEARTS KING CLUBS KING,0.2246,0.0108,0.7646
HEARTS EIGHT CLUBS QUEEN,0.307,0.0406,0.6524
SPADES SEVEN HEARTS TEN,0.4476,0.0226,0.5298
CLUBS TEN DIAMONDS FIVE,0.4588,0.0266,0.5146
HEARTS ACE CLUBS ACE,0.215,0.0032,0.7818
HEARTS FOUR CLUBS SIX,0.6362,0.038,0.3258
SPADES TEN CLUBS ACE,0.391,0.0054,0.6036
SPADES ACE DIAMONDS QUEEN,0.3996,0.0022,0.5982
CLUBS FIVE SPADES SEVEN,0.6512,0.036,0.3128
CLUBS FOUR DIAMONDS FOUR,0.4706,0.06,0.4694
HEARTS ACE SPADES FOUR,0.4752,0.0038,0.521
CLUBS FOUR HEARTS SEVEN,0.6642,0.0398,0.296
CLUBS SEVEN DIAMONDS QUEEN,0.461,0.014,0.525
HEARTS SIX HEARTS TWO,0.626,0.0338,0.3402
HEARTS ACE CLUBS QUEEN,0.396,0.0026,0.6014
CLUBS SIX SPADES THREE,0.6596,0.0426,0.2978
SPADES SEVEN HEARTS ACE,0.4552,0.0046,0.5402
HEARTS NINE HEARTS SEVEN,0.5328,0.2088,0.2584
HEARTS QUEEN HEARTS NINE,0.2862,0.0422,0.6716
HEARTS SIX CLUBS TWO,0.6594,0.0366,0.304
CLUBS TEN CLUBS KING,0.342,0.0074,0.6506
DIAMONDS TWO HEARTS QUEEN,0.4716,0.0096,0.5188
HEARTS THREE SPADES TEN,0.4866,0.0224,0.491
DIAMONDS TWO HEARTS ACE,0.4662,0.0044,0.5294
CLUBS SEVEN HEARTS JACK,0.4462,0.0136,0.5402
SPADES KING CLUBS FIVE,0.4586,0.0062,0.5352
SPADES THREE HEARTS JACK,0.4726,0.0174,0.51
SPADES TEN DIAMONDS FIVE,0.472,0.0278,0.5002
CLUBS FIVE HEARTS TEN,0.4628,0.0224,0.5148
SPADES SIX SPADES FIVE,0.5924,0.0356,0.372
CLUBS FOUR DIAMONDS SEVEN,0.642,0.0442,0.3138
CLUBS TWO SPADES FIVE,0.6426,0.0388,0.3186
DIAMONDS ACE CLUBS QUEEN,0.402,0.0038,0.5942
DIAMONDS TEN HEARTS EIGHT,0.2952,0.0754,0.6294
CLUBS TEN SPADES THREE,0.4702,0.0248,0.505
HEARTS TEN CLUBS ACE,0.394,0.0032,0.6028
CLUBS JACK DIAMONDS TEN,0.3676,0.0124,0.62
HEARTS NINE DIAMONDS SIX,0.5738,0.2084,0.2178
CLUBS SEVEN SPADES TEN,0.4432,0.0204,0.5364
HEARTS SIX HEARTS FOUR,0.6098,0.0348,0.3554
DIAMONDS JACK CLUBS KING,0.3858,0.0058,0.6084
HEARTS SIX CLUBS QUEEN,0.468,0.0126,0.5194
SPADES SEVEN SPADES TWO,0.6494,0.0324,0.3182
HEARTS FIVE SPADES THREE,0.6366,0.0358,0.3276
HEARTS FIVE DIAMONDS SIX,0.6268,0.0368,0.3364
SPADES JACK SPADES TEN,0.362,0.011,0.627
DIAMONDS SIX CLUBS KING,0.4488,0.0076,0.5436
HEARTS FIVE DIAMONDS KING,0.4762,0.0086,0.5152
DIAMONDS EIGHT HEARTS SEVEN,0.6802,0.0968,0.223
DIAMONDS KING SPADES FIVE,0.4556,0.0058,0.5386
CLUBS TEN HEARTS TEN,0.1986,0.0348,0.7666
CLUBS TEN HEARTS THREE,0.472,0.025,0.503
DIAMONDS TWO SPADES SEVEN,0.6776,0.037,0.2854
HEARTS FIVE HEARTS TWO,0.6216,0.0306,0.3478
CLUBS ACE CLUBS KING,0.3458,0.0066,0.6476
SPADES ACE DIAMONDS THREE,0.4738,0.0054,0.5208
HEARTS TEN DIAMONDS FIVE,0.464,0.0226,0.5134
CLUBS FIVE SPADES SIX,0.6212,0.0382,0.3406
DIAMONDS THREE CLUBS TEN,0.473,0.0214,0.5056
SPADES QUEEN HEARTS ACE,0.4086,0.0032,0.5882
SPADES NINE CLUBS KING,0.277,0.036,0.687
CLUBS SEVEN HEARTS NINE,0.563,0.2202,0.2168
SPADES JACK DIAMONDS NINE,0.3018,0.0598,0.6384
HEARTS TEN DIAMONDS SIX,0.4546,0.0228,0.5226
CLUBS TEN DIAMONDS EIGHT,0.2892,0.0722,0.6386
DIAMONDS KING SPADES TWO,0.4794,0.0076,0.513
SPADES KING DIAMONDS SIX,0.4596,0.0064,0.534
SPADES QUEEN SPADES FIVE,0.4426,0.0124,0.545
SPADES QUEEN CLUBS THREE,0.477,0.0136,0.5094
DIAMONDS KING HEARTS ACE,0.3988,0.0036,0.5976
HEARTS FOUR HEARTS JACK,0.4554,0.0172,0.5274
DIAMONDS TEN HEARTS NINE,0.283,0.0678,0.6492
SPADES JACK SPADES SIX,0.442,0.0156,0.5424
HEARTS ACE DIAMONDS FIVE,0.4666,0.0036,0.5298
DIAMONDS THREE DIAMONDS KING,0.4546,0.0086,0.5368
CLUBS FOUR CLUBS QUEEN,0.4294,0.0142,0.5564
SPADES KING DIAMONDS FOUR,0.4824,0.0058,0.5118
SPADES JACK HEARTS THREE,0.478,0.0154,0.5066
SPADES KING CLUBS SEVEN,0.439,0.006,0.555
SPADES SEVEN DIAMONDS NINE,0.5746,0.2154,0.21
HEARTS EIGHT DIAMONDS FIVE,0.6676,0.1014,0.231
DIAMONDS TWO DIAMONDS FOUR,0.618,0.0348,0.3472
HEARTS FIVE HEARTS ACE,0.4372,0.0028,0.56
DIAMONDS TWO CLUBS SIX,0.6652,0.0338,0.301
CLUBS TWO DIAMONDS QUEEN,0.4718,0.013,0.5152
SPADES QUEEN CLUBS ACE,0.3844,0.0044,0.6112
HEARTS TWO CLUBS THREE,0.658,0.0346,0.3074
HEARTS SIX CLUBS SIX,0.429,0.0624,0.5086
DIAMONDS JACK SPADES FOUR,0.4696,0.0158,0.5146
CLUBS SIX SPADES NINE,0.571,0.2144,0.2146
SPADES SEVEN DIAMONDS FOUR,0.6502,0.0366,0.3132
SPADES KING CLUBS ACE,0.382,0.0062,0.6118
HEARTS TWO DIAMONDS QUEEN,0.487,0.0098,0.5032
DIAMONDS NINE DIAMONDS SIX,0.5408,0.2014,0.2578
HEARTS KING SPADES TWO,0.4802,0.009,0.5108
DIAMONDS EIGHT DIAMONDS SEVEN,0.629,0.0948,0.2762
SPADES EIGHT DIAMONDS QUEEN,0.3348,0.036,0.6292
HEARTS QUEEN DIAMONDS FOUR,0.4776,0.0112,0.5112
CLUBS FOUR HEARTS JACK,0.469,0.0182,0.5128
HEARTS FOUR HEARTS THREE,0.6126,0.0344,0.353
DIAMONDS ACE HEARTS JACK,0.4262,0.0048,0.569
SPADES SEVEN CLUBS KING,0.4406,0.0088,0.5506
CLUBS JACK HEARTS TWO,0.4804,0.0182,0.5014
SPADES ACE HEARTS KING,0.404,0.0048,0.5912
SPADES EIGHT CLUBS THREE,0.6994,0.0958,0.2048
HEARTS EIGHT DIAMONDS FOUR,0.6926,0.0966,0.2108
HEARTS SIX SPADES EIGHT,0.6604,0.093,0.2466
SPADES QUEEN HEARTS NINE,0.3114,0.0402,0.6484
DIAMONDS TWO HEARTS SEVEN,0.6898,0.0408,0.2694
SPADES EIGHT CLUBS QUEEN,0.3028,0.0422,0.655
CLUBS TEN DIAMONDS JACK,0.3598,0.0138,0.6264
CLUBS TEN HEARTS ACE,0.3934,0.0054,0.6012
CLUBS SIX DIAMONDS KING,0.4444,0.0092,0.5464
CLUBS TEN HEARTS TWO,0.4832,0.0228,0.494
DIAMONDS TWO DIAMONDS EIGHT,0.6354,0.0972,0.2674
CLUBS SIX SPADES SIX,0.4572,0.0598,0.483
SPADES ACE HEARTS THREE,0.4674,0.0018,0.5308
HEARTS FIVE HEARTS KING,0.4374,0.0076,0.555
DIAMONDS THREE HEARTS TEN,0.4744,0.0234,0.5022
SPADES JACK CLUBS SIX,0.4562,0.0172,0.5266
SPADES EIGHT CLUBS TWO,0.6912,0.1012,0.2076
CLUBS TEN SPADES TWO,0.467,0.025,0.508
HEARTS TWO CLUBS ACE,0.4528,0.0056,0.5416
SPADES KING HEARTS JACK,0.4004,0.0064,0.5932
SPADES JACK DIAMONDS SIX,0.4646,0.0162,0.5192
SPADES ACE CLUBS KING,0.394,0.004,0.602
CLUBS FIVE DIAMONDS JACK,0.4624,0.0178,0.5198
HEARTS FIVE CLUBS FOUR,0.6166,0.0432,0.3402
DIAMONDS QUEEN HEARTS KING,0.4,0.0068,0.5932
SPADES KING HEARTS ACE,0.3992,0.0042,0.5966
SPADES KING DIAMONDS FIVE,0.465,0.0082,0.5268
SPADES NINE DIAMONDS ACE,0.3388,0.021,0.6402
CLUBS FOUR DIAMONDS TEN,0.4858,0.0222,0.492
CLUBS SIX SPADES EIGHT,0.666,0.102,0.232
CLUBS SIX HEARTS THREE,0.647,0.0394,0.3136
DIAMONDS SEVEN CLUBS KING,0.4384,0.0056,0.556
SPADES JACK SPADES FIVE,0.4438,0.016,0.5402
CLUBS JACK SPADES SIX,0.4572,0.0172,0.5256
SPADES SIX DIAMONDS SEVEN,0.6564,0.0384,0.3052
SPADES QUEEN CLUBS SIX,0.4718,0.01,0.5182
DIAMONDS THREE DIAMONDS TEN,0.458,0.0224,0.5196
SPADES JACK SPADES EIGHT,0.2966,0.0534,0.65
SPADES FOUR HEARTS SEVEN,0.659,0.0324,0.3086
HEARTS FIVE HEARTS FOUR,0.5998,0.0352,0.365
SPADES KING CLUBS QUEEN,0.387,0.0068,0.6062
SPADES FOUR CLUBS QUEEN,0.465,0.0102,0.5248
CLUBS JACK HEARTS NINE,0.2826,0.0614,0.656
CLUBS SEVEN HEARTS EIGHT,0.6708,0.099,0.2302
DIAMONDS KING SPADES SEVEN,0.452,0.0064,0.5416
DIAMONDS ACE SPADES THREE,0.473,0.0056,0.5214
SPADES QUEEN HEARTS SEVEN,0.4666,0.0108,0.5226
SPADES SIX CLUBS ACE,0.4538,0.0034,0.5428
DIAMONDS KING SPADES SIX,0.4708,0.0078,0.5214
DIAMONDS THREE DIAMONDS FOUR,0.6172,0.0366,0.3462
DIAMONDS QUEEN HEARTS TEN,0.3966,0.0112,0.5922
SPADES SIX DIAMONDS TEN,0.4618,0.0202,0.518
SPADES FOUR SPADES THREE,0.6194,0.0352,0.3454
DIAMONDS ACE SPADES FOUR,0.4762,0.0052,0.5186
SPADES THREE SPADES TWO,0.6124,0.033,0.3546
HEARTS TWO SPADES EIGHT,0.6996,0.0944,0.206
SPADES TEN DIAMONDS SEVEN,0.4516,0.0214,0.527
DIAMONDS TWO DIAMONDS SIX,0.6348,0.0398,0.3254
CLUBS FIVE DIAMONDS EIGHT,0.6702,0.097,0.2328
HEARTS FIVE HEARTS TEN,0.45,0.0262,0.5238
HEARTS SIX SPADES FOUR,0.64,0.0412,0.3188
CLUBS JACK HEARTS THREE,0.4698,0.02,0.5102
CLUBS SIX DIAMONDS FIVE,0.6298,0.0356,0.3346
DIAMONDS JACK HEARTS TEN,0.3758,0.0136,0.6106
HEARTS ACE HEARTS NINE,0.3136,0.0178,0.6686
SPADES JACK SPADES TWO,0.4538,0.0134,0.5328
HEARTS THREE SPADES EIGHT,0.6868,0.1004,0.2128
HEARTS SIX HEARTS QUEEN,0.4462,0.0104,0.5434
HEARTS TWO HEARTS QUEEN,0.4482,0.0122,0.5396
DIAMONDS THREE CLUBS THREE,0.461,0.0644,0.4746
DIAMONDS JACK SPADES TWO,0.4822,0.0144,0.5034
HEARTS SIX SPADES KING,0.4588,0.0068,0.5344
DIAMONDS TWO CLUBS FIVE,0.646,0.0352,0.3188
HEARTS TWO SPADES TWO,0.4794,0.0624,0.4582
DIAMONDS THREE HEARTS ACE,0.4712,0.0048,0.524
SPADES THREE HEARTS NINE,0.5816,0.2072,0.2112
CLUBS ACE DIAMONDS SIX,0.4502,0.0048,0.545
SPADES ACE DIAMONDS SEVEN,0.4614,0.0042,0.5344
HEARTS FIVE HEARTS NINE,0.5484,0.1992,0.2524
HEARTS SIX HEARTS EIGHT,0.6318,0.0942,0.274
SPADES TEN HEARTS ACE,0.412,0.0042,0.5838
CLUBS JACK DIAMONDS SEVEN,0.4398,0.0162,0.544
HEARTS SIX CLUBS FIVE,0.638,0.0338,0.3282
CLUBS FIVE HEARTS SEVEN,0.642,0.038,0.32
DIAMONDS JACK HEARTS KING,0.411,0.0068,0.5822
DIAMONDS EIGHT HEARTS NINE,0.0722,0.9054,0.0224
SPADES SIX HEARTS EIGHT,0.6658,0.0952,0.239
HEARTS QUEEN HEARTS EIGHT,0.3094,0.0362,0.6544
HEARTS NINE HEARTS EIGHT,0.0682,0.8616,0.0702
DIAMONDS THREE SPADES FOUR,0.6526,0.0328,0.3146
HEARTS SIX DIAMONDS SEVEN,0.6402,0.0378,0.322
SPADES QUEEN HEARTS KING,0.3954,0.0054,0.5992
HEARTS TEN CLUBS KING,0.388,0.0072,0.6048
SPADES SIX DIAMONDS NINE,0.5718,0.2128,0.2154
CLUBS SEVEN HEARTS TWO,0.6846,0.0396,0.2758
HEARTS FOUR HEARTS SEVEN,0.6308,0.0342,0.335
DIAMONDS TWO HEARTS TWO,0.4736,0.063,0.4634
DIAMONDS EIGHT HEARTS TEN,0.2902,0.0724,0.6374
DIAMONDS KING HEARTS NINE,0.3208,0.0296,0.6496
CLUBS TEN CLUBS FOUR,0.4436,0.0222,0.5342
SPADES TWO CLUBS QUEEN,0.4864,0.0128,0.5008
CLUBS FOUR CLUBS THREE,0.6386,0.0418,0.3196
SPADES SEVEN HEARTS KING,0.4616,0.0064,0.532
HEARTS SIX CLUBS FOUR,0.6412,0.0346,0.3242
SPADES KING SPADES THREE,0.4492,0.0092,0.5416
CLUBS SIX CLUBS KING,0.4106,0.0086,0.5808
CLUBS SEVEN CLUBS FOUR,0.6536,0.0362,0.3102
HEARTS FOUR SPADES THREE,0.6482,0.0398,0.312
CLUBS JACK HEARTS TEN,0.3678,0.0128,0.6194
SPADES EIGHT DIAMONDS TEN,0.2902,0.0704,0.6394
SPADES SIX SPADES THREE,0.6208,0.031,0.3482
HEARTS NINE DIAMONDS FOUR,0.5892,0.2066,0.2042
CLUBS SIX SPADES TEN,0.4586,0.0236,0.5178
SPADES THREE DIAMONDS EIGHT,0.695,0.1006,0.2044
CLUBS FIVE CLUBS QUEEN,0.4262,0.01,0.5638
DIAMONDS ACE DIAMONDS FOUR,0.45,0.0048,0.5452
SPADES QUEEN DIAMONDS SIX,0.466,0.008,0.526
SPADES QUEEN HEARTS TEN,0.4002,0.0068,0.593
SPADES FIVE SPADES FOUR,0.5954,0.0326,0.372
SPADES QUEEN CLUBS FIVE,0.4682,0.0122,0.5196
SPADES ACE HEARTS TEN,0.4148,0.0026,0.5826
DIAMONDS TWO DIAMONDS NINE,0.5542,0.2002,0.2456
HEARTS KING DIAMONDS EIGHT,0.332,0.026,0.642
HEARTS THREE DIAMONDS FIVE,0.6388,0.0362,0.325
HEARTS SIX DIAMONDS SIX,0.4642,0.0582,0.4776
CLUBS TEN CLUBS ACE,0.3398,0.0046,0.6556
SPADES FIVE CLUBS ACE,0.4392,0.0046,0.5562
DIAMONDS JACK DIAMONDS SEVEN,0.4292,0.0146,0.5562
DIAMONDS THREE CLUBS FOUR,0.6482,0.0374,0.3144
CLUBS FIVE DIAMONDS FIVE,0.4484,0.0588,0.4928
CLUBS THREE HEARTS ACE,0.4656,0.0042,0.5302
HEARTS THREE HEARTS SEVEN,0.6372,0.0324,0.3304
HEARTS QUEEN SPADES TWO,0.4764,0.0108,0.5128
CLUBS SEVEN DIAMONDS FIVE,0.6384,0.0416,0.32
HEARTS SIX CLUBS KING,0.4434,0.0084,0.5482
HEARTS ACE SPADES TWO,0.4696,0.0048,0.5256
CLUBS KING CLUBS QUEEN,0.3572,0.0072,0.6356
HEARTS KING SPADES FOUR,0.4716,0.0078,0.5206
DIAMONDS THREE CLUBS QUEEN,0.4648,0.0146,0.5206
SPADES EIGHT SPADES SIX,0.6258,0.0958,0.2784
CLUBS TEN DIAMONDS SEVEN,0.4418,0.0218,0.5364
HEARTS QUEEN SPADES THREE,0.4774,0.0108,0.5118
HEARTS KING DIAMONDS FOUR,0.4716,0.0064,0.522
SPADES QUEEN DIAMONDS EIGHT,0.3264,0.0346,0.639
HEARTS JACK DIAMONDS SEVEN,0.4606,0.0158,0.5236
CLUBS THREE DIAMONDS TEN,0.4798,0.0252,0.495
HEARTS THREE DIAMONDS SIX,0.6672,0.0434,0.2894
SPADES THREE DIAMONDS FIVE,0.6408,0.0408,0.3184
SPADES SIX HEARTS ACE,0.4666,0.0034,0.53
HEARTS TWO SPADES SEVEN,0.69,0.0318,0.2782
HEARTS FIVE SPADES FIVE,0.454,0.0614,0.4846
SPADES EIGHT HEARTS SEVEN,0.6622,0.1078,0.23
SPADES TEN DIAMONDS ACE,0.408,0.0044,0.5876
HEARTS THREE HEARTS KING,0.4442,0.0046,0.5512
SPADES TEN HEARTS QUEEN,0.3796,0.01,0.6104
HEARTS THREE HEARTS NINE,0.5356,0.2026,0.2618
SPADES EIGHT SPADES FOUR,0.6586,0.0934,0.248
DIAMONDS FIVE DIAMONDS FOUR,0.6028,0.0324,0.3648
SPADES ACE CLUBS FIVE,0.4552,0.0046,0.5402
HEARTS SIX CLUBS ACE,0.4438,0.0056,0.5506
CLUBS THREE HEARTS TEN,0.4678,0.0258,0.5064
HEARTS SIX HEARTS JACK,0.4274,0.0156,0.557
DIAMONDS THREE HEARTS EIGHT,0.693,0.0984,0.2086
DIAMONDS NINE CLUBS QUEEN,0.291,0.043,0.666
CLUBS THREE SPADES THREE,0.4676,0.0616,0.4708
SPADES ACE SPADES JACK,0.3802,0.0046,0.6152
SPADES KING SPADES TWO,0.4466,0.0086,0.5448
CLUBS TEN HEARTS EIGHT,0.2766,0.069,0.6544
CLUBS SEVEN SPADES THREE,0.6594,0.0404,0.3002
SPADES KING SPADES SEVEN,0.4274,0.0082,0.5644
CLUBS FOUR CLUBS KING,0.4232,0.009,0.5678
HEARTS ACE SPADES THREE,0.4658,0.0028,0.5314
DIAMONDS TWO DIAMONDS FIVE,0.618,0.0362,0.3458
DIAMONDS TWO SPADES THREE,0.65,0.0354,0.3146
CLUBS SIX CLUBS TWO,0.6648,0.0422,0.293
CLUBS FIVE CLUBS FOUR,0.6222,0.0388,0.339
CLUBS FIVE HEARTS TWO,0.6528,0.0372,0.31
DIAMONDS TWO CLUBS TWO,0.4736,0.0656,0.4608
DIAMONDS KING DIAMONDS QUEEN,0.385,0.0056,0.6094
HEARTS FIVE CLUBS SIX,0.628,0.0366,0.3354
SPADES TEN SPADES NINE,0.2742,0.0686,0.6572
DIAMONDS SEVEN DIAMONDS FOUR,0.627,0.0334,0.3396
DIAMONDS ACE HEARTS TEN,0.4166,0.005,0.5784
HEARTS EIGHT HEARTS SEVEN,0.6232,0.0966,0.2802
HEARTS JACK CLUBS KING,0.3866,0.0068,0.6066
HEARTS FOUR DIAMONDS KING,0.478,0.006,0.516
SPADES ACE HEARTS SEVEN,0.4566,0.0032,0.5402
HEARTS FIVE CLUBS FIVE,0.4652,0.058,0.4768
CLUBS THREE HEARTS KING,0.4768,0.0094,0.5138
HEARTS THREE CLUBS ACE,0.4716,0.0056,0.5228
DIAMONDS KING HEARTS JACK,0.4014,0.0058,0.5928
DIAMONDS ACE DIAMONDS KING,0.3752,0.0022,0.6226
SPADES ACE DIAMONDS TWO,0.4648,0.0036,0.5316
CLUBS TEN CLUBS SIX,0.4076,0.0242,0.5682
SPADES JACK HEARTS EIGHT,0.3094,0.0536,0.637
SPADES ACE HEARTS FOUR,0.477,0.0052,0.5178
SPADES FOUR CLUBS KING,0.47,0.0074,0.5226
SPADES TEN SPADES THREE,0.4494,0.0214,0.5292
DIAMONDS THREE SPADES THREE,0.4806,0.0634,0.456
CLUBS JACK CLUBS TEN,0.3126,0.0194,0.668
CLUBS SIX HEARTS ACE,0.461,0.006,0.533
SPADES SEVEN SPADES FIVE,0.6138,0.0386,0.3476
DIAMONDS JACK DIAMONDS NINE,0.2864,0.0608,0.6528
CLUBS THREE HEARTS QUEEN,0.4758,0.013,0.5112
SPADES QUEEN SPADES TWO,0.4464,0.0094,0.5442
SPADES SIX HEARTS QUEEN,0.4738,0.0076,0.5186
CLUBS SIX DIAMONDS NINE,0.5672,0.2176,0.2152
CLUBS JACK DIAMONDS ACE,0.3994,0.0046,0.596
DIAMONDS ACE HEARTS EIGHT,0.3326,0.0224,0.645
CLUBS JACK SPADES JACK,0.212,0.0286,0.7594
SPADES TWO HEARTS NINE,0.5832,0.2106,0.2062
CLUBS SEVEN DIAMONDS SEVEN,0.441,0.0576,0.5014
CLUBS KING HEARTS SEVEN,0.4488,0.0054,0.5458
HEARTS JACK HEARTS NINE,0.2852,0.0554,0.6594
CLUBS FOUR SPADES SIX,0.6464,0.0364,0.3172
HEARTS FIVE SPADES NINE,0.5674,0.2198,0.2128
HEARTS JACK DIAMONDS EIGHT,0.3048,0.0526,0.6426
CLUBS QUEEN DIAMONDS FOUR,0.4712,0.0108,0.518
CLUBS SEVEN HEARTS TEN,0.4514,0.0248,0.5238
HEARTS SIX SPADES TEN,0.4754,0.0218,0.5028
CLUBS FIVE SPADES EIGHT,0.6576,0.1056,0.2368
SPADES FIVE DIAMONDS SIX,0.6374,0.0382,0.3244
CLUBS TWO HEARTS JACK,0.478,0.0132,0.5088
HEARTS JACK DIAMONDS SIX,0.4574,0.0164,0.5262
HEARTS SIX HEARTS SEVEN,0.609,0.0336,0.3574
HEARTS THREE CLUBS FIVE,0.6296,0.035,0.3354
CLUBS JACK SPADES FIVE,0.4622,0.0124,0.5254
HEARTS FIVE DIAMONDS JACK,0.4644,0.0154,0.5202
DIAMONDS THREE SPADES QUEEN,0.4734,0.0118,0.5148
CLUBS FIVE CLUBS TWO,0.643,0.0386,0.3184
SPADES KING HEARTS EIGHT,0.3224,0.0276,0.65
DIAMONDS JACK DIAMONDS SIX,0.4274,0.0182,0.5544
SPADES FOUR HEARTS JACK,0.4708,0.018,0.5112
CLUBS FIVE SPADES FOUR,0.6266,0.0412,0.3322
SPADES ACE SPADES SEVEN,0.434,0.0024,0.5636
SPADES ACE SPADES FOUR,0.4478,0.0042,0.548
HEARTS ACE DIAMONDS NINE,0.324,0.0192,0.6568
SPADES TEN SPADES FIVE,0.4436,0.0258,0.5306
HEARTS FIVE DIAMONDS ACE,0.467,0.0042,0.5288
CLUBS FOUR SPADES SEVEN,0.6606,0.0378,0.3016
SPADES SEVEN DIAMONDS TEN,0.4546,0.0234,0.522
CLUBS SEVEN SPADES FIVE,0.64,0.0356,0.3244
DIAMONDS TEN CLUBS QUEEN,0.3696,0.014,0.6164
DIAMONDS TWO SPADES QUEEN,0.4784,0.0114,0.5102
SPADES TEN SPADES SEVEN,0.4258,0.024,0.5502
DIAMONDS TWO DIAMONDS ACE,0.455,0.005,0.54
CLUBS FIVE CLUBS ACE,0.4234,0.0052,0.5714
SPADES KING DIAMONDS QUEEN,0.4026,0.0068,0.5906
HEARTS ACE HEARTS TEN,0.3894,0.005,0.6056
SPADES TEN SPADES EIGHT,0.2962,0.0694,0.6344
SPADES TEN CLUBS THREE,0.4846,0.0258,0.4896
SPADES TEN SPADES FOUR,0.4466,0.027,0.5264
SPADES TEN DIAMONDS QUEEN,0.3976,0.0094,0.593
SPADES KING HEARTS QUEEN,0.404,0.0072,0.5888
DIAMONDS TEN HEARTS QUEEN,0.388,0.0088,0.6032
SPADES QUEEN HEARTS EIGHT,0.3264,0.044,0.6296
SPADES ACE SPADES NINE,0.2946,0.0236,0.6818
SPADES QUEEN HEARTS TWO,0.487,0.0102,0.5028
DIAMONDS QUEEN HEARTS JACK,0.4,0.0096,0.5904
SPADES QUEEN SPADES FOUR,0.4472,0.0104,0.5424
HEARTS ACE HEARTS SEVEN,0.4416,0.0058,0.5526
SPADES NINE HEARTS QUEEN,0.322,0.0408,0.6372
DIAMONDS KING HEARTS KING,0.2256,0.0136,0.7608
DIAMONDS TWO HEARTS JACK,0.4804,0.0158,0.5038
DIAMONDS NINE SPADES THREE,0.5608,0.2156,0.2236
CLUBS SIX DIAMONDS SIX,0.4548,0.056,0.4892
HEARTS THREE DIAMONDS EIGHT,0.687,0.0988,0.2142
CLUBS FIVE HEARTS EIGHT,0.6608,0.0976,0.2416
HEARTS THREE HEARTS EIGHT,0.6558,0.0912,0.253
DIAMONDS QUEEN SPADES SIX,0.4634,0.0096,0.527
SPADES JACK DIAMONDS TEN,0.376,0.013,0.611
CLUBS JACK CLUBS FIVE,0.4182,0.0164,0.5654
HEARTS SIX DIAMONDS EIGHT,0.6684,0.0982,0.2334
HEARTS FIVE CLUBS THREE,0.63,0.0358,0.3342
DIAMONDS ACE DIAMONDS EIGHT,0.308,0.0188,0.6732
SPADES FOUR HEARTS QUEEN,0.4906,0.0104,0.499
DIAMONDS TEN HEARTS SEVEN,0.451,0.0222,0.5268
SPADES ACE HEARTS SIX,0.4696,0.0048,0.5256
DIAMONDS ACE SPADES SEVEN,0.445,0.0052,0.5498
CLUBS THREE HEARTS EIGHT,0.6874,0.099,0.2136
HEARTS QUEEN HEARTS TEN,0.3574,0.0104,0.6322
DIAMONDS SIX CLUBS QUEEN,0.456,0.012,0.532
HEARTS FIVE DIAMONDS EIGHT,0.6808,0.0942,0.225
HEARTS TWO HEARTS NINE,0.543,0.1962,0.2608
SPADES ACE DIAMONDS FOUR,0.476,0.0036,0.5204
DIAMONDS KING HEARTS QUEEN,0.3952,0.0064,0.5984
DIAMONDS TEN DIAMONDS SEVEN,0.4244,0.0254,0.5502
HEARTS THREE CLUBS TWO,0.6486,0.0414,0.31
SPADES FIVE DIAMONDS TEN,0.4668,0.0268,0.5064
CLUBS THREE CLUBS QUEEN,0.433,0.0114,0.5556
CLUBS TEN HEARTS FIVE,0.4604,0.0242,0.5154
SPADES THREE DIAMONDS SEVEN,0.665,0.0332,0.3018
DIAMONDS THREE SPADES KING,0.4836,0.0058,0.5106
DIAMONDS THREE SPADES NINE,0.5746,0.2254,0.2
CLUBS TWO HEARTS EIGHT,0.6816,0.1062,0.2122
SPADES JACK CLUBS FIVE,0.464,0.0164,0.5196
CLUBS SEVEN DIAMONDS TEN,0.4352,0.0246,0.5402
HEARTS FOUR CLUBS FOUR,0.463,0.0682,0.4688
SPADES NINE DIAMONDS JACK,0.3094,0.0562,0.6344
DIAMONDS ACE CLUBS ACE,0.2168,0.0016,0.7816
SPADES JACK DIAMONDS FOUR,0.48,0.014,0.506
DIAMONDS ACE SPADES SIX,0.463,0.0044,0.5326
SPADES TEN CLUBS QUEEN,0.39,0.0104,0.5996
DIAMONDS QUEEN CLUBS KING,0.3846,0.0062,0.6092
HEARTS SIX DIAMONDS FIVE,0.636,0.0352,0.3288
SPADES ACE DIAMONDS FIVE,0.4738,0.0058,0.5204
HEARTS THREE DIAMONDS NINE,0.5714,0.2152,0.2134
DIAMONDS QUEEN DIAMONDS JACK,0.3686,0.0082,0.6232
CLUBS SIX DIAMONDS TEN,0.466,0.0252,0.5088
DIAMONDS JACK DIAMONDS EIGHT,0.2922,0.0462,0.6616
SPADES SEVEN CLUBS QUEEN,0.4474,0.0118,0.5408
DIAMONDS TWO CLUBS ACE,0.46,0.0054,0.5346
HEARTS FOUR HEARTS KING,0.4548,0.01,0.5352
HEARTS FOUR DIAMONDS SIX,0.6452,0.0352,0.3196
SPADES TEN HEARTS JACK,0.3618,0.0164,0.6218
DIAMONDS SEVEN DIAMONDS SIX,0.6146,0.0352,0.3502
DIAMONDS QUEEN HEARTS QUEEN,0.2312,0.0192,0.7496
CLUBS FIVE DIAMONDS SEVEN,0.6336,0.0404,0.326
HEARTS TEN DIAMONDS FOUR,0.473,0.019,0.508
DIAMONDS SIX DIAMONDS FIVE,0.6012,0.0346,0.3642
SPADES EIGHT DIAMONDS EIGHT,0.3574,0.0542,0.5884
DIAMONDS QUEEN HEARTS NINE,0.3156,0.042,0.6424
HEARTS FIVE HEARTS JACK,0.4562,0.0162,0.5276
SPADES KING HEARTS TWO,0.479,0.0088,0.5122
HEARTS FOUR DIAMONDS QUEEN,0.4878,0.012,0.5002
DIAMONDS KING DIAMONDS NINE,0.2942,0.03,0.6758
DIAMONDS THREE DIAMONDS QUEEN,0.4646,0.0106,0.5248
HEARTS FIVE SPADES EIGHT,0.6568,0.1076,0.2356
SPADES QUEEN DIAMONDS JACK,0.393,0.009,0.598
CLUBS SIX SPADES FIVE,0.6354,0.036,0.3286
CLUBS FOUR DIAMONDS KING,0.4656,0.0058,0.5286
CLUBS THREE DIAMONDS FOUR,0.6576,0.0354,0.307
CLUBS FOUR DIAMONDS NINE,0.5726,0.219,0.2084
DIAMONDS TWO CLUBS QUEEN,0.458,0.0132,0.5288
SPADES TWO CLUBS KING,0.4634,0.0102,0.5264
CLUBS SIX CLUBS FIVE,0.6276,0.0382,0.3342
HEARTS ACE HEARTS KING,0.3746,0.0042,0.6212
CLUBS TEN CLUBS THREE,0.427,0.0266,0.5464
HEARTS SIX HEARTS ACE,0.4478,0.0054,0.5468
DIAMONDS KING DIAMONDS SIX,0.439,0.0078,0.5532
SPADES EIGHT SPADES SEVEN,0.625,0.0982,0.2768
DIAMONDS SEVEN HEARTS SEVEN,0.4484,0.0598,0.4918
CLUBS TWO DIAMONDS SEVEN,0.682,0.0354,0.2826
SPADES KING CLUBS TWO,0.4778,0.0074,0.5148
HEARTS THREE HEARTS ACE,0.4414,0.004,0.5546
SPADES KING SPADES QUEEN,0.3796,0.0068,0.6136
DIAMONDS QUEEN SPADES FOUR,0.4776,0.01,0.5124
HEARTS THREE DIAMONDS FOUR,0.6598,0.036,0.3042
CLUBS SEVEN DIAMONDS NINE,0.5638,0.2108,0.2254
SPADES FIVE DIAMONDS FOUR,0.6348,0.0406,0.3246
CLUBS ACE CLUBS QUEEN,0.345,0.0072,0.6478
HEARTS TEN HEARTS SEVEN,0.4302,0.022,0.5478
DIAMONDS ACE SPADES TWO,0.4706,0.004,0.5254
DIAMONDS QUEEN DIAMONDS FIVE,0.4548,0.0098,0.5354
HEARTS JACK CLUBS QUEEN,0.3848,0.0088,0.6064
HEARTS SIX SPADES NINE,0.5836,0.2116,0.2048
HEARTS QUEEN DIAMONDS EIGHT,0.3154,0.04,0.6446
CLUBS TEN SPADES JACK,0.3658,0.0148,0.6194
SPADES QUEEN DIAMONDS ACE,0.4124,0.0026,0.585
HEARTS TWO DIAMONDS KING,0.4742,0.0064,0.5194
SPADES FOUR HEARTS TEN,0.4676,0.0242,0.5082
CLUBS TEN HEARTS JACK,0.3534,0.012,0.6346
SPADES KING HEARTS FIVE,0.4592,0.0086,0.5322
CLUBS SEVEN HEARTS SEVEN,0.4342,0.056,0.5098
DIAMONDS QUEEN HEARTS EIGHT,0.3208,0.0374,0.6418
SPADES TEN SPADES TWO,0.4552,0.0244,0.5204
DIAMONDS SEVEN HEARTS EIGHT,0.6778,0.09,0.2322
DIAMONDS THREE CLUBS ACE,0.458,0.005,0.537
DIAMONDS ACE DIAMONDS FIVE,0.4348,0.0052,0.56
CLUBS FOUR CLUBS TWO,0.6396,0.039,0.3214
CLUBS THREE DIAMONDS NINE,0.5666,0.2108,0.2226
DIAMONDS JACK DIAMONDS FOUR,0.4656,0.0128,0.5216
HEARTS SIX CLUBS TEN,0.4592,0.0228,0.518
HEARTS SEVEN DIAMONDS FOUR,0.6714,0.0354,0.2932
SPADES ACE SPADES KING,0.3858,0.0054,0.6088
CLUBS FOUR HEARTS TEN,0.4778,0.0252,0.497
SPADES QUEEN DIAMONDS KING,0.3934,0.007,0.5996
SPADES QUEEN HEARTS FOUR,0.493,0.0102,0.4968
SPADES QUEEN DIAMONDS QUEEN,0.2338,0.0208,0.7454
DIAMONDS KING HEARTS TEN,0.4094,0.0082,0.5824
DIAMONDS TEN DIAMONDS FIVE,0.4474,0.0212,0.5314
SPADES SIX DIAMONDS SIX,0.4478,0.0584,0.4938
HEARTS THREE HEARTS TWO,0.613,0.0386,0.3484
CLUBS SEVEN SPADES EIGHT,0.6674,0.0968,0.2358
SPADES SEVEN DIAMONDS EIGHT,0.6582,0.1024,0.2394
CLUBS SIX DIAMONDS SEVEN,0.6432,0.038,0.3188
DIAMONDS KING SPADES FOUR,0.4804,0.008,0.5116
SPADES THREE HEARTS TEN,0.471,0.0266,0.5024
SPADES FIVE HEARTS KING,0.462,0.009,0.529
DIAMONDS TEN DIAMONDS EIGHT,0.292,0.0626,0.6454
SPADES SEVEN DIAMONDS QUEEN,0.4656,0.0118,0.5226
DIAMONDS EIGHT CLUBS KING,0.324,0.0276,0.6484
HEARTS FOUR SPADES TEN,0.4854,0.0256,0.489
CLUBS KING DIAMONDS FOUR,0.463,0.0078,0.5292
SPADES KING HEARTS SEVEN,0.4614,0.0066,0.532
HEARTS FOUR HEARTS EIGHT,0.651,0.0946,0.2544
