opposingHand,winningChance,drawChance,lostChance
CLUBS THREE DIAMONDS EIGHT
HEARTS FIVE SPADES TEN,0.3616,0.0242,0.6142
HEARTS FIVE SPADES JACK,0.3604,0.0186,0.621
CLUBS JACK SPADES FIVE,0.3492,0.0178,0.633
CLUBS TEN SPADES FIVE,0.3544,0.0266,0.619
CLUBS JACK CLUBS EIGHT,0.2142,0.0614,0.7244
CLUBS TEN CLUBS EIGHT,0.2156,0.0814,0.703
CLUBS EIGHT CLUBS KING,0.2252,0.0412,0.7336
SPADES FIVE CLUBS ACE,0.3414,0.0042,0.6544
CLUBS EIGHT CLUBS QUEEN,0.2104,0.0528,0.7368
SPADES FIVE CLUBS KING,0.3502,0.01,0.6398
SPADES FIVE CLUBS QUEEN,0.3456,0.0134,0.641
CLUBS EIGHT CLUBS ACE,0.2152,0.0308,0.754
DIAMONDS TWO DIAMONDS THREE,0.5622,0.1508,0.287
DIAMONDS TWO DIAMONDS FIVE,0.5296,0.0706,0.3998
HEARTS FIVE SPADES KING,0.3542,0.0084,0.6374
DIAMONDS TWO DIAMONDS FOUR,0.5274,0.0686,0.404
HEARTS FIVE SPADES QUEEN,0.357,0.0112,0.6318
DIAMONDS TWO DIAMONDS SEVEN,0.5616,0.0626,0.3758
DIAMONDS TWO DIAMONDS SIX,0.547,0.0682,0.3848
SPADES ACE HEARTS FIVE,0.3362,0.0046,0.6592
DIAMONDS TWO DIAMONDS NINE,0.3652,0.044,0.5908
DIAMONDS THREE DIAMONDS FOUR,0.552,0.1478,0.3002
CLUBS TWO SPADES FOUR,0.5672,0.066,0.3668
DIAMONDS THREE DIAMONDS FIVE,0.543,0.1418,0.3152
SPADES FIVE CLUBS TWO,0.5702,0.0694,0.3604
CLUBS TWO SPADES TWO,0.3638,0.1118,0.5244
CLUBS TWO SPADES THREE,0.6168,0.1376,0.2456
SPADES EIGHT CLUBS TWO,0.2604,0.5278,0.2118
DIAMONDS THREE DIAMONDS NINE,0.223,0.0954,0.6816
SPADES NINE CLUBS TWO,0.391,0.0476,0.5614
DIAMONDS THREE DIAMONDS SIX,0.5744,0.1298,0.2958
SPADES SIX CLUBS TWO,0.5748,0.0694,0.3558
DIAMONDS THREE DIAMONDS SEVEN,0.5756,0.1412,0.2832
SPADES SEVEN CLUBS TWO,0.5828,0.0674,0.3498
CLUBS SIX CLUBS TWO,0.551,0.0638,0.3852
CLUBS SEVEN CLUBS TWO,0.5554,0.0666,0.378
CLUBS FOUR CLUBS TWO,0.5238,0.0708,0.4054
CLUBS FIVE CLUBS TWO,0.53,0.0688,0.4012
CLUBS TEN CLUBS JACK,0.2938,0.0146,0.6916
DIAMONDS FOUR DIAMONDS SIX,0.492,0.0636,0.4444
CLUBS TEN CLUBS QUEEN,0.2986,0.0108,0.6906
DIAMONDS FOUR DIAMONDS SEVEN,0.503,0.0604,0.4366
CLUBS TEN CLUBS KING,0.3026,0.0072,0.6902
CLUBS TEN CLUBS ACE,0.314,0.0068,0.6792
CLUBS EIGHT CLUBS TWO,0.2374,0.5082,0.2544
DIAMONDS FIVE DIAMONDS FOUR,0.4938,0.0682,0.438
CLUBS NINE CLUBS TWO,0.3604,0.0428,0.5968
DIAMONDS NINE DIAMONDS FOUR,0.3288,0.0452,0.626
DIAMONDS NINE DIAMONDS FIVE,0.3092,0.0432,0.6476
CLUBS JACK DIAMONDS TWO,0.3846,0.0196,0.5958
CLUBS TEN DIAMONDS TWO,0.3806,0.033,0.5864
DIAMONDS FIVE DIAMONDS SEVEN,0.4976,0.063,0.4394
DIAMONDS FIVE DIAMONDS SIX,0.4802,0.0658,0.454
DIAMONDS TWO CLUBS ACE,0.3776,0.0064,0.616
DIAMONDS TWO CLUBS KING,0.378,0.0108,0.6112
DIAMONDS TWO CLUBS QUEEN,0.3844,0.0142,0.6014
DIAMONDS NINE DIAMONDS SIX,0.305,0.0414,0.6536
HEARTS ACE SPADES THREE,0.242,0.0146,0.7434
SPADES THREE HEARTS KING,0.2446,0.029,0.7264
DIAMONDS SEVEN DIAMONDS SIX,0.48,0.0556,0.4644
HEARTS QUEEN SPADES THREE,0.2424,0.0412,0.7164
SPADES THREE HEARTS JACK,0.2466,0.0514,0.702
SPADES THREE HEARTS TEN,0.2432,0.0812,0.6756
DIAMONDS NINE DIAMONDS SEVEN,0.298,0.0418,0.6602
DIAMONDS KING HEARTS TEN,0.3214,0.0088,0.6698
HEARTS THREE HEARTS TEN,0.2206,0.072,0.7074
SPADES JACK CLUBS SIX,0.3524,0.0196,0.628
DIAMONDS KING HEARTS JACK,0.3194,0.0064,0.6742
HEARTS THREE HEARTS JACK,0.2284,0.0508,0.7208
SPADES TEN CLUBS SIX,0.3362,0.0268,0.637
SPADES JACK SPADES FIVE,0.3384,0.0198,0.6418
SPADES TEN SPADES FIVE,0.3324,0.0282,0.6394
DIAMONDS KING HEARTS ACE,0.312,0.004,0.684
HEARTS THREE HEARTS ACE,0.2226,0.0108,0.7666
SPADES ACE CLUBS SIX,0.3484,0.006,0.6456
DIAMONDS KING HEARTS QUEEN,0.3276,0.0074,0.665
HEARTS THREE HEARTS QUEEN,0.2366,0.0396,0.7238
SPADES KING CLUBS SIX,0.347,0.0088,0.6442
DIAMONDS KING HEARTS KING,0.1208,0.0148,0.8644
HEARTS THREE HEARTS KING,0.2216,0.0258,0.7526
SPADES QUEEN CLUBS SIX,0.3508,0.0146,0.6346
SPADES NINE HEARTS TEN,0.3006,0.0246,0.6748
SPADES NINE HEARTS JACK,0.3094,0.0146,0.676
SPADES QUEEN SPADES FIVE,0.3298,0.0122,0.658
SPADES KING SPADES FIVE,0.328,0.0078,0.6642
SPADES ACE SPADES FIVE,0.3128,0.0034,0.6838
SPADES NINE HEARTS QUEEN,0.3232,0.0128,0.664
SPADES NINE HEARTS KING,0.3202,0.0066,0.6732
SPADES NINE HEARTS ACE,0.3192,0.0034,0.6774
CLUBS TEN SPADES JACK,0.2978,0.0122,0.69
CLUBS TEN SPADES TEN,0.1364,0.0484,0.8152
SPADES ACE CLUBS TEN,0.3148,0.0036,0.6816
CLUBS TEN SPADES KING,0.3104,0.0084,0.6812
CLUBS TEN SPADES QUEEN,0.3072,0.0088,0.684
SPADES FIVE HEARTS QUEEN,0.3576,0.0166,0.6258
SPADES FIVE HEARTS KING,0.3374,0.0082,0.6544
HEARTS ACE SPADES FIVE,0.3372,0.0038,0.659
CLUBS EIGHT SPADES TEN,0.2214,0.0812,0.6974
SPADES JACK HEARTS THREE,0.2358,0.0564,0.7078
SPADES JACK DIAMONDS KING,0.317,0.0074,0.6756
SPADES TEN DIAMONDS KING,0.3218,0.0084,0.6698
SPADES TEN HEARTS THREE,0.2436,0.0786,0.6778
CLUBS EIGHT SPADES JACK,0.2278,0.0612,0.711
CLUBS SIX HEARTS ACE,0.3416,0.0042,0.6542
SPADES ACE CLUBS EIGHT,0.2322,0.0266,0.7412
HEARTS FIVE CLUBS JACK,0.3462,0.0214,0.6324
CLUBS TEN HEARTS FIVE,0.3578,0.0226,0.6196
CLUBS SIX HEARTS QUEEN,0.3642,0.0144,0.6214
SPADES QUEEN CLUBS EIGHT,0.2282,0.0516,0.7202
CLUBS TEN SPADES THREE,0.2336,0.0714,0.695
CLUBS SIX HEARTS KING,0.3536,0.0062,0.6402
SPADES KING CLUBS EIGHT,0.222,0.038,0.74
CLUBS JACK SPADES THREE,0.2326,0.0588,0.7086
DIAMONDS TWO HEARTS JACK,0.398,0.0192,0.5828
SPADES THREE CLUBS QUEEN,0.2306,0.0398,0.7296
DIAMONDS TWO HEARTS TEN,0.3806,0.0308,0.5886
SPADES THREE CLUBS KING,0.2382,0.0268,0.735
HEARTS FIVE CLUBS ACE,0.3498,0.0032,0.647
SPADES FIVE HEARTS TEN,0.3578,0.0254,0.6168
SPADES THREE CLUBS ACE,0.2362,0.0162,0.7476
HEARTS FIVE CLUBS KING,0.3542,0.0076,0.6382
SPADES FIVE HEARTS JACK,0.3596,0.0182,0.6222
HEARTS FIVE CLUBS QUEEN,0.3496,0.0128,0.6376
HEARTS THREE CLUBS KING,0.2388,0.029,0.7322
DIAMONDS KING CLUBS KING,0.1102,0.0184,0.8714
HEARTS THREE CLUBS QUEEN,0.2266,0.0378,0.7356
DIAMONDS KING CLUBS QUEEN,0.309,0.0078,0.6832
HEARTS FIVE HEARTS JACK,0.3236,0.0192,0.6572
HEARTS FIVE HEARTS TEN,0.3294,0.0282,0.6424
HEARTS THREE CLUBS ACE,0.239,0.0134,0.7476
DIAMONDS KING CLUBS ACE,0.323,0.004,0.673
SPADES ACE CLUBS QUEEN,0.3202,0.0044,0.6754
SPADES KING CLUBS QUEEN,0.3208,0.0064,0.6728
CLUBS JACK HEARTS THREE,0.2382,0.0574,0.7044
CLUBS JACK DIAMONDS KING,0.3154,0.008,0.6766
SPADES QUEEN CLUBS QUEEN,0.1232,0.0268,0.85
CLUBS TEN HEARTS THREE,0.2422,0.0742,0.6836
CLUBS TEN DIAMONDS KING,0.3022,0.0068,0.691
SPADES JACK CLUBS QUEEN,0.309,0.0106,0.6804
CLUBS SIX CLUBS QUEEN,0.3296,0.0106,0.6598
SPADES TEN CLUBS QUEEN,0.2996,0.01,0.6904
CLUBS SIX CLUBS KING,0.3226,0.0064,0.671
CLUBS SIX CLUBS ACE,0.3222,0.0034,0.6744
HEARTS FIVE HEARTS KING,0.3256,0.0078,0.6666
HEARTS FIVE HEARTS QUEEN,0.329,0.013,0.658
CLUBS TEN CLUBS SIX,0.3224,0.0248,0.6528
HEARTS FIVE HEARTS ACE,0.3296,0.0034,0.667
CLUBS JACK CLUBS SIX,0.3316,0.0208,0.6476
SPADES SEVEN HEARTS JACK,0.3466,0.02,0.6334
SPADES SEVEN HEARTS TEN,0.334,0.028,0.638
DIAMONDS TWO CLUBS TWO,0.3562,0.1142,0.5296
DIAMONDS TWO HEARTS SIX,0.5838,0.067,0.3492
DIAMONDS TWO HEARTS QUEEN,0.3818,0.0132,0.605
HEARTS SEVEN DIAMONDS TWO,0.5802,0.0658,0.354
DIAMONDS TWO HEARTS KING,0.377,0.0092,0.6138
DIAMONDS TWO HEARTS EIGHT,0.2642,0.5292,0.2066
DIAMONDS TWO HEARTS ACE,0.3926,0.006,0.6014
DIAMONDS TWO HEARTS NINE,0.3936,0.0438,0.5626
DIAMONDS TWO DIAMONDS QUEEN,0.364,0.012,0.624
DIAMONDS TWO HEARTS TWO,0.3634,0.1074,0.5292
DIAMONDS TWO DIAMONDS KING,0.3582,0.01,0.6318
DIAMONDS TWO HEARTS THREE,0.5938,0.1474,0.2588
DIAMONDS TWO DIAMONDS ACE,0.3616,0.0078,0.6306
HEARTS FOUR DIAMONDS TWO,0.564,0.0746,0.3614
HEARTS FIVE DIAMONDS TWO,0.572,0.0718,0.3562
SPADES SEVEN HEARTS ACE,0.3466,0.0034,0.65
DIAMONDS TWO DIAMONDS TEN,0.368,0.0284,0.6036
SPADES SEVEN HEARTS KING,0.353,0.0076,0.6394
DIAMONDS TWO DIAMONDS JACK,0.3736,0.018,0.6084
SPADES SEVEN HEARTS QUEEN,0.348,0.0122,0.6398
DIAMONDS TWO SPADES NINE,0.3794,0.045,0.5756
DIAMONDS TWO SPADES EIGHT,0.2548,0.5354,0.2098
DIAMONDS TWO SPADES SEVEN,0.5778,0.0658,0.3564
DIAMONDS TWO SPADES SIX,0.577,0.0642,0.3588
DIAMONDS TWO SPADES FIVE,0.5604,0.0662,0.3734
DIAMONDS TWO SPADES FOUR,0.5608,0.0736,0.3656
DIAMONDS TWO SPADES THREE,0.6114,0.1394,0.2492
DIAMONDS TWO SPADES TWO,0.3662,0.1064,0.5274
DIAMONDS TWO CLUBS NINE,0.3822,0.0452,0.5726
CLUBS EIGHT DIAMONDS TWO,0.2412,0.5422,0.2166
DIAMONDS TWO CLUBS SEVEN,0.574,0.073,0.353
DIAMONDS TWO CLUBS SIX,0.5722,0.0634,0.3644
DIAMONDS TWO CLUBS FIVE,0.5646,0.0808,0.3546
DIAMONDS TWO CLUBS FOUR,0.557,0.071,0.372
CLUBS FOUR SPADES FIVE,0.5148,0.0672,0.418
CLUBS FOUR SPADES FOUR,0.2608,0.1064,0.6328
CLUBS FOUR SPADES THREE,0.5814,0.1404,0.2782
CLUBS FOUR SPADES TWO,0.5566,0.0656,0.3778
SPADES NINE CLUBS FOUR,0.3436,0.0434,0.613
SPADES EIGHT CLUBS FOUR,0.2036,0.51,0.2864
CLUBS FOUR SPADES SEVEN,0.53,0.0676,0.4024
CLUBS FOUR SPADES SIX,0.515,0.0654,0.4196
SPADES ACE DIAMONDS SIX,0.3548,0.0066,0.6386
SPADES QUEEN DIAMONDS SIX,0.3678,0.0136,0.6186
SPADES KING DIAMONDS SIX,0.3684,0.0074,0.6242
SPADES TEN DIAMONDS SIX,0.3488,0.0304,0.6208
SPADES JACK DIAMONDS SIX,0.36,0.02,0.62
SPADES QUEEN SPADES TWO,0.3576,0.013,0.6294
SPADES KING SPADES TWO,0.3686,0.0088,0.6226
SPADES ACE SPADES TWO,0.3532,0.0052,0.6416
CLUBS JACK DIAMONDS JACK,0.1184,0.0444,0.8372
CLUBS TEN DIAMONDS JACK,0.2968,0.0174,0.6858
DIAMONDS JACK CLUBS KING,0.3102,0.0076,0.6822
DIAMONDS JACK CLUBS QUEEN,0.3108,0.0094,0.6798
DIAMONDS THREE DIAMONDS JACK,0.2354,0.0522,0.7124
DIAMONDS THREE DIAMONDS TEN,0.2226,0.076,0.7014
DIAMONDS JACK CLUBS ACE,0.3096,0.0038,0.6866
DIAMONDS THREE DIAMONDS KING,0.2294,0.0266,0.744
DIAMONDS THREE HEARTS THREE,0.2678,0.078,0.6542
DIAMONDS THREE DIAMONDS QUEEN,0.2378,0.043,0.7192
DIAMONDS THREE HEARTS TWO,0.6012,0.1414,0.2574
HEARTS FIVE DIAMONDS THREE,0.577,0.14,0.283
DIAMONDS THREE DIAMONDS ACE,0.2312,0.0174,0.7514
HEARTS FOUR DIAMONDS THREE,0.581,0.133,0.286
HEARTS SEVEN DIAMONDS THREE,0.625,0.136,0.239
SPADES TEN SPADES NINE,0.274,0.0244,0.7016
HEARTS SIX DIAMONDS THREE,0.5968,0.1452,0.258
SPADES JACK SPADES NINE,0.2816,0.0158,0.7026
DIAMONDS THREE HEARTS NINE,0.233,0.1032,0.6638
HEARTS JACK DIAMONDS FOUR,0.3586,0.021,0.6204
HEARTS ACE HEARTS KING,0.3064,0.006,0.6876
SPADES TEN SPADES TWO,0.358,0.0258,0.6162
DIAMONDS THREE HEARTS EIGHT,0.018,0.9714,0.0106
HEARTS TEN DIAMONDS FOUR,0.3552,0.0304,0.6144
SPADES JACK SPADES TWO,0.361,0.0194,0.6196
HEARTS QUEEN DIAMONDS FOUR,0.3638,0.0136,0.6226
HEARTS KING DIAMONDS FOUR,0.3682,0.0088,0.623
SPADES ACE SPADES NINE,0.304,0.0036,0.6924
HEARTS ACE DIAMONDS FOUR,0.3502,0.0058,0.644
SPADES KING SPADES NINE,0.287,0.0072,0.7058
SPADES QUEEN SPADES NINE,0.3028,0.011,0.6862
DIAMONDS THREE SPADES NINE,0.242,0.1106,0.6474
DIAMONDS THREE SPADES EIGHT,0.0174,0.974,0.0086
DIAMONDS THREE SPADES SEVEN,0.6106,0.145,0.2444
DIAMONDS THREE SPADES SIX,0.5998,0.1406,0.2596
DIAMONDS THREE CLUBS SIX,0.6086,0.142,0.2494
CLUBS SIX CLUBS FIVE,0.4788,0.0648,0.4564
CLUBS ACE DIAMONDS FOUR,0.3322,0.0082,0.6596
DIAMONDS THREE CLUBS SEVEN,0.605,0.1558,0.2392
CLUBS SEVEN CLUBS FIVE,0.49,0.0684,0.4416
DIAMONDS THREE CLUBS FOUR,0.5808,0.1538,0.2654
DIAMONDS FOUR CLUBS QUEEN,0.3476,0.0146,0.6378
DIAMONDS THREE CLUBS FIVE,0.5688,0.1536,0.2776
DIAMONDS FOUR CLUBS KING,0.3454,0.0126,0.642
DIAMONDS THREE CLUBS TWO,0.6024,0.151,0.2466
CLUBS TEN DIAMONDS FOUR,0.3574,0.0272,0.6154
CLUBS JACK DIAMONDS FOUR,0.3548,0.0192,0.626
DIAMONDS THREE SPADES FOUR,0.581,0.1538,0.2652
DIAMONDS THREE SPADES FIVE,0.587,0.1436,0.2694
DIAMONDS THREE SPADES TWO,0.5992,0.1474,0.2534
DIAMONDS THREE SPADES THREE,0.2616,0.079,0.6594
CLUBS EIGHT DIAMONDS THREE,0.0064,0.9852,0.0084
CLUBS NINE DIAMONDS THREE,0.2244,0.1096,0.666
SPADES SEVEN CLUBS ACE,0.334,0.0046,0.6614
SPADES SEVEN CLUBS QUEEN,0.3482,0.0154,0.6364
SPADES SEVEN CLUBS KING,0.354,0.0078,0.6382
SPADES SEVEN CLUBS FIVE,0.5236,0.0734,0.403
CLUBS TEN SPADES SEVEN,0.333,0.0282,0.6388
CLUBS FIVE SPADES SIX,0.4954,0.0712,0.4334
CLUBS JACK SPADES SEVEN,0.342,0.0188,0.6392
SPADES NINE CLUBS FIVE,0.3394,0.0418,0.6188
SPADES EIGHT CLUBS FIVE,0.1914,0.4422,0.3664
CLUBS FIVE SPADES THREE,0.5892,0.144,0.2668
CLUBS FIVE SPADES TWO,0.548,0.07,0.382
CLUBS FIVE SPADES FIVE,0.2496,0.1008,0.6496
CLUBS FIVE SPADES FOUR,0.4924,0.0632,0.4444
CLUBS NINE CLUBS FIVE,0.3238,0.0442,0.632
CLUBS EIGHT CLUBS FIVE,0.212,0.4178,0.3702
CLUBS ACE CLUBS QUEEN,0.3098,0.005,0.6852
CLUBS KING CLUBS QUEEN,0.2864,0.0096,0.704
DIAMONDS TEN DIAMONDS FOUR,0.3388,0.0248,0.6364
CLUBS TEN DIAMONDS NINE,0.2964,0.0262,0.6774
DIAMONDS JACK DIAMONDS FOUR,0.3382,0.019,0.6428
CLUBS JACK DIAMONDS NINE,0.2918,0.0182,0.69
CLUBS JACK SPADES NINE,0.2936,0.0188,0.6876
CLUBS TEN SPADES NINE,0.2958,0.023,0.6812
DIAMONDS ACE DIAMONDS FOUR,0.3148,0.0074,0.6778
HEARTS FOUR DIAMONDS FOUR,0.261,0.1002,0.6388
DIAMONDS JACK HEARTS TEN,0.2908,0.0164,0.6928
SPADES NINE CLUBS KING,0.3362,0.0078,0.656
DIAMONDS TWO SPADES TEN,0.3984,0.0264,0.5752
DIAMONDS NINE CLUBS ACE,0.3112,0.0058,0.683
HEARTS FIVE DIAMONDS FOUR,0.5018,0.0684,0.4298
DIAMONDS JACK HEARTS JACK,0.1318,0.0396,0.8286
SPADES NINE CLUBS QUEEN,0.3148,0.0116,0.6736
DIAMONDS TWO SPADES JACK,0.3886,0.0208,0.5906
DIAMONDS QUEEN DIAMONDS FOUR,0.3476,0.0126,0.6398
HEARTS TWO DIAMONDS FOUR,0.545,0.076,0.379
DIAMONDS NINE CLUBS QUEEN,0.3078,0.0082,0.684
DIAMONDS KING DIAMONDS FOUR,0.3398,0.0134,0.6468
HEARTS THREE DIAMONDS FOUR,0.5864,0.1522,0.2614
SPADES NINE CLUBS ACE,0.3174,0.0058,0.6768
DIAMONDS NINE CLUBS KING,0.3156,0.0084,0.676
HEARTS ACE DIAMONDS JACK,0.3064,0.0052,0.6884
SPADES ACE DIAMONDS TWO,0.3774,0.0042,0.6184
HEARTS QUEEN DIAMONDS JACK,0.3074,0.0108,0.6818
SPADES QUEEN DIAMONDS TWO,0.3786,0.014,0.6074
HEARTS KING DIAMONDS JACK,0.3184,0.0064,0.6752
SPADES KING DIAMONDS TWO,0.3964,0.009,0.5946
SPADES JACK SPADES SEVEN,0.324,0.0202,0.6558
SPADES TEN SPADES SEVEN,0.318,0.028,0.654
SPADES TWO DIAMONDS FOUR,0.5708,0.0762,0.353
SPADES THREE DIAMONDS FOUR,0.5966,0.1374,0.266
SPADES FOUR DIAMONDS FOUR,0.2676,0.1072,0.6252
SPADES FIVE DIAMONDS FOUR,0.512,0.075,0.413
SPADES SIX DIAMONDS FOUR,0.529,0.067,0.404
SPADES SEVEN DIAMONDS FOUR,0.538,0.0684,0.3936
SPADES EIGHT DIAMONDS FOUR,0.2172,0.5196,0.2632
SPADES NINE DIAMONDS FOUR,0.3508,0.0468,0.6024
CLUBS FIVE DIAMONDS FOUR,0.5092,0.0768,0.414
CLUBS FOUR DIAMONDS FOUR,0.2572,0.1038,0.639
CLUBS SEVEN DIAMONDS FOUR,0.526,0.0654,0.4086
CLUBS SIX DIAMONDS FOUR,0.5074,0.0754,0.4172
CLUBS NINE DIAMONDS FOUR,0.3518,0.0422,0.606
CLUBS EIGHT DIAMONDS FOUR,0.2184,0.509,0.2726
HEARTS SEVEN DIAMONDS FOUR,0.5374,0.0672,0.3954
HEARTS SIX DIAMONDS FOUR,0.527,0.0712,0.4018
DIAMONDS FOUR HEARTS NINE,0.358,0.039,0.603
DIAMONDS FOUR HEARTS EIGHT,0.2184,0.513,0.2686
CLUBS TWO DIAMONDS FOUR,0.558,0.0806,0.3614
DIAMONDS TEN DIAMONDS FIVE,0.3358,0.0264,0.6378
DIAMONDS JACK DIAMONDS FIVE,0.3274,0.0196,0.653
DIAMONDS NINE HEARTS QUEEN,0.3098,0.0138,0.6764
DIAMONDS NINE HEARTS KING,0.315,0.0076,0.6774
HEARTS ACE DIAMONDS NINE,0.3152,0.0042,0.6806
DIAMONDS NINE HEARTS TEN,0.292,0.021,0.687
DIAMONDS NINE HEARTS JACK,0.305,0.016,0.679
CLUBS KING DIAMONDS SIX,0.3446,0.0074,0.648
CLUBS QUEEN DIAMONDS SIX,0.3454,0.0146,0.64
CLUBS ACE DIAMONDS SIX,0.3544,0.0036,0.642
SPADES KING DIAMONDS FOUR,0.3582,0.0096,0.6322
SPADES ACE SPADES SEVEN,0.326,0.0042,0.6698
SPADES QUEEN DIAMONDS FOUR,0.3548,0.0154,0.6298
SPADES QUEEN SPADES SEVEN,0.3314,0.013,0.6556
CLUBS JACK DIAMONDS SIX,0.3482,0.0174,0.6344
SPADES KING SPADES SEVEN,0.3342,0.0068,0.659
SPADES ACE DIAMONDS FOUR,0.3522,0.0056,0.6422
CLUBS TEN DIAMONDS SIX,0.3346,0.0294,0.636
CLUBS NINE CLUBS FOUR,0.3248,0.0404,0.6348
CLUBS EIGHT CLUBS FOUR,0.21,0.4906,0.2994
SPADES JACK DIAMONDS FOUR,0.3626,0.0214,0.616
SPADES TEN DIAMONDS FOUR,0.3488,0.0244,0.6268
CLUBS FOUR CLUBS FIVE,0.4778,0.0692,0.453
CLUBS SEVEN CLUBS FOUR,0.4886,0.0616,0.4498
CLUBS SIX CLUBS FOUR,0.4834,0.066,0.4506
CLUBS SEVEN SPADES EIGHT,0.2084,0.2962,0.4954
SPADES NINE CLUBS SEVEN,0.3232,0.0398,0.637
CLUBS SEVEN SPADES SIX,0.491,0.0674,0.4416
CLUBS SEVEN SPADES SEVEN,0.23,0.0868,0.6832
CLUBS SEVEN SPADES FIVE,0.5114,0.067,0.4216
CLUBS SEVEN SPADES FOUR,0.5238,0.0682,0.408
CLUBS SEVEN SPADES THREE,0.603,0.1444,0.2526
CLUBS SEVEN SPADES TWO,0.571,0.0724,0.3566
CLUBS NINE CLUBS SEVEN,0.3164,0.0422,0.6414
CLUBS EIGHT CLUBS SEVEN,0.2046,0.2884,0.507
HEARTS SIX DIAMONDS FIVE,0.5074,0.0672,0.4254
HEARTS SEVEN DIAMONDS FIVE,0.514,0.067,0.419
DIAMONDS FIVE HEARTS EIGHT,0.21,0.4506,0.3394
DIAMONDS FIVE HEARTS NINE,0.3482,0.0474,0.6044
DIAMONDS QUEEN DIAMONDS FIVE,0.3478,0.0134,0.6388
HEARTS TWO DIAMONDS FIVE,0.5516,0.0662,0.3822
HEARTS KING HEARTS EIGHT,0.2232,0.0328,0.744
DIAMONDS KING DIAMONDS FIVE,0.3492,0.0072,0.6436
HEARTS THREE DIAMONDS FIVE,0.5694,0.1516,0.279
HEARTS QUEEN HEARTS EIGHT,0.2108,0.0486,0.7406
DIAMONDS ACE DIAMONDS FIVE,0.3318,0.0048,0.6634
HEARTS FOUR DIAMONDS FIVE,0.5132,0.0698,0.417
HEARTS FIVE DIAMONDS FIVE,0.2584,0.099,0.6426
HEARTS ACE HEARTS EIGHT,0.2088,0.0298,0.7614
CLUBS FOUR DIAMONDS FIVE,0.5012,0.0782,0.4206
CLUBS FIVE DIAMONDS FIVE,0.2476,0.0998,0.6526
CLUBS SIX DIAMONDS FIVE,0.497,0.0682,0.4348
CLUBS SEVEN DIAMONDS FIVE,0.519,0.07,0.411
CLUBS TWO DIAMONDS FIVE,0.5558,0.0712,0.373
SPADES THREE DIAMONDS FIVE,0.575,0.1422,0.2828
SPADES TWO DIAMONDS FIVE,0.5618,0.0678,0.3704
SPADES FIVE DIAMONDS FIVE,0.2572,0.1008,0.642
CLUBS TEN HEARTS JACK,0.2938,0.0146,0.6916
SPADES FOUR DIAMONDS FIVE,0.5072,0.0678,0.425
CLUBS JACK HEARTS JACK,0.1216,0.0408,0.8376
HEARTS JACK CLUBS QUEEN,0.309,0.011,0.68
CLUBS NINE DIAMONDS FIVE,0.3218,0.046,0.6322
CLUBS EIGHT DIAMONDS FIVE,0.2102,0.4484,0.3414
HEARTS JACK CLUBS KING,0.3216,0.0086,0.6698
CLUBS ACE HEARTS JACK,0.3238,0.0042,0.672
SPADES SEVEN DIAMONDS FIVE,0.5166,0.0754,0.408
SPADES SIX DIAMONDS FIVE,0.498,0.0682,0.4338
SPADES NINE DIAMONDS FIVE,0.34,0.0388,0.6212
SPADES EIGHT DIAMONDS FIVE,0.217,0.4458,0.3372
DIAMONDS TEN DIAMONDS SIX,0.324,0.029,0.647
HEARTS ACE DIAMONDS SEVEN,0.3544,0.0036,0.642
DIAMONDS JACK DIAMONDS SIX,0.3298,0.019,0.6512
HEARTS QUEEN DIAMONDS SEVEN,0.3504,0.013,0.6366
HEARTS KING DIAMONDS SEVEN,0.3476,0.0074,0.645
DIAMONDS ACE DIAMONDS SIX,0.333,0.005,0.662
HEARTS FOUR DIAMONDS SIX,0.5168,0.0674,0.4158
SPADES TWO HEARTS JACK,0.3816,0.0206,0.5978
HEARTS FIVE DIAMONDS SIX,0.501,0.0724,0.4266
SPADES TWO HEARTS TEN,0.3842,0.03,0.5858
DIAMONDS QUEEN DIAMONDS SIX,0.3292,0.0148,0.656
HEARTS TWO DIAMONDS SIX,0.5646,0.0692,0.3662
DIAMONDS KING DIAMONDS SIX,0.3296,0.009,0.6614
HEARTS THREE DIAMONDS SIX,0.607,0.135,0.258
HEARTS EIGHT DIAMONDS SIX,0.2238,0.3616,0.4146
HEARTS NINE DIAMONDS SIX,0.3334,0.0472,0.6194
HEARTS SIX DIAMONDS SIX,0.2448,0.091,0.6642
HEARTS SEVEN DIAMONDS SIX,0.5154,0.056,0.4286
HEARTS TEN DIAMONDS SEVEN,0.3276,0.0268,0.6456
CLUBS TWO DIAMONDS SIX,0.5758,0.0696,0.3546
HEARTS JACK DIAMONDS SEVEN,0.3426,0.019,0.6384
CLUBS SEVEN DIAMONDS SIX,0.5032,0.0694,0.4274
CLUBS SIX DIAMONDS SIX,0.2434,0.0942,0.6624
CLUBS FIVE DIAMONDS SIX,0.5078,0.0672,0.425
CLUBS FOUR DIAMONDS SIX,0.518,0.0672,0.4148
HEARTS ACE HEARTS JACK,0.297,0.0048,0.6982
HEARTS QUEEN HEARTS JACK,0.307,0.0102,0.6828
CLUBS NINE DIAMONDS SIX,0.3292,0.044,0.6268
HEARTS KING HEARTS JACK,0.3106,0.0072,0.6822
CLUBS EIGHT DIAMONDS SIX,0.2142,0.3758,0.41
SPADES TEN HEARTS KING,0.3216,0.007,0.6714
SPADES FIVE DIAMONDS SIX,0.5106,0.0636,0.4258
HEARTS ACE SPADES TWO,0.3726,0.0046,0.6228
SPADES JACK HEARTS KING,0.3248,0.0034,0.6718
SPADES FOUR DIAMONDS SIX,0.5336,0.0682,0.3982
SPADES THREE DIAMONDS SIX,0.6052,0.145,0.2498
HEARTS QUEEN SPADES TWO,0.3928,0.0148,0.5924
SPADES ACE SPADES KING,0.2932,0.005,0.7018
HEARTS KING SPADES TWO,0.3978,0.0092,0.593
SPADES TWO DIAMONDS SIX,0.568,0.0634,0.3686
HEARTS TEN HEARTS EIGHT,0.2104,0.0766,0.713
SPADES NINE DIAMONDS SIX,0.3324,0.0426,0.625
HEARTS JACK HEARTS EIGHT,0.2094,0.0622,0.7284
SPADES EIGHT DIAMONDS SIX,0.219,0.37,0.411
SPADES SEVEN DIAMONDS SIX,0.5062,0.0712,0.4226
SPADES SIX DIAMONDS SIX,0.2492,0.0952,0.6556
SPADES KING HEARTS KING,0.135,0.0146,0.8504
SPADES QUEEN HEARTS KING,0.328,0.0064,0.6656
CLUBS ACE CLUBS KING,0.318,0.0052,0.6768
SPADES ACE HEARTS KING,0.3258,0.0036,0.6706
SPADES ACE HEARTS JACK,0.3306,0.0034,0.666
SPADES QUEEN HEARTS JACK,0.3142,0.0126,0.6732
SPADES KING HEARTS JACK,0.3204,0.0074,0.6722
SPADES TEN DIAMONDS TEN,0.1282,0.0498,0.822
SPADES JACK DIAMONDS TEN,0.2974,0.016,0.6866
SPADES ACE DIAMONDS TEN,0.3216,0.0034,0.675
SPADES JACK HEARTS JACK,0.1334,0.0366,0.83
SPADES TEN HEARTS JACK,0.3032,0.0162,0.6806
SPADES QUEEN DIAMONDS TEN,0.2996,0.0072,0.6932
SPADES KING DIAMONDS TEN,0.3146,0.0062,0.6792
SPADES NINE DIAMONDS SEVEN,0.3192,0.039,0.6418
SPADES EIGHT DIAMONDS SEVEN,0.2096,0.293,0.4974
SPADES SEVEN DIAMONDS SEVEN,0.259,0.0788,0.6622
SPADES SIX DIAMONDS SEVEN,0.5012,0.0712,0.4276
DIAMONDS KING DIAMONDS SEVEN,0.3362,0.0076,0.6562
HEARTS THREE DIAMONDS SEVEN,0.6128,0.1508,0.2364
HEARTS KING DIAMONDS FIVE,0.349,0.0072,0.6438
DIAMONDS QUEEN DIAMONDS SEVEN,0.3326,0.0144,0.653
HEARTS TWO DIAMONDS SEVEN,0.582,0.066,0.352
HEARTS QUEEN DIAMONDS FIVE,0.3578,0.0128,0.6294
HEARTS FIVE DIAMONDS SEVEN,0.4996,0.0642,0.4362
DIAMONDS ACE DIAMONDS SEVEN,0.3342,0.0066,0.6592
HEARTS FOUR DIAMONDS SEVEN,0.5322,0.0732,0.3946
HEARTS ACE DIAMONDS FIVE,0.3372,0.0042,0.6586
HEARTS SEVEN DIAMONDS SEVEN,0.2456,0.0902,0.6642
HEARTS SIX DIAMONDS SEVEN,0.505,0.066,0.429
DIAMONDS SEVEN HEARTS NINE,0.3306,0.0422,0.6272
HEARTS EIGHT DIAMONDS SEVEN,0.2112,0.3074,0.4814
DIAMONDS JACK DIAMONDS SEVEN,0.3264,0.0168,0.6568
DIAMONDS FIVE HEARTS JACK,0.3492,0.017,0.6338
DIAMONDS TEN DIAMONDS SEVEN,0.3088,0.0274,0.6638
HEARTS TEN DIAMONDS FIVE,0.3486,0.0306,0.6208
CLUBS EIGHT DIAMONDS SEVEN,0.207,0.299,0.494
SPADES KING CLUBS TWO,0.3918,0.0096,0.5986
HEARTS KING CLUBS KING,0.1322,0.0168,0.851
SPADES QUEEN CLUBS TWO,0.399,0.0144,0.5866
HEARTS KING CLUBS QUEEN,0.3094,0.0082,0.6824
CLUBS NINE DIAMONDS SEVEN,0.322,0.0378,0.6402
CLUBS JACK SPADES TWO,0.3884,0.0198,0.5918
CLUBS SIX CLUBS SEVEN,0.4944,0.0628,0.4428
SPADES ACE CLUBS TWO,0.3704,0.0064,0.6232
CLUBS TEN SPADES TWO,0.3724,0.0344,0.5932
HEARTS KING CLUBS ACE,0.3016,0.004,0.6944
SPADES TWO CLUBS KING,0.381,0.01,0.609
SPADES TWO DIAMONDS SEVEN,0.5766,0.0758,0.3476
CLUBS EIGHT CLUBS SIX,0.2018,0.36,0.4382
SPADES THREE DIAMONDS SEVEN,0.6198,0.1396,0.2406
SPADES TWO CLUBS QUEEN,0.3798,0.0134,0.6068
CLUBS NINE CLUBS SIX,0.3164,0.036,0.6476
SPADES FOUR DIAMONDS SEVEN,0.5292,0.0698,0.401
CLUBS JACK HEARTS KING,0.3194,0.0066,0.674
SPADES FIVE DIAMONDS SEVEN,0.5364,0.0584,0.4052
SPADES TWO CLUBS ACE,0.3702,0.004,0.6258
CLUBS TEN HEARTS KING,0.3126,0.0084,0.679
CLUBS SIX SPADES TWO,0.573,0.0698,0.3572
CLUBS SIX SPADES THREE,0.5934,0.1476,0.259
CLUBS TWO DIAMONDS SEVEN,0.588,0.0714,0.3406
CLUBS SIX SPADES FOUR,0.5122,0.0704,0.4174
CLUBS SIX SPADES FIVE,0.4942,0.067,0.4388
CLUBS FOUR DIAMONDS SEVEN,0.528,0.07,0.402
CLUBS SIX SPADES SIX,0.246,0.094,0.66
CLUBS FIVE DIAMONDS SEVEN,0.5204,0.0638,0.4158
CLUBS SIX SPADES SEVEN,0.505,0.0622,0.4328
CLUBS SIX DIAMONDS SEVEN,0.5122,0.062,0.4258
CLUBS SIX SPADES EIGHT,0.2016,0.3806,0.4178
SPADES JACK CLUBS TWO,0.382,0.0196,0.5984
CLUBS SEVEN DIAMONDS SEVEN,0.248,0.0826,0.6694
CLUBS SIX SPADES NINE,0.3224,0.042,0.6356
SPADES TEN CLUBS TWO,0.3828,0.03,0.5872
CLUBS TWO CLUBS QUEEN,0.3746,0.0154,0.61
CLUBS TWO CLUBS KING,0.3666,0.0092,0.6242
CLUBS TWO CLUBS ACE,0.3658,0.0046,0.6296
CLUBS TEN CLUBS TWO,0.37,0.0266,0.6034
CLUBS JACK CLUBS TWO,0.3692,0.0224,0.6084
SPADES ACE SPADES THREE,0.2226,0.0134,0.764
SPADES QUEEN SPADES THREE,0.2368,0.039,0.7242
SPADES KING SPADES THREE,0.2286,0.0244,0.747
SPADES JACK SPADES THREE,0.2256,0.052,0.7224
SPADES TEN SPADES THREE,0.2206,0.0762,0.7032
CLUBS FOUR HEARTS ACE,0.335,0.0058,0.6592
CLUBS FOUR HEARTS QUEEN,0.3602,0.0142,0.6256
CLUBS FOUR HEARTS KING,0.3464,0.011,0.6426
CLUBS SIX HEARTS TEN,0.3262,0.03,0.6438
CLUBS SIX HEARTS JACK,0.3492,0.0166,0.6342
CLUBS FOUR HEARTS JACK,0.3472,0.0174,0.6354
SPADES TEN DIAMONDS QUEEN,0.313,0.0094,0.6776
SPADES TEN HEARTS TWO,0.3834,0.028,0.5886
SPADES JACK HEARTS EIGHT,0.2306,0.062,0.7074
CLUBS FOUR HEARTS TEN,0.3442,0.0318,0.624
SPADES TEN HEARTS EIGHT,0.2292,0.0812,0.6896
SPADES JACK HEARTS TWO,0.3958,0.0208,0.5834
SPADES JACK DIAMONDS QUEEN,0.3154,0.011,0.6736
SPADES ACE HEARTS TWO,0.3774,0.0038,0.6188
SPADES ACE DIAMONDS QUEEN,0.329,0.0036,0.6674
SPADES ACE HEARTS EIGHT,0.2342,0.0284,0.7374
SPADES KING HEARTS EIGHT,0.2382,0.0394,0.7224
SPADES QUEEN HEARTS TWO,0.3824,0.0158,0.6018
SPADES QUEEN DIAMONDS QUEEN,0.1266,0.0272,0.8462
SPADES KING DIAMONDS QUEEN,0.3242,0.0072,0.6686
SPADES KING HEARTS TWO,0.382,0.0082,0.6098
SPADES QUEEN HEARTS EIGHT,0.2274,0.0536,0.719
CLUBS TWO HEARTS TEN,0.3878,0.0296,0.5826
CLUBS TWO HEARTS JACK,0.3858,0.02,0.5942
SPADES SEVEN DIAMONDS NINE,0.3142,0.0426,0.6432
SPADES SIX DIAMONDS NINE,0.3302,0.0418,0.628
SPADES NINE DIAMONDS NINE,0.1312,0.0612,0.8076
SPADES EIGHT DIAMONDS NINE,0.2064,0.11,0.6836
SPADES TEN CLUBS KING,0.3152,0.0082,0.6766
DIAMONDS NINE SPADES THREE,0.224,0.1048,0.6712
SPADES JACK CLUBS KING,0.314,0.0082,0.6778
DIAMONDS NINE SPADES TWO,0.3762,0.0486,0.5752
SPADES FIVE DIAMONDS NINE,0.3354,0.0422,0.6224
DIAMONDS NINE SPADES FOUR,0.3416,0.0472,0.6112
CLUBS NINE DIAMONDS NINE,0.1262,0.0572,0.8166
CLUBS EIGHT DIAMONDS NINE,0.1974,0.106,0.6966
CLUBS SIX DIAMONDS NINE,0.3268,0.046,0.6272
SPADES JACK CLUBS FOUR,0.3468,0.0174,0.6358
CLUBS SEVEN DIAMONDS NINE,0.303,0.0432,0.6538
SPADES TEN CLUBS FOUR,0.3514,0.033,0.6156
CLUBS FOUR DIAMONDS NINE,0.3554,0.0434,0.6012
CLUBS FIVE DIAMONDS NINE,0.3404,0.0504,0.6092
CLUBS TWO DIAMONDS NINE,0.3792,0.045,0.5758
DIAMONDS NINE HEARTS EIGHT,0.212,0.1056,0.6824
DIAMONDS NINE HEARTS NINE,0.1186,0.062,0.8194
HEARTS SIX DIAMONDS NINE,0.3186,0.0464,0.635
HEARTS SEVEN DIAMONDS NINE,0.3184,0.0452,0.6364
CLUBS EIGHT CLUBS NINE,0.2124,0.1028,0.6848
DIAMONDS ACE DIAMONDS NINE,0.3096,0.0058,0.6846
HEARTS FOUR DIAMONDS NINE,0.354,0.0436,0.6024
HEARTS FIVE DIAMONDS NINE,0.3196,0.0422,0.6382
HEARTS ACE CLUBS TWO,0.3746,0.0042,0.6212
SPADES ACE CLUBS FOUR,0.3248,0.0038,0.6714
DIAMONDS NINE DIAMONDS QUEEN,0.299,0.0102,0.6908
HEARTS TWO DIAMONDS NINE,0.38,0.048,0.572
CLUBS TWO HEARTS KING,0.3924,0.009,0.5986
SPADES KING CLUBS FOUR,0.3592,0.0084,0.6324
DIAMONDS KING DIAMONDS NINE,0.3,0.0082,0.6918
HEARTS THREE DIAMONDS NINE,0.2368,0.1038,0.6594
CLUBS TWO HEARTS QUEEN,0.3978,0.0156,0.5866
SPADES QUEEN CLUBS FOUR,0.3516,0.014,0.6344
DIAMONDS NINE DIAMONDS JACK,0.2834,0.0166,0.7
CLUBS EIGHT SPADES NINE,0.227,0.0984,0.6746
DIAMONDS TEN DIAMONDS NINE,0.2772,0.0266,0.6962
CLUBS EIGHT SPADES EIGHT,0.0676,0.087,0.8454
CLUBS EIGHT SPADES SEVEN,0.2114,0.295,0.4936
CLUBS EIGHT SPADES SIX,0.2076,0.3668,0.4256
CLUBS EIGHT SPADES FIVE,0.2014,0.443,0.3556
CLUBS EIGHT SPADES FOUR,0.2126,0.5058,0.2816
CLUBS EIGHT SPADES THREE,0.01,0.9718,0.0182
CLUBS EIGHT SPADES TWO,0.2586,0.527,0.2144
HEARTS SIX DIAMONDS TEN,0.3462,0.0306,0.6232
HEARTS SEVEN DIAMONDS TEN,0.3222,0.026,0.6518
DIAMONDS TEN HEARTS EIGHT,0.2134,0.0792,0.7074
CLUBS JACK CLUBS FOUR,0.3368,0.02,0.6432
DIAMONDS TEN HEARTS NINE,0.298,0.0206,0.6814
CLUBS TEN CLUBS FOUR,0.3336,0.0236,0.6428
CLUBS FOUR CLUBS KING,0.3226,0.009,0.6684
CLUBS FOUR CLUBS QUEEN,0.3294,0.0148,0.6558
DIAMONDS TEN CLUBS TWO,0.3714,0.0306,0.598
CLUBS FOUR CLUBS ACE,0.3276,0.0044,0.668
DIAMONDS TEN DIAMONDS JACK,0.2804,0.0152,0.7044
DIAMONDS TEN DIAMONDS QUEEN,0.2948,0.0112,0.694
HEARTS TWO DIAMONDS TEN,0.3822,0.0316,0.5862
DIAMONDS KING DIAMONDS TEN,0.3022,0.0074,0.6904
HEARTS THREE DIAMONDS TEN,0.2212,0.0822,0.6966
DIAMONDS ACE DIAMONDS TEN,0.291,0.0058,0.7032
HEARTS FOUR DIAMONDS TEN,0.347,0.0282,0.6248
CLUBS EIGHT HEARTS JACK,0.2176,0.0556,0.7268
HEARTS FIVE DIAMONDS TEN,0.3496,0.026,0.6244
CLUBS EIGHT HEARTS TEN,0.22,0.0784,0.7016
CLUBS EIGHT HEARTS QUEEN,0.2166,0.0514,0.732
CLUBS EIGHT HEARTS KING,0.2246,0.0342,0.7412
CLUBS EIGHT HEARTS ACE,0.218,0.0264,0.7556
CLUBS NINE SPADES THREE,0.2332,0.1022,0.6646
CLUBS NINE SPADES TWO,0.3724,0.0442,0.5834
CLUBS NINE SPADES FIVE,0.3386,0.0416,0.6198
CLUBS NINE SPADES FOUR,0.3518,0.0434,0.6048
CLUBS NINE SPADES SEVEN,0.3208,0.042,0.6372
CLUBS NINE SPADES SIX,0.3188,0.041,0.6402
CLUBS NINE SPADES NINE,0.13,0.0552,0.8148
CLUBS TEN HEARTS EIGHT,0.2136,0.0814,0.705
CLUBS NINE SPADES EIGHT,0.2234,0.1022,0.6744
CLUBS JACK HEARTS EIGHT,0.2272,0.0592,0.7136
HEARTS EIGHT CLUBS QUEEN,0.2266,0.0466,0.7268
CLUBS KING HEARTS EIGHT,0.2244,0.0388,0.7368
CLUBS ACE HEARTS EIGHT,0.2198,0.0266,0.7536
SPADES KING CLUBS KING,0.1388,0.0166,0.8446
SPADES QUEEN CLUBS KING,0.31,0.0052,0.6848
SPADES ACE CLUBS KING,0.3246,0.0052,0.6702
DIAMONDS ACE HEARTS TEN,0.3226,0.0056,0.6718
HEARTS FOUR HEARTS TEN,0.3228,0.026,0.6512
DIAMONDS ACE HEARTS JACK,0.314,0.0056,0.6804
HEARTS FOUR HEARTS JACK,0.3246,0.0194,0.656
SPADES KING CLUBS FIVE,0.3514,0.0074,0.6412
SPADES QUEEN CLUBS FIVE,0.3424,0.0148,0.6428
SPADES ACE CLUBS FIVE,0.3442,0.0034,0.6524
HEARTS SEVEN DIAMONDS JACK,0.3304,0.0212,0.6484
HEARTS SIX DIAMONDS JACK,0.3486,0.0172,0.6342
DIAMONDS JACK HEARTS NINE,0.3026,0.0158,0.6816
DIAMONDS JACK HEARTS EIGHT,0.2274,0.0602,0.7124
DIAMONDS KING DIAMONDS JACK,0.2998,0.0062,0.694
HEARTS THREE DIAMONDS JACK,0.2336,0.06,0.7064
SPADES ACE SPADES SIX,0.3238,0.0048,0.6714
HEARTS ACE SPADES FOUR,0.3466,0.0038,0.6496
DIAMONDS QUEEN DIAMONDS JACK,0.298,0.0146,0.6874
HEARTS TWO DIAMONDS JACK,0.3852,0.018,0.5968
HEARTS FIVE DIAMONDS JACK,0.3564,0.019,0.6246
SPADES QUEEN SPADES SIX,0.326,0.0126,0.6614
SPADES FOUR HEARTS QUEEN,0.3616,0.0116,0.6268
DIAMONDS ACE DIAMONDS JACK,0.3062,0.0058,0.688
HEARTS FOUR DIAMONDS JACK,0.3466,0.0206,0.6328
SPADES KING SPADES SIX,0.3266,0.0064,0.667
SPADES FOUR HEARTS KING,0.3716,0.0086,0.6198
SPADES TEN SPADES SIX,0.3186,0.0212,0.6602
SPADES JACK SPADES SIX,0.3418,0.0182,0.64
SPADES FOUR DIAMONDS JACK,0.3472,0.0184,0.6344
SPADES FIVE DIAMONDS JACK,0.3436,0.0226,0.6338
DIAMONDS JACK SPADES TWO,0.377,0.0188,0.6042
SPADES THREE DIAMONDS JACK,0.2264,0.056,0.7176
SPADES ACE DIAMONDS THREE,0.243,0.0142,0.7428
CLUBS EIGHT DIAMONDS JACK,0.2114,0.0646,0.724
SPADES QUEEN DIAMONDS THREE,0.244,0.0374,0.7186
SPADES KING DIAMONDS THREE,0.242,0.027,0.731
CLUBS NINE DIAMONDS JACK,0.3046,0.0172,0.6782
CLUBS SIX DIAMONDS JACK,0.3446,0.0172,0.6382
CLUBS SEVEN DIAMONDS JACK,0.3398,0.0196,0.6406
CLUBS FOUR DIAMONDS JACK,0.337,0.0212,0.6418
CLUBS FIVE DIAMONDS JACK,0.3424,0.0182,0.6394
CLUBS TWO DIAMONDS JACK,0.384,0.0204,0.5956
SPADES TEN CLUBS FIVE,0.3506,0.0338,0.6156
SPADES JACK HEARTS SIX,0.353,0.02,0.627
HEARTS SIX SPADES TEN,0.3402,0.0272,0.6326
SPADES JACK CLUBS FIVE,0.3562,0.02,0.6238
SPADES JACK DIAMONDS THREE,0.2386,0.054,0.7074
CLUBS SEVEN CLUBS ACE,0.331,0.0044,0.6646
DIAMONDS THREE SPADES TEN,0.2394,0.0722,0.6884
CLUBS SEVEN CLUBS QUEEN,0.3424,0.0146,0.643
CLUBS SEVEN CLUBS KING,0.3268,0.0082,0.665
SPADES NINE DIAMONDS JACK,0.3004,0.0164,0.6832
CLUBS TEN CLUBS SEVEN,0.314,0.0234,0.6626
DIAMONDS ACE HEARTS ACE,0.128,0.0038,0.8682
HEARTS FOUR HEARTS ACE,0.3184,0.0054,0.6762
SPADES EIGHT DIAMONDS JACK,0.231,0.0584,0.7106
SPADES ACE HEARTS SIX,0.3556,0.0036,0.6408
CLUBS JACK CLUBS SEVEN,0.3328,0.017,0.6502
DIAMONDS ACE HEARTS KING,0.3254,0.0042,0.6704
HEARTS FOUR HEARTS KING,0.3356,0.0084,0.656
SPADES SEVEN DIAMONDS JACK,0.3398,0.02,0.6402
SPADES KING HEARTS SIX,0.3486,0.0074,0.644
DIAMONDS ACE HEARTS QUEEN,0.3258,0.0054,0.6688
HEARTS FOUR HEARTS QUEEN,0.3276,0.0152,0.6572
SPADES QUEEN HEARTS SIX,0.3588,0.0138,0.6274
SPADES SIX DIAMONDS JACK,0.3516,0.0204,0.628
DIAMONDS TEN SPADES TWO,0.3878,0.0304,0.5818
DIAMONDS TEN SPADES THREE,0.2304,0.0734,0.6962
DIAMONDS TEN SPADES FOUR,0.3498,0.0288,0.6214
DIAMONDS TEN SPADES FIVE,0.3492,0.0282,0.6226
SPADES SIX DIAMONDS TEN,0.3482,0.0308,0.621
SPADES SEVEN DIAMONDS TEN,0.3254,0.0252,0.6494
SPADES EIGHT DIAMONDS TEN,0.2186,0.0806,0.7008
SPADES NINE DIAMONDS TEN,0.2946,0.022,0.6834
CLUBS FOUR DIAMONDS TEN,0.3438,0.0292,0.627
CLUBS FIVE DIAMONDS TEN,0.3312,0.0236,0.6452
CLUBS SIX DIAMONDS TEN,0.3268,0.0306,0.6426
CLUBS SEVEN DIAMONDS TEN,0.3242,0.0272,0.6486
CLUBS EIGHT DIAMONDS TEN,0.2146,0.0818,0.7036
CLUBS NINE DIAMONDS TEN,0.2844,0.0246,0.691
CLUBS JACK DIAMONDS THREE,0.2248,0.0562,0.719
CLUBS TEN DIAMONDS THREE,0.242,0.0738,0.6842
DIAMONDS THREE CLUBS KING,0.2298,0.0306,0.7396
DIAMONDS THREE CLUBS QUEEN,0.2358,0.0446,0.7196
DIAMONDS THREE CLUBS ACE,0.244,0.0142,0.7418
SPADES FOUR HEARTS JACK,0.3498,0.019,0.6312
SPADES FOUR HEARTS TEN,0.3526,0.0308,0.6166
SPADES FIVE SPADES TWO,0.5212,0.0638,0.415
SPADES FOUR SPADES TWO,0.5282,0.0638,0.408
SPADES THREE SPADES TWO,0.5586,0.1408,0.3006
SPADES NINE SPADES TWO,0.3578,0.0442,0.598
SPADES EIGHT SPADES TWO,0.246,0.4832,0.2708
SPADES SEVEN SPADES TWO,0.5456,0.0608,0.3936
SPADES SIX SPADES TWO,0.5218,0.07,0.4082
CLUBS TWO DIAMONDS QUEEN,0.3932,0.0158,0.591
HEARTS TWO CLUBS TWO,0.3576,0.1054,0.537
HEARTS SEVEN DIAMONDS QUEEN,0.346,0.0114,0.6426
HEARTS SEVEN HEARTS TWO,0.5526,0.0582,0.3892
HEARTS SIX DIAMONDS QUEEN,0.3526,0.0114,0.636
HEARTS SIX HEARTS TWO,0.5318,0.0674,0.4008
DIAMONDS QUEEN HEARTS NINE,0.3154,0.0118,0.6728
HEARTS TWO HEARTS NINE,0.3554,0.0428,0.6018
DIAMONDS QUEEN HEARTS EIGHT,0.2236,0.0506,0.7258
HEARTS TWO HEARTS EIGHT,0.2512,0.4946,0.2542
CLUBS NINE HEARTS TWO,0.378,0.0468,0.5752
CLUBS NINE DIAMONDS QUEEN,0.3054,0.011,0.6836
CLUBS EIGHT DIAMONDS QUEEN,0.2202,0.055,0.7248
CLUBS EIGHT HEARTS TWO,0.2434,0.5406,0.216
CLUBS FIVE DIAMONDS QUEEN,0.3276,0.0142,0.6582
CLUBS FIVE HEARTS TWO,0.5462,0.0726,0.3812
SPADES EIGHT HEARTS ACE,0.2204,0.0264,0.7532
CLUBS FOUR DIAMONDS QUEEN,0.3448,0.015,0.6402
CLUBS FOUR HEARTS TWO,0.5434,0.0748,0.3818
CLUBS SEVEN DIAMONDS QUEEN,0.3508,0.0148,0.6344
CLUBS SEVEN HEARTS TWO,0.5828,0.0674,0.3498
SPADES EIGHT HEARTS QUEEN,0.2256,0.0484,0.726
CLUBS SIX DIAMONDS QUEEN,0.3416,0.0114,0.647
CLUBS SIX HEARTS TWO,0.5602,0.0668,0.373
SPADES EIGHT HEARTS KING,0.2428,0.0326,0.7246
HEARTS TWO SPADES SIX,0.571,0.0674,0.3616
SPADES SIX DIAMONDS QUEEN,0.3496,0.0126,0.6378
HEARTS FOUR CLUBS QUEEN,0.3422,0.0134,0.6444
DIAMONDS ACE CLUBS QUEEN,0.314,0.0072,0.6788
SPADES SEVEN DIAMONDS QUEEN,0.3512,0.0108,0.638
SPADES SEVEN HEARTS TWO,0.5752,0.0646,0.3602
HEARTS FOUR CLUBS KING,0.3512,0.005,0.6438
DIAMONDS ACE CLUBS KING,0.3092,0.0038,0.687
SPADES EIGHT DIAMONDS QUEEN,0.2112,0.0522,0.7366
SPADES EIGHT HEARTS TWO,0.2638,0.505,0.2312
HEARTS FOUR CLUBS ACE,0.3426,0.0054,0.652
DIAMONDS ACE CLUBS ACE,0.115,0.0062,0.8788
SPADES NINE DIAMONDS QUEEN,0.3102,0.0106,0.6792
SPADES NINE HEARTS TWO,0.3746,0.0504,0.575
HEARTS TWO SPADES TWO,0.3564,0.1106,0.533
DIAMONDS QUEEN SPADES TWO,0.3714,0.0134,0.6152
HEARTS TWO SPADES THREE,0.6014,0.1474,0.2512
DIAMONDS QUEEN SPADES THREE,0.2424,0.0428,0.7148
HEARTS TWO SPADES FOUR,0.566,0.0708,0.3632
SPADES FOUR DIAMONDS QUEEN,0.3616,0.014,0.6244
CLUBS TEN HEARTS FOUR,0.349,0.0276,0.6234
CLUBS TEN DIAMONDS ACE,0.3036,0.0048,0.6916
HEARTS TWO SPADES FIVE,0.556,0.0696,0.3744
SPADES FIVE DIAMONDS QUEEN,0.3534,0.0134,0.6332
CLUBS JACK HEARTS FOUR,0.3544,0.0164,0.6292
CLUBS JACK DIAMONDS ACE,0.303,0.0066,0.6904
CLUBS FIVE CLUBS KING,0.3212,0.009,0.6698
CLUBS FIVE CLUBS QUEEN,0.3414,0.0132,0.6454
CLUBS FIVE CLUBS ACE,0.3308,0.0048,0.6644
CLUBS JACK CLUBS FIVE,0.3408,0.0168,0.6424
CLUBS TEN CLUBS FIVE,0.3352,0.0278,0.637
SPADES KING CLUBS JACK,0.3298,0.0048,0.6654
CLUBS JACK SPADES QUEEN,0.3134,0.0098,0.6768
SPADES ACE CLUBS JACK,0.3168,0.005,0.6782
SPADES SIX CLUBS KING,0.3422,0.0082,0.6496
SPADES SIX CLUBS QUEEN,0.3474,0.0126,0.64
SPADES EIGHT HEARTS JACK,0.2366,0.065,0.6984
SPADES SIX CLUBS ACE,0.346,0.0038,0.6502
SPADES EIGHT HEARTS TEN,0.2272,0.0808,0.692
CLUBS JACK SPADES SIX,0.3548,0.0162,0.629
CLUBS TEN SPADES SIX,0.3466,0.0312,0.6222
CLUBS JACK SPADES TEN,0.2902,0.0146,0.6952
CLUBS JACK SPADES JACK,0.1254,0.04,0.8346
SPADES QUEEN CLUBS SEVEN,0.3578,0.0112,0.631
SPADES KING CLUBS SEVEN,0.3412,0.0056,0.6532
SPADES ACE CLUBS SEVEN,0.3488,0.0038,0.6474
SPADES SIX HEARTS TEN,0.347,0.0248,0.6282
SPADES SIX HEARTS JACK,0.3546,0.0166,0.6288
SPADES SIX HEARTS ACE,0.3518,0.0034,0.6448
SPADES SIX HEARTS KING,0.3452,0.009,0.6458
SPADES SIX HEARTS QUEEN,0.355,0.012,0.633
SPADES JACK CLUBS SEVEN,0.3372,0.0192,0.6436
SPADES TEN CLUBS SEVEN,0.3336,0.0264,0.64
CLUBS TEN HEARTS SIX,0.3414,0.0274,0.6312
CLUBS JACK HEARTS SIX,0.373,0.0154,0.6116
CLUBS JACK CLUBS ACE,0.2984,0.0042,0.6974
HEARTS SIX CLUBS QUEEN,0.3462,0.0096,0.6442
HEARTS SIX CLUBS KING,0.345,0.007,0.648
HEARTS SIX CLUBS ACE,0.3508,0.0036,0.6456
CLUBS JACK CLUBS QUEEN,0.2892,0.0108,0.7
CLUBS JACK CLUBS KING,0.3022,0.0084,0.6894
DIAMONDS THREE HEARTS ACE,0.236,0.0166,0.7474
DIAMONDS THREE HEARTS QUEEN,0.248,0.0406,0.7114
DIAMONDS THREE HEARTS KING,0.2376,0.0258,0.7366
CLUBS FIVE HEARTS JACK,0.3466,0.0204,0.633
SPADES TEN DIAMONDS ACE,0.3086,0.0038,0.6876
HEARTS FOUR SPADES TEN,0.3558,0.0254,0.6188
CLUBS FIVE HEARTS TEN,0.3452,0.0264,0.6284
HEARTS FOUR SPADES JACK,0.3594,0.019,0.6216
SPADES JACK DIAMONDS ACE,0.3122,0.0046,0.6832
SPADES ACE HEARTS FOUR,0.354,0.0054,0.6406
SPADES ACE DIAMONDS ACE,0.1206,0.0052,0.8742
CLUBS FIVE HEARTS ACE,0.336,0.0042,0.6598
CLUBS FIVE HEARTS KING,0.3442,0.0106,0.6452
HEARTS FOUR SPADES QUEEN,0.3552,0.015,0.6298
SPADES QUEEN DIAMONDS ACE,0.328,0.0038,0.6682
CLUBS JACK SPADES FOUR,0.3514,0.0228,0.6258
CLUBS FIVE HEARTS QUEEN,0.3396,0.014,0.6464
SPADES KING DIAMONDS ACE,0.329,0.0048,0.6662
SPADES KING HEARTS FOUR,0.3554,0.0072,0.6374
CLUBS TEN SPADES FOUR,0.3454,0.0282,0.6264
DIAMONDS ACE DIAMONDS QUEEN,0.2988,0.004,0.6972
DIAMONDS ACE HEARTS TWO,0.373,0.0046,0.6224
HEARTS FOUR DIAMONDS QUEEN,0.3582,0.0144,0.6274
HEARTS FOUR HEARTS TWO,0.5172,0.0626,0.4202
DIAMONDS THREE HEARTS TEN,0.249,0.0782,0.6728
SPADES FOUR CLUBS KING,0.3358,0.0092,0.655
HEARTS FIVE DIAMONDS QUEEN,0.3442,0.014,0.6418
HEARTS FIVE HEARTS TWO,0.5162,0.0654,0.4184
DIAMONDS THREE HEARTS JACK,0.2344,0.0558,0.7098
SPADES FOUR CLUBS QUEEN,0.3586,0.0134,0.628
HEARTS TWO DIAMONDS QUEEN,0.3834,0.0144,0.6022
DIAMONDS KING DIAMONDS QUEEN,0.2972,0.0076,0.6952
DIAMONDS KING HEARTS TWO,0.3842,0.0118,0.604
HEARTS THREE DIAMONDS QUEEN,0.2446,0.0414,0.714
HEARTS THREE HEARTS TWO,0.5634,0.1394,0.2972
SPADES FOUR CLUBS ACE,0.3502,0.0042,0.6456
HEARTS TWO CLUBS ACE,0.3706,0.0038,0.6256
DIAMONDS QUEEN CLUBS ACE,0.3328,0.0054,0.6618
HEARTS TWO CLUBS QUEEN,0.3766,0.0152,0.6082
DIAMONDS QUEEN CLUBS QUEEN,0.1188,0.028,0.8532
HEARTS TWO CLUBS KING,0.3804,0.008,0.6116
DIAMONDS QUEEN CLUBS KING,0.3204,0.0106,0.669
SPADES EIGHT SPADES FIVE,0.202,0.4106,0.3874
CLUBS TEN HEARTS TWO,0.3768,0.0272,0.596
CLUBS TEN DIAMONDS QUEEN,0.312,0.0114,0.6766
SPADES NINE SPADES FIVE,0.3172,0.04,0.6428
CLUBS JACK HEARTS TWO,0.3778,0.0214,0.6008
CLUBS JACK DIAMONDS QUEEN,0.299,0.0096,0.6914
SPADES SIX SPADES FIVE,0.4774,0.0628,0.4598
SPADES SEVEN SPADES FIVE,0.4826,0.066,0.4514
DIAMONDS FIVE CLUBS QUEEN,0.3508,0.0128,0.6364
SPADES EIGHT CLUBS ACE,0.2358,0.033,0.7312
DIAMONDS FIVE CLUBS KING,0.353,0.0064,0.6406
SPADES EIGHT CLUBS KING,0.217,0.04,0.743
DIAMONDS FIVE CLUBS ACE,0.3454,0.004,0.6506
SPADES EIGHT CLUBS QUEEN,0.222,0.05,0.728
CLUBS JACK SPADES EIGHT,0.2244,0.0624,0.7132
CLUBS TEN SPADES EIGHT,0.2202,0.0808,0.699
CLUBS TEN DIAMONDS FIVE,0.3494,0.0284,0.6222
CLUBS JACK DIAMONDS FIVE,0.3408,0.0232,0.636
DIAMONDS TEN HEARTS JACK,0.2926,0.016,0.6914
DIAMONDS TEN HEARTS TEN,0.1336,0.049,0.8174
SPADES ACE CLUBS NINE,0.3134,0.0038,0.6828
SPADES QUEEN CLUBS NINE,0.321,0.012,0.667
SPADES KING CLUBS NINE,0.3154,0.0072,0.6774
HEARTS SIX HEARTS KING,0.3356,0.0062,0.6582
DIAMONDS KING SPADES SEVEN,0.3496,0.0056,0.6448
HEARTS THREE SPADES SEVEN,0.5944,0.1378,0.2678
SPADES KING DIAMONDS SEVEN,0.3454,0.0082,0.6464
HEARTS SIX HEARTS QUEEN,0.3346,0.0102,0.6552
SPADES QUEEN DIAMONDS SEVEN,0.3622,0.014,0.6238
HEARTS THREE SPADES SIX,0.597,0.139,0.264
DIAMONDS KING SPADES SIX,0.3534,0.0082,0.6384
SPADES NINE DIAMONDS KING,0.3224,0.009,0.6686
SPADES NINE HEARTS THREE,0.249,0.1026,0.6484
HEARTS SIX HEARTS ACE,0.3228,0.0042,0.673
DIAMONDS KING SPADES EIGHT,0.218,0.0396,0.7424
SPADES EIGHT HEARTS THREE,0.0194,0.9574,0.0232
SPADES ACE DIAMONDS SEVEN,0.3462,0.0042,0.6496
CLUBS NINE HEARTS THREE,0.2224,0.1108,0.6668
CLUBS NINE DIAMONDS KING,0.3196,0.0078,0.6726
CLUBS EIGHT DIAMONDS KING,0.214,0.0372,0.7488
CLUBS EIGHT HEARTS THREE,0.0102,0.9696,0.0202
HEARTS THREE SPADES THREE,0.2718,0.072,0.6562
DIAMONDS KING SPADES THREE,0.2352,0.033,0.7318
