opposingHand,winningChance,drawChance,lostChance
CLUBS JACK DIAMONDS KING
HEARTS FIVE SPADES TEN,0.6752,0.0074,0.3174
HEARTS FIVE SPADES JACK,0.7432,0.027,0.2298
CLUBS TEN SPADES FIVE,0.6882,0.0068,0.305
CLUBS TEN CLUBS EIGHT,0.6216,0.0074,0.371
CLUBS EIGHT CLUBS KING,0.6412,0.086,0.2728
SPADES FIVE CLUBS ACE,0.4152,0.004,0.5808
CLUBS EIGHT CLUBS QUEEN,0.611,0.007,0.382
SPADES FIVE CLUBS KING,0.6804,0.0878,0.2318
SPADES FIVE CLUBS QUEEN,0.6348,0.0052,0.36
CLUBS EIGHT CLUBS ACE,0.4066,0.0038,0.5896
DIAMONDS TWO DIAMONDS THREE,0.63,0.006,0.364
DIAMONDS TWO DIAMONDS FIVE,0.6212,0.0074,0.3714
HEARTS FIVE SPADES KING,0.6868,0.0906,0.2226
DIAMONDS TWO DIAMONDS FOUR,0.6144,0.0096,0.376
HEARTS FIVE SPADES QUEEN,0.6474,0.0082,0.3444
DIAMONDS TWO DIAMONDS SEVEN,0.6376,0.0076,0.3548
DIAMONDS TWO DIAMONDS SIX,0.6344,0.0056,0.36
SPADES ACE HEARTS FIVE,0.4244,0.0042,0.5714
DIAMONDS TWO DIAMONDS NINE,0.6404,0.0062,0.3534
DIAMONDS TWO DIAMONDS EIGHT,0.6466,0.0062,0.3472
DIAMONDS THREE DIAMONDS FOUR,0.6018,0.0088,0.3894
CLUBS TWO SPADES FOUR,0.6684,0.0086,0.323
DIAMONDS THREE DIAMONDS FIVE,0.619,0.0082,0.3728
SPADES FIVE CLUBS TWO,0.6504,0.0104,0.3392
CLUBS TWO SPADES TWO,0.4746,0.0098,0.5156
CLUBS TWO SPADES THREE,0.665,0.005,0.33
DIAMONDS THREE DIAMONDS EIGHT,0.651,0.0052,0.3438
SPADES EIGHT CLUBS TWO,0.664,0.007,0.329
DIAMONDS THREE DIAMONDS NINE,0.6328,0.008,0.3592
SPADES NINE CLUBS TWO,0.6772,0.008,0.3148
DIAMONDS THREE DIAMONDS SIX,0.616,0.0086,0.3754
SPADES SIX CLUBS TWO,0.6778,0.0054,0.3168
DIAMONDS THREE DIAMONDS SEVEN,0.6394,0.007,0.3536
SPADES SEVEN CLUBS TWO,0.6816,0.0076,0.3108
CLUBS SIX CLUBS TWO,0.6372,0.0068,0.356
CLUBS SEVEN CLUBS TWO,0.6422,0.0076,0.3502
CLUBS FOUR CLUBS TWO,0.6266,0.0064,0.367
CLUBS FIVE CLUBS TWO,0.6162,0.0082,0.3756
DIAMONDS FOUR DIAMONDS SIX,0.6,0.0096,0.3904
CLUBS TEN CLUBS QUEEN,0.5928,0.0062,0.401
DIAMONDS FOUR DIAMONDS SEVEN,0.6194,0.0066,0.374
CLUBS TEN CLUBS KING,0.6374,0.0812,0.2814
CLUBS TEN CLUBS ACE,0.3784,0.0054,0.6162
CLUBS EIGHT CLUBS TWO,0.6422,0.0072,0.3506
DIAMONDS FIVE DIAMONDS FOUR,0.5994,0.0084,0.3922
CLUBS NINE CLUBS TWO,0.6504,0.005,0.3446
DIAMONDS NINE DIAMONDS FOUR,0.6448,0.0082,0.347
DIAMONDS EIGHT DIAMONDS FOUR,0.631,0.0106,0.3584
CLUBS THREE CLUBS TWO,0.623,0.0092,0.3678
DIAMONDS NINE DIAMONDS FIVE,0.636,0.011,0.353
DIAMONDS EIGHT DIAMONDS FIVE,0.6138,0.0086,0.3776
CLUBS TEN DIAMONDS TWO,0.7016,0.0078,0.2906
DIAMONDS FIVE DIAMONDS SEVEN,0.6094,0.0068,0.3838
DIAMONDS FIVE DIAMONDS SIX,0.587,0.009,0.404
DIAMONDS TWO CLUBS ACE,0.4146,0.0064,0.579
DIAMONDS TWO CLUBS KING,0.687,0.0874,0.2256
DIAMONDS TWO CLUBS QUEEN,0.6622,0.0058,0.332
DIAMONDS EIGHT DIAMONDS SIX,0.6118,0.0088,0.3794
DIAMONDS NINE DIAMONDS SIX,0.6266,0.0068,0.3666
HEARTS ACE SPADES THREE,0.4226,0.0046,0.5728
SPADES THREE HEARTS KING,0.6884,0.084,0.2276
DIAMONDS SEVEN DIAMONDS SIX,0.5964,0.007,0.3966
HEARTS QUEEN SPADES THREE,0.6594,0.0076,0.333
SPADES THREE HEARTS JACK,0.7408,0.0344,0.2248
SPADES THREE HEARTS TEN,0.6664,0.0086,0.325
DIAMONDS EIGHT DIAMONDS SEVEN,0.6058,0.0064,0.3878
DIAMONDS NINE DIAMONDS SEVEN,0.6146,0.0064,0.379
DIAMONDS NINE DIAMONDS EIGHT,0.6054,0.0068,0.3878
HEARTS THREE HEARTS TEN,0.6464,0.0072,0.3464
SPADES JACK CLUBS SIX,0.735,0.0284,0.2366
HEARTS THREE HEARTS JACK,0.6962,0.0274,0.2764
SPADES TEN CLUBS SIX,0.6752,0.0064,0.3184
SPADES JACK SPADES FIVE,0.6806,0.0308,0.2886
SPADES TEN SPADES FIVE,0.6452,0.0064,0.3484
HEARTS THREE HEARTS ACE,0.3882,0.0048,0.607
SPADES ACE CLUBS SIX,0.4372,0.004,0.5588
HEARTS THREE HEARTS QUEEN,0.616,0.008,0.376
SPADES KING CLUBS SIX,0.6732,0.0852,0.2416
HEARTS THREE HEARTS KING,0.6256,0.0852,0.2892
SPADES QUEEN CLUBS SIX,0.6494,0.0066,0.344
SPADES NINE HEARTS TEN,0.6322,0.005,0.3628
SPADES NINE HEARTS JACK,0.7166,0.0252,0.2582
SPADES QUEEN SPADES FIVE,0.6082,0.0056,0.3862
SPADES KING SPADES FIVE,0.6412,0.0808,0.278
SPADES ACE SPADES FIVE,0.397,0.0042,0.5988
SPADES NINE HEARTS QUEEN,0.6278,0.0054,0.3668
SPADES NINE HEARTS KING,0.6814,0.0826,0.236
SPADES NINE HEARTS ACE,0.4254,0.0022,0.5724
CLUBS TEN SPADES JACK,0.6982,0.0316,0.2702
CLUBS TEN SPADES TEN,0.4324,0.0048,0.5628
SPADES ACE CLUBS TEN,0.408,0.0046,0.5874
SPADES KING CLUBS TEN,0.6896,0.0882,0.2222
CLUBS TEN SPADES QUEEN,0.627,0.0066,0.3664
SPADES FIVE HEARTS QUEEN,0.6396,0.0066,0.3538
SPADES FIVE HEARTS KING,0.6724,0.0838,0.2438
HEARTS ACE SPADES FIVE,0.4254,0.0026,0.572
CLUBS EIGHT SPADES TEN,0.6518,0.0074,0.3408
SPADES JACK HEARTS THREE,0.7506,0.0282,0.2212
SPADES TEN HEARTS THREE,0.679,0.0068,0.3142
SPADES JACK CLUBS EIGHT,0.74,0.0264,0.2336
CLUBS SIX HEARTS ACE,0.4294,0.005,0.5656
SPADES ACE CLUBS EIGHT,0.4246,0.006,0.5694
HEARTS FIVE CLUBS TEN,0.677,0.0078,0.3152
CLUBS SIX HEARTS QUEEN,0.6522,0.0074,0.3404
SPADES QUEEN CLUBS EIGHT,0.6452,0.0076,0.3472
CLUBS TEN SPADES THREE,0.6744,0.0062,0.3194
CLUBS SIX HEARTS KING,0.6788,0.09,0.2312
SPADES KING CLUBS EIGHT,0.6982,0.0786,0.2232
DIAMONDS TWO HEARTS JACK,0.7496,0.0336,0.2168
SPADES THREE CLUBS QUEEN,0.6598,0.0062,0.334
DIAMONDS TWO HEARTS TEN,0.699,0.0082,0.2928
SPADES THREE CLUBS KING,0.673,0.0898,0.2372
HEARTS FIVE CLUBS ACE,0.4108,0.0054,0.5838
SPADES FIVE HEARTS TEN,0.6658,0.0046,0.3296
SPADES THREE CLUBS ACE,0.4296,0.0056,0.5648
HEARTS FIVE CLUBS KING,0.671,0.0822,0.2468
SPADES FIVE HEARTS JACK,0.7256,0.0294,0.245
HEARTS FIVE CLUBS QUEEN,0.6514,0.006,0.3426
HEARTS THREE CLUBS KING,0.677,0.0896,0.2334
HEARTS THREE CLUBS QUEEN,0.6444,0.0094,0.3462
HEARTS FIVE HEARTS JACK,0.6844,0.029,0.2866
HEARTS FIVE HEARTS TEN,0.643,0.0058,0.3512
HEARTS THREE CLUBS ACE,0.4248,0.0044,0.5708
SPADES ACE CLUBS QUEEN,0.3586,0.0036,0.6378
SPADES KING CLUBS QUEEN,0.2272,0.0626,0.7102
SPADES QUEEN CLUBS QUEEN,0.2736,0.004,0.7224
CLUBS TEN HEARTS THREE,0.6788,0.0086,0.3126
SPADES JACK CLUBS QUEEN,0.7156,0.0262,0.2582
CLUBS SIX CLUBS QUEEN,0.612,0.0056,0.3824
SPADES TEN CLUBS QUEEN,0.612,0.007,0.381
CLUBS SIX CLUBS KING,0.6406,0.0872,0.2722
CLUBS SIX CLUBS ACE,0.4062,0.0038,0.59
HEARTS FIVE HEARTS KING,0.6316,0.0862,0.2822
HEARTS FIVE HEARTS QUEEN,0.6104,0.0056,0.384
CLUBS TEN CLUBS SIX,0.6428,0.0054,0.3518
HEARTS FIVE HEARTS ACE,0.4042,0.004,0.5918
SPADES SEVEN HEARTS JACK,0.7404,0.0274,0.2322
SPADES SEVEN HEARTS TEN,0.6632,0.0038,0.333
DIAMONDS TWO CLUBS TWO,0.4838,0.0098,0.5064
DIAMONDS TWO CLUBS THREE,0.6576,0.0084,0.334
DIAMONDS TWO HEARTS SIX,0.6638,0.0066,0.3296
DIAMONDS TWO HEARTS QUEEN,0.6668,0.0088,0.3244
HEARTS SEVEN DIAMONDS TWO,0.667,0.0064,0.3266
DIAMONDS TWO HEARTS KING,0.6932,0.0916,0.2152
DIAMONDS TWO HEARTS EIGHT,0.6778,0.007,0.3152
DIAMONDS TWO HEARTS ACE,0.431,0.0036,0.5654
DIAMONDS TWO HEARTS NINE,0.6892,0.0062,0.3046
DIAMONDS TWO DIAMONDS QUEEN,0.6278,0.0054,0.3668
DIAMONDS TWO HEARTS TWO,0.488,0.0106,0.5014
DIAMONDS TWO HEARTS THREE,0.6624,0.0074,0.3302
DIAMONDS TWO DIAMONDS ACE,0.3942,0.008,0.5978
HEARTS FOUR DIAMONDS TWO,0.6664,0.008,0.3256
HEARTS FIVE DIAMONDS TWO,0.6466,0.0072,0.3462
SPADES SEVEN HEARTS ACE,0.4262,0.0036,0.5702
DIAMONDS TWO DIAMONDS TEN,0.657,0.006,0.337
SPADES SEVEN HEARTS KING,0.671,0.089,0.24
DIAMONDS TWO DIAMONDS JACK,0.7202,0.029,0.2508
SPADES SEVEN HEARTS QUEEN,0.6464,0.0038,0.3498
DIAMONDS TWO SPADES NINE,0.68,0.007,0.313
DIAMONDS TWO SPADES EIGHT,0.6794,0.0052,0.3154
DIAMONDS TWO SPADES SEVEN,0.674,0.0088,0.3172
DIAMONDS TWO SPADES SIX,0.673,0.0084,0.3186
DIAMONDS TWO SPADES FIVE,0.6448,0.0068,0.3484
DIAMONDS TWO SPADES FOUR,0.6498,0.0088,0.3414
DIAMONDS TWO SPADES THREE,0.6662,0.0076,0.3262
DIAMONDS TWO SPADES TWO,0.475,0.0096,0.5154
CLUBS NINE DIAMONDS TWO,0.6848,0.009,0.3062
DIAMONDS TWO CLUBS EIGHT,0.6908,0.0078,0.3014
CLUBS SEVEN DIAMONDS TWO,0.6878,0.0094,0.3028
DIAMONDS TWO CLUBS SIX,0.6784,0.008,0.3136
DIAMONDS TWO CLUBS FIVE,0.6578,0.0074,0.3348
DIAMONDS TWO CLUBS FOUR,0.6528,0.008,0.3392
CLUBS FOUR SPADES FIVE,0.6206,0.008,0.3714
CLUBS FOUR SPADES FOUR,0.484,0.0094,0.5066
CLUBS FOUR SPADES THREE,0.6378,0.0094,0.3528
CLUBS FOUR SPADES TWO,0.6522,0.0094,0.3384
SPADES NINE CLUBS FOUR,0.6808,0.009,0.3102
SPADES EIGHT CLUBS FOUR,0.656,0.007,0.337
SPADES SEVEN CLUBS FOUR,0.6404,0.0086,0.351
CLUBS FOUR SPADES SIX,0.638,0.0064,0.3556
SPADES ACE DIAMONDS SIX,0.4206,0.0038,0.5756
SPADES QUEEN DIAMONDS SIX,0.6424,0.006,0.3516
SPADES KING DIAMONDS SIX,0.679,0.0868,0.2342
SPADES TEN DIAMONDS SIX,0.6756,0.007,0.3174
SPADES JACK DIAMONDS SIX,0.7274,0.0302,0.2424
SPADES QUEEN SPADES TWO,0.6182,0.0086,0.3732
SPADES KING SPADES TWO,0.6402,0.0844,0.2754
SPADES ACE SPADES TWO,0.4036,0.0046,0.5918
CLUBS TEN DIAMONDS JACK,0.7268,0.0294,0.2438
DIAMONDS JACK CLUBS KING,0.0062,0.9862,0.0076
DIAMONDS JACK CLUBS QUEEN,0.7304,0.024,0.2456
DIAMONDS THREE DIAMONDS JACK,0.698,0.0326,0.2694
DIAMONDS THREE DIAMONDS TEN,0.6554,0.0064,0.3382
DIAMONDS JACK CLUBS ACE,0.2384,0.0184,0.7432
DIAMONDS THREE HEARTS THREE,0.4812,0.0082,0.5106
DIAMONDS THREE DIAMONDS QUEEN,0.6354,0.0068,0.3578
DIAMONDS THREE HEARTS TWO,0.66,0.0078,0.3322
HEARTS FIVE DIAMONDS THREE,0.6306,0.0072,0.3622
DIAMONDS THREE DIAMONDS ACE,0.413,0.0042,0.5828
HEARTS FOUR DIAMONDS THREE,0.641,0.0088,0.3502
HEARTS SEVEN DIAMONDS THREE,0.6622,0.0076,0.3302
SPADES TEN SPADES NINE,0.6048,0.0072,0.388
HEARTS SIX DIAMONDS THREE,0.6544,0.0082,0.3374
SPADES JACK SPADES NINE,0.667,0.0324,0.3006
DIAMONDS THREE HEARTS NINE,0.6736,0.0062,0.3202
HEARTS JACK DIAMONDS FOUR,0.746,0.0294,0.2246
HEARTS ACE HEARTS KING,0.2358,0.0106,0.7536
SPADES TEN SPADES TWO,0.634,0.0066,0.3594
DIAMONDS THREE HEARTS EIGHT,0.6792,0.009,0.3118
HEARTS TEN DIAMONDS FOUR,0.6784,0.0088,0.3128
SPADES JACK SPADES TWO,0.7042,0.0256,0.2702
HEARTS QUEEN DIAMONDS FOUR,0.6634,0.0078,0.3288
HEARTS KING DIAMONDS FOUR,0.684,0.0894,0.2266
SPADES ACE SPADES NINE,0.3924,0.005,0.6026
HEARTS ACE DIAMONDS FOUR,0.4084,0.0042,0.5874
SPADES KING SPADES NINE,0.646,0.08,0.274
SPADES QUEEN SPADES NINE,0.5896,0.0072,0.4032
DIAMONDS THREE SPADES NINE,0.6674,0.0068,0.3258
DIAMONDS THREE SPADES EIGHT,0.6868,0.008,0.3052
DIAMONDS THREE SPADES SEVEN,0.6654,0.0076,0.327
DIAMONDS THREE SPADES SIX,0.645,0.0084,0.3466
DIAMONDS THREE CLUBS SIX,0.6534,0.007,0.3396
CLUBS FIVE CLUBS SIX,0.6108,0.0056,0.3836
CLUBS ACE DIAMONDS FOUR,0.4222,0.0058,0.572
CLUBS SEVEN DIAMONDS THREE,0.6718,0.007,0.3212
CLUBS SEVEN CLUBS FIVE,0.6142,0.0066,0.3792
DIAMONDS THREE CLUBS FOUR,0.6508,0.008,0.3412
DIAMONDS FOUR CLUBS QUEEN,0.6514,0.0084,0.3402
DIAMONDS THREE CLUBS FIVE,0.6496,0.0104,0.34
DIAMONDS FOUR CLUBS KING,0.6734,0.0854,0.2412
DIAMONDS THREE CLUBS TWO,0.6674,0.0104,0.3222
CLUBS TEN DIAMONDS FOUR,0.6954,0.0094,0.2952
DIAMONDS THREE CLUBS THREE,0.4736,0.011,0.5154
DIAMONDS THREE SPADES FOUR,0.6358,0.0082,0.356
DIAMONDS THREE SPADES FIVE,0.6338,0.0096,0.3566
DIAMONDS THREE SPADES TWO,0.6638,0.009,0.3272
DIAMONDS THREE SPADES THREE,0.483,0.009,0.508
CLUBS EIGHT DIAMONDS THREE,0.683,0.0066,0.3104
CLUBS NINE DIAMONDS THREE,0.6834,0.0092,0.3074
SPADES SEVEN CLUBS ACE,0.4204,0.0038,0.5758
SPADES SEVEN CLUBS QUEEN,0.6552,0.0058,0.339
SPADES SEVEN CLUBS KING,0.6794,0.085,0.2356
CLUBS FIVE SPADES SEVEN,0.6368,0.0074,0.3558
CLUBS TEN SPADES SEVEN,0.6526,0.0076,0.3398
CLUBS FIVE SPADES SIX,0.6204,0.006,0.3736
CLUBS FIVE SPADES NINE,0.652,0.0062,0.3418
CLUBS FIVE SPADES EIGHT,0.6412,0.0086,0.3502
CLUBS FIVE SPADES THREE,0.6366,0.0088,0.3546
CLUBS FIVE SPADES TWO,0.644,0.0092,0.3468
CLUBS FIVE SPADES FIVE,0.478,0.0098,0.5122
CLUBS FIVE SPADES FOUR,0.6282,0.0082,0.3636
CLUBS NINE CLUBS FIVE,0.6288,0.0072,0.364
CLUBS EIGHT CLUBS FIVE,0.6278,0.0054,0.3668
CLUBS ACE CLUBS QUEEN,0.3484,0.0052,0.6464
CLUBS KING CLUBS QUEEN,0.234,0.062,0.704
DIAMONDS TEN DIAMONDS FOUR,0.643,0.008,0.349
CLUBS TEN DIAMONDS NINE,0.6442,0.006,0.3498
DIAMONDS JACK DIAMONDS FOUR,0.7018,0.037,0.2612
CLUBS TEN SPADES NINE,0.632,0.006,0.362
DIAMONDS ACE DIAMONDS FOUR,0.3986,0.0036,0.5978
HEARTS FOUR DIAMONDS FOUR,0.4782,0.008,0.5138
DIAMONDS JACK HEARTS TEN,0.7226,0.026,0.2514
SPADES NINE CLUBS KING,0.6794,0.0814,0.2392
DIAMONDS TWO SPADES TEN,0.6894,0.0072,0.3034
DIAMONDS NINE CLUBS ACE,0.409,0.005,0.586
HEARTS FIVE DIAMONDS FOUR,0.6218,0.007,0.3712
DIAMONDS JACK HEARTS JACK,0.3106,0.0168,0.6726
SPADES NINE CLUBS QUEEN,0.6306,0.0096,0.3598
DIAMONDS TWO SPADES JACK,0.7474,0.0354,0.2172
DIAMONDS QUEEN DIAMONDS FOUR,0.6352,0.0058,0.359
HEARTS TWO DIAMONDS FOUR,0.655,0.008,0.337
DIAMONDS NINE CLUBS QUEEN,0.6374,0.0098,0.3528
HEARTS THREE DIAMONDS FOUR,0.6474,0.0082,0.3444
SPADES NINE CLUBS ACE,0.4078,0.0056,0.5866
DIAMONDS NINE CLUBS KING,0.6826,0.0902,0.2272
HEARTS ACE DIAMONDS JACK,0.257,0.016,0.727
SPADES ACE DIAMONDS TWO,0.4324,0.004,0.5636
HEARTS QUEEN DIAMONDS JACK,0.7232,0.0262,0.2506
SPADES QUEEN DIAMONDS TWO,0.6694,0.009,0.3216
DIAMONDS JACK HEARTS KING,0.017,0.9716,0.0114
SPADES KING DIAMONDS TWO,0.698,0.083,0.219
SPADES JACK SPADES SEVEN,0.6792,0.028,0.2928
SPADES TEN SPADES SEVEN,0.634,0.0056,0.3604
CLUBS SEVEN CLUBS THREE,0.6312,0.007,0.3618
CLUBS SIX CLUBS THREE,0.6278,0.0074,0.3648
CLUBS FIVE CLUBS THREE,0.6074,0.0078,0.3848
CLUBS THREE CLUBS FOUR,0.6008,0.0098,0.3894
CLUBS NINE CLUBS THREE,0.6388,0.0072,0.354
CLUBS EIGHT CLUBS THREE,0.6528,0.0084,0.3388
CLUBS THREE SPADES FIVE,0.635,0.0092,0.3558
CLUBS THREE SPADES FOUR,0.643,0.0066,0.3504
CLUBS THREE SPADES THREE,0.4658,0.0078,0.5264
CLUBS THREE SPADES TWO,0.6558,0.0082,0.336
CLUBS THREE SPADES SIX,0.6636,0.0072,0.3292
CLUBS THREE SPADES SEVEN,0.6608,0.0068,0.3324
SPADES EIGHT CLUBS THREE,0.6728,0.0084,0.3188
SPADES NINE CLUBS THREE,0.6742,0.006,0.3198
SPADES TWO DIAMONDS FOUR,0.6474,0.0098,0.3428
SPADES THREE DIAMONDS FOUR,0.6468,0.0088,0.3444
SPADES FOUR DIAMONDS FOUR,0.4692,0.0082,0.5226
SPADES FIVE DIAMONDS FOUR,0.6294,0.0084,0.3622
SPADES SIX DIAMONDS FOUR,0.6314,0.0078,0.3608
SPADES SEVEN DIAMONDS FOUR,0.6474,0.008,0.3446
SPADES EIGHT DIAMONDS FOUR,0.672,0.0056,0.3224
SPADES NINE DIAMONDS FOUR,0.6742,0.0074,0.3184
CLUBS FIVE DIAMONDS FOUR,0.6342,0.0084,0.3574
CLUBS FOUR DIAMONDS FOUR,0.4794,0.0088,0.5118
CLUBS SEVEN DIAMONDS FOUR,0.6578,0.0092,0.333
CLUBS SIX DIAMONDS FOUR,0.647,0.0072,0.3458
CLUBS NINE DIAMONDS FOUR,0.6858,0.008,0.3062
CLUBS EIGHT DIAMONDS FOUR,0.6672,0.0056,0.3272
HEARTS SEVEN DIAMONDS FOUR,0.6498,0.0086,0.3416
HEARTS SIX DIAMONDS FOUR,0.6324,0.006,0.3616
DIAMONDS FOUR HEARTS NINE,0.6744,0.0068,0.3188
DIAMONDS FOUR HEARTS EIGHT,0.6602,0.0068,0.333
CLUBS THREE DIAMONDS FOUR,0.6422,0.0098,0.348
CLUBS TWO DIAMONDS FOUR,0.6622,0.009,0.3288
DIAMONDS TEN DIAMONDS FIVE,0.646,0.0074,0.3466
DIAMONDS JACK DIAMONDS FIVE,0.7062,0.0342,0.2596
DIAMONDS NINE HEARTS QUEEN,0.6528,0.0046,0.3426
DIAMONDS NINE HEARTS KING,0.6828,0.0852,0.232
HEARTS ACE DIAMONDS NINE,0.4182,0.0036,0.5782
DIAMONDS NINE HEARTS TEN,0.6476,0.009,0.3434
DIAMONDS NINE HEARTS JACK,0.718,0.0278,0.2542
CLUBS KING DIAMONDS SIX,0.6828,0.0892,0.228
CLUBS QUEEN DIAMONDS SIX,0.6458,0.006,0.3482
CLUBS ACE DIAMONDS SIX,0.423,0.0046,0.5724
SPADES KING DIAMONDS FOUR,0.682,0.0908,0.2272
SPADES ACE SPADES SEVEN,0.3942,0.0032,0.6026
SPADES QUEEN DIAMONDS FOUR,0.6516,0.0084,0.34
SPADES QUEEN SPADES SEVEN,0.6192,0.007,0.3738
SPADES KING SPADES SEVEN,0.6312,0.0784,0.2904
SPADES ACE DIAMONDS FOUR,0.426,0.0052,0.5688
CLUBS TEN DIAMONDS SIX,0.675,0.0082,0.3168
CLUBS NINE CLUBS FOUR,0.6442,0.0062,0.3496
CLUBS EIGHT CLUBS FOUR,0.6316,0.0076,0.3608
SPADES JACK DIAMONDS FOUR,0.749,0.0316,0.2194
SPADES TEN DIAMONDS FOUR,0.6772,0.0062,0.3166
CLUBS FIVE CLUBS FOUR,0.5918,0.0084,0.3998
CLUBS SEVEN CLUBS FOUR,0.6106,0.008,0.3814
CLUBS SIX CLUBS FOUR,0.5988,0.0042,0.397
CLUBS SEVEN SPADES EIGHT,0.6356,0.0076,0.3568
CLUBS SEVEN SPADES NINE,0.6428,0.0062,0.351
CLUBS SEVEN SPADES SIX,0.6174,0.0062,0.3764
CLUBS SEVEN SPADES SEVEN,0.472,0.0072,0.5208
CLUBS SEVEN SPADES FIVE,0.643,0.0064,0.3506
CLUBS SEVEN SPADES FOUR,0.6408,0.0082,0.351
CLUBS SEVEN SPADES THREE,0.6666,0.0076,0.3258
CLUBS SEVEN SPADES TWO,0.684,0.0052,0.3108
CLUBS NINE CLUBS SEVEN,0.607,0.0072,0.3858
CLUBS SEVEN CLUBS EIGHT,0.5936,0.0042,0.4022
HEARTS SIX DIAMONDS FIVE,0.6192,0.0044,0.3764
HEARTS SEVEN DIAMONDS FIVE,0.6376,0.0046,0.3578
DIAMONDS FIVE HEARTS EIGHT,0.6542,0.0072,0.3386
DIAMONDS FIVE HEARTS NINE,0.669,0.0054,0.3256
DIAMONDS QUEEN DIAMONDS FIVE,0.6196,0.0078,0.3726
HEARTS TWO DIAMONDS FIVE,0.6396,0.0086,0.3518
HEARTS KING HEARTS EIGHT,0.6276,0.0816,0.2908
HEARTS THREE DIAMONDS FIVE,0.629,0.0096,0.3614
HEARTS QUEEN HEARTS EIGHT,0.6014,0.006,0.3926
DIAMONDS ACE DIAMONDS FIVE,0.4032,0.0054,0.5914
HEARTS FOUR DIAMONDS FIVE,0.614,0.007,0.379
HEARTS FIVE DIAMONDS FIVE,0.475,0.0082,0.5168
HEARTS ACE HEARTS EIGHT,0.3836,0.0032,0.6132
CLUBS FOUR DIAMONDS FIVE,0.6354,0.0092,0.3554
CLUBS FIVE DIAMONDS FIVE,0.4658,0.0104,0.5238
CLUBS SIX DIAMONDS FIVE,0.631,0.0068,0.3622
CLUBS SEVEN DIAMONDS FIVE,0.6372,0.0062,0.3566
CLUBS TWO DIAMONDS FIVE,0.6486,0.009,0.3424
CLUBS THREE DIAMONDS FIVE,0.6356,0.0076,0.3568
SPADES THREE DIAMONDS FIVE,0.6412,0.007,0.3518
SPADES TWO DIAMONDS FIVE,0.633,0.0068,0.3602
SPADES JACK DIAMONDS EIGHT,0.7526,0.0276,0.2198
SPADES FIVE DIAMONDS FIVE,0.4786,0.0068,0.5146
CLUBS TEN HEARTS JACK,0.708,0.0302,0.2618
SPADES TEN DIAMONDS EIGHT,0.6522,0.0054,0.3424
SPADES FOUR DIAMONDS FIVE,0.6376,0.0058,0.3566
HEARTS JACK CLUBS QUEEN,0.7212,0.0234,0.2554
CLUBS NINE DIAMONDS FIVE,0.665,0.0092,0.3258
HEARTS JACK CLUBS KING,0.0088,0.9752,0.016
CLUBS EIGHT DIAMONDS FIVE,0.646,0.0056,0.3484
CLUBS ACE HEARTS JACK,0.2494,0.0134,0.7372
SPADES SEVEN DIAMONDS FIVE,0.6142,0.007,0.3788
SPADES KING DIAMONDS EIGHT,0.6852,0.0834,0.2314
SPADES QUEEN DIAMONDS EIGHT,0.6488,0.007,0.3442
SPADES SIX DIAMONDS FIVE,0.6318,0.0082,0.36
SPADES NINE DIAMONDS FIVE,0.6652,0.0072,0.3276
SPADES EIGHT DIAMONDS FIVE,0.6526,0.0064,0.341
SPADES ACE DIAMONDS EIGHT,0.4212,0.004,0.5748
DIAMONDS TEN DIAMONDS SIX,0.644,0.0058,0.3502
HEARTS ACE DIAMONDS SEVEN,0.4202,0.0038,0.576
DIAMONDS JACK DIAMONDS SIX,0.7012,0.031,0.2678
HEARTS QUEEN DIAMONDS SEVEN,0.6558,0.005,0.3392
HEARTS KING DIAMONDS SEVEN,0.6628,0.0904,0.2468
DIAMONDS ACE DIAMONDS SIX,0.3988,0.005,0.5962
HEARTS FOUR DIAMONDS SIX,0.6398,0.0052,0.355
SPADES TWO HEARTS JACK,0.7438,0.0292,0.227
HEARTS FIVE DIAMONDS SIX,0.638,0.005,0.357
SPADES TWO HEARTS TEN,0.6866,0.0062,0.3072
DIAMONDS QUEEN DIAMONDS SIX,0.6274,0.0074,0.3652
HEARTS TWO DIAMONDS SIX,0.6642,0.0096,0.3262
HEARTS THREE DIAMONDS SIX,0.6604,0.0068,0.3328
HEARTS EIGHT DIAMONDS SIX,0.6476,0.0046,0.3478
HEARTS NINE DIAMONDS SIX,0.645,0.0078,0.3472
HEARTS SIX DIAMONDS SIX,0.4608,0.0088,0.5304
HEARTS SEVEN DIAMONDS SIX,0.6356,0.0062,0.3582
HEARTS TEN DIAMONDS SEVEN,0.6608,0.0074,0.3318
CLUBS TWO DIAMONDS SIX,0.6662,0.007,0.3268
HEARTS JACK DIAMONDS SEVEN,0.7212,0.032,0.2468
CLUBS THREE DIAMONDS SIX,0.652,0.0054,0.3426
CLUBS SEVEN DIAMONDS SIX,0.6412,0.006,0.3528
CLUBS SIX DIAMONDS SIX,0.4856,0.012,0.5024
CLUBS TEN DIAMONDS EIGHT,0.6586,0.006,0.3354
CLUBS FIVE DIAMONDS SIX,0.6408,0.0078,0.3514
CLUBS FOUR DIAMONDS SIX,0.6368,0.007,0.3562
HEARTS ACE HEARTS JACK,0.2388,0.0114,0.7498
DIAMONDS EIGHT CLUBS ACE,0.4202,0.0054,0.5744
HEARTS QUEEN HEARTS JACK,0.673,0.0256,0.3014
DIAMONDS EIGHT CLUBS KING,0.673,0.091,0.236
CLUBS NINE DIAMONDS SIX,0.6556,0.0072,0.3372
HEARTS KING HEARTS JACK,0.0236,0.9046,0.0718
DIAMONDS EIGHT CLUBS QUEEN,0.6366,0.0078,0.3556
CLUBS EIGHT DIAMONDS SIX,0.6454,0.009,0.3456
SPADES TEN HEARTS KING,0.6856,0.082,0.2324
SPADES FIVE DIAMONDS SIX,0.6244,0.006,0.3696
HEARTS ACE SPADES TWO,0.4142,0.004,0.5818
SPADES JACK HEARTS KING,0.022,0.9584,0.0196
SPADES FOUR DIAMONDS SIX,0.6396,0.0058,0.3546
SPADES THREE DIAMONDS SIX,0.643,0.0072,0.3498
HEARTS QUEEN SPADES TWO,0.6682,0.005,0.3268
SPADES ACE SPADES KING,0.2324,0.0116,0.756
HEARTS KING SPADES TWO,0.6716,0.0896,0.2388
SPADES TWO DIAMONDS SIX,0.6634,0.0072,0.3294
HEARTS TEN HEARTS EIGHT,0.6028,0.0062,0.391
SPADES NINE DIAMONDS SIX,0.648,0.005,0.347
HEARTS JACK HEARTS EIGHT,0.688,0.03,0.282
SPADES EIGHT DIAMONDS SIX,0.6394,0.0054,0.3552
SPADES SEVEN DIAMONDS SIX,0.631,0.005,0.364
SPADES SIX DIAMONDS SIX,0.4686,0.005,0.5264
SPADES KING HEARTS KING,0.105,0.0112,0.8838
SPADES QUEEN HEARTS KING,0.2372,0.0584,0.7044
CLUBS ACE CLUBS KING,0.2276,0.012,0.7604
SPADES ACE HEARTS KING,0.2378,0.0102,0.752
SPADES ACE HEARTS JACK,0.244,0.013,0.743
SPADES QUEEN HEARTS JACK,0.731,0.0254,0.2436
SPADES KING HEARTS JACK,0.0206,0.9572,0.0222
SPADES TEN DIAMONDS TEN,0.4356,0.0082,0.5562
SPADES JACK DIAMONDS TEN,0.7204,0.03,0.2496
SPADES ACE DIAMONDS TEN,0.4082,0.0048,0.587
SPADES JACK HEARTS JACK,0.3142,0.0184,0.6674
SPADES TEN HEARTS JACK,0.7068,0.0298,0.2634
SPADES QUEEN DIAMONDS TEN,0.61,0.0098,0.3802
SPADES KING DIAMONDS TEN,0.6748,0.0816,0.2436
SPADES NINE DIAMONDS SEVEN,0.6418,0.0078,0.3504
SPADES EIGHT DIAMONDS SEVEN,0.6432,0.006,0.3508
SPADES SEVEN DIAMONDS SEVEN,0.4656,0.0082,0.5262
SPADES SIX DIAMONDS SEVEN,0.6294,0.0072,0.3634
HEARTS THREE DIAMONDS SEVEN,0.653,0.0076,0.3394
HEARTS KING DIAMONDS FIVE,0.6748,0.0884,0.2368
DIAMONDS QUEEN DIAMONDS SEVEN,0.6184,0.0072,0.3744
HEARTS TWO DIAMONDS SEVEN,0.6668,0.0092,0.324
HEARTS QUEEN DIAMONDS FIVE,0.652,0.0076,0.3404
HEARTS FIVE DIAMONDS SEVEN,0.636,0.0068,0.3572
DIAMONDS ACE DIAMONDS SEVEN,0.413,0.0044,0.5826
HEARTS FOUR DIAMONDS SEVEN,0.6474,0.0066,0.346
HEARTS ACE DIAMONDS FIVE,0.4106,0.0032,0.5862
HEARTS SEVEN DIAMONDS SEVEN,0.467,0.0078,0.5252
HEARTS SIX DIAMONDS SEVEN,0.6312,0.006,0.3628
DIAMONDS SEVEN HEARTS NINE,0.633,0.007,0.36
HEARTS EIGHT DIAMONDS SEVEN,0.6354,0.007,0.3576
DIAMONDS JACK DIAMONDS SEVEN,0.699,0.0302,0.2708
DIAMONDS FIVE HEARTS JACK,0.738,0.0308,0.2312
DIAMONDS TEN DIAMONDS SEVEN,0.6264,0.0084,0.3652
HEARTS TEN DIAMONDS FIVE,0.6752,0.0094,0.3154
SPADES KING CLUBS TWO,0.6936,0.0816,0.2248
HEARTS KING CLUBS KING,0.0996,0.0146,0.8858
CLUBS EIGHT DIAMONDS SEVEN,0.619,0.0074,0.3736
SPADES QUEEN CLUBS TWO,0.6502,0.0072,0.3426
HEARTS KING CLUBS QUEEN,0.2386,0.059,0.7024
CLUBS NINE DIAMONDS SEVEN,0.6534,0.0066,0.34
SPADES ACE CLUBS TWO,0.4324,0.0038,0.5638
CLUBS TEN SPADES TWO,0.6918,0.0096,0.2986
HEARTS KING CLUBS ACE,0.2394,0.0092,0.7514
CLUBS SEVEN CLUBS SIX,0.6054,0.0066,0.388
SPADES TWO CLUBS KING,0.6892,0.0884,0.2224
SPADES TWO DIAMONDS SEVEN,0.6778,0.0068,0.3154
CLUBS EIGHT CLUBS SIX,0.6156,0.0056,0.3788
SPADES THREE DIAMONDS SEVEN,0.6586,0.0062,0.3352
SPADES TWO CLUBS QUEEN,0.662,0.0064,0.3316
CLUBS NINE CLUBS SIX,0.6222,0.0092,0.3686
SPADES FOUR DIAMONDS SEVEN,0.6492,0.0064,0.3444
SPADES FIVE DIAMONDS SEVEN,0.629,0.0064,0.3646
SPADES TWO CLUBS ACE,0.4106,0.0072,0.5822
CLUBS TEN HEARTS KING,0.6712,0.0888,0.24
CLUBS SIX SPADES TWO,0.6598,0.0074,0.3328
CLUBS SIX SPADES THREE,0.6524,0.0074,0.3402
CLUBS TWO DIAMONDS SEVEN,0.6922,0.0088,0.299
CLUBS SIX SPADES FOUR,0.653,0.0076,0.3394
CLUBS THREE DIAMONDS SEVEN,0.6618,0.0082,0.33
CLUBS SIX SPADES FIVE,0.6402,0.008,0.3518
CLUBS FOUR DIAMONDS SEVEN,0.6504,0.009,0.3406
CLUBS SIX SPADES SIX,0.4764,0.0074,0.5162
CLUBS FIVE DIAMONDS SEVEN,0.64,0.0066,0.3534
CLUBS SIX SPADES SEVEN,0.6356,0.0068,0.3576
CLUBS SIX DIAMONDS SEVEN,0.6392,0.007,0.3538
CLUBS SIX SPADES EIGHT,0.653,0.0054,0.3416
SPADES JACK CLUBS TWO,0.743,0.0326,0.2244
CLUBS SEVEN DIAMONDS SEVEN,0.4718,0.0062,0.522
SPADES NINE CLUBS SIX,0.6614,0.007,0.3316
SPADES TEN CLUBS TWO,0.6988,0.007,0.2942
CLUBS TWO CLUBS QUEEN,0.6338,0.0076,0.3586
CLUBS TWO CLUBS KING,0.6546,0.0846,0.2608
CLUBS THREE DIAMONDS EIGHT,0.6886,0.0072,0.3042
CLUBS TWO CLUBS ACE,0.416,0.004,0.58
CLUBS TWO DIAMONDS EIGHT,0.6888,0.0086,0.3026
HEARTS SEVEN DIAMONDS EIGHT,0.633,0.0062,0.3608
HEARTS SIX DIAMONDS EIGHT,0.6392,0.0054,0.3554
DIAMONDS EIGHT HEARTS NINE,0.6446,0.0052,0.3502
CLUBS TEN CLUBS TWO,0.656,0.0078,0.3362
DIAMONDS EIGHT HEARTS EIGHT,0.4714,0.0072,0.5214
CLUBS NINE DIAMONDS EIGHT,0.647,0.0054,0.3476
CLUBS EIGHT DIAMONDS EIGHT,0.4702,0.009,0.5208
CLUBS FIVE DIAMONDS EIGHT,0.642,0.005,0.353
SPADES ACE SPADES THREE,0.3838,0.0054,0.6108
CLUBS FOUR DIAMONDS EIGHT,0.6732,0.0064,0.3204
CLUBS SEVEN DIAMONDS EIGHT,0.6426,0.0082,0.3492
SPADES QUEEN SPADES THREE,0.6178,0.0056,0.3766
CLUBS SIX DIAMONDS EIGHT,0.643,0.0084,0.3486
SPADES KING SPADES THREE,0.6364,0.0882,0.2754
DIAMONDS QUEEN DIAMONDS EIGHT,0.6186,0.0096,0.3718
HEARTS TWO DIAMONDS EIGHT,0.6876,0.0062,0.3062
HEARTS THREE DIAMONDS EIGHT,0.6774,0.0074,0.3152
DIAMONDS ACE DIAMONDS EIGHT,0.406,0.005,0.589
HEARTS FOUR DIAMONDS EIGHT,0.6762,0.0056,0.3182
HEARTS FIVE DIAMONDS EIGHT,0.6442,0.0068,0.349
DIAMONDS EIGHT DIAMONDS TEN,0.6208,0.005,0.3742
DIAMONDS EIGHT DIAMONDS JACK,0.6944,0.0342,0.2714
SPADES JACK SPADES THREE,0.6926,0.029,0.2784
SPADES TEN SPADES THREE,0.6506,0.0062,0.3432
CLUBS FOUR HEARTS ACE,0.4166,0.0066,0.5768
CLUBS FOUR HEARTS QUEEN,0.6586,0.0056,0.3358
CLUBS FOUR HEARTS KING,0.676,0.086,0.238
CLUBS SIX HEARTS TEN,0.674,0.0048,0.3212
CLUBS SIX HEARTS JACK,0.7428,0.0288,0.2284
DIAMONDS EIGHT SPADES FOUR,0.661,0.0094,0.3296
SPADES FIVE DIAMONDS EIGHT,0.6398,0.0066,0.3536
DIAMONDS EIGHT SPADES TWO,0.6732,0.01,0.3168
DIAMONDS EIGHT SPADES THREE,0.6804,0.0054,0.3142
CLUBS FOUR HEARTS JACK,0.7566,0.0316,0.2118
SPADES EIGHT DIAMONDS EIGHT,0.4678,0.0056,0.5266
SPADES TEN DIAMONDS QUEEN,0.6222,0.0092,0.3686
SPADES TEN HEARTS TWO,0.6762,0.0066,0.3172
SPADES JACK HEARTS EIGHT,0.7454,0.0276,0.227
CLUBS FOUR HEARTS TEN,0.6978,0.0082,0.294
SPADES NINE DIAMONDS EIGHT,0.6416,0.0062,0.3522
SPADES TEN HEARTS EIGHT,0.641,0.0064,0.3526
SPADES JACK HEARTS TWO,0.7414,0.0348,0.2238
SPADES JACK DIAMONDS QUEEN,0.7282,0.0242,0.2476
SPADES SIX DIAMONDS EIGHT,0.6406,0.0066,0.3528
SPADES SEVEN DIAMONDS EIGHT,0.6306,0.0058,0.3636
SPADES ACE HEARTS TWO,0.421,0.0046,0.5744
SPADES ACE DIAMONDS QUEEN,0.377,0.005,0.618
SPADES ACE HEARTS EIGHT,0.4294,0.0026,0.568
SPADES KING HEARTS EIGHT,0.6774,0.0886,0.234
SPADES QUEEN HEARTS TWO,0.6646,0.0058,0.3296
SPADES QUEEN DIAMONDS QUEEN,0.2858,0.0028,0.7114
SPADES KING DIAMONDS QUEEN,0.2374,0.0572,0.7054
SPADES KING HEARTS TWO,0.6812,0.0896,0.2292
SPADES QUEEN HEARTS EIGHT,0.6342,0.0054,0.3604
CLUBS TWO HEARTS TEN,0.6906,0.007,0.3024
CLUBS TWO HEARTS JACK,0.7566,0.0298,0.2136
SPADES SEVEN DIAMONDS NINE,0.6394,0.0056,0.355
SPADES SIX DIAMONDS NINE,0.6484,0.007,0.3446
SPADES NINE DIAMONDS NINE,0.4546,0.0062,0.5392
SPADES EIGHT DIAMONDS NINE,0.6248,0.0066,0.3686
SPADES TEN CLUBS KING,0.667,0.089,0.244
DIAMONDS NINE SPADES THREE,0.6738,0.0064,0.3198
SPADES JACK CLUBS KING,0.0102,0.9706,0.0192
DIAMONDS NINE SPADES TWO,0.695,0.0066,0.2984
DIAMONDS NINE SPADES FIVE,0.6644,0.008,0.3276
DIAMONDS NINE SPADES FOUR,0.675,0.0058,0.3192
CLUBS NINE DIAMONDS NINE,0.4614,0.0072,0.5314
CLUBS EIGHT DIAMONDS NINE,0.6372,0.0088,0.354
CLUBS SIX DIAMONDS NINE,0.6622,0.0066,0.3312
SPADES JACK CLUBS FOUR,0.73,0.0336,0.2364
CLUBS SEVEN DIAMONDS NINE,0.6428,0.0064,0.3508
SPADES TEN CLUBS FOUR,0.6872,0.007,0.3058
CLUBS FOUR DIAMONDS NINE,0.6764,0.0062,0.3174
CLUBS FIVE DIAMONDS NINE,0.6708,0.0082,0.321
DIAMONDS NINE CLUBS TWO,0.678,0.0072,0.3148
CLUBS THREE DIAMONDS NINE,0.6716,0.0102,0.3182
DIAMONDS NINE HEARTS EIGHT,0.6266,0.0068,0.3666
DIAMONDS NINE HEARTS NINE,0.4532,0.005,0.5418
HEARTS SIX DIAMONDS NINE,0.6544,0.0076,0.338
HEARTS SEVEN DIAMONDS NINE,0.6298,0.0076,0.3626
CLUBS NINE CLUBS EIGHT,0.5952,0.0084,0.3964
DIAMONDS ACE DIAMONDS NINE,0.3992,0.0026,0.5982
HEARTS FOUR DIAMONDS NINE,0.6768,0.0056,0.3176
HEARTS FIVE DIAMONDS NINE,0.6616,0.0074,0.331
HEARTS ACE CLUBS TWO,0.4276,0.0042,0.5682
SPADES ACE CLUBS FOUR,0.4226,0.0038,0.5736
DIAMONDS QUEEN DIAMONDS NINE,0.606,0.0082,0.3858
HEARTS TWO DIAMONDS NINE,0.6728,0.0084,0.3188
CLUBS TWO HEARTS KING,0.6794,0.0958,0.2248
SPADES KING CLUBS FOUR,0.686,0.0814,0.2326
HEARTS THREE DIAMONDS NINE,0.6602,0.0064,0.3334
CLUBS TWO HEARTS QUEEN,0.6664,0.0058,0.3278
SPADES QUEEN CLUBS FOUR,0.662,0.0058,0.3322
DIAMONDS NINE DIAMONDS JACK,0.6914,0.0292,0.2794
CLUBS EIGHT SPADES NINE,0.6406,0.0058,0.3536
DIAMONDS NINE DIAMONDS TEN,0.6168,0.0062,0.377
CLUBS EIGHT SPADES EIGHT,0.4634,0.0052,0.5314
CLUBS EIGHT SPADES SEVEN,0.6216,0.0078,0.3706
CLUBS EIGHT SPADES SIX,0.6398,0.0054,0.3548
CLUBS EIGHT SPADES FIVE,0.647,0.0074,0.3456
CLUBS EIGHT SPADES FOUR,0.6664,0.006,0.3276
CLUBS EIGHT SPADES THREE,0.6744,0.008,0.3176
CLUBS EIGHT SPADES TWO,0.6764,0.0082,0.3154
HEARTS SIX DIAMONDS TEN,0.6664,0.0068,0.3268
HEARTS SEVEN DIAMONDS TEN,0.6604,0.0048,0.3348
DIAMONDS TEN HEARTS EIGHT,0.651,0.0064,0.3426
DIAMONDS TEN HEARTS NINE,0.6442,0.005,0.3508
CLUBS TEN CLUBS FOUR,0.6462,0.0078,0.346
CLUBS FOUR CLUBS KING,0.638,0.0938,0.2682
CLUBS FOUR CLUBS QUEEN,0.6174,0.0066,0.376
CLUBS TWO DIAMONDS TEN,0.698,0.0092,0.2928
CLUBS THREE DIAMONDS TEN,0.6952,0.009,0.2958
CLUBS FOUR CLUBS ACE,0.4028,0.0046,0.5926
DIAMONDS JACK DIAMONDS TEN,0.6834,0.027,0.2896
DIAMONDS QUEEN DIAMONDS TEN,0.5954,0.0058,0.3988
HEARTS TWO DIAMONDS TEN,0.687,0.0072,0.3058
HEARTS THREE DIAMONDS TEN,0.6886,0.0074,0.304
DIAMONDS ACE DIAMONDS TEN,0.3896,0.0042,0.6062
HEARTS FOUR DIAMONDS TEN,0.6774,0.0066,0.316
CLUBS EIGHT HEARTS JACK,0.735,0.029,0.236
HEARTS FIVE DIAMONDS TEN,0.677,0.008,0.315
CLUBS EIGHT HEARTS TEN,0.6542,0.006,0.3398
CLUBS EIGHT HEARTS QUEEN,0.6424,0.006,0.3516
CLUBS EIGHT HEARTS KING,0.6826,0.0872,0.2302
CLUBS EIGHT HEARTS ACE,0.4214,0.0048,0.5738
CLUBS NINE SPADES THREE,0.6796,0.0076,0.3128
CLUBS NINE SPADES TWO,0.6856,0.009,0.3054
CLUBS NINE SPADES FIVE,0.663,0.0052,0.3318
CLUBS NINE SPADES FOUR,0.669,0.0086,0.3224
CLUBS NINE SPADES SEVEN,0.6488,0.0072,0.344
CLUBS NINE SPADES SIX,0.651,0.0064,0.3426
CLUBS NINE SPADES NINE,0.4448,0.0054,0.5498
CLUBS TEN HEARTS EIGHT,0.6572,0.0058,0.337
CLUBS NINE SPADES EIGHT,0.6348,0.0072,0.358
HEARTS EIGHT CLUBS QUEEN,0.6576,0.0078,0.3346
CLUBS KING HEARTS EIGHT,0.6834,0.0812,0.2354
CLUBS ACE HEARTS EIGHT,0.419,0.006,0.575
SPADES KING CLUBS KING,0.098,0.0164,0.8856
SPADES QUEEN CLUBS KING,0.2322,0.0604,0.7074
SPADES ACE CLUBS KING,0.2462,0.0096,0.7442
DIAMONDS ACE HEARTS TEN,0.4044,0.0032,0.5924
HEARTS FOUR HEARTS TEN,0.6316,0.0062,0.3622
DIAMONDS ACE HEARTS JACK,0.243,0.0192,0.7378
HEARTS FOUR HEARTS JACK,0.6988,0.0296,0.2716
SPADES KING CLUBS FIVE,0.6794,0.0842,0.2364
SPADES QUEEN CLUBS FIVE,0.641,0.0056,0.3534
SPADES ACE CLUBS FIVE,0.4244,0.0028,0.5728
HEARTS SEVEN DIAMONDS JACK,0.7394,0.0278,0.2328
HEARTS SIX DIAMONDS JACK,0.7542,0.0282,0.2176
DIAMONDS JACK HEARTS NINE,0.7226,0.0306,0.2468
DIAMONDS JACK HEARTS EIGHT,0.7342,0.0284,0.2374
HEARTS THREE DIAMONDS JACK,0.7366,0.033,0.2304
SPADES ACE SPADES SIX,0.3962,0.004,0.5998
HEARTS ACE SPADES FOUR,0.424,0.003,0.573
DIAMONDS QUEEN DIAMONDS JACK,0.6958,0.0252,0.279
HEARTS TWO DIAMONDS JACK,0.7506,0.0344,0.215
HEARTS FIVE DIAMONDS JACK,0.743,0.0344,0.2226
SPADES QUEEN SPADES SIX,0.6082,0.0058,0.386
SPADES FOUR HEARTS QUEEN,0.6506,0.0064,0.343
DIAMONDS ACE DIAMONDS JACK,0.2416,0.014,0.7444
HEARTS FOUR DIAMONDS JACK,0.7324,0.0324,0.2352
SPADES KING SPADES SIX,0.6354,0.0838,0.2808
SPADES FOUR HEARTS KING,0.6996,0.0746,0.2258
SPADES TEN SPADES SIX,0.6232,0.0064,0.3704
SPADES JACK SPADES SIX,0.684,0.0312,0.2848
SPADES FOUR DIAMONDS JACK,0.7416,0.0274,0.231
SPADES FIVE DIAMONDS JACK,0.7406,0.032,0.2274
DIAMONDS JACK SPADES TWO,0.747,0.0326,0.2204
DIAMONDS JACK SPADES THREE,0.7546,0.0332,0.2122
SPADES ACE DIAMONDS THREE,0.4186,0.0058,0.5756
SPADES QUEEN DIAMONDS THREE,0.6448,0.0068,0.3484
CLUBS EIGHT DIAMONDS JACK,0.7398,0.0318,0.2284
SPADES KING DIAMONDS THREE,0.686,0.0858,0.2282
CLUBS NINE DIAMONDS JACK,0.7378,0.03,0.2322
CLUBS SIX DIAMONDS JACK,0.7508,0.0302,0.219
CLUBS SEVEN DIAMONDS JACK,0.7314,0.0322,0.2364
CLUBS FOUR DIAMONDS JACK,0.7472,0.0314,0.2214
CLUBS FIVE DIAMONDS JACK,0.7402,0.0348,0.225
CLUBS TWO DIAMONDS JACK,0.7552,0.0328,0.212
CLUBS THREE DIAMONDS JACK,0.754,0.0302,0.2158
SPADES TEN CLUBS FIVE,0.685,0.006,0.309
SPADES JACK HEARTS SIX,0.7342,0.029,0.2368
HEARTS SIX SPADES TEN,0.6732,0.0062,0.3206
SPADES JACK CLUBS FIVE,0.733,0.033,0.234
SPADES JACK DIAMONDS THREE,0.7478,0.033,0.2192
CLUBS SEVEN CLUBS ACE,0.4034,0.005,0.5916
DIAMONDS THREE SPADES TEN,0.6868,0.0074,0.3058
CLUBS SEVEN CLUBS QUEEN,0.6278,0.0074,0.3648
CLUBS SEVEN CLUBS KING,0.6498,0.0828,0.2674
SPADES NINE DIAMONDS JACK,0.7134,0.0262,0.2604
CLUBS TEN CLUBS SEVEN,0.6294,0.0074,0.3632
DIAMONDS ACE HEARTS ACE,0.1414,0.0048,0.8538
HEARTS FOUR HEARTS ACE,0.4016,0.004,0.5944
SPADES EIGHT DIAMONDS JACK,0.7292,0.0294,0.2414
SPADES ACE HEARTS SIX,0.4336,0.0028,0.5636
DIAMONDS ACE HEARTS KING,0.2444,0.01,0.7456
HEARTS FOUR HEARTS KING,0.634,0.0818,0.2842
SPADES SEVEN DIAMONDS JACK,0.7376,0.032,0.2304
SPADES KING HEARTS SIX,0.6654,0.0906,0.244
DIAMONDS ACE HEARTS QUEEN,0.3748,0.0048,0.6204
HEARTS FOUR HEARTS QUEEN,0.6132,0.0072,0.3796
SPADES QUEEN HEARTS SIX,0.6478,0.0048,0.3474
SPADES SIX DIAMONDS JACK,0.7344,0.0314,0.2342
DIAMONDS TEN SPADES TWO,0.6786,0.0066,0.3148
SPADES THREE DIAMONDS TEN,0.6826,0.006,0.3114
SPADES FOUR DIAMONDS TEN,0.69,0.008,0.302
SPADES FIVE DIAMONDS TEN,0.6796,0.0098,0.3106
SPADES SIX DIAMONDS TEN,0.6684,0.0064,0.3252
SPADES SEVEN DIAMONDS TEN,0.654,0.005,0.341
SPADES EIGHT DIAMONDS TEN,0.6606,0.0058,0.3336
SPADES NINE DIAMONDS TEN,0.635,0.0058,0.3592
CLUBS FOUR DIAMONDS TEN,0.6826,0.0094,0.308
CLUBS FIVE DIAMONDS TEN,0.687,0.0078,0.3052
CLUBS SIX DIAMONDS TEN,0.6832,0.007,0.3098
CLUBS SEVEN DIAMONDS TEN,0.6608,0.0058,0.3334
CLUBS EIGHT DIAMONDS TEN,0.6552,0.0076,0.3372
CLUBS NINE DIAMONDS TEN,0.6464,0.0066,0.347
CLUBS TEN DIAMONDS THREE,0.6944,0.0056,0.3
DIAMONDS THREE CLUBS KING,0.6896,0.0872,0.2232
DIAMONDS THREE CLUBS QUEEN,0.6632,0.0062,0.3306
DIAMONDS THREE CLUBS ACE,0.4258,0.0058,0.5684
SPADES FOUR HEARTS JACK,0.7266,0.0292,0.2442
SPADES FOUR HEARTS TEN,0.668,0.0072,0.3248
SPADES FIVE SPADES TWO,0.602,0.0078,0.3902
SPADES FOUR SPADES TWO,0.6126,0.0076,0.3798
SPADES THREE SPADES TWO,0.6096,0.006,0.3844
SPADES NINE SPADES TWO,0.6346,0.0086,0.3568
SPADES EIGHT SPADES TWO,0.6146,0.0076,0.3778
SPADES SEVEN SPADES TWO,0.6252,0.0072,0.3676
SPADES SIX SPADES TWO,0.6256,0.007,0.3674
DIAMONDS QUEEN CLUBS THREE,0.6618,0.0074,0.3308
CLUBS THREE HEARTS TWO,0.662,0.0082,0.3298
DIAMONDS QUEEN CLUBS TWO,0.6558,0.0098,0.3344
HEARTS TWO CLUBS TWO,0.4742,0.009,0.5168
HEARTS SEVEN DIAMONDS QUEEN,0.654,0.0068,0.3392
HEARTS SEVEN HEARTS TWO,0.6342,0.0074,0.3584
HEARTS SIX DIAMONDS QUEEN,0.6478,0.0062,0.346
HEARTS SIX HEARTS TWO,0.6318,0.0082,0.36
DIAMONDS QUEEN HEARTS NINE,0.6454,0.0064,0.3482
HEARTS TWO HEARTS NINE,0.6372,0.0064,0.3564
DIAMONDS QUEEN HEARTS EIGHT,0.6446,0.007,0.3484
HEARTS TWO HEARTS EIGHT,0.6132,0.0074,0.3794
CLUBS NINE HEARTS TWO,0.6784,0.0068,0.3148
CLUBS NINE DIAMONDS QUEEN,0.6364,0.0072,0.3564
CLUBS EIGHT HEARTS TWO,0.6662,0.0086,0.3252
CLUBS EIGHT DIAMONDS QUEEN,0.655,0.0064,0.3386
CLUBS FIVE DIAMONDS QUEEN,0.6618,0.0078,0.3304
CLUBS FIVE HEARTS TWO,0.657,0.0086,0.3344
SPADES EIGHT HEARTS ACE,0.423,0.0046,0.5724
DIAMONDS QUEEN CLUBS FOUR,0.6626,0.0066,0.3308
CLUBS FOUR HEARTS TWO,0.6472,0.0088,0.344
CLUBS SEVEN DIAMONDS QUEEN,0.6522,0.0084,0.3394
CLUBS SEVEN HEARTS TWO,0.6686,0.0076,0.3238
SPADES EIGHT HEARTS QUEEN,0.6458,0.0082,0.346
CLUBS SIX DIAMONDS QUEEN,0.6616,0.0076,0.3308
CLUBS SIX HEARTS TWO,0.6732,0.0078,0.319
SPADES EIGHT HEARTS KING,0.685,0.0794,0.2356
HEARTS TWO SPADES SIX,0.659,0.0074,0.3336
DIAMONDS QUEEN SPADES SIX,0.6396,0.0072,0.3532
HEARTS FOUR CLUBS QUEEN,0.6542,0.0086,0.3372
DIAMONDS ACE CLUBS QUEEN,0.3582,0.0064,0.6354
DIAMONDS QUEEN SPADES SEVEN,0.6654,0.0068,0.3278
SPADES SEVEN HEARTS TWO,0.6638,0.0056,0.3306
HEARTS FOUR CLUBS KING,0.674,0.0852,0.2408
DIAMONDS ACE CLUBS KING,0.2424,0.014,0.7436
DIAMONDS QUEEN SPADES EIGHT,0.6374,0.007,0.3556
SPADES EIGHT HEARTS TWO,0.6728,0.008,0.3192
HEARTS FOUR CLUBS ACE,0.4244,0.0034,0.5722
DIAMONDS ACE CLUBS ACE,0.124,0.0058,0.8702
SPADES NINE DIAMONDS QUEEN,0.6324,0.0074,0.3602
SPADES NINE HEARTS TWO,0.6674,0.0058,0.3268
HEARTS TWO SPADES TWO,0.4756,0.0084,0.516
DIAMONDS QUEEN SPADES TWO,0.6576,0.0064,0.336
HEARTS TWO SPADES THREE,0.6472,0.0068,0.346
DIAMONDS QUEEN SPADES THREE,0.6642,0.0088,0.327
HEARTS TWO SPADES FOUR,0.6536,0.0076,0.3388
DIAMONDS QUEEN SPADES FOUR,0.6412,0.0078,0.351
CLUBS TEN HEARTS FOUR,0.671,0.0046,0.3244
CLUBS TEN DIAMONDS ACE,0.397,0.0054,0.5976
HEARTS TWO SPADES FIVE,0.6538,0.0076,0.3386
DIAMONDS QUEEN SPADES FIVE,0.66,0.0076,0.3324
CLUBS FIVE CLUBS KING,0.653,0.083,0.264
CLUBS FIVE CLUBS QUEEN,0.6178,0.0072,0.375
CLUBS FIVE CLUBS ACE,0.4086,0.0058,0.5856
CLUBS TEN CLUBS FIVE,0.6524,0.0058,0.3418
SPADES SIX CLUBS KING,0.6614,0.0866,0.252
SPADES SIX CLUBS QUEEN,0.6452,0.0048,0.35
SPADES EIGHT HEARTS JACK,0.7332,0.0302,0.2366
SPADES SIX CLUBS ACE,0.432,0.0062,0.5618
SPADES EIGHT HEARTS TEN,0.6356,0.005,0.3594
CLUBS TEN SPADES SIX,0.665,0.0056,0.3294
SPADES QUEEN CLUBS SEVEN,0.6468,0.007,0.3462
SPADES KING CLUBS SEVEN,0.6776,0.0906,0.2318
SPADES ACE CLUBS SEVEN,0.427,0.0052,0.5678
SPADES SIX HEARTS TEN,0.6698,0.006,0.3242
SPADES SIX HEARTS JACK,0.7382,0.0296,0.2322
SPADES SIX HEARTS ACE,0.4266,0.0032,0.5702
SPADES SIX HEARTS KING,0.6814,0.0834,0.2352
SPADES SIX HEARTS QUEEN,0.6628,0.0054,0.3318
CLUBS SEVEN SPADES JACK,0.7244,0.0284,0.2472
CLUBS SEVEN SPADES TEN,0.664,0.006,0.33
CLUBS TEN HEARTS SIX,0.6632,0.0058,0.331
HEARTS SIX CLUBS QUEEN,0.6482,0.0058,0.346
HEARTS SIX CLUBS KING,0.67,0.091,0.239
HEARTS SIX CLUBS ACE,0.4208,0.0022,0.577
DIAMONDS THREE HEARTS ACE,0.4234,0.004,0.5726
DIAMONDS THREE HEARTS QUEEN,0.6562,0.0094,0.3344
DIAMONDS THREE HEARTS KING,0.6836,0.0886,0.2278
CLUBS FIVE HEARTS JACK,0.7282,0.0296,0.2422
SPADES TEN DIAMONDS ACE,0.4036,0.0054,0.591
HEARTS FOUR SPADES TEN,0.6778,0.005,0.3172
CLUBS FIVE HEARTS TEN,0.6768,0.008,0.3152
HEARTS FOUR SPADES JACK,0.7324,0.0334,0.2342
SPADES JACK DIAMONDS ACE,0.2516,0.0152,0.7332
SPADES ACE HEARTS FOUR,0.4096,0.0058,0.5846
SPADES ACE DIAMONDS ACE,0.122,0.0034,0.8746
CLUBS FIVE HEARTS ACE,0.4202,0.0044,0.5754
CLUBS FIVE HEARTS KING,0.6606,0.0902,0.2492
HEARTS FOUR SPADES QUEEN,0.649,0.0062,0.3448
SPADES QUEEN DIAMONDS ACE,0.368,0.0042,0.6278
CLUBS FIVE HEARTS QUEEN,0.6578,0.007,0.3352
SPADES KING DIAMONDS ACE,0.2404,0.013,0.7466
SPADES KING HEARTS FOUR,0.675,0.0858,0.2392
CLUBS TEN SPADES FOUR,0.6898,0.007,0.3032
DIAMONDS ACE DIAMONDS QUEEN,0.3544,0.005,0.6406
DIAMONDS ACE HEARTS TWO,0.4274,0.0052,0.5674
HEARTS FOUR DIAMONDS QUEEN,0.6466,0.0066,0.3468
HEARTS FOUR HEARTS TWO,0.6,0.0082,0.3918
DIAMONDS THREE HEARTS TEN,0.681,0.008,0.311
SPADES FOUR CLUBS KING,0.6738,0.0872,0.239
HEARTS FIVE DIAMONDS QUEEN,0.661,0.006,0.333
HEARTS FIVE HEARTS TWO,0.602,0.0092,0.3888
DIAMONDS THREE HEARTS JACK,0.7398,0.0324,0.2278
SPADES FOUR CLUBS QUEEN,0.6428,0.0066,0.3506
DIAMONDS QUEEN HEARTS TWO,0.6686,0.0064,0.325
DIAMONDS QUEEN HEARTS THREE,0.6648,0.0086,0.3266
HEARTS THREE HEARTS TWO,0.6162,0.0066,0.3772
SPADES FOUR CLUBS ACE,0.413,0.0042,0.5828
HEARTS TWO CLUBS ACE,0.416,0.0042,0.5798
DIAMONDS QUEEN CLUBS ACE,0.3686,0.0062,0.6252
HEARTS TWO CLUBS QUEEN,0.6482,0.0072,0.3446
DIAMONDS QUEEN CLUBS QUEEN,0.2838,0.0052,0.711
HEARTS TWO CLUBS KING,0.6766,0.0864,0.237
DIAMONDS QUEEN CLUBS KING,0.2422,0.0578,0.7
SPADES EIGHT SPADES FIVE,0.5998,0.0088,0.3914
CLUBS TEN HEARTS TWO,0.6904,0.0072,0.3024
CLUBS TEN DIAMONDS QUEEN,0.6282,0.0072,0.3646
SPADES NINE SPADES FIVE,0.611,0.0074,0.3816
SPADES SIX SPADES FIVE,0.5872,0.0066,0.4062
SPADES SEVEN SPADES FIVE,0.5844,0.0056,0.41
DIAMONDS FIVE CLUBS QUEEN,0.638,0.0084,0.3536
SPADES EIGHT CLUBS ACE,0.4082,0.0032,0.5886
DIAMONDS FIVE CLUBS KING,0.677,0.0836,0.2394
SPADES EIGHT CLUBS KING,0.665,0.0876,0.2474
DIAMONDS FIVE CLUBS ACE,0.4136,0.0066,0.5798
SPADES EIGHT CLUBS QUEEN,0.6418,0.0052,0.353
CLUBS TEN SPADES EIGHT,0.6548,0.0074,0.3378
CLUBS TEN DIAMONDS FIVE,0.6866,0.007,0.3064
DIAMONDS TEN HEARTS JACK,0.7214,0.036,0.2426
DIAMONDS TEN HEARTS TEN,0.4364,0.0044,0.5592
SPADES ACE CLUBS NINE,0.426,0.0042,0.5698
CLUBS NINE SPADES QUEEN,0.6386,0.0054,0.356
CLUBS NINE SPADES KING,0.685,0.0856,0.2294
HEARTS SIX HEARTS KING,0.6374,0.0818,0.2808
HEARTS THREE SPADES SEVEN,0.645,0.006,0.349
SPADES KING DIAMONDS SEVEN,0.681,0.083,0.236
HEARTS SIX HEARTS QUEEN,0.6096,0.0066,0.3838
SPADES QUEEN DIAMONDS SEVEN,0.6534,0.0076,0.339
HEARTS THREE SPADES SIX,0.6498,0.0068,0.3434
SPADES NINE HEARTS THREE,0.6764,0.0058,0.3178
HEARTS SIX HEARTS ACE,0.4066,0.0034,0.59
SPADES EIGHT HEARTS THREE,0.6598,0.0048,0.3354
SPADES ACE DIAMONDS SEVEN,0.4214,0.0042,0.5744
