opposingHand,winningChance,drawChance,lostChance
CLUBS FIVE HEARTS JACK
HEARTS FIVE SPADES TEN,0.7026,0.0722,0.2252
SPADES JACK HEARTS FIVE,0.0144,0.9754,0.0102
CLUBS JACK SPADES FIVE,0.009,0.9732,0.0178
CLUBS TEN SPADES FIVE,0.6982,0.0614,0.2404
CLUBS JACK CLUBS EIGHT,0.2162,0.2174,0.5664
CLUBS TEN CLUBS EIGHT,0.5126,0.0174,0.47
CLUBS EIGHT CLUBS KING,0.3474,0.009,0.6436
SPADES FIVE CLUBS ACE,0.2292,0.033,0.7378
CLUBS EIGHT CLUBS QUEEN,0.334,0.0108,0.6552
SPADES FIVE CLUBS KING,0.2212,0.0374,0.7414
SPADES FIVE CLUBS QUEEN,0.2322,0.0564,0.7114
CLUBS EIGHT CLUBS ACE,0.3428,0.0028,0.6544
DIAMONDS TWO DIAMONDS THREE,0.5976,0.0188,0.3836
DIAMONDS TWO DIAMONDS FIVE,0.632,0.0656,0.3024
SPADES KING HEARTS FIVE,0.2384,0.039,0.7226
DIAMONDS TWO DIAMONDS FOUR,0.5912,0.0216,0.3872
SPADES QUEEN HEARTS FIVE,0.2296,0.056,0.7144
DIAMONDS TWO DIAMONDS SEVEN,0.5932,0.018,0.3888
DIAMONDS TWO DIAMONDS SIX,0.5964,0.0186,0.385
SPADES ACE HEARTS FIVE,0.2396,0.0306,0.7298
DIAMONDS TWO DIAMONDS NINE,0.587,0.0128,0.4002
DIAMONDS TWO DIAMONDS EIGHT,0.596,0.0198,0.3842
DIAMONDS THREE DIAMONDS FOUR,0.576,0.0212,0.4028
CLUBS TWO SPADES FOUR,0.6424,0.0228,0.3348
DIAMONDS THREE DIAMONDS FIVE,0.6228,0.0608,0.3164
SPADES FIVE CLUBS TWO,0.6892,0.0696,0.2412
CLUBS TWO SPADES TWO,0.4264,0.0464,0.5272
CLUBS TWO SPADES THREE,0.6394,0.024,0.3366
DIAMONDS THREE DIAMONDS EIGHT,0.5938,0.0188,0.3874
SPADES EIGHT CLUBS TWO,0.6334,0.021,0.3456
DIAMONDS THREE DIAMONDS NINE,0.5816,0.016,0.4024
SPADES NINE CLUBS TWO,0.6306,0.0178,0.3516
DIAMONDS THREE DIAMONDS SIX,0.5746,0.0164,0.409
SPADES SIX CLUBS TWO,0.6284,0.0212,0.3504
DIAMONDS THREE DIAMONDS SEVEN,0.58,0.0204,0.3996
SPADES SEVEN CLUBS TWO,0.6322,0.0204,0.3474
CLUBS SIX CLUBS TWO,0.5924,0.0216,0.386
CLUBS SEVEN CLUBS TWO,0.592,0.0204,0.3876
CLUBS FOUR CLUBS TWO,0.5964,0.0218,0.3818
CLUBS TEN CLUBS JACK,0.2176,0.1208,0.6616
DIAMONDS FOUR DIAMONDS SIX,0.5566,0.0178,0.4256
CLUBS TEN CLUBS QUEEN,0.3152,0.0096,0.6752
DIAMONDS FOUR DIAMONDS SEVEN,0.5818,0.0178,0.4004
CLUBS TEN CLUBS KING,0.3336,0.0066,0.6598
CLUBS TEN CLUBS ACE,0.3372,0.004,0.6588
CLUBS EIGHT CLUBS TWO,0.6086,0.0194,0.372
DIAMONDS FIVE DIAMONDS FOUR,0.6104,0.0598,0.3298
CLUBS NINE CLUBS TWO,0.6008,0.017,0.3822
DIAMONDS NINE DIAMONDS FOUR,0.583,0.0162,0.4008
DIAMONDS EIGHT DIAMONDS FOUR,0.571,0.017,0.412
CLUBS THREE CLUBS TWO,0.5974,0.0214,0.3812
DIAMONDS NINE DIAMONDS FIVE,0.6494,0.0596,0.291
CLUBS JACK DIAMONDS TWO,0.3022,0.4678,0.23
DIAMONDS EIGHT DIAMONDS FIVE,0.6318,0.0574,0.3108
CLUBS TEN DIAMONDS TWO,0.63,0.021,0.349
DIAMONDS FIVE DIAMONDS SEVEN,0.6212,0.0602,0.3186
DIAMONDS FIVE DIAMONDS SIX,0.624,0.056,0.32
DIAMONDS TWO CLUBS ACE,0.3804,0.0036,0.616
DIAMONDS TWO CLUBS KING,0.3936,0.0078,0.5986
DIAMONDS TWO CLUBS QUEEN,0.3962,0.0144,0.5894
DIAMONDS EIGHT DIAMONDS SIX,0.5184,0.017,0.4646
DIAMONDS NINE DIAMONDS SIX,0.5394,0.0186,0.442
HEARTS ACE SPADES THREE,0.3836,0.0048,0.6116
SPADES THREE HEARTS KING,0.3774,0.0076,0.615
DIAMONDS SEVEN DIAMONDS SIX,0.5298,0.0162,0.454
HEARTS QUEEN SPADES THREE,0.3814,0.013,0.6056
SPADES THREE HEARTS TEN,0.6364,0.0146,0.349
DIAMONDS EIGHT DIAMONDS SEVEN,0.5188,0.0182,0.463
DIAMONDS NINE DIAMONDS SEVEN,0.532,0.0184,0.4496
DIAMONDS NINE DIAMONDS EIGHT,0.5186,0.015,0.4664
DIAMONDS KING HEARTS TEN,0.3478,0.0098,0.6424
HEARTS THREE HEARTS TEN,0.5866,0.0184,0.395
SPADES JACK CLUBS SIX,0.214,0.3952,0.3908
SPADES TEN CLUBS SIX,0.5798,0.019,0.4012
SPADES JACK SPADES FIVE,0.0176,0.9108,0.0716
SPADES TEN SPADES FIVE,0.664,0.0604,0.2756
DIAMONDS KING HEARTS ACE,0.308,0.0052,0.6868
HEARTS THREE HEARTS ACE,0.3678,0.0044,0.6278
SPADES ACE CLUBS SIX,0.3556,0.0054,0.639
DIAMONDS KING HEARTS QUEEN,0.3234,0.006,0.6706
HEARTS THREE HEARTS QUEEN,0.3726,0.0138,0.6136
SPADES KING CLUBS SIX,0.3578,0.0068,0.6354
DIAMONDS KING HEARTS KING,0.1376,0.0072,0.8552
HEARTS THREE HEARTS KING,0.3662,0.0076,0.6262
SPADES QUEEN CLUBS SIX,0.3694,0.0078,0.6228
SPADES NINE HEARTS TEN,0.5346,0.0164,0.449
SPADES QUEEN SPADES FIVE,0.2288,0.0538,0.7174
SPADES KING SPADES FIVE,0.2386,0.0396,0.7218
SPADES ACE SPADES FIVE,0.2324,0.0286,0.739
SPADES NINE HEARTS QUEEN,0.3374,0.0112,0.6514
SPADES NINE HEARTS KING,0.3512,0.0076,0.6412
SPADES NINE HEARTS ACE,0.3618,0.0042,0.634
CLUBS TEN SPADES JACK,0.2224,0.1306,0.647
CLUBS TEN SPADES TEN,0.2784,0.0212,0.7004
SPADES ACE CLUBS TEN,0.3554,0.0046,0.64
CLUBS TEN SPADES KING,0.339,0.0062,0.6548
CLUBS TEN SPADES QUEEN,0.325,0.0106,0.6644
SPADES FIVE HEARTS QUEEN,0.2224,0.0522,0.7254
SPADES FIVE HEARTS KING,0.2374,0.0432,0.7194
HEARTS ACE SPADES FIVE,0.2278,0.0272,0.745
CLUBS EIGHT SPADES TEN,0.542,0.0184,0.4396
HEARTS THREE SPADES JACK,0.333,0.459,0.208
SPADES JACK DIAMONDS KING,0.2318,0.0266,0.7416
SPADES TEN DIAMONDS KING,0.3352,0.005,0.6598
HEARTS THREE SPADES TEN,0.6376,0.0162,0.3462
CLUBS EIGHT SPADES JACK,0.2322,0.2118,0.556
CLUBS SIX HEARTS ACE,0.3446,0.0058,0.6496
SPADES ACE CLUBS EIGHT,0.3608,0.0056,0.6336
CLUBS JACK HEARTS FIVE,0.009,0.9814,0.0096
CLUBS TEN HEARTS FIVE,0.701,0.0646,0.2344
CLUBS SIX HEARTS QUEEN,0.352,0.0146,0.6334
SPADES QUEEN CLUBS EIGHT,0.3436,0.011,0.6454
CLUBS TEN SPADES THREE,0.6274,0.0194,0.3532
CLUBS SIX HEARTS KING,0.3672,0.009,0.6238
SPADES KING CLUBS EIGHT,0.363,0.0068,0.6302
CLUBS JACK SPADES THREE,0.314,0.4712,0.2148
SPADES THREE CLUBS QUEEN,0.4098,0.0124,0.5778
DIAMONDS TWO HEARTS TEN,0.6288,0.0188,0.3524
SPADES THREE CLUBS KING,0.3872,0.0088,0.604
HEARTS FIVE CLUBS ACE,0.2318,0.0278,0.7404
SPADES FIVE HEARTS TEN,0.7102,0.062,0.2278
SPADES THREE CLUBS ACE,0.3812,0.0062,0.6126
HEARTS FIVE CLUBS KING,0.2414,0.0452,0.7134
HEARTS FIVE CLUBS QUEEN,0.2258,0.0488,0.7254
HEARTS THREE CLUBS KING,0.4024,0.0096,0.588
DIAMONDS KING CLUBS KING,0.1334,0.0058,0.8608
HEARTS THREE CLUBS QUEEN,0.394,0.0112,0.5948
DIAMONDS KING CLUBS QUEEN,0.3064,0.0062,0.6874
HEARTS FIVE HEARTS TEN,0.6684,0.0574,0.2742
HEARTS THREE CLUBS ACE,0.373,0.0056,0.6214
DIAMONDS KING CLUBS ACE,0.3288,0.005,0.6662
SPADES ACE CLUBS QUEEN,0.3196,0.0064,0.674
SPADES KING CLUBS QUEEN,0.3146,0.0066,0.6788
CLUBS JACK HEARTS THREE,0.3132,0.4784,0.2084
CLUBS JACK DIAMONDS KING,0.2328,0.0344,0.7328
SPADES QUEEN CLUBS QUEEN,0.1502,0.0128,0.837
CLUBS TEN HEARTS THREE,0.6144,0.0196,0.366
CLUBS TEN DIAMONDS KING,0.3408,0.0062,0.653
SPADES JACK CLUBS QUEEN,0.224,0.0446,0.7314
CLUBS SIX CLUBS QUEEN,0.3536,0.0116,0.6348
SPADES TEN CLUBS QUEEN,0.3348,0.0102,0.655
CLUBS SIX CLUBS KING,0.3488,0.008,0.6432
CLUBS SIX CLUBS ACE,0.3396,0.0058,0.6546
HEARTS FIVE HEARTS KING,0.2184,0.0374,0.7442
HEARTS FIVE HEARTS QUEEN,0.2366,0.0524,0.711
CLUBS TEN CLUBS SIX,0.5636,0.0176,0.4188
HEARTS FIVE HEARTS ACE,0.2264,0.0266,0.747
CLUBS JACK CLUBS SIX,0.211,0.3882,0.4008
SPADES SEVEN HEARTS TEN,0.572,0.0188,0.4092
DIAMONDS TWO CLUBS TWO,0.4216,0.0476,0.5308
DIAMONDS TWO CLUBS THREE,0.6446,0.0186,0.3368
HEARTS SIX DIAMONDS TWO,0.6296,0.0206,0.3498
DIAMONDS TWO HEARTS QUEEN,0.387,0.0138,0.5992
DIAMONDS TWO HEARTS SEVEN,0.6392,0.0194,0.3414
DIAMONDS TWO HEARTS KING,0.4036,0.0074,0.589
DIAMONDS TWO HEARTS EIGHT,0.627,0.0228,0.3502
DIAMONDS TWO HEARTS ACE,0.3854,0.0046,0.61
DIAMONDS TWO HEARTS NINE,0.622,0.0212,0.3568
DIAMONDS TWO DIAMONDS QUEEN,0.37,0.0102,0.6198
DIAMONDS TWO HEARTS TWO,0.4198,0.0496,0.5306
DIAMONDS TWO DIAMONDS KING,0.39,0.0096,0.6004
HEARTS THREE DIAMONDS TWO,0.635,0.0212,0.3438
DIAMONDS TWO DIAMONDS ACE,0.3586,0.0036,0.6378
HEARTS FOUR DIAMONDS TWO,0.644,0.0208,0.3352
DIAMONDS TWO HEARTS FIVE,0.6882,0.0632,0.2486
SPADES SEVEN HEARTS ACE,0.3432,0.0044,0.6524
DIAMONDS TWO DIAMONDS TEN,0.5788,0.0168,0.4044
SPADES SEVEN HEARTS KING,0.3572,0.0072,0.6356
DIAMONDS TWO DIAMONDS JACK,0.31,0.417,0.273
SPADES SEVEN HEARTS QUEEN,0.3632,0.0112,0.6256
DIAMONDS TWO SPADES NINE,0.6224,0.0168,0.3608
DIAMONDS TWO SPADES EIGHT,0.6252,0.0182,0.3566
DIAMONDS TWO SPADES SEVEN,0.6266,0.021,0.3524
DIAMONDS TWO SPADES SIX,0.621,0.0184,0.3606
DIAMONDS TWO SPADES FIVE,0.673,0.0744,0.2526
DIAMONDS TWO SPADES FOUR,0.6344,0.0178,0.3478
DIAMONDS TWO SPADES THREE,0.635,0.0214,0.3436
DIAMONDS TWO SPADES TWO,0.412,0.0506,0.5374
DIAMONDS TWO CLUBS NINE,0.6282,0.0168,0.355
CLUBS EIGHT DIAMONDS TWO,0.633,0.0168,0.3502
DIAMONDS TWO CLUBS SEVEN,0.6322,0.0196,0.3482
DIAMONDS TWO CLUBS SIX,0.6202,0.0166,0.3632
DIAMONDS TWO CLUBS FOUR,0.6294,0.0226,0.348
CLUBS FOUR SPADES FIVE,0.6516,0.0662,0.2822
CLUBS FOUR SPADES FOUR,0.4016,0.0474,0.551
CLUBS FOUR SPADES THREE,0.6216,0.022,0.3564
CLUBS FOUR SPADES TWO,0.6192,0.0256,0.3552
SPADES NINE CLUBS FOUR,0.6336,0.0168,0.3496
SPADES EIGHT CLUBS FOUR,0.6248,0.0192,0.356
SPADES SEVEN CLUBS FOUR,0.603,0.0192,0.3778
CLUBS FOUR SPADES SIX,0.6088,0.018,0.3732
SPADES ACE DIAMONDS SIX,0.3766,0.0026,0.6208
SPADES QUEEN DIAMONDS SIX,0.3672,0.0102,0.6226
SPADES KING DIAMONDS SIX,0.3644,0.0052,0.6304
SPADES TEN DIAMONDS SIX,0.5794,0.0162,0.4044
SPADES JACK DIAMONDS SIX,0.2206,0.3878,0.3916
SPADES QUEEN SPADES TWO,0.3738,0.0116,0.6146
SPADES KING SPADES TWO,0.3772,0.0078,0.615
SPADES ACE SPADES TWO,0.3554,0.0034,0.6412
CLUBS JACK DIAMONDS JACK,0.0884,0.0354,0.8762
CLUBS TEN DIAMONDS JACK,0.2174,0.1256,0.657
DIAMONDS JACK CLUBS KING,0.2318,0.0324,0.7358
DIAMONDS JACK CLUBS QUEEN,0.2266,0.0448,0.7286
DIAMONDS THREE DIAMONDS JACK,0.291,0.4376,0.2714
DIAMONDS THREE DIAMONDS TEN,0.5854,0.0184,0.3962
DIAMONDS JACK CLUBS ACE,0.2312,0.0178,0.751
DIAMONDS THREE DIAMONDS KING,0.3784,0.0084,0.6132
HEARTS THREE DIAMONDS THREE,0.4256,0.0488,0.5256
DIAMONDS THREE DIAMONDS QUEEN,0.3658,0.0138,0.6204
DIAMONDS THREE HEARTS TWO,0.6394,0.022,0.3386
HEARTS FIVE DIAMONDS THREE,0.6652,0.068,0.2668
DIAMONDS THREE DIAMONDS ACE,0.3738,0.004,0.6222
HEARTS FOUR DIAMONDS THREE,0.606,0.023,0.371
DIAMONDS THREE HEARTS SEVEN,0.6222,0.0202,0.3576
SPADES TEN SPADES NINE,0.52,0.013,0.467
HEARTS SIX DIAMONDS THREE,0.6204,0.0222,0.3574
SPADES JACK SPADES NINE,0.2118,0.1536,0.6346
DIAMONDS THREE HEARTS NINE,0.6264,0.019,0.3546
HEARTS ACE HEARTS KING,0.3124,0.0042,0.6834
SPADES TEN SPADES TWO,0.5804,0.0198,0.3998
DIAMONDS THREE HEARTS EIGHT,0.6518,0.0174,0.3308
HEARTS TEN DIAMONDS FOUR,0.621,0.0196,0.3594
SPADES JACK SPADES TWO,0.3006,0.432,0.2674
HEARTS QUEEN DIAMONDS FOUR,0.387,0.0112,0.6018
HEARTS KING DIAMONDS FOUR,0.3774,0.0084,0.6142
SPADES ACE SPADES NINE,0.339,0.004,0.657
HEARTS ACE DIAMONDS FOUR,0.3954,0.0056,0.599
SPADES KING SPADES NINE,0.333,0.0054,0.6616
SPADES QUEEN SPADES NINE,0.32,0.0124,0.6676
DIAMONDS THREE SPADES NINE,0.6258,0.0168,0.3574
DIAMONDS THREE SPADES EIGHT,0.639,0.0174,0.3436
DIAMONDS THREE SPADES SEVEN,0.612,0.0186,0.3694
DIAMONDS THREE SPADES SIX,0.6166,0.0206,0.3628
DIAMONDS THREE CLUBS SIX,0.6068,0.0188,0.3744
CLUBS ACE DIAMONDS FOUR,0.3838,0.0034,0.6128
DIAMONDS THREE CLUBS SEVEN,0.617,0.0184,0.3646
DIAMONDS THREE CLUBS FOUR,0.6268,0.0182,0.355
DIAMONDS FOUR CLUBS QUEEN,0.3898,0.0118,0.5984
DIAMONDS FOUR CLUBS KING,0.391,0.0054,0.6036
DIAMONDS THREE CLUBS TWO,0.648,0.0196,0.3324
CLUBS TEN DIAMONDS FOUR,0.6332,0.0152,0.3516
DIAMONDS THREE CLUBS THREE,0.4092,0.052,0.5388
CLUBS JACK DIAMONDS FOUR,0.3234,0.4606,0.216
DIAMONDS THREE SPADES FOUR,0.6174,0.0194,0.3632
DIAMONDS THREE SPADES FIVE,0.6716,0.0628,0.2656
DIAMONDS THREE SPADES TWO,0.6314,0.019,0.3496
DIAMONDS THREE SPADES THREE,0.4012,0.0496,0.5492
CLUBS EIGHT DIAMONDS THREE,0.6272,0.0232,0.3496
CLUBS NINE DIAMONDS THREE,0.6102,0.0174,0.3724
SPADES SEVEN CLUBS ACE,0.3566,0.0028,0.6406
SPADES SEVEN CLUBS QUEEN,0.3642,0.01,0.6258
SPADES SEVEN CLUBS KING,0.3636,0.0072,0.6292
CLUBS TEN SPADES SEVEN,0.569,0.0168,0.4142
CLUBS JACK SPADES SEVEN,0.2218,0.3068,0.4714
CLUBS ACE CLUBS QUEEN,0.305,0.0048,0.6902
CLUBS KING CLUBS QUEEN,0.308,0.0058,0.6862
DIAMONDS TEN DIAMONDS FOUR,0.5826,0.0166,0.4008
CLUBS TEN DIAMONDS NINE,0.5428,0.0178,0.4394
DIAMONDS JACK DIAMONDS FOUR,0.299,0.4378,0.2632
CLUBS JACK DIAMONDS NINE,0.2234,0.1658,0.6108
CLUBS JACK SPADES NINE,0.23,0.169,0.601
CLUBS TEN SPADES NINE,0.5298,0.0184,0.4518
DIAMONDS ACE DIAMONDS FOUR,0.3654,0.004,0.6306
HEARTS FOUR DIAMONDS FOUR,0.4034,0.047,0.5496
DIAMONDS JACK HEARTS TEN,0.2328,0.1244,0.6428
SPADES NINE CLUBS KING,0.3494,0.0066,0.644
DIAMONDS TWO SPADES TEN,0.6198,0.0156,0.3646
DIAMONDS NINE CLUBS ACE,0.358,0.005,0.637
HEARTS FIVE DIAMONDS FOUR,0.6516,0.0692,0.2792
SPADES NINE CLUBS QUEEN,0.3454,0.0108,0.6438
DIAMONDS TWO SPADES JACK,0.3336,0.452,0.2144
DIAMONDS QUEEN DIAMONDS FOUR,0.3544,0.0122,0.6334
HEARTS TWO DIAMONDS FOUR,0.6522,0.0192,0.3286
DIAMONDS NINE CLUBS QUEEN,0.3418,0.0122,0.646
DIAMONDS KING DIAMONDS FOUR,0.3716,0.0056,0.6228
HEARTS THREE DIAMONDS FOUR,0.6342,0.0244,0.3414
SPADES NINE CLUBS ACE,0.358,0.0038,0.6382
DIAMONDS NINE CLUBS KING,0.3494,0.0062,0.6444
HEARTS ACE DIAMONDS JACK,0.2266,0.0198,0.7536
SPADES ACE DIAMONDS TWO,0.392,0.003,0.605
HEARTS QUEEN DIAMONDS JACK,0.2272,0.0416,0.7312
SPADES QUEEN DIAMONDS TWO,0.3952,0.0118,0.593
DIAMONDS JACK HEARTS KING,0.2378,0.033,0.7292
SPADES KING DIAMONDS TWO,0.397,0.0118,0.5912
SPADES JACK SPADES SEVEN,0.208,0.2826,0.5094
SPADES TEN SPADES SEVEN,0.5366,0.0164,0.447
CLUBS SEVEN CLUBS THREE,0.5798,0.0174,0.4028
CLUBS SIX CLUBS THREE,0.5822,0.0222,0.3956
CLUBS THREE CLUBS FOUR,0.587,0.0242,0.3888
CLUBS NINE CLUBS THREE,0.5998,0.0178,0.3824
CLUBS EIGHT CLUBS THREE,0.5984,0.0202,0.3814
CLUBS THREE SPADES FIVE,0.672,0.063,0.265
CLUBS THREE SPADES FOUR,0.6314,0.019,0.3496
CLUBS THREE SPADES THREE,0.4126,0.0476,0.5398
CLUBS THREE SPADES TWO,0.651,0.0228,0.3262
CLUBS THREE SPADES SIX,0.6156,0.0166,0.3678
CLUBS THREE SPADES SEVEN,0.6188,0.0242,0.357
SPADES EIGHT CLUBS THREE,0.6324,0.017,0.3506
SPADES NINE CLUBS THREE,0.6294,0.0198,0.3508
SPADES TWO DIAMONDS FOUR,0.6302,0.0166,0.3532
SPADES THREE DIAMONDS FOUR,0.6142,0.019,0.3668
SPADES FOUR DIAMONDS FOUR,0.4054,0.0498,0.5448
SPADES FIVE DIAMONDS FOUR,0.6506,0.0646,0.2848
SPADES SIX DIAMONDS FOUR,0.5928,0.0212,0.386
SPADES SEVEN DIAMONDS FOUR,0.6112,0.0184,0.3704
SPADES EIGHT DIAMONDS FOUR,0.6226,0.0164,0.361
SPADES NINE DIAMONDS FOUR,0.6256,0.0154,0.359
CLUBS FOUR DIAMONDS FOUR,0.4008,0.0462,0.553
CLUBS SEVEN DIAMONDS FOUR,0.6212,0.0178,0.361
CLUBS SIX DIAMONDS FOUR,0.5844,0.0204,0.3952
CLUBS NINE DIAMONDS FOUR,0.6154,0.0212,0.3634
CLUBS EIGHT DIAMONDS FOUR,0.6116,0.0204,0.368
DIAMONDS FOUR HEARTS SEVEN,0.6108,0.0212,0.368
HEARTS SIX DIAMONDS FOUR,0.6042,0.0206,0.3752
HEARTS NINE DIAMONDS FOUR,0.6312,0.0198,0.349
DIAMONDS FOUR HEARTS EIGHT,0.6256,0.0194,0.355
CLUBS THREE DIAMONDS FOUR,0.62,0.0228,0.3572
CLUBS TWO DIAMONDS FOUR,0.642,0.0204,0.3376
DIAMONDS TEN DIAMONDS FIVE,0.6564,0.059,0.2846
DIAMONDS JACK DIAMONDS FIVE,0.024,0.9024,0.0736
DIAMONDS NINE HEARTS QUEEN,0.345,0.0122,0.6428
DIAMONDS NINE HEARTS KING,0.3544,0.008,0.6376
HEARTS ACE DIAMONDS NINE,0.3752,0.0066,0.6182
DIAMONDS NINE HEARTS TEN,0.5336,0.0146,0.4518
CLUBS KING DIAMONDS SIX,0.3586,0.0068,0.6346
CLUBS QUEEN DIAMONDS SIX,0.3622,0.0118,0.626
CLUBS ACE DIAMONDS SIX,0.3698,0.0058,0.6244
SPADES KING DIAMONDS FOUR,0.3738,0.0068,0.6194
SPADES ACE SPADES SEVEN,0.3278,0.0036,0.6686
SPADES QUEEN DIAMONDS FOUR,0.3732,0.0118,0.615
SPADES QUEEN SPADES SEVEN,0.3486,0.012,0.6394
CLUBS JACK DIAMONDS SIX,0.2212,0.39,0.3888
SPADES KING SPADES SEVEN,0.352,0.0082,0.6398
SPADES ACE DIAMONDS FOUR,0.3924,0.0044,0.6032
CLUBS TEN DIAMONDS SIX,0.5802,0.0188,0.401
CLUBS NINE CLUBS FOUR,0.5992,0.0178,0.383
CLUBS EIGHT CLUBS FOUR,0.58,0.0192,0.4008
SPADES JACK DIAMONDS FOUR,0.319,0.4568,0.2242
SPADES TEN DIAMONDS FOUR,0.6278,0.0152,0.357
CLUBS SEVEN CLUBS FOUR,0.5884,0.015,0.3966
CLUBS SIX CLUBS FOUR,0.5644,0.0206,0.415
CLUBS SEVEN SPADES EIGHT,0.5388,0.018,0.4432
SPADES NINE CLUBS SEVEN,0.5506,0.0188,0.4306
CLUBS SEVEN SPADES SIX,0.558,0.0174,0.4246
CLUBS SEVEN SPADES SEVEN,0.3028,0.04,0.6572
CLUBS SEVEN SPADES FIVE,0.6702,0.062,0.2678
CLUBS SEVEN SPADES FOUR,0.6036,0.0178,0.3786
CLUBS SEVEN SPADES THREE,0.6156,0.0204,0.364
CLUBS SEVEN SPADES TWO,0.6368,0.0198,0.3434
CLUBS NINE CLUBS SEVEN,0.5376,0.0176,0.4448
CLUBS EIGHT CLUBS SEVEN,0.5274,0.0188,0.4538
HEARTS SIX DIAMONDS FIVE,0.6466,0.0596,0.2938
DIAMONDS FIVE HEARTS SEVEN,0.666,0.058,0.276
DIAMONDS FIVE HEARTS EIGHT,0.6728,0.0616,0.2656
HEARTS NINE DIAMONDS FIVE,0.6932,0.068,0.2388
DIAMONDS QUEEN DIAMONDS FIVE,0.2298,0.0474,0.7228
HEARTS TWO DIAMONDS FIVE,0.69,0.0654,0.2446
HEARTS KING HEARTS EIGHT,0.3482,0.0086,0.6432
DIAMONDS KING DIAMONDS FIVE,0.2184,0.0404,0.7412
HEARTS THREE DIAMONDS FIVE,0.6634,0.0672,0.2694
HEARTS QUEEN HEARTS EIGHT,0.3436,0.0116,0.6448
DIAMONDS ACE DIAMONDS FIVE,0.2386,0.0308,0.7306
HEARTS FOUR DIAMONDS FIVE,0.649,0.063,0.288
HEARTS FIVE DIAMONDS FIVE,0.2924,0.0412,0.6664
HEARTS ACE HEARTS EIGHT,0.3508,0.0048,0.6444
CLUBS FOUR DIAMONDS FIVE,0.6402,0.067,0.2928
CLUBS SIX DIAMONDS FIVE,0.6502,0.0538,0.296
CLUBS SEVEN DIAMONDS FIVE,0.6506,0.0636,0.2858
CLUBS TWO DIAMONDS FIVE,0.6664,0.0726,0.261
CLUBS THREE DIAMONDS FIVE,0.6572,0.066,0.2768
SPADES THREE DIAMONDS FIVE,0.6702,0.0618,0.268
SPADES TWO DIAMONDS FIVE,0.6696,0.0644,0.266
SPADES JACK DIAMONDS EIGHT,0.2286,0.2208,0.5506
SPADES FIVE DIAMONDS FIVE,0.2892,0.0486,0.6622
SPADES TEN DIAMONDS EIGHT,0.5528,0.0156,0.4316
SPADES FOUR DIAMONDS FIVE,0.6588,0.0636,0.2776
CLUBS NINE DIAMONDS FIVE,0.6766,0.064,0.2594
CLUBS EIGHT DIAMONDS FIVE,0.6724,0.0572,0.2704
SPADES SEVEN DIAMONDS FIVE,0.6546,0.0682,0.2772
SPADES KING DIAMONDS EIGHT,0.373,0.0062,0.6208
SPADES QUEEN DIAMONDS EIGHT,0.369,0.0098,0.6212
SPADES SIX DIAMONDS FIVE,0.6524,0.0554,0.2922
SPADES NINE DIAMONDS FIVE,0.6938,0.0592,0.247
SPADES EIGHT DIAMONDS FIVE,0.6718,0.0578,0.2704
SPADES ACE DIAMONDS EIGHT,0.3644,0.0038,0.6318
DIAMONDS TEN DIAMONDS SIX,0.5532,0.0166,0.4302
HEARTS ACE DIAMONDS SEVEN,0.3654,0.004,0.6306
DIAMONDS JACK DIAMONDS SIX,0.2158,0.3628,0.4214
HEARTS QUEEN DIAMONDS SEVEN,0.3598,0.0108,0.6294
HEARTS KING DIAMONDS SEVEN,0.3576,0.0044,0.638
DIAMONDS ACE DIAMONDS SIX,0.349,0.0052,0.6458
HEARTS FOUR DIAMONDS SIX,0.602,0.0212,0.3768
HEARTS FIVE DIAMONDS SIX,0.6532,0.062,0.2848
SPADES TWO HEARTS TEN,0.6396,0.018,0.3424
DIAMONDS QUEEN DIAMONDS SIX,0.333,0.009,0.658
HEARTS TWO DIAMONDS SIX,0.616,0.0184,0.3656
DIAMONDS KING DIAMONDS SIX,0.3374,0.0068,0.6558
HEARTS THREE DIAMONDS SIX,0.616,0.0198,0.3642
HEARTS EIGHT DIAMONDS SIX,0.5758,0.0148,0.4094
HEARTS NINE DIAMONDS SIX,0.5716,0.0182,0.4102
HEARTS SIX DIAMONDS SIX,0.3036,0.0474,0.649
HEARTS SEVEN DIAMONDS SIX,0.5734,0.0194,0.4072
HEARTS TEN DIAMONDS SEVEN,0.577,0.0174,0.4056
CLUBS TWO DIAMONDS SIX,0.636,0.02,0.344
CLUBS THREE DIAMONDS SIX,0.6282,0.0152,0.3566
CLUBS SEVEN DIAMONDS SIX,0.5542,0.0184,0.4274
CLUBS JACK DIAMONDS EIGHT,0.225,0.2252,0.5498
CLUBS SIX DIAMONDS SIX,0.3144,0.0434,0.6422
CLUBS TEN DIAMONDS EIGHT,0.543,0.0176,0.4394
CLUBS FOUR DIAMONDS SIX,0.6068,0.018,0.3752
DIAMONDS EIGHT CLUBS ACE,0.353,0.0038,0.6432
DIAMONDS EIGHT CLUBS KING,0.3774,0.0072,0.6154
CLUBS NINE DIAMONDS SIX,0.566,0.0184,0.4156
CLUBS EIGHT DIAMONDS SIX,0.5692,0.0186,0.4122
DIAMONDS EIGHT CLUBS QUEEN,0.3606,0.0098,0.6296
SPADES TEN HEARTS KING,0.3364,0.0062,0.6574
SPADES FIVE DIAMONDS SIX,0.6592,0.0602,0.2806
HEARTS ACE SPADES TWO,0.3874,0.0052,0.6074
SPADES JACK HEARTS KING,0.2326,0.03,0.7374
SPADES FOUR DIAMONDS SIX,0.5986,0.019,0.3824
SPADES THREE DIAMONDS SIX,0.624,0.0196,0.3564
HEARTS QUEEN SPADES TWO,0.408,0.0118,0.5802
SPADES ACE SPADES KING,0.3068,0.0042,0.689
HEARTS KING SPADES TWO,0.3994,0.0074,0.5932
SPADES TWO DIAMONDS SIX,0.6302,0.0224,0.3474
HEARTS TEN HEARTS EIGHT,0.5286,0.0196,0.4518
SPADES NINE DIAMONDS SIX,0.5852,0.02,0.3948
SPADES EIGHT DIAMONDS SIX,0.5612,0.0196,0.4192
SPADES SEVEN DIAMONDS SIX,0.555,0.0206,0.4244
SPADES SIX DIAMONDS SIX,0.3246,0.043,0.6324
SPADES KING HEARTS KING,0.1406,0.0054,0.854
SPADES QUEEN HEARTS KING,0.3086,0.0062,0.6852
CLUBS ACE CLUBS KING,0.3234,0.0062,0.6704
SPADES ACE HEARTS KING,0.3266,0.0046,0.6688
SPADES TEN DIAMONDS TEN,0.2792,0.0202,0.7006
SPADES JACK DIAMONDS TEN,0.2332,0.118,0.6488
SPADES ACE DIAMONDS TEN,0.3558,0.0036,0.6406
SPADES QUEEN DIAMONDS TEN,0.333,0.009,0.658
SPADES KING DIAMONDS TEN,0.3468,0.0074,0.6458
SPADES NINE DIAMONDS SEVEN,0.5546,0.0178,0.4276
SPADES EIGHT DIAMONDS SEVEN,0.5744,0.0188,0.4068
SPADES SEVEN DIAMONDS SEVEN,0.303,0.031,0.666
SPADES SIX DIAMONDS SEVEN,0.5656,0.0184,0.416
DIAMONDS KING DIAMONDS SEVEN,0.3298,0.0084,0.6618
HEARTS THREE DIAMONDS SEVEN,0.6226,0.018,0.3594
HEARTS KING DIAMONDS FIVE,0.2252,0.0418,0.733
DIAMONDS QUEEN DIAMONDS SEVEN,0.3288,0.0116,0.6596
HEARTS TWO DIAMONDS SEVEN,0.63,0.0216,0.3484
HEARTS QUEEN DIAMONDS FIVE,0.2348,0.061,0.7042
HEARTS FIVE DIAMONDS SEVEN,0.658,0.0668,0.2752
DIAMONDS ACE DIAMONDS SEVEN,0.3304,0.0034,0.6662
HEARTS FOUR DIAMONDS SEVEN,0.6072,0.0214,0.3714
HEARTS ACE DIAMONDS FIVE,0.2238,0.0326,0.7436
HEARTS SEVEN DIAMONDS SEVEN,0.299,0.04,0.661
HEARTS SIX DIAMONDS SEVEN,0.5602,0.0178,0.422
HEARTS NINE DIAMONDS SEVEN,0.5612,0.0168,0.422
DIAMONDS SEVEN HEARTS EIGHT,0.5498,0.0248,0.4254
DIAMONDS JACK DIAMONDS SEVEN,0.208,0.283,0.509
DIAMONDS TEN DIAMONDS SEVEN,0.526,0.0162,0.4578
DIAMONDS FIVE HEARTS TEN,0.6998,0.067,0.2332
CLUBS EIGHT DIAMONDS SEVEN,0.5462,0.0168,0.437
SPADES KING CLUBS TWO,0.3946,0.0092,0.5962
HEARTS KING CLUBS KING,0.1288,0.0064,0.8648
SPADES QUEEN CLUBS TWO,0.3984,0.0114,0.5902
HEARTS KING CLUBS QUEEN,0.317,0.0082,0.6748
CLUBS NINE DIAMONDS SEVEN,0.5582,0.0178,0.424
CLUBS JACK SPADES TWO,0.3132,0.458,0.2288
CLUBS SIX CLUBS SEVEN,0.5282,0.0214,0.4504
SPADES ACE CLUBS TWO,0.392,0.0056,0.6024
CLUBS TEN SPADES TWO,0.6334,0.0178,0.3488
HEARTS KING CLUBS ACE,0.3134,0.0044,0.6822
SPADES TWO CLUBS KING,0.4114,0.0084,0.5802
SPADES TWO DIAMONDS SEVEN,0.6408,0.0204,0.3388
CLUBS EIGHT CLUBS SIX,0.5436,0.0142,0.4422
SPADES THREE DIAMONDS SEVEN,0.6152,0.0178,0.367
SPADES TWO CLUBS QUEEN,0.3888,0.0114,0.5998
CLUBS NINE CLUBS SIX,0.539,0.0182,0.4428
SPADES FOUR DIAMONDS SEVEN,0.6104,0.0206,0.369
CLUBS JACK HEARTS KING,0.2212,0.0344,0.7444
SPADES FIVE DIAMONDS SEVEN,0.6508,0.0622,0.287
SPADES TWO CLUBS ACE,0.3818,0.0054,0.6128
CLUBS TEN HEARTS KING,0.3308,0.009,0.6602
CLUBS SIX SPADES TWO,0.6254,0.0208,0.3538
CLUBS SIX SPADES THREE,0.613,0.017,0.37
CLUBS TWO DIAMONDS SEVEN,0.643,0.0224,0.3346
CLUBS SIX SPADES FOUR,0.5958,0.0202,0.384
CLUBS THREE DIAMONDS SEVEN,0.6212,0.02,0.3588
CLUBS SIX SPADES FIVE,0.646,0.0584,0.2956
CLUBS FOUR DIAMONDS SEVEN,0.6058,0.0234,0.3708
CLUBS SIX SPADES SIX,0.3088,0.043,0.6482
CLUBS SIX SPADES SEVEN,0.5624,0.0168,0.4208
CLUBS SIX DIAMONDS SEVEN,0.5568,0.0142,0.429
CLUBS SIX SPADES EIGHT,0.5714,0.0166,0.412
SPADES JACK CLUBS TWO,0.326,0.4642,0.2098
CLUBS SEVEN DIAMONDS SEVEN,0.3092,0.0378,0.653
CLUBS SIX SPADES NINE,0.5606,0.0186,0.4208
SPADES TEN CLUBS TWO,0.6238,0.0182,0.358
CLUBS TWO CLUBS QUEEN,0.3892,0.014,0.5968
CLUBS TWO CLUBS KING,0.3852,0.0096,0.6052
CLUBS THREE DIAMONDS EIGHT,0.6406,0.0184,0.341
CLUBS TWO CLUBS ACE,0.3718,0.0052,0.623
CLUBS TWO DIAMONDS EIGHT,0.6204,0.0174,0.3622
DIAMONDS EIGHT HEARTS SEVEN,0.5516,0.019,0.4294
HEARTS SIX DIAMONDS EIGHT,0.5616,0.0166,0.4218
DIAMONDS EIGHT HEARTS NINE,0.5418,0.0158,0.4424
CLUBS TEN CLUBS TWO,0.587,0.0188,0.3942
DIAMONDS EIGHT HEARTS EIGHT,0.2866,0.0328,0.6806
CLUBS JACK CLUBS TWO,0.3196,0.4262,0.2542
CLUBS NINE DIAMONDS EIGHT,0.5404,0.0196,0.44
CLUBS EIGHT DIAMONDS EIGHT,0.2892,0.0332,0.6776
SPADES ACE SPADES THREE,0.3612,0.0038,0.635
CLUBS FOUR DIAMONDS EIGHT,0.629,0.015,0.356
CLUBS SEVEN DIAMONDS EIGHT,0.5518,0.0194,0.4288
SPADES QUEEN SPADES THREE,0.3664,0.0108,0.6228
CLUBS SIX DIAMONDS EIGHT,0.5528,0.0172,0.43
SPADES KING SPADES THREE,0.37,0.007,0.623
DIAMONDS QUEEN DIAMONDS EIGHT,0.3446,0.0086,0.6468
HEARTS TWO DIAMONDS EIGHT,0.6526,0.0174,0.33
DIAMONDS KING DIAMONDS EIGHT,0.3402,0.0076,0.6522
HEARTS THREE DIAMONDS EIGHT,0.6298,0.0218,0.3484
DIAMONDS ACE DIAMONDS EIGHT,0.3354,0.0042,0.6604
HEARTS FOUR DIAMONDS EIGHT,0.6288,0.0198,0.3514
HEARTS FIVE DIAMONDS EIGHT,0.6812,0.0606,0.2582
DIAMONDS EIGHT DIAMONDS TEN,0.5152,0.016,0.4688
DIAMONDS EIGHT DIAMONDS JACK,0.222,0.2088,0.5692
SPADES JACK SPADES THREE,0.2986,0.4376,0.2638
SPADES TEN SPADES THREE,0.574,0.0188,0.4072
CLUBS FOUR HEARTS ACE,0.3664,0.006,0.6276
CLUBS FOUR HEARTS QUEEN,0.3796,0.0144,0.606
CLUBS FOUR HEARTS KING,0.3952,0.0066,0.5982
CLUBS SIX HEARTS TEN,0.5868,0.0188,0.3944
DIAMONDS EIGHT SPADES FOUR,0.6124,0.0166,0.371
SPADES FIVE DIAMONDS EIGHT,0.662,0.063,0.275
DIAMONDS EIGHT SPADES TWO,0.6156,0.0192,0.3652
DIAMONDS EIGHT SPADES THREE,0.6332,0.018,0.3488
SPADES EIGHT DIAMONDS EIGHT,0.297,0.0328,0.6702
SPADES TEN DIAMONDS QUEEN,0.3258,0.0106,0.6636
SPADES TEN HEARTS TWO,0.63,0.017,0.353
SPADES JACK HEARTS EIGHT,0.229,0.2204,0.5506
CLUBS FOUR HEARTS TEN,0.6448,0.0196,0.3356
SPADES NINE DIAMONDS EIGHT,0.5462,0.018,0.4358
SPADES TEN HEARTS EIGHT,0.5564,0.0198,0.4238
SPADES JACK HEARTS TWO,0.3184,0.4708,0.2108
SPADES JACK DIAMONDS QUEEN,0.2262,0.0438,0.73
SPADES SIX DIAMONDS EIGHT,0.5742,0.015,0.4108
SPADES SEVEN DIAMONDS EIGHT,0.5644,0.0178,0.4178
SPADES ACE HEARTS TWO,0.3892,0.0036,0.6072
SPADES ACE DIAMONDS QUEEN,0.3324,0.0042,0.6634
SPADES ACE HEARTS EIGHT,0.3684,0.004,0.6276
SPADES KING HEARTS EIGHT,0.3674,0.0078,0.6248
SPADES QUEEN HEARTS TWO,0.402,0.0106,0.5874
SPADES QUEEN DIAMONDS QUEEN,0.1476,0.0112,0.8412
SPADES KING DIAMONDS QUEEN,0.323,0.0074,0.6696
SPADES KING HEARTS TWO,0.401,0.0092,0.5898
SPADES QUEEN HEARTS EIGHT,0.3598,0.0118,0.6284
CLUBS TWO HEARTS TEN,0.6446,0.0198,0.3356
SPADES SEVEN DIAMONDS NINE,0.5538,0.019,0.4272
SPADES SIX DIAMONDS NINE,0.5638,0.0174,0.4188
SPADES NINE DIAMONDS NINE,0.2886,0.0288,0.6826
SPADES EIGHT DIAMONDS NINE,0.552,0.0132,0.4348
SPADES TEN CLUBS KING,0.3482,0.0056,0.6462
DIAMONDS NINE SPADES THREE,0.6248,0.018,0.3572
SPADES JACK CLUBS KING,0.2316,0.0296,0.7388
DIAMONDS NINE SPADES TWO,0.6202,0.0172,0.3626
DIAMONDS NINE SPADES FIVE,0.6844,0.0568,0.2588
DIAMONDS NINE SPADES FOUR,0.6344,0.0164,0.3492
CLUBS NINE DIAMONDS NINE,0.286,0.034,0.68
CLUBS EIGHT DIAMONDS NINE,0.5322,0.0192,0.4486
CLUBS SIX DIAMONDS NINE,0.565,0.0176,0.4174
SPADES JACK CLUBS FOUR,0.3164,0.4684,0.2152
CLUBS SEVEN DIAMONDS NINE,0.5428,0.0188,0.4384
SPADES TEN CLUBS FOUR,0.6218,0.0196,0.3586
CLUBS FOUR DIAMONDS NINE,0.637,0.0178,0.3452
DIAMONDS NINE CLUBS TWO,0.6286,0.0176,0.3538
CLUBS THREE DIAMONDS NINE,0.6294,0.0188,0.3518
DIAMONDS NINE HEARTS EIGHT,0.5502,0.0202,0.4296
DIAMONDS NINE HEARTS NINE,0.2966,0.0308,0.6726
HEARTS SIX DIAMONDS NINE,0.581,0.0152,0.4038
DIAMONDS NINE HEARTS SEVEN,0.5486,0.0182,0.4332
CLUBS EIGHT CLUBS NINE,0.5158,0.0172,0.467
DIAMONDS ACE DIAMONDS NINE,0.341,0.0044,0.6546
HEARTS FOUR DIAMONDS NINE,0.634,0.0216,0.3444
HEARTS FIVE DIAMONDS NINE,0.684,0.0648,0.2512
HEARTS ACE CLUBS TWO,0.3776,0.0072,0.6152
SPADES ACE CLUBS FOUR,0.377,0.0042,0.6188
DIAMONDS QUEEN DIAMONDS NINE,0.3164,0.009,0.6746
HEARTS TWO DIAMONDS NINE,0.6322,0.0186,0.3492
CLUBS TWO HEARTS KING,0.4032,0.0104,0.5864
SPADES KING CLUBS FOUR,0.3924,0.0096,0.598
DIAMONDS KING DIAMONDS NINE,0.342,0.006,0.652
HEARTS THREE DIAMONDS NINE,0.6278,0.0184,0.3538
CLUBS TWO HEARTS QUEEN,0.3908,0.014,0.5952
SPADES QUEEN CLUBS FOUR,0.3978,0.0138,0.5884
DIAMONDS NINE DIAMONDS JACK,0.2268,0.1586,0.6146
CLUBS EIGHT SPADES NINE,0.551,0.0198,0.4292
DIAMONDS NINE DIAMONDS TEN,0.5042,0.0138,0.482
CLUBS EIGHT SPADES EIGHT,0.2882,0.034,0.6778
CLUBS EIGHT SPADES SEVEN,0.5498,0.0202,0.43
CLUBS EIGHT SPADES SIX,0.5634,0.0194,0.4172
CLUBS EIGHT SPADES FIVE,0.669,0.0658,0.2652
CLUBS EIGHT SPADES FOUR,0.616,0.0204,0.3636
CLUBS EIGHT SPADES THREE,0.6172,0.0192,0.3636
CLUBS EIGHT SPADES TWO,0.628,0.0176,0.3544
HEARTS SIX DIAMONDS TEN,0.5916,0.016,0.3924
DIAMONDS TEN HEARTS SEVEN,0.5702,0.017,0.4128
DIAMONDS TEN HEARTS EIGHT,0.5568,0.0136,0.4296
CLUBS JACK CLUBS FOUR,0.321,0.4334,0.2456
DIAMONDS TEN HEARTS NINE,0.5418,0.0154,0.4428
CLUBS TEN CLUBS FOUR,0.5884,0.0164,0.3952
CLUBS FOUR CLUBS KING,0.3774,0.0072,0.6154
CLUBS FOUR CLUBS QUEEN,0.3616,0.0116,0.6268
CLUBS TWO DIAMONDS TEN,0.618,0.0204,0.3616
CLUBS THREE DIAMONDS TEN,0.6176,0.0218,0.3606
CLUBS FOUR CLUBS ACE,0.3664,0.005,0.6286
DIAMONDS JACK DIAMONDS TEN,0.2192,0.121,0.6598
DIAMONDS QUEEN DIAMONDS TEN,0.3088,0.01,0.6812
HEARTS TWO DIAMONDS TEN,0.629,0.0186,0.3524
DIAMONDS KING DIAMONDS TEN,0.3222,0.0082,0.6696
HEARTS THREE DIAMONDS TEN,0.6206,0.0196,0.3598
DIAMONDS ACE DIAMONDS TEN,0.331,0.004,0.665
HEARTS FOUR DIAMONDS TEN,0.6206,0.0176,0.3618
HEARTS FIVE DIAMONDS TEN,0.6968,0.0558,0.2474
CLUBS EIGHT HEARTS TEN,0.5566,0.019,0.4244
CLUBS EIGHT HEARTS QUEEN,0.3386,0.0118,0.6496
CLUBS EIGHT HEARTS KING,0.3476,0.007,0.6454
CLUBS EIGHT HEARTS ACE,0.3406,0.0044,0.655
CLUBS NINE SPADES THREE,0.6172,0.0232,0.3596
CLUBS NINE SPADES TWO,0.612,0.019,0.369
CLUBS NINE SPADES FIVE,0.6856,0.0652,0.2492
CLUBS NINE SPADES FOUR,0.6204,0.0202,0.3594
CLUBS NINE SPADES SEVEN,0.5706,0.0188,0.4106
CLUBS NINE SPADES SIX,0.5738,0.0186,0.4076
CLUBS NINE SPADES NINE,0.2828,0.0296,0.6876
CLUBS TEN HEARTS EIGHT,0.5524,0.0186,0.429
CLUBS NINE SPADES EIGHT,0.5404,0.0192,0.4404
CLUBS JACK HEARTS EIGHT,0.212,0.2342,0.5538
CLUBS QUEEN HEARTS EIGHT,0.357,0.0104,0.6326
CLUBS KING HEARTS EIGHT,0.3666,0.009,0.6244
CLUBS ACE HEARTS EIGHT,0.358,0.0052,0.6368
SPADES KING CLUBS KING,0.1358,0.0064,0.8578
SPADES QUEEN CLUBS KING,0.317,0.0068,0.6762
SPADES ACE CLUBS KING,0.3138,0.0036,0.6826
DIAMONDS ACE HEARTS TEN,0.3552,0.0028,0.642
HEARTS FOUR HEARTS TEN,0.5818,0.0204,0.3978
DIAMONDS JACK HEARTS SEVEN,0.2262,0.3026,0.4712
HEARTS SIX DIAMONDS JACK,0.2246,0.3936,0.3818
DIAMONDS JACK HEARTS NINE,0.2468,0.1786,0.5746
DIAMONDS JACK HEARTS EIGHT,0.242,0.2242,0.5338
DIAMONDS KING DIAMONDS JACK,0.2302,0.031,0.7388
HEARTS THREE DIAMONDS JACK,0.3102,0.465,0.2248
SPADES ACE SPADES SIX,0.3374,0.0036,0.659
HEARTS ACE SPADES FOUR,0.3742,0.004,0.6218
DIAMONDS QUEEN DIAMONDS JACK,0.223,0.0404,0.7366
HEARTS TWO DIAMONDS JACK,0.318,0.4664,0.2156
HEARTS FIVE DIAMONDS JACK,0.0184,0.9686,0.013
SPADES QUEEN SPADES SIX,0.3394,0.0106,0.65
SPADES FOUR HEARTS QUEEN,0.3888,0.0114,0.5998
DIAMONDS ACE DIAMONDS JACK,0.2254,0.0224,0.7522
HEARTS FOUR DIAMONDS JACK,0.3244,0.4652,0.2104
SPADES KING SPADES SIX,0.338,0.008,0.654
SPADES FOUR HEARTS KING,0.385,0.0108,0.6042
SPADES TEN SPADES SIX,0.554,0.0164,0.4296
SPADES JACK SPADES SIX,0.2142,0.3578,0.428
SPADES FOUR DIAMONDS JACK,0.3092,0.4668,0.224
SPADES FIVE DIAMONDS JACK,0.0224,0.9558,0.0218
DIAMONDS JACK SPADES TWO,0.3394,0.4464,0.2142
DIAMONDS JACK SPADES THREE,0.3182,0.4516,0.2302
SPADES ACE DIAMONDS THREE,0.3774,0.0036,0.619
CLUBS EIGHT DIAMONDS JACK,0.2156,0.2232,0.5612
SPADES QUEEN DIAMONDS THREE,0.3928,0.013,0.5942
SPADES KING DIAMONDS THREE,0.392,0.0058,0.6022
CLUBS NINE DIAMONDS JACK,0.2226,0.1762,0.6012
CLUBS SIX DIAMONDS JACK,0.2168,0.3912,0.392
CLUBS SEVEN DIAMONDS JACK,0.2156,0.3144,0.47
CLUBS FOUR DIAMONDS JACK,0.32,0.4678,0.2122
CLUBS TWO DIAMONDS JACK,0.3326,0.4628,0.2046
CLUBS THREE DIAMONDS JACK,0.3294,0.4504,0.2202
HEARTS SIX SPADES JACK,0.2166,0.3914,0.392
HEARTS SIX SPADES TEN,0.5842,0.0156,0.4002
SPADES JACK DIAMONDS THREE,0.3276,0.4506,0.2218
CLUBS SEVEN CLUBS ACE,0.3424,0.0036,0.654
DIAMONDS THREE SPADES TEN,0.6204,0.0172,0.3624
CLUBS SEVEN CLUBS QUEEN,0.3536,0.0104,0.636
CLUBS SEVEN CLUBS KING,0.3426,0.0098,0.6476
SPADES NINE DIAMONDS JACK,0.24,0.1628,0.5972
CLUBS TEN CLUBS SEVEN,0.515,0.0206,0.4644
DIAMONDS ACE HEARTS ACE,0.1316,0.0042,0.8642
HEARTS FOUR HEARTS ACE,0.3554,0.0048,0.6398
SPADES EIGHT DIAMONDS JACK,0.2296,0.2238,0.5466
SPADES ACE HEARTS SIX,0.374,0.0024,0.6236
CLUBS JACK CLUBS SEVEN,0.2134,0.2788,0.5078
DIAMONDS ACE HEARTS KING,0.3182,0.0038,0.678
HEARTS FOUR HEARTS KING,0.3602,0.01,0.6298
SPADES SEVEN DIAMONDS JACK,0.214,0.2942,0.4918
SPADES KING HEARTS SIX,0.3664,0.0088,0.6248
DIAMONDS ACE HEARTS QUEEN,0.3214,0.0036,0.675
HEARTS FOUR HEARTS QUEEN,0.3744,0.011,0.6146
SPADES QUEEN HEARTS SIX,0.3674,0.0142,0.6184
SPADES SIX DIAMONDS JACK,0.2352,0.376,0.3888
DIAMONDS TEN SPADES TWO,0.629,0.0194,0.3516
SPADES THREE DIAMONDS TEN,0.6324,0.0172,0.3504
SPADES FOUR DIAMONDS TEN,0.6218,0.0202,0.358
SPADES FIVE DIAMONDS TEN,0.6984,0.0612,0.2404
SPADES SIX DIAMONDS TEN,0.573,0.0154,0.4116
SPADES SEVEN DIAMONDS TEN,0.5638,0.0162,0.42
SPADES EIGHT DIAMONDS TEN,0.5464,0.0188,0.4348
SPADES NINE DIAMONDS TEN,0.5476,0.0176,0.4348
CLUBS FOUR DIAMONDS TEN,0.6284,0.0164,0.3552
CLUBS SIX DIAMONDS TEN,0.5756,0.0194,0.405
CLUBS SEVEN DIAMONDS TEN,0.5658,0.0156,0.4186
CLUBS EIGHT DIAMONDS TEN,0.5562,0.016,0.4278
CLUBS NINE DIAMONDS TEN,0.5372,0.0144,0.4484
CLUBS JACK DIAMONDS THREE,0.3118,0.4666,0.2216
CLUBS TEN DIAMONDS THREE,0.6228,0.0212,0.356
DIAMONDS THREE CLUBS KING,0.3946,0.0106,0.5948
DIAMONDS THREE CLUBS QUEEN,0.3996,0.011,0.5894
DIAMONDS THREE CLUBS ACE,0.3888,0.003,0.6082
SPADES FOUR HEARTS TEN,0.628,0.0186,0.3534
SPADES FIVE SPADES TWO,0.6322,0.0694,0.2984
SPADES FOUR SPADES TWO,0.5956,0.018,0.3864
SPADES THREE SPADES TWO,0.5876,0.019,0.3934
SPADES NINE SPADES TWO,0.595,0.0162,0.3888
SPADES EIGHT SPADES TWO,0.585,0.0222,0.3928
SPADES SEVEN SPADES TWO,0.5978,0.018,0.3842
SPADES SIX SPADES TWO,0.5802,0.0206,0.3992
DIAMONDS QUEEN CLUBS THREE,0.4046,0.008,0.5874
CLUBS THREE HEARTS TWO,0.6464,0.0198,0.3338
DIAMONDS QUEEN CLUBS TWO,0.4074,0.0104,0.5822
HEARTS TWO CLUBS TWO,0.4198,0.0502,0.53
DIAMONDS QUEEN HEARTS SEVEN,0.3674,0.0108,0.6218
HEARTS TWO HEARTS SEVEN,0.6174,0.0182,0.3644
HEARTS SIX DIAMONDS QUEEN,0.3722,0.011,0.6168
HEARTS SIX HEARTS TWO,0.5872,0.018,0.3948
DIAMONDS QUEEN HEARTS NINE,0.3554,0.0086,0.636
HEARTS TWO HEARTS NINE,0.5908,0.0184,0.3908
DIAMONDS QUEEN HEARTS EIGHT,0.3506,0.0118,0.6376
HEARTS TWO HEARTS EIGHT,0.6006,0.019,0.3804
CLUBS NINE HEARTS TWO,0.627,0.0176,0.3554
CLUBS NINE DIAMONDS QUEEN,0.3442,0.009,0.6468
CLUBS EIGHT DIAMONDS QUEEN,0.357,0.0084,0.6346
CLUBS EIGHT HEARTS TWO,0.6436,0.0164,0.34
SPADES EIGHT HEARTS ACE,0.3656,0.0044,0.63
DIAMONDS QUEEN CLUBS FOUR,0.4008,0.0132,0.586
HEARTS TWO CLUBS FOUR,0.6366,0.0198,0.3436
CLUBS SEVEN DIAMONDS QUEEN,0.363,0.0106,0.6264
CLUBS SEVEN HEARTS TWO,0.6474,0.0216,0.331
SPADES EIGHT HEARTS QUEEN,0.3534,0.0116,0.635
CLUBS SIX DIAMONDS QUEEN,0.3592,0.01,0.6308
CLUBS SIX HEARTS TWO,0.63,0.0184,0.3516
SPADES EIGHT HEARTS KING,0.3568,0.0078,0.6354
HEARTS TWO SPADES SIX,0.6288,0.021,0.3502
DIAMONDS QUEEN SPADES SIX,0.3616,0.0104,0.628
HEARTS FOUR CLUBS QUEEN,0.3946,0.012,0.5934
DIAMONDS ACE CLUBS QUEEN,0.331,0.0052,0.6638
DIAMONDS QUEEN SPADES SEVEN,0.3618,0.0108,0.6274
HEARTS TWO SPADES SEVEN,0.6434,0.023,0.3336
HEARTS FOUR CLUBS KING,0.392,0.0086,0.5994
DIAMONDS ACE CLUBS KING,0.318,0.0042,0.6778
DIAMONDS QUEEN SPADES EIGHT,0.3366,0.009,0.6544
SPADES EIGHT HEARTS TWO,0.6298,0.02,0.3502
HEARTS FOUR CLUBS ACE,0.3808,0.0042,0.615
DIAMONDS ACE CLUBS ACE,0.1358,0.0044,0.8598
SPADES NINE DIAMONDS QUEEN,0.3514,0.0102,0.6384
SPADES NINE HEARTS TWO,0.6248,0.018,0.3572
HEARTS TWO SPADES TWO,0.4222,0.043,0.5348
DIAMONDS QUEEN SPADES TWO,0.3928,0.0114,0.5958
HEARTS TWO SPADES THREE,0.634,0.0192,0.3468
DIAMONDS QUEEN SPADES THREE,0.4052,0.0122,0.5826
HEARTS TWO SPADES FOUR,0.642,0.0262,0.3318
DIAMONDS QUEEN SPADES FOUR,0.3962,0.0106,0.5932
CLUBS TEN HEARTS FOUR,0.638,0.0186,0.3434
CLUBS TEN DIAMONDS ACE,0.3418,0.0048,0.6534
HEARTS TWO SPADES FIVE,0.6852,0.0716,0.2432
DIAMONDS QUEEN SPADES FIVE,0.2422,0.0538,0.704
HEARTS FOUR CLUBS JACK,0.313,0.476,0.211
CLUBS JACK DIAMONDS ACE,0.231,0.0212,0.7478
SPADES KING CLUBS JACK,0.2302,0.0278,0.742
CLUBS JACK SPADES QUEEN,0.2372,0.0378,0.725
SPADES ACE CLUBS JACK,0.225,0.022,0.753
SPADES SIX CLUBS KING,0.3792,0.0082,0.6126
SPADES SIX CLUBS QUEEN,0.3502,0.012,0.6378
SPADES SIX CLUBS ACE,0.3614,0.0054,0.6332
SPADES EIGHT HEARTS TEN,0.5518,0.0146,0.4336
CLUBS JACK SPADES SIX,0.2218,0.385,0.3932
CLUBS TEN SPADES SIX,0.5752,0.0176,0.4072
CLUBS JACK SPADES TEN,0.222,0.1164,0.6616
CLUBS JACK SPADES JACK,0.0828,0.0416,0.8756
SPADES QUEEN CLUBS SEVEN,0.3664,0.0092,0.6244
SPADES KING CLUBS SEVEN,0.364,0.008,0.628
SPADES ACE CLUBS SEVEN,0.351,0.0054,0.6436
SPADES SIX HEARTS TEN,0.5886,0.0152,0.3962
SPADES SIX HEARTS ACE,0.369,0.004,0.627
SPADES SIX HEARTS KING,0.3622,0.0064,0.6314
SPADES SIX HEARTS QUEEN,0.3558,0.0118,0.6324
SPADES JACK CLUBS SEVEN,0.2294,0.2994,0.4712
SPADES TEN CLUBS SEVEN,0.571,0.0186,0.4104
CLUBS TEN HEARTS SIX,0.5718,0.0182,0.41
CLUBS JACK HEARTS SIX,0.2104,0.407,0.3826
CLUBS JACK CLUBS ACE,0.2206,0.0224,0.757
HEARTS SIX CLUBS QUEEN,0.3582,0.0114,0.6304
HEARTS SIX CLUBS KING,0.3666,0.009,0.6244
HEARTS SIX CLUBS ACE,0.345,0.0066,0.6484
CLUBS JACK CLUBS QUEEN,0.2316,0.0384,0.73
CLUBS JACK CLUBS KING,0.224,0.031,0.745
DIAMONDS THREE HEARTS ACE,0.3798,0.0048,0.6154
DIAMONDS THREE HEARTS QUEEN,0.4058,0.0106,0.5836
DIAMONDS THREE HEARTS KING,0.3852,0.0072,0.6076
SPADES TEN DIAMONDS ACE,0.3562,0.0052,0.6386
HEARTS FOUR SPADES TEN,0.6314,0.0188,0.3498
HEARTS FOUR SPADES JACK,0.3222,0.463,0.2148
SPADES JACK DIAMONDS ACE,0.2178,0.023,0.7592
SPADES ACE HEARTS FOUR,0.3896,0.004,0.6064
SPADES ACE DIAMONDS ACE,0.1384,0.003,0.8586
HEARTS FOUR SPADES QUEEN,0.3982,0.0118,0.59
SPADES QUEEN DIAMONDS ACE,0.325,0.0028,0.6722
CLUBS JACK SPADES FOUR,0.3142,0.4674,0.2184
SPADES KING DIAMONDS ACE,0.322,0.0046,0.6734
HEARTS FOUR SPADES KING,0.3932,0.0078,0.599
CLUBS TEN SPADES FOUR,0.6324,0.0164,0.3512
DIAMONDS QUEEN DIAMONDS ACE,0.3136,0.0034,0.683
HEARTS TWO DIAMONDS ACE,0.388,0.0064,0.6056
HEARTS FOUR DIAMONDS QUEEN,0.3922,0.011,0.5968
HEARTS FOUR HEARTS TWO,0.6112,0.0228,0.366
DIAMONDS THREE HEARTS TEN,0.6204,0.0178,0.3618
SPADES FOUR CLUBS KING,0.404,0.0076,0.5884
HEARTS FIVE DIAMONDS QUEEN,0.2406,0.056,0.7034
HEARTS FIVE HEARTS TWO,0.6478,0.0712,0.281
SPADES FOUR CLUBS QUEEN,0.3922,0.0104,0.5974
DIAMONDS QUEEN HEARTS TWO,0.4076,0.01,0.5824
DIAMONDS KING DIAMONDS QUEEN,0.3046,0.0062,0.6892
DIAMONDS KING HEARTS TWO,0.4072,0.0066,0.5862
HEARTS THREE DIAMONDS QUEEN,0.387,0.009,0.604
HEARTS THREE HEARTS TWO,0.6112,0.0206,0.3682
SPADES FOUR CLUBS ACE,0.386,0.0046,0.6094
HEARTS TWO CLUBS ACE,0.375,0.0054,0.6196
DIAMONDS QUEEN CLUBS ACE,0.3224,0.0048,0.6728
HEARTS TWO CLUBS QUEEN,0.4042,0.011,0.5848
DIAMONDS QUEEN CLUBS QUEEN,0.1414,0.0116,0.847
HEARTS TWO CLUBS KING,0.3972,0.01,0.5928
DIAMONDS QUEEN CLUBS KING,0.3006,0.0062,0.6932
SPADES EIGHT SPADES FIVE,0.6326,0.0572,0.3102
CLUBS TEN HEARTS TWO,0.6316,0.018,0.3504
CLUBS TEN DIAMONDS QUEEN,0.3166,0.01,0.6734
SPADES NINE SPADES FIVE,0.6552,0.0512,0.2936
CLUBS JACK HEARTS TWO,0.3122,0.4724,0.2154
CLUBS JACK DIAMONDS QUEEN,0.226,0.0392,0.7348
SPADES SIX SPADES FIVE,0.6186,0.0548,0.3266
SPADES SEVEN SPADES FIVE,0.6208,0.0616,0.3176
DIAMONDS FIVE CLUBS QUEEN,0.229,0.045,0.726
SPADES EIGHT CLUBS ACE,0.3656,0.0042,0.6302
DIAMONDS FIVE CLUBS KING,0.238,0.044,0.718
SPADES EIGHT CLUBS KING,0.353,0.008,0.639
DIAMONDS FIVE CLUBS ACE,0.2318,0.0312,0.737
SPADES EIGHT CLUBS QUEEN,0.3614,0.012,0.6266
CLUBS JACK SPADES EIGHT,0.2186,0.2192,0.5622
CLUBS TEN SPADES EIGHT,0.5586,0.016,0.4254
CLUBS TEN DIAMONDS FIVE,0.6976,0.0556,0.2468
CLUBS JACK DIAMONDS FIVE,0.0118,0.9714,0.0168
DIAMONDS TEN HEARTS TEN,0.2796,0.0238,0.6966
SPADES ACE CLUBS NINE,0.3558,0.0046,0.6396
SPADES QUEEN CLUBS NINE,0.3418,0.0102,0.648
SPADES KING CLUBS NINE,0.3506,0.0078,0.6416
HEARTS SIX HEARTS KING,0.3478,0.006,0.6462
DIAMONDS KING SPADES SEVEN,0.365,0.0058,0.6292
HEARTS THREE SPADES SEVEN,0.6282,0.021,0.3508
SPADES KING DIAMONDS SEVEN,0.3614,0.007,0.6316
HEARTS SIX HEARTS QUEEN,0.356,0.0088,0.6352
SPADES QUEEN DIAMONDS SEVEN,0.3574,0.0088,0.6338
HEARTS THREE SPADES SIX,0.5986,0.0164,0.385
DIAMONDS KING SPADES SIX,0.364,0.0066,0.6294
DIAMONDS KING SPADES NINE,0.3656,0.0036,0.6308
HEARTS THREE SPADES NINE,0.6306,0.0176,0.3518
HEARTS SIX HEARTS ACE,0.348,0.0062,0.6458
DIAMONDS KING SPADES EIGHT,0.3742,0.0072,0.6186
HEARTS THREE SPADES EIGHT,0.6266,0.0172,0.3562
SPADES ACE DIAMONDS SEVEN,0.3538,0.0044,0.6418
HEARTS THREE CLUBS NINE,0.6302,0.0146,0.3552
CLUBS NINE DIAMONDS KING,0.3536,0.0052,0.6412
CLUBS EIGHT DIAMONDS KING,0.3666,0.0072,0.6262
HEARTS THREE CLUBS EIGHT,0.6272,0.0176,0.3552
HEARTS THREE SPADES THREE,0.4142,0.0466,0.5392
DIAMONDS KING SPADES THREE,0.4098,0.0096,0.5806
HEARTS THREE SPADES TWO,0.6502,0.0214,0.3284
DIAMONDS KING SPADES TWO,0.4046,0.0066,0.5888
HEARTS THREE SPADES FIVE,0.67,0.0642,0.2658
DIAMONDS KING SPADES FIVE,0.2308,0.0418,0.7274
