opposingHand,winningChance,drawChance,lostChance
CLUBS EIGHT DIAMONDS SIX
HEARTS FIVE SPADES TEN,0.4194,0.0278,0.5528
HEARTS FIVE SPADES JACK,0.3976,0.0184,0.584
CLUBS JACK SPADES FIVE,0.408,0.016,0.576
CLUBS TEN SPADES FIVE,0.4124,0.0252,0.5624
SPADES FIVE CLUBS ACE,0.414,0.0034,0.5826
SPADES FIVE CLUBS KING,0.411,0.0074,0.5816
SPADES FIVE CLUBS QUEEN,0.4098,0.0142,0.576
DIAMONDS TWO DIAMONDS THREE,0.5736,0.0612,0.3652
DIAMONDS TWO DIAMONDS FIVE,0.5726,0.0652,0.3622
HEARTS FIVE SPADES KING,0.411,0.007,0.582
DIAMONDS TWO DIAMONDS FOUR,0.5704,0.0686,0.361
HEARTS FIVE SPADES QUEEN,0.4136,0.0106,0.5758
DIAMONDS TWO DIAMONDS SEVEN,0.5938,0.0574,0.3488
SPADES ACE HEARTS FIVE,0.4204,0.004,0.5756
DIAMONDS TWO DIAMONDS NINE,0.3974,0.0418,0.5608
DIAMONDS TWO DIAMONDS EIGHT,0.4022,0.3496,0.2482
DIAMONDS THREE DIAMONDS FOUR,0.561,0.0584,0.3806
CLUBS TWO SPADES FOUR,0.6112,0.0638,0.325
DIAMONDS THREE DIAMONDS FIVE,0.5728,0.063,0.3642
SPADES FIVE CLUBS TWO,0.6138,0.0636,0.3226
CLUBS TWO SPADES TWO,0.4056,0.1006,0.4938
CLUBS TWO SPADES THREE,0.6018,0.0642,0.334
DIAMONDS THREE DIAMONDS EIGHT,0.3942,0.3452,0.2606
SPADES EIGHT CLUBS TWO,0.4186,0.3776,0.2038
DIAMONDS THREE DIAMONDS NINE,0.413,0.039,0.548
SPADES NINE CLUBS TWO,0.4222,0.0436,0.5342
SPADES SIX CLUBS TWO,0.6208,0.1536,0.2256
DIAMONDS THREE DIAMONDS SEVEN,0.5802,0.0634,0.3564
SPADES SEVEN CLUBS TWO,0.6118,0.0778,0.3104
CLUBS SIX CLUBS TWO,0.599,0.143,0.258
CLUBS SEVEN CLUBS TWO,0.5954,0.0626,0.342
CLUBS FOUR CLUBS TWO,0.5732,0.0626,0.3642
CLUBS FIVE CLUBS TWO,0.5922,0.0594,0.3484
CLUBS TEN CLUBS JACK,0.3158,0.0138,0.6704
CLUBS TEN CLUBS QUEEN,0.3386,0.0098,0.6516
DIAMONDS FOUR DIAMONDS SEVEN,0.5542,0.067,0.3788
CLUBS TEN CLUBS KING,0.3378,0.0084,0.6538
CLUBS TEN CLUBS ACE,0.3356,0.0038,0.6606
DIAMONDS FIVE DIAMONDS FOUR,0.545,0.067,0.388
CLUBS NINE CLUBS TWO,0.409,0.0418,0.5492
DIAMONDS NINE DIAMONDS FOUR,0.4106,0.0352,0.5542
DIAMONDS FOUR DIAMONDS EIGHT,0.3906,0.3572,0.2522
CLUBS THREE CLUBS TWO,0.5742,0.056,0.3698
DIAMONDS NINE DIAMONDS FIVE,0.386,0.0484,0.5656
CLUBS JACK DIAMONDS TWO,0.425,0.0192,0.5558
DIAMONDS FIVE DIAMONDS EIGHT,0.3806,0.3642,0.2552
CLUBS TEN DIAMONDS TWO,0.4194,0.0286,0.552
DIAMONDS FIVE DIAMONDS SEVEN,0.5566,0.0656,0.3778
DIAMONDS TWO CLUBS ACE,0.4104,0.0058,0.5838
DIAMONDS TWO CLUBS KING,0.416,0.0082,0.5758
DIAMONDS TWO CLUBS QUEEN,0.4184,0.0164,0.5652
HEARTS ACE SPADES THREE,0.4138,0.0032,0.583
SPADES THREE HEARTS KING,0.4252,0.0074,0.5674
HEARTS QUEEN SPADES THREE,0.4334,0.0124,0.5542
SPADES THREE HEARTS JACK,0.4238,0.0156,0.5606
SPADES THREE HEARTS TEN,0.429,0.0246,0.5464
DIAMONDS EIGHT DIAMONDS SEVEN,0.2186,0.2874,0.494
DIAMONDS NINE DIAMONDS SEVEN,0.3392,0.0384,0.6224
DIAMONDS NINE DIAMONDS EIGHT,0.243,0.0978,0.6592
DIAMONDS KING HEARTS TEN,0.3536,0.008,0.6384
HEARTS THREE HEARTS TEN,0.3906,0.0292,0.5802
SPADES JACK CLUBS SIX,0.2774,0.0562,0.6664
DIAMONDS KING HEARTS JACK,0.3408,0.0064,0.6528
HEARTS THREE HEARTS JACK,0.4054,0.0196,0.575
SPADES TEN CLUBS SIX,0.2634,0.0756,0.661
SPADES JACK SPADES FIVE,0.3872,0.0192,0.5936
SPADES TEN SPADES FIVE,0.391,0.0212,0.5878
DIAMONDS KING HEARTS ACE,0.3536,0.003,0.6434
HEARTS THREE HEARTS ACE,0.396,0.0054,0.5986
SPADES ACE CLUBS SIX,0.2862,0.0182,0.6956
DIAMONDS KING HEARTS QUEEN,0.3384,0.0054,0.6562
HEARTS THREE HEARTS QUEEN,0.3984,0.013,0.5886
SPADES KING CLUBS SIX,0.2874,0.0352,0.6774
DIAMONDS KING HEARTS KING,0.1784,0.0144,0.8072
HEARTS THREE HEARTS KING,0.3922,0.007,0.6008
SPADES QUEEN CLUBS SIX,0.2812,0.0514,0.6674
SPADES NINE HEARTS TEN,0.3368,0.0228,0.6404
SPADES NINE HEARTS JACK,0.3488,0.0126,0.6386
SPADES QUEEN SPADES FIVE,0.3918,0.0114,0.5968
SPADES KING SPADES FIVE,0.3844,0.0082,0.6074
SPADES ACE SPADES FIVE,0.3876,0.0044,0.608
SPADES NINE HEARTS QUEEN,0.3604,0.0106,0.629
SPADES NINE HEARTS KING,0.3544,0.0046,0.641
SPADES NINE HEARTS ACE,0.363,0.0028,0.6342
CLUBS TEN SPADES JACK,0.3414,0.0154,0.6432
CLUBS TEN SPADES TEN,0.172,0.0476,0.7804
SPADES ACE CLUBS TEN,0.3534,0.0036,0.643
CLUBS TEN SPADES KING,0.3462,0.0062,0.6476
CLUBS TEN SPADES QUEEN,0.3508,0.01,0.6392
SPADES FIVE HEARTS QUEEN,0.406,0.012,0.582
SPADES FIVE HEARTS KING,0.402,0.0054,0.5926
HEARTS ACE SPADES FIVE,0.4064,0.003,0.5906
SPADES JACK HEARTS THREE,0.4302,0.0188,0.551
SPADES JACK DIAMONDS KING,0.339,0.0054,0.6556
SPADES TEN DIAMONDS KING,0.3548,0.0068,0.6384
SPADES TEN HEARTS THREE,0.4308,0.0242,0.545
CLUBS SIX HEARTS ACE,0.272,0.022,0.706
HEARTS FIVE CLUBS JACK,0.415,0.0178,0.5672
CLUBS TEN HEARTS FIVE,0.4118,0.0258,0.5624
CLUBS SIX HEARTS QUEEN,0.2818,0.045,0.6732
CLUBS TEN SPADES THREE,0.4266,0.0302,0.5432
CLUBS SIX HEARTS KING,0.279,0.0294,0.6916
CLUBS JACK SPADES THREE,0.4282,0.0176,0.5542
DIAMONDS TWO HEARTS JACK,0.425,0.015,0.56
SPADES THREE CLUBS QUEEN,0.4196,0.0144,0.566
DIAMONDS TWO HEARTS TEN,0.4204,0.0276,0.552
SPADES THREE CLUBS KING,0.4228,0.0096,0.5676
HEARTS FIVE CLUBS ACE,0.4066,0.0036,0.5898
SPADES FIVE HEARTS TEN,0.428,0.0256,0.5464
SPADES THREE CLUBS ACE,0.4138,0.004,0.5822
HEARTS FIVE CLUBS KING,0.4184,0.0074,0.5742
SPADES FIVE HEARTS JACK,0.419,0.0172,0.5638
HEARTS FIVE CLUBS QUEEN,0.4098,0.012,0.5782
HEARTS THREE CLUBS KING,0.4212,0.0102,0.5686
DIAMONDS KING CLUBS KING,0.1688,0.0184,0.8128
HEARTS THREE CLUBS QUEEN,0.4254,0.0108,0.5638
DIAMONDS KING CLUBS QUEEN,0.3528,0.0062,0.641
HEARTS FIVE HEARTS JACK,0.3854,0.0192,0.5954
HEARTS FIVE HEARTS TEN,0.3904,0.0264,0.5832
HEARTS THREE CLUBS ACE,0.4166,0.0054,0.578
DIAMONDS KING CLUBS ACE,0.3532,0.0056,0.6412
SPADES ACE CLUBS QUEEN,0.3602,0.0042,0.6356
SPADES KING CLUBS QUEEN,0.369,0.0048,0.6262
CLUBS JACK HEARTS THREE,0.4334,0.0194,0.5472
CLUBS JACK DIAMONDS KING,0.3486,0.0064,0.645
SPADES QUEEN CLUBS QUEEN,0.18,0.0254,0.7946
CLUBS TEN HEARTS THREE,0.4246,0.027,0.5484
CLUBS TEN DIAMONDS KING,0.3556,0.0068,0.6376
SPADES JACK CLUBS QUEEN,0.3552,0.0106,0.6342
CLUBS SIX CLUBS QUEEN,0.2592,0.047,0.6938
SPADES TEN CLUBS QUEEN,0.3504,0.0088,0.6408
CLUBS SIX CLUBS KING,0.2628,0.0352,0.702
CLUBS SIX CLUBS ACE,0.2692,0.0186,0.7122
HEARTS FIVE HEARTS KING,0.39,0.006,0.604
HEARTS FIVE HEARTS QUEEN,0.384,0.014,0.602
CLUBS TEN CLUBS SIX,0.2468,0.07,0.6832
HEARTS FIVE HEARTS ACE,0.3824,0.003,0.6146
CLUBS JACK CLUBS SIX,0.2758,0.0504,0.6738
SPADES SEVEN HEARTS JACK,0.3812,0.0144,0.6044
SPADES SEVEN HEARTS TEN,0.3642,0.026,0.6098
DIAMONDS TWO CLUBS TWO,0.4016,0.0998,0.4986
DIAMONDS TWO CLUBS THREE,0.6106,0.0664,0.323
DIAMONDS TWO HEARTS SIX,0.6248,0.1478,0.2274
DIAMONDS TWO HEARTS QUEEN,0.4318,0.0118,0.5564
HEARTS SEVEN DIAMONDS TWO,0.623,0.0602,0.3168
DIAMONDS TWO HEARTS KING,0.44,0.0074,0.5526
DIAMONDS TWO HEARTS EIGHT,0.4128,0.3794,0.2078
DIAMONDS TWO HEARTS ACE,0.4256,0.0044,0.57
DIAMONDS TWO HEARTS NINE,0.4448,0.0402,0.515
DIAMONDS TWO DIAMONDS QUEEN,0.419,0.0122,0.5688
DIAMONDS TWO HEARTS TWO,0.4166,0.0874,0.496
DIAMONDS TWO DIAMONDS KING,0.4136,0.009,0.5774
DIAMONDS TWO HEARTS THREE,0.6064,0.068,0.3256
DIAMONDS TWO DIAMONDS ACE,0.4068,0.005,0.5882
HEARTS FOUR DIAMONDS TWO,0.5988,0.0666,0.3346
HEARTS FIVE DIAMONDS TWO,0.5972,0.0674,0.3354
SPADES SEVEN HEARTS ACE,0.3912,0.0032,0.6056
DIAMONDS TWO DIAMONDS TEN,0.4146,0.0254,0.56
SPADES SEVEN HEARTS KING,0.391,0.0064,0.6026
DIAMONDS TWO DIAMONDS JACK,0.4228,0.0176,0.5596
SPADES SEVEN HEARTS QUEEN,0.3906,0.012,0.5974
DIAMONDS TWO SPADES NINE,0.4306,0.043,0.5264
DIAMONDS TWO SPADES EIGHT,0.4246,0.3612,0.2142
DIAMONDS TWO SPADES SEVEN,0.6174,0.068,0.3146
DIAMONDS TWO SPADES SIX,0.6308,0.1428,0.2264
DIAMONDS TWO SPADES FIVE,0.6024,0.071,0.3266
DIAMONDS TWO SPADES FOUR,0.606,0.0644,0.3296
DIAMONDS TWO SPADES THREE,0.5998,0.0658,0.3344
DIAMONDS TWO SPADES TWO,0.411,0.0906,0.4984
DIAMONDS TWO CLUBS NINE,0.4214,0.039,0.5396
CLUBS SEVEN DIAMONDS TWO,0.6204,0.0652,0.3144
DIAMONDS TWO CLUBS SIX,0.629,0.1532,0.2178
DIAMONDS TWO CLUBS FIVE,0.6114,0.0666,0.322
DIAMONDS TWO CLUBS FOUR,0.6074,0.0678,0.3248
CLUBS FOUR SPADES FIVE,0.5788,0.0684,0.3528
CLUBS FOUR SPADES FOUR,0.4002,0.0868,0.513
CLUBS FOUR SPADES THREE,0.598,0.0678,0.3342
CLUBS FOUR SPADES TWO,0.606,0.064,0.33
SPADES NINE CLUBS FOUR,0.4226,0.0448,0.5326
SPADES EIGHT CLUBS FOUR,0.4134,0.3716,0.215
SPADES SEVEN CLUBS FOUR,0.5878,0.065,0.3472
CLUBS FOUR SPADES SIX,0.608,0.1488,0.2432
SPADES QUEEN SPADES TWO,0.4054,0.0122,0.5824
SPADES KING SPADES TWO,0.3986,0.0078,0.5936
SPADES ACE SPADES TWO,0.399,0.0044,0.5966
CLUBS JACK DIAMONDS JACK,0.1664,0.0348,0.7988
CLUBS TEN DIAMONDS JACK,0.3374,0.017,0.6456
DIAMONDS JACK CLUBS KING,0.3474,0.0074,0.6452
DIAMONDS JACK CLUBS QUEEN,0.3496,0.0098,0.6406
DIAMONDS THREE DIAMONDS JACK,0.4098,0.0162,0.574
DIAMONDS THREE DIAMONDS TEN,0.415,0.0306,0.5544
DIAMONDS JACK CLUBS ACE,0.3454,0.0054,0.6492
DIAMONDS THREE DIAMONDS KING,0.4186,0.0072,0.5742
DIAMONDS THREE HEARTS THREE,0.4132,0.0914,0.4954
DIAMONDS THREE DIAMONDS QUEEN,0.4108,0.0108,0.5784
DIAMONDS THREE HEARTS TWO,0.6162,0.063,0.3208
HEARTS FIVE DIAMONDS THREE,0.593,0.0646,0.3424
DIAMONDS THREE DIAMONDS ACE,0.3974,0.004,0.5986
HEARTS FOUR DIAMONDS THREE,0.5816,0.0628,0.3556
HEARTS SEVEN DIAMONDS THREE,0.6012,0.0636,0.3352
SPADES TEN SPADES NINE,0.3122,0.0242,0.6636
HEARTS SIX DIAMONDS THREE,0.6248,0.1484,0.2268
SPADES JACK SPADES NINE,0.3152,0.0132,0.6716
DIAMONDS THREE HEARTS NINE,0.4184,0.0412,0.5404
HEARTS JACK DIAMONDS FOUR,0.4286,0.0188,0.5526
HEARTS ACE HEARTS KING,0.3364,0.0034,0.6602
SPADES TEN SPADES TWO,0.3958,0.0244,0.5798
DIAMONDS THREE HEARTS EIGHT,0.4192,0.3692,0.2116
HEARTS TEN DIAMONDS FOUR,0.414,0.0252,0.5608
SPADES JACK SPADES TWO,0.4028,0.0176,0.5796
HEARTS QUEEN DIAMONDS FOUR,0.4322,0.0132,0.5546
HEARTS KING DIAMONDS FOUR,0.4236,0.0076,0.5688
SPADES ACE SPADES NINE,0.3506,0.004,0.6454
HEARTS ACE DIAMONDS FOUR,0.4292,0.0034,0.5674
SPADES KING SPADES NINE,0.3376,0.0084,0.654
SPADES QUEEN SPADES NINE,0.335,0.0114,0.6536
DIAMONDS THREE SPADES NINE,0.436,0.0462,0.5178
DIAMONDS THREE SPADES EIGHT,0.4242,0.3656,0.2102
DIAMONDS THREE SPADES SEVEN,0.6032,0.0666,0.3302
DIAMONDS THREE SPADES SIX,0.6276,0.149,0.2234
DIAMONDS THREE CLUBS SIX,0.6254,0.1578,0.2168
CLUBS FIVE CLUBS SIX,0.574,0.1498,0.2762
CLUBS ACE DIAMONDS FOUR,0.4188,0.0042,0.577
CLUBS SEVEN DIAMONDS THREE,0.6076,0.0702,0.3222
CLUBS SEVEN CLUBS FIVE,0.5568,0.0582,0.385
DIAMONDS THREE CLUBS FOUR,0.608,0.073,0.319
DIAMONDS FOUR CLUBS QUEEN,0.417,0.0158,0.5672
DIAMONDS THREE CLUBS FIVE,0.5962,0.073,0.3308
DIAMONDS FOUR CLUBS KING,0.4214,0.0072,0.5714
DIAMONDS THREE CLUBS TWO,0.6102,0.0736,0.3162
CLUBS TEN DIAMONDS FOUR,0.4198,0.0296,0.5506
DIAMONDS THREE CLUBS THREE,0.4214,0.089,0.4896
CLUBS JACK DIAMONDS FOUR,0.4264,0.0182,0.5554
DIAMONDS THREE SPADES FOUR,0.5946,0.0678,0.3376
DIAMONDS THREE SPADES FIVE,0.6044,0.0626,0.333
DIAMONDS THREE SPADES TWO,0.6082,0.0718,0.32
DIAMONDS THREE SPADES THREE,0.3994,0.0956,0.505
CLUBS NINE DIAMONDS THREE,0.4198,0.0388,0.5414
SPADES SEVEN CLUBS ACE,0.3844,0.0036,0.612
SPADES SEVEN CLUBS QUEEN,0.3948,0.0134,0.5918
SPADES SEVEN CLUBS KING,0.379,0.0076,0.6134
CLUBS FIVE SPADES SEVEN,0.5762,0.0634,0.3604
CLUBS TEN SPADES SEVEN,0.3658,0.0226,0.6116
CLUBS FIVE SPADES SIX,0.599,0.1424,0.2586
CLUBS JACK SPADES SEVEN,0.3704,0.0202,0.6094
CLUBS FIVE SPADES NINE,0.3936,0.041,0.5654
CLUBS FIVE SPADES EIGHT,0.4166,0.374,0.2094
CLUBS FIVE SPADES THREE,0.607,0.0666,0.3264
CLUBS FIVE SPADES TWO,0.6162,0.0702,0.3136
CLUBS FIVE SPADES FIVE,0.3946,0.084,0.5214
CLUBS FIVE SPADES FOUR,0.5822,0.0644,0.3534
CLUBS NINE CLUBS FIVE,0.3974,0.0388,0.5638
CLUBS ACE CLUBS QUEEN,0.335,0.0052,0.6598
CLUBS KING CLUBS QUEEN,0.3328,0.0058,0.6614
DIAMONDS TEN DIAMONDS FOUR,0.3926,0.0278,0.5796
CLUBS TEN DIAMONDS NINE,0.3306,0.0242,0.6452
DIAMONDS JACK DIAMONDS FOUR,0.4008,0.017,0.5822
CLUBS JACK DIAMONDS NINE,0.3272,0.0192,0.6536
CLUBS JACK SPADES NINE,0.3192,0.0146,0.6662
CLUBS TEN SPADES NINE,0.3272,0.0224,0.6504
DIAMONDS ACE DIAMONDS FOUR,0.4038,0.0056,0.5906
HEARTS FOUR DIAMONDS FOUR,0.4,0.0868,0.5132
DIAMONDS JACK HEARTS TEN,0.3382,0.013,0.6488
SPADES NINE CLUBS KING,0.34,0.0052,0.6548
DIAMONDS TWO SPADES TEN,0.433,0.028,0.539
DIAMONDS NINE CLUBS ACE,0.3452,0.0044,0.6504
HEARTS FIVE DIAMONDS FOUR,0.5882,0.0672,0.3446
DIAMONDS JACK HEARTS JACK,0.1794,0.0348,0.7858
SPADES NINE CLUBS QUEEN,0.3412,0.0106,0.6482
DIAMONDS TWO SPADES JACK,0.4264,0.0148,0.5588
DIAMONDS QUEEN DIAMONDS FOUR,0.3966,0.0138,0.5896
HEARTS TWO DIAMONDS FOUR,0.5994,0.0716,0.329
DIAMONDS NINE CLUBS QUEEN,0.341,0.0118,0.6472
DIAMONDS KING DIAMONDS FOUR,0.393,0.0082,0.5988
HEARTS THREE DIAMONDS FOUR,0.593,0.0612,0.3458
SPADES NINE CLUBS ACE,0.3566,0.0032,0.6402
DIAMONDS NINE CLUBS KING,0.3414,0.008,0.6506
HEARTS ACE DIAMONDS JACK,0.3634,0.0036,0.633
SPADES ACE DIAMONDS TWO,0.4286,0.0038,0.5676
HEARTS QUEEN DIAMONDS JACK,0.3378,0.0086,0.6536
SPADES QUEEN DIAMONDS TWO,0.4288,0.0112,0.56
HEARTS KING DIAMONDS JACK,0.3446,0.0058,0.6496
SPADES KING DIAMONDS TWO,0.4284,0.0086,0.563
SPADES JACK SPADES SEVEN,0.3614,0.0186,0.62
SPADES TEN SPADES SEVEN,0.3486,0.0224,0.629
CLUBS SEVEN CLUBS THREE,0.5836,0.0582,0.3582
CLUBS SIX CLUBS THREE,0.5912,0.1464,0.2624
CLUBS FIVE CLUBS THREE,0.5676,0.0618,0.3706
CLUBS THREE CLUBS FOUR,0.5726,0.064,0.3634
CLUBS NINE CLUBS THREE,0.402,0.0462,0.5518
CLUBS THREE SPADES FIVE,0.593,0.072,0.335
CLUBS THREE SPADES FOUR,0.6,0.0682,0.3318
CLUBS THREE SPADES THREE,0.414,0.0906,0.4954
CLUBS THREE SPADES TWO,0.609,0.0604,0.3306
CLUBS THREE SPADES SIX,0.6212,0.1524,0.2264
CLUBS THREE SPADES SEVEN,0.6104,0.0646,0.325
SPADES EIGHT CLUBS THREE,0.419,0.3736,0.2074
SPADES NINE CLUBS THREE,0.4188,0.042,0.5392
SPADES TWO DIAMONDS FOUR,0.6056,0.07,0.3244
SPADES THREE DIAMONDS FOUR,0.5922,0.0658,0.342
SPADES FOUR DIAMONDS FOUR,0.396,0.0956,0.5084
SPADES FIVE DIAMONDS FOUR,0.5814,0.0628,0.3558
SPADES SIX DIAMONDS FOUR,0.608,0.1466,0.2454
SPADES SEVEN DIAMONDS FOUR,0.5944,0.0646,0.341
SPADES EIGHT DIAMONDS FOUR,0.4142,0.3734,0.2124
SPADES NINE DIAMONDS FOUR,0.4112,0.0428,0.546
CLUBS FIVE DIAMONDS FOUR,0.6032,0.0602,0.3366
CLUBS FOUR DIAMONDS FOUR,0.3982,0.0942,0.5076
CLUBS SEVEN DIAMONDS FOUR,0.6054,0.0678,0.3268
CLUBS SIX DIAMONDS FOUR,0.6076,0.1546,0.2378
CLUBS NINE DIAMONDS FOUR,0.418,0.046,0.536
HEARTS SEVEN DIAMONDS FOUR,0.5986,0.0624,0.339
HEARTS SIX DIAMONDS FOUR,0.5988,0.1526,0.2486
DIAMONDS FOUR HEARTS NINE,0.4238,0.047,0.5292
DIAMONDS FOUR HEARTS EIGHT,0.4034,0.3832,0.2134
CLUBS THREE DIAMONDS FOUR,0.601,0.0604,0.3386
CLUBS TWO DIAMONDS FOUR,0.6058,0.0704,0.3238
DIAMONDS TEN DIAMONDS FIVE,0.3898,0.0264,0.5838
DIAMONDS JACK DIAMONDS FIVE,0.3896,0.0166,0.5938
DIAMONDS NINE HEARTS QUEEN,0.349,0.012,0.639
DIAMONDS NINE HEARTS KING,0.353,0.0068,0.6402
HEARTS ACE DIAMONDS NINE,0.3684,0.0034,0.6282
DIAMONDS NINE HEARTS TEN,0.3324,0.0252,0.6424
DIAMONDS NINE HEARTS JACK,0.352,0.016,0.632
SPADES KING DIAMONDS FOUR,0.412,0.0094,0.5786
SPADES ACE SPADES SEVEN,0.3696,0.0022,0.6282
SPADES QUEEN DIAMONDS FOUR,0.4298,0.0132,0.557
SPADES QUEEN SPADES SEVEN,0.3626,0.0114,0.626
SPADES KING SPADES SEVEN,0.3592,0.006,0.6348
SPADES ACE DIAMONDS FOUR,0.419,0.0052,0.5758
CLUBS NINE CLUBS FOUR,0.4074,0.0404,0.5522
SPADES JACK DIAMONDS FOUR,0.418,0.0176,0.5644
SPADES TEN DIAMONDS FOUR,0.4278,0.0258,0.5464
CLUBS FIVE CLUBS FOUR,0.5554,0.0688,0.3758
CLUBS SEVEN CLUBS FOUR,0.5714,0.0652,0.3634
CLUBS SIX CLUBS FOUR,0.571,0.1546,0.2744
CLUBS SEVEN SPADES EIGHT,0.2274,0.3102,0.4624
CLUBS SEVEN SPADES NINE,0.3598,0.0392,0.601
CLUBS SEVEN SPADES SIX,0.6354,0.1298,0.2348
CLUBS SEVEN SPADES SEVEN,0.2674,0.0878,0.6448
CLUBS SEVEN SPADES FIVE,0.5896,0.066,0.3444
CLUBS SEVEN SPADES FOUR,0.5972,0.062,0.3408
CLUBS SEVEN SPADES THREE,0.6066,0.065,0.3284
CLUBS SEVEN SPADES TWO,0.6226,0.06,0.3174
CLUBS SEVEN CLUBS NINE,0.3402,0.035,0.6248
HEARTS SIX DIAMONDS FIVE,0.5948,0.1502,0.255
HEARTS SEVEN DIAMONDS FIVE,0.5664,0.0642,0.3694
DIAMONDS FIVE HEARTS EIGHT,0.4092,0.37,0.2208
DIAMONDS FIVE HEARTS NINE,0.4246,0.0438,0.5316
DIAMONDS QUEEN DIAMONDS FIVE,0.3916,0.0138,0.5946
HEARTS TWO DIAMONDS FIVE,0.6188,0.0702,0.311
HEARTS KING HEARTS EIGHT,0.2608,0.0288,0.7104
DIAMONDS KING DIAMONDS FIVE,0.3948,0.007,0.5982
HEARTS THREE DIAMONDS FIVE,0.586,0.0676,0.3464
HEARTS QUEEN HEARTS EIGHT,0.2508,0.0414,0.7078
DIAMONDS ACE DIAMONDS FIVE,0.3854,0.0062,0.6084
HEARTS FOUR DIAMONDS FIVE,0.5852,0.066,0.3488
HEARTS FIVE DIAMONDS FIVE,0.382,0.0898,0.5282
HEARTS ACE HEARTS EIGHT,0.2406,0.021,0.7384
CLUBS FOUR DIAMONDS FIVE,0.5914,0.0714,0.3372
CLUBS FIVE DIAMONDS FIVE,0.3882,0.0996,0.5122
CLUBS SIX DIAMONDS FIVE,0.6122,0.1446,0.2432
CLUBS SEVEN DIAMONDS FIVE,0.5866,0.0626,0.3508
CLUBS TWO DIAMONDS FIVE,0.6062,0.0622,0.3316
CLUBS THREE DIAMONDS FIVE,0.611,0.071,0.318
SPADES THREE DIAMONDS FIVE,0.5998,0.066,0.3342
SPADES TWO DIAMONDS FIVE,0.594,0.0678,0.3382
SPADES JACK DIAMONDS EIGHT,0.249,0.0608,0.6902
SPADES FIVE DIAMONDS FIVE,0.386,0.0888,0.5252
CLUBS TEN HEARTS JACK,0.3462,0.0138,0.64
SPADES TEN DIAMONDS EIGHT,0.2546,0.0804,0.665
SPADES FOUR DIAMONDS FIVE,0.5792,0.0662,0.3546
CLUBS JACK HEARTS JACK,0.1716,0.0336,0.7948
HEARTS JACK CLUBS QUEEN,0.348,0.0088,0.6432
CLUBS NINE DIAMONDS FIVE,0.393,0.0412,0.5658
HEARTS JACK CLUBS KING,0.3492,0.0054,0.6454
CLUBS ACE HEARTS JACK,0.3628,0.0046,0.6326
SPADES SEVEN DIAMONDS FIVE,0.5826,0.0708,0.3466
SPADES KING DIAMONDS EIGHT,0.285,0.0348,0.6802
SPADES QUEEN DIAMONDS EIGHT,0.2642,0.043,0.6928
SPADES SIX DIAMONDS FIVE,0.5948,0.1494,0.2558
SPADES NINE DIAMONDS FIVE,0.409,0.042,0.549
SPADES EIGHT DIAMONDS FIVE,0.411,0.3706,0.2184
SPADES ACE DIAMONDS EIGHT,0.2774,0.0268,0.6958
HEARTS ACE DIAMONDS SEVEN,0.3634,0.0036,0.633
HEARTS QUEEN DIAMONDS SEVEN,0.3846,0.0122,0.6032
HEARTS KING DIAMONDS SEVEN,0.3842,0.0072,0.6086
SPADES TWO HEARTS JACK,0.4414,0.0174,0.5412
SPADES TWO HEARTS TEN,0.4298,0.0272,0.543
HEARTS TEN DIAMONDS SEVEN,0.3668,0.0298,0.6034
HEARTS JACK DIAMONDS SEVEN,0.3794,0.0188,0.6018
CLUBS JACK DIAMONDS EIGHT,0.2464,0.061,0.6926
CLUBS TEN DIAMONDS EIGHT,0.2504,0.0826,0.667
HEARTS ACE HEARTS JACK,0.3292,0.0034,0.6674
CLUBS ACE DIAMONDS EIGHT,0.2532,0.027,0.7198
HEARTS QUEEN HEARTS JACK,0.3284,0.0102,0.6614
CLUBS KING DIAMONDS EIGHT,0.2668,0.0334,0.6998
HEARTS KING HEARTS JACK,0.3498,0.0056,0.6446
DIAMONDS EIGHT CLUBS QUEEN,0.268,0.045,0.687
SPADES TEN HEARTS KING,0.369,0.0088,0.6222
HEARTS ACE SPADES TWO,0.4172,0.0044,0.5784
SPADES JACK HEARTS KING,0.3622,0.0036,0.6342
HEARTS QUEEN SPADES TWO,0.431,0.0132,0.5558
SPADES ACE SPADES KING,0.3298,0.0034,0.6668
HEARTS KING SPADES TWO,0.4312,0.0076,0.5612
HEARTS TEN HEARTS EIGHT,0.2408,0.0798,0.6794
HEARTS JACK HEARTS EIGHT,0.2366,0.056,0.7074
SPADES KING HEARTS KING,0.1798,0.0128,0.8074
SPADES QUEEN HEARTS KING,0.359,0.0052,0.6358
CLUBS ACE CLUBS KING,0.3456,0.0048,0.6496
SPADES ACE HEARTS KING,0.355,0.0038,0.6412
SPADES ACE HEARTS JACK,0.3502,0.0024,0.6474
SPADES QUEEN HEARTS JACK,0.355,0.0106,0.6344
SPADES KING HEARTS JACK,0.346,0.0056,0.6484
SPADES TEN DIAMONDS TEN,0.1698,0.0504,0.7798
SPADES JACK DIAMONDS TEN,0.3352,0.0142,0.6506
SPADES ACE DIAMONDS TEN,0.3586,0.0042,0.6372
SPADES JACK HEARTS JACK,0.1804,0.034,0.7856
SPADES TEN HEARTS JACK,0.3218,0.0146,0.6636
SPADES QUEEN DIAMONDS TEN,0.3568,0.012,0.6312
SPADES KING DIAMONDS TEN,0.357,0.004,0.639
SPADES NINE DIAMONDS SEVEN,0.3508,0.0424,0.6068
SPADES EIGHT DIAMONDS SEVEN,0.215,0.296,0.489
SPADES SEVEN DIAMONDS SEVEN,0.2678,0.0812,0.651
SPADES SIX DIAMONDS SEVEN,0.5972,0.1418,0.261
DIAMONDS KING DIAMONDS SEVEN,0.3744,0.0064,0.6192
HEARTS THREE DIAMONDS SEVEN,0.5954,0.0702,0.3344
HEARTS KING DIAMONDS FIVE,0.4208,0.0076,0.5716
DIAMONDS QUEEN DIAMONDS SEVEN,0.3818,0.0118,0.6064
HEARTS TWO DIAMONDS SEVEN,0.6144,0.0626,0.323
HEARTS QUEEN DIAMONDS FIVE,0.4254,0.0128,0.5618
HEARTS FIVE DIAMONDS SEVEN,0.567,0.0654,0.3676
DIAMONDS ACE DIAMONDS SEVEN,0.368,0.0048,0.6272
HEARTS FOUR DIAMONDS SEVEN,0.5966,0.063,0.3404
HEARTS ACE DIAMONDS FIVE,0.4228,0.0038,0.5734
HEARTS SEVEN DIAMONDS SEVEN,0.27,0.0766,0.6534
HEARTS SIX DIAMONDS SEVEN,0.5984,0.147,0.2546
HEARTS NINE DIAMONDS SEVEN,0.3456,0.0398,0.6146
HEARTS EIGHT DIAMONDS SEVEN,0.221,0.3018,0.4772
DIAMONDS JACK DIAMONDS SEVEN,0.3674,0.0202,0.6124
DIAMONDS FIVE HEARTS JACK,0.4172,0.0184,0.5644
DIAMONDS TEN DIAMONDS SEVEN,0.3546,0.0242,0.6212
HEARTS TEN DIAMONDS FIVE,0.4226,0.0304,0.547
SPADES KING CLUBS TWO,0.4382,0.0074,0.5544
HEARTS KING CLUBS KING,0.1732,0.013,0.8138
SPADES QUEEN CLUBS TWO,0.4356,0.0134,0.551
HEARTS KING CLUBS QUEEN,0.357,0.0066,0.6364
CLUBS NINE DIAMONDS SEVEN,0.3476,0.0396,0.6128
CLUBS JACK SPADES TWO,0.4378,0.019,0.5432
SPADES ACE CLUBS TWO,0.4274,0.0032,0.5694
CLUBS TEN SPADES TWO,0.424,0.0294,0.5466
HEARTS KING CLUBS ACE,0.355,0.0038,0.6412
CLUBS SEVEN CLUBS SIX,0.5938,0.1384,0.2678
SPADES TWO CLUBS KING,0.438,0.0072,0.5548
SPADES TWO DIAMONDS SEVEN,0.6086,0.0634,0.328
SPADES THREE DIAMONDS SEVEN,0.6082,0.0636,0.3282
SPADES TWO CLUBS QUEEN,0.436,0.0114,0.5526
CLUBS NINE CLUBS SIX,0.2464,0.0972,0.6564
SPADES FOUR DIAMONDS SEVEN,0.5928,0.0622,0.345
CLUBS JACK HEARTS KING,0.3364,0.0072,0.6564
SPADES FIVE DIAMONDS SEVEN,0.5792,0.059,0.3618
SPADES TWO CLUBS ACE,0.4136,0.0036,0.5828
CLUBS TEN HEARTS KING,0.3494,0.0078,0.6428
CLUBS SIX SPADES TWO,0.6278,0.1502,0.222
CLUBS SIX SPADES THREE,0.62,0.1542,0.2258
CLUBS TWO DIAMONDS SEVEN,0.6116,0.0704,0.318
CLUBS SIX SPADES FOUR,0.6188,0.1382,0.243
CLUBS THREE DIAMONDS SEVEN,0.6118,0.0692,0.319
CLUBS SIX SPADES FIVE,0.5976,0.1472,0.2552
CLUBS FOUR DIAMONDS SEVEN,0.589,0.0708,0.3402
CLUBS SIX SPADES SIX,0.3138,0.0742,0.612
CLUBS FIVE DIAMONDS SEVEN,0.5866,0.0592,0.3542
CLUBS SIX SPADES SEVEN,0.6082,0.1498,0.242
CLUBS SIX DIAMONDS SEVEN,0.6046,0.1402,0.2552
CLUBS SIX SPADES EIGHT,0.0158,0.9746,0.0096
SPADES JACK CLUBS TWO,0.4312,0.0162,0.5526
CLUBS SEVEN DIAMONDS SEVEN,0.2596,0.086,0.6544
SPADES NINE CLUBS SIX,0.257,0.1062,0.6368
SPADES TEN CLUBS TWO,0.4286,0.0278,0.5436
CLUBS TWO CLUBS QUEEN,0.405,0.016,0.579
CLUBS TWO CLUBS KING,0.4116,0.0056,0.5828
CLUBS THREE DIAMONDS EIGHT,0.426,0.373,0.201
CLUBS TWO CLUBS ACE,0.3932,0.0074,0.5994
CLUBS TWO DIAMONDS EIGHT,0.4236,0.3678,0.2086
HEARTS SEVEN DIAMONDS EIGHT,0.2222,0.311,0.4668
HEARTS SIX DIAMONDS EIGHT,0.0138,0.9692,0.017
DIAMONDS EIGHT HEARTS NINE,0.231,0.102,0.667
CLUBS TEN CLUBS TWO,0.4112,0.0242,0.5646
HEARTS EIGHT DIAMONDS EIGHT,0.1176,0.083,0.7994
CLUBS JACK CLUBS TWO,0.3992,0.0174,0.5834
CLUBS NINE DIAMONDS EIGHT,0.2364,0.1066,0.657
CLUBS FIVE DIAMONDS EIGHT,0.3918,0.3916,0.2166
SPADES ACE SPADES THREE,0.4046,0.0056,0.5898
CLUBS FOUR DIAMONDS EIGHT,0.4128,0.3874,0.1998
CLUBS SEVEN DIAMONDS EIGHT,0.2036,0.308,0.4884
SPADES QUEEN SPADES THREE,0.4096,0.01,0.5804
CLUBS SIX DIAMONDS EIGHT,0.0076,0.9854,0.007
SPADES KING SPADES THREE,0.3962,0.0068,0.597
DIAMONDS QUEEN DIAMONDS EIGHT,0.2592,0.043,0.6978
HEARTS TWO DIAMONDS EIGHT,0.406,0.371,0.223
DIAMONDS KING DIAMONDS EIGHT,0.259,0.0332,0.7078
HEARTS THREE DIAMONDS EIGHT,0.4028,0.393,0.2042
DIAMONDS ACE DIAMONDS EIGHT,0.2502,0.027,0.7228
HEARTS FOUR DIAMONDS EIGHT,0.406,0.3684,0.2256
HEARTS FIVE DIAMONDS EIGHT,0.3876,0.3806,0.2318
DIAMONDS TEN DIAMONDS EIGHT,0.2362,0.0768,0.687
DIAMONDS JACK DIAMONDS EIGHT,0.2376,0.0616,0.7008
SPADES JACK SPADES THREE,0.4004,0.0168,0.5828
SPADES TEN SPADES THREE,0.3886,0.0244,0.587
CLUBS FOUR HEARTS ACE,0.4162,0.006,0.5778
CLUBS FOUR HEARTS QUEEN,0.417,0.0108,0.5722
CLUBS FOUR HEARTS KING,0.424,0.0102,0.5658
CLUBS SIX HEARTS TEN,0.2656,0.0756,0.6588
CLUBS SIX HEARTS JACK,0.2888,0.0576,0.6536
SPADES FOUR DIAMONDS EIGHT,0.4116,0.3668,0.2216
SPADES FIVE DIAMONDS EIGHT,0.3968,0.3838,0.2194
SPADES TWO DIAMONDS EIGHT,0.4094,0.375,0.2156
SPADES THREE DIAMONDS EIGHT,0.4178,0.3706,0.2116
CLUBS FOUR HEARTS JACK,0.4316,0.0174,0.551
SPADES EIGHT DIAMONDS EIGHT,0.1194,0.0848,0.7958
SPADES TEN DIAMONDS QUEEN,0.3462,0.0122,0.6416
SPADES TEN HEARTS TWO,0.4272,0.028,0.5448
SPADES JACK HEARTS EIGHT,0.2514,0.0598,0.6888
CLUBS FOUR HEARTS TEN,0.4312,0.0286,0.5402
SPADES NINE DIAMONDS EIGHT,0.2324,0.1052,0.6624
SPADES TEN HEARTS EIGHT,0.2586,0.0752,0.6662
SPADES JACK HEARTS TWO,0.4344,0.0158,0.5498
SPADES JACK DIAMONDS QUEEN,0.338,0.009,0.653
SPADES SIX DIAMONDS EIGHT,0.0114,0.9654,0.0232
SPADES SEVEN DIAMONDS EIGHT,0.2138,0.2972,0.489
SPADES ACE HEARTS TWO,0.422,0.0044,0.5736
SPADES ACE DIAMONDS QUEEN,0.3572,0.0044,0.6384
SPADES ACE HEARTS EIGHT,0.259,0.027,0.714
SPADES KING HEARTS EIGHT,0.2702,0.0332,0.6966
SPADES QUEEN HEARTS TWO,0.441,0.0098,0.5492
SPADES QUEEN DIAMONDS QUEEN,0.1818,0.0268,0.7914
SPADES KING DIAMONDS QUEEN,0.3588,0.0046,0.6366
SPADES KING HEARTS TWO,0.4352,0.0094,0.5554
SPADES QUEEN HEARTS EIGHT,0.2804,0.0454,0.6742
CLUBS TWO HEARTS TEN,0.4284,0.0236,0.548
CLUBS TWO HEARTS JACK,0.4316,0.0214,0.547
SPADES SEVEN DIAMONDS NINE,0.3584,0.039,0.6026
SPADES SIX DIAMONDS NINE,0.2496,0.1002,0.6502
SPADES NINE DIAMONDS NINE,0.1604,0.0596,0.78
SPADES EIGHT DIAMONDS NINE,0.245,0.0962,0.6588
SPADES TEN CLUBS KING,0.3526,0.006,0.6414
DIAMONDS NINE SPADES THREE,0.4324,0.04,0.5276
SPADES JACK CLUBS KING,0.364,0.0068,0.6292
DIAMONDS NINE SPADES TWO,0.4184,0.0404,0.5412
SPADES FIVE DIAMONDS NINE,0.4052,0.0438,0.551
DIAMONDS NINE SPADES FOUR,0.414,0.0398,0.5462
CLUBS NINE DIAMONDS NINE,0.14,0.0644,0.7956
CLUBS SIX DIAMONDS NINE,0.2416,0.1194,0.639
SPADES JACK CLUBS FOUR,0.4224,0.0158,0.5618
CLUBS SEVEN DIAMONDS NINE,0.3466,0.039,0.6144
SPADES TEN CLUBS FOUR,0.4216,0.0258,0.5526
CLUBS FOUR DIAMONDS NINE,0.423,0.0392,0.5378
CLUBS FIVE DIAMONDS NINE,0.4106,0.0438,0.5456
CLUBS TWO DIAMONDS NINE,0.4308,0.0456,0.5236
CLUBS THREE DIAMONDS NINE,0.4256,0.0396,0.5348
DIAMONDS NINE HEARTS EIGHT,0.2422,0.102,0.6558
DIAMONDS NINE HEARTS NINE,0.1602,0.0602,0.7796
HEARTS SIX DIAMONDS NINE,0.2538,0.1164,0.6298
HEARTS SEVEN DIAMONDS NINE,0.348,0.0418,0.6102
DIAMONDS ACE DIAMONDS NINE,0.335,0.0054,0.6596
HEARTS FOUR DIAMONDS NINE,0.4034,0.0402,0.5564
HEARTS FIVE DIAMONDS NINE,0.4088,0.0392,0.552
HEARTS ACE CLUBS TWO,0.424,0.0034,0.5726
SPADES ACE CLUBS FOUR,0.4174,0.0028,0.5798
DIAMONDS NINE DIAMONDS QUEEN,0.3386,0.009,0.6524
HEARTS TWO DIAMONDS NINE,0.421,0.0404,0.5386
CLUBS TWO HEARTS KING,0.4204,0.0066,0.573
SPADES KING CLUBS FOUR,0.415,0.007,0.578
DIAMONDS KING DIAMONDS NINE,0.3472,0.0078,0.645
HEARTS THREE DIAMONDS NINE,0.4326,0.0456,0.5218
CLUBS TWO HEARTS QUEEN,0.4298,0.014,0.5562
SPADES QUEEN CLUBS FOUR,0.434,0.0114,0.5546
DIAMONDS NINE DIAMONDS JACK,0.3406,0.0174,0.642
DIAMONDS TEN DIAMONDS NINE,0.3186,0.0276,0.6538
HEARTS SIX DIAMONDS TEN,0.2634,0.0788,0.6578
HEARTS SEVEN DIAMONDS TEN,0.3608,0.021,0.6182
DIAMONDS TEN HEARTS EIGHT,0.252,0.0752,0.6728
CLUBS JACK CLUBS FOUR,0.4054,0.021,0.5736
DIAMONDS TEN HEARTS NINE,0.3338,0.0226,0.6436
CLUBS TEN CLUBS FOUR,0.4044,0.0294,0.5662
CLUBS FOUR CLUBS KING,0.4032,0.0104,0.5864
CLUBS FOUR CLUBS QUEEN,0.4052,0.0128,0.582
DIAMONDS TEN CLUBS TWO,0.4224,0.0266,0.551
CLUBS THREE DIAMONDS TEN,0.435,0.0302,0.5348
CLUBS FOUR CLUBS ACE,0.407,0.0038,0.5892
DIAMONDS TEN DIAMONDS JACK,0.3238,0.0144,0.6618
DIAMONDS TEN DIAMONDS QUEEN,0.3216,0.0076,0.6708
HEARTS TWO DIAMONDS TEN,0.4306,0.028,0.5414
DIAMONDS KING DIAMONDS TEN,0.338,0.0072,0.6548
HEARTS THREE DIAMONDS TEN,0.4192,0.0272,0.5536
DIAMONDS ACE DIAMONDS TEN,0.344,0.0036,0.6524
HEARTS FOUR DIAMONDS TEN,0.4092,0.0292,0.5616
HEARTS FIVE DIAMONDS TEN,0.4072,0.0292,0.5636
CLUBS NINE SPADES THREE,0.4112,0.0452,0.5436
CLUBS NINE SPADES TWO,0.4316,0.0426,0.5258
CLUBS NINE SPADES FIVE,0.402,0.0406,0.5574
CLUBS NINE SPADES FOUR,0.4154,0.0414,0.5432
CLUBS NINE SPADES SEVEN,0.354,0.0374,0.6086
CLUBS NINE SPADES SIX,0.2396,0.1074,0.653
CLUBS NINE SPADES NINE,0.1716,0.0584,0.77
CLUBS TEN HEARTS EIGHT,0.2506,0.0736,0.6758
CLUBS NINE SPADES EIGHT,0.2354,0.1076,0.657
CLUBS JACK HEARTS EIGHT,0.256,0.0618,0.6822
HEARTS EIGHT CLUBS QUEEN,0.2646,0.0456,0.6898
CLUBS KING HEARTS EIGHT,0.268,0.034,0.698
CLUBS ACE HEARTS EIGHT,0.2656,0.0228,0.7116
SPADES KING CLUBS KING,0.1716,0.0138,0.8146
SPADES QUEEN CLUBS KING,0.3522,0.0058,0.642
SPADES ACE CLUBS KING,0.3604,0.0028,0.6368
DIAMONDS ACE HEARTS TEN,0.3558,0.0032,0.641
HEARTS FOUR HEARTS TEN,0.3946,0.0258,0.5796
DIAMONDS ACE HEARTS JACK,0.3538,0.0038,0.6424
HEARTS FOUR HEARTS JACK,0.4,0.0178,0.5822
SPADES KING CLUBS FIVE,0.4142,0.0088,0.577
SPADES QUEEN CLUBS FIVE,0.432,0.0114,0.5566
SPADES ACE CLUBS FIVE,0.4202,0.0048,0.575
HEARTS SEVEN DIAMONDS JACK,0.3714,0.0158,0.6128
HEARTS SIX DIAMONDS JACK,0.2826,0.0606,0.6568
DIAMONDS JACK HEARTS NINE,0.3424,0.017,0.6406
DIAMONDS JACK HEARTS EIGHT,0.2464,0.0578,0.6958
DIAMONDS KING DIAMONDS JACK,0.352,0.006,0.642
HEARTS THREE DIAMONDS JACK,0.4166,0.0218,0.5616
SPADES ACE SPADES SIX,0.2582,0.0236,0.7182
HEARTS ACE SPADES FOUR,0.4256,0.0018,0.5726
DIAMONDS QUEEN DIAMONDS JACK,0.3302,0.01,0.6598
HEARTS TWO DIAMONDS JACK,0.4262,0.0176,0.5562
HEARTS FIVE DIAMONDS JACK,0.4106,0.017,0.5724
SPADES QUEEN SPADES SIX,0.2632,0.0404,0.6964
SPADES FOUR HEARTS QUEEN,0.4264,0.0104,0.5632
DIAMONDS ACE DIAMONDS JACK,0.3312,0.0046,0.6642
HEARTS FOUR DIAMONDS JACK,0.417,0.0178,0.5652
SPADES KING SPADES SIX,0.2606,0.032,0.7074
SPADES FOUR HEARTS KING,0.4212,0.008,0.5708
SPADES TEN SPADES SIX,0.2598,0.072,0.6682
SPADES JACK SPADES SIX,0.2732,0.0486,0.6782
SPADES FOUR DIAMONDS JACK,0.4212,0.0212,0.5576
SPADES FIVE DIAMONDS JACK,0.4008,0.0192,0.58
DIAMONDS JACK SPADES TWO,0.4314,0.0174,0.5512
SPADES THREE DIAMONDS JACK,0.4272,0.0178,0.555
SPADES ACE DIAMONDS THREE,0.4248,0.0032,0.572
SPADES QUEEN DIAMONDS THREE,0.4322,0.0106,0.5572
SPADES KING DIAMONDS THREE,0.4346,0.0076,0.5578
CLUBS NINE DIAMONDS JACK,0.3328,0.0154,0.6518
CLUBS SIX DIAMONDS JACK,0.277,0.057,0.666
CLUBS SEVEN DIAMONDS JACK,0.3774,0.0184,0.6042
CLUBS FOUR DIAMONDS JACK,0.412,0.018,0.57
CLUBS FIVE DIAMONDS JACK,0.4198,0.0184,0.5618
CLUBS TWO DIAMONDS JACK,0.4242,0.0192,0.5566
CLUBS THREE DIAMONDS JACK,0.4206,0.0188,0.5606
SPADES TEN CLUBS FIVE,0.4192,0.0284,0.5524
SPADES JACK HEARTS SIX,0.2866,0.0588,0.6546
HEARTS SIX SPADES TEN,0.2626,0.0752,0.6622
SPADES JACK CLUBS FIVE,0.4214,0.0188,0.5598
SPADES JACK DIAMONDS THREE,0.4264,0.021,0.5526
CLUBS SEVEN CLUBS ACE,0.3748,0.0048,0.6204
DIAMONDS THREE SPADES TEN,0.4382,0.0246,0.5372
CLUBS SEVEN CLUBS QUEEN,0.3708,0.0098,0.6194
CLUBS SEVEN CLUBS KING,0.3658,0.006,0.6282
SPADES NINE DIAMONDS JACK,0.34,0.0166,0.6434
CLUBS TEN CLUBS SEVEN,0.3528,0.0258,0.6214
DIAMONDS ACE HEARTS ACE,0.1746,0.0052,0.8202
HEARTS FOUR HEARTS ACE,0.3964,0.0034,0.6002
SPADES EIGHT DIAMONDS JACK,0.2464,0.0594,0.6942
SPADES ACE HEARTS SIX,0.2788,0.0228,0.6984
CLUBS JACK CLUBS SEVEN,0.3588,0.0188,0.6224
DIAMONDS ACE HEARTS KING,0.3656,0.0036,0.6308
HEARTS FOUR HEARTS KING,0.3942,0.005,0.6008
SPADES SEVEN DIAMONDS JACK,0.3802,0.0162,0.6036
SPADES KING HEARTS SIX,0.2828,0.0324,0.6848
DIAMONDS ACE HEARTS QUEEN,0.353,0.0048,0.6422
HEARTS FOUR HEARTS QUEEN,0.4004,0.012,0.5876
SPADES QUEEN HEARTS SIX,0.2798,0.0438,0.6764
SPADES SIX DIAMONDS JACK,0.2838,0.0548,0.6614
DIAMONDS TEN SPADES TWO,0.4204,0.0266,0.553
DIAMONDS TEN SPADES THREE,0.4264,0.0252,0.5484
DIAMONDS TEN SPADES FOUR,0.4194,0.0254,0.5552
DIAMONDS TEN SPADES FIVE,0.406,0.0238,0.5702
SPADES SIX DIAMONDS TEN,0.2624,0.0856,0.652
SPADES SEVEN DIAMONDS TEN,0.3602,0.0242,0.6156
SPADES EIGHT DIAMONDS TEN,0.2508,0.085,0.6642
SPADES NINE DIAMONDS TEN,0.339,0.027,0.634
CLUBS FOUR DIAMONDS TEN,0.4228,0.0298,0.5474
CLUBS FIVE DIAMONDS TEN,0.4112,0.0306,0.5582
CLUBS SIX DIAMONDS TEN,0.2592,0.0876,0.6532
CLUBS SEVEN DIAMONDS TEN,0.3638,0.027,0.6092
CLUBS NINE DIAMONDS TEN,0.333,0.0238,0.6432
CLUBS JACK DIAMONDS THREE,0.4308,0.021,0.5482
CLUBS TEN DIAMONDS THREE,0.4304,0.0276,0.542
DIAMONDS THREE CLUBS KING,0.4302,0.0094,0.5604
DIAMONDS THREE CLUBS QUEEN,0.4368,0.011,0.5522
DIAMONDS THREE CLUBS ACE,0.4184,0.0054,0.5762
SPADES FOUR HEARTS JACK,0.4126,0.0134,0.574
SPADES FOUR HEARTS TEN,0.4234,0.0324,0.5442
SPADES FIVE SPADES TWO,0.567,0.0646,0.3684
SPADES FOUR SPADES TWO,0.5626,0.0636,0.3738
SPADES THREE SPADES TWO,0.5638,0.062,0.3742
SPADES NINE SPADES TWO,0.3944,0.0418,0.5638
SPADES EIGHT SPADES TWO,0.382,0.3524,0.2656
SPADES SEVEN SPADES TWO,0.5776,0.0608,0.3616
SPADES SIX SPADES TWO,0.5888,0.1376,0.2736
CLUBS THREE DIAMONDS QUEEN,0.405,0.0132,0.5818
CLUBS THREE HEARTS TWO,0.6062,0.0696,0.3242
CLUBS TWO DIAMONDS QUEEN,0.4326,0.0136,0.5538
HEARTS TWO CLUBS TWO,0.407,0.0922,0.5008
HEARTS SEVEN DIAMONDS QUEEN,0.3846,0.013,0.6024
HEARTS SEVEN HEARTS TWO,0.5776,0.063,0.3594
HEARTS SIX DIAMONDS QUEEN,0.2698,0.0428,0.6874
HEARTS SIX HEARTS TWO,0.5712,0.146,0.2828
DIAMONDS QUEEN HEARTS NINE,0.3522,0.0112,0.6366
HEARTS TWO HEARTS NINE,0.3926,0.043,0.5644
DIAMONDS QUEEN HEARTS EIGHT,0.267,0.0464,0.6866
HEARTS TWO HEARTS EIGHT,0.3854,0.358,0.2566
CLUBS NINE HEARTS TWO,0.4296,0.0404,0.53
CLUBS NINE DIAMONDS QUEEN,0.349,0.0124,0.6386
CLUBS FIVE DIAMONDS QUEEN,0.4292,0.0138,0.557
CLUBS FIVE HEARTS TWO,0.6174,0.0652,0.3174
SPADES EIGHT HEARTS ACE,0.258,0.03,0.712
CLUBS FOUR DIAMONDS QUEEN,0.4296,0.0142,0.5562
CLUBS FOUR HEARTS TWO,0.5988,0.0652,0.336
CLUBS SEVEN DIAMONDS QUEEN,0.3898,0.0108,0.5994
CLUBS SEVEN HEARTS TWO,0.6268,0.0658,0.3074
SPADES EIGHT HEARTS QUEEN,0.2718,0.0384,0.6898
CLUBS SIX DIAMONDS QUEEN,0.2748,0.0462,0.679
CLUBS SIX HEARTS TWO,0.6196,0.1482,0.2322
SPADES EIGHT HEARTS KING,0.2902,0.0312,0.6786
HEARTS TWO SPADES SIX,0.6142,0.149,0.2368
SPADES SIX DIAMONDS QUEEN,0.2788,0.0456,0.6756
HEARTS FOUR CLUBS QUEEN,0.4178,0.0128,0.5694
DIAMONDS ACE CLUBS QUEEN,0.3502,0.005,0.6448
SPADES SEVEN DIAMONDS QUEEN,0.3878,0.0122,0.6
SPADES SEVEN HEARTS TWO,0.6026,0.066,0.3314
HEARTS FOUR CLUBS KING,0.4182,0.01,0.5718
DIAMONDS ACE CLUBS KING,0.359,0.005,0.636
SPADES EIGHT DIAMONDS QUEEN,0.2672,0.0482,0.6846
SPADES EIGHT HEARTS TWO,0.4094,0.374,0.2166
HEARTS FOUR CLUBS ACE,0.4188,0.0036,0.5776
DIAMONDS ACE CLUBS ACE,0.1592,0.0038,0.837
SPADES NINE DIAMONDS QUEEN,0.3576,0.0132,0.6292
SPADES NINE HEARTS TWO,0.4166,0.0488,0.5346
HEARTS TWO SPADES TWO,0.4074,0.0884,0.5042
DIAMONDS QUEEN SPADES TWO,0.4098,0.014,0.5762
HEARTS TWO SPADES THREE,0.593,0.0652,0.3418
DIAMONDS QUEEN SPADES THREE,0.4234,0.011,0.5656
HEARTS TWO SPADES FOUR,0.6018,0.062,0.3362
SPADES FOUR DIAMONDS QUEEN,0.4232,0.012,0.5648
CLUBS TEN HEARTS FOUR,0.413,0.0288,0.5582
CLUBS TEN DIAMONDS ACE,0.3484,0.0032,0.6484
HEARTS TWO SPADES FIVE,0.609,0.0672,0.3238
SPADES FIVE DIAMONDS QUEEN,0.4178,0.0124,0.5698
CLUBS JACK HEARTS FOUR,0.4254,0.0156,0.559
CLUBS JACK DIAMONDS ACE,0.3494,0.0036,0.647
CLUBS FIVE CLUBS KING,0.393,0.0102,0.5968
CLUBS FIVE CLUBS QUEEN,0.3964,0.0094,0.5942
CLUBS FIVE CLUBS ACE,0.3926,0.0052,0.6022
CLUBS JACK CLUBS FIVE,0.3846,0.0168,0.5986
CLUBS TEN CLUBS FIVE,0.396,0.0236,0.5804
SPADES KING CLUBS JACK,0.3596,0.006,0.6344
CLUBS JACK SPADES QUEEN,0.3418,0.0088,0.6494
SPADES ACE CLUBS JACK,0.3532,0.0052,0.6416
SPADES SIX CLUBS KING,0.2642,0.0286,0.7072
SPADES SIX CLUBS QUEEN,0.2728,0.0464,0.6808
SPADES EIGHT HEARTS JACK,0.248,0.0614,0.6906
SPADES SIX CLUBS ACE,0.2838,0.0178,0.6984
SPADES EIGHT HEARTS TEN,0.2548,0.0754,0.6698
CLUBS JACK SPADES SIX,0.2762,0.0584,0.6654
CLUBS TEN SPADES SIX,0.2534,0.081,0.6656
CLUBS JACK SPADES TEN,0.3478,0.0142,0.638
CLUBS JACK SPADES JACK,0.174,0.0308,0.7952
SPADES QUEEN CLUBS SEVEN,0.3916,0.011,0.5974
SPADES KING CLUBS SEVEN,0.3938,0.0068,0.5994
SPADES ACE CLUBS SEVEN,0.3776,0.0024,0.62
SPADES SIX HEARTS TEN,0.2732,0.0806,0.6462
SPADES SIX HEARTS JACK,0.2904,0.056,0.6536
SPADES SIX HEARTS ACE,0.2726,0.0232,0.7042
SPADES SIX HEARTS KING,0.28,0.0294,0.6906
SPADES SIX HEARTS QUEEN,0.2724,0.047,0.6806
CLUBS SEVEN SPADES JACK,0.3752,0.0188,0.606
CLUBS SEVEN SPADES TEN,0.3768,0.0262,0.597
CLUBS TEN HEARTS SIX,0.2596,0.075,0.6654
CLUBS JACK HEARTS SIX,0.2782,0.0518,0.67
CLUBS JACK CLUBS ACE,0.3496,0.0046,0.6458
HEARTS SIX CLUBS QUEEN,0.2746,0.045,0.6804
HEARTS SIX CLUBS KING,0.2742,0.034,0.6918
HEARTS SIX CLUBS ACE,0.2688,0.0254,0.7058
CLUBS JACK CLUBS QUEEN,0.3288,0.0098,0.6614
CLUBS JACK CLUBS KING,0.3302,0.0062,0.6636
DIAMONDS THREE HEARTS ACE,0.4222,0.0048,0.573
DIAMONDS THREE HEARTS QUEEN,0.4508,0.0126,0.5366
DIAMONDS THREE HEARTS KING,0.4246,0.0062,0.5692
CLUBS FIVE HEARTS JACK,0.418,0.0182,0.5638
SPADES TEN DIAMONDS ACE,0.3498,0.004,0.6462
HEARTS FOUR SPADES TEN,0.4178,0.0248,0.5574
CLUBS FIVE HEARTS TEN,0.423,0.0256,0.5514
HEARTS FOUR SPADES JACK,0.4112,0.017,0.5718
SPADES JACK DIAMONDS ACE,0.3546,0.003,0.6424
SPADES ACE HEARTS FOUR,0.416,0.004,0.58
SPADES ACE DIAMONDS ACE,0.1714,0.0036,0.825
CLUBS FIVE HEARTS ACE,0.4096,0.0042,0.5862
CLUBS FIVE HEARTS KING,0.4006,0.0088,0.5906
HEARTS FOUR SPADES QUEEN,0.4132,0.0138,0.573
SPADES QUEEN DIAMONDS ACE,0.3538,0.0026,0.6436
CLUBS JACK SPADES FOUR,0.4236,0.0198,0.5566
CLUBS FIVE HEARTS QUEEN,0.4236,0.0096,0.5668
SPADES KING DIAMONDS ACE,0.343,0.0038,0.6532
SPADES KING HEARTS FOUR,0.4182,0.0076,0.5742
CLUBS TEN SPADES FOUR,0.4142,0.0224,0.5634
DIAMONDS ACE DIAMONDS QUEEN,0.345,0.0036,0.6514
DIAMONDS ACE HEARTS TWO,0.4174,0.004,0.5786
HEARTS FOUR DIAMONDS QUEEN,0.4218,0.012,0.5662
HEARTS FOUR HEARTS TWO,0.5728,0.0604,0.3668
DIAMONDS THREE HEARTS TEN,0.437,0.0302,0.5328
SPADES FOUR CLUBS KING,0.4132,0.0088,0.578
HEARTS FIVE DIAMONDS QUEEN,0.4164,0.0138,0.5698
HEARTS FIVE HEARTS TWO,0.5708,0.0522,0.377
DIAMONDS THREE HEARTS JACK,0.423,0.018,0.559
SPADES FOUR CLUBS QUEEN,0.4186,0.0096,0.5718
HEARTS TWO DIAMONDS QUEEN,0.4334,0.0142,0.5524
DIAMONDS KING DIAMONDS QUEEN,0.3482,0.0046,0.6472
DIAMONDS KING HEARTS TWO,0.4242,0.0092,0.5666
HEARTS THREE DIAMONDS QUEEN,0.4306,0.0128,0.5566
HEARTS THREE HEARTS TWO,0.5668,0.0574,0.3758
SPADES FOUR CLUBS ACE,0.403,0.0064,0.5906
HEARTS TWO CLUBS ACE,0.4166,0.0058,0.5776
DIAMONDS QUEEN CLUBS ACE,0.3588,0.007,0.6342
HEARTS TWO CLUBS QUEEN,0.4222,0.0128,0.565
DIAMONDS QUEEN CLUBS QUEEN,0.1748,0.0288,0.7964
HEARTS TWO CLUBS KING,0.423,0.0066,0.5704
DIAMONDS QUEEN CLUBS KING,0.3448,0.0072,0.648
SPADES EIGHT SPADES FIVE,0.3834,0.3484,0.2682
CLUBS TEN HEARTS TWO,0.4274,0.0274,0.5452
CLUBS TEN DIAMONDS QUEEN,0.347,0.0132,0.6398
SPADES NINE SPADES FIVE,0.3776,0.0394,0.583
CLUBS JACK HEARTS TWO,0.4272,0.0174,0.5554
CLUBS JACK DIAMONDS QUEEN,0.335,0.0106,0.6544
SPADES SIX SPADES FIVE,0.5508,0.1468,0.3024
SPADES SEVEN SPADES FIVE,0.5544,0.0574,0.3882
DIAMONDS FIVE CLUBS QUEEN,0.4146,0.0154,0.57
SPADES EIGHT CLUBS ACE,0.2576,0.0276,0.7148
DIAMONDS FIVE CLUBS KING,0.4128,0.0088,0.5784
SPADES EIGHT CLUBS KING,0.2708,0.0322,0.697
DIAMONDS FIVE CLUBS ACE,0.423,0.005,0.572
SPADES EIGHT CLUBS QUEEN,0.2578,0.0496,0.6926
CLUBS JACK SPADES EIGHT,0.2406,0.0642,0.6952
CLUBS TEN SPADES EIGHT,0.2486,0.0804,0.671
CLUBS TEN DIAMONDS FIVE,0.412,0.0278,0.5602
CLUBS JACK DIAMONDS FIVE,0.412,0.0174,0.5706
DIAMONDS TEN HEARTS JACK,0.335,0.0106,0.6544
DIAMONDS TEN HEARTS TEN,0.1694,0.0482,0.7824
SPADES ACE CLUBS NINE,0.357,0.0046,0.6384
SPADES QUEEN CLUBS NINE,0.3618,0.0088,0.6294
SPADES KING CLUBS NINE,0.3528,0.0056,0.6416
HEARTS SIX HEARTS KING,0.2638,0.0302,0.706
DIAMONDS KING SPADES SEVEN,0.3626,0.0072,0.6302
HEARTS THREE SPADES SEVEN,0.5956,0.0642,0.3402
SPADES KING DIAMONDS SEVEN,0.3724,0.0074,0.6202
HEARTS SIX HEARTS QUEEN,0.2752,0.041,0.6838
SPADES QUEEN DIAMONDS SEVEN,0.3828,0.0086,0.6086
HEARTS THREE SPADES SIX,0.6174,0.1512,0.2314
DIAMONDS KING SPADES SIX,0.2732,0.0362,0.6906
SPADES NINE DIAMONDS KING,0.3534,0.009,0.6376
SPADES NINE HEARTS THREE,0.426,0.0422,0.5318
HEARTS SIX HEARTS ACE,0.2664,0.022,0.7116
DIAMONDS KING SPADES EIGHT,0.2608,0.0348,0.7044
SPADES EIGHT HEARTS THREE,0.41,0.381,0.209
SPADES ACE DIAMONDS SEVEN,0.3766,0.0034,0.62
CLUBS NINE HEARTS THREE,0.419,0.0452,0.5358
CLUBS NINE DIAMONDS KING,0.3588,0.0096,0.6316
HEARTS THREE SPADES THREE,0.403,0.0884,0.5086
DIAMONDS KING SPADES THREE,0.417,0.0064,0.5766
HEARTS THREE SPADES TWO,0.6006,0.068,0.3314
DIAMONDS KING SPADES TWO,0.4278,0.0086,0.5636
HEARTS THREE SPADES FIVE,0.5952,0.0702,0.3346
DIAMONDS KING SPADES FIVE,0.4308,0.0076,0.5616
HEARTS THREE SPADES FOUR,0.586,0.0622,0.3518
DIAMONDS KING SPADES FOUR,0.4202,0.0084,0.5714
DIAMONDS KING CLUBS TWO,0.4204,0.0094,0.5702
HEARTS THREE CLUBS TWO,0.6018,0.069,0.3292
DIAMONDS KING CLUBS THREE,0.4214,0.0084,0.5702
CLUBS THREE HEARTS THREE,0.4126,0.0854,0.502
DIAMONDS KING CLUBS FOUR,0.4196,0.0104,0.57
HEARTS THREE CLUBS FOUR,0.5976,0.0654,0.337
CLUBS FIVE DIAMONDS KING,0.4028,0.006,0.5912
CLUBS FIVE HEARTS THREE,0.6036,0.0724,0.324
