opposingHand,winningChance,drawChance,lostChance
CLUBS NINE DIAMONDS QUEEN
HEARTS FIVE SPADES TEN,0.644,0.0098,0.3462
HEARTS FIVE SPADES JACK,0.638,0.0106,0.3514
CLUBS JACK SPADES FIVE,0.6426,0.0082,0.3492
CLUBS TEN SPADES FIVE,0.646,0.0112,0.3428
CLUBS JACK CLUBS EIGHT,0.6,0.007,0.393
CLUBS TEN CLUBS EIGHT,0.588,0.0126,0.3994
CLUBS EIGHT CLUBS KING,0.4064,0.0086,0.585
SPADES FIVE CLUBS ACE,0.401,0.0038,0.5952
CLUBS EIGHT CLUBS QUEEN,0.5788,0.1626,0.2586
SPADES FIVE CLUBS KING,0.4094,0.0054,0.5852
SPADES FIVE CLUBS QUEEN,0.6,0.1612,0.2388
CLUBS EIGHT CLUBS ACE,0.3942,0.0056,0.6002
DIAMONDS TWO DIAMONDS THREE,0.6258,0.0094,0.3648
DIAMONDS TWO DIAMONDS FIVE,0.608,0.0132,0.3788
HEARTS FIVE SPADES KING,0.4198,0.007,0.5732
DIAMONDS TWO DIAMONDS FOUR,0.6112,0.014,0.3748
HEARTS FIVE SPADES QUEEN,0.5914,0.1682,0.2404
DIAMONDS TWO DIAMONDS SEVEN,0.6374,0.0124,0.3502
DIAMONDS TWO DIAMONDS SIX,0.6262,0.0132,0.3606
SPADES ACE HEARTS FIVE,0.4116,0.0032,0.5852
DIAMONDS TWO DIAMONDS NINE,0.7024,0.0456,0.252
DIAMONDS TWO DIAMONDS EIGHT,0.6408,0.0122,0.347
DIAMONDS THREE DIAMONDS FOUR,0.6014,0.0114,0.3872
CLUBS TWO SPADES FOUR,0.6518,0.0134,0.3348
DIAMONDS THREE DIAMONDS FIVE,0.6092,0.01,0.3808
SPADES FIVE CLUBS TWO,0.6462,0.013,0.3408
CLUBS TWO SPADES TWO,0.4648,0.0256,0.5096
CLUBS TWO SPADES THREE,0.6446,0.0118,0.3436
DIAMONDS THREE DIAMONDS EIGHT,0.6586,0.0088,0.3326
SPADES EIGHT CLUBS TWO,0.6562,0.0132,0.3306
DIAMONDS THREE DIAMONDS NINE,0.7088,0.0444,0.2468
SPADES NINE CLUBS TWO,0.7248,0.0474,0.2278
DIAMONDS THREE DIAMONDS SIX,0.6254,0.0106,0.364
SPADES SIX CLUBS TWO,0.66,0.0092,0.3308
DIAMONDS THREE DIAMONDS SEVEN,0.6344,0.0134,0.3522
SPADES SEVEN CLUBS TWO,0.6804,0.0102,0.3094
CLUBS SIX CLUBS TWO,0.621,0.0106,0.3684
CLUBS SEVEN CLUBS TWO,0.637,0.0114,0.3516
CLUBS FOUR CLUBS TWO,0.6338,0.011,0.3552
CLUBS FIVE CLUBS TWO,0.618,0.0128,0.3692
CLUBS TEN CLUBS JACK,0.5244,0.0112,0.4644
DIAMONDS FOUR DIAMONDS SIX,0.5902,0.0116,0.3982
CLUBS TEN CLUBS QUEEN,0.2146,0.1214,0.664
DIAMONDS FOUR DIAMONDS SEVEN,0.5998,0.0126,0.3876
CLUBS TEN CLUBS KING,0.3316,0.009,0.6594
CLUBS TEN CLUBS ACE,0.3506,0.0044,0.645
CLUBS EIGHT CLUBS TWO,0.6346,0.0134,0.352
DIAMONDS FIVE DIAMONDS FOUR,0.6122,0.0114,0.3764
DIAMONDS NINE DIAMONDS FOUR,0.7086,0.0436,0.2478
DIAMONDS EIGHT DIAMONDS FOUR,0.6334,0.0116,0.355
CLUBS THREE CLUBS TWO,0.614,0.0144,0.3716
DIAMONDS NINE DIAMONDS FIVE,0.6712,0.0486,0.2802
CLUBS JACK DIAMONDS TWO,0.6654,0.0108,0.3238
DIAMONDS EIGHT DIAMONDS FIVE,0.619,0.0122,0.3688
CLUBS TEN DIAMONDS TWO,0.6548,0.011,0.3342
DIAMONDS FIVE DIAMONDS SEVEN,0.61,0.0116,0.3784
DIAMONDS FIVE DIAMONDS SIX,0.5912,0.0102,0.3986
DIAMONDS TWO CLUBS ACE,0.422,0.0056,0.5724
DIAMONDS TWO CLUBS KING,0.4222,0.0088,0.569
DIAMONDS TWO CLUBS QUEEN,0.6054,0.1726,0.222
DIAMONDS EIGHT DIAMONDS SIX,0.6162,0.01,0.3738
DIAMONDS NINE DIAMONDS SIX,0.676,0.044,0.28
HEARTS ACE SPADES THREE,0.4246,0.0038,0.5716
SPADES THREE HEARTS KING,0.4186,0.008,0.5734
DIAMONDS SEVEN DIAMONDS SIX,0.5922,0.0128,0.395
HEARTS QUEEN SPADES THREE,0.6042,0.1634,0.2324
SPADES THREE HEARTS JACK,0.643,0.0112,0.3458
SPADES THREE HEARTS TEN,0.6498,0.0072,0.343
DIAMONDS EIGHT DIAMONDS SEVEN,0.6052,0.0114,0.3834
DIAMONDS NINE DIAMONDS SEVEN,0.6824,0.0406,0.277
DIAMONDS NINE DIAMONDS EIGHT,0.65,0.0474,0.3026
DIAMONDS KING HEARTS TEN,0.3526,0.0072,0.6402
HEARTS THREE HEARTS TEN,0.6094,0.0094,0.3812
SPADES JACK CLUBS SIX,0.6606,0.01,0.3294
DIAMONDS KING HEARTS JACK,0.3586,0.0054,0.636
HEARTS THREE HEARTS JACK,0.6064,0.009,0.3846
SPADES TEN CLUBS SIX,0.6402,0.0096,0.3502
SPADES JACK SPADES FIVE,0.6008,0.009,0.3902
SPADES TEN SPADES FIVE,0.6132,0.009,0.3778
DIAMONDS KING HEARTS ACE,0.3348,0.0056,0.6596
HEARTS THREE HEARTS ACE,0.3766,0.0052,0.6182
SPADES ACE CLUBS SIX,0.417,0.0042,0.5788
DIAMONDS KING HEARTS QUEEN,0.245,0.025,0.73
HEARTS THREE HEARTS QUEEN,0.5486,0.1562,0.2952
SPADES KING CLUBS SIX,0.4246,0.0064,0.569
DIAMONDS KING HEARTS KING,0.1492,0.0036,0.8472
HEARTS THREE HEARTS KING,0.4028,0.0058,0.5914
SPADES QUEEN CLUBS SIX,0.604,0.1672,0.2288
SPADES NINE HEARTS TEN,0.6744,0.0402,0.2854
SPADES NINE HEARTS JACK,0.7074,0.0432,0.2494
SPADES QUEEN SPADES FIVE,0.573,0.1422,0.2848
SPADES KING SPADES FIVE,0.407,0.0068,0.5862
SPADES ACE SPADES FIVE,0.3946,0.0032,0.6022
SPADES NINE HEARTS QUEEN,0.019,0.962,0.019
SPADES NINE HEARTS KING,0.244,0.0306,0.7254
SPADES NINE HEARTS ACE,0.2716,0.0186,0.7098
CLUBS TEN SPADES JACK,0.5666,0.0106,0.4228
CLUBS TEN SPADES TEN,0.294,0.0152,0.6908
SPADES ACE CLUBS TEN,0.354,0.005,0.641
CLUBS TEN SPADES KING,0.348,0.007,0.645
CLUBS TEN SPADES QUEEN,0.2262,0.1168,0.657
SPADES FIVE HEARTS QUEEN,0.6014,0.1632,0.2354
SPADES FIVE HEARTS KING,0.421,0.0068,0.5722
HEARTS ACE SPADES FIVE,0.4096,0.0038,0.5866
CLUBS EIGHT SPADES TEN,0.6218,0.0106,0.3676
SPADES JACK HEARTS THREE,0.6474,0.0092,0.3434
SPADES JACK DIAMONDS KING,0.3506,0.0086,0.6408
SPADES TEN DIAMONDS KING,0.3576,0.0066,0.6358
SPADES TEN HEARTS THREE,0.6528,0.0094,0.3378
SPADES JACK CLUBS EIGHT,0.6258,0.0098,0.3644
CLUBS SIX HEARTS ACE,0.4216,0.0028,0.5756
SPADES ACE CLUBS EIGHT,0.4204,0.0052,0.5744
HEARTS FIVE CLUBS JACK,0.6326,0.0126,0.3548
CLUBS TEN HEARTS FIVE,0.6472,0.0138,0.339
CLUBS SIX HEARTS QUEEN,0.6118,0.1576,0.2306
SPADES QUEEN CLUBS EIGHT,0.6026,0.1746,0.2228
CLUBS TEN SPADES THREE,0.652,0.0106,0.3374
CLUBS SIX HEARTS KING,0.421,0.0056,0.5734
SPADES KING CLUBS EIGHT,0.3992,0.0048,0.596
CLUBS JACK SPADES THREE,0.645,0.0106,0.3444
DIAMONDS TWO HEARTS JACK,0.6606,0.012,0.3274
SPADES THREE CLUBS QUEEN,0.6088,0.1646,0.2266
DIAMONDS TWO HEARTS TEN,0.6562,0.0138,0.33
SPADES THREE CLUBS KING,0.4274,0.009,0.5636
HEARTS FIVE CLUBS ACE,0.4106,0.006,0.5834
SPADES FIVE HEARTS TEN,0.6466,0.0086,0.3448
SPADES THREE CLUBS ACE,0.4108,0.005,0.5842
HEARTS FIVE CLUBS KING,0.4184,0.0074,0.5742
SPADES FIVE HEARTS JACK,0.6368,0.011,0.3522
HEARTS FIVE CLUBS QUEEN,0.5906,0.1788,0.2306
HEARTS THREE CLUBS KING,0.4146,0.0082,0.5772
DIAMONDS KING CLUBS KING,0.14,0.0038,0.8562
HEARTS THREE CLUBS QUEEN,0.6088,0.1642,0.227
DIAMONDS KING CLUBS QUEEN,0.2256,0.0284,0.746
HEARTS FIVE HEARTS JACK,0.5952,0.0088,0.396
HEARTS FIVE HEARTS TEN,0.6098,0.0096,0.3806
HEARTS THREE CLUBS ACE,0.4064,0.0044,0.5892
DIAMONDS KING CLUBS ACE,0.3224,0.0054,0.6722
SPADES ACE CLUBS QUEEN,0.2374,0.016,0.7466
SPADES KING CLUBS QUEEN,0.2356,0.0254,0.739
CLUBS JACK HEARTS THREE,0.6274,0.0116,0.361
CLUBS JACK DIAMONDS KING,0.3554,0.0072,0.6374
SPADES QUEEN CLUBS QUEEN,0.1142,0.0266,0.8592
CLUBS TEN HEARTS THREE,0.642,0.0098,0.3482
CLUBS TEN DIAMONDS KING,0.3414,0.0078,0.6508
SPADES JACK CLUBS QUEEN,0.225,0.0912,0.6838
CLUBS SIX CLUBS QUEEN,0.5886,0.1578,0.2536
SPADES TEN CLUBS QUEEN,0.2246,0.1162,0.6592
CLUBS SIX CLUBS KING,0.411,0.0062,0.5828
CLUBS SIX CLUBS ACE,0.4014,0.0038,0.5948
HEARTS FIVE HEARTS KING,0.3896,0.0062,0.6042
HEARTS FIVE HEARTS QUEEN,0.557,0.1538,0.2892
CLUBS TEN CLUBS SIX,0.6136,0.0104,0.376
HEARTS FIVE HEARTS ACE,0.382,0.0028,0.6152
CLUBS JACK CLUBS SIX,0.6156,0.0098,0.3746
SPADES SEVEN HEARTS JACK,0.638,0.0102,0.3518
SPADES SEVEN HEARTS TEN,0.627,0.0088,0.3642
DIAMONDS TWO CLUBS TWO,0.4682,0.0204,0.5114
DIAMONDS TWO CLUBS THREE,0.6558,0.0116,0.3326
DIAMONDS TWO HEARTS SIX,0.67,0.0134,0.3166
DIAMONDS TWO HEARTS QUEEN,0.6176,0.1574,0.225
HEARTS SEVEN DIAMONDS TWO,0.67,0.012,0.318
DIAMONDS TWO HEARTS KING,0.4386,0.0056,0.5558
DIAMONDS TWO HEARTS EIGHT,0.673,0.0106,0.3164
DIAMONDS TWO HEARTS ACE,0.4252,0.0058,0.569
DIAMONDS TWO HEARTS NINE,0.735,0.044,0.221
DIAMONDS TWO HEARTS TWO,0.4814,0.0192,0.4994
DIAMONDS TWO DIAMONDS KING,0.4096,0.0072,0.5832
DIAMONDS TWO HEARTS THREE,0.646,0.0128,0.3412
DIAMONDS TWO DIAMONDS ACE,0.404,0.0044,0.5916
HEARTS FOUR DIAMONDS TWO,0.6364,0.0122,0.3514
HEARTS FIVE DIAMONDS TWO,0.6472,0.0102,0.3426
SPADES SEVEN HEARTS ACE,0.4178,0.002,0.5802
DIAMONDS TWO DIAMONDS TEN,0.628,0.011,0.361
SPADES SEVEN HEARTS KING,0.4292,0.0062,0.5646
DIAMONDS TWO DIAMONDS JACK,0.628,0.012,0.36
SPADES SEVEN HEARTS QUEEN,0.6122,0.1678,0.22
DIAMONDS TWO SPADES NINE,0.7312,0.0474,0.2214
DIAMONDS TWO SPADES EIGHT,0.6708,0.0096,0.3196
DIAMONDS TWO SPADES SEVEN,0.668,0.0118,0.3202
DIAMONDS TWO SPADES SIX,0.6618,0.0104,0.3278
DIAMONDS TWO SPADES FIVE,0.6388,0.0118,0.3494
DIAMONDS TWO SPADES FOUR,0.6474,0.0138,0.3388
DIAMONDS TWO SPADES THREE,0.6398,0.0114,0.3488
DIAMONDS TWO SPADES TWO,0.4568,0.0236,0.5196
DIAMONDS TWO CLUBS EIGHT,0.678,0.012,0.31
CLUBS SEVEN DIAMONDS TWO,0.6878,0.011,0.3012
DIAMONDS TWO CLUBS SIX,0.6656,0.0106,0.3238
DIAMONDS TWO CLUBS FIVE,0.6436,0.0114,0.345
DIAMONDS TWO CLUBS FOUR,0.654,0.012,0.334
CLUBS FOUR SPADES FIVE,0.6216,0.0098,0.3686
CLUBS FOUR SPADES FOUR,0.4604,0.0188,0.5208
CLUBS FOUR SPADES THREE,0.6464,0.0108,0.3428
CLUBS FOUR SPADES TWO,0.6476,0.0114,0.341
SPADES NINE CLUBS FOUR,0.7328,0.0458,0.2214
SPADES EIGHT CLUBS FOUR,0.654,0.0086,0.3374
SPADES SEVEN CLUBS FOUR,0.6554,0.0104,0.3342
CLUBS FOUR SPADES SIX,0.6248,0.0096,0.3656
SPADES ACE DIAMONDS SIX,0.4144,0.003,0.5826
SPADES QUEEN DIAMONDS SIX,0.6178,0.162,0.2202
SPADES KING DIAMONDS SIX,0.4382,0.0062,0.5556
SPADES TEN DIAMONDS SIX,0.6492,0.0106,0.3402
SPADES JACK DIAMONDS SIX,0.663,0.0116,0.3254
SPADES QUEEN SPADES TWO,0.571,0.1564,0.2726
SPADES KING SPADES TWO,0.3936,0.0052,0.6012
SPADES ACE SPADES TWO,0.3978,0.0048,0.5974
CLUBS JACK DIAMONDS JACK,0.2902,0.0114,0.6984
CLUBS TEN DIAMONDS JACK,0.5734,0.0116,0.415
DIAMONDS JACK CLUBS KING,0.3652,0.0056,0.6292
DIAMONDS JACK CLUBS QUEEN,0.2318,0.0838,0.6844
DIAMONDS THREE DIAMONDS JACK,0.6164,0.011,0.3726
DIAMONDS THREE DIAMONDS TEN,0.6222,0.0116,0.3662
DIAMONDS JACK CLUBS ACE,0.3578,0.005,0.6372
DIAMONDS THREE DIAMONDS KING,0.4134,0.007,0.5796
DIAMONDS THREE HEARTS THREE,0.47,0.021,0.509
DIAMONDS THREE HEARTS TWO,0.649,0.0144,0.3366
HEARTS FIVE DIAMONDS THREE,0.63,0.0102,0.3598
DIAMONDS THREE DIAMONDS ACE,0.3956,0.0056,0.5988
HEARTS FOUR DIAMONDS THREE,0.6284,0.0122,0.3594
HEARTS SEVEN DIAMONDS THREE,0.6534,0.0114,0.3352
SPADES TEN SPADES NINE,0.6622,0.0368,0.301
HEARTS SIX DIAMONDS THREE,0.645,0.0114,0.3436
SPADES JACK SPADES NINE,0.6658,0.0394,0.2948
DIAMONDS THREE HEARTS NINE,0.7418,0.0426,0.2156
HEARTS JACK DIAMONDS FOUR,0.6474,0.01,0.3426
HEARTS ACE HEARTS KING,0.3258,0.0072,0.667
SPADES TEN SPADES TWO,0.6162,0.0098,0.374
DIAMONDS THREE HEARTS EIGHT,0.674,0.009,0.317
HEARTS TEN DIAMONDS FOUR,0.6578,0.0118,0.3304
SPADES JACK SPADES TWO,0.615,0.0096,0.3754
HEARTS QUEEN DIAMONDS FOUR,0.6056,0.168,0.2264
HEARTS KING DIAMONDS FOUR,0.4296,0.0068,0.5636
SPADES ACE SPADES NINE,0.2422,0.0172,0.7406
HEARTS ACE DIAMONDS FOUR,0.428,0.004,0.568
SPADES KING SPADES NINE,0.2408,0.0338,0.7254
SPADES QUEEN SPADES NINE,0.0222,0.9032,0.0746
DIAMONDS THREE SPADES NINE,0.7268,0.0532,0.22
DIAMONDS THREE SPADES EIGHT,0.6776,0.0102,0.3122
DIAMONDS THREE SPADES SEVEN,0.6638,0.0128,0.3234
DIAMONDS THREE SPADES SIX,0.6522,0.0106,0.3372
DIAMONDS THREE CLUBS SIX,0.6542,0.0112,0.3346
CLUBS FIVE CLUBS SIX,0.5946,0.0078,0.3976
CLUBS ACE DIAMONDS FOUR,0.42,0.0042,0.5758
CLUBS SEVEN DIAMONDS THREE,0.6536,0.0108,0.3356
CLUBS SEVEN CLUBS FIVE,0.6094,0.0112,0.3794
DIAMONDS THREE CLUBS FOUR,0.6392,0.0132,0.3476
DIAMONDS FOUR CLUBS QUEEN,0.6036,0.164,0.2324
DIAMONDS THREE CLUBS FIVE,0.6462,0.012,0.3418
DIAMONDS FOUR CLUBS KING,0.4236,0.01,0.5664
DIAMONDS THREE CLUBS TWO,0.6616,0.0098,0.3286
CLUBS TEN DIAMONDS FOUR,0.6512,0.0128,0.336
DIAMONDS THREE CLUBS THREE,0.469,0.0192,0.5118
CLUBS JACK DIAMONDS FOUR,0.6512,0.011,0.3378
DIAMONDS THREE SPADES FOUR,0.6278,0.0104,0.3618
DIAMONDS THREE SPADES FIVE,0.6254,0.01,0.3646
DIAMONDS THREE SPADES TWO,0.645,0.0102,0.3448
DIAMONDS THREE SPADES THREE,0.4628,0.019,0.5182
CLUBS EIGHT DIAMONDS THREE,0.6868,0.0134,0.2998
SPADES SEVEN CLUBS ACE,0.4056,0.0038,0.5906
SPADES SEVEN CLUBS QUEEN,0.6014,0.1738,0.2248
SPADES SEVEN CLUBS KING,0.413,0.0078,0.5792
CLUBS FIVE SPADES SEVEN,0.6298,0.0114,0.3588
CLUBS TEN SPADES SEVEN,0.6226,0.0104,0.367
CLUBS FIVE SPADES SIX,0.6252,0.0114,0.3634
CLUBS JACK SPADES SEVEN,0.6376,0.0094,0.353
CLUBS FIVE SPADES NINE,0.707,0.0454,0.2476
CLUBS FIVE SPADES EIGHT,0.6516,0.0112,0.3372
CLUBS FIVE SPADES THREE,0.6244,0.0114,0.3642
CLUBS FIVE SPADES TWO,0.6362,0.0108,0.353
CLUBS FIVE SPADES FIVE,0.455,0.0184,0.5266
CLUBS FIVE SPADES FOUR,0.621,0.0112,0.3678
CLUBS EIGHT CLUBS FIVE,0.6146,0.012,0.3734
CLUBS ACE CLUBS QUEEN,0.2268,0.014,0.7592
CLUBS KING CLUBS QUEEN,0.2328,0.0208,0.7464
DIAMONDS TEN DIAMONDS FOUR,0.6082,0.012,0.3798
CLUBS TEN DIAMONDS NINE,0.701,0.0376,0.2614
DIAMONDS JACK DIAMONDS FOUR,0.6246,0.0098,0.3656
CLUBS JACK DIAMONDS NINE,0.7082,0.0418,0.25
CLUBS JACK SPADES NINE,0.707,0.0432,0.2498
CLUBS TEN SPADES NINE,0.6754,0.0404,0.2842
DIAMONDS ACE DIAMONDS FOUR,0.3934,0.0056,0.601
HEARTS FOUR DIAMONDS FOUR,0.4758,0.016,0.5082
DIAMONDS JACK HEARTS TEN,0.5706,0.0086,0.4208
SPADES NINE CLUBS KING,0.247,0.0288,0.7242
DIAMONDS TWO SPADES TEN,0.6478,0.0102,0.342
DIAMONDS NINE CLUBS ACE,0.2726,0.0236,0.7038
HEARTS FIVE DIAMONDS FOUR,0.6304,0.0098,0.3598
DIAMONDS JACK HEARTS JACK,0.309,0.0082,0.6828
SPADES NINE CLUBS QUEEN,0.013,0.969,0.018
DIAMONDS TWO SPADES JACK,0.6548,0.009,0.3362
HEARTS TWO DIAMONDS FOUR,0.6436,0.014,0.3424
DIAMONDS NINE CLUBS QUEEN,0.0058,0.986,0.0082
DIAMONDS KING DIAMONDS FOUR,0.414,0.009,0.577
HEARTS THREE DIAMONDS FOUR,0.6194,0.011,0.3696
SPADES NINE CLUBS ACE,0.258,0.0232,0.7188
DIAMONDS NINE CLUBS KING,0.2478,0.0328,0.7194
HEARTS ACE DIAMONDS JACK,0.3706,0.0044,0.625
SPADES ACE DIAMONDS TWO,0.41,0.0052,0.5848
HEARTS QUEEN DIAMONDS JACK,0.2258,0.0864,0.6878
SPADES QUEEN DIAMONDS TWO,0.608,0.1584,0.2336
DIAMONDS JACK HEARTS KING,0.3714,0.0064,0.6222
SPADES KING DIAMONDS TWO,0.4256,0.0058,0.5686
SPADES JACK SPADES SEVEN,0.604,0.0076,0.3884
SPADES TEN SPADES SEVEN,0.5942,0.0092,0.3966
CLUBS SEVEN CLUBS THREE,0.6322,0.0092,0.3586
CLUBS SIX CLUBS THREE,0.6216,0.012,0.3664
CLUBS FIVE CLUBS THREE,0.5962,0.0146,0.3892
CLUBS THREE CLUBS FOUR,0.6036,0.0144,0.382
CLUBS EIGHT CLUBS THREE,0.6472,0.0086,0.3442
CLUBS THREE SPADES FIVE,0.6324,0.0126,0.355
CLUBS THREE SPADES FOUR,0.6374,0.0114,0.3512
CLUBS THREE SPADES THREE,0.473,0.021,0.506
CLUBS THREE SPADES TWO,0.6508,0.0104,0.3388
CLUBS THREE SPADES SIX,0.6564,0.0102,0.3334
CLUBS THREE SPADES SEVEN,0.668,0.0094,0.3226
SPADES EIGHT CLUBS THREE,0.678,0.0116,0.3104
SPADES NINE CLUBS THREE,0.7246,0.0518,0.2236
SPADES TWO DIAMONDS FOUR,0.6534,0.012,0.3346
SPADES THREE DIAMONDS FOUR,0.6398,0.0118,0.3484
SPADES FOUR DIAMONDS FOUR,0.4712,0.0206,0.5082
SPADES FIVE DIAMONDS FOUR,0.6166,0.0122,0.3712
SPADES SIX DIAMONDS FOUR,0.6322,0.0098,0.358
SPADES SEVEN DIAMONDS FOUR,0.6578,0.0102,0.332
SPADES EIGHT DIAMONDS FOUR,0.6744,0.011,0.3146
SPADES NINE DIAMONDS FOUR,0.731,0.0486,0.2204
CLUBS FIVE DIAMONDS FOUR,0.6278,0.012,0.3602
CLUBS FOUR DIAMONDS FOUR,0.4646,0.0198,0.5156
CLUBS SEVEN DIAMONDS FOUR,0.662,0.0116,0.3264
CLUBS SIX DIAMONDS FOUR,0.644,0.0136,0.3424
CLUBS EIGHT DIAMONDS FOUR,0.6626,0.0122,0.3252
HEARTS SEVEN DIAMONDS FOUR,0.6478,0.0114,0.3408
HEARTS SIX DIAMONDS FOUR,0.6324,0.0114,0.3562
DIAMONDS FOUR HEARTS NINE,0.731,0.046,0.223
DIAMONDS FOUR HEARTS EIGHT,0.6606,0.009,0.3304
CLUBS THREE DIAMONDS FOUR,0.6354,0.0162,0.3484
CLUBS TWO DIAMONDS FOUR,0.652,0.0132,0.3348
DIAMONDS TEN DIAMONDS FIVE,0.6144,0.0118,0.3738
DIAMONDS JACK DIAMONDS FIVE,0.6206,0.0104,0.369
DIAMONDS NINE HEARTS QUEEN,0.0178,0.973,0.0092
DIAMONDS NINE HEARTS KING,0.254,0.0326,0.7134
HEARTS ACE DIAMONDS NINE,0.2702,0.0192,0.7106
DIAMONDS NINE HEARTS TEN,0.6994,0.0406,0.26
DIAMONDS NINE HEARTS JACK,0.7172,0.0368,0.246
CLUBS KING DIAMONDS SIX,0.4206,0.0076,0.5718
CLUBS QUEEN DIAMONDS SIX,0.6128,0.1666,0.2206
CLUBS ACE DIAMONDS SIX,0.4194,0.0042,0.5764
SPADES KING DIAMONDS FOUR,0.4332,0.0056,0.5612
SPADES ACE SPADES SEVEN,0.387,0.0044,0.6086
SPADES QUEEN DIAMONDS FOUR,0.6102,0.1566,0.2332
SPADES QUEEN SPADES SEVEN,0.565,0.1546,0.2804
CLUBS JACK DIAMONDS SIX,0.6448,0.0116,0.3436
SPADES KING SPADES SEVEN,0.3958,0.006,0.5982
SPADES ACE DIAMONDS FOUR,0.4124,0.005,0.5826
CLUBS TEN DIAMONDS SIX,0.6424,0.0114,0.3462
CLUBS EIGHT CLUBS FOUR,0.6408,0.0106,0.3486
SPADES JACK DIAMONDS FOUR,0.6424,0.0128,0.3448
SPADES TEN DIAMONDS FOUR,0.6508,0.0092,0.34
CLUBS FIVE CLUBS FOUR,0.601,0.0102,0.3888
CLUBS SEVEN CLUBS FOUR,0.6106,0.0102,0.3792
CLUBS SIX CLUBS FOUR,0.599,0.0108,0.3902
CLUBS SEVEN SPADES EIGHT,0.6262,0.0128,0.361
CLUBS SEVEN SPADES NINE,0.6954,0.0508,0.2538
CLUBS SEVEN SPADES SIX,0.6328,0.0094,0.3578
CLUBS SEVEN SPADES SEVEN,0.4678,0.0204,0.5118
CLUBS SEVEN SPADES FIVE,0.63,0.0106,0.3594
CLUBS SEVEN SPADES FOUR,0.6536,0.0116,0.3348
CLUBS SEVEN SPADES THREE,0.6752,0.0146,0.3102
CLUBS SEVEN SPADES TWO,0.6838,0.0138,0.3024
CLUBS SEVEN CLUBS EIGHT,0.6016,0.0132,0.3852
HEARTS SIX DIAMONDS FIVE,0.6092,0.01,0.3808
HEARTS SEVEN DIAMONDS FIVE,0.627,0.0098,0.3632
DIAMONDS FIVE HEARTS EIGHT,0.6544,0.011,0.3346
DIAMONDS FIVE HEARTS NINE,0.7072,0.0498,0.243
HEARTS TWO DIAMONDS FIVE,0.6416,0.0118,0.3466
HEARTS KING HEARTS EIGHT,0.3942,0.0076,0.5982
DIAMONDS KING DIAMONDS FIVE,0.3938,0.0084,0.5978
HEARTS THREE DIAMONDS FIVE,0.633,0.0134,0.3536
HEARTS QUEEN HEARTS EIGHT,0.5718,0.1588,0.2694
DIAMONDS ACE DIAMONDS FIVE,0.3992,0.0068,0.594
HEARTS FOUR DIAMONDS FIVE,0.6164,0.014,0.3696
HEARTS FIVE DIAMONDS FIVE,0.4628,0.0216,0.5156
HEARTS ACE HEARTS EIGHT,0.3816,0.0036,0.6148
CLUBS FOUR DIAMONDS FIVE,0.632,0.012,0.356
CLUBS FIVE DIAMONDS FIVE,0.4584,0.0228,0.5188
CLUBS SIX DIAMONDS FIVE,0.6244,0.0114,0.3642
CLUBS SEVEN DIAMONDS FIVE,0.6374,0.0146,0.348
CLUBS TWO DIAMONDS FIVE,0.6552,0.013,0.3318
CLUBS THREE DIAMONDS FIVE,0.6276,0.0126,0.3598
SPADES THREE DIAMONDS FIVE,0.6368,0.0138,0.3494
SPADES TWO DIAMONDS FIVE,0.6356,0.0104,0.354
SPADES JACK DIAMONDS EIGHT,0.6454,0.0108,0.3438
SPADES FIVE DIAMONDS FIVE,0.4524,0.0206,0.527
CLUBS TEN HEARTS JACK,0.5604,0.0094,0.4302
SPADES TEN DIAMONDS EIGHT,0.6192,0.011,0.3698
SPADES FOUR DIAMONDS FIVE,0.6186,0.0106,0.3708
CLUBS JACK HEARTS JACK,0.2886,0.0108,0.7006
HEARTS JACK CLUBS QUEEN,0.2312,0.0876,0.6812
HEARTS JACK CLUBS KING,0.3516,0.0074,0.641
CLUBS EIGHT DIAMONDS FIVE,0.649,0.0138,0.3372
CLUBS ACE HEARTS JACK,0.364,0.0036,0.6324
SPADES SEVEN DIAMONDS FIVE,0.6332,0.0116,0.3552
SPADES KING DIAMONDS EIGHT,0.4164,0.0076,0.576
SPADES QUEEN DIAMONDS EIGHT,0.5942,0.1746,0.2312
SPADES SIX DIAMONDS FIVE,0.6258,0.0076,0.3666
SPADES NINE DIAMONDS FIVE,0.716,0.0478,0.2362
SPADES EIGHT DIAMONDS FIVE,0.6514,0.0114,0.3372
SPADES ACE DIAMONDS EIGHT,0.415,0.0026,0.5824
DIAMONDS TEN DIAMONDS SIX,0.607,0.0124,0.3806
HEARTS ACE DIAMONDS SEVEN,0.416,0.0052,0.5788
DIAMONDS JACK DIAMONDS SIX,0.6136,0.0106,0.3758
HEARTS QUEEN DIAMONDS SEVEN,0.6082,0.1632,0.2286
HEARTS KING DIAMONDS SEVEN,0.436,0.0058,0.5582
DIAMONDS ACE DIAMONDS SIX,0.402,0.0052,0.5928
HEARTS FOUR DIAMONDS SIX,0.6354,0.0098,0.3548
SPADES TWO HEARTS JACK,0.6508,0.009,0.3402
HEARTS FIVE DIAMONDS SIX,0.6128,0.0126,0.3746
SPADES TWO HEARTS TEN,0.6484,0.0118,0.3398
HEARTS TWO DIAMONDS SIX,0.6558,0.0108,0.3334
DIAMONDS KING DIAMONDS SIX,0.4088,0.0084,0.5828
HEARTS THREE DIAMONDS SIX,0.6538,0.0118,0.3344
HEARTS EIGHT DIAMONDS SIX,0.6396,0.0114,0.349
HEARTS NINE DIAMONDS SIX,0.7072,0.0436,0.2492
HEARTS SIX DIAMONDS SIX,0.4632,0.0172,0.5196
HEARTS SEVEN DIAMONDS SIX,0.6198,0.0124,0.3678
HEARTS TEN DIAMONDS SEVEN,0.6396,0.0104,0.35
CLUBS TWO DIAMONDS SIX,0.6518,0.012,0.3362
HEARTS JACK DIAMONDS SEVEN,0.6474,0.0108,0.3418
CLUBS THREE DIAMONDS SIX,0.6534,0.0126,0.334
CLUBS SEVEN DIAMONDS SIX,0.6276,0.0116,0.3608
CLUBS JACK DIAMONDS EIGHT,0.6312,0.0118,0.357
CLUBS SIX DIAMONDS SIX,0.4642,0.0172,0.5186
CLUBS TEN DIAMONDS EIGHT,0.62,0.0136,0.3664
CLUBS FIVE DIAMONDS SIX,0.6228,0.0116,0.3656
CLUBS FOUR DIAMONDS SIX,0.6416,0.0132,0.3452
HEARTS ACE HEARTS JACK,0.3434,0.0058,0.6508
DIAMONDS EIGHT CLUBS ACE,0.409,0.0048,0.5862
HEARTS QUEEN HEARTS JACK,0.2184,0.0902,0.6914
DIAMONDS EIGHT CLUBS KING,0.4116,0.0076,0.5808
HEARTS KING HEARTS JACK,0.3418,0.006,0.6522
DIAMONDS EIGHT CLUBS QUEEN,0.6132,0.1646,0.2222
CLUBS EIGHT DIAMONDS SIX,0.6488,0.0108,0.3404
SPADES TEN HEARTS KING,0.3562,0.004,0.6398
SPADES FIVE DIAMONDS SIX,0.6398,0.0094,0.3508
HEARTS ACE SPADES TWO,0.4216,0.0028,0.5756
SPADES JACK HEARTS KING,0.3498,0.004,0.6462
SPADES FOUR DIAMONDS SIX,0.6426,0.0096,0.3478
SPADES THREE DIAMONDS SIX,0.648,0.0116,0.3404
HEARTS QUEEN SPADES TWO,0.6186,0.161,0.2204
SPADES ACE SPADES KING,0.3174,0.005,0.6776
HEARTS KING SPADES TWO,0.4364,0.0072,0.5564
SPADES TWO DIAMONDS SIX,0.6618,0.0112,0.327
HEARTS TEN HEARTS EIGHT,0.5732,0.0118,0.415
SPADES NINE DIAMONDS SIX,0.699,0.0454,0.2556
HEARTS JACK HEARTS EIGHT,0.5902,0.0074,0.4024
SPADES EIGHT DIAMONDS SIX,0.6402,0.0104,0.3494
SPADES SEVEN DIAMONDS SIX,0.628,0.0114,0.3606
SPADES SIX DIAMONDS SIX,0.4574,0.0168,0.5258
SPADES KING HEARTS KING,0.1462,0.0046,0.8492
SPADES QUEEN HEARTS KING,0.244,0.025,0.731
CLUBS ACE CLUBS KING,0.3278,0.007,0.6652
SPADES ACE HEARTS KING,0.3396,0.0034,0.657
SPADES ACE HEARTS JACK,0.3656,0.0046,0.6298
SPADES QUEEN HEARTS JACK,0.2364,0.0906,0.673
SPADES KING HEARTS JACK,0.3622,0.0062,0.6316
SPADES TEN DIAMONDS TEN,0.3038,0.0154,0.6808
SPADES JACK DIAMONDS TEN,0.575,0.0094,0.4156
SPADES ACE DIAMONDS TEN,0.367,0.0052,0.6278
SPADES JACK HEARTS JACK,0.2964,0.0084,0.6952
SPADES TEN HEARTS JACK,0.5712,0.0094,0.4194
SPADES QUEEN DIAMONDS TEN,0.2376,0.1186,0.6438
SPADES KING DIAMONDS TEN,0.3714,0.0074,0.6212
SPADES NINE DIAMONDS SEVEN,0.7166,0.0454,0.238
SPADES EIGHT DIAMONDS SEVEN,0.6376,0.0128,0.3496
SPADES SEVEN DIAMONDS SEVEN,0.4604,0.0182,0.5214
SPADES SIX DIAMONDS SEVEN,0.6288,0.0114,0.3598
DIAMONDS KING DIAMONDS SEVEN,0.3956,0.006,0.5984
HEARTS THREE DIAMONDS SEVEN,0.655,0.0114,0.3336
HEARTS KING DIAMONDS FIVE,0.4304,0.0086,0.561
HEARTS TWO DIAMONDS SEVEN,0.6794,0.012,0.3086
HEARTS QUEEN DIAMONDS FIVE,0.609,0.1584,0.2326
HEARTS FIVE DIAMONDS SEVEN,0.6364,0.0114,0.3522
DIAMONDS ACE DIAMONDS SEVEN,0.3948,0.0056,0.5996
HEARTS FOUR DIAMONDS SEVEN,0.6484,0.0136,0.338
HEARTS ACE DIAMONDS FIVE,0.4184,0.0034,0.5782
HEARTS SEVEN DIAMONDS SEVEN,0.446,0.0202,0.5338
HEARTS SIX DIAMONDS SEVEN,0.6296,0.0108,0.3596
DIAMONDS SEVEN HEARTS NINE,0.696,0.048,0.256
HEARTS EIGHT DIAMONDS SEVEN,0.631,0.0112,0.3578
DIAMONDS JACK DIAMONDS SEVEN,0.6234,0.0118,0.3648
DIAMONDS FIVE HEARTS JACK,0.6658,0.0118,0.3224
DIAMONDS TEN DIAMONDS SEVEN,0.6072,0.0114,0.3814
HEARTS TEN DIAMONDS FIVE,0.6516,0.0092,0.3392
SPADES KING CLUBS TWO,0.4272,0.006,0.5668
HEARTS KING CLUBS KING,0.1442,0.0048,0.851
CLUBS EIGHT DIAMONDS SEVEN,0.6388,0.0122,0.349
SPADES QUEEN CLUBS TWO,0.6206,0.165,0.2144
HEARTS KING CLUBS QUEEN,0.2368,0.0292,0.734
CLUBS JACK SPADES TWO,0.6366,0.0118,0.3516
SPADES ACE CLUBS TWO,0.4288,0.0052,0.566
CLUBS TEN SPADES TWO,0.6382,0.0118,0.35
HEARTS KING CLUBS ACE,0.3354,0.0044,0.6602
CLUBS SEVEN CLUBS SIX,0.5828,0.0142,0.403
SPADES TWO CLUBS KING,0.4276,0.0082,0.5642
SPADES TWO DIAMONDS SEVEN,0.6698,0.0132,0.317
CLUBS EIGHT CLUBS SIX,0.6152,0.0086,0.3762
SPADES THREE DIAMONDS SEVEN,0.67,0.012,0.318
SPADES TWO CLUBS QUEEN,0.6094,0.1632,0.2274
SPADES FOUR DIAMONDS SEVEN,0.655,0.012,0.333
CLUBS JACK HEARTS KING,0.3494,0.0068,0.6438
SPADES FIVE DIAMONDS SEVEN,0.6338,0.0104,0.3558
SPADES TWO CLUBS ACE,0.4192,0.0036,0.5772
CLUBS TEN HEARTS KING,0.3556,0.0068,0.6376
CLUBS SIX SPADES TWO,0.6552,0.0132,0.3316
CLUBS SIX SPADES THREE,0.6324,0.012,0.3556
CLUBS TWO DIAMONDS SEVEN,0.6796,0.0092,0.3112
CLUBS SIX SPADES FOUR,0.6434,0.0098,0.3468
CLUBS THREE DIAMONDS SEVEN,0.6594,0.0128,0.3278
CLUBS SIX SPADES FIVE,0.6156,0.0122,0.3722
CLUBS FOUR DIAMONDS SEVEN,0.6428,0.0126,0.3446
CLUBS SIX SPADES SIX,0.47,0.0212,0.5088
CLUBS FIVE DIAMONDS SEVEN,0.6464,0.0122,0.3414
CLUBS SIX SPADES SEVEN,0.6264,0.0104,0.3632
CLUBS SIX DIAMONDS SEVEN,0.621,0.0112,0.3678
CLUBS SIX SPADES EIGHT,0.6322,0.0094,0.3584
SPADES JACK CLUBS TWO,0.6494,0.0118,0.3388
CLUBS SEVEN DIAMONDS SEVEN,0.4588,0.0188,0.5224
SPADES NINE CLUBS SIX,0.6868,0.0486,0.2646
SPADES TEN CLUBS TWO,0.6592,0.0106,0.3302
CLUBS TWO CLUBS QUEEN,0.5902,0.1578,0.252
CLUBS TWO CLUBS KING,0.4082,0.0074,0.5844
CLUBS THREE DIAMONDS EIGHT,0.6902,0.0116,0.2982
CLUBS TWO CLUBS ACE,0.401,0.0038,0.5952
CLUBS TWO DIAMONDS EIGHT,0.6784,0.0122,0.3094
HEARTS SEVEN DIAMONDS EIGHT,0.633,0.0092,0.3578
HEARTS SIX DIAMONDS EIGHT,0.637,0.0072,0.3558
DIAMONDS EIGHT HEARTS NINE,0.6874,0.0444,0.2682
CLUBS TEN CLUBS TWO,0.6132,0.009,0.3778
DIAMONDS EIGHT HEARTS EIGHT,0.4334,0.0174,0.5492
CLUBS JACK CLUBS TWO,0.6074,0.012,0.3806
CLUBS EIGHT DIAMONDS EIGHT,0.4484,0.0172,0.5344
CLUBS FIVE DIAMONDS EIGHT,0.6654,0.0106,0.324
SPADES ACE SPADES THREE,0.3878,0.0048,0.6074
CLUBS FOUR DIAMONDS EIGHT,0.6776,0.0112,0.3112
CLUBS SEVEN DIAMONDS EIGHT,0.6416,0.0118,0.3466
SPADES QUEEN SPADES THREE,0.5682,0.1554,0.2764
CLUBS SIX DIAMONDS EIGHT,0.647,0.0118,0.3412
SPADES KING SPADES THREE,0.3952,0.0068,0.598
HEARTS TWO DIAMONDS EIGHT,0.6854,0.0128,0.3018
DIAMONDS KING DIAMONDS EIGHT,0.3992,0.007,0.5938
HEARTS THREE DIAMONDS EIGHT,0.6706,0.0116,0.3178
DIAMONDS ACE DIAMONDS EIGHT,0.3932,0.0062,0.6006
HEARTS FOUR DIAMONDS EIGHT,0.6618,0.012,0.3262
HEARTS FIVE DIAMONDS EIGHT,0.6426,0.012,0.3454
DIAMONDS EIGHT DIAMONDS TEN,0.584,0.012,0.404
DIAMONDS EIGHT DIAMONDS JACK,0.6096,0.01,0.3804
SPADES JACK SPADES THREE,0.6194,0.0088,0.3718
SPADES TEN SPADES THREE,0.603,0.0086,0.3884
CLUBS FOUR HEARTS ACE,0.414,0.0048,0.5812
CLUBS FOUR HEARTS QUEEN,0.6092,0.1702,0.2206
CLUBS FOUR HEARTS KING,0.4342,0.0078,0.558
CLUBS SIX HEARTS TEN,0.6368,0.0096,0.3536
CLUBS SIX HEARTS JACK,0.6556,0.0124,0.332
DIAMONDS EIGHT SPADES FOUR,0.6602,0.0104,0.3294
SPADES FIVE DIAMONDS EIGHT,0.6572,0.0096,0.3332
DIAMONDS EIGHT SPADES TWO,0.6744,0.0118,0.3138
DIAMONDS EIGHT SPADES THREE,0.677,0.011,0.312
CLUBS FOUR HEARTS JACK,0.6592,0.009,0.3318
SPADES EIGHT DIAMONDS EIGHT,0.4262,0.018,0.5558
SPADES TEN HEARTS TWO,0.6534,0.0092,0.3374
SPADES JACK HEARTS EIGHT,0.623,0.0086,0.3684
CLUBS FOUR HEARTS TEN,0.6496,0.008,0.3424
SPADES NINE DIAMONDS EIGHT,0.6932,0.0424,0.2644
SPADES TEN HEARTS EIGHT,0.618,0.012,0.37
SPADES JACK HEARTS TWO,0.6524,0.0106,0.337
SPADES SIX DIAMONDS EIGHT,0.6486,0.0116,0.3398
SPADES SEVEN DIAMONDS EIGHT,0.624,0.012,0.364
SPADES ACE HEARTS TWO,0.415,0.0076,0.5774
SPADES ACE HEARTS EIGHT,0.4026,0.0032,0.5942
SPADES KING HEARTS EIGHT,0.4132,0.005,0.5818
SPADES QUEEN HEARTS TWO,0.6148,0.1622,0.223
SPADES KING HEARTS TWO,0.4246,0.008,0.5674
SPADES QUEEN HEARTS EIGHT,0.6086,0.1644,0.227
CLUBS TWO HEARTS TEN,0.6508,0.0112,0.338
CLUBS TWO HEARTS JACK,0.6764,0.0098,0.3138
SPADES SEVEN DIAMONDS NINE,0.6996,0.0484,0.252
SPADES SIX DIAMONDS NINE,0.7082,0.047,0.2448
SPADES NINE DIAMONDS NINE,0.318,0.0218,0.6602
SPADES EIGHT DIAMONDS NINE,0.6854,0.044,0.2706
SPADES TEN CLUBS KING,0.3554,0.0072,0.6374
DIAMONDS NINE SPADES THREE,0.7348,0.0528,0.2124
SPADES JACK CLUBS KING,0.3412,0.0074,0.6514
DIAMONDS NINE SPADES TWO,0.7406,0.0432,0.2162
DIAMONDS NINE SPADES FIVE,0.7024,0.0476,0.25
DIAMONDS NINE SPADES FOUR,0.7224,0.0476,0.23
CLUBS EIGHT DIAMONDS NINE,0.697,0.0468,0.2562
CLUBS SIX DIAMONDS NINE,0.7012,0.0454,0.2534
SPADES JACK CLUBS FOUR,0.6506,0.0134,0.336
CLUBS SEVEN DIAMONDS NINE,0.7172,0.0458,0.237
SPADES TEN CLUBS FOUR,0.6468,0.011,0.3422
CLUBS FOUR DIAMONDS NINE,0.7226,0.0508,0.2266
CLUBS FIVE DIAMONDS NINE,0.708,0.0478,0.2442
DIAMONDS NINE CLUBS TWO,0.7498,0.0488,0.2014
CLUBS THREE DIAMONDS NINE,0.7468,0.0436,0.2096
DIAMONDS NINE HEARTS EIGHT,0.6968,0.0444,0.2588
DIAMONDS NINE HEARTS NINE,0.323,0.0254,0.6516
HEARTS SIX DIAMONDS NINE,0.7074,0.04,0.2526
HEARTS SEVEN DIAMONDS NINE,0.6996,0.0406,0.2598
DIAMONDS ACE DIAMONDS NINE,0.2518,0.0202,0.728
HEARTS FOUR DIAMONDS NINE,0.7272,0.0508,0.222
HEARTS FIVE DIAMONDS NINE,0.7098,0.0476,0.2426
HEARTS ACE CLUBS TWO,0.4144,0.0054,0.5802
SPADES ACE CLUBS FOUR,0.422,0.0036,0.5744
HEARTS TWO DIAMONDS NINE,0.725,0.0492,0.2258
CLUBS TWO HEARTS KING,0.4176,0.0074,0.575
SPADES KING CLUBS FOUR,0.426,0.0066,0.5674
DIAMONDS KING DIAMONDS NINE,0.2338,0.0284,0.7378
HEARTS THREE DIAMONDS NINE,0.7286,0.0424,0.229
CLUBS TWO HEARTS QUEEN,0.6158,0.1594,0.2248
SPADES QUEEN CLUBS FOUR,0.6152,0.1602,0.2246
DIAMONDS NINE DIAMONDS JACK,0.6862,0.0408,0.273
CLUBS EIGHT SPADES NINE,0.7022,0.0406,0.2572
DIAMONDS NINE DIAMONDS TEN,0.6644,0.0368,0.2988
CLUBS EIGHT SPADES EIGHT,0.444,0.018,0.538
CLUBS EIGHT SPADES SEVEN,0.6354,0.0102,0.3544
CLUBS EIGHT SPADES SIX,0.6324,0.0082,0.3594
CLUBS EIGHT SPADES FIVE,0.6482,0.0122,0.3396
CLUBS EIGHT SPADES FOUR,0.6556,0.0126,0.3318
CLUBS EIGHT SPADES THREE,0.666,0.0112,0.3228
CLUBS EIGHT SPADES TWO,0.6734,0.0098,0.3168
HEARTS SIX DIAMONDS TEN,0.6416,0.0134,0.345
HEARTS SEVEN DIAMONDS TEN,0.631,0.0112,0.3578
DIAMONDS TEN HEARTS EIGHT,0.6192,0.0116,0.3692
CLUBS JACK CLUBS FOUR,0.6054,0.0134,0.3812
DIAMONDS TEN HEARTS NINE,0.6936,0.037,0.2694
CLUBS TEN CLUBS FOUR,0.6198,0.01,0.3702
CLUBS FOUR CLUBS KING,0.414,0.007,0.579
CLUBS FOUR CLUBS QUEEN,0.5774,0.1496,0.273
CLUBS TWO DIAMONDS TEN,0.6644,0.0118,0.3238
CLUBS THREE DIAMONDS TEN,0.6646,0.0104,0.325
CLUBS FOUR CLUBS ACE,0.4,0.0068,0.5932
DIAMONDS JACK DIAMONDS TEN,0.5422,0.0096,0.4482
HEARTS TWO DIAMONDS TEN,0.6486,0.011,0.3404
DIAMONDS KING DIAMONDS TEN,0.328,0.0066,0.6654
HEARTS THREE DIAMONDS TEN,0.6384,0.0118,0.3498
DIAMONDS ACE DIAMONDS TEN,0.3484,0.0056,0.646
HEARTS FOUR DIAMONDS TEN,0.6554,0.012,0.3326
CLUBS EIGHT HEARTS JACK,0.6314,0.0114,0.3572
HEARTS FIVE DIAMONDS TEN,0.631,0.0108,0.3582
CLUBS EIGHT HEARTS TEN,0.611,0.0088,0.3802
CLUBS EIGHT HEARTS QUEEN,0.6136,0.1642,0.2222
CLUBS EIGHT HEARTS KING,0.4162,0.0038,0.58
CLUBS EIGHT HEARTS ACE,0.4094,0.0034,0.5872
CLUBS TEN HEARTS EIGHT,0.6072,0.0066,0.3862
CLUBS JACK HEARTS EIGHT,0.626,0.0114,0.3626
HEARTS EIGHT CLUBS QUEEN,0.598,0.1678,0.2342
CLUBS KING HEARTS EIGHT,0.4056,0.0082,0.5862
CLUBS ACE HEARTS EIGHT,0.4028,0.003,0.5942
SPADES KING CLUBS KING,0.15,0.0024,0.8476
SPADES QUEEN CLUBS KING,0.2282,0.0294,0.7424
SPADES ACE CLUBS KING,0.3522,0.0024,0.6454
DIAMONDS ACE HEARTS TEN,0.3706,0.0044,0.625
HEARTS FOUR HEARTS TEN,0.6116,0.0094,0.379
DIAMONDS ACE HEARTS JACK,0.359,0.005,0.636
HEARTS FOUR HEARTS JACK,0.619,0.0072,0.3738
SPADES KING CLUBS FIVE,0.4188,0.0054,0.5758
SPADES QUEEN CLUBS FIVE,0.6016,0.1656,0.2328
SPADES ACE CLUBS FIVE,0.4074,0.0044,0.5882
HEARTS SEVEN DIAMONDS JACK,0.6392,0.0094,0.3514
HEARTS SIX DIAMONDS JACK,0.6546,0.0096,0.3358
DIAMONDS JACK HEARTS NINE,0.7134,0.0354,0.2512
DIAMONDS JACK HEARTS EIGHT,0.6352,0.0084,0.3564
DIAMONDS KING DIAMONDS JACK,0.3366,0.0056,0.6578
HEARTS THREE DIAMONDS JACK,0.644,0.0112,0.3448
SPADES ACE SPADES SIX,0.4028,0.0022,0.595
HEARTS ACE SPADES FOUR,0.4042,0.004,0.5918
HEARTS TWO DIAMONDS JACK,0.6514,0.0114,0.3372
HEARTS FIVE DIAMONDS JACK,0.6424,0.0114,0.3462
SPADES QUEEN SPADES SIX,0.5594,0.16,0.2806
SPADES FOUR HEARTS QUEEN,0.6094,0.1628,0.2278
DIAMONDS ACE DIAMONDS JACK,0.3532,0.0044,0.6424
HEARTS FOUR DIAMONDS JACK,0.6446,0.0144,0.341
SPADES KING SPADES SIX,0.3782,0.0054,0.6164
SPADES FOUR HEARTS KING,0.4234,0.0092,0.5674
SPADES TEN SPADES SIX,0.5982,0.0078,0.394
SPADES JACK SPADES SIX,0.6108,0.0098,0.3794
SPADES FOUR DIAMONDS JACK,0.6594,0.0108,0.3298
SPADES FIVE DIAMONDS JACK,0.6472,0.0138,0.339
DIAMONDS JACK SPADES TWO,0.6546,0.0118,0.3336
DIAMONDS JACK SPADES THREE,0.6516,0.011,0.3374
SPADES ACE DIAMONDS THREE,0.4202,0.003,0.5768
SPADES QUEEN DIAMONDS THREE,0.6116,0.1692,0.2192
CLUBS EIGHT DIAMONDS JACK,0.635,0.0118,0.3532
SPADES KING DIAMONDS THREE,0.4424,0.0076,0.55
CLUBS SIX DIAMONDS JACK,0.6588,0.0102,0.331
CLUBS SEVEN DIAMONDS JACK,0.6536,0.0112,0.3352
CLUBS FOUR DIAMONDS JACK,0.6514,0.0132,0.3354
CLUBS FIVE DIAMONDS JACK,0.6448,0.0124,0.3428
CLUBS TWO DIAMONDS JACK,0.6672,0.0116,0.3212
CLUBS THREE DIAMONDS JACK,0.6572,0.013,0.3298
SPADES TEN CLUBS FIVE,0.6546,0.0102,0.3352
SPADES JACK HEARTS SIX,0.6558,0.0098,0.3344
HEARTS SIX SPADES TEN,0.6316,0.0112,0.3572
SPADES JACK CLUBS FIVE,0.649,0.0074,0.3436
SPADES JACK DIAMONDS THREE,0.657,0.0108,0.3322
CLUBS SEVEN CLUBS ACE,0.4012,0.006,0.5928
DIAMONDS THREE SPADES TEN,0.6438,0.013,0.3432
CLUBS SEVEN CLUBS QUEEN,0.5702,0.1636,0.2662
CLUBS SEVEN CLUBS KING,0.3938,0.008,0.5982
SPADES NINE DIAMONDS JACK,0.7076,0.0384,0.254
CLUBS TEN CLUBS SEVEN,0.601,0.0112,0.3878
DIAMONDS ACE HEARTS ACE,0.1502,0.0052,0.8446
HEARTS FOUR HEARTS ACE,0.3776,0.0038,0.6186
SPADES EIGHT DIAMONDS JACK,0.6268,0.0118,0.3614
SPADES ACE HEARTS SIX,0.4186,0.0034,0.578
CLUBS JACK CLUBS SEVEN,0.6138,0.0092,0.377
DIAMONDS ACE HEARTS KING,0.3472,0.0048,0.648
HEARTS FOUR HEARTS KING,0.396,0.0056,0.5984
SPADES SEVEN DIAMONDS JACK,0.6522,0.0096,0.3382
SPADES KING HEARTS SIX,0.4256,0.0046,0.5698
DIAMONDS ACE HEARTS QUEEN,0.2362,0.0136,0.7502
HEARTS FOUR HEARTS QUEEN,0.5574,0.1514,0.2912
SPADES QUEEN HEARTS SIX,0.6044,0.1538,0.2418
SPADES SIX DIAMONDS JACK,0.6592,0.012,0.3288
DIAMONDS TEN SPADES TWO,0.657,0.0102,0.3328
SPADES THREE DIAMONDS TEN,0.651,0.0128,0.3362
SPADES FOUR DIAMONDS TEN,0.6646,0.011,0.3244
SPADES FIVE DIAMONDS TEN,0.6504,0.0102,0.3394
SPADES SIX DIAMONDS TEN,0.6336,0.0104,0.356
SPADES SEVEN DIAMONDS TEN,0.633,0.012,0.355
SPADES EIGHT DIAMONDS TEN,0.6244,0.011,0.3646
SPADES NINE DIAMONDS TEN,0.6914,0.0404,0.2682
CLUBS FOUR DIAMONDS TEN,0.6644,0.0108,0.3248
CLUBS FIVE DIAMONDS TEN,0.6604,0.0112,0.3284
CLUBS SIX DIAMONDS TEN,0.6406,0.0106,0.3488
CLUBS SEVEN DIAMONDS TEN,0.639,0.0118,0.3492
CLUBS EIGHT DIAMONDS TEN,0.6334,0.0108,0.3558
CLUBS JACK DIAMONDS THREE,0.6534,0.0104,0.3362
CLUBS TEN DIAMONDS THREE,0.6518,0.011,0.3372
DIAMONDS THREE CLUBS KING,0.4252,0.0076,0.5672
DIAMONDS THREE CLUBS QUEEN,0.6178,0.1564,0.2258
DIAMONDS THREE CLUBS ACE,0.4188,0.006,0.5752
SPADES FOUR HEARTS JACK,0.6472,0.0088,0.344
SPADES FOUR HEARTS TEN,0.6386,0.0118,0.3496
SPADES FIVE SPADES TWO,0.5974,0.0116,0.391
SPADES FOUR SPADES TWO,0.6016,0.0132,0.3852
SPADES THREE SPADES TWO,0.6102,0.0108,0.379
SPADES NINE SPADES TWO,0.6962,0.044,0.2598
SPADES EIGHT SPADES TWO,0.6284,0.0118,0.3598
SPADES SEVEN SPADES TWO,0.6226,0.013,0.3644
SPADES SIX SPADES TWO,0.617,0.0086,0.3744
CLUBS THREE HEARTS TWO,0.6564,0.01,0.3336
HEARTS TWO CLUBS TWO,0.475,0.0194,0.5056
HEARTS SEVEN HEARTS TWO,0.6368,0.0096,0.3536
HEARTS SIX HEARTS TWO,0.6216,0.0092,0.3692
HEARTS TWO HEARTS NINE,0.6754,0.048,0.2766
HEARTS TWO HEARTS EIGHT,0.6142,0.0094,0.3764
CLUBS EIGHT HEARTS TWO,0.6834,0.0124,0.3042
CLUBS FIVE HEARTS TWO,0.6358,0.0122,0.352
SPADES EIGHT HEARTS ACE,0.4124,0.0026,0.585
CLUBS FOUR HEARTS TWO,0.6522,0.014,0.3338
CLUBS SEVEN HEARTS TWO,0.6716,0.0106,0.3178
SPADES EIGHT HEARTS QUEEN,0.5862,0.175,0.2388
CLUBS SIX HEARTS TWO,0.6614,0.0132,0.3254
SPADES EIGHT HEARTS KING,0.4256,0.0038,0.5706
HEARTS TWO SPADES SIX,0.6518,0.0136,0.3346
HEARTS FOUR CLUBS QUEEN,0.5998,0.1834,0.2168
DIAMONDS ACE CLUBS QUEEN,0.2324,0.0148,0.7528
SPADES SEVEN HEARTS TWO,0.6672,0.009,0.3238
HEARTS FOUR CLUBS KING,0.4254,0.0058,0.5688
DIAMONDS ACE CLUBS KING,0.3288,0.0072,0.664
SPADES EIGHT HEARTS TWO,0.6774,0.0132,0.3094
HEARTS FOUR CLUBS ACE,0.4096,0.005,0.5854
DIAMONDS ACE CLUBS ACE,0.1388,0.007,0.8542
SPADES NINE HEARTS TWO,0.7164,0.0528,0.2308
HEARTS TWO SPADES TWO,0.4582,0.0208,0.521
HEARTS TWO SPADES THREE,0.6478,0.0138,0.3384
HEARTS TWO SPADES FOUR,0.6474,0.0108,0.3418
CLUBS TEN HEARTS FOUR,0.6536,0.0144,0.332
CLUBS TEN DIAMONDS ACE,0.3576,0.0048,0.6376
HEARTS TWO SPADES FIVE,0.6374,0.0114,0.3512
CLUBS JACK HEARTS FOUR,0.6482,0.011,0.3408
CLUBS JACK DIAMONDS ACE,0.3538,0.0046,0.6416
CLUBS FIVE CLUBS KING,0.4054,0.008,0.5866
CLUBS FIVE CLUBS QUEEN,0.5724,0.1598,0.2678
CLUBS FIVE CLUBS ACE,0.3926,0.0046,0.6028
CLUBS JACK CLUBS FIVE,0.6202,0.012,0.3678
CLUBS TEN CLUBS FIVE,0.6158,0.011,0.3732
SPADES KING CLUBS JACK,0.3622,0.0068,0.631
CLUBS JACK SPADES QUEEN,0.234,0.088,0.678
SPADES ACE CLUBS JACK,0.3764,0.0036,0.62
SPADES SIX CLUBS KING,0.4224,0.0096,0.568
SPADES SIX CLUBS QUEEN,0.6146,0.1632,0.2222
SPADES EIGHT HEARTS JACK,0.628,0.0084,0.3636
SPADES SIX CLUBS ACE,0.4224,0.0056,0.572
SPADES EIGHT HEARTS TEN,0.6084,0.0094,0.3822
CLUBS JACK SPADES SIX,0.6494,0.0076,0.343
CLUBS TEN SPADES SIX,0.633,0.01,0.357
CLUBS JACK SPADES TEN,0.5698,0.008,0.4222
CLUBS JACK SPADES JACK,0.3034,0.0098,0.6868
SPADES QUEEN CLUBS SEVEN,0.6136,0.166,0.2204
SPADES KING CLUBS SEVEN,0.4026,0.008,0.5894
SPADES ACE CLUBS SEVEN,0.423,0.0052,0.5718
SPADES SIX HEARTS TEN,0.6314,0.0084,0.3602
SPADES SIX HEARTS JACK,0.653,0.0084,0.3386
SPADES SIX HEARTS ACE,0.4126,0.0028,0.5846
SPADES SIX HEARTS KING,0.4208,0.006,0.5732
SPADES SIX HEARTS QUEEN,0.605,0.1618,0.2332
CLUBS SEVEN SPADES JACK,0.6414,0.0094,0.3492
CLUBS SEVEN SPADES TEN,0.636,0.01,0.354
CLUBS TEN HEARTS SIX,0.6276,0.0106,0.3618
CLUBS JACK HEARTS SIX,0.6386,0.01,0.3514
CLUBS JACK CLUBS ACE,0.3476,0.0044,0.648
HEARTS SIX CLUBS QUEEN,0.6044,0.1684,0.2272
HEARTS SIX CLUBS KING,0.4106,0.0044,0.585
HEARTS SIX CLUBS ACE,0.41,0.0038,0.5862
CLUBS JACK CLUBS QUEEN,0.2298,0.0784,0.6918
CLUBS JACK CLUBS KING,0.349,0.0068,0.6442
DIAMONDS THREE HEARTS ACE,0.4226,0.0046,0.5728
DIAMONDS THREE HEARTS QUEEN,0.5974,0.1682,0.2344
DIAMONDS THREE HEARTS KING,0.4372,0.0098,0.553
CLUBS FIVE HEARTS JACK,0.6582,0.0114,0.3304
SPADES TEN DIAMONDS ACE,0.362,0.0034,0.6346
HEARTS FOUR SPADES TEN,0.6538,0.0104,0.3358
CLUBS FIVE HEARTS TEN,0.6418,0.0094,0.3488
HEARTS FOUR SPADES JACK,0.6486,0.0104,0.341
SPADES JACK DIAMONDS ACE,0.3542,0.0058,0.64
SPADES ACE HEARTS FOUR,0.418,0.0012,0.5808
SPADES ACE DIAMONDS ACE,0.145,0.0028,0.8522
CLUBS FIVE HEARTS ACE,0.4102,0.0052,0.5846
CLUBS FIVE HEARTS KING,0.4252,0.0064,0.5684
HEARTS FOUR SPADES QUEEN,0.5938,0.167,0.2392
SPADES QUEEN DIAMONDS ACE,0.2362,0.0154,0.7484
CLUBS JACK SPADES FOUR,0.6412,0.0124,0.3464
CLUBS FIVE HEARTS QUEEN,0.605,0.167,0.228
SPADES KING DIAMONDS ACE,0.3328,0.0028,0.6644
SPADES KING HEARTS FOUR,0.4266,0.0066,0.5668
CLUBS TEN SPADES FOUR,0.6378,0.0128,0.3494
DIAMONDS ACE HEARTS TWO,0.4188,0.0066,0.5746
HEARTS FOUR HEARTS TWO,0.6198,0.009,0.3712
DIAMONDS THREE HEARTS TEN,0.652,0.0098,0.3382
SPADES FOUR CLUBS KING,0.426,0.0066,0.5674
HEARTS FIVE HEARTS TWO,0.5958,0.0114,0.3928
DIAMONDS THREE HEARTS JACK,0.6468,0.0104,0.3428
SPADES FOUR CLUBS QUEEN,0.6048,0.1644,0.2308
DIAMONDS KING HEARTS TWO,0.4132,0.0082,0.5786
HEARTS THREE HEARTS TWO,0.5924,0.0106,0.397
SPADES FOUR CLUBS ACE,0.4142,0.0052,0.5806
HEARTS TWO CLUBS ACE,0.4258,0.004,0.5702
HEARTS TWO CLUBS QUEEN,0.6082,0.1672,0.2246
HEARTS TWO CLUBS KING,0.4304,0.0076,0.562
SPADES EIGHT SPADES FIVE,0.607,0.0096,0.3834
CLUBS TEN HEARTS TWO,0.6572,0.0112,0.3316
SPADES NINE SPADES FIVE,0.6794,0.0454,0.2752
CLUBS JACK HEARTS TWO,0.6366,0.0096,0.3538
SPADES SIX SPADES FIVE,0.5806,0.012,0.4074
SPADES SEVEN SPADES FIVE,0.5828,0.0094,0.4078
DIAMONDS FIVE CLUBS QUEEN,0.6064,0.1614,0.2322
SPADES EIGHT CLUBS ACE,0.4084,0.0026,0.589
DIAMONDS FIVE CLUBS KING,0.418,0.0064,0.5756
SPADES EIGHT CLUBS KING,0.4132,0.0076,0.5792
DIAMONDS FIVE CLUBS ACE,0.4108,0.0044,0.5848
SPADES EIGHT CLUBS QUEEN,0.6152,0.1664,0.2184
CLUBS JACK SPADES EIGHT,0.6308,0.011,0.3582
CLUBS TEN SPADES EIGHT,0.6184,0.0086,0.373
CLUBS TEN DIAMONDS FIVE,0.6474,0.0098,0.3428
CLUBS JACK DIAMONDS FIVE,0.6302,0.0128,0.357
DIAMONDS TEN HEARTS JACK,0.574,0.0092,0.4168
DIAMONDS TEN HEARTS TEN,0.3072,0.0172,0.6756
HEARTS SIX HEARTS KING,0.3858,0.0062,0.608
DIAMONDS KING SPADES SEVEN,0.4206,0.007,0.5724
HEARTS THREE SPADES SEVEN,0.647,0.011,0.342
SPADES KING DIAMONDS SEVEN,0.427,0.0088,0.5642
HEARTS SIX HEARTS QUEEN,0.5588,0.1604,0.2808
SPADES QUEEN DIAMONDS SEVEN,0.6134,0.164,0.2226
HEARTS THREE SPADES SIX,0.6582,0.0096,0.3322
DIAMONDS KING SPADES SIX,0.4194,0.0062,0.5744
SPADES NINE DIAMONDS KING,0.24,0.0304,0.7296
SPADES NINE HEARTS THREE,0.7262,0.0492,0.2246
HEARTS SIX HEARTS ACE,0.4012,0.0052,0.5936
DIAMONDS KING SPADES EIGHT,0.4092,0.0068,0.584
SPADES EIGHT HEARTS THREE,0.6562,0.014,0.3298
SPADES ACE DIAMONDS SEVEN,0.402,0.0038,0.5942
CLUBS EIGHT HEARTS THREE,0.6744,0.0106,0.315
CLUBS EIGHT DIAMONDS KING,0.404,0.0072,0.5888
HEARTS THREE SPADES THREE,0.4626,0.0212,0.5162
DIAMONDS KING SPADES THREE,0.4196,0.006,0.5744
HEARTS THREE SPADES TWO,0.6436,0.01,0.3464
DIAMONDS KING SPADES TWO,0.4316,0.0088,0.5596
HEARTS THREE SPADES FIVE,0.6276,0.0122,0.3602
