opposingHand,winningChance,drawChance,lostChance
CLUBS SIX HEARTS ACE
HEARTS FIVE SPADES TEN,0.6316,0.0038,0.3646
SPADES JACK HEARTS FIVE,0.6356,0.0054,0.359
CLUBS JACK SPADES FIVE,0.6188,0.0048,0.3764
CLUBS TEN SPADES FIVE,0.6376,0.0028,0.3596
CLUBS JACK CLUBS EIGHT,0.5484,0.0034,0.4482
CLUBS TEN CLUBS EIGHT,0.5372,0.0038,0.459
CLUBS EIGHT CLUBS KING,0.5642,0.0034,0.4324
SPADES FIVE CLUBS ACE,0.3636,0.3922,0.2442
CLUBS EIGHT CLUBS QUEEN,0.5512,0.0044,0.4444
SPADES FIVE CLUBS KING,0.6354,0.0032,0.3614
SPADES FIVE CLUBS QUEEN,0.6324,0.0054,0.3622
CLUBS EIGHT CLUBS ACE,0.2212,0.2108,0.568
DIAMONDS TWO DIAMONDS THREE,0.6124,0.0044,0.3832
DIAMONDS TWO DIAMONDS FIVE,0.6074,0.0038,0.3888
SPADES KING HEARTS FIVE,0.6378,0.0038,0.3584
DIAMONDS TWO DIAMONDS FOUR,0.6158,0.0066,0.3776
SPADES QUEEN HEARTS FIVE,0.6406,0.0062,0.3532
DIAMONDS TWO DIAMONDS SEVEN,0.6046,0.0056,0.3898
DIAMONDS TWO DIAMONDS SIX,0.6818,0.028,0.2902
SPADES ACE HEARTS FIVE,0.3758,0.387,0.2372
DIAMONDS TWO DIAMONDS NINE,0.6036,0.0048,0.3916
DIAMONDS TWO DIAMONDS EIGHT,0.6032,0.0046,0.3922
DIAMONDS THREE DIAMONDS FOUR,0.6018,0.0056,0.3926
CLUBS TWO SPADES FOUR,0.6568,0.006,0.3372
DIAMONDS THREE DIAMONDS FIVE,0.6036,0.0042,0.3922
SPADES FIVE CLUBS TWO,0.6552,0.0048,0.34
CLUBS TWO SPADES TWO,0.4644,0.0062,0.5294
CLUBS TWO SPADES THREE,0.6402,0.0056,0.3542
DIAMONDS THREE DIAMONDS EIGHT,0.5998,0.0034,0.3968
SPADES EIGHT CLUBS TWO,0.6412,0.0032,0.3556
DIAMONDS THREE DIAMONDS NINE,0.599,0.0028,0.3982
SPADES NINE CLUBS TWO,0.6494,0.0054,0.3452
DIAMONDS THREE DIAMONDS SIX,0.6846,0.0266,0.2888
SPADES SIX CLUBS TWO,0.7436,0.034,0.2224
DIAMONDS THREE DIAMONDS SEVEN,0.5976,0.0052,0.3972
SPADES SEVEN CLUBS TWO,0.6512,0.0052,0.3436
CLUBS SEVEN CLUBS TWO,0.609,0.0056,0.3854
CLUBS FOUR CLUBS TWO,0.6242,0.007,0.3688
CLUBS FIVE CLUBS TWO,0.6312,0.0042,0.3646
CLUBS TEN CLUBS JACK,0.5058,0.0048,0.4894
DIAMONDS FOUR DIAMONDS SIX,0.6652,0.028,0.3068
CLUBS TEN CLUBS QUEEN,0.5296,0.0062,0.4642
DIAMONDS FOUR DIAMONDS SEVEN,0.5908,0.0034,0.4058
CLUBS TEN CLUBS KING,0.5366,0.0046,0.4588
CLUBS TEN CLUBS ACE,0.2348,0.1136,0.6516
CLUBS EIGHT CLUBS TWO,0.6108,0.0056,0.3836
DIAMONDS FIVE DIAMONDS FOUR,0.5812,0.0028,0.416
CLUBS NINE CLUBS TWO,0.6068,0.0036,0.3896
DIAMONDS NINE DIAMONDS FOUR,0.6044,0.0044,0.3912
DIAMONDS EIGHT DIAMONDS FOUR,0.5978,0.0048,0.3974
CLUBS THREE CLUBS TWO,0.628,0.0054,0.3666
DIAMONDS NINE DIAMONDS FIVE,0.5854,0.0038,0.4108
CLUBS JACK DIAMONDS TWO,0.6286,0.0062,0.3652
DIAMONDS EIGHT DIAMONDS FIVE,0.5696,0.005,0.4254
CLUBS TEN DIAMONDS TWO,0.6408,0.005,0.3542
DIAMONDS FIVE DIAMONDS SEVEN,0.5752,0.004,0.4208
DIAMONDS FIVE DIAMONDS SIX,0.6492,0.0226,0.3282
DIAMONDS TWO CLUBS ACE,0.3736,0.386,0.2404
DIAMONDS TWO CLUBS KING,0.6292,0.003,0.3678
DIAMONDS TWO CLUBS QUEEN,0.6302,0.0054,0.3644
DIAMONDS EIGHT DIAMONDS SIX,0.6488,0.0214,0.3298
DIAMONDS NINE DIAMONDS SIX,0.6722,0.0242,0.3036
HEARTS KING SPADES THREE,0.641,0.0078,0.3512
DIAMONDS SEVEN DIAMONDS SIX,0.6466,0.0218,0.3316
SPADES THREE HEARTS QUEEN,0.6362,0.0048,0.359
HEARTS JACK SPADES THREE,0.6414,0.0046,0.354
SPADES THREE HEARTS TEN,0.6398,0.0046,0.3556
DIAMONDS EIGHT DIAMONDS SEVEN,0.524,0.0042,0.4718
DIAMONDS NINE DIAMONDS SEVEN,0.5422,0.005,0.4528
DIAMONDS NINE DIAMONDS EIGHT,0.5184,0.0046,0.477
DIAMONDS KING HEARTS TEN,0.5756,0.0036,0.4208
HEARTS THREE HEARTS TEN,0.6136,0.006,0.3804
DIAMONDS KING HEARTS JACK,0.578,0.0066,0.4154
HEARTS THREE HEARTS JACK,0.6022,0.0052,0.3926
SPADES JACK SPADES FIVE,0.5856,0.005,0.4094
SPADES TEN SPADES FIVE,0.5998,0.0036,0.3966
DIAMONDS KING HEARTS QUEEN,0.5776,0.006,0.4164
HEARTS THREE HEARTS QUEEN,0.6176,0.006,0.3764
DIAMONDS KING HEARTS KING,0.2726,0.0032,0.7242
HEARTS THREE HEARTS KING,0.6114,0.006,0.3826
SPADES NINE HEARTS TEN,0.548,0.0028,0.4492
SPADES NINE HEARTS JACK,0.5602,0.0036,0.4362
SPADES QUEEN SPADES FIVE,0.5938,0.003,0.4032
SPADES KING SPADES FIVE,0.5942,0.0038,0.402
SPADES ACE SPADES FIVE,0.3496,0.3606,0.2898
SPADES NINE HEARTS QUEEN,0.5842,0.0042,0.4116
SPADES NINE HEARTS KING,0.5984,0.0056,0.396
CLUBS TEN SPADES JACK,0.5474,0.004,0.4486
CLUBS TEN SPADES TEN,0.3074,0.003,0.6896
SPADES ACE CLUBS TEN,0.2234,0.1246,0.652
CLUBS TEN SPADES KING,0.5724,0.003,0.4246
CLUBS TEN SPADES QUEEN,0.5584,0.0038,0.4378
SPADES FIVE HEARTS QUEEN,0.6502,0.0026,0.3472
HEARTS KING SPADES FIVE,0.6328,0.0052,0.362
CLUBS EIGHT SPADES TEN,0.5722,0.0018,0.426
HEARTS THREE SPADES JACK,0.6314,0.004,0.3646
SPADES JACK DIAMONDS KING,0.5732,0.0036,0.4232
SPADES TEN DIAMONDS KING,0.5654,0.0042,0.4304
HEARTS THREE SPADES TEN,0.6476,0.0048,0.3476
CLUBS EIGHT SPADES JACK,0.5746,0.0038,0.4216
SPADES ACE CLUBS EIGHT,0.2188,0.2268,0.5544
CLUBS JACK HEARTS FIVE,0.6302,0.0056,0.3642
CLUBS TEN HEARTS FIVE,0.6424,0.0042,0.3534
SPADES QUEEN CLUBS EIGHT,0.586,0.0042,0.4098
CLUBS TEN SPADES THREE,0.643,0.007,0.35
SPADES KING CLUBS EIGHT,0.6034,0.0046,0.392
CLUBS JACK SPADES THREE,0.6394,0.0042,0.3564
DIAMONDS TWO HEARTS JACK,0.6326,0.0066,0.3608
SPADES THREE CLUBS QUEEN,0.6228,0.0046,0.3726
DIAMONDS TWO HEARTS TEN,0.6348,0.0062,0.359
SPADES THREE CLUBS KING,0.629,0.004,0.367
HEARTS FIVE CLUBS ACE,0.3742,0.3874,0.2384
SPADES FIVE HEARTS TEN,0.6374,0.006,0.3566
SPADES THREE CLUBS ACE,0.3786,0.3704,0.251
HEARTS FIVE CLUBS KING,0.6476,0.005,0.3474
SPADES FIVE HEARTS JACK,0.6296,0.003,0.3674
HEARTS FIVE CLUBS QUEEN,0.6334,0.0044,0.3622
HEARTS THREE CLUBS KING,0.6412,0.0044,0.3544
DIAMONDS KING CLUBS KING,0.2816,0.0044,0.714
HEARTS THREE CLUBS QUEEN,0.6408,0.0062,0.353
DIAMONDS KING CLUBS QUEEN,0.57,0.0038,0.4262
HEARTS FIVE HEARTS JACK,0.5986,0.005,0.3964
HEARTS FIVE HEARTS TEN,0.6074,0.0052,0.3874
HEARTS THREE CLUBS ACE,0.3686,0.3876,0.2438
DIAMONDS KING CLUBS ACE,0.247,0.0416,0.7114
SPADES ACE CLUBS QUEEN,0.2386,0.055,0.7064
SPADES KING CLUBS QUEEN,0.5678,0.0038,0.4284
CLUBS JACK HEARTS THREE,0.6444,0.0048,0.3508
CLUBS JACK DIAMONDS KING,0.5656,0.0042,0.4302
SPADES QUEEN CLUBS QUEEN,0.2804,0.003,0.7166
CLUBS TEN HEARTS THREE,0.6392,0.0042,0.3566
CLUBS TEN DIAMONDS KING,0.559,0.0056,0.4354
SPADES JACK CLUBS QUEEN,0.5492,0.0038,0.447
SPADES TEN CLUBS QUEEN,0.5586,0.0048,0.4366
HEARTS FIVE HEARTS KING,0.6082,0.004,0.3878
HEARTS FIVE HEARTS QUEEN,0.5938,0.0062,0.4
SPADES SEVEN HEARTS JACK,0.605,0.0034,0.3916
SPADES SEVEN HEARTS TEN,0.5906,0.0054,0.404
DIAMONDS TWO CLUBS TWO,0.4658,0.0062,0.528
DIAMONDS TWO CLUBS THREE,0.6592,0.0028,0.338
HEARTS SIX DIAMONDS TWO,0.7472,0.0298,0.223
DIAMONDS TWO HEARTS QUEEN,0.6442,0.0064,0.3494
DIAMONDS TWO HEARTS SEVEN,0.66,0.0064,0.3336
DIAMONDS TWO HEARTS KING,0.6316,0.0048,0.3636
DIAMONDS TWO HEARTS EIGHT,0.6288,0.006,0.3652
DIAMONDS TWO HEARTS NINE,0.639,0.0042,0.3568
DIAMONDS TWO DIAMONDS QUEEN,0.5914,0.0046,0.404
DIAMONDS TWO HEARTS TWO,0.472,0.0076,0.5204
DIAMONDS TWO DIAMONDS KING,0.5956,0.0056,0.3988
HEARTS THREE DIAMONDS TWO,0.6522,0.0048,0.343
DIAMONDS TWO DIAMONDS ACE,0.3484,0.3612,0.2904
HEARTS FOUR DIAMONDS TWO,0.6452,0.0062,0.3486
DIAMONDS TWO HEARTS FIVE,0.6532,0.006,0.3408
DIAMONDS TWO DIAMONDS TEN,0.5974,0.0048,0.3978
SPADES SEVEN HEARTS KING,0.6166,0.004,0.3794
DIAMONDS TWO DIAMONDS JACK,0.5976,0.0044,0.398
SPADES SEVEN HEARTS QUEEN,0.6084,0.0032,0.3884
DIAMONDS TWO SPADES NINE,0.6506,0.0024,0.347
DIAMONDS TWO SPADES EIGHT,0.653,0.003,0.344
DIAMONDS TWO SPADES SEVEN,0.6476,0.004,0.3484
DIAMONDS TWO SPADES SIX,0.7334,0.0286,0.238
DIAMONDS TWO SPADES FIVE,0.6494,0.0054,0.3452
DIAMONDS TWO SPADES FOUR,0.6444,0.0048,0.3508
DIAMONDS TWO SPADES THREE,0.6504,0.005,0.3446
DIAMONDS TWO SPADES TWO,0.4724,0.0056,0.522
DIAMONDS TWO CLUBS NINE,0.6296,0.006,0.3644
CLUBS EIGHT DIAMONDS TWO,0.6292,0.0054,0.3654
DIAMONDS TWO CLUBS SEVEN,0.6326,0.0054,0.362
DIAMONDS TWO CLUBS FIVE,0.6526,0.0032,0.3442
DIAMONDS TWO CLUBS FOUR,0.6622,0.0054,0.3324
CLUBS FOUR SPADES FIVE,0.6244,0.0044,0.3712
CLUBS FOUR SPADES FOUR,0.464,0.0046,0.5314
CLUBS FOUR SPADES THREE,0.6452,0.0056,0.3492
CLUBS FOUR SPADES TWO,0.6544,0.0062,0.3394
SPADES NINE CLUBS FOUR,0.6472,0.0046,0.3482
SPADES EIGHT CLUBS FOUR,0.639,0.0046,0.3564
SPADES SEVEN CLUBS FOUR,0.6258,0.0048,0.3694
CLUBS FOUR SPADES SIX,0.7044,0.0264,0.2692
SPADES ACE DIAMONDS SIX,0.0182,0.961,0.0208
SPADES QUEEN DIAMONDS SIX,0.7274,0.0322,0.2404
SPADES KING DIAMONDS SIX,0.741,0.0302,0.2288
SPADES TEN DIAMONDS SIX,0.728,0.0178,0.2542
SPADES JACK DIAMONDS SIX,0.728,0.0224,0.2496
SPADES QUEEN SPADES TWO,0.5854,0.0052,0.4094
SPADES KING SPADES TWO,0.598,0.005,0.397
SPADES ACE SPADES TWO,0.3566,0.3578,0.2856
CLUBS JACK DIAMONDS JACK,0.3066,0.0042,0.6892
CLUBS TEN DIAMONDS JACK,0.5332,0.0042,0.4626
DIAMONDS JACK CLUBS KING,0.572,0.0044,0.4236
DIAMONDS JACK CLUBS QUEEN,0.555,0.0032,0.4418
DIAMONDS THREE DIAMONDS JACK,0.5816,0.0056,0.4128
DIAMONDS THREE DIAMONDS TEN,0.582,0.0036,0.4144
DIAMONDS JACK CLUBS ACE,0.2324,0.0844,0.6832
DIAMONDS THREE DIAMONDS KING,0.5912,0.004,0.4048
HEARTS THREE DIAMONDS THREE,0.4592,0.0064,0.5344
DIAMONDS THREE DIAMONDS QUEEN,0.5894,0.0044,0.4062
DIAMONDS THREE HEARTS TWO,0.66,0.0044,0.3356
HEARTS FIVE DIAMONDS THREE,0.6372,0.0042,0.3586
DIAMONDS THREE DIAMONDS ACE,0.356,0.3494,0.2946
HEARTS FOUR DIAMONDS THREE,0.6366,0.0048,0.3586
DIAMONDS THREE HEARTS SEVEN,0.642,0.004,0.354
SPADES TEN SPADES NINE,0.528,0.0038,0.4682
HEARTS SIX DIAMONDS THREE,0.7274,0.0292,0.2434
SPADES JACK SPADES NINE,0.5278,0.0048,0.4674
DIAMONDS THREE HEARTS NINE,0.6578,0.0052,0.337
HEARTS JACK DIAMONDS FOUR,0.6296,0.0046,0.3658
SPADES TEN SPADES TWO,0.5934,0.0044,0.4022
DIAMONDS THREE HEARTS EIGHT,0.636,0.006,0.358
HEARTS TEN DIAMONDS FOUR,0.628,0.0052,0.3668
SPADES JACK SPADES TWO,0.5904,0.0028,0.4068
HEARTS QUEEN DIAMONDS FOUR,0.6454,0.0058,0.3488
HEARTS KING DIAMONDS FOUR,0.6334,0.0046,0.362
SPADES ACE SPADES NINE,0.2176,0.1608,0.6216
SPADES KING SPADES NINE,0.5504,0.005,0.4446
SPADES QUEEN SPADES NINE,0.5488,0.0064,0.4448
DIAMONDS THREE SPADES NINE,0.6382,0.0046,0.3572
DIAMONDS THREE SPADES EIGHT,0.6386,0.0028,0.3586
DIAMONDS THREE SPADES SEVEN,0.641,0.004,0.355
DIAMONDS THREE SPADES SIX,0.7248,0.0264,0.2488
CLUBS ACE DIAMONDS FOUR,0.376,0.3794,0.2446
DIAMONDS THREE CLUBS SEVEN,0.6438,0.0044,0.3518
CLUBS FIVE CLUBS SEVEN,0.5726,0.005,0.4224
DIAMONDS THREE CLUBS FOUR,0.6262,0.0056,0.3682
DIAMONDS FOUR CLUBS QUEEN,0.6322,0.0052,0.3626
DIAMONDS THREE CLUBS FIVE,0.6322,0.0072,0.3606
DIAMONDS FOUR CLUBS KING,0.6354,0.0056,0.359
DIAMONDS THREE CLUBS TWO,0.6518,0.0062,0.342
CLUBS TEN DIAMONDS FOUR,0.6202,0.0044,0.3754
DIAMONDS THREE CLUBS THREE,0.477,0.0054,0.5176
CLUBS JACK DIAMONDS FOUR,0.6264,0.0034,0.3702
DIAMONDS THREE SPADES FOUR,0.6302,0.0048,0.365
DIAMONDS THREE SPADES FIVE,0.6322,0.0034,0.3644
DIAMONDS THREE SPADES TWO,0.6646,0.0048,0.3306
DIAMONDS THREE SPADES THREE,0.4642,0.0056,0.5302
CLUBS EIGHT DIAMONDS THREE,0.6436,0.0042,0.3522
CLUBS NINE DIAMONDS THREE,0.6346,0.0036,0.3618
SPADES SEVEN CLUBS ACE,0.213,0.3008,0.4862
SPADES SEVEN CLUBS QUEEN,0.6082,0.005,0.3868
SPADES SEVEN CLUBS KING,0.6036,0.0036,0.3928
CLUBS FIVE SPADES SEVEN,0.61,0.0052,0.3848
CLUBS TEN SPADES SEVEN,0.5894,0.005,0.4056
CLUBS FIVE SPADES SIX,0.6964,0.0276,0.276
CLUBS JACK SPADES SEVEN,0.5822,0.0036,0.4142
CLUBS FIVE SPADES NINE,0.642,0.0032,0.3548
CLUBS FIVE SPADES EIGHT,0.631,0.0034,0.3656
CLUBS FIVE SPADES THREE,0.6326,0.0044,0.363
CLUBS FIVE SPADES TWO,0.6514,0.0056,0.343
CLUBS FIVE SPADES FIVE,0.4342,0.0042,0.5616
CLUBS FIVE SPADES FOUR,0.624,0.0052,0.3708
CLUBS NINE CLUBS FIVE,0.6032,0.0052,0.3916
CLUBS EIGHT CLUBS FIVE,0.5918,0.0048,0.4034
CLUBS ACE CLUBS QUEEN,0.2236,0.062,0.7144
CLUBS KING CLUBS QUEEN,0.5468,0.0046,0.4486
DIAMONDS TEN DIAMONDS FOUR,0.5966,0.0048,0.3986
CLUBS TEN DIAMONDS NINE,0.5546,0.0032,0.4422
DIAMONDS JACK DIAMONDS FOUR,0.5912,0.0028,0.406
CLUBS JACK DIAMONDS NINE,0.5536,0.0028,0.4436
CLUBS JACK SPADES NINE,0.5562,0.005,0.4388
CLUBS TEN SPADES NINE,0.5506,0.0058,0.4436
DIAMONDS ACE DIAMONDS FOUR,0.3506,0.3554,0.294
HEARTS FOUR DIAMONDS FOUR,0.4628,0.0034,0.5338
DIAMONDS JACK HEARTS TEN,0.5434,0.0046,0.452
SPADES NINE CLUBS KING,0.5872,0.0028,0.41
DIAMONDS TWO SPADES TEN,0.6362,0.0044,0.3594
DIAMONDS NINE CLUBS ACE,0.2362,0.1656,0.5982
HEARTS FIVE DIAMONDS FOUR,0.6154,0.0046,0.38
HEARTS JACK DIAMONDS JACK,0.312,0.0044,0.6836
SPADES NINE CLUBS QUEEN,0.575,0.0048,0.4202
DIAMONDS TWO SPADES JACK,0.629,0.0032,0.3678
DIAMONDS QUEEN DIAMONDS FOUR,0.586,0.0046,0.4094
HEARTS TWO DIAMONDS FOUR,0.6546,0.0042,0.3412
DIAMONDS NINE CLUBS QUEEN,0.5776,0.0052,0.4172
DIAMONDS KING DIAMONDS FOUR,0.5924,0.0046,0.403
HEARTS THREE DIAMONDS FOUR,0.6422,0.0052,0.3526
SPADES NINE CLUBS ACE,0.211,0.162,0.627
DIAMONDS NINE CLUBS KING,0.589,0.0042,0.4068
SPADES ACE DIAMONDS TWO,0.3802,0.371,0.2488
DIAMONDS JACK HEARTS QUEEN,0.5662,0.0042,0.4296
SPADES QUEEN DIAMONDS TWO,0.6474,0.003,0.3496
HEARTS KING DIAMONDS JACK,0.5646,0.0038,0.4316
SPADES KING DIAMONDS TWO,0.6406,0.0054,0.354
SPADES JACK SPADES SEVEN,0.5654,0.0044,0.4302
SPADES TEN SPADES SEVEN,0.5442,0.005,0.4508
CLUBS SEVEN CLUBS THREE,0.6136,0.0052,0.3812
CLUBS FIVE CLUBS THREE,0.6092,0.0046,0.3862
CLUBS THREE CLUBS FOUR,0.6024,0.0052,0.3924
CLUBS NINE CLUBS THREE,0.6084,0.0054,0.3862
CLUBS EIGHT CLUBS THREE,0.607,0.005,0.388
CLUBS THREE SPADES FIVE,0.6494,0.0042,0.3464
CLUBS THREE SPADES FOUR,0.6502,0.0052,0.3446
CLUBS THREE SPADES THREE,0.4556,0.0046,0.5398
CLUBS THREE SPADES TWO,0.6556,0.0062,0.3382
CLUBS THREE SPADES SIX,0.7244,0.0302,0.2454
CLUBS THREE SPADES SEVEN,0.633,0.0068,0.3602
SPADES EIGHT CLUBS THREE,0.6442,0.0032,0.3526
SPADES NINE CLUBS THREE,0.643,0.0046,0.3524
SPADES TWO DIAMONDS FOUR,0.641,0.0062,0.3528
SPADES THREE DIAMONDS FOUR,0.6442,0.0048,0.351
SPADES FOUR DIAMONDS FOUR,0.4566,0.004,0.5394
SPADES FIVE DIAMONDS FOUR,0.6352,0.0036,0.3612
SPADES SIX DIAMONDS FOUR,0.707,0.0276,0.2654
SPADES SEVEN DIAMONDS FOUR,0.6148,0.0046,0.3806
SPADES EIGHT DIAMONDS FOUR,0.625,0.0036,0.3714
SPADES NINE DIAMONDS FOUR,0.6404,0.0056,0.354
CLUBS FIVE DIAMONDS FOUR,0.619,0.0032,0.3778
CLUBS FOUR DIAMONDS FOUR,0.4508,0.0042,0.545
CLUBS SEVEN DIAMONDS FOUR,0.6166,0.0032,0.3802
CLUBS NINE DIAMONDS FOUR,0.632,0.0044,0.3636
CLUBS EIGHT DIAMONDS FOUR,0.6292,0.0044,0.3664
DIAMONDS FOUR HEARTS SEVEN,0.6024,0.004,0.3936
HEARTS SIX DIAMONDS FOUR,0.7066,0.0296,0.2638
HEARTS NINE DIAMONDS FOUR,0.6462,0.0046,0.3492
DIAMONDS FOUR HEARTS EIGHT,0.6318,0.0044,0.3638
CLUBS THREE DIAMONDS FOUR,0.6386,0.0048,0.3566
CLUBS TWO DIAMONDS FOUR,0.658,0.0052,0.3368
DIAMONDS TEN DIAMONDS FIVE,0.5898,0.0044,0.4058
DIAMONDS JACK DIAMONDS FIVE,0.5864,0.0044,0.4092
DIAMONDS NINE HEARTS QUEEN,0.5974,0.005,0.3976
HEARTS KING DIAMONDS NINE,0.5894,0.0048,0.4058
DIAMONDS NINE HEARTS TEN,0.5608,0.0056,0.4336
DIAMONDS NINE HEARTS JACK,0.576,0.0066,0.4174
CLUBS KING DIAMONDS SIX,0.7414,0.0256,0.233
CLUBS QUEEN DIAMONDS SIX,0.7332,0.0322,0.2346
CLUBS ACE DIAMONDS SIX,0.0096,0.971,0.0194
SPADES KING DIAMONDS FOUR,0.6342,0.0042,0.3616
SPADES ACE SPADES SEVEN,0.2172,0.285,0.4978
SPADES QUEEN DIAMONDS FOUR,0.6338,0.0024,0.3638
SPADES QUEEN SPADES SEVEN,0.5744,0.0028,0.4228
CLUBS JACK DIAMONDS SIX,0.7354,0.025,0.2396
SPADES KING SPADES SEVEN,0.5574,0.0038,0.4388
SPADES ACE DIAMONDS FOUR,0.3726,0.384,0.2434
CLUBS TEN DIAMONDS SIX,0.7218,0.0216,0.2566
CLUBS NINE CLUBS FOUR,0.6094,0.004,0.3866
CLUBS EIGHT CLUBS FOUR,0.5954,0.0042,0.4004
SPADES JACK DIAMONDS FOUR,0.6274,0.0024,0.3702
SPADES TEN DIAMONDS FOUR,0.6314,0.003,0.3656
CLUBS FIVE CLUBS FOUR,0.5932,0.0056,0.4012
CLUBS SEVEN CLUBS FOUR,0.5964,0.0048,0.3988
CLUBS SEVEN SPADES EIGHT,0.5682,0.0038,0.428
SPADES NINE CLUBS SEVEN,0.5802,0.0044,0.4154
CLUBS SEVEN SPADES SIX,0.686,0.0216,0.2924
CLUBS SEVEN SPADES SEVEN,0.3366,0.004,0.6594
CLUBS SEVEN SPADES FIVE,0.6076,0.0046,0.3878
CLUBS SEVEN SPADES FOUR,0.6192,0.0046,0.3762
CLUBS SEVEN SPADES THREE,0.6272,0.0042,0.3686
CLUBS SEVEN SPADES TWO,0.6424,0.0052,0.3524
CLUBS NINE CLUBS SEVEN,0.557,0.0042,0.4388
CLUBS EIGHT CLUBS SEVEN,0.5278,0.0054,0.4668
HEARTS SIX DIAMONDS FIVE,0.6944,0.024,0.2816
DIAMONDS FIVE HEARTS SEVEN,0.6186,0.0044,0.377
DIAMONDS FIVE HEARTS EIGHT,0.6212,0.0046,0.3742
HEARTS NINE DIAMONDS FIVE,0.6388,0.0048,0.3564
DIAMONDS QUEEN DIAMONDS FIVE,0.5876,0.0034,0.409
HEARTS TWO DIAMONDS FIVE,0.6502,0.0034,0.3464
HEARTS KING HEARTS EIGHT,0.5764,0.004,0.4196
DIAMONDS KING DIAMONDS FIVE,0.5952,0.0024,0.4024
HEARTS THREE DIAMONDS FIVE,0.6358,0.0052,0.359
HEARTS QUEEN HEARTS EIGHT,0.5506,0.0046,0.4448
DIAMONDS ACE DIAMONDS FIVE,0.3538,0.35,0.2962
HEARTS FOUR DIAMONDS FIVE,0.6208,0.005,0.3742
HEARTS FIVE DIAMONDS FIVE,0.4594,0.004,0.5366
CLUBS FOUR DIAMONDS FIVE,0.6308,0.0062,0.363
CLUBS FIVE DIAMONDS FIVE,0.4488,0.005,0.5462
CLUBS SEVEN DIAMONDS FIVE,0.6098,0.004,0.3862
CLUBS TWO DIAMONDS FIVE,0.6444,0.0036,0.352
CLUBS THREE DIAMONDS FIVE,0.632,0.005,0.363
SPADES THREE DIAMONDS FIVE,0.6444,0.0052,0.3504
SPADES TWO DIAMONDS FIVE,0.6496,0.0038,0.3466
SPADES JACK DIAMONDS EIGHT,0.5736,0.003,0.4234
SPADES FIVE DIAMONDS FIVE,0.4534,0.0034,0.5432
CLUBS TEN HEARTS JACK,0.5442,0.004,0.4518
SPADES TEN DIAMONDS EIGHT,0.5752,0.003,0.4218
SPADES FOUR DIAMONDS FIVE,0.6206,0.0042,0.3752
CLUBS JACK HEARTS JACK,0.2984,0.0066,0.695
HEARTS JACK CLUBS QUEEN,0.5498,0.0062,0.444
CLUBS NINE DIAMONDS FIVE,0.627,0.0044,0.3686
CLUBS EIGHT DIAMONDS FIVE,0.619,0.0028,0.3782
HEARTS JACK CLUBS KING,0.5654,0.0058,0.4288
HEARTS JACK CLUBS ACE,0.2334,0.089,0.6776
SPADES SEVEN DIAMONDS FIVE,0.6144,0.0032,0.3824
SPADES KING DIAMONDS EIGHT,0.5972,0.0026,0.4002
SPADES QUEEN DIAMONDS EIGHT,0.592,0.0038,0.4042
SPADES SIX DIAMONDS FIVE,0.6876,0.0246,0.2878
SPADES NINE DIAMONDS FIVE,0.6124,0.0026,0.385
SPADES EIGHT DIAMONDS FIVE,0.622,0.0036,0.3744
SPADES ACE DIAMONDS EIGHT,0.2318,0.2198,0.5484
DIAMONDS TEN DIAMONDS SIX,0.6782,0.023,0.2988
DIAMONDS JACK DIAMONDS SIX,0.686,0.0218,0.2922
HEARTS QUEEN DIAMONDS SEVEN,0.6116,0.0034,0.385
HEARTS KING DIAMONDS SEVEN,0.6092,0.0048,0.386
DIAMONDS ACE DIAMONDS SIX,0.0188,0.9116,0.0696
HEARTS FOUR DIAMONDS SIX,0.7126,0.0264,0.261
HEARTS JACK SPADES TWO,0.642,0.0046,0.3534
HEARTS FIVE DIAMONDS SIX,0.6858,0.0298,0.2844
SPADES TWO HEARTS TEN,0.6436,0.0032,0.3532
DIAMONDS QUEEN DIAMONDS SIX,0.6912,0.027,0.2818
HEARTS TWO DIAMONDS SIX,0.7476,0.025,0.2274
DIAMONDS KING DIAMONDS SIX,0.681,0.0314,0.2876
HEARTS THREE DIAMONDS SIX,0.7228,0.028,0.2492
HEARTS EIGHT DIAMONDS SIX,0.7004,0.0228,0.2768
HEARTS NINE DIAMONDS SIX,0.7164,0.0228,0.2608
HEARTS SIX DIAMONDS SIX,0.3134,0.03,0.6566
HEARTS SEVEN DIAMONDS SIX,0.6888,0.0234,0.2878
HEARTS TEN DIAMONDS SEVEN,0.5886,0.0036,0.4078
CLUBS TWO DIAMONDS SIX,0.7366,0.0326,0.2308
HEARTS JACK DIAMONDS SEVEN,0.5926,0.005,0.4024
CLUBS THREE DIAMONDS SIX,0.7238,0.0258,0.2504
CLUBS SEVEN DIAMONDS SIX,0.6816,0.0222,0.2962
CLUBS JACK DIAMONDS EIGHT,0.5692,0.0038,0.427
CLUBS TEN DIAMONDS EIGHT,0.5672,0.0032,0.4296
CLUBS FIVE DIAMONDS SIX,0.6818,0.0278,0.2904
CLUBS FOUR DIAMONDS SIX,0.708,0.0282,0.2638
DIAMONDS EIGHT CLUBS ACE,0.2252,0.2206,0.5542
HEARTS JACK HEARTS QUEEN,0.5364,0.0034,0.4602
DIAMONDS EIGHT CLUBS KING,0.5988,0.0056,0.3956
CLUBS NINE DIAMONDS SIX,0.71,0.018,0.272
HEARTS KING HEARTS JACK,0.5484,0.005,0.4466
CLUBS EIGHT DIAMONDS SIX,0.6874,0.0256,0.287
DIAMONDS EIGHT CLUBS QUEEN,0.5894,0.0024,0.4082
SPADES TEN HEARTS KING,0.5746,0.0032,0.4222
SPADES FIVE DIAMONDS SIX,0.6928,0.0252,0.282
SPADES JACK HEARTS KING,0.5608,0.0036,0.4356
SPADES FOUR DIAMONDS SIX,0.7102,0.027,0.2628
SPADES THREE DIAMONDS SIX,0.7226,0.0288,0.2486
HEARTS QUEEN SPADES TWO,0.6432,0.005,0.3518
SPADES ACE SPADES KING,0.2268,0.0394,0.7338
HEARTS KING SPADES TWO,0.6516,0.004,0.3444
SPADES TWO DIAMONDS SIX,0.7462,0.028,0.2258
HEARTS TEN HEARTS EIGHT,0.5522,0.006,0.4418
SPADES NINE DIAMONDS SIX,0.7104,0.0224,0.2672
HEARTS JACK HEARTS EIGHT,0.5526,0.0044,0.443
SPADES EIGHT DIAMONDS SIX,0.6974,0.0204,0.2822
SPADES SEVEN DIAMONDS SIX,0.688,0.0216,0.2904
SPADES SIX DIAMONDS SIX,0.3186,0.027,0.6544
SPADES KING HEARTS KING,0.2928,0.0022,0.705
SPADES QUEEN HEARTS KING,0.5658,0.005,0.4292
CLUBS ACE CLUBS KING,0.2438,0.0474,0.7088
SPADES ACE HEARTS KING,0.2522,0.0456,0.7022
SPADES ACE HEARTS JACK,0.2424,0.0928,0.6648
SPADES QUEEN HEARTS JACK,0.5518,0.0044,0.4438
SPADES KING HEARTS JACK,0.5696,0.0048,0.4256
SPADES TEN DIAMONDS TEN,0.3184,0.0032,0.6784
SPADES JACK DIAMONDS TEN,0.5512,0.0044,0.4444
SPADES ACE DIAMONDS TEN,0.2406,0.1132,0.6462
SPADES JACK HEARTS JACK,0.307,0.0036,0.6894
SPADES TEN HEARTS JACK,0.5528,0.0036,0.4436
SPADES QUEEN DIAMONDS TEN,0.5398,0.0022,0.458
SPADES KING DIAMONDS TEN,0.5674,0.0028,0.4298
SPADES NINE DIAMONDS SEVEN,0.5764,0.003,0.4206
SPADES EIGHT DIAMONDS SEVEN,0.5718,0.0026,0.4256
SPADES SEVEN DIAMONDS SEVEN,0.3396,0.0028,0.6576
SPADES SIX DIAMONDS SEVEN,0.6874,0.0188,0.2938
DIAMONDS KING DIAMONDS SEVEN,0.5658,0.0046,0.4296
HEARTS THREE DIAMONDS SEVEN,0.6396,0.0044,0.356
HEARTS KING DIAMONDS FIVE,0.6416,0.0042,0.3542
DIAMONDS QUEEN DIAMONDS SEVEN,0.572,0.0034,0.4246
HEARTS TWO DIAMONDS SEVEN,0.6596,0.0036,0.3368
HEARTS QUEEN DIAMONDS FIVE,0.644,0.0048,0.3512
HEARTS FIVE DIAMONDS SEVEN,0.609,0.0038,0.3872
DIAMONDS ACE DIAMONDS SEVEN,0.2092,0.2792,0.5116
HEARTS FOUR DIAMONDS SEVEN,0.6204,0.0036,0.376
HEARTS SEVEN DIAMONDS SEVEN,0.3554,0.0046,0.64
HEARTS SIX DIAMONDS SEVEN,0.6796,0.0214,0.299
HEARTS NINE DIAMONDS SEVEN,0.585,0.002,0.413
DIAMONDS SEVEN HEARTS EIGHT,0.576,0.0038,0.4202
DIAMONDS JACK DIAMONDS SEVEN,0.5546,0.0056,0.4398
HEARTS JACK DIAMONDS FIVE,0.6282,0.0036,0.3682
DIAMONDS TEN DIAMONDS SEVEN,0.549,0.0038,0.4472
DIAMONDS FIVE HEARTS TEN,0.6494,0.0044,0.3462
CLUBS EIGHT DIAMONDS SEVEN,0.5784,0.004,0.4176
SPADES KING CLUBS TWO,0.6526,0.0054,0.342
HEARTS KING CLUBS KING,0.2756,0.0052,0.7192
SPADES QUEEN CLUBS TWO,0.6368,0.0046,0.3586
HEARTS KING CLUBS QUEEN,0.5698,0.0054,0.4248
CLUBS NINE DIAMONDS SEVEN,0.5838,0.0032,0.413
CLUBS JACK SPADES TWO,0.6336,0.004,0.3624
SPADES ACE CLUBS TWO,0.3864,0.3726,0.241
CLUBS TEN SPADES TWO,0.6454,0.0036,0.351
HEARTS KING CLUBS ACE,0.2404,0.045,0.7146
SPADES TWO CLUBS KING,0.643,0.0046,0.3524
SPADES TWO DIAMONDS SEVEN,0.647,0.004,0.349
SPADES THREE DIAMONDS SEVEN,0.6288,0.002,0.3692
SPADES TWO CLUBS QUEEN,0.6258,0.005,0.3692
SPADES FOUR DIAMONDS SEVEN,0.6222,0.003,0.3748
CLUBS JACK HEARTS KING,0.5724,0.0042,0.4234
SPADES FIVE DIAMONDS SEVEN,0.6126,0.0026,0.3848
SPADES TWO CLUBS ACE,0.3824,0.3822,0.2354
CLUBS TEN HEARTS KING,0.5792,0.0036,0.4172
CLUBS TWO DIAMONDS SEVEN,0.6552,0.0056,0.3392
CLUBS THREE DIAMONDS SEVEN,0.639,0.0038,0.3572
CLUBS FOUR DIAMONDS SEVEN,0.628,0.0036,0.3684
CLUBS FIVE DIAMONDS SEVEN,0.6144,0.0054,0.3802
SPADES JACK CLUBS TWO,0.629,0.005,0.366
CLUBS SEVEN DIAMONDS SEVEN,0.3338,0.0036,0.6626
SPADES TEN CLUBS TWO,0.6464,0.0048,0.3488
CLUBS TWO CLUBS QUEEN,0.601,0.0062,0.3928
CLUBS TWO CLUBS KING,0.602,0.0062,0.3918
CLUBS THREE DIAMONDS EIGHT,0.646,0.0044,0.3496
CLUBS TWO CLUBS ACE,0.3596,0.355,0.2854
CLUBS TWO DIAMONDS EIGHT,0.645,0.0038,0.3512
DIAMONDS EIGHT HEARTS SEVEN,0.5726,0.0032,0.4242
HEARTS SIX DIAMONDS EIGHT,0.6986,0.026,0.2754
DIAMONDS EIGHT HEARTS NINE,0.5658,0.003,0.4312
CLUBS TEN CLUBS TWO,0.6012,0.0044,0.3944
DIAMONDS EIGHT HEARTS EIGHT,0.3536,0.0036,0.6428
CLUBS JACK CLUBS TWO,0.589,0.0058,0.4052
CLUBS NINE DIAMONDS EIGHT,0.5668,0.0028,0.4304
CLUBS EIGHT DIAMONDS EIGHT,0.325,0.0036,0.6714
CLUBS FIVE DIAMONDS EIGHT,0.623,0.0034,0.3736
SPADES ACE SPADES THREE,0.3548,0.362,0.2832
CLUBS FOUR DIAMONDS EIGHT,0.6266,0.0044,0.369
CLUBS SEVEN DIAMONDS EIGHT,0.567,0.0042,0.4288
SPADES QUEEN SPADES THREE,0.5838,0.005,0.4112
SPADES KING SPADES THREE,0.5898,0.0058,0.4044
DIAMONDS QUEEN DIAMONDS EIGHT,0.557,0.0038,0.4392
HEARTS TWO DIAMONDS EIGHT,0.6392,0.0048,0.356
DIAMONDS KING DIAMONDS EIGHT,0.5666,0.0046,0.4288
HEARTS THREE DIAMONDS EIGHT,0.6438,0.0038,0.3524
DIAMONDS ACE DIAMONDS EIGHT,0.2166,0.218,0.5654
HEARTS FOUR DIAMONDS EIGHT,0.6294,0.003,0.3676
HEARTS FIVE DIAMONDS EIGHT,0.6198,0.0028,0.3774
DIAMONDS EIGHT DIAMONDS TEN,0.5346,0.0038,0.4616
DIAMONDS EIGHT DIAMONDS JACK,0.5322,0.003,0.4648
SPADES JACK SPADES THREE,0.5832,0.0046,0.4122
SPADES TEN SPADES THREE,0.594,0.004,0.402
CLUBS FOUR HEARTS QUEEN,0.6532,0.0066,0.3402
CLUBS FOUR HEARTS KING,0.6392,0.0042,0.3566
DIAMONDS EIGHT SPADES FOUR,0.6274,0.0032,0.3694
SPADES FIVE DIAMONDS EIGHT,0.6164,0.003,0.3806
DIAMONDS EIGHT SPADES TWO,0.6406,0.0028,0.3566
DIAMONDS EIGHT SPADES THREE,0.6546,0.0028,0.3426
CLUBS FOUR HEARTS JACK,0.6392,0.0058,0.355
SPADES EIGHT DIAMONDS EIGHT,0.325,0.003,0.672
SPADES TEN DIAMONDS QUEEN,0.5594,0.0022,0.4384
SPADES TEN HEARTS TWO,0.6496,0.004,0.3464
SPADES JACK HEARTS EIGHT,0.5864,0.005,0.4086
CLUBS FOUR HEARTS TEN,0.6436,0.0054,0.351
SPADES NINE DIAMONDS EIGHT,0.5652,0.0034,0.4314
SPADES TEN HEARTS EIGHT,0.5788,0.0054,0.4158
SPADES JACK HEARTS TWO,0.6424,0.0044,0.3532
SPADES JACK DIAMONDS QUEEN,0.56,0.0034,0.4366
SPADES SIX DIAMONDS EIGHT,0.6808,0.0226,0.2966
SPADES SEVEN DIAMONDS EIGHT,0.5704,0.0028,0.4268
SPADES ACE HEARTS TWO,0.3856,0.3774,0.237
SPADES ACE DIAMONDS QUEEN,0.244,0.0602,0.6958
SPADES ACE HEARTS EIGHT,0.2384,0.213,0.5486
SPADES KING HEARTS EIGHT,0.611,0.0046,0.3844
SPADES QUEEN HEARTS TWO,0.649,0.0034,0.3476
SPADES QUEEN DIAMONDS QUEEN,0.3002,0.0028,0.697
SPADES KING DIAMONDS QUEEN,0.5786,0.003,0.4184
SPADES KING HEARTS TWO,0.6368,0.0044,0.3588
SPADES QUEEN HEARTS EIGHT,0.6054,0.0042,0.3904
CLUBS TWO HEARTS TEN,0.6514,0.006,0.3426
CLUBS TWO HEARTS JACK,0.6446,0.0052,0.3502
SPADES SEVEN DIAMONDS NINE,0.566,0.0016,0.4324
SPADES SIX DIAMONDS NINE,0.7002,0.0224,0.2774
SPADES NINE DIAMONDS NINE,0.322,0.0036,0.6744
SPADES EIGHT DIAMONDS NINE,0.5688,0.0024,0.4288
SPADES TEN CLUBS KING,0.566,0.003,0.431
DIAMONDS NINE SPADES THREE,0.6422,0.0028,0.355
SPADES JACK CLUBS KING,0.5628,0.003,0.4342
DIAMONDS NINE SPADES TWO,0.6408,0.0044,0.3548
DIAMONDS NINE SPADES FIVE,0.6278,0.0034,0.3688
DIAMONDS NINE SPADES FOUR,0.637,0.0024,0.3606
CLUBS NINE DIAMONDS NINE,0.3192,0.0036,0.6772
CLUBS EIGHT DIAMONDS NINE,0.5564,0.0038,0.4398
SPADES JACK CLUBS FOUR,0.6482,0.005,0.3468
CLUBS SEVEN DIAMONDS NINE,0.5862,0.0048,0.409
SPADES TEN CLUBS FOUR,0.6372,0.004,0.3588
CLUBS FOUR DIAMONDS NINE,0.6456,0.0044,0.35
CLUBS FIVE DIAMONDS NINE,0.6384,0.0036,0.358
DIAMONDS NINE CLUBS TWO,0.6442,0.0032,0.3526
CLUBS THREE DIAMONDS NINE,0.632,0.0042,0.3638
DIAMONDS NINE HEARTS EIGHT,0.5658,0.0044,0.4298
DIAMONDS NINE HEARTS NINE,0.3234,0.0038,0.6728
HEARTS SIX DIAMONDS NINE,0.7346,0.0214,0.244
DIAMONDS NINE HEARTS SEVEN,0.5762,0.0046,0.4192
CLUBS EIGHT CLUBS NINE,0.535,0.0046,0.4604
DIAMONDS ACE DIAMONDS NINE,0.2092,0.1528,0.638
HEARTS FOUR DIAMONDS NINE,0.6452,0.0038,0.351
HEARTS FIVE DIAMONDS NINE,0.632,0.005,0.363
SPADES ACE CLUBS FOUR,0.38,0.3814,0.2386
DIAMONDS QUEEN DIAMONDS NINE,0.5396,0.0022,0.4582
HEARTS TWO DIAMONDS NINE,0.6534,0.0034,0.3432
HEARTS KING CLUBS TWO,0.6546,0.0052,0.3402
SPADES KING CLUBS FOUR,0.6414,0.005,0.3536
DIAMONDS KING DIAMONDS NINE,0.5528,0.0044,0.4428
HEARTS THREE DIAMONDS NINE,0.6394,0.0052,0.3554
CLUBS TWO HEARTS QUEEN,0.6458,0.0048,0.3494
SPADES QUEEN CLUBS FOUR,0.6498,0.0046,0.3456
DIAMONDS NINE DIAMONDS JACK,0.5236,0.0032,0.4732
CLUBS EIGHT SPADES NINE,0.5698,0.0044,0.4258
DIAMONDS NINE DIAMONDS TEN,0.5282,0.0038,0.468
CLUBS EIGHT SPADES EIGHT,0.3392,0.0032,0.6576
CLUBS EIGHT SPADES SEVEN,0.57,0.0048,0.4252
CLUBS EIGHT SPADES SIX,0.6896,0.0242,0.2862
CLUBS EIGHT SPADES FIVE,0.623,0.0044,0.3726
CLUBS EIGHT SPADES FOUR,0.6374,0.0056,0.357
CLUBS EIGHT SPADES THREE,0.6366,0.0048,0.3586
CLUBS EIGHT SPADES TWO,0.6326,0.0052,0.3622
HEARTS SIX DIAMONDS TEN,0.7234,0.02,0.2566
DIAMONDS TEN HEARTS SEVEN,0.586,0.0064,0.4076
DIAMONDS TEN HEARTS EIGHT,0.5622,0.0032,0.4346
CLUBS JACK CLUBS FOUR,0.6082,0.0042,0.3876
DIAMONDS TEN HEARTS NINE,0.563,0.0044,0.4326
CLUBS TEN CLUBS FOUR,0.6124,0.0058,0.3818
CLUBS FOUR CLUBS KING,0.6006,0.004,0.3954
CLUBS FOUR CLUBS QUEEN,0.6198,0.004,0.3762
CLUBS TWO DIAMONDS TEN,0.64,0.0028,0.3572
CLUBS THREE DIAMONDS TEN,0.6394,0.0046,0.356
CLUBS FOUR CLUBS ACE,0.3618,0.368,0.2702
DIAMONDS JACK DIAMONDS TEN,0.5136,0.0036,0.4828
DIAMONDS QUEEN DIAMONDS TEN,0.5236,0.0032,0.4732
HEARTS TWO DIAMONDS TEN,0.6442,0.0036,0.3522
DIAMONDS KING DIAMONDS TEN,0.5394,0.0048,0.4558
HEARTS THREE DIAMONDS TEN,0.6306,0.0052,0.3642
DIAMONDS ACE DIAMONDS TEN,0.2278,0.108,0.6642
HEARTS FOUR DIAMONDS TEN,0.6286,0.0038,0.3676
CLUBS EIGHT HEARTS JACK,0.573,0.004,0.423
HEARTS FIVE DIAMONDS TEN,0.6432,0.0034,0.3534
CLUBS EIGHT HEARTS TEN,0.5708,0.006,0.4232
CLUBS EIGHT HEARTS QUEEN,0.5866,0.0044,0.409
CLUBS EIGHT HEARTS KING,0.5958,0.0036,0.4006
CLUBS NINE SPADES THREE,0.641,0.0048,0.3542
CLUBS NINE SPADES TWO,0.632,0.0058,0.3622
CLUBS NINE SPADES FIVE,0.6236,0.0042,0.3722
CLUBS NINE SPADES FOUR,0.643,0.004,0.353
CLUBS NINE SPADES SEVEN,0.5702,0.0036,0.4262
CLUBS NINE SPADES SIX,0.7008,0.023,0.2762
CLUBS NINE SPADES NINE,0.3274,0.0022,0.6704
CLUBS TEN HEARTS EIGHT,0.5666,0.0022,0.4312
CLUBS NINE SPADES EIGHT,0.5602,0.0046,0.4352
CLUBS JACK HEARTS EIGHT,0.5754,0.003,0.4216
CLUBS QUEEN HEARTS EIGHT,0.593,0.0054,0.4016
CLUBS KING HEARTS EIGHT,0.597,0.0046,0.3984
CLUBS ACE HEARTS EIGHT,0.2292,0.2192,0.5516
SPADES KING CLUBS KING,0.2756,0.0022,0.7222
SPADES QUEEN CLUBS KING,0.57,0.0052,0.4248
SPADES ACE CLUBS KING,0.232,0.0478,0.7202
DIAMONDS ACE HEARTS TEN,0.2366,0.1168,0.6466
HEARTS FOUR HEARTS TEN,0.6062,0.0062,0.3876
DIAMONDS ACE HEARTS JACK,0.2354,0.0806,0.684
HEARTS FOUR HEARTS JACK,0.6014,0.0038,0.3948
SPADES KING CLUBS FIVE,0.6316,0.0042,0.3642
SPADES QUEEN CLUBS FIVE,0.64,0.0038,0.3562
SPADES ACE CLUBS FIVE,0.3796,0.3932,0.2272
DIAMONDS JACK HEARTS SEVEN,0.5984,0.0046,0.397
HEARTS SIX DIAMONDS JACK,0.7442,0.0234,0.2324
DIAMONDS JACK HEARTS NINE,0.5758,0.004,0.4202
DIAMONDS JACK HEARTS EIGHT,0.5824,0.0024,0.4152
DIAMONDS KING DIAMONDS JACK,0.5332,0.0046,0.4622
HEARTS THREE DIAMONDS JACK,0.6392,0.0054,0.3554
SPADES ACE SPADES SIX,0.019,0.908,0.073
DIAMONDS QUEEN DIAMONDS JACK,0.5102,0.0042,0.4856
HEARTS TWO DIAMONDS JACK,0.6418,0.0032,0.355
HEARTS FIVE DIAMONDS JACK,0.6292,0.0064,0.3644
SPADES QUEEN SPADES SIX,0.6742,0.0284,0.2974
SPADES FOUR HEARTS QUEEN,0.6344,0.0042,0.3614
DIAMONDS ACE DIAMONDS JACK,0.2248,0.0788,0.6964
HEARTS FOUR DIAMONDS JACK,0.6436,0.0052,0.3512
SPADES KING SPADES SIX,0.7042,0.0258,0.27
HEARTS KING SPADES FOUR,0.6422,0.0048,0.353
SPADES TEN SPADES SIX,0.6764,0.0228,0.3008
SPADES JACK SPADES SIX,0.6922,0.0236,0.2842
SPADES FOUR DIAMONDS JACK,0.619,0.0036,0.3774
SPADES FIVE DIAMONDS JACK,0.6222,0.0032,0.3746
DIAMONDS JACK SPADES TWO,0.6324,0.0046,0.363
DIAMONDS JACK SPADES THREE,0.6384,0.0048,0.3568
SPADES ACE DIAMONDS THREE,0.3742,0.381,0.2448
CLUBS EIGHT DIAMONDS JACK,0.579,0.005,0.416
SPADES QUEEN DIAMONDS THREE,0.6314,0.0036,0.365
SPADES KING DIAMONDS THREE,0.6342,0.0046,0.3612
CLUBS NINE DIAMONDS JACK,0.5714,0.0034,0.4252
CLUBS SEVEN DIAMONDS JACK,0.5842,0.0028,0.413
CLUBS FOUR DIAMONDS JACK,0.6386,0.0048,0.3566
CLUBS FIVE DIAMONDS JACK,0.633,0.003,0.364
CLUBS TWO DIAMONDS JACK,0.6382,0.005,0.3568
CLUBS THREE DIAMONDS JACK,0.6304,0.0058,0.3638
SPADES TEN CLUBS FIVE,0.6334,0.0052,0.3614
HEARTS SIX SPADES JACK,0.7386,0.0254,0.236
HEARTS SIX SPADES TEN,0.726,0.023,0.251
SPADES JACK CLUBS FIVE,0.6324,0.0038,0.3638
SPADES JACK DIAMONDS THREE,0.6236,0.0056,0.3708
CLUBS SEVEN CLUBS ACE,0.2166,0.275,0.5084
DIAMONDS THREE SPADES TEN,0.6336,0.003,0.3634
CLUBS SEVEN CLUBS QUEEN,0.5618,0.0044,0.4338
CLUBS SEVEN CLUBS KING,0.5846,0.0034,0.412
SPADES NINE DIAMONDS JACK,0.5592,0.0038,0.437
CLUBS TEN CLUBS SEVEN,0.5534,0.0054,0.4412
SPADES EIGHT DIAMONDS JACK,0.5834,0.0032,0.4134
SPADES ACE HEARTS SIX,0.0172,0.9742,0.0086
CLUBS JACK CLUBS SEVEN,0.553,0.0052,0.4418
DIAMONDS ACE HEARTS KING,0.2432,0.0448,0.712
HEARTS FOUR HEARTS KING,0.6052,0.005,0.3898
SPADES SEVEN DIAMONDS JACK,0.6032,0.003,0.3938
SPADES KING HEARTS SIX,0.7368,0.0292,0.234
DIAMONDS ACE HEARTS QUEEN,0.2428,0.0602,0.697
HEARTS FOUR HEARTS QUEEN,0.5922,0.0048,0.403
SPADES QUEEN HEARTS SIX,0.748,0.031,0.221
SPADES SIX DIAMONDS JACK,0.7536,0.022,0.2244
DIAMONDS TEN SPADES TWO,0.636,0.0044,0.3596
SPADES THREE DIAMONDS TEN,0.6206,0.003,0.3764
SPADES FOUR DIAMONDS TEN,0.6414,0.0026,0.356
SPADES FIVE DIAMONDS TEN,0.6344,0.0024,0.3632
SPADES SIX DIAMONDS TEN,0.7182,0.0248,0.257
SPADES SEVEN DIAMONDS TEN,0.597,0.0038,0.3992
SPADES EIGHT DIAMONDS TEN,0.5682,0.0022,0.4296
SPADES NINE DIAMONDS TEN,0.5474,0.003,0.4496
CLUBS FOUR DIAMONDS TEN,0.6418,0.005,0.3532
CLUBS FIVE DIAMONDS TEN,0.642,0.0032,0.3548
CLUBS SEVEN DIAMONDS TEN,0.5732,0.0022,0.4246
CLUBS EIGHT DIAMONDS TEN,0.5618,0.0034,0.4348
CLUBS NINE DIAMONDS TEN,0.5426,0.0056,0.4518
CLUBS JACK DIAMONDS THREE,0.6396,0.0042,0.3562
CLUBS TEN DIAMONDS THREE,0.6256,0.0044,0.37
DIAMONDS THREE CLUBS KING,0.6338,0.0052,0.361
DIAMONDS THREE CLUBS QUEEN,0.6424,0.0048,0.3528
DIAMONDS THREE CLUBS ACE,0.3654,0.3842,0.2504
SPADES FOUR HEARTS JACK,0.6294,0.003,0.3676
SPADES FOUR HEARTS TEN,0.6402,0.0044,0.3554
SPADES FIVE SPADES TWO,0.6128,0.0044,0.3828
SPADES FOUR SPADES TWO,0.6114,0.0042,0.3844
SPADES THREE SPADES TWO,0.5944,0.0068,0.3988
SPADES NINE SPADES TWO,0.6008,0.0054,0.3938
SPADES EIGHT SPADES TWO,0.5918,0.0036,0.4046
SPADES SEVEN SPADES TWO,0.613,0.003,0.384
SPADES SIX SPADES TWO,0.6994,0.0282,0.2724
DIAMONDS QUEEN CLUBS THREE,0.6418,0.0032,0.355
CLUBS THREE HEARTS TWO,0.6506,0.007,0.3424
DIAMONDS QUEEN CLUBS TWO,0.6248,0.004,0.3712
HEARTS TWO CLUBS TWO,0.4612,0.0068,0.532
DIAMONDS QUEEN HEARTS SEVEN,0.617,0.0056,0.3774
HEARTS TWO HEARTS SEVEN,0.6276,0.0044,0.368
HEARTS SIX DIAMONDS QUEEN,0.7414,0.0318,0.2268
HEARTS SIX HEARTS TWO,0.7062,0.0306,0.2632
DIAMONDS QUEEN HEARTS NINE,0.5846,0.0036,0.4118
HEARTS TWO HEARTS NINE,0.61,0.0072,0.3828
DIAMONDS QUEEN HEARTS EIGHT,0.603,0.0034,0.3936
HEARTS TWO HEARTS EIGHT,0.609,0.0046,0.3864
CLUBS NINE HEARTS TWO,0.6432,0.006,0.3508
CLUBS NINE DIAMONDS QUEEN,0.5752,0.004,0.4208
CLUBS EIGHT DIAMONDS QUEEN,0.5876,0.004,0.4084
CLUBS EIGHT HEARTS TWO,0.6428,0.0036,0.3536
CLUBS FIVE DIAMONDS QUEEN,0.622,0.0076,0.3704
CLUBS FIVE HEARTS TWO,0.6524,0.007,0.3406
DIAMONDS QUEEN CLUBS FOUR,0.6384,0.004,0.3576
HEARTS TWO CLUBS FOUR,0.66,0.0074,0.3326
CLUBS SEVEN DIAMONDS QUEEN,0.6052,0.0032,0.3916
CLUBS SEVEN HEARTS TWO,0.6426,0.0058,0.3516
SPADES EIGHT HEARTS QUEEN,0.61,0.0036,0.3864
SPADES EIGHT HEARTS KING,0.6064,0.003,0.3906
HEARTS TWO SPADES SIX,0.7368,0.026,0.2372
DIAMONDS QUEEN SPADES SIX,0.7322,0.0296,0.2382
HEARTS FOUR CLUBS QUEEN,0.643,0.0044,0.3526
DIAMONDS ACE CLUBS QUEEN,0.2384,0.0658,0.6958
DIAMONDS QUEEN SPADES SEVEN,0.6112,0.0032,0.3856
HEARTS TWO SPADES SEVEN,0.662,0.0054,0.3326
HEARTS FOUR CLUBS KING,0.6296,0.004,0.3664
DIAMONDS ACE CLUBS KING,0.2444,0.0478,0.7078
DIAMONDS QUEEN SPADES EIGHT,0.5936,0.0032,0.4032
SPADES EIGHT HEARTS TWO,0.6384,0.0038,0.3578
HEARTS FOUR CLUBS ACE,0.3776,0.386,0.2364
DIAMONDS ACE CLUBS ACE,0.0514,0.0108,0.9378
SPADES NINE DIAMONDS QUEEN,0.5876,0.0028,0.4096
SPADES NINE HEARTS TWO,0.641,0.0036,0.3554
HEARTS TWO SPADES TWO,0.4826,0.0058,0.5116
DIAMONDS QUEEN SPADES TWO,0.642,0.0048,0.3532
HEARTS TWO SPADES THREE,0.655,0.0048,0.3402
DIAMONDS QUEEN SPADES THREE,0.6462,0.0038,0.35
HEARTS TWO SPADES FOUR,0.6584,0.0046,0.337
DIAMONDS QUEEN SPADES FOUR,0.6324,0.0048,0.3628
CLUBS TEN HEARTS FOUR,0.6402,0.005,0.3548
CLUBS TEN DIAMONDS ACE,0.221,0.1146,0.6644
HEARTS TWO SPADES FIVE,0.6588,0.0032,0.338
DIAMONDS QUEEN SPADES FIVE,0.6414,0.0038,0.3548
HEARTS FOUR CLUBS JACK,0.6282,0.005,0.3668
CLUBS JACK DIAMONDS ACE,0.23,0.0876,0.6824
CLUBS FIVE CLUBS KING,0.6098,0.0046,0.3856
CLUBS FIVE CLUBS QUEEN,0.6034,0.0052,0.3914
CLUBS FIVE CLUBS ACE,0.352,0.3684,0.2796
CLUBS JACK CLUBS FIVE,0.591,0.005,0.404
CLUBS TEN CLUBS FIVE,0.6068,0.0046,0.3886
SPADES KING CLUBS JACK,0.5532,0.0038,0.443
CLUBS JACK SPADES QUEEN,0.5618,0.0052,0.433
SPADES ACE CLUBS JACK,0.2376,0.0802,0.6822
SPADES SIX CLUBS KING,0.7362,0.0306,0.2332
SPADES SIX CLUBS QUEEN,0.7366,0.0292,0.2342
SPADES EIGHT HEARTS JACK,0.5782,0.0024,0.4194
SPADES SIX CLUBS ACE,0.008,0.9712,0.0208
SPADES EIGHT HEARTS TEN,0.5686,0.0036,0.4278
CLUBS JACK SPADES SIX,0.7278,0.025,0.2472
CLUBS TEN SPADES SIX,0.7134,0.0246,0.262
CLUBS JACK SPADES TEN,0.5424,0.0038,0.4538
CLUBS JACK SPADES JACK,0.288,0.0046,0.7074
SPADES QUEEN CLUBS SEVEN,0.5974,0.0024,0.4002
SPADES KING CLUBS SEVEN,0.603,0.003,0.394
SPADES ACE CLUBS SEVEN,0.2232,0.3014,0.4754
SPADES SIX HEARTS TEN,0.726,0.0194,0.2546
SPADES SIX HEARTS JACK,0.7384,0.0254,0.2362
SPADES SIX HEARTS KING,0.7438,0.0292,0.227
SPADES SIX HEARTS QUEEN,0.7506,0.027,0.2224
SPADES JACK CLUBS SEVEN,0.5864,0.0036,0.41
SPADES TEN CLUBS SEVEN,0.5804,0.0046,0.415
CLUBS TEN HEARTS SIX,0.7292,0.027,0.2438
CLUBS JACK HEARTS SIX,0.741,0.0278,0.2312
CLUBS JACK CLUBS ACE,0.224,0.083,0.693
HEARTS SIX CLUBS QUEEN,0.7338,0.0346,0.2316
HEARTS SIX CLUBS KING,0.7354,0.0308,0.2338
HEARTS SIX CLUBS ACE,0.0076,0.9856,0.0068
CLUBS JACK CLUBS QUEEN,0.5198,0.0038,0.4764
CLUBS JACK CLUBS KING,0.5452,0.004,0.4508
DIAMONDS THREE HEARTS QUEEN,0.6468,0.0034,0.3498
DIAMONDS THREE HEARTS KING,0.6468,0.0042,0.349
CLUBS FIVE HEARTS JACK,0.6506,0.0062,0.3432
SPADES TEN DIAMONDS ACE,0.2338,0.1106,0.6556
HEARTS FOUR SPADES TEN,0.6458,0.0034,0.3508
CLUBS FIVE HEARTS TEN,0.6636,0.0054,0.331
HEARTS FOUR SPADES JACK,0.631,0.0036,0.3654
SPADES JACK DIAMONDS ACE,0.2356,0.0844,0.68
SPADES ACE HEARTS FOUR,0.395,0.367,0.238
SPADES ACE DIAMONDS ACE,0.0636,0.0068,0.9296
CLUBS FIVE HEARTS KING,0.6418,0.006,0.3522
HEARTS FOUR SPADES QUEEN,0.6372,0.0038,0.359
SPADES QUEEN DIAMONDS ACE,0.251,0.0642,0.6848
CLUBS JACK SPADES FOUR,0.629,0.0044,0.3666
CLUBS FIVE HEARTS QUEEN,0.6536,0.0042,0.3422
SPADES KING DIAMONDS ACE,0.254,0.0432,0.7028
HEARTS FOUR SPADES KING,0.6462,0.0044,0.3494
CLUBS TEN SPADES FOUR,0.6168,0.005,0.3782
DIAMONDS QUEEN DIAMONDS ACE,0.2328,0.055,0.7122
HEARTS TWO DIAMONDS ACE,0.387,0.3738,0.2392
HEARTS FOUR DIAMONDS QUEEN,0.6344,0.004,0.3616
HEARTS FOUR HEARTS TWO,0.6184,0.0036,0.378
DIAMONDS THREE HEARTS TEN,0.6452,0.005,0.3498
SPADES FOUR CLUBS KING,0.6154,0.0048,0.3798
HEARTS FIVE DIAMONDS QUEEN,0.6414,0.0044,0.3542
HEARTS FIVE HEARTS TWO,0.6174,0.0044,0.3782
DIAMONDS THREE HEARTS JACK,0.6408,0.006,0.3532
SPADES FOUR CLUBS QUEEN,0.6314,0.0044,0.3642
DIAMONDS QUEEN HEARTS TWO,0.6458,0.003,0.3512
DIAMONDS KING DIAMONDS QUEEN,0.537,0.0052,0.4578
DIAMONDS KING HEARTS TWO,0.6382,0.0056,0.3562
HEARTS THREE DIAMONDS QUEEN,0.6508,0.0044,0.3448
HEARTS THREE HEARTS TWO,0.6322,0.007,0.3608
SPADES FOUR CLUBS ACE,0.3744,0.3772,0.2484
HEARTS TWO CLUBS ACE,0.3734,0.386,0.2406
DIAMONDS QUEEN CLUBS ACE,0.2372,0.0628,0.7
HEARTS TWO CLUBS QUEEN,0.6402,0.0052,0.3546
DIAMONDS QUEEN CLUBS QUEEN,0.296,0.0042,0.6998
HEARTS TWO CLUBS KING,0.6316,0.007,0.3614
DIAMONDS QUEEN CLUBS KING,0.5672,0.0048,0.428
SPADES EIGHT SPADES FIVE,0.5786,0.0026,0.4188
CLUBS TEN HEARTS TWO,0.646,0.0056,0.3484
CLUBS TEN DIAMONDS QUEEN,0.5606,0.0032,0.4362
SPADES NINE SPADES FIVE,0.5786,0.0048,0.4166
CLUBS JACK HEARTS TWO,0.6408,0.0042,0.355
CLUBS JACK DIAMONDS QUEEN,0.5564,0.0046,0.439
SPADES SIX SPADES FIVE,0.6568,0.0212,0.322
SPADES SEVEN SPADES FIVE,0.5722,0.004,0.4238
DIAMONDS FIVE CLUBS QUEEN,0.6398,0.0042,0.356
SPADES EIGHT CLUBS ACE,0.2182,0.226,0.5558
DIAMONDS FIVE CLUBS KING,0.643,0.0044,0.3526
SPADES EIGHT CLUBS KING,0.612,0.0034,0.3846
DIAMONDS FIVE CLUBS ACE,0.3602,0.3836,0.2562
SPADES EIGHT CLUBS QUEEN,0.5998,0.0028,0.3974
CLUBS JACK SPADES EIGHT,0.564,0.0034,0.4326
CLUBS TEN SPADES EIGHT,0.5778,0.003,0.4192
CLUBS TEN DIAMONDS FIVE,0.6426,0.0034,0.354
CLUBS JACK DIAMONDS FIVE,0.6276,0.003,0.3694
HEARTS JACK DIAMONDS TEN,0.5568,0.0038,0.4394
DIAMONDS TEN HEARTS TEN,0.3176,0.004,0.6784
SPADES ACE CLUBS NINE,0.2348,0.1662,0.599
SPADES QUEEN CLUBS NINE,0.5726,0.0032,0.4242
SPADES KING CLUBS NINE,0.589,0.0034,0.4076
HEARTS SIX HEARTS KING,0.6978,0.0304,0.2718
DIAMONDS KING SPADES SEVEN,0.5992,0.0042,0.3966
HEARTS THREE SPADES SEVEN,0.6432,0.0062,0.3506
SPADES KING DIAMONDS SEVEN,0.6154,0.003,0.3816
HEARTS SIX HEARTS QUEEN,0.6944,0.0302,0.2754
SPADES QUEEN DIAMONDS SEVEN,0.611,0.003,0.386
HEARTS THREE SPADES SIX,0.729,0.027,0.244
DIAMONDS KING SPADES SIX,0.727,0.0294,0.2436
DIAMONDS KING SPADES NINE,0.5976,0.0034,0.399
HEARTS THREE SPADES NINE,0.6438,0.0038,0.3524
