opposingHand,winningChance,drawChance,lostChance
CLUBS EIGHT DIAMONDS QUEEN
HEARTS FIVE SPADES TEN,0.6466,0.0098,0.3436
HEARTS FIVE SPADES JACK,0.6294,0.0098,0.3608
CLUBS JACK SPADES FIVE,0.635,0.0124,0.3526
CLUBS TEN SPADES FIVE,0.6272,0.009,0.3638
SPADES FIVE CLUBS ACE,0.397,0.0044,0.5986
SPADES FIVE CLUBS KING,0.3958,0.0076,0.5966
SPADES FIVE CLUBS QUEEN,0.537,0.2196,0.2434
DIAMONDS TWO DIAMONDS THREE,0.6166,0.012,0.3714
DIAMONDS TWO DIAMONDS FIVE,0.612,0.0114,0.3766
HEARTS FIVE SPADES KING,0.4084,0.0072,0.5844
DIAMONDS TWO DIAMONDS FOUR,0.6122,0.0126,0.3752
HEARTS FIVE SPADES QUEEN,0.5426,0.215,0.2424
DIAMONDS TWO DIAMONDS SEVEN,0.6514,0.011,0.3376
DIAMONDS TWO DIAMONDS SIX,0.6246,0.0124,0.363
SPADES ACE HEARTS FIVE,0.3942,0.0022,0.6036
DIAMONDS TWO DIAMONDS NINE,0.6102,0.0128,0.377
DIAMONDS TWO DIAMONDS EIGHT,0.6828,0.048,0.2692
DIAMONDS THREE DIAMONDS FOUR,0.6042,0.0114,0.3844
CLUBS TWO SPADES FOUR,0.643,0.0122,0.3448
DIAMONDS THREE DIAMONDS FIVE,0.6074,0.0118,0.3808
SPADES FIVE CLUBS TWO,0.6508,0.0124,0.3368
CLUBS TWO SPADES TWO,0.4554,0.0224,0.5222
CLUBS TWO SPADES THREE,0.6456,0.0134,0.341
DIAMONDS THREE DIAMONDS EIGHT,0.6912,0.0488,0.26
SPADES EIGHT CLUBS TWO,0.7298,0.0512,0.219
DIAMONDS THREE DIAMONDS NINE,0.603,0.0118,0.3852
SPADES NINE CLUBS TWO,0.6412,0.0088,0.35
DIAMONDS THREE DIAMONDS SIX,0.6144,0.0142,0.3714
SPADES SIX CLUBS TWO,0.6734,0.0116,0.315
DIAMONDS THREE DIAMONDS SEVEN,0.6276,0.012,0.3604
SPADES SEVEN CLUBS TWO,0.6636,0.01,0.3264
CLUBS SIX CLUBS TWO,0.6268,0.013,0.3602
CLUBS SEVEN CLUBS TWO,0.6432,0.0096,0.3472
CLUBS FOUR CLUBS TWO,0.6112,0.0128,0.376
CLUBS FIVE CLUBS TWO,0.6138,0.0146,0.3716
CLUBS TEN CLUBS JACK,0.5282,0.009,0.4628
DIAMONDS FOUR DIAMONDS SIX,0.595,0.0138,0.3912
CLUBS TEN CLUBS QUEEN,0.2082,0.1154,0.6764
DIAMONDS FOUR DIAMONDS SEVEN,0.6182,0.0158,0.366
CLUBS TEN CLUBS KING,0.3314,0.0058,0.6628
CLUBS TEN CLUBS ACE,0.3444,0.0048,0.6508
DIAMONDS FIVE DIAMONDS FOUR,0.5894,0.0144,0.3962
CLUBS NINE CLUBS TWO,0.6108,0.0108,0.3784
DIAMONDS NINE DIAMONDS FOUR,0.615,0.009,0.376
DIAMONDS EIGHT DIAMONDS FOUR,0.6788,0.0496,0.2716
CLUBS THREE CLUBS TWO,0.6128,0.0134,0.3738
DIAMONDS NINE DIAMONDS FIVE,0.594,0.014,0.392
CLUBS JACK DIAMONDS TWO,0.6402,0.0128,0.347
DIAMONDS EIGHT DIAMONDS FIVE,0.6658,0.0472,0.287
CLUBS TEN DIAMONDS TWO,0.6434,0.0122,0.3444
DIAMONDS FIVE DIAMONDS SEVEN,0.6106,0.0136,0.3758
DIAMONDS FIVE DIAMONDS SIX,0.5912,0.0132,0.3956
DIAMONDS TWO CLUBS ACE,0.4104,0.0046,0.585
DIAMONDS TWO CLUBS KING,0.4116,0.0076,0.5808
DIAMONDS TWO CLUBS QUEEN,0.5548,0.221,0.2242
DIAMONDS EIGHT DIAMONDS SIX,0.6528,0.0434,0.3038
DIAMONDS NINE DIAMONDS SIX,0.5918,0.0092,0.399
HEARTS ACE SPADES THREE,0.4052,0.0034,0.5914
SPADES THREE HEARTS KING,0.4184,0.0066,0.575
DIAMONDS SEVEN DIAMONDS SIX,0.5992,0.0132,0.3876
HEARTS QUEEN SPADES THREE,0.5396,0.235,0.2254
SPADES THREE HEARTS JACK,0.646,0.0084,0.3456
SPADES THREE HEARTS TEN,0.634,0.0128,0.3532
DIAMONDS EIGHT DIAMONDS SEVEN,0.669,0.0454,0.2856
DIAMONDS NINE DIAMONDS SEVEN,0.6002,0.01,0.3898
DIAMONDS NINE DIAMONDS EIGHT,0.6474,0.0406,0.312
DIAMONDS KING HEARTS TEN,0.3422,0.0054,0.6524
HEARTS THREE HEARTS TEN,0.6046,0.009,0.3864
SPADES JACK CLUBS SIX,0.65,0.0124,0.3376
DIAMONDS KING HEARTS JACK,0.3464,0.0074,0.6462
HEARTS THREE HEARTS JACK,0.6162,0.0094,0.3744
SPADES TEN CLUBS SIX,0.6402,0.009,0.3508
SPADES JACK SPADES FIVE,0.59,0.0116,0.3984
SPADES TEN SPADES FIVE,0.5936,0.0122,0.3942
DIAMONDS KING HEARTS ACE,0.3204,0.0042,0.6754
HEARTS THREE HEARTS ACE,0.3884,0.0032,0.6084
SPADES ACE CLUBS SIX,0.4066,0.0038,0.5896
DIAMONDS KING HEARTS QUEEN,0.2254,0.0218,0.7528
HEARTS THREE HEARTS QUEEN,0.525,0.208,0.267
SPADES KING CLUBS SIX,0.4096,0.0068,0.5836
DIAMONDS KING HEARTS KING,0.142,0.0044,0.8536
HEARTS THREE HEARTS KING,0.3864,0.0056,0.608
SPADES QUEEN CLUBS SIX,0.5524,0.2236,0.224
SPADES NINE HEARTS TEN,0.5598,0.0072,0.433
SPADES NINE HEARTS JACK,0.5994,0.0094,0.3912
SPADES QUEEN SPADES FIVE,0.5116,0.2132,0.2752
SPADES KING SPADES FIVE,0.3726,0.0064,0.621
SPADES ACE SPADES FIVE,0.3744,0.0046,0.621
SPADES NINE HEARTS QUEEN,0.2394,0.1588,0.6018
SPADES NINE HEARTS KING,0.353,0.0062,0.6408
SPADES NINE HEARTS ACE,0.355,0.0032,0.6418
CLUBS TEN SPADES JACK,0.5494,0.0104,0.4402
CLUBS TEN SPADES TEN,0.295,0.0112,0.6938
SPADES ACE CLUBS TEN,0.353,0.0042,0.6428
CLUBS TEN SPADES KING,0.3468,0.0054,0.6478
CLUBS TEN SPADES QUEEN,0.2258,0.1272,0.647
SPADES FIVE HEARTS QUEEN,0.5564,0.2182,0.2254
SPADES FIVE HEARTS KING,0.411,0.0052,0.5838
HEARTS ACE SPADES FIVE,0.3984,0.0038,0.5978
SPADES JACK HEARTS THREE,0.635,0.0134,0.3516
SPADES JACK DIAMONDS KING,0.35,0.0072,0.6428
SPADES TEN DIAMONDS KING,0.336,0.0058,0.6582
SPADES TEN HEARTS THREE,0.641,0.0116,0.3474
CLUBS SIX HEARTS ACE,0.4066,0.0038,0.5896
HEARTS FIVE CLUBS JACK,0.6362,0.0092,0.3546
CLUBS TEN HEARTS FIVE,0.6338,0.0112,0.355
CLUBS SIX HEARTS QUEEN,0.558,0.216,0.226
CLUBS TEN SPADES THREE,0.631,0.0128,0.3562
CLUBS SIX HEARTS KING,0.3992,0.0064,0.5944
CLUBS JACK SPADES THREE,0.6372,0.01,0.3528
DIAMONDS TWO HEARTS JACK,0.645,0.0102,0.3448
SPADES THREE CLUBS QUEEN,0.5302,0.227,0.2428
DIAMONDS TWO HEARTS TEN,0.6452,0.0098,0.345
SPADES THREE CLUBS KING,0.406,0.0072,0.5868
HEARTS FIVE CLUBS ACE,0.3918,0.0044,0.6038
SPADES FIVE HEARTS TEN,0.6336,0.0116,0.3548
SPADES THREE CLUBS ACE,0.4118,0.0048,0.5834
HEARTS FIVE CLUBS KING,0.3878,0.0056,0.6066
SPADES FIVE HEARTS JACK,0.6294,0.0094,0.3612
HEARTS FIVE CLUBS QUEEN,0.5402,0.2254,0.2344
HEARTS THREE CLUBS KING,0.4016,0.0086,0.5898
DIAMONDS KING CLUBS KING,0.1472,0.0032,0.8496
HEARTS THREE CLUBS QUEEN,0.5548,0.2258,0.2194
DIAMONDS KING CLUBS QUEEN,0.2194,0.0286,0.752
HEARTS FIVE HEARTS JACK,0.5944,0.0114,0.3942
HEARTS FIVE HEARTS TEN,0.5932,0.0134,0.3934
HEARTS THREE CLUBS ACE,0.3962,0.0048,0.599
DIAMONDS KING CLUBS ACE,0.3254,0.0064,0.6682
SPADES ACE CLUBS QUEEN,0.2384,0.018,0.7436
SPADES KING CLUBS QUEEN,0.2308,0.023,0.7462
CLUBS JACK HEARTS THREE,0.618,0.0114,0.3706
CLUBS JACK DIAMONDS KING,0.334,0.005,0.661
SPADES QUEEN CLUBS QUEEN,0.096,0.0244,0.8796
CLUBS TEN HEARTS THREE,0.6306,0.0124,0.357
CLUBS TEN DIAMONDS KING,0.3372,0.0082,0.6546
SPADES JACK CLUBS QUEEN,0.2192,0.085,0.6958
CLUBS SIX CLUBS QUEEN,0.516,0.2116,0.2724
SPADES TEN CLUBS QUEEN,0.2172,0.1272,0.6556
CLUBS SIX CLUBS KING,0.3828,0.0082,0.609
CLUBS SIX CLUBS ACE,0.3726,0.0032,0.6242
HEARTS FIVE HEARTS KING,0.383,0.0052,0.6118
HEARTS FIVE HEARTS QUEEN,0.5056,0.2148,0.2796
CLUBS TEN CLUBS SIX,0.5934,0.0104,0.3962
HEARTS FIVE HEARTS ACE,0.3796,0.0034,0.617
CLUBS JACK CLUBS SIX,0.6134,0.0112,0.3754
SPADES SEVEN HEARTS JACK,0.6136,0.007,0.3794
SPADES SEVEN HEARTS TEN,0.6202,0.008,0.3718
DIAMONDS TWO CLUBS TWO,0.4582,0.025,0.5168
DIAMONDS TWO CLUBS THREE,0.6478,0.0174,0.3348
DIAMONDS TWO HEARTS SIX,0.6502,0.013,0.3368
DIAMONDS TWO HEARTS QUEEN,0.5486,0.228,0.2234
HEARTS SEVEN DIAMONDS TWO,0.6768,0.0156,0.3076
DIAMONDS TWO HEARTS KING,0.4064,0.0064,0.5872
DIAMONDS TWO HEARTS EIGHT,0.7262,0.0504,0.2234
DIAMONDS TWO HEARTS ACE,0.4188,0.0052,0.576
DIAMONDS TWO HEARTS NINE,0.6606,0.0098,0.3296
DIAMONDS TWO HEARTS TWO,0.456,0.0282,0.5158
DIAMONDS TWO DIAMONDS KING,0.3998,0.0082,0.592
DIAMONDS TWO HEARTS THREE,0.6568,0.0122,0.331
DIAMONDS TWO DIAMONDS ACE,0.3808,0.0036,0.6156
HEARTS FOUR DIAMONDS TWO,0.6448,0.01,0.3452
HEARTS FIVE DIAMONDS TWO,0.6504,0.0114,0.3382
SPADES SEVEN HEARTS ACE,0.393,0.0028,0.6042
DIAMONDS TWO DIAMONDS TEN,0.6156,0.0124,0.372
SPADES SEVEN HEARTS KING,0.4084,0.0052,0.5864
DIAMONDS TWO DIAMONDS JACK,0.6138,0.0124,0.3738
SPADES SEVEN HEARTS QUEEN,0.5412,0.233,0.2258
DIAMONDS TWO SPADES NINE,0.6484,0.011,0.3406
DIAMONDS TWO SPADES EIGHT,0.7332,0.0476,0.2192
DIAMONDS TWO SPADES SEVEN,0.6744,0.011,0.3146
DIAMONDS TWO SPADES SIX,0.6736,0.0108,0.3156
DIAMONDS TWO SPADES FIVE,0.6334,0.013,0.3536
DIAMONDS TWO SPADES FOUR,0.6396,0.0114,0.349
DIAMONDS TWO SPADES THREE,0.6434,0.015,0.3416
DIAMONDS TWO SPADES TWO,0.4526,0.0268,0.5206
DIAMONDS TWO CLUBS NINE,0.6366,0.011,0.3524
CLUBS SEVEN DIAMONDS TWO,0.6828,0.0118,0.3054
DIAMONDS TWO CLUBS SIX,0.6824,0.0126,0.305
DIAMONDS TWO CLUBS FIVE,0.6518,0.012,0.3362
DIAMONDS TWO CLUBS FOUR,0.655,0.0106,0.3344
CLUBS FOUR SPADES FIVE,0.6138,0.0102,0.376
CLUBS FOUR SPADES FOUR,0.4568,0.0216,0.5216
CLUBS FOUR SPADES THREE,0.6224,0.013,0.3646
CLUBS FOUR SPADES TWO,0.6402,0.0118,0.348
SPADES NINE CLUBS FOUR,0.6408,0.0084,0.3508
SPADES EIGHT CLUBS FOUR,0.7078,0.044,0.2482
SPADES SEVEN CLUBS FOUR,0.628,0.0144,0.3576
CLUBS FOUR SPADES SIX,0.6412,0.008,0.3508
SPADES ACE DIAMONDS SIX,0.4062,0.0038,0.59
SPADES QUEEN DIAMONDS SIX,0.5536,0.227,0.2194
SPADES KING DIAMONDS SIX,0.3966,0.0064,0.597
SPADES TEN DIAMONDS SIX,0.627,0.0106,0.3624
SPADES JACK DIAMONDS SIX,0.6508,0.0098,0.3394
SPADES QUEEN SPADES TWO,0.5202,0.2058,0.274
SPADES KING SPADES TWO,0.3754,0.0056,0.619
SPADES ACE SPADES TWO,0.3754,0.004,0.6206
CLUBS JACK DIAMONDS JACK,0.2854,0.0112,0.7034
CLUBS TEN DIAMONDS JACK,0.553,0.0114,0.4356
DIAMONDS JACK CLUBS KING,0.3574,0.008,0.6346
DIAMONDS JACK CLUBS QUEEN,0.2282,0.0958,0.676
DIAMONDS THREE DIAMONDS JACK,0.5958,0.0124,0.3918
DIAMONDS THREE DIAMONDS TEN,0.6194,0.0108,0.3698
DIAMONDS JACK CLUBS ACE,0.3602,0.0044,0.6354
DIAMONDS THREE DIAMONDS KING,0.4036,0.007,0.5894
DIAMONDS THREE HEARTS THREE,0.457,0.0234,0.5196
DIAMONDS THREE HEARTS TWO,0.6446,0.0122,0.3432
HEARTS FIVE DIAMONDS THREE,0.6364,0.014,0.3496
DIAMONDS THREE DIAMONDS ACE,0.3912,0.0062,0.6026
HEARTS FOUR DIAMONDS THREE,0.635,0.0124,0.3526
HEARTS SEVEN DIAMONDS THREE,0.6584,0.0124,0.3292
SPADES TEN SPADES NINE,0.5378,0.0074,0.4548
HEARTS SIX DIAMONDS THREE,0.658,0.0124,0.3296
SPADES JACK SPADES NINE,0.5282,0.0134,0.4584
DIAMONDS THREE HEARTS NINE,0.6404,0.0094,0.3502
HEARTS JACK DIAMONDS FOUR,0.6378,0.0082,0.354
HEARTS ACE HEARTS KING,0.3148,0.0054,0.6798
SPADES TEN SPADES TWO,0.5904,0.0104,0.3992
DIAMONDS THREE HEARTS EIGHT,0.7312,0.0498,0.219
HEARTS TEN DIAMONDS FOUR,0.6402,0.0132,0.3466
SPADES JACK SPADES TWO,0.604,0.0114,0.3846
HEARTS QUEEN DIAMONDS FOUR,0.5422,0.237,0.2208
HEARTS KING DIAMONDS FOUR,0.4178,0.0058,0.5764
SPADES ACE SPADES NINE,0.3458,0.0052,0.649
HEARTS ACE DIAMONDS FOUR,0.4092,0.0032,0.5876
SPADES KING SPADES NINE,0.339,0.007,0.654
SPADES QUEEN SPADES NINE,0.2302,0.162,0.6078
DIAMONDS THREE SPADES NINE,0.6428,0.0124,0.3448
DIAMONDS THREE SPADES EIGHT,0.7242,0.0472,0.2286
DIAMONDS THREE SPADES SEVEN,0.6686,0.0142,0.3172
DIAMONDS THREE SPADES SIX,0.6436,0.011,0.3454
DIAMONDS THREE CLUBS SIX,0.6448,0.0112,0.344
CLUBS FIVE CLUBS SIX,0.5694,0.0142,0.4164
CLUBS ACE DIAMONDS FOUR,0.4012,0.0064,0.5924
CLUBS SEVEN DIAMONDS THREE,0.6606,0.0122,0.3272
CLUBS SEVEN CLUBS FIVE,0.5966,0.014,0.3894
DIAMONDS THREE CLUBS FOUR,0.6346,0.013,0.3524
DIAMONDS FOUR CLUBS QUEEN,0.5508,0.2338,0.2154
DIAMONDS THREE CLUBS FIVE,0.642,0.014,0.344
DIAMONDS FOUR CLUBS KING,0.416,0.0068,0.5772
DIAMONDS THREE CLUBS TWO,0.6508,0.011,0.3382
CLUBS TEN DIAMONDS FOUR,0.6352,0.0116,0.3532
DIAMONDS THREE CLUBS THREE,0.4542,0.028,0.5178
CLUBS JACK DIAMONDS FOUR,0.6382,0.0146,0.3472
DIAMONDS THREE SPADES FOUR,0.6162,0.0124,0.3714
DIAMONDS THREE SPADES FIVE,0.639,0.0132,0.3478
DIAMONDS THREE SPADES TWO,0.6506,0.0132,0.3362
DIAMONDS THREE SPADES THREE,0.4652,0.0202,0.5146
CLUBS NINE DIAMONDS THREE,0.6302,0.0142,0.3556
SPADES SEVEN CLUBS ACE,0.4062,0.0032,0.5906
SPADES SEVEN CLUBS QUEEN,0.5458,0.221,0.2332
SPADES SEVEN CLUBS KING,0.3974,0.0066,0.596
CLUBS FIVE SPADES SEVEN,0.619,0.0136,0.3674
CLUBS TEN SPADES SEVEN,0.6248,0.0102,0.365
CLUBS FIVE SPADES SIX,0.627,0.0102,0.3628
CLUBS JACK SPADES SEVEN,0.624,0.0104,0.3656
CLUBS FIVE SPADES NINE,0.6202,0.01,0.3698
CLUBS FIVE SPADES EIGHT,0.6958,0.045,0.2592
CLUBS FIVE SPADES THREE,0.6374,0.0102,0.3524
CLUBS FIVE SPADES TWO,0.6398,0.0122,0.348
CLUBS FIVE SPADES FIVE,0.448,0.0232,0.5288
CLUBS FIVE SPADES FOUR,0.618,0.0142,0.3678
CLUBS NINE CLUBS FIVE,0.5986,0.0134,0.388
CLUBS ACE CLUBS QUEEN,0.2432,0.014,0.7428
CLUBS KING CLUBS QUEEN,0.2268,0.0242,0.749
DIAMONDS TEN DIAMONDS FOUR,0.5954,0.0128,0.3918
CLUBS TEN DIAMONDS NINE,0.5628,0.0116,0.4256
DIAMONDS JACK DIAMONDS FOUR,0.6126,0.0122,0.3752
CLUBS JACK DIAMONDS NINE,0.5658,0.0112,0.423
CLUBS JACK SPADES NINE,0.5754,0.0114,0.4132
CLUBS TEN SPADES NINE,0.5562,0.0108,0.433
DIAMONDS ACE DIAMONDS FOUR,0.3688,0.006,0.6252
HEARTS FOUR DIAMONDS FOUR,0.4454,0.025,0.5296
DIAMONDS JACK HEARTS TEN,0.562,0.0112,0.4268
SPADES NINE CLUBS KING,0.3604,0.0058,0.6338
DIAMONDS TWO SPADES TEN,0.6392,0.0118,0.349
DIAMONDS NINE CLUBS ACE,0.3536,0.0042,0.6422
HEARTS FIVE DIAMONDS FOUR,0.6198,0.0148,0.3654
DIAMONDS JACK HEARTS JACK,0.2848,0.0122,0.703
SPADES NINE CLUBS QUEEN,0.2294,0.1628,0.6078
DIAMONDS TWO SPADES JACK,0.6392,0.0084,0.3524
HEARTS TWO DIAMONDS FOUR,0.6458,0.0144,0.3398
DIAMONDS NINE CLUBS QUEEN,0.2248,0.1746,0.6006
DIAMONDS KING DIAMONDS FOUR,0.3898,0.0064,0.6038
HEARTS THREE DIAMONDS FOUR,0.6326,0.0126,0.3548
SPADES NINE CLUBS ACE,0.371,0.003,0.626
DIAMONDS NINE CLUBS KING,0.3558,0.0088,0.6354
HEARTS ACE DIAMONDS JACK,0.3658,0.0048,0.6294
SPADES ACE DIAMONDS TWO,0.3996,0.006,0.5944
HEARTS QUEEN DIAMONDS JACK,0.2382,0.0938,0.668
SPADES QUEEN DIAMONDS TWO,0.5562,0.226,0.2178
DIAMONDS JACK HEARTS KING,0.3602,0.007,0.6328
SPADES KING DIAMONDS TWO,0.4144,0.0076,0.578
SPADES JACK SPADES SEVEN,0.5948,0.0108,0.3944
SPADES TEN SPADES SEVEN,0.5826,0.0096,0.4078
CLUBS SEVEN CLUBS THREE,0.63,0.0084,0.3616
CLUBS SIX CLUBS THREE,0.6164,0.0136,0.37
CLUBS FIVE CLUBS THREE,0.591,0.0142,0.3948
CLUBS THREE CLUBS FOUR,0.6098,0.0124,0.3778
CLUBS NINE CLUBS THREE,0.6126,0.011,0.3764
CLUBS THREE SPADES FIVE,0.6368,0.0114,0.3518
CLUBS THREE SPADES FOUR,0.6316,0.0126,0.3558
CLUBS THREE SPADES THREE,0.4682,0.0238,0.508
CLUBS THREE SPADES TWO,0.6518,0.012,0.3362
CLUBS THREE SPADES SIX,0.6624,0.0116,0.326
CLUBS THREE SPADES SEVEN,0.6608,0.0108,0.3284
SPADES EIGHT CLUBS THREE,0.7348,0.0512,0.214
SPADES NINE CLUBS THREE,0.651,0.0128,0.3362
SPADES TWO DIAMONDS FOUR,0.636,0.012,0.352
SPADES THREE DIAMONDS FOUR,0.6348,0.0126,0.3526
SPADES FOUR DIAMONDS FOUR,0.4418,0.0264,0.5318
SPADES FIVE DIAMONDS FOUR,0.6146,0.0116,0.3738
SPADES SIX DIAMONDS FOUR,0.6334,0.0134,0.3532
SPADES SEVEN DIAMONDS FOUR,0.6424,0.0088,0.3488
SPADES EIGHT DIAMONDS FOUR,0.7288,0.0506,0.2206
SPADES NINE DIAMONDS FOUR,0.6272,0.0136,0.3592
CLUBS FIVE DIAMONDS FOUR,0.6322,0.0114,0.3564
CLUBS FOUR DIAMONDS FOUR,0.4496,0.023,0.5274
CLUBS SEVEN DIAMONDS FOUR,0.6544,0.0118,0.3338
CLUBS SIX DIAMONDS FOUR,0.6352,0.0122,0.3526
CLUBS NINE DIAMONDS FOUR,0.6448,0.0126,0.3426
HEARTS SEVEN DIAMONDS FOUR,0.6482,0.0128,0.339
HEARTS SIX DIAMONDS FOUR,0.6376,0.0126,0.3498
DIAMONDS FOUR HEARTS NINE,0.6418,0.0114,0.3468
DIAMONDS FOUR HEARTS EIGHT,0.729,0.0454,0.2256
CLUBS THREE DIAMONDS FOUR,0.6318,0.0114,0.3568
CLUBS TWO DIAMONDS FOUR,0.6458,0.011,0.3432
DIAMONDS TEN DIAMONDS FIVE,0.614,0.0118,0.3742
DIAMONDS JACK DIAMONDS FIVE,0.6028,0.0116,0.3856
DIAMONDS NINE HEARTS QUEEN,0.228,0.1694,0.6026
DIAMONDS NINE HEARTS KING,0.3554,0.0068,0.6378
HEARTS ACE DIAMONDS NINE,0.3604,0.003,0.6366
DIAMONDS NINE HEARTS TEN,0.5764,0.0112,0.4124
DIAMONDS NINE HEARTS JACK,0.5692,0.0128,0.418
CLUBS KING DIAMONDS SIX,0.4026,0.0066,0.5908
CLUBS QUEEN DIAMONDS SIX,0.5546,0.2204,0.225
CLUBS ACE DIAMONDS SIX,0.4048,0.005,0.5902
SPADES KING DIAMONDS FOUR,0.4172,0.0062,0.5766
SPADES ACE SPADES SEVEN,0.3724,0.0036,0.624
SPADES QUEEN DIAMONDS FOUR,0.5442,0.233,0.2228
SPADES QUEEN SPADES SEVEN,0.5224,0.2188,0.2588
CLUBS JACK DIAMONDS SIX,0.6512,0.01,0.3388
SPADES KING SPADES SEVEN,0.3846,0.0066,0.6088
SPADES ACE DIAMONDS FOUR,0.4114,0.0048,0.5838
CLUBS TEN DIAMONDS SIX,0.625,0.0098,0.3652
CLUBS NINE CLUBS FOUR,0.6024,0.0134,0.3842
SPADES JACK DIAMONDS FOUR,0.6376,0.0116,0.3508
SPADES TEN DIAMONDS FOUR,0.6444,0.0116,0.344
CLUBS FIVE CLUBS FOUR,0.5972,0.0132,0.3896
CLUBS SEVEN CLUBS FOUR,0.6168,0.012,0.3712
CLUBS SIX CLUBS FOUR,0.5946,0.0126,0.3928
CLUBS SEVEN SPADES EIGHT,0.687,0.0428,0.2702
CLUBS SEVEN SPADES NINE,0.6114,0.0122,0.3764
CLUBS SEVEN SPADES SIX,0.6186,0.0122,0.3692
CLUBS SEVEN SPADES SEVEN,0.4212,0.0238,0.555
CLUBS SEVEN SPADES FIVE,0.628,0.013,0.359
CLUBS SEVEN SPADES FOUR,0.647,0.013,0.34
CLUBS SEVEN SPADES THREE,0.6636,0.0122,0.3242
CLUBS SEVEN SPADES TWO,0.6788,0.0134,0.3078
CLUBS SEVEN CLUBS NINE,0.5672,0.01,0.4228
HEARTS SIX DIAMONDS FIVE,0.623,0.0116,0.3654
HEARTS SEVEN DIAMONDS FIVE,0.6324,0.012,0.3556
DIAMONDS FIVE HEARTS EIGHT,0.6938,0.0484,0.2578
DIAMONDS FIVE HEARTS NINE,0.6296,0.0118,0.3586
HEARTS TWO DIAMONDS FIVE,0.6398,0.0122,0.348
HEARTS KING HEARTS EIGHT,0.2398,0.0316,0.7286
DIAMONDS KING DIAMONDS FIVE,0.3852,0.0094,0.6054
HEARTS THREE DIAMONDS FIVE,0.645,0.0096,0.3454
HEARTS QUEEN HEARTS EIGHT,0.0238,0.901,0.0752
DIAMONDS ACE DIAMONDS FIVE,0.3802,0.0054,0.6144
HEARTS FOUR DIAMONDS FIVE,0.6126,0.0124,0.375
HEARTS FIVE DIAMONDS FIVE,0.4508,0.0264,0.5228
HEARTS ACE HEARTS EIGHT,0.2356,0.022,0.7424
CLUBS FOUR DIAMONDS FIVE,0.6356,0.0142,0.3502
CLUBS FIVE DIAMONDS FIVE,0.4522,0.0272,0.5206
CLUBS SIX DIAMONDS FIVE,0.6216,0.0134,0.365
CLUBS SEVEN DIAMONDS FIVE,0.6332,0.0096,0.3572
CLUBS TWO DIAMONDS FIVE,0.6516,0.01,0.3384
CLUBS THREE DIAMONDS FIVE,0.643,0.0114,0.3456
SPADES THREE DIAMONDS FIVE,0.6372,0.0134,0.3494
SPADES TWO DIAMONDS FIVE,0.642,0.012,0.346
SPADES JACK DIAMONDS EIGHT,0.7116,0.0402,0.2482
SPADES FIVE DIAMONDS FIVE,0.4378,0.0234,0.5388
CLUBS TEN HEARTS JACK,0.556,0.0108,0.4332
SPADES TEN DIAMONDS EIGHT,0.7098,0.0374,0.2528
SPADES FOUR DIAMONDS FIVE,0.6184,0.0114,0.3702
CLUBS JACK HEARTS JACK,0.2848,0.009,0.7062
HEARTS JACK CLUBS QUEEN,0.2312,0.0946,0.6742
CLUBS NINE DIAMONDS FIVE,0.6354,0.0142,0.3504
HEARTS JACK CLUBS KING,0.3546,0.0056,0.6398
CLUBS ACE HEARTS JACK,0.3554,0.005,0.6396
SPADES SEVEN DIAMONDS FIVE,0.6274,0.0116,0.361
SPADES KING DIAMONDS EIGHT,0.258,0.0294,0.7126
SPADES QUEEN DIAMONDS EIGHT,0.0158,0.975,0.0092
SPADES SIX DIAMONDS FIVE,0.626,0.0122,0.3618
SPADES NINE DIAMONDS FIVE,0.6316,0.0112,0.3572
SPADES EIGHT DIAMONDS FIVE,0.6926,0.0432,0.2642
SPADES ACE DIAMONDS EIGHT,0.2556,0.0252,0.7192
DIAMONDS TEN DIAMONDS SIX,0.6046,0.0116,0.3838
HEARTS ACE DIAMONDS SEVEN,0.4096,0.0038,0.5866
DIAMONDS JACK DIAMONDS SIX,0.5966,0.0102,0.3932
HEARTS QUEEN DIAMONDS SEVEN,0.5476,0.2286,0.2238
HEARTS KING DIAMONDS SEVEN,0.403,0.0046,0.5924
DIAMONDS ACE DIAMONDS SIX,0.3798,0.0054,0.6148
HEARTS FOUR DIAMONDS SIX,0.6332,0.0116,0.3552
SPADES TWO HEARTS JACK,0.642,0.0132,0.3448
HEARTS FIVE DIAMONDS SIX,0.6098,0.012,0.3782
SPADES TWO HEARTS TEN,0.6464,0.0122,0.3414
HEARTS TWO DIAMONDS SIX,0.6674,0.0118,0.3208
DIAMONDS KING DIAMONDS SIX,0.3918,0.0068,0.6014
HEARTS THREE DIAMONDS SIX,0.6504,0.015,0.3346
HEARTS EIGHT DIAMONDS SIX,0.6874,0.0484,0.2642
HEARTS NINE DIAMONDS SIX,0.6158,0.0108,0.3734
HEARTS SIX DIAMONDS SIX,0.4204,0.0184,0.5612
HEARTS SEVEN DIAMONDS SIX,0.619,0.0092,0.3718
HEARTS TEN DIAMONDS SEVEN,0.6356,0.0118,0.3526
CLUBS TWO DIAMONDS SIX,0.6638,0.013,0.3232
HEARTS JACK DIAMONDS SEVEN,0.6224,0.0106,0.367
CLUBS THREE DIAMONDS SIX,0.6446,0.014,0.3414
CLUBS SEVEN DIAMONDS SIX,0.6222,0.0126,0.3652
CLUBS JACK DIAMONDS EIGHT,0.7168,0.0388,0.2444
CLUBS SIX DIAMONDS SIX,0.443,0.0228,0.5342
CLUBS TEN DIAMONDS EIGHT,0.6988,0.0444,0.2568
CLUBS FIVE DIAMONDS SIX,0.6092,0.0142,0.3766
CLUBS FOUR DIAMONDS SIX,0.642,0.0104,0.3476
HEARTS ACE HEARTS JACK,0.3378,0.0048,0.6574
DIAMONDS EIGHT CLUBS ACE,0.244,0.0278,0.7282
HEARTS QUEEN HEARTS JACK,0.2156,0.0884,0.696
DIAMONDS EIGHT CLUBS KING,0.2502,0.032,0.7178
CLUBS NINE DIAMONDS SIX,0.6226,0.01,0.3674
HEARTS KING HEARTS JACK,0.3368,0.0052,0.658
DIAMONDS EIGHT CLUBS QUEEN,0.0078,0.986,0.0062
SPADES TEN HEARTS KING,0.3558,0.0056,0.6386
SPADES FIVE DIAMONDS SIX,0.6154,0.0098,0.3748
HEARTS ACE SPADES TWO,0.4158,0.0044,0.5798
SPADES JACK HEARTS KING,0.3584,0.0066,0.635
SPADES FOUR DIAMONDS SIX,0.6386,0.01,0.3514
SPADES THREE DIAMONDS SIX,0.652,0.0112,0.3368
HEARTS QUEEN SPADES TWO,0.5448,0.2306,0.2246
SPADES ACE SPADES KING,0.3098,0.0034,0.6868
HEARTS KING SPADES TWO,0.3986,0.006,0.5954
SPADES TWO DIAMONDS SIX,0.662,0.0134,0.3246
HEARTS TEN HEARTS EIGHT,0.6522,0.0408,0.307
SPADES NINE DIAMONDS SIX,0.6076,0.0114,0.381
HEARTS JACK HEARTS EIGHT,0.6682,0.0398,0.292
SPADES EIGHT DIAMONDS SIX,0.6928,0.047,0.2602
SPADES SEVEN DIAMONDS SIX,0.6246,0.0102,0.3652
SPADES SIX DIAMONDS SIX,0.4338,0.022,0.5442
SPADES KING HEARTS KING,0.1426,0.0038,0.8536
SPADES QUEEN HEARTS KING,0.234,0.0286,0.7374
CLUBS ACE CLUBS KING,0.3378,0.006,0.6562
SPADES ACE HEARTS KING,0.3342,0.0026,0.6632
SPADES ACE HEARTS JACK,0.3574,0.0056,0.637
SPADES QUEEN HEARTS JACK,0.247,0.083,0.67
SPADES KING HEARTS JACK,0.3504,0.0048,0.6448
SPADES TEN DIAMONDS TEN,0.2834,0.0156,0.701
SPADES JACK DIAMONDS TEN,0.555,0.0122,0.4328
SPADES ACE DIAMONDS TEN,0.3692,0.0038,0.627
SPADES JACK HEARTS JACK,0.2794,0.0066,0.714
SPADES TEN HEARTS JACK,0.5622,0.0106,0.4272
SPADES QUEEN DIAMONDS TEN,0.2252,0.118,0.6568
SPADES KING DIAMONDS TEN,0.3404,0.0078,0.6518
SPADES NINE DIAMONDS SEVEN,0.6028,0.0112,0.386
SPADES EIGHT DIAMONDS SEVEN,0.6982,0.0494,0.2524
SPADES SEVEN DIAMONDS SEVEN,0.4478,0.0198,0.5324
SPADES SIX DIAMONDS SEVEN,0.613,0.0114,0.3756
DIAMONDS KING DIAMONDS SEVEN,0.3836,0.0062,0.6102
HEARTS THREE DIAMONDS SEVEN,0.6558,0.0118,0.3324
HEARTS KING DIAMONDS FIVE,0.4112,0.0068,0.582
HEARTS TWO DIAMONDS SEVEN,0.6644,0.0124,0.3232
HEARTS QUEEN DIAMONDS FIVE,0.5412,0.2224,0.2364
HEARTS FIVE DIAMONDS SEVEN,0.6262,0.0122,0.3616
DIAMONDS ACE DIAMONDS SEVEN,0.3756,0.0044,0.62
HEARTS FOUR DIAMONDS SEVEN,0.641,0.0154,0.3436
HEARTS ACE DIAMONDS FIVE,0.4156,0.0042,0.5802
HEARTS SEVEN DIAMONDS SEVEN,0.4292,0.023,0.5478
HEARTS SIX DIAMONDS SEVEN,0.6224,0.011,0.3666
DIAMONDS SEVEN HEARTS NINE,0.605,0.0108,0.3842
HEARTS EIGHT DIAMONDS SEVEN,0.6956,0.0438,0.2606
DIAMONDS JACK DIAMONDS SEVEN,0.5916,0.0094,0.399
DIAMONDS FIVE HEARTS JACK,0.6332,0.0104,0.3564
DIAMONDS TEN DIAMONDS SEVEN,0.5916,0.0102,0.3982
HEARTS TEN DIAMONDS FIVE,0.637,0.0118,0.3512
SPADES KING CLUBS TWO,0.4128,0.0068,0.5804
HEARTS KING CLUBS KING,0.1384,0.0044,0.8572
SPADES QUEEN CLUBS TWO,0.5604,0.222,0.2176
HEARTS KING CLUBS QUEEN,0.2178,0.0278,0.7544
CLUBS NINE DIAMONDS SEVEN,0.6036,0.011,0.3854
CLUBS JACK SPADES TWO,0.6388,0.0136,0.3476
SPADES ACE CLUBS TWO,0.4032,0.0052,0.5916
CLUBS TEN SPADES TWO,0.6252,0.0112,0.3636
HEARTS KING CLUBS ACE,0.3216,0.005,0.6734
CLUBS SEVEN CLUBS SIX,0.5768,0.0132,0.41
SPADES TWO CLUBS KING,0.4096,0.0056,0.5848
SPADES TWO DIAMONDS SEVEN,0.675,0.0118,0.3132
SPADES THREE DIAMONDS SEVEN,0.6512,0.013,0.3358
SPADES TWO CLUBS QUEEN,0.5528,0.2194,0.2278
CLUBS NINE CLUBS SIX,0.6066,0.0138,0.3796
SPADES FOUR DIAMONDS SEVEN,0.6466,0.0108,0.3426
CLUBS JACK HEARTS KING,0.3548,0.0066,0.6386
SPADES FIVE DIAMONDS SEVEN,0.6202,0.0136,0.3662
SPADES TWO CLUBS ACE,0.4094,0.0036,0.587
CLUBS TEN HEARTS KING,0.3562,0.0056,0.6382
CLUBS SIX SPADES TWO,0.6664,0.0102,0.3234
CLUBS SIX SPADES THREE,0.6508,0.0104,0.3388
CLUBS TWO DIAMONDS SEVEN,0.6832,0.0116,0.3052
CLUBS SIX SPADES FOUR,0.6296,0.0132,0.3572
CLUBS THREE DIAMONDS SEVEN,0.6766,0.0128,0.3106
CLUBS SIX SPADES FIVE,0.619,0.0108,0.3702
CLUBS FOUR DIAMONDS SEVEN,0.6638,0.0134,0.3228
CLUBS SIX SPADES SIX,0.4432,0.02,0.5368
CLUBS FIVE DIAMONDS SEVEN,0.65,0.0136,0.3364
CLUBS SIX SPADES SEVEN,0.6202,0.009,0.3708
CLUBS SIX DIAMONDS SEVEN,0.6254,0.0128,0.3618
CLUBS SIX SPADES EIGHT,0.6732,0.0502,0.2766
SPADES JACK CLUBS TWO,0.642,0.0152,0.3428
CLUBS SEVEN DIAMONDS SEVEN,0.4302,0.0202,0.5496
SPADES NINE CLUBS SIX,0.6106,0.01,0.3794
SPADES TEN CLUBS TWO,0.6552,0.012,0.3328
CLUBS TWO CLUBS QUEEN,0.53,0.2122,0.2578
CLUBS TWO CLUBS KING,0.3836,0.0094,0.607
CLUBS THREE DIAMONDS EIGHT,0.7352,0.0518,0.213
CLUBS TWO CLUBS ACE,0.3846,0.0064,0.609
CLUBS TWO DIAMONDS EIGHT,0.7354,0.0476,0.217
HEARTS SEVEN DIAMONDS EIGHT,0.6842,0.0504,0.2654
HEARTS SIX DIAMONDS EIGHT,0.6838,0.0476,0.2686
DIAMONDS EIGHT HEARTS NINE,0.6832,0.0366,0.2802
CLUBS TEN CLUBS TWO,0.607,0.0104,0.3826
DIAMONDS EIGHT HEARTS EIGHT,0.3092,0.0274,0.6634
CLUBS JACK CLUBS TWO,0.6152,0.013,0.3718
CLUBS NINE DIAMONDS EIGHT,0.6894,0.0348,0.2758
CLUBS FIVE DIAMONDS EIGHT,0.7182,0.0476,0.2342
SPADES ACE SPADES THREE,0.3882,0.0048,0.607
CLUBS FOUR DIAMONDS EIGHT,0.7176,0.046,0.2364
CLUBS SEVEN DIAMONDS EIGHT,0.7006,0.0478,0.2516
SPADES QUEEN SPADES THREE,0.5116,0.2174,0.271
CLUBS SIX DIAMONDS EIGHT,0.6872,0.0446,0.2682
SPADES KING SPADES THREE,0.3964,0.008,0.5956
HEARTS TWO DIAMONDS EIGHT,0.7186,0.0576,0.2238
DIAMONDS KING DIAMONDS EIGHT,0.2406,0.0346,0.7248
HEARTS THREE DIAMONDS EIGHT,0.7208,0.0544,0.2248
DIAMONDS ACE DIAMONDS EIGHT,0.2306,0.028,0.7414
HEARTS FOUR DIAMONDS EIGHT,0.7034,0.05,0.2466
HEARTS FIVE DIAMONDS EIGHT,0.6984,0.0444,0.2572
DIAMONDS EIGHT DIAMONDS TEN,0.6666,0.0438,0.2896
DIAMONDS EIGHT DIAMONDS JACK,0.6736,0.0434,0.283
SPADES JACK SPADES THREE,0.594,0.0108,0.3952
SPADES TEN SPADES THREE,0.5966,0.014,0.3894
CLUBS FOUR HEARTS ACE,0.3998,0.003,0.5972
CLUBS FOUR HEARTS QUEEN,0.5508,0.2246,0.2246
CLUBS FOUR HEARTS KING,0.4164,0.0066,0.577
CLUBS SIX HEARTS TEN,0.6202,0.0116,0.3682
CLUBS SIX HEARTS JACK,0.6406,0.0086,0.3508
DIAMONDS EIGHT SPADES FOUR,0.7128,0.0436,0.2436
SPADES FIVE DIAMONDS EIGHT,0.6966,0.0516,0.2518
DIAMONDS EIGHT SPADES TWO,0.7292,0.048,0.2228
DIAMONDS EIGHT SPADES THREE,0.7258,0.0506,0.2236
CLUBS FOUR HEARTS JACK,0.6384,0.0124,0.3492
SPADES EIGHT DIAMONDS EIGHT,0.2964,0.0308,0.6728
SPADES TEN HEARTS TWO,0.65,0.0122,0.3378
SPADES JACK HEARTS EIGHT,0.7024,0.0428,0.2548
CLUBS FOUR HEARTS TEN,0.6438,0.0108,0.3454
SPADES NINE DIAMONDS EIGHT,0.6926,0.0388,0.2686
SPADES TEN HEARTS EIGHT,0.6926,0.0438,0.2636
SPADES JACK HEARTS TWO,0.6432,0.0084,0.3484
SPADES SIX DIAMONDS EIGHT,0.6774,0.0468,0.2758
SPADES SEVEN DIAMONDS EIGHT,0.694,0.0444,0.2616
SPADES ACE HEARTS TWO,0.4146,0.0036,0.5818
SPADES ACE HEARTS EIGHT,0.2432,0.0232,0.7336
SPADES KING HEARTS EIGHT,0.2446,0.031,0.7244
SPADES QUEEN HEARTS TWO,0.5464,0.2272,0.2264
SPADES KING HEARTS TWO,0.4064,0.0064,0.5872
SPADES QUEEN HEARTS EIGHT,0.0204,0.958,0.0216
CLUBS TWO HEARTS TEN,0.6468,0.009,0.3442
CLUBS TWO HEARTS JACK,0.6376,0.0096,0.3528
SPADES SEVEN DIAMONDS NINE,0.6136,0.009,0.3774
SPADES SIX DIAMONDS NINE,0.6346,0.012,0.3534
SPADES NINE DIAMONDS NINE,0.2904,0.016,0.6936
SPADES EIGHT DIAMONDS NINE,0.6902,0.0416,0.2682
SPADES TEN CLUBS KING,0.3478,0.0076,0.6446
DIAMONDS NINE SPADES THREE,0.6464,0.0112,0.3424
SPADES JACK CLUBS KING,0.338,0.0056,0.6564
DIAMONDS NINE SPADES TWO,0.643,0.0124,0.3446
DIAMONDS NINE SPADES FIVE,0.6326,0.0092,0.3582
DIAMONDS NINE SPADES FOUR,0.6518,0.0112,0.337
CLUBS NINE DIAMONDS NINE,0.296,0.0182,0.6858
CLUBS SIX DIAMONDS NINE,0.6286,0.0114,0.36
SPADES JACK CLUBS FOUR,0.6406,0.0076,0.3518
CLUBS SEVEN DIAMONDS NINE,0.6016,0.0134,0.385
SPADES TEN CLUBS FOUR,0.6296,0.0098,0.3606
CLUBS FOUR DIAMONDS NINE,0.6486,0.0116,0.3398
CLUBS FIVE DIAMONDS NINE,0.6304,0.0118,0.3578
DIAMONDS NINE CLUBS TWO,0.6554,0.0106,0.334
CLUBS THREE DIAMONDS NINE,0.6482,0.0124,0.3394
DIAMONDS NINE HEARTS EIGHT,0.6892,0.0406,0.2702
DIAMONDS NINE HEARTS NINE,0.316,0.0172,0.6668
HEARTS SIX DIAMONDS NINE,0.6374,0.0138,0.3488
HEARTS SEVEN DIAMONDS NINE,0.6092,0.0096,0.3812
DIAMONDS ACE DIAMONDS NINE,0.3484,0.0064,0.6452
HEARTS FOUR DIAMONDS NINE,0.6398,0.014,0.3462
HEARTS FIVE DIAMONDS NINE,0.6314,0.0126,0.356
HEARTS ACE CLUBS TWO,0.4156,0.0034,0.581
SPADES ACE CLUBS FOUR,0.4096,0.0028,0.5876
HEARTS TWO DIAMONDS NINE,0.6434,0.0142,0.3424
CLUBS TWO HEARTS KING,0.4212,0.0092,0.5696
SPADES KING CLUBS FOUR,0.4168,0.0076,0.5756
DIAMONDS KING DIAMONDS NINE,0.3376,0.0074,0.655
HEARTS THREE DIAMONDS NINE,0.6478,0.0102,0.342
CLUBS TWO HEARTS QUEEN,0.5556,0.2236,0.2208
SPADES QUEEN CLUBS FOUR,0.5478,0.2278,0.2244
DIAMONDS NINE DIAMONDS JACK,0.554,0.0106,0.4354
DIAMONDS NINE DIAMONDS TEN,0.5492,0.0122,0.4386
HEARTS SIX DIAMONDS TEN,0.6232,0.0084,0.3684
HEARTS SEVEN DIAMONDS TEN,0.6252,0.0086,0.3662
DIAMONDS TEN HEARTS EIGHT,0.6992,0.035,0.2658
CLUBS JACK CLUBS FOUR,0.6156,0.0112,0.3732
DIAMONDS TEN HEARTS NINE,0.5772,0.0098,0.413
CLUBS TEN CLUBS FOUR,0.6006,0.0102,0.3892
CLUBS FOUR CLUBS KING,0.4028,0.0082,0.589
CLUBS FOUR CLUBS QUEEN,0.5306,0.2098,0.2596
CLUBS TWO DIAMONDS TEN,0.6286,0.0132,0.3582
CLUBS THREE DIAMONDS TEN,0.6452,0.0122,0.3426
CLUBS FOUR CLUBS ACE,0.3798,0.0048,0.6154
DIAMONDS JACK DIAMONDS TEN,0.528,0.0102,0.4618
HEARTS TWO DIAMONDS TEN,0.6424,0.008,0.3496
DIAMONDS KING DIAMONDS TEN,0.3392,0.0076,0.6532
HEARTS THREE DIAMONDS TEN,0.6328,0.0122,0.355
DIAMONDS ACE DIAMONDS TEN,0.3276,0.0034,0.669
HEARTS FOUR DIAMONDS TEN,0.6404,0.0096,0.35
HEARTS FIVE DIAMONDS TEN,0.6454,0.012,0.3426
CLUBS NINE SPADES THREE,0.6462,0.0104,0.3434
CLUBS NINE SPADES TWO,0.6422,0.0098,0.348
CLUBS NINE SPADES FIVE,0.619,0.0112,0.3698
CLUBS NINE SPADES FOUR,0.6316,0.0126,0.3558
CLUBS NINE SPADES SEVEN,0.614,0.0116,0.3744
CLUBS NINE SPADES SIX,0.616,0.01,0.374
CLUBS NINE SPADES NINE,0.301,0.018,0.681
CLUBS TEN HEARTS EIGHT,0.696,0.0408,0.2632
CLUBS NINE SPADES EIGHT,0.6758,0.0442,0.28
CLUBS JACK HEARTS EIGHT,0.6972,0.0456,0.2572
HEARTS EIGHT CLUBS QUEEN,0.0096,0.9758,0.0146
CLUBS KING HEARTS EIGHT,0.2504,0.0328,0.7168
CLUBS ACE HEARTS EIGHT,0.236,0.025,0.739
SPADES KING CLUBS KING,0.1408,0.0036,0.8556
SPADES QUEEN CLUBS KING,0.224,0.025,0.751
SPADES ACE CLUBS KING,0.323,0.0042,0.6728
DIAMONDS ACE HEARTS TEN,0.361,0.003,0.636
HEARTS FOUR HEARTS TEN,0.5944,0.0102,0.3954
DIAMONDS ACE HEARTS JACK,0.3566,0.004,0.6394
HEARTS FOUR HEARTS JACK,0.5908,0.0108,0.3984
SPADES KING CLUBS FIVE,0.397,0.006,0.597
SPADES QUEEN CLUBS FIVE,0.5504,0.2294,0.2202
SPADES ACE CLUBS FIVE,0.4032,0.0044,0.5924
HEARTS SEVEN DIAMONDS JACK,0.625,0.0106,0.3644
HEARTS SIX DIAMONDS JACK,0.649,0.0116,0.3394
DIAMONDS JACK HEARTS NINE,0.58,0.0102,0.4098
DIAMONDS JACK HEARTS EIGHT,0.7094,0.0428,0.2478
DIAMONDS KING DIAMONDS JACK,0.3272,0.0086,0.6642
HEARTS THREE DIAMONDS JACK,0.6358,0.0084,0.3558
SPADES ACE SPADES SIX,0.3948,0.0014,0.6038
HEARTS ACE SPADES FOUR,0.4064,0.0046,0.589
HEARTS TWO DIAMONDS JACK,0.6448,0.0118,0.3434
HEARTS FIVE DIAMONDS JACK,0.641,0.0106,0.3484
SPADES QUEEN SPADES SIX,0.5116,0.2126,0.2758
SPADES FOUR HEARTS QUEEN,0.5316,0.2272,0.2412
DIAMONDS ACE DIAMONDS JACK,0.3368,0.0042,0.659
HEARTS FOUR DIAMONDS JACK,0.6446,0.0114,0.344
SPADES KING SPADES SIX,0.3762,0.0056,0.6182
SPADES FOUR HEARTS KING,0.4126,0.0078,0.5796
SPADES TEN SPADES SIX,0.5912,0.0112,0.3976
SPADES JACK SPADES SIX,0.6024,0.0066,0.391
SPADES FOUR DIAMONDS JACK,0.6372,0.0132,0.3496
SPADES FIVE DIAMONDS JACK,0.637,0.0102,0.3528
DIAMONDS JACK SPADES TWO,0.6348,0.0126,0.3526
DIAMONDS JACK SPADES THREE,0.6386,0.011,0.3504
SPADES ACE DIAMONDS THREE,0.4192,0.0026,0.5782
SPADES QUEEN DIAMONDS THREE,0.5612,0.2246,0.2142
SPADES KING DIAMONDS THREE,0.4118,0.007,0.5812
CLUBS NINE DIAMONDS JACK,0.5778,0.0114,0.4108
CLUBS SIX DIAMONDS JACK,0.6518,0.0142,0.334
CLUBS SEVEN DIAMONDS JACK,0.6326,0.0108,0.3566
CLUBS FOUR DIAMONDS JACK,0.6494,0.011,0.3396
CLUBS FIVE DIAMONDS JACK,0.6394,0.0132,0.3474
CLUBS TWO DIAMONDS JACK,0.648,0.0142,0.3378
CLUBS THREE DIAMONDS JACK,0.658,0.012,0.33
SPADES TEN CLUBS FIVE,0.6448,0.0106,0.3446
SPADES JACK HEARTS SIX,0.6424,0.009,0.3486
HEARTS SIX SPADES TEN,0.6388,0.0078,0.3534
SPADES JACK CLUBS FIVE,0.6288,0.0102,0.361
SPADES JACK DIAMONDS THREE,0.628,0.0108,0.3612
CLUBS SEVEN CLUBS ACE,0.3746,0.0042,0.6212
DIAMONDS THREE SPADES TEN,0.6514,0.0126,0.336
CLUBS SEVEN CLUBS QUEEN,0.5342,0.2138,0.252
CLUBS SEVEN CLUBS KING,0.3864,0.0088,0.6048
SPADES NINE DIAMONDS JACK,0.5774,0.01,0.4126
CLUBS TEN CLUBS SEVEN,0.5842,0.0088,0.407
DIAMONDS ACE HEARTS ACE,0.1278,0.0048,0.8674
HEARTS FOUR HEARTS ACE,0.3808,0.0048,0.6144
SPADES EIGHT DIAMONDS JACK,0.7158,0.0352,0.249
SPADES ACE HEARTS SIX,0.3976,0.0024,0.6
CLUBS JACK CLUBS SEVEN,0.5892,0.0088,0.402
DIAMONDS ACE HEARTS KING,0.333,0.0024,0.6646
HEARTS FOUR HEARTS KING,0.3878,0.0072,0.605
SPADES SEVEN DIAMONDS JACK,0.6272,0.011,0.3618
SPADES KING HEARTS SIX,0.399,0.0046,0.5964
DIAMONDS ACE HEARTS QUEEN,0.2314,0.0172,0.7514
HEARTS FOUR HEARTS QUEEN,0.4962,0.2138,0.29
SPADES QUEEN HEARTS SIX,0.5548,0.2192,0.226
SPADES SIX DIAMONDS JACK,0.6516,0.0108,0.3376
DIAMONDS TEN SPADES TWO,0.6384,0.011,0.3506
SPADES THREE DIAMONDS TEN,0.6376,0.0128,0.3496
SPADES FOUR DIAMONDS TEN,0.6516,0.0096,0.3388
SPADES FIVE DIAMONDS TEN,0.6412,0.0072,0.3516
SPADES SIX DIAMONDS TEN,0.623,0.0104,0.3666
SPADES SEVEN DIAMONDS TEN,0.6284,0.009,0.3626
SPADES EIGHT DIAMONDS TEN,0.7012,0.0388,0.26
SPADES NINE DIAMONDS TEN,0.577,0.0108,0.4122
CLUBS FOUR DIAMONDS TEN,0.6394,0.012,0.3486
CLUBS FIVE DIAMONDS TEN,0.6414,0.0126,0.346
CLUBS SIX DIAMONDS TEN,0.6312,0.0114,0.3574
CLUBS SEVEN DIAMONDS TEN,0.6266,0.0118,0.3616
CLUBS NINE DIAMONDS TEN,0.5678,0.0106,0.4216
CLUBS JACK DIAMONDS THREE,0.635,0.0122,0.3528
CLUBS TEN DIAMONDS THREE,0.6476,0.0122,0.3402
DIAMONDS THREE CLUBS KING,0.418,0.0094,0.5726
DIAMONDS THREE CLUBS QUEEN,0.5502,0.2266,0.2232
DIAMONDS THREE CLUBS ACE,0.4054,0.0058,0.5888
SPADES FOUR HEARTS JACK,0.6342,0.01,0.3558
SPADES FOUR HEARTS TEN,0.638,0.0088,0.3532
SPADES FIVE SPADES TWO,0.6048,0.0124,0.3828
SPADES FOUR SPADES TWO,0.6026,0.0098,0.3876
SPADES THREE SPADES TWO,0.603,0.013,0.384
SPADES NINE SPADES TWO,0.5958,0.0096,0.3946
SPADES EIGHT SPADES TWO,0.675,0.0448,0.2802
SPADES SEVEN SPADES TWO,0.6256,0.0094,0.365
SPADES SIX SPADES TWO,0.6186,0.0084,0.373
CLUBS THREE HEARTS TWO,0.6392,0.0126,0.3482
HEARTS TWO CLUBS TWO,0.4502,0.0248,0.525
HEARTS SEVEN HEARTS TWO,0.6234,0.011,0.3656
HEARTS SIX HEARTS TWO,0.6286,0.0084,0.363
HEARTS TWO HEARTS NINE,0.5968,0.0108,0.3924
HEARTS TWO HEARTS EIGHT,0.684,0.0428,0.2732
CLUBS NINE HEARTS TWO,0.6428,0.013,0.3442
CLUBS FIVE HEARTS TWO,0.655,0.0106,0.3344
SPADES EIGHT HEARTS ACE,0.25,0.0256,0.7244
CLUBS FOUR HEARTS TWO,0.6568,0.0106,0.3326
CLUBS SEVEN HEARTS TWO,0.6702,0.012,0.3178
SPADES EIGHT HEARTS QUEEN,0.0166,0.9614,0.022
CLUBS SIX HEARTS TWO,0.6674,0.0118,0.3208
SPADES EIGHT HEARTS KING,0.2596,0.0294,0.711
HEARTS TWO SPADES SIX,0.635,0.0128,0.3522
HEARTS FOUR CLUBS QUEEN,0.5444,0.218,0.2376
DIAMONDS ACE CLUBS QUEEN,0.231,0.016,0.753
SPADES SEVEN HEARTS TWO,0.6696,0.0124,0.318
HEARTS FOUR CLUBS KING,0.4064,0.0066,0.587
DIAMONDS ACE CLUBS KING,0.3224,0.004,0.6736
SPADES EIGHT HEARTS TWO,0.7236,0.0484,0.228
HEARTS FOUR CLUBS ACE,0.3968,0.0046,0.5986
DIAMONDS ACE CLUBS ACE,0.123,0.0058,0.8712
SPADES NINE HEARTS TWO,0.6454,0.0104,0.3442
HEARTS TWO SPADES TWO,0.4466,0.0214,0.532
HEARTS TWO SPADES THREE,0.6334,0.0114,0.3552
HEARTS TWO SPADES FOUR,0.6458,0.0154,0.3388
CLUBS TEN HEARTS FOUR,0.6344,0.0098,0.3558
CLUBS TEN DIAMONDS ACE,0.3536,0.0044,0.642
HEARTS TWO SPADES FIVE,0.6348,0.0142,0.351
CLUBS JACK HEARTS FOUR,0.6198,0.0122,0.368
CLUBS JACK DIAMONDS ACE,0.3622,0.0048,0.633
CLUBS FIVE CLUBS KING,0.3926,0.0104,0.597
CLUBS FIVE CLUBS QUEEN,0.518,0.222,0.26
CLUBS FIVE CLUBS ACE,0.376,0.005,0.619
CLUBS JACK CLUBS FIVE,0.6018,0.012,0.3862
CLUBS TEN CLUBS FIVE,0.588,0.01,0.402
SPADES KING CLUBS JACK,0.3572,0.0062,0.6366
CLUBS JACK SPADES QUEEN,0.2308,0.091,0.6782
SPADES ACE CLUBS JACK,0.3508,0.004,0.6452
SPADES SIX CLUBS KING,0.4096,0.0056,0.5848
SPADES SIX CLUBS QUEEN,0.5422,0.2302,0.2276
SPADES EIGHT HEARTS JACK,0.6946,0.0432,0.2622
SPADES SIX CLUBS ACE,0.39,0.0054,0.6046
SPADES EIGHT HEARTS TEN,0.6808,0.0418,0.2774
CLUBS JACK SPADES SIX,0.6284,0.0098,0.3618
CLUBS TEN SPADES SIX,0.6238,0.0086,0.3676
CLUBS JACK SPADES TEN,0.5624,0.0088,0.4288
CLUBS JACK SPADES JACK,0.2862,0.011,0.7028
SPADES QUEEN CLUBS SEVEN,0.5628,0.2128,0.2244
SPADES KING CLUBS SEVEN,0.4086,0.0068,0.5846
SPADES ACE CLUBS SEVEN,0.395,0.0056,0.5994
SPADES SIX HEARTS TEN,0.6206,0.0134,0.366
SPADES SIX HEARTS JACK,0.6334,0.0074,0.3592
SPADES SIX HEARTS ACE,0.4056,0.0044,0.59
SPADES SIX HEARTS KING,0.4004,0.0058,0.5938
SPADES SIX HEARTS QUEEN,0.5434,0.2222,0.2344
CLUBS SEVEN SPADES JACK,0.6312,0.0106,0.3582
CLUBS SEVEN SPADES TEN,0.6126,0.012,0.3754
CLUBS TEN HEARTS SIX,0.6256,0.0114,0.363
CLUBS JACK HEARTS SIX,0.6308,0.0104,0.3588
CLUBS JACK CLUBS ACE,0.3328,0.0052,0.662
HEARTS SIX CLUBS QUEEN,0.5444,0.2244,0.2312
HEARTS SIX CLUBS KING,0.4104,0.0066,0.583
HEARTS SIX CLUBS ACE,0.4066,0.0044,0.589
CLUBS JACK CLUBS QUEEN,0.2298,0.0832,0.687
CLUBS JACK CLUBS KING,0.3396,0.0102,0.6502
DIAMONDS THREE HEARTS ACE,0.4052,0.0036,0.5912
DIAMONDS THREE HEARTS QUEEN,0.553,0.2314,0.2156
DIAMONDS THREE HEARTS KING,0.4194,0.0072,0.5734
CLUBS FIVE HEARTS JACK,0.6456,0.011,0.3434
SPADES TEN DIAMONDS ACE,0.349,0.0038,0.6472
HEARTS FOUR SPADES TEN,0.6252,0.0118,0.363
CLUBS FIVE HEARTS TEN,0.6524,0.01,0.3376
HEARTS FOUR SPADES JACK,0.6354,0.0112,0.3534
SPADES JACK DIAMONDS ACE,0.351,0.0056,0.6434
SPADES ACE HEARTS FOUR,0.3976,0.006,0.5964
SPADES ACE DIAMONDS ACE,0.1368,0.0032,0.86
CLUBS FIVE HEARTS ACE,0.4004,0.0056,0.594
CLUBS FIVE HEARTS KING,0.4102,0.0074,0.5824
HEARTS FOUR SPADES QUEEN,0.5408,0.2324,0.2268
SPADES QUEEN DIAMONDS ACE,0.2422,0.0136,0.7442
CLUBS JACK SPADES FOUR,0.622,0.0122,0.3658
CLUBS FIVE HEARTS QUEEN,0.5488,0.222,0.2292
SPADES KING DIAMONDS ACE,0.3314,0.0036,0.665
SPADES KING HEARTS FOUR,0.4008,0.0056,0.5936
CLUBS TEN SPADES FOUR,0.6338,0.012,0.3542
DIAMONDS ACE HEARTS TWO,0.3998,0.0068,0.5934
HEARTS FOUR HEARTS TWO,0.6062,0.0128,0.381
DIAMONDS THREE HEARTS TEN,0.6446,0.0096,0.3458
SPADES FOUR CLUBS KING,0.4098,0.008,0.5822
HEARTS FIVE HEARTS TWO,0.599,0.0124,0.3886
DIAMONDS THREE HEARTS JACK,0.6406,0.0122,0.3472
SPADES FOUR CLUBS QUEEN,0.5536,0.2186,0.2278
DIAMONDS KING HEARTS TWO,0.412,0.0074,0.5806
HEARTS THREE HEARTS TWO,0.604,0.0114,0.3846
SPADES FOUR CLUBS ACE,0.3972,0.0038,0.599
HEARTS TWO CLUBS ACE,0.4048,0.0044,0.5908
HEARTS TWO CLUBS QUEEN,0.5366,0.2302,0.2332
HEARTS TWO CLUBS KING,0.4112,0.0058,0.583
SPADES EIGHT SPADES FIVE,0.6486,0.0438,0.3076
CLUBS TEN HEARTS TWO,0.628,0.0128,0.3592
SPADES NINE SPADES FIVE,0.579,0.011,0.41
CLUBS JACK HEARTS TWO,0.6276,0.0096,0.3628
SPADES SIX SPADES FIVE,0.5648,0.0116,0.4236
SPADES SEVEN SPADES FIVE,0.59,0.0096,0.4004
DIAMONDS FIVE CLUBS QUEEN,0.541,0.2344,0.2246
SPADES EIGHT CLUBS ACE,0.2378,0.0242,0.738
DIAMONDS FIVE CLUBS KING,0.3982,0.0076,0.5942
SPADES EIGHT CLUBS KING,0.2406,0.0312,0.7282
DIAMONDS FIVE CLUBS ACE,0.3946,0.0054,0.6
SPADES EIGHT CLUBS QUEEN,0.0146,0.9654,0.02
CLUBS JACK SPADES EIGHT,0.6994,0.0402,0.2604
CLUBS TEN SPADES EIGHT,0.698,0.0386,0.2634
CLUBS TEN DIAMONDS FIVE,0.6396,0.0156,0.3448
CLUBS JACK DIAMONDS FIVE,0.63,0.014,0.356
DIAMONDS TEN HEARTS JACK,0.5608,0.0104,0.4288
DIAMONDS TEN HEARTS TEN,0.2922,0.014,0.6938
SPADES ACE CLUBS NINE,0.3536,0.0022,0.6442
SPADES QUEEN CLUBS NINE,0.2264,0.1662,0.6074
SPADES KING CLUBS NINE,0.3532,0.0074,0.6394
HEARTS SIX HEARTS KING,0.3824,0.0052,0.6124
DIAMONDS KING SPADES SEVEN,0.395,0.0064,0.5986
HEARTS THREE SPADES SEVEN,0.657,0.0124,0.3306
SPADES KING DIAMONDS SEVEN,0.4038,0.0056,0.5906
HEARTS SIX HEARTS QUEEN,0.5056,0.2188,0.2756
SPADES QUEEN DIAMONDS SEVEN,0.554,0.2258,0.2202
HEARTS THREE SPADES SIX,0.6464,0.0098,0.3438
DIAMONDS KING SPADES SIX,0.3928,0.006,0.6012
SPADES NINE DIAMONDS KING,0.367,0.0074,0.6256
SPADES NINE HEARTS THREE,0.6412,0.0108,0.348
HEARTS SIX HEARTS ACE,0.372,0.0044,0.6236
DIAMONDS KING SPADES EIGHT,0.2498,0.032,0.7182
SPADES EIGHT HEARTS THREE,0.723,0.0496,0.2274
SPADES ACE DIAMONDS SEVEN,0.39,0.004,0.606
CLUBS NINE HEARTS THREE,0.6376,0.0132,0.3492
CLUBS NINE DIAMONDS KING,0.3402,0.005,0.6548
HEARTS THREE SPADES THREE,0.4388,0.0252,0.536
DIAMONDS KING SPADES THREE,0.4078,0.006,0.5862
HEARTS THREE SPADES TWO,0.6498,0.011,0.3392
DIAMONDS KING SPADES TWO,0.407,0.007,0.586
HEARTS THREE SPADES FIVE,0.6214,0.0146,0.364
DIAMONDS KING SPADES FIVE,0.4076,0.0076,0.5848
HEARTS THREE SPADES FOUR,0.6178,0.0124,0.3698
DIAMONDS KING SPADES FOUR,0.3994,0.0074,0.5932
DIAMONDS KING CLUBS TWO,0.4174,0.0094,0.5732
HEARTS THREE CLUBS TWO,0.6538,0.0132,0.333
DIAMONDS KING CLUBS THREE,0.4074,0.0096,0.583
CLUBS THREE HEARTS THREE,0.4498,0.0234,0.5268
DIAMONDS KING CLUBS FOUR,0.4142,0.0082,0.5776
HEARTS THREE CLUBS FOUR,0.6284,0.0138,0.3578
CLUBS FIVE DIAMONDS KING,0.4002,0.0068,0.593
CLUBS FIVE HEARTS THREE,0.6244,0.0122,0.3634
CLUBS SIX DIAMONDS KING,0.3944,0.01,0.5956
CLUBS SIX HEARTS THREE,0.6428,0.0148,0.3424
