opposingHand,winningChance,drawChance,lostChance
CLUBS NINE CLUBS TWO
HEARTS FIVE SPADES TEN,0.392,0.0264,0.5816
SPADES JACK HEARTS FIVE,0.3982,0.0206,0.5812
CLUBS JACK SPADES FIVE,0.3848,0.0174,0.5978
CLUBS TEN SPADES FIVE,0.3992,0.032,0.5688
CLUBS JACK CLUBS EIGHT,0.3264,0.021,0.6526
CLUBS TEN CLUBS EIGHT,0.3128,0.0256,0.6616
CLUBS EIGHT CLUBS KING,0.3506,0.0082,0.6412
SPADES FIVE CLUBS ACE,0.3648,0.0064,0.6288
CLUBS EIGHT CLUBS QUEEN,0.3376,0.0122,0.6502
SPADES FIVE CLUBS KING,0.3826,0.011,0.6064
SPADES FIVE CLUBS QUEEN,0.3876,0.013,0.5994
CLUBS EIGHT CLUBS ACE,0.3218,0.0062,0.672
DIAMONDS TWO DIAMONDS THREE,0.6086,0.0922,0.2992
DIAMONDS TWO DIAMONDS FIVE,0.6076,0.095,0.2974
SPADES KING HEARTS FIVE,0.4016,0.0092,0.5892
DIAMONDS TWO DIAMONDS FOUR,0.618,0.1008,0.2812
SPADES QUEEN HEARTS FIVE,0.4034,0.0094,0.5872
DIAMONDS TWO DIAMONDS SEVEN,0.6366,0.0934,0.27
DIAMONDS TWO DIAMONDS SIX,0.6328,0.0998,0.2674
SPADES ACE HEARTS FIVE,0.3922,0.0046,0.6032
DIAMONDS TWO DIAMONDS NINE,0.0674,0.861,0.0716
DIAMONDS TWO DIAMONDS EIGHT,0.6286,0.0952,0.2762
DIAMONDS THREE DIAMONDS FOUR,0.5348,0.0454,0.4198
DIAMONDS THREE DIAMONDS FIVE,0.531,0.04,0.429
DIAMONDS THREE DIAMONDS EIGHT,0.5704,0.0438,0.3858
DIAMONDS THREE DIAMONDS NINE,0.244,0.4664,0.2896
DIAMONDS THREE DIAMONDS SIX,0.5474,0.0422,0.4104
DIAMONDS THREE DIAMONDS SEVEN,0.5424,0.043,0.4146
CLUBS TEN CLUBS JACK,0.274,0.0126,0.7134
DIAMONDS FOUR DIAMONDS SIX,0.5342,0.0414,0.4244
CLUBS TEN CLUBS QUEEN,0.295,0.0122,0.6928
DIAMONDS FOUR DIAMONDS SEVEN,0.543,0.0422,0.4148
CLUBS TEN CLUBS KING,0.296,0.0098,0.6942
CLUBS TEN CLUBS ACE,0.297,0.008,0.695
DIAMONDS FIVE DIAMONDS FOUR,0.526,0.0504,0.4236
DIAMONDS NINE DIAMONDS FOUR,0.2424,0.4556,0.302
DIAMONDS EIGHT DIAMONDS FOUR,0.5632,0.0364,0.4004
DIAMONDS NINE DIAMONDS FIVE,0.2536,0.3926,0.3538
CLUBS JACK DIAMONDS TWO,0.2704,0.0496,0.68
DIAMONDS EIGHT DIAMONDS FIVE,0.5396,0.0414,0.419
CLUBS TEN DIAMONDS TWO,0.2618,0.08,0.6582
DIAMONDS FIVE DIAMONDS SEVEN,0.5172,0.04,0.4428
DIAMONDS FIVE DIAMONDS SIX,0.5234,0.0414,0.4352
DIAMONDS TWO CLUBS ACE,0.267,0.0164,0.7166
DIAMONDS TWO CLUBS KING,0.2592,0.0312,0.7096
DIAMONDS TWO CLUBS QUEEN,0.27,0.04,0.69
DIAMONDS EIGHT DIAMONDS SIX,0.5328,0.0406,0.4266
DIAMONDS NINE DIAMONDS SIX,0.2568,0.3242,0.419
HEARTS ACE SPADES THREE,0.3978,0.0036,0.5986
HEARTS KING SPADES THREE,0.4156,0.0078,0.5766
DIAMONDS SEVEN DIAMONDS SIX,0.5206,0.0352,0.4442
SPADES THREE HEARTS QUEEN,0.4034,0.0122,0.5844
HEARTS JACK SPADES THREE,0.4016,0.0182,0.5802
SPADES THREE HEARTS TEN,0.3872,0.025,0.5878
DIAMONDS EIGHT DIAMONDS SEVEN,0.5048,0.0444,0.4508
DIAMONDS NINE DIAMONDS SEVEN,0.2478,0.265,0.4872
DIAMONDS NINE DIAMONDS EIGHT,0.2434,0.2134,0.5432
DIAMONDS KING HEARTS TEN,0.3554,0.0074,0.6372
HEARTS THREE HEARTS TEN,0.3698,0.0264,0.6038
SPADES JACK CLUBS SIX,0.3952,0.019,0.5858
DIAMONDS KING HEARTS JACK,0.3764,0.0054,0.6182
HEARTS THREE HEARTS JACK,0.3686,0.0234,0.608
SPADES TEN CLUBS SIX,0.3756,0.0268,0.5976
SPADES JACK SPADES FIVE,0.3462,0.0214,0.6324
SPADES TEN SPADES FIVE,0.3696,0.0284,0.602
DIAMONDS KING HEARTS ACE,0.3718,0.0052,0.623
HEARTS THREE HEARTS ACE,0.364,0.0052,0.6308
SPADES ACE CLUBS SIX,0.3776,0.0054,0.617
DIAMONDS KING HEARTS QUEEN,0.3552,0.0052,0.6396
HEARTS THREE HEARTS QUEEN,0.3802,0.011,0.6088
SPADES KING CLUBS SIX,0.4062,0.0068,0.587
DIAMONDS KING HEARTS KING,0.1732,0.0094,0.8174
HEARTS THREE HEARTS KING,0.3782,0.0082,0.6136
SPADES QUEEN CLUBS SIX,0.3858,0.0144,0.5998
SPADES NINE HEARTS TEN,0.2634,0.0696,0.667
SPADES NINE HEARTS JACK,0.2546,0.0582,0.6872
SPADES QUEEN SPADES FIVE,0.3804,0.0128,0.6068
SPADES KING SPADES FIVE,0.376,0.0072,0.6168
SPADES ACE SPADES FIVE,0.3694,0.0042,0.6264
SPADES NINE HEARTS QUEEN,0.2756,0.044,0.6804
SPADES NINE HEARTS KING,0.2686,0.0364,0.695
SPADES NINE HEARTS ACE,0.2648,0.0276,0.7076
CLUBS TEN SPADES JACK,0.339,0.0158,0.6452
CLUBS TEN SPADES TEN,0.1644,0.0446,0.791
SPADES ACE CLUBS TEN,0.354,0.0046,0.6414
CLUBS TEN SPADES KING,0.3512,0.0068,0.642
CLUBS TEN SPADES QUEEN,0.328,0.009,0.663
SPADES FIVE HEARTS QUEEN,0.4004,0.0094,0.5902
HEARTS KING SPADES FIVE,0.3788,0.0098,0.6114
SPADES FIVE HEARTS ACE,0.3792,0.0046,0.6162
CLUBS EIGHT SPADES TEN,0.3596,0.0206,0.6198
HEARTS THREE SPADES JACK,0.3972,0.0188,0.584
SPADES JACK DIAMONDS KING,0.3586,0.0058,0.6356
SPADES TEN DIAMONDS KING,0.362,0.007,0.631
HEARTS THREE SPADES TEN,0.3944,0.0264,0.5792
SPADES JACK CLUBS EIGHT,0.3688,0.016,0.6152
CLUBS SIX HEARTS ACE,0.3872,0.0052,0.6076
SPADES ACE CLUBS EIGHT,0.3828,0.0028,0.6144
CLUBS JACK HEARTS FIVE,0.39,0.0158,0.5942
CLUBS TEN HEARTS FIVE,0.3788,0.026,0.5952
CLUBS SIX HEARTS QUEEN,0.3808,0.0114,0.6078
SPADES QUEEN CLUBS EIGHT,0.3746,0.0106,0.6148
CLUBS TEN SPADES THREE,0.3796,0.0264,0.594
CLUBS SIX HEARTS KING,0.3952,0.0098,0.595
SPADES KING CLUBS EIGHT,0.3922,0.0072,0.6006
CLUBS JACK SPADES THREE,0.3902,0.021,0.5888
DIAMONDS TWO HEARTS JACK,0.284,0.0584,0.6576
SPADES THREE CLUBS QUEEN,0.399,0.0126,0.5884
DIAMONDS TWO HEARTS TEN,0.2834,0.075,0.6416
SPADES THREE CLUBS KING,0.3938,0.0094,0.5968
HEARTS FIVE CLUBS ACE,0.376,0.0042,0.6198
SPADES FIVE HEARTS TEN,0.395,0.0278,0.5772
SPADES THREE CLUBS ACE,0.3804,0.0062,0.6134
HEARTS FIVE CLUBS KING,0.3806,0.0096,0.6098
SPADES FIVE HEARTS JACK,0.3828,0.017,0.6002
HEARTS FIVE CLUBS QUEEN,0.3856,0.0126,0.6018
HEARTS THREE CLUBS KING,0.3952,0.0076,0.5972
DIAMONDS KING CLUBS KING,0.1622,0.0096,0.8282
HEARTS THREE CLUBS QUEEN,0.385,0.0158,0.5992
DIAMONDS KING CLUBS QUEEN,0.3358,0.0052,0.659
HEARTS FIVE HEARTS JACK,0.3796,0.0192,0.6012
HEARTS FIVE HEARTS TEN,0.3804,0.0258,0.5938
HEARTS THREE CLUBS ACE,0.3788,0.005,0.6162
DIAMONDS KING CLUBS ACE,0.3558,0.0042,0.64
SPADES ACE CLUBS QUEEN,0.3592,0.0052,0.6356
SPADES KING CLUBS QUEEN,0.3608,0.0072,0.632
CLUBS JACK HEARTS THREE,0.3824,0.0206,0.597
CLUBS JACK DIAMONDS KING,0.3468,0.0118,0.6414
SPADES QUEEN CLUBS QUEEN,0.1678,0.0216,0.8106
CLUBS TEN HEARTS THREE,0.3854,0.0312,0.5834
CLUBS TEN DIAMONDS KING,0.3378,0.008,0.6542
SPADES JACK CLUBS QUEEN,0.3398,0.0098,0.6504
CLUBS SIX CLUBS QUEEN,0.3492,0.0138,0.637
SPADES TEN CLUBS QUEEN,0.3446,0.0106,0.6448
CLUBS SIX CLUBS KING,0.343,0.0092,0.6478
CLUBS SIX CLUBS ACE,0.3464,0.0074,0.6462
HEARTS FIVE HEARTS KING,0.3836,0.0066,0.6098
HEARTS FIVE HEARTS QUEEN,0.3692,0.0118,0.619
CLUBS TEN CLUBS SIX,0.3336,0.0306,0.6358
HEARTS FIVE HEARTS ACE,0.3676,0.0044,0.628
CLUBS JACK CLUBS SIX,0.346,0.0192,0.6348
SPADES SEVEN HEARTS JACK,0.3874,0.0164,0.5962
SPADES SEVEN HEARTS TEN,0.3774,0.027,0.5956
DIAMONDS TWO CLUBS THREE,0.6494,0.1012,0.2494
HEARTS SIX DIAMONDS TWO,0.6622,0.0938,0.244
DIAMONDS TWO HEARTS QUEEN,0.2908,0.0352,0.674
DIAMONDS TWO HEARTS SEVEN,0.6746,0.0914,0.234
DIAMONDS TWO HEARTS KING,0.2796,0.026,0.6944
DIAMONDS TWO HEARTS EIGHT,0.6728,0.0972,0.23
DIAMONDS TWO HEARTS ACE,0.2806,0.014,0.7054
DIAMONDS TWO HEARTS NINE,0.0726,0.9046,0.0228
DIAMONDS TWO DIAMONDS QUEEN,0.2732,0.0356,0.6912
DIAMONDS TWO HEARTS TWO,0.3062,0.0558,0.638
DIAMONDS TWO DIAMONDS KING,0.2742,0.0218,0.704
HEARTS THREE DIAMONDS TWO,0.6478,0.105,0.2472
DIAMONDS TWO DIAMONDS ACE,0.2768,0.017,0.7062
HEARTS FOUR DIAMONDS TWO,0.6618,0.1064,0.2318
DIAMONDS TWO HEARTS FIVE,0.6374,0.1046,0.258
SPADES SEVEN HEARTS ACE,0.393,0.0034,0.6036
DIAMONDS TWO DIAMONDS TEN,0.2654,0.068,0.6666
SPADES SEVEN HEARTS KING,0.3928,0.0074,0.5998
DIAMONDS TWO DIAMONDS JACK,0.271,0.0522,0.6768
SPADES SEVEN HEARTS QUEEN,0.393,0.011,0.596
DIAMONDS TWO SPADES NINE,0.0746,0.9054,0.02
DIAMONDS TWO SPADES EIGHT,0.6826,0.1036,0.2138
DIAMONDS TWO SPADES SEVEN,0.6746,0.0994,0.226
DIAMONDS TWO SPADES SIX,0.6712,0.0914,0.2374
DIAMONDS TWO SPADES FIVE,0.655,0.1032,0.2418
DIAMONDS TWO SPADES FOUR,0.6542,0.106,0.2398
DIAMONDS TWO SPADES THREE,0.6578,0.0982,0.244
DIAMONDS TWO SPADES TWO,0.3096,0.0564,0.634
DIAMONDS TWO CLUBS EIGHT,0.6602,0.1078,0.232
CLUBS SEVEN DIAMONDS TWO,0.668,0.0946,0.2374
DIAMONDS TWO CLUBS SIX,0.6666,0.101,0.2324
DIAMONDS TWO CLUBS FIVE,0.6392,0.1046,0.2562
DIAMONDS TWO CLUBS FOUR,0.6468,0.0972,0.256
CLUBS FOUR SPADES FIVE,0.5572,0.0396,0.4032
CLUBS FOUR SPADES FOUR,0.3078,0.0818,0.6104
CLUBS FOUR SPADES THREE,0.565,0.046,0.389
CLUBS FOUR SPADES TWO,0.6402,0.107,0.2528
SPADES NINE CLUBS FOUR,0.2494,0.4994,0.2512
SPADES EIGHT CLUBS FOUR,0.5846,0.0416,0.3738
SPADES SEVEN CLUBS FOUR,0.5644,0.0462,0.3894
CLUBS FOUR SPADES SIX,0.5542,0.0506,0.3952
SPADES ACE DIAMONDS SIX,0.3922,0.0058,0.602
SPADES QUEEN DIAMONDS SIX,0.397,0.0138,0.5892
SPADES KING DIAMONDS SIX,0.402,0.0082,0.5898
SPADES TEN DIAMONDS SIX,0.3802,0.0224,0.5974
SPADES JACK DIAMONDS SIX,0.3978,0.0178,0.5844
SPADES QUEEN SPADES TWO,0.2694,0.0358,0.6948
SPADES KING SPADES TWO,0.2754,0.0294,0.6952
SPADES ACE SPADES TWO,0.2736,0.0166,0.7098
CLUBS JACK DIAMONDS JACK,0.1624,0.0354,0.8022
CLUBS TEN DIAMONDS JACK,0.3308,0.0148,0.6544
DIAMONDS JACK CLUBS KING,0.3408,0.0074,0.6518
DIAMONDS JACK CLUBS QUEEN,0.3464,0.0112,0.6424
DIAMONDS THREE DIAMONDS JACK,0.3688,0.0212,0.61
DIAMONDS THREE DIAMONDS TEN,0.363,0.0284,0.6086
DIAMONDS JACK CLUBS ACE,0.3516,0.0044,0.644
DIAMONDS THREE DIAMONDS KING,0.3826,0.0104,0.607
HEARTS THREE DIAMONDS THREE,0.3188,0.0896,0.5916
DIAMONDS THREE DIAMONDS QUEEN,0.3738,0.0134,0.6128
DIAMONDS THREE HEARTS TWO,0.6608,0.093,0.2462
HEARTS FIVE DIAMONDS THREE,0.5656,0.0424,0.392
DIAMONDS THREE DIAMONDS ACE,0.3652,0.0072,0.6276
HEARTS FOUR DIAMONDS THREE,0.565,0.041,0.394
DIAMONDS THREE HEARTS SEVEN,0.5812,0.0418,0.377
SPADES TEN SPADES NINE,0.2584,0.075,0.6666
HEARTS SIX DIAMONDS THREE,0.5744,0.0406,0.385
SPADES JACK SPADES NINE,0.253,0.0546,0.6924
DIAMONDS THREE HEARTS NINE,0.2732,0.4812,0.2456
HEARTS JACK DIAMONDS FOUR,0.4026,0.0148,0.5826
HEARTS KING HEARTS ACE,0.3324,0.0058,0.6618
SPADES TEN SPADES TWO,0.2684,0.0704,0.6612
DIAMONDS THREE HEARTS EIGHT,0.5958,0.041,0.3632
HEARTS TEN DIAMONDS FOUR,0.4118,0.0262,0.562
SPADES JACK SPADES TWO,0.2744,0.0482,0.6774
HEARTS QUEEN DIAMONDS FOUR,0.4008,0.013,0.5862
HEARTS KING DIAMONDS FOUR,0.3982,0.0078,0.594
SPADES ACE SPADES NINE,0.2588,0.0252,0.716
HEARTS ACE DIAMONDS FOUR,0.3868,0.0058,0.6074
SPADES KING SPADES NINE,0.237,0.036,0.727
SPADES QUEEN SPADES NINE,0.2578,0.0444,0.6978
DIAMONDS THREE SPADES NINE,0.2562,0.4816,0.2622
DIAMONDS THREE SPADES EIGHT,0.5936,0.0416,0.3648
DIAMONDS THREE SPADES SEVEN,0.5876,0.0432,0.3692
DIAMONDS THREE SPADES SIX,0.5728,0.0472,0.38
DIAMONDS THREE CLUBS SIX,0.5646,0.0458,0.3896
CLUBS FIVE CLUBS SIX,0.5238,0.0442,0.432
CLUBS ACE DIAMONDS FOUR,0.3606,0.006,0.6334
CLUBS SEVEN DIAMONDS THREE,0.5672,0.0434,0.3894
CLUBS SEVEN CLUBS FIVE,0.547,0.0442,0.4088
DIAMONDS THREE CLUBS FOUR,0.5684,0.048,0.3836
DIAMONDS FOUR CLUBS QUEEN,0.3734,0.0126,0.614
DIAMONDS THREE CLUBS FIVE,0.5686,0.0482,0.3832
DIAMONDS FOUR CLUBS KING,0.3924,0.0112,0.5964
CLUBS TEN DIAMONDS FOUR,0.3934,0.0298,0.5768
DIAMONDS THREE CLUBS THREE,0.314,0.0932,0.5928
CLUBS JACK DIAMONDS FOUR,0.3772,0.0224,0.6004
DIAMONDS THREE SPADES FOUR,0.5826,0.036,0.3814
DIAMONDS THREE SPADES FIVE,0.5616,0.0488,0.3896
DIAMONDS THREE SPADES TWO,0.6522,0.0976,0.2502
DIAMONDS THREE SPADES THREE,0.307,0.0884,0.6046
CLUBS EIGHT DIAMONDS THREE,0.6034,0.0428,0.3538
SPADES SEVEN CLUBS ACE,0.3668,0.0066,0.6266
SPADES SEVEN CLUBS QUEEN,0.3766,0.0098,0.6136
SPADES SEVEN CLUBS KING,0.3714,0.0088,0.6198
CLUBS FIVE SPADES SEVEN,0.5444,0.0458,0.4098
CLUBS TEN SPADES SEVEN,0.3662,0.0266,0.6072
CLUBS FIVE SPADES SIX,0.5424,0.042,0.4156
CLUBS JACK SPADES SEVEN,0.3812,0.0206,0.5982
CLUBS FIVE SPADES NINE,0.255,0.4364,0.3086
CLUBS FIVE SPADES EIGHT,0.5616,0.0372,0.4012
CLUBS FIVE SPADES THREE,0.5646,0.0432,0.3922
CLUBS FIVE SPADES TWO,0.6378,0.1012,0.261
CLUBS FIVE SPADES FIVE,0.3084,0.0814,0.6102
CLUBS FIVE SPADES FOUR,0.5576,0.0422,0.4002
CLUBS EIGHT CLUBS FIVE,0.557,0.0458,0.3972
CLUBS ACE CLUBS QUEEN,0.3098,0.0052,0.685
CLUBS KING CLUBS QUEEN,0.308,0.008,0.684
DIAMONDS TEN DIAMONDS FOUR,0.378,0.0272,0.5948
CLUBS TEN DIAMONDS NINE,0.245,0.0842,0.6708
DIAMONDS JACK DIAMONDS FOUR,0.3752,0.0174,0.6074
CLUBS JACK DIAMONDS NINE,0.2436,0.0594,0.697
CLUBS JACK SPADES NINE,0.2514,0.055,0.6936
CLUBS TEN SPADES NINE,0.26,0.079,0.661
DIAMONDS ACE DIAMONDS FOUR,0.3552,0.0052,0.6396
HEARTS FOUR DIAMONDS FOUR,0.3276,0.083,0.5894
DIAMONDS JACK HEARTS TEN,0.341,0.0142,0.6448
SPADES NINE CLUBS KING,0.2562,0.0346,0.7092
DIAMONDS TWO SPADES TEN,0.284,0.0726,0.6434
DIAMONDS NINE CLUBS ACE,0.2698,0.026,0.7042
HEARTS FIVE DIAMONDS FOUR,0.5616,0.0406,0.3978
HEARTS JACK DIAMONDS JACK,0.1794,0.0314,0.7892
SPADES NINE CLUBS QUEEN,0.2506,0.0458,0.7036
DIAMONDS TWO SPADES JACK,0.2808,0.0544,0.6648
DIAMONDS QUEEN DIAMONDS FOUR,0.3824,0.0152,0.6024
HEARTS TWO DIAMONDS FOUR,0.6514,0.0982,0.2504
DIAMONDS NINE CLUBS QUEEN,0.2572,0.047,0.6958
DIAMONDS KING DIAMONDS FOUR,0.3862,0.0092,0.6046
HEARTS THREE DIAMONDS FOUR,0.5744,0.0414,0.3842
SPADES NINE CLUBS ACE,0.2522,0.0268,0.721
DIAMONDS NINE CLUBS KING,0.2514,0.0336,0.715
HEARTS ACE DIAMONDS JACK,0.3618,0.0046,0.6336
SPADES ACE DIAMONDS TWO,0.2808,0.0176,0.7016
DIAMONDS JACK HEARTS QUEEN,0.3468,0.0094,0.6438
SPADES QUEEN DIAMONDS TWO,0.2942,0.0404,0.6654
HEARTS KING DIAMONDS JACK,0.3576,0.0078,0.6346
SPADES KING DIAMONDS TWO,0.2926,0.0278,0.6796
SPADES JACK SPADES SEVEN,0.3674,0.0186,0.614
SPADES TEN SPADES SEVEN,0.3704,0.0186,0.611
CLUBS SEVEN CLUBS THREE,0.5762,0.0464,0.3774
CLUBS SIX CLUBS THREE,0.5698,0.0422,0.388
CLUBS FIVE CLUBS THREE,0.552,0.0512,0.3968
CLUBS THREE CLUBS FOUR,0.554,0.0424,0.4036
CLUBS EIGHT CLUBS THREE,0.5846,0.0488,0.3666
CLUBS THREE SPADES FIVE,0.5612,0.0434,0.3954
CLUBS THREE SPADES FOUR,0.5722,0.044,0.3838
CLUBS THREE SPADES THREE,0.3032,0.0898,0.607
CLUBS THREE SPADES TWO,0.6486,0.099,0.2524
CLUBS THREE SPADES SIX,0.5716,0.0414,0.387
CLUBS THREE SPADES SEVEN,0.5686,0.0448,0.3866
SPADES EIGHT CLUBS THREE,0.606,0.0406,0.3534
SPADES NINE CLUBS THREE,0.2508,0.5008,0.2484
SPADES TWO DIAMONDS FOUR,0.66,0.1,0.24
SPADES THREE DIAMONDS FOUR,0.5738,0.0438,0.3824
SPADES FOUR DIAMONDS FOUR,0.3228,0.0804,0.5968
SPADES FIVE DIAMONDS FOUR,0.554,0.0392,0.4068
SPADES SIX DIAMONDS FOUR,0.571,0.0378,0.3912
SPADES SEVEN DIAMONDS FOUR,0.5688,0.0454,0.3858
SPADES EIGHT DIAMONDS FOUR,0.5788,0.046,0.3752
SPADES NINE DIAMONDS FOUR,0.2648,0.4912,0.244
CLUBS FIVE DIAMONDS FOUR,0.5488,0.0488,0.4024
CLUBS FOUR DIAMONDS FOUR,0.3134,0.0836,0.603
CLUBS SEVEN DIAMONDS FOUR,0.5584,0.0412,0.4004
CLUBS SIX DIAMONDS FOUR,0.559,0.0454,0.3956
CLUBS EIGHT DIAMONDS FOUR,0.5794,0.043,0.3776
DIAMONDS FOUR HEARTS SEVEN,0.5712,0.0426,0.3862
HEARTS SIX DIAMONDS FOUR,0.5518,0.0416,0.4066
HEARTS NINE DIAMONDS FOUR,0.2778,0.4816,0.2406
DIAMONDS FOUR HEARTS EIGHT,0.5826,0.0444,0.373
CLUBS THREE DIAMONDS FOUR,0.5624,0.048,0.3896
DIAMONDS TEN DIAMONDS FIVE,0.3854,0.0244,0.5902
DIAMONDS JACK DIAMONDS FIVE,0.3788,0.0152,0.606
DIAMONDS NINE HEARTS QUEEN,0.272,0.0456,0.6824
HEARTS KING DIAMONDS NINE,0.2744,0.0358,0.6898
DIAMONDS NINE HEARTS ACE,0.268,0.024,0.708
DIAMONDS NINE HEARTS TEN,0.2678,0.0724,0.6598
DIAMONDS NINE HEARTS JACK,0.2722,0.0594,0.6684
CLUBS KING DIAMONDS SIX,0.3874,0.0108,0.6018
CLUBS QUEEN DIAMONDS SIX,0.3994,0.01,0.5906
CLUBS ACE DIAMONDS SIX,0.3928,0.0048,0.6024
SPADES KING DIAMONDS FOUR,0.4056,0.007,0.5874
SPADES ACE SPADES SEVEN,0.3534,0.0056,0.641
SPADES QUEEN DIAMONDS FOUR,0.397,0.014,0.589
SPADES QUEEN SPADES SEVEN,0.3726,0.0086,0.6188
CLUBS JACK DIAMONDS SIX,0.3774,0.0194,0.6032
SPADES KING SPADES SEVEN,0.3782,0.0064,0.6154
SPADES ACE DIAMONDS FOUR,0.3944,0.006,0.5996
CLUBS TEN DIAMONDS SIX,0.386,0.0278,0.5862
CLUBS EIGHT CLUBS FOUR,0.5696,0.0414,0.389
SPADES JACK DIAMONDS FOUR,0.3964,0.0198,0.5838
SPADES TEN DIAMONDS FOUR,0.3978,0.025,0.5772
CLUBS FIVE CLUBS FOUR,0.5344,0.0456,0.42
CLUBS SEVEN CLUBS FOUR,0.5572,0.0448,0.398
CLUBS SIX CLUBS FOUR,0.5582,0.0454,0.3964
CLUBS SEVEN SPADES EIGHT,0.5284,0.0358,0.4358
CLUBS SEVEN SPADES NINE,0.2416,0.2752,0.4832
CLUBS SEVEN SPADES SIX,0.5368,0.0362,0.427
CLUBS SEVEN SPADES SEVEN,0.2978,0.0708,0.6314
CLUBS SEVEN SPADES FIVE,0.5454,0.037,0.4176
CLUBS SEVEN SPADES FOUR,0.5676,0.042,0.3904
CLUBS SEVEN SPADES THREE,0.5782,0.0434,0.3784
CLUBS SEVEN SPADES TWO,0.6752,0.099,0.2258
CLUBS SEVEN CLUBS EIGHT,0.5254,0.0394,0.4352
HEARTS SIX DIAMONDS FIVE,0.543,0.0424,0.4146
DIAMONDS FIVE HEARTS SEVEN,0.5566,0.0416,0.4018
DIAMONDS FIVE HEARTS EIGHT,0.5706,0.0382,0.3912
HEARTS NINE DIAMONDS FIVE,0.2604,0.4222,0.3174
DIAMONDS QUEEN DIAMONDS FIVE,0.366,0.0108,0.6232
HEARTS TWO DIAMONDS FIVE,0.6466,0.0988,0.2546
HEARTS KING HEARTS EIGHT,0.3626,0.0076,0.6298
DIAMONDS KING DIAMONDS FIVE,0.3694,0.0066,0.624
HEARTS THREE DIAMONDS FIVE,0.5622,0.0414,0.3964
HEARTS QUEEN HEARTS EIGHT,0.3744,0.0108,0.6148
DIAMONDS ACE DIAMONDS FIVE,0.365,0.005,0.63
HEARTS FOUR DIAMONDS FIVE,0.5432,0.039,0.4178
HEARTS FIVE DIAMONDS FIVE,0.3182,0.0742,0.6076
HEARTS ACE HEARTS EIGHT,0.3756,0.0036,0.6208
CLUBS FOUR DIAMONDS FIVE,0.5616,0.0414,0.397
CLUBS FIVE DIAMONDS FIVE,0.3106,0.078,0.6114
CLUBS SIX DIAMONDS FIVE,0.5328,0.0448,0.4224
CLUBS SEVEN DIAMONDS FIVE,0.54,0.0464,0.4136
CLUBS THREE DIAMONDS FIVE,0.5532,0.0502,0.3966
SPADES THREE DIAMONDS FIVE,0.5708,0.0384,0.3908
SPADES TWO DIAMONDS FIVE,0.6532,0.0928,0.254
SPADES JACK DIAMONDS EIGHT,0.3736,0.013,0.6134
SPADES FIVE DIAMONDS FIVE,0.3142,0.072,0.6138
CLUBS TEN HEARTS JACK,0.338,0.0152,0.6468
SPADES TEN DIAMONDS EIGHT,0.3754,0.0236,0.601
SPADES FOUR DIAMONDS FIVE,0.5462,0.0428,0.411
CLUBS JACK HEARTS JACK,0.1744,0.0304,0.7952
HEARTS JACK CLUBS QUEEN,0.3358,0.0112,0.653
HEARTS JACK CLUBS KING,0.3486,0.0062,0.6452
CLUBS EIGHT DIAMONDS FIVE,0.564,0.0418,0.3942
HEARTS JACK CLUBS ACE,0.3416,0.0046,0.6538
SPADES SEVEN DIAMONDS FIVE,0.555,0.0396,0.4054
SPADES KING DIAMONDS EIGHT,0.388,0.0096,0.6024
SPADES QUEEN DIAMONDS EIGHT,0.3854,0.0094,0.6052
SPADES SIX DIAMONDS FIVE,0.551,0.0412,0.4078
SPADES NINE DIAMONDS FIVE,0.253,0.4286,0.3184
SPADES EIGHT DIAMONDS FIVE,0.5854,0.0388,0.3758
SPADES ACE DIAMONDS EIGHT,0.3822,0.0026,0.6152
DIAMONDS TEN DIAMONDS SIX,0.3674,0.0258,0.6068
HEARTS ACE DIAMONDS SEVEN,0.3898,0.0036,0.6066
DIAMONDS JACK DIAMONDS SIX,0.383,0.0182,0.5988
HEARTS QUEEN DIAMONDS SEVEN,0.3902,0.0092,0.6006
HEARTS KING DIAMONDS SEVEN,0.394,0.0068,0.5992
DIAMONDS ACE DIAMONDS SIX,0.3708,0.0044,0.6248
HEARTS FOUR DIAMONDS SIX,0.566,0.0472,0.3868
HEARTS JACK SPADES TWO,0.2774,0.0472,0.6754
HEARTS FIVE DIAMONDS SIX,0.547,0.043,0.41
SPADES TWO HEARTS TEN,0.2784,0.0706,0.651
DIAMONDS QUEEN DIAMONDS SIX,0.389,0.0106,0.6004
HEARTS TWO DIAMONDS SIX,0.6636,0.0986,0.2378
DIAMONDS KING DIAMONDS SIX,0.3794,0.0068,0.6138
HEARTS THREE DIAMONDS SIX,0.568,0.0428,0.3892
HEARTS EIGHT DIAMONDS SIX,0.5584,0.0378,0.4038
HEARTS NINE DIAMONDS SIX,0.2706,0.3406,0.3888
HEARTS SIX DIAMONDS SIX,0.3128,0.0702,0.617
HEARTS SEVEN DIAMONDS SIX,0.556,0.0406,0.4034
HEARTS TEN DIAMONDS SEVEN,0.3696,0.023,0.6074
HEARTS JACK DIAMONDS SEVEN,0.3872,0.0122,0.6006
CLUBS THREE DIAMONDS SIX,0.5714,0.041,0.3876
CLUBS SEVEN DIAMONDS SIX,0.5382,0.0422,0.4196
CLUBS JACK DIAMONDS EIGHT,0.363,0.0168,0.6202
CLUBS SIX DIAMONDS SIX,0.3096,0.072,0.6184
CLUBS TEN DIAMONDS EIGHT,0.3536,0.029,0.6174
CLUBS FIVE DIAMONDS SIX,0.5502,0.0404,0.4094
CLUBS FOUR DIAMONDS SIX,0.5708,0.0418,0.3874
HEARTS ACE HEARTS JACK,0.3386,0.006,0.6554
DIAMONDS EIGHT CLUBS ACE,0.3808,0.005,0.6142
HEARTS JACK HEARTS QUEEN,0.3276,0.009,0.6634
DIAMONDS EIGHT CLUBS KING,0.3742,0.0076,0.6182
HEARTS KING HEARTS JACK,0.3228,0.009,0.6682
DIAMONDS EIGHT CLUBS QUEEN,0.3808,0.014,0.6052
CLUBS EIGHT DIAMONDS SIX,0.5536,0.037,0.4094
SPADES TEN HEARTS KING,0.3684,0.0044,0.6272
SPADES FIVE DIAMONDS SIX,0.5476,0.0462,0.4062
HEARTS ACE SPADES TWO,0.2734,0.0164,0.7102
SPADES JACK HEARTS KING,0.3692,0.0068,0.624
SPADES FOUR DIAMONDS SIX,0.5678,0.041,0.3912
SPADES THREE DIAMONDS SIX,0.5808,0.0494,0.3698
HEARTS QUEEN SPADES TWO,0.2848,0.0436,0.6716
SPADES ACE SPADES KING,0.3566,0.0052,0.6382
HEARTS KING SPADES TWO,0.2874,0.0302,0.6824
SPADES TWO DIAMONDS SIX,0.6768,0.0894,0.2338
HEARTS TEN HEARTS EIGHT,0.3452,0.0262,0.6286
SPADES NINE DIAMONDS SIX,0.2654,0.3444,0.3902
HEARTS JACK HEARTS EIGHT,0.3474,0.0162,0.6364
SPADES EIGHT DIAMONDS SIX,0.553,0.0392,0.4078
SPADES SEVEN DIAMONDS SIX,0.5486,0.0404,0.411
SPADES SIX DIAMONDS SIX,0.2994,0.0764,0.6242
SPADES KING HEARTS KING,0.1612,0.014,0.8248
SPADES QUEEN HEARTS KING,0.3654,0.0062,0.6284
CLUBS ACE CLUBS KING,0.3068,0.0076,0.6856
SPADES ACE HEARTS KING,0.3658,0.0038,0.6304
SPADES ACE HEARTS JACK,0.3746,0.0038,0.6216
SPADES QUEEN HEARTS JACK,0.3458,0.012,0.6422
SPADES KING HEARTS JACK,0.3554,0.0072,0.6374
SPADES TEN DIAMONDS TEN,0.1822,0.0388,0.779
SPADES JACK DIAMONDS TEN,0.336,0.015,0.649
SPADES ACE DIAMONDS TEN,0.351,0.004,0.645
SPADES JACK HEARTS JACK,0.1696,0.0346,0.7958
SPADES TEN HEARTS JACK,0.3344,0.0152,0.6504
SPADES QUEEN DIAMONDS TEN,0.332,0.0126,0.6554
SPADES KING DIAMONDS TEN,0.3584,0.0074,0.6342
SPADES NINE DIAMONDS SEVEN,0.2638,0.272,0.4642
SPADES EIGHT DIAMONDS SEVEN,0.5484,0.0362,0.4154
SPADES SEVEN DIAMONDS SEVEN,0.3018,0.0604,0.6378
SPADES SIX DIAMONDS SEVEN,0.5542,0.0352,0.4106
DIAMONDS KING DIAMONDS SEVEN,0.3772,0.0096,0.6132
HEARTS THREE DIAMONDS SEVEN,0.5934,0.0444,0.3622
HEARTS KING DIAMONDS FIVE,0.3942,0.0046,0.6012
DIAMONDS QUEEN DIAMONDS SEVEN,0.3732,0.0118,0.615
HEARTS TWO DIAMONDS SEVEN,0.6742,0.098,0.2278
HEARTS QUEEN DIAMONDS FIVE,0.4136,0.0098,0.5766
HEARTS FIVE DIAMONDS SEVEN,0.559,0.0376,0.4034
DIAMONDS ACE DIAMONDS SEVEN,0.3758,0.0064,0.6178
HEARTS FOUR DIAMONDS SEVEN,0.5612,0.0422,0.3966
HEARTS ACE DIAMONDS FIVE,0.3902,0.0032,0.6066
HEARTS SEVEN DIAMONDS SEVEN,0.3078,0.0648,0.6274
HEARTS SIX DIAMONDS SEVEN,0.551,0.0446,0.4044
HEARTS NINE DIAMONDS SEVEN,0.2588,0.2774,0.4638
DIAMONDS SEVEN HEARTS EIGHT,0.5448,0.0386,0.4166
DIAMONDS JACK DIAMONDS SEVEN,0.3644,0.0174,0.6182
HEARTS JACK DIAMONDS FIVE,0.3864,0.0182,0.5954
DIAMONDS TEN DIAMONDS SEVEN,0.3578,0.0218,0.6204
DIAMONDS FIVE HEARTS TEN,0.3934,0.029,0.5776
HEARTS KING CLUBS KING,0.1674,0.0138,0.8188
CLUBS EIGHT DIAMONDS SEVEN,0.5418,0.0362,0.422
HEARTS KING CLUBS QUEEN,0.3422,0.0062,0.6516
CLUBS JACK SPADES TWO,0.2694,0.0524,0.6782
CLUBS TEN SPADES TWO,0.28,0.0726,0.6474
HEARTS KING CLUBS ACE,0.3536,0.0062,0.6402
CLUBS SEVEN CLUBS SIX,0.528,0.041,0.431
SPADES TWO CLUBS KING,0.2742,0.031,0.6948
SPADES TWO DIAMONDS SEVEN,0.6856,0.0968,0.2176
CLUBS EIGHT CLUBS SIX,0.5366,0.0446,0.4188
SPADES THREE DIAMONDS SEVEN,0.582,0.038,0.38
SPADES TWO CLUBS QUEEN,0.2682,0.0396,0.6922
SPADES FOUR DIAMONDS SEVEN,0.5776,0.0392,0.3832
CLUBS JACK HEARTS KING,0.3406,0.0078,0.6516
SPADES FIVE DIAMONDS SEVEN,0.556,0.0396,0.4044
SPADES TWO CLUBS ACE,0.2644,0.018,0.7176
CLUBS TEN HEARTS KING,0.341,0.0078,0.6512
CLUBS SIX SPADES TWO,0.6694,0.0998,0.2308
CLUBS SIX SPADES THREE,0.572,0.0452,0.3828
CLUBS SIX SPADES FOUR,0.5712,0.043,0.3858
CLUBS THREE DIAMONDS SEVEN,0.581,0.0416,0.3774
CLUBS SIX SPADES FIVE,0.551,0.0448,0.4042
CLUBS FOUR DIAMONDS SEVEN,0.5714,0.0438,0.3848
CLUBS SIX SPADES SIX,0.2966,0.0714,0.632
CLUBS FIVE DIAMONDS SEVEN,0.554,0.039,0.407
CLUBS SIX SPADES SEVEN,0.5414,0.0444,0.4142
CLUBS SIX DIAMONDS SEVEN,0.5482,0.0436,0.4082
CLUBS SIX SPADES EIGHT,0.5538,0.0398,0.4064
CLUBS SEVEN DIAMONDS SEVEN,0.2838,0.0672,0.649
SPADES NINE CLUBS SIX,0.2456,0.357,0.3974
CLUBS THREE DIAMONDS EIGHT,0.5932,0.0488,0.358
DIAMONDS EIGHT HEARTS SEVEN,0.5422,0.036,0.4218
HEARTS SIX DIAMONDS EIGHT,0.5578,0.0402,0.402
DIAMONDS EIGHT HEARTS NINE,0.2656,0.2166,0.5178
DIAMONDS EIGHT HEARTS EIGHT,0.3042,0.0552,0.6406
CLUBS EIGHT DIAMONDS EIGHT,0.2884,0.0612,0.6504
CLUBS FIVE DIAMONDS EIGHT,0.5662,0.0408,0.393
SPADES ACE SPADES THREE,0.3654,0.005,0.6296
CLUBS FOUR DIAMONDS EIGHT,0.5754,0.0404,0.3842
CLUBS SEVEN DIAMONDS EIGHT,0.5508,0.0388,0.4104
SPADES QUEEN SPADES THREE,0.3734,0.0122,0.6144
CLUBS SIX DIAMONDS EIGHT,0.5634,0.039,0.3976
SPADES KING SPADES THREE,0.3818,0.011,0.6072
DIAMONDS QUEEN DIAMONDS EIGHT,0.3688,0.0104,0.6208
HEARTS TWO DIAMONDS EIGHT,0.6838,0.1024,0.2138
DIAMONDS KING DIAMONDS EIGHT,0.3796,0.0076,0.6128
HEARTS THREE DIAMONDS EIGHT,0.6052,0.0402,0.3546
DIAMONDS ACE DIAMONDS EIGHT,0.3544,0.0042,0.6414
HEARTS FOUR DIAMONDS EIGHT,0.5902,0.044,0.3658
HEARTS FIVE DIAMONDS EIGHT,0.5638,0.0408,0.3954
DIAMONDS EIGHT DIAMONDS TEN,0.3396,0.0254,0.635
DIAMONDS EIGHT DIAMONDS JACK,0.35,0.016,0.634
SPADES JACK SPADES THREE,0.3792,0.017,0.6038
SPADES TEN SPADES THREE,0.385,0.0264,0.5886
CLUBS FOUR HEARTS ACE,0.3788,0.006,0.6152
CLUBS FOUR HEARTS QUEEN,0.3972,0.0142,0.5886
CLUBS FOUR HEARTS KING,0.3976,0.0102,0.5922
CLUBS SIX HEARTS TEN,0.3932,0.0248,0.582
CLUBS SIX HEARTS JACK,0.3902,0.0152,0.5946
DIAMONDS EIGHT SPADES FOUR,0.5802,0.0388,0.381
SPADES FIVE DIAMONDS EIGHT,0.566,0.0406,0.3934
DIAMONDS EIGHT SPADES TWO,0.676,0.1016,0.2224
DIAMONDS EIGHT SPADES THREE,0.5884,0.0442,0.3674
CLUBS FOUR HEARTS JACK,0.4026,0.0196,0.5778
SPADES EIGHT DIAMONDS EIGHT,0.3046,0.0546,0.6408
SPADES TEN DIAMONDS QUEEN,0.3494,0.0108,0.6398
SPADES TEN HEARTS TWO,0.2888,0.076,0.6352
SPADES JACK HEARTS EIGHT,0.3882,0.0176,0.5942
CLUBS FOUR HEARTS TEN,0.3912,0.0292,0.5796
SPADES NINE DIAMONDS EIGHT,0.2574,0.215,0.5276
SPADES TEN HEARTS EIGHT,0.3666,0.0224,0.611
SPADES JACK HEARTS TWO,0.2786,0.0498,0.6716
SPADES JACK DIAMONDS QUEEN,0.3508,0.0084,0.6408
SPADES SIX DIAMONDS EIGHT,0.5618,0.0416,0.3966
SPADES SEVEN DIAMONDS EIGHT,0.542,0.0356,0.4224
SPADES ACE HEARTS TWO,0.2824,0.0168,0.7008
SPADES ACE DIAMONDS QUEEN,0.3736,0.003,0.6234
SPADES ACE HEARTS EIGHT,0.38,0.0038,0.6162
SPADES KING HEARTS EIGHT,0.4052,0.0064,0.5884
SPADES QUEEN HEARTS TWO,0.283,0.0388,0.6782
SPADES QUEEN DIAMONDS QUEEN,0.175,0.0192,0.8058
SPADES KING DIAMONDS QUEEN,0.365,0.0052,0.6298
SPADES KING HEARTS TWO,0.2884,0.0292,0.6824
SPADES QUEEN HEARTS EIGHT,0.3832,0.0086,0.6082
SPADES SEVEN DIAMONDS NINE,0.2674,0.2726,0.46
SPADES SIX DIAMONDS NINE,0.2616,0.362,0.3764
SPADES NINE DIAMONDS NINE,0.1266,0.0684,0.805
SPADES EIGHT DIAMONDS NINE,0.2786,0.2144,0.507
SPADES TEN CLUBS KING,0.3456,0.0086,0.6458
DIAMONDS NINE SPADES THREE,0.2654,0.5046,0.23
SPADES JACK CLUBS KING,0.3494,0.0084,0.6422
DIAMONDS NINE SPADES TWO,0.076,0.9018,0.0222
DIAMONDS NINE SPADES FIVE,0.2678,0.4336,0.2986
DIAMONDS NINE SPADES FOUR,0.2616,0.493,0.2454
CLUBS EIGHT DIAMONDS NINE,0.2602,0.212,0.5278
CLUBS SIX DIAMONDS NINE,0.2436,0.3646,0.3918
SPADES JACK CLUBS FOUR,0.3846,0.0194,0.596
CLUBS SEVEN DIAMONDS NINE,0.2556,0.2808,0.4636
SPADES TEN CLUBS FOUR,0.3854,0.0312,0.5834
CLUBS FOUR DIAMONDS NINE,0.249,0.498,0.253
CLUBS FIVE DIAMONDS NINE,0.2596,0.43,0.3104
CLUBS THREE DIAMONDS NINE,0.2522,0.4898,0.258
DIAMONDS NINE HEARTS EIGHT,0.2514,0.2202,0.5284
DIAMONDS NINE HEARTS NINE,0.1282,0.0702,0.8016
HEARTS SIX DIAMONDS NINE,0.272,0.34,0.388
DIAMONDS NINE HEARTS SEVEN,0.2632,0.2758,0.461
DIAMONDS ACE DIAMONDS NINE,0.2548,0.0206,0.7246
HEARTS FOUR DIAMONDS NINE,0.2486,0.4942,0.2572
HEARTS FIVE DIAMONDS NINE,0.262,0.4294,0.3086
SPADES ACE CLUBS FOUR,0.3816,0.0056,0.6128
DIAMONDS QUEEN DIAMONDS NINE,0.2588,0.0438,0.6974
HEARTS TWO DIAMONDS NINE,0.0694,0.9118,0.0188
SPADES KING CLUBS FOUR,0.4012,0.0086,0.5902
DIAMONDS KING DIAMONDS NINE,0.257,0.0394,0.7036
HEARTS THREE DIAMONDS NINE,0.2686,0.4992,0.2322
SPADES QUEEN CLUBS FOUR,0.3886,0.0108,0.6006
DIAMONDS NINE DIAMONDS JACK,0.2544,0.0624,0.6832
CLUBS EIGHT SPADES NINE,0.2522,0.225,0.5228
DIAMONDS NINE DIAMONDS TEN,0.249,0.0728,0.6782
CLUBS EIGHT SPADES EIGHT,0.2936,0.0572,0.6492
CLUBS EIGHT SPADES SEVEN,0.5304,0.0424,0.4272
CLUBS EIGHT SPADES SIX,0.5404,0.0356,0.424
CLUBS EIGHT SPADES FIVE,0.5624,0.0432,0.3944
CLUBS EIGHT SPADES FOUR,0.5716,0.0424,0.386
CLUBS EIGHT SPADES THREE,0.5894,0.0442,0.3664
CLUBS EIGHT SPADES TWO,0.6896,0.0978,0.2126
HEARTS SIX DIAMONDS TEN,0.3962,0.0272,0.5766
DIAMONDS TEN HEARTS SEVEN,0.3794,0.0246,0.596
DIAMONDS TEN HEARTS EIGHT,0.364,0.0238,0.6122
CLUBS JACK CLUBS FOUR,0.3478,0.016,0.6362
DIAMONDS TEN HEARTS NINE,0.2658,0.0704,0.6638
CLUBS TEN CLUBS FOUR,0.3412,0.0316,0.6272
CLUBS FOUR CLUBS KING,0.3388,0.0132,0.648
CLUBS FOUR CLUBS QUEEN,0.342,0.0128,0.6452
CLUBS THREE DIAMONDS TEN,0.3934,0.0288,0.5778
CLUBS FOUR CLUBS ACE,0.3486,0.007,0.6444
DIAMONDS JACK DIAMONDS TEN,0.3126,0.0122,0.6752
DIAMONDS QUEEN DIAMONDS TEN,0.327,0.0112,0.6618
HEARTS TWO DIAMONDS TEN,0.2842,0.0686,0.6472
DIAMONDS KING DIAMONDS TEN,0.336,0.0056,0.6584
HEARTS THREE DIAMONDS TEN,0.3896,0.0298,0.5806
DIAMONDS ACE DIAMONDS TEN,0.3522,0.0056,0.6422
HEARTS FOUR DIAMONDS TEN,0.3962,0.0252,0.5786
CLUBS EIGHT HEARTS JACK,0.3794,0.0154,0.6052
HEARTS FIVE DIAMONDS TEN,0.3942,0.0264,0.5794
CLUBS EIGHT HEARTS TEN,0.3534,0.0272,0.6194
CLUBS EIGHT HEARTS QUEEN,0.3816,0.011,0.6074
CLUBS EIGHT HEARTS KING,0.4054,0.0084,0.5862
CLUBS EIGHT HEARTS ACE,0.3916,0.0042,0.6042
CLUBS TEN HEARTS EIGHT,0.356,0.025,0.619
CLUBS JACK HEARTS EIGHT,0.371,0.0166,0.6124
CLUBS QUEEN HEARTS EIGHT,0.3788,0.0116,0.6096
CLUBS KING HEARTS EIGHT,0.391,0.0086,0.6004
CLUBS ACE HEARTS EIGHT,0.3766,0.0046,0.6188
SPADES KING CLUBS KING,0.164,0.015,0.821
SPADES QUEEN CLUBS KING,0.3446,0.008,0.6474
SPADES ACE CLUBS KING,0.3468,0.0048,0.6484
DIAMONDS ACE HEARTS TEN,0.3562,0.0038,0.64
HEARTS FOUR HEARTS TEN,0.3684,0.0318,0.5998
DIAMONDS ACE HEARTS JACK,0.3666,0.003,0.6304
HEARTS FOUR HEARTS JACK,0.3784,0.0182,0.6034
SPADES KING CLUBS FIVE,0.3962,0.0082,0.5956
SPADES QUEEN CLUBS FIVE,0.4048,0.0108,0.5844
SPADES ACE CLUBS FIVE,0.373,0.0046,0.6224
DIAMONDS JACK HEARTS SEVEN,0.3834,0.0166,0.6
HEARTS SIX DIAMONDS JACK,0.4068,0.0168,0.5764
DIAMONDS JACK HEARTS NINE,0.2864,0.0588,0.6548
DIAMONDS JACK HEARTS EIGHT,0.3896,0.015,0.5954
DIAMONDS KING DIAMONDS JACK,0.3334,0.006,0.6606
HEARTS THREE DIAMONDS JACK,0.4068,0.015,0.5782
SPADES ACE SPADES SIX,0.3786,0.0038,0.6176
HEARTS ACE SPADES FOUR,0.394,0.0028,0.6032
DIAMONDS QUEEN DIAMONDS JACK,0.3324,0.0114,0.6562
HEARTS TWO DIAMONDS JACK,0.2896,0.0502,0.6602
HEARTS FIVE DIAMONDS JACK,0.405,0.0168,0.5782
SPADES QUEEN SPADES SIX,0.3822,0.0108,0.607
SPADES FOUR HEARTS QUEEN,0.4012,0.012,0.5868
DIAMONDS ACE DIAMONDS JACK,0.3404,0.0028,0.6568
HEARTS FOUR DIAMONDS JACK,0.4054,0.0166,0.578
SPADES KING SPADES SIX,0.3778,0.0072,0.615
HEARTS KING SPADES FOUR,0.4028,0.0088,0.5884
SPADES TEN SPADES SIX,0.3662,0.0272,0.6066
SPADES JACK SPADES SIX,0.3812,0.0206,0.5982
SPADES FOUR DIAMONDS JACK,0.4016,0.0182,0.5802
SPADES FIVE DIAMONDS JACK,0.4022,0.019,0.5788
DIAMONDS JACK SPADES TWO,0.2908,0.0502,0.659
DIAMONDS JACK SPADES THREE,0.4072,0.0212,0.5716
SPADES ACE DIAMONDS THREE,0.3888,0.0048,0.6064
SPADES QUEEN DIAMONDS THREE,0.398,0.0104,0.5916
CLUBS EIGHT DIAMONDS JACK,0.3672,0.021,0.6118
SPADES KING DIAMONDS THREE,0.4088,0.0086,0.5826
CLUBS SIX DIAMONDS JACK,0.3972,0.0162,0.5866
CLUBS SEVEN DIAMONDS JACK,0.3734,0.0184,0.6082
CLUBS FOUR DIAMONDS JACK,0.399,0.0158,0.5852
CLUBS FIVE DIAMONDS JACK,0.388,0.0128,0.5992
CLUBS THREE DIAMONDS JACK,0.4104,0.0186,0.571
SPADES TEN CLUBS FIVE,0.3816,0.0266,0.5918
HEARTS SIX SPADES JACK,0.3958,0.0176,0.5866
HEARTS SIX SPADES TEN,0.3848,0.0248,0.5904
SPADES JACK CLUBS FIVE,0.3882,0.02,0.5918
SPADES JACK DIAMONDS THREE,0.4032,0.0174,0.5794
CLUBS SEVEN CLUBS ACE,0.3274,0.007,0.6656
DIAMONDS THREE SPADES TEN,0.388,0.025,0.587
CLUBS SEVEN CLUBS QUEEN,0.3388,0.0148,0.6464
CLUBS SEVEN CLUBS KING,0.338,0.0074,0.6546
SPADES NINE DIAMONDS JACK,0.253,0.065,0.682
CLUBS TEN CLUBS SEVEN,0.3324,0.0234,0.6442
DIAMONDS ACE HEARTS ACE,0.1646,0.0028,0.8326
HEARTS FOUR HEARTS ACE,0.3546,0.0058,0.6396
SPADES EIGHT DIAMONDS JACK,0.391,0.0174,0.5916
SPADES ACE HEARTS SIX,0.3928,0.004,0.6032
CLUBS JACK CLUBS SEVEN,0.3372,0.018,0.6448
DIAMONDS ACE HEARTS KING,0.3688,0.0046,0.6266
HEARTS FOUR HEARTS KING,0.3792,0.0096,0.6112
SPADES SEVEN DIAMONDS JACK,0.3944,0.0122,0.5934
SPADES KING HEARTS SIX,0.3948,0.0066,0.5986
DIAMONDS ACE HEARTS QUEEN,0.3634,0.0044,0.6322
HEARTS FOUR HEARTS QUEEN,0.3812,0.0128,0.606
SPADES QUEEN HEARTS SIX,0.4008,0.0122,0.587
SPADES SIX DIAMONDS JACK,0.4012,0.0184,0.5804
DIAMONDS TEN SPADES TWO,0.2852,0.0696,0.6452
SPADES THREE DIAMONDS TEN,0.4066,0.026,0.5674
SPADES FOUR DIAMONDS TEN,0.401,0.0226,0.5764
SPADES FIVE DIAMONDS TEN,0.3914,0.026,0.5826
SPADES SIX DIAMONDS TEN,0.3976,0.0272,0.5752
SPADES SEVEN DIAMONDS TEN,0.3824,0.0222,0.5954
SPADES EIGHT DIAMONDS TEN,0.3664,0.0254,0.6082
SPADES NINE DIAMONDS TEN,0.2678,0.0724,0.6598
CLUBS FOUR DIAMONDS TEN,0.396,0.0254,0.5786
CLUBS FIVE DIAMONDS TEN,0.3908,0.0258,0.5834
CLUBS SIX DIAMONDS TEN,0.3708,0.0248,0.6044
CLUBS SEVEN DIAMONDS TEN,0.3722,0.028,0.5998
CLUBS EIGHT DIAMONDS TEN,0.3624,0.0212,0.6164
CLUBS JACK DIAMONDS THREE,0.397,0.0154,0.5876
CLUBS TEN DIAMONDS THREE,0.3942,0.0288,0.577
DIAMONDS THREE CLUBS KING,0.4,0.0084,0.5916
DIAMONDS THREE CLUBS QUEEN,0.3838,0.0132,0.603
DIAMONDS THREE CLUBS ACE,0.3814,0.0062,0.6124
SPADES FOUR HEARTS JACK,0.3954,0.0152,0.5894
SPADES FOUR HEARTS TEN,0.3932,0.0286,0.5782
SPADES FIVE SPADES TWO,0.6102,0.0894,0.3004
SPADES FOUR SPADES TWO,0.6156,0.0992,0.2852
SPADES THREE SPADES TWO,0.6232,0.105,0.2718
SPADES NINE SPADES TWO,0.0652,0.8644,0.0704
SPADES EIGHT SPADES TWO,0.6402,0.1018,0.258
SPADES SEVEN SPADES TWO,0.6314,0.0912,0.2774
SPADES SIX SPADES TWO,0.6374,0.0954,0.2672
DIAMONDS QUEEN CLUBS THREE,0.388,0.0124,0.5996
CLUBS THREE HEARTS TWO,0.6504,0.1052,0.2444
DIAMONDS QUEEN HEARTS SEVEN,0.405,0.011,0.584
HEARTS TWO HEARTS SEVEN,0.634,0.097,0.269
HEARTS SIX DIAMONDS QUEEN,0.4028,0.0122,0.585
HEARTS SIX HEARTS TWO,0.6298,0.0928,0.2774
DIAMONDS QUEEN HEARTS NINE,0.2732,0.0404,0.6864
HEARTS TWO HEARTS NINE,0.0696,0.851,0.0794
DIAMONDS QUEEN HEARTS EIGHT,0.3906,0.0098,0.5996
HEARTS TWO HEARTS EIGHT,0.638,0.0916,0.2704
CLUBS EIGHT HEARTS TWO,0.671,0.1136,0.2154
CLUBS EIGHT DIAMONDS QUEEN,0.3768,0.0136,0.6096
CLUBS FIVE DIAMONDS QUEEN,0.3848,0.0142,0.601
CLUBS FIVE HEARTS TWO,0.645,0.1022,0.2528
SPADES EIGHT HEARTS ACE,0.392,0.0044,0.6036
DIAMONDS QUEEN CLUBS FOUR,0.3914,0.0148,0.5938
HEARTS TWO CLUBS FOUR,0.6524,0.0978,0.2498
CLUBS SEVEN DIAMONDS QUEEN,0.3836,0.0132,0.6032
CLUBS SEVEN HEARTS TWO,0.6766,0.1024,0.221
SPADES EIGHT HEARTS QUEEN,0.4004,0.0114,0.5882
CLUBS SIX DIAMONDS QUEEN,0.3944,0.0102,0.5954
CLUBS SIX HEARTS TWO,0.6566,0.0998,0.2436
SPADES EIGHT HEARTS KING,0.3988,0.0074,0.5938
HEARTS TWO SPADES SIX,0.6686,0.0998,0.2316
DIAMONDS QUEEN SPADES SIX,0.4192,0.0108,0.57
HEARTS FOUR CLUBS QUEEN,0.3862,0.0126,0.6012
DIAMONDS ACE CLUBS QUEEN,0.3486,0.0058,0.6456
DIAMONDS QUEEN SPADES SEVEN,0.3916,0.0106,0.5978
HEARTS TWO SPADES SEVEN,0.6682,0.093,0.2388
HEARTS FOUR CLUBS KING,0.3846,0.0074,0.608
DIAMONDS ACE CLUBS KING,0.3538,0.0046,0.6416
DIAMONDS QUEEN SPADES EIGHT,0.3898,0.0144,0.5958
SPADES EIGHT HEARTS TWO,0.6734,0.1044,0.2222
HEARTS FOUR CLUBS ACE,0.3798,0.0064,0.6138
DIAMONDS ACE CLUBS ACE,0.1428,0.0042,0.853
SPADES NINE DIAMONDS QUEEN,0.2754,0.0468,0.6778
SPADES NINE HEARTS TWO,0.0744,0.9036,0.022
HEARTS TWO SPADES TWO,0.3218,0.0556,0.6226
DIAMONDS QUEEN SPADES TWO,0.292,0.0338,0.6742
HEARTS TWO SPADES THREE,0.6436,0.1058,0.2506
DIAMONDS QUEEN SPADES THREE,0.4068,0.0158,0.5774
HEARTS TWO SPADES FOUR,0.649,0.0942,0.2568
DIAMONDS QUEEN SPADES FOUR,0.4026,0.0116,0.5858
CLUBS TEN HEARTS FOUR,0.3798,0.032,0.5882
CLUBS TEN DIAMONDS ACE,0.3408,0.0062,0.653
HEARTS TWO SPADES FIVE,0.6512,0.0954,0.2534
DIAMONDS QUEEN SPADES FIVE,0.3918,0.012,0.5962
HEARTS FOUR CLUBS JACK,0.3784,0.0168,0.6048
CLUBS JACK DIAMONDS ACE,0.3528,0.0054,0.6418
CLUBS FIVE CLUBS KING,0.3428,0.0094,0.6478
CLUBS FIVE CLUBS QUEEN,0.3484,0.0128,0.6388
CLUBS FIVE CLUBS ACE,0.32,0.0054,0.6746
CLUBS JACK CLUBS FIVE,0.3326,0.0184,0.649
CLUBS TEN CLUBS FIVE,0.35,0.0258,0.6242
SPADES KING CLUBS JACK,0.35,0.0066,0.6434
CLUBS JACK SPADES QUEEN,0.3336,0.009,0.6574
SPADES ACE CLUBS JACK,0.3434,0.0054,0.6512
SPADES SIX CLUBS KING,0.389,0.0094,0.6016
SPADES SIX CLUBS QUEEN,0.3854,0.0122,0.6024
SPADES EIGHT HEARTS JACK,0.3838,0.014,0.6022
SPADES SIX CLUBS ACE,0.385,0.0054,0.6096
SPADES EIGHT HEARTS TEN,0.3576,0.0236,0.6188
CLUBS JACK SPADES SIX,0.385,0.0174,0.5976
CLUBS TEN SPADES SIX,0.383,0.0264,0.5906
CLUBS JACK SPADES TEN,0.3164,0.0168,0.6668
CLUBS JACK SPADES JACK,0.1644,0.0314,0.8042
SPADES QUEEN CLUBS SEVEN,0.3786,0.014,0.6074
SPADES KING CLUBS SEVEN,0.3764,0.008,0.6156
SPADES ACE CLUBS SEVEN,0.3786,0.0044,0.617
SPADES SIX HEARTS TEN,0.3978,0.0234,0.5788
SPADES SIX HEARTS JACK,0.393,0.0194,0.5876
SPADES SIX HEARTS ACE,0.3996,0.0044,0.596
SPADES SIX HEARTS KING,0.3982,0.0062,0.5956
SPADES SIX HEARTS QUEEN,0.4228,0.0138,0.5634
CLUBS SEVEN SPADES JACK,0.379,0.016,0.605
CLUBS SEVEN SPADES TEN,0.3728,0.024,0.6032
CLUBS TEN HEARTS SIX,0.3726,0.0266,0.6008
CLUBS JACK HEARTS SIX,0.3856,0.0164,0.598
CLUBS JACK CLUBS ACE,0.2988,0.004,0.6972
HEARTS SIX CLUBS QUEEN,0.39,0.0108,0.5992
HEARTS SIX CLUBS KING,0.3876,0.008,0.6044
HEARTS SIX CLUBS ACE,0.3914,0.0062,0.6024
CLUBS JACK CLUBS QUEEN,0.2922,0.0124,0.6954
CLUBS JACK CLUBS KING,0.2894,0.0064,0.7042
DIAMONDS THREE HEARTS ACE,0.3816,0.0056,0.6128
DIAMONDS THREE HEARTS QUEEN,0.404,0.0134,0.5826
DIAMONDS THREE HEARTS KING,0.4002,0.01,0.5898
CLUBS FIVE HEARTS JACK,0.3818,0.0196,0.5986
SPADES TEN DIAMONDS ACE,0.3552,0.004,0.6408
HEARTS FOUR SPADES TEN,0.4062,0.0236,0.5702
CLUBS FIVE HEARTS TEN,0.3856,0.0272,0.5872
HEARTS FOUR SPADES JACK,0.3992,0.0184,0.5824
SPADES JACK DIAMONDS ACE,0.3616,0.0042,0.6342
SPADES ACE HEARTS FOUR,0.3958,0.0052,0.599
SPADES ACE DIAMONDS ACE,0.1762,0.0038,0.82
CLUBS FIVE HEARTS ACE,0.3836,0.005,0.6114
CLUBS FIVE HEARTS KING,0.391,0.0086,0.6004
HEARTS FOUR SPADES QUEEN,0.3948,0.0112,0.594
SPADES QUEEN DIAMONDS ACE,0.3656,0.0054,0.629
CLUBS JACK SPADES FOUR,0.386,0.0168,0.5972
CLUBS FIVE HEARTS QUEEN,0.3966,0.0112,0.5922
SPADES KING DIAMONDS ACE,0.3622,0.0044,0.6334
HEARTS FOUR SPADES KING,0.386,0.0084,0.6056
CLUBS TEN SPADES FOUR,0.3816,0.0298,0.5886
DIAMONDS QUEEN DIAMONDS ACE,0.3512,0.0054,0.6434
HEARTS TWO DIAMONDS ACE,0.2896,0.018,0.6924
HEARTS FOUR DIAMONDS QUEEN,0.397,0.0122,0.5908
HEARTS FOUR HEARTS TWO,0.624,0.0908,0.2852
DIAMONDS THREE HEARTS TEN,0.396,0.032,0.572
SPADES FOUR CLUBS KING,0.3848,0.0078,0.6074
HEARTS FIVE DIAMONDS QUEEN,0.3958,0.0116,0.5926
HEARTS FIVE HEARTS TWO,0.596,0.0944,0.3096
DIAMONDS THREE HEARTS JACK,0.4024,0.0168,0.5808
SPADES FOUR CLUBS QUEEN,0.369,0.0152,0.6158
DIAMONDS QUEEN HEARTS TWO,0.2874,0.037,0.6756
DIAMONDS KING DIAMONDS QUEEN,0.336,0.0068,0.6572
DIAMONDS KING HEARTS TWO,0.3014,0.0272,0.6714
HEARTS THREE DIAMONDS QUEEN,0.4112,0.013,0.5758
HEARTS THREE HEARTS TWO,0.6006,0.1096,0.2898
SPADES FOUR CLUBS ACE,0.3696,0.005,0.6254
HEARTS TWO CLUBS ACE,0.2578,0.0184,0.7238
DIAMONDS QUEEN CLUBS ACE,0.3592,0.005,0.6358
HEARTS TWO CLUBS QUEEN,0.2652,0.0362,0.6986
DIAMONDS QUEEN CLUBS QUEEN,0.1704,0.0284,0.8012
HEARTS TWO CLUBS KING,0.2686,0.0276,0.7038
DIAMONDS QUEEN CLUBS KING,0.3582,0.0092,0.6326
SPADES EIGHT SPADES FIVE,0.5478,0.0424,0.4098
CLUBS TEN HEARTS TWO,0.2574,0.0748,0.6678
CLUBS TEN DIAMONDS QUEEN,0.3302,0.0104,0.6594
SPADES NINE SPADES FIVE,0.2496,0.3872,0.3632
CLUBS JACK HEARTS TWO,0.267,0.0588,0.6742
CLUBS JACK DIAMONDS QUEEN,0.3384,0.0114,0.6502
SPADES SIX SPADES FIVE,0.5138,0.0402,0.446
SPADES SEVEN SPADES FIVE,0.535,0.041,0.424
DIAMONDS FIVE CLUBS QUEEN,0.3994,0.013,0.5876
SPADES EIGHT CLUBS ACE,0.3818,0.0056,0.6126
DIAMONDS FIVE CLUBS KING,0.3872,0.0074,0.6054
SPADES EIGHT CLUBS KING,0.378,0.0076,0.6144
DIAMONDS FIVE CLUBS ACE,0.3822,0.006,0.6118
SPADES EIGHT CLUBS QUEEN,0.382,0.012,0.606
CLUBS JACK SPADES EIGHT,0.3618,0.0162,0.622
CLUBS TEN SPADES EIGHT,0.353,0.027,0.62
CLUBS TEN DIAMONDS FIVE,0.387,0.0274,0.5856
CLUBS JACK DIAMONDS FIVE,0.395,0.017,0.588
HEARTS JACK DIAMONDS TEN,0.347,0.0128,0.6402
DIAMONDS TEN HEARTS TEN,0.1832,0.0388,0.778
HEARTS SIX HEARTS KING,0.376,0.0094,0.6146
DIAMONDS KING SPADES SEVEN,0.3896,0.0088,0.6016
HEARTS THREE SPADES SEVEN,0.5748,0.0426,0.3826
SPADES KING DIAMONDS SEVEN,0.3944,0.0088,0.5968
HEARTS SIX HEARTS QUEEN,0.3782,0.0122,0.6096
SPADES QUEEN DIAMONDS SEVEN,0.3928,0.0112,0.596
HEARTS THREE SPADES SIX,0.5874,0.0426,0.37
DIAMONDS KING SPADES SIX,0.401,0.0084,0.5906
DIAMONDS KING SPADES NINE,0.272,0.0374,0.6906
HEARTS THREE SPADES NINE,0.267,0.4834,0.2496
HEARTS SIX HEARTS ACE,0.3714,0.0046,0.624
DIAMONDS KING SPADES EIGHT,0.3938,0.0082,0.598
