opposingHand,winningChance,drawChance,lostChance
CLUBS SEVEN DIAMONDS NINE
HEARTS FIVE SPADES TEN,0.4216,0.024,0.5544
HEARTS FIVE SPADES JACK,0.4202,0.0162,0.5636
CLUBS JACK SPADES FIVE,0.4334,0.017,0.5496
CLUBS TEN SPADES FIVE,0.4276,0.025,0.5474
CLUBS JACK CLUBS EIGHT,0.3618,0.0146,0.6236
CLUBS TEN CLUBS EIGHT,0.3332,0.0224,0.6444
CLUBS EIGHT CLUBS KING,0.3784,0.007,0.6146
SPADES FIVE CLUBS ACE,0.4142,0.0038,0.582
CLUBS EIGHT CLUBS QUEEN,0.3678,0.0098,0.6224
SPADES FIVE CLUBS KING,0.4198,0.009,0.5712
SPADES FIVE CLUBS QUEEN,0.4232,0.0104,0.5664
CLUBS EIGHT CLUBS ACE,0.369,0.0058,0.6252
DIAMONDS TWO DIAMONDS THREE,0.5888,0.0452,0.366
DIAMONDS TWO DIAMONDS FIVE,0.603,0.0376,0.3594
HEARTS FIVE SPADES KING,0.4302,0.0048,0.565
DIAMONDS TWO DIAMONDS FOUR,0.5882,0.0444,0.3674
HEARTS FIVE SPADES QUEEN,0.432,0.0126,0.5554
DIAMONDS TWO DIAMONDS SEVEN,0.6298,0.1106,0.2596
DIAMONDS TWO DIAMONDS SIX,0.6164,0.0398,0.3438
SPADES ACE HEARTS FIVE,0.4326,0.003,0.5644
DIAMONDS TWO DIAMONDS EIGHT,0.6122,0.0368,0.351
DIAMONDS THREE DIAMONDS FOUR,0.5768,0.04,0.3832
CLUBS TWO SPADES FOUR,0.6424,0.0398,0.3178
DIAMONDS THREE DIAMONDS FIVE,0.5836,0.0424,0.374
SPADES FIVE CLUBS TWO,0.6376,0.0442,0.3182
CLUBS TWO SPADES TWO,0.4268,0.0682,0.505
CLUBS TWO SPADES THREE,0.6264,0.041,0.3326
DIAMONDS THREE DIAMONDS EIGHT,0.6136,0.043,0.3434
SPADES EIGHT CLUBS TWO,0.6412,0.0414,0.3174
SPADES NINE CLUBS TWO,0.4974,0.2984,0.2042
DIAMONDS THREE DIAMONDS SIX,0.6004,0.0418,0.3578
SPADES SIX CLUBS TWO,0.6524,0.0414,0.3062
DIAMONDS THREE DIAMONDS SEVEN,0.6342,0.1094,0.2564
SPADES SEVEN CLUBS TWO,0.686,0.1056,0.2084
CLUBS SIX CLUBS TWO,0.633,0.0396,0.3274
CLUBS FOUR CLUBS TWO,0.5886,0.04,0.3714
CLUBS FIVE CLUBS TWO,0.607,0.0412,0.3518
CLUBS TEN CLUBS JACK,0.3252,0.014,0.6608
DIAMONDS FOUR DIAMONDS SIX,0.59,0.0398,0.3702
CLUBS TEN CLUBS QUEEN,0.3196,0.0114,0.669
DIAMONDS FOUR DIAMONDS SEVEN,0.632,0.1036,0.2644
CLUBS TEN CLUBS KING,0.342,0.0064,0.6516
CLUBS TEN CLUBS ACE,0.3322,0.0058,0.662
CLUBS EIGHT CLUBS TWO,0.6114,0.0436,0.345
DIAMONDS FIVE DIAMONDS FOUR,0.5866,0.0386,0.3748
CLUBS NINE CLUBS TWO,0.4548,0.2874,0.2578
DIAMONDS EIGHT DIAMONDS FOUR,0.5988,0.0386,0.3626
CLUBS THREE CLUBS TWO,0.5888,0.0392,0.372
CLUBS JACK DIAMONDS TWO,0.442,0.0198,0.5382
DIAMONDS EIGHT DIAMONDS FIVE,0.5832,0.0408,0.376
CLUBS TEN DIAMONDS TWO,0.434,0.0246,0.5414
DIAMONDS FIVE DIAMONDS SEVEN,0.5962,0.1156,0.2882
DIAMONDS FIVE DIAMONDS SIX,0.5686,0.0388,0.3926
DIAMONDS TWO CLUBS ACE,0.425,0.005,0.57
DIAMONDS TWO CLUBS KING,0.4322,0.01,0.5578
DIAMONDS TWO CLUBS QUEEN,0.4512,0.0102,0.5386
DIAMONDS EIGHT DIAMONDS SIX,0.5934,0.0388,0.3678
HEARTS ACE SPADES THREE,0.4204,0.0036,0.576
SPADES THREE HEARTS KING,0.4304,0.0094,0.5602
DIAMONDS SEVEN DIAMONDS SIX,0.605,0.1002,0.2948
HEARTS QUEEN SPADES THREE,0.4334,0.0096,0.557
SPADES THREE HEARTS JACK,0.4278,0.0162,0.556
SPADES THREE HEARTS TEN,0.4376,0.0242,0.5382
DIAMONDS EIGHT DIAMONDS SEVEN,0.6194,0.1016,0.279
DIAMONDS KING HEARTS TEN,0.3394,0.007,0.6536
HEARTS THREE HEARTS TEN,0.4,0.0234,0.5766
SPADES JACK CLUBS SIX,0.4256,0.0186,0.5558
DIAMONDS KING HEARTS JACK,0.371,0.0078,0.6212
HEARTS THREE HEARTS JACK,0.4134,0.0184,0.5682
SPADES TEN CLUBS SIX,0.4184,0.0256,0.556
SPADES JACK SPADES FIVE,0.4004,0.0148,0.5848
SPADES TEN SPADES FIVE,0.4052,0.0236,0.5712
DIAMONDS KING HEARTS ACE,0.3632,0.0046,0.6322
HEARTS THREE HEARTS ACE,0.3998,0.0042,0.596
SPADES ACE CLUBS SIX,0.4156,0.0034,0.581
DIAMONDS KING HEARTS QUEEN,0.3492,0.0072,0.6436
HEARTS THREE HEARTS QUEEN,0.4034,0.0122,0.5844
SPADES KING CLUBS SIX,0.4258,0.007,0.5672
DIAMONDS KING HEARTS KING,0.1744,0.012,0.8136
HEARTS THREE HEARTS KING,0.4158,0.0052,0.579
SPADES QUEEN CLUBS SIX,0.418,0.0096,0.5724
SPADES NINE HEARTS TEN,0.2444,0.08,0.6756
SPADES NINE HEARTS JACK,0.2652,0.061,0.6738
SPADES QUEEN SPADES FIVE,0.3972,0.0114,0.5914
SPADES KING SPADES FIVE,0.3846,0.006,0.6094
SPADES ACE SPADES FIVE,0.3876,0.0046,0.6078
SPADES NINE HEARTS QUEEN,0.2504,0.043,0.7066
SPADES NINE HEARTS KING,0.2818,0.0352,0.683
SPADES NINE HEARTS ACE,0.2818,0.022,0.6962
CLUBS TEN SPADES JACK,0.3222,0.0138,0.664
CLUBS TEN SPADES TEN,0.1738,0.0394,0.7868
SPADES ACE CLUBS TEN,0.3508,0.0048,0.6444
CLUBS TEN SPADES KING,0.3462,0.0056,0.6482
CLUBS TEN SPADES QUEEN,0.34,0.0108,0.6492
SPADES FIVE HEARTS QUEEN,0.4288,0.0124,0.5588
SPADES FIVE HEARTS KING,0.4268,0.006,0.5672
HEARTS ACE SPADES FIVE,0.4224,0.0024,0.5752
CLUBS EIGHT SPADES TEN,0.3522,0.0248,0.623
SPADES JACK HEARTS THREE,0.4404,0.0174,0.5422
SPADES JACK DIAMONDS KING,0.3416,0.0058,0.6526
SPADES TEN DIAMONDS KING,0.3508,0.0078,0.6414
SPADES TEN HEARTS THREE,0.423,0.0264,0.5506
CLUBS EIGHT SPADES JACK,0.372,0.0162,0.6118
CLUBS SIX HEARTS ACE,0.4328,0.0034,0.5638
SPADES ACE CLUBS EIGHT,0.3852,0.0038,0.611
HEARTS FIVE CLUBS JACK,0.4302,0.0176,0.5522
CLUBS TEN HEARTS FIVE,0.4262,0.0258,0.548
CLUBS SIX HEARTS QUEEN,0.4098,0.012,0.5782
SPADES QUEEN CLUBS EIGHT,0.3746,0.011,0.6144
CLUBS TEN SPADES THREE,0.4296,0.024,0.5464
CLUBS SIX HEARTS KING,0.422,0.0054,0.5726
SPADES KING CLUBS EIGHT,0.396,0.006,0.598
CLUBS JACK SPADES THREE,0.433,0.0188,0.5482
DIAMONDS TWO HEARTS JACK,0.4472,0.0184,0.5344
SPADES THREE CLUBS QUEEN,0.4208,0.0132,0.566
DIAMONDS TWO HEARTS TEN,0.4298,0.0294,0.5408
SPADES THREE CLUBS KING,0.4324,0.0086,0.559
HEARTS FIVE CLUBS ACE,0.412,0.003,0.585
SPADES FIVE HEARTS TEN,0.421,0.0294,0.5496
SPADES THREE CLUBS ACE,0.4278,0.0032,0.569
HEARTS FIVE CLUBS KING,0.4122,0.008,0.5798
SPADES FIVE HEARTS JACK,0.4286,0.0136,0.5578
HEARTS FIVE CLUBS QUEEN,0.4154,0.0104,0.5742
HEARTS THREE CLUBS KING,0.4244,0.0072,0.5684
DIAMONDS KING CLUBS KING,0.162,0.0126,0.8254
HEARTS THREE CLUBS QUEEN,0.4228,0.0118,0.5654
DIAMONDS KING CLUBS QUEEN,0.3502,0.0074,0.6424
HEARTS FIVE HEARTS JACK,0.3976,0.0158,0.5866
HEARTS FIVE HEARTS TEN,0.4054,0.022,0.5726
HEARTS THREE CLUBS ACE,0.4256,0.0056,0.5688
DIAMONDS KING CLUBS ACE,0.3668,0.0054,0.6278
SPADES ACE CLUBS QUEEN,0.3538,0.0036,0.6426
SPADES KING CLUBS QUEEN,0.3488,0.0062,0.645
CLUBS JACK HEARTS THREE,0.4276,0.0168,0.5556
CLUBS JACK DIAMONDS KING,0.3346,0.008,0.6574
SPADES QUEEN CLUBS QUEEN,0.1732,0.0232,0.8036
CLUBS TEN HEARTS THREE,0.418,0.0298,0.5522
CLUBS TEN DIAMONDS KING,0.3442,0.0086,0.6472
SPADES JACK CLUBS QUEEN,0.3384,0.0092,0.6524
CLUBS SIX CLUBS QUEEN,0.3976,0.0086,0.5938
SPADES TEN CLUBS QUEEN,0.3522,0.0098,0.638
CLUBS SIX CLUBS KING,0.3984,0.0078,0.5938
CLUBS SIX CLUBS ACE,0.3992,0.005,0.5958
HEARTS FIVE HEARTS KING,0.4072,0.01,0.5828
HEARTS FIVE HEARTS QUEEN,0.4036,0.0106,0.5858
CLUBS TEN CLUBS SIX,0.4,0.0242,0.5758
HEARTS FIVE HEARTS ACE,0.3998,0.0034,0.5968
CLUBS JACK CLUBS SIX,0.4146,0.0156,0.5698
SPADES SEVEN HEARTS JACK,0.2572,0.0534,0.6894
SPADES SEVEN HEARTS TEN,0.241,0.0716,0.6874
DIAMONDS TWO CLUBS TWO,0.4314,0.0762,0.4924
DIAMONDS TWO CLUBS THREE,0.6294,0.0412,0.3294
DIAMONDS TWO HEARTS SIX,0.6652,0.042,0.2928
DIAMONDS TWO HEARTS QUEEN,0.436,0.0126,0.5514
HEARTS SEVEN DIAMONDS TWO,0.6766,0.1056,0.2178
DIAMONDS TWO HEARTS KING,0.4378,0.0066,0.5556
DIAMONDS TWO HEARTS EIGHT,0.631,0.0468,0.3222
DIAMONDS TWO HEARTS ACE,0.4352,0.0038,0.561
DIAMONDS TWO HEARTS NINE,0.51,0.2916,0.1984
DIAMONDS TWO DIAMONDS QUEEN,0.4178,0.0132,0.569
DIAMONDS TWO HEARTS TWO,0.436,0.0642,0.4998
DIAMONDS TWO DIAMONDS KING,0.4106,0.0086,0.5808
DIAMONDS TWO HEARTS THREE,0.6212,0.0456,0.3332
DIAMONDS TWO DIAMONDS ACE,0.4066,0.0054,0.588
HEARTS FOUR DIAMONDS TWO,0.6268,0.0424,0.3308
HEARTS FIVE DIAMONDS TWO,0.6294,0.0384,0.3322
SPADES SEVEN HEARTS ACE,0.2768,0.02,0.7032
DIAMONDS TWO DIAMONDS TEN,0.413,0.0264,0.5606
SPADES SEVEN HEARTS KING,0.2778,0.03,0.6922
DIAMONDS TWO DIAMONDS JACK,0.4048,0.0162,0.579
SPADES SEVEN HEARTS QUEEN,0.2772,0.0396,0.6832
DIAMONDS TWO SPADES NINE,0.5014,0.2968,0.2018
DIAMONDS TWO SPADES EIGHT,0.6394,0.043,0.3176
DIAMONDS TWO SPADES SEVEN,0.6754,0.1026,0.222
DIAMONDS TWO SPADES SIX,0.6482,0.0434,0.3084
DIAMONDS TWO SPADES FIVE,0.63,0.0426,0.3274
DIAMONDS TWO SPADES FOUR,0.6428,0.0422,0.315
DIAMONDS TWO SPADES THREE,0.6306,0.0402,0.3292
DIAMONDS TWO SPADES TWO,0.4446,0.0692,0.4862
DIAMONDS TWO CLUBS NINE,0.4846,0.3098,0.2056
CLUBS EIGHT DIAMONDS TWO,0.624,0.0462,0.3298
DIAMONDS TWO CLUBS SIX,0.6492,0.043,0.3078
DIAMONDS TWO CLUBS FIVE,0.6282,0.0398,0.332
DIAMONDS TWO CLUBS FOUR,0.6304,0.0502,0.3194
CLUBS FOUR SPADES FIVE,0.6022,0.0436,0.3542
CLUBS FOUR SPADES FOUR,0.42,0.07,0.51
CLUBS FOUR SPADES THREE,0.6242,0.0424,0.3334
CLUBS FOUR SPADES TWO,0.6312,0.0444,0.3244
SPADES NINE CLUBS FOUR,0.5,0.2876,0.2124
SPADES EIGHT CLUBS FOUR,0.6284,0.041,0.3306
SPADES SEVEN CLUBS FOUR,0.6558,0.1166,0.2276
CLUBS FOUR SPADES SIX,0.6168,0.041,0.3422
SPADES ACE DIAMONDS SIX,0.4244,0.0028,0.5728
SPADES QUEEN DIAMONDS SIX,0.4204,0.0114,0.5682
SPADES KING DIAMONDS SIX,0.4238,0.0064,0.5698
SPADES TEN DIAMONDS SIX,0.4056,0.026,0.5684
SPADES JACK DIAMONDS SIX,0.4154,0.0198,0.5648
SPADES QUEEN SPADES TWO,0.4116,0.009,0.5794
SPADES KING SPADES TWO,0.4088,0.0076,0.5836
SPADES ACE SPADES TWO,0.4018,0.004,0.5942
CLUBS JACK DIAMONDS JACK,0.1644,0.0302,0.8054
CLUBS TEN DIAMONDS JACK,0.3278,0.0138,0.6584
DIAMONDS JACK CLUBS KING,0.345,0.007,0.648
DIAMONDS JACK CLUBS QUEEN,0.3254,0.0104,0.6642
DIAMONDS THREE DIAMONDS JACK,0.4098,0.0166,0.5736
DIAMONDS THREE DIAMONDS TEN,0.4252,0.026,0.5488
DIAMONDS JACK CLUBS ACE,0.3544,0.006,0.6396
DIAMONDS THREE DIAMONDS KING,0.414,0.0096,0.5764
DIAMONDS THREE HEARTS THREE,0.421,0.0696,0.5094
DIAMONDS THREE DIAMONDS QUEEN,0.403,0.0142,0.5828
DIAMONDS THREE HEARTS TWO,0.6204,0.0456,0.334
HEARTS FIVE DIAMONDS THREE,0.6048,0.0416,0.3536
DIAMONDS THREE DIAMONDS ACE,0.4088,0.0052,0.586
HEARTS FOUR DIAMONDS THREE,0.6172,0.0406,0.3422
HEARTS SEVEN DIAMONDS THREE,0.6644,0.1088,0.2268
SPADES TEN SPADES NINE,0.2278,0.0724,0.6998
HEARTS SIX DIAMONDS THREE,0.6264,0.0402,0.3334
SPADES JACK SPADES NINE,0.239,0.058,0.703
DIAMONDS THREE HEARTS NINE,0.4856,0.2942,0.2202
HEARTS JACK DIAMONDS FOUR,0.4272,0.0194,0.5534
HEARTS ACE HEARTS KING,0.335,0.0034,0.6616
SPADES TEN SPADES TWO,0.4084,0.024,0.5676
DIAMONDS THREE HEARTS EIGHT,0.6486,0.04,0.3114
HEARTS TEN DIAMONDS FOUR,0.431,0.026,0.543
SPADES JACK SPADES TWO,0.404,0.0122,0.5838
HEARTS QUEEN DIAMONDS FOUR,0.4328,0.0102,0.557
HEARTS KING DIAMONDS FOUR,0.4498,0.008,0.5422
SPADES ACE SPADES NINE,0.2652,0.0234,0.7114
HEARTS ACE DIAMONDS FOUR,0.4388,0.0032,0.558
SPADES KING SPADES NINE,0.2548,0.0342,0.711
SPADES QUEEN SPADES NINE,0.236,0.0448,0.7192
DIAMONDS THREE SPADES NINE,0.4946,0.2874,0.218
DIAMONDS THREE SPADES EIGHT,0.6478,0.0426,0.3096
DIAMONDS THREE SPADES SEVEN,0.6504,0.1082,0.2414
DIAMONDS THREE SPADES SIX,0.6378,0.0406,0.3216
DIAMONDS THREE CLUBS SIX,0.638,0.0446,0.3174
CLUBS FIVE CLUBS SIX,0.5888,0.0374,0.3738
CLUBS ACE DIAMONDS FOUR,0.424,0.0058,0.5702
DIAMONDS THREE CLUBS FOUR,0.6228,0.0458,0.3314
DIAMONDS FOUR CLUBS QUEEN,0.4384,0.0114,0.5502
DIAMONDS THREE CLUBS FIVE,0.6248,0.041,0.3342
DIAMONDS FOUR CLUBS KING,0.4276,0.0074,0.565
DIAMONDS THREE CLUBS TWO,0.6332,0.0456,0.3212
CLUBS TEN DIAMONDS FOUR,0.4208,0.0272,0.552
DIAMONDS THREE CLUBS THREE,0.445,0.0664,0.4886
CLUBS JACK DIAMONDS FOUR,0.4346,0.0178,0.5476
DIAMONDS THREE SPADES FOUR,0.6068,0.038,0.3552
DIAMONDS THREE SPADES FIVE,0.618,0.0384,0.3436
DIAMONDS THREE SPADES TWO,0.6238,0.0464,0.3298
DIAMONDS THREE SPADES THREE,0.4402,0.068,0.4918
CLUBS EIGHT DIAMONDS THREE,0.6492,0.0462,0.3046
CLUBS NINE DIAMONDS THREE,0.5004,0.2824,0.2172
SPADES SEVEN CLUBS ACE,0.2698,0.0192,0.711
SPADES SEVEN CLUBS QUEEN,0.277,0.04,0.683
SPADES SEVEN CLUBS KING,0.2674,0.0352,0.6974
CLUBS FIVE SPADES SEVEN,0.6374,0.1114,0.2512
CLUBS TEN SPADES SEVEN,0.2494,0.0722,0.6784
CLUBS FIVE SPADES SIX,0.603,0.042,0.355
CLUBS JACK SPADES SEVEN,0.2688,0.055,0.6762
CLUBS FIVE SPADES NINE,0.471,0.2982,0.2308
CLUBS FIVE SPADES EIGHT,0.5988,0.0492,0.352
CLUBS FIVE SPADES THREE,0.6168,0.0414,0.3418
CLUBS FIVE SPADES TWO,0.6168,0.044,0.3392
CLUBS FIVE SPADES FIVE,0.4212,0.064,0.5148
CLUBS FIVE SPADES FOUR,0.609,0.0392,0.3518
CLUBS NINE CLUBS FIVE,0.4704,0.2764,0.2532
CLUBS EIGHT CLUBS FIVE,0.5776,0.0346,0.3878
CLUBS ACE CLUBS QUEEN,0.347,0.0032,0.6498
CLUBS KING CLUBS QUEEN,0.3458,0.0066,0.6476
DIAMONDS TEN DIAMONDS FOUR,0.3978,0.022,0.5802
DIAMONDS JACK DIAMONDS FOUR,0.4,0.0216,0.5784
CLUBS JACK SPADES NINE,0.251,0.0594,0.6896
CLUBS TEN SPADES NINE,0.2344,0.0754,0.6902
DIAMONDS ACE DIAMONDS FOUR,0.3952,0.0066,0.5982
HEARTS FOUR DIAMONDS FOUR,0.4276,0.068,0.5044
DIAMONDS JACK HEARTS TEN,0.3298,0.0108,0.6594
SPADES NINE CLUBS KING,0.2652,0.0368,0.698
DIAMONDS TWO SPADES TEN,0.4332,0.0248,0.542
HEARTS FIVE DIAMONDS FOUR,0.6054,0.0398,0.3548
DIAMONDS JACK HEARTS JACK,0.1662,0.0288,0.805
SPADES NINE CLUBS QUEEN,0.2512,0.045,0.7038
DIAMONDS TWO SPADES JACK,0.4432,0.0162,0.5406
DIAMONDS QUEEN DIAMONDS FOUR,0.4238,0.015,0.5612
HEARTS TWO DIAMONDS FOUR,0.632,0.038,0.33
DIAMONDS KING DIAMONDS FOUR,0.4076,0.0096,0.5828
HEARTS THREE DIAMONDS FOUR,0.6154,0.0442,0.3404
SPADES NINE CLUBS ACE,0.277,0.0226,0.7004
HEARTS ACE DIAMONDS JACK,0.3518,0.0034,0.6448
SPADES ACE DIAMONDS TWO,0.4402,0.003,0.5568
HEARTS QUEEN DIAMONDS JACK,0.329,0.0098,0.6612
SPADES QUEEN DIAMONDS TWO,0.4552,0.0092,0.5356
HEARTS KING DIAMONDS JACK,0.3506,0.0054,0.644
SPADES KING DIAMONDS TWO,0.4296,0.0072,0.5632
SPADES JACK SPADES SEVEN,0.2556,0.056,0.6884
SPADES TEN SPADES SEVEN,0.234,0.0706,0.6954
CLUBS SIX CLUBS THREE,0.5934,0.0434,0.3632
CLUBS FIVE CLUBS THREE,0.5944,0.0444,0.3612
CLUBS THREE CLUBS FOUR,0.5878,0.0392,0.373
CLUBS NINE CLUBS THREE,0.4704,0.279,0.2506
CLUBS EIGHT CLUBS THREE,0.6064,0.0392,0.3544
CLUBS THREE SPADES FIVE,0.6234,0.044,0.3326
CLUBS THREE SPADES FOUR,0.618,0.042,0.34
CLUBS THREE SPADES THREE,0.428,0.0706,0.5014
CLUBS THREE SPADES TWO,0.6292,0.0394,0.3314
CLUBS THREE SPADES SIX,0.6304,0.0464,0.3232
CLUBS THREE SPADES SEVEN,0.6512,0.1116,0.2372
SPADES EIGHT CLUBS THREE,0.6396,0.0458,0.3146
SPADES NINE CLUBS THREE,0.4874,0.2996,0.213
SPADES TWO DIAMONDS FOUR,0.6376,0.0368,0.3256
SPADES THREE DIAMONDS FOUR,0.6296,0.0396,0.3308
SPADES FOUR DIAMONDS FOUR,0.437,0.0666,0.4964
SPADES FIVE DIAMONDS FOUR,0.605,0.0432,0.3518
SPADES SIX DIAMONDS FOUR,0.6188,0.0414,0.3398
SPADES SEVEN DIAMONDS FOUR,0.663,0.115,0.222
SPADES EIGHT DIAMONDS FOUR,0.626,0.0438,0.3302
SPADES NINE DIAMONDS FOUR,0.4936,0.29,0.2164
CLUBS FIVE DIAMONDS FOUR,0.6054,0.044,0.3506
CLUBS FOUR DIAMONDS FOUR,0.426,0.074,0.5
CLUBS SIX DIAMONDS FOUR,0.6218,0.0432,0.335
CLUBS NINE DIAMONDS FOUR,0.4882,0.2926,0.2192
CLUBS EIGHT DIAMONDS FOUR,0.6308,0.0414,0.3278
HEARTS SEVEN DIAMONDS FOUR,0.6624,0.1158,0.2218
HEARTS SIX DIAMONDS FOUR,0.624,0.0398,0.3362
DIAMONDS FOUR HEARTS NINE,0.4962,0.2914,0.2124
DIAMONDS FOUR HEARTS EIGHT,0.6244,0.0424,0.3332
CLUBS THREE DIAMONDS FOUR,0.6186,0.0406,0.3408
CLUBS TWO DIAMONDS FOUR,0.6268,0.0466,0.3266
DIAMONDS TEN DIAMONDS FIVE,0.4016,0.0254,0.573
DIAMONDS JACK DIAMONDS FIVE,0.396,0.0192,0.5848
CLUBS KING DIAMONDS SIX,0.4228,0.0082,0.569
CLUBS QUEEN DIAMONDS SIX,0.4152,0.012,0.5728
CLUBS ACE DIAMONDS SIX,0.4176,0.005,0.5774
SPADES KING DIAMONDS FOUR,0.4356,0.0084,0.556
SPADES ACE SPADES SEVEN,0.2544,0.0232,0.7224
SPADES QUEEN DIAMONDS FOUR,0.4358,0.0114,0.5528
SPADES QUEEN SPADES SEVEN,0.2718,0.04,0.6882
CLUBS JACK DIAMONDS SIX,0.4166,0.017,0.5664
SPADES KING SPADES SEVEN,0.263,0.033,0.704
SPADES ACE DIAMONDS FOUR,0.4234,0.0056,0.571
CLUBS TEN DIAMONDS SIX,0.3964,0.0246,0.579
CLUBS NINE CLUBS FOUR,0.4604,0.282,0.2576
CLUBS EIGHT CLUBS FOUR,0.5994,0.0366,0.364
SPADES JACK DIAMONDS FOUR,0.4388,0.0186,0.5426
SPADES TEN DIAMONDS FOUR,0.4416,0.0274,0.531
CLUBS FIVE CLUBS FOUR,0.5828,0.041,0.3762
CLUBS SIX CLUBS FOUR,0.5776,0.0394,0.383
HEARTS SIX DIAMONDS FIVE,0.6092,0.0392,0.3516
HEARTS SEVEN DIAMONDS FIVE,0.6528,0.101,0.2462
DIAMONDS FIVE HEARTS EIGHT,0.617,0.038,0.345
DIAMONDS FIVE HEARTS NINE,0.4952,0.2904,0.2144
DIAMONDS QUEEN DIAMONDS FIVE,0.409,0.0116,0.5794
HEARTS TWO DIAMONDS FIVE,0.6314,0.044,0.3246
HEARTS KING HEARTS EIGHT,0.3608,0.0074,0.6318
DIAMONDS KING DIAMONDS FIVE,0.3876,0.0096,0.6028
HEARTS THREE DIAMONDS FIVE,0.6186,0.0424,0.339
HEARTS QUEEN HEARTS EIGHT,0.3662,0.0124,0.6214
DIAMONDS ACE DIAMONDS FIVE,0.3978,0.0056,0.5966
HEARTS FOUR DIAMONDS FIVE,0.6002,0.045,0.3548
HEARTS FIVE DIAMONDS FIVE,0.4132,0.0704,0.5164
HEARTS ACE HEARTS EIGHT,0.376,0.0042,0.6198
CLUBS FOUR DIAMONDS FIVE,0.6158,0.0426,0.3416
CLUBS FIVE DIAMONDS FIVE,0.4068,0.0672,0.526
CLUBS SIX DIAMONDS FIVE,0.6222,0.0414,0.3364
CLUBS TWO DIAMONDS FIVE,0.629,0.0442,0.3268
CLUBS THREE DIAMONDS FIVE,0.601,0.0428,0.3562
SPADES THREE DIAMONDS FIVE,0.6124,0.0464,0.3412
SPADES TWO DIAMONDS FIVE,0.6178,0.0452,0.337
SPADES JACK DIAMONDS EIGHT,0.3726,0.014,0.6134
SPADES FIVE DIAMONDS FIVE,0.416,0.0668,0.5172
CLUBS TEN HEARTS JACK,0.3336,0.0142,0.6522
SPADES TEN DIAMONDS EIGHT,0.3542,0.0272,0.6186
SPADES FOUR DIAMONDS FIVE,0.6052,0.0432,0.3516
CLUBS JACK HEARTS JACK,0.181,0.0322,0.7868
HEARTS JACK CLUBS QUEEN,0.3374,0.0072,0.6554
CLUBS NINE DIAMONDS FIVE,0.4818,0.3008,0.2174
CLUBS EIGHT DIAMONDS FIVE,0.6074,0.0422,0.3504
HEARTS JACK CLUBS KING,0.3582,0.0064,0.6354
CLUBS ACE HEARTS JACK,0.36,0.0036,0.6364
SPADES SEVEN DIAMONDS FIVE,0.641,0.1108,0.2482
SPADES KING DIAMONDS EIGHT,0.3976,0.0084,0.594
SPADES QUEEN DIAMONDS EIGHT,0.3832,0.0098,0.607
SPADES SIX DIAMONDS FIVE,0.5986,0.0456,0.3558
SPADES NINE DIAMONDS FIVE,0.4742,0.2846,0.2412
SPADES EIGHT DIAMONDS FIVE,0.6138,0.0424,0.3438
SPADES ACE DIAMONDS EIGHT,0.3868,0.0052,0.608
DIAMONDS TEN DIAMONDS SIX,0.4008,0.023,0.5762
HEARTS ACE DIAMONDS SEVEN,0.2944,0.0226,0.683
DIAMONDS JACK DIAMONDS SIX,0.4074,0.0172,0.5754
HEARTS QUEEN DIAMONDS SEVEN,0.2842,0.0442,0.6716
HEARTS KING DIAMONDS SEVEN,0.277,0.0356,0.6874
DIAMONDS ACE DIAMONDS SIX,0.4084,0.0056,0.586
HEARTS FOUR DIAMONDS SIX,0.6146,0.0434,0.342
SPADES TWO HEARTS JACK,0.431,0.0188,0.5502
HEARTS FIVE DIAMONDS SIX,0.6078,0.0408,0.3514
SPADES TWO HEARTS TEN,0.4356,0.028,0.5364
DIAMONDS QUEEN DIAMONDS SIX,0.4018,0.0098,0.5884
HEARTS TWO DIAMONDS SIX,0.6466,0.0412,0.3122
DIAMONDS KING DIAMONDS SIX,0.3852,0.0066,0.6082
HEARTS THREE DIAMONDS SIX,0.6332,0.0476,0.3192
HEARTS EIGHT DIAMONDS SIX,0.5936,0.0416,0.3648
HEARTS NINE DIAMONDS SIX,0.4706,0.3112,0.2182
HEARTS SIX DIAMONDS SIX,0.3928,0.0732,0.534
HEARTS SEVEN DIAMONDS SIX,0.6266,0.1068,0.2666
HEARTS TEN DIAMONDS SEVEN,0.2434,0.0844,0.6722
CLUBS TWO DIAMONDS SIX,0.6566,0.0422,0.3012
HEARTS JACK DIAMONDS SEVEN,0.2656,0.0558,0.6786
CLUBS THREE DIAMONDS SIX,0.632,0.043,0.325
CLUBS JACK DIAMONDS EIGHT,0.3586,0.0172,0.6242
CLUBS SIX DIAMONDS SIX,0.3994,0.0672,0.5334
CLUBS TEN DIAMONDS EIGHT,0.3634,0.0228,0.6138
CLUBS FIVE DIAMONDS SIX,0.6116,0.0396,0.3488
CLUBS FOUR DIAMONDS SIX,0.6262,0.041,0.3328
HEARTS ACE HEARTS JACK,0.3426,0.0042,0.6532
DIAMONDS EIGHT CLUBS ACE,0.3802,0.0048,0.615
HEARTS QUEEN HEARTS JACK,0.3158,0.0102,0.674
DIAMONDS EIGHT CLUBS KING,0.3834,0.0094,0.6072
CLUBS NINE DIAMONDS SIX,0.4892,0.2914,0.2194
HEARTS KING HEARTS JACK,0.3444,0.0068,0.6488
CLUBS EIGHT DIAMONDS SIX,0.6098,0.0428,0.3474
DIAMONDS EIGHT CLUBS QUEEN,0.3788,0.0116,0.6096
SPADES TEN HEARTS KING,0.357,0.0064,0.6366
SPADES FIVE DIAMONDS SIX,0.608,0.04,0.352
HEARTS ACE SPADES TWO,0.4302,0.0028,0.567
SPADES JACK HEARTS KING,0.3588,0.0054,0.6358
SPADES FOUR DIAMONDS SIX,0.6312,0.0394,0.3294
SPADES THREE DIAMONDS SIX,0.6286,0.0466,0.3248
HEARTS QUEEN SPADES TWO,0.4374,0.0122,0.5504
SPADES ACE SPADES KING,0.3538,0.0022,0.644
HEARTS KING SPADES TWO,0.4324,0.0074,0.5602
SPADES TWO DIAMONDS SIX,0.6454,0.0432,0.3114
HEARTS TEN HEARTS EIGHT,0.3364,0.0244,0.6392
SPADES NINE DIAMONDS SIX,0.4906,0.2934,0.216
HEARTS JACK HEARTS EIGHT,0.357,0.0146,0.6284
SPADES EIGHT DIAMONDS SIX,0.6034,0.0378,0.3588
SPADES SEVEN DIAMONDS SIX,0.6374,0.101,0.2616
SPADES SIX DIAMONDS SIX,0.3904,0.066,0.5436
SPADES KING HEARTS KING,0.1854,0.0128,0.8018
SPADES QUEEN HEARTS KING,0.3644,0.0086,0.627
CLUBS ACE CLUBS KING,0.3376,0.0052,0.6572
SPADES ACE HEARTS KING,0.3638,0.0036,0.6326
SPADES ACE HEARTS JACK,0.3624,0.0028,0.6348
SPADES QUEEN HEARTS JACK,0.3414,0.0102,0.6484
SPADES KING HEARTS JACK,0.3622,0.007,0.6308
SPADES TEN DIAMONDS TEN,0.1644,0.036,0.7996
SPADES JACK DIAMONDS TEN,0.309,0.016,0.675
SPADES ACE DIAMONDS TEN,0.3642,0.0036,0.6322
SPADES JACK HEARTS JACK,0.182,0.0302,0.7878
SPADES TEN HEARTS JACK,0.341,0.0124,0.6466
SPADES QUEEN DIAMONDS TEN,0.3564,0.0118,0.6318
SPADES KING DIAMONDS TEN,0.3524,0.007,0.6406
SPADES NINE DIAMONDS SEVEN,0.0182,0.9694,0.0124
SPADES EIGHT DIAMONDS SEVEN,0.6612,0.103,0.2358
SPADES SEVEN DIAMONDS SEVEN,0.2894,0.064,0.6466
SPADES SIX DIAMONDS SEVEN,0.6452,0.1024,0.2524
DIAMONDS KING DIAMONDS SEVEN,0.268,0.0316,0.7004
HEARTS THREE DIAMONDS SEVEN,0.659,0.1096,0.2314
HEARTS KING DIAMONDS FIVE,0.4222,0.0054,0.5724
DIAMONDS QUEEN DIAMONDS SEVEN,0.266,0.0442,0.6898
HEARTS TWO DIAMONDS SEVEN,0.686,0.1094,0.2046
HEARTS QUEEN DIAMONDS FIVE,0.4194,0.0154,0.5652
HEARTS FIVE DIAMONDS SEVEN,0.6414,0.1072,0.2514
DIAMONDS ACE DIAMONDS SEVEN,0.2642,0.0234,0.7124
HEARTS FOUR DIAMONDS SEVEN,0.673,0.1082,0.2188
HEARTS ACE DIAMONDS FIVE,0.422,0.0036,0.5744
HEARTS SEVEN DIAMONDS SEVEN,0.3058,0.0618,0.6324
HEARTS SIX DIAMONDS SEVEN,0.6438,0.105,0.2512
DIAMONDS SEVEN HEARTS NINE,0.021,0.969,0.01
HEARTS EIGHT DIAMONDS SEVEN,0.6542,0.1008,0.245
DIAMONDS JACK DIAMONDS SEVEN,0.2522,0.0498,0.698
DIAMONDS FIVE HEARTS JACK,0.4084,0.0214,0.5702
DIAMONDS TEN DIAMONDS SEVEN,0.2354,0.0674,0.6972
HEARTS TEN DIAMONDS FIVE,0.4244,0.0266,0.549
CLUBS EIGHT DIAMONDS SEVEN,0.6422,0.113,0.2448
SPADES KING CLUBS TWO,0.4324,0.0068,0.5608
HEARTS KING CLUBS KING,0.1764,0.0122,0.8114
SPADES QUEEN CLUBS TWO,0.4324,0.0132,0.5544
HEARTS KING CLUBS QUEEN,0.3432,0.0054,0.6514
CLUBS NINE DIAMONDS SEVEN,0.0096,0.982,0.0084
CLUBS JACK SPADES TWO,0.4254,0.0182,0.5564
SPADES ACE CLUBS TWO,0.436,0.0034,0.5606
CLUBS TEN SPADES TWO,0.4318,0.0278,0.5404
HEARTS KING CLUBS ACE,0.3602,0.0034,0.6364
SPADES TWO CLUBS KING,0.4334,0.0086,0.558
SPADES TWO DIAMONDS SEVEN,0.6648,0.1136,0.2216
CLUBS EIGHT CLUBS SIX,0.5848,0.0376,0.3776
SPADES THREE DIAMONDS SEVEN,0.671,0.1044,0.2246
SPADES TWO CLUBS QUEEN,0.4258,0.013,0.5612
CLUBS NINE CLUBS SIX,0.444,0.288,0.268
SPADES FOUR DIAMONDS SEVEN,0.6618,0.1042,0.234
CLUBS JACK HEARTS KING,0.3456,0.0078,0.6466
SPADES FIVE DIAMONDS SEVEN,0.637,0.1122,0.2508
SPADES TWO CLUBS ACE,0.4312,0.005,0.5638
CLUBS TEN HEARTS KING,0.36,0.0046,0.6354
CLUBS SIX SPADES TWO,0.6562,0.042,0.3018
CLUBS SIX SPADES THREE,0.6352,0.0408,0.324
CLUBS TWO DIAMONDS SEVEN,0.6802,0.1114,0.2084
CLUBS SIX SPADES FOUR,0.6214,0.0436,0.335
CLUBS THREE DIAMONDS SEVEN,0.658,0.117,0.225
CLUBS SIX SPADES FIVE,0.607,0.0394,0.3536
CLUBS FOUR DIAMONDS SEVEN,0.669,0.1124,0.2186
CLUBS SIX SPADES SIX,0.3974,0.07,0.5326
CLUBS FIVE DIAMONDS SEVEN,0.6558,0.1036,0.2406
CLUBS SIX SPADES SEVEN,0.6318,0.1094,0.2588
CLUBS SIX DIAMONDS SEVEN,0.6382,0.1116,0.2502
CLUBS SIX SPADES EIGHT,0.6084,0.0386,0.353
SPADES JACK CLUBS TWO,0.4372,0.0146,0.5482
SPADES NINE CLUBS SIX,0.4876,0.29,0.2224
SPADES TEN CLUBS TWO,0.4334,0.0256,0.541
CLUBS TWO CLUBS QUEEN,0.4144,0.0092,0.5764
CLUBS TWO CLUBS KING,0.4168,0.008,0.5752
CLUBS THREE DIAMONDS EIGHT,0.651,0.0396,0.3094
CLUBS TWO CLUBS ACE,0.402,0.0052,0.5928
CLUBS TWO DIAMONDS EIGHT,0.6492,0.041,0.3098
HEARTS SEVEN DIAMONDS EIGHT,0.6542,0.097,0.2488
HEARTS SIX DIAMONDS EIGHT,0.5986,0.0452,0.3562
DIAMONDS EIGHT HEARTS NINE,0.2284,0.227,0.5446
CLUBS TEN CLUBS TWO,0.4302,0.0212,0.5486
DIAMONDS EIGHT HEARTS EIGHT,0.2852,0.0604,0.6544
CLUBS JACK CLUBS TWO,0.423,0.0156,0.5614
CLUBS NINE DIAMONDS EIGHT,0.216,0.2296,0.5544
CLUBS EIGHT DIAMONDS EIGHT,0.2738,0.0634,0.6628
CLUBS FIVE DIAMONDS EIGHT,0.6218,0.0414,0.3368
SPADES ACE SPADES THREE,0.3936,0.004,0.6024
CLUBS FOUR DIAMONDS EIGHT,0.6348,0.0384,0.3268
SPADES QUEEN SPADES THREE,0.411,0.0102,0.5788
CLUBS SIX DIAMONDS EIGHT,0.5978,0.0446,0.3576
SPADES KING SPADES THREE,0.3996,0.0056,0.5948
DIAMONDS EIGHT DIAMONDS QUEEN,0.3484,0.0124,0.6392
HEARTS TWO DIAMONDS EIGHT,0.644,0.0432,0.3128
DIAMONDS KING DIAMONDS EIGHT,0.363,0.0072,0.6298
HEARTS THREE DIAMONDS EIGHT,0.642,0.038,0.32
DIAMONDS ACE DIAMONDS EIGHT,0.377,0.0034,0.6196
HEARTS FOUR DIAMONDS EIGHT,0.6328,0.043,0.3242
HEARTS FIVE DIAMONDS EIGHT,0.6182,0.0406,0.3412
DIAMONDS TEN DIAMONDS EIGHT,0.3378,0.022,0.6402
DIAMONDS EIGHT DIAMONDS JACK,0.361,0.015,0.624
SPADES JACK SPADES THREE,0.4006,0.0174,0.582
SPADES TEN SPADES THREE,0.402,0.0266,0.5714
CLUBS FOUR HEARTS ACE,0.4266,0.005,0.5684
CLUBS FOUR HEARTS QUEEN,0.4378,0.0152,0.547
CLUBS FOUR HEARTS KING,0.4198,0.0074,0.5728
CLUBS SIX HEARTS TEN,0.4238,0.0268,0.5494
CLUBS SIX HEARTS JACK,0.418,0.0188,0.5632
DIAMONDS EIGHT SPADES FOUR,0.6218,0.0406,0.3376
SPADES FIVE DIAMONDS EIGHT,0.6104,0.0392,0.3504
DIAMONDS EIGHT SPADES TWO,0.6498,0.042,0.3082
DIAMONDS EIGHT SPADES THREE,0.6474,0.0414,0.3112
CLUBS FOUR HEARTS JACK,0.4292,0.0162,0.5546
SPADES EIGHT DIAMONDS EIGHT,0.2822,0.0598,0.658
SPADES TEN DIAMONDS QUEEN,0.3432,0.01,0.6468
SPADES TEN HEARTS TWO,0.444,0.0258,0.5302
SPADES JACK HEARTS EIGHT,0.3756,0.0142,0.6102
CLUBS FOUR HEARTS TEN,0.4236,0.0286,0.5478
SPADES NINE DIAMONDS EIGHT,0.226,0.2252,0.5488
SPADES TEN HEARTS EIGHT,0.3546,0.0264,0.619
SPADES JACK HEARTS TWO,0.4488,0.0152,0.536
SPADES JACK DIAMONDS QUEEN,0.3436,0.0102,0.6462
SPADES SIX DIAMONDS EIGHT,0.6006,0.0378,0.3616
SPADES SEVEN DIAMONDS EIGHT,0.647,0.1056,0.2474
SPADES ACE HEARTS TWO,0.416,0.0026,0.5814
SPADES ACE DIAMONDS QUEEN,0.3566,0.0048,0.6386
SPADES ACE HEARTS EIGHT,0.3796,0.0028,0.6176
SPADES KING HEARTS EIGHT,0.3936,0.0068,0.5996
SPADES QUEEN HEARTS TWO,0.4202,0.012,0.5678
SPADES QUEEN DIAMONDS QUEEN,0.1794,0.024,0.7966
SPADES KING DIAMONDS QUEEN,0.347,0.0044,0.6486
SPADES KING HEARTS TWO,0.4442,0.008,0.5478
SPADES QUEEN HEARTS EIGHT,0.3814,0.0106,0.608
CLUBS TWO HEARTS TEN,0.435,0.0294,0.5356
CLUBS TWO HEARTS JACK,0.4436,0.018,0.5384
SPADES TEN CLUBS KING,0.35,0.0068,0.6432
SPADES JACK CLUBS KING,0.3542,0.0074,0.6384
SPADES JACK CLUBS FOUR,0.4258,0.0148,0.5594
SPADES TEN CLUBS FOUR,0.4204,0.026,0.5536
CLUBS EIGHT CLUBS NINE,0.2114,0.2112,0.5774
HEARTS ACE CLUBS TWO,0.4346,0.0048,0.5606
SPADES ACE CLUBS FOUR,0.4226,0.0044,0.573
CLUBS TWO HEARTS KING,0.4306,0.0074,0.562
SPADES KING CLUBS FOUR,0.4252,0.0078,0.567
CLUBS TWO HEARTS QUEEN,0.4362,0.015,0.5488
SPADES QUEEN CLUBS FOUR,0.435,0.0104,0.5546
CLUBS EIGHT SPADES NINE,0.2152,0.2264,0.5584
CLUBS EIGHT SPADES EIGHT,0.2666,0.0638,0.6696
CLUBS EIGHT SPADES SEVEN,0.6394,0.1106,0.25
CLUBS EIGHT SPADES SIX,0.6146,0.0394,0.346
CLUBS EIGHT SPADES FIVE,0.623,0.0364,0.3406
CLUBS EIGHT SPADES FOUR,0.6226,0.0422,0.3352
CLUBS EIGHT SPADES THREE,0.6404,0.041,0.3186
CLUBS EIGHT SPADES TWO,0.6398,0.0408,0.3194
HEARTS SIX DIAMONDS TEN,0.4132,0.0232,0.5636
HEARTS SEVEN DIAMONDS TEN,0.2562,0.067,0.6768
DIAMONDS TEN HEARTS EIGHT,0.3628,0.0254,0.6118
CLUBS JACK CLUBS FOUR,0.413,0.0164,0.5706
DIAMONDS TEN HEARTS NINE,0.2484,0.0786,0.673
CLUBS TEN CLUBS FOUR,0.4068,0.0258,0.5674
CLUBS FOUR CLUBS KING,0.4038,0.0076,0.5886
CLUBS FOUR CLUBS QUEEN,0.4058,0.0088,0.5854
DIAMONDS TEN CLUBS TWO,0.433,0.025,0.542
CLUBS THREE DIAMONDS TEN,0.4442,0.0298,0.526
CLUBS FOUR CLUBS ACE,0.3964,0.0048,0.5988
DIAMONDS TEN DIAMONDS JACK,0.3116,0.0132,0.6752
DIAMONDS TEN DIAMONDS QUEEN,0.3224,0.0086,0.669
HEARTS TWO DIAMONDS TEN,0.4366,0.0302,0.5332
DIAMONDS KING DIAMONDS TEN,0.3412,0.0066,0.6522
HEARTS THREE DIAMONDS TEN,0.4308,0.0252,0.544
DIAMONDS ACE DIAMONDS TEN,0.3466,0.0032,0.6502
HEARTS FOUR DIAMONDS TEN,0.418,0.0286,0.5534
CLUBS EIGHT HEARTS JACK,0.3618,0.0186,0.6196
HEARTS FIVE DIAMONDS TEN,0.4118,0.0274,0.5608
CLUBS EIGHT HEARTS TEN,0.355,0.0236,0.6214
CLUBS EIGHT HEARTS QUEEN,0.3818,0.0102,0.608
CLUBS EIGHT HEARTS KING,0.3896,0.0088,0.6016
CLUBS EIGHT HEARTS ACE,0.373,0.004,0.623
CLUBS NINE SPADES THREE,0.4766,0.2988,0.2246
CLUBS NINE SPADES TWO,0.491,0.292,0.217
CLUBS NINE SPADES FIVE,0.479,0.3064,0.2146
CLUBS NINE SPADES FOUR,0.471,0.3138,0.2152
CLUBS NINE SPADES SEVEN,0.0112,0.9682,0.0206
CLUBS NINE SPADES SIX,0.484,0.2958,0.2202
CLUBS NINE SPADES NINE,0.126,0.07,0.804
CLUBS TEN HEARTS EIGHT,0.3608,0.023,0.6162
CLUBS NINE SPADES EIGHT,0.2272,0.2278,0.545
CLUBS JACK HEARTS EIGHT,0.371,0.017,0.612
HEARTS EIGHT CLUBS QUEEN,0.3664,0.0116,0.622
CLUBS KING HEARTS EIGHT,0.3834,0.0052,0.6114
CLUBS ACE HEARTS EIGHT,0.3814,0.0038,0.6148
SPADES KING CLUBS KING,0.1742,0.0118,0.814
SPADES QUEEN CLUBS KING,0.346,0.0058,0.6482
SPADES ACE CLUBS KING,0.3612,0.005,0.6338
DIAMONDS ACE HEARTS TEN,0.3522,0.0066,0.6412
HEARTS FOUR HEARTS TEN,0.4044,0.0254,0.5702
DIAMONDS ACE HEARTS JACK,0.3562,0.004,0.6398
HEARTS FOUR HEARTS JACK,0.4038,0.0172,0.579
SPADES KING CLUBS FIVE,0.4184,0.0074,0.5742
SPADES QUEEN CLUBS FIVE,0.42,0.0132,0.5668
SPADES ACE CLUBS FIVE,0.4144,0.006,0.5796
HEARTS SEVEN DIAMONDS JACK,0.2652,0.0538,0.681
HEARTS SIX DIAMONDS JACK,0.4226,0.0168,0.5606
DIAMONDS JACK HEARTS NINE,0.2474,0.0578,0.6948
DIAMONDS JACK HEARTS EIGHT,0.369,0.0216,0.6094
DIAMONDS KING DIAMONDS JACK,0.348,0.0092,0.6428
HEARTS THREE DIAMONDS JACK,0.4422,0.018,0.5398
SPADES ACE SPADES SIX,0.3834,0.0044,0.6122
HEARTS ACE SPADES FOUR,0.4242,0.0034,0.5724
DIAMONDS QUEEN DIAMONDS JACK,0.3344,0.0084,0.6572
HEARTS TWO DIAMONDS JACK,0.4498,0.016,0.5342
HEARTS FIVE DIAMONDS JACK,0.4296,0.0162,0.5542
SPADES QUEEN SPADES SIX,0.3954,0.0116,0.593
SPADES FOUR HEARTS QUEEN,0.4212,0.0128,0.566
DIAMONDS ACE DIAMONDS JACK,0.3432,0.0044,0.6524
HEARTS FOUR DIAMONDS JACK,0.4294,0.0182,0.5524
SPADES KING SPADES SIX,0.3946,0.011,0.5944
SPADES FOUR HEARTS KING,0.4286,0.0062,0.5652
SPADES TEN SPADES SIX,0.383,0.0256,0.5914
SPADES JACK SPADES SIX,0.3976,0.0152,0.5872
SPADES FOUR DIAMONDS JACK,0.4384,0.0172,0.5444
SPADES FIVE DIAMONDS JACK,0.413,0.0138,0.5732
DIAMONDS JACK SPADES TWO,0.4212,0.0156,0.5632
SPADES THREE DIAMONDS JACK,0.4296,0.0174,0.553
SPADES ACE DIAMONDS THREE,0.4274,0.003,0.5696
CLUBS EIGHT DIAMONDS JACK,0.3628,0.0152,0.622
SPADES QUEEN DIAMONDS THREE,0.4368,0.0106,0.5526
SPADES KING DIAMONDS THREE,0.4562,0.0082,0.5356
CLUBS NINE DIAMONDS JACK,0.2406,0.06,0.6994
CLUBS SIX DIAMONDS JACK,0.4264,0.0186,0.555
CLUBS FOUR DIAMONDS JACK,0.4276,0.0184,0.554
CLUBS FIVE DIAMONDS JACK,0.4176,0.0194,0.563
CLUBS TWO DIAMONDS JACK,0.4454,0.0164,0.5382
CLUBS THREE DIAMONDS JACK,0.4254,0.0184,0.5562
SPADES TEN CLUBS FIVE,0.4448,0.0216,0.5336
SPADES JACK HEARTS SIX,0.417,0.015,0.568
HEARTS SIX SPADES TEN,0.4176,0.0254,0.557
SPADES JACK CLUBS FIVE,0.4228,0.0152,0.562
SPADES JACK DIAMONDS THREE,0.4374,0.0186,0.544
DIAMONDS THREE SPADES TEN,0.4178,0.0248,0.5574
SPADES NINE DIAMONDS JACK,0.2506,0.0592,0.6902
DIAMONDS ACE HEARTS ACE,0.1544,0.0036,0.842
HEARTS FOUR HEARTS ACE,0.3846,0.0042,0.6112
SPADES EIGHT DIAMONDS JACK,0.3546,0.0168,0.6286
SPADES ACE HEARTS SIX,0.4214,0.0034,0.5752
DIAMONDS ACE HEARTS KING,0.3628,0.0036,0.6336
HEARTS FOUR HEARTS KING,0.4104,0.0084,0.5812
SPADES SEVEN DIAMONDS JACK,0.2648,0.0558,0.6794
SPADES KING HEARTS SIX,0.42,0.005,0.575
DIAMONDS ACE HEARTS QUEEN,0.354,0.005,0.641
HEARTS FOUR HEARTS QUEEN,0.4056,0.0122,0.5822
SPADES QUEEN HEARTS SIX,0.4172,0.0122,0.5706
SPADES SIX DIAMONDS JACK,0.4168,0.0156,0.5676
DIAMONDS TEN SPADES TWO,0.4276,0.0214,0.551
DIAMONDS TEN SPADES THREE,0.4342,0.0258,0.54
DIAMONDS TEN SPADES FOUR,0.429,0.0248,0.5462
DIAMONDS TEN SPADES FIVE,0.395,0.0336,0.5714
SPADES SIX DIAMONDS TEN,0.4006,0.0218,0.5776
SPADES SEVEN DIAMONDS TEN,0.2492,0.0764,0.6744
SPADES EIGHT DIAMONDS TEN,0.3514,0.0224,0.6262
SPADES NINE DIAMONDS TEN,0.2424,0.0728,0.6848
CLUBS FOUR DIAMONDS TEN,0.428,0.0244,0.5476
CLUBS FIVE DIAMONDS TEN,0.4176,0.0268,0.5556
CLUBS SIX DIAMONDS TEN,0.415,0.0296,0.5554
CLUBS EIGHT DIAMONDS TEN,0.356,0.0244,0.6196
CLUBS NINE DIAMONDS TEN,0.2364,0.069,0.6946
CLUBS JACK DIAMONDS THREE,0.4364,0.0212,0.5424
CLUBS TEN DIAMONDS THREE,0.4228,0.0306,0.5466
DIAMONDS THREE CLUBS KING,0.427,0.0064,0.5666
DIAMONDS THREE CLUBS QUEEN,0.4274,0.0134,0.5592
DIAMONDS THREE CLUBS ACE,0.416,0.005,0.579
SPADES FOUR HEARTS JACK,0.4314,0.016,0.5526
SPADES FOUR HEARTS TEN,0.4378,0.0272,0.535
SPADES FIVE SPADES TWO,0.591,0.0434,0.3656
SPADES FOUR SPADES TWO,0.589,0.0372,0.3738
SPADES THREE SPADES TWO,0.5806,0.0408,0.3786
SPADES NINE SPADES TWO,0.468,0.28,0.252
SPADES EIGHT SPADES TWO,0.5974,0.0382,0.3644
SPADES SEVEN SPADES TWO,0.6232,0.1092,0.2676
SPADES SIX SPADES TWO,0.6152,0.0422,0.3426
CLUBS THREE DIAMONDS QUEEN,0.4326,0.0126,0.5548
CLUBS THREE HEARTS TWO,0.635,0.0406,0.3244
CLUBS TWO DIAMONDS QUEEN,0.4384,0.0136,0.548
HEARTS TWO CLUBS TWO,0.4158,0.0716,0.5126
HEARTS SEVEN DIAMONDS QUEEN,0.2788,0.0402,0.681
HEARTS SEVEN HEARTS TWO,0.6284,0.1052,0.2664
HEARTS SIX DIAMONDS QUEEN,0.4146,0.0098,0.5756
HEARTS SIX HEARTS TWO,0.5972,0.0424,0.3604
DIAMONDS QUEEN HEARTS NINE,0.242,0.0468,0.7112
HEARTS TWO HEARTS NINE,0.4638,0.2682,0.268
DIAMONDS QUEEN HEARTS EIGHT,0.3824,0.0124,0.6052
HEARTS TWO HEARTS EIGHT,0.5944,0.0366,0.369
CLUBS NINE HEARTS TWO,0.4848,0.2934,0.2218
CLUBS NINE DIAMONDS QUEEN,0.2402,0.0466,0.7132
CLUBS EIGHT DIAMONDS QUEEN,0.3662,0.0124,0.6214
CLUBS EIGHT HEARTS TWO,0.6266,0.0416,0.3318
CLUBS FIVE DIAMONDS QUEEN,0.4012,0.0114,0.5874
CLUBS FIVE HEARTS TWO,0.6246,0.0442,0.3312
SPADES EIGHT HEARTS ACE,0.3684,0.0028,0.6288
CLUBS FOUR DIAMONDS QUEEN,0.4318,0.012,0.5562
CLUBS FOUR HEARTS TWO,0.6274,0.0402,0.3324
SPADES EIGHT HEARTS QUEEN,0.377,0.0084,0.6146
CLUBS SIX DIAMONDS QUEEN,0.4184,0.013,0.5686
CLUBS SIX HEARTS TWO,0.6538,0.0438,0.3024
SPADES EIGHT HEARTS KING,0.3994,0.006,0.5946
HEARTS TWO SPADES SIX,0.6468,0.0428,0.3104
SPADES SIX DIAMONDS QUEEN,0.4106,0.009,0.5804
HEARTS FOUR CLUBS QUEEN,0.4194,0.0114,0.5692
DIAMONDS ACE CLUBS QUEEN,0.3496,0.0036,0.6468
SPADES SEVEN DIAMONDS QUEEN,0.2732,0.0412,0.6856
SPADES SEVEN HEARTS TWO,0.6764,0.1076,0.216
HEARTS FOUR CLUBS KING,0.4298,0.0076,0.5626
DIAMONDS ACE CLUBS KING,0.361,0.0044,0.6346
SPADES EIGHT DIAMONDS QUEEN,0.3682,0.0124,0.6194
SPADES EIGHT HEARTS TWO,0.6352,0.0402,0.3246
HEARTS FOUR CLUBS ACE,0.4212,0.004,0.5748
DIAMONDS ACE CLUBS ACE,0.1622,0.0042,0.8336
SPADES NINE DIAMONDS QUEEN,0.2464,0.046,0.7076
SPADES NINE HEARTS TWO,0.4872,0.2862,0.2266
HEARTS TWO SPADES TWO,0.4304,0.068,0.5016
DIAMONDS QUEEN SPADES TWO,0.4424,0.013,0.5446
HEARTS TWO SPADES THREE,0.6222,0.0398,0.338
DIAMONDS QUEEN SPADES THREE,0.4156,0.0124,0.572
HEARTS TWO SPADES FOUR,0.6226,0.0426,0.3348
SPADES FOUR DIAMONDS QUEEN,0.4258,0.011,0.5632
CLUBS TEN HEARTS FOUR,0.42,0.0248,0.5552
CLUBS TEN DIAMONDS ACE,0.3458,0.0054,0.6488
HEARTS TWO SPADES FIVE,0.6244,0.0438,0.3318
SPADES FIVE DIAMONDS QUEEN,0.426,0.011,0.563
CLUBS JACK HEARTS FOUR,0.4354,0.018,0.5466
CLUBS JACK DIAMONDS ACE,0.347,0.0058,0.6472
CLUBS FIVE CLUBS KING,0.4032,0.0074,0.5894
CLUBS FIVE CLUBS QUEEN,0.4016,0.0108,0.5876
CLUBS FIVE CLUBS ACE,0.4012,0.0046,0.5942
CLUBS JACK CLUBS FIVE,0.404,0.0184,0.5776
CLUBS TEN CLUBS FIVE,0.389,0.026,0.585
SPADES KING CLUBS JACK,0.3522,0.0056,0.6422
CLUBS JACK SPADES QUEEN,0.3354,0.0082,0.6564
SPADES ACE CLUBS JACK,0.3546,0.0046,0.6408
SPADES SIX CLUBS KING,0.416,0.0084,0.5756
SPADES SIX CLUBS QUEEN,0.4144,0.009,0.5766
SPADES EIGHT HEARTS JACK,0.3782,0.0136,0.6082
SPADES SIX CLUBS ACE,0.42,0.0044,0.5756
SPADES EIGHT HEARTS TEN,0.3634,0.0242,0.6124
CLUBS JACK SPADES SIX,0.433,0.017,0.55
CLUBS TEN SPADES SIX,0.412,0.0268,0.5612
CLUBS JACK SPADES TEN,0.3234,0.0184,0.6582
CLUBS JACK SPADES JACK,0.1644,0.0336,0.802
SPADES SIX HEARTS TEN,0.4142,0.0256,0.5602
SPADES SIX HEARTS JACK,0.4292,0.0168,0.554
SPADES SIX HEARTS ACE,0.4154,0.002,0.5826
SPADES SIX HEARTS KING,0.4186,0.0076,0.5738
SPADES SIX HEARTS QUEEN,0.4136,0.009,0.5774
CLUBS TEN HEARTS SIX,0.3982,0.0226,0.5792
CLUBS JACK HEARTS SIX,0.4114,0.0138,0.5748
CLUBS JACK CLUBS ACE,0.3624,0.0052,0.6324
HEARTS SIX CLUBS QUEEN,0.4088,0.0086,0.5826
HEARTS SIX CLUBS KING,0.4108,0.007,0.5822
HEARTS SIX CLUBS ACE,0.404,0.0036,0.5924
CLUBS JACK CLUBS QUEEN,0.3312,0.0098,0.659
CLUBS JACK CLUBS KING,0.3276,0.0064,0.666
DIAMONDS THREE HEARTS ACE,0.4218,0.005,0.5732
DIAMONDS THREE HEARTS QUEEN,0.4424,0.0092,0.5484
DIAMONDS THREE HEARTS KING,0.4482,0.008,0.5438
CLUBS FIVE HEARTS JACK,0.4328,0.0172,0.55
SPADES TEN DIAMONDS ACE,0.3584,0.0042,0.6374
HEARTS FOUR SPADES TEN,0.4274,0.0284,0.5442
CLUBS FIVE HEARTS TEN,0.428,0.0232,0.5488
HEARTS FOUR SPADES JACK,0.431,0.0182,0.5508
SPADES JACK DIAMONDS ACE,0.3628,0.0048,0.6324
SPADES ACE HEARTS FOUR,0.4232,0.0042,0.5726
SPADES ACE DIAMONDS ACE,0.1748,0.0036,0.8216
CLUBS FIVE HEARTS ACE,0.416,0.0044,0.5796
CLUBS FIVE HEARTS KING,0.4214,0.0088,0.5698
HEARTS FOUR SPADES QUEEN,0.4354,0.011,0.5536
SPADES QUEEN DIAMONDS ACE,0.3466,0.004,0.6494
CLUBS JACK SPADES FOUR,0.434,0.0144,0.5516
CLUBS FIVE HEARTS QUEEN,0.4318,0.0112,0.557
SPADES KING DIAMONDS ACE,0.3556,0.0038,0.6406
SPADES KING HEARTS FOUR,0.4286,0.0054,0.566
CLUBS TEN SPADES FOUR,0.4248,0.0264,0.5488
DIAMONDS ACE DIAMONDS QUEEN,0.3382,0.0028,0.659
DIAMONDS ACE HEARTS TWO,0.42,0.0048,0.5752
HEARTS FOUR DIAMONDS QUEEN,0.4162,0.0122,0.5716
HEARTS FOUR HEARTS TWO,0.5858,0.0402,0.374
DIAMONDS THREE HEARTS TEN,0.4234,0.0256,0.551
SPADES FOUR CLUBS KING,0.4194,0.0086,0.572
HEARTS FIVE DIAMONDS QUEEN,0.4178,0.0086,0.5736
HEARTS FIVE HEARTS TWO,0.5896,0.0414,0.369
DIAMONDS THREE HEARTS JACK,0.433,0.016,0.551
SPADES FOUR CLUBS QUEEN,0.4336,0.0146,0.5518
HEARTS TWO DIAMONDS QUEEN,0.4262,0.0126,0.5612
DIAMONDS KING DIAMONDS QUEEN,0.3392,0.0072,0.6536
DIAMONDS KING HEARTS TWO,0.4264,0.0078,0.5658
HEARTS THREE DIAMONDS QUEEN,0.4246,0.0166,0.5588
HEARTS THREE HEARTS TWO,0.5744,0.0482,0.3774
SPADES FOUR CLUBS ACE,0.4206,0.0038,0.5756
HEARTS TWO CLUBS ACE,0.418,0.0042,0.5778
DIAMONDS QUEEN CLUBS ACE,0.3456,0.0046,0.6498
HEARTS TWO CLUBS QUEEN,0.4312,0.011,0.5578
DIAMONDS QUEEN CLUBS QUEEN,0.175,0.0238,0.8012
HEARTS TWO CLUBS KING,0.4326,0.0076,0.5598
DIAMONDS QUEEN CLUBS KING,0.3458,0.0076,0.6466
SPADES EIGHT SPADES FIVE,0.5684,0.0402,0.3914
CLUBS TEN HEARTS TWO,0.432,0.0238,0.5442
CLUBS TEN DIAMONDS QUEEN,0.324,0.0104,0.6656
SPADES NINE SPADES FIVE,0.4468,0.2854,0.2678
CLUBS JACK HEARTS TWO,0.4388,0.0168,0.5444
CLUBS JACK DIAMONDS QUEEN,0.3404,0.011,0.6486
SPADES SIX SPADES FIVE,0.5646,0.0364,0.399
SPADES SEVEN SPADES FIVE,0.5902,0.1052,0.3046
DIAMONDS FIVE CLUBS QUEEN,0.42,0.0122,0.5678
SPADES EIGHT CLUBS ACE,0.3766,0.0038,0.6196
DIAMONDS FIVE CLUBS KING,0.4134,0.0094,0.5772
SPADES EIGHT CLUBS KING,0.397,0.0052,0.5978
DIAMONDS FIVE CLUBS ACE,0.4094,0.0056,0.585
SPADES EIGHT CLUBS QUEEN,0.3744,0.0102,0.6154
CLUBS JACK SPADES EIGHT,0.3752,0.016,0.6088
CLUBS TEN SPADES EIGHT,0.3592,0.0256,0.6152
CLUBS TEN DIAMONDS FIVE,0.4362,0.0308,0.533
CLUBS JACK DIAMONDS FIVE,0.4116,0.0212,0.5672
DIAMONDS TEN HEARTS JACK,0.3244,0.0138,0.6618
DIAMONDS TEN HEARTS TEN,0.1678,0.035,0.7972
SPADES ACE CLUBS NINE,0.2654,0.0246,0.71
SPADES QUEEN CLUBS NINE,0.2454,0.0464,0.7082
SPADES KING CLUBS NINE,0.2664,0.0368,0.6968
HEARTS SIX HEARTS KING,0.385,0.0068,0.6082
DIAMONDS KING SPADES SEVEN,0.2688,0.0346,0.6966
HEARTS THREE SPADES SEVEN,0.6652,0.1066,0.2282
SPADES KING DIAMONDS SEVEN,0.273,0.0368,0.6902
HEARTS SIX HEARTS QUEEN,0.3938,0.0116,0.5946
SPADES QUEEN DIAMONDS SEVEN,0.2862,0.0446,0.6692
HEARTS THREE SPADES SIX,0.6232,0.0444,0.3324
DIAMONDS KING SPADES SIX,0.4214,0.005,0.5736
SPADES NINE DIAMONDS KING,0.2678,0.0268,0.7054
SPADES NINE HEARTS THREE,0.4912,0.2798,0.229
HEARTS SIX HEARTS ACE,0.3878,0.0036,0.6086
DIAMONDS KING SPADES EIGHT,0.3744,0.0068,0.6188
SPADES EIGHT HEARTS THREE,0.6346,0.0382,0.3272
SPADES ACE DIAMONDS SEVEN,0.2888,0.0218,0.6894
CLUBS NINE HEARTS THREE,0.4782,0.2972,0.2246
CLUBS NINE DIAMONDS KING,0.2612,0.0334,0.7054
CLUBS EIGHT DIAMONDS KING,0.383,0.0052,0.6118
CLUBS EIGHT HEARTS THREE,0.6436,0.0394,0.317
HEARTS THREE SPADES THREE,0.4224,0.0734,0.5042
DIAMONDS KING SPADES THREE,0.4268,0.01,0.5632
HEARTS THREE SPADES TWO,0.6204,0.0434,0.3362
DIAMONDS KING SPADES TWO,0.4344,0.009,0.5566
HEARTS THREE SPADES FIVE,0.6044,0.0404,0.3552
DIAMONDS KING SPADES FIVE,0.416,0.008,0.576
HEARTS THREE SPADES FOUR,0.6056,0.0448,0.3496
DIAMONDS KING SPADES FOUR,0.4252,0.0088,0.566
DIAMONDS KING CLUBS TWO,0.4438,0.006,0.5502
HEARTS THREE CLUBS TWO,0.6192,0.0448,0.336
