opposingHand,winningChance,drawChance,lostChance
CLUBS THREE SPADES FOUR
HEARTS FIVE SPADES TEN,0.3676,0.03,0.6024
SPADES JACK HEARTS FIVE,0.3562,0.0212,0.6226
SPADES FIVE CLUBS JACK,0.3558,0.022,0.6222
CLUBS TEN SPADES FIVE,0.364,0.0306,0.6054
CLUBS EIGHT CLUBS JACK,0.3388,0.017,0.6442
CLUBS TEN CLUBS EIGHT,0.335,0.0256,0.6394
CLUBS EIGHT CLUBS KING,0.3452,0.0092,0.6456
SPADES FIVE CLUBS ACE,0.329,0.006,0.665
CLUBS EIGHT CLUBS QUEEN,0.3408,0.0116,0.6476
SPADES FIVE CLUBS KING,0.3466,0.0086,0.6448
SPADES FIVE CLUBS QUEEN,0.3506,0.0152,0.6342
CLUBS EIGHT CLUBS ACE,0.337,0.0052,0.6578
DIAMONDS TWO DIAMONDS THREE,0.2796,0.4496,0.2708
DIAMONDS TWO DIAMONDS FIVE,0.3586,0.2412,0.4002
SPADES KING HEARTS FIVE,0.3436,0.0104,0.646
DIAMONDS TWO DIAMONDS FOUR,0.2574,0.4816,0.261
SPADES QUEEN HEARTS FIVE,0.344,0.0156,0.6404
DIAMONDS TWO DIAMONDS SEVEN,0.3808,0.1032,0.516
DIAMONDS TWO DIAMONDS SIX,0.3716,0.1482,0.4802
SPADES ACE HEARTS FIVE,0.3396,0.0068,0.6536
DIAMONDS TWO DIAMONDS NINE,0.379,0.0444,0.5766
DIAMONDS TWO DIAMONDS EIGHT,0.3776,0.067,0.5554
DIAMONDS THREE DIAMONDS FOUR,0.0238,0.9082,0.068
DIAMONDS THREE DIAMONDS FIVE,0.212,0.357,0.431
CLUBS TWO SPADES FIVE,0.3804,0.2518,0.3678
CLUBS TWO SPADES TWO,0.3296,0.1714,0.499
CLUBS TWO SPADES THREE,0.302,0.499,0.199
DIAMONDS THREE DIAMONDS EIGHT,0.2594,0.1376,0.603
SPADES EIGHT CLUBS TWO,0.4028,0.0668,0.5304
DIAMONDS THREE DIAMONDS NINE,0.2524,0.1052,0.6424
SPADES NINE CLUBS TWO,0.403,0.0512,0.5458
DIAMONDS THREE DIAMONDS SIX,0.2482,0.2394,0.5124
CLUBS TWO SPADES SIX,0.3938,0.1636,0.4426
DIAMONDS THREE DIAMONDS SEVEN,0.245,0.1808,0.5742
CLUBS TWO SPADES SEVEN,0.4048,0.1082,0.487
CLUBS SIX CLUBS TWO,0.3722,0.151,0.4768
CLUBS SEVEN CLUBS TWO,0.3956,0.1058,0.4986
CLUBS TWO CLUBS FOUR,0.2684,0.4922,0.2394
CLUBS FIVE CLUBS TWO,0.372,0.2332,0.3948
CLUBS TEN CLUBS JACK,0.3324,0.0162,0.6514
DIAMONDS FOUR DIAMONDS SIX,0.2336,0.2696,0.4968
CLUBS TEN CLUBS QUEEN,0.3338,0.0106,0.6556
DIAMONDS FOUR DIAMONDS SEVEN,0.2422,0.192,0.5658
CLUBS TEN CLUBS KING,0.3316,0.0086,0.6598
CLUBS TEN CLUBS ACE,0.334,0.0052,0.6608
CLUBS EIGHT CLUBS TWO,0.3948,0.0584,0.5468
DIAMONDS FIVE DIAMONDS FOUR,0.2074,0.3454,0.4472
CLUBS NINE CLUBS TWO,0.3862,0.0498,0.564
DIAMONDS NINE DIAMONDS FOUR,0.2588,0.1026,0.6386
DIAMONDS EIGHT DIAMONDS FOUR,0.2422,0.1434,0.6144
DIAMONDS NINE DIAMONDS FIVE,0.3294,0.0498,0.6208
DIAMONDS TWO CLUBS JACK,0.4064,0.0218,0.5718
DIAMONDS EIGHT DIAMONDS FIVE,0.3242,0.0642,0.6116
CLUBS TEN DIAMONDS TWO,0.4138,0.0292,0.557
DIAMONDS FIVE DIAMONDS SEVEN,0.3082,0.0942,0.5976
DIAMONDS FIVE DIAMONDS SIX,0.3042,0.1456,0.5502
DIAMONDS TWO CLUBS ACE,0.3962,0.0052,0.5986
DIAMONDS TWO CLUBS KING,0.4132,0.0096,0.5772
DIAMONDS TWO CLUBS QUEEN,0.4168,0.0158,0.5674
DIAMONDS EIGHT DIAMONDS SIX,0.3172,0.0606,0.6222
DIAMONDS NINE DIAMONDS SIX,0.3238,0.0394,0.6368
HEARTS ACE SPADES THREE,0.2606,0.0172,0.7222
HEARTS KING SPADES THREE,0.2778,0.0302,0.692
DIAMONDS SEVEN DIAMONDS SIX,0.307,0.0888,0.6042
SPADES THREE HEARTS QUEEN,0.2706,0.0414,0.688
SPADES THREE HEARTS JACK,0.281,0.0576,0.6614
SPADES THREE HEARTS TEN,0.2798,0.0714,0.6488
DIAMONDS EIGHT DIAMONDS SEVEN,0.3096,0.0564,0.634
DIAMONDS NINE DIAMONDS SEVEN,0.3198,0.0408,0.6394
DIAMONDS NINE DIAMONDS EIGHT,0.3102,0.0374,0.6524
DIAMONDS KING HEARTS TEN,0.3556,0.007,0.6374
HEARTS THREE HEARTS TEN,0.2656,0.0708,0.6636
SPADES JACK CLUBS SIX,0.3544,0.0184,0.6272
DIAMONDS KING HEARTS JACK,0.361,0.0064,0.6326
HEARTS THREE HEARTS JACK,0.2582,0.0554,0.6864
SPADES TEN CLUBS SIX,0.3354,0.0296,0.635
SPADES JACK SPADES FIVE,0.3458,0.0244,0.6298
SPADES TEN SPADES FIVE,0.3432,0.0268,0.63
DIAMONDS KING HEARTS ACE,0.3704,0.0048,0.6248
HEARTS THREE HEARTS ACE,0.2502,0.017,0.7328
SPADES ACE CLUBS SIX,0.3528,0.0066,0.6406
DIAMONDS KING HEARTS QUEEN,0.3544,0.0062,0.6394
HEARTS THREE HEARTS QUEEN,0.257,0.0338,0.7092
SPADES KING CLUBS SIX,0.3392,0.0094,0.6514
DIAMONDS KING HEARTS KING,0.1658,0.0156,0.8186
HEARTS THREE HEARTS KING,0.2606,0.0288,0.7106
SPADES QUEEN CLUBS SIX,0.3612,0.0158,0.623
SPADES NINE HEARTS TEN,0.3442,0.0262,0.6296
SPADES NINE HEARTS JACK,0.3364,0.0204,0.6432
SPADES QUEEN SPADES FIVE,0.3466,0.013,0.6404
SPADES KING SPADES FIVE,0.3398,0.0122,0.648
SPADES ACE SPADES FIVE,0.315,0.0078,0.6772
SPADES NINE HEARTS QUEEN,0.362,0.0102,0.6278
SPADES NINE HEARTS KING,0.36,0.0082,0.6318
SPADES NINE HEARTS ACE,0.348,0.0058,0.6462
CLUBS TEN SPADES JACK,0.338,0.0152,0.6468
CLUBS TEN SPADES TEN,0.1512,0.0664,0.7824
SPADES ACE CLUBS TEN,0.3518,0.0052,0.643
SPADES KING CLUBS TEN,0.3526,0.0094,0.638
CLUBS TEN SPADES QUEEN,0.3366,0.0122,0.6512
SPADES FIVE HEARTS QUEEN,0.3452,0.015,0.6398
HEARTS KING SPADES FIVE,0.3534,0.013,0.6336
SPADES FIVE HEARTS ACE,0.3448,0.0036,0.6516
CLUBS EIGHT SPADES TEN,0.3396,0.021,0.6394
HEARTS THREE SPADES JACK,0.2708,0.059,0.6702
SPADES JACK DIAMONDS KING,0.3498,0.0092,0.641
SPADES TEN DIAMONDS KING,0.357,0.0098,0.6332
HEARTS THREE SPADES TEN,0.2672,0.0826,0.6502
SPADES JACK CLUBS EIGHT,0.3422,0.0226,0.6352
CLUBS SIX HEARTS ACE,0.3574,0.004,0.6386
SPADES ACE CLUBS EIGHT,0.3508,0.0062,0.643
HEARTS FIVE CLUBS JACK,0.359,0.0232,0.6178
CLUBS TEN HEARTS FIVE,0.3598,0.029,0.6112
CLUBS SIX HEARTS QUEEN,0.3526,0.0162,0.6312
SPADES QUEEN CLUBS EIGHT,0.3444,0.011,0.6446
CLUBS TEN SPADES THREE,0.2694,0.081,0.6496
CLUBS SIX HEARTS KING,0.3556,0.0094,0.635
SPADES KING CLUBS EIGHT,0.3532,0.0094,0.6374
SPADES THREE CLUBS JACK,0.2664,0.0576,0.676
DIAMONDS TWO HEARTS JACK,0.4212,0.022,0.5568
SPADES THREE CLUBS QUEEN,0.282,0.0456,0.6724
DIAMONDS TWO HEARTS TEN,0.4092,0.0274,0.5634
SPADES THREE CLUBS KING,0.2652,0.028,0.7068
HEARTS FIVE CLUBS ACE,0.3362,0.0062,0.6576
SPADES FIVE HEARTS TEN,0.357,0.0296,0.6134
SPADES THREE CLUBS ACE,0.2456,0.0206,0.7338
HEARTS FIVE CLUBS KING,0.3526,0.0106,0.6368
SPADES FIVE HEARTS JACK,0.369,0.0196,0.6114
HEARTS FIVE CLUBS QUEEN,0.3494,0.0144,0.6362
HEARTS THREE CLUBS KING,0.2608,0.0272,0.712
DIAMONDS KING CLUBS KING,0.16,0.0194,0.8206
HEARTS THREE CLUBS QUEEN,0.2734,0.0392,0.6874
DIAMONDS KING CLUBS QUEEN,0.3504,0.0074,0.6422
HEARTS FIVE HEARTS JACK,0.3248,0.0204,0.6548
HEARTS FIVE HEARTS TEN,0.3366,0.0274,0.636
HEARTS THREE CLUBS ACE,0.2532,0.0188,0.728
DIAMONDS KING CLUBS ACE,0.364,0.0052,0.6308
SPADES ACE CLUBS QUEEN,0.3458,0.0066,0.6476
SPADES KING CLUBS QUEEN,0.3414,0.0092,0.6494
HEARTS THREE CLUBS JACK,0.2844,0.0614,0.6542
DIAMONDS KING CLUBS JACK,0.3574,0.0064,0.6362
SPADES QUEEN CLUBS QUEEN,0.147,0.0426,0.8104
CLUBS TEN HEARTS THREE,0.2742,0.0828,0.643
CLUBS TEN DIAMONDS KING,0.3466,0.0094,0.644
SPADES JACK CLUBS QUEEN,0.3504,0.0118,0.6378
CLUBS SIX CLUBS QUEEN,0.3478,0.0138,0.6384
SPADES TEN CLUBS QUEEN,0.3602,0.013,0.6268
CLUBS SIX CLUBS KING,0.334,0.0082,0.6578
CLUBS SIX CLUBS ACE,0.3494,0.0058,0.6448
HEARTS FIVE HEARTS KING,0.3318,0.0088,0.6594
HEARTS FIVE HEARTS QUEEN,0.337,0.0136,0.6494
CLUBS TEN CLUBS SIX,0.3336,0.0336,0.6328
HEARTS FIVE HEARTS ACE,0.3306,0.0048,0.6646
CLUBS SIX CLUBS JACK,0.3408,0.0174,0.6418
SPADES SEVEN HEARTS JACK,0.3558,0.017,0.6272
SPADES SEVEN HEARTS TEN,0.3542,0.0252,0.6206
DIAMONDS TWO CLUBS TWO,0.324,0.1578,0.5182
HEARTS SIX DIAMONDS TWO,0.4004,0.1664,0.4332
DIAMONDS TWO HEARTS QUEEN,0.4016,0.0156,0.5828
DIAMONDS TWO HEARTS SEVEN,0.4122,0.1044,0.4834
DIAMONDS TWO HEARTS KING,0.4148,0.0092,0.576
DIAMONDS TWO HEARTS EIGHT,0.407,0.0706,0.5224
DIAMONDS TWO HEARTS ACE,0.4022,0.0068,0.591
DIAMONDS TWO HEARTS NINE,0.4154,0.0458,0.5388
DIAMONDS TWO DIAMONDS QUEEN,0.3844,0.016,0.5996
DIAMONDS TWO HEARTS TWO,0.328,0.1624,0.5096
DIAMONDS TWO DIAMONDS KING,0.3948,0.0086,0.5966
HEARTS THREE DIAMONDS TWO,0.2768,0.5024,0.2208
DIAMONDS TWO DIAMONDS ACE,0.3804,0.0058,0.6138
HEARTS FOUR DIAMONDS TWO,0.2798,0.506,0.2142
DIAMONDS TWO HEARTS FIVE,0.393,0.2528,0.3542
SPADES SEVEN HEARTS ACE,0.3572,0.0038,0.639
DIAMONDS TWO DIAMONDS TEN,0.3876,0.0296,0.5828
SPADES SEVEN HEARTS KING,0.356,0.0092,0.6348
DIAMONDS TWO DIAMONDS JACK,0.382,0.0212,0.5968
SPADES SEVEN HEARTS QUEEN,0.3466,0.0124,0.641
DIAMONDS TWO SPADES NINE,0.4146,0.0508,0.5346
DIAMONDS TWO SPADES EIGHT,0.4044,0.0646,0.531
DIAMONDS TWO SPADES SEVEN,0.3954,0.1092,0.4954
DIAMONDS TWO SPADES SIX,0.3916,0.1714,0.437
DIAMONDS TWO SPADES FIVE,0.3812,0.2478,0.371
DIAMONDS TWO SPADES THREE,0.2812,0.5018,0.217
DIAMONDS TWO SPADES TWO,0.3254,0.1656,0.509
CLUBS NINE DIAMONDS TWO,0.4084,0.0482,0.5434
DIAMONDS TWO CLUBS EIGHT,0.4002,0.0738,0.526
CLUBS SEVEN DIAMONDS TWO,0.4128,0.1016,0.4856
DIAMONDS TWO CLUBS SIX,0.3954,0.1648,0.4398
DIAMONDS TWO CLUBS FIVE,0.3716,0.2606,0.3678
DIAMONDS TWO CLUBS FOUR,0.265,0.5188,0.2162
CLUBS FOUR SPADES FIVE,0.2074,0.3652,0.4274
CLUBS FOUR SPADES THREE,0.0098,0.9818,0.0084
CLUBS FOUR SPADES TWO,0.2654,0.5174,0.2172
SPADES NINE CLUBS FOUR,0.2632,0.1116,0.6252
SPADES EIGHT CLUBS FOUR,0.2504,0.154,0.5956
SPADES SEVEN CLUBS FOUR,0.2406,0.2102,0.5492
CLUBS FOUR SPADES SIX,0.2362,0.279,0.4848
SPADES ACE DIAMONDS SIX,0.3576,0.0052,0.6372
SPADES QUEEN DIAMONDS SIX,0.3538,0.0132,0.633
SPADES KING DIAMONDS SIX,0.3568,0.0092,0.634
SPADES TEN DIAMONDS SIX,0.3516,0.0294,0.619
SPADES JACK DIAMONDS SIX,0.3534,0.0192,0.6274
SPADES QUEEN SPADES TWO,0.3874,0.0172,0.5954
SPADES KING SPADES TWO,0.393,0.011,0.596
SPADES ACE SPADES TWO,0.391,0.0056,0.6034
DIAMONDS JACK CLUBS JACK,0.1604,0.0528,0.7868
CLUBS TEN DIAMONDS JACK,0.3536,0.0152,0.6312
DIAMONDS JACK CLUBS KING,0.357,0.01,0.633
DIAMONDS JACK CLUBS QUEEN,0.3434,0.0102,0.6464
DIAMONDS THREE DIAMONDS JACK,0.2646,0.053,0.6824
DIAMONDS THREE DIAMONDS TEN,0.2592,0.0758,0.665
DIAMONDS JACK CLUBS ACE,0.3506,0.005,0.6444
DIAMONDS THREE DIAMONDS KING,0.2472,0.0284,0.7244
HEARTS THREE DIAMONDS THREE,0.2604,0.1306,0.609
DIAMONDS THREE DIAMONDS QUEEN,0.255,0.0464,0.6986
DIAMONDS THREE HEARTS TWO,0.2862,0.4918,0.222
HEARTS FIVE DIAMONDS THREE,0.226,0.364,0.41
DIAMONDS THREE DIAMONDS ACE,0.251,0.0174,0.7316
HEARTS FOUR DIAMONDS THREE,0.0202,0.9586,0.0212
DIAMONDS THREE HEARTS SEVEN,0.2582,0.2046,0.5372
SPADES TEN SPADES NINE,0.3282,0.026,0.6458
HEARTS SIX DIAMONDS THREE,0.2524,0.2656,0.482
SPADES JACK SPADES NINE,0.3434,0.017,0.6396
DIAMONDS THREE HEARTS NINE,0.2772,0.1046,0.6182
HEARTS JACK DIAMONDS FOUR,0.2796,0.0638,0.6566
HEARTS KING HEARTS ACE,0.3472,0.006,0.6468
SPADES TEN SPADES TWO,0.392,0.03,0.578
DIAMONDS THREE HEARTS EIGHT,0.2774,0.1408,0.5818
HEARTS TEN DIAMONDS FOUR,0.2754,0.0876,0.637
SPADES JACK SPADES TWO,0.3958,0.0218,0.5824
HEARTS QUEEN DIAMONDS FOUR,0.2782,0.0486,0.6732
HEARTS KING DIAMONDS FOUR,0.2736,0.0338,0.6926
SPADES ACE SPADES NINE,0.3358,0.0068,0.6574
HEARTS ACE DIAMONDS FOUR,0.2484,0.02,0.7316
SPADES KING SPADES NINE,0.3508,0.0076,0.6416
SPADES QUEEN SPADES NINE,0.3382,0.0128,0.649
DIAMONDS THREE SPADES NINE,0.2696,0.1034,0.627
DIAMONDS THREE SPADES EIGHT,0.2788,0.141,0.5802
DIAMONDS THREE SPADES SEVEN,0.2608,0.1948,0.5444
DIAMONDS THREE SPADES SIX,0.2412,0.2748,0.484
DIAMONDS THREE CLUBS SIX,0.2378,0.273,0.4892
CLUBS FIVE CLUBS SIX,0.2948,0.1604,0.5448
CLUBS ACE DIAMONDS FOUR,0.2496,0.0274,0.723
CLUBS SEVEN DIAMONDS THREE,0.2696,0.1952,0.5352
CLUBS SEVEN CLUBS FIVE,0.3236,0.0946,0.5818
DIAMONDS THREE CLUBS FOUR,0.0112,0.9724,0.0164
DIAMONDS FOUR CLUBS QUEEN,0.2682,0.048,0.6838
DIAMONDS THREE CLUBS FIVE,0.2244,0.3646,0.411
CLUBS KING DIAMONDS FOUR,0.2694,0.0328,0.6978
DIAMONDS THREE CLUBS TWO,0.2918,0.4886,0.2196
CLUBS TEN DIAMONDS FOUR,0.2572,0.0886,0.6542
DIAMONDS FOUR CLUBS JACK,0.2616,0.0626,0.6758
DIAMONDS THREE SPADES FIVE,0.214,0.3666,0.4194
DIAMONDS THREE SPADES TWO,0.3064,0.4904,0.2032
DIAMONDS THREE SPADES THREE,0.259,0.1376,0.6034
CLUBS EIGHT DIAMONDS THREE,0.2682,0.1498,0.582
CLUBS NINE DIAMONDS THREE,0.2744,0.1098,0.6158
SPADES SEVEN CLUBS ACE,0.3566,0.006,0.6374
SPADES SEVEN CLUBS QUEEN,0.3528,0.0136,0.6336
SPADES SEVEN CLUBS KING,0.3488,0.0084,0.6428
CLUBS FIVE SPADES SEVEN,0.3222,0.1036,0.5742
CLUBS TEN SPADES SEVEN,0.3576,0.028,0.6144
CLUBS FIVE SPADES SIX,0.3156,0.1558,0.5286
SPADES SEVEN CLUBS JACK,0.3514,0.018,0.6306
CLUBS FIVE SPADES NINE,0.3458,0.0448,0.6094
CLUBS FIVE SPADES EIGHT,0.3308,0.0676,0.6016
CLUBS FIVE SPADES THREE,0.2222,0.3768,0.401
CLUBS FIVE SPADES TWO,0.3836,0.2492,0.3672
CLUBS FIVE SPADES FIVE,0.103,0.15,0.747
CLUBS NINE CLUBS FIVE,0.3364,0.047,0.6166
CLUBS EIGHT CLUBS FIVE,0.33,0.0644,0.6056
CLUBS ACE CLUBS QUEEN,0.347,0.0034,0.6496
CLUBS KING CLUBS QUEEN,0.3404,0.0058,0.6538
DIAMONDS TEN DIAMONDS FOUR,0.249,0.0864,0.6646
CLUBS TEN DIAMONDS NINE,0.3494,0.0252,0.6254
DIAMONDS JACK DIAMONDS FOUR,0.2554,0.0544,0.6902
DIAMONDS NINE CLUBS JACK,0.3454,0.0162,0.6384
SPADES NINE CLUBS JACK,0.3404,0.0188,0.6408
CLUBS TEN SPADES NINE,0.3402,0.0276,0.6322
DIAMONDS ACE DIAMONDS FOUR,0.2436,0.0218,0.7346
HEARTS FOUR DIAMONDS FOUR,0.1114,0.1374,0.7512
DIAMONDS JACK HEARTS TEN,0.3524,0.0152,0.6324
SPADES NINE CLUBS KING,0.3554,0.0062,0.6384
DIAMONDS TWO SPADES TEN,0.4146,0.0318,0.5536
DIAMONDS NINE CLUBS ACE,0.3486,0.0034,0.648
HEARTS FIVE DIAMONDS FOUR,0.2096,0.3632,0.4272
HEARTS JACK DIAMONDS JACK,0.172,0.043,0.785
SPADES NINE CLUBS QUEEN,0.3446,0.0106,0.6448
DIAMONDS TWO SPADES JACK,0.4094,0.0246,0.566
DIAMONDS QUEEN DIAMONDS FOUR,0.2622,0.0388,0.699
HEARTS TWO DIAMONDS FOUR,0.2722,0.5048,0.223
DIAMONDS NINE CLUBS QUEEN,0.3488,0.0124,0.6388
DIAMONDS KING DIAMONDS FOUR,0.248,0.0334,0.7186
HEARTS THREE DIAMONDS FOUR,0.0204,0.959,0.0206
SPADES NINE CLUBS ACE,0.3456,0.0062,0.6482
DIAMONDS NINE CLUBS KING,0.3552,0.0094,0.6354
HEARTS ACE DIAMONDS JACK,0.3692,0.0028,0.628
SPADES ACE DIAMONDS TWO,0.3966,0.0066,0.5968
DIAMONDS JACK HEARTS QUEEN,0.3622,0.0106,0.6272
SPADES QUEEN DIAMONDS TWO,0.4048,0.019,0.5762
HEARTS KING DIAMONDS JACK,0.3546,0.005,0.6404
SPADES KING DIAMONDS TWO,0.4016,0.0098,0.5886
SPADES JACK SPADES SEVEN,0.3398,0.022,0.6382
SPADES TEN SPADES SEVEN,0.3246,0.027,0.6484
SPADES TWO DIAMONDS FOUR,0.2602,0.5314,0.2084
SPADES THREE DIAMONDS FOUR,0.0174,0.9722,0.0104
SPADES FIVE DIAMONDS FOUR,0.2128,0.371,0.4162
SPADES SIX DIAMONDS FOUR,0.2404,0.2708,0.4888
SPADES SEVEN DIAMONDS FOUR,0.2432,0.1976,0.5592
SPADES EIGHT DIAMONDS FOUR,0.2464,0.1446,0.609
SPADES NINE DIAMONDS FOUR,0.2684,0.1104,0.6212
CLUBS FIVE DIAMONDS FOUR,0.2106,0.3556,0.4338
CLUBS FOUR DIAMONDS FOUR,0.0882,0.1374,0.7744
CLUBS SEVEN DIAMONDS FOUR,0.2478,0.2058,0.5464
CLUBS SIX DIAMONDS FOUR,0.2448,0.2766,0.4786
CLUBS NINE DIAMONDS FOUR,0.2788,0.1138,0.6074
CLUBS EIGHT DIAMONDS FOUR,0.2466,0.1494,0.604
DIAMONDS FOUR HEARTS SEVEN,0.2498,0.2014,0.5488
HEARTS SIX DIAMONDS FOUR,0.244,0.2704,0.4856
HEARTS NINE DIAMONDS FOUR,0.271,0.102,0.627
DIAMONDS FOUR HEARTS EIGHT,0.2628,0.1404,0.5968
CLUBS TWO DIAMONDS FOUR,0.2708,0.5176,0.2116
DIAMONDS TEN DIAMONDS FIVE,0.3434,0.0288,0.6278
DIAMONDS JACK DIAMONDS FIVE,0.3478,0.0194,0.6328
DIAMONDS NINE HEARTS QUEEN,0.3546,0.011,0.6344
HEARTS KING DIAMONDS NINE,0.3496,0.0076,0.6428
DIAMONDS NINE HEARTS ACE,0.3638,0.0064,0.6298
DIAMONDS NINE HEARTS TEN,0.3464,0.0232,0.6304
DIAMONDS NINE HEARTS JACK,0.356,0.0134,0.6306
CLUBS KING DIAMONDS SIX,0.362,0.0108,0.6272
CLUBS QUEEN DIAMONDS SIX,0.358,0.013,0.629
CLUBS ACE DIAMONDS SIX,0.3472,0.006,0.6468
SPADES KING DIAMONDS FOUR,0.2634,0.0366,0.7
SPADES ACE SPADES SEVEN,0.3378,0.0078,0.6544
SPADES QUEEN DIAMONDS FOUR,0.2674,0.0492,0.6834
SPADES QUEEN SPADES SEVEN,0.3512,0.013,0.6358
CLUBS JACK DIAMONDS SIX,0.36,0.019,0.621
SPADES KING SPADES SEVEN,0.3392,0.0088,0.652
SPADES ACE DIAMONDS FOUR,0.2526,0.0242,0.7232
CLUBS TEN DIAMONDS SIX,0.3528,0.0308,0.6164
CLUBS NINE CLUBS FOUR,0.2642,0.099,0.6368
CLUBS EIGHT CLUBS FOUR,0.2504,0.1448,0.6048
SPADES JACK DIAMONDS FOUR,0.2758,0.0658,0.6584
SPADES TEN DIAMONDS FOUR,0.2696,0.0778,0.6526
CLUBS FIVE CLUBS FOUR,0.2048,0.3508,0.4444
CLUBS SEVEN CLUBS FOUR,0.2434,0.2028,0.5538
CLUBS SIX CLUBS FOUR,0.2336,0.2598,0.5066
CLUBS SEVEN SPADES EIGHT,0.3204,0.0654,0.6142
CLUBS SEVEN SPADES NINE,0.3358,0.0406,0.6236
CLUBS SEVEN SPADES SIX,0.3276,0.0996,0.5728
CLUBS SEVEN SPADES SEVEN,0.1452,0.116,0.7388
CLUBS SEVEN SPADES FIVE,0.3192,0.108,0.5728
CLUBS SEVEN SPADES THREE,0.2666,0.2006,0.5328
CLUBS SEVEN SPADES TWO,0.3982,0.1074,0.4944
CLUBS NINE CLUBS SEVEN,0.3212,0.0382,0.6406
CLUBS SEVEN CLUBS EIGHT,0.3126,0.06,0.6274
HEARTS SIX DIAMONDS FIVE,0.3176,0.1538,0.5286
DIAMONDS FIVE HEARTS SEVEN,0.3394,0.1054,0.5552
DIAMONDS FIVE HEARTS EIGHT,0.3462,0.0712,0.5826
HEARTS NINE DIAMONDS FIVE,0.3602,0.0414,0.5984
DIAMONDS QUEEN DIAMONDS FIVE,0.3356,0.014,0.6504
HEARTS TWO DIAMONDS FIVE,0.3712,0.2494,0.3794
HEARTS KING HEARTS EIGHT,0.3378,0.006,0.6562
DIAMONDS KING DIAMONDS FIVE,0.3474,0.0082,0.6444
HEARTS THREE DIAMONDS FIVE,0.2234,0.369,0.4076
HEARTS QUEEN HEARTS EIGHT,0.3374,0.012,0.6506
DIAMONDS ACE DIAMONDS FIVE,0.3156,0.0048,0.6796
HEARTS FOUR DIAMONDS FIVE,0.2298,0.3688,0.4014
HEARTS FIVE DIAMONDS FIVE,0.1158,0.1444,0.7398
HEARTS ACE HEARTS EIGHT,0.327,0.005,0.668
CLUBS FOUR DIAMONDS FIVE,0.2096,0.3662,0.4242
CLUBS FIVE DIAMONDS FIVE,0.1154,0.1428,0.7418
CLUBS SIX DIAMONDS FIVE,0.3124,0.1516,0.536
CLUBS SEVEN DIAMONDS FIVE,0.323,0.111,0.566
CLUBS TWO DIAMONDS FIVE,0.3848,0.258,0.3572
SPADES THREE DIAMONDS FIVE,0.2292,0.3836,0.3872
SPADES TWO DIAMONDS FIVE,0.3828,0.2478,0.3694
SPADES JACK DIAMONDS EIGHT,0.355,0.0216,0.6234
SPADES FIVE DIAMONDS FIVE,0.1142,0.1542,0.7316
CLUBS TEN HEARTS JACK,0.3476,0.019,0.6334
SPADES TEN DIAMONDS EIGHT,0.3482,0.0254,0.6264
HEARTS JACK CLUBS JACK,0.1696,0.0558,0.7746
HEARTS JACK CLUBS QUEEN,0.3556,0.0128,0.6316
CLUBS NINE DIAMONDS FIVE,0.3526,0.0488,0.5986
HEARTS JACK CLUBS KING,0.3478,0.0078,0.6444
CLUBS EIGHT DIAMONDS FIVE,0.3352,0.0648,0.6
HEARTS JACK CLUBS ACE,0.3452,0.0044,0.6504
SPADES SEVEN DIAMONDS FIVE,0.3336,0.1018,0.5646
SPADES KING DIAMONDS EIGHT,0.3626,0.0088,0.6286
SPADES QUEEN DIAMONDS EIGHT,0.3482,0.014,0.6378
SPADES SIX DIAMONDS FIVE,0.3126,0.1604,0.527
SPADES NINE DIAMONDS FIVE,0.3584,0.046,0.5956
SPADES EIGHT DIAMONDS FIVE,0.3326,0.0666,0.6008
SPADES ACE DIAMONDS EIGHT,0.3454,0.0074,0.6472
DIAMONDS TEN DIAMONDS SIX,0.33,0.0328,0.6372
HEARTS ACE DIAMONDS SEVEN,0.3584,0.0046,0.637
DIAMONDS JACK DIAMONDS SIX,0.3436,0.0198,0.6366
HEARTS QUEEN DIAMONDS SEVEN,0.3562,0.0118,0.632
HEARTS KING DIAMONDS SEVEN,0.349,0.0092,0.6418
DIAMONDS ACE DIAMONDS SIX,0.3382,0.0058,0.656
HEARTS FOUR DIAMONDS SIX,0.2458,0.2662,0.488
HEARTS JACK SPADES TWO,0.4194,0.0234,0.5572
HEARTS FIVE DIAMONDS SIX,0.3122,0.1558,0.532
SPADES TWO HEARTS TEN,0.4322,0.0304,0.5374
DIAMONDS QUEEN DIAMONDS SIX,0.345,0.014,0.641
HEARTS TWO DIAMONDS SIX,0.4044,0.1658,0.4298
DIAMONDS KING DIAMONDS SIX,0.3292,0.009,0.6618
HEARTS THREE DIAMONDS SIX,0.2356,0.2834,0.481
HEARTS EIGHT DIAMONDS SIX,0.34,0.0714,0.5886
HEARTS NINE DIAMONDS SIX,0.3452,0.0418,0.613
HEARTS SIX DIAMONDS SIX,0.1374,0.1308,0.7318
HEARTS SEVEN DIAMONDS SIX,0.3358,0.0982,0.566
HEARTS TEN DIAMONDS SEVEN,0.3644,0.0312,0.6044
CLUBS TWO DIAMONDS SIX,0.3964,0.1656,0.438
HEARTS JACK DIAMONDS SEVEN,0.3566,0.0224,0.621
CLUBS SEVEN DIAMONDS SIX,0.3262,0.093,0.5808
DIAMONDS EIGHT CLUBS JACK,0.3454,0.0174,0.6372
CLUBS SIX DIAMONDS SIX,0.136,0.1336,0.7304
CLUBS TEN DIAMONDS EIGHT,0.3544,0.0242,0.6214
CLUBS FIVE DIAMONDS SIX,0.3302,0.1516,0.5182
CLUBS FOUR DIAMONDS SIX,0.2408,0.2738,0.4854
HEARTS ACE HEARTS JACK,0.3262,0.0082,0.6656
DIAMONDS EIGHT CLUBS ACE,0.3502,0.0056,0.6442
HEARTS JACK HEARTS QUEEN,0.3322,0.0118,0.656
DIAMONDS EIGHT CLUBS KING,0.3596,0.0052,0.6352
CLUBS NINE DIAMONDS SIX,0.3538,0.0436,0.6026
HEARTS KING HEARTS JACK,0.341,0.0052,0.6538
DIAMONDS EIGHT CLUBS QUEEN,0.3484,0.0144,0.6372
CLUBS EIGHT DIAMONDS SIX,0.3424,0.063,0.5946
SPADES TEN HEARTS KING,0.36,0.0092,0.6308
SPADES FIVE DIAMONDS SIX,0.3144,0.1564,0.5292
HEARTS ACE SPADES TWO,0.3868,0.0082,0.605
SPADES JACK HEARTS KING,0.3432,0.0084,0.6484
SPADES THREE DIAMONDS SIX,0.2422,0.2718,0.486
SPADES TWO HEARTS QUEEN,0.407,0.0174,0.5756
SPADES ACE SPADES KING,0.3508,0.0036,0.6456
HEARTS KING SPADES TWO,0.4336,0.0108,0.5556
SPADES TWO DIAMONDS SIX,0.3974,0.1564,0.4462
HEARTS TEN HEARTS EIGHT,0.3364,0.0242,0.6394
SPADES NINE DIAMONDS SIX,0.3472,0.045,0.6078
HEARTS JACK HEARTS EIGHT,0.3374,0.0188,0.6438
SPADES EIGHT DIAMONDS SIX,0.34,0.072,0.588
SPADES SEVEN DIAMONDS SIX,0.3322,0.0874,0.5804
SPADES SIX DIAMONDS SIX,0.135,0.1308,0.7342
SPADES KING HEARTS KING,0.1612,0.0208,0.818
SPADES QUEEN HEARTS KING,0.3488,0.0082,0.643
CLUBS ACE CLUBS KING,0.336,0.0046,0.6594
SPADES ACE HEARTS KING,0.3606,0.0066,0.6328
SPADES ACE HEARTS JACK,0.3544,0.005,0.6406
SPADES QUEEN HEARTS JACK,0.3512,0.0114,0.6374
SPADES KING HEARTS JACK,0.3554,0.0086,0.636
SPADES TEN DIAMONDS TEN,0.1618,0.065,0.7732
SPADES JACK DIAMONDS TEN,0.3424,0.0174,0.6402
SPADES ACE DIAMONDS TEN,0.3522,0.0038,0.644
SPADES JACK HEARTS JACK,0.1602,0.05,0.7898
SPADES TEN HEARTS JACK,0.3348,0.017,0.6482
SPADES QUEEN DIAMONDS TEN,0.3494,0.0098,0.6408
SPADES KING DIAMONDS TEN,0.3442,0.0118,0.644
SPADES NINE DIAMONDS SEVEN,0.3348,0.038,0.6272
SPADES EIGHT DIAMONDS SEVEN,0.3348,0.0584,0.6068
SPADES SEVEN DIAMONDS SEVEN,0.1482,0.1134,0.7384
SPADES SIX DIAMONDS SEVEN,0.326,0.0978,0.5762
DIAMONDS KING DIAMONDS SEVEN,0.3444,0.0106,0.645
HEARTS THREE DIAMONDS SEVEN,0.262,0.2016,0.5364
HEARTS KING DIAMONDS FIVE,0.3606,0.0116,0.6278
DIAMONDS QUEEN DIAMONDS SEVEN,0.347,0.0102,0.6428
HEARTS TWO DIAMONDS SEVEN,0.4084,0.1,0.4916
HEARTS QUEEN DIAMONDS FIVE,0.3598,0.0124,0.6278
HEARTS FIVE DIAMONDS SEVEN,0.3284,0.1058,0.5658
DIAMONDS ACE DIAMONDS SEVEN,0.3386,0.0048,0.6566
HEARTS FOUR DIAMONDS SEVEN,0.2544,0.1946,0.551
HEARTS ACE DIAMONDS FIVE,0.3366,0.0054,0.658
HEARTS SEVEN DIAMONDS SEVEN,0.1568,0.1168,0.7264
HEARTS SIX DIAMONDS SEVEN,0.3362,0.0956,0.5682
HEARTS NINE DIAMONDS SEVEN,0.3444,0.0412,0.6144
DIAMONDS SEVEN HEARTS EIGHT,0.349,0.0634,0.5876
DIAMONDS JACK DIAMONDS SEVEN,0.3468,0.0172,0.636
HEARTS JACK DIAMONDS FIVE,0.3518,0.0254,0.6228
DIAMONDS TEN DIAMONDS SEVEN,0.3328,0.024,0.6432
DIAMONDS FIVE HEARTS TEN,0.3624,0.027,0.6106
SPADES KING CLUBS TWO,0.4082,0.0102,0.5816
HEARTS KING CLUBS KING,0.17,0.0208,0.8092
CLUBS EIGHT DIAMONDS SEVEN,0.3392,0.0644,0.5964
SPADES QUEEN CLUBS TWO,0.3992,0.0146,0.5862
HEARTS KING CLUBS QUEEN,0.3524,0.0082,0.6394
CLUBS NINE DIAMONDS SEVEN,0.3436,0.0414,0.615
SPADES TWO CLUBS JACK,0.4294,0.0208,0.5498
SPADES ACE CLUBS TWO,0.3972,0.0054,0.5974
CLUBS TEN SPADES TWO,0.4122,0.0288,0.559
HEARTS KING CLUBS ACE,0.363,0.0068,0.6302
CLUBS SEVEN CLUBS SIX,0.311,0.0944,0.5946
SPADES TWO CLUBS KING,0.4132,0.0148,0.572
SPADES TWO DIAMONDS SEVEN,0.4156,0.1024,0.482
CLUBS EIGHT CLUBS SIX,0.327,0.0592,0.6138
SPADES THREE DIAMONDS SEVEN,0.2684,0.1982,0.5334
SPADES TWO CLUBS QUEEN,0.403,0.0186,0.5784
CLUBS NINE CLUBS SIX,0.3324,0.0414,0.6262
HEARTS KING CLUBS JACK,0.3356,0.0076,0.6568
SPADES FIVE DIAMONDS SEVEN,0.3254,0.1032,0.5714
SPADES TWO CLUBS ACE,0.4052,0.0056,0.5892
CLUBS TEN HEARTS KING,0.3516,0.0088,0.6396
CLUBS SIX SPADES TWO,0.399,0.1658,0.4352
CLUBS SIX SPADES THREE,0.2378,0.2838,0.4784
CLUBS TWO DIAMONDS SEVEN,0.4142,0.0988,0.487
CLUBS SIX SPADES FIVE,0.3112,0.1502,0.5386
CLUBS FOUR DIAMONDS SEVEN,0.248,0.206,0.546
CLUBS SIX SPADES SIX,0.1196,0.1254,0.755
CLUBS FIVE DIAMONDS SEVEN,0.324,0.0952,0.5808
CLUBS SIX SPADES SEVEN,0.323,0.0932,0.5838
CLUBS SIX DIAMONDS SEVEN,0.3394,0.099,0.5616
CLUBS SIX SPADES EIGHT,0.3396,0.0692,0.5912
SPADES JACK CLUBS TWO,0.4076,0.0232,0.5692
CLUBS SEVEN DIAMONDS SEVEN,0.149,0.1222,0.7288
SPADES NINE CLUBS SIX,0.345,0.0418,0.6132
SPADES TEN CLUBS TWO,0.414,0.0318,0.5542
CLUBS TWO CLUBS QUEEN,0.3938,0.0148,0.5914
CLUBS TWO CLUBS KING,0.3864,0.0108,0.6028
CLUBS TWO CLUBS ACE,0.38,0.006,0.614
CLUBS TWO DIAMONDS EIGHT,0.4084,0.0668,0.5248
DIAMONDS EIGHT HEARTS SEVEN,0.345,0.0594,0.5956
HEARTS SIX DIAMONDS EIGHT,0.3462,0.0638,0.59
DIAMONDS EIGHT HEARTS NINE,0.3414,0.036,0.6226
CLUBS TEN CLUBS TWO,0.4034,0.0278,0.5688
DIAMONDS EIGHT HEARTS EIGHT,0.1718,0.0992,0.729
CLUBS TWO CLUBS JACK,0.3976,0.0236,0.5788
CLUBS NINE DIAMONDS EIGHT,0.3238,0.0436,0.6326
CLUBS EIGHT DIAMONDS EIGHT,0.157,0.105,0.738
CLUBS FIVE DIAMONDS EIGHT,0.3442,0.0674,0.5884
SPADES ACE SPADES THREE,0.2388,0.019,0.7422
CLUBS FOUR DIAMONDS EIGHT,0.246,0.144,0.61
CLUBS SEVEN DIAMONDS EIGHT,0.322,0.0648,0.6132
SPADES QUEEN SPADES THREE,0.265,0.0432,0.6918
CLUBS SIX DIAMONDS EIGHT,0.3328,0.0636,0.6036
SPADES KING SPADES THREE,0.2594,0.032,0.7086
DIAMONDS QUEEN DIAMONDS EIGHT,0.3306,0.0124,0.657
HEARTS TWO DIAMONDS EIGHT,0.4158,0.067,0.5172
DIAMONDS KING DIAMONDS EIGHT,0.3338,0.0088,0.6574
HEARTS THREE DIAMONDS EIGHT,0.2846,0.1476,0.5678
DIAMONDS ACE DIAMONDS EIGHT,0.3214,0.0032,0.6754
HEARTS FOUR DIAMONDS EIGHT,0.2586,0.1442,0.5972
HEARTS FIVE DIAMONDS EIGHT,0.3412,0.0706,0.5882
DIAMONDS EIGHT DIAMONDS TEN,0.3174,0.0264,0.6562
DIAMONDS EIGHT DIAMONDS JACK,0.3192,0.016,0.6648
SPADES JACK SPADES THREE,0.2734,0.053,0.6736
SPADES TEN SPADES THREE,0.259,0.0816,0.6594
CLUBS FOUR HEARTS ACE,0.25,0.0226,0.7274
CLUBS FOUR HEARTS QUEEN,0.2556,0.0496,0.6948
CLUBS FOUR HEARTS KING,0.2646,0.0348,0.7006
CLUBS SIX HEARTS TEN,0.3534,0.027,0.6196
CLUBS SIX HEARTS JACK,0.3626,0.0216,0.6158
SPADES FIVE DIAMONDS EIGHT,0.3418,0.071,0.5872
DIAMONDS EIGHT SPADES TWO,0.4122,0.072,0.5158
DIAMONDS EIGHT SPADES THREE,0.2766,0.1424,0.581
CLUBS FOUR HEARTS JACK,0.2666,0.0626,0.6708
SPADES EIGHT DIAMONDS EIGHT,0.165,0.0976,0.7374
SPADES TEN DIAMONDS QUEEN,0.3484,0.0106,0.641
SPADES TEN HEARTS TWO,0.4136,0.0346,0.5518
SPADES JACK HEARTS EIGHT,0.3522,0.0206,0.6272
CLUBS FOUR HEARTS TEN,0.2734,0.0844,0.6422
SPADES NINE DIAMONDS EIGHT,0.332,0.034,0.634
SPADES TEN HEARTS EIGHT,0.3626,0.0256,0.6118
SPADES JACK HEARTS TWO,0.4194,0.0238,0.5568
SPADES JACK DIAMONDS QUEEN,0.3474,0.0096,0.643
SPADES SIX DIAMONDS EIGHT,0.3342,0.0672,0.5986
SPADES SEVEN DIAMONDS EIGHT,0.3272,0.0616,0.6112
SPADES ACE HEARTS TWO,0.3938,0.0058,0.6004
SPADES ACE DIAMONDS QUEEN,0.3586,0.004,0.6374
SPADES ACE HEARTS EIGHT,0.355,0.0058,0.6392
SPADES KING HEARTS EIGHT,0.3444,0.0078,0.6478
SPADES QUEEN HEARTS TWO,0.407,0.0142,0.5788
SPADES QUEEN DIAMONDS QUEEN,0.1656,0.0348,0.7996
SPADES KING DIAMONDS QUEEN,0.3484,0.0076,0.644
SPADES KING HEARTS TWO,0.403,0.009,0.588
SPADES QUEEN HEARTS EIGHT,0.3528,0.0116,0.6356
CLUBS TWO HEARTS TEN,0.413,0.0334,0.5536
CLUBS TWO HEARTS JACK,0.4048,0.0208,0.5744
SPADES SEVEN DIAMONDS NINE,0.339,0.0432,0.6178
SPADES SIX DIAMONDS NINE,0.3496,0.04,0.6104
SPADES NINE DIAMONDS NINE,0.165,0.0906,0.7444
SPADES EIGHT DIAMONDS NINE,0.3188,0.0438,0.6374
SPADES TEN CLUBS KING,0.3492,0.0094,0.6414
DIAMONDS NINE SPADES THREE,0.267,0.1082,0.6248
SPADES JACK CLUBS KING,0.3466,0.0096,0.6438
DIAMONDS NINE SPADES TWO,0.411,0.048,0.541
DIAMONDS NINE SPADES FIVE,0.3514,0.0472,0.6014
CLUBS NINE DIAMONDS NINE,0.1592,0.0838,0.757
CLUBS EIGHT DIAMONDS NINE,0.338,0.037,0.625
CLUBS SIX DIAMONDS NINE,0.343,0.0442,0.6128
SPADES JACK CLUBS FOUR,0.2586,0.066,0.6754
CLUBS SEVEN DIAMONDS NINE,0.3416,0.0422,0.6162
SPADES TEN CLUBS FOUR,0.2528,0.0862,0.661
CLUBS FOUR DIAMONDS NINE,0.2656,0.105,0.6294
CLUBS FIVE DIAMONDS NINE,0.3558,0.0442,0.6
CLUBS TWO DIAMONDS NINE,0.4048,0.0466,0.5486
DIAMONDS NINE HEARTS EIGHT,0.3298,0.0356,0.6346
DIAMONDS NINE HEARTS NINE,0.1668,0.0876,0.7456
HEARTS SIX DIAMONDS NINE,0.3534,0.0494,0.5972
DIAMONDS NINE HEARTS SEVEN,0.3424,0.0436,0.614
CLUBS NINE CLUBS EIGHT,0.314,0.042,0.644
DIAMONDS ACE DIAMONDS NINE,0.347,0.0058,0.6472
HEARTS FOUR DIAMONDS NINE,0.281,0.1026,0.6164
HEARTS FIVE DIAMONDS NINE,0.3544,0.0434,0.6022
CLUBS TWO HEARTS ACE,0.4026,0.0074,0.59
SPADES ACE CLUBS FOUR,0.2364,0.027,0.7366
DIAMONDS QUEEN DIAMONDS NINE,0.3404,0.0134,0.6462
HEARTS TWO DIAMONDS NINE,0.409,0.0494,0.5416
CLUBS TWO HEARTS KING,0.4242,0.0076,0.5682
SPADES KING CLUBS FOUR,0.2614,0.0366,0.702
DIAMONDS KING DIAMONDS NINE,0.329,0.007,0.664
HEARTS THREE DIAMONDS NINE,0.2766,0.1054,0.618
CLUBS TWO HEARTS QUEEN,0.4278,0.0144,0.5578
SPADES QUEEN CLUBS FOUR,0.2546,0.0414,0.704
DIAMONDS NINE DIAMONDS JACK,0.3368,0.0162,0.647
CLUBS EIGHT SPADES NINE,0.3198,0.0442,0.636
DIAMONDS NINE DIAMONDS TEN,0.3098,0.0262,0.664
CLUBS EIGHT SPADES EIGHT,0.1476,0.1022,0.7502
CLUBS EIGHT SPADES SEVEN,0.319,0.0688,0.6122
CLUBS EIGHT SPADES SIX,0.3266,0.0726,0.6008
CLUBS EIGHT SPADES FIVE,0.3354,0.0728,0.5918
CLUBS EIGHT SPADES THREE,0.267,0.145,0.588
CLUBS EIGHT SPADES TWO,0.3962,0.0738,0.53
HEARTS SIX DIAMONDS TEN,0.3588,0.0254,0.6158
DIAMONDS TEN HEARTS SEVEN,0.3628,0.028,0.6092
DIAMONDS TEN HEARTS EIGHT,0.3462,0.0258,0.628
CLUBS FOUR CLUBS JACK,0.255,0.064,0.681
DIAMONDS TEN HEARTS NINE,0.3518,0.0248,0.6234
CLUBS TEN CLUBS FOUR,0.2526,0.0816,0.6658
CLUBS FOUR CLUBS KING,0.2542,0.0346,0.7112
CLUBS FOUR CLUBS QUEEN,0.2562,0.0424,0.7014
CLUBS TWO DIAMONDS TEN,0.404,0.0302,0.5658
CLUBS FOUR CLUBS ACE,0.2322,0.0264,0.7414
DIAMONDS JACK DIAMONDS TEN,0.3296,0.0158,0.6546
DIAMONDS QUEEN DIAMONDS TEN,0.3274,0.0114,0.6612
HEARTS TWO DIAMONDS TEN,0.4238,0.0328,0.5434
DIAMONDS KING DIAMONDS TEN,0.3298,0.0072,0.663
HEARTS THREE DIAMONDS TEN,0.2656,0.0812,0.6532
DIAMONDS ACE DIAMONDS TEN,0.3336,0.0058,0.6606
HEARTS FOUR DIAMONDS TEN,0.2708,0.0868,0.6424
CLUBS EIGHT HEARTS JACK,0.3516,0.0204,0.628
HEARTS FIVE DIAMONDS TEN,0.3716,0.03,0.5984
CLUBS EIGHT HEARTS TEN,0.3512,0.026,0.6228
CLUBS EIGHT HEARTS QUEEN,0.3574,0.0102,0.6324
CLUBS EIGHT HEARTS KING,0.3596,0.0108,0.6296
CLUBS EIGHT HEARTS ACE,0.3542,0.0052,0.6406
CLUBS NINE SPADES THREE,0.2636,0.1072,0.6292
CLUBS NINE SPADES TWO,0.3972,0.0514,0.5514
CLUBS NINE SPADES FIVE,0.3552,0.0472,0.5976
CLUBS NINE SPADES SEVEN,0.3392,0.0428,0.618
CLUBS NINE SPADES SIX,0.3488,0.0464,0.6048
CLUBS NINE SPADES NINE,0.1504,0.0854,0.7642
CLUBS TEN HEARTS EIGHT,0.3352,0.0244,0.6404
CLUBS NINE SPADES EIGHT,0.3044,0.0434,0.6522
CLUBS JACK HEARTS EIGHT,0.349,0.0192,0.6318
CLUBS QUEEN HEARTS EIGHT,0.351,0.014,0.635
CLUBS KING HEARTS EIGHT,0.3716,0.0094,0.619
CLUBS ACE HEARTS EIGHT,0.368,0.0048,0.6272
SPADES KING CLUBS KING,0.1466,0.0218,0.8316
SPADES QUEEN CLUBS KING,0.3418,0.0078,0.6504
SPADES ACE CLUBS KING,0.346,0.0054,0.6486
DIAMONDS ACE HEARTS TEN,0.3598,0.0048,0.6354
HEARTS FOUR HEARTS TEN,0.2496,0.0768,0.6736
DIAMONDS ACE HEARTS JACK,0.3652,0.0042,0.6306
HEARTS FOUR HEARTS JACK,0.2678,0.0592,0.673
SPADES KING CLUBS FIVE,0.346,0.0096,0.6444
SPADES QUEEN CLUBS FIVE,0.341,0.013,0.646
SPADES ACE CLUBS FIVE,0.3356,0.0082,0.6562
DIAMONDS JACK HEARTS SEVEN,0.3628,0.0162,0.621
HEARTS SIX DIAMONDS JACK,0.3522,0.0206,0.6272
DIAMONDS JACK HEARTS NINE,0.3598,0.0168,0.6234
DIAMONDS JACK HEARTS EIGHT,0.362,0.017,0.621
DIAMONDS KING DIAMONDS JACK,0.3194,0.0074,0.6732
HEARTS THREE DIAMONDS JACK,0.2932,0.0492,0.6576
SPADES ACE SPADES SIX,0.3448,0.0046,0.6506
DIAMONDS QUEEN DIAMONDS JACK,0.3308,0.0094,0.6598
HEARTS TWO DIAMONDS JACK,0.4274,0.0214,0.5512
HEARTS FIVE DIAMONDS JACK,0.3674,0.0212,0.6114
SPADES QUEEN SPADES SIX,0.34,0.0184,0.6416
DIAMONDS ACE DIAMONDS JACK,0.3382,0.0052,0.6566
HEARTS FOUR DIAMONDS JACK,0.2722,0.056,0.6718
SPADES KING SPADES SIX,0.3474,0.013,0.6396
SPADES TEN SPADES SIX,0.3424,0.0286,0.629
SPADES JACK SPADES SIX,0.3584,0.0222,0.6194
SPADES FIVE DIAMONDS JACK,0.363,0.0204,0.6166
DIAMONDS JACK SPADES TWO,0.409,0.0246,0.5664
SPADES THREE DIAMONDS JACK,0.2804,0.0588,0.6608
SPADES ACE DIAMONDS THREE,0.2544,0.0178,0.7278
SPADES QUEEN DIAMONDS THREE,0.2716,0.0436,0.6848
CLUBS EIGHT DIAMONDS JACK,0.3502,0.0198,0.63
SPADES KING DIAMONDS THREE,0.2672,0.028,0.7048
CLUBS NINE DIAMONDS JACK,0.3506,0.0198,0.6296
CLUBS SIX DIAMONDS JACK,0.3566,0.017,0.6264
CLUBS SEVEN DIAMONDS JACK,0.3674,0.0212,0.6114
CLUBS FOUR DIAMONDS JACK,0.2742,0.0648,0.661
CLUBS FIVE DIAMONDS JACK,0.3656,0.018,0.6164
CLUBS TWO DIAMONDS JACK,0.4232,0.0252,0.5516
SPADES TEN CLUBS FIVE,0.3456,0.03,0.6244
HEARTS SIX SPADES JACK,0.3546,0.0186,0.6268
HEARTS SIX SPADES TEN,0.3522,0.0296,0.6182
SPADES JACK CLUBS FIVE,0.344,0.0236,0.6324
SPADES JACK DIAMONDS THREE,0.2732,0.0566,0.6702
CLUBS SEVEN CLUBS ACE,0.3382,0.004,0.6578
DIAMONDS THREE SPADES TEN,0.2674,0.0852,0.6474
CLUBS SEVEN CLUBS QUEEN,0.3372,0.0108,0.652
CLUBS SEVEN CLUBS KING,0.343,0.0082,0.6488
SPADES NINE DIAMONDS JACK,0.3494,0.0172,0.6334
CLUBS TEN CLUBS SEVEN,0.3418,0.0282,0.63
DIAMONDS ACE HEARTS ACE,0.1634,0.0046,0.832
HEARTS FOUR HEARTS ACE,0.2312,0.0198,0.749
SPADES EIGHT DIAMONDS JACK,0.3534,0.0202,0.6264
SPADES ACE HEARTS SIX,0.3598,0.0054,0.6348
CLUBS SEVEN CLUBS JACK,0.3468,0.0204,0.6328
DIAMONDS ACE HEARTS KING,0.3684,0.0044,0.6272
HEARTS FOUR HEARTS KING,0.2566,0.037,0.7064
SPADES SEVEN DIAMONDS JACK,0.3604,0.0166,0.623
SPADES KING HEARTS SIX,0.36,0.0072,0.6328
DIAMONDS ACE HEARTS QUEEN,0.367,0.0042,0.6288
HEARTS FOUR HEARTS QUEEN,0.2576,0.0522,0.6902
SPADES QUEEN HEARTS SIX,0.3608,0.0128,0.6264
SPADES SIX DIAMONDS JACK,0.3662,0.0178,0.616
SPADES TWO DIAMONDS TEN,0.4154,0.0354,0.5492
SPADES THREE DIAMONDS TEN,0.2724,0.075,0.6526
SPADES FIVE DIAMONDS TEN,0.3596,0.0352,0.6052
SPADES SIX DIAMONDS TEN,0.341,0.032,0.627
SPADES SEVEN DIAMONDS TEN,0.3544,0.0262,0.6194
SPADES EIGHT DIAMONDS TEN,0.3406,0.0266,0.6328
SPADES NINE DIAMONDS TEN,0.3476,0.0254,0.627
CLUBS FOUR DIAMONDS TEN,0.264,0.084,0.652
CLUBS FIVE DIAMONDS TEN,0.3524,0.0316,0.616
CLUBS SIX DIAMONDS TEN,0.3642,0.0308,0.605
CLUBS SEVEN DIAMONDS TEN,0.353,0.031,0.616
CLUBS EIGHT DIAMONDS TEN,0.3476,0.025,0.6274
CLUBS NINE DIAMONDS TEN,0.34,0.0264,0.6336
DIAMONDS THREE CLUBS JACK,0.2708,0.055,0.6742
CLUBS TEN DIAMONDS THREE,0.2826,0.071,0.6464
DIAMONDS THREE CLUBS KING,0.2668,0.0316,0.7016
DIAMONDS THREE CLUBS QUEEN,0.2664,0.0392,0.6944
DIAMONDS THREE CLUBS ACE,0.2478,0.0212,0.731
SPADES FIVE SPADES TWO,0.3652,0.2506,0.3842
SPADES THREE SPADES TWO,0.288,0.474,0.238
SPADES NINE SPADES TWO,0.3936,0.0512,0.5552
SPADES EIGHT SPADES TWO,0.3792,0.0706,0.5502
SPADES SEVEN SPADES TWO,0.3902,0.1118,0.498
SPADES SIX SPADES TWO,0.3806,0.1564,0.463
DIAMONDS QUEEN CLUBS TWO,0.4138,0.0152,0.571
CLUBS TWO HEARTS TWO,0.3214,0.1724,0.5062
DIAMONDS QUEEN HEARTS SEVEN,0.367,0.0112,0.6218
HEARTS TWO HEARTS SEVEN,0.3872,0.0978,0.515
HEARTS SIX DIAMONDS QUEEN,0.3572,0.0126,0.6302
HEARTS SIX HEARTS TWO,0.3808,0.1556,0.4636
DIAMONDS QUEEN HEARTS NINE,0.3486,0.0108,0.6406
HEARTS TWO HEARTS NINE,0.394,0.0434,0.5626
DIAMONDS QUEEN HEARTS EIGHT,0.348,0.0118,0.6402
HEARTS TWO HEARTS EIGHT,0.3844,0.064,0.5516
CLUBS NINE HEARTS TWO,0.4098,0.0506,0.5396
CLUBS NINE DIAMONDS QUEEN,0.3644,0.0128,0.6228
CLUBS EIGHT HEARTS TWO,0.4014,0.0738,0.5248
CLUBS EIGHT DIAMONDS QUEEN,0.3488,0.0136,0.6376
CLUBS FIVE DIAMONDS QUEEN,0.348,0.013,0.639
CLUBS FIVE HEARTS TWO,0.3782,0.2546,0.3672
SPADES EIGHT HEARTS ACE,0.3564,0.006,0.6376
DIAMONDS QUEEN CLUBS FOUR,0.2654,0.0482,0.6864
HEARTS TWO CLUBS FOUR,0.2736,0.5064,0.22
CLUBS SEVEN DIAMONDS QUEEN,0.362,0.0146,0.6234
CLUBS SEVEN HEARTS TWO,0.4034,0.1026,0.494
SPADES EIGHT HEARTS QUEEN,0.3528,0.0114,0.6358
CLUBS SIX DIAMONDS QUEEN,0.352,0.0126,0.6354
CLUBS SIX HEARTS TWO,0.3878,0.1516,0.4606
SPADES EIGHT HEARTS KING,0.3654,0.0096,0.625
HEARTS TWO SPADES SIX,0.3968,0.1576,0.4456
DIAMONDS QUEEN SPADES SIX,0.357,0.0156,0.6274
HEARTS FOUR CLUBS QUEEN,0.263,0.0424,0.6946
DIAMONDS ACE CLUBS QUEEN,0.3606,0.005,0.6344
DIAMONDS QUEEN SPADES SEVEN,0.3552,0.0148,0.63
HEARTS TWO SPADES SEVEN,0.4108,0.117,0.4722
HEARTS FOUR CLUBS KING,0.2614,0.0358,0.7028
DIAMONDS ACE CLUBS KING,0.3458,0.0048,0.6494
DIAMONDS QUEEN SPADES EIGHT,0.3488,0.0098,0.6414
SPADES EIGHT HEARTS TWO,0.4034,0.0742,0.5224
HEARTS FOUR CLUBS ACE,0.2408,0.0248,0.7344
DIAMONDS ACE CLUBS ACE,0.1402,0.0048,0.855
SPADES NINE DIAMONDS QUEEN,0.3426,0.0114,0.646
SPADES NINE HEARTS TWO,0.3968,0.0526,0.5506
HEARTS TWO SPADES TWO,0.3264,0.1656,0.508
DIAMONDS QUEEN SPADES TWO,0.4248,0.0128,0.5624
HEARTS TWO SPADES THREE,0.287,0.5058,0.2072
DIAMONDS QUEEN SPADES THREE,0.281,0.046,0.673
HEARTS FOUR CLUBS TEN,0.2674,0.0846,0.648
CLUBS TEN DIAMONDS ACE,0.349,0.0064,0.6446
HEARTS TWO SPADES FIVE,0.3716,0.2526,0.3758
DIAMONDS QUEEN SPADES FIVE,0.3484,0.0148,0.6368
HEARTS FOUR CLUBS JACK,0.276,0.0604,0.6636
DIAMONDS ACE CLUBS JACK,0.35,0.005,0.645
CLUBS FIVE CLUBS KING,0.3474,0.007,0.6456
CLUBS FIVE CLUBS QUEEN,0.3514,0.0162,0.6324
CLUBS FIVE CLUBS ACE,0.315,0.0058,0.6792
CLUBS FIVE CLUBS JACK,0.3468,0.0234,0.6298
CLUBS TEN CLUBS FIVE,0.3302,0.0274,0.6424
SPADES KING CLUBS JACK,0.3416,0.01,0.6484
SPADES QUEEN CLUBS JACK,0.3402,0.0148,0.645
SPADES ACE CLUBS JACK,0.3456,0.0034,0.651
SPADES SIX CLUBS KING,0.3352,0.009,0.6558
SPADES SIX CLUBS QUEEN,0.3518,0.0138,0.6344
SPADES EIGHT HEARTS JACK,0.351,0.022,0.627
SPADES SIX CLUBS ACE,0.3504,0.006,0.6436
SPADES EIGHT HEARTS TEN,0.3454,0.0288,0.6258
SPADES SIX CLUBS JACK,0.353,0.021,0.626
CLUBS TEN SPADES SIX,0.3572,0.0304,0.6124
SPADES TEN CLUBS JACK,0.3446,0.0152,0.6402
SPADES JACK CLUBS JACK,0.1556,0.0538,0.7906
SPADES QUEEN CLUBS SEVEN,0.3566,0.0136,0.6298
SPADES KING CLUBS SEVEN,0.3486,0.0098,0.6416
SPADES ACE CLUBS SEVEN,0.334,0.0072,0.6588
SPADES SIX HEARTS TEN,0.3658,0.0292,0.605
SPADES SIX HEARTS JACK,0.3558,0.0228,0.6214
SPADES SIX HEARTS ACE,0.3448,0.0044,0.6508
SPADES SIX HEARTS KING,0.3544,0.0068,0.6388
SPADES SIX HEARTS QUEEN,0.3666,0.0116,0.6218
CLUBS SEVEN SPADES JACK,0.343,0.0208,0.6362
CLUBS SEVEN SPADES TEN,0.3496,0.0314,0.619
CLUBS TEN HEARTS SIX,0.35,0.0278,0.6222
HEARTS SIX CLUBS JACK,0.3504,0.0168,0.6328
CLUBS ACE CLUBS JACK,0.33,0.0056,0.6644
HEARTS SIX CLUBS QUEEN,0.3514,0.013,0.6356
HEARTS SIX CLUBS KING,0.3532,0.0084,0.6384
HEARTS SIX CLUBS ACE,0.352,0.0064,0.6416
CLUBS QUEEN CLUBS JACK,0.313,0.0118,0.6752
CLUBS KING CLUBS JACK,0.3394,0.0076,0.653
DIAMONDS THREE HEARTS ACE,0.2526,0.0142,0.7332
DIAMONDS THREE HEARTS QUEEN,0.2742,0.0416,0.6842
DIAMONDS THREE HEARTS KING,0.2814,0.0322,0.6864
CLUBS FIVE HEARTS JACK,0.3706,0.0198,0.6096
SPADES TEN DIAMONDS ACE,0.347,0.005,0.648
HEARTS FOUR SPADES TEN,0.2794,0.0786,0.642
CLUBS FIVE HEARTS TEN,0.3518,0.034,0.6142
HEARTS FOUR SPADES JACK,0.2596,0.0684,0.672
SPADES JACK DIAMONDS ACE,0.3582,0.0076,0.6342
SPADES ACE HEARTS FOUR,0.2316,0.0224,0.746
SPADES ACE DIAMONDS ACE,0.1578,0.004,0.8382
CLUBS FIVE HEARTS ACE,0.3448,0.004,0.6512
CLUBS FIVE HEARTS KING,0.3516,0.0088,0.6396
HEARTS FOUR SPADES QUEEN,0.2676,0.0494,0.683
SPADES QUEEN DIAMONDS ACE,0.366,0.0042,0.6298
CLUBS FIVE HEARTS QUEEN,0.3508,0.0122,0.637
SPADES KING DIAMONDS ACE,0.3494,0.005,0.6456
HEARTS FOUR SPADES KING,0.2698,0.0328,0.6974
DIAMONDS QUEEN DIAMONDS ACE,0.3366,0.0032,0.6602
HEARTS TWO DIAMONDS ACE,0.3926,0.004,0.6034
HEARTS FOUR DIAMONDS QUEEN,0.2798,0.0526,0.6676
HEARTS FOUR HEARTS TWO,0.2606,0.4816,0.2578
DIAMONDS THREE HEARTS TEN,0.2732,0.077,0.6498
HEARTS FIVE DIAMONDS QUEEN,0.3618,0.0144,0.6238
HEARTS FIVE HEARTS TWO,0.3646,0.2282,0.4072
DIAMONDS THREE HEARTS JACK,0.28,0.0528,0.6672
DIAMONDS QUEEN HEARTS TWO,0.4136,0.0184,0.568
DIAMONDS KING DIAMONDS QUEEN,0.3358,0.0074,0.6568
DIAMONDS KING HEARTS TWO,0.4178,0.01,0.5722
HEARTS THREE DIAMONDS QUEEN,0.28,0.046,0.674
HEARTS THREE HEARTS TWO,0.2822,0.4602,0.2576
HEARTS TWO CLUBS ACE,0.403,0.0068,0.5902
DIAMONDS QUEEN CLUBS ACE,0.3566,0.007,0.6364
HEARTS TWO CLUBS QUEEN,0.4048,0.0182,0.577
DIAMONDS QUEEN CLUBS QUEEN,0.1608,0.0376,0.8016
HEARTS TWO CLUBS KING,0.3964,0.0116,0.592
DIAMONDS QUEEN CLUBS KING,0.3506,0.007,0.6424
SPADES EIGHT SPADES FIVE,0.3216,0.0656,0.6128
CLUBS TEN HEARTS TWO,0.415,0.0278,0.5572
CLUBS TEN DIAMONDS QUEEN,0.3426,0.011,0.6464
SPADES NINE SPADES FIVE,0.3442,0.0462,0.6096
HEARTS TWO CLUBS JACK,0.4038,0.0212,0.575
DIAMONDS QUEEN CLUBS JACK,0.3486,0.0078,0.6436
SPADES SIX SPADES FIVE,0.3034,0.1434,0.5532
SPADES SEVEN SPADES FIVE,0.31,0.0902,0.5998
DIAMONDS FIVE CLUBS QUEEN,0.352,0.0114,0.6366
SPADES EIGHT CLUBS ACE,0.343,0.0062,0.6508
DIAMONDS FIVE CLUBS KING,0.3474,0.0094,0.6432
SPADES EIGHT CLUBS KING,0.3322,0.0088,0.659
CLUBS ACE DIAMONDS FIVE,0.3372,0.006,0.6568
SPADES EIGHT CLUBS QUEEN,0.3484,0.0162,0.6354
SPADES EIGHT CLUBS JACK,0.351,0.0204,0.6286
CLUBS TEN SPADES EIGHT,0.3388,0.0252,0.636
CLUBS TEN DIAMONDS FIVE,0.3594,0.0302,0.6104
DIAMONDS FIVE CLUBS JACK,0.3486,0.0186,0.6328
HEARTS JACK DIAMONDS TEN,0.3522,0.0124,0.6354
DIAMONDS TEN HEARTS TEN,0.1598,0.0666,0.7736
SPADES ACE CLUBS NINE,0.3496,0.0064,0.644
CLUBS NINE SPADES QUEEN,0.342,0.0132,0.6448
CLUBS NINE SPADES KING,0.3444,0.01,0.6456
HEARTS SIX HEARTS KING,0.335,0.0086,0.6564
