opposingHand,winningChance,drawChance,lostChance
CLUBS NINE HEARTS QUEEN
HEARTS FIVE SPADES TEN,0.6346,0.0112,0.3542
SPADES JACK HEARTS FIVE,0.6412,0.0134,0.3454
CLUBS JACK SPADES FIVE,0.6272,0.0104,0.3624
CLUBS TEN SPADES FIVE,0.6392,0.0108,0.35
CLUBS JACK CLUBS EIGHT,0.5972,0.0122,0.3906
CLUBS TEN CLUBS EIGHT,0.5874,0.01,0.4026
CLUBS EIGHT CLUBS KING,0.3994,0.0048,0.5958
SPADES FIVE CLUBS ACE,0.4212,0.004,0.5748
CLUBS EIGHT CLUBS QUEEN,0.5746,0.1594,0.266
SPADES FIVE CLUBS KING,0.4166,0.0078,0.5756
SPADES FIVE CLUBS QUEEN,0.588,0.1674,0.2446
CLUBS EIGHT CLUBS ACE,0.3962,0.006,0.5978
DIAMONDS TWO DIAMONDS THREE,0.605,0.0082,0.3868
DIAMONDS TWO DIAMONDS FIVE,0.5928,0.012,0.3952
SPADES KING HEARTS FIVE,0.4334,0.0072,0.5594
DIAMONDS TWO DIAMONDS FOUR,0.614,0.0122,0.3738
SPADES QUEEN HEARTS FIVE,0.5968,0.1654,0.2378
DIAMONDS TWO DIAMONDS SEVEN,0.617,0.0122,0.3708
DIAMONDS TWO DIAMONDS SIX,0.6172,0.0116,0.3712
SPADES ACE HEARTS FIVE,0.4286,0.0046,0.5668
DIAMONDS TWO DIAMONDS NINE,0.6792,0.043,0.2778
DIAMONDS TWO DIAMONDS EIGHT,0.6336,0.0126,0.3538
DIAMONDS THREE DIAMONDS FOUR,0.6002,0.008,0.3918
CLUBS TWO SPADES FOUR,0.6442,0.013,0.3428
DIAMONDS THREE DIAMONDS FIVE,0.579,0.011,0.41
SPADES FIVE CLUBS TWO,0.6474,0.0134,0.3392
CLUBS TWO SPADES TWO,0.4678,0.0216,0.5106
CLUBS TWO SPADES THREE,0.6544,0.0134,0.3322
DIAMONDS THREE DIAMONDS EIGHT,0.627,0.0106,0.3624
SPADES EIGHT CLUBS TWO,0.6726,0.0112,0.3162
DIAMONDS THREE DIAMONDS NINE,0.6816,0.0424,0.276
SPADES NINE CLUBS TWO,0.7258,0.05,0.2242
DIAMONDS THREE DIAMONDS SIX,0.596,0.0102,0.3938
SPADES SIX CLUBS TWO,0.6608,0.0092,0.33
DIAMONDS THREE DIAMONDS SEVEN,0.6208,0.0118,0.3674
SPADES SEVEN CLUBS TWO,0.677,0.009,0.314
CLUBS SIX CLUBS TWO,0.6328,0.0118,0.3554
CLUBS SEVEN CLUBS TWO,0.6544,0.011,0.3346
CLUBS FOUR CLUBS TWO,0.6284,0.0138,0.3578
CLUBS FIVE CLUBS TWO,0.6052,0.012,0.3828
CLUBS TEN CLUBS JACK,0.5414,0.011,0.4476
DIAMONDS FOUR DIAMONDS SIX,0.5896,0.0086,0.4018
CLUBS TEN CLUBS QUEEN,0.2166,0.1154,0.668
DIAMONDS FOUR DIAMONDS SEVEN,0.6072,0.0112,0.3816
CLUBS TEN CLUBS KING,0.3438,0.0074,0.6488
CLUBS TEN CLUBS ACE,0.3378,0.0054,0.6568
CLUBS EIGHT CLUBS TWO,0.6502,0.0098,0.34
DIAMONDS FIVE DIAMONDS FOUR,0.5706,0.0128,0.4166
DIAMONDS NINE DIAMONDS FOUR,0.6732,0.05,0.2768
DIAMONDS EIGHT DIAMONDS FOUR,0.6078,0.0114,0.3808
CLUBS THREE CLUBS TWO,0.6236,0.01,0.3664
DIAMONDS NINE DIAMONDS FIVE,0.6658,0.0392,0.295
CLUBS JACK DIAMONDS TWO,0.6492,0.0104,0.3404
DIAMONDS EIGHT DIAMONDS FIVE,0.602,0.0096,0.3884
CLUBS TEN DIAMONDS TWO,0.6372,0.011,0.3518
DIAMONDS FIVE DIAMONDS SEVEN,0.5998,0.0102,0.39
DIAMONDS FIVE DIAMONDS SIX,0.578,0.0094,0.4126
DIAMONDS TWO CLUBS ACE,0.4188,0.0032,0.578
DIAMONDS TWO CLUBS KING,0.4092,0.011,0.5798
DIAMONDS TWO CLUBS QUEEN,0.6186,0.1628,0.2186
DIAMONDS EIGHT DIAMONDS SIX,0.594,0.0092,0.3968
DIAMONDS NINE DIAMONDS SIX,0.6536,0.0452,0.3012
HEARTS ACE SPADES THREE,0.407,0.0048,0.5882
SPADES THREE HEARTS KING,0.426,0.0082,0.5658
DIAMONDS SEVEN DIAMONDS SIX,0.588,0.0104,0.4016
HEARTS JACK SPADES THREE,0.662,0.012,0.326
SPADES THREE HEARTS TEN,0.647,0.0118,0.3412
DIAMONDS EIGHT DIAMONDS SEVEN,0.5894,0.0094,0.4012
DIAMONDS NINE DIAMONDS SEVEN,0.6616,0.045,0.2934
DIAMONDS NINE DIAMONDS EIGHT,0.6412,0.039,0.3198
DIAMONDS KING HEARTS TEN,0.3532,0.005,0.6418
HEARTS THREE HEARTS TEN,0.6208,0.0116,0.3676
SPADES JACK CLUBS SIX,0.6442,0.0102,0.3456
DIAMONDS KING HEARTS JACK,0.3628,0.0062,0.631
HEARTS THREE HEARTS JACK,0.624,0.0108,0.3652
SPADES TEN CLUBS SIX,0.6434,0.0092,0.3474
SPADES JACK SPADES FIVE,0.6048,0.0124,0.3828
SPADES TEN SPADES FIVE,0.6066,0.0094,0.384
DIAMONDS KING HEARTS ACE,0.3428,0.0044,0.6528
HEARTS THREE HEARTS ACE,0.4024,0.0044,0.5932
SPADES ACE CLUBS SIX,0.4042,0.0042,0.5916
SPADES KING CLUBS SIX,0.4218,0.006,0.5722
DIAMONDS KING HEARTS KING,0.152,0.0038,0.8442
HEARTS THREE HEARTS KING,0.4014,0.008,0.5906
SPADES QUEEN CLUBS SIX,0.6074,0.1644,0.2282
SPADES NINE HEARTS TEN,0.6974,0.035,0.2676
SPADES NINE HEARTS JACK,0.7012,0.0438,0.255
SPADES QUEEN SPADES FIVE,0.5544,0.1648,0.2808
SPADES KING SPADES FIVE,0.3968,0.0076,0.5956
SPADES ACE SPADES FIVE,0.392,0.0038,0.6042
SPADES NINE HEARTS KING,0.2526,0.0292,0.7182
SPADES NINE HEARTS ACE,0.2656,0.0226,0.7118
CLUBS TEN SPADES JACK,0.5656,0.0102,0.4242
CLUBS TEN SPADES TEN,0.2956,0.0124,0.692
SPADES ACE CLUBS TEN,0.3614,0.005,0.6336
CLUBS TEN SPADES KING,0.3376,0.006,0.6564
CLUBS TEN SPADES QUEEN,0.2224,0.1168,0.6608
SPADES FIVE HEARTS KING,0.4212,0.0088,0.57
HEARTS ACE SPADES FIVE,0.4094,0.0052,0.5854
CLUBS EIGHT SPADES TEN,0.6332,0.0126,0.3542
HEARTS THREE SPADES JACK,0.6384,0.0114,0.3502
SPADES JACK DIAMONDS KING,0.36,0.0074,0.6326
SPADES TEN DIAMONDS KING,0.354,0.0048,0.6412
HEARTS THREE SPADES TEN,0.6458,0.0094,0.3448
SPADES JACK CLUBS EIGHT,0.6302,0.0114,0.3584
CLUBS SIX HEARTS ACE,0.4172,0.0058,0.577
SPADES ACE CLUBS EIGHT,0.4224,0.0052,0.5724
CLUBS JACK HEARTS FIVE,0.6404,0.0108,0.3488
CLUBS TEN HEARTS FIVE,0.6444,0.0118,0.3438
SPADES QUEEN CLUBS EIGHT,0.611,0.164,0.225
CLUBS TEN SPADES THREE,0.6338,0.0102,0.356
CLUBS SIX HEARTS KING,0.4248,0.0058,0.5694
SPADES KING CLUBS EIGHT,0.4118,0.006,0.5822
CLUBS JACK SPADES THREE,0.6418,0.0114,0.3468
DIAMONDS TWO HEARTS JACK,0.6456,0.0118,0.3426
SPADES THREE CLUBS QUEEN,0.6042,0.1624,0.2334
DIAMONDS TWO HEARTS TEN,0.6524,0.009,0.3386
SPADES THREE CLUBS KING,0.4166,0.0076,0.5758
HEARTS FIVE CLUBS ACE,0.4058,0.004,0.5902
SPADES FIVE HEARTS TEN,0.6498,0.0104,0.3398
SPADES THREE CLUBS ACE,0.4194,0.0028,0.5778
HEARTS FIVE CLUBS KING,0.4112,0.0074,0.5814
SPADES FIVE HEARTS JACK,0.639,0.0126,0.3484
HEARTS FIVE CLUBS QUEEN,0.6074,0.1692,0.2234
HEARTS THREE CLUBS KING,0.4142,0.0102,0.5756
DIAMONDS KING CLUBS KING,0.1572,0.0034,0.8394
HEARTS THREE CLUBS QUEEN,0.604,0.1632,0.2328
DIAMONDS KING CLUBS QUEEN,0.2348,0.0258,0.7394
HEARTS FIVE HEARTS JACK,0.6256,0.0096,0.3648
HEARTS FIVE HEARTS TEN,0.6092,0.0104,0.3804
HEARTS THREE CLUBS ACE,0.4206,0.007,0.5724
DIAMONDS KING CLUBS ACE,0.3416,0.0042,0.6542
SPADES ACE CLUBS QUEEN,0.2444,0.0168,0.7388
SPADES KING CLUBS QUEEN,0.2488,0.029,0.7222
CLUBS JACK HEARTS THREE,0.653,0.0104,0.3366
CLUBS JACK DIAMONDS KING,0.3552,0.0074,0.6374
SPADES QUEEN CLUBS QUEEN,0.1132,0.023,0.8638
CLUBS TEN HEARTS THREE,0.6478,0.0108,0.3414
CLUBS TEN DIAMONDS KING,0.357,0.0078,0.6352
SPADES JACK CLUBS QUEEN,0.2282,0.0814,0.6904
CLUBS SIX CLUBS QUEEN,0.5842,0.1524,0.2634
SPADES TEN CLUBS QUEEN,0.2184,0.1134,0.6682
CLUBS SIX CLUBS KING,0.401,0.0084,0.5906
CLUBS SIX CLUBS ACE,0.3934,0.0058,0.6008
HEARTS FIVE HEARTS KING,0.4104,0.0078,0.5818
CLUBS TEN CLUBS SIX,0.603,0.011,0.386
HEARTS FIVE HEARTS ACE,0.3832,0.0052,0.6116
CLUBS JACK CLUBS SIX,0.6194,0.0102,0.3704
SPADES SEVEN HEARTS JACK,0.6322,0.0112,0.3566
SPADES SEVEN HEARTS TEN,0.6358,0.0118,0.3524
DIAMONDS TWO CLUBS TWO,0.471,0.0238,0.5052
DIAMONDS TWO CLUBS THREE,0.6558,0.0122,0.332
HEARTS SIX DIAMONDS TWO,0.666,0.0094,0.3246
DIAMONDS TWO HEARTS SEVEN,0.6804,0.01,0.3096
DIAMONDS TWO HEARTS KING,0.4156,0.0058,0.5786
DIAMONDS TWO HEARTS EIGHT,0.6828,0.0108,0.3064
DIAMONDS TWO HEARTS ACE,0.4222,0.006,0.5718
DIAMONDS TWO HEARTS NINE,0.7212,0.0524,0.2264
DIAMONDS TWO DIAMONDS QUEEN,0.5698,0.1532,0.277
DIAMONDS TWO HEARTS TWO,0.4758,0.0184,0.5058
DIAMONDS TWO DIAMONDS KING,0.3986,0.0078,0.5936
HEARTS THREE DIAMONDS TWO,0.6344,0.0134,0.3522
DIAMONDS TWO DIAMONDS ACE,0.3898,0.004,0.6062
HEARTS FOUR DIAMONDS TWO,0.641,0.0144,0.3446
DIAMONDS TWO HEARTS FIVE,0.6376,0.0102,0.3522
SPADES SEVEN HEARTS ACE,0.4244,0.003,0.5726
DIAMONDS TWO DIAMONDS TEN,0.602,0.0102,0.3878
SPADES SEVEN HEARTS KING,0.4096,0.0064,0.584
DIAMONDS TWO DIAMONDS JACK,0.5944,0.0108,0.3948
DIAMONDS TWO SPADES NINE,0.7224,0.0476,0.23
DIAMONDS TWO SPADES EIGHT,0.674,0.0124,0.3136
DIAMONDS TWO SPADES SEVEN,0.6726,0.0102,0.3172
DIAMONDS TWO SPADES SIX,0.658,0.0124,0.3296
DIAMONDS TWO SPADES FIVE,0.6392,0.011,0.3498
DIAMONDS TWO SPADES FOUR,0.6418,0.0142,0.344
DIAMONDS TWO SPADES THREE,0.6456,0.012,0.3424
DIAMONDS TWO SPADES TWO,0.476,0.0214,0.5026
DIAMONDS TWO CLUBS EIGHT,0.677,0.0122,0.3108
CLUBS SEVEN DIAMONDS TWO,0.6804,0.0126,0.307
DIAMONDS TWO CLUBS SIX,0.6598,0.0122,0.328
DIAMONDS TWO CLUBS FIVE,0.6446,0.013,0.3424
DIAMONDS TWO CLUBS FOUR,0.639,0.0102,0.3508
CLUBS FOUR SPADES FIVE,0.6258,0.0102,0.364
CLUBS FOUR SPADES FOUR,0.4696,0.019,0.5114
CLUBS FOUR SPADES THREE,0.6482,0.011,0.3408
CLUBS FOUR SPADES TWO,0.6672,0.0122,0.3206
SPADES NINE CLUBS FOUR,0.7416,0.0448,0.2136
SPADES EIGHT CLUBS FOUR,0.671,0.011,0.318
SPADES SEVEN CLUBS FOUR,0.6484,0.0118,0.3398
CLUBS FOUR SPADES SIX,0.6266,0.0134,0.36
SPADES ACE DIAMONDS SIX,0.4202,0.0036,0.5762
SPADES QUEEN DIAMONDS SIX,0.6042,0.163,0.2328
SPADES KING DIAMONDS SIX,0.4134,0.0042,0.5824
SPADES TEN DIAMONDS SIX,0.6358,0.0094,0.3548
SPADES JACK DIAMONDS SIX,0.6572,0.0108,0.332
SPADES QUEEN SPADES TWO,0.5662,0.1558,0.278
SPADES KING SPADES TWO,0.3968,0.0056,0.5976
SPADES ACE SPADES TWO,0.3892,0.0034,0.6074
CLUBS JACK DIAMONDS JACK,0.2884,0.01,0.7016
CLUBS TEN DIAMONDS JACK,0.5618,0.0096,0.4286
DIAMONDS JACK CLUBS KING,0.356,0.0068,0.6372
DIAMONDS JACK CLUBS QUEEN,0.2266,0.081,0.6924
DIAMONDS THREE DIAMONDS JACK,0.6154,0.01,0.3746
DIAMONDS THREE DIAMONDS TEN,0.5976,0.0124,0.39
DIAMONDS JACK CLUBS ACE,0.3652,0.0052,0.6296
DIAMONDS THREE DIAMONDS KING,0.3994,0.0062,0.5944
HEARTS THREE DIAMONDS THREE,0.4766,0.0228,0.5006
DIAMONDS THREE DIAMONDS QUEEN,0.5706,0.1512,0.2782
DIAMONDS THREE HEARTS TWO,0.6516,0.0108,0.3376
HEARTS FIVE DIAMONDS THREE,0.63,0.0128,0.3572
DIAMONDS THREE DIAMONDS ACE,0.4026,0.0032,0.5942
HEARTS FOUR DIAMONDS THREE,0.6428,0.0114,0.3458
DIAMONDS THREE HEARTS SEVEN,0.6504,0.014,0.3356
SPADES TEN SPADES NINE,0.6486,0.0382,0.3132
HEARTS SIX DIAMONDS THREE,0.6514,0.0112,0.3374
SPADES JACK SPADES NINE,0.6638,0.036,0.3002
DIAMONDS THREE HEARTS NINE,0.7338,0.0446,0.2216
HEARTS JACK DIAMONDS FOUR,0.6608,0.009,0.3302
HEARTS ACE HEARTS KING,0.3246,0.0054,0.67
SPADES TEN SPADES TWO,0.5998,0.0086,0.3916
DIAMONDS THREE HEARTS EIGHT,0.6716,0.0092,0.3192
HEARTS TEN DIAMONDS FOUR,0.658,0.0114,0.3306
SPADES JACK SPADES TWO,0.613,0.0096,0.3774
HEARTS KING DIAMONDS FOUR,0.4276,0.0068,0.5656
SPADES ACE SPADES NINE,0.2556,0.0212,0.7232
HEARTS ACE DIAMONDS FOUR,0.4156,0.003,0.5814
SPADES KING SPADES NINE,0.2466,0.0282,0.7252
SPADES QUEEN SPADES NINE,0.0234,0.8998,0.0768
DIAMONDS THREE SPADES NINE,0.7344,0.0414,0.2242
DIAMONDS THREE SPADES EIGHT,0.679,0.0102,0.3108
DIAMONDS THREE SPADES SEVEN,0.6614,0.0088,0.3298
DIAMONDS THREE SPADES SIX,0.6216,0.0118,0.3666
DIAMONDS THREE CLUBS SIX,0.6588,0.0094,0.3318
CLUBS FIVE CLUBS SIX,0.5972,0.01,0.3928
CLUBS ACE DIAMONDS FOUR,0.3972,0.0048,0.598
CLUBS SEVEN DIAMONDS THREE,0.6616,0.012,0.3264
CLUBS SEVEN CLUBS FIVE,0.6066,0.0098,0.3836
DIAMONDS THREE CLUBS FOUR,0.6252,0.0126,0.3622
DIAMONDS FOUR CLUBS QUEEN,0.5978,0.169,0.2332
DIAMONDS THREE CLUBS FIVE,0.6476,0.0116,0.3408
DIAMONDS FOUR CLUBS KING,0.4228,0.0076,0.5696
DIAMONDS THREE CLUBS TWO,0.6484,0.0086,0.343
CLUBS TEN DIAMONDS FOUR,0.6368,0.0102,0.353
DIAMONDS THREE CLUBS THREE,0.4538,0.0234,0.5228
CLUBS JACK DIAMONDS FOUR,0.6516,0.0138,0.3346
DIAMONDS THREE SPADES FOUR,0.628,0.0084,0.3636
DIAMONDS THREE SPADES FIVE,0.6342,0.0114,0.3544
DIAMONDS THREE SPADES TWO,0.6528,0.0098,0.3374
DIAMONDS THREE SPADES THREE,0.456,0.0194,0.5246
CLUBS EIGHT DIAMONDS THREE,0.6728,0.0102,0.317
SPADES SEVEN CLUBS ACE,0.4318,0.0046,0.5636
SPADES SEVEN CLUBS QUEEN,0.6086,0.1742,0.2172
SPADES SEVEN CLUBS KING,0.4118,0.0058,0.5824
CLUBS FIVE SPADES SEVEN,0.6348,0.0114,0.3538
CLUBS TEN SPADES SEVEN,0.6246,0.0108,0.3646
CLUBS FIVE SPADES SIX,0.6252,0.0116,0.3632
CLUBS JACK SPADES SEVEN,0.647,0.0072,0.3458
CLUBS FIVE SPADES NINE,0.718,0.0494,0.2326
CLUBS FIVE SPADES EIGHT,0.653,0.012,0.335
CLUBS FIVE SPADES THREE,0.6378,0.0128,0.3494
CLUBS FIVE SPADES TWO,0.6486,0.0112,0.3402
CLUBS FIVE SPADES FIVE,0.4672,0.0188,0.514
CLUBS FIVE SPADES FOUR,0.6172,0.0106,0.3722
CLUBS EIGHT CLUBS FIVE,0.6136,0.014,0.3724
CLUBS ACE CLUBS QUEEN,0.2312,0.0134,0.7554
CLUBS KING CLUBS QUEEN,0.228,0.0292,0.7428
DIAMONDS TEN DIAMONDS FOUR,0.6096,0.0132,0.3772
CLUBS TEN DIAMONDS NINE,0.7064,0.037,0.2566
DIAMONDS JACK DIAMONDS FOUR,0.609,0.0102,0.3808
CLUBS JACK DIAMONDS NINE,0.7018,0.043,0.2552
CLUBS JACK SPADES NINE,0.6992,0.0394,0.2614
CLUBS TEN SPADES NINE,0.6856,0.0394,0.275
DIAMONDS ACE DIAMONDS FOUR,0.3766,0.0024,0.621
HEARTS FOUR DIAMONDS FOUR,0.473,0.0206,0.5064
DIAMONDS JACK HEARTS TEN,0.5658,0.0086,0.4256
SPADES NINE CLUBS KING,0.2468,0.0322,0.721
DIAMONDS TWO SPADES TEN,0.6582,0.0114,0.3304
DIAMONDS NINE CLUBS ACE,0.2704,0.0202,0.7094
HEARTS FIVE DIAMONDS FOUR,0.6244,0.0114,0.3642
HEARTS JACK DIAMONDS JACK,0.3022,0.0092,0.6886
SPADES NINE CLUBS QUEEN,0.0124,0.9706,0.017
DIAMONDS TWO SPADES JACK,0.6574,0.0126,0.33
DIAMONDS QUEEN DIAMONDS FOUR,0.557,0.155,0.288
HEARTS TWO DIAMONDS FOUR,0.6556,0.0134,0.331
DIAMONDS NINE CLUBS QUEEN,0.0118,0.9682,0.02
DIAMONDS KING DIAMONDS FOUR,0.3998,0.0076,0.5926
HEARTS THREE DIAMONDS FOUR,0.6418,0.0136,0.3446
SPADES NINE CLUBS ACE,0.2636,0.0202,0.7162
DIAMONDS NINE CLUBS KING,0.2506,0.0276,0.7218
HEARTS ACE DIAMONDS JACK,0.37,0.0048,0.6252
SPADES ACE DIAMONDS TWO,0.41,0.0054,0.5846
SPADES QUEEN DIAMONDS TWO,0.6072,0.1658,0.227
DIAMONDS JACK HEARTS KING,0.3558,0.0064,0.6378
SPADES KING DIAMONDS TWO,0.427,0.0096,0.5634
SPADES JACK SPADES SEVEN,0.5892,0.0096,0.4012
SPADES TEN SPADES SEVEN,0.5834,0.0102,0.4064
CLUBS SEVEN CLUBS THREE,0.6282,0.0094,0.3624
CLUBS SIX CLUBS THREE,0.6126,0.0106,0.3768
CLUBS FIVE CLUBS THREE,0.5976,0.014,0.3884
CLUBS THREE CLUBS FOUR,0.6144,0.0114,0.3742
CLUBS EIGHT CLUBS THREE,0.6378,0.0124,0.3498
CLUBS THREE SPADES FIVE,0.6442,0.0112,0.3446
CLUBS THREE SPADES FOUR,0.6368,0.0104,0.3528
CLUBS THREE SPADES THREE,0.4712,0.0182,0.5106
CLUBS THREE SPADES TWO,0.6344,0.0128,0.3528
CLUBS THREE SPADES SIX,0.6476,0.0112,0.3412
CLUBS THREE SPADES SEVEN,0.6592,0.012,0.3288
SPADES EIGHT CLUBS THREE,0.6792,0.0102,0.3106
SPADES NINE CLUBS THREE,0.7274,0.0442,0.2284
SPADES TWO DIAMONDS FOUR,0.6458,0.0116,0.3426
SPADES THREE DIAMONDS FOUR,0.646,0.0092,0.3448
SPADES FOUR DIAMONDS FOUR,0.4618,0.0194,0.5188
SPADES FIVE DIAMONDS FOUR,0.619,0.0134,0.3676
SPADES SIX DIAMONDS FOUR,0.6386,0.0106,0.3508
SPADES SEVEN DIAMONDS FOUR,0.6464,0.0092,0.3444
SPADES EIGHT DIAMONDS FOUR,0.6668,0.0104,0.3228
SPADES NINE DIAMONDS FOUR,0.7272,0.044,0.2288
CLUBS FIVE DIAMONDS FOUR,0.6204,0.013,0.3666
CLUBS FOUR DIAMONDS FOUR,0.4612,0.0204,0.5184
CLUBS SEVEN DIAMONDS FOUR,0.6464,0.0094,0.3442
CLUBS SIX DIAMONDS FOUR,0.6326,0.0108,0.3566
CLUBS EIGHT DIAMONDS FOUR,0.6596,0.0094,0.331
DIAMONDS FOUR HEARTS SEVEN,0.651,0.008,0.341
HEARTS SIX DIAMONDS FOUR,0.6246,0.01,0.3654
HEARTS NINE DIAMONDS FOUR,0.7298,0.045,0.2252
DIAMONDS FOUR HEARTS EIGHT,0.6638,0.0124,0.3238
CLUBS THREE DIAMONDS FOUR,0.6298,0.0102,0.36
CLUBS TWO DIAMONDS FOUR,0.6468,0.0128,0.3404
DIAMONDS TEN DIAMONDS FIVE,0.599,0.0088,0.3922
DIAMONDS JACK DIAMONDS FIVE,0.6088,0.0114,0.3798
DIAMONDS NINE HEARTS KING,0.255,0.0294,0.7156
HEARTS ACE DIAMONDS NINE,0.2594,0.0192,0.7214
DIAMONDS NINE HEARTS TEN,0.6954,0.0384,0.2662
DIAMONDS NINE HEARTS JACK,0.705,0.0424,0.2526
CLUBS KING DIAMONDS SIX,0.413,0.0054,0.5816
CLUBS QUEEN DIAMONDS SIX,0.6084,0.1572,0.2344
CLUBS ACE DIAMONDS SIX,0.4162,0.003,0.5808
SPADES KING DIAMONDS FOUR,0.4174,0.0052,0.5774
SPADES ACE SPADES SEVEN,0.3854,0.0036,0.611
SPADES QUEEN DIAMONDS FOUR,0.5998,0.1626,0.2376
SPADES QUEEN SPADES SEVEN,0.566,0.1614,0.2726
CLUBS JACK DIAMONDS SIX,0.6484,0.011,0.3406
SPADES KING SPADES SEVEN,0.3842,0.0044,0.6114
SPADES ACE DIAMONDS FOUR,0.4206,0.0038,0.5756
CLUBS TEN DIAMONDS SIX,0.6468,0.008,0.3452
CLUBS EIGHT CLUBS FOUR,0.6224,0.0124,0.3652
SPADES JACK DIAMONDS FOUR,0.6432,0.0096,0.3472
SPADES TEN DIAMONDS FOUR,0.6366,0.0118,0.3516
CLUBS FIVE CLUBS FOUR,0.59,0.0108,0.3992
CLUBS SEVEN CLUBS FOUR,0.6114,0.0128,0.3758
CLUBS SIX CLUBS FOUR,0.6056,0.0098,0.3846
CLUBS SEVEN SPADES EIGHT,0.6484,0.0086,0.343
CLUBS SEVEN SPADES NINE,0.6914,0.0454,0.2632
CLUBS SEVEN SPADES SIX,0.6236,0.0086,0.3678
CLUBS SEVEN SPADES SEVEN,0.45,0.017,0.533
CLUBS SEVEN SPADES FIVE,0.624,0.0142,0.3618
CLUBS SEVEN SPADES FOUR,0.6522,0.0108,0.337
CLUBS SEVEN SPADES THREE,0.6706,0.0114,0.318
CLUBS SEVEN SPADES TWO,0.6766,0.0116,0.3118
CLUBS SEVEN CLUBS EIGHT,0.6018,0.0114,0.3868
HEARTS SIX DIAMONDS FIVE,0.6082,0.0132,0.3786
DIAMONDS FIVE HEARTS SEVEN,0.6456,0.0126,0.3418
DIAMONDS FIVE HEARTS EIGHT,0.6364,0.0084,0.3552
HEARTS NINE DIAMONDS FIVE,0.7046,0.0504,0.245
DIAMONDS QUEEN DIAMONDS FIVE,0.567,0.1608,0.2722
HEARTS TWO DIAMONDS FIVE,0.643,0.0124,0.3446
HEARTS KING HEARTS EIGHT,0.4054,0.0066,0.588
DIAMONDS KING DIAMONDS FIVE,0.3834,0.008,0.6086
HEARTS THREE DIAMONDS FIVE,0.643,0.0102,0.3468
DIAMONDS ACE DIAMONDS FIVE,0.3808,0.0042,0.615
HEARTS FOUR DIAMONDS FIVE,0.6224,0.0118,0.3658
HEARTS FIVE DIAMONDS FIVE,0.46,0.0206,0.5194
HEARTS ACE HEARTS EIGHT,0.3884,0.0042,0.6074
CLUBS FOUR DIAMONDS FIVE,0.6284,0.0086,0.363
CLUBS FIVE DIAMONDS FIVE,0.4478,0.021,0.5312
CLUBS SIX DIAMONDS FIVE,0.6176,0.0092,0.3732
CLUBS SEVEN DIAMONDS FIVE,0.6318,0.012,0.3562
CLUBS TWO DIAMONDS FIVE,0.642,0.0118,0.3462
CLUBS THREE DIAMONDS FIVE,0.6414,0.0098,0.3488
SPADES THREE DIAMONDS FIVE,0.6378,0.0114,0.3508
SPADES TWO DIAMONDS FIVE,0.6428,0.0096,0.3476
SPADES JACK DIAMONDS EIGHT,0.6366,0.009,0.3544
SPADES FIVE DIAMONDS FIVE,0.4598,0.0184,0.5218
CLUBS TEN HEARTS JACK,0.5648,0.009,0.4262
SPADES TEN DIAMONDS EIGHT,0.6162,0.0102,0.3736
SPADES FOUR DIAMONDS FIVE,0.6162,0.0096,0.3742
CLUBS JACK HEARTS JACK,0.2938,0.0094,0.6968
HEARTS JACK CLUBS QUEEN,0.2322,0.0982,0.6696
HEARTS JACK CLUBS KING,0.3596,0.0078,0.6326
CLUBS EIGHT DIAMONDS FIVE,0.6454,0.0116,0.343
HEARTS JACK CLUBS ACE,0.3802,0.0052,0.6146
SPADES SEVEN DIAMONDS FIVE,0.6198,0.0108,0.3694
SPADES KING DIAMONDS EIGHT,0.4084,0.0052,0.5864
SPADES QUEEN DIAMONDS EIGHT,0.6082,0.1676,0.2242
SPADES SIX DIAMONDS FIVE,0.637,0.0104,0.3526
SPADES NINE DIAMONDS FIVE,0.7054,0.0436,0.251
SPADES EIGHT DIAMONDS FIVE,0.6358,0.0104,0.3538
SPADES ACE DIAMONDS EIGHT,0.403,0.002,0.595
DIAMONDS TEN DIAMONDS SIX,0.6118,0.0092,0.379
HEARTS ACE DIAMONDS SEVEN,0.4146,0.004,0.5814
DIAMONDS JACK DIAMONDS SIX,0.6154,0.0068,0.3778
HEARTS KING DIAMONDS SEVEN,0.4066,0.0068,0.5866
DIAMONDS ACE DIAMONDS SIX,0.3998,0.004,0.5962
HEARTS FOUR DIAMONDS SIX,0.6342,0.0108,0.355
HEARTS JACK SPADES TWO,0.6646,0.0102,0.3252
HEARTS FIVE DIAMONDS SIX,0.6122,0.014,0.3738
SPADES TWO HEARTS TEN,0.6562,0.0104,0.3334
DIAMONDS QUEEN DIAMONDS SIX,0.5698,0.151,0.2792
HEARTS TWO DIAMONDS SIX,0.6534,0.013,0.3336
DIAMONDS KING DIAMONDS SIX,0.3894,0.0062,0.6044
HEARTS THREE DIAMONDS SIX,0.6496,0.0116,0.3388
HEARTS EIGHT DIAMONDS SIX,0.6414,0.01,0.3486
HEARTS NINE DIAMONDS SIX,0.722,0.0422,0.2358
HEARTS SIX DIAMONDS SIX,0.45,0.0176,0.5324
HEARTS SEVEN DIAMONDS SIX,0.6188,0.0094,0.3718
HEARTS TEN DIAMONDS SEVEN,0.6386,0.0108,0.3506
CLUBS TWO DIAMONDS SIX,0.6624,0.0116,0.326
HEARTS JACK DIAMONDS SEVEN,0.6356,0.0088,0.3556
CLUBS THREE DIAMONDS SIX,0.6412,0.011,0.3478
CLUBS SEVEN DIAMONDS SIX,0.6182,0.0096,0.3722
CLUBS JACK DIAMONDS EIGHT,0.6188,0.012,0.3692
CLUBS SIX DIAMONDS SIX,0.4346,0.0198,0.5456
CLUBS TEN DIAMONDS EIGHT,0.6098,0.0114,0.3788
CLUBS FIVE DIAMONDS SIX,0.6086,0.0126,0.3788
CLUBS FOUR DIAMONDS SIX,0.6334,0.0128,0.3538
HEARTS ACE HEARTS JACK,0.3506,0.0046,0.6448
DIAMONDS EIGHT CLUBS ACE,0.398,0.0026,0.5994
DIAMONDS EIGHT CLUBS KING,0.407,0.0066,0.5864
HEARTS JACK HEARTS KING,0.3302,0.0068,0.663
DIAMONDS EIGHT CLUBS QUEEN,0.5926,0.1754,0.232
CLUBS EIGHT DIAMONDS SIX,0.65,0.011,0.339
SPADES TEN HEARTS KING,0.3456,0.006,0.6484
SPADES FIVE DIAMONDS SIX,0.6094,0.0102,0.3804
HEARTS ACE SPADES TWO,0.4278,0.0038,0.5684
SPADES JACK HEARTS KING,0.3688,0.0068,0.6244
SPADES FOUR DIAMONDS SIX,0.6256,0.0112,0.3632
SPADES THREE DIAMONDS SIX,0.6308,0.011,0.3582
SPADES ACE SPADES KING,0.3256,0.0044,0.67
HEARTS KING SPADES TWO,0.4214,0.0094,0.5692
SPADES TWO DIAMONDS SIX,0.6574,0.0118,0.3308
HEARTS TEN HEARTS EIGHT,0.5904,0.0102,0.3994
SPADES NINE DIAMONDS SIX,0.6982,0.0412,0.2606
HEARTS JACK HEARTS EIGHT,0.5986,0.0114,0.39
SPADES EIGHT DIAMONDS SIX,0.6314,0.0124,0.3562
SPADES SEVEN DIAMONDS SIX,0.6126,0.0076,0.3798
SPADES SIX DIAMONDS SIX,0.4392,0.0168,0.544
SPADES KING HEARTS KING,0.156,0.0036,0.8404
SPADES QUEEN HEARTS KING,0.2488,0.0236,0.7276
CLUBS ACE CLUBS KING,0.3142,0.0052,0.6806
SPADES ACE HEARTS KING,0.336,0.0028,0.6612
SPADES ACE HEARTS JACK,0.37,0.004,0.626
SPADES QUEEN HEARTS JACK,0.2394,0.0888,0.6718
SPADES KING HEARTS JACK,0.3658,0.009,0.6252
SPADES TEN DIAMONDS TEN,0.2934,0.0128,0.6938
SPADES JACK DIAMONDS TEN,0.5782,0.0088,0.413
SPADES ACE DIAMONDS TEN,0.364,0.0036,0.6324
SPADES JACK HEARTS JACK,0.2932,0.0106,0.6962
SPADES TEN HEARTS JACK,0.5648,0.0088,0.4264
SPADES QUEEN DIAMONDS TEN,0.2262,0.1186,0.6552
SPADES KING DIAMONDS TEN,0.3604,0.0058,0.6338
SPADES NINE DIAMONDS SEVEN,0.6948,0.048,0.2572
SPADES EIGHT DIAMONDS SEVEN,0.6238,0.0116,0.3646
SPADES SEVEN DIAMONDS SEVEN,0.4422,0.0192,0.5386
SPADES SIX DIAMONDS SEVEN,0.6228,0.0092,0.368
DIAMONDS KING DIAMONDS SEVEN,0.3952,0.005,0.5998
HEARTS THREE DIAMONDS SEVEN,0.6542,0.0124,0.3334
HEARTS KING DIAMONDS FIVE,0.4196,0.0074,0.573
DIAMONDS QUEEN DIAMONDS SEVEN,0.577,0.1548,0.2682
HEARTS TWO DIAMONDS SEVEN,0.6718,0.0124,0.3158
HEARTS FIVE DIAMONDS SEVEN,0.6382,0.0118,0.35
DIAMONDS ACE DIAMONDS SEVEN,0.383,0.003,0.614
HEARTS FOUR DIAMONDS SEVEN,0.6514,0.01,0.3386
HEARTS ACE DIAMONDS FIVE,0.4188,0.0056,0.5756
HEARTS SEVEN DIAMONDS SEVEN,0.4474,0.0168,0.5358
HEARTS SIX DIAMONDS SEVEN,0.6104,0.0072,0.3824
HEARTS NINE DIAMONDS SEVEN,0.7048,0.0482,0.247
DIAMONDS SEVEN HEARTS EIGHT,0.627,0.0122,0.3608
DIAMONDS JACK DIAMONDS SEVEN,0.5914,0.013,0.3956
HEARTS JACK DIAMONDS FIVE,0.6452,0.011,0.3438
DIAMONDS TEN DIAMONDS SEVEN,0.5892,0.0094,0.4014
DIAMONDS FIVE HEARTS TEN,0.647,0.0086,0.3444
SPADES KING CLUBS TWO,0.4232,0.0068,0.57
HEARTS KING CLUBS KING,0.1352,0.005,0.8598
CLUBS EIGHT DIAMONDS SEVEN,0.6366,0.0104,0.353
SPADES QUEEN CLUBS TWO,0.6098,0.1686,0.2216
HEARTS KING CLUBS QUEEN,0.2348,0.0268,0.7384
CLUBS JACK SPADES TWO,0.6274,0.0114,0.3612
SPADES ACE CLUBS TWO,0.4268,0.004,0.5692
CLUBS TEN SPADES TWO,0.6452,0.0134,0.3414
HEARTS KING CLUBS ACE,0.3382,0.005,0.6568
CLUBS SEVEN CLUBS SIX,0.5994,0.0094,0.3912
SPADES TWO CLUBS KING,0.4274,0.006,0.5666
SPADES TWO DIAMONDS SEVEN,0.6662,0.013,0.3208
CLUBS EIGHT CLUBS SIX,0.5982,0.0106,0.3912
SPADES THREE DIAMONDS SEVEN,0.6534,0.0102,0.3364
SPADES TWO CLUBS QUEEN,0.6034,0.1742,0.2224
SPADES FOUR DIAMONDS SEVEN,0.6346,0.0124,0.353
CLUBS JACK HEARTS KING,0.3456,0.0088,0.6456
SPADES FIVE DIAMONDS SEVEN,0.628,0.0082,0.3638
SPADES TWO CLUBS ACE,0.4048,0.0054,0.5898
CLUBS TEN HEARTS KING,0.3568,0.0064,0.6368
CLUBS SIX SPADES TWO,0.6532,0.0112,0.3356
CLUBS SIX SPADES THREE,0.6488,0.0142,0.337
CLUBS TWO DIAMONDS SEVEN,0.6734,0.0122,0.3144
CLUBS SIX SPADES FOUR,0.629,0.0108,0.3602
CLUBS THREE DIAMONDS SEVEN,0.666,0.0114,0.3226
CLUBS SIX SPADES FIVE,0.6206,0.0118,0.3676
CLUBS FOUR DIAMONDS SEVEN,0.6344,0.0108,0.3548
CLUBS SIX SPADES SIX,0.461,0.0172,0.5218
CLUBS FIVE DIAMONDS SEVEN,0.6248,0.0118,0.3634
CLUBS SIX SPADES SEVEN,0.6182,0.0104,0.3714
CLUBS SIX DIAMONDS SEVEN,0.6394,0.0126,0.348
CLUBS SIX SPADES EIGHT,0.631,0.012,0.357
SPADES JACK CLUBS TWO,0.6558,0.0134,0.3308
CLUBS SEVEN DIAMONDS SEVEN,0.4534,0.0176,0.529
SPADES NINE CLUBS SIX,0.7062,0.041,0.2528
SPADES TEN CLUBS TWO,0.6518,0.0098,0.3384
CLUBS TWO CLUBS QUEEN,0.5716,0.1596,0.2688
CLUBS TWO CLUBS KING,0.4082,0.0094,0.5824
CLUBS THREE DIAMONDS EIGHT,0.6736,0.008,0.3184
CLUBS TWO CLUBS ACE,0.397,0.004,0.599
CLUBS TWO DIAMONDS EIGHT,0.674,0.011,0.315
DIAMONDS EIGHT HEARTS SEVEN,0.6424,0.0114,0.3462
HEARTS SIX DIAMONDS EIGHT,0.6454,0.01,0.3446
DIAMONDS EIGHT HEARTS NINE,0.6948,0.0436,0.2616
CLUBS TEN CLUBS TWO,0.6336,0.0122,0.3542
DIAMONDS EIGHT HEARTS EIGHT,0.4414,0.0148,0.5438
CLUBS JACK CLUBS TWO,0.611,0.009,0.38
CLUBS EIGHT DIAMONDS EIGHT,0.433,0.0164,0.5506
CLUBS FIVE DIAMONDS EIGHT,0.6498,0.0132,0.337
SPADES ACE SPADES THREE,0.3816,0.0034,0.615
CLUBS FOUR DIAMONDS EIGHT,0.657,0.0116,0.3314
CLUBS SEVEN DIAMONDS EIGHT,0.6366,0.0104,0.353
SPADES QUEEN SPADES THREE,0.5694,0.1504,0.2802
CLUBS SIX DIAMONDS EIGHT,0.6486,0.0118,0.3396
SPADES KING SPADES THREE,0.3972,0.0058,0.597
DIAMONDS QUEEN DIAMONDS EIGHT,0.5672,0.1486,0.2842
HEARTS TWO DIAMONDS EIGHT,0.6808,0.0108,0.3084
DIAMONDS KING DIAMONDS EIGHT,0.392,0.005,0.603
HEARTS THREE DIAMONDS EIGHT,0.6754,0.0112,0.3134
DIAMONDS ACE DIAMONDS EIGHT,0.3948,0.0036,0.6016
HEARTS FOUR DIAMONDS EIGHT,0.6628,0.0124,0.3248
HEARTS FIVE DIAMONDS EIGHT,0.6596,0.0106,0.3298
DIAMONDS EIGHT DIAMONDS TEN,0.579,0.0104,0.4106
DIAMONDS EIGHT DIAMONDS JACK,0.5868,0.0102,0.403
SPADES JACK SPADES THREE,0.6008,0.0086,0.3906
SPADES TEN SPADES THREE,0.5992,0.011,0.3898
CLUBS FOUR HEARTS ACE,0.4198,0.0062,0.574
CLUBS FOUR HEARTS KING,0.4178,0.0084,0.5738
CLUBS SIX HEARTS TEN,0.6586,0.0094,0.332
CLUBS SIX HEARTS JACK,0.6608,0.009,0.3302
DIAMONDS EIGHT SPADES FOUR,0.666,0.0098,0.3242
SPADES FIVE DIAMONDS EIGHT,0.6512,0.0118,0.337
DIAMONDS EIGHT SPADES TWO,0.6638,0.0132,0.323
DIAMONDS EIGHT SPADES THREE,0.6724,0.0098,0.3178
CLUBS FOUR HEARTS JACK,0.645,0.0122,0.3428
SPADES EIGHT DIAMONDS EIGHT,0.4338,0.0182,0.548
SPADES TEN DIAMONDS QUEEN,0.2428,0.1206,0.6366
SPADES TEN HEARTS TWO,0.6564,0.013,0.3306
SPADES JACK HEARTS EIGHT,0.6294,0.0098,0.3608
CLUBS FOUR HEARTS TEN,0.6604,0.0122,0.3274
SPADES NINE DIAMONDS EIGHT,0.6784,0.0414,0.2802
SPADES TEN HEARTS EIGHT,0.6166,0.01,0.3734
SPADES JACK HEARTS TWO,0.654,0.0126,0.3334
SPADES JACK DIAMONDS QUEEN,0.2368,0.0802,0.683
SPADES SIX DIAMONDS EIGHT,0.63,0.0076,0.3624
SPADES SEVEN DIAMONDS EIGHT,0.6238,0.0104,0.3658
SPADES ACE HEARTS TWO,0.4158,0.0054,0.5788
SPADES ACE DIAMONDS QUEEN,0.2464,0.0164,0.7372
SPADES ACE HEARTS EIGHT,0.4098,0.0038,0.5864
SPADES KING HEARTS EIGHT,0.4142,0.0076,0.5782
SPADES QUEEN HEARTS TWO,0.6116,0.1696,0.2188
SPADES QUEEN DIAMONDS QUEEN,0.1224,0.0196,0.858
SPADES KING DIAMONDS QUEEN,0.2518,0.0276,0.7206
SPADES KING HEARTS TWO,0.4262,0.0042,0.5696
SPADES QUEEN HEARTS EIGHT,0.5948,0.1784,0.2268
CLUBS TWO HEARTS TEN,0.6628,0.0136,0.3236
CLUBS TWO HEARTS JACK,0.6626,0.0112,0.3262
SPADES SEVEN DIAMONDS NINE,0.705,0.0428,0.2522
SPADES SIX DIAMONDS NINE,0.691,0.0464,0.2626
SPADES NINE DIAMONDS NINE,0.3122,0.026,0.6618
SPADES EIGHT DIAMONDS NINE,0.6852,0.0448,0.27
SPADES TEN CLUBS KING,0.3556,0.0064,0.638
DIAMONDS NINE SPADES THREE,0.724,0.045,0.231
SPADES JACK CLUBS KING,0.3504,0.0078,0.6418
DIAMONDS NINE SPADES TWO,0.7314,0.048,0.2206
DIAMONDS NINE SPADES FIVE,0.7024,0.0446,0.253
DIAMONDS NINE SPADES FOUR,0.721,0.047,0.232
CLUBS EIGHT DIAMONDS NINE,0.7008,0.0418,0.2574
CLUBS SIX DIAMONDS NINE,0.694,0.0526,0.2534
SPADES JACK CLUBS FOUR,0.6496,0.0104,0.34
CLUBS SEVEN DIAMONDS NINE,0.6918,0.0462,0.262
SPADES TEN CLUBS FOUR,0.6546,0.01,0.3354
CLUBS FOUR DIAMONDS NINE,0.7278,0.0464,0.2258
CLUBS FIVE DIAMONDS NINE,0.7042,0.049,0.2468
DIAMONDS NINE CLUBS TWO,0.7314,0.0526,0.216
CLUBS THREE DIAMONDS NINE,0.7316,0.0448,0.2236
DIAMONDS NINE HEARTS EIGHT,0.694,0.0408,0.2652
DIAMONDS NINE HEARTS NINE,0.3244,0.0278,0.6478
HEARTS SIX DIAMONDS NINE,0.7118,0.0462,0.242
DIAMONDS NINE HEARTS SEVEN,0.709,0.0456,0.2454
DIAMONDS ACE DIAMONDS NINE,0.2452,0.0172,0.7376
HEARTS FOUR DIAMONDS NINE,0.733,0.0442,0.2228
HEARTS FIVE DIAMONDS NINE,0.7146,0.0442,0.2412
HEARTS ACE CLUBS TWO,0.4278,0.003,0.5692
SPADES ACE CLUBS FOUR,0.4132,0.0052,0.5816
DIAMONDS QUEEN DIAMONDS NINE,0.021,0.9084,0.0706
HEARTS TWO DIAMONDS NINE,0.731,0.0486,0.2204
CLUBS TWO HEARTS KING,0.4184,0.007,0.5746
SPADES KING CLUBS FOUR,0.4428,0.0056,0.5516
DIAMONDS KING DIAMONDS NINE,0.2436,0.0278,0.7286
HEARTS THREE DIAMONDS NINE,0.731,0.051,0.218
SPADES QUEEN CLUBS FOUR,0.6032,0.1652,0.2316
DIAMONDS NINE DIAMONDS JACK,0.6722,0.0392,0.2886
CLUBS EIGHT SPADES NINE,0.6824,0.0446,0.273
DIAMONDS NINE DIAMONDS TEN,0.6542,0.034,0.3118
CLUBS EIGHT SPADES EIGHT,0.448,0.0196,0.5324
CLUBS EIGHT SPADES SEVEN,0.6262,0.0106,0.3632
CLUBS EIGHT SPADES SIX,0.6398,0.0098,0.3504
CLUBS EIGHT SPADES FIVE,0.6482,0.0126,0.3392
CLUBS EIGHT SPADES FOUR,0.6624,0.0072,0.3304
CLUBS EIGHT SPADES THREE,0.6758,0.011,0.3132
CLUBS EIGHT SPADES TWO,0.6782,0.0116,0.3102
HEARTS SIX DIAMONDS TEN,0.645,0.0096,0.3454
DIAMONDS TEN HEARTS SEVEN,0.6268,0.0106,0.3626
DIAMONDS TEN HEARTS EIGHT,0.6106,0.0108,0.3786
CLUBS JACK CLUBS FOUR,0.62,0.0126,0.3674
DIAMONDS TEN HEARTS NINE,0.6922,0.0392,0.2686
CLUBS TEN CLUBS FOUR,0.6086,0.0134,0.378
CLUBS FOUR CLUBS KING,0.4088,0.0054,0.5858
CLUBS FOUR CLUBS QUEEN,0.5746,0.1592,0.2662
CLUBS TWO DIAMONDS TEN,0.667,0.0102,0.3228
CLUBS THREE DIAMONDS TEN,0.645,0.0098,0.3452
CLUBS FOUR CLUBS ACE,0.4066,0.007,0.5864
DIAMONDS JACK DIAMONDS TEN,0.534,0.0084,0.4576
DIAMONDS QUEEN DIAMONDS TEN,0.2304,0.114,0.6556
HEARTS TWO DIAMONDS TEN,0.6466,0.012,0.3414
DIAMONDS KING DIAMONDS TEN,0.3368,0.0066,0.6566
HEARTS THREE DIAMONDS TEN,0.6576,0.008,0.3344
DIAMONDS ACE DIAMONDS TEN,0.3422,0.0036,0.6542
HEARTS FOUR DIAMONDS TEN,0.6608,0.0088,0.3304
CLUBS EIGHT HEARTS JACK,0.6362,0.0124,0.3514
HEARTS FIVE DIAMONDS TEN,0.6432,0.0136,0.3432
CLUBS EIGHT HEARTS TEN,0.6258,0.012,0.3622
CLUBS EIGHT HEARTS KING,0.4178,0.0084,0.5738
CLUBS EIGHT HEARTS ACE,0.417,0.0062,0.5768
CLUBS TEN HEARTS EIGHT,0.626,0.0128,0.3612
CLUBS JACK HEARTS EIGHT,0.6268,0.0122,0.361
CLUBS QUEEN HEARTS EIGHT,0.608,0.1716,0.2204
CLUBS KING HEARTS EIGHT,0.4132,0.0096,0.5772
CLUBS ACE HEARTS EIGHT,0.4028,0.0042,0.593
SPADES KING CLUBS KING,0.1474,0.0044,0.8482
SPADES QUEEN CLUBS KING,0.2454,0.0232,0.7314
SPADES ACE CLUBS KING,0.346,0.0038,0.6502
DIAMONDS ACE HEARTS TEN,0.3728,0.005,0.6222
HEARTS FOUR HEARTS TEN,0.6176,0.0126,0.3698
DIAMONDS ACE HEARTS JACK,0.3686,0.005,0.6264
HEARTS FOUR HEARTS JACK,0.6202,0.0106,0.3692
SPADES KING CLUBS FIVE,0.4272,0.0064,0.5664
SPADES QUEEN CLUBS FIVE,0.6066,0.166,0.2274
SPADES ACE CLUBS FIVE,0.4072,0.004,0.5888
DIAMONDS JACK HEARTS SEVEN,0.6524,0.0082,0.3394
HEARTS SIX DIAMONDS JACK,0.6604,0.0102,0.3294
DIAMONDS JACK HEARTS NINE,0.7068,0.042,0.2512
DIAMONDS JACK HEARTS EIGHT,0.6366,0.011,0.3524
DIAMONDS KING DIAMONDS JACK,0.3384,0.0066,0.655
HEARTS THREE DIAMONDS JACK,0.6472,0.0112,0.3416
SPADES ACE SPADES SIX,0.391,0.0024,0.6066
HEARTS ACE SPADES FOUR,0.4144,0.0056,0.58
DIAMONDS QUEEN DIAMONDS JACK,0.227,0.07,0.703
HEARTS TWO DIAMONDS JACK,0.6596,0.0092,0.3312
HEARTS FIVE DIAMONDS JACK,0.6422,0.01,0.3478
SPADES QUEEN SPADES SIX,0.5732,0.1492,0.2776
DIAMONDS ACE DIAMONDS JACK,0.3388,0.0032,0.658
HEARTS FOUR DIAMONDS JACK,0.6588,0.0116,0.3296
SPADES KING SPADES SIX,0.3952,0.0072,0.5976
SPADES FOUR HEARTS KING,0.4306,0.0074,0.562
SPADES TEN SPADES SIX,0.5988,0.0058,0.3954
SPADES JACK SPADES SIX,0.6082,0.0108,0.381
SPADES FOUR DIAMONDS JACK,0.655,0.009,0.336
SPADES FIVE DIAMONDS JACK,0.644,0.0076,0.3484
DIAMONDS JACK SPADES TWO,0.642,0.01,0.348
DIAMONDS JACK SPADES THREE,0.6374,0.012,0.3506
SPADES ACE DIAMONDS THREE,0.4198,0.004,0.5762
SPADES QUEEN DIAMONDS THREE,0.601,0.171,0.228
CLUBS EIGHT DIAMONDS JACK,0.6358,0.0104,0.3538
SPADES KING DIAMONDS THREE,0.416,0.0058,0.5782
CLUBS SIX DIAMONDS JACK,0.6548,0.006,0.3392
CLUBS SEVEN DIAMONDS JACK,0.6492,0.0124,0.3384
CLUBS FOUR DIAMONDS JACK,0.6592,0.0104,0.3304
CLUBS FIVE DIAMONDS JACK,0.6426,0.0098,0.3476
CLUBS TWO DIAMONDS JACK,0.6632,0.0088,0.328
CLUBS THREE DIAMONDS JACK,0.6458,0.0132,0.341
SPADES TEN CLUBS FIVE,0.6514,0.0126,0.336
HEARTS SIX SPADES JACK,0.6688,0.0104,0.3208
HEARTS SIX SPADES TEN,0.6414,0.0096,0.349
SPADES JACK CLUBS FIVE,0.6398,0.0116,0.3486
SPADES JACK DIAMONDS THREE,0.6434,0.0096,0.347
CLUBS SEVEN CLUBS ACE,0.3932,0.0034,0.6034
DIAMONDS THREE SPADES TEN,0.6578,0.011,0.3312
CLUBS SEVEN CLUBS QUEEN,0.5792,0.151,0.2698
CLUBS SEVEN CLUBS KING,0.4014,0.0064,0.5922
SPADES NINE DIAMONDS JACK,0.7066,0.0344,0.259
CLUBS TEN CLUBS SEVEN,0.5926,0.011,0.3964
DIAMONDS ACE HEARTS ACE,0.1566,0.0022,0.8412
HEARTS FOUR HEARTS ACE,0.4056,0.0048,0.5896
SPADES EIGHT DIAMONDS JACK,0.6396,0.0076,0.3528
SPADES ACE HEARTS SIX,0.427,0.0024,0.5706
CLUBS JACK CLUBS SEVEN,0.6104,0.0116,0.378
DIAMONDS ACE HEARTS KING,0.3448,0.0036,0.6516
HEARTS FOUR HEARTS KING,0.4022,0.0076,0.5902
SPADES SEVEN DIAMONDS JACK,0.6242,0.0092,0.3666
SPADES KING HEARTS SIX,0.4316,0.0066,0.5618
SPADES QUEEN HEARTS SIX,0.6078,0.1684,0.2238
SPADES SIX DIAMONDS JACK,0.6626,0.0114,0.326
DIAMONDS TEN SPADES TWO,0.6562,0.0106,0.3332
SPADES THREE DIAMONDS TEN,0.6404,0.0092,0.3504
SPADES FOUR DIAMONDS TEN,0.6534,0.0098,0.3368
SPADES FIVE DIAMONDS TEN,0.6382,0.0102,0.3516
SPADES SIX DIAMONDS TEN,0.6392,0.0094,0.3514
SPADES SEVEN DIAMONDS TEN,0.6298,0.0064,0.3638
SPADES EIGHT DIAMONDS TEN,0.6204,0.01,0.3696
SPADES NINE DIAMONDS TEN,0.689,0.041,0.27
CLUBS FOUR DIAMONDS TEN,0.658,0.0106,0.3314
CLUBS FIVE DIAMONDS TEN,0.6438,0.01,0.3462
CLUBS SIX DIAMONDS TEN,0.6456,0.0082,0.3462
CLUBS SEVEN DIAMONDS TEN,0.64,0.01,0.35
CLUBS EIGHT DIAMONDS TEN,0.6166,0.0124,0.371
CLUBS JACK DIAMONDS THREE,0.6384,0.013,0.3486
CLUBS TEN DIAMONDS THREE,0.646,0.0102,0.3438
DIAMONDS THREE CLUBS KING,0.4266,0.0076,0.5658
DIAMONDS THREE CLUBS QUEEN,0.607,0.167,0.226
DIAMONDS THREE CLUBS ACE,0.4132,0.0046,0.5822
SPADES FOUR HEARTS JACK,0.6492,0.0104,0.3404
SPADES FOUR HEARTS TEN,0.6544,0.0086,0.337
SPADES FIVE SPADES TWO,0.5956,0.0142,0.3902
SPADES FOUR SPADES TWO,0.6128,0.012,0.3752
SPADES THREE SPADES TWO,0.6042,0.0128,0.383
SPADES NINE SPADES TWO,0.6862,0.0508,0.263
SPADES EIGHT SPADES TWO,0.6438,0.0094,0.3468
SPADES SEVEN SPADES TWO,0.6268,0.0096,0.3636
SPADES SIX SPADES TWO,0.6032,0.0098,0.387
DIAMONDS QUEEN CLUBS THREE,0.6064,0.1656,0.228
CLUBS THREE HEARTS TWO,0.6726,0.0114,0.316
DIAMONDS QUEEN CLUBS TWO,0.6166,0.1626,0.2208
HEARTS TWO CLUBS TWO,0.4798,0.0218,0.4984
DIAMONDS QUEEN HEARTS SEVEN,0.6088,0.1612,0.23
HEARTS TWO HEARTS SEVEN,0.6586,0.0098,0.3316
HEARTS SIX DIAMONDS QUEEN,0.6096,0.1608,0.2296
HEARTS SIX HEARTS TWO,0.6272,0.013,0.3598
DIAMONDS QUEEN HEARTS NINE,0.0198,0.9688,0.0114
HEARTS TWO HEARTS NINE,0.7066,0.0464,0.247
DIAMONDS QUEEN HEARTS EIGHT,0.6156,0.1666,0.2178
HEARTS TWO HEARTS EIGHT,0.6558,0.01,0.3342
CLUBS EIGHT HEARTS TWO,0.6778,0.0128,0.3094
CLUBS EIGHT DIAMONDS QUEEN,0.6014,0.1788,0.2198
CLUBS FIVE DIAMONDS QUEEN,0.6062,0.1642,0.2296
CLUBS FIVE HEARTS TWO,0.6526,0.0126,0.3348
SPADES EIGHT HEARTS ACE,0.4028,0.0062,0.591
DIAMONDS QUEEN CLUBS FOUR,0.6094,0.1682,0.2224
HEARTS TWO CLUBS FOUR,0.661,0.0112,0.3278
CLUBS SEVEN DIAMONDS QUEEN,0.6238,0.1618,0.2144
CLUBS SEVEN HEARTS TWO,0.6736,0.0098,0.3166
CLUBS SIX DIAMONDS QUEEN,0.6086,0.155,0.2364
CLUBS SIX HEARTS TWO,0.6766,0.0112,0.3122
SPADES EIGHT HEARTS KING,0.4354,0.0066,0.558
HEARTS TWO SPADES SIX,0.6598,0.0112,0.329
DIAMONDS QUEEN SPADES SIX,0.6078,0.1644,0.2278
HEARTS FOUR CLUBS QUEEN,0.61,0.1782,0.2118
DIAMONDS ACE CLUBS QUEEN,0.2378,0.0184,0.7438
DIAMONDS QUEEN SPADES SEVEN,0.615,0.1558,0.2292
HEARTS TWO SPADES SEVEN,0.6886,0.0106,0.3008
HEARTS FOUR CLUBS KING,0.4254,0.0066,0.568
DIAMONDS ACE CLUBS KING,0.3432,0.0038,0.653
DIAMONDS QUEEN SPADES EIGHT,0.5992,0.1638,0.237
SPADES EIGHT HEARTS TWO,0.6832,0.009,0.3078
HEARTS FOUR CLUBS ACE,0.4078,0.0052,0.587
DIAMONDS ACE CLUBS ACE,0.1454,0.003,0.8516
SPADES NINE DIAMONDS QUEEN,0.0226,0.9536,0.0238
SPADES NINE HEARTS TWO,0.723,0.0456,0.2314
HEARTS TWO SPADES TWO,0.4708,0.017,0.5122
DIAMONDS QUEEN SPADES TWO,0.6106,0.1652,0.2242
HEARTS TWO SPADES THREE,0.6462,0.0108,0.343
DIAMONDS QUEEN SPADES THREE,0.6066,0.1622,0.2312
HEARTS TWO SPADES FOUR,0.658,0.013,0.329
DIAMONDS QUEEN SPADES FOUR,0.595,0.1674,0.2376
CLUBS TEN HEARTS FOUR,0.646,0.0122,0.3418
CLUBS TEN DIAMONDS ACE,0.3716,0.0068,0.6216
HEARTS TWO SPADES FIVE,0.6402,0.0108,0.349
DIAMONDS QUEEN SPADES FIVE,0.5946,0.1734,0.232
HEARTS FOUR CLUBS JACK,0.654,0.0112,0.3348
CLUBS JACK DIAMONDS ACE,0.3592,0.0042,0.6366
CLUBS FIVE CLUBS KING,0.3878,0.008,0.6042
CLUBS FIVE CLUBS QUEEN,0.5742,0.1594,0.2664
CLUBS FIVE CLUBS ACE,0.3982,0.0068,0.595
CLUBS JACK CLUBS FIVE,0.6092,0.0086,0.3822
CLUBS TEN CLUBS FIVE,0.6092,0.0098,0.381
SPADES KING CLUBS JACK,0.3716,0.0046,0.6238
CLUBS JACK SPADES QUEEN,0.2354,0.0886,0.676
SPADES ACE CLUBS JACK,0.364,0.0044,0.6316
SPADES SIX CLUBS KING,0.412,0.0062,0.5818
SPADES SIX CLUBS QUEEN,0.6086,0.1662,0.2252
SPADES EIGHT HEARTS JACK,0.6384,0.0094,0.3522
SPADES SIX CLUBS ACE,0.415,0.005,0.58
SPADES EIGHT HEARTS TEN,0.6334,0.0126,0.354
CLUBS JACK SPADES SIX,0.6342,0.0108,0.355
CLUBS TEN SPADES SIX,0.6442,0.0098,0.346
CLUBS JACK SPADES TEN,0.5492,0.0126,0.4382
CLUBS JACK SPADES JACK,0.291,0.0112,0.6978
SPADES QUEEN CLUBS SEVEN,0.6164,0.163,0.2206
SPADES KING CLUBS SEVEN,0.4228,0.0078,0.5694
SPADES ACE CLUBS SEVEN,0.4156,0.0038,0.5806
SPADES SIX HEARTS TEN,0.6454,0.0106,0.344
SPADES SIX HEARTS JACK,0.6524,0.006,0.3416
SPADES SIX HEARTS ACE,0.41,0.0032,0.5868
SPADES SIX HEARTS KING,0.4206,0.0058,0.5736
CLUBS SEVEN SPADES JACK,0.6376,0.0096,0.3528
CLUBS SEVEN SPADES TEN,0.6288,0.0086,0.3626
CLUBS TEN HEARTS SIX,0.6438,0.011,0.3452
CLUBS JACK HEARTS SIX,0.6554,0.0124,0.3322
CLUBS JACK CLUBS ACE,0.3444,0.0046,0.651
HEARTS SIX CLUBS QUEEN,0.6048,0.1724,0.2228
HEARTS SIX CLUBS KING,0.4202,0.0058,0.574
HEARTS SIX CLUBS ACE,0.4004,0.0052,0.5944
CLUBS JACK CLUBS QUEEN,0.2316,0.0804,0.688
CLUBS JACK CLUBS KING,0.3314,0.0056,0.663
DIAMONDS THREE HEARTS ACE,0.4324,0.0034,0.5642
DIAMONDS THREE HEARTS KING,0.4262,0.0074,0.5664
CLUBS FIVE HEARTS JACK,0.6584,0.0104,0.3312
SPADES TEN DIAMONDS ACE,0.3614,0.003,0.6356
HEARTS FOUR SPADES TEN,0.6454,0.0084,0.3462
CLUBS FIVE HEARTS TEN,0.651,0.0102,0.3388
HEARTS FOUR SPADES JACK,0.6724,0.0106,0.317
SPADES JACK DIAMONDS ACE,0.3728,0.0034,0.6238
SPADES ACE HEARTS FOUR,0.415,0.0046,0.5804
SPADES ACE DIAMONDS ACE,0.1564,0.0026,0.841
CLUBS FIVE HEARTS ACE,0.406,0.006,0.588
CLUBS FIVE HEARTS KING,0.4206,0.0096,0.5698
HEARTS FOUR SPADES QUEEN,0.6098,0.1658,0.2244
SPADES QUEEN DIAMONDS ACE,0.2372,0.0136,0.7492
CLUBS JACK SPADES FOUR,0.6518,0.0114,0.3368
SPADES KING DIAMONDS ACE,0.346,0.0038,0.6502
HEARTS FOUR SPADES KING,0.431,0.0074,0.5616
CLUBS TEN SPADES FOUR,0.645,0.0098,0.3452
DIAMONDS QUEEN DIAMONDS ACE,0.228,0.0136,0.7584
HEARTS TWO DIAMONDS ACE,0.43,0.0034,0.5666
HEARTS FOUR DIAMONDS QUEEN,0.6104,0.1648,0.2248
HEARTS FOUR HEARTS TWO,0.6104,0.014,0.3756
DIAMONDS THREE HEARTS TEN,0.6506,0.01,0.3394
SPADES FOUR CLUBS KING,0.4158,0.006,0.5782
HEARTS FIVE DIAMONDS QUEEN,0.5934,0.168,0.2386
HEARTS FIVE HEARTS TWO,0.6236,0.0102,0.3662
DIAMONDS THREE HEARTS JACK,0.653,0.0142,0.3328
SPADES FOUR CLUBS QUEEN,0.5956,0.1672,0.2372
DIAMONDS QUEEN HEARTS TWO,0.612,0.1688,0.2192
DIAMONDS KING DIAMONDS QUEEN,0.2286,0.0268,0.7446
DIAMONDS KING HEARTS TWO,0.4386,0.0066,0.5548
HEARTS THREE DIAMONDS QUEEN,0.6126,0.1716,0.2158
HEARTS THREE HEARTS TWO,0.6314,0.0082,0.3604
SPADES FOUR CLUBS ACE,0.412,0.0042,0.5838
HEARTS TWO CLUBS ACE,0.416,0.0046,0.5794
DIAMONDS QUEEN CLUBS ACE,0.2352,0.0152,0.7496
HEARTS TWO CLUBS QUEEN,0.6026,0.1756,0.2218
DIAMONDS QUEEN CLUBS QUEEN,0.1066,0.0258,0.8676
HEARTS TWO CLUBS KING,0.436,0.0092,0.5548
DIAMONDS QUEEN CLUBS KING,0.231,0.028,0.741
SPADES EIGHT SPADES FIVE,0.607,0.0124,0.3806
CLUBS TEN HEARTS TWO,0.6586,0.0134,0.328
CLUBS TEN DIAMONDS QUEEN,0.2318,0.111,0.6572
SPADES NINE SPADES FIVE,0.6678,0.0462,0.286
CLUBS JACK HEARTS TWO,0.6558,0.012,0.3322
CLUBS JACK DIAMONDS QUEEN,0.2344,0.0862,0.6794
SPADES SIX SPADES FIVE,0.5808,0.0092,0.41
SPADES SEVEN SPADES FIVE,0.5886,0.0112,0.4002
DIAMONDS FIVE CLUBS QUEEN,0.6012,0.1596,0.2392
SPADES EIGHT CLUBS ACE,0.4124,0.004,0.5836
DIAMONDS FIVE CLUBS KING,0.4116,0.0074,0.581
SPADES EIGHT CLUBS KING,0.4126,0.005,0.5824
DIAMONDS FIVE CLUBS ACE,0.3986,0.0048,0.5966
SPADES EIGHT CLUBS QUEEN,0.6012,0.1718,0.227
CLUBS JACK SPADES EIGHT,0.6186,0.0108,0.3706
CLUBS TEN SPADES EIGHT,0.619,0.0098,0.3712
CLUBS TEN DIAMONDS FIVE,0.6438,0.0108,0.3454
CLUBS JACK DIAMONDS FIVE,0.6296,0.0094,0.361
HEARTS JACK DIAMONDS TEN,0.5768,0.009,0.4142
DIAMONDS TEN HEARTS TEN,0.2946,0.0124,0.693
HEARTS SIX HEARTS KING,0.3922,0.007,0.6008
DIAMONDS KING SPADES SEVEN,0.417,0.0054,0.5776
