opposingHand,winningChance,drawChance,lostChance
CLUBS NINE SPADES NINE
HEARTS FIVE SPADES TEN,0.6904,0.0382,0.2714
SPADES JACK HEARTS FIVE,0.6832,0.023,0.2938
SPADES FIVE CLUBS JACK,0.6886,0.0266,0.2848
CLUBS TEN SPADES FIVE,0.694,0.0394,0.2666
CLUBS EIGHT CLUBS JACK,0.6604,0.0274,0.3122
CLUBS EIGHT CLUBS TEN,0.6504,0.038,0.3116
CLUBS EIGHT CLUBS KING,0.6504,0.0096,0.34
SPADES FIVE CLUBS ACE,0.6528,0.0038,0.3434
CLUBS EIGHT CLUBS QUEEN,0.6462,0.0198,0.334
SPADES FIVE CLUBS KING,0.6744,0.0112,0.3144
SPADES FIVE CLUBS QUEEN,0.665,0.0202,0.3148
CLUBS EIGHT CLUBS ACE,0.6386,0.0036,0.3578
DIAMONDS TWO DIAMONDS THREE,0.733,0.079,0.188
DIAMONDS TWO DIAMONDS FIVE,0.7252,0.0728,0.202
SPADES KING HEARTS FIVE,0.667,0.0106,0.3224
DIAMONDS TWO DIAMONDS FOUR,0.7384,0.0776,0.184
SPADES QUEEN HEARTS FIVE,0.6816,0.0164,0.302
DIAMONDS TWO DIAMONDS SEVEN,0.7628,0.0656,0.1716
DIAMONDS TWO DIAMONDS SIX,0.761,0.0704,0.1686
SPADES ACE HEARTS FIVE,0.6412,0.0042,0.3546
DIAMONDS TWO DIAMONDS NINE,0.8054,0.0624,0.1322
DIAMONDS TWO DIAMONDS EIGHT,0.7662,0.0552,0.1786
DIAMONDS THREE DIAMONDS FOUR,0.7156,0.079,0.2054
CLUBS TWO SPADES FOUR,0.7758,0.0906,0.1336
DIAMONDS THREE DIAMONDS FIVE,0.7094,0.0776,0.213
CLUBS TWO SPADES FIVE,0.7692,0.0894,0.1414
CLUBS TWO SPADES TWO,0.6668,0.1636,0.1696
CLUBS TWO SPADES THREE,0.7772,0.0872,0.1356
DIAMONDS THREE DIAMONDS EIGHT,0.7616,0.0582,0.1802
SPADES EIGHT CLUBS TWO,0.8238,0.0568,0.1194
DIAMONDS THREE DIAMONDS NINE,0.803,0.0684,0.1286
DIAMONDS THREE DIAMONDS SIX,0.7216,0.0762,0.2022
CLUBS TWO SPADES SIX,0.8042,0.079,0.1168
DIAMONDS THREE DIAMONDS SEVEN,0.7482,0.0668,0.185
SPADES SEVEN CLUBS TWO,0.8106,0.0688,0.1206
CLUBS SIX CLUBS TWO,0.7568,0.0734,0.1698
CLUBS SEVEN CLUBS TWO,0.7818,0.0726,0.1456
CLUBS FOUR CLUBS TWO,0.7346,0.0806,0.1848
CLUBS FIVE CLUBS TWO,0.7382,0.0832,0.1786
CLUBS TEN CLUBS JACK,0.5064,0.0202,0.4734
DIAMONDS FOUR DIAMONDS SIX,0.7128,0.0726,0.2146
CLUBS TEN CLUBS QUEEN,0.5268,0.0138,0.4594
DIAMONDS FOUR DIAMONDS SEVEN,0.734,0.0636,0.2024
CLUBS TEN CLUBS KING,0.5178,0.0054,0.4768
CLUBS TEN CLUBS ACE,0.516,0.0054,0.4786
CLUBS EIGHT CLUBS TWO,0.7692,0.0634,0.1674
DIAMONDS FIVE DIAMONDS FOUR,0.6998,0.08,0.2202
DIAMONDS NINE DIAMONDS FOUR,0.8074,0.0648,0.1278
DIAMONDS EIGHT DIAMONDS FOUR,0.7532,0.0534,0.1934
CLUBS TWO CLUBS THREE,0.7446,0.0832,0.1722
DIAMONDS NINE DIAMONDS FIVE,0.782,0.0662,0.1518
DIAMONDS TWO CLUBS JACK,0.6944,0.0256,0.28
DIAMONDS EIGHT DIAMONDS FIVE,0.7346,0.0568,0.2086
CLUBS TEN DIAMONDS TWO,0.686,0.0434,0.2706
DIAMONDS FIVE DIAMONDS SEVEN,0.7118,0.0682,0.22
DIAMONDS FIVE DIAMONDS SIX,0.7046,0.0766,0.2188
DIAMONDS TWO CLUBS ACE,0.656,0.0018,0.3422
DIAMONDS TWO CLUBS KING,0.6672,0.0112,0.3216
DIAMONDS TWO CLUBS QUEEN,0.6772,0.0202,0.3026
DIAMONDS EIGHT DIAMONDS SIX,0.7374,0.06,0.2026
DIAMONDS NINE DIAMONDS SIX,0.7752,0.066,0.1588
HEARTS ACE SPADES THREE,0.6586,0.006,0.3354
HEARTS KING SPADES THREE,0.6858,0.01,0.3042
DIAMONDS SEVEN DIAMONDS SIX,0.721,0.0652,0.2138
SPADES THREE HEARTS QUEEN,0.6852,0.0194,0.2954
SPADES THREE HEARTS JACK,0.6842,0.0334,0.2824
SPADES THREE HEARTS TEN,0.6888,0.0432,0.268
DIAMONDS EIGHT DIAMONDS SEVEN,0.7392,0.061,0.1998
DIAMONDS NINE DIAMONDS SEVEN,0.7656,0.0612,0.1732
DIAMONDS NINE DIAMONDS EIGHT,0.7452,0.0644,0.1904
DIAMONDS KING HEARTS TEN,0.5528,0.0058,0.4414
HEARTS THREE HEARTS TEN,0.6442,0.0392,0.3166
CLUBS SIX SPADES JACK,0.681,0.0318,0.2872
DIAMONDS KING HEARTS JACK,0.542,0.0068,0.4512
HEARTS THREE HEARTS JACK,0.6592,0.0252,0.3156
CLUBS SIX SPADES TEN,0.6822,0.0384,0.2794
SPADES JACK SPADES FIVE,0.637,0.0262,0.3368
SPADES TEN SPADES FIVE,0.6476,0.0364,0.316
DIAMONDS KING HEARTS ACE,0.538,0.0024,0.4596
HEARTS THREE HEARTS ACE,0.6226,0.0042,0.3732
SPADES ACE CLUBS SIX,0.674,0.0046,0.3214
DIAMONDS KING HEARTS QUEEN,0.541,0.0056,0.4534
HEARTS THREE HEARTS QUEEN,0.643,0.0202,0.3368
SPADES KING CLUBS SIX,0.685,0.01,0.305
DIAMONDS KING HEARTS KING,0.1944,0.0338,0.7718
HEARTS THREE HEARTS KING,0.6396,0.0096,0.3508
SPADES QUEEN CLUBS SIX,0.6826,0.0172,0.3002
SPADES QUEEN SPADES FIVE,0.6454,0.0188,0.3358
SPADES KING SPADES FIVE,0.643,0.0116,0.3454
SPADES ACE SPADES FIVE,0.6214,0.005,0.3736
CLUBS TEN SPADES JACK,0.5312,0.024,0.4448
CLUBS TEN SPADES TEN,0.171,0.1322,0.6968
SPADES ACE CLUBS TEN,0.542,0.004,0.454
SPADES KING CLUBS TEN,0.525,0.0072,0.4678
CLUBS TEN SPADES QUEEN,0.5366,0.0154,0.448
SPADES FIVE HEARTS QUEEN,0.6836,0.0192,0.2972
SPADES FIVE HEARTS KING,0.6786,0.0114,0.31
SPADES FIVE HEARTS ACE,0.657,0.0048,0.3382
CLUBS EIGHT SPADES TEN,0.6756,0.0442,0.2802
HEARTS THREE SPADES JACK,0.689,0.0264,0.2846
SPADES JACK DIAMONDS KING,0.5404,0.006,0.4536
SPADES TEN DIAMONDS KING,0.5534,0.006,0.4406
HEARTS THREE SPADES TEN,0.6826,0.038,0.2794
CLUBS EIGHT SPADES JACK,0.6794,0.0316,0.289
SPADES ACE CLUBS EIGHT,0.6538,0.004,0.3422
HEARTS FIVE CLUBS JACK,0.6822,0.026,0.2918
CLUBS SIX HEARTS ACE,0.6682,0.0018,0.33
CLUBS TEN HEARTS FIVE,0.6904,0.0378,0.2718
CLUBS EIGHT SPADES QUEEN,0.6804,0.0196,0.3
CLUBS TEN SPADES THREE,0.6916,0.0424,0.266
CLUBS SIX HEARTS QUEEN,0.683,0.0166,0.3004
CLUBS EIGHT SPADES KING,0.6884,0.0094,0.3022
SPADES THREE CLUBS JACK,0.688,0.0288,0.2832
CLUBS SIX HEARTS KING,0.6702,0.0088,0.321
DIAMONDS TWO HEARTS JACK,0.6798,0.03,0.2902
SPADES THREE CLUBS QUEEN,0.6886,0.0224,0.289
DIAMONDS TWO HEARTS TEN,0.6964,0.0396,0.264
SPADES THREE CLUBS KING,0.6876,0.0092,0.3032
HEARTS FIVE CLUBS ACE,0.6428,0.0042,0.353
SPADES FIVE HEARTS TEN,0.6794,0.0394,0.2812
SPADES THREE CLUBS ACE,0.663,0.005,0.332
HEARTS FIVE CLUBS KING,0.6714,0.0076,0.321
SPADES FIVE HEARTS JACK,0.6862,0.0262,0.2876
HEARTS FIVE CLUBS QUEEN,0.6746,0.0214,0.304
HEARTS THREE CLUBS KING,0.6788,0.0098,0.3114
DIAMONDS KING CLUBS KING,0.1934,0.0348,0.7718
HEARTS THREE CLUBS QUEEN,0.685,0.0204,0.2946
DIAMONDS KING CLUBS QUEEN,0.537,0.0062,0.4568
HEARTS FIVE HEARTS JACK,0.6376,0.0276,0.3348
HEARTS FIVE HEARTS TEN,0.6472,0.0362,0.3166
HEARTS THREE CLUBS ACE,0.6544,0.003,0.3426
DIAMONDS KING CLUBS ACE,0.5312,0.0044,0.4644
SPADES ACE CLUBS QUEEN,0.5358,0.0034,0.4608
SPADES KING CLUBS QUEEN,0.5346,0.005,0.4604
HEARTS THREE CLUBS JACK,0.6798,0.0268,0.2934
DIAMONDS KING CLUBS JACK,0.5422,0.0052,0.4526
SPADES QUEEN CLUBS QUEEN,0.181,0.0658,0.7532
CLUBS TEN HEARTS THREE,0.6972,0.039,0.2638
CLUBS TEN DIAMONDS KING,0.5404,0.0098,0.4498
SPADES JACK CLUBS QUEEN,0.5282,0.0126,0.4592
CLUBS SIX CLUBS QUEEN,0.6502,0.0166,0.3332
SPADES TEN CLUBS QUEEN,0.5332,0.0124,0.4544
CLUBS SIX CLUBS KING,0.6548,0.0114,0.3338
CLUBS SIX CLUBS ACE,0.6446,0.0034,0.352
HEARTS FIVE HEARTS KING,0.6314,0.0086,0.36
HEARTS FIVE HEARTS QUEEN,0.6372,0.0182,0.3446
CLUBS TEN CLUBS SIX,0.6576,0.0354,0.307
HEARTS FIVE HEARTS ACE,0.623,0.0054,0.3716
CLUBS SIX CLUBS JACK,0.6558,0.029,0.3152
SPADES SEVEN HEARTS JACK,0.7026,0.026,0.2714
SPADES SEVEN HEARTS TEN,0.69,0.0376,0.2724
DIAMONDS TWO CLUBS TWO,0.6678,0.1524,0.1798
DIAMONDS TWO CLUBS THREE,0.7736,0.0888,0.1376
HEARTS SIX DIAMONDS TWO,0.7882,0.0724,0.1394
DIAMONDS TWO HEARTS QUEEN,0.6794,0.0194,0.3012
DIAMONDS TWO HEARTS SEVEN,0.8106,0.0696,0.1198
DIAMONDS TWO HEARTS KING,0.6996,0.0096,0.2908
DIAMONDS TWO HEARTS EIGHT,0.8006,0.0616,0.1378
DIAMONDS TWO HEARTS ACE,0.6544,0.0028,0.3428
DIAMONDS TWO HEARTS NINE,0.85,0.0692,0.0808
DIAMONDS TWO DIAMONDS QUEEN,0.6548,0.0174,0.3278
DIAMONDS TWO HEARTS TWO,0.659,0.145,0.196
DIAMONDS TWO DIAMONDS KING,0.652,0.0074,0.3406
HEARTS THREE DIAMONDS TWO,0.7622,0.0896,0.1482
DIAMONDS TWO DIAMONDS ACE,0.6202,0.004,0.3758
HEARTS FOUR DIAMONDS TWO,0.7672,0.081,0.1518
DIAMONDS TWO HEARTS FIVE,0.758,0.0814,0.1606
SPADES SEVEN HEARTS ACE,0.6434,0.0052,0.3514
DIAMONDS TWO DIAMONDS TEN,0.6504,0.0412,0.3084
SPADES SEVEN HEARTS KING,0.6776,0.008,0.3144
DIAMONDS TWO DIAMONDS JACK,0.6642,0.0244,0.3114
SPADES SEVEN HEARTS QUEEN,0.6864,0.0194,0.2942
DIAMONDS TWO SPADES EIGHT,0.8116,0.061,0.1274
DIAMONDS TWO SPADES SEVEN,0.8016,0.0692,0.1292
DIAMONDS TWO SPADES SIX,0.7946,0.0742,0.1312
DIAMONDS TWO SPADES FIVE,0.773,0.0784,0.1486
DIAMONDS TWO SPADES FOUR,0.7706,0.0784,0.151
DIAMONDS TWO SPADES THREE,0.7746,0.0826,0.1428
DIAMONDS TWO SPADES TWO,0.665,0.1496,0.1854
CLUBS EIGHT DIAMONDS TWO,0.8152,0.0604,0.1244
DIAMONDS TWO CLUBS SEVEN,0.8138,0.064,0.1222
CLUBS SIX DIAMONDS TWO,0.7936,0.0744,0.132
DIAMONDS TWO CLUBS FIVE,0.7782,0.0752,0.1466
DIAMONDS TWO CLUBS FOUR,0.7582,0.091,0.1508
CLUBS FOUR SPADES FIVE,0.7518,0.0846,0.1636
CLUBS FOUR SPADES FOUR,0.6758,0.1546,0.1696
CLUBS FOUR SPADES THREE,0.7638,0.0858,0.1504
CLUBS FOUR SPADES TWO,0.7708,0.0898,0.1394
CLUBS FOUR SPADES EIGHT,0.8046,0.059,0.1364
CLUBS FOUR SPADES SEVEN,0.7836,0.068,0.1484
CLUBS FOUR SPADES SIX,0.7716,0.0728,0.1556
SPADES ACE DIAMONDS SIX,0.6626,0.0026,0.3348
SPADES QUEEN DIAMONDS SIX,0.6896,0.02,0.2904
SPADES KING DIAMONDS SIX,0.6728,0.0098,0.3174
SPADES TEN DIAMONDS SIX,0.6776,0.0428,0.2796
SPADES JACK DIAMONDS SIX,0.678,0.0276,0.2944
SPADES QUEEN SPADES TWO,0.6534,0.0196,0.327
SPADES KING SPADES TWO,0.6432,0.0128,0.344
SPADES ACE SPADES TWO,0.6354,0.0044,0.3602
DIAMONDS JACK CLUBS JACK,0.1796,0.095,0.7254
CLUBS TEN DIAMONDS JACK,0.5316,0.024,0.4444
DIAMONDS JACK CLUBS KING,0.5512,0.0054,0.4434
DIAMONDS JACK CLUBS QUEEN,0.5456,0.01,0.4444
DIAMONDS THREE DIAMONDS JACK,0.6606,0.0254,0.314
DIAMONDS THREE DIAMONDS TEN,0.6494,0.0384,0.3122
DIAMONDS JACK CLUBS ACE,0.539,0.0042,0.4568
DIAMONDS THREE DIAMONDS KING,0.6366,0.0082,0.3552
HEARTS THREE DIAMONDS THREE,0.6678,0.1412,0.191
DIAMONDS THREE DIAMONDS QUEEN,0.6452,0.0166,0.3382
DIAMONDS THREE HEARTS TWO,0.7666,0.086,0.1474
HEARTS FIVE DIAMONDS THREE,0.7396,0.083,0.1774
DIAMONDS THREE DIAMONDS ACE,0.61,0.0032,0.3868
HEARTS FOUR DIAMONDS THREE,0.7472,0.0816,0.1712
DIAMONDS THREE HEARTS SEVEN,0.7916,0.0682,0.1402
HEARTS SIX DIAMONDS THREE,0.7624,0.0708,0.1668
DIAMONDS THREE HEARTS NINE,0.8516,0.0682,0.0802
HEARTS JACK DIAMONDS FOUR,0.6796,0.0268,0.2936
HEARTS KING HEARTS ACE,0.5016,0.0052,0.4932
SPADES TEN SPADES TWO,0.66,0.0444,0.2956
DIAMONDS THREE HEARTS EIGHT,0.7998,0.0646,0.1356
HEARTS TEN DIAMONDS FOUR,0.6832,0.0368,0.28
SPADES JACK SPADES TWO,0.6574,0.0288,0.3138
HEARTS QUEEN DIAMONDS FOUR,0.6834,0.0194,0.2972
HEARTS KING DIAMONDS FOUR,0.679,0.0096,0.3114
HEARTS ACE DIAMONDS FOUR,0.6482,0.0036,0.3482
DIAMONDS THREE SPADES EIGHT,0.8112,0.0612,0.1276
DIAMONDS THREE SPADES SEVEN,0.7958,0.0696,0.1346
DIAMONDS THREE SPADES SIX,0.7738,0.0756,0.1506
CLUBS SIX DIAMONDS THREE,0.772,0.0722,0.1558
CLUBS ACE DIAMONDS FOUR,0.647,0.0042,0.3488
CLUBS SIX CLUBS FIVE,0.7206,0.0688,0.2106
CLUBS SEVEN CLUBS FIVE,0.74,0.0642,0.1958
CLUBS SEVEN DIAMONDS THREE,0.7916,0.0698,0.1386
DIAMONDS THREE CLUBS FOUR,0.749,0.0852,0.1658
DIAMONDS FOUR CLUBS QUEEN,0.6674,0.0172,0.3154
DIAMONDS THREE CLUBS FIVE,0.7504,0.0802,0.1694
CLUBS KING DIAMONDS FOUR,0.6692,0.012,0.3188
DIAMONDS THREE CLUBS TWO,0.7776,0.088,0.1344
CLUBS TEN DIAMONDS FOUR,0.687,0.04,0.273
DIAMONDS THREE CLUBS THREE,0.6626,0.1588,0.1786
DIAMONDS FOUR CLUBS JACK,0.6868,0.0274,0.2858
DIAMONDS THREE SPADES FOUR,0.7568,0.0836,0.1596
DIAMONDS THREE SPADES FIVE,0.7634,0.0764,0.1602
DIAMONDS THREE SPADES TWO,0.7716,0.0864,0.142
DIAMONDS THREE SPADES THREE,0.6716,0.1464,0.182
CLUBS EIGHT DIAMONDS THREE,0.8074,0.0608,0.1318
SPADES SEVEN CLUBS ACE,0.6592,0.0028,0.338
SPADES SEVEN CLUBS QUEEN,0.6964,0.0194,0.2842
SPADES SEVEN CLUBS KING,0.676,0.011,0.313
CLUBS FIVE SPADES SEVEN,0.7694,0.0692,0.1614
CLUBS TEN SPADES SEVEN,0.6834,0.0428,0.2738
CLUBS FIVE SPADES SIX,0.7524,0.0758,0.1718
SPADES SEVEN CLUBS JACK,0.6888,0.0298,0.2814
SPADES EIGHT CLUBS FIVE,0.7892,0.0638,0.147
CLUBS FIVE SPADES THREE,0.7664,0.0804,0.1532
CLUBS FIVE SPADES TWO,0.7838,0.0778,0.1384
CLUBS FIVE SPADES FIVE,0.6676,0.154,0.1784
CLUBS FIVE SPADES FOUR,0.7402,0.0854,0.1744
CLUBS EIGHT CLUBS FIVE,0.7438,0.0594,0.1968
CLUBS ACE CLUBS QUEEN,0.503,0.0034,0.4936
CLUBS KING CLUBS QUEEN,0.504,0.005,0.491
DIAMONDS TEN DIAMONDS FOUR,0.6652,0.0386,0.2962
CLUBS TEN DIAMONDS NINE,0.6248,0.0452,0.33
DIAMONDS JACK DIAMONDS FOUR,0.6482,0.0282,0.3236
DIAMONDS NINE CLUBS JACK,0.6566,0.0324,0.311
DIAMONDS ACE DIAMONDS FOUR,0.6282,0.0024,0.3694
HEARTS FOUR DIAMONDS FOUR,0.6602,0.1466,0.1932
DIAMONDS JACK HEARTS TEN,0.528,0.0216,0.4504
DIAMONDS TWO SPADES TEN,0.6828,0.0378,0.2794
DIAMONDS NINE CLUBS ACE,0.6752,0.0272,0.2976
HEARTS FIVE DIAMONDS FOUR,0.747,0.0822,0.1708
HEARTS JACK DIAMONDS JACK,0.1888,0.095,0.7162
DIAMONDS TWO SPADES JACK,0.691,0.0296,0.2794
DIAMONDS QUEEN DIAMONDS FOUR,0.6412,0.0166,0.3422
HEARTS TWO DIAMONDS FOUR,0.7648,0.081,0.1542
DIAMONDS NINE CLUBS QUEEN,0.6502,0.0272,0.3226
DIAMONDS KING DIAMONDS FOUR,0.6412,0.0094,0.3494
HEARTS THREE DIAMONDS FOUR,0.7524,0.088,0.1596
DIAMONDS NINE CLUBS KING,0.6584,0.0252,0.3164
HEARTS ACE DIAMONDS JACK,0.5452,0.0038,0.451
SPADES ACE DIAMONDS TWO,0.6692,0.0058,0.325
DIAMONDS JACK HEARTS QUEEN,0.5458,0.0082,0.446
SPADES QUEEN DIAMONDS TWO,0.6852,0.0184,0.2964
HEARTS KING DIAMONDS JACK,0.5356,0.0044,0.46
SPADES KING DIAMONDS TWO,0.6724,0.0078,0.3198
SPADES JACK SPADES SEVEN,0.6552,0.024,0.3208
SPADES TEN SPADES SEVEN,0.647,0.0388,0.3142
CLUBS SEVEN CLUBS THREE,0.7494,0.0776,0.173
CLUBS SIX CLUBS THREE,0.73,0.0786,0.1914
CLUBS FIVE CLUBS THREE,0.7118,0.0874,0.2008
CLUBS FOUR CLUBS THREE,0.7126,0.0834,0.204
CLUBS EIGHT CLUBS THREE,0.7752,0.06,0.1648
CLUBS THREE SPADES FIVE,0.7608,0.0854,0.1538
CLUBS THREE SPADES FOUR,0.7578,0.0866,0.1556
CLUBS THREE SPADES THREE,0.6674,0.1532,0.1794
CLUBS THREE SPADES TWO,0.774,0.087,0.139
SPADES SIX CLUBS THREE,0.782,0.0836,0.1344
SPADES SEVEN CLUBS THREE,0.797,0.0722,0.1308
SPADES EIGHT CLUBS THREE,0.8218,0.0564,0.1218
SPADES TWO DIAMONDS FOUR,0.7742,0.0884,0.1374
SPADES THREE DIAMONDS FOUR,0.751,0.0836,0.1654
SPADES FOUR DIAMONDS FOUR,0.6684,0.1516,0.18
SPADES FIVE DIAMONDS FOUR,0.7302,0.0822,0.1876
SPADES SIX DIAMONDS FOUR,0.7452,0.0802,0.1746
SPADES SEVEN DIAMONDS FOUR,0.7696,0.0676,0.1628
SPADES EIGHT DIAMONDS FOUR,0.7874,0.0616,0.151
CLUBS FIVE DIAMONDS FOUR,0.7422,0.0818,0.176
CLUBS FOUR DIAMONDS FOUR,0.6618,0.1494,0.1888
CLUBS SEVEN DIAMONDS FOUR,0.7682,0.0754,0.1564
CLUBS SIX DIAMONDS FOUR,0.7562,0.0776,0.1662
CLUBS EIGHT DIAMONDS FOUR,0.7966,0.0624,0.141
DIAMONDS FOUR HEARTS SEVEN,0.76,0.0672,0.1728
HEARTS SIX DIAMONDS FOUR,0.7556,0.0748,0.1696
HEARTS NINE DIAMONDS FOUR,0.8476,0.0726,0.0798
DIAMONDS FOUR HEARTS EIGHT,0.7758,0.0626,0.1616
CLUBS THREE DIAMONDS FOUR,0.757,0.0854,0.1576
CLUBS TWO DIAMONDS FOUR,0.7708,0.0848,0.1444
DIAMONDS TEN DIAMONDS FIVE,0.6386,0.0364,0.325
DIAMONDS JACK DIAMONDS FIVE,0.6404,0.0278,0.3318
DIAMONDS NINE HEARTS QUEEN,0.6594,0.025,0.3156
HEARTS KING DIAMONDS NINE,0.6718,0.0222,0.306
DIAMONDS NINE HEARTS ACE,0.6728,0.0244,0.3028
DIAMONDS NINE HEARTS TEN,0.6238,0.0432,0.333
DIAMONDS NINE HEARTS JACK,0.6506,0.0312,0.3182
CLUBS KING DIAMONDS SIX,0.6758,0.0092,0.315
CLUBS QUEEN DIAMONDS SIX,0.6802,0.0208,0.299
CLUBS ACE DIAMONDS SIX,0.659,0.0034,0.3376
SPADES KING DIAMONDS FOUR,0.6744,0.0068,0.3188
SPADES ACE SPADES SEVEN,0.6242,0.0046,0.3712
SPADES QUEEN DIAMONDS FOUR,0.6814,0.0196,0.299
SPADES QUEEN SPADES SEVEN,0.6542,0.0174,0.3284
CLUBS JACK DIAMONDS SIX,0.6822,0.0312,0.2866
SPADES KING SPADES SEVEN,0.634,0.0096,0.3564
SPADES ACE DIAMONDS FOUR,0.6434,0.0042,0.3524
CLUBS TEN DIAMONDS SIX,0.6756,0.0384,0.286
CLUBS EIGHT CLUBS FOUR,0.7542,0.059,0.1868
SPADES JACK DIAMONDS FOUR,0.6918,0.0252,0.283
SPADES TEN DIAMONDS FOUR,0.6956,0.0376,0.2668
CLUBS FOUR CLUBS FIVE,0.7046,0.0818,0.2136
CLUBS SEVEN CLUBS FOUR,0.7388,0.0716,0.1896
CLUBS SIX CLUBS FOUR,0.7124,0.0748,0.2128
CLUBS SEVEN SPADES EIGHT,0.7928,0.0586,0.1486
CLUBS SEVEN SPADES SIX,0.769,0.0744,0.1566
CLUBS SEVEN SPADES SEVEN,0.6718,0.1558,0.1724
CLUBS SEVEN SPADES FIVE,0.7608,0.0732,0.166
CLUBS SEVEN SPADES FOUR,0.7802,0.0694,0.1504
CLUBS SEVEN SPADES THREE,0.7988,0.0664,0.1348
CLUBS SEVEN SPADES TWO,0.825,0.0676,0.1074
CLUBS EIGHT CLUBS SEVEN,0.7366,0.0626,0.2008
HEARTS SIX DIAMONDS FIVE,0.7446,0.0754,0.18
DIAMONDS FIVE HEARTS SEVEN,0.7706,0.0664,0.163
DIAMONDS FIVE HEARTS EIGHT,0.7788,0.0616,0.1596
HEARTS NINE DIAMONDS FIVE,0.8298,0.0686,0.1016
DIAMONDS QUEEN DIAMONDS FIVE,0.6434,0.0158,0.3408
HEARTS TWO DIAMONDS FIVE,0.7624,0.0836,0.154
HEARTS KING HEARTS EIGHT,0.6446,0.0088,0.3466
DIAMONDS KING DIAMONDS FIVE,0.6322,0.008,0.3598
HEARTS THREE DIAMONDS FIVE,0.7506,0.0706,0.1788
HEARTS QUEEN HEARTS EIGHT,0.6598,0.0164,0.3238
DIAMONDS ACE DIAMONDS FIVE,0.6184,0.004,0.3776
HEARTS FOUR DIAMONDS FIVE,0.7368,0.0794,0.1838
HEARTS FIVE DIAMONDS FIVE,0.652,0.149,0.199
HEARTS ACE HEARTS EIGHT,0.6284,0.0038,0.3678
CLUBS FOUR DIAMONDS FIVE,0.7384,0.0802,0.1814
CLUBS FIVE DIAMONDS FIVE,0.6624,0.1514,0.1862
CLUBS SIX DIAMONDS FIVE,0.7562,0.0742,0.1696
CLUBS SEVEN DIAMONDS FIVE,0.7672,0.0712,0.1616
CLUBS TWO DIAMONDS FIVE,0.7718,0.0806,0.1476
CLUBS THREE DIAMONDS FIVE,0.7632,0.0758,0.161
SPADES THREE DIAMONDS FIVE,0.749,0.0814,0.1696
SPADES TWO DIAMONDS FIVE,0.7708,0.0816,0.1476
SPADES JACK DIAMONDS EIGHT,0.6754,0.0272,0.2974
SPADES FIVE DIAMONDS FIVE,0.6616,0.1534,0.185
CLUBS TEN HEARTS JACK,0.5388,0.0212,0.44
SPADES TEN DIAMONDS EIGHT,0.662,0.043,0.295
SPADES FOUR DIAMONDS FIVE,0.7508,0.0776,0.1716
HEARTS JACK CLUBS JACK,0.1758,0.1026,0.7216
HEARTS JACK CLUBS QUEEN,0.553,0.0102,0.4368
HEARTS JACK CLUBS KING,0.5456,0.0062,0.4482
CLUBS EIGHT DIAMONDS FIVE,0.7826,0.0664,0.151
HEARTS JACK CLUBS ACE,0.548,0.0044,0.4476
SPADES SEVEN DIAMONDS FIVE,0.7588,0.0688,0.1724
SPADES KING DIAMONDS EIGHT,0.6786,0.0112,0.3102
SPADES SIX DIAMONDS FIVE,0.7376,0.0806,0.1818
SPADES QUEEN DIAMONDS EIGHT,0.6834,0.02,0.2966
SPADES EIGHT DIAMONDS FIVE,0.7802,0.0582,0.1616
SPADES ACE DIAMONDS EIGHT,0.6718,0.004,0.3242
DIAMONDS TEN DIAMONDS SIX,0.6432,0.0428,0.314
HEARTS ACE DIAMONDS SEVEN,0.6642,0.0028,0.333
DIAMONDS JACK DIAMONDS SIX,0.6442,0.0302,0.3256
HEARTS QUEEN DIAMONDS SEVEN,0.6908,0.0144,0.2948
HEARTS KING DIAMONDS SEVEN,0.681,0.0078,0.3112
DIAMONDS ACE DIAMONDS SIX,0.631,0.0042,0.3648
HEARTS FOUR DIAMONDS SIX,0.7512,0.079,0.1698
HEARTS JACK SPADES TWO,0.6972,0.0268,0.276
HEARTS FIVE DIAMONDS SIX,0.7446,0.0792,0.1762
SPADES TWO HEARTS TEN,0.6918,0.0422,0.266
DIAMONDS QUEEN DIAMONDS SIX,0.634,0.0182,0.3478
HEARTS TWO DIAMONDS SIX,0.7984,0.0754,0.1262
DIAMONDS KING DIAMONDS SIX,0.6396,0.01,0.3504
HEARTS THREE DIAMONDS SIX,0.7736,0.0744,0.152
HEARTS EIGHT DIAMONDS SIX,0.7736,0.0592,0.1672
HEARTS NINE DIAMONDS SIX,0.822,0.0696,0.1084
HEARTS SIX DIAMONDS SIX,0.654,0.1466,0.1994
HEARTS SEVEN DIAMONDS SIX,0.7424,0.0676,0.19
HEARTS TEN DIAMONDS SEVEN,0.6664,0.0402,0.2934
CLUBS TWO DIAMONDS SIX,0.795,0.0724,0.1326
HEARTS JACK DIAMONDS SEVEN,0.6828,0.0302,0.287
CLUBS THREE DIAMONDS SIX,0.7728,0.0774,0.1498
DIAMONDS EIGHT CLUBS JACK,0.673,0.0254,0.3016
CLUBS SEVEN DIAMONDS SIX,0.763,0.0698,0.1672
CLUBS SIX DIAMONDS SIX,0.6576,0.1604,0.182
CLUBS TEN DIAMONDS EIGHT,0.6742,0.0394,0.2864
CLUBS FIVE DIAMONDS SIX,0.7526,0.0734,0.174
CLUBS FOUR DIAMONDS SIX,0.7556,0.0756,0.1688
HEARTS ACE HEARTS JACK,0.5144,0.003,0.4826
DIAMONDS EIGHT CLUBS ACE,0.6564,0.0034,0.3402
HEARTS JACK HEARTS QUEEN,0.5138,0.0088,0.4774
DIAMONDS EIGHT CLUBS KING,0.6716,0.0114,0.317
HEARTS KING HEARTS JACK,0.5192,0.0048,0.476
DIAMONDS EIGHT CLUBS QUEEN,0.6762,0.0174,0.3064
CLUBS EIGHT DIAMONDS SIX,0.7842,0.0632,0.1526
SPADES TEN HEARTS KING,0.5502,0.0062,0.4436
SPADES FIVE DIAMONDS SIX,0.7454,0.0754,0.1792
HEARTS ACE SPADES TWO,0.6618,0.0048,0.3334
SPADES JACK HEARTS KING,0.5392,0.0072,0.4536
SPADES FOUR DIAMONDS SIX,0.741,0.0828,0.1762
SPADES THREE DIAMONDS SIX,0.7776,0.0762,0.1462
SPADES TWO HEARTS QUEEN,0.6834,0.0176,0.299
SPADES ACE SPADES KING,0.5182,0.0048,0.477
HEARTS KING SPADES TWO,0.689,0.008,0.303
SPADES TWO DIAMONDS SIX,0.7834,0.0788,0.1378
HEARTS TEN HEARTS EIGHT,0.6436,0.039,0.3174
HEARTS JACK HEARTS EIGHT,0.638,0.0246,0.3374
SPADES EIGHT DIAMONDS SIX,0.7874,0.054,0.1586
SPADES SEVEN DIAMONDS SIX,0.77,0.0688,0.1612
SPADES SIX DIAMONDS SIX,0.6674,0.1532,0.1794
SPADES KING HEARTS KING,0.1908,0.04,0.7692
SPADES QUEEN HEARTS KING,0.5428,0.0036,0.4536
CLUBS ACE CLUBS KING,0.5146,0.0052,0.4802
SPADES ACE HEARTS KING,0.5358,0.0032,0.461
SPADES ACE HEARTS JACK,0.5364,0.0022,0.4614
SPADES QUEEN HEARTS JACK,0.541,0.0096,0.4494
SPADES KING HEARTS JACK,0.5238,0.0048,0.4714
SPADES TEN DIAMONDS TEN,0.1782,0.1328,0.689
SPADES JACK DIAMONDS TEN,0.531,0.02,0.449
SPADES ACE DIAMONDS TEN,0.5248,0.0052,0.47
SPADES JACK HEARTS JACK,0.1886,0.099,0.7124
SPADES TEN HEARTS JACK,0.537,0.0224,0.4406
SPADES QUEEN DIAMONDS TEN,0.536,0.0154,0.4486
SPADES KING DIAMONDS TEN,0.5526,0.0056,0.4418
SPADES EIGHT DIAMONDS SEVEN,0.7854,0.0616,0.153
SPADES SEVEN DIAMONDS SEVEN,0.6674,0.1602,0.1724
SPADES SIX DIAMONDS SEVEN,0.7774,0.065,0.1576
DIAMONDS KING DIAMONDS SEVEN,0.643,0.0104,0.3466
HEARTS THREE DIAMONDS SEVEN,0.785,0.0676,0.1474
HEARTS KING DIAMONDS FIVE,0.6708,0.0106,0.3186
DIAMONDS QUEEN DIAMONDS SEVEN,0.6434,0.0188,0.3378
HEARTS TWO DIAMONDS SEVEN,0.7998,0.0678,0.1324
HEARTS QUEEN DIAMONDS FIVE,0.6868,0.0166,0.2966
HEARTS FIVE DIAMONDS SEVEN,0.7592,0.0712,0.1696
DIAMONDS ACE DIAMONDS SEVEN,0.6264,0.0042,0.3694
HEARTS FOUR DIAMONDS SEVEN,0.7568,0.0734,0.1698
HEARTS ACE DIAMONDS FIVE,0.6418,0.003,0.3552
HEARTS SEVEN DIAMONDS SEVEN,0.6634,0.154,0.1826
HEARTS SIX DIAMONDS SEVEN,0.7602,0.0654,0.1744
HEARTS NINE DIAMONDS SEVEN,0.8064,0.0658,0.1278
DIAMONDS SEVEN HEARTS EIGHT,0.7772,0.0628,0.16
DIAMONDS JACK DIAMONDS SEVEN,0.65,0.026,0.324
HEARTS JACK DIAMONDS FIVE,0.6792,0.0254,0.2954
DIAMONDS TEN DIAMONDS SEVEN,0.6274,0.036,0.3366
DIAMONDS FIVE HEARTS TEN,0.681,0.0378,0.2812
SPADES KING CLUBS TWO,0.6916,0.011,0.2974
HEARTS KING CLUBS KING,0.187,0.0366,0.7764
CLUBS EIGHT DIAMONDS SEVEN,0.7774,0.0594,0.1632
SPADES QUEEN CLUBS TWO,0.6746,0.018,0.3074
HEARTS KING CLUBS QUEEN,0.5452,0.0056,0.4492
SPADES TWO CLUBS JACK,0.697,0.0256,0.2774
SPADES ACE CLUBS TWO,0.6668,0.0038,0.3294
CLUBS TEN SPADES TWO,0.6808,0.0438,0.2754
HEARTS KING CLUBS ACE,0.5336,0.0042,0.4622
CLUBS SIX CLUBS SEVEN,0.7304,0.071,0.1986
SPADES TWO CLUBS KING,0.683,0.0144,0.3026
SPADES TWO DIAMONDS SEVEN,0.8088,0.0726,0.1186
CLUBS EIGHT CLUBS SIX,0.7532,0.0568,0.19
SPADES THREE DIAMONDS SEVEN,0.7838,0.0746,0.1416
SPADES TWO CLUBS QUEEN,0.6842,0.0176,0.2982
SPADES FOUR DIAMONDS SEVEN,0.7784,0.0666,0.155
HEARTS KING CLUBS JACK,0.5274,0.007,0.4656
SPADES FIVE DIAMONDS SEVEN,0.7674,0.0648,0.1678
SPADES TWO CLUBS ACE,0.6644,0.004,0.3316
CLUBS TEN HEARTS KING,0.5396,0.0054,0.455
CLUBS SIX SPADES TWO,0.7896,0.078,0.1324
CLUBS SIX SPADES THREE,0.7838,0.0706,0.1456
CLUBS TWO DIAMONDS SEVEN,0.8176,0.0668,0.1156
CLUBS SIX SPADES FOUR,0.7582,0.0808,0.161
CLUBS THREE DIAMONDS SEVEN,0.7836,0.0756,0.1408
CLUBS SIX SPADES FIVE,0.7478,0.0858,0.1664
CLUBS FOUR DIAMONDS SEVEN,0.7886,0.063,0.1484
CLUBS SIX SPADES SIX,0.6722,0.1558,0.172
CLUBS FIVE DIAMONDS SEVEN,0.7586,0.0718,0.1696
CLUBS SIX SPADES SEVEN,0.7696,0.07,0.1604
CLUBS SIX DIAMONDS SEVEN,0.7714,0.063,0.1656
CLUBS SIX SPADES EIGHT,0.7888,0.0568,0.1544
SPADES JACK CLUBS TWO,0.6826,0.0294,0.288
SPADES TEN CLUBS TWO,0.7066,0.0378,0.2556
CLUBS SEVEN DIAMONDS SEVEN,0.6548,0.165,0.1802
CLUBS TWO CLUBS QUEEN,0.652,0.019,0.329
CLUBS TWO CLUBS KING,0.6486,0.0102,0.3412
CLUBS THREE DIAMONDS EIGHT,0.8144,0.063,0.1226
CLUBS TWO CLUBS ACE,0.6252,0.0056,0.3692
CLUBS TWO DIAMONDS EIGHT,0.8052,0.0622,0.1326
DIAMONDS EIGHT HEARTS SEVEN,0.7678,0.0596,0.1726
HEARTS SIX DIAMONDS EIGHT,0.784,0.059,0.157
DIAMONDS EIGHT HEARTS NINE,0.7952,0.0614,0.1434
CLUBS TEN CLUBS TWO,0.6494,0.0378,0.3128
DIAMONDS EIGHT HEARTS EIGHT,0.6438,0.17,0.1862
CLUBS TWO CLUBS JACK,0.6628,0.0268,0.3104
CLUBS EIGHT DIAMONDS EIGHT,0.6598,0.1578,0.1824
CLUBS FIVE DIAMONDS EIGHT,0.7792,0.0618,0.159
SPADES ACE SPADES THREE,0.6198,0.0046,0.3756
CLUBS FOUR DIAMONDS EIGHT,0.7878,0.0612,0.151
SPADES QUEEN SPADES THREE,0.6606,0.0184,0.321
CLUBS SEVEN DIAMONDS EIGHT,0.7764,0.0592,0.1644
CLUBS SIX DIAMONDS EIGHT,0.792,0.054,0.154
SPADES KING SPADES THREE,0.6474,0.0094,0.3432
DIAMONDS QUEEN DIAMONDS EIGHT,0.6442,0.0166,0.3392
HEARTS TWO DIAMONDS EIGHT,0.806,0.0644,0.1296
DIAMONDS KING DIAMONDS EIGHT,0.6346,0.0082,0.3572
HEARTS THREE DIAMONDS EIGHT,0.7982,0.0634,0.1384
DIAMONDS ACE DIAMONDS EIGHT,0.6176,0.004,0.3784
HEARTS FOUR DIAMONDS EIGHT,0.7826,0.0604,0.157
HEARTS FIVE DIAMONDS EIGHT,0.7812,0.0616,0.1572
DIAMONDS EIGHT DIAMONDS TEN,0.6282,0.041,0.3308
DIAMONDS EIGHT DIAMONDS JACK,0.6384,0.026,0.3356
SPADES JACK SPADES THREE,0.6404,0.0302,0.3294
SPADES TEN SPADES THREE,0.6568,0.0388,0.3044
CLUBS FOUR HEARTS ACE,0.6562,0.0042,0.3396
CLUBS FOUR HEARTS QUEEN,0.6828,0.0204,0.2968
CLUBS FOUR HEARTS KING,0.672,0.0082,0.3198
CLUBS SIX HEARTS TEN,0.6868,0.0378,0.2754
CLUBS SIX HEARTS JACK,0.6892,0.0274,0.2834
SPADES FOUR DIAMONDS EIGHT,0.7942,0.0556,0.1502
SPADES FIVE DIAMONDS EIGHT,0.7684,0.066,0.1656
DIAMONDS EIGHT SPADES TWO,0.8076,0.0608,0.1316
DIAMONDS EIGHT SPADES THREE,0.803,0.06,0.137
CLUBS FOUR HEARTS JACK,0.6818,0.0308,0.2874
SPADES EIGHT DIAMONDS EIGHT,0.6624,0.1652,0.1724
SPADES TEN DIAMONDS QUEEN,0.544,0.0138,0.4422
SPADES TEN HEARTS TWO,0.6832,0.0414,0.2754
SPADES JACK HEARTS EIGHT,0.6738,0.0296,0.2966
CLUBS FOUR HEARTS TEN,0.7126,0.0378,0.2496
SPADES TEN HEARTS EIGHT,0.6676,0.0366,0.2958
SPADES JACK HEARTS TWO,0.688,0.0262,0.2858
SPADES JACK DIAMONDS QUEEN,0.5392,0.0102,0.4506
SPADES SIX DIAMONDS EIGHT,0.7824,0.0602,0.1574
SPADES SEVEN DIAMONDS EIGHT,0.7872,0.0636,0.1492
SPADES ACE HEARTS TWO,0.655,0.0048,0.3402
SPADES ACE DIAMONDS QUEEN,0.534,0.003,0.463
SPADES ACE HEARTS EIGHT,0.6614,0.004,0.3346
SPADES KING HEARTS EIGHT,0.6848,0.0086,0.3066
SPADES QUEEN HEARTS TWO,0.6758,0.0198,0.3044
SPADES QUEEN DIAMONDS QUEEN,0.1878,0.0652,0.747
SPADES KING DIAMONDS QUEEN,0.5536,0.0058,0.4406
SPADES KING HEARTS TWO,0.6804,0.0076,0.312
SPADES QUEEN HEARTS EIGHT,0.6852,0.0184,0.2964
CLUBS TWO HEARTS TEN,0.696,0.0436,0.2604
CLUBS TWO HEARTS JACK,0.6892,0.03,0.2808
SPADES SEVEN DIAMONDS NINE,0.8154,0.0686,0.116
SPADES SIX DIAMONDS NINE,0.8172,0.0696,0.1132
SPADES EIGHT DIAMONDS NINE,0.787,0.0666,0.1464
SPADES TEN CLUBS KING,0.5462,0.0112,0.4426
DIAMONDS NINE SPADES THREE,0.8544,0.0684,0.0772
SPADES JACK CLUBS KING,0.5298,0.0064,0.4638
DIAMONDS NINE SPADES TWO,0.8582,0.0736,0.0682
SPADES FIVE DIAMONDS NINE,0.8308,0.0738,0.0954
DIAMONDS NINE SPADES FOUR,0.8548,0.0668,0.0784
CLUBS EIGHT DIAMONDS NINE,0.8024,0.0608,0.1368
CLUBS SIX DIAMONDS NINE,0.8298,0.0682,0.102
SPADES JACK CLUBS FOUR,0.69,0.0268,0.2832
SPADES TEN CLUBS FOUR,0.698,0.041,0.261
CLUBS SEVEN DIAMONDS NINE,0.809,0.0652,0.1258
CLUBS FOUR DIAMONDS NINE,0.8586,0.0716,0.0698
CLUBS FIVE DIAMONDS NINE,0.8388,0.0684,0.0928
CLUBS TWO DIAMONDS NINE,0.8606,0.0718,0.0676
CLUBS THREE DIAMONDS NINE,0.8454,0.0762,0.0784
DIAMONDS NINE HEARTS EIGHT,0.788,0.064,0.148
DIAMONDS NINE HEARTS NINE,0.019,0.9586,0.0224
HEARTS SIX DIAMONDS NINE,0.8112,0.0706,0.1182
DIAMONDS NINE HEARTS SEVEN,0.8056,0.0596,0.1348
DIAMONDS ACE DIAMONDS NINE,0.631,0.0236,0.3454
HEARTS FOUR DIAMONDS NINE,0.8426,0.0672,0.0902
HEARTS FIVE DIAMONDS NINE,0.8216,0.0718,0.1066
CLUBS TWO HEARTS ACE,0.6604,0.0038,0.3358
SPADES ACE CLUBS FOUR,0.6532,0.004,0.3428
DIAMONDS QUEEN DIAMONDS NINE,0.626,0.0278,0.3462
HEARTS TWO DIAMONDS NINE,0.846,0.0756,0.0784
CLUBS TWO HEARTS KING,0.6834,0.0084,0.3082
SPADES KING CLUBS FOUR,0.6834,0.0102,0.3064
DIAMONDS KING DIAMONDS NINE,0.638,0.0232,0.3388
HEARTS THREE DIAMONDS NINE,0.8402,0.0758,0.084
CLUBS TWO HEARTS QUEEN,0.687,0.0208,0.2922
SPADES QUEEN CLUBS FOUR,0.694,0.0184,0.2876
DIAMONDS NINE DIAMONDS JACK,0.6062,0.0322,0.3616
DIAMONDS NINE DIAMONDS TEN,0.6036,0.0352,0.3612
CLUBS EIGHT SPADES EIGHT,0.6662,0.1654,0.1684
CLUBS EIGHT SPADES SEVEN,0.7954,0.0576,0.147
CLUBS EIGHT SPADES SIX,0.7916,0.058,0.1504
CLUBS EIGHT SPADES FIVE,0.7806,0.0652,0.1542
CLUBS EIGHT SPADES FOUR,0.8006,0.063,0.1364
CLUBS EIGHT SPADES THREE,0.8162,0.0656,0.1182
CLUBS EIGHT SPADES TWO,0.8168,0.0586,0.1246
HEARTS SIX DIAMONDS TEN,0.6802,0.0354,0.2844
DIAMONDS TEN HEARTS SEVEN,0.674,0.0378,0.2882
DIAMONDS TEN HEARTS EIGHT,0.6628,0.0338,0.3034
CLUBS FOUR CLUBS JACK,0.6492,0.028,0.3228
DIAMONDS TEN HEARTS NINE,0.6304,0.0428,0.3268
CLUBS TEN CLUBS FOUR,0.6556,0.0406,0.3038
CLUBS FOUR CLUBS KING,0.6488,0.0108,0.3404
CLUBS FOUR CLUBS QUEEN,0.6512,0.0166,0.3322
CLUBS TWO DIAMONDS TEN,0.6898,0.0402,0.27
CLUBS THREE DIAMONDS TEN,0.678,0.0412,0.2808
CLUBS FOUR CLUBS ACE,0.6238,0.0046,0.3716
DIAMONDS JACK DIAMONDS TEN,0.5044,0.0234,0.4722
DIAMONDS QUEEN DIAMONDS TEN,0.5124,0.0116,0.476
HEARTS TWO DIAMONDS TEN,0.6934,0.0376,0.269
DIAMONDS KING DIAMONDS TEN,0.5044,0.0052,0.4904
HEARTS THREE DIAMONDS TEN,0.6912,0.0384,0.2704
DIAMONDS ACE DIAMONDS TEN,0.5078,0.0038,0.4884
HEARTS FOUR DIAMONDS TEN,0.6824,0.037,0.2806
CLUBS EIGHT HEARTS JACK,0.6742,0.026,0.2998
HEARTS FIVE DIAMONDS TEN,0.6758,0.039,0.2852
CLUBS EIGHT HEARTS TEN,0.664,0.0438,0.2922
CLUBS EIGHT HEARTS QUEEN,0.6928,0.0178,0.2894
CLUBS EIGHT HEARTS KING,0.6984,0.0086,0.293
CLUBS EIGHT HEARTS ACE,0.6582,0.0048,0.337
CLUBS TEN HEARTS EIGHT,0.6762,0.0372,0.2866
CLUBS JACK HEARTS EIGHT,0.6618,0.0328,0.3054
CLUBS QUEEN HEARTS EIGHT,0.6782,0.0178,0.304
CLUBS KING HEARTS EIGHT,0.6736,0.0106,0.3158
CLUBS ACE HEARTS EIGHT,0.6668,0.0028,0.3304
SPADES KING CLUBS KING,0.1848,0.0362,0.779
SPADES QUEEN CLUBS KING,0.5456,0.006,0.4484
SPADES ACE CLUBS KING,0.5378,0.004,0.4582
DIAMONDS ACE HEARTS TEN,0.5494,0.0024,0.4482
HEARTS FOUR HEARTS TEN,0.6534,0.0342,0.3124
DIAMONDS ACE HEARTS JACK,0.5394,0.0028,0.4578
HEARTS FOUR HEARTS JACK,0.6474,0.0298,0.3228
SPADES KING CLUBS FIVE,0.686,0.01,0.304
SPADES QUEEN CLUBS FIVE,0.6774,0.0178,0.3048
SPADES ACE CLUBS FIVE,0.6464,0.004,0.3496
DIAMONDS JACK HEARTS SEVEN,0.6866,0.0278,0.2856
HEARTS SIX DIAMONDS JACK,0.6896,0.0222,0.2882
DIAMONDS JACK HEARTS NINE,0.6376,0.029,0.3334
DIAMONDS JACK HEARTS EIGHT,0.6702,0.0286,0.3012
DIAMONDS KING DIAMONDS JACK,0.505,0.0038,0.4912
HEARTS THREE DIAMONDS JACK,0.678,0.0268,0.2952
SPADES ACE SPADES SIX,0.6374,0.0036,0.359
SPADES FOUR HEARTS ACE,0.665,0.003,0.332
DIAMONDS QUEEN DIAMONDS JACK,0.5196,0.0086,0.4718
HEARTS TWO DIAMONDS JACK,0.7038,0.0298,0.2664
HEARTS FIVE DIAMONDS JACK,0.6834,0.0286,0.288
SPADES QUEEN SPADES SIX,0.6572,0.019,0.3238
SPADES FOUR HEARTS QUEEN,0.6822,0.0162,0.3016
DIAMONDS ACE DIAMONDS JACK,0.518,0.0018,0.4802
HEARTS FOUR DIAMONDS JACK,0.6818,0.027,0.2912
SPADES KING SPADES SIX,0.6576,0.0124,0.33
HEARTS KING SPADES FOUR,0.6946,0.011,0.2944
SPADES TEN SPADES SIX,0.645,0.0426,0.3124
SPADES JACK SPADES SIX,0.659,0.0262,0.3148
SPADES FOUR DIAMONDS JACK,0.6992,0.0262,0.2746
SPADES FIVE DIAMONDS JACK,0.6848,0.0298,0.2854
DIAMONDS JACK SPADES TWO,0.6968,0.0286,0.2746
SPADES THREE DIAMONDS JACK,0.691,0.029,0.28
SPADES ACE DIAMONDS THREE,0.639,0.0024,0.3586
SPADES QUEEN DIAMONDS THREE,0.6882,0.0154,0.2964
CLUBS EIGHT DIAMONDS JACK,0.675,0.0304,0.2946
SPADES KING DIAMONDS THREE,0.6774,0.0106,0.312
CLUBS SIX DIAMONDS JACK,0.6858,0.0264,0.2878
CLUBS SEVEN DIAMONDS JACK,0.6786,0.03,0.2914
CLUBS FOUR DIAMONDS JACK,0.6932,0.0284,0.2784
CLUBS FIVE DIAMONDS JACK,0.6824,0.025,0.2926
CLUBS TWO DIAMONDS JACK,0.6918,0.0246,0.2836
CLUBS THREE DIAMONDS JACK,0.691,0.0246,0.2844
SPADES TEN CLUBS FIVE,0.6876,0.046,0.2664
HEARTS SIX SPADES JACK,0.6818,0.0312,0.287
HEARTS SIX SPADES TEN,0.6752,0.0372,0.2876
SPADES JACK CLUBS FIVE,0.686,0.0264,0.2876
SPADES JACK DIAMONDS THREE,0.6778,0.0302,0.292
CLUBS SEVEN CLUBS ACE,0.6438,0.004,0.3522
DIAMONDS THREE SPADES TEN,0.6824,0.0376,0.28
CLUBS SEVEN CLUBS QUEEN,0.6542,0.0172,0.3286
CLUBS SEVEN CLUBS KING,0.6342,0.0106,0.3552
CLUBS TEN CLUBS SEVEN,0.6568,0.0384,0.3048
DIAMONDS ACE HEARTS ACE,0.1958,0.0024,0.8018
HEARTS FOUR HEARTS ACE,0.625,0.0046,0.3704
SPADES EIGHT DIAMONDS JACK,0.6832,0.0304,0.2864
SPADES ACE HEARTS SIX,0.667,0.0038,0.3292
CLUBS SEVEN CLUBS JACK,0.6566,0.0272,0.3162
DIAMONDS ACE HEARTS KING,0.5362,0.003,0.4608
HEARTS FOUR HEARTS KING,0.6272,0.0084,0.3644
SPADES SEVEN DIAMONDS JACK,0.6894,0.0278,0.2828
SPADES KING HEARTS SIX,0.6806,0.009,0.3104
DIAMONDS ACE HEARTS QUEEN,0.5414,0.004,0.4546
HEARTS FOUR HEARTS QUEEN,0.6462,0.0192,0.3346
SPADES SIX DIAMONDS JACK,0.6744,0.0274,0.2982
SPADES QUEEN HEARTS SIX,0.6782,0.0154,0.3064
SPADES TWO DIAMONDS TEN,0.7026,0.0366,0.2608
SPADES THREE DIAMONDS TEN,0.6806,0.0404,0.279
SPADES FOUR DIAMONDS TEN,0.6864,0.0444,0.2692
SPADES FIVE DIAMONDS TEN,0.6918,0.0386,0.2696
SPADES SIX DIAMONDS TEN,0.69,0.038,0.272
SPADES SEVEN DIAMONDS TEN,0.6836,0.0384,0.278
SPADES EIGHT DIAMONDS TEN,0.6726,0.0456,0.2818
CLUBS FOUR DIAMONDS TEN,0.6818,0.0428,0.2754
CLUBS FIVE DIAMONDS TEN,0.7028,0.0408,0.2564
CLUBS SIX DIAMONDS TEN,0.6854,0.0376,0.277
CLUBS SEVEN DIAMONDS TEN,0.6968,0.0376,0.2656
CLUBS EIGHT DIAMONDS TEN,0.6644,0.0422,0.2934
DIAMONDS THREE CLUBS JACK,0.6764,0.0298,0.2938
CLUBS TEN DIAMONDS THREE,0.6772,0.038,0.2848
DIAMONDS THREE CLUBS KING,0.6808,0.0104,0.3088
DIAMONDS THREE CLUBS QUEEN,0.6772,0.0174,0.3054
DIAMONDS THREE CLUBS ACE,0.639,0.0044,0.3566
SPADES FOUR HEARTS JACK,0.6966,0.027,0.2764
SPADES FOUR HEARTS TEN,0.6868,0.041,0.2722
SPADES FIVE SPADES TWO,0.7426,0.0778,0.1796
SPADES FOUR SPADES TWO,0.7516,0.08,0.1684
SPADES THREE SPADES TWO,0.7464,0.084,0.1696
SPADES EIGHT SPADES TWO,0.7784,0.0596,0.162
SPADES SEVEN SPADES TWO,0.7768,0.0664,0.1568
SPADES SIX SPADES TWO,0.7546,0.0762,0.1692
DIAMONDS QUEEN CLUBS THREE,0.6976,0.0172,0.2852
HEARTS TWO CLUBS THREE,0.7694,0.0848,0.1458
DIAMONDS QUEEN CLUBS TWO,0.6854,0.019,0.2956
CLUBS TWO HEARTS TWO,0.6676,0.152,0.1804
DIAMONDS QUEEN HEARTS SEVEN,0.6876,0.016,0.2964
HEARTS TWO HEARTS SEVEN,0.7482,0.0688,0.183
HEARTS SIX DIAMONDS QUEEN,0.6776,0.0152,0.3072
HEARTS SIX HEARTS TWO,0.7416,0.078,0.1804
DIAMONDS QUEEN HEARTS NINE,0.6668,0.022,0.3112
HEARTS TWO HEARTS NINE,0.7974,0.0756,0.127
DIAMONDS QUEEN HEARTS EIGHT,0.6746,0.015,0.3104
HEARTS TWO HEARTS EIGHT,0.759,0.0598,0.1812
CLUBS EIGHT HEARTS TWO,0.8142,0.061,0.1248
CLUBS EIGHT DIAMONDS QUEEN,0.6834,0.0174,0.2992
CLUBS FIVE DIAMONDS QUEEN,0.6814,0.0214,0.2972
CLUBS FIVE HEARTS TWO,0.7654,0.083,0.1516
SPADES EIGHT HEARTS ACE,0.6696,0.0044,0.326
CLUBS FOUR DIAMONDS QUEEN,0.6926,0.0188,0.2886
CLUBS FOUR HEARTS TWO,0.769,0.0912,0.1398
SPADES EIGHT HEARTS QUEEN,0.68,0.0192,0.3008
CLUBS SEVEN HEARTS TWO,0.806,0.069,0.125
CLUBS SEVEN DIAMONDS QUEEN,0.6936,0.0214,0.285
CLUBS SIX DIAMONDS QUEEN,0.6842,0.0172,0.2986
CLUBS SIX HEARTS TWO,0.7916,0.083,0.1254
SPADES EIGHT HEARTS KING,0.6912,0.009,0.2998
DIAMONDS QUEEN SPADES SIX,0.6844,0.0182,0.2974
HEARTS TWO SPADES SIX,0.7896,0.075,0.1354
HEARTS FOUR CLUBS QUEEN,0.68,0.0188,0.3012
DIAMONDS ACE CLUBS QUEEN,0.5384,0.0038,0.4578
DIAMONDS QUEEN SPADES SEVEN,0.679,0.021,0.3
SPADES SEVEN HEARTS TWO,0.8104,0.0698,0.1198
HEARTS FOUR CLUBS KING,0.6744,0.0098,0.3158
DIAMONDS ACE CLUBS KING,0.534,0.003,0.463
SPADES EIGHT DIAMONDS QUEEN,0.6884,0.0166,0.295
SPADES EIGHT HEARTS TWO,0.8206,0.0572,0.1222
HEARTS FOUR CLUBS ACE,0.6568,0.0044,0.3388
DIAMONDS ACE CLUBS ACE,0.1914,0.0032,0.8054
HEARTS TWO SPADES TWO,0.6618,0.1494,0.1888
DIAMONDS QUEEN SPADES TWO,0.6922,0.02,0.2878
HEARTS TWO SPADES THREE,0.7834,0.0822,0.1344
DIAMONDS QUEEN SPADES THREE,0.6924,0.0214,0.2862
HEARTS TWO SPADES FOUR,0.7784,0.0786,0.143
DIAMONDS QUEEN SPADES FOUR,0.6904,0.0204,0.2892
HEARTS FOUR CLUBS TEN,0.683,0.0376,0.2794
CLUBS TEN DIAMONDS ACE,0.5378,0.0028,0.4594
HEARTS TWO SPADES FIVE,0.7642,0.084,0.1518
DIAMONDS QUEEN SPADES FIVE,0.6834,0.017,0.2996
HEARTS FOUR CLUBS JACK,0.7004,0.0292,0.2704
DIAMONDS ACE CLUBS JACK,0.5426,0.0032,0.4542
CLUBS FIVE CLUBS KING,0.6424,0.009,0.3486
CLUBS FIVE CLUBS QUEEN,0.6508,0.0162,0.333
CLUBS FIVE CLUBS ACE,0.6178,0.0038,0.3784
CLUBS FIVE CLUBS JACK,0.6538,0.0268,0.3194
CLUBS TEN CLUBS FIVE,0.6442,0.0422,0.3136
SPADES KING CLUBS JACK,0.532,0.0062,0.4618
SPADES QUEEN CLUBS JACK,0.535,0.0114,0.4536
SPADES ACE CLUBS JACK,0.5274,0.0046,0.468
SPADES SIX CLUBS KING,0.6674,0.0092,0.3234
SPADES SIX CLUBS QUEEN,0.6984,0.0196,0.282
SPADES EIGHT HEARTS JACK,0.684,0.0254,0.2906
SPADES SIX CLUBS ACE,0.6692,0.0044,0.3264
SPADES EIGHT HEARTS TEN,0.6782,0.0394,0.2824
SPADES SIX CLUBS JACK,0.6806,0.0292,0.2902
CLUBS TEN SPADES SIX,0.6766,0.0458,0.2776
SPADES TEN CLUBS JACK,0.541,0.0226,0.4364
SPADES JACK CLUBS JACK,0.1718,0.0928,0.7354
SPADES QUEEN CLUBS SEVEN,0.6862,0.0164,0.2974
SPADES KING CLUBS SEVEN,0.6902,0.0108,0.299
SPADES ACE CLUBS SEVEN,0.674,0.0042,0.3218
SPADES SIX HEARTS TEN,0.6872,0.0394,0.2734
SPADES SIX HEARTS JACK,0.685,0.028,0.287
SPADES SIX HEARTS ACE,0.671,0.0034,0.3256
SPADES SIX HEARTS KING,0.6652,0.0088,0.326
SPADES SIX HEARTS QUEEN,0.6964,0.0192,0.2844
SPADES JACK CLUBS SEVEN,0.6826,0.028,0.2894
CLUBS SEVEN SPADES TEN,0.6852,0.0404,0.2744
CLUBS TEN HEARTS SIX,0.6788,0.0402,0.281
HEARTS SIX CLUBS JACK,0.6968,0.0242,0.279
CLUBS ACE CLUBS JACK,0.512,0.0056,0.4824
HEARTS SIX CLUBS QUEEN,0.6742,0.0166,0.3092
HEARTS SIX CLUBS KING,0.6768,0.0078,0.3154
HEARTS SIX CLUBS ACE,0.661,0.0028,0.3362
CLUBS QUEEN CLUBS JACK,0.511,0.0096,0.4794
CLUBS KING CLUBS JACK,0.5328,0.0066,0.4606
DIAMONDS THREE HEARTS ACE,0.6432,0.0042,0.3526
DIAMONDS THREE HEARTS QUEEN,0.6824,0.0146,0.303
DIAMONDS THREE HEARTS KING,0.672,0.0084,0.3196
CLUBS FIVE HEARTS JACK,0.6866,0.027,0.2864
SPADES TEN DIAMONDS ACE,0.5444,0.0034,0.4522
HEARTS FOUR SPADES TEN,0.6762,0.0432,0.2806
CLUBS FIVE HEARTS TEN,0.6912,0.0398,0.269
HEARTS FOUR SPADES JACK,0.6908,0.0282,0.281
SPADES JACK DIAMONDS ACE,0.533,0.0036,0.4634
SPADES ACE HEARTS FOUR,0.6522,0.0034,0.3444
SPADES ACE DIAMONDS ACE,0.1808,0.0022,0.817
CLUBS FIVE HEARTS ACE,0.6504,0.0054,0.3442
CLUBS FIVE HEARTS KING,0.6756,0.0104,0.314
HEARTS FOUR SPADES QUEEN,0.6836,0.0194,0.297
SPADES QUEEN DIAMONDS ACE,0.5432,0.0036,0.4532
SPADES FOUR CLUBS JACK,0.6984,0.027,0.2746
CLUBS FIVE HEARTS QUEEN,0.6798,0.0184,0.3018
SPADES KING DIAMONDS ACE,0.532,0.0044,0.4636
HEARTS FOUR SPADES KING,0.6696,0.0108,0.3196
CLUBS TEN SPADES FOUR,0.6898,0.0388,0.2714
DIAMONDS QUEEN DIAMONDS ACE,0.5032,0.0044,0.4924
HEARTS TWO DIAMONDS ACE,0.6562,0.0032,0.3406
HEARTS FOUR DIAMONDS QUEEN,0.6956,0.0164,0.288
HEARTS FOUR HEARTS TWO,0.7318,0.0802,0.188
DIAMONDS THREE HEARTS TEN,0.6932,0.0392,0.2676
SPADES FOUR CLUBS KING,0.6782,0.0098,0.312
HEARTS FIVE DIAMONDS QUEEN,0.669,0.0154,0.3156
HEARTS FIVE HEARTS TWO,0.7314,0.0784,0.1902
DIAMONDS THREE HEARTS JACK,0.6928,0.024,0.2832
SPADES FOUR CLUBS QUEEN,0.6962,0.0182,0.2856
DIAMONDS QUEEN HEARTS TWO,0.6774,0.0188,0.3038
DIAMONDS KING DIAMONDS QUEEN,0.5106,0.0038,0.4856
DIAMONDS KING HEARTS TWO,0.685,0.0096,0.3054
HEARTS THREE DIAMONDS QUEEN,0.6958,0.017,0.2872
HEARTS THREE HEARTS TWO,0.7272,0.0772,0.1956
SPADES FOUR CLUBS ACE,0.6586,0.0064,0.335
HEARTS TWO CLUBS ACE,0.6506,0.0044,0.345
DIAMONDS QUEEN CLUBS ACE,0.5458,0.0046,0.4496
HEARTS TWO CLUBS QUEEN,0.6876,0.0142,0.2982
DIAMONDS QUEEN CLUBS QUEEN,0.1788,0.0668,0.7544
HEARTS TWO CLUBS KING,0.6832,0.0076,0.3092
DIAMONDS QUEEN CLUBS KING,0.5364,0.0052,0.4584
SPADES EIGHT SPADES FIVE,0.7582,0.0598,0.182
CLUBS TEN HEARTS TWO,0.6852,0.046,0.2688
CLUBS TEN DIAMONDS QUEEN,0.5544,0.0128,0.4328
HEARTS TWO CLUBS JACK,0.6908,0.029,0.2802
DIAMONDS QUEEN CLUBS JACK,0.5422,0.0104,0.4474
SPADES SIX SPADES FIVE,0.721,0.0728,0.2062
SPADES SEVEN SPADES FIVE,0.7356,0.0726,0.1918
DIAMONDS FIVE CLUBS QUEEN,0.6746,0.0184,0.307
SPADES EIGHT CLUBS ACE,0.6796,0.0046,0.3158
DIAMONDS FIVE CLUBS KING,0.6674,0.008,0.3246
SPADES EIGHT CLUBS KING,0.6816,0.012,0.3064
CLUBS ACE DIAMONDS FIVE,0.6438,0.0046,0.3516
SPADES EIGHT CLUBS QUEEN,0.673,0.0224,0.3046
SPADES EIGHT CLUBS JACK,0.682,0.0274,0.2906
CLUBS TEN SPADES EIGHT,0.6762,0.0366,0.2872
CLUBS TEN DIAMONDS FIVE,0.6682,0.0372,0.2946
DIAMONDS FIVE CLUBS JACK,0.6784,0.033,0.2886
HEARTS JACK DIAMONDS TEN,0.5374,0.0178,0.4448
DIAMONDS TEN HEARTS TEN,0.1894,0.1332,0.6774
HEARTS SIX HEARTS KING,0.6388,0.0096,0.3516
DIAMONDS KING SPADES SEVEN,0.6722,0.0064,0.3214
HEARTS THREE SPADES SEVEN,0.7838,0.0724,0.1438
SPADES KING DIAMONDS SEVEN,0.676,0.0086,0.3154
HEARTS SIX HEARTS QUEEN,0.6428,0.0156,0.3416
DIAMONDS KING SPADES SIX,0.6838,0.0078,0.3084
HEARTS THREE SPADES SIX,0.7684,0.0738,0.1578
SPADES QUEEN DIAMONDS SEVEN,0.6784,0.0176,0.304
HEARTS SIX HEARTS ACE,0.6374,0.0028,0.3598
