opposingHand,winningChance,drawChance,lostChance
CLUBS TEN HEARTS KING
HEARTS FIVE SPADES TEN,0.735,0.0382,0.2268
SPADES JACK HEARTS FIVE,0.6504,0.0052,0.3444
CLUBS JACK SPADES FIVE,0.6504,0.0036,0.346
CLUBS JACK CLUBS EIGHT,0.6098,0.0082,0.382
CLUBS EIGHT CLUBS KING,0.6162,0.1176,0.2662
SPADES FIVE CLUBS ACE,0.4082,0.0056,0.5862
CLUBS EIGHT CLUBS QUEEN,0.6166,0.0066,0.3768
SPADES FIVE CLUBS KING,0.6344,0.122,0.2436
SPADES FIVE CLUBS QUEEN,0.6486,0.008,0.3434
CLUBS EIGHT CLUBS ACE,0.405,0.0064,0.5886
DIAMONDS TWO DIAMONDS THREE,0.6034,0.0076,0.389
DIAMONDS TWO DIAMONDS FIVE,0.5932,0.0062,0.4006
SPADES KING HEARTS FIVE,0.648,0.1246,0.2274
DIAMONDS TWO DIAMONDS FOUR,0.6074,0.007,0.3856
SPADES QUEEN HEARTS FIVE,0.6538,0.0068,0.3394
DIAMONDS TWO DIAMONDS SEVEN,0.6288,0.0054,0.3658
DIAMONDS TWO DIAMONDS SIX,0.628,0.0064,0.3656
SPADES ACE HEARTS FIVE,0.4262,0.0036,0.5702
DIAMONDS TWO DIAMONDS NINE,0.6378,0.0074,0.3548
DIAMONDS TWO DIAMONDS EIGHT,0.6304,0.0058,0.3638
DIAMONDS THREE DIAMONDS FOUR,0.5994,0.0072,0.3934
CLUBS TWO SPADES FOUR,0.6526,0.0082,0.3392
DIAMONDS THREE DIAMONDS FIVE,0.5954,0.0072,0.3974
SPADES FIVE CLUBS TWO,0.6392,0.0104,0.3504
CLUBS TWO SPADES TWO,0.4736,0.0106,0.5158
CLUBS TWO SPADES THREE,0.6484,0.0098,0.3418
DIAMONDS THREE DIAMONDS EIGHT,0.6232,0.007,0.3698
SPADES EIGHT CLUBS TWO,0.6846,0.0082,0.3072
DIAMONDS THREE DIAMONDS NINE,0.6286,0.0064,0.365
SPADES NINE CLUBS TWO,0.6834,0.0074,0.3092
DIAMONDS THREE DIAMONDS SIX,0.6116,0.0068,0.3816
SPADES SIX CLUBS TWO,0.6742,0.0072,0.3186
DIAMONDS THREE DIAMONDS SEVEN,0.6168,0.0076,0.3756
SPADES SEVEN CLUBS TWO,0.676,0.007,0.317
CLUBS SIX CLUBS TWO,0.6392,0.007,0.3538
CLUBS SEVEN CLUBS TWO,0.6362,0.0068,0.357
CLUBS FOUR CLUBS TWO,0.6288,0.0098,0.3614
CLUBS FIVE CLUBS TWO,0.6232,0.0108,0.366
DIAMONDS FOUR DIAMONDS SIX,0.5966,0.007,0.3964
DIAMONDS FOUR DIAMONDS SEVEN,0.6042,0.0082,0.3876
CLUBS EIGHT CLUBS TWO,0.6442,0.009,0.3468
DIAMONDS FIVE DIAMONDS FOUR,0.583,0.0068,0.4102
CLUBS NINE CLUBS TWO,0.6482,0.0046,0.3472
DIAMONDS NINE DIAMONDS FOUR,0.6406,0.0054,0.354
DIAMONDS EIGHT DIAMONDS FOUR,0.6214,0.005,0.3736
CLUBS THREE CLUBS TWO,0.6368,0.0088,0.3544
DIAMONDS NINE DIAMONDS FIVE,0.6192,0.0058,0.375
CLUBS JACK DIAMONDS TWO,0.6598,0.007,0.3332
DIAMONDS EIGHT DIAMONDS FIVE,0.6098,0.0068,0.3834
DIAMONDS FIVE DIAMONDS SEVEN,0.591,0.0062,0.4028
DIAMONDS FIVE DIAMONDS SIX,0.5866,0.0072,0.4062
DIAMONDS TWO CLUBS ACE,0.4142,0.007,0.5788
DIAMONDS TWO CLUBS KING,0.647,0.1262,0.2268
DIAMONDS TWO CLUBS QUEEN,0.654,0.0072,0.3388
DIAMONDS EIGHT DIAMONDS SIX,0.595,0.0038,0.4012
DIAMONDS NINE DIAMONDS SIX,0.6192,0.0052,0.3756
HEARTS ACE SPADES THREE,0.4182,0.007,0.5748
DIAMONDS SEVEN DIAMONDS SIX,0.5782,0.0046,0.4172
SPADES THREE HEARTS QUEEN,0.6562,0.0064,0.3374
HEARTS JACK SPADES THREE,0.6558,0.0068,0.3374
SPADES THREE HEARTS TEN,0.7378,0.0392,0.223
DIAMONDS EIGHT DIAMONDS SEVEN,0.5736,0.0074,0.419
DIAMONDS NINE DIAMONDS SEVEN,0.5934,0.007,0.3996
DIAMONDS NINE DIAMONDS EIGHT,0.594,0.0074,0.3986
DIAMONDS KING HEARTS TEN,0.0154,0.9712,0.0134
HEARTS THREE HEARTS TEN,0.703,0.033,0.264
SPADES JACK CLUBS SIX,0.6598,0.0076,0.3326
DIAMONDS KING HEARTS JACK,0.2476,0.0856,0.6668
HEARTS THREE HEARTS JACK,0.6132,0.0082,0.3786
SPADES TEN CLUBS SIX,0.7276,0.0318,0.2406
SPADES JACK SPADES FIVE,0.6124,0.005,0.3826
SPADES TEN SPADES FIVE,0.6952,0.0332,0.2716
DIAMONDS KING HEARTS ACE,0.2508,0.0106,0.7386
HEARTS THREE HEARTS ACE,0.393,0.0056,0.6014
SPADES ACE CLUBS SIX,0.4238,0.0044,0.5718
DIAMONDS KING HEARTS QUEEN,0.2512,0.059,0.6898
HEARTS THREE HEARTS QUEEN,0.6222,0.0078,0.37
SPADES KING CLUBS SIX,0.6592,0.1162,0.2246
SPADES QUEEN CLUBS SIX,0.6696,0.0056,0.3248
SPADES NINE HEARTS TEN,0.6972,0.0362,0.2666
SPADES NINE HEARTS JACK,0.6422,0.007,0.3508
SPADES QUEEN SPADES FIVE,0.6016,0.008,0.3904
SPADES KING SPADES FIVE,0.6106,0.1084,0.281
SPADES ACE SPADES FIVE,0.3992,0.0056,0.5952
SPADES NINE HEARTS QUEEN,0.6294,0.006,0.3646
SPADES NINE HEARTS ACE,0.4158,0.0056,0.5786
SPADES FIVE HEARTS QUEEN,0.6618,0.006,0.3322
HEARTS ACE SPADES FIVE,0.414,0.0052,0.5808
CLUBS EIGHT SPADES TEN,0.728,0.0326,0.2394
HEARTS THREE SPADES JACK,0.6646,0.0074,0.328
SPADES JACK DIAMONDS KING,0.2302,0.089,0.6808
SPADES TEN DIAMONDS KING,0.0202,0.9574,0.0224
HEARTS THREE SPADES TEN,0.7396,0.0388,0.2216
SPADES JACK CLUBS EIGHT,0.641,0.0056,0.3534
CLUBS SIX HEARTS ACE,0.4266,0.0032,0.5702
SPADES ACE CLUBS EIGHT,0.4262,0.0034,0.5704
CLUBS JACK HEARTS FIVE,0.662,0.0066,0.3314
CLUBS SIX HEARTS QUEEN,0.6508,0.008,0.3412
SPADES QUEEN CLUBS EIGHT,0.645,0.0068,0.3482
SPADES KING CLUBS EIGHT,0.6602,0.1168,0.223
CLUBS JACK SPADES THREE,0.6598,0.0056,0.3346
DIAMONDS TWO HEARTS JACK,0.659,0.0072,0.3338
SPADES THREE CLUBS QUEEN,0.6472,0.0068,0.346
DIAMONDS TWO HEARTS TEN,0.747,0.039,0.214
SPADES THREE CLUBS KING,0.6506,0.11,0.2394
HEARTS FIVE CLUBS ACE,0.42,0.0056,0.5744
SPADES FIVE HEARTS TEN,0.7406,0.0358,0.2236
SPADES THREE CLUBS ACE,0.423,0.0056,0.5714
HEARTS FIVE CLUBS KING,0.6464,0.1238,0.2298
SPADES FIVE HEARTS JACK,0.6574,0.0076,0.335
HEARTS FIVE CLUBS QUEEN,0.65,0.0074,0.3426
HEARTS THREE CLUBS KING,0.6522,0.1238,0.224
DIAMONDS KING CLUBS KING,0.1006,0.0098,0.8896
HEARTS THREE CLUBS QUEEN,0.6556,0.0092,0.3352
DIAMONDS KING CLUBS QUEEN,0.2462,0.0582,0.6956
HEARTS FIVE HEARTS JACK,0.6296,0.0058,0.3646
HEARTS FIVE HEARTS TEN,0.698,0.0336,0.2684
HEARTS THREE CLUBS ACE,0.4058,0.0036,0.5906
DIAMONDS KING CLUBS ACE,0.2436,0.0098,0.7466
SPADES ACE CLUBS QUEEN,0.3634,0.0044,0.6322
SPADES KING CLUBS QUEEN,0.247,0.0608,0.6922
CLUBS JACK HEARTS THREE,0.6514,0.0074,0.3412
CLUBS JACK DIAMONDS KING,0.2376,0.089,0.6734
SPADES QUEEN CLUBS QUEEN,0.2838,0.0036,0.7126
SPADES JACK CLUBS QUEEN,0.5912,0.0074,0.4014
CLUBS SIX CLUBS QUEEN,0.613,0.0064,0.3806
SPADES TEN CLUBS QUEEN,0.7208,0.0278,0.2514
CLUBS SIX CLUBS KING,0.6046,0.115,0.2804
CLUBS SIX CLUBS ACE,0.4148,0.0036,0.5816
HEARTS FIVE HEARTS QUEEN,0.6242,0.007,0.3688
HEARTS FIVE HEARTS ACE,0.4024,0.004,0.5936
CLUBS JACK CLUBS SIX,0.6148,0.0084,0.3768
SPADES SEVEN HEARTS JACK,0.6516,0.0056,0.3428
SPADES SEVEN HEARTS TEN,0.7058,0.0352,0.259
DIAMONDS TWO CLUBS TWO,0.476,0.0132,0.5108
DIAMONDS TWO CLUBS THREE,0.6462,0.0086,0.3452
HEARTS SIX DIAMONDS TWO,0.657,0.0086,0.3344
DIAMONDS TWO HEARTS QUEEN,0.6536,0.007,0.3394
DIAMONDS TWO HEARTS SEVEN,0.668,0.0062,0.3258
DIAMONDS TWO HEARTS EIGHT,0.6808,0.0066,0.3126
DIAMONDS TWO HEARTS ACE,0.4172,0.0042,0.5786
DIAMONDS TWO HEARTS NINE,0.689,0.0066,0.3044
DIAMONDS TWO DIAMONDS QUEEN,0.627,0.0064,0.3666
DIAMONDS TWO HEARTS TWO,0.4832,0.0108,0.506
DIAMONDS TWO DIAMONDS KING,0.6018,0.1132,0.285
HEARTS THREE DIAMONDS TWO,0.6598,0.0078,0.3324
DIAMONDS TWO DIAMONDS ACE,0.4,0.0032,0.5968
HEARTS FOUR DIAMONDS TWO,0.6544,0.0096,0.336
DIAMONDS TWO HEARTS FIVE,0.655,0.0086,0.3364
SPADES SEVEN HEARTS ACE,0.4176,0.005,0.5774
DIAMONDS TWO DIAMONDS TEN,0.6972,0.0326,0.2702
DIAMONDS TWO DIAMONDS JACK,0.6102,0.0062,0.3836
SPADES SEVEN HEARTS QUEEN,0.6636,0.006,0.3304
DIAMONDS TWO SPADES NINE,0.6768,0.0084,0.3148
DIAMONDS TWO SPADES EIGHT,0.6692,0.006,0.3248
DIAMONDS TWO SPADES SEVEN,0.6708,0.0058,0.3234
DIAMONDS TWO SPADES SIX,0.6728,0.0046,0.3226
DIAMONDS TWO SPADES FIVE,0.66,0.011,0.329
DIAMONDS TWO SPADES FOUR,0.6472,0.0076,0.3452
DIAMONDS TWO SPADES THREE,0.6634,0.0064,0.3302
DIAMONDS TWO SPADES TWO,0.4788,0.0084,0.5128
CLUBS NINE DIAMONDS TWO,0.687,0.0066,0.3064
DIAMONDS TWO CLUBS EIGHT,0.6782,0.0072,0.3146
CLUBS SEVEN DIAMONDS TWO,0.667,0.0072,0.3258
DIAMONDS TWO CLUBS SIX,0.6656,0.0062,0.3282
DIAMONDS TWO CLUBS FIVE,0.6414,0.0056,0.353
DIAMONDS TWO CLUBS FOUR,0.6404,0.0102,0.3494
CLUBS FOUR SPADES FIVE,0.623,0.0062,0.3708
CLUBS FOUR SPADES FOUR,0.4804,0.008,0.5116
CLUBS FOUR SPADES THREE,0.6388,0.0106,0.3506
CLUBS FOUR SPADES TWO,0.666,0.008,0.326
SPADES NINE CLUBS FOUR,0.6854,0.0068,0.3078
SPADES EIGHT CLUBS FOUR,0.6616,0.0066,0.3318
SPADES SEVEN CLUBS FOUR,0.661,0.0076,0.3314
CLUBS FOUR SPADES SIX,0.6334,0.0068,0.3598
SPADES ACE DIAMONDS SIX,0.4278,0.0032,0.569
SPADES QUEEN DIAMONDS SIX,0.6442,0.0066,0.3492
SPADES KING DIAMONDS SIX,0.6546,0.1086,0.2368
SPADES TEN DIAMONDS SIX,0.718,0.0288,0.2532
SPADES JACK DIAMONDS SIX,0.6534,0.0036,0.343
SPADES QUEEN SPADES TWO,0.6124,0.0068,0.3808
SPADES KING SPADES TWO,0.6134,0.1084,0.2782
SPADES ACE SPADES TWO,0.3874,0.0046,0.608
CLUBS JACK DIAMONDS JACK,0.2916,0.0066,0.7018
DIAMONDS JACK CLUBS KING,0.2292,0.0866,0.6842
DIAMONDS JACK CLUBS QUEEN,0.5892,0.0068,0.404
DIAMONDS THREE DIAMONDS JACK,0.6302,0.0038,0.366
DIAMONDS THREE DIAMONDS TEN,0.6904,0.0356,0.274
DIAMONDS JACK CLUBS ACE,0.3728,0.0026,0.6246
DIAMONDS THREE DIAMONDS KING,0.6058,0.1126,0.2816
HEARTS THREE DIAMONDS THREE,0.4748,0.01,0.5152
DIAMONDS THREE DIAMONDS QUEEN,0.6122,0.0064,0.3814
DIAMONDS THREE HEARTS TWO,0.6604,0.0074,0.3322
HEARTS FIVE DIAMONDS THREE,0.6354,0.0078,0.3568
DIAMONDS THREE DIAMONDS ACE,0.4024,0.0032,0.5944
HEARTS FOUR DIAMONDS THREE,0.6498,0.007,0.3432
DIAMONDS THREE HEARTS SEVEN,0.6562,0.0076,0.3362
SPADES TEN SPADES NINE,0.6556,0.0324,0.312
HEARTS SIX DIAMONDS THREE,0.6454,0.0064,0.3482
SPADES JACK SPADES NINE,0.5926,0.0054,0.402
DIAMONDS THREE HEARTS NINE,0.6772,0.0066,0.3162
HEARTS JACK DIAMONDS FOUR,0.6488,0.0064,0.3448
SPADES TEN SPADES TWO,0.6836,0.036,0.2804
DIAMONDS THREE HEARTS EIGHT,0.6724,0.0046,0.323
HEARTS TEN DIAMONDS FOUR,0.7398,0.038,0.2222
SPADES JACK SPADES TWO,0.6126,0.006,0.3814
HEARTS QUEEN DIAMONDS FOUR,0.6572,0.0066,0.3362
SPADES ACE SPADES NINE,0.3942,0.0046,0.6012
HEARTS ACE DIAMONDS FOUR,0.4234,0.006,0.5706
SPADES KING SPADES NINE,0.6072,0.1104,0.2824
SPADES QUEEN SPADES NINE,0.601,0.006,0.393
DIAMONDS THREE SPADES NINE,0.6742,0.0078,0.318
DIAMONDS THREE SPADES EIGHT,0.664,0.0076,0.3284
DIAMONDS THREE SPADES SEVEN,0.6468,0.0074,0.3458
DIAMONDS THREE SPADES SIX,0.636,0.0062,0.3578
DIAMONDS THREE CLUBS SIX,0.6498,0.0074,0.3428
CLUBS FIVE CLUBS SIX,0.604,0.0084,0.3876
CLUBS ACE DIAMONDS FOUR,0.4152,0.004,0.5808
CLUBS SEVEN DIAMONDS THREE,0.6612,0.0076,0.3312
CLUBS SEVEN CLUBS FIVE,0.619,0.0076,0.3734
DIAMONDS THREE CLUBS FOUR,0.634,0.009,0.357
DIAMONDS FOUR CLUBS QUEEN,0.6448,0.0064,0.3488
DIAMONDS THREE CLUBS FIVE,0.6334,0.0086,0.358
DIAMONDS FOUR CLUBS KING,0.6516,0.1116,0.2368
DIAMONDS THREE CLUBS TWO,0.6558,0.0108,0.3334
DIAMONDS THREE CLUBS THREE,0.4728,0.0114,0.5158
CLUBS JACK DIAMONDS FOUR,0.6584,0.0078,0.3338
DIAMONDS THREE SPADES FOUR,0.6272,0.0074,0.3654
DIAMONDS THREE SPADES FIVE,0.6352,0.0066,0.3582
DIAMONDS THREE SPADES TWO,0.6476,0.0066,0.3458
DIAMONDS THREE SPADES THREE,0.4788,0.0094,0.5118
CLUBS EIGHT DIAMONDS THREE,0.681,0.0072,0.3118
CLUBS NINE DIAMONDS THREE,0.674,0.007,0.319
SPADES SEVEN CLUBS ACE,0.4184,0.0042,0.5774
SPADES SEVEN CLUBS QUEEN,0.6482,0.0072,0.3446
SPADES SEVEN CLUBS KING,0.636,0.1194,0.2446
CLUBS FIVE SPADES SEVEN,0.6334,0.0088,0.3578
CLUBS FIVE SPADES SIX,0.639,0.006,0.355
CLUBS JACK SPADES SEVEN,0.6396,0.007,0.3534
CLUBS FIVE SPADES NINE,0.6852,0.006,0.3088
CLUBS FIVE SPADES EIGHT,0.6406,0.0072,0.3522
CLUBS FIVE SPADES THREE,0.6488,0.0074,0.3438
CLUBS FIVE SPADES TWO,0.643,0.0104,0.3466
CLUBS FIVE SPADES FIVE,0.475,0.0074,0.5176
CLUBS FIVE SPADES FOUR,0.6336,0.0072,0.3592
CLUBS NINE CLUBS FIVE,0.6396,0.0092,0.3512
CLUBS EIGHT CLUBS FIVE,0.6208,0.0098,0.3694
CLUBS ACE CLUBS QUEEN,0.353,0.005,0.642
CLUBS KING CLUBS QUEEN,0.2392,0.0598,0.701
DIAMONDS TEN DIAMONDS FOUR,0.6912,0.0322,0.2766
DIAMONDS JACK DIAMONDS FOUR,0.6068,0.0056,0.3876
CLUBS JACK DIAMONDS NINE,0.6162,0.008,0.3758
CLUBS JACK SPADES NINE,0.622,0.007,0.371
DIAMONDS ACE DIAMONDS FOUR,0.3972,0.0032,0.5996
HEARTS FOUR DIAMONDS FOUR,0.478,0.0086,0.5134
DIAMONDS JACK HEARTS TEN,0.6962,0.0298,0.274
SPADES NINE CLUBS KING,0.6436,0.1244,0.232
DIAMONDS TWO SPADES TEN,0.7348,0.0394,0.2258
DIAMONDS NINE CLUBS ACE,0.4086,0.0058,0.5856
HEARTS FIVE DIAMONDS FOUR,0.6198,0.0072,0.373
HEARTS JACK DIAMONDS JACK,0.3102,0.0056,0.6842
SPADES NINE CLUBS QUEEN,0.6334,0.0086,0.358
DIAMONDS TWO SPADES JACK,0.6654,0.0078,0.3268
DIAMONDS QUEEN DIAMONDS FOUR,0.6062,0.0062,0.3876
HEARTS TWO DIAMONDS FOUR,0.6526,0.0076,0.3398
DIAMONDS NINE CLUBS QUEEN,0.63,0.0084,0.3616
DIAMONDS KING DIAMONDS FOUR,0.6022,0.109,0.2888
HEARTS THREE DIAMONDS FOUR,0.6422,0.0074,0.3504
SPADES NINE CLUBS ACE,0.4136,0.0046,0.5818
DIAMONDS NINE CLUBS KING,0.6462,0.113,0.2408
HEARTS ACE DIAMONDS JACK,0.3646,0.004,0.6314
SPADES ACE DIAMONDS TWO,0.433,0.005,0.562
DIAMONDS JACK HEARTS QUEEN,0.6008,0.0066,0.3926
SPADES QUEEN DIAMONDS TWO,0.6538,0.009,0.3372
SPADES KING DIAMONDS TWO,0.656,0.12,0.224
SPADES JACK SPADES SEVEN,0.598,0.0042,0.3978
SPADES TEN SPADES SEVEN,0.6702,0.032,0.2978
CLUBS SEVEN CLUBS THREE,0.6252,0.0098,0.365
CLUBS SIX CLUBS THREE,0.6274,0.0072,0.3654
CLUBS FIVE CLUBS THREE,0.6068,0.0088,0.3844
CLUBS THREE CLUBS FOUR,0.6188,0.0062,0.375
CLUBS NINE CLUBS THREE,0.6552,0.0094,0.3354
CLUBS EIGHT CLUBS THREE,0.6522,0.0082,0.3396
CLUBS THREE SPADES FIVE,0.6412,0.007,0.3518
CLUBS THREE SPADES FOUR,0.6268,0.0086,0.3646
CLUBS THREE SPADES THREE,0.4888,0.0096,0.5016
CLUBS THREE SPADES TWO,0.6634,0.0072,0.3294
CLUBS THREE SPADES SIX,0.6554,0.007,0.3376
CLUBS THREE SPADES SEVEN,0.6802,0.0094,0.3104
SPADES EIGHT CLUBS THREE,0.6672,0.0072,0.3256
SPADES NINE CLUBS THREE,0.6796,0.0082,0.3122
SPADES TWO DIAMONDS FOUR,0.6498,0.0062,0.344
SPADES THREE DIAMONDS FOUR,0.6378,0.0102,0.352
SPADES FOUR DIAMONDS FOUR,0.483,0.0098,0.5072
SPADES FIVE DIAMONDS FOUR,0.6216,0.0082,0.3702
SPADES SIX DIAMONDS FOUR,0.6518,0.0048,0.3434
SPADES SEVEN DIAMONDS FOUR,0.6478,0.0082,0.344
SPADES EIGHT DIAMONDS FOUR,0.6544,0.0066,0.339
SPADES NINE DIAMONDS FOUR,0.6728,0.0048,0.3224
CLUBS FIVE DIAMONDS FOUR,0.629,0.0064,0.3646
CLUBS FOUR DIAMONDS FOUR,0.4848,0.008,0.5072
CLUBS SEVEN DIAMONDS FOUR,0.6512,0.0066,0.3422
CLUBS SIX DIAMONDS FOUR,0.6392,0.0074,0.3534
CLUBS NINE DIAMONDS FOUR,0.6712,0.0076,0.3212
CLUBS EIGHT DIAMONDS FOUR,0.667,0.0062,0.3268
DIAMONDS FOUR HEARTS SEVEN,0.6692,0.0068,0.324
HEARTS SIX DIAMONDS FOUR,0.6406,0.007,0.3524
HEARTS NINE DIAMONDS FOUR,0.6736,0.0064,0.32
DIAMONDS FOUR HEARTS EIGHT,0.6676,0.0072,0.3252
CLUBS THREE DIAMONDS FOUR,0.6452,0.0062,0.3486
CLUBS TWO DIAMONDS FOUR,0.6554,0.008,0.3366
DIAMONDS TEN DIAMONDS FIVE,0.6972,0.0282,0.2746
DIAMONDS JACK DIAMONDS FIVE,0.6168,0.006,0.3772
DIAMONDS NINE HEARTS QUEEN,0.642,0.0084,0.3496
HEARTS ACE DIAMONDS NINE,0.424,0.0044,0.5716
DIAMONDS NINE HEARTS TEN,0.7042,0.0326,0.2632
DIAMONDS NINE HEARTS JACK,0.6152,0.008,0.3768
CLUBS KING DIAMONDS SIX,0.6492,0.1092,0.2416
CLUBS QUEEN DIAMONDS SIX,0.6406,0.0072,0.3522
CLUBS ACE DIAMONDS SIX,0.4216,0.004,0.5744
SPADES KING DIAMONDS FOUR,0.6552,0.1166,0.2282
SPADES ACE SPADES SEVEN,0.4042,0.0044,0.5914
SPADES QUEEN DIAMONDS FOUR,0.6548,0.0044,0.3408
SPADES QUEEN SPADES SEVEN,0.6142,0.0054,0.3804
CLUBS JACK DIAMONDS SIX,0.6624,0.007,0.3306
SPADES KING SPADES SEVEN,0.6144,0.1096,0.276
SPADES ACE DIAMONDS FOUR,0.4214,0.003,0.5756
CLUBS NINE CLUBS FOUR,0.6298,0.0074,0.3628
CLUBS EIGHT CLUBS FOUR,0.6288,0.0072,0.364
SPADES JACK DIAMONDS FOUR,0.6608,0.0064,0.3328
SPADES TEN DIAMONDS FOUR,0.7406,0.0326,0.2268
CLUBS FIVE CLUBS FOUR,0.6038,0.0078,0.3884
CLUBS SEVEN CLUBS FOUR,0.6216,0.0078,0.3706
CLUBS SIX CLUBS FOUR,0.6134,0.009,0.3776
CLUBS SEVEN SPADES EIGHT,0.6144,0.0064,0.3792
CLUBS SEVEN SPADES NINE,0.6418,0.0078,0.3504
CLUBS SEVEN SPADES SIX,0.637,0.0054,0.3576
CLUBS SEVEN SPADES SEVEN,0.4646,0.0094,0.526
CLUBS SEVEN SPADES FIVE,0.6452,0.0076,0.3472
CLUBS SEVEN SPADES FOUR,0.6478,0.0072,0.345
CLUBS SEVEN SPADES THREE,0.6714,0.0072,0.3214
CLUBS SEVEN SPADES TWO,0.6772,0.0062,0.3166
CLUBS NINE CLUBS SEVEN,0.6294,0.0072,0.3634
CLUBS SEVEN CLUBS EIGHT,0.6072,0.0048,0.388
HEARTS SIX DIAMONDS FIVE,0.63,0.008,0.362
DIAMONDS FIVE HEARTS SEVEN,0.6302,0.0068,0.363
DIAMONDS FIVE HEARTS EIGHT,0.6436,0.0058,0.3506
HEARTS NINE DIAMONDS FIVE,0.6682,0.0078,0.324
DIAMONDS QUEEN DIAMONDS FIVE,0.6064,0.0066,0.387
HEARTS TWO DIAMONDS FIVE,0.656,0.0092,0.3348
DIAMONDS KING DIAMONDS FIVE,0.6122,0.1136,0.2742
HEARTS THREE DIAMONDS FIVE,0.6358,0.008,0.3562
HEARTS QUEEN HEARTS EIGHT,0.619,0.0066,0.3744
DIAMONDS ACE DIAMONDS FIVE,0.4008,0.005,0.5942
HEARTS FOUR DIAMONDS FIVE,0.6234,0.0082,0.3684
HEARTS FIVE DIAMONDS FIVE,0.4748,0.0074,0.5178
HEARTS ACE HEARTS EIGHT,0.407,0.0052,0.5878
CLUBS FOUR DIAMONDS FIVE,0.6212,0.0086,0.3702
CLUBS FIVE DIAMONDS FIVE,0.4842,0.0092,0.5066
CLUBS SIX DIAMONDS FIVE,0.6292,0.0068,0.364
CLUBS SEVEN DIAMONDS FIVE,0.6442,0.0064,0.3494
CLUBS TWO DIAMONDS FIVE,0.6492,0.008,0.3428
CLUBS THREE DIAMONDS FIVE,0.637,0.0092,0.3538
SPADES THREE DIAMONDS FIVE,0.6378,0.0078,0.3544
SPADES TWO DIAMONDS FIVE,0.6532,0.007,0.3398
SPADES JACK DIAMONDS EIGHT,0.6332,0.0054,0.3614
SPADES FIVE DIAMONDS FIVE,0.4756,0.0074,0.517
SPADES TEN DIAMONDS EIGHT,0.7092,0.0358,0.255
SPADES FOUR DIAMONDS FIVE,0.6218,0.0062,0.372
CLUBS JACK HEARTS JACK,0.2886,0.008,0.7034
HEARTS JACK CLUBS QUEEN,0.6014,0.007,0.3916
CLUBS NINE DIAMONDS FIVE,0.662,0.0068,0.3312
HEARTS JACK CLUBS KING,0.2332,0.0802,0.6866
CLUBS EIGHT DIAMONDS FIVE,0.66,0.0064,0.3336
HEARTS JACK CLUBS ACE,0.361,0.005,0.634
SPADES SEVEN DIAMONDS FIVE,0.6276,0.0064,0.366
SPADES KING DIAMONDS EIGHT,0.6512,0.1186,0.2302
SPADES QUEEN DIAMONDS EIGHT,0.647,0.0058,0.3472
SPADES SIX DIAMONDS FIVE,0.6222,0.0052,0.3726
SPADES NINE DIAMONDS FIVE,0.6702,0.0044,0.3254
SPADES EIGHT DIAMONDS FIVE,0.6624,0.0062,0.3314
SPADES ACE DIAMONDS EIGHT,0.4114,0.0022,0.5864
DIAMONDS TEN DIAMONDS SIX,0.6724,0.0334,0.2942
HEARTS ACE DIAMONDS SEVEN,0.428,0.003,0.569
DIAMONDS JACK DIAMONDS SIX,0.6132,0.0066,0.3802
HEARTS QUEEN DIAMONDS SEVEN,0.6636,0.0074,0.329
DIAMONDS ACE DIAMONDS SIX,0.393,0.0058,0.6012
HEARTS FOUR DIAMONDS SIX,0.6284,0.0074,0.3642
HEARTS JACK SPADES TWO,0.6512,0.007,0.3418
HEARTS FIVE DIAMONDS SIX,0.6368,0.0088,0.3544
SPADES TWO HEARTS TEN,0.7554,0.0382,0.2064
DIAMONDS QUEEN DIAMONDS SIX,0.6104,0.0046,0.385
HEARTS TWO DIAMONDS SIX,0.6622,0.0086,0.3292
DIAMONDS KING DIAMONDS SIX,0.6242,0.1008,0.275
HEARTS THREE DIAMONDS SIX,0.6532,0.0066,0.3402
HEARTS EIGHT DIAMONDS SIX,0.6352,0.005,0.3598
HEARTS NINE DIAMONDS SIX,0.6536,0.0062,0.3402
HEARTS SIX DIAMONDS SIX,0.4764,0.0098,0.5138
HEARTS SEVEN DIAMONDS SIX,0.6354,0.0036,0.361
HEARTS TEN DIAMONDS SEVEN,0.7246,0.0324,0.243
CLUBS TWO DIAMONDS SIX,0.6664,0.006,0.3276
HEARTS JACK DIAMONDS SEVEN,0.6528,0.0066,0.3406
CLUBS THREE DIAMONDS SIX,0.6394,0.0072,0.3534
CLUBS SEVEN DIAMONDS SIX,0.6278,0.0074,0.3648
CLUBS JACK DIAMONDS EIGHT,0.641,0.0058,0.3532
CLUBS SIX DIAMONDS SIX,0.4658,0.0098,0.5244
CLUBS FIVE DIAMONDS SIX,0.6262,0.0066,0.3672
CLUBS FOUR DIAMONDS SIX,0.6454,0.0062,0.3484
HEARTS ACE HEARTS JACK,0.3554,0.0076,0.637
DIAMONDS EIGHT CLUBS ACE,0.4104,0.0036,0.586
HEARTS JACK HEARTS QUEEN,0.577,0.006,0.417
DIAMONDS EIGHT CLUBS KING,0.6482,0.1204,0.2314
CLUBS NINE DIAMONDS SIX,0.6522,0.0078,0.34
DIAMONDS EIGHT CLUBS QUEEN,0.6322,0.005,0.3628
CLUBS EIGHT DIAMONDS SIX,0.6462,0.0064,0.3474
SPADES FIVE DIAMONDS SIX,0.64,0.0032,0.3568
HEARTS ACE SPADES TWO,0.4158,0.0056,0.5786
SPADES FOUR DIAMONDS SIX,0.6192,0.005,0.3758
SPADES THREE DIAMONDS SIX,0.6388,0.0082,0.353
HEARTS QUEEN SPADES TWO,0.6612,0.0072,0.3316
SPADES ACE SPADES KING,0.2378,0.012,0.7502
SPADES TWO DIAMONDS SIX,0.6578,0.0072,0.335
HEARTS TEN HEARTS EIGHT,0.6938,0.0322,0.274
SPADES NINE DIAMONDS SIX,0.6452,0.006,0.3488
HEARTS JACK HEARTS EIGHT,0.603,0.0072,0.3898
SPADES EIGHT DIAMONDS SIX,0.6344,0.006,0.3596
SPADES SEVEN DIAMONDS SIX,0.6206,0.005,0.3744
SPADES SIX DIAMONDS SIX,0.4828,0.0052,0.512
CLUBS ACE CLUBS KING,0.246,0.011,0.743
SPADES ACE HEARTS JACK,0.3768,0.0034,0.6198
SPADES QUEEN HEARTS JACK,0.595,0.0058,0.3992
SPADES KING HEARTS JACK,0.24,0.0828,0.6772
SPADES TEN DIAMONDS TEN,0.3224,0.0186,0.659
SPADES JACK DIAMONDS TEN,0.7166,0.0238,0.2596
SPADES ACE DIAMONDS TEN,0.251,0.0148,0.7342
SPADES JACK HEARTS JACK,0.3002,0.0066,0.6932
SPADES TEN HEARTS JACK,0.7106,0.029,0.2604
SPADES QUEEN DIAMONDS TEN,0.7148,0.0236,0.2616
SPADES KING DIAMONDS TEN,0.024,0.9556,0.0204
SPADES NINE DIAMONDS SEVEN,0.6312,0.0054,0.3634
SPADES EIGHT DIAMONDS SEVEN,0.6126,0.0082,0.3792
SPADES SEVEN DIAMONDS SEVEN,0.4692,0.0066,0.5242
SPADES SIX DIAMONDS SEVEN,0.628,0.0044,0.3676
DIAMONDS KING DIAMONDS SEVEN,0.6186,0.1104,0.271
HEARTS THREE DIAMONDS SEVEN,0.6564,0.007,0.3366
DIAMONDS QUEEN DIAMONDS SEVEN,0.606,0.0086,0.3854
HEARTS TWO DIAMONDS SEVEN,0.6808,0.0088,0.3104
HEARTS QUEEN DIAMONDS FIVE,0.656,0.009,0.335
HEARTS FIVE DIAMONDS SEVEN,0.6496,0.0054,0.345
DIAMONDS ACE DIAMONDS SEVEN,0.3944,0.0046,0.601
HEARTS FOUR DIAMONDS SEVEN,0.6502,0.0058,0.344
HEARTS ACE DIAMONDS FIVE,0.4246,0.0056,0.5698
HEARTS SEVEN DIAMONDS SEVEN,0.463,0.008,0.529
HEARTS SIX DIAMONDS SEVEN,0.6254,0.0054,0.3692
HEARTS NINE DIAMONDS SEVEN,0.6292,0.0064,0.3644
DIAMONDS SEVEN HEARTS EIGHT,0.6362,0.0066,0.3572
DIAMONDS JACK DIAMONDS SEVEN,0.599,0.0058,0.3952
HEARTS JACK DIAMONDS FIVE,0.649,0.006,0.345
DIAMONDS TEN DIAMONDS SEVEN,0.6688,0.0278,0.3034
DIAMONDS FIVE HEARTS TEN,0.7332,0.0394,0.2274
SPADES KING CLUBS TWO,0.6614,0.1248,0.2138
CLUBS EIGHT DIAMONDS SEVEN,0.629,0.0068,0.3642
SPADES QUEEN CLUBS TWO,0.656,0.0068,0.3372
CLUBS NINE DIAMONDS SEVEN,0.659,0.0046,0.3364
CLUBS JACK SPADES TWO,0.6644,0.006,0.3296
SPADES ACE CLUBS TWO,0.4364,0.0058,0.5578
CLUBS SEVEN CLUBS SIX,0.6034,0.0074,0.3892
SPADES TWO CLUBS KING,0.6452,0.1206,0.2342
SPADES TWO DIAMONDS SEVEN,0.6696,0.0096,0.3208
CLUBS EIGHT CLUBS SIX,0.603,0.0084,0.3886
SPADES THREE DIAMONDS SEVEN,0.6586,0.0064,0.335
SPADES TWO CLUBS QUEEN,0.6586,0.0086,0.3328
CLUBS NINE CLUBS SIX,0.6374,0.007,0.3556
SPADES FOUR DIAMONDS SEVEN,0.6492,0.0066,0.3442
SPADES FIVE DIAMONDS SEVEN,0.6308,0.0078,0.3614
SPADES TWO CLUBS ACE,0.4272,0.006,0.5668
CLUBS SIX SPADES TWO,0.6544,0.0082,0.3374
CLUBS SIX SPADES THREE,0.66,0.0086,0.3314
CLUBS TWO DIAMONDS SEVEN,0.6692,0.007,0.3238
CLUBS SIX SPADES FOUR,0.6368,0.0084,0.3548
CLUBS THREE DIAMONDS SEVEN,0.6552,0.0092,0.3356
CLUBS SIX SPADES FIVE,0.6352,0.0064,0.3584
CLUBS FOUR DIAMONDS SEVEN,0.647,0.0084,0.3446
CLUBS SIX SPADES SIX,0.4708,0.0066,0.5226
CLUBS FIVE DIAMONDS SEVEN,0.6482,0.0062,0.3456
CLUBS SIX SPADES SEVEN,0.6262,0.0062,0.3676
CLUBS SIX DIAMONDS SEVEN,0.6214,0.004,0.3746
CLUBS SIX SPADES EIGHT,0.651,0.0058,0.3432
SPADES JACK CLUBS TWO,0.6718,0.0072,0.321
CLUBS SEVEN DIAMONDS SEVEN,0.4684,0.0086,0.523
SPADES NINE CLUBS SIX,0.6492,0.0074,0.3434
SPADES TEN CLUBS TWO,0.7488,0.0384,0.2128
CLUBS TWO CLUBS QUEEN,0.6214,0.0086,0.37
CLUBS TWO CLUBS KING,0.6372,0.1058,0.257
CLUBS THREE DIAMONDS EIGHT,0.6712,0.0058,0.323
CLUBS TWO CLUBS ACE,0.395,0.0064,0.5986
CLUBS TWO DIAMONDS EIGHT,0.6832,0.0068,0.31
DIAMONDS EIGHT HEARTS SEVEN,0.6122,0.0054,0.3824
HEARTS SIX DIAMONDS EIGHT,0.6502,0.0062,0.3436
DIAMONDS EIGHT HEARTS NINE,0.6208,0.0066,0.3726
DIAMONDS EIGHT HEARTS EIGHT,0.4632,0.0112,0.5256
CLUBS JACK CLUBS TWO,0.6286,0.0068,0.3646
CLUBS NINE DIAMONDS EIGHT,0.644,0.0054,0.3506
CLUBS EIGHT DIAMONDS EIGHT,0.4538,0.0074,0.5388
CLUBS FIVE DIAMONDS EIGHT,0.661,0.0058,0.3332
SPADES ACE SPADES THREE,0.3988,0.0038,0.5974
CLUBS FOUR DIAMONDS EIGHT,0.6568,0.0076,0.3356
CLUBS SEVEN DIAMONDS EIGHT,0.6222,0.0038,0.374
SPADES QUEEN SPADES THREE,0.6058,0.0064,0.3878
CLUBS SIX DIAMONDS EIGHT,0.6466,0.005,0.3484
SPADES KING SPADES THREE,0.6086,0.1106,0.2808
DIAMONDS QUEEN DIAMONDS EIGHT,0.6074,0.0062,0.3864
HEARTS TWO DIAMONDS EIGHT,0.6706,0.0086,0.3208
DIAMONDS KING DIAMONDS EIGHT,0.6108,0.1168,0.2724
HEARTS THREE DIAMONDS EIGHT,0.6708,0.0066,0.3226
DIAMONDS ACE DIAMONDS EIGHT,0.4004,0.0034,0.5962
HEARTS FOUR DIAMONDS EIGHT,0.661,0.0058,0.3332
HEARTS FIVE DIAMONDS EIGHT,0.652,0.0082,0.3398
DIAMONDS EIGHT DIAMONDS TEN,0.6738,0.0316,0.2946
DIAMONDS EIGHT DIAMONDS JACK,0.5948,0.0084,0.3968
SPADES JACK SPADES THREE,0.6194,0.0058,0.3748
SPADES TEN SPADES THREE,0.69,0.0384,0.2716
CLUBS FOUR HEARTS ACE,0.4212,0.006,0.5728
CLUBS FOUR HEARTS QUEEN,0.6616,0.0056,0.3328
CLUBS SIX HEARTS TEN,0.7332,0.0384,0.2284
CLUBS SIX HEARTS JACK,0.6536,0.0058,0.3406
DIAMONDS EIGHT SPADES FOUR,0.6574,0.0054,0.3372
SPADES FIVE DIAMONDS EIGHT,0.6468,0.0034,0.3498
DIAMONDS EIGHT SPADES TWO,0.656,0.0086,0.3354
DIAMONDS EIGHT SPADES THREE,0.6792,0.0062,0.3146
CLUBS FOUR HEARTS JACK,0.6556,0.0074,0.337
SPADES EIGHT DIAMONDS EIGHT,0.4496,0.0074,0.543
SPADES TEN DIAMONDS QUEEN,0.7234,0.027,0.2496
SPADES TEN HEARTS TWO,0.755,0.0352,0.2098
SPADES JACK HEARTS EIGHT,0.6434,0.0074,0.3492
CLUBS FOUR HEARTS TEN,0.7404,0.0376,0.222
SPADES NINE DIAMONDS EIGHT,0.6328,0.0062,0.361
SPADES TEN HEARTS EIGHT,0.7204,0.0334,0.2462
SPADES JACK HEARTS TWO,0.6552,0.0048,0.34
SPADES JACK DIAMONDS QUEEN,0.5904,0.0068,0.4028
SPADES SIX DIAMONDS EIGHT,0.6332,0.0062,0.3606
SPADES SEVEN DIAMONDS EIGHT,0.6258,0.008,0.3662
SPADES ACE HEARTS TWO,0.4262,0.0064,0.5674
SPADES ACE DIAMONDS QUEEN,0.3704,0.0026,0.627
SPADES ACE HEARTS EIGHT,0.4224,0.0034,0.5742
SPADES KING HEARTS EIGHT,0.6684,0.114,0.2176
SPADES QUEEN HEARTS TWO,0.6674,0.0088,0.3238
SPADES QUEEN DIAMONDS QUEEN,0.2902,0.0028,0.707
SPADES KING DIAMONDS QUEEN,0.2358,0.0616,0.7026
SPADES KING HEARTS TWO,0.6556,0.119,0.2254
SPADES QUEEN HEARTS EIGHT,0.657,0.0068,0.3362
CLUBS TWO HEARTS TEN,0.7498,0.0418,0.2084
CLUBS TWO HEARTS JACK,0.6582,0.0072,0.3346
SPADES SEVEN DIAMONDS NINE,0.6312,0.005,0.3638
SPADES SIX DIAMONDS NINE,0.6626,0.0042,0.3332
SPADES NINE DIAMONDS NINE,0.4414,0.0084,0.5502
SPADES EIGHT DIAMONDS NINE,0.635,0.0056,0.3594
SPADES TEN CLUBS KING,0.0102,0.971,0.0188
DIAMONDS NINE SPADES THREE,0.6688,0.0074,0.3238
SPADES JACK CLUBS KING,0.2344,0.0826,0.683
DIAMONDS NINE SPADES TWO,0.6848,0.006,0.3092
DIAMONDS NINE SPADES FIVE,0.6582,0.0068,0.335
DIAMONDS NINE SPADES FOUR,0.6682,0.0082,0.3236
CLUBS NINE DIAMONDS NINE,0.4586,0.0074,0.534
CLUBS EIGHT DIAMONDS NINE,0.6416,0.0074,0.351
CLUBS SIX DIAMONDS NINE,0.6586,0.0072,0.3342
SPADES JACK CLUBS FOUR,0.6608,0.0064,0.3328
CLUBS SEVEN DIAMONDS NINE,0.641,0.0068,0.3522
SPADES TEN CLUBS FOUR,0.7374,0.0282,0.2344
CLUBS FOUR DIAMONDS NINE,0.6684,0.0062,0.3254
CLUBS FIVE DIAMONDS NINE,0.672,0.007,0.321
DIAMONDS NINE CLUBS TWO,0.6848,0.0062,0.309
CLUBS THREE DIAMONDS NINE,0.6688,0.0064,0.3248
DIAMONDS NINE HEARTS EIGHT,0.6374,0.0052,0.3574
DIAMONDS NINE HEARTS NINE,0.4474,0.007,0.5456
HEARTS SIX DIAMONDS NINE,0.6494,0.0064,0.3442
DIAMONDS NINE HEARTS SEVEN,0.6496,0.0066,0.3438
CLUBS NINE CLUBS EIGHT,0.6056,0.0064,0.388
DIAMONDS ACE DIAMONDS NINE,0.3762,0.005,0.6188
HEARTS FOUR DIAMONDS NINE,0.6736,0.0064,0.32
HEARTS FIVE DIAMONDS NINE,0.6756,0.0088,0.3156
HEARTS ACE CLUBS TWO,0.4196,0.0048,0.5756
SPADES ACE CLUBS FOUR,0.4168,0.005,0.5782
DIAMONDS QUEEN DIAMONDS NINE,0.5978,0.0068,0.3954
HEARTS TWO DIAMONDS NINE,0.6772,0.0076,0.3152
SPADES KING CLUBS FOUR,0.6552,0.114,0.2308
DIAMONDS KING DIAMONDS NINE,0.6128,0.1122,0.275
HEARTS THREE DIAMONDS NINE,0.6924,0.0072,0.3004
CLUBS TWO HEARTS QUEEN,0.6678,0.008,0.3242
SPADES QUEEN CLUBS FOUR,0.6508,0.0068,0.3424
DIAMONDS NINE DIAMONDS JACK,0.5782,0.0074,0.4144
CLUBS EIGHT SPADES NINE,0.6388,0.0082,0.353
DIAMONDS NINE DIAMONDS TEN,0.6576,0.0344,0.308
CLUBS EIGHT SPADES EIGHT,0.4648,0.0088,0.5264
CLUBS EIGHT SPADES SEVEN,0.6156,0.008,0.3764
CLUBS EIGHT SPADES SIX,0.65,0.0054,0.3446
CLUBS EIGHT SPADES FIVE,0.6524,0.0062,0.3414
CLUBS EIGHT SPADES FOUR,0.6584,0.0072,0.3344
CLUBS EIGHT SPADES THREE,0.6744,0.0078,0.3178
CLUBS EIGHT SPADES TWO,0.6766,0.0082,0.3152
HEARTS SIX DIAMONDS TEN,0.7288,0.0326,0.2386
DIAMONDS TEN HEARTS SEVEN,0.7108,0.0302,0.259
DIAMONDS TEN HEARTS EIGHT,0.7282,0.0294,0.2424
CLUBS JACK CLUBS FOUR,0.6224,0.0096,0.368
DIAMONDS TEN HEARTS NINE,0.6998,0.0324,0.2678
CLUBS FOUR CLUBS KING,0.613,0.1154,0.2716
CLUBS FOUR CLUBS QUEEN,0.6146,0.0072,0.3782
CLUBS TWO DIAMONDS TEN,0.7468,0.037,0.2162
CLUBS THREE DIAMONDS TEN,0.7492,0.0358,0.215
CLUBS FOUR CLUBS ACE,0.3992,0.0046,0.5962
DIAMONDS JACK DIAMONDS TEN,0.6572,0.0316,0.3112
DIAMONDS QUEEN DIAMONDS TEN,0.6698,0.0246,0.3056
HEARTS TWO DIAMONDS TEN,0.7516,0.0352,0.2132
DIAMONDS KING DIAMONDS TEN,0.022,0.9006,0.0774
HEARTS THREE DIAMONDS TEN,0.7498,0.0298,0.2204
DIAMONDS ACE DIAMONDS TEN,0.2268,0.0174,0.7558
HEARTS FOUR DIAMONDS TEN,0.7426,0.0366,0.2208
CLUBS EIGHT HEARTS JACK,0.6482,0.006,0.3458
HEARTS FIVE DIAMONDS TEN,0.7426,0.0374,0.22
CLUBS EIGHT HEARTS TEN,0.719,0.0378,0.2432
CLUBS EIGHT HEARTS QUEEN,0.6508,0.0072,0.342
CLUBS EIGHT HEARTS ACE,0.4152,0.0058,0.579
CLUBS NINE SPADES THREE,0.6756,0.006,0.3184
CLUBS NINE SPADES TWO,0.6854,0.0098,0.3048
CLUBS NINE SPADES FIVE,0.6574,0.0082,0.3344
CLUBS NINE SPADES FOUR,0.6782,0.0076,0.3142
CLUBS NINE SPADES SEVEN,0.6438,0.0056,0.3506
CLUBS NINE SPADES SIX,0.656,0.0072,0.3368
CLUBS NINE SPADES NINE,0.4472,0.0078,0.545
CLUBS NINE SPADES EIGHT,0.651,0.0056,0.3434
CLUBS JACK HEARTS EIGHT,0.635,0.0082,0.3568
CLUBS QUEEN HEARTS EIGHT,0.6466,0.0106,0.3428
CLUBS KING HEARTS EIGHT,0.6586,0.1182,0.2232
CLUBS ACE HEARTS EIGHT,0.43,0.005,0.565
SPADES KING CLUBS KING,0.1084,0.012,0.8796
SPADES QUEEN CLUBS KING,0.2268,0.051,0.7222
SPADES ACE CLUBS KING,0.232,0.0104,0.7576
DIAMONDS ACE HEARTS TEN,0.2516,0.0182,0.7302
HEARTS FOUR HEARTS TEN,0.7004,0.0382,0.2614
DIAMONDS ACE HEARTS JACK,0.3638,0.003,0.6332
HEARTS FOUR HEARTS JACK,0.6212,0.0066,0.3722
SPADES KING CLUBS FIVE,0.6614,0.1106,0.228
SPADES QUEEN CLUBS FIVE,0.659,0.006,0.335
SPADES ACE CLUBS FIVE,0.4338,0.004,0.5622
DIAMONDS JACK HEARTS SEVEN,0.653,0.0068,0.3402
HEARTS SIX DIAMONDS JACK,0.6624,0.007,0.3306
DIAMONDS JACK HEARTS NINE,0.6258,0.008,0.3662
DIAMONDS JACK HEARTS EIGHT,0.6386,0.0068,0.3546
DIAMONDS KING DIAMONDS JACK,0.2206,0.0906,0.6888
HEARTS THREE DIAMONDS JACK,0.6588,0.0068,0.3344
SPADES ACE SPADES SIX,0.4016,0.0046,0.5938
HEARTS ACE SPADES FOUR,0.4214,0.003,0.5756
DIAMONDS QUEEN DIAMONDS JACK,0.5586,0.0056,0.4358
HEARTS TWO DIAMONDS JACK,0.666,0.0066,0.3274
HEARTS FIVE DIAMONDS JACK,0.653,0.0042,0.3428
SPADES QUEEN SPADES SIX,0.6064,0.0066,0.387
SPADES FOUR HEARTS QUEEN,0.6448,0.0064,0.3488
DIAMONDS ACE DIAMONDS JACK,0.3526,0.0038,0.6436
HEARTS FOUR DIAMONDS JACK,0.6508,0.0068,0.3424
SPADES KING SPADES SIX,0.6178,0.1106,0.2716
SPADES TEN SPADES SIX,0.6918,0.0348,0.2734
SPADES JACK SPADES SIX,0.6018,0.0062,0.392
SPADES FOUR DIAMONDS JACK,0.6414,0.0056,0.353
SPADES FIVE DIAMONDS JACK,0.6582,0.0052,0.3366
DIAMONDS JACK SPADES TWO,0.661,0.0058,0.3332
DIAMONDS JACK SPADES THREE,0.6464,0.0064,0.3472
SPADES ACE DIAMONDS THREE,0.4322,0.0036,0.5642
SPADES QUEEN DIAMONDS THREE,0.6508,0.006,0.3432
CLUBS EIGHT DIAMONDS JACK,0.6276,0.0098,0.3626
SPADES KING DIAMONDS THREE,0.652,0.114,0.234
CLUBS NINE DIAMONDS JACK,0.6462,0.0056,0.3482
CLUBS SIX DIAMONDS JACK,0.6636,0.0062,0.3302
CLUBS SEVEN DIAMONDS JACK,0.6426,0.008,0.3494
CLUBS FOUR DIAMONDS JACK,0.6736,0.0084,0.318
CLUBS FIVE DIAMONDS JACK,0.6444,0.0054,0.3502
CLUBS TWO DIAMONDS JACK,0.6672,0.0052,0.3276
CLUBS THREE DIAMONDS JACK,0.6638,0.0058,0.3304
SPADES TEN CLUBS FIVE,0.7382,0.0324,0.2294
HEARTS SIX SPADES JACK,0.6552,0.0062,0.3386
HEARTS SIX SPADES TEN,0.7206,0.0374,0.242
SPADES JACK CLUBS FIVE,0.6644,0.0064,0.3292
SPADES JACK DIAMONDS THREE,0.6618,0.0058,0.3324
CLUBS SEVEN CLUBS ACE,0.408,0.0036,0.5884
DIAMONDS THREE SPADES TEN,0.748,0.0292,0.2228
CLUBS SEVEN CLUBS QUEEN,0.6298,0.0094,0.3608
CLUBS SEVEN CLUBS KING,0.6174,0.1074,0.2752
SPADES NINE DIAMONDS JACK,0.6316,0.0068,0.3616
DIAMONDS ACE HEARTS ACE,0.1376,0.0028,0.8596
HEARTS FOUR HEARTS ACE,0.4022,0.005,0.5928
SPADES EIGHT DIAMONDS JACK,0.6372,0.0066,0.3562
SPADES ACE HEARTS SIX,0.4244,0.0054,0.5702
CLUBS JACK CLUBS SEVEN,0.603,0.0082,0.3888
SPADES SEVEN DIAMONDS JACK,0.6456,0.0058,0.3486
SPADES KING HEARTS SIX,0.665,0.112,0.223
DIAMONDS ACE HEARTS QUEEN,0.3778,0.0054,0.6168
HEARTS FOUR HEARTS QUEEN,0.62,0.0104,0.3696
SPADES QUEEN HEARTS SIX,0.6542,0.0066,0.3392
SPADES SIX DIAMONDS JACK,0.6586,0.0054,0.336
DIAMONDS TEN SPADES TWO,0.748,0.0378,0.2142
SPADES THREE DIAMONDS TEN,0.73,0.033,0.237
SPADES FOUR DIAMONDS TEN,0.7284,0.0368,0.2348
SPADES FIVE DIAMONDS TEN,0.7434,0.035,0.2216
SPADES SIX DIAMONDS TEN,0.7208,0.0316,0.2476
SPADES SEVEN DIAMONDS TEN,0.6962,0.0306,0.2732
SPADES EIGHT DIAMONDS TEN,0.7096,0.0366,0.2538
SPADES NINE DIAMONDS TEN,0.691,0.0294,0.2796
CLUBS FOUR DIAMONDS TEN,0.748,0.0294,0.2226
CLUBS FIVE DIAMONDS TEN,0.7314,0.0374,0.2312
CLUBS SIX DIAMONDS TEN,0.7298,0.0338,0.2364
CLUBS SEVEN DIAMONDS TEN,0.7124,0.0342,0.2534
CLUBS EIGHT DIAMONDS TEN,0.7198,0.0336,0.2466
CLUBS NINE DIAMONDS TEN,0.6996,0.0354,0.265
CLUBS JACK DIAMONDS THREE,0.6514,0.0076,0.341
DIAMONDS THREE CLUBS KING,0.654,0.1128,0.2332
DIAMONDS THREE CLUBS QUEEN,0.6516,0.0054,0.343
DIAMONDS THREE CLUBS ACE,0.4254,0.0032,0.5714
SPADES FOUR HEARTS JACK,0.6624,0.0086,0.329
SPADES FOUR HEARTS TEN,0.7276,0.0368,0.2356
SPADES FIVE SPADES TWO,0.6044,0.0088,0.3868
SPADES FOUR SPADES TWO,0.6022,0.0062,0.3916
SPADES THREE SPADES TWO,0.6014,0.0084,0.3902
SPADES NINE SPADES TWO,0.6428,0.007,0.3502
SPADES EIGHT SPADES TWO,0.6312,0.0088,0.36
SPADES SEVEN SPADES TWO,0.6178,0.0044,0.3778
SPADES SIX SPADES TWO,0.6228,0.0066,0.3706
DIAMONDS QUEEN CLUBS THREE,0.6586,0.006,0.3354
CLUBS THREE HEARTS TWO,0.6702,0.0092,0.3206
DIAMONDS QUEEN CLUBS TWO,0.66,0.0068,0.3332
HEARTS TWO CLUBS TWO,0.4904,0.0112,0.4984
DIAMONDS QUEEN HEARTS SEVEN,0.6544,0.0054,0.3402
HEARTS TWO HEARTS SEVEN,0.6412,0.0068,0.352
HEARTS SIX DIAMONDS QUEEN,0.655,0.0062,0.3388
HEARTS SIX HEARTS TWO,0.6356,0.0076,0.3568
DIAMONDS QUEEN HEARTS NINE,0.6382,0.0078,0.354
HEARTS TWO HEARTS NINE,0.6494,0.0082,0.3424
DIAMONDS QUEEN HEARTS EIGHT,0.6512,0.006,0.3428
HEARTS TWO HEARTS EIGHT,0.6476,0.0082,0.3442
CLUBS NINE HEARTS TWO,0.6842,0.009,0.3068
CLUBS NINE DIAMONDS QUEEN,0.6426,0.0056,0.3518
CLUBS EIGHT HEARTS TWO,0.6762,0.0084,0.3154
CLUBS EIGHT DIAMONDS QUEEN,0.655,0.0078,0.3372
CLUBS FIVE DIAMONDS QUEEN,0.6514,0.0058,0.3428
CLUBS FIVE HEARTS TWO,0.6602,0.0078,0.332
SPADES EIGHT HEARTS ACE,0.4252,0.005,0.5698
DIAMONDS QUEEN CLUBS FOUR,0.6624,0.0064,0.3312
HEARTS TWO CLUBS FOUR,0.6558,0.009,0.3352
CLUBS SEVEN DIAMONDS QUEEN,0.6502,0.0046,0.3452
CLUBS SEVEN HEARTS TWO,0.6838,0.0082,0.308
SPADES EIGHT HEARTS QUEEN,0.655,0.008,0.337
CLUBS SIX DIAMONDS QUEEN,0.6486,0.0058,0.3456
CLUBS SIX HEARTS TWO,0.6686,0.0082,0.3232
HEARTS TWO SPADES SIX,0.6652,0.0064,0.3284
DIAMONDS QUEEN SPADES SIX,0.639,0.0068,0.3542
HEARTS FOUR CLUBS QUEEN,0.6616,0.0076,0.3308
DIAMONDS ACE CLUBS QUEEN,0.3568,0.0058,0.6374
DIAMONDS QUEEN SPADES SEVEN,0.646,0.0056,0.3484
HEARTS TWO SPADES SEVEN,0.6806,0.0078,0.3116
HEARTS FOUR CLUBS KING,0.646,0.1192,0.2348
DIAMONDS ACE CLUBS KING,0.2462,0.0152,0.7386
DIAMONDS QUEEN SPADES EIGHT,0.6526,0.007,0.3404
SPADES EIGHT HEARTS TWO,0.6792,0.0056,0.3152
HEARTS FOUR CLUBS ACE,0.4164,0.0038,0.5798
DIAMONDS ACE CLUBS ACE,0.135,0.0036,0.8614
SPADES NINE DIAMONDS QUEEN,0.6434,0.0046,0.352
SPADES NINE HEARTS TWO,0.6774,0.0088,0.3138
HEARTS TWO SPADES TWO,0.4876,0.0138,0.4986
DIAMONDS QUEEN SPADES TWO,0.6496,0.0074,0.343
HEARTS TWO SPADES THREE,0.6658,0.0064,0.3278
DIAMONDS QUEEN SPADES THREE,0.6568,0.0062,0.337
HEARTS TWO SPADES FOUR,0.6416,0.0076,0.3508
DIAMONDS QUEEN SPADES FOUR,0.6552,0.0086,0.3362
HEARTS TWO SPADES FIVE,0.6532,0.0086,0.3382
DIAMONDS QUEEN SPADES FIVE,0.6444,0.0078,0.3478
HEARTS FOUR CLUBS JACK,0.6576,0.0082,0.3342
CLUBS JACK DIAMONDS ACE,0.3698,0.0038,0.6264
CLUBS FIVE CLUBS KING,0.6202,0.1088,0.271
CLUBS FIVE CLUBS QUEEN,0.623,0.0066,0.3704
CLUBS FIVE CLUBS ACE,0.406,0.0052,0.5888
CLUBS JACK CLUBS FIVE,0.6284,0.0074,0.3642
SPADES KING CLUBS JACK,0.2306,0.086,0.6834
CLUBS JACK SPADES QUEEN,0.603,0.008,0.389
SPADES ACE CLUBS JACK,0.3796,0.0042,0.6162
SPADES SIX CLUBS KING,0.6528,0.115,0.2322
SPADES SIX CLUBS QUEEN,0.661,0.0068,0.3322
SPADES EIGHT HEARTS JACK,0.6578,0.0042,0.338
SPADES SIX CLUBS ACE,0.4224,0.0048,0.5728
SPADES EIGHT HEARTS TEN,0.717,0.0332,0.2498
CLUBS JACK SPADES SIX,0.6614,0.0072,0.3314
CLUBS JACK SPADES TEN,0.7074,0.0248,0.2678
CLUBS JACK SPADES JACK,0.2946,0.0072,0.6982
SPADES QUEEN CLUBS SEVEN,0.6526,0.0038,0.3436
SPADES KING CLUBS SEVEN,0.6492,0.1178,0.233
SPADES ACE CLUBS SEVEN,0.4224,0.0042,0.5734
SPADES SIX HEARTS TEN,0.7252,0.039,0.2358
SPADES SIX HEARTS JACK,0.6588,0.0052,0.336
SPADES SIX HEARTS ACE,0.424,0.005,0.571
SPADES SIX HEARTS QUEEN,0.658,0.0044,0.3376
CLUBS SEVEN SPADES JACK,0.6478,0.0072,0.345
CLUBS SEVEN SPADES TEN,0.706,0.043,0.251
CLUBS JACK HEARTS SIX,0.6424,0.008,0.3496
CLUBS JACK CLUBS ACE,0.3444,0.0038,0.6518
HEARTS SIX CLUBS QUEEN,0.6538,0.0076,0.3386
HEARTS SIX CLUBS KING,0.6532,0.1174,0.2294
HEARTS SIX CLUBS ACE,0.4268,0.0044,0.5688
CLUBS JACK CLUBS QUEEN,0.5646,0.0074,0.428
CLUBS JACK CLUBS KING,0.2294,0.0828,0.6878
DIAMONDS THREE HEARTS ACE,0.4098,0.0056,0.5846
DIAMONDS THREE HEARTS QUEEN,0.6596,0.0094,0.331
CLUBS FIVE HEARTS JACK,0.6592,0.0094,0.3314
SPADES TEN DIAMONDS ACE,0.2566,0.0204,0.723
HEARTS FOUR SPADES TEN,0.7284,0.0362,0.2354
CLUBS FIVE HEARTS TEN,0.7464,0.0334,0.2202
HEARTS FOUR SPADES JACK,0.659,0.0082,0.3328
SPADES JACK DIAMONDS ACE,0.361,0.0034,0.6356
SPADES ACE HEARTS FOUR,0.4316,0.0046,0.5638
SPADES ACE DIAMONDS ACE,0.1512,0.0034,0.8454
CLUBS FIVE HEARTS ACE,0.4194,0.004,0.5766
HEARTS FOUR SPADES QUEEN,0.6606,0.008,0.3314
SPADES QUEEN DIAMONDS ACE,0.3712,0.0024,0.6264
CLUBS JACK SPADES FOUR,0.6464,0.0078,0.3458
CLUBS FIVE HEARTS QUEEN,0.6632,0.0074,0.3294
SPADES KING DIAMONDS ACE,0.257,0.0078,0.7352
HEARTS FOUR SPADES KING,0.6522,0.116,0.2318
DIAMONDS QUEEN DIAMONDS ACE,0.3438,0.0036,0.6526
HEARTS TWO DIAMONDS ACE,0.4234,0.006,0.5706
HEARTS FOUR DIAMONDS QUEEN,0.6522,0.007,0.3408
HEARTS FOUR HEARTS TWO,0.6114,0.008,0.3806
DIAMONDS THREE HEARTS TEN,0.7524,0.0338,0.2138
SPADES FOUR CLUBS KING,0.6448,0.121,0.2342
HEARTS FIVE DIAMONDS QUEEN,0.6544,0.008,0.3376
HEARTS FIVE HEARTS TWO,0.615,0.0078,0.3772
DIAMONDS THREE HEARTS JACK,0.6552,0.0092,0.3356
SPADES FOUR CLUBS QUEEN,0.6446,0.0066,0.3488
DIAMONDS QUEEN HEARTS TWO,0.6584,0.0056,0.336
DIAMONDS KING DIAMONDS QUEEN,0.2376,0.057,0.7054
DIAMONDS KING HEARTS TWO,0.667,0.1218,0.2112
HEARTS THREE DIAMONDS QUEEN,0.658,0.0064,0.3356
HEARTS THREE HEARTS TWO,0.6214,0.0092,0.3694
SPADES FOUR CLUBS ACE,0.4184,0.0036,0.578
HEARTS TWO CLUBS ACE,0.4182,0.008,0.5738
DIAMONDS QUEEN CLUBS ACE,0.3654,0.0042,0.6304
HEARTS TWO CLUBS QUEEN,0.668,0.0068,0.3252
DIAMONDS QUEEN CLUBS QUEEN,0.2856,0.0044,0.71
HEARTS TWO CLUBS KING,0.6622,0.1116,0.2262
DIAMONDS QUEEN CLUBS KING,0.2486,0.0606,0.6908
SPADES EIGHT SPADES FIVE,0.607,0.0056,0.3874
SPADES NINE SPADES FIVE,0.6186,0.006,0.3754
CLUBS JACK HEARTS TWO,0.6578,0.0086,0.3336
CLUBS JACK DIAMONDS QUEEN,0.5914,0.0076,0.401
SPADES SIX SPADES FIVE,0.5882,0.0062,0.4056
SPADES SEVEN SPADES FIVE,0.6024,0.0062,0.3914
DIAMONDS FIVE CLUBS QUEEN,0.6504,0.006,0.3436
SPADES EIGHT CLUBS ACE,0.422,0.003,0.575
DIAMONDS FIVE CLUBS KING,0.6482,0.1184,0.2334
SPADES EIGHT CLUBS KING,0.652,0.123,0.225
DIAMONDS FIVE CLUBS ACE,0.4098,0.003,0.5872
SPADES EIGHT CLUBS QUEEN,0.6504,0.0068,0.3428
CLUBS JACK SPADES EIGHT,0.6336,0.0082,0.3582
CLUBS JACK DIAMONDS FIVE,0.6396,0.0054,0.355
HEARTS JACK DIAMONDS TEN,0.705,0.0276,0.2674
DIAMONDS TEN HEARTS TEN,0.3222,0.0208,0.657
SPADES ACE CLUBS NINE,0.4186,0.0032,0.5782
CLUBS NINE SPADES QUEEN,0.6408,0.0062,0.353
CLUBS NINE SPADES KING,0.6406,0.1284,0.231
DIAMONDS KING SPADES SEVEN,0.6598,0.1042,0.236
HEARTS THREE SPADES SEVEN,0.6598,0.0092,0.331
SPADES KING DIAMONDS SEVEN,0.6456,0.1182,0.2362
HEARTS SIX HEARTS QUEEN,0.62,0.0078,0.3722
SPADES QUEEN DIAMONDS SEVEN,0.6572,0.0066,0.3362
HEARTS THREE SPADES SIX,0.6482,0.0056,0.3462
DIAMONDS KING SPADES SIX,0.6352,0.1198,0.245
DIAMONDS KING SPADES NINE,0.654,0.1228,0.2232
HEARTS THREE SPADES NINE,0.688,0.0064,0.3056
HEARTS SIX HEARTS ACE,0.4076,0.0048,0.5876
DIAMONDS KING SPADES EIGHT,0.65,0.1146,0.2354
HEARTS THREE SPADES EIGHT,0.6724,0.0076,0.32
SPADES ACE DIAMONDS SEVEN,0.4266,0.0026,0.5708
CLUBS NINE HEARTS THREE,0.6856,0.0088,0.3056
CLUBS NINE DIAMONDS KING,0.6516,0.118,0.2304
HEARTS THREE CLUBS EIGHT,0.6804,0.0084,0.3112
CLUBS EIGHT DIAMONDS KING,0.6562,0.1166,0.2272
HEARTS THREE SPADES THREE,0.4804,0.0092,0.5104
DIAMONDS KING SPADES THREE,0.641,0.1182,0.2408
HEARTS THREE SPADES TWO,0.6652,0.007,0.3278
