opposingHand,winningChance,drawChance,lostChance
CLUBS SEVEN SPADES SIX
HEARTS FIVE SPADES TEN,0.4212,0.0268,0.552
SPADES JACK HEARTS FIVE,0.4088,0.0172,0.574
SPADES FIVE CLUBS JACK,0.4126,0.019,0.5684
CLUBS TEN SPADES FIVE,0.429,0.028,0.543
CLUBS EIGHT CLUBS JACK,0.3428,0.017,0.6402
CLUBS TEN CLUBS EIGHT,0.3264,0.0254,0.6482
CLUBS EIGHT CLUBS KING,0.3552,0.007,0.6378
SPADES FIVE CLUBS ACE,0.4188,0.005,0.5762
CLUBS EIGHT CLUBS QUEEN,0.3436,0.0112,0.6452
SPADES FIVE CLUBS KING,0.4288,0.0076,0.5636
SPADES FIVE CLUBS QUEEN,0.4198,0.0164,0.5638
CLUBS EIGHT CLUBS ACE,0.3438,0.0048,0.6514
DIAMONDS TWO DIAMONDS THREE,0.5386,0.0836,0.3778
DIAMONDS TWO DIAMONDS FIVE,0.5524,0.0872,0.3604
SPADES KING HEARTS FIVE,0.4062,0.007,0.5868
DIAMONDS TWO DIAMONDS FOUR,0.5328,0.092,0.3752
SPADES QUEEN HEARTS FIVE,0.4318,0.0118,0.5564
DIAMONDS TWO DIAMONDS SEVEN,0.3906,0.3506,0.2588
DIAMONDS TWO DIAMONDS SIX,0.545,0.196,0.259
SPADES ACE HEARTS FIVE,0.4208,0.0034,0.5758
DIAMONDS TWO DIAMONDS NINE,0.4072,0.0414,0.5514
DIAMONDS TWO DIAMONDS EIGHT,0.4122,0.0566,0.5312
DIAMONDS THREE DIAMONDS FOUR,0.5214,0.0912,0.3874
CLUBS TWO SPADES FOUR,0.5906,0.0984,0.311
DIAMONDS THREE DIAMONDS FIVE,0.543,0.0914,0.3656
CLUBS TWO SPADES FIVE,0.5906,0.1028,0.3066
CLUBS TWO SPADES TWO,0.3954,0.1104,0.4942
CLUBS TWO SPADES THREE,0.5784,0.1026,0.319
DIAMONDS THREE DIAMONDS EIGHT,0.405,0.0644,0.5306
SPADES EIGHT CLUBS TWO,0.4362,0.067,0.4968
DIAMONDS THREE DIAMONDS NINE,0.4108,0.0432,0.546
SPADES NINE CLUBS TWO,0.4332,0.0452,0.5216
DIAMONDS THREE DIAMONDS SIX,0.522,0.1964,0.2816
DIAMONDS THREE DIAMONDS SEVEN,0.3884,0.353,0.2586
CLUBS TWO SPADES SEVEN,0.418,0.37,0.212
CLUBS SIX CLUBS TWO,0.571,0.1824,0.2466
CLUBS FOUR CLUBS TWO,0.5686,0.0878,0.3436
CLUBS FIVE CLUBS TWO,0.5612,0.0956,0.3432
CLUBS TEN CLUBS JACK,0.328,0.0138,0.6582
DIAMONDS FOUR DIAMONDS SIX,0.5262,0.1906,0.2832
CLUBS TEN CLUBS QUEEN,0.3508,0.0106,0.6386
DIAMONDS FOUR DIAMONDS SEVEN,0.389,0.3428,0.2682
CLUBS TEN CLUBS KING,0.3394,0.0062,0.6544
CLUBS TEN CLUBS ACE,0.3478,0.0046,0.6476
CLUBS EIGHT CLUBS TWO,0.4212,0.0662,0.5126
DIAMONDS FIVE DIAMONDS FOUR,0.5294,0.0896,0.381
CLUBS NINE CLUBS TWO,0.4224,0.038,0.5396
DIAMONDS NINE DIAMONDS FOUR,0.4078,0.045,0.5472
DIAMONDS EIGHT DIAMONDS FOUR,0.3998,0.0624,0.5378
CLUBS TWO CLUBS THREE,0.5614,0.0888,0.3498
DIAMONDS NINE DIAMONDS FIVE,0.4004,0.0402,0.5594
DIAMONDS TWO CLUBS JACK,0.434,0.0192,0.5468
DIAMONDS EIGHT DIAMONDS FIVE,0.3802,0.054,0.5658
CLUBS TEN DIAMONDS TWO,0.432,0.0296,0.5384
DIAMONDS FIVE DIAMONDS SEVEN,0.384,0.349,0.267
DIAMONDS FIVE DIAMONDS SIX,0.5292,0.1914,0.2794
DIAMONDS TWO CLUBS ACE,0.4268,0.0064,0.5668
DIAMONDS TWO CLUBS KING,0.4394,0.0088,0.5518
DIAMONDS TWO CLUBS QUEEN,0.4368,0.013,0.5502
DIAMONDS EIGHT DIAMONDS SIX,0.2374,0.1376,0.625
DIAMONDS NINE DIAMONDS SIX,0.246,0.0932,0.6608
HEARTS ACE SPADES THREE,0.423,0.0046,0.5724
HEARTS KING SPADES THREE,0.4328,0.0114,0.5558
DIAMONDS SEVEN DIAMONDS SIX,0.0228,0.9008,0.0764
SPADES THREE HEARTS QUEEN,0.432,0.0112,0.5568
SPADES THREE HEARTS JACK,0.4348,0.0188,0.5464
SPADES THREE HEARTS TEN,0.435,0.0276,0.5374
DIAMONDS EIGHT DIAMONDS SEVEN,0.24,0.1386,0.6214
DIAMONDS NINE DIAMONDS SEVEN,0.2468,0.103,0.6502
DIAMONDS NINE DIAMONDS EIGHT,0.3202,0.036,0.6438
DIAMONDS KING HEARTS TEN,0.3708,0.0054,0.6238
HEARTS THREE HEARTS TEN,0.4068,0.028,0.5652
CLUBS SIX SPADES JACK,0.2806,0.059,0.6604
DIAMONDS KING HEARTS JACK,0.3626,0.006,0.6314
HEARTS THREE HEARTS JACK,0.4084,0.0184,0.5732
CLUBS SIX SPADES TEN,0.282,0.075,0.643
SPADES JACK SPADES FIVE,0.3944,0.0186,0.587
SPADES TEN SPADES FIVE,0.4154,0.0268,0.5578
DIAMONDS KING HEARTS ACE,0.3784,0.003,0.6186
HEARTS THREE HEARTS ACE,0.3978,0.0024,0.5998
SPADES ACE CLUBS SIX,0.288,0.0238,0.6882
DIAMONDS KING HEARTS QUEEN,0.3782,0.005,0.6168
HEARTS THREE HEARTS QUEEN,0.4134,0.0082,0.5784
SPADES KING CLUBS SIX,0.2906,0.0328,0.6766
DIAMONDS KING HEARTS KING,0.188,0.0168,0.7952
HEARTS THREE HEARTS KING,0.3972,0.0086,0.5942
SPADES QUEEN CLUBS SIX,0.2908,0.048,0.6612
SPADES NINE HEARTS TEN,0.344,0.0238,0.6322
SPADES NINE HEARTS JACK,0.3544,0.0204,0.6252
SPADES QUEEN SPADES FIVE,0.3998,0.0136,0.5866
SPADES KING SPADES FIVE,0.4024,0.0094,0.5882
SPADES ACE SPADES FIVE,0.3964,0.0048,0.5988
SPADES NINE HEARTS QUEEN,0.3698,0.0122,0.618
SPADES NINE HEARTS KING,0.3648,0.008,0.6272
SPADES NINE HEARTS ACE,0.3788,0.005,0.6162
CLUBS TEN SPADES JACK,0.3338,0.0154,0.6508
CLUBS TEN SPADES TEN,0.176,0.0498,0.7742
SPADES ACE CLUBS TEN,0.3488,0.0062,0.645
SPADES KING CLUBS TEN,0.3536,0.0062,0.6402
CLUBS TEN SPADES QUEEN,0.3618,0.0122,0.626
SPADES FIVE HEARTS QUEEN,0.412,0.015,0.573
SPADES FIVE HEARTS KING,0.4328,0.0086,0.5586
SPADES FIVE HEARTS ACE,0.4164,0.0044,0.5792
CLUBS EIGHT SPADES TEN,0.3544,0.0286,0.617
HEARTS THREE SPADES JACK,0.4236,0.0192,0.5572
SPADES JACK DIAMONDS KING,0.366,0.0056,0.6284
SPADES TEN DIAMONDS KING,0.363,0.005,0.632
HEARTS THREE SPADES TEN,0.426,0.0302,0.5438
SPADES JACK CLUBS EIGHT,0.3432,0.022,0.6348
SPADES ACE CLUBS EIGHT,0.359,0.0044,0.6366
HEARTS FIVE CLUBS JACK,0.4092,0.0202,0.5706
CLUBS SIX HEARTS ACE,0.2918,0.0214,0.6868
CLUBS TEN HEARTS FIVE,0.414,0.0284,0.5576
SPADES QUEEN CLUBS EIGHT,0.362,0.0122,0.6258
CLUBS TEN SPADES THREE,0.4336,0.0272,0.5392
CLUBS SIX HEARTS QUEEN,0.2916,0.0476,0.6608
SPADES KING CLUBS EIGHT,0.3606,0.0098,0.6296
SPADES THREE CLUBS JACK,0.4302,0.023,0.5468
CLUBS SIX HEARTS KING,0.284,0.0322,0.6838
DIAMONDS TWO HEARTS JACK,0.4396,0.0196,0.5408
SPADES THREE CLUBS QUEEN,0.4374,0.0158,0.5468
DIAMONDS TWO HEARTS TEN,0.4366,0.033,0.5304
SPADES THREE CLUBS KING,0.4286,0.0106,0.5608
HEARTS FIVE CLUBS ACE,0.4148,0.0056,0.5796
SPADES FIVE HEARTS TEN,0.4294,0.0278,0.5428
SPADES THREE CLUBS ACE,0.423,0.0044,0.5726
HEARTS FIVE CLUBS KING,0.4236,0.0068,0.5696
SPADES FIVE HEARTS JACK,0.4386,0.0194,0.542
HEARTS FIVE CLUBS QUEEN,0.4126,0.0126,0.5748
HEARTS THREE CLUBS KING,0.4268,0.0088,0.5644
DIAMONDS KING CLUBS KING,0.1844,0.017,0.7986
HEARTS THREE CLUBS QUEEN,0.4304,0.0118,0.5578
DIAMONDS KING CLUBS QUEEN,0.3738,0.0056,0.6206
HEARTS FIVE HEARTS JACK,0.395,0.019,0.586
HEARTS FIVE HEARTS TEN,0.3878,0.0268,0.5854
HEARTS THREE CLUBS ACE,0.423,0.0042,0.5728
DIAMONDS KING CLUBS ACE,0.3646,0.0048,0.6306
SPADES ACE CLUBS QUEEN,0.3648,0.0062,0.629
SPADES KING CLUBS QUEEN,0.3648,0.0094,0.6258
HEARTS THREE CLUBS JACK,0.413,0.0212,0.5658
DIAMONDS KING CLUBS JACK,0.3594,0.0054,0.6352
SPADES QUEEN CLUBS QUEEN,0.1832,0.0324,0.7844
CLUBS TEN HEARTS THREE,0.4374,0.025,0.5376
CLUBS TEN DIAMONDS KING,0.3588,0.0072,0.634
SPADES JACK CLUBS QUEEN,0.3322,0.0108,0.657
CLUBS SIX CLUBS QUEEN,0.2812,0.0498,0.669
SPADES TEN CLUBS QUEEN,0.3422,0.0114,0.6464
CLUBS SIX CLUBS KING,0.285,0.0314,0.6836
CLUBS SIX CLUBS ACE,0.2836,0.0236,0.6928
HEARTS FIVE HEARTS KING,0.3956,0.0074,0.597
HEARTS FIVE HEARTS QUEEN,0.3998,0.0108,0.5894
CLUBS TEN CLUBS SIX,0.2774,0.0782,0.6444
HEARTS FIVE HEARTS ACE,0.3784,0.004,0.6176
CLUBS SIX CLUBS JACK,0.2856,0.0572,0.6572
SPADES SEVEN HEARTS JACK,0.2598,0.0608,0.6794
SPADES SEVEN HEARTS TEN,0.2746,0.0838,0.6416
DIAMONDS TWO CLUBS TWO,0.3874,0.1074,0.5052
DIAMONDS TWO CLUBS THREE,0.5826,0.0956,0.3218
HEARTS SIX DIAMONDS TWO,0.588,0.1982,0.2138
DIAMONDS TWO HEARTS QUEEN,0.4434,0.0118,0.5448
DIAMONDS TWO HEARTS SEVEN,0.411,0.3802,0.2088
DIAMONDS TWO HEARTS KING,0.4396,0.0062,0.5542
DIAMONDS TWO HEARTS EIGHT,0.44,0.0654,0.4946
DIAMONDS TWO HEARTS ACE,0.4116,0.0044,0.584
DIAMONDS TWO HEARTS NINE,0.4338,0.0392,0.527
DIAMONDS TWO DIAMONDS QUEEN,0.4186,0.0132,0.5682
DIAMONDS TWO HEARTS TWO,0.403,0.112,0.485
DIAMONDS TWO DIAMONDS KING,0.4154,0.007,0.5776
HEARTS THREE DIAMONDS TWO,0.5792,0.0896,0.3312
DIAMONDS TWO DIAMONDS ACE,0.3878,0.0036,0.6086
HEARTS FOUR DIAMONDS TWO,0.58,0.0968,0.3232
DIAMONDS TWO HEARTS FIVE,0.5892,0.0968,0.314
SPADES SEVEN HEARTS ACE,0.275,0.0224,0.7026
DIAMONDS TWO DIAMONDS TEN,0.3996,0.0242,0.5762
SPADES SEVEN HEARTS KING,0.2798,0.0374,0.6828
DIAMONDS TWO DIAMONDS JACK,0.4074,0.0142,0.5784
SPADES SEVEN HEARTS QUEEN,0.2868,0.0452,0.668
DIAMONDS TWO SPADES NINE,0.4348,0.0454,0.5198
DIAMONDS TWO SPADES EIGHT,0.4248,0.0596,0.5156
DIAMONDS TWO SPADES SEVEN,0.4198,0.3666,0.2136
DIAMONDS TWO SPADES FIVE,0.5818,0.1036,0.3146
DIAMONDS TWO SPADES FOUR,0.5782,0.103,0.3188
DIAMONDS TWO SPADES THREE,0.5772,0.0966,0.3262
DIAMONDS TWO SPADES TWO,0.397,0.1016,0.5014
CLUBS NINE DIAMONDS TWO,0.444,0.0372,0.5188
DIAMONDS TWO CLUBS EIGHT,0.4338,0.0622,0.504
CLUBS SIX DIAMONDS TWO,0.588,0.2014,0.2106
DIAMONDS TWO CLUBS FIVE,0.5862,0.0972,0.3166
DIAMONDS TWO CLUBS FOUR,0.5766,0.1012,0.3222
CLUBS FOUR SPADES FIVE,0.584,0.095,0.321
CLUBS FOUR SPADES FOUR,0.3938,0.1034,0.5028
CLUBS FOUR SPADES THREE,0.581,0.099,0.32
CLUBS FOUR SPADES TWO,0.5886,0.1042,0.3072
CLUBS FOUR SPADES NINE,0.4232,0.0442,0.5326
CLUBS FOUR SPADES EIGHT,0.4324,0.0594,0.5082
CLUBS FOUR SPADES SEVEN,0.4138,0.371,0.2152
SPADES ACE DIAMONDS SIX,0.2872,0.0198,0.693
SPADES QUEEN DIAMONDS SIX,0.2918,0.045,0.6632
SPADES KING DIAMONDS SIX,0.2878,0.0308,0.6814
SPADES TEN DIAMONDS SIX,0.2748,0.0734,0.6518
SPADES JACK DIAMONDS SIX,0.2944,0.0568,0.6488
SPADES QUEEN SPADES TWO,0.4164,0.0112,0.5724
SPADES KING SPADES TWO,0.4166,0.0088,0.5746
SPADES ACE SPADES TWO,0.406,0.0052,0.5888
DIAMONDS JACK CLUBS JACK,0.1904,0.042,0.7676
CLUBS TEN DIAMONDS JACK,0.3534,0.0148,0.6318
DIAMONDS JACK CLUBS KING,0.361,0.007,0.632
DIAMONDS JACK CLUBS QUEEN,0.3464,0.0074,0.6462
DIAMONDS THREE DIAMONDS JACK,0.4066,0.0208,0.5726
DIAMONDS THREE DIAMONDS TEN,0.4106,0.0278,0.5616
DIAMONDS JACK CLUBS ACE,0.3712,0.0036,0.6252
DIAMONDS THREE DIAMONDS KING,0.4102,0.0072,0.5826
HEARTS THREE DIAMONDS THREE,0.3928,0.1032,0.504
DIAMONDS THREE DIAMONDS QUEEN,0.402,0.0142,0.5838
DIAMONDS THREE HEARTS TWO,0.5864,0.093,0.3206
HEARTS FIVE DIAMONDS THREE,0.567,0.0986,0.3344
DIAMONDS THREE DIAMONDS ACE,0.4068,0.0026,0.5906
HEARTS FOUR DIAMONDS THREE,0.5684,0.089,0.3426
DIAMONDS THREE HEARTS SEVEN,0.4248,0.3652,0.21
SPADES TEN SPADES NINE,0.3396,0.0238,0.6366
HEARTS SIX DIAMONDS THREE,0.5776,0.1948,0.2276
SPADES JACK SPADES NINE,0.3414,0.0146,0.644
DIAMONDS THREE HEARTS NINE,0.4468,0.0424,0.5108
HEARTS JACK DIAMONDS FOUR,0.438,0.0202,0.5418
HEARTS KING HEARTS ACE,0.3676,0.0042,0.6282
SPADES TEN SPADES TWO,0.4228,0.0286,0.5486
DIAMONDS THREE HEARTS EIGHT,0.4276,0.0654,0.507
HEARTS TEN DIAMONDS FOUR,0.4332,0.0232,0.5436
SPADES JACK SPADES TWO,0.4192,0.0224,0.5584
HEARTS QUEEN DIAMONDS FOUR,0.4216,0.0112,0.5672
HEARTS KING DIAMONDS FOUR,0.4166,0.007,0.5764
SPADES ACE SPADES NINE,0.3464,0.003,0.6506
HEARTS ACE DIAMONDS FOUR,0.4218,0.0044,0.5738
SPADES KING SPADES NINE,0.3532,0.0086,0.6382
SPADES QUEEN SPADES NINE,0.3524,0.0088,0.6388
DIAMONDS THREE SPADES NINE,0.4236,0.047,0.5294
DIAMONDS THREE SPADES EIGHT,0.4312,0.0616,0.5072
DIAMONDS THREE SPADES SEVEN,0.4126,0.3686,0.2188
CLUBS SIX DIAMONDS THREE,0.5718,0.2,0.2282
CLUBS ACE DIAMONDS FOUR,0.4146,0.005,0.5804
CLUBS SIX CLUBS FIVE,0.531,0.1948,0.2742
DIAMONDS THREE CLUBS FOUR,0.5654,0.102,0.3326
DIAMONDS FOUR CLUBS QUEEN,0.4242,0.0116,0.5642
DIAMONDS THREE CLUBS FIVE,0.589,0.0906,0.3204
CLUBS KING DIAMONDS FOUR,0.4258,0.0072,0.567
DIAMONDS THREE CLUBS TWO,0.5852,0.0976,0.3172
CLUBS TEN DIAMONDS FOUR,0.4242,0.0302,0.5456
DIAMONDS THREE CLUBS THREE,0.4128,0.116,0.4712
DIAMONDS FOUR CLUBS JACK,0.4196,0.0172,0.5632
DIAMONDS THREE SPADES FOUR,0.5858,0.0996,0.3146
DIAMONDS THREE SPADES FIVE,0.5744,0.0996,0.326
DIAMONDS THREE SPADES TWO,0.5862,0.0988,0.315
DIAMONDS THREE SPADES THREE,0.3994,0.1058,0.4948
CLUBS EIGHT DIAMONDS THREE,0.427,0.0644,0.5086
CLUBS NINE DIAMONDS THREE,0.4324,0.0392,0.5284
SPADES SEVEN CLUBS ACE,0.284,0.0268,0.6892
SPADES SEVEN CLUBS QUEEN,0.277,0.0464,0.6766
SPADES SEVEN CLUBS KING,0.271,0.038,0.691
CLUBS FIVE SPADES SEVEN,0.4058,0.3764,0.2178
CLUBS TEN SPADES SEVEN,0.2556,0.0798,0.6646
SPADES SEVEN CLUBS JACK,0.2508,0.064,0.6852
SPADES NINE CLUBS FIVE,0.417,0.0446,0.5384
CLUBS FIVE SPADES EIGHT,0.4158,0.0652,0.519
CLUBS FIVE SPADES THREE,0.5864,0.0986,0.315
CLUBS FIVE SPADES TWO,0.606,0.0966,0.2974
CLUBS FIVE SPADES FIVE,0.3778,0.1086,0.5136
CLUBS FIVE SPADES FOUR,0.5632,0.0938,0.343
CLUBS NINE CLUBS FIVE,0.3904,0.0402,0.5694
CLUBS EIGHT CLUBS FIVE,0.3894,0.0614,0.5492
CLUBS ACE CLUBS QUEEN,0.355,0.003,0.642
CLUBS KING CLUBS QUEEN,0.3356,0.0062,0.6582
DIAMONDS TEN DIAMONDS FOUR,0.412,0.0286,0.5594
CLUBS TEN DIAMONDS NINE,0.3532,0.0194,0.6274
DIAMONDS JACK DIAMONDS FOUR,0.4044,0.0182,0.5774
DIAMONDS NINE CLUBS JACK,0.3504,0.0184,0.6312
SPADES NINE CLUBS JACK,0.3442,0.0158,0.64
CLUBS TEN SPADES NINE,0.3368,0.0242,0.639
DIAMONDS ACE DIAMONDS FOUR,0.3864,0.005,0.6086
HEARTS FOUR DIAMONDS FOUR,0.3938,0.1058,0.5004
DIAMONDS JACK HEARTS TEN,0.362,0.0134,0.6246
SPADES NINE CLUBS KING,0.3626,0.0078,0.6296
DIAMONDS TWO SPADES TEN,0.4208,0.0278,0.5514
DIAMONDS NINE CLUBS ACE,0.3692,0.0042,0.6266
HEARTS FIVE DIAMONDS FOUR,0.5518,0.1008,0.3474
HEARTS JACK DIAMONDS JACK,0.1928,0.0432,0.764
SPADES NINE CLUBS QUEEN,0.3612,0.0136,0.6252
DIAMONDS TWO SPADES JACK,0.425,0.0212,0.5538
DIAMONDS QUEEN DIAMONDS FOUR,0.4028,0.0112,0.586
HEARTS TWO DIAMONDS FOUR,0.582,0.1002,0.3178
DIAMONDS NINE CLUBS QUEEN,0.3558,0.0096,0.6346
DIAMONDS KING DIAMONDS FOUR,0.41,0.007,0.583
HEARTS THREE DIAMONDS FOUR,0.5588,0.0974,0.3438
SPADES NINE CLUBS ACE,0.3482,0.0054,0.6464
DIAMONDS NINE CLUBS KING,0.3784,0.0068,0.6148
HEARTS ACE DIAMONDS JACK,0.3738,0.0022,0.624
SPADES ACE DIAMONDS TWO,0.4054,0.0046,0.59
DIAMONDS JACK HEARTS QUEEN,0.3634,0.009,0.6276
SPADES QUEEN DIAMONDS TWO,0.4434,0.014,0.5426
HEARTS KING DIAMONDS JACK,0.3692,0.0054,0.6254
SPADES KING DIAMONDS TWO,0.4326,0.0062,0.5612
SPADES JACK SPADES SEVEN,0.2566,0.061,0.6824
SPADES TEN SPADES SEVEN,0.2552,0.0782,0.6666
CLUBS SIX CLUBS THREE,0.5428,0.1926,0.2646
CLUBS FIVE CLUBS THREE,0.5526,0.0862,0.3612
CLUBS FOUR CLUBS THREE,0.5592,0.0884,0.3524
CLUBS NINE CLUBS THREE,0.419,0.0338,0.5472
CLUBS EIGHT CLUBS THREE,0.4066,0.058,0.5354
CLUBS THREE SPADES FIVE,0.5902,0.0978,0.312
CLUBS THREE SPADES FOUR,0.573,0.1002,0.3268
CLUBS THREE SPADES THREE,0.3988,0.1088,0.4924
CLUBS THREE SPADES TWO,0.5798,0.1016,0.3186
SPADES SEVEN CLUBS THREE,0.42,0.3764,0.2036
SPADES EIGHT CLUBS THREE,0.4268,0.0668,0.5064
SPADES NINE CLUBS THREE,0.4334,0.0454,0.5212
SPADES TWO DIAMONDS FOUR,0.587,0.0956,0.3174
SPADES THREE DIAMONDS FOUR,0.5764,0.1044,0.3192
SPADES FOUR DIAMONDS FOUR,0.3942,0.1038,0.502
SPADES FIVE DIAMONDS FOUR,0.56,0.0912,0.3488
SPADES SEVEN DIAMONDS FOUR,0.4014,0.3734,0.2252
SPADES EIGHT DIAMONDS FOUR,0.3936,0.0642,0.5422
SPADES NINE DIAMONDS FOUR,0.4188,0.0426,0.5386
CLUBS FIVE DIAMONDS FOUR,0.5604,0.0934,0.3462
CLUBS FOUR DIAMONDS FOUR,0.3836,0.1016,0.5148
CLUBS SIX DIAMONDS FOUR,0.555,0.1942,0.2508
CLUBS NINE DIAMONDS FOUR,0.418,0.0394,0.5426
CLUBS EIGHT DIAMONDS FOUR,0.4148,0.058,0.5272
DIAMONDS FOUR HEARTS SEVEN,0.4052,0.3722,0.2226
HEARTS SIX DIAMONDS FOUR,0.5528,0.196,0.2512
HEARTS NINE DIAMONDS FOUR,0.4314,0.0426,0.526
DIAMONDS FOUR HEARTS EIGHT,0.4096,0.0608,0.5296
CLUBS THREE DIAMONDS FOUR,0.5664,0.0982,0.3354
CLUBS TWO DIAMONDS FOUR,0.583,0.1042,0.3128
DIAMONDS TEN DIAMONDS FIVE,0.398,0.0292,0.5728
DIAMONDS JACK DIAMONDS FIVE,0.3904,0.0174,0.5922
DIAMONDS NINE HEARTS QUEEN,0.3832,0.0084,0.6084
HEARTS KING DIAMONDS NINE,0.3714,0.0056,0.623
DIAMONDS NINE HEARTS ACE,0.3796,0.0044,0.616
DIAMONDS NINE HEARTS TEN,0.364,0.0236,0.6124
DIAMONDS NINE HEARTS JACK,0.3632,0.0158,0.621
CLUBS KING DIAMONDS SIX,0.2834,0.0356,0.681
CLUBS QUEEN DIAMONDS SIX,0.2904,0.0442,0.6654
CLUBS ACE DIAMONDS SIX,0.2914,0.0244,0.6842
SPADES KING DIAMONDS FOUR,0.4182,0.0098,0.572
SPADES ACE SPADES SEVEN,0.2706,0.0186,0.7108
SPADES QUEEN DIAMONDS FOUR,0.4202,0.0158,0.564
SPADES QUEEN SPADES SEVEN,0.2648,0.0458,0.6894
CLUBS JACK DIAMONDS SIX,0.2844,0.0588,0.6568
SPADES KING SPADES SEVEN,0.2716,0.0378,0.6906
SPADES ACE DIAMONDS FOUR,0.411,0.0056,0.5834
CLUBS TEN DIAMONDS SIX,0.271,0.0808,0.6482
CLUBS NINE CLUBS FOUR,0.4012,0.0434,0.5554
CLUBS EIGHT CLUBS FOUR,0.4062,0.0618,0.532
SPADES JACK DIAMONDS FOUR,0.4286,0.0174,0.554
SPADES TEN DIAMONDS FOUR,0.4274,0.0272,0.5454
CLUBS FOUR CLUBS FIVE,0.552,0.0896,0.3584
CLUBS SIX CLUBS FOUR,0.5608,0.1814,0.2578
HEARTS SIX DIAMONDS FIVE,0.5526,0.2012,0.2462
DIAMONDS FIVE HEARTS SEVEN,0.4004,0.3772,0.2224
DIAMONDS FIVE HEARTS EIGHT,0.4122,0.0666,0.5212
HEARTS NINE DIAMONDS FIVE,0.412,0.0448,0.5432
DIAMONDS QUEEN DIAMONDS FIVE,0.3878,0.0124,0.5998
HEARTS TWO DIAMONDS FIVE,0.5816,0.094,0.3244
HEARTS KING HEARTS EIGHT,0.3592,0.0064,0.6344
DIAMONDS KING DIAMONDS FIVE,0.3988,0.0064,0.5948
HEARTS THREE DIAMONDS FIVE,0.573,0.1034,0.3236
HEARTS QUEEN HEARTS EIGHT,0.3532,0.0098,0.637
DIAMONDS ACE DIAMONDS FIVE,0.3756,0.0056,0.6188
HEARTS FOUR DIAMONDS FIVE,0.5738,0.0972,0.329
HEARTS FIVE DIAMONDS FIVE,0.385,0.0996,0.5154
HEARTS ACE HEARTS EIGHT,0.3458,0.0022,0.652
CLUBS FOUR DIAMONDS FIVE,0.5708,0.0892,0.34
CLUBS FIVE DIAMONDS FIVE,0.3766,0.1068,0.5166
CLUBS SIX DIAMONDS FIVE,0.5602,0.198,0.2418
CLUBS TWO DIAMONDS FIVE,0.5906,0.0898,0.3196
CLUBS THREE DIAMONDS FIVE,0.5834,0.0976,0.319
SPADES THREE DIAMONDS FIVE,0.5798,0.096,0.3242
SPADES TWO DIAMONDS FIVE,0.588,0.0954,0.3166
SPADES JACK DIAMONDS EIGHT,0.3512,0.0136,0.6352
SPADES FIVE DIAMONDS FIVE,0.3874,0.1088,0.5038
CLUBS TEN HEARTS JACK,0.3474,0.0124,0.6402
SPADES TEN DIAMONDS EIGHT,0.3574,0.0242,0.6184
SPADES FOUR DIAMONDS FIVE,0.573,0.099,0.328
HEARTS JACK CLUBS JACK,0.1898,0.0424,0.7678
HEARTS JACK CLUBS QUEEN,0.3466,0.0094,0.644
CLUBS NINE DIAMONDS FIVE,0.4338,0.0412,0.525
HEARTS JACK CLUBS KING,0.3568,0.007,0.6362
CLUBS EIGHT DIAMONDS FIVE,0.4088,0.067,0.5242
HEARTS JACK CLUBS ACE,0.3616,0.0044,0.634
SPADES SEVEN DIAMONDS FIVE,0.392,0.3946,0.2134
SPADES KING DIAMONDS EIGHT,0.3736,0.0062,0.6202
SPADES QUEEN DIAMONDS EIGHT,0.3688,0.0114,0.6198
SPADES NINE DIAMONDS FIVE,0.4156,0.034,0.5504
SPADES EIGHT DIAMONDS FIVE,0.3988,0.0658,0.5354
SPADES ACE DIAMONDS EIGHT,0.375,0.0018,0.6232
DIAMONDS TEN DIAMONDS SIX,0.263,0.0746,0.6624
HEARTS ACE DIAMONDS SEVEN,0.2842,0.0248,0.691
DIAMONDS JACK DIAMONDS SIX,0.2726,0.0462,0.6812
HEARTS QUEEN DIAMONDS SEVEN,0.2868,0.043,0.6702
HEARTS KING DIAMONDS SEVEN,0.2806,0.037,0.6824
DIAMONDS ACE DIAMONDS SIX,0.2756,0.0238,0.7006
HEARTS FOUR DIAMONDS SIX,0.5642,0.1916,0.2442
HEARTS JACK SPADES TWO,0.4474,0.019,0.5336
HEARTS FIVE DIAMONDS SIX,0.5596,0.1924,0.248
SPADES TWO HEARTS TEN,0.4452,0.0282,0.5266
DIAMONDS QUEEN DIAMONDS SIX,0.2786,0.0406,0.6808
HEARTS TWO DIAMONDS SIX,0.5976,0.1862,0.2162
DIAMONDS KING DIAMONDS SIX,0.2674,0.0298,0.7028
HEARTS THREE DIAMONDS SIX,0.5816,0.191,0.2274
HEARTS EIGHT DIAMONDS SIX,0.2504,0.1456,0.604
HEARTS NINE DIAMONDS SIX,0.2664,0.1026,0.631
HEARTS SIX DIAMONDS SIX,0.307,0.0906,0.6024
HEARTS SEVEN DIAMONDS SIX,0.0256,0.9538,0.0206
HEARTS TEN DIAMONDS SEVEN,0.2716,0.0788,0.6496
CLUBS TWO DIAMONDS SIX,0.6066,0.1824,0.211
HEARTS JACK DIAMONDS SEVEN,0.276,0.0566,0.6674
CLUBS THREE DIAMONDS SIX,0.5776,0.1974,0.225
DIAMONDS EIGHT CLUBS JACK,0.3564,0.0186,0.625
CLUBS SIX DIAMONDS SIX,0.301,0.09,0.609
CLUBS TEN DIAMONDS EIGHT,0.3542,0.0248,0.621
CLUBS FIVE DIAMONDS SIX,0.5644,0.1844,0.2512
CLUBS FOUR DIAMONDS SIX,0.5656,0.1968,0.2376
HEARTS ACE HEARTS JACK,0.3512,0.0028,0.646
DIAMONDS EIGHT CLUBS ACE,0.3552,0.004,0.6408
HEARTS JACK HEARTS QUEEN,0.3294,0.0092,0.6614
DIAMONDS EIGHT CLUBS KING,0.368,0.0062,0.6258
CLUBS NINE DIAMONDS SIX,0.257,0.1042,0.6388
HEARTS KING HEARTS JACK,0.3492,0.0056,0.6452
DIAMONDS EIGHT CLUBS QUEEN,0.3714,0.0118,0.6168
CLUBS EIGHT DIAMONDS SIX,0.2548,0.1426,0.6026
SPADES TEN HEARTS KING,0.3738,0.0052,0.621
SPADES FIVE DIAMONDS SIX,0.5558,0.2134,0.2308
HEARTS ACE SPADES TWO,0.4224,0.0046,0.573
SPADES JACK HEARTS KING,0.3658,0.0056,0.6286
SPADES FOUR DIAMONDS SIX,0.5692,0.1912,0.2396
SPADES THREE DIAMONDS SIX,0.5724,0.2016,0.226
SPADES TWO HEARTS QUEEN,0.444,0.0128,0.5432
SPADES ACE SPADES KING,0.3648,0.0038,0.6314
HEARTS KING SPADES TWO,0.4458,0.0048,0.5494
SPADES TWO DIAMONDS SIX,0.5724,0.1994,0.2282
HEARTS TEN HEARTS EIGHT,0.3296,0.0228,0.6476
SPADES NINE DIAMONDS SIX,0.259,0.0946,0.6464
HEARTS JACK HEARTS EIGHT,0.3308,0.0168,0.6524
SPADES EIGHT DIAMONDS SIX,0.246,0.1508,0.6032
SPADES SEVEN DIAMONDS SIX,0.0098,0.9718,0.0184
SPADES KING HEARTS KING,0.192,0.0154,0.7926
SPADES QUEEN HEARTS KING,0.3658,0.005,0.6292
CLUBS ACE CLUBS KING,0.3556,0.0036,0.6408
SPADES ACE HEARTS KING,0.3792,0.0048,0.616
SPADES ACE HEARTS JACK,0.3582,0.004,0.6378
SPADES QUEEN HEARTS JACK,0.3432,0.0106,0.6462
SPADES KING HEARTS JACK,0.364,0.0062,0.6298
SPADES TEN DIAMONDS TEN,0.1692,0.0612,0.7696
SPADES JACK DIAMONDS TEN,0.3454,0.013,0.6416
SPADES ACE DIAMONDS TEN,0.3642,0.0044,0.6314
SPADES JACK HEARTS JACK,0.1808,0.041,0.7782
SPADES TEN HEARTS JACK,0.3452,0.0152,0.6396
SPADES QUEEN DIAMONDS TEN,0.3512,0.0074,0.6414
SPADES KING DIAMONDS TEN,0.3818,0.0054,0.6128
SPADES NINE DIAMONDS SEVEN,0.2636,0.112,0.6244
SPADES EIGHT DIAMONDS SEVEN,0.2408,0.1382,0.621
SPADES SEVEN DIAMONDS SEVEN,0.1354,0.0998,0.7648
DIAMONDS KING DIAMONDS SEVEN,0.2734,0.0308,0.6958
HEARTS THREE DIAMONDS SEVEN,0.4302,0.3508,0.219
HEARTS KING DIAMONDS FIVE,0.4192,0.0066,0.5742
DIAMONDS QUEEN DIAMONDS SEVEN,0.2704,0.0426,0.687
HEARTS TWO DIAMONDS SEVEN,0.4148,0.3748,0.2104
HEARTS QUEEN DIAMONDS FIVE,0.424,0.0122,0.5638
HEARTS FIVE DIAMONDS SEVEN,0.4128,0.3628,0.2244
DIAMONDS ACE DIAMONDS SEVEN,0.2584,0.0208,0.7208
HEARTS FOUR DIAMONDS SEVEN,0.4044,0.3658,0.2298
HEARTS ACE DIAMONDS FIVE,0.4238,0.005,0.5712
HEARTS SEVEN DIAMONDS SEVEN,0.1338,0.0974,0.7688
HEARTS SIX DIAMONDS SEVEN,0.0224,0.958,0.0196
HEARTS NINE DIAMONDS SEVEN,0.2616,0.0972,0.6412
DIAMONDS SEVEN HEARTS EIGHT,0.235,0.1442,0.6208
DIAMONDS JACK DIAMONDS SEVEN,0.2576,0.06,0.6824
HEARTS JACK DIAMONDS FIVE,0.4154,0.0186,0.566
DIAMONDS TEN DIAMONDS SEVEN,0.2532,0.0736,0.6732
DIAMONDS FIVE HEARTS TEN,0.4148,0.0264,0.5588
SPADES KING CLUBS TWO,0.4432,0.0078,0.549
HEARTS KING CLUBS KING,0.1906,0.0192,0.7902
CLUBS EIGHT DIAMONDS SEVEN,0.239,0.1422,0.6188
SPADES QUEEN CLUBS TWO,0.4278,0.0138,0.5584
HEARTS KING CLUBS QUEEN,0.3802,0.0066,0.6132
CLUBS NINE DIAMONDS SEVEN,0.2484,0.107,0.6446
SPADES TWO CLUBS JACK,0.4272,0.0178,0.555
SPADES ACE CLUBS TWO,0.4192,0.0064,0.5744
CLUBS TEN SPADES TWO,0.4528,0.0272,0.52
HEARTS KING CLUBS ACE,0.3662,0.0044,0.6294
SPADES TWO CLUBS KING,0.4314,0.0076,0.561
SPADES TWO DIAMONDS SEVEN,0.4166,0.3688,0.2146
CLUBS SIX CLUBS EIGHT,0.2394,0.1394,0.6212
SPADES THREE DIAMONDS SEVEN,0.4178,0.3782,0.204
SPADES TWO CLUBS QUEEN,0.4362,0.0126,0.5512
CLUBS NINE CLUBS SIX,0.2534,0.1012,0.6454
SPADES FOUR DIAMONDS SEVEN,0.414,0.3768,0.2092
HEARTS KING CLUBS JACK,0.374,0.008,0.618
SPADES FIVE DIAMONDS SEVEN,0.399,0.3846,0.2164
SPADES TWO CLUBS ACE,0.4274,0.0056,0.567
CLUBS TEN HEARTS KING,0.376,0.0048,0.6192
CLUBS SIX SPADES TWO,0.5966,0.2052,0.1982
CLUBS SIX SPADES THREE,0.5732,0.2012,0.2256
CLUBS TWO DIAMONDS SEVEN,0.41,0.3778,0.2122
CLUBS SIX SPADES FOUR,0.5708,0.1972,0.232
CLUBS THREE DIAMONDS SEVEN,0.4204,0.3724,0.2072
CLUBS SIX SPADES FIVE,0.5632,0.1986,0.2382
CLUBS FOUR DIAMONDS SEVEN,0.4142,0.3758,0.21
CLUBS FIVE DIAMONDS SEVEN,0.402,0.386,0.212
CLUBS SIX SPADES SEVEN,0.0068,0.9856,0.0076
CLUBS SIX DIAMONDS SEVEN,0.0164,0.973,0.0106
CLUBS SIX SPADES EIGHT,0.2432,0.1444,0.6124
SPADES JACK CLUBS TWO,0.4526,0.0182,0.5292
CLUBS SIX SPADES NINE,0.2582,0.0968,0.645
SPADES TEN CLUBS TWO,0.4358,0.031,0.5332
CLUBS TWO CLUBS QUEEN,0.4242,0.0108,0.565
CLUBS TWO CLUBS KING,0.4238,0.0094,0.5668
CLUBS THREE DIAMONDS EIGHT,0.4446,0.0674,0.488
CLUBS TWO CLUBS ACE,0.3976,0.0058,0.5966
CLUBS TWO DIAMONDS EIGHT,0.4402,0.0642,0.4956
DIAMONDS EIGHT HEARTS SEVEN,0.242,0.1366,0.6214
HEARTS SIX DIAMONDS EIGHT,0.2468,0.1438,0.6094
DIAMONDS EIGHT HEARTS NINE,0.3398,0.037,0.6232
CLUBS TEN CLUBS TWO,0.4238,0.0292,0.547
DIAMONDS EIGHT HEARTS EIGHT,0.1546,0.0758,0.7696
CLUBS TWO CLUBS JACK,0.4146,0.014,0.5714
CLUBS NINE DIAMONDS EIGHT,0.3426,0.0412,0.6162
CLUBS EIGHT DIAMONDS EIGHT,0.1562,0.0846,0.7592
CLUBS FIVE DIAMONDS EIGHT,0.4148,0.0656,0.5196
SPADES ACE SPADES THREE,0.402,0.0042,0.5938
CLUBS FOUR DIAMONDS EIGHT,0.4246,0.0622,0.5132
SPADES QUEEN SPADES THREE,0.4122,0.013,0.5748
CLUBS SIX DIAMONDS EIGHT,0.2596,0.141,0.5994
SPADES KING SPADES THREE,0.4142,0.0082,0.5776
DIAMONDS QUEEN DIAMONDS EIGHT,0.3526,0.011,0.6364
HEARTS TWO DIAMONDS EIGHT,0.4348,0.0654,0.4998
DIAMONDS KING DIAMONDS EIGHT,0.3492,0.006,0.6448
HEARTS THREE DIAMONDS EIGHT,0.4352,0.0602,0.5046
DIAMONDS ACE DIAMONDS EIGHT,0.3514,0.0042,0.6444
HEARTS FOUR DIAMONDS EIGHT,0.4066,0.0642,0.5292
HEARTS FIVE DIAMONDS EIGHT,0.4136,0.0642,0.5222
DIAMONDS EIGHT DIAMONDS TEN,0.3338,0.028,0.6382
DIAMONDS EIGHT DIAMONDS JACK,0.3328,0.0184,0.6488
SPADES JACK SPADES THREE,0.4186,0.0184,0.563
SPADES TEN SPADES THREE,0.4168,0.0292,0.554
CLUBS FOUR HEARTS ACE,0.415,0.006,0.579
CLUBS FOUR HEARTS QUEEN,0.4416,0.0106,0.5478
CLUBS FOUR HEARTS KING,0.432,0.0076,0.5604
CLUBS SIX HEARTS TEN,0.2818,0.0748,0.6434
CLUBS SIX HEARTS JACK,0.2862,0.0632,0.6506
SPADES FOUR DIAMONDS EIGHT,0.424,0.0652,0.5108
SPADES FIVE DIAMONDS EIGHT,0.4124,0.0646,0.523
DIAMONDS EIGHT SPADES TWO,0.4446,0.065,0.4904
DIAMONDS EIGHT SPADES THREE,0.4366,0.0622,0.5012
CLUBS FOUR HEARTS JACK,0.4334,0.0134,0.5532
SPADES EIGHT DIAMONDS EIGHT,0.1582,0.073,0.7688
SPADES TEN DIAMONDS QUEEN,0.3642,0.0086,0.6272
SPADES TEN HEARTS TWO,0.4366,0.0324,0.531
SPADES JACK HEARTS EIGHT,0.3584,0.019,0.6226
CLUBS FOUR HEARTS TEN,0.4254,0.0262,0.5484
SPADES NINE DIAMONDS EIGHT,0.3476,0.034,0.6184
SPADES TEN HEARTS EIGHT,0.3602,0.0272,0.6126
SPADES JACK HEARTS TWO,0.44,0.0188,0.5412
SPADES JACK DIAMONDS QUEEN,0.3552,0.009,0.6358
SPADES SEVEN DIAMONDS EIGHT,0.2568,0.1448,0.5984
SPADES ACE HEARTS TWO,0.4212,0.0064,0.5724
SPADES ACE DIAMONDS QUEEN,0.3624,0.0038,0.6338
SPADES ACE HEARTS EIGHT,0.3634,0.003,0.6336
SPADES KING HEARTS EIGHT,0.3772,0.008,0.6148
SPADES QUEEN HEARTS TWO,0.4354,0.014,0.5506
SPADES QUEEN DIAMONDS QUEEN,0.1842,0.0286,0.7872
SPADES KING DIAMONDS QUEEN,0.3682,0.0062,0.6256
SPADES KING HEARTS TWO,0.444,0.0084,0.5476
SPADES QUEEN HEARTS EIGHT,0.3602,0.012,0.6278
CLUBS TWO HEARTS TEN,0.4374,0.0304,0.5322
CLUBS TWO HEARTS JACK,0.4252,0.0202,0.5546
SPADES SEVEN DIAMONDS NINE,0.2432,0.1088,0.648
SPADES NINE DIAMONDS NINE,0.1652,0.0724,0.7624
SPADES EIGHT DIAMONDS NINE,0.3212,0.043,0.6358
SPADES TEN CLUBS KING,0.364,0.0114,0.6246
DIAMONDS NINE SPADES THREE,0.4354,0.0438,0.5208
SPADES JACK CLUBS KING,0.3652,0.0082,0.6266
DIAMONDS NINE SPADES TWO,0.4518,0.0418,0.5064
SPADES FIVE DIAMONDS NINE,0.4148,0.0426,0.5426
DIAMONDS NINE SPADES FOUR,0.4148,0.041,0.5442
CLUBS NINE DIAMONDS NINE,0.1624,0.0666,0.771
CLUBS EIGHT DIAMONDS NINE,0.3444,0.0342,0.6214
CLUBS SIX DIAMONDS NINE,0.27,0.1042,0.6258
SPADES JACK CLUBS FOUR,0.4044,0.0238,0.5718
SPADES TEN CLUBS FOUR,0.4254,0.0298,0.5448
CLUBS FOUR DIAMONDS NINE,0.4256,0.044,0.5304
CLUBS FIVE DIAMONDS NINE,0.42,0.042,0.538
CLUBS TWO DIAMONDS NINE,0.4472,0.0406,0.5122
CLUBS THREE DIAMONDS NINE,0.4418,0.037,0.5212
DIAMONDS NINE HEARTS EIGHT,0.3366,0.0382,0.6252
DIAMONDS NINE HEARTS NINE,0.185,0.063,0.752
HEARTS SIX DIAMONDS NINE,0.2724,0.1008,0.6268
DIAMONDS NINE HEARTS SEVEN,0.2772,0.1082,0.6146
CLUBS NINE CLUBS EIGHT,0.32,0.0368,0.6432
DIAMONDS ACE DIAMONDS NINE,0.3384,0.0032,0.6584
HEARTS FOUR DIAMONDS NINE,0.4412,0.044,0.5148
HEARTS FIVE DIAMONDS NINE,0.408,0.0404,0.5516
CLUBS TWO HEARTS ACE,0.4148,0.0042,0.581
SPADES ACE CLUBS FOUR,0.4216,0.0052,0.5732
DIAMONDS QUEEN DIAMONDS NINE,0.3458,0.0122,0.642
HEARTS TWO DIAMONDS NINE,0.4316,0.0426,0.5258
CLUBS TWO HEARTS KING,0.4434,0.0082,0.5484
SPADES KING CLUBS FOUR,0.4236,0.0084,0.568
DIAMONDS KING DIAMONDS NINE,0.3492,0.0048,0.646
HEARTS THREE DIAMONDS NINE,0.441,0.0384,0.5206
CLUBS TWO HEARTS QUEEN,0.4452,0.01,0.5448
SPADES QUEEN CLUBS FOUR,0.425,0.0146,0.5604
DIAMONDS NINE DIAMONDS JACK,0.3356,0.0142,0.6502
CLUBS EIGHT SPADES NINE,0.3348,0.037,0.6282
DIAMONDS NINE DIAMONDS TEN,0.3262,0.0238,0.65
CLUBS EIGHT SPADES EIGHT,0.1444,0.0822,0.7734
CLUBS EIGHT SPADES SEVEN,0.232,0.1512,0.6168
CLUBS EIGHT SPADES FIVE,0.404,0.0698,0.5262
CLUBS EIGHT SPADES FOUR,0.4244,0.0644,0.5112
CLUBS EIGHT SPADES THREE,0.4218,0.068,0.5102
CLUBS EIGHT SPADES TWO,0.4288,0.0744,0.4968
HEARTS SIX DIAMONDS TEN,0.2802,0.0766,0.6432
DIAMONDS TEN HEARTS SEVEN,0.2798,0.0764,0.6438
DIAMONDS TEN HEARTS EIGHT,0.346,0.0206,0.6334
CLUBS FOUR CLUBS JACK,0.3928,0.0216,0.5856
DIAMONDS TEN HEARTS NINE,0.3324,0.0234,0.6442
CLUBS TEN CLUBS FOUR,0.4076,0.0284,0.564
CLUBS FOUR CLUBS KING,0.4028,0.0084,0.5888
CLUBS FOUR CLUBS QUEEN,0.4074,0.0134,0.5792
CLUBS TWO DIAMONDS TEN,0.4394,0.0266,0.534
CLUBS THREE DIAMONDS TEN,0.4372,0.0278,0.535
CLUBS FOUR CLUBS ACE,0.3998,0.0062,0.594
DIAMONDS JACK DIAMONDS TEN,0.325,0.0128,0.6622
DIAMONDS QUEEN DIAMONDS TEN,0.338,0.0084,0.6536
HEARTS TWO DIAMONDS TEN,0.4422,0.026,0.5318
DIAMONDS KING DIAMONDS TEN,0.3522,0.0066,0.6412
HEARTS THREE DIAMONDS TEN,0.4484,0.0234,0.5282
DIAMONDS ACE DIAMONDS TEN,0.3474,0.0028,0.6498
HEARTS FOUR DIAMONDS TEN,0.4326,0.0248,0.5426
CLUBS EIGHT HEARTS JACK,0.3438,0.0192,0.637
HEARTS FIVE DIAMONDS TEN,0.4274,0.03,0.5426
CLUBS EIGHT HEARTS TEN,0.3518,0.027,0.6212
CLUBS EIGHT HEARTS QUEEN,0.3668,0.012,0.6212
CLUBS EIGHT HEARTS KING,0.3832,0.0082,0.6086
CLUBS EIGHT HEARTS ACE,0.3592,0.0034,0.6374
CLUBS NINE SPADES THREE,0.4238,0.0434,0.5328
CLUBS NINE SPADES TWO,0.4304,0.0402,0.5294
CLUBS NINE SPADES FIVE,0.4136,0.0416,0.5448
CLUBS NINE SPADES FOUR,0.4346,0.045,0.5204
CLUBS NINE SPADES SEVEN,0.2472,0.105,0.6478
CLUBS NINE SPADES NINE,0.1606,0.0712,0.7682
CLUBS TEN HEARTS EIGHT,0.357,0.0248,0.6182
CLUBS NINE SPADES EIGHT,0.3298,0.0358,0.6344
CLUBS JACK HEARTS EIGHT,0.345,0.017,0.638
CLUBS QUEEN HEARTS EIGHT,0.361,0.014,0.625
CLUBS KING HEARTS EIGHT,0.3674,0.0056,0.627
CLUBS ACE HEARTS EIGHT,0.3696,0.0048,0.6256
SPADES KING CLUBS KING,0.1818,0.0202,0.798
SPADES QUEEN CLUBS KING,0.3578,0.01,0.6322
SPADES ACE CLUBS KING,0.3602,0.0042,0.6356
DIAMONDS ACE HEARTS TEN,0.3722,0.0036,0.6242
HEARTS FOUR HEARTS TEN,0.4048,0.0266,0.5686
DIAMONDS ACE HEARTS JACK,0.3664,0.002,0.6316
HEARTS FOUR HEARTS JACK,0.4076,0.015,0.5774
SPADES KING CLUBS FIVE,0.4216,0.008,0.5704
SPADES QUEEN CLUBS FIVE,0.422,0.013,0.565
SPADES ACE CLUBS FIVE,0.42,0.0064,0.5736
DIAMONDS JACK HEARTS SEVEN,0.2684,0.057,0.6746
HEARTS SIX DIAMONDS JACK,0.3054,0.0524,0.6422
DIAMONDS JACK HEARTS NINE,0.3604,0.0162,0.6234
DIAMONDS JACK HEARTS EIGHT,0.3566,0.0154,0.628
DIAMONDS KING DIAMONDS JACK,0.353,0.0058,0.6412
HEARTS THREE DIAMONDS JACK,0.4414,0.0154,0.5432
SPADES FOUR HEARTS ACE,0.433,0.006,0.561
DIAMONDS QUEEN DIAMONDS JACK,0.3286,0.0072,0.6642
HEARTS TWO DIAMONDS JACK,0.4334,0.0146,0.552
HEARTS FIVE DIAMONDS JACK,0.4296,0.0184,0.552
SPADES FOUR HEARTS QUEEN,0.4278,0.0124,0.5598
DIAMONDS ACE DIAMONDS JACK,0.3436,0.0026,0.6538
HEARTS FOUR DIAMONDS JACK,0.424,0.0164,0.5596
HEARTS KING SPADES FOUR,0.4246,0.008,0.5674
SPADES FOUR DIAMONDS JACK,0.4254,0.017,0.5576
SPADES FIVE DIAMONDS JACK,0.4222,0.0202,0.5576
DIAMONDS JACK SPADES TWO,0.4544,0.017,0.5286
SPADES THREE DIAMONDS JACK,0.4346,0.0212,0.5442
SPADES ACE DIAMONDS THREE,0.426,0.0044,0.5696
SPADES QUEEN DIAMONDS THREE,0.422,0.0118,0.5662
CLUBS EIGHT DIAMONDS JACK,0.361,0.0154,0.6236
SPADES KING DIAMONDS THREE,0.4324,0.0064,0.5612
CLUBS NINE DIAMONDS JACK,0.3594,0.0162,0.6244
CLUBS SIX DIAMONDS JACK,0.2848,0.0534,0.6618
CLUBS FOUR DIAMONDS JACK,0.435,0.016,0.549
CLUBS FIVE DIAMONDS JACK,0.4186,0.0178,0.5636
CLUBS TWO DIAMONDS JACK,0.44,0.0142,0.5458
CLUBS THREE DIAMONDS JACK,0.443,0.0182,0.5388
SPADES TEN CLUBS FIVE,0.4216,0.0286,0.5498
HEARTS SIX SPADES JACK,0.2918,0.0612,0.647
HEARTS SIX SPADES TEN,0.271,0.0732,0.6558
SPADES JACK CLUBS FIVE,0.4138,0.0202,0.566
SPADES JACK DIAMONDS THREE,0.4402,0.0178,0.542
DIAMONDS THREE SPADES TEN,0.4308,0.0306,0.5386
SPADES NINE DIAMONDS JACK,0.3444,0.0168,0.6388
DIAMONDS ACE HEARTS ACE,0.1746,0.0028,0.8226
HEARTS FOUR HEARTS ACE,0.4028,0.0048,0.5924
SPADES EIGHT DIAMONDS JACK,0.3652,0.0154,0.6194
SPADES ACE HEARTS SIX,0.2828,0.0234,0.6938
DIAMONDS ACE HEARTS KING,0.3864,0.0024,0.6112
HEARTS FOUR HEARTS KING,0.4068,0.007,0.5862
SPADES SEVEN DIAMONDS JACK,0.263,0.066,0.671
SPADES KING HEARTS SIX,0.2924,0.0318,0.6758
DIAMONDS ACE HEARTS QUEEN,0.373,0.0042,0.6228
HEARTS FOUR HEARTS QUEEN,0.4036,0.0094,0.587
SPADES QUEEN HEARTS SIX,0.2928,0.0472,0.66
SPADES TWO DIAMONDS TEN,0.441,0.026,0.533
SPADES THREE DIAMONDS TEN,0.4292,0.0262,0.5446
SPADES FOUR DIAMONDS TEN,0.4442,0.0264,0.5294
SPADES FIVE DIAMONDS TEN,0.4268,0.0316,0.5416
SPADES SEVEN DIAMONDS TEN,0.2638,0.0748,0.6614
SPADES EIGHT DIAMONDS TEN,0.3482,0.025,0.6268
SPADES NINE DIAMONDS TEN,0.3486,0.0208,0.6306
CLUBS FOUR DIAMONDS TEN,0.435,0.0246,0.5404
CLUBS FIVE DIAMONDS TEN,0.4226,0.0268,0.5506
CLUBS SIX DIAMONDS TEN,0.2772,0.0758,0.647
CLUBS EIGHT DIAMONDS TEN,0.3494,0.0256,0.625
CLUBS NINE DIAMONDS TEN,0.3442,0.0264,0.6294
DIAMONDS THREE CLUBS JACK,0.4258,0.0156,0.5586
CLUBS TEN DIAMONDS THREE,0.4192,0.0332,0.5476
DIAMONDS THREE CLUBS KING,0.4362,0.008,0.5558
DIAMONDS THREE CLUBS QUEEN,0.4336,0.0148,0.5516
DIAMONDS THREE CLUBS ACE,0.4176,0.0054,0.577
SPADES FOUR HEARTS JACK,0.4438,0.0172,0.539
SPADES FOUR HEARTS TEN,0.4252,0.0288,0.546
SPADES FIVE SPADES TWO,0.5722,0.089,0.3388
SPADES FOUR SPADES TWO,0.571,0.0888,0.3402
SPADES THREE SPADES TWO,0.548,0.092,0.36
SPADES NINE SPADES TWO,0.4158,0.0342,0.55
SPADES EIGHT SPADES TWO,0.4058,0.0636,0.5306
SPADES SEVEN SPADES TWO,0.4064,0.345,0.2486
DIAMONDS QUEEN CLUBS THREE,0.4378,0.0132,0.549
HEARTS TWO CLUBS THREE,0.5904,0.0864,0.3232
DIAMONDS QUEEN CLUBS TWO,0.4402,0.0108,0.549
CLUBS TWO HEARTS TWO,0.4038,0.107,0.4892
DIAMONDS QUEEN HEARTS SEVEN,0.2982,0.0428,0.659
HEARTS TWO HEARTS SEVEN,0.3912,0.3432,0.2656
HEARTS SIX DIAMONDS QUEEN,0.2956,0.0442,0.6602
HEARTS SIX HEARTS TWO,0.5534,0.1894,0.2572
DIAMONDS QUEEN HEARTS NINE,0.3684,0.0082,0.6234
HEARTS TWO HEARTS NINE,0.4068,0.0406,0.5526
DIAMONDS QUEEN HEARTS EIGHT,0.371,0.0118,0.6172
HEARTS TWO HEARTS EIGHT,0.4186,0.061,0.5204
CLUBS NINE HEARTS TWO,0.4472,0.0396,0.5132
CLUBS NINE DIAMONDS QUEEN,0.3764,0.0116,0.612
CLUBS EIGHT HEARTS TWO,0.4364,0.0672,0.4964
CLUBS EIGHT DIAMONDS QUEEN,0.3566,0.0106,0.6328
CLUBS FIVE DIAMONDS QUEEN,0.4236,0.0126,0.5638
CLUBS FIVE HEARTS TWO,0.5822,0.0982,0.3196
SPADES EIGHT HEARTS ACE,0.3622,0.004,0.6338
CLUBS FOUR DIAMONDS QUEEN,0.4368,0.0108,0.5524
CLUBS FOUR HEARTS TWO,0.5844,0.1018,0.3138
SPADES EIGHT HEARTS QUEEN,0.3648,0.01,0.6252
CLUBS SIX DIAMONDS QUEEN,0.2892,0.0518,0.659
CLUBS SIX HEARTS TWO,0.5916,0.2042,0.2042
SPADES EIGHT HEARTS KING,0.3724,0.0078,0.6198
HEARTS FOUR CLUBS QUEEN,0.4192,0.0136,0.5672
DIAMONDS ACE CLUBS QUEEN,0.3692,0.0036,0.6272
DIAMONDS QUEEN SPADES SEVEN,0.283,0.0476,0.6694
HEARTS TWO SPADES SEVEN,0.412,0.3696,0.2184
HEARTS FOUR CLUBS KING,0.4244,0.0086,0.567
DIAMONDS ACE CLUBS KING,0.3678,0.0042,0.628
DIAMONDS QUEEN SPADES EIGHT,0.37,0.0104,0.6196
SPADES EIGHT HEARTS TWO,0.4348,0.0636,0.5016
HEARTS FOUR CLUBS ACE,0.434,0.0038,0.5622
DIAMONDS ACE CLUBS ACE,0.1782,0.0032,0.8186
SPADES NINE DIAMONDS QUEEN,0.3604,0.011,0.6286
SPADES NINE HEARTS TWO,0.4304,0.0412,0.5284
HEARTS TWO SPADES TWO,0.4058,0.1062,0.488
DIAMONDS QUEEN SPADES TWO,0.4338,0.0104,0.5558
HEARTS TWO SPADES THREE,0.5836,0.0954,0.321
DIAMONDS QUEEN SPADES THREE,0.4292,0.0124,0.5584
HEARTS TWO SPADES FOUR,0.5918,0.1042,0.304
DIAMONDS QUEEN SPADES FOUR,0.4382,0.011,0.5508
HEARTS FOUR CLUBS TEN,0.4158,0.0264,0.5578
CLUBS TEN DIAMONDS ACE,0.3666,0.003,0.6304
HEARTS TWO SPADES FIVE,0.5924,0.0964,0.3112
DIAMONDS QUEEN SPADES FIVE,0.4208,0.0104,0.5688
HEARTS FOUR CLUBS JACK,0.4166,0.0168,0.5666
DIAMONDS ACE CLUBS JACK,0.3558,0.0056,0.6386
CLUBS FIVE CLUBS KING,0.4152,0.0092,0.5756
CLUBS FIVE CLUBS QUEEN,0.4036,0.0144,0.582
CLUBS FIVE CLUBS ACE,0.3978,0.0044,0.5978
CLUBS FIVE CLUBS JACK,0.4002,0.0208,0.579
CLUBS TEN CLUBS FIVE,0.4082,0.0274,0.5644
SPADES KING CLUBS JACK,0.3654,0.0066,0.628
SPADES QUEEN CLUBS JACK,0.3446,0.0072,0.6482
SPADES ACE CLUBS JACK,0.3564,0.0044,0.6392
SPADES EIGHT HEARTS JACK,0.3564,0.016,0.6276
SPADES EIGHT HEARTS TEN,0.348,0.0238,0.6282
SPADES TEN CLUBS JACK,0.3602,0.012,0.6278
SPADES JACK CLUBS JACK,0.1726,0.044,0.7834
CLUBS TEN HEARTS SIX,0.2764,0.0706,0.653
HEARTS SIX CLUBS JACK,0.284,0.0596,0.6564
CLUBS ACE CLUBS JACK,0.348,0.0048,0.6472
HEARTS SIX CLUBS QUEEN,0.2916,0.0462,0.6622
HEARTS SIX CLUBS KING,0.2936,0.0334,0.673
HEARTS SIX CLUBS ACE,0.2936,0.0238,0.6826
CLUBS QUEEN CLUBS JACK,0.3276,0.0116,0.6608
CLUBS KING CLUBS JACK,0.3558,0.0068,0.6374
DIAMONDS THREE HEARTS ACE,0.4148,0.004,0.5812
DIAMONDS THREE HEARTS QUEEN,0.4284,0.0088,0.5628
DIAMONDS THREE HEARTS KING,0.4284,0.0096,0.562
CLUBS FIVE HEARTS JACK,0.415,0.0226,0.5624
SPADES TEN DIAMONDS ACE,0.3502,0.0032,0.6466
HEARTS FOUR SPADES TEN,0.4178,0.0278,0.5544
CLUBS FIVE HEARTS TEN,0.4222,0.027,0.5508
HEARTS FOUR SPADES JACK,0.4316,0.0178,0.5506
SPADES JACK DIAMONDS ACE,0.364,0.0034,0.6326
SPADES ACE HEARTS FOUR,0.4152,0.0052,0.5796
SPADES ACE DIAMONDS ACE,0.192,0.0026,0.8054
CLUBS FIVE HEARTS ACE,0.4284,0.004,0.5676
CLUBS FIVE HEARTS KING,0.4152,0.007,0.5778
HEARTS FOUR SPADES QUEEN,0.4266,0.0094,0.564
SPADES QUEEN DIAMONDS ACE,0.3736,0.0032,0.6232
SPADES FOUR CLUBS JACK,0.4252,0.021,0.5538
CLUBS FIVE HEARTS QUEEN,0.4268,0.01,0.5632
SPADES KING DIAMONDS ACE,0.3664,0.0036,0.63
HEARTS FOUR SPADES KING,0.4262,0.007,0.5668
CLUBS TEN SPADES FOUR,0.4268,0.0282,0.545
DIAMONDS QUEEN DIAMONDS ACE,0.3442,0.0044,0.6514
HEARTS TWO DIAMONDS ACE,0.4176,0.0046,0.5778
HEARTS FOUR DIAMONDS QUEEN,0.426,0.0088,0.5652
HEARTS FOUR HEARTS TWO,0.5318,0.091,0.3772
DIAMONDS THREE HEARTS TEN,0.438,0.0242,0.5378
SPADES FOUR CLUBS KING,0.4338,0.0112,0.555
HEARTS FIVE DIAMONDS QUEEN,0.4138,0.0126,0.5736
HEARTS FIVE HEARTS TWO,0.5454,0.0902,0.3644
DIAMONDS THREE HEARTS JACK,0.4442,0.019,0.5368
SPADES FOUR CLUBS QUEEN,0.4264,0.0132,0.5604
DIAMONDS QUEEN HEARTS TWO,0.4334,0.0126,0.554
DIAMONDS KING DIAMONDS QUEEN,0.3406,0.0046,0.6548
DIAMONDS KING HEARTS TWO,0.429,0.007,0.564
HEARTS THREE DIAMONDS QUEEN,0.4278,0.011,0.5612
HEARTS THREE HEARTS TWO,0.5374,0.0932,0.3694
SPADES FOUR CLUBS ACE,0.417,0.0036,0.5794
HEARTS TWO CLUBS ACE,0.428,0.0066,0.5654
DIAMONDS QUEEN CLUBS ACE,0.362,0.003,0.635
HEARTS TWO CLUBS QUEEN,0.437,0.014,0.549
DIAMONDS QUEEN CLUBS QUEEN,0.1746,0.0292,0.7962
HEARTS TWO CLUBS KING,0.4262,0.0094,0.5644
DIAMONDS QUEEN CLUBS KING,0.3748,0.0056,0.6196
SPADES EIGHT SPADES FIVE,0.3828,0.0654,0.5518
CLUBS TEN HEARTS TWO,0.4352,0.027,0.5378
CLUBS TEN DIAMONDS QUEEN,0.3644,0.011,0.6246
SPADES NINE SPADES FIVE,0.3894,0.0434,0.5672
HEARTS TWO CLUBS JACK,0.4324,0.02,0.5476
DIAMONDS QUEEN CLUBS JACK,0.3554,0.008,0.6366
SPADES SEVEN SPADES FIVE,0.3788,0.3602,0.261
DIAMONDS FIVE CLUBS QUEEN,0.4144,0.014,0.5716
SPADES EIGHT CLUBS ACE,0.351,0.0048,0.6442
DIAMONDS FIVE CLUBS KING,0.411,0.008,0.581
SPADES EIGHT CLUBS KING,0.3688,0.0064,0.6248
CLUBS ACE DIAMONDS FIVE,0.407,0.004,0.589
SPADES EIGHT CLUBS QUEEN,0.3564,0.0104,0.6332
SPADES EIGHT CLUBS JACK,0.3506,0.0158,0.6336
CLUBS TEN SPADES EIGHT,0.322,0.0322,0.6458
CLUBS TEN DIAMONDS FIVE,0.4084,0.0318,0.5598
DIAMONDS FIVE CLUBS JACK,0.4206,0.0164,0.563
HEARTS JACK DIAMONDS TEN,0.3526,0.0154,0.632
DIAMONDS TEN HEARTS TEN,0.1906,0.0552,0.7542
SPADES ACE CLUBS NINE,0.3658,0.0048,0.6294
CLUBS NINE SPADES QUEEN,0.35,0.0114,0.6386
CLUBS NINE SPADES KING,0.3668,0.01,0.6232
HEARTS SIX HEARTS KING,0.2712,0.0306,0.6982
DIAMONDS KING SPADES SEVEN,0.2836,0.0364,0.68
HEARTS THREE SPADES SEVEN,0.4052,0.378,0.2168
SPADES KING DIAMONDS SEVEN,0.2862,0.0404,0.6734
HEARTS SIX HEARTS QUEEN,0.2788,0.0418,0.6794
SPADES QUEEN DIAMONDS SEVEN,0.2772,0.049,0.6738
DIAMONDS KING SPADES NINE,0.3822,0.0064,0.6114
HEARTS THREE SPADES NINE,0.43,0.0356,0.5344
HEARTS SIX HEARTS ACE,0.2662,0.0184,0.7154
DIAMONDS KING SPADES EIGHT,0.3658,0.008,0.6262
HEARTS THREE SPADES EIGHT,0.432,0.066,0.502
SPADES ACE DIAMONDS SEVEN,0.2754,0.0254,0.6992
CLUBS NINE HEARTS THREE,0.4312,0.043,0.5258
CLUBS NINE DIAMONDS KING,0.3744,0.0064,0.6192
HEARTS THREE CLUBS EIGHT,0.4342,0.0624,0.5034
CLUBS EIGHT DIAMONDS KING,0.3702,0.0056,0.6242
