opposingHand,winningChance,drawChance,lostChance
CLUBS JACK HEARTS TWO
HEARTS FIVE SPADES TEN,0.583,0.018,0.399
HEARTS FIVE SPADES JACK,0.2158,0.4634,0.3208
CLUBS TEN SPADES FIVE,0.5984,0.0162,0.3854
CLUBS TEN CLUBS EIGHT,0.5182,0.0194,0.4624
CLUBS EIGHT CLUBS KING,0.351,0.01,0.639
SPADES FIVE CLUBS ACE,0.3382,0.0048,0.657
CLUBS EIGHT CLUBS QUEEN,0.3436,0.0128,0.6436
SPADES FIVE CLUBS KING,0.3524,0.0088,0.6388
SPADES FIVE CLUBS QUEEN,0.3502,0.0116,0.6382
CLUBS EIGHT CLUBS ACE,0.3266,0.0068,0.6666
DIAMONDS TWO DIAMONDS THREE,0.6412,0.0514,0.3074
DIAMONDS TWO DIAMONDS FIVE,0.635,0.0502,0.3148
HEARTS FIVE SPADES KING,0.3668,0.0092,0.624
DIAMONDS TWO DIAMONDS FOUR,0.6466,0.0526,0.3008
HEARTS FIVE SPADES QUEEN,0.3362,0.0118,0.652
DIAMONDS TWO DIAMONDS SEVEN,0.6532,0.05,0.2968
DIAMONDS TWO DIAMONDS SIX,0.6616,0.0472,0.2912
SPADES ACE HEARTS FIVE,0.3406,0.0044,0.655
DIAMONDS TWO DIAMONDS NINE,0.6646,0.0508,0.2846
DIAMONDS TWO DIAMONDS EIGHT,0.6636,0.0542,0.2822
DIAMONDS THREE DIAMONDS FOUR,0.535,0.0214,0.4436
CLUBS TWO SPADES FOUR,0.6966,0.0518,0.2516
DIAMONDS THREE DIAMONDS FIVE,0.5172,0.0214,0.4614
SPADES FIVE CLUBS TWO,0.6686,0.0568,0.2746
CLUBS TWO SPADES TWO,0.2942,0.0372,0.6686
CLUBS TWO SPADES THREE,0.6874,0.0536,0.259
DIAMONDS THREE DIAMONDS EIGHT,0.5602,0.0206,0.4192
SPADES EIGHT CLUBS TWO,0.704,0.0544,0.2416
DIAMONDS THREE DIAMONDS NINE,0.556,0.0164,0.4276
SPADES NINE CLUBS TWO,0.6996,0.0508,0.2496
DIAMONDS THREE DIAMONDS SIX,0.5344,0.0212,0.4444
SPADES SIX CLUBS TWO,0.7088,0.048,0.2432
DIAMONDS THREE DIAMONDS SEVEN,0.5412,0.0178,0.441
SPADES SEVEN CLUBS TWO,0.701,0.0506,0.2484
CLUBS SIX CLUBS TWO,0.6624,0.0522,0.2854
CLUBS SEVEN CLUBS TWO,0.6826,0.0442,0.2732
CLUBS FOUR CLUBS TWO,0.649,0.0584,0.2926
CLUBS FIVE CLUBS TWO,0.6524,0.0574,0.2902
DIAMONDS FOUR DIAMONDS SIX,0.5428,0.0186,0.4386
CLUBS TEN CLUBS QUEEN,0.3064,0.0136,0.68
DIAMONDS FOUR DIAMONDS SEVEN,0.532,0.0174,0.4506
CLUBS TEN CLUBS KING,0.3242,0.0076,0.6682
CLUBS TEN CLUBS ACE,0.3178,0.0068,0.6754
CLUBS EIGHT CLUBS TWO,0.6762,0.0528,0.271
DIAMONDS FIVE DIAMONDS FOUR,0.5124,0.0234,0.4642
CLUBS NINE CLUBS TWO,0.6672,0.0508,0.282
DIAMONDS NINE DIAMONDS FOUR,0.5472,0.0202,0.4326
DIAMONDS EIGHT DIAMONDS FOUR,0.5402,0.0172,0.4426
CLUBS THREE CLUBS TWO,0.6472,0.056,0.2968
DIAMONDS NINE DIAMONDS FIVE,0.535,0.0208,0.4442
DIAMONDS EIGHT DIAMONDS FIVE,0.5386,0.02,0.4414
CLUBS TEN DIAMONDS TWO,0.707,0.0536,0.2394
DIAMONDS FIVE DIAMONDS SEVEN,0.5096,0.0156,0.4748
DIAMONDS FIVE DIAMONDS SIX,0.5102,0.0184,0.4714
DIAMONDS TWO CLUBS ACE,0.2342,0.018,0.7478
DIAMONDS TWO CLUBS KING,0.2446,0.0314,0.724
DIAMONDS TWO CLUBS QUEEN,0.2276,0.0382,0.7342
DIAMONDS EIGHT DIAMONDS SIX,0.521,0.018,0.461
DIAMONDS NINE DIAMONDS SIX,0.5348,0.017,0.4482
HEARTS ACE SPADES THREE,0.351,0.0056,0.6434
SPADES THREE HEARTS KING,0.3606,0.0084,0.631
DIAMONDS SEVEN DIAMONDS SIX,0.516,0.0174,0.4666
HEARTS QUEEN SPADES THREE,0.357,0.0152,0.6278
SPADES THREE HEARTS JACK,0.2092,0.525,0.2658
SPADES THREE HEARTS TEN,0.5846,0.0168,0.3986
DIAMONDS EIGHT DIAMONDS SEVEN,0.5052,0.0154,0.4794
DIAMONDS NINE DIAMONDS SEVEN,0.5236,0.0176,0.4588
DIAMONDS NINE DIAMONDS EIGHT,0.505,0.0198,0.4752
DIAMONDS KING HEARTS TEN,0.3224,0.0058,0.6718
HEARTS THREE HEARTS TEN,0.5592,0.0222,0.4186
SPADES JACK CLUBS SIX,0.2238,0.3832,0.393
DIAMONDS KING HEARTS JACK,0.2238,0.03,0.7462
HEARTS THREE HEARTS JACK,0.2148,0.4956,0.2896
SPADES TEN CLUBS SIX,0.575,0.0176,0.4074
SPADES JACK SPADES FIVE,0.199,0.4254,0.3756
SPADES TEN SPADES FIVE,0.5472,0.0176,0.4352
DIAMONDS KING HEARTS ACE,0.3198,0.0052,0.675
HEARTS THREE HEARTS ACE,0.3292,0.0074,0.6634
SPADES ACE CLUBS SIX,0.3664,0.0034,0.6302
DIAMONDS KING HEARTS QUEEN,0.3098,0.0084,0.6818
HEARTS THREE HEARTS QUEEN,0.3442,0.0152,0.6406
SPADES KING CLUBS SIX,0.36,0.0106,0.6294
DIAMONDS KING HEARTS KING,0.125,0.0064,0.8686
HEARTS THREE HEARTS KING,0.342,0.0084,0.6496
SPADES QUEEN CLUBS SIX,0.359,0.0112,0.6298
SPADES NINE HEARTS TEN,0.5374,0.0164,0.4462
SPADES NINE HEARTS JACK,0.2224,0.1608,0.6168
SPADES QUEEN SPADES FIVE,0.3176,0.0122,0.6702
SPADES KING SPADES FIVE,0.3366,0.0092,0.6542
SPADES ACE SPADES FIVE,0.3314,0.0056,0.663
SPADES NINE HEARTS QUEEN,0.3398,0.0112,0.649
SPADES NINE HEARTS KING,0.3396,0.0088,0.6516
SPADES NINE HEARTS ACE,0.356,0.0042,0.6398
CLUBS TEN SPADES JACK,0.2372,0.1174,0.6454
CLUBS TEN SPADES TEN,0.2728,0.0214,0.7058
SPADES ACE CLUBS TEN,0.3516,0.0044,0.644
SPADES KING CLUBS TEN,0.3424,0.0084,0.6492
CLUBS TEN SPADES QUEEN,0.3266,0.0128,0.6606
SPADES FIVE HEARTS QUEEN,0.3622,0.0132,0.6246
SPADES FIVE HEARTS KING,0.354,0.0086,0.6374
HEARTS ACE SPADES FIVE,0.346,0.0044,0.6496
CLUBS EIGHT SPADES TEN,0.547,0.0158,0.4372
SPADES JACK HEARTS THREE,0.209,0.5316,0.2594
SPADES JACK DIAMONDS KING,0.2296,0.0332,0.7372
SPADES TEN DIAMONDS KING,0.3316,0.008,0.6604
SPADES TEN HEARTS THREE,0.587,0.0188,0.3942
SPADES JACK CLUBS EIGHT,0.2294,0.2214,0.5492
CLUBS SIX HEARTS ACE,0.3496,0.0082,0.6422
SPADES ACE CLUBS EIGHT,0.3558,0.0046,0.6396
HEARTS FIVE CLUBS TEN,0.5782,0.0208,0.401
CLUBS SIX HEARTS QUEEN,0.3582,0.0106,0.6312
SPADES QUEEN CLUBS EIGHT,0.358,0.0134,0.6286
CLUBS TEN SPADES THREE,0.598,0.0212,0.3808
CLUBS SIX HEARTS KING,0.3614,0.0066,0.632
SPADES KING CLUBS EIGHT,0.3544,0.0074,0.6382
DIAMONDS TWO HEARTS JACK,0.0094,0.9716,0.019
SPADES THREE CLUBS QUEEN,0.3578,0.0132,0.629
DIAMONDS TWO HEARTS TEN,0.7072,0.0582,0.2346
SPADES THREE CLUBS KING,0.3632,0.0094,0.6274
HEARTS FIVE CLUBS ACE,0.337,0.0048,0.6582
SPADES FIVE HEARTS TEN,0.5754,0.0196,0.405
SPADES THREE CLUBS ACE,0.35,0.0058,0.6442
HEARTS FIVE CLUBS KING,0.3484,0.0072,0.6444
SPADES FIVE HEARTS JACK,0.211,0.4648,0.3242
HEARTS FIVE CLUBS QUEEN,0.3452,0.0116,0.6432
HEARTS THREE CLUBS KING,0.3396,0.0116,0.6488
DIAMONDS KING CLUBS KING,0.122,0.0072,0.8708
HEARTS THREE CLUBS QUEEN,0.3424,0.0116,0.646
DIAMONDS KING CLUBS QUEEN,0.3038,0.007,0.6892
HEARTS FIVE HEARTS JACK,0.2052,0.4328,0.362
HEARTS FIVE HEARTS TEN,0.5486,0.0204,0.431
HEARTS THREE CLUBS ACE,0.3466,0.0046,0.6488
DIAMONDS KING CLUBS ACE,0.3016,0.0068,0.6916
SPADES ACE CLUBS QUEEN,0.309,0.0044,0.6866
SPADES KING CLUBS QUEEN,0.289,0.0078,0.7032
SPADES QUEEN CLUBS QUEEN,0.1304,0.0122,0.8574
CLUBS TEN HEARTS THREE,0.5844,0.021,0.3946
CLUBS TEN DIAMONDS KING,0.3332,0.009,0.6578
SPADES JACK CLUBS QUEEN,0.229,0.0412,0.7298
CLUBS SIX CLUBS QUEEN,0.3478,0.0112,0.641
SPADES TEN CLUBS QUEEN,0.3218,0.011,0.6672
CLUBS SIX CLUBS KING,0.3512,0.01,0.6388
CLUBS SIX CLUBS ACE,0.3378,0.0058,0.6564
HEARTS FIVE HEARTS KING,0.3334,0.01,0.6566
HEARTS FIVE HEARTS QUEEN,0.332,0.0118,0.6562
CLUBS TEN CLUBS SIX,0.5608,0.0214,0.4178
HEARTS FIVE HEARTS ACE,0.3306,0.0078,0.6616
SPADES SEVEN HEARTS JACK,0.208,0.2934,0.4986
SPADES SEVEN HEARTS TEN,0.5618,0.0172,0.421
DIAMONDS TWO CLUBS TWO,0.3008,0.0322,0.667
DIAMONDS TWO CLUBS THREE,0.6812,0.0534,0.2654
DIAMONDS TWO HEARTS SIX,0.6948,0.0472,0.258
DIAMONDS TWO HEARTS QUEEN,0.2316,0.0406,0.7278
HEARTS SEVEN DIAMONDS TWO,0.6994,0.0502,0.2504
DIAMONDS TWO HEARTS KING,0.2274,0.0292,0.7434
DIAMONDS TWO HEARTS EIGHT,0.7004,0.0528,0.2468
DIAMONDS TWO HEARTS ACE,0.2316,0.0166,0.7518
DIAMONDS TWO HEARTS NINE,0.706,0.056,0.238
DIAMONDS TWO DIAMONDS QUEEN,0.2232,0.0376,0.7392
DIAMONDS TWO DIAMONDS KING,0.2202,0.0284,0.7514
DIAMONDS TWO HEARTS THREE,0.687,0.06,0.253
DIAMONDS TWO DIAMONDS ACE,0.2164,0.0186,0.765
HEARTS FOUR DIAMONDS TWO,0.6718,0.0554,0.2728
HEARTS FIVE DIAMONDS TWO,0.6776,0.054,0.2684
SPADES SEVEN HEARTS ACE,0.359,0.0046,0.6364
DIAMONDS TWO DIAMONDS TEN,0.6622,0.0468,0.291
SPADES SEVEN HEARTS KING,0.35,0.0082,0.6418
DIAMONDS TWO DIAMONDS JACK,0.0222,0.9164,0.0614
SPADES SEVEN HEARTS QUEEN,0.3506,0.011,0.6384
DIAMONDS TWO SPADES NINE,0.7022,0.0566,0.2412
DIAMONDS TWO SPADES EIGHT,0.6982,0.059,0.2428
DIAMONDS TWO SPADES SEVEN,0.7026,0.0504,0.247
DIAMONDS TWO SPADES SIX,0.7032,0.046,0.2508
DIAMONDS TWO SPADES FIVE,0.6688,0.057,0.2742
DIAMONDS TWO SPADES FOUR,0.6854,0.0508,0.2638
DIAMONDS TWO SPADES THREE,0.6874,0.052,0.2606
DIAMONDS TWO SPADES TWO,0.2868,0.0364,0.6768
CLUBS NINE DIAMONDS TWO,0.7188,0.0528,0.2284
DIAMONDS TWO CLUBS EIGHT,0.6978,0.0578,0.2444
CLUBS SEVEN DIAMONDS TWO,0.7104,0.0516,0.238
DIAMONDS TWO CLUBS SIX,0.7084,0.0548,0.2368
DIAMONDS TWO CLUBS FIVE,0.685,0.055,0.26
DIAMONDS TWO CLUBS FOUR,0.6904,0.053,0.2566
CLUBS FOUR SPADES FIVE,0.5504,0.0218,0.4278
CLUBS FOUR SPADES FOUR,0.305,0.0502,0.6448
CLUBS FOUR SPADES THREE,0.5722,0.0218,0.406
CLUBS FOUR SPADES TWO,0.704,0.0508,0.2452
SPADES NINE CLUBS FOUR,0.5884,0.0202,0.3914
SPADES EIGHT CLUBS FOUR,0.5782,0.0194,0.4024
SPADES SEVEN CLUBS FOUR,0.5794,0.0178,0.4028
CLUBS FOUR SPADES SIX,0.5606,0.0204,0.419
SPADES ACE DIAMONDS SIX,0.3612,0.0042,0.6346
SPADES QUEEN DIAMONDS SIX,0.3704,0.014,0.6156
SPADES KING DIAMONDS SIX,0.3648,0.0072,0.628
SPADES TEN DIAMONDS SIX,0.5912,0.0152,0.3936
SPADES JACK DIAMONDS SIX,0.2306,0.3866,0.3828
SPADES QUEEN SPADES TWO,0.2234,0.0354,0.7412
SPADES KING SPADES TWO,0.2184,0.0278,0.7538
SPADES ACE SPADES TWO,0.238,0.0142,0.7478
CLUBS TEN DIAMONDS JACK,0.2126,0.1212,0.6662
DIAMONDS JACK CLUBS KING,0.227,0.032,0.741
DIAMONDS JACK CLUBS QUEEN,0.2126,0.0454,0.742
DIAMONDS THREE DIAMONDS JACK,0.2018,0.4964,0.3018
DIAMONDS THREE DIAMONDS TEN,0.5616,0.0182,0.4202
DIAMONDS JACK CLUBS ACE,0.2128,0.0216,0.7656
DIAMONDS THREE DIAMONDS KING,0.3252,0.0096,0.6652
DIAMONDS THREE HEARTS THREE,0.3196,0.0544,0.626
DIAMONDS THREE DIAMONDS QUEEN,0.3418,0.0116,0.6466
HEARTS FIVE DIAMONDS THREE,0.553,0.0196,0.4274
DIAMONDS THREE DIAMONDS ACE,0.3266,0.0072,0.6662
HEARTS FOUR DIAMONDS THREE,0.559,0.0186,0.4224
HEARTS SEVEN DIAMONDS THREE,0.5636,0.0208,0.4156
SPADES TEN SPADES NINE,0.5032,0.0198,0.477
HEARTS SIX DIAMONDS THREE,0.5686,0.0236,0.4078
SPADES JACK SPADES NINE,0.2166,0.1554,0.628
DIAMONDS THREE HEARTS NINE,0.5906,0.0208,0.3886
HEARTS JACK DIAMONDS FOUR,0.2044,0.5294,0.2662
HEARTS ACE HEARTS KING,0.2982,0.0054,0.6964
SPADES TEN SPADES TWO,0.6628,0.0538,0.2834
DIAMONDS THREE HEARTS EIGHT,0.5918,0.0204,0.3878
HEARTS TEN DIAMONDS FOUR,0.5854,0.0196,0.395
SPADES JACK SPADES TWO,0.0182,0.9136,0.0682
HEARTS QUEEN DIAMONDS FOUR,0.3516,0.0126,0.6358
HEARTS KING DIAMONDS FOUR,0.352,0.0078,0.6402
SPADES ACE SPADES NINE,0.3364,0.005,0.6586
HEARTS ACE DIAMONDS FOUR,0.3448,0.0054,0.6498
SPADES KING SPADES NINE,0.3436,0.0064,0.65
SPADES QUEEN SPADES NINE,0.3216,0.0082,0.6702
DIAMONDS THREE SPADES NINE,0.5812,0.0192,0.3996
DIAMONDS THREE SPADES EIGHT,0.5836,0.0182,0.3982
DIAMONDS THREE SPADES SEVEN,0.5846,0.0184,0.397
DIAMONDS THREE SPADES SIX,0.573,0.0188,0.4082
DIAMONDS THREE CLUBS SIX,0.567,0.0204,0.4126
CLUBS FIVE CLUBS SIX,0.5218,0.0208,0.4574
CLUBS ACE DIAMONDS FOUR,0.3456,0.006,0.6484
CLUBS SEVEN DIAMONDS THREE,0.5876,0.0246,0.3878
CLUBS SEVEN CLUBS FIVE,0.5274,0.02,0.4526
DIAMONDS THREE CLUBS FOUR,0.5662,0.0244,0.4094
DIAMONDS FOUR CLUBS QUEEN,0.3536,0.01,0.6364
DIAMONDS THREE CLUBS FIVE,0.578,0.0256,0.3964
DIAMONDS FOUR CLUBS KING,0.3484,0.0096,0.642
DIAMONDS THREE CLUBS TWO,0.688,0.0538,0.2582
CLUBS TEN DIAMONDS FOUR,0.5836,0.0212,0.3952
DIAMONDS THREE CLUBS THREE,0.312,0.0528,0.6352
DIAMONDS THREE SPADES FOUR,0.558,0.0224,0.4196
DIAMONDS THREE SPADES FIVE,0.5658,0.0226,0.4116
DIAMONDS THREE SPADES TWO,0.6896,0.0516,0.2588
DIAMONDS THREE SPADES THREE,0.317,0.0486,0.6344
CLUBS EIGHT DIAMONDS THREE,0.5886,0.0206,0.3908
CLUBS NINE DIAMONDS THREE,0.6002,0.0236,0.3762
SPADES SEVEN CLUBS ACE,0.3498,0.0066,0.6436
SPADES SEVEN CLUBS QUEEN,0.348,0.0124,0.6396
SPADES SEVEN CLUBS KING,0.353,0.0072,0.6398
CLUBS FIVE SPADES SEVEN,0.5528,0.0176,0.4296
CLUBS TEN SPADES SEVEN,0.556,0.0162,0.4278
CLUBS FIVE SPADES SIX,0.5724,0.016,0.4116
CLUBS FIVE SPADES NINE,0.5894,0.0188,0.3918
CLUBS FIVE SPADES EIGHT,0.5756,0.021,0.4034
CLUBS FIVE SPADES THREE,0.5826,0.0206,0.3968
CLUBS FIVE SPADES TWO,0.671,0.0608,0.2682
CLUBS FIVE SPADES FIVE,0.311,0.0482,0.6408
CLUBS FIVE SPADES FOUR,0.55,0.0202,0.4298
CLUBS NINE CLUBS FIVE,0.5568,0.0136,0.4296
CLUBS EIGHT CLUBS FIVE,0.5398,0.0202,0.44
CLUBS ACE CLUBS QUEEN,0.2894,0.006,0.7046
CLUBS KING CLUBS QUEEN,0.2888,0.005,0.7062
DIAMONDS TEN DIAMONDS FOUR,0.541,0.0214,0.4376
CLUBS TEN DIAMONDS NINE,0.5374,0.019,0.4436
DIAMONDS JACK DIAMONDS FOUR,0.1974,0.4806,0.322
CLUBS TEN SPADES NINE,0.5428,0.0144,0.4428
DIAMONDS ACE DIAMONDS FOUR,0.3282,0.0058,0.666
HEARTS FOUR DIAMONDS FOUR,0.3228,0.0502,0.627
DIAMONDS JACK HEARTS TEN,0.2162,0.115,0.6688
SPADES NINE CLUBS KING,0.341,0.0094,0.6496
DIAMONDS TWO SPADES TEN,0.7078,0.0598,0.2324
DIAMONDS NINE CLUBS ACE,0.354,0.0054,0.6406
HEARTS FIVE DIAMONDS FOUR,0.5548,0.0242,0.421
DIAMONDS JACK HEARTS JACK,0.0734,0.04,0.8866
SPADES NINE CLUBS QUEEN,0.3322,0.0128,0.655
DIAMONDS TWO SPADES JACK,0.0248,0.953,0.0222
DIAMONDS QUEEN DIAMONDS FOUR,0.3292,0.0098,0.661
DIAMONDS NINE CLUBS QUEEN,0.3326,0.0114,0.656
DIAMONDS KING DIAMONDS FOUR,0.329,0.0068,0.6642
HEARTS THREE DIAMONDS FOUR,0.5586,0.0248,0.4166
SPADES NINE CLUBS ACE,0.354,0.0048,0.6412
DIAMONDS NINE CLUBS KING,0.3476,0.0074,0.645
HEARTS ACE DIAMONDS JACK,0.2226,0.0216,0.7558
SPADES ACE DIAMONDS TWO,0.2238,0.015,0.7612
HEARTS QUEEN DIAMONDS JACK,0.206,0.0428,0.7512
SPADES QUEEN DIAMONDS TWO,0.2468,0.0368,0.7164
DIAMONDS JACK HEARTS KING,0.212,0.0318,0.7562
SPADES KING DIAMONDS TWO,0.2262,0.0276,0.7462
SPADES JACK SPADES SEVEN,0.2178,0.2858,0.4964
SPADES TEN SPADES SEVEN,0.5132,0.017,0.4698
CLUBS SEVEN CLUBS THREE,0.5418,0.0218,0.4364
CLUBS SIX CLUBS THREE,0.548,0.02,0.432
CLUBS FIVE CLUBS THREE,0.5284,0.0212,0.4504
CLUBS THREE CLUBS FOUR,0.5408,0.0198,0.4394
CLUBS NINE CLUBS THREE,0.5676,0.0228,0.4096
CLUBS EIGHT CLUBS THREE,0.5524,0.0214,0.4262
CLUBS THREE SPADES FIVE,0.5558,0.0216,0.4226
CLUBS THREE SPADES FOUR,0.564,0.0222,0.4138
CLUBS THREE SPADES THREE,0.3132,0.054,0.6328
CLUBS THREE SPADES TWO,0.6928,0.0508,0.2564
CLUBS THREE SPADES SIX,0.5692,0.023,0.4078
CLUBS THREE SPADES SEVEN,0.5802,0.0196,0.4002
SPADES EIGHT CLUBS THREE,0.6008,0.0224,0.3768
SPADES NINE CLUBS THREE,0.5816,0.0216,0.3968
SPADES TWO DIAMONDS FOUR,0.6822,0.0512,0.2666
SPADES THREE DIAMONDS FOUR,0.552,0.0234,0.4246
SPADES FOUR DIAMONDS FOUR,0.3144,0.0494,0.6362
SPADES FIVE DIAMONDS FOUR,0.5526,0.0196,0.4278
SPADES SIX DIAMONDS FOUR,0.568,0.0174,0.4146
SPADES SEVEN DIAMONDS FOUR,0.5714,0.0158,0.4128
SPADES EIGHT DIAMONDS FOUR,0.5846,0.0208,0.3946
SPADES NINE DIAMONDS FOUR,0.593,0.0178,0.3892
CLUBS FIVE DIAMONDS FOUR,0.5558,0.023,0.4212
CLUBS FOUR DIAMONDS FOUR,0.3108,0.049,0.6402
CLUBS SEVEN DIAMONDS FOUR,0.5602,0.0202,0.4196
CLUBS SIX DIAMONDS FOUR,0.5696,0.0218,0.4086
CLUBS NINE DIAMONDS FOUR,0.5792,0.0208,0.4
CLUBS EIGHT DIAMONDS FOUR,0.5794,0.0204,0.4002
HEARTS SEVEN DIAMONDS FOUR,0.5598,0.022,0.4182
HEARTS SIX DIAMONDS FOUR,0.5596,0.0202,0.4202
DIAMONDS FOUR HEARTS NINE,0.584,0.0222,0.3938
DIAMONDS FOUR HEARTS EIGHT,0.5796,0.0166,0.4038
CLUBS THREE DIAMONDS FOUR,0.5646,0.0234,0.412
CLUBS TWO DIAMONDS FOUR,0.6862,0.0522,0.2616
DIAMONDS TEN DIAMONDS FIVE,0.5534,0.0186,0.428
DIAMONDS JACK DIAMONDS FIVE,0.1994,0.438,0.3626
DIAMONDS NINE HEARTS QUEEN,0.3336,0.0102,0.6562
DIAMONDS NINE HEARTS KING,0.353,0.008,0.639
HEARTS ACE DIAMONDS NINE,0.3528,0.0052,0.642
DIAMONDS NINE HEARTS TEN,0.5298,0.0178,0.4524
DIAMONDS NINE HEARTS JACK,0.2206,0.1578,0.6216
CLUBS KING DIAMONDS SIX,0.3614,0.009,0.6296
CLUBS QUEEN DIAMONDS SIX,0.354,0.0128,0.6332
CLUBS ACE DIAMONDS SIX,0.3504,0.0052,0.6444
SPADES KING DIAMONDS FOUR,0.361,0.0062,0.6328
SPADES ACE SPADES SEVEN,0.3338,0.0042,0.662
SPADES QUEEN DIAMONDS FOUR,0.3636,0.012,0.6244
SPADES QUEEN SPADES SEVEN,0.339,0.013,0.648
SPADES KING SPADES SEVEN,0.3338,0.0076,0.6586
SPADES ACE DIAMONDS FOUR,0.3426,0.0046,0.6528
CLUBS TEN DIAMONDS SIX,0.5808,0.018,0.4012
CLUBS NINE CLUBS FOUR,0.5654,0.0214,0.4132
CLUBS EIGHT CLUBS FOUR,0.5572,0.0182,0.4246
SPADES JACK DIAMONDS FOUR,0.226,0.4978,0.2762
SPADES TEN DIAMONDS FOUR,0.5876,0.0202,0.3922
CLUBS FIVE CLUBS FOUR,0.5256,0.0194,0.455
CLUBS SEVEN CLUBS FOUR,0.5352,0.0196,0.4452
CLUBS SIX CLUBS FOUR,0.5404,0.0198,0.4398
CLUBS SEVEN SPADES EIGHT,0.5356,0.0192,0.4452
CLUBS SEVEN SPADES NINE,0.5444,0.018,0.4376
CLUBS SEVEN SPADES SIX,0.5564,0.0202,0.4234
CLUBS SEVEN SPADES SEVEN,0.297,0.0364,0.6666
CLUBS SEVEN SPADES FIVE,0.5542,0.0194,0.4264
CLUBS SEVEN SPADES FOUR,0.5656,0.0214,0.413
CLUBS SEVEN SPADES THREE,0.578,0.023,0.399
CLUBS SEVEN SPADES TWO,0.7126,0.048,0.2394
CLUBS NINE CLUBS SEVEN,0.5388,0.018,0.4432
CLUBS SEVEN CLUBS EIGHT,0.5136,0.0182,0.4682
HEARTS SIX DIAMONDS FIVE,0.5562,0.023,0.4208
HEARTS SEVEN DIAMONDS FIVE,0.545,0.0196,0.4354
DIAMONDS FIVE HEARTS EIGHT,0.5536,0.0212,0.4252
DIAMONDS FIVE HEARTS NINE,0.5812,0.0206,0.3982
DIAMONDS QUEEN DIAMONDS FIVE,0.3206,0.0122,0.6672
HEARTS KING HEARTS EIGHT,0.336,0.0088,0.6552
DIAMONDS KING DIAMONDS FIVE,0.3166,0.0088,0.6746
HEARTS THREE DIAMONDS FIVE,0.5472,0.0184,0.4344
HEARTS QUEEN HEARTS EIGHT,0.337,0.0094,0.6536
DIAMONDS ACE DIAMONDS FIVE,0.3212,0.0072,0.6716
HEARTS FOUR DIAMONDS FIVE,0.545,0.0198,0.4352
HEARTS FIVE DIAMONDS FIVE,0.2964,0.044,0.6596
HEARTS ACE HEARTS EIGHT,0.3472,0.0034,0.6494
CLUBS FOUR DIAMONDS FIVE,0.5438,0.0228,0.4334
CLUBS FIVE DIAMONDS FIVE,0.3132,0.0494,0.6374
CLUBS SIX DIAMONDS FIVE,0.5596,0.0224,0.418
CLUBS SEVEN DIAMONDS FIVE,0.546,0.0206,0.4334
CLUBS TWO DIAMONDS FIVE,0.677,0.0526,0.2704
CLUBS THREE DIAMONDS FIVE,0.5572,0.0184,0.4244
SPADES THREE DIAMONDS FIVE,0.551,0.0194,0.4296
SPADES TWO DIAMONDS FIVE,0.6794,0.0536,0.267
SPADES JACK DIAMONDS EIGHT,0.222,0.2222,0.5558
SPADES FIVE DIAMONDS FIVE,0.3136,0.0466,0.6398
CLUBS TEN HEARTS JACK,0.215,0.1222,0.6628
SPADES TEN DIAMONDS EIGHT,0.5436,0.0154,0.441
SPADES FOUR DIAMONDS FIVE,0.5512,0.018,0.4308
HEARTS JACK CLUBS QUEEN,0.204,0.0442,0.7518
CLUBS NINE DIAMONDS FIVE,0.5688,0.0202,0.411
HEARTS JACK CLUBS KING,0.2122,0.0346,0.7532
CLUBS EIGHT DIAMONDS FIVE,0.5616,0.0172,0.4212
CLUBS ACE HEARTS JACK,0.2118,0.0236,0.7646
SPADES SEVEN DIAMONDS FIVE,0.555,0.0196,0.4254
SPADES KING DIAMONDS EIGHT,0.3646,0.0062,0.6292
SPADES QUEEN DIAMONDS EIGHT,0.343,0.0096,0.6474
SPADES SIX DIAMONDS FIVE,0.5394,0.0198,0.4408
SPADES NINE DIAMONDS FIVE,0.5778,0.0154,0.4068
SPADES EIGHT DIAMONDS FIVE,0.5654,0.0162,0.4184
SPADES ACE DIAMONDS EIGHT,0.3534,0.005,0.6416
DIAMONDS TEN DIAMONDS SIX,0.5448,0.0204,0.4348
HEARTS ACE DIAMONDS SEVEN,0.3568,0.0028,0.6404
DIAMONDS JACK DIAMONDS SIX,0.2062,0.3688,0.425
HEARTS QUEEN DIAMONDS SEVEN,0.3582,0.0132,0.6286
HEARTS KING DIAMONDS SEVEN,0.346,0.007,0.647
DIAMONDS ACE DIAMONDS SIX,0.3434,0.007,0.6496
HEARTS FOUR DIAMONDS SIX,0.5472,0.0246,0.4282
SPADES TWO HEARTS JACK,0.0094,0.975,0.0156
HEARTS FIVE DIAMONDS SIX,0.5466,0.0198,0.4336
SPADES TWO HEARTS TEN,0.687,0.0572,0.2558
DIAMONDS QUEEN DIAMONDS SIX,0.3326,0.0134,0.654
DIAMONDS KING DIAMONDS SIX,0.337,0.0072,0.6558
HEARTS THREE DIAMONDS SIX,0.5632,0.0236,0.4132
HEARTS EIGHT DIAMONDS SIX,0.56,0.0162,0.4238
HEARTS NINE DIAMONDS SIX,0.5592,0.0174,0.4234
HEARTS SIX DIAMONDS SIX,0.3086,0.0408,0.6506
HEARTS SEVEN DIAMONDS SIX,0.5446,0.0196,0.4358
HEARTS TEN DIAMONDS SEVEN,0.5544,0.016,0.4296
CLUBS TWO DIAMONDS SIX,0.712,0.055,0.233
HEARTS JACK DIAMONDS SEVEN,0.2148,0.2946,0.4906
CLUBS THREE DIAMONDS SIX,0.5826,0.02,0.3974
CLUBS SEVEN DIAMONDS SIX,0.5516,0.0208,0.4276
CLUBS SIX DIAMONDS SIX,0.3092,0.0488,0.642
CLUBS TEN DIAMONDS EIGHT,0.5498,0.0194,0.4308
CLUBS FIVE DIAMONDS SIX,0.5628,0.0182,0.419
CLUBS FOUR DIAMONDS SIX,0.5746,0.0198,0.4056
HEARTS ACE HEARTS JACK,0.2106,0.023,0.7664
DIAMONDS EIGHT CLUBS ACE,0.3428,0.005,0.6522
HEARTS QUEEN HEARTS JACK,0.2104,0.0466,0.743
DIAMONDS EIGHT CLUBS KING,0.3534,0.0066,0.64
CLUBS NINE DIAMONDS SIX,0.5614,0.0174,0.4212
HEARTS KING HEARTS JACK,0.208,0.0332,0.7588
DIAMONDS EIGHT CLUBS QUEEN,0.3522,0.01,0.6378
CLUBS EIGHT DIAMONDS SIX,0.551,0.019,0.43
SPADES TEN HEARTS KING,0.3364,0.0064,0.6572
SPADES FIVE DIAMONDS SIX,0.554,0.0208,0.4252
HEARTS ACE SPADES TWO,0.2304,0.0164,0.7532
SPADES JACK HEARTS KING,0.216,0.0354,0.7486
SPADES FOUR DIAMONDS SIX,0.5514,0.0208,0.4278
SPADES THREE DIAMONDS SIX,0.569,0.0196,0.4114
HEARTS QUEEN SPADES TWO,0.2292,0.039,0.7318
SPADES ACE SPADES KING,0.2952,0.006,0.6988
HEARTS KING SPADES TWO,0.2232,0.0296,0.7472
SPADES TWO DIAMONDS SIX,0.7044,0.049,0.2466
HEARTS TEN HEARTS EIGHT,0.5254,0.0156,0.459
SPADES NINE DIAMONDS SIX,0.556,0.0172,0.4268
HEARTS JACK HEARTS EIGHT,0.2154,0.2196,0.565
SPADES EIGHT DIAMONDS SIX,0.5496,0.016,0.4344
SPADES SEVEN DIAMONDS SIX,0.544,0.0192,0.4368
SPADES SIX DIAMONDS SIX,0.3096,0.037,0.6534
SPADES KING HEARTS KING,0.1274,0.0068,0.8658
SPADES QUEEN HEARTS KING,0.3074,0.0064,0.6862
CLUBS ACE CLUBS KING,0.2984,0.0066,0.695
SPADES ACE HEARTS KING,0.3106,0.0032,0.6862
SPADES ACE HEARTS JACK,0.21,0.0216,0.7684
SPADES QUEEN HEARTS JACK,0.219,0.0428,0.7382
SPADES KING HEARTS JACK,0.2228,0.0364,0.7408
SPADES TEN DIAMONDS TEN,0.271,0.0238,0.7052
SPADES JACK DIAMONDS TEN,0.2178,0.1254,0.6568
SPADES ACE DIAMONDS TEN,0.353,0.0042,0.6428
SPADES JACK HEARTS JACK,0.065,0.036,0.899
SPADES TEN HEARTS JACK,0.2058,0.1244,0.6698
SPADES QUEEN DIAMONDS TEN,0.315,0.0108,0.6742
SPADES KING DIAMONDS TEN,0.3402,0.0066,0.6532
SPADES NINE DIAMONDS SEVEN,0.5468,0.0152,0.438
SPADES EIGHT DIAMONDS SEVEN,0.5418,0.019,0.4392
SPADES SEVEN DIAMONDS SEVEN,0.2976,0.0334,0.669
SPADES SIX DIAMONDS SEVEN,0.538,0.02,0.442
DIAMONDS KING DIAMONDS SEVEN,0.3296,0.01,0.6604
HEARTS THREE DIAMONDS SEVEN,0.5782,0.0194,0.4024
HEARTS KING DIAMONDS FIVE,0.358,0.0062,0.6358
DIAMONDS QUEEN DIAMONDS SEVEN,0.334,0.0102,0.6558
HEARTS QUEEN DIAMONDS FIVE,0.349,0.0096,0.6414
HEARTS FIVE DIAMONDS SEVEN,0.5468,0.02,0.4332
DIAMONDS ACE DIAMONDS SEVEN,0.3346,0.0026,0.6628
HEARTS FOUR DIAMONDS SEVEN,0.5622,0.0182,0.4196
HEARTS ACE DIAMONDS FIVE,0.3472,0.0056,0.6472
HEARTS SEVEN DIAMONDS SEVEN,0.2928,0.037,0.6702
HEARTS SIX DIAMONDS SEVEN,0.5372,0.018,0.4448
DIAMONDS SEVEN HEARTS NINE,0.5426,0.0186,0.4388
HEARTS EIGHT DIAMONDS SEVEN,0.5396,0.0158,0.4446
DIAMONDS JACK DIAMONDS SEVEN,0.2172,0.2752,0.5076
DIAMONDS FIVE HEARTS JACK,0.2038,0.462,0.3342
DIAMONDS TEN DIAMONDS SEVEN,0.5332,0.0192,0.4476
HEARTS TEN DIAMONDS FIVE,0.5896,0.018,0.3924
SPADES KING CLUBS TWO,0.2374,0.0296,0.733
HEARTS KING CLUBS KING,0.1158,0.0076,0.8766
CLUBS EIGHT DIAMONDS SEVEN,0.5348,0.0192,0.446
SPADES QUEEN CLUBS TWO,0.2438,0.0384,0.7178
HEARTS KING CLUBS QUEEN,0.2988,0.0074,0.6938
CLUBS NINE DIAMONDS SEVEN,0.5752,0.021,0.4038
SPADES ACE CLUBS TWO,0.232,0.016,0.752
CLUBS TEN SPADES TWO,0.7074,0.0576,0.235
HEARTS KING CLUBS ACE,0.3052,0.0058,0.689
CLUBS SEVEN CLUBS SIX,0.5078,0.0184,0.4738
SPADES TWO CLUBS KING,0.2348,0.0302,0.735
SPADES TWO DIAMONDS SEVEN,0.7078,0.0488,0.2434
CLUBS EIGHT CLUBS SIX,0.5366,0.0194,0.444
SPADES THREE DIAMONDS SEVEN,0.573,0.0162,0.4108
SPADES TWO CLUBS QUEEN,0.2258,0.0432,0.731
CLUBS NINE CLUBS SIX,0.5342,0.0198,0.446
SPADES FOUR DIAMONDS SEVEN,0.5668,0.0188,0.4144
SPADES FIVE DIAMONDS SEVEN,0.5504,0.0196,0.43
SPADES TWO CLUBS ACE,0.2334,0.0188,0.7478
CLUBS TEN HEARTS KING,0.3282,0.0084,0.6634
CLUBS SIX SPADES TWO,0.6972,0.0518,0.251
CLUBS SIX SPADES THREE,0.588,0.022,0.39
CLUBS TWO DIAMONDS SEVEN,0.71,0.0556,0.2344
CLUBS SIX SPADES FOUR,0.574,0.0242,0.4018
CLUBS THREE DIAMONDS SEVEN,0.585,0.02,0.395
CLUBS SIX SPADES FIVE,0.5578,0.018,0.4242
CLUBS FOUR DIAMONDS SEVEN,0.5676,0.021,0.4114
CLUBS SIX SPADES SIX,0.3048,0.0398,0.6554
CLUBS FIVE DIAMONDS SEVEN,0.5548,0.0212,0.424
CLUBS SIX SPADES SEVEN,0.5622,0.0168,0.421
CLUBS SIX DIAMONDS SEVEN,0.546,0.0196,0.4344
CLUBS SIX SPADES EIGHT,0.5604,0.0178,0.4218
SPADES JACK CLUBS TWO,0.0148,0.9744,0.0108
CLUBS SEVEN DIAMONDS SEVEN,0.3058,0.0354,0.6588
SPADES NINE CLUBS SIX,0.5566,0.018,0.4254
SPADES TEN CLUBS TWO,0.717,0.05,0.233
CLUBS TWO CLUBS QUEEN,0.2256,0.0398,0.7346
CLUBS TWO CLUBS KING,0.2334,0.0264,0.7402
CLUBS THREE DIAMONDS EIGHT,0.6022,0.0168,0.381
CLUBS TWO CLUBS ACE,0.2268,0.0186,0.7546
CLUBS TWO DIAMONDS EIGHT,0.716,0.0522,0.2318
HEARTS SEVEN DIAMONDS EIGHT,0.5318,0.0166,0.4516
HEARTS SIX DIAMONDS EIGHT,0.5484,0.016,0.4356
DIAMONDS EIGHT HEARTS NINE,0.5318,0.0152,0.453
CLUBS TEN CLUBS TWO,0.681,0.056,0.263
DIAMONDS EIGHT HEARTS EIGHT,0.2718,0.0356,0.6926
CLUBS NINE DIAMONDS EIGHT,0.5424,0.0188,0.4388
CLUBS EIGHT DIAMONDS EIGHT,0.2878,0.0308,0.6814
CLUBS FIVE DIAMONDS EIGHT,0.5722,0.0216,0.4062
SPADES ACE SPADES THREE,0.3278,0.0044,0.6678
CLUBS FOUR DIAMONDS EIGHT,0.5926,0.0196,0.3878
CLUBS SEVEN DIAMONDS EIGHT,0.5434,0.0206,0.436
SPADES QUEEN SPADES THREE,0.3438,0.015,0.6412
CLUBS SIX DIAMONDS EIGHT,0.5398,0.0174,0.4428
SPADES KING SPADES THREE,0.3364,0.0076,0.656
DIAMONDS QUEEN DIAMONDS EIGHT,0.3246,0.012,0.6634
DIAMONDS KING DIAMONDS EIGHT,0.3344,0.0092,0.6564
HEARTS THREE DIAMONDS EIGHT,0.5946,0.018,0.3874
DIAMONDS ACE DIAMONDS EIGHT,0.3298,0.0038,0.6664
HEARTS FOUR DIAMONDS EIGHT,0.5794,0.0204,0.4002
HEARTS FIVE DIAMONDS EIGHT,0.5646,0.016,0.4194
DIAMONDS EIGHT DIAMONDS TEN,0.5122,0.0158,0.472
DIAMONDS EIGHT DIAMONDS JACK,0.2158,0.1994,0.5848
SPADES JACK SPADES THREE,0.2058,0.4856,0.3086
SPADES TEN SPADES THREE,0.5404,0.021,0.4386
CLUBS FOUR HEARTS ACE,0.338,0.005,0.657
CLUBS FOUR HEARTS QUEEN,0.3476,0.0098,0.6426
CLUBS FOUR HEARTS KING,0.3578,0.0108,0.6314
CLUBS SIX HEARTS TEN,0.5792,0.0188,0.402
CLUBS SIX HEARTS JACK,0.2186,0.4002,0.3812
DIAMONDS EIGHT SPADES FOUR,0.5798,0.0188,0.4014
SPADES FIVE DIAMONDS EIGHT,0.5588,0.0178,0.4234
DIAMONDS EIGHT SPADES TWO,0.6976,0.0484,0.254
DIAMONDS EIGHT SPADES THREE,0.5872,0.0188,0.394
CLUBS FOUR HEARTS JACK,0.2138,0.5302,0.256
SPADES EIGHT DIAMONDS EIGHT,0.2892,0.0332,0.6776
SPADES TEN DIAMONDS QUEEN,0.3292,0.0108,0.66
SPADES JACK HEARTS EIGHT,0.2276,0.2186,0.5538
CLUBS FOUR HEARTS TEN,0.5794,0.0196,0.401
SPADES NINE DIAMONDS EIGHT,0.5352,0.0158,0.449
SPADES TEN HEARTS EIGHT,0.5362,0.0164,0.4474
SPADES JACK DIAMONDS QUEEN,0.2218,0.0478,0.7304
SPADES SIX DIAMONDS EIGHT,0.5458,0.0192,0.435
SPADES SEVEN DIAMONDS EIGHT,0.5336,0.0168,0.4496
SPADES ACE DIAMONDS QUEEN,0.3042,0.0046,0.6912
SPADES ACE HEARTS EIGHT,0.3394,0.0062,0.6544
SPADES KING HEARTS EIGHT,0.3624,0.0068,0.6308
SPADES QUEEN DIAMONDS QUEEN,0.1458,0.0082,0.846
SPADES KING DIAMONDS QUEEN,0.3142,0.0088,0.677
SPADES QUEEN HEARTS EIGHT,0.3402,0.0116,0.6482
CLUBS TWO HEARTS TEN,0.7104,0.0618,0.2278
CLUBS TWO HEARTS JACK,0.007,0.9854,0.0076
SPADES SEVEN DIAMONDS NINE,0.542,0.017,0.441
SPADES SIX DIAMONDS NINE,0.5618,0.0154,0.4228
SPADES NINE DIAMONDS NINE,0.277,0.0276,0.6954
SPADES EIGHT DIAMONDS NINE,0.5286,0.0146,0.4568
SPADES TEN CLUBS KING,0.3346,0.008,0.6574
DIAMONDS NINE SPADES THREE,0.59,0.024,0.386
SPADES JACK CLUBS KING,0.2132,0.0386,0.7482
DIAMONDS NINE SPADES TWO,0.7088,0.0536,0.2376
DIAMONDS NINE SPADES FIVE,0.5836,0.0184,0.398
DIAMONDS NINE SPADES FOUR,0.5846,0.022,0.3934
CLUBS NINE DIAMONDS NINE,0.2776,0.0246,0.6978
CLUBS EIGHT DIAMONDS NINE,0.5358,0.016,0.4482
CLUBS SIX DIAMONDS NINE,0.5782,0.0186,0.4032
SPADES JACK CLUBS FOUR,0.2134,0.5234,0.2632
CLUBS SEVEN DIAMONDS NINE,0.5514,0.0176,0.431
SPADES TEN CLUBS FOUR,0.5912,0.0216,0.3872
CLUBS FOUR DIAMONDS NINE,0.5888,0.0206,0.3906
CLUBS FIVE DIAMONDS NINE,0.5708,0.0226,0.4066
DIAMONDS NINE CLUBS TWO,0.7186,0.0542,0.2272
CLUBS THREE DIAMONDS NINE,0.6058,0.0194,0.3748
DIAMONDS NINE HEARTS EIGHT,0.5316,0.0172,0.4512
DIAMONDS NINE HEARTS NINE,0.2798,0.0294,0.6908
HEARTS SIX DIAMONDS NINE,0.5658,0.0158,0.4184
HEARTS SEVEN DIAMONDS NINE,0.5258,0.018,0.4562
CLUBS NINE CLUBS EIGHT,0.5152,0.0178,0.467
DIAMONDS ACE DIAMONDS NINE,0.331,0.0046,0.6644
HEARTS FOUR DIAMONDS NINE,0.5926,0.0182,0.3892
HEARTS FIVE DIAMONDS NINE,0.5788,0.0174,0.4038
HEARTS ACE CLUBS TWO,0.2368,0.018,0.7452
SPADES ACE CLUBS FOUR,0.3448,0.0034,0.6518
DIAMONDS QUEEN DIAMONDS NINE,0.309,0.0106,0.6804
CLUBS TWO HEARTS KING,0.231,0.028,0.741
SPADES KING CLUBS FOUR,0.3616,0.0076,0.6308
DIAMONDS KING DIAMONDS NINE,0.3266,0.0092,0.6642
HEARTS THREE DIAMONDS NINE,0.5866,0.0228,0.3906
CLUBS TWO HEARTS QUEEN,0.2272,0.0392,0.7336
SPADES QUEEN CLUBS FOUR,0.3498,0.0118,0.6384
DIAMONDS NINE DIAMONDS JACK,0.2098,0.1588,0.6314
CLUBS EIGHT SPADES NINE,0.5368,0.014,0.4492
DIAMONDS NINE DIAMONDS TEN,0.5006,0.0164,0.483
CLUBS EIGHT SPADES EIGHT,0.2998,0.037,0.6632
CLUBS EIGHT SPADES SEVEN,0.536,0.0166,0.4474
CLUBS EIGHT SPADES SIX,0.5688,0.019,0.4122
CLUBS EIGHT SPADES FIVE,0.5792,0.0218,0.399
CLUBS EIGHT SPADES FOUR,0.5806,0.0184,0.401
CLUBS EIGHT SPADES THREE,0.5818,0.0238,0.3944
CLUBS EIGHT SPADES TWO,0.7068,0.0572,0.236
HEARTS SIX DIAMONDS TEN,0.5782,0.0168,0.405
HEARTS SEVEN DIAMONDS TEN,0.5512,0.017,0.4318
DIAMONDS TEN HEARTS EIGHT,0.5518,0.018,0.4302
DIAMONDS TEN HEARTS NINE,0.5158,0.0184,0.4658
CLUBS TEN CLUBS FOUR,0.5656,0.0192,0.4152
CLUBS FOUR CLUBS KING,0.3436,0.0094,0.647
CLUBS FOUR CLUBS QUEEN,0.3436,0.0134,0.643
CLUBS TWO DIAMONDS TEN,0.7104,0.057,0.2326
CLUBS THREE DIAMONDS TEN,0.6112,0.0208,0.368
CLUBS FOUR CLUBS ACE,0.3214,0.0052,0.6734
DIAMONDS JACK DIAMONDS TEN,0.2078,0.124,0.6682
DIAMONDS QUEEN DIAMONDS TEN,0.314,0.0106,0.6754
DIAMONDS KING DIAMONDS TEN,0.3202,0.0064,0.6734
HEARTS THREE DIAMONDS TEN,0.5836,0.0188,0.3976
DIAMONDS ACE DIAMONDS TEN,0.313,0.0054,0.6816
HEARTS FOUR DIAMONDS TEN,0.5828,0.0182,0.399
CLUBS EIGHT HEARTS JACK,0.22,0.221,0.559
HEARTS FIVE DIAMONDS TEN,0.5678,0.0188,0.4134
CLUBS EIGHT HEARTS TEN,0.5432,0.0142,0.4426
CLUBS EIGHT HEARTS QUEEN,0.3384,0.0124,0.6492
CLUBS EIGHT HEARTS KING,0.3698,0.008,0.6222
CLUBS EIGHT HEARTS ACE,0.3578,0.0054,0.6368
CLUBS NINE SPADES THREE,0.6092,0.0168,0.374
CLUBS NINE SPADES TWO,0.709,0.0594,0.2316
CLUBS NINE SPADES FIVE,0.5738,0.0186,0.4076
CLUBS NINE SPADES FOUR,0.5838,0.019,0.3972
CLUBS NINE SPADES SEVEN,0.5608,0.018,0.4212
CLUBS NINE SPADES SIX,0.5634,0.0178,0.4188
CLUBS NINE SPADES NINE,0.2886,0.03,0.6814
CLUBS TEN HEARTS EIGHT,0.5426,0.0174,0.44
CLUBS NINE SPADES EIGHT,0.5408,0.0176,0.4416
HEARTS EIGHT CLUBS QUEEN,0.3424,0.0102,0.6474
CLUBS KING HEARTS EIGHT,0.3466,0.0094,0.644
CLUBS ACE HEARTS EIGHT,0.3484,0.0042,0.6474
SPADES KING CLUBS KING,0.1172,0.0082,0.8746
SPADES QUEEN CLUBS KING,0.301,0.0044,0.6946
SPADES ACE CLUBS KING,0.3168,0.007,0.6762
DIAMONDS ACE HEARTS TEN,0.3388,0.0044,0.6568
HEARTS FOUR HEARTS TEN,0.5578,0.0156,0.4266
DIAMONDS ACE HEARTS JACK,0.2082,0.023,0.7688
HEARTS FOUR HEARTS JACK,0.2258,0.4764,0.2978
SPADES KING CLUBS FIVE,0.3638,0.0078,0.6284
SPADES QUEEN CLUBS FIVE,0.3584,0.0132,0.6284
SPADES ACE CLUBS FIVE,0.3594,0.0054,0.6352
HEARTS SEVEN DIAMONDS JACK,0.2232,0.304,0.4728
HEARTS SIX DIAMONDS JACK,0.2224,0.392,0.3856
DIAMONDS JACK HEARTS NINE,0.217,0.1676,0.6154
DIAMONDS JACK HEARTS EIGHT,0.221,0.2254,0.5536
DIAMONDS KING DIAMONDS JACK,0.206,0.0368,0.7572
HEARTS THREE DIAMONDS JACK,0.2228,0.5162,0.261
SPADES ACE SPADES SIX,0.3466,0.0042,0.6492
HEARTS ACE SPADES FOUR,0.345,0.0046,0.6504
DIAMONDS QUEEN DIAMONDS JACK,0.1992,0.0446,0.7562
HEARTS FIVE DIAMONDS JACK,0.2164,0.4724,0.3112
SPADES QUEEN SPADES SIX,0.341,0.0158,0.6432
SPADES FOUR HEARTS QUEEN,0.3466,0.0118,0.6416
DIAMONDS ACE DIAMONDS JACK,0.205,0.0224,0.7726
HEARTS FOUR DIAMONDS JACK,0.2156,0.5162,0.2682
SPADES KING SPADES SIX,0.3432,0.0082,0.6486
SPADES FOUR HEARTS KING,0.3508,0.0072,0.642
SPADES TEN SPADES SIX,0.5272,0.0154,0.4574
SPADES JACK SPADES SIX,0.2008,0.3562,0.443
SPADES FOUR DIAMONDS JACK,0.226,0.5088,0.2652
SPADES FIVE DIAMONDS JACK,0.2198,0.4562,0.324
DIAMONDS JACK SPADES TWO,0.0194,0.9616,0.019
DIAMONDS JACK SPADES THREE,0.2304,0.512,0.2576
SPADES ACE DIAMONDS THREE,0.3606,0.0036,0.6358
SPADES QUEEN DIAMONDS THREE,0.3466,0.0146,0.6388
CLUBS EIGHT DIAMONDS JACK,0.212,0.2272,0.5608
SPADES KING DIAMONDS THREE,0.3546,0.0084,0.637
CLUBS NINE DIAMONDS JACK,0.2276,0.1678,0.6046
CLUBS SIX DIAMONDS JACK,0.2266,0.3818,0.3916
CLUBS SEVEN DIAMONDS JACK,0.2202,0.3086,0.4712
CLUBS FOUR DIAMONDS JACK,0.2156,0.5192,0.2652
CLUBS FIVE DIAMONDS JACK,0.211,0.4678,0.3212
CLUBS TWO DIAMONDS JACK,0.0172,0.9698,0.013
CLUBS THREE DIAMONDS JACK,0.2118,0.5364,0.2518
SPADES TEN CLUBS FIVE,0.5908,0.0164,0.3928
SPADES JACK HEARTS SIX,0.227,0.385,0.388
HEARTS SIX SPADES TEN,0.5732,0.0198,0.407
SPADES JACK CLUBS FIVE,0.219,0.4594,0.3216
SPADES JACK DIAMONDS THREE,0.2226,0.5176,0.2598
CLUBS SEVEN CLUBS ACE,0.3344,0.0072,0.6584
DIAMONDS THREE SPADES TEN,0.6092,0.0194,0.3714
CLUBS SEVEN CLUBS QUEEN,0.3476,0.013,0.6394
CLUBS SEVEN CLUBS KING,0.34,0.0088,0.6512
SPADES NINE DIAMONDS JACK,0.2338,0.1688,0.5974
CLUBS TEN CLUBS SEVEN,0.5356,0.0196,0.4448
DIAMONDS ACE HEARTS ACE,0.1038,0.0048,0.8914
HEARTS FOUR HEARTS ACE,0.32,0.007,0.673
SPADES EIGHT DIAMONDS JACK,0.2136,0.229,0.5574
SPADES ACE HEARTS SIX,0.3628,0.0048,0.6324
DIAMONDS ACE HEARTS KING,0.3086,0.0044,0.687
HEARTS FOUR HEARTS KING,0.3384,0.0102,0.6514
SPADES SEVEN DIAMONDS JACK,0.2228,0.2888,0.4884
SPADES KING HEARTS SIX,0.355,0.007,0.638
DIAMONDS ACE HEARTS QUEEN,0.3062,0.006,0.6878
HEARTS FOUR HEARTS QUEEN,0.3226,0.0146,0.6628
SPADES QUEEN HEARTS SIX,0.3496,0.009,0.6414
SPADES SIX DIAMONDS JACK,0.225,0.3792,0.3958
DIAMONDS TEN SPADES TWO,0.7004,0.0566,0.243
SPADES THREE DIAMONDS TEN,0.5926,0.0212,0.3862
SPADES FOUR DIAMONDS TEN,0.5822,0.0174,0.4004
SPADES FIVE DIAMONDS TEN,0.5868,0.0182,0.395
SPADES SIX DIAMONDS TEN,0.581,0.0196,0.3994
SPADES SEVEN DIAMONDS TEN,0.562,0.018,0.42
SPADES EIGHT DIAMONDS TEN,0.5544,0.0166,0.429
SPADES NINE DIAMONDS TEN,0.5398,0.0156,0.4446
CLUBS FOUR DIAMONDS TEN,0.5982,0.0182,0.3836
CLUBS FIVE DIAMONDS TEN,0.594,0.0224,0.3836
CLUBS SIX DIAMONDS TEN,0.5764,0.0164,0.4072
CLUBS SEVEN DIAMONDS TEN,0.5618,0.0182,0.42
CLUBS EIGHT DIAMONDS TEN,0.552,0.0164,0.4316
CLUBS NINE DIAMONDS TEN,0.537,0.0164,0.4466
CLUBS TEN DIAMONDS THREE,0.5874,0.0194,0.3932
DIAMONDS THREE CLUBS KING,0.3606,0.0078,0.6316
DIAMONDS THREE CLUBS QUEEN,0.3668,0.015,0.6182
DIAMONDS THREE CLUBS ACE,0.354,0.0048,0.6412
SPADES FOUR HEARTS JACK,0.2058,0.5142,0.28
SPADES FOUR HEARTS TEN,0.5772,0.0194,0.4034
SPADES FIVE SPADES TWO,0.63,0.051,0.319
SPADES FOUR SPADES TWO,0.6388,0.0518,0.3094
SPADES THREE SPADES TWO,0.6394,0.0598,0.3008
SPADES NINE SPADES TWO,0.6612,0.047,0.2918
SPADES EIGHT SPADES TWO,0.6698,0.051,0.2792
SPADES SEVEN SPADES TWO,0.657,0.049,0.294
SPADES SIX SPADES TWO,0.654,0.052,0.294
DIAMONDS QUEEN CLUBS THREE,0.3572,0.0126,0.6302
DIAMONDS QUEEN CLUBS TWO,0.2432,0.0432,0.7136
HEARTS SEVEN DIAMONDS QUEEN,0.3596,0.0132,0.6272
HEARTS SIX DIAMONDS QUEEN,0.3696,0.0132,0.6172
DIAMONDS QUEEN HEARTS NINE,0.333,0.0098,0.6572
DIAMONDS QUEEN HEARTS EIGHT,0.3614,0.0114,0.6272
CLUBS NINE DIAMONDS QUEEN,0.338,0.0114,0.6506
CLUBS EIGHT DIAMONDS QUEEN,0.348,0.0112,0.6408
CLUBS FIVE DIAMONDS QUEEN,0.369,0.0116,0.6194
SPADES EIGHT HEARTS ACE,0.3474,0.0044,0.6482
DIAMONDS QUEEN CLUBS FOUR,0.3626,0.0132,0.6242
CLUBS SEVEN DIAMONDS QUEEN,0.3676,0.0132,0.6192
SPADES EIGHT HEARTS QUEEN,0.3436,0.01,0.6464
CLUBS SIX DIAMONDS QUEEN,0.3726,0.0136,0.6138
SPADES EIGHT HEARTS KING,0.3552,0.0062,0.6386
DIAMONDS QUEEN SPADES SIX,0.3672,0.0106,0.6222
HEARTS FOUR CLUBS QUEEN,0.3372,0.0132,0.6496
DIAMONDS ACE CLUBS QUEEN,0.308,0.0056,0.6864
DIAMONDS QUEEN SPADES SEVEN,0.3538,0.0108,0.6354
HEARTS FOUR CLUBS KING,0.3472,0.0086,0.6442
DIAMONDS ACE CLUBS KING,0.3046,0.0092,0.6862
DIAMONDS QUEEN SPADES EIGHT,0.3464,0.0094,0.6442
HEARTS FOUR CLUBS ACE,0.3502,0.0086,0.6412
DIAMONDS ACE CLUBS ACE,0.1202,0.004,0.8758
SPADES NINE DIAMONDS QUEEN,0.3306,0.011,0.6584
DIAMONDS QUEEN SPADES TWO,0.2314,0.0384,0.7302
DIAMONDS QUEEN SPADES THREE,0.3536,0.0132,0.6332
DIAMONDS QUEEN SPADES FOUR,0.3612,0.0128,0.626
CLUBS TEN HEARTS FOUR,0.578,0.0208,0.4012
CLUBS TEN DIAMONDS ACE,0.3462,0.0044,0.6494
DIAMONDS QUEEN SPADES FIVE,0.3464,0.0132,0.6404
CLUBS FIVE CLUBS KING,0.3256,0.0076,0.6668
CLUBS FIVE CLUBS QUEEN,0.3326,0.0164,0.651
CLUBS FIVE CLUBS ACE,0.3184,0.0072,0.6744
CLUBS TEN CLUBS FIVE,0.5846,0.0174,0.398
SPADES SIX CLUBS KING,0.3492,0.0064,0.6444
SPADES SIX CLUBS QUEEN,0.3534,0.013,0.6336
SPADES EIGHT HEARTS JACK,0.2208,0.2238,0.5554
SPADES SIX CLUBS ACE,0.3442,0.0038,0.652
SPADES EIGHT HEARTS TEN,0.541,0.019,0.44
CLUBS TEN SPADES SIX,0.5736,0.0184,0.408
SPADES QUEEN CLUBS SEVEN,0.3538,0.0108,0.6354
SPADES KING CLUBS SEVEN,0.373,0.0074,0.6196
SPADES ACE CLUBS SEVEN,0.358,0.0056,0.6364
SPADES SIX HEARTS TEN,0.5672,0.0184,0.4144
SPADES SIX HEARTS JACK,0.2232,0.378,0.3988
SPADES SIX HEARTS ACE,0.358,0.0036,0.6384
SPADES SIX HEARTS KING,0.3554,0.0064,0.6382
SPADES SIX HEARTS QUEEN,0.3564,0.0136,0.63
CLUBS SEVEN SPADES JACK,0.2174,0.2996,0.483
CLUBS SEVEN SPADES TEN,0.5654,0.0198,0.4148
CLUBS TEN HEARTS SIX,0.5748,0.0186,0.4066
HEARTS SIX CLUBS QUEEN,0.3528,0.013,0.6342
HEARTS SIX CLUBS KING,0.342,0.008,0.65
HEARTS SIX CLUBS ACE,0.3472,0.0046,0.6482
DIAMONDS THREE HEARTS ACE,0.338,0.004,0.658
DIAMONDS THREE HEARTS QUEEN,0.3552,0.0136,0.6312
DIAMONDS THREE HEARTS KING,0.3548,0.0086,0.6366
CLUBS FIVE HEARTS JACK,0.2104,0.4748,0.3148
SPADES TEN DIAMONDS ACE,0.3408,0.0038,0.6554
HEARTS FOUR SPADES TEN,0.5758,0.02,0.4042
CLUBS FIVE HEARTS TEN,0.591,0.021,0.388
HEARTS FOUR SPADES JACK,0.2176,0.5176,0.2648
SPADES JACK DIAMONDS ACE,0.2214,0.0236,0.755
SPADES ACE HEARTS FOUR,0.333,0.005,0.662
SPADES ACE DIAMONDS ACE,0.12,0.004,0.876
CLUBS FIVE HEARTS ACE,0.3556,0.0054,0.639
CLUBS FIVE HEARTS KING,0.3478,0.0082,0.644
HEARTS FOUR SPADES QUEEN,0.3474,0.0106,0.642
SPADES QUEEN DIAMONDS ACE,0.311,0.0038,0.6852
CLUBS FIVE HEARTS QUEEN,0.3464,0.0104,0.6432
SPADES KING DIAMONDS ACE,0.3158,0.0052,0.679
SPADES KING HEARTS FOUR,0.361,0.0098,0.6292
CLUBS TEN SPADES FOUR,0.5866,0.019,0.3944
DIAMONDS QUEEN DIAMONDS ACE,0.3024,0.0044,0.6932
HEARTS FOUR DIAMONDS QUEEN,0.3496,0.011,0.6394
DIAMONDS THREE HEARTS TEN,0.5804,0.0192,0.4004
SPADES FOUR CLUBS KING,0.3434,0.0066,0.65
HEARTS FIVE DIAMONDS QUEEN,0.3522,0.012,0.6358
DIAMONDS THREE HEARTS JACK,0.2102,0.5176,0.2722
SPADES FOUR CLUBS QUEEN,0.3492,0.0122,0.6386
DIAMONDS KING DIAMONDS QUEEN,0.2898,0.0048,0.7054
DIAMONDS QUEEN HEARTS THREE,0.3556,0.0122,0.6322
SPADES FOUR CLUBS ACE,0.3536,0.007,0.6394
DIAMONDS QUEEN CLUBS ACE,0.308,0.0064,0.6856
DIAMONDS QUEEN CLUBS QUEEN,0.1328,0.0138,0.8534
DIAMONDS QUEEN CLUBS KING,0.298,0.0058,0.6962
SPADES EIGHT SPADES FIVE,0.5364,0.0182,0.4454
CLUBS TEN DIAMONDS QUEEN,0.3114,0.0108,0.6778
SPADES NINE SPADES FIVE,0.5246,0.016,0.4594
SPADES SIX SPADES FIVE,0.4914,0.02,0.4886
SPADES SEVEN SPADES FIVE,0.5016,0.0216,0.4768
DIAMONDS FIVE CLUBS QUEEN,0.348,0.0134,0.6386
SPADES EIGHT CLUBS ACE,0.3576,0.0044,0.638
DIAMONDS FIVE CLUBS KING,0.359,0.0084,0.6326
SPADES EIGHT CLUBS KING,0.3514,0.008,0.6406
DIAMONDS FIVE CLUBS ACE,0.3528,0.0062,0.641
SPADES EIGHT CLUBS QUEEN,0.3536,0.0112,0.6352
CLUBS TEN SPADES EIGHT,0.5466,0.0184,0.435
CLUBS TEN DIAMONDS FIVE,0.5844,0.0178,0.3978
DIAMONDS TEN HEARTS JACK,0.209,0.1196,0.6714
DIAMONDS TEN HEARTS TEN,0.2618,0.0228,0.7154
SPADES ACE CLUBS NINE,0.3606,0.0044,0.635
CLUBS NINE SPADES QUEEN,0.3346,0.0118,0.6536
CLUBS NINE SPADES KING,0.3504,0.0068,0.6428
HEARTS SIX HEARTS KING,0.3536,0.0078,0.6386
DIAMONDS KING SPADES SEVEN,0.3662,0.006,0.6278
HEARTS THREE SPADES SEVEN,0.5876,0.017,0.3954
SPADES KING DIAMONDS SEVEN,0.3566,0.0064,0.637
HEARTS SIX HEARTS QUEEN,0.338,0.0118,0.6502
SPADES QUEEN DIAMONDS SEVEN,0.371,0.0132,0.6158
HEARTS THREE SPADES SIX,0.5746,0.0214,0.404
DIAMONDS KING SPADES SIX,0.3662,0.005,0.6288
DIAMONDS KING SPADES NINE,0.3442,0.007,0.6488
SPADES NINE HEARTS THREE,0.5822,0.0224,0.3954
HEARTS SIX HEARTS ACE,0.343,0.0034,0.6536
DIAMONDS KING SPADES EIGHT,0.3508,0.006,0.6432
SPADES EIGHT HEARTS THREE,0.5848,0.021,0.3942
SPADES ACE DIAMONDS SEVEN,0.3558,0.0052,0.639
CLUBS NINE HEARTS THREE,0.5876,0.0218,0.3906
CLUBS NINE DIAMONDS KING,0.3636,0.0068,0.6296
CLUBS EIGHT HEARTS THREE,0.5784,0.0212,0.4004
CLUBS EIGHT DIAMONDS KING,0.3676,0.007,0.6254
HEARTS THREE SPADES THREE,0.3136,0.0558,0.6306
DIAMONDS KING SPADES THREE,0.354,0.0102,0.6358
HEARTS THREE SPADES TWO,0.6878,0.0536,0.2586
DIAMONDS KING SPADES TWO,0.2478,0.0292,0.723
HEARTS THREE SPADES FIVE,0.5576,0.025,0.4174
DIAMONDS KING SPADES FIVE,0.3632,0.0086,0.6282
HEARTS THREE SPADES FOUR,0.5636,0.0234,0.413
DIAMONDS KING SPADES FOUR,0.3684,0.0096,0.622
DIAMONDS KING CLUBS TWO,0.2476,0.0262,0.7262
HEARTS THREE CLUBS TWO,0.6748,0.058,0.2672
DIAMONDS KING CLUBS THREE,0.3574,0.0078,0.6348
