opposingHand,winningChance,drawChance,lostChance
CLUBS SIX HEARTS KING
HEARTS FIVE SPADES TEN,0.6346,0.0072,0.3582
SPADES JACK HEARTS FIVE,0.627,0.0056,0.3674
CLUBS JACK SPADES FIVE,0.6234,0.0084,0.3682
CLUBS TEN SPADES FIVE,0.6152,0.0106,0.3742
CLUBS JACK CLUBS EIGHT,0.542,0.0084,0.4496
CLUBS TEN CLUBS EIGHT,0.5428,0.0088,0.4484
CLUBS EIGHT CLUBS KING,0.2244,0.216,0.5596
SPADES FIVE CLUBS ACE,0.3764,0.005,0.6186
CLUBS EIGHT CLUBS QUEEN,0.5482,0.0044,0.4474
SPADES FIVE CLUBS KING,0.387,0.384,0.229
SPADES FIVE CLUBS QUEEN,0.6296,0.0062,0.3642
CLUBS EIGHT CLUBS ACE,0.3256,0.0056,0.6688
DIAMONDS TWO DIAMONDS THREE,0.62,0.0074,0.3726
DIAMONDS TWO DIAMONDS FIVE,0.5944,0.0064,0.3992
SPADES KING HEARTS FIVE,0.4034,0.3812,0.2154
DIAMONDS TWO DIAMONDS FOUR,0.6024,0.0094,0.3882
SPADES QUEEN HEARTS FIVE,0.6298,0.0068,0.3634
DIAMONDS TWO DIAMONDS SEVEN,0.5982,0.009,0.3928
DIAMONDS TWO DIAMONDS SIX,0.673,0.0422,0.2848
SPADES ACE HEARTS FIVE,0.3858,0.004,0.6102
DIAMONDS TWO DIAMONDS NINE,0.593,0.0064,0.4006
DIAMONDS TWO DIAMONDS EIGHT,0.584,0.0066,0.4094
DIAMONDS THREE DIAMONDS FOUR,0.5944,0.0082,0.3974
CLUBS TWO SPADES FOUR,0.651,0.0094,0.3396
DIAMONDS THREE DIAMONDS FIVE,0.6042,0.0062,0.3896
SPADES FIVE CLUBS TWO,0.6454,0.0072,0.3474
CLUBS TWO SPADES TWO,0.4616,0.0184,0.52
CLUBS TWO SPADES THREE,0.6566,0.01,0.3334
DIAMONDS THREE DIAMONDS EIGHT,0.5942,0.012,0.3938
SPADES EIGHT CLUBS TWO,0.6458,0.0062,0.348
DIAMONDS THREE DIAMONDS NINE,0.5826,0.0078,0.4096
SPADES NINE CLUBS TWO,0.6362,0.0076,0.3562
DIAMONDS THREE DIAMONDS SIX,0.6548,0.0426,0.3026
SPADES SIX CLUBS TWO,0.7304,0.0422,0.2274
DIAMONDS THREE DIAMONDS SEVEN,0.585,0.008,0.407
SPADES SEVEN CLUBS TWO,0.647,0.0068,0.3462
CLUBS SEVEN CLUBS TWO,0.605,0.009,0.386
CLUBS FOUR CLUBS TWO,0.6192,0.0082,0.3726
CLUBS FIVE CLUBS TWO,0.6026,0.006,0.3914
CLUBS TEN CLUBS JACK,0.5118,0.007,0.4812
DIAMONDS FOUR DIAMONDS SIX,0.6536,0.0374,0.309
CLUBS TEN CLUBS QUEEN,0.523,0.0082,0.4688
DIAMONDS FOUR DIAMONDS SEVEN,0.5846,0.0074,0.408
CLUBS TEN CLUBS KING,0.2224,0.1112,0.6664
CLUBS TEN CLUBS ACE,0.3372,0.0054,0.6574
CLUBS EIGHT CLUBS TWO,0.6042,0.0084,0.3874
DIAMONDS FIVE DIAMONDS FOUR,0.5748,0.0084,0.4168
CLUBS NINE CLUBS TWO,0.5972,0.006,0.3968
DIAMONDS NINE DIAMONDS FOUR,0.5952,0.0064,0.3984
DIAMONDS EIGHT DIAMONDS FOUR,0.5972,0.007,0.3958
CLUBS THREE CLUBS TWO,0.612,0.0084,0.3796
DIAMONDS NINE DIAMONDS FIVE,0.5828,0.0066,0.4106
CLUBS JACK DIAMONDS TWO,0.632,0.0088,0.3592
DIAMONDS EIGHT DIAMONDS FIVE,0.5788,0.006,0.4152
CLUBS TEN DIAMONDS TWO,0.6244,0.0076,0.368
DIAMONDS FIVE DIAMONDS SEVEN,0.5504,0.01,0.4396
DIAMONDS FIVE DIAMONDS SIX,0.636,0.0358,0.3282
DIAMONDS TWO CLUBS ACE,0.3912,0.0044,0.6044
DIAMONDS TWO CLUBS KING,0.3962,0.3736,0.2302
DIAMONDS TWO CLUBS QUEEN,0.6264,0.0082,0.3654
DIAMONDS EIGHT DIAMONDS SIX,0.6442,0.0362,0.3196
DIAMONDS NINE DIAMONDS SIX,0.6514,0.031,0.3176
HEARTS ACE SPADES THREE,0.3816,0.0054,0.613
DIAMONDS SEVEN DIAMONDS SIX,0.6364,0.0312,0.3324
SPADES THREE HEARTS QUEEN,0.625,0.006,0.369
HEARTS JACK SPADES THREE,0.6322,0.0064,0.3614
SPADES THREE HEARTS TEN,0.6196,0.0062,0.3742
DIAMONDS EIGHT DIAMONDS SEVEN,0.5302,0.0062,0.4636
DIAMONDS NINE DIAMONDS SEVEN,0.5342,0.007,0.4588
DIAMONDS NINE DIAMONDS EIGHT,0.527,0.0046,0.4684
DIAMONDS KING HEARTS TEN,0.2372,0.1124,0.6504
HEARTS THREE HEARTS TEN,0.5834,0.0072,0.4094
DIAMONDS KING HEARTS JACK,0.2456,0.0868,0.6676
HEARTS THREE HEARTS JACK,0.6,0.0078,0.3922
SPADES JACK SPADES FIVE,0.59,0.0062,0.4038
SPADES TEN SPADES FIVE,0.5894,0.007,0.4036
DIAMONDS KING HEARTS ACE,0.2282,0.012,0.7598
HEARTS THREE HEARTS ACE,0.368,0.004,0.628
DIAMONDS KING HEARTS QUEEN,0.2502,0.0658,0.684
HEARTS THREE HEARTS QUEEN,0.6222,0.006,0.3718
SPADES NINE HEARTS TEN,0.552,0.0068,0.4412
SPADES NINE HEARTS JACK,0.5564,0.0068,0.4368
SPADES QUEEN SPADES FIVE,0.5934,0.0058,0.4008
SPADES KING SPADES FIVE,0.3792,0.3508,0.27
SPADES ACE SPADES FIVE,0.3558,0.0038,0.6404
SPADES NINE HEARTS QUEEN,0.581,0.0074,0.4116
SPADES NINE HEARTS ACE,0.3448,0.0048,0.6504
CLUBS TEN SPADES JACK,0.5292,0.0066,0.4642
CLUBS TEN SPADES TEN,0.3022,0.0078,0.69
SPADES ACE CLUBS TEN,0.3404,0.0048,0.6548
CLUBS TEN SPADES KING,0.2208,0.1154,0.6638
CLUBS TEN SPADES QUEEN,0.5598,0.0064,0.4338
SPADES FIVE HEARTS QUEEN,0.635,0.0058,0.3592
HEARTS ACE SPADES FIVE,0.3724,0.0044,0.6232
CLUBS EIGHT SPADES TEN,0.5684,0.0072,0.4244
HEARTS THREE SPADES JACK,0.6334,0.0074,0.3592
SPADES JACK DIAMONDS KING,0.231,0.0924,0.6766
SPADES TEN DIAMONDS KING,0.2426,0.1098,0.6476
HEARTS THREE SPADES TEN,0.639,0.007,0.354
CLUBS EIGHT SPADES JACK,0.5742,0.0072,0.4186
SPADES ACE CLUBS EIGHT,0.3558,0.0036,0.6406
CLUBS JACK HEARTS FIVE,0.6278,0.0076,0.3646
CLUBS TEN HEARTS FIVE,0.6314,0.008,0.3606
SPADES QUEEN CLUBS EIGHT,0.5838,0.0058,0.4104
CLUBS TEN SPADES THREE,0.6434,0.0064,0.3502
SPADES KING CLUBS EIGHT,0.2286,0.2278,0.5436
CLUBS JACK SPADES THREE,0.641,0.0058,0.3532
DIAMONDS TWO HEARTS JACK,0.6478,0.008,0.3442
SPADES THREE CLUBS QUEEN,0.6386,0.0066,0.3548
DIAMONDS TWO HEARTS TEN,0.633,0.0078,0.3592
SPADES THREE CLUBS KING,0.396,0.3664,0.2376
HEARTS FIVE CLUBS ACE,0.378,0.0054,0.6166
SPADES FIVE HEARTS TEN,0.64,0.0064,0.3536
SPADES THREE CLUBS ACE,0.3854,0.005,0.6096
HEARTS FIVE CLUBS KING,0.3874,0.392,0.2206
SPADES FIVE HEARTS JACK,0.634,0.0082,0.3578
HEARTS FIVE CLUBS QUEEN,0.6338,0.0086,0.3576
HEARTS THREE CLUBS KING,0.3902,0.39,0.2198
DIAMONDS KING CLUBS KING,0.0676,0.0152,0.9172
HEARTS THREE CLUBS QUEEN,0.6496,0.0098,0.3406
DIAMONDS KING CLUBS QUEEN,0.2426,0.0622,0.6952
HEARTS FIVE HEARTS JACK,0.5994,0.0116,0.389
HEARTS FIVE HEARTS TEN,0.5992,0.009,0.3918
HEARTS THREE CLUBS ACE,0.3838,0.0052,0.611
DIAMONDS KING CLUBS ACE,0.2188,0.014,0.7672
SPADES ACE CLUBS QUEEN,0.3498,0.0032,0.647
SPADES KING CLUBS QUEEN,0.248,0.0622,0.6898
CLUBS JACK HEARTS THREE,0.6312,0.0094,0.3594
CLUBS JACK DIAMONDS KING,0.2312,0.085,0.6838
SPADES QUEEN CLUBS QUEEN,0.2848,0.0052,0.71
CLUBS TEN HEARTS THREE,0.6284,0.0084,0.3632
CLUBS TEN DIAMONDS KING,0.2398,0.1124,0.6478
SPADES JACK CLUBS QUEEN,0.558,0.0086,0.4334
SPADES TEN CLUBS QUEEN,0.54,0.0056,0.4544
HEARTS FIVE HEARTS QUEEN,0.5924,0.0092,0.3984
HEARTS FIVE HEARTS ACE,0.3684,0.0054,0.6262
SPADES SEVEN HEARTS JACK,0.5956,0.0064,0.398
SPADES SEVEN HEARTS TEN,0.5976,0.0064,0.396
DIAMONDS TWO CLUBS TWO,0.457,0.0162,0.5268
DIAMONDS TWO CLUBS THREE,0.647,0.0082,0.3448
HEARTS SIX DIAMONDS TWO,0.7226,0.0408,0.2366
DIAMONDS TWO HEARTS QUEEN,0.63,0.009,0.361
DIAMONDS TWO HEARTS SEVEN,0.6472,0.0076,0.3452
DIAMONDS TWO HEARTS EIGHT,0.6444,0.009,0.3466
DIAMONDS TWO HEARTS ACE,0.3734,0.0054,0.6212
DIAMONDS TWO HEARTS NINE,0.6264,0.0068,0.3668
DIAMONDS TWO DIAMONDS QUEEN,0.592,0.0076,0.4004
DIAMONDS TWO HEARTS TWO,0.4566,0.0172,0.5262
DIAMONDS TWO DIAMONDS KING,0.365,0.3714,0.2636
HEARTS THREE DIAMONDS TWO,0.6538,0.0108,0.3354
DIAMONDS TWO DIAMONDS ACE,0.3666,0.0056,0.6278
HEARTS FOUR DIAMONDS TWO,0.66,0.0104,0.3296
DIAMONDS TWO HEARTS FIVE,0.6476,0.0102,0.3422
SPADES SEVEN HEARTS ACE,0.3486,0.004,0.6474
DIAMONDS TWO DIAMONDS TEN,0.6034,0.0068,0.3898
DIAMONDS TWO DIAMONDS JACK,0.5812,0.0064,0.4124
SPADES SEVEN HEARTS QUEEN,0.6174,0.0066,0.376
DIAMONDS TWO SPADES NINE,0.6318,0.0064,0.3618
DIAMONDS TWO SPADES EIGHT,0.6432,0.0054,0.3514
DIAMONDS TWO SPADES SEVEN,0.6398,0.0068,0.3534
DIAMONDS TWO SPADES SIX,0.726,0.0382,0.2358
DIAMONDS TWO SPADES FIVE,0.6486,0.008,0.3434
DIAMONDS TWO SPADES FOUR,0.645,0.0074,0.3476
DIAMONDS TWO SPADES THREE,0.6492,0.0072,0.3436
DIAMONDS TWO SPADES TWO,0.4538,0.0142,0.532
DIAMONDS TWO CLUBS NINE,0.6368,0.0084,0.3548
CLUBS EIGHT DIAMONDS TWO,0.6312,0.0084,0.3604
DIAMONDS TWO CLUBS SEVEN,0.6484,0.0072,0.3444
DIAMONDS TWO CLUBS FIVE,0.653,0.0112,0.3358
DIAMONDS TWO CLUBS FOUR,0.6524,0.0108,0.3368
CLUBS FOUR SPADES FIVE,0.6122,0.01,0.3778
CLUBS FOUR SPADES FOUR,0.4544,0.013,0.5326
CLUBS FOUR SPADES THREE,0.6412,0.0064,0.3524
CLUBS FOUR SPADES TWO,0.656,0.0106,0.3334
SPADES NINE CLUBS FOUR,0.6434,0.0082,0.3484
SPADES EIGHT CLUBS FOUR,0.6306,0.0068,0.3626
SPADES SEVEN CLUBS FOUR,0.6166,0.0078,0.3756
CLUBS FOUR SPADES SIX,0.6884,0.0436,0.268
SPADES ACE DIAMONDS SIX,0.244,0.0282,0.7278
SPADES QUEEN DIAMONDS SIX,0.7202,0.043,0.2368
SPADES KING DIAMONDS SIX,0.0234,0.9564,0.0202
SPADES TEN DIAMONDS SIX,0.7028,0.0344,0.2628
SPADES JACK DIAMONDS SIX,0.7262,0.0364,0.2374
SPADES QUEEN SPADES TWO,0.576,0.0068,0.4172
SPADES KING SPADES TWO,0.3808,0.3476,0.2716
SPADES ACE SPADES TWO,0.3722,0.005,0.6228
CLUBS JACK DIAMONDS JACK,0.2932,0.0072,0.6996
CLUBS TEN DIAMONDS JACK,0.532,0.0062,0.4618
DIAMONDS JACK CLUBS KING,0.2342,0.0892,0.6766
DIAMONDS JACK CLUBS QUEEN,0.5466,0.0076,0.4458
DIAMONDS THREE DIAMONDS JACK,0.5962,0.0068,0.397
DIAMONDS THREE DIAMONDS TEN,0.58,0.0088,0.4112
DIAMONDS JACK CLUBS ACE,0.3492,0.0052,0.6456
DIAMONDS THREE DIAMONDS KING,0.3776,0.3484,0.274
HEARTS THREE DIAMONDS THREE,0.4524,0.0174,0.5302
DIAMONDS THREE DIAMONDS QUEEN,0.5894,0.008,0.4026
DIAMONDS THREE HEARTS TWO,0.6464,0.0114,0.3422
HEARTS FIVE DIAMONDS THREE,0.623,0.009,0.368
DIAMONDS THREE DIAMONDS ACE,0.3636,0.0054,0.631
HEARTS FOUR DIAMONDS THREE,0.641,0.0074,0.3516
DIAMONDS THREE HEARTS SEVEN,0.6272,0.0076,0.3652
SPADES TEN SPADES NINE,0.5238,0.007,0.4692
HEARTS SIX DIAMONDS THREE,0.7084,0.0436,0.248
SPADES JACK SPADES NINE,0.52,0.0052,0.4748
DIAMONDS THREE HEARTS NINE,0.63,0.0092,0.3608
HEARTS JACK DIAMONDS FOUR,0.6224,0.0094,0.3682
SPADES TEN SPADES TWO,0.5928,0.0074,0.3998
DIAMONDS THREE HEARTS EIGHT,0.6416,0.008,0.3504
HEARTS TEN DIAMONDS FOUR,0.6302,0.0072,0.3626
SPADES JACK SPADES TWO,0.5906,0.0096,0.3998
HEARTS QUEEN DIAMONDS FOUR,0.632,0.0072,0.3608
SPADES ACE SPADES NINE,0.3394,0.0046,0.656
HEARTS ACE DIAMONDS FOUR,0.371,0.003,0.626
SPADES KING SPADES NINE,0.2226,0.1606,0.6168
SPADES QUEEN SPADES NINE,0.542,0.0062,0.4518
DIAMONDS THREE SPADES NINE,0.6344,0.007,0.3586
DIAMONDS THREE SPADES EIGHT,0.6422,0.006,0.3518
DIAMONDS THREE SPADES SEVEN,0.6182,0.0076,0.3742
DIAMONDS THREE SPADES SIX,0.6926,0.0432,0.2642
CLUBS ACE DIAMONDS FOUR,0.3802,0.0058,0.614
DIAMONDS THREE CLUBS SEVEN,0.6316,0.007,0.3614
CLUBS FIVE CLUBS SEVEN,0.5788,0.0092,0.412
DIAMONDS THREE CLUBS FOUR,0.6434,0.0084,0.3482
DIAMONDS FOUR CLUBS QUEEN,0.636,0.0058,0.3582
DIAMONDS THREE CLUBS FIVE,0.635,0.0074,0.3576
DIAMONDS FOUR CLUBS KING,0.388,0.3912,0.2208
DIAMONDS THREE CLUBS TWO,0.6548,0.007,0.3382
CLUBS TEN DIAMONDS FOUR,0.6166,0.01,0.3734
DIAMONDS THREE CLUBS THREE,0.4408,0.0156,0.5436
CLUBS JACK DIAMONDS FOUR,0.6192,0.0092,0.3716
DIAMONDS THREE SPADES FOUR,0.6272,0.0094,0.3634
DIAMONDS THREE SPADES FIVE,0.6282,0.0076,0.3642
DIAMONDS THREE SPADES TWO,0.6508,0.0098,0.3394
DIAMONDS THREE SPADES THREE,0.4526,0.0158,0.5316
CLUBS EIGHT DIAMONDS THREE,0.6348,0.0076,0.3576
CLUBS NINE DIAMONDS THREE,0.634,0.009,0.357
SPADES SEVEN CLUBS ACE,0.3494,0.004,0.6466
SPADES SEVEN CLUBS QUEEN,0.5964,0.0094,0.3942
SPADES SEVEN CLUBS KING,0.2234,0.306,0.4706
CLUBS FIVE SPADES SEVEN,0.6146,0.0062,0.3792
CLUBS TEN SPADES SEVEN,0.5972,0.0062,0.3966
CLUBS FIVE SPADES SIX,0.6704,0.0428,0.2868
CLUBS JACK SPADES SEVEN,0.5874,0.0066,0.406
CLUBS FIVE SPADES NINE,0.6376,0.007,0.3554
CLUBS FIVE SPADES EIGHT,0.622,0.008,0.37
CLUBS FIVE SPADES THREE,0.6432,0.0078,0.349
CLUBS FIVE SPADES TWO,0.6504,0.0094,0.3402
CLUBS FIVE SPADES FIVE,0.4322,0.0164,0.5514
CLUBS FIVE SPADES FOUR,0.624,0.009,0.367
CLUBS NINE CLUBS FIVE,0.5932,0.0088,0.398
CLUBS EIGHT CLUBS FIVE,0.582,0.0098,0.4082
CLUBS ACE CLUBS QUEEN,0.3422,0.0044,0.6534
CLUBS KING CLUBS QUEEN,0.2432,0.0624,0.6944
DIAMONDS TEN DIAMONDS FOUR,0.5954,0.008,0.3966
CLUBS TEN DIAMONDS NINE,0.5396,0.0078,0.4526
DIAMONDS JACK DIAMONDS FOUR,0.5708,0.0092,0.42
CLUBS JACK DIAMONDS NINE,0.5512,0.0054,0.4434
CLUBS JACK SPADES NINE,0.5622,0.0046,0.4332
CLUBS TEN SPADES NINE,0.5658,0.006,0.4282
DIAMONDS ACE DIAMONDS FOUR,0.3512,0.005,0.6438
HEARTS FOUR DIAMONDS FOUR,0.447,0.014,0.539
DIAMONDS JACK HEARTS TEN,0.543,0.006,0.451
SPADES NINE CLUBS KING,0.2276,0.157,0.6154
DIAMONDS TWO SPADES TEN,0.6204,0.0064,0.3732
DIAMONDS NINE CLUBS ACE,0.3566,0.0038,0.6396
HEARTS FIVE DIAMONDS FOUR,0.627,0.0076,0.3654
HEARTS JACK DIAMONDS JACK,0.2952,0.005,0.6998
SPADES NINE CLUBS QUEEN,0.5784,0.005,0.4166
DIAMONDS TWO SPADES JACK,0.6332,0.0076,0.3592
DIAMONDS QUEEN DIAMONDS FOUR,0.5882,0.0052,0.4066
HEARTS TWO DIAMONDS FOUR,0.6514,0.0074,0.3412
DIAMONDS NINE CLUBS QUEEN,0.5756,0.0064,0.418
DIAMONDS KING DIAMONDS FOUR,0.355,0.3586,0.2864
HEARTS THREE DIAMONDS FOUR,0.6286,0.0084,0.363
SPADES NINE CLUBS ACE,0.3722,0.004,0.6238
DIAMONDS NINE CLUBS KING,0.2228,0.1674,0.6098
HEARTS ACE DIAMONDS JACK,0.3484,0.005,0.6466
SPADES ACE DIAMONDS TWO,0.386,0.005,0.609
DIAMONDS JACK HEARTS QUEEN,0.5546,0.0056,0.4398
SPADES QUEEN DIAMONDS TWO,0.6304,0.0072,0.3624
SPADES KING DIAMONDS TWO,0.395,0.3722,0.2328
SPADES JACK SPADES SEVEN,0.5436,0.0046,0.4518
SPADES TEN SPADES SEVEN,0.546,0.0054,0.4486
CLUBS SEVEN CLUBS THREE,0.5968,0.0066,0.3966
CLUBS FIVE CLUBS THREE,0.5914,0.0084,0.4002
CLUBS THREE CLUBS FOUR,0.6096,0.0104,0.38
CLUBS NINE CLUBS THREE,0.5922,0.0074,0.4004
CLUBS EIGHT CLUBS THREE,0.596,0.0094,0.3946
CLUBS THREE SPADES FIVE,0.6372,0.0086,0.3542
CLUBS THREE SPADES FOUR,0.645,0.008,0.347
CLUBS THREE SPADES THREE,0.4474,0.0152,0.5374
CLUBS THREE SPADES TWO,0.6526,0.0094,0.338
CLUBS THREE SPADES SIX,0.7132,0.0428,0.244
CLUBS THREE SPADES SEVEN,0.6388,0.0098,0.3514
SPADES EIGHT CLUBS THREE,0.6362,0.0062,0.3576
SPADES NINE CLUBS THREE,0.6334,0.0068,0.3598
SPADES TWO DIAMONDS FOUR,0.6316,0.0066,0.3618
SPADES THREE DIAMONDS FOUR,0.6252,0.0096,0.3652
SPADES FOUR DIAMONDS FOUR,0.429,0.0126,0.5584
SPADES FIVE DIAMONDS FOUR,0.6218,0.0078,0.3704
SPADES SIX DIAMONDS FOUR,0.686,0.0438,0.2702
SPADES SEVEN DIAMONDS FOUR,0.6038,0.007,0.3892
SPADES EIGHT DIAMONDS FOUR,0.6368,0.0066,0.3566
SPADES NINE DIAMONDS FOUR,0.6378,0.0064,0.3558
CLUBS FIVE DIAMONDS FOUR,0.6222,0.0074,0.3704
CLUBS FOUR DIAMONDS FOUR,0.4436,0.016,0.5404
CLUBS SEVEN DIAMONDS FOUR,0.6162,0.009,0.3748
CLUBS NINE DIAMONDS FOUR,0.6414,0.0072,0.3514
CLUBS EIGHT DIAMONDS FOUR,0.6228,0.008,0.3692
DIAMONDS FOUR HEARTS SEVEN,0.6168,0.0068,0.3764
HEARTS SIX DIAMONDS FOUR,0.6924,0.0464,0.2612
HEARTS NINE DIAMONDS FOUR,0.6322,0.008,0.3598
DIAMONDS FOUR HEARTS EIGHT,0.6432,0.0082,0.3486
CLUBS THREE DIAMONDS FOUR,0.6346,0.0078,0.3576
CLUBS TWO DIAMONDS FOUR,0.6586,0.0104,0.331
DIAMONDS TEN DIAMONDS FIVE,0.587,0.006,0.407
DIAMONDS JACK DIAMONDS FIVE,0.5856,0.0074,0.407
DIAMONDS NINE HEARTS QUEEN,0.5744,0.007,0.4186
HEARTS ACE DIAMONDS NINE,0.3532,0.0062,0.6406
DIAMONDS NINE HEARTS TEN,0.5452,0.007,0.4478
DIAMONDS NINE HEARTS JACK,0.5734,0.008,0.4186
CLUBS KING DIAMONDS SIX,0.0098,0.9722,0.018
CLUBS QUEEN DIAMONDS SIX,0.7328,0.0452,0.222
CLUBS ACE DIAMONDS SIX,0.2206,0.0282,0.7512
SPADES KING DIAMONDS FOUR,0.3998,0.3664,0.2338
SPADES ACE SPADES SEVEN,0.3446,0.0024,0.653
SPADES QUEEN DIAMONDS FOUR,0.6378,0.0062,0.356
SPADES QUEEN SPADES SEVEN,0.572,0.0086,0.4194
CLUBS JACK DIAMONDS SIX,0.713,0.0386,0.2484
SPADES KING SPADES SEVEN,0.2136,0.2728,0.5136
SPADES ACE DIAMONDS FOUR,0.39,0.005,0.605
CLUBS TEN DIAMONDS SIX,0.7166,0.0346,0.2488
CLUBS NINE CLUBS FOUR,0.6016,0.01,0.3884
CLUBS EIGHT CLUBS FOUR,0.5878,0.0078,0.4044
SPADES JACK DIAMONDS FOUR,0.6348,0.006,0.3592
SPADES TEN DIAMONDS FOUR,0.6178,0.0078,0.3744
CLUBS FIVE CLUBS FOUR,0.59,0.0088,0.4012
CLUBS SEVEN CLUBS FOUR,0.5806,0.0098,0.4096
CLUBS SEVEN SPADES EIGHT,0.5528,0.0076,0.4396
SPADES NINE CLUBS SEVEN,0.5784,0.0068,0.4148
CLUBS SEVEN SPADES SIX,0.6792,0.0306,0.2902
CLUBS SEVEN SPADES SEVEN,0.3406,0.0134,0.646
CLUBS SEVEN SPADES FIVE,0.5936,0.007,0.3994
CLUBS SEVEN SPADES FOUR,0.6094,0.0076,0.383
CLUBS SEVEN SPADES THREE,0.63,0.0084,0.3616
CLUBS SEVEN SPADES TWO,0.6376,0.0088,0.3536
CLUBS NINE CLUBS SEVEN,0.5454,0.0062,0.4484
CLUBS EIGHT CLUBS SEVEN,0.5322,0.0066,0.4612
HEARTS SIX DIAMONDS FIVE,0.686,0.0346,0.2794
DIAMONDS FIVE HEARTS SEVEN,0.607,0.0078,0.3852
DIAMONDS FIVE HEARTS EIGHT,0.6174,0.0114,0.3712
HEARTS NINE DIAMONDS FIVE,0.6268,0.0072,0.366
DIAMONDS QUEEN DIAMONDS FIVE,0.5808,0.0076,0.4116
HEARTS TWO DIAMONDS FIVE,0.6288,0.008,0.3632
DIAMONDS KING DIAMONDS FIVE,0.3624,0.3644,0.2732
HEARTS THREE DIAMONDS FIVE,0.6168,0.0094,0.3738
HEARTS QUEEN HEARTS EIGHT,0.569,0.008,0.423
DIAMONDS ACE DIAMONDS FIVE,0.3564,0.005,0.6386
HEARTS FOUR DIAMONDS FIVE,0.618,0.0066,0.3754
HEARTS FIVE DIAMONDS FIVE,0.4384,0.0182,0.5434
HEARTS ACE HEARTS EIGHT,0.3408,0.004,0.6552
CLUBS FOUR DIAMONDS FIVE,0.6156,0.0072,0.3772
CLUBS FIVE DIAMONDS FIVE,0.445,0.0186,0.5364
CLUBS SEVEN DIAMONDS FIVE,0.5986,0.0072,0.3942
CLUBS TWO DIAMONDS FIVE,0.648,0.009,0.343
CLUBS THREE DIAMONDS FIVE,0.6276,0.0084,0.364
SPADES THREE DIAMONDS FIVE,0.6298,0.0072,0.363
SPADES TWO DIAMONDS FIVE,0.637,0.0106,0.3524
SPADES JACK DIAMONDS EIGHT,0.567,0.0044,0.4286
SPADES FIVE DIAMONDS FIVE,0.4456,0.0142,0.5402
CLUBS TEN HEARTS JACK,0.5368,0.009,0.4542
SPADES TEN DIAMONDS EIGHT,0.5708,0.0068,0.4224
SPADES FOUR DIAMONDS FIVE,0.615,0.0102,0.3748
CLUBS JACK HEARTS JACK,0.3042,0.0066,0.6892
HEARTS JACK CLUBS QUEEN,0.5644,0.0068,0.4288
CLUBS NINE DIAMONDS FIVE,0.6158,0.0084,0.3758
CLUBS EIGHT DIAMONDS FIVE,0.611,0.005,0.384
HEARTS JACK CLUBS KING,0.2192,0.093,0.6878
HEARTS JACK CLUBS ACE,0.3452,0.0018,0.653
SPADES SEVEN DIAMONDS FIVE,0.6008,0.0072,0.392
SPADES KING DIAMONDS EIGHT,0.2354,0.2196,0.545
SPADES QUEEN DIAMONDS EIGHT,0.5968,0.0046,0.3986
SPADES SIX DIAMONDS FIVE,0.6714,0.039,0.2896
SPADES NINE DIAMONDS FIVE,0.6204,0.0072,0.3724
SPADES EIGHT DIAMONDS FIVE,0.6064,0.0074,0.3862
SPADES ACE DIAMONDS EIGHT,0.3572,0.003,0.6398
DIAMONDS TEN DIAMONDS SIX,0.6624,0.0302,0.3074
HEARTS ACE DIAMONDS SEVEN,0.3528,0.005,0.6422
DIAMONDS JACK DIAMONDS SIX,0.685,0.0348,0.2802
HEARTS QUEEN DIAMONDS SEVEN,0.6066,0.0048,0.3886
DIAMONDS ACE DIAMONDS SIX,0.212,0.0278,0.7602
HEARTS FOUR DIAMONDS SIX,0.6932,0.0402,0.2666
HEARTS JACK SPADES TWO,0.6316,0.0078,0.3606
HEARTS FIVE DIAMONDS SIX,0.688,0.041,0.271
SPADES TWO HEARTS TEN,0.6286,0.0076,0.3638
DIAMONDS QUEEN DIAMONDS SIX,0.6716,0.0408,0.2876
HEARTS TWO DIAMONDS SIX,0.7234,0.046,0.2306
DIAMONDS KING DIAMONDS SIX,0.0228,0.9034,0.0738
HEARTS THREE DIAMONDS SIX,0.717,0.0358,0.2472
HEARTS EIGHT DIAMONDS SIX,0.6982,0.0348,0.267
HEARTS NINE DIAMONDS SIX,0.7124,0.0314,0.2562
HEARTS SIX DIAMONDS SIX,0.3086,0.0302,0.6612
HEARTS SEVEN DIAMONDS SIX,0.6714,0.0374,0.2912
HEARTS TEN DIAMONDS SEVEN,0.5786,0.007,0.4144
CLUBS TWO DIAMONDS SIX,0.7222,0.0428,0.235
HEARTS JACK DIAMONDS SEVEN,0.5918,0.0068,0.4014
CLUBS THREE DIAMONDS SIX,0.7064,0.036,0.2576
CLUBS SEVEN DIAMONDS SIX,0.6786,0.0284,0.293
CLUBS JACK DIAMONDS EIGHT,0.5794,0.008,0.4126
CLUBS TEN DIAMONDS EIGHT,0.5652,0.0064,0.4284
CLUBS FIVE DIAMONDS SIX,0.6766,0.0378,0.2856
CLUBS FOUR DIAMONDS SIX,0.6986,0.035,0.2664
HEARTS ACE HEARTS JACK,0.3342,0.0038,0.662
DIAMONDS EIGHT CLUBS ACE,0.3468,0.0038,0.6494
HEARTS JACK HEARTS QUEEN,0.5298,0.0064,0.4638
DIAMONDS EIGHT CLUBS KING,0.2182,0.243,0.5388
CLUBS NINE DIAMONDS SIX,0.6968,0.0356,0.2676
CLUBS EIGHT DIAMONDS SIX,0.679,0.033,0.288
DIAMONDS EIGHT CLUBS QUEEN,0.597,0.0068,0.3962
SPADES FIVE DIAMONDS SIX,0.6662,0.037,0.2968
HEARTS ACE SPADES TWO,0.3876,0.0062,0.6062
SPADES FOUR DIAMONDS SIX,0.6842,0.0342,0.2816
SPADES THREE DIAMONDS SIX,0.6916,0.0444,0.264
HEARTS QUEEN SPADES TWO,0.6406,0.0106,0.3488
SPADES ACE SPADES KING,0.2154,0.013,0.7716
SPADES TWO DIAMONDS SIX,0.722,0.0374,0.2406
HEARTS TEN HEARTS EIGHT,0.5518,0.0078,0.4404
SPADES NINE DIAMONDS SIX,0.7018,0.0334,0.2648
HEARTS JACK HEARTS EIGHT,0.551,0.008,0.441
SPADES EIGHT DIAMONDS SIX,0.6848,0.0302,0.285
SPADES SEVEN DIAMONDS SIX,0.6646,0.0302,0.3052
SPADES SIX DIAMONDS SIX,0.311,0.0288,0.6602
CLUBS ACE CLUBS KING,0.2242,0.0126,0.7632
SPADES ACE HEARTS JACK,0.3368,0.0066,0.6566
SPADES QUEEN HEARTS JACK,0.5694,0.008,0.4226
SPADES KING HEARTS JACK,0.231,0.088,0.681
SPADES TEN DIAMONDS TEN,0.3132,0.0058,0.681
SPADES JACK DIAMONDS TEN,0.5388,0.006,0.4552
SPADES ACE DIAMONDS TEN,0.3342,0.0024,0.6634
SPADES JACK HEARTS JACK,0.3086,0.006,0.6854
SPADES TEN HEARTS JACK,0.536,0.0066,0.4574
SPADES QUEEN DIAMONDS TEN,0.5508,0.005,0.4442
SPADES KING DIAMONDS TEN,0.2412,0.1126,0.6462
SPADES NINE DIAMONDS SEVEN,0.568,0.0072,0.4248
SPADES EIGHT DIAMONDS SEVEN,0.565,0.0068,0.4282
SPADES SEVEN DIAMONDS SEVEN,0.325,0.0104,0.6646
SPADES SIX DIAMONDS SEVEN,0.6688,0.0332,0.298
DIAMONDS KING DIAMONDS SEVEN,0.2158,0.2858,0.4984
HEARTS THREE DIAMONDS SEVEN,0.6364,0.0098,0.3538
DIAMONDS QUEEN DIAMONDS SEVEN,0.5682,0.0074,0.4244
HEARTS TWO DIAMONDS SEVEN,0.6548,0.0074,0.3378
HEARTS QUEEN DIAMONDS FIVE,0.6364,0.0072,0.3564
HEARTS FIVE DIAMONDS SEVEN,0.617,0.0056,0.3774
DIAMONDS ACE DIAMONDS SEVEN,0.3336,0.0058,0.6606
HEARTS FOUR DIAMONDS SEVEN,0.619,0.0092,0.3718
HEARTS ACE DIAMONDS FIVE,0.3818,0.0042,0.614
HEARTS SEVEN DIAMONDS SEVEN,0.3304,0.0134,0.6562
HEARTS SIX DIAMONDS SEVEN,0.6794,0.0338,0.2868
HEARTS NINE DIAMONDS SEVEN,0.577,0.0056,0.4174
DIAMONDS SEVEN HEARTS EIGHT,0.5618,0.0088,0.4294
DIAMONDS JACK DIAMONDS SEVEN,0.5514,0.0094,0.4392
HEARTS JACK DIAMONDS FIVE,0.6384,0.0074,0.3542
DIAMONDS TEN DIAMONDS SEVEN,0.5506,0.0064,0.443
DIAMONDS FIVE HEARTS TEN,0.6482,0.007,0.3448
CLUBS EIGHT DIAMONDS SEVEN,0.574,0.0066,0.4194
SPADES KING CLUBS TWO,0.3972,0.381,0.2218
SPADES QUEEN CLUBS TWO,0.6366,0.007,0.3564
CLUBS NINE DIAMONDS SEVEN,0.5674,0.0074,0.4252
CLUBS JACK SPADES TWO,0.6278,0.0066,0.3656
SPADES ACE CLUBS TWO,0.3832,0.0032,0.6136
CLUBS TEN SPADES TWO,0.6252,0.0094,0.3654
SPADES TWO CLUBS KING,0.3952,0.3818,0.223
SPADES TWO DIAMONDS SEVEN,0.6412,0.0078,0.351
SPADES THREE DIAMONDS SEVEN,0.6144,0.006,0.3796
SPADES TWO CLUBS QUEEN,0.6138,0.0076,0.3786
SPADES FOUR DIAMONDS SEVEN,0.6114,0.008,0.3806
SPADES FIVE DIAMONDS SEVEN,0.592,0.0068,0.4012
SPADES TWO CLUBS ACE,0.392,0.0044,0.6036
CLUBS TWO DIAMONDS SEVEN,0.6478,0.007,0.3452
CLUBS THREE DIAMONDS SEVEN,0.642,0.0068,0.3512
CLUBS FOUR DIAMONDS SEVEN,0.609,0.0086,0.3824
CLUBS FIVE DIAMONDS SEVEN,0.5936,0.0086,0.3978
SPADES JACK CLUBS TWO,0.6318,0.0086,0.3596
CLUBS SEVEN DIAMONDS SEVEN,0.334,0.0114,0.6546
SPADES TEN CLUBS TWO,0.6308,0.0082,0.361
CLUBS TWO CLUBS QUEEN,0.5914,0.0076,0.401
CLUBS TWO CLUBS KING,0.3822,0.37,0.2478
CLUBS THREE DIAMONDS EIGHT,0.6524,0.0074,0.3402
CLUBS TWO CLUBS ACE,0.3782,0.0046,0.6172
CLUBS TWO DIAMONDS EIGHT,0.6292,0.0094,0.3614
DIAMONDS EIGHT HEARTS SEVEN,0.5642,0.0084,0.4274
HEARTS SIX DIAMONDS EIGHT,0.6956,0.036,0.2684
DIAMONDS EIGHT HEARTS NINE,0.5792,0.0052,0.4156
CLUBS TEN CLUBS TWO,0.602,0.0068,0.3912
DIAMONDS EIGHT HEARTS EIGHT,0.3286,0.0114,0.66
CLUBS JACK CLUBS TWO,0.5992,0.0082,0.3926
CLUBS NINE DIAMONDS EIGHT,0.5684,0.006,0.4256
CLUBS EIGHT DIAMONDS EIGHT,0.2994,0.0118,0.6888
CLUBS FIVE DIAMONDS EIGHT,0.6244,0.0072,0.3684
SPADES ACE SPADES THREE,0.3706,0.0042,0.6252
CLUBS FOUR DIAMONDS EIGHT,0.6452,0.0066,0.3482
CLUBS SEVEN DIAMONDS EIGHT,0.5726,0.0064,0.421
SPADES QUEEN SPADES THREE,0.594,0.0076,0.3984
SPADES KING SPADES THREE,0.3714,0.3528,0.2758
DIAMONDS QUEEN DIAMONDS EIGHT,0.5374,0.0048,0.4578
HEARTS TWO DIAMONDS EIGHT,0.648,0.0066,0.3454
DIAMONDS KING DIAMONDS EIGHT,0.2202,0.2128,0.567
HEARTS THREE DIAMONDS EIGHT,0.6466,0.0072,0.3462
DIAMONDS ACE DIAMONDS EIGHT,0.3372,0.005,0.6578
HEARTS FOUR DIAMONDS EIGHT,0.6204,0.0064,0.3732
HEARTS FIVE DIAMONDS EIGHT,0.6188,0.0084,0.3728
DIAMONDS EIGHT DIAMONDS TEN,0.5212,0.008,0.4708
DIAMONDS EIGHT DIAMONDS JACK,0.5338,0.0074,0.4588
SPADES JACK SPADES THREE,0.5916,0.0078,0.4006
SPADES TEN SPADES THREE,0.5924,0.0068,0.4008
CLUBS FOUR HEARTS ACE,0.3874,0.0052,0.6074
CLUBS FOUR HEARTS QUEEN,0.6454,0.0086,0.346
DIAMONDS EIGHT SPADES FOUR,0.6214,0.006,0.3726
SPADES FIVE DIAMONDS EIGHT,0.6114,0.0068,0.3818
DIAMONDS EIGHT SPADES TWO,0.6378,0.0064,0.3558
DIAMONDS EIGHT SPADES THREE,0.6436,0.0068,0.3496
CLUBS FOUR HEARTS JACK,0.637,0.0066,0.3564
SPADES EIGHT DIAMONDS EIGHT,0.3256,0.0096,0.6648
SPADES TEN DIAMONDS QUEEN,0.5524,0.0052,0.4424
SPADES TEN HEARTS TWO,0.6298,0.0078,0.3624
SPADES JACK HEARTS EIGHT,0.579,0.0084,0.4126
CLUBS FOUR HEARTS TEN,0.639,0.01,0.351
SPADES NINE DIAMONDS EIGHT,0.5688,0.006,0.4252
SPADES TEN HEARTS EIGHT,0.5878,0.0078,0.4044
SPADES JACK HEARTS TWO,0.6236,0.0074,0.369
SPADES JACK DIAMONDS QUEEN,0.5456,0.0092,0.4452
SPADES SIX DIAMONDS EIGHT,0.6902,0.0304,0.2794
SPADES SEVEN DIAMONDS EIGHT,0.5634,0.007,0.4296
SPADES ACE HEARTS TWO,0.3858,0.0058,0.6084
SPADES ACE DIAMONDS QUEEN,0.353,0.0026,0.6444
SPADES ACE HEARTS EIGHT,0.3572,0.0044,0.6384
SPADES KING HEARTS EIGHT,0.2306,0.2288,0.5406
SPADES QUEEN HEARTS TWO,0.6422,0.0084,0.3494
SPADES QUEEN DIAMONDS QUEEN,0.2864,0.002,0.7116
SPADES KING DIAMONDS QUEEN,0.2426,0.0642,0.6932
SPADES KING HEARTS TWO,0.4018,0.3798,0.2184
SPADES QUEEN HEARTS EIGHT,0.5984,0.005,0.3966
CLUBS TWO HEARTS TEN,0.649,0.0086,0.3424
CLUBS TWO HEARTS JACK,0.6332,0.0096,0.3572
SPADES SEVEN DIAMONDS NINE,0.5836,0.0062,0.4102
SPADES SIX DIAMONDS NINE,0.6984,0.0326,0.269
SPADES NINE DIAMONDS NINE,0.3286,0.0086,0.6628
SPADES EIGHT DIAMONDS NINE,0.5684,0.0068,0.4248
SPADES TEN CLUBS KING,0.2306,0.1244,0.645
DIAMONDS NINE SPADES THREE,0.628,0.0088,0.3632
SPADES JACK CLUBS KING,0.2292,0.0854,0.6854
DIAMONDS NINE SPADES TWO,0.6382,0.0066,0.3552
DIAMONDS NINE SPADES FIVE,0.613,0.0098,0.3772
DIAMONDS NINE SPADES FOUR,0.6372,0.0072,0.3556
CLUBS NINE DIAMONDS NINE,0.3098,0.0086,0.6816
CLUBS EIGHT DIAMONDS NINE,0.5464,0.0064,0.4472
SPADES JACK CLUBS FOUR,0.6336,0.008,0.3584
CLUBS SEVEN DIAMONDS NINE,0.5732,0.0074,0.4194
SPADES TEN CLUBS FOUR,0.637,0.0082,0.3548
CLUBS FOUR DIAMONDS NINE,0.6418,0.0088,0.3494
CLUBS FIVE DIAMONDS NINE,0.6282,0.0072,0.3646
DIAMONDS NINE CLUBS TWO,0.623,0.0072,0.3698
CLUBS THREE DIAMONDS NINE,0.6352,0.0048,0.36
DIAMONDS NINE HEARTS EIGHT,0.5788,0.0076,0.4136
DIAMONDS NINE HEARTS NINE,0.3094,0.0114,0.6792
HEARTS SIX DIAMONDS NINE,0.6996,0.035,0.2654
DIAMONDS NINE HEARTS SEVEN,0.5918,0.0044,0.4038
CLUBS EIGHT CLUBS NINE,0.5346,0.0072,0.4582
DIAMONDS ACE DIAMONDS NINE,0.3342,0.0044,0.6614
HEARTS FOUR DIAMONDS NINE,0.6378,0.0066,0.3556
HEARTS FIVE DIAMONDS NINE,0.6344,0.009,0.3566
HEARTS ACE CLUBS TWO,0.3836,0.0062,0.6102
SPADES ACE CLUBS FOUR,0.3932,0.0038,0.603
DIAMONDS QUEEN DIAMONDS NINE,0.535,0.009,0.456
HEARTS TWO DIAMONDS NINE,0.6386,0.0072,0.3542
SPADES KING CLUBS FOUR,0.4016,0.3814,0.217
DIAMONDS KING DIAMONDS NINE,0.2186,0.161,0.6204
HEARTS THREE DIAMONDS NINE,0.637,0.0046,0.3584
CLUBS TWO HEARTS QUEEN,0.6412,0.008,0.3508
SPADES QUEEN CLUBS FOUR,0.6368,0.008,0.3552
DIAMONDS NINE DIAMONDS JACK,0.5248,0.0052,0.47
CLUBS EIGHT SPADES NINE,0.5788,0.0074,0.4138
DIAMONDS NINE DIAMONDS TEN,0.5086,0.0052,0.4862
CLUBS EIGHT SPADES EIGHT,0.3172,0.0106,0.6722
CLUBS EIGHT SPADES SEVEN,0.5594,0.0102,0.4304
CLUBS EIGHT SPADES SIX,0.6892,0.0336,0.2772
CLUBS EIGHT SPADES FIVE,0.6168,0.0062,0.377
CLUBS EIGHT SPADES FOUR,0.636,0.0062,0.3578
CLUBS EIGHT SPADES THREE,0.6312,0.0102,0.3586
CLUBS EIGHT SPADES TWO,0.6296,0.0064,0.364
HEARTS SIX DIAMONDS TEN,0.7168,0.0342,0.249
DIAMONDS TEN HEARTS SEVEN,0.587,0.005,0.408
DIAMONDS TEN HEARTS EIGHT,0.5786,0.006,0.4154
CLUBS JACK CLUBS FOUR,0.592,0.0084,0.3996
DIAMONDS TEN HEARTS NINE,0.5592,0.0056,0.4352
CLUBS TEN CLUBS FOUR,0.603,0.0066,0.3904
CLUBS FOUR CLUBS KING,0.3726,0.3692,0.2582
CLUBS FOUR CLUBS QUEEN,0.6018,0.0068,0.3914
CLUBS TWO DIAMONDS TEN,0.6496,0.006,0.3444
CLUBS THREE DIAMONDS TEN,0.6394,0.0102,0.3504
CLUBS FOUR CLUBS ACE,0.3626,0.0042,0.6332
DIAMONDS JACK DIAMONDS TEN,0.5086,0.008,0.4834
DIAMONDS QUEEN DIAMONDS TEN,0.5274,0.0084,0.4642
HEARTS TWO DIAMONDS TEN,0.633,0.009,0.358
DIAMONDS KING DIAMONDS TEN,0.232,0.1076,0.6604
HEARTS THREE DIAMONDS TEN,0.6164,0.0074,0.3762
DIAMONDS ACE DIAMONDS TEN,0.322,0.0032,0.6748
HEARTS FOUR DIAMONDS TEN,0.6236,0.0108,0.3656
CLUBS EIGHT HEARTS JACK,0.586,0.0096,0.4044
HEARTS FIVE DIAMONDS TEN,0.6294,0.0068,0.3638
CLUBS EIGHT HEARTS TEN,0.5688,0.0076,0.4236
CLUBS EIGHT HEARTS QUEEN,0.5888,0.0102,0.401
CLUBS EIGHT HEARTS ACE,0.3388,0.0034,0.6578
CLUBS NINE SPADES THREE,0.6246,0.0084,0.367
CLUBS NINE SPADES TWO,0.6334,0.0106,0.356
CLUBS NINE SPADES FIVE,0.6266,0.0084,0.365
CLUBS NINE SPADES FOUR,0.6242,0.0066,0.3692
CLUBS NINE SPADES SEVEN,0.5766,0.0086,0.4148
CLUBS NINE SPADES SIX,0.695,0.0366,0.2684
CLUBS NINE SPADES NINE,0.3074,0.009,0.6836
CLUBS TEN HEARTS EIGHT,0.5674,0.0074,0.4252
CLUBS NINE SPADES EIGHT,0.5608,0.0078,0.4314
CLUBS JACK HEARTS EIGHT,0.587,0.006,0.407
CLUBS QUEEN HEARTS EIGHT,0.5958,0.0084,0.3958
CLUBS KING HEARTS EIGHT,0.2256,0.2234,0.551
CLUBS ACE HEARTS EIGHT,0.3534,0.005,0.6416
SPADES KING CLUBS KING,0.0714,0.0148,0.9138
SPADES QUEEN CLUBS KING,0.2496,0.0612,0.6892
SPADES ACE CLUBS KING,0.2204,0.011,0.7686
DIAMONDS ACE HEARTS TEN,0.3492,0.0056,0.6452
HEARTS FOUR HEARTS TEN,0.5996,0.0096,0.3908
DIAMONDS ACE HEARTS JACK,0.3562,0.0044,0.6394
HEARTS FOUR HEARTS JACK,0.6064,0.0084,0.3852
SPADES KING CLUBS FIVE,0.3942,0.3888,0.217
SPADES QUEEN CLUBS FIVE,0.628,0.006,0.366
SPADES ACE CLUBS FIVE,0.3776,0.0048,0.6176
DIAMONDS JACK HEARTS SEVEN,0.5868,0.0066,0.4066
HEARTS SIX DIAMONDS JACK,0.7266,0.0384,0.235
DIAMONDS JACK HEARTS NINE,0.5528,0.0084,0.4388
DIAMONDS JACK HEARTS EIGHT,0.5688,0.0068,0.4244
DIAMONDS KING DIAMONDS JACK,0.2346,0.0886,0.6768
HEARTS THREE DIAMONDS JACK,0.6268,0.009,0.3642
SPADES ACE SPADES SIX,0.2326,0.0274,0.74
HEARTS ACE SPADES FOUR,0.3954,0.0038,0.6008
DIAMONDS QUEEN DIAMONDS JACK,0.52,0.0052,0.4748
HEARTS TWO DIAMONDS JACK,0.6288,0.0086,0.3626
HEARTS FIVE DIAMONDS JACK,0.6326,0.0072,0.3602
SPADES QUEEN SPADES SIX,0.6818,0.0384,0.2798
SPADES FOUR HEARTS QUEEN,0.634,0.0076,0.3584
DIAMONDS ACE DIAMONDS JACK,0.3182,0.0044,0.6774
HEARTS FOUR DIAMONDS JACK,0.6312,0.0082,0.3606
SPADES KING SPADES SIX,0.0198,0.9052,0.075
SPADES TEN SPADES SIX,0.673,0.0332,0.2938
SPADES JACK SPADES SIX,0.6776,0.0364,0.286
SPADES FOUR DIAMONDS JACK,0.6192,0.0072,0.3736
SPADES FIVE DIAMONDS JACK,0.6308,0.0056,0.3636
DIAMONDS JACK SPADES TWO,0.6302,0.0094,0.3604
DIAMONDS JACK SPADES THREE,0.6196,0.0068,0.3736
SPADES ACE DIAMONDS THREE,0.3944,0.0044,0.6012
CLUBS EIGHT DIAMONDS JACK,0.5688,0.007,0.4242
SPADES QUEEN DIAMONDS THREE,0.6252,0.0044,0.3704
SPADES KING DIAMONDS THREE,0.4016,0.3734,0.225
CLUBS NINE DIAMONDS JACK,0.5492,0.0062,0.4446
CLUBS SEVEN DIAMONDS JACK,0.5868,0.0054,0.4078
CLUBS FOUR DIAMONDS JACK,0.6282,0.0076,0.3642
CLUBS FIVE DIAMONDS JACK,0.6252,0.008,0.3668
CLUBS TWO DIAMONDS JACK,0.621,0.008,0.371
CLUBS THREE DIAMONDS JACK,0.6174,0.0082,0.3744
SPADES TEN CLUBS FIVE,0.6284,0.0062,0.3654
HEARTS SIX SPADES JACK,0.7284,0.0386,0.233
HEARTS SIX SPADES TEN,0.7072,0.0382,0.2546
SPADES JACK CLUBS FIVE,0.6372,0.007,0.3558
SPADES JACK DIAMONDS THREE,0.6466,0.0094,0.344
CLUBS SEVEN CLUBS ACE,0.3374,0.0052,0.6574
DIAMONDS THREE SPADES TEN,0.6248,0.0074,0.3678
CLUBS SEVEN CLUBS QUEEN,0.5648,0.0064,0.4288
CLUBS SEVEN CLUBS KING,0.2162,0.2876,0.4962
SPADES NINE DIAMONDS JACK,0.5584,0.0064,0.4352
CLUBS TEN CLUBS SEVEN,0.542,0.0086,0.4494
DIAMONDS ACE HEARTS ACE,0.112,0.0042,0.8838
HEARTS FOUR HEARTS ACE,0.3776,0.0046,0.6178
SPADES EIGHT DIAMONDS JACK,0.5776,0.007,0.4154
SPADES ACE HEARTS SIX,0.231,0.0284,0.7406
CLUBS JACK CLUBS SEVEN,0.5552,0.0076,0.4372
SPADES SEVEN DIAMONDS JACK,0.5824,0.008,0.4096
SPADES KING HEARTS SIX,0.0176,0.972,0.0104
DIAMONDS ACE HEARTS QUEEN,0.3594,0.0032,0.6374
HEARTS FOUR HEARTS QUEEN,0.6216,0.0082,0.3702
SPADES QUEEN HEARTS SIX,0.7304,0.034,0.2356
SPADES SIX DIAMONDS JACK,0.7216,0.0348,0.2436
DIAMONDS TEN SPADES TWO,0.6224,0.0088,0.3688
SPADES THREE DIAMONDS TEN,0.6222,0.0056,0.3722
SPADES FOUR DIAMONDS TEN,0.6186,0.0074,0.374
SPADES FIVE DIAMONDS TEN,0.6476,0.0076,0.3448
SPADES SIX DIAMONDS TEN,0.7166,0.03,0.2534
SPADES SEVEN DIAMONDS TEN,0.5896,0.0078,0.4026
SPADES EIGHT DIAMONDS TEN,0.574,0.0074,0.4186
SPADES NINE DIAMONDS TEN,0.553,0.0046,0.4424
CLUBS FOUR DIAMONDS TEN,0.625,0.008,0.367
CLUBS FIVE DIAMONDS TEN,0.6304,0.0064,0.3632
CLUBS SEVEN DIAMONDS TEN,0.583,0.0072,0.4098
CLUBS EIGHT DIAMONDS TEN,0.5642,0.0046,0.4312
CLUBS NINE DIAMONDS TEN,0.5408,0.0066,0.4526
CLUBS JACK DIAMONDS THREE,0.6188,0.0078,0.3734
CLUBS TEN DIAMONDS THREE,0.6164,0.0074,0.3762
DIAMONDS THREE CLUBS KING,0.4002,0.3762,0.2236
DIAMONDS THREE CLUBS QUEEN,0.6392,0.0068,0.354
DIAMONDS THREE CLUBS ACE,0.3806,0.007,0.6124
SPADES FOUR HEARTS JACK,0.6296,0.009,0.3614
SPADES FOUR HEARTS TEN,0.6322,0.0078,0.36
SPADES FIVE SPADES TWO,0.5984,0.0086,0.393
SPADES FOUR SPADES TWO,0.5834,0.009,0.4076
SPADES THREE SPADES TWO,0.6084,0.009,0.3826
SPADES NINE SPADES TWO,0.5984,0.0056,0.396
SPADES EIGHT SPADES TWO,0.5976,0.0072,0.3952
SPADES SEVEN SPADES TWO,0.592,0.0066,0.4014
SPADES SIX SPADES TWO,0.6766,0.0382,0.2852
DIAMONDS QUEEN CLUBS THREE,0.6446,0.0064,0.349
CLUBS THREE HEARTS TWO,0.6564,0.0104,0.3332
DIAMONDS QUEEN CLUBS TWO,0.6386,0.0074,0.354
HEARTS TWO CLUBS TWO,0.4634,0.0166,0.52
DIAMONDS QUEEN HEARTS SEVEN,0.6036,0.008,0.3884
HEARTS TWO HEARTS SEVEN,0.607,0.0092,0.3838
HEARTS SIX DIAMONDS QUEEN,0.7334,0.0438,0.2228
HEARTS SIX HEARTS TWO,0.6918,0.0412,0.267
DIAMONDS QUEEN HEARTS NINE,0.583,0.0058,0.4112
HEARTS TWO HEARTS NINE,0.6018,0.008,0.3902
DIAMONDS QUEEN HEARTS EIGHT,0.595,0.0084,0.3966
HEARTS TWO HEARTS EIGHT,0.6074,0.008,0.3846
CLUBS NINE HEARTS TWO,0.6228,0.0104,0.3668
CLUBS NINE DIAMONDS QUEEN,0.571,0.0074,0.4216
CLUBS EIGHT DIAMONDS QUEEN,0.5758,0.0068,0.4174
CLUBS EIGHT HEARTS TWO,0.642,0.0066,0.3514
CLUBS FIVE DIAMONDS QUEEN,0.6244,0.0066,0.369
CLUBS FIVE HEARTS TWO,0.656,0.013,0.331
SPADES EIGHT HEARTS ACE,0.3542,0.0036,0.6422
DIAMONDS QUEEN CLUBS FOUR,0.6296,0.0068,0.3636
HEARTS TWO CLUBS FOUR,0.66,0.013,0.327
CLUBS SEVEN DIAMONDS QUEEN,0.6022,0.0046,0.3932
CLUBS SEVEN HEARTS TWO,0.6534,0.007,0.3396
SPADES EIGHT HEARTS QUEEN,0.5862,0.0088,0.405
HEARTS TWO SPADES SIX,0.7162,0.039,0.2448
DIAMONDS QUEEN SPADES SIX,0.73,0.0376,0.2324
HEARTS FOUR CLUBS QUEEN,0.6268,0.0072,0.366
DIAMONDS ACE CLUBS QUEEN,0.344,0.004,0.652
DIAMONDS QUEEN SPADES SEVEN,0.6048,0.006,0.3892
HEARTS TWO SPADES SEVEN,0.6412,0.0084,0.3504
HEARTS FOUR CLUBS KING,0.3814,0.3948,0.2238
DIAMONDS ACE CLUBS KING,0.2258,0.0124,0.7618
DIAMONDS QUEEN SPADES EIGHT,0.585,0.0052,0.4098
SPADES EIGHT HEARTS TWO,0.6444,0.007,0.3486
HEARTS FOUR CLUBS ACE,0.377,0.0054,0.6176
DIAMONDS ACE CLUBS ACE,0.1204,0.0042,0.8754
SPADES NINE DIAMONDS QUEEN,0.5876,0.006,0.4064
SPADES NINE HEARTS TWO,0.6378,0.0064,0.3558
HEARTS TWO SPADES TWO,0.4522,0.0158,0.532
DIAMONDS QUEEN SPADES TWO,0.6236,0.0068,0.3696
HEARTS TWO SPADES THREE,0.6506,0.0104,0.339
DIAMONDS QUEEN SPADES THREE,0.6346,0.0062,0.3592
HEARTS TWO SPADES FOUR,0.644,0.0082,0.3478
DIAMONDS QUEEN SPADES FOUR,0.6284,0.0056,0.366
CLUBS TEN HEARTS FOUR,0.6236,0.0076,0.3688
CLUBS TEN DIAMONDS ACE,0.33,0.0038,0.6662
HEARTS TWO SPADES FIVE,0.646,0.009,0.345
DIAMONDS QUEEN SPADES FIVE,0.6344,0.0046,0.361
HEARTS FOUR CLUBS JACK,0.6484,0.0084,0.3432
CLUBS JACK DIAMONDS ACE,0.3446,0.0048,0.6506
CLUBS FIVE CLUBS KING,0.385,0.3654,0.2496
CLUBS FIVE CLUBS QUEEN,0.597,0.008,0.395
CLUBS FIVE CLUBS ACE,0.3672,0.0038,0.629
CLUBS JACK CLUBS FIVE,0.6092,0.0102,0.3806
CLUBS TEN CLUBS FIVE,0.5986,0.0076,0.3938
SPADES KING CLUBS JACK,0.2306,0.0898,0.6796
CLUBS JACK SPADES QUEEN,0.5542,0.0058,0.44
SPADES ACE CLUBS JACK,0.3464,0.0034,0.6502
SPADES SIX CLUBS KING,0.0112,0.9706,0.0182
SPADES SIX CLUBS QUEEN,0.7216,0.0434,0.235
SPADES EIGHT HEARTS JACK,0.5814,0.0094,0.4092
SPADES SIX CLUBS ACE,0.224,0.0294,0.7466
SPADES EIGHT HEARTS TEN,0.5764,0.0072,0.4164
CLUBS JACK SPADES SIX,0.7384,0.0328,0.2288
CLUBS TEN SPADES SIX,0.715,0.0324,0.2526
CLUBS JACK SPADES TEN,0.5428,0.0064,0.4508
CLUBS JACK SPADES JACK,0.29,0.005,0.705
SPADES QUEEN CLUBS SEVEN,0.5998,0.0074,0.3928
SPADES KING CLUBS SEVEN,0.2284,0.2876,0.484
SPADES ACE CLUBS SEVEN,0.3584,0.0052,0.6364
SPADES SIX HEARTS TEN,0.7242,0.0328,0.243
SPADES SIX HEARTS JACK,0.7282,0.0376,0.2342
SPADES SIX HEARTS ACE,0.221,0.0302,0.7488
SPADES SIX HEARTS QUEEN,0.7286,0.0408,0.2306
SPADES JACK CLUBS SEVEN,0.5884,0.0052,0.4064
SPADES TEN CLUBS SEVEN,0.5662,0.0078,0.426
CLUBS TEN HEARTS SIX,0.7248,0.0328,0.2424
CLUBS JACK HEARTS SIX,0.727,0.037,0.236
CLUBS JACK CLUBS ACE,0.3288,0.005,0.6662
HEARTS SIX CLUBS QUEEN,0.729,0.0432,0.2278
HEARTS SIX CLUBS KING,0.0086,0.982,0.0094
HEARTS SIX CLUBS ACE,0.2214,0.03,0.7486
CLUBS JACK CLUBS QUEEN,0.5274,0.006,0.4666
CLUBS JACK CLUBS KING,0.2356,0.0806,0.6838
DIAMONDS THREE HEARTS ACE,0.3826,0.0062,0.6112
DIAMONDS THREE HEARTS QUEEN,0.6402,0.0082,0.3516
CLUBS FIVE HEARTS JACK,0.6286,0.0064,0.365
SPADES TEN DIAMONDS ACE,0.3508,0.0034,0.6458
HEARTS FOUR SPADES TEN,0.6234,0.0092,0.3674
CLUBS FIVE HEARTS TEN,0.632,0.0088,0.3592
HEARTS FOUR SPADES JACK,0.6336,0.0068,0.3596
SPADES JACK DIAMONDS ACE,0.3474,0.0048,0.6478
SPADES ACE HEARTS FOUR,0.3928,0.0046,0.6026
SPADES ACE DIAMONDS ACE,0.122,0.003,0.875
CLUBS FIVE HEARTS ACE,0.3712,0.0078,0.621
HEARTS FOUR SPADES QUEEN,0.631,0.0056,0.3634
SPADES QUEEN DIAMONDS ACE,0.3564,0.0054,0.6382
CLUBS JACK SPADES FOUR,0.6266,0.0082,0.3652
CLUBS FIVE HEARTS QUEEN,0.6274,0.0084,0.3642
SPADES KING DIAMONDS ACE,0.2384,0.0108,0.7508
HEARTS FOUR SPADES KING,0.3986,0.3772,0.2242
CLUBS TEN SPADES FOUR,0.615,0.0082,0.3768
DIAMONDS QUEEN DIAMONDS ACE,0.3312,0.0022,0.6666
HEARTS TWO DIAMONDS ACE,0.4008,0.005,0.5942
HEARTS FOUR DIAMONDS QUEEN,0.637,0.0072,0.3558
HEARTS FOUR HEARTS TWO,0.621,0.0094,0.3696
DIAMONDS THREE HEARTS TEN,0.6476,0.006,0.3464
SPADES FOUR CLUBS KING,0.3904,0.3888,0.2208
HEARTS FIVE DIAMONDS QUEEN,0.6464,0.006,0.3476
HEARTS FIVE HEARTS TWO,0.6196,0.009,0.3714
DIAMONDS THREE HEARTS JACK,0.6318,0.0068,0.3614
SPADES FOUR CLUBS QUEEN,0.6312,0.009,0.3598
DIAMONDS QUEEN HEARTS TWO,0.6356,0.0064,0.358
DIAMONDS KING DIAMONDS QUEEN,0.2352,0.065,0.6998
DIAMONDS KING HEARTS TWO,0.3974,0.379,0.2236
HEARTS THREE DIAMONDS QUEEN,0.645,0.006,0.349
HEARTS THREE HEARTS TWO,0.613,0.0082,0.3788
SPADES FOUR CLUBS ACE,0.388,0.0054,0.6066
HEARTS TWO CLUBS ACE,0.3952,0.0044,0.6004
DIAMONDS QUEEN CLUBS ACE,0.349,0.0044,0.6466
HEARTS TWO CLUBS QUEEN,0.629,0.01,0.361
DIAMONDS QUEEN CLUBS QUEEN,0.2894,0.0028,0.7078
HEARTS TWO CLUBS KING,0.3946,0.3914,0.214
DIAMONDS QUEEN CLUBS KING,0.2438,0.0602,0.696
SPADES EIGHT SPADES FIVE,0.5854,0.0074,0.4072
CLUBS TEN HEARTS TWO,0.6348,0.0076,0.3576
CLUBS TEN DIAMONDS QUEEN,0.5512,0.0074,0.4414
SPADES NINE SPADES FIVE,0.5744,0.0092,0.4164
CLUBS JACK HEARTS TWO,0.6328,0.0056,0.3616
CLUBS JACK DIAMONDS QUEEN,0.5508,0.0066,0.4426
SPADES SIX SPADES FIVE,0.638,0.0304,0.3316
SPADES SEVEN SPADES FIVE,0.5546,0.007,0.4384
DIAMONDS FIVE CLUBS QUEEN,0.6294,0.006,0.3646
SPADES EIGHT CLUBS ACE,0.3536,0.0046,0.6418
DIAMONDS FIVE CLUBS KING,0.384,0.3926,0.2234
SPADES EIGHT CLUBS KING,0.2272,0.2162,0.5566
DIAMONDS FIVE CLUBS ACE,0.3784,0.004,0.6176
SPADES EIGHT CLUBS QUEEN,0.6006,0.0086,0.3908
CLUBS JACK SPADES EIGHT,0.5624,0.007,0.4306
CLUBS TEN SPADES EIGHT,0.5666,0.0062,0.4272
CLUBS TEN DIAMONDS FIVE,0.6406,0.006,0.3534
CLUBS JACK DIAMONDS FIVE,0.6234,0.0108,0.3658
HEARTS JACK DIAMONDS TEN,0.5422,0.0082,0.4496
DIAMONDS TEN HEARTS TEN,0.2954,0.0052,0.6994
SPADES ACE CLUBS NINE,0.353,0.0038,0.6432
SPADES QUEEN CLUBS NINE,0.5764,0.005,0.4186
SPADES KING CLUBS NINE,0.2222,0.1694,0.6084
DIAMONDS KING SPADES SEVEN,0.2206,0.2962,0.4832
HEARTS THREE SPADES SEVEN,0.6208,0.0088,0.3704
SPADES KING DIAMONDS SEVEN,0.222,0.2944,0.4836
HEARTS SIX HEARTS QUEEN,0.701,0.0394,0.2596
SPADES QUEEN DIAMONDS SEVEN,0.6088,0.0066,0.3846
HEARTS THREE SPADES SIX,0.7008,0.0452,0.254
DIAMONDS KING SPADES SIX,0.0216,0.958,0.0204
DIAMONDS KING SPADES NINE,0.25,0.1528,0.5972
HEARTS THREE SPADES NINE,0.6322,0.01,0.3578
HEARTS SIX HEARTS ACE,0.2236,0.0304,0.746
DIAMONDS KING SPADES EIGHT,0.2406,0.2324,0.527
HEARTS THREE SPADES EIGHT,0.6386,0.0092,0.3522
SPADES ACE DIAMONDS SEVEN,0.346,0.0026,0.6514
HEARTS THREE CLUBS NINE,0.6404,0.0084,0.3512
CLUBS NINE DIAMONDS KING,0.2268,0.1642,0.609
CLUBS EIGHT DIAMONDS KING,0.2338,0.2298,0.5364
HEARTS THREE CLUBS EIGHT,0.6424,0.009,0.3486
HEARTS THREE SPADES THREE,0.4564,0.0176,0.526
DIAMONDS KING SPADES THREE,0.3938,0.3776,0.2286
HEARTS THREE SPADES TWO,0.6514,0.0086,0.34
DIAMONDS KING SPADES TWO,0.3908,0.3814,0.2278
