opposingHand,winningChance,drawChance,lostChance
CLUBS EIGHT HEARTS EIGHT
HEARTS FIVE SPADES TEN,0.6706,0.0478,0.2816
SPADES JACK HEARTS FIVE,0.6728,0.0346,0.2926
CLUBS JACK SPADES FIVE,0.6572,0.0344,0.3084
CLUBS TEN SPADES FIVE,0.671,0.0456,0.2834
SPADES FIVE CLUBS ACE,0.6402,0.0044,0.3554
SPADES FIVE CLUBS KING,0.6618,0.0116,0.3266
SPADES FIVE CLUBS QUEEN,0.6624,0.0208,0.3168
DIAMONDS TWO DIAMONDS THREE,0.7128,0.1006,0.1866
DIAMONDS TWO DIAMONDS FIVE,0.7138,0.0926,0.1936
SPADES KING HEARTS FIVE,0.6636,0.0124,0.324
DIAMONDS TWO DIAMONDS FOUR,0.7112,0.0968,0.192
SPADES QUEEN HEARTS FIVE,0.671,0.0184,0.3106
DIAMONDS TWO DIAMONDS SEVEN,0.7562,0.0706,0.1732
DIAMONDS TWO DIAMONDS SIX,0.7354,0.0826,0.182
SPADES ACE HEARTS FIVE,0.6482,0.0052,0.3466
DIAMONDS TWO DIAMONDS NINE,0.6484,0.0628,0.2888
DIAMONDS TWO DIAMONDS EIGHT,0.7982,0.083,0.1188
DIAMONDS THREE DIAMONDS FOUR,0.6882,0.0932,0.2186
CLUBS TWO SPADES FOUR,0.751,0.102,0.147
DIAMONDS THREE DIAMONDS FIVE,0.7002,0.0952,0.2046
SPADES FIVE CLUBS TWO,0.7588,0.0962,0.145
CLUBS TWO SPADES TWO,0.628,0.1932,0.1788
CLUBS TWO SPADES THREE,0.7592,0.1076,0.1332
DIAMONDS THREE DIAMONDS EIGHT,0.7924,0.0784,0.1292
SPADES EIGHT CLUBS TWO,0.8414,0.0868,0.0718
DIAMONDS THREE DIAMONDS NINE,0.6514,0.0538,0.2948
SPADES NINE CLUBS TWO,0.6778,0.0612,0.261
DIAMONDS THREE DIAMONDS SIX,0.7178,0.0878,0.1944
SPADES SIX CLUBS TWO,0.778,0.0926,0.1294
DIAMONDS THREE DIAMONDS SEVEN,0.7378,0.0802,0.182
SPADES SEVEN CLUBS TWO,0.7904,0.0872,0.1224
CLUBS SIX CLUBS TWO,0.7506,0.0842,0.1652
CLUBS SEVEN CLUBS TWO,0.7594,0.0826,0.158
CLUBS FOUR CLUBS TWO,0.7194,0.1,0.1806
CLUBS FIVE CLUBS TWO,0.7138,0.0992,0.187
CLUBS TEN CLUBS JACK,0.495,0.0242,0.4808
DIAMONDS FOUR DIAMONDS SIX,0.7096,0.0856,0.2048
CLUBS TEN CLUBS QUEEN,0.5106,0.0174,0.472
DIAMONDS FOUR DIAMONDS SEVEN,0.7186,0.0782,0.2032
CLUBS TEN CLUBS KING,0.518,0.0076,0.4744
CLUBS TEN CLUBS ACE,0.518,0.0042,0.4778
DIAMONDS FIVE DIAMONDS FOUR,0.684,0.0946,0.2214
CLUBS NINE CLUBS TWO,0.655,0.057,0.288
DIAMONDS NINE DIAMONDS FOUR,0.6478,0.0598,0.2924
DIAMONDS EIGHT DIAMONDS FOUR,0.7792,0.0752,0.1456
CLUBS THREE CLUBS TWO,0.7304,0.1004,0.1692
DIAMONDS NINE DIAMONDS FIVE,0.6444,0.058,0.2976
CLUBS JACK DIAMONDS TWO,0.6668,0.0328,0.3004
DIAMONDS EIGHT DIAMONDS FIVE,0.7606,0.0848,0.1546
CLUBS TEN DIAMONDS TWO,0.6788,0.0408,0.2804
DIAMONDS FIVE DIAMONDS SEVEN,0.7258,0.0762,0.198
DIAMONDS FIVE DIAMONDS SIX,0.6986,0.0906,0.2108
DIAMONDS TWO CLUBS ACE,0.6488,0.0048,0.3464
DIAMONDS TWO CLUBS KING,0.662,0.0138,0.3242
DIAMONDS TWO CLUBS QUEEN,0.6708,0.0208,0.3084
DIAMONDS EIGHT DIAMONDS SIX,0.7538,0.081,0.1652
DIAMONDS NINE DIAMONDS SIX,0.634,0.0568,0.3092
HEARTS ACE SPADES THREE,0.6524,0.0052,0.3424
SPADES THREE HEARTS KING,0.6592,0.0114,0.3294
DIAMONDS SEVEN DIAMONDS SIX,0.718,0.0742,0.2078
HEARTS QUEEN SPADES THREE,0.6752,0.02,0.3048
SPADES THREE HEARTS JACK,0.6672,0.0332,0.2996
SPADES THREE HEARTS TEN,0.6726,0.0478,0.2796
DIAMONDS EIGHT DIAMONDS SEVEN,0.742,0.0746,0.1834
DIAMONDS NINE DIAMONDS SEVEN,0.6232,0.0588,0.318
DIAMONDS NINE DIAMONDS EIGHT,0.5996,0.051,0.3494
DIAMONDS KING HEARTS TEN,0.5448,0.0084,0.4468
HEARTS THREE HEARTS TEN,0.6514,0.0458,0.3028
SPADES JACK CLUBS SIX,0.6668,0.033,0.3002
DIAMONDS KING HEARTS JACK,0.5244,0.0074,0.4682
HEARTS THREE HEARTS JACK,0.6322,0.0346,0.3332
SPADES TEN CLUBS SIX,0.6824,0.0444,0.2732
SPADES JACK SPADES FIVE,0.6394,0.026,0.3346
SPADES TEN SPADES FIVE,0.6238,0.0478,0.3284
DIAMONDS KING HEARTS ACE,0.5266,0.005,0.4684
HEARTS THREE HEARTS ACE,0.6244,0.0046,0.371
SPADES ACE CLUBS SIX,0.6668,0.0036,0.3296
DIAMONDS KING HEARTS QUEEN,0.5326,0.0052,0.4622
HEARTS THREE HEARTS QUEEN,0.6408,0.0218,0.3374
SPADES KING CLUBS SIX,0.6674,0.0094,0.3232
DIAMONDS KING HEARTS KING,0.1914,0.0388,0.7698
HEARTS THREE HEARTS KING,0.6348,0.0152,0.35
SPADES QUEEN CLUBS SIX,0.6756,0.0216,0.3028
SPADES NINE HEARTS TEN,0.5274,0.0368,0.4358
SPADES NINE HEARTS JACK,0.5304,0.0272,0.4424
SPADES QUEEN SPADES FIVE,0.6226,0.0208,0.3566
SPADES KING SPADES FIVE,0.6232,0.0118,0.365
SPADES ACE SPADES FIVE,0.6082,0.004,0.3878
SPADES NINE HEARTS QUEEN,0.5348,0.0164,0.4488
SPADES NINE HEARTS KING,0.562,0.01,0.428
SPADES NINE HEARTS ACE,0.5446,0.003,0.4524
CLUBS TEN SPADES JACK,0.5298,0.0156,0.4546
CLUBS TEN SPADES TEN,0.1702,0.1254,0.7044
SPADES ACE CLUBS TEN,0.5416,0.0032,0.4552
CLUBS TEN SPADES KING,0.5238,0.0056,0.4706
CLUBS TEN SPADES QUEEN,0.5316,0.0118,0.4566
SPADES FIVE HEARTS QUEEN,0.6562,0.0222,0.3216
SPADES FIVE HEARTS KING,0.647,0.013,0.34
HEARTS ACE SPADES FIVE,0.6366,0.0046,0.3588
HEARTS THREE SPADES JACK,0.6804,0.035,0.2846
SPADES JACK DIAMONDS KING,0.5426,0.006,0.4514
SPADES TEN DIAMONDS KING,0.544,0.003,0.453
HEARTS THREE SPADES TEN,0.6824,0.0494,0.2682
CLUBS SIX HEARTS ACE,0.6542,0.0042,0.3416
CLUBS JACK HEARTS FIVE,0.662,0.0372,0.3008
CLUBS TEN HEARTS FIVE,0.6726,0.0466,0.2808
CLUBS SIX HEARTS QUEEN,0.6782,0.0198,0.302
CLUBS TEN SPADES THREE,0.681,0.0424,0.2766
CLUBS SIX HEARTS KING,0.6668,0.0116,0.3216
CLUBS JACK SPADES THREE,0.6758,0.0338,0.2904
DIAMONDS TWO HEARTS JACK,0.6674,0.036,0.2966
SPADES THREE CLUBS QUEEN,0.6718,0.0276,0.3006
DIAMONDS TWO HEARTS TEN,0.6814,0.0426,0.276
SPADES THREE CLUBS KING,0.6734,0.0112,0.3154
HEARTS FIVE CLUBS ACE,0.6398,0.0038,0.3564
SPADES FIVE HEARTS TEN,0.6658,0.0442,0.29
SPADES THREE CLUBS ACE,0.6482,0.0042,0.3476
HEARTS FIVE CLUBS KING,0.661,0.0126,0.3264
SPADES FIVE HEARTS JACK,0.6648,0.0338,0.3014
HEARTS FIVE CLUBS QUEEN,0.6694,0.022,0.3086
HEARTS THREE CLUBS KING,0.6744,0.0102,0.3154
DIAMONDS KING CLUBS KING,0.1984,0.0346,0.767
HEARTS THREE CLUBS QUEEN,0.6724,0.0196,0.308
DIAMONDS KING CLUBS QUEEN,0.5214,0.0056,0.473
HEARTS FIVE HEARTS JACK,0.6378,0.0356,0.3266
HEARTS FIVE HEARTS TEN,0.6326,0.044,0.3234
HEARTS THREE CLUBS ACE,0.6516,0.004,0.3444
DIAMONDS KING CLUBS ACE,0.5292,0.0034,0.4674
SPADES ACE CLUBS QUEEN,0.5284,0.0054,0.4662
SPADES KING CLUBS QUEEN,0.5194,0.006,0.4746
CLUBS JACK HEARTS THREE,0.6718,0.0302,0.298
CLUBS JACK DIAMONDS KING,0.5256,0.0074,0.467
SPADES QUEEN CLUBS QUEEN,0.1852,0.073,0.7418
CLUBS TEN HEARTS THREE,0.7046,0.0424,0.253
CLUBS TEN DIAMONDS KING,0.528,0.0088,0.4632
SPADES JACK CLUBS QUEEN,0.5332,0.0088,0.458
CLUBS SIX CLUBS QUEEN,0.6318,0.0228,0.3454
SPADES TEN CLUBS QUEEN,0.5322,0.0136,0.4542
CLUBS SIX CLUBS KING,0.6238,0.013,0.3632
CLUBS SIX CLUBS ACE,0.63,0.0062,0.3638
HEARTS FIVE HEARTS KING,0.63,0.011,0.359
HEARTS FIVE HEARTS QUEEN,0.6254,0.0202,0.3544
CLUBS TEN CLUBS SIX,0.6402,0.047,0.3128
HEARTS FIVE HEARTS ACE,0.6122,0.0048,0.383
CLUBS JACK CLUBS SIX,0.639,0.0348,0.3262
SPADES SEVEN HEARTS JACK,0.6602,0.033,0.3068
SPADES SEVEN HEARTS TEN,0.668,0.0432,0.2888
DIAMONDS TWO CLUBS TWO,0.639,0.1844,0.1766
DIAMONDS TWO CLUBS THREE,0.7606,0.1022,0.1372
HEARTS SIX DIAMONDS TWO,0.7902,0.0836,0.1262
DIAMONDS TWO HEARTS QUEEN,0.67,0.0214,0.3086
DIAMONDS TWO HEARTS SEVEN,0.796,0.0838,0.1202
DIAMONDS TWO HEARTS KING,0.6582,0.0146,0.3272
DIAMONDS TWO HEARTS ACE,0.644,0.0044,0.3516
DIAMONDS TWO HEARTS NINE,0.6744,0.0686,0.257
DIAMONDS TWO DIAMONDS QUEEN,0.6454,0.024,0.3306
DIAMONDS TWO HEARTS TWO,0.636,0.1788,0.1852
DIAMONDS TWO DIAMONDS KING,0.6212,0.0132,0.3656
HEARTS THREE DIAMONDS TWO,0.758,0.097,0.145
DIAMONDS TWO DIAMONDS ACE,0.6068,0.0028,0.3904
HEARTS FOUR DIAMONDS TWO,0.7576,0.097,0.1454
DIAMONDS TWO HEARTS FIVE,0.7538,0.1,0.1462
SPADES SEVEN HEARTS ACE,0.6614,0.0044,0.3342
DIAMONDS TWO DIAMONDS TEN,0.6322,0.0466,0.3212
SPADES SEVEN HEARTS KING,0.6574,0.0128,0.3298
DIAMONDS TWO DIAMONDS JACK,0.6398,0.034,0.3262
SPADES SEVEN HEARTS QUEEN,0.6682,0.0236,0.3082
DIAMONDS TWO SPADES NINE,0.684,0.056,0.26
DIAMONDS TWO SPADES EIGHT,0.8386,0.0828,0.0786
DIAMONDS TWO SPADES SEVEN,0.7996,0.0738,0.1266
DIAMONDS TWO SPADES SIX,0.771,0.0856,0.1434
DIAMONDS TWO SPADES FIVE,0.7468,0.0946,0.1586
DIAMONDS TWO SPADES FOUR,0.7504,0.0928,0.1568
DIAMONDS TWO SPADES THREE,0.7598,0.0978,0.1424
DIAMONDS TWO SPADES TWO,0.628,0.1864,0.1856
DIAMONDS TWO CLUBS NINE,0.684,0.058,0.258
CLUBS SEVEN DIAMONDS TWO,0.7958,0.086,0.1182
DIAMONDS TWO CLUBS SIX,0.7796,0.0922,0.1282
DIAMONDS TWO CLUBS FIVE,0.7436,0.096,0.1604
DIAMONDS TWO CLUBS FOUR,0.7598,0.092,0.1482
CLUBS FOUR SPADES FIVE,0.7242,0.099,0.1768
CLUBS FOUR SPADES FOUR,0.6362,0.1822,0.1816
CLUBS FOUR SPADES THREE,0.7316,0.1064,0.162
CLUBS FOUR SPADES TWO,0.7588,0.0984,0.1428
SPADES NINE CLUBS FOUR,0.684,0.0634,0.2526
SPADES EIGHT CLUBS FOUR,0.83,0.0856,0.0844
SPADES SEVEN CLUBS FOUR,0.7746,0.0792,0.1462
CLUBS FOUR SPADES SIX,0.7536,0.0938,0.1526
SPADES ACE DIAMONDS SIX,0.6688,0.0022,0.329
SPADES QUEEN DIAMONDS SIX,0.6616,0.0204,0.318
SPADES KING DIAMONDS SIX,0.6668,0.008,0.3252
SPADES TEN DIAMONDS SIX,0.671,0.0508,0.2782
SPADES JACK DIAMONDS SIX,0.6782,0.0282,0.2936
SPADES QUEEN SPADES TWO,0.6348,0.022,0.3432
SPADES KING SPADES TWO,0.6332,0.01,0.3568
SPADES ACE SPADES TWO,0.6128,0.004,0.3832
CLUBS JACK DIAMONDS JACK,0.1886,0.1022,0.7092
CLUBS TEN DIAMONDS JACK,0.5318,0.0224,0.4458
DIAMONDS JACK CLUBS KING,0.5288,0.0064,0.4648
DIAMONDS JACK CLUBS QUEEN,0.525,0.0128,0.4622
DIAMONDS THREE DIAMONDS JACK,0.6362,0.0326,0.3312
DIAMONDS THREE DIAMONDS TEN,0.6416,0.0472,0.3112
DIAMONDS JACK CLUBS ACE,0.5204,0.003,0.4766
DIAMONDS THREE DIAMONDS KING,0.6188,0.012,0.3692
HEARTS THREE DIAMONDS THREE,0.636,0.1854,0.1786
DIAMONDS THREE DIAMONDS QUEEN,0.6376,0.0204,0.342
DIAMONDS THREE HEARTS TWO,0.7532,0.1144,0.1324
HEARTS FIVE DIAMONDS THREE,0.7394,0.0968,0.1638
DIAMONDS THREE DIAMONDS ACE,0.6174,0.0036,0.379
HEARTS FOUR DIAMONDS THREE,0.7416,0.0962,0.1622
DIAMONDS THREE HEARTS SEVEN,0.7822,0.0794,0.1384
SPADES TEN SPADES NINE,0.514,0.0346,0.4514
HEARTS SIX DIAMONDS THREE,0.7586,0.087,0.1544
SPADES JACK SPADES NINE,0.5174,0.0234,0.4592
DIAMONDS THREE HEARTS NINE,0.685,0.0614,0.2536
HEARTS JACK DIAMONDS FOUR,0.6706,0.0342,0.2952
HEARTS ACE HEARTS KING,0.5166,0.0058,0.4776
SPADES TEN SPADES TWO,0.6482,0.0436,0.3082
HEARTS TEN DIAMONDS FOUR,0.667,0.0494,0.2836
SPADES JACK SPADES TWO,0.6466,0.0322,0.3212
HEARTS QUEEN DIAMONDS FOUR,0.6686,0.0222,0.3092
HEARTS KING DIAMONDS FOUR,0.6644,0.0122,0.3234
SPADES ACE SPADES NINE,0.538,0.0024,0.4596
HEARTS ACE DIAMONDS FOUR,0.638,0.0048,0.3572
SPADES KING SPADES NINE,0.5162,0.0088,0.475
SPADES QUEEN SPADES NINE,0.5176,0.018,0.4644
DIAMONDS THREE SPADES NINE,0.681,0.0548,0.2642
DIAMONDS THREE SPADES EIGHT,0.839,0.0858,0.0752
DIAMONDS THREE SPADES SEVEN,0.7632,0.083,0.1538
DIAMONDS THREE SPADES SIX,0.7504,0.0916,0.158
DIAMONDS THREE CLUBS SIX,0.7644,0.0808,0.1548
CLUBS FIVE CLUBS SIX,0.7114,0.0868,0.2018
CLUBS ACE DIAMONDS FOUR,0.6448,0.0046,0.3506
CLUBS SEVEN DIAMONDS THREE,0.7772,0.0818,0.141
CLUBS SEVEN CLUBS FIVE,0.7448,0.0712,0.184
DIAMONDS THREE CLUBS FOUR,0.7294,0.1066,0.164
DIAMONDS FOUR CLUBS QUEEN,0.6694,0.0216,0.309
DIAMONDS THREE CLUBS FIVE,0.7414,0.0968,0.1618
DIAMONDS FOUR CLUBS KING,0.6574,0.012,0.3306
DIAMONDS THREE CLUBS TWO,0.7634,0.0982,0.1384
CLUBS TEN DIAMONDS FOUR,0.6722,0.0448,0.283
DIAMONDS THREE CLUBS THREE,0.6226,0.1862,0.1912
CLUBS JACK DIAMONDS FOUR,0.6702,0.0326,0.2972
DIAMONDS THREE SPADES FOUR,0.7362,0.103,0.1608
DIAMONDS THREE SPADES FIVE,0.7382,0.0924,0.1694
DIAMONDS THREE SPADES TWO,0.7504,0.1028,0.1468
DIAMONDS THREE SPADES THREE,0.6268,0.1854,0.1878
CLUBS NINE DIAMONDS THREE,0.6794,0.064,0.2566
SPADES SEVEN CLUBS ACE,0.655,0.0042,0.3408
SPADES SEVEN CLUBS QUEEN,0.6666,0.0202,0.3132
SPADES SEVEN CLUBS KING,0.6602,0.0108,0.329
CLUBS FIVE SPADES SEVEN,0.768,0.089,0.143
CLUBS TEN SPADES SEVEN,0.658,0.0416,0.3004
CLUBS FIVE SPADES SIX,0.7484,0.0906,0.161
CLUBS JACK SPADES SEVEN,0.674,0.0308,0.2952
CLUBS FIVE SPADES NINE,0.6704,0.0616,0.268
CLUBS FIVE SPADES EIGHT,0.8036,0.0918,0.1046
CLUBS FIVE SPADES THREE,0.7342,0.0996,0.1662
CLUBS FIVE SPADES TWO,0.7554,0.0968,0.1478
CLUBS FIVE SPADES FIVE,0.6298,0.1852,0.185
CLUBS FIVE SPADES FOUR,0.7434,0.0972,0.1594
CLUBS NINE CLUBS FIVE,0.6528,0.0614,0.2858
CLUBS ACE CLUBS QUEEN,0.5128,0.005,0.4822
CLUBS KING CLUBS QUEEN,0.5152,0.007,0.4778
DIAMONDS TEN DIAMONDS FOUR,0.6436,0.047,0.3094
CLUBS TEN DIAMONDS NINE,0.5198,0.0418,0.4384
DIAMONDS JACK DIAMONDS FOUR,0.6358,0.0312,0.333
CLUBS JACK DIAMONDS NINE,0.5366,0.0278,0.4356
CLUBS JACK SPADES NINE,0.5344,0.03,0.4356
CLUBS TEN SPADES NINE,0.5274,0.0388,0.4338
DIAMONDS ACE DIAMONDS FOUR,0.606,0.0034,0.3906
HEARTS FOUR DIAMONDS FOUR,0.633,0.1874,0.1796
DIAMONDS JACK HEARTS TEN,0.51,0.0208,0.4692
SPADES NINE CLUBS KING,0.552,0.0076,0.4404
DIAMONDS TWO SPADES TEN,0.6704,0.0444,0.2852
DIAMONDS NINE CLUBS ACE,0.5416,0.0036,0.4548
HEARTS FIVE DIAMONDS FOUR,0.7364,0.0886,0.175
DIAMONDS JACK HEARTS JACK,0.1844,0.0962,0.7194
SPADES NINE CLUBS QUEEN,0.5472,0.0168,0.436
DIAMONDS TWO SPADES JACK,0.6808,0.035,0.2842
DIAMONDS QUEEN DIAMONDS FOUR,0.6336,0.0198,0.3466
HEARTS TWO DIAMONDS FOUR,0.7496,0.1024,0.148
DIAMONDS NINE CLUBS QUEEN,0.5432,0.015,0.4418
DIAMONDS KING DIAMONDS FOUR,0.6198,0.0106,0.3696
HEARTS THREE DIAMONDS FOUR,0.7458,0.0996,0.1546
SPADES NINE CLUBS ACE,0.5398,0.0044,0.4558
DIAMONDS NINE CLUBS KING,0.5484,0.0104,0.4412
HEARTS ACE DIAMONDS JACK,0.5308,0.0046,0.4646
SPADES ACE DIAMONDS TWO,0.6532,0.0046,0.3422
HEARTS QUEEN DIAMONDS JACK,0.5316,0.011,0.4574
SPADES QUEEN DIAMONDS TWO,0.6634,0.0238,0.3128
DIAMONDS JACK HEARTS KING,0.53,0.007,0.463
SPADES KING DIAMONDS TWO,0.6716,0.0104,0.318
SPADES JACK SPADES SEVEN,0.6336,0.0262,0.3402
SPADES TEN SPADES SEVEN,0.6308,0.0362,0.333
CLUBS SEVEN CLUBS THREE,0.74,0.0798,0.1802
CLUBS SIX CLUBS THREE,0.7278,0.09,0.1822
CLUBS FIVE CLUBS THREE,0.7082,0.0958,0.196
CLUBS THREE CLUBS FOUR,0.7222,0.0988,0.179
CLUBS NINE CLUBS THREE,0.6404,0.058,0.3016
CLUBS THREE SPADES FIVE,0.7482,0.0972,0.1546
CLUBS THREE SPADES FOUR,0.7434,0.101,0.1556
CLUBS THREE SPADES THREE,0.6436,0.184,0.1724
CLUBS THREE SPADES TWO,0.7606,0.1022,0.1372
CLUBS THREE SPADES SIX,0.7636,0.0872,0.1492
CLUBS THREE SPADES SEVEN,0.7796,0.0832,0.1372
SPADES EIGHT CLUBS THREE,0.8412,0.0918,0.067
SPADES NINE CLUBS THREE,0.679,0.067,0.254
SPADES TWO DIAMONDS FOUR,0.7556,0.0934,0.151
SPADES THREE DIAMONDS FOUR,0.7486,0.0952,0.1562
SPADES FOUR DIAMONDS FOUR,0.6254,0.1804,0.1942
SPADES FIVE DIAMONDS FOUR,0.724,0.0918,0.1842
SPADES SIX DIAMONDS FOUR,0.7522,0.0874,0.1604
SPADES SEVEN DIAMONDS FOUR,0.7682,0.0792,0.1526
SPADES EIGHT DIAMONDS FOUR,0.8176,0.0896,0.0928
SPADES NINE DIAMONDS FOUR,0.6706,0.0562,0.2732
CLUBS FIVE DIAMONDS FOUR,0.727,0.0996,0.1734
CLUBS FOUR DIAMONDS FOUR,0.627,0.1804,0.1926
CLUBS SEVEN DIAMONDS FOUR,0.769,0.085,0.146
CLUBS SIX DIAMONDS FOUR,0.7588,0.0866,0.1546
CLUBS NINE DIAMONDS FOUR,0.667,0.0628,0.2702
DIAMONDS FOUR HEARTS SEVEN,0.7724,0.0796,0.148
HEARTS SIX DIAMONDS FOUR,0.753,0.0908,0.1562
DIAMONDS FOUR HEARTS NINE,0.683,0.0564,0.2606
CLUBS THREE DIAMONDS FOUR,0.7352,0.1076,0.1572
CLUBS TWO DIAMONDS FOUR,0.7518,0.1058,0.1424
DIAMONDS TEN DIAMONDS FIVE,0.6194,0.0478,0.3328
DIAMONDS JACK DIAMONDS FIVE,0.644,0.029,0.327
DIAMONDS NINE HEARTS QUEEN,0.5386,0.0164,0.445
DIAMONDS NINE HEARTS KING,0.5502,0.009,0.4408
HEARTS ACE DIAMONDS NINE,0.5534,0.0042,0.4424
DIAMONDS NINE HEARTS TEN,0.5304,0.041,0.4286
DIAMONDS NINE HEARTS JACK,0.5326,0.0256,0.4418
CLUBS KING DIAMONDS SIX,0.6564,0.0098,0.3338
CLUBS QUEEN DIAMONDS SIX,0.6546,0.0244,0.321
CLUBS ACE DIAMONDS SIX,0.6564,0.0038,0.3398
SPADES KING DIAMONDS FOUR,0.6596,0.0098,0.3306
SPADES ACE SPADES SEVEN,0.629,0.0036,0.3674
SPADES QUEEN DIAMONDS FOUR,0.6642,0.0222,0.3136
SPADES QUEEN SPADES SEVEN,0.6304,0.02,0.3496
CLUBS JACK DIAMONDS SIX,0.6652,0.0324,0.3024
SPADES KING SPADES SEVEN,0.6392,0.0088,0.352
SPADES ACE DIAMONDS FOUR,0.6474,0.0034,0.3492
CLUBS TEN DIAMONDS SIX,0.6648,0.0468,0.2884
CLUBS NINE CLUBS FOUR,0.6474,0.0632,0.2894
SPADES JACK DIAMONDS FOUR,0.6668,0.0382,0.295
SPADES TEN DIAMONDS FOUR,0.6726,0.042,0.2854
CLUBS FIVE CLUBS FOUR,0.7064,0.0848,0.2088
CLUBS SEVEN CLUBS FOUR,0.746,0.0796,0.1744
CLUBS SIX CLUBS FOUR,0.7228,0.0876,0.1896
CLUBS SEVEN SPADES EIGHT,0.7826,0.0822,0.1352
CLUBS SEVEN SPADES NINE,0.6736,0.0604,0.266
CLUBS SEVEN SPADES SIX,0.7666,0.0796,0.1538
CLUBS SEVEN SPADES SEVEN,0.63,0.1968,0.1732
CLUBS SEVEN SPADES FIVE,0.7758,0.0756,0.1486
CLUBS SEVEN SPADES FOUR,0.7678,0.0818,0.1504
CLUBS SEVEN SPADES THREE,0.7834,0.0848,0.1318
CLUBS SEVEN SPADES TWO,0.803,0.0754,0.1216
CLUBS SEVEN CLUBS NINE,0.6326,0.0562,0.3112
HEARTS SIX DIAMONDS FIVE,0.7466,0.0936,0.1598
DIAMONDS FIVE HEARTS SEVEN,0.7618,0.0814,0.1568
DIAMONDS FIVE HEARTS NINE,0.6748,0.0618,0.2634
DIAMONDS QUEEN DIAMONDS FIVE,0.6232,0.0216,0.3552
HEARTS TWO DIAMONDS FIVE,0.762,0.0926,0.1454
DIAMONDS KING DIAMONDS FIVE,0.6216,0.0132,0.3652
HEARTS THREE DIAMONDS FIVE,0.7392,0.0928,0.168
DIAMONDS ACE DIAMONDS FIVE,0.5998,0.0036,0.3966
HEARTS FOUR DIAMONDS FIVE,0.7252,0.0978,0.177
HEARTS FIVE DIAMONDS FIVE,0.6298,0.1854,0.1848
CLUBS FOUR DIAMONDS FIVE,0.7296,0.102,0.1684
CLUBS FIVE DIAMONDS FIVE,0.6304,0.1824,0.1872
CLUBS SIX DIAMONDS FIVE,0.7404,0.097,0.1626
CLUBS SEVEN DIAMONDS FIVE,0.7692,0.0826,0.1482
CLUBS TWO DIAMONDS FIVE,0.7474,0.1032,0.1494
CLUBS THREE DIAMONDS FIVE,0.7362,0.0968,0.167
SPADES THREE DIAMONDS FIVE,0.7312,0.091,0.1778
SPADES TWO DIAMONDS FIVE,0.7466,0.0994,0.154
SPADES JACK DIAMONDS EIGHT,0.6498,0.0342,0.316
SPADES FIVE DIAMONDS FIVE,0.6232,0.1874,0.1894
CLUBS TEN HEARTS JACK,0.5248,0.0238,0.4514
SPADES TEN DIAMONDS EIGHT,0.6356,0.0446,0.3198
SPADES FOUR DIAMONDS FIVE,0.721,0.0948,0.1842
CLUBS JACK HEARTS JACK,0.1816,0.098,0.7204
HEARTS JACK CLUBS QUEEN,0.519,0.0122,0.4688
CLUBS NINE DIAMONDS FIVE,0.6598,0.0658,0.2744
HEARTS JACK CLUBS KING,0.5274,0.0068,0.4658
CLUBS ACE HEARTS JACK,0.524,0.0048,0.4712
SPADES SEVEN DIAMONDS FIVE,0.7532,0.0782,0.1686
SPADES KING DIAMONDS EIGHT,0.68,0.0262,0.2938
SPADES QUEEN DIAMONDS EIGHT,0.6622,0.028,0.3098
SPADES SIX DIAMONDS FIVE,0.7356,0.0868,0.1776
SPADES NINE DIAMONDS FIVE,0.668,0.064,0.268
SPADES EIGHT DIAMONDS FIVE,0.8022,0.0856,0.1122
SPADES ACE DIAMONDS EIGHT,0.6542,0.0264,0.3194
DIAMONDS TEN DIAMONDS SIX,0.628,0.0462,0.3258
HEARTS ACE DIAMONDS SEVEN,0.6472,0.0038,0.349
DIAMONDS JACK DIAMONDS SIX,0.641,0.034,0.325
HEARTS QUEEN DIAMONDS SEVEN,0.6608,0.0212,0.318
HEARTS KING DIAMONDS SEVEN,0.6556,0.0114,0.333
DIAMONDS ACE DIAMONDS SIX,0.6316,0.0028,0.3656
HEARTS FOUR DIAMONDS SIX,0.7546,0.0924,0.153
SPADES TWO HEARTS JACK,0.6724,0.0316,0.296
HEARTS FIVE DIAMONDS SIX,0.7476,0.0912,0.1612
SPADES TWO HEARTS TEN,0.669,0.0482,0.2828
DIAMONDS QUEEN DIAMONDS SIX,0.6256,0.023,0.3514
HEARTS TWO DIAMONDS SIX,0.7818,0.0884,0.1298
DIAMONDS KING DIAMONDS SIX,0.6278,0.011,0.3612
HEARTS THREE DIAMONDS SIX,0.769,0.0854,0.1456
HEARTS NINE DIAMONDS SIX,0.6604,0.0574,0.2822
HEARTS SIX DIAMONDS SIX,0.6406,0.1854,0.174
HEARTS SEVEN DIAMONDS SIX,0.7656,0.071,0.1634
HEARTS TEN DIAMONDS SEVEN,0.6576,0.0446,0.2978
CLUBS TWO DIAMONDS SIX,0.7724,0.0956,0.132
HEARTS JACK DIAMONDS SEVEN,0.6742,0.0322,0.2936
CLUBS THREE DIAMONDS SIX,0.7628,0.0882,0.149
CLUBS SEVEN DIAMONDS SIX,0.7582,0.0814,0.1604
CLUBS JACK DIAMONDS EIGHT,0.6516,0.04,0.3084
CLUBS SIX DIAMONDS SIX,0.6316,0.1866,0.1818
CLUBS TEN DIAMONDS EIGHT,0.6366,0.0482,0.3152
CLUBS FIVE DIAMONDS SIX,0.7502,0.0892,0.1606
CLUBS FOUR DIAMONDS SIX,0.757,0.086,0.157
HEARTS ACE HEARTS JACK,0.5156,0.0034,0.481
DIAMONDS EIGHT CLUBS ACE,0.6682,0.0278,0.304
HEARTS QUEEN HEARTS JACK,0.4954,0.0102,0.4944
DIAMONDS EIGHT CLUBS KING,0.6634,0.0262,0.3104
CLUBS NINE DIAMONDS SIX,0.6708,0.0568,0.2724
HEARTS KING HEARTS JACK,0.5106,0.0064,0.483
DIAMONDS EIGHT CLUBS QUEEN,0.6752,0.0262,0.2986
SPADES TEN HEARTS KING,0.5244,0.0104,0.4652
SPADES FIVE DIAMONDS SIX,0.7342,0.0918,0.174
HEARTS ACE SPADES TWO,0.6398,0.0056,0.3546
SPADES JACK HEARTS KING,0.54,0.0084,0.4516
SPADES FOUR DIAMONDS SIX,0.746,0.0874,0.1666
SPADES THREE DIAMONDS SIX,0.7596,0.0818,0.1586
HEARTS QUEEN SPADES TWO,0.6752,0.0236,0.3012
SPADES ACE SPADES KING,0.5044,0.003,0.4926
HEARTS KING SPADES TWO,0.671,0.0112,0.3178
SPADES TWO DIAMONDS SIX,0.7658,0.0862,0.148
SPADES NINE DIAMONDS SIX,0.6678,0.056,0.2762
SPADES EIGHT DIAMONDS SIX,0.803,0.0772,0.1198
SPADES SEVEN DIAMONDS SIX,0.7542,0.0832,0.1626
SPADES SIX DIAMONDS SIX,0.6298,0.174,0.1962
SPADES KING HEARTS KING,0.1824,0.0336,0.784
SPADES QUEEN HEARTS KING,0.539,0.0066,0.4544
CLUBS ACE CLUBS KING,0.499,0.0048,0.4962
SPADES ACE HEARTS KING,0.536,0.005,0.459
SPADES ACE HEARTS JACK,0.5398,0.0018,0.4584
SPADES QUEEN HEARTS JACK,0.5228,0.013,0.4642
SPADES KING HEARTS JACK,0.5334,0.0056,0.461
SPADES TEN DIAMONDS TEN,0.1852,0.126,0.6888
SPADES JACK DIAMONDS TEN,0.5288,0.0206,0.4506
SPADES ACE DIAMONDS TEN,0.557,0.0034,0.4396
SPADES JACK HEARTS JACK,0.1894,0.1024,0.7082
SPADES TEN HEARTS JACK,0.5286,0.0234,0.448
SPADES QUEEN DIAMONDS TEN,0.5278,0.0134,0.4588
SPADES KING DIAMONDS TEN,0.5314,0.0068,0.4618
SPADES NINE DIAMONDS SEVEN,0.6584,0.059,0.2826
SPADES EIGHT DIAMONDS SEVEN,0.7794,0.0764,0.1442
SPADES SEVEN DIAMONDS SEVEN,0.6276,0.1898,0.1826
SPADES SIX DIAMONDS SEVEN,0.754,0.0798,0.1662
DIAMONDS KING DIAMONDS SEVEN,0.6236,0.0096,0.3668
HEARTS THREE DIAMONDS SEVEN,0.7886,0.083,0.1284
HEARTS KING DIAMONDS FIVE,0.6586,0.0122,0.3292
DIAMONDS QUEEN DIAMONDS SEVEN,0.6414,0.0202,0.3384
HEARTS TWO DIAMONDS SEVEN,0.795,0.0892,0.1158
HEARTS QUEEN DIAMONDS FIVE,0.6632,0.0226,0.3142
HEARTS FIVE DIAMONDS SEVEN,0.7678,0.081,0.1512
DIAMONDS ACE DIAMONDS SEVEN,0.6298,0.0032,0.367
HEARTS FOUR DIAMONDS SEVEN,0.763,0.086,0.151
HEARTS ACE DIAMONDS FIVE,0.6454,0.0042,0.3504
HEARTS SEVEN DIAMONDS SEVEN,0.6184,0.1968,0.1848
HEARTS SIX DIAMONDS SEVEN,0.7638,0.0842,0.152
DIAMONDS SEVEN HEARTS NINE,0.6516,0.0616,0.2868
DIAMONDS JACK DIAMONDS SEVEN,0.639,0.0322,0.3288
DIAMONDS FIVE HEARTS JACK,0.6646,0.0328,0.3026
DIAMONDS TEN DIAMONDS SEVEN,0.619,0.0458,0.3352
HEARTS TEN DIAMONDS FIVE,0.6724,0.0488,0.2788
SPADES KING CLUBS TWO,0.6778,0.0122,0.31
HEARTS KING CLUBS KING,0.1756,0.0344,0.79
SPADES QUEEN CLUBS TWO,0.6906,0.0186,0.2908
HEARTS KING CLUBS QUEEN,0.52,0.0066,0.4734
CLUBS NINE DIAMONDS SEVEN,0.6628,0.0586,0.2786
CLUBS JACK SPADES TWO,0.6736,0.0388,0.2876
SPADES ACE CLUBS TWO,0.6526,0.0028,0.3446
CLUBS TEN SPADES TWO,0.6728,0.0454,0.2818
HEARTS KING CLUBS ACE,0.526,0.0046,0.4694
CLUBS SEVEN CLUBS SIX,0.7302,0.085,0.1848
SPADES TWO CLUBS KING,0.6736,0.0134,0.313
SPADES TWO DIAMONDS SEVEN,0.7954,0.073,0.1316
SPADES THREE DIAMONDS SEVEN,0.7814,0.083,0.1356
SPADES TWO CLUBS QUEEN,0.679,0.0212,0.2998
CLUBS NINE CLUBS SIX,0.637,0.0568,0.3062
SPADES FOUR DIAMONDS SEVEN,0.7618,0.0828,0.1554
CLUBS JACK HEARTS KING,0.52,0.0078,0.4722
SPADES FIVE DIAMONDS SEVEN,0.7634,0.0816,0.155
SPADES TWO CLUBS ACE,0.6482,0.003,0.3488
CLUBS TEN HEARTS KING,0.5344,0.008,0.4576
CLUBS SIX SPADES TWO,0.789,0.0858,0.1252
CLUBS SIX SPADES THREE,0.765,0.0888,0.1462
CLUBS TWO DIAMONDS SEVEN,0.794,0.0838,0.1222
CLUBS SIX SPADES FOUR,0.7522,0.0928,0.155
CLUBS THREE DIAMONDS SEVEN,0.775,0.0812,0.1438
CLUBS SIX SPADES FIVE,0.7396,0.0968,0.1636
CLUBS FOUR DIAMONDS SEVEN,0.7802,0.0788,0.141
CLUBS SIX SPADES SIX,0.6314,0.1908,0.1778
CLUBS FIVE DIAMONDS SEVEN,0.7646,0.0806,0.1548
CLUBS SIX SPADES SEVEN,0.7662,0.0826,0.1512
CLUBS SIX DIAMONDS SEVEN,0.762,0.073,0.165
CLUBS SIX SPADES EIGHT,0.8022,0.0822,0.1156
SPADES JACK CLUBS TWO,0.6778,0.0326,0.2896
CLUBS SEVEN DIAMONDS SEVEN,0.624,0.1848,0.1912
SPADES NINE CLUBS SIX,0.6718,0.0638,0.2644
SPADES TEN CLUBS TWO,0.6798,0.0464,0.2738
CLUBS TWO CLUBS QUEEN,0.6418,0.0178,0.3404
CLUBS TWO CLUBS KING,0.6414,0.0124,0.3462
CLUBS THREE DIAMONDS EIGHT,0.8602,0.078,0.0618
CLUBS TWO CLUBS ACE,0.6152,0.0034,0.3814
CLUBS TWO DIAMONDS EIGHT,0.8488,0.0834,0.0678
DIAMONDS EIGHT HEARTS SEVEN,0.7876,0.0742,0.1382
HEARTS SIX DIAMONDS EIGHT,0.7902,0.091,0.1188
DIAMONDS EIGHT HEARTS NINE,0.607,0.0604,0.3326
CLUBS TEN CLUBS TWO,0.6406,0.0502,0.3092
CLUBS JACK CLUBS TWO,0.652,0.0346,0.3134
CLUBS NINE DIAMONDS EIGHT,0.614,0.059,0.327
CLUBS FIVE DIAMONDS EIGHT,0.8162,0.0872,0.0966
SPADES ACE SPADES THREE,0.6276,0.0036,0.3688
CLUBS FOUR DIAMONDS EIGHT,0.8286,0.089,0.0824
CLUBS SEVEN DIAMONDS EIGHT,0.7956,0.0788,0.1256
SPADES QUEEN SPADES THREE,0.6278,0.0238,0.3484
CLUBS SIX DIAMONDS EIGHT,0.8008,0.0868,0.1124
SPADES KING SPADES THREE,0.639,0.0064,0.3546
DIAMONDS QUEEN DIAMONDS EIGHT,0.6258,0.0282,0.346
HEARTS TWO DIAMONDS EIGHT,0.8488,0.0842,0.067
DIAMONDS KING DIAMONDS EIGHT,0.6264,0.026,0.3476
HEARTS THREE DIAMONDS EIGHT,0.8424,0.0904,0.0672
DIAMONDS ACE DIAMONDS EIGHT,0.6228,0.0244,0.3528
HEARTS FOUR DIAMONDS EIGHT,0.8368,0.0838,0.0794
HEARTS FIVE DIAMONDS EIGHT,0.8142,0.0878,0.098
DIAMONDS EIGHT DIAMONDS TEN,0.6104,0.0398,0.3498
DIAMONDS EIGHT DIAMONDS JACK,0.6352,0.0328,0.332
SPADES JACK SPADES THREE,0.6488,0.0304,0.3208
SPADES TEN SPADES THREE,0.6462,0.0468,0.307
CLUBS FOUR HEARTS ACE,0.6442,0.0032,0.3526
CLUBS FOUR HEARTS QUEEN,0.684,0.0224,0.2936
CLUBS FOUR HEARTS KING,0.6572,0.0112,0.3316
CLUBS SIX HEARTS TEN,0.6626,0.0506,0.2868
CLUBS SIX HEARTS JACK,0.6684,0.0326,0.299
DIAMONDS EIGHT SPADES FOUR,0.813,0.089,0.098
SPADES FIVE DIAMONDS EIGHT,0.798,0.086,0.116
DIAMONDS EIGHT SPADES TWO,0.84,0.0848,0.0752
DIAMONDS EIGHT SPADES THREE,0.8302,0.09,0.0798
CLUBS FOUR HEARTS JACK,0.6712,0.0332,0.2956
SPADES EIGHT DIAMONDS EIGHT,0.0196,0.96,0.0204
SPADES TEN DIAMONDS QUEEN,0.5258,0.015,0.4592
SPADES TEN HEARTS TWO,0.6812,0.0456,0.2732
CLUBS FOUR HEARTS TEN,0.6692,0.0426,0.2882
SPADES NINE DIAMONDS EIGHT,0.633,0.0532,0.3138
SPADES JACK HEARTS TWO,0.6854,0.0388,0.2758
SPADES JACK DIAMONDS QUEEN,0.529,0.0122,0.4588
SPADES SIX DIAMONDS EIGHT,0.7908,0.0872,0.122
SPADES SEVEN DIAMONDS EIGHT,0.772,0.0846,0.1434
SPADES ACE HEARTS TWO,0.6472,0.0028,0.35
SPADES ACE DIAMONDS QUEEN,0.5448,0.0028,0.4524
SPADES QUEEN HEARTS TWO,0.6782,0.022,0.2998
SPADES QUEEN DIAMONDS QUEEN,0.2018,0.0636,0.7346
SPADES KING DIAMONDS QUEEN,0.5388,0.0072,0.454
SPADES KING HEARTS TWO,0.6682,0.0148,0.317
CLUBS TWO HEARTS TEN,0.6782,0.0494,0.2724
CLUBS TWO HEARTS JACK,0.6736,0.0348,0.2916
SPADES SEVEN DIAMONDS NINE,0.6506,0.06,0.2894
SPADES SIX DIAMONDS NINE,0.6688,0.0578,0.2734
SPADES NINE DIAMONDS NINE,0.1876,0.1562,0.6562
SPADES EIGHT DIAMONDS NINE,0.6394,0.0516,0.309
SPADES TEN CLUBS KING,0.5268,0.0074,0.4658
DIAMONDS NINE SPADES THREE,0.6812,0.063,0.2558
SPADES JACK CLUBS KING,0.5348,0.0048,0.4604
DIAMONDS NINE SPADES TWO,0.682,0.0612,0.2568
DIAMONDS NINE SPADES FIVE,0.6522,0.0602,0.2876
DIAMONDS NINE SPADES FOUR,0.677,0.055,0.268
CLUBS NINE DIAMONDS NINE,0.1754,0.1546,0.67
CLUBS SIX DIAMONDS NINE,0.665,0.0628,0.2722
SPADES JACK CLUBS FOUR,0.6764,0.0292,0.2944
CLUBS SEVEN DIAMONDS NINE,0.679,0.0548,0.2662
SPADES TEN CLUBS FOUR,0.665,0.0486,0.2864
CLUBS FOUR DIAMONDS NINE,0.6782,0.0628,0.259
CLUBS FIVE DIAMONDS NINE,0.6798,0.057,0.2632
DIAMONDS NINE CLUBS TWO,0.6972,0.0568,0.246
CLUBS THREE DIAMONDS NINE,0.6854,0.0642,0.2504
DIAMONDS NINE HEARTS NINE,0.1696,0.1662,0.6642
HEARTS SIX DIAMONDS NINE,0.6754,0.0624,0.2622
DIAMONDS NINE HEARTS SEVEN,0.6672,0.0584,0.2744
DIAMONDS ACE DIAMONDS NINE,0.5386,0.0054,0.456
HEARTS FOUR DIAMONDS NINE,0.6804,0.0592,0.2604
HEARTS FIVE DIAMONDS NINE,0.6732,0.059,0.2678
HEARTS ACE CLUBS TWO,0.6564,0.0042,0.3394
SPADES ACE CLUBS FOUR,0.6502,0.0046,0.3452
DIAMONDS QUEEN DIAMONDS NINE,0.5212,0.0138,0.465
HEARTS TWO DIAMONDS NINE,0.686,0.0604,0.2536
CLUBS TWO HEARTS KING,0.669,0.0116,0.3194
SPADES KING CLUBS FOUR,0.6642,0.0116,0.3242
DIAMONDS KING DIAMONDS NINE,0.5274,0.0086,0.464
HEARTS THREE DIAMONDS NINE,0.6796,0.0608,0.2596
CLUBS TWO HEARTS QUEEN,0.664,0.0244,0.3116
SPADES QUEEN CLUBS FOUR,0.6776,0.0188,0.3036
DIAMONDS NINE DIAMONDS JACK,0.5082,0.0248,0.467
DIAMONDS NINE DIAMONDS TEN,0.4976,0.0384,0.464
HEARTS SIX DIAMONDS TEN,0.6828,0.0458,0.2714
DIAMONDS TEN HEARTS SEVEN,0.6592,0.0466,0.2942
CLUBS JACK CLUBS FOUR,0.6444,0.0376,0.318
DIAMONDS TEN HEARTS NINE,0.5206,0.0412,0.4382
CLUBS TEN CLUBS FOUR,0.6512,0.0502,0.2986
CLUBS FOUR CLUBS KING,0.634,0.013,0.353
CLUBS FOUR CLUBS QUEEN,0.6462,0.0218,0.332
CLUBS TWO DIAMONDS TEN,0.686,0.0448,0.2692
CLUBS THREE DIAMONDS TEN,0.6914,0.0434,0.2652
CLUBS FOUR CLUBS ACE,0.6084,0.0052,0.3864
DIAMONDS JACK DIAMONDS TEN,0.5032,0.0226,0.4742
DIAMONDS QUEEN DIAMONDS TEN,0.509,0.0134,0.4776
HEARTS TWO DIAMONDS TEN,0.6794,0.0464,0.2742
DIAMONDS KING DIAMONDS TEN,0.5068,0.007,0.4862
HEARTS THREE DIAMONDS TEN,0.673,0.0478,0.2792
DIAMONDS ACE DIAMONDS TEN,0.5106,0.003,0.4864
HEARTS FOUR DIAMONDS TEN,0.6692,0.0438,0.287
HEARTS FIVE DIAMONDS TEN,0.6734,0.0442,0.2824
CLUBS NINE SPADES THREE,0.6858,0.0584,0.2558
CLUBS NINE SPADES TWO,0.6744,0.06,0.2656
CLUBS NINE SPADES FIVE,0.6588,0.0592,0.282
CLUBS NINE SPADES FOUR,0.6846,0.0624,0.253
CLUBS NINE SPADES SEVEN,0.6648,0.0608,0.2744
CLUBS NINE SPADES SIX,0.6674,0.0588,0.2738
CLUBS NINE SPADES NINE,0.1756,0.1592,0.6652
CLUBS NINE SPADES EIGHT,0.6326,0.0572,0.3102
SPADES KING CLUBS KING,0.1912,0.038,0.7708
SPADES QUEEN CLUBS KING,0.5296,0.0042,0.4662
SPADES ACE CLUBS KING,0.523,0.0042,0.4728
DIAMONDS ACE HEARTS TEN,0.5464,0.0044,0.4492
HEARTS FOUR HEARTS TEN,0.6484,0.0476,0.304
DIAMONDS ACE HEARTS JACK,0.5372,0.0034,0.4594
HEARTS FOUR HEARTS JACK,0.6388,0.0338,0.3274
SPADES KING CLUBS FIVE,0.66,0.0108,0.3292
SPADES QUEEN CLUBS FIVE,0.6606,0.0226,0.3168
SPADES ACE CLUBS FIVE,0.6574,0.0046,0.338
DIAMONDS JACK HEARTS SEVEN,0.6738,0.0318,0.2944
HEARTS SIX DIAMONDS JACK,0.6796,0.0336,0.2868
DIAMONDS JACK HEARTS NINE,0.533,0.0288,0.4382
DIAMONDS KING DIAMONDS JACK,0.5028,0.0074,0.4898
HEARTS THREE DIAMONDS JACK,0.6696,0.0354,0.295
SPADES ACE SPADES SIX,0.6296,0.004,0.3664
HEARTS ACE SPADES FOUR,0.636,0.0046,0.3594
DIAMONDS QUEEN DIAMONDS JACK,0.5002,0.0118,0.488
HEARTS TWO DIAMONDS JACK,0.6916,0.0332,0.2752
HEARTS FIVE DIAMONDS JACK,0.6796,0.0312,0.2892
SPADES QUEEN SPADES SIX,0.6292,0.0152,0.3556
SPADES FOUR HEARTS QUEEN,0.6616,0.0204,0.318
DIAMONDS ACE DIAMONDS JACK,0.5062,0.0038,0.49
HEARTS FOUR DIAMONDS JACK,0.6732,0.0308,0.296
SPADES KING SPADES SIX,0.6174,0.0116,0.371
SPADES FOUR HEARTS KING,0.669,0.0116,0.3194
SPADES TEN SPADES SIX,0.6312,0.0416,0.3272
SPADES JACK SPADES SIX,0.6304,0.0288,0.3408
SPADES FOUR DIAMONDS JACK,0.6806,0.0306,0.2888
SPADES FIVE DIAMONDS JACK,0.6724,0.0314,0.2962
DIAMONDS JACK SPADES TWO,0.6672,0.0348,0.298
DIAMONDS JACK SPADES THREE,0.6832,0.0326,0.2842
SPADES ACE DIAMONDS THREE,0.6572,0.003,0.3398
SPADES QUEEN DIAMONDS THREE,0.675,0.0206,0.3044
SPADES KING DIAMONDS THREE,0.677,0.0096,0.3134
CLUBS NINE DIAMONDS JACK,0.5398,0.0276,0.4326
CLUBS SIX DIAMONDS JACK,0.6716,0.036,0.2924
CLUBS SEVEN DIAMONDS JACK,0.6682,0.0336,0.2982
CLUBS FOUR DIAMONDS JACK,0.6814,0.0318,0.2868
CLUBS FIVE DIAMONDS JACK,0.6682,0.0352,0.2966
CLUBS TWO DIAMONDS JACK,0.6804,0.034,0.2856
CLUBS THREE DIAMONDS JACK,0.681,0.0348,0.2842
SPADES TEN CLUBS FIVE,0.6778,0.0446,0.2776
HEARTS SIX SPADES JACK,0.6644,0.0358,0.2998
HEARTS SIX SPADES TEN,0.673,0.049,0.278
SPADES JACK CLUBS FIVE,0.6666,0.027,0.3064
SPADES JACK DIAMONDS THREE,0.676,0.0298,0.2942
CLUBS SEVEN CLUBS ACE,0.6248,0.0038,0.3714
DIAMONDS THREE SPADES TEN,0.685,0.043,0.272
CLUBS SEVEN CLUBS QUEEN,0.6506,0.0234,0.326
CLUBS SEVEN CLUBS KING,0.6382,0.0132,0.3486
SPADES NINE DIAMONDS JACK,0.5542,0.026,0.4198
CLUBS TEN CLUBS SEVEN,0.633,0.0506,0.3164
DIAMONDS ACE HEARTS ACE,0.1914,0.0054,0.8032
HEARTS FOUR HEARTS ACE,0.6162,0.0046,0.3792
SPADES EIGHT DIAMONDS JACK,0.6546,0.0324,0.313
SPADES ACE HEARTS SIX,0.6638,0.0026,0.3336
CLUBS JACK CLUBS SEVEN,0.6414,0.0298,0.3288
DIAMONDS ACE HEARTS KING,0.5312,0.0026,0.4662
HEARTS FOUR HEARTS KING,0.624,0.0136,0.3624
SPADES SEVEN DIAMONDS JACK,0.679,0.035,0.286
SPADES KING HEARTS SIX,0.652,0.0114,0.3366
DIAMONDS ACE HEARTS QUEEN,0.5406,0.0044,0.455
HEARTS FOUR HEARTS QUEEN,0.6348,0.0244,0.3408
SPADES QUEEN HEARTS SIX,0.6694,0.0212,0.3094
SPADES SIX DIAMONDS JACK,0.6684,0.031,0.3006
DIAMONDS TEN SPADES TWO,0.6802,0.0386,0.2812
SPADES THREE DIAMONDS TEN,0.6848,0.0514,0.2638
SPADES FOUR DIAMONDS TEN,0.6734,0.041,0.2856
SPADES FIVE DIAMONDS TEN,0.6792,0.0406,0.2802
SPADES SIX DIAMONDS TEN,0.6662,0.0434,0.2904
SPADES SEVEN DIAMONDS TEN,0.6634,0.0402,0.2964
SPADES EIGHT DIAMONDS TEN,0.6394,0.0434,0.3172
SPADES NINE DIAMONDS TEN,0.5346,0.0442,0.4212
CLUBS FOUR DIAMONDS TEN,0.6834,0.0474,0.2692
CLUBS FIVE DIAMONDS TEN,0.666,0.052,0.282
CLUBS SIX DIAMONDS TEN,0.6732,0.0478,0.279
CLUBS SEVEN DIAMONDS TEN,0.6748,0.0494,0.2758
CLUBS NINE DIAMONDS TEN,0.543,0.0312,0.4258
CLUBS JACK DIAMONDS THREE,0.661,0.0334,0.3056
CLUBS TEN DIAMONDS THREE,0.6706,0.0464,0.283
DIAMONDS THREE CLUBS KING,0.6696,0.0132,0.3172
DIAMONDS THREE CLUBS QUEEN,0.671,0.0256,0.3034
DIAMONDS THREE CLUBS ACE,0.6412,0.0024,0.3564
SPADES FOUR HEARTS JACK,0.6618,0.033,0.3052
SPADES FOUR HEARTS TEN,0.677,0.046,0.277
SPADES FIVE SPADES TWO,0.7108,0.087,0.2022
SPADES FOUR SPADES TWO,0.7258,0.09,0.1842
SPADES THREE SPADES TWO,0.722,0.0936,0.1844
SPADES NINE SPADES TWO,0.6448,0.0548,0.3004
SPADES EIGHT SPADES TWO,0.7984,0.0834,0.1182
SPADES SEVEN SPADES TWO,0.7546,0.0802,0.1652
SPADES SIX SPADES TWO,0.729,0.089,0.182
DIAMONDS QUEEN CLUBS THREE,0.6834,0.0196,0.297
CLUBS THREE HEARTS TWO,0.76,0.111,0.129
DIAMONDS QUEEN CLUBS TWO,0.6798,0.0226,0.2976
HEARTS TWO CLUBS TWO,0.6382,0.1802,0.1816
DIAMONDS QUEEN HEARTS SEVEN,0.6742,0.0218,0.304
HEARTS TWO HEARTS SEVEN,0.7532,0.0864,0.1604
HEARTS SIX DIAMONDS QUEEN,0.6742,0.021,0.3048
HEARTS SIX HEARTS TWO,0.7474,0.0842,0.1684
DIAMONDS QUEEN HEARTS NINE,0.543,0.0202,0.4368
HEARTS TWO HEARTS NINE,0.6522,0.0524,0.2954
CLUBS NINE HEARTS TWO,0.6824,0.0646,0.253
CLUBS NINE DIAMONDS QUEEN,0.5512,0.0242,0.4246
CLUBS FIVE DIAMONDS QUEEN,0.658,0.0216,0.3204
CLUBS FIVE HEARTS TWO,0.7586,0.0982,0.1432
SPADES EIGHT HEARTS ACE,0.6622,0.0286,0.3092
DIAMONDS QUEEN CLUBS FOUR,0.6834,0.0206,0.296
HEARTS TWO CLUBS FOUR,0.7566,0.1086,0.1348
CLUBS SEVEN DIAMONDS QUEEN,0.683,0.019,0.298
CLUBS SEVEN HEARTS TWO,0.7988,0.0788,0.1224
SPADES EIGHT HEARTS QUEEN,0.6684,0.0284,0.3032
CLUBS SIX DIAMONDS QUEEN,0.6766,0.0174,0.306
CLUBS SIX HEARTS TWO,0.7884,0.0902,0.1214
SPADES EIGHT HEARTS KING,0.6728,0.026,0.3012
HEARTS TWO SPADES SIX,0.788,0.0846,0.1274
DIAMONDS QUEEN SPADES SIX,0.6692,0.0194,0.3114
HEARTS FOUR CLUBS QUEEN,0.6722,0.024,0.3038
DIAMONDS ACE CLUBS QUEEN,0.5404,0.003,0.4566
DIAMONDS QUEEN SPADES SEVEN,0.678,0.0206,0.3014
HEARTS TWO SPADES SEVEN,0.7906,0.0882,0.1212
HEARTS FOUR CLUBS KING,0.6602,0.0104,0.3294
DIAMONDS ACE CLUBS KING,0.518,0.003,0.479
DIAMONDS QUEEN SPADES EIGHT,0.6574,0.0282,0.3144
SPADES EIGHT HEARTS TWO,0.8358,0.0962,0.068
HEARTS FOUR CLUBS ACE,0.6424,0.006,0.3516
DIAMONDS ACE CLUBS ACE,0.202,0.0038,0.7942
SPADES NINE DIAMONDS QUEEN,0.5564,0.0192,0.4244
SPADES NINE HEARTS TWO,0.6856,0.0666,0.2478
HEARTS TWO SPADES TWO,0.6322,0.185,0.1828
DIAMONDS QUEEN SPADES TWO,0.6782,0.0212,0.3006
HEARTS TWO SPADES THREE,0.764,0.103,0.133
DIAMONDS QUEEN SPADES THREE,0.6698,0.0216,0.3086
HEARTS TWO SPADES FOUR,0.7542,0.1046,0.1412
DIAMONDS QUEEN SPADES FOUR,0.676,0.0224,0.3016
CLUBS TEN HEARTS FOUR,0.665,0.05,0.285
CLUBS TEN DIAMONDS ACE,0.5436,0.0016,0.4548
HEARTS TWO SPADES FIVE,0.7438,0.107,0.1492
DIAMONDS QUEEN SPADES FIVE,0.659,0.0198,0.3212
HEARTS FOUR CLUBS JACK,0.6654,0.0376,0.297
CLUBS JACK DIAMONDS ACE,0.5478,0.0032,0.449
CLUBS FIVE CLUBS KING,0.634,0.0112,0.3548
CLUBS FIVE CLUBS QUEEN,0.6384,0.0238,0.3378
CLUBS FIVE CLUBS ACE,0.624,0.0044,0.3716
CLUBS JACK CLUBS FIVE,0.6332,0.0354,0.3314
CLUBS TEN CLUBS FIVE,0.6504,0.042,0.3076
SPADES KING CLUBS JACK,0.5332,0.0048,0.462
CLUBS JACK SPADES QUEEN,0.5198,0.0136,0.4666
SPADES ACE CLUBS JACK,0.533,0.0056,0.4614
SPADES SIX CLUBS KING,0.6696,0.0124,0.318
SPADES SIX CLUBS QUEEN,0.6674,0.0218,0.3108
SPADES EIGHT HEARTS JACK,0.6568,0.0416,0.3016
SPADES SIX CLUBS ACE,0.6478,0.0024,0.3498
SPADES EIGHT HEARTS TEN,0.6422,0.0468,0.311
CLUBS JACK SPADES SIX,0.663,0.0348,0.3022
CLUBS TEN SPADES SIX,0.6664,0.047,0.2866
CLUBS JACK SPADES TEN,0.5196,0.0226,0.4578
CLUBS JACK SPADES JACK,0.1848,0.0982,0.717
SPADES QUEEN CLUBS SEVEN,0.6758,0.0224,0.3018
SPADES KING CLUBS SEVEN,0.6662,0.011,0.3228
SPADES ACE CLUBS SEVEN,0.6604,0.005,0.3346
SPADES SIX HEARTS TEN,0.6694,0.0432,0.2874
SPADES SIX HEARTS JACK,0.6628,0.0342,0.303
SPADES SIX HEARTS ACE,0.6682,0.0028,0.329
SPADES SIX HEARTS KING,0.6608,0.013,0.3262
SPADES SIX HEARTS QUEEN,0.6632,0.0204,0.3164
CLUBS SEVEN SPADES JACK,0.671,0.0294,0.2996
CLUBS SEVEN SPADES TEN,0.6578,0.0436,0.2986
CLUBS TEN HEARTS SIX,0.6788,0.0428,0.2784
CLUBS JACK HEARTS SIX,0.6776,0.0296,0.2928
CLUBS JACK CLUBS ACE,0.5126,0.0034,0.484
HEARTS SIX CLUBS QUEEN,0.6796,0.02,0.3004
HEARTS SIX CLUBS KING,0.6638,0.0112,0.325
HEARTS SIX CLUBS ACE,0.671,0.0046,0.3244
CLUBS JACK CLUBS QUEEN,0.5044,0.0124,0.4832
CLUBS JACK CLUBS KING,0.4956,0.005,0.4994
DIAMONDS THREE HEARTS ACE,0.6414,0.0052,0.3534
DIAMONDS THREE HEARTS QUEEN,0.6748,0.02,0.3052
DIAMONDS THREE HEARTS KING,0.664,0.012,0.324
CLUBS FIVE HEARTS JACK,0.6736,0.0344,0.292
SPADES TEN DIAMONDS ACE,0.5432,0.004,0.4528
HEARTS FOUR SPADES TEN,0.683,0.0432,0.2738
CLUBS FIVE HEARTS TEN,0.6654,0.0472,0.2874
HEARTS FOUR SPADES JACK,0.682,0.0292,0.2888
SPADES JACK DIAMONDS ACE,0.5368,0.0026,0.4606
SPADES ACE HEARTS FOUR,0.6478,0.005,0.3472
SPADES ACE DIAMONDS ACE,0.2018,0.0028,0.7954
CLUBS FIVE HEARTS ACE,0.65,0.0054,0.3446
CLUBS FIVE HEARTS KING,0.6556,0.0114,0.333
HEARTS FOUR SPADES QUEEN,0.6758,0.024,0.3002
SPADES QUEEN DIAMONDS ACE,0.5308,0.0018,0.4674
CLUBS JACK SPADES FOUR,0.6706,0.034,0.2954
CLUBS FIVE HEARTS QUEEN,0.6646,0.0214,0.314
SPADES KING DIAMONDS ACE,0.5368,0.0044,0.4588
HEARTS FOUR SPADES KING,0.6804,0.0082,0.3114
CLUBS TEN SPADES FOUR,0.672,0.048,0.28
DIAMONDS QUEEN DIAMONDS ACE,0.5196,0.0034,0.477
HEARTS TWO DIAMONDS ACE,0.6546,0.0026,0.3428
HEARTS FOUR DIAMONDS QUEEN,0.6818,0.0206,0.2976
HEARTS FOUR HEARTS TWO,0.7284,0.0938,0.1778
DIAMONDS THREE HEARTS TEN,0.669,0.0496,0.2814
SPADES FOUR CLUBS KING,0.6588,0.0108,0.3304
HEARTS FIVE DIAMONDS QUEEN,0.6726,0.0204,0.307
HEARTS FIVE HEARTS TWO,0.7246,0.0944,0.181
DIAMONDS THREE HEARTS JACK,0.6752,0.0324,0.2924
SPADES FOUR CLUBS QUEEN,0.6674,0.0232,0.3094
DIAMONDS QUEEN HEARTS TWO,0.684,0.0198,0.2962
DIAMONDS KING DIAMONDS QUEEN,0.4878,0.0056,0.5066
DIAMONDS KING HEARTS TWO,0.6646,0.012,0.3234
HEARTS THREE DIAMONDS QUEEN,0.6788,0.0204,0.3008
HEARTS THREE HEARTS TWO,0.7288,0.0976,0.1736
SPADES FOUR CLUBS ACE,0.6418,0.0056,0.3526
HEARTS TWO CLUBS ACE,0.661,0.0042,0.3348
DIAMONDS QUEEN CLUBS ACE,0.5292,0.0026,0.4682
HEARTS TWO CLUBS QUEEN,0.6766,0.0224,0.301
DIAMONDS QUEEN CLUBS QUEEN,0.187,0.0666,0.7464
HEARTS TWO CLUBS KING,0.6672,0.0116,0.3212
DIAMONDS QUEEN CLUBS KING,0.5072,0.006,0.4868
SPADES EIGHT SPADES FIVE,0.7668,0.0738,0.1594
CLUBS TEN HEARTS TWO,0.6764,0.0502,0.2734
CLUBS TEN DIAMONDS QUEEN,0.5444,0.0166,0.439
SPADES NINE SPADES FIVE,0.6296,0.0572,0.3132
CLUBS JACK HEARTS TWO,0.6776,0.0332,0.2892
CLUBS JACK DIAMONDS QUEEN,0.5298,0.012,0.4582
SPADES SIX SPADES FIVE,0.7016,0.0962,0.2022
SPADES SEVEN SPADES FIVE,0.722,0.0802,0.1978
DIAMONDS FIVE CLUBS QUEEN,0.6538,0.0282,0.318
SPADES EIGHT CLUBS ACE,0.6582,0.027,0.3148
DIAMONDS FIVE CLUBS KING,0.6592,0.0106,0.3302
SPADES EIGHT CLUBS KING,0.6802,0.0254,0.2944
DIAMONDS FIVE CLUBS ACE,0.6408,0.0048,0.3544
SPADES EIGHT CLUBS QUEEN,0.6668,0.0308,0.3024
CLUBS JACK SPADES EIGHT,0.651,0.0382,0.3108
CLUBS TEN SPADES EIGHT,0.6304,0.0436,0.326
CLUBS TEN DIAMONDS FIVE,0.6852,0.0432,0.2716
CLUBS JACK DIAMONDS FIVE,0.6666,0.0328,0.3006
DIAMONDS TEN HEARTS JACK,0.5128,0.0238,0.4634
DIAMONDS TEN HEARTS TEN,0.181,0.1322,0.6868
SPADES ACE CLUBS NINE,0.5522,0.0034,0.4444
SPADES QUEEN CLUBS NINE,0.5344,0.019,0.4466
SPADES KING CLUBS NINE,0.5612,0.0068,0.432
HEARTS SIX HEARTS KING,0.6314,0.0098,0.3588
DIAMONDS KING SPADES SEVEN,0.6644,0.0118,0.3238
HEARTS THREE SPADES SEVEN,0.771,0.0842,0.1448
SPADES KING DIAMONDS SEVEN,0.6692,0.0126,0.3182
HEARTS SIX HEARTS QUEEN,0.6526,0.0192,0.3282
SPADES QUEEN DIAMONDS SEVEN,0.6626,0.0212,0.3162
HEARTS THREE SPADES SIX,0.7638,0.0938,0.1424
DIAMONDS KING SPADES SIX,0.6606,0.0076,0.3318
DIAMONDS KING SPADES NINE,0.5366,0.009,0.4544
HEARTS THREE SPADES NINE,0.6876,0.0652,0.2472
HEARTS SIX HEARTS ACE,0.6274,0.0036,0.369
DIAMONDS KING SPADES EIGHT,0.668,0.024,0.308
HEARTS THREE SPADES EIGHT,0.8504,0.085,0.0646
SPADES ACE DIAMONDS SEVEN,0.6498,0.0042,0.346
