opposingHand,winningChance,drawChance,lostChance
CLUBS NINE HEARTS SEVEN
HEARTS FIVE SPADES TEN,0.4356,0.0234,0.541
SPADES JACK HEARTS FIVE,0.4248,0.0194,0.5558
CLUBS JACK SPADES FIVE,0.4158,0.017,0.5672
CLUBS TEN SPADES FIVE,0.4204,0.0286,0.551
CLUBS JACK CLUBS EIGHT,0.3392,0.0174,0.6434
CLUBS TEN CLUBS EIGHT,0.341,0.0248,0.6342
CLUBS EIGHT CLUBS KING,0.366,0.0072,0.6268
SPADES FIVE CLUBS ACE,0.4104,0.0048,0.5848
CLUBS EIGHT CLUBS QUEEN,0.3534,0.0138,0.6328
SPADES FIVE CLUBS KING,0.419,0.0072,0.5738
SPADES FIVE CLUBS QUEEN,0.4114,0.013,0.5756
CLUBS EIGHT CLUBS ACE,0.3728,0.0064,0.6208
DIAMONDS TWO DIAMONDS THREE,0.5966,0.0364,0.367
DIAMONDS TWO DIAMONDS FIVE,0.594,0.0358,0.3702
SPADES KING HEARTS FIVE,0.4312,0.0088,0.56
DIAMONDS TWO DIAMONDS FOUR,0.5898,0.0376,0.3726
SPADES QUEEN HEARTS FIVE,0.4232,0.0076,0.5692
DIAMONDS TWO DIAMONDS SEVEN,0.6266,0.1082,0.2652
DIAMONDS TWO DIAMONDS SIX,0.6014,0.0386,0.36
SPADES ACE HEARTS FIVE,0.4176,0.0024,0.58
DIAMONDS TWO DIAMONDS NINE,0.4548,0.2788,0.2664
DIAMONDS TWO DIAMONDS EIGHT,0.5906,0.0404,0.369
DIAMONDS THREE DIAMONDS FOUR,0.5736,0.0394,0.387
CLUBS TWO SPADES FOUR,0.6344,0.0434,0.3222
DIAMONDS THREE DIAMONDS FIVE,0.5502,0.0414,0.4084
SPADES FIVE CLUBS TWO,0.6258,0.046,0.3282
CLUBS TWO SPADES TWO,0.442,0.0736,0.4844
CLUBS TWO SPADES THREE,0.6304,0.042,0.3276
DIAMONDS THREE DIAMONDS EIGHT,0.5898,0.0434,0.3668
SPADES EIGHT CLUBS TWO,0.6434,0.0476,0.309
DIAMONDS THREE DIAMONDS NINE,0.4572,0.2738,0.269
SPADES NINE CLUBS TWO,0.5014,0.2962,0.2024
DIAMONDS THREE DIAMONDS SIX,0.595,0.0402,0.3648
SPADES SIX CLUBS TWO,0.646,0.0414,0.3126
DIAMONDS THREE DIAMONDS SEVEN,0.6112,0.103,0.2858
SPADES SEVEN CLUBS TWO,0.6776,0.1106,0.2118
CLUBS SIX CLUBS TWO,0.6142,0.044,0.3418
CLUBS SEVEN CLUBS TWO,0.6566,0.1028,0.2406
CLUBS FOUR CLUBS TWO,0.6066,0.043,0.3504
CLUBS FIVE CLUBS TWO,0.5994,0.0338,0.3668
CLUBS TEN CLUBS JACK,0.3114,0.014,0.6746
DIAMONDS FOUR DIAMONDS SIX,0.5756,0.0406,0.3838
CLUBS TEN CLUBS QUEEN,0.3172,0.0096,0.6732
DIAMONDS FOUR DIAMONDS SEVEN,0.6266,0.0984,0.275
CLUBS TEN CLUBS KING,0.3314,0.0058,0.6628
CLUBS TEN CLUBS ACE,0.333,0.0054,0.6616
CLUBS EIGHT CLUBS TWO,0.6192,0.0354,0.3454
DIAMONDS FIVE DIAMONDS FOUR,0.5574,0.0376,0.405
DIAMONDS NINE DIAMONDS FOUR,0.4468,0.2872,0.266
DIAMONDS EIGHT DIAMONDS FOUR,0.5918,0.0324,0.3758
CLUBS THREE CLUBS TWO,0.6012,0.0348,0.364
DIAMONDS NINE DIAMONDS FIVE,0.4518,0.273,0.2752
CLUBS JACK DIAMONDS TWO,0.4418,0.0186,0.5396
DIAMONDS EIGHT DIAMONDS FIVE,0.5818,0.0386,0.3796
CLUBS TEN DIAMONDS TWO,0.435,0.0252,0.5398
DIAMONDS FIVE DIAMONDS SEVEN,0.5968,0.1016,0.3016
DIAMONDS FIVE DIAMONDS SIX,0.5542,0.0368,0.409
DIAMONDS TWO CLUBS ACE,0.4238,0.0068,0.5694
DIAMONDS TWO CLUBS KING,0.4408,0.0084,0.5508
DIAMONDS TWO CLUBS QUEEN,0.427,0.0128,0.5602
DIAMONDS EIGHT DIAMONDS SIX,0.5624,0.035,0.4026
DIAMONDS NINE DIAMONDS SIX,0.448,0.2774,0.2746
HEARTS ACE SPADES THREE,0.4192,0.0044,0.5764
SPADES THREE HEARTS KING,0.4342,0.0052,0.5606
DIAMONDS SEVEN DIAMONDS SIX,0.5998,0.1048,0.2954
HEARTS QUEEN SPADES THREE,0.4286,0.0094,0.562
SPADES THREE HEARTS JACK,0.4284,0.0188,0.5528
SPADES THREE HEARTS TEN,0.4218,0.0254,0.5528
DIAMONDS EIGHT DIAMONDS SEVEN,0.619,0.0946,0.2864
DIAMONDS NINE DIAMONDS SEVEN,0.0192,0.9096,0.0712
DIAMONDS NINE DIAMONDS EIGHT,0.2194,0.2182,0.5624
DIAMONDS KING HEARTS TEN,0.335,0.0086,0.6564
HEARTS THREE HEARTS TEN,0.4176,0.023,0.5594
SPADES JACK CLUBS SIX,0.421,0.0168,0.5622
DIAMONDS KING HEARTS JACK,0.3552,0.007,0.6378
HEARTS THREE HEARTS JACK,0.413,0.0184,0.5686
SPADES TEN CLUBS SIX,0.4188,0.0256,0.5556
SPADES JACK SPADES FIVE,0.3986,0.0182,0.5832
SPADES TEN SPADES FIVE,0.3936,0.0252,0.5812
DIAMONDS KING HEARTS ACE,0.3622,0.0026,0.6352
HEARTS THREE HEARTS ACE,0.402,0.0032,0.5948
SPADES ACE CLUBS SIX,0.415,0.0044,0.5806
DIAMONDS KING HEARTS QUEEN,0.3426,0.005,0.6524
HEARTS THREE HEARTS QUEEN,0.4116,0.0132,0.5752
SPADES KING CLUBS SIX,0.4082,0.0078,0.584
DIAMONDS KING HEARTS KING,0.1756,0.0126,0.8118
HEARTS THREE HEARTS KING,0.4046,0.008,0.5874
SPADES QUEEN CLUBS SIX,0.4276,0.0124,0.56
SPADES NINE HEARTS TEN,0.2388,0.0698,0.6914
SPADES NINE HEARTS JACK,0.2554,0.057,0.6876
SPADES QUEEN SPADES FIVE,0.3956,0.0116,0.5928
SPADES KING SPADES FIVE,0.3984,0.0076,0.594
SPADES ACE SPADES FIVE,0.3872,0.0044,0.6084
SPADES NINE HEARTS QUEEN,0.2404,0.046,0.7136
SPADES NINE HEARTS KING,0.2716,0.0322,0.6962
SPADES NINE HEARTS ACE,0.2678,0.0222,0.71
CLUBS TEN SPADES JACK,0.3188,0.0148,0.6664
CLUBS TEN SPADES TEN,0.1662,0.04,0.7938
SPADES ACE CLUBS TEN,0.3538,0.0058,0.6404
CLUBS TEN SPADES KING,0.3572,0.0058,0.637
CLUBS TEN SPADES QUEEN,0.3366,0.011,0.6524
SPADES FIVE HEARTS QUEEN,0.4084,0.0128,0.5788
SPADES FIVE HEARTS KING,0.433,0.007,0.56
HEARTS ACE SPADES FIVE,0.4256,0.0042,0.5702
CLUBS EIGHT SPADES TEN,0.366,0.0234,0.6106
HEARTS THREE SPADES JACK,0.4384,0.0214,0.5402
SPADES JACK DIAMONDS KING,0.3628,0.006,0.6312
SPADES TEN DIAMONDS KING,0.3562,0.0052,0.6386
HEARTS THREE SPADES TEN,0.4334,0.0256,0.541
SPADES JACK CLUBS EIGHT,0.3682,0.0182,0.6136
CLUBS SIX HEARTS ACE,0.4136,0.0046,0.5818
SPADES ACE CLUBS EIGHT,0.3852,0.004,0.6108
CLUBS JACK HEARTS FIVE,0.4194,0.0178,0.5628
CLUBS TEN HEARTS FIVE,0.4096,0.0308,0.5596
CLUBS SIX HEARTS QUEEN,0.417,0.0126,0.5704
SPADES QUEEN CLUBS EIGHT,0.3824,0.0086,0.609
CLUBS TEN SPADES THREE,0.4136,0.02,0.5664
CLUBS SIX HEARTS KING,0.4152,0.0056,0.5792
SPADES KING CLUBS EIGHT,0.3812,0.0058,0.613
CLUBS JACK SPADES THREE,0.4178,0.0194,0.5628
DIAMONDS TWO HEARTS JACK,0.4422,0.0146,0.5432
SPADES THREE CLUBS QUEEN,0.427,0.012,0.561
DIAMONDS TWO HEARTS TEN,0.4408,0.022,0.5372
SPADES THREE CLUBS KING,0.4192,0.007,0.5738
HEARTS FIVE CLUBS ACE,0.409,0.004,0.587
SPADES FIVE HEARTS TEN,0.4292,0.0248,0.546
SPADES THREE CLUBS ACE,0.4236,0.0036,0.5728
HEARTS FIVE CLUBS KING,0.4176,0.008,0.5744
SPADES FIVE HEARTS JACK,0.4224,0.021,0.5566
HEARTS FIVE CLUBS QUEEN,0.4388,0.01,0.5512
HEARTS THREE CLUBS KING,0.4284,0.0072,0.5644
DIAMONDS KING CLUBS KING,0.167,0.0134,0.8196
HEARTS THREE CLUBS QUEEN,0.4286,0.0144,0.557
DIAMONDS KING CLUBS QUEEN,0.3532,0.0056,0.6412
HEARTS FIVE HEARTS JACK,0.3906,0.0158,0.5936
HEARTS FIVE HEARTS TEN,0.4104,0.0272,0.5624
HEARTS THREE CLUBS ACE,0.4316,0.0046,0.5638
DIAMONDS KING CLUBS ACE,0.359,0.0046,0.6364
SPADES ACE CLUBS QUEEN,0.3598,0.0034,0.6368
SPADES KING CLUBS QUEEN,0.3552,0.0054,0.6394
CLUBS JACK HEARTS THREE,0.4262,0.0194,0.5544
CLUBS JACK DIAMONDS KING,0.3466,0.0062,0.6472
SPADES QUEEN CLUBS QUEEN,0.172,0.0254,0.8026
CLUBS TEN HEARTS THREE,0.4198,0.0248,0.5554
CLUBS TEN DIAMONDS KING,0.3372,0.007,0.6558
SPADES JACK CLUBS QUEEN,0.3384,0.0102,0.6514
CLUBS SIX CLUBS QUEEN,0.4076,0.0096,0.5828
SPADES TEN CLUBS QUEEN,0.3484,0.0086,0.643
CLUBS SIX CLUBS KING,0.4048,0.0064,0.5888
CLUBS SIX CLUBS ACE,0.4026,0.0044,0.593
HEARTS FIVE HEARTS KING,0.401,0.0068,0.5922
HEARTS FIVE HEARTS QUEEN,0.3984,0.015,0.5866
CLUBS TEN CLUBS SIX,0.401,0.0222,0.5768
HEARTS FIVE HEARTS ACE,0.3858,0.0032,0.611
CLUBS JACK CLUBS SIX,0.3952,0.0202,0.5846
SPADES SEVEN HEARTS JACK,0.2696,0.0578,0.6726
SPADES SEVEN HEARTS TEN,0.2412,0.073,0.6858
DIAMONDS TWO CLUBS TWO,0.4338,0.0776,0.4886
DIAMONDS TWO CLUBS THREE,0.6254,0.0448,0.3298
HEARTS SIX DIAMONDS TWO,0.6486,0.0414,0.31
DIAMONDS TWO HEARTS QUEEN,0.4306,0.0126,0.5568
DIAMONDS TWO HEARTS KING,0.4234,0.0096,0.567
DIAMONDS TWO HEARTS EIGHT,0.6424,0.039,0.3186
DIAMONDS TWO HEARTS ACE,0.4262,0.0036,0.5702
DIAMONDS TWO HEARTS NINE,0.48,0.2986,0.2214
DIAMONDS TWO DIAMONDS QUEEN,0.4094,0.01,0.5806
DIAMONDS TWO HEARTS TWO,0.4312,0.0698,0.499
DIAMONDS TWO DIAMONDS KING,0.3988,0.0078,0.5934
HEARTS THREE DIAMONDS TWO,0.6354,0.0422,0.3224
DIAMONDS TWO DIAMONDS ACE,0.4024,0.003,0.5946
HEARTS FOUR DIAMONDS TWO,0.6232,0.0458,0.331
DIAMONDS TWO HEARTS FIVE,0.6188,0.0424,0.3388
SPADES SEVEN HEARTS ACE,0.2754,0.0218,0.7028
DIAMONDS TWO DIAMONDS TEN,0.4256,0.0234,0.551
SPADES SEVEN HEARTS KING,0.2818,0.0308,0.6874
DIAMONDS TWO DIAMONDS JACK,0.4048,0.0178,0.5774
SPADES SEVEN HEARTS QUEEN,0.2694,0.0408,0.6898
DIAMONDS TWO SPADES NINE,0.496,0.2984,0.2056
DIAMONDS TWO SPADES EIGHT,0.6512,0.0386,0.3102
DIAMONDS TWO SPADES SEVEN,0.6766,0.1078,0.2156
DIAMONDS TWO SPADES SIX,0.6352,0.0468,0.318
DIAMONDS TWO SPADES FIVE,0.621,0.0366,0.3424
DIAMONDS TWO SPADES FOUR,0.6342,0.042,0.3238
DIAMONDS TWO SPADES THREE,0.6318,0.042,0.3262
DIAMONDS TWO SPADES TWO,0.4176,0.067,0.5154
DIAMONDS TWO CLUBS EIGHT,0.6382,0.0416,0.3202
CLUBS SEVEN DIAMONDS TWO,0.6788,0.1118,0.2094
DIAMONDS TWO CLUBS SIX,0.6474,0.043,0.3096
DIAMONDS TWO CLUBS FIVE,0.6278,0.0464,0.3258
DIAMONDS TWO CLUBS FOUR,0.623,0.0458,0.3312
CLUBS FOUR SPADES FIVE,0.6162,0.0424,0.3414
CLUBS FOUR SPADES FOUR,0.4226,0.0728,0.5046
CLUBS FOUR SPADES THREE,0.61,0.0464,0.3436
CLUBS FOUR SPADES TWO,0.6152,0.041,0.3438
SPADES NINE CLUBS FOUR,0.4872,0.3068,0.206
SPADES EIGHT CLUBS FOUR,0.6378,0.0378,0.3244
SPADES SEVEN CLUBS FOUR,0.663,0.106,0.231
CLUBS FOUR SPADES SIX,0.6122,0.043,0.3448
SPADES ACE DIAMONDS SIX,0.426,0.0026,0.5714
SPADES QUEEN DIAMONDS SIX,0.421,0.0104,0.5686
SPADES KING DIAMONDS SIX,0.4188,0.0046,0.5766
SPADES TEN DIAMONDS SIX,0.413,0.024,0.563
SPADES JACK DIAMONDS SIX,0.424,0.0178,0.5582
SPADES QUEEN SPADES TWO,0.4108,0.01,0.5792
SPADES KING SPADES TWO,0.4088,0.0068,0.5844
SPADES ACE SPADES TWO,0.3992,0.0044,0.5964
CLUBS JACK DIAMONDS JACK,0.165,0.0262,0.8088
CLUBS TEN DIAMONDS JACK,0.3454,0.0134,0.6412
DIAMONDS JACK CLUBS KING,0.3456,0.0084,0.646
DIAMONDS JACK CLUBS QUEEN,0.3502,0.0106,0.6392
DIAMONDS THREE DIAMONDS JACK,0.4006,0.0152,0.5842
DIAMONDS THREE DIAMONDS TEN,0.405,0.0298,0.5652
DIAMONDS JACK CLUBS ACE,0.3534,0.0026,0.644
DIAMONDS THREE DIAMONDS KING,0.4038,0.0062,0.59
HEARTS THREE DIAMONDS THREE,0.4314,0.0666,0.502
DIAMONDS THREE DIAMONDS QUEEN,0.3956,0.0116,0.5928
DIAMONDS THREE HEARTS TWO,0.6352,0.0452,0.3196
HEARTS FIVE DIAMONDS THREE,0.5984,0.0468,0.3548
DIAMONDS THREE DIAMONDS ACE,0.3956,0.0038,0.6006
HEARTS FOUR DIAMONDS THREE,0.6148,0.042,0.3432
SPADES TEN SPADES NINE,0.2342,0.0662,0.6996
HEARTS SIX DIAMONDS THREE,0.6338,0.0428,0.3234
SPADES JACK SPADES NINE,0.2446,0.0518,0.7036
DIAMONDS THREE HEARTS NINE,0.4844,0.291,0.2246
HEARTS JACK DIAMONDS FOUR,0.4276,0.0148,0.5576
HEARTS ACE HEARTS KING,0.3416,0.0034,0.655
SPADES TEN SPADES TWO,0.41,0.0262,0.5638
DIAMONDS THREE HEARTS EIGHT,0.6264,0.0426,0.331
HEARTS TEN DIAMONDS FOUR,0.4268,0.0266,0.5466
SPADES JACK SPADES TWO,0.4126,0.0146,0.5728
HEARTS QUEEN DIAMONDS FOUR,0.4244,0.0146,0.561
HEARTS KING DIAMONDS FOUR,0.422,0.0076,0.5704
SPADES ACE SPADES NINE,0.2472,0.0226,0.7302
HEARTS ACE DIAMONDS FOUR,0.4296,0.0058,0.5646
SPADES KING SPADES NINE,0.2538,0.0344,0.7118
SPADES QUEEN SPADES NINE,0.233,0.0456,0.7214
DIAMONDS THREE SPADES NINE,0.4916,0.2894,0.219
DIAMONDS THREE SPADES EIGHT,0.6336,0.0384,0.328
DIAMONDS THREE SPADES SEVEN,0.6586,0.1052,0.2362
DIAMONDS THREE SPADES SIX,0.6228,0.0332,0.344
DIAMONDS THREE CLUBS SIX,0.6482,0.0404,0.3114
CLUBS FIVE CLUBS SIX,0.5856,0.041,0.3734
CLUBS ACE DIAMONDS FOUR,0.4176,0.0052,0.5772
CLUBS SEVEN DIAMONDS THREE,0.6584,0.1182,0.2234
CLUBS SEVEN CLUBS FIVE,0.614,0.0998,0.2862
DIAMONDS THREE CLUBS FOUR,0.6194,0.0454,0.3352
DIAMONDS FOUR CLUBS QUEEN,0.4358,0.0098,0.5544
DIAMONDS THREE CLUBS FIVE,0.6138,0.0428,0.3434
DIAMONDS FOUR CLUBS KING,0.4322,0.007,0.5608
DIAMONDS THREE CLUBS TWO,0.6264,0.0374,0.3362
CLUBS TEN DIAMONDS FOUR,0.4324,0.0294,0.5382
DIAMONDS THREE CLUBS THREE,0.4368,0.0664,0.4968
CLUBS JACK DIAMONDS FOUR,0.433,0.0172,0.5498
DIAMONDS THREE SPADES FOUR,0.606,0.0392,0.3548
DIAMONDS THREE SPADES FIVE,0.6,0.0454,0.3546
DIAMONDS THREE SPADES TWO,0.6222,0.043,0.3348
DIAMONDS THREE SPADES THREE,0.4322,0.0584,0.5094
CLUBS EIGHT DIAMONDS THREE,0.65,0.0384,0.3116
SPADES SEVEN CLUBS ACE,0.2656,0.0222,0.7122
SPADES SEVEN CLUBS QUEEN,0.2786,0.0418,0.6796
SPADES SEVEN CLUBS KING,0.2706,0.0368,0.6926
CLUBS FIVE SPADES SEVEN,0.6352,0.112,0.2528
CLUBS TEN SPADES SEVEN,0.2446,0.0766,0.6788
CLUBS FIVE SPADES SIX,0.6074,0.0426,0.35
CLUBS JACK SPADES SEVEN,0.2636,0.061,0.6754
CLUBS FIVE SPADES NINE,0.4894,0.3004,0.2102
CLUBS FIVE SPADES EIGHT,0.614,0.0462,0.3398
CLUBS FIVE SPADES THREE,0.6038,0.0428,0.3534
CLUBS FIVE SPADES TWO,0.6302,0.043,0.3268
CLUBS FIVE SPADES FIVE,0.4218,0.0662,0.512
CLUBS FIVE SPADES FOUR,0.6054,0.0444,0.3502
CLUBS EIGHT CLUBS FIVE,0.5896,0.0376,0.3728
CLUBS ACE CLUBS QUEEN,0.3368,0.0046,0.6586
CLUBS KING CLUBS QUEEN,0.3362,0.0064,0.6574
DIAMONDS TEN DIAMONDS FOUR,0.405,0.0292,0.5658
CLUBS TEN DIAMONDS NINE,0.2358,0.0764,0.6878
DIAMONDS JACK DIAMONDS FOUR,0.407,0.0144,0.5786
CLUBS JACK DIAMONDS NINE,0.2524,0.0578,0.6898
CLUBS JACK SPADES NINE,0.256,0.062,0.682
CLUBS TEN SPADES NINE,0.247,0.0768,0.6762
DIAMONDS ACE DIAMONDS FOUR,0.3972,0.0034,0.5994
HEARTS FOUR DIAMONDS FOUR,0.4438,0.068,0.4882
DIAMONDS JACK HEARTS TEN,0.323,0.0124,0.6646
SPADES NINE CLUBS KING,0.2766,0.0338,0.6896
DIAMONDS TWO SPADES TEN,0.4374,0.0264,0.5362
DIAMONDS NINE CLUBS ACE,0.2676,0.0222,0.7102
HEARTS FIVE DIAMONDS FOUR,0.591,0.0428,0.3662
DIAMONDS JACK HEARTS JACK,0.1644,0.0278,0.8078
SPADES NINE CLUBS QUEEN,0.249,0.0446,0.7064
DIAMONDS TWO SPADES JACK,0.4294,0.0172,0.5534
DIAMONDS QUEEN DIAMONDS FOUR,0.4028,0.0102,0.587
HEARTS TWO DIAMONDS FOUR,0.6392,0.0402,0.3206
DIAMONDS NINE CLUBS QUEEN,0.246,0.0444,0.7096
DIAMONDS KING DIAMONDS FOUR,0.4266,0.0068,0.5666
HEARTS THREE DIAMONDS FOUR,0.6098,0.0436,0.3466
SPADES NINE CLUBS ACE,0.2616,0.0216,0.7168
DIAMONDS NINE CLUBS KING,0.2728,0.0322,0.695
HEARTS ACE DIAMONDS JACK,0.3508,0.0032,0.646
SPADES ACE DIAMONDS TWO,0.4214,0.0044,0.5742
HEARTS QUEEN DIAMONDS JACK,0.3432,0.0094,0.6474
SPADES QUEEN DIAMONDS TWO,0.4208,0.0118,0.5674
DIAMONDS JACK HEARTS KING,0.3528,0.006,0.6412
SPADES KING DIAMONDS TWO,0.4392,0.0056,0.5552
SPADES JACK SPADES SEVEN,0.253,0.0558,0.6912
SPADES TEN SPADES SEVEN,0.238,0.0736,0.6884
CLUBS SEVEN CLUBS THREE,0.6312,0.1084,0.2604
CLUBS SIX CLUBS THREE,0.6164,0.0428,0.3408
CLUBS FIVE CLUBS THREE,0.5998,0.0404,0.3598
CLUBS THREE CLUBS FOUR,0.5874,0.0376,0.375
CLUBS EIGHT CLUBS THREE,0.602,0.0424,0.3556
CLUBS THREE SPADES FIVE,0.609,0.0436,0.3474
CLUBS THREE SPADES FOUR,0.6158,0.043,0.3412
CLUBS THREE SPADES THREE,0.4184,0.0656,0.516
CLUBS THREE SPADES TWO,0.6208,0.0394,0.3398
CLUBS THREE SPADES SIX,0.6338,0.0442,0.322
CLUBS THREE SPADES SEVEN,0.6586,0.1084,0.233
SPADES EIGHT CLUBS THREE,0.6486,0.0374,0.314
SPADES NINE CLUBS THREE,0.4956,0.2958,0.2086
SPADES TWO DIAMONDS FOUR,0.622,0.0448,0.3332
SPADES THREE DIAMONDS FOUR,0.608,0.0432,0.3488
SPADES FOUR DIAMONDS FOUR,0.408,0.0678,0.5242
SPADES FIVE DIAMONDS FOUR,0.5956,0.0454,0.359
SPADES SIX DIAMONDS FOUR,0.6164,0.0412,0.3424
SPADES SEVEN DIAMONDS FOUR,0.664,0.1034,0.2326
SPADES EIGHT DIAMONDS FOUR,0.6402,0.042,0.3178
SPADES NINE DIAMONDS FOUR,0.49,0.2904,0.2196
CLUBS FIVE DIAMONDS FOUR,0.5958,0.0438,0.3604
CLUBS FOUR DIAMONDS FOUR,0.4354,0.068,0.4966
CLUBS SEVEN DIAMONDS FOUR,0.6618,0.109,0.2292
CLUBS SIX DIAMONDS FOUR,0.6184,0.0384,0.3432
CLUBS EIGHT DIAMONDS FOUR,0.6328,0.0452,0.322
HEARTS SIX DIAMONDS FOUR,0.6224,0.0446,0.333
DIAMONDS FOUR HEARTS NINE,0.4842,0.2936,0.2222
DIAMONDS FOUR HEARTS EIGHT,0.62,0.045,0.335
CLUBS THREE DIAMONDS FOUR,0.612,0.0422,0.3458
CLUBS TWO DIAMONDS FOUR,0.6288,0.0464,0.3248
DIAMONDS TEN DIAMONDS FIVE,0.4042,0.0242,0.5716
DIAMONDS JACK DIAMONDS FIVE,0.4028,0.017,0.5802
DIAMONDS NINE HEARTS QUEEN,0.2548,0.0442,0.701
DIAMONDS NINE HEARTS KING,0.2592,0.034,0.7068
HEARTS ACE DIAMONDS NINE,0.2742,0.0248,0.701
DIAMONDS NINE HEARTS TEN,0.2434,0.073,0.6836
DIAMONDS NINE HEARTS JACK,0.2584,0.054,0.6876
CLUBS KING DIAMONDS SIX,0.414,0.0074,0.5786
CLUBS QUEEN DIAMONDS SIX,0.4016,0.0098,0.5886
CLUBS ACE DIAMONDS SIX,0.4004,0.0038,0.5958
SPADES KING DIAMONDS FOUR,0.4294,0.0058,0.5648
SPADES ACE SPADES SEVEN,0.251,0.019,0.73
SPADES QUEEN DIAMONDS FOUR,0.416,0.0108,0.5732
SPADES QUEEN SPADES SEVEN,0.2704,0.0312,0.6984
CLUBS JACK DIAMONDS SIX,0.414,0.0162,0.5698
SPADES KING SPADES SEVEN,0.2576,0.0348,0.7076
SPADES ACE DIAMONDS FOUR,0.4208,0.002,0.5772
CLUBS TEN DIAMONDS SIX,0.4086,0.0244,0.567
CLUBS EIGHT CLUBS FOUR,0.6048,0.0398,0.3554
SPADES JACK DIAMONDS FOUR,0.428,0.0162,0.5558
SPADES TEN DIAMONDS FOUR,0.4366,0.0274,0.536
CLUBS FIVE CLUBS FOUR,0.5626,0.0416,0.3958
CLUBS SEVEN CLUBS FOUR,0.6162,0.1074,0.2764
CLUBS SIX CLUBS FOUR,0.6028,0.0386,0.3586
CLUBS SEVEN SPADES EIGHT,0.6464,0.1054,0.2482
CLUBS SEVEN SPADES NINE,0.0172,0.9706,0.0122
CLUBS SEVEN SPADES SIX,0.644,0.1056,0.2504
CLUBS SEVEN SPADES SEVEN,0.3192,0.0604,0.6204
CLUBS SEVEN SPADES FIVE,0.6242,0.1144,0.2614
CLUBS SEVEN SPADES FOUR,0.659,0.1122,0.2288
CLUBS SEVEN SPADES THREE,0.6516,0.109,0.2394
CLUBS SEVEN SPADES TWO,0.6836,0.1056,0.2108
CLUBS SEVEN CLUBS EIGHT,0.601,0.1064,0.2926
HEARTS SIX DIAMONDS FIVE,0.5988,0.0428,0.3584
DIAMONDS FIVE HEARTS EIGHT,0.61,0.0422,0.3478
DIAMONDS FIVE HEARTS NINE,0.4816,0.2904,0.228
DIAMONDS QUEEN DIAMONDS FIVE,0.3954,0.0122,0.5924
HEARTS TWO DIAMONDS FIVE,0.6208,0.0428,0.3364
HEARTS KING HEARTS EIGHT,0.3692,0.0062,0.6246
DIAMONDS KING DIAMONDS FIVE,0.3938,0.006,0.6002
HEARTS THREE DIAMONDS FIVE,0.6154,0.0428,0.3418
HEARTS QUEEN HEARTS EIGHT,0.3746,0.0096,0.6158
DIAMONDS ACE DIAMONDS FIVE,0.3934,0.004,0.6026
HEARTS FOUR DIAMONDS FIVE,0.6068,0.0368,0.3564
HEARTS FIVE DIAMONDS FIVE,0.419,0.0654,0.5156
HEARTS ACE HEARTS EIGHT,0.3698,0.0052,0.625
CLUBS FOUR DIAMONDS FIVE,0.6066,0.0392,0.3542
CLUBS FIVE DIAMONDS FIVE,0.4164,0.065,0.5186
CLUBS SIX DIAMONDS FIVE,0.6082,0.0408,0.351
CLUBS SEVEN DIAMONDS FIVE,0.6424,0.1134,0.2442
CLUBS TWO DIAMONDS FIVE,0.634,0.0438,0.3222
CLUBS THREE DIAMONDS FIVE,0.616,0.0416,0.3424
SPADES THREE DIAMONDS FIVE,0.6176,0.0424,0.34
SPADES TWO DIAMONDS FIVE,0.6296,0.043,0.3274
SPADES JACK DIAMONDS EIGHT,0.3774,0.0152,0.6074
SPADES FIVE DIAMONDS FIVE,0.4078,0.0662,0.526
CLUBS TEN HEARTS JACK,0.3248,0.0168,0.6584
SPADES TEN DIAMONDS EIGHT,0.3682,0.0192,0.6126
SPADES FOUR DIAMONDS FIVE,0.6108,0.0418,0.3474
CLUBS JACK HEARTS JACK,0.155,0.0298,0.8152
HEARTS JACK CLUBS QUEEN,0.3356,0.008,0.6564
HEARTS JACK CLUBS KING,0.341,0.0074,0.6516
CLUBS EIGHT DIAMONDS FIVE,0.6082,0.0398,0.352
CLUBS ACE HEARTS JACK,0.3636,0.0048,0.6316
SPADES SEVEN DIAMONDS FIVE,0.6394,0.1088,0.2518
SPADES KING DIAMONDS EIGHT,0.4046,0.0078,0.5876
SPADES QUEEN DIAMONDS EIGHT,0.3884,0.0104,0.6012
SPADES SIX DIAMONDS FIVE,0.6066,0.0418,0.3516
SPADES NINE DIAMONDS FIVE,0.4912,0.2876,0.2212
SPADES EIGHT DIAMONDS FIVE,0.6066,0.0398,0.3536
SPADES ACE DIAMONDS EIGHT,0.3884,0.0028,0.6088
DIAMONDS TEN DIAMONDS SIX,0.3718,0.026,0.6022
HEARTS ACE DIAMONDS SEVEN,0.2754,0.0216,0.703
DIAMONDS JACK DIAMONDS SIX,0.3866,0.0184,0.595
HEARTS QUEEN DIAMONDS SEVEN,0.2786,0.047,0.6744
HEARTS KING DIAMONDS SEVEN,0.2744,0.0364,0.6892
DIAMONDS ACE DIAMONDS SIX,0.3902,0.0042,0.6056
HEARTS FOUR DIAMONDS SIX,0.6238,0.0414,0.3348
SPADES TWO HEARTS JACK,0.4258,0.0154,0.5588
HEARTS FIVE DIAMONDS SIX,0.6044,0.046,0.3496
SPADES TWO HEARTS TEN,0.425,0.0282,0.5468
DIAMONDS QUEEN DIAMONDS SIX,0.3932,0.0098,0.597
HEARTS TWO DIAMONDS SIX,0.6518,0.0418,0.3064
DIAMONDS KING DIAMONDS SIX,0.3974,0.0048,0.5978
HEARTS THREE DIAMONDS SIX,0.639,0.04,0.321
HEARTS EIGHT DIAMONDS SIX,0.5848,0.0444,0.3708
HEARTS NINE DIAMONDS SIX,0.4886,0.2906,0.2208
HEARTS SIX DIAMONDS SIX,0.4072,0.0586,0.5342
HEARTS TEN DIAMONDS SEVEN,0.2434,0.0776,0.679
CLUBS TWO DIAMONDS SIX,0.651,0.042,0.307
HEARTS JACK DIAMONDS SEVEN,0.271,0.0508,0.6782
CLUBS THREE DIAMONDS SIX,0.6192,0.0406,0.3402
CLUBS SEVEN DIAMONDS SIX,0.6302,0.105,0.2648
CLUBS JACK DIAMONDS EIGHT,0.3678,0.013,0.6192
CLUBS SIX DIAMONDS SIX,0.4048,0.0694,0.5258
CLUBS TEN DIAMONDS EIGHT,0.3586,0.0224,0.619
CLUBS FIVE DIAMONDS SIX,0.6102,0.043,0.3468
CLUBS FOUR DIAMONDS SIX,0.6282,0.0396,0.3322
HEARTS ACE HEARTS JACK,0.3534,0.004,0.6426
DIAMONDS EIGHT CLUBS ACE,0.3778,0.0042,0.618
HEARTS QUEEN HEARTS JACK,0.328,0.0098,0.6622
DIAMONDS EIGHT CLUBS KING,0.3912,0.0042,0.6046
HEARTS KING HEARTS JACK,0.3378,0.0062,0.656
DIAMONDS EIGHT CLUBS QUEEN,0.3774,0.0108,0.6118
CLUBS EIGHT DIAMONDS SIX,0.6176,0.0406,0.3418
SPADES TEN HEARTS KING,0.3286,0.0074,0.664
SPADES FIVE DIAMONDS SIX,0.5992,0.0408,0.36
HEARTS ACE SPADES TWO,0.4138,0.0044,0.5818
SPADES JACK HEARTS KING,0.3476,0.006,0.6464
SPADES FOUR DIAMONDS SIX,0.6236,0.042,0.3344
SPADES THREE DIAMONDS SIX,0.6368,0.0438,0.3194
HEARTS QUEEN SPADES TWO,0.4326,0.011,0.5564
SPADES ACE SPADES KING,0.3392,0.0036,0.6572
HEARTS KING SPADES TWO,0.4316,0.0088,0.5596
SPADES TWO DIAMONDS SIX,0.644,0.0378,0.3182
HEARTS TEN HEARTS EIGHT,0.3414,0.0264,0.6322
SPADES NINE DIAMONDS SIX,0.483,0.3044,0.2126
HEARTS JACK HEARTS EIGHT,0.3594,0.0182,0.6224
SPADES EIGHT DIAMONDS SIX,0.6034,0.0386,0.358
SPADES SEVEN DIAMONDS SIX,0.6298,0.1014,0.2688
SPADES SIX DIAMONDS SIX,0.3972,0.0654,0.5374
SPADES KING HEARTS KING,0.1728,0.0104,0.8168
SPADES QUEEN HEARTS KING,0.3492,0.0054,0.6454
CLUBS ACE CLUBS KING,0.3542,0.0056,0.6402
SPADES ACE HEARTS KING,0.349,0.0038,0.6472
SPADES ACE HEARTS JACK,0.3574,0.0032,0.6394
SPADES QUEEN HEARTS JACK,0.3436,0.0088,0.6476
SPADES KING HEARTS JACK,0.3506,0.0072,0.6422
SPADES TEN DIAMONDS TEN,0.1644,0.0358,0.7998
SPADES JACK DIAMONDS TEN,0.331,0.0162,0.6528
SPADES ACE DIAMONDS TEN,0.3616,0.0018,0.6366
SPADES JACK HEARTS JACK,0.1684,0.0274,0.8042
SPADES TEN HEARTS JACK,0.3364,0.013,0.6506
SPADES QUEEN DIAMONDS TEN,0.3324,0.0104,0.6572
SPADES KING DIAMONDS TEN,0.3582,0.0086,0.6332
SPADES NINE DIAMONDS SEVEN,0.0216,0.9602,0.0182
SPADES EIGHT DIAMONDS SEVEN,0.63,0.1134,0.2566
SPADES SEVEN DIAMONDS SEVEN,0.295,0.0546,0.6504
SPADES SIX DIAMONDS SEVEN,0.6438,0.1068,0.2494
DIAMONDS KING DIAMONDS SEVEN,0.261,0.0308,0.7082
HEARTS THREE DIAMONDS SEVEN,0.6608,0.1072,0.232
HEARTS KING DIAMONDS FIVE,0.421,0.0092,0.5698
DIAMONDS QUEEN DIAMONDS SEVEN,0.2612,0.0404,0.6984
HEARTS TWO DIAMONDS SEVEN,0.691,0.1092,0.1998
HEARTS QUEEN DIAMONDS FIVE,0.4176,0.0116,0.5708
HEARTS FIVE DIAMONDS SEVEN,0.641,0.1112,0.2478
DIAMONDS ACE DIAMONDS SEVEN,0.2576,0.0192,0.7232
HEARTS FOUR DIAMONDS SEVEN,0.652,0.1162,0.2318
HEARTS ACE DIAMONDS FIVE,0.4194,0.0054,0.5752
HEARTS SIX DIAMONDS SEVEN,0.6346,0.1028,0.2626
DIAMONDS SEVEN HEARTS NINE,0.0086,0.973,0.0184
HEARTS EIGHT DIAMONDS SEVEN,0.6448,0.1024,0.2528
DIAMONDS JACK DIAMONDS SEVEN,0.2624,0.0554,0.6822
DIAMONDS FIVE HEARTS JACK,0.424,0.0142,0.5618
DIAMONDS TEN DIAMONDS SEVEN,0.242,0.0716,0.6864
HEARTS TEN DIAMONDS FIVE,0.4214,0.0276,0.551
SPADES KING CLUBS TWO,0.4232,0.0074,0.5694
HEARTS KING CLUBS KING,0.172,0.0156,0.8124
CLUBS EIGHT DIAMONDS SEVEN,0.6486,0.0982,0.2532
SPADES QUEEN CLUBS TWO,0.4466,0.009,0.5444
HEARTS KING CLUBS QUEEN,0.3388,0.006,0.6552
CLUBS JACK SPADES TWO,0.425,0.0182,0.5568
SPADES ACE CLUBS TWO,0.432,0.0036,0.5644
CLUBS TEN SPADES TWO,0.4152,0.0256,0.5592
HEARTS KING CLUBS ACE,0.3596,0.0054,0.635
CLUBS SEVEN CLUBS SIX,0.6172,0.1012,0.2816
SPADES TWO CLUBS KING,0.4252,0.0094,0.5654
SPADES TWO DIAMONDS SEVEN,0.6688,0.1068,0.2244
CLUBS EIGHT CLUBS SIX,0.5802,0.0396,0.3802
SPADES THREE DIAMONDS SEVEN,0.6556,0.1094,0.235
SPADES TWO CLUBS QUEEN,0.424,0.013,0.563
SPADES FOUR DIAMONDS SEVEN,0.6644,0.095,0.2406
CLUBS JACK HEARTS KING,0.3518,0.0082,0.64
SPADES FIVE DIAMONDS SEVEN,0.6354,0.1066,0.258
SPADES TWO CLUBS ACE,0.415,0.0048,0.5802
CLUBS TEN HEARTS KING,0.3394,0.009,0.6516
CLUBS SIX SPADES TWO,0.6484,0.042,0.3096
CLUBS SIX SPADES THREE,0.6374,0.0454,0.3172
CLUBS TWO DIAMONDS SEVEN,0.6712,0.1074,0.2214
CLUBS SIX SPADES FOUR,0.6202,0.0418,0.338
CLUBS THREE DIAMONDS SEVEN,0.6516,0.1108,0.2376
CLUBS SIX SPADES FIVE,0.613,0.0414,0.3456
CLUBS FOUR DIAMONDS SEVEN,0.6724,0.1036,0.224
CLUBS SIX SPADES SIX,0.3998,0.0662,0.534
CLUBS FIVE DIAMONDS SEVEN,0.6432,0.108,0.2488
CLUBS SIX SPADES SEVEN,0.6362,0.1078,0.256
CLUBS SIX DIAMONDS SEVEN,0.6458,0.1054,0.2488
CLUBS SIX SPADES EIGHT,0.6112,0.0444,0.3444
SPADES JACK CLUBS TWO,0.4486,0.0172,0.5342
CLUBS SEVEN DIAMONDS SEVEN,0.3054,0.0602,0.6344
SPADES NINE CLUBS SIX,0.4934,0.2882,0.2184
SPADES TEN CLUBS TWO,0.4508,0.0278,0.5214
CLUBS TWO CLUBS QUEEN,0.4028,0.0138,0.5834
CLUBS TWO CLUBS KING,0.4126,0.0096,0.5778
CLUBS THREE DIAMONDS EIGHT,0.6412,0.0418,0.317
CLUBS TWO CLUBS ACE,0.4086,0.0036,0.5878
CLUBS TWO DIAMONDS EIGHT,0.641,0.0408,0.3182
HEARTS SIX DIAMONDS EIGHT,0.6064,0.041,0.3526
DIAMONDS EIGHT HEARTS NINE,0.2128,0.237,0.5502
CLUBS TEN CLUBS TWO,0.416,0.0254,0.5586
DIAMONDS EIGHT HEARTS EIGHT,0.2628,0.0592,0.678
CLUBS JACK CLUBS TWO,0.413,0.0166,0.5704
CLUBS EIGHT DIAMONDS EIGHT,0.277,0.0614,0.6616
CLUBS FIVE DIAMONDS EIGHT,0.617,0.041,0.342
SPADES ACE SPADES THREE,0.3858,0.0056,0.6086
CLUBS FOUR DIAMONDS EIGHT,0.6268,0.041,0.3322
CLUBS SEVEN DIAMONDS EIGHT,0.65,0.1054,0.2446
SPADES QUEEN SPADES THREE,0.4102,0.0116,0.5782
CLUBS SIX DIAMONDS EIGHT,0.6196,0.0352,0.3452
SPADES KING SPADES THREE,0.3976,0.006,0.5964
DIAMONDS QUEEN DIAMONDS EIGHT,0.3614,0.0092,0.6294
HEARTS TWO DIAMONDS EIGHT,0.6442,0.0438,0.312
DIAMONDS KING DIAMONDS EIGHT,0.365,0.0084,0.6266
HEARTS THREE DIAMONDS EIGHT,0.6492,0.0424,0.3084
DIAMONDS ACE DIAMONDS EIGHT,0.3704,0.004,0.6256
HEARTS FOUR DIAMONDS EIGHT,0.6336,0.04,0.3264
HEARTS FIVE DIAMONDS EIGHT,0.6202,0.047,0.3328
DIAMONDS EIGHT DIAMONDS TEN,0.3414,0.0224,0.6362
DIAMONDS EIGHT DIAMONDS JACK,0.3362,0.015,0.6488
SPADES JACK SPADES THREE,0.4092,0.016,0.5748
SPADES TEN SPADES THREE,0.3996,0.0276,0.5728
CLUBS FOUR HEARTS ACE,0.4258,0.0036,0.5706
CLUBS FOUR HEARTS QUEEN,0.426,0.0106,0.5634
CLUBS FOUR HEARTS KING,0.4378,0.0062,0.556
CLUBS SIX HEARTS TEN,0.4066,0.03,0.5634
CLUBS SIX HEARTS JACK,0.418,0.018,0.564
DIAMONDS EIGHT SPADES FOUR,0.6386,0.0404,0.321
SPADES FIVE DIAMONDS EIGHT,0.6064,0.0438,0.3498
DIAMONDS EIGHT SPADES TWO,0.627,0.0382,0.3348
DIAMONDS EIGHT SPADES THREE,0.6422,0.0442,0.3136
CLUBS FOUR HEARTS JACK,0.4394,0.0164,0.5442
SPADES EIGHT DIAMONDS EIGHT,0.2712,0.0618,0.667
SPADES TEN DIAMONDS QUEEN,0.342,0.0082,0.6498
SPADES TEN HEARTS TWO,0.4504,0.0266,0.523
SPADES JACK HEARTS EIGHT,0.363,0.015,0.622
CLUBS FOUR HEARTS TEN,0.437,0.0282,0.5348
SPADES NINE DIAMONDS EIGHT,0.227,0.2328,0.5402
SPADES TEN HEARTS EIGHT,0.3532,0.026,0.6208
SPADES JACK HEARTS TWO,0.4418,0.0166,0.5416
SPADES JACK DIAMONDS QUEEN,0.3474,0.0074,0.6452
SPADES SIX DIAMONDS EIGHT,0.598,0.0408,0.3612
SPADES SEVEN DIAMONDS EIGHT,0.6526,0.0998,0.2476
SPADES ACE HEARTS TWO,0.4242,0.0042,0.5716
SPADES ACE DIAMONDS QUEEN,0.3678,0.0032,0.629
SPADES ACE HEARTS EIGHT,0.3842,0.004,0.6118
SPADES KING HEARTS EIGHT,0.3892,0.0066,0.6042
SPADES QUEEN HEARTS TWO,0.4452,0.0106,0.5442
SPADES QUEEN DIAMONDS QUEEN,0.1798,0.0212,0.799
SPADES KING DIAMONDS QUEEN,0.3654,0.006,0.6286
SPADES KING HEARTS TWO,0.4446,0.007,0.5484
SPADES QUEEN HEARTS EIGHT,0.3758,0.0114,0.6128
CLUBS TWO HEARTS TEN,0.4386,0.0282,0.5332
CLUBS TWO HEARTS JACK,0.4308,0.0184,0.5508
SPADES SEVEN DIAMONDS NINE,0.0232,0.9544,0.0224
SPADES SIX DIAMONDS NINE,0.4686,0.3082,0.2232
SPADES NINE DIAMONDS NINE,0.1342,0.0678,0.798
SPADES EIGHT DIAMONDS NINE,0.2232,0.223,0.5538
SPADES TEN CLUBS KING,0.3488,0.0064,0.6448
DIAMONDS NINE SPADES THREE,0.4888,0.2966,0.2146
SPADES JACK CLUBS KING,0.3516,0.0066,0.6418
DIAMONDS NINE SPADES TWO,0.4848,0.2868,0.2284
DIAMONDS NINE SPADES FIVE,0.4654,0.2984,0.2362
DIAMONDS NINE SPADES FOUR,0.4746,0.298,0.2274
CLUBS EIGHT DIAMONDS NINE,0.2262,0.2354,0.5384
CLUBS SIX DIAMONDS NINE,0.4854,0.3074,0.2072
SPADES JACK CLUBS FOUR,0.4472,0.0154,0.5374
CLUBS SEVEN DIAMONDS NINE,0.0148,0.9746,0.0106
SPADES TEN CLUBS FOUR,0.424,0.0268,0.5492
CLUBS FOUR DIAMONDS NINE,0.4944,0.2918,0.2138
CLUBS FIVE DIAMONDS NINE,0.4874,0.2904,0.2222
DIAMONDS NINE CLUBS TWO,0.4902,0.299,0.2108
CLUBS THREE DIAMONDS NINE,0.5022,0.2898,0.208
DIAMONDS NINE HEARTS EIGHT,0.219,0.226,0.555
DIAMONDS NINE HEARTS NINE,0.12,0.064,0.816
HEARTS SIX DIAMONDS NINE,0.4772,0.3018,0.221
DIAMONDS ACE DIAMONDS NINE,0.254,0.0206,0.7254
HEARTS FOUR DIAMONDS NINE,0.4902,0.3006,0.2092
HEARTS FIVE DIAMONDS NINE,0.4752,0.3082,0.2166
HEARTS ACE CLUBS TWO,0.4322,0.0048,0.563
SPADES ACE CLUBS FOUR,0.421,0.0054,0.5736
DIAMONDS QUEEN DIAMONDS NINE,0.2458,0.0446,0.7096
HEARTS TWO DIAMONDS NINE,0.4912,0.3016,0.2072
CLUBS TWO HEARTS KING,0.4306,0.0078,0.5616
SPADES KING CLUBS FOUR,0.4348,0.007,0.5582
DIAMONDS KING DIAMONDS NINE,0.2528,0.0304,0.7168
HEARTS THREE DIAMONDS NINE,0.475,0.3014,0.2236
CLUBS TWO HEARTS QUEEN,0.4248,0.0114,0.5638
SPADES QUEEN CLUBS FOUR,0.4404,0.0146,0.545
DIAMONDS NINE DIAMONDS JACK,0.247,0.0592,0.6938
CLUBS EIGHT SPADES NINE,0.2244,0.2312,0.5444
DIAMONDS NINE DIAMONDS TEN,0.2318,0.0646,0.7036
CLUBS EIGHT SPADES EIGHT,0.2946,0.0552,0.6502
CLUBS EIGHT SPADES SEVEN,0.6586,0.102,0.2394
CLUBS EIGHT SPADES SIX,0.6154,0.0384,0.3462
CLUBS EIGHT SPADES FIVE,0.615,0.0382,0.3468
CLUBS EIGHT SPADES FOUR,0.616,0.0406,0.3434
CLUBS EIGHT SPADES THREE,0.6542,0.0392,0.3066
CLUBS EIGHT SPADES TWO,0.6418,0.0414,0.3168
HEARTS SIX DIAMONDS TEN,0.4192,0.027,0.5538
DIAMONDS TEN HEARTS EIGHT,0.3568,0.0246,0.6186
CLUBS JACK CLUBS FOUR,0.4192,0.0192,0.5616
DIAMONDS TEN HEARTS NINE,0.2404,0.0694,0.6902
CLUBS TEN CLUBS FOUR,0.4254,0.0288,0.5458
CLUBS FOUR CLUBS KING,0.4176,0.0088,0.5736
CLUBS FOUR CLUBS QUEEN,0.4058,0.0128,0.5814
CLUBS TWO DIAMONDS TEN,0.442,0.0276,0.5304
CLUBS THREE DIAMONDS TEN,0.427,0.028,0.545
CLUBS FOUR CLUBS ACE,0.4104,0.0036,0.586
DIAMONDS JACK DIAMONDS TEN,0.3142,0.0138,0.672
DIAMONDS QUEEN DIAMONDS TEN,0.3326,0.009,0.6584
HEARTS TWO DIAMONDS TEN,0.4364,0.025,0.5386
DIAMONDS KING DIAMONDS TEN,0.3426,0.0052,0.6522
HEARTS THREE DIAMONDS TEN,0.4264,0.0278,0.5458
DIAMONDS ACE DIAMONDS TEN,0.3374,0.002,0.6606
HEARTS FOUR DIAMONDS TEN,0.4366,0.0288,0.5346
CLUBS EIGHT HEARTS JACK,0.3602,0.0194,0.6204
HEARTS FIVE DIAMONDS TEN,0.4224,0.024,0.5536
CLUBS EIGHT HEARTS TEN,0.3528,0.0258,0.6214
CLUBS EIGHT HEARTS QUEEN,0.3726,0.0132,0.6142
CLUBS EIGHT HEARTS KING,0.3812,0.0086,0.6102
CLUBS EIGHT HEARTS ACE,0.384,0.004,0.612
CLUBS TEN HEARTS EIGHT,0.36,0.0238,0.6162
CLUBS JACK HEARTS EIGHT,0.3704,0.0116,0.618
HEARTS EIGHT CLUBS QUEEN,0.364,0.0134,0.6226
CLUBS KING HEARTS EIGHT,0.3838,0.009,0.6072
CLUBS ACE HEARTS EIGHT,0.376,0.0066,0.6174
SPADES KING CLUBS KING,0.1796,0.011,0.8094
SPADES QUEEN CLUBS KING,0.3488,0.006,0.6452
SPADES ACE CLUBS KING,0.3592,0.0028,0.638
DIAMONDS ACE HEARTS TEN,0.3622,0.0054,0.6324
HEARTS FOUR HEARTS TEN,0.4088,0.025,0.5662
DIAMONDS ACE HEARTS JACK,0.3586,0.0052,0.6362
HEARTS FOUR HEARTS JACK,0.4212,0.0168,0.562
SPADES KING CLUBS FIVE,0.4366,0.0076,0.5558
SPADES QUEEN CLUBS FIVE,0.4208,0.0108,0.5684
SPADES ACE CLUBS FIVE,0.4154,0.0026,0.582
HEARTS SIX DIAMONDS JACK,0.421,0.0202,0.5588
DIAMONDS JACK HEARTS NINE,0.2504,0.0604,0.6892
DIAMONDS JACK HEARTS EIGHT,0.3712,0.0172,0.6116
DIAMONDS KING DIAMONDS JACK,0.3336,0.0068,0.6596
HEARTS THREE DIAMONDS JACK,0.4222,0.0184,0.5594
SPADES ACE SPADES SIX,0.3948,0.0028,0.6024
HEARTS ACE SPADES FOUR,0.4178,0.0036,0.5786
DIAMONDS QUEEN DIAMONDS JACK,0.3246,0.0094,0.666
HEARTS TWO DIAMONDS JACK,0.4512,0.0174,0.5314
HEARTS FIVE DIAMONDS JACK,0.4194,0.0162,0.5644
SPADES QUEEN SPADES SIX,0.3832,0.0098,0.607
SPADES FOUR HEARTS QUEEN,0.4128,0.0096,0.5776
DIAMONDS ACE DIAMONDS JACK,0.3384,0.0046,0.657
HEARTS FOUR DIAMONDS JACK,0.4294,0.0192,0.5514
SPADES KING SPADES SIX,0.3902,0.0072,0.6026
SPADES FOUR HEARTS KING,0.419,0.0068,0.5742
SPADES TEN SPADES SIX,0.3784,0.0274,0.5942
SPADES JACK SPADES SIX,0.4034,0.012,0.5846
SPADES FOUR DIAMONDS JACK,0.4336,0.019,0.5474
SPADES FIVE DIAMONDS JACK,0.419,0.018,0.563
DIAMONDS JACK SPADES TWO,0.4342,0.017,0.5488
DIAMONDS JACK SPADES THREE,0.4434,0.0154,0.5412
SPADES ACE DIAMONDS THREE,0.422,0.0034,0.5746
SPADES QUEEN DIAMONDS THREE,0.4334,0.0094,0.5572
CLUBS EIGHT DIAMONDS JACK,0.3692,0.019,0.6118
SPADES KING DIAMONDS THREE,0.4336,0.0048,0.5616
CLUBS SIX DIAMONDS JACK,0.4232,0.0156,0.5612
CLUBS SEVEN DIAMONDS JACK,0.2854,0.052,0.6626
CLUBS FOUR DIAMONDS JACK,0.4376,0.015,0.5474
CLUBS FIVE DIAMONDS JACK,0.4194,0.0176,0.563
CLUBS TWO DIAMONDS JACK,0.4372,0.0182,0.5446
CLUBS THREE DIAMONDS JACK,0.436,0.0158,0.5482
SPADES TEN CLUBS FIVE,0.4222,0.0278,0.55
HEARTS SIX SPADES JACK,0.4232,0.0168,0.56
HEARTS SIX SPADES TEN,0.4036,0.0286,0.5678
SPADES JACK CLUBS FIVE,0.425,0.0194,0.5556
SPADES JACK DIAMONDS THREE,0.4444,0.0184,0.5372
CLUBS SEVEN CLUBS ACE,0.266,0.023,0.711
DIAMONDS THREE SPADES TEN,0.434,0.0246,0.5414
CLUBS SEVEN CLUBS QUEEN,0.2654,0.0412,0.6934
CLUBS SEVEN CLUBS KING,0.272,0.035,0.693
SPADES NINE DIAMONDS JACK,0.2662,0.0554,0.6784
CLUBS TEN CLUBS SEVEN,0.254,0.0766,0.6694
DIAMONDS ACE HEARTS ACE,0.1672,0.0028,0.83
HEARTS FOUR HEARTS ACE,0.398,0.0052,0.5968
SPADES EIGHT DIAMONDS JACK,0.3618,0.015,0.6232
SPADES ACE HEARTS SIX,0.4116,0.0022,0.5862
CLUBS JACK CLUBS SEVEN,0.2544,0.0546,0.691
DIAMONDS ACE HEARTS KING,0.3516,0.005,0.6434
HEARTS FOUR HEARTS KING,0.4244,0.0072,0.5684
SPADES SEVEN DIAMONDS JACK,0.2494,0.054,0.6966
SPADES KING HEARTS SIX,0.4234,0.0086,0.568
DIAMONDS ACE HEARTS QUEEN,0.3594,0.0032,0.6374
HEARTS FOUR HEARTS QUEEN,0.3916,0.012,0.5964
SPADES QUEEN HEARTS SIX,0.4192,0.0118,0.569
SPADES SIX DIAMONDS JACK,0.4296,0.0158,0.5546
DIAMONDS TEN SPADES TWO,0.434,0.0272,0.5388
SPADES THREE DIAMONDS TEN,0.4278,0.0266,0.5456
SPADES FOUR DIAMONDS TEN,0.427,0.0264,0.5466
SPADES FIVE DIAMONDS TEN,0.4262,0.0272,0.5466
SPADES SIX DIAMONDS TEN,0.4144,0.0246,0.561
SPADES SEVEN DIAMONDS TEN,0.2548,0.0712,0.674
SPADES EIGHT DIAMONDS TEN,0.365,0.0274,0.6076
SPADES NINE DIAMONDS TEN,0.246,0.0708,0.6832
CLUBS FOUR DIAMONDS TEN,0.4446,0.0244,0.531
CLUBS FIVE DIAMONDS TEN,0.434,0.0242,0.5418
CLUBS SIX DIAMONDS TEN,0.4204,0.0234,0.5562
CLUBS SEVEN DIAMONDS TEN,0.2468,0.0766,0.6766
CLUBS EIGHT DIAMONDS TEN,0.3608,0.0278,0.6114
CLUBS JACK DIAMONDS THREE,0.4328,0.015,0.5522
CLUBS TEN DIAMONDS THREE,0.4118,0.0274,0.5608
DIAMONDS THREE CLUBS KING,0.4288,0.0068,0.5644
DIAMONDS THREE CLUBS QUEEN,0.427,0.0132,0.5598
DIAMONDS THREE CLUBS ACE,0.4148,0.0046,0.5806
SPADES FOUR HEARTS JACK,0.4246,0.0172,0.5582
SPADES FOUR HEARTS TEN,0.4172,0.024,0.5588
SPADES FIVE SPADES TWO,0.58,0.033,0.387
SPADES FOUR SPADES TWO,0.5868,0.0378,0.3754
SPADES THREE SPADES TWO,0.5928,0.0384,0.3688
SPADES NINE SPADES TWO,0.4628,0.2762,0.261
SPADES EIGHT SPADES TWO,0.5916,0.0344,0.374
SPADES SEVEN SPADES TWO,0.6268,0.1014,0.2718
SPADES SIX SPADES TWO,0.6108,0.0396,0.3496
DIAMONDS QUEEN CLUBS THREE,0.441,0.0116,0.5474
CLUBS THREE HEARTS TWO,0.6368,0.0434,0.3198
DIAMONDS QUEEN CLUBS TWO,0.4456,0.0116,0.5428
HEARTS TWO CLUBS TWO,0.4426,0.0736,0.4838
HEARTS SIX DIAMONDS QUEEN,0.4156,0.0112,0.5732
HEARTS SIX HEARTS TWO,0.6224,0.038,0.3396
DIAMONDS QUEEN HEARTS NINE,0.2488,0.0456,0.7056
HEARTS TWO HEARTS NINE,0.4794,0.2822,0.2384
DIAMONDS QUEEN HEARTS EIGHT,0.3816,0.0126,0.6058
HEARTS TWO HEARTS EIGHT,0.6106,0.0352,0.3542
CLUBS EIGHT HEARTS TWO,0.646,0.0432,0.3108
CLUBS EIGHT DIAMONDS QUEEN,0.38,0.0124,0.6076
CLUBS FIVE DIAMONDS QUEEN,0.428,0.0108,0.5612
CLUBS FIVE HEARTS TWO,0.6308,0.0492,0.32
SPADES EIGHT HEARTS ACE,0.3706,0.0024,0.627
DIAMONDS QUEEN CLUBS FOUR,0.4258,0.0118,0.5624
HEARTS TWO CLUBS FOUR,0.6512,0.036,0.3128
CLUBS SEVEN DIAMONDS QUEEN,0.2754,0.0496,0.675
CLUBS SEVEN HEARTS TWO,0.6764,0.1124,0.2112
SPADES EIGHT HEARTS QUEEN,0.369,0.0152,0.6158
CLUBS SIX DIAMONDS QUEEN,0.4074,0.0118,0.5808
CLUBS SIX HEARTS TWO,0.6546,0.0432,0.3022
SPADES EIGHT HEARTS KING,0.3972,0.0084,0.5944
HEARTS TWO SPADES SIX,0.647,0.0404,0.3126
DIAMONDS QUEEN SPADES SIX,0.4122,0.0108,0.577
HEARTS FOUR CLUBS QUEEN,0.4252,0.0124,0.5624
DIAMONDS ACE CLUBS QUEEN,0.358,0.0022,0.6398
DIAMONDS QUEEN SPADES SEVEN,0.2898,0.0422,0.668
HEARTS TWO SPADES SEVEN,0.6702,0.1072,0.2226
HEARTS FOUR CLUBS KING,0.4264,0.0084,0.5652
DIAMONDS ACE CLUBS KING,0.3632,0.0046,0.6322
DIAMONDS QUEEN SPADES EIGHT,0.3738,0.0098,0.6164
SPADES EIGHT HEARTS TWO,0.6458,0.042,0.3122
HEARTS FOUR CLUBS ACE,0.4122,0.004,0.5838
DIAMONDS ACE CLUBS ACE,0.1804,0.003,0.8166
SPADES NINE DIAMONDS QUEEN,0.2598,0.0388,0.7014
SPADES NINE HEARTS TWO,0.4886,0.2918,0.2196
HEARTS TWO SPADES TWO,0.4178,0.073,0.5092
DIAMONDS QUEEN SPADES TWO,0.4344,0.0128,0.5528
HEARTS TWO SPADES THREE,0.6212,0.048,0.3308
DIAMONDS QUEEN SPADES THREE,0.4262,0.0128,0.561
HEARTS TWO SPADES FOUR,0.6414,0.0442,0.3144
DIAMONDS QUEEN SPADES FOUR,0.4338,0.0104,0.5558
CLUBS TEN HEARTS FOUR,0.4286,0.0284,0.543
CLUBS TEN DIAMONDS ACE,0.3596,0.005,0.6354
HEARTS TWO SPADES FIVE,0.6212,0.0474,0.3314
DIAMONDS QUEEN SPADES FIVE,0.439,0.0096,0.5514
HEARTS FOUR CLUBS JACK,0.43,0.0156,0.5544
CLUBS JACK DIAMONDS ACE,0.3518,0.0054,0.6428
CLUBS FIVE CLUBS KING,0.4122,0.008,0.5798
CLUBS FIVE CLUBS QUEEN,0.404,0.0154,0.5806
CLUBS FIVE CLUBS ACE,0.3876,0.0054,0.607
CLUBS JACK CLUBS FIVE,0.4124,0.0174,0.5702
CLUBS TEN CLUBS FIVE,0.4036,0.0248,0.5716
SPADES KING CLUBS JACK,0.345,0.0056,0.6494
CLUBS JACK SPADES QUEEN,0.3456,0.011,0.6434
SPADES ACE CLUBS JACK,0.3572,0.0056,0.6372
SPADES SIX CLUBS KING,0.414,0.008,0.578
SPADES SIX CLUBS QUEEN,0.4044,0.0116,0.584
SPADES EIGHT HEARTS JACK,0.3634,0.0168,0.6198
SPADES SIX CLUBS ACE,0.4186,0.0034,0.578
SPADES EIGHT HEARTS TEN,0.3436,0.0242,0.6322
CLUBS JACK SPADES SIX,0.421,0.0162,0.5628
CLUBS TEN SPADES SIX,0.4146,0.023,0.5624
CLUBS JACK SPADES TEN,0.3402,0.0114,0.6484
CLUBS JACK SPADES JACK,0.1776,0.0268,0.7956
SPADES QUEEN CLUBS SEVEN,0.288,0.0442,0.6678
SPADES KING CLUBS SEVEN,0.2862,0.0298,0.684
SPADES ACE CLUBS SEVEN,0.2744,0.0228,0.7028
SPADES SIX HEARTS TEN,0.4012,0.0266,0.5722
SPADES SIX HEARTS JACK,0.4088,0.0142,0.577
SPADES SIX HEARTS ACE,0.4106,0.0034,0.586
SPADES SIX HEARTS KING,0.4112,0.0082,0.5806
SPADES SIX HEARTS QUEEN,0.4068,0.0106,0.5826
CLUBS SEVEN SPADES JACK,0.2686,0.0494,0.682
CLUBS SEVEN SPADES TEN,0.264,0.0742,0.6618
CLUBS TEN HEARTS SIX,0.4138,0.0246,0.5616
CLUBS JACK HEARTS SIX,0.4148,0.0174,0.5678
CLUBS JACK CLUBS ACE,0.3498,0.005,0.6452
HEARTS SIX CLUBS QUEEN,0.4124,0.012,0.5756
HEARTS SIX CLUBS KING,0.4096,0.009,0.5814
HEARTS SIX CLUBS ACE,0.4162,0.0044,0.5794
CLUBS JACK CLUBS QUEEN,0.3156,0.008,0.6764
CLUBS JACK CLUBS KING,0.3316,0.007,0.6614
DIAMONDS THREE HEARTS ACE,0.4294,0.0042,0.5664
DIAMONDS THREE HEARTS QUEEN,0.4326,0.0142,0.5532
DIAMONDS THREE HEARTS KING,0.4224,0.0064,0.5712
CLUBS FIVE HEARTS JACK,0.424,0.015,0.561
SPADES TEN DIAMONDS ACE,0.3598,0.003,0.6372
HEARTS FOUR SPADES TEN,0.4392,0.0244,0.5364
CLUBS FIVE HEARTS TEN,0.4244,0.0298,0.5458
HEARTS FOUR SPADES JACK,0.431,0.0168,0.5522
SPADES JACK DIAMONDS ACE,0.3588,0.0044,0.6368
SPADES ACE HEARTS FOUR,0.4344,0.0048,0.5608
SPADES ACE DIAMONDS ACE,0.17,0.002,0.828
CLUBS FIVE HEARTS ACE,0.4094,0.0046,0.586
CLUBS FIVE HEARTS KING,0.4096,0.0068,0.5836
HEARTS FOUR SPADES QUEEN,0.4396,0.011,0.5494
SPADES QUEEN DIAMONDS ACE,0.3606,0.003,0.6364
CLUBS JACK SPADES FOUR,0.4312,0.0148,0.554
CLUBS FIVE HEARTS QUEEN,0.4132,0.011,0.5758
SPADES KING DIAMONDS ACE,0.3508,0.0026,0.6466
HEARTS FOUR SPADES KING,0.4316,0.0078,0.5606
CLUBS TEN SPADES FOUR,0.4264,0.0272,0.5464
DIAMONDS QUEEN DIAMONDS ACE,0.3258,0.0036,0.6706
HEARTS TWO DIAMONDS ACE,0.4316,0.0028,0.5656
HEARTS FOUR DIAMONDS QUEEN,0.4342,0.0112,0.5546
HEARTS FOUR HEARTS TWO,0.6,0.0424,0.3576
DIAMONDS THREE HEARTS TEN,0.4154,0.024,0.5606
SPADES FOUR CLUBS KING,0.431,0.0088,0.5602
HEARTS FIVE DIAMONDS QUEEN,0.411,0.0134,0.5756
HEARTS FIVE HEARTS TWO,0.5992,0.044,0.3568
DIAMONDS THREE HEARTS JACK,0.4214,0.0188,0.5598
SPADES FOUR CLUBS QUEEN,0.4284,0.0108,0.5608
DIAMONDS QUEEN HEARTS TWO,0.4314,0.0102,0.5584
DIAMONDS KING DIAMONDS QUEEN,0.3396,0.006,0.6544
DIAMONDS KING HEARTS TWO,0.4288,0.0118,0.5594
HEARTS THREE DIAMONDS QUEEN,0.4302,0.0106,0.5592
HEARTS THREE HEARTS TWO,0.6076,0.0406,0.3518
SPADES FOUR CLUBS ACE,0.4222,0.0036,0.5742
HEARTS TWO CLUBS ACE,0.4256,0.0042,0.5702
DIAMONDS QUEEN CLUBS ACE,0.354,0.0042,0.6418
HEARTS TWO CLUBS QUEEN,0.43,0.0124,0.5576
DIAMONDS QUEEN CLUBS QUEEN,0.1744,0.0206,0.805
HEARTS TWO CLUBS KING,0.4362,0.009,0.5548
DIAMONDS QUEEN CLUBS KING,0.3476,0.0064,0.646
SPADES EIGHT SPADES FIVE,0.5714,0.0358,0.3928
CLUBS TEN HEARTS TWO,0.4382,0.025,0.5368
CLUBS TEN DIAMONDS QUEEN,0.3414,0.0086,0.65
SPADES NINE SPADES FIVE,0.4492,0.279,0.2718
CLUBS JACK HEARTS TWO,0.4294,0.017,0.5536
CLUBS JACK DIAMONDS QUEEN,0.3412,0.0118,0.647
