opposingHand,winningChance,drawChance,lostChance
CLUBS TEN SPADES NINE
HEARTS FIVE SPADES TEN,0.6134,0.1608,0.2258
SPADES JACK HEARTS FIVE,0.4454,0.0176,0.537
SPADES FIVE CLUBS JACK,0.4558,0.0182,0.526
CLUBS EIGHT CLUBS JACK,0.4012,0.015,0.5838
CLUBS EIGHT CLUBS KING,0.407,0.0066,0.5864
SPADES FIVE CLUBS ACE,0.4564,0.0044,0.5392
CLUBS EIGHT CLUBS QUEEN,0.393,0.0108,0.5962
SPADES FIVE CLUBS KING,0.44,0.0096,0.5504
SPADES FIVE CLUBS QUEEN,0.4634,0.0104,0.5262
CLUBS EIGHT CLUBS ACE,0.4054,0.0036,0.591
DIAMONDS TWO DIAMONDS THREE,0.6116,0.0196,0.3688
DIAMONDS TWO DIAMONDS FIVE,0.5972,0.025,0.3778
SPADES KING HEARTS FIVE,0.4376,0.0076,0.5548
DIAMONDS TWO DIAMONDS FOUR,0.602,0.0232,0.3748
SPADES QUEEN HEARTS FIVE,0.448,0.0136,0.5384
DIAMONDS TWO DIAMONDS SEVEN,0.6254,0.0218,0.3528
DIAMONDS TWO DIAMONDS SIX,0.6146,0.0246,0.3608
SPADES ACE HEARTS FIVE,0.4488,0.0042,0.547
DIAMONDS TWO DIAMONDS NINE,0.661,0.0756,0.2634
DIAMONDS TWO DIAMONDS EIGHT,0.6424,0.0248,0.3328
DIAMONDS THREE DIAMONDS FOUR,0.5892,0.0206,0.3902
CLUBS TWO SPADES FOUR,0.6448,0.023,0.3322
DIAMONDS THREE DIAMONDS FIVE,0.5978,0.0246,0.3776
CLUBS TWO SPADES FIVE,0.6522,0.0276,0.3202
CLUBS TWO SPADES TWO,0.4712,0.046,0.4828
CLUBS TWO SPADES THREE,0.651,0.021,0.328
DIAMONDS THREE DIAMONDS EIGHT,0.639,0.0186,0.3424
SPADES EIGHT CLUBS TWO,0.6912,0.0238,0.285
DIAMONDS THREE DIAMONDS NINE,0.658,0.073,0.269
DIAMONDS THREE DIAMONDS SIX,0.6036,0.023,0.3734
CLUBS TWO SPADES SIX,0.6752,0.0258,0.299
DIAMONDS THREE DIAMONDS SEVEN,0.6152,0.0274,0.3574
SPADES SEVEN CLUBS TWO,0.6958,0.0232,0.281
CLUBS SIX CLUBS TWO,0.6286,0.0252,0.3462
CLUBS SEVEN CLUBS TWO,0.6558,0.024,0.3202
CLUBS FOUR CLUBS TWO,0.6028,0.0282,0.369
CLUBS FIVE CLUBS TWO,0.6124,0.0234,0.3642
DIAMONDS FOUR DIAMONDS SIX,0.5876,0.0186,0.3938
DIAMONDS FOUR DIAMONDS SEVEN,0.6248,0.0192,0.356
CLUBS EIGHT CLUBS TWO,0.6396,0.03,0.3304
DIAMONDS FIVE DIAMONDS FOUR,0.5886,0.0224,0.389
CLUBS NINE CLUBS TWO,0.6764,0.0786,0.245
DIAMONDS NINE DIAMONDS FOUR,0.668,0.0626,0.2694
DIAMONDS EIGHT DIAMONDS FOUR,0.615,0.027,0.358
CLUBS TWO CLUBS THREE,0.6078,0.0214,0.3708
DIAMONDS NINE DIAMONDS FIVE,0.6492,0.0742,0.2766
DIAMONDS TWO CLUBS JACK,0.4268,0.0166,0.5566
DIAMONDS EIGHT DIAMONDS FIVE,0.6038,0.0252,0.371
DIAMONDS FIVE DIAMONDS SEVEN,0.6008,0.0218,0.3774
DIAMONDS FIVE DIAMONDS SIX,0.5812,0.0244,0.3944
DIAMONDS TWO CLUBS ACE,0.445,0.004,0.551
DIAMONDS TWO CLUBS KING,0.4482,0.0082,0.5436
DIAMONDS TWO CLUBS QUEEN,0.4412,0.013,0.5458
DIAMONDS EIGHT DIAMONDS SIX,0.5996,0.0208,0.3796
DIAMONDS NINE DIAMONDS SIX,0.6442,0.0718,0.284
HEARTS ACE SPADES THREE,0.4354,0.0056,0.559
HEARTS KING SPADES THREE,0.4432,0.006,0.5508
DIAMONDS SEVEN DIAMONDS SIX,0.5798,0.022,0.3982
SPADES THREE HEARTS QUEEN,0.44,0.0108,0.5492
SPADES THREE HEARTS JACK,0.4502,0.0156,0.5342
SPADES THREE HEARTS TEN,0.6208,0.1688,0.2104
DIAMONDS EIGHT DIAMONDS SEVEN,0.599,0.0256,0.3754
DIAMONDS NINE DIAMONDS SEVEN,0.6452,0.0706,0.2842
DIAMONDS NINE DIAMONDS EIGHT,0.6306,0.0674,0.302
DIAMONDS KING HEARTS TEN,0.27,0.0292,0.7008
HEARTS THREE HEARTS TEN,0.5754,0.1556,0.269
CLUBS SIX SPADES JACK,0.4362,0.0162,0.5476
DIAMONDS KING HEARTS JACK,0.3622,0.0048,0.633
HEARTS THREE HEARTS JACK,0.4348,0.0128,0.5524
CLUBS SIX SPADES TEN,0.607,0.1698,0.2232
SPADES JACK SPADES FIVE,0.4232,0.015,0.5618
SPADES TEN SPADES FIVE,0.5778,0.1626,0.2596
DIAMONDS KING HEARTS ACE,0.371,0.0026,0.6264
HEARTS THREE HEARTS ACE,0.4106,0.0046,0.5848
SPADES ACE CLUBS SIX,0.4454,0.0058,0.5488
DIAMONDS KING HEARTS QUEEN,0.3554,0.0052,0.6394
HEARTS THREE HEARTS QUEEN,0.4144,0.0098,0.5758
SPADES KING CLUBS SIX,0.4286,0.0062,0.5652
DIAMONDS KING HEARTS KING,0.1874,0.0072,0.8054
HEARTS THREE HEARTS KING,0.4116,0.0048,0.5836
SPADES QUEEN CLUBS SIX,0.4452,0.0104,0.5444
SPADES QUEEN SPADES FIVE,0.4182,0.0112,0.5706
SPADES KING SPADES FIVE,0.4186,0.008,0.5734
SPADES ACE SPADES FIVE,0.4144,0.005,0.5806
SPADES FIVE HEARTS QUEEN,0.442,0.0102,0.5478
SPADES FIVE HEARTS KING,0.4552,0.0068,0.538
SPADES FIVE HEARTS ACE,0.445,0.0032,0.5518
CLUBS EIGHT SPADES TEN,0.6032,0.1652,0.2316
HEARTS THREE SPADES JACK,0.4422,0.014,0.5438
SPADES JACK DIAMONDS KING,0.35,0.008,0.642
SPADES TEN DIAMONDS KING,0.2586,0.031,0.7104
HEARTS THREE SPADES TEN,0.6088,0.1762,0.215
CLUBS EIGHT SPADES JACK,0.4212,0.0164,0.5624
SPADES ACE CLUBS EIGHT,0.4214,0.0046,0.574
HEARTS FIVE CLUBS JACK,0.4442,0.0162,0.5396
CLUBS SIX HEARTS ACE,0.4426,0.0024,0.555
CLUBS EIGHT SPADES QUEEN,0.4186,0.013,0.5684
CLUBS SIX HEARTS QUEEN,0.4498,0.01,0.5402
CLUBS EIGHT SPADES KING,0.4318,0.0102,0.558
SPADES THREE CLUBS JACK,0.4504,0.017,0.5326
CLUBS SIX HEARTS KING,0.4502,0.0068,0.543
DIAMONDS TWO HEARTS JACK,0.4456,0.0154,0.539
SPADES THREE CLUBS QUEEN,0.449,0.0118,0.5392
DIAMONDS TWO HEARTS TEN,0.6248,0.1656,0.2096
SPADES THREE CLUBS KING,0.4416,0.0078,0.5506
HEARTS FIVE CLUBS ACE,0.4408,0.0032,0.556
SPADES FIVE HEARTS TEN,0.6106,0.168,0.2214
SPADES THREE CLUBS ACE,0.4328,0.005,0.5622
HEARTS FIVE CLUBS KING,0.4382,0.0074,0.5544
SPADES FIVE HEARTS JACK,0.4614,0.0128,0.5258
HEARTS FIVE CLUBS QUEEN,0.4512,0.0116,0.5372
HEARTS THREE CLUBS KING,0.4456,0.0086,0.5458
DIAMONDS KING CLUBS KING,0.179,0.0084,0.8126
HEARTS THREE CLUBS QUEEN,0.4498,0.0124,0.5378
DIAMONDS KING CLUBS QUEEN,0.3612,0.007,0.6318
HEARTS FIVE HEARTS JACK,0.4154,0.0152,0.5694
HEARTS FIVE HEARTS TEN,0.5582,0.1666,0.2752
HEARTS THREE CLUBS ACE,0.4386,0.0034,0.558
DIAMONDS KING CLUBS ACE,0.3494,0.0048,0.6458
SPADES ACE CLUBS QUEEN,0.3494,0.0052,0.6454
SPADES KING CLUBS QUEEN,0.347,0.0072,0.6458
HEARTS THREE CLUBS JACK,0.4466,0.0202,0.5332
DIAMONDS KING CLUBS JACK,0.3494,0.008,0.6426
SPADES QUEEN CLUBS QUEEN,0.163,0.0164,0.8206
SPADES JACK CLUBS QUEEN,0.3404,0.011,0.6486
CLUBS SIX CLUBS QUEEN,0.4248,0.0116,0.5636
SPADES TEN CLUBS QUEEN,0.2492,0.0458,0.705
CLUBS SIX CLUBS KING,0.4086,0.0098,0.5816
CLUBS SIX CLUBS ACE,0.422,0.0042,0.5738
HEARTS FIVE HEARTS KING,0.426,0.008,0.566
HEARTS FIVE HEARTS QUEEN,0.4188,0.012,0.5692
HEARTS FIVE HEARTS ACE,0.4256,0.0042,0.5702
CLUBS SIX CLUBS JACK,0.4106,0.0172,0.5722
SPADES SEVEN HEARTS JACK,0.4266,0.017,0.5564
SPADES SEVEN HEARTS TEN,0.5978,0.18,0.2222
DIAMONDS TWO CLUBS TWO,0.4656,0.0462,0.4882
DIAMONDS TWO CLUBS THREE,0.6422,0.0254,0.3324
HEARTS SIX DIAMONDS TWO,0.6678,0.0214,0.3108
DIAMONDS TWO HEARTS QUEEN,0.4458,0.011,0.5432
DIAMONDS TWO HEARTS SEVEN,0.6746,0.0252,0.3002
DIAMONDS TWO HEARTS KING,0.4578,0.0058,0.5364
DIAMONDS TWO HEARTS EIGHT,0.6796,0.0212,0.2992
DIAMONDS TWO HEARTS ACE,0.4352,0.0046,0.5602
DIAMONDS TWO HEARTS NINE,0.7082,0.0738,0.218
DIAMONDS TWO DIAMONDS QUEEN,0.4272,0.0092,0.5636
DIAMONDS TWO HEARTS TWO,0.4584,0.0438,0.4978
DIAMONDS TWO DIAMONDS KING,0.4168,0.0044,0.5788
HEARTS THREE DIAMONDS TWO,0.6288,0.0244,0.3468
DIAMONDS TWO DIAMONDS ACE,0.393,0.005,0.602
HEARTS FOUR DIAMONDS TWO,0.637,0.026,0.337
DIAMONDS TWO HEARTS FIVE,0.6396,0.021,0.3394
SPADES SEVEN HEARTS ACE,0.4334,0.0036,0.563
DIAMONDS TWO DIAMONDS TEN,0.571,0.1636,0.2654
SPADES SEVEN HEARTS KING,0.4388,0.0052,0.556
DIAMONDS TWO DIAMONDS JACK,0.4066,0.0154,0.578
SPADES SEVEN HEARTS QUEEN,0.4364,0.0122,0.5514
DIAMONDS TWO SPADES EIGHT,0.6736,0.0246,0.3018
DIAMONDS TWO SPADES SEVEN,0.6668,0.0276,0.3056
DIAMONDS TWO SPADES SIX,0.6652,0.0266,0.3082
DIAMONDS TWO SPADES FIVE,0.6424,0.025,0.3326
DIAMONDS TWO SPADES FOUR,0.6386,0.0244,0.337
DIAMONDS TWO SPADES THREE,0.641,0.0262,0.3328
DIAMONDS TWO SPADES TWO,0.4762,0.0404,0.4834
CLUBS NINE DIAMONDS TWO,0.7262,0.0724,0.2014
CLUBS EIGHT DIAMONDS TWO,0.6828,0.0252,0.292
DIAMONDS TWO CLUBS SEVEN,0.6758,0.0208,0.3034
CLUBS SIX DIAMONDS TWO,0.672,0.0244,0.3036
DIAMONDS TWO CLUBS FIVE,0.6478,0.0242,0.328
DIAMONDS TWO CLUBS FOUR,0.6504,0.026,0.3236
CLUBS FOUR SPADES FIVE,0.6324,0.0226,0.345
CLUBS FOUR SPADES FOUR,0.4552,0.046,0.4988
CLUBS FOUR SPADES THREE,0.6366,0.0226,0.3408
CLUBS FOUR SPADES TWO,0.6516,0.027,0.3214
CLUBS FOUR SPADES EIGHT,0.6726,0.0216,0.3058
CLUBS FOUR SPADES SEVEN,0.6648,0.0274,0.3078
CLUBS FOUR SPADES SIX,0.6374,0.0228,0.3398
SPADES ACE DIAMONDS SIX,0.427,0.0046,0.5684
SPADES QUEEN DIAMONDS SIX,0.4384,0.0116,0.55
SPADES KING DIAMONDS SIX,0.4536,0.0052,0.5412
SPADES TEN DIAMONDS SIX,0.595,0.167,0.238
SPADES JACK DIAMONDS SIX,0.4448,0.0124,0.5428
SPADES QUEEN SPADES TWO,0.4394,0.0108,0.5498
SPADES KING SPADES TWO,0.4194,0.0084,0.5722
SPADES ACE SPADES TWO,0.419,0.005,0.576
DIAMONDS JACK CLUBS JACK,0.1592,0.0212,0.8196
DIAMONDS JACK CLUBS KING,0.3592,0.0054,0.6354
DIAMONDS JACK CLUBS QUEEN,0.3418,0.0106,0.6476
DIAMONDS THREE DIAMONDS JACK,0.428,0.0154,0.5566
DIAMONDS THREE DIAMONDS TEN,0.579,0.1566,0.2644
DIAMONDS JACK CLUBS ACE,0.357,0.0046,0.6384
DIAMONDS THREE DIAMONDS KING,0.4224,0.0088,0.5688
HEARTS THREE DIAMONDS THREE,0.4496,0.0458,0.5046
DIAMONDS THREE DIAMONDS QUEEN,0.4068,0.0096,0.5836
DIAMONDS THREE HEARTS TWO,0.6488,0.0236,0.3276
HEARTS FIVE DIAMONDS THREE,0.6222,0.0246,0.3532
DIAMONDS THREE DIAMONDS ACE,0.4086,0.0032,0.5882
HEARTS FOUR DIAMONDS THREE,0.6144,0.0228,0.3628
DIAMONDS THREE HEARTS SEVEN,0.6568,0.022,0.3212
HEARTS SIX DIAMONDS THREE,0.6482,0.0266,0.3252
DIAMONDS THREE HEARTS NINE,0.7074,0.074,0.2186
HEARTS JACK DIAMONDS FOUR,0.4442,0.0154,0.5404
HEARTS KING HEARTS ACE,0.3368,0.004,0.6592
SPADES TEN SPADES TWO,0.5808,0.165,0.2542
DIAMONDS THREE HEARTS EIGHT,0.6718,0.0236,0.3046
HEARTS TEN DIAMONDS FOUR,0.6148,0.1594,0.2258
SPADES JACK SPADES TWO,0.4324,0.0162,0.5514
HEARTS QUEEN DIAMONDS FOUR,0.4368,0.0096,0.5536
HEARTS KING DIAMONDS FOUR,0.4406,0.0074,0.552
HEARTS ACE DIAMONDS FOUR,0.4356,0.0042,0.5602
DIAMONDS THREE SPADES EIGHT,0.686,0.0226,0.2914
DIAMONDS THREE SPADES SEVEN,0.659,0.0244,0.3166
DIAMONDS THREE SPADES SIX,0.6582,0.0262,0.3156
CLUBS SIX DIAMONDS THREE,0.6472,0.021,0.3318
CLUBS ACE DIAMONDS FOUR,0.4262,0.0042,0.5696
CLUBS SIX CLUBS FIVE,0.6,0.0242,0.3758
CLUBS SEVEN CLUBS FIVE,0.6024,0.0276,0.37
CLUBS SEVEN DIAMONDS THREE,0.6696,0.0206,0.3098
DIAMONDS THREE CLUBS FOUR,0.6288,0.0268,0.3444
DIAMONDS FOUR CLUBS QUEEN,0.4406,0.0116,0.5478
DIAMONDS THREE CLUBS FIVE,0.636,0.0198,0.3442
CLUBS KING DIAMONDS FOUR,0.45,0.0082,0.5418
DIAMONDS THREE CLUBS TWO,0.641,0.025,0.334
DIAMONDS THREE CLUBS THREE,0.4688,0.0478,0.4834
DIAMONDS FOUR CLUBS JACK,0.4258,0.0204,0.5538
DIAMONDS THREE SPADES FOUR,0.636,0.0198,0.3442
DIAMONDS THREE SPADES FIVE,0.6452,0.0252,0.3296
DIAMONDS THREE SPADES TWO,0.6456,0.0268,0.3276
DIAMONDS THREE SPADES THREE,0.4676,0.0408,0.4916
CLUBS EIGHT DIAMONDS THREE,0.6792,0.026,0.2948
CLUBS NINE DIAMONDS THREE,0.7026,0.0852,0.2122
SPADES SEVEN CLUBS ACE,0.4336,0.0048,0.5616
SPADES SEVEN CLUBS QUEEN,0.4436,0.0118,0.5446
SPADES SEVEN CLUBS KING,0.4448,0.0084,0.5468
CLUBS FIVE SPADES SEVEN,0.6448,0.027,0.3282
CLUBS FIVE SPADES SIX,0.634,0.024,0.342
SPADES SEVEN CLUBS JACK,0.4294,0.0166,0.554
SPADES EIGHT CLUBS FIVE,0.6602,0.0266,0.3132
CLUBS FIVE SPADES THREE,0.6338,0.0268,0.3394
CLUBS FIVE SPADES TWO,0.6402,0.022,0.3378
CLUBS FIVE SPADES FIVE,0.4654,0.044,0.4906
CLUBS FIVE SPADES FOUR,0.6368,0.0226,0.3406
CLUBS NINE CLUBS FIVE,0.6598,0.0818,0.2584
CLUBS EIGHT CLUBS FIVE,0.6446,0.0226,0.3328
CLUBS ACE CLUBS QUEEN,0.3504,0.003,0.6466
CLUBS KING CLUBS QUEEN,0.3374,0.0092,0.6534
DIAMONDS TEN DIAMONDS FOUR,0.5626,0.1594,0.278
DIAMONDS JACK DIAMONDS FOUR,0.4198,0.0138,0.5664
DIAMONDS NINE CLUBS JACK,0.2536,0.0468,0.6996
DIAMONDS ACE DIAMONDS FOUR,0.4106,0.0042,0.5852
HEARTS FOUR DIAMONDS FOUR,0.463,0.0412,0.4958
DIAMONDS JACK HEARTS TEN,0.237,0.052,0.711
DIAMONDS TWO SPADES TEN,0.618,0.1694,0.2126
DIAMONDS NINE CLUBS ACE,0.2922,0.0216,0.6862
HEARTS FIVE DIAMONDS FOUR,0.616,0.0248,0.3592
HEARTS JACK DIAMONDS JACK,0.162,0.024,0.814
DIAMONDS TWO SPADES JACK,0.4478,0.0166,0.5356
DIAMONDS QUEEN DIAMONDS FOUR,0.4174,0.0104,0.5722
HEARTS TWO DIAMONDS FOUR,0.6438,0.0214,0.3348
DIAMONDS NINE CLUBS QUEEN,0.2654,0.0406,0.694
DIAMONDS KING DIAMONDS FOUR,0.415,0.0092,0.5758
HEARTS THREE DIAMONDS FOUR,0.6172,0.0234,0.3594
DIAMONDS NINE CLUBS KING,0.2786,0.03,0.6914
HEARTS ACE DIAMONDS JACK,0.3586,0.0034,0.638
SPADES ACE DIAMONDS TWO,0.4366,0.0042,0.5592
DIAMONDS JACK HEARTS QUEEN,0.3472,0.0074,0.6454
SPADES QUEEN DIAMONDS TWO,0.4404,0.0112,0.5484
HEARTS KING DIAMONDS JACK,0.3596,0.0044,0.636
SPADES KING DIAMONDS TWO,0.448,0.0092,0.5428
SPADES JACK SPADES SEVEN,0.402,0.013,0.585
SPADES TEN SPADES SEVEN,0.5672,0.1622,0.2706
CLUBS SEVEN CLUBS THREE,0.633,0.027,0.34
CLUBS SIX CLUBS THREE,0.6134,0.0222,0.3644
CLUBS FIVE CLUBS THREE,0.6018,0.0218,0.3764
CLUBS FOUR CLUBS THREE,0.6026,0.021,0.3764
CLUBS NINE CLUBS THREE,0.6618,0.0778,0.2604
CLUBS EIGHT CLUBS THREE,0.6586,0.0258,0.3156
CLUBS THREE SPADES FIVE,0.6414,0.0268,0.3318
CLUBS THREE SPADES FOUR,0.6338,0.0272,0.339
CLUBS THREE SPADES THREE,0.467,0.045,0.488
CLUBS THREE SPADES TWO,0.652,0.022,0.326
SPADES SIX CLUBS THREE,0.6456,0.0244,0.33
SPADES SEVEN CLUBS THREE,0.6686,0.025,0.3064
SPADES EIGHT CLUBS THREE,0.6912,0.0268,0.282
SPADES TWO DIAMONDS FOUR,0.6416,0.0212,0.3372
SPADES THREE DIAMONDS FOUR,0.6288,0.0244,0.3468
SPADES FOUR DIAMONDS FOUR,0.4566,0.0422,0.5012
SPADES FIVE DIAMONDS FOUR,0.6336,0.0252,0.3412
SPADES SIX DIAMONDS FOUR,0.6436,0.0238,0.3326
SPADES SEVEN DIAMONDS FOUR,0.6502,0.025,0.3248
SPADES EIGHT DIAMONDS FOUR,0.6716,0.0234,0.305
CLUBS FIVE DIAMONDS FOUR,0.635,0.027,0.338
CLUBS FOUR DIAMONDS FOUR,0.4514,0.0458,0.5028
CLUBS SEVEN DIAMONDS FOUR,0.655,0.025,0.32
CLUBS SIX DIAMONDS FOUR,0.628,0.0268,0.3452
CLUBS NINE DIAMONDS FOUR,0.6936,0.077,0.2294
CLUBS EIGHT DIAMONDS FOUR,0.6676,0.0236,0.3088
DIAMONDS FOUR HEARTS SEVEN,0.649,0.0232,0.3278
HEARTS SIX DIAMONDS FOUR,0.6452,0.0252,0.3296
HEARTS NINE DIAMONDS FOUR,0.6884,0.083,0.2286
DIAMONDS FOUR HEARTS EIGHT,0.6584,0.0218,0.3198
CLUBS THREE DIAMONDS FOUR,0.6404,0.0206,0.339
CLUBS TWO DIAMONDS FOUR,0.6478,0.0224,0.3298
DIAMONDS TEN DIAMONDS FIVE,0.5712,0.1668,0.262
DIAMONDS JACK DIAMONDS FIVE,0.4062,0.0142,0.5796
DIAMONDS NINE HEARTS QUEEN,0.2762,0.0342,0.6896
HEARTS KING DIAMONDS NINE,0.292,0.0292,0.6788
DIAMONDS NINE HEARTS ACE,0.3008,0.0172,0.682
DIAMONDS NINE HEARTS TEN,0.017,0.9572,0.0258
DIAMONDS NINE HEARTS JACK,0.2436,0.0496,0.7068
CLUBS KING DIAMONDS SIX,0.447,0.006,0.547
CLUBS QUEEN DIAMONDS SIX,0.4454,0.0112,0.5434
CLUBS ACE DIAMONDS SIX,0.4246,0.003,0.5724
SPADES KING DIAMONDS FOUR,0.438,0.0086,0.5534
SPADES ACE SPADES SEVEN,0.3996,0.0046,0.5958
SPADES QUEEN DIAMONDS FOUR,0.4414,0.0084,0.5502
SPADES QUEEN SPADES SEVEN,0.4122,0.0112,0.5766
CLUBS JACK DIAMONDS SIX,0.4416,0.0168,0.5416
SPADES KING SPADES SEVEN,0.3976,0.009,0.5934
SPADES ACE DIAMONDS FOUR,0.4334,0.006,0.5606
CLUBS NINE CLUBS FOUR,0.683,0.0776,0.2394
CLUBS EIGHT CLUBS FOUR,0.6308,0.0246,0.3446
SPADES JACK DIAMONDS FOUR,0.4516,0.0132,0.5352
SPADES TEN DIAMONDS FOUR,0.5964,0.168,0.2356
CLUBS FOUR CLUBS FIVE,0.604,0.0218,0.3742
CLUBS SEVEN CLUBS FOUR,0.6216,0.024,0.3544
CLUBS SIX CLUBS FOUR,0.606,0.0262,0.3678
CLUBS SEVEN SPADES EIGHT,0.6438,0.0222,0.334
CLUBS SEVEN SPADES SIX,0.6212,0.0234,0.3554
CLUBS SEVEN SPADES SEVEN,0.4448,0.042,0.5132
CLUBS SEVEN SPADES FIVE,0.6616,0.0242,0.3142
CLUBS SEVEN SPADES FOUR,0.6672,0.0266,0.3062
CLUBS SEVEN SPADES THREE,0.666,0.0254,0.3086
CLUBS SEVEN SPADES TWO,0.6816,0.027,0.2914
CLUBS NINE CLUBS SEVEN,0.6606,0.074,0.2654
CLUBS EIGHT CLUBS SEVEN,0.5976,0.0226,0.3798
HEARTS SIX DIAMONDS FIVE,0.6244,0.0234,0.3522
DIAMONDS FIVE HEARTS SEVEN,0.6446,0.0218,0.3336
DIAMONDS FIVE HEARTS EIGHT,0.6412,0.0262,0.3326
HEARTS NINE DIAMONDS FIVE,0.698,0.0692,0.2328
DIAMONDS QUEEN DIAMONDS FIVE,0.4146,0.0112,0.5742
HEARTS TWO DIAMONDS FIVE,0.6434,0.0246,0.332
HEARTS KING HEARTS EIGHT,0.404,0.007,0.589
DIAMONDS KING DIAMONDS FIVE,0.4178,0.0072,0.575
HEARTS THREE DIAMONDS FIVE,0.6224,0.0244,0.3532
HEARTS QUEEN HEARTS EIGHT,0.3994,0.0084,0.5922
DIAMONDS ACE DIAMONDS FIVE,0.4008,0.004,0.5952
HEARTS FOUR DIAMONDS FIVE,0.647,0.0252,0.3278
HEARTS FIVE DIAMONDS FIVE,0.4566,0.04,0.5034
HEARTS ACE HEARTS EIGHT,0.4048,0.005,0.5902
CLUBS FOUR DIAMONDS FIVE,0.6252,0.0266,0.3482
CLUBS FIVE DIAMONDS FIVE,0.4568,0.047,0.4962
CLUBS SIX DIAMONDS FIVE,0.6264,0.0252,0.3484
CLUBS SEVEN DIAMONDS FIVE,0.6476,0.0198,0.3326
CLUBS TWO DIAMONDS FIVE,0.6582,0.022,0.3198
CLUBS THREE DIAMONDS FIVE,0.6414,0.0208,0.3378
SPADES THREE DIAMONDS FIVE,0.634,0.0206,0.3454
SPADES TWO DIAMONDS FIVE,0.6392,0.0214,0.3394
SPADES JACK DIAMONDS EIGHT,0.4004,0.0152,0.5844
SPADES FIVE DIAMONDS FIVE,0.4552,0.0448,0.5
SPADES TEN DIAMONDS EIGHT,0.592,0.1736,0.2344
SPADES FOUR DIAMONDS FIVE,0.6362,0.0258,0.338
HEARTS JACK CLUBS JACK,0.1642,0.0232,0.8126
HEARTS JACK CLUBS QUEEN,0.3294,0.0076,0.663
CLUBS NINE DIAMONDS FIVE,0.7,0.0784,0.2216
HEARTS JACK CLUBS KING,0.3656,0.0058,0.6286
CLUBS EIGHT DIAMONDS FIVE,0.6618,0.0234,0.3148
HEARTS JACK CLUBS ACE,0.364,0.0032,0.6328
SPADES SEVEN DIAMONDS FIVE,0.651,0.0274,0.3216
SPADES KING DIAMONDS EIGHT,0.4254,0.0066,0.568
SPADES SIX DIAMONDS FIVE,0.6318,0.023,0.3452
SPADES QUEEN DIAMONDS EIGHT,0.4178,0.0088,0.5734
SPADES EIGHT DIAMONDS FIVE,0.6568,0.0258,0.3174
SPADES ACE DIAMONDS EIGHT,0.4248,0.0052,0.57
DIAMONDS TEN DIAMONDS SIX,0.5722,0.1552,0.2726
HEARTS ACE DIAMONDS SEVEN,0.4312,0.0022,0.5666
DIAMONDS JACK DIAMONDS SIX,0.4182,0.0124,0.5694
HEARTS QUEEN DIAMONDS SEVEN,0.4388,0.0102,0.551
HEARTS KING DIAMONDS SEVEN,0.4468,0.0054,0.5478
DIAMONDS ACE DIAMONDS SIX,0.406,0.0042,0.5898
HEARTS FOUR DIAMONDS SIX,0.6278,0.0234,0.3488
HEARTS JACK SPADES TWO,0.4576,0.0178,0.5246
HEARTS FIVE DIAMONDS SIX,0.6334,0.024,0.3426
SPADES TWO HEARTS TEN,0.6092,0.1692,0.2216
DIAMONDS QUEEN DIAMONDS SIX,0.4134,0.0108,0.5758
HEARTS TWO DIAMONDS SIX,0.655,0.0276,0.3174
DIAMONDS KING DIAMONDS SIX,0.4182,0.008,0.5738
HEARTS THREE DIAMONDS SIX,0.6432,0.0242,0.3326
HEARTS EIGHT DIAMONDS SIX,0.6474,0.0234,0.3292
HEARTS NINE DIAMONDS SIX,0.6802,0.0788,0.241
HEARTS SIX DIAMONDS SIX,0.448,0.0406,0.5114
HEARTS SEVEN DIAMONDS SIX,0.6364,0.0226,0.341
HEARTS TEN DIAMONDS SEVEN,0.6024,0.1756,0.222
CLUBS TWO DIAMONDS SIX,0.6548,0.0292,0.316
HEARTS JACK DIAMONDS SEVEN,0.442,0.0122,0.5458
CLUBS THREE DIAMONDS SIX,0.6404,0.0238,0.3358
DIAMONDS EIGHT CLUBS JACK,0.409,0.0146,0.5764
CLUBS SEVEN DIAMONDS SIX,0.6316,0.0224,0.346
CLUBS SIX DIAMONDS SIX,0.451,0.0394,0.5096
CLUBS FIVE DIAMONDS SIX,0.6238,0.0238,0.3524
CLUBS FOUR DIAMONDS SIX,0.6368,0.022,0.3412
HEARTS ACE HEARTS JACK,0.3422,0.0042,0.6536
DIAMONDS EIGHT CLUBS ACE,0.4288,0.0044,0.5668
HEARTS JACK HEARTS QUEEN,0.3172,0.0112,0.6716
DIAMONDS EIGHT CLUBS KING,0.434,0.006,0.56
CLUBS NINE DIAMONDS SIX,0.69,0.0798,0.2302
HEARTS KING HEARTS JACK,0.3332,0.0056,0.6612
DIAMONDS EIGHT CLUBS QUEEN,0.4204,0.0076,0.572
CLUBS EIGHT DIAMONDS SIX,0.6544,0.0274,0.3182
SPADES TEN HEARTS KING,0.2766,0.0332,0.6902
SPADES FIVE DIAMONDS SIX,0.6252,0.0268,0.348
HEARTS ACE SPADES TWO,0.4472,0.0034,0.5494
SPADES JACK HEARTS KING,0.3444,0.0068,0.6488
SPADES FOUR DIAMONDS SIX,0.64,0.0262,0.3338
SPADES THREE DIAMONDS SIX,0.6452,0.0234,0.3314
SPADES TWO HEARTS QUEEN,0.4552,0.009,0.5358
SPADES ACE SPADES KING,0.3514,0.0046,0.644
HEARTS KING SPADES TWO,0.4524,0.0062,0.5414
SPADES TWO DIAMONDS SIX,0.6616,0.0262,0.3122
HEARTS TEN HEARTS EIGHT,0.565,0.1644,0.2706
HEARTS JACK HEARTS EIGHT,0.3764,0.0158,0.6078
SPADES EIGHT DIAMONDS SIX,0.66,0.0236,0.3164
SPADES SEVEN DIAMONDS SIX,0.6326,0.0202,0.3472
SPADES SIX DIAMONDS SIX,0.447,0.0384,0.5146
SPADES KING HEARTS KING,0.1732,0.013,0.8138
SPADES QUEEN HEARTS KING,0.351,0.0088,0.6402
CLUBS ACE CLUBS KING,0.3424,0.0034,0.6542
SPADES ACE HEARTS KING,0.3678,0.0044,0.6278
SPADES ACE HEARTS JACK,0.355,0.0028,0.6422
SPADES QUEEN HEARTS JACK,0.3432,0.0092,0.6476
SPADES KING HEARTS JACK,0.3442,0.0068,0.649
SPADES TEN DIAMONDS TEN,0.141,0.0566,0.8024
SPADES JACK DIAMONDS TEN,0.2442,0.055,0.7008
SPADES ACE DIAMONDS TEN,0.2594,0.0216,0.719
SPADES JACK HEARTS JACK,0.1548,0.0214,0.8238
SPADES TEN HEARTS JACK,0.2294,0.0556,0.715
SPADES QUEEN DIAMONDS TEN,0.2602,0.044,0.6958
SPADES KING DIAMONDS TEN,0.2672,0.0354,0.6974
SPADES EIGHT DIAMONDS SEVEN,0.6362,0.0212,0.3426
SPADES SEVEN DIAMONDS SEVEN,0.4484,0.0428,0.5088
SPADES SIX DIAMONDS SEVEN,0.6228,0.025,0.3522
DIAMONDS KING DIAMONDS SEVEN,0.3974,0.0058,0.5968
HEARTS THREE DIAMONDS SEVEN,0.6536,0.025,0.3214
HEARTS KING DIAMONDS FIVE,0.4536,0.007,0.5394
DIAMONDS QUEEN DIAMONDS SEVEN,0.4122,0.0102,0.5776
HEARTS TWO DIAMONDS SEVEN,0.6804,0.0216,0.298
HEARTS QUEEN DIAMONDS FIVE,0.4554,0.01,0.5346
HEARTS FIVE DIAMONDS SEVEN,0.6202,0.0226,0.3572
DIAMONDS ACE DIAMONDS SEVEN,0.3958,0.0044,0.5998
HEARTS FOUR DIAMONDS SEVEN,0.6586,0.0234,0.318
HEARTS ACE DIAMONDS FIVE,0.4454,0.0038,0.5508
HEARTS SEVEN DIAMONDS SEVEN,0.4282,0.0408,0.531
HEARTS SIX DIAMONDS SEVEN,0.616,0.0226,0.3614
HEARTS NINE DIAMONDS SEVEN,0.6798,0.0708,0.2494
DIAMONDS SEVEN HEARTS EIGHT,0.6314,0.0236,0.345
DIAMONDS JACK DIAMONDS SEVEN,0.404,0.0146,0.5814
HEARTS JACK DIAMONDS FIVE,0.4456,0.0146,0.5398
DIAMONDS TEN DIAMONDS SEVEN,0.5856,0.1528,0.2616
DIAMONDS FIVE HEARTS TEN,0.6044,0.1686,0.227
SPADES KING CLUBS TWO,0.4468,0.009,0.5442
HEARTS KING CLUBS KING,0.172,0.0104,0.8176
CLUBS EIGHT DIAMONDS SEVEN,0.6492,0.0232,0.3276
SPADES QUEEN CLUBS TWO,0.4468,0.0152,0.538
HEARTS KING CLUBS QUEEN,0.3494,0.0086,0.642
CLUBS NINE DIAMONDS SEVEN,0.6776,0.0746,0.2478
SPADES TWO CLUBS JACK,0.4582,0.0182,0.5236
SPADES ACE CLUBS TWO,0.4392,0.004,0.5568
HEARTS KING CLUBS ACE,0.3632,0.0038,0.633
CLUBS SIX CLUBS SEVEN,0.6018,0.0288,0.3694
SPADES TWO CLUBS KING,0.4492,0.0066,0.5442
SPADES TWO DIAMONDS SEVEN,0.6816,0.0222,0.2962
CLUBS EIGHT CLUBS SIX,0.6106,0.0264,0.363
SPADES THREE DIAMONDS SEVEN,0.6732,0.0248,0.302
SPADES TWO CLUBS QUEEN,0.4526,0.0102,0.5372
CLUBS NINE CLUBS SIX,0.6524,0.0816,0.266
SPADES FOUR DIAMONDS SEVEN,0.6382,0.0228,0.339
HEARTS KING CLUBS JACK,0.3454,0.0076,0.647
SPADES FIVE DIAMONDS SEVEN,0.6506,0.0212,0.3282
SPADES TWO CLUBS ACE,0.4402,0.0064,0.5534
CLUBS SIX SPADES TWO,0.672,0.0252,0.3028
CLUBS SIX SPADES THREE,0.6644,0.024,0.3116
CLUBS TWO DIAMONDS SEVEN,0.6832,0.0238,0.293
CLUBS SIX SPADES FOUR,0.634,0.0242,0.3418
CLUBS THREE DIAMONDS SEVEN,0.6734,0.02,0.3066
CLUBS SIX SPADES FIVE,0.6364,0.0208,0.3428
CLUBS FOUR DIAMONDS SEVEN,0.6432,0.0244,0.3324
CLUBS SIX SPADES SIX,0.4634,0.0412,0.4954
CLUBS FIVE DIAMONDS SEVEN,0.6348,0.028,0.3372
CLUBS SIX SPADES SEVEN,0.6334,0.0194,0.3472
CLUBS SIX DIAMONDS SEVEN,0.6322,0.0202,0.3476
CLUBS SIX SPADES EIGHT,0.6418,0.0216,0.3366
SPADES JACK CLUBS TWO,0.4538,0.019,0.5272
SPADES TEN CLUBS TWO,0.6264,0.1684,0.2052
CLUBS SEVEN DIAMONDS SEVEN,0.444,0.0386,0.5174
CLUBS TWO CLUBS QUEEN,0.4182,0.0104,0.5714
CLUBS TWO CLUBS KING,0.4336,0.0072,0.5592
CLUBS THREE DIAMONDS EIGHT,0.6864,0.0204,0.2932
CLUBS TWO CLUBS ACE,0.4168,0.0052,0.578
CLUBS TWO DIAMONDS EIGHT,0.6754,0.0234,0.3012
DIAMONDS EIGHT HEARTS SEVEN,0.6272,0.0258,0.347
HEARTS SIX DIAMONDS EIGHT,0.646,0.0214,0.3326
DIAMONDS EIGHT HEARTS NINE,0.6884,0.0776,0.234
DIAMONDS EIGHT HEARTS EIGHT,0.4238,0.0384,0.5378
CLUBS TWO CLUBS JACK,0.425,0.0174,0.5576
CLUBS NINE DIAMONDS EIGHT,0.678,0.073,0.249
CLUBS EIGHT DIAMONDS EIGHT,0.424,0.0416,0.5344
CLUBS FIVE DIAMONDS EIGHT,0.646,0.027,0.327
SPADES ACE SPADES THREE,0.4296,0.005,0.5654
CLUBS FOUR DIAMONDS EIGHT,0.671,0.0226,0.3064
SPADES QUEEN SPADES THREE,0.4274,0.01,0.5626
CLUBS SEVEN DIAMONDS EIGHT,0.6338,0.0256,0.3406
CLUBS SIX DIAMONDS EIGHT,0.6498,0.0272,0.323
SPADES KING SPADES THREE,0.4268,0.0078,0.5654
DIAMONDS QUEEN DIAMONDS EIGHT,0.4044,0.007,0.5886
HEARTS TWO DIAMONDS EIGHT,0.6734,0.026,0.3006
DIAMONDS KING DIAMONDS EIGHT,0.3984,0.0054,0.5962
HEARTS THREE DIAMONDS EIGHT,0.683,0.0242,0.2928
DIAMONDS ACE DIAMONDS EIGHT,0.4042,0.0046,0.5912
HEARTS FOUR DIAMONDS EIGHT,0.6614,0.0204,0.3182
HEARTS FIVE DIAMONDS EIGHT,0.6466,0.0258,0.3276
DIAMONDS EIGHT DIAMONDS TEN,0.5664,0.1658,0.2678
DIAMONDS EIGHT DIAMONDS JACK,0.3916,0.012,0.5964
SPADES JACK SPADES THREE,0.426,0.016,0.558
SPADES TEN SPADES THREE,0.5726,0.1664,0.261
CLUBS FOUR HEARTS ACE,0.4482,0.0044,0.5474
CLUBS FOUR HEARTS QUEEN,0.4592,0.0126,0.5282
CLUBS FOUR HEARTS KING,0.438,0.0064,0.5556
CLUBS SIX HEARTS TEN,0.614,0.1726,0.2134
CLUBS SIX HEARTS JACK,0.441,0.0134,0.5456
SPADES FOUR DIAMONDS EIGHT,0.6608,0.0264,0.3128
SPADES FIVE DIAMONDS EIGHT,0.658,0.025,0.317
DIAMONDS EIGHT SPADES TWO,0.6852,0.0266,0.2882
DIAMONDS EIGHT SPADES THREE,0.6852,0.0234,0.2914
CLUBS FOUR HEARTS JACK,0.451,0.0164,0.5326
SPADES EIGHT DIAMONDS EIGHT,0.4268,0.0364,0.5368
SPADES TEN DIAMONDS QUEEN,0.2572,0.041,0.7018
SPADES TEN HEARTS TWO,0.6062,0.171,0.2228
SPADES JACK HEARTS EIGHT,0.4046,0.0168,0.5786
CLUBS FOUR HEARTS TEN,0.6102,0.1668,0.223
SPADES TEN HEARTS EIGHT,0.5924,0.1714,0.2362
SPADES JACK HEARTS TWO,0.4518,0.0174,0.5308
SPADES JACK DIAMONDS QUEEN,0.347,0.0072,0.6458
SPADES SIX DIAMONDS EIGHT,0.6338,0.024,0.3422
SPADES SEVEN DIAMONDS EIGHT,0.6374,0.0262,0.3364
SPADES ACE HEARTS TWO,0.4444,0.0052,0.5504
SPADES ACE DIAMONDS QUEEN,0.3588,0.005,0.6362
SPADES ACE HEARTS EIGHT,0.4258,0.0032,0.571
SPADES KING HEARTS EIGHT,0.424,0.0044,0.5716
SPADES QUEEN HEARTS TWO,0.4338,0.0126,0.5536
SPADES QUEEN DIAMONDS QUEEN,0.165,0.0156,0.8194
SPADES KING DIAMONDS QUEEN,0.3602,0.0064,0.6334
SPADES KING HEARTS TWO,0.4378,0.0096,0.5526
SPADES QUEEN HEARTS EIGHT,0.4296,0.0132,0.5572
CLUBS TWO HEARTS TEN,0.6014,0.1796,0.219
CLUBS TWO HEARTS JACK,0.4622,0.0158,0.522
SPADES SEVEN DIAMONDS NINE,0.6812,0.0792,0.2396
SPADES SIX DIAMONDS NINE,0.695,0.0708,0.2342
SPADES EIGHT DIAMONDS NINE,0.6894,0.0712,0.2394
SPADES TEN CLUBS KING,0.2556,0.0296,0.7148
DIAMONDS NINE SPADES THREE,0.7068,0.0778,0.2154
SPADES JACK CLUBS KING,0.3526,0.0052,0.6422
DIAMONDS NINE SPADES TWO,0.723,0.0776,0.1994
SPADES FIVE DIAMONDS NINE,0.7184,0.0716,0.21
DIAMONDS NINE SPADES FOUR,0.7082,0.0768,0.215
CLUBS NINE DIAMONDS NINE,0.3318,0.0384,0.6298
CLUBS EIGHT DIAMONDS NINE,0.6908,0.0696,0.2396
CLUBS SIX DIAMONDS NINE,0.6858,0.0756,0.2386
SPADES JACK CLUBS FOUR,0.4474,0.0142,0.5384
SPADES TEN CLUBS FOUR,0.6136,0.1716,0.2148
CLUBS SEVEN DIAMONDS NINE,0.6864,0.0742,0.2394
CLUBS FOUR DIAMONDS NINE,0.705,0.0786,0.2164
CLUBS FIVE DIAMONDS NINE,0.7082,0.0722,0.2196
CLUBS TWO DIAMONDS NINE,0.7152,0.0752,0.2096
CLUBS THREE DIAMONDS NINE,0.708,0.079,0.213
DIAMONDS NINE HEARTS EIGHT,0.6808,0.0706,0.2486
DIAMONDS NINE HEARTS NINE,0.3316,0.0366,0.6318
HEARTS SIX DIAMONDS NINE,0.6912,0.0724,0.2364
DIAMONDS NINE HEARTS SEVEN,0.678,0.0752,0.2468
CLUBS EIGHT CLUBS NINE,0.6548,0.0732,0.272
DIAMONDS ACE DIAMONDS NINE,0.272,0.016,0.712
HEARTS FOUR DIAMONDS NINE,0.7024,0.076,0.2216
HEARTS FIVE DIAMONDS NINE,0.7046,0.073,0.2224
CLUBS TWO HEARTS ACE,0.4476,0.005,0.5474
SPADES ACE CLUBS FOUR,0.437,0.0032,0.5598
DIAMONDS QUEEN DIAMONDS NINE,0.2468,0.0416,0.7116
HEARTS TWO DIAMONDS NINE,0.6926,0.0802,0.2272
CLUBS TWO HEARTS KING,0.4596,0.0078,0.5326
SPADES KING CLUBS FOUR,0.4582,0.0052,0.5366
DIAMONDS KING DIAMONDS NINE,0.2704,0.0244,0.7052
HEARTS THREE DIAMONDS NINE,0.6942,0.0724,0.2334
CLUBS TWO HEARTS QUEEN,0.44,0.0126,0.5474
SPADES QUEEN CLUBS FOUR,0.4508,0.013,0.5362
DIAMONDS NINE DIAMONDS JACK,0.2342,0.0484,0.7174
DIAMONDS NINE DIAMONDS TEN,0.0202,0.9086,0.0712
CLUBS EIGHT SPADES EIGHT,0.4366,0.0452,0.5182
CLUBS EIGHT SPADES SEVEN,0.639,0.0212,0.3398
CLUBS EIGHT SPADES SIX,0.655,0.0266,0.3184
CLUBS EIGHT SPADES FIVE,0.6668,0.0238,0.3094
CLUBS EIGHT SPADES FOUR,0.6926,0.026,0.2814
CLUBS EIGHT SPADES THREE,0.6906,0.0238,0.2856
CLUBS EIGHT SPADES TWO,0.697,0.0234,0.2796
HEARTS SIX DIAMONDS TEN,0.607,0.1678,0.2252
DIAMONDS TEN HEARTS SEVEN,0.6016,0.1678,0.2306
DIAMONDS TEN HEARTS EIGHT,0.6084,0.163,0.2286
CLUBS FOUR CLUBS JACK,0.4408,0.0136,0.5456
DIAMONDS TEN HEARTS NINE,0.0154,0.9638,0.0208
CLUBS FOUR CLUBS KING,0.431,0.0076,0.5614
CLUBS FOUR CLUBS QUEEN,0.4366,0.009,0.5544
CLUBS TWO DIAMONDS TEN,0.6152,0.1688,0.216
CLUBS THREE DIAMONDS TEN,0.6062,0.183,0.2108
CLUBS FOUR CLUBS ACE,0.4214,0.0042,0.5744
DIAMONDS JACK DIAMONDS TEN,0.226,0.054,0.72
DIAMONDS QUEEN DIAMONDS TEN,0.2438,0.0444,0.7118
HEARTS TWO DIAMONDS TEN,0.614,0.1662,0.2198
DIAMONDS KING DIAMONDS TEN,0.2598,0.0342,0.706
HEARTS THREE DIAMONDS TEN,0.5942,0.1718,0.234
DIAMONDS ACE DIAMONDS TEN,0.2538,0.0192,0.727
HEARTS FOUR DIAMONDS TEN,0.5994,0.177,0.2236
CLUBS EIGHT HEARTS JACK,0.4356,0.0128,0.5516
HEARTS FIVE DIAMONDS TEN,0.5976,0.1708,0.2316
CLUBS EIGHT HEARTS TEN,0.6124,0.173,0.2146
CLUBS EIGHT HEARTS QUEEN,0.4058,0.0124,0.5818
CLUBS EIGHT HEARTS KING,0.4366,0.0076,0.5558
CLUBS EIGHT HEARTS ACE,0.4202,0.0026,0.5772
CLUBS NINE SPADES THREE,0.7128,0.0754,0.2118
CLUBS NINE SPADES TWO,0.7276,0.0676,0.2048
CLUBS NINE SPADES FIVE,0.715,0.0814,0.2036
CLUBS NINE SPADES FOUR,0.7018,0.0808,0.2174
CLUBS NINE SPADES SEVEN,0.6964,0.072,0.2316
CLUBS NINE SPADES SIX,0.6824,0.0798,0.2378
CLUBS NINE SPADES EIGHT,0.6836,0.0802,0.2362
CLUBS JACK HEARTS EIGHT,0.4016,0.0168,0.5816
CLUBS QUEEN HEARTS EIGHT,0.4286,0.0098,0.5616
CLUBS KING HEARTS EIGHT,0.4218,0.007,0.5712
CLUBS ACE HEARTS EIGHT,0.4136,0.0058,0.5806
SPADES KING CLUBS KING,0.1676,0.0096,0.8228
SPADES QUEEN CLUBS KING,0.3468,0.0082,0.645
SPADES ACE CLUBS KING,0.355,0.005,0.64
DIAMONDS ACE HEARTS TEN,0.2646,0.02,0.7154
HEARTS FOUR HEARTS TEN,0.566,0.1682,0.2658
DIAMONDS ACE HEARTS JACK,0.3704,0.0034,0.6262
HEARTS FOUR HEARTS JACK,0.4158,0.0134,0.5708
SPADES KING CLUBS FIVE,0.4472,0.0076,0.5452
SPADES QUEEN CLUBS FIVE,0.4464,0.0138,0.5398
SPADES ACE CLUBS FIVE,0.4428,0.0038,0.5534
DIAMONDS JACK HEARTS SEVEN,0.4196,0.0158,0.5646
HEARTS SIX DIAMONDS JACK,0.4366,0.0156,0.5478
DIAMONDS JACK HEARTS NINE,0.2506,0.051,0.6984
DIAMONDS JACK HEARTS EIGHT,0.4144,0.0144,0.5712
DIAMONDS KING DIAMONDS JACK,0.3416,0.0054,0.653
HEARTS THREE DIAMONDS JACK,0.4402,0.018,0.5418
SPADES ACE SPADES SIX,0.4218,0.0046,0.5736
SPADES FOUR HEARTS ACE,0.4382,0.003,0.5588
DIAMONDS QUEEN DIAMONDS JACK,0.3306,0.0112,0.6582
HEARTS TWO DIAMONDS JACK,0.4438,0.018,0.5382
HEARTS FIVE DIAMONDS JACK,0.439,0.0198,0.5412
SPADES QUEEN SPADES SIX,0.4278,0.0104,0.5618
SPADES FOUR HEARTS QUEEN,0.4424,0.0106,0.547
DIAMONDS ACE DIAMONDS JACK,0.3342,0.005,0.6608
HEARTS FOUR DIAMONDS JACK,0.4472,0.0144,0.5384
SPADES KING SPADES SIX,0.41,0.0066,0.5834
HEARTS KING SPADES FOUR,0.4376,0.0078,0.5546
SPADES TEN SPADES SIX,0.5774,0.1708,0.2518
SPADES JACK SPADES SIX,0.4094,0.0196,0.571
SPADES FOUR DIAMONDS JACK,0.4406,0.018,0.5414
SPADES FIVE DIAMONDS JACK,0.4484,0.0154,0.5362
DIAMONDS JACK SPADES TWO,0.448,0.0184,0.5336
SPADES THREE DIAMONDS JACK,0.4448,0.0154,0.5398
SPADES ACE DIAMONDS THREE,0.4234,0.0036,0.573
SPADES QUEEN DIAMONDS THREE,0.438,0.0108,0.5512
CLUBS EIGHT DIAMONDS JACK,0.4178,0.0174,0.5648
SPADES KING DIAMONDS THREE,0.446,0.008,0.546
CLUBS NINE DIAMONDS JACK,0.245,0.053,0.702
CLUBS SIX DIAMONDS JACK,0.4428,0.019,0.5382
CLUBS SEVEN DIAMONDS JACK,0.4406,0.0162,0.5432
CLUBS FOUR DIAMONDS JACK,0.4576,0.0136,0.5288
CLUBS FIVE DIAMONDS JACK,0.4374,0.0166,0.546
CLUBS TWO DIAMONDS JACK,0.4438,0.0178,0.5384
CLUBS THREE DIAMONDS JACK,0.4514,0.0146,0.534
SPADES TEN CLUBS FIVE,0.6154,0.1686,0.216
HEARTS SIX SPADES JACK,0.4334,0.0146,0.552
HEARTS SIX SPADES TEN,0.6086,0.1682,0.2232
SPADES JACK CLUBS FIVE,0.4582,0.0144,0.5274
SPADES JACK DIAMONDS THREE,0.4406,0.0166,0.5428
CLUBS SEVEN CLUBS ACE,0.4136,0.0034,0.583
DIAMONDS THREE SPADES TEN,0.595,0.1804,0.2246
CLUBS SEVEN CLUBS QUEEN,0.4208,0.0102,0.569
CLUBS SEVEN CLUBS KING,0.4148,0.005,0.5802
DIAMONDS ACE HEARTS ACE,0.1868,0.0018,0.8114
HEARTS FOUR HEARTS ACE,0.4254,0.0052,0.5694
SPADES EIGHT DIAMONDS JACK,0.4086,0.0144,0.577
SPADES ACE HEARTS SIX,0.426,0.0046,0.5694
CLUBS SEVEN CLUBS JACK,0.4082,0.0174,0.5744
DIAMONDS ACE HEARTS KING,0.3652,0.0032,0.6316
HEARTS FOUR HEARTS KING,0.4208,0.0064,0.5728
SPADES SEVEN DIAMONDS JACK,0.4338,0.0142,0.552
SPADES KING HEARTS SIX,0.439,0.0072,0.5538
DIAMONDS ACE HEARTS QUEEN,0.377,0.0046,0.6184
HEARTS FOUR HEARTS QUEEN,0.4256,0.0102,0.5642
SPADES SIX DIAMONDS JACK,0.4486,0.0134,0.538
SPADES QUEEN HEARTS SIX,0.4354,0.0094,0.5552
SPADES TWO DIAMONDS TEN,0.6138,0.1722,0.214
SPADES THREE DIAMONDS TEN,0.599,0.177,0.224
SPADES FOUR DIAMONDS TEN,0.6246,0.16,0.2154
SPADES FIVE DIAMONDS TEN,0.6086,0.1634,0.228
SPADES SIX DIAMONDS TEN,0.6184,0.1676,0.214
SPADES SEVEN DIAMONDS TEN,0.6004,0.172,0.2276
SPADES EIGHT DIAMONDS TEN,0.6038,0.1794,0.2168
CLUBS FOUR DIAMONDS TEN,0.6236,0.1688,0.2076
CLUBS FIVE DIAMONDS TEN,0.6092,0.1674,0.2234
CLUBS SIX DIAMONDS TEN,0.6126,0.173,0.2144
CLUBS SEVEN DIAMONDS TEN,0.604,0.1728,0.2232
CLUBS EIGHT DIAMONDS TEN,0.6062,0.1714,0.2224
CLUBS NINE DIAMONDS TEN,0.0194,0.969,0.0116
DIAMONDS THREE CLUBS JACK,0.4316,0.0164,0.552
DIAMONDS THREE CLUBS KING,0.44,0.0084,0.5516
DIAMONDS THREE CLUBS QUEEN,0.4438,0.0112,0.545
DIAMONDS THREE CLUBS ACE,0.448,0.0036,0.5484
SPADES FOUR HEARTS JACK,0.4542,0.0172,0.5286
SPADES FOUR HEARTS TEN,0.603,0.1746,0.2224
SPADES FIVE SPADES TWO,0.6114,0.0262,0.3624
SPADES FOUR SPADES TWO,0.6214,0.0256,0.353
SPADES THREE SPADES TWO,0.6228,0.02,0.3572
SPADES EIGHT SPADES TWO,0.658,0.02,0.322
SPADES SEVEN SPADES TWO,0.6468,0.0222,0.331
SPADES SIX SPADES TWO,0.6454,0.0262,0.3284
DIAMONDS QUEEN CLUBS THREE,0.448,0.0088,0.5432
HEARTS TWO CLUBS THREE,0.6508,0.0236,0.3256
DIAMONDS QUEEN CLUBS TWO,0.4596,0.0094,0.531
CLUBS TWO HEARTS TWO,0.4588,0.0386,0.5026
DIAMONDS QUEEN HEARTS SEVEN,0.4462,0.0108,0.543
HEARTS TWO HEARTS SEVEN,0.6236,0.0246,0.3518
HEARTS SIX DIAMONDS QUEEN,0.4414,0.0116,0.547
HEARTS SIX HEARTS TWO,0.6108,0.0208,0.3684
DIAMONDS QUEEN HEARTS NINE,0.2788,0.0374,0.6838
HEARTS TWO HEARTS NINE,0.6494,0.0742,0.2764
DIAMONDS QUEEN HEARTS EIGHT,0.4232,0.0094,0.5674
HEARTS TWO HEARTS EIGHT,0.6424,0.0208,0.3368
CLUBS NINE HEARTS TWO,0.716,0.0792,0.2048
CLUBS NINE DIAMONDS QUEEN,0.264,0.0426,0.6934
CLUBS EIGHT HEARTS TWO,0.6922,0.0224,0.2854
CLUBS EIGHT DIAMONDS QUEEN,0.4296,0.0102,0.5602
CLUBS FIVE DIAMONDS QUEEN,0.4538,0.0138,0.5324
CLUBS FIVE HEARTS TWO,0.6412,0.0242,0.3346
SPADES EIGHT HEARTS ACE,0.4366,0.0038,0.5596
CLUBS FOUR DIAMONDS QUEEN,0.446,0.0114,0.5426
CLUBS FOUR HEARTS TWO,0.64,0.0234,0.3366
SPADES EIGHT HEARTS QUEEN,0.4226,0.0122,0.5652
CLUBS SEVEN HEARTS TWO,0.685,0.0214,0.2936
CLUBS SEVEN DIAMONDS QUEEN,0.4364,0.0096,0.554
CLUBS SIX DIAMONDS QUEEN,0.4488,0.009,0.5422
CLUBS SIX HEARTS TWO,0.659,0.0294,0.3116
SPADES EIGHT HEARTS KING,0.447,0.0076,0.5454
DIAMONDS QUEEN SPADES SIX,0.448,0.0108,0.5412
HEARTS TWO SPADES SIX,0.67,0.0238,0.3062
HEARTS FOUR CLUBS QUEEN,0.4402,0.0088,0.551
DIAMONDS ACE CLUBS QUEEN,0.3594,0.005,0.6356
DIAMONDS QUEEN SPADES SEVEN,0.4422,0.0114,0.5464
SPADES SEVEN HEARTS TWO,0.6824,0.0232,0.2944
HEARTS FOUR CLUBS KING,0.45,0.006,0.544
DIAMONDS ACE CLUBS KING,0.3722,0.0034,0.6244
SPADES EIGHT DIAMONDS QUEEN,0.4322,0.0116,0.5562
SPADES EIGHT HEARTS TWO,0.6812,0.0198,0.299
HEARTS FOUR CLUBS ACE,0.438,0.0052,0.5568
DIAMONDS ACE CLUBS ACE,0.1822,0.0028,0.815
HEARTS TWO SPADES TWO,0.4574,0.0474,0.4952
DIAMONDS QUEEN SPADES TWO,0.4436,0.0108,0.5456
HEARTS TWO SPADES THREE,0.652,0.0224,0.3256
DIAMONDS QUEEN SPADES THREE,0.4476,0.0128,0.5396
HEARTS TWO SPADES FOUR,0.6516,0.0254,0.323
DIAMONDS QUEEN SPADES FOUR,0.444,0.01,0.546
HEARTS TWO SPADES FIVE,0.6466,0.0254,0.328
DIAMONDS QUEEN SPADES FIVE,0.4422,0.0092,0.5486
HEARTS FOUR CLUBS JACK,0.4442,0.0156,0.5402
DIAMONDS ACE CLUBS JACK,0.3572,0.004,0.6388
CLUBS FIVE CLUBS KING,0.428,0.0056,0.5664
CLUBS FIVE CLUBS QUEEN,0.4202,0.0128,0.567
CLUBS FIVE CLUBS ACE,0.4134,0.0028,0.5838
CLUBS FIVE CLUBS JACK,0.4266,0.015,0.5584
SPADES KING CLUBS JACK,0.3398,0.005,0.6552
SPADES QUEEN CLUBS JACK,0.3388,0.0096,0.6516
SPADES ACE CLUBS JACK,0.3588,0.005,0.6362
SPADES SIX CLUBS KING,0.449,0.007,0.544
SPADES SIX CLUBS QUEEN,0.4336,0.0108,0.5556
SPADES EIGHT HEARTS JACK,0.408,0.0144,0.5776
SPADES SIX CLUBS ACE,0.4414,0.0044,0.5542
SPADES EIGHT HEARTS TEN,0.5958,0.1722,0.232
SPADES SIX CLUBS JACK,0.434,0.0148,0.5512
SPADES TEN CLUBS JACK,0.2256,0.0548,0.7196
SPADES JACK CLUBS JACK,0.1554,0.025,0.8196
SPADES QUEEN CLUBS SEVEN,0.4384,0.0106,0.551
SPADES KING CLUBS SEVEN,0.44,0.007,0.553
SPADES ACE CLUBS SEVEN,0.444,0.004,0.552
SPADES SIX HEARTS TEN,0.6142,0.1668,0.219
SPADES SIX HEARTS JACK,0.4508,0.015,0.5342
SPADES SIX HEARTS ACE,0.436,0.0034,0.5606
SPADES SIX HEARTS KING,0.439,0.0076,0.5534
SPADES SIX HEARTS QUEEN,0.4454,0.0098,0.5448
SPADES JACK CLUBS SEVEN,0.4282,0.018,0.5538
CLUBS SEVEN SPADES TEN,0.6036,0.1752,0.2212
HEARTS SIX CLUBS JACK,0.4292,0.0146,0.5562
CLUBS ACE CLUBS JACK,0.357,0.005,0.638
HEARTS SIX CLUBS QUEEN,0.435,0.0112,0.5538
HEARTS SIX CLUBS KING,0.437,0.006,0.557
HEARTS SIX CLUBS ACE,0.4326,0.0044,0.563
CLUBS QUEEN CLUBS JACK,0.3282,0.0106,0.6612
CLUBS KING CLUBS JACK,0.33,0.007,0.663
DIAMONDS THREE HEARTS ACE,0.4446,0.0042,0.5512
DIAMONDS THREE HEARTS QUEEN,0.4446,0.0098,0.5456
DIAMONDS THREE HEARTS KING,0.4456,0.0052,0.5492
CLUBS FIVE HEARTS JACK,0.4512,0.0158,0.533
SPADES TEN DIAMONDS ACE,0.2568,0.022,0.7212
HEARTS FOUR SPADES TEN,0.5968,0.1802,0.223
CLUBS FIVE HEARTS TEN,0.612,0.1702,0.2178
HEARTS FOUR SPADES JACK,0.4388,0.016,0.5452
SPADES JACK DIAMONDS ACE,0.363,0.0046,0.6324
SPADES ACE HEARTS FOUR,0.4418,0.005,0.5532
SPADES ACE DIAMONDS ACE,0.1736,0.0042,0.8222
CLUBS FIVE HEARTS ACE,0.4578,0.0044,0.5378
CLUBS FIVE HEARTS KING,0.4434,0.0056,0.551
HEARTS FOUR SPADES QUEEN,0.4508,0.0098,0.5394
SPADES QUEEN DIAMONDS ACE,0.3634,0.0042,0.6324
SPADES FOUR CLUBS JACK,0.4456,0.0142,0.5402
CLUBS FIVE HEARTS QUEEN,0.4524,0.0112,0.5364
SPADES KING DIAMONDS ACE,0.3632,0.0048,0.632
HEARTS FOUR SPADES KING,0.4456,0.0056,0.5488
DIAMONDS QUEEN DIAMONDS ACE,0.3406,0.002,0.6574
HEARTS TWO DIAMONDS ACE,0.444,0.0036,0.5524
HEARTS FOUR DIAMONDS QUEEN,0.4502,0.0102,0.5396
HEARTS FOUR HEARTS TWO,0.6116,0.0222,0.3662
DIAMONDS THREE HEARTS TEN,0.5964,0.1676,0.236
SPADES FOUR CLUBS KING,0.461,0.0064,0.5326
HEARTS FIVE DIAMONDS QUEEN,0.4482,0.0104,0.5414
HEARTS FIVE HEARTS TWO,0.6046,0.0234,0.372
DIAMONDS THREE HEARTS JACK,0.4386,0.0182,0.5432
SPADES FOUR CLUBS QUEEN,0.4474,0.0114,0.5412
DIAMONDS QUEEN HEARTS TWO,0.4512,0.01,0.5388
DIAMONDS KING DIAMONDS QUEEN,0.3366,0.0064,0.657
DIAMONDS KING HEARTS TWO,0.438,0.0052,0.5568
HEARTS THREE DIAMONDS QUEEN,0.426,0.0078,0.5662
HEARTS THREE HEARTS TWO,0.6014,0.027,0.3716
SPADES FOUR CLUBS ACE,0.4546,0.0048,0.5406
HEARTS TWO CLUBS ACE,0.4362,0.005,0.5588
DIAMONDS QUEEN CLUBS ACE,0.3644,0.0044,0.6312
HEARTS TWO CLUBS QUEEN,0.4448,0.0102,0.545
DIAMONDS QUEEN CLUBS QUEEN,0.167,0.017,0.816
HEARTS TWO CLUBS KING,0.4422,0.0066,0.5512
DIAMONDS QUEEN CLUBS KING,0.3466,0.0088,0.6446
SPADES EIGHT SPADES FIVE,0.629,0.0216,0.3494
HEARTS TWO CLUBS JACK,0.4466,0.0178,0.5356
DIAMONDS QUEEN CLUBS JACK,0.3356,0.008,0.6564
SPADES SIX SPADES FIVE,0.6048,0.0254,0.3698
SPADES SEVEN SPADES FIVE,0.615,0.0238,0.3612
DIAMONDS FIVE CLUBS QUEEN,0.4406,0.0104,0.549
SPADES EIGHT CLUBS ACE,0.433,0.0048,0.5622
DIAMONDS FIVE CLUBS KING,0.4336,0.0062,0.5602
SPADES EIGHT CLUBS KING,0.4322,0.0094,0.5584
CLUBS ACE DIAMONDS FIVE,0.4396,0.0064,0.554
SPADES EIGHT CLUBS QUEEN,0.4252,0.0092,0.5656
SPADES EIGHT CLUBS JACK,0.417,0.0146,0.5684
DIAMONDS FIVE CLUBS JACK,0.4452,0.0132,0.5416
HEARTS JACK DIAMONDS TEN,0.2446,0.0538,0.7016
DIAMONDS TEN HEARTS TEN,0.1478,0.045,0.8072
SPADES ACE CLUBS NINE,0.2962,0.021,0.6828
CLUBS NINE SPADES QUEEN,0.2632,0.0444,0.6924
SPADES KING CLUBS NINE,0.2688,0.0302,0.701
HEARTS SIX HEARTS KING,0.404,0.0062,0.5898
DIAMONDS KING SPADES SEVEN,0.4382,0.0062,0.5556
HEARTS THREE SPADES SEVEN,0.6626,0.0224,0.315
SPADES KING DIAMONDS SEVEN,0.4304,0.0076,0.562
HEARTS SIX HEARTS QUEEN,0.4122,0.0078,0.58
DIAMONDS KING SPADES SIX,0.4342,0.008,0.5578
HEARTS THREE SPADES SIX,0.6562,0.0206,0.3232
SPADES QUEEN DIAMONDS SEVEN,0.4412,0.01,0.5488
HEARTS SIX HEARTS ACE,0.4164,0.0034,0.5802
DIAMONDS KING SPADES EIGHT,0.4454,0.005,0.5496
HEARTS THREE SPADES EIGHT,0.6834,0.024,0.2926
SPADES ACE DIAMONDS SEVEN,0.4344,0.0042,0.5614
CLUBS NINE HEARTS THREE,0.7066,0.0734,0.22
CLUBS NINE DIAMONDS KING,0.283,0.0296,0.6874
CLUBS EIGHT HEARTS THREE,0.6772,0.023,0.2998
CLUBS EIGHT DIAMONDS KING,0.4348,0.0068,0.5584
HEARTS THREE SPADES THREE,0.4876,0.0442,0.4682
DIAMONDS KING SPADES THREE,0.4534,0.007,0.5396
HEARTS THREE SPADES TWO,0.6456,0.0228,0.3316
DIAMONDS KING SPADES TWO,0.4456,0.005,0.5494
HEARTS THREE SPADES FIVE,0.6368,0.0244,0.3388
