opposingHand,winningChance,drawChance,lostChance
CLUBS SEVEN DIAMONDS EIGHT
HEARTS FIVE SPADES TEN,0.4356,0.0268,0.5376
HEARTS FIVE SPADES JACK,0.4284,0.0158,0.5558
CLUBS JACK SPADES FIVE,0.4278,0.0204,0.5518
CLUBS TEN SPADES FIVE,0.4296,0.0258,0.5446
CLUBS JACK CLUBS EIGHT,0.2642,0.053,0.6828
CLUBS TEN CLUBS EIGHT,0.256,0.0794,0.6646
CLUBS EIGHT CLUBS KING,0.2604,0.0342,0.7054
SPADES FIVE CLUBS ACE,0.4188,0.003,0.5782
CLUBS EIGHT CLUBS QUEEN,0.2546,0.0478,0.6976
SPADES FIVE CLUBS KING,0.4284,0.0094,0.5622
SPADES FIVE CLUBS QUEEN,0.4184,0.0128,0.5688
CLUBS EIGHT CLUBS ACE,0.2872,0.024,0.6888
DIAMONDS TWO DIAMONDS THREE,0.5948,0.0664,0.3388
DIAMONDS TWO DIAMONDS FIVE,0.5824,0.0598,0.3578
HEARTS FIVE SPADES KING,0.427,0.0076,0.5654
DIAMONDS TWO DIAMONDS FOUR,0.588,0.0592,0.3528
HEARTS FIVE SPADES QUEEN,0.42,0.0124,0.5676
DIAMONDS TWO DIAMONDS SEVEN,0.6174,0.1346,0.248
DIAMONDS TWO DIAMONDS SIX,0.6124,0.0608,0.3268
SPADES ACE HEARTS FIVE,0.4244,0.0042,0.5714
DIAMONDS TWO DIAMONDS NINE,0.4224,0.0372,0.5404
DIAMONDS THREE DIAMONDS FOUR,0.5794,0.0622,0.3584
CLUBS TWO SPADES FOUR,0.6188,0.0606,0.3206
DIAMONDS THREE DIAMONDS FIVE,0.574,0.0602,0.3658
SPADES FIVE CLUBS TWO,0.6106,0.0578,0.3316
CLUBS TWO SPADES TWO,0.4286,0.0856,0.4858
CLUBS TWO SPADES THREE,0.6414,0.0578,0.3008
SPADES EIGHT CLUBS TWO,0.4914,0.3032,0.2054
DIAMONDS THREE DIAMONDS NINE,0.4244,0.034,0.5416
SPADES NINE CLUBS TWO,0.4548,0.0386,0.5066
DIAMONDS THREE DIAMONDS SIX,0.6112,0.0524,0.3364
SPADES SIX CLUBS TWO,0.6404,0.0606,0.299
DIAMONDS THREE DIAMONDS SEVEN,0.6134,0.1362,0.2504
SPADES SEVEN CLUBS TWO,0.6406,0.1418,0.2176
CLUBS SIX CLUBS TWO,0.613,0.0584,0.3286
CLUBS FOUR CLUBS TWO,0.5898,0.0544,0.3558
CLUBS FIVE CLUBS TWO,0.5876,0.0624,0.35
CLUBS TEN CLUBS JACK,0.3194,0.0146,0.666
DIAMONDS FOUR DIAMONDS SIX,0.5958,0.0546,0.3496
CLUBS TEN CLUBS QUEEN,0.3378,0.0092,0.653
DIAMONDS FOUR DIAMONDS SEVEN,0.6036,0.1344,0.262
CLUBS TEN CLUBS KING,0.344,0.0062,0.6498
CLUBS TEN CLUBS ACE,0.3558,0.0028,0.6414
CLUBS EIGHT CLUBS TWO,0.474,0.2844,0.2416
DIAMONDS FIVE DIAMONDS FOUR,0.5658,0.0618,0.3724
CLUBS NINE CLUBS TWO,0.4208,0.043,0.5362
DIAMONDS NINE DIAMONDS FOUR,0.4118,0.0418,0.5464
CLUBS THREE CLUBS TWO,0.5974,0.0594,0.3432
DIAMONDS NINE DIAMONDS FIVE,0.404,0.0402,0.5558
CLUBS JACK DIAMONDS TWO,0.4518,0.0184,0.5298
CLUBS TEN DIAMONDS TWO,0.442,0.0292,0.5288
DIAMONDS FIVE DIAMONDS SEVEN,0.5956,0.133,0.2714
DIAMONDS FIVE DIAMONDS SIX,0.5742,0.062,0.3638
DIAMONDS TWO CLUBS ACE,0.4368,0.0034,0.5598
DIAMONDS TWO CLUBS KING,0.4528,0.0064,0.5408
DIAMONDS TWO CLUBS QUEEN,0.4386,0.0148,0.5466
DIAMONDS NINE DIAMONDS SIX,0.3844,0.0406,0.575
HEARTS ACE SPADES THREE,0.4294,0.0046,0.566
SPADES THREE HEARTS KING,0.434,0.0074,0.5586
DIAMONDS SEVEN DIAMONDS SIX,0.5886,0.1334,0.278
HEARTS QUEEN SPADES THREE,0.4544,0.0134,0.5322
SPADES THREE HEARTS JACK,0.4408,0.0168,0.5424
SPADES THREE HEARTS TEN,0.4524,0.0242,0.5234
DIAMONDS NINE DIAMONDS SEVEN,0.24,0.1012,0.6588
DIAMONDS KING HEARTS TEN,0.3548,0.0064,0.6388
HEARTS THREE HEARTS TEN,0.4104,0.027,0.5626
SPADES JACK CLUBS SIX,0.418,0.0158,0.5662
DIAMONDS KING HEARTS JACK,0.3658,0.0056,0.6286
HEARTS THREE HEARTS JACK,0.4174,0.0174,0.5652
SPADES TEN CLUBS SIX,0.4206,0.0282,0.5512
SPADES JACK SPADES FIVE,0.4078,0.0188,0.5734
SPADES TEN SPADES FIVE,0.4148,0.0276,0.5576
DIAMONDS KING HEARTS ACE,0.3666,0.0052,0.6282
HEARTS THREE HEARTS ACE,0.4102,0.0042,0.5856
SPADES ACE CLUBS SIX,0.4284,0.003,0.5686
DIAMONDS KING HEARTS QUEEN,0.3478,0.007,0.6452
HEARTS THREE HEARTS QUEEN,0.4126,0.0126,0.5748
SPADES KING CLUBS SIX,0.4084,0.0076,0.584
DIAMONDS KING HEARTS KING,0.189,0.0138,0.7972
HEARTS THREE HEARTS KING,0.408,0.0082,0.5838
SPADES QUEEN CLUBS SIX,0.4318,0.013,0.5552
SPADES NINE HEARTS TEN,0.353,0.0214,0.6256
SPADES NINE HEARTS JACK,0.3532,0.0156,0.6312
SPADES QUEEN SPADES FIVE,0.3982,0.0132,0.5886
SPADES KING SPADES FIVE,0.406,0.0072,0.5868
SPADES ACE SPADES FIVE,0.4038,0.005,0.5912
SPADES NINE HEARTS QUEEN,0.3834,0.0096,0.607
SPADES NINE HEARTS KING,0.3736,0.0062,0.6202
SPADES NINE HEARTS ACE,0.378,0.0022,0.6198
CLUBS TEN SPADES JACK,0.3504,0.0122,0.6374
CLUBS TEN SPADES TEN,0.1652,0.0444,0.7904
SPADES ACE CLUBS TEN,0.368,0.0042,0.6278
CLUBS TEN SPADES KING,0.3526,0.0068,0.6406
CLUBS TEN SPADES QUEEN,0.3506,0.0118,0.6376
SPADES FIVE HEARTS QUEEN,0.4296,0.0112,0.5592
SPADES FIVE HEARTS KING,0.4286,0.0082,0.5632
HEARTS ACE SPADES FIVE,0.4366,0.0022,0.5612
CLUBS EIGHT SPADES TEN,0.2594,0.0772,0.6634
SPADES JACK HEARTS THREE,0.4344,0.0172,0.5484
SPADES JACK DIAMONDS KING,0.3644,0.0058,0.6298
SPADES TEN DIAMONDS KING,0.359,0.0064,0.6346
SPADES TEN HEARTS THREE,0.442,0.0252,0.5328
CLUBS EIGHT SPADES JACK,0.258,0.0622,0.6798
CLUBS SIX HEARTS ACE,0.4376,0.0038,0.5586
SPADES ACE CLUBS EIGHT,0.2716,0.0244,0.704
HEARTS FIVE CLUBS JACK,0.4302,0.0162,0.5536
CLUBS TEN HEARTS FIVE,0.4308,0.0244,0.5448
CLUBS SIX HEARTS QUEEN,0.4132,0.011,0.5758
SPADES QUEEN CLUBS EIGHT,0.264,0.0444,0.6916
CLUBS TEN SPADES THREE,0.4384,0.0276,0.534
CLUBS SIX HEARTS KING,0.4292,0.0074,0.5634
SPADES KING CLUBS EIGHT,0.282,0.0294,0.6886
CLUBS JACK SPADES THREE,0.4388,0.0182,0.543
DIAMONDS TWO HEARTS JACK,0.4344,0.0174,0.5482
SPADES THREE CLUBS QUEEN,0.4504,0.0106,0.539
DIAMONDS TWO HEARTS TEN,0.4476,0.0244,0.528
SPADES THREE CLUBS KING,0.433,0.009,0.558
HEARTS FIVE CLUBS ACE,0.4282,0.004,0.5678
SPADES FIVE HEARTS TEN,0.4344,0.0238,0.5418
SPADES THREE CLUBS ACE,0.4438,0.005,0.5512
HEARTS FIVE CLUBS KING,0.428,0.0074,0.5646
SPADES FIVE HEARTS JACK,0.4386,0.0208,0.5406
HEARTS FIVE CLUBS QUEEN,0.4188,0.0108,0.5704
HEARTS THREE CLUBS KING,0.449,0.0078,0.5432
DIAMONDS KING CLUBS KING,0.173,0.0166,0.8104
HEARTS THREE CLUBS QUEEN,0.4512,0.01,0.5388
DIAMONDS KING CLUBS QUEEN,0.3466,0.0064,0.647
HEARTS FIVE HEARTS JACK,0.3914,0.0214,0.5872
HEARTS FIVE HEARTS TEN,0.404,0.026,0.57
HEARTS THREE CLUBS ACE,0.432,0.0058,0.5622
DIAMONDS KING CLUBS ACE,0.365,0.0068,0.6282
SPADES ACE CLUBS QUEEN,0.3658,0.0044,0.6298
SPADES KING CLUBS QUEEN,0.3436,0.0068,0.6496
CLUBS JACK HEARTS THREE,0.4456,0.0144,0.54
CLUBS JACK DIAMONDS KING,0.362,0.007,0.631
SPADES QUEEN CLUBS QUEEN,0.1794,0.0246,0.796
CLUBS TEN HEARTS THREE,0.4486,0.0252,0.5262
CLUBS TEN DIAMONDS KING,0.3638,0.0074,0.6288
SPADES JACK CLUBS QUEEN,0.3582,0.011,0.6308
CLUBS SIX CLUBS QUEEN,0.3978,0.0132,0.589
SPADES TEN CLUBS QUEEN,0.352,0.0092,0.6388
CLUBS SIX CLUBS KING,0.4016,0.0076,0.5908
CLUBS SIX CLUBS ACE,0.4074,0.0028,0.5898
HEARTS FIVE HEARTS KING,0.3978,0.0066,0.5956
HEARTS FIVE HEARTS QUEEN,0.3998,0.0108,0.5894
CLUBS TEN CLUBS SIX,0.4122,0.0258,0.562
HEARTS FIVE HEARTS ACE,0.386,0.0038,0.6102
CLUBS JACK CLUBS SIX,0.4024,0.0186,0.579
SPADES SEVEN HEARTS JACK,0.2864,0.0502,0.6634
SPADES SEVEN HEARTS TEN,0.2812,0.0708,0.648
DIAMONDS TWO CLUBS TWO,0.421,0.0874,0.4916
DIAMONDS TWO CLUBS THREE,0.6318,0.0602,0.308
DIAMONDS TWO HEARTS SIX,0.6402,0.0578,0.302
DIAMONDS TWO HEARTS QUEEN,0.4428,0.0124,0.5448
HEARTS SEVEN DIAMONDS TWO,0.6392,0.1438,0.217
DIAMONDS TWO HEARTS KING,0.4518,0.0066,0.5416
DIAMONDS TWO HEARTS EIGHT,0.4998,0.2932,0.207
DIAMONDS TWO HEARTS ACE,0.4402,0.0048,0.555
DIAMONDS TWO HEARTS NINE,0.4438,0.0382,0.518
DIAMONDS TWO DIAMONDS QUEEN,0.4236,0.0112,0.5652
DIAMONDS TWO HEARTS TWO,0.427,0.0868,0.4862
DIAMONDS TWO DIAMONDS KING,0.4284,0.007,0.5646
DIAMONDS TWO HEARTS THREE,0.6242,0.0674,0.3084
DIAMONDS TWO DIAMONDS ACE,0.4182,0.0064,0.5754
HEARTS FOUR DIAMONDS TWO,0.6036,0.061,0.3354
HEARTS FIVE DIAMONDS TWO,0.6314,0.0536,0.315
SPADES SEVEN HEARTS ACE,0.293,0.0194,0.6876
DIAMONDS TWO DIAMONDS TEN,0.4124,0.0256,0.562
SPADES SEVEN HEARTS KING,0.2998,0.0322,0.668
DIAMONDS TWO DIAMONDS JACK,0.4382,0.0164,0.5454
SPADES SEVEN HEARTS QUEEN,0.301,0.0356,0.6634
DIAMONDS TWO SPADES NINE,0.4448,0.0412,0.514
DIAMONDS TWO SPADES EIGHT,0.4862,0.3058,0.208
DIAMONDS TWO SPADES SEVEN,0.6428,0.1484,0.2088
DIAMONDS TWO SPADES SIX,0.634,0.0656,0.3004
DIAMONDS TWO SPADES FIVE,0.611,0.065,0.324
DIAMONDS TWO SPADES FOUR,0.6256,0.0608,0.3136
DIAMONDS TWO SPADES THREE,0.6368,0.0582,0.305
DIAMONDS TWO SPADES TWO,0.4334,0.0838,0.4828
DIAMONDS TWO CLUBS NINE,0.4348,0.046,0.5192
CLUBS EIGHT DIAMONDS TWO,0.4974,0.2982,0.2044
DIAMONDS TWO CLUBS SIX,0.6452,0.0656,0.2892
DIAMONDS TWO CLUBS FIVE,0.6274,0.0664,0.3062
DIAMONDS TWO CLUBS FOUR,0.6162,0.0602,0.3236
CLUBS FOUR SPADES FIVE,0.5922,0.0682,0.3396
CLUBS FOUR SPADES FOUR,0.4138,0.0796,0.5066
CLUBS FOUR SPADES THREE,0.6104,0.0576,0.332
CLUBS FOUR SPADES TWO,0.6248,0.056,0.3192
SPADES NINE CLUBS FOUR,0.4446,0.0382,0.5172
SPADES EIGHT CLUBS FOUR,0.4908,0.2884,0.2208
SPADES SEVEN CLUBS FOUR,0.628,0.1418,0.2302
CLUBS FOUR SPADES SIX,0.6196,0.0598,0.3206
SPADES ACE DIAMONDS SIX,0.4336,0.0046,0.5618
SPADES QUEEN DIAMONDS SIX,0.4412,0.0112,0.5476
SPADES KING DIAMONDS SIX,0.4222,0.008,0.5698
SPADES TEN DIAMONDS SIX,0.421,0.0238,0.5552
SPADES JACK DIAMONDS SIX,0.4396,0.0202,0.5402
SPADES QUEEN SPADES TWO,0.4118,0.0112,0.577
SPADES KING SPADES TWO,0.4128,0.0088,0.5784
SPADES ACE SPADES TWO,0.4092,0.0046,0.5862
CLUBS JACK DIAMONDS JACK,0.1802,0.034,0.7858
CLUBS TEN DIAMONDS JACK,0.3398,0.0132,0.647
DIAMONDS JACK CLUBS KING,0.3588,0.0068,0.6344
DIAMONDS JACK CLUBS QUEEN,0.3504,0.0096,0.64
DIAMONDS THREE DIAMONDS JACK,0.4278,0.02,0.5522
DIAMONDS THREE DIAMONDS TEN,0.4212,0.0258,0.553
DIAMONDS JACK CLUBS ACE,0.372,0.0042,0.6238
DIAMONDS THREE DIAMONDS KING,0.4102,0.01,0.5798
DIAMONDS THREE HEARTS THREE,0.4282,0.085,0.4868
DIAMONDS THREE DIAMONDS QUEEN,0.415,0.0112,0.5738
DIAMONDS THREE HEARTS TWO,0.6318,0.0582,0.31
HEARTS FIVE DIAMONDS THREE,0.594,0.0642,0.3418
DIAMONDS THREE DIAMONDS ACE,0.4228,0.0046,0.5726
HEARTS FOUR DIAMONDS THREE,0.606,0.06,0.334
HEARTS SEVEN DIAMONDS THREE,0.6514,0.1366,0.212
SPADES TEN SPADES NINE,0.3286,0.0208,0.6506
HEARTS SIX DIAMONDS THREE,0.6274,0.0614,0.3112
SPADES JACK SPADES NINE,0.3336,0.0176,0.6488
DIAMONDS THREE HEARTS NINE,0.447,0.0418,0.5112
HEARTS JACK DIAMONDS FOUR,0.4374,0.0194,0.5432
HEARTS ACE HEARTS KING,0.349,0.0048,0.6462
SPADES TEN SPADES TWO,0.42,0.0208,0.5592
DIAMONDS THREE HEARTS EIGHT,0.4864,0.298,0.2156
HEARTS TEN DIAMONDS FOUR,0.4312,0.027,0.5418
SPADES JACK SPADES TWO,0.4228,0.0172,0.56
HEARTS QUEEN DIAMONDS FOUR,0.4418,0.0098,0.5484
HEARTS KING DIAMONDS FOUR,0.4568,0.0068,0.5364
SPADES ACE SPADES NINE,0.3552,0.0034,0.6414
HEARTS ACE DIAMONDS FOUR,0.4374,0.0048,0.5578
SPADES KING SPADES NINE,0.3582,0.0058,0.636
SPADES QUEEN SPADES NINE,0.3406,0.0088,0.6506
DIAMONDS THREE SPADES NINE,0.4378,0.0412,0.521
DIAMONDS THREE SPADES EIGHT,0.5054,0.2912,0.2034
DIAMONDS THREE SPADES SEVEN,0.6196,0.1592,0.2212
DIAMONDS THREE SPADES SIX,0.614,0.0638,0.3222
DIAMONDS THREE CLUBS SIX,0.6376,0.061,0.3014
CLUBS FIVE CLUBS SIX,0.5604,0.0646,0.375
CLUBS ACE DIAMONDS FOUR,0.4292,0.005,0.5658
DIAMONDS THREE CLUBS FOUR,0.6106,0.0636,0.3258
DIAMONDS FOUR CLUBS QUEEN,0.4348,0.0134,0.5518
DIAMONDS THREE CLUBS FIVE,0.6094,0.0606,0.33
DIAMONDS FOUR CLUBS KING,0.442,0.0088,0.5492
DIAMONDS THREE CLUBS TWO,0.6264,0.065,0.3086
CLUBS TEN DIAMONDS FOUR,0.436,0.0272,0.5368
DIAMONDS THREE CLUBS THREE,0.4304,0.0846,0.485
CLUBS JACK DIAMONDS FOUR,0.443,0.0164,0.5406
DIAMONDS THREE SPADES FOUR,0.6082,0.0614,0.3304
DIAMONDS THREE SPADES FIVE,0.608,0.0572,0.3348
DIAMONDS THREE SPADES TWO,0.6324,0.0606,0.307
DIAMONDS THREE SPADES THREE,0.4386,0.0886,0.4728
CLUBS EIGHT DIAMONDS THREE,0.4994,0.3012,0.1994
CLUBS NINE DIAMONDS THREE,0.4292,0.043,0.5278
SPADES SEVEN CLUBS ACE,0.2886,0.0244,0.687
SPADES SEVEN CLUBS QUEEN,0.288,0.0434,0.6686
SPADES SEVEN CLUBS KING,0.2974,0.0338,0.6688
CLUBS FIVE SPADES SEVEN,0.6114,0.1512,0.2374
CLUBS TEN SPADES SEVEN,0.2664,0.072,0.6616
CLUBS FIVE SPADES SIX,0.611,0.0612,0.3278
CLUBS JACK SPADES SEVEN,0.2694,0.0556,0.675
CLUBS FIVE SPADES NINE,0.4326,0.0388,0.5286
CLUBS FIVE SPADES EIGHT,0.489,0.2932,0.2178
CLUBS FIVE SPADES THREE,0.6074,0.0672,0.3254
CLUBS FIVE SPADES TWO,0.6202,0.0652,0.3146
CLUBS FIVE SPADES FIVE,0.4142,0.0874,0.4984
CLUBS FIVE SPADES FOUR,0.5868,0.065,0.3482
CLUBS NINE CLUBS FIVE,0.4044,0.0402,0.5554
CLUBS EIGHT CLUBS FIVE,0.4632,0.2772,0.2596
CLUBS ACE CLUBS QUEEN,0.353,0.0048,0.6422
CLUBS KING CLUBS QUEEN,0.3294,0.0068,0.6638
DIAMONDS TEN DIAMONDS FOUR,0.4098,0.0284,0.5618
CLUBS TEN DIAMONDS NINE,0.3256,0.0234,0.651
DIAMONDS JACK DIAMONDS FOUR,0.418,0.0184,0.5636
CLUBS JACK DIAMONDS NINE,0.3404,0.0162,0.6434
CLUBS JACK SPADES NINE,0.3628,0.0186,0.6186
CLUBS TEN SPADES NINE,0.337,0.02,0.643
DIAMONDS ACE DIAMONDS FOUR,0.4136,0.0048,0.5816
HEARTS FOUR DIAMONDS FOUR,0.3998,0.0822,0.518
DIAMONDS JACK HEARTS TEN,0.3612,0.0144,0.6244
SPADES NINE CLUBS KING,0.3582,0.0086,0.6332
DIAMONDS TWO SPADES TEN,0.459,0.0298,0.5112
DIAMONDS NINE CLUBS ACE,0.3702,0.0074,0.6224
HEARTS FIVE DIAMONDS FOUR,0.5898,0.0632,0.347
DIAMONDS JACK HEARTS JACK,0.1874,0.0368,0.7758
SPADES NINE CLUBS QUEEN,0.3744,0.0104,0.6152
DIAMONDS TWO SPADES JACK,0.4392,0.0156,0.5452
DIAMONDS QUEEN DIAMONDS FOUR,0.4244,0.0094,0.5662
HEARTS TWO DIAMONDS FOUR,0.6194,0.0594,0.3212
DIAMONDS NINE CLUBS QUEEN,0.3492,0.0102,0.6406
DIAMONDS KING DIAMONDS FOUR,0.4046,0.0092,0.5862
HEARTS THREE DIAMONDS FOUR,0.607,0.059,0.334
SPADES NINE CLUBS ACE,0.3618,0.0034,0.6348
DIAMONDS NINE CLUBS KING,0.3608,0.0098,0.6294
HEARTS ACE DIAMONDS JACK,0.3752,0.0038,0.621
SPADES ACE DIAMONDS TWO,0.4438,0.0024,0.5538
HEARTS QUEEN DIAMONDS JACK,0.349,0.0124,0.6386
SPADES QUEEN DIAMONDS TWO,0.4396,0.012,0.5484
HEARTS KING DIAMONDS JACK,0.3682,0.0058,0.626
SPADES KING DIAMONDS TWO,0.44,0.0084,0.5516
SPADES JACK SPADES SEVEN,0.2808,0.053,0.6662
SPADES TEN SPADES SEVEN,0.2536,0.0692,0.6772
CLUBS SIX CLUBS THREE,0.6078,0.0588,0.3334
CLUBS FIVE CLUBS THREE,0.586,0.055,0.359
CLUBS THREE CLUBS FOUR,0.585,0.0676,0.3474
CLUBS NINE CLUBS THREE,0.4248,0.0386,0.5366
CLUBS EIGHT CLUBS THREE,0.4794,0.277,0.2436
CLUBS THREE SPADES FIVE,0.6032,0.064,0.3328
CLUBS THREE SPADES FOUR,0.6098,0.063,0.3272
CLUBS THREE SPADES THREE,0.4294,0.0828,0.4878
CLUBS THREE SPADES TWO,0.632,0.0632,0.3048
CLUBS THREE SPADES SIX,0.6186,0.065,0.3164
CLUBS THREE SPADES SEVEN,0.6522,0.1408,0.207
SPADES EIGHT CLUBS THREE,0.497,0.3006,0.2024
SPADES NINE CLUBS THREE,0.4462,0.0384,0.5154
SPADES TWO DIAMONDS FOUR,0.6186,0.0652,0.3162
SPADES THREE DIAMONDS FOUR,0.5958,0.0662,0.338
SPADES FOUR DIAMONDS FOUR,0.4094,0.0826,0.508
SPADES FIVE DIAMONDS FOUR,0.5952,0.0592,0.3456
SPADES SIX DIAMONDS FOUR,0.6142,0.0586,0.3272
SPADES SEVEN DIAMONDS FOUR,0.6194,0.1478,0.2328
SPADES EIGHT DIAMONDS FOUR,0.486,0.2934,0.2206
SPADES NINE DIAMONDS FOUR,0.4346,0.0426,0.5228
CLUBS FIVE DIAMONDS FOUR,0.5956,0.0684,0.336
CLUBS FOUR DIAMONDS FOUR,0.4236,0.0852,0.4912
CLUBS SIX DIAMONDS FOUR,0.6112,0.059,0.3298
CLUBS NINE DIAMONDS FOUR,0.4236,0.0402,0.5362
CLUBS EIGHT DIAMONDS FOUR,0.493,0.2964,0.2106
HEARTS SEVEN DIAMONDS FOUR,0.6176,0.1506,0.2318
HEARTS SIX DIAMONDS FOUR,0.6028,0.0696,0.3276
DIAMONDS FOUR HEARTS NINE,0.4384,0.0436,0.518
DIAMONDS FOUR HEARTS EIGHT,0.482,0.3,0.218
CLUBS THREE DIAMONDS FOUR,0.6056,0.0628,0.3316
CLUBS TWO DIAMONDS FOUR,0.6266,0.0556,0.3178
DIAMONDS TEN DIAMONDS FIVE,0.4218,0.028,0.5502
DIAMONDS JACK DIAMONDS FIVE,0.4136,0.0182,0.5682
DIAMONDS NINE HEARTS QUEEN,0.3552,0.0086,0.6362
DIAMONDS NINE HEARTS KING,0.3634,0.008,0.6286
HEARTS ACE DIAMONDS NINE,0.3632,0.0042,0.6326
DIAMONDS NINE HEARTS TEN,0.3452,0.0236,0.6312
DIAMONDS NINE HEARTS JACK,0.3428,0.0208,0.6364
CLUBS KING DIAMONDS SIX,0.425,0.0102,0.5648
CLUBS QUEEN DIAMONDS SIX,0.4214,0.013,0.5656
CLUBS ACE DIAMONDS SIX,0.4318,0.0048,0.5634
SPADES KING DIAMONDS FOUR,0.432,0.0082,0.5598
SPADES ACE SPADES SEVEN,0.2742,0.0196,0.7062
SPADES QUEEN DIAMONDS FOUR,0.4322,0.0132,0.5546
SPADES QUEEN SPADES SEVEN,0.2844,0.0372,0.6784
CLUBS JACK DIAMONDS SIX,0.432,0.0166,0.5514
SPADES KING SPADES SEVEN,0.274,0.0306,0.6954
SPADES ACE DIAMONDS FOUR,0.4278,0.004,0.5682
CLUBS TEN DIAMONDS SIX,0.42,0.03,0.55
CLUBS NINE CLUBS FOUR,0.407,0.0418,0.5512
CLUBS EIGHT CLUBS FOUR,0.467,0.2784,0.2546
SPADES JACK DIAMONDS FOUR,0.444,0.0174,0.5386
SPADES TEN DIAMONDS FOUR,0.4348,0.0262,0.539
CLUBS FIVE CLUBS FOUR,0.569,0.0532,0.3778
CLUBS SIX CLUBS FOUR,0.589,0.0584,0.3526
HEARTS SIX DIAMONDS FIVE,0.6034,0.0598,0.3368
HEARTS SEVEN DIAMONDS FIVE,0.6272,0.1356,0.2372
DIAMONDS FIVE HEARTS EIGHT,0.4712,0.2998,0.229
DIAMONDS FIVE HEARTS NINE,0.42,0.0438,0.5362
DIAMONDS QUEEN DIAMONDS FIVE,0.4056,0.0112,0.5832
HEARTS TWO DIAMONDS FIVE,0.6118,0.0652,0.323
HEARTS KING HEARTS EIGHT,0.2772,0.0294,0.6934
DIAMONDS KING DIAMONDS FIVE,0.412,0.0088,0.5792
HEARTS THREE DIAMONDS FIVE,0.5944,0.0654,0.3402
HEARTS QUEEN HEARTS EIGHT,0.2558,0.047,0.6972
DIAMONDS ACE DIAMONDS FIVE,0.4018,0.0032,0.595
HEARTS FOUR DIAMONDS FIVE,0.5828,0.0642,0.353
HEARTS FIVE DIAMONDS FIVE,0.4036,0.0844,0.512
HEARTS ACE HEARTS EIGHT,0.2734,0.0238,0.7028
CLUBS FOUR DIAMONDS FIVE,0.6026,0.0598,0.3376
CLUBS FIVE DIAMONDS FIVE,0.4146,0.0834,0.502
CLUBS SIX DIAMONDS FIVE,0.6074,0.0636,0.329
CLUBS TWO DIAMONDS FIVE,0.618,0.0612,0.3208
CLUBS THREE DIAMONDS FIVE,0.6104,0.067,0.3226
SPADES THREE DIAMONDS FIVE,0.5982,0.0608,0.341
SPADES TWO DIAMONDS FIVE,0.6212,0.0612,0.3176
SPADES FIVE DIAMONDS FIVE,0.414,0.0724,0.5136
CLUBS TEN HEARTS JACK,0.3444,0.0112,0.6444
SPADES FOUR DIAMONDS FIVE,0.5952,0.062,0.3428
CLUBS JACK HEARTS JACK,0.1732,0.0354,0.7914
HEARTS JACK CLUBS QUEEN,0.3664,0.0112,0.6224
CLUBS NINE DIAMONDS FIVE,0.414,0.0428,0.5432
CLUBS EIGHT DIAMONDS FIVE,0.4902,0.2964,0.2134
HEARTS JACK CLUBS KING,0.3698,0.0072,0.623
CLUBS ACE HEARTS JACK,0.3596,0.0022,0.6382
SPADES SEVEN DIAMONDS FIVE,0.6162,0.1432,0.2406
SPADES SIX DIAMONDS FIVE,0.5986,0.0634,0.338
SPADES NINE DIAMONDS FIVE,0.4254,0.044,0.5306
SPADES EIGHT DIAMONDS FIVE,0.4788,0.3008,0.2204
DIAMONDS TEN DIAMONDS SIX,0.4098,0.0226,0.5676
HEARTS ACE DIAMONDS SEVEN,0.2998,0.024,0.6762
DIAMONDS JACK DIAMONDS SIX,0.4084,0.0168,0.5748
HEARTS QUEEN DIAMONDS SEVEN,0.3028,0.0368,0.6604
HEARTS KING DIAMONDS SEVEN,0.2908,0.0304,0.6788
DIAMONDS ACE DIAMONDS SIX,0.4044,0.0044,0.5912
HEARTS FOUR DIAMONDS SIX,0.6042,0.0622,0.3336
SPADES TWO HEARTS JACK,0.4356,0.0206,0.5438
HEARTS FIVE DIAMONDS SIX,0.5954,0.0522,0.3524
SPADES TWO HEARTS TEN,0.4368,0.0292,0.534
DIAMONDS QUEEN DIAMONDS SIX,0.4066,0.0116,0.5818
HEARTS TWO DIAMONDS SIX,0.6416,0.0666,0.2918
DIAMONDS KING DIAMONDS SIX,0.4116,0.0076,0.5808
HEARTS THREE DIAMONDS SIX,0.623,0.0686,0.3084
HEARTS EIGHT DIAMONDS SIX,0.4784,0.3066,0.215
HEARTS NINE DIAMONDS SIX,0.4194,0.0402,0.5404
HEARTS SIX DIAMONDS SIX,0.3874,0.08,0.5326
HEARTS SEVEN DIAMONDS SIX,0.6272,0.1324,0.2404
HEARTS TEN DIAMONDS SEVEN,0.2642,0.0806,0.6552
CLUBS TWO DIAMONDS SIX,0.643,0.0596,0.2974
HEARTS JACK DIAMONDS SEVEN,0.2854,0.0548,0.6598
CLUBS THREE DIAMONDS SIX,0.6344,0.0614,0.3042
CLUBS SIX DIAMONDS SIX,0.4072,0.0828,0.51
CLUBS FIVE DIAMONDS SIX,0.6,0.0616,0.3384
CLUBS FOUR DIAMONDS SIX,0.6194,0.064,0.3166
HEARTS ACE HEARTS JACK,0.3482,0.0044,0.6474
HEARTS QUEEN HEARTS JACK,0.3488,0.009,0.6422
CLUBS NINE DIAMONDS SIX,0.413,0.038,0.549
HEARTS KING HEARTS JACK,0.35,0.0058,0.6442
CLUBS EIGHT DIAMONDS SIX,0.4746,0.3028,0.2226
SPADES TEN HEARTS KING,0.3698,0.0078,0.6224
SPADES FIVE DIAMONDS SIX,0.5964,0.0626,0.341
HEARTS ACE SPADES TWO,0.4354,0.0032,0.5614
SPADES JACK HEARTS KING,0.3802,0.004,0.6158
SPADES FOUR DIAMONDS SIX,0.616,0.061,0.323
SPADES THREE DIAMONDS SIX,0.6218,0.0616,0.3166
HEARTS QUEEN SPADES TWO,0.4542,0.0126,0.5332
SPADES ACE SPADES KING,0.3502,0.0042,0.6456
HEARTS KING SPADES TWO,0.4356,0.0078,0.5566
SPADES TWO DIAMONDS SIX,0.6476,0.0634,0.289
HEARTS TEN HEARTS EIGHT,0.2414,0.0786,0.68
SPADES NINE DIAMONDS SIX,0.4096,0.0432,0.5472
HEARTS JACK HEARTS EIGHT,0.2556,0.058,0.6864
SPADES EIGHT DIAMONDS SIX,0.4752,0.303,0.2218
SPADES SEVEN DIAMONDS SIX,0.599,0.153,0.248
SPADES SIX DIAMONDS SIX,0.413,0.0748,0.5122
SPADES KING HEARTS KING,0.1902,0.0154,0.7944
SPADES QUEEN HEARTS KING,0.352,0.0048,0.6432
CLUBS ACE CLUBS KING,0.3508,0.0048,0.6444
SPADES ACE HEARTS KING,0.3656,0.0026,0.6318
SPADES ACE HEARTS JACK,0.3724,0.0032,0.6244
SPADES QUEEN HEARTS JACK,0.3582,0.0094,0.6324
SPADES KING HEARTS JACK,0.3722,0.005,0.6228
SPADES TEN DIAMONDS TEN,0.1552,0.0512,0.7936
SPADES JACK DIAMONDS TEN,0.3418,0.0158,0.6424
SPADES ACE DIAMONDS TEN,0.3656,0.004,0.6304
SPADES JACK HEARTS JACK,0.189,0.0374,0.7736
SPADES TEN HEARTS JACK,0.3544,0.0124,0.6332
SPADES QUEEN DIAMONDS TEN,0.3458,0.0142,0.64
SPADES KING DIAMONDS TEN,0.3596,0.0072,0.6332
SPADES NINE DIAMONDS SEVEN,0.253,0.1062,0.6408
SPADES EIGHT DIAMONDS SEVEN,0.0198,0.9698,0.0104
SPADES SEVEN DIAMONDS SEVEN,0.3018,0.0724,0.6258
SPADES SIX DIAMONDS SEVEN,0.6198,0.1494,0.2308
DIAMONDS KING DIAMONDS SEVEN,0.2782,0.0324,0.6894
HEARTS THREE DIAMONDS SEVEN,0.6398,0.1448,0.2154
HEARTS KING DIAMONDS FIVE,0.44,0.0068,0.5532
DIAMONDS QUEEN DIAMONDS SEVEN,0.2808,0.0416,0.6776
HEARTS TWO DIAMONDS SEVEN,0.6412,0.144,0.2148
HEARTS QUEEN DIAMONDS FIVE,0.4322,0.0132,0.5546
HEARTS FIVE DIAMONDS SEVEN,0.62,0.1412,0.2388
DIAMONDS ACE DIAMONDS SEVEN,0.2808,0.0194,0.6998
HEARTS FOUR DIAMONDS SEVEN,0.6266,0.1472,0.2262
HEARTS ACE DIAMONDS FIVE,0.4354,0.0042,0.5604
HEARTS SEVEN DIAMONDS SEVEN,0.318,0.0724,0.6096
HEARTS SIX DIAMONDS SEVEN,0.6134,0.1382,0.2484
DIAMONDS SEVEN HEARTS NINE,0.2496,0.1022,0.6482
HEARTS EIGHT DIAMONDS SEVEN,0.016,0.9728,0.0112
DIAMONDS JACK DIAMONDS SEVEN,0.2704,0.0586,0.671
DIAMONDS FIVE HEARTS JACK,0.433,0.0188,0.5482
DIAMONDS TEN DIAMONDS SEVEN,0.247,0.0704,0.6826
HEARTS TEN DIAMONDS FIVE,0.435,0.0274,0.5376
CLUBS EIGHT DIAMONDS SEVEN,0.0082,0.9842,0.0076
SPADES KING CLUBS TWO,0.4424,0.0068,0.5508
HEARTS KING CLUBS KING,0.1894,0.015,0.7956
SPADES QUEEN CLUBS TWO,0.4396,0.0102,0.5502
HEARTS KING CLUBS QUEEN,0.3624,0.0068,0.6308
CLUBS NINE DIAMONDS SEVEN,0.2374,0.1002,0.6624
CLUBS JACK SPADES TWO,0.4342,0.019,0.5468
SPADES ACE CLUBS TWO,0.449,0.0034,0.5476
CLUBS TEN SPADES TWO,0.44,0.0262,0.5338
HEARTS KING CLUBS ACE,0.3832,0.0046,0.6122
SPADES TWO CLUBS KING,0.4394,0.0088,0.5518
SPADES TWO DIAMONDS SEVEN,0.6496,0.1476,0.2028
CLUBS EIGHT CLUBS SIX,0.4562,0.2872,0.2566
SPADES THREE DIAMONDS SEVEN,0.6424,0.1424,0.2152
SPADES TWO CLUBS QUEEN,0.4342,0.012,0.5538
CLUBS NINE CLUBS SIX,0.3792,0.044,0.5768
SPADES FOUR DIAMONDS SEVEN,0.6188,0.1482,0.233
CLUBS JACK HEARTS KING,0.3734,0.0066,0.62
SPADES FIVE DIAMONDS SEVEN,0.6214,0.1404,0.2382
SPADES TWO CLUBS ACE,0.4326,0.007,0.5604
CLUBS TEN HEARTS KING,0.3636,0.0068,0.6296
CLUBS SIX SPADES TWO,0.6338,0.0648,0.3014
CLUBS SIX SPADES THREE,0.634,0.0618,0.3042
CLUBS TWO DIAMONDS SEVEN,0.6604,0.1416,0.198
CLUBS SIX SPADES FOUR,0.6248,0.061,0.3142
CLUBS THREE DIAMONDS SEVEN,0.6472,0.1532,0.1996
CLUBS SIX SPADES FIVE,0.6036,0.0726,0.3238
CLUBS FOUR DIAMONDS SEVEN,0.6388,0.1454,0.2158
CLUBS SIX SPADES SIX,0.3934,0.079,0.5276
CLUBS FIVE DIAMONDS SEVEN,0.6396,0.1402,0.2202
CLUBS SIX SPADES SEVEN,0.6266,0.1474,0.226
CLUBS SIX DIAMONDS SEVEN,0.6156,0.149,0.2354
CLUBS SIX SPADES EIGHT,0.488,0.3012,0.2108
SPADES JACK CLUBS TWO,0.4586,0.0174,0.524
SPADES NINE CLUBS SIX,0.4076,0.037,0.5554
SPADES TEN CLUBS TWO,0.4432,0.0244,0.5324
CLUBS TWO CLUBS QUEEN,0.4096,0.0124,0.578
CLUBS TWO CLUBS KING,0.425,0.0098,0.5652
CLUBS TWO CLUBS ACE,0.4136,0.0048,0.5816
CLUBS TEN CLUBS TWO,0.4344,0.0266,0.539
CLUBS JACK CLUBS TWO,0.4176,0.0158,0.5666
SPADES ACE SPADES THREE,0.4174,0.0036,0.579
SPADES QUEEN SPADES THREE,0.4158,0.01,0.5742
SPADES KING SPADES THREE,0.4134,0.0072,0.5794
SPADES JACK SPADES THREE,0.4208,0.0198,0.5594
SPADES TEN SPADES THREE,0.4238,0.0272,0.549
CLUBS FOUR HEARTS ACE,0.4238,0.0046,0.5716
CLUBS FOUR HEARTS QUEEN,0.435,0.0126,0.5524
CLUBS FOUR HEARTS KING,0.4318,0.0058,0.5624
CLUBS SIX HEARTS TEN,0.4252,0.0244,0.5504
CLUBS SIX HEARTS JACK,0.4318,0.0164,0.5518
CLUBS FOUR HEARTS JACK,0.434,0.015,0.551
SPADES TEN DIAMONDS QUEEN,0.3568,0.0136,0.6296
SPADES TEN HEARTS TWO,0.449,0.0262,0.5248
SPADES JACK HEARTS EIGHT,0.2736,0.0606,0.6658
CLUBS FOUR HEARTS TEN,0.4314,0.0302,0.5384
SPADES TEN HEARTS EIGHT,0.272,0.0716,0.6564
SPADES JACK HEARTS TWO,0.439,0.0154,0.5456
SPADES JACK DIAMONDS QUEEN,0.346,0.01,0.644
SPADES ACE HEARTS TWO,0.4484,0.003,0.5486
SPADES ACE DIAMONDS QUEEN,0.37,0.0022,0.6278
SPADES ACE HEARTS EIGHT,0.2882,0.026,0.6858
SPADES KING HEARTS EIGHT,0.2932,0.0338,0.673
SPADES QUEEN HEARTS TWO,0.4258,0.0124,0.5618
SPADES QUEEN DIAMONDS QUEEN,0.1864,0.0296,0.784
SPADES KING DIAMONDS QUEEN,0.3622,0.0074,0.6304
SPADES KING HEARTS TWO,0.4522,0.0088,0.539
SPADES QUEEN HEARTS EIGHT,0.282,0.0442,0.6738
CLUBS TWO HEARTS TEN,0.4498,0.0252,0.525
CLUBS TWO HEARTS JACK,0.4422,0.0192,0.5386
SPADES SEVEN DIAMONDS NINE,0.2576,0.0966,0.6458
SPADES SIX DIAMONDS NINE,0.4102,0.0402,0.5496
SPADES NINE DIAMONDS NINE,0.1548,0.0642,0.781
SPADES EIGHT DIAMONDS NINE,0.2392,0.104,0.6568
SPADES TEN CLUBS KING,0.3584,0.0072,0.6344
DIAMONDS NINE SPADES THREE,0.434,0.0454,0.5206
SPADES JACK CLUBS KING,0.367,0.0078,0.6252
DIAMONDS NINE SPADES TWO,0.4372,0.0422,0.5206
SPADES FIVE DIAMONDS NINE,0.4272,0.0364,0.5364
DIAMONDS NINE SPADES FOUR,0.4312,0.039,0.5298
CLUBS NINE DIAMONDS NINE,0.149,0.063,0.788
CLUBS EIGHT DIAMONDS NINE,0.2152,0.103,0.6818
CLUBS SIX DIAMONDS NINE,0.4114,0.0476,0.541
SPADES JACK CLUBS FOUR,0.4348,0.016,0.5492
SPADES TEN CLUBS FOUR,0.4314,0.0294,0.5392
CLUBS FOUR DIAMONDS NINE,0.4224,0.037,0.5406
CLUBS FIVE DIAMONDS NINE,0.4246,0.0378,0.5376
CLUBS TWO DIAMONDS NINE,0.4422,0.0464,0.5114
CLUBS THREE DIAMONDS NINE,0.4414,0.0434,0.5152
DIAMONDS NINE HEARTS EIGHT,0.2388,0.1122,0.649
DIAMONDS NINE HEARTS NINE,0.1614,0.0588,0.7798
HEARTS SIX DIAMONDS NINE,0.4084,0.0382,0.5534
HEARTS SEVEN DIAMONDS NINE,0.2498,0.1086,0.6416
CLUBS EIGHT CLUBS NINE,0.2308,0.1064,0.6628
DIAMONDS ACE DIAMONDS NINE,0.3566,0.0044,0.639
HEARTS FOUR DIAMONDS NINE,0.44,0.037,0.523
HEARTS FIVE DIAMONDS NINE,0.4112,0.0386,0.5502
HEARTS ACE CLUBS TWO,0.4446,0.002,0.5534
SPADES ACE CLUBS FOUR,0.4482,0.0046,0.5472
DIAMONDS NINE DIAMONDS QUEEN,0.3444,0.0118,0.6438
HEARTS TWO DIAMONDS NINE,0.4408,0.0412,0.518
CLUBS TWO HEARTS KING,0.45,0.0066,0.5434
SPADES KING CLUBS FOUR,0.4374,0.0062,0.5564
DIAMONDS KING DIAMONDS NINE,0.358,0.0056,0.6364
HEARTS THREE DIAMONDS NINE,0.436,0.0436,0.5204
CLUBS TWO HEARTS QUEEN,0.4504,0.0122,0.5374
SPADES QUEEN CLUBS FOUR,0.439,0.0158,0.5452
DIAMONDS NINE DIAMONDS JACK,0.3312,0.0152,0.6536
CLUBS EIGHT SPADES NINE,0.2362,0.1054,0.6584
DIAMONDS TEN DIAMONDS NINE,0.3136,0.0212,0.6652
CLUBS EIGHT SPADES EIGHT,0.1372,0.0766,0.7862
CLUBS EIGHT SPADES SEVEN,0.0098,0.9702,0.02
CLUBS EIGHT SPADES SIX,0.4706,0.3112,0.2182
CLUBS EIGHT SPADES FIVE,0.4728,0.3018,0.2254
CLUBS EIGHT SPADES FOUR,0.4802,0.2962,0.2236
CLUBS EIGHT SPADES THREE,0.4876,0.2948,0.2176
CLUBS EIGHT SPADES TWO,0.4934,0.2884,0.2182
HEARTS SIX DIAMONDS TEN,0.408,0.0236,0.5684
HEARTS SEVEN DIAMONDS TEN,0.254,0.0738,0.6722
DIAMONDS TEN HEARTS EIGHT,0.2594,0.0782,0.6624
CLUBS JACK CLUBS FOUR,0.4148,0.0192,0.566
DIAMONDS TEN HEARTS NINE,0.3418,0.0214,0.6368
CLUBS TEN CLUBS FOUR,0.4284,0.0266,0.545
CLUBS FOUR CLUBS KING,0.4004,0.0058,0.5938
CLUBS FOUR CLUBS QUEEN,0.4202,0.0112,0.5686
DIAMONDS TEN CLUBS TWO,0.4478,0.0282,0.524
CLUBS THREE DIAMONDS TEN,0.4468,0.0262,0.527
CLUBS FOUR CLUBS ACE,0.4014,0.0044,0.5942
DIAMONDS TEN DIAMONDS JACK,0.3432,0.017,0.6398
DIAMONDS TEN DIAMONDS QUEEN,0.3336,0.01,0.6564
HEARTS TWO DIAMONDS TEN,0.441,0.0276,0.5314
DIAMONDS KING DIAMONDS TEN,0.3402,0.0068,0.653
HEARTS THREE DIAMONDS TEN,0.4408,0.0292,0.53
DIAMONDS ACE DIAMONDS TEN,0.347,0.005,0.648
HEARTS FOUR DIAMONDS TEN,0.4388,0.0234,0.5378
CLUBS EIGHT HEARTS JACK,0.2732,0.06,0.6668
HEARTS FIVE DIAMONDS TEN,0.4376,0.025,0.5374
CLUBS EIGHT HEARTS TEN,0.2518,0.0802,0.668
CLUBS EIGHT HEARTS QUEEN,0.2598,0.0452,0.695
CLUBS EIGHT HEARTS KING,0.2846,0.0324,0.683
CLUBS EIGHT HEARTS ACE,0.2782,0.0248,0.697
CLUBS NINE SPADES THREE,0.442,0.0438,0.5142
CLUBS NINE SPADES TWO,0.4374,0.042,0.5206
CLUBS NINE SPADES FIVE,0.4272,0.0372,0.5356
CLUBS NINE SPADES FOUR,0.4246,0.0362,0.5392
CLUBS NINE SPADES SEVEN,0.2518,0.1048,0.6434
CLUBS NINE SPADES SIX,0.4002,0.042,0.5578
CLUBS NINE SPADES NINE,0.162,0.0582,0.7798
CLUBS TEN HEARTS EIGHT,0.2578,0.0792,0.663
CLUBS NINE SPADES EIGHT,0.2394,0.1012,0.6594
CLUBS JACK HEARTS EIGHT,0.2614,0.0656,0.673
HEARTS EIGHT CLUBS QUEEN,0.2774,0.0448,0.6778
CLUBS KING HEARTS EIGHT,0.292,0.0322,0.6758
CLUBS ACE HEARTS EIGHT,0.2768,0.025,0.6982
SPADES KING CLUBS KING,0.1718,0.0134,0.8148
SPADES QUEEN CLUBS KING,0.3424,0.0052,0.6524
SPADES ACE CLUBS KING,0.3754,0.0028,0.6218
DIAMONDS ACE HEARTS TEN,0.3672,0.0026,0.6302
HEARTS FOUR HEARTS TEN,0.4042,0.028,0.5678
DIAMONDS ACE HEARTS JACK,0.368,0.0036,0.6284
HEARTS FOUR HEARTS JACK,0.4198,0.014,0.5662
SPADES KING CLUBS FIVE,0.4332,0.0062,0.5606
SPADES QUEEN CLUBS FIVE,0.4276,0.0122,0.5602
SPADES ACE CLUBS FIVE,0.4306,0.0034,0.566
HEARTS SEVEN DIAMONDS JACK,0.287,0.0564,0.6566
HEARTS SIX DIAMONDS JACK,0.4312,0.0166,0.5522
DIAMONDS JACK HEARTS NINE,0.3442,0.0174,0.6384
DIAMONDS JACK HEARTS EIGHT,0.2766,0.0562,0.6672
DIAMONDS KING DIAMONDS JACK,0.3496,0.0096,0.6408
HEARTS THREE DIAMONDS JACK,0.4418,0.02,0.5382
SPADES ACE SPADES SIX,0.3956,0.005,0.5994
HEARTS ACE SPADES FOUR,0.419,0.0032,0.5778
DIAMONDS QUEEN DIAMONDS JACK,0.3296,0.01,0.6604
HEARTS TWO DIAMONDS JACK,0.438,0.0212,0.5408
HEARTS FIVE DIAMONDS JACK,0.4344,0.018,0.5476
SPADES QUEEN SPADES SIX,0.4008,0.0118,0.5874
SPADES FOUR HEARTS QUEEN,0.4438,0.0126,0.5436
DIAMONDS ACE DIAMONDS JACK,0.3434,0.0032,0.6534
HEARTS FOUR DIAMONDS JACK,0.4294,0.0158,0.5548
SPADES KING SPADES SIX,0.3842,0.0072,0.6086
SPADES FOUR HEARTS KING,0.443,0.006,0.551
SPADES TEN SPADES SIX,0.3944,0.0248,0.5808
SPADES JACK SPADES SIX,0.406,0.0182,0.5758
SPADES FOUR DIAMONDS JACK,0.4304,0.019,0.5506
SPADES FIVE DIAMONDS JACK,0.4156,0.0196,0.5648
DIAMONDS JACK SPADES TWO,0.4364,0.0178,0.5458
SPADES THREE DIAMONDS JACK,0.4402,0.0192,0.5406
SPADES ACE DIAMONDS THREE,0.4462,0.002,0.5518
CLUBS EIGHT DIAMONDS JACK,0.2592,0.062,0.6788
SPADES QUEEN DIAMONDS THREE,0.4556,0.0128,0.5316
SPADES KING DIAMONDS THREE,0.4378,0.0092,0.553
CLUBS NINE DIAMONDS JACK,0.3386,0.0194,0.642
CLUBS SIX DIAMONDS JACK,0.4224,0.0186,0.559
CLUBS FOUR DIAMONDS JACK,0.4226,0.0206,0.5568
CLUBS FIVE DIAMONDS JACK,0.4326,0.0202,0.5472
CLUBS TWO DIAMONDS JACK,0.437,0.0214,0.5416
CLUBS THREE DIAMONDS JACK,0.4538,0.0176,0.5286
SPADES TEN CLUBS FIVE,0.4282,0.0276,0.5442
SPADES JACK HEARTS SIX,0.4352,0.016,0.5488
HEARTS SIX SPADES TEN,0.4094,0.0276,0.563
SPADES JACK CLUBS FIVE,0.4346,0.0162,0.5492
SPADES JACK DIAMONDS THREE,0.442,0.018,0.54
DIAMONDS THREE SPADES TEN,0.4508,0.0282,0.521
SPADES NINE DIAMONDS JACK,0.3504,0.0174,0.6322
DIAMONDS ACE HEARTS ACE,0.1784,0.0016,0.82
HEARTS FOUR HEARTS ACE,0.4046,0.0052,0.5902
SPADES EIGHT DIAMONDS JACK,0.2674,0.0622,0.6704
SPADES ACE HEARTS SIX,0.4354,0.0024,0.5622
DIAMONDS ACE HEARTS KING,0.3666,0.005,0.6284
HEARTS FOUR HEARTS KING,0.4042,0.0076,0.5882
SPADES SEVEN DIAMONDS JACK,0.2752,0.0536,0.6712
SPADES KING HEARTS SIX,0.4254,0.0068,0.5678
DIAMONDS ACE HEARTS QUEEN,0.3704,0.0038,0.6258
HEARTS FOUR HEARTS QUEEN,0.4138,0.0102,0.576
SPADES QUEEN HEARTS SIX,0.4242,0.01,0.5658
SPADES SIX DIAMONDS JACK,0.411,0.0184,0.5706
DIAMONDS TEN SPADES TWO,0.4388,0.0294,0.5318
DIAMONDS TEN SPADES THREE,0.4464,0.0256,0.528
DIAMONDS TEN SPADES FOUR,0.438,0.0276,0.5344
DIAMONDS TEN SPADES FIVE,0.4298,0.0212,0.549
SPADES SIX DIAMONDS TEN,0.4024,0.0262,0.5714
SPADES SEVEN DIAMONDS TEN,0.2636,0.0706,0.6658
SPADES EIGHT DIAMONDS TEN,0.2402,0.078,0.6818
SPADES NINE DIAMONDS TEN,0.341,0.0214,0.6376
CLUBS FOUR DIAMONDS TEN,0.423,0.0276,0.5494
CLUBS FIVE DIAMONDS TEN,0.4366,0.0284,0.535
CLUBS SIX DIAMONDS TEN,0.42,0.0284,0.5516
CLUBS EIGHT DIAMONDS TEN,0.2492,0.0848,0.666
CLUBS NINE DIAMONDS TEN,0.336,0.0256,0.6384
CLUBS JACK DIAMONDS THREE,0.4514,0.019,0.5296
CLUBS TEN DIAMONDS THREE,0.4384,0.0276,0.534
DIAMONDS THREE CLUBS KING,0.4638,0.0086,0.5276
DIAMONDS THREE CLUBS QUEEN,0.4508,0.0132,0.536
DIAMONDS THREE CLUBS ACE,0.4288,0.0032,0.568
SPADES FOUR HEARTS JACK,0.426,0.0204,0.5536
SPADES FOUR HEARTS TEN,0.444,0.0258,0.5302
SPADES FIVE SPADES TWO,0.5704,0.0634,0.3662
SPADES FOUR SPADES TWO,0.5696,0.0568,0.3736
SPADES THREE SPADES TWO,0.593,0.061,0.346
SPADES NINE SPADES TWO,0.422,0.0386,0.5394
SPADES EIGHT SPADES TWO,0.4474,0.2882,0.2644
SPADES SEVEN SPADES TWO,0.6066,0.136,0.2574
SPADES SIX SPADES TWO,0.5848,0.0592,0.356
CLUBS THREE DIAMONDS QUEEN,0.4496,0.0144,0.536
CLUBS THREE HEARTS TWO,0.6158,0.0624,0.3218
CLUBS TWO DIAMONDS QUEEN,0.4468,0.0108,0.5424
HEARTS TWO CLUBS TWO,0.429,0.084,0.487
HEARTS SEVEN DIAMONDS QUEEN,0.29,0.0406,0.6694
HEARTS SEVEN HEARTS TWO,0.5972,0.1342,0.2686
HEARTS SIX DIAMONDS QUEEN,0.4242,0.0106,0.5652
HEARTS SIX HEARTS TWO,0.5966,0.0556,0.3478
DIAMONDS QUEEN HEARTS NINE,0.3564,0.01,0.6336
HEARTS TWO HEARTS NINE,0.4134,0.038,0.5486
DIAMONDS QUEEN HEARTS EIGHT,0.2682,0.0408,0.691
HEARTS TWO HEARTS EIGHT,0.4634,0.2776,0.259
CLUBS NINE HEARTS TWO,0.4404,0.0374,0.5222
CLUBS NINE DIAMONDS QUEEN,0.3584,0.0132,0.6284
CLUBS EIGHT DIAMONDS QUEEN,0.2704,0.0448,0.6848
CLUBS EIGHT HEARTS TWO,0.4974,0.2918,0.2108
CLUBS FIVE DIAMONDS QUEEN,0.4236,0.0158,0.5606
CLUBS FIVE HEARTS TWO,0.618,0.0618,0.3202
SPADES EIGHT HEARTS ACE,0.2856,0.0266,0.6878
CLUBS FOUR DIAMONDS QUEEN,0.4346,0.0102,0.5552
CLUBS FOUR HEARTS TWO,0.62,0.0596,0.3204
SPADES EIGHT HEARTS QUEEN,0.2714,0.0448,0.6838
CLUBS SIX DIAMONDS QUEEN,0.4118,0.011,0.5772
CLUBS SIX HEARTS TWO,0.6314,0.0608,0.3078
SPADES EIGHT HEARTS KING,0.2946,0.0352,0.6702
HEARTS TWO SPADES SIX,0.6306,0.0584,0.311
SPADES SIX DIAMONDS QUEEN,0.4256,0.0098,0.5646
HEARTS FOUR CLUBS QUEEN,0.425,0.0124,0.5626
DIAMONDS ACE CLUBS QUEEN,0.359,0.005,0.636
SPADES SEVEN DIAMONDS QUEEN,0.2834,0.0428,0.6738
SPADES SEVEN HEARTS TWO,0.6532,0.136,0.2108
HEARTS FOUR CLUBS KING,0.4258,0.0062,0.568
DIAMONDS ACE CLUBS KING,0.3626,0.004,0.6334
SPADES EIGHT DIAMONDS QUEEN,0.2638,0.0438,0.6924
SPADES EIGHT HEARTS TWO,0.4754,0.298,0.2266
HEARTS FOUR CLUBS ACE,0.4422,0.003,0.5548
DIAMONDS ACE CLUBS ACE,0.1816,0.0028,0.8156
SPADES NINE DIAMONDS QUEEN,0.3552,0.0106,0.6342
SPADES NINE HEARTS TWO,0.4342,0.0426,0.5232
HEARTS TWO SPADES TWO,0.435,0.082,0.483
DIAMONDS QUEEN SPADES TWO,0.4332,0.013,0.5538
HEARTS TWO SPADES THREE,0.6194,0.0574,0.3232
DIAMONDS QUEEN SPADES THREE,0.439,0.01,0.551
HEARTS TWO SPADES FOUR,0.6152,0.0582,0.3266
SPADES FOUR DIAMONDS QUEEN,0.4306,0.0116,0.5578
CLUBS TEN HEARTS FOUR,0.4284,0.0256,0.546
CLUBS TEN DIAMONDS ACE,0.3632,0.005,0.6318
HEARTS TWO SPADES FIVE,0.612,0.0614,0.3266
SPADES FIVE DIAMONDS QUEEN,0.4256,0.0126,0.5618
CLUBS JACK HEARTS FOUR,0.4218,0.0206,0.5576
CLUBS JACK DIAMONDS ACE,0.3554,0.0056,0.639
CLUBS FIVE CLUBS KING,0.4046,0.0074,0.588
CLUBS FIVE CLUBS QUEEN,0.4038,0.0118,0.5844
CLUBS FIVE CLUBS ACE,0.4088,0.0038,0.5874
CLUBS JACK CLUBS FIVE,0.4108,0.021,0.5682
CLUBS TEN CLUBS FIVE,0.4102,0.0262,0.5636
SPADES KING CLUBS JACK,0.3662,0.006,0.6278
CLUBS JACK SPADES QUEEN,0.353,0.0086,0.6384
SPADES ACE CLUBS JACK,0.3798,0.005,0.6152
SPADES SIX CLUBS KING,0.4214,0.0068,0.5718
SPADES SIX CLUBS QUEEN,0.4148,0.0134,0.5718
SPADES EIGHT HEARTS JACK,0.2778,0.0542,0.668
SPADES SIX CLUBS ACE,0.4188,0.0062,0.575
SPADES EIGHT HEARTS TEN,0.2476,0.0772,0.6752
CLUBS JACK SPADES SIX,0.4292,0.0162,0.5546
CLUBS TEN SPADES SIX,0.4098,0.0222,0.568
CLUBS JACK SPADES TEN,0.3352,0.0152,0.6496
CLUBS JACK SPADES JACK,0.1744,0.0372,0.7884
SPADES SIX HEARTS TEN,0.399,0.0304,0.5706
SPADES SIX HEARTS JACK,0.4276,0.0176,0.5548
SPADES SIX HEARTS ACE,0.4306,0.003,0.5664
SPADES SIX HEARTS KING,0.419,0.006,0.575
SPADES SIX HEARTS QUEEN,0.432,0.01,0.558
CLUBS TEN HEARTS SIX,0.4242,0.028,0.5478
CLUBS JACK HEARTS SIX,0.4138,0.0192,0.567
CLUBS JACK CLUBS ACE,0.361,0.0026,0.6364
HEARTS SIX CLUBS QUEEN,0.4144,0.011,0.5746
HEARTS SIX CLUBS KING,0.4254,0.0066,0.568
HEARTS SIX CLUBS ACE,0.4286,0.0028,0.5686
CLUBS JACK CLUBS QUEEN,0.3262,0.0082,0.6656
CLUBS JACK CLUBS KING,0.3554,0.008,0.6366
DIAMONDS THREE HEARTS ACE,0.4374,0.0038,0.5588
DIAMONDS THREE HEARTS QUEEN,0.4428,0.0116,0.5456
DIAMONDS THREE HEARTS KING,0.4446,0.0064,0.549
CLUBS FIVE HEARTS JACK,0.432,0.0172,0.5508
SPADES TEN DIAMONDS ACE,0.3628,0.0032,0.634
HEARTS FOUR SPADES TEN,0.4212,0.0298,0.549
CLUBS FIVE HEARTS TEN,0.4336,0.0236,0.5428
HEARTS FOUR SPADES JACK,0.444,0.0176,0.5384
SPADES JACK DIAMONDS ACE,0.3712,0.004,0.6248
SPADES ACE HEARTS FOUR,0.427,0.003,0.57
SPADES ACE DIAMONDS ACE,0.1802,0.0016,0.8182
CLUBS FIVE HEARTS ACE,0.43,0.0034,0.5666
CLUBS FIVE HEARTS KING,0.4196,0.0054,0.575
HEARTS FOUR SPADES QUEEN,0.4296,0.012,0.5584
SPADES QUEEN DIAMONDS ACE,0.3712,0.0036,0.6252
CLUBS JACK SPADES FOUR,0.4396,0.0184,0.542
CLUBS FIVE HEARTS QUEEN,0.4294,0.0102,0.5604
SPADES KING DIAMONDS ACE,0.3758,0.005,0.6192
SPADES KING HEARTS FOUR,0.419,0.0076,0.5734
CLUBS TEN SPADES FOUR,0.4278,0.0314,0.5408
DIAMONDS ACE DIAMONDS QUEEN,0.346,0.0048,0.6492
DIAMONDS ACE HEARTS TWO,0.4418,0.0056,0.5526
HEARTS FOUR DIAMONDS QUEEN,0.424,0.0106,0.5654
HEARTS FOUR HEARTS TWO,0.5808,0.0522,0.367
DIAMONDS THREE HEARTS TEN,0.4464,0.0292,0.5244
SPADES FOUR CLUBS KING,0.4388,0.0064,0.5548
HEARTS FIVE DIAMONDS QUEEN,0.417,0.0102,0.5728
HEARTS FIVE HEARTS TWO,0.5742,0.055,0.3708
DIAMONDS THREE HEARTS JACK,0.4596,0.0144,0.526
SPADES FOUR CLUBS QUEEN,0.4384,0.01,0.5516
HEARTS TWO DIAMONDS QUEEN,0.4364,0.0152,0.5484
DIAMONDS KING DIAMONDS QUEEN,0.343,0.007,0.65
DIAMONDS KING HEARTS TWO,0.4442,0.0088,0.547
HEARTS THREE DIAMONDS QUEEN,0.4402,0.0146,0.5452
HEARTS THREE HEARTS TWO,0.5814,0.0578,0.3608
SPADES FOUR CLUBS ACE,0.4264,0.0054,0.5682
HEARTS TWO CLUBS ACE,0.431,0.0022,0.5668
DIAMONDS QUEEN CLUBS ACE,0.3566,0.004,0.6394
HEARTS TWO CLUBS QUEEN,0.4256,0.0142,0.5602
DIAMONDS QUEEN CLUBS QUEEN,0.1866,0.0246,0.7888
HEARTS TWO CLUBS KING,0.4394,0.0086,0.552
DIAMONDS QUEEN CLUBS KING,0.3408,0.0062,0.653
SPADES EIGHT SPADES FIVE,0.4488,0.2866,0.2646
CLUBS TEN HEARTS TWO,0.4516,0.027,0.5214
CLUBS TEN DIAMONDS QUEEN,0.355,0.011,0.634
SPADES NINE SPADES FIVE,0.4092,0.037,0.5538
CLUBS JACK HEARTS TWO,0.4386,0.0182,0.5432
CLUBS JACK DIAMONDS QUEEN,0.347,0.013,0.64
SPADES SIX SPADES FIVE,0.557,0.0628,0.3802
SPADES SEVEN SPADES FIVE,0.575,0.1364,0.2886
DIAMONDS FIVE CLUBS QUEEN,0.4342,0.0132,0.5526
SPADES EIGHT CLUBS ACE,0.2782,0.025,0.6968
DIAMONDS FIVE CLUBS KING,0.419,0.0084,0.5726
SPADES EIGHT CLUBS KING,0.2822,0.0332,0.6846
DIAMONDS FIVE CLUBS ACE,0.4216,0.006,0.5724
SPADES EIGHT CLUBS QUEEN,0.2622,0.0474,0.6904
CLUBS JACK SPADES EIGHT,0.2736,0.0558,0.6706
CLUBS TEN SPADES EIGHT,0.2516,0.0808,0.6676
CLUBS TEN DIAMONDS FIVE,0.4304,0.0256,0.544
CLUBS JACK DIAMONDS FIVE,0.4384,0.018,0.5436
DIAMONDS TEN HEARTS JACK,0.3428,0.013,0.6442
DIAMONDS TEN HEARTS TEN,0.1704,0.0488,0.7808
SPADES ACE CLUBS NINE,0.3764,0.0038,0.6198
SPADES QUEEN CLUBS NINE,0.3574,0.0088,0.6338
SPADES KING CLUBS NINE,0.3694,0.006,0.6246
HEARTS SIX HEARTS KING,0.4146,0.0068,0.5786
DIAMONDS KING SPADES SEVEN,0.2708,0.0374,0.6918
HEARTS THREE SPADES SEVEN,0.6446,0.1378,0.2176
SPADES KING DIAMONDS SEVEN,0.2904,0.0384,0.6712
HEARTS SIX HEARTS QUEEN,0.3916,0.0114,0.597
SPADES QUEEN DIAMONDS SEVEN,0.2982,0.0398,0.662
HEARTS THREE SPADES SIX,0.6064,0.0582,0.3354
DIAMONDS KING SPADES SIX,0.412,0.007,0.581
SPADES NINE DIAMONDS KING,0.371,0.0062,0.6228
SPADES NINE HEARTS THREE,0.449,0.0406,0.5104
HEARTS SIX HEARTS ACE,0.4024,0.0028,0.5948
DIAMONDS KING SPADES EIGHT,0.2834,0.0352,0.6814
SPADES EIGHT HEARTS THREE,0.4906,0.2922,0.2172
SPADES ACE DIAMONDS SEVEN,0.3018,0.0216,0.6766
CLUBS NINE HEARTS THREE,0.4444,0.0422,0.5134
CLUBS NINE DIAMONDS KING,0.3628,0.0068,0.6304
CLUBS EIGHT DIAMONDS KING,0.2666,0.0308,0.7026
CLUBS EIGHT HEARTS THREE,0.4804,0.2946,0.225
HEARTS THREE SPADES THREE,0.425,0.085,0.49
DIAMONDS KING SPADES THREE,0.4376,0.0094,0.553
HEARTS THREE SPADES TWO,0.6068,0.0644,0.3288
DIAMONDS KING SPADES TWO,0.4358,0.0078,0.5564
HEARTS THREE SPADES FIVE,0.5998,0.0556,0.3446
DIAMONDS KING SPADES FIVE,0.4234,0.008,0.5686
HEARTS THREE SPADES FOUR,0.5948,0.063,0.3422
DIAMONDS KING SPADES FOUR,0.4434,0.0074,0.5492
DIAMONDS KING CLUBS TWO,0.4412,0.01,0.5488
HEARTS THREE CLUBS TWO,0.6296,0.0632,0.3072
DIAMONDS KING CLUBS THREE,0.433,0.01,0.557
