opposingHand,winningChance,drawChance,lostChance
CLUBS NINE DIAMONDS ACE
HEARTS FIVE SPADES TEN,0.6364,0.0042,0.3594
HEARTS FIVE SPADES JACK,0.6342,0.0038,0.362
CLUBS JACK SPADES FIVE,0.6248,0.0042,0.371
CLUBS TEN SPADES FIVE,0.6308,0.0046,0.3646
CLUBS JACK CLUBS EIGHT,0.5812,0.006,0.4128
CLUBS TEN CLUBS EIGHT,0.5734,0.005,0.4216
CLUBS EIGHT CLUBS KING,0.614,0.003,0.383
SPADES FIVE CLUBS ACE,0.5676,0.1852,0.2472
CLUBS EIGHT CLUBS QUEEN,0.6022,0.0042,0.3936
SPADES FIVE CLUBS KING,0.625,0.0068,0.3682
SPADES FIVE CLUBS QUEEN,0.6246,0.0036,0.3718
CLUBS EIGHT CLUBS ACE,0.5714,0.164,0.2646
DIAMONDS TWO DIAMONDS THREE,0.617,0.0052,0.3778
DIAMONDS TWO DIAMONDS FIVE,0.6088,0.005,0.3862
HEARTS FIVE SPADES KING,0.6172,0.0032,0.3796
DIAMONDS TWO DIAMONDS FOUR,0.6288,0.0056,0.3656
HEARTS FIVE SPADES QUEEN,0.6258,0.0028,0.3714
DIAMONDS TWO DIAMONDS SEVEN,0.6584,0.0038,0.3378
DIAMONDS TWO DIAMONDS SIX,0.6328,0.0048,0.3624
SPADES ACE HEARTS FIVE,0.5756,0.1744,0.25
DIAMONDS TWO DIAMONDS NINE,0.7112,0.029,0.2598
DIAMONDS TWO DIAMONDS EIGHT,0.6404,0.005,0.3546
DIAMONDS THREE DIAMONDS FOUR,0.6092,0.006,0.3848
CLUBS TWO SPADES FOUR,0.666,0.0052,0.3288
DIAMONDS THREE DIAMONDS FIVE,0.5974,0.007,0.3956
SPADES FIVE CLUBS TWO,0.6358,0.0044,0.3598
CLUBS TWO SPADES TWO,0.469,0.0042,0.5268
CLUBS TWO SPADES THREE,0.6616,0.0038,0.3346
DIAMONDS THREE DIAMONDS EIGHT,0.6424,0.0064,0.3512
SPADES EIGHT CLUBS TWO,0.6806,0.0046,0.3148
DIAMONDS THREE DIAMONDS NINE,0.7116,0.0236,0.2648
SPADES NINE CLUBS TWO,0.7506,0.0282,0.2212
DIAMONDS THREE DIAMONDS SIX,0.6148,0.006,0.3792
SPADES SIX CLUBS TWO,0.6608,0.0056,0.3336
DIAMONDS THREE DIAMONDS SEVEN,0.6296,0.005,0.3654
SPADES SEVEN CLUBS TWO,0.6876,0.006,0.3064
CLUBS SIX CLUBS TWO,0.632,0.0046,0.3634
CLUBS SEVEN CLUBS TWO,0.6506,0.004,0.3454
CLUBS FOUR CLUBS TWO,0.6166,0.0064,0.377
CLUBS FIVE CLUBS TWO,0.6266,0.0038,0.3696
CLUBS TEN CLUBS JACK,0.5264,0.0054,0.4682
DIAMONDS FOUR DIAMONDS SIX,0.618,0.0036,0.3784
CLUBS TEN CLUBS QUEEN,0.5378,0.0062,0.456
DIAMONDS FOUR DIAMONDS SEVEN,0.6208,0.0046,0.3746
CLUBS TEN CLUBS KING,0.549,0.0044,0.4466
CLUBS TEN CLUBS ACE,0.2096,0.1144,0.676
CLUBS EIGHT CLUBS TWO,0.6542,0.006,0.3398
DIAMONDS FIVE DIAMONDS FOUR,0.594,0.0064,0.3996
DIAMONDS NINE DIAMONDS FOUR,0.7192,0.0258,0.255
DIAMONDS EIGHT DIAMONDS FOUR,0.6364,0.004,0.3596
CLUBS THREE CLUBS TWO,0.6196,0.005,0.3754
DIAMONDS NINE DIAMONDS FIVE,0.6992,0.031,0.2698
CLUBS JACK DIAMONDS TWO,0.6494,0.0058,0.3448
DIAMONDS EIGHT DIAMONDS FIVE,0.6118,0.0032,0.385
CLUBS TEN DIAMONDS TWO,0.6404,0.006,0.3536
DIAMONDS FIVE DIAMONDS SEVEN,0.6162,0.0066,0.3772
DIAMONDS FIVE DIAMONDS SIX,0.5828,0.006,0.4112
DIAMONDS TWO CLUBS ACE,0.591,0.1804,0.2286
DIAMONDS TWO CLUBS KING,0.6334,0.005,0.3616
DIAMONDS TWO CLUBS QUEEN,0.637,0.0054,0.3576
DIAMONDS EIGHT DIAMONDS SIX,0.597,0.003,0.4
DIAMONDS NINE DIAMONDS SIX,0.6968,0.0238,0.2794
HEARTS ACE SPADES THREE,0.583,0.174,0.243
SPADES THREE HEARTS KING,0.6344,0.0052,0.3604
DIAMONDS SEVEN DIAMONDS SIX,0.5984,0.0034,0.3982
HEARTS QUEEN SPADES THREE,0.6352,0.0042,0.3606
SPADES THREE HEARTS JACK,0.6374,0.0034,0.3592
SPADES THREE HEARTS TEN,0.6392,0.003,0.3578
DIAMONDS EIGHT DIAMONDS SEVEN,0.5938,0.0036,0.4026
DIAMONDS NINE DIAMONDS SEVEN,0.6702,0.0232,0.3066
DIAMONDS NINE DIAMONDS EIGHT,0.6696,0.0228,0.3076
DIAMONDS KING HEARTS TEN,0.5654,0.0034,0.4312
HEARTS THREE HEARTS TEN,0.591,0.0044,0.4046
SPADES JACK CLUBS SIX,0.6444,0.0044,0.3512
DIAMONDS KING HEARTS JACK,0.6022,0.0034,0.3944
HEARTS THREE HEARTS JACK,0.6054,0.0022,0.3924
SPADES TEN CLUBS SIX,0.6414,0.004,0.3546
SPADES JACK SPADES FIVE,0.5932,0.0032,0.4036
SPADES TEN SPADES FIVE,0.5824,0.0052,0.4124
DIAMONDS KING HEARTS ACE,0.2408,0.0482,0.711
HEARTS THREE HEARTS ACE,0.5452,0.1678,0.287
SPADES ACE CLUBS SIX,0.5966,0.1726,0.2308
DIAMONDS KING HEARTS QUEEN,0.5886,0.0046,0.4068
HEARTS THREE HEARTS QUEEN,0.5812,0.0028,0.416
SPADES KING CLUBS SIX,0.6414,0.0054,0.3532
DIAMONDS KING HEARTS KING,0.2834,0.0032,0.7134
HEARTS THREE HEARTS KING,0.5982,0.0054,0.3964
SPADES QUEEN CLUBS SIX,0.6356,0.0048,0.3596
SPADES NINE HEARTS TEN,0.685,0.014,0.301
SPADES NINE HEARTS JACK,0.6954,0.0184,0.2862
SPADES QUEEN SPADES FIVE,0.5808,0.0038,0.4154
SPADES KING SPADES FIVE,0.5958,0.0032,0.401
SPADES ACE SPADES FIVE,0.539,0.1636,0.2974
SPADES NINE HEARTS QUEEN,0.7126,0.0206,0.2668
SPADES NINE HEARTS KING,0.7232,0.0202,0.2566
SPADES NINE HEARTS ACE,0.019,0.9596,0.0214
CLUBS TEN SPADES JACK,0.5508,0.0038,0.4454
CLUBS TEN SPADES TEN,0.3166,0.0038,0.6796
SPADES ACE CLUBS TEN,0.2218,0.1222,0.656
CLUBS TEN SPADES KING,0.5712,0.0048,0.424
CLUBS TEN SPADES QUEEN,0.562,0.004,0.434
SPADES FIVE HEARTS QUEEN,0.6352,0.0032,0.3616
SPADES FIVE HEARTS KING,0.6234,0.0044,0.3722
HEARTS ACE SPADES FIVE,0.5814,0.166,0.2526
CLUBS EIGHT SPADES TEN,0.615,0.0046,0.3804
SPADES JACK HEARTS THREE,0.6334,0.0048,0.3618
SPADES JACK DIAMONDS KING,0.5714,0.0046,0.424
SPADES TEN DIAMONDS KING,0.5904,0.0042,0.4054
SPADES TEN HEARTS THREE,0.6448,0.0044,0.3508
SPADES JACK CLUBS EIGHT,0.6236,0.0048,0.3716
CLUBS SIX HEARTS ACE,0.599,0.1672,0.2338
SPADES ACE CLUBS EIGHT,0.6056,0.1702,0.2242
HEARTS FIVE CLUBS JACK,0.6412,0.0044,0.3544
CLUBS TEN HEARTS FIVE,0.628,0.0054,0.3666
CLUBS SIX HEARTS QUEEN,0.6344,0.004,0.3616
SPADES QUEEN CLUBS EIGHT,0.6386,0.0044,0.357
CLUBS TEN SPADES THREE,0.632,0.003,0.365
CLUBS SIX HEARTS KING,0.6392,0.003,0.3578
SPADES KING CLUBS EIGHT,0.6404,0.0024,0.3572
CLUBS JACK SPADES THREE,0.6174,0.0034,0.3792
DIAMONDS TWO HEARTS JACK,0.6444,0.0034,0.3522
SPADES THREE CLUBS QUEEN,0.6356,0.0044,0.36
DIAMONDS TWO HEARTS TEN,0.6518,0.0036,0.3446
SPADES THREE CLUBS KING,0.632,0.0066,0.3614
HEARTS FIVE CLUBS ACE,0.5766,0.1774,0.246
SPADES FIVE HEARTS TEN,0.6386,0.0032,0.3582
SPADES THREE CLUBS ACE,0.5754,0.177,0.2476
HEARTS FIVE CLUBS KING,0.6218,0.0042,0.374
SPADES FIVE HEARTS JACK,0.6326,0.0034,0.364
HEARTS FIVE CLUBS QUEEN,0.6372,0.0036,0.3592
HEARTS THREE CLUBS KING,0.6228,0.0066,0.3706
DIAMONDS KING CLUBS KING,0.2712,0.0052,0.7236
HEARTS THREE CLUBS QUEEN,0.6264,0.0052,0.3684
DIAMONDS KING CLUBS QUEEN,0.5774,0.0062,0.4164
HEARTS FIVE HEARTS JACK,0.596,0.0046,0.3994
HEARTS FIVE HEARTS TEN,0.5912,0.0034,0.4054
HEARTS THREE CLUBS ACE,0.587,0.1718,0.2412
DIAMONDS KING CLUBS ACE,0.2412,0.0504,0.7084
SPADES ACE CLUBS QUEEN,0.2366,0.0692,0.6942
SPADES KING CLUBS QUEEN,0.5828,0.006,0.4112
CLUBS JACK HEARTS THREE,0.6368,0.0038,0.3594
CLUBS JACK DIAMONDS KING,0.5774,0.0046,0.418
SPADES QUEEN CLUBS QUEEN,0.2766,0.0036,0.7198
CLUBS TEN HEARTS THREE,0.638,0.0044,0.3576
CLUBS TEN DIAMONDS KING,0.5742,0.0044,0.4214
SPADES JACK CLUBS QUEEN,0.568,0.005,0.427
CLUBS SIX CLUBS QUEEN,0.602,0.0062,0.3918
SPADES TEN CLUBS QUEEN,0.5682,0.0034,0.4284
CLUBS SIX CLUBS KING,0.6194,0.0038,0.3768
CLUBS SIX CLUBS ACE,0.5624,0.1704,0.2672
HEARTS FIVE HEARTS KING,0.5984,0.0042,0.3974
HEARTS FIVE HEARTS QUEEN,0.5942,0.0044,0.4014
CLUBS TEN CLUBS SIX,0.5908,0.0052,0.404
HEARTS FIVE HEARTS ACE,0.5404,0.1514,0.3082
CLUBS JACK CLUBS SIX,0.6138,0.0048,0.3814
SPADES SEVEN HEARTS JACK,0.6294,0.0016,0.369
SPADES SEVEN HEARTS TEN,0.6194,0.0028,0.3778
DIAMONDS TWO CLUBS TWO,0.4788,0.007,0.5142
DIAMONDS TWO CLUBS THREE,0.6698,0.0062,0.324
DIAMONDS TWO HEARTS SIX,0.669,0.0044,0.3266
DIAMONDS TWO HEARTS QUEEN,0.6346,0.0042,0.3612
HEARTS SEVEN DIAMONDS TWO,0.675,0.004,0.321
DIAMONDS TWO HEARTS KING,0.6352,0.0058,0.359
DIAMONDS TWO HEARTS EIGHT,0.6804,0.0046,0.315
DIAMONDS TWO HEARTS ACE,0.5924,0.1718,0.2358
DIAMONDS TWO HEARTS NINE,0.7612,0.0292,0.2096
DIAMONDS TWO DIAMONDS QUEEN,0.623,0.0046,0.3724
DIAMONDS TWO HEARTS TWO,0.4726,0.0044,0.523
DIAMONDS TWO DIAMONDS KING,0.6008,0.005,0.3942
DIAMONDS TWO HEARTS THREE,0.6534,0.0066,0.34
HEARTS FOUR DIAMONDS TWO,0.6492,0.0058,0.345
HEARTS FIVE DIAMONDS TWO,0.6434,0.0046,0.352
SPADES SEVEN HEARTS ACE,0.5854,0.1758,0.2388
DIAMONDS TWO DIAMONDS TEN,0.6102,0.0058,0.384
SPADES SEVEN HEARTS KING,0.6336,0.0024,0.364
DIAMONDS TWO DIAMONDS JACK,0.6076,0.0026,0.3898
SPADES SEVEN HEARTS QUEEN,0.6486,0.0026,0.3488
DIAMONDS TWO SPADES NINE,0.753,0.0228,0.2242
DIAMONDS TWO SPADES EIGHT,0.6648,0.0056,0.3296
DIAMONDS TWO SPADES SEVEN,0.6836,0.005,0.3114
DIAMONDS TWO SPADES SIX,0.6594,0.0034,0.3372
DIAMONDS TWO SPADES FIVE,0.642,0.0038,0.3542
DIAMONDS TWO SPADES FOUR,0.6552,0.0048,0.34
DIAMONDS TWO SPADES THREE,0.6568,0.0034,0.3398
DIAMONDS TWO SPADES TWO,0.4682,0.0078,0.524
DIAMONDS TWO CLUBS EIGHT,0.671,0.0038,0.3252
CLUBS SEVEN DIAMONDS TWO,0.6802,0.0044,0.3154
DIAMONDS TWO CLUBS SIX,0.6644,0.0042,0.3314
DIAMONDS TWO CLUBS FIVE,0.6508,0.0048,0.3444
DIAMONDS TWO CLUBS FOUR,0.6626,0.0038,0.3336
CLUBS FOUR SPADES FIVE,0.6324,0.0054,0.3622
CLUBS FOUR SPADES FOUR,0.4594,0.004,0.5366
CLUBS FOUR SPADES THREE,0.6584,0.0048,0.3368
CLUBS FOUR SPADES TWO,0.6524,0.0044,0.3432
SPADES NINE CLUBS FOUR,0.7524,0.0286,0.219
SPADES EIGHT CLUBS FOUR,0.6626,0.0042,0.3332
SPADES SEVEN CLUBS FOUR,0.6464,0.0058,0.3478
CLUBS FOUR SPADES SIX,0.6352,0.0054,0.3594
SPADES ACE DIAMONDS SIX,0.5934,0.1726,0.234
SPADES QUEEN DIAMONDS SIX,0.636,0.0048,0.3592
SPADES KING DIAMONDS SIX,0.6394,0.0044,0.3562
SPADES TEN DIAMONDS SIX,0.622,0.0036,0.3744
SPADES JACK DIAMONDS SIX,0.6412,0.0034,0.3554
SPADES QUEEN SPADES TWO,0.605,0.0044,0.3906
SPADES KING SPADES TWO,0.5986,0.005,0.3964
SPADES ACE SPADES TWO,0.5414,0.1644,0.2942
CLUBS JACK DIAMONDS JACK,0.3166,0.0052,0.6782
CLUBS TEN DIAMONDS JACK,0.5584,0.0038,0.4378
DIAMONDS JACK CLUBS KING,0.5796,0.0054,0.415
DIAMONDS JACK CLUBS QUEEN,0.5746,0.0062,0.4192
DIAMONDS THREE DIAMONDS JACK,0.6156,0.0042,0.3802
DIAMONDS THREE DIAMONDS TEN,0.5998,0.0042,0.396
DIAMONDS JACK CLUBS ACE,0.2432,0.0832,0.6736
DIAMONDS THREE DIAMONDS KING,0.6078,0.004,0.3882
DIAMONDS THREE HEARTS THREE,0.481,0.0054,0.5136
DIAMONDS THREE DIAMONDS QUEEN,0.6134,0.004,0.3826
DIAMONDS THREE HEARTS TWO,0.6344,0.005,0.3606
HEARTS FIVE DIAMONDS THREE,0.6394,0.0044,0.3562
HEARTS FOUR DIAMONDS THREE,0.6534,0.0058,0.3408
HEARTS SEVEN DIAMONDS THREE,0.6592,0.003,0.3378
SPADES TEN SPADES NINE,0.6426,0.0178,0.3396
HEARTS SIX DIAMONDS THREE,0.6476,0.0056,0.3468
SPADES JACK SPADES NINE,0.6604,0.0188,0.3208
DIAMONDS THREE HEARTS NINE,0.7482,0.028,0.2238
HEARTS JACK DIAMONDS FOUR,0.6294,0.0058,0.3648
HEARTS ACE HEARTS KING,0.2292,0.0506,0.7202
SPADES TEN SPADES TWO,0.6012,0.0046,0.3942
DIAMONDS THREE HEARTS EIGHT,0.6924,0.0044,0.3032
HEARTS TEN DIAMONDS FOUR,0.6394,0.0044,0.3562
SPADES JACK SPADES TWO,0.605,0.0048,0.3902
HEARTS QUEEN DIAMONDS FOUR,0.6448,0.0038,0.3514
HEARTS KING DIAMONDS FOUR,0.6404,0.004,0.3556
SPADES ACE SPADES NINE,0.0238,0.902,0.0742
HEARTS ACE DIAMONDS FOUR,0.5782,0.1722,0.2496
SPADES KING SPADES NINE,0.6914,0.0184,0.2902
SPADES QUEEN SPADES NINE,0.6726,0.0178,0.3096
DIAMONDS THREE SPADES NINE,0.752,0.0252,0.2228
DIAMONDS THREE SPADES EIGHT,0.6718,0.0054,0.3228
DIAMONDS THREE SPADES SEVEN,0.668,0.0028,0.3292
DIAMONDS THREE SPADES SIX,0.6636,0.0038,0.3326
DIAMONDS THREE CLUBS SIX,0.6448,0.0054,0.3498
CLUBS FIVE CLUBS SIX,0.5886,0.0044,0.407
CLUBS ACE DIAMONDS FOUR,0.5928,0.1646,0.2426
CLUBS SEVEN DIAMONDS THREE,0.67,0.005,0.325
CLUBS SEVEN CLUBS FIVE,0.6068,0.0038,0.3894
DIAMONDS THREE CLUBS FOUR,0.6408,0.004,0.3552
DIAMONDS FOUR CLUBS QUEEN,0.629,0.0062,0.3648
DIAMONDS THREE CLUBS FIVE,0.6464,0.0062,0.3474
DIAMONDS FOUR CLUBS KING,0.6422,0.0068,0.351
DIAMONDS THREE CLUBS TWO,0.6532,0.0048,0.342
CLUBS TEN DIAMONDS FOUR,0.6408,0.0042,0.355
DIAMONDS THREE CLUBS THREE,0.469,0.0046,0.5264
CLUBS JACK DIAMONDS FOUR,0.6422,0.005,0.3528
DIAMONDS THREE SPADES FOUR,0.6326,0.005,0.3624
DIAMONDS THREE SPADES FIVE,0.6402,0.003,0.3568
DIAMONDS THREE SPADES TWO,0.656,0.005,0.339
DIAMONDS THREE SPADES THREE,0.4602,0.0046,0.5352
CLUBS EIGHT DIAMONDS THREE,0.6702,0.0042,0.3256
SPADES SEVEN CLUBS ACE,0.5816,0.1858,0.2326
SPADES SEVEN CLUBS QUEEN,0.6236,0.0044,0.372
SPADES SEVEN CLUBS KING,0.6228,0.0034,0.3738
CLUBS FIVE SPADES SEVEN,0.6268,0.0062,0.367
CLUBS TEN SPADES SEVEN,0.6192,0.003,0.3778
CLUBS FIVE SPADES SIX,0.6278,0.0052,0.367
CLUBS JACK SPADES SEVEN,0.6222,0.0038,0.374
CLUBS FIVE SPADES NINE,0.7312,0.025,0.2438
CLUBS FIVE SPADES EIGHT,0.6526,0.0032,0.3442
CLUBS FIVE SPADES THREE,0.638,0.0054,0.3566
CLUBS FIVE SPADES TWO,0.659,0.0046,0.3364
CLUBS FIVE SPADES FIVE,0.4728,0.0046,0.5226
CLUBS FIVE SPADES FOUR,0.636,0.0064,0.3576
CLUBS EIGHT CLUBS FIVE,0.6206,0.006,0.3734
CLUBS ACE CLUBS QUEEN,0.231,0.0558,0.7132
CLUBS KING CLUBS QUEEN,0.5412,0.0038,0.455
DIAMONDS TEN DIAMONDS FOUR,0.6056,0.0052,0.3892
CLUBS TEN DIAMONDS NINE,0.687,0.0144,0.2986
DIAMONDS JACK DIAMONDS FOUR,0.6054,0.0044,0.3902
CLUBS JACK DIAMONDS NINE,0.699,0.019,0.282
CLUBS JACK SPADES NINE,0.6942,0.0216,0.2842
CLUBS TEN SPADES NINE,0.6738,0.0164,0.3098
HEARTS FOUR DIAMONDS FOUR,0.464,0.0048,0.5312
DIAMONDS JACK HEARTS TEN,0.5644,0.0044,0.4312
SPADES NINE CLUBS KING,0.7354,0.0206,0.244
DIAMONDS TWO SPADES TEN,0.6482,0.0042,0.3476
DIAMONDS NINE CLUBS ACE,0.005,0.9872,0.0078
HEARTS FIVE DIAMONDS FOUR,0.633,0.0054,0.3616
DIAMONDS JACK HEARTS JACK,0.3032,0.0042,0.6926
SPADES NINE CLUBS QUEEN,0.7176,0.0206,0.2618
DIAMONDS TWO SPADES JACK,0.6526,0.0046,0.3428
DIAMONDS QUEEN DIAMONDS FOUR,0.6152,0.0036,0.3812
HEARTS TWO DIAMONDS FOUR,0.6618,0.0054,0.3328
DIAMONDS NINE CLUBS QUEEN,0.7168,0.0246,0.2586
DIAMONDS KING DIAMONDS FOUR,0.6076,0.0062,0.3862
HEARTS THREE DIAMONDS FOUR,0.6488,0.0034,0.3478
SPADES NINE CLUBS ACE,0.0132,0.9688,0.018
DIAMONDS NINE CLUBS KING,0.7368,0.0208,0.2424
HEARTS ACE DIAMONDS JACK,0.242,0.0992,0.6588
SPADES ACE DIAMONDS TWO,0.595,0.1696,0.2354
HEARTS QUEEN DIAMONDS JACK,0.5684,0.0046,0.427
SPADES QUEEN DIAMONDS TWO,0.6452,0.0042,0.3506
DIAMONDS JACK HEARTS KING,0.604,0.0046,0.3914
SPADES KING DIAMONDS TWO,0.6394,0.0038,0.3568
SPADES JACK SPADES SEVEN,0.5838,0.0036,0.4126
SPADES TEN SPADES SEVEN,0.588,0.0034,0.4086
CLUBS SEVEN CLUBS THREE,0.639,0.0044,0.3566
CLUBS SIX CLUBS THREE,0.6224,0.005,0.3726
CLUBS FIVE CLUBS THREE,0.6066,0.0042,0.3892
CLUBS THREE CLUBS FOUR,0.6034,0.0058,0.3908
CLUBS EIGHT CLUBS THREE,0.6482,0.005,0.3468
CLUBS THREE SPADES FIVE,0.6314,0.0046,0.364
CLUBS THREE SPADES FOUR,0.6224,0.0046,0.373
CLUBS THREE SPADES THREE,0.4754,0.0054,0.5192
CLUBS THREE SPADES TWO,0.6548,0.005,0.3402
CLUBS THREE SPADES SIX,0.66,0.0038,0.3362
CLUBS THREE SPADES SEVEN,0.6632,0.0032,0.3336
SPADES EIGHT CLUBS THREE,0.6652,0.0046,0.3302
SPADES NINE CLUBS THREE,0.751,0.0256,0.2234
SPADES TWO DIAMONDS FOUR,0.644,0.0074,0.3486
SPADES THREE DIAMONDS FOUR,0.6398,0.0068,0.3534
SPADES FOUR DIAMONDS FOUR,0.4692,0.005,0.5258
SPADES FIVE DIAMONDS FOUR,0.6296,0.006,0.3644
SPADES SIX DIAMONDS FOUR,0.6394,0.0052,0.3554
SPADES SEVEN DIAMONDS FOUR,0.6548,0.0022,0.343
SPADES EIGHT DIAMONDS FOUR,0.6602,0.0048,0.335
SPADES NINE DIAMONDS FOUR,0.7568,0.0232,0.22
CLUBS FIVE DIAMONDS FOUR,0.619,0.005,0.376
CLUBS FOUR DIAMONDS FOUR,0.4766,0.0072,0.5162
CLUBS SEVEN DIAMONDS FOUR,0.6482,0.0044,0.3474
CLUBS SIX DIAMONDS FOUR,0.6438,0.0056,0.3506
CLUBS EIGHT DIAMONDS FOUR,0.666,0.0048,0.3292
HEARTS SEVEN DIAMONDS FOUR,0.6528,0.0034,0.3438
HEARTS SIX DIAMONDS FOUR,0.6516,0.0036,0.3448
DIAMONDS FOUR HEARTS NINE,0.7588,0.0268,0.2144
DIAMONDS FOUR HEARTS EIGHT,0.6644,0.0036,0.332
CLUBS THREE DIAMONDS FOUR,0.6522,0.0064,0.3414
CLUBS TWO DIAMONDS FOUR,0.6634,0.0044,0.3322
DIAMONDS TEN DIAMONDS FIVE,0.6076,0.0048,0.3876
DIAMONDS JACK DIAMONDS FIVE,0.6054,0.0042,0.3904
DIAMONDS NINE HEARTS QUEEN,0.7154,0.0184,0.2662
DIAMONDS NINE HEARTS KING,0.7342,0.026,0.2398
HEARTS ACE DIAMONDS NINE,0.0182,0.9714,0.0104
DIAMONDS NINE HEARTS TEN,0.6948,0.02,0.2852
DIAMONDS NINE HEARTS JACK,0.7084,0.0204,0.2712
CLUBS KING DIAMONDS SIX,0.6368,0.0044,0.3588
CLUBS QUEEN DIAMONDS SIX,0.6502,0.0038,0.346
CLUBS ACE DIAMONDS SIX,0.6142,0.169,0.2168
SPADES KING DIAMONDS FOUR,0.6418,0.0044,0.3538
SPADES ACE SPADES SEVEN,0.5494,0.167,0.2836
SPADES QUEEN DIAMONDS FOUR,0.6302,0.0048,0.365
SPADES QUEEN SPADES SEVEN,0.5842,0.0052,0.4106
CLUBS JACK DIAMONDS SIX,0.6534,0.0024,0.3442
SPADES KING SPADES SEVEN,0.5854,0.0032,0.4114
SPADES ACE DIAMONDS FOUR,0.5848,0.1758,0.2394
CLUBS TEN DIAMONDS SIX,0.6354,0.0042,0.3604
CLUBS EIGHT CLUBS FOUR,0.6302,0.004,0.3658
SPADES JACK DIAMONDS FOUR,0.641,0.0038,0.3552
SPADES TEN DIAMONDS FOUR,0.6444,0.0032,0.3524
CLUBS FIVE CLUBS FOUR,0.5948,0.0052,0.4
CLUBS SEVEN CLUBS FOUR,0.612,0.0036,0.3844
CLUBS SIX CLUBS FOUR,0.6204,0.004,0.3756
CLUBS SEVEN SPADES EIGHT,0.6358,0.003,0.3612
CLUBS SEVEN SPADES NINE,0.7134,0.0236,0.263
CLUBS SEVEN SPADES SIX,0.626,0.0038,0.3702
CLUBS SEVEN SPADES SEVEN,0.4584,0.0046,0.537
CLUBS SEVEN SPADES FIVE,0.6306,0.0052,0.3642
CLUBS SEVEN SPADES FOUR,0.6524,0.0044,0.3432
CLUBS SEVEN SPADES THREE,0.6568,0.005,0.3382
CLUBS SEVEN SPADES TWO,0.683,0.0038,0.3132
CLUBS SEVEN CLUBS EIGHT,0.5826,0.0048,0.4126
HEARTS SIX DIAMONDS FIVE,0.627,0.005,0.368
HEARTS SEVEN DIAMONDS FIVE,0.648,0.0048,0.3472
DIAMONDS FIVE HEARTS EIGHT,0.6418,0.0036,0.3546
DIAMONDS FIVE HEARTS NINE,0.7268,0.0242,0.249
DIAMONDS QUEEN DIAMONDS FIVE,0.5968,0.0058,0.3974
HEARTS TWO DIAMONDS FIVE,0.6504,0.0046,0.345
HEARTS KING HEARTS EIGHT,0.5988,0.004,0.3972
DIAMONDS KING DIAMONDS FIVE,0.6102,0.0052,0.3846
HEARTS THREE DIAMONDS FIVE,0.6402,0.005,0.3548
HEARTS QUEEN HEARTS EIGHT,0.585,0.0036,0.4114
HEARTS FOUR DIAMONDS FIVE,0.6184,0.0046,0.377
HEARTS FIVE DIAMONDS FIVE,0.4618,0.0044,0.5338
HEARTS ACE HEARTS EIGHT,0.5578,0.1648,0.2774
CLUBS FOUR DIAMONDS FIVE,0.6254,0.0034,0.3712
CLUBS FIVE DIAMONDS FIVE,0.457,0.0058,0.5372
CLUBS SIX DIAMONDS FIVE,0.6416,0.0064,0.352
CLUBS SEVEN DIAMONDS FIVE,0.651,0.0042,0.3448
CLUBS TWO DIAMONDS FIVE,0.6696,0.0054,0.325
CLUBS THREE DIAMONDS FIVE,0.637,0.0068,0.3562
SPADES THREE DIAMONDS FIVE,0.633,0.008,0.359
SPADES TWO DIAMONDS FIVE,0.6448,0.0052,0.35
SPADES JACK DIAMONDS EIGHT,0.6162,0.0034,0.3804
SPADES FIVE DIAMONDS FIVE,0.4508,0.0052,0.544
CLUBS TEN HEARTS JACK,0.5646,0.0062,0.4292
SPADES TEN DIAMONDS EIGHT,0.6126,0.0032,0.3842
SPADES FOUR DIAMONDS FIVE,0.631,0.0048,0.3642
CLUBS JACK HEARTS JACK,0.284,0.0034,0.7126
HEARTS JACK CLUBS QUEEN,0.5674,0.0044,0.4282
HEARTS JACK CLUBS KING,0.5744,0.0062,0.4194
CLUBS EIGHT DIAMONDS FIVE,0.658,0.0044,0.3376
CLUBS ACE HEARTS JACK,0.2338,0.0856,0.6806
SPADES SEVEN DIAMONDS FIVE,0.6218,0.0046,0.3736
SPADES KING DIAMONDS EIGHT,0.638,0.004,0.358
SPADES QUEEN DIAMONDS EIGHT,0.6378,0.005,0.3572
SPADES SIX DIAMONDS FIVE,0.629,0.0054,0.3656
SPADES NINE DIAMONDS FIVE,0.7426,0.0254,0.232
SPADES EIGHT DIAMONDS FIVE,0.6468,0.0046,0.3486
SPADES ACE DIAMONDS EIGHT,0.6094,0.1688,0.2218
DIAMONDS TEN DIAMONDS SIX,0.604,0.0068,0.3892
HEARTS ACE DIAMONDS SEVEN,0.6004,0.1754,0.2242
DIAMONDS JACK DIAMONDS SIX,0.614,0.004,0.382
HEARTS QUEEN DIAMONDS SEVEN,0.6354,0.0032,0.3614
HEARTS KING DIAMONDS SEVEN,0.642,0.0042,0.3538
HEARTS FOUR DIAMONDS SIX,0.6488,0.003,0.3482
SPADES TWO HEARTS JACK,0.6484,0.0038,0.3478
HEARTS FIVE DIAMONDS SIX,0.6288,0.0038,0.3674
SPADES TWO HEARTS TEN,0.6388,0.0046,0.3566
DIAMONDS QUEEN DIAMONDS SIX,0.6076,0.0048,0.3876
HEARTS TWO DIAMONDS SIX,0.672,0.005,0.323
DIAMONDS KING DIAMONDS SIX,0.6018,0.0058,0.3924
HEARTS THREE DIAMONDS SIX,0.6612,0.004,0.3348
HEARTS EIGHT DIAMONDS SIX,0.6358,0.0048,0.3594
HEARTS NINE DIAMONDS SIX,0.726,0.0238,0.2502
HEARTS SIX DIAMONDS SIX,0.462,0.0052,0.5328
HEARTS SEVEN DIAMONDS SIX,0.6284,0.0022,0.3694
HEARTS TEN DIAMONDS SEVEN,0.6202,0.0034,0.3764
CLUBS TWO DIAMONDS SIX,0.6804,0.005,0.3146
HEARTS JACK DIAMONDS SEVEN,0.6462,0.003,0.3508
CLUBS THREE DIAMONDS SIX,0.6668,0.0062,0.327
CLUBS SEVEN DIAMONDS SIX,0.6368,0.0066,0.3566
CLUBS JACK DIAMONDS EIGHT,0.6272,0.0044,0.3684
CLUBS SIX DIAMONDS SIX,0.4628,0.0042,0.533
CLUBS TEN DIAMONDS EIGHT,0.5976,0.0046,0.3978
CLUBS FIVE DIAMONDS SIX,0.6282,0.005,0.3668
CLUBS FOUR DIAMONDS SIX,0.6476,0.003,0.3494
HEARTS ACE HEARTS JACK,0.2248,0.0808,0.6944
DIAMONDS EIGHT CLUBS ACE,0.593,0.1758,0.2312
HEARTS QUEEN HEARTS JACK,0.538,0.0038,0.4582
DIAMONDS EIGHT CLUBS KING,0.6454,0.0034,0.3512
HEARTS KING HEARTS JACK,0.5526,0.0026,0.4448
DIAMONDS EIGHT CLUBS QUEEN,0.6272,0.0054,0.3674
CLUBS EIGHT DIAMONDS SIX,0.6614,0.0044,0.3342
SPADES TEN HEARTS KING,0.5774,0.0046,0.418
SPADES FIVE DIAMONDS SIX,0.6174,0.005,0.3776
HEARTS ACE SPADES TWO,0.5814,0.172,0.2466
SPADES JACK HEARTS KING,0.594,0.003,0.403
SPADES FOUR DIAMONDS SIX,0.6408,0.0052,0.354
SPADES THREE DIAMONDS SIX,0.644,0.0044,0.3516
HEARTS QUEEN SPADES TWO,0.6362,0.0042,0.3596
SPADES ACE SPADES KING,0.2278,0.0446,0.7276
HEARTS KING SPADES TWO,0.6316,0.0046,0.3638
SPADES TWO DIAMONDS SIX,0.6676,0.0054,0.327
HEARTS TEN HEARTS EIGHT,0.5688,0.003,0.4282
SPADES NINE DIAMONDS SIX,0.7388,0.0236,0.2376
HEARTS JACK HEARTS EIGHT,0.5738,0.0014,0.4248
SPADES EIGHT DIAMONDS SIX,0.6344,0.0032,0.3624
SPADES SEVEN DIAMONDS SIX,0.6216,0.0046,0.3738
SPADES SIX DIAMONDS SIX,0.4642,0.004,0.5318
SPADES KING HEARTS KING,0.2908,0.003,0.7062
SPADES QUEEN HEARTS KING,0.5662,0.0022,0.4316
CLUBS ACE CLUBS KING,0.237,0.0474,0.7156
SPADES ACE HEARTS KING,0.255,0.0494,0.6956
SPADES ACE HEARTS JACK,0.24,0.0874,0.6726
SPADES QUEEN HEARTS JACK,0.5688,0.0026,0.4286
SPADES KING HEARTS JACK,0.5848,0.0032,0.412
SPADES TEN DIAMONDS TEN,0.3104,0.004,0.6856
SPADES JACK DIAMONDS TEN,0.5852,0.0032,0.4116
SPADES ACE DIAMONDS TEN,0.2404,0.1134,0.6462
SPADES JACK HEARTS JACK,0.3096,0.002,0.6884
SPADES TEN HEARTS JACK,0.5684,0.0032,0.4284
SPADES QUEEN DIAMONDS TEN,0.5756,0.0034,0.421
SPADES KING DIAMONDS TEN,0.581,0.0042,0.4148
SPADES NINE DIAMONDS SEVEN,0.702,0.0218,0.2762
SPADES EIGHT DIAMONDS SEVEN,0.6256,0.0034,0.371
SPADES SEVEN DIAMONDS SEVEN,0.446,0.0038,0.5502
SPADES SIX DIAMONDS SEVEN,0.637,0.0034,0.3596
DIAMONDS KING DIAMONDS SEVEN,0.6046,0.0044,0.391
HEARTS THREE DIAMONDS SEVEN,0.6634,0.0048,0.3318
HEARTS KING DIAMONDS FIVE,0.6392,0.0036,0.3572
DIAMONDS QUEEN DIAMONDS SEVEN,0.603,0.0036,0.3934
HEARTS TWO DIAMONDS SEVEN,0.6762,0.0064,0.3174
HEARTS QUEEN DIAMONDS FIVE,0.6378,0.0044,0.3578
HEARTS FIVE DIAMONDS SEVEN,0.6382,0.0024,0.3594
HEARTS FOUR DIAMONDS SEVEN,0.6522,0.0034,0.3444
HEARTS ACE DIAMONDS FIVE,0.593,0.1746,0.2324
HEARTS SEVEN DIAMONDS SEVEN,0.4544,0.0036,0.542
HEARTS SIX DIAMONDS SEVEN,0.6278,0.003,0.3692
DIAMONDS SEVEN HEARTS NINE,0.711,0.0256,0.2634
HEARTS EIGHT DIAMONDS SEVEN,0.616,0.004,0.38
DIAMONDS JACK DIAMONDS SEVEN,0.5968,0.0056,0.3976
DIAMONDS FIVE HEARTS JACK,0.6448,0.0028,0.3524
DIAMONDS TEN DIAMONDS SEVEN,0.602,0.0034,0.3946
HEARTS TEN DIAMONDS FIVE,0.6346,0.0036,0.3618
SPADES KING CLUBS TWO,0.65,0.0028,0.3472
HEARTS KING CLUBS KING,0.2696,0.0034,0.727
CLUBS EIGHT DIAMONDS SEVEN,0.6384,0.0054,0.3562
SPADES QUEEN CLUBS TWO,0.643,0.0038,0.3532
HEARTS KING CLUBS QUEEN,0.5786,0.0042,0.4172
CLUBS JACK SPADES TWO,0.6442,0.0034,0.3524
SPADES ACE CLUBS TWO,0.5916,0.17,0.2384
CLUBS TEN SPADES TWO,0.63,0.0038,0.3662
HEARTS KING CLUBS ACE,0.2318,0.0554,0.7128
CLUBS SEVEN CLUBS SIX,0.5892,0.004,0.4068
SPADES TWO CLUBS KING,0.639,0.0046,0.3564
SPADES TWO DIAMONDS SEVEN,0.6708,0.0064,0.3228
CLUBS EIGHT CLUBS SIX,0.6106,0.004,0.3854
SPADES THREE DIAMONDS SEVEN,0.668,0.0078,0.3242
SPADES TWO CLUBS QUEEN,0.6316,0.005,0.3634
SPADES FOUR DIAMONDS SEVEN,0.6492,0.0044,0.3464
CLUBS JACK HEARTS KING,0.5842,0.0038,0.412
SPADES FIVE DIAMONDS SEVEN,0.6312,0.003,0.3658
SPADES TWO CLUBS ACE,0.5714,0.177,0.2516
CLUBS TEN HEARTS KING,0.5786,0.0036,0.4178
CLUBS SIX SPADES TWO,0.6792,0.0044,0.3164
CLUBS SIX SPADES THREE,0.6392,0.0066,0.3542
CLUBS TWO DIAMONDS SEVEN,0.68,0.0042,0.3158
CLUBS SIX SPADES FOUR,0.6544,0.0036,0.342
CLUBS THREE DIAMONDS SEVEN,0.6834,0.0052,0.3114
CLUBS SIX SPADES FIVE,0.6148,0.005,0.3802
CLUBS FOUR DIAMONDS SEVEN,0.6558,0.0048,0.3394
CLUBS SIX SPADES SIX,0.4674,0.0036,0.529
CLUBS FIVE DIAMONDS SEVEN,0.6372,0.0046,0.3582
CLUBS SIX SPADES SEVEN,0.632,0.0038,0.3642
CLUBS SIX DIAMONDS SEVEN,0.6328,0.0038,0.3634
CLUBS SIX SPADES EIGHT,0.6318,0.0046,0.3636
SPADES JACK CLUBS TWO,0.6424,0.003,0.3546
CLUBS SEVEN DIAMONDS SEVEN,0.4642,0.0026,0.5332
SPADES NINE CLUBS SIX,0.7318,0.023,0.2452
SPADES TEN CLUBS TWO,0.6494,0.0032,0.3474
CLUBS TWO CLUBS QUEEN,0.6026,0.0052,0.3922
CLUBS TWO CLUBS KING,0.616,0.0042,0.3798
CLUBS THREE DIAMONDS EIGHT,0.6794,0.006,0.3146
CLUBS TWO CLUBS ACE,0.5644,0.1544,0.2812
CLUBS TWO DIAMONDS EIGHT,0.681,0.0038,0.3152
HEARTS SEVEN DIAMONDS EIGHT,0.6218,0.0032,0.375
HEARTS SIX DIAMONDS EIGHT,0.6392,0.002,0.3588
DIAMONDS EIGHT HEARTS NINE,0.6976,0.0212,0.2812
CLUBS TEN CLUBS TWO,0.6076,0.0054,0.387
DIAMONDS EIGHT HEARTS EIGHT,0.4498,0.0052,0.545
CLUBS JACK CLUBS TWO,0.611,0.0068,0.3822
CLUBS EIGHT DIAMONDS EIGHT,0.4568,0.0036,0.5396
CLUBS FIVE DIAMONDS EIGHT,0.6664,0.0036,0.33
SPADES ACE SPADES THREE,0.543,0.1626,0.2944
CLUBS FOUR DIAMONDS EIGHT,0.6596,0.0044,0.336
CLUBS SEVEN DIAMONDS EIGHT,0.6288,0.0028,0.3684
SPADES QUEEN SPADES THREE,0.5902,0.004,0.4058
CLUBS SIX DIAMONDS EIGHT,0.6454,0.005,0.3496
SPADES KING SPADES THREE,0.584,0.0044,0.4116
DIAMONDS QUEEN DIAMONDS EIGHT,0.5994,0.0038,0.3968
HEARTS TWO DIAMONDS EIGHT,0.6794,0.0054,0.3152
DIAMONDS KING DIAMONDS EIGHT,0.614,0.006,0.38
HEARTS THREE DIAMONDS EIGHT,0.6706,0.0046,0.3248
HEARTS FOUR DIAMONDS EIGHT,0.6628,0.0032,0.334
HEARTS FIVE DIAMONDS EIGHT,0.6408,0.004,0.3552
DIAMONDS EIGHT DIAMONDS TEN,0.5882,0.0044,0.4074
DIAMONDS EIGHT DIAMONDS JACK,0.6024,0.0046,0.393
SPADES JACK SPADES THREE,0.5892,0.0036,0.4072
SPADES TEN SPADES THREE,0.5812,0.0038,0.415
CLUBS FOUR HEARTS ACE,0.5848,0.1716,0.2436
CLUBS FOUR HEARTS QUEEN,0.6394,0.0034,0.3572
CLUBS FOUR HEARTS KING,0.638,0.0066,0.3554
CLUBS SIX HEARTS TEN,0.6362,0.0038,0.36
CLUBS SIX HEARTS JACK,0.6318,0.0024,0.3658
DIAMONDS EIGHT SPADES FOUR,0.6638,0.003,0.3332
SPADES FIVE DIAMONDS EIGHT,0.6562,0.0038,0.34
DIAMONDS EIGHT SPADES TWO,0.6822,0.004,0.3138
DIAMONDS EIGHT SPADES THREE,0.6774,0.0046,0.318
CLUBS FOUR HEARTS JACK,0.6446,0.0056,0.3498
SPADES EIGHT DIAMONDS EIGHT,0.4576,0.0028,0.5396
SPADES TEN DIAMONDS QUEEN,0.5742,0.0034,0.4224
SPADES TEN HEARTS TWO,0.6354,0.0056,0.359
SPADES JACK HEARTS EIGHT,0.6106,0.0032,0.3862
CLUBS FOUR HEARTS TEN,0.629,0.0036,0.3674
SPADES NINE DIAMONDS EIGHT,0.7106,0.0202,0.2692
SPADES TEN HEARTS EIGHT,0.5964,0.0032,0.4004
SPADES JACK HEARTS TWO,0.6252,0.005,0.3698
SPADES JACK DIAMONDS QUEEN,0.5704,0.0034,0.4262
SPADES SIX DIAMONDS EIGHT,0.6348,0.0026,0.3626
SPADES SEVEN DIAMONDS EIGHT,0.6314,0.004,0.3646
SPADES ACE HEARTS TWO,0.5862,0.1736,0.2402
SPADES ACE DIAMONDS QUEEN,0.2482,0.0616,0.6902
SPADES ACE HEARTS EIGHT,0.5936,0.1764,0.23
SPADES KING HEARTS EIGHT,0.627,0.0044,0.3686
SPADES QUEEN HEARTS TWO,0.6376,0.003,0.3594
SPADES QUEEN DIAMONDS QUEEN,0.2994,0.0038,0.6968
SPADES KING DIAMONDS QUEEN,0.5756,0.0042,0.4202
SPADES KING HEARTS TWO,0.6464,0.003,0.3506
SPADES QUEEN HEARTS EIGHT,0.6234,0.003,0.3736
CLUBS TWO HEARTS TEN,0.6402,0.004,0.3558
CLUBS TWO HEARTS JACK,0.6342,0.0032,0.3626
SPADES SEVEN DIAMONDS NINE,0.709,0.0228,0.2682
SPADES SIX DIAMONDS NINE,0.7198,0.0238,0.2564
SPADES NINE DIAMONDS NINE,0.2968,0.0218,0.6814
SPADES EIGHT DIAMONDS NINE,0.689,0.0224,0.2886
SPADES TEN CLUBS KING,0.5758,0.0042,0.42
DIAMONDS NINE SPADES THREE,0.7574,0.0254,0.2172
SPADES JACK CLUBS KING,0.587,0.005,0.408
DIAMONDS NINE SPADES TWO,0.7466,0.025,0.2284
DIAMONDS NINE SPADES FIVE,0.7344,0.0276,0.238
DIAMONDS NINE SPADES FOUR,0.752,0.0248,0.2232
CLUBS EIGHT DIAMONDS NINE,0.709,0.0214,0.2696
CLUBS SIX DIAMONDS NINE,0.741,0.023,0.236
SPADES JACK CLUBS FOUR,0.6488,0.0052,0.346
CLUBS SEVEN DIAMONDS NINE,0.722,0.0212,0.2568
SPADES TEN CLUBS FOUR,0.6402,0.0046,0.3552
CLUBS FOUR DIAMONDS NINE,0.7662,0.0254,0.2084
CLUBS FIVE DIAMONDS NINE,0.741,0.026,0.233
DIAMONDS NINE CLUBS TWO,0.7636,0.029,0.2074
CLUBS THREE DIAMONDS NINE,0.7624,0.0294,0.2082
DIAMONDS NINE HEARTS EIGHT,0.696,0.0228,0.2812
DIAMONDS NINE HEARTS NINE,0.3078,0.0226,0.6696
HEARTS SIX DIAMONDS NINE,0.7256,0.027,0.2474
HEARTS SEVEN DIAMONDS NINE,0.7042,0.0242,0.2716
HEARTS FOUR DIAMONDS NINE,0.7572,0.0282,0.2146
HEARTS FIVE DIAMONDS NINE,0.7326,0.0236,0.2438
HEARTS ACE CLUBS TWO,0.599,0.163,0.238
SPADES ACE CLUBS FOUR,0.5884,0.1684,0.2432
DIAMONDS QUEEN DIAMONDS NINE,0.6764,0.0182,0.3054
HEARTS TWO DIAMONDS NINE,0.7614,0.0276,0.211
CLUBS TWO HEARTS KING,0.6418,0.0036,0.3546
SPADES KING CLUBS FOUR,0.6392,0.0046,0.3562
DIAMONDS KING DIAMONDS NINE,0.709,0.0224,0.2686
HEARTS THREE DIAMONDS NINE,0.7564,0.0266,0.217
CLUBS TWO HEARTS QUEEN,0.644,0.0046,0.3514
SPADES QUEEN CLUBS FOUR,0.6496,0.006,0.3444
DIAMONDS NINE DIAMONDS JACK,0.674,0.0176,0.3084
CLUBS EIGHT SPADES NINE,0.7028,0.0186,0.2786
DIAMONDS NINE DIAMONDS TEN,0.664,0.0176,0.3184
CLUBS EIGHT SPADES EIGHT,0.4404,0.0024,0.5572
CLUBS EIGHT SPADES SEVEN,0.6154,0.005,0.3796
CLUBS EIGHT SPADES SIX,0.6524,0.0028,0.3448
CLUBS EIGHT SPADES FIVE,0.6496,0.0032,0.3472
CLUBS EIGHT SPADES FOUR,0.6714,0.0048,0.3238
CLUBS EIGHT SPADES THREE,0.674,0.0036,0.3224
CLUBS EIGHT SPADES TWO,0.6812,0.0048,0.314
HEARTS SIX DIAMONDS TEN,0.6266,0.0066,0.3668
HEARTS SEVEN DIAMONDS TEN,0.616,0.0044,0.3796
DIAMONDS TEN HEARTS EIGHT,0.6092,0.005,0.3858
CLUBS JACK CLUBS FOUR,0.5986,0.007,0.3944
DIAMONDS TEN HEARTS NINE,0.698,0.0192,0.2828
CLUBS TEN CLUBS FOUR,0.5928,0.004,0.4032
CLUBS FOUR CLUBS KING,0.6088,0.004,0.3872
CLUBS FOUR CLUBS QUEEN,0.6024,0.0042,0.3934
CLUBS TWO DIAMONDS TEN,0.64,0.0062,0.3538
CLUBS THREE DIAMONDS TEN,0.6404,0.0052,0.3544
CLUBS FOUR CLUBS ACE,0.5552,0.1568,0.288
DIAMONDS JACK DIAMONDS TEN,0.5388,0.0058,0.4554
DIAMONDS QUEEN DIAMONDS TEN,0.5422,0.0056,0.4522
HEARTS TWO DIAMONDS TEN,0.6492,0.005,0.3458
DIAMONDS KING DIAMONDS TEN,0.539,0.006,0.455
HEARTS THREE DIAMONDS TEN,0.6392,0.0048,0.356
HEARTS FOUR DIAMONDS TEN,0.6428,0.004,0.3532
CLUBS EIGHT HEARTS JACK,0.6142,0.003,0.3828
HEARTS FIVE DIAMONDS TEN,0.6354,0.004,0.3606
CLUBS EIGHT HEARTS TEN,0.6104,0.0032,0.3864
CLUBS EIGHT HEARTS QUEEN,0.624,0.0038,0.3722
CLUBS EIGHT HEARTS KING,0.645,0.0028,0.3522
CLUBS EIGHT HEARTS ACE,0.6022,0.171,0.2268
CLUBS TEN HEARTS EIGHT,0.6044,0.0038,0.3918
CLUBS JACK HEARTS EIGHT,0.6012,0.0046,0.3942
HEARTS EIGHT CLUBS QUEEN,0.6228,0.0032,0.374
CLUBS KING HEARTS EIGHT,0.633,0.0044,0.3626
CLUBS ACE HEARTS EIGHT,0.5994,0.1752,0.2254
SPADES KING CLUBS KING,0.2792,0.0036,0.7172
SPADES QUEEN CLUBS KING,0.5784,0.0056,0.416
SPADES ACE CLUBS KING,0.2508,0.0442,0.705
HEARTS FOUR HEARTS TEN,0.597,0.0038,0.3992
HEARTS FOUR HEARTS JACK,0.5898,0.0046,0.4056
SPADES KING CLUBS FIVE,0.642,0.0044,0.3536
SPADES QUEEN CLUBS FIVE,0.6306,0.004,0.3654
SPADES ACE CLUBS FIVE,0.5744,0.1676,0.258
HEARTS SEVEN DIAMONDS JACK,0.6248,0.0046,0.3706
HEARTS SIX DIAMONDS JACK,0.6412,0.0032,0.3556
DIAMONDS JACK HEARTS NINE,0.7138,0.0228,0.2634
DIAMONDS JACK HEARTS EIGHT,0.623,0.0052,0.3718
DIAMONDS KING DIAMONDS JACK,0.5414,0.0046,0.454
HEARTS THREE DIAMONDS JACK,0.6452,0.0034,0.3514
SPADES ACE SPADES SIX,0.558,0.1492,0.2928
HEARTS ACE SPADES FOUR,0.5916,0.1614,0.247
DIAMONDS QUEEN DIAMONDS JACK,0.542,0.004,0.454
HEARTS TWO DIAMONDS JACK,0.6382,0.007,0.3548
HEARTS FIVE DIAMONDS JACK,0.6278,0.0052,0.367
SPADES QUEEN SPADES SIX,0.5988,0.0038,0.3974
SPADES FOUR HEARTS QUEEN,0.6224,0.004,0.3736
HEARTS FOUR DIAMONDS JACK,0.6484,0.003,0.3486
SPADES KING SPADES SIX,0.5916,0.005,0.4034
SPADES FOUR HEARTS KING,0.6284,0.0036,0.368
SPADES TEN SPADES SIX,0.5888,0.0024,0.4088
SPADES JACK SPADES SIX,0.5994,0.003,0.3976
SPADES FOUR DIAMONDS JACK,0.643,0.003,0.354
SPADES FIVE DIAMONDS JACK,0.629,0.0054,0.3656
DIAMONDS JACK SPADES TWO,0.6512,0.005,0.3438
DIAMONDS JACK SPADES THREE,0.636,0.0042,0.3598
SPADES ACE DIAMONDS THREE,0.5942,0.1702,0.2356
SPADES QUEEN DIAMONDS THREE,0.647,0.0048,0.3482
CLUBS EIGHT DIAMONDS JACK,0.6312,0.0044,0.3644
SPADES KING DIAMONDS THREE,0.6298,0.0036,0.3666
CLUBS SIX DIAMONDS JACK,0.639,0.005,0.356
CLUBS SEVEN DIAMONDS JACK,0.6358,0.0056,0.3586
CLUBS FOUR DIAMONDS JACK,0.6416,0.005,0.3534
CLUBS FIVE DIAMONDS JACK,0.6418,0.0038,0.3544
CLUBS TWO DIAMONDS JACK,0.6606,0.0072,0.3322
CLUBS THREE DIAMONDS JACK,0.6512,0.0058,0.343
SPADES TEN CLUBS FIVE,0.6348,0.0066,0.3586
SPADES JACK HEARTS SIX,0.6416,0.0028,0.3556
HEARTS SIX SPADES TEN,0.6318,0.0026,0.3656
SPADES JACK CLUBS FIVE,0.6332,0.0048,0.362
SPADES JACK DIAMONDS THREE,0.6482,0.0036,0.3482
CLUBS SEVEN CLUBS ACE,0.5762,0.165,0.2588
DIAMONDS THREE SPADES TEN,0.6356,0.0046,0.3598
CLUBS SEVEN CLUBS QUEEN,0.605,0.003,0.392
CLUBS SEVEN CLUBS KING,0.6038,0.0058,0.3904
SPADES NINE DIAMONDS JACK,0.6966,0.0224,0.281
CLUBS TEN CLUBS SEVEN,0.584,0.0054,0.4106
HEARTS FOUR HEARTS ACE,0.539,0.1674,0.2936
SPADES EIGHT DIAMONDS JACK,0.6126,0.0038,0.3836
SPADES ACE HEARTS SIX,0.6058,0.1616,0.2326
CLUBS JACK CLUBS SEVEN,0.5904,0.0056,0.404
HEARTS FOUR HEARTS KING,0.6032,0.004,0.3928
SPADES SEVEN DIAMONDS JACK,0.6238,0.004,0.3722
SPADES KING HEARTS SIX,0.643,0.0036,0.3534
HEARTS FOUR HEARTS QUEEN,0.6008,0.0046,0.3946
SPADES QUEEN HEARTS SIX,0.6266,0.0014,0.372
SPADES SIX DIAMONDS JACK,0.6356,0.0046,0.3598
DIAMONDS TEN SPADES TWO,0.6322,0.005,0.3628
SPADES THREE DIAMONDS TEN,0.6392,0.0048,0.356
SPADES FOUR DIAMONDS TEN,0.6376,0.0048,0.3576
SPADES FIVE DIAMONDS TEN,0.6418,0.0056,0.3526
SPADES SIX DIAMONDS TEN,0.634,0.0042,0.3618
SPADES SEVEN DIAMONDS TEN,0.62,0.003,0.377
SPADES EIGHT DIAMONDS TEN,0.6066,0.0054,0.388
SPADES NINE DIAMONDS TEN,0.6976,0.0186,0.2838
CLUBS FOUR DIAMONDS TEN,0.633,0.0054,0.3616
CLUBS FIVE DIAMONDS TEN,0.6448,0.0066,0.3486
CLUBS SIX DIAMONDS TEN,0.6468,0.003,0.3502
CLUBS SEVEN DIAMONDS TEN,0.626,0.0036,0.3704
CLUBS EIGHT DIAMONDS TEN,0.597,0.0056,0.3974
CLUBS JACK DIAMONDS THREE,0.635,0.0044,0.3606
CLUBS TEN DIAMONDS THREE,0.6292,0.0058,0.365
DIAMONDS THREE CLUBS KING,0.6384,0.0052,0.3564
DIAMONDS THREE CLUBS QUEEN,0.625,0.0054,0.3696
DIAMONDS THREE CLUBS ACE,0.5896,0.1726,0.2378
SPADES FOUR HEARTS JACK,0.6254,0.0038,0.3708
SPADES FOUR HEARTS TEN,0.6508,0.0044,0.3448
SPADES FIVE SPADES TWO,0.609,0.0052,0.3858
SPADES FOUR SPADES TWO,0.612,0.004,0.384
SPADES THREE SPADES TWO,0.6094,0.0044,0.3862
SPADES NINE SPADES TWO,0.7124,0.0278,0.2598
SPADES EIGHT SPADES TWO,0.632,0.0034,0.3646
SPADES SEVEN SPADES TWO,0.627,0.0048,0.3682
SPADES SIX SPADES TWO,0.6256,0.0038,0.3706
DIAMONDS QUEEN CLUBS THREE,0.6362,0.0048,0.359
CLUBS THREE HEARTS TWO,0.645,0.0046,0.3504
DIAMONDS QUEEN CLUBS TWO,0.6416,0.0054,0.353
HEARTS TWO CLUBS TWO,0.4722,0.004,0.5238
HEARTS SEVEN DIAMONDS QUEEN,0.644,0.0058,0.3502
HEARTS SEVEN HEARTS TWO,0.6244,0.0046,0.371
HEARTS SIX DIAMONDS QUEEN,0.6474,0.004,0.3486
HEARTS SIX HEARTS TWO,0.6144,0.0044,0.3812
DIAMONDS QUEEN HEARTS NINE,0.716,0.0176,0.2664
HEARTS TWO HEARTS NINE,0.6984,0.0228,0.2788
DIAMONDS QUEEN HEARTS EIGHT,0.645,0.0042,0.3508
HEARTS TWO HEARTS EIGHT,0.6354,0.0032,0.3614
CLUBS EIGHT HEARTS TWO,0.6766,0.0044,0.319
CLUBS EIGHT DIAMONDS QUEEN,0.651,0.0044,0.3446
CLUBS FIVE DIAMONDS QUEEN,0.633,0.0054,0.3616
CLUBS FIVE HEARTS TWO,0.6568,0.006,0.3372
SPADES EIGHT HEARTS ACE,0.5894,0.1692,0.2414
DIAMONDS QUEEN CLUBS FOUR,0.6364,0.007,0.3566
CLUBS FOUR HEARTS TWO,0.6548,0.0028,0.3424
CLUBS SEVEN DIAMONDS QUEEN,0.6432,0.0052,0.3516
CLUBS SEVEN HEARTS TWO,0.679,0.005,0.316
SPADES EIGHT HEARTS QUEEN,0.629,0.0024,0.3686
CLUBS SIX DIAMONDS QUEEN,0.6438,0.0044,0.3518
CLUBS SIX HEARTS TWO,0.6698,0.0038,0.3264
SPADES EIGHT HEARTS KING,0.6432,0.0048,0.352
HEARTS TWO SPADES SIX,0.6564,0.006,0.3376
DIAMONDS QUEEN SPADES SIX,0.6392,0.0034,0.3574
HEARTS FOUR CLUBS QUEEN,0.6316,0.005,0.3634
DIAMONDS QUEEN SPADES SEVEN,0.6386,0.0064,0.355
SPADES SEVEN HEARTS TWO,0.6726,0.004,0.3234
HEARTS FOUR CLUBS KING,0.6218,0.0056,0.3726
DIAMONDS QUEEN SPADES EIGHT,0.6322,0.0026,0.3652
SPADES EIGHT HEARTS TWO,0.6696,0.0034,0.327
HEARTS FOUR CLUBS ACE,0.5808,0.169,0.2502
SPADES NINE DIAMONDS QUEEN,0.7122,0.0236,0.2642
SPADES NINE HEARTS TWO,0.7562,0.0238,0.22
HEARTS TWO SPADES TWO,0.4556,0.005,0.5394
DIAMONDS QUEEN SPADES TWO,0.6444,0.0048,0.3508
HEARTS TWO SPADES THREE,0.6512,0.0042,0.3446
DIAMONDS QUEEN SPADES THREE,0.64,0.0062,0.3538
HEARTS TWO SPADES FOUR,0.6436,0.0046,0.3518
DIAMONDS QUEEN SPADES FOUR,0.6484,0.0054,0.3462
CLUBS TEN HEARTS FOUR,0.6236,0.0044,0.372
HEARTS TWO SPADES FIVE,0.6526,0.0046,0.3428
DIAMONDS QUEEN SPADES FIVE,0.6368,0.0056,0.3576
CLUBS JACK HEARTS FOUR,0.6422,0.0054,0.3524
CLUBS FIVE CLUBS KING,0.5934,0.0056,0.401
CLUBS FIVE CLUBS QUEEN,0.5982,0.0042,0.3976
CLUBS FIVE CLUBS ACE,0.5616,0.1646,0.2738
CLUBS JACK CLUBS FIVE,0.5932,0.0042,0.4026
CLUBS TEN CLUBS FIVE,0.6012,0.005,0.3938
SPADES KING CLUBS JACK,0.5742,0.0036,0.4222
CLUBS JACK SPADES QUEEN,0.563,0.0044,0.4326
SPADES ACE CLUBS JACK,0.2268,0.0916,0.6816
SPADES SIX CLUBS KING,0.6398,0.0046,0.3556
SPADES SIX CLUBS QUEEN,0.6262,0.0042,0.3696
SPADES EIGHT HEARTS JACK,0.6156,0.0028,0.3816
SPADES SIX CLUBS ACE,0.5938,0.1702,0.236
SPADES EIGHT HEARTS TEN,0.614,0.0026,0.3834
CLUBS JACK SPADES SIX,0.6466,0.0032,0.3502
CLUBS TEN SPADES SIX,0.626,0.0048,0.3692
CLUBS JACK SPADES TEN,0.5502,0.0032,0.4466
CLUBS JACK SPADES JACK,0.3044,0.002,0.6936
SPADES QUEEN CLUBS SEVEN,0.6446,0.0034,0.352
SPADES KING CLUBS SEVEN,0.6256,0.0042,0.3702
SPADES ACE CLUBS SEVEN,0.596,0.1702,0.2338
SPADES SIX HEARTS TEN,0.6238,0.0032,0.373
SPADES SIX HEARTS JACK,0.643,0.0036,0.3534
SPADES SIX HEARTS ACE,0.6034,0.1672,0.2294
SPADES SIX HEARTS KING,0.6408,0.0036,0.3556
SPADES SIX HEARTS QUEEN,0.6472,0.0026,0.3502
CLUBS SEVEN SPADES JACK,0.624,0.0032,0.3728
CLUBS SEVEN SPADES TEN,0.6132,0.0034,0.3834
CLUBS TEN HEARTS SIX,0.6192,0.0032,0.3776
CLUBS JACK HEARTS SIX,0.6374,0.005,0.3576
CLUBS JACK CLUBS ACE,0.2306,0.0844,0.685
HEARTS SIX CLUBS QUEEN,0.6328,0.0048,0.3624
HEARTS SIX CLUBS KING,0.6398,0.0036,0.3566
HEARTS SIX CLUBS ACE,0.5984,0.1756,0.226
CLUBS JACK CLUBS QUEEN,0.5412,0.0038,0.455
CLUBS JACK CLUBS KING,0.5592,0.0052,0.4356
DIAMONDS THREE HEARTS ACE,0.5826,0.1726,0.2448
DIAMONDS THREE HEARTS QUEEN,0.648,0.0042,0.3478
DIAMONDS THREE HEARTS KING,0.638,0.0042,0.3578
CLUBS FIVE HEARTS JACK,0.628,0.0054,0.3666
HEARTS FOUR SPADES TEN,0.6498,0.0032,0.347
CLUBS FIVE HEARTS TEN,0.6322,0.004,0.3638
HEARTS FOUR SPADES JACK,0.6428,0.0028,0.3544
SPADES ACE HEARTS FOUR,0.5842,0.1646,0.2512
CLUBS FIVE HEARTS ACE,0.5728,0.1736,0.2536
CLUBS FIVE HEARTS KING,0.6346,0.0042,0.3612
HEARTS FOUR SPADES QUEEN,0.6352,0.0038,0.361
CLUBS JACK SPADES FOUR,0.6448,0.0032,0.352
CLUBS FIVE HEARTS QUEEN,0.6466,0.0044,0.349
SPADES KING HEARTS FOUR,0.6388,0.005,0.3562
CLUBS TEN SPADES FOUR,0.636,0.0048,0.3592
HEARTS FOUR DIAMONDS QUEEN,0.6434,0.006,0.3506
HEARTS FOUR HEARTS TWO,0.6054,0.0054,0.3892
DIAMONDS THREE HEARTS TEN,0.6358,0.0048,0.3594
SPADES FOUR CLUBS KING,0.6276,0.0048,0.3676
HEARTS FIVE DIAMONDS QUEEN,0.635,0.0058,0.3592
HEARTS FIVE HEARTS TWO,0.6062,0.006,0.3878
DIAMONDS THREE HEARTS JACK,0.6294,0.0042,0.3664
SPADES FOUR CLUBS QUEEN,0.6418,0.005,0.3532
DIAMONDS QUEEN HEARTS TWO,0.6404,0.0062,0.3534
DIAMONDS KING DIAMONDS QUEEN,0.5502,0.006,0.4438
DIAMONDS KING HEARTS TWO,0.6374,0.0054,0.3572
DIAMONDS QUEEN HEARTS THREE,0.6476,0.0064,0.346
HEARTS THREE HEARTS TWO,0.6042,0.0026,0.3932
SPADES FOUR CLUBS ACE,0.5806,0.165,0.2544
HEARTS TWO CLUBS ACE,0.5776,0.1734,0.249
DIAMONDS QUEEN CLUBS ACE,0.2394,0.066,0.6946
HEARTS TWO CLUBS QUEEN,0.6332,0.0056,0.3612
DIAMONDS QUEEN CLUBS QUEEN,0.2858,0.0046,0.7096
HEARTS TWO CLUBS KING,0.6196,0.0044,0.376
DIAMONDS QUEEN CLUBS KING,0.57,0.0036,0.4264
SPADES EIGHT SPADES FIVE,0.6136,0.005,0.3814
CLUBS TEN HEARTS TWO,0.6316,0.0052,0.3632
CLUBS TEN DIAMONDS QUEEN,0.5704,0.0042,0.4254
SPADES NINE SPADES FIVE,0.693,0.022,0.285
CLUBS JACK HEARTS TWO,0.6474,0.0034,0.3492
CLUBS JACK DIAMONDS QUEEN,0.5616,0.005,0.4334
SPADES SIX SPADES FIVE,0.5912,0.005,0.4038
SPADES SEVEN SPADES FIVE,0.5782,0.0042,0.4176
DIAMONDS FIVE CLUBS QUEEN,0.629,0.0054,0.3656
SPADES EIGHT CLUBS ACE,0.594,0.177,0.229
DIAMONDS FIVE CLUBS KING,0.6288,0.008,0.3632
SPADES EIGHT CLUBS KING,0.6464,0.005,0.3486
DIAMONDS FIVE CLUBS ACE,0.5786,0.1768,0.2446
SPADES EIGHT CLUBS QUEEN,0.6176,0.0028,0.3796
CLUBS JACK SPADES EIGHT,0.61,0.0042,0.3858
CLUBS TEN SPADES EIGHT,0.594,0.0032,0.4028
CLUBS TEN DIAMONDS FIVE,0.6446,0.0056,0.3498
CLUBS JACK DIAMONDS FIVE,0.6118,0.0064,0.3818
DIAMONDS TEN HEARTS JACK,0.575,0.0032,0.4218
DIAMONDS TEN HEARTS TEN,0.3168,0.0028,0.6804
HEARTS SIX HEARTS KING,0.5944,0.0022,0.4034
