opposingHand,winningChance,drawChance,lostChance
CLUBS THREE HEARTS KING
HEARTS FIVE SPADES TEN,0.6026,0.0076,0.3898
SPADES JACK HEARTS FIVE,0.5838,0.0074,0.4088
CLUBS JACK SPADES FIVE,0.5916,0.0092,0.3992
CLUBS TEN SPADES FIVE,0.5966,0.0088,0.3946
CLUBS JACK CLUBS EIGHT,0.533,0.0082,0.4588
CLUBS TEN CLUBS EIGHT,0.5176,0.006,0.4764
CLUBS EIGHT CLUBS KING,0.213,0.223,0.564
SPADES FIVE CLUBS ACE,0.3324,0.0046,0.663
CLUBS EIGHT CLUBS QUEEN,0.5454,0.0056,0.449
SPADES FIVE CLUBS KING,0.2174,0.4552,0.3274
SPADES FIVE CLUBS QUEEN,0.6044,0.0086,0.387
CLUBS EIGHT CLUBS ACE,0.3292,0.0074,0.6634
DIAMONDS TWO DIAMONDS THREE,0.6704,0.0334,0.2962
DIAMONDS TWO DIAMONDS FIVE,0.5838,0.009,0.4072
SPADES KING HEARTS FIVE,0.2188,0.4582,0.323
DIAMONDS TWO DIAMONDS FOUR,0.5754,0.009,0.4156
SPADES QUEEN HEARTS FIVE,0.6122,0.0054,0.3824
DIAMONDS TWO DIAMONDS SEVEN,0.5868,0.0074,0.4058
DIAMONDS TWO DIAMONDS SIX,0.5752,0.0104,0.4144
SPADES ACE HEARTS FIVE,0.3506,0.0054,0.644
DIAMONDS TWO DIAMONDS NINE,0.6034,0.0086,0.388
DIAMONDS TWO DIAMONDS EIGHT,0.5966,0.0084,0.395
DIAMONDS THREE DIAMONDS FOUR,0.6442,0.0304,0.3254
CLUBS TWO SPADES FOUR,0.626,0.0082,0.3658
DIAMONDS THREE DIAMONDS FIVE,0.6638,0.0292,0.307
SPADES FIVE CLUBS TWO,0.625,0.0108,0.3642
CLUBS TWO SPADES TWO,0.4514,0.0192,0.5294
CLUBS TWO SPADES THREE,0.7224,0.031,0.2466
DIAMONDS THREE DIAMONDS EIGHT,0.677,0.0288,0.2942
SPADES EIGHT CLUBS TWO,0.6294,0.0074,0.3632
DIAMONDS THREE DIAMONDS NINE,0.6714,0.0314,0.2972
SPADES NINE CLUBS TWO,0.6438,0.008,0.3482
DIAMONDS THREE DIAMONDS SIX,0.6722,0.0276,0.3002
SPADES SIX CLUBS TWO,0.6386,0.0092,0.3522
DIAMONDS THREE DIAMONDS SEVEN,0.6692,0.0256,0.3052
SPADES SEVEN CLUBS TWO,0.6424,0.0108,0.3468
CLUBS SIX CLUBS TWO,0.6082,0.0088,0.383
CLUBS SEVEN CLUBS TWO,0.5968,0.0108,0.3924
CLUBS FOUR CLUBS TWO,0.5798,0.0098,0.4104
CLUBS FIVE CLUBS TWO,0.5756,0.009,0.4154
CLUBS TEN CLUBS JACK,0.5106,0.008,0.4814
DIAMONDS FOUR DIAMONDS SIX,0.5422,0.009,0.4488
CLUBS TEN CLUBS QUEEN,0.5248,0.009,0.4662
DIAMONDS FOUR DIAMONDS SEVEN,0.5408,0.007,0.4522
CLUBS TEN CLUBS KING,0.215,0.1116,0.6734
CLUBS TEN CLUBS ACE,0.322,0.0042,0.6738
CLUBS EIGHT CLUBS TWO,0.6064,0.0106,0.383
DIAMONDS FIVE DIAMONDS FOUR,0.5326,0.0122,0.4552
CLUBS NINE CLUBS TWO,0.6036,0.0106,0.3858
DIAMONDS NINE DIAMONDS FOUR,0.5574,0.0076,0.435
DIAMONDS EIGHT DIAMONDS FOUR,0.548,0.0088,0.4432
DIAMONDS NINE DIAMONDS FIVE,0.547,0.0078,0.4452
CLUBS JACK DIAMONDS TWO,0.6292,0.0104,0.3604
DIAMONDS EIGHT DIAMONDS FIVE,0.5418,0.0098,0.4484
CLUBS TEN DIAMONDS TWO,0.6392,0.0046,0.3562
DIAMONDS FIVE DIAMONDS SEVEN,0.524,0.0074,0.4686
DIAMONDS FIVE DIAMONDS SIX,0.5228,0.0102,0.467
DIAMONDS TWO CLUBS ACE,0.368,0.004,0.628
DIAMONDS TWO CLUBS KING,0.2538,0.531,0.2152
DIAMONDS TWO CLUBS QUEEN,0.6234,0.0094,0.3672
DIAMONDS EIGHT DIAMONDS SIX,0.5124,0.0088,0.4788
DIAMONDS NINE DIAMONDS SIX,0.5358,0.0074,0.4568
HEARTS ACE SPADES THREE,0.214,0.0202,0.7658
DIAMONDS SEVEN DIAMONDS SIX,0.5102,0.0078,0.482
SPADES THREE HEARTS QUEEN,0.7336,0.031,0.2354
HEARTS JACK SPADES THREE,0.7244,0.0338,0.2418
SPADES THREE HEARTS TEN,0.7422,0.032,0.2258
DIAMONDS EIGHT DIAMONDS SEVEN,0.5124,0.0052,0.4824
DIAMONDS NINE DIAMONDS SEVEN,0.5282,0.0062,0.4656
DIAMONDS NINE DIAMONDS EIGHT,0.5192,0.0062,0.4746
DIAMONDS KING HEARTS TEN,0.2342,0.118,0.6478
HEARTS THREE HEARTS TEN,0.6994,0.032,0.2686
SPADES JACK CLUBS SIX,0.5968,0.007,0.3962
DIAMONDS KING HEARTS JACK,0.2348,0.0852,0.68
HEARTS THREE HEARTS JACK,0.7054,0.0304,0.2642
SPADES TEN CLUBS SIX,0.589,0.0068,0.4042
SPADES JACK SPADES FIVE,0.5588,0.0106,0.4306
SPADES TEN SPADES FIVE,0.5504,0.0084,0.4412
DIAMONDS KING HEARTS ACE,0.2108,0.0138,0.7754
HEARTS THREE HEARTS ACE,0.2158,0.023,0.7612
SPADES ACE CLUBS SIX,0.3572,0.0048,0.638
DIAMONDS KING HEARTS QUEEN,0.2378,0.0706,0.6916
HEARTS THREE HEARTS QUEEN,0.7076,0.031,0.2614
SPADES KING CLUBS SIX,0.2206,0.3888,0.3906
SPADES QUEEN CLUBS SIX,0.5856,0.0076,0.4068
SPADES NINE HEARTS TEN,0.548,0.0058,0.4462
SPADES NINE HEARTS JACK,0.5562,0.007,0.4368
SPADES QUEEN SPADES FIVE,0.5536,0.0088,0.4376
SPADES KING SPADES FIVE,0.2044,0.4306,0.365
SPADES ACE SPADES FIVE,0.321,0.005,0.674
SPADES NINE HEARTS QUEEN,0.5828,0.0084,0.4088
SPADES NINE HEARTS ACE,0.3634,0.0054,0.6312
CLUBS TEN SPADES JACK,0.5354,0.0054,0.4592
CLUBS TEN SPADES TEN,0.2876,0.008,0.7044
SPADES ACE CLUBS TEN,0.3448,0.0038,0.6514
CLUBS TEN SPADES KING,0.2252,0.1182,0.6566
CLUBS TEN SPADES QUEEN,0.5378,0.0102,0.452
SPADES FIVE HEARTS QUEEN,0.6112,0.0076,0.3812
HEARTS ACE SPADES FIVE,0.3374,0.0048,0.6578
CLUBS EIGHT SPADES TEN,0.5492,0.0072,0.4436
HEARTS THREE SPADES JACK,0.7306,0.036,0.2334
SPADES JACK DIAMONDS KING,0.2332,0.088,0.6788
SPADES TEN DIAMONDS KING,0.2308,0.1102,0.659
HEARTS THREE SPADES TEN,0.727,0.036,0.237
CLUBS EIGHT SPADES JACK,0.5686,0.0078,0.4236
CLUBS SIX HEARTS ACE,0.3516,0.0038,0.6446
SPADES ACE CLUBS EIGHT,0.3538,0.0048,0.6414
CLUBS JACK HEARTS FIVE,0.599,0.0096,0.3914
CLUBS TEN HEARTS FIVE,0.6096,0.0084,0.382
CLUBS SIX HEARTS QUEEN,0.5952,0.0076,0.3972
SPADES QUEEN CLUBS EIGHT,0.5772,0.006,0.4168
CLUBS TEN SPADES THREE,0.7202,0.03,0.2498
SPADES KING CLUBS EIGHT,0.2254,0.2152,0.5594
CLUBS JACK SPADES THREE,0.7294,0.0324,0.2382
DIAMONDS TWO HEARTS JACK,0.6316,0.0084,0.36
SPADES THREE CLUBS QUEEN,0.7266,0.0324,0.241
DIAMONDS TWO HEARTS TEN,0.6368,0.0076,0.3556
SPADES THREE CLUBS KING,0.0102,0.973,0.0168
HEARTS FIVE CLUBS ACE,0.342,0.0056,0.6524
SPADES FIVE HEARTS TEN,0.593,0.0072,0.3998
SPADES THREE CLUBS ACE,0.2212,0.0236,0.7552
HEARTS FIVE CLUBS KING,0.2084,0.4624,0.3292
SPADES FIVE HEARTS JACK,0.586,0.0108,0.4032
HEARTS FIVE CLUBS QUEEN,0.5864,0.009,0.4046
HEARTS THREE CLUBS KING,0.009,0.986,0.005
DIAMONDS KING CLUBS KING,0.0588,0.0122,0.929
HEARTS THREE CLUBS QUEEN,0.734,0.0348,0.2312
DIAMONDS KING CLUBS QUEEN,0.2392,0.0652,0.6956
HEARTS FIVE HEARTS JACK,0.577,0.008,0.415
HEARTS FIVE HEARTS TEN,0.5708,0.0086,0.4206
HEARTS THREE CLUBS ACE,0.2206,0.0228,0.7566
DIAMONDS KING CLUBS ACE,0.2156,0.0136,0.7708
SPADES ACE CLUBS QUEEN,0.3524,0.0068,0.6408
SPADES KING CLUBS QUEEN,0.2322,0.0634,0.7044
CLUBS JACK HEARTS THREE,0.7348,0.0334,0.2318
CLUBS JACK DIAMONDS KING,0.2414,0.0914,0.6672
SPADES QUEEN CLUBS QUEEN,0.2724,0.0032,0.7244
CLUBS TEN HEARTS THREE,0.741,0.0298,0.2292
CLUBS TEN DIAMONDS KING,0.2378,0.1122,0.65
SPADES JACK CLUBS QUEEN,0.55,0.0074,0.4426
CLUBS SIX CLUBS QUEEN,0.5668,0.0078,0.4254
SPADES TEN CLUBS QUEEN,0.5464,0.0072,0.4464
CLUBS SIX CLUBS KING,0.2132,0.361,0.4258
CLUBS SIX CLUBS ACE,0.347,0.0038,0.6492
HEARTS FIVE HEARTS QUEEN,0.5808,0.0076,0.4116
CLUBS TEN CLUBS SIX,0.5534,0.0076,0.439
HEARTS FIVE HEARTS ACE,0.3352,0.0044,0.6604
CLUBS JACK CLUBS SIX,0.5554,0.008,0.4366
SPADES SEVEN HEARTS JACK,0.5768,0.0084,0.4148
SPADES SEVEN HEARTS TEN,0.5706,0.0054,0.424
DIAMONDS TWO CLUBS TWO,0.4368,0.0204,0.5428
HEARTS SIX DIAMONDS TWO,0.6378,0.0116,0.3506
DIAMONDS TWO HEARTS QUEEN,0.6354,0.0106,0.354
DIAMONDS TWO HEARTS SEVEN,0.6384,0.0124,0.3492
DIAMONDS TWO HEARTS EIGHT,0.637,0.009,0.354
DIAMONDS TWO HEARTS ACE,0.3796,0.0044,0.616
DIAMONDS TWO HEARTS NINE,0.623,0.0106,0.3664
DIAMONDS TWO DIAMONDS QUEEN,0.5904,0.01,0.3996
DIAMONDS TWO HEARTS TWO,0.4454,0.0204,0.5342
DIAMONDS TWO DIAMONDS KING,0.2456,0.495,0.2594
HEARTS THREE DIAMONDS TWO,0.7134,0.034,0.2526
DIAMONDS TWO DIAMONDS ACE,0.351,0.005,0.644
HEARTS FOUR DIAMONDS TWO,0.6194,0.0096,0.371
DIAMONDS TWO HEARTS FIVE,0.6176,0.0096,0.3728
SPADES SEVEN HEARTS ACE,0.3504,0.005,0.6446
DIAMONDS TWO DIAMONDS TEN,0.5944,0.0076,0.398
DIAMONDS TWO DIAMONDS JACK,0.593,0.009,0.398
SPADES SEVEN HEARTS QUEEN,0.5928,0.007,0.4002
DIAMONDS TWO SPADES NINE,0.6454,0.0104,0.3442
DIAMONDS TWO SPADES EIGHT,0.6186,0.0114,0.37
DIAMONDS TWO SPADES SEVEN,0.627,0.011,0.362
DIAMONDS TWO SPADES SIX,0.627,0.0086,0.3644
DIAMONDS TWO SPADES FIVE,0.611,0.0068,0.3822
DIAMONDS TWO SPADES FOUR,0.6156,0.0088,0.3756
DIAMONDS TWO SPADES THREE,0.7148,0.0312,0.254
DIAMONDS TWO SPADES TWO,0.4382,0.0216,0.5402
DIAMONDS TWO CLUBS NINE,0.6332,0.0076,0.3592
CLUBS EIGHT DIAMONDS TWO,0.6312,0.0102,0.3586
DIAMONDS TWO CLUBS SEVEN,0.6278,0.0104,0.3618
DIAMONDS TWO CLUBS SIX,0.624,0.008,0.368
DIAMONDS TWO CLUBS FIVE,0.6194,0.011,0.3696
DIAMONDS TWO CLUBS FOUR,0.6144,0.0106,0.375
CLUBS FOUR SPADES FIVE,0.5508,0.0084,0.4408
CLUBS FOUR SPADES FOUR,0.3562,0.0192,0.6246
CLUBS FOUR SPADES THREE,0.687,0.0278,0.2852
CLUBS FOUR SPADES TWO,0.619,0.0126,0.3684
SPADES NINE CLUBS FOUR,0.6048,0.0076,0.3876
SPADES EIGHT CLUBS FOUR,0.5848,0.0078,0.4074
CLUBS FOUR SPADES SEVEN,0.5938,0.0092,0.397
CLUBS FOUR SPADES SIX,0.5688,0.0078,0.4234
SPADES ACE DIAMONDS SIX,0.3698,0.0044,0.6258
SPADES QUEEN DIAMONDS SIX,0.5848,0.0084,0.4068
SPADES KING DIAMONDS SIX,0.2336,0.3684,0.398
SPADES TEN DIAMONDS SIX,0.5774,0.0076,0.415
SPADES JACK DIAMONDS SIX,0.603,0.006,0.391
SPADES QUEEN SPADES TWO,0.5792,0.011,0.4098
SPADES KING SPADES TWO,0.2466,0.481,0.2724
SPADES ACE SPADES TWO,0.371,0.006,0.623
CLUBS JACK DIAMONDS JACK,0.2826,0.0068,0.7106
CLUBS TEN DIAMONDS JACK,0.5368,0.0058,0.4574
DIAMONDS JACK CLUBS KING,0.2192,0.0954,0.6854
DIAMONDS JACK CLUBS QUEEN,0.551,0.0078,0.4412
DIAMONDS THREE DIAMONDS JACK,0.6746,0.0272,0.2982
DIAMONDS THREE DIAMONDS TEN,0.6838,0.031,0.2852
DIAMONDS JACK CLUBS ACE,0.3358,0.0052,0.659
DIAMONDS THREE DIAMONDS KING,0.0198,0.9174,0.0628
HEARTS THREE DIAMONDS THREE,0.301,0.0268,0.6722
DIAMONDS THREE DIAMONDS QUEEN,0.6896,0.03,0.2804
DIAMONDS THREE HEARTS TWO,0.7198,0.0342,0.246
HEARTS FIVE DIAMONDS THREE,0.7014,0.0304,0.2682
DIAMONDS THREE DIAMONDS ACE,0.2236,0.019,0.7574
HEARTS FOUR DIAMONDS THREE,0.702,0.0312,0.2668
DIAMONDS THREE HEARTS SEVEN,0.7236,0.0296,0.2468
SPADES TEN SPADES NINE,0.5108,0.008,0.4812
HEARTS SIX DIAMONDS THREE,0.7102,0.028,0.2618
SPADES JACK SPADES NINE,0.5224,0.0076,0.47
DIAMONDS THREE HEARTS NINE,0.7316,0.0298,0.2386
HEARTS JACK DIAMONDS FOUR,0.6016,0.0098,0.3886
SPADES TEN SPADES TWO,0.5944,0.0114,0.3942
DIAMONDS THREE HEARTS EIGHT,0.7368,0.0294,0.2338
HEARTS TEN DIAMONDS FOUR,0.5976,0.0102,0.3922
SPADES JACK SPADES TWO,0.589,0.0074,0.4036
HEARTS QUEEN DIAMONDS FOUR,0.6084,0.007,0.3846
SPADES ACE SPADES NINE,0.3526,0.0042,0.6432
HEARTS ACE DIAMONDS FOUR,0.3456,0.0054,0.649
SPADES KING SPADES NINE,0.2248,0.1588,0.6164
SPADES QUEEN SPADES NINE,0.5286,0.005,0.4664
DIAMONDS THREE SPADES NINE,0.7146,0.032,0.2534
DIAMONDS THREE SPADES EIGHT,0.7264,0.0358,0.2378
DIAMONDS THREE SPADES SEVEN,0.7132,0.026,0.2608
DIAMONDS THREE SPADES SIX,0.6956,0.0272,0.2772
DIAMONDS THREE CLUBS SIX,0.7016,0.0242,0.2742
CLUBS SIX CLUBS FIVE,0.5344,0.009,0.4566
CLUBS ACE DIAMONDS FOUR,0.3532,0.0052,0.6416
DIAMONDS THREE CLUBS SEVEN,0.703,0.0292,0.2678
CLUBS SEVEN CLUBS FIVE,0.538,0.011,0.451
DIAMONDS THREE CLUBS FOUR,0.6836,0.0328,0.2836
DIAMONDS FOUR CLUBS QUEEN,0.6018,0.0096,0.3886
DIAMONDS THREE CLUBS FIVE,0.6974,0.0278,0.2748
DIAMONDS FOUR CLUBS KING,0.2126,0.5364,0.251
DIAMONDS THREE CLUBS TWO,0.7158,0.0334,0.2508
CLUBS TEN DIAMONDS FOUR,0.5914,0.0072,0.4014
CLUBS JACK DIAMONDS FOUR,0.5962,0.0074,0.3964
DIAMONDS THREE SPADES FOUR,0.6972,0.0244,0.2784
DIAMONDS THREE SPADES FIVE,0.6844,0.0346,0.281
DIAMONDS THREE SPADES TWO,0.7066,0.0328,0.2606
DIAMONDS THREE SPADES THREE,0.3084,0.0246,0.667
CLUBS EIGHT DIAMONDS THREE,0.732,0.03,0.238
CLUBS NINE DIAMONDS THREE,0.7268,0.0338,0.2394
SPADES SEVEN CLUBS ACE,0.3402,0.0034,0.6564
SPADES SEVEN CLUBS QUEEN,0.5976,0.007,0.3954
SPADES SEVEN CLUBS KING,0.2228,0.3016,0.4756
SPADES SEVEN CLUBS FIVE,0.562,0.0084,0.4296
CLUBS TEN SPADES SEVEN,0.5742,0.0086,0.4172
CLUBS FIVE SPADES SIX,0.566,0.007,0.427
CLUBS JACK SPADES SEVEN,0.577,0.0064,0.4166
SPADES NINE CLUBS FIVE,0.5766,0.008,0.4154
SPADES EIGHT CLUBS FIVE,0.5804,0.01,0.4096
CLUBS FIVE SPADES THREE,0.6834,0.0302,0.2864
CLUBS FIVE SPADES TWO,0.6016,0.011,0.3874
CLUBS FIVE SPADES FIVE,0.3354,0.0146,0.65
CLUBS FIVE SPADES FOUR,0.5788,0.0102,0.411
CLUBS NINE CLUBS FIVE,0.5468,0.0114,0.4418
CLUBS EIGHT CLUBS FIVE,0.5448,0.012,0.4432
CLUBS ACE CLUBS QUEEN,0.3306,0.0066,0.6628
CLUBS KING CLUBS QUEEN,0.2354,0.064,0.7006
DIAMONDS TEN DIAMONDS FOUR,0.552,0.0076,0.4404
CLUBS TEN DIAMONDS NINE,0.5302,0.007,0.4628
DIAMONDS JACK DIAMONDS FOUR,0.5662,0.0076,0.4262
CLUBS JACK DIAMONDS NINE,0.543,0.0062,0.4508
CLUBS JACK SPADES NINE,0.5512,0.0076,0.4412
CLUBS TEN SPADES NINE,0.5554,0.005,0.4396
DIAMONDS ACE DIAMONDS FOUR,0.3302,0.0056,0.6642
HEARTS FOUR DIAMONDS FOUR,0.354,0.021,0.625
DIAMONDS JACK HEARTS TEN,0.54,0.0066,0.4534
SPADES NINE CLUBS KING,0.2432,0.1582,0.5986
DIAMONDS TWO SPADES TEN,0.633,0.0104,0.3566
DIAMONDS NINE CLUBS ACE,0.343,0.0046,0.6524
HEARTS FIVE DIAMONDS FOUR,0.5798,0.013,0.4072
HEARTS JACK DIAMONDS JACK,0.2862,0.007,0.7068
SPADES NINE CLUBS QUEEN,0.555,0.009,0.436
DIAMONDS TWO SPADES JACK,0.627,0.01,0.363
DIAMONDS QUEEN DIAMONDS FOUR,0.5634,0.0078,0.4288
HEARTS TWO DIAMONDS FOUR,0.6184,0.0078,0.3738
DIAMONDS NINE CLUBS QUEEN,0.5758,0.0068,0.4174
DIAMONDS KING DIAMONDS FOUR,0.207,0.4794,0.3136
HEARTS THREE DIAMONDS FOUR,0.7034,0.0278,0.2688
SPADES NINE CLUBS ACE,0.3548,0.004,0.6412
DIAMONDS NINE CLUBS KING,0.227,0.1652,0.6078
HEARTS ACE DIAMONDS JACK,0.3368,0.0048,0.6584
SPADES ACE DIAMONDS TWO,0.3818,0.0056,0.6126
DIAMONDS JACK HEARTS QUEEN,0.5518,0.0072,0.441
SPADES QUEEN DIAMONDS TWO,0.6364,0.008,0.3556
SPADES KING DIAMONDS TWO,0.2606,0.5182,0.2212
SPADES JACK SPADES SEVEN,0.5422,0.0054,0.4524
SPADES TEN SPADES SEVEN,0.529,0.008,0.463
SPADES TWO DIAMONDS FOUR,0.6162,0.0092,0.3746
SPADES THREE DIAMONDS FOUR,0.6946,0.0298,0.2756
SPADES FOUR DIAMONDS FOUR,0.3416,0.017,0.6414
SPADES FIVE DIAMONDS FOUR,0.5662,0.0102,0.4236
SPADES SIX DIAMONDS FOUR,0.5712,0.0062,0.4226
SPADES SEVEN DIAMONDS FOUR,0.581,0.0056,0.4134
SPADES EIGHT DIAMONDS FOUR,0.5854,0.0074,0.4072
SPADES NINE DIAMONDS FOUR,0.5952,0.009,0.3958
CLUBS FIVE DIAMONDS FOUR,0.5642,0.011,0.4248
CLUBS FOUR DIAMONDS FOUR,0.342,0.02,0.638
CLUBS SEVEN DIAMONDS FOUR,0.576,0.0092,0.4148
CLUBS SIX DIAMONDS FOUR,0.5822,0.0102,0.4076
CLUBS NINE DIAMONDS FOUR,0.5998,0.0088,0.3914
CLUBS EIGHT DIAMONDS FOUR,0.5958,0.008,0.3962
DIAMONDS FOUR HEARTS SEVEN,0.5776,0.0094,0.413
HEARTS SIX DIAMONDS FOUR,0.5804,0.0102,0.4094
HEARTS NINE DIAMONDS FOUR,0.6122,0.0074,0.3804
DIAMONDS FOUR HEARTS EIGHT,0.5966,0.0118,0.3916
CLUBS TWO DIAMONDS FOUR,0.6346,0.0112,0.3542
DIAMONDS TEN DIAMONDS FIVE,0.5654,0.01,0.4246
DIAMONDS JACK DIAMONDS FIVE,0.5648,0.0084,0.4268
DIAMONDS NINE HEARTS QUEEN,0.58,0.0082,0.4118
HEARTS ACE DIAMONDS NINE,0.3492,0.0058,0.645
DIAMONDS NINE HEARTS TEN,0.5446,0.008,0.4474
DIAMONDS NINE HEARTS JACK,0.567,0.008,0.425
CLUBS KING DIAMONDS SIX,0.2266,0.3838,0.3896
CLUBS QUEEN DIAMONDS SIX,0.5882,0.007,0.4048
CLUBS ACE DIAMONDS SIX,0.345,0.0032,0.6518
SPADES KING DIAMONDS FOUR,0.2172,0.5186,0.2642
SPADES ACE SPADES SEVEN,0.3328,0.0034,0.6638
SPADES QUEEN DIAMONDS FOUR,0.6048,0.008,0.3872
SPADES QUEEN SPADES SEVEN,0.5586,0.0068,0.4346
CLUBS JACK DIAMONDS SIX,0.5868,0.0082,0.405
SPADES KING SPADES SEVEN,0.2104,0.2778,0.5118
SPADES ACE DIAMONDS FOUR,0.3416,0.0042,0.6542
CLUBS TEN DIAMONDS SIX,0.585,0.0072,0.4078
CLUBS NINE CLUBS FOUR,0.5694,0.0104,0.4202
CLUBS EIGHT CLUBS FOUR,0.562,0.0102,0.4278
SPADES JACK DIAMONDS FOUR,0.5984,0.0068,0.3948
SPADES TEN DIAMONDS FOUR,0.6026,0.0064,0.391
CLUBS FOUR CLUBS FIVE,0.547,0.0098,0.4432
CLUBS SEVEN CLUBS FOUR,0.557,0.0084,0.4346
CLUBS SIX CLUBS FOUR,0.5492,0.0114,0.4394
CLUBS SEVEN SPADES EIGHT,0.5458,0.0068,0.4474
SPADES NINE CLUBS SEVEN,0.5458,0.0096,0.4446
CLUBS SEVEN SPADES SIX,0.5422,0.0078,0.45
CLUBS SEVEN SPADES SEVEN,0.3188,0.0118,0.6694
CLUBS SEVEN SPADES FIVE,0.5606,0.0072,0.4322
CLUBS SEVEN SPADES FOUR,0.5836,0.0096,0.4068
CLUBS SEVEN SPADES THREE,0.7108,0.0312,0.258
CLUBS SEVEN SPADES TWO,0.6206,0.0098,0.3696
CLUBS NINE CLUBS SEVEN,0.5238,0.0104,0.4658
CLUBS EIGHT CLUBS SEVEN,0.507,0.009,0.484
HEARTS SIX DIAMONDS FIVE,0.5618,0.0098,0.4284
DIAMONDS FIVE HEARTS SEVEN,0.576,0.008,0.416
DIAMONDS FIVE HEARTS EIGHT,0.5788,0.0064,0.4148
HEARTS NINE DIAMONDS FIVE,0.594,0.009,0.397
DIAMONDS QUEEN DIAMONDS FIVE,0.5662,0.0084,0.4254
HEARTS TWO DIAMONDS FIVE,0.6226,0.0106,0.3668
DIAMONDS KING DIAMONDS FIVE,0.207,0.431,0.362
HEARTS THREE DIAMONDS FIVE,0.695,0.0338,0.2712
HEARTS QUEEN HEARTS EIGHT,0.5416,0.0078,0.4506
DIAMONDS ACE DIAMONDS FIVE,0.3308,0.0056,0.6636
HEARTS FOUR DIAMONDS FIVE,0.5672,0.0086,0.4242
HEARTS FIVE DIAMONDS FIVE,0.3322,0.013,0.6548
HEARTS ACE HEARTS EIGHT,0.33,0.0066,0.6634
CLUBS FOUR DIAMONDS FIVE,0.5658,0.0106,0.4236
CLUBS FIVE DIAMONDS FIVE,0.3352,0.0162,0.6486
CLUBS SIX DIAMONDS FIVE,0.5568,0.008,0.4352
CLUBS SEVEN DIAMONDS FIVE,0.5704,0.0092,0.4204
CLUBS TWO DIAMONDS FIVE,0.6172,0.009,0.3738
SPADES THREE DIAMONDS FIVE,0.6892,0.0308,0.28
SPADES TWO DIAMONDS FIVE,0.6188,0.0104,0.3708
SPADES JACK DIAMONDS EIGHT,0.5618,0.0082,0.43
SPADES FIVE DIAMONDS FIVE,0.3378,0.0156,0.6466
CLUBS TEN HEARTS JACK,0.552,0.0082,0.4398
SPADES TEN DIAMONDS EIGHT,0.5594,0.0072,0.4334
SPADES FOUR DIAMONDS FIVE,0.5704,0.0078,0.4218
CLUBS JACK HEARTS JACK,0.2974,0.0074,0.6952
HEARTS JACK CLUBS QUEEN,0.5488,0.0084,0.4428
CLUBS NINE DIAMONDS FIVE,0.5878,0.008,0.4042
CLUBS EIGHT DIAMONDS FIVE,0.5868,0.009,0.4042
HEARTS JACK CLUBS KING,0.2194,0.1012,0.6794
HEARTS JACK CLUBS ACE,0.3434,0.0058,0.6508
SPADES SEVEN DIAMONDS FIVE,0.5714,0.0072,0.4214
SPADES KING DIAMONDS EIGHT,0.2296,0.2256,0.5448
SPADES QUEEN DIAMONDS EIGHT,0.5834,0.0058,0.4108
SPADES SIX DIAMONDS FIVE,0.5554,0.008,0.4366
SPADES NINE DIAMONDS FIVE,0.5978,0.0084,0.3938
SPADES EIGHT DIAMONDS FIVE,0.5846,0.0082,0.4072
SPADES ACE DIAMONDS EIGHT,0.3472,0.0044,0.6484
DIAMONDS TEN DIAMONDS SIX,0.5538,0.0076,0.4386
HEARTS ACE DIAMONDS SEVEN,0.3418,0.0046,0.6536
DIAMONDS JACK DIAMONDS SIX,0.551,0.005,0.444
HEARTS QUEEN DIAMONDS SEVEN,0.5852,0.0088,0.406
DIAMONDS ACE DIAMONDS SIX,0.3366,0.0042,0.6592
HEARTS FOUR DIAMONDS SIX,0.578,0.0082,0.4138
HEARTS JACK SPADES TWO,0.637,0.0088,0.3542
HEARTS FIVE DIAMONDS SIX,0.5806,0.0056,0.4138
SPADES TWO HEARTS TEN,0.6368,0.01,0.3532
DIAMONDS QUEEN DIAMONDS SIX,0.5478,0.0076,0.4446
HEARTS TWO DIAMONDS SIX,0.6338,0.0106,0.3556
DIAMONDS KING DIAMONDS SIX,0.2066,0.3602,0.4332
HEARTS THREE DIAMONDS SIX,0.7248,0.0278,0.2474
HEARTS EIGHT DIAMONDS SIX,0.5688,0.0084,0.4228
HEARTS NINE DIAMONDS SIX,0.5738,0.0086,0.4176
HEARTS SIX DIAMONDS SIX,0.3446,0.016,0.6394
HEARTS SEVEN DIAMONDS SIX,0.5576,0.0042,0.4382
HEARTS TEN DIAMONDS SEVEN,0.5728,0.0058,0.4214
CLUBS TWO DIAMONDS SIX,0.6278,0.0114,0.3608
HEARTS JACK DIAMONDS SEVEN,0.584,0.0098,0.4062
CLUBS SEVEN DIAMONDS SIX,0.54,0.0066,0.4534
CLUBS JACK DIAMONDS EIGHT,0.5562,0.0078,0.436
CLUBS SIX DIAMONDS SIX,0.3232,0.0172,0.6596
CLUBS TEN DIAMONDS EIGHT,0.5504,0.0058,0.4438
CLUBS FIVE DIAMONDS SIX,0.5636,0.0078,0.4286
CLUBS FOUR DIAMONDS SIX,0.5686,0.009,0.4224
HEARTS ACE HEARTS JACK,0.3358,0.004,0.6602
DIAMONDS EIGHT CLUBS ACE,0.353,0.0038,0.6432
HEARTS JACK HEARTS QUEEN,0.5314,0.006,0.4626
DIAMONDS EIGHT CLUBS KING,0.2254,0.234,0.5406
CLUBS NINE DIAMONDS SIX,0.5668,0.0082,0.425
CLUBS EIGHT DIAMONDS SIX,0.547,0.0096,0.4434
DIAMONDS EIGHT CLUBS QUEEN,0.5704,0.0068,0.4228
SPADES FIVE DIAMONDS SIX,0.5512,0.0072,0.4416
HEARTS ACE SPADES TWO,0.37,0.0054,0.6246
SPADES FOUR DIAMONDS SIX,0.5808,0.0084,0.4108
SPADES THREE DIAMONDS SIX,0.7042,0.026,0.2698
HEARTS QUEEN SPADES TWO,0.6326,0.0072,0.3602
SPADES ACE SPADES KING,0.2112,0.0132,0.7756
SPADES TWO DIAMONDS SIX,0.6216,0.0128,0.3656
HEARTS TEN HEARTS EIGHT,0.5302,0.0076,0.4622
SPADES NINE DIAMONDS SIX,0.5784,0.006,0.4156
HEARTS JACK HEARTS EIGHT,0.548,0.0082,0.4438
SPADES EIGHT DIAMONDS SIX,0.5502,0.0062,0.4436
SPADES SEVEN DIAMONDS SIX,0.5458,0.0092,0.445
SPADES SIX DIAMONDS SIX,0.334,0.0154,0.6506
CLUBS ACE CLUBS KING,0.2156,0.0144,0.77
SPADES ACE HEARTS JACK,0.3512,0.0054,0.6434
SPADES QUEEN HEARTS JACK,0.5662,0.0092,0.4246
SPADES KING HEARTS JACK,0.2292,0.0952,0.6756
SPADES TEN DIAMONDS TEN,0.3024,0.0074,0.6902
SPADES JACK DIAMONDS TEN,0.543,0.0062,0.4508
SPADES ACE DIAMONDS TEN,0.3536,0.0054,0.641
SPADES JACK HEARTS JACK,0.281,0.0066,0.7124
SPADES TEN HEARTS JACK,0.549,0.0072,0.4438
SPADES QUEEN DIAMONDS TEN,0.5464,0.0054,0.4482
SPADES KING DIAMONDS TEN,0.2268,0.1256,0.6476
SPADES NINE DIAMONDS SEVEN,0.5454,0.0056,0.449
SPADES EIGHT DIAMONDS SEVEN,0.542,0.008,0.45
SPADES SEVEN DIAMONDS SEVEN,0.3374,0.0136,0.649
SPADES SIX DIAMONDS SEVEN,0.5604,0.0064,0.4332
DIAMONDS KING DIAMONDS SEVEN,0.2124,0.2924,0.4952
HEARTS THREE DIAMONDS SEVEN,0.72,0.0306,0.2494
DIAMONDS QUEEN DIAMONDS SEVEN,0.5538,0.008,0.4382
HEARTS TWO DIAMONDS SEVEN,0.6266,0.0092,0.3642
HEARTS QUEEN DIAMONDS FIVE,0.5962,0.0088,0.395
HEARTS FIVE DIAMONDS SEVEN,0.5624,0.0084,0.4292
DIAMONDS ACE DIAMONDS SEVEN,0.3422,0.0048,0.653
HEARTS FOUR DIAMONDS SEVEN,0.5864,0.0082,0.4054
HEARTS ACE DIAMONDS FIVE,0.3304,0.004,0.6656
HEARTS SEVEN DIAMONDS SEVEN,0.33,0.0116,0.6584
HEARTS SIX DIAMONDS SEVEN,0.5636,0.0082,0.4282
HEARTS NINE DIAMONDS SEVEN,0.5638,0.0094,0.4268
DIAMONDS SEVEN HEARTS EIGHT,0.5594,0.0094,0.4312
DIAMONDS JACK DIAMONDS SEVEN,0.5458,0.0052,0.449
HEARTS JACK DIAMONDS FIVE,0.5878,0.0084,0.4038
DIAMONDS TEN DIAMONDS SEVEN,0.5316,0.0066,0.4618
DIAMONDS FIVE HEARTS TEN,0.604,0.008,0.388
CLUBS EIGHT DIAMONDS SEVEN,0.5436,0.0068,0.4496
SPADES KING CLUBS TWO,0.2502,0.529,0.2208
SPADES QUEEN CLUBS TWO,0.6348,0.0098,0.3554
CLUBS NINE DIAMONDS SEVEN,0.5416,0.0076,0.4508
CLUBS JACK SPADES TWO,0.6302,0.0086,0.3612
CLUBS SIX CLUBS SEVEN,0.5254,0.0092,0.4654
SPADES ACE CLUBS TWO,0.3962,0.0062,0.5976
CLUBS TEN SPADES TWO,0.6358,0.0078,0.3564
SPADES TWO CLUBS KING,0.2574,0.5158,0.2268
SPADES TWO DIAMONDS SEVEN,0.63,0.011,0.359
CLUBS EIGHT CLUBS SIX,0.5262,0.009,0.4648
SPADES THREE DIAMONDS SEVEN,0.7184,0.0248,0.2568
SPADES TWO CLUBS QUEEN,0.619,0.008,0.373
CLUBS NINE CLUBS SIX,0.5354,0.0094,0.4552
SPADES FOUR DIAMONDS SEVEN,0.5844,0.0084,0.4072
SPADES FIVE DIAMONDS SEVEN,0.5672,0.0104,0.4224
SPADES TWO CLUBS ACE,0.3736,0.007,0.6194
CLUBS SIX SPADES TWO,0.6104,0.0108,0.3788
CLUBS SIX SPADES THREE,0.7198,0.025,0.2552
CLUBS TWO DIAMONDS SEVEN,0.6432,0.0102,0.3466
CLUBS SIX SPADES FOUR,0.572,0.009,0.419
CLUBS SIX SPADES FIVE,0.5536,0.0064,0.44
CLUBS FOUR DIAMONDS SEVEN,0.5778,0.0084,0.4138
CLUBS SIX SPADES SIX,0.3346,0.013,0.6524
CLUBS FIVE DIAMONDS SEVEN,0.574,0.0086,0.4174
CLUBS SIX SPADES SEVEN,0.5442,0.0074,0.4484
CLUBS SIX DIAMONDS SEVEN,0.5448,0.0088,0.4464
CLUBS SIX SPADES EIGHT,0.5674,0.0068,0.4258
SPADES JACK CLUBS TWO,0.6406,0.0076,0.3518
CLUBS SEVEN DIAMONDS SEVEN,0.321,0.0148,0.6642
CLUBS SIX SPADES NINE,0.5696,0.0054,0.425
SPADES TEN CLUBS TWO,0.6274,0.01,0.3626
CLUBS TWO CLUBS QUEEN,0.6082,0.0086,0.3832
CLUBS TWO CLUBS KING,0.259,0.489,0.252
CLUBS TWO CLUBS ACE,0.3658,0.0058,0.6284
CLUBS TWO DIAMONDS EIGHT,0.6374,0.0074,0.3552
DIAMONDS EIGHT HEARTS SEVEN,0.5448,0.0096,0.4456
HEARTS SIX DIAMONDS EIGHT,0.5634,0.0094,0.4272
DIAMONDS EIGHT HEARTS NINE,0.5498,0.0074,0.4428
CLUBS TEN CLUBS TWO,0.5976,0.0062,0.3962
DIAMONDS EIGHT HEARTS EIGHT,0.3244,0.0082,0.6674
CLUBS JACK CLUBS TWO,0.6,0.0072,0.3928
CLUBS NINE DIAMONDS EIGHT,0.55,0.0068,0.4432
CLUBS EIGHT DIAMONDS EIGHT,0.322,0.0106,0.6674
CLUBS FIVE DIAMONDS EIGHT,0.5754,0.0082,0.4164
SPADES ACE SPADES THREE,0.2112,0.0198,0.769
CLUBS FOUR DIAMONDS EIGHT,0.5872,0.0094,0.4034
CLUBS SEVEN DIAMONDS EIGHT,0.558,0.007,0.435
SPADES QUEEN SPADES THREE,0.6918,0.0304,0.2778
CLUBS SIX DIAMONDS EIGHT,0.553,0.01,0.437
SPADES KING SPADES THREE,0.0236,0.9034,0.073
DIAMONDS QUEEN DIAMONDS EIGHT,0.5496,0.0044,0.446
HEARTS TWO DIAMONDS EIGHT,0.636,0.0082,0.3558
DIAMONDS KING DIAMONDS EIGHT,0.2064,0.2232,0.5704
HEARTS THREE DIAMONDS EIGHT,0.7368,0.0298,0.2334
DIAMONDS ACE DIAMONDS EIGHT,0.3352,0.0046,0.6602
HEARTS FOUR DIAMONDS EIGHT,0.5994,0.0098,0.3908
HEARTS FIVE DIAMONDS EIGHT,0.58,0.0098,0.4102
DIAMONDS EIGHT DIAMONDS TEN,0.5232,0.0052,0.4716
DIAMONDS EIGHT DIAMONDS JACK,0.5324,0.0068,0.4608
SPADES JACK SPADES THREE,0.683,0.0328,0.2842
SPADES TEN SPADES THREE,0.6828,0.033,0.2842
CLUBS FOUR HEARTS ACE,0.3366,0.0056,0.6578
CLUBS FOUR HEARTS QUEEN,0.6234,0.0076,0.369
CLUBS SIX HEARTS TEN,0.5784,0.0088,0.4128
CLUBS SIX HEARTS JACK,0.599,0.0084,0.3926
DIAMONDS EIGHT SPADES FOUR,0.5978,0.0062,0.396
SPADES FIVE DIAMONDS EIGHT,0.5808,0.0056,0.4136
DIAMONDS EIGHT SPADES TWO,0.6278,0.0068,0.3654
DIAMONDS EIGHT SPADES THREE,0.7246,0.0264,0.249
CLUBS FOUR HEARTS JACK,0.5958,0.0094,0.3948
SPADES EIGHT DIAMONDS EIGHT,0.3314,0.0106,0.658
SPADES TEN DIAMONDS QUEEN,0.5618,0.0064,0.4318
SPADES TEN HEARTS TWO,0.6408,0.0076,0.3516
SPADES JACK HEARTS EIGHT,0.563,0.0076,0.4294
CLUBS FOUR HEARTS TEN,0.6108,0.0116,0.3776
SPADES NINE DIAMONDS EIGHT,0.5598,0.0094,0.4308
SPADES TEN HEARTS EIGHT,0.5584,0.008,0.4336
SPADES JACK HEARTS TWO,0.6336,0.009,0.3574
SPADES JACK DIAMONDS QUEEN,0.5674,0.0082,0.4244
SPADES SIX DIAMONDS EIGHT,0.561,0.0098,0.4292
SPADES SEVEN DIAMONDS EIGHT,0.5446,0.006,0.4494
SPADES ACE HEARTS TWO,0.3856,0.0044,0.61
SPADES ACE DIAMONDS QUEEN,0.3548,0.0038,0.6414
SPADES ACE HEARTS EIGHT,0.3572,0.0034,0.6394
SPADES KING HEARTS EIGHT,0.2262,0.2398,0.534
SPADES QUEEN HEARTS TWO,0.6306,0.0132,0.3562
SPADES QUEEN DIAMONDS QUEEN,0.2804,0.0034,0.7162
SPADES KING DIAMONDS QUEEN,0.2462,0.064,0.6898
SPADES KING HEARTS TWO,0.2734,0.5146,0.212
SPADES QUEEN HEARTS EIGHT,0.586,0.0068,0.4072
CLUBS TWO HEARTS TEN,0.6364,0.008,0.3556
CLUBS TWO HEARTS JACK,0.6314,0.0102,0.3584
SPADES SEVEN DIAMONDS NINE,0.555,0.0068,0.4382
SPADES SIX DIAMONDS NINE,0.5698,0.0074,0.4228
SPADES NINE DIAMONDS NINE,0.3106,0.0082,0.6812
SPADES EIGHT DIAMONDS NINE,0.55,0.0054,0.4446
SPADES TEN CLUBS KING,0.2266,0.1148,0.6586
DIAMONDS NINE SPADES THREE,0.7178,0.0322,0.25
SPADES JACK CLUBS KING,0.2336,0.0954,0.671
DIAMONDS NINE SPADES TWO,0.6274,0.0086,0.364
DIAMONDS NINE SPADES FIVE,0.5826,0.0076,0.4098
DIAMONDS NINE SPADES FOUR,0.5914,0.007,0.4016
CLUBS NINE DIAMONDS NINE,0.3056,0.0108,0.6836
CLUBS EIGHT DIAMONDS NINE,0.5396,0.0062,0.4542
CLUBS SIX DIAMONDS NINE,0.568,0.009,0.423
SPADES JACK CLUBS FOUR,0.5938,0.0084,0.3978
CLUBS SEVEN DIAMONDS NINE,0.5556,0.006,0.4384
SPADES TEN CLUBS FOUR,0.5952,0.007,0.3978
CLUBS FOUR DIAMONDS NINE,0.5872,0.009,0.4038
CLUBS FIVE DIAMONDS NINE,0.5874,0.008,0.4046
DIAMONDS NINE CLUBS TWO,0.631,0.0088,0.3602
DIAMONDS NINE HEARTS EIGHT,0.5518,0.0082,0.44
DIAMONDS NINE HEARTS NINE,0.311,0.0078,0.6812
HEARTS SIX DIAMONDS NINE,0.5748,0.0074,0.4178
DIAMONDS NINE HEARTS SEVEN,0.5676,0.0108,0.4216
CLUBS EIGHT CLUBS NINE,0.5262,0.0064,0.4674
DIAMONDS ACE DIAMONDS NINE,0.3408,0.0036,0.6556
HEARTS FOUR DIAMONDS NINE,0.6014,0.0068,0.3918
HEARTS FIVE DIAMONDS NINE,0.5942,0.0076,0.3982
HEARTS ACE CLUBS TWO,0.3734,0.0044,0.6222
SPADES ACE CLUBS FOUR,0.3346,0.0064,0.659
DIAMONDS QUEEN DIAMONDS NINE,0.5306,0.0056,0.4638
HEARTS TWO DIAMONDS NINE,0.6198,0.008,0.3722
SPADES KING CLUBS FOUR,0.2108,0.5242,0.265
DIAMONDS KING DIAMONDS NINE,0.2262,0.1566,0.6172
HEARTS THREE DIAMONDS NINE,0.7206,0.0356,0.2438
CLUBS TWO HEARTS QUEEN,0.6424,0.0106,0.347
SPADES QUEEN CLUBS FOUR,0.5962,0.0058,0.398
DIAMONDS NINE DIAMONDS JACK,0.5268,0.0064,0.4668
CLUBS EIGHT SPADES NINE,0.5526,0.0074,0.44
DIAMONDS NINE DIAMONDS TEN,0.51,0.0064,0.4836
CLUBS EIGHT SPADES EIGHT,0.3104,0.0106,0.679
CLUBS EIGHT SPADES SEVEN,0.5408,0.0064,0.4528
CLUBS EIGHT SPADES SIX,0.5514,0.0074,0.4412
CLUBS EIGHT SPADES FIVE,0.5906,0.0068,0.4026
CLUBS EIGHT SPADES FOUR,0.5966,0.0076,0.3958
CLUBS EIGHT SPADES THREE,0.7284,0.0272,0.2444
CLUBS EIGHT SPADES TWO,0.6274,0.0074,0.3652
HEARTS SIX DIAMONDS TEN,0.5984,0.0076,0.394
DIAMONDS TEN HEARTS SEVEN,0.5872,0.0058,0.407
DIAMONDS TEN HEARTS EIGHT,0.5626,0.0092,0.4282
CLUBS JACK CLUBS FOUR,0.5662,0.0092,0.4246
DIAMONDS TEN HEARTS NINE,0.5614,0.0076,0.431
CLUBS TEN CLUBS FOUR,0.5682,0.0086,0.4232
CLUBS FOUR CLUBS KING,0.2044,0.4902,0.3054
CLUBS FOUR CLUBS QUEEN,0.5724,0.0074,0.4202
CLUBS TWO DIAMONDS TEN,0.6348,0.0068,0.3584
CLUBS FOUR CLUBS ACE,0.3318,0.0042,0.664
DIAMONDS JACK DIAMONDS TEN,0.5032,0.006,0.4908
DIAMONDS QUEEN DIAMONDS TEN,0.5016,0.008,0.4904
HEARTS TWO DIAMONDS TEN,0.6286,0.0076,0.3638
DIAMONDS KING DIAMONDS TEN,0.2226,0.1084,0.669
HEARTS THREE DIAMONDS TEN,0.7288,0.0374,0.2338
DIAMONDS ACE DIAMONDS TEN,0.3338,0.0064,0.6598
HEARTS FOUR DIAMONDS TEN,0.595,0.0066,0.3984
CLUBS EIGHT HEARTS JACK,0.5722,0.0102,0.4176
HEARTS FIVE DIAMONDS TEN,0.6046,0.0082,0.3872
CLUBS EIGHT HEARTS TEN,0.5542,0.009,0.4368
CLUBS EIGHT HEARTS QUEEN,0.5868,0.006,0.4072
CLUBS EIGHT HEARTS ACE,0.343,0.0054,0.6516
CLUBS NINE SPADES THREE,0.7078,0.034,0.2582
CLUBS NINE SPADES TWO,0.6042,0.0116,0.3842
CLUBS NINE SPADES FIVE,0.5772,0.0086,0.4142
CLUBS NINE SPADES FOUR,0.6088,0.0056,0.3856
CLUBS NINE SPADES SEVEN,0.559,0.0058,0.4352
CLUBS NINE SPADES SIX,0.5712,0.0068,0.422
CLUBS NINE SPADES NINE,0.3096,0.013,0.6774
CLUBS TEN HEARTS EIGHT,0.5634,0.0074,0.4292
CLUBS NINE SPADES EIGHT,0.5552,0.0076,0.4372
CLUBS JACK HEARTS EIGHT,0.5684,0.0084,0.4232
CLUBS QUEEN HEARTS EIGHT,0.5884,0.0072,0.4044
CLUBS KING HEARTS EIGHT,0.221,0.2384,0.5406
CLUBS ACE HEARTS EIGHT,0.3516,0.0054,0.643
SPADES KING CLUBS KING,0.0574,0.0138,0.9288
SPADES QUEEN CLUBS KING,0.2366,0.071,0.6924
SPADES ACE CLUBS KING,0.218,0.014,0.768
DIAMONDS ACE HEARTS TEN,0.3486,0.0064,0.645
HEARTS FOUR HEARTS TEN,0.5802,0.0068,0.413
DIAMONDS ACE HEARTS JACK,0.3566,0.0056,0.6378
HEARTS FOUR HEARTS JACK,0.567,0.0106,0.4224
SPADES KING CLUBS FIVE,0.2268,0.4564,0.3168
SPADES QUEEN CLUBS FIVE,0.6002,0.0072,0.3926
SPADES ACE CLUBS FIVE,0.3458,0.0058,0.6484
DIAMONDS JACK HEARTS SEVEN,0.5932,0.0084,0.3984
HEARTS SIX DIAMONDS JACK,0.6046,0.0062,0.3892
DIAMONDS JACK HEARTS NINE,0.5656,0.006,0.4284
DIAMONDS JACK HEARTS EIGHT,0.5772,0.007,0.4158
DIAMONDS KING DIAMONDS JACK,0.2266,0.0834,0.69
HEARTS THREE DIAMONDS JACK,0.733,0.033,0.234
SPADES ACE SPADES SIX,0.3336,0.0052,0.6612
HEARTS ACE SPADES FOUR,0.3368,0.0038,0.6594
DIAMONDS QUEEN DIAMONDS JACK,0.5256,0.0066,0.4678
HEARTS TWO DIAMONDS JACK,0.6388,0.0086,0.3526
HEARTS FIVE DIAMONDS JACK,0.598,0.0064,0.3956
SPADES QUEEN SPADES SIX,0.5574,0.0064,0.4362
SPADES FOUR HEARTS QUEEN,0.6096,0.0076,0.3828
DIAMONDS ACE DIAMONDS JACK,0.3262,0.0048,0.669
HEARTS FOUR DIAMONDS JACK,0.6,0.0088,0.3912
SPADES KING SPADES SIX,0.217,0.3442,0.4388
SPADES TEN SPADES SIX,0.5454,0.0078,0.4468
SPADES JACK SPADES SIX,0.5616,0.0072,0.4312
SPADES FOUR DIAMONDS JACK,0.6042,0.0068,0.389
SPADES FIVE DIAMONDS JACK,0.5942,0.0054,0.4004
DIAMONDS JACK SPADES TWO,0.6286,0.0086,0.3628
DIAMONDS JACK SPADES THREE,0.735,0.0308,0.2342
SPADES ACE DIAMONDS THREE,0.2436,0.0242,0.7322
CLUBS EIGHT DIAMONDS JACK,0.5606,0.0078,0.4316
SPADES QUEEN DIAMONDS THREE,0.7324,0.0318,0.2358
SPADES KING DIAMONDS THREE,0.0222,0.9582,0.0196
CLUBS NINE DIAMONDS JACK,0.554,0.0056,0.4404
CLUBS SIX DIAMONDS JACK,0.5926,0.0062,0.4012
CLUBS SEVEN DIAMONDS JACK,0.569,0.0068,0.4242
CLUBS FOUR DIAMONDS JACK,0.605,0.0094,0.3856
CLUBS FIVE DIAMONDS JACK,0.593,0.008,0.399
CLUBS TWO DIAMONDS JACK,0.6388,0.0086,0.3526
SPADES TEN CLUBS FIVE,0.5962,0.0086,0.3952
HEARTS SIX SPADES JACK,0.6032,0.0062,0.3906
HEARTS SIX SPADES TEN,0.584,0.008,0.408
SPADES JACK CLUBS FIVE,0.6006,0.0098,0.3896
SPADES JACK DIAMONDS THREE,0.7252,0.0338,0.241
CLUBS SEVEN CLUBS ACE,0.3358,0.0044,0.6598
DIAMONDS THREE SPADES TEN,0.7262,0.0342,0.2396
CLUBS SEVEN CLUBS QUEEN,0.555,0.0072,0.4378
CLUBS SEVEN CLUBS KING,0.2244,0.2878,0.4878
SPADES NINE DIAMONDS JACK,0.5576,0.007,0.4354
CLUBS TEN CLUBS SEVEN,0.5392,0.0064,0.4544
DIAMONDS ACE HEARTS ACE,0.109,0.0058,0.8852
HEARTS FOUR HEARTS ACE,0.307,0.0054,0.6876
SPADES EIGHT DIAMONDS JACK,0.5648,0.0058,0.4294
SPADES ACE HEARTS SIX,0.3504,0.0052,0.6444
CLUBS JACK CLUBS SEVEN,0.5532,0.01,0.4368
SPADES SEVEN DIAMONDS JACK,0.5848,0.008,0.4072
SPADES KING HEARTS SIX,0.2288,0.3826,0.3886
DIAMONDS ACE HEARTS QUEEN,0.343,0.007,0.65
HEARTS FOUR HEARTS QUEEN,0.5768,0.0076,0.4156
SPADES QUEEN HEARTS SIX,0.604,0.009,0.387
SPADES SIX DIAMONDS JACK,0.5928,0.007,0.4002
DIAMONDS TEN SPADES TWO,0.6204,0.01,0.3696
SPADES THREE DIAMONDS TEN,0.7222,0.0354,0.2424
SPADES FOUR DIAMONDS TEN,0.5966,0.009,0.3944
SPADES FIVE DIAMONDS TEN,0.6032,0.0062,0.3906
SPADES SIX DIAMONDS TEN,0.5796,0.0072,0.4132
SPADES SEVEN DIAMONDS TEN,0.5896,0.0062,0.4042
SPADES EIGHT DIAMONDS TEN,0.5624,0.0054,0.4322
SPADES NINE DIAMONDS TEN,0.5434,0.0074,0.4492
CLUBS FOUR DIAMONDS TEN,0.595,0.0076,0.3974
CLUBS FIVE DIAMONDS TEN,0.6014,0.0058,0.3928
CLUBS SIX DIAMONDS TEN,0.5736,0.008,0.4184
CLUBS SEVEN DIAMONDS TEN,0.5638,0.0062,0.43
CLUBS EIGHT DIAMONDS TEN,0.5628,0.0086,0.4286
CLUBS NINE DIAMONDS TEN,0.5544,0.0058,0.4398
CLUBS JACK DIAMONDS THREE,0.7256,0.035,0.2394
CLUBS TEN DIAMONDS THREE,0.7194,0.0336,0.247
DIAMONDS THREE CLUBS KING,0.0084,0.9742,0.0174
DIAMONDS THREE CLUBS QUEEN,0.7432,0.0322,0.2246
DIAMONDS THREE CLUBS ACE,0.2276,0.0232,0.7492
SPADES FOUR HEARTS JACK,0.6076,0.007,0.3854
SPADES FOUR HEARTS TEN,0.5962,0.0064,0.3974
SPADES FIVE SPADES TWO,0.5736,0.0072,0.4192
SPADES FOUR SPADES TWO,0.588,0.0102,0.4018
SPADES THREE SPADES TWO,0.6796,0.032,0.2884
SPADES NINE SPADES TWO,0.5806,0.006,0.4134
SPADES EIGHT SPADES TWO,0.5898,0.0102,0.4
SPADES SEVEN SPADES TWO,0.5938,0.0086,0.3976
SPADES SIX SPADES TWO,0.577,0.008,0.415
DIAMONDS QUEEN CLUBS TWO,0.624,0.0078,0.3682
HEARTS TWO CLUBS TWO,0.4484,0.019,0.5326
DIAMONDS QUEEN HEARTS SEVEN,0.5922,0.0054,0.4024
HEARTS TWO HEARTS SEVEN,0.615,0.0086,0.3764
HEARTS SIX DIAMONDS QUEEN,0.5806,0.0058,0.4136
HEARTS SIX HEARTS TWO,0.5996,0.0108,0.3896
DIAMONDS QUEEN HEARTS NINE,0.5878,0.0062,0.406
HEARTS TWO HEARTS NINE,0.6062,0.008,0.3858
DIAMONDS QUEEN HEARTS EIGHT,0.5778,0.0064,0.4158
HEARTS TWO HEARTS EIGHT,0.6028,0.012,0.3852
CLUBS NINE HEARTS TWO,0.6206,0.0108,0.3686
CLUBS NINE DIAMONDS QUEEN,0.5738,0.0066,0.4196
CLUBS EIGHT DIAMONDS QUEEN,0.5766,0.0066,0.4168
CLUBS EIGHT HEARTS TWO,0.6288,0.0114,0.3598
DIAMONDS QUEEN CLUBS FIVE,0.608,0.0084,0.3836
HEARTS TWO CLUBS FIVE,0.626,0.009,0.365
SPADES EIGHT HEARTS ACE,0.3604,0.0036,0.636
DIAMONDS QUEEN CLUBS FOUR,0.5888,0.0064,0.4048
CLUBS FOUR HEARTS TWO,0.6198,0.0106,0.3696
CLUBS SEVEN DIAMONDS QUEEN,0.594,0.008,0.398
CLUBS SEVEN HEARTS TWO,0.623,0.0118,0.3652
SPADES EIGHT HEARTS QUEEN,0.5924,0.0076,0.4
CLUBS SIX DIAMONDS QUEEN,0.5826,0.0084,0.409
CLUBS SIX HEARTS TWO,0.6212,0.0098,0.369
HEARTS TWO SPADES SIX,0.6422,0.0084,0.3494
DIAMONDS QUEEN SPADES SIX,0.5962,0.0072,0.3966
HEARTS FOUR CLUBS QUEEN,0.596,0.0094,0.3946
DIAMONDS ACE CLUBS QUEEN,0.344,0.0048,0.6512
DIAMONDS QUEEN SPADES SEVEN,0.5876,0.0052,0.4072
HEARTS TWO SPADES SEVEN,0.6364,0.0096,0.354
HEARTS FOUR CLUBS KING,0.2096,0.525,0.2654
DIAMONDS ACE CLUBS KING,0.2208,0.0142,0.765
DIAMONDS QUEEN SPADES EIGHT,0.5818,0.0068,0.4114
SPADES EIGHT HEARTS TWO,0.6364,0.007,0.3566
HEARTS FOUR CLUBS ACE,0.3522,0.0052,0.6426
DIAMONDS ACE CLUBS ACE,0.1076,0.0062,0.8862
SPADES NINE DIAMONDS QUEEN,0.5716,0.0058,0.4226
SPADES NINE HEARTS TWO,0.6332,0.0106,0.3562
HEARTS TWO SPADES TWO,0.4218,0.0232,0.555
DIAMONDS QUEEN SPADES TWO,0.6254,0.0066,0.368
HEARTS TWO SPADES THREE,0.7202,0.0318,0.248
DIAMONDS QUEEN SPADES THREE,0.7212,0.0326,0.2462
HEARTS TWO SPADES FOUR,0.6224,0.01,0.3676
DIAMONDS QUEEN SPADES FOUR,0.6058,0.0092,0.385
CLUBS TEN HEARTS FOUR,0.5966,0.0078,0.3956
CLUBS TEN DIAMONDS ACE,0.3442,0.0038,0.652
HEARTS TWO SPADES FIVE,0.6242,0.0078,0.368
DIAMONDS QUEEN SPADES FIVE,0.5916,0.006,0.4024
HEARTS FOUR CLUBS JACK,0.6088,0.0106,0.3806
CLUBS JACK DIAMONDS ACE,0.344,0.004,0.652
CLUBS FIVE CLUBS KING,0.2152,0.4356,0.3492
CLUBS FIVE CLUBS QUEEN,0.5662,0.0066,0.4272
CLUBS FIVE CLUBS ACE,0.3298,0.0052,0.665
CLUBS JACK CLUBS FIVE,0.556,0.009,0.435
CLUBS TEN CLUBS FIVE,0.5588,0.0078,0.4334
SPADES KING CLUBS JACK,0.2276,0.0894,0.683
CLUBS JACK SPADES QUEEN,0.56,0.0064,0.4336
SPADES ACE CLUBS JACK,0.3434,0.0056,0.651
SPADES SIX CLUBS KING,0.2078,0.3808,0.4114
SPADES SIX CLUBS QUEEN,0.5944,0.0068,0.3988
SPADES EIGHT HEARTS JACK,0.5708,0.0072,0.422
SPADES SIX CLUBS ACE,0.3494,0.005,0.6456
SPADES EIGHT HEARTS TEN,0.5538,0.0084,0.4378
CLUBS JACK SPADES SIX,0.589,0.0068,0.4042
CLUBS TEN SPADES SIX,0.5872,0.0064,0.4064
CLUBS JACK SPADES TEN,0.52,0.0072,0.4728
CLUBS JACK SPADES JACK,0.289,0.0084,0.7026
SPADES QUEEN CLUBS SEVEN,0.5832,0.0072,0.4096
SPADES KING CLUBS SEVEN,0.2232,0.2946,0.4822
SPADES ACE CLUBS SEVEN,0.3484,0.0032,0.6484
SPADES SIX HEARTS TEN,0.591,0.0088,0.4002
SPADES SIX HEARTS JACK,0.5946,0.0092,0.3962
SPADES SIX HEARTS ACE,0.355,0.0058,0.6392
SPADES SIX HEARTS QUEEN,0.6058,0.0102,0.384
SPADES JACK CLUBS SEVEN,0.573,0.0106,0.4164
SPADES TEN CLUBS SEVEN,0.5572,0.008,0.4348
CLUBS TEN HEARTS SIX,0.5804,0.0084,0.4112
CLUBS JACK HEARTS SIX,0.5852,0.0058,0.409
CLUBS JACK CLUBS ACE,0.3346,0.005,0.6604
HEARTS SIX CLUBS QUEEN,0.5968,0.0078,0.3954
HEARTS SIX CLUBS KING,0.2166,0.3924,0.391
HEARTS SIX CLUBS ACE,0.3476,0.0054,0.647
CLUBS JACK CLUBS QUEEN,0.5146,0.0058,0.4796
CLUBS JACK CLUBS KING,0.219,0.0894,0.6916
DIAMONDS THREE HEARTS ACE,0.2228,0.022,0.7552
DIAMONDS THREE HEARTS QUEEN,0.7288,0.0332,0.238
CLUBS FIVE HEARTS JACK,0.609,0.0078,0.3832
SPADES TEN DIAMONDS ACE,0.3488,0.0044,0.6468
HEARTS FOUR SPADES TEN,0.5992,0.0082,0.3926
CLUBS FIVE HEARTS TEN,0.6006,0.0108,0.3886
HEARTS FOUR SPADES JACK,0.5992,0.0088,0.392
SPADES JACK DIAMONDS ACE,0.3372,0.0068,0.656
SPADES ACE HEARTS FOUR,0.3506,0.0052,0.6442
SPADES ACE DIAMONDS ACE,0.108,0.0032,0.8888
CLUBS FIVE HEARTS ACE,0.3338,0.0052,0.661
HEARTS FOUR SPADES QUEEN,0.6104,0.0066,0.383
SPADES QUEEN DIAMONDS ACE,0.3524,0.0044,0.6432
CLUBS JACK SPADES FOUR,0.598,0.009,0.393
CLUBS FIVE HEARTS QUEEN,0.597,0.0102,0.3928
SPADES KING DIAMONDS ACE,0.2294,0.0108,0.7598
HEARTS FOUR SPADES KING,0.2214,0.5292,0.2494
CLUBS TEN SPADES FOUR,0.5864,0.0082,0.4054
DIAMONDS QUEEN DIAMONDS ACE,0.3272,0.0052,0.6676
HEARTS TWO DIAMONDS ACE,0.3902,0.0048,0.605
HEARTS FOUR DIAMONDS QUEEN,0.611,0.0074,0.3816
HEARTS FOUR HEARTS TWO,0.595,0.0084,0.3966
DIAMONDS THREE HEARTS TEN,0.7388,0.032,0.2292
SPADES FOUR CLUBS KING,0.2068,0.5188,0.2744
HEARTS FIVE DIAMONDS QUEEN,0.6032,0.008,0.3888
HEARTS FIVE HEARTS TWO,0.5864,0.0102,0.4034
DIAMONDS THREE HEARTS JACK,0.7368,0.0356,0.2276
SPADES FOUR CLUBS QUEEN,0.5956,0.0072,0.3972
DIAMONDS QUEEN HEARTS TWO,0.6368,0.0094,0.3538
DIAMONDS KING DIAMONDS QUEEN,0.2226,0.0682,0.7092
DIAMONDS KING HEARTS TWO,0.2746,0.5202,0.2052
HEARTS THREE DIAMONDS QUEEN,0.7274,0.032,0.2406
HEARTS THREE HEARTS TWO,0.6834,0.0344,0.2822
SPADES FOUR CLUBS ACE,0.3374,0.0054,0.6572
HEARTS TWO CLUBS ACE,0.3742,0.0086,0.6172
DIAMONDS QUEEN CLUBS ACE,0.3476,0.004,0.6484
HEARTS TWO CLUBS QUEEN,0.635,0.009,0.356
DIAMONDS QUEEN CLUBS QUEEN,0.272,0.0052,0.7228
HEARTS TWO CLUBS KING,0.2486,0.5328,0.2186
DIAMONDS QUEEN CLUBS KING,0.2214,0.0704,0.7082
SPADES EIGHT SPADES FIVE,0.5472,0.0098,0.443
CLUBS TEN HEARTS TWO,0.6354,0.0094,0.3552
CLUBS TEN DIAMONDS QUEEN,0.5624,0.0068,0.4308
SPADES NINE SPADES FIVE,0.5666,0.008,0.4254
CLUBS JACK HEARTS TWO,0.6308,0.0082,0.361
CLUBS JACK DIAMONDS QUEEN,0.559,0.0078,0.4332
SPADES SIX SPADES FIVE,0.5328,0.007,0.4602
SPADES SEVEN SPADES FIVE,0.533,0.0094,0.4576
DIAMONDS FIVE CLUBS QUEEN,0.6116,0.007,0.3814
SPADES EIGHT CLUBS ACE,0.3456,0.004,0.6504
DIAMONDS FIVE CLUBS KING,0.2154,0.4618,0.3228
SPADES EIGHT CLUBS KING,0.2192,0.2352,0.5456
DIAMONDS FIVE CLUBS ACE,0.3296,0.0044,0.666
SPADES EIGHT CLUBS QUEEN,0.569,0.0066,0.4244
CLUBS JACK SPADES EIGHT,0.5558,0.0084,0.4358
CLUBS TEN SPADES EIGHT,0.5446,0.0082,0.4472
CLUBS TEN DIAMONDS FIVE,0.5906,0.0048,0.4046
CLUBS JACK DIAMONDS FIVE,0.5976,0.0066,0.3958
HEARTS JACK DIAMONDS TEN,0.5498,0.0078,0.4424
DIAMONDS TEN HEARTS TEN,0.2994,0.0098,0.6908
SPADES ACE CLUBS NINE,0.347,0.0032,0.6498
SPADES QUEEN CLUBS NINE,0.564,0.008,0.428
SPADES KING CLUBS NINE,0.231,0.1582,0.6108
DIAMONDS KING SPADES SEVEN,0.2272,0.291,0.4818
HEARTS THREE SPADES SEVEN,0.7274,0.0266,0.246
SPADES KING DIAMONDS SEVEN,0.2322,0.2824,0.4854
HEARTS SIX HEARTS QUEEN,0.5574,0.0058,0.4368
SPADES QUEEN DIAMONDS SEVEN,0.5894,0.0066,0.404
HEARTS THREE SPADES SIX,0.7106,0.0298,0.2596
DIAMONDS KING SPADES SIX,0.2278,0.3784,0.3938
DIAMONDS KING SPADES NINE,0.2292,0.1702,0.6006
HEARTS THREE SPADES NINE,0.7314,0.0368,0.2318
HEARTS SIX HEARTS ACE,0.337,0.0052,0.6578
