opposingHand,winningChance,drawChance,lostChance
CLUBS TEN DIAMONDS JACK
HEARTS FIVE SPADES TEN,0.716,0.0524,0.2316
HEARTS FIVE SPADES JACK,0.6372,0.1256,0.2372
CLUBS JACK SPADES FIVE,0.6328,0.1214,0.2458
CLUBS JACK CLUBS EIGHT,0.6282,0.1108,0.261
CLUBS EIGHT CLUBS KING,0.4124,0.007,0.5806
SPADES FIVE CLUBS ACE,0.4504,0.005,0.5446
CLUBS EIGHT CLUBS QUEEN,0.4136,0.0088,0.5776
SPADES FIVE CLUBS KING,0.4506,0.0074,0.542
SPADES FIVE CLUBS QUEEN,0.449,0.0096,0.5414
CLUBS EIGHT CLUBS ACE,0.415,0.0062,0.5788
DIAMONDS TWO DIAMONDS THREE,0.6206,0.0156,0.3638
DIAMONDS TWO DIAMONDS FIVE,0.6214,0.0164,0.3622
HEARTS FIVE SPADES KING,0.45,0.0052,0.5448
DIAMONDS TWO DIAMONDS FOUR,0.625,0.0134,0.3616
HEARTS FIVE SPADES QUEEN,0.467,0.0072,0.5258
DIAMONDS TWO DIAMONDS SEVEN,0.654,0.0176,0.3284
DIAMONDS TWO DIAMONDS SIX,0.646,0.0164,0.3376
SPADES ACE HEARTS FIVE,0.4572,0.0026,0.5402
DIAMONDS TWO DIAMONDS NINE,0.661,0.0132,0.3258
DIAMONDS TWO DIAMONDS EIGHT,0.6626,0.0172,0.3202
DIAMONDS THREE DIAMONDS FOUR,0.6058,0.013,0.3812
CLUBS TWO SPADES FOUR,0.6484,0.0132,0.3384
DIAMONDS THREE DIAMONDS FIVE,0.6092,0.0142,0.3766
SPADES FIVE CLUBS TWO,0.6598,0.017,0.3232
CLUBS TWO SPADES TWO,0.4878,0.0266,0.4856
CLUBS TWO SPADES THREE,0.658,0.0172,0.3248
DIAMONDS THREE DIAMONDS EIGHT,0.6526,0.015,0.3324
SPADES EIGHT CLUBS TWO,0.6842,0.0138,0.302
DIAMONDS THREE DIAMONDS NINE,0.6546,0.0146,0.3308
SPADES NINE CLUBS TWO,0.6904,0.016,0.2936
DIAMONDS THREE DIAMONDS SIX,0.6118,0.0144,0.3738
SPADES SIX CLUBS TWO,0.6696,0.0162,0.3142
DIAMONDS THREE DIAMONDS SEVEN,0.6468,0.0128,0.3404
SPADES SEVEN CLUBS TWO,0.6858,0.014,0.3002
CLUBS SIX CLUBS TWO,0.6468,0.0118,0.3414
CLUBS SEVEN CLUBS TWO,0.653,0.0138,0.3332
CLUBS FOUR CLUBS TWO,0.614,0.0116,0.3744
CLUBS FIVE CLUBS TWO,0.6244,0.015,0.3606
DIAMONDS FOUR DIAMONDS SIX,0.6082,0.0146,0.3772
DIAMONDS FOUR DIAMONDS SEVEN,0.6272,0.0184,0.3544
CLUBS EIGHT CLUBS TWO,0.659,0.0132,0.3278
DIAMONDS FIVE DIAMONDS FOUR,0.5946,0.0138,0.3916
CLUBS NINE CLUBS TWO,0.6568,0.0154,0.3278
DIAMONDS NINE DIAMONDS FOUR,0.6752,0.0142,0.3106
DIAMONDS EIGHT DIAMONDS FOUR,0.6364,0.0164,0.3472
CLUBS THREE CLUBS TWO,0.6218,0.0184,0.3598
DIAMONDS NINE DIAMONDS FIVE,0.645,0.0152,0.3398
CLUBS JACK DIAMONDS TWO,0.6582,0.123,0.2188
DIAMONDS EIGHT DIAMONDS FIVE,0.629,0.0136,0.3574
DIAMONDS FIVE DIAMONDS SEVEN,0.609,0.017,0.374
DIAMONDS FIVE DIAMONDS SIX,0.6106,0.0156,0.3738
DIAMONDS TWO CLUBS ACE,0.4412,0.0036,0.5552
DIAMONDS TWO CLUBS KING,0.4486,0.0084,0.543
DIAMONDS TWO CLUBS QUEEN,0.4476,0.0096,0.5428
DIAMONDS EIGHT DIAMONDS SIX,0.6318,0.0142,0.354
DIAMONDS NINE DIAMONDS SIX,0.646,0.014,0.34
HEARTS ACE SPADES THREE,0.4406,0.0038,0.5556
SPADES THREE HEARTS KING,0.4592,0.0054,0.5354
DIAMONDS SEVEN DIAMONDS SIX,0.6174,0.0148,0.3678
HEARTS QUEEN SPADES THREE,0.4466,0.0078,0.5456
SPADES THREE HEARTS JACK,0.6582,0.1224,0.2194
SPADES THREE HEARTS TEN,0.7116,0.0546,0.2338
DIAMONDS EIGHT DIAMONDS SEVEN,0.616,0.0132,0.3708
DIAMONDS NINE DIAMONDS SEVEN,0.622,0.014,0.364
DIAMONDS NINE DIAMONDS EIGHT,0.6254,0.014,0.3606
DIAMONDS KING HEARTS TEN,0.2586,0.027,0.7144
HEARTS THREE HEARTS TEN,0.6766,0.0548,0.2686
SPADES JACK CLUBS SIX,0.6644,0.1196,0.216
DIAMONDS KING HEARTS JACK,0.2604,0.0312,0.7084
HEARTS THREE HEARTS JACK,0.6134,0.1172,0.2694
SPADES TEN CLUBS SIX,0.716,0.0626,0.2214
SPADES JACK SPADES FIVE,0.618,0.1072,0.2748
SPADES TEN SPADES FIVE,0.6764,0.0532,0.2704
DIAMONDS KING HEARTS ACE,0.3586,0.0044,0.637
HEARTS THREE HEARTS ACE,0.4116,0.0032,0.5852
SPADES ACE CLUBS SIX,0.4632,0.0034,0.5334
DIAMONDS KING HEARTS QUEEN,0.341,0.0074,0.6516
HEARTS THREE HEARTS QUEEN,0.4256,0.0064,0.568
SPADES KING CLUBS SIX,0.4464,0.008,0.5456
DIAMONDS KING HEARTS KING,0.161,0.006,0.833
HEARTS THREE HEARTS KING,0.4232,0.0056,0.5712
SPADES QUEEN CLUBS SIX,0.454,0.0076,0.5384
SPADES NINE HEARTS TEN,0.6994,0.0566,0.244
SPADES NINE HEARTS JACK,0.6484,0.1192,0.2324
SPADES QUEEN SPADES FIVE,0.4228,0.0098,0.5674
SPADES KING SPADES FIVE,0.4312,0.007,0.5618
SPADES ACE SPADES FIVE,0.4216,0.0036,0.5748
SPADES NINE HEARTS QUEEN,0.4194,0.011,0.5696
SPADES NINE HEARTS KING,0.4284,0.0038,0.5678
SPADES NINE HEARTS ACE,0.4272,0.0032,0.5696
SPADES FIVE HEARTS QUEEN,0.4466,0.011,0.5424
SPADES FIVE HEARTS KING,0.4552,0.0062,0.5386
HEARTS ACE SPADES FIVE,0.4506,0.0036,0.5458
CLUBS EIGHT SPADES TEN,0.7078,0.0544,0.2378
SPADES JACK HEARTS THREE,0.6452,0.1226,0.2322
SPADES JACK DIAMONDS KING,0.2438,0.0266,0.7296
SPADES TEN DIAMONDS KING,0.2714,0.028,0.7006
SPADES TEN HEARTS THREE,0.716,0.0586,0.2254
SPADES JACK CLUBS EIGHT,0.6546,0.12,0.2254
CLUBS SIX HEARTS ACE,0.4502,0.0044,0.5454
SPADES ACE CLUBS EIGHT,0.4374,0.004,0.5586
HEARTS FIVE CLUBS JACK,0.6464,0.1198,0.2338
CLUBS SIX HEARTS QUEEN,0.453,0.012,0.535
SPADES QUEEN CLUBS EIGHT,0.4314,0.0094,0.5592
CLUBS SIX HEARTS KING,0.4624,0.007,0.5306
SPADES KING CLUBS EIGHT,0.4362,0.0052,0.5586
CLUBS JACK SPADES THREE,0.651,0.1246,0.2244
DIAMONDS TWO HEARTS JACK,0.6616,0.116,0.2224
SPADES THREE CLUBS QUEEN,0.4424,0.009,0.5486
DIAMONDS TWO HEARTS TEN,0.736,0.0532,0.2108
SPADES THREE CLUBS KING,0.4452,0.008,0.5468
HEARTS FIVE CLUBS ACE,0.4448,0.003,0.5522
SPADES FIVE HEARTS TEN,0.7112,0.0544,0.2344
SPADES THREE CLUBS ACE,0.443,0.004,0.553
HEARTS FIVE CLUBS KING,0.441,0.0058,0.5532
SPADES FIVE HEARTS JACK,0.6446,0.118,0.2374
HEARTS FIVE CLUBS QUEEN,0.4466,0.0088,0.5446
HEARTS THREE CLUBS KING,0.4476,0.0072,0.5452
DIAMONDS KING CLUBS KING,0.1624,0.0066,0.831
HEARTS THREE CLUBS QUEEN,0.4572,0.011,0.5318
DIAMONDS KING CLUBS QUEEN,0.3496,0.0066,0.6438
HEARTS FIVE HEARTS JACK,0.6236,0.114,0.2624
HEARTS FIVE HEARTS TEN,0.6682,0.0558,0.276
HEARTS THREE CLUBS ACE,0.4478,0.0048,0.5474
DIAMONDS KING CLUBS ACE,0.3636,0.0042,0.6322
SPADES ACE CLUBS QUEEN,0.3656,0.0044,0.63
SPADES KING CLUBS QUEEN,0.3424,0.0064,0.6512
CLUBS JACK HEARTS THREE,0.6442,0.1196,0.2362
CLUBS JACK DIAMONDS KING,0.2396,0.0294,0.731
SPADES QUEEN CLUBS QUEEN,0.1556,0.0118,0.8326
SPADES JACK CLUBS QUEEN,0.2302,0.0404,0.7294
CLUBS SIX CLUBS QUEEN,0.43,0.0096,0.5604
SPADES TEN CLUBS QUEEN,0.2486,0.0382,0.7132
CLUBS SIX CLUBS KING,0.4196,0.006,0.5744
CLUBS SIX CLUBS ACE,0.443,0.0026,0.5544
HEARTS FIVE HEARTS KING,0.4238,0.0092,0.567
HEARTS FIVE HEARTS QUEEN,0.4214,0.0102,0.5684
HEARTS FIVE HEARTS ACE,0.4158,0.006,0.5782
CLUBS JACK CLUBS SIX,0.6192,0.1222,0.2586
SPADES SEVEN HEARTS JACK,0.64,0.1236,0.2364
SPADES SEVEN HEARTS TEN,0.7056,0.0512,0.2432
DIAMONDS TWO CLUBS TWO,0.5016,0.0272,0.4712
DIAMONDS TWO CLUBS THREE,0.6714,0.0186,0.31
DIAMONDS TWO HEARTS SIX,0.6706,0.0148,0.3146
DIAMONDS TWO HEARTS QUEEN,0.454,0.0094,0.5366
HEARTS SEVEN DIAMONDS TWO,0.679,0.0162,0.3048
DIAMONDS TWO HEARTS KING,0.4574,0.0074,0.5352
DIAMONDS TWO HEARTS EIGHT,0.6894,0.0152,0.2954
DIAMONDS TWO HEARTS ACE,0.445,0.0046,0.5504
DIAMONDS TWO HEARTS NINE,0.6786,0.0154,0.306
DIAMONDS TWO DIAMONDS QUEEN,0.4368,0.0104,0.5528
DIAMONDS TWO HEARTS TWO,0.4914,0.0252,0.4834
DIAMONDS TWO DIAMONDS KING,0.441,0.0062,0.5528
DIAMONDS TWO HEARTS THREE,0.6642,0.0154,0.3204
DIAMONDS TWO DIAMONDS ACE,0.431,0.0048,0.5642
HEARTS FOUR DIAMONDS TWO,0.6562,0.0176,0.3262
HEARTS FIVE DIAMONDS TWO,0.6428,0.0162,0.341
SPADES SEVEN HEARTS ACE,0.4432,0.003,0.5538
DIAMONDS TWO DIAMONDS TEN,0.6934,0.056,0.2506
SPADES SEVEN HEARTS KING,0.4552,0.0054,0.5394
SPADES SEVEN HEARTS QUEEN,0.4428,0.0072,0.55
DIAMONDS TWO SPADES NINE,0.684,0.0162,0.2998
DIAMONDS TWO SPADES EIGHT,0.6902,0.0114,0.2984
DIAMONDS TWO SPADES SEVEN,0.6874,0.0138,0.2988
DIAMONDS TWO SPADES SIX,0.6698,0.0136,0.3166
DIAMONDS TWO SPADES FIVE,0.655,0.0184,0.3266
DIAMONDS TWO SPADES FOUR,0.6482,0.0168,0.335
DIAMONDS TWO SPADES THREE,0.657,0.0162,0.3268
DIAMONDS TWO SPADES TWO,0.4768,0.026,0.4972
CLUBS NINE DIAMONDS TWO,0.703,0.0142,0.2828
DIAMONDS TWO CLUBS EIGHT,0.6976,0.0132,0.2892
CLUBS SEVEN DIAMONDS TWO,0.6868,0.0156,0.2976
DIAMONDS TWO CLUBS SIX,0.6684,0.015,0.3166
DIAMONDS TWO CLUBS FIVE,0.6568,0.0166,0.3266
DIAMONDS TWO CLUBS FOUR,0.6632,0.0162,0.3206
CLUBS FOUR SPADES FIVE,0.61,0.0164,0.3736
CLUBS FOUR SPADES FOUR,0.4936,0.0274,0.479
CLUBS FOUR SPADES THREE,0.6502,0.017,0.3328
CLUBS FOUR SPADES TWO,0.6582,0.0126,0.3292
SPADES NINE CLUBS FOUR,0.6764,0.014,0.3096
SPADES EIGHT CLUBS FOUR,0.6832,0.0146,0.3022
SPADES SEVEN CLUBS FOUR,0.6498,0.014,0.3362
CLUBS FOUR SPADES SIX,0.647,0.0144,0.3386
SPADES ACE DIAMONDS SIX,0.4574,0.0036,0.539
SPADES QUEEN DIAMONDS SIX,0.452,0.0094,0.5386
SPADES KING DIAMONDS SIX,0.4516,0.0066,0.5418
SPADES TEN DIAMONDS SIX,0.7254,0.0546,0.22
SPADES JACK DIAMONDS SIX,0.6666,0.1144,0.219
SPADES QUEEN SPADES TWO,0.429,0.0116,0.5594
SPADES KING SPADES TWO,0.4278,0.0066,0.5656
SPADES ACE SPADES TWO,0.4212,0.0044,0.5744
DIAMONDS THREE DIAMONDS TEN,0.6864,0.057,0.2566
DIAMONDS THREE DIAMONDS KING,0.4302,0.0108,0.559
DIAMONDS THREE HEARTS THREE,0.47,0.0288,0.5012
DIAMONDS THREE DIAMONDS QUEEN,0.4418,0.0114,0.5468
DIAMONDS THREE HEARTS TWO,0.6556,0.0174,0.327
HEARTS FIVE DIAMONDS THREE,0.65,0.0158,0.3342
DIAMONDS THREE DIAMONDS ACE,0.4124,0.0062,0.5814
HEARTS FOUR DIAMONDS THREE,0.6296,0.0158,0.3546
HEARTS SEVEN DIAMONDS THREE,0.662,0.0178,0.3202
SPADES TEN SPADES NINE,0.6632,0.0532,0.2836
HEARTS SIX DIAMONDS THREE,0.6636,0.0138,0.3226
SPADES JACK SPADES NINE,0.6178,0.1094,0.2728
DIAMONDS THREE HEARTS NINE,0.6878,0.0144,0.2978
HEARTS JACK DIAMONDS FOUR,0.6444,0.1278,0.2278
HEARTS ACE HEARTS KING,0.3482,0.003,0.6488
SPADES TEN SPADES TWO,0.6756,0.0608,0.2636
DIAMONDS THREE HEARTS EIGHT,0.6736,0.0156,0.3108
HEARTS TEN DIAMONDS FOUR,0.7136,0.0536,0.2328
SPADES JACK SPADES TWO,0.6208,0.116,0.2632
HEARTS QUEEN DIAMONDS FOUR,0.4468,0.0104,0.5428
HEARTS KING DIAMONDS FOUR,0.4552,0.007,0.5378
SPADES ACE SPADES NINE,0.4134,0.004,0.5826
HEARTS ACE DIAMONDS FOUR,0.4468,0.0042,0.549
SPADES KING SPADES NINE,0.4024,0.0038,0.5938
SPADES QUEEN SPADES NINE,0.3946,0.0092,0.5962
DIAMONDS THREE SPADES NINE,0.6904,0.0148,0.2948
DIAMONDS THREE SPADES EIGHT,0.6838,0.0122,0.304
DIAMONDS THREE SPADES SEVEN,0.6756,0.0166,0.3078
DIAMONDS THREE SPADES SIX,0.6594,0.015,0.3256
DIAMONDS THREE CLUBS SIX,0.659,0.0152,0.3258
CLUBS FIVE CLUBS SIX,0.6182,0.014,0.3678
CLUBS ACE DIAMONDS FOUR,0.4426,0.0064,0.551
CLUBS SEVEN DIAMONDS THREE,0.6652,0.016,0.3188
CLUBS SEVEN CLUBS FIVE,0.6112,0.015,0.3738
DIAMONDS THREE CLUBS FOUR,0.6494,0.0204,0.3302
DIAMONDS FOUR CLUBS QUEEN,0.4604,0.0112,0.5284
DIAMONDS THREE CLUBS FIVE,0.6458,0.0144,0.3398
DIAMONDS FOUR CLUBS KING,0.459,0.01,0.531
DIAMONDS THREE CLUBS TWO,0.6632,0.0154,0.3214
DIAMONDS THREE CLUBS THREE,0.4752,0.0322,0.4926
CLUBS JACK DIAMONDS FOUR,0.6554,0.1222,0.2224
DIAMONDS THREE SPADES FOUR,0.6246,0.0158,0.3596
DIAMONDS THREE SPADES FIVE,0.6384,0.0174,0.3442
DIAMONDS THREE SPADES TWO,0.6544,0.016,0.3296
DIAMONDS THREE SPADES THREE,0.4914,0.0316,0.477
CLUBS EIGHT DIAMONDS THREE,0.6862,0.0144,0.2994
CLUBS NINE DIAMONDS THREE,0.6922,0.0148,0.293
SPADES SEVEN CLUBS ACE,0.4476,0.0038,0.5486
SPADES SEVEN CLUBS QUEEN,0.4374,0.0086,0.554
SPADES SEVEN CLUBS KING,0.4284,0.0072,0.5644
CLUBS FIVE SPADES SEVEN,0.6476,0.013,0.3394
CLUBS FIVE SPADES SIX,0.6526,0.016,0.3314
CLUBS JACK SPADES SEVEN,0.6458,0.1258,0.2284
CLUBS FIVE SPADES NINE,0.677,0.0124,0.3106
CLUBS FIVE SPADES EIGHT,0.6672,0.0148,0.318
CLUBS FIVE SPADES THREE,0.6412,0.0154,0.3434
CLUBS FIVE SPADES TWO,0.6592,0.0172,0.3236
CLUBS FIVE SPADES FIVE,0.4644,0.0286,0.507
CLUBS FIVE SPADES FOUR,0.6264,0.0154,0.3582
CLUBS NINE CLUBS FIVE,0.6454,0.0138,0.3408
CLUBS EIGHT CLUBS FIVE,0.6302,0.014,0.3558
CLUBS ACE CLUBS QUEEN,0.3442,0.007,0.6488
CLUBS KING CLUBS QUEEN,0.3384,0.006,0.6556
DIAMONDS TEN DIAMONDS FOUR,0.6842,0.0538,0.262
CLUBS JACK DIAMONDS NINE,0.6448,0.127,0.2282
CLUBS JACK SPADES NINE,0.6422,0.114,0.2438
DIAMONDS ACE DIAMONDS FOUR,0.4318,0.0062,0.562
HEARTS FOUR DIAMONDS FOUR,0.4798,0.0234,0.4968
SPADES NINE CLUBS KING,0.4202,0.009,0.5708
DIAMONDS TWO SPADES TEN,0.7398,0.0542,0.206
DIAMONDS NINE CLUBS ACE,0.4286,0.0062,0.5652
HEARTS FIVE DIAMONDS FOUR,0.6246,0.0164,0.359
SPADES NINE CLUBS QUEEN,0.4216,0.0082,0.5702
DIAMONDS TWO SPADES JACK,0.6692,0.1188,0.212
DIAMONDS QUEEN DIAMONDS FOUR,0.4388,0.0082,0.553
HEARTS TWO DIAMONDS FOUR,0.6414,0.0166,0.342
DIAMONDS NINE CLUBS QUEEN,0.4146,0.0124,0.573
DIAMONDS KING DIAMONDS FOUR,0.447,0.0048,0.5482
HEARTS THREE DIAMONDS FOUR,0.627,0.0156,0.3574
SPADES NINE CLUBS ACE,0.4366,0.0058,0.5576
DIAMONDS NINE CLUBS KING,0.4348,0.0092,0.556
SPADES ACE DIAMONDS TWO,0.4518,0.0034,0.5448
SPADES QUEEN DIAMONDS TWO,0.4664,0.0112,0.5224
SPADES KING DIAMONDS TWO,0.4468,0.0082,0.545
SPADES JACK SPADES SEVEN,0.6054,0.119,0.2756
SPADES TEN SPADES SEVEN,0.6694,0.052,0.2786
CLUBS SEVEN CLUBS THREE,0.6374,0.0174,0.3452
CLUBS SIX CLUBS THREE,0.6218,0.0148,0.3634
CLUBS FIVE CLUBS THREE,0.5992,0.0174,0.3834
CLUBS THREE CLUBS FOUR,0.6038,0.0168,0.3794
CLUBS NINE CLUBS THREE,0.6738,0.0138,0.3124
CLUBS EIGHT CLUBS THREE,0.6548,0.013,0.3322
CLUBS THREE SPADES FIVE,0.6332,0.0152,0.3516
CLUBS THREE SPADES FOUR,0.6408,0.0144,0.3448
CLUBS THREE SPADES THREE,0.4812,0.0294,0.4894
CLUBS THREE SPADES TWO,0.6684,0.016,0.3156
CLUBS THREE SPADES SIX,0.6626,0.0116,0.3258
CLUBS THREE SPADES SEVEN,0.6742,0.0162,0.3096
SPADES EIGHT CLUBS THREE,0.6822,0.0132,0.3046
SPADES NINE CLUBS THREE,0.6818,0.015,0.3032
SPADES TWO DIAMONDS FOUR,0.654,0.0174,0.3286
SPADES THREE DIAMONDS FOUR,0.6424,0.0134,0.3442
SPADES FOUR DIAMONDS FOUR,0.4858,0.0276,0.4866
SPADES FIVE DIAMONDS FOUR,0.6258,0.0136,0.3606
SPADES SIX DIAMONDS FOUR,0.6394,0.0168,0.3438
SPADES SEVEN DIAMONDS FOUR,0.6586,0.0166,0.3248
SPADES EIGHT DIAMONDS FOUR,0.6742,0.0164,0.3094
SPADES NINE DIAMONDS FOUR,0.6804,0.017,0.3026
CLUBS FIVE DIAMONDS FOUR,0.637,0.0166,0.3464
CLUBS FOUR DIAMONDS FOUR,0.4774,0.0282,0.4944
CLUBS SEVEN DIAMONDS FOUR,0.653,0.0186,0.3284
CLUBS SIX DIAMONDS FOUR,0.647,0.0118,0.3412
CLUBS NINE DIAMONDS FOUR,0.7016,0.0178,0.2806
CLUBS EIGHT DIAMONDS FOUR,0.6646,0.0148,0.3206
HEARTS SEVEN DIAMONDS FOUR,0.6612,0.013,0.3258
HEARTS SIX DIAMONDS FOUR,0.636,0.0144,0.3496
DIAMONDS FOUR HEARTS NINE,0.6862,0.0168,0.297
DIAMONDS FOUR HEARTS EIGHT,0.6708,0.0152,0.314
CLUBS THREE DIAMONDS FOUR,0.636,0.0152,0.3488
CLUBS TWO DIAMONDS FOUR,0.6682,0.017,0.3148
DIAMONDS TEN DIAMONDS FIVE,0.685,0.058,0.257
DIAMONDS NINE HEARTS QUEEN,0.419,0.0088,0.5722
DIAMONDS NINE HEARTS KING,0.4352,0.0064,0.5584
HEARTS ACE DIAMONDS NINE,0.4234,0.0042,0.5724
DIAMONDS NINE HEARTS TEN,0.7098,0.0514,0.2388
DIAMONDS NINE HEARTS JACK,0.657,0.124,0.219
CLUBS KING DIAMONDS SIX,0.4414,0.0082,0.5504
CLUBS QUEEN DIAMONDS SIX,0.448,0.0092,0.5428
CLUBS ACE DIAMONDS SIX,0.4402,0.0052,0.5546
SPADES KING DIAMONDS FOUR,0.4518,0.0072,0.541
SPADES ACE SPADES SEVEN,0.4096,0.0038,0.5866
SPADES QUEEN DIAMONDS FOUR,0.4632,0.0104,0.5264
SPADES QUEEN SPADES SEVEN,0.4184,0.011,0.5706
CLUBS JACK DIAMONDS SIX,0.6478,0.1254,0.2268
SPADES KING SPADES SEVEN,0.4098,0.0052,0.585
SPADES ACE DIAMONDS FOUR,0.4352,0.0038,0.561
CLUBS NINE CLUBS FOUR,0.6482,0.0162,0.3356
CLUBS EIGHT CLUBS FOUR,0.6504,0.0134,0.3362
SPADES JACK DIAMONDS FOUR,0.6506,0.1186,0.2308
SPADES TEN DIAMONDS FOUR,0.7214,0.0568,0.2218
CLUBS FIVE CLUBS FOUR,0.5944,0.0152,0.3904
CLUBS SEVEN CLUBS FOUR,0.6236,0.0134,0.363
CLUBS SIX CLUBS FOUR,0.619,0.0186,0.3624
CLUBS SEVEN SPADES EIGHT,0.6384,0.015,0.3466
CLUBS SEVEN SPADES NINE,0.6604,0.0168,0.3228
CLUBS SEVEN SPADES SIX,0.6404,0.0168,0.3428
CLUBS SEVEN SPADES SEVEN,0.4458,0.026,0.5282
CLUBS SEVEN SPADES FIVE,0.643,0.0146,0.3424
CLUBS SEVEN SPADES FOUR,0.6526,0.0144,0.333
CLUBS SEVEN SPADES THREE,0.6722,0.0138,0.314
CLUBS SEVEN SPADES TWO,0.6872,0.0156,0.2972
CLUBS NINE CLUBS SEVEN,0.6338,0.015,0.3512
CLUBS SEVEN CLUBS EIGHT,0.6048,0.0158,0.3794
HEARTS SIX DIAMONDS FIVE,0.6462,0.0128,0.341
HEARTS SEVEN DIAMONDS FIVE,0.65,0.0152,0.3348
DIAMONDS FIVE HEARTS EIGHT,0.664,0.0154,0.3206
DIAMONDS FIVE HEARTS NINE,0.6768,0.013,0.3102
DIAMONDS QUEEN DIAMONDS FIVE,0.4252,0.01,0.5648
HEARTS TWO DIAMONDS FIVE,0.6568,0.0164,0.3268
HEARTS KING HEARTS EIGHT,0.4118,0.0076,0.5806
DIAMONDS KING DIAMONDS FIVE,0.433,0.0058,0.5612
HEARTS THREE DIAMONDS FIVE,0.6354,0.017,0.3476
HEARTS QUEEN HEARTS EIGHT,0.4052,0.0096,0.5852
DIAMONDS ACE DIAMONDS FIVE,0.428,0.0036,0.5684
HEARTS FOUR DIAMONDS FIVE,0.6272,0.0178,0.355
HEARTS FIVE DIAMONDS FIVE,0.4792,0.02,0.5008
HEARTS ACE HEARTS EIGHT,0.4142,0.0036,0.5822
CLUBS FOUR DIAMONDS FIVE,0.6248,0.0142,0.361
CLUBS FIVE DIAMONDS FIVE,0.4972,0.0286,0.4742
CLUBS SIX DIAMONDS FIVE,0.6378,0.0158,0.3464
CLUBS SEVEN DIAMONDS FIVE,0.6422,0.0136,0.3442
CLUBS TWO DIAMONDS FIVE,0.6508,0.0148,0.3344
CLUBS THREE DIAMONDS FIVE,0.6506,0.0154,0.334
SPADES THREE DIAMONDS FIVE,0.6212,0.0144,0.3644
SPADES TWO DIAMONDS FIVE,0.6476,0.0148,0.3376
SPADES JACK DIAMONDS EIGHT,0.6538,0.1222,0.224
SPADES FIVE DIAMONDS FIVE,0.4852,0.0254,0.4894
SPADES TEN DIAMONDS EIGHT,0.7126,0.0566,0.2308
SPADES FOUR DIAMONDS FIVE,0.626,0.0132,0.3608
CLUBS JACK HEARTS JACK,0.1388,0.0376,0.8236
HEARTS JACK CLUBS QUEEN,0.234,0.0348,0.7312
CLUBS NINE DIAMONDS FIVE,0.6882,0.0136,0.2982
HEARTS JACK CLUBS KING,0.2534,0.0298,0.7168
CLUBS EIGHT DIAMONDS FIVE,0.6778,0.0124,0.3098
CLUBS ACE HEARTS JACK,0.2716,0.0196,0.7088
SPADES SEVEN DIAMONDS FIVE,0.6408,0.0168,0.3424
SPADES KING DIAMONDS EIGHT,0.4346,0.0064,0.559
SPADES QUEEN DIAMONDS EIGHT,0.4468,0.0102,0.543
SPADES SIX DIAMONDS FIVE,0.6468,0.015,0.3382
SPADES NINE DIAMONDS FIVE,0.6726,0.0158,0.3116
SPADES EIGHT DIAMONDS FIVE,0.6624,0.0144,0.3232
SPADES ACE DIAMONDS EIGHT,0.452,0.0022,0.5458
DIAMONDS TEN DIAMONDS SIX,0.6954,0.0568,0.2478
HEARTS ACE DIAMONDS SEVEN,0.4474,0.0042,0.5484
HEARTS QUEEN DIAMONDS SEVEN,0.4432,0.0096,0.5472
HEARTS KING DIAMONDS SEVEN,0.4528,0.0084,0.5388
DIAMONDS ACE DIAMONDS SIX,0.4414,0.0034,0.5552
HEARTS FOUR DIAMONDS SIX,0.6402,0.0164,0.3434
SPADES TWO HEARTS JACK,0.6492,0.123,0.2278
HEARTS FIVE DIAMONDS SIX,0.633,0.0132,0.3538
SPADES TWO HEARTS TEN,0.7218,0.0544,0.2238
DIAMONDS QUEEN DIAMONDS SIX,0.4282,0.0094,0.5624
HEARTS TWO DIAMONDS SIX,0.648,0.0154,0.3366
DIAMONDS KING DIAMONDS SIX,0.4322,0.0066,0.5612
HEARTS THREE DIAMONDS SIX,0.6494,0.0152,0.3354
HEARTS EIGHT DIAMONDS SIX,0.648,0.0136,0.3384
HEARTS NINE DIAMONDS SIX,0.6586,0.0168,0.3246
HEARTS SIX DIAMONDS SIX,0.4946,0.0224,0.483
HEARTS SEVEN DIAMONDS SIX,0.6424,0.016,0.3416
HEARTS TEN DIAMONDS SEVEN,0.7148,0.0552,0.23
CLUBS TWO DIAMONDS SIX,0.6682,0.011,0.3208
HEARTS JACK DIAMONDS SEVEN,0.6524,0.1218,0.2258
CLUBS THREE DIAMONDS SIX,0.6696,0.0142,0.3162
CLUBS SEVEN DIAMONDS SIX,0.653,0.0144,0.3326
CLUBS JACK DIAMONDS EIGHT,0.6542,0.1224,0.2234
CLUBS SIX DIAMONDS SIX,0.4944,0.0248,0.4808
CLUBS FIVE DIAMONDS SIX,0.6548,0.014,0.3312
CLUBS FOUR DIAMONDS SIX,0.6482,0.0172,0.3346
HEARTS ACE HEARTS JACK,0.2612,0.0196,0.7192
DIAMONDS EIGHT CLUBS ACE,0.4412,0.0046,0.5542
HEARTS QUEEN HEARTS JACK,0.2422,0.0358,0.722
DIAMONDS EIGHT CLUBS KING,0.4384,0.008,0.5536
CLUBS NINE DIAMONDS SIX,0.6712,0.0136,0.3152
HEARTS KING HEARTS JACK,0.2532,0.0224,0.7244
DIAMONDS EIGHT CLUBS QUEEN,0.4218,0.009,0.5692
CLUBS EIGHT DIAMONDS SIX,0.6632,0.0158,0.321
SPADES TEN HEARTS KING,0.2704,0.0274,0.7022
SPADES FIVE DIAMONDS SIX,0.6438,0.0142,0.342
HEARTS ACE SPADES TWO,0.438,0.0028,0.5592
SPADES JACK HEARTS KING,0.2666,0.0306,0.7028
SPADES FOUR DIAMONDS SIX,0.642,0.0172,0.3408
SPADES THREE DIAMONDS SIX,0.6504,0.0172,0.3324
HEARTS QUEEN SPADES TWO,0.4504,0.0082,0.5414
SPADES ACE SPADES KING,0.3338,0.0044,0.6618
HEARTS KING SPADES TWO,0.4534,0.0086,0.538
SPADES TWO DIAMONDS SIX,0.6666,0.0182,0.3152
HEARTS TEN HEARTS EIGHT,0.6556,0.0522,0.2922
SPADES NINE DIAMONDS SIX,0.6636,0.0148,0.3216
HEARTS JACK HEARTS EIGHT,0.6184,0.1184,0.2632
SPADES EIGHT DIAMONDS SIX,0.6508,0.0124,0.3368
SPADES SEVEN DIAMONDS SIX,0.6352,0.0152,0.3496
SPADES SIX DIAMONDS SIX,0.4738,0.0262,0.5
SPADES KING HEARTS KING,0.176,0.0062,0.8178
SPADES QUEEN HEARTS KING,0.3626,0.0074,0.63
CLUBS ACE CLUBS KING,0.3688,0.0046,0.6266
SPADES ACE HEARTS KING,0.3762,0.0054,0.6184
SPADES ACE HEARTS JACK,0.289,0.0156,0.6954
SPADES QUEEN HEARTS JACK,0.2486,0.0356,0.7158
SPADES KING HEARTS JACK,0.259,0.0272,0.7138
SPADES TEN DIAMONDS TEN,0.3422,0.0294,0.6284
SPADES JACK DIAMONDS TEN,0.0184,0.97,0.0116
SPADES ACE DIAMONDS TEN,0.281,0.0148,0.7042
SPADES JACK HEARTS JACK,0.1562,0.0314,0.8124
SPADES TEN HEARTS JACK,0.0186,0.9632,0.0182
SPADES QUEEN DIAMONDS TEN,0.2562,0.0342,0.7096
SPADES KING DIAMONDS TEN,0.272,0.0286,0.6994
SPADES NINE DIAMONDS SEVEN,0.6544,0.0142,0.3314
SPADES EIGHT DIAMONDS SEVEN,0.6258,0.0118,0.3624
SPADES SEVEN DIAMONDS SEVEN,0.4714,0.0224,0.5062
SPADES SIX DIAMONDS SEVEN,0.6346,0.0162,0.3492
DIAMONDS KING DIAMONDS SEVEN,0.4234,0.0062,0.5704
HEARTS THREE DIAMONDS SEVEN,0.6688,0.0134,0.3178
HEARTS KING DIAMONDS FIVE,0.4604,0.0068,0.5328
DIAMONDS QUEEN DIAMONDS SEVEN,0.4184,0.0102,0.5714
HEARTS TWO DIAMONDS SEVEN,0.6912,0.0158,0.293
HEARTS QUEEN DIAMONDS FIVE,0.4564,0.0094,0.5342
HEARTS FIVE DIAMONDS SEVEN,0.6434,0.0118,0.3448
DIAMONDS ACE DIAMONDS SEVEN,0.4212,0.005,0.5738
HEARTS FOUR DIAMONDS SEVEN,0.6424,0.0152,0.3424
HEARTS ACE DIAMONDS FIVE,0.4436,0.0056,0.5508
HEARTS SEVEN DIAMONDS SEVEN,0.4672,0.0232,0.5096
HEARTS SIX DIAMONDS SEVEN,0.6474,0.0136,0.339
DIAMONDS SEVEN HEARTS NINE,0.6596,0.0138,0.3266
HEARTS EIGHT DIAMONDS SEVEN,0.6372,0.0144,0.3484
DIAMONDS FIVE HEARTS JACK,0.657,0.1132,0.2298
DIAMONDS TEN DIAMONDS SEVEN,0.6874,0.0554,0.2572
HEARTS TEN DIAMONDS FIVE,0.7158,0.052,0.2322
SPADES KING CLUBS TWO,0.446,0.008,0.546
HEARTS KING CLUBS KING,0.1628,0.0056,0.8316
CLUBS EIGHT DIAMONDS SEVEN,0.6536,0.0148,0.3316
SPADES QUEEN CLUBS TWO,0.4666,0.0078,0.5256
HEARTS KING CLUBS QUEEN,0.3552,0.0076,0.6372
CLUBS NINE DIAMONDS SEVEN,0.6736,0.0144,0.312
CLUBS JACK SPADES TWO,0.6524,0.1244,0.2232
SPADES ACE CLUBS TWO,0.4494,0.0044,0.5462
HEARTS KING CLUBS ACE,0.3672,0.0052,0.6276
CLUBS SEVEN CLUBS SIX,0.6008,0.0144,0.3848
SPADES TWO CLUBS KING,0.4464,0.0086,0.545
SPADES TWO DIAMONDS SEVEN,0.6842,0.0148,0.301
CLUBS EIGHT CLUBS SIX,0.608,0.016,0.376
SPADES THREE DIAMONDS SEVEN,0.6676,0.0142,0.3182
SPADES TWO CLUBS QUEEN,0.4464,0.01,0.5436
CLUBS NINE CLUBS SIX,0.642,0.0142,0.3438
SPADES FOUR DIAMONDS SEVEN,0.65,0.0148,0.3352
CLUBS JACK HEARTS KING,0.2596,0.0284,0.712
SPADES FIVE DIAMONDS SEVEN,0.639,0.0162,0.3448
SPADES TWO CLUBS ACE,0.4542,0.0034,0.5424
CLUBS SIX SPADES TWO,0.6688,0.015,0.3162
CLUBS SIX SPADES THREE,0.6616,0.016,0.3224
CLUBS TWO DIAMONDS SEVEN,0.6836,0.0178,0.2986
CLUBS SIX SPADES FOUR,0.6502,0.0132,0.3366
CLUBS THREE DIAMONDS SEVEN,0.676,0.016,0.308
CLUBS SIX SPADES FIVE,0.6412,0.0146,0.3442
CLUBS FOUR DIAMONDS SEVEN,0.6642,0.0142,0.3216
CLUBS SIX SPADES SIX,0.478,0.024,0.498
CLUBS FIVE DIAMONDS SEVEN,0.6504,0.0136,0.336
CLUBS SIX SPADES SEVEN,0.6432,0.0138,0.343
CLUBS SIX DIAMONDS SEVEN,0.6358,0.0174,0.3468
CLUBS SIX SPADES EIGHT,0.6584,0.0134,0.3282
SPADES JACK CLUBS TWO,0.6608,0.1158,0.2234
CLUBS SEVEN DIAMONDS SEVEN,0.4656,0.0224,0.512
SPADES NINE CLUBS SIX,0.668,0.0166,0.3154
SPADES TEN CLUBS TWO,0.7282,0.0546,0.2172
CLUBS TWO CLUBS QUEEN,0.4328,0.0082,0.559
CLUBS TWO CLUBS KING,0.4404,0.0072,0.5524
CLUBS THREE DIAMONDS EIGHT,0.69,0.0174,0.2926
CLUBS TWO CLUBS ACE,0.4218,0.0036,0.5746
CLUBS TWO DIAMONDS EIGHT,0.6938,0.0172,0.289
HEARTS SEVEN DIAMONDS EIGHT,0.6384,0.0152,0.3464
HEARTS SIX DIAMONDS EIGHT,0.6592,0.0146,0.3262
DIAMONDS EIGHT HEARTS NINE,0.65,0.0132,0.3368
DIAMONDS EIGHT HEARTS EIGHT,0.4534,0.0196,0.527
CLUBS JACK CLUBS TWO,0.627,0.1192,0.2538
CLUBS NINE DIAMONDS EIGHT,0.6576,0.0146,0.3278
CLUBS EIGHT DIAMONDS EIGHT,0.4664,0.0206,0.513
CLUBS FIVE DIAMONDS EIGHT,0.6638,0.0148,0.3214
SPADES ACE SPADES THREE,0.4076,0.0062,0.5862
CLUBS FOUR DIAMONDS EIGHT,0.6822,0.016,0.3018
CLUBS SEVEN DIAMONDS EIGHT,0.6492,0.0138,0.337
SPADES QUEEN SPADES THREE,0.431,0.0104,0.5586
CLUBS SIX DIAMONDS EIGHT,0.6538,0.0134,0.3328
SPADES KING SPADES THREE,0.4304,0.0082,0.5614
DIAMONDS EIGHT DIAMONDS QUEEN,0.412,0.0106,0.5774
HEARTS TWO DIAMONDS EIGHT,0.683,0.0144,0.3026
DIAMONDS KING DIAMONDS EIGHT,0.4252,0.0092,0.5656
HEARTS THREE DIAMONDS EIGHT,0.687,0.0152,0.2978
DIAMONDS ACE DIAMONDS EIGHT,0.4092,0.0038,0.587
HEARTS FOUR DIAMONDS EIGHT,0.6562,0.017,0.3268
HEARTS FIVE DIAMONDS EIGHT,0.6664,0.0118,0.3218
DIAMONDS EIGHT DIAMONDS TEN,0.677,0.0472,0.2758
SPADES JACK SPADES THREE,0.6224,0.113,0.2646
SPADES TEN SPADES THREE,0.674,0.0532,0.2728
CLUBS FOUR HEARTS ACE,0.4486,0.0056,0.5458
CLUBS FOUR HEARTS QUEEN,0.4518,0.0074,0.5408
CLUBS FOUR HEARTS KING,0.4566,0.0062,0.5372
CLUBS SIX HEARTS TEN,0.7198,0.0618,0.2184
CLUBS SIX HEARTS JACK,0.655,0.122,0.223
DIAMONDS EIGHT SPADES FOUR,0.6652,0.0158,0.319
SPADES FIVE DIAMONDS EIGHT,0.6576,0.0118,0.3306
DIAMONDS EIGHT SPADES TWO,0.6892,0.0156,0.2952
DIAMONDS EIGHT SPADES THREE,0.6808,0.015,0.3042
CLUBS FOUR HEARTS JACK,0.6634,0.1244,0.2122
SPADES EIGHT DIAMONDS EIGHT,0.4438,0.0194,0.5368
SPADES TEN DIAMONDS QUEEN,0.2598,0.0384,0.7018
SPADES TEN HEARTS TWO,0.7248,0.053,0.2222
SPADES JACK HEARTS EIGHT,0.6466,0.1222,0.2312
CLUBS FOUR HEARTS TEN,0.7236,0.0592,0.2172
SPADES NINE DIAMONDS EIGHT,0.6464,0.018,0.3356
SPADES TEN HEARTS EIGHT,0.6936,0.0552,0.2512
SPADES JACK HEARTS TWO,0.6638,0.1144,0.2218
SPADES JACK DIAMONDS QUEEN,0.2334,0.0362,0.7304
SPADES SIX DIAMONDS EIGHT,0.6514,0.0144,0.3342
SPADES SEVEN DIAMONDS EIGHT,0.6396,0.0122,0.3482
SPADES ACE HEARTS TWO,0.4538,0.0032,0.543
SPADES ACE DIAMONDS QUEEN,0.356,0.0038,0.6402
SPADES ACE HEARTS EIGHT,0.4398,0.0026,0.5576
SPADES KING HEARTS EIGHT,0.436,0.0058,0.5582
SPADES QUEEN HEARTS TWO,0.464,0.0084,0.5276
SPADES QUEEN DIAMONDS QUEEN,0.1716,0.0088,0.8196
SPADES KING DIAMONDS QUEEN,0.3568,0.0056,0.6376
SPADES KING HEARTS TWO,0.4528,0.0076,0.5396
SPADES QUEEN HEARTS EIGHT,0.434,0.0094,0.5566
CLUBS TWO HEARTS TEN,0.7272,0.0608,0.212
CLUBS TWO HEARTS JACK,0.67,0.1196,0.2104
SPADES SEVEN DIAMONDS NINE,0.6516,0.0172,0.3312
SPADES SIX DIAMONDS NINE,0.6798,0.0128,0.3074
SPADES NINE DIAMONDS NINE,0.4432,0.0254,0.5314
SPADES EIGHT DIAMONDS NINE,0.6554,0.0116,0.333
SPADES TEN CLUBS KING,0.2694,0.0288,0.7018
DIAMONDS NINE SPADES THREE,0.6834,0.0152,0.3014
SPADES JACK CLUBS KING,0.2434,0.03,0.7266
DIAMONDS NINE SPADES TWO,0.7004,0.0174,0.2822
DIAMONDS NINE SPADES FIVE,0.6694,0.0146,0.316
DIAMONDS NINE SPADES FOUR,0.6864,0.0144,0.2992
CLUBS NINE DIAMONDS NINE,0.4374,0.023,0.5396
CLUBS EIGHT DIAMONDS NINE,0.6574,0.0152,0.3274
CLUBS SIX DIAMONDS NINE,0.675,0.0146,0.3104
SPADES JACK CLUBS FOUR,0.6478,0.1284,0.2238
CLUBS SEVEN DIAMONDS NINE,0.6652,0.0144,0.3204
SPADES TEN CLUBS FOUR,0.7296,0.058,0.2124
CLUBS FOUR DIAMONDS NINE,0.693,0.0178,0.2892
CLUBS FIVE DIAMONDS NINE,0.7002,0.0172,0.2826
DIAMONDS NINE CLUBS TWO,0.6982,0.0146,0.2872
CLUBS THREE DIAMONDS NINE,0.695,0.0146,0.2904
DIAMONDS NINE HEARTS EIGHT,0.65,0.0174,0.3326
DIAMONDS NINE HEARTS NINE,0.4548,0.0222,0.523
HEARTS SIX DIAMONDS NINE,0.6814,0.0152,0.3034
HEARTS SEVEN DIAMONDS NINE,0.6506,0.0122,0.3372
CLUBS NINE CLUBS EIGHT,0.6188,0.0118,0.3694
DIAMONDS ACE DIAMONDS NINE,0.423,0.0052,0.5718
HEARTS FOUR DIAMONDS NINE,0.678,0.0174,0.3046
HEARTS FIVE DIAMONDS NINE,0.6778,0.0132,0.309
HEARTS ACE CLUBS TWO,0.4506,0.004,0.5454
SPADES ACE CLUBS FOUR,0.4586,0.0048,0.5366
DIAMONDS NINE DIAMONDS QUEEN,0.3928,0.0092,0.598
HEARTS TWO DIAMONDS NINE,0.6886,0.0124,0.299
CLUBS TWO HEARTS KING,0.4536,0.007,0.5394
SPADES KING CLUBS FOUR,0.459,0.0074,0.5336
DIAMONDS KING DIAMONDS NINE,0.4086,0.0066,0.5848
HEARTS THREE DIAMONDS NINE,0.6848,0.0136,0.3016
CLUBS TWO HEARTS QUEEN,0.459,0.0092,0.5318
SPADES QUEEN CLUBS FOUR,0.4556,0.0082,0.5362
CLUBS EIGHT SPADES NINE,0.6476,0.0118,0.3406
DIAMONDS NINE DIAMONDS TEN,0.6718,0.056,0.2722
CLUBS EIGHT SPADES EIGHT,0.4618,0.02,0.5182
CLUBS EIGHT SPADES SEVEN,0.6338,0.013,0.3532
CLUBS EIGHT SPADES SIX,0.6446,0.0174,0.338
CLUBS EIGHT SPADES FIVE,0.649,0.016,0.335
CLUBS EIGHT SPADES FOUR,0.6628,0.014,0.3232
CLUBS EIGHT SPADES THREE,0.6802,0.0166,0.3032
CLUBS EIGHT SPADES TWO,0.6832,0.0136,0.3032
HEARTS SIX DIAMONDS TEN,0.708,0.0636,0.2284
HEARTS SEVEN DIAMONDS TEN,0.7024,0.047,0.2506
DIAMONDS TEN HEARTS EIGHT,0.7286,0.0484,0.223
CLUBS JACK CLUBS FOUR,0.6144,0.1154,0.2702
DIAMONDS TEN HEARTS NINE,0.7034,0.058,0.2386
CLUBS FOUR CLUBS KING,0.4266,0.0056,0.5678
CLUBS FOUR CLUBS QUEEN,0.4344,0.0106,0.555
CLUBS TWO DIAMONDS TEN,0.7294,0.0562,0.2144
CLUBS THREE DIAMONDS TEN,0.734,0.0548,0.2112
CLUBS FOUR CLUBS ACE,0.4236,0.0042,0.5722
DIAMONDS QUEEN DIAMONDS TEN,0.2558,0.0382,0.706
HEARTS TWO DIAMONDS TEN,0.7264,0.064,0.2096
DIAMONDS KING DIAMONDS TEN,0.2564,0.0318,0.7118
HEARTS THREE DIAMONDS TEN,0.72,0.0588,0.2212
DIAMONDS ACE DIAMONDS TEN,0.2664,0.0164,0.7172
HEARTS FOUR DIAMONDS TEN,0.7086,0.0578,0.2336
CLUBS EIGHT HEARTS JACK,0.6572,0.118,0.2248
HEARTS FIVE DIAMONDS TEN,0.7096,0.0604,0.23
CLUBS EIGHT HEARTS TEN,0.7,0.0616,0.2384
CLUBS EIGHT HEARTS QUEEN,0.4192,0.011,0.5698
CLUBS EIGHT HEARTS KING,0.4514,0.0042,0.5444
CLUBS EIGHT HEARTS ACE,0.449,0.0054,0.5456
CLUBS NINE SPADES THREE,0.6812,0.015,0.3038
CLUBS NINE SPADES TWO,0.6874,0.0136,0.299
CLUBS NINE SPADES FIVE,0.6734,0.0144,0.3122
CLUBS NINE SPADES FOUR,0.7078,0.017,0.2752
CLUBS NINE SPADES SEVEN,0.6642,0.0132,0.3226
CLUBS NINE SPADES SIX,0.6668,0.0136,0.3196
CLUBS NINE SPADES NINE,0.45,0.0194,0.5306
CLUBS NINE SPADES EIGHT,0.6506,0.0158,0.3336
CLUBS JACK HEARTS EIGHT,0.6434,0.122,0.2346
HEARTS EIGHT CLUBS QUEEN,0.4302,0.0094,0.5604
CLUBS KING HEARTS EIGHT,0.4348,0.0082,0.557
CLUBS ACE HEARTS EIGHT,0.4286,0.0052,0.5662
SPADES KING CLUBS KING,0.1698,0.0052,0.825
SPADES QUEEN CLUBS KING,0.35,0.006,0.644
SPADES ACE CLUBS KING,0.3724,0.0062,0.6214
DIAMONDS ACE HEARTS TEN,0.2774,0.0184,0.7042
HEARTS FOUR HEARTS TEN,0.6712,0.0516,0.2772
DIAMONDS ACE HEARTS JACK,0.2684,0.0204,0.7112
HEARTS FOUR HEARTS JACK,0.6156,0.1114,0.273
SPADES KING CLUBS FIVE,0.4522,0.006,0.5418
SPADES QUEEN CLUBS FIVE,0.4532,0.0082,0.5386
SPADES ACE CLUBS FIVE,0.4522,0.0036,0.5442
SPADES ACE SPADES SIX,0.415,0.0042,0.5808
HEARTS ACE SPADES FOUR,0.457,0.003,0.54
SPADES QUEEN SPADES SIX,0.433,0.0086,0.5584
SPADES FOUR HEARTS QUEEN,0.446,0.0084,0.5456
SPADES KING SPADES SIX,0.4266,0.0072,0.5662
SPADES FOUR HEARTS KING,0.4494,0.0074,0.5432
SPADES TEN SPADES SIX,0.683,0.0524,0.2646
SPADES JACK SPADES SIX,0.5974,0.1144,0.2882
SPADES ACE DIAMONDS THREE,0.4478,0.005,0.5472
SPADES QUEEN DIAMONDS THREE,0.4534,0.0116,0.535
SPADES KING DIAMONDS THREE,0.4508,0.0076,0.5416
SPADES TEN CLUBS FIVE,0.7122,0.061,0.2268
SPADES JACK HEARTS SIX,0.6542,0.1136,0.2322
HEARTS SIX SPADES TEN,0.7148,0.0528,0.2324
SPADES JACK CLUBS FIVE,0.6504,0.1234,0.2262
SPADES JACK DIAMONDS THREE,0.6414,0.1304,0.2282
CLUBS SEVEN CLUBS ACE,0.4284,0.004,0.5676
DIAMONDS THREE SPADES TEN,0.7184,0.0608,0.2208
CLUBS SEVEN CLUBS QUEEN,0.4314,0.0106,0.558
CLUBS SEVEN CLUBS KING,0.4266,0.007,0.5664
DIAMONDS ACE HEARTS ACE,0.1702,0.0026,0.8272
HEARTS FOUR HEARTS ACE,0.4248,0.0032,0.572
SPADES ACE HEARTS SIX,0.454,0.0022,0.5438
CLUBS JACK CLUBS SEVEN,0.6216,0.1142,0.2642
DIAMONDS ACE HEARTS KING,0.379,0.0042,0.6168
HEARTS FOUR HEARTS KING,0.4214,0.0068,0.5718
SPADES KING HEARTS SIX,0.4574,0.0056,0.537
DIAMONDS ACE HEARTS QUEEN,0.3544,0.0034,0.6422
HEARTS FOUR HEARTS QUEEN,0.4198,0.011,0.5692
SPADES QUEEN HEARTS SIX,0.4622,0.0114,0.5264
DIAMONDS TEN SPADES TWO,0.727,0.0596,0.2134
SPADES THREE DIAMONDS TEN,0.73,0.0594,0.2106
SPADES FOUR DIAMONDS TEN,0.7144,0.0502,0.2354
SPADES FIVE DIAMONDS TEN,0.7204,0.0578,0.2218
SPADES SIX DIAMONDS TEN,0.723,0.0584,0.2186
SPADES SEVEN DIAMONDS TEN,0.699,0.0564,0.2446
SPADES EIGHT DIAMONDS TEN,0.7,0.0576,0.2424
SPADES NINE DIAMONDS TEN,0.7084,0.053,0.2386
CLUBS FOUR DIAMONDS TEN,0.724,0.0638,0.2122
CLUBS FIVE DIAMONDS TEN,0.7272,0.0562,0.2166
CLUBS SIX DIAMONDS TEN,0.7286,0.0564,0.215
CLUBS SEVEN DIAMONDS TEN,0.717,0.0552,0.2278
CLUBS EIGHT DIAMONDS TEN,0.7102,0.0562,0.2336
CLUBS NINE DIAMONDS TEN,0.7042,0.056,0.2398
CLUBS JACK DIAMONDS THREE,0.6566,0.1262,0.2172
DIAMONDS THREE CLUBS KING,0.4452,0.0084,0.5464
DIAMONDS THREE CLUBS QUEEN,0.4536,0.0106,0.5358
DIAMONDS THREE CLUBS ACE,0.4472,0.005,0.5478
SPADES FOUR HEARTS JACK,0.6484,0.1222,0.2294
SPADES FOUR HEARTS TEN,0.7124,0.0546,0.233
SPADES FIVE SPADES TWO,0.6298,0.0144,0.3558
SPADES FOUR SPADES TWO,0.6126,0.0122,0.3752
SPADES THREE SPADES TWO,0.6134,0.0146,0.372
SPADES NINE SPADES TWO,0.6374,0.0136,0.349
SPADES EIGHT SPADES TWO,0.6366,0.0158,0.3476
SPADES SEVEN SPADES TWO,0.6276,0.0142,0.3582
SPADES SIX SPADES TWO,0.6216,0.0128,0.3656
CLUBS THREE DIAMONDS QUEEN,0.4414,0.0104,0.5482
CLUBS THREE HEARTS TWO,0.6542,0.0148,0.331
CLUBS TWO DIAMONDS QUEEN,0.4528,0.0116,0.5356
HEARTS TWO CLUBS TWO,0.481,0.0286,0.4904
HEARTS SEVEN DIAMONDS QUEEN,0.4606,0.008,0.5314
HEARTS SEVEN HEARTS TWO,0.6452,0.0108,0.344
HEARTS SIX DIAMONDS QUEEN,0.4508,0.01,0.5392
HEARTS SIX HEARTS TWO,0.6194,0.0162,0.3644
DIAMONDS QUEEN HEARTS NINE,0.4032,0.0142,0.5826
HEARTS TWO HEARTS NINE,0.6568,0.0128,0.3304
DIAMONDS QUEEN HEARTS EIGHT,0.4312,0.0094,0.5594
HEARTS TWO HEARTS EIGHT,0.638,0.0148,0.3472
CLUBS NINE HEARTS TWO,0.692,0.0146,0.2934
CLUBS NINE DIAMONDS QUEEN,0.4076,0.0098,0.5826
CLUBS EIGHT HEARTS TWO,0.69,0.0154,0.2946
CLUBS EIGHT DIAMONDS QUEEN,0.4364,0.0082,0.5554
CLUBS FIVE DIAMONDS QUEEN,0.4574,0.0094,0.5332
CLUBS FIVE HEARTS TWO,0.6496,0.0156,0.3348
SPADES EIGHT HEARTS ACE,0.4436,0.0026,0.5538
CLUBS FOUR DIAMONDS QUEEN,0.4566,0.0112,0.5322
CLUBS FOUR HEARTS TWO,0.6524,0.0128,0.3348
CLUBS SEVEN DIAMONDS QUEEN,0.437,0.009,0.554
CLUBS SEVEN HEARTS TWO,0.675,0.0154,0.3096
SPADES EIGHT HEARTS QUEEN,0.4342,0.0104,0.5554
CLUBS SIX DIAMONDS QUEEN,0.445,0.0076,0.5474
CLUBS SIX HEARTS TWO,0.672,0.019,0.309
SPADES EIGHT HEARTS KING,0.441,0.0062,0.5528
HEARTS TWO SPADES SIX,0.6648,0.0156,0.3196
SPADES SIX DIAMONDS QUEEN,0.4606,0.0104,0.529
HEARTS FOUR CLUBS QUEEN,0.446,0.013,0.541
DIAMONDS ACE CLUBS QUEEN,0.3592,0.0068,0.634
SPADES SEVEN DIAMONDS QUEEN,0.4428,0.0104,0.5468
SPADES SEVEN HEARTS TWO,0.6734,0.017,0.3096
HEARTS FOUR CLUBS KING,0.4506,0.0072,0.5422
DIAMONDS ACE CLUBS KING,0.3544,0.004,0.6416
SPADES EIGHT DIAMONDS QUEEN,0.4272,0.0088,0.564
SPADES EIGHT HEARTS TWO,0.6834,0.0146,0.302
HEARTS FOUR CLUBS ACE,0.4232,0.004,0.5728
DIAMONDS ACE CLUBS ACE,0.161,0.0032,0.8358
SPADES NINE DIAMONDS QUEEN,0.413,0.0072,0.5798
SPADES NINE HEARTS TWO,0.6916,0.0132,0.2952
HEARTS TWO SPADES TWO,0.4682,0.0278,0.504
DIAMONDS QUEEN SPADES TWO,0.4612,0.0098,0.529
HEARTS TWO SPADES THREE,0.6568,0.011,0.3322
DIAMONDS QUEEN SPADES THREE,0.4528,0.0106,0.5366
HEARTS TWO SPADES FOUR,0.6384,0.0166,0.345
SPADES FOUR DIAMONDS QUEEN,0.4538,0.012,0.5342
HEARTS TWO SPADES FIVE,0.645,0.016,0.339
SPADES FIVE DIAMONDS QUEEN,0.4442,0.0098,0.546
CLUBS JACK HEARTS FOUR,0.6462,0.129,0.2248
CLUBS JACK DIAMONDS ACE,0.2666,0.017,0.7164
CLUBS FIVE CLUBS KING,0.431,0.0066,0.5624
CLUBS FIVE CLUBS QUEEN,0.4534,0.0114,0.5352
CLUBS FIVE CLUBS ACE,0.422,0.0036,0.5744
CLUBS JACK CLUBS FIVE,0.609,0.1176,0.2734
SPADES KING CLUBS JACK,0.2634,0.031,0.7056
CLUBS JACK SPADES QUEEN,0.2374,0.0356,0.727
SPADES ACE CLUBS JACK,0.2738,0.0204,0.7058
SPADES SIX CLUBS KING,0.4628,0.007,0.5302
SPADES SIX CLUBS QUEEN,0.4456,0.0092,0.5452
SPADES EIGHT HEARTS JACK,0.6494,0.1142,0.2364
SPADES SIX CLUBS ACE,0.4466,0.0046,0.5488
SPADES EIGHT HEARTS TEN,0.7032,0.051,0.2458
CLUBS JACK SPADES SIX,0.6462,0.1264,0.2274
CLUBS JACK SPADES TEN,0.011,0.9698,0.0192
CLUBS JACK SPADES JACK,0.1486,0.0318,0.8196
SPADES QUEEN CLUBS SEVEN,0.451,0.011,0.538
SPADES KING CLUBS SEVEN,0.4444,0.0064,0.5492
SPADES ACE CLUBS SEVEN,0.4478,0.0038,0.5484
SPADES SIX HEARTS TEN,0.7186,0.0584,0.223
SPADES SIX HEARTS JACK,0.6526,0.1178,0.2296
SPADES SIX HEARTS ACE,0.4524,0.0038,0.5438
SPADES SIX HEARTS KING,0.4576,0.0054,0.537
SPADES SIX HEARTS QUEEN,0.4408,0.0062,0.553
CLUBS SEVEN SPADES JACK,0.6532,0.125,0.2218
CLUBS SEVEN SPADES TEN,0.7084,0.054,0.2376
CLUBS JACK HEARTS SIX,0.6488,0.1252,0.226
CLUBS JACK CLUBS ACE,0.2624,0.0172,0.7204
HEARTS SIX CLUBS QUEEN,0.4468,0.0086,0.5446
HEARTS SIX CLUBS KING,0.4578,0.0058,0.5364
HEARTS SIX CLUBS ACE,0.4516,0.0056,0.5428
CLUBS JACK CLUBS QUEEN,0.2408,0.0412,0.718
CLUBS JACK CLUBS KING,0.2478,0.0334,0.7188
DIAMONDS THREE HEARTS ACE,0.4574,0.0042,0.5384
DIAMONDS THREE HEARTS QUEEN,0.4714,0.0092,0.5194
DIAMONDS THREE HEARTS KING,0.4584,0.0078,0.5338
CLUBS FIVE HEARTS JACK,0.6606,0.1212,0.2182
SPADES TEN DIAMONDS ACE,0.2788,0.0192,0.702
HEARTS FOUR SPADES TEN,0.718,0.0542,0.2278
CLUBS FIVE HEARTS TEN,0.716,0.0582,0.2258
HEARTS FOUR SPADES JACK,0.6508,0.1234,0.2258
SPADES JACK DIAMONDS ACE,0.2624,0.0202,0.7174
SPADES ACE HEARTS FOUR,0.4392,0.003,0.5578
SPADES ACE DIAMONDS ACE,0.174,0.0038,0.8222
CLUBS FIVE HEARTS ACE,0.4544,0.0028,0.5428
CLUBS FIVE HEARTS KING,0.4466,0.0066,0.5468
HEARTS FOUR SPADES QUEEN,0.447,0.0094,0.5436
SPADES QUEEN DIAMONDS ACE,0.364,0.0044,0.6316
CLUBS JACK SPADES FOUR,0.639,0.1302,0.2308
CLUBS FIVE HEARTS QUEEN,0.4484,0.0084,0.5432
SPADES KING DIAMONDS ACE,0.3572,0.0048,0.638
SPADES KING HEARTS FOUR,0.4538,0.0054,0.5408
DIAMONDS ACE DIAMONDS QUEEN,0.3588,0.0058,0.6354
DIAMONDS ACE HEARTS TWO,0.456,0.0042,0.5398
HEARTS FOUR DIAMONDS QUEEN,0.4436,0.0092,0.5472
HEARTS FOUR HEARTS TWO,0.5966,0.013,0.3904
DIAMONDS THREE HEARTS TEN,0.7184,0.0554,0.2262
SPADES FOUR CLUBS KING,0.4462,0.0056,0.5482
HEARTS FIVE DIAMONDS QUEEN,0.458,0.0098,0.5322
HEARTS FIVE HEARTS TWO,0.6042,0.0158,0.38
DIAMONDS THREE HEARTS JACK,0.671,0.1202,0.2088
SPADES FOUR CLUBS QUEEN,0.4462,0.01,0.5438
HEARTS TWO DIAMONDS QUEEN,0.4466,0.0128,0.5406
DIAMONDS KING DIAMONDS QUEEN,0.3298,0.0088,0.6614
DIAMONDS KING HEARTS TWO,0.4438,0.009,0.5472
HEARTS THREE DIAMONDS QUEEN,0.4638,0.0082,0.528
HEARTS THREE HEARTS TWO,0.5996,0.0162,0.3842
SPADES FOUR CLUBS ACE,0.4524,0.0054,0.5422
HEARTS TWO CLUBS ACE,0.4538,0.0048,0.5414
DIAMONDS QUEEN CLUBS ACE,0.3588,0.004,0.6372
HEARTS TWO CLUBS QUEEN,0.4412,0.0094,0.5494
DIAMONDS QUEEN CLUBS QUEEN,0.1564,0.013,0.8306
HEARTS TWO CLUBS KING,0.4524,0.0084,0.5392
DIAMONDS QUEEN CLUBS KING,0.35,0.006,0.644
SPADES EIGHT SPADES FIVE,0.6172,0.0128,0.37
SPADES NINE SPADES FIVE,0.6284,0.0126,0.359
CLUBS JACK HEARTS TWO,0.6602,0.1158,0.224
CLUBS JACK DIAMONDS QUEEN,0.2398,0.041,0.7192
SPADES SIX SPADES FIVE,0.6018,0.0118,0.3864
SPADES SEVEN SPADES FIVE,0.605,0.0126,0.3824
DIAMONDS FIVE CLUBS QUEEN,0.4544,0.0096,0.536
SPADES EIGHT CLUBS ACE,0.4364,0.0048,0.5588
DIAMONDS FIVE CLUBS KING,0.4456,0.0088,0.5456
SPADES EIGHT CLUBS KING,0.4246,0.0086,0.5668
DIAMONDS FIVE CLUBS ACE,0.4346,0.004,0.5614
SPADES EIGHT CLUBS QUEEN,0.4284,0.0096,0.562
CLUBS JACK SPADES EIGHT,0.6572,0.1176,0.2252
CLUBS JACK DIAMONDS FIVE,0.6344,0.1308,0.2348
DIAMONDS TEN HEARTS JACK,0.019,0.971,0.01
DIAMONDS TEN HEARTS TEN,0.3352,0.0286,0.6362
SPADES ACE CLUBS NINE,0.4378,0.0036,0.5586
CLUBS NINE SPADES QUEEN,0.4322,0.0096,0.5582
CLUBS NINE SPADES KING,0.429,0.0064,0.5646
HEARTS SIX HEARTS KING,0.4372,0.0042,0.5586
DIAMONDS KING SPADES SEVEN,0.4212,0.0048,0.574
HEARTS THREE SPADES SEVEN,0.6668,0.0138,0.3194
SPADES KING DIAMONDS SEVEN,0.4352,0.0064,0.5584
HEARTS SIX HEARTS QUEEN,0.4224,0.0076,0.57
SPADES QUEEN DIAMONDS SEVEN,0.446,0.0092,0.5448
HEARTS THREE SPADES SIX,0.6512,0.013,0.3358
DIAMONDS KING SPADES SIX,0.4602,0.0054,0.5344
SPADES NINE DIAMONDS KING,0.4258,0.007,0.5672
SPADES NINE HEARTS THREE,0.6782,0.0152,0.3066
HEARTS SIX HEARTS ACE,0.4114,0.0054,0.5832
DIAMONDS KING SPADES EIGHT,0.4458,0.0068,0.5474
SPADES EIGHT HEARTS THREE,0.6742,0.0112,0.3146
SPADES ACE DIAMONDS SEVEN,0.4386,0.0036,0.5578
CLUBS NINE HEARTS THREE,0.687,0.015,0.298
CLUBS NINE DIAMONDS KING,0.4224,0.0068,0.5708
CLUBS EIGHT HEARTS THREE,0.6898,0.0134,0.2968
CLUBS EIGHT DIAMONDS KING,0.4458,0.007,0.5472
HEARTS THREE SPADES THREE,0.4818,0.025,0.4932
DIAMONDS KING SPADES THREE,0.4388,0.007,0.5542
HEARTS THREE SPADES TWO,0.651,0.0164,0.3326
DIAMONDS KING SPADES TWO,0.4478,0.0062,0.546
HEARTS THREE SPADES FIVE,0.6462,0.013,0.3408
DIAMONDS KING SPADES FIVE,0.4452,0.006,0.5488
HEARTS THREE SPADES FOUR,0.642,0.0146,0.3434
DIAMONDS KING SPADES FOUR,0.4464,0.006,0.5476
DIAMONDS KING CLUBS TWO,0.4542,0.0086,0.5372
HEARTS THREE CLUBS TWO,0.66,0.0182,0.3218
DIAMONDS KING CLUBS THREE,0.4496,0.0076,0.5428
CLUBS THREE HEARTS THREE,0.477,0.0312,0.4918
