opposingHand,winningChance,drawChance,lostChance
CLUBS THREE CLUBS KING
HEARTS FIVE SPADES TEN,0.6228,0.0088,0.3684
SPADES JACK HEARTS FIVE,0.611,0.009,0.38
SPADES FIVE CLUBS JACK,0.6072,0.011,0.3818
CLUBS TEN SPADES FIVE,0.6122,0.0106,0.3772
CLUBS EIGHT CLUBS JACK,0.5858,0.0068,0.4074
CLUBS TEN CLUBS EIGHT,0.5736,0.01,0.4164
SPADES FIVE CLUBS ACE,0.3824,0.004,0.6136
CLUBS EIGHT CLUBS QUEEN,0.5898,0.0098,0.4004
SPADES FIVE CLUBS QUEEN,0.6132,0.0074,0.3794
CLUBS EIGHT CLUBS ACE,0.3344,0.0058,0.6598
DIAMONDS TWO DIAMONDS THREE,0.6862,0.0332,0.2806
DIAMONDS TWO DIAMONDS FIVE,0.5976,0.0074,0.395
SPADES KING HEARTS FIVE,0.261,0.4328,0.3062
DIAMONDS TWO DIAMONDS FOUR,0.5918,0.0086,0.3996
SPADES QUEEN HEARTS FIVE,0.6212,0.0072,0.3716
DIAMONDS TWO DIAMONDS SEVEN,0.6124,0.008,0.3796
DIAMONDS TWO DIAMONDS SIX,0.601,0.0082,0.3908
SPADES ACE HEARTS FIVE,0.3884,0.005,0.6066
DIAMONDS TWO DIAMONDS NINE,0.615,0.0078,0.3772
DIAMONDS TWO DIAMONDS EIGHT,0.602,0.0088,0.3892
DIAMONDS THREE DIAMONDS FOUR,0.6772,0.0274,0.2954
CLUBS TWO SPADES FOUR,0.6366,0.0098,0.3536
DIAMONDS THREE DIAMONDS FIVE,0.668,0.0242,0.3078
CLUBS TWO SPADES FIVE,0.6326,0.0118,0.3556
CLUBS TWO SPADES TWO,0.4736,0.02,0.5064
CLUBS TWO SPADES THREE,0.716,0.0304,0.2536
DIAMONDS THREE DIAMONDS EIGHT,0.6994,0.026,0.2746
SPADES EIGHT CLUBS TWO,0.6496,0.0122,0.3382
DIAMONDS THREE DIAMONDS NINE,0.7012,0.029,0.2698
SPADES NINE CLUBS TWO,0.641,0.0114,0.3476
DIAMONDS THREE DIAMONDS SIX,0.677,0.0298,0.2932
CLUBS TWO SPADES SIX,0.6454,0.0124,0.3422
DIAMONDS THREE DIAMONDS SEVEN,0.6774,0.0226,0.3
CLUBS TWO SPADES SEVEN,0.6608,0.009,0.3302
CLUBS SIX CLUBS TWO,0.6362,0.0114,0.3524
CLUBS SEVEN CLUBS TWO,0.6468,0.0116,0.3416
CLUBS TWO CLUBS FOUR,0.6326,0.0118,0.3556
CLUBS FIVE CLUBS TWO,0.615,0.0102,0.3748
CLUBS TEN CLUBS JACK,0.5486,0.0106,0.4408
DIAMONDS FOUR DIAMONDS SIX,0.565,0.0096,0.4254
CLUBS TEN CLUBS QUEEN,0.5798,0.01,0.4102
DIAMONDS FOUR DIAMONDS SEVEN,0.5788,0.0066,0.4146
CLUBS TEN CLUBS ACE,0.3314,0.0072,0.6614
CLUBS EIGHT CLUBS TWO,0.6472,0.0092,0.3436
DIAMONDS FIVE DIAMONDS FOUR,0.5684,0.0084,0.4232
CLUBS NINE CLUBS TWO,0.6414,0.0094,0.3492
DIAMONDS NINE DIAMONDS FOUR,0.5888,0.0104,0.4008
DIAMONDS EIGHT DIAMONDS FOUR,0.5738,0.009,0.4172
DIAMONDS NINE DIAMONDS FIVE,0.5752,0.009,0.4158
DIAMONDS TWO CLUBS JACK,0.6484,0.0098,0.3418
DIAMONDS EIGHT DIAMONDS FIVE,0.5604,0.0078,0.4318
CLUBS TEN DIAMONDS TWO,0.6436,0.0086,0.3478
DIAMONDS FIVE DIAMONDS SEVEN,0.5636,0.0114,0.425
DIAMONDS FIVE DIAMONDS SIX,0.5574,0.009,0.4336
DIAMONDS TWO CLUBS ACE,0.404,0.008,0.588
DIAMONDS TWO CLUBS QUEEN,0.66,0.0084,0.3316
DIAMONDS EIGHT DIAMONDS SIX,0.5652,0.0086,0.4262
DIAMONDS NINE DIAMONDS SIX,0.5676,0.007,0.4254
HEARTS ACE SPADES THREE,0.2844,0.023,0.6926
HEARTS KING SPADES THREE,0.0668,0.9152,0.018
DIAMONDS SEVEN DIAMONDS SIX,0.5448,0.0064,0.4488
SPADES THREE HEARTS QUEEN,0.7462,0.0338,0.22
HEARTS JACK SPADES THREE,0.7438,0.0324,0.2238
SPADES THREE HEARTS TEN,0.7404,0.0346,0.225
DIAMONDS EIGHT DIAMONDS SEVEN,0.5436,0.0074,0.449
DIAMONDS NINE DIAMONDS SEVEN,0.5638,0.0088,0.4274
DIAMONDS NINE DIAMONDS EIGHT,0.546,0.0068,0.4472
DIAMONDS KING HEARTS TEN,0.2914,0.1128,0.5958
HEARTS THREE HEARTS TEN,0.7054,0.0276,0.267
SPADES JACK CLUBS SIX,0.612,0.0086,0.3794
DIAMONDS KING HEARTS JACK,0.273,0.078,0.649
HEARTS THREE HEARTS JACK,0.7016,0.0328,0.2656
SPADES TEN CLUBS SIX,0.6064,0.008,0.3856
SPADES JACK SPADES FIVE,0.5638,0.0092,0.427
SPADES TEN SPADES FIVE,0.5798,0.0078,0.4124
DIAMONDS KING HEARTS ACE,0.2742,0.012,0.7138
HEARTS THREE HEARTS ACE,0.2682,0.0184,0.7134
SPADES ACE CLUBS SIX,0.3788,0.0052,0.616
DIAMONDS KING HEARTS QUEEN,0.2882,0.067,0.6448
HEARTS THREE HEARTS QUEEN,0.7002,0.0308,0.269
SPADES KING CLUBS SIX,0.2512,0.3652,0.3836
DIAMONDS KING HEARTS KING,0.1212,0.0122,0.8666
HEARTS THREE HEARTS KING,0.0748,0.8524,0.0728
SPADES QUEEN CLUBS SIX,0.616,0.0084,0.3756
SPADES NINE HEARTS TEN,0.5652,0.0098,0.425
SPADES NINE HEARTS JACK,0.5754,0.0086,0.416
SPADES QUEEN SPADES FIVE,0.5816,0.0072,0.4112
SPADES KING SPADES FIVE,0.264,0.3928,0.3432
SPADES ACE SPADES FIVE,0.3706,0.0054,0.624
SPADES NINE HEARTS QUEEN,0.5872,0.0064,0.4064
SPADES NINE HEARTS KING,0.2794,0.155,0.5656
SPADES NINE HEARTS ACE,0.3996,0.0058,0.5946
CLUBS TEN SPADES JACK,0.559,0.0078,0.4332
CLUBS TEN SPADES TEN,0.3278,0.0102,0.662
SPADES ACE CLUBS TEN,0.3824,0.0038,0.6138
SPADES KING CLUBS TEN,0.265,0.1154,0.6196
CLUBS TEN SPADES QUEEN,0.572,0.0074,0.4206
SPADES FIVE HEARTS QUEEN,0.6358,0.0086,0.3556
HEARTS KING SPADES FIVE,0.2682,0.4294,0.3024
SPADES FIVE HEARTS ACE,0.3862,0.0058,0.608
CLUBS EIGHT SPADES TEN,0.5766,0.0064,0.417
HEARTS THREE SPADES JACK,0.7456,0.0328,0.2216
SPADES JACK DIAMONDS KING,0.2912,0.0854,0.6234
SPADES TEN DIAMONDS KING,0.2894,0.1104,0.6002
HEARTS THREE SPADES TEN,0.7384,0.033,0.2286
SPADES JACK CLUBS EIGHT,0.5894,0.008,0.4026
CLUBS SIX HEARTS ACE,0.3872,0.0052,0.6076
SPADES ACE CLUBS EIGHT,0.39,0.0048,0.6052
HEARTS FIVE CLUBS JACK,0.6232,0.0058,0.371
CLUBS TEN HEARTS FIVE,0.613,0.0118,0.3752
CLUBS SIX HEARTS QUEEN,0.6144,0.0088,0.3768
SPADES QUEEN CLUBS EIGHT,0.6024,0.008,0.3896
CLUBS TEN SPADES THREE,0.7392,0.0274,0.2334
CLUBS SIX HEARTS KING,0.2564,0.3544,0.3892
SPADES KING CLUBS EIGHT,0.2586,0.224,0.5174
SPADES THREE CLUBS JACK,0.7424,0.032,0.2256
DIAMONDS TWO HEARTS JACK,0.6542,0.0088,0.337
SPADES THREE CLUBS QUEEN,0.744,0.028,0.228
DIAMONDS TWO HEARTS TEN,0.6524,0.008,0.3396
HEARTS FIVE CLUBS ACE,0.3672,0.0064,0.6264
SPADES FIVE HEARTS TEN,0.623,0.0074,0.3696
SPADES THREE CLUBS ACE,0.2648,0.0252,0.71
SPADES FIVE HEARTS JACK,0.626,0.0068,0.3672
HEARTS FIVE CLUBS QUEEN,0.6148,0.0078,0.3774
HEARTS THREE CLUBS QUEEN,0.7474,0.0318,0.2208
DIAMONDS KING CLUBS QUEEN,0.2694,0.0662,0.6644
HEARTS FIVE HEARTS JACK,0.5794,0.0074,0.4132
HEARTS FIVE HEARTS TEN,0.5746,0.0078,0.4176
HEARTS THREE CLUBS ACE,0.2608,0.0208,0.7184
DIAMONDS KING CLUBS ACE,0.2594,0.0152,0.7254
SPADES ACE CLUBS QUEEN,0.3708,0.0036,0.6256
SPADES KING CLUBS QUEEN,0.27,0.0622,0.6678
HEARTS THREE CLUBS JACK,0.7382,0.0332,0.2286
DIAMONDS KING CLUBS JACK,0.2686,0.0896,0.6418
SPADES QUEEN CLUBS QUEEN,0.3084,0.0036,0.688
CLUBS TEN HEARTS THREE,0.7282,0.0336,0.2382
CLUBS TEN DIAMONDS KING,0.2706,0.1164,0.613
SPADES JACK CLUBS QUEEN,0.5856,0.008,0.4064
CLUBS SIX CLUBS QUEEN,0.6038,0.0088,0.3874
SPADES TEN CLUBS QUEEN,0.5812,0.0072,0.4116
CLUBS SIX CLUBS ACE,0.3464,0.0042,0.6494
HEARTS FIVE HEARTS KING,0.2466,0.4102,0.3432
HEARTS FIVE HEARTS QUEEN,0.586,0.0072,0.4068
CLUBS TEN CLUBS SIX,0.6016,0.0058,0.3926
HEARTS FIVE HEARTS ACE,0.3728,0.0048,0.6224
CLUBS SIX CLUBS JACK,0.6004,0.0074,0.3922
SPADES SEVEN HEARTS JACK,0.619,0.0082,0.3728
SPADES SEVEN HEARTS TEN,0.6026,0.0076,0.3898
DIAMONDS TWO CLUBS TWO,0.4662,0.0232,0.5106
HEARTS SIX DIAMONDS TWO,0.6324,0.0086,0.359
DIAMONDS TWO HEARTS QUEEN,0.6556,0.008,0.3364
DIAMONDS TWO HEARTS SEVEN,0.6646,0.008,0.3274
DIAMONDS TWO HEARTS KING,0.3064,0.486,0.2076
DIAMONDS TWO HEARTS EIGHT,0.6492,0.0108,0.34
DIAMONDS TWO HEARTS ACE,0.4132,0.006,0.5808
DIAMONDS TWO HEARTS NINE,0.658,0.0082,0.3338
DIAMONDS TWO DIAMONDS QUEEN,0.6288,0.0078,0.3634
DIAMONDS TWO HEARTS TWO,0.4712,0.0196,0.5092
DIAMONDS TWO DIAMONDS KING,0.283,0.46,0.257
HEARTS THREE DIAMONDS TWO,0.734,0.0342,0.2318
DIAMONDS TWO DIAMONDS ACE,0.399,0.007,0.594
HEARTS FOUR DIAMONDS TWO,0.6352,0.0094,0.3554
DIAMONDS TWO HEARTS FIVE,0.636,0.0104,0.3536
SPADES SEVEN HEARTS ACE,0.4152,0.0044,0.5804
DIAMONDS TWO DIAMONDS TEN,0.6106,0.008,0.3814
SPADES SEVEN HEARTS KING,0.2774,0.2852,0.4374
DIAMONDS TWO DIAMONDS JACK,0.6126,0.0096,0.3778
SPADES SEVEN HEARTS QUEEN,0.6328,0.0076,0.3596
DIAMONDS TWO SPADES NINE,0.6564,0.0078,0.3358
DIAMONDS TWO SPADES EIGHT,0.6576,0.009,0.3334
DIAMONDS TWO SPADES SEVEN,0.6596,0.0104,0.33
DIAMONDS TWO SPADES SIX,0.6666,0.0068,0.3266
DIAMONDS TWO SPADES FIVE,0.6432,0.0082,0.3486
DIAMONDS TWO SPADES FOUR,0.629,0.0092,0.3618
DIAMONDS TWO SPADES THREE,0.7244,0.0332,0.2424
DIAMONDS TWO SPADES TWO,0.467,0.0176,0.5154
CLUBS NINE DIAMONDS TWO,0.6388,0.0096,0.3516
DIAMONDS TWO CLUBS EIGHT,0.6432,0.0102,0.3466
CLUBS SEVEN DIAMONDS TWO,0.6544,0.0108,0.3348
DIAMONDS TWO CLUBS SIX,0.638,0.01,0.352
DIAMONDS TWO CLUBS FIVE,0.6218,0.009,0.3692
DIAMONDS TWO CLUBS FOUR,0.6368,0.0106,0.3526
CLUBS FOUR SPADES FIVE,0.5742,0.0108,0.415
CLUBS FOUR SPADES FOUR,0.369,0.0202,0.6108
CLUBS FOUR SPADES THREE,0.702,0.0314,0.2666
CLUBS FOUR SPADES TWO,0.6386,0.0122,0.3492
SPADES NINE CLUBS FOUR,0.6236,0.0094,0.367
SPADES EIGHT CLUBS FOUR,0.6184,0.008,0.3736
SPADES SEVEN CLUBS FOUR,0.5952,0.0114,0.3934
CLUBS FOUR SPADES SIX,0.6102,0.0108,0.379
SPADES ACE DIAMONDS SIX,0.402,0.0044,0.5936
SPADES QUEEN DIAMONDS SIX,0.621,0.0062,0.3728
SPADES KING DIAMONDS SIX,0.2612,0.3572,0.3816
SPADES TEN DIAMONDS SIX,0.6068,0.007,0.3862
SPADES JACK DIAMONDS SIX,0.6184,0.0108,0.3708
SPADES QUEEN SPADES TWO,0.6196,0.008,0.3724
SPADES KING SPADES TWO,0.2956,0.4442,0.2602
SPADES ACE SPADES TWO,0.3856,0.0048,0.6096
DIAMONDS JACK CLUBS JACK,0.321,0.0048,0.6742
CLUBS TEN DIAMONDS JACK,0.5614,0.0066,0.432
DIAMONDS JACK CLUBS QUEEN,0.5696,0.007,0.4234
DIAMONDS THREE DIAMONDS JACK,0.697,0.032,0.271
DIAMONDS THREE DIAMONDS TEN,0.7096,0.0306,0.2598
DIAMONDS JACK CLUBS ACE,0.3666,0.0052,0.6282
DIAMONDS THREE DIAMONDS KING,0.0742,0.8638,0.062
HEARTS THREE DIAMONDS THREE,0.342,0.0224,0.6356
DIAMONDS THREE DIAMONDS QUEEN,0.7014,0.028,0.2706
DIAMONDS THREE HEARTS TWO,0.7274,0.0294,0.2432
HEARTS FIVE DIAMONDS THREE,0.7114,0.0292,0.2594
DIAMONDS THREE DIAMONDS ACE,0.2638,0.0188,0.7174
HEARTS FOUR DIAMONDS THREE,0.7048,0.0286,0.2666
DIAMONDS THREE HEARTS SEVEN,0.726,0.0276,0.2464
SPADES TEN SPADES NINE,0.5482,0.0068,0.445
HEARTS SIX DIAMONDS THREE,0.7318,0.0284,0.2398
SPADES JACK SPADES NINE,0.544,0.0094,0.4466
DIAMONDS THREE HEARTS NINE,0.7312,0.033,0.2358
HEARTS JACK DIAMONDS FOUR,0.6224,0.008,0.3696
HEARTS KING HEARTS ACE,0.2532,0.0094,0.7374
SPADES TEN SPADES TWO,0.6126,0.0068,0.3806
DIAMONDS THREE HEARTS EIGHT,0.7448,0.0302,0.225
HEARTS TEN DIAMONDS FOUR,0.6308,0.0084,0.3608
SPADES JACK SPADES TWO,0.6166,0.0076,0.3758
HEARTS QUEEN DIAMONDS FOUR,0.6346,0.0104,0.355
HEARTS KING DIAMONDS FOUR,0.2654,0.4868,0.2478
SPADES ACE SPADES NINE,0.3726,0.0058,0.6216
HEARTS ACE DIAMONDS FOUR,0.3872,0.004,0.6088
SPADES KING SPADES NINE,0.2668,0.146,0.5872
SPADES QUEEN SPADES NINE,0.554,0.0068,0.4392
DIAMONDS THREE SPADES NINE,0.7376,0.0368,0.2256
DIAMONDS THREE SPADES EIGHT,0.7498,0.025,0.2252
DIAMONDS THREE SPADES SEVEN,0.7302,0.0232,0.2466
DIAMONDS THREE SPADES SIX,0.7112,0.025,0.2638
DIAMONDS THREE CLUBS SIX,0.7154,0.0274,0.2572
CLUBS FIVE CLUBS SIX,0.572,0.0102,0.4178
CLUBS ACE DIAMONDS FOUR,0.3806,0.0058,0.6136
CLUBS SEVEN DIAMONDS THREE,0.7234,0.027,0.2496
CLUBS SEVEN CLUBS FIVE,0.5762,0.0104,0.4134
DIAMONDS THREE CLUBS FOUR,0.7114,0.0322,0.2564
DIAMONDS FOUR CLUBS QUEEN,0.6166,0.011,0.3724
DIAMONDS THREE CLUBS FIVE,0.7046,0.0288,0.2666
DIAMONDS THREE CLUBS TWO,0.7298,0.0316,0.2386
CLUBS TEN DIAMONDS FOUR,0.6068,0.009,0.3842
DIAMONDS FOUR CLUBS JACK,0.6346,0.0086,0.3568
DIAMONDS THREE SPADES FOUR,0.7204,0.0298,0.2498
DIAMONDS THREE SPADES FIVE,0.698,0.0306,0.2714
DIAMONDS THREE SPADES TWO,0.7226,0.034,0.2434
DIAMONDS THREE SPADES THREE,0.3554,0.0218,0.6228
CLUBS EIGHT DIAMONDS THREE,0.7344,0.036,0.2296
CLUBS NINE DIAMONDS THREE,0.721,0.0312,0.2478
SPADES SEVEN CLUBS ACE,0.3728,0.0048,0.6224
SPADES SEVEN CLUBS QUEEN,0.613,0.009,0.378
CLUBS FIVE SPADES SEVEN,0.6064,0.007,0.3866
CLUBS TEN SPADES SEVEN,0.586,0.007,0.407
CLUBS FIVE SPADES SIX,0.6028,0.0072,0.39
SPADES SEVEN CLUBS JACK,0.601,0.009,0.39
CLUBS FIVE SPADES NINE,0.591,0.0086,0.4004
CLUBS FIVE SPADES EIGHT,0.597,0.008,0.395
CLUBS FIVE SPADES THREE,0.7,0.0356,0.2644
CLUBS FIVE SPADES TWO,0.6334,0.0086,0.358
CLUBS FIVE SPADES FIVE,0.3708,0.019,0.6102
CLUBS FIVE SPADES FOUR,0.5996,0.0094,0.391
CLUBS NINE CLUBS FIVE,0.6178,0.0088,0.3734
CLUBS EIGHT CLUBS FIVE,0.5834,0.0082,0.4084
CLUBS ACE CLUBS QUEEN,0.335,0.0034,0.6616
DIAMONDS TEN DIAMONDS FOUR,0.5946,0.0072,0.3982
CLUBS TEN DIAMONDS NINE,0.5672,0.0086,0.4242
DIAMONDS JACK DIAMONDS FOUR,0.5934,0.007,0.3996
DIAMONDS NINE CLUBS JACK,0.5884,0.008,0.4036
SPADES NINE CLUBS JACK,0.5684,0.0074,0.4242
CLUBS TEN SPADES NINE,0.5608,0.008,0.4312
DIAMONDS ACE DIAMONDS FOUR,0.3614,0.0058,0.6328
HEARTS FOUR DIAMONDS FOUR,0.3766,0.018,0.6054
DIAMONDS JACK HEARTS TEN,0.5736,0.005,0.4214
DIAMONDS TWO SPADES TEN,0.6562,0.0112,0.3326
DIAMONDS NINE CLUBS ACE,0.3822,0.007,0.6108
HEARTS FIVE DIAMONDS FOUR,0.6022,0.0078,0.39
HEARTS JACK DIAMONDS JACK,0.3228,0.0072,0.67
SPADES NINE CLUBS QUEEN,0.5944,0.0082,0.3974
DIAMONDS TWO SPADES JACK,0.6658,0.0086,0.3256
DIAMONDS QUEEN DIAMONDS FOUR,0.5934,0.0074,0.3992
HEARTS TWO DIAMONDS FOUR,0.6406,0.0126,0.3468
DIAMONDS NINE CLUBS QUEEN,0.5916,0.0084,0.4
DIAMONDS KING DIAMONDS FOUR,0.2658,0.448,0.2862
HEARTS THREE DIAMONDS FOUR,0.7146,0.0266,0.2588
SPADES NINE CLUBS ACE,0.3866,0.0034,0.61
HEARTS ACE DIAMONDS JACK,0.3908,0.0052,0.604
SPADES ACE DIAMONDS TWO,0.4098,0.0056,0.5846
DIAMONDS JACK HEARTS QUEEN,0.5766,0.0054,0.418
SPADES QUEEN DIAMONDS TWO,0.6606,0.0112,0.3282
HEARTS KING DIAMONDS JACK,0.2734,0.0932,0.6334
SPADES KING DIAMONDS TWO,0.3034,0.4984,0.1982
SPADES JACK SPADES SEVEN,0.5656,0.0088,0.4256
SPADES TEN SPADES SEVEN,0.5604,0.007,0.4326
SPADES TWO DIAMONDS FOUR,0.6416,0.0078,0.3506
SPADES THREE DIAMONDS FOUR,0.702,0.029,0.269
SPADES FOUR DIAMONDS FOUR,0.369,0.0194,0.6116
SPADES FIVE DIAMONDS FOUR,0.5962,0.0094,0.3944
SPADES SIX DIAMONDS FOUR,0.6004,0.0076,0.392
SPADES SEVEN DIAMONDS FOUR,0.6076,0.0072,0.3852
SPADES EIGHT DIAMONDS FOUR,0.6168,0.01,0.3732
SPADES NINE DIAMONDS FOUR,0.608,0.0056,0.3864
CLUBS FIVE DIAMONDS FOUR,0.584,0.0106,0.4054
CLUBS FOUR DIAMONDS FOUR,0.3836,0.0208,0.5956
CLUBS SEVEN DIAMONDS FOUR,0.601,0.0102,0.3888
CLUBS SIX DIAMONDS FOUR,0.6022,0.01,0.3878
CLUBS NINE DIAMONDS FOUR,0.6232,0.0094,0.3674
CLUBS EIGHT DIAMONDS FOUR,0.6142,0.006,0.3798
DIAMONDS FOUR HEARTS SEVEN,0.5952,0.0076,0.3972
HEARTS SIX DIAMONDS FOUR,0.6012,0.0106,0.3882
HEARTS NINE DIAMONDS FOUR,0.6348,0.0102,0.355
DIAMONDS FOUR HEARTS EIGHT,0.614,0.0088,0.3772
CLUBS TWO DIAMONDS FOUR,0.6372,0.0092,0.3536
DIAMONDS TEN DIAMONDS FIVE,0.5772,0.0092,0.4136
DIAMONDS JACK DIAMONDS FIVE,0.5744,0.0078,0.4178
DIAMONDS NINE HEARTS QUEEN,0.587,0.0072,0.4058
HEARTS KING DIAMONDS NINE,0.2792,0.154,0.5668
DIAMONDS NINE HEARTS ACE,0.4118,0.0026,0.5856
DIAMONDS NINE HEARTS TEN,0.5712,0.0074,0.4214
DIAMONDS NINE HEARTS JACK,0.5796,0.0086,0.4118
CLUBS QUEEN DIAMONDS SIX,0.6232,0.0078,0.369
CLUBS ACE DIAMONDS SIX,0.3914,0.0066,0.602
SPADES KING DIAMONDS FOUR,0.2646,0.4814,0.254
SPADES ACE SPADES SEVEN,0.374,0.005,0.621
SPADES QUEEN DIAMONDS FOUR,0.6356,0.008,0.3564
SPADES QUEEN SPADES SEVEN,0.5792,0.0076,0.4132
CLUBS JACK DIAMONDS SIX,0.6154,0.0068,0.3778
SPADES KING SPADES SEVEN,0.2652,0.2638,0.471
SPADES ACE DIAMONDS FOUR,0.3808,0.0046,0.6146
CLUBS TEN DIAMONDS SIX,0.5998,0.0074,0.3928
CLUBS NINE CLUBS FOUR,0.6056,0.0074,0.387
CLUBS EIGHT CLUBS FOUR,0.5934,0.0126,0.394
SPADES JACK DIAMONDS FOUR,0.6296,0.0076,0.3628
SPADES TEN DIAMONDS FOUR,0.6216,0.0072,0.3712
CLUBS FIVE CLUBS FOUR,0.5712,0.0146,0.4142
CLUBS SEVEN CLUBS FOUR,0.5832,0.0118,0.405
CLUBS SIX CLUBS FOUR,0.5952,0.0102,0.3946
CLUBS SEVEN SPADES EIGHT,0.5566,0.008,0.4354
CLUBS SEVEN SPADES NINE,0.573,0.0088,0.4182
CLUBS SEVEN SPADES SIX,0.5624,0.0086,0.429
CLUBS SEVEN SPADES SEVEN,0.3462,0.0128,0.641
CLUBS SEVEN SPADES FIVE,0.5976,0.0108,0.3916
CLUBS SEVEN SPADES FOUR,0.6148,0.008,0.3772
CLUBS SEVEN SPADES THREE,0.7338,0.0304,0.2358
CLUBS SEVEN SPADES TWO,0.6474,0.013,0.3396
CLUBS NINE CLUBS SEVEN,0.5654,0.0082,0.4264
CLUBS SEVEN CLUBS EIGHT,0.5576,0.0098,0.4326
HEARTS SIX DIAMONDS FIVE,0.603,0.0076,0.3894
DIAMONDS FIVE HEARTS SEVEN,0.5934,0.008,0.3986
DIAMONDS FIVE HEARTS EIGHT,0.5986,0.0104,0.391
HEARTS NINE DIAMONDS FIVE,0.6076,0.0078,0.3846
DIAMONDS QUEEN DIAMONDS FIVE,0.577,0.0082,0.4148
HEARTS TWO DIAMONDS FIVE,0.659,0.008,0.333
HEARTS KING HEARTS EIGHT,0.2682,0.204,0.5278
DIAMONDS KING DIAMONDS FIVE,0.2514,0.4032,0.3454
HEARTS THREE DIAMONDS FIVE,0.7102,0.029,0.2608
HEARTS QUEEN HEARTS EIGHT,0.57,0.0092,0.4208
DIAMONDS ACE DIAMONDS FIVE,0.3792,0.0064,0.6144
HEARTS FOUR DIAMONDS FIVE,0.6018,0.0074,0.3908
HEARTS FIVE DIAMONDS FIVE,0.3728,0.0172,0.61
HEARTS ACE HEARTS EIGHT,0.37,0.005,0.625
CLUBS FOUR DIAMONDS FIVE,0.5782,0.0096,0.4122
CLUBS FIVE DIAMONDS FIVE,0.3648,0.0196,0.6156
CLUBS SIX DIAMONDS FIVE,0.5794,0.0098,0.4108
CLUBS SEVEN DIAMONDS FIVE,0.5784,0.0106,0.411
CLUBS TWO DIAMONDS FIVE,0.642,0.0086,0.3494
SPADES THREE DIAMONDS FIVE,0.705,0.032,0.263
SPADES TWO DIAMONDS FIVE,0.6376,0.0088,0.3536
SPADES JACK DIAMONDS EIGHT,0.5852,0.0058,0.409
SPADES FIVE DIAMONDS FIVE,0.3742,0.0168,0.609
CLUBS TEN HEARTS JACK,0.5538,0.0072,0.439
SPADES TEN DIAMONDS EIGHT,0.5878,0.0062,0.406
SPADES FOUR DIAMONDS FIVE,0.5898,0.009,0.4012
HEARTS JACK CLUBS JACK,0.316,0.0078,0.6762
HEARTS JACK CLUBS QUEEN,0.5708,0.0092,0.42
CLUBS NINE DIAMONDS FIVE,0.5972,0.0106,0.3922
CLUBS EIGHT DIAMONDS FIVE,0.5922,0.0094,0.3984
HEARTS JACK CLUBS ACE,0.37,0.0054,0.6246
SPADES SEVEN DIAMONDS FIVE,0.6024,0.0094,0.3882
SPADES KING DIAMONDS EIGHT,0.268,0.22,0.512
SPADES QUEEN DIAMONDS EIGHT,0.6002,0.0072,0.3926
SPADES SIX DIAMONDS FIVE,0.5834,0.0102,0.4064
SPADES NINE DIAMONDS FIVE,0.6122,0.0062,0.3816
SPADES EIGHT DIAMONDS FIVE,0.5994,0.0098,0.3908
SPADES ACE DIAMONDS EIGHT,0.3942,0.0052,0.6006
DIAMONDS TEN DIAMONDS SIX,0.5708,0.007,0.4222
HEARTS ACE DIAMONDS SEVEN,0.4104,0.0038,0.5858
DIAMONDS JACK DIAMONDS SIX,0.6006,0.0076,0.3918
HEARTS QUEEN DIAMONDS SEVEN,0.6238,0.0084,0.3678
HEARTS KING DIAMONDS SEVEN,0.2756,0.2646,0.4598
DIAMONDS ACE DIAMONDS SIX,0.3728,0.0064,0.6208
HEARTS FOUR DIAMONDS SIX,0.6074,0.0118,0.3808
HEARTS JACK SPADES TWO,0.6608,0.0086,0.3306
HEARTS FIVE DIAMONDS SIX,0.5936,0.0072,0.3992
SPADES TWO HEARTS TEN,0.6598,0.011,0.3292
DIAMONDS QUEEN DIAMONDS SIX,0.5808,0.0066,0.4126
HEARTS TWO DIAMONDS SIX,0.6506,0.0086,0.3408
DIAMONDS KING DIAMONDS SIX,0.2534,0.3346,0.412
HEARTS THREE DIAMONDS SIX,0.734,0.0216,0.2444
HEARTS EIGHT DIAMONDS SIX,0.5854,0.0082,0.4064
HEARTS NINE DIAMONDS SIX,0.6142,0.0076,0.3782
HEARTS SIX DIAMONDS SIX,0.3618,0.0106,0.6276
HEARTS SEVEN DIAMONDS SIX,0.5726,0.007,0.4204
HEARTS TEN DIAMONDS SEVEN,0.6034,0.0088,0.3878
CLUBS TWO DIAMONDS SIX,0.6438,0.0086,0.3476
HEARTS JACK DIAMONDS SEVEN,0.6096,0.0062,0.3842
CLUBS SEVEN DIAMONDS SIX,0.5736,0.0104,0.416
DIAMONDS EIGHT CLUBS JACK,0.5844,0.008,0.4076
CLUBS SIX DIAMONDS SIX,0.3696,0.0154,0.615
CLUBS TEN DIAMONDS EIGHT,0.5776,0.0074,0.415
CLUBS FIVE DIAMONDS SIX,0.5764,0.011,0.4126
CLUBS FOUR DIAMONDS SIX,0.5958,0.0082,0.396
HEARTS ACE HEARTS JACK,0.364,0.0044,0.6316
DIAMONDS EIGHT CLUBS ACE,0.3806,0.0052,0.6142
HEARTS JACK HEARTS QUEEN,0.5418,0.0068,0.4514
CLUBS NINE DIAMONDS SIX,0.595,0.0082,0.3968
HEARTS KING HEARTS JACK,0.2504,0.0788,0.6708
DIAMONDS EIGHT CLUBS QUEEN,0.5994,0.0058,0.3948
CLUBS EIGHT DIAMONDS SIX,0.5682,0.0104,0.4214
SPADES TEN HEARTS KING,0.2704,0.1098,0.6198
SPADES FIVE DIAMONDS SIX,0.5944,0.009,0.3966
HEARTS ACE SPADES TWO,0.4182,0.0054,0.5764
SPADES JACK HEARTS KING,0.2728,0.082,0.6452
SPADES FOUR DIAMONDS SIX,0.6058,0.009,0.3852
SPADES THREE DIAMONDS SIX,0.7276,0.0236,0.2488
HEARTS QUEEN SPADES TWO,0.6494,0.011,0.3396
SPADES ACE SPADES KING,0.2472,0.0132,0.7396
HEARTS KING SPADES TWO,0.2956,0.4932,0.2112
SPADES TWO DIAMONDS SIX,0.6452,0.01,0.3448
HEARTS TEN HEARTS EIGHT,0.5342,0.0078,0.458
SPADES NINE DIAMONDS SIX,0.5926,0.0068,0.4006
HEARTS JACK HEARTS EIGHT,0.556,0.0072,0.4368
SPADES EIGHT DIAMONDS SIX,0.5786,0.0084,0.413
SPADES SEVEN DIAMONDS SIX,0.5762,0.0078,0.416
SPADES SIX DIAMONDS SIX,0.3562,0.0186,0.6252
SPADES KING HEARTS KING,0.1234,0.0132,0.8634
SPADES QUEEN HEARTS KING,0.2714,0.0598,0.6688
SPADES ACE HEARTS KING,0.2688,0.0112,0.72
SPADES ACE HEARTS JACK,0.375,0.0042,0.6208
SPADES QUEEN HEARTS JACK,0.585,0.0058,0.4092
SPADES KING HEARTS JACK,0.2832,0.0812,0.6356
SPADES TEN DIAMONDS TEN,0.3298,0.0074,0.6628
SPADES JACK DIAMONDS TEN,0.5794,0.006,0.4146
SPADES ACE DIAMONDS TEN,0.3884,0.0044,0.6072
SPADES JACK HEARTS JACK,0.3236,0.0072,0.6692
SPADES TEN HEARTS JACK,0.5626,0.0072,0.4302
SPADES QUEEN DIAMONDS TEN,0.5778,0.0078,0.4144
SPADES KING DIAMONDS TEN,0.276,0.1124,0.6116
SPADES NINE DIAMONDS SEVEN,0.5996,0.0064,0.394
SPADES EIGHT DIAMONDS SEVEN,0.5818,0.0072,0.411
SPADES SEVEN DIAMONDS SEVEN,0.3584,0.012,0.6296
SPADES SIX DIAMONDS SEVEN,0.5852,0.0066,0.4082
DIAMONDS KING DIAMONDS SEVEN,0.2614,0.2766,0.462
HEARTS THREE DIAMONDS SEVEN,0.7234,0.0282,0.2484
HEARTS KING DIAMONDS FIVE,0.2644,0.4224,0.3132
DIAMONDS QUEEN DIAMONDS SEVEN,0.5836,0.008,0.4084
HEARTS TWO DIAMONDS SEVEN,0.6538,0.01,0.3362
HEARTS QUEEN DIAMONDS FIVE,0.6124,0.007,0.3806
HEARTS FIVE DIAMONDS SEVEN,0.5948,0.0092,0.396
DIAMONDS ACE DIAMONDS SEVEN,0.3678,0.0054,0.6268
HEARTS FOUR DIAMONDS SEVEN,0.5984,0.0086,0.393
HEARTS ACE DIAMONDS FIVE,0.3832,0.0052,0.6116
HEARTS SEVEN DIAMONDS SEVEN,0.3608,0.0124,0.6268
HEARTS SIX DIAMONDS SEVEN,0.5848,0.0062,0.409
HEARTS NINE DIAMONDS SEVEN,0.5984,0.0066,0.395
DIAMONDS SEVEN HEARTS EIGHT,0.5744,0.0046,0.421
DIAMONDS JACK DIAMONDS SEVEN,0.5816,0.0078,0.4106
HEARTS JACK DIAMONDS FIVE,0.6216,0.0066,0.3718
DIAMONDS TEN DIAMONDS SEVEN,0.5626,0.0098,0.4276
DIAMONDS FIVE HEARTS TEN,0.6102,0.0072,0.3826
SPADES KING CLUBS TWO,0.277,0.5122,0.2108
CLUBS EIGHT DIAMONDS SEVEN,0.5564,0.007,0.4366
SPADES QUEEN CLUBS TWO,0.6492,0.013,0.3378
HEARTS KING CLUBS QUEEN,0.2676,0.0602,0.6722
CLUBS NINE DIAMONDS SEVEN,0.573,0.007,0.42
SPADES TWO CLUBS JACK,0.6608,0.0122,0.327
SPADES ACE CLUBS TWO,0.4066,0.004,0.5894
CLUBS TEN SPADES TWO,0.6496,0.008,0.3424
HEARTS KING CLUBS ACE,0.2524,0.013,0.7346
CLUBS SEVEN CLUBS SIX,0.5742,0.0088,0.417
SPADES TWO DIAMONDS SEVEN,0.6646,0.007,0.3284
CLUBS EIGHT CLUBS SIX,0.5814,0.0092,0.4094
SPADES THREE DIAMONDS SEVEN,0.7244,0.0226,0.253
SPADES TWO CLUBS QUEEN,0.6426,0.0098,0.3476
CLUBS NINE CLUBS SIX,0.5828,0.0062,0.411
SPADES FOUR DIAMONDS SEVEN,0.6042,0.0084,0.3874
HEARTS KING CLUBS JACK,0.2614,0.0818,0.6568
SPADES FIVE DIAMONDS SEVEN,0.5944,0.0098,0.3958
SPADES TWO CLUBS ACE,0.4086,0.0066,0.5848
CLUBS TEN HEARTS KING,0.2598,0.1172,0.623
CLUBS SIX SPADES TWO,0.641,0.0082,0.3508
CLUBS SIX SPADES THREE,0.729,0.025,0.246
CLUBS TWO DIAMONDS SEVEN,0.6508,0.0116,0.3376
CLUBS SIX SPADES FOUR,0.6098,0.009,0.3812
CLUBS SIX SPADES FIVE,0.5798,0.0068,0.4134
CLUBS FOUR DIAMONDS SEVEN,0.592,0.0112,0.3968
CLUBS SIX SPADES SIX,0.3716,0.0178,0.6106
CLUBS FIVE DIAMONDS SEVEN,0.5908,0.01,0.3992
CLUBS SIX SPADES SEVEN,0.5766,0.008,0.4154
CLUBS SIX DIAMONDS SEVEN,0.59,0.01,0.4
CLUBS SIX SPADES EIGHT,0.5936,0.0098,0.3966
SPADES JACK CLUBS TWO,0.6512,0.0116,0.3372
CLUBS SEVEN DIAMONDS SEVEN,0.3596,0.0122,0.6282
SPADES NINE CLUBS SIX,0.5956,0.0092,0.3952
SPADES TEN CLUBS TWO,0.6582,0.009,0.3328
CLUBS TWO CLUBS QUEEN,0.6388,0.0116,0.3496
CLUBS TWO CLUBS ACE,0.3664,0.0068,0.6268
CLUBS TWO DIAMONDS EIGHT,0.6442,0.0096,0.3462
DIAMONDS EIGHT HEARTS SEVEN,0.5826,0.0068,0.4106
HEARTS SIX DIAMONDS EIGHT,0.5838,0.0076,0.4086
DIAMONDS EIGHT HEARTS NINE,0.5748,0.0064,0.4188
CLUBS TEN CLUBS TWO,0.6432,0.0096,0.3472
DIAMONDS EIGHT HEARTS EIGHT,0.3658,0.0124,0.6218
CLUBS TWO CLUBS JACK,0.6462,0.0104,0.3434
CLUBS NINE DIAMONDS EIGHT,0.569,0.007,0.424
CLUBS EIGHT DIAMONDS EIGHT,0.3572,0.0104,0.6324
CLUBS FIVE DIAMONDS EIGHT,0.5826,0.0084,0.409
SPADES ACE SPADES THREE,0.2626,0.0214,0.716
CLUBS FOUR DIAMONDS EIGHT,0.6004,0.0086,0.391
CLUBS SEVEN DIAMONDS EIGHT,0.561,0.007,0.432
SPADES QUEEN SPADES THREE,0.7018,0.0296,0.2686
CLUBS SIX DIAMONDS EIGHT,0.59,0.0094,0.4006
SPADES KING SPADES THREE,0.0768,0.853,0.0702
DIAMONDS QUEEN DIAMONDS EIGHT,0.5724,0.0086,0.419
HEARTS TWO DIAMONDS EIGHT,0.6556,0.0086,0.3358
DIAMONDS KING DIAMONDS EIGHT,0.2622,0.2008,0.537
HEARTS THREE DIAMONDS EIGHT,0.7432,0.0286,0.2282
DIAMONDS ACE DIAMONDS EIGHT,0.3754,0.0066,0.618
HEARTS FOUR DIAMONDS EIGHT,0.6118,0.0092,0.379
HEARTS FIVE DIAMONDS EIGHT,0.597,0.0078,0.3952
DIAMONDS EIGHT DIAMONDS TEN,0.5528,0.0084,0.4388
DIAMONDS EIGHT DIAMONDS JACK,0.5538,0.0064,0.4398
SPADES JACK SPADES THREE,0.7064,0.0274,0.2662
SPADES TEN SPADES THREE,0.703,0.0278,0.2692
CLUBS FOUR HEARTS ACE,0.3696,0.0062,0.6242
CLUBS FOUR HEARTS QUEEN,0.6256,0.0102,0.3642
CLUBS FOUR HEARTS KING,0.253,0.495,0.252
CLUBS SIX HEARTS TEN,0.6,0.0088,0.3912
CLUBS SIX HEARTS JACK,0.6112,0.0088,0.38
DIAMONDS EIGHT SPADES FOUR,0.6182,0.009,0.3728
SPADES FIVE DIAMONDS EIGHT,0.609,0.007,0.384
DIAMONDS EIGHT SPADES TWO,0.6656,0.0084,0.326
DIAMONDS EIGHT SPADES THREE,0.7504,0.027,0.2226
CLUBS FOUR HEARTS JACK,0.629,0.0092,0.3618
SPADES EIGHT DIAMONDS EIGHT,0.3666,0.0076,0.6258
SPADES TEN DIAMONDS QUEEN,0.573,0.0068,0.4202
SPADES TEN HEARTS TWO,0.6544,0.0068,0.3388
SPADES JACK HEARTS EIGHT,0.5744,0.0074,0.4182
CLUBS FOUR HEARTS TEN,0.6176,0.0096,0.3728
SPADES NINE DIAMONDS EIGHT,0.5738,0.0094,0.4168
SPADES TEN HEARTS EIGHT,0.573,0.0086,0.4184
SPADES JACK HEARTS TWO,0.6614,0.0096,0.329
SPADES JACK DIAMONDS QUEEN,0.5876,0.0046,0.4078
SPADES SIX DIAMONDS EIGHT,0.5912,0.0074,0.4014
SPADES SEVEN DIAMONDS EIGHT,0.5806,0.008,0.4114
SPADES ACE HEARTS TWO,0.4116,0.006,0.5824
SPADES ACE DIAMONDS QUEEN,0.3874,0.0046,0.608
SPADES ACE HEARTS EIGHT,0.4018,0.005,0.5932
SPADES KING HEARTS EIGHT,0.276,0.2238,0.5002
SPADES QUEEN HEARTS TWO,0.6604,0.0066,0.333
SPADES QUEEN DIAMONDS QUEEN,0.3244,0.004,0.6716
SPADES KING DIAMONDS QUEEN,0.2794,0.0674,0.6532
SPADES KING HEARTS TWO,0.3066,0.4774,0.216
SPADES QUEEN HEARTS EIGHT,0.5996,0.005,0.3954
CLUBS TWO HEARTS TEN,0.6646,0.0062,0.3292
CLUBS TWO HEARTS JACK,0.6448,0.0098,0.3454
SPADES SEVEN DIAMONDS NINE,0.5988,0.0078,0.3934
SPADES SIX DIAMONDS NINE,0.6056,0.0056,0.3888
SPADES NINE DIAMONDS NINE,0.3474,0.01,0.6426
SPADES EIGHT DIAMONDS NINE,0.5702,0.0054,0.4244
DIAMONDS NINE SPADES THREE,0.7384,0.0316,0.23
DIAMONDS NINE SPADES TWO,0.6642,0.0072,0.3286
DIAMONDS NINE SPADES FIVE,0.6174,0.0082,0.3744
DIAMONDS NINE SPADES FOUR,0.627,0.01,0.363
CLUBS NINE DIAMONDS NINE,0.3286,0.0146,0.6568
CLUBS EIGHT DIAMONDS NINE,0.5696,0.0086,0.4218
CLUBS SIX DIAMONDS NINE,0.5872,0.0082,0.4046
SPADES JACK CLUBS FOUR,0.62,0.008,0.372
CLUBS SEVEN DIAMONDS NINE,0.5692,0.007,0.4238
SPADES TEN CLUBS FOUR,0.6196,0.011,0.3694
CLUBS FOUR DIAMONDS NINE,0.6276,0.0078,0.3646
CLUBS FIVE DIAMONDS NINE,0.6048,0.0092,0.386
CLUBS TWO DIAMONDS NINE,0.6552,0.0088,0.336
DIAMONDS NINE HEARTS EIGHT,0.5844,0.0082,0.4074
DIAMONDS NINE HEARTS NINE,0.3518,0.0132,0.635
HEARTS SIX DIAMONDS NINE,0.6098,0.0084,0.3818
DIAMONDS NINE HEARTS SEVEN,0.5968,0.006,0.3972
CLUBS NINE CLUBS EIGHT,0.5664,0.008,0.4256
DIAMONDS ACE DIAMONDS NINE,0.3654,0.005,0.6296
HEARTS FOUR DIAMONDS NINE,0.633,0.0058,0.3612
HEARTS FIVE DIAMONDS NINE,0.62,0.0062,0.3738
CLUBS TWO HEARTS ACE,0.407,0.0072,0.5858
SPADES ACE CLUBS FOUR,0.3826,0.005,0.6124
DIAMONDS QUEEN DIAMONDS NINE,0.5742,0.0092,0.4166
HEARTS TWO DIAMONDS NINE,0.6432,0.0072,0.3496
CLUBS TWO HEARTS KING,0.2934,0.4932,0.2134
SPADES KING CLUBS FOUR,0.2666,0.4778,0.2556
DIAMONDS KING DIAMONDS NINE,0.2688,0.1548,0.5764
HEARTS THREE DIAMONDS NINE,0.745,0.0296,0.2254
CLUBS TWO HEARTS QUEEN,0.6524,0.0104,0.3372
SPADES QUEEN CLUBS FOUR,0.6222,0.0076,0.3702
DIAMONDS NINE DIAMONDS JACK,0.5524,0.0064,0.4412
CLUBS EIGHT SPADES NINE,0.5732,0.0088,0.418
DIAMONDS NINE DIAMONDS TEN,0.5382,0.005,0.4568
CLUBS EIGHT SPADES EIGHT,0.3564,0.0124,0.6312
CLUBS EIGHT SPADES SEVEN,0.5784,0.0084,0.4132
CLUBS EIGHT SPADES SIX,0.5816,0.0106,0.4078
CLUBS EIGHT SPADES FIVE,0.5922,0.0086,0.3992
CLUBS EIGHT SPADES FOUR,0.617,0.0084,0.3746
CLUBS EIGHT SPADES THREE,0.7398,0.0268,0.2334
CLUBS EIGHT SPADES TWO,0.6348,0.0112,0.354
HEARTS SIX DIAMONDS TEN,0.6202,0.0064,0.3734
DIAMONDS TEN HEARTS SEVEN,0.6034,0.0064,0.3902
DIAMONDS TEN HEARTS EIGHT,0.587,0.0076,0.4054
CLUBS FOUR CLUBS JACK,0.6136,0.01,0.3764
DIAMONDS TEN HEARTS NINE,0.5786,0.0076,0.4138
CLUBS TEN CLUBS FOUR,0.5948,0.0094,0.3958
CLUBS FOUR CLUBS QUEEN,0.6184,0.0106,0.371
CLUBS TWO DIAMONDS TEN,0.6576,0.0098,0.3326
CLUBS FOUR CLUBS ACE,0.3326,0.0062,0.6612
DIAMONDS JACK DIAMONDS TEN,0.5374,0.0082,0.4544
DIAMONDS QUEEN DIAMONDS TEN,0.5428,0.0082,0.449
HEARTS TWO DIAMONDS TEN,0.6522,0.0106,0.3372
DIAMONDS KING DIAMONDS TEN,0.2616,0.1088,0.6296
HEARTS THREE DIAMONDS TEN,0.7396,0.0266,0.2338
DIAMONDS ACE DIAMONDS TEN,0.369,0.0056,0.6254
HEARTS FOUR DIAMONDS TEN,0.639,0.008,0.353
CLUBS EIGHT HEARTS JACK,0.5776,0.0088,0.4136
HEARTS FIVE DIAMONDS TEN,0.6154,0.008,0.3766
CLUBS EIGHT HEARTS TEN,0.5812,0.0064,0.4124
CLUBS EIGHT HEARTS QUEEN,0.591,0.0076,0.4014
CLUBS EIGHT HEARTS KING,0.2574,0.2262,0.5164
CLUBS EIGHT HEARTS ACE,0.3934,0.0062,0.6004
CLUBS NINE SPADES THREE,0.7314,0.0412,0.2274
CLUBS NINE SPADES TWO,0.6466,0.0106,0.3428
CLUBS NINE SPADES FIVE,0.6108,0.0096,0.3796
CLUBS NINE SPADES FOUR,0.6058,0.0096,0.3846
CLUBS NINE SPADES SEVEN,0.5744,0.0078,0.4178
CLUBS NINE SPADES SIX,0.5936,0.0092,0.3972
CLUBS NINE SPADES NINE,0.3454,0.0098,0.6448
CLUBS TEN HEARTS EIGHT,0.5728,0.0074,0.4198
CLUBS NINE SPADES EIGHT,0.5796,0.0056,0.4148
CLUBS JACK HEARTS EIGHT,0.574,0.0064,0.4196
CLUBS QUEEN HEARTS EIGHT,0.5952,0.0082,0.3966
CLUBS ACE HEARTS EIGHT,0.3974,0.005,0.5976
DIAMONDS ACE HEARTS TEN,0.3754,0.003,0.6216
HEARTS FOUR HEARTS TEN,0.594,0.0082,0.3978
DIAMONDS ACE HEARTS JACK,0.3992,0.0042,0.5966
HEARTS FOUR HEARTS JACK,0.5962,0.0096,0.3942
SPADES KING CLUBS FIVE,0.2568,0.438,0.3052
SPADES QUEEN CLUBS FIVE,0.6148,0.0104,0.3748
SPADES ACE CLUBS FIVE,0.389,0.006,0.605
DIAMONDS JACK HEARTS SEVEN,0.6048,0.0064,0.3888
HEARTS SIX DIAMONDS JACK,0.6172,0.0076,0.3752
DIAMONDS JACK HEARTS NINE,0.5864,0.0082,0.4054
DIAMONDS JACK HEARTS EIGHT,0.5906,0.009,0.4004
DIAMONDS KING DIAMONDS JACK,0.2664,0.0802,0.6534
HEARTS THREE DIAMONDS JACK,0.734,0.0312,0.2348
SPADES ACE SPADES SIX,0.369,0.0052,0.6258
HEARTS ACE SPADES FOUR,0.3838,0.006,0.6102
DIAMONDS QUEEN DIAMONDS JACK,0.5542,0.0074,0.4384
HEARTS TWO DIAMONDS JACK,0.6524,0.0116,0.336
HEARTS FIVE DIAMONDS JACK,0.6168,0.0048,0.3784
SPADES QUEEN SPADES SIX,0.56,0.0094,0.4306
SPADES FOUR HEARTS QUEEN,0.6314,0.0072,0.3614
DIAMONDS ACE DIAMONDS JACK,0.3546,0.0062,0.6392
HEARTS FOUR DIAMONDS JACK,0.6388,0.0084,0.3528
SPADES KING SPADES SIX,0.251,0.3352,0.4138
HEARTS KING SPADES FOUR,0.268,0.4798,0.2522
SPADES TEN SPADES SIX,0.566,0.0068,0.4272
SPADES JACK SPADES SIX,0.5872,0.0076,0.4052
SPADES FOUR DIAMONDS JACK,0.62,0.0096,0.3704
SPADES FIVE DIAMONDS JACK,0.6268,0.0082,0.365
DIAMONDS JACK SPADES TWO,0.6496,0.0092,0.3412
DIAMONDS JACK SPADES THREE,0.7424,0.0308,0.2268
SPADES ACE DIAMONDS THREE,0.2834,0.0202,0.6964
SPADES QUEEN DIAMONDS THREE,0.7486,0.031,0.2204
CLUBS EIGHT DIAMONDS JACK,0.5912,0.0082,0.4006
SPADES KING DIAMONDS THREE,0.0668,0.9124,0.0208
CLUBS NINE DIAMONDS JACK,0.5758,0.0088,0.4154
CLUBS SIX DIAMONDS JACK,0.6146,0.0068,0.3786
CLUBS SEVEN DIAMONDS JACK,0.6082,0.0076,0.3842
CLUBS FOUR DIAMONDS JACK,0.6274,0.0076,0.365
CLUBS FIVE DIAMONDS JACK,0.6206,0.0084,0.371
CLUBS TWO DIAMONDS JACK,0.6408,0.0076,0.3516
SPADES TEN CLUBS FIVE,0.6068,0.0088,0.3844
HEARTS SIX SPADES JACK,0.6256,0.0064,0.368
HEARTS SIX SPADES TEN,0.6084,0.0068,0.3848
SPADES JACK CLUBS FIVE,0.6064,0.008,0.3856
SPADES JACK DIAMONDS THREE,0.747,0.0306,0.2224
CLUBS SEVEN CLUBS ACE,0.3372,0.0062,0.6566
DIAMONDS THREE SPADES TEN,0.7474,0.0302,0.2224
CLUBS SEVEN CLUBS QUEEN,0.6092,0.0062,0.3846
SPADES NINE DIAMONDS JACK,0.5882,0.0056,0.4062
CLUBS TEN CLUBS SEVEN,0.5918,0.0056,0.4026
DIAMONDS ACE HEARTS ACE,0.16,0.003,0.837
HEARTS FOUR HEARTS ACE,0.3636,0.0058,0.6306
SPADES EIGHT DIAMONDS JACK,0.599,0.007,0.394
SPADES ACE HEARTS SIX,0.4064,0.0036,0.59
CLUBS SEVEN CLUBS JACK,0.5928,0.0084,0.3988
DIAMONDS ACE HEARTS KING,0.2756,0.015,0.7094
HEARTS FOUR HEARTS KING,0.2572,0.4624,0.2804
SPADES SEVEN DIAMONDS JACK,0.6156,0.007,0.3774
SPADES KING HEARTS SIX,0.2732,0.352,0.3748
DIAMONDS ACE HEARTS QUEEN,0.3986,0.005,0.5964
HEARTS FOUR HEARTS QUEEN,0.5852,0.007,0.4078
SPADES QUEEN HEARTS SIX,0.6246,0.0074,0.368
SPADES SIX DIAMONDS JACK,0.62,0.0068,0.3732
DIAMONDS TEN SPADES TWO,0.6476,0.0098,0.3426
SPADES THREE DIAMONDS TEN,0.737,0.0332,0.2298
SPADES FOUR DIAMONDS TEN,0.6306,0.0062,0.3632
SPADES FIVE DIAMONDS TEN,0.626,0.0068,0.3672
SPADES SIX DIAMONDS TEN,0.6116,0.0106,0.3778
SPADES SEVEN DIAMONDS TEN,0.6012,0.0068,0.392
SPADES EIGHT DIAMONDS TEN,0.5954,0.0044,0.4002
SPADES NINE DIAMONDS TEN,0.5792,0.0072,0.4136
CLUBS FOUR DIAMONDS TEN,0.6366,0.0066,0.3568
CLUBS FIVE DIAMONDS TEN,0.6214,0.0078,0.3708
CLUBS SIX DIAMONDS TEN,0.6058,0.0086,0.3856
CLUBS SEVEN DIAMONDS TEN,0.596,0.0066,0.3974
CLUBS EIGHT DIAMONDS TEN,0.5792,0.009,0.4118
CLUBS NINE DIAMONDS TEN,0.5678,0.0086,0.4236
DIAMONDS THREE CLUBS JACK,0.7286,0.0348,0.2366
CLUBS TEN DIAMONDS THREE,0.7396,0.032,0.2284
DIAMONDS THREE CLUBS QUEEN,0.735,0.0334,0.2316
DIAMONDS THREE CLUBS ACE,0.2604,0.0192,0.7204
SPADES FOUR HEARTS JACK,0.618,0.0074,0.3746
SPADES FOUR HEARTS TEN,0.618,0.0056,0.3764
SPADES FIVE SPADES TWO,0.5884,0.009,0.4026
SPADES FOUR SPADES TWO,0.6134,0.0098,0.3768
SPADES THREE SPADES TWO,0.6802,0.0304,0.2894
SPADES NINE SPADES TWO,0.6136,0.0074,0.379
SPADES EIGHT SPADES TWO,0.6268,0.0102,0.363
SPADES SEVEN SPADES TWO,0.611,0.0084,0.3806
SPADES SIX SPADES TWO,0.6036,0.0088,0.3876
DIAMONDS QUEEN CLUBS TWO,0.6556,0.0082,0.3362
CLUBS TWO HEARTS TWO,0.4598,0.025,0.5152
DIAMONDS QUEEN HEARTS SEVEN,0.6242,0.0062,0.3696
HEARTS TWO HEARTS SEVEN,0.6092,0.0102,0.3806
HEARTS SIX DIAMONDS QUEEN,0.613,0.0098,0.3772
HEARTS SIX HEARTS TWO,0.6084,0.01,0.3816
DIAMONDS QUEEN HEARTS NINE,0.5988,0.0082,0.393
HEARTS TWO HEARTS NINE,0.6058,0.0074,0.3868
DIAMONDS QUEEN HEARTS EIGHT,0.6116,0.006,0.3824
HEARTS TWO HEARTS EIGHT,0.614,0.01,0.376
CLUBS NINE HEARTS TWO,0.644,0.0082,0.3478
CLUBS NINE DIAMONDS QUEEN,0.5886,0.0082,0.4032
CLUBS EIGHT HEARTS TWO,0.6424,0.0104,0.3472
CLUBS EIGHT DIAMONDS QUEEN,0.6006,0.009,0.3904
CLUBS FIVE DIAMONDS QUEEN,0.6146,0.0072,0.3782
CLUBS FIVE HEARTS TWO,0.6452,0.0098,0.345
SPADES EIGHT HEARTS ACE,0.4096,0.0044,0.586
DIAMONDS QUEEN CLUBS FOUR,0.6098,0.0084,0.3818
HEARTS TWO CLUBS FOUR,0.6432,0.0088,0.348
CLUBS SEVEN DIAMONDS QUEEN,0.6078,0.0068,0.3854
CLUBS SEVEN HEARTS TWO,0.6336,0.011,0.3554
SPADES EIGHT HEARTS QUEEN,0.6046,0.0076,0.3878
CLUBS SIX DIAMONDS QUEEN,0.6202,0.0072,0.3726
CLUBS SIX HEARTS TWO,0.649,0.0116,0.3394
SPADES EIGHT HEARTS KING,0.2684,0.22,0.5116
HEARTS TWO SPADES SIX,0.6388,0.0116,0.3496
DIAMONDS QUEEN SPADES SIX,0.6332,0.0064,0.3604
HEARTS FOUR CLUBS QUEEN,0.622,0.0078,0.3702
DIAMONDS ACE CLUBS QUEEN,0.375,0.0054,0.6196
DIAMONDS QUEEN SPADES SEVEN,0.6162,0.0068,0.377
HEARTS TWO SPADES SEVEN,0.6622,0.0094,0.3284
DIAMONDS QUEEN SPADES EIGHT,0.6146,0.0062,0.3792
SPADES EIGHT HEARTS TWO,0.6454,0.0086,0.346
HEARTS FOUR CLUBS ACE,0.3742,0.0048,0.621
DIAMONDS ACE CLUBS ACE,0.146,0.005,0.849
SPADES NINE DIAMONDS QUEEN,0.5924,0.0062,0.4014
SPADES NINE HEARTS TWO,0.6528,0.0094,0.3378
HEARTS TWO SPADES TWO,0.4596,0.0216,0.5188
DIAMONDS QUEEN SPADES TWO,0.6554,0.0068,0.3378
HEARTS TWO SPADES THREE,0.7304,0.0312,0.2384
DIAMONDS QUEEN SPADES THREE,0.7422,0.0314,0.2264
HEARTS TWO SPADES FOUR,0.6372,0.0096,0.3532
DIAMONDS QUEEN SPADES FOUR,0.6256,0.0078,0.3666
HEARTS FOUR CLUBS TEN,0.602,0.0086,0.3894
CLUBS TEN DIAMONDS ACE,0.3776,0.0048,0.6176
HEARTS TWO SPADES FIVE,0.6332,0.0104,0.3564
DIAMONDS QUEEN SPADES FIVE,0.6302,0.0112,0.3586
HEARTS FOUR CLUBS JACK,0.6122,0.0098,0.378
DIAMONDS ACE CLUBS JACK,0.3734,0.0062,0.6204
CLUBS FIVE CLUBS QUEEN,0.5982,0.0102,0.3916
CLUBS FIVE CLUBS ACE,0.326,0.006,0.668
CLUBS FIVE CLUBS JACK,0.6088,0.0072,0.384
CLUBS TEN CLUBS FIVE,0.6062,0.0108,0.383
SPADES KING CLUBS JACK,0.278,0.0908,0.6312
SPADES QUEEN CLUBS JACK,0.5702,0.0074,0.4224
SPADES ACE CLUBS JACK,0.3662,0.0056,0.6282
SPADES SIX CLUBS QUEEN,0.6092,0.0054,0.3854
SPADES EIGHT HEARTS JACK,0.6042,0.0072,0.3886
SPADES SIX CLUBS ACE,0.3886,0.0066,0.6048
SPADES EIGHT HEARTS TEN,0.6072,0.0068,0.386
SPADES SIX CLUBS JACK,0.6066,0.0086,0.3848
CLUBS TEN SPADES SIX,0.608,0.0066,0.3854
SPADES TEN CLUBS JACK,0.5514,0.009,0.4396
SPADES JACK CLUBS JACK,0.3224,0.0054,0.6722
SPADES QUEEN CLUBS SEVEN,0.6098,0.0072,0.383
SPADES KING CLUBS SEVEN,0.2466,0.2874,0.466
SPADES ACE CLUBS SEVEN,0.3842,0.007,0.6088
SPADES SIX HEARTS TEN,0.6062,0.006,0.3878
SPADES SIX HEARTS JACK,0.6222,0.005,0.3728
SPADES SIX HEARTS ACE,0.402,0.0034,0.5946
SPADES SIX HEARTS KING,0.275,0.357,0.368
SPADES SIX HEARTS QUEEN,0.6168,0.0082,0.375
CLUBS SEVEN SPADES JACK,0.581,0.0072,0.4118
CLUBS SEVEN SPADES TEN,0.5956,0.007,0.3974
CLUBS TEN HEARTS SIX,0.6072,0.0078,0.385
HEARTS SIX CLUBS JACK,0.603,0.01,0.387
CLUBS ACE CLUBS JACK,0.3336,0.006,0.6604
HEARTS SIX CLUBS QUEEN,0.6142,0.0084,0.3774
HEARTS SIX CLUBS ACE,0.3858,0.0052,0.609
CLUBS QUEEN CLUBS JACK,0.5736,0.0066,0.4198
DIAMONDS THREE HEARTS ACE,0.284,0.0194,0.6966
DIAMONDS THREE HEARTS QUEEN,0.7506,0.03,0.2194
DIAMONDS THREE HEARTS KING,0.069,0.908,0.023
CLUBS FIVE HEARTS JACK,0.607,0.0086,0.3844
SPADES TEN DIAMONDS ACE,0.3894,0.0054,0.6052
HEARTS FOUR SPADES TEN,0.615,0.0096,0.3754
CLUBS FIVE HEARTS TEN,0.6112,0.0078,0.381
HEARTS FOUR SPADES JACK,0.6236,0.0078,0.3686
SPADES JACK DIAMONDS ACE,0.4028,0.0038,0.5934
SPADES ACE HEARTS FOUR,0.3836,0.0064,0.61
SPADES ACE DIAMONDS ACE,0.1652,0.0042,0.8306
CLUBS FIVE HEARTS ACE,0.3796,0.0064,0.614
CLUBS FIVE HEARTS KING,0.2364,0.4458,0.3178
HEARTS FOUR SPADES QUEEN,0.6296,0.0066,0.3638
SPADES QUEEN DIAMONDS ACE,0.3976,0.005,0.5974
SPADES FOUR CLUBS JACK,0.6118,0.009,0.3792
CLUBS FIVE HEARTS QUEEN,0.6136,0.0112,0.3752
SPADES KING DIAMONDS ACE,0.2702,0.0112,0.7186
HEARTS FOUR SPADES KING,0.272,0.4788,0.2492
CLUBS TEN SPADES FOUR,0.6154,0.0084,0.3762
DIAMONDS QUEEN DIAMONDS ACE,0.3678,0.0052,0.627
HEARTS TWO DIAMONDS ACE,0.409,0.0054,0.5856
HEARTS FOUR DIAMONDS QUEEN,0.6348,0.006,0.3592
HEARTS FOUR HEARTS TWO,0.5962,0.0096,0.3942
DIAMONDS THREE HEARTS TEN,0.7418,0.0332,0.225
HEARTS FIVE DIAMONDS QUEEN,0.6256,0.0074,0.367
HEARTS FIVE HEARTS TWO,0.5886,0.0094,0.402
DIAMONDS THREE HEARTS JACK,0.7372,0.0324,0.2304
SPADES FOUR CLUBS QUEEN,0.6198,0.0086,0.3716
DIAMONDS QUEEN HEARTS TWO,0.663,0.0076,0.3294
DIAMONDS KING DIAMONDS QUEEN,0.2692,0.0602,0.6706
DIAMONDS KING HEARTS TWO,0.3194,0.4852,0.1954
HEARTS THREE DIAMONDS QUEEN,0.742,0.0312,0.2268
HEARTS THREE HEARTS TWO,0.6944,0.0292,0.2764
SPADES FOUR CLUBS ACE,0.3696,0.006,0.6244
HEARTS TWO CLUBS ACE,0.4004,0.0074,0.5922
DIAMONDS QUEEN CLUBS ACE,0.3744,0.004,0.6216
HEARTS TWO CLUBS QUEEN,0.6436,0.0114,0.345
DIAMONDS QUEEN CLUBS QUEEN,0.3178,0.0048,0.6774
SPADES EIGHT SPADES FIVE,0.5438,0.008,0.4482
CLUBS TEN HEARTS TWO,0.6436,0.0096,0.3468
CLUBS TEN DIAMONDS QUEEN,0.567,0.0094,0.4236
SPADES NINE SPADES FIVE,0.5762,0.0086,0.4152
HEARTS TWO CLUBS JACK,0.6444,0.01,0.3456
DIAMONDS QUEEN CLUBS JACK,0.5638,0.0082,0.428
SPADES SIX SPADES FIVE,0.5614,0.0072,0.4314
SPADES SEVEN SPADES FIVE,0.5616,0.0114,0.427
DIAMONDS FIVE CLUBS QUEEN,0.6162,0.0096,0.3742
SPADES EIGHT CLUBS ACE,0.3904,0.0062,0.6034
DIAMONDS FIVE CLUBS ACE,0.3872,0.0048,0.608
SPADES EIGHT CLUBS QUEEN,0.6014,0.008,0.3906
SPADES EIGHT CLUBS JACK,0.5872,0.008,0.4048
CLUBS TEN SPADES EIGHT,0.5764,0.0076,0.416
CLUBS TEN DIAMONDS FIVE,0.609,0.0084,0.3826
DIAMONDS FIVE CLUBS JACK,0.602,0.0088,0.3892
HEARTS JACK DIAMONDS TEN,0.5626,0.0086,0.4288
DIAMONDS TEN HEARTS TEN,0.3268,0.0098,0.6634
SPADES ACE CLUBS NINE,0.3826,0.0046,0.6128
CLUBS NINE SPADES QUEEN,0.5902,0.0074,0.4024
CLUBS NINE SPADES KING,0.268,0.1604,0.5716
HEARTS SIX HEARTS KING,0.2556,0.342,0.4024
DIAMONDS KING SPADES SEVEN,0.2846,0.2706,0.4448
HEARTS THREE SPADES SEVEN,0.7176,0.0262,0.2562
SPADES KING DIAMONDS SEVEN,0.2646,0.2884,0.447
HEARTS SIX HEARTS QUEEN,0.5844,0.0062,0.4094
SPADES QUEEN DIAMONDS SEVEN,0.6288,0.0068,0.3644
HEARTS THREE SPADES SIX,0.72,0.0224,0.2576
DIAMONDS KING SPADES SIX,0.2764,0.3516,0.372
DIAMONDS KING SPADES NINE,0.2836,0.155,0.5614
HEARTS THREE SPADES NINE,0.738,0.031,0.231
HEARTS SIX HEARTS ACE,0.3692,0.0052,0.6256
DIAMONDS KING SPADES EIGHT,0.2784,0.2154,0.5062
