opposingHand,winningChance,drawChance,lostChance
CLUBS SIX DIAMONDS SIX
HEARTS FIVE SPADES TEN,0.6548,0.0548,0.2904
HEARTS FIVE SPADES JACK,0.6452,0.0416,0.3132
CLUBS JACK SPADES FIVE,0.6466,0.0412,0.3122
CLUBS TEN SPADES FIVE,0.6476,0.0592,0.2932
CLUBS JACK CLUBS EIGHT,0.499,0.0368,0.4642
CLUBS TEN CLUBS EIGHT,0.5088,0.0456,0.4456
CLUBS EIGHT CLUBS KING,0.5204,0.0124,0.4672
SPADES FIVE CLUBS ACE,0.6276,0.0046,0.3678
CLUBS EIGHT CLUBS QUEEN,0.514,0.0226,0.4634
SPADES FIVE CLUBS KING,0.6598,0.0132,0.327
SPADES FIVE CLUBS QUEEN,0.6576,0.0246,0.3178
CLUBS EIGHT CLUBS ACE,0.5124,0.0046,0.483
DIAMONDS TWO DIAMONDS THREE,0.6952,0.1328,0.172
DIAMONDS TWO DIAMONDS FIVE,0.6926,0.129,0.1784
HEARTS FIVE SPADES KING,0.6432,0.0166,0.3402
DIAMONDS TWO DIAMONDS FOUR,0.7244,0.1198,0.1558
HEARTS FIVE SPADES QUEEN,0.6546,0.0286,0.3168
DIAMONDS TWO DIAMONDS SEVEN,0.641,0.1016,0.2574
SPADES ACE HEARTS FIVE,0.6274,0.0038,0.3688
DIAMONDS TWO DIAMONDS NINE,0.6186,0.0762,0.3052
DIAMONDS TWO DIAMONDS EIGHT,0.6318,0.0916,0.2766
DIAMONDS THREE DIAMONDS FOUR,0.6998,0.1336,0.1666
CLUBS TWO SPADES FOUR,0.7382,0.1382,0.1236
DIAMONDS THREE DIAMONDS FIVE,0.6886,0.1398,0.1716
SPADES FIVE CLUBS TWO,0.7374,0.125,0.1376
CLUBS TWO SPADES TWO,0.5732,0.2484,0.1784
CLUBS TWO SPADES THREE,0.75,0.1312,0.1188
DIAMONDS THREE DIAMONDS EIGHT,0.6238,0.0886,0.2876
SPADES EIGHT CLUBS TWO,0.6632,0.0866,0.2502
DIAMONDS THREE DIAMONDS NINE,0.6232,0.0724,0.3044
SPADES NINE CLUBS TWO,0.6726,0.07,0.2574
SPADES SIX CLUBS TWO,0.8266,0.1118,0.0616
DIAMONDS THREE DIAMONDS SEVEN,0.6242,0.1034,0.2724
SPADES SEVEN CLUBS TWO,0.6712,0.105,0.2238
CLUBS SEVEN CLUBS TWO,0.6374,0.0988,0.2638
CLUBS FOUR CLUBS TWO,0.708,0.122,0.17
CLUBS FIVE CLUBS TWO,0.705,0.1294,0.1656
CLUBS TEN CLUBS JACK,0.4688,0.0232,0.508
CLUBS TEN CLUBS QUEEN,0.489,0.0146,0.4964
DIAMONDS FOUR DIAMONDS SEVEN,0.6278,0.1008,0.2714
CLUBS TEN CLUBS KING,0.4962,0.0096,0.4942
CLUBS TEN CLUBS ACE,0.4814,0.005,0.5136
CLUBS EIGHT CLUBS TWO,0.617,0.0916,0.2914
DIAMONDS FIVE DIAMONDS FOUR,0.6978,0.121,0.1812
CLUBS NINE CLUBS TWO,0.616,0.0744,0.3096
DIAMONDS NINE DIAMONDS FOUR,0.626,0.0662,0.3078
DIAMONDS FOUR DIAMONDS EIGHT,0.6156,0.0944,0.29
CLUBS THREE CLUBS TWO,0.6974,0.126,0.1766
DIAMONDS NINE DIAMONDS FIVE,0.611,0.0664,0.3226
CLUBS JACK DIAMONDS TWO,0.6438,0.0488,0.3074
DIAMONDS FIVE DIAMONDS EIGHT,0.6144,0.0888,0.2968
CLUBS TEN DIAMONDS TWO,0.6562,0.0576,0.2862
DIAMONDS FIVE DIAMONDS SEVEN,0.6124,0.1002,0.2874
DIAMONDS TWO CLUBS ACE,0.6254,0.0042,0.3704
DIAMONDS TWO CLUBS KING,0.6686,0.0156,0.3158
DIAMONDS TWO CLUBS QUEEN,0.654,0.0306,0.3154
HEARTS ACE SPADES THREE,0.6316,0.0052,0.3632
SPADES THREE HEARTS KING,0.65,0.0158,0.3342
HEARTS QUEEN SPADES THREE,0.662,0.0238,0.3142
SPADES THREE HEARTS JACK,0.638,0.0436,0.3184
SPADES THREE HEARTS TEN,0.6498,0.0588,0.2914
DIAMONDS EIGHT DIAMONDS SEVEN,0.5118,0.0748,0.4134
DIAMONDS NINE DIAMONDS SEVEN,0.51,0.066,0.424
DIAMONDS NINE DIAMONDS EIGHT,0.486,0.063,0.451
DIAMONDS KING HEARTS TEN,0.5082,0.0078,0.484
HEARTS THREE HEARTS TEN,0.609,0.0614,0.3296
DIAMONDS KING HEARTS JACK,0.537,0.0088,0.4542
HEARTS THREE HEARTS JACK,0.615,0.0476,0.3374
SPADES JACK SPADES FIVE,0.6056,0.0416,0.3528
SPADES TEN SPADES FIVE,0.6038,0.0584,0.3378
DIAMONDS KING HEARTS ACE,0.5234,0.004,0.4726
HEARTS THREE HEARTS ACE,0.5924,0.0042,0.4034
DIAMONDS KING HEARTS QUEEN,0.5214,0.0054,0.4732
HEARTS THREE HEARTS QUEEN,0.6038,0.0318,0.3644
DIAMONDS KING HEARTS KING,0.1796,0.0338,0.7866
HEARTS THREE HEARTS KING,0.617,0.0138,0.3692
SPADES NINE HEARTS TEN,0.4968,0.0366,0.4666
SPADES NINE HEARTS JACK,0.5142,0.0286,0.4572
SPADES QUEEN SPADES FIVE,0.6326,0.0264,0.341
SPADES KING SPADES FIVE,0.5996,0.0132,0.3872
SPADES ACE SPADES FIVE,0.5902,0.0056,0.4042
SPADES NINE HEARTS QUEEN,0.5394,0.0188,0.4418
SPADES NINE HEARTS KING,0.541,0.01,0.449
SPADES NINE HEARTS ACE,0.5352,0.003,0.4618
CLUBS TEN SPADES JACK,0.4904,0.0244,0.4852
CLUBS TEN SPADES TEN,0.1958,0.12,0.6842
SPADES ACE CLUBS TEN,0.5214,0.0056,0.473
CLUBS TEN SPADES KING,0.523,0.0076,0.4694
CLUBS TEN SPADES QUEEN,0.5034,0.0164,0.4802
SPADES FIVE HEARTS QUEEN,0.6612,0.0244,0.3144
SPADES FIVE HEARTS KING,0.6444,0.0148,0.3408
HEARTS ACE SPADES FIVE,0.6144,0.004,0.3816
CLUBS EIGHT SPADES TEN,0.5296,0.0386,0.4318
SPADES JACK HEARTS THREE,0.655,0.0412,0.3038
SPADES JACK DIAMONDS KING,0.5136,0.0074,0.479
SPADES TEN DIAMONDS KING,0.522,0.0078,0.4702
SPADES TEN HEARTS THREE,0.6582,0.0574,0.2844
CLUBS EIGHT SPADES JACK,0.531,0.0312,0.4378
SPADES ACE CLUBS EIGHT,0.5328,0.0032,0.464
HEARTS FIVE CLUBS JACK,0.636,0.0446,0.3194
CLUBS TEN HEARTS FIVE,0.6544,0.057,0.2886
SPADES QUEEN CLUBS EIGHT,0.5398,0.024,0.4362
CLUBS TEN SPADES THREE,0.6576,0.0532,0.2892
SPADES KING CLUBS EIGHT,0.5416,0.012,0.4464
CLUBS JACK SPADES THREE,0.6502,0.0448,0.305
DIAMONDS TWO HEARTS JACK,0.6682,0.0416,0.2902
SPADES THREE CLUBS QUEEN,0.6428,0.0286,0.3286
DIAMONDS TWO HEARTS TEN,0.6506,0.0602,0.2892
SPADES THREE CLUBS KING,0.6522,0.0146,0.3332
HEARTS FIVE CLUBS ACE,0.6114,0.005,0.3836
SPADES FIVE HEARTS TEN,0.6496,0.056,0.2944
SPADES THREE CLUBS ACE,0.6272,0.0076,0.3652
HEARTS FIVE CLUBS KING,0.6536,0.0158,0.3306
SPADES FIVE HEARTS JACK,0.6406,0.0412,0.3182
HEARTS FIVE CLUBS QUEEN,0.648,0.031,0.321
HEARTS THREE CLUBS KING,0.6474,0.0122,0.3404
DIAMONDS KING CLUBS KING,0.1852,0.0372,0.7776
HEARTS THREE CLUBS QUEEN,0.6446,0.0258,0.3296
DIAMONDS KING CLUBS QUEEN,0.5226,0.0078,0.4696
HEARTS FIVE HEARTS JACK,0.6136,0.0422,0.3442
HEARTS FIVE HEARTS TEN,0.609,0.0528,0.3382
HEARTS THREE CLUBS ACE,0.625,0.0038,0.3712
DIAMONDS KING CLUBS ACE,0.5108,0.0042,0.485
SPADES ACE CLUBS QUEEN,0.5222,0.0056,0.4722
SPADES KING CLUBS QUEEN,0.5154,0.0076,0.477
CLUBS JACK HEARTS THREE,0.651,0.0466,0.3024
CLUBS JACK DIAMONDS KING,0.5204,0.0102,0.4694
SPADES QUEEN CLUBS QUEEN,0.2008,0.0646,0.7346
CLUBS TEN HEARTS THREE,0.6594,0.0592,0.2814
CLUBS TEN DIAMONDS KING,0.5126,0.0096,0.4778
SPADES JACK CLUBS QUEEN,0.5064,0.012,0.4816
SPADES TEN CLUBS QUEEN,0.527,0.015,0.458
HEARTS FIVE HEARTS KING,0.6106,0.0154,0.374
HEARTS FIVE HEARTS QUEEN,0.6054,0.0264,0.3682
HEARTS FIVE HEARTS ACE,0.5918,0.0052,0.403
SPADES SEVEN HEARTS JACK,0.5472,0.0354,0.4174
SPADES SEVEN HEARTS TEN,0.5364,0.0516,0.412
DIAMONDS TWO CLUBS TWO,0.59,0.2434,0.1666
DIAMONDS TWO CLUBS THREE,0.7506,0.1348,0.1146
DIAMONDS TWO HEARTS SIX,0.8042,0.1262,0.0696
DIAMONDS TWO HEARTS QUEEN,0.6502,0.0292,0.3206
HEARTS SEVEN DIAMONDS TWO,0.6618,0.1106,0.2276
DIAMONDS TWO HEARTS KING,0.6616,0.0152,0.3232
DIAMONDS TWO HEARTS EIGHT,0.6542,0.0894,0.2564
DIAMONDS TWO HEARTS ACE,0.6314,0.004,0.3646
DIAMONDS TWO HEARTS NINE,0.6546,0.0814,0.264
DIAMONDS TWO DIAMONDS QUEEN,0.626,0.026,0.348
DIAMONDS TWO HEARTS TWO,0.5778,0.2414,0.1808
DIAMONDS TWO DIAMONDS KING,0.626,0.0164,0.3576
DIAMONDS TWO HEARTS THREE,0.7378,0.1318,0.1304
DIAMONDS TWO DIAMONDS ACE,0.6034,0.0038,0.3928
HEARTS FOUR DIAMONDS TWO,0.7336,0.1406,0.1258
HEARTS FIVE DIAMONDS TWO,0.7384,0.1348,0.1268
SPADES SEVEN HEARTS ACE,0.5452,0.0036,0.4512
DIAMONDS TWO DIAMONDS TEN,0.6096,0.0608,0.3296
SPADES SEVEN HEARTS KING,0.5506,0.0132,0.4362
DIAMONDS TWO DIAMONDS JACK,0.614,0.0434,0.3426
SPADES SEVEN HEARTS QUEEN,0.5614,0.0202,0.4184
DIAMONDS TWO SPADES NINE,0.6546,0.0782,0.2672
DIAMONDS TWO SPADES EIGHT,0.6542,0.0916,0.2542
DIAMONDS TWO SPADES SEVEN,0.6614,0.1152,0.2234
DIAMONDS TWO SPADES SIX,0.8082,0.1238,0.068
DIAMONDS TWO SPADES FIVE,0.7362,0.1294,0.1344
DIAMONDS TWO SPADES FOUR,0.7428,0.1342,0.123
DIAMONDS TWO SPADES THREE,0.7374,0.134,0.1286
DIAMONDS TWO SPADES TWO,0.5646,0.2536,0.1818
DIAMONDS TWO CLUBS NINE,0.6528,0.0822,0.265
CLUBS EIGHT DIAMONDS TWO,0.6624,0.093,0.2446
DIAMONDS TWO CLUBS SEVEN,0.6648,0.1084,0.2268
DIAMONDS TWO CLUBS FIVE,0.7584,0.1226,0.119
DIAMONDS TWO CLUBS FOUR,0.7394,0.142,0.1186
CLUBS FOUR SPADES FIVE,0.7186,0.1318,0.1496
CLUBS FOUR SPADES FOUR,0.5638,0.2542,0.182
CLUBS FOUR SPADES THREE,0.7302,0.1312,0.1386
CLUBS FOUR SPADES TWO,0.7342,0.1322,0.1336
SPADES NINE CLUBS FOUR,0.667,0.0714,0.2616
SPADES EIGHT CLUBS FOUR,0.658,0.0914,0.2506
SPADES SEVEN CLUBS FOUR,0.6664,0.093,0.2406
CLUBS FOUR SPADES SIX,0.7776,0.1174,0.105
SPADES QUEEN SPADES TWO,0.6182,0.026,0.3558
SPADES KING SPADES TWO,0.6274,0.0128,0.3598
SPADES ACE SPADES TWO,0.6042,0.0052,0.3906
CLUBS JACK DIAMONDS JACK,0.1846,0.0946,0.7208
CLUBS TEN DIAMONDS JACK,0.4818,0.0252,0.493
DIAMONDS JACK CLUBS KING,0.499,0.0078,0.4932
DIAMONDS JACK CLUBS QUEEN,0.516,0.0116,0.4724
DIAMONDS THREE DIAMONDS JACK,0.6216,0.0402,0.3382
DIAMONDS THREE DIAMONDS TEN,0.6224,0.0606,0.317
DIAMONDS JACK CLUBS ACE,0.4988,0.0054,0.4958
DIAMONDS THREE DIAMONDS KING,0.614,0.0146,0.3714
DIAMONDS THREE HEARTS THREE,0.5668,0.2488,0.1844
DIAMONDS THREE DIAMONDS QUEEN,0.6236,0.0296,0.3468
DIAMONDS THREE HEARTS TWO,0.7482,0.127,0.1248
HEARTS FIVE DIAMONDS THREE,0.7368,0.1238,0.1394
DIAMONDS THREE DIAMONDS ACE,0.5948,0.004,0.4012
HEARTS FOUR DIAMONDS THREE,0.7326,0.134,0.1334
HEARTS SEVEN DIAMONDS THREE,0.66,0.1018,0.2382
SPADES TEN SPADES NINE,0.4722,0.0402,0.4876
HEARTS SIX DIAMONDS THREE,0.8024,0.1198,0.0778
SPADES JACK SPADES NINE,0.4856,0.0312,0.4832
DIAMONDS THREE HEARTS NINE,0.6576,0.0828,0.2596
HEARTS JACK DIAMONDS FOUR,0.6418,0.0424,0.3158
HEARTS ACE HEARTS KING,0.5002,0.0018,0.498
SPADES TEN SPADES TWO,0.618,0.0572,0.3248
DIAMONDS THREE HEARTS EIGHT,0.6578,0.097,0.2452
HEARTS TEN DIAMONDS FOUR,0.66,0.0556,0.2844
SPADES JACK SPADES TWO,0.6286,0.0372,0.3342
HEARTS QUEEN DIAMONDS FOUR,0.6706,0.023,0.3064
HEARTS KING DIAMONDS FOUR,0.6528,0.0144,0.3328
SPADES ACE SPADES NINE,0.5012,0.003,0.4958
HEARTS ACE DIAMONDS FOUR,0.6286,0.0044,0.367
SPADES KING SPADES NINE,0.5004,0.01,0.4896
SPADES QUEEN SPADES NINE,0.4918,0.0172,0.491
DIAMONDS THREE SPADES NINE,0.658,0.0706,0.2714
DIAMONDS THREE SPADES EIGHT,0.6646,0.0928,0.2426
DIAMONDS THREE SPADES SEVEN,0.6652,0.0992,0.2356
DIAMONDS THREE SPADES SIX,0.7932,0.124,0.0828
CLUBS ACE DIAMONDS FOUR,0.6264,0.0066,0.367
DIAMONDS THREE CLUBS SEVEN,0.6652,0.1088,0.226
CLUBS FIVE CLUBS SEVEN,0.5962,0.1046,0.2992
DIAMONDS THREE CLUBS FOUR,0.738,0.1396,0.1224
DIAMONDS FOUR CLUBS QUEEN,0.6576,0.028,0.3144
DIAMONDS THREE CLUBS FIVE,0.7338,0.1344,0.1318
DIAMONDS FOUR CLUBS KING,0.6634,0.0166,0.32
DIAMONDS THREE CLUBS TWO,0.736,0.1462,0.1178
CLUBS TEN DIAMONDS FOUR,0.6646,0.0594,0.276
DIAMONDS THREE CLUBS THREE,0.5828,0.246,0.1712
CLUBS JACK DIAMONDS FOUR,0.6506,0.0402,0.3092
DIAMONDS THREE SPADES FOUR,0.7344,0.1304,0.1352
DIAMONDS THREE SPADES FIVE,0.7412,0.128,0.1308
DIAMONDS THREE SPADES TWO,0.744,0.135,0.121
DIAMONDS THREE SPADES THREE,0.5774,0.2464,0.1762
CLUBS EIGHT DIAMONDS THREE,0.658,0.0914,0.2506
CLUBS NINE DIAMONDS THREE,0.6558,0.0698,0.2744
SPADES SEVEN CLUBS ACE,0.5484,0.0044,0.4472
SPADES SEVEN CLUBS QUEEN,0.5338,0.0282,0.438
SPADES SEVEN CLUBS KING,0.555,0.0138,0.4312
CLUBS FIVE SPADES SEVEN,0.6434,0.1088,0.2478
CLUBS TEN SPADES SEVEN,0.535,0.05,0.415
CLUBS FIVE SPADES SIX,0.7572,0.113,0.1298
CLUBS JACK SPADES SEVEN,0.533,0.0362,0.4308
CLUBS FIVE SPADES NINE,0.6546,0.0654,0.28
CLUBS FIVE SPADES EIGHT,0.6408,0.096,0.2632
CLUBS FIVE SPADES THREE,0.738,0.1264,0.1356
CLUBS FIVE SPADES TWO,0.7356,0.1288,0.1356
CLUBS FIVE SPADES FIVE,0.5776,0.2502,0.1722
CLUBS FIVE SPADES FOUR,0.7266,0.1244,0.149
CLUBS NINE CLUBS FIVE,0.614,0.0702,0.3158
CLUBS EIGHT CLUBS FIVE,0.6076,0.093,0.2994
CLUBS ACE CLUBS QUEEN,0.4868,0.0034,0.5098
CLUBS KING CLUBS QUEEN,0.4822,0.0078,0.51
DIAMONDS TEN DIAMONDS FOUR,0.604,0.0602,0.3358
CLUBS TEN DIAMONDS NINE,0.5054,0.0444,0.4502
DIAMONDS JACK DIAMONDS FOUR,0.6136,0.0442,0.3422
CLUBS JACK DIAMONDS NINE,0.525,0.03,0.445
CLUBS JACK SPADES NINE,0.5072,0.0292,0.4636
CLUBS TEN SPADES NINE,0.5208,0.0392,0.44
DIAMONDS ACE DIAMONDS FOUR,0.598,0.0044,0.3976
HEARTS FOUR DIAMONDS FOUR,0.577,0.2478,0.1752
DIAMONDS JACK HEARTS TEN,0.4976,0.0242,0.4782
SPADES NINE CLUBS KING,0.5388,0.0078,0.4534
DIAMONDS TWO SPADES TEN,0.6478,0.061,0.2912
DIAMONDS NINE CLUBS ACE,0.5374,0.0072,0.4554
HEARTS FIVE DIAMONDS FOUR,0.7364,0.1232,0.1404
DIAMONDS JACK HEARTS JACK,0.19,0.0944,0.7156
SPADES NINE CLUBS QUEEN,0.5428,0.0184,0.4388
DIAMONDS TWO SPADES JACK,0.658,0.0388,0.3032
DIAMONDS QUEEN DIAMONDS FOUR,0.6292,0.0228,0.348
HEARTS TWO DIAMONDS FOUR,0.7464,0.1258,0.1278
DIAMONDS NINE CLUBS QUEEN,0.528,0.019,0.453
DIAMONDS KING DIAMONDS FOUR,0.6342,0.0128,0.353
HEARTS THREE DIAMONDS FOUR,0.742,0.1322,0.1258
SPADES NINE CLUBS ACE,0.5432,0.0034,0.4534
DIAMONDS NINE CLUBS KING,0.5146,0.0106,0.4748
HEARTS ACE DIAMONDS JACK,0.5236,0.0044,0.472
SPADES ACE DIAMONDS TWO,0.6318,0.0036,0.3646
HEARTS QUEEN DIAMONDS JACK,0.5086,0.0134,0.478
SPADES QUEEN DIAMONDS TWO,0.6602,0.0234,0.3164
HEARTS KING DIAMONDS JACK,0.5168,0.0094,0.4738
SPADES KING DIAMONDS TWO,0.6452,0.0158,0.339
SPADES JACK SPADES SEVEN,0.5112,0.0322,0.4566
SPADES TEN SPADES SEVEN,0.5014,0.0496,0.449
CLUBS SEVEN CLUBS THREE,0.631,0.1048,0.2642
CLUBS FIVE CLUBS THREE,0.7038,0.1162,0.18
CLUBS THREE CLUBS FOUR,0.6948,0.1282,0.177
CLUBS NINE CLUBS THREE,0.632,0.0754,0.2926
CLUBS EIGHT CLUBS THREE,0.6228,0.0854,0.2918
CLUBS THREE SPADES FIVE,0.7228,0.1362,0.141
CLUBS THREE SPADES FOUR,0.735,0.1338,0.1312
CLUBS THREE SPADES THREE,0.575,0.2506,0.1744
CLUBS THREE SPADES TWO,0.7434,0.1316,0.125
CLUBS THREE SPADES SIX,0.7908,0.1216,0.0876
CLUBS THREE SPADES SEVEN,0.6548,0.1058,0.2394
SPADES EIGHT CLUBS THREE,0.6642,0.0874,0.2484
SPADES NINE CLUBS THREE,0.6714,0.0676,0.261
SPADES TWO DIAMONDS FOUR,0.7386,0.1366,0.1248
SPADES THREE DIAMONDS FOUR,0.7334,0.1302,0.1364
SPADES FOUR DIAMONDS FOUR,0.5804,0.245,0.1746
SPADES FIVE DIAMONDS FOUR,0.7208,0.1268,0.1524
SPADES SIX DIAMONDS FOUR,0.7746,0.124,0.1014
SPADES SEVEN DIAMONDS FOUR,0.6476,0.1084,0.244
SPADES EIGHT DIAMONDS FOUR,0.6598,0.0882,0.252
SPADES NINE DIAMONDS FOUR,0.6576,0.0756,0.2668
CLUBS FIVE DIAMONDS FOUR,0.7364,0.125,0.1386
CLUBS FOUR DIAMONDS FOUR,0.5726,0.256,0.1714
CLUBS SEVEN DIAMONDS FOUR,0.6414,0.1108,0.2478
CLUBS NINE DIAMONDS FOUR,0.6654,0.0784,0.2562
CLUBS EIGHT DIAMONDS FOUR,0.649,0.0928,0.2582
HEARTS SEVEN DIAMONDS FOUR,0.6544,0.1082,0.2374
HEARTS SIX DIAMONDS FOUR,0.7842,0.1134,0.1024
DIAMONDS FOUR HEARTS NINE,0.6464,0.0746,0.279
DIAMONDS FOUR HEARTS EIGHT,0.6458,0.0856,0.2686
CLUBS THREE DIAMONDS FOUR,0.7378,0.1346,0.1276
CLUBS TWO DIAMONDS FOUR,0.733,0.135,0.132
DIAMONDS TEN DIAMONDS FIVE,0.6226,0.0564,0.321
DIAMONDS JACK DIAMONDS FIVE,0.6228,0.04,0.3372
DIAMONDS NINE HEARTS QUEEN,0.5268,0.0202,0.453
DIAMONDS NINE HEARTS KING,0.536,0.0094,0.4546
HEARTS ACE DIAMONDS NINE,0.5304,0.0036,0.466
DIAMONDS NINE HEARTS TEN,0.5078,0.0408,0.4514
DIAMONDS NINE HEARTS JACK,0.531,0.0274,0.4416
SPADES KING DIAMONDS FOUR,0.646,0.0168,0.3372
SPADES ACE SPADES SEVEN,0.514,0.004,0.482
SPADES QUEEN DIAMONDS FOUR,0.6436,0.0274,0.329
SPADES QUEEN SPADES SEVEN,0.5238,0.0208,0.4554
SPADES KING SPADES SEVEN,0.5192,0.0114,0.4694
SPADES ACE DIAMONDS FOUR,0.6224,0.0042,0.3734
CLUBS NINE CLUBS FOUR,0.6186,0.0724,0.309
CLUBS EIGHT CLUBS FOUR,0.6278,0.087,0.2852
SPADES JACK DIAMONDS FOUR,0.639,0.0436,0.3174
SPADES TEN DIAMONDS FOUR,0.6584,0.0618,0.2798
CLUBS FIVE CLUBS FOUR,0.702,0.1206,0.1774
CLUBS SEVEN CLUBS FOUR,0.6278,0.1032,0.269
CLUBS SEVEN SPADES EIGHT,0.5308,0.082,0.3872
SPADES NINE CLUBS SEVEN,0.5288,0.0694,0.4018
CLUBS SEVEN SPADES SIX,0.6114,0.082,0.3066
CLUBS SEVEN SPADES SEVEN,0.1748,0.2194,0.6058
CLUBS SEVEN SPADES FIVE,0.6256,0.1092,0.2652
CLUBS SEVEN SPADES FOUR,0.646,0.1014,0.2526
CLUBS SEVEN SPADES THREE,0.6482,0.1026,0.2492
CLUBS SEVEN SPADES TWO,0.6628,0.11,0.2272
CLUBS NINE CLUBS SEVEN,0.5054,0.0656,0.429
CLUBS EIGHT CLUBS SEVEN,0.4944,0.0862,0.4194
HEARTS SIX DIAMONDS FIVE,0.7688,0.1138,0.1174
HEARTS SEVEN DIAMONDS FIVE,0.635,0.1102,0.2548
DIAMONDS FIVE HEARTS EIGHT,0.6592,0.0838,0.257
DIAMONDS FIVE HEARTS NINE,0.6546,0.076,0.2694
DIAMONDS QUEEN DIAMONDS FIVE,0.6148,0.0264,0.3588
HEARTS TWO DIAMONDS FIVE,0.7412,0.126,0.1328
HEARTS KING HEARTS EIGHT,0.5362,0.0096,0.4542
DIAMONDS KING DIAMONDS FIVE,0.615,0.013,0.372
HEARTS THREE DIAMONDS FIVE,0.7334,0.1232,0.1434
HEARTS QUEEN HEARTS EIGHT,0.5112,0.0216,0.4672
DIAMONDS ACE DIAMONDS FIVE,0.5974,0.0058,0.3968
HEARTS FOUR DIAMONDS FIVE,0.7228,0.132,0.1452
HEARTS FIVE DIAMONDS FIVE,0.5726,0.2452,0.1822
HEARTS ACE HEARTS EIGHT,0.4934,0.0034,0.5032
CLUBS FOUR DIAMONDS FIVE,0.7368,0.1284,0.1348
CLUBS FIVE DIAMONDS FIVE,0.5802,0.25,0.1698
CLUBS SEVEN DIAMONDS FIVE,0.6384,0.1104,0.2512
CLUBS TWO DIAMONDS FIVE,0.7508,0.1222,0.127
CLUBS THREE DIAMONDS FIVE,0.7264,0.1376,0.136
SPADES THREE DIAMONDS FIVE,0.7282,0.1334,0.1384
SPADES TWO DIAMONDS FIVE,0.745,0.1282,0.1268
SPADES JACK DIAMONDS EIGHT,0.5262,0.0386,0.4352
SPADES FIVE DIAMONDS FIVE,0.5724,0.2482,0.1794
CLUBS TEN HEARTS JACK,0.4946,0.022,0.4834
SPADES TEN DIAMONDS EIGHT,0.518,0.0482,0.4338
SPADES FOUR DIAMONDS FIVE,0.7202,0.1344,0.1454
CLUBS JACK HEARTS JACK,0.1842,0.097,0.7188
HEARTS JACK CLUBS QUEEN,0.5076,0.0126,0.4798
CLUBS NINE DIAMONDS FIVE,0.6508,0.0778,0.2714
CLUBS EIGHT DIAMONDS FIVE,0.6502,0.0876,0.2622
HEARTS JACK CLUBS KING,0.5156,0.0058,0.4786
CLUBS ACE HEARTS JACK,0.5164,0.0042,0.4794
SPADES SEVEN DIAMONDS FIVE,0.6352,0.1122,0.2526
SPADES KING DIAMONDS EIGHT,0.574,0.0104,0.4156
SPADES QUEEN DIAMONDS EIGHT,0.5394,0.0244,0.4362
SPADES SIX DIAMONDS FIVE,0.7594,0.1214,0.1192
SPADES NINE DIAMONDS FIVE,0.6538,0.0652,0.281
SPADES EIGHT DIAMONDS FIVE,0.6478,0.089,0.2632
SPADES ACE DIAMONDS EIGHT,0.531,0.0042,0.4648
HEARTS ACE DIAMONDS SEVEN,0.5348,0.0052,0.46
HEARTS QUEEN DIAMONDS SEVEN,0.5498,0.0258,0.4244
HEARTS KING DIAMONDS SEVEN,0.5526,0.0132,0.4342
SPADES TWO HEARTS JACK,0.6486,0.038,0.3134
SPADES TWO HEARTS TEN,0.6468,0.0616,0.2916
HEARTS TEN DIAMONDS SEVEN,0.524,0.058,0.418
HEARTS JACK DIAMONDS SEVEN,0.5462,0.0388,0.415
CLUBS JACK DIAMONDS EIGHT,0.5196,0.0342,0.4462
CLUBS TEN DIAMONDS EIGHT,0.5072,0.0468,0.446
HEARTS ACE HEARTS JACK,0.4904,0.0032,0.5064
CLUBS ACE DIAMONDS EIGHT,0.5272,0.0046,0.4682
HEARTS QUEEN HEARTS JACK,0.4814,0.0116,0.507
CLUBS KING DIAMONDS EIGHT,0.5384,0.0092,0.4524
HEARTS KING HEARTS JACK,0.5014,0.0048,0.4938
DIAMONDS EIGHT CLUBS QUEEN,0.538,0.0238,0.4382
SPADES TEN HEARTS KING,0.5154,0.0054,0.4792
HEARTS ACE SPADES TWO,0.6162,0.0048,0.379
SPADES JACK HEARTS KING,0.5218,0.008,0.4702
HEARTS QUEEN SPADES TWO,0.6508,0.0294,0.3198
SPADES ACE SPADES KING,0.5146,0.003,0.4824
HEARTS KING SPADES TWO,0.6528,0.0162,0.331
HEARTS TEN HEARTS EIGHT,0.51,0.0392,0.4508
HEARTS JACK HEARTS EIGHT,0.5156,0.0318,0.4526
SPADES KING HEARTS KING,0.198,0.0346,0.7674
SPADES QUEEN HEARTS KING,0.5254,0.0048,0.4698
CLUBS ACE CLUBS KING,0.5042,0.0042,0.4916
SPADES ACE HEARTS KING,0.5214,0.0036,0.475
SPADES ACE HEARTS JACK,0.5134,0.0028,0.4838
SPADES QUEEN HEARTS JACK,0.5152,0.0128,0.472
SPADES KING HEARTS JACK,0.5222,0.005,0.4728
SPADES TEN DIAMONDS TEN,0.1922,0.122,0.6858
SPADES JACK DIAMONDS TEN,0.4896,0.0274,0.483
SPADES ACE DIAMONDS TEN,0.526,0.0038,0.4702
SPADES JACK HEARTS JACK,0.1964,0.0928,0.7108
SPADES TEN HEARTS JACK,0.5064,0.0252,0.4684
SPADES QUEEN DIAMONDS TEN,0.504,0.0136,0.4824
SPADES KING DIAMONDS TEN,0.5286,0.0062,0.4652
SPADES NINE DIAMONDS SEVEN,0.5204,0.063,0.4166
SPADES EIGHT DIAMONDS SEVEN,0.5284,0.0836,0.388
SPADES SEVEN DIAMONDS SEVEN,0.173,0.2188,0.6082
SPADES SIX DIAMONDS SEVEN,0.6162,0.0874,0.2964
DIAMONDS KING DIAMONDS SEVEN,0.5218,0.0112,0.467
HEARTS THREE DIAMONDS SEVEN,0.6506,0.108,0.2414
HEARTS KING DIAMONDS FIVE,0.659,0.0142,0.3268
DIAMONDS QUEEN DIAMONDS SEVEN,0.5364,0.0212,0.4424
HEARTS TWO DIAMONDS SEVEN,0.6554,0.1064,0.2382
HEARTS QUEEN DIAMONDS FIVE,0.6434,0.0256,0.331
HEARTS FIVE DIAMONDS SEVEN,0.6298,0.1056,0.2646
DIAMONDS ACE DIAMONDS SEVEN,0.5112,0.0046,0.4842
HEARTS FOUR DIAMONDS SEVEN,0.6498,0.1028,0.2474
HEARTS ACE DIAMONDS FIVE,0.6248,0.0052,0.37
HEARTS SEVEN DIAMONDS SEVEN,0.1786,0.2278,0.5936
HEARTS SIX DIAMONDS SEVEN,0.6102,0.0858,0.304
HEARTS NINE DIAMONDS SEVEN,0.523,0.066,0.411
HEARTS EIGHT DIAMONDS SEVEN,0.499,0.0846,0.4164
DIAMONDS JACK DIAMONDS SEVEN,0.5168,0.038,0.4452
DIAMONDS FIVE HEARTS JACK,0.6478,0.052,0.3002
DIAMONDS TEN DIAMONDS SEVEN,0.5206,0.0462,0.4332
HEARTS TEN DIAMONDS FIVE,0.6688,0.051,0.2802
CLUBS EIGHT DIAMONDS SEVEN,0.5126,0.0808,0.4066
SPADES KING CLUBS TWO,0.639,0.0146,0.3464
HEARTS KING CLUBS KING,0.1936,0.0334,0.773
SPADES QUEEN CLUBS TWO,0.6536,0.0234,0.323
HEARTS KING CLUBS QUEEN,0.531,0.0056,0.4634
CLUBS NINE DIAMONDS SEVEN,0.5246,0.0708,0.4046
CLUBS JACK SPADES TWO,0.639,0.0408,0.3202
SPADES ACE CLUBS TWO,0.6386,0.0046,0.3568
CLUBS TEN SPADES TWO,0.6514,0.0602,0.2884
HEARTS KING CLUBS ACE,0.5284,0.0042,0.4674
SPADES TWO CLUBS KING,0.649,0.0134,0.3376
SPADES TWO DIAMONDS SEVEN,0.6548,0.1066,0.2386
SPADES THREE DIAMONDS SEVEN,0.6486,0.1086,0.2428
SPADES TWO CLUBS QUEEN,0.6418,0.029,0.3292
SPADES FOUR DIAMONDS SEVEN,0.6476,0.1052,0.2472
CLUBS JACK HEARTS KING,0.513,0.0074,0.4796
SPADES FIVE DIAMONDS SEVEN,0.6272,0.107,0.2658
SPADES TWO CLUBS ACE,0.6302,0.0034,0.3664
CLUBS TEN HEARTS KING,0.521,0.0102,0.4688
CLUBS TWO DIAMONDS SEVEN,0.6516,0.1168,0.2316
CLUBS THREE DIAMONDS SEVEN,0.6638,0.1072,0.229
CLUBS FOUR DIAMONDS SEVEN,0.6504,0.1054,0.2442
CLUBS FIVE DIAMONDS SEVEN,0.637,0.11,0.253
SPADES JACK CLUBS TWO,0.6462,0.0412,0.3126
CLUBS SEVEN DIAMONDS SEVEN,0.1694,0.2264,0.6042
SPADES TEN CLUBS TWO,0.6666,0.0618,0.2716
CLUBS TWO CLUBS QUEEN,0.62,0.0262,0.3538
CLUBS TWO CLUBS KING,0.622,0.0164,0.3616
CLUBS THREE DIAMONDS EIGHT,0.6584,0.0902,0.2514
CLUBS TWO CLUBS ACE,0.6044,0.0046,0.391
CLUBS TWO DIAMONDS EIGHT,0.6642,0.0906,0.2452
HEARTS SEVEN DIAMONDS EIGHT,0.5208,0.0788,0.4004
HEARTS SIX DIAMONDS EIGHT,0.6286,0.0792,0.2922
DIAMONDS EIGHT HEARTS NINE,0.514,0.0556,0.4304
CLUBS TEN CLUBS TWO,0.627,0.06,0.313
HEARTS EIGHT DIAMONDS EIGHT,0.1788,0.1852,0.636
CLUBS JACK CLUBS TWO,0.6182,0.0392,0.3426
CLUBS NINE DIAMONDS EIGHT,0.5052,0.0604,0.4344
CLUBS EIGHT DIAMONDS EIGHT,0.1668,0.1882,0.645
CLUBS FIVE DIAMONDS EIGHT,0.6378,0.092,0.2702
SPADES ACE SPADES THREE,0.5946,0.0052,0.4002
CLUBS FOUR DIAMONDS EIGHT,0.6556,0.0884,0.256
CLUBS SEVEN DIAMONDS EIGHT,0.5088,0.0868,0.4044
SPADES QUEEN SPADES THREE,0.614,0.0268,0.3592
SPADES KING SPADES THREE,0.6124,0.016,0.3716
DIAMONDS QUEEN DIAMONDS EIGHT,0.5156,0.0226,0.4618
HEARTS TWO DIAMONDS EIGHT,0.6634,0.0936,0.243
DIAMONDS KING DIAMONDS EIGHT,0.5198,0.0144,0.4658
HEARTS THREE DIAMONDS EIGHT,0.6538,0.0864,0.2598
DIAMONDS ACE DIAMONDS EIGHT,0.521,0.0048,0.4742
HEARTS FOUR DIAMONDS EIGHT,0.651,0.0836,0.2654
HEARTS FIVE DIAMONDS EIGHT,0.6312,0.0954,0.2734
DIAMONDS TEN DIAMONDS EIGHT,0.4982,0.042,0.4598
DIAMONDS JACK DIAMONDS EIGHT,0.5138,0.0308,0.4554
SPADES JACK SPADES THREE,0.6152,0.0376,0.3472
SPADES TEN SPADES THREE,0.6054,0.0608,0.3338
CLUBS FOUR HEARTS ACE,0.6336,0.0048,0.3616
CLUBS FOUR HEARTS QUEEN,0.6694,0.0258,0.3048
CLUBS FOUR HEARTS KING,0.6448,0.0182,0.337
SPADES FOUR DIAMONDS EIGHT,0.6482,0.0904,0.2614
SPADES FIVE DIAMONDS EIGHT,0.636,0.094,0.27
SPADES TWO DIAMONDS EIGHT,0.6672,0.096,0.2368
SPADES THREE DIAMONDS EIGHT,0.6582,0.0892,0.2526
CLUBS FOUR HEARTS JACK,0.6486,0.0394,0.312
SPADES EIGHT DIAMONDS EIGHT,0.177,0.1874,0.6356
SPADES TEN DIAMONDS QUEEN,0.5102,0.016,0.4738
SPADES TEN HEARTS TWO,0.652,0.0574,0.2906
SPADES JACK HEARTS EIGHT,0.534,0.032,0.434
CLUBS FOUR HEARTS TEN,0.638,0.0596,0.3024
SPADES NINE DIAMONDS EIGHT,0.5038,0.0618,0.4344
SPADES TEN HEARTS EIGHT,0.5246,0.0486,0.4268
SPADES JACK HEARTS TWO,0.6488,0.0422,0.309
SPADES JACK DIAMONDS QUEEN,0.5258,0.0134,0.4608
SPADES SIX DIAMONDS EIGHT,0.6292,0.0722,0.2986
SPADES SEVEN DIAMONDS EIGHT,0.5276,0.0806,0.3918
SPADES ACE HEARTS TWO,0.6254,0.0048,0.3698
SPADES ACE DIAMONDS QUEEN,0.5148,0.0044,0.4808
SPADES ACE HEARTS EIGHT,0.5446,0.0026,0.4528
SPADES KING HEARTS EIGHT,0.5428,0.0108,0.4464
SPADES QUEEN HEARTS TWO,0.66,0.0228,0.3172
SPADES QUEEN DIAMONDS QUEEN,0.1918,0.0598,0.7484
SPADES KING DIAMONDS QUEEN,0.5164,0.007,0.4766
SPADES KING HEARTS TWO,0.6786,0.0134,0.308
SPADES QUEEN HEARTS EIGHT,0.54,0.0194,0.4406
CLUBS TWO HEARTS TEN,0.663,0.0572,0.2798
CLUBS TWO HEARTS JACK,0.6534,0.0442,0.3024
SPADES SEVEN DIAMONDS NINE,0.5286,0.0674,0.404
SPADES SIX DIAMONDS NINE,0.6388,0.0556,0.3056
SPADES NINE DIAMONDS NINE,0.1938,0.1506,0.6556
SPADES EIGHT DIAMONDS NINE,0.5126,0.0646,0.4228
SPADES TEN CLUBS KING,0.5152,0.009,0.4758
DIAMONDS NINE SPADES THREE,0.6594,0.0808,0.2598
SPADES JACK CLUBS KING,0.5198,0.0076,0.4726
DIAMONDS NINE SPADES TWO,0.645,0.0794,0.2756
SPADES FIVE DIAMONDS NINE,0.6406,0.0696,0.2898
DIAMONDS NINE SPADES FOUR,0.6416,0.0772,0.2812
CLUBS NINE DIAMONDS NINE,0.1846,0.1482,0.6672
CLUBS EIGHT DIAMONDS NINE,0.5154,0.0612,0.4234
SPADES JACK CLUBS FOUR,0.6452,0.0424,0.3124
CLUBS SEVEN DIAMONDS NINE,0.5094,0.0684,0.4222
SPADES TEN CLUBS FOUR,0.651,0.0566,0.2924
CLUBS FOUR DIAMONDS NINE,0.6514,0.078,0.2706
CLUBS FIVE DIAMONDS NINE,0.652,0.0726,0.2754
CLUBS TWO DIAMONDS NINE,0.6448,0.0758,0.2794
CLUBS THREE DIAMONDS NINE,0.6534,0.0734,0.2732
DIAMONDS NINE HEARTS EIGHT,0.507,0.0588,0.4342
DIAMONDS NINE HEARTS NINE,0.1738,0.1616,0.6646
HEARTS SIX DIAMONDS NINE,0.6266,0.0654,0.308
HEARTS SEVEN DIAMONDS NINE,0.5296,0.0626,0.4078
CLUBS EIGHT CLUBS NINE,0.4988,0.062,0.4392
DIAMONDS ACE DIAMONDS NINE,0.5176,0.0054,0.477
HEARTS FOUR DIAMONDS NINE,0.6438,0.0792,0.277
HEARTS FIVE DIAMONDS NINE,0.6418,0.0698,0.2884
HEARTS ACE CLUBS TWO,0.6418,0.0046,0.3536
SPADES ACE CLUBS FOUR,0.6286,0.0034,0.368
DIAMONDS NINE DIAMONDS QUEEN,0.5038,0.0176,0.4786
HEARTS TWO DIAMONDS NINE,0.637,0.0808,0.2822
CLUBS TWO HEARTS KING,0.6676,0.0134,0.319
SPADES KING CLUBS FOUR,0.6484,0.0172,0.3344
DIAMONDS KING DIAMONDS NINE,0.4984,0.01,0.4916
HEARTS THREE DIAMONDS NINE,0.6478,0.074,0.2782
CLUBS TWO HEARTS QUEEN,0.6602,0.0256,0.3142
SPADES QUEEN CLUBS FOUR,0.651,0.0302,0.3188
DIAMONDS NINE DIAMONDS JACK,0.495,0.0274,0.4776
CLUBS EIGHT SPADES NINE,0.513,0.0564,0.4306
DIAMONDS TEN DIAMONDS NINE,0.4824,0.0394,0.4782
CLUBS EIGHT SPADES EIGHT,0.182,0.1878,0.6302
CLUBS EIGHT SPADES SEVEN,0.51,0.0832,0.4068
CLUBS EIGHT SPADES SIX,0.636,0.074,0.29
CLUBS EIGHT SPADES FIVE,0.6562,0.0924,0.2514
CLUBS EIGHT SPADES FOUR,0.6484,0.0932,0.2584
CLUBS EIGHT SPADES THREE,0.6586,0.0846,0.2568
CLUBS EIGHT SPADES TWO,0.6526,0.092,0.2554
HEARTS SIX DIAMONDS TEN,0.6552,0.0484,0.2964
HEARTS SEVEN DIAMONDS TEN,0.536,0.0506,0.4134
DIAMONDS TEN HEARTS EIGHT,0.5252,0.0432,0.4316
CLUBS JACK CLUBS FOUR,0.6256,0.0404,0.334
DIAMONDS TEN HEARTS NINE,0.4992,0.0404,0.4604
CLUBS TEN CLUBS FOUR,0.6122,0.0538,0.334
CLUBS FOUR CLUBS KING,0.619,0.014,0.367
CLUBS FOUR CLUBS QUEEN,0.622,0.027,0.351
DIAMONDS TEN CLUBS TWO,0.6498,0.0594,0.2908
CLUBS THREE DIAMONDS TEN,0.6448,0.0618,0.2934
CLUBS FOUR CLUBS ACE,0.5954,0.0052,0.3994
DIAMONDS TEN DIAMONDS JACK,0.4728,0.0206,0.5066
DIAMONDS TEN DIAMONDS QUEEN,0.4918,0.0168,0.4914
HEARTS TWO DIAMONDS TEN,0.6422,0.058,0.2998
DIAMONDS KING DIAMONDS TEN,0.5026,0.0096,0.4878
HEARTS THREE DIAMONDS TEN,0.6466,0.0616,0.2918
DIAMONDS ACE DIAMONDS TEN,0.503,0.0042,0.4928
HEARTS FOUR DIAMONDS TEN,0.6506,0.0548,0.2946
CLUBS EIGHT HEARTS JACK,0.5224,0.0352,0.4424
HEARTS FIVE DIAMONDS TEN,0.6496,0.0594,0.291
CLUBS EIGHT HEARTS TEN,0.515,0.0428,0.4422
CLUBS EIGHT HEARTS QUEEN,0.5408,0.0228,0.4364
CLUBS EIGHT HEARTS KING,0.5458,0.012,0.4422
CLUBS EIGHT HEARTS ACE,0.5298,0.0036,0.4666
CLUBS NINE SPADES THREE,0.6472,0.0742,0.2786
CLUBS NINE SPADES TWO,0.64,0.0754,0.2846
CLUBS NINE SPADES FIVE,0.6482,0.0714,0.2804
CLUBS NINE SPADES FOUR,0.6556,0.0732,0.2712
CLUBS NINE SPADES SEVEN,0.5212,0.0636,0.4152
CLUBS NINE SPADES SIX,0.64,0.0606,0.2994
CLUBS NINE SPADES NINE,0.1924,0.154,0.6536
CLUBS TEN HEARTS EIGHT,0.5274,0.0458,0.4268
CLUBS NINE SPADES EIGHT,0.5138,0.0624,0.4238
CLUBS JACK HEARTS EIGHT,0.5316,0.0324,0.436
HEARTS EIGHT CLUBS QUEEN,0.5572,0.0198,0.423
CLUBS KING HEARTS EIGHT,0.5422,0.0116,0.4462
CLUBS ACE HEARTS EIGHT,0.5386,0.0046,0.4568
SPADES KING CLUBS KING,0.1922,0.0354,0.7724
SPADES QUEEN CLUBS KING,0.5158,0.0066,0.4776
SPADES ACE CLUBS KING,0.513,0.0036,0.4834
DIAMONDS ACE HEARTS TEN,0.5214,0.0058,0.4728
HEARTS FOUR HEARTS TEN,0.5986,0.0628,0.3386
DIAMONDS ACE HEARTS JACK,0.5068,0.0028,0.4904
HEARTS FOUR HEARTS JACK,0.6114,0.0404,0.3482
SPADES KING CLUBS FIVE,0.648,0.0164,0.3356
SPADES QUEEN CLUBS FIVE,0.6586,0.0272,0.3142
SPADES ACE CLUBS FIVE,0.6212,0.0046,0.3742
HEARTS SEVEN DIAMONDS JACK,0.5438,0.0386,0.4176
HEARTS SIX DIAMONDS JACK,0.6714,0.0448,0.2838
DIAMONDS JACK HEARTS NINE,0.5096,0.03,0.4604
DIAMONDS JACK HEARTS EIGHT,0.52,0.0344,0.4456
DIAMONDS KING DIAMONDS JACK,0.506,0.008,0.486
HEARTS THREE DIAMONDS JACK,0.644,0.039,0.317
SPADES ACE SPADES SIX,0.6136,0.0292,0.3572
HEARTS ACE SPADES FOUR,0.6356,0.0036,0.3608
DIAMONDS QUEEN DIAMONDS JACK,0.4968,0.0152,0.488
HEARTS TWO DIAMONDS JACK,0.647,0.0474,0.3056
HEARTS FIVE DIAMONDS JACK,0.6366,0.0434,0.32
SPADES QUEEN SPADES SIX,0.6228,0.036,0.3412
SPADES FOUR HEARTS QUEEN,0.6464,0.028,0.3256
DIAMONDS ACE DIAMONDS JACK,0.493,0.0044,0.5026
HEARTS FOUR DIAMONDS JACK,0.6308,0.0482,0.321
SPADES KING SPADES SIX,0.6198,0.0288,0.3514
SPADES FOUR HEARTS KING,0.6442,0.0144,0.3414
SPADES TEN SPADES SIX,0.6156,0.0486,0.3358
SPADES JACK SPADES SIX,0.6358,0.0388,0.3254
SPADES FOUR DIAMONDS JACK,0.635,0.0478,0.3172
SPADES FIVE DIAMONDS JACK,0.6532,0.0374,0.3094
DIAMONDS JACK SPADES TWO,0.6456,0.0372,0.3172
SPADES THREE DIAMONDS JACK,0.6486,0.045,0.3064
SPADES ACE DIAMONDS THREE,0.627,0.0058,0.3672
CLUBS EIGHT DIAMONDS JACK,0.5042,0.034,0.4618
SPADES QUEEN DIAMONDS THREE,0.6614,0.0288,0.3098
SPADES KING DIAMONDS THREE,0.6556,0.0116,0.3328
CLUBS NINE DIAMONDS JACK,0.4968,0.0298,0.4734
CLUBS SEVEN DIAMONDS JACK,0.5412,0.038,0.4208
CLUBS FOUR DIAMONDS JACK,0.6462,0.0412,0.3126
CLUBS FIVE DIAMONDS JACK,0.6456,0.0416,0.3128
CLUBS TWO DIAMONDS JACK,0.6618,0.0396,0.2986
CLUBS THREE DIAMONDS JACK,0.6462,0.0478,0.306
SPADES TEN CLUBS FIVE,0.6528,0.0562,0.291
SPADES JACK HEARTS SIX,0.668,0.0456,0.2864
HEARTS SIX SPADES TEN,0.6506,0.0558,0.2936
SPADES JACK CLUBS FIVE,0.6552,0.0398,0.305
SPADES JACK DIAMONDS THREE,0.6514,0.0378,0.3108
CLUBS SEVEN CLUBS ACE,0.509,0.0048,0.4862
DIAMONDS THREE SPADES TEN,0.6426,0.0604,0.297
CLUBS SEVEN CLUBS QUEEN,0.5204,0.025,0.4546
CLUBS SEVEN CLUBS KING,0.529,0.015,0.456
SPADES NINE DIAMONDS JACK,0.5014,0.029,0.4696
CLUBS TEN CLUBS SEVEN,0.4992,0.048,0.4528
DIAMONDS ACE HEARTS ACE,0.1884,0.0032,0.8084
HEARTS FOUR HEARTS ACE,0.6032,0.0028,0.394
SPADES EIGHT DIAMONDS JACK,0.5218,0.0324,0.4458
SPADES ACE HEARTS SIX,0.6624,0.0236,0.314
CLUBS JACK CLUBS SEVEN,0.5116,0.0386,0.4498
DIAMONDS ACE HEARTS KING,0.5356,0.0048,0.4596
HEARTS FOUR HEARTS KING,0.6124,0.013,0.3746
SPADES SEVEN DIAMONDS JACK,0.5334,0.0406,0.426
SPADES KING HEARTS SIX,0.6696,0.0308,0.2996
DIAMONDS ACE HEARTS QUEEN,0.5236,0.0034,0.473
HEARTS FOUR HEARTS QUEEN,0.6212,0.0238,0.355
SPADES QUEEN HEARTS SIX,0.6728,0.0308,0.2964
SPADES SIX DIAMONDS JACK,0.6714,0.0404,0.2882
DIAMONDS TEN SPADES TWO,0.6446,0.061,0.2944
DIAMONDS TEN SPADES THREE,0.6362,0.0626,0.3012
DIAMONDS TEN SPADES FOUR,0.65,0.0516,0.2984
DIAMONDS TEN SPADES FIVE,0.6552,0.053,0.2918
SPADES SIX DIAMONDS TEN,0.6544,0.052,0.2936
SPADES SEVEN DIAMONDS TEN,0.545,0.0462,0.4088
SPADES EIGHT DIAMONDS TEN,0.5236,0.0466,0.4298
SPADES NINE DIAMONDS TEN,0.5076,0.0354,0.457
CLUBS FOUR DIAMONDS TEN,0.656,0.0578,0.2862
CLUBS FIVE DIAMONDS TEN,0.6526,0.0592,0.2882
CLUBS SEVEN DIAMONDS TEN,0.527,0.0484,0.4246
CLUBS EIGHT DIAMONDS TEN,0.526,0.048,0.426
CLUBS NINE DIAMONDS TEN,0.5142,0.0454,0.4404
CLUBS JACK DIAMONDS THREE,0.6492,0.0396,0.3112
CLUBS TEN DIAMONDS THREE,0.6538,0.0656,0.2806
DIAMONDS THREE CLUBS KING,0.6468,0.0154,0.3378
DIAMONDS THREE CLUBS QUEEN,0.6534,0.0302,0.3164
DIAMONDS THREE CLUBS ACE,0.6342,0.0066,0.3592
SPADES FOUR HEARTS JACK,0.6382,0.0456,0.3162
SPADES FOUR HEARTS TEN,0.6442,0.0582,0.2976
SPADES FIVE SPADES TWO,0.7054,0.1154,0.1792
SPADES FOUR SPADES TWO,0.702,0.1244,0.1736
SPADES THREE SPADES TWO,0.6968,0.1294,0.1738
SPADES NINE SPADES TWO,0.6196,0.0704,0.31
SPADES EIGHT SPADES TWO,0.6226,0.0884,0.289
SPADES SEVEN SPADES TWO,0.6308,0.1,0.2692
SPADES SIX SPADES TWO,0.761,0.1124,0.1266
CLUBS THREE DIAMONDS QUEEN,0.659,0.027,0.314
CLUBS THREE HEARTS TWO,0.7396,0.1358,0.1246
CLUBS TWO DIAMONDS QUEEN,0.6462,0.0302,0.3236
HEARTS TWO CLUBS TWO,0.587,0.2342,0.1788
HEARTS SEVEN DIAMONDS QUEEN,0.5484,0.027,0.4246
HEARTS SEVEN HEARTS TWO,0.6284,0.0974,0.2742
HEARTS SIX DIAMONDS QUEEN,0.6622,0.0356,0.3022
HEARTS SIX HEARTS TWO,0.7662,0.111,0.1228
DIAMONDS QUEEN HEARTS NINE,0.5368,0.0212,0.442
HEARTS TWO HEARTS NINE,0.624,0.0736,0.3024
DIAMONDS QUEEN HEARTS EIGHT,0.5504,0.0176,0.432
HEARTS TWO HEARTS EIGHT,0.6292,0.0834,0.2874
CLUBS NINE HEARTS TWO,0.6524,0.076,0.2716
CLUBS NINE DIAMONDS QUEEN,0.5264,0.0184,0.4552
CLUBS EIGHT DIAMONDS QUEEN,0.5336,0.0236,0.4428
CLUBS EIGHT HEARTS TWO,0.6526,0.0908,0.2566
CLUBS FIVE DIAMONDS QUEEN,0.6518,0.0264,0.3218
CLUBS FIVE HEARTS TWO,0.742,0.128,0.13
SPADES EIGHT HEARTS ACE,0.5336,0.0028,0.4636
CLUBS FOUR DIAMONDS QUEEN,0.6556,0.0282,0.3162
CLUBS FOUR HEARTS TWO,0.7344,0.1338,0.1318
CLUBS SEVEN DIAMONDS QUEEN,0.551,0.0248,0.4242
CLUBS SEVEN HEARTS TWO,0.65,0.112,0.238
SPADES EIGHT HEARTS QUEEN,0.5404,0.0198,0.4398
SPADES EIGHT HEARTS KING,0.5508,0.0108,0.4384
HEARTS TWO SPADES SIX,0.8068,0.1216,0.0716
SPADES SIX DIAMONDS QUEEN,0.6694,0.0348,0.2958
HEARTS FOUR CLUBS QUEEN,0.6464,0.0226,0.331
DIAMONDS ACE CLUBS QUEEN,0.509,0.005,0.486
SPADES SEVEN DIAMONDS QUEEN,0.5544,0.0208,0.4248
SPADES SEVEN HEARTS TWO,0.6588,0.1038,0.2374
HEARTS FOUR CLUBS KING,0.6508,0.0136,0.3356
DIAMONDS ACE CLUBS KING,0.5148,0.0052,0.48
SPADES EIGHT DIAMONDS QUEEN,0.535,0.0218,0.4432
SPADES EIGHT HEARTS TWO,0.6566,0.0866,0.2568
HEARTS FOUR CLUBS ACE,0.6282,0.0054,0.3664
DIAMONDS ACE CLUBS ACE,0.1876,0.0044,0.808
SPADES NINE DIAMONDS QUEEN,0.533,0.0192,0.4478
SPADES NINE HEARTS TWO,0.656,0.0748,0.2692
HEARTS TWO SPADES TWO,0.5686,0.246,0.1854
DIAMONDS QUEEN SPADES TWO,0.6622,0.0274,0.3104
HEARTS TWO SPADES THREE,0.7306,0.132,0.1374
DIAMONDS QUEEN SPADES THREE,0.64,0.0284,0.3316
HEARTS TWO SPADES FOUR,0.7318,0.1344,0.1338
SPADES FOUR DIAMONDS QUEEN,0.6442,0.0254,0.3304
CLUBS TEN HEARTS FOUR,0.6418,0.0548,0.3034
CLUBS TEN DIAMONDS ACE,0.5176,0.0052,0.4772
HEARTS TWO SPADES FIVE,0.7278,0.1354,0.1368
SPADES FIVE DIAMONDS QUEEN,0.6452,0.0254,0.3294
CLUBS JACK HEARTS FOUR,0.6436,0.0434,0.313
CLUBS JACK DIAMONDS ACE,0.5,0.0056,0.4944
CLUBS FIVE CLUBS KING,0.6164,0.015,0.3686
CLUBS FIVE CLUBS QUEEN,0.6074,0.0294,0.3632
CLUBS FIVE CLUBS ACE,0.5818,0.0038,0.4144
CLUBS JACK CLUBS FIVE,0.622,0.0394,0.3386
CLUBS TEN CLUBS FIVE,0.6294,0.0548,0.3158
SPADES KING CLUBS JACK,0.5152,0.0074,0.4774
CLUBS JACK SPADES QUEEN,0.5058,0.0158,0.4784
SPADES ACE CLUBS JACK,0.505,0.0046,0.4904
SPADES SIX CLUBS KING,0.6664,0.0328,0.3008
SPADES SIX CLUBS QUEEN,0.6658,0.0346,0.2996
SPADES EIGHT HEARTS JACK,0.5272,0.0328,0.44
SPADES SIX CLUBS ACE,0.6574,0.027,0.3156
SPADES EIGHT HEARTS TEN,0.5262,0.0472,0.4266
CLUBS JACK SPADES SIX,0.6644,0.0376,0.298
CLUBS TEN SPADES SIX,0.6514,0.0536,0.295
CLUBS JACK SPADES TEN,0.515,0.0244,0.4606
CLUBS JACK SPADES JACK,0.1814,0.0904,0.7282
SPADES QUEEN CLUBS SEVEN,0.543,0.0224,0.4346
SPADES KING CLUBS SEVEN,0.5402,0.014,0.4458
SPADES ACE CLUBS SEVEN,0.5264,0.003,0.4706
SPADES SIX HEARTS TEN,0.6484,0.0502,0.3014
SPADES SIX HEARTS JACK,0.663,0.0384,0.2986
SPADES SIX HEARTS ACE,0.666,0.03,0.304
SPADES SIX HEARTS KING,0.6694,0.0294,0.3012
SPADES SIX HEARTS QUEEN,0.663,0.0382,0.2988
SPADES JACK CLUBS SEVEN,0.5406,0.0392,0.4202
SPADES TEN CLUBS SEVEN,0.529,0.0512,0.4198
CLUBS TEN HEARTS SIX,0.6426,0.0488,0.3086
CLUBS JACK HEARTS SIX,0.6732,0.038,0.2888
CLUBS JACK CLUBS ACE,0.5002,0.004,0.4958
HEARTS SIX CLUBS QUEEN,0.658,0.0386,0.3034
HEARTS SIX CLUBS KING,0.6668,0.0302,0.303
HEARTS SIX CLUBS ACE,0.6572,0.0294,0.3134
CLUBS JACK CLUBS QUEEN,0.4948,0.0136,0.4916
CLUBS JACK CLUBS KING,0.4968,0.0082,0.495
DIAMONDS THREE HEARTS ACE,0.63,0.0054,0.3646
DIAMONDS THREE HEARTS QUEEN,0.6564,0.0286,0.315
DIAMONDS THREE HEARTS KING,0.6582,0.0138,0.328
CLUBS FIVE HEARTS JACK,0.6526,0.0454,0.302
SPADES TEN DIAMONDS ACE,0.5248,0.0034,0.4718
HEARTS FOUR SPADES TEN,0.6408,0.063,0.2962
CLUBS FIVE HEARTS TEN,0.653,0.0648,0.2822
HEARTS FOUR SPADES JACK,0.6458,0.0414,0.3128
SPADES JACK DIAMONDS ACE,0.5138,0.0032,0.483
SPADES ACE HEARTS FOUR,0.645,0.0034,0.3516
SPADES ACE DIAMONDS ACE,0.1844,0.0046,0.811
CLUBS FIVE HEARTS ACE,0.6388,0.0038,0.3574
CLUBS FIVE HEARTS KING,0.6552,0.0174,0.3274
HEARTS FOUR SPADES QUEEN,0.6476,0.0258,0.3266
SPADES QUEEN DIAMONDS ACE,0.5254,0.0062,0.4684
CLUBS JACK SPADES FOUR,0.6454,0.0438,0.3108
CLUBS FIVE HEARTS QUEEN,0.6526,0.0252,0.3222
SPADES KING DIAMONDS ACE,0.5276,0.0046,0.4678
SPADES KING HEARTS FOUR,0.64,0.0136,0.3464
CLUBS TEN SPADES FOUR,0.6358,0.0578,0.3064
DIAMONDS ACE DIAMONDS QUEEN,0.5086,0.0046,0.4868
DIAMONDS ACE HEARTS TWO,0.6228,0.0064,0.3708
HEARTS FOUR DIAMONDS QUEEN,0.6428,0.0314,0.3258
HEARTS FOUR HEARTS TWO,0.6968,0.1288,0.1744
DIAMONDS THREE HEARTS TEN,0.649,0.0582,0.2928
SPADES FOUR CLUBS KING,0.6466,0.0172,0.3362
HEARTS FIVE DIAMONDS QUEEN,0.6384,0.0282,0.3334
HEARTS FIVE HEARTS TWO,0.6954,0.1202,0.1844
DIAMONDS THREE HEARTS JACK,0.651,0.0458,0.3032
SPADES FOUR CLUBS QUEEN,0.6532,0.0278,0.319
HEARTS TWO DIAMONDS QUEEN,0.6518,0.028,0.3202
DIAMONDS KING DIAMONDS QUEEN,0.5026,0.0064,0.491
DIAMONDS KING HEARTS TWO,0.6534,0.0166,0.33
HEARTS THREE DIAMONDS QUEEN,0.6418,0.03,0.3282
HEARTS THREE HEARTS TWO,0.6956,0.1328,0.1716
SPADES FOUR CLUBS ACE,0.6216,0.007,0.3714
HEARTS TWO CLUBS ACE,0.623,0.0044,0.3726
DIAMONDS QUEEN CLUBS ACE,0.5166,0.003,0.4804
HEARTS TWO CLUBS QUEEN,0.6452,0.0284,0.3264
DIAMONDS QUEEN CLUBS QUEEN,0.1804,0.0674,0.7522
HEARTS TWO CLUBS KING,0.6518,0.0152,0.333
DIAMONDS QUEEN CLUBS KING,0.5114,0.0046,0.484
SPADES EIGHT SPADES FIVE,0.6106,0.0854,0.304
CLUBS TEN HEARTS TWO,0.634,0.0644,0.3016
CLUBS TEN DIAMONDS QUEEN,0.5196,0.0146,0.4658
SPADES NINE SPADES FIVE,0.6002,0.076,0.3238
CLUBS JACK HEARTS TWO,0.6338,0.0478,0.3184
CLUBS JACK DIAMONDS QUEEN,0.5074,0.013,0.4796
SPADES SIX SPADES FIVE,0.7134,0.1156,0.171
SPADES SEVEN SPADES FIVE,0.6124,0.1026,0.285
DIAMONDS FIVE CLUBS QUEEN,0.6414,0.0324,0.3262
SPADES EIGHT CLUBS ACE,0.53,0.0038,0.4662
DIAMONDS FIVE CLUBS KING,0.6396,0.0132,0.3472
SPADES EIGHT CLUBS KING,0.5498,0.0092,0.441
DIAMONDS FIVE CLUBS ACE,0.6166,0.0038,0.3796
SPADES EIGHT CLUBS QUEEN,0.54,0.0234,0.4366
CLUBS JACK SPADES EIGHT,0.5284,0.0352,0.4364
CLUBS TEN SPADES EIGHT,0.525,0.0442,0.4308
CLUBS TEN DIAMONDS FIVE,0.6464,0.0606,0.293
CLUBS JACK DIAMONDS FIVE,0.6336,0.0434,0.323
DIAMONDS TEN HEARTS JACK,0.4912,0.0212,0.4876
DIAMONDS TEN HEARTS TEN,0.1828,0.1334,0.6838
SPADES ACE CLUBS NINE,0.531,0.004,0.465
SPADES QUEEN CLUBS NINE,0.5378,0.0204,0.4418
SPADES KING CLUBS NINE,0.5376,0.0128,0.4496
HEARTS SIX HEARTS KING,0.6208,0.03,0.3492
DIAMONDS KING SPADES SEVEN,0.5464,0.0142,0.4394
HEARTS THREE SPADES SEVEN,0.658,0.1062,0.2358
SPADES KING DIAMONDS SEVEN,0.5434,0.0142,0.4424
HEARTS SIX HEARTS QUEEN,0.6286,0.0332,0.3382
SPADES QUEEN DIAMONDS SEVEN,0.5424,0.0252,0.4324
HEARTS THREE SPADES SIX,0.7968,0.1172,0.086
DIAMONDS KING SPADES SIX,0.6714,0.0296,0.299
SPADES NINE DIAMONDS KING,0.5348,0.0122,0.453
SPADES NINE HEARTS THREE,0.6548,0.0758,0.2694
HEARTS SIX HEARTS ACE,0.6164,0.0252,0.3584
DIAMONDS KING SPADES EIGHT,0.55,0.014,0.436
SPADES EIGHT HEARTS THREE,0.6588,0.0888,0.2524
SPADES ACE DIAMONDS SEVEN,0.531,0.0036,0.4654
CLUBS NINE HEARTS THREE,0.6514,0.0766,0.272
CLUBS NINE DIAMONDS KING,0.5396,0.0112,0.4492
CLUBS EIGHT DIAMONDS KING,0.5288,0.0136,0.4576
CLUBS EIGHT HEARTS THREE,0.6486,0.0926,0.2588
HEARTS THREE SPADES THREE,0.5724,0.2428,0.1848
DIAMONDS KING SPADES THREE,0.6528,0.0148,0.3324
HEARTS THREE SPADES TWO,0.7422,0.1246,0.1332
DIAMONDS KING SPADES TWO,0.6564,0.016,0.3276
HEARTS THREE SPADES FIVE,0.7314,0.1242,0.1444
DIAMONDS KING SPADES FIVE,0.6446,0.018,0.3374
HEARTS THREE SPADES FOUR,0.735,0.1286,0.1364
DIAMONDS KING SPADES FOUR,0.6408,0.014,0.3452
DIAMONDS KING CLUBS TWO,0.6608,0.0154,0.3238
HEARTS THREE CLUBS TWO,0.738,0.1348,0.1272
DIAMONDS KING CLUBS THREE,0.6594,0.0162,0.3244
CLUBS THREE HEARTS THREE,0.5756,0.2364,0.188
