opposingHand,winningChance,drawChance,lostChance
CLUBS SEVEN HEARTS NINE
HEARTS FIVE SPADES TEN,0.423,0.0248,0.5522
SPADES JACK HEARTS FIVE,0.4288,0.0174,0.5538
CLUBS JACK SPADES FIVE,0.421,0.0168,0.5622
CLUBS TEN SPADES FIVE,0.4112,0.023,0.5658
CLUBS JACK CLUBS EIGHT,0.3492,0.0202,0.6306
CLUBS TEN CLUBS EIGHT,0.3324,0.0278,0.6398
CLUBS EIGHT CLUBS KING,0.3676,0.0082,0.6242
SPADES FIVE CLUBS ACE,0.4072,0.0058,0.587
CLUBS EIGHT CLUBS QUEEN,0.3626,0.0116,0.6258
SPADES FIVE CLUBS KING,0.4094,0.008,0.5826
SPADES FIVE CLUBS QUEEN,0.408,0.0108,0.5812
CLUBS EIGHT CLUBS ACE,0.3574,0.0064,0.6362
DIAMONDS TWO DIAMONDS THREE,0.6004,0.0378,0.3618
DIAMONDS TWO DIAMONDS FIVE,0.5756,0.038,0.3864
SPADES KING HEARTS FIVE,0.426,0.0064,0.5676
DIAMONDS TWO DIAMONDS FOUR,0.5776,0.0446,0.3778
SPADES QUEEN HEARTS FIVE,0.4156,0.0102,0.5742
DIAMONDS TWO DIAMONDS SEVEN,0.6254,0.1088,0.2658
DIAMONDS TWO DIAMONDS SIX,0.6006,0.0378,0.3616
SPADES ACE HEARTS FIVE,0.4242,0.0038,0.572
DIAMONDS TWO DIAMONDS NINE,0.458,0.274,0.268
DIAMONDS TWO DIAMONDS EIGHT,0.6012,0.038,0.3608
DIAMONDS THREE DIAMONDS FOUR,0.5692,0.034,0.3968
CLUBS TWO SPADES FOUR,0.6302,0.0418,0.328
DIAMONDS THREE DIAMONDS FIVE,0.5748,0.0388,0.3864
SPADES FIVE CLUBS TWO,0.627,0.042,0.331
CLUBS TWO SPADES TWO,0.447,0.0658,0.4872
CLUBS TWO SPADES THREE,0.6278,0.0418,0.3304
DIAMONDS THREE DIAMONDS EIGHT,0.5934,0.0378,0.3688
SPADES EIGHT CLUBS TWO,0.6318,0.0388,0.3294
DIAMONDS THREE DIAMONDS NINE,0.4574,0.279,0.2636
SPADES NINE CLUBS TWO,0.4942,0.2924,0.2134
DIAMONDS THREE DIAMONDS SIX,0.5984,0.0414,0.3602
SPADES SIX CLUBS TWO,0.6558,0.0438,0.3004
DIAMONDS THREE DIAMONDS SEVEN,0.6068,0.104,0.2892
SPADES SEVEN CLUBS TWO,0.6652,0.1126,0.2222
CLUBS SIX CLUBS TWO,0.6212,0.0414,0.3374
CLUBS FOUR CLUBS TWO,0.6058,0.0412,0.353
CLUBS FIVE CLUBS TWO,0.5992,0.0446,0.3562
CLUBS TEN CLUBS JACK,0.3144,0.0142,0.6714
DIAMONDS FOUR DIAMONDS SIX,0.5766,0.0408,0.3826
CLUBS TEN CLUBS QUEEN,0.3204,0.0108,0.6688
DIAMONDS FOUR DIAMONDS SEVEN,0.6202,0.0996,0.2802
CLUBS TEN CLUBS KING,0.3474,0.0078,0.6448
CLUBS TEN CLUBS ACE,0.3372,0.004,0.6588
CLUBS EIGHT CLUBS TWO,0.6132,0.038,0.3488
DIAMONDS FIVE DIAMONDS FOUR,0.5652,0.0402,0.3946
CLUBS NINE CLUBS TWO,0.466,0.2852,0.2488
DIAMONDS NINE DIAMONDS FOUR,0.4572,0.2758,0.267
DIAMONDS EIGHT DIAMONDS FOUR,0.5876,0.0334,0.379
CLUBS THREE CLUBS TWO,0.5988,0.0402,0.361
DIAMONDS NINE DIAMONDS FIVE,0.4502,0.2816,0.2682
CLUBS JACK DIAMONDS TWO,0.4218,0.0142,0.564
DIAMONDS EIGHT DIAMONDS FIVE,0.5748,0.0364,0.3888
CLUBS TEN DIAMONDS TWO,0.426,0.0286,0.5454
DIAMONDS FIVE DIAMONDS SEVEN,0.6042,0.1028,0.293
DIAMONDS FIVE DIAMONDS SIX,0.5644,0.036,0.3996
DIAMONDS TWO CLUBS ACE,0.4244,0.004,0.5716
DIAMONDS TWO CLUBS KING,0.4288,0.0088,0.5624
DIAMONDS TWO CLUBS QUEEN,0.4366,0.0142,0.5492
DIAMONDS EIGHT DIAMONDS SIX,0.553,0.0348,0.4122
DIAMONDS NINE DIAMONDS SIX,0.4704,0.2782,0.2514
HEARTS ACE SPADES THREE,0.4204,0.0048,0.5748
SPADES THREE HEARTS KING,0.4262,0.0088,0.565
DIAMONDS SEVEN DIAMONDS SIX,0.5912,0.1038,0.305
HEARTS QUEEN SPADES THREE,0.4304,0.0132,0.5564
SPADES THREE HEARTS JACK,0.4216,0.0174,0.561
SPADES THREE HEARTS TEN,0.4212,0.0256,0.5532
DIAMONDS EIGHT DIAMONDS SEVEN,0.6042,0.1038,0.292
DIAMONDS NINE DIAMONDS SEVEN,0.024,0.9056,0.0704
DIAMONDS NINE DIAMONDS EIGHT,0.2158,0.216,0.5682
DIAMONDS KING HEARTS TEN,0.341,0.0044,0.6546
HEARTS THREE HEARTS TEN,0.406,0.029,0.565
SPADES JACK CLUBS SIX,0.4228,0.0206,0.5566
DIAMONDS KING HEARTS JACK,0.3538,0.0062,0.64
HEARTS THREE HEARTS JACK,0.408,0.0162,0.5758
SPADES TEN CLUBS SIX,0.4128,0.0244,0.5628
SPADES JACK SPADES FIVE,0.3934,0.0136,0.593
SPADES TEN SPADES FIVE,0.3988,0.0254,0.5758
DIAMONDS KING HEARTS ACE,0.3566,0.0032,0.6402
HEARTS THREE HEARTS ACE,0.3902,0.0032,0.6066
SPADES ACE CLUBS SIX,0.4096,0.0024,0.588
DIAMONDS KING HEARTS QUEEN,0.3536,0.0042,0.6422
HEARTS THREE HEARTS QUEEN,0.4162,0.012,0.5718
SPADES KING CLUBS SIX,0.4316,0.0054,0.563
DIAMONDS KING HEARTS KING,0.1722,0.0132,0.8146
HEARTS THREE HEARTS KING,0.4194,0.0082,0.5724
SPADES QUEEN CLUBS SIX,0.4284,0.0106,0.561
SPADES NINE HEARTS TEN,0.2366,0.0846,0.6788
SPADES NINE HEARTS JACK,0.2518,0.0552,0.693
SPADES QUEEN SPADES FIVE,0.3972,0.0108,0.592
SPADES KING SPADES FIVE,0.4068,0.0072,0.586
SPADES ACE SPADES FIVE,0.3946,0.0038,0.6016
SPADES NINE HEARTS QUEEN,0.2492,0.048,0.7028
SPADES NINE HEARTS KING,0.2598,0.0294,0.7108
SPADES NINE HEARTS ACE,0.2578,0.0224,0.7198
CLUBS TEN SPADES JACK,0.3338,0.0148,0.6514
CLUBS TEN SPADES TEN,0.1578,0.036,0.8062
SPADES ACE CLUBS TEN,0.3586,0.0026,0.6388
CLUBS TEN SPADES KING,0.3486,0.0074,0.644
CLUBS TEN SPADES QUEEN,0.3378,0.0098,0.6524
SPADES FIVE HEARTS QUEEN,0.4082,0.015,0.5768
SPADES FIVE HEARTS KING,0.4218,0.0066,0.5716
HEARTS ACE SPADES FIVE,0.4166,0.0044,0.579
CLUBS EIGHT SPADES TEN,0.3606,0.0278,0.6116
HEARTS THREE SPADES JACK,0.4384,0.0176,0.544
SPADES JACK DIAMONDS KING,0.3564,0.007,0.6366
SPADES TEN DIAMONDS KING,0.3618,0.0048,0.6334
HEARTS THREE SPADES TEN,0.4314,0.0284,0.5402
CLUBS EIGHT SPADES JACK,0.3612,0.0144,0.6244
CLUBS SIX HEARTS ACE,0.4144,0.0038,0.5818
SPADES ACE CLUBS EIGHT,0.3808,0.0042,0.615
CLUBS JACK HEARTS FIVE,0.4178,0.017,0.5652
CLUBS TEN HEARTS FIVE,0.4198,0.0296,0.5506
CLUBS SIX HEARTS QUEEN,0.4208,0.0136,0.5656
SPADES QUEEN CLUBS EIGHT,0.3718,0.0098,0.6184
CLUBS TEN SPADES THREE,0.4328,0.025,0.5422
CLUBS SIX HEARTS KING,0.4106,0.0086,0.5808
SPADES KING CLUBS EIGHT,0.3876,0.006,0.6064
CLUBS JACK SPADES THREE,0.4322,0.0206,0.5472
DIAMONDS TWO HEARTS JACK,0.4336,0.02,0.5464
SPADES THREE CLUBS QUEEN,0.4194,0.0122,0.5684
DIAMONDS TWO HEARTS TEN,0.4292,0.0278,0.543
SPADES THREE CLUBS KING,0.4258,0.0062,0.568
HEARTS FIVE CLUBS ACE,0.415,0.0054,0.5796
SPADES FIVE HEARTS TEN,0.4186,0.0258,0.5556
SPADES THREE CLUBS ACE,0.4164,0.005,0.5786
HEARTS FIVE CLUBS KING,0.4136,0.0068,0.5796
SPADES FIVE HEARTS JACK,0.4192,0.018,0.5628
HEARTS FIVE CLUBS QUEEN,0.4146,0.01,0.5754
HEARTS THREE CLUBS KING,0.4256,0.009,0.5654
DIAMONDS KING CLUBS KING,0.1726,0.0122,0.8152
HEARTS THREE CLUBS QUEEN,0.4334,0.0116,0.555
DIAMONDS KING CLUBS QUEEN,0.3512,0.006,0.6428
HEARTS FIVE HEARTS JACK,0.4092,0.0162,0.5746
HEARTS FIVE HEARTS TEN,0.4132,0.021,0.5658
HEARTS THREE CLUBS ACE,0.4148,0.0054,0.5798
DIAMONDS KING CLUBS ACE,0.3586,0.0036,0.6378
SPADES ACE CLUBS QUEEN,0.361,0.0048,0.6342
SPADES KING CLUBS QUEEN,0.3492,0.006,0.6448
CLUBS JACK HEARTS THREE,0.4238,0.016,0.5602
CLUBS JACK DIAMONDS KING,0.3488,0.0074,0.6438
SPADES QUEEN CLUBS QUEEN,0.1712,0.02,0.8088
CLUBS TEN HEARTS THREE,0.43,0.0276,0.5424
CLUBS TEN DIAMONDS KING,0.3534,0.0058,0.6408
SPADES JACK CLUBS QUEEN,0.351,0.0092,0.6398
CLUBS SIX CLUBS QUEEN,0.4094,0.0112,0.5794
SPADES TEN CLUBS QUEEN,0.334,0.0124,0.6536
CLUBS SIX CLUBS KING,0.3942,0.0072,0.5986
CLUBS SIX CLUBS ACE,0.3966,0.0034,0.6
HEARTS FIVE HEARTS KING,0.4154,0.0054,0.5792
HEARTS FIVE HEARTS QUEEN,0.3986,0.0124,0.589
CLUBS TEN CLUBS SIX,0.3938,0.0268,0.5794
HEARTS FIVE HEARTS ACE,0.3862,0.0046,0.6092
CLUBS JACK CLUBS SIX,0.3914,0.0182,0.5904
SPADES SEVEN HEARTS JACK,0.257,0.0546,0.6884
SPADES SEVEN HEARTS TEN,0.248,0.0744,0.6776
DIAMONDS TWO CLUBS TWO,0.4338,0.0682,0.498
DIAMONDS TWO CLUBS THREE,0.6348,0.0404,0.3248
HEARTS SIX DIAMONDS TWO,0.6458,0.0432,0.311
DIAMONDS TWO HEARTS QUEEN,0.425,0.0112,0.5638
DIAMONDS TWO HEARTS SEVEN,0.6592,0.117,0.2238
DIAMONDS TWO HEARTS KING,0.4342,0.0078,0.558
DIAMONDS TWO HEARTS EIGHT,0.6382,0.0442,0.3176
DIAMONDS TWO HEARTS ACE,0.4184,0.0078,0.5738
DIAMONDS TWO DIAMONDS QUEEN,0.4128,0.0106,0.5766
DIAMONDS TWO HEARTS TWO,0.4346,0.0718,0.4936
DIAMONDS TWO DIAMONDS KING,0.4192,0.0068,0.574
HEARTS THREE DIAMONDS TWO,0.6374,0.0372,0.3254
DIAMONDS TWO DIAMONDS ACE,0.4006,0.0044,0.595
HEARTS FOUR DIAMONDS TWO,0.6206,0.043,0.3364
DIAMONDS TWO HEARTS FIVE,0.6264,0.0408,0.3328
SPADES SEVEN HEARTS ACE,0.2562,0.029,0.7148
DIAMONDS TWO DIAMONDS TEN,0.41,0.0268,0.5632
SPADES SEVEN HEARTS KING,0.2874,0.0336,0.679
DIAMONDS TWO DIAMONDS JACK,0.4068,0.02,0.5732
SPADES SEVEN HEARTS QUEEN,0.2768,0.04,0.6832
DIAMONDS TWO SPADES NINE,0.4972,0.2882,0.2146
DIAMONDS TWO SPADES EIGHT,0.6232,0.0416,0.3352
DIAMONDS TWO SPADES SEVEN,0.6768,0.1022,0.221
DIAMONDS TWO SPADES SIX,0.6372,0.0388,0.324
DIAMONDS TWO SPADES FIVE,0.6288,0.0412,0.33
DIAMONDS TWO SPADES FOUR,0.6202,0.0436,0.3362
DIAMONDS TWO SPADES THREE,0.6126,0.0448,0.3426
DIAMONDS TWO SPADES TWO,0.4278,0.0668,0.5054
DIAMONDS TWO CLUBS NINE,0.4972,0.29,0.2128
CLUBS EIGHT DIAMONDS TWO,0.6276,0.0446,0.3278
DIAMONDS TWO CLUBS SIX,0.6428,0.041,0.3162
DIAMONDS TWO CLUBS FIVE,0.6198,0.0388,0.3414
DIAMONDS TWO CLUBS FOUR,0.6352,0.0474,0.3174
CLUBS FOUR SPADES FIVE,0.6076,0.04,0.3524
CLUBS FOUR SPADES FOUR,0.4234,0.0726,0.504
CLUBS FOUR SPADES THREE,0.6042,0.0404,0.3554
CLUBS FOUR SPADES TWO,0.6292,0.0408,0.33
SPADES NINE CLUBS FOUR,0.4942,0.3038,0.202
SPADES EIGHT CLUBS FOUR,0.6246,0.0392,0.3362
SPADES SEVEN CLUBS FOUR,0.6494,0.1146,0.236
CLUBS FOUR SPADES SIX,0.6206,0.0414,0.338
SPADES ACE DIAMONDS SIX,0.422,0.0032,0.5748
SPADES QUEEN DIAMONDS SIX,0.4166,0.0104,0.573
SPADES KING DIAMONDS SIX,0.4278,0.0052,0.567
SPADES TEN DIAMONDS SIX,0.4114,0.0274,0.5612
SPADES JACK DIAMONDS SIX,0.4214,0.015,0.5636
SPADES QUEEN SPADES TWO,0.412,0.0108,0.5772
SPADES KING SPADES TWO,0.4174,0.0058,0.5768
SPADES ACE SPADES TWO,0.401,0.0026,0.5964
CLUBS JACK DIAMONDS JACK,0.1652,0.0312,0.8036
CLUBS TEN DIAMONDS JACK,0.3358,0.0126,0.6516
DIAMONDS JACK CLUBS KING,0.3596,0.0082,0.6322
DIAMONDS JACK CLUBS QUEEN,0.3468,0.009,0.6442
DIAMONDS THREE DIAMONDS JACK,0.411,0.0162,0.5728
DIAMONDS THREE DIAMONDS TEN,0.413,0.0262,0.5608
DIAMONDS JACK CLUBS ACE,0.3528,0.0046,0.6426
DIAMONDS THREE DIAMONDS KING,0.403,0.0062,0.5908
HEARTS THREE DIAMONDS THREE,0.4206,0.0648,0.5146
DIAMONDS THREE DIAMONDS QUEEN,0.3958,0.0128,0.5914
DIAMONDS THREE HEARTS TWO,0.626,0.0406,0.3334
HEARTS FIVE DIAMONDS THREE,0.6192,0.0408,0.34
DIAMONDS THREE DIAMONDS ACE,0.4064,0.0028,0.5908
HEARTS FOUR DIAMONDS THREE,0.614,0.0416,0.3444
DIAMONDS THREE HEARTS SEVEN,0.6612,0.1152,0.2236
SPADES TEN SPADES NINE,0.2308,0.0694,0.6998
HEARTS SIX DIAMONDS THREE,0.649,0.035,0.316
SPADES JACK SPADES NINE,0.2398,0.0568,0.7034
HEARTS JACK DIAMONDS FOUR,0.4208,0.0182,0.561
HEARTS ACE HEARTS KING,0.343,0.005,0.652
SPADES TEN SPADES TWO,0.4046,0.0248,0.5706
DIAMONDS THREE HEARTS EIGHT,0.6408,0.0382,0.321
HEARTS TEN DIAMONDS FOUR,0.4316,0.0274,0.541
SPADES JACK SPADES TWO,0.4094,0.0146,0.576
HEARTS QUEEN DIAMONDS FOUR,0.4426,0.0134,0.544
HEARTS KING DIAMONDS FOUR,0.4272,0.0088,0.564
SPADES ACE SPADES NINE,0.2548,0.0194,0.7258
HEARTS ACE DIAMONDS FOUR,0.4294,0.0042,0.5664
SPADES KING SPADES NINE,0.2562,0.0296,0.7142
SPADES QUEEN SPADES NINE,0.235,0.038,0.727
DIAMONDS THREE SPADES NINE,0.489,0.2924,0.2186
DIAMONDS THREE SPADES EIGHT,0.6262,0.0424,0.3314
DIAMONDS THREE SPADES SEVEN,0.6614,0.1094,0.2292
DIAMONDS THREE SPADES SIX,0.627,0.042,0.331
DIAMONDS THREE CLUBS SIX,0.6358,0.0436,0.3206
CLUBS FIVE CLUBS SIX,0.5792,0.0456,0.3752
CLUBS ACE DIAMONDS FOUR,0.4112,0.0048,0.584
DIAMONDS THREE CLUBS FOUR,0.6104,0.0422,0.3474
DIAMONDS FOUR CLUBS QUEEN,0.4392,0.013,0.5478
DIAMONDS THREE CLUBS FIVE,0.619,0.0426,0.3384
DIAMONDS FOUR CLUBS KING,0.4258,0.0098,0.5644
DIAMONDS THREE CLUBS TWO,0.6166,0.0414,0.342
CLUBS TEN DIAMONDS FOUR,0.4258,0.028,0.5462
DIAMONDS THREE CLUBS THREE,0.4292,0.0682,0.5026
CLUBS JACK DIAMONDS FOUR,0.4338,0.017,0.5492
DIAMONDS THREE SPADES FOUR,0.6046,0.0368,0.3586
DIAMONDS THREE SPADES FIVE,0.6106,0.0418,0.3476
DIAMONDS THREE SPADES TWO,0.6274,0.0474,0.3252
DIAMONDS THREE SPADES THREE,0.4302,0.0676,0.5022
CLUBS EIGHT DIAMONDS THREE,0.6304,0.0438,0.3258
CLUBS NINE DIAMONDS THREE,0.4848,0.2966,0.2186
SPADES SEVEN CLUBS ACE,0.2708,0.023,0.7062
SPADES SEVEN CLUBS QUEEN,0.2762,0.0422,0.6816
SPADES SEVEN CLUBS KING,0.2622,0.0322,0.7056
CLUBS FIVE SPADES SEVEN,0.6412,0.1072,0.2516
CLUBS TEN SPADES SEVEN,0.2404,0.0776,0.682
CLUBS FIVE SPADES SIX,0.6146,0.0408,0.3446
CLUBS JACK SPADES SEVEN,0.2506,0.0552,0.6942
CLUBS FIVE SPADES NINE,0.4888,0.292,0.2192
CLUBS FIVE SPADES EIGHT,0.6028,0.0428,0.3544
CLUBS FIVE SPADES THREE,0.6254,0.0454,0.3292
CLUBS FIVE SPADES TWO,0.6248,0.0422,0.333
CLUBS FIVE SPADES FIVE,0.4176,0.0714,0.511
CLUBS FIVE SPADES FOUR,0.609,0.0404,0.3506
CLUBS NINE CLUBS FIVE,0.4724,0.2906,0.237
CLUBS EIGHT CLUBS FIVE,0.584,0.039,0.377
CLUBS ACE CLUBS QUEEN,0.3472,0.0038,0.649
CLUBS KING CLUBS QUEEN,0.3292,0.0076,0.6632
DIAMONDS TEN DIAMONDS FOUR,0.405,0.0254,0.5696
CLUBS TEN DIAMONDS NINE,0.2544,0.0766,0.669
DIAMONDS JACK DIAMONDS FOUR,0.399,0.018,0.583
CLUBS JACK DIAMONDS NINE,0.253,0.0588,0.6882
CLUBS JACK SPADES NINE,0.2494,0.0638,0.6868
CLUBS TEN SPADES NINE,0.2328,0.0766,0.6906
DIAMONDS ACE DIAMONDS FOUR,0.3896,0.0048,0.6056
HEARTS FOUR DIAMONDS FOUR,0.4246,0.0692,0.5062
DIAMONDS JACK HEARTS TEN,0.317,0.014,0.669
SPADES NINE CLUBS KING,0.2672,0.0386,0.6942
DIAMONDS TWO SPADES TEN,0.4424,0.0242,0.5334
DIAMONDS NINE CLUBS ACE,0.2752,0.0214,0.7034
HEARTS FIVE DIAMONDS FOUR,0.5992,0.042,0.3588
DIAMONDS JACK HEARTS JACK,0.172,0.034,0.794
SPADES NINE CLUBS QUEEN,0.2564,0.0482,0.6954
DIAMONDS TWO SPADES JACK,0.4302,0.0192,0.5506
DIAMONDS QUEEN DIAMONDS FOUR,0.4072,0.0146,0.5782
HEARTS TWO DIAMONDS FOUR,0.6298,0.0392,0.331
DIAMONDS NINE CLUBS QUEEN,0.2562,0.0434,0.7004
DIAMONDS KING DIAMONDS FOUR,0.4122,0.007,0.5808
HEARTS THREE DIAMONDS FOUR,0.6186,0.0408,0.3406
SPADES NINE CLUBS ACE,0.2602,0.0228,0.717
DIAMONDS NINE CLUBS KING,0.2728,0.032,0.6952
HEARTS ACE DIAMONDS JACK,0.3458,0.0038,0.6504
SPADES ACE DIAMONDS TWO,0.427,0.0056,0.5674
HEARTS QUEEN DIAMONDS JACK,0.3526,0.0114,0.636
SPADES QUEEN DIAMONDS TWO,0.4294,0.0132,0.5574
DIAMONDS JACK HEARTS KING,0.361,0.0072,0.6318
SPADES KING DIAMONDS TWO,0.4364,0.007,0.5566
SPADES JACK SPADES SEVEN,0.2566,0.0518,0.6916
SPADES TEN SPADES SEVEN,0.2502,0.072,0.6778
CLUBS SIX CLUBS THREE,0.6006,0.0416,0.3578
CLUBS FIVE CLUBS THREE,0.5856,0.0388,0.3756
CLUBS THREE CLUBS FOUR,0.5774,0.0376,0.385
CLUBS NINE CLUBS THREE,0.464,0.2772,0.2588
CLUBS EIGHT CLUBS THREE,0.5956,0.043,0.3614
CLUBS THREE SPADES FIVE,0.6058,0.0454,0.3488
CLUBS THREE SPADES FOUR,0.5984,0.0432,0.3584
CLUBS THREE SPADES THREE,0.4218,0.0724,0.5058
CLUBS THREE SPADES TWO,0.6286,0.0394,0.332
CLUBS THREE SPADES SIX,0.6318,0.0442,0.324
CLUBS THREE SPADES SEVEN,0.6656,0.103,0.2314
SPADES EIGHT CLUBS THREE,0.6456,0.0386,0.3158
SPADES NINE CLUBS THREE,0.4886,0.292,0.2194
SPADES TWO DIAMONDS FOUR,0.6244,0.038,0.3376
SPADES THREE DIAMONDS FOUR,0.6148,0.0414,0.3438
SPADES FOUR DIAMONDS FOUR,0.4308,0.0638,0.5054
SPADES FIVE DIAMONDS FOUR,0.6072,0.0444,0.3484
SPADES SIX DIAMONDS FOUR,0.612,0.0472,0.3408
SPADES SEVEN DIAMONDS FOUR,0.639,0.1148,0.2462
SPADES EIGHT DIAMONDS FOUR,0.6272,0.038,0.3348
SPADES NINE DIAMONDS FOUR,0.4906,0.2904,0.219
CLUBS FIVE DIAMONDS FOUR,0.605,0.044,0.351
CLUBS FOUR DIAMONDS FOUR,0.4242,0.0726,0.5032
CLUBS SIX DIAMONDS FOUR,0.6292,0.039,0.3318
CLUBS NINE DIAMONDS FOUR,0.4794,0.2998,0.2208
CLUBS EIGHT DIAMONDS FOUR,0.6252,0.0408,0.334
DIAMONDS FOUR HEARTS SEVEN,0.6582,0.1108,0.231
HEARTS SIX DIAMONDS FOUR,0.622,0.0374,0.3406
DIAMONDS FOUR HEARTS EIGHT,0.626,0.0436,0.3304
CLUBS THREE DIAMONDS FOUR,0.618,0.043,0.339
CLUBS TWO DIAMONDS FOUR,0.63,0.0478,0.3222
DIAMONDS TEN DIAMONDS FIVE,0.4006,0.026,0.5734
DIAMONDS JACK DIAMONDS FIVE,0.3926,0.018,0.5894
DIAMONDS NINE HEARTS QUEEN,0.249,0.041,0.71
DIAMONDS NINE HEARTS KING,0.2778,0.0328,0.6894
HEARTS ACE DIAMONDS NINE,0.2692,0.024,0.7068
DIAMONDS NINE HEARTS TEN,0.2476,0.0692,0.6832
DIAMONDS NINE HEARTS JACK,0.2516,0.0568,0.6916
CLUBS KING DIAMONDS SIX,0.4048,0.0062,0.589
CLUBS QUEEN DIAMONDS SIX,0.4026,0.0102,0.5872
CLUBS ACE DIAMONDS SIX,0.4068,0.0028,0.5904
SPADES KING DIAMONDS FOUR,0.4252,0.0056,0.5692
SPADES ACE SPADES SEVEN,0.2632,0.0178,0.719
SPADES QUEEN DIAMONDS FOUR,0.4354,0.011,0.5536
SPADES QUEEN SPADES SEVEN,0.2698,0.0372,0.693
CLUBS JACK DIAMONDS SIX,0.4142,0.0206,0.5652
SPADES KING SPADES SEVEN,0.2702,0.0274,0.7024
SPADES ACE DIAMONDS FOUR,0.419,0.0038,0.5772
CLUBS TEN DIAMONDS SIX,0.4056,0.0244,0.57
CLUBS NINE CLUBS FOUR,0.463,0.2858,0.2512
CLUBS EIGHT CLUBS FOUR,0.5926,0.04,0.3674
SPADES JACK DIAMONDS FOUR,0.4326,0.0142,0.5532
SPADES TEN DIAMONDS FOUR,0.4402,0.03,0.5298
CLUBS FIVE CLUBS FOUR,0.5772,0.0446,0.3782
CLUBS SIX CLUBS FOUR,0.5888,0.0422,0.369
HEARTS SIX DIAMONDS FIVE,0.6106,0.04,0.3494
DIAMONDS FIVE HEARTS SEVEN,0.637,0.1094,0.2536
DIAMONDS FIVE HEARTS EIGHT,0.6222,0.0366,0.3412
DIAMONDS QUEEN DIAMONDS FIVE,0.3966,0.0122,0.5912
HEARTS TWO DIAMONDS FIVE,0.6374,0.0438,0.3188
HEARTS KING HEARTS EIGHT,0.3714,0.0078,0.6208
DIAMONDS KING DIAMONDS FIVE,0.3924,0.0082,0.5994
HEARTS THREE DIAMONDS FIVE,0.6252,0.0428,0.332
HEARTS QUEEN HEARTS EIGHT,0.359,0.0098,0.6312
DIAMONDS ACE DIAMONDS FIVE,0.3992,0.0036,0.5972
HEARTS FOUR DIAMONDS FIVE,0.6058,0.0418,0.3524
HEARTS FIVE DIAMONDS FIVE,0.4056,0.0684,0.526
HEARTS ACE HEARTS EIGHT,0.3524,0.0044,0.6432
CLUBS FOUR DIAMONDS FIVE,0.6102,0.0428,0.347
CLUBS FIVE DIAMONDS FIVE,0.4138,0.0668,0.5194
CLUBS SIX DIAMONDS FIVE,0.606,0.0496,0.3444
CLUBS TWO DIAMONDS FIVE,0.6242,0.0384,0.3374
CLUBS THREE DIAMONDS FIVE,0.607,0.0382,0.3548
SPADES THREE DIAMONDS FIVE,0.619,0.0382,0.3428
SPADES TWO DIAMONDS FIVE,0.618,0.039,0.343
SPADES JACK DIAMONDS EIGHT,0.3722,0.0188,0.609
SPADES FIVE DIAMONDS FIVE,0.4104,0.0676,0.522
CLUBS TEN HEARTS JACK,0.3314,0.0134,0.6552
SPADES TEN DIAMONDS EIGHT,0.3582,0.025,0.6168
SPADES FOUR DIAMONDS FIVE,0.5904,0.0428,0.3668
CLUBS JACK HEARTS JACK,0.1542,0.0294,0.8164
HEARTS JACK CLUBS QUEEN,0.3376,0.0134,0.649
CLUBS NINE DIAMONDS FIVE,0.4698,0.3008,0.2294
CLUBS EIGHT DIAMONDS FIVE,0.6146,0.0386,0.3468
HEARTS JACK CLUBS KING,0.3512,0.0088,0.64
CLUBS ACE HEARTS JACK,0.343,0.0034,0.6536
SPADES SEVEN DIAMONDS FIVE,0.6322,0.1074,0.2604
SPADES KING DIAMONDS EIGHT,0.3996,0.0068,0.5936
SPADES QUEEN DIAMONDS EIGHT,0.3738,0.0104,0.6158
SPADES SIX DIAMONDS FIVE,0.5966,0.0452,0.3582
SPADES NINE DIAMONDS FIVE,0.491,0.283,0.226
SPADES EIGHT DIAMONDS FIVE,0.6128,0.0368,0.3504
SPADES ACE DIAMONDS EIGHT,0.3904,0.0034,0.6062
DIAMONDS TEN DIAMONDS SIX,0.3986,0.0246,0.5768
HEARTS ACE DIAMONDS SEVEN,0.2792,0.0212,0.6996
DIAMONDS JACK DIAMONDS SIX,0.401,0.0144,0.5846
HEARTS QUEEN DIAMONDS SEVEN,0.274,0.047,0.679
HEARTS KING DIAMONDS SEVEN,0.2774,0.035,0.6876
DIAMONDS ACE DIAMONDS SIX,0.4004,0.0018,0.5978
HEARTS FOUR DIAMONDS SIX,0.624,0.0396,0.3364
SPADES TWO HEARTS JACK,0.4238,0.0182,0.558
HEARTS FIVE DIAMONDS SIX,0.6104,0.0408,0.3488
SPADES TWO HEARTS TEN,0.4416,0.0288,0.5296
DIAMONDS QUEEN DIAMONDS SIX,0.396,0.009,0.595
HEARTS TWO DIAMONDS SIX,0.6416,0.0438,0.3146
DIAMONDS KING DIAMONDS SIX,0.3996,0.006,0.5944
HEARTS THREE DIAMONDS SIX,0.6322,0.0406,0.3272
HEARTS EIGHT DIAMONDS SIX,0.6144,0.039,0.3466
HEARTS SIX DIAMONDS SIX,0.4108,0.0636,0.5256
HEARTS SEVEN DIAMONDS SIX,0.6402,0.107,0.2528
HEARTS TEN DIAMONDS SEVEN,0.2446,0.0768,0.6786
CLUBS TWO DIAMONDS SIX,0.6474,0.043,0.3096
HEARTS JACK DIAMONDS SEVEN,0.2576,0.0582,0.6842
CLUBS THREE DIAMONDS SIX,0.6352,0.042,0.3228
CLUBS JACK DIAMONDS EIGHT,0.3794,0.0176,0.603
CLUBS SIX DIAMONDS SIX,0.4076,0.0698,0.5226
CLUBS TEN DIAMONDS EIGHT,0.351,0.0232,0.6258
CLUBS FIVE DIAMONDS SIX,0.6012,0.0446,0.3542
CLUBS FOUR DIAMONDS SIX,0.6216,0.0398,0.3386
HEARTS ACE HEARTS JACK,0.3348,0.003,0.6622
DIAMONDS EIGHT CLUBS ACE,0.382,0.0034,0.6146
HEARTS QUEEN HEARTS JACK,0.316,0.0088,0.6752
DIAMONDS EIGHT CLUBS KING,0.3964,0.0058,0.5978
CLUBS NINE DIAMONDS SIX,0.4792,0.3008,0.22
HEARTS KING HEARTS JACK,0.3304,0.0078,0.6618
CLUBS EIGHT DIAMONDS SIX,0.5916,0.043,0.3654
DIAMONDS EIGHT CLUBS QUEEN,0.3758,0.0096,0.6146
SPADES TEN HEARTS KING,0.3646,0.0056,0.6298
SPADES FIVE DIAMONDS SIX,0.604,0.0388,0.3572
HEARTS ACE SPADES TWO,0.4184,0.007,0.5746
SPADES JACK HEARTS KING,0.3514,0.0084,0.6402
SPADES FOUR DIAMONDS SIX,0.622,0.0398,0.3382
SPADES THREE DIAMONDS SIX,0.6308,0.0442,0.325
HEARTS QUEEN SPADES TWO,0.4346,0.0108,0.5546
SPADES ACE SPADES KING,0.344,0.0038,0.6522
HEARTS KING SPADES TWO,0.4308,0.0074,0.5618
SPADES TWO DIAMONDS SIX,0.6468,0.0426,0.3106
HEARTS TEN HEARTS EIGHT,0.3494,0.0256,0.625
SPADES NINE DIAMONDS SIX,0.4694,0.3044,0.2262
HEARTS JACK HEARTS EIGHT,0.3558,0.0172,0.627
SPADES EIGHT DIAMONDS SIX,0.6144,0.0398,0.3458
SPADES SEVEN DIAMONDS SIX,0.629,0.0998,0.2712
SPADES SIX DIAMONDS SIX,0.3956,0.0712,0.5332
SPADES KING HEARTS KING,0.1762,0.012,0.8118
SPADES QUEEN HEARTS KING,0.3418,0.0052,0.653
CLUBS ACE CLUBS KING,0.3594,0.0056,0.635
SPADES ACE HEARTS KING,0.3564,0.0028,0.6408
SPADES ACE HEARTS JACK,0.352,0.0038,0.6442
SPADES QUEEN HEARTS JACK,0.3478,0.0068,0.6454
SPADES KING HEARTS JACK,0.3382,0.0064,0.6554
SPADES TEN DIAMONDS TEN,0.1634,0.04,0.7966
SPADES JACK DIAMONDS TEN,0.3376,0.0136,0.6488
SPADES ACE DIAMONDS TEN,0.3484,0.0034,0.6482
SPADES JACK HEARTS JACK,0.1692,0.029,0.8018
SPADES TEN HEARTS JACK,0.3204,0.0126,0.667
SPADES QUEEN DIAMONDS TEN,0.344,0.0088,0.6472
SPADES KING DIAMONDS TEN,0.3492,0.005,0.6458
SPADES NINE DIAMONDS SEVEN,0.02,0.9562,0.0238
SPADES EIGHT DIAMONDS SEVEN,0.656,0.0944,0.2496
SPADES SEVEN DIAMONDS SEVEN,0.309,0.055,0.636
SPADES SIX DIAMONDS SEVEN,0.6466,0.0992,0.2542
DIAMONDS KING DIAMONDS SEVEN,0.2686,0.0278,0.7036
HEARTS THREE DIAMONDS SEVEN,0.6582,0.1054,0.2364
HEARTS KING DIAMONDS FIVE,0.4196,0.0068,0.5736
DIAMONDS QUEEN DIAMONDS SEVEN,0.2726,0.0392,0.6882
HEARTS TWO DIAMONDS SEVEN,0.6868,0.1146,0.1986
HEARTS QUEEN DIAMONDS FIVE,0.4116,0.0108,0.5776
HEARTS FIVE DIAMONDS SEVEN,0.6346,0.1164,0.249
DIAMONDS ACE DIAMONDS SEVEN,0.2634,0.0164,0.7202
HEARTS FOUR DIAMONDS SEVEN,0.662,0.1084,0.2296
HEARTS ACE DIAMONDS FIVE,0.4072,0.0046,0.5882
HEARTS SEVEN DIAMONDS SEVEN,0.3154,0.0564,0.6282
HEARTS SIX DIAMONDS SEVEN,0.635,0.103,0.262
DIAMONDS SEVEN HEARTS EIGHT,0.6512,0.1038,0.245
DIAMONDS JACK DIAMONDS SEVEN,0.2538,0.052,0.6942
DIAMONDS FIVE HEARTS JACK,0.4206,0.0186,0.5608
DIAMONDS TEN DIAMONDS SEVEN,0.2424,0.0678,0.6898
HEARTS TEN DIAMONDS FIVE,0.413,0.0272,0.5598
CLUBS EIGHT DIAMONDS SEVEN,0.6276,0.1086,0.2638
SPADES KING CLUBS TWO,0.4372,0.0086,0.5542
HEARTS KING CLUBS KING,0.161,0.0156,0.8234
SPADES QUEEN CLUBS TWO,0.4352,0.0104,0.5544
HEARTS KING CLUBS QUEEN,0.3462,0.0064,0.6474
CLUBS NINE DIAMONDS SEVEN,0.01,0.9704,0.0196
CLUBS JACK SPADES TWO,0.4326,0.0172,0.5502
SPADES ACE CLUBS TWO,0.4294,0.0046,0.566
CLUBS TEN SPADES TWO,0.443,0.025,0.532
HEARTS KING CLUBS ACE,0.359,0.007,0.634
SPADES TWO CLUBS KING,0.4262,0.008,0.5658
SPADES TWO DIAMONDS SEVEN,0.6614,0.1196,0.219
CLUBS EIGHT CLUBS SIX,0.571,0.0378,0.3912
SPADES THREE DIAMONDS SEVEN,0.6552,0.1126,0.2322
SPADES TWO CLUBS QUEEN,0.4364,0.0122,0.5514
CLUBS NINE CLUBS SIX,0.462,0.2744,0.2636
SPADES FOUR DIAMONDS SEVEN,0.6564,0.1028,0.2408
CLUBS JACK HEARTS KING,0.339,0.0078,0.6532
SPADES FIVE DIAMONDS SEVEN,0.6358,0.0934,0.2708
SPADES TWO CLUBS ACE,0.4316,0.0044,0.564
CLUBS TEN HEARTS KING,0.3522,0.0084,0.6394
CLUBS SIX SPADES TWO,0.655,0.0378,0.3072
CLUBS SIX SPADES THREE,0.6358,0.0388,0.3254
CLUBS TWO DIAMONDS SEVEN,0.6796,0.1094,0.211
CLUBS SIX SPADES FOUR,0.6254,0.0444,0.3302
CLUBS THREE DIAMONDS SEVEN,0.6484,0.1102,0.2414
CLUBS SIX SPADES FIVE,0.614,0.04,0.346
CLUBS FOUR DIAMONDS SEVEN,0.658,0.1078,0.2342
CLUBS SIX SPADES SIX,0.3982,0.0724,0.5294
CLUBS FIVE DIAMONDS SEVEN,0.6458,0.1066,0.2476
CLUBS SIX SPADES SEVEN,0.6332,0.103,0.2638
CLUBS SIX DIAMONDS SEVEN,0.6436,0.1094,0.247
CLUBS SIX SPADES EIGHT,0.6168,0.0442,0.339
SPADES JACK CLUBS TWO,0.4514,0.0144,0.5342
SPADES NINE CLUBS SIX,0.4792,0.2952,0.2256
SPADES TEN CLUBS TWO,0.4484,0.031,0.5206
CLUBS TWO CLUBS QUEEN,0.423,0.012,0.565
CLUBS TWO CLUBS KING,0.4164,0.0078,0.5758
CLUBS THREE DIAMONDS EIGHT,0.6346,0.0376,0.3278
CLUBS TWO CLUBS ACE,0.4082,0.004,0.5878
CLUBS TWO DIAMONDS EIGHT,0.6354,0.0394,0.3252
DIAMONDS EIGHT HEARTS SEVEN,0.6522,0.108,0.2398
HEARTS SIX DIAMONDS EIGHT,0.6112,0.0426,0.3462
CLUBS TEN CLUBS TWO,0.4076,0.0296,0.5628
DIAMONDS EIGHT HEARTS EIGHT,0.2846,0.06,0.6554
CLUBS JACK CLUBS TWO,0.4212,0.0146,0.5642
CLUBS NINE DIAMONDS EIGHT,0.2252,0.2346,0.5402
CLUBS EIGHT DIAMONDS EIGHT,0.2672,0.0566,0.6762
CLUBS FIVE DIAMONDS EIGHT,0.618,0.0426,0.3394
SPADES ACE SPADES THREE,0.398,0.0056,0.5964
CLUBS FOUR DIAMONDS EIGHT,0.6314,0.038,0.3306
SPADES QUEEN SPADES THREE,0.3896,0.0102,0.6002
CLUBS SIX DIAMONDS EIGHT,0.6028,0.041,0.3562
SPADES KING SPADES THREE,0.4092,0.008,0.5828
DIAMONDS QUEEN DIAMONDS EIGHT,0.3506,0.009,0.6404
HEARTS TWO DIAMONDS EIGHT,0.6458,0.044,0.3102
DIAMONDS KING DIAMONDS EIGHT,0.3556,0.0062,0.6382
HEARTS THREE DIAMONDS EIGHT,0.6382,0.0464,0.3154
DIAMONDS ACE DIAMONDS EIGHT,0.3566,0.0032,0.6402
HEARTS FOUR DIAMONDS EIGHT,0.6264,0.0352,0.3384
HEARTS FIVE DIAMONDS EIGHT,0.6054,0.0402,0.3544
DIAMONDS EIGHT DIAMONDS TEN,0.3532,0.0238,0.623
DIAMONDS EIGHT DIAMONDS JACK,0.3364,0.017,0.6466
SPADES JACK SPADES THREE,0.3996,0.0154,0.585
SPADES TEN SPADES THREE,0.4072,0.0254,0.5674
CLUBS FOUR HEARTS ACE,0.4236,0.004,0.5724
CLUBS FOUR HEARTS QUEEN,0.4348,0.0128,0.5524
CLUBS FOUR HEARTS KING,0.4296,0.0106,0.5598
CLUBS SIX HEARTS TEN,0.4086,0.025,0.5664
CLUBS SIX HEARTS JACK,0.4202,0.0176,0.5622
DIAMONDS EIGHT SPADES FOUR,0.624,0.0386,0.3374
SPADES FIVE DIAMONDS EIGHT,0.6172,0.0388,0.344
DIAMONDS EIGHT SPADES TWO,0.6256,0.0394,0.335
DIAMONDS EIGHT SPADES THREE,0.6252,0.0394,0.3354
CLUBS FOUR HEARTS JACK,0.4338,0.0152,0.551
SPADES EIGHT DIAMONDS EIGHT,0.276,0.0644,0.6596
SPADES TEN DIAMONDS QUEEN,0.3356,0.011,0.6534
SPADES TEN HEARTS TWO,0.4346,0.0274,0.538
SPADES JACK HEARTS EIGHT,0.3734,0.0146,0.612
CLUBS FOUR HEARTS TEN,0.4282,0.03,0.5418
SPADES NINE DIAMONDS EIGHT,0.2296,0.224,0.5464
SPADES TEN HEARTS EIGHT,0.344,0.0236,0.6324
SPADES JACK HEARTS TWO,0.4418,0.0178,0.5404
SPADES JACK DIAMONDS QUEEN,0.349,0.0092,0.6418
SPADES SIX DIAMONDS EIGHT,0.5904,0.0442,0.3654
SPADES SEVEN DIAMONDS EIGHT,0.649,0.094,0.257
SPADES ACE HEARTS TWO,0.4514,0.005,0.5436
SPADES ACE DIAMONDS QUEEN,0.3584,0.003,0.6386
SPADES ACE HEARTS EIGHT,0.392,0.0022,0.6058
SPADES KING HEARTS EIGHT,0.3942,0.0074,0.5984
SPADES QUEEN HEARTS TWO,0.4354,0.0094,0.5552
SPADES QUEEN DIAMONDS QUEEN,0.1792,0.0214,0.7994
SPADES KING DIAMONDS QUEEN,0.3548,0.0056,0.6396
SPADES KING HEARTS TWO,0.4472,0.0076,0.5452
SPADES QUEEN HEARTS EIGHT,0.375,0.0124,0.6126
CLUBS TWO HEARTS TEN,0.4294,0.031,0.5396
CLUBS TWO HEARTS JACK,0.4418,0.0182,0.54
SPADES SEVEN DIAMONDS NINE,0.023,0.955,0.022
SPADES SIX DIAMONDS NINE,0.49,0.2892,0.2208
SPADES NINE DIAMONDS NINE,0.1348,0.06,0.8052
SPADES EIGHT DIAMONDS NINE,0.2348,0.2198,0.5454
SPADES TEN CLUBS KING,0.354,0.006,0.64
DIAMONDS NINE SPADES THREE,0.491,0.2954,0.2136
SPADES JACK CLUBS KING,0.358,0.0062,0.6358
DIAMONDS NINE SPADES TWO,0.4822,0.3002,0.2176
DIAMONDS NINE SPADES FIVE,0.4868,0.2962,0.217
DIAMONDS NINE SPADES FOUR,0.481,0.2876,0.2314
CLUBS NINE DIAMONDS NINE,0.1238,0.0706,0.8056
CLUBS EIGHT DIAMONDS NINE,0.218,0.231,0.551
CLUBS SIX DIAMONDS NINE,0.4712,0.3074,0.2214
SPADES JACK CLUBS FOUR,0.4312,0.0152,0.5536
SPADES TEN CLUBS FOUR,0.437,0.024,0.539
CLUBS FOUR DIAMONDS NINE,0.4822,0.303,0.2148
CLUBS FIVE DIAMONDS NINE,0.4874,0.29,0.2226
DIAMONDS NINE CLUBS TWO,0.5038,0.2958,0.2004
CLUBS THREE DIAMONDS NINE,0.496,0.297,0.207
DIAMONDS NINE HEARTS EIGHT,0.2254,0.233,0.5416
HEARTS SIX DIAMONDS NINE,0.482,0.2946,0.2234
DIAMONDS NINE HEARTS SEVEN,0.0172,0.9752,0.0076
CLUBS EIGHT CLUBS NINE,0.2244,0.2154,0.5602
DIAMONDS ACE DIAMONDS NINE,0.244,0.0256,0.7304
HEARTS FOUR DIAMONDS NINE,0.4934,0.2976,0.209
HEARTS FIVE DIAMONDS NINE,0.476,0.301,0.223
HEARTS ACE CLUBS TWO,0.4296,0.0052,0.5652
SPADES ACE CLUBS FOUR,0.431,0.0034,0.5656
DIAMONDS QUEEN DIAMONDS NINE,0.2408,0.0388,0.7204
HEARTS TWO DIAMONDS NINE,0.4846,0.2932,0.2222
CLUBS TWO HEARTS KING,0.44,0.0074,0.5526
SPADES KING CLUBS FOUR,0.4258,0.0102,0.564
DIAMONDS KING DIAMONDS NINE,0.2522,0.0296,0.7182
HEARTS THREE DIAMONDS NINE,0.4986,0.2822,0.2192
CLUBS TWO HEARTS QUEEN,0.432,0.0142,0.5538
SPADES QUEEN CLUBS FOUR,0.4402,0.0122,0.5476
DIAMONDS NINE DIAMONDS JACK,0.2362,0.0576,0.7062
CLUBS EIGHT SPADES NINE,0.219,0.2394,0.5416
DIAMONDS NINE DIAMONDS TEN,0.2254,0.0664,0.7082
CLUBS EIGHT SPADES EIGHT,0.2652,0.0644,0.6704
CLUBS EIGHT SPADES SEVEN,0.636,0.098,0.266
CLUBS EIGHT SPADES SIX,0.6036,0.0442,0.3522
CLUBS EIGHT SPADES FIVE,0.6172,0.0376,0.3452
CLUBS EIGHT SPADES FOUR,0.6186,0.0432,0.3382
CLUBS EIGHT SPADES THREE,0.6402,0.0382,0.3216
CLUBS EIGHT SPADES TWO,0.6462,0.0404,0.3134
HEARTS SIX DIAMONDS TEN,0.4226,0.0266,0.5508
DIAMONDS TEN HEARTS SEVEN,0.2524,0.0766,0.671
DIAMONDS TEN HEARTS EIGHT,0.3612,0.0248,0.614
CLUBS JACK CLUBS FOUR,0.4158,0.0138,0.5704
CLUBS TEN CLUBS FOUR,0.4088,0.028,0.5632
CLUBS FOUR CLUBS KING,0.4082,0.0056,0.5862
CLUBS FOUR CLUBS QUEEN,0.4126,0.0112,0.5762
CLUBS TWO DIAMONDS TEN,0.442,0.027,0.531
CLUBS THREE DIAMONDS TEN,0.4396,0.0268,0.5336
CLUBS FOUR CLUBS ACE,0.4024,0.0058,0.5918
DIAMONDS JACK DIAMONDS TEN,0.3118,0.0162,0.672
DIAMONDS QUEEN DIAMONDS TEN,0.3102,0.0108,0.679
HEARTS TWO DIAMONDS TEN,0.4372,0.025,0.5378
DIAMONDS KING DIAMONDS TEN,0.3496,0.0074,0.643
HEARTS THREE DIAMONDS TEN,0.4392,0.0248,0.536
DIAMONDS ACE DIAMONDS TEN,0.3378,0.004,0.6582
HEARTS FOUR DIAMONDS TEN,0.4302,0.0302,0.5396
CLUBS EIGHT HEARTS JACK,0.3566,0.0172,0.6262
HEARTS FIVE DIAMONDS TEN,0.4278,0.0258,0.5464
CLUBS EIGHT HEARTS TEN,0.3508,0.0238,0.6254
CLUBS EIGHT HEARTS QUEEN,0.3662,0.012,0.6218
CLUBS EIGHT HEARTS KING,0.3858,0.0082,0.606
CLUBS EIGHT HEARTS ACE,0.3818,0.0028,0.6154
CLUBS NINE SPADES THREE,0.4778,0.3004,0.2218
CLUBS NINE SPADES TWO,0.495,0.2958,0.2092
CLUBS NINE SPADES FIVE,0.473,0.2956,0.2314
CLUBS NINE SPADES FOUR,0.4802,0.2952,0.2246
CLUBS NINE SPADES SEVEN,0.0124,0.9712,0.0164
CLUBS NINE SPADES SIX,0.476,0.2964,0.2276
CLUBS NINE SPADES NINE,0.137,0.0654,0.7976
CLUBS TEN HEARTS EIGHT,0.3594,0.0266,0.614
CLUBS NINE SPADES EIGHT,0.2104,0.225,0.5646
CLUBS JACK HEARTS EIGHT,0.377,0.0186,0.6044
CLUBS QUEEN HEARTS EIGHT,0.3708,0.0116,0.6176
CLUBS KING HEARTS EIGHT,0.39,0.0092,0.6008
CLUBS ACE HEARTS EIGHT,0.381,0.0046,0.6144
SPADES KING CLUBS KING,0.1676,0.0106,0.8218
SPADES QUEEN CLUBS KING,0.3508,0.006,0.6432
SPADES ACE CLUBS KING,0.3598,0.0034,0.6368
DIAMONDS ACE HEARTS TEN,0.348,0.0032,0.6488
HEARTS FOUR HEARTS TEN,0.4162,0.025,0.5588
DIAMONDS ACE HEARTS JACK,0.3534,0.0044,0.6422
HEARTS FOUR HEARTS JACK,0.417,0.0148,0.5682
SPADES KING CLUBS FIVE,0.437,0.0076,0.5554
SPADES QUEEN CLUBS FIVE,0.428,0.0112,0.5608
SPADES ACE CLUBS FIVE,0.4168,0.006,0.5772
DIAMONDS JACK HEARTS SEVEN,0.274,0.0528,0.6732
HEARTS SIX DIAMONDS JACK,0.4322,0.0138,0.554
DIAMONDS JACK HEARTS EIGHT,0.3752,0.014,0.6108
DIAMONDS KING DIAMONDS JACK,0.3332,0.0068,0.66
HEARTS THREE DIAMONDS JACK,0.4406,0.019,0.5404
SPADES ACE SPADES SIX,0.3958,0.0042,0.6
HEARTS ACE SPADES FOUR,0.4288,0.0044,0.5668
DIAMONDS QUEEN DIAMONDS JACK,0.3256,0.0096,0.6648
HEARTS TWO DIAMONDS JACK,0.4388,0.0156,0.5456
HEARTS FIVE DIAMONDS JACK,0.4216,0.0164,0.562
SPADES QUEEN SPADES SIX,0.4004,0.0092,0.5904
SPADES FOUR HEARTS QUEEN,0.4302,0.0108,0.559
DIAMONDS ACE DIAMONDS JACK,0.3418,0.0034,0.6548
HEARTS FOUR DIAMONDS JACK,0.435,0.016,0.549
SPADES KING SPADES SIX,0.4048,0.0062,0.589
SPADES FOUR HEARTS KING,0.4412,0.0082,0.5506
SPADES TEN SPADES SIX,0.3832,0.0264,0.5904
SPADES JACK SPADES SIX,0.393,0.0176,0.5894
SPADES FOUR DIAMONDS JACK,0.4368,0.015,0.5482
SPADES FIVE DIAMONDS JACK,0.4174,0.019,0.5636
DIAMONDS JACK SPADES TWO,0.4362,0.0166,0.5472
DIAMONDS JACK SPADES THREE,0.427,0.0162,0.5568
SPADES ACE DIAMONDS THREE,0.4218,0.0034,0.5748
CLUBS EIGHT DIAMONDS JACK,0.3686,0.0166,0.6148
SPADES QUEEN DIAMONDS THREE,0.439,0.0108,0.5502
SPADES KING DIAMONDS THREE,0.4342,0.0066,0.5592
CLUBS NINE DIAMONDS JACK,0.2428,0.0608,0.6964
CLUBS SIX DIAMONDS JACK,0.418,0.0166,0.5654
CLUBS FOUR DIAMONDS JACK,0.44,0.0182,0.5418
CLUBS FIVE DIAMONDS JACK,0.4314,0.0192,0.5494
CLUBS TWO DIAMONDS JACK,0.4378,0.0174,0.5448
CLUBS THREE DIAMONDS JACK,0.432,0.0208,0.5472
SPADES TEN CLUBS FIVE,0.414,0.027,0.559
HEARTS SIX SPADES JACK,0.4212,0.0182,0.5606
HEARTS SIX SPADES TEN,0.4172,0.0232,0.5596
SPADES JACK CLUBS FIVE,0.415,0.0158,0.5692
SPADES JACK DIAMONDS THREE,0.4296,0.0194,0.551
DIAMONDS THREE SPADES TEN,0.4414,0.0216,0.537
SPADES NINE DIAMONDS JACK,0.2698,0.0572,0.673
DIAMONDS ACE HEARTS ACE,0.1622,0.0046,0.8332
HEARTS FOUR HEARTS ACE,0.3952,0.0062,0.5986
SPADES EIGHT DIAMONDS JACK,0.371,0.0186,0.6104
SPADES ACE HEARTS SIX,0.4064,0.0048,0.5888
DIAMONDS ACE HEARTS KING,0.3552,0.0038,0.641
HEARTS FOUR HEARTS KING,0.4168,0.0094,0.5738
SPADES SEVEN DIAMONDS JACK,0.2776,0.0522,0.6702
SPADES KING HEARTS SIX,0.418,0.007,0.575
DIAMONDS ACE HEARTS QUEEN,0.3496,0.0048,0.6456
HEARTS FOUR HEARTS QUEEN,0.4148,0.0136,0.5716
SPADES QUEEN HEARTS SIX,0.408,0.0128,0.5792
SPADES SIX DIAMONDS JACK,0.4134,0.0144,0.5722
DIAMONDS TEN SPADES TWO,0.4356,0.026,0.5384
SPADES THREE DIAMONDS TEN,0.4426,0.0254,0.532
SPADES FOUR DIAMONDS TEN,0.4338,0.026,0.5402
SPADES FIVE DIAMONDS TEN,0.418,0.0216,0.5604
SPADES SIX DIAMONDS TEN,0.4014,0.0236,0.575
SPADES SEVEN DIAMONDS TEN,0.2432,0.0696,0.6872
SPADES EIGHT DIAMONDS TEN,0.3574,0.0228,0.6198
SPADES NINE DIAMONDS TEN,0.2526,0.0768,0.6706
CLUBS FOUR DIAMONDS TEN,0.418,0.024,0.558
CLUBS FIVE DIAMONDS TEN,0.4202,0.025,0.5548
CLUBS SIX DIAMONDS TEN,0.4134,0.0246,0.562
CLUBS EIGHT DIAMONDS TEN,0.3566,0.0204,0.623
CLUBS NINE DIAMONDS TEN,0.2312,0.0682,0.7006
CLUBS JACK DIAMONDS THREE,0.437,0.0162,0.5468
CLUBS TEN DIAMONDS THREE,0.4252,0.0296,0.5452
DIAMONDS THREE CLUBS KING,0.4362,0.0062,0.5576
DIAMONDS THREE CLUBS QUEEN,0.4248,0.0108,0.5644
DIAMONDS THREE CLUBS ACE,0.4342,0.0028,0.563
SPADES FOUR HEARTS JACK,0.4212,0.0166,0.5622
SPADES FOUR HEARTS TEN,0.4194,0.0282,0.5524
SPADES FIVE SPADES TWO,0.581,0.036,0.383
SPADES FOUR SPADES TWO,0.5888,0.038,0.3732
SPADES THREE SPADES TWO,0.589,0.0392,0.3718
SPADES NINE SPADES TWO,0.4496,0.278,0.2724
SPADES EIGHT SPADES TWO,0.5984,0.0356,0.366
SPADES SEVEN SPADES TWO,0.6352,0.1042,0.2606
SPADES SIX SPADES TWO,0.6014,0.0366,0.362
DIAMONDS QUEEN CLUBS THREE,0.423,0.0118,0.5652
CLUBS THREE HEARTS TWO,0.6282,0.0444,0.3274
DIAMONDS QUEEN CLUBS TWO,0.4318,0.0106,0.5576
HEARTS TWO CLUBS TWO,0.4384,0.07,0.4916
DIAMONDS QUEEN HEARTS SEVEN,0.2864,0.039,0.6746
HEARTS TWO HEARTS SEVEN,0.623,0.1108,0.2662
HEARTS SIX DIAMONDS QUEEN,0.4168,0.0072,0.576
HEARTS SIX HEARTS TWO,0.6284,0.0434,0.3282
DIAMONDS QUEEN HEARTS EIGHT,0.3776,0.0106,0.6118
HEARTS TWO HEARTS EIGHT,0.622,0.035,0.343
CLUBS NINE HEARTS TWO,0.502,0.2892,0.2088
CLUBS NINE DIAMONDS QUEEN,0.264,0.0486,0.6874
CLUBS EIGHT DIAMONDS QUEEN,0.3756,0.0102,0.6142
CLUBS EIGHT HEARTS TWO,0.6344,0.0428,0.3228
CLUBS FIVE DIAMONDS QUEEN,0.4236,0.0106,0.5658
CLUBS FIVE HEARTS TWO,0.6354,0.0426,0.322
SPADES EIGHT HEARTS ACE,0.3738,0.0042,0.622
DIAMONDS QUEEN CLUBS FOUR,0.4294,0.0124,0.5582
HEARTS TWO CLUBS FOUR,0.634,0.0454,0.3206
SPADES EIGHT HEARTS QUEEN,0.3698,0.0116,0.6186
CLUBS SIX DIAMONDS QUEEN,0.423,0.013,0.564
CLUBS SIX HEARTS TWO,0.6602,0.0448,0.295
SPADES EIGHT HEARTS KING,0.382,0.0084,0.6096
HEARTS TWO SPADES SIX,0.6458,0.039,0.3152
DIAMONDS QUEEN SPADES SIX,0.4196,0.0126,0.5678
HEARTS FOUR CLUBS QUEEN,0.4344,0.0106,0.555
DIAMONDS ACE CLUBS QUEEN,0.3428,0.0056,0.6516
DIAMONDS QUEEN SPADES SEVEN,0.276,0.0406,0.6834
HEARTS TWO SPADES SEVEN,0.6764,0.105,0.2186
HEARTS FOUR CLUBS KING,0.4454,0.01,0.5446
DIAMONDS ACE CLUBS KING,0.347,0.0046,0.6484
DIAMONDS QUEEN SPADES EIGHT,0.3728,0.0092,0.618
SPADES EIGHT HEARTS TWO,0.6384,0.0448,0.3168
HEARTS FOUR CLUBS ACE,0.412,0.0038,0.5842
DIAMONDS ACE CLUBS ACE,0.1706,0.0028,0.8266
SPADES NINE DIAMONDS QUEEN,0.2592,0.0396,0.7012
SPADES NINE HEARTS TWO,0.4968,0.293,0.2102
HEARTS TWO SPADES TWO,0.431,0.0656,0.5034
DIAMONDS QUEEN SPADES TWO,0.429,0.012,0.559
HEARTS TWO SPADES THREE,0.6362,0.0422,0.3216
DIAMONDS QUEEN SPADES THREE,0.4302,0.0088,0.561
HEARTS TWO SPADES FOUR,0.6374,0.0438,0.3188
DIAMONDS QUEEN SPADES FOUR,0.4238,0.0118,0.5644
CLUBS TEN HEARTS FOUR,0.4212,0.0324,0.5464
CLUBS TEN DIAMONDS ACE,0.3386,0.003,0.6584
HEARTS TWO SPADES FIVE,0.6226,0.0458,0.3316
DIAMONDS QUEEN SPADES FIVE,0.4332,0.0098,0.557
HEARTS FOUR CLUBS JACK,0.4256,0.016,0.5584
CLUBS JACK DIAMONDS ACE,0.3592,0.0032,0.6376
CLUBS FIVE CLUBS KING,0.405,0.008,0.587
CLUBS FIVE CLUBS QUEEN,0.402,0.0126,0.5854
CLUBS FIVE CLUBS ACE,0.393,0.005,0.602
CLUBS JACK CLUBS FIVE,0.4004,0.0164,0.5832
CLUBS TEN CLUBS FIVE,0.4,0.0274,0.5726
SPADES KING CLUBS JACK,0.3462,0.0058,0.648
CLUBS JACK SPADES QUEEN,0.335,0.0112,0.6538
SPADES ACE CLUBS JACK,0.3688,0.0036,0.6276
SPADES SIX CLUBS KING,0.417,0.0058,0.5772
SPADES SIX CLUBS QUEEN,0.4078,0.0138,0.5784
SPADES EIGHT HEARTS JACK,0.3662,0.0162,0.6176
SPADES SIX CLUBS ACE,0.4066,0.0042,0.5892
SPADES EIGHT HEARTS TEN,0.3492,0.0206,0.6302
CLUBS JACK SPADES SIX,0.407,0.0144,0.5786
CLUBS TEN SPADES SIX,0.4196,0.021,0.5594
CLUBS JACK SPADES TEN,0.34,0.0118,0.6482
CLUBS JACK SPADES JACK,0.1778,0.0276,0.7946
SPADES SIX HEARTS TEN,0.4074,0.028,0.5646
SPADES SIX HEARTS JACK,0.4166,0.0188,0.5646
SPADES SIX HEARTS ACE,0.4148,0.0052,0.58
SPADES SIX HEARTS KING,0.4184,0.007,0.5746
SPADES SIX HEARTS QUEEN,0.4116,0.0124,0.576
CLUBS TEN HEARTS SIX,0.405,0.0264,0.5686
CLUBS JACK HEARTS SIX,0.4162,0.0196,0.5642
CLUBS JACK CLUBS ACE,0.3466,0.0042,0.6492
HEARTS SIX CLUBS QUEEN,0.402,0.0102,0.5878
HEARTS SIX CLUBS KING,0.415,0.006,0.579
HEARTS SIX CLUBS ACE,0.4196,0.003,0.5774
CLUBS JACK CLUBS QUEEN,0.3244,0.0112,0.6644
CLUBS JACK CLUBS KING,0.3412,0.006,0.6528
DIAMONDS THREE HEARTS ACE,0.4192,0.0038,0.577
DIAMONDS THREE HEARTS QUEEN,0.4282,0.012,0.5598
DIAMONDS THREE HEARTS KING,0.439,0.0092,0.5518
CLUBS FIVE HEARTS JACK,0.4288,0.0196,0.5516
SPADES TEN DIAMONDS ACE,0.3616,0.0046,0.6338
HEARTS FOUR SPADES TEN,0.4354,0.0256,0.539
CLUBS FIVE HEARTS TEN,0.4204,0.0318,0.5478
HEARTS FOUR SPADES JACK,0.4338,0.0144,0.5518
SPADES JACK DIAMONDS ACE,0.36,0.0038,0.6362
SPADES ACE HEARTS FOUR,0.4132,0.0056,0.5812
SPADES ACE DIAMONDS ACE,0.174,0.0026,0.8234
CLUBS FIVE HEARTS ACE,0.425,0.0038,0.5712
CLUBS FIVE HEARTS KING,0.4114,0.0082,0.5804
HEARTS FOUR SPADES QUEEN,0.4208,0.011,0.5682
SPADES QUEEN DIAMONDS ACE,0.3658,0.0032,0.631
CLUBS JACK SPADES FOUR,0.429,0.0132,0.5578
CLUBS FIVE HEARTS QUEEN,0.4168,0.0122,0.571
SPADES KING DIAMONDS ACE,0.377,0.003,0.62
HEARTS FOUR SPADES KING,0.4424,0.0088,0.5488
CLUBS TEN SPADES FOUR,0.4326,0.0274,0.54
DIAMONDS QUEEN DIAMONDS ACE,0.33,0.0042,0.6658
HEARTS TWO DIAMONDS ACE,0.4274,0.0044,0.5682
HEARTS FOUR DIAMONDS QUEEN,0.4412,0.0092,0.5496
HEARTS FOUR HEARTS TWO,0.6006,0.0358,0.3636
DIAMONDS THREE HEARTS TEN,0.4294,0.0268,0.5438
SPADES FOUR CLUBS KING,0.4298,0.0058,0.5644
HEARTS FIVE DIAMONDS QUEEN,0.4258,0.0108,0.5634
HEARTS FIVE HEARTS TWO,0.608,0.0414,0.3506
DIAMONDS THREE HEARTS JACK,0.4276,0.0198,0.5526
SPADES FOUR CLUBS QUEEN,0.4284,0.0096,0.562
DIAMONDS QUEEN HEARTS TWO,0.4386,0.0104,0.551
DIAMONDS KING DIAMONDS QUEEN,0.322,0.0058,0.6722
DIAMONDS KING HEARTS TWO,0.44,0.0078,0.5522
HEARTS THREE DIAMONDS QUEEN,0.4352,0.0104,0.5544
HEARTS THREE HEARTS TWO,0.5964,0.0442,0.3594
SPADES FOUR CLUBS ACE,0.4132,0.0046,0.5822
HEARTS TWO CLUBS ACE,0.4384,0.0054,0.5562
DIAMONDS QUEEN CLUBS ACE,0.3518,0.004,0.6442
HEARTS TWO CLUBS QUEEN,0.4388,0.016,0.5452
DIAMONDS QUEEN CLUBS QUEEN,0.1696,0.0186,0.8118
HEARTS TWO CLUBS KING,0.4278,0.0094,0.5628
DIAMONDS QUEEN CLUBS KING,0.349,0.0052,0.6458
SPADES EIGHT SPADES FIVE,0.571,0.036,0.393
CLUBS TEN HEARTS TWO,0.4374,0.028,0.5346
CLUBS TEN DIAMONDS QUEEN,0.3346,0.0128,0.6526
SPADES NINE SPADES FIVE,0.4398,0.2816,0.2786
CLUBS JACK HEARTS TWO,0.4388,0.0182,0.543
CLUBS JACK DIAMONDS QUEEN,0.3298,0.0106,0.6596
SPADES SIX SPADES FIVE,0.572,0.0388,0.3892
SPADES SEVEN SPADES FIVE,0.5944,0.1058,0.2998
DIAMONDS FIVE CLUBS QUEEN,0.4186,0.0102,0.5712
SPADES EIGHT CLUBS ACE,0.3798,0.0036,0.6166
DIAMONDS FIVE CLUBS KING,0.4304,0.007,0.5626
SPADES EIGHT CLUBS KING,0.3912,0.0062,0.6026
DIAMONDS FIVE CLUBS ACE,0.408,0.0046,0.5874
SPADES EIGHT CLUBS QUEEN,0.3862,0.0116,0.6022
CLUBS JACK SPADES EIGHT,0.3592,0.0178,0.623
CLUBS TEN SPADES EIGHT,0.3516,0.0258,0.6226
CLUBS TEN DIAMONDS FIVE,0.4184,0.0244,0.5572
