opposingHand,winningChance,drawChance,lostChance
CLUBS FIVE DIAMONDS QUEEN
HEARTS FIVE SPADES TEN,0.7214,0.0442,0.2344
HEARTS FIVE SPADES JACK,0.712,0.0484,0.2396
CLUBS JACK SPADES FIVE,0.7054,0.0576,0.237
CLUBS TEN SPADES FIVE,0.7066,0.0472,0.2462
CLUBS JACK CLUBS EIGHT,0.5524,0.008,0.4396
CLUBS TEN CLUBS EIGHT,0.527,0.011,0.462
CLUBS EIGHT CLUBS KING,0.3574,0.006,0.6366
SPADES FIVE CLUBS ACE,0.222,0.0322,0.7458
CLUBS EIGHT CLUBS QUEEN,0.2214,0.2184,0.5602
SPADES FIVE CLUBS KING,0.2224,0.0398,0.7378
SPADES FIVE CLUBS QUEEN,0.0094,0.976,0.0146
CLUBS EIGHT CLUBS ACE,0.3542,0.0044,0.6414
DIAMONDS TWO DIAMONDS THREE,0.6234,0.0164,0.3602
DIAMONDS TWO DIAMONDS FIVE,0.6638,0.0524,0.2838
HEARTS FIVE SPADES KING,0.2374,0.0398,0.7228
DIAMONDS TWO DIAMONDS FOUR,0.616,0.012,0.372
HEARTS FIVE SPADES QUEEN,0.0248,0.9568,0.0184
DIAMONDS TWO DIAMONDS SEVEN,0.6062,0.012,0.3818
DIAMONDS TWO DIAMONDS SIX,0.6016,0.015,0.3834
SPADES ACE HEARTS FIVE,0.23,0.0268,0.7432
DIAMONDS TWO DIAMONDS NINE,0.6036,0.012,0.3844
DIAMONDS TWO DIAMONDS EIGHT,0.5948,0.0104,0.3948
DIAMONDS THREE DIAMONDS FOUR,0.6054,0.0154,0.3792
CLUBS TWO SPADES FOUR,0.6338,0.0164,0.3498
DIAMONDS THREE DIAMONDS FIVE,0.6464,0.0534,0.3002
SPADES FIVE CLUBS TWO,0.7094,0.0444,0.2462
CLUBS TWO SPADES TWO,0.4348,0.0316,0.5336
CLUBS TWO SPADES THREE,0.641,0.013,0.346
DIAMONDS THREE DIAMONDS EIGHT,0.6134,0.0136,0.373
SPADES EIGHT CLUBS TWO,0.6346,0.0126,0.3528
DIAMONDS THREE DIAMONDS NINE,0.6038,0.0114,0.3848
SPADES NINE CLUBS TWO,0.6368,0.0128,0.3504
DIAMONDS THREE DIAMONDS SIX,0.5962,0.0138,0.39
SPADES SIX CLUBS TWO,0.6342,0.0122,0.3536
DIAMONDS THREE DIAMONDS SEVEN,0.5926,0.0154,0.392
SPADES SEVEN CLUBS TWO,0.642,0.0108,0.3472
CLUBS SIX CLUBS TWO,0.5846,0.012,0.4034
CLUBS SEVEN CLUBS TWO,0.613,0.0132,0.3738
CLUBS FOUR CLUBS TWO,0.6134,0.0136,0.373
CLUBS TEN CLUBS JACK,0.5188,0.009,0.4722
DIAMONDS FOUR DIAMONDS SIX,0.5806,0.01,0.4094
CLUBS TEN CLUBS QUEEN,0.2198,0.116,0.6642
DIAMONDS FOUR DIAMONDS SEVEN,0.594,0.014,0.392
CLUBS TEN CLUBS KING,0.3304,0.008,0.6616
CLUBS TEN CLUBS ACE,0.3368,0.0042,0.659
CLUBS EIGHT CLUBS TWO,0.6062,0.0156,0.3782
DIAMONDS FIVE DIAMONDS FOUR,0.646,0.0484,0.3056
CLUBS NINE CLUBS TWO,0.5886,0.0144,0.397
DIAMONDS NINE DIAMONDS FOUR,0.6074,0.0138,0.3788
DIAMONDS EIGHT DIAMONDS FOUR,0.6042,0.0118,0.384
CLUBS THREE CLUBS TWO,0.6164,0.0166,0.367
DIAMONDS NINE DIAMONDS FIVE,0.6802,0.0438,0.276
CLUBS JACK DIAMONDS TWO,0.6336,0.0144,0.352
DIAMONDS EIGHT DIAMONDS FIVE,0.6708,0.0412,0.288
CLUBS TEN DIAMONDS TWO,0.6224,0.013,0.3646
DIAMONDS FIVE DIAMONDS SEVEN,0.6404,0.052,0.3076
DIAMONDS FIVE DIAMONDS SIX,0.6516,0.043,0.3054
DIAMONDS TWO CLUBS ACE,0.3858,0.0064,0.6078
DIAMONDS TWO CLUBS KING,0.3972,0.0092,0.5936
DIAMONDS TWO CLUBS QUEEN,0.3128,0.4728,0.2144
DIAMONDS EIGHT DIAMONDS SIX,0.5548,0.013,0.4322
DIAMONDS NINE DIAMONDS SIX,0.5564,0.0118,0.4318
HEARTS ACE SPADES THREE,0.3924,0.0042,0.6034
SPADES THREE HEARTS KING,0.3908,0.0078,0.6014
DIAMONDS SEVEN DIAMONDS SIX,0.5402,0.0144,0.4454
HEARTS QUEEN SPADES THREE,0.3294,0.4502,0.2204
SPADES THREE HEARTS JACK,0.6268,0.0092,0.364
SPADES THREE HEARTS TEN,0.6258,0.0124,0.3618
DIAMONDS EIGHT DIAMONDS SEVEN,0.5498,0.0136,0.4366
DIAMONDS NINE DIAMONDS SEVEN,0.541,0.0114,0.4476
DIAMONDS NINE DIAMONDS EIGHT,0.5234,0.0112,0.4654
DIAMONDS KING HEARTS TEN,0.3256,0.0064,0.668
HEARTS THREE HEARTS TEN,0.5854,0.0118,0.4028
SPADES JACK CLUBS SIX,0.6106,0.0104,0.379
DIAMONDS KING HEARTS JACK,0.3424,0.0048,0.6528
HEARTS THREE HEARTS JACK,0.5894,0.012,0.3986
SPADES TEN CLUBS SIX,0.5834,0.012,0.4046
SPADES JACK SPADES FIVE,0.6754,0.046,0.2786
SPADES TEN SPADES FIVE,0.662,0.0462,0.2918
DIAMONDS KING HEARTS ACE,0.321,0.0042,0.6748
HEARTS THREE HEARTS ACE,0.3598,0.0042,0.636
SPADES ACE CLUBS SIX,0.3608,0.0036,0.6356
DIAMONDS KING HEARTS QUEEN,0.232,0.022,0.746
HEARTS THREE HEARTS QUEEN,0.2996,0.4394,0.261
SPADES KING CLUBS SIX,0.3504,0.005,0.6446
DIAMONDS KING HEARTS KING,0.1318,0.0044,0.8638
HEARTS THREE HEARTS KING,0.3702,0.007,0.6228
SPADES QUEEN CLUBS SIX,0.2224,0.3954,0.3822
SPADES NINE HEARTS TEN,0.5436,0.0098,0.4466
SPADES NINE HEARTS JACK,0.5644,0.0132,0.4224
SPADES QUEEN SPADES FIVE,0.0226,0.9026,0.0748
SPADES KING SPADES FIVE,0.2296,0.0342,0.7362
SPADES ACE SPADES FIVE,0.2076,0.0254,0.767
SPADES NINE HEARTS QUEEN,0.2226,0.176,0.6014
SPADES NINE HEARTS KING,0.3624,0.0082,0.6294
SPADES NINE HEARTS ACE,0.3692,0.0038,0.627
CLUBS TEN SPADES JACK,0.5434,0.0138,0.4428
CLUBS TEN SPADES TEN,0.2778,0.0136,0.7086
SPADES ACE CLUBS TEN,0.3512,0.0056,0.6432
CLUBS TEN SPADES KING,0.3346,0.0066,0.6588
CLUBS TEN SPADES QUEEN,0.226,0.1172,0.6568
SPADES FIVE HEARTS QUEEN,0.0218,0.954,0.0242
SPADES FIVE HEARTS KING,0.237,0.0414,0.7216
HEARTS ACE SPADES FIVE,0.24,0.0264,0.7336
CLUBS EIGHT SPADES TEN,0.5554,0.0122,0.4324
SPADES JACK HEARTS THREE,0.6376,0.0108,0.3516
SPADES JACK DIAMONDS KING,0.3378,0.0076,0.6546
SPADES TEN DIAMONDS KING,0.3278,0.0066,0.6656
SPADES TEN HEARTS THREE,0.6258,0.0142,0.36
CLUBS EIGHT SPADES JACK,0.5694,0.0092,0.4214
CLUBS SIX HEARTS ACE,0.3548,0.0036,0.6416
SPADES ACE CLUBS EIGHT,0.3636,0.0068,0.6296
HEARTS FIVE CLUBS JACK,0.7104,0.0506,0.239
CLUBS TEN HEARTS FIVE,0.71,0.0506,0.2394
CLUBS SIX HEARTS QUEEN,0.2196,0.38,0.4004
SPADES QUEEN CLUBS EIGHT,0.2272,0.2222,0.5506
CLUBS TEN SPADES THREE,0.6294,0.0134,0.3572
CLUBS SIX HEARTS KING,0.3492,0.008,0.6428
SPADES KING CLUBS EIGHT,0.3506,0.0074,0.642
CLUBS JACK SPADES THREE,0.6386,0.012,0.3494
DIAMONDS TWO HEARTS JACK,0.6394,0.0122,0.3484
SPADES THREE CLUBS QUEEN,0.3182,0.4624,0.2194
DIAMONDS TWO HEARTS TEN,0.6266,0.012,0.3614
SPADES THREE CLUBS KING,0.3894,0.0108,0.5998
HEARTS FIVE CLUBS ACE,0.2254,0.0282,0.7464
SPADES FIVE HEARTS TEN,0.708,0.0464,0.2456
SPADES THREE CLUBS ACE,0.381,0.0062,0.6128
HEARTS FIVE CLUBS KING,0.2362,0.039,0.7248
SPADES FIVE HEARTS JACK,0.7144,0.0548,0.2308
HEARTS FIVE CLUBS QUEEN,0.0094,0.9738,0.0168
HEARTS THREE CLUBS KING,0.3696,0.009,0.6214
DIAMONDS KING CLUBS KING,0.1286,0.004,0.8674
HEARTS THREE CLUBS QUEEN,0.3186,0.4574,0.224
DIAMONDS KING CLUBS QUEEN,0.2182,0.0304,0.7514
HEARTS FIVE HEARTS JACK,0.6644,0.0514,0.2842
HEARTS FIVE HEARTS TEN,0.664,0.0502,0.2858
HEARTS THREE CLUBS ACE,0.37,0.0074,0.6226
DIAMONDS KING CLUBS ACE,0.3138,0.005,0.6812
SPADES ACE CLUBS QUEEN,0.2258,0.0162,0.758
SPADES KING CLUBS QUEEN,0.2352,0.0308,0.734
CLUBS JACK HEARTS THREE,0.6262,0.014,0.3598
CLUBS JACK DIAMONDS KING,0.3324,0.0066,0.661
SPADES QUEEN CLUBS QUEEN,0.0816,0.0282,0.8902
CLUBS TEN HEARTS THREE,0.6316,0.0134,0.355
CLUBS TEN DIAMONDS KING,0.327,0.0078,0.6652
SPADES JACK CLUBS QUEEN,0.2338,0.09,0.6762
CLUBS SIX CLUBS QUEEN,0.197,0.379,0.424
SPADES TEN CLUBS QUEEN,0.2324,0.1242,0.6434
CLUBS SIX CLUBS KING,0.3656,0.009,0.6254
CLUBS SIX CLUBS ACE,0.3378,0.0048,0.6574
HEARTS FIVE HEARTS KING,0.2108,0.0376,0.7516
HEARTS FIVE HEARTS QUEEN,0.0192,0.9088,0.072
CLUBS TEN CLUBS SIX,0.5606,0.0132,0.4262
HEARTS FIVE HEARTS ACE,0.2196,0.0292,0.7512
CLUBS JACK CLUBS SIX,0.5774,0.0102,0.4124
SPADES SEVEN HEARTS JACK,0.5824,0.0094,0.4082
SPADES SEVEN HEARTS TEN,0.5746,0.0074,0.418
DIAMONDS TWO CLUBS TWO,0.4256,0.0308,0.5436
DIAMONDS TWO CLUBS THREE,0.6598,0.0148,0.3254
DIAMONDS TWO HEARTS SIX,0.6402,0.0134,0.3464
DIAMONDS TWO HEARTS QUEEN,0.32,0.458,0.222
HEARTS SEVEN DIAMONDS TWO,0.6352,0.014,0.3508
DIAMONDS TWO HEARTS KING,0.4042,0.007,0.5888
DIAMONDS TWO HEARTS EIGHT,0.6302,0.0126,0.3572
DIAMONDS TWO HEARTS ACE,0.3726,0.0044,0.623
DIAMONDS TWO HEARTS NINE,0.6286,0.0146,0.3568
DIAMONDS TWO HEARTS TWO,0.437,0.0302,0.5328
DIAMONDS TWO DIAMONDS KING,0.3834,0.0076,0.609
DIAMONDS TWO HEARTS THREE,0.6532,0.0136,0.3332
DIAMONDS TWO DIAMONDS ACE,0.3754,0.004,0.6206
HEARTS FOUR DIAMONDS TWO,0.6358,0.0156,0.3486
HEARTS FIVE DIAMONDS TWO,0.7016,0.0522,0.2462
SPADES SEVEN HEARTS ACE,0.3734,0.0024,0.6242
DIAMONDS TWO DIAMONDS TEN,0.5968,0.015,0.3882
SPADES SEVEN HEARTS KING,0.378,0.0066,0.6154
DIAMONDS TWO DIAMONDS JACK,0.601,0.0106,0.3884
SPADES SEVEN HEARTS QUEEN,0.2442,0.2986,0.4572
DIAMONDS TWO SPADES NINE,0.6356,0.014,0.3504
DIAMONDS TWO SPADES EIGHT,0.6322,0.0148,0.353
DIAMONDS TWO SPADES SEVEN,0.6522,0.0124,0.3354
DIAMONDS TWO SPADES SIX,0.6304,0.0142,0.3554
DIAMONDS TWO SPADES FIVE,0.688,0.0544,0.2576
DIAMONDS TWO SPADES FOUR,0.6416,0.0178,0.3406
DIAMONDS TWO SPADES THREE,0.6476,0.016,0.3364
DIAMONDS TWO SPADES TWO,0.4328,0.0328,0.5344
DIAMONDS TWO CLUBS NINE,0.634,0.0134,0.3526
CLUBS EIGHT DIAMONDS TWO,0.6314,0.0138,0.3548
DIAMONDS TWO CLUBS SEVEN,0.642,0.0138,0.3442
DIAMONDS TWO CLUBS SIX,0.6368,0.0148,0.3484
DIAMONDS TWO CLUBS FOUR,0.6552,0.0154,0.3294
CLUBS FOUR SPADES FIVE,0.668,0.0524,0.2796
CLUBS FOUR SPADES FOUR,0.409,0.0336,0.5574
CLUBS FOUR SPADES THREE,0.6288,0.0136,0.3576
CLUBS FOUR SPADES TWO,0.6472,0.0152,0.3376
SPADES NINE CLUBS FOUR,0.6334,0.0104,0.3562
SPADES EIGHT CLUBS FOUR,0.6304,0.0108,0.3588
SPADES SEVEN CLUBS FOUR,0.619,0.0132,0.3678
CLUBS FOUR SPADES SIX,0.599,0.0136,0.3874
SPADES ACE DIAMONDS SIX,0.3734,0.0034,0.6232
SPADES QUEEN DIAMONDS SIX,0.2328,0.374,0.3932
SPADES KING DIAMONDS SIX,0.3696,0.0096,0.6208
SPADES TEN DIAMONDS SIX,0.591,0.011,0.398
SPADES JACK DIAMONDS SIX,0.6068,0.0112,0.382
SPADES QUEEN SPADES TWO,0.3104,0.4284,0.2612
SPADES KING SPADES TWO,0.3782,0.0062,0.6156
SPADES ACE SPADES TWO,0.3662,0.0052,0.6286
CLUBS JACK DIAMONDS JACK,0.283,0.0102,0.7068
CLUBS TEN DIAMONDS JACK,0.5392,0.0084,0.4524
DIAMONDS JACK CLUBS KING,0.3412,0.0058,0.653
DIAMONDS JACK CLUBS QUEEN,0.2384,0.0942,0.6674
DIAMONDS THREE DIAMONDS JACK,0.5906,0.012,0.3974
DIAMONDS THREE DIAMONDS TEN,0.6032,0.0118,0.385
DIAMONDS JACK CLUBS ACE,0.3526,0.003,0.6444
DIAMONDS THREE DIAMONDS KING,0.3772,0.0094,0.6134
DIAMONDS THREE HEARTS THREE,0.4238,0.0302,0.546
DIAMONDS THREE HEARTS TWO,0.6516,0.0148,0.3336
HEARTS FIVE DIAMONDS THREE,0.684,0.0524,0.2636
DIAMONDS THREE DIAMONDS ACE,0.3676,0.0054,0.627
HEARTS FOUR DIAMONDS THREE,0.6474,0.0156,0.337
HEARTS SEVEN DIAMONDS THREE,0.6314,0.0134,0.3552
SPADES TEN SPADES NINE,0.4928,0.009,0.4982
HEARTS SIX DIAMONDS THREE,0.62,0.015,0.365
SPADES JACK SPADES NINE,0.5258,0.0108,0.4634
DIAMONDS THREE HEARTS NINE,0.6454,0.01,0.3446
HEARTS JACK DIAMONDS FOUR,0.6348,0.0112,0.354
HEARTS ACE HEARTS KING,0.3014,0.0044,0.6942
SPADES TEN SPADES TWO,0.5892,0.013,0.3978
DIAMONDS THREE HEARTS EIGHT,0.6358,0.0122,0.352
HEARTS TEN DIAMONDS FOUR,0.6304,0.01,0.3596
SPADES JACK SPADES TWO,0.5934,0.0102,0.3964
HEARTS QUEEN DIAMONDS FOUR,0.3238,0.464,0.2122
HEARTS KING DIAMONDS FOUR,0.4004,0.0078,0.5918
SPADES ACE SPADES NINE,0.3404,0.0026,0.657
HEARTS ACE DIAMONDS FOUR,0.3906,0.0042,0.6052
SPADES KING SPADES NINE,0.3374,0.0068,0.6558
SPADES QUEEN SPADES NINE,0.23,0.1532,0.6168
DIAMONDS THREE SPADES NINE,0.6376,0.0124,0.35
DIAMONDS THREE SPADES EIGHT,0.6364,0.0134,0.3502
DIAMONDS THREE SPADES SEVEN,0.6418,0.0116,0.3466
DIAMONDS THREE SPADES SIX,0.6254,0.0164,0.3582
DIAMONDS THREE CLUBS SIX,0.6196,0.0132,0.3672
CLUBS ACE DIAMONDS FOUR,0.3798,0.007,0.6132
DIAMONDS THREE CLUBS SEVEN,0.6222,0.013,0.3648
DIAMONDS THREE CLUBS FOUR,0.634,0.0154,0.3506
DIAMONDS FOUR CLUBS QUEEN,0.304,0.474,0.222
DIAMONDS FOUR CLUBS KING,0.3932,0.008,0.5988
DIAMONDS THREE CLUBS TWO,0.6628,0.0142,0.323
CLUBS TEN DIAMONDS FOUR,0.6258,0.012,0.3622
DIAMONDS THREE CLUBS THREE,0.4374,0.0336,0.529
CLUBS JACK DIAMONDS FOUR,0.6308,0.012,0.3572
DIAMONDS THREE SPADES FOUR,0.6278,0.0164,0.3558
DIAMONDS THREE SPADES FIVE,0.6738,0.0542,0.272
DIAMONDS THREE SPADES TWO,0.6416,0.0152,0.3432
DIAMONDS THREE SPADES THREE,0.4372,0.0308,0.532
CLUBS EIGHT DIAMONDS THREE,0.6446,0.0128,0.3426
CLUBS NINE DIAMONDS THREE,0.632,0.0128,0.3552
SPADES SEVEN CLUBS ACE,0.3612,0.004,0.6348
SPADES SEVEN CLUBS QUEEN,0.2266,0.3178,0.4556
SPADES SEVEN CLUBS KING,0.359,0.0078,0.6332
CLUBS TEN SPADES SEVEN,0.5596,0.0078,0.4326
CLUBS JACK SPADES SEVEN,0.5924,0.0092,0.3984
CLUBS ACE CLUBS QUEEN,0.2168,0.018,0.7652
CLUBS KING CLUBS QUEEN,0.2328,0.029,0.7382
DIAMONDS TEN DIAMONDS FOUR,0.6042,0.0132,0.3826
CLUBS TEN DIAMONDS NINE,0.5376,0.0136,0.4488
DIAMONDS JACK DIAMONDS FOUR,0.6022,0.0126,0.3852
CLUBS JACK DIAMONDS NINE,0.5642,0.011,0.4248
CLUBS JACK SPADES NINE,0.5644,0.011,0.4246
CLUBS TEN SPADES NINE,0.5358,0.0094,0.4548
DIAMONDS ACE DIAMONDS FOUR,0.3466,0.0046,0.6488
HEARTS FOUR DIAMONDS FOUR,0.4224,0.0342,0.5434
DIAMONDS JACK HEARTS TEN,0.543,0.011,0.446
SPADES NINE CLUBS KING,0.3592,0.0066,0.6342
DIAMONDS TWO SPADES TEN,0.6412,0.0142,0.3446
DIAMONDS NINE CLUBS ACE,0.3412,0.0058,0.653
HEARTS FIVE DIAMONDS FOUR,0.6692,0.0508,0.28
DIAMONDS JACK HEARTS JACK,0.284,0.0112,0.7048
SPADES NINE CLUBS QUEEN,0.23,0.1628,0.6072
DIAMONDS TWO SPADES JACK,0.6406,0.0126,0.3468
HEARTS TWO DIAMONDS FOUR,0.6524,0.0138,0.3338
DIAMONDS NINE CLUBS QUEEN,0.2342,0.166,0.5998
DIAMONDS KING DIAMONDS FOUR,0.3624,0.0076,0.63
HEARTS THREE DIAMONDS FOUR,0.6482,0.0166,0.3352
SPADES NINE CLUBS ACE,0.3704,0.0044,0.6252
DIAMONDS NINE CLUBS KING,0.3582,0.007,0.6348
HEARTS ACE DIAMONDS JACK,0.359,0.0056,0.6354
SPADES ACE DIAMONDS TWO,0.379,0.005,0.616
HEARTS QUEEN DIAMONDS JACK,0.2434,0.0878,0.6688
SPADES QUEEN DIAMONDS TWO,0.3166,0.4774,0.206
DIAMONDS JACK HEARTS KING,0.3502,0.0066,0.6432
SPADES KING DIAMONDS TWO,0.3958,0.0088,0.5954
SPADES JACK SPADES SEVEN,0.5596,0.0092,0.4312
SPADES TEN SPADES SEVEN,0.536,0.0112,0.4528
CLUBS SEVEN CLUBS THREE,0.6048,0.013,0.3822
CLUBS SIX CLUBS THREE,0.5592,0.0132,0.4276
CLUBS THREE CLUBS FOUR,0.6094,0.0158,0.3748
CLUBS NINE CLUBS THREE,0.5906,0.0126,0.3968
CLUBS EIGHT CLUBS THREE,0.608,0.013,0.379
CLUBS THREE SPADES FIVE,0.6758,0.0536,0.2706
CLUBS THREE SPADES FOUR,0.631,0.0126,0.3564
CLUBS THREE SPADES THREE,0.4256,0.0256,0.5488
CLUBS THREE SPADES TWO,0.6402,0.0142,0.3456
CLUBS THREE SPADES SIX,0.6236,0.0112,0.3652
CLUBS THREE SPADES SEVEN,0.63,0.0122,0.3578
SPADES EIGHT CLUBS THREE,0.6444,0.0128,0.3428
SPADES NINE CLUBS THREE,0.6314,0.0142,0.3544
SPADES TWO DIAMONDS FOUR,0.6572,0.014,0.3288
SPADES THREE DIAMONDS FOUR,0.6406,0.016,0.3434
SPADES FOUR DIAMONDS FOUR,0.415,0.0314,0.5536
SPADES FIVE DIAMONDS FOUR,0.6786,0.0456,0.2758
SPADES SIX DIAMONDS FOUR,0.61,0.0142,0.3758
SPADES SEVEN DIAMONDS FOUR,0.6192,0.0114,0.3694
SPADES EIGHT DIAMONDS FOUR,0.6252,0.0116,0.3632
SPADES NINE DIAMONDS FOUR,0.6288,0.011,0.3602
CLUBS FOUR DIAMONDS FOUR,0.4206,0.034,0.5454
CLUBS SEVEN DIAMONDS FOUR,0.6222,0.0152,0.3626
CLUBS SIX DIAMONDS FOUR,0.6018,0.0134,0.3848
CLUBS NINE DIAMONDS FOUR,0.6404,0.0114,0.3482
CLUBS EIGHT DIAMONDS FOUR,0.6298,0.0146,0.3556
HEARTS SEVEN DIAMONDS FOUR,0.6274,0.0122,0.3604
HEARTS SIX DIAMONDS FOUR,0.6068,0.015,0.3782
DIAMONDS FOUR HEARTS NINE,0.6342,0.0108,0.355
DIAMONDS FOUR HEARTS EIGHT,0.63,0.016,0.354
CLUBS THREE DIAMONDS FOUR,0.6404,0.0136,0.346
CLUBS TWO DIAMONDS FOUR,0.6508,0.0144,0.3348
DIAMONDS TEN DIAMONDS FIVE,0.686,0.0486,0.2654
DIAMONDS JACK DIAMONDS FIVE,0.6986,0.0514,0.25
DIAMONDS NINE HEARTS QUEEN,0.2432,0.1638,0.593
DIAMONDS NINE HEARTS KING,0.3548,0.0074,0.6378
HEARTS ACE DIAMONDS NINE,0.3544,0.0046,0.641
DIAMONDS NINE HEARTS TEN,0.5532,0.0096,0.4372
DIAMONDS NINE HEARTS JACK,0.5644,0.0122,0.4234
CLUBS KING DIAMONDS SIX,0.3532,0.0056,0.6412
CLUBS QUEEN DIAMONDS SIX,0.2146,0.3942,0.3912
CLUBS ACE DIAMONDS SIX,0.3586,0.0024,0.639
SPADES KING DIAMONDS FOUR,0.3942,0.0074,0.5984
SPADES ACE SPADES SEVEN,0.3482,0.0044,0.6474
SPADES QUEEN DIAMONDS FOUR,0.3286,0.4614,0.21
SPADES QUEEN SPADES SEVEN,0.2034,0.2836,0.513
CLUBS JACK DIAMONDS SIX,0.5986,0.0132,0.3882
SPADES KING SPADES SEVEN,0.3456,0.0044,0.65
SPADES ACE DIAMONDS FOUR,0.3868,0.0036,0.6096
CLUBS TEN DIAMONDS SIX,0.5784,0.013,0.4086
CLUBS NINE CLUBS FOUR,0.605,0.0138,0.3812
CLUBS EIGHT CLUBS FOUR,0.5914,0.0122,0.3964
SPADES JACK DIAMONDS FOUR,0.63,0.0114,0.3586
SPADES TEN DIAMONDS FOUR,0.641,0.0106,0.3484
CLUBS SEVEN CLUBS FOUR,0.5852,0.0124,0.4024
CLUBS SIX CLUBS FOUR,0.5716,0.013,0.4154
CLUBS SEVEN SPADES EIGHT,0.551,0.011,0.438
SPADES NINE CLUBS SEVEN,0.566,0.0096,0.4244
CLUBS SEVEN SPADES SIX,0.5628,0.0166,0.4206
CLUBS SEVEN SPADES SEVEN,0.3114,0.0292,0.6594
CLUBS SEVEN SPADES FIVE,0.676,0.0464,0.2776
CLUBS SEVEN SPADES FOUR,0.6218,0.0144,0.3638
CLUBS SEVEN SPADES THREE,0.627,0.0114,0.3616
CLUBS SEVEN SPADES TWO,0.6452,0.0136,0.3412
CLUBS NINE CLUBS SEVEN,0.5426,0.012,0.4454
CLUBS EIGHT CLUBS SEVEN,0.529,0.0134,0.4576
HEARTS SIX DIAMONDS FIVE,0.6636,0.0446,0.2918
HEARTS SEVEN DIAMONDS FIVE,0.6878,0.0448,0.2674
DIAMONDS FIVE HEARTS EIGHT,0.6884,0.0474,0.2642
DIAMONDS FIVE HEARTS NINE,0.7088,0.0504,0.2408
HEARTS TWO DIAMONDS FIVE,0.698,0.0534,0.2486
HEARTS KING HEARTS EIGHT,0.3296,0.0072,0.6632
DIAMONDS KING DIAMONDS FIVE,0.2256,0.0412,0.7332
HEARTS THREE DIAMONDS FIVE,0.6882,0.0514,0.2604
HEARTS QUEEN HEARTS EIGHT,0.2146,0.2124,0.573
DIAMONDS ACE DIAMONDS FIVE,0.213,0.0294,0.7576
HEARTS FOUR DIAMONDS FIVE,0.6736,0.0478,0.2786
HEARTS FIVE DIAMONDS FIVE,0.3028,0.0418,0.6554
HEARTS ACE HEARTS EIGHT,0.347,0.004,0.649
CLUBS FOUR DIAMONDS FIVE,0.6676,0.054,0.2784
CLUBS SIX DIAMONDS FIVE,0.6762,0.0416,0.2822
CLUBS SEVEN DIAMONDS FIVE,0.685,0.044,0.271
CLUBS TWO DIAMONDS FIVE,0.7082,0.0502,0.2416
CLUBS THREE DIAMONDS FIVE,0.6902,0.0524,0.2574
SPADES THREE DIAMONDS FIVE,0.7026,0.0464,0.251
SPADES TWO DIAMONDS FIVE,0.7004,0.0486,0.251
SPADES JACK DIAMONDS EIGHT,0.5762,0.0112,0.4126
SPADES FIVE DIAMONDS FIVE,0.287,0.0402,0.6728
CLUBS TEN HEARTS JACK,0.5196,0.0098,0.4706
SPADES TEN DIAMONDS EIGHT,0.5542,0.014,0.4318
SPADES FOUR DIAMONDS FIVE,0.6656,0.051,0.2834
CLUBS JACK HEARTS JACK,0.2788,0.0124,0.7088
HEARTS JACK CLUBS QUEEN,0.2252,0.0922,0.6826
CLUBS NINE DIAMONDS FIVE,0.7016,0.0458,0.2526
CLUBS EIGHT DIAMONDS FIVE,0.698,0.0496,0.2524
HEARTS JACK CLUBS KING,0.3302,0.006,0.6638
CLUBS ACE HEARTS JACK,0.3566,0.006,0.6374
SPADES SEVEN DIAMONDS FIVE,0.673,0.0504,0.2766
SPADES KING DIAMONDS EIGHT,0.3742,0.0058,0.62
SPADES QUEEN DIAMONDS EIGHT,0.2372,0.2252,0.5376
SPADES SIX DIAMONDS FIVE,0.6612,0.0468,0.292
SPADES NINE DIAMONDS FIVE,0.696,0.0506,0.2534
SPADES EIGHT DIAMONDS FIVE,0.6854,0.0462,0.2684
SPADES ACE DIAMONDS EIGHT,0.3732,0.004,0.6228
DIAMONDS TEN DIAMONDS SIX,0.5556,0.0114,0.433
HEARTS ACE DIAMONDS SEVEN,0.3702,0.0032,0.6266
DIAMONDS JACK DIAMONDS SIX,0.571,0.014,0.415
HEARTS QUEEN DIAMONDS SEVEN,0.2314,0.2982,0.4704
HEARTS KING DIAMONDS SEVEN,0.3762,0.007,0.6168
DIAMONDS ACE DIAMONDS SIX,0.3512,0.0044,0.6444
HEARTS FOUR DIAMONDS SIX,0.61,0.0152,0.3748
SPADES TWO HEARTS JACK,0.634,0.0086,0.3574
HEARTS FIVE DIAMONDS SIX,0.6724,0.0508,0.2768
SPADES TWO HEARTS TEN,0.6292,0.0104,0.3604
HEARTS TWO DIAMONDS SIX,0.6378,0.0128,0.3494
DIAMONDS KING DIAMONDS SIX,0.3478,0.0056,0.6466
HEARTS THREE DIAMONDS SIX,0.622,0.0144,0.3636
HEARTS EIGHT DIAMONDS SIX,0.5774,0.0132,0.4094
HEARTS NINE DIAMONDS SIX,0.5768,0.0124,0.4108
HEARTS SIX DIAMONDS SIX,0.326,0.0296,0.6444
HEARTS SEVEN DIAMONDS SIX,0.5584,0.0088,0.4328
HEARTS TEN DIAMONDS SEVEN,0.5708,0.0124,0.4168
CLUBS TWO DIAMONDS SIX,0.6324,0.0126,0.355
HEARTS JACK DIAMONDS SEVEN,0.6048,0.011,0.3842
CLUBS THREE DIAMONDS SIX,0.629,0.0136,0.3574
CLUBS SEVEN DIAMONDS SIX,0.5724,0.0104,0.4172
CLUBS JACK DIAMONDS EIGHT,0.5746,0.011,0.4144
CLUBS SIX DIAMONDS SIX,0.3238,0.0306,0.6456
CLUBS TEN DIAMONDS EIGHT,0.559,0.0118,0.4292
CLUBS FOUR DIAMONDS SIX,0.6106,0.016,0.3734
HEARTS ACE HEARTS JACK,0.328,0.0032,0.6688
DIAMONDS EIGHT CLUBS ACE,0.356,0.0046,0.6394
HEARTS QUEEN HEARTS JACK,0.2406,0.0824,0.677
DIAMONDS EIGHT CLUBS KING,0.3694,0.0074,0.6232
CLUBS NINE DIAMONDS SIX,0.576,0.0132,0.4108
HEARTS KING HEARTS JACK,0.3216,0.0054,0.673
CLUBS EIGHT DIAMONDS SIX,0.5678,0.0118,0.4204
DIAMONDS EIGHT CLUBS QUEEN,0.2262,0.2266,0.5472
SPADES TEN HEARTS KING,0.3372,0.0082,0.6546
SPADES FIVE DIAMONDS SIX,0.6714,0.0406,0.288
HEARTS ACE SPADES TWO,0.3736,0.0046,0.6218
SPADES JACK HEARTS KING,0.3574,0.0074,0.6352
SPADES FOUR DIAMONDS SIX,0.6,0.012,0.388
SPADES THREE DIAMONDS SIX,0.6198,0.012,0.3682
HEARTS QUEEN SPADES TWO,0.3052,0.4592,0.2356
SPADES ACE SPADES KING,0.3076,0.0034,0.689
HEARTS KING SPADES TWO,0.3868,0.007,0.6062
SPADES TWO DIAMONDS SIX,0.6298,0.016,0.3542
HEARTS TEN HEARTS EIGHT,0.5122,0.0092,0.4786
SPADES NINE DIAMONDS SIX,0.5924,0.0134,0.3942
HEARTS JACK HEARTS EIGHT,0.5224,0.0098,0.4678
SPADES EIGHT DIAMONDS SIX,0.5834,0.0084,0.4082
SPADES SEVEN DIAMONDS SIX,0.5746,0.0168,0.4086
SPADES SIX DIAMONDS SIX,0.3282,0.0282,0.6436
SPADES KING HEARTS KING,0.145,0.0024,0.8526
SPADES QUEEN HEARTS KING,0.232,0.0222,0.7458
CLUBS ACE CLUBS KING,0.304,0.0054,0.6906
SPADES ACE HEARTS KING,0.3242,0.004,0.6718
SPADES ACE HEARTS JACK,0.3468,0.0042,0.649
SPADES QUEEN HEARTS JACK,0.2396,0.0902,0.6702
SPADES KING HEARTS JACK,0.3516,0.007,0.6414
SPADES TEN DIAMONDS TEN,0.283,0.013,0.704
SPADES JACK DIAMONDS TEN,0.5456,0.0088,0.4456
SPADES ACE DIAMONDS TEN,0.3442,0.0064,0.6494
SPADES JACK HEARTS JACK,0.2914,0.0134,0.6952
SPADES TEN HEARTS JACK,0.5428,0.0106,0.4466
SPADES QUEEN DIAMONDS TEN,0.225,0.124,0.651
SPADES KING DIAMONDS TEN,0.3504,0.0084,0.6412
SPADES NINE DIAMONDS SEVEN,0.5656,0.0132,0.4212
SPADES EIGHT DIAMONDS SEVEN,0.5688,0.009,0.4222
SPADES SEVEN DIAMONDS SEVEN,0.3234,0.0272,0.6494
SPADES SIX DIAMONDS SEVEN,0.5672,0.0082,0.4246
DIAMONDS KING DIAMONDS SEVEN,0.3486,0.007,0.6444
HEARTS THREE DIAMONDS SEVEN,0.6264,0.0148,0.3588
HEARTS KING DIAMONDS FIVE,0.23,0.0444,0.7256
HEARTS TWO DIAMONDS SEVEN,0.642,0.0102,0.3478
HEARTS QUEEN DIAMONDS FIVE,0.0212,0.9682,0.0106
HEARTS FIVE DIAMONDS SEVEN,0.6744,0.05,0.2756
DIAMONDS ACE DIAMONDS SEVEN,0.3462,0.005,0.6488
HEARTS FOUR DIAMONDS SEVEN,0.6226,0.0126,0.3648
HEARTS ACE DIAMONDS FIVE,0.2506,0.0334,0.716
HEARTS SEVEN DIAMONDS SEVEN,0.3266,0.0254,0.648
HEARTS SIX DIAMONDS SEVEN,0.5678,0.0148,0.4174
DIAMONDS SEVEN HEARTS NINE,0.573,0.0128,0.4142
HEARTS EIGHT DIAMONDS SEVEN,0.5724,0.0108,0.4168
DIAMONDS JACK DIAMONDS SEVEN,0.5672,0.0116,0.4212
DIAMONDS FIVE HEARTS JACK,0.7056,0.0548,0.2396
DIAMONDS TEN DIAMONDS SEVEN,0.5638,0.0116,0.4246
HEARTS TEN DIAMONDS FIVE,0.7116,0.051,0.2374
CLUBS EIGHT DIAMONDS SEVEN,0.5682,0.0126,0.4192
SPADES KING CLUBS TWO,0.4036,0.0096,0.5868
HEARTS KING CLUBS KING,0.1388,0.0026,0.8586
SPADES QUEEN CLUBS TWO,0.321,0.4628,0.2162
HEARTS KING CLUBS QUEEN,0.2298,0.0268,0.7434
CLUBS NINE DIAMONDS SEVEN,0.566,0.0146,0.4194
CLUBS JACK SPADES TWO,0.6196,0.0122,0.3682
CLUBS SIX CLUBS SEVEN,0.5304,0.0138,0.4558
SPADES ACE CLUBS TWO,0.4006,0.0046,0.5948
CLUBS TEN SPADES TWO,0.622,0.0134,0.3646
HEARTS KING CLUBS ACE,0.327,0.004,0.669
SPADES TWO CLUBS KING,0.407,0.007,0.586
SPADES TWO DIAMONDS SEVEN,0.6356,0.0128,0.3516
CLUBS EIGHT CLUBS SIX,0.537,0.013,0.45
SPADES THREE DIAMONDS SEVEN,0.6326,0.0142,0.3532
SPADES TWO CLUBS QUEEN,0.3318,0.4552,0.213
CLUBS NINE CLUBS SIX,0.55,0.0118,0.4382
SPADES FOUR DIAMONDS SEVEN,0.6234,0.0134,0.3632
CLUBS JACK HEARTS KING,0.3358,0.0082,0.656
SPADES FIVE DIAMONDS SEVEN,0.687,0.0442,0.2688
SPADES TWO CLUBS ACE,0.3776,0.0038,0.6186
CLUBS TEN HEARTS KING,0.3358,0.0056,0.6586
CLUBS SIX SPADES TWO,0.6212,0.0132,0.3656
CLUBS SIX SPADES THREE,0.6134,0.0146,0.372
CLUBS TWO DIAMONDS SEVEN,0.6558,0.015,0.3292
CLUBS SIX SPADES FOUR,0.6074,0.0166,0.376
CLUBS THREE DIAMONDS SEVEN,0.6306,0.0134,0.356
CLUBS SIX SPADES FIVE,0.655,0.0462,0.2988
CLUBS FOUR DIAMONDS SEVEN,0.6218,0.0178,0.3604
CLUBS SIX SPADES SIX,0.324,0.0252,0.6508
CLUBS SIX SPADES SEVEN,0.556,0.014,0.43
CLUBS SIX DIAMONDS SEVEN,0.5638,0.0124,0.4238
CLUBS SIX SPADES EIGHT,0.5636,0.0124,0.424
SPADES JACK CLUBS TWO,0.6294,0.0164,0.3542
CLUBS SEVEN DIAMONDS SEVEN,0.3152,0.0238,0.661
CLUBS SIX SPADES NINE,0.579,0.0128,0.4082
SPADES TEN CLUBS TWO,0.633,0.0102,0.3568
CLUBS TWO CLUBS QUEEN,0.3074,0.4426,0.25
CLUBS TWO CLUBS KING,0.3868,0.0084,0.6048
CLUBS THREE DIAMONDS EIGHT,0.6444,0.0152,0.3404
CLUBS TWO CLUBS ACE,0.3676,0.0058,0.6266
CLUBS TWO DIAMONDS EIGHT,0.6522,0.01,0.3378
HEARTS SEVEN DIAMONDS EIGHT,0.5526,0.0104,0.437
HEARTS SIX DIAMONDS EIGHT,0.575,0.0122,0.4128
DIAMONDS EIGHT HEARTS NINE,0.5454,0.0132,0.4414
CLUBS TEN CLUBS TWO,0.5888,0.0116,0.3996
DIAMONDS EIGHT HEARTS EIGHT,0.3158,0.0248,0.6594
CLUBS JACK CLUBS TWO,0.6086,0.0126,0.3788
CLUBS NINE DIAMONDS EIGHT,0.5474,0.0142,0.4384
CLUBS EIGHT DIAMONDS EIGHT,0.3138,0.021,0.6652
SPADES ACE SPADES THREE,0.3612,0.0038,0.635
CLUBS FOUR DIAMONDS EIGHT,0.6268,0.014,0.3592
CLUBS SEVEN DIAMONDS EIGHT,0.5498,0.012,0.4382
SPADES QUEEN SPADES THREE,0.3042,0.4298,0.266
CLUBS SIX DIAMONDS EIGHT,0.5632,0.0156,0.4212
SPADES KING SPADES THREE,0.3636,0.0078,0.6286
HEARTS TWO DIAMONDS EIGHT,0.6292,0.0178,0.353
DIAMONDS KING DIAMONDS EIGHT,0.3448,0.0062,0.649
HEARTS THREE DIAMONDS EIGHT,0.643,0.0092,0.3478
DIAMONDS ACE DIAMONDS EIGHT,0.3492,0.0048,0.646
HEARTS FOUR DIAMONDS EIGHT,0.6314,0.0114,0.3572
HEARTS FIVE DIAMONDS EIGHT,0.7074,0.0462,0.2464
DIAMONDS EIGHT DIAMONDS TEN,0.5278,0.007,0.4652
DIAMONDS EIGHT DIAMONDS JACK,0.5456,0.012,0.4424
SPADES JACK SPADES THREE,0.5876,0.0134,0.399
SPADES TEN SPADES THREE,0.573,0.0122,0.4148
CLUBS FOUR HEARTS ACE,0.3756,0.0036,0.6208
CLUBS FOUR HEARTS QUEEN,0.3106,0.4624,0.227
CLUBS FOUR HEARTS KING,0.3936,0.0062,0.6002
CLUBS SIX HEARTS TEN,0.5908,0.0126,0.3966
CLUBS SIX HEARTS JACK,0.5998,0.0102,0.39
DIAMONDS EIGHT SPADES FOUR,0.621,0.0126,0.3664
SPADES FIVE DIAMONDS EIGHT,0.6862,0.0508,0.263
DIAMONDS EIGHT SPADES TWO,0.626,0.0144,0.3596
DIAMONDS EIGHT SPADES THREE,0.6328,0.0146,0.3526
CLUBS FOUR HEARTS JACK,0.629,0.0118,0.3592
SPADES EIGHT DIAMONDS EIGHT,0.3124,0.0222,0.6654
SPADES TEN HEARTS TWO,0.6178,0.0106,0.3716
SPADES JACK HEARTS EIGHT,0.564,0.0126,0.4234
CLUBS FOUR HEARTS TEN,0.6276,0.0132,0.3592
SPADES NINE DIAMONDS EIGHT,0.5634,0.0118,0.4248
SPADES TEN HEARTS EIGHT,0.5686,0.0102,0.4212
SPADES JACK HEARTS TWO,0.62,0.0088,0.3712
SPADES SIX DIAMONDS EIGHT,0.578,0.0138,0.4082
SPADES SEVEN DIAMONDS EIGHT,0.572,0.011,0.417
SPADES ACE HEARTS TWO,0.378,0.0048,0.6172
SPADES ACE HEARTS EIGHT,0.369,0.0034,0.6276
SPADES KING HEARTS EIGHT,0.3608,0.0034,0.6358
SPADES QUEEN HEARTS TWO,0.3334,0.439,0.2276
SPADES KING HEARTS TWO,0.3996,0.0074,0.593
SPADES QUEEN HEARTS EIGHT,0.2224,0.2282,0.5494
CLUBS TWO HEARTS TEN,0.6266,0.0108,0.3626
CLUBS TWO HEARTS JACK,0.6276,0.012,0.3604
SPADES SEVEN DIAMONDS NINE,0.5638,0.008,0.4282
SPADES SIX DIAMONDS NINE,0.5782,0.0138,0.408
SPADES NINE DIAMONDS NINE,0.298,0.0198,0.6822
SPADES EIGHT DIAMONDS NINE,0.5536,0.0104,0.436
SPADES TEN CLUBS KING,0.3404,0.0056,0.654
DIAMONDS NINE SPADES THREE,0.6358,0.012,0.3522
SPADES JACK CLUBS KING,0.352,0.0066,0.6414
DIAMONDS NINE SPADES TWO,0.6266,0.017,0.3564
DIAMONDS NINE SPADES FIVE,0.6986,0.042,0.2594
DIAMONDS NINE SPADES FOUR,0.6224,0.0156,0.362
CLUBS NINE DIAMONDS NINE,0.2958,0.0182,0.686
CLUBS EIGHT DIAMONDS NINE,0.5592,0.0136,0.4272
CLUBS SIX DIAMONDS NINE,0.5782,0.011,0.4108
SPADES JACK CLUBS FOUR,0.6368,0.0122,0.351
CLUBS SEVEN DIAMONDS NINE,0.574,0.0136,0.4124
SPADES TEN CLUBS FOUR,0.6234,0.0122,0.3644
CLUBS FOUR DIAMONDS NINE,0.6478,0.0146,0.3376
DIAMONDS NINE CLUBS TWO,0.6556,0.0132,0.3312
CLUBS THREE DIAMONDS NINE,0.6294,0.012,0.3586
DIAMONDS NINE HEARTS EIGHT,0.5418,0.0096,0.4486
DIAMONDS NINE HEARTS NINE,0.3202,0.0168,0.663
HEARTS SIX DIAMONDS NINE,0.5906,0.0112,0.3982
HEARTS SEVEN DIAMONDS NINE,0.5714,0.0118,0.4168
CLUBS EIGHT CLUBS NINE,0.5178,0.013,0.4692
DIAMONDS ACE DIAMONDS NINE,0.3386,0.0044,0.657
HEARTS FOUR DIAMONDS NINE,0.636,0.0096,0.3544
HEARTS FIVE DIAMONDS NINE,0.7024,0.048,0.2496
HEARTS ACE CLUBS TWO,0.3892,0.006,0.6048
SPADES ACE CLUBS FOUR,0.3922,0.0044,0.6034
HEARTS TWO DIAMONDS NINE,0.6242,0.0142,0.3616
CLUBS TWO HEARTS KING,0.3946,0.0084,0.597
SPADES KING CLUBS FOUR,0.4024,0.0064,0.5912
DIAMONDS KING DIAMONDS NINE,0.3432,0.0064,0.6504
HEARTS THREE DIAMONDS NINE,0.6378,0.0108,0.3514
CLUBS TWO HEARTS QUEEN,0.3416,0.4554,0.203
SPADES QUEEN CLUBS FOUR,0.3196,0.4546,0.2258
DIAMONDS NINE DIAMONDS JACK,0.5412,0.011,0.4478
CLUBS EIGHT SPADES NINE,0.569,0.0096,0.4214
DIAMONDS NINE DIAMONDS TEN,0.5122,0.0116,0.4762
CLUBS EIGHT SPADES EIGHT,0.302,0.0198,0.6782
CLUBS EIGHT SPADES SEVEN,0.5552,0.0118,0.433
CLUBS EIGHT SPADES SIX,0.566,0.014,0.42
CLUBS EIGHT SPADES FIVE,0.6892,0.0458,0.265
CLUBS EIGHT SPADES FOUR,0.6326,0.0118,0.3556
CLUBS EIGHT SPADES THREE,0.6202,0.0134,0.3664
CLUBS EIGHT SPADES TWO,0.6278,0.0148,0.3574
HEARTS SIX DIAMONDS TEN,0.6038,0.01,0.3862
HEARTS SEVEN DIAMONDS TEN,0.573,0.01,0.417
DIAMONDS TEN HEARTS EIGHT,0.56,0.0114,0.4286
CLUBS JACK CLUBS FOUR,0.6022,0.0092,0.3886
DIAMONDS TEN HEARTS NINE,0.5498,0.0112,0.439
CLUBS TEN CLUBS FOUR,0.5968,0.0132,0.39
CLUBS FOUR CLUBS KING,0.369,0.0086,0.6224
CLUBS FOUR CLUBS QUEEN,0.3006,0.4376,0.2618
CLUBS TWO DIAMONDS TEN,0.626,0.012,0.362
CLUBS THREE DIAMONDS TEN,0.6346,0.013,0.3524
CLUBS FOUR CLUBS ACE,0.3586,0.0048,0.6366
DIAMONDS JACK DIAMONDS TEN,0.5198,0.0094,0.4708
HEARTS TWO DIAMONDS TEN,0.6338,0.014,0.3522
DIAMONDS KING DIAMONDS TEN,0.3232,0.0078,0.669
HEARTS THREE DIAMONDS TEN,0.63,0.0106,0.3594
DIAMONDS ACE DIAMONDS TEN,0.3344,0.0036,0.662
HEARTS FOUR DIAMONDS TEN,0.6348,0.015,0.3502
CLUBS EIGHT HEARTS JACK,0.574,0.0096,0.4164
HEARTS FIVE DIAMONDS TEN,0.7078,0.0492,0.243
CLUBS EIGHT HEARTS TEN,0.545,0.0106,0.4444
CLUBS EIGHT HEARTS QUEEN,0.2328,0.2264,0.5408
CLUBS EIGHT HEARTS KING,0.3586,0.0052,0.6362
CLUBS EIGHT HEARTS ACE,0.3526,0.0034,0.644
CLUBS NINE SPADES THREE,0.618,0.0136,0.3684
CLUBS NINE SPADES TWO,0.6252,0.0146,0.3602
CLUBS NINE SPADES FIVE,0.6932,0.0494,0.2574
CLUBS NINE SPADES FOUR,0.627,0.0116,0.3614
CLUBS NINE SPADES SEVEN,0.5648,0.0124,0.4228
CLUBS NINE SPADES SIX,0.5776,0.0108,0.4116
CLUBS NINE SPADES NINE,0.3152,0.0194,0.6654
CLUBS TEN HEARTS EIGHT,0.5446,0.0122,0.4432
CLUBS NINE SPADES EIGHT,0.552,0.01,0.438
CLUBS JACK HEARTS EIGHT,0.5678,0.0096,0.4226
HEARTS EIGHT CLUBS QUEEN,0.2332,0.2262,0.5406
CLUBS KING HEARTS EIGHT,0.366,0.0048,0.6292
CLUBS ACE HEARTS EIGHT,0.3576,0.0062,0.6362
SPADES KING CLUBS KING,0.1374,0.0072,0.8554
SPADES QUEEN CLUBS KING,0.2374,0.024,0.7386
SPADES ACE CLUBS KING,0.3228,0.0048,0.6724
DIAMONDS ACE HEARTS TEN,0.3414,0.0056,0.653
HEARTS FOUR HEARTS TEN,0.5814,0.0104,0.4082
DIAMONDS ACE HEARTS JACK,0.3554,0.0038,0.6408
HEARTS FOUR HEARTS JACK,0.5834,0.0116,0.405
HEARTS SEVEN DIAMONDS JACK,0.591,0.0118,0.3972
HEARTS SIX DIAMONDS JACK,0.6016,0.0128,0.3856
DIAMONDS JACK HEARTS NINE,0.5754,0.0122,0.4124
DIAMONDS JACK HEARTS EIGHT,0.588,0.0104,0.4016
DIAMONDS KING DIAMONDS JACK,0.3372,0.0066,0.6562
HEARTS THREE DIAMONDS JACK,0.6332,0.0116,0.3552
SPADES ACE SPADES SIX,0.335,0.0034,0.6616
HEARTS ACE SPADES FOUR,0.3798,0.0048,0.6154
HEARTS TWO DIAMONDS JACK,0.6504,0.013,0.3366
HEARTS FIVE DIAMONDS JACK,0.7148,0.0466,0.2386
SPADES QUEEN SPADES SIX,0.2138,0.3696,0.4166
SPADES FOUR HEARTS QUEEN,0.3154,0.4604,0.2242
DIAMONDS ACE DIAMONDS JACK,0.3372,0.006,0.6568
HEARTS FOUR DIAMONDS JACK,0.6358,0.015,0.3492
SPADES KING SPADES SIX,0.351,0.006,0.643
SPADES FOUR HEARTS KING,0.3928,0.0066,0.6006
SPADES TEN SPADES SIX,0.555,0.0122,0.4328
SPADES JACK SPADES SIX,0.5636,0.0116,0.4248
SPADES FOUR DIAMONDS JACK,0.6344,0.0118,0.3538
SPADES FIVE DIAMONDS JACK,0.7096,0.0564,0.234
DIAMONDS JACK SPADES TWO,0.6432,0.0108,0.346
DIAMONDS JACK SPADES THREE,0.635,0.0144,0.3506
SPADES ACE DIAMONDS THREE,0.3876,0.0062,0.6062
CLUBS EIGHT DIAMONDS JACK,0.5816,0.0122,0.4062
SPADES QUEEN DIAMONDS THREE,0.329,0.454,0.217
SPADES KING DIAMONDS THREE,0.3918,0.0088,0.5994
CLUBS NINE DIAMONDS JACK,0.5632,0.011,0.4258
CLUBS SIX DIAMONDS JACK,0.6026,0.0122,0.3852
CLUBS SEVEN DIAMONDS JACK,0.5928,0.012,0.3952
CLUBS FOUR DIAMONDS JACK,0.6428,0.0108,0.3464
CLUBS TWO DIAMONDS JACK,0.6416,0.0138,0.3446
CLUBS THREE DIAMONDS JACK,0.642,0.0136,0.3444
SPADES JACK HEARTS SIX,0.6038,0.0104,0.3858
HEARTS SIX SPADES TEN,0.5828,0.0108,0.4064
SPADES JACK DIAMONDS THREE,0.6264,0.0124,0.3612
CLUBS SEVEN CLUBS ACE,0.3468,0.0056,0.6476
DIAMONDS THREE SPADES TEN,0.6398,0.0102,0.35
CLUBS SEVEN CLUBS QUEEN,0.2312,0.2834,0.4854
CLUBS SEVEN CLUBS KING,0.3494,0.008,0.6426
SPADES NINE DIAMONDS JACK,0.5674,0.0108,0.4218
CLUBS TEN CLUBS SEVEN,0.5514,0.0106,0.438
DIAMONDS ACE HEARTS ACE,0.127,0.0042,0.8688
HEARTS FOUR HEARTS ACE,0.3506,0.0022,0.6472
SPADES EIGHT DIAMONDS JACK,0.5752,0.0126,0.4122
SPADES ACE HEARTS SIX,0.3492,0.0036,0.6472
CLUBS JACK CLUBS SEVEN,0.5676,0.0116,0.4208
DIAMONDS ACE HEARTS KING,0.3262,0.0044,0.6694
HEARTS FOUR HEARTS KING,0.3656,0.008,0.6264
SPADES SEVEN DIAMONDS JACK,0.584,0.0108,0.4052
SPADES KING HEARTS SIX,0.3734,0.0056,0.621
DIAMONDS ACE HEARTS QUEEN,0.2356,0.0172,0.7472
HEARTS FOUR HEARTS QUEEN,0.2942,0.4468,0.259
SPADES QUEEN HEARTS SIX,0.2324,0.3746,0.393
SPADES SIX DIAMONDS JACK,0.5988,0.0116,0.3896
DIAMONDS TEN SPADES TWO,0.6296,0.0142,0.3562
SPADES THREE DIAMONDS TEN,0.631,0.0138,0.3552
SPADES FOUR DIAMONDS TEN,0.6398,0.0098,0.3504
SPADES FIVE DIAMONDS TEN,0.7124,0.049,0.2386
SPADES SIX DIAMONDS TEN,0.5854,0.0108,0.4038
SPADES SEVEN DIAMONDS TEN,0.5768,0.0118,0.4114
SPADES EIGHT DIAMONDS TEN,0.56,0.0096,0.4304
SPADES NINE DIAMONDS TEN,0.5446,0.01,0.4454
CLUBS FOUR DIAMONDS TEN,0.6374,0.0138,0.3488
CLUBS SIX DIAMONDS TEN,0.5836,0.0114,0.405
CLUBS SEVEN DIAMONDS TEN,0.5762,0.011,0.4128
CLUBS EIGHT DIAMONDS TEN,0.5508,0.0126,0.4366
CLUBS NINE DIAMONDS TEN,0.534,0.0116,0.4544
CLUBS JACK DIAMONDS THREE,0.6256,0.014,0.3604
CLUBS TEN DIAMONDS THREE,0.6296,0.0158,0.3546
DIAMONDS THREE CLUBS KING,0.3898,0.0088,0.6014
DIAMONDS THREE CLUBS QUEEN,0.3206,0.4602,0.2192
DIAMONDS THREE CLUBS ACE,0.3742,0.0054,0.6204
SPADES FOUR HEARTS JACK,0.6246,0.0092,0.3662
SPADES FOUR HEARTS TEN,0.6294,0.0102,0.3604
SPADES FIVE SPADES TWO,0.6582,0.0514,0.2904
SPADES FOUR SPADES TWO,0.606,0.0142,0.3798
SPADES THREE SPADES TWO,0.6046,0.0142,0.3812
SPADES NINE SPADES TWO,0.5936,0.0132,0.3932
SPADES EIGHT SPADES TWO,0.6022,0.0096,0.3882
SPADES SEVEN SPADES TWO,0.5956,0.0094,0.395
SPADES SIX SPADES TWO,0.5914,0.013,0.3956
CLUBS THREE HEARTS TWO,0.6442,0.017,0.3388
HEARTS TWO CLUBS TWO,0.4396,0.0318,0.5286
HEARTS SEVEN HEARTS TWO,0.5902,0.013,0.3968
HEARTS SIX HEARTS TWO,0.5806,0.013,0.4064
HEARTS TWO HEARTS NINE,0.5926,0.0106,0.3968
HEARTS TWO HEARTS EIGHT,0.5852,0.0128,0.402
CLUBS NINE HEARTS TWO,0.616,0.0132,0.3708
CLUBS EIGHT HEARTS TWO,0.6406,0.0136,0.3458
SPADES EIGHT HEARTS ACE,0.3628,0.004,0.6332
CLUBS FOUR HEARTS TWO,0.6458,0.0168,0.3374
CLUBS SEVEN HEARTS TWO,0.6456,0.0114,0.343
SPADES EIGHT HEARTS QUEEN,0.2256,0.218,0.5564
CLUBS SIX HEARTS TWO,0.6236,0.018,0.3584
SPADES EIGHT HEARTS KING,0.3702,0.0072,0.6226
HEARTS TWO SPADES SIX,0.6344,0.016,0.3496
HEARTS FOUR CLUBS QUEEN,0.317,0.459,0.224
DIAMONDS ACE CLUBS QUEEN,0.2094,0.0166,0.774
SPADES SEVEN HEARTS TWO,0.6472,0.0116,0.3412
HEARTS FOUR CLUBS KING,0.39,0.0062,0.6038
DIAMONDS ACE CLUBS KING,0.2972,0.0048,0.698
SPADES EIGHT HEARTS TWO,0.6268,0.0134,0.3598
HEARTS FOUR CLUBS ACE,0.3836,0.0054,0.611
DIAMONDS ACE CLUBS ACE,0.107,0.0046,0.8884
SPADES NINE HEARTS TWO,0.6284,0.0096,0.362
HEARTS TWO SPADES TWO,0.4318,0.0262,0.542
HEARTS TWO SPADES THREE,0.6402,0.0138,0.346
HEARTS TWO SPADES FOUR,0.6344,0.0136,0.352
CLUBS TEN HEARTS FOUR,0.6218,0.011,0.3672
CLUBS TEN DIAMONDS ACE,0.335,0.0054,0.6596
HEARTS TWO SPADES FIVE,0.7076,0.0506,0.2418
CLUBS JACK HEARTS FOUR,0.6288,0.0102,0.361
CLUBS JACK DIAMONDS ACE,0.3492,0.003,0.6478
SPADES KING CLUBS JACK,0.3392,0.0058,0.655
CLUBS JACK SPADES QUEEN,0.2392,0.0898,0.671
SPADES ACE CLUBS JACK,0.3566,0.006,0.6374
SPADES SIX CLUBS KING,0.362,0.0064,0.6316
SPADES SIX CLUBS QUEEN,0.2196,0.3824,0.398
SPADES EIGHT HEARTS JACK,0.5812,0.0104,0.4084
SPADES SIX CLUBS ACE,0.3648,0.005,0.6302
SPADES EIGHT HEARTS TEN,0.5494,0.0116,0.439
CLUBS JACK SPADES SIX,0.6008,0.0106,0.3886
CLUBS TEN SPADES SIX,0.578,0.0098,0.4122
CLUBS JACK SPADES TEN,0.5366,0.009,0.4544
CLUBS JACK SPADES JACK,0.2836,0.0096,0.7068
SPADES QUEEN CLUBS SEVEN,0.2236,0.3048,0.4716
SPADES KING CLUBS SEVEN,0.3626,0.0076,0.6298
SPADES ACE CLUBS SEVEN,0.363,0.0038,0.6332
SPADES SIX HEARTS TEN,0.5908,0.0092,0.4
SPADES SIX HEARTS JACK,0.5988,0.0126,0.3886
SPADES SIX HEARTS ACE,0.3574,0.0036,0.639
SPADES SIX HEARTS KING,0.3676,0.0054,0.627
SPADES SIX HEARTS QUEEN,0.218,0.3844,0.3976
SPADES JACK CLUBS SEVEN,0.5828,0.0092,0.408
SPADES TEN CLUBS SEVEN,0.563,0.0094,0.4276
CLUBS TEN HEARTS SIX,0.5822,0.01,0.4078
CLUBS JACK HEARTS SIX,0.5976,0.0114,0.391
CLUBS JACK CLUBS ACE,0.3476,0.0058,0.6466
HEARTS SIX CLUBS QUEEN,0.2136,0.384,0.4024
HEARTS SIX CLUBS KING,0.3494,0.0062,0.6444
HEARTS SIX CLUBS ACE,0.3544,0.005,0.6406
CLUBS JACK CLUBS QUEEN,0.2394,0.0834,0.6772
CLUBS JACK CLUBS KING,0.3256,0.0092,0.6652
DIAMONDS THREE HEARTS ACE,0.3804,0.0044,0.6152
DIAMONDS THREE HEARTS QUEEN,0.3258,0.465,0.2092
DIAMONDS THREE HEARTS KING,0.398,0.0068,0.5952
SPADES TEN DIAMONDS ACE,0.3416,0.0058,0.6526
HEARTS FOUR SPADES TEN,0.6318,0.0106,0.3576
HEARTS FOUR SPADES JACK,0.6258,0.0094,0.3648
SPADES JACK DIAMONDS ACE,0.3462,0.0028,0.651
SPADES ACE HEARTS FOUR,0.381,0.0042,0.6148
SPADES ACE DIAMONDS ACE,0.113,0.0042,0.8828
HEARTS FOUR SPADES QUEEN,0.322,0.462,0.216
SPADES QUEEN DIAMONDS ACE,0.2186,0.0134,0.768
CLUBS JACK SPADES FOUR,0.627,0.0136,0.3594
SPADES KING DIAMONDS ACE,0.3124,0.0064,0.6812
SPADES KING HEARTS FOUR,0.3976,0.0068,0.5956
CLUBS TEN SPADES FOUR,0.626,0.0128,0.3612
DIAMONDS ACE HEARTS TWO,0.3808,0.0054,0.6138
HEARTS FOUR HEARTS TWO,0.608,0.0142,0.3778
DIAMONDS THREE HEARTS TEN,0.6272,0.011,0.3618
SPADES FOUR CLUBS KING,0.3944,0.0062,0.5994
HEARTS FIVE HEARTS TWO,0.6488,0.052,0.2992
DIAMONDS THREE HEARTS JACK,0.6294,0.0092,0.3614
SPADES FOUR CLUBS QUEEN,0.314,0.4562,0.2298
DIAMONDS KING HEARTS TWO,0.389,0.0056,0.6054
HEARTS THREE HEARTS TWO,0.5968,0.0134,0.3898
SPADES FOUR CLUBS ACE,0.374,0.0042,0.6218
HEARTS TWO CLUBS ACE,0.3736,0.0046,0.6218
HEARTS TWO CLUBS QUEEN,0.3186,0.4652,0.2162
HEARTS TWO CLUBS KING,0.4032,0.0084,0.5884
SPADES EIGHT SPADES FIVE,0.6554,0.0398,0.3048
CLUBS TEN HEARTS TWO,0.6276,0.012,0.3604
SPADES NINE SPADES FIVE,0.6462,0.0474,0.3064
CLUBS JACK HEARTS TWO,0.6406,0.0118,0.3476
SPADES SIX SPADES FIVE,0.6232,0.0408,0.336
SPADES SEVEN SPADES FIVE,0.6322,0.0474,0.3204
DIAMONDS FIVE CLUBS QUEEN,0.008,0.9844,0.0076
SPADES EIGHT CLUBS ACE,0.3552,0.0044,0.6404
DIAMONDS FIVE CLUBS KING,0.2288,0.0476,0.7236
SPADES EIGHT CLUBS KING,0.3594,0.008,0.6326
DIAMONDS FIVE CLUBS ACE,0.2286,0.0296,0.7418
SPADES EIGHT CLUBS QUEEN,0.2286,0.2266,0.5448
CLUBS JACK SPADES EIGHT,0.5808,0.0122,0.407
CLUBS TEN SPADES EIGHT,0.5474,0.0134,0.4392
CLUBS TEN DIAMONDS FIVE,0.7204,0.0452,0.2344
CLUBS JACK DIAMONDS FIVE,0.7064,0.0548,0.2388
DIAMONDS TEN HEARTS JACK,0.553,0.009,0.438
DIAMONDS TEN HEARTS TEN,0.2954,0.014,0.6906
SPADES ACE CLUBS NINE,0.3562,0.006,0.6378
SPADES QUEEN CLUBS NINE,0.2328,0.162,0.6052
SPADES KING CLUBS NINE,0.3606,0.0058,0.6336
HEARTS SIX HEARTS KING,0.3502,0.0052,0.6446
DIAMONDS KING SPADES SEVEN,0.3634,0.0042,0.6324
HEARTS THREE SPADES SEVEN,0.612,0.0118,0.3762
SPADES KING DIAMONDS SEVEN,0.3662,0.0062,0.6276
HEARTS SIX HEARTS QUEEN,0.2124,0.3738,0.4138
SPADES QUEEN DIAMONDS SEVEN,0.2292,0.301,0.4698
HEARTS THREE SPADES SIX,0.6092,0.0114,0.3794
DIAMONDS KING SPADES SIX,0.362,0.007,0.631
SPADES NINE DIAMONDS KING,0.3604,0.0058,0.6338
SPADES NINE HEARTS THREE,0.6308,0.0152,0.354
HEARTS SIX HEARTS ACE,0.3362,0.004,0.6598
DIAMONDS KING SPADES EIGHT,0.3664,0.0054,0.6282
SPADES EIGHT HEARTS THREE,0.641,0.0108,0.3482
SPADES ACE DIAMONDS SEVEN,0.3608,0.0042,0.635
CLUBS NINE HEARTS THREE,0.615,0.0134,0.3716
CLUBS NINE DIAMONDS KING,0.36,0.009,0.631
CLUBS EIGHT DIAMONDS KING,0.3556,0.01,0.6344
CLUBS EIGHT HEARTS THREE,0.6342,0.0142,0.3516
HEARTS THREE SPADES THREE,0.4278,0.0302,0.542
DIAMONDS KING SPADES THREE,0.3858,0.0082,0.606
HEARTS THREE SPADES TWO,0.647,0.012,0.341
DIAMONDS KING SPADES TWO,0.3946,0.0094,0.596
HEARTS THREE SPADES FIVE,0.6796,0.0484,0.272
DIAMONDS KING SPADES FIVE,0.2344,0.0432,0.7224
HEARTS THREE SPADES FOUR,0.6302,0.0116,0.3582
DIAMONDS KING SPADES FOUR,0.375,0.0068,0.6182
DIAMONDS KING CLUBS TWO,0.405,0.0088,0.5862
HEARTS THREE CLUBS TWO,0.651,0.014,0.335
DIAMONDS KING CLUBS THREE,0.3842,0.0084,0.6074
CLUBS THREE HEARTS THREE,0.4284,0.0316,0.54
DIAMONDS KING CLUBS FOUR,0.388,0.009,0.603
HEARTS THREE CLUBS FOUR,0.6256,0.0148,0.3596
CLUBS SIX DIAMONDS KING,0.3616,0.0096,0.6288
