opposingHand,winningChance,drawChance,lostChance
CLUBS JACK CLUBS NINE
HEARTS FIVE SPADES TEN,0.6676,0.0148,0.3176
SPADES JACK HEARTS FIVE,0.616,0.1538,0.2302
CLUBS TEN SPADES FIVE,0.6696,0.0154,0.315
CLUBS EIGHT CLUBS TEN,0.6328,0.0152,0.352
CLUBS EIGHT CLUBS KING,0.405,0.0074,0.5876
SPADES FIVE CLUBS ACE,0.4482,0.005,0.5468
CLUBS EIGHT CLUBS QUEEN,0.3874,0.0106,0.602
SPADES FIVE CLUBS KING,0.453,0.0072,0.5398
SPADES FIVE CLUBS QUEEN,0.4576,0.0106,0.5318
CLUBS EIGHT CLUBS ACE,0.4052,0.0046,0.5902
DIAMONDS TWO DIAMONDS THREE,0.6262,0.0176,0.3562
DIAMONDS TWO DIAMONDS FIVE,0.6298,0.0162,0.354
SPADES KING HEARTS FIVE,0.4686,0.0082,0.5232
DIAMONDS TWO DIAMONDS FOUR,0.619,0.0148,0.3662
SPADES QUEEN HEARTS FIVE,0.462,0.013,0.525
DIAMONDS TWO DIAMONDS SEVEN,0.6466,0.0146,0.3388
DIAMONDS TWO DIAMONDS SIX,0.651,0.019,0.33
SPADES ACE HEARTS FIVE,0.4688,0.0034,0.5278
DIAMONDS TWO DIAMONDS NINE,0.6972,0.0538,0.249
DIAMONDS TWO DIAMONDS EIGHT,0.6496,0.0164,0.334
DIAMONDS THREE DIAMONDS FOUR,0.6252,0.0192,0.3556
CLUBS TWO SPADES FOUR,0.6546,0.0154,0.33
DIAMONDS THREE DIAMONDS FIVE,0.6106,0.0156,0.3738
CLUBS TWO SPADES FIVE,0.664,0.0184,0.3176
CLUBS TWO SPADES TWO,0.5042,0.032,0.4638
CLUBS TWO SPADES THREE,0.6676,0.0172,0.3152
DIAMONDS THREE DIAMONDS EIGHT,0.6522,0.0132,0.3346
SPADES EIGHT CLUBS TWO,0.706,0.015,0.279
DIAMONDS THREE DIAMONDS NINE,0.684,0.0556,0.2604
SPADES NINE CLUBS TWO,0.722,0.0646,0.2134
DIAMONDS THREE DIAMONDS SIX,0.6356,0.0172,0.3472
CLUBS TWO SPADES SIX,0.6722,0.019,0.3088
DIAMONDS THREE DIAMONDS SEVEN,0.632,0.0152,0.3528
CLUBS TWO SPADES SEVEN,0.688,0.0146,0.2974
CLUBS SIX CLUBS TWO,0.6664,0.0164,0.3172
CLUBS SEVEN CLUBS TWO,0.691,0.0172,0.2918
CLUBS FOUR CLUBS TWO,0.661,0.0172,0.3218
CLUBS FIVE CLUBS TWO,0.665,0.0154,0.3196
DIAMONDS FOUR DIAMONDS SIX,0.6254,0.013,0.3616
CLUBS TEN CLUBS QUEEN,0.3394,0.011,0.6496
DIAMONDS FOUR DIAMONDS SEVEN,0.6134,0.0178,0.3688
CLUBS TEN CLUBS KING,0.3476,0.006,0.6464
CLUBS TEN CLUBS ACE,0.357,0.005,0.638
CLUBS EIGHT CLUBS TWO,0.6872,0.0168,0.296
DIAMONDS FIVE DIAMONDS FOUR,0.6028,0.0184,0.3788
DIAMONDS NINE DIAMONDS FOUR,0.6806,0.0538,0.2656
DIAMONDS EIGHT DIAMONDS FOUR,0.6458,0.0196,0.3346
CLUBS TWO CLUBS THREE,0.6664,0.02,0.3136
DIAMONDS NINE DIAMONDS FIVE,0.6692,0.056,0.2748
DIAMONDS EIGHT DIAMONDS FIVE,0.6264,0.0156,0.358
CLUBS TEN DIAMONDS TWO,0.6828,0.0154,0.3018
DIAMONDS FIVE DIAMONDS SEVEN,0.6152,0.0144,0.3704
DIAMONDS FIVE DIAMONDS SIX,0.5986,0.0164,0.385
DIAMONDS TWO CLUBS ACE,0.4468,0.0036,0.5496
DIAMONDS TWO CLUBS KING,0.4486,0.0084,0.543
DIAMONDS TWO CLUBS QUEEN,0.4626,0.012,0.5254
DIAMONDS EIGHT DIAMONDS SIX,0.609,0.0154,0.3756
DIAMONDS NINE DIAMONDS SIX,0.6718,0.0614,0.2668
HEARTS ACE SPADES THREE,0.4648,0.0042,0.531
HEARTS KING SPADES THREE,0.4822,0.0062,0.5116
DIAMONDS SEVEN DIAMONDS SIX,0.6078,0.017,0.3752
SPADES THREE HEARTS QUEEN,0.4738,0.0082,0.518
HEARTS JACK SPADES THREE,0.6366,0.1516,0.2118
SPADES THREE HEARTS TEN,0.6872,0.0172,0.2956
DIAMONDS EIGHT DIAMONDS SEVEN,0.6094,0.016,0.3746
DIAMONDS NINE DIAMONDS SEVEN,0.6604,0.0488,0.2908
DIAMONDS NINE DIAMONDS EIGHT,0.649,0.0566,0.2944
DIAMONDS KING HEARTS TEN,0.4064,0.0056,0.588
HEARTS THREE HEARTS TEN,0.637,0.0162,0.3468
CLUBS SIX SPADES JACK,0.627,0.1568,0.2162
DIAMONDS KING HEARTS JACK,0.3068,0.028,0.6652
HEARTS THREE HEARTS JACK,0.586,0.1562,0.2578
CLUBS SIX SPADES TEN,0.6576,0.0182,0.3242
SPADES JACK SPADES FIVE,0.5944,0.156,0.2496
SPADES TEN SPADES FIVE,0.629,0.0146,0.3564
DIAMONDS KING HEARTS ACE,0.3894,0.005,0.6056
HEARTS THREE HEARTS ACE,0.44,0.0052,0.5548
SPADES ACE CLUBS SIX,0.4638,0.005,0.5312
DIAMONDS KING HEARTS QUEEN,0.398,0.0076,0.5944
HEARTS THREE HEARTS QUEEN,0.4454,0.01,0.5446
SPADES KING CLUBS SIX,0.4644,0.0074,0.5282
DIAMONDS KING HEARTS KING,0.2092,0.0078,0.783
HEARTS THREE HEARTS KING,0.4426,0.0062,0.5512
SPADES QUEEN CLUBS SIX,0.453,0.0116,0.5354
SPADES NINE HEARTS TEN,0.7094,0.0516,0.239
SPADES NINE HEARTS JACK,0.0704,0.9062,0.0234
SPADES QUEEN SPADES FIVE,0.454,0.0116,0.5344
SPADES KING SPADES FIVE,0.4292,0.0062,0.5646
SPADES ACE SPADES FIVE,0.4354,0.005,0.5596
SPADES NINE HEARTS QUEEN,0.2958,0.0404,0.6638
SPADES NINE HEARTS KING,0.309,0.0284,0.6626
SPADES NINE HEARTS ACE,0.3318,0.0158,0.6524
CLUBS TEN SPADES JACK,0.2658,0.1172,0.617
CLUBS TEN SPADES TEN,0.3142,0.0202,0.6656
SPADES ACE CLUBS TEN,0.4046,0.005,0.5904
SPADES KING CLUBS TEN,0.398,0.0068,0.5952
CLUBS TEN SPADES QUEEN,0.3864,0.0126,0.601
SPADES FIVE HEARTS QUEEN,0.463,0.0094,0.5276
HEARTS KING SPADES FIVE,0.4696,0.0076,0.5228
SPADES FIVE HEARTS ACE,0.4716,0.0044,0.524
CLUBS EIGHT SPADES TEN,0.649,0.0142,0.3368
HEARTS THREE SPADES JACK,0.6328,0.1604,0.2068
SPADES JACK DIAMONDS KING,0.3058,0.0268,0.6674
SPADES TEN DIAMONDS KING,0.4108,0.0068,0.5824
HEARTS THREE SPADES TEN,0.6774,0.0152,0.3074
CLUBS EIGHT SPADES JACK,0.6194,0.1576,0.223
SPADES ACE CLUBS EIGHT,0.4562,0.0044,0.5394
CLUBS SIX HEARTS ACE,0.47,0.0052,0.5248
CLUBS TEN HEARTS FIVE,0.6692,0.0124,0.3184
CLUBS EIGHT SPADES QUEEN,0.4502,0.0078,0.542
CLUBS TEN SPADES THREE,0.66,0.0152,0.3248
CLUBS SIX HEARTS QUEEN,0.4634,0.0138,0.5228
CLUBS EIGHT SPADES KING,0.449,0.0062,0.5448
CLUBS SIX HEARTS KING,0.475,0.0084,0.5166
DIAMONDS TWO HEARTS JACK,0.6356,0.147,0.2174
SPADES THREE CLUBS QUEEN,0.4594,0.0094,0.5312
DIAMONDS TWO HEARTS TEN,0.6612,0.0186,0.3202
SPADES THREE CLUBS KING,0.4674,0.0076,0.525
HEARTS FIVE CLUBS ACE,0.4454,0.004,0.5506
SPADES FIVE HEARTS TEN,0.6576,0.018,0.3244
SPADES THREE CLUBS ACE,0.4532,0.0036,0.5432
HEARTS FIVE CLUBS KING,0.4622,0.0076,0.5302
SPADES FIVE HEARTS JACK,0.6188,0.1582,0.223
HEARTS FIVE CLUBS QUEEN,0.4624,0.0114,0.5262
HEARTS THREE CLUBS KING,0.453,0.0078,0.5392
DIAMONDS KING CLUBS KING,0.1948,0.0076,0.7976
HEARTS THREE CLUBS QUEEN,0.4596,0.0098,0.5306
DIAMONDS KING CLUBS QUEEN,0.3642,0.0066,0.6292
HEARTS FIVE HEARTS JACK,0.5784,0.1516,0.27
HEARTS FIVE HEARTS TEN,0.6396,0.0192,0.3412
HEARTS THREE CLUBS ACE,0.4524,0.0046,0.543
DIAMONDS KING CLUBS ACE,0.3902,0.0054,0.6044
SPADES ACE CLUBS QUEEN,0.3758,0.0038,0.6204
SPADES KING CLUBS QUEEN,0.368,0.009,0.623
SPADES QUEEN CLUBS QUEEN,0.1908,0.0082,0.801
CLUBS TEN HEARTS THREE,0.6676,0.0156,0.3168
CLUBS TEN DIAMONDS KING,0.4044,0.0068,0.5888
SPADES JACK CLUBS QUEEN,0.2716,0.045,0.6834
CLUBS SIX CLUBS QUEEN,0.424,0.0094,0.5666
SPADES TEN CLUBS QUEEN,0.3896,0.01,0.6004
CLUBS SIX CLUBS KING,0.42,0.0064,0.5736
CLUBS SIX CLUBS ACE,0.4196,0.0058,0.5746
HEARTS FIVE HEARTS KING,0.4272,0.006,0.5668
HEARTS FIVE HEARTS QUEEN,0.4496,0.011,0.5394
CLUBS TEN CLUBS SIX,0.6622,0.0182,0.3196
HEARTS FIVE HEARTS ACE,0.442,0.006,0.552
SPADES SEVEN HEARTS JACK,0.6286,0.1614,0.21
SPADES SEVEN HEARTS TEN,0.6538,0.0142,0.332
DIAMONDS TWO CLUBS TWO,0.5054,0.0324,0.4622
DIAMONDS TWO CLUBS THREE,0.6716,0.0184,0.31
HEARTS SIX DIAMONDS TWO,0.6746,0.0152,0.3102
DIAMONDS TWO HEARTS QUEEN,0.4784,0.0108,0.5108
DIAMONDS TWO HEARTS SEVEN,0.6962,0.019,0.2848
DIAMONDS TWO HEARTS KING,0.4824,0.0082,0.5094
DIAMONDS TWO HEARTS EIGHT,0.6902,0.0138,0.296
DIAMONDS TWO HEARTS ACE,0.4676,0.0052,0.5272
DIAMONDS TWO HEARTS NINE,0.7208,0.0598,0.2194
DIAMONDS TWO DIAMONDS QUEEN,0.4502,0.013,0.5368
DIAMONDS TWO HEARTS TWO,0.4934,0.0362,0.4704
DIAMONDS TWO DIAMONDS KING,0.4526,0.0064,0.541
HEARTS THREE DIAMONDS TWO,0.657,0.0174,0.3256
DIAMONDS TWO DIAMONDS ACE,0.4376,0.0042,0.5582
HEARTS FOUR DIAMONDS TWO,0.6576,0.0172,0.3252
DIAMONDS TWO HEARTS FIVE,0.6578,0.0208,0.3214
SPADES SEVEN HEARTS ACE,0.4722,0.0038,0.524
DIAMONDS TWO DIAMONDS TEN,0.6312,0.0166,0.3522
SPADES SEVEN HEARTS KING,0.4558,0.0062,0.538
DIAMONDS TWO DIAMONDS JACK,0.5932,0.1494,0.2574
SPADES SEVEN HEARTS QUEEN,0.449,0.0084,0.5426
DIAMONDS TWO SPADES NINE,0.7332,0.0614,0.2054
DIAMONDS TWO SPADES EIGHT,0.6952,0.0158,0.289
DIAMONDS TWO SPADES SEVEN,0.6856,0.0188,0.2956
DIAMONDS TWO SPADES SIX,0.6834,0.0178,0.2988
DIAMONDS TWO SPADES FIVE,0.6674,0.0162,0.3164
DIAMONDS TWO SPADES FOUR,0.6724,0.0152,0.3124
DIAMONDS TWO SPADES THREE,0.6716,0.016,0.3124
DIAMONDS TWO SPADES TWO,0.49,0.0316,0.4784
CLUBS EIGHT DIAMONDS TWO,0.6878,0.0186,0.2936
DIAMONDS TWO CLUBS SEVEN,0.6874,0.015,0.2976
CLUBS SIX DIAMONDS TWO,0.672,0.017,0.311
DIAMONDS TWO CLUBS FIVE,0.6682,0.0146,0.3172
DIAMONDS TWO CLUBS FOUR,0.6648,0.0156,0.3196
CLUBS FOUR SPADES FIVE,0.636,0.0192,0.3448
CLUBS FOUR SPADES FOUR,0.483,0.0298,0.4872
CLUBS FOUR SPADES THREE,0.6414,0.0174,0.3412
CLUBS FOUR SPADES TWO,0.6616,0.018,0.3204
CLUBS FOUR SPADES NINE,0.7218,0.0578,0.2204
CLUBS FOUR SPADES EIGHT,0.6784,0.0182,0.3034
CLUBS FOUR SPADES SEVEN,0.6544,0.0142,0.3314
CLUBS FOUR SPADES SIX,0.6522,0.0206,0.3272
SPADES ACE DIAMONDS SIX,0.4664,0.0046,0.529
SPADES QUEEN DIAMONDS SIX,0.482,0.0102,0.5078
SPADES KING DIAMONDS SIX,0.47,0.0062,0.5238
SPADES TEN DIAMONDS SIX,0.6644,0.0138,0.3218
SPADES JACK DIAMONDS SIX,0.6348,0.1586,0.2066
SPADES QUEEN SPADES TWO,0.442,0.012,0.546
SPADES KING SPADES TWO,0.4424,0.007,0.5506
SPADES ACE SPADES TWO,0.4226,0.003,0.5744
CLUBS TEN DIAMONDS JACK,0.2546,0.1182,0.6272
DIAMONDS JACK CLUBS KING,0.2914,0.0268,0.6818
DIAMONDS JACK CLUBS QUEEN,0.2714,0.0432,0.6854
DIAMONDS THREE DIAMONDS JACK,0.6078,0.1426,0.2496
DIAMONDS THREE DIAMONDS TEN,0.64,0.0134,0.3466
DIAMONDS JACK CLUBS ACE,0.28,0.0168,0.7032
DIAMONDS THREE DIAMONDS KING,0.446,0.006,0.548
HEARTS THREE DIAMONDS THREE,0.4984,0.0326,0.469
DIAMONDS THREE DIAMONDS QUEEN,0.4458,0.009,0.5452
DIAMONDS THREE HEARTS TWO,0.6686,0.0184,0.313
HEARTS FIVE DIAMONDS THREE,0.64,0.0154,0.3446
DIAMONDS THREE DIAMONDS ACE,0.4464,0.0044,0.5492
HEARTS FOUR DIAMONDS THREE,0.6624,0.016,0.3216
DIAMONDS THREE HEARTS SEVEN,0.6864,0.0146,0.299
SPADES TEN SPADES NINE,0.661,0.0488,0.2902
HEARTS SIX DIAMONDS THREE,0.6634,0.0184,0.3182
SPADES JACK SPADES NINE,0.071,0.8544,0.0746
DIAMONDS THREE HEARTS NINE,0.7224,0.0546,0.223
HEARTS JACK DIAMONDS FOUR,0.6254,0.1604,0.2142
HEARTS KING HEARTS ACE,0.3776,0.0058,0.6166
SPADES TEN SPADES TWO,0.6428,0.0148,0.3424
DIAMONDS THREE HEARTS EIGHT,0.6912,0.0158,0.293
HEARTS TEN DIAMONDS FOUR,0.6818,0.014,0.3042
SPADES JACK SPADES TWO,0.5924,0.1596,0.248
HEARTS QUEEN DIAMONDS FOUR,0.4614,0.0096,0.529
HEARTS KING DIAMONDS FOUR,0.466,0.0068,0.5272
SPADES ACE SPADES NINE,0.3084,0.0188,0.6728
HEARTS ACE DIAMONDS FOUR,0.4638,0.0044,0.5318
SPADES KING SPADES NINE,0.2966,0.0272,0.6762
SPADES QUEEN SPADES NINE,0.2896,0.038,0.6724
DIAMONDS THREE SPADES NINE,0.7246,0.0568,0.2186
DIAMONDS THREE SPADES EIGHT,0.7012,0.0156,0.2832
DIAMONDS THREE SPADES SEVEN,0.671,0.0144,0.3146
DIAMONDS THREE SPADES SIX,0.6646,0.0174,0.318
CLUBS SIX DIAMONDS THREE,0.6646,0.0156,0.3198
CLUBS ACE DIAMONDS FOUR,0.4428,0.004,0.5532
CLUBS SIX CLUBS FIVE,0.6334,0.0202,0.3464
CLUBS SEVEN CLUBS FIVE,0.6346,0.0222,0.3432
CLUBS SEVEN DIAMONDS THREE,0.6858,0.018,0.2962
DIAMONDS THREE CLUBS FOUR,0.6534,0.0158,0.3308
DIAMONDS FOUR CLUBS QUEEN,0.4682,0.0106,0.5212
DIAMONDS THREE CLUBS FIVE,0.658,0.0134,0.3286
DIAMONDS FOUR CLUBS KING,0.469,0.0068,0.5242
DIAMONDS THREE CLUBS TWO,0.6578,0.016,0.3262
CLUBS TEN DIAMONDS FOUR,0.6622,0.018,0.3198
DIAMONDS THREE CLUBS THREE,0.4832,0.034,0.4828
DIAMONDS THREE SPADES FOUR,0.6576,0.0138,0.3286
DIAMONDS THREE SPADES FIVE,0.6556,0.0212,0.3232
DIAMONDS THREE SPADES TWO,0.6664,0.0174,0.3162
DIAMONDS THREE SPADES THREE,0.4856,0.0308,0.4836
CLUBS EIGHT DIAMONDS THREE,0.6924,0.019,0.2886
SPADES SEVEN CLUBS ACE,0.4476,0.0048,0.5476
SPADES SEVEN CLUBS QUEEN,0.4572,0.0122,0.5306
SPADES SEVEN CLUBS KING,0.4326,0.008,0.5594
CLUBS FIVE SPADES SEVEN,0.652,0.0172,0.3308
CLUBS TEN SPADES SEVEN,0.6582,0.0156,0.3262
CLUBS FIVE SPADES SIX,0.636,0.0172,0.3468
SPADES NINE CLUBS FIVE,0.7124,0.054,0.2336
CLUBS FIVE SPADES EIGHT,0.6648,0.0202,0.315
CLUBS FIVE SPADES THREE,0.6492,0.0156,0.3352
CLUBS FIVE SPADES TWO,0.6596,0.0176,0.3228
CLUBS FIVE SPADES FIVE,0.479,0.0316,0.4894
CLUBS FIVE SPADES FOUR,0.6308,0.0178,0.3514
CLUBS EIGHT CLUBS FIVE,0.6782,0.0178,0.304
CLUBS ACE CLUBS QUEEN,0.3318,0.0046,0.6636
CLUBS KING CLUBS QUEEN,0.3214,0.006,0.6726
DIAMONDS TEN DIAMONDS FOUR,0.633,0.016,0.351
CLUBS TEN DIAMONDS NINE,0.7088,0.0566,0.2346
DIAMONDS JACK DIAMONDS FOUR,0.5806,0.1456,0.2738
CLUBS TEN SPADES NINE,0.7126,0.0514,0.236
DIAMONDS ACE DIAMONDS FOUR,0.4414,0.0056,0.553
HEARTS FOUR DIAMONDS FOUR,0.4786,0.0336,0.4878
DIAMONDS JACK HEARTS TEN,0.2836,0.1136,0.6028
SPADES NINE CLUBS KING,0.3028,0.0292,0.668
DIAMONDS TWO SPADES TEN,0.6668,0.0162,0.317
DIAMONDS NINE CLUBS ACE,0.304,0.0204,0.6756
HEARTS FIVE DIAMONDS FOUR,0.6454,0.0174,0.3372
HEARTS JACK DIAMONDS JACK,0.1776,0.0284,0.794
SPADES NINE CLUBS QUEEN,0.2838,0.0414,0.6748
DIAMONDS TWO SPADES JACK,0.6302,0.1612,0.2086
DIAMONDS QUEEN DIAMONDS FOUR,0.4408,0.0084,0.5508
HEARTS TWO DIAMONDS FOUR,0.6682,0.018,0.3138
DIAMONDS NINE CLUBS QUEEN,0.2922,0.0446,0.6632
DIAMONDS KING DIAMONDS FOUR,0.4538,0.0052,0.541
HEARTS THREE DIAMONDS FOUR,0.6572,0.0142,0.3286
SPADES NINE CLUBS ACE,0.3112,0.0202,0.6686
DIAMONDS NINE CLUBS KING,0.2956,0.0328,0.6716
HEARTS ACE DIAMONDS JACK,0.3006,0.0204,0.679
SPADES ACE DIAMONDS TWO,0.4748,0.0042,0.521
DIAMONDS JACK HEARTS QUEEN,0.2942,0.0346,0.6712
SPADES QUEEN DIAMONDS TWO,0.4736,0.0136,0.5128
HEARTS KING DIAMONDS JACK,0.3038,0.0306,0.6656
SPADES KING DIAMONDS TWO,0.4792,0.007,0.5138
SPADES JACK SPADES SEVEN,0.5884,0.1572,0.2544
SPADES TEN SPADES SEVEN,0.618,0.0176,0.3644
CLUBS SEVEN CLUBS THREE,0.6756,0.018,0.3064
CLUBS SIX CLUBS THREE,0.6592,0.0184,0.3224
CLUBS FIVE CLUBS THREE,0.6418,0.0172,0.341
CLUBS FOUR CLUBS THREE,0.6416,0.019,0.3394
CLUBS EIGHT CLUBS THREE,0.6926,0.0168,0.2906
CLUBS THREE SPADES FIVE,0.628,0.0176,0.3544
CLUBS THREE SPADES FOUR,0.657,0.014,0.329
CLUBS THREE SPADES THREE,0.4892,0.036,0.4748
CLUBS THREE SPADES TWO,0.6758,0.0138,0.3104
CLUBS THREE SPADES SIX,0.6676,0.0182,0.3142
SPADES SEVEN CLUBS THREE,0.6856,0.017,0.2974
SPADES EIGHT CLUBS THREE,0.6996,0.0196,0.2808
SPADES NINE CLUBS THREE,0.7254,0.061,0.2136
SPADES TWO DIAMONDS FOUR,0.669,0.0182,0.3128
SPADES THREE DIAMONDS FOUR,0.6598,0.0174,0.3228
SPADES FOUR DIAMONDS FOUR,0.4978,0.0294,0.4728
SPADES FIVE DIAMONDS FOUR,0.642,0.0186,0.3394
SPADES SIX DIAMONDS FOUR,0.6662,0.0144,0.3194
SPADES SEVEN DIAMONDS FOUR,0.676,0.016,0.308
SPADES EIGHT DIAMONDS FOUR,0.6832,0.0154,0.3014
SPADES NINE DIAMONDS FOUR,0.7392,0.0504,0.2104
CLUBS FIVE DIAMONDS FOUR,0.643,0.0184,0.3386
CLUBS FOUR DIAMONDS FOUR,0.4918,0.0292,0.479
CLUBS SEVEN DIAMONDS FOUR,0.6608,0.0192,0.32
CLUBS SIX DIAMONDS FOUR,0.656,0.017,0.327
CLUBS EIGHT DIAMONDS FOUR,0.6856,0.015,0.2994
DIAMONDS FOUR HEARTS SEVEN,0.6824,0.0142,0.3034
HEARTS SIX DIAMONDS FOUR,0.6496,0.018,0.3324
HEARTS NINE DIAMONDS FOUR,0.7144,0.0614,0.2242
DIAMONDS FOUR HEARTS EIGHT,0.6804,0.0154,0.3042
CLUBS THREE DIAMONDS FOUR,0.658,0.0208,0.3212
CLUBS TWO DIAMONDS FOUR,0.6642,0.0194,0.3164
DIAMONDS TEN DIAMONDS FIVE,0.6282,0.0176,0.3542
DIAMONDS JACK DIAMONDS FIVE,0.5898,0.149,0.2612
DIAMONDS NINE HEARTS QUEEN,0.3074,0.0354,0.6572
HEARTS KING DIAMONDS NINE,0.3102,0.027,0.6628
DIAMONDS NINE HEARTS ACE,0.3188,0.0186,0.6626
DIAMONDS NINE HEARTS TEN,0.7182,0.0462,0.2356
DIAMONDS NINE HEARTS JACK,0.075,0.9038,0.0212
CLUBS KING DIAMONDS SIX,0.4548,0.0074,0.5378
CLUBS QUEEN DIAMONDS SIX,0.458,0.0108,0.5312
CLUBS ACE DIAMONDS SIX,0.4512,0.0046,0.5442
SPADES KING DIAMONDS FOUR,0.4782,0.0068,0.515
SPADES ACE SPADES SEVEN,0.4196,0.0038,0.5766
SPADES QUEEN DIAMONDS FOUR,0.4746,0.009,0.5164
SPADES QUEEN SPADES SEVEN,0.4316,0.009,0.5594
SPADES KING SPADES SEVEN,0.4476,0.0066,0.5458
SPADES ACE DIAMONDS FOUR,0.4626,0.0062,0.5312
CLUBS TEN DIAMONDS SIX,0.6604,0.018,0.3216
CLUBS EIGHT CLUBS FOUR,0.6868,0.0188,0.2944
SPADES JACK DIAMONDS FOUR,0.6266,0.156,0.2174
SPADES TEN DIAMONDS FOUR,0.6688,0.0136,0.3176
CLUBS FOUR CLUBS FIVE,0.6296,0.0154,0.355
CLUBS SEVEN CLUBS FOUR,0.6596,0.0166,0.3238
CLUBS SIX CLUBS FOUR,0.646,0.0174,0.3366
CLUBS SEVEN SPADES EIGHT,0.6532,0.015,0.3318
CLUBS SEVEN SPADES NINE,0.7012,0.0576,0.2412
CLUBS SEVEN SPADES SIX,0.6456,0.0182,0.3362
CLUBS SEVEN SPADES SEVEN,0.4624,0.0288,0.5088
CLUBS SEVEN SPADES FIVE,0.6564,0.0138,0.3298
CLUBS SEVEN SPADES FOUR,0.67,0.0188,0.3112
CLUBS SEVEN SPADES THREE,0.6748,0.0204,0.3048
CLUBS SEVEN SPADES TWO,0.6924,0.016,0.2916
CLUBS EIGHT CLUBS SEVEN,0.64,0.0174,0.3426
HEARTS SIX DIAMONDS FIVE,0.654,0.0154,0.3306
DIAMONDS FIVE HEARTS SEVEN,0.6502,0.0136,0.3362
DIAMONDS FIVE HEARTS EIGHT,0.6696,0.0156,0.3148
HEARTS NINE DIAMONDS FIVE,0.7262,0.0544,0.2194
DIAMONDS QUEEN DIAMONDS FIVE,0.448,0.0108,0.5412
HEARTS TWO DIAMONDS FIVE,0.6698,0.0176,0.3126
HEARTS KING HEARTS EIGHT,0.4224,0.005,0.5726
DIAMONDS KING DIAMONDS FIVE,0.4444,0.0044,0.5512
HEARTS THREE DIAMONDS FIVE,0.6544,0.0164,0.3292
HEARTS QUEEN HEARTS EIGHT,0.4288,0.0098,0.5614
DIAMONDS ACE DIAMONDS FIVE,0.4382,0.0052,0.5566
HEARTS FOUR DIAMONDS FIVE,0.6496,0.016,0.3344
HEARTS FIVE DIAMONDS FIVE,0.495,0.0274,0.4776
HEARTS ACE HEARTS EIGHT,0.4346,0.0048,0.5606
CLUBS FOUR DIAMONDS FIVE,0.6358,0.0134,0.3508
CLUBS FIVE DIAMONDS FIVE,0.4754,0.026,0.4986
CLUBS SIX DIAMONDS FIVE,0.6322,0.0146,0.3532
CLUBS SEVEN DIAMONDS FIVE,0.6484,0.014,0.3376
CLUBS TWO DIAMONDS FIVE,0.6746,0.0168,0.3086
CLUBS THREE DIAMONDS FIVE,0.6496,0.0166,0.3338
SPADES THREE DIAMONDS FIVE,0.6508,0.015,0.3342
SPADES TWO DIAMONDS FIVE,0.6638,0.0202,0.316
SPADES JACK DIAMONDS EIGHT,0.6212,0.1664,0.2124
SPADES FIVE DIAMONDS FIVE,0.482,0.0286,0.4894
CLUBS TEN HEARTS JACK,0.2784,0.1114,0.6102
SPADES TEN DIAMONDS EIGHT,0.6376,0.0128,0.3496
SPADES FOUR DIAMONDS FIVE,0.6328,0.0164,0.3508
HEARTS JACK CLUBS QUEEN,0.2808,0.0386,0.6806
HEARTS JACK CLUBS KING,0.2768,0.0312,0.692
CLUBS EIGHT DIAMONDS FIVE,0.6668,0.0164,0.3168
HEARTS JACK CLUBS ACE,0.2818,0.0256,0.6926
SPADES SEVEN DIAMONDS FIVE,0.65,0.0154,0.3346
SPADES KING DIAMONDS EIGHT,0.4494,0.0052,0.5454
SPADES QUEEN DIAMONDS EIGHT,0.4486,0.0112,0.5402
SPADES SIX DIAMONDS FIVE,0.6536,0.016,0.3304
SPADES NINE DIAMONDS FIVE,0.7092,0.0538,0.237
SPADES EIGHT DIAMONDS FIVE,0.6644,0.0144,0.3212
SPADES ACE DIAMONDS EIGHT,0.4672,0.0042,0.5286
DIAMONDS TEN DIAMONDS SIX,0.6292,0.0152,0.3556
HEARTS ACE DIAMONDS SEVEN,0.447,0.005,0.548
DIAMONDS JACK DIAMONDS SIX,0.588,0.1554,0.2566
HEARTS QUEEN DIAMONDS SEVEN,0.4698,0.0106,0.5196
HEARTS KING DIAMONDS SEVEN,0.471,0.0056,0.5234
DIAMONDS ACE DIAMONDS SIX,0.4244,0.0046,0.571
HEARTS FOUR DIAMONDS SIX,0.6606,0.014,0.3254
HEARTS JACK SPADES TWO,0.6324,0.1576,0.21
HEARTS FIVE DIAMONDS SIX,0.6478,0.0166,0.3356
SPADES TWO HEARTS TEN,0.6656,0.015,0.3194
DIAMONDS QUEEN DIAMONDS SIX,0.4474,0.0112,0.5414
HEARTS TWO DIAMONDS SIX,0.6874,0.0146,0.298
DIAMONDS KING DIAMONDS SIX,0.4442,0.0052,0.5506
HEARTS THREE DIAMONDS SIX,0.6616,0.0138,0.3246
HEARTS EIGHT DIAMONDS SIX,0.6668,0.0158,0.3174
HEARTS NINE DIAMONDS SIX,0.7228,0.052,0.2252
HEARTS SIX DIAMONDS SIX,0.487,0.0318,0.4812
HEARTS SEVEN DIAMONDS SIX,0.6404,0.0184,0.3412
HEARTS TEN DIAMONDS SEVEN,0.652,0.0176,0.3304
CLUBS TWO DIAMONDS SIX,0.663,0.0164,0.3206
HEARTS JACK DIAMONDS SEVEN,0.625,0.1582,0.2168
CLUBS THREE DIAMONDS SIX,0.6568,0.016,0.3272
CLUBS SEVEN DIAMONDS SIX,0.6402,0.014,0.3458
CLUBS SIX DIAMONDS SIX,0.4814,0.0326,0.486
CLUBS TEN DIAMONDS EIGHT,0.6368,0.0136,0.3496
CLUBS FIVE DIAMONDS SIX,0.633,0.0188,0.3482
CLUBS FOUR DIAMONDS SIX,0.6582,0.0116,0.3302
HEARTS ACE HEARTS JACK,0.279,0.0222,0.6988
DIAMONDS EIGHT CLUBS ACE,0.45,0.0048,0.5452
HEARTS JACK HEARTS QUEEN,0.2736,0.0354,0.691
DIAMONDS EIGHT CLUBS KING,0.4388,0.0074,0.5538
HEARTS KING HEARTS JACK,0.297,0.0314,0.6716
DIAMONDS EIGHT CLUBS QUEEN,0.436,0.0108,0.5532
CLUBS EIGHT DIAMONDS SIX,0.6644,0.0162,0.3194
SPADES TEN HEARTS KING,0.4096,0.0058,0.5846
SPADES FIVE DIAMONDS SIX,0.638,0.0164,0.3456
HEARTS ACE SPADES TWO,0.47,0.004,0.526
SPADES JACK HEARTS KING,0.295,0.0254,0.6796
SPADES FOUR DIAMONDS SIX,0.6658,0.0166,0.3176
SPADES THREE DIAMONDS SIX,0.6744,0.0172,0.3084
HEARTS QUEEN SPADES TWO,0.4764,0.0102,0.5134
SPADES ACE SPADES KING,0.3706,0.004,0.6254
HEARTS KING SPADES TWO,0.4712,0.0082,0.5206
SPADES TWO DIAMONDS SIX,0.6872,0.0152,0.2976
HEARTS TEN HEARTS EIGHT,0.6078,0.0142,0.378
SPADES NINE DIAMONDS SIX,0.716,0.057,0.227
HEARTS JACK HEARTS EIGHT,0.5824,0.1634,0.2542
SPADES EIGHT DIAMONDS SIX,0.6654,0.0162,0.3184
SPADES SEVEN DIAMONDS SIX,0.6466,0.0152,0.3382
SPADES SIX DIAMONDS SIX,0.466,0.0256,0.5084
SPADES KING HEARTS KING,0.2076,0.0056,0.7868
SPADES QUEEN HEARTS KING,0.3932,0.0082,0.5986
CLUBS ACE CLUBS KING,0.3344,0.0062,0.6594
SPADES ACE HEARTS KING,0.398,0.0066,0.5954
SPADES ACE HEARTS JACK,0.3032,0.0192,0.6776
SPADES QUEEN HEARTS JACK,0.2818,0.0366,0.6816
SPADES KING HEARTS JACK,0.3042,0.0284,0.6674
SPADES TEN DIAMONDS TEN,0.3464,0.0202,0.6334
SPADES JACK DIAMONDS TEN,0.2794,0.1178,0.6028
SPADES ACE DIAMONDS TEN,0.4006,0.0034,0.596
SPADES JACK HEARTS JACK,0.174,0.0302,0.7958
SPADES TEN HEARTS JACK,0.2644,0.1168,0.6188
SPADES QUEEN DIAMONDS TEN,0.3888,0.0102,0.601
SPADES KING DIAMONDS TEN,0.412,0.005,0.583
SPADES NINE DIAMONDS SEVEN,0.7026,0.0558,0.2416
SPADES EIGHT DIAMONDS SEVEN,0.6442,0.0146,0.3412
SPADES SEVEN DIAMONDS SEVEN,0.4666,0.0304,0.503
SPADES SIX DIAMONDS SEVEN,0.6436,0.0136,0.3428
DIAMONDS KING DIAMONDS SEVEN,0.438,0.0072,0.5548
HEARTS THREE DIAMONDS SEVEN,0.6664,0.0162,0.3174
HEARTS KING DIAMONDS FIVE,0.4694,0.0046,0.526
DIAMONDS QUEEN DIAMONDS SEVEN,0.4446,0.0116,0.5438
HEARTS TWO DIAMONDS SEVEN,0.6836,0.0172,0.2992
HEARTS QUEEN DIAMONDS FIVE,0.4568,0.0108,0.5324
HEARTS FIVE DIAMONDS SEVEN,0.651,0.0168,0.3322
DIAMONDS ACE DIAMONDS SEVEN,0.4306,0.0054,0.564
HEARTS FOUR DIAMONDS SEVEN,0.6722,0.0174,0.3104
HEARTS ACE DIAMONDS FIVE,0.4852,0.0038,0.511
HEARTS SEVEN DIAMONDS SEVEN,0.4684,0.0272,0.5044
HEARTS SIX DIAMONDS SEVEN,0.642,0.0142,0.3438
HEARTS NINE DIAMONDS SEVEN,0.688,0.059,0.253
DIAMONDS SEVEN HEARTS EIGHT,0.6436,0.0158,0.3406
DIAMONDS JACK DIAMONDS SEVEN,0.5822,0.1576,0.2602
HEARTS JACK DIAMONDS FIVE,0.6246,0.1526,0.2228
DIAMONDS TEN DIAMONDS SEVEN,0.6094,0.0156,0.375
DIAMONDS FIVE HEARTS TEN,0.6648,0.0188,0.3164
SPADES KING CLUBS TWO,0.4598,0.0066,0.5336
HEARTS KING CLUBS KING,0.1924,0.0076,0.8
CLUBS EIGHT DIAMONDS SEVEN,0.6428,0.0166,0.3406
SPADES QUEEN CLUBS TWO,0.4724,0.0102,0.5174
HEARTS KING CLUBS QUEEN,0.3724,0.0052,0.6224
SPADES ACE CLUBS TWO,0.4648,0.005,0.5302
CLUBS TEN SPADES TWO,0.68,0.0168,0.3032
HEARTS KING CLUBS ACE,0.3818,0.0068,0.6114
CLUBS SIX CLUBS SEVEN,0.6472,0.0178,0.335
SPADES TWO CLUBS KING,0.4602,0.007,0.5328
SPADES TWO DIAMONDS SEVEN,0.6934,0.0176,0.289
CLUBS EIGHT CLUBS SIX,0.653,0.0176,0.3294
SPADES THREE DIAMONDS SEVEN,0.6776,0.0174,0.305
SPADES TWO CLUBS QUEEN,0.4524,0.0136,0.534
SPADES FOUR DIAMONDS SEVEN,0.6774,0.0164,0.3062
SPADES FIVE DIAMONDS SEVEN,0.6518,0.0172,0.331
SPADES TWO CLUBS ACE,0.4678,0.0064,0.5258
CLUBS TEN HEARTS KING,0.403,0.0056,0.5914
CLUBS SIX SPADES TWO,0.6694,0.0186,0.312
CLUBS SIX SPADES THREE,0.666,0.017,0.317
CLUBS TWO DIAMONDS SEVEN,0.6864,0.0166,0.297
CLUBS SIX SPADES FOUR,0.647,0.0186,0.3344
CLUBS THREE DIAMONDS SEVEN,0.6648,0.018,0.3172
CLUBS SIX SPADES FIVE,0.645,0.0184,0.3366
CLUBS FOUR DIAMONDS SEVEN,0.6678,0.0158,0.3164
CLUBS SIX SPADES SIX,0.4768,0.0288,0.4944
CLUBS FIVE DIAMONDS SEVEN,0.6554,0.0158,0.3288
CLUBS SIX SPADES SEVEN,0.6334,0.0182,0.3484
CLUBS SIX DIAMONDS SEVEN,0.6322,0.0162,0.3516
CLUBS SIX SPADES EIGHT,0.644,0.0138,0.3422
SPADES JACK CLUBS TWO,0.6324,0.1496,0.218
CLUBS SIX SPADES NINE,0.707,0.0602,0.2328
SPADES TEN CLUBS TWO,0.6712,0.014,0.3148
CLUBS SEVEN DIAMONDS SEVEN,0.4634,0.0252,0.5114
CLUBS TWO CLUBS QUEEN,0.4166,0.0126,0.5708
CLUBS TWO CLUBS KING,0.4232,0.0068,0.57
CLUBS THREE DIAMONDS EIGHT,0.6964,0.015,0.2886
CLUBS TWO CLUBS ACE,0.4022,0.0052,0.5926
CLUBS TWO DIAMONDS EIGHT,0.6968,0.0184,0.2848
DIAMONDS EIGHT HEARTS SEVEN,0.6522,0.0152,0.3326
HEARTS SIX DIAMONDS EIGHT,0.6576,0.0148,0.3276
DIAMONDS EIGHT HEARTS NINE,0.6862,0.06,0.2538
CLUBS TEN CLUBS TWO,0.675,0.016,0.309
DIAMONDS EIGHT HEARTS EIGHT,0.4644,0.0254,0.5102
CLUBS EIGHT DIAMONDS EIGHT,0.4572,0.027,0.5158
CLUBS FIVE DIAMONDS EIGHT,0.665,0.0154,0.3196
SPADES ACE SPADES THREE,0.4424,0.0044,0.5532
CLUBS FOUR DIAMONDS EIGHT,0.6878,0.0166,0.2956
SPADES QUEEN SPADES THREE,0.449,0.0108,0.5402
CLUBS SEVEN DIAMONDS EIGHT,0.6394,0.0204,0.3402
CLUBS SIX DIAMONDS EIGHT,0.6604,0.0146,0.325
SPADES KING SPADES THREE,0.4358,0.0074,0.5568
DIAMONDS QUEEN DIAMONDS EIGHT,0.433,0.0104,0.5566
HEARTS TWO DIAMONDS EIGHT,0.6882,0.0168,0.295
DIAMONDS KING DIAMONDS EIGHT,0.4374,0.0068,0.5558
HEARTS THREE DIAMONDS EIGHT,0.6994,0.016,0.2846
DIAMONDS ACE DIAMONDS EIGHT,0.4256,0.0056,0.5688
HEARTS FOUR DIAMONDS EIGHT,0.6786,0.015,0.3064
HEARTS FIVE DIAMONDS EIGHT,0.6776,0.0142,0.3082
DIAMONDS EIGHT DIAMONDS TEN,0.6108,0.0126,0.3766
DIAMONDS EIGHT DIAMONDS JACK,0.5822,0.1496,0.2682
SPADES JACK SPADES THREE,0.596,0.1512,0.2528
SPADES TEN SPADES THREE,0.6266,0.0158,0.3576
CLUBS FOUR HEARTS ACE,0.4584,0.0056,0.536
CLUBS FOUR HEARTS QUEEN,0.4774,0.011,0.5116
CLUBS FOUR HEARTS KING,0.4614,0.0066,0.532
CLUBS SIX HEARTS TEN,0.6546,0.0208,0.3246
CLUBS SIX HEARTS JACK,0.624,0.1652,0.2108
DIAMONDS EIGHT SPADES FOUR,0.6758,0.019,0.3052
SPADES FIVE DIAMONDS EIGHT,0.6754,0.0146,0.31
DIAMONDS EIGHT SPADES TWO,0.6964,0.0162,0.2874
DIAMONDS EIGHT SPADES THREE,0.6918,0.016,0.2922
CLUBS FOUR HEARTS JACK,0.6352,0.1548,0.21
SPADES EIGHT DIAMONDS EIGHT,0.4602,0.0262,0.5136
SPADES TEN DIAMONDS QUEEN,0.4038,0.0098,0.5864
SPADES TEN HEARTS TWO,0.679,0.0146,0.3064
SPADES JACK HEARTS EIGHT,0.6264,0.1536,0.22
CLUBS FOUR HEARTS TEN,0.6606,0.0168,0.3226
SPADES NINE DIAMONDS EIGHT,0.6974,0.059,0.2436
SPADES TEN HEARTS EIGHT,0.6542,0.0146,0.3312
SPADES JACK HEARTS TWO,0.6304,0.1546,0.215
SPADES JACK DIAMONDS QUEEN,0.2832,0.0386,0.6782
SPADES SIX DIAMONDS EIGHT,0.661,0.0176,0.3214
SPADES SEVEN DIAMONDS EIGHT,0.6494,0.0138,0.3368
SPADES ACE HEARTS TWO,0.4686,0.004,0.5274
SPADES ACE DIAMONDS QUEEN,0.3948,0.0054,0.5998
SPADES ACE HEARTS EIGHT,0.4476,0.0046,0.5478
SPADES KING HEARTS EIGHT,0.456,0.0082,0.5358
SPADES QUEEN HEARTS TWO,0.4822,0.0108,0.507
SPADES QUEEN DIAMONDS QUEEN,0.2056,0.0092,0.7852
SPADES KING DIAMONDS QUEEN,0.3774,0.0048,0.6178
SPADES KING HEARTS TWO,0.48,0.008,0.512
SPADES QUEEN HEARTS EIGHT,0.4508,0.0086,0.5406
CLUBS TWO HEARTS TEN,0.6694,0.0142,0.3164
CLUBS TWO HEARTS JACK,0.617,0.1688,0.2142
SPADES SEVEN DIAMONDS NINE,0.6972,0.055,0.2478
SPADES SIX DIAMONDS NINE,0.7176,0.0596,0.2228
SPADES NINE DIAMONDS NINE,0.3676,0.0328,0.5996
SPADES EIGHT DIAMONDS NINE,0.6934,0.0564,0.2502
SPADES TEN CLUBS KING,0.3974,0.008,0.5946
DIAMONDS NINE SPADES THREE,0.7284,0.0604,0.2112
SPADES JACK CLUBS KING,0.282,0.0292,0.6888
DIAMONDS NINE SPADES TWO,0.729,0.0636,0.2074
DIAMONDS NINE SPADES FIVE,0.7176,0.0566,0.2258
DIAMONDS NINE SPADES FOUR,0.723,0.0598,0.2172
CLUBS EIGHT DIAMONDS NINE,0.6916,0.0504,0.258
CLUBS SIX DIAMONDS NINE,0.7124,0.0598,0.2278
SPADES JACK CLUBS FOUR,0.614,0.1714,0.2146
SPADES TEN CLUBS FOUR,0.67,0.0164,0.3136
CLUBS SEVEN DIAMONDS NINE,0.6884,0.0614,0.2502
CLUBS FOUR DIAMONDS NINE,0.718,0.0606,0.2214
CLUBS FIVE DIAMONDS NINE,0.7148,0.0524,0.2328
CLUBS TWO DIAMONDS NINE,0.7196,0.0616,0.2188
CLUBS THREE DIAMONDS NINE,0.7142,0.056,0.2298
DIAMONDS NINE HEARTS EIGHT,0.6994,0.056,0.2446
DIAMONDS NINE HEARTS NINE,0.3382,0.0316,0.6302
HEARTS SIX DIAMONDS NINE,0.713,0.056,0.231
DIAMONDS NINE HEARTS SEVEN,0.685,0.057,0.258
DIAMONDS ACE DIAMONDS NINE,0.295,0.0152,0.6898
HEARTS FOUR DIAMONDS NINE,0.7346,0.0584,0.207
HEARTS FIVE DIAMONDS NINE,0.708,0.0562,0.2358
CLUBS TWO HEARTS ACE,0.4486,0.006,0.5454
SPADES ACE CLUBS FOUR,0.4646,0.0034,0.532
DIAMONDS QUEEN DIAMONDS NINE,0.2764,0.035,0.6886
HEARTS TWO DIAMONDS NINE,0.7232,0.0574,0.2194
CLUBS TWO HEARTS KING,0.4672,0.0074,0.5254
SPADES KING CLUBS FOUR,0.474,0.0072,0.5188
DIAMONDS KING DIAMONDS NINE,0.3004,0.0254,0.6742
HEARTS THREE DIAMONDS NINE,0.7256,0.0576,0.2168
CLUBS TWO HEARTS QUEEN,0.475,0.0132,0.5118
SPADES QUEEN CLUBS FOUR,0.4716,0.0086,0.5198
DIAMONDS NINE DIAMONDS JACK,0.0764,0.8556,0.068
CLUBS EIGHT SPADES NINE,0.6928,0.0512,0.256
DIAMONDS NINE DIAMONDS TEN,0.6744,0.0466,0.279
CLUBS EIGHT SPADES EIGHT,0.446,0.026,0.528
CLUBS EIGHT SPADES SEVEN,0.64,0.0182,0.3418
CLUBS EIGHT SPADES SIX,0.6586,0.017,0.3244
CLUBS EIGHT SPADES FIVE,0.6796,0.0154,0.305
CLUBS EIGHT SPADES FOUR,0.6688,0.0168,0.3144
CLUBS EIGHT SPADES THREE,0.7002,0.0188,0.281
CLUBS EIGHT SPADES TWO,0.6966,0.0166,0.2868
HEARTS SIX DIAMONDS TEN,0.656,0.0162,0.3278
DIAMONDS TEN HEARTS SEVEN,0.6608,0.0136,0.3256
DIAMONDS TEN HEARTS EIGHT,0.6418,0.0112,0.347
DIAMONDS TEN HEARTS NINE,0.7226,0.0474,0.23
CLUBS TEN CLUBS FOUR,0.6606,0.02,0.3194
CLUBS FOUR CLUBS KING,0.4218,0.0076,0.5706
CLUBS FOUR CLUBS QUEEN,0.4274,0.0122,0.5604
CLUBS TWO DIAMONDS TEN,0.6654,0.017,0.3176
CLUBS THREE DIAMONDS TEN,0.666,0.0148,0.3192
CLUBS FOUR CLUBS ACE,0.4162,0.008,0.5758
DIAMONDS JACK DIAMONDS TEN,0.2606,0.106,0.6334
DIAMONDS QUEEN DIAMONDS TEN,0.3794,0.0106,0.61
HEARTS TWO DIAMONDS TEN,0.6838,0.0144,0.3018
DIAMONDS KING DIAMONDS TEN,0.3846,0.0074,0.608
HEARTS THREE DIAMONDS TEN,0.665,0.0148,0.3202
DIAMONDS ACE DIAMONDS TEN,0.4034,0.0056,0.591
HEARTS FOUR DIAMONDS TEN,0.6754,0.015,0.3096
CLUBS EIGHT HEARTS JACK,0.6238,0.1608,0.2154
HEARTS FIVE DIAMONDS TEN,0.6622,0.0118,0.326
CLUBS EIGHT HEARTS TEN,0.646,0.0168,0.3372
CLUBS EIGHT HEARTS QUEEN,0.435,0.0124,0.5526
CLUBS EIGHT HEARTS KING,0.4626,0.0074,0.53
CLUBS EIGHT HEARTS ACE,0.4618,0.0026,0.5356
CLUBS TEN HEARTS EIGHT,0.6404,0.0156,0.344
CLUBS QUEEN HEARTS EIGHT,0.4484,0.0084,0.5432
CLUBS KING HEARTS EIGHT,0.4398,0.008,0.5522
CLUBS ACE HEARTS EIGHT,0.4494,0.0048,0.5458
SPADES KING CLUBS KING,0.2004,0.0086,0.791
SPADES QUEEN CLUBS KING,0.3696,0.009,0.6214
SPADES ACE CLUBS KING,0.3796,0.005,0.6154
DIAMONDS ACE HEARTS TEN,0.4146,0.0034,0.582
HEARTS FOUR HEARTS TEN,0.6318,0.0164,0.3518
DIAMONDS ACE HEARTS JACK,0.2938,0.0188,0.6874
HEARTS FOUR HEARTS JACK,0.5858,0.157,0.2572
SPADES KING CLUBS FIVE,0.4528,0.01,0.5372
SPADES QUEEN CLUBS FIVE,0.4564,0.0122,0.5314
SPADES ACE CLUBS FIVE,0.4572,0.0056,0.5372
DIAMONDS JACK HEARTS SEVEN,0.6316,0.157,0.2114
HEARTS SIX DIAMONDS JACK,0.6198,0.162,0.2182
DIAMONDS JACK HEARTS NINE,0.072,0.9066,0.0214
DIAMONDS JACK HEARTS EIGHT,0.631,0.1526,0.2164
DIAMONDS KING DIAMONDS JACK,0.2758,0.035,0.6892
HEARTS THREE DIAMONDS JACK,0.6382,0.1484,0.2134
SPADES ACE SPADES SIX,0.4388,0.005,0.5562
HEARTS ACE SPADES FOUR,0.4702,0.003,0.5268
DIAMONDS QUEEN DIAMONDS JACK,0.2734,0.0386,0.688
HEARTS TWO DIAMONDS JACK,0.6344,0.154,0.2116
HEARTS FIVE DIAMONDS JACK,0.625,0.1548,0.2202
SPADES QUEEN SPADES SIX,0.4324,0.0128,0.5548
SPADES FOUR HEARTS QUEEN,0.477,0.0088,0.5142
DIAMONDS ACE DIAMONDS JACK,0.2876,0.018,0.6944
HEARTS FOUR DIAMONDS JACK,0.6336,0.163,0.2034
SPADES KING SPADES SIX,0.44,0.007,0.553
HEARTS KING SPADES FOUR,0.4604,0.0072,0.5324
SPADES TEN SPADES SIX,0.6236,0.0152,0.3612
SPADES JACK SPADES SIX,0.5854,0.161,0.2536
SPADES FOUR DIAMONDS JACK,0.621,0.1556,0.2234
SPADES FIVE DIAMONDS JACK,0.6232,0.1592,0.2176
DIAMONDS JACK SPADES TWO,0.6268,0.163,0.2102
DIAMONDS JACK SPADES THREE,0.639,0.157,0.204
SPADES ACE DIAMONDS THREE,0.4602,0.0048,0.535
SPADES QUEEN DIAMONDS THREE,0.4814,0.0122,0.5064
CLUBS EIGHT DIAMONDS JACK,0.6292,0.156,0.2148
SPADES KING DIAMONDS THREE,0.4738,0.0074,0.5188
CLUBS SIX DIAMONDS JACK,0.6148,0.1622,0.223
CLUBS SEVEN DIAMONDS JACK,0.6112,0.167,0.2218
CLUBS FOUR DIAMONDS JACK,0.6264,0.1584,0.2152
CLUBS FIVE DIAMONDS JACK,0.6154,0.161,0.2236
CLUBS TWO DIAMONDS JACK,0.62,0.1668,0.2132
CLUBS THREE DIAMONDS JACK,0.6296,0.1574,0.213
SPADES TEN CLUBS FIVE,0.6774,0.0172,0.3054
HEARTS SIX SPADES JACK,0.634,0.1578,0.2082
HEARTS SIX SPADES TEN,0.6596,0.0112,0.3292
SPADES JACK CLUBS FIVE,0.6244,0.1586,0.217
SPADES JACK DIAMONDS THREE,0.6258,0.1492,0.225
CLUBS SEVEN CLUBS ACE,0.412,0.0052,0.5828
DIAMONDS THREE SPADES TEN,0.683,0.0148,0.3022
CLUBS SEVEN CLUBS QUEEN,0.4088,0.0116,0.5796
CLUBS SEVEN CLUBS KING,0.3964,0.008,0.5956
SPADES NINE DIAMONDS JACK,0.0668,0.9138,0.0194
CLUBS TEN CLUBS SEVEN,0.6528,0.0142,0.333
DIAMONDS ACE HEARTS ACE,0.2078,0.0024,0.7898
HEARTS FOUR HEARTS ACE,0.44,0.004,0.556
SPADES EIGHT DIAMONDS JACK,0.616,0.1634,0.2206
SPADES ACE HEARTS SIX,0.4564,0.0042,0.5394
DIAMONDS ACE HEARTS KING,0.387,0.0034,0.6096
HEARTS FOUR HEARTS KING,0.4516,0.0084,0.54
SPADES SEVEN DIAMONDS JACK,0.6344,0.1464,0.2192
SPADES KING HEARTS SIX,0.4758,0.0038,0.5204
DIAMONDS ACE HEARTS QUEEN,0.3924,0.0058,0.6018
HEARTS FOUR HEARTS QUEEN,0.4472,0.0084,0.5444
SPADES QUEEN HEARTS SIX,0.4698,0.0082,0.522
SPADES SIX DIAMONDS JACK,0.6236,0.1656,0.2108
DIAMONDS TEN SPADES TWO,0.678,0.0152,0.3068
SPADES THREE DIAMONDS TEN,0.6706,0.016,0.3134
SPADES FOUR DIAMONDS TEN,0.674,0.013,0.313
SPADES FIVE DIAMONDS TEN,0.6738,0.0144,0.3118
SPADES SIX DIAMONDS TEN,0.6646,0.0116,0.3238
SPADES SEVEN DIAMONDS TEN,0.647,0.0142,0.3388
SPADES EIGHT DIAMONDS TEN,0.6558,0.0154,0.3288
SPADES NINE DIAMONDS TEN,0.7022,0.0514,0.2464
CLUBS FOUR DIAMONDS TEN,0.6684,0.017,0.3146
CLUBS FIVE DIAMONDS TEN,0.6732,0.0152,0.3116
CLUBS SIX DIAMONDS TEN,0.6556,0.018,0.3264
CLUBS SEVEN DIAMONDS TEN,0.6394,0.0188,0.3418
CLUBS EIGHT DIAMONDS TEN,0.6398,0.0156,0.3446
CLUBS TEN DIAMONDS THREE,0.6796,0.0172,0.3032
DIAMONDS THREE CLUBS KING,0.4704,0.0094,0.5202
DIAMONDS THREE CLUBS QUEEN,0.4692,0.0108,0.52
DIAMONDS THREE CLUBS ACE,0.458,0.0058,0.5362
SPADES FOUR HEARTS JACK,0.6332,0.1486,0.2182
SPADES FOUR HEARTS TEN,0.667,0.016,0.317
SPADES FIVE SPADES TWO,0.62,0.0204,0.3596
SPADES FOUR SPADES TWO,0.6288,0.0154,0.3558
SPADES THREE SPADES TWO,0.6184,0.0142,0.3674
SPADES NINE SPADES TWO,0.6972,0.0576,0.2452
SPADES EIGHT SPADES TWO,0.6438,0.0146,0.3416
SPADES SEVEN SPADES TWO,0.6386,0.0178,0.3436
SPADES SIX SPADES TWO,0.6348,0.0174,0.3478
DIAMONDS QUEEN CLUBS THREE,0.458,0.0138,0.5282
HEARTS TWO CLUBS THREE,0.6682,0.0188,0.313
DIAMONDS QUEEN CLUBS TWO,0.476,0.0092,0.5148
CLUBS TWO HEARTS TWO,0.506,0.032,0.462
DIAMONDS QUEEN HEARTS SEVEN,0.4616,0.011,0.5274
HEARTS TWO HEARTS SEVEN,0.647,0.016,0.337
HEARTS SIX DIAMONDS QUEEN,0.4612,0.0094,0.5294
HEARTS SIX HEARTS TWO,0.6374,0.0178,0.3448
DIAMONDS QUEEN HEARTS NINE,0.2942,0.0402,0.6656
HEARTS TWO HEARTS NINE,0.6894,0.0614,0.2492
DIAMONDS QUEEN HEARTS EIGHT,0.4474,0.0106,0.542
HEARTS TWO HEARTS EIGHT,0.6562,0.0166,0.3272
CLUBS EIGHT HEARTS TWO,0.693,0.0198,0.2872
CLUBS EIGHT DIAMONDS QUEEN,0.4458,0.0132,0.541
CLUBS FIVE DIAMONDS QUEEN,0.4506,0.0112,0.5382
CLUBS FIVE HEARTS TWO,0.6544,0.0176,0.328
SPADES EIGHT HEARTS ACE,0.4566,0.0024,0.541
CLUBS FOUR DIAMONDS QUEEN,0.4776,0.0116,0.5108
CLUBS FOUR HEARTS TWO,0.6618,0.0182,0.32
SPADES EIGHT HEARTS QUEEN,0.4592,0.008,0.5328
CLUBS SEVEN HEARTS TWO,0.7006,0.0182,0.2812
CLUBS SEVEN DIAMONDS QUEEN,0.4554,0.0124,0.5322
CLUBS SIX DIAMONDS QUEEN,0.4572,0.0098,0.533
CLUBS SIX HEARTS TWO,0.6686,0.0162,0.3152
SPADES EIGHT HEARTS KING,0.4604,0.0082,0.5314
HEARTS TWO SPADES SIX,0.6718,0.0154,0.3128
DIAMONDS QUEEN SPADES SIX,0.476,0.0102,0.5138
HEARTS FOUR CLUBS QUEEN,0.4436,0.0118,0.5446
DIAMONDS ACE CLUBS QUEEN,0.3876,0.0048,0.6076
DIAMONDS QUEEN SPADES SEVEN,0.4588,0.0112,0.53
HEARTS TWO SPADES SEVEN,0.6958,0.0164,0.2878
HEARTS FOUR CLUBS KING,0.4648,0.0058,0.5294
DIAMONDS ACE CLUBS KING,0.3794,0.005,0.6156
DIAMONDS QUEEN SPADES EIGHT,0.4492,0.0088,0.542
SPADES EIGHT HEARTS TWO,0.6948,0.0174,0.2878
HEARTS FOUR CLUBS ACE,0.453,0.0048,0.5422
DIAMONDS ACE CLUBS ACE,0.2006,0.0038,0.7956
SPADES NINE DIAMONDS QUEEN,0.2954,0.0404,0.6642
SPADES NINE HEARTS TWO,0.7372,0.0606,0.2022
HEARTS TWO SPADES TWO,0.499,0.0308,0.4702
DIAMONDS QUEEN SPADES TWO,0.4772,0.0126,0.5102
HEARTS TWO SPADES THREE,0.6548,0.0212,0.324
DIAMONDS QUEEN SPADES THREE,0.4816,0.0084,0.51
HEARTS TWO SPADES FOUR,0.6646,0.0168,0.3186
DIAMONDS QUEEN SPADES FOUR,0.4654,0.0094,0.5252
HEARTS FOUR CLUBS TEN,0.6794,0.0114,0.3092
CLUBS TEN DIAMONDS ACE,0.421,0.0044,0.5746
HEARTS TWO SPADES FIVE,0.6562,0.017,0.3268
DIAMONDS QUEEN SPADES FIVE,0.4736,0.009,0.5174
CLUBS FIVE CLUBS KING,0.4154,0.0092,0.5754
CLUBS FIVE CLUBS QUEEN,0.4174,0.0122,0.5704
CLUBS FIVE CLUBS ACE,0.4128,0.0054,0.5818
CLUBS TEN CLUBS FIVE,0.6652,0.0224,0.3124
SPADES SIX CLUBS KING,0.4536,0.0054,0.541
SPADES SIX CLUBS QUEEN,0.4644,0.0104,0.5252
SPADES EIGHT HEARTS JACK,0.6298,0.154,0.2162
SPADES SIX CLUBS ACE,0.4612,0.0058,0.533
SPADES EIGHT HEARTS TEN,0.6388,0.0134,0.3478
CLUBS TEN SPADES SIX,0.6522,0.0142,0.3336
SPADES QUEEN CLUBS SEVEN,0.4514,0.011,0.5376
SPADES KING CLUBS SEVEN,0.4576,0.0078,0.5346
SPADES ACE CLUBS SEVEN,0.4462,0.0058,0.548
SPADES SIX HEARTS TEN,0.6608,0.0172,0.322
SPADES SIX HEARTS JACK,0.6212,0.1606,0.2182
SPADES SIX HEARTS ACE,0.4646,0.0048,0.5306
SPADES SIX HEARTS KING,0.4694,0.0066,0.524
SPADES SIX HEARTS QUEEN,0.4678,0.0096,0.5226
SPADES JACK CLUBS SEVEN,0.63,0.1594,0.2106
CLUBS SEVEN SPADES TEN,0.6412,0.018,0.3408
CLUBS TEN HEARTS SIX,0.6694,0.013,0.3176
HEARTS SIX CLUBS QUEEN,0.4634,0.0116,0.525
HEARTS SIX CLUBS KING,0.4642,0.0068,0.529
HEARTS SIX CLUBS ACE,0.4518,0.0044,0.5438
DIAMONDS THREE HEARTS ACE,0.4754,0.0042,0.5204
DIAMONDS THREE HEARTS QUEEN,0.4794,0.0118,0.5088
DIAMONDS THREE HEARTS KING,0.4786,0.0088,0.5126
CLUBS FIVE HEARTS JACK,0.6124,0.164,0.2236
SPADES TEN DIAMONDS ACE,0.4166,0.0032,0.5802
HEARTS FOUR SPADES TEN,0.6722,0.0184,0.3094
CLUBS FIVE HEARTS TEN,0.6818,0.0166,0.3016
HEARTS FOUR SPADES JACK,0.632,0.16,0.208
SPADES JACK DIAMONDS ACE,0.3006,0.021,0.6784
SPADES ACE HEARTS FOUR,0.4598,0.0034,0.5368
SPADES ACE DIAMONDS ACE,0.2108,0.003,0.7862
CLUBS FIVE HEARTS ACE,0.4558,0.0046,0.5396
CLUBS FIVE HEARTS KING,0.4466,0.0074,0.546
HEARTS FOUR SPADES QUEEN,0.4656,0.0106,0.5238
SPADES QUEEN DIAMONDS ACE,0.3824,0.0052,0.6124
CLUBS FIVE HEARTS QUEEN,0.4508,0.0122,0.537
SPADES KING DIAMONDS ACE,0.399,0.0056,0.5954
HEARTS FOUR SPADES KING,0.4656,0.0042,0.5302
CLUBS TEN SPADES FOUR,0.6736,0.0178,0.3086
DIAMONDS QUEEN DIAMONDS ACE,0.3716,0.0042,0.6242
HEARTS TWO DIAMONDS ACE,0.4616,0.0048,0.5336
HEARTS FOUR DIAMONDS QUEEN,0.4802,0.0096,0.5102
HEARTS FOUR HEARTS TWO,0.6248,0.0138,0.3614
DIAMONDS THREE HEARTS TEN,0.6714,0.0142,0.3144
SPADES FOUR CLUBS KING,0.4622,0.0072,0.5306
HEARTS FIVE DIAMONDS QUEEN,0.476,0.0096,0.5144
HEARTS FIVE HEARTS TWO,0.6162,0.0186,0.3652
DIAMONDS THREE HEARTS JACK,0.6326,0.1612,0.2062
SPADES FOUR CLUBS QUEEN,0.46,0.012,0.528
DIAMONDS QUEEN HEARTS TWO,0.4832,0.0114,0.5054
DIAMONDS KING DIAMONDS QUEEN,0.3648,0.0064,0.6288
DIAMONDS KING HEARTS TWO,0.4634,0.0076,0.529
HEARTS THREE DIAMONDS QUEEN,0.4706,0.0102,0.5192
HEARTS THREE HEARTS TWO,0.6204,0.0168,0.3628
SPADES FOUR CLUBS ACE,0.4596,0.0036,0.5368
HEARTS TWO CLUBS ACE,0.4482,0.0068,0.545
DIAMONDS QUEEN CLUBS ACE,0.3584,0.0042,0.6374
HEARTS TWO CLUBS QUEEN,0.4688,0.0128,0.5184
DIAMONDS QUEEN CLUBS QUEEN,0.1918,0.0094,0.7988
HEARTS TWO CLUBS KING,0.467,0.0078,0.5252
DIAMONDS QUEEN CLUBS KING,0.3672,0.009,0.6238
SPADES EIGHT SPADES FIVE,0.6226,0.0166,0.3608
CLUBS TEN HEARTS TWO,0.6756,0.0184,0.306
CLUBS TEN DIAMONDS QUEEN,0.3808,0.0098,0.6094
SPADES NINE SPADES FIVE,0.6756,0.0546,0.2698
SPADES SIX SPADES FIVE,0.604,0.0166,0.3794
SPADES SEVEN SPADES FIVE,0.6014,0.0172,0.3814
DIAMONDS FIVE CLUBS QUEEN,0.4698,0.0112,0.519
SPADES EIGHT CLUBS ACE,0.4484,0.004,0.5476
DIAMONDS FIVE CLUBS KING,0.464,0.0062,0.5298
SPADES EIGHT CLUBS KING,0.4452,0.0086,0.5462
DIAMONDS FIVE CLUBS ACE,0.4362,0.0046,0.5592
SPADES EIGHT CLUBS QUEEN,0.443,0.0108,0.5462
CLUBS TEN SPADES EIGHT,0.643,0.0178,0.3392
CLUBS TEN DIAMONDS FIVE,0.676,0.02,0.304
HEARTS JACK DIAMONDS TEN,0.2734,0.1174,0.6092
DIAMONDS TEN HEARTS TEN,0.3258,0.0248,0.6494
HEARTS SIX HEARTS KING,0.4386,0.0052,0.5562
DIAMONDS KING SPADES SEVEN,0.4494,0.0062,0.5444
HEARTS THREE SPADES SEVEN,0.6762,0.0164,0.3074
SPADES KING DIAMONDS SEVEN,0.4682,0.0054,0.5264
HEARTS SIX HEARTS QUEEN,0.4446,0.0062,0.5492
SPADES QUEEN DIAMONDS SEVEN,0.452,0.0094,0.5386
HEARTS THREE SPADES SIX,0.6656,0.0148,0.3196
DIAMONDS KING SPADES SIX,0.471,0.007,0.522
DIAMONDS KING SPADES NINE,0.3118,0.0304,0.6578
HEARTS THREE SPADES NINE,0.729,0.0606,0.2104
HEARTS SIX HEARTS ACE,0.4452,0.0042,0.5506
DIAMONDS KING SPADES EIGHT,0.4598,0.0054,0.5348
HEARTS THREE SPADES EIGHT,0.6938,0.0166,0.2896
SPADES ACE DIAMONDS SEVEN,0.4482,0.0042,0.5476
CLUBS EIGHT HEARTS THREE,0.6904,0.0162,0.2934
