opposingHand,winningChance,drawChance,lostChance
CLUBS NINE HEARTS FOUR
HEARTS FIVE SPADES TEN,0.3568,0.0268,0.6164
HEARTS FIVE SPADES JACK,0.3436,0.0176,0.6388
CLUBS JACK SPADES FIVE,0.361,0.0204,0.6186
CLUBS TEN SPADES FIVE,0.3544,0.0306,0.615
CLUBS JACK CLUBS EIGHT,0.3064,0.0144,0.6792
CLUBS TEN CLUBS EIGHT,0.31,0.0224,0.6676
CLUBS EIGHT CLUBS KING,0.3448,0.005,0.6502
SPADES FIVE CLUBS ACE,0.342,0.0052,0.6528
CLUBS EIGHT CLUBS QUEEN,0.3242,0.0116,0.6642
SPADES FIVE CLUBS KING,0.3578,0.007,0.6352
SPADES FIVE CLUBS QUEEN,0.3422,0.0132,0.6446
CLUBS EIGHT CLUBS ACE,0.3336,0.0046,0.6618
DIAMONDS TWO DIAMONDS THREE,0.5548,0.0466,0.3986
DIAMONDS TWO DIAMONDS FIVE,0.5444,0.0428,0.4128
HEARTS FIVE SPADES KING,0.3494,0.012,0.6386
DIAMONDS TWO DIAMONDS FOUR,0.5974,0.1004,0.3022
HEARTS FIVE SPADES QUEEN,0.3436,0.015,0.6414
DIAMONDS TWO DIAMONDS SEVEN,0.5746,0.0424,0.383
DIAMONDS TWO DIAMONDS SIX,0.5556,0.0408,0.4036
SPADES ACE HEARTS FIVE,0.3322,0.0032,0.6646
DIAMONDS TWO DIAMONDS NINE,0.2504,0.4846,0.265
DIAMONDS TWO DIAMONDS EIGHT,0.5808,0.0356,0.3836
DIAMONDS THREE DIAMONDS FOUR,0.5608,0.1084,0.3308
CLUBS TWO SPADES FOUR,0.639,0.104,0.257
DIAMONDS THREE DIAMONDS FIVE,0.5442,0.0402,0.4156
SPADES FIVE CLUBS TWO,0.5906,0.0496,0.3598
CLUBS TWO SPADES TWO,0.3692,0.0878,0.543
CLUBS TWO SPADES THREE,0.6126,0.046,0.3414
DIAMONDS THREE DIAMONDS EIGHT,0.5664,0.0424,0.3912
SPADES EIGHT CLUBS TWO,0.599,0.0432,0.3578
DIAMONDS THREE DIAMONDS NINE,0.2438,0.4872,0.269
SPADES NINE CLUBS TWO,0.2642,0.526,0.2098
DIAMONDS THREE DIAMONDS SIX,0.5528,0.0386,0.4086
SPADES SIX CLUBS TWO,0.6044,0.0436,0.352
DIAMONDS THREE DIAMONDS SEVEN,0.5638,0.0436,0.3926
SPADES SEVEN CLUBS TWO,0.6036,0.0496,0.3468
CLUBS SIX CLUBS TWO,0.5636,0.044,0.3924
CLUBS SEVEN CLUBS TWO,0.5948,0.039,0.3662
CLUBS FOUR CLUBS TWO,0.602,0.1142,0.2838
CLUBS FIVE CLUBS TWO,0.5524,0.0488,0.3988
CLUBS TEN CLUBS JACK,0.2846,0.0152,0.7002
DIAMONDS FOUR DIAMONDS SIX,0.5814,0.1,0.3186
CLUBS TEN CLUBS QUEEN,0.287,0.012,0.701
DIAMONDS FOUR DIAMONDS SEVEN,0.5804,0.0972,0.3224
CLUBS TEN CLUBS KING,0.3094,0.0074,0.6832
CLUBS TEN CLUBS ACE,0.3142,0.004,0.6818
CLUBS EIGHT CLUBS TWO,0.5784,0.0396,0.382
DIAMONDS FIVE DIAMONDS FOUR,0.5618,0.1012,0.337
DIAMONDS NINE DIAMONDS FOUR,0.0244,0.9036,0.072
DIAMONDS EIGHT DIAMONDS FOUR,0.6074,0.0964,0.2962
CLUBS THREE CLUBS TWO,0.5874,0.0466,0.366
DIAMONDS NINE DIAMONDS FIVE,0.1946,0.4294,0.376
CLUBS JACK DIAMONDS TWO,0.4014,0.0196,0.579
DIAMONDS EIGHT DIAMONDS FIVE,0.5132,0.0394,0.4474
CLUBS TEN DIAMONDS TWO,0.3752,0.0324,0.5924
DIAMONDS FIVE DIAMONDS SEVEN,0.518,0.039,0.443
DIAMONDS FIVE DIAMONDS SIX,0.49,0.0424,0.4676
DIAMONDS TWO CLUBS ACE,0.3844,0.0042,0.6114
DIAMONDS TWO CLUBS KING,0.3884,0.0076,0.604
DIAMONDS TWO CLUBS QUEEN,0.3858,0.0118,0.6024
DIAMONDS EIGHT DIAMONDS SIX,0.501,0.0414,0.4576
DIAMONDS NINE DIAMONDS SIX,0.2018,0.3548,0.4434
HEARTS ACE SPADES THREE,0.372,0.0062,0.6218
SPADES THREE HEARTS KING,0.38,0.0074,0.6126
DIAMONDS SEVEN DIAMONDS SIX,0.5046,0.0368,0.4586
HEARTS QUEEN SPADES THREE,0.3724,0.0136,0.614
SPADES THREE HEARTS JACK,0.3856,0.0188,0.5956
SPADES THREE HEARTS TEN,0.384,0.0272,0.5888
DIAMONDS EIGHT DIAMONDS SEVEN,0.4896,0.0374,0.473
DIAMONDS NINE DIAMONDS SEVEN,0.1948,0.282,0.5232
DIAMONDS NINE DIAMONDS EIGHT,0.2074,0.2128,0.5798
DIAMONDS KING HEARTS TEN,0.3134,0.0066,0.68
HEARTS THREE HEARTS TEN,0.3662,0.0254,0.6084
SPADES JACK CLUBS SIX,0.3612,0.0198,0.619
DIAMONDS KING HEARTS JACK,0.3174,0.0056,0.677
HEARTS THREE HEARTS JACK,0.365,0.0218,0.6132
SPADES TEN CLUBS SIX,0.3442,0.0248,0.631
SPADES JACK SPADES FIVE,0.325,0.0192,0.6558
SPADES TEN SPADES FIVE,0.3246,0.0252,0.6502
DIAMONDS KING HEARTS ACE,0.3284,0.0054,0.6662
HEARTS THREE HEARTS ACE,0.3636,0.0056,0.6308
SPADES ACE CLUBS SIX,0.368,0.0034,0.6286
DIAMONDS KING HEARTS QUEEN,0.3186,0.0092,0.6722
HEARTS THREE HEARTS QUEEN,0.3712,0.01,0.6188
SPADES KING CLUBS SIX,0.3678,0.0076,0.6246
DIAMONDS KING HEARTS KING,0.1376,0.0108,0.8516
HEARTS THREE HEARTS KING,0.3716,0.0068,0.6216
SPADES QUEEN CLUBS SIX,0.3592,0.0108,0.63
SPADES NINE HEARTS TEN,0.2108,0.0748,0.7144
SPADES NINE HEARTS JACK,0.2198,0.0594,0.7208
SPADES QUEEN SPADES FIVE,0.3424,0.0112,0.6464
SPADES KING SPADES FIVE,0.334,0.0102,0.6558
SPADES ACE SPADES FIVE,0.3172,0.004,0.6788
SPADES NINE HEARTS QUEEN,0.2156,0.0512,0.7332
SPADES NINE HEARTS KING,0.2196,0.0338,0.7466
SPADES NINE HEARTS ACE,0.2216,0.0304,0.748
CLUBS TEN SPADES JACK,0.288,0.0138,0.6982
CLUBS TEN SPADES TEN,0.1392,0.04,0.8208
SPADES ACE CLUBS TEN,0.3212,0.0032,0.6756
CLUBS TEN SPADES KING,0.3208,0.0068,0.6724
CLUBS TEN SPADES QUEEN,0.2998,0.0112,0.689
SPADES FIVE HEARTS QUEEN,0.349,0.0116,0.6394
SPADES FIVE HEARTS KING,0.3502,0.0096,0.6402
HEARTS ACE SPADES FIVE,0.3414,0.0034,0.6552
CLUBS EIGHT SPADES TEN,0.3308,0.0248,0.6444
HEARTS THREE SPADES JACK,0.3902,0.021,0.5888
SPADES JACK DIAMONDS KING,0.3242,0.0052,0.6706
SPADES TEN DIAMONDS KING,0.322,0.0062,0.6718
HEARTS THREE SPADES TEN,0.3812,0.0314,0.5874
SPADES JACK CLUBS EIGHT,0.3416,0.0182,0.6402
CLUBS SIX HEARTS ACE,0.3566,0.0056,0.6378
SPADES ACE CLUBS EIGHT,0.343,0.0042,0.6528
HEARTS FIVE CLUBS JACK,0.3406,0.0208,0.6386
CLUBS TEN HEARTS FIVE,0.3404,0.0314,0.6282
CLUBS SIX HEARTS QUEEN,0.3604,0.0122,0.6274
SPADES QUEEN CLUBS EIGHT,0.3458,0.0104,0.6438
CLUBS TEN SPADES THREE,0.3874,0.0268,0.5858
CLUBS SIX HEARTS KING,0.3592,0.007,0.6338
SPADES KING CLUBS EIGHT,0.3682,0.0078,0.624
CLUBS JACK SPADES THREE,0.3958,0.0194,0.5848
DIAMONDS TWO HEARTS JACK,0.3836,0.0158,0.6006
SPADES THREE CLUBS QUEEN,0.3682,0.0142,0.6176
DIAMONDS TWO HEARTS TEN,0.3792,0.032,0.5888
SPADES THREE CLUBS KING,0.391,0.0082,0.6008
HEARTS FIVE CLUBS ACE,0.3314,0.0046,0.664
SPADES FIVE HEARTS TEN,0.3388,0.032,0.6292
SPADES THREE CLUBS ACE,0.3558,0.007,0.6372
HEARTS FIVE CLUBS KING,0.355,0.0094,0.6356
SPADES FIVE HEARTS JACK,0.3402,0.0208,0.639
HEARTS FIVE CLUBS QUEEN,0.3362,0.015,0.6488
HEARTS THREE CLUBS KING,0.3942,0.0084,0.5974
DIAMONDS KING CLUBS KING,0.1262,0.0134,0.8604
HEARTS THREE CLUBS QUEEN,0.3914,0.0144,0.5942
DIAMONDS KING CLUBS QUEEN,0.3254,0.0062,0.6684
HEARTS FIVE HEARTS JACK,0.3328,0.0184,0.6488
HEARTS FIVE HEARTS TEN,0.3312,0.0282,0.6406
HEARTS THREE CLUBS ACE,0.374,0.0066,0.6194
DIAMONDS KING CLUBS ACE,0.3282,0.004,0.6678
SPADES ACE CLUBS QUEEN,0.3152,0.0038,0.681
SPADES KING CLUBS QUEEN,0.313,0.0074,0.6796
CLUBS JACK HEARTS THREE,0.3874,0.0232,0.5894
CLUBS JACK DIAMONDS KING,0.3066,0.0064,0.687
SPADES QUEEN CLUBS QUEEN,0.1274,0.0206,0.852
CLUBS TEN HEARTS THREE,0.3794,0.0318,0.5888
CLUBS TEN DIAMONDS KING,0.3138,0.0088,0.6774
SPADES JACK CLUBS QUEEN,0.3066,0.0104,0.683
CLUBS SIX CLUBS QUEEN,0.3314,0.0162,0.6524
SPADES TEN CLUBS QUEEN,0.2974,0.0118,0.6908
CLUBS SIX CLUBS KING,0.3458,0.0086,0.6456
CLUBS SIX CLUBS ACE,0.3378,0.007,0.6552
HEARTS FIVE HEARTS KING,0.3458,0.0084,0.6458
HEARTS FIVE HEARTS QUEEN,0.334,0.0128,0.6532
CLUBS TEN CLUBS SIX,0.316,0.0274,0.6566
HEARTS FIVE HEARTS ACE,0.3196,0.0054,0.675
CLUBS JACK CLUBS SIX,0.3476,0.016,0.6364
SPADES SEVEN HEARTS JACK,0.3354,0.0186,0.646
SPADES SEVEN HEARTS TEN,0.3306,0.0306,0.6388
DIAMONDS TWO CLUBS TWO,0.375,0.0844,0.5406
DIAMONDS TWO CLUBS THREE,0.6118,0.0452,0.343
DIAMONDS TWO HEARTS SIX,0.585,0.0462,0.3688
DIAMONDS TWO HEARTS QUEEN,0.3884,0.012,0.5996
HEARTS SEVEN DIAMONDS TWO,0.606,0.0462,0.3478
DIAMONDS TWO HEARTS KING,0.38,0.0086,0.6114
DIAMONDS TWO HEARTS EIGHT,0.5994,0.0416,0.359
DIAMONDS TWO HEARTS ACE,0.3648,0.006,0.6292
DIAMONDS TWO HEARTS NINE,0.2688,0.5172,0.214
DIAMONDS TWO DIAMONDS QUEEN,0.3604,0.0128,0.6268
DIAMONDS TWO HEARTS TWO,0.3778,0.0918,0.5304
DIAMONDS TWO DIAMONDS KING,0.3596,0.0092,0.6312
HEARTS THREE DIAMONDS TWO,0.6,0.0506,0.3494
DIAMONDS TWO DIAMONDS ACE,0.3574,0.0036,0.639
HEARTS FIVE DIAMONDS TWO,0.577,0.045,0.378
SPADES SEVEN HEARTS ACE,0.3526,0.005,0.6424
DIAMONDS TWO DIAMONDS TEN,0.3638,0.0228,0.6134
SPADES SEVEN HEARTS KING,0.365,0.007,0.628
DIAMONDS TWO DIAMONDS JACK,0.3662,0.016,0.6178
SPADES SEVEN HEARTS QUEEN,0.3476,0.0142,0.6382
DIAMONDS TWO SPADES NINE,0.2678,0.5028,0.2294
DIAMONDS TWO SPADES EIGHT,0.5986,0.0446,0.3568
DIAMONDS TWO SPADES SEVEN,0.6116,0.0432,0.3452
DIAMONDS TWO SPADES SIX,0.5958,0.0412,0.363
DIAMONDS TWO SPADES FIVE,0.5678,0.0504,0.3818
DIAMONDS TWO SPADES FOUR,0.643,0.1078,0.2492
DIAMONDS TWO SPADES THREE,0.609,0.0484,0.3426
DIAMONDS TWO SPADES TWO,0.3702,0.0952,0.5346
DIAMONDS TWO CLUBS EIGHT,0.5926,0.0476,0.3598
CLUBS SEVEN DIAMONDS TWO,0.6068,0.0432,0.35
DIAMONDS TWO CLUBS SIX,0.5922,0.051,0.3568
DIAMONDS TWO CLUBS FIVE,0.5856,0.0482,0.3662
DIAMONDS TWO CLUBS FOUR,0.6378,0.1022,0.26
CLUBS FOUR SPADES FIVE,0.6102,0.1062,0.2836
CLUBS FOUR SPADES FOUR,0.2806,0.0616,0.6578
CLUBS FOUR SPADES THREE,0.6152,0.1074,0.2774
CLUBS FOUR SPADES TWO,0.641,0.1056,0.2534
SPADES NINE CLUBS FOUR,0.0182,0.972,0.0098
SPADES EIGHT CLUBS FOUR,0.6386,0.1072,0.2542
SPADES SEVEN CLUBS FOUR,0.6232,0.1056,0.2712
CLUBS FOUR SPADES SIX,0.6174,0.1016,0.281
SPADES ACE DIAMONDS SIX,0.3576,0.0034,0.639
SPADES QUEEN DIAMONDS SIX,0.3606,0.01,0.6294
SPADES KING DIAMONDS SIX,0.3616,0.0058,0.6326
SPADES TEN DIAMONDS SIX,0.3446,0.0252,0.6302
SPADES JACK DIAMONDS SIX,0.359,0.0164,0.6246
SPADES QUEEN SPADES TWO,0.3684,0.0138,0.6178
SPADES KING SPADES TWO,0.3638,0.0082,0.628
SPADES ACE SPADES TWO,0.3608,0.0046,0.6346
CLUBS JACK DIAMONDS JACK,0.1328,0.032,0.8352
CLUBS TEN DIAMONDS JACK,0.2984,0.0126,0.689
DIAMONDS JACK CLUBS KING,0.313,0.0052,0.6818
DIAMONDS JACK CLUBS QUEEN,0.315,0.0086,0.6764
DIAMONDS THREE DIAMONDS JACK,0.3626,0.018,0.6194
DIAMONDS THREE DIAMONDS TEN,0.362,0.0282,0.6098
DIAMONDS JACK CLUBS ACE,0.3204,0.0062,0.6734
DIAMONDS THREE DIAMONDS KING,0.361,0.0086,0.6304
HEARTS THREE DIAMONDS THREE,0.3728,0.088,0.5392
DIAMONDS THREE DIAMONDS QUEEN,0.3568,0.0142,0.629
DIAMONDS THREE HEARTS TWO,0.6074,0.0454,0.3472
HEARTS FIVE DIAMONDS THREE,0.5768,0.0452,0.378
DIAMONDS THREE DIAMONDS ACE,0.3552,0.0036,0.6412
HEARTS SEVEN DIAMONDS THREE,0.5894,0.043,0.3676
SPADES TEN SPADES NINE,0.2202,0.0712,0.7086
HEARTS SIX DIAMONDS THREE,0.583,0.0448,0.3722
SPADES JACK SPADES NINE,0.2082,0.061,0.7308
DIAMONDS THREE HEARTS NINE,0.2568,0.5242,0.219
HEARTS JACK DIAMONDS FOUR,0.2446,0.0536,0.7018
HEARTS ACE HEARTS KING,0.3208,0.0058,0.6734
SPADES TEN SPADES TWO,0.3674,0.0222,0.6104
DIAMONDS THREE HEARTS EIGHT,0.5858,0.049,0.3652
HEARTS TEN DIAMONDS FOUR,0.2342,0.0722,0.6936
SPADES JACK SPADES TWO,0.3682,0.0198,0.612
HEARTS QUEEN DIAMONDS FOUR,0.2352,0.0402,0.7246
HEARTS KING DIAMONDS FOUR,0.2504,0.037,0.7126
SPADES ACE SPADES NINE,0.2164,0.025,0.7586
HEARTS ACE DIAMONDS FOUR,0.2318,0.0184,0.7498
SPADES KING SPADES NINE,0.2096,0.0346,0.7558
SPADES QUEEN SPADES NINE,0.2192,0.047,0.7338
DIAMONDS THREE SPADES NINE,0.2622,0.5,0.2378
DIAMONDS THREE SPADES EIGHT,0.5932,0.046,0.3608
DIAMONDS THREE SPADES SEVEN,0.5952,0.0406,0.3642
DIAMONDS THREE SPADES SIX,0.5872,0.0456,0.3672
DIAMONDS THREE CLUBS SIX,0.591,0.0488,0.3602
CLUBS FIVE CLUBS SIX,0.5156,0.0428,0.4416
CLUBS ACE DIAMONDS FOUR,0.2388,0.023,0.7382
CLUBS SEVEN DIAMONDS THREE,0.591,0.048,0.361
CLUBS SEVEN CLUBS FIVE,0.5212,0.039,0.4398
DIAMONDS THREE CLUBS FOUR,0.6214,0.1132,0.2654
DIAMONDS FOUR CLUBS QUEEN,0.231,0.0456,0.7234
DIAMONDS THREE CLUBS FIVE,0.5734,0.0442,0.3824
DIAMONDS FOUR CLUBS KING,0.2472,0.033,0.7198
DIAMONDS THREE CLUBS TWO,0.6166,0.0496,0.3338
CLUBS TEN DIAMONDS FOUR,0.2326,0.0778,0.6896
DIAMONDS THREE CLUBS THREE,0.3724,0.0902,0.5374
CLUBS JACK DIAMONDS FOUR,0.2308,0.0614,0.7078
DIAMONDS THREE SPADES FOUR,0.6138,0.1026,0.2836
DIAMONDS THREE SPADES FIVE,0.5608,0.0482,0.391
DIAMONDS THREE SPADES TWO,0.5988,0.0462,0.355
DIAMONDS THREE SPADES THREE,0.3584,0.0898,0.5518
CLUBS EIGHT DIAMONDS THREE,0.6026,0.0432,0.3542
SPADES SEVEN CLUBS ACE,0.3558,0.0038,0.6404
SPADES SEVEN CLUBS QUEEN,0.3538,0.0116,0.6346
SPADES SEVEN CLUBS KING,0.3462,0.007,0.6468
CLUBS FIVE SPADES SEVEN,0.5418,0.046,0.4122
CLUBS TEN SPADES SEVEN,0.3274,0.028,0.6446
CLUBS FIVE SPADES SIX,0.5376,0.0436,0.4188
CLUBS JACK SPADES SEVEN,0.3492,0.0176,0.6332
CLUBS FIVE SPADES NINE,0.2092,0.4588,0.332
CLUBS FIVE SPADES EIGHT,0.5506,0.0456,0.4038
CLUBS FIVE SPADES THREE,0.575,0.0546,0.3704
CLUBS FIVE SPADES TWO,0.5876,0.0444,0.368
CLUBS FIVE SPADES FIVE,0.2824,0.0808,0.6368
CLUBS FIVE SPADES FOUR,0.6002,0.1096,0.2902
CLUBS EIGHT CLUBS FIVE,0.5296,0.0418,0.4286
CLUBS ACE CLUBS QUEEN,0.3166,0.0036,0.6798
CLUBS KING CLUBS QUEEN,0.3172,0.0078,0.675
DIAMONDS TEN DIAMONDS FOUR,0.2246,0.0784,0.697
CLUBS TEN DIAMONDS NINE,0.2064,0.0738,0.7198
DIAMONDS JACK DIAMONDS FOUR,0.2178,0.0546,0.7276
CLUBS JACK DIAMONDS NINE,0.2328,0.0568,0.7104
CLUBS JACK SPADES NINE,0.2218,0.0628,0.7154
CLUBS TEN SPADES NINE,0.2124,0.0776,0.71
DIAMONDS ACE DIAMONDS FOUR,0.2266,0.0216,0.7518
DIAMONDS JACK HEARTS TEN,0.299,0.0134,0.6876
SPADES NINE CLUBS KING,0.2202,0.0342,0.7456
DIAMONDS TWO SPADES TEN,0.3824,0.0252,0.5924
DIAMONDS NINE CLUBS ACE,0.235,0.027,0.738
HEARTS FIVE DIAMONDS FOUR,0.6008,0.113,0.2862
DIAMONDS JACK HEARTS JACK,0.1316,0.035,0.8334
SPADES NINE CLUBS QUEEN,0.2188,0.0508,0.7304
DIAMONDS TWO SPADES JACK,0.3944,0.0202,0.5854
DIAMONDS QUEEN DIAMONDS FOUR,0.2308,0.0414,0.7278
HEARTS TWO DIAMONDS FOUR,0.6362,0.1156,0.2482
DIAMONDS NINE CLUBS QUEEN,0.2262,0.0464,0.7274
DIAMONDS KING DIAMONDS FOUR,0.2306,0.0294,0.74
HEARTS THREE DIAMONDS FOUR,0.6286,0.1034,0.268
SPADES NINE CLUBS ACE,0.2214,0.0288,0.7498
DIAMONDS NINE CLUBS KING,0.2318,0.0372,0.731
HEARTS ACE DIAMONDS JACK,0.3098,0.0054,0.6848
SPADES ACE DIAMONDS TWO,0.3854,0.0046,0.61
HEARTS QUEEN DIAMONDS JACK,0.293,0.0118,0.6952
SPADES QUEEN DIAMONDS TWO,0.3912,0.0104,0.5984
DIAMONDS JACK HEARTS KING,0.3108,0.0082,0.681
SPADES KING DIAMONDS TWO,0.3904,0.0072,0.6024
SPADES JACK SPADES SEVEN,0.3254,0.0168,0.6578
SPADES TEN SPADES SEVEN,0.3244,0.0258,0.6498
CLUBS SEVEN CLUBS THREE,0.5604,0.0428,0.3968
CLUBS SIX CLUBS THREE,0.5636,0.0434,0.393
CLUBS FIVE CLUBS THREE,0.5368,0.0432,0.42
CLUBS THREE CLUBS FOUR,0.605,0.1036,0.2914
CLUBS EIGHT CLUBS THREE,0.5768,0.045,0.3782
CLUBS THREE SPADES FIVE,0.5714,0.0442,0.3844
CLUBS THREE SPADES FOUR,0.6166,0.1098,0.2736
CLUBS THREE SPADES THREE,0.372,0.0846,0.5434
CLUBS THREE SPADES TWO,0.605,0.042,0.353
CLUBS THREE SPADES SIX,0.5906,0.0462,0.3632
CLUBS THREE SPADES SEVEN,0.6008,0.0438,0.3554
SPADES EIGHT CLUBS THREE,0.6008,0.0464,0.3528
SPADES NINE CLUBS THREE,0.2528,0.5302,0.217
SPADES TWO DIAMONDS FOUR,0.6268,0.1108,0.2624
SPADES THREE DIAMONDS FOUR,0.6254,0.0998,0.2748
SPADES FOUR DIAMONDS FOUR,0.2584,0.0586,0.683
SPADES FIVE DIAMONDS FOUR,0.6064,0.1044,0.2892
SPADES SIX DIAMONDS FOUR,0.6208,0.1064,0.2728
SPADES SEVEN DIAMONDS FOUR,0.6316,0.1108,0.2576
SPADES EIGHT DIAMONDS FOUR,0.6416,0.104,0.2544
SPADES NINE DIAMONDS FOUR,0.023,0.9584,0.0186
CLUBS FIVE DIAMONDS FOUR,0.6088,0.1036,0.2876
CLUBS FOUR DIAMONDS FOUR,0.2854,0.0628,0.6518
CLUBS SEVEN DIAMONDS FOUR,0.633,0.1044,0.2626
CLUBS SIX DIAMONDS FOUR,0.6286,0.1016,0.2698
CLUBS EIGHT DIAMONDS FOUR,0.662,0.1052,0.2328
HEARTS SEVEN DIAMONDS FOUR,0.6254,0.1,0.2746
HEARTS SIX DIAMONDS FOUR,0.6234,0.0992,0.2774
DIAMONDS FOUR HEARTS NINE,0.0102,0.9686,0.0212
DIAMONDS FOUR HEARTS EIGHT,0.6524,0.108,0.2396
CLUBS THREE DIAMONDS FOUR,0.6336,0.1042,0.2622
CLUBS TWO DIAMONDS FOUR,0.6326,0.1152,0.2522
DIAMONDS TEN DIAMONDS FIVE,0.3406,0.029,0.6304
DIAMONDS JACK DIAMONDS FIVE,0.325,0.018,0.657
DIAMONDS NINE HEARTS QUEEN,0.2222,0.0532,0.7246
DIAMONDS NINE HEARTS KING,0.2272,0.0404,0.7324
HEARTS ACE DIAMONDS NINE,0.226,0.0324,0.7416
DIAMONDS NINE HEARTS TEN,0.2296,0.0766,0.6938
DIAMONDS NINE HEARTS JACK,0.2218,0.0628,0.7154
CLUBS KING DIAMONDS SIX,0.35,0.0076,0.6424
CLUBS QUEEN DIAMONDS SIX,0.35,0.0108,0.6392
CLUBS ACE DIAMONDS SIX,0.3492,0.0064,0.6444
SPADES KING DIAMONDS FOUR,0.2464,0.0322,0.7214
SPADES ACE SPADES SEVEN,0.3284,0.003,0.6686
SPADES QUEEN DIAMONDS FOUR,0.238,0.0444,0.7176
SPADES QUEEN SPADES SEVEN,0.3456,0.0126,0.6418
CLUBS JACK DIAMONDS SIX,0.355,0.0202,0.6248
SPADES KING SPADES SEVEN,0.3286,0.0058,0.6656
SPADES ACE DIAMONDS FOUR,0.238,0.0242,0.7378
CLUBS TEN DIAMONDS SIX,0.3406,0.0302,0.6292
CLUBS EIGHT CLUBS FOUR,0.6228,0.0942,0.283
SPADES JACK DIAMONDS FOUR,0.2434,0.0566,0.7
SPADES TEN DIAMONDS FOUR,0.2484,0.0728,0.6788
CLUBS FIVE CLUBS FOUR,0.581,0.1092,0.3098
CLUBS SEVEN CLUBS FOUR,0.61,0.1044,0.2856
CLUBS SIX CLUBS FOUR,0.596,0.1074,0.2966
CLUBS SEVEN SPADES EIGHT,0.5252,0.038,0.4368
CLUBS SEVEN SPADES NINE,0.2244,0.296,0.4796
CLUBS SEVEN SPADES SIX,0.54,0.0454,0.4146
CLUBS SEVEN SPADES SEVEN,0.264,0.068,0.668
CLUBS SEVEN SPADES FIVE,0.5454,0.0482,0.4064
CLUBS SEVEN SPADES FOUR,0.6352,0.1002,0.2646
CLUBS SEVEN SPADES THREE,0.5946,0.0466,0.3588
CLUBS SEVEN SPADES TWO,0.6268,0.0398,0.3334
CLUBS SEVEN CLUBS EIGHT,0.5116,0.0416,0.4468
HEARTS SIX DIAMONDS FIVE,0.5314,0.0422,0.4264
HEARTS SEVEN DIAMONDS FIVE,0.5362,0.0434,0.4204
DIAMONDS FIVE HEARTS EIGHT,0.5326,0.044,0.4234
DIAMONDS FIVE HEARTS NINE,0.2044,0.4594,0.3362
DIAMONDS QUEEN DIAMONDS FIVE,0.327,0.0126,0.6604
HEARTS TWO DIAMONDS FIVE,0.5732,0.0494,0.3774
HEARTS KING HEARTS EIGHT,0.345,0.0112,0.6438
DIAMONDS KING DIAMONDS FIVE,0.3274,0.008,0.6646
HEARTS THREE DIAMONDS FIVE,0.5636,0.0512,0.3852
HEARTS QUEEN HEARTS EIGHT,0.3304,0.0098,0.6598
DIAMONDS ACE DIAMONDS FIVE,0.3246,0.0056,0.6698
HEARTS FIVE DIAMONDS FIVE,0.2692,0.0754,0.6554
HEARTS ACE HEARTS EIGHT,0.3352,0.0054,0.6594
CLUBS FOUR DIAMONDS FIVE,0.6196,0.1044,0.276
CLUBS FIVE DIAMONDS FIVE,0.274,0.0798,0.6462
CLUBS SIX DIAMONDS FIVE,0.5502,0.0442,0.4056
CLUBS SEVEN DIAMONDS FIVE,0.5574,0.046,0.3966
CLUBS TWO DIAMONDS FIVE,0.5948,0.0412,0.364
CLUBS THREE DIAMONDS FIVE,0.5506,0.044,0.4054
SPADES THREE DIAMONDS FIVE,0.5752,0.0456,0.3792
SPADES TWO DIAMONDS FIVE,0.5812,0.0414,0.3774
SPADES JACK DIAMONDS EIGHT,0.3498,0.0194,0.6308
SPADES FIVE DIAMONDS FIVE,0.2772,0.0734,0.6494
CLUBS TEN HEARTS JACK,0.292,0.015,0.693
SPADES TEN DIAMONDS EIGHT,0.334,0.0262,0.6398
SPADES FOUR DIAMONDS FIVE,0.6024,0.1024,0.2952
CLUBS JACK HEARTS JACK,0.1344,0.0266,0.839
HEARTS JACK CLUBS QUEEN,0.31,0.0092,0.6808
HEARTS JACK CLUBS KING,0.3164,0.0086,0.675
CLUBS EIGHT DIAMONDS FIVE,0.5564,0.042,0.4016
CLUBS ACE HEARTS JACK,0.327,0.0064,0.6666
SPADES SEVEN DIAMONDS FIVE,0.5376,0.043,0.4194
SPADES KING DIAMONDS EIGHT,0.357,0.0086,0.6344
SPADES QUEEN DIAMONDS EIGHT,0.3516,0.0102,0.6382
SPADES SIX DIAMONDS FIVE,0.5378,0.0448,0.4174
SPADES NINE DIAMONDS FIVE,0.224,0.4488,0.3272
SPADES EIGHT DIAMONDS FIVE,0.547,0.0398,0.4132
SPADES ACE DIAMONDS EIGHT,0.3514,0.0022,0.6464
DIAMONDS TEN DIAMONDS SIX,0.3288,0.0268,0.6444
HEARTS ACE DIAMONDS SEVEN,0.3612,0.0026,0.6362
DIAMONDS JACK DIAMONDS SIX,0.3306,0.0184,0.651
HEARTS QUEEN DIAMONDS SEVEN,0.353,0.0094,0.6376
HEARTS KING DIAMONDS SEVEN,0.3472,0.0072,0.6456
DIAMONDS ACE DIAMONDS SIX,0.3346,0.0046,0.6608
SPADES TWO HEARTS JACK,0.384,0.021,0.595
HEARTS FIVE DIAMONDS SIX,0.5352,0.0426,0.4222
SPADES TWO HEARTS TEN,0.3936,0.0318,0.5746
DIAMONDS QUEEN DIAMONDS SIX,0.332,0.0102,0.6578
HEARTS TWO DIAMONDS SIX,0.5876,0.0408,0.3716
DIAMONDS KING DIAMONDS SIX,0.337,0.007,0.656
HEARTS THREE DIAMONDS SIX,0.5812,0.051,0.3678
HEARTS EIGHT DIAMONDS SIX,0.5346,0.0414,0.424
HEARTS NINE DIAMONDS SIX,0.2188,0.3608,0.4204
HEARTS SIX DIAMONDS SIX,0.269,0.0744,0.6566
HEARTS SEVEN DIAMONDS SIX,0.5292,0.0436,0.4272
HEARTS TEN DIAMONDS SEVEN,0.336,0.0264,0.6376
CLUBS TWO DIAMONDS SIX,0.6066,0.0462,0.3472
HEARTS JACK DIAMONDS SEVEN,0.3472,0.0204,0.6324
CLUBS THREE DIAMONDS SIX,0.5768,0.0462,0.377
CLUBS SEVEN DIAMONDS SIX,0.5358,0.0394,0.4248
CLUBS JACK DIAMONDS EIGHT,0.3286,0.0192,0.6522
CLUBS SIX DIAMONDS SIX,0.2668,0.0728,0.6604
CLUBS TEN DIAMONDS EIGHT,0.3276,0.025,0.6474
CLUBS FIVE DIAMONDS SIX,0.5346,0.0448,0.4206
CLUBS FOUR DIAMONDS SIX,0.6244,0.1058,0.2698
HEARTS ACE HEARTS JACK,0.3084,0.005,0.6866
DIAMONDS EIGHT CLUBS ACE,0.3458,0.005,0.6492
HEARTS QUEEN HEARTS JACK,0.3134,0.012,0.6746
DIAMONDS EIGHT CLUBS KING,0.3532,0.0084,0.6384
HEARTS KING HEARTS JACK,0.2996,0.0078,0.6926
DIAMONDS EIGHT CLUBS QUEEN,0.3584,0.0112,0.6304
CLUBS EIGHT DIAMONDS SIX,0.537,0.0402,0.4228
SPADES TEN HEARTS KING,0.3082,0.0064,0.6854
SPADES FIVE DIAMONDS SIX,0.538,0.039,0.423
HEARTS ACE SPADES TWO,0.3602,0.0058,0.634
SPADES JACK HEARTS KING,0.3186,0.007,0.6744
SPADES FOUR DIAMONDS SIX,0.6148,0.1042,0.281
SPADES THREE DIAMONDS SIX,0.5742,0.0442,0.3816
HEARTS QUEEN SPADES TWO,0.3876,0.0152,0.5972
SPADES ACE SPADES KING,0.301,0.0032,0.6958
HEARTS KING SPADES TWO,0.392,0.0112,0.5968
SPADES TWO DIAMONDS SIX,0.5898,0.0474,0.3628
HEARTS TEN HEARTS EIGHT,0.3146,0.022,0.6634
SPADES NINE DIAMONDS SIX,0.223,0.3644,0.4126
HEARTS JACK HEARTS EIGHT,0.3246,0.0142,0.6612
SPADES EIGHT DIAMONDS SIX,0.537,0.0366,0.4264
SPADES SEVEN DIAMONDS SIX,0.5288,0.0422,0.429
SPADES SIX DIAMONDS SIX,0.2716,0.079,0.6494
SPADES KING HEARTS KING,0.1276,0.011,0.8614
SPADES QUEEN HEARTS KING,0.3142,0.0056,0.6802
CLUBS ACE CLUBS KING,0.3012,0.0042,0.6946
SPADES ACE HEARTS KING,0.3282,0.0034,0.6684
SPADES ACE HEARTS JACK,0.3304,0.003,0.6666
SPADES QUEEN HEARTS JACK,0.3186,0.011,0.6704
SPADES KING HEARTS JACK,0.3106,0.0076,0.6818
SPADES TEN DIAMONDS TEN,0.1398,0.0378,0.8224
SPADES JACK DIAMONDS TEN,0.3016,0.014,0.6844
SPADES ACE DIAMONDS TEN,0.316,0.0034,0.6806
SPADES JACK HEARTS JACK,0.1342,0.0306,0.8352
SPADES TEN HEARTS JACK,0.2952,0.0152,0.6896
SPADES QUEEN DIAMONDS TEN,0.313,0.009,0.678
SPADES KING DIAMONDS TEN,0.3198,0.0074,0.6728
SPADES NINE DIAMONDS SEVEN,0.2302,0.2876,0.4822
SPADES EIGHT DIAMONDS SEVEN,0.5326,0.0398,0.4276
SPADES SEVEN DIAMONDS SEVEN,0.2652,0.0712,0.6636
SPADES SIX DIAMONDS SEVEN,0.525,0.0456,0.4294
DIAMONDS KING DIAMONDS SEVEN,0.3452,0.007,0.6478
HEARTS THREE DIAMONDS SEVEN,0.5996,0.0426,0.3578
HEARTS KING DIAMONDS FIVE,0.352,0.0088,0.6392
DIAMONDS QUEEN DIAMONDS SEVEN,0.337,0.0118,0.6512
HEARTS TWO DIAMONDS SEVEN,0.6146,0.0434,0.342
HEARTS QUEEN DIAMONDS FIVE,0.3588,0.0118,0.6294
HEARTS FIVE DIAMONDS SEVEN,0.5272,0.0438,0.429
DIAMONDS ACE DIAMONDS SEVEN,0.3214,0.0046,0.674
HEARTS ACE DIAMONDS FIVE,0.344,0.0042,0.6518
HEARTS SEVEN DIAMONDS SEVEN,0.2696,0.0656,0.6648
HEARTS SIX DIAMONDS SEVEN,0.5192,0.0422,0.4386
DIAMONDS SEVEN HEARTS NINE,0.2098,0.3014,0.4888
HEARTS EIGHT DIAMONDS SEVEN,0.523,0.0386,0.4384
DIAMONDS JACK DIAMONDS SEVEN,0.3376,0.0192,0.6432
DIAMONDS FIVE HEARTS JACK,0.3612,0.0162,0.6226
DIAMONDS TEN DIAMONDS SEVEN,0.319,0.0234,0.6576
HEARTS TEN DIAMONDS FIVE,0.355,0.0284,0.6166
SPADES KING CLUBS TWO,0.4034,0.01,0.5866
HEARTS KING CLUBS KING,0.124,0.0128,0.8632
CLUBS EIGHT DIAMONDS SEVEN,0.5264,0.035,0.4386
SPADES QUEEN CLUBS TWO,0.3956,0.0096,0.5948
HEARTS KING CLUBS QUEEN,0.3134,0.0062,0.6804
CLUBS JACK SPADES TWO,0.3814,0.0208,0.5978
SPADES ACE CLUBS TWO,0.3872,0.0068,0.606
CLUBS TEN SPADES TWO,0.3912,0.0344,0.5744
HEARTS KING CLUBS ACE,0.3244,0.0064,0.6692
CLUBS SEVEN CLUBS SIX,0.4994,0.0398,0.4608
SPADES TWO CLUBS KING,0.3876,0.009,0.6034
SPADES TWO DIAMONDS SEVEN,0.592,0.0504,0.3576
CLUBS EIGHT CLUBS SIX,0.5208,0.0408,0.4384
SPADES THREE DIAMONDS SEVEN,0.5978,0.0384,0.3638
SPADES TWO CLUBS QUEEN,0.3862,0.011,0.6028
SPADES FOUR DIAMONDS SEVEN,0.6326,0.1022,0.2652
CLUBS JACK HEARTS KING,0.3134,0.0084,0.6782
SPADES FIVE DIAMONDS SEVEN,0.53,0.0442,0.4258
SPADES TWO CLUBS ACE,0.369,0.0052,0.6258
CLUBS TEN HEARTS KING,0.3104,0.0074,0.6822
CLUBS SIX SPADES TWO,0.5812,0.0512,0.3676
CLUBS SIX SPADES THREE,0.5794,0.045,0.3756
CLUBS TWO DIAMONDS SEVEN,0.6038,0.0414,0.3548
CLUBS SIX SPADES FOUR,0.6272,0.1052,0.2676
CLUBS THREE DIAMONDS SEVEN,0.6004,0.0414,0.3582
CLUBS SIX SPADES FIVE,0.544,0.0432,0.4128
CLUBS FOUR DIAMONDS SEVEN,0.6372,0.099,0.2638
CLUBS SIX SPADES SIX,0.2662,0.0684,0.6654
CLUBS FIVE DIAMONDS SEVEN,0.5486,0.0416,0.4098
CLUBS SIX SPADES SEVEN,0.5328,0.0432,0.424
CLUBS SIX DIAMONDS SEVEN,0.5414,0.043,0.4156
CLUBS SIX SPADES EIGHT,0.5262,0.043,0.4308
SPADES JACK CLUBS TWO,0.4006,0.0202,0.5792
CLUBS SEVEN DIAMONDS SEVEN,0.2716,0.0676,0.6608
SPADES NINE CLUBS SIX,0.2166,0.3744,0.409
SPADES TEN CLUBS TWO,0.3924,0.026,0.5816
CLUBS TWO CLUBS QUEEN,0.3736,0.0148,0.6116
CLUBS TWO CLUBS KING,0.3772,0.0092,0.6136
CLUBS THREE DIAMONDS EIGHT,0.6072,0.0448,0.348
CLUBS TWO CLUBS ACE,0.356,0.0064,0.6376
CLUBS TWO DIAMONDS EIGHT,0.606,0.0428,0.3512
HEARTS SEVEN DIAMONDS EIGHT,0.5164,0.0396,0.444
HEARTS SIX DIAMONDS EIGHT,0.5356,0.0442,0.4202
DIAMONDS EIGHT HEARTS NINE,0.2166,0.2232,0.5602
CLUBS TEN CLUBS TWO,0.375,0.0262,0.5988
DIAMONDS EIGHT HEARTS EIGHT,0.2604,0.0554,0.6842
CLUBS JACK CLUBS TWO,0.374,0.0202,0.6058
CLUBS EIGHT DIAMONDS EIGHT,0.2632,0.0632,0.6736
CLUBS FIVE DIAMONDS EIGHT,0.5608,0.0414,0.3978
SPADES ACE SPADES THREE,0.3678,0.0044,0.6278
CLUBS FOUR DIAMONDS EIGHT,0.653,0.1058,0.2412
CLUBS SEVEN DIAMONDS EIGHT,0.5188,0.04,0.4412
SPADES QUEEN SPADES THREE,0.3806,0.0092,0.6102
CLUBS SIX DIAMONDS EIGHT,0.5512,0.0368,0.412
SPADES KING SPADES THREE,0.3834,0.0082,0.6084
DIAMONDS QUEEN DIAMONDS EIGHT,0.3258,0.0118,0.6624
HEARTS TWO DIAMONDS EIGHT,0.5944,0.0408,0.3648
DIAMONDS KING DIAMONDS EIGHT,0.3444,0.008,0.6476
HEARTS THREE DIAMONDS EIGHT,0.6022,0.0462,0.3516
DIAMONDS ACE DIAMONDS EIGHT,0.3366,0.0054,0.658
HEARTS FIVE DIAMONDS EIGHT,0.5496,0.038,0.4124
DIAMONDS EIGHT DIAMONDS TEN,0.2994,0.0238,0.6768
DIAMONDS EIGHT DIAMONDS JACK,0.3234,0.0156,0.661
SPADES JACK SPADES THREE,0.3786,0.0158,0.6056
SPADES TEN SPADES THREE,0.356,0.0248,0.6192
CLUBS FOUR HEARTS ACE,0.2346,0.0216,0.7438
CLUBS FOUR HEARTS QUEEN,0.2318,0.044,0.7242
CLUBS FOUR HEARTS KING,0.2384,0.0366,0.725
CLUBS SIX HEARTS TEN,0.3408,0.0306,0.6286
CLUBS SIX HEARTS JACK,0.3562,0.0194,0.6244
DIAMONDS EIGHT SPADES FOUR,0.6538,0.0948,0.2514
SPADES FIVE DIAMONDS EIGHT,0.555,0.0386,0.4064
DIAMONDS EIGHT SPADES TWO,0.6044,0.0396,0.356
DIAMONDS EIGHT SPADES THREE,0.5968,0.047,0.3562
CLUBS FOUR HEARTS JACK,0.2286,0.0652,0.7062
SPADES EIGHT DIAMONDS EIGHT,0.2602,0.063,0.6768
SPADES TEN DIAMONDS QUEEN,0.316,0.0094,0.6746
SPADES TEN HEARTS TWO,0.3812,0.0276,0.5912
SPADES JACK HEARTS EIGHT,0.325,0.0178,0.6572
CLUBS FOUR HEARTS TEN,0.2334,0.0806,0.686
SPADES NINE DIAMONDS EIGHT,0.2152,0.2218,0.563
SPADES TEN HEARTS EIGHT,0.3208,0.0248,0.6544
SPADES JACK HEARTS TWO,0.3834,0.018,0.5986
SPADES JACK DIAMONDS QUEEN,0.3104,0.0086,0.681
SPADES SIX DIAMONDS EIGHT,0.5306,0.0424,0.427
SPADES SEVEN DIAMONDS EIGHT,0.5146,0.0408,0.4446
SPADES ACE HEARTS TWO,0.3772,0.0054,0.6174
SPADES ACE DIAMONDS QUEEN,0.3274,0.004,0.6686
SPADES ACE HEARTS EIGHT,0.3454,0.004,0.6506
SPADES KING HEARTS EIGHT,0.3576,0.0058,0.6366
SPADES QUEEN HEARTS TWO,0.3946,0.0122,0.5932
SPADES QUEEN DIAMONDS QUEEN,0.141,0.0226,0.8364
SPADES KING DIAMONDS QUEEN,0.334,0.0078,0.6582
SPADES KING HEARTS TWO,0.3998,0.0118,0.5884
SPADES QUEEN HEARTS EIGHT,0.3458,0.0108,0.6434
CLUBS TWO HEARTS TEN,0.3762,0.0342,0.5896
CLUBS TWO HEARTS JACK,0.4072,0.0204,0.5724
SPADES SEVEN DIAMONDS NINE,0.2266,0.2872,0.4862
SPADES SIX DIAMONDS NINE,0.212,0.374,0.414
SPADES NINE DIAMONDS NINE,0.0846,0.0696,0.8458
SPADES EIGHT DIAMONDS NINE,0.21,0.224,0.566
SPADES TEN CLUBS KING,0.3068,0.007,0.6862
DIAMONDS NINE SPADES THREE,0.269,0.5204,0.2106
SPADES JACK CLUBS KING,0.3092,0.0074,0.6834
DIAMONDS NINE SPADES TWO,0.2624,0.5188,0.2188
DIAMONDS NINE SPADES FIVE,0.2202,0.4456,0.3342
DIAMONDS NINE SPADES FOUR,0.02,0.958,0.022
CLUBS EIGHT DIAMONDS NINE,0.2198,0.2242,0.556
CLUBS SIX DIAMONDS NINE,0.2152,0.3794,0.4054
SPADES JACK CLUBS FOUR,0.233,0.0566,0.7104
CLUBS SEVEN DIAMONDS NINE,0.2236,0.3022,0.4742
SPADES TEN CLUBS FOUR,0.2418,0.0804,0.6778
CLUBS FOUR DIAMONDS NINE,0.0182,0.9696,0.0122
CLUBS FIVE DIAMONDS NINE,0.2272,0.4464,0.3264
DIAMONDS NINE CLUBS TWO,0.2714,0.523,0.2056
CLUBS THREE DIAMONDS NINE,0.2586,0.5344,0.207
DIAMONDS NINE HEARTS EIGHT,0.2084,0.2294,0.5622
DIAMONDS NINE HEARTS NINE,0.0822,0.0658,0.852
HEARTS SIX DIAMONDS NINE,0.2246,0.3708,0.4046
HEARTS SEVEN DIAMONDS NINE,0.2156,0.2884,0.496
DIAMONDS ACE DIAMONDS NINE,0.2,0.0256,0.7744
HEARTS FIVE DIAMONDS NINE,0.2086,0.457,0.3344
HEARTS ACE CLUBS TWO,0.3678,0.0062,0.626
SPADES ACE CLUBS FOUR,0.2408,0.0196,0.7396
DIAMONDS QUEEN DIAMONDS NINE,0.2192,0.0456,0.7352
HEARTS TWO DIAMONDS NINE,0.2752,0.5184,0.2064
CLUBS TWO HEARTS KING,0.392,0.0088,0.5992
SPADES KING CLUBS FOUR,0.2372,0.0352,0.7276
DIAMONDS KING DIAMONDS NINE,0.2108,0.0374,0.7518
HEARTS THREE DIAMONDS NINE,0.2706,0.5158,0.2136
CLUBS TWO HEARTS QUEEN,0.3892,0.013,0.5978
SPADES QUEEN CLUBS FOUR,0.2406,0.0418,0.7176
DIAMONDS NINE DIAMONDS JACK,0.2134,0.0574,0.7292
CLUBS EIGHT SPADES NINE,0.2146,0.2186,0.5668
DIAMONDS NINE DIAMONDS TEN,0.211,0.0796,0.7094
CLUBS EIGHT SPADES EIGHT,0.2748,0.0598,0.6654
CLUBS EIGHT SPADES SEVEN,0.5146,0.0442,0.4412
CLUBS EIGHT SPADES SIX,0.5434,0.0422,0.4144
CLUBS EIGHT SPADES FIVE,0.5616,0.0402,0.3982
CLUBS EIGHT SPADES FOUR,0.6578,0.1058,0.2364
CLUBS EIGHT SPADES THREE,0.5982,0.0456,0.3562
CLUBS EIGHT SPADES TWO,0.606,0.0408,0.3532
HEARTS SIX DIAMONDS TEN,0.3404,0.0258,0.6338
HEARTS SEVEN DIAMONDS TEN,0.3372,0.0318,0.631
DIAMONDS TEN HEARTS EIGHT,0.3248,0.0212,0.654
CLUBS JACK CLUBS FOUR,0.226,0.056,0.718
DIAMONDS TEN HEARTS NINE,0.2284,0.0742,0.6974
CLUBS TEN CLUBS FOUR,0.227,0.0728,0.7002
CLUBS FOUR CLUBS KING,0.2288,0.0304,0.7408
CLUBS FOUR CLUBS QUEEN,0.228,0.0438,0.7282
CLUBS TWO DIAMONDS TEN,0.382,0.0284,0.5896
CLUBS THREE DIAMONDS TEN,0.3722,0.0282,0.5996
CLUBS FOUR CLUBS ACE,0.2284,0.0234,0.7482
DIAMONDS JACK DIAMONDS TEN,0.2734,0.011,0.7156
DIAMONDS QUEEN DIAMONDS TEN,0.2816,0.011,0.7074
HEARTS TWO DIAMONDS TEN,0.3958,0.0298,0.5744
DIAMONDS KING DIAMONDS TEN,0.3094,0.0064,0.6842
HEARTS THREE DIAMONDS TEN,0.3794,0.0254,0.5952
DIAMONDS ACE DIAMONDS TEN,0.3034,0.0052,0.6914
CLUBS EIGHT HEARTS JACK,0.3368,0.0162,0.647
HEARTS FIVE DIAMONDS TEN,0.3434,0.0256,0.631
CLUBS EIGHT HEARTS TEN,0.336,0.0252,0.6388
CLUBS EIGHT HEARTS QUEEN,0.3496,0.0144,0.636
CLUBS EIGHT HEARTS KING,0.3526,0.0102,0.6372
CLUBS EIGHT HEARTS ACE,0.3302,0.005,0.6648
CLUBS TEN HEARTS EIGHT,0.3042,0.0276,0.6682
CLUBS JACK HEARTS EIGHT,0.3394,0.0204,0.6402
HEARTS EIGHT CLUBS QUEEN,0.3376,0.0152,0.6472
CLUBS KING HEARTS EIGHT,0.3396,0.0068,0.6536
CLUBS ACE HEARTS EIGHT,0.3444,0.0048,0.6508
SPADES KING CLUBS KING,0.1372,0.0108,0.852
SPADES QUEEN CLUBS KING,0.3182,0.0078,0.674
SPADES ACE CLUBS KING,0.3174,0.0034,0.6792
DIAMONDS ACE HEARTS TEN,0.3176,0.0042,0.6782
DIAMONDS ACE HEARTS JACK,0.3204,0.0044,0.6752
SPADES KING CLUBS FIVE,0.3636,0.0084,0.628
SPADES QUEEN CLUBS FIVE,0.3544,0.011,0.6346
SPADES ACE CLUBS FIVE,0.3552,0.0036,0.6412
HEARTS SEVEN DIAMONDS JACK,0.3412,0.0166,0.6422
HEARTS SIX DIAMONDS JACK,0.3604,0.0182,0.6214
DIAMONDS JACK HEARTS NINE,0.221,0.0594,0.7196
DIAMONDS JACK HEARTS EIGHT,0.3288,0.0158,0.6554
DIAMONDS KING DIAMONDS JACK,0.299,0.007,0.694
HEARTS THREE DIAMONDS JACK,0.3796,0.0204,0.6
SPADES ACE SPADES SIX,0.3384,0.0048,0.6568
HEARTS ACE SPADES FOUR,0.2334,0.0222,0.7444
DIAMONDS QUEEN DIAMONDS JACK,0.2892,0.0108,0.7
HEARTS TWO DIAMONDS JACK,0.389,0.0224,0.5886
HEARTS FIVE DIAMONDS JACK,0.36,0.0194,0.6206
SPADES QUEEN SPADES SIX,0.3362,0.0118,0.652
SPADES FOUR HEARTS QUEEN,0.2284,0.045,0.7266
DIAMONDS ACE DIAMONDS JACK,0.2876,0.004,0.7084
SPADES KING SPADES SIX,0.3354,0.0068,0.6578
SPADES FOUR HEARTS KING,0.236,0.0322,0.7318
SPADES TEN SPADES SIX,0.3364,0.0268,0.6368
SPADES JACK SPADES SIX,0.3398,0.0172,0.643
SPADES FOUR DIAMONDS JACK,0.247,0.054,0.699
SPADES FIVE DIAMONDS JACK,0.3522,0.0168,0.631
DIAMONDS JACK SPADES TWO,0.392,0.0202,0.5878
DIAMONDS JACK SPADES THREE,0.4038,0.0192,0.577
SPADES ACE DIAMONDS THREE,0.3774,0.0044,0.6182
SPADES QUEEN DIAMONDS THREE,0.3992,0.013,0.5878
CLUBS EIGHT DIAMONDS JACK,0.35,0.0166,0.6334
SPADES KING DIAMONDS THREE,0.3946,0.009,0.5964
CLUBS SIX DIAMONDS JACK,0.354,0.016,0.63
CLUBS SEVEN DIAMONDS JACK,0.3638,0.0168,0.6194
CLUBS FOUR DIAMONDS JACK,0.2422,0.0576,0.7002
CLUBS FIVE DIAMONDS JACK,0.3654,0.019,0.6156
CLUBS TWO DIAMONDS JACK,0.3824,0.0202,0.5974
CLUBS THREE DIAMONDS JACK,0.4062,0.0186,0.5752
SPADES TEN CLUBS FIVE,0.3608,0.0232,0.616
SPADES JACK HEARTS SIX,0.3362,0.02,0.6438
HEARTS SIX SPADES TEN,0.3298,0.0254,0.6448
SPADES JACK CLUBS FIVE,0.351,0.0174,0.6316
SPADES JACK DIAMONDS THREE,0.3852,0.0198,0.595
CLUBS SEVEN CLUBS ACE,0.3206,0.004,0.6754
DIAMONDS THREE SPADES TEN,0.378,0.0268,0.5952
CLUBS SEVEN CLUBS QUEEN,0.3526,0.0142,0.6332
CLUBS SEVEN CLUBS KING,0.34,0.006,0.654
SPADES NINE DIAMONDS JACK,0.2296,0.0598,0.7106
CLUBS TEN CLUBS SEVEN,0.3284,0.0266,0.645
DIAMONDS ACE HEARTS ACE,0.1224,0.0036,0.874
SPADES EIGHT DIAMONDS JACK,0.3328,0.0188,0.6484
SPADES ACE HEARTS SIX,0.351,0.0032,0.6458
CLUBS JACK CLUBS SEVEN,0.3202,0.0186,0.6612
DIAMONDS ACE HEARTS KING,0.323,0.0048,0.6722
SPADES SEVEN DIAMONDS JACK,0.3518,0.018,0.6302
SPADES KING HEARTS SIX,0.345,0.0094,0.6456
DIAMONDS ACE HEARTS QUEEN,0.3158,0.0038,0.6804
SPADES QUEEN HEARTS SIX,0.3406,0.0114,0.648
SPADES SIX DIAMONDS JACK,0.3614,0.017,0.6216
DIAMONDS TEN SPADES TWO,0.4012,0.023,0.5758
SPADES THREE DIAMONDS TEN,0.3902,0.0266,0.5832
SPADES FOUR DIAMONDS TEN,0.2454,0.0794,0.6752
SPADES FIVE DIAMONDS TEN,0.3548,0.022,0.6232
SPADES SIX DIAMONDS TEN,0.3482,0.0284,0.6234
SPADES SEVEN DIAMONDS TEN,0.3526,0.021,0.6264
SPADES EIGHT DIAMONDS TEN,0.3318,0.0226,0.6456
SPADES NINE DIAMONDS TEN,0.2294,0.0726,0.698
CLUBS FOUR DIAMONDS TEN,0.2424,0.0806,0.677
CLUBS FIVE DIAMONDS TEN,0.3598,0.027,0.6132
CLUBS SIX DIAMONDS TEN,0.3484,0.029,0.6226
CLUBS SEVEN DIAMONDS TEN,0.3398,0.0282,0.632
CLUBS EIGHT DIAMONDS TEN,0.3364,0.0278,0.6358
CLUBS JACK DIAMONDS THREE,0.3802,0.0186,0.6012
CLUBS TEN DIAMONDS THREE,0.3906,0.0282,0.5812
DIAMONDS THREE CLUBS KING,0.3978,0.0084,0.5938
DIAMONDS THREE CLUBS QUEEN,0.3804,0.0128,0.6068
DIAMONDS THREE CLUBS ACE,0.3666,0.0044,0.629
SPADES FOUR HEARTS JACK,0.2228,0.0588,0.7184
SPADES FOUR HEARTS TEN,0.2258,0.0796,0.6946
SPADES FIVE SPADES TWO,0.5448,0.0448,0.4104
SPADES FOUR SPADES TWO,0.5922,0.1096,0.2982
SPADES THREE SPADES TWO,0.573,0.0492,0.3778
SPADES NINE SPADES TWO,0.2542,0.496,0.2498
SPADES EIGHT SPADES TWO,0.5792,0.0436,0.3772
SPADES SEVEN SPADES TWO,0.5712,0.0386,0.3902
SPADES SIX SPADES TWO,0.5564,0.04,0.4036
DIAMONDS QUEEN CLUBS THREE,0.397,0.0128,0.5902
CLUBS THREE HEARTS TWO,0.6282,0.052,0.3198
DIAMONDS QUEEN CLUBS TWO,0.403,0.0146,0.5824
HEARTS TWO CLUBS TWO,0.384,0.0864,0.5296
HEARTS SEVEN DIAMONDS QUEEN,0.361,0.0092,0.6298
HEARTS SEVEN HEARTS TWO,0.5724,0.0424,0.3852
HEARTS SIX DIAMONDS QUEEN,0.3442,0.0092,0.6466
HEARTS SIX HEARTS TWO,0.5594,0.0482,0.3924
DIAMONDS QUEEN HEARTS NINE,0.2256,0.0452,0.7292
HEARTS TWO HEARTS NINE,0.2556,0.4894,0.255
DIAMONDS QUEEN HEARTS EIGHT,0.3556,0.0112,0.6332
HEARTS TWO HEARTS EIGHT,0.5734,0.0386,0.388
CLUBS EIGHT HEARTS TWO,0.6094,0.0436,0.347
CLUBS EIGHT DIAMONDS QUEEN,0.3576,0.0114,0.631
CLUBS FIVE DIAMONDS QUEEN,0.3606,0.0124,0.627
CLUBS FIVE HEARTS TWO,0.5744,0.0478,0.3778
SPADES EIGHT HEARTS ACE,0.3466,0.0042,0.6492
DIAMONDS QUEEN CLUBS FOUR,0.2316,0.042,0.7264
HEARTS TWO CLUBS FOUR,0.6346,0.1208,0.2446
CLUBS SEVEN DIAMONDS QUEEN,0.3624,0.0108,0.6268
CLUBS SEVEN HEARTS TWO,0.6262,0.048,0.3258
SPADES EIGHT HEARTS QUEEN,0.3494,0.0126,0.638
CLUBS SIX DIAMONDS QUEEN,0.3578,0.0102,0.632
CLUBS SIX HEARTS TWO,0.6118,0.0446,0.3436
SPADES EIGHT HEARTS KING,0.3578,0.0092,0.633
HEARTS TWO SPADES SIX,0.6038,0.0454,0.3508
DIAMONDS QUEEN SPADES SIX,0.3546,0.0122,0.6332
DIAMONDS ACE CLUBS QUEEN,0.326,0.0042,0.6698
DIAMONDS QUEEN SPADES SEVEN,0.3582,0.0104,0.6314
HEARTS TWO SPADES SEVEN,0.5996,0.0478,0.3526
DIAMONDS ACE CLUBS KING,0.3242,0.0058,0.67
DIAMONDS QUEEN SPADES EIGHT,0.3634,0.0098,0.6268
SPADES EIGHT HEARTS TWO,0.614,0.0396,0.3464
DIAMONDS ACE CLUBS ACE,0.1092,0.0048,0.886
SPADES NINE DIAMONDS QUEEN,0.2276,0.046,0.7264
SPADES NINE HEARTS TWO,0.2776,0.5146,0.2078
HEARTS TWO SPADES TWO,0.3742,0.0816,0.5442
DIAMONDS QUEEN SPADES TWO,0.3966,0.0096,0.5938
HEARTS TWO SPADES THREE,0.6146,0.046,0.3394
DIAMONDS QUEEN SPADES THREE,0.383,0.011,0.606
HEARTS TWO SPADES FOUR,0.6446,0.113,0.2424
DIAMONDS QUEEN SPADES FOUR,0.2466,0.044,0.7094
CLUBS TEN DIAMONDS ACE,0.309,0.0048,0.6862
HEARTS TWO SPADES FIVE,0.589,0.0488,0.3622
DIAMONDS QUEEN SPADES FIVE,0.3558,0.0128,0.6314
CLUBS JACK DIAMONDS ACE,0.3236,0.0044,0.672
CLUBS FIVE CLUBS KING,0.3418,0.0084,0.6498
CLUBS FIVE CLUBS QUEEN,0.334,0.0142,0.6518
CLUBS FIVE CLUBS ACE,0.3284,0.0052,0.6664
CLUBS JACK CLUBS FIVE,0.3348,0.019,0.6462
CLUBS TEN CLUBS FIVE,0.3236,0.0236,0.6528
SPADES KING CLUBS JACK,0.3188,0.007,0.6742
CLUBS JACK SPADES QUEEN,0.3134,0.0112,0.6754
SPADES ACE CLUBS JACK,0.315,0.0044,0.6806
SPADES SIX CLUBS KING,0.3612,0.0078,0.631
SPADES SIX CLUBS QUEEN,0.361,0.0148,0.6242
SPADES EIGHT HEARTS JACK,0.3352,0.0162,0.6486
SPADES SIX CLUBS ACE,0.3452,0.0052,0.6496
SPADES EIGHT HEARTS TEN,0.3156,0.0256,0.6588
CLUBS JACK SPADES SIX,0.3514,0.02,0.6286
CLUBS TEN SPADES SIX,0.3432,0.0276,0.6292
CLUBS JACK SPADES TEN,0.3008,0.018,0.6812
CLUBS JACK SPADES JACK,0.1318,0.0302,0.838
SPADES QUEEN CLUBS SEVEN,0.3586,0.0102,0.6312
SPADES KING CLUBS SEVEN,0.3648,0.0094,0.6258
SPADES ACE CLUBS SEVEN,0.3528,0.0028,0.6444
SPADES SIX HEARTS TEN,0.3324,0.029,0.6386
SPADES SIX HEARTS JACK,0.349,0.0174,0.6336
SPADES SIX HEARTS ACE,0.3486,0.0056,0.6458
SPADES SIX HEARTS KING,0.353,0.0054,0.6416
SPADES SIX HEARTS QUEEN,0.3466,0.0138,0.6396
CLUBS SEVEN SPADES JACK,0.353,0.0162,0.6308
CLUBS SEVEN SPADES TEN,0.3368,0.0282,0.635
CLUBS TEN HEARTS SIX,0.3456,0.0296,0.6248
CLUBS JACK HEARTS SIX,0.356,0.0194,0.6246
CLUBS JACK CLUBS ACE,0.298,0.0046,0.6974
HEARTS SIX CLUBS QUEEN,0.356,0.0154,0.6286
HEARTS SIX CLUBS KING,0.3398,0.0078,0.6524
HEARTS SIX CLUBS ACE,0.3358,0.005,0.6592
CLUBS JACK CLUBS QUEEN,0.289,0.0102,0.7008
CLUBS JACK CLUBS KING,0.3034,0.0092,0.6874
DIAMONDS THREE HEARTS ACE,0.38,0.0042,0.6158
DIAMONDS THREE HEARTS QUEEN,0.3878,0.0088,0.6034
DIAMONDS THREE HEARTS KING,0.3874,0.0098,0.6028
CLUBS FIVE HEARTS JACK,0.3642,0.018,0.6178
SPADES TEN DIAMONDS ACE,0.319,0.0042,0.6768
CLUBS FIVE HEARTS TEN,0.3504,0.0312,0.6184
SPADES JACK DIAMONDS ACE,0.328,0.0034,0.6686
SPADES ACE DIAMONDS ACE,0.1284,0.0026,0.869
CLUBS FIVE HEARTS ACE,0.3426,0.0044,0.653
CLUBS FIVE HEARTS KING,0.3566,0.0114,0.632
SPADES QUEEN DIAMONDS ACE,0.329,0.0034,0.6676
CLUBS JACK SPADES FOUR,0.2338,0.0566,0.7096
CLUBS FIVE HEARTS QUEEN,0.3496,0.0144,0.636
SPADES KING DIAMONDS ACE,0.322,0.0022,0.6758
CLUBS TEN SPADES FOUR,0.226,0.0762,0.6978
DIAMONDS QUEEN DIAMONDS ACE,0.297,0.0034,0.6996
HEARTS TWO DIAMONDS ACE,0.385,0.0064,0.6086
DIAMONDS THREE HEARTS TEN,0.3766,0.0308,0.5926
SPADES FOUR CLUBS KING,0.25,0.0338,0.7162
HEARTS FIVE DIAMONDS QUEEN,0.3534,0.0144,0.6322
HEARTS FIVE HEARTS TWO,0.5582,0.0434,0.3984
DIAMONDS THREE HEARTS JACK,0.3964,0.0156,0.588
SPADES FOUR CLUBS QUEEN,0.2318,0.0416,0.7266
DIAMONDS QUEEN HEARTS TWO,0.3944,0.0144,0.5912
DIAMONDS KING DIAMONDS QUEEN,0.2992,0.0052,0.6956
DIAMONDS KING HEARTS TWO,0.3914,0.0112,0.5974
HEARTS THREE DIAMONDS QUEEN,0.3958,0.0124,0.5918
HEARTS THREE HEARTS TWO,0.592,0.0466,0.3614
SPADES FOUR CLUBS ACE,0.2282,0.0216,0.7502
HEARTS TWO CLUBS ACE,0.3758,0.007,0.6172
DIAMONDS QUEEN CLUBS ACE,0.3364,0.0056,0.658
HEARTS TWO CLUBS QUEEN,0.3912,0.0142,0.5946
DIAMONDS QUEEN CLUBS QUEEN,0.13,0.0236,0.8464
HEARTS TWO CLUBS KING,0.3956,0.0104,0.594
DIAMONDS QUEEN CLUBS KING,0.318,0.0084,0.6736
SPADES EIGHT SPADES FIVE,0.5194,0.044,0.4366
CLUBS TEN HEARTS TWO,0.3914,0.0298,0.5788
CLUBS TEN DIAMONDS QUEEN,0.3056,0.0096,0.6848
SPADES NINE SPADES FIVE,0.2056,0.4302,0.3642
CLUBS JACK HEARTS TWO,0.388,0.0176,0.5944
CLUBS JACK DIAMONDS QUEEN,0.2984,0.0122,0.6894
SPADES SIX SPADES FIVE,0.4948,0.0416,0.4636
SPADES SEVEN SPADES FIVE,0.5196,0.0446,0.4358
DIAMONDS FIVE CLUBS QUEEN,0.3556,0.0106,0.6338
SPADES EIGHT CLUBS ACE,0.3358,0.0048,0.6594
DIAMONDS FIVE CLUBS KING,0.3424,0.0074,0.6502
SPADES EIGHT CLUBS KING,0.3586,0.0068,0.6346
DIAMONDS FIVE CLUBS ACE,0.3474,0.0052,0.6474
SPADES EIGHT CLUBS QUEEN,0.3484,0.0102,0.6414
CLUBS JACK SPADES EIGHT,0.337,0.0156,0.6474
CLUBS TEN SPADES EIGHT,0.3242,0.0308,0.645
CLUBS TEN DIAMONDS FIVE,0.3472,0.027,0.6258
CLUBS JACK DIAMONDS FIVE,0.3468,0.0196,0.6336
DIAMONDS TEN HEARTS JACK,0.3016,0.0138,0.6846
DIAMONDS TEN HEARTS TEN,0.1346,0.0388,0.8266
