opposingHand,winningChance,drawChance,lostChance
CLUBS FIVE HEARTS NINE
HEARTS FIVE SPADES TEN,0.2518,0.0808,0.6674
SPADES JACK HEARTS FIVE,0.248,0.057,0.695
CLUBS JACK SPADES FIVE,0.2636,0.0618,0.6746
CLUBS TEN SPADES FIVE,0.2494,0.082,0.6686
CLUBS JACK CLUBS EIGHT,0.3348,0.0148,0.6504
CLUBS TEN CLUBS EIGHT,0.3306,0.0284,0.641
CLUBS EIGHT CLUBS KING,0.349,0.0078,0.6432
SPADES FIVE CLUBS ACE,0.2472,0.0242,0.7286
CLUBS EIGHT CLUBS QUEEN,0.3564,0.0108,0.6328
SPADES FIVE CLUBS KING,0.2496,0.0398,0.7106
SPADES FIVE CLUBS QUEEN,0.2422,0.048,0.7098
CLUBS EIGHT CLUBS ACE,0.3438,0.0034,0.6528
DIAMONDS TWO DIAMONDS THREE,0.577,0.0444,0.3786
DIAMONDS TWO DIAMONDS FIVE,0.6014,0.115,0.2836
SPADES KING HEARTS FIVE,0.265,0.036,0.699
DIAMONDS TWO DIAMONDS FOUR,0.5742,0.0454,0.3804
SPADES QUEEN HEARTS FIVE,0.2554,0.053,0.6916
DIAMONDS TWO DIAMONDS SEVEN,0.568,0.042,0.39
DIAMONDS TWO DIAMONDS SIX,0.5626,0.0388,0.3986
SPADES ACE HEARTS FIVE,0.2536,0.025,0.7214
DIAMONDS TWO DIAMONDS NINE,0.3024,0.435,0.2626
DIAMONDS TWO DIAMONDS EIGHT,0.579,0.0418,0.3792
DIAMONDS THREE DIAMONDS FOUR,0.5606,0.0428,0.3966
CLUBS TWO SPADES FOUR,0.6248,0.045,0.3302
DIAMONDS THREE DIAMONDS FIVE,0.5864,0.1078,0.3058
SPADES FIVE CLUBS TWO,0.6434,0.1122,0.2444
CLUBS TWO SPADES TWO,0.3862,0.0816,0.5322
CLUBS TWO SPADES THREE,0.6164,0.0512,0.3324
DIAMONDS THREE DIAMONDS EIGHT,0.572,0.0346,0.3934
SPADES EIGHT CLUBS TWO,0.6168,0.049,0.3342
DIAMONDS THREE DIAMONDS NINE,0.3192,0.4254,0.2554
SPADES NINE CLUBS TWO,0.3294,0.4608,0.2098
DIAMONDS THREE DIAMONDS SIX,0.563,0.0432,0.3938
SPADES SIX CLUBS TWO,0.6268,0.039,0.3342
DIAMONDS THREE DIAMONDS SEVEN,0.5676,0.0336,0.3988
SPADES SEVEN CLUBS TWO,0.6234,0.0414,0.3352
CLUBS SIX CLUBS TWO,0.573,0.0424,0.3846
CLUBS SEVEN CLUBS TWO,0.5966,0.0388,0.3646
CLUBS FOUR CLUBS TWO,0.574,0.0446,0.3814
CLUBS TEN CLUBS JACK,0.296,0.0168,0.6872
DIAMONDS FOUR DIAMONDS SIX,0.5472,0.0366,0.4162
CLUBS TEN CLUBS QUEEN,0.2992,0.011,0.6898
DIAMONDS FOUR DIAMONDS SEVEN,0.5638,0.042,0.3942
CLUBS TEN CLUBS KING,0.319,0.0086,0.6724
CLUBS TEN CLUBS ACE,0.313,0.0054,0.6816
CLUBS EIGHT CLUBS TWO,0.5792,0.039,0.3818
DIAMONDS FIVE DIAMONDS FOUR,0.5928,0.1034,0.3038
CLUBS NINE CLUBS TWO,0.3074,0.4468,0.2458
DIAMONDS NINE DIAMONDS FOUR,0.3192,0.413,0.2678
DIAMONDS EIGHT DIAMONDS FOUR,0.5652,0.0438,0.391
CLUBS THREE CLUBS TWO,0.5906,0.0436,0.3658
DIAMONDS NINE DIAMONDS FIVE,0.0176,0.913,0.0694
CLUBS JACK DIAMONDS TWO,0.3984,0.0208,0.5808
DIAMONDS EIGHT DIAMONDS FIVE,0.5984,0.1034,0.2982
CLUBS TEN DIAMONDS TWO,0.3888,0.0272,0.584
DIAMONDS FIVE DIAMONDS SEVEN,0.5768,0.104,0.3192
DIAMONDS FIVE DIAMONDS SIX,0.5794,0.096,0.3246
DIAMONDS TWO CLUBS ACE,0.3902,0.0052,0.6046
DIAMONDS TWO CLUBS KING,0.4078,0.008,0.5842
DIAMONDS TWO CLUBS QUEEN,0.3922,0.0122,0.5956
DIAMONDS EIGHT DIAMONDS SIX,0.517,0.0408,0.4422
DIAMONDS NINE DIAMONDS SIX,0.2084,0.3508,0.4408
HEARTS ACE SPADES THREE,0.3808,0.0042,0.615
SPADES THREE HEARTS KING,0.3932,0.0082,0.5986
DIAMONDS SEVEN DIAMONDS SIX,0.5054,0.0388,0.4558
HEARTS QUEEN SPADES THREE,0.3908,0.014,0.5952
SPADES THREE HEARTS JACK,0.404,0.0186,0.5774
SPADES THREE HEARTS TEN,0.4056,0.0254,0.569
DIAMONDS EIGHT DIAMONDS SEVEN,0.51,0.042,0.448
DIAMONDS NINE DIAMONDS SEVEN,0.2136,0.2726,0.5138
DIAMONDS NINE DIAMONDS EIGHT,0.2192,0.2152,0.5656
DIAMONDS KING HEARTS TEN,0.3236,0.0062,0.6702
HEARTS THREE HEARTS TEN,0.367,0.0266,0.6064
SPADES JACK CLUBS SIX,0.3726,0.0176,0.6098
DIAMONDS KING HEARTS JACK,0.3336,0.0088,0.6576
HEARTS THREE HEARTS JACK,0.3792,0.0186,0.6022
SPADES TEN CLUBS SIX,0.3464,0.0238,0.6298
SPADES JACK SPADES FIVE,0.226,0.061,0.713
SPADES TEN SPADES FIVE,0.2472,0.0742,0.6786
DIAMONDS KING HEARTS ACE,0.3432,0.0058,0.651
HEARTS THREE HEARTS ACE,0.3672,0.0048,0.628
SPADES ACE CLUBS SIX,0.3726,0.0042,0.6232
DIAMONDS KING HEARTS QUEEN,0.3444,0.0072,0.6484
HEARTS THREE HEARTS QUEEN,0.38,0.013,0.607
SPADES KING CLUBS SIX,0.3582,0.008,0.6338
DIAMONDS KING HEARTS KING,0.1488,0.0114,0.8398
HEARTS THREE HEARTS KING,0.38,0.0094,0.6106
SPADES QUEEN CLUBS SIX,0.3648,0.0112,0.624
SPADES NINE HEARTS TEN,0.2264,0.0752,0.6984
SPADES NINE HEARTS JACK,0.2336,0.0606,0.7058
SPADES QUEEN SPADES FIVE,0.2438,0.0404,0.7158
SPADES KING SPADES FIVE,0.2392,0.0356,0.7252
SPADES ACE SPADES FIVE,0.239,0.023,0.738
SPADES NINE HEARTS QUEEN,0.2422,0.0452,0.7126
SPADES NINE HEARTS KING,0.2492,0.0384,0.7124
SPADES NINE HEARTS ACE,0.2418,0.0238,0.7344
CLUBS TEN SPADES JACK,0.3058,0.0132,0.681
CLUBS TEN SPADES TEN,0.1572,0.0428,0.8
SPADES ACE CLUBS TEN,0.321,0.0054,0.6736
CLUBS TEN SPADES KING,0.3266,0.0068,0.6666
CLUBS TEN SPADES QUEEN,0.3168,0.0096,0.6736
SPADES FIVE HEARTS QUEEN,0.2598,0.0486,0.6916
SPADES FIVE HEARTS KING,0.2388,0.0388,0.7224
HEARTS ACE SPADES FIVE,0.2452,0.0248,0.73
CLUBS EIGHT SPADES TEN,0.3324,0.0242,0.6434
HEARTS THREE SPADES JACK,0.4038,0.0188,0.5774
SPADES JACK DIAMONDS KING,0.3318,0.0074,0.6608
SPADES TEN DIAMONDS KING,0.3374,0.0046,0.658
HEARTS THREE SPADES TEN,0.4,0.0312,0.5688
CLUBS EIGHT SPADES JACK,0.3542,0.0192,0.6266
CLUBS SIX HEARTS ACE,0.364,0.0054,0.6306
SPADES ACE CLUBS EIGHT,0.346,0.003,0.651
CLUBS JACK HEARTS FIVE,0.2452,0.063,0.6918
CLUBS TEN HEARTS FIVE,0.2492,0.0816,0.6692
CLUBS SIX HEARTS QUEEN,0.3646,0.012,0.6234
SPADES QUEEN CLUBS EIGHT,0.364,0.01,0.626
CLUBS TEN SPADES THREE,0.401,0.028,0.571
CLUBS SIX HEARTS KING,0.3554,0.0096,0.635
SPADES KING CLUBS EIGHT,0.3798,0.0072,0.613
CLUBS JACK SPADES THREE,0.4034,0.0206,0.576
DIAMONDS TWO HEARTS JACK,0.3956,0.0146,0.5898
SPADES THREE CLUBS QUEEN,0.3998,0.0118,0.5884
DIAMONDS TWO HEARTS TEN,0.3892,0.0288,0.582
SPADES THREE CLUBS KING,0.3988,0.009,0.5922
HEARTS FIVE CLUBS ACE,0.2546,0.0292,0.7162
SPADES FIVE HEARTS TEN,0.2506,0.0746,0.6748
SPADES THREE CLUBS ACE,0.3734,0.004,0.6226
HEARTS FIVE CLUBS KING,0.2424,0.0372,0.7204
SPADES FIVE HEARTS JACK,0.2396,0.07,0.6904
HEARTS FIVE CLUBS QUEEN,0.2468,0.0536,0.6996
HEARTS THREE CLUBS KING,0.4066,0.0096,0.5838
DIAMONDS KING CLUBS KING,0.1554,0.0124,0.8322
HEARTS THREE CLUBS QUEEN,0.4032,0.0132,0.5836
DIAMONDS KING CLUBS QUEEN,0.3398,0.0064,0.6538
HEARTS FIVE HEARTS JACK,0.2404,0.0606,0.699
HEARTS FIVE HEARTS TEN,0.2358,0.0748,0.6894
HEARTS THREE CLUBS ACE,0.3922,0.0056,0.6022
DIAMONDS KING CLUBS ACE,0.319,0.005,0.676
SPADES ACE CLUBS QUEEN,0.3426,0.005,0.6524
SPADES KING CLUBS QUEEN,0.3294,0.006,0.6646
CLUBS JACK HEARTS THREE,0.4068,0.02,0.5732
CLUBS JACK DIAMONDS KING,0.3364,0.0062,0.6574
SPADES QUEEN CLUBS QUEEN,0.1462,0.0218,0.832
CLUBS TEN HEARTS THREE,0.3988,0.0324,0.5688
CLUBS TEN DIAMONDS KING,0.3246,0.0078,0.6676
SPADES JACK CLUBS QUEEN,0.3218,0.0104,0.6678
CLUBS SIX CLUBS QUEEN,0.3352,0.0122,0.6526
SPADES TEN CLUBS QUEEN,0.3138,0.01,0.6762
CLUBS SIX CLUBS KING,0.35,0.0072,0.6428
CLUBS SIX CLUBS ACE,0.3522,0.0056,0.6422
HEARTS FIVE HEARTS KING,0.2356,0.0356,0.7288
HEARTS FIVE HEARTS QUEEN,0.2468,0.0448,0.7084
CLUBS TEN CLUBS SIX,0.3338,0.029,0.6372
HEARTS FIVE HEARTS ACE,0.2274,0.0268,0.7458
CLUBS JACK CLUBS SIX,0.3458,0.0168,0.6374
SPADES SEVEN HEARTS JACK,0.3424,0.0192,0.6384
SPADES SEVEN HEARTS TEN,0.3524,0.0264,0.6212
DIAMONDS TWO CLUBS TWO,0.392,0.0852,0.5228
DIAMONDS TWO CLUBS THREE,0.6182,0.0432,0.3386
HEARTS SIX DIAMONDS TWO,0.618,0.0442,0.3378
DIAMONDS TWO HEARTS QUEEN,0.4072,0.012,0.5808
DIAMONDS TWO HEARTS SEVEN,0.6244,0.045,0.3306
DIAMONDS TWO HEARTS KING,0.4056,0.0112,0.5832
DIAMONDS TWO HEARTS EIGHT,0.6158,0.0464,0.3378
DIAMONDS TWO HEARTS ACE,0.3882,0.005,0.6068
DIAMONDS TWO DIAMONDS QUEEN,0.3906,0.0112,0.5982
DIAMONDS TWO HEARTS TWO,0.395,0.0812,0.5238
DIAMONDS TWO DIAMONDS KING,0.3844,0.0074,0.6082
HEARTS THREE DIAMONDS TWO,0.6236,0.0448,0.3316
DIAMONDS TWO DIAMONDS ACE,0.3624,0.004,0.6336
HEARTS FOUR DIAMONDS TWO,0.6162,0.0492,0.3346
DIAMONDS TWO HEARTS FIVE,0.6476,0.1014,0.251
SPADES SEVEN HEARTS ACE,0.3624,0.0048,0.6328
DIAMONDS TWO DIAMONDS TEN,0.3678,0.0282,0.604
SPADES SEVEN HEARTS KING,0.3626,0.0096,0.6278
DIAMONDS TWO DIAMONDS JACK,0.39,0.0192,0.5908
SPADES SEVEN HEARTS QUEEN,0.383,0.0114,0.6056
DIAMONDS TWO SPADES NINE,0.3364,0.4482,0.2154
DIAMONDS TWO SPADES EIGHT,0.6116,0.0428,0.3456
DIAMONDS TWO SPADES SEVEN,0.6046,0.0432,0.3522
DIAMONDS TWO SPADES SIX,0.611,0.0472,0.3418
DIAMONDS TWO SPADES FIVE,0.6414,0.1132,0.2454
DIAMONDS TWO SPADES FOUR,0.624,0.0404,0.3356
DIAMONDS TWO SPADES THREE,0.616,0.046,0.338
DIAMONDS TWO SPADES TWO,0.399,0.0792,0.5218
DIAMONDS TWO CLUBS NINE,0.3342,0.4474,0.2184
CLUBS EIGHT DIAMONDS TWO,0.6258,0.041,0.3332
DIAMONDS TWO CLUBS SEVEN,0.6118,0.045,0.3432
DIAMONDS TWO CLUBS SIX,0.6168,0.0466,0.3366
DIAMONDS TWO CLUBS FOUR,0.6216,0.048,0.3304
CLUBS FOUR SPADES FIVE,0.6284,0.108,0.2636
CLUBS FOUR SPADES FOUR,0.381,0.0862,0.5328
CLUBS FOUR SPADES THREE,0.6044,0.046,0.3496
CLUBS FOUR SPADES TWO,0.6074,0.0462,0.3464
SPADES NINE CLUBS FOUR,0.3252,0.4632,0.2116
SPADES EIGHT CLUBS FOUR,0.6132,0.0412,0.3456
SPADES SEVEN CLUBS FOUR,0.5984,0.0474,0.3542
CLUBS FOUR SPADES SIX,0.5928,0.044,0.3632
SPADES ACE DIAMONDS SIX,0.3712,0.0054,0.6234
SPADES QUEEN DIAMONDS SIX,0.3682,0.0102,0.6216
SPADES KING DIAMONDS SIX,0.3838,0.0076,0.6086
SPADES TEN DIAMONDS SIX,0.3588,0.0296,0.6116
SPADES JACK DIAMONDS SIX,0.3724,0.0164,0.6112
SPADES QUEEN SPADES TWO,0.382,0.0116,0.6064
SPADES KING SPADES TWO,0.3828,0.0076,0.6096
SPADES ACE SPADES TWO,0.3762,0.0058,0.618
CLUBS JACK DIAMONDS JACK,0.1482,0.0306,0.8212
CLUBS TEN DIAMONDS JACK,0.3046,0.0158,0.6796
DIAMONDS JACK CLUBS KING,0.3358,0.006,0.6582
DIAMONDS JACK CLUBS QUEEN,0.3228,0.0104,0.6668
DIAMONDS THREE DIAMONDS JACK,0.3728,0.0164,0.6108
DIAMONDS THREE DIAMONDS TEN,0.376,0.027,0.597
DIAMONDS JACK CLUBS ACE,0.3282,0.0026,0.6692
DIAMONDS THREE DIAMONDS KING,0.3888,0.0078,0.6034
HEARTS THREE DIAMONDS THREE,0.392,0.0808,0.5272
DIAMONDS THREE DIAMONDS QUEEN,0.3816,0.0124,0.606
DIAMONDS THREE HEARTS TWO,0.6196,0.049,0.3314
HEARTS FIVE DIAMONDS THREE,0.6352,0.113,0.2518
DIAMONDS THREE DIAMONDS ACE,0.378,0.0036,0.6184
HEARTS FOUR DIAMONDS THREE,0.6052,0.0452,0.3496
DIAMONDS THREE HEARTS SEVEN,0.605,0.044,0.351
SPADES TEN SPADES NINE,0.2054,0.066,0.7286
HEARTS SIX DIAMONDS THREE,0.5992,0.0416,0.3592
SPADES JACK SPADES NINE,0.2166,0.0566,0.7268
HEARTS JACK DIAMONDS FOUR,0.3918,0.0188,0.5894
HEARTS ACE HEARTS KING,0.323,0.0054,0.6716
SPADES TEN SPADES TWO,0.3706,0.0294,0.6
DIAMONDS THREE HEARTS EIGHT,0.6302,0.044,0.3258
HEARTS TEN DIAMONDS FOUR,0.3992,0.0254,0.5754
SPADES JACK SPADES TWO,0.3684,0.0192,0.6124
HEARTS QUEEN DIAMONDS FOUR,0.3938,0.0104,0.5958
HEARTS KING DIAMONDS FOUR,0.402,0.0076,0.5904
SPADES ACE SPADES NINE,0.2332,0.0218,0.745
HEARTS ACE DIAMONDS FOUR,0.3892,0.0044,0.6064
SPADES KING SPADES NINE,0.2372,0.036,0.7268
SPADES QUEEN SPADES NINE,0.2282,0.0452,0.7266
DIAMONDS THREE SPADES NINE,0.329,0.4582,0.2128
DIAMONDS THREE SPADES EIGHT,0.6244,0.0456,0.33
DIAMONDS THREE SPADES SEVEN,0.6082,0.0434,0.3484
DIAMONDS THREE SPADES SIX,0.599,0.045,0.356
DIAMONDS THREE CLUBS SIX,0.5908,0.0458,0.3634
CLUBS ACE DIAMONDS FOUR,0.3858,0.0054,0.6088
DIAMONDS THREE CLUBS SEVEN,0.604,0.0404,0.3556
DIAMONDS THREE CLUBS FOUR,0.6044,0.0446,0.351
DIAMONDS FOUR CLUBS QUEEN,0.3952,0.013,0.5918
DIAMONDS FOUR CLUBS KING,0.3884,0.0084,0.6032
DIAMONDS THREE CLUBS TWO,0.6264,0.0448,0.3288
CLUBS TEN DIAMONDS FOUR,0.39,0.0278,0.5822
DIAMONDS THREE CLUBS THREE,0.3882,0.081,0.5308
CLUBS JACK DIAMONDS FOUR,0.4088,0.0194,0.5718
DIAMONDS THREE SPADES FOUR,0.5956,0.046,0.3584
DIAMONDS THREE SPADES FIVE,0.6074,0.1126,0.28
DIAMONDS THREE SPADES TWO,0.6016,0.0456,0.3528
DIAMONDS THREE SPADES THREE,0.3736,0.0836,0.5428
CLUBS EIGHT DIAMONDS THREE,0.609,0.0442,0.3468
CLUBS NINE DIAMONDS THREE,0.3314,0.453,0.2156
SPADES SEVEN CLUBS ACE,0.3724,0.0052,0.6224
SPADES SEVEN CLUBS QUEEN,0.3654,0.0082,0.6264
SPADES SEVEN CLUBS KING,0.3592,0.0076,0.6332
CLUBS TEN SPADES SEVEN,0.3424,0.0262,0.6314
CLUBS JACK SPADES SEVEN,0.3516,0.02,0.6284
CLUBS ACE CLUBS QUEEN,0.3148,0.0042,0.681
CLUBS KING CLUBS QUEEN,0.3068,0.0082,0.685
DIAMONDS TEN DIAMONDS FOUR,0.3966,0.0236,0.5798
CLUBS TEN DIAMONDS NINE,0.2304,0.0814,0.6882
DIAMONDS JACK DIAMONDS FOUR,0.385,0.019,0.596
CLUBS JACK DIAMONDS NINE,0.2456,0.0594,0.695
CLUBS JACK SPADES NINE,0.2372,0.0584,0.7044
CLUBS TEN SPADES NINE,0.2172,0.0736,0.7092
DIAMONDS ACE DIAMONDS FOUR,0.3716,0.0046,0.6238
HEARTS FOUR DIAMONDS FOUR,0.3944,0.0856,0.52
DIAMONDS JACK HEARTS TEN,0.3118,0.014,0.6742
SPADES NINE CLUBS KING,0.2302,0.0362,0.7336
DIAMONDS TWO SPADES TEN,0.3986,0.0284,0.573
DIAMONDS NINE CLUBS ACE,0.2448,0.0238,0.7314
HEARTS FIVE DIAMONDS FOUR,0.6268,0.1128,0.2604
DIAMONDS JACK HEARTS JACK,0.1462,0.0326,0.8212
SPADES NINE CLUBS QUEEN,0.2506,0.0474,0.702
DIAMONDS TWO SPADES JACK,0.4096,0.0166,0.5738
DIAMONDS QUEEN DIAMONDS FOUR,0.3892,0.0126,0.5982
HEARTS TWO DIAMONDS FOUR,0.623,0.0452,0.3318
DIAMONDS NINE CLUBS QUEEN,0.243,0.0476,0.7094
DIAMONDS KING DIAMONDS FOUR,0.3722,0.0076,0.6202
HEARTS THREE DIAMONDS FOUR,0.5918,0.0488,0.3594
SPADES NINE CLUBS ACE,0.247,0.0218,0.7312
DIAMONDS NINE CLUBS KING,0.2472,0.037,0.7158
HEARTS ACE DIAMONDS JACK,0.3306,0.004,0.6654
SPADES ACE DIAMONDS TWO,0.3874,0.0062,0.6064
HEARTS QUEEN DIAMONDS JACK,0.3232,0.0058,0.671
SPADES QUEEN DIAMONDS TWO,0.405,0.009,0.586
DIAMONDS JACK HEARTS KING,0.3192,0.0086,0.6722
SPADES KING DIAMONDS TWO,0.4238,0.0068,0.5694
SPADES JACK SPADES SEVEN,0.3352,0.0208,0.644
SPADES TEN SPADES SEVEN,0.3418,0.0282,0.63
CLUBS SEVEN CLUBS THREE,0.5806,0.045,0.3744
CLUBS SIX CLUBS THREE,0.5564,0.0446,0.399
CLUBS THREE CLUBS FOUR,0.5746,0.0414,0.384
CLUBS NINE CLUBS THREE,0.32,0.4302,0.2498
CLUBS EIGHT CLUBS THREE,0.5942,0.0334,0.3724
CLUBS THREE SPADES FIVE,0.6148,0.114,0.2712
CLUBS THREE SPADES FOUR,0.6064,0.0454,0.3482
CLUBS THREE SPADES THREE,0.3948,0.0762,0.529
CLUBS THREE SPADES TWO,0.6238,0.0432,0.333
CLUBS THREE SPADES SIX,0.6036,0.0428,0.3536
CLUBS THREE SPADES SEVEN,0.6038,0.0432,0.353
SPADES EIGHT CLUBS THREE,0.6188,0.044,0.3372
SPADES NINE CLUBS THREE,0.344,0.443,0.213
SPADES TWO DIAMONDS FOUR,0.629,0.04,0.331
SPADES THREE DIAMONDS FOUR,0.588,0.0458,0.3662
SPADES FOUR DIAMONDS FOUR,0.3808,0.0732,0.546
SPADES FIVE DIAMONDS FOUR,0.6048,0.1178,0.2774
SPADES SIX DIAMONDS FOUR,0.5882,0.042,0.3698
SPADES SEVEN DIAMONDS FOUR,0.5938,0.0428,0.3634
SPADES EIGHT DIAMONDS FOUR,0.6088,0.0422,0.349
SPADES NINE DIAMONDS FOUR,0.3272,0.4534,0.2194
CLUBS FOUR DIAMONDS FOUR,0.3838,0.0808,0.5354
CLUBS SEVEN DIAMONDS FOUR,0.59,0.046,0.364
CLUBS SIX DIAMONDS FOUR,0.5766,0.051,0.3724
CLUBS NINE DIAMONDS FOUR,0.3284,0.4496,0.222
CLUBS EIGHT DIAMONDS FOUR,0.6008,0.0418,0.3574
DIAMONDS FOUR HEARTS SEVEN,0.5784,0.046,0.3756
HEARTS SIX DIAMONDS FOUR,0.5742,0.0468,0.379
DIAMONDS FOUR HEARTS EIGHT,0.6114,0.0398,0.3488
CLUBS THREE DIAMONDS FOUR,0.594,0.0482,0.3578
CLUBS TWO DIAMONDS FOUR,0.6162,0.0502,0.3336
DIAMONDS TEN DIAMONDS FIVE,0.2398,0.0816,0.6786
DIAMONDS JACK DIAMONDS FIVE,0.2398,0.0622,0.698
DIAMONDS NINE HEARTS QUEEN,0.259,0.0516,0.6894
DIAMONDS NINE HEARTS KING,0.2444,0.0352,0.7204
HEARTS ACE DIAMONDS NINE,0.2338,0.0236,0.7426
DIAMONDS NINE HEARTS TEN,0.2212,0.0732,0.7056
DIAMONDS NINE HEARTS JACK,0.2358,0.0612,0.703
CLUBS KING DIAMONDS SIX,0.3596,0.007,0.6334
CLUBS QUEEN DIAMONDS SIX,0.3694,0.0124,0.6182
CLUBS ACE DIAMONDS SIX,0.3692,0.0046,0.6262
SPADES KING DIAMONDS FOUR,0.408,0.0074,0.5846
SPADES ACE SPADES SEVEN,0.3434,0.0036,0.653
SPADES QUEEN DIAMONDS FOUR,0.4066,0.013,0.5804
SPADES QUEEN SPADES SEVEN,0.3466,0.0128,0.6406
CLUBS JACK DIAMONDS SIX,0.3708,0.0206,0.6086
SPADES KING SPADES SEVEN,0.3584,0.006,0.6356
SPADES ACE DIAMONDS FOUR,0.3924,0.0048,0.6028
CLUBS TEN DIAMONDS SIX,0.3616,0.0276,0.6108
CLUBS NINE CLUBS FOUR,0.3148,0.4312,0.254
CLUBS EIGHT CLUBS FOUR,0.5648,0.0448,0.3904
SPADES JACK DIAMONDS FOUR,0.4056,0.0194,0.575
SPADES TEN DIAMONDS FOUR,0.4008,0.0308,0.5684
CLUBS SEVEN CLUBS FOUR,0.5502,0.0444,0.4054
CLUBS SIX CLUBS FOUR,0.5532,0.0452,0.4016
CLUBS SEVEN SPADES EIGHT,0.5472,0.0412,0.4116
SPADES NINE CLUBS SEVEN,0.2272,0.2898,0.483
CLUBS SEVEN SPADES SIX,0.5344,0.0452,0.4204
CLUBS SEVEN SPADES SEVEN,0.2682,0.071,0.6608
CLUBS SEVEN SPADES FIVE,0.6092,0.1056,0.2852
CLUBS SEVEN SPADES FOUR,0.5898,0.0438,0.3664
CLUBS SEVEN SPADES THREE,0.5874,0.0442,0.3684
CLUBS SEVEN SPADES TWO,0.6052,0.045,0.3498
CLUBS NINE CLUBS SEVEN,0.21,0.285,0.505
CLUBS EIGHT CLUBS SEVEN,0.5094,0.038,0.4526
HEARTS SIX DIAMONDS FIVE,0.6104,0.1102,0.2794
DIAMONDS FIVE HEARTS SEVEN,0.638,0.0986,0.2634
DIAMONDS FIVE HEARTS EIGHT,0.6472,0.1062,0.2466
DIAMONDS QUEEN DIAMONDS FIVE,0.2532,0.0434,0.7034
HEARTS TWO DIAMONDS FIVE,0.6334,0.1122,0.2544
HEARTS KING HEARTS EIGHT,0.3402,0.0068,0.653
DIAMONDS KING DIAMONDS FIVE,0.244,0.0348,0.7212
HEARTS THREE DIAMONDS FIVE,0.6122,0.1078,0.28
HEARTS QUEEN HEARTS EIGHT,0.3464,0.0138,0.6398
DIAMONDS ACE DIAMONDS FIVE,0.2366,0.0266,0.7368
HEARTS FOUR DIAMONDS FIVE,0.6288,0.1106,0.2606
HEARTS FIVE DIAMONDS FIVE,0.2866,0.0594,0.654
HEARTS ACE HEARTS EIGHT,0.3488,0.0064,0.6448
CLUBS FOUR DIAMONDS FIVE,0.6216,0.1166,0.2618
CLUBS SIX DIAMONDS FIVE,0.6222,0.1058,0.272
CLUBS SEVEN DIAMONDS FIVE,0.635,0.103,0.262
CLUBS TWO DIAMONDS FIVE,0.6328,0.1162,0.251
CLUBS THREE DIAMONDS FIVE,0.6112,0.1146,0.2742
SPADES THREE DIAMONDS FIVE,0.618,0.1062,0.2758
SPADES TWO DIAMONDS FIVE,0.631,0.1114,0.2576
SPADES JACK DIAMONDS EIGHT,0.3416,0.0162,0.6422
SPADES FIVE DIAMONDS FIVE,0.2854,0.068,0.6466
CLUBS TEN HEARTS JACK,0.2936,0.017,0.6894
SPADES TEN DIAMONDS EIGHT,0.3484,0.0254,0.6262
SPADES FOUR DIAMONDS FIVE,0.619,0.1064,0.2746
CLUBS JACK HEARTS JACK,0.1506,0.0302,0.8192
HEARTS JACK CLUBS QUEEN,0.3174,0.01,0.6726
CLUBS NINE DIAMONDS FIVE,0.0104,0.9698,0.0198
CLUBS EIGHT DIAMONDS FIVE,0.6408,0.1088,0.2504
HEARTS JACK CLUBS KING,0.3294,0.0074,0.6632
CLUBS ACE HEARTS JACK,0.3318,0.0056,0.6626
SPADES SEVEN DIAMONDS FIVE,0.6302,0.1062,0.2636
SPADES KING DIAMONDS EIGHT,0.3642,0.0046,0.6312
SPADES QUEEN DIAMONDS EIGHT,0.3528,0.0102,0.637
SPADES SIX DIAMONDS FIVE,0.6148,0.1074,0.2778
SPADES NINE DIAMONDS FIVE,0.0224,0.9562,0.0214
SPADES EIGHT DIAMONDS FIVE,0.6414,0.107,0.2516
SPADES ACE DIAMONDS EIGHT,0.3612,0.0032,0.6356
DIAMONDS TEN DIAMONDS SIX,0.3428,0.0246,0.6326
HEARTS ACE DIAMONDS SEVEN,0.36,0.0038,0.6362
DIAMONDS JACK DIAMONDS SIX,0.3466,0.0178,0.6356
HEARTS QUEEN DIAMONDS SEVEN,0.3612,0.0128,0.626
HEARTS KING DIAMONDS SEVEN,0.3702,0.0082,0.6216
DIAMONDS ACE DIAMONDS SIX,0.3398,0.0028,0.6574
HEARTS FOUR DIAMONDS SIX,0.5836,0.0404,0.376
SPADES TWO HEARTS JACK,0.3996,0.0174,0.583
HEARTS FIVE DIAMONDS SIX,0.6264,0.1052,0.2684
SPADES TWO HEARTS TEN,0.4002,0.0294,0.5704
DIAMONDS QUEEN DIAMONDS SIX,0.3522,0.0098,0.638
HEARTS TWO DIAMONDS SIX,0.6128,0.0444,0.3428
DIAMONDS KING DIAMONDS SIX,0.3452,0.0086,0.6462
HEARTS THREE DIAMONDS SIX,0.5996,0.047,0.3534
HEARTS EIGHT DIAMONDS SIX,0.5534,0.043,0.4036
HEARTS SIX DIAMONDS SIX,0.2772,0.069,0.6538
HEARTS SEVEN DIAMONDS SIX,0.531,0.0442,0.4248
HEARTS TEN DIAMONDS SEVEN,0.3452,0.0242,0.6306
CLUBS TWO DIAMONDS SIX,0.606,0.0396,0.3544
HEARTS JACK DIAMONDS SEVEN,0.3604,0.0172,0.6224
CLUBS THREE DIAMONDS SIX,0.6158,0.0402,0.344
CLUBS SEVEN DIAMONDS SIX,0.5316,0.0418,0.4266
CLUBS JACK DIAMONDS EIGHT,0.3466,0.019,0.6344
CLUBS SIX DIAMONDS SIX,0.2912,0.0728,0.636
CLUBS TEN DIAMONDS EIGHT,0.3386,0.0294,0.632
CLUBS FOUR DIAMONDS SIX,0.5924,0.046,0.3616
HEARTS ACE HEARTS JACK,0.312,0.0054,0.6826
DIAMONDS EIGHT CLUBS ACE,0.3478,0.0032,0.649
HEARTS QUEEN HEARTS JACK,0.3076,0.01,0.6824
DIAMONDS EIGHT CLUBS KING,0.361,0.009,0.63
CLUBS NINE DIAMONDS SIX,0.2066,0.3772,0.4162
HEARTS KING HEARTS JACK,0.3176,0.0064,0.676
CLUBS EIGHT DIAMONDS SIX,0.5378,0.043,0.4192
DIAMONDS EIGHT CLUBS QUEEN,0.3642,0.0106,0.6252
SPADES TEN HEARTS KING,0.3278,0.0048,0.6674
SPADES FIVE DIAMONDS SIX,0.6204,0.1062,0.2734
HEARTS ACE SPADES TWO,0.3922,0.0028,0.605
SPADES JACK HEARTS KING,0.3386,0.0072,0.6542
SPADES FOUR DIAMONDS SIX,0.5906,0.0416,0.3678
SPADES THREE DIAMONDS SIX,0.5952,0.0456,0.3592
HEARTS QUEEN SPADES TWO,0.4074,0.0124,0.5802
SPADES ACE SPADES KING,0.3122,0.0044,0.6834
HEARTS KING SPADES TWO,0.4024,0.0114,0.5862
SPADES TWO DIAMONDS SIX,0.6092,0.0436,0.3472
HEARTS TEN HEARTS EIGHT,0.3238,0.0234,0.6528
SPADES NINE DIAMONDS SIX,0.226,0.3702,0.4038
HEARTS JACK HEARTS EIGHT,0.3362,0.0156,0.6482
SPADES EIGHT DIAMONDS SIX,0.549,0.0402,0.4108
SPADES SEVEN DIAMONDS SIX,0.5414,0.0458,0.4128
SPADES SIX DIAMONDS SIX,0.275,0.0768,0.6482
SPADES KING HEARTS KING,0.1538,0.013,0.8332
SPADES QUEEN HEARTS KING,0.329,0.0064,0.6646
CLUBS ACE CLUBS KING,0.3202,0.0042,0.6756
SPADES ACE HEARTS KING,0.351,0.0052,0.6438
SPADES ACE HEARTS JACK,0.3336,0.0044,0.662
SPADES QUEEN HEARTS JACK,0.3194,0.007,0.6736
SPADES KING HEARTS JACK,0.3296,0.0062,0.6642
SPADES TEN DIAMONDS TEN,0.1566,0.042,0.8014
SPADES JACK DIAMONDS TEN,0.3164,0.0136,0.67
SPADES ACE DIAMONDS TEN,0.3356,0.003,0.6614
SPADES JACK HEARTS JACK,0.1552,0.0316,0.8132
SPADES TEN HEARTS JACK,0.3164,0.0128,0.6708
SPADES QUEEN DIAMONDS TEN,0.3246,0.0112,0.6642
SPADES KING DIAMONDS TEN,0.3276,0.0068,0.6656
SPADES NINE DIAMONDS SEVEN,0.226,0.292,0.482
SPADES EIGHT DIAMONDS SEVEN,0.5322,0.0416,0.4262
SPADES SEVEN DIAMONDS SEVEN,0.2732,0.0638,0.663
SPADES SIX DIAMONDS SEVEN,0.5532,0.044,0.4028
DIAMONDS KING DIAMONDS SEVEN,0.3474,0.0056,0.647
HEARTS THREE DIAMONDS SEVEN,0.6312,0.0392,0.3296
HEARTS KING DIAMONDS FIVE,0.2504,0.039,0.7106
DIAMONDS QUEEN DIAMONDS SEVEN,0.3528,0.0138,0.6334
HEARTS TWO DIAMONDS SEVEN,0.6172,0.0442,0.3386
HEARTS QUEEN DIAMONDS FIVE,0.2492,0.0498,0.701
HEARTS FIVE DIAMONDS SEVEN,0.628,0.1102,0.2618
DIAMONDS ACE DIAMONDS SEVEN,0.3376,0.0036,0.6588
HEARTS FOUR DIAMONDS SEVEN,0.59,0.0408,0.3692
HEARTS ACE DIAMONDS FIVE,0.2294,0.0258,0.7448
HEARTS SEVEN DIAMONDS SEVEN,0.282,0.065,0.653
HEARTS SIX DIAMONDS SEVEN,0.5586,0.041,0.4004
DIAMONDS SEVEN HEARTS EIGHT,0.5346,0.0442,0.4212
DIAMONDS JACK DIAMONDS SEVEN,0.352,0.0154,0.6326
DIAMONDS FIVE HEARTS JACK,0.253,0.0612,0.6858
DIAMONDS TEN DIAMONDS SEVEN,0.3298,0.024,0.6462
HEARTS TEN DIAMONDS FIVE,0.2396,0.082,0.6784
CLUBS EIGHT DIAMONDS SEVEN,0.5414,0.0376,0.421
SPADES KING CLUBS TWO,0.4208,0.0094,0.5698
HEARTS KING CLUBS KING,0.1342,0.0154,0.8504
SPADES QUEEN CLUBS TWO,0.4146,0.0122,0.5732
HEARTS KING CLUBS QUEEN,0.3202,0.0064,0.6734
CLUBS NINE DIAMONDS SEVEN,0.2186,0.288,0.4934
CLUBS JACK SPADES TWO,0.4122,0.0194,0.5684
CLUBS SIX CLUBS SEVEN,0.5176,0.0402,0.4422
SPADES ACE CLUBS TWO,0.4056,0.0038,0.5906
CLUBS TEN SPADES TWO,0.407,0.0304,0.5626
HEARTS KING CLUBS ACE,0.3332,0.0058,0.661
SPADES TWO CLUBS KING,0.4016,0.0074,0.591
SPADES TWO DIAMONDS SEVEN,0.6164,0.0446,0.339
CLUBS EIGHT CLUBS SIX,0.525,0.0376,0.4374
SPADES THREE DIAMONDS SEVEN,0.6048,0.0394,0.3558
SPADES TWO CLUBS QUEEN,0.403,0.013,0.584
CLUBS NINE CLUBS SIX,0.1984,0.3708,0.4308
SPADES FOUR DIAMONDS SEVEN,0.5806,0.043,0.3764
CLUBS JACK HEARTS KING,0.3368,0.0066,0.6566
SPADES FIVE DIAMONDS SEVEN,0.6258,0.1088,0.2654
SPADES TWO CLUBS ACE,0.3928,0.0058,0.6014
CLUBS TEN HEARTS KING,0.3212,0.0068,0.672
CLUBS SIX SPADES TWO,0.6042,0.0404,0.3554
CLUBS SIX SPADES THREE,0.597,0.0416,0.3614
CLUBS TWO DIAMONDS SEVEN,0.6222,0.0462,0.3316
CLUBS SIX SPADES FOUR,0.565,0.0452,0.3898
CLUBS THREE DIAMONDS SEVEN,0.6214,0.04,0.3386
CLUBS SIX SPADES FIVE,0.6148,0.1034,0.2818
CLUBS FOUR DIAMONDS SEVEN,0.5906,0.0432,0.3662
CLUBS SIX SPADES SIX,0.2858,0.0748,0.6394
CLUBS SIX SPADES SEVEN,0.5266,0.0442,0.4292
CLUBS SIX DIAMONDS SEVEN,0.5442,0.0362,0.4196
CLUBS SIX SPADES EIGHT,0.5502,0.0408,0.409
SPADES JACK CLUBS TWO,0.4072,0.0216,0.5712
CLUBS SEVEN DIAMONDS SEVEN,0.2668,0.0678,0.6654
CLUBS SIX SPADES NINE,0.2288,0.3768,0.3944
SPADES TEN CLUBS TWO,0.4032,0.0278,0.569
CLUBS TWO CLUBS QUEEN,0.3726,0.0138,0.6136
CLUBS TWO CLUBS KING,0.3776,0.006,0.6164
CLUBS THREE DIAMONDS EIGHT,0.6102,0.0462,0.3436
CLUBS TWO CLUBS ACE,0.368,0.006,0.626
CLUBS TWO DIAMONDS EIGHT,0.624,0.0378,0.3382
DIAMONDS EIGHT HEARTS SEVEN,0.5382,0.0372,0.4246
HEARTS SIX DIAMONDS EIGHT,0.5434,0.0442,0.4124
CLUBS TEN CLUBS TWO,0.3928,0.0226,0.5846
DIAMONDS EIGHT HEARTS EIGHT,0.2696,0.0518,0.6786
CLUBS JACK CLUBS TWO,0.3826,0.0204,0.597
CLUBS NINE DIAMONDS EIGHT,0.225,0.2248,0.5502
CLUBS EIGHT DIAMONDS EIGHT,0.2558,0.0622,0.682
SPADES ACE SPADES THREE,0.3596,0.0038,0.6366
CLUBS FOUR DIAMONDS EIGHT,0.6068,0.0452,0.348
CLUBS SEVEN DIAMONDS EIGHT,0.5416,0.042,0.4164
SPADES QUEEN SPADES THREE,0.377,0.0098,0.6132
CLUBS SIX DIAMONDS EIGHT,0.5442,0.041,0.4148
SPADES KING SPADES THREE,0.3776,0.0086,0.6138
DIAMONDS QUEEN DIAMONDS EIGHT,0.3346,0.0126,0.6528
HEARTS TWO DIAMONDS EIGHT,0.6216,0.0464,0.332
DIAMONDS KING DIAMONDS EIGHT,0.3692,0.007,0.6238
HEARTS THREE DIAMONDS EIGHT,0.631,0.046,0.323
DIAMONDS ACE DIAMONDS EIGHT,0.3396,0.0038,0.6566
HEARTS FOUR DIAMONDS EIGHT,0.6002,0.0422,0.3576
HEARTS FIVE DIAMONDS EIGHT,0.6444,0.1038,0.2518
DIAMONDS EIGHT DIAMONDS TEN,0.3188,0.0216,0.6596
DIAMONDS EIGHT DIAMONDS JACK,0.325,0.0186,0.6564
SPADES JACK SPADES THREE,0.3836,0.018,0.5984
SPADES TEN SPADES THREE,0.3758,0.0258,0.5984
CLUBS FOUR HEARTS ACE,0.387,0.0054,0.6076
CLUBS FOUR HEARTS QUEEN,0.3932,0.0144,0.5924
CLUBS FOUR HEARTS KING,0.4002,0.0076,0.5922
CLUBS SIX HEARTS TEN,0.344,0.0306,0.6254
CLUBS SIX HEARTS JACK,0.3706,0.0172,0.6122
DIAMONDS EIGHT SPADES FOUR,0.6076,0.0394,0.353
SPADES FIVE DIAMONDS EIGHT,0.6386,0.1016,0.2598
DIAMONDS EIGHT SPADES TWO,0.614,0.0404,0.3456
DIAMONDS EIGHT SPADES THREE,0.6248,0.041,0.3342
CLUBS FOUR HEARTS JACK,0.4052,0.0206,0.5742
SPADES EIGHT DIAMONDS EIGHT,0.2792,0.0588,0.662
SPADES TEN DIAMONDS QUEEN,0.3146,0.0126,0.6728
SPADES TEN HEARTS TWO,0.4148,0.025,0.5602
SPADES JACK HEARTS EIGHT,0.3542,0.0168,0.629
CLUBS FOUR HEARTS TEN,0.4068,0.028,0.5652
SPADES NINE DIAMONDS EIGHT,0.2322,0.2276,0.5402
SPADES TEN HEARTS EIGHT,0.3428,0.0236,0.6336
SPADES JACK HEARTS TWO,0.4134,0.0138,0.5728
SPADES JACK DIAMONDS QUEEN,0.3256,0.0076,0.6668
SPADES SIX DIAMONDS EIGHT,0.5624,0.0414,0.3962
SPADES SEVEN DIAMONDS EIGHT,0.529,0.0338,0.4372
SPADES ACE HEARTS TWO,0.3914,0.0064,0.6022
SPADES ACE DIAMONDS QUEEN,0.3428,0.0024,0.6548
SPADES ACE HEARTS EIGHT,0.3542,0.003,0.6428
SPADES KING HEARTS EIGHT,0.3768,0.0078,0.6154
SPADES QUEEN HEARTS TWO,0.41,0.0134,0.5766
SPADES QUEEN DIAMONDS QUEEN,0.1612,0.0218,0.817
SPADES KING DIAMONDS QUEEN,0.3498,0.0048,0.6454
SPADES KING HEARTS TWO,0.417,0.0072,0.5758
SPADES QUEEN HEARTS EIGHT,0.3758,0.0108,0.6134
CLUBS TWO HEARTS TEN,0.4026,0.033,0.5644
CLUBS TWO HEARTS JACK,0.4162,0.0196,0.5642
SPADES SEVEN DIAMONDS NINE,0.2216,0.2908,0.4876
SPADES SIX DIAMONDS NINE,0.2284,0.385,0.3866
SPADES NINE DIAMONDS NINE,0.1054,0.0688,0.8258
SPADES EIGHT DIAMONDS NINE,0.234,0.2212,0.5448
SPADES TEN CLUBS KING,0.3346,0.0078,0.6576
DIAMONDS NINE SPADES THREE,0.3414,0.441,0.2176
SPADES JACK CLUBS KING,0.3288,0.0058,0.6654
DIAMONDS NINE SPADES TWO,0.332,0.4538,0.2142
DIAMONDS NINE SPADES FIVE,0.0256,0.9524,0.022
DIAMONDS NINE SPADES FOUR,0.3384,0.433,0.2286
CLUBS NINE DIAMONDS NINE,0.0986,0.0684,0.833
CLUBS EIGHT DIAMONDS NINE,0.2156,0.2242,0.5602
CLUBS SIX DIAMONDS NINE,0.2268,0.3784,0.3948
SPADES JACK CLUBS FOUR,0.4058,0.0218,0.5724
CLUBS SEVEN DIAMONDS NINE,0.2152,0.2816,0.5032
SPADES TEN CLUBS FOUR,0.4006,0.0288,0.5706
CLUBS FOUR DIAMONDS NINE,0.3166,0.4652,0.2182
DIAMONDS NINE CLUBS TWO,0.3272,0.4596,0.2132
CLUBS THREE DIAMONDS NINE,0.323,0.463,0.214
DIAMONDS NINE HEARTS EIGHT,0.2306,0.2292,0.5402
HEARTS SIX DIAMONDS NINE,0.224,0.3876,0.3884
DIAMONDS NINE HEARTS SEVEN,0.2282,0.2922,0.4796
CLUBS EIGHT CLUBS NINE,0.22,0.224,0.556
DIAMONDS ACE DIAMONDS NINE,0.235,0.0206,0.7444
HEARTS FOUR DIAMONDS NINE,0.334,0.4448,0.2212
HEARTS FIVE DIAMONDS NINE,0.0168,0.9716,0.0116
HEARTS ACE CLUBS TWO,0.3934,0.0036,0.603
SPADES ACE CLUBS FOUR,0.3886,0.0042,0.6072
DIAMONDS QUEEN DIAMONDS NINE,0.2412,0.044,0.7148
HEARTS TWO DIAMONDS NINE,0.333,0.459,0.208
CLUBS TWO HEARTS KING,0.3982,0.0092,0.5926
SPADES KING CLUBS FOUR,0.3988,0.0076,0.5936
DIAMONDS KING DIAMONDS NINE,0.2326,0.0336,0.7338
HEARTS THREE DIAMONDS NINE,0.3482,0.4398,0.212
CLUBS TWO HEARTS QUEEN,0.4064,0.011,0.5826
SPADES QUEEN CLUBS FOUR,0.3986,0.0116,0.5898
DIAMONDS NINE DIAMONDS JACK,0.2496,0.0518,0.6986
CLUBS EIGHT SPADES NINE,0.2226,0.2338,0.5436
DIAMONDS NINE DIAMONDS TEN,0.225,0.0704,0.7046
CLUBS EIGHT SPADES EIGHT,0.2526,0.0596,0.6878
CLUBS EIGHT SPADES SEVEN,0.5322,0.036,0.4318
CLUBS EIGHT SPADES SIX,0.5518,0.041,0.4072
CLUBS EIGHT SPADES FIVE,0.6458,0.1064,0.2478
CLUBS EIGHT SPADES FOUR,0.5884,0.045,0.3666
CLUBS EIGHT SPADES THREE,0.6246,0.042,0.3334
CLUBS EIGHT SPADES TWO,0.6124,0.0412,0.3464
HEARTS SIX DIAMONDS TEN,0.361,0.0222,0.6168
DIAMONDS TEN HEARTS SEVEN,0.3506,0.031,0.6184
DIAMONDS TEN HEARTS EIGHT,0.3422,0.0276,0.6302
CLUBS JACK CLUBS FOUR,0.384,0.0198,0.5962
CLUBS TEN CLUBS FOUR,0.3834,0.0268,0.5898
CLUBS FOUR CLUBS KING,0.3854,0.0068,0.6078
CLUBS FOUR CLUBS QUEEN,0.3866,0.01,0.6034
CLUBS TWO DIAMONDS TEN,0.4116,0.024,0.5644
CLUBS THREE DIAMONDS TEN,0.4012,0.0324,0.5664
CLUBS FOUR CLUBS ACE,0.3666,0.0062,0.6272
DIAMONDS JACK DIAMONDS TEN,0.2956,0.013,0.6914
DIAMONDS QUEEN DIAMONDS TEN,0.3056,0.0102,0.6842
HEARTS TWO DIAMONDS TEN,0.407,0.0266,0.5664
DIAMONDS KING DIAMONDS TEN,0.3104,0.0054,0.6842
HEARTS THREE DIAMONDS TEN,0.408,0.0226,0.5694
DIAMONDS ACE DIAMONDS TEN,0.3076,0.0042,0.6882
HEARTS FOUR DIAMONDS TEN,0.412,0.0304,0.5576
CLUBS EIGHT HEARTS JACK,0.3522,0.019,0.6288
HEARTS FIVE DIAMONDS TEN,0.2478,0.0784,0.6738
CLUBS EIGHT HEARTS TEN,0.3246,0.028,0.6474
CLUBS EIGHT HEARTS QUEEN,0.3566,0.0152,0.6282
CLUBS EIGHT HEARTS KING,0.3696,0.0092,0.6212
CLUBS EIGHT HEARTS ACE,0.3554,0.0052,0.6394
CLUBS NINE SPADES THREE,0.3334,0.454,0.2126
CLUBS NINE SPADES TWO,0.3344,0.4528,0.2128
CLUBS NINE SPADES FIVE,0.0092,0.9716,0.0192
CLUBS NINE SPADES FOUR,0.3322,0.4414,0.2264
CLUBS NINE SPADES SEVEN,0.2122,0.2978,0.49
CLUBS NINE SPADES SIX,0.2174,0.3828,0.3998
CLUBS NINE SPADES NINE,0.0908,0.0732,0.836
CLUBS TEN HEARTS EIGHT,0.3404,0.0242,0.6354
CLUBS NINE SPADES EIGHT,0.2238,0.2298,0.5464
CLUBS JACK HEARTS EIGHT,0.339,0.0176,0.6434
CLUBS QUEEN HEARTS EIGHT,0.3526,0.0108,0.6366
CLUBS KING HEARTS EIGHT,0.3758,0.0088,0.6154
CLUBS ACE HEARTS EIGHT,0.3588,0.0046,0.6366
SPADES KING CLUBS KING,0.1466,0.0142,0.8392
SPADES QUEEN CLUBS KING,0.3312,0.0044,0.6644
SPADES ACE CLUBS KING,0.3394,0.0038,0.6568
DIAMONDS ACE HEARTS TEN,0.3294,0.0044,0.6662
HEARTS FOUR HEARTS TEN,0.371,0.0272,0.6018
DIAMONDS ACE HEARTS JACK,0.3344,0.0046,0.661
HEARTS FOUR HEARTS JACK,0.3828,0.0208,0.5964
DIAMONDS JACK HEARTS SEVEN,0.3662,0.0172,0.6166
HEARTS SIX DIAMONDS JACK,0.37,0.0196,0.6104
DIAMONDS JACK HEARTS EIGHT,0.3556,0.0168,0.6276
DIAMONDS KING DIAMONDS JACK,0.3054,0.0072,0.6874
HEARTS THREE DIAMONDS JACK,0.3892,0.0182,0.5926
SPADES ACE SPADES SIX,0.3286,0.0038,0.6676
HEARTS ACE SPADES FOUR,0.3898,0.0056,0.6046
DIAMONDS QUEEN DIAMONDS JACK,0.3134,0.0112,0.6754
HEARTS TWO DIAMONDS JACK,0.41,0.014,0.576
HEARTS FIVE DIAMONDS JACK,0.2672,0.0622,0.6706
SPADES QUEEN SPADES SIX,0.3506,0.011,0.6384
SPADES FOUR HEARTS QUEEN,0.385,0.0126,0.6024
DIAMONDS ACE DIAMONDS JACK,0.3064,0.0042,0.6894
HEARTS FOUR DIAMONDS JACK,0.4114,0.02,0.5686
SPADES KING SPADES SIX,0.3384,0.0078,0.6538
SPADES FOUR HEARTS KING,0.394,0.0066,0.5994
SPADES TEN SPADES SIX,0.3392,0.0262,0.6346
SPADES JACK SPADES SIX,0.3694,0.0152,0.6154
SPADES FOUR DIAMONDS JACK,0.3968,0.0216,0.5816
SPADES FIVE DIAMONDS JACK,0.24,0.0664,0.6936
DIAMONDS JACK SPADES TWO,0.4092,0.0186,0.5722
DIAMONDS JACK SPADES THREE,0.4076,0.0168,0.5756
SPADES ACE DIAMONDS THREE,0.3988,0.0056,0.5956
CLUBS EIGHT DIAMONDS JACK,0.3396,0.0162,0.6442
SPADES QUEEN DIAMONDS THREE,0.4004,0.0102,0.5894
SPADES KING DIAMONDS THREE,0.4158,0.0078,0.5764
CLUBS NINE DIAMONDS JACK,0.2382,0.0574,0.7044
CLUBS SIX DIAMONDS JACK,0.3742,0.0182,0.6076
CLUBS SEVEN DIAMONDS JACK,0.3492,0.0168,0.634
CLUBS FOUR DIAMONDS JACK,0.4056,0.0168,0.5776
CLUBS TWO DIAMONDS JACK,0.4094,0.019,0.5716
CLUBS THREE DIAMONDS JACK,0.4166,0.0138,0.5696
HEARTS SIX SPADES JACK,0.3676,0.019,0.6134
HEARTS SIX SPADES TEN,0.3598,0.026,0.6142
SPADES JACK DIAMONDS THREE,0.4084,0.018,0.5736
CLUBS SEVEN CLUBS ACE,0.3522,0.0046,0.6432
DIAMONDS THREE SPADES TEN,0.401,0.028,0.571
CLUBS SEVEN CLUBS QUEEN,0.34,0.0136,0.6464
CLUBS SEVEN CLUBS KING,0.3568,0.0082,0.635
SPADES NINE DIAMONDS JACK,0.2504,0.0544,0.6952
CLUBS TEN CLUBS SEVEN,0.3288,0.0266,0.6446
DIAMONDS ACE HEARTS ACE,0.1436,0.003,0.8534
HEARTS FOUR HEARTS ACE,0.3786,0.0048,0.6166
SPADES EIGHT DIAMONDS JACK,0.3562,0.0144,0.6294
SPADES ACE HEARTS SIX,0.3798,0.0034,0.6168
CLUBS JACK CLUBS SEVEN,0.3294,0.0184,0.6522
DIAMONDS ACE HEARTS KING,0.3406,0.005,0.6544
HEARTS FOUR HEARTS KING,0.3844,0.0094,0.6062
SPADES SEVEN DIAMONDS JACK,0.3754,0.0202,0.6044
SPADES KING HEARTS SIX,0.372,0.007,0.621
DIAMONDS ACE HEARTS QUEEN,0.3382,0.0046,0.6572
HEARTS FOUR HEARTS QUEEN,0.3984,0.0118,0.5898
SPADES QUEEN HEARTS SIX,0.3652,0.014,0.6208
SPADES SIX DIAMONDS JACK,0.3688,0.0176,0.6136
DIAMONDS TEN SPADES TWO,0.406,0.0282,0.5658
SPADES THREE DIAMONDS TEN,0.386,0.0284,0.5856
SPADES FOUR DIAMONDS TEN,0.3986,0.0258,0.5756
SPADES FIVE DIAMONDS TEN,0.2546,0.0792,0.6662
SPADES SIX DIAMONDS TEN,0.3512,0.0288,0.62
SPADES SEVEN DIAMONDS TEN,0.3564,0.0282,0.6154
SPADES EIGHT DIAMONDS TEN,0.3356,0.0254,0.639
SPADES NINE DIAMONDS TEN,0.226,0.0766,0.6974
CLUBS FOUR DIAMONDS TEN,0.4092,0.0262,0.5646
CLUBS SIX DIAMONDS TEN,0.3532,0.0234,0.6234
CLUBS SEVEN DIAMONDS TEN,0.3466,0.0286,0.6248
CLUBS EIGHT DIAMONDS TEN,0.3478,0.0224,0.6298
CLUBS NINE DIAMONDS TEN,0.211,0.0752,0.7138
CLUBS JACK DIAMONDS THREE,0.3954,0.0194,0.5852
CLUBS TEN DIAMONDS THREE,0.382,0.0244,0.5936
DIAMONDS THREE CLUBS KING,0.3956,0.0084,0.596
DIAMONDS THREE CLUBS QUEEN,0.402,0.0114,0.5866
DIAMONDS THREE CLUBS ACE,0.3954,0.0056,0.599
SPADES FOUR HEARTS JACK,0.3954,0.0212,0.5834
SPADES FOUR HEARTS TEN,0.3988,0.0256,0.5756
SPADES FIVE SPADES TWO,0.587,0.114,0.299
SPADES FOUR SPADES TWO,0.57,0.0424,0.3876
SPADES THREE SPADES TWO,0.5678,0.0432,0.389
SPADES NINE SPADES TWO,0.3034,0.432,0.2646
SPADES EIGHT SPADES TWO,0.5854,0.044,0.3706
SPADES SEVEN SPADES TWO,0.5722,0.0396,0.3882
SPADES SIX SPADES TWO,0.5726,0.0406,0.3868
DIAMONDS QUEEN CLUBS THREE,0.4006,0.0136,0.5858
CLUBS THREE HEARTS TWO,0.6184,0.0506,0.331
DIAMONDS QUEEN CLUBS TWO,0.4112,0.0134,0.5754
HEARTS TWO CLUBS TWO,0.3992,0.0762,0.5246
DIAMONDS QUEEN HEARTS SEVEN,0.3766,0.0118,0.6116
HEARTS TWO HEARTS SEVEN,0.5816,0.043,0.3754
HEARTS SIX DIAMONDS QUEEN,0.3642,0.0118,0.624
HEARTS SIX HEARTS TWO,0.5808,0.0424,0.3768
DIAMONDS QUEEN HEARTS EIGHT,0.3692,0.0122,0.6186
HEARTS TWO HEARTS EIGHT,0.5876,0.041,0.3714
CLUBS NINE HEARTS TWO,0.3252,0.4632,0.2116
CLUBS NINE DIAMONDS QUEEN,0.2366,0.0426,0.7208
CLUBS EIGHT DIAMONDS QUEEN,0.3602,0.0114,0.6284
CLUBS EIGHT HEARTS TWO,0.6182,0.0476,0.3342
SPADES EIGHT HEARTS ACE,0.3684,0.0058,0.6258
DIAMONDS QUEEN CLUBS FOUR,0.402,0.0136,0.5844
HEARTS TWO CLUBS FOUR,0.6184,0.046,0.3356
CLUBS SEVEN DIAMONDS QUEEN,0.3648,0.0108,0.6244
CLUBS SEVEN HEARTS TWO,0.6248,0.0456,0.3296
SPADES EIGHT HEARTS QUEEN,0.3614,0.0126,0.626
CLUBS SIX DIAMONDS QUEEN,0.3564,0.0122,0.6314
CLUBS SIX HEARTS TWO,0.601,0.047,0.352
SPADES EIGHT HEARTS KING,0.361,0.0074,0.6316
HEARTS TWO SPADES SIX,0.6052,0.0416,0.3532
DIAMONDS QUEEN SPADES SIX,0.373,0.0128,0.6142
HEARTS FOUR CLUBS QUEEN,0.3998,0.0176,0.5826
DIAMONDS ACE CLUBS QUEEN,0.333,0.0046,0.6624
DIAMONDS QUEEN SPADES SEVEN,0.3634,0.0108,0.6258
HEARTS TWO SPADES SEVEN,0.6182,0.0412,0.3406
HEARTS FOUR CLUBS KING,0.4032,0.0078,0.589
DIAMONDS ACE CLUBS KING,0.3318,0.0046,0.6636
DIAMONDS QUEEN SPADES EIGHT,0.3556,0.0098,0.6346
SPADES EIGHT HEARTS TWO,0.6092,0.0486,0.3422
HEARTS FOUR CLUBS ACE,0.3818,0.0056,0.6126
DIAMONDS ACE CLUBS ACE,0.1424,0.0054,0.8522
SPADES NINE DIAMONDS QUEEN,0.2528,0.0458,0.7014
SPADES NINE HEARTS TWO,0.3264,0.4602,0.2134
HEARTS TWO SPADES TWO,0.4062,0.0828,0.511
DIAMONDS QUEEN SPADES TWO,0.4014,0.0138,0.5848
HEARTS TWO SPADES THREE,0.6164,0.0466,0.337
DIAMONDS QUEEN SPADES THREE,0.4064,0.0124,0.5812
HEARTS TWO SPADES FOUR,0.6176,0.046,0.3364
DIAMONDS QUEEN SPADES FOUR,0.406,0.0116,0.5824
CLUBS TEN HEARTS FOUR,0.3874,0.0292,0.5834
CLUBS TEN DIAMONDS ACE,0.3338,0.0074,0.6588
HEARTS TWO SPADES FIVE,0.6446,0.1122,0.2432
DIAMONDS QUEEN SPADES FIVE,0.2626,0.048,0.6894
HEARTS FOUR CLUBS JACK,0.4036,0.019,0.5774
CLUBS JACK DIAMONDS ACE,0.3262,0.0032,0.6706
SPADES KING CLUBS JACK,0.3294,0.0062,0.6644
CLUBS JACK SPADES QUEEN,0.322,0.0102,0.6678
SPADES ACE CLUBS JACK,0.3342,0.0062,0.6596
SPADES SIX CLUBS KING,0.364,0.0038,0.6322
SPADES SIX CLUBS QUEEN,0.3724,0.0124,0.6152
SPADES EIGHT HEARTS JACK,0.342,0.0164,0.6416
SPADES SIX CLUBS ACE,0.3642,0.004,0.6318
SPADES EIGHT HEARTS TEN,0.325,0.0274,0.6476
CLUBS JACK SPADES SIX,0.3562,0.0164,0.6274
CLUBS TEN SPADES SIX,0.3526,0.0334,0.614
CLUBS JACK SPADES TEN,0.3126,0.0126,0.6748
CLUBS JACK SPADES JACK,0.1472,0.0296,0.8232
SPADES QUEEN CLUBS SEVEN,0.3686,0.0102,0.6212
SPADES KING CLUBS SEVEN,0.3664,0.0072,0.6264
SPADES ACE CLUBS SEVEN,0.3702,0.0032,0.6266
SPADES SIX HEARTS TEN,0.3546,0.0246,0.6208
SPADES SIX HEARTS JACK,0.3786,0.0196,0.6018
SPADES SIX HEARTS ACE,0.3668,0.0046,0.6286
SPADES SIX HEARTS KING,0.3582,0.007,0.6348
SPADES SIX HEARTS QUEEN,0.3722,0.0124,0.6154
SPADES JACK CLUBS SEVEN,0.3626,0.0172,0.6202
SPADES TEN CLUBS SEVEN,0.3464,0.0258,0.6278
CLUBS TEN HEARTS SIX,0.3664,0.0256,0.608
CLUBS JACK HEARTS SIX,0.3552,0.0202,0.6246
CLUBS JACK CLUBS ACE,0.3134,0.0048,0.6818
HEARTS SIX CLUBS QUEEN,0.3624,0.0136,0.624
HEARTS SIX CLUBS KING,0.3654,0.0092,0.6254
HEARTS SIX CLUBS ACE,0.3738,0.0052,0.621
CLUBS JACK CLUBS QUEEN,0.3026,0.01,0.6874
CLUBS JACK CLUBS KING,0.325,0.0078,0.6672
DIAMONDS THREE HEARTS ACE,0.3898,0.0048,0.6054
DIAMONDS THREE HEARTS QUEEN,0.3988,0.0138,0.5874
DIAMONDS THREE HEARTS KING,0.4012,0.009,0.5898
SPADES TEN DIAMONDS ACE,0.3348,0.004,0.6612
HEARTS FOUR SPADES TEN,0.3996,0.0264,0.574
HEARTS FOUR SPADES JACK,0.4148,0.0156,0.5696
SPADES JACK DIAMONDS ACE,0.3474,0.0054,0.6472
SPADES ACE HEARTS FOUR,0.3902,0.004,0.6058
SPADES ACE DIAMONDS ACE,0.1492,0.0016,0.8492
HEARTS FOUR SPADES QUEEN,0.4072,0.0112,0.5816
SPADES QUEEN DIAMONDS ACE,0.3312,0.0046,0.6642
CLUBS JACK SPADES FOUR,0.4012,0.0162,0.5826
SPADES KING DIAMONDS ACE,0.3464,0.0044,0.6492
HEARTS FOUR SPADES KING,0.4088,0.0096,0.5816
CLUBS TEN SPADES FOUR,0.3854,0.0294,0.5852
DIAMONDS QUEEN DIAMONDS ACE,0.313,0.0054,0.6816
HEARTS TWO DIAMONDS ACE,0.3882,0.006,0.6058
HEARTS FOUR DIAMONDS QUEEN,0.4106,0.0148,0.5746
HEARTS FOUR HEARTS TWO,0.5822,0.0488,0.369
DIAMONDS THREE HEARTS TEN,0.3974,0.0276,0.575
SPADES FOUR CLUBS KING,0.3944,0.008,0.5976
HEARTS FIVE DIAMONDS QUEEN,0.2684,0.042,0.6896
HEARTS FIVE HEARTS TWO,0.6082,0.1094,0.2824
DIAMONDS THREE HEARTS JACK,0.3906,0.0204,0.589
SPADES FOUR CLUBS QUEEN,0.395,0.0116,0.5934
DIAMONDS QUEEN HEARTS TWO,0.4082,0.0138,0.578
DIAMONDS KING DIAMONDS QUEEN,0.3126,0.0054,0.682
DIAMONDS KING HEARTS TWO,0.4074,0.009,0.5836
HEARTS THREE DIAMONDS QUEEN,0.3916,0.0102,0.5982
HEARTS THREE HEARTS TWO,0.5936,0.0456,0.3608
SPADES FOUR CLUBS ACE,0.4008,0.004,0.5952
HEARTS TWO CLUBS ACE,0.404,0.0058,0.5902
DIAMONDS QUEEN CLUBS ACE,0.3318,0.0048,0.6634
HEARTS TWO CLUBS QUEEN,0.4062,0.011,0.5828
DIAMONDS QUEEN CLUBS QUEEN,0.1416,0.0262,0.8322
HEARTS TWO CLUBS KING,0.4064,0.01,0.5836
DIAMONDS QUEEN CLUBS KING,0.3242,0.0052,0.6706
SPADES EIGHT SPADES FIVE,0.5924,0.106,0.3016
CLUBS TEN HEARTS TWO,0.4072,0.0354,0.5574
CLUBS TEN DIAMONDS QUEEN,0.3174,0.0094,0.6732
SPADES NINE SPADES FIVE,0.0218,0.908,0.0702
CLUBS JACK HEARTS TWO,0.4122,0.0194,0.5684
CLUBS JACK DIAMONDS QUEEN,0.3092,0.0094,0.6814
SPADES SIX SPADES FIVE,0.5806,0.105,0.3144
SPADES SEVEN SPADES FIVE,0.576,0.1006,0.3234
DIAMONDS FIVE CLUBS QUEEN,0.249,0.044,0.707
SPADES EIGHT CLUBS ACE,0.3486,0.0054,0.646
DIAMONDS FIVE CLUBS KING,0.2526,0.0356,0.7118
SPADES EIGHT CLUBS KING,0.3606,0.0084,0.631
DIAMONDS FIVE CLUBS ACE,0.2492,0.0236,0.7272
SPADES EIGHT CLUBS QUEEN,0.366,0.0114,0.6226
CLUBS JACK SPADES EIGHT,0.3454,0.0192,0.6354
CLUBS TEN SPADES EIGHT,0.3308,0.0286,0.6406
CLUBS TEN DIAMONDS FIVE,0.2418,0.078,0.6802
CLUBS JACK DIAMONDS FIVE,0.2442,0.062,0.6938
DIAMONDS TEN HEARTS JACK,0.306,0.0162,0.6778
DIAMONDS TEN HEARTS TEN,0.157,0.0404,0.8026
