opposingHand,winningChance,drawChance,lostChance
CLUBS EIGHT CLUBS THREE
HEARTS FIVE SPADES TEN,0.3902,0.0242,0.5856
SPADES JACK HEARTS FIVE,0.401,0.0178,0.5812
CLUBS JACK SPADES FIVE,0.378,0.0218,0.6002
CLUBS TEN SPADES FIVE,0.3834,0.0308,0.5858
SPADES FIVE CLUBS ACE,0.385,0.0052,0.6098
SPADES FIVE CLUBS KING,0.368,0.0072,0.6248
SPADES FIVE CLUBS QUEEN,0.3884,0.0136,0.598
DIAMONDS TWO DIAMONDS THREE,0.5736,0.135,0.2914
DIAMONDS TWO DIAMONDS FIVE,0.5444,0.0578,0.3978
SPADES KING HEARTS FIVE,0.3972,0.0078,0.595
DIAMONDS TWO DIAMONDS FOUR,0.553,0.0578,0.3892
SPADES QUEEN HEARTS FIVE,0.3874,0.0152,0.5974
DIAMONDS TWO DIAMONDS SEVEN,0.5718,0.0672,0.361
DIAMONDS TWO DIAMONDS SIX,0.5584,0.0598,0.3818
SPADES ACE HEARTS FIVE,0.3834,0.0032,0.6134
DIAMONDS TWO DIAMONDS NINE,0.3998,0.0404,0.5598
DIAMONDS TWO DIAMONDS EIGHT,0.2942,0.4608,0.245
DIAMONDS THREE DIAMONDS FOUR,0.5496,0.145,0.3054
CLUBS TWO SPADES FOUR,0.5804,0.0672,0.3524
DIAMONDS THREE DIAMONDS FIVE,0.57,0.1302,0.2998
CLUBS TWO SPADES FIVE,0.574,0.0706,0.3554
CLUBS TWO SPADES TWO,0.3922,0.1128,0.495
CLUBS TWO SPADES THREE,0.6204,0.1328,0.2468
DIAMONDS THREE DIAMONDS EIGHT,0.0732,0.8528,0.074
SPADES EIGHT CLUBS TWO,0.2968,0.5058,0.1974
DIAMONDS THREE DIAMONDS NINE,0.261,0.0992,0.6398
SPADES NINE CLUBS TWO,0.422,0.041,0.537
DIAMONDS THREE DIAMONDS SIX,0.5796,0.1316,0.2888
CLUBS TWO SPADES SIX,0.581,0.0708,0.3482
DIAMONDS THREE DIAMONDS SEVEN,0.5956,0.1312,0.2732
CLUBS TWO SPADES SEVEN,0.6016,0.0682,0.3302
CLUBS SIX CLUBS TWO,0.5946,0.0652,0.3402
CLUBS SEVEN CLUBS TWO,0.59,0.068,0.342
CLUBS TWO CLUBS FOUR,0.5776,0.0668,0.3556
CLUBS FIVE CLUBS TWO,0.5702,0.0662,0.3636
CLUBS TEN CLUBS JACK,0.2962,0.014,0.6898
DIAMONDS FOUR DIAMONDS SIX,0.5168,0.0626,0.4206
CLUBS TEN CLUBS QUEEN,0.3082,0.0126,0.6792
DIAMONDS FOUR DIAMONDS SEVEN,0.5258,0.0608,0.4134
CLUBS TEN CLUBS KING,0.293,0.0072,0.6998
CLUBS TEN CLUBS ACE,0.2992,0.0048,0.696
DIAMONDS FIVE DIAMONDS FOUR,0.502,0.0618,0.4362
CLUBS NINE CLUBS TWO,0.3638,0.0458,0.5904
DIAMONDS NINE DIAMONDS FOUR,0.3642,0.0392,0.5966
DIAMONDS EIGHT DIAMONDS FOUR,0.2538,0.4404,0.3058
DIAMONDS NINE DIAMONDS FIVE,0.372,0.0388,0.5892
CLUBS JACK DIAMONDS TWO,0.4124,0.0174,0.5702
DIAMONDS EIGHT DIAMONDS FIVE,0.2492,0.3878,0.363
CLUBS TEN DIAMONDS TWO,0.412,0.0324,0.5556
DIAMONDS FIVE DIAMONDS SEVEN,0.5178,0.0608,0.4214
DIAMONDS FIVE DIAMONDS SIX,0.5016,0.0554,0.443
DIAMONDS TWO CLUBS ACE,0.4012,0.0064,0.5924
DIAMONDS TWO CLUBS KING,0.4162,0.011,0.5728
DIAMONDS TWO CLUBS QUEEN,0.4234,0.0138,0.5628
DIAMONDS EIGHT DIAMONDS SIX,0.2422,0.3362,0.4216
DIAMONDS NINE DIAMONDS SIX,0.3566,0.0404,0.603
HEARTS ACE SPADES THREE,0.2878,0.0144,0.6978
HEARTS KING SPADES THREE,0.286,0.0258,0.6882
DIAMONDS SEVEN DIAMONDS SIX,0.4988,0.0604,0.4408
SPADES THREE HEARTS QUEEN,0.2872,0.0366,0.6762
HEARTS JACK SPADES THREE,0.285,0.0504,0.6646
SPADES THREE HEARTS TEN,0.2882,0.0734,0.6384
DIAMONDS EIGHT DIAMONDS SEVEN,0.2372,0.2776,0.4852
DIAMONDS NINE DIAMONDS SEVEN,0.3426,0.0344,0.623
DIAMONDS NINE DIAMONDS EIGHT,0.249,0.0954,0.6556
DIAMONDS KING HEARTS TEN,0.3698,0.0088,0.6214
HEARTS THREE HEARTS TEN,0.2762,0.0716,0.6522
SPADES JACK CLUBS SIX,0.3838,0.0198,0.5964
DIAMONDS KING HEARTS JACK,0.3706,0.008,0.6214
HEARTS THREE HEARTS JACK,0.275,0.0466,0.6784
SPADES TEN CLUBS SIX,0.379,0.0246,0.5964
SPADES JACK SPADES FIVE,0.3798,0.0158,0.6044
SPADES TEN SPADES FIVE,0.3754,0.0252,0.5994
DIAMONDS KING HEARTS ACE,0.3582,0.0056,0.6362
HEARTS THREE HEARTS ACE,0.2654,0.0164,0.7182
SPADES ACE CLUBS SIX,0.3848,0.0052,0.61
DIAMONDS KING HEARTS QUEEN,0.366,0.007,0.627
HEARTS THREE HEARTS QUEEN,0.2638,0.04,0.6962
SPADES KING CLUBS SIX,0.3916,0.007,0.6014
DIAMONDS KING HEARTS KING,0.171,0.0138,0.8152
HEARTS THREE HEARTS KING,0.2794,0.0274,0.6932
SPADES QUEEN CLUBS SIX,0.3918,0.0124,0.5958
SPADES NINE HEARTS TEN,0.3378,0.0228,0.6394
SPADES NINE HEARTS JACK,0.3602,0.016,0.6238
SPADES QUEEN SPADES FIVE,0.3734,0.0152,0.6114
SPADES KING SPADES FIVE,0.3738,0.0084,0.6178
SPADES ACE SPADES FIVE,0.3562,0.005,0.6388
SPADES NINE HEARTS QUEEN,0.3664,0.0102,0.6234
SPADES NINE HEARTS KING,0.3678,0.0078,0.6244
SPADES NINE HEARTS ACE,0.3572,0.004,0.6388
CLUBS TEN SPADES JACK,0.3334,0.0144,0.6522
CLUBS TEN SPADES TEN,0.1674,0.0512,0.7814
SPADES ACE CLUBS TEN,0.3436,0.004,0.6524
CLUBS TEN SPADES KING,0.3612,0.0096,0.6292
CLUBS TEN SPADES QUEEN,0.34,0.01,0.65
SPADES FIVE HEARTS QUEEN,0.3864,0.0116,0.602
HEARTS KING SPADES FIVE,0.3822,0.0108,0.607
SPADES FIVE HEARTS ACE,0.3862,0.006,0.6078
HEARTS THREE SPADES JACK,0.2904,0.05,0.6596
SPADES JACK DIAMONDS KING,0.3668,0.0074,0.6258
SPADES TEN DIAMONDS KING,0.3582,0.0066,0.6352
HEARTS THREE SPADES TEN,0.2816,0.0714,0.647
CLUBS SIX HEARTS ACE,0.3874,0.0048,0.6078
CLUBS JACK HEARTS FIVE,0.3728,0.0162,0.611
CLUBS TEN HEARTS FIVE,0.3718,0.032,0.5962
CLUBS SIX HEARTS QUEEN,0.382,0.014,0.604
CLUBS TEN SPADES THREE,0.2678,0.0684,0.6638
CLUBS SIX HEARTS KING,0.386,0.0084,0.6056
CLUBS JACK SPADES THREE,0.2618,0.0592,0.679
DIAMONDS TWO HEARTS JACK,0.4368,0.0208,0.5424
SPADES THREE CLUBS QUEEN,0.2688,0.0414,0.6898
DIAMONDS TWO HEARTS TEN,0.4234,0.0284,0.5482
SPADES THREE CLUBS KING,0.2694,0.031,0.6996
HEARTS FIVE CLUBS ACE,0.3696,0.0066,0.6238
SPADES FIVE HEARTS TEN,0.39,0.0228,0.5872
SPADES THREE CLUBS ACE,0.2682,0.0172,0.7146
HEARTS FIVE CLUBS KING,0.37,0.0082,0.6218
SPADES FIVE HEARTS JACK,0.3876,0.0226,0.5898
HEARTS FIVE CLUBS QUEEN,0.3732,0.0122,0.6146
HEARTS THREE CLUBS KING,0.2686,0.029,0.7024
DIAMONDS KING CLUBS KING,0.1618,0.0172,0.821
HEARTS THREE CLUBS QUEEN,0.2748,0.0364,0.6888
DIAMONDS KING CLUBS QUEEN,0.3466,0.0082,0.6452
HEARTS FIVE HEARTS JACK,0.3624,0.0216,0.616
HEARTS FIVE HEARTS TEN,0.375,0.0226,0.6024
HEARTS THREE CLUBS ACE,0.2706,0.0184,0.711
DIAMONDS KING CLUBS ACE,0.3502,0.005,0.6448
SPADES ACE CLUBS QUEEN,0.3512,0.0058,0.643
SPADES KING CLUBS QUEEN,0.346,0.0076,0.6464
CLUBS JACK HEARTS THREE,0.26,0.0518,0.6882
CLUBS JACK DIAMONDS KING,0.3454,0.0084,0.6462
SPADES QUEEN CLUBS QUEEN,0.1664,0.0296,0.804
CLUBS TEN HEARTS THREE,0.2496,0.0716,0.6788
CLUBS TEN DIAMONDS KING,0.351,0.0076,0.6414
SPADES JACK CLUBS QUEEN,0.351,0.011,0.638
CLUBS SIX CLUBS QUEEN,0.3422,0.0158,0.642
SPADES TEN CLUBS QUEEN,0.3372,0.013,0.6498
CLUBS SIX CLUBS KING,0.328,0.011,0.661
CLUBS SIX CLUBS ACE,0.3352,0.0052,0.6596
HEARTS FIVE HEARTS KING,0.3632,0.0082,0.6286
HEARTS FIVE HEARTS QUEEN,0.3716,0.012,0.6164
CLUBS TEN CLUBS SIX,0.319,0.0264,0.6546
HEARTS FIVE HEARTS ACE,0.366,0.0068,0.6272
CLUBS JACK CLUBS SIX,0.3484,0.0166,0.635
SPADES SEVEN HEARTS JACK,0.3754,0.0168,0.6078
SPADES SEVEN HEARTS TEN,0.36,0.027,0.613
DIAMONDS TWO CLUBS TWO,0.3874,0.107,0.5056
HEARTS SIX DIAMONDS TWO,0.6036,0.0678,0.3286
DIAMONDS TWO HEARTS QUEEN,0.4326,0.0152,0.5522
DIAMONDS TWO HEARTS SEVEN,0.6076,0.0662,0.3262
DIAMONDS TWO HEARTS KING,0.4326,0.0066,0.5608
DIAMONDS TWO HEARTS EIGHT,0.3138,0.4874,0.1988
DIAMONDS TWO HEARTS ACE,0.4182,0.003,0.5788
DIAMONDS TWO HEARTS NINE,0.4266,0.043,0.5304
DIAMONDS TWO DIAMONDS QUEEN,0.4012,0.0112,0.5876
DIAMONDS TWO HEARTS TWO,0.3736,0.11,0.5164
DIAMONDS TWO DIAMONDS KING,0.4032,0.0054,0.5914
HEARTS THREE DIAMONDS TWO,0.6142,0.1312,0.2546
DIAMONDS TWO DIAMONDS ACE,0.3896,0.0068,0.6036
HEARTS FOUR DIAMONDS TWO,0.597,0.066,0.337
DIAMONDS TWO HEARTS FIVE,0.5814,0.0746,0.344
SPADES SEVEN HEARTS ACE,0.3778,0.0058,0.6164
DIAMONDS TWO DIAMONDS TEN,0.4018,0.0262,0.572
SPADES SEVEN HEARTS KING,0.398,0.0082,0.5938
DIAMONDS TWO DIAMONDS JACK,0.4128,0.0212,0.566
SPADES SEVEN HEARTS QUEEN,0.404,0.0116,0.5844
DIAMONDS TWO SPADES NINE,0.4322,0.0458,0.522
DIAMONDS TWO SPADES EIGHT,0.3086,0.4872,0.2042
DIAMONDS TWO SPADES SEVEN,0.6004,0.0606,0.339
DIAMONDS TWO SPADES SIX,0.5942,0.0718,0.334
DIAMONDS TWO SPADES FIVE,0.5874,0.0618,0.3508
DIAMONDS TWO SPADES FOUR,0.583,0.066,0.351
DIAMONDS TWO SPADES THREE,0.6144,0.1478,0.2378
DIAMONDS TWO SPADES TWO,0.3896,0.1012,0.5092
DIAMONDS TWO CLUBS NINE,0.403,0.0442,0.5528
CLUBS SEVEN DIAMONDS TWO,0.6016,0.066,0.3324
DIAMONDS TWO CLUBS SIX,0.5978,0.0644,0.3378
DIAMONDS TWO CLUBS FIVE,0.5754,0.0628,0.3618
DIAMONDS TWO CLUBS FOUR,0.5734,0.0702,0.3564
CLUBS FOUR SPADES FIVE,0.5264,0.0702,0.4034
CLUBS FOUR SPADES FOUR,0.2868,0.0974,0.6158
CLUBS FOUR SPADES THREE,0.5862,0.148,0.2658
CLUBS FOUR SPADES TWO,0.572,0.0716,0.3564
SPADES NINE CLUBS FOUR,0.389,0.0468,0.5642
SPADES EIGHT CLUBS FOUR,0.247,0.4874,0.2656
SPADES SEVEN CLUBS FOUR,0.5388,0.0618,0.3994
CLUBS FOUR SPADES SIX,0.5416,0.0658,0.3926
SPADES ACE DIAMONDS SIX,0.3798,0.0052,0.615
SPADES QUEEN DIAMONDS SIX,0.395,0.012,0.593
SPADES KING DIAMONDS SIX,0.3932,0.0074,0.5994
SPADES TEN DIAMONDS SIX,0.3872,0.0272,0.5856
SPADES JACK DIAMONDS SIX,0.3994,0.0144,0.5862
SPADES QUEEN SPADES TWO,0.4056,0.0092,0.5852
SPADES KING SPADES TWO,0.3968,0.0124,0.5908
SPADES ACE SPADES TWO,0.3822,0.0056,0.6122
CLUBS JACK DIAMONDS JACK,0.1646,0.0366,0.7988
CLUBS TEN DIAMONDS JACK,0.325,0.0158,0.6592
DIAMONDS JACK CLUBS KING,0.3438,0.0062,0.65
DIAMONDS JACK CLUBS QUEEN,0.3482,0.0098,0.642
DIAMONDS THREE DIAMONDS JACK,0.265,0.051,0.684
DIAMONDS THREE DIAMONDS TEN,0.2818,0.0716,0.6466
DIAMONDS JACK CLUBS ACE,0.3588,0.0058,0.6354
DIAMONDS THREE DIAMONDS KING,0.2684,0.0264,0.7052
HEARTS THREE DIAMONDS THREE,0.2938,0.0752,0.631
DIAMONDS THREE DIAMONDS QUEEN,0.2752,0.0356,0.6892
DIAMONDS THREE HEARTS TWO,0.6234,0.1376,0.239
HEARTS FIVE DIAMONDS THREE,0.5898,0.1414,0.2688
DIAMONDS THREE DIAMONDS ACE,0.2726,0.0138,0.7136
HEARTS FOUR DIAMONDS THREE,0.5954,0.1398,0.2648
DIAMONDS THREE HEARTS SEVEN,0.6446,0.1278,0.2276
SPADES TEN SPADES NINE,0.319,0.0222,0.6588
HEARTS SIX DIAMONDS THREE,0.6074,0.1394,0.2532
SPADES JACK SPADES NINE,0.3214,0.017,0.6616
DIAMONDS THREE HEARTS NINE,0.2762,0.0974,0.6264
HEARTS JACK DIAMONDS FOUR,0.402,0.0178,0.5802
HEARTS KING HEARTS ACE,0.3558,0.0044,0.6398
SPADES TEN SPADES TWO,0.4052,0.0284,0.5664
DIAMONDS THREE HEARTS EIGHT,0.07,0.9098,0.0202
HEARTS TEN DIAMONDS FOUR,0.3968,0.0268,0.5764
SPADES JACK SPADES TWO,0.3946,0.0188,0.5866
HEARTS QUEEN DIAMONDS FOUR,0.383,0.0112,0.6058
HEARTS KING DIAMONDS FOUR,0.3922,0.0078,0.6
SPADES ACE SPADES NINE,0.3392,0.0038,0.657
HEARTS ACE DIAMONDS FOUR,0.3846,0.0056,0.6098
SPADES KING SPADES NINE,0.3366,0.0078,0.6556
SPADES QUEEN SPADES NINE,0.3392,0.0112,0.6496
DIAMONDS THREE SPADES NINE,0.2804,0.1002,0.6194
DIAMONDS THREE SPADES EIGHT,0.0802,0.9026,0.0172
DIAMONDS THREE SPADES SEVEN,0.6376,0.129,0.2334
DIAMONDS THREE SPADES SIX,0.6102,0.1374,0.2524
DIAMONDS THREE CLUBS SIX,0.614,0.139,0.247
CLUBS FIVE CLUBS SIX,0.5254,0.0638,0.4108
CLUBS ACE DIAMONDS FOUR,0.38,0.0046,0.6154
CLUBS SEVEN DIAMONDS THREE,0.6284,0.1316,0.24
CLUBS SEVEN CLUBS FIVE,0.5242,0.065,0.4108
DIAMONDS THREE CLUBS FOUR,0.6004,0.141,0.2586
DIAMONDS FOUR CLUBS QUEEN,0.39,0.011,0.599
DIAMONDS THREE CLUBS FIVE,0.6034,0.1376,0.259
DIAMONDS FOUR CLUBS KING,0.3664,0.0106,0.623
DIAMONDS THREE CLUBS TWO,0.615,0.1372,0.2478
CLUBS TEN DIAMONDS FOUR,0.38,0.0282,0.5918
CLUBS JACK DIAMONDS FOUR,0.3722,0.0188,0.609
DIAMONDS THREE SPADES FOUR,0.6008,0.1434,0.2558
DIAMONDS THREE SPADES FIVE,0.5982,0.1386,0.2632
DIAMONDS THREE SPADES TWO,0.6178,0.1408,0.2414
DIAMONDS THREE SPADES THREE,0.3076,0.071,0.6214
CLUBS NINE DIAMONDS THREE,0.257,0.111,0.632
SPADES SEVEN CLUBS ACE,0.3656,0.0034,0.631
SPADES SEVEN CLUBS QUEEN,0.382,0.0158,0.6022
SPADES SEVEN CLUBS KING,0.3738,0.0076,0.6186
CLUBS FIVE SPADES SEVEN,0.53,0.0646,0.4054
CLUBS TEN SPADES SEVEN,0.354,0.0294,0.6166
CLUBS FIVE SPADES SIX,0.5174,0.0708,0.4118
CLUBS JACK SPADES SEVEN,0.3776,0.0188,0.6036
CLUBS FIVE SPADES NINE,0.362,0.048,0.59
CLUBS FIVE SPADES EIGHT,0.247,0.4218,0.3312
CLUBS FIVE SPADES THREE,0.5908,0.1416,0.2676
CLUBS FIVE SPADES TWO,0.5748,0.075,0.3502
CLUBS FIVE SPADES FIVE,0.2802,0.096,0.6238
CLUBS FIVE SPADES FOUR,0.5324,0.063,0.4046
CLUBS NINE CLUBS FIVE,0.3296,0.0444,0.626
CLUBS ACE CLUBS QUEEN,0.3042,0.0058,0.69
CLUBS KING CLUBS QUEEN,0.2984,0.008,0.6936
DIAMONDS TEN DIAMONDS FOUR,0.3754,0.029,0.5956
CLUBS TEN DIAMONDS NINE,0.3228,0.0224,0.6548
DIAMONDS JACK DIAMONDS FOUR,0.3536,0.0202,0.6262
CLUBS JACK DIAMONDS NINE,0.3362,0.0202,0.6436
CLUBS JACK SPADES NINE,0.3308,0.0162,0.653
CLUBS TEN SPADES NINE,0.3216,0.025,0.6534
DIAMONDS ACE DIAMONDS FOUR,0.3618,0.005,0.6332
HEARTS FOUR DIAMONDS FOUR,0.3052,0.0964,0.5984
DIAMONDS JACK HEARTS TEN,0.3388,0.0156,0.6456
SPADES NINE CLUBS KING,0.3596,0.0084,0.632
DIAMONDS TWO SPADES TEN,0.4258,0.0258,0.5484
DIAMONDS NINE CLUBS ACE,0.3534,0.0034,0.6432
HEARTS FIVE DIAMONDS FOUR,0.531,0.0682,0.4008
HEARTS JACK DIAMONDS JACK,0.187,0.0316,0.7814
SPADES NINE CLUBS QUEEN,0.3384,0.0102,0.6514
DIAMONDS TWO SPADES JACK,0.4114,0.0192,0.5694
DIAMONDS QUEEN DIAMONDS FOUR,0.375,0.0116,0.6134
HEARTS TWO DIAMONDS FOUR,0.5888,0.0634,0.3478
DIAMONDS NINE CLUBS QUEEN,0.3444,0.0118,0.6438
DIAMONDS KING DIAMONDS FOUR,0.373,0.009,0.618
HEARTS THREE DIAMONDS FOUR,0.6096,0.1444,0.246
SPADES NINE CLUBS ACE,0.3388,0.0056,0.6556
DIAMONDS NINE CLUBS KING,0.3488,0.0072,0.644
HEARTS ACE DIAMONDS JACK,0.3702,0.0034,0.6264
SPADES ACE DIAMONDS TWO,0.407,0.0048,0.5882
DIAMONDS JACK HEARTS QUEEN,0.3568,0.0086,0.6346
SPADES QUEEN DIAMONDS TWO,0.4188,0.0116,0.5696
HEARTS KING DIAMONDS JACK,0.3768,0.0064,0.6168
SPADES KING DIAMONDS TWO,0.4234,0.0084,0.5682
SPADES JACK SPADES SEVEN,0.3628,0.016,0.6212
SPADES TEN SPADES SEVEN,0.3552,0.0254,0.6194
SPADES TWO DIAMONDS FOUR,0.5866,0.0684,0.345
SPADES THREE DIAMONDS FOUR,0.6146,0.1402,0.2452
SPADES FOUR DIAMONDS FOUR,0.2974,0.101,0.6016
SPADES FIVE DIAMONDS FOUR,0.5326,0.0634,0.404
SPADES SIX DIAMONDS FOUR,0.548,0.0638,0.3882
SPADES SEVEN DIAMONDS FOUR,0.5566,0.0634,0.38
SPADES EIGHT DIAMONDS FOUR,0.2712,0.4762,0.2526
SPADES NINE DIAMONDS FOUR,0.3846,0.0374,0.578
CLUBS FIVE DIAMONDS FOUR,0.5234,0.0686,0.408
CLUBS FOUR DIAMONDS FOUR,0.2942,0.1124,0.5934
CLUBS SEVEN DIAMONDS FOUR,0.5402,0.0644,0.3954
CLUBS SIX DIAMONDS FOUR,0.5406,0.0592,0.4002
CLUBS NINE DIAMONDS FOUR,0.3924,0.0446,0.563
DIAMONDS FOUR HEARTS SEVEN,0.5604,0.0568,0.3828
HEARTS SIX DIAMONDS FOUR,0.5512,0.0638,0.385
HEARTS NINE DIAMONDS FOUR,0.395,0.0416,0.5634
DIAMONDS FOUR HEARTS EIGHT,0.2722,0.4604,0.2674
CLUBS TWO DIAMONDS FOUR,0.591,0.0668,0.3422
DIAMONDS TEN DIAMONDS FIVE,0.371,0.0266,0.6024
DIAMONDS JACK DIAMONDS FIVE,0.3706,0.0164,0.613
DIAMONDS NINE HEARTS QUEEN,0.3674,0.0124,0.6202
HEARTS KING DIAMONDS NINE,0.3608,0.005,0.6342
DIAMONDS NINE HEARTS ACE,0.3664,0.0032,0.6304
DIAMONDS NINE HEARTS TEN,0.3588,0.0234,0.6178
DIAMONDS NINE HEARTS JACK,0.3526,0.011,0.6364
CLUBS KING DIAMONDS SIX,0.376,0.008,0.616
CLUBS QUEEN DIAMONDS SIX,0.373,0.0126,0.6144
CLUBS ACE DIAMONDS SIX,0.3826,0.0044,0.613
SPADES KING DIAMONDS FOUR,0.4006,0.0074,0.592
SPADES ACE SPADES SEVEN,0.3594,0.0052,0.6354
SPADES QUEEN DIAMONDS FOUR,0.401,0.0106,0.5884
SPADES QUEEN SPADES SEVEN,0.3852,0.009,0.6058
CLUBS JACK DIAMONDS SIX,0.3792,0.0186,0.6022
SPADES KING SPADES SEVEN,0.366,0.0076,0.6264
SPADES ACE DIAMONDS FOUR,0.3712,0.0044,0.6244
CLUBS TEN DIAMONDS SIX,0.3738,0.0252,0.601
CLUBS NINE CLUBS FOUR,0.3384,0.0486,0.613
SPADES JACK DIAMONDS FOUR,0.3986,0.0192,0.5822
SPADES TEN DIAMONDS FOUR,0.4072,0.0272,0.5656
CLUBS FIVE CLUBS FOUR,0.5192,0.0592,0.4216
CLUBS SEVEN CLUBS FOUR,0.5444,0.0616,0.394
CLUBS SIX CLUBS FOUR,0.526,0.0712,0.4028
CLUBS SEVEN SPADES EIGHT,0.2468,0.291,0.4622
CLUBS SEVEN SPADES NINE,0.3552,0.0428,0.602
CLUBS SEVEN SPADES SIX,0.5188,0.0606,0.4206
CLUBS SEVEN SPADES SEVEN,0.267,0.073,0.66
CLUBS SEVEN SPADES FIVE,0.5408,0.0644,0.3948
CLUBS SEVEN SPADES FOUR,0.5506,0.063,0.3864
CLUBS SEVEN SPADES THREE,0.6172,0.1504,0.2324
CLUBS SEVEN SPADES TWO,0.5986,0.0624,0.339
CLUBS SEVEN CLUBS NINE,0.3056,0.0412,0.6532
HEARTS SIX DIAMONDS FIVE,0.5326,0.0672,0.4002
DIAMONDS FIVE HEARTS SEVEN,0.5426,0.0542,0.4032
DIAMONDS FIVE HEARTS EIGHT,0.2592,0.4144,0.3264
HEARTS NINE DIAMONDS FIVE,0.3856,0.0386,0.5758
DIAMONDS QUEEN DIAMONDS FIVE,0.3658,0.012,0.6222
HEARTS TWO DIAMONDS FIVE,0.5854,0.0666,0.348
HEARTS KING HEARTS EIGHT,0.2534,0.0328,0.7138
DIAMONDS KING DIAMONDS FIVE,0.373,0.0054,0.6216
HEARTS THREE DIAMONDS FIVE,0.6046,0.134,0.2614
HEARTS QUEEN HEARTS EIGHT,0.2624,0.0434,0.6942
DIAMONDS ACE DIAMONDS FIVE,0.3544,0.0068,0.6388
HEARTS FOUR DIAMONDS FIVE,0.53,0.0598,0.4102
HEARTS FIVE DIAMONDS FIVE,0.2886,0.0916,0.6198
HEARTS ACE HEARTS EIGHT,0.2476,0.0254,0.727
CLUBS FOUR DIAMONDS FIVE,0.5236,0.0668,0.4096
CLUBS FIVE DIAMONDS FIVE,0.288,0.095,0.617
CLUBS SIX DIAMONDS FIVE,0.5256,0.059,0.4154
CLUBS SEVEN DIAMONDS FIVE,0.538,0.068,0.394
CLUBS TWO DIAMONDS FIVE,0.5816,0.0668,0.3516
SPADES THREE DIAMONDS FIVE,0.5846,0.1372,0.2782
SPADES TWO DIAMONDS FIVE,0.5914,0.0614,0.3472
SPADES JACK DIAMONDS EIGHT,0.2798,0.0578,0.6624
SPADES FIVE DIAMONDS FIVE,0.2936,0.095,0.6114
CLUBS TEN HEARTS JACK,0.3288,0.0154,0.6558
SPADES TEN DIAMONDS EIGHT,0.272,0.0756,0.6524
SPADES FOUR DIAMONDS FIVE,0.5462,0.0626,0.3912
CLUBS JACK HEARTS JACK,0.1642,0.0404,0.7954
HEARTS JACK CLUBS QUEEN,0.3396,0.0094,0.651
CLUBS NINE DIAMONDS FIVE,0.3724,0.047,0.5806
HEARTS JACK CLUBS KING,0.361,0.0062,0.6328
HEARTS JACK CLUBS ACE,0.3504,0.0052,0.6444
SPADES SEVEN DIAMONDS FIVE,0.5386,0.0662,0.3952
SPADES KING DIAMONDS EIGHT,0.2752,0.0352,0.6896
SPADES QUEEN DIAMONDS EIGHT,0.2738,0.0506,0.6756
SPADES SIX DIAMONDS FIVE,0.526,0.0706,0.4034
SPADES NINE DIAMONDS FIVE,0.3794,0.0446,0.576
SPADES EIGHT DIAMONDS FIVE,0.2614,0.4158,0.3228
SPADES ACE DIAMONDS EIGHT,0.2618,0.031,0.7072
DIAMONDS TEN DIAMONDS SIX,0.3642,0.0226,0.6132
HEARTS ACE DIAMONDS SEVEN,0.3976,0.003,0.5994
DIAMONDS JACK DIAMONDS SIX,0.3672,0.0168,0.616
HEARTS QUEEN DIAMONDS SEVEN,0.4016,0.0138,0.5846
HEARTS KING DIAMONDS SEVEN,0.3852,0.006,0.6088
DIAMONDS ACE DIAMONDS SIX,0.3712,0.0038,0.625
HEARTS FOUR DIAMONDS SIX,0.546,0.0634,0.3906
HEARTS JACK SPADES TWO,0.4262,0.0164,0.5574
HEARTS FIVE DIAMONDS SIX,0.5394,0.0632,0.3974
SPADES TWO HEARTS TEN,0.4232,0.031,0.5458
DIAMONDS QUEEN DIAMONDS SIX,0.3648,0.0106,0.6246
HEARTS TWO DIAMONDS SIX,0.5988,0.0664,0.3348
DIAMONDS KING DIAMONDS SIX,0.3652,0.006,0.6288
HEARTS THREE DIAMONDS SIX,0.622,0.136,0.242
HEARTS EIGHT DIAMONDS SIX,0.2646,0.3516,0.3838
HEARTS NINE DIAMONDS SIX,0.3626,0.0414,0.596
HEARTS SIX DIAMONDS SIX,0.2882,0.0876,0.6242
HEARTS SEVEN DIAMONDS SIX,0.5286,0.0638,0.4076
HEARTS TEN DIAMONDS SEVEN,0.379,0.0242,0.5968
CLUBS TWO DIAMONDS SIX,0.6044,0.066,0.3296
HEARTS JACK DIAMONDS SEVEN,0.3956,0.0194,0.585
CLUBS SEVEN DIAMONDS SIX,0.504,0.0628,0.4332
CLUBS JACK DIAMONDS EIGHT,0.2548,0.0556,0.6896
CLUBS SIX DIAMONDS SIX,0.284,0.0924,0.6236
CLUBS TEN DIAMONDS EIGHT,0.2654,0.0768,0.6578
CLUBS FIVE DIAMONDS SIX,0.5296,0.067,0.4034
CLUBS FOUR DIAMONDS SIX,0.5476,0.0744,0.378
HEARTS ACE HEARTS JACK,0.3442,0.0036,0.6522
DIAMONDS EIGHT CLUBS ACE,0.2566,0.0286,0.7148
HEARTS JACK HEARTS QUEEN,0.3346,0.0104,0.655
DIAMONDS EIGHT CLUBS KING,0.268,0.0374,0.6946
CLUBS NINE DIAMONDS SIX,0.375,0.0432,0.5818
HEARTS KING HEARTS JACK,0.3544,0.0068,0.6388
DIAMONDS EIGHT CLUBS QUEEN,0.2558,0.0472,0.697
SPADES TEN HEARTS KING,0.3558,0.0066,0.6376
SPADES FIVE DIAMONDS SIX,0.543,0.061,0.396
HEARTS ACE SPADES TWO,0.4024,0.0054,0.5922
SPADES JACK HEARTS KING,0.3832,0.0078,0.609
SPADES FOUR DIAMONDS SIX,0.5584,0.065,0.3766
SPADES THREE DIAMONDS SIX,0.6158,0.1356,0.2486
HEARTS QUEEN SPADES TWO,0.4276,0.013,0.5594
SPADES ACE SPADES KING,0.3446,0.0058,0.6496
HEARTS KING SPADES TWO,0.4218,0.0084,0.5698
SPADES TWO DIAMONDS SIX,0.5902,0.063,0.3468
HEARTS TEN HEARTS EIGHT,0.266,0.0762,0.6578
SPADES NINE DIAMONDS SIX,0.3682,0.0434,0.5884
HEARTS JACK HEARTS EIGHT,0.2544,0.058,0.6876
SPADES EIGHT DIAMONDS SIX,0.2578,0.352,0.3902
SPADES SEVEN DIAMONDS SIX,0.5386,0.0592,0.4022
SPADES SIX DIAMONDS SIX,0.2892,0.0918,0.619
SPADES KING HEARTS KING,0.1718,0.015,0.8132
SPADES QUEEN HEARTS KING,0.359,0.006,0.635
CLUBS ACE CLUBS KING,0.3054,0.0064,0.6882
SPADES ACE HEARTS KING,0.37,0.0048,0.6252
SPADES ACE HEARTS JACK,0.3684,0.0044,0.6272
SPADES QUEEN HEARTS JACK,0.3492,0.0096,0.6412
SPADES KING HEARTS JACK,0.367,0.0062,0.6268
SPADES TEN DIAMONDS TEN,0.1796,0.0398,0.7806
SPADES JACK DIAMONDS TEN,0.3472,0.0162,0.6366
SPADES ACE DIAMONDS TEN,0.3604,0.004,0.6356
SPADES JACK HEARTS JACK,0.172,0.0344,0.7936
SPADES TEN HEARTS JACK,0.3482,0.013,0.6388
SPADES QUEEN DIAMONDS TEN,0.3616,0.01,0.6284
SPADES KING DIAMONDS TEN,0.3626,0.0068,0.6306
SPADES NINE DIAMONDS SEVEN,0.3536,0.0374,0.609
SPADES EIGHT DIAMONDS SEVEN,0.258,0.2672,0.4748
SPADES SEVEN DIAMONDS SEVEN,0.293,0.0736,0.6334
SPADES SIX DIAMONDS SEVEN,0.5408,0.0588,0.4004
DIAMONDS KING DIAMONDS SEVEN,0.3768,0.0088,0.6144
HEARTS THREE DIAMONDS SEVEN,0.6202,0.142,0.2378
HEARTS KING DIAMONDS FIVE,0.3862,0.0084,0.6054
DIAMONDS QUEEN DIAMONDS SEVEN,0.3734,0.0122,0.6144
HEARTS TWO DIAMONDS SEVEN,0.6042,0.0666,0.3292
HEARTS QUEEN DIAMONDS FIVE,0.4022,0.01,0.5878
HEARTS FIVE DIAMONDS SEVEN,0.5478,0.0598,0.3924
DIAMONDS ACE DIAMONDS SEVEN,0.3694,0.004,0.6266
HEARTS FOUR DIAMONDS SEVEN,0.5646,0.0576,0.3778
HEARTS ACE DIAMONDS FIVE,0.3848,0.0048,0.6104
HEARTS SEVEN DIAMONDS SEVEN,0.2786,0.0722,0.6492
HEARTS SIX DIAMONDS SEVEN,0.5214,0.0606,0.418
HEARTS NINE DIAMONDS SEVEN,0.3566,0.0362,0.6072
DIAMONDS SEVEN HEARTS EIGHT,0.272,0.2658,0.4622
DIAMONDS JACK DIAMONDS SEVEN,0.3686,0.0138,0.6176
HEARTS JACK DIAMONDS FIVE,0.389,0.0166,0.5944
DIAMONDS TEN DIAMONDS SEVEN,0.3542,0.026,0.6198
DIAMONDS FIVE HEARTS TEN,0.3896,0.0266,0.5838
SPADES KING CLUBS TWO,0.4182,0.012,0.5698
HEARTS KING CLUBS KING,0.1604,0.0158,0.8238
SPADES QUEEN CLUBS TWO,0.4282,0.0148,0.557
HEARTS KING CLUBS QUEEN,0.3452,0.0082,0.6466
CLUBS NINE DIAMONDS SEVEN,0.3604,0.0348,0.6048
CLUBS JACK SPADES TWO,0.4224,0.0208,0.5568
SPADES ACE CLUBS TWO,0.41,0.0074,0.5826
CLUBS TEN SPADES TWO,0.4156,0.0264,0.558
HEARTS KING CLUBS ACE,0.3564,0.0042,0.6394
CLUBS SEVEN CLUBS SIX,0.5198,0.0636,0.4166
SPADES TWO CLUBS KING,0.4004,0.0116,0.588
SPADES TWO DIAMONDS SEVEN,0.5846,0.0672,0.3482
SPADES THREE DIAMONDS SEVEN,0.6284,0.128,0.2436
SPADES TWO CLUBS QUEEN,0.42,0.0116,0.5684
CLUBS NINE CLUBS SIX,0.3262,0.041,0.6328
SPADES FOUR DIAMONDS SEVEN,0.5552,0.0602,0.3846
CLUBS JACK HEARTS KING,0.363,0.0076,0.6294
SPADES FIVE DIAMONDS SEVEN,0.5498,0.0534,0.3968
SPADES TWO CLUBS ACE,0.4038,0.0046,0.5916
CLUBS TEN HEARTS KING,0.3416,0.0068,0.6516
CLUBS SIX SPADES TWO,0.5916,0.072,0.3364
CLUBS SIX SPADES THREE,0.6176,0.1362,0.2462
CLUBS TWO DIAMONDS SEVEN,0.6062,0.065,0.3288
CLUBS SIX SPADES FOUR,0.5528,0.0638,0.3834
CLUBS SIX SPADES FIVE,0.531,0.0694,0.3996
CLUBS FOUR DIAMONDS SEVEN,0.5626,0.068,0.3694
CLUBS SIX SPADES SIX,0.2732,0.0864,0.6404
CLUBS FIVE DIAMONDS SEVEN,0.5256,0.0684,0.406
CLUBS SIX SPADES SEVEN,0.5222,0.0624,0.4154
CLUBS SIX DIAMONDS SEVEN,0.5066,0.0592,0.4342
CLUBS SIX SPADES EIGHT,0.2422,0.3608,0.397
SPADES JACK CLUBS TWO,0.4168,0.0224,0.5608
CLUBS SEVEN DIAMONDS SEVEN,0.2692,0.0894,0.6414
SPADES NINE CLUBS SIX,0.35,0.0422,0.6078
SPADES TEN CLUBS TWO,0.4082,0.0302,0.5616
CLUBS TWO CLUBS QUEEN,0.3646,0.0142,0.6212
CLUBS TWO CLUBS KING,0.3786,0.011,0.6104
CLUBS TWO CLUBS ACE,0.3668,0.0052,0.628
CLUBS TWO DIAMONDS EIGHT,0.2996,0.4868,0.2136
DIAMONDS EIGHT HEARTS SEVEN,0.2504,0.282,0.4676
HEARTS SIX DIAMONDS EIGHT,0.2716,0.3502,0.3782
DIAMONDS EIGHT HEARTS NINE,0.2596,0.102,0.6384
CLUBS TEN CLUBS TWO,0.3684,0.0308,0.6008
DIAMONDS EIGHT HEARTS EIGHT,0.1216,0.0804,0.798
CLUBS JACK CLUBS TWO,0.3754,0.0188,0.6058
CLUBS NINE DIAMONDS EIGHT,0.2494,0.1132,0.6374
CLUBS FIVE DIAMONDS EIGHT,0.251,0.4264,0.3226
SPADES ACE SPADES THREE,0.264,0.0134,0.7226
CLUBS FOUR DIAMONDS EIGHT,0.249,0.4822,0.2688
CLUBS SEVEN DIAMONDS EIGHT,0.2514,0.2832,0.4654
SPADES QUEEN SPADES THREE,0.2782,0.0348,0.687
CLUBS SIX DIAMONDS EIGHT,0.2512,0.3504,0.3984
SPADES KING SPADES THREE,0.276,0.0302,0.6938
DIAMONDS QUEEN DIAMONDS EIGHT,0.2562,0.0372,0.7066
HEARTS TWO DIAMONDS EIGHT,0.2884,0.5002,0.2114
DIAMONDS KING DIAMONDS EIGHT,0.2524,0.0352,0.7124
HEARTS THREE DIAMONDS EIGHT,0.069,0.906,0.025
DIAMONDS ACE DIAMONDS EIGHT,0.2476,0.0292,0.7232
HEARTS FOUR DIAMONDS EIGHT,0.2678,0.4714,0.2608
HEARTS FIVE DIAMONDS EIGHT,0.2538,0.4208,0.3254
DIAMONDS EIGHT DIAMONDS TEN,0.252,0.0812,0.6668
DIAMONDS EIGHT DIAMONDS JACK,0.2464,0.0618,0.6918
SPADES JACK SPADES THREE,0.2678,0.0502,0.682
SPADES TEN SPADES THREE,0.2634,0.0684,0.6682
CLUBS FOUR HEARTS ACE,0.371,0.0052,0.6238
CLUBS FOUR HEARTS QUEEN,0.3774,0.016,0.6066
CLUBS FOUR HEARTS KING,0.4026,0.007,0.5904
CLUBS SIX HEARTS TEN,0.3876,0.0272,0.5852
CLUBS SIX HEARTS JACK,0.3804,0.016,0.6036
DIAMONDS EIGHT SPADES FOUR,0.256,0.4912,0.2528
SPADES FIVE DIAMONDS EIGHT,0.2624,0.405,0.3326
DIAMONDS EIGHT SPADES TWO,0.3048,0.4898,0.2054
DIAMONDS EIGHT SPADES THREE,0.0674,0.9112,0.0214
CLUBS FOUR HEARTS JACK,0.3906,0.019,0.5904
SPADES EIGHT DIAMONDS EIGHT,0.1248,0.0842,0.791
SPADES TEN DIAMONDS QUEEN,0.3618,0.0108,0.6274
SPADES TEN HEARTS TWO,0.4272,0.0292,0.5436
SPADES JACK HEARTS EIGHT,0.27,0.0538,0.6762
CLUBS FOUR HEARTS TEN,0.3902,0.029,0.5808
SPADES NINE DIAMONDS EIGHT,0.2616,0.1042,0.6342
SPADES TEN HEARTS EIGHT,0.2724,0.0714,0.6562
SPADES JACK HEARTS TWO,0.4268,0.0224,0.5508
SPADES JACK DIAMONDS QUEEN,0.3648,0.0104,0.6248
SPADES SIX DIAMONDS EIGHT,0.2668,0.342,0.3912
SPADES SEVEN DIAMONDS EIGHT,0.2502,0.281,0.4688
SPADES ACE HEARTS TWO,0.416,0.0054,0.5786
SPADES ACE DIAMONDS QUEEN,0.3672,0.0034,0.6294
SPADES ACE HEARTS EIGHT,0.2718,0.0294,0.6988
SPADES KING HEARTS EIGHT,0.2486,0.0326,0.7188
SPADES QUEEN HEARTS TWO,0.4226,0.0132,0.5642
SPADES QUEEN DIAMONDS QUEEN,0.1802,0.0274,0.7924
SPADES KING DIAMONDS QUEEN,0.3656,0.0068,0.6276
SPADES KING HEARTS TWO,0.4354,0.0094,0.5552
SPADES QUEEN HEARTS EIGHT,0.2676,0.0446,0.6878
CLUBS TWO HEARTS TEN,0.424,0.0286,0.5474
CLUBS TWO HEARTS JACK,0.4118,0.0192,0.569
SPADES SEVEN DIAMONDS NINE,0.363,0.0372,0.5998
SPADES SIX DIAMONDS NINE,0.3768,0.0408,0.5824
SPADES NINE DIAMONDS NINE,0.1792,0.0562,0.7646
SPADES EIGHT DIAMONDS NINE,0.2632,0.1004,0.6364
SPADES TEN CLUBS KING,0.3428,0.0066,0.6506
DIAMONDS NINE SPADES THREE,0.2732,0.1062,0.6206
SPADES JACK CLUBS KING,0.3508,0.0084,0.6408
DIAMONDS NINE SPADES TWO,0.4146,0.0462,0.5392
DIAMONDS NINE SPADES FIVE,0.3876,0.041,0.5714
DIAMONDS NINE SPADES FOUR,0.3938,0.045,0.5612
CLUBS NINE DIAMONDS NINE,0.1694,0.0594,0.7712
CLUBS SIX DIAMONDS NINE,0.3508,0.0442,0.605
SPADES JACK CLUBS FOUR,0.3926,0.0182,0.5892
CLUBS SEVEN DIAMONDS NINE,0.3474,0.0414,0.6112
SPADES TEN CLUBS FOUR,0.3822,0.0294,0.5884
CLUBS FOUR DIAMONDS NINE,0.389,0.038,0.573
CLUBS FIVE DIAMONDS NINE,0.3662,0.0424,0.5914
CLUBS TWO DIAMONDS NINE,0.4058,0.046,0.5482
DIAMONDS NINE HEARTS EIGHT,0.2742,0.102,0.6238
DIAMONDS NINE HEARTS NINE,0.1796,0.062,0.7584
HEARTS SIX DIAMONDS NINE,0.3804,0.0432,0.5764
DIAMONDS NINE HEARTS SEVEN,0.3628,0.0408,0.5964
DIAMONDS ACE DIAMONDS NINE,0.3458,0.0032,0.651
HEARTS FOUR DIAMONDS NINE,0.385,0.0426,0.5724
HEARTS FIVE DIAMONDS NINE,0.3782,0.037,0.5848
CLUBS TWO HEARTS ACE,0.412,0.007,0.581
SPADES ACE CLUBS FOUR,0.381,0.0072,0.6118
DIAMONDS QUEEN DIAMONDS NINE,0.3516,0.01,0.6384
HEARTS TWO DIAMONDS NINE,0.42,0.0432,0.5368
CLUBS TWO HEARTS KING,0.42,0.01,0.57
SPADES KING CLUBS FOUR,0.3844,0.0136,0.602
DIAMONDS KING DIAMONDS NINE,0.3448,0.0082,0.647
HEARTS THREE DIAMONDS NINE,0.2742,0.1024,0.6234
CLUBS TWO HEARTS QUEEN,0.4136,0.0142,0.5722
SPADES QUEEN CLUBS FOUR,0.394,0.0146,0.5914
DIAMONDS NINE DIAMONDS JACK,0.3342,0.0128,0.653
DIAMONDS NINE DIAMONDS TEN,0.3156,0.022,0.6624
HEARTS SIX DIAMONDS TEN,0.3846,0.0224,0.593
DIAMONDS TEN HEARTS SEVEN,0.3806,0.0246,0.5948
DIAMONDS TEN HEARTS EIGHT,0.267,0.0852,0.6478
CLUBS JACK CLUBS FOUR,0.3348,0.0192,0.646
DIAMONDS TEN HEARTS NINE,0.3384,0.0232,0.6384
CLUBS TEN CLUBS FOUR,0.3452,0.0292,0.6256
CLUBS FOUR CLUBS KING,0.3402,0.01,0.6498
CLUBS FOUR CLUBS QUEEN,0.3306,0.0146,0.6548
CLUBS TWO DIAMONDS TEN,0.4134,0.0264,0.5602
CLUBS FOUR CLUBS ACE,0.3248,0.0074,0.6678
DIAMONDS JACK DIAMONDS TEN,0.3286,0.013,0.6584
DIAMONDS QUEEN DIAMONDS TEN,0.3498,0.011,0.6392
HEARTS TWO DIAMONDS TEN,0.4262,0.0312,0.5426
DIAMONDS KING DIAMONDS TEN,0.338,0.0068,0.6552
HEARTS THREE DIAMONDS TEN,0.2814,0.07,0.6486
DIAMONDS ACE DIAMONDS TEN,0.3452,0.0054,0.6494
HEARTS FOUR DIAMONDS TEN,0.3932,0.025,0.5818
HEARTS FIVE DIAMONDS TEN,0.3982,0.028,0.5738
CLUBS NINE SPADES THREE,0.2626,0.1048,0.6326
CLUBS NINE SPADES TWO,0.4046,0.0422,0.5532
CLUBS NINE SPADES FIVE,0.3596,0.0418,0.5986
CLUBS NINE SPADES FOUR,0.3884,0.0408,0.5708
CLUBS NINE SPADES SEVEN,0.3472,0.0358,0.617
CLUBS NINE SPADES SIX,0.3488,0.0376,0.6136
CLUBS NINE SPADES NINE,0.1608,0.0618,0.7774
CLUBS TEN HEARTS EIGHT,0.25,0.0748,0.6752
CLUBS NINE SPADES EIGHT,0.2492,0.0918,0.659
CLUBS JACK HEARTS EIGHT,0.2578,0.0574,0.6848
CLUBS QUEEN HEARTS EIGHT,0.2524,0.0524,0.6952
CLUBS KING HEARTS EIGHT,0.2618,0.0374,0.7008
CLUBS ACE HEARTS EIGHT,0.2452,0.031,0.7238
SPADES KING CLUBS KING,0.1582,0.0142,0.8276
SPADES QUEEN CLUBS KING,0.3536,0.008,0.6384
SPADES ACE CLUBS KING,0.348,0.0044,0.6476
DIAMONDS ACE HEARTS TEN,0.3678,0.0056,0.6266
HEARTS FOUR HEARTS TEN,0.3784,0.0222,0.5994
DIAMONDS ACE HEARTS JACK,0.3578,0.0032,0.639
HEARTS FOUR HEARTS JACK,0.3828,0.018,0.5992
SPADES KING CLUBS FIVE,0.3956,0.0104,0.594
SPADES QUEEN CLUBS FIVE,0.3852,0.0148,0.6
SPADES ACE CLUBS FIVE,0.374,0.0086,0.6174
DIAMONDS JACK HEARTS SEVEN,0.386,0.0138,0.6002
HEARTS SIX DIAMONDS JACK,0.3956,0.0188,0.5856
DIAMONDS JACK HEARTS NINE,0.3556,0.0142,0.6302
DIAMONDS JACK HEARTS EIGHT,0.2726,0.0542,0.6732
DIAMONDS KING DIAMONDS JACK,0.3338,0.0062,0.66
HEARTS THREE DIAMONDS JACK,0.2902,0.0448,0.665
SPADES ACE SPADES SIX,0.3672,0.0036,0.6292
HEARTS ACE SPADES FOUR,0.3964,0.0046,0.599
DIAMONDS QUEEN DIAMONDS JACK,0.335,0.0098,0.6552
HEARTS TWO DIAMONDS JACK,0.4214,0.0246,0.554
HEARTS FIVE DIAMONDS JACK,0.3914,0.0142,0.5944
SPADES QUEEN SPADES SIX,0.3774,0.0132,0.6094
SPADES FOUR HEARTS QUEEN,0.3966,0.0116,0.5918
DIAMONDS ACE DIAMONDS JACK,0.3356,0.0056,0.6588
HEARTS FOUR DIAMONDS JACK,0.3922,0.0212,0.5866
SPADES KING SPADES SIX,0.374,0.0064,0.6196
HEARTS KING SPADES FOUR,0.4008,0.008,0.5912
SPADES TEN SPADES SIX,0.3564,0.0232,0.6204
SPADES JACK SPADES SIX,0.371,0.0164,0.6126
SPADES FOUR DIAMONDS JACK,0.406,0.0214,0.5726
SPADES FIVE DIAMONDS JACK,0.3926,0.0174,0.59
DIAMONDS JACK SPADES TWO,0.4282,0.0188,0.553
DIAMONDS JACK SPADES THREE,0.2858,0.0486,0.6656
SPADES ACE DIAMONDS THREE,0.2982,0.0158,0.686
SPADES QUEEN DIAMONDS THREE,0.3018,0.0376,0.6606
SPADES KING DIAMONDS THREE,0.2936,0.032,0.6744
CLUBS NINE DIAMONDS JACK,0.3328,0.017,0.6502
CLUBS SIX DIAMONDS JACK,0.3914,0.0188,0.5898
CLUBS SEVEN DIAMONDS JACK,0.3776,0.014,0.6084
CLUBS FOUR DIAMONDS JACK,0.3878,0.017,0.5952
CLUBS FIVE DIAMONDS JACK,0.3988,0.0166,0.5846
CLUBS TWO DIAMONDS JACK,0.4154,0.0234,0.5612
SPADES TEN CLUBS FIVE,0.3806,0.0282,0.5912
HEARTS SIX SPADES JACK,0.4058,0.0188,0.5754
HEARTS SIX SPADES TEN,0.3868,0.0226,0.5906
SPADES JACK CLUBS FIVE,0.3824,0.0214,0.5962
SPADES JACK DIAMONDS THREE,0.2812,0.0528,0.666
CLUBS SEVEN CLUBS ACE,0.3326,0.0074,0.66
DIAMONDS THREE SPADES TEN,0.2764,0.0756,0.648
CLUBS SEVEN CLUBS QUEEN,0.34,0.0152,0.6448
CLUBS SEVEN CLUBS KING,0.3344,0.0094,0.6562
SPADES NINE DIAMONDS JACK,0.3478,0.014,0.6382
CLUBS TEN CLUBS SEVEN,0.3194,0.0278,0.6528
DIAMONDS ACE HEARTS ACE,0.1756,0.0038,0.8206
HEARTS FOUR HEARTS ACE,0.362,0.005,0.633
SPADES EIGHT DIAMONDS JACK,0.2662,0.063,0.6708
SPADES ACE HEARTS SIX,0.3932,0.0044,0.6024
CLUBS JACK CLUBS SEVEN,0.34,0.0228,0.6372
DIAMONDS ACE HEARTS KING,0.3766,0.0042,0.6192
HEARTS FOUR HEARTS KING,0.377,0.0088,0.6142
SPADES SEVEN DIAMONDS JACK,0.3846,0.0176,0.5978
SPADES KING HEARTS SIX,0.3992,0.0066,0.5942
DIAMONDS ACE HEARTS QUEEN,0.3628,0.0046,0.6326
HEARTS FOUR HEARTS QUEEN,0.391,0.0118,0.5972
SPADES QUEEN HEARTS SIX,0.3948,0.011,0.5942
SPADES SIX DIAMONDS JACK,0.4022,0.0186,0.5792
DIAMONDS TEN SPADES TWO,0.4134,0.029,0.5576
SPADES THREE DIAMONDS TEN,0.3004,0.0668,0.6328
SPADES FOUR DIAMONDS TEN,0.3926,0.0244,0.583
SPADES FIVE DIAMONDS TEN,0.401,0.024,0.575
SPADES SIX DIAMONDS TEN,0.383,0.0272,0.5898
SPADES SEVEN DIAMONDS TEN,0.3842,0.0238,0.592
SPADES EIGHT DIAMONDS TEN,0.2688,0.0806,0.6506
SPADES NINE DIAMONDS TEN,0.323,0.024,0.653
CLUBS FOUR DIAMONDS TEN,0.3808,0.0278,0.5914
CLUBS FIVE DIAMONDS TEN,0.3764,0.0266,0.597
CLUBS SIX DIAMONDS TEN,0.383,0.0228,0.5942
CLUBS SEVEN DIAMONDS TEN,0.3702,0.0286,0.6012
CLUBS NINE DIAMONDS TEN,0.3398,0.0222,0.638
CLUBS JACK DIAMONDS THREE,0.2722,0.0516,0.6762
CLUBS TEN DIAMONDS THREE,0.2602,0.0706,0.6692
DIAMONDS THREE CLUBS KING,0.2718,0.0308,0.6974
DIAMONDS THREE CLUBS QUEEN,0.273,0.0364,0.6906
DIAMONDS THREE CLUBS ACE,0.2504,0.021,0.7286
SPADES FOUR HEARTS JACK,0.4134,0.0186,0.568
SPADES FOUR HEARTS TEN,0.3942,0.021,0.5848
SPADES FIVE SPADES TWO,0.5372,0.0686,0.3942
SPADES FOUR SPADES TWO,0.5642,0.063,0.3728
SPADES THREE SPADES TWO,0.5864,0.1354,0.2782
SPADES NINE SPADES TWO,0.3958,0.0344,0.5698
SPADES EIGHT SPADES TWO,0.2864,0.4632,0.2504
SPADES SEVEN SPADES TWO,0.5732,0.0548,0.372
SPADES SIX SPADES TWO,0.5538,0.059,0.3872
DIAMONDS QUEEN CLUBS TWO,0.4194,0.0152,0.5654
CLUBS TWO HEARTS TWO,0.3792,0.1084,0.5124
DIAMONDS QUEEN HEARTS SEVEN,0.4042,0.012,0.5838
HEARTS TWO HEARTS SEVEN,0.5746,0.0644,0.361
HEARTS SIX DIAMONDS QUEEN,0.397,0.0108,0.5922
HEARTS SIX HEARTS TWO,0.5588,0.0668,0.3744
DIAMONDS QUEEN HEARTS NINE,0.3496,0.013,0.6374
HEARTS TWO HEARTS NINE,0.404,0.041,0.555
DIAMONDS QUEEN HEARTS EIGHT,0.2754,0.046,0.6786
HEARTS TWO HEARTS EIGHT,0.284,0.4634,0.2526
CLUBS NINE HEARTS TWO,0.3974,0.0438,0.5588
CLUBS NINE DIAMONDS QUEEN,0.342,0.0112,0.6468
CLUBS FIVE DIAMONDS QUEEN,0.394,0.017,0.589
CLUBS FIVE HEARTS TWO,0.5682,0.067,0.3648
SPADES EIGHT HEARTS ACE,0.2696,0.0262,0.7042
DIAMONDS QUEEN CLUBS FOUR,0.3972,0.0126,0.5902
HEARTS TWO CLUBS FOUR,0.5788,0.0638,0.3574
CLUBS SEVEN DIAMONDS QUEEN,0.3926,0.0118,0.5956
CLUBS SEVEN HEARTS TWO,0.5974,0.0628,0.3398
SPADES EIGHT HEARTS QUEEN,0.2732,0.0438,0.683
CLUBS SIX DIAMONDS QUEEN,0.3776,0.012,0.6104
CLUBS SIX HEARTS TWO,0.5948,0.0666,0.3386
SPADES EIGHT HEARTS KING,0.276,0.0364,0.6876
HEARTS TWO SPADES SIX,0.5964,0.0628,0.3408
DIAMONDS QUEEN SPADES SIX,0.398,0.0094,0.5926
HEARTS FOUR CLUBS QUEEN,0.3828,0.0142,0.603
DIAMONDS ACE CLUBS QUEEN,0.3572,0.006,0.6368
DIAMONDS QUEEN SPADES SEVEN,0.3916,0.0106,0.5978
HEARTS TWO SPADES SEVEN,0.609,0.0636,0.3274
HEARTS FOUR CLUBS KING,0.3848,0.0096,0.6056
DIAMONDS ACE CLUBS KING,0.352,0.0064,0.6416
DIAMONDS QUEEN SPADES EIGHT,0.2772,0.047,0.6758
SPADES EIGHT HEARTS TWO,0.292,0.4988,0.2092
HEARTS FOUR CLUBS ACE,0.3686,0.0056,0.6258
DIAMONDS ACE CLUBS ACE,0.156,0.0042,0.8398
SPADES NINE DIAMONDS QUEEN,0.3702,0.0108,0.619
SPADES NINE HEARTS TWO,0.4198,0.0404,0.5398
HEARTS TWO SPADES TWO,0.3848,0.0948,0.5204
DIAMONDS QUEEN SPADES TWO,0.4246,0.017,0.5584
HEARTS TWO SPADES THREE,0.6244,0.1468,0.2288
DIAMONDS QUEEN SPADES THREE,0.288,0.0386,0.6734
HEARTS TWO SPADES FOUR,0.5766,0.0646,0.3588
DIAMONDS QUEEN SPADES FOUR,0.4052,0.014,0.5808
CLUBS TEN HEARTS FOUR,0.3766,0.033,0.5904
CLUBS TEN DIAMONDS ACE,0.34,0.0054,0.6546
HEARTS TWO SPADES FIVE,0.5814,0.0688,0.3498
DIAMONDS QUEEN SPADES FIVE,0.3964,0.0104,0.5932
HEARTS FOUR CLUBS JACK,0.3884,0.0202,0.5914
CLUBS JACK DIAMONDS ACE,0.3518,0.0068,0.6414
CLUBS FIVE CLUBS KING,0.3244,0.0094,0.6662
CLUBS FIVE CLUBS QUEEN,0.3372,0.0146,0.6482
CLUBS FIVE CLUBS ACE,0.3172,0.0092,0.6736
CLUBS JACK CLUBS FIVE,0.3368,0.0206,0.6426
CLUBS TEN CLUBS FIVE,0.332,0.027,0.641
SPADES KING CLUBS JACK,0.3486,0.0072,0.6442
CLUBS JACK SPADES QUEEN,0.3376,0.0088,0.6536
SPADES ACE CLUBS JACK,0.3484,0.0048,0.6468
SPADES SIX CLUBS KING,0.362,0.0078,0.6302
SPADES SIX CLUBS QUEEN,0.3798,0.0118,0.6084
SPADES EIGHT HEARTS JACK,0.2704,0.063,0.6666
SPADES SIX CLUBS ACE,0.38,0.005,0.615
SPADES EIGHT HEARTS TEN,0.2676,0.079,0.6534
CLUBS JACK SPADES SIX,0.381,0.0168,0.6022
CLUBS TEN SPADES SIX,0.3682,0.026,0.6058
CLUBS JACK SPADES TEN,0.3284,0.0158,0.6558
CLUBS JACK SPADES JACK,0.155,0.0358,0.8092
SPADES QUEEN CLUBS SEVEN,0.3926,0.0126,0.5948
SPADES KING CLUBS SEVEN,0.393,0.0096,0.5974
SPADES ACE CLUBS SEVEN,0.3814,0.0052,0.6134
SPADES SIX HEARTS TEN,0.381,0.0242,0.5948
SPADES SIX HEARTS JACK,0.3868,0.0144,0.5988
SPADES SIX HEARTS ACE,0.4038,0.0032,0.593
SPADES SIX HEARTS KING,0.3672,0.0068,0.626
SPADES SIX HEARTS QUEEN,0.4044,0.0104,0.5852
CLUBS SEVEN SPADES JACK,0.3736,0.0172,0.6092
CLUBS SEVEN SPADES TEN,0.3608,0.0284,0.6108
CLUBS TEN HEARTS SIX,0.3842,0.0266,0.5892
CLUBS JACK HEARTS SIX,0.3852,0.0176,0.5972
CLUBS JACK CLUBS ACE,0.3014,0.0066,0.692
HEARTS SIX CLUBS QUEEN,0.3836,0.0134,0.603
HEARTS SIX CLUBS KING,0.3792,0.0062,0.6146
HEARTS SIX CLUBS ACE,0.3824,0.0074,0.6102
CLUBS JACK CLUBS QUEEN,0.311,0.011,0.678
CLUBS JACK CLUBS KING,0.3024,0.0078,0.6898
DIAMONDS THREE HEARTS ACE,0.2868,0.0144,0.6988
DIAMONDS THREE HEARTS QUEEN,0.2954,0.0338,0.6708
DIAMONDS THREE HEARTS KING,0.276,0.029,0.695
CLUBS FIVE HEARTS JACK,0.3958,0.019,0.5852
SPADES TEN DIAMONDS ACE,0.373,0.0036,0.6234
HEARTS FOUR SPADES TEN,0.3978,0.0234,0.5788
CLUBS FIVE HEARTS TEN,0.3934,0.0296,0.577
HEARTS FOUR SPADES JACK,0.3962,0.019,0.5848
SPADES JACK DIAMONDS ACE,0.365,0.0042,0.6308
SPADES ACE HEARTS FOUR,0.3896,0.0048,0.6056
SPADES ACE DIAMONDS ACE,0.168,0.0044,0.8276
CLUBS FIVE HEARTS ACE,0.3676,0.0046,0.6278
CLUBS FIVE HEARTS KING,0.392,0.0096,0.5984
HEARTS FOUR SPADES QUEEN,0.4006,0.013,0.5864
SPADES QUEEN DIAMONDS ACE,0.3608,0.007,0.6322
CLUBS JACK SPADES FOUR,0.3812,0.0214,0.5974
CLUBS FIVE HEARTS QUEEN,0.3878,0.012,0.6002
SPADES KING DIAMONDS ACE,0.3652,0.0056,0.6292
HEARTS FOUR SPADES KING,0.3886,0.0062,0.6052
CLUBS TEN SPADES FOUR,0.3708,0.0298,0.5994
DIAMONDS QUEEN DIAMONDS ACE,0.3468,0.0054,0.6478
HEARTS TWO DIAMONDS ACE,0.4042,0.004,0.5918
HEARTS FOUR DIAMONDS QUEEN,0.396,0.0138,0.5902
HEARTS FOUR HEARTS TWO,0.5502,0.065,0.3848
DIAMONDS THREE HEARTS TEN,0.2884,0.073,0.6386
SPADES FOUR CLUBS KING,0.3742,0.0106,0.6152
HEARTS FIVE DIAMONDS QUEEN,0.3838,0.0162,0.6
HEARTS FIVE HEARTS TWO,0.539,0.0684,0.3926
DIAMONDS THREE HEARTS JACK,0.2942,0.05,0.6558
SPADES FOUR CLUBS QUEEN,0.3766,0.0112,0.6122
DIAMONDS QUEEN HEARTS TWO,0.4408,0.015,0.5442
DIAMONDS KING DIAMONDS QUEEN,0.3522,0.0058,0.642
DIAMONDS KING HEARTS TWO,0.4204,0.0086,0.571
HEARTS THREE DIAMONDS QUEEN,0.2974,0.0356,0.667
HEARTS THREE HEARTS TWO,0.5894,0.1302,0.2804
SPADES FOUR CLUBS ACE,0.373,0.0064,0.6206
HEARTS TWO CLUBS ACE,0.4014,0.0048,0.5938
DIAMONDS QUEEN CLUBS ACE,0.3566,0.0052,0.6382
HEARTS TWO CLUBS QUEEN,0.4052,0.0142,0.5806
DIAMONDS QUEEN CLUBS QUEEN,0.1578,0.0322,0.81
HEARTS TWO CLUBS KING,0.4128,0.0086,0.5786
DIAMONDS QUEEN CLUBS KING,0.3422,0.0046,0.6532
SPADES EIGHT SPADES FIVE,0.2504,0.3922,0.3574
CLUBS TEN HEARTS TWO,0.404,0.032,0.564
CLUBS TEN DIAMONDS QUEEN,0.3454,0.0112,0.6434
SPADES NINE SPADES FIVE,0.3546,0.0424,0.603
CLUBS JACK HEARTS TWO,0.4122,0.017,0.5708
CLUBS JACK DIAMONDS QUEEN,0.3394,0.0102,0.6504
SPADES SIX SPADES FIVE,0.4988,0.0596,0.4416
SPADES SEVEN SPADES FIVE,0.5078,0.0576,0.4346
DIAMONDS FIVE CLUBS QUEEN,0.3866,0.014,0.5994
SPADES EIGHT CLUBS ACE,0.2462,0.0332,0.7206
DIAMONDS FIVE CLUBS KING,0.3704,0.0104,0.6192
SPADES EIGHT CLUBS KING,0.2508,0.0342,0.715
DIAMONDS FIVE CLUBS ACE,0.3744,0.005,0.6206
SPADES EIGHT CLUBS QUEEN,0.2558,0.0498,0.6944
CLUBS JACK SPADES EIGHT,0.2566,0.059,0.6844
CLUBS TEN SPADES EIGHT,0.2574,0.0772,0.6654
CLUBS TEN DIAMONDS FIVE,0.3844,0.026,0.5896
CLUBS JACK DIAMONDS FIVE,0.3856,0.021,0.5934
HEARTS JACK DIAMONDS TEN,0.3428,0.0136,0.6436
DIAMONDS TEN HEARTS TEN,0.1788,0.0476,0.7736
SPADES ACE CLUBS NINE,0.3442,0.0044,0.6514
SPADES QUEEN CLUBS NINE,0.349,0.0094,0.6416
SPADES KING CLUBS NINE,0.3488,0.009,0.6422
HEARTS SIX HEARTS KING,0.3814,0.0076,0.611
DIAMONDS KING SPADES SEVEN,0.401,0.006,0.593
HEARTS THREE SPADES SEVEN,0.6346,0.133,0.2324
SPADES KING DIAMONDS SEVEN,0.3864,0.007,0.6066
HEARTS SIX HEARTS QUEEN,0.3806,0.0112,0.6082
SPADES QUEEN DIAMONDS SEVEN,0.3936,0.0118,0.5946
HEARTS THREE SPADES SIX,0.6208,0.1402,0.239
DIAMONDS KING SPADES SIX,0.3846,0.0088,0.6066
DIAMONDS KING SPADES NINE,0.3712,0.006,0.6228
HEARTS THREE SPADES NINE,0.2942,0.0938,0.612
HEARTS SIX HEARTS ACE,0.3624,0.0044,0.6332
DIAMONDS KING SPADES EIGHT,0.2732,0.0344,0.6924
