opposingHand,winningChance,drawChance,lostChance
CLUBS SEVEN SPADES FOUR
HEARTS FIVE SPADES TEN,0.3716,0.0278,0.6006
SPADES JACK HEARTS FIVE,0.371,0.0158,0.6132
SPADES FIVE CLUBS JACK,0.3748,0.02,0.6052
CLUBS TEN SPADES FIVE,0.3728,0.0304,0.5968
CLUBS EIGHT CLUBS JACK,0.3382,0.018,0.6438
CLUBS TEN CLUBS EIGHT,0.3182,0.025,0.6568
CLUBS EIGHT CLUBS KING,0.3366,0.0076,0.6558
SPADES FIVE CLUBS ACE,0.3542,0.0072,0.6386
CLUBS EIGHT CLUBS QUEEN,0.334,0.0094,0.6566
SPADES FIVE CLUBS KING,0.3634,0.0084,0.6282
SPADES FIVE CLUBS QUEEN,0.3636,0.0126,0.6238
CLUBS EIGHT CLUBS ACE,0.331,0.006,0.663
DIAMONDS TWO DIAMONDS THREE,0.5336,0.0918,0.3746
DIAMONDS TWO DIAMONDS FIVE,0.5112,0.1034,0.3854
SPADES KING HEARTS FIVE,0.386,0.0088,0.6052
DIAMONDS TWO DIAMONDS FOUR,0.5398,0.185,0.2752
SPADES QUEEN HEARTS FIVE,0.369,0.011,0.62
DIAMONDS TWO DIAMONDS SEVEN,0.2764,0.4622,0.2614
DIAMONDS TWO DIAMONDS SIX,0.522,0.0954,0.3826
SPADES ACE HEARTS FIVE,0.3592,0.0064,0.6344
DIAMONDS TWO DIAMONDS NINE,0.391,0.0344,0.5746
DIAMONDS TWO DIAMONDS EIGHT,0.3784,0.0648,0.5568
DIAMONDS THREE DIAMONDS FOUR,0.5176,0.1996,0.2828
DIAMONDS THREE DIAMONDS FIVE,0.4962,0.0972,0.4066
CLUBS TWO SPADES FIVE,0.543,0.1066,0.3504
CLUBS TWO SPADES TWO,0.364,0.1236,0.5124
CLUBS TWO SPADES THREE,0.5736,0.1042,0.3222
DIAMONDS THREE DIAMONDS EIGHT,0.3906,0.063,0.5464
SPADES EIGHT CLUBS TWO,0.4086,0.0678,0.5236
DIAMONDS THREE DIAMONDS NINE,0.383,0.0402,0.5768
SPADES NINE CLUBS TWO,0.3942,0.046,0.5598
DIAMONDS THREE DIAMONDS SIX,0.5066,0.0962,0.3972
CLUBS TWO SPADES SIX,0.5664,0.1034,0.3302
DIAMONDS THREE DIAMONDS SEVEN,0.256,0.4726,0.2714
CLUBS TWO SPADES SEVEN,0.2902,0.507,0.2028
CLUBS SIX CLUBS TWO,0.535,0.1006,0.3644
CLUBS FOUR CLUBS TWO,0.5422,0.2,0.2578
CLUBS FIVE CLUBS TWO,0.5108,0.0984,0.3908
CLUBS TEN CLUBS JACK,0.3186,0.0174,0.664
DIAMONDS FOUR DIAMONDS SIX,0.5298,0.1738,0.2964
CLUBS TEN CLUBS QUEEN,0.3242,0.0104,0.6654
DIAMONDS FOUR DIAMONDS SEVEN,0.0202,0.9128,0.067
CLUBS TEN CLUBS KING,0.3196,0.0076,0.6728
CLUBS TEN CLUBS ACE,0.3292,0.0048,0.666
CLUBS EIGHT CLUBS TWO,0.408,0.0638,0.5282
DIAMONDS FIVE DIAMONDS FOUR,0.504,0.1872,0.3088
CLUBS NINE CLUBS TWO,0.3918,0.0436,0.5646
DIAMONDS NINE DIAMONDS FOUR,0.256,0.1026,0.6414
DIAMONDS EIGHT DIAMONDS FOUR,0.242,0.1398,0.6182
CLUBS TWO CLUBS THREE,0.5506,0.1016,0.3478
DIAMONDS NINE DIAMONDS FIVE,0.3446,0.0444,0.611
DIAMONDS TWO CLUBS JACK,0.4078,0.022,0.5702
DIAMONDS EIGHT DIAMONDS FIVE,0.329,0.0614,0.6096
CLUBS TEN DIAMONDS TWO,0.4324,0.0312,0.5364
DIAMONDS FIVE DIAMONDS SEVEN,0.1986,0.4338,0.3676
DIAMONDS FIVE DIAMONDS SIX,0.482,0.0954,0.4226
DIAMONDS TWO CLUBS ACE,0.3948,0.0048,0.6004
DIAMONDS TWO CLUBS KING,0.4152,0.0124,0.5724
DIAMONDS TWO CLUBS QUEEN,0.4134,0.0162,0.5704
DIAMONDS EIGHT DIAMONDS SIX,0.3268,0.0626,0.6106
DIAMONDS NINE DIAMONDS SIX,0.3342,0.0418,0.624
HEARTS ACE SPADES THREE,0.3972,0.0054,0.5974
HEARTS KING SPADES THREE,0.4106,0.0104,0.579
DIAMONDS SEVEN DIAMONDS SIX,0.2116,0.3578,0.4306
SPADES THREE HEARTS QUEEN,0.4006,0.0136,0.5858
SPADES THREE HEARTS JACK,0.415,0.0228,0.5622
SPADES THREE HEARTS TEN,0.412,0.028,0.56
DIAMONDS EIGHT DIAMONDS SEVEN,0.2196,0.1284,0.652
DIAMONDS NINE DIAMONDS SEVEN,0.2338,0.1076,0.6586
DIAMONDS NINE DIAMONDS EIGHT,0.3094,0.0352,0.6554
DIAMONDS KING HEARTS TEN,0.3508,0.0062,0.643
HEARTS THREE HEARTS TEN,0.3886,0.029,0.5824
CLUBS SIX SPADES JACK,0.3646,0.0198,0.6156
DIAMONDS KING HEARTS JACK,0.3362,0.0058,0.658
HEARTS THREE HEARTS JACK,0.3974,0.0194,0.5832
CLUBS SIX SPADES TEN,0.3536,0.0304,0.616
SPADES JACK SPADES FIVE,0.3592,0.0186,0.6222
SPADES TEN SPADES FIVE,0.3588,0.027,0.6142
DIAMONDS KING HEARTS ACE,0.347,0.0054,0.6476
HEARTS THREE HEARTS ACE,0.3716,0.004,0.6244
SPADES ACE CLUBS SIX,0.3746,0.0074,0.618
DIAMONDS KING HEARTS QUEEN,0.3516,0.0062,0.6422
HEARTS THREE HEARTS QUEEN,0.3762,0.0118,0.612
SPADES KING CLUBS SIX,0.3726,0.0078,0.6196
DIAMONDS KING HEARTS KING,0.1596,0.0154,0.825
HEARTS THREE HEARTS KING,0.3838,0.009,0.6072
SPADES QUEEN CLUBS SIX,0.372,0.0118,0.6162
SPADES NINE HEARTS TEN,0.3204,0.0244,0.6552
SPADES NINE HEARTS JACK,0.3396,0.0162,0.6442
SPADES QUEEN SPADES FIVE,0.3478,0.014,0.6382
SPADES KING SPADES FIVE,0.3526,0.0102,0.6372
SPADES ACE SPADES FIVE,0.3508,0.0054,0.6438
SPADES NINE HEARTS QUEEN,0.3442,0.0088,0.647
SPADES NINE HEARTS KING,0.3472,0.0062,0.6466
SPADES NINE HEARTS ACE,0.3408,0.0044,0.6548
CLUBS TEN SPADES JACK,0.3142,0.0152,0.6706
CLUBS TEN SPADES TEN,0.149,0.056,0.795
SPADES ACE CLUBS TEN,0.3304,0.0052,0.6644
SPADES KING CLUBS TEN,0.347,0.007,0.646
CLUBS TEN SPADES QUEEN,0.3334,0.0108,0.6558
SPADES FIVE HEARTS QUEEN,0.3698,0.0128,0.6174
HEARTS KING SPADES FIVE,0.356,0.0096,0.6344
SPADES FIVE HEARTS ACE,0.3514,0.0044,0.6442
CLUBS EIGHT SPADES TEN,0.3244,0.0316,0.644
HEARTS THREE SPADES JACK,0.4248,0.0216,0.5536
SPADES JACK DIAMONDS KING,0.3454,0.0064,0.6482
SPADES TEN DIAMONDS KING,0.3408,0.004,0.6552
HEARTS THREE SPADES TEN,0.4172,0.0294,0.5534
SPADES JACK CLUBS EIGHT,0.3328,0.0162,0.651
SPADES ACE CLUBS EIGHT,0.3332,0.0046,0.6622
HEARTS FIVE CLUBS JACK,0.3798,0.017,0.6032
CLUBS SIX HEARTS ACE,0.3768,0.0048,0.6184
CLUBS TEN HEARTS FIVE,0.3742,0.029,0.5968
SPADES QUEEN CLUBS EIGHT,0.3474,0.0128,0.6398
CLUBS TEN SPADES THREE,0.4046,0.0336,0.5618
CLUBS SIX HEARTS QUEEN,0.3798,0.0144,0.6058
SPADES KING CLUBS EIGHT,0.3508,0.0072,0.642
SPADES THREE CLUBS JACK,0.4072,0.0168,0.576
CLUBS SIX HEARTS KING,0.382,0.0068,0.6112
DIAMONDS TWO HEARTS JACK,0.4192,0.0234,0.5574
SPADES THREE CLUBS QUEEN,0.4032,0.011,0.5858
DIAMONDS TWO HEARTS TEN,0.4116,0.0278,0.5606
SPADES THREE CLUBS KING,0.4166,0.0076,0.5758
HEARTS FIVE CLUBS ACE,0.359,0.0048,0.6362
SPADES FIVE HEARTS TEN,0.3696,0.035,0.5954
SPADES THREE CLUBS ACE,0.403,0.0048,0.5922
HEARTS FIVE CLUBS KING,0.3784,0.011,0.6106
SPADES FIVE HEARTS JACK,0.3612,0.022,0.6168
HEARTS FIVE CLUBS QUEEN,0.3562,0.0126,0.6312
HEARTS THREE CLUBS KING,0.393,0.0076,0.5994
DIAMONDS KING CLUBS KING,0.1544,0.0144,0.8312
HEARTS THREE CLUBS QUEEN,0.4048,0.0166,0.5786
DIAMONDS KING CLUBS QUEEN,0.3558,0.0056,0.6386
HEARTS FIVE HEARTS JACK,0.3466,0.0176,0.6358
HEARTS FIVE HEARTS TEN,0.3596,0.0314,0.609
HEARTS THREE CLUBS ACE,0.3708,0.0062,0.623
DIAMONDS KING CLUBS ACE,0.3484,0.0056,0.646
SPADES ACE CLUBS QUEEN,0.3468,0.0058,0.6474
SPADES KING CLUBS QUEEN,0.3382,0.007,0.6548
HEARTS THREE CLUBS JACK,0.4132,0.0216,0.5652
DIAMONDS KING CLUBS JACK,0.3478,0.0076,0.6446
SPADES QUEEN CLUBS QUEEN,0.1522,0.0298,0.818
CLUBS TEN HEARTS THREE,0.4104,0.0308,0.5588
CLUBS TEN DIAMONDS KING,0.3374,0.0056,0.657
SPADES JACK CLUBS QUEEN,0.3276,0.0108,0.6616
CLUBS SIX CLUBS QUEEN,0.3564,0.0132,0.6304
SPADES TEN CLUBS QUEEN,0.3378,0.0086,0.6536
CLUBS SIX CLUBS KING,0.3628,0.0082,0.629
CLUBS SIX CLUBS ACE,0.3536,0.0062,0.6402
HEARTS FIVE HEARTS KING,0.3576,0.0106,0.6318
HEARTS FIVE HEARTS QUEEN,0.3614,0.013,0.6256
CLUBS TEN CLUBS SIX,0.357,0.0262,0.6168
HEARTS FIVE HEARTS ACE,0.3418,0.005,0.6532
CLUBS SIX CLUBS JACK,0.3546,0.0184,0.627
SPADES SEVEN HEARTS JACK,0.2604,0.0574,0.6822
SPADES SEVEN HEARTS TEN,0.259,0.0828,0.6582
DIAMONDS TWO CLUBS TWO,0.3652,0.1222,0.5126
DIAMONDS TWO CLUBS THREE,0.5574,0.1134,0.3292
HEARTS SIX DIAMONDS TWO,0.5516,0.107,0.3414
DIAMONDS TWO HEARTS QUEEN,0.4278,0.0122,0.56
DIAMONDS TWO HEARTS SEVEN,0.3002,0.4932,0.2066
DIAMONDS TWO HEARTS KING,0.4128,0.0084,0.5788
DIAMONDS TWO HEARTS EIGHT,0.403,0.0668,0.5302
DIAMONDS TWO HEARTS ACE,0.3998,0.0036,0.5966
DIAMONDS TWO HEARTS NINE,0.4136,0.0494,0.537
DIAMONDS TWO DIAMONDS QUEEN,0.3922,0.0152,0.5926
DIAMONDS TWO HEARTS TWO,0.3764,0.126,0.4976
DIAMONDS TWO DIAMONDS KING,0.3944,0.0072,0.5984
HEARTS THREE DIAMONDS TWO,0.5504,0.1108,0.3388
DIAMONDS TWO DIAMONDS ACE,0.3784,0.0046,0.617
HEARTS FOUR DIAMONDS TWO,0.56,0.1996,0.2404
DIAMONDS TWO HEARTS FIVE,0.5504,0.107,0.3426
SPADES SEVEN HEARTS ACE,0.2378,0.0338,0.7284
DIAMONDS TWO DIAMONDS TEN,0.3938,0.0338,0.5724
SPADES SEVEN HEARTS KING,0.2568,0.0424,0.7008
DIAMONDS TWO DIAMONDS JACK,0.3828,0.0176,0.5996
SPADES SEVEN HEARTS QUEEN,0.2454,0.055,0.6996
DIAMONDS TWO SPADES NINE,0.404,0.0438,0.5522
DIAMONDS TWO SPADES EIGHT,0.415,0.0694,0.5156
DIAMONDS TWO SPADES SEVEN,0.2868,0.5052,0.208
DIAMONDS TWO SPADES SIX,0.5562,0.1052,0.3386
DIAMONDS TWO SPADES FIVE,0.5434,0.1062,0.3504
DIAMONDS TWO SPADES THREE,0.5714,0.099,0.3296
DIAMONDS TWO SPADES TWO,0.3744,0.1188,0.5068
CLUBS NINE DIAMONDS TWO,0.4014,0.048,0.5506
DIAMONDS TWO CLUBS EIGHT,0.391,0.067,0.542
CLUBS SIX DIAMONDS TWO,0.5812,0.1054,0.3134
DIAMONDS TWO CLUBS FIVE,0.5512,0.1098,0.339
DIAMONDS TWO CLUBS FOUR,0.5756,0.197,0.2274
CLUBS FOUR SPADES FIVE,0.5314,0.2096,0.259
CLUBS FOUR SPADES THREE,0.5598,0.2012,0.239
CLUBS FOUR SPADES TWO,0.573,0.214,0.213
CLUBS FOUR SPADES NINE,0.264,0.1092,0.6268
CLUBS FOUR SPADES EIGHT,0.2442,0.1456,0.6102
CLUBS FOUR SPADES SEVEN,0.0076,0.984,0.0084
CLUBS FOUR SPADES SIX,0.5548,0.2092,0.236
SPADES ACE DIAMONDS SIX,0.366,0.0046,0.6294
SPADES QUEEN DIAMONDS SIX,0.3572,0.0118,0.631
SPADES KING DIAMONDS SIX,0.3788,0.0076,0.6136
SPADES TEN DIAMONDS SIX,0.3578,0.0246,0.6176
SPADES JACK DIAMONDS SIX,0.3806,0.0186,0.6008
SPADES QUEEN SPADES TWO,0.4074,0.011,0.5816
SPADES KING SPADES TWO,0.395,0.0088,0.5962
SPADES ACE SPADES TWO,0.3698,0.0074,0.6228
DIAMONDS JACK CLUBS JACK,0.1642,0.0446,0.7912
CLUBS TEN DIAMONDS JACK,0.344,0.0118,0.6442
DIAMONDS JACK CLUBS KING,0.3356,0.0076,0.6568
DIAMONDS JACK CLUBS QUEEN,0.3344,0.012,0.6536
DIAMONDS THREE DIAMONDS JACK,0.3826,0.0184,0.599
DIAMONDS THREE DIAMONDS TEN,0.3756,0.032,0.5924
DIAMONDS JACK CLUBS ACE,0.3508,0.0038,0.6454
DIAMONDS THREE DIAMONDS KING,0.3832,0.0078,0.609
HEARTS THREE DIAMONDS THREE,0.3562,0.116,0.5278
DIAMONDS THREE DIAMONDS QUEEN,0.3754,0.012,0.6126
DIAMONDS THREE HEARTS TWO,0.5616,0.102,0.3364
HEARTS FIVE DIAMONDS THREE,0.5304,0.1026,0.367
DIAMONDS THREE DIAMONDS ACE,0.3766,0.004,0.6194
HEARTS FOUR DIAMONDS THREE,0.54,0.2008,0.2592
DIAMONDS THREE HEARTS SEVEN,0.2636,0.5142,0.2222
SPADES TEN SPADES NINE,0.308,0.0236,0.6684
HEARTS SIX DIAMONDS THREE,0.55,0.1062,0.3438
SPADES JACK SPADES NINE,0.3108,0.0184,0.6708
DIAMONDS THREE HEARTS NINE,0.41,0.0448,0.5452
HEARTS JACK DIAMONDS FOUR,0.2682,0.0558,0.676
HEARTS KING HEARTS ACE,0.3346,0.0038,0.6616
SPADES TEN SPADES TWO,0.3994,0.0306,0.57
DIAMONDS THREE HEARTS EIGHT,0.415,0.0628,0.5222
HEARTS TEN DIAMONDS FOUR,0.2666,0.0818,0.6516
SPADES JACK SPADES TWO,0.393,0.0206,0.5864
HEARTS QUEEN DIAMONDS FOUR,0.2582,0.0404,0.7014
HEARTS KING DIAMONDS FOUR,0.2682,0.0364,0.6954
SPADES ACE SPADES NINE,0.3236,0.0062,0.6702
HEARTS ACE DIAMONDS FOUR,0.2654,0.019,0.7156
SPADES KING SPADES NINE,0.3292,0.0098,0.661
SPADES QUEEN SPADES NINE,0.3314,0.0116,0.657
DIAMONDS THREE SPADES NINE,0.4092,0.0462,0.5446
DIAMONDS THREE SPADES EIGHT,0.3948,0.0716,0.5336
DIAMONDS THREE SPADES SEVEN,0.2754,0.5044,0.2202
DIAMONDS THREE SPADES SIX,0.5342,0.0966,0.3692
CLUBS SIX DIAMONDS THREE,0.556,0.108,0.336
CLUBS ACE DIAMONDS FOUR,0.2604,0.0164,0.7232
CLUBS SIX CLUBS FIVE,0.472,0.0892,0.4388
DIAMONDS THREE CLUBS FOUR,0.5432,0.2028,0.254
DIAMONDS FOUR CLUBS QUEEN,0.2632,0.0446,0.6922
DIAMONDS THREE CLUBS FIVE,0.537,0.1024,0.3606
CLUBS KING DIAMONDS FOUR,0.2632,0.0308,0.706
DIAMONDS THREE CLUBS TWO,0.5724,0.1056,0.322
CLUBS TEN DIAMONDS FOUR,0.259,0.0826,0.6584
DIAMONDS THREE CLUBS THREE,0.3582,0.129,0.5128
DIAMONDS FOUR CLUBS JACK,0.2676,0.0546,0.6778
DIAMONDS THREE SPADES FIVE,0.5434,0.105,0.3516
DIAMONDS THREE SPADES TWO,0.5586,0.108,0.3334
DIAMONDS THREE SPADES THREE,0.359,0.1156,0.5254
CLUBS EIGHT DIAMONDS THREE,0.4078,0.066,0.5262
CLUBS NINE DIAMONDS THREE,0.4,0.0424,0.5576
SPADES SEVEN CLUBS ACE,0.2246,0.0276,0.7478
SPADES SEVEN CLUBS QUEEN,0.2608,0.0476,0.6916
SPADES SEVEN CLUBS KING,0.2472,0.0436,0.7092
CLUBS FIVE SPADES SEVEN,0.208,0.4668,0.3252
CLUBS TEN SPADES SEVEN,0.2448,0.0852,0.67
CLUBS FIVE SPADES SIX,0.4858,0.109,0.4052
SPADES SEVEN CLUBS JACK,0.2434,0.0676,0.689
SPADES NINE CLUBS FIVE,0.3644,0.045,0.5906
CLUBS FIVE SPADES EIGHT,0.3474,0.0638,0.5888
CLUBS FIVE SPADES THREE,0.5334,0.1114,0.3552
CLUBS FIVE SPADES TWO,0.554,0.1082,0.3378
CLUBS FIVE SPADES FIVE,0.243,0.1196,0.6374
CLUBS NINE CLUBS FIVE,0.347,0.0446,0.6084
CLUBS EIGHT CLUBS FIVE,0.337,0.0672,0.5958
CLUBS ACE CLUBS QUEEN,0.3306,0.0056,0.6638
CLUBS KING CLUBS QUEEN,0.341,0.0088,0.6502
DIAMONDS TEN DIAMONDS FOUR,0.249,0.0692,0.6818
CLUBS TEN DIAMONDS NINE,0.331,0.0228,0.6462
DIAMONDS JACK DIAMONDS FOUR,0.25,0.058,0.692
DIAMONDS NINE CLUBS JACK,0.333,0.0172,0.6498
SPADES NINE CLUBS JACK,0.3242,0.0182,0.6576
CLUBS TEN SPADES NINE,0.3132,0.0246,0.6622
DIAMONDS ACE DIAMONDS FOUR,0.2482,0.0152,0.7366
HEARTS FOUR DIAMONDS FOUR,0.2706,0.0916,0.6378
DIAMONDS JACK HEARTS TEN,0.337,0.0156,0.6474
SPADES NINE CLUBS KING,0.34,0.0096,0.6504
DIAMONDS TWO SPADES TEN,0.4078,0.0278,0.5644
DIAMONDS NINE CLUBS ACE,0.344,0.0038,0.6522
HEARTS FIVE DIAMONDS FOUR,0.5348,0.1914,0.2738
HEARTS JACK DIAMONDS JACK,0.1654,0.0426,0.792
SPADES NINE CLUBS QUEEN,0.3354,0.0118,0.6528
DIAMONDS TWO SPADES JACK,0.4192,0.0208,0.56
DIAMONDS QUEEN DIAMONDS FOUR,0.2448,0.042,0.7132
HEARTS TWO DIAMONDS FOUR,0.5654,0.1976,0.237
DIAMONDS NINE CLUBS QUEEN,0.3362,0.0124,0.6514
DIAMONDS KING DIAMONDS FOUR,0.2558,0.0302,0.714
HEARTS THREE DIAMONDS FOUR,0.5366,0.1984,0.265
SPADES NINE CLUBS ACE,0.341,0.0054,0.6536
DIAMONDS NINE CLUBS KING,0.3458,0.0052,0.649
HEARTS ACE DIAMONDS JACK,0.3496,0.0026,0.6478
SPADES ACE DIAMONDS TWO,0.3872,0.0054,0.6074
DIAMONDS JACK HEARTS QUEEN,0.347,0.0102,0.6428
SPADES QUEEN DIAMONDS TWO,0.4002,0.016,0.5838
HEARTS KING DIAMONDS JACK,0.3494,0.006,0.6446
SPADES KING DIAMONDS TWO,0.4124,0.0084,0.5792
SPADES JACK SPADES SEVEN,0.2492,0.0632,0.6876
SPADES TEN SPADES SEVEN,0.2368,0.0716,0.6916
CLUBS SIX CLUBS THREE,0.5264,0.0972,0.3764
CLUBS FIVE CLUBS THREE,0.5152,0.1048,0.38
CLUBS FOUR CLUBS THREE,0.5244,0.198,0.2776
CLUBS NINE CLUBS THREE,0.388,0.0398,0.5722
CLUBS EIGHT CLUBS THREE,0.399,0.0642,0.5368
CLUBS THREE SPADES FIVE,0.5278,0.1098,0.3624
CLUBS THREE SPADES THREE,0.3648,0.1292,0.506
CLUBS THREE SPADES TWO,0.5646,0.1064,0.329
CLUBS THREE SPADES SIX,0.5536,0.1044,0.342
SPADES SEVEN CLUBS THREE,0.2676,0.5136,0.2188
SPADES EIGHT CLUBS THREE,0.3912,0.0714,0.5374
SPADES NINE CLUBS THREE,0.4038,0.0472,0.549
SPADES TWO DIAMONDS FOUR,0.559,0.2138,0.2272
SPADES THREE DIAMONDS FOUR,0.5528,0.1994,0.2478
SPADES FIVE DIAMONDS FOUR,0.5226,0.2032,0.2742
SPADES SIX DIAMONDS FOUR,0.5538,0.1986,0.2476
SPADES SEVEN DIAMONDS FOUR,0.0108,0.9704,0.0188
SPADES EIGHT DIAMONDS FOUR,0.2304,0.145,0.6246
SPADES NINE DIAMONDS FOUR,0.269,0.107,0.624
CLUBS FIVE DIAMONDS FOUR,0.542,0.2014,0.2566
CLUBS FOUR DIAMONDS FOUR,0.276,0.0922,0.6318
CLUBS SIX DIAMONDS FOUR,0.5604,0.2004,0.2392
CLUBS NINE DIAMONDS FOUR,0.2564,0.1022,0.6414
CLUBS EIGHT DIAMONDS FOUR,0.246,0.1426,0.6114
DIAMONDS FOUR HEARTS SEVEN,0.021,0.9556,0.0234
HEARTS SIX DIAMONDS FOUR,0.5586,0.1982,0.2432
HEARTS NINE DIAMONDS FOUR,0.2644,0.1054,0.6302
DIAMONDS FOUR HEARTS EIGHT,0.253,0.138,0.609
CLUBS THREE DIAMONDS FOUR,0.549,0.2094,0.2416
CLUBS TWO DIAMONDS FOUR,0.5714,0.207,0.2216
DIAMONDS TEN DIAMONDS FIVE,0.3344,0.0278,0.6378
DIAMONDS JACK DIAMONDS FIVE,0.348,0.0162,0.6358
DIAMONDS NINE HEARTS QUEEN,0.3442,0.0088,0.647
HEARTS KING DIAMONDS NINE,0.3486,0.0078,0.6436
DIAMONDS NINE HEARTS ACE,0.3542,0.004,0.6418
DIAMONDS NINE HEARTS TEN,0.3222,0.022,0.6558
DIAMONDS NINE HEARTS JACK,0.3468,0.0154,0.6378
CLUBS KING DIAMONDS SIX,0.3794,0.0074,0.6132
CLUBS QUEEN DIAMONDS SIX,0.3756,0.0108,0.6136
CLUBS ACE DIAMONDS SIX,0.3592,0.0048,0.636
SPADES KING DIAMONDS FOUR,0.265,0.0304,0.7046
SPADES ACE SPADES SEVEN,0.241,0.027,0.732
SPADES QUEEN DIAMONDS FOUR,0.2518,0.0412,0.707
SPADES QUEEN SPADES SEVEN,0.2404,0.0462,0.7134
CLUBS JACK DIAMONDS SIX,0.369,0.0222,0.6088
SPADES KING SPADES SEVEN,0.2418,0.0398,0.7184
SPADES ACE DIAMONDS FOUR,0.2538,0.0202,0.726
CLUBS TEN DIAMONDS SIX,0.3712,0.029,0.5998
CLUBS NINE CLUBS FOUR,0.2484,0.1088,0.6428
CLUBS EIGHT CLUBS FOUR,0.2494,0.1362,0.6144
SPADES JACK DIAMONDS FOUR,0.262,0.0582,0.6798
SPADES TEN DIAMONDS FOUR,0.2598,0.078,0.6622
CLUBS FOUR CLUBS FIVE,0.5106,0.1868,0.3026
CLUBS SIX CLUBS FOUR,0.547,0.1834,0.2696
HEARTS SIX DIAMONDS FIVE,0.4988,0.0988,0.4024
DIAMONDS FIVE HEARTS SEVEN,0.2198,0.4548,0.3254
DIAMONDS FIVE HEARTS EIGHT,0.3378,0.0666,0.5956
HEARTS NINE DIAMONDS FIVE,0.3578,0.044,0.5982
DIAMONDS QUEEN DIAMONDS FIVE,0.3566,0.0104,0.633
HEARTS TWO DIAMONDS FIVE,0.5442,0.1084,0.3474
HEARTS KING HEARTS EIGHT,0.3098,0.0082,0.682
DIAMONDS KING DIAMONDS FIVE,0.351,0.0088,0.6402
HEARTS THREE DIAMONDS FIVE,0.536,0.1048,0.3592
HEARTS QUEEN HEARTS EIGHT,0.3268,0.0092,0.664
DIAMONDS ACE DIAMONDS FIVE,0.3424,0.0046,0.653
HEARTS FOUR DIAMONDS FIVE,0.5312,0.1994,0.2694
HEARTS FIVE DIAMONDS FIVE,0.2514,0.1116,0.637
HEARTS ACE HEARTS EIGHT,0.322,0.0046,0.6734
CLUBS FOUR DIAMONDS FIVE,0.537,0.206,0.257
CLUBS FIVE DIAMONDS FIVE,0.2626,0.1148,0.6226
CLUBS SIX DIAMONDS FIVE,0.5014,0.1002,0.3984
CLUBS TWO DIAMONDS FIVE,0.5522,0.1074,0.3404
CLUBS THREE DIAMONDS FIVE,0.541,0.1048,0.3542
SPADES THREE DIAMONDS FIVE,0.5286,0.1052,0.3662
SPADES TWO DIAMONDS FIVE,0.5408,0.1108,0.3484
SPADES JACK DIAMONDS EIGHT,0.3396,0.0198,0.6406
SPADES FIVE DIAMONDS FIVE,0.2492,0.1042,0.6466
CLUBS TEN HEARTS JACK,0.3386,0.0104,0.651
SPADES TEN DIAMONDS EIGHT,0.3342,0.0258,0.64
HEARTS JACK CLUBS JACK,0.1632,0.0434,0.7934
HEARTS JACK CLUBS QUEEN,0.3418,0.0098,0.6484
CLUBS NINE DIAMONDS FIVE,0.3494,0.0388,0.6118
HEARTS JACK CLUBS KING,0.3426,0.0074,0.65
CLUBS EIGHT DIAMONDS FIVE,0.3484,0.0708,0.5808
HEARTS JACK CLUBS ACE,0.356,0.0042,0.6398
SPADES SEVEN DIAMONDS FIVE,0.2112,0.462,0.3268
SPADES KING DIAMONDS EIGHT,0.352,0.0078,0.6402
SPADES QUEEN DIAMONDS EIGHT,0.3408,0.0126,0.6466
SPADES SIX DIAMONDS FIVE,0.4944,0.099,0.4066
SPADES NINE DIAMONDS FIVE,0.3694,0.0474,0.5832
SPADES EIGHT DIAMONDS FIVE,0.3532,0.0688,0.578
SPADES ACE DIAMONDS EIGHT,0.338,0.004,0.658
DIAMONDS TEN DIAMONDS SIX,0.352,0.0276,0.6204
HEARTS ACE DIAMONDS SEVEN,0.2488,0.0268,0.7244
DIAMONDS JACK DIAMONDS SIX,0.3434,0.0182,0.6384
HEARTS QUEEN DIAMONDS SEVEN,0.2578,0.0494,0.6928
HEARTS KING DIAMONDS SEVEN,0.263,0.042,0.695
DIAMONDS ACE DIAMONDS SIX,0.346,0.0034,0.6506
HEARTS FOUR DIAMONDS SIX,0.5652,0.1938,0.241
HEARTS JACK SPADES TWO,0.4104,0.02,0.5696
HEARTS FIVE DIAMONDS SIX,0.4944,0.1034,0.4022
SPADES TWO HEARTS TEN,0.4146,0.0286,0.5568
DIAMONDS QUEEN DIAMONDS SIX,0.3504,0.012,0.6376
HEARTS TWO DIAMONDS SIX,0.5592,0.109,0.3318
DIAMONDS KING DIAMONDS SIX,0.3488,0.0068,0.6444
HEARTS THREE DIAMONDS SIX,0.543,0.1036,0.3534
HEARTS EIGHT DIAMONDS SIX,0.3402,0.069,0.5908
HEARTS NINE DIAMONDS SIX,0.3384,0.037,0.6246
HEARTS SIX DIAMONDS SIX,0.2602,0.0916,0.6482
HEARTS SEVEN DIAMONDS SIX,0.219,0.3754,0.4056
HEARTS TEN DIAMONDS SEVEN,0.2692,0.0768,0.654
CLUBS TWO DIAMONDS SIX,0.563,0.1008,0.3362
HEARTS JACK DIAMONDS SEVEN,0.2608,0.0572,0.682
CLUBS THREE DIAMONDS SIX,0.5554,0.1088,0.3358
DIAMONDS EIGHT CLUBS JACK,0.339,0.018,0.643
CLUBS SIX DIAMONDS SIX,0.2438,0.1064,0.6498
CLUBS TEN DIAMONDS EIGHT,0.3362,0.0268,0.637
CLUBS FIVE DIAMONDS SIX,0.4906,0.1018,0.4076
CLUBS FOUR DIAMONDS SIX,0.558,0.2038,0.2382
HEARTS ACE HEARTS JACK,0.3218,0.0046,0.6736
DIAMONDS EIGHT CLUBS ACE,0.3404,0.0052,0.6544
HEARTS JACK HEARTS QUEEN,0.328,0.0092,0.6628
DIAMONDS EIGHT CLUBS KING,0.3512,0.0104,0.6384
CLUBS NINE DIAMONDS SIX,0.3654,0.0432,0.5914
HEARTS KING HEARTS JACK,0.3182,0.0086,0.6732
DIAMONDS EIGHT CLUBS QUEEN,0.3328,0.0114,0.6558
CLUBS EIGHT DIAMONDS SIX,0.3404,0.0678,0.5918
SPADES TEN HEARTS KING,0.3468,0.0088,0.6444
SPADES FIVE DIAMONDS SIX,0.4922,0.1016,0.4062
HEARTS ACE SPADES TWO,0.4054,0.0056,0.589
SPADES JACK HEARTS KING,0.342,0.006,0.652
SPADES THREE DIAMONDS SIX,0.5494,0.101,0.3496
SPADES TWO HEARTS QUEEN,0.4272,0.013,0.5598
SPADES ACE SPADES KING,0.3322,0.0066,0.6612
HEARTS KING SPADES TWO,0.4204,0.0092,0.5704
SPADES TWO DIAMONDS SIX,0.5504,0.1096,0.34
HEARTS TEN HEARTS EIGHT,0.3204,0.0226,0.657
SPADES NINE DIAMONDS SIX,0.3428,0.0504,0.6068
HEARTS JACK HEARTS EIGHT,0.312,0.018,0.67
SPADES EIGHT DIAMONDS SIX,0.336,0.059,0.605
SPADES SEVEN DIAMONDS SIX,0.2044,0.3694,0.4262
SPADES SIX DIAMONDS SIX,0.2464,0.1026,0.651
SPADES KING HEARTS KING,0.1608,0.0162,0.823
SPADES QUEEN HEARTS KING,0.3424,0.0066,0.651
CLUBS ACE CLUBS KING,0.3396,0.0048,0.6556
SPADES ACE HEARTS KING,0.35,0.0046,0.6454
SPADES ACE HEARTS JACK,0.3272,0.004,0.6688
SPADES QUEEN HEARTS JACK,0.3256,0.0094,0.665
SPADES KING HEARTS JACK,0.3492,0.0074,0.6434
SPADES TEN DIAMONDS TEN,0.164,0.0584,0.7776
SPADES JACK DIAMONDS TEN,0.323,0.014,0.663
SPADES ACE DIAMONDS TEN,0.3422,0.005,0.6528
SPADES JACK HEARTS JACK,0.158,0.045,0.797
SPADES TEN HEARTS JACK,0.3404,0.0162,0.6434
SPADES QUEEN DIAMONDS TEN,0.3528,0.0096,0.6376
SPADES KING DIAMONDS TEN,0.331,0.0068,0.6622
SPADES NINE DIAMONDS SEVEN,0.2372,0.1144,0.6484
SPADES EIGHT DIAMONDS SEVEN,0.2336,0.145,0.6214
SPADES SEVEN DIAMONDS SEVEN,0.0928,0.0944,0.8128
SPADES SIX DIAMONDS SEVEN,0.2144,0.3766,0.409
DIAMONDS KING DIAMONDS SEVEN,0.2364,0.0432,0.7204
HEARTS THREE DIAMONDS SEVEN,0.2792,0.502,0.2188
HEARTS KING DIAMONDS FIVE,0.3738,0.0098,0.6164
DIAMONDS QUEEN DIAMONDS SEVEN,0.2478,0.0392,0.713
HEARTS TWO DIAMONDS SEVEN,0.2948,0.4928,0.2124
HEARTS QUEEN DIAMONDS FIVE,0.363,0.011,0.626
HEARTS FIVE DIAMONDS SEVEN,0.2188,0.4544,0.3268
DIAMONDS ACE DIAMONDS SEVEN,0.2392,0.0274,0.7334
HEARTS FOUR DIAMONDS SEVEN,0.0214,0.9592,0.0194
HEARTS ACE DIAMONDS FIVE,0.3604,0.005,0.6346
HEARTS SEVEN DIAMONDS SEVEN,0.1012,0.1044,0.7944
HEARTS SIX DIAMONDS SEVEN,0.2182,0.3872,0.3946
HEARTS NINE DIAMONDS SEVEN,0.2356,0.0994,0.665
DIAMONDS SEVEN HEARTS EIGHT,0.2266,0.1482,0.6252
DIAMONDS JACK DIAMONDS SEVEN,0.2472,0.056,0.6968
HEARTS JACK DIAMONDS FIVE,0.3892,0.0164,0.5944
DIAMONDS TEN DIAMONDS SEVEN,0.2404,0.0748,0.6848
DIAMONDS FIVE HEARTS TEN,0.3792,0.0268,0.594
SPADES KING CLUBS TWO,0.414,0.0108,0.5752
HEARTS KING CLUBS KING,0.1496,0.0164,0.834
CLUBS EIGHT DIAMONDS SEVEN,0.2442,0.1464,0.6094
SPADES QUEEN CLUBS TWO,0.425,0.015,0.56
HEARTS KING CLUBS QUEEN,0.336,0.0084,0.6556
CLUBS NINE DIAMONDS SEVEN,0.2326,0.1092,0.6582
SPADES TWO CLUBS JACK,0.4116,0.0226,0.5658
SPADES ACE CLUBS TWO,0.3952,0.0062,0.5986
CLUBS TEN SPADES TWO,0.4092,0.0298,0.561
HEARTS KING CLUBS ACE,0.3512,0.0066,0.6422
SPADES TWO CLUBS KING,0.4118,0.0114,0.5768
SPADES TWO DIAMONDS SEVEN,0.3008,0.4942,0.205
CLUBS SIX CLUBS EIGHT,0.3274,0.0684,0.6042
SPADES THREE DIAMONDS SEVEN,0.268,0.5144,0.2176
SPADES TWO CLUBS QUEEN,0.4218,0.0164,0.5618
CLUBS NINE CLUBS SIX,0.3442,0.0416,0.6142
HEARTS KING CLUBS JACK,0.3502,0.008,0.6418
SPADES FIVE DIAMONDS SEVEN,0.2098,0.4614,0.3288
SPADES TWO CLUBS ACE,0.3978,0.0066,0.5956
CLUBS TEN HEARTS KING,0.3314,0.0082,0.6604
CLUBS SIX SPADES TWO,0.5632,0.1038,0.333
CLUBS SIX SPADES THREE,0.5452,0.1068,0.348
CLUBS TWO DIAMONDS SEVEN,0.2888,0.5032,0.208
CLUBS THREE DIAMONDS SEVEN,0.271,0.5144,0.2146
CLUBS SIX SPADES FIVE,0.4922,0.1084,0.3994
CLUBS FOUR DIAMONDS SEVEN,0.0194,0.9718,0.0088
CLUBS SIX SPADES SIX,0.2438,0.1062,0.65
CLUBS FIVE DIAMONDS SEVEN,0.212,0.4596,0.3284
CLUBS SIX SPADES SEVEN,0.2058,0.3826,0.4116
CLUBS SIX DIAMONDS SEVEN,0.2216,0.3668,0.4116
CLUBS SIX SPADES EIGHT,0.3398,0.0646,0.5956
SPADES JACK CLUBS TWO,0.4086,0.0224,0.569
CLUBS SIX SPADES NINE,0.3478,0.0434,0.6088
SPADES TEN CLUBS TWO,0.4118,0.0282,0.56
CLUBS TWO CLUBS QUEEN,0.3906,0.0128,0.5966
CLUBS TWO CLUBS KING,0.4044,0.0082,0.5874
CLUBS THREE DIAMONDS EIGHT,0.4174,0.0682,0.5144
CLUBS TWO CLUBS ACE,0.3818,0.0068,0.6114
CLUBS TWO DIAMONDS EIGHT,0.4052,0.0736,0.5212
DIAMONDS EIGHT HEARTS SEVEN,0.2424,0.1336,0.624
HEARTS SIX DIAMONDS EIGHT,0.3408,0.0634,0.5958
DIAMONDS EIGHT HEARTS NINE,0.3216,0.037,0.6414
CLUBS TEN CLUBS TWO,0.3972,0.028,0.5748
DIAMONDS EIGHT HEARTS EIGHT,0.1492,0.0792,0.7716
CLUBS TWO CLUBS JACK,0.3916,0.021,0.5874
CLUBS NINE DIAMONDS EIGHT,0.3186,0.0378,0.6436
CLUBS EIGHT DIAMONDS EIGHT,0.1466,0.0878,0.7656
CLUBS FIVE DIAMONDS EIGHT,0.3632,0.0654,0.5714
SPADES ACE SPADES THREE,0.375,0.0084,0.6166
CLUBS FOUR DIAMONDS EIGHT,0.2688,0.1414,0.5898
SPADES QUEEN SPADES THREE,0.3812,0.0142,0.6046
CLUBS SIX DIAMONDS EIGHT,0.3394,0.0658,0.5948
SPADES KING SPADES THREE,0.3978,0.0098,0.5924
DIAMONDS QUEEN DIAMONDS EIGHT,0.3182,0.0078,0.674
HEARTS TWO DIAMONDS EIGHT,0.4162,0.0646,0.5192
DIAMONDS KING DIAMONDS EIGHT,0.3258,0.006,0.6682
HEARTS THREE DIAMONDS EIGHT,0.4102,0.0714,0.5184
DIAMONDS ACE DIAMONDS EIGHT,0.3176,0.0036,0.6788
HEARTS FOUR DIAMONDS EIGHT,0.2514,0.1444,0.6042
HEARTS FIVE DIAMONDS EIGHT,0.3642,0.065,0.5708
DIAMONDS EIGHT DIAMONDS TEN,0.3344,0.025,0.6406
DIAMONDS EIGHT DIAMONDS JACK,0.3184,0.0162,0.6654
SPADES JACK SPADES THREE,0.3706,0.0196,0.6098
SPADES TEN SPADES THREE,0.3854,0.0286,0.586
CLUBS FOUR HEARTS ACE,0.2664,0.021,0.7126
CLUBS FOUR HEARTS QUEEN,0.2678,0.0464,0.6858
CLUBS FOUR HEARTS KING,0.2706,0.0284,0.701
CLUBS SIX HEARTS TEN,0.3688,0.0286,0.6026
CLUBS SIX HEARTS JACK,0.3786,0.0178,0.6036
SPADES FIVE DIAMONDS EIGHT,0.3432,0.0606,0.5962
DIAMONDS EIGHT SPADES TWO,0.4244,0.0636,0.512
DIAMONDS EIGHT SPADES THREE,0.3958,0.0738,0.5304
CLUBS FOUR HEARTS JACK,0.2698,0.0612,0.669
SPADES EIGHT DIAMONDS EIGHT,0.14,0.086,0.774
SPADES TEN DIAMONDS QUEEN,0.332,0.013,0.655
SPADES TEN HEARTS TWO,0.4094,0.0286,0.562
SPADES JACK HEARTS EIGHT,0.3404,0.0196,0.64
CLUBS FOUR HEARTS TEN,0.266,0.0748,0.6592
SPADES NINE DIAMONDS EIGHT,0.3118,0.0356,0.6526
SPADES TEN HEARTS EIGHT,0.3222,0.025,0.6528
SPADES JACK HEARTS TWO,0.4182,0.0214,0.5604
SPADES JACK DIAMONDS QUEEN,0.344,0.0106,0.6454
SPADES SIX DIAMONDS EIGHT,0.3308,0.0666,0.6026
SPADES SEVEN DIAMONDS EIGHT,0.2304,0.1402,0.6294
SPADES ACE HEARTS TWO,0.3944,0.0054,0.6002
SPADES ACE DIAMONDS QUEEN,0.3502,0.0036,0.6462
SPADES ACE HEARTS EIGHT,0.3476,0.006,0.6464
SPADES KING HEARTS EIGHT,0.3484,0.0092,0.6424
SPADES QUEEN HEARTS TWO,0.4094,0.0132,0.5774
SPADES QUEEN DIAMONDS QUEEN,0.146,0.0288,0.8252
SPADES KING DIAMONDS QUEEN,0.3414,0.005,0.6536
SPADES KING HEARTS TWO,0.4112,0.0108,0.578
SPADES QUEEN HEARTS EIGHT,0.3432,0.0132,0.6436
CLUBS TWO HEARTS TEN,0.4184,0.0262,0.5554
CLUBS TWO HEARTS JACK,0.4152,0.0208,0.564
SPADES SEVEN DIAMONDS NINE,0.228,0.1086,0.6634
SPADES SIX DIAMONDS NINE,0.3436,0.047,0.6094
SPADES NINE DIAMONDS NINE,0.1536,0.07,0.7764
SPADES EIGHT DIAMONDS NINE,0.3136,0.0356,0.6508
SPADES TEN CLUBS KING,0.3374,0.0074,0.6552
DIAMONDS NINE SPADES THREE,0.414,0.0384,0.5476
SPADES JACK CLUBS KING,0.3408,0.008,0.6512
DIAMONDS NINE SPADES TWO,0.4084,0.0416,0.55
DIAMONDS NINE SPADES FIVE,0.3576,0.0456,0.5968
CLUBS NINE DIAMONDS NINE,0.167,0.0728,0.7602
CLUBS EIGHT DIAMONDS NINE,0.3206,0.0396,0.6398
CLUBS SIX DIAMONDS NINE,0.348,0.0416,0.6104
SPADES JACK CLUBS FOUR,0.2544,0.0574,0.6882
SPADES TEN CLUBS FOUR,0.2584,0.0854,0.6562
CLUBS FOUR DIAMONDS NINE,0.2664,0.1022,0.6314
CLUBS FIVE DIAMONDS NINE,0.3676,0.0472,0.5852
CLUBS TWO DIAMONDS NINE,0.4088,0.0454,0.5458
CLUBS THREE DIAMONDS NINE,0.4054,0.05,0.5446
DIAMONDS NINE HEARTS EIGHT,0.3118,0.0342,0.654
DIAMONDS NINE HEARTS NINE,0.1688,0.0646,0.7666
HEARTS SIX DIAMONDS NINE,0.3492,0.041,0.6098
DIAMONDS NINE HEARTS SEVEN,0.2328,0.1064,0.6608
CLUBS NINE CLUBS EIGHT,0.2994,0.0394,0.6612
DIAMONDS ACE DIAMONDS NINE,0.326,0.0032,0.6708
HEARTS FOUR DIAMONDS NINE,0.2634,0.106,0.6306
HEARTS FIVE DIAMONDS NINE,0.3642,0.0436,0.5922
CLUBS TWO HEARTS ACE,0.4048,0.0054,0.5898
SPADES ACE CLUBS FOUR,0.2532,0.0174,0.7294
DIAMONDS QUEEN DIAMONDS NINE,0.3186,0.0124,0.669
HEARTS TWO DIAMONDS NINE,0.4142,0.0438,0.542
CLUBS TWO HEARTS KING,0.4148,0.011,0.5742
SPADES KING CLUBS FOUR,0.2602,0.0292,0.7106
DIAMONDS KING DIAMONDS NINE,0.336,0.0076,0.6564
HEARTS THREE DIAMONDS NINE,0.4036,0.0466,0.5498
CLUBS TWO HEARTS QUEEN,0.41,0.016,0.574
SPADES QUEEN CLUBS FOUR,0.261,0.0502,0.6888
DIAMONDS NINE DIAMONDS JACK,0.308,0.0174,0.6746
CLUBS EIGHT SPADES NINE,0.3182,0.034,0.6478
DIAMONDS NINE DIAMONDS TEN,0.3056,0.0206,0.6738
CLUBS EIGHT SPADES EIGHT,0.1454,0.093,0.7616
CLUBS EIGHT SPADES SEVEN,0.223,0.146,0.631
CLUBS EIGHT SPADES SIX,0.3328,0.0602,0.607
CLUBS EIGHT SPADES FIVE,0.3314,0.0716,0.597
CLUBS EIGHT SPADES THREE,0.4054,0.066,0.5286
CLUBS EIGHT SPADES TWO,0.394,0.0676,0.5384
HEARTS SIX DIAMONDS TEN,0.3638,0.0246,0.6116
DIAMONDS TEN HEARTS SEVEN,0.2624,0.0784,0.6592
DIAMONDS TEN HEARTS EIGHT,0.3448,0.0214,0.6338
CLUBS FOUR CLUBS JACK,0.2556,0.0576,0.6868
DIAMONDS TEN HEARTS NINE,0.3294,0.025,0.6456
CLUBS TEN CLUBS FOUR,0.2428,0.0774,0.6798
CLUBS FOUR CLUBS KING,0.2596,0.0344,0.706
CLUBS FOUR CLUBS QUEEN,0.2642,0.039,0.6968
CLUBS TWO DIAMONDS TEN,0.4042,0.031,0.5648
CLUBS THREE DIAMONDS TEN,0.414,0.026,0.56
CLUBS FOUR CLUBS ACE,0.2478,0.0176,0.7346
DIAMONDS JACK DIAMONDS TEN,0.312,0.0136,0.6744
DIAMONDS QUEEN DIAMONDS TEN,0.3146,0.0104,0.675
HEARTS TWO DIAMONDS TEN,0.4138,0.0308,0.5554
DIAMONDS KING DIAMONDS TEN,0.3096,0.007,0.6834
HEARTS THREE DIAMONDS TEN,0.4046,0.0298,0.5656
DIAMONDS ACE DIAMONDS TEN,0.3102,0.0048,0.685
HEARTS FOUR DIAMONDS TEN,0.27,0.0648,0.6652
CLUBS EIGHT HEARTS JACK,0.3352,0.015,0.6498
HEARTS FIVE DIAMONDS TEN,0.3626,0.0308,0.6066
CLUBS EIGHT HEARTS TEN,0.3266,0.0248,0.6486
CLUBS EIGHT HEARTS QUEEN,0.3368,0.012,0.6512
CLUBS EIGHT HEARTS KING,0.3498,0.0058,0.6444
CLUBS EIGHT HEARTS ACE,0.332,0.0042,0.6638
CLUBS NINE SPADES THREE,0.3964,0.049,0.5546
CLUBS NINE SPADES TWO,0.4186,0.0448,0.5366
CLUBS NINE SPADES FIVE,0.3486,0.0486,0.6028
CLUBS NINE SPADES SEVEN,0.22,0.1092,0.6708
CLUBS NINE SPADES SIX,0.3346,0.0474,0.618
CLUBS NINE SPADES NINE,0.1448,0.0698,0.7854
CLUBS TEN HEARTS EIGHT,0.34,0.0276,0.6324
CLUBS NINE SPADES EIGHT,0.3136,0.0402,0.6462
CLUBS JACK HEARTS EIGHT,0.3318,0.0162,0.652
CLUBS QUEEN HEARTS EIGHT,0.347,0.0106,0.6424
CLUBS KING HEARTS EIGHT,0.357,0.0066,0.6364
CLUBS ACE HEARTS EIGHT,0.3418,0.0052,0.653
SPADES KING CLUBS KING,0.1458,0.018,0.8362
SPADES QUEEN CLUBS KING,0.3464,0.0078,0.6458
SPADES ACE CLUBS KING,0.3374,0.0054,0.6572
DIAMONDS ACE HEARTS TEN,0.3476,0.0034,0.649
HEARTS FOUR HEARTS TEN,0.2552,0.077,0.6678
DIAMONDS ACE HEARTS JACK,0.3538,0.004,0.6422
HEARTS FOUR HEARTS JACK,0.25,0.0522,0.6978
SPADES KING CLUBS FIVE,0.3742,0.0088,0.617
SPADES QUEEN CLUBS FIVE,0.3676,0.014,0.6184
SPADES ACE CLUBS FIVE,0.3518,0.0056,0.6426
DIAMONDS JACK HEARTS SEVEN,0.2632,0.0634,0.6734
HEARTS SIX DIAMONDS JACK,0.3852,0.0178,0.597
DIAMONDS JACK HEARTS NINE,0.3398,0.0158,0.6444
DIAMONDS JACK HEARTS EIGHT,0.3388,0.0144,0.6468
DIAMONDS KING DIAMONDS JACK,0.3288,0.0084,0.6628
HEARTS THREE DIAMONDS JACK,0.4026,0.019,0.5784
SPADES ACE SPADES SIX,0.3648,0.0044,0.6308
DIAMONDS QUEEN DIAMONDS JACK,0.3242,0.0104,0.6654
HEARTS TWO DIAMONDS JACK,0.415,0.0196,0.5654
HEARTS FIVE DIAMONDS JACK,0.3798,0.0198,0.6004
SPADES QUEEN SPADES SIX,0.3484,0.0128,0.6388
DIAMONDS ACE DIAMONDS JACK,0.3274,0.0044,0.6682
HEARTS FOUR DIAMONDS JACK,0.2676,0.0532,0.6792
SPADES KING SPADES SIX,0.356,0.0092,0.6348
SPADES TEN SPADES SIX,0.3488,0.027,0.6242
SPADES JACK SPADES SIX,0.351,0.0196,0.6294
SPADES FIVE DIAMONDS JACK,0.372,0.0152,0.6128
DIAMONDS JACK SPADES TWO,0.414,0.0226,0.5634
SPADES THREE DIAMONDS JACK,0.3904,0.0264,0.5832
SPADES ACE DIAMONDS THREE,0.3902,0.0052,0.6046
SPADES QUEEN DIAMONDS THREE,0.3972,0.012,0.5908
CLUBS EIGHT DIAMONDS JACK,0.3422,0.0182,0.6396
SPADES KING DIAMONDS THREE,0.4032,0.0074,0.5894
CLUBS NINE DIAMONDS JACK,0.332,0.0142,0.6538
CLUBS SIX DIAMONDS JACK,0.3814,0.0218,0.5968
CLUBS FOUR DIAMONDS JACK,0.2798,0.0634,0.6568
CLUBS FIVE DIAMONDS JACK,0.3758,0.02,0.6042
CLUBS TWO DIAMONDS JACK,0.4198,0.02,0.5602
CLUBS THREE DIAMONDS JACK,0.416,0.0196,0.5644
SPADES TEN CLUBS FIVE,0.3692,0.0294,0.6014
HEARTS SIX SPADES JACK,0.3664,0.0184,0.6152
HEARTS SIX SPADES TEN,0.3714,0.0254,0.6032
SPADES JACK CLUBS FIVE,0.3606,0.0212,0.6182
SPADES JACK DIAMONDS THREE,0.3996,0.0234,0.577
DIAMONDS THREE SPADES TEN,0.4028,0.031,0.5662
SPADES NINE DIAMONDS JACK,0.3316,0.0172,0.6512
DIAMONDS ACE HEARTS ACE,0.1578,0.0026,0.8396
HEARTS FOUR HEARTS ACE,0.2448,0.0158,0.7394
SPADES EIGHT DIAMONDS JACK,0.3398,0.0184,0.6418
SPADES ACE HEARTS SIX,0.3598,0.0032,0.637
DIAMONDS ACE HEARTS KING,0.351,0.003,0.646
HEARTS FOUR HEARTS KING,0.256,0.0254,0.7186
SPADES SEVEN DIAMONDS JACK,0.245,0.0582,0.6968
SPADES KING HEARTS SIX,0.3688,0.0072,0.624
DIAMONDS ACE HEARTS QUEEN,0.3598,0.0038,0.6364
HEARTS FOUR HEARTS QUEEN,0.2528,0.0418,0.7054
SPADES QUEEN HEARTS SIX,0.3806,0.013,0.6064
SPADES SIX DIAMONDS JACK,0.3812,0.0194,0.5994
SPADES TWO DIAMONDS TEN,0.4328,0.0296,0.5376
SPADES THREE DIAMONDS TEN,0.4102,0.0266,0.5632
SPADES FIVE DIAMONDS TEN,0.3812,0.0294,0.5894
SPADES SIX DIAMONDS TEN,0.3484,0.0278,0.6238
SPADES SEVEN DIAMONDS TEN,0.2506,0.0774,0.672
SPADES EIGHT DIAMONDS TEN,0.3276,0.0294,0.643
SPADES NINE DIAMONDS TEN,0.3206,0.022,0.6574
CLUBS FOUR DIAMONDS TEN,0.2658,0.082,0.6522
CLUBS FIVE DIAMONDS TEN,0.3838,0.0274,0.5888
CLUBS SIX DIAMONDS TEN,0.369,0.0282,0.6028
CLUBS EIGHT DIAMONDS TEN,0.315,0.0236,0.6614
CLUBS NINE DIAMONDS TEN,0.322,0.0264,0.6516
DIAMONDS THREE CLUBS JACK,0.4036,0.017,0.5794
CLUBS TEN DIAMONDS THREE,0.3854,0.0242,0.5904
DIAMONDS THREE CLUBS KING,0.4024,0.011,0.5866
DIAMONDS THREE CLUBS QUEEN,0.3958,0.0148,0.5894
DIAMONDS THREE CLUBS ACE,0.3872,0.0064,0.6064
SPADES FIVE SPADES TWO,0.513,0.1032,0.3838
SPADES THREE SPADES TWO,0.539,0.1066,0.3544
SPADES NINE SPADES TWO,0.3834,0.0396,0.577
SPADES EIGHT SPADES TWO,0.3948,0.0624,0.5428
SPADES SEVEN SPADES TWO,0.2704,0.4816,0.248
SPADES SIX SPADES TWO,0.5452,0.0968,0.358
DIAMONDS QUEEN CLUBS THREE,0.4046,0.0136,0.5818
HEARTS TWO CLUBS THREE,0.567,0.1096,0.3234
DIAMONDS QUEEN CLUBS TWO,0.4308,0.0126,0.5566
CLUBS TWO HEARTS TWO,0.3678,0.1228,0.5094
DIAMONDS QUEEN HEARTS SEVEN,0.2632,0.0446,0.6922
HEARTS TWO HEARTS SEVEN,0.2888,0.4598,0.2514
HEARTS SIX DIAMONDS QUEEN,0.3724,0.0114,0.6162
HEARTS SIX HEARTS TWO,0.5314,0.0908,0.3778
DIAMONDS QUEEN HEARTS NINE,0.3444,0.0106,0.645
HEARTS TWO HEARTS NINE,0.3804,0.0418,0.5778
DIAMONDS QUEEN HEARTS EIGHT,0.3412,0.0106,0.6482
HEARTS TWO HEARTS EIGHT,0.3934,0.0644,0.5422
CLUBS NINE HEARTS TWO,0.4094,0.0438,0.5468
CLUBS NINE DIAMONDS QUEEN,0.344,0.0124,0.6436
CLUBS EIGHT HEARTS TWO,0.4142,0.074,0.5118
CLUBS EIGHT DIAMONDS QUEEN,0.3308,0.0134,0.6558
CLUBS FIVE DIAMONDS QUEEN,0.368,0.0124,0.6196
CLUBS FIVE HEARTS TWO,0.5522,0.1072,0.3406
SPADES EIGHT HEARTS ACE,0.3382,0.0038,0.658
CLUBS FOUR DIAMONDS QUEEN,0.2692,0.0396,0.6912
CLUBS FOUR HEARTS TWO,0.5634,0.1994,0.2372
SPADES EIGHT HEARTS QUEEN,0.3402,0.0094,0.6504
CLUBS SIX DIAMONDS QUEEN,0.3818,0.0112,0.607
CLUBS SIX HEARTS TWO,0.5668,0.1064,0.3268
SPADES EIGHT HEARTS KING,0.3498,0.0088,0.6414
HEARTS TWO SPADES SIX,0.545,0.1088,0.3462
DIAMONDS QUEEN SPADES SIX,0.3608,0.0122,0.627
HEARTS FOUR CLUBS QUEEN,0.2606,0.0432,0.6962
DIAMONDS ACE CLUBS QUEEN,0.33,0.004,0.666
DIAMONDS QUEEN SPADES SEVEN,0.2444,0.0486,0.707
HEARTS TWO SPADES SEVEN,0.2878,0.4928,0.2194
HEARTS FOUR CLUBS KING,0.2632,0.0316,0.7052
DIAMONDS ACE CLUBS KING,0.3584,0.0054,0.6362
DIAMONDS QUEEN SPADES EIGHT,0.3376,0.0136,0.6488
SPADES EIGHT HEARTS TWO,0.3952,0.0728,0.532
HEARTS FOUR CLUBS ACE,0.2628,0.0204,0.7168
DIAMONDS ACE CLUBS ACE,0.142,0.003,0.855
SPADES NINE DIAMONDS QUEEN,0.339,0.0098,0.6512
SPADES NINE HEARTS TWO,0.415,0.0414,0.5436
HEARTS TWO SPADES TWO,0.3682,0.1226,0.5092
DIAMONDS QUEEN SPADES TWO,0.4178,0.0154,0.5668
HEARTS TWO SPADES THREE,0.5594,0.1092,0.3314
DIAMONDS QUEEN SPADES THREE,0.4044,0.013,0.5826
HEARTS FOUR CLUBS TEN,0.2602,0.0784,0.6614
CLUBS TEN DIAMONDS ACE,0.3372,0.006,0.6568
HEARTS TWO SPADES FIVE,0.5348,0.1134,0.3518
DIAMONDS QUEEN SPADES FIVE,0.3682,0.0114,0.6204
HEARTS FOUR CLUBS JACK,0.2434,0.052,0.7046
DIAMONDS ACE CLUBS JACK,0.3452,0.0048,0.65
CLUBS FIVE CLUBS KING,0.3568,0.0086,0.6346
CLUBS FIVE CLUBS QUEEN,0.3628,0.0134,0.6238
CLUBS FIVE CLUBS ACE,0.3616,0.0054,0.633
CLUBS FIVE CLUBS JACK,0.3572,0.0166,0.6262
CLUBS TEN CLUBS FIVE,0.352,0.0272,0.6208
SPADES KING CLUBS JACK,0.3502,0.0064,0.6434
SPADES QUEEN CLUBS JACK,0.3314,0.0102,0.6584
SPADES ACE CLUBS JACK,0.339,0.0058,0.6552
SPADES SIX CLUBS KING,0.3708,0.01,0.6192
SPADES SIX CLUBS QUEEN,0.3694,0.0138,0.6168
SPADES EIGHT HEARTS JACK,0.3378,0.0178,0.6444
SPADES SIX CLUBS ACE,0.358,0.0044,0.6376
SPADES EIGHT HEARTS TEN,0.3318,0.0234,0.6448
SPADES SIX CLUBS JACK,0.3624,0.0174,0.6202
CLUBS TEN SPADES SIX,0.3524,0.027,0.6206
SPADES TEN CLUBS JACK,0.3212,0.0166,0.6622
SPADES JACK CLUBS JACK,0.1504,0.045,0.8046
SPADES SIX HEARTS TEN,0.3588,0.0286,0.6126
SPADES SIX HEARTS JACK,0.3702,0.022,0.6078
SPADES SIX HEARTS ACE,0.3666,0.0036,0.6298
SPADES SIX HEARTS KING,0.3644,0.0088,0.6268
SPADES SIX HEARTS QUEEN,0.3736,0.0098,0.6166
CLUBS TEN HEARTS SIX,0.3606,0.0274,0.612
HEARTS SIX CLUBS JACK,0.379,0.0172,0.6038
CLUBS ACE CLUBS JACK,0.3368,0.005,0.6582
HEARTS SIX CLUBS QUEEN,0.3714,0.013,0.6156
HEARTS SIX CLUBS KING,0.3704,0.0066,0.623
HEARTS SIX CLUBS ACE,0.3674,0.0058,0.6268
CLUBS QUEEN CLUBS JACK,0.3096,0.0098,0.6806
CLUBS KING CLUBS JACK,0.3418,0.007,0.6512
DIAMONDS THREE HEARTS ACE,0.392,0.0048,0.6032
DIAMONDS THREE HEARTS QUEEN,0.4134,0.0114,0.5752
DIAMONDS THREE HEARTS KING,0.4072,0.006,0.5868
CLUBS FIVE HEARTS JACK,0.3788,0.021,0.6002
SPADES TEN DIAMONDS ACE,0.349,0.0056,0.6454
HEARTS FOUR SPADES TEN,0.2636,0.083,0.6534
CLUBS FIVE HEARTS TEN,0.3836,0.028,0.5884
HEARTS FOUR SPADES JACK,0.2684,0.0528,0.6788
SPADES JACK DIAMONDS ACE,0.3448,0.004,0.6512
SPADES ACE HEARTS FOUR,0.2602,0.0196,0.7202
SPADES ACE DIAMONDS ACE,0.1526,0.0044,0.843
CLUBS FIVE HEARTS ACE,0.3654,0.005,0.6296
CLUBS FIVE HEARTS KING,0.392,0.0104,0.5976
HEARTS FOUR SPADES QUEEN,0.2602,0.0404,0.6994
SPADES QUEEN DIAMONDS ACE,0.344,0.0044,0.6516
CLUBS FIVE HEARTS QUEEN,0.378,0.0118,0.6102
SPADES KING DIAMONDS ACE,0.3492,0.0058,0.645
HEARTS FOUR SPADES KING,0.2746,0.029,0.6964
DIAMONDS QUEEN DIAMONDS ACE,0.3214,0.0042,0.6744
HEARTS TWO DIAMONDS ACE,0.4118,0.0054,0.5828
HEARTS FOUR DIAMONDS QUEEN,0.2632,0.0406,0.6962
HEARTS FOUR HEARTS TWO,0.539,0.1838,0.2772
DIAMONDS THREE HEARTS TEN,0.4042,0.0264,0.5694
HEARTS FIVE DIAMONDS QUEEN,0.3734,0.0124,0.6142
HEARTS FIVE HEARTS TWO,0.515,0.0896,0.3954
DIAMONDS THREE HEARTS JACK,0.4094,0.0186,0.572
DIAMONDS QUEEN HEARTS TWO,0.4152,0.0118,0.573
DIAMONDS KING DIAMONDS QUEEN,0.3258,0.0058,0.6684
DIAMONDS KING HEARTS TWO,0.4156,0.0092,0.5752
HEARTS THREE DIAMONDS QUEEN,0.404,0.0124,0.5836
HEARTS THREE HEARTS TWO,0.5296,0.0996,0.3708
HEARTS TWO CLUBS ACE,0.3998,0.0054,0.5948
DIAMONDS QUEEN CLUBS ACE,0.3386,0.004,0.6574
HEARTS TWO CLUBS QUEEN,0.4134,0.0142,0.5724
DIAMONDS QUEEN CLUBS QUEEN,0.1624,0.0314,0.8062
HEARTS TWO CLUBS KING,0.4154,0.0092,0.5754
DIAMONDS QUEEN CLUBS KING,0.3452,0.0058,0.649
SPADES EIGHT SPADES FIVE,0.3236,0.056,0.6204
CLUBS TEN HEARTS TWO,0.4118,0.0276,0.5606
CLUBS TEN DIAMONDS QUEEN,0.3384,0.0086,0.653
SPADES NINE SPADES FIVE,0.3318,0.048,0.6202
HEARTS TWO CLUBS JACK,0.4062,0.0186,0.5752
DIAMONDS QUEEN CLUBS JACK,0.3354,0.01,0.6546
SPADES SIX SPADES FIVE,0.4622,0.0984,0.4394
SPADES SEVEN SPADES FIVE,0.198,0.4408,0.3612
DIAMONDS FIVE CLUBS QUEEN,0.3716,0.0138,0.6146
SPADES EIGHT CLUBS ACE,0.3324,0.0062,0.6614
DIAMONDS FIVE CLUBS KING,0.3738,0.0108,0.6154
SPADES EIGHT CLUBS KING,0.3486,0.0074,0.644
CLUBS ACE DIAMONDS FIVE,0.3686,0.0038,0.6276
SPADES EIGHT CLUBS QUEEN,0.3304,0.0126,0.657
SPADES EIGHT CLUBS JACK,0.318,0.0198,0.6622
CLUBS TEN SPADES EIGHT,0.318,0.024,0.658
CLUBS TEN DIAMONDS FIVE,0.3688,0.0308,0.6004
DIAMONDS FIVE CLUBS JACK,0.365,0.0192,0.6158
HEARTS JACK DIAMONDS TEN,0.3422,0.0166,0.6412
DIAMONDS TEN HEARTS TEN,0.1702,0.0526,0.7772
SPADES ACE CLUBS NINE,0.3374,0.0052,0.6574
CLUBS NINE SPADES QUEEN,0.331,0.0128,0.6562
CLUBS NINE SPADES KING,0.3368,0.0078,0.6554
HEARTS SIX HEARTS KING,0.3464,0.0082,0.6454
DIAMONDS KING SPADES SEVEN,0.2608,0.0464,0.6928
HEARTS THREE SPADES SEVEN,0.2734,0.5116,0.215
SPADES KING DIAMONDS SEVEN,0.2584,0.041,0.7006
HEARTS SIX HEARTS QUEEN,0.3446,0.0146,0.6408
SPADES QUEEN DIAMONDS SEVEN,0.2504,0.0504,0.6992
HEARTS THREE SPADES SIX,0.5462,0.1088,0.345
DIAMONDS KING SPADES SIX,0.3844,0.0076,0.608
DIAMONDS KING SPADES NINE,0.3432,0.0078,0.649
HEARTS THREE SPADES NINE,0.4116,0.0414,0.547
HEARTS SIX HEARTS ACE,0.3454,0.0042,0.6504
