opposingHand,winningChance,drawChance,lostChance
CLUBS FOUR DIAMONDS QUEEN
HEARTS FIVE SPADES TEN,0.596,0.0116,0.3924
HEARTS FIVE SPADES JACK,0.5954,0.009,0.3956
CLUBS JACK SPADES FIVE,0.6004,0.011,0.3886
CLUBS TEN SPADES FIVE,0.6002,0.011,0.3888
CLUBS JACK CLUBS EIGHT,0.5414,0.0098,0.4488
CLUBS TEN CLUBS EIGHT,0.548,0.0132,0.4388
CLUBS EIGHT CLUBS KING,0.345,0.0068,0.6482
SPADES FIVE CLUBS ACE,0.3374,0.005,0.6576
CLUBS EIGHT CLUBS QUEEN,0.222,0.2328,0.5452
SPADES FIVE CLUBS KING,0.357,0.008,0.635
SPADES FIVE CLUBS QUEEN,0.2098,0.4724,0.3178
CLUBS EIGHT CLUBS ACE,0.338,0.006,0.656
DIAMONDS TWO DIAMONDS THREE,0.6292,0.0128,0.358
DIAMONDS TWO DIAMONDS FIVE,0.579,0.015,0.406
HEARTS FIVE SPADES KING,0.3564,0.0068,0.6368
DIAMONDS TWO DIAMONDS FOUR,0.6684,0.0454,0.2862
HEARTS FIVE SPADES QUEEN,0.2232,0.461,0.3158
DIAMONDS TWO DIAMONDS SEVEN,0.6076,0.0112,0.3812
DIAMONDS TWO DIAMONDS SIX,0.5822,0.0142,0.4036
SPADES ACE HEARTS FIVE,0.3554,0.0036,0.641
DIAMONDS TWO DIAMONDS NINE,0.6066,0.0136,0.3798
DIAMONDS TWO DIAMONDS EIGHT,0.6142,0.0138,0.372
DIAMONDS THREE DIAMONDS FOUR,0.6442,0.044,0.3118
CLUBS TWO SPADES FOUR,0.7046,0.0474,0.248
DIAMONDS THREE DIAMONDS FIVE,0.5756,0.0152,0.4092
SPADES FIVE CLUBS TWO,0.626,0.0156,0.3584
CLUBS TWO SPADES TWO,0.4396,0.035,0.5254
CLUBS TWO SPADES THREE,0.6502,0.0156,0.3342
DIAMONDS THREE DIAMONDS EIGHT,0.6048,0.0156,0.3796
SPADES EIGHT CLUBS TWO,0.6236,0.0136,0.3628
DIAMONDS THREE DIAMONDS NINE,0.5966,0.0114,0.392
SPADES NINE CLUBS TWO,0.6356,0.0146,0.3498
DIAMONDS THREE DIAMONDS SIX,0.5828,0.015,0.4022
SPADES SIX CLUBS TWO,0.6354,0.0134,0.3512
DIAMONDS THREE DIAMONDS SEVEN,0.6018,0.0112,0.387
SPADES SEVEN CLUBS TWO,0.628,0.0148,0.3572
CLUBS SIX CLUBS TWO,0.5994,0.0144,0.3862
CLUBS SEVEN CLUBS TWO,0.6082,0.0138,0.378
CLUBS FIVE CLUBS TWO,0.5956,0.0146,0.3898
CLUBS TEN CLUBS JACK,0.5064,0.0136,0.48
DIAMONDS FOUR DIAMONDS SIX,0.6666,0.042,0.2914
CLUBS TEN CLUBS QUEEN,0.2226,0.1118,0.6656
DIAMONDS FOUR DIAMONDS SEVEN,0.6714,0.0456,0.283
CLUBS TEN CLUBS KING,0.3202,0.0082,0.6716
CLUBS TEN CLUBS ACE,0.3378,0.006,0.6562
CLUBS EIGHT CLUBS TWO,0.5958,0.013,0.3912
DIAMONDS FIVE DIAMONDS FOUR,0.6402,0.0448,0.315
CLUBS NINE CLUBS TWO,0.6006,0.0134,0.386
DIAMONDS NINE DIAMONDS FOUR,0.6842,0.0434,0.2724
DIAMONDS EIGHT DIAMONDS FOUR,0.6822,0.0378,0.28
CLUBS THREE CLUBS TWO,0.619,0.0144,0.3666
DIAMONDS NINE DIAMONDS FIVE,0.5446,0.0132,0.4422
CLUBS JACK DIAMONDS TWO,0.6342,0.0118,0.354
DIAMONDS EIGHT DIAMONDS FIVE,0.5506,0.014,0.4354
CLUBS TEN DIAMONDS TWO,0.6404,0.0108,0.3488
DIAMONDS FIVE DIAMONDS SEVEN,0.546,0.0142,0.4398
DIAMONDS FIVE DIAMONDS SIX,0.5424,0.016,0.4416
DIAMONDS TWO CLUBS ACE,0.38,0.0058,0.6142
DIAMONDS TWO CLUBS KING,0.3876,0.0104,0.602
DIAMONDS TWO CLUBS QUEEN,0.26,0.5268,0.2132
DIAMONDS EIGHT DIAMONDS SIX,0.5426,0.0116,0.4458
DIAMONDS NINE DIAMONDS SIX,0.5474,0.0134,0.4392
HEARTS ACE SPADES THREE,0.386,0.0044,0.6096
SPADES THREE HEARTS KING,0.3808,0.0086,0.6106
DIAMONDS SEVEN DIAMONDS SIX,0.536,0.0142,0.4498
HEARTS QUEEN SPADES THREE,0.2504,0.5256,0.224
SPADES THREE HEARTS JACK,0.6264,0.01,0.3636
SPADES THREE HEARTS TEN,0.6244,0.0106,0.365
DIAMONDS EIGHT DIAMONDS SEVEN,0.5318,0.0104,0.4578
DIAMONDS NINE DIAMONDS SEVEN,0.5564,0.0126,0.431
DIAMONDS NINE DIAMONDS EIGHT,0.5276,0.0114,0.461
DIAMONDS KING HEARTS TEN,0.3384,0.0072,0.6544
HEARTS THREE HEARTS TEN,0.5776,0.012,0.4104
SPADES JACK CLUBS SIX,0.6074,0.0094,0.3832
DIAMONDS KING HEARTS JACK,0.3362,0.007,0.6568
HEARTS THREE HEARTS JACK,0.5986,0.012,0.3894
SPADES TEN CLUBS SIX,0.5772,0.0102,0.4126
SPADES JACK SPADES FIVE,0.552,0.0142,0.4338
SPADES TEN SPADES FIVE,0.5616,0.0114,0.427
DIAMONDS KING HEARTS ACE,0.3186,0.0046,0.6768
HEARTS THREE HEARTS ACE,0.3542,0.0058,0.64
SPADES ACE CLUBS SIX,0.36,0.0058,0.6342
DIAMONDS KING HEARTS QUEEN,0.23,0.0264,0.7436
HEARTS THREE HEARTS QUEEN,0.2484,0.4852,0.2664
SPADES KING CLUBS SIX,0.3632,0.0098,0.627
DIAMONDS KING HEARTS KING,0.1224,0.0034,0.8742
HEARTS THREE HEARTS KING,0.3614,0.0088,0.6298
SPADES QUEEN CLUBS SIX,0.219,0.3896,0.3914
SPADES NINE HEARTS TEN,0.538,0.0098,0.4522
SPADES NINE HEARTS JACK,0.5638,0.011,0.4252
SPADES QUEEN SPADES FIVE,0.2108,0.441,0.3482
SPADES KING SPADES FIVE,0.3292,0.009,0.6618
SPADES ACE SPADES FIVE,0.3268,0.0056,0.6676
SPADES NINE HEARTS QUEEN,0.2374,0.161,0.6016
SPADES NINE HEARTS KING,0.3604,0.007,0.6326
SPADES NINE HEARTS ACE,0.3596,0.0052,0.6352
CLUBS TEN SPADES JACK,0.5252,0.0082,0.4666
CLUBS TEN SPADES TEN,0.2838,0.014,0.7022
SPADES ACE CLUBS TEN,0.3384,0.007,0.6546
CLUBS TEN SPADES KING,0.3406,0.0058,0.6536
CLUBS TEN SPADES QUEEN,0.2214,0.1204,0.6582
SPADES FIVE HEARTS QUEEN,0.2192,0.4642,0.3166
SPADES FIVE HEARTS KING,0.356,0.0076,0.6364
HEARTS ACE SPADES FIVE,0.3384,0.0064,0.6552
CLUBS EIGHT SPADES TEN,0.5544,0.0116,0.434
SPADES JACK HEARTS THREE,0.6354,0.0132,0.3514
SPADES JACK DIAMONDS KING,0.3338,0.006,0.6602
SPADES TEN DIAMONDS KING,0.3474,0.008,0.6446
SPADES TEN HEARTS THREE,0.6292,0.0108,0.36
CLUBS EIGHT SPADES JACK,0.5648,0.0104,0.4248
CLUBS SIX HEARTS ACE,0.3504,0.0054,0.6442
SPADES ACE CLUBS EIGHT,0.3594,0.0032,0.6374
HEARTS FIVE CLUBS JACK,0.586,0.011,0.403
CLUBS TEN HEARTS FIVE,0.5952,0.0096,0.3952
CLUBS SIX HEARTS QUEEN,0.218,0.3764,0.4056
SPADES QUEEN CLUBS EIGHT,0.2298,0.231,0.5392
CLUBS TEN SPADES THREE,0.6144,0.0138,0.3718
CLUBS SIX HEARTS KING,0.3584,0.0068,0.6348
SPADES KING CLUBS EIGHT,0.3634,0.007,0.6296
CLUBS JACK SPADES THREE,0.6232,0.0134,0.3634
DIAMONDS TWO HEARTS JACK,0.63,0.0134,0.3566
SPADES THREE CLUBS QUEEN,0.2622,0.516,0.2218
DIAMONDS TWO HEARTS TEN,0.6296,0.0096,0.3608
SPADES THREE CLUBS KING,0.3774,0.0078,0.6148
HEARTS FIVE CLUBS ACE,0.3454,0.0048,0.6498
SPADES FIVE HEARTS TEN,0.6034,0.0134,0.3832
SPADES THREE CLUBS ACE,0.3636,0.0042,0.6322
HEARTS FIVE CLUBS KING,0.3542,0.0054,0.6404
SPADES FIVE HEARTS JACK,0.6032,0.009,0.3878
HEARTS FIVE CLUBS QUEEN,0.2076,0.481,0.3114
HEARTS THREE CLUBS KING,0.383,0.0094,0.6076
DIAMONDS KING CLUBS KING,0.133,0.005,0.862
HEARTS THREE CLUBS QUEEN,0.2558,0.5204,0.2238
DIAMONDS KING CLUBS QUEEN,0.218,0.0276,0.7544
HEARTS FIVE HEARTS JACK,0.5626,0.0124,0.425
HEARTS FIVE HEARTS TEN,0.5594,0.01,0.4306
HEARTS THREE CLUBS ACE,0.3716,0.0054,0.623
DIAMONDS KING CLUBS ACE,0.32,0.005,0.675
SPADES ACE CLUBS QUEEN,0.2258,0.0234,0.7508
SPADES KING CLUBS QUEEN,0.2332,0.0264,0.7404
CLUBS JACK HEARTS THREE,0.6316,0.0138,0.3546
CLUBS JACK DIAMONDS KING,0.3432,0.007,0.6498
SPADES QUEEN CLUBS QUEEN,0.0752,0.0242,0.9006
CLUBS TEN HEARTS THREE,0.6124,0.0146,0.373
CLUBS TEN DIAMONDS KING,0.3364,0.0086,0.655
SPADES JACK CLUBS QUEEN,0.237,0.0878,0.6752
CLUBS SIX CLUBS QUEEN,0.223,0.3612,0.4158
SPADES TEN CLUBS QUEEN,0.2314,0.1106,0.658
CLUBS SIX CLUBS KING,0.3394,0.0072,0.6534
CLUBS SIX CLUBS ACE,0.3482,0.0036,0.6482
HEARTS FIVE HEARTS KING,0.3376,0.0084,0.654
HEARTS FIVE HEARTS QUEEN,0.2186,0.428,0.3534
CLUBS TEN CLUBS SIX,0.556,0.015,0.429
HEARTS FIVE HEARTS ACE,0.317,0.003,0.68
CLUBS JACK CLUBS SIX,0.576,0.0114,0.4126
SPADES SEVEN HEARTS JACK,0.5758,0.013,0.4112
SPADES SEVEN HEARTS TEN,0.5738,0.0088,0.4174
DIAMONDS TWO CLUBS TWO,0.4378,0.032,0.5302
DIAMONDS TWO CLUBS THREE,0.6436,0.0138,0.3426
DIAMONDS TWO HEARTS SIX,0.631,0.015,0.354
DIAMONDS TWO HEARTS QUEEN,0.268,0.5196,0.2124
HEARTS SEVEN DIAMONDS TWO,0.6356,0.013,0.3514
DIAMONDS TWO HEARTS KING,0.3958,0.0094,0.5948
DIAMONDS TWO HEARTS EIGHT,0.6342,0.0128,0.353
DIAMONDS TWO HEARTS ACE,0.3898,0.0058,0.6044
DIAMONDS TWO HEARTS NINE,0.63,0.012,0.358
DIAMONDS TWO HEARTS TWO,0.4214,0.0324,0.5462
DIAMONDS TWO DIAMONDS KING,0.3742,0.009,0.6168
DIAMONDS TWO HEARTS THREE,0.6424,0.0164,0.3412
DIAMONDS TWO DIAMONDS ACE,0.3666,0.0062,0.6272
HEARTS FOUR DIAMONDS TWO,0.7024,0.0454,0.2522
HEARTS FIVE DIAMONDS TWO,0.6164,0.0146,0.369
SPADES SEVEN HEARTS ACE,0.3676,0.004,0.6284
DIAMONDS TWO DIAMONDS TEN,0.594,0.0144,0.3916
SPADES SEVEN HEARTS KING,0.3646,0.0062,0.6292
DIAMONDS TWO DIAMONDS JACK,0.601,0.0108,0.3882
SPADES SEVEN HEARTS QUEEN,0.2358,0.298,0.4662
DIAMONDS TWO SPADES NINE,0.6316,0.0096,0.3588
DIAMONDS TWO SPADES EIGHT,0.6254,0.0148,0.3598
DIAMONDS TWO SPADES SEVEN,0.6418,0.0128,0.3454
DIAMONDS TWO SPADES SIX,0.633,0.0162,0.3508
DIAMONDS TWO SPADES FIVE,0.6244,0.0136,0.362
DIAMONDS TWO SPADES FOUR,0.6988,0.0504,0.2508
DIAMONDS TWO SPADES THREE,0.6512,0.0146,0.3342
DIAMONDS TWO SPADES TWO,0.4202,0.0288,0.551
DIAMONDS TWO CLUBS NINE,0.634,0.0132,0.3528
CLUBS EIGHT DIAMONDS TWO,0.6228,0.0162,0.361
DIAMONDS TWO CLUBS SEVEN,0.6472,0.0152,0.3376
DIAMONDS TWO CLUBS SIX,0.642,0.014,0.344
DIAMONDS TWO CLUBS FIVE,0.607,0.0154,0.3776
SPADES ACE DIAMONDS SIX,0.3712,0.0042,0.6246
SPADES QUEEN DIAMONDS SIX,0.2134,0.3902,0.3964
SPADES KING DIAMONDS SIX,0.3558,0.0078,0.6364
SPADES TEN DIAMONDS SIX,0.583,0.0116,0.4054
SPADES JACK DIAMONDS SIX,0.5946,0.013,0.3924
SPADES QUEEN SPADES TWO,0.244,0.476,0.28
SPADES KING SPADES TWO,0.3606,0.0078,0.6316
SPADES ACE SPADES TWO,0.3576,0.0046,0.6378
CLUBS JACK DIAMONDS JACK,0.2718,0.0098,0.7184
CLUBS TEN DIAMONDS JACK,0.5474,0.0122,0.4404
DIAMONDS JACK CLUBS KING,0.3456,0.0072,0.6472
DIAMONDS JACK CLUBS QUEEN,0.2252,0.0962,0.6786
DIAMONDS THREE DIAMONDS JACK,0.6064,0.0148,0.3788
DIAMONDS THREE DIAMONDS TEN,0.6162,0.0104,0.3734
DIAMONDS JACK CLUBS ACE,0.3448,0.0042,0.651
DIAMONDS THREE DIAMONDS KING,0.3684,0.0092,0.6224
DIAMONDS THREE HEARTS THREE,0.421,0.0382,0.5408
DIAMONDS THREE HEARTS TWO,0.648,0.0156,0.3364
HEARTS FIVE DIAMONDS THREE,0.6088,0.0142,0.377
DIAMONDS THREE DIAMONDS ACE,0.3564,0.007,0.6366
HEARTS FOUR DIAMONDS THREE,0.6824,0.043,0.2746
HEARTS SEVEN DIAMONDS THREE,0.6266,0.0184,0.355
SPADES TEN SPADES NINE,0.5108,0.0112,0.478
HEARTS SIX DIAMONDS THREE,0.612,0.0152,0.3728
SPADES JACK SPADES NINE,0.5176,0.0108,0.4716
DIAMONDS THREE HEARTS NINE,0.625,0.0144,0.3606
HEARTS JACK DIAMONDS FOUR,0.7168,0.048,0.2352
HEARTS ACE HEARTS KING,0.2964,0.0042,0.6994
SPADES TEN SPADES TWO,0.5878,0.014,0.3982
DIAMONDS THREE HEARTS EIGHT,0.622,0.0134,0.3646
HEARTS TEN DIAMONDS FOUR,0.716,0.0526,0.2314
SPADES JACK SPADES TWO,0.5932,0.0106,0.3962
HEARTS QUEEN DIAMONDS FOUR,0.0168,0.9738,0.0094
HEARTS KING DIAMONDS FOUR,0.244,0.037,0.719
SPADES ACE SPADES NINE,0.3432,0.0034,0.6534
HEARTS ACE DIAMONDS FOUR,0.2358,0.0236,0.7406
SPADES KING SPADES NINE,0.3332,0.01,0.6568
SPADES QUEEN SPADES NINE,0.2276,0.1546,0.6178
DIAMONDS THREE SPADES NINE,0.6268,0.012,0.3612
DIAMONDS THREE SPADES EIGHT,0.6392,0.0122,0.3486
DIAMONDS THREE SPADES SEVEN,0.6242,0.015,0.3608
DIAMONDS THREE SPADES SIX,0.6126,0.0148,0.3726
DIAMONDS THREE CLUBS SIX,0.6212,0.014,0.3648
CLUBS SIX CLUBS FIVE,0.5394,0.0148,0.4458
CLUBS ACE DIAMONDS FOUR,0.2212,0.0232,0.7556
DIAMONDS THREE CLUBS SEVEN,0.6188,0.0132,0.368
CLUBS SEVEN CLUBS FIVE,0.543,0.0164,0.4406
DIAMONDS FOUR CLUBS QUEEN,0.006,0.985,0.009
DIAMONDS THREE CLUBS FIVE,0.5936,0.0192,0.3872
DIAMONDS FOUR CLUBS KING,0.2236,0.0396,0.7368
DIAMONDS THREE CLUBS TWO,0.6516,0.0148,0.3336
CLUBS TEN DIAMONDS FOUR,0.7198,0.0464,0.2338
DIAMONDS THREE CLUBS THREE,0.4298,0.035,0.5352
CLUBS JACK DIAMONDS FOUR,0.723,0.0558,0.2212
DIAMONDS THREE SPADES FOUR,0.698,0.0502,0.2518
DIAMONDS THREE SPADES FIVE,0.6136,0.0142,0.3722
DIAMONDS THREE SPADES TWO,0.6482,0.017,0.3348
DIAMONDS THREE SPADES THREE,0.419,0.035,0.546
CLUBS EIGHT DIAMONDS THREE,0.633,0.0116,0.3554
CLUBS NINE DIAMONDS THREE,0.6224,0.0148,0.3628
SPADES SEVEN CLUBS ACE,0.3616,0.0034,0.635
SPADES SEVEN CLUBS QUEEN,0.2182,0.3106,0.4712
SPADES SEVEN CLUBS KING,0.3604,0.0058,0.6338
SPADES SEVEN CLUBS FIVE,0.5698,0.0158,0.4144
CLUBS TEN SPADES SEVEN,0.5746,0.0096,0.4158
CLUBS FIVE SPADES SIX,0.5632,0.0148,0.422
CLUBS JACK SPADES SEVEN,0.5884,0.0114,0.4002
SPADES NINE CLUBS FIVE,0.5798,0.0138,0.4064
SPADES EIGHT CLUBS FIVE,0.5746,0.013,0.4124
CLUBS FIVE SPADES THREE,0.5936,0.0138,0.3926
CLUBS FIVE SPADES TWO,0.6078,0.0144,0.3778
CLUBS FIVE SPADES FIVE,0.3154,0.0312,0.6534
CLUBS FIVE SPADES FOUR,0.6646,0.0414,0.294
CLUBS NINE CLUBS FIVE,0.5548,0.01,0.4352
CLUBS EIGHT CLUBS FIVE,0.5408,0.0148,0.4444
CLUBS ACE CLUBS QUEEN,0.2162,0.018,0.7658
CLUBS KING CLUBS QUEEN,0.2216,0.026,0.7524
DIAMONDS TEN DIAMONDS FOUR,0.6858,0.0466,0.2676
CLUBS TEN DIAMONDS NINE,0.5376,0.0116,0.4508
DIAMONDS JACK DIAMONDS FOUR,0.6984,0.0436,0.258
CLUBS JACK DIAMONDS NINE,0.556,0.0114,0.4326
CLUBS JACK SPADES NINE,0.5568,0.0122,0.431
CLUBS TEN SPADES NINE,0.5462,0.0106,0.4432
DIAMONDS ACE DIAMONDS FOUR,0.2242,0.0254,0.7504
HEARTS FOUR DIAMONDS FOUR,0.3004,0.04,0.6596
DIAMONDS JACK HEARTS TEN,0.5448,0.0106,0.4446
SPADES NINE CLUBS KING,0.3538,0.0094,0.6368
DIAMONDS TWO SPADES TEN,0.6376,0.0136,0.3488
DIAMONDS NINE CLUBS ACE,0.359,0.0066,0.6344
HEARTS FIVE DIAMONDS FOUR,0.6732,0.047,0.2798
DIAMONDS JACK HEARTS JACK,0.2882,0.0118,0.7
SPADES NINE CLUBS QUEEN,0.2308,0.1614,0.6078
DIAMONDS TWO SPADES JACK,0.6436,0.0112,0.3452
HEARTS TWO DIAMONDS FOUR,0.713,0.05,0.237
DIAMONDS NINE CLUBS QUEEN,0.229,0.1702,0.6008
DIAMONDS KING DIAMONDS FOUR,0.2246,0.0364,0.739
HEARTS THREE DIAMONDS FOUR,0.6874,0.0432,0.2694
SPADES NINE CLUBS ACE,0.3536,0.0038,0.6426
DIAMONDS NINE CLUBS KING,0.346,0.0102,0.6438
HEARTS ACE DIAMONDS JACK,0.3552,0.006,0.6388
SPADES ACE DIAMONDS TWO,0.3704,0.0056,0.624
HEARTS QUEEN DIAMONDS JACK,0.2448,0.0894,0.6658
SPADES QUEEN DIAMONDS TWO,0.2728,0.5136,0.2136
DIAMONDS JACK HEARTS KING,0.3418,0.0074,0.6508
SPADES KING DIAMONDS TWO,0.3944,0.0102,0.5954
SPADES JACK SPADES SEVEN,0.5434,0.0088,0.4478
SPADES TEN SPADES SEVEN,0.5332,0.0112,0.4556
CLUBS SEVEN CLUBS THREE,0.5992,0.0142,0.3866
CLUBS SIX CLUBS THREE,0.5778,0.0142,0.408
CLUBS THREE CLUBS FIVE,0.5922,0.0154,0.3924
CLUBS NINE CLUBS THREE,0.5966,0.0118,0.3916
CLUBS EIGHT CLUBS THREE,0.59,0.0128,0.3972
CLUBS THREE SPADES FIVE,0.6006,0.014,0.3854
CLUBS THREE SPADES FOUR,0.695,0.0426,0.2624
CLUBS THREE SPADES THREE,0.424,0.0378,0.5382
CLUBS THREE SPADES TWO,0.6486,0.0138,0.3376
CLUBS THREE SPADES SIX,0.6094,0.0138,0.3768
CLUBS THREE SPADES SEVEN,0.6216,0.0152,0.3632
SPADES EIGHT CLUBS THREE,0.6304,0.0138,0.3558
SPADES NINE CLUBS THREE,0.6312,0.0128,0.356
SPADES TWO DIAMONDS FOUR,0.6988,0.047,0.2542
SPADES THREE DIAMONDS FOUR,0.6806,0.0498,0.2696
SPADES FOUR DIAMONDS FOUR,0.2864,0.0368,0.6768
SPADES FIVE DIAMONDS FOUR,0.6602,0.0478,0.292
SPADES SIX DIAMONDS FOUR,0.6752,0.0456,0.2792
SPADES SEVEN DIAMONDS FOUR,0.686,0.0396,0.2744
SPADES EIGHT DIAMONDS FOUR,0.7,0.0464,0.2536
SPADES NINE DIAMONDS FOUR,0.708,0.0462,0.2458
CLUBS FIVE DIAMONDS FOUR,0.6678,0.0476,0.2846
CLUBS SEVEN DIAMONDS FOUR,0.6972,0.0446,0.2582
CLUBS SIX DIAMONDS FOUR,0.6614,0.0474,0.2912
CLUBS NINE DIAMONDS FOUR,0.7132,0.048,0.2388
CLUBS EIGHT DIAMONDS FOUR,0.7086,0.0478,0.2436
HEARTS SEVEN DIAMONDS FOUR,0.6978,0.0408,0.2614
HEARTS SIX DIAMONDS FOUR,0.6806,0.0402,0.2792
DIAMONDS FOUR HEARTS NINE,0.7226,0.0386,0.2388
DIAMONDS FOUR HEARTS EIGHT,0.6936,0.0458,0.2606
CLUBS THREE DIAMONDS FOUR,0.6858,0.05,0.2642
CLUBS TWO DIAMONDS FOUR,0.715,0.049,0.236
DIAMONDS TEN DIAMONDS FIVE,0.5692,0.016,0.4148
DIAMONDS JACK DIAMONDS FIVE,0.5834,0.0104,0.4062
DIAMONDS NINE HEARTS QUEEN,0.227,0.1712,0.6018
DIAMONDS NINE HEARTS KING,0.3496,0.0078,0.6426
HEARTS ACE DIAMONDS NINE,0.3592,0.005,0.6358
DIAMONDS NINE HEARTS TEN,0.5494,0.0122,0.4384
DIAMONDS NINE HEARTS JACK,0.5612,0.0114,0.4274
CLUBS KING DIAMONDS SIX,0.3572,0.0088,0.634
CLUBS QUEEN DIAMONDS SIX,0.2128,0.3806,0.4066
CLUBS ACE DIAMONDS SIX,0.3564,0.0048,0.6388
SPADES KING DIAMONDS FOUR,0.2266,0.035,0.7384
SPADES ACE SPADES SEVEN,0.3436,0.0052,0.6512
SPADES QUEEN DIAMONDS FOUR,0.0214,0.9682,0.0104
SPADES QUEEN SPADES SEVEN,0.2236,0.2808,0.4956
CLUBS JACK DIAMONDS SIX,0.6092,0.0114,0.3794
SPADES KING SPADES SEVEN,0.3464,0.0074,0.6462
SPADES ACE DIAMONDS FOUR,0.232,0.0234,0.7446
CLUBS TEN DIAMONDS SIX,0.5828,0.0134,0.4038
SPADES JACK DIAMONDS FOUR,0.7308,0.0442,0.225
SPADES TEN DIAMONDS FOUR,0.7144,0.0534,0.2322
CLUBS SEVEN SPADES EIGHT,0.5496,0.0126,0.4378
SPADES NINE CLUBS SEVEN,0.5566,0.0142,0.4292
CLUBS SEVEN SPADES SIX,0.5642,0.0106,0.4252
CLUBS SEVEN SPADES SEVEN,0.3168,0.0252,0.658
CLUBS SEVEN SPADES FIVE,0.566,0.0144,0.4196
CLUBS SEVEN SPADES FOUR,0.6918,0.0462,0.262
CLUBS SEVEN SPADES THREE,0.6174,0.0124,0.3702
CLUBS SEVEN SPADES TWO,0.6324,0.0144,0.3532
CLUBS NINE CLUBS SEVEN,0.5174,0.012,0.4706
CLUBS EIGHT CLUBS SEVEN,0.5206,0.012,0.4674
HEARTS SIX DIAMONDS FIVE,0.5798,0.0154,0.4048
HEARTS SEVEN DIAMONDS FIVE,0.5694,0.0124,0.4182
DIAMONDS FIVE HEARTS EIGHT,0.5804,0.0118,0.4078
DIAMONDS FIVE HEARTS NINE,0.5926,0.0094,0.398
HEARTS TWO DIAMONDS FIVE,0.6108,0.0174,0.3718
HEARTS KING HEARTS EIGHT,0.3418,0.0078,0.6504
DIAMONDS KING DIAMONDS FIVE,0.3422,0.0078,0.65
HEARTS THREE DIAMONDS FIVE,0.5988,0.014,0.3872
HEARTS QUEEN HEARTS EIGHT,0.2136,0.212,0.5744
DIAMONDS ACE DIAMONDS FIVE,0.3324,0.0048,0.6628
HEARTS FOUR DIAMONDS FIVE,0.6744,0.0426,0.283
HEARTS FIVE DIAMONDS FIVE,0.3218,0.0304,0.6478
HEARTS ACE HEARTS EIGHT,0.3504,0.0038,0.6458
CLUBS FIVE DIAMONDS FIVE,0.3156,0.0364,0.648
CLUBS SIX DIAMONDS FIVE,0.5588,0.0172,0.424
CLUBS SEVEN DIAMONDS FIVE,0.5696,0.0154,0.415
CLUBS TWO DIAMONDS FIVE,0.633,0.016,0.351
CLUBS THREE DIAMONDS FIVE,0.6078,0.0136,0.3786
SPADES THREE DIAMONDS FIVE,0.6054,0.0142,0.3804
SPADES TWO DIAMONDS FIVE,0.6118,0.0164,0.3718
SPADES JACK DIAMONDS EIGHT,0.5696,0.0072,0.4232
SPADES FIVE DIAMONDS FIVE,0.3308,0.0278,0.6414
CLUBS TEN HEARTS JACK,0.5266,0.0094,0.464
SPADES TEN DIAMONDS EIGHT,0.547,0.0134,0.4396
SPADES FOUR DIAMONDS FIVE,0.658,0.0436,0.2984
CLUBS JACK HEARTS JACK,0.2802,0.0124,0.7074
HEARTS JACK CLUBS QUEEN,0.2356,0.0904,0.674
CLUBS NINE DIAMONDS FIVE,0.5854,0.0142,0.4004
CLUBS EIGHT DIAMONDS FIVE,0.5792,0.0124,0.4084
HEARTS JACK CLUBS KING,0.3466,0.007,0.6464
CLUBS ACE HEARTS JACK,0.348,0.0042,0.6478
SPADES SEVEN DIAMONDS FIVE,0.5706,0.015,0.4144
SPADES KING DIAMONDS EIGHT,0.371,0.0068,0.6222
SPADES QUEEN DIAMONDS EIGHT,0.2338,0.227,0.5392
SPADES SIX DIAMONDS FIVE,0.5684,0.0136,0.418
SPADES NINE DIAMONDS FIVE,0.5822,0.0128,0.405
SPADES EIGHT DIAMONDS FIVE,0.5746,0.01,0.4154
SPADES ACE DIAMONDS EIGHT,0.3606,0.0052,0.6342
DIAMONDS TEN DIAMONDS SIX,0.5594,0.0138,0.4268
HEARTS ACE DIAMONDS SEVEN,0.3652,0.0038,0.631
DIAMONDS JACK DIAMONDS SIX,0.5838,0.011,0.4052
HEARTS QUEEN DIAMONDS SEVEN,0.2308,0.2962,0.473
HEARTS KING DIAMONDS SEVEN,0.3808,0.0082,0.611
DIAMONDS ACE DIAMONDS SIX,0.3406,0.0054,0.654
HEARTS FOUR DIAMONDS SIX,0.6934,0.0372,0.2694
SPADES TWO HEARTS JACK,0.628,0.0114,0.3606
HEARTS FIVE DIAMONDS SIX,0.5666,0.0134,0.42
SPADES TWO HEARTS TEN,0.6344,0.0116,0.354
HEARTS TWO DIAMONDS SIX,0.6312,0.0162,0.3526
DIAMONDS KING DIAMONDS SIX,0.3428,0.0078,0.6494
HEARTS THREE DIAMONDS SIX,0.6144,0.0146,0.371
HEARTS EIGHT DIAMONDS SIX,0.5792,0.0128,0.408
HEARTS NINE DIAMONDS SIX,0.569,0.0124,0.4186
HEARTS SIX DIAMONDS SIX,0.324,0.028,0.648
HEARTS SEVEN DIAMONDS SIX,0.5644,0.0112,0.4244
HEARTS TEN DIAMONDS SEVEN,0.5834,0.0114,0.4052
CLUBS TWO DIAMONDS SIX,0.6372,0.0126,0.3502
HEARTS JACK DIAMONDS SEVEN,0.5724,0.0114,0.4162
CLUBS THREE DIAMONDS SIX,0.6156,0.0154,0.369
CLUBS SEVEN DIAMONDS SIX,0.5736,0.014,0.4124
CLUBS JACK DIAMONDS EIGHT,0.5638,0.0108,0.4254
CLUBS SIX DIAMONDS SIX,0.3224,0.0296,0.648
CLUBS TEN DIAMONDS EIGHT,0.5612,0.0118,0.427
CLUBS FIVE DIAMONDS SIX,0.5624,0.0152,0.4224
HEARTS ACE HEARTS JACK,0.3238,0.0054,0.6708
DIAMONDS EIGHT CLUBS ACE,0.3522,0.006,0.6418
HEARTS QUEEN HEARTS JACK,0.2236,0.0886,0.6878
DIAMONDS EIGHT CLUBS KING,0.3634,0.0072,0.6294
CLUBS NINE DIAMONDS SIX,0.5704,0.0122,0.4174
HEARTS KING HEARTS JACK,0.316,0.0056,0.6784
CLUBS EIGHT DIAMONDS SIX,0.585,0.0138,0.4012
DIAMONDS EIGHT CLUBS QUEEN,0.2264,0.2338,0.5398
SPADES TEN HEARTS KING,0.3398,0.0064,0.6538
SPADES FIVE DIAMONDS SIX,0.5732,0.012,0.4148
HEARTS ACE SPADES TWO,0.3808,0.0054,0.6138
SPADES JACK HEARTS KING,0.3368,0.0082,0.655
SPADES FOUR DIAMONDS SIX,0.6922,0.0354,0.2724
SPADES THREE DIAMONDS SIX,0.613,0.014,0.373
HEARTS QUEEN SPADES TWO,0.2706,0.5096,0.2198
SPADES ACE SPADES KING,0.2918,0.006,0.7022
HEARTS KING SPADES TWO,0.39,0.0092,0.6008
SPADES TWO DIAMONDS SIX,0.6296,0.0142,0.3562
HEARTS TEN HEARTS EIGHT,0.5228,0.0106,0.4666
SPADES NINE DIAMONDS SIX,0.579,0.0134,0.4076
HEARTS JACK HEARTS EIGHT,0.5232,0.0086,0.4682
SPADES EIGHT DIAMONDS SIX,0.5626,0.0102,0.4272
SPADES SEVEN DIAMONDS SIX,0.5738,0.0112,0.415
SPADES SIX DIAMONDS SIX,0.3306,0.0258,0.6436
SPADES KING HEARTS KING,0.1468,0.0026,0.8506
SPADES QUEEN HEARTS KING,0.2274,0.0272,0.7454
CLUBS ACE CLUBS KING,0.3004,0.0048,0.6948
SPADES ACE HEARTS KING,0.3144,0.0032,0.6824
SPADES ACE HEARTS JACK,0.364,0.003,0.633
SPADES QUEEN HEARTS JACK,0.236,0.0906,0.6734
SPADES KING HEARTS JACK,0.3422,0.0066,0.6512
SPADES TEN DIAMONDS TEN,0.291,0.0148,0.6942
SPADES JACK DIAMONDS TEN,0.5452,0.0102,0.4446
SPADES ACE DIAMONDS TEN,0.3552,0.0046,0.6402
SPADES JACK HEARTS JACK,0.283,0.011,0.706
SPADES TEN HEARTS JACK,0.5404,0.009,0.4506
SPADES QUEEN DIAMONDS TEN,0.2342,0.1122,0.6536
SPADES KING DIAMONDS TEN,0.344,0.007,0.649
SPADES NINE DIAMONDS SEVEN,0.5576,0.0118,0.4306
SPADES EIGHT DIAMONDS SEVEN,0.5566,0.0124,0.431
SPADES SEVEN DIAMONDS SEVEN,0.3268,0.0212,0.652
SPADES SIX DIAMONDS SEVEN,0.5728,0.0148,0.4124
DIAMONDS KING DIAMONDS SEVEN,0.3414,0.0066,0.652
HEARTS THREE DIAMONDS SEVEN,0.6292,0.0144,0.3564
HEARTS KING DIAMONDS FIVE,0.355,0.0068,0.6382
HEARTS TWO DIAMONDS SEVEN,0.6418,0.009,0.3492
HEARTS QUEEN DIAMONDS FIVE,0.22,0.4578,0.3222
HEARTS FIVE DIAMONDS SEVEN,0.568,0.0136,0.4184
DIAMONDS ACE DIAMONDS SEVEN,0.337,0.0056,0.6574
HEARTS FOUR DIAMONDS SEVEN,0.689,0.0444,0.2666
HEARTS ACE DIAMONDS FIVE,0.3526,0.0058,0.6416
HEARTS SEVEN DIAMONDS SEVEN,0.3174,0.0296,0.653
HEARTS SIX DIAMONDS SEVEN,0.5546,0.0112,0.4342
DIAMONDS SEVEN HEARTS NINE,0.5614,0.0126,0.426
HEARTS EIGHT DIAMONDS SEVEN,0.5548,0.0112,0.434
DIAMONDS JACK DIAMONDS SEVEN,0.5592,0.012,0.4288
DIAMONDS FIVE HEARTS JACK,0.5988,0.012,0.3892
DIAMONDS TEN DIAMONDS SEVEN,0.5444,0.0092,0.4464
HEARTS TEN DIAMONDS FIVE,0.6022,0.013,0.3848
CLUBS EIGHT DIAMONDS SEVEN,0.5554,0.0104,0.4342
SPADES KING CLUBS TWO,0.3976,0.0084,0.594
HEARTS KING CLUBS KING,0.1358,0.0036,0.8606
SPADES QUEEN CLUBS TWO,0.287,0.4988,0.2142
HEARTS KING CLUBS QUEEN,0.2266,0.0268,0.7466
CLUBS NINE DIAMONDS SEVEN,0.5574,0.0134,0.4292
CLUBS JACK SPADES TWO,0.6212,0.0142,0.3646
CLUBS SIX CLUBS SEVEN,0.5426,0.01,0.4474
SPADES ACE CLUBS TWO,0.3854,0.0064,0.6082
CLUBS TEN SPADES TWO,0.6232,0.0148,0.362
HEARTS KING CLUBS ACE,0.3152,0.005,0.6798
SPADES TWO CLUBS KING,0.396,0.0064,0.5976
SPADES TWO DIAMONDS SEVEN,0.6272,0.017,0.3558
CLUBS EIGHT CLUBS SIX,0.5424,0.0116,0.446
SPADES THREE DIAMONDS SEVEN,0.6194,0.0144,0.3662
SPADES TWO CLUBS QUEEN,0.2558,0.5282,0.216
CLUBS NINE CLUBS SIX,0.5412,0.0126,0.4462
SPADES FOUR DIAMONDS SEVEN,0.6964,0.0404,0.2632
CLUBS JACK HEARTS KING,0.3276,0.0058,0.6666
SPADES FIVE DIAMONDS SEVEN,0.5814,0.0128,0.4058
SPADES TWO CLUBS ACE,0.3864,0.0062,0.6074
CLUBS TEN HEARTS KING,0.3386,0.007,0.6544
CLUBS SIX SPADES TWO,0.6236,0.0154,0.361
CLUBS SIX SPADES THREE,0.6012,0.0174,0.3814
CLUBS TWO DIAMONDS SEVEN,0.6462,0.0148,0.339
CLUBS SIX SPADES FOUR,0.6722,0.0444,0.2834
CLUBS THREE DIAMONDS SEVEN,0.6416,0.0128,0.3456
CLUBS SIX SPADES FIVE,0.5576,0.0148,0.4276
CLUBS SIX SPADES SIX,0.315,0.031,0.654
CLUBS FIVE DIAMONDS SEVEN,0.5736,0.0152,0.4112
CLUBS SIX SPADES SEVEN,0.5642,0.0116,0.4242
CLUBS SIX DIAMONDS SEVEN,0.5628,0.0134,0.4238
CLUBS SIX SPADES EIGHT,0.5672,0.011,0.4218
SPADES JACK CLUBS TWO,0.633,0.0114,0.3556
CLUBS SEVEN DIAMONDS SEVEN,0.3202,0.0278,0.652
CLUBS SIX SPADES NINE,0.5686,0.0112,0.4202
SPADES TEN CLUBS TWO,0.622,0.0136,0.3644
CLUBS TWO CLUBS QUEEN,0.2452,0.4924,0.2624
CLUBS TWO CLUBS KING,0.3608,0.009,0.6302
CLUBS THREE DIAMONDS EIGHT,0.643,0.0134,0.3436
CLUBS TWO CLUBS ACE,0.365,0.0058,0.6292
CLUBS TWO DIAMONDS EIGHT,0.6254,0.0154,0.3592
HEARTS SEVEN DIAMONDS EIGHT,0.5676,0.0114,0.421
HEARTS SIX DIAMONDS EIGHT,0.5722,0.0132,0.4146
DIAMONDS EIGHT HEARTS NINE,0.5484,0.0124,0.4392
CLUBS TEN CLUBS TWO,0.608,0.0106,0.3814
DIAMONDS EIGHT HEARTS EIGHT,0.3154,0.0206,0.664
CLUBS JACK CLUBS TWO,0.5924,0.0138,0.3938
CLUBS NINE DIAMONDS EIGHT,0.5426,0.012,0.4454
CLUBS EIGHT DIAMONDS EIGHT,0.3054,0.0206,0.674
CLUBS FIVE DIAMONDS EIGHT,0.586,0.014,0.4
SPADES ACE SPADES THREE,0.3426,0.0058,0.6516
CLUBS SEVEN DIAMONDS EIGHT,0.5518,0.0136,0.4346
SPADES QUEEN SPADES THREE,0.2528,0.4952,0.252
CLUBS SIX DIAMONDS EIGHT,0.5758,0.0118,0.4124
SPADES KING SPADES THREE,0.3692,0.0058,0.625
HEARTS TWO DIAMONDS EIGHT,0.6304,0.0138,0.3558
DIAMONDS KING DIAMONDS EIGHT,0.3472,0.0054,0.6474
HEARTS THREE DIAMONDS EIGHT,0.6346,0.0124,0.353
DIAMONDS ACE DIAMONDS EIGHT,0.3324,0.0062,0.6614
HEARTS FOUR DIAMONDS EIGHT,0.7064,0.0412,0.2524
HEARTS FIVE DIAMONDS EIGHT,0.58,0.0124,0.4076
DIAMONDS EIGHT DIAMONDS TEN,0.5358,0.0128,0.4514
DIAMONDS EIGHT DIAMONDS JACK,0.5468,0.0122,0.441
SPADES JACK SPADES THREE,0.5942,0.0106,0.3952
SPADES TEN SPADES THREE,0.5876,0.011,0.4014
CLUBS SIX HEARTS TEN,0.5714,0.0122,0.4164
CLUBS SIX HEARTS JACK,0.5992,0.0108,0.39
DIAMONDS EIGHT SPADES FOUR,0.7082,0.0442,0.2476
SPADES FIVE DIAMONDS EIGHT,0.5828,0.0146,0.4026
DIAMONDS EIGHT SPADES TWO,0.6398,0.014,0.3462
DIAMONDS EIGHT SPADES THREE,0.6338,0.01,0.3562
SPADES EIGHT DIAMONDS EIGHT,0.3136,0.0242,0.6622
SPADES TEN HEARTS TWO,0.6162,0.0122,0.3716
SPADES JACK HEARTS EIGHT,0.5734,0.0098,0.4168
SPADES NINE DIAMONDS EIGHT,0.5484,0.0082,0.4434
SPADES TEN HEARTS EIGHT,0.5448,0.0088,0.4464
SPADES JACK HEARTS TWO,0.6346,0.0096,0.3558
SPADES SIX DIAMONDS EIGHT,0.5636,0.014,0.4224
SPADES SEVEN DIAMONDS EIGHT,0.5668,0.0104,0.4228
SPADES ACE HEARTS TWO,0.3798,0.0066,0.6136
SPADES ACE HEARTS EIGHT,0.3656,0.0034,0.631
SPADES KING HEARTS EIGHT,0.3702,0.0074,0.6224
SPADES QUEEN HEARTS TWO,0.2694,0.5108,0.2198
SPADES KING HEARTS TWO,0.3958,0.0054,0.5988
SPADES QUEEN HEARTS EIGHT,0.2392,0.235,0.5258
CLUBS TWO HEARTS TEN,0.6274,0.013,0.3596
CLUBS TWO HEARTS JACK,0.6288,0.0134,0.3578
SPADES SEVEN DIAMONDS NINE,0.5638,0.0106,0.4256
SPADES SIX DIAMONDS NINE,0.5714,0.0134,0.4152
SPADES NINE DIAMONDS NINE,0.3026,0.0176,0.6798
SPADES EIGHT DIAMONDS NINE,0.5392,0.0144,0.4464
SPADES TEN CLUBS KING,0.3382,0.005,0.6568
DIAMONDS NINE SPADES THREE,0.6366,0.0112,0.3522
SPADES JACK CLUBS KING,0.337,0.0066,0.6564
DIAMONDS NINE SPADES TWO,0.6322,0.0146,0.3532
DIAMONDS NINE SPADES FIVE,0.5914,0.0146,0.394
DIAMONDS NINE SPADES FOUR,0.7138,0.049,0.2372
CLUBS NINE DIAMONDS NINE,0.2976,0.0202,0.6822
CLUBS EIGHT DIAMONDS NINE,0.535,0.0116,0.4534
CLUBS SIX DIAMONDS NINE,0.559,0.0112,0.4298
CLUBS SEVEN DIAMONDS NINE,0.55,0.0096,0.4404
CLUBS FIVE DIAMONDS NINE,0.5864,0.0174,0.3962
DIAMONDS NINE CLUBS TWO,0.6444,0.0148,0.3408
CLUBS THREE DIAMONDS NINE,0.6344,0.0146,0.351
DIAMONDS NINE HEARTS EIGHT,0.553,0.013,0.434
DIAMONDS NINE HEARTS NINE,0.3076,0.0188,0.6736
HEARTS SIX DIAMONDS NINE,0.5742,0.011,0.4148
HEARTS SEVEN DIAMONDS NINE,0.56,0.0098,0.4302
CLUBS EIGHT CLUBS NINE,0.5216,0.0108,0.4676
DIAMONDS ACE DIAMONDS NINE,0.3426,0.006,0.6514
HEARTS FOUR DIAMONDS NINE,0.724,0.0444,0.2316
HEARTS FIVE DIAMONDS NINE,0.59,0.015,0.395
HEARTS ACE CLUBS TWO,0.387,0.0042,0.6088
HEARTS TWO DIAMONDS NINE,0.628,0.0138,0.3582
CLUBS TWO HEARTS KING,0.3964,0.0076,0.596
DIAMONDS KING DIAMONDS NINE,0.3394,0.0074,0.6532
HEARTS THREE DIAMONDS NINE,0.6292,0.0154,0.3554
CLUBS TWO HEARTS QUEEN,0.2752,0.5124,0.2124
DIAMONDS NINE DIAMONDS JACK,0.5188,0.0108,0.4704
CLUBS EIGHT SPADES NINE,0.5374,0.012,0.4506
DIAMONDS NINE DIAMONDS TEN,0.5372,0.0114,0.4514
CLUBS EIGHT SPADES EIGHT,0.3048,0.019,0.6762
CLUBS EIGHT SPADES SEVEN,0.562,0.0098,0.4282
CLUBS EIGHT SPADES SIX,0.563,0.0136,0.4234
CLUBS EIGHT SPADES FIVE,0.573,0.012,0.415
CLUBS EIGHT SPADES FOUR,0.6976,0.041,0.2614
CLUBS EIGHT SPADES THREE,0.617,0.0142,0.3688
CLUBS EIGHT SPADES TWO,0.627,0.0116,0.3614
HEARTS SIX DIAMONDS TEN,0.5944,0.0122,0.3934
HEARTS SEVEN DIAMONDS TEN,0.5866,0.0096,0.4038
DIAMONDS TEN HEARTS EIGHT,0.556,0.0128,0.4312
DIAMONDS TEN HEARTS NINE,0.5492,0.01,0.4408
CLUBS TWO DIAMONDS TEN,0.6294,0.0148,0.3558
CLUBS THREE DIAMONDS TEN,0.6356,0.0124,0.352
DIAMONDS JACK DIAMONDS TEN,0.512,0.0076,0.4804
HEARTS TWO DIAMONDS TEN,0.6214,0.0142,0.3644
DIAMONDS KING DIAMONDS TEN,0.3114,0.0066,0.682
HEARTS THREE DIAMONDS TEN,0.628,0.0124,0.3596
DIAMONDS ACE DIAMONDS TEN,0.3184,0.004,0.6776
HEARTS FOUR DIAMONDS TEN,0.7148,0.044,0.2412
CLUBS EIGHT HEARTS JACK,0.5838,0.0138,0.4024
HEARTS FIVE DIAMONDS TEN,0.5992,0.0134,0.3874
CLUBS EIGHT HEARTS TEN,0.556,0.0124,0.4316
CLUBS EIGHT HEARTS QUEEN,0.2096,0.2268,0.5636
CLUBS EIGHT HEARTS KING,0.367,0.0078,0.6252
CLUBS EIGHT HEARTS ACE,0.3484,0.0044,0.6472
CLUBS NINE SPADES THREE,0.6332,0.0142,0.3526
CLUBS NINE SPADES TWO,0.6306,0.013,0.3564
CLUBS NINE SPADES FIVE,0.589,0.0138,0.3972
CLUBS NINE SPADES FOUR,0.7096,0.0402,0.2502
CLUBS NINE SPADES SEVEN,0.5594,0.011,0.4296
CLUBS NINE SPADES SIX,0.5564,0.011,0.4326
CLUBS NINE SPADES NINE,0.2988,0.0186,0.6826
CLUBS TEN HEARTS EIGHT,0.5542,0.011,0.4348
CLUBS NINE SPADES EIGHT,0.535,0.009,0.456
CLUBS JACK HEARTS EIGHT,0.5514,0.0116,0.437
HEARTS EIGHT CLUBS QUEEN,0.22,0.2324,0.5476
CLUBS KING HEARTS EIGHT,0.3542,0.007,0.6388
CLUBS ACE HEARTS EIGHT,0.3504,0.003,0.6466
SPADES KING CLUBS KING,0.133,0.0052,0.8618
SPADES QUEEN CLUBS KING,0.2346,0.0308,0.7346
SPADES ACE CLUBS KING,0.3054,0.0046,0.69
DIAMONDS ACE HEARTS TEN,0.3454,0.0046,0.65
HEARTS FOUR HEARTS TEN,0.6772,0.0404,0.2824
DIAMONDS ACE HEARTS JACK,0.3448,0.0044,0.6508
HEARTS FOUR HEARTS JACK,0.677,0.046,0.277
SPADES KING CLUBS FIVE,0.3386,0.009,0.6524
SPADES QUEEN CLUBS FIVE,0.2184,0.4686,0.313
SPADES ACE CLUBS FIVE,0.3432,0.0062,0.6506
HEARTS SEVEN DIAMONDS JACK,0.576,0.009,0.415
HEARTS SIX DIAMONDS JACK,0.6094,0.0116,0.379
DIAMONDS JACK HEARTS NINE,0.5574,0.0114,0.4312
DIAMONDS JACK HEARTS EIGHT,0.5734,0.0106,0.416
DIAMONDS KING DIAMONDS JACK,0.327,0.006,0.667
HEARTS THREE DIAMONDS JACK,0.6338,0.0116,0.3546
SPADES ACE SPADES SIX,0.3256,0.0064,0.668
HEARTS ACE SPADES FOUR,0.2336,0.0272,0.7392
HEARTS TWO DIAMONDS JACK,0.6336,0.0126,0.3538
HEARTS FIVE DIAMONDS JACK,0.5996,0.0114,0.389
SPADES QUEEN SPADES SIX,0.2188,0.3576,0.4236
SPADES FOUR HEARTS QUEEN,0.0248,0.9534,0.0218
DIAMONDS ACE DIAMONDS JACK,0.338,0.0036,0.6584
HEARTS FOUR DIAMONDS JACK,0.7192,0.0474,0.2334
SPADES KING SPADES SIX,0.34,0.0088,0.6512
SPADES FOUR HEARTS KING,0.2294,0.0372,0.7334
SPADES TEN SPADES SIX,0.544,0.0098,0.4462
SPADES JACK SPADES SIX,0.56,0.011,0.429
SPADES FOUR DIAMONDS JACK,0.719,0.0474,0.2336
SPADES FIVE DIAMONDS JACK,0.5952,0.0126,0.3922
DIAMONDS JACK SPADES TWO,0.6294,0.0124,0.3582
DIAMONDS JACK SPADES THREE,0.6292,0.0148,0.356
SPADES ACE DIAMONDS THREE,0.3732,0.0044,0.6224
CLUBS EIGHT DIAMONDS JACK,0.5752,0.012,0.4128
SPADES QUEEN DIAMONDS THREE,0.275,0.5168,0.2082
SPADES KING DIAMONDS THREE,0.3926,0.0078,0.5996
CLUBS NINE DIAMONDS JACK,0.5534,0.0134,0.4332
CLUBS SIX DIAMONDS JACK,0.6014,0.0084,0.3902
CLUBS SEVEN DIAMONDS JACK,0.574,0.014,0.412
CLUBS FIVE DIAMONDS JACK,0.6078,0.0118,0.3804
CLUBS TWO DIAMONDS JACK,0.6316,0.0156,0.3528
CLUBS THREE DIAMONDS JACK,0.635,0.0124,0.3526
SPADES TEN CLUBS FIVE,0.5972,0.0116,0.3912
SPADES JACK HEARTS SIX,0.5972,0.0066,0.3962
HEARTS SIX SPADES TEN,0.5784,0.0112,0.4104
SPADES JACK CLUBS FIVE,0.6032,0.0102,0.3866
SPADES JACK DIAMONDS THREE,0.6286,0.0112,0.3602
CLUBS SEVEN CLUBS ACE,0.3474,0.006,0.6466
DIAMONDS THREE SPADES TEN,0.627,0.012,0.361
CLUBS SEVEN CLUBS QUEEN,0.2282,0.2892,0.4826
CLUBS SEVEN CLUBS KING,0.3614,0.0076,0.631
SPADES NINE DIAMONDS JACK,0.5448,0.0118,0.4434
CLUBS TEN CLUBS SEVEN,0.5532,0.011,0.4358
DIAMONDS ACE HEARTS ACE,0.1156,0.0042,0.8802
HEARTS FOUR HEARTS ACE,0.2258,0.0266,0.7476
SPADES EIGHT DIAMONDS JACK,0.5618,0.01,0.4282
SPADES ACE HEARTS SIX,0.3664,0.0038,0.6298
CLUBS JACK CLUBS SEVEN,0.5488,0.0106,0.4406
DIAMONDS ACE HEARTS KING,0.3124,0.0074,0.6802
HEARTS FOUR HEARTS KING,0.2278,0.0364,0.7358
SPADES SEVEN DIAMONDS JACK,0.5922,0.009,0.3988
SPADES KING HEARTS SIX,0.3692,0.0068,0.624
DIAMONDS ACE HEARTS QUEEN,0.2226,0.0172,0.7602
HEARTS FOUR HEARTS QUEEN,0.0186,0.9098,0.0716
SPADES QUEEN HEARTS SIX,0.2264,0.3794,0.3942
SPADES SIX DIAMONDS JACK,0.6052,0.0106,0.3842
DIAMONDS TEN SPADES TWO,0.6422,0.0152,0.3426
SPADES THREE DIAMONDS TEN,0.6366,0.014,0.3494
SPADES FOUR DIAMONDS TEN,0.7228,0.0428,0.2344
SPADES FIVE DIAMONDS TEN,0.6012,0.0106,0.3882
SPADES SIX DIAMONDS TEN,0.5948,0.0122,0.393
SPADES SEVEN DIAMONDS TEN,0.579,0.0092,0.4118
SPADES EIGHT DIAMONDS TEN,0.5638,0.009,0.4272
SPADES NINE DIAMONDS TEN,0.5448,0.0088,0.4464
CLUBS FIVE DIAMONDS TEN,0.6052,0.0122,0.3826
CLUBS SIX DIAMONDS TEN,0.5918,0.0114,0.3968
CLUBS SEVEN DIAMONDS TEN,0.571,0.0136,0.4154
CLUBS EIGHT DIAMONDS TEN,0.5494,0.0118,0.4388
CLUBS NINE DIAMONDS TEN,0.5426,0.0126,0.4448
CLUBS JACK DIAMONDS THREE,0.6442,0.0102,0.3456
CLUBS TEN DIAMONDS THREE,0.6226,0.0128,0.3646
DIAMONDS THREE CLUBS KING,0.3924,0.0082,0.5994
DIAMONDS THREE CLUBS QUEEN,0.2592,0.53,0.2108
DIAMONDS THREE CLUBS ACE,0.3848,0.0058,0.6094
SPADES FOUR HEARTS JACK,0.7162,0.0478,0.236
SPADES FOUR HEARTS TEN,0.7098,0.0506,0.2396
SPADES FIVE SPADES TWO,0.5688,0.0128,0.4184
SPADES FOUR SPADES TWO,0.6516,0.0478,0.3006
SPADES THREE SPADES TWO,0.5946,0.0126,0.3928
SPADES NINE SPADES TWO,0.5866,0.0092,0.4042
SPADES EIGHT SPADES TWO,0.5914,0.0166,0.392
SPADES SEVEN SPADES TWO,0.596,0.0122,0.3918
SPADES SIX SPADES TWO,0.5788,0.0134,0.4078
CLUBS THREE HEARTS TWO,0.6396,0.018,0.3424
HEARTS TWO CLUBS TWO,0.4238,0.035,0.5412
HEARTS SEVEN HEARTS TWO,0.598,0.0104,0.3916
HEARTS SIX HEARTS TWO,0.5818,0.0118,0.4064
HEARTS TWO HEARTS NINE,0.584,0.0118,0.4042
HEARTS TWO HEARTS EIGHT,0.5838,0.0116,0.4046
CLUBS NINE HEARTS TWO,0.6302,0.0114,0.3584
CLUBS EIGHT HEARTS TWO,0.6382,0.0118,0.35
CLUBS FIVE HEARTS TWO,0.605,0.0132,0.3818
SPADES EIGHT HEARTS ACE,0.3538,0.0036,0.6426
CLUBS SEVEN HEARTS TWO,0.6416,0.014,0.3444
SPADES EIGHT HEARTS QUEEN,0.2322,0.2114,0.5564
CLUBS SIX HEARTS TWO,0.6252,0.015,0.3598
SPADES EIGHT HEARTS KING,0.3696,0.0068,0.6236
HEARTS TWO SPADES SIX,0.6206,0.0112,0.3682
HEARTS FOUR CLUBS QUEEN,0.0138,0.9686,0.0176
DIAMONDS ACE CLUBS QUEEN,0.2064,0.0176,0.776
SPADES SEVEN HEARTS TWO,0.6378,0.014,0.3482
HEARTS FOUR CLUBS KING,0.2402,0.033,0.7268
DIAMONDS ACE CLUBS KING,0.3106,0.0056,0.6838
SPADES EIGHT HEARTS TWO,0.6234,0.0134,0.3632
HEARTS FOUR CLUBS ACE,0.2322,0.0232,0.7446
DIAMONDS ACE CLUBS ACE,0.1084,0.0054,0.8862
SPADES NINE HEARTS TWO,0.6294,0.0114,0.3592
HEARTS TWO SPADES TWO,0.4284,0.0354,0.5362
HEARTS TWO SPADES THREE,0.647,0.0184,0.3346
HEARTS TWO SPADES FOUR,0.6956,0.0494,0.255
CLUBS TEN HEARTS FOUR,0.7036,0.0488,0.2476
CLUBS TEN DIAMONDS ACE,0.352,0.0046,0.6434
HEARTS TWO SPADES FIVE,0.6034,0.0132,0.3834
CLUBS JACK HEARTS FOUR,0.7186,0.0486,0.2328
CLUBS JACK DIAMONDS ACE,0.3362,0.0036,0.6602
CLUBS FIVE CLUBS KING,0.3488,0.0084,0.6428
CLUBS FIVE CLUBS QUEEN,0.2082,0.4438,0.348
CLUBS FIVE CLUBS ACE,0.336,0.0074,0.6566
CLUBS JACK CLUBS FIVE,0.5692,0.0134,0.4174
CLUBS TEN CLUBS FIVE,0.5746,0.0136,0.4118
SPADES KING CLUBS JACK,0.334,0.0054,0.6606
CLUBS JACK SPADES QUEEN,0.2248,0.0864,0.6888
SPADES ACE CLUBS JACK,0.3468,0.0048,0.6484
SPADES SIX CLUBS KING,0.363,0.0076,0.6294
SPADES SIX CLUBS QUEEN,0.219,0.3748,0.4062
SPADES EIGHT HEARTS JACK,0.5622,0.009,0.4288
SPADES SIX CLUBS ACE,0.358,0.0036,0.6384
SPADES EIGHT HEARTS TEN,0.5558,0.0092,0.435
CLUBS JACK SPADES SIX,0.5924,0.012,0.3956
CLUBS TEN SPADES SIX,0.5778,0.0128,0.4094
CLUBS JACK SPADES TEN,0.5498,0.0098,0.4404
CLUBS JACK SPADES JACK,0.278,0.0108,0.7112
SPADES QUEEN CLUBS SEVEN,0.2326,0.3116,0.4558
SPADES KING CLUBS SEVEN,0.3632,0.0062,0.6306
SPADES ACE CLUBS SEVEN,0.3532,0.004,0.6428
SPADES SIX HEARTS TEN,0.5768,0.0126,0.4106
SPADES SIX HEARTS JACK,0.5968,0.011,0.3922
SPADES SIX HEARTS ACE,0.3614,0.004,0.6346
SPADES SIX HEARTS KING,0.3562,0.0078,0.636
SPADES SIX HEARTS QUEEN,0.2298,0.3808,0.3894
SPADES JACK CLUBS SEVEN,0.5876,0.0122,0.4002
SPADES TEN CLUBS SEVEN,0.5744,0.0102,0.4154
CLUBS TEN HEARTS SIX,0.5806,0.0104,0.409
CLUBS JACK HEARTS SIX,0.577,0.0102,0.4128
CLUBS JACK CLUBS ACE,0.3146,0.0064,0.679
HEARTS SIX CLUBS QUEEN,0.2224,0.39,0.3876
HEARTS SIX CLUBS KING,0.3596,0.0086,0.6318
HEARTS SIX CLUBS ACE,0.3644,0.0038,0.6318
CLUBS JACK CLUBS QUEEN,0.2176,0.0974,0.685
CLUBS JACK CLUBS KING,0.3146,0.0072,0.6782
DIAMONDS THREE HEARTS ACE,0.3814,0.0026,0.616
DIAMONDS THREE HEARTS QUEEN,0.2678,0.528,0.2042
DIAMONDS THREE HEARTS KING,0.3956,0.0082,0.5962
CLUBS FIVE HEARTS JACK,0.595,0.0094,0.3956
SPADES TEN DIAMONDS ACE,0.3384,0.0052,0.6564
HEARTS FOUR SPADES TEN,0.7084,0.0472,0.2444
CLUBS FIVE HEARTS TEN,0.5952,0.0114,0.3934
HEARTS FOUR SPADES JACK,0.7234,0.0448,0.2318
SPADES JACK DIAMONDS ACE,0.3454,0.0048,0.6498
SPADES ACE HEARTS FOUR,0.238,0.0238,0.7382
SPADES ACE DIAMONDS ACE,0.1168,0.0042,0.879
CLUBS FIVE HEARTS ACE,0.3434,0.0042,0.6524
CLUBS FIVE HEARTS KING,0.3524,0.0076,0.64
HEARTS FOUR SPADES QUEEN,0.0214,0.9578,0.0208
SPADES QUEEN DIAMONDS ACE,0.2254,0.015,0.7596
CLUBS JACK SPADES FOUR,0.7174,0.046,0.2366
CLUBS FIVE HEARTS QUEEN,0.2132,0.4652,0.3216
SPADES KING DIAMONDS ACE,0.3234,0.0068,0.6698
SPADES KING HEARTS FOUR,0.2458,0.031,0.7232
CLUBS TEN SPADES FOUR,0.7202,0.0494,0.2304
DIAMONDS ACE HEARTS TWO,0.3748,0.0058,0.6194
HEARTS FOUR HEARTS TWO,0.6492,0.0464,0.3044
DIAMONDS THREE HEARTS TEN,0.6316,0.0144,0.354
SPADES FOUR CLUBS KING,0.2262,0.0394,0.7344
HEARTS FIVE HEARTS TWO,0.5784,0.0142,0.4074
DIAMONDS THREE HEARTS JACK,0.634,0.0128,0.3532
SPADES FOUR CLUBS QUEEN,0.012,0.9676,0.0204
DIAMONDS KING HEARTS TWO,0.3858,0.0082,0.606
HEARTS THREE HEARTS TWO,0.593,0.0146,0.3924
SPADES FOUR CLUBS ACE,0.2298,0.0282,0.742
HEARTS TWO CLUBS ACE,0.3762,0.0048,0.619
HEARTS TWO CLUBS QUEEN,0.2594,0.5144,0.2262
HEARTS TWO CLUBS KING,0.3818,0.0086,0.6096
SPADES EIGHT SPADES FIVE,0.5292,0.0138,0.457
CLUBS TEN HEARTS TWO,0.628,0.0162,0.3558
SPADES NINE SPADES FIVE,0.5466,0.0136,0.4398
CLUBS JACK HEARTS TWO,0.6204,0.0136,0.366
SPADES SIX SPADES FIVE,0.5344,0.0114,0.4542
SPADES SEVEN SPADES FIVE,0.5354,0.0122,0.4524
DIAMONDS FIVE CLUBS QUEEN,0.2184,0.4744,0.3072
SPADES EIGHT CLUBS ACE,0.359,0.005,0.636
DIAMONDS FIVE CLUBS KING,0.3494,0.0072,0.6434
SPADES EIGHT CLUBS KING,0.3602,0.009,0.6308
DIAMONDS FIVE CLUBS ACE,0.346,0.0038,0.6502
SPADES EIGHT CLUBS QUEEN,0.2264,0.2318,0.5418
CLUBS JACK SPADES EIGHT,0.5742,0.0104,0.4154
CLUBS TEN SPADES EIGHT,0.5556,0.0122,0.4322
CLUBS TEN DIAMONDS FIVE,0.5936,0.0124,0.394
CLUBS JACK DIAMONDS FIVE,0.6036,0.0116,0.3848
DIAMONDS TEN HEARTS JACK,0.548,0.0092,0.4428
DIAMONDS TEN HEARTS TEN,0.2832,0.017,0.6998
SPADES ACE CLUBS NINE,0.351,0.0042,0.6448
SPADES QUEEN CLUBS NINE,0.2282,0.1644,0.6074
SPADES KING CLUBS NINE,0.3548,0.0074,0.6378
HEARTS SIX HEARTS KING,0.3386,0.0078,0.6536
DIAMONDS KING SPADES SEVEN,0.3724,0.0068,0.6208
HEARTS THREE SPADES SEVEN,0.6178,0.0144,0.3678
SPADES KING DIAMONDS SEVEN,0.368,0.0096,0.6224
HEARTS SIX HEARTS QUEEN,0.2042,0.3652,0.4306
SPADES QUEEN DIAMONDS SEVEN,0.2262,0.3114,0.4624
HEARTS THREE SPADES SIX,0.6056,0.011,0.3834
DIAMONDS KING SPADES SIX,0.3362,0.0082,0.6556
SPADES NINE DIAMONDS KING,0.3412,0.0066,0.6522
SPADES NINE HEARTS THREE,0.624,0.0106,0.3654
HEARTS SIX HEARTS ACE,0.3418,0.0034,0.6548
DIAMONDS KING SPADES EIGHT,0.3696,0.0068,0.6236
SPADES EIGHT HEARTS THREE,0.6416,0.0174,0.341
SPADES ACE DIAMONDS SEVEN,0.3524,0.0056,0.642
CLUBS NINE HEARTS THREE,0.6258,0.0118,0.3624
CLUBS NINE DIAMONDS KING,0.3496,0.0058,0.6446
CLUBS EIGHT DIAMONDS KING,0.3542,0.0074,0.6384
CLUBS EIGHT HEARTS THREE,0.622,0.0148,0.3632
HEARTS THREE SPADES THREE,0.4224,0.0262,0.5514
DIAMONDS KING SPADES THREE,0.3772,0.0086,0.6142
HEARTS THREE SPADES TWO,0.6288,0.0156,0.3556
DIAMONDS KING SPADES TWO,0.3904,0.0076,0.602
HEARTS THREE SPADES FIVE,0.5958,0.0152,0.389
DIAMONDS KING SPADES FIVE,0.3442,0.008,0.6478
HEARTS THREE SPADES FOUR,0.6862,0.0414,0.2724
DIAMONDS KING SPADES FOUR,0.2306,0.0336,0.7358
DIAMONDS KING CLUBS TWO,0.4008,0.0094,0.5898
HEARTS THREE CLUBS TWO,0.6542,0.0164,0.3294
DIAMONDS KING CLUBS THREE,0.3818,0.0072,0.611
CLUBS THREE HEARTS THREE,0.4202,0.0398,0.54
DIAMONDS KING CLUBS FIVE,0.3534,0.0096,0.637
HEARTS THREE CLUBS FIVE,0.5964,0.0124,0.3912
