opposingHand,winningChance,drawChance,lostChance
CLUBS JACK DIAMONDS TEN
HEARTS FIVE SPADES TEN,0.7186,0.0536,0.2278
HEARTS FIVE SPADES JACK,0.6506,0.1196,0.2298
CLUBS TEN SPADES FIVE,0.7178,0.0584,0.2238
CLUBS TEN CLUBS EIGHT,0.674,0.0578,0.2682
CLUBS EIGHT CLUBS KING,0.4014,0.009,0.5896
SPADES FIVE CLUBS ACE,0.4436,0.004,0.5524
CLUBS EIGHT CLUBS QUEEN,0.4042,0.0116,0.5842
SPADES FIVE CLUBS KING,0.4492,0.0072,0.5436
SPADES FIVE CLUBS QUEEN,0.4576,0.0094,0.533
CLUBS EIGHT CLUBS ACE,0.421,0.0032,0.5758
DIAMONDS TWO DIAMONDS THREE,0.6268,0.0168,0.3564
DIAMONDS TWO DIAMONDS FIVE,0.6168,0.0136,0.3696
HEARTS FIVE SPADES KING,0.4586,0.0062,0.5352
DIAMONDS TWO DIAMONDS FOUR,0.6166,0.016,0.3674
HEARTS FIVE SPADES QUEEN,0.4434,0.0094,0.5472
DIAMONDS TWO DIAMONDS SEVEN,0.643,0.016,0.341
DIAMONDS TWO DIAMONDS SIX,0.6312,0.0132,0.3556
SPADES ACE HEARTS FIVE,0.4466,0.0026,0.5508
DIAMONDS TWO DIAMONDS NINE,0.6624,0.0112,0.3264
DIAMONDS TWO DIAMONDS EIGHT,0.6548,0.0116,0.3336
DIAMONDS THREE DIAMONDS FOUR,0.612,0.0154,0.3726
CLUBS TWO SPADES FOUR,0.6506,0.0148,0.3346
DIAMONDS THREE DIAMONDS FIVE,0.6176,0.012,0.3704
SPADES FIVE CLUBS TWO,0.6476,0.0196,0.3328
CLUBS TWO SPADES TWO,0.4842,0.0304,0.4854
CLUBS TWO SPADES THREE,0.6592,0.0186,0.3222
DIAMONDS THREE DIAMONDS EIGHT,0.6404,0.015,0.3446
SPADES EIGHT CLUBS TWO,0.6898,0.0166,0.2936
DIAMONDS THREE DIAMONDS NINE,0.6596,0.0146,0.3258
SPADES NINE CLUBS TWO,0.688,0.0132,0.2988
DIAMONDS THREE DIAMONDS SIX,0.6324,0.0156,0.352
SPADES SIX CLUBS TWO,0.67,0.013,0.317
DIAMONDS THREE DIAMONDS SEVEN,0.6366,0.0128,0.3506
SPADES SEVEN CLUBS TWO,0.689,0.0122,0.2988
CLUBS SIX CLUBS TWO,0.6492,0.0132,0.3376
CLUBS SEVEN CLUBS TWO,0.653,0.0156,0.3314
CLUBS FOUR CLUBS TWO,0.6286,0.0164,0.355
CLUBS FIVE CLUBS TWO,0.6266,0.0146,0.3588
DIAMONDS FOUR DIAMONDS SIX,0.6242,0.016,0.3598
CLUBS TEN CLUBS QUEEN,0.2364,0.0362,0.7274
DIAMONDS FOUR DIAMONDS SEVEN,0.6254,0.014,0.3606
CLUBS TEN CLUBS KING,0.2702,0.024,0.7058
CLUBS TEN CLUBS ACE,0.283,0.0188,0.6982
CLUBS EIGHT CLUBS TWO,0.6604,0.0146,0.325
DIAMONDS FIVE DIAMONDS FOUR,0.5966,0.0164,0.387
CLUBS NINE CLUBS TWO,0.6604,0.0132,0.3264
DIAMONDS NINE DIAMONDS FOUR,0.654,0.0162,0.3298
DIAMONDS EIGHT DIAMONDS FOUR,0.635,0.0178,0.3472
CLUBS THREE CLUBS TWO,0.627,0.0168,0.3562
DIAMONDS NINE DIAMONDS FIVE,0.6408,0.0128,0.3464
DIAMONDS EIGHT DIAMONDS FIVE,0.6242,0.0174,0.3584
CLUBS TEN DIAMONDS TWO,0.7382,0.0522,0.2096
DIAMONDS FIVE DIAMONDS SEVEN,0.6094,0.0142,0.3764
DIAMONDS FIVE DIAMONDS SIX,0.603,0.0168,0.3802
DIAMONDS TWO CLUBS ACE,0.453,0.0062,0.5408
DIAMONDS TWO CLUBS KING,0.4352,0.009,0.5558
DIAMONDS TWO CLUBS QUEEN,0.4494,0.0102,0.5404
DIAMONDS EIGHT DIAMONDS SIX,0.629,0.0162,0.3548
DIAMONDS NINE DIAMONDS SIX,0.6244,0.0114,0.3642
HEARTS ACE SPADES THREE,0.4464,0.0028,0.5508
SPADES THREE HEARTS KING,0.4656,0.0074,0.527
DIAMONDS SEVEN DIAMONDS SIX,0.607,0.0156,0.3774
HEARTS QUEEN SPADES THREE,0.4474,0.01,0.5426
SPADES THREE HEARTS JACK,0.653,0.1288,0.2182
SPADES THREE HEARTS TEN,0.714,0.058,0.228
DIAMONDS EIGHT DIAMONDS SEVEN,0.601,0.0156,0.3834
DIAMONDS NINE DIAMONDS SEVEN,0.6192,0.0156,0.3652
DIAMONDS NINE DIAMONDS EIGHT,0.605,0.0136,0.3814
DIAMONDS KING HEARTS TEN,0.2746,0.025,0.7004
HEARTS THREE HEARTS TEN,0.6726,0.058,0.2694
SPADES JACK CLUBS SIX,0.6624,0.1202,0.2174
DIAMONDS KING HEARTS JACK,0.2682,0.025,0.7068
HEARTS THREE HEARTS JACK,0.6108,0.1174,0.2718
SPADES TEN CLUBS SIX,0.7292,0.0522,0.2186
SPADES JACK SPADES FIVE,0.5932,0.125,0.2818
SPADES TEN SPADES FIVE,0.6798,0.053,0.2672
DIAMONDS KING HEARTS ACE,0.3586,0.005,0.6364
HEARTS THREE HEARTS ACE,0.4232,0.0052,0.5716
SPADES ACE CLUBS SIX,0.4532,0.0028,0.544
DIAMONDS KING HEARTS QUEEN,0.3566,0.0078,0.6356
HEARTS THREE HEARTS QUEEN,0.4198,0.0088,0.5714
SPADES KING CLUBS SIX,0.445,0.0056,0.5494
DIAMONDS KING HEARTS KING,0.1654,0.0084,0.8262
HEARTS THREE HEARTS KING,0.4268,0.0054,0.5678
SPADES QUEEN CLUBS SIX,0.4644,0.0086,0.527
SPADES NINE HEARTS TEN,0.7024,0.0492,0.2484
SPADES NINE HEARTS JACK,0.6512,0.122,0.2268
SPADES QUEEN SPADES FIVE,0.4272,0.0104,0.5624
SPADES KING SPADES FIVE,0.4316,0.0062,0.5622
SPADES ACE SPADES FIVE,0.4032,0.0046,0.5922
SPADES NINE HEARTS QUEEN,0.4188,0.0076,0.5736
SPADES NINE HEARTS KING,0.4272,0.0044,0.5684
SPADES NINE HEARTS ACE,0.4328,0.0028,0.5644
CLUBS TEN SPADES JACK,0.0178,0.9706,0.0116
CLUBS TEN SPADES TEN,0.33,0.0336,0.6364
SPADES ACE CLUBS TEN,0.2858,0.0196,0.6946
SPADES KING CLUBS TEN,0.2734,0.0258,0.7008
CLUBS TEN SPADES QUEEN,0.2568,0.0396,0.7036
SPADES FIVE HEARTS QUEEN,0.4544,0.0102,0.5354
SPADES FIVE HEARTS KING,0.4502,0.0036,0.5462
HEARTS ACE SPADES FIVE,0.4432,0.0024,0.5544
CLUBS EIGHT SPADES TEN,0.6978,0.0554,0.2468
SPADES JACK HEARTS THREE,0.6534,0.121,0.2256
SPADES JACK DIAMONDS KING,0.2612,0.0284,0.7104
SPADES TEN DIAMONDS KING,0.2558,0.028,0.7162
SPADES TEN HEARTS THREE,0.7148,0.0574,0.2278
SPADES JACK CLUBS EIGHT,0.6584,0.1188,0.2228
CLUBS SIX HEARTS ACE,0.4568,0.0038,0.5394
SPADES ACE CLUBS EIGHT,0.435,0.004,0.561
HEARTS FIVE CLUBS TEN,0.721,0.0588,0.2202
CLUBS SIX HEARTS QUEEN,0.4494,0.01,0.5406
SPADES QUEEN CLUBS EIGHT,0.4398,0.0094,0.5508
CLUBS TEN SPADES THREE,0.7188,0.0562,0.225
CLUBS SIX HEARTS KING,0.4596,0.0062,0.5342
SPADES KING CLUBS EIGHT,0.4596,0.0056,0.5348
DIAMONDS TWO HEARTS JACK,0.657,0.1212,0.2218
SPADES THREE CLUBS QUEEN,0.4508,0.0088,0.5404
DIAMONDS TWO HEARTS TEN,0.7316,0.0602,0.2082
SPADES THREE CLUBS KING,0.445,0.0086,0.5464
HEARTS FIVE CLUBS ACE,0.438,0.0048,0.5572
SPADES FIVE HEARTS TEN,0.7068,0.057,0.2362
SPADES THREE CLUBS ACE,0.4302,0.004,0.5658
HEARTS FIVE CLUBS KING,0.4396,0.0076,0.5528
SPADES FIVE HEARTS JACK,0.647,0.1268,0.2262
HEARTS FIVE CLUBS QUEEN,0.4454,0.0092,0.5454
HEARTS THREE CLUBS KING,0.4466,0.004,0.5494
DIAMONDS KING CLUBS KING,0.1602,0.0094,0.8304
HEARTS THREE CLUBS QUEEN,0.445,0.0106,0.5444
DIAMONDS KING CLUBS QUEEN,0.3436,0.0068,0.6496
HEARTS FIVE HEARTS JACK,0.6032,0.122,0.2748
HEARTS FIVE HEARTS TEN,0.6666,0.054,0.2794
HEARTS THREE CLUBS ACE,0.4388,0.0046,0.5566
DIAMONDS KING CLUBS ACE,0.3756,0.0056,0.6188
SPADES ACE CLUBS QUEEN,0.372,0.0032,0.6248
SPADES KING CLUBS QUEEN,0.34,0.0082,0.6518
SPADES QUEEN CLUBS QUEEN,0.1598,0.0112,0.829
CLUBS TEN HEARTS THREE,0.723,0.0536,0.2234
CLUBS TEN DIAMONDS KING,0.2752,0.0284,0.6964
SPADES JACK CLUBS QUEEN,0.2504,0.0394,0.7102
CLUBS SIX CLUBS QUEEN,0.4404,0.0088,0.5508
SPADES TEN CLUBS QUEEN,0.2408,0.036,0.7232
CLUBS SIX CLUBS KING,0.4368,0.0074,0.5558
CLUBS SIX CLUBS ACE,0.44,0.0044,0.5556
HEARTS FIVE HEARTS KING,0.4276,0.0066,0.5658
HEARTS FIVE HEARTS QUEEN,0.4266,0.0074,0.566
CLUBS TEN CLUBS SIX,0.6892,0.0568,0.254
HEARTS FIVE HEARTS ACE,0.414,0.0052,0.5808
SPADES SEVEN HEARTS JACK,0.658,0.1186,0.2234
SPADES SEVEN HEARTS TEN,0.6956,0.054,0.2504
DIAMONDS TWO CLUBS TWO,0.4782,0.0292,0.4926
DIAMONDS TWO CLUBS THREE,0.6594,0.0144,0.3262
DIAMONDS TWO HEARTS SIX,0.6854,0.015,0.2996
DIAMONDS TWO HEARTS QUEEN,0.4488,0.0068,0.5444
HEARTS SEVEN DIAMONDS TWO,0.6684,0.0148,0.3168
DIAMONDS TWO HEARTS KING,0.4548,0.0044,0.5408
DIAMONDS TWO HEARTS EIGHT,0.6894,0.0144,0.2962
DIAMONDS TWO HEARTS ACE,0.4584,0.0068,0.5348
DIAMONDS TWO HEARTS NINE,0.6984,0.016,0.2856
DIAMONDS TWO DIAMONDS QUEEN,0.4418,0.0092,0.549
DIAMONDS TWO HEARTS TWO,0.4896,0.0302,0.4802
DIAMONDS TWO DIAMONDS KING,0.427,0.0088,0.5642
DIAMONDS TWO HEARTS THREE,0.6556,0.0154,0.329
DIAMONDS TWO DIAMONDS ACE,0.4228,0.007,0.5702
HEARTS FOUR DIAMONDS TWO,0.6508,0.0178,0.3314
HEARTS FIVE DIAMONDS TWO,0.6486,0.015,0.3364
SPADES SEVEN HEARTS ACE,0.4518,0.0018,0.5464
SPADES SEVEN HEARTS KING,0.4486,0.0046,0.5468
DIAMONDS TWO DIAMONDS JACK,0.6182,0.1196,0.2622
SPADES SEVEN HEARTS QUEEN,0.436,0.009,0.555
DIAMONDS TWO SPADES NINE,0.693,0.0128,0.2942
DIAMONDS TWO SPADES EIGHT,0.675,0.0186,0.3064
DIAMONDS TWO SPADES SEVEN,0.6812,0.015,0.3038
DIAMONDS TWO SPADES SIX,0.6686,0.0162,0.3152
DIAMONDS TWO SPADES FIVE,0.6564,0.0148,0.3288
DIAMONDS TWO SPADES FOUR,0.6596,0.0148,0.3256
DIAMONDS TWO SPADES THREE,0.6588,0.0132,0.328
DIAMONDS TWO SPADES TWO,0.4854,0.0262,0.4884
CLUBS NINE DIAMONDS TWO,0.6876,0.014,0.2984
DIAMONDS TWO CLUBS EIGHT,0.6834,0.0112,0.3054
CLUBS SEVEN DIAMONDS TWO,0.6966,0.0118,0.2916
DIAMONDS TWO CLUBS SIX,0.6742,0.0174,0.3084
DIAMONDS TWO CLUBS FIVE,0.6562,0.0202,0.3236
DIAMONDS TWO CLUBS FOUR,0.6556,0.0186,0.3258
CLUBS FOUR SPADES FIVE,0.6278,0.0148,0.3574
CLUBS FOUR SPADES FOUR,0.4852,0.024,0.4908
CLUBS FOUR SPADES THREE,0.6356,0.017,0.3474
CLUBS FOUR SPADES TWO,0.651,0.014,0.335
SPADES NINE CLUBS FOUR,0.6872,0.0166,0.2962
SPADES EIGHT CLUBS FOUR,0.683,0.0148,0.3022
SPADES SEVEN CLUBS FOUR,0.653,0.0122,0.3348
CLUBS FOUR SPADES SIX,0.6442,0.0142,0.3416
SPADES ACE DIAMONDS SIX,0.4526,0.0044,0.543
SPADES QUEEN DIAMONDS SIX,0.467,0.0066,0.5264
SPADES KING DIAMONDS SIX,0.4546,0.0064,0.539
SPADES TEN DIAMONDS SIX,0.7244,0.057,0.2186
SPADES JACK DIAMONDS SIX,0.6528,0.1192,0.228
SPADES QUEEN SPADES TWO,0.4254,0.007,0.5676
SPADES KING SPADES TWO,0.4158,0.0072,0.577
SPADES ACE SPADES TWO,0.4032,0.0036,0.5932
CLUBS TEN DIAMONDS JACK,0.0094,0.9858,0.0048
DIAMONDS JACK CLUBS KING,0.2548,0.033,0.7122
DIAMONDS JACK CLUBS QUEEN,0.2382,0.0436,0.7182
DIAMONDS THREE DIAMONDS JACK,0.6254,0.119,0.2556
DIAMONDS JACK CLUBS ACE,0.2596,0.0184,0.722
DIAMONDS THREE DIAMONDS KING,0.4344,0.0068,0.5588
DIAMONDS THREE HEARTS THREE,0.4856,0.028,0.4864
DIAMONDS THREE DIAMONDS QUEEN,0.4198,0.0096,0.5706
DIAMONDS THREE HEARTS TWO,0.6656,0.0146,0.3198
HEARTS FIVE DIAMONDS THREE,0.6384,0.0158,0.3458
DIAMONDS THREE DIAMONDS ACE,0.423,0.0042,0.5728
HEARTS FOUR DIAMONDS THREE,0.6518,0.0126,0.3356
HEARTS SEVEN DIAMONDS THREE,0.6676,0.017,0.3154
SPADES TEN SPADES NINE,0.6706,0.0494,0.28
HEARTS SIX DIAMONDS THREE,0.6604,0.0148,0.3248
SPADES JACK SPADES NINE,0.6028,0.1152,0.282
DIAMONDS THREE HEARTS NINE,0.6968,0.014,0.2892
HEARTS JACK DIAMONDS FOUR,0.6524,0.1178,0.2298
HEARTS ACE HEARTS KING,0.3476,0.0048,0.6476
SPADES TEN SPADES TWO,0.681,0.0502,0.2688
DIAMONDS THREE HEARTS EIGHT,0.6914,0.0134,0.2952
HEARTS TEN DIAMONDS FOUR,0.7282,0.0558,0.216
SPADES JACK SPADES TWO,0.609,0.1194,0.2716
HEARTS QUEEN DIAMONDS FOUR,0.4624,0.0108,0.5268
HEARTS KING DIAMONDS FOUR,0.4438,0.0068,0.5494
SPADES ACE SPADES NINE,0.402,0.0022,0.5958
HEARTS ACE DIAMONDS FOUR,0.464,0.005,0.531
SPADES KING SPADES NINE,0.3932,0.007,0.5998
SPADES QUEEN SPADES NINE,0.3882,0.0068,0.605
DIAMONDS THREE SPADES NINE,0.6976,0.0126,0.2898
DIAMONDS THREE SPADES EIGHT,0.6908,0.013,0.2962
DIAMONDS THREE SPADES SEVEN,0.656,0.0142,0.3298
DIAMONDS THREE SPADES SIX,0.6624,0.0168,0.3208
DIAMONDS THREE CLUBS SIX,0.661,0.0174,0.3216
CLUBS FIVE CLUBS SIX,0.6096,0.0154,0.375
CLUBS ACE DIAMONDS FOUR,0.4272,0.0042,0.5686
CLUBS SEVEN DIAMONDS THREE,0.6746,0.0124,0.313
CLUBS SEVEN CLUBS FIVE,0.6144,0.0142,0.3714
DIAMONDS THREE CLUBS FOUR,0.642,0.0158,0.3422
DIAMONDS FOUR CLUBS QUEEN,0.4624,0.0112,0.5264
DIAMONDS THREE CLUBS FIVE,0.6266,0.0208,0.3526
DIAMONDS FOUR CLUBS KING,0.4486,0.01,0.5414
DIAMONDS THREE CLUBS TWO,0.6658,0.019,0.3152
CLUBS TEN DIAMONDS FOUR,0.7284,0.055,0.2166
DIAMONDS THREE CLUBS THREE,0.4928,0.0298,0.4774
DIAMONDS THREE SPADES FOUR,0.6378,0.0148,0.3474
DIAMONDS THREE SPADES FIVE,0.6424,0.014,0.3436
DIAMONDS THREE SPADES TWO,0.6532,0.019,0.3278
DIAMONDS THREE SPADES THREE,0.4856,0.027,0.4874
CLUBS EIGHT DIAMONDS THREE,0.6944,0.0162,0.2894
CLUBS NINE DIAMONDS THREE,0.6836,0.0182,0.2982
SPADES SEVEN CLUBS ACE,0.4438,0.0018,0.5544
SPADES SEVEN CLUBS QUEEN,0.436,0.0066,0.5574
SPADES SEVEN CLUBS KING,0.427,0.007,0.566
CLUBS FIVE SPADES SEVEN,0.643,0.0142,0.3428
CLUBS TEN SPADES SEVEN,0.7102,0.0562,0.2336
CLUBS FIVE SPADES SIX,0.6386,0.0128,0.3486
CLUBS FIVE SPADES NINE,0.6788,0.0156,0.3056
CLUBS FIVE SPADES EIGHT,0.6558,0.0168,0.3274
CLUBS FIVE SPADES THREE,0.641,0.0194,0.3396
CLUBS FIVE SPADES TWO,0.651,0.0148,0.3342
CLUBS FIVE SPADES FIVE,0.4736,0.0224,0.504
CLUBS FIVE SPADES FOUR,0.6266,0.0152,0.3582
CLUBS NINE CLUBS FIVE,0.6488,0.0122,0.339
CLUBS EIGHT CLUBS FIVE,0.6346,0.0134,0.352
CLUBS ACE CLUBS QUEEN,0.3534,0.0056,0.641
CLUBS KING CLUBS QUEEN,0.3396,0.0074,0.653
CLUBS TEN DIAMONDS NINE,0.7118,0.0588,0.2294
DIAMONDS JACK DIAMONDS FOUR,0.6098,0.1122,0.278
CLUBS TEN SPADES NINE,0.7108,0.0542,0.235
DIAMONDS ACE DIAMONDS FOUR,0.4242,0.0032,0.5726
HEARTS FOUR DIAMONDS FOUR,0.483,0.0262,0.4908
DIAMONDS JACK HEARTS TEN,0.012,0.9722,0.0158
SPADES NINE CLUBS KING,0.4072,0.0064,0.5864
DIAMONDS TWO SPADES TEN,0.7222,0.0638,0.214
DIAMONDS NINE CLUBS ACE,0.4294,0.0048,0.5658
HEARTS FIVE DIAMONDS FOUR,0.629,0.0138,0.3572
DIAMONDS JACK HEARTS JACK,0.1482,0.034,0.8178
SPADES NINE CLUBS QUEEN,0.416,0.0092,0.5748
DIAMONDS TWO SPADES JACK,0.6512,0.1314,0.2174
DIAMONDS QUEEN DIAMONDS FOUR,0.4304,0.01,0.5596
HEARTS TWO DIAMONDS FOUR,0.6494,0.0162,0.3344
DIAMONDS NINE CLUBS QUEEN,0.4184,0.0118,0.5698
DIAMONDS KING DIAMONDS FOUR,0.4338,0.0088,0.5574
HEARTS THREE DIAMONDS FOUR,0.6266,0.016,0.3574
SPADES NINE CLUBS ACE,0.4326,0.0044,0.563
DIAMONDS NINE CLUBS KING,0.429,0.0074,0.5636
HEARTS ACE DIAMONDS JACK,0.2728,0.02,0.7072
SPADES ACE DIAMONDS TWO,0.4428,0.0054,0.5518
HEARTS QUEEN DIAMONDS JACK,0.2476,0.0376,0.7148
SPADES QUEEN DIAMONDS TWO,0.4598,0.0082,0.532
HEARTS KING DIAMONDS JACK,0.2554,0.0254,0.7192
SPADES KING DIAMONDS TWO,0.4588,0.0066,0.5346
SPADES JACK SPADES SEVEN,0.6208,0.1134,0.2658
SPADES TEN SPADES SEVEN,0.6666,0.0528,0.2806
CLUBS SEVEN CLUBS THREE,0.6306,0.0162,0.3532
CLUBS SIX CLUBS THREE,0.6162,0.0144,0.3694
CLUBS FIVE CLUBS THREE,0.6002,0.0164,0.3834
CLUBS THREE CLUBS FOUR,0.6022,0.0136,0.3842
CLUBS NINE CLUBS THREE,0.6614,0.014,0.3246
CLUBS EIGHT CLUBS THREE,0.6522,0.0156,0.3322
CLUBS THREE SPADES FIVE,0.6332,0.0152,0.3516
CLUBS THREE SPADES FOUR,0.6416,0.0154,0.343
CLUBS THREE SPADES THREE,0.4824,0.0272,0.4904
CLUBS THREE SPADES TWO,0.654,0.0168,0.3292
CLUBS THREE SPADES SIX,0.6644,0.0132,0.3224
CLUBS THREE SPADES SEVEN,0.6578,0.0192,0.323
SPADES EIGHT CLUBS THREE,0.6894,0.0158,0.2948
SPADES NINE CLUBS THREE,0.6848,0.0124,0.3028
SPADES TWO DIAMONDS FOUR,0.6628,0.0184,0.3188
SPADES THREE DIAMONDS FOUR,0.6374,0.0156,0.347
SPADES FOUR DIAMONDS FOUR,0.4782,0.03,0.4918
SPADES FIVE DIAMONDS FOUR,0.6286,0.0148,0.3566
SPADES SIX DIAMONDS FOUR,0.6432,0.0134,0.3434
SPADES SEVEN DIAMONDS FOUR,0.6418,0.0146,0.3436
SPADES EIGHT DIAMONDS FOUR,0.6682,0.014,0.3178
SPADES NINE DIAMONDS FOUR,0.6832,0.0142,0.3026
CLUBS FIVE DIAMONDS FOUR,0.6278,0.0168,0.3554
CLUBS FOUR DIAMONDS FOUR,0.4858,0.0282,0.486
CLUBS SEVEN DIAMONDS FOUR,0.6648,0.0164,0.3188
CLUBS SIX DIAMONDS FOUR,0.655,0.0152,0.3298
CLUBS NINE DIAMONDS FOUR,0.697,0.0134,0.2896
CLUBS EIGHT DIAMONDS FOUR,0.683,0.0136,0.3034
HEARTS SEVEN DIAMONDS FOUR,0.6522,0.0134,0.3344
HEARTS SIX DIAMONDS FOUR,0.659,0.0154,0.3256
DIAMONDS FOUR HEARTS NINE,0.704,0.0138,0.2822
DIAMONDS FOUR HEARTS EIGHT,0.6744,0.0134,0.3122
CLUBS THREE DIAMONDS FOUR,0.639,0.0164,0.3446
CLUBS TWO DIAMONDS FOUR,0.6548,0.017,0.3282
DIAMONDS JACK DIAMONDS FIVE,0.62,0.1178,0.2622
DIAMONDS NINE HEARTS QUEEN,0.4272,0.0122,0.5606
DIAMONDS NINE HEARTS KING,0.4338,0.006,0.5602
HEARTS ACE DIAMONDS NINE,0.4346,0.0048,0.5606
DIAMONDS NINE HEARTS TEN,0.6982,0.0472,0.2546
DIAMONDS NINE HEARTS JACK,0.6528,0.127,0.2202
CLUBS KING DIAMONDS SIX,0.4442,0.0076,0.5482
CLUBS QUEEN DIAMONDS SIX,0.4408,0.008,0.5512
CLUBS ACE DIAMONDS SIX,0.4504,0.0048,0.5448
SPADES KING DIAMONDS FOUR,0.4668,0.0082,0.525
SPADES ACE SPADES SEVEN,0.4106,0.0032,0.5862
SPADES QUEEN DIAMONDS FOUR,0.4566,0.0086,0.5348
SPADES QUEEN SPADES SEVEN,0.4086,0.0076,0.5838
SPADES KING SPADES SEVEN,0.4098,0.0068,0.5834
SPADES ACE DIAMONDS FOUR,0.4432,0.0052,0.5516
CLUBS TEN DIAMONDS SIX,0.735,0.054,0.211
CLUBS NINE CLUBS FOUR,0.6594,0.0158,0.3248
CLUBS EIGHT CLUBS FOUR,0.6392,0.0144,0.3464
SPADES JACK DIAMONDS FOUR,0.649,0.1214,0.2296
SPADES TEN DIAMONDS FOUR,0.7208,0.0538,0.2254
CLUBS FIVE CLUBS FOUR,0.5906,0.0162,0.3932
CLUBS SEVEN CLUBS FOUR,0.6242,0.0176,0.3582
CLUBS SIX CLUBS FOUR,0.6118,0.0144,0.3738
CLUBS SEVEN SPADES EIGHT,0.6308,0.015,0.3542
CLUBS SEVEN SPADES NINE,0.6536,0.0132,0.3332
CLUBS SEVEN SPADES SIX,0.628,0.0138,0.3582
CLUBS SEVEN SPADES SEVEN,0.4614,0.026,0.5126
CLUBS SEVEN SPADES FIVE,0.6436,0.015,0.3414
CLUBS SEVEN SPADES FOUR,0.6662,0.0128,0.321
CLUBS SEVEN SPADES THREE,0.6538,0.0134,0.3328
CLUBS SEVEN SPADES TWO,0.6776,0.0146,0.3078
CLUBS NINE CLUBS SEVEN,0.6238,0.0132,0.363
CLUBS SEVEN CLUBS EIGHT,0.604,0.0156,0.3804
HEARTS SIX DIAMONDS FIVE,0.6262,0.0156,0.3582
HEARTS SEVEN DIAMONDS FIVE,0.6428,0.0144,0.3428
DIAMONDS FIVE HEARTS EIGHT,0.6568,0.0146,0.3286
DIAMONDS FIVE HEARTS NINE,0.679,0.0148,0.3062
DIAMONDS QUEEN DIAMONDS FIVE,0.4108,0.0108,0.5784
HEARTS TWO DIAMONDS FIVE,0.6594,0.0152,0.3254
HEARTS KING HEARTS EIGHT,0.4172,0.0054,0.5774
DIAMONDS KING DIAMONDS FIVE,0.4398,0.0076,0.5526
HEARTS THREE DIAMONDS FIVE,0.6488,0.0134,0.3378
HEARTS QUEEN HEARTS EIGHT,0.403,0.0094,0.5876
DIAMONDS ACE DIAMONDS FIVE,0.422,0.005,0.573
HEARTS FOUR DIAMONDS FIVE,0.6236,0.0174,0.359
HEARTS FIVE DIAMONDS FIVE,0.4792,0.0246,0.4962
HEARTS ACE HEARTS EIGHT,0.4104,0.003,0.5866
CLUBS FOUR DIAMONDS FIVE,0.6272,0.0172,0.3556
CLUBS FIVE DIAMONDS FIVE,0.4862,0.0274,0.4864
CLUBS SIX DIAMONDS FIVE,0.6528,0.014,0.3332
CLUBS SEVEN DIAMONDS FIVE,0.6552,0.012,0.3328
CLUBS TWO DIAMONDS FIVE,0.6632,0.0142,0.3226
CLUBS THREE DIAMONDS FIVE,0.645,0.0182,0.3368
SPADES THREE DIAMONDS FIVE,0.6498,0.0172,0.333
SPADES TWO DIAMONDS FIVE,0.6506,0.0144,0.335
SPADES JACK DIAMONDS EIGHT,0.6682,0.113,0.2188
SPADES FIVE DIAMONDS FIVE,0.4798,0.0238,0.4964
CLUBS TEN HEARTS JACK,0.019,0.969,0.012
SPADES TEN DIAMONDS EIGHT,0.6948,0.056,0.2492
SPADES FOUR DIAMONDS FIVE,0.6342,0.015,0.3508
HEARTS JACK CLUBS QUEEN,0.2444,0.0366,0.719
CLUBS NINE DIAMONDS FIVE,0.6716,0.0168,0.3116
HEARTS JACK CLUBS KING,0.2544,0.0304,0.7152
CLUBS EIGHT DIAMONDS FIVE,0.6762,0.014,0.3098
CLUBS ACE HEARTS JACK,0.2668,0.0214,0.7118
SPADES SEVEN DIAMONDS FIVE,0.6538,0.0118,0.3344
SPADES KING DIAMONDS EIGHT,0.4318,0.0058,0.5624
SPADES QUEEN DIAMONDS EIGHT,0.4308,0.0108,0.5584
SPADES SIX DIAMONDS FIVE,0.6444,0.0148,0.3408
SPADES NINE DIAMONDS FIVE,0.686,0.014,0.3
SPADES EIGHT DIAMONDS FIVE,0.656,0.014,0.33
SPADES ACE DIAMONDS EIGHT,0.4292,0.0038,0.567
HEARTS ACE DIAMONDS SEVEN,0.4518,0.004,0.5442
DIAMONDS JACK DIAMONDS SIX,0.6186,0.1134,0.268
HEARTS QUEEN DIAMONDS SEVEN,0.4466,0.01,0.5434
HEARTS KING DIAMONDS SEVEN,0.4424,0.0082,0.5494
DIAMONDS ACE DIAMONDS SIX,0.4398,0.0048,0.5554
HEARTS FOUR DIAMONDS SIX,0.6562,0.0154,0.3284
SPADES TWO HEARTS JACK,0.6654,0.1168,0.2178
HEARTS FIVE DIAMONDS SIX,0.6404,0.0156,0.344
SPADES TWO HEARTS TEN,0.7198,0.06,0.2202
DIAMONDS QUEEN DIAMONDS SIX,0.4244,0.0106,0.565
HEARTS TWO DIAMONDS SIX,0.6666,0.0134,0.32
DIAMONDS KING DIAMONDS SIX,0.4366,0.0082,0.5552
HEARTS THREE DIAMONDS SIX,0.6598,0.014,0.3262
HEARTS EIGHT DIAMONDS SIX,0.6536,0.0136,0.3328
HEARTS NINE DIAMONDS SIX,0.6668,0.0158,0.3174
HEARTS SIX DIAMONDS SIX,0.4752,0.0242,0.5006
HEARTS SEVEN DIAMONDS SIX,0.6326,0.0154,0.352
HEARTS TEN DIAMONDS SEVEN,0.7082,0.053,0.2388
CLUBS TWO DIAMONDS SIX,0.673,0.0162,0.3108
HEARTS JACK DIAMONDS SEVEN,0.6586,0.12,0.2214
CLUBS THREE DIAMONDS SIX,0.656,0.0132,0.3308
CLUBS SEVEN DIAMONDS SIX,0.632,0.0126,0.3554
CLUBS SIX DIAMONDS SIX,0.4752,0.0222,0.5026
CLUBS TEN DIAMONDS EIGHT,0.7168,0.0534,0.2298
CLUBS FIVE DIAMONDS SIX,0.6534,0.0158,0.3308
CLUBS FOUR DIAMONDS SIX,0.6414,0.0138,0.3448
HEARTS ACE HEARTS JACK,0.2654,0.014,0.7206
DIAMONDS EIGHT CLUBS ACE,0.4434,0.0054,0.5512
HEARTS QUEEN HEARTS JACK,0.2352,0.0384,0.7264
DIAMONDS EIGHT CLUBS KING,0.4436,0.005,0.5514
CLUBS NINE DIAMONDS SIX,0.6822,0.0154,0.3024
HEARTS KING HEARTS JACK,0.2464,0.024,0.7296
DIAMONDS EIGHT CLUBS QUEEN,0.431,0.0106,0.5584
CLUBS EIGHT DIAMONDS SIX,0.6604,0.0164,0.3232
SPADES TEN HEARTS KING,0.279,0.0244,0.6966
SPADES FIVE DIAMONDS SIX,0.6396,0.0126,0.3478
HEARTS ACE SPADES TWO,0.4458,0.0032,0.551
SPADES JACK HEARTS KING,0.2564,0.0322,0.7114
SPADES FOUR DIAMONDS SIX,0.64,0.0152,0.3448
SPADES THREE DIAMONDS SIX,0.6594,0.0156,0.325
HEARTS QUEEN SPADES TWO,0.4472,0.012,0.5408
SPADES ACE SPADES KING,0.3464,0.005,0.6486
HEARTS KING SPADES TWO,0.4426,0.008,0.5494
SPADES TWO DIAMONDS SIX,0.6524,0.017,0.3306
HEARTS TEN HEARTS EIGHT,0.6516,0.052,0.2964
SPADES NINE DIAMONDS SIX,0.6622,0.0142,0.3236
HEARTS JACK HEARTS EIGHT,0.6184,0.1138,0.2678
SPADES EIGHT DIAMONDS SIX,0.6444,0.0138,0.3418
SPADES SEVEN DIAMONDS SIX,0.642,0.013,0.345
SPADES SIX DIAMONDS SIX,0.4766,0.024,0.4994
SPADES KING HEARTS KING,0.1812,0.009,0.8098
SPADES QUEEN HEARTS KING,0.3544,0.0062,0.6394
CLUBS ACE CLUBS KING,0.343,0.0038,0.6532
SPADES ACE HEARTS KING,0.3778,0.0046,0.6176
SPADES ACE HEARTS JACK,0.2578,0.0176,0.7246
SPADES QUEEN HEARTS JACK,0.258,0.041,0.701
SPADES KING HEARTS JACK,0.255,0.025,0.72
SPADES JACK HEARTS JACK,0.1544,0.0348,0.8108
SPADES TEN HEARTS JACK,0.0202,0.9568,0.023
SPADES NINE DIAMONDS SEVEN,0.6526,0.014,0.3334
SPADES EIGHT DIAMONDS SEVEN,0.6466,0.0128,0.3406
SPADES SEVEN DIAMONDS SEVEN,0.4672,0.0242,0.5086
SPADES SIX DIAMONDS SEVEN,0.6382,0.0134,0.3484
DIAMONDS KING DIAMONDS SEVEN,0.4184,0.0084,0.5732
HEARTS THREE DIAMONDS SEVEN,0.6654,0.0132,0.3214
HEARTS KING DIAMONDS FIVE,0.4596,0.009,0.5314
DIAMONDS QUEEN DIAMONDS SEVEN,0.4276,0.009,0.5634
HEARTS TWO DIAMONDS SEVEN,0.681,0.0146,0.3044
HEARTS QUEEN DIAMONDS FIVE,0.457,0.0116,0.5314
HEARTS FIVE DIAMONDS SEVEN,0.6394,0.0154,0.3452
DIAMONDS ACE DIAMONDS SEVEN,0.4276,0.0048,0.5676
HEARTS FOUR DIAMONDS SEVEN,0.6514,0.0124,0.3362
HEARTS ACE DIAMONDS FIVE,0.4554,0.0034,0.5412
HEARTS SEVEN DIAMONDS SEVEN,0.4734,0.0234,0.5032
HEARTS SIX DIAMONDS SEVEN,0.6336,0.0132,0.3532
DIAMONDS SEVEN HEARTS NINE,0.6586,0.0136,0.3278
HEARTS EIGHT DIAMONDS SEVEN,0.6436,0.0128,0.3436
DIAMONDS JACK DIAMONDS SEVEN,0.6132,0.1208,0.266
DIAMONDS FIVE HEARTS JACK,0.6484,0.1244,0.2272
HEARTS TEN DIAMONDS FIVE,0.7088,0.053,0.2382
SPADES KING CLUBS TWO,0.4534,0.0068,0.5398
HEARTS KING CLUBS KING,0.1702,0.0054,0.8244
CLUBS EIGHT DIAMONDS SEVEN,0.643,0.0146,0.3424
SPADES QUEEN CLUBS TWO,0.4442,0.0116,0.5442
HEARTS KING CLUBS QUEEN,0.354,0.0108,0.6352
CLUBS NINE DIAMONDS SEVEN,0.661,0.0174,0.3216
SPADES ACE CLUBS TWO,0.444,0.003,0.553
CLUBS TEN SPADES TWO,0.7338,0.0574,0.2088
HEARTS KING CLUBS ACE,0.3622,0.0048,0.633
CLUBS SEVEN CLUBS SIX,0.6186,0.0168,0.3646
SPADES TWO CLUBS KING,0.441,0.0062,0.5528
SPADES TWO DIAMONDS SEVEN,0.67,0.0154,0.3146
CLUBS EIGHT CLUBS SIX,0.6166,0.0172,0.3662
SPADES THREE DIAMONDS SEVEN,0.6644,0.0166,0.319
SPADES TWO CLUBS QUEEN,0.4456,0.0092,0.5452
CLUBS NINE CLUBS SIX,0.6306,0.0142,0.3552
SPADES FOUR DIAMONDS SEVEN,0.6572,0.015,0.3278
SPADES FIVE DIAMONDS SEVEN,0.636,0.0162,0.3478
SPADES TWO CLUBS ACE,0.4412,0.004,0.5548
CLUBS TEN HEARTS KING,0.276,0.026,0.698
CLUBS SIX SPADES TWO,0.6616,0.0142,0.3242
CLUBS SIX SPADES THREE,0.65,0.013,0.337
CLUBS TWO DIAMONDS SEVEN,0.676,0.0182,0.3058
CLUBS SIX SPADES FOUR,0.6412,0.0152,0.3436
CLUBS THREE DIAMONDS SEVEN,0.6736,0.0184,0.308
CLUBS SIX SPADES FIVE,0.6436,0.0132,0.3432
CLUBS FOUR DIAMONDS SEVEN,0.6518,0.0122,0.336
CLUBS SIX SPADES SIX,0.4952,0.0256,0.4792
CLUBS FIVE DIAMONDS SEVEN,0.654,0.0166,0.3294
CLUBS SIX SPADES SEVEN,0.6362,0.0138,0.35
CLUBS SIX DIAMONDS SEVEN,0.6448,0.015,0.3402
CLUBS SIX SPADES EIGHT,0.6474,0.0116,0.341
SPADES JACK CLUBS TWO,0.6424,0.1316,0.226
CLUBS SEVEN DIAMONDS SEVEN,0.4572,0.0276,0.5152
SPADES NINE CLUBS SIX,0.6676,0.013,0.3194
SPADES TEN CLUBS TWO,0.7238,0.0546,0.2216
CLUBS TWO CLUBS QUEEN,0.4364,0.0096,0.554
CLUBS TWO CLUBS KING,0.427,0.0086,0.5644
CLUBS THREE DIAMONDS EIGHT,0.6886,0.0126,0.2988
CLUBS TWO CLUBS ACE,0.4204,0.0044,0.5752
CLUBS TWO DIAMONDS EIGHT,0.6874,0.0146,0.298
HEARTS SEVEN DIAMONDS EIGHT,0.6528,0.0104,0.3368
HEARTS SIX DIAMONDS EIGHT,0.648,0.0152,0.3368
DIAMONDS EIGHT HEARTS NINE,0.6602,0.0142,0.3256
CLUBS TEN CLUBS TWO,0.682,0.058,0.26
DIAMONDS EIGHT HEARTS EIGHT,0.4508,0.0246,0.5246
CLUBS NINE DIAMONDS EIGHT,0.659,0.0142,0.3268
CLUBS EIGHT DIAMONDS EIGHT,0.4572,0.0214,0.5214
CLUBS FIVE DIAMONDS EIGHT,0.6554,0.0166,0.328
SPADES ACE SPADES THREE,0.413,0.002,0.585
CLUBS FOUR DIAMONDS EIGHT,0.6742,0.0126,0.3132
CLUBS SEVEN DIAMONDS EIGHT,0.654,0.0168,0.3292
SPADES QUEEN SPADES THREE,0.4342,0.01,0.5558
CLUBS SIX DIAMONDS EIGHT,0.6506,0.0182,0.3312
SPADES KING SPADES THREE,0.4326,0.0064,0.561
DIAMONDS EIGHT DIAMONDS QUEEN,0.4098,0.008,0.5822
HEARTS TWO DIAMONDS EIGHT,0.6884,0.0124,0.2992
DIAMONDS KING DIAMONDS EIGHT,0.4234,0.0068,0.5698
HEARTS THREE DIAMONDS EIGHT,0.6726,0.016,0.3114
DIAMONDS ACE DIAMONDS EIGHT,0.4192,0.0042,0.5766
HEARTS FOUR DIAMONDS EIGHT,0.6772,0.0164,0.3064
HEARTS FIVE DIAMONDS EIGHT,0.6588,0.0132,0.328
DIAMONDS EIGHT DIAMONDS JACK,0.6082,0.1228,0.269
SPADES JACK SPADES THREE,0.623,0.1136,0.2634
SPADES TEN SPADES THREE,0.6824,0.0508,0.2668
CLUBS FOUR HEARTS ACE,0.4476,0.004,0.5484
CLUBS FOUR HEARTS QUEEN,0.456,0.011,0.533
CLUBS FOUR HEARTS KING,0.457,0.0064,0.5366
CLUBS SIX HEARTS TEN,0.7228,0.0514,0.2258
CLUBS SIX HEARTS JACK,0.6644,0.1242,0.2114
DIAMONDS EIGHT SPADES FOUR,0.6676,0.0146,0.3178
SPADES FIVE DIAMONDS EIGHT,0.653,0.0136,0.3334
DIAMONDS EIGHT SPADES TWO,0.6828,0.0146,0.3026
DIAMONDS EIGHT SPADES THREE,0.6896,0.017,0.2934
CLUBS FOUR HEARTS JACK,0.6458,0.1264,0.2278
SPADES EIGHT DIAMONDS EIGHT,0.4608,0.0216,0.5176
SPADES TEN DIAMONDS QUEEN,0.2416,0.0358,0.7226
SPADES TEN HEARTS TWO,0.7232,0.0556,0.2212
SPADES JACK HEARTS EIGHT,0.6382,0.1192,0.2426
CLUBS FOUR HEARTS TEN,0.7214,0.057,0.2216
SPADES NINE DIAMONDS EIGHT,0.6552,0.0148,0.33
SPADES TEN HEARTS EIGHT,0.699,0.05,0.251
SPADES JACK HEARTS TWO,0.649,0.1164,0.2346
SPADES JACK DIAMONDS QUEEN,0.2436,0.0408,0.7156
SPADES SIX DIAMONDS EIGHT,0.6464,0.0132,0.3404
SPADES SEVEN DIAMONDS EIGHT,0.6404,0.0118,0.3478
SPADES ACE HEARTS TWO,0.4396,0.0044,0.556
SPADES ACE DIAMONDS QUEEN,0.3712,0.0042,0.6246
SPADES ACE HEARTS EIGHT,0.436,0.0024,0.5616
SPADES KING HEARTS EIGHT,0.4428,0.0054,0.5518
SPADES QUEEN HEARTS TWO,0.4528,0.0066,0.5406
SPADES QUEEN DIAMONDS QUEEN,0.1624,0.0092,0.8284
SPADES KING DIAMONDS QUEEN,0.3618,0.0082,0.63
SPADES KING HEARTS TWO,0.45,0.009,0.541
SPADES QUEEN HEARTS EIGHT,0.4336,0.0088,0.5576
CLUBS TWO HEARTS TEN,0.7298,0.0574,0.2128
CLUBS TWO HEARTS JACK,0.6604,0.133,0.2066
SPADES SEVEN DIAMONDS NINE,0.6506,0.017,0.3324
SPADES SIX DIAMONDS NINE,0.6684,0.0164,0.3152
SPADES NINE DIAMONDS NINE,0.4354,0.0178,0.5468
SPADES EIGHT DIAMONDS NINE,0.6444,0.016,0.3396
SPADES TEN CLUBS KING,0.2614,0.0244,0.7142
DIAMONDS NINE SPADES THREE,0.6896,0.0158,0.2946
SPADES JACK CLUBS KING,0.2604,0.03,0.7096
DIAMONDS NINE SPADES TWO,0.6828,0.0138,0.3034
DIAMONDS NINE SPADES FIVE,0.6804,0.0152,0.3044
DIAMONDS NINE SPADES FOUR,0.694,0.0144,0.2916
CLUBS NINE DIAMONDS NINE,0.4496,0.02,0.5304
CLUBS EIGHT DIAMONDS NINE,0.6514,0.0126,0.336
CLUBS SIX DIAMONDS NINE,0.68,0.0146,0.3054
SPADES JACK CLUBS FOUR,0.643,0.1208,0.2362
CLUBS SEVEN DIAMONDS NINE,0.6662,0.016,0.3178
SPADES TEN CLUBS FOUR,0.7228,0.0606,0.2166
CLUBS FOUR DIAMONDS NINE,0.6884,0.0182,0.2934
CLUBS FIVE DIAMONDS NINE,0.6704,0.0124,0.3172
DIAMONDS NINE CLUBS TWO,0.696,0.018,0.286
CLUBS THREE DIAMONDS NINE,0.6864,0.0178,0.2958
DIAMONDS NINE HEARTS EIGHT,0.646,0.0146,0.3394
DIAMONDS NINE HEARTS NINE,0.451,0.0174,0.5316
HEARTS SIX DIAMONDS NINE,0.6594,0.0176,0.323
HEARTS SEVEN DIAMONDS NINE,0.6546,0.0152,0.3302
CLUBS NINE CLUBS EIGHT,0.6228,0.0162,0.361
DIAMONDS ACE DIAMONDS NINE,0.418,0.0048,0.5772
HEARTS FOUR DIAMONDS NINE,0.6792,0.0146,0.3062
HEARTS FIVE DIAMONDS NINE,0.6716,0.0156,0.3128
HEARTS ACE CLUBS TWO,0.4474,0.005,0.5476
SPADES ACE CLUBS FOUR,0.45,0.0034,0.5466
DIAMONDS NINE DIAMONDS QUEEN,0.3946,0.01,0.5954
HEARTS TWO DIAMONDS NINE,0.6976,0.016,0.2864
CLUBS TWO HEARTS KING,0.4496,0.0082,0.5422
SPADES KING CLUBS FOUR,0.4406,0.0054,0.554
DIAMONDS KING DIAMONDS NINE,0.4048,0.0066,0.5886
HEARTS THREE DIAMONDS NINE,0.6824,0.0114,0.3062
CLUBS TWO HEARTS QUEEN,0.4568,0.0124,0.5308
SPADES QUEEN CLUBS FOUR,0.4548,0.0114,0.5338
DIAMONDS NINE DIAMONDS JACK,0.616,0.1264,0.2576
CLUBS EIGHT SPADES NINE,0.6528,0.0134,0.3338
CLUBS EIGHT SPADES EIGHT,0.4512,0.0204,0.5284
CLUBS EIGHT SPADES SEVEN,0.6308,0.0142,0.355
CLUBS EIGHT SPADES SIX,0.6494,0.0136,0.337
CLUBS EIGHT SPADES FIVE,0.655,0.0182,0.3268
CLUBS EIGHT SPADES FOUR,0.6772,0.0122,0.3106
CLUBS EIGHT SPADES THREE,0.6914,0.0136,0.295
CLUBS EIGHT SPADES TWO,0.684,0.0128,0.3032
CLUBS TEN CLUBS FOUR,0.6942,0.055,0.2508
CLUBS FOUR CLUBS KING,0.4286,0.009,0.5624
CLUBS FOUR CLUBS QUEEN,0.4172,0.0126,0.5702
CLUBS FOUR CLUBS ACE,0.4242,0.0038,0.572
CLUBS EIGHT HEARTS JACK,0.6588,0.1156,0.2256
CLUBS EIGHT HEARTS TEN,0.7148,0.0518,0.2334
CLUBS EIGHT HEARTS QUEEN,0.4254,0.0104,0.5642
CLUBS EIGHT HEARTS KING,0.4468,0.0046,0.5486
CLUBS EIGHT HEARTS ACE,0.4426,0.004,0.5534
CLUBS NINE SPADES THREE,0.6884,0.0146,0.297
CLUBS NINE SPADES TWO,0.685,0.0144,0.3006
CLUBS NINE SPADES FIVE,0.6702,0.0126,0.3172
CLUBS NINE SPADES FOUR,0.6812,0.0124,0.3064
CLUBS NINE SPADES SEVEN,0.6434,0.015,0.3416
CLUBS NINE SPADES SIX,0.662,0.011,0.327
CLUBS NINE SPADES NINE,0.4488,0.0218,0.5294
CLUBS TEN HEARTS EIGHT,0.7022,0.0562,0.2416
CLUBS NINE SPADES EIGHT,0.649,0.0142,0.3368
HEARTS EIGHT CLUBS QUEEN,0.423,0.01,0.567
CLUBS KING HEARTS EIGHT,0.4374,0.007,0.5556
CLUBS ACE HEARTS EIGHT,0.442,0.004,0.554
SPADES KING CLUBS KING,0.1648,0.0076,0.8276
SPADES QUEEN CLUBS KING,0.352,0.0066,0.6414
SPADES ACE CLUBS KING,0.371,0.0054,0.6236
DIAMONDS ACE HEARTS TEN,0.2748,0.0184,0.7068
HEARTS FOUR HEARTS TEN,0.6682,0.05,0.2818
DIAMONDS ACE HEARTS JACK,0.279,0.0156,0.7054
HEARTS FOUR HEARTS JACK,0.6118,0.1154,0.2728
SPADES KING CLUBS FIVE,0.443,0.011,0.546
SPADES QUEEN CLUBS FIVE,0.4436,0.0118,0.5446
SPADES ACE CLUBS FIVE,0.4516,0.0054,0.543
HEARTS SEVEN DIAMONDS JACK,0.645,0.1192,0.2358
HEARTS SIX DIAMONDS JACK,0.6426,0.1212,0.2362
DIAMONDS JACK HEARTS NINE,0.6588,0.1158,0.2254
DIAMONDS JACK HEARTS EIGHT,0.6392,0.1286,0.2322
DIAMONDS KING DIAMONDS JACK,0.2464,0.0266,0.727
HEARTS THREE DIAMONDS JACK,0.645,0.1192,0.2358
SPADES ACE SPADES SIX,0.4142,0.003,0.5828
HEARTS ACE SPADES FOUR,0.4328,0.003,0.5642
DIAMONDS QUEEN DIAMONDS JACK,0.2302,0.046,0.7238
HEARTS TWO DIAMONDS JACK,0.6518,0.1248,0.2234
HEARTS FIVE DIAMONDS JACK,0.6526,0.1244,0.223
SPADES QUEEN SPADES SIX,0.4388,0.0104,0.5508
SPADES FOUR HEARTS QUEEN,0.4644,0.0096,0.526
DIAMONDS ACE DIAMONDS JACK,0.2666,0.0184,0.715
HEARTS FOUR DIAMONDS JACK,0.6458,0.1162,0.238
SPADES KING SPADES SIX,0.4288,0.0064,0.5648
SPADES FOUR HEARTS KING,0.4462,0.0078,0.546
SPADES TEN SPADES SIX,0.6684,0.0544,0.2772
SPADES JACK SPADES SIX,0.6128,0.1142,0.273
SPADES FOUR DIAMONDS JACK,0.6434,0.1222,0.2344
SPADES FIVE DIAMONDS JACK,0.6378,0.1154,0.2468
DIAMONDS JACK SPADES TWO,0.6552,0.1238,0.221
SPADES THREE DIAMONDS JACK,0.648,0.117,0.235
SPADES ACE DIAMONDS THREE,0.4422,0.0036,0.5542
SPADES QUEEN DIAMONDS THREE,0.452,0.0092,0.5388
CLUBS EIGHT DIAMONDS JACK,0.659,0.1202,0.2208
SPADES KING DIAMONDS THREE,0.4546,0.0094,0.536
CLUBS NINE DIAMONDS JACK,0.653,0.1206,0.2264
CLUBS SIX DIAMONDS JACK,0.6654,0.1246,0.21
CLUBS SEVEN DIAMONDS JACK,0.6566,0.1182,0.2252
CLUBS FOUR DIAMONDS JACK,0.6566,0.1182,0.2252
CLUBS FIVE DIAMONDS JACK,0.6474,0.1236,0.229
CLUBS TWO DIAMONDS JACK,0.6614,0.1154,0.2232
CLUBS THREE DIAMONDS JACK,0.6484,0.1258,0.2258
SPADES TEN CLUBS FIVE,0.7154,0.0592,0.2254
SPADES JACK HEARTS SIX,0.6584,0.1268,0.2148
HEARTS SIX SPADES TEN,0.7248,0.0482,0.227
SPADES JACK CLUBS FIVE,0.6458,0.1308,0.2234
SPADES JACK DIAMONDS THREE,0.6592,0.1168,0.224
CLUBS SEVEN CLUBS ACE,0.4142,0.0036,0.5822
DIAMONDS THREE SPADES TEN,0.7274,0.0528,0.2198
CLUBS SEVEN CLUBS QUEEN,0.4224,0.0084,0.5692
CLUBS SEVEN CLUBS KING,0.4234,0.0072,0.5694
SPADES NINE DIAMONDS JACK,0.6442,0.1286,0.2272
CLUBS TEN CLUBS SEVEN,0.6784,0.0534,0.2682
DIAMONDS ACE HEARTS ACE,0.1618,0.004,0.8342
HEARTS FOUR HEARTS ACE,0.4218,0.0036,0.5746
SPADES EIGHT DIAMONDS JACK,0.6576,0.118,0.2244
SPADES ACE HEARTS SIX,0.4508,0.0022,0.547
DIAMONDS ACE HEARTS KING,0.3634,0.005,0.6316
HEARTS FOUR HEARTS KING,0.4164,0.0074,0.5762
SPADES SEVEN DIAMONDS JACK,0.6458,0.1278,0.2264
SPADES KING HEARTS SIX,0.4688,0.0046,0.5266
DIAMONDS ACE HEARTS QUEEN,0.3618,0.005,0.6332
HEARTS FOUR HEARTS QUEEN,0.4224,0.0098,0.5678
SPADES QUEEN HEARTS SIX,0.4436,0.007,0.5494
SPADES SIX DIAMONDS JACK,0.6568,0.1194,0.2238
CLUBS TEN DIAMONDS THREE,0.743,0.0556,0.2014
DIAMONDS THREE CLUBS KING,0.4594,0.0062,0.5344
DIAMONDS THREE CLUBS QUEEN,0.4544,0.0096,0.536
DIAMONDS THREE CLUBS ACE,0.4586,0.0046,0.5368
SPADES FOUR HEARTS JACK,0.6438,0.1218,0.2344
SPADES FOUR HEARTS TEN,0.708,0.0592,0.2328
SPADES FIVE SPADES TWO,0.6052,0.015,0.3798
SPADES FOUR SPADES TWO,0.6194,0.0128,0.3678
SPADES THREE SPADES TWO,0.6142,0.0134,0.3724
SPADES NINE SPADES TWO,0.6338,0.0134,0.3528
SPADES EIGHT SPADES TWO,0.6396,0.0116,0.3488
SPADES SEVEN SPADES TWO,0.6378,0.0158,0.3464
SPADES SIX SPADES TWO,0.6198,0.0166,0.3636
CLUBS THREE DIAMONDS QUEEN,0.4492,0.0114,0.5394
CLUBS THREE HEARTS TWO,0.6496,0.0156,0.3348
CLUBS TWO DIAMONDS QUEEN,0.4506,0.0104,0.539
HEARTS TWO CLUBS TWO,0.486,0.0264,0.4876
HEARTS SEVEN DIAMONDS QUEEN,0.4432,0.0088,0.548
HEARTS SEVEN HEARTS TWO,0.6348,0.014,0.3512
HEARTS SIX DIAMONDS QUEEN,0.4574,0.0092,0.5334
HEARTS SIX HEARTS TWO,0.6166,0.016,0.3674
DIAMONDS QUEEN HEARTS NINE,0.3994,0.0092,0.5914
HEARTS TWO HEARTS NINE,0.6368,0.015,0.3482
DIAMONDS QUEEN HEARTS EIGHT,0.4358,0.0104,0.5538
HEARTS TWO HEARTS EIGHT,0.6428,0.0136,0.3436
CLUBS NINE HEARTS TWO,0.6952,0.016,0.2888
CLUBS NINE DIAMONDS QUEEN,0.4174,0.0134,0.5692
CLUBS EIGHT HEARTS TWO,0.6864,0.015,0.2986
CLUBS EIGHT DIAMONDS QUEEN,0.4422,0.0098,0.548
CLUBS FIVE DIAMONDS QUEEN,0.449,0.0106,0.5404
CLUBS FIVE HEARTS TWO,0.6556,0.0148,0.3296
SPADES EIGHT HEARTS ACE,0.4288,0.0038,0.5674
CLUBS FOUR DIAMONDS QUEEN,0.4472,0.0096,0.5432
CLUBS FOUR HEARTS TWO,0.6568,0.0188,0.3244
CLUBS SEVEN DIAMONDS QUEEN,0.4552,0.0108,0.534
CLUBS SEVEN HEARTS TWO,0.6798,0.014,0.3062
SPADES EIGHT HEARTS QUEEN,0.4284,0.0066,0.565
CLUBS SIX DIAMONDS QUEEN,0.4428,0.0096,0.5476
CLUBS SIX HEARTS TWO,0.6714,0.015,0.3136
SPADES EIGHT HEARTS KING,0.4292,0.0062,0.5646
HEARTS TWO SPADES SIX,0.6796,0.0126,0.3078
SPADES SIX DIAMONDS QUEEN,0.4564,0.0082,0.5354
HEARTS FOUR CLUBS QUEEN,0.4412,0.0082,0.5506
DIAMONDS ACE CLUBS QUEEN,0.3674,0.005,0.6276
SPADES SEVEN DIAMONDS QUEEN,0.4438,0.0086,0.5476
SPADES SEVEN HEARTS TWO,0.6708,0.0136,0.3156
HEARTS FOUR CLUBS KING,0.4604,0.0064,0.5332
DIAMONDS ACE CLUBS KING,0.3558,0.0044,0.6398
SPADES EIGHT DIAMONDS QUEEN,0.4196,0.0108,0.5696
SPADES EIGHT HEARTS TWO,0.6924,0.014,0.2936
HEARTS FOUR CLUBS ACE,0.4352,0.005,0.5598
DIAMONDS ACE CLUBS ACE,0.1614,0.005,0.8336
SPADES NINE DIAMONDS QUEEN,0.4122,0.011,0.5768
SPADES NINE HEARTS TWO,0.683,0.0154,0.3016
HEARTS TWO SPADES TWO,0.4838,0.0252,0.491
DIAMONDS QUEEN SPADES TWO,0.4504,0.0098,0.5398
HEARTS TWO SPADES THREE,0.6468,0.0158,0.3374
DIAMONDS QUEEN SPADES THREE,0.444,0.011,0.545
HEARTS TWO SPADES FOUR,0.659,0.0156,0.3254
SPADES FOUR DIAMONDS QUEEN,0.4468,0.0126,0.5406
CLUBS TEN HEARTS FOUR,0.7182,0.0546,0.2272
CLUBS TEN DIAMONDS ACE,0.2782,0.0234,0.6984
HEARTS TWO SPADES FIVE,0.6452,0.0156,0.3392
SPADES FIVE DIAMONDS QUEEN,0.448,0.0084,0.5436
CLUBS FIVE CLUBS KING,0.4354,0.0086,0.556
CLUBS FIVE CLUBS QUEEN,0.4468,0.011,0.5422
CLUBS FIVE CLUBS ACE,0.4248,0.0046,0.5706
CLUBS TEN CLUBS FIVE,0.6866,0.0578,0.2556
SPADES SIX CLUBS KING,0.4514,0.0066,0.542
SPADES SIX CLUBS QUEEN,0.4496,0.007,0.5434
SPADES EIGHT HEARTS JACK,0.6522,0.1232,0.2246
SPADES SIX CLUBS ACE,0.4532,0.004,0.5428
SPADES EIGHT HEARTS TEN,0.701,0.0532,0.2458
CLUBS TEN SPADES SIX,0.734,0.051,0.215
SPADES QUEEN CLUBS SEVEN,0.4404,0.0076,0.552
SPADES KING CLUBS SEVEN,0.4532,0.0066,0.5402
SPADES ACE CLUBS SEVEN,0.4394,0.0044,0.5562
SPADES SIX HEARTS TEN,0.7242,0.0538,0.222
SPADES SIX HEARTS JACK,0.6718,0.113,0.2152
SPADES SIX HEARTS ACE,0.4536,0.0028,0.5436
SPADES SIX HEARTS KING,0.4458,0.0048,0.5494
SPADES SIX HEARTS QUEEN,0.4444,0.0096,0.546
CLUBS SEVEN SPADES JACK,0.6534,0.123,0.2236
CLUBS SEVEN SPADES TEN,0.7238,0.053,0.2232
CLUBS TEN HEARTS SIX,0.7182,0.0596,0.2222
HEARTS SIX CLUBS QUEEN,0.4408,0.009,0.5502
HEARTS SIX CLUBS KING,0.4544,0.0074,0.5382
HEARTS SIX CLUBS ACE,0.4506,0.0036,0.5458
DIAMONDS THREE HEARTS ACE,0.4464,0.0034,0.5502
DIAMONDS THREE HEARTS QUEEN,0.465,0.009,0.526
DIAMONDS THREE HEARTS KING,0.4538,0.0072,0.539
CLUBS FIVE HEARTS JACK,0.6576,0.1216,0.2208
SPADES TEN DIAMONDS ACE,0.2802,0.0164,0.7034
HEARTS FOUR SPADES TEN,0.7228,0.0494,0.2278
CLUBS FIVE HEARTS TEN,0.7326,0.057,0.2104
HEARTS FOUR SPADES JACK,0.6532,0.1188,0.228
SPADES JACK DIAMONDS ACE,0.2732,0.0186,0.7082
SPADES ACE HEARTS FOUR,0.4368,0.004,0.5592
SPADES ACE DIAMONDS ACE,0.1678,0.0064,0.8258
CLUBS FIVE HEARTS ACE,0.4322,0.0038,0.564
CLUBS FIVE HEARTS KING,0.4584,0.0056,0.536
HEARTS FOUR SPADES QUEEN,0.4502,0.009,0.5408
SPADES QUEEN DIAMONDS ACE,0.3614,0.0048,0.6338
CLUBS FIVE HEARTS QUEEN,0.4526,0.0098,0.5376
SPADES KING DIAMONDS ACE,0.3716,0.0032,0.6252
SPADES KING HEARTS FOUR,0.4418,0.0064,0.5518
CLUBS TEN SPADES FOUR,0.708,0.0546,0.2374
DIAMONDS ACE DIAMONDS QUEEN,0.3388,0.0042,0.657
DIAMONDS ACE HEARTS TWO,0.4406,0.0048,0.5546
HEARTS FOUR DIAMONDS QUEEN,0.4608,0.0082,0.531
HEARTS FOUR HEARTS TWO,0.6044,0.014,0.3816
DIAMONDS THREE HEARTS TEN,0.7202,0.0538,0.226
SPADES FOUR CLUBS KING,0.4636,0.007,0.5294
HEARTS FIVE DIAMONDS QUEEN,0.4582,0.008,0.5338
HEARTS FIVE HEARTS TWO,0.6018,0.0158,0.3824
DIAMONDS THREE HEARTS JACK,0.6474,0.1276,0.225
SPADES FOUR CLUBS QUEEN,0.4518,0.0136,0.5346
HEARTS TWO DIAMONDS QUEEN,0.4626,0.0118,0.5256
DIAMONDS KING DIAMONDS QUEEN,0.3434,0.0064,0.6502
DIAMONDS KING HEARTS TWO,0.4454,0.0126,0.542
HEARTS THREE DIAMONDS QUEEN,0.4352,0.008,0.5568
HEARTS THREE HEARTS TWO,0.6076,0.0172,0.3752
SPADES FOUR CLUBS ACE,0.445,0.0056,0.5494
HEARTS TWO CLUBS ACE,0.4366,0.0056,0.5578
DIAMONDS QUEEN CLUBS ACE,0.3544,0.0062,0.6394
HEARTS TWO CLUBS QUEEN,0.4446,0.0118,0.5436
DIAMONDS QUEEN CLUBS QUEEN,0.151,0.0142,0.8348
HEARTS TWO CLUBS KING,0.459,0.0074,0.5336
DIAMONDS QUEEN CLUBS KING,0.3272,0.0084,0.6644
SPADES EIGHT SPADES FIVE,0.6208,0.011,0.3682
CLUBS TEN HEARTS TWO,0.7182,0.0562,0.2256
CLUBS TEN DIAMONDS QUEEN,0.2546,0.0388,0.7066
SPADES NINE SPADES FIVE,0.6194,0.0124,0.3682
SPADES SIX SPADES FIVE,0.5976,0.012,0.3904
SPADES SEVEN SPADES FIVE,0.589,0.013,0.398
DIAMONDS FIVE CLUBS QUEEN,0.4534,0.0104,0.5362
SPADES EIGHT CLUBS ACE,0.4272,0.004,0.5688
DIAMONDS FIVE CLUBS KING,0.4402,0.0086,0.5512
SPADES EIGHT CLUBS KING,0.435,0.008,0.557
DIAMONDS FIVE CLUBS ACE,0.449,0.0054,0.5456
SPADES EIGHT CLUBS QUEEN,0.4386,0.0096,0.5518
CLUBS TEN SPADES EIGHT,0.7098,0.0562,0.234
CLUBS TEN DIAMONDS FIVE,0.7308,0.0562,0.213
SPADES ACE CLUBS NINE,0.4442,0.0034,0.5524
CLUBS NINE SPADES QUEEN,0.4328,0.0086,0.5586
CLUBS NINE SPADES KING,0.4212,0.006,0.5728
HEARTS SIX HEARTS KING,0.4178,0.007,0.5752
DIAMONDS KING SPADES SEVEN,0.454,0.006,0.54
HEARTS THREE SPADES SEVEN,0.6584,0.0138,0.3278
SPADES KING DIAMONDS SEVEN,0.4476,0.005,0.5474
HEARTS SIX HEARTS QUEEN,0.4292,0.0088,0.562
SPADES QUEEN DIAMONDS SEVEN,0.4544,0.0098,0.5358
HEARTS THREE SPADES SIX,0.6626,0.014,0.3234
DIAMONDS KING SPADES SIX,0.4368,0.0056,0.5576
SPADES NINE DIAMONDS KING,0.4286,0.0068,0.5646
SPADES NINE HEARTS THREE,0.6826,0.0132,0.3042
HEARTS SIX HEARTS ACE,0.4192,0.0032,0.5776
DIAMONDS KING SPADES EIGHT,0.4348,0.005,0.5602
SPADES EIGHT HEARTS THREE,0.6772,0.017,0.3058
SPADES ACE DIAMONDS SEVEN,0.4356,0.0042,0.5602
CLUBS NINE HEARTS THREE,0.685,0.0154,0.2996
CLUBS NINE DIAMONDS KING,0.419,0.0078,0.5732
CLUBS EIGHT HEARTS THREE,0.6822,0.0114,0.3064
CLUBS EIGHT DIAMONDS KING,0.4512,0.0064,0.5424
HEARTS THREE SPADES THREE,0.4858,0.023,0.4912
DIAMONDS KING SPADES THREE,0.4492,0.0084,0.5424
HEARTS THREE SPADES TWO,0.647,0.0166,0.3364
DIAMONDS KING SPADES TWO,0.4544,0.007,0.5386
HEARTS THREE SPADES FIVE,0.635,0.0156,0.3494
DIAMONDS KING SPADES FIVE,0.4358,0.0064,0.5578
HEARTS THREE SPADES FOUR,0.631,0.0148,0.3542
DIAMONDS KING SPADES FOUR,0.458,0.0058,0.5362
DIAMONDS KING CLUBS TWO,0.465,0.007,0.528
HEARTS THREE CLUBS TWO,0.663,0.013,0.324
