opposingHand,winningChance,drawChance,lostChance
CLUBS JACK HEARTS FIVE
CLUBS TEN SPADES FIVE,0.7052,0.0638,0.231
CLUBS TEN CLUBS EIGHT,0.5282,0.0144,0.4574
CLUBS EIGHT CLUBS KING,0.339,0.007,0.654
SPADES FIVE CLUBS ACE,0.2226,0.0282,0.7492
CLUBS EIGHT CLUBS QUEEN,0.3368,0.0116,0.6516
SPADES FIVE CLUBS KING,0.2342,0.0406,0.7252
SPADES FIVE CLUBS QUEEN,0.234,0.0496,0.7164
CLUBS EIGHT CLUBS ACE,0.3496,0.0058,0.6446
DIAMONDS TWO DIAMONDS THREE,0.5946,0.019,0.3864
DIAMONDS TWO DIAMONDS FIVE,0.634,0.0662,0.2998
DIAMONDS TWO DIAMONDS FOUR,0.5934,0.0174,0.3892
DIAMONDS TWO DIAMONDS SEVEN,0.5912,0.0206,0.3882
DIAMONDS TWO DIAMONDS SIX,0.5818,0.019,0.3992
DIAMONDS TWO DIAMONDS NINE,0.5872,0.0194,0.3934
DIAMONDS TWO DIAMONDS EIGHT,0.5748,0.0178,0.4074
DIAMONDS THREE DIAMONDS FOUR,0.5898,0.0236,0.3866
CLUBS TWO SPADES FOUR,0.628,0.0216,0.3504
DIAMONDS THREE DIAMONDS FIVE,0.616,0.0664,0.3176
SPADES FIVE CLUBS TWO,0.6782,0.0698,0.252
CLUBS TWO SPADES TWO,0.4214,0.0432,0.5354
CLUBS TWO SPADES THREE,0.6366,0.0238,0.3396
DIAMONDS THREE DIAMONDS EIGHT,0.5792,0.019,0.4018
SPADES EIGHT CLUBS TWO,0.6402,0.0174,0.3424
DIAMONDS THREE DIAMONDS NINE,0.5814,0.018,0.4006
SPADES NINE CLUBS TWO,0.6378,0.0214,0.3408
DIAMONDS THREE DIAMONDS SIX,0.5696,0.0186,0.4118
SPADES SIX CLUBS TWO,0.631,0.0172,0.3518
DIAMONDS THREE DIAMONDS SEVEN,0.5836,0.0172,0.3992
SPADES SEVEN CLUBS TWO,0.6372,0.0194,0.3434
CLUBS SIX CLUBS TWO,0.5978,0.0212,0.381
CLUBS SEVEN CLUBS TWO,0.6092,0.0198,0.371
CLUBS FOUR CLUBS TWO,0.6064,0.0224,0.3712
CLUBS FIVE CLUBS TWO,0.6498,0.065,0.2852
DIAMONDS FOUR DIAMONDS SIX,0.5596,0.0202,0.4202
CLUBS TEN CLUBS QUEEN,0.2998,0.0112,0.689
DIAMONDS FOUR DIAMONDS SEVEN,0.5636,0.0158,0.4206
CLUBS TEN CLUBS KING,0.3168,0.0088,0.6744
CLUBS TEN CLUBS ACE,0.3184,0.0046,0.677
CLUBS EIGHT CLUBS TWO,0.595,0.0156,0.3894
DIAMONDS FIVE DIAMONDS FOUR,0.6046,0.0682,0.3272
CLUBS NINE CLUBS TWO,0.594,0.0184,0.3876
DIAMONDS NINE DIAMONDS FOUR,0.5944,0.0192,0.3864
DIAMONDS EIGHT DIAMONDS FOUR,0.578,0.0184,0.4036
CLUBS THREE CLUBS TWO,0.6078,0.0212,0.371
DIAMONDS NINE DIAMONDS FIVE,0.6452,0.0646,0.2902
DIAMONDS EIGHT DIAMONDS FIVE,0.6254,0.0612,0.3134
CLUBS TEN DIAMONDS TWO,0.6374,0.0164,0.3462
DIAMONDS FIVE DIAMONDS SEVEN,0.6116,0.0608,0.3276
DIAMONDS FIVE DIAMONDS SIX,0.6208,0.0618,0.3174
DIAMONDS TWO CLUBS ACE,0.3962,0.0074,0.5964
DIAMONDS TWO CLUBS KING,0.3882,0.008,0.6038
DIAMONDS TWO CLUBS QUEEN,0.402,0.011,0.587
DIAMONDS EIGHT DIAMONDS SIX,0.5432,0.017,0.4398
DIAMONDS NINE DIAMONDS SIX,0.534,0.0176,0.4484
HEARTS ACE SPADES THREE,0.3878,0.0048,0.6074
SPADES THREE HEARTS KING,0.3978,0.0096,0.5926
DIAMONDS SEVEN DIAMONDS SIX,0.5142,0.0176,0.4682
HEARTS QUEEN SPADES THREE,0.387,0.0112,0.6018
SPADES THREE HEARTS JACK,0.3216,0.4594,0.219
SPADES THREE HEARTS TEN,0.6178,0.0194,0.3628
DIAMONDS EIGHT DIAMONDS SEVEN,0.5128,0.017,0.4702
DIAMONDS NINE DIAMONDS SEVEN,0.5284,0.0166,0.455
DIAMONDS NINE DIAMONDS EIGHT,0.5102,0.0162,0.4736
DIAMONDS KING HEARTS TEN,0.3292,0.0066,0.6642
HEARTS THREE HEARTS TEN,0.583,0.0174,0.3996
SPADES JACK CLUBS SIX,0.2232,0.3854,0.3914
DIAMONDS KING HEARTS JACK,0.2196,0.032,0.7484
HEARTS THREE HEARTS JACK,0.316,0.4302,0.2538
SPADES TEN CLUBS SIX,0.579,0.019,0.402
SPADES JACK SPADES FIVE,0.023,0.9012,0.0758
SPADES TEN SPADES FIVE,0.6586,0.0608,0.2806
DIAMONDS KING HEARTS ACE,0.3234,0.005,0.6716
HEARTS THREE HEARTS ACE,0.3586,0.0062,0.6352
SPADES ACE CLUBS SIX,0.3698,0.0038,0.6264
DIAMONDS KING HEARTS QUEEN,0.3168,0.007,0.6762
HEARTS THREE HEARTS QUEEN,0.3678,0.0116,0.6206
SPADES KING CLUBS SIX,0.3712,0.0056,0.6232
DIAMONDS KING HEARTS KING,0.1484,0.0064,0.8452
HEARTS THREE HEARTS KING,0.3806,0.0094,0.61
SPADES QUEEN CLUBS SIX,0.3594,0.0098,0.6308
SPADES NINE HEARTS TEN,0.5324,0.0164,0.4512
SPADES NINE HEARTS JACK,0.2322,0.1628,0.605
SPADES QUEEN SPADES FIVE,0.2228,0.0536,0.7236
SPADES KING SPADES FIVE,0.2338,0.042,0.7242
SPADES ACE SPADES FIVE,0.2118,0.028,0.7602
SPADES NINE HEARTS QUEEN,0.3514,0.0108,0.6378
SPADES NINE HEARTS KING,0.3582,0.0068,0.635
SPADES NINE HEARTS ACE,0.366,0.0042,0.6298
CLUBS TEN SPADES JACK,0.2344,0.1186,0.647
CLUBS TEN SPADES TEN,0.2748,0.019,0.7062
SPADES ACE CLUBS TEN,0.3512,0.0036,0.6452
SPADES KING CLUBS TEN,0.3456,0.006,0.6484
CLUBS TEN SPADES QUEEN,0.3384,0.0104,0.6512
SPADES FIVE HEARTS QUEEN,0.2262,0.054,0.7198
SPADES FIVE HEARTS KING,0.233,0.0362,0.7308
HEARTS ACE SPADES FIVE,0.2294,0.0308,0.7398
CLUBS EIGHT SPADES TEN,0.5404,0.016,0.4436
HEARTS THREE SPADES JACK,0.324,0.4624,0.2136
SPADES JACK DIAMONDS KING,0.2468,0.0288,0.7244
SPADES TEN DIAMONDS KING,0.3408,0.0062,0.653
HEARTS THREE SPADES TEN,0.6302,0.0206,0.3492
SPADES JACK CLUBS EIGHT,0.2354,0.2224,0.5422
CLUBS SIX HEARTS ACE,0.3632,0.0044,0.6324
SPADES ACE CLUBS EIGHT,0.3588,0.0046,0.6366
CLUBS SIX HEARTS QUEEN,0.3498,0.0098,0.6404
SPADES QUEEN CLUBS EIGHT,0.3492,0.0126,0.6382
CLUBS TEN SPADES THREE,0.6356,0.018,0.3464
CLUBS SIX HEARTS KING,0.3674,0.008,0.6246
SPADES KING CLUBS EIGHT,0.3796,0.0056,0.6148
DIAMONDS TWO HEARTS JACK,0.309,0.4798,0.2112
SPADES THREE CLUBS QUEEN,0.3792,0.0134,0.6074
DIAMONDS TWO HEARTS TEN,0.6222,0.0198,0.358
SPADES THREE CLUBS KING,0.3876,0.0098,0.6026
SPADES FIVE HEARTS TEN,0.7132,0.0618,0.225
SPADES THREE CLUBS ACE,0.3698,0.0048,0.6254
SPADES FIVE HEARTS JACK,0.0122,0.9702,0.0176
HEARTS THREE CLUBS KING,0.4014,0.0068,0.5918
DIAMONDS KING CLUBS KING,0.1374,0.0124,0.8502
HEARTS THREE CLUBS QUEEN,0.4082,0.0118,0.58
DIAMONDS KING CLUBS QUEEN,0.3154,0.0084,0.6762
HEARTS THREE CLUBS ACE,0.3776,0.0058,0.6166
DIAMONDS KING CLUBS ACE,0.3268,0.0066,0.6666
SPADES ACE CLUBS QUEEN,0.3324,0.0038,0.6638
SPADES KING CLUBS QUEEN,0.3106,0.0062,0.6832
SPADES QUEEN CLUBS QUEEN,0.139,0.0086,0.8524
CLUBS TEN HEARTS THREE,0.6394,0.0184,0.3422
CLUBS TEN DIAMONDS KING,0.342,0.0076,0.6504
SPADES JACK CLUBS QUEEN,0.2346,0.0442,0.7212
CLUBS SIX CLUBS QUEEN,0.3506,0.011,0.6384
SPADES TEN CLUBS QUEEN,0.3204,0.0092,0.6704
CLUBS SIX CLUBS KING,0.341,0.0074,0.6516
CLUBS SIX CLUBS ACE,0.3496,0.0066,0.6438
CLUBS TEN CLUBS SIX,0.5498,0.0142,0.436
SPADES SEVEN HEARTS JACK,0.2274,0.3,0.4726
SPADES SEVEN HEARTS TEN,0.5562,0.0158,0.428
DIAMONDS TWO CLUBS TWO,0.4282,0.0458,0.526
DIAMONDS TWO CLUBS THREE,0.6416,0.0208,0.3376
DIAMONDS TWO HEARTS SIX,0.6228,0.0214,0.3558
DIAMONDS TWO HEARTS QUEEN,0.379,0.0124,0.6086
HEARTS SEVEN DIAMONDS TWO,0.638,0.0166,0.3454
DIAMONDS TWO HEARTS KING,0.3984,0.0098,0.5918
DIAMONDS TWO HEARTS EIGHT,0.611,0.0186,0.3704
DIAMONDS TWO HEARTS ACE,0.3946,0.0042,0.6012
DIAMONDS TWO HEARTS NINE,0.6206,0.0146,0.3648
DIAMONDS TWO DIAMONDS QUEEN,0.3732,0.0126,0.6142
DIAMONDS TWO HEARTS TWO,0.4196,0.0518,0.5286
DIAMONDS TWO DIAMONDS KING,0.3812,0.0078,0.611
HEARTS THREE DIAMONDS TWO,0.6366,0.0208,0.3426
DIAMONDS TWO DIAMONDS ACE,0.3618,0.0052,0.633
HEARTS FOUR DIAMONDS TWO,0.6438,0.0218,0.3344
SPADES SEVEN HEARTS ACE,0.353,0.0054,0.6416
DIAMONDS TWO DIAMONDS TEN,0.5854,0.0184,0.3962
SPADES SEVEN HEARTS KING,0.3558,0.0076,0.6366
DIAMONDS TWO DIAMONDS JACK,0.3038,0.4294,0.2668
SPADES SEVEN HEARTS QUEEN,0.3748,0.0146,0.6106
DIAMONDS TWO SPADES NINE,0.619,0.0174,0.3636
DIAMONDS TWO SPADES EIGHT,0.6218,0.0178,0.3604
DIAMONDS TWO SPADES SEVEN,0.629,0.021,0.35
DIAMONDS TWO SPADES SIX,0.6352,0.0186,0.3462
DIAMONDS TWO SPADES FIVE,0.6784,0.0644,0.2572
DIAMONDS TWO SPADES FOUR,0.632,0.0224,0.3456
DIAMONDS TWO SPADES THREE,0.6312,0.0222,0.3466
DIAMONDS TWO SPADES TWO,0.4174,0.0464,0.5362
CLUBS NINE DIAMONDS TWO,0.628,0.0162,0.3558
DIAMONDS TWO CLUBS EIGHT,0.6386,0.018,0.3434
CLUBS SEVEN DIAMONDS TWO,0.6232,0.025,0.3518
DIAMONDS TWO CLUBS SIX,0.6272,0.0214,0.3514
DIAMONDS TWO CLUBS FIVE,0.6836,0.0632,0.2532
DIAMONDS TWO CLUBS FOUR,0.6416,0.0224,0.336
CLUBS FOUR SPADES FIVE,0.6496,0.0626,0.2878
CLUBS FOUR SPADES FOUR,0.4138,0.0492,0.537
CLUBS FOUR SPADES THREE,0.6208,0.0226,0.3566
CLUBS FOUR SPADES TWO,0.6332,0.0172,0.3496
SPADES NINE CLUBS FOUR,0.6146,0.0204,0.365
SPADES EIGHT CLUBS FOUR,0.6212,0.0206,0.3582
SPADES SEVEN CLUBS FOUR,0.6174,0.02,0.3626
CLUBS FOUR SPADES SIX,0.5966,0.0184,0.385
SPADES ACE DIAMONDS SIX,0.3632,0.0032,0.6336
SPADES QUEEN DIAMONDS SIX,0.3596,0.0112,0.6292
SPADES KING DIAMONDS SIX,0.3592,0.0072,0.6336
SPADES TEN DIAMONDS SIX,0.5724,0.0192,0.4084
SPADES JACK DIAMONDS SIX,0.2246,0.4014,0.374
SPADES QUEEN SPADES TWO,0.3632,0.0116,0.6252
SPADES KING SPADES TWO,0.3558,0.0068,0.6374
SPADES ACE SPADES TWO,0.3776,0.0054,0.617
CLUBS TEN DIAMONDS JACK,0.2448,0.1148,0.6404
DIAMONDS JACK CLUBS KING,0.2178,0.0296,0.7526
DIAMONDS JACK CLUBS QUEEN,0.235,0.0446,0.7204
DIAMONDS THREE DIAMONDS JACK,0.3146,0.4218,0.2636
DIAMONDS THREE DIAMONDS TEN,0.577,0.017,0.406
DIAMONDS JACK CLUBS ACE,0.2326,0.0216,0.7458
DIAMONDS THREE DIAMONDS KING,0.3714,0.0076,0.621
HEARTS THREE DIAMONDS THREE,0.4066,0.0428,0.5506
DIAMONDS THREE DIAMONDS QUEEN,0.3626,0.0108,0.6266
DIAMONDS THREE HEARTS TWO,0.6604,0.0204,0.3192
DIAMONDS THREE DIAMONDS ACE,0.3666,0.0068,0.6266
HEARTS FOUR DIAMONDS THREE,0.6172,0.02,0.3628
HEARTS SEVEN DIAMONDS THREE,0.6252,0.0176,0.3572
SPADES TEN SPADES NINE,0.4938,0.0172,0.489
HEARTS SIX DIAMONDS THREE,0.613,0.0216,0.3654
SPADES JACK SPADES NINE,0.218,0.165,0.617
DIAMONDS THREE HEARTS NINE,0.62,0.019,0.361
HEARTS JACK DIAMONDS FOUR,0.3114,0.4614,0.2272
HEARTS ACE HEARTS KING,0.3114,0.0066,0.682
SPADES TEN SPADES TWO,0.5728,0.016,0.4112
DIAMONDS THREE HEARTS EIGHT,0.624,0.0228,0.3532
HEARTS TEN DIAMONDS FOUR,0.6082,0.0182,0.3736
SPADES JACK SPADES TWO,0.3182,0.4268,0.255
HEARTS QUEEN DIAMONDS FOUR,0.3932,0.0084,0.5984
HEARTS KING DIAMONDS FOUR,0.3874,0.0058,0.6068
SPADES ACE SPADES NINE,0.3376,0.0034,0.659
HEARTS ACE DIAMONDS FOUR,0.3804,0.0034,0.6162
SPADES KING SPADES NINE,0.3246,0.0062,0.6692
SPADES QUEEN SPADES NINE,0.3242,0.0096,0.6662
DIAMONDS THREE SPADES NINE,0.6312,0.0178,0.351
DIAMONDS THREE SPADES EIGHT,0.6314,0.0166,0.352
DIAMONDS THREE SPADES SEVEN,0.6302,0.0208,0.349
DIAMONDS THREE SPADES SIX,0.6148,0.0168,0.3684
DIAMONDS THREE CLUBS SIX,0.6198,0.018,0.3622
CLUBS FIVE CLUBS SIX,0.6334,0.0544,0.3122
CLUBS ACE DIAMONDS FOUR,0.378,0.0064,0.6156
CLUBS SEVEN DIAMONDS THREE,0.6324,0.0158,0.3518
CLUBS SEVEN CLUBS FIVE,0.632,0.062,0.306
DIAMONDS THREE CLUBS FOUR,0.6158,0.0236,0.3606
DIAMONDS FOUR CLUBS QUEEN,0.3946,0.012,0.5934
DIAMONDS THREE CLUBS FIVE,0.6648,0.0686,0.2666
DIAMONDS FOUR CLUBS KING,0.3856,0.0064,0.608
DIAMONDS THREE CLUBS TWO,0.6446,0.0228,0.3326
CLUBS TEN DIAMONDS FOUR,0.626,0.018,0.356
DIAMONDS THREE CLUBS THREE,0.4118,0.0446,0.5436
DIAMONDS THREE SPADES FOUR,0.6128,0.0192,0.368
DIAMONDS THREE SPADES FIVE,0.6656,0.0652,0.2692
DIAMONDS THREE SPADES TWO,0.6436,0.021,0.3354
DIAMONDS THREE SPADES THREE,0.409,0.0456,0.5454
CLUBS EIGHT DIAMONDS THREE,0.6376,0.0208,0.3416
CLUBS NINE DIAMONDS THREE,0.6212,0.0202,0.3586
SPADES SEVEN CLUBS ACE,0.3634,0.004,0.6326
SPADES SEVEN CLUBS QUEEN,0.3748,0.0106,0.6146
SPADES SEVEN CLUBS KING,0.3642,0.009,0.6268
CLUBS FIVE SPADES SEVEN,0.6574,0.058,0.2846
CLUBS TEN SPADES SEVEN,0.5696,0.0172,0.4132
CLUBS FIVE SPADES SIX,0.6528,0.067,0.2802
CLUBS FIVE SPADES NINE,0.6958,0.0626,0.2416
CLUBS FIVE SPADES EIGHT,0.6804,0.0618,0.2578
CLUBS FIVE SPADES THREE,0.6762,0.0662,0.2576
CLUBS FIVE SPADES TWO,0.689,0.0726,0.2384
CLUBS FIVE SPADES FIVE,0.2914,0.0492,0.6594
CLUBS FIVE SPADES FOUR,0.6524,0.0594,0.2882
CLUBS NINE CLUBS FIVE,0.6442,0.067,0.2888
CLUBS EIGHT CLUBS FIVE,0.6442,0.0628,0.293
CLUBS ACE CLUBS QUEEN,0.3074,0.0052,0.6874
CLUBS KING CLUBS QUEEN,0.3094,0.0078,0.6828
DIAMONDS TEN DIAMONDS FOUR,0.5762,0.0168,0.407
CLUBS TEN DIAMONDS NINE,0.5376,0.0154,0.447
DIAMONDS JACK DIAMONDS FOUR,0.2926,0.4356,0.2718
CLUBS TEN SPADES NINE,0.5448,0.0134,0.4418
DIAMONDS ACE DIAMONDS FOUR,0.3632,0.0036,0.6332
HEARTS FOUR DIAMONDS FOUR,0.4098,0.0496,0.5406
DIAMONDS JACK HEARTS TEN,0.2256,0.1232,0.6512
SPADES NINE CLUBS KING,0.3568,0.0046,0.6386
DIAMONDS TWO SPADES TEN,0.631,0.0204,0.3486
DIAMONDS NINE CLUBS ACE,0.351,0.004,0.645
DIAMONDS JACK HEARTS JACK,0.0852,0.0384,0.8764
SPADES NINE CLUBS QUEEN,0.351,0.0126,0.6364
DIAMONDS TWO SPADES JACK,0.3226,0.4492,0.2282
DIAMONDS QUEEN DIAMONDS FOUR,0.375,0.0134,0.6116
HEARTS TWO DIAMONDS FOUR,0.6274,0.0174,0.3552
DIAMONDS NINE CLUBS QUEEN,0.3426,0.0124,0.645
DIAMONDS KING DIAMONDS FOUR,0.3718,0.0096,0.6186
HEARTS THREE DIAMONDS FOUR,0.6376,0.0202,0.3422
SPADES NINE CLUBS ACE,0.358,0.0042,0.6378
DIAMONDS NINE CLUBS KING,0.3566,0.0074,0.636
HEARTS ACE DIAMONDS JACK,0.2306,0.02,0.7494
SPADES ACE DIAMONDS TWO,0.3906,0.0048,0.6046
HEARTS QUEEN DIAMONDS JACK,0.2326,0.0442,0.7232
SPADES QUEEN DIAMONDS TWO,0.4036,0.012,0.5844
DIAMONDS JACK HEARTS KING,0.2244,0.0302,0.7454
SPADES KING DIAMONDS TWO,0.3964,0.0068,0.5968
SPADES JACK SPADES SEVEN,0.2154,0.2738,0.5108
SPADES TEN SPADES SEVEN,0.5442,0.0162,0.4396
CLUBS SEVEN CLUBS THREE,0.5766,0.0174,0.406
CLUBS SIX CLUBS THREE,0.5878,0.0168,0.3954
CLUBS FIVE CLUBS THREE,0.6404,0.0564,0.3032
CLUBS THREE CLUBS FOUR,0.588,0.0232,0.3888
CLUBS NINE CLUBS THREE,0.6052,0.02,0.3748
CLUBS EIGHT CLUBS THREE,0.5872,0.0184,0.3944
CLUBS THREE SPADES FIVE,0.6634,0.0682,0.2684
CLUBS THREE SPADES FOUR,0.6228,0.0212,0.356
CLUBS THREE SPADES THREE,0.4116,0.0464,0.542
CLUBS THREE SPADES TWO,0.6356,0.021,0.3434
CLUBS THREE SPADES SIX,0.6142,0.0194,0.3664
CLUBS THREE SPADES SEVEN,0.6218,0.0208,0.3574
SPADES EIGHT CLUBS THREE,0.6348,0.0182,0.347
SPADES NINE CLUBS THREE,0.6386,0.0182,0.3432
SPADES TWO DIAMONDS FOUR,0.642,0.0168,0.3412
SPADES THREE DIAMONDS FOUR,0.6222,0.0206,0.3572
SPADES FOUR DIAMONDS FOUR,0.4074,0.0452,0.5474
SPADES FIVE DIAMONDS FOUR,0.6568,0.065,0.2782
SPADES SIX DIAMONDS FOUR,0.5926,0.0192,0.3882
SPADES SEVEN DIAMONDS FOUR,0.6026,0.0188,0.3786
SPADES EIGHT DIAMONDS FOUR,0.6016,0.0186,0.3798
SPADES NINE DIAMONDS FOUR,0.6182,0.0202,0.3616
CLUBS FIVE DIAMONDS FOUR,0.6454,0.066,0.2886
CLUBS FOUR DIAMONDS FOUR,0.4086,0.0436,0.5478
CLUBS SEVEN DIAMONDS FOUR,0.6164,0.0222,0.3614
CLUBS SIX DIAMONDS FOUR,0.6122,0.0204,0.3674
CLUBS NINE DIAMONDS FOUR,0.6366,0.0196,0.3438
CLUBS EIGHT DIAMONDS FOUR,0.6216,0.0166,0.3618
HEARTS SEVEN DIAMONDS FOUR,0.6074,0.02,0.3726
HEARTS SIX DIAMONDS FOUR,0.591,0.0234,0.3856
DIAMONDS FOUR HEARTS NINE,0.6202,0.0198,0.36
DIAMONDS FOUR HEARTS EIGHT,0.6178,0.0224,0.3598
CLUBS THREE DIAMONDS FOUR,0.624,0.0234,0.3526
CLUBS TWO DIAMONDS FOUR,0.6472,0.021,0.3318
DIAMONDS TEN DIAMONDS FIVE,0.6606,0.0588,0.2806
DIAMONDS JACK DIAMONDS FIVE,0.0224,0.907,0.0706
DIAMONDS NINE HEARTS QUEEN,0.345,0.0102,0.6448
DIAMONDS NINE HEARTS KING,0.3544,0.0088,0.6368
HEARTS ACE DIAMONDS NINE,0.368,0.0034,0.6286
DIAMONDS NINE HEARTS TEN,0.5322,0.017,0.4508
DIAMONDS NINE HEARTS JACK,0.2238,0.1706,0.6056
CLUBS KING DIAMONDS SIX,0.3606,0.0066,0.6328
CLUBS QUEEN DIAMONDS SIX,0.365,0.0096,0.6254
CLUBS ACE DIAMONDS SIX,0.3462,0.0026,0.6512
SPADES KING DIAMONDS FOUR,0.4004,0.0086,0.591
SPADES ACE SPADES SEVEN,0.341,0.0032,0.6558
SPADES QUEEN DIAMONDS FOUR,0.3902,0.0122,0.5976
SPADES QUEEN SPADES SEVEN,0.3504,0.0112,0.6384
SPADES KING SPADES SEVEN,0.3484,0.0066,0.645
SPADES ACE DIAMONDS FOUR,0.3878,0.0038,0.6084
CLUBS TEN DIAMONDS SIX,0.5878,0.018,0.3942
CLUBS NINE CLUBS FOUR,0.5964,0.0192,0.3844
CLUBS EIGHT CLUBS FOUR,0.5916,0.0172,0.3912
SPADES JACK DIAMONDS FOUR,0.3074,0.4784,0.2142
SPADES TEN DIAMONDS FOUR,0.6166,0.017,0.3664
CLUBS FIVE CLUBS FOUR,0.625,0.0624,0.3126
CLUBS SEVEN CLUBS FOUR,0.5776,0.0192,0.4032
CLUBS SIX CLUBS FOUR,0.5752,0.0182,0.4066
CLUBS SEVEN SPADES EIGHT,0.5608,0.0182,0.421
CLUBS SEVEN SPADES NINE,0.5774,0.018,0.4046
CLUBS SEVEN SPADES SIX,0.5806,0.017,0.4024
CLUBS SEVEN SPADES SEVEN,0.3108,0.0366,0.6526
CLUBS SEVEN SPADES FIVE,0.6622,0.0534,0.2844
CLUBS SEVEN SPADES FOUR,0.6106,0.021,0.3684
CLUBS SEVEN SPADES THREE,0.619,0.0216,0.3594
CLUBS SEVEN SPADES TWO,0.6362,0.0222,0.3416
CLUBS NINE CLUBS SEVEN,0.54,0.017,0.443
CLUBS SEVEN CLUBS EIGHT,0.53,0.0204,0.4496
HEARTS SIX DIAMONDS FIVE,0.653,0.0584,0.2886
HEARTS SEVEN DIAMONDS FIVE,0.6456,0.0722,0.2822
DIAMONDS FIVE HEARTS EIGHT,0.6712,0.0602,0.2686
DIAMONDS FIVE HEARTS NINE,0.679,0.0676,0.2534
DIAMONDS QUEEN DIAMONDS FIVE,0.2262,0.049,0.7248
HEARTS TWO DIAMONDS FIVE,0.6932,0.0622,0.2446
HEARTS KING HEARTS EIGHT,0.3404,0.008,0.6516
DIAMONDS KING DIAMONDS FIVE,0.2244,0.0354,0.7402
HEARTS THREE DIAMONDS FIVE,0.6596,0.0736,0.2668
HEARTS QUEEN HEARTS EIGHT,0.3372,0.0104,0.6524
DIAMONDS ACE DIAMONDS FIVE,0.2246,0.0294,0.746
HEARTS FOUR DIAMONDS FIVE,0.6506,0.067,0.2824
HEARTS ACE HEARTS EIGHT,0.3532,0.0046,0.6422
CLUBS FOUR DIAMONDS FIVE,0.6536,0.0614,0.285
CLUBS FIVE DIAMONDS FIVE,0.306,0.0488,0.6452
CLUBS SIX DIAMONDS FIVE,0.658,0.0642,0.2778
CLUBS SEVEN DIAMONDS FIVE,0.6612,0.0608,0.278
CLUBS TWO DIAMONDS FIVE,0.6754,0.0718,0.2528
CLUBS THREE DIAMONDS FIVE,0.6694,0.0682,0.2624
SPADES THREE DIAMONDS FIVE,0.654,0.0638,0.2822
SPADES TWO DIAMONDS FIVE,0.6812,0.0642,0.2546
SPADES JACK DIAMONDS EIGHT,0.2304,0.2282,0.5414
SPADES FIVE DIAMONDS FIVE,0.293,0.0518,0.6552
CLUBS TEN HEARTS JACK,0.2304,0.1166,0.653
SPADES TEN DIAMONDS EIGHT,0.5516,0.0138,0.4346
SPADES FOUR DIAMONDS FIVE,0.6372,0.066,0.2968
HEARTS JACK CLUBS QUEEN,0.2336,0.0462,0.7202
CLUBS NINE DIAMONDS FIVE,0.6836,0.0606,0.2558
HEARTS JACK CLUBS KING,0.224,0.0348,0.7412
CLUBS EIGHT DIAMONDS FIVE,0.677,0.057,0.266
CLUBS ACE HEARTS JACK,0.219,0.0232,0.7578
SPADES SEVEN DIAMONDS FIVE,0.6618,0.0548,0.2834
SPADES KING DIAMONDS EIGHT,0.3666,0.0072,0.6262
SPADES QUEEN DIAMONDS EIGHT,0.3574,0.0086,0.634
SPADES SIX DIAMONDS FIVE,0.651,0.0566,0.2924
SPADES NINE DIAMONDS FIVE,0.6826,0.057,0.2604
SPADES EIGHT DIAMONDS FIVE,0.6714,0.0578,0.2708
SPADES ACE DIAMONDS EIGHT,0.3638,0.0036,0.6326
DIAMONDS TEN DIAMONDS SIX,0.543,0.016,0.441
HEARTS ACE DIAMONDS SEVEN,0.3534,0.0026,0.644
DIAMONDS JACK DIAMONDS SIX,0.2082,0.3666,0.4252
HEARTS QUEEN DIAMONDS SEVEN,0.366,0.0096,0.6244
HEARTS KING DIAMONDS SEVEN,0.362,0.0066,0.6314
DIAMONDS ACE DIAMONDS SIX,0.3408,0.0032,0.656
HEARTS FOUR DIAMONDS SIX,0.6116,0.0186,0.3698
SPADES TWO HEARTS JACK,0.313,0.4722,0.2148
SPADES TWO HEARTS TEN,0.6218,0.0176,0.3606
DIAMONDS QUEEN DIAMONDS SIX,0.3454,0.012,0.6426
HEARTS TWO DIAMONDS SIX,0.6274,0.0224,0.3502
DIAMONDS KING DIAMONDS SIX,0.3438,0.0086,0.6476
HEARTS THREE DIAMONDS SIX,0.6112,0.0222,0.3666
HEARTS EIGHT DIAMONDS SIX,0.5598,0.0212,0.419
HEARTS NINE DIAMONDS SIX,0.5796,0.017,0.4034
HEARTS SIX DIAMONDS SIX,0.3068,0.0364,0.6568
HEARTS SEVEN DIAMONDS SIX,0.5512,0.0158,0.433
HEARTS TEN DIAMONDS SEVEN,0.5658,0.0178,0.4164
CLUBS TWO DIAMONDS SIX,0.635,0.0182,0.3468
HEARTS JACK DIAMONDS SEVEN,0.2298,0.2858,0.4844
CLUBS THREE DIAMONDS SIX,0.6234,0.0178,0.3588
CLUBS SEVEN DIAMONDS SIX,0.5722,0.0196,0.4082
CLUBS SIX DIAMONDS SIX,0.3062,0.0444,0.6494
CLUBS TEN DIAMONDS EIGHT,0.5652,0.0142,0.4206
CLUBS FIVE DIAMONDS SIX,0.6568,0.0624,0.2808
CLUBS FOUR DIAMONDS SIX,0.6016,0.0196,0.3788
HEARTS ACE HEARTS JACK,0.2354,0.0178,0.7468
DIAMONDS EIGHT CLUBS ACE,0.3662,0.0036,0.6302
HEARTS QUEEN HEARTS JACK,0.223,0.0404,0.7366
DIAMONDS EIGHT CLUBS KING,0.349,0.0056,0.6454
CLUBS NINE DIAMONDS SIX,0.5658,0.0176,0.4166
HEARTS KING HEARTS JACK,0.2252,0.0324,0.7424
DIAMONDS EIGHT CLUBS QUEEN,0.3534,0.0088,0.6378
CLUBS EIGHT DIAMONDS SIX,0.5788,0.0174,0.4038
SPADES TEN HEARTS KING,0.347,0.0062,0.6468
SPADES FIVE DIAMONDS SIX,0.6498,0.0612,0.289
HEARTS ACE SPADES TWO,0.3806,0.005,0.6144
SPADES JACK HEARTS KING,0.2272,0.0314,0.7414
SPADES FOUR DIAMONDS SIX,0.606,0.0224,0.3716
SPADES THREE DIAMONDS SIX,0.6038,0.0214,0.3748
HEARTS QUEEN SPADES TWO,0.3922,0.0122,0.5956
SPADES ACE SPADES KING,0.3054,0.005,0.6896
HEARTS KING SPADES TWO,0.4008,0.0094,0.5898
SPADES TWO DIAMONDS SIX,0.6368,0.0178,0.3454
HEARTS TEN HEARTS EIGHT,0.5196,0.0184,0.462
SPADES NINE DIAMONDS SIX,0.5762,0.0196,0.4042
HEARTS JACK HEARTS EIGHT,0.2276,0.2194,0.553
SPADES EIGHT DIAMONDS SIX,0.5734,0.0148,0.4118
SPADES SEVEN DIAMONDS SIX,0.5546,0.0208,0.4246
SPADES SIX DIAMONDS SIX,0.3114,0.0396,0.649
SPADES KING HEARTS KING,0.1356,0.01,0.8544
SPADES QUEEN HEARTS KING,0.3116,0.0066,0.6818
CLUBS ACE CLUBS KING,0.3052,0.0046,0.6902
SPADES ACE HEARTS KING,0.3204,0.005,0.6746
SPADES ACE HEARTS JACK,0.2232,0.0256,0.7512
SPADES QUEEN HEARTS JACK,0.2256,0.0418,0.7326
SPADES KING HEARTS JACK,0.2158,0.0362,0.748
SPADES TEN DIAMONDS TEN,0.278,0.0218,0.7002
SPADES JACK DIAMONDS TEN,0.2292,0.1164,0.6544
SPADES ACE DIAMONDS TEN,0.3512,0.0042,0.6446
SPADES JACK HEARTS JACK,0.0808,0.0384,0.8808
SPADES TEN HEARTS JACK,0.2176,0.134,0.6484
SPADES QUEEN DIAMONDS TEN,0.3326,0.007,0.6604
SPADES KING DIAMONDS TEN,0.3366,0.007,0.6564
SPADES NINE DIAMONDS SEVEN,0.5682,0.0164,0.4154
SPADES EIGHT DIAMONDS SEVEN,0.5602,0.0138,0.426
SPADES SEVEN DIAMONDS SEVEN,0.3088,0.0318,0.6594
SPADES SIX DIAMONDS SEVEN,0.562,0.0142,0.4238
DIAMONDS KING DIAMONDS SEVEN,0.3458,0.0064,0.6478
HEARTS THREE DIAMONDS SEVEN,0.6248,0.0192,0.356
HEARTS KING DIAMONDS FIVE,0.2356,0.042,0.7224
DIAMONDS QUEEN DIAMONDS SEVEN,0.3448,0.0104,0.6448
HEARTS TWO DIAMONDS SEVEN,0.6448,0.0142,0.341
HEARTS QUEEN DIAMONDS FIVE,0.2324,0.0544,0.7132
DIAMONDS ACE DIAMONDS SEVEN,0.348,0.005,0.647
HEARTS FOUR DIAMONDS SEVEN,0.6198,0.0216,0.3586
HEARTS ACE DIAMONDS FIVE,0.2314,0.0282,0.7404
HEARTS SEVEN DIAMONDS SEVEN,0.2928,0.0414,0.6658
HEARTS SIX DIAMONDS SEVEN,0.5556,0.0204,0.424
DIAMONDS SEVEN HEARTS NINE,0.562,0.018,0.42
HEARTS EIGHT DIAMONDS SEVEN,0.543,0.0164,0.4406
DIAMONDS JACK DIAMONDS SEVEN,0.2174,0.2752,0.5074
DIAMONDS FIVE HEARTS JACK,0.0102,0.9732,0.0166
DIAMONDS TEN DIAMONDS SEVEN,0.5414,0.016,0.4426
HEARTS TEN DIAMONDS FIVE,0.7056,0.07,0.2244
SPADES KING CLUBS TWO,0.387,0.008,0.605
HEARTS KING CLUBS KING,0.134,0.0104,0.8556
CLUBS EIGHT DIAMONDS SEVEN,0.5632,0.0158,0.421
SPADES QUEEN CLUBS TWO,0.4016,0.0106,0.5878
HEARTS KING CLUBS QUEEN,0.3008,0.0056,0.6936
CLUBS NINE DIAMONDS SEVEN,0.5616,0.0184,0.42
SPADES ACE CLUBS TWO,0.3996,0.0048,0.5956
CLUBS TEN SPADES TWO,0.624,0.0228,0.3532
HEARTS KING CLUBS ACE,0.3158,0.0056,0.6786
CLUBS SEVEN CLUBS SIX,0.5334,0.0178,0.4488
SPADES TWO CLUBS KING,0.3942,0.007,0.5988
SPADES TWO DIAMONDS SEVEN,0.6312,0.022,0.3468
CLUBS EIGHT CLUBS SIX,0.5362,0.0182,0.4456
SPADES THREE DIAMONDS SEVEN,0.608,0.0178,0.3742
SPADES TWO CLUBS QUEEN,0.3948,0.0098,0.5954
CLUBS NINE CLUBS SIX,0.541,0.0206,0.4384
SPADES FOUR DIAMONDS SEVEN,0.5992,0.0216,0.3792
SPADES FIVE DIAMONDS SEVEN,0.654,0.0622,0.2838
SPADES TWO CLUBS ACE,0.3946,0.006,0.5994
CLUBS TEN HEARTS KING,0.3414,0.0102,0.6484
CLUBS SIX SPADES TWO,0.6308,0.019,0.3502
CLUBS SIX SPADES THREE,0.6208,0.017,0.3622
CLUBS TWO DIAMONDS SEVEN,0.6392,0.0188,0.342
CLUBS SIX SPADES FOUR,0.6036,0.0198,0.3766
CLUBS THREE DIAMONDS SEVEN,0.626,0.0206,0.3534
CLUBS SIX SPADES FIVE,0.664,0.0628,0.2732
CLUBS FOUR DIAMONDS SEVEN,0.61,0.0204,0.3696
CLUBS SIX SPADES SIX,0.3082,0.044,0.6478
CLUBS FIVE DIAMONDS SEVEN,0.6606,0.0626,0.2768
CLUBS SIX SPADES SEVEN,0.5756,0.0178,0.4066
CLUBS SIX DIAMONDS SEVEN,0.5666,0.0182,0.4152
CLUBS SIX SPADES EIGHT,0.5692,0.0156,0.4152
SPADES JACK CLUBS TWO,0.3108,0.466,0.2232
CLUBS SEVEN DIAMONDS SEVEN,0.3024,0.0404,0.6572
SPADES NINE CLUBS SIX,0.5778,0.0136,0.4086
SPADES TEN CLUBS TWO,0.6202,0.0202,0.3596
CLUBS TWO CLUBS QUEEN,0.3884,0.01,0.6016
CLUBS TWO CLUBS KING,0.3884,0.0108,0.6008
CLUBS THREE DIAMONDS EIGHT,0.6316,0.0222,0.3462
CLUBS TWO CLUBS ACE,0.3662,0.0038,0.63
CLUBS TWO DIAMONDS EIGHT,0.631,0.0182,0.3508
HEARTS SEVEN DIAMONDS EIGHT,0.547,0.0174,0.4356
HEARTS SIX DIAMONDS EIGHT,0.5572,0.0176,0.4252
DIAMONDS EIGHT HEARTS NINE,0.5338,0.0148,0.4514
CLUBS TEN CLUBS TWO,0.6018,0.0144,0.3838
DIAMONDS EIGHT HEARTS EIGHT,0.297,0.031,0.672
CLUBS NINE DIAMONDS EIGHT,0.542,0.019,0.439
CLUBS EIGHT DIAMONDS EIGHT,0.3054,0.032,0.6626
CLUBS FIVE DIAMONDS EIGHT,0.6846,0.0576,0.2578
SPADES ACE SPADES THREE,0.3576,0.0052,0.6372
CLUBS FOUR DIAMONDS EIGHT,0.6146,0.0198,0.3656
CLUBS SEVEN DIAMONDS EIGHT,0.5608,0.0172,0.422
SPADES QUEEN SPADES THREE,0.3626,0.011,0.6264
CLUBS SIX DIAMONDS EIGHT,0.569,0.0176,0.4134
SPADES KING SPADES THREE,0.375,0.01,0.615
DIAMONDS QUEEN DIAMONDS EIGHT,0.3388,0.0092,0.652
HEARTS TWO DIAMONDS EIGHT,0.6318,0.0166,0.3516
DIAMONDS KING DIAMONDS EIGHT,0.3428,0.0054,0.6518
HEARTS THREE DIAMONDS EIGHT,0.6352,0.0168,0.348
DIAMONDS ACE DIAMONDS EIGHT,0.342,0.0042,0.6538
HEARTS FOUR DIAMONDS EIGHT,0.6284,0.0202,0.3514
DIAMONDS EIGHT DIAMONDS TEN,0.4994,0.018,0.4826
DIAMONDS EIGHT DIAMONDS JACK,0.2106,0.2126,0.5768
SPADES JACK SPADES THREE,0.3022,0.4362,0.2616
SPADES TEN SPADES THREE,0.5752,0.0178,0.407
CLUBS FOUR HEARTS ACE,0.395,0.0052,0.5998
CLUBS FOUR HEARTS QUEEN,0.3786,0.0132,0.6082
CLUBS FOUR HEARTS KING,0.3976,0.0078,0.5946
CLUBS SIX HEARTS TEN,0.5864,0.017,0.3966
CLUBS SIX HEARTS JACK,0.2118,0.4076,0.3806
DIAMONDS EIGHT SPADES FOUR,0.6042,0.0188,0.377
SPADES FIVE DIAMONDS EIGHT,0.6698,0.0586,0.2716
DIAMONDS EIGHT SPADES TWO,0.6262,0.0198,0.354
DIAMONDS EIGHT SPADES THREE,0.6208,0.0208,0.3584
CLUBS FOUR HEARTS JACK,0.329,0.4642,0.2068
SPADES EIGHT DIAMONDS EIGHT,0.2936,0.0342,0.6722
SPADES TEN DIAMONDS QUEEN,0.341,0.0088,0.6502
SPADES TEN HEARTS TWO,0.6334,0.016,0.3506
SPADES JACK HEARTS EIGHT,0.219,0.2152,0.5658
CLUBS FOUR HEARTS TEN,0.6316,0.0192,0.3492
SPADES NINE DIAMONDS EIGHT,0.5466,0.0154,0.438
SPADES TEN HEARTS EIGHT,0.5428,0.0152,0.442
SPADES JACK HEARTS TWO,0.3308,0.4618,0.2074
SPADES JACK DIAMONDS QUEEN,0.235,0.0406,0.7244
SPADES SIX DIAMONDS EIGHT,0.5634,0.0164,0.4202
SPADES SEVEN DIAMONDS EIGHT,0.5612,0.0198,0.419
SPADES ACE HEARTS TWO,0.3896,0.0056,0.6048
SPADES ACE DIAMONDS QUEEN,0.3248,0.004,0.6712
SPADES ACE HEARTS EIGHT,0.3662,0.0036,0.6302
SPADES KING HEARTS EIGHT,0.3546,0.0078,0.6376
SPADES QUEEN HEARTS TWO,0.3992,0.0102,0.5906
SPADES QUEEN DIAMONDS QUEEN,0.1536,0.0088,0.8376
SPADES KING DIAMONDS QUEEN,0.3254,0.0052,0.6694
SPADES KING HEARTS TWO,0.408,0.0074,0.5846
SPADES QUEEN HEARTS EIGHT,0.3508,0.011,0.6382
CLUBS TWO HEARTS TEN,0.6346,0.0174,0.348
CLUBS TWO HEARTS JACK,0.3194,0.4646,0.216
SPADES SEVEN DIAMONDS NINE,0.5726,0.0148,0.4126
SPADES SIX DIAMONDS NINE,0.5692,0.017,0.4138
SPADES NINE DIAMONDS NINE,0.2838,0.0234,0.6928
SPADES EIGHT DIAMONDS NINE,0.5532,0.0162,0.4306
SPADES TEN CLUBS KING,0.3384,0.0074,0.6542
DIAMONDS NINE SPADES THREE,0.6148,0.0194,0.3658
SPADES JACK CLUBS KING,0.2294,0.0304,0.7402
DIAMONDS NINE SPADES TWO,0.6316,0.0184,0.35
DIAMONDS NINE SPADES FIVE,0.6838,0.058,0.2582
DIAMONDS NINE SPADES FOUR,0.615,0.0204,0.3646
CLUBS NINE DIAMONDS NINE,0.2836,0.0274,0.689
CLUBS EIGHT DIAMONDS NINE,0.5366,0.0184,0.445
CLUBS SIX DIAMONDS NINE,0.5724,0.017,0.4106
SPADES JACK CLUBS FOUR,0.3216,0.466,0.2124
CLUBS SEVEN DIAMONDS NINE,0.5572,0.015,0.4278
SPADES TEN CLUBS FOUR,0.6294,0.018,0.3526
CLUBS FOUR DIAMONDS NINE,0.6262,0.0196,0.3542
CLUBS FIVE DIAMONDS NINE,0.687,0.0658,0.2472
DIAMONDS NINE CLUBS TWO,0.6224,0.0186,0.359
CLUBS THREE DIAMONDS NINE,0.6204,0.0184,0.3612
DIAMONDS NINE HEARTS EIGHT,0.5456,0.018,0.4364
DIAMONDS NINE HEARTS NINE,0.2892,0.03,0.6808
HEARTS SIX DIAMONDS NINE,0.5696,0.0192,0.4112
HEARTS SEVEN DIAMONDS NINE,0.553,0.02,0.427
CLUBS NINE CLUBS EIGHT,0.5276,0.018,0.4544
DIAMONDS ACE DIAMONDS NINE,0.3556,0.0032,0.6412
HEARTS FOUR DIAMONDS NINE,0.6262,0.0182,0.3556
HEARTS ACE CLUBS TWO,0.3736,0.0052,0.6212
SPADES ACE CLUBS FOUR,0.3822,0.0036,0.6142
DIAMONDS QUEEN DIAMONDS NINE,0.3344,0.0084,0.6572
HEARTS TWO DIAMONDS NINE,0.6286,0.017,0.3544
CLUBS TWO HEARTS KING,0.4062,0.0088,0.585
SPADES KING CLUBS FOUR,0.406,0.0072,0.5868
DIAMONDS KING DIAMONDS NINE,0.3424,0.0074,0.6502
HEARTS THREE DIAMONDS NINE,0.6302,0.0166,0.3532
CLUBS TWO HEARTS QUEEN,0.4034,0.012,0.5846
SPADES QUEEN CLUBS FOUR,0.3926,0.0106,0.5968
DIAMONDS NINE DIAMONDS JACK,0.2176,0.1638,0.6186
CLUBS EIGHT SPADES NINE,0.555,0.0186,0.4264
DIAMONDS NINE DIAMONDS TEN,0.4958,0.0156,0.4886
CLUBS EIGHT SPADES EIGHT,0.2986,0.0334,0.668
CLUBS EIGHT SPADES SEVEN,0.5542,0.0168,0.429
CLUBS EIGHT SPADES SIX,0.5726,0.0178,0.4096
CLUBS EIGHT SPADES FIVE,0.6744,0.0646,0.261
CLUBS EIGHT SPADES FOUR,0.6214,0.0218,0.3568
CLUBS EIGHT SPADES THREE,0.641,0.0214,0.3376
CLUBS EIGHT SPADES TWO,0.6232,0.0196,0.3572
HEARTS SIX DIAMONDS TEN,0.5792,0.021,0.3998
HEARTS SEVEN DIAMONDS TEN,0.5626,0.0164,0.421
DIAMONDS TEN HEARTS EIGHT,0.553,0.0182,0.4288
DIAMONDS TEN HEARTS NINE,0.5376,0.0148,0.4476
CLUBS TEN CLUBS FOUR,0.5914,0.0194,0.3892
CLUBS FOUR CLUBS KING,0.3736,0.0094,0.617
CLUBS FOUR CLUBS QUEEN,0.3734,0.0118,0.6148
CLUBS TWO DIAMONDS TEN,0.625,0.0154,0.3596
CLUBS THREE DIAMONDS TEN,0.6238,0.0186,0.3576
CLUBS FOUR CLUBS ACE,0.355,0.0046,0.6404
DIAMONDS JACK DIAMONDS TEN,0.209,0.116,0.675
DIAMONDS QUEEN DIAMONDS TEN,0.3054,0.0094,0.6852
HEARTS TWO DIAMONDS TEN,0.629,0.0202,0.3508
DIAMONDS KING DIAMONDS TEN,0.3334,0.0052,0.6614
HEARTS THREE DIAMONDS TEN,0.6308,0.0188,0.3504
DIAMONDS ACE DIAMONDS TEN,0.3234,0.005,0.6716
HEARTS FOUR DIAMONDS TEN,0.6374,0.0196,0.343
CLUBS EIGHT HEARTS JACK,0.2264,0.2326,0.541
CLUBS EIGHT HEARTS TEN,0.565,0.0188,0.4162
CLUBS EIGHT HEARTS QUEEN,0.3494,0.0116,0.639
CLUBS EIGHT HEARTS KING,0.3658,0.0078,0.6264
CLUBS EIGHT HEARTS ACE,0.3594,0.005,0.6356
CLUBS NINE SPADES THREE,0.627,0.0234,0.3496
CLUBS NINE SPADES TWO,0.6402,0.019,0.3408
CLUBS NINE SPADES FIVE,0.7084,0.059,0.2326
CLUBS NINE SPADES FOUR,0.6288,0.021,0.3502
CLUBS NINE SPADES SEVEN,0.5646,0.0168,0.4186
CLUBS NINE SPADES SIX,0.5742,0.0176,0.4082
CLUBS NINE SPADES NINE,0.2882,0.0328,0.679
CLUBS TEN HEARTS EIGHT,0.5486,0.0162,0.4352
CLUBS NINE SPADES EIGHT,0.553,0.0146,0.4324
HEARTS EIGHT CLUBS QUEEN,0.3322,0.0134,0.6544
CLUBS KING HEARTS EIGHT,0.36,0.0084,0.6316
CLUBS ACE HEARTS EIGHT,0.3512,0.0056,0.6432
SPADES KING CLUBS KING,0.1428,0.0066,0.8506
SPADES QUEEN CLUBS KING,0.3082,0.007,0.6848
SPADES ACE CLUBS KING,0.3262,0.005,0.6688
DIAMONDS ACE HEARTS TEN,0.3336,0.004,0.6624
HEARTS FOUR HEARTS TEN,0.5854,0.0174,0.3972
DIAMONDS ACE HEARTS JACK,0.2246,0.0216,0.7538
HEARTS FOUR HEARTS JACK,0.3026,0.4364,0.261
SPADES KING CLUBS FIVE,0.2332,0.0464,0.7204
SPADES QUEEN CLUBS FIVE,0.2406,0.0562,0.7032
SPADES ACE CLUBS FIVE,0.2376,0.0268,0.7356
HEARTS SEVEN DIAMONDS JACK,0.2334,0.2858,0.4808
HEARTS SIX DIAMONDS JACK,0.2198,0.3936,0.3866
DIAMONDS JACK HEARTS NINE,0.2222,0.1576,0.6202
DIAMONDS JACK HEARTS EIGHT,0.2212,0.2304,0.5484
DIAMONDS KING DIAMONDS JACK,0.2192,0.0284,0.7524
HEARTS THREE DIAMONDS JACK,0.3272,0.4644,0.2084
SPADES ACE SPADES SIX,0.3384,0.0038,0.6578
HEARTS ACE SPADES FOUR,0.3712,0.0066,0.6222
DIAMONDS QUEEN DIAMONDS JACK,0.2228,0.0338,0.7434
HEARTS TWO DIAMONDS JACK,0.3422,0.4506,0.2072
SPADES QUEEN SPADES SIX,0.3498,0.013,0.6372
SPADES FOUR HEARTS QUEEN,0.3936,0.0128,0.5936
DIAMONDS ACE DIAMONDS JACK,0.215,0.0194,0.7656
HEARTS FOUR DIAMONDS JACK,0.3318,0.4682,0.2
SPADES KING SPADES SIX,0.3234,0.0094,0.6672
SPADES FOUR HEARTS KING,0.384,0.0066,0.6094
SPADES TEN SPADES SIX,0.5428,0.0144,0.4428
SPADES JACK SPADES SIX,0.2094,0.3622,0.4284
SPADES FOUR DIAMONDS JACK,0.3252,0.4548,0.22
SPADES FIVE DIAMONDS JACK,0.0232,0.9562,0.0206
DIAMONDS JACK SPADES TWO,0.3324,0.4498,0.2178
DIAMONDS JACK SPADES THREE,0.3274,0.453,0.2196
SPADES ACE DIAMONDS THREE,0.383,0.0044,0.6126
SPADES QUEEN DIAMONDS THREE,0.3918,0.013,0.5952
CLUBS EIGHT DIAMONDS JACK,0.2312,0.2264,0.5424
SPADES KING DIAMONDS THREE,0.3962,0.0068,0.597
CLUBS NINE DIAMONDS JACK,0.238,0.174,0.588
CLUBS SIX DIAMONDS JACK,0.2284,0.3944,0.3772
CLUBS SEVEN DIAMONDS JACK,0.2266,0.294,0.4794
CLUBS FOUR DIAMONDS JACK,0.326,0.4728,0.2012
CLUBS FIVE DIAMONDS JACK,0.019,0.9722,0.0088
CLUBS TWO DIAMONDS JACK,0.3222,0.4664,0.2114
CLUBS THREE DIAMONDS JACK,0.3288,0.46,0.2112
SPADES TEN CLUBS FIVE,0.6916,0.0662,0.2422
SPADES JACK HEARTS SIX,0.212,0.3882,0.3998
HEARTS SIX SPADES TEN,0.5876,0.0186,0.3938
SPADES JACK CLUBS FIVE,0.0174,0.9724,0.0102
SPADES JACK DIAMONDS THREE,0.3248,0.4554,0.2198
CLUBS SEVEN CLUBS ACE,0.3504,0.0068,0.6428
DIAMONDS THREE SPADES TEN,0.6232,0.0176,0.3592
CLUBS SEVEN CLUBS QUEEN,0.3518,0.012,0.6362
CLUBS SEVEN CLUBS KING,0.3558,0.0066,0.6376
SPADES NINE DIAMONDS JACK,0.2322,0.1638,0.604
CLUBS TEN CLUBS SEVEN,0.5454,0.0148,0.4398
DIAMONDS ACE HEARTS ACE,0.1274,0.004,0.8686
HEARTS FOUR HEARTS ACE,0.3586,0.0034,0.638
SPADES EIGHT DIAMONDS JACK,0.234,0.2252,0.5408
SPADES ACE HEARTS SIX,0.3622,0.0032,0.6346
DIAMONDS ACE HEARTS KING,0.3216,0.0042,0.6742
HEARTS FOUR HEARTS KING,0.3724,0.008,0.6196
SPADES SEVEN DIAMONDS JACK,0.2358,0.2982,0.466
SPADES KING HEARTS SIX,0.3568,0.0052,0.638
DIAMONDS ACE HEARTS QUEEN,0.3188,0.0044,0.6768
HEARTS FOUR HEARTS QUEEN,0.3626,0.0148,0.6226
SPADES QUEEN HEARTS SIX,0.3602,0.0108,0.629
SPADES SIX DIAMONDS JACK,0.2334,0.3936,0.373
DIAMONDS TEN SPADES TWO,0.6218,0.0176,0.3606
SPADES THREE DIAMONDS TEN,0.621,0.0182,0.3608
SPADES FOUR DIAMONDS TEN,0.6318,0.0194,0.3488
SPADES FIVE DIAMONDS TEN,0.6914,0.068,0.2406
SPADES SIX DIAMONDS TEN,0.5732,0.014,0.4128
SPADES SEVEN DIAMONDS TEN,0.5712,0.0154,0.4134
SPADES EIGHT DIAMONDS TEN,0.5526,0.0132,0.4342
SPADES NINE DIAMONDS TEN,0.5386,0.0148,0.4466
CLUBS FOUR DIAMONDS TEN,0.6344,0.0186,0.347
CLUBS FIVE DIAMONDS TEN,0.6994,0.0714,0.2292
CLUBS SIX DIAMONDS TEN,0.5914,0.018,0.3906
CLUBS SEVEN DIAMONDS TEN,0.5808,0.0168,0.4024
CLUBS EIGHT DIAMONDS TEN,0.5474,0.0174,0.4352
CLUBS NINE DIAMONDS TEN,0.5324,0.0176,0.45
CLUBS TEN DIAMONDS THREE,0.6356,0.021,0.3434
DIAMONDS THREE CLUBS KING,0.3908,0.0094,0.5998
DIAMONDS THREE CLUBS QUEEN,0.3926,0.011,0.5964
DIAMONDS THREE CLUBS ACE,0.3722,0.0042,0.6236
SPADES FOUR HEARTS JACK,0.3076,0.4664,0.226
SPADES FOUR HEARTS TEN,0.6184,0.0172,0.3644
SPADES FIVE SPADES TWO,0.6262,0.062,0.3118
SPADES FOUR SPADES TWO,0.5914,0.0192,0.3894
SPADES THREE SPADES TWO,0.6054,0.02,0.3746
SPADES NINE SPADES TWO,0.5874,0.0166,0.396
SPADES EIGHT SPADES TWO,0.5876,0.0186,0.3938
SPADES SEVEN SPADES TWO,0.5962,0.02,0.3838
SPADES SIX SPADES TWO,0.5868,0.0214,0.3918
DIAMONDS QUEEN CLUBS THREE,0.3976,0.0092,0.5932
CLUBS THREE HEARTS TWO,0.6464,0.0214,0.3322
DIAMONDS QUEEN CLUBS TWO,0.4046,0.0128,0.5826
HEARTS TWO CLUBS TWO,0.4156,0.0454,0.539
HEARTS SEVEN DIAMONDS QUEEN,0.3536,0.0114,0.635
HEARTS SEVEN HEARTS TWO,0.607,0.0228,0.3702
HEARTS SIX DIAMONDS QUEEN,0.3582,0.0092,0.6326
HEARTS SIX HEARTS TWO,0.5884,0.0166,0.395
DIAMONDS QUEEN HEARTS NINE,0.3446,0.0106,0.6448
HEARTS TWO HEARTS NINE,0.5998,0.0168,0.3834
DIAMONDS QUEEN HEARTS EIGHT,0.3612,0.0106,0.6282
HEARTS TWO HEARTS EIGHT,0.5888,0.0216,0.3896
CLUBS NINE HEARTS TWO,0.6268,0.0228,0.3504
CLUBS NINE DIAMONDS QUEEN,0.3442,0.0088,0.647
CLUBS EIGHT HEARTS TWO,0.6346,0.0202,0.3452
CLUBS EIGHT DIAMONDS QUEEN,0.3536,0.0084,0.638
CLUBS FIVE DIAMONDS QUEEN,0.2362,0.0508,0.713
CLUBS FIVE HEARTS TWO,0.6894,0.0676,0.243
SPADES EIGHT HEARTS ACE,0.363,0.0036,0.6334
DIAMONDS QUEEN CLUBS FOUR,0.392,0.0118,0.5962
HEARTS TWO CLUBS FOUR,0.6518,0.022,0.3262
CLUBS SEVEN DIAMONDS QUEEN,0.369,0.0088,0.6222
CLUBS SEVEN HEARTS TWO,0.6364,0.0224,0.3412
SPADES EIGHT HEARTS QUEEN,0.3636,0.0082,0.6282
CLUBS SIX DIAMONDS QUEEN,0.3684,0.0104,0.6212
CLUBS SIX HEARTS TWO,0.6232,0.0236,0.3532
SPADES EIGHT HEARTS KING,0.3582,0.0076,0.6342
HEARTS TWO SPADES SIX,0.6344,0.0228,0.3428
DIAMONDS QUEEN SPADES SIX,0.3616,0.0108,0.6276
HEARTS FOUR CLUBS QUEEN,0.3844,0.0116,0.604
DIAMONDS ACE CLUBS QUEEN,0.3234,0.0026,0.674
DIAMONDS QUEEN SPADES SEVEN,0.3662,0.0098,0.624
HEARTS TWO SPADES SEVEN,0.639,0.0212,0.3398
HEARTS FOUR CLUBS KING,0.3922,0.0084,0.5994
DIAMONDS ACE CLUBS KING,0.3226,0.0044,0.673
DIAMONDS QUEEN SPADES EIGHT,0.361,0.01,0.629
SPADES EIGHT HEARTS TWO,0.6316,0.0172,0.3512
HEARTS FOUR CLUBS ACE,0.3758,0.006,0.6182
DIAMONDS ACE CLUBS ACE,0.1172,0.005,0.8778
SPADES NINE DIAMONDS QUEEN,0.3554,0.0078,0.6368
SPADES NINE HEARTS TWO,0.6118,0.018,0.3702
HEARTS TWO SPADES TWO,0.4102,0.0456,0.5442
DIAMONDS QUEEN SPADES TWO,0.3988,0.011,0.5902
HEARTS TWO SPADES THREE,0.6428,0.0214,0.3358
DIAMONDS QUEEN SPADES THREE,0.4092,0.0104,0.5804
HEARTS TWO SPADES FOUR,0.6308,0.019,0.3502
DIAMONDS QUEEN SPADES FOUR,0.3954,0.0138,0.5908
HEARTS FOUR CLUBS TEN,0.6376,0.0186,0.3438
CLUBS TEN DIAMONDS ACE,0.3564,0.0026,0.641
HEARTS TWO SPADES FIVE,0.689,0.0718,0.2392
DIAMONDS QUEEN SPADES FIVE,0.2326,0.0538,0.7136
CLUBS FIVE CLUBS KING,0.2252,0.0388,0.736
CLUBS FIVE CLUBS QUEEN,0.224,0.051,0.725
CLUBS FIVE CLUBS ACE,0.235,0.0282,0.7368
CLUBS TEN CLUBS FIVE,0.6726,0.0662,0.2612
SPADES SIX CLUBS KING,0.352,0.0088,0.6392
SPADES SIX CLUBS QUEEN,0.3642,0.0134,0.6224
SPADES EIGHT HEARTS JACK,0.217,0.2228,0.5602
SPADES SIX CLUBS ACE,0.3556,0.0046,0.6398
SPADES EIGHT HEARTS TEN,0.548,0.0166,0.4354
CLUBS TEN SPADES SIX,0.586,0.0172,0.3968
SPADES QUEEN CLUBS SEVEN,0.3566,0.0104,0.633
SPADES KING CLUBS SEVEN,0.3628,0.007,0.6302
SPADES ACE CLUBS SEVEN,0.363,0.0044,0.6326
SPADES SIX HEARTS TEN,0.5868,0.0188,0.3944
SPADES SIX HEARTS JACK,0.2244,0.3854,0.3902
SPADES SIX HEARTS ACE,0.3598,0.0056,0.6346
SPADES SIX HEARTS KING,0.361,0.0094,0.6296
SPADES SIX HEARTS QUEEN,0.3572,0.0118,0.631
CLUBS SEVEN SPADES JACK,0.2334,0.2932,0.4734
CLUBS SEVEN SPADES TEN,0.571,0.017,0.412
CLUBS TEN HEARTS SIX,0.5864,0.0188,0.3948
HEARTS SIX CLUBS QUEEN,0.3628,0.0116,0.6256
HEARTS SIX CLUBS KING,0.3552,0.0078,0.637
HEARTS SIX CLUBS ACE,0.362,0.0064,0.6316
DIAMONDS THREE HEARTS ACE,0.389,0.0068,0.6042
DIAMONDS THREE HEARTS QUEEN,0.3646,0.0112,0.6242
DIAMONDS THREE HEARTS KING,0.4038,0.0084,0.5878
CLUBS FIVE HEARTS JACK,0.007,0.9864,0.0066
SPADES TEN DIAMONDS ACE,0.3578,0.0046,0.6376
HEARTS FOUR SPADES TEN,0.632,0.0204,0.3476
CLUBS FIVE HEARTS TEN,0.7014,0.067,0.2316
HEARTS FOUR SPADES JACK,0.3238,0.4572,0.219
SPADES JACK DIAMONDS ACE,0.2298,0.0216,0.7486
SPADES ACE HEARTS FOUR,0.3848,0.004,0.6112
SPADES ACE DIAMONDS ACE,0.1346,0.0026,0.8628
CLUBS FIVE HEARTS ACE,0.2328,0.0316,0.7356
CLUBS FIVE HEARTS KING,0.2356,0.043,0.7214
HEARTS FOUR SPADES QUEEN,0.3838,0.0122,0.604
SPADES QUEEN DIAMONDS ACE,0.3246,0.0034,0.672
CLUBS FIVE HEARTS QUEEN,0.235,0.055,0.71
SPADES KING DIAMONDS ACE,0.3258,0.0034,0.6708
HEARTS FOUR SPADES KING,0.401,0.01,0.589
CLUBS TEN SPADES FOUR,0.6212,0.0166,0.3622
DIAMONDS QUEEN DIAMONDS ACE,0.2978,0.0038,0.6984
HEARTS TWO DIAMONDS ACE,0.3948,0.0048,0.6004
HEARTS FOUR DIAMONDS QUEEN,0.3832,0.0122,0.6046
HEARTS FOUR HEARTS TWO,0.6154,0.0168,0.3678
DIAMONDS THREE HEARTS TEN,0.6216,0.0172,0.3612
SPADES FOUR CLUBS KING,0.395,0.0094,0.5956
DIAMONDS THREE HEARTS JACK,0.316,0.4602,0.2238
SPADES FOUR CLUBS QUEEN,0.3832,0.012,0.6048
DIAMONDS QUEEN HEARTS TWO,0.3966,0.0112,0.5922
DIAMONDS KING DIAMONDS QUEEN,0.2974,0.0062,0.6964
DIAMONDS KING HEARTS TWO,0.3962,0.0108,0.593
HEARTS THREE DIAMONDS QUEEN,0.3986,0.0116,0.5898
HEARTS THREE HEARTS TWO,0.6068,0.0214,0.3718
SPADES FOUR CLUBS ACE,0.3692,0.0048,0.626
HEARTS TWO CLUBS ACE,0.3996,0.0056,0.5948
DIAMONDS QUEEN CLUBS ACE,0.314,0.0064,0.6796
HEARTS TWO CLUBS QUEEN,0.3908,0.0136,0.5956
DIAMONDS QUEEN CLUBS QUEEN,0.1412,0.0118,0.847
HEARTS TWO CLUBS KING,0.3854,0.0074,0.6072
DIAMONDS QUEEN CLUBS KING,0.3176,0.0064,0.676
SPADES EIGHT SPADES FIVE,0.6414,0.055,0.3036
CLUBS TEN HEARTS TWO,0.6366,0.0162,0.3472
CLUBS TEN DIAMONDS QUEEN,0.3396,0.0104,0.65
SPADES NINE SPADES FIVE,0.6382,0.0636,0.2982
SPADES SIX SPADES FIVE,0.6154,0.0542,0.3304
SPADES SEVEN SPADES FIVE,0.6162,0.0578,0.326
DIAMONDS FIVE CLUBS QUEEN,0.2452,0.056,0.6988
SPADES EIGHT CLUBS ACE,0.3546,0.0042,0.6412
DIAMONDS FIVE CLUBS KING,0.234,0.041,0.725
SPADES EIGHT CLUBS KING,0.358,0.007,0.635
DIAMONDS FIVE CLUBS ACE,0.2238,0.0274,0.7488
SPADES EIGHT CLUBS QUEEN,0.3446,0.0102,0.6452
CLUBS TEN SPADES EIGHT,0.5502,0.0154,0.4344
CLUBS TEN DIAMONDS FIVE,0.7144,0.0614,0.2242
DIAMONDS TEN HEARTS JACK,0.234,0.1188,0.6472
DIAMONDS TEN HEARTS TEN,0.28,0.0198,0.7002
SPADES ACE CLUBS NINE,0.371,0.0034,0.6256
CLUBS NINE SPADES QUEEN,0.3616,0.0114,0.627
CLUBS NINE SPADES KING,0.361,0.0094,0.6296
HEARTS SIX HEARTS KING,0.3474,0.0074,0.6452
DIAMONDS KING SPADES SEVEN,0.3596,0.0066,0.6338
HEARTS THREE SPADES SEVEN,0.6168,0.0236,0.3596
SPADES KING DIAMONDS SEVEN,0.366,0.0062,0.6278
HEARTS SIX HEARTS QUEEN,0.3482,0.0106,0.6412
SPADES QUEEN DIAMONDS SEVEN,0.3746,0.0094,0.616
HEARTS THREE SPADES SIX,0.6244,0.0178,0.3578
DIAMONDS KING SPADES SIX,0.3686,0.005,0.6264
DIAMONDS KING SPADES NINE,0.3454,0.0076,0.647
HEARTS THREE SPADES NINE,0.6296,0.0174,0.353
