opposingHand,winningChance,drawChance,lostChance
CLUBS SIX DIAMONDS EIGHT
HEARTS FIVE SPADES TEN,0.4212,0.0278,0.551
HEARTS FIVE SPADES JACK,0.4176,0.016,0.5664
CLUBS JACK SPADES FIVE,0.4112,0.0156,0.5732
CLUBS TEN SPADES FIVE,0.4252,0.0248,0.55
CLUBS JACK CLUBS EIGHT,0.2392,0.0588,0.702
CLUBS TEN CLUBS EIGHT,0.2482,0.0784,0.6734
CLUBS EIGHT CLUBS KING,0.266,0.0302,0.7038
SPADES FIVE CLUBS ACE,0.4132,0.0034,0.5834
CLUBS EIGHT CLUBS QUEEN,0.2544,0.039,0.7066
SPADES FIVE CLUBS KING,0.4218,0.0058,0.5724
SPADES FIVE CLUBS QUEEN,0.4196,0.0122,0.5682
CLUBS EIGHT CLUBS ACE,0.2556,0.0284,0.716
DIAMONDS TWO DIAMONDS THREE,0.5788,0.0652,0.356
DIAMONDS TWO DIAMONDS FIVE,0.5736,0.0658,0.3606
HEARTS FIVE SPADES KING,0.4172,0.0076,0.5752
DIAMONDS TWO DIAMONDS FOUR,0.5838,0.0608,0.3554
HEARTS FIVE SPADES QUEEN,0.4176,0.0132,0.5692
DIAMONDS TWO DIAMONDS SEVEN,0.579,0.0656,0.3554
DIAMONDS TWO DIAMONDS SIX,0.5984,0.142,0.2596
SPADES ACE HEARTS FIVE,0.4178,0.0028,0.5794
DIAMONDS TWO DIAMONDS NINE,0.403,0.0382,0.5588
DIAMONDS THREE DIAMONDS FOUR,0.5766,0.057,0.3664
CLUBS TWO SPADES FOUR,0.6082,0.0646,0.3272
DIAMONDS THREE DIAMONDS FIVE,0.5718,0.0636,0.3646
SPADES FIVE CLUBS TWO,0.617,0.0582,0.3248
CLUBS TWO SPADES TWO,0.4098,0.0916,0.4986
CLUBS TWO SPADES THREE,0.595,0.0696,0.3354
SPADES EIGHT CLUBS TWO,0.426,0.3588,0.2152
DIAMONDS THREE DIAMONDS NINE,0.4032,0.0424,0.5544
SPADES NINE CLUBS TWO,0.4366,0.0482,0.5152
DIAMONDS THREE DIAMONDS SIX,0.5822,0.1562,0.2616
SPADES SIX CLUBS TWO,0.6256,0.1496,0.2248
DIAMONDS THREE DIAMONDS SEVEN,0.5852,0.0618,0.353
SPADES SEVEN CLUBS TWO,0.6082,0.0724,0.3194
CLUBS SEVEN CLUBS TWO,0.5886,0.0648,0.3466
CLUBS FOUR CLUBS TWO,0.5912,0.0614,0.3474
CLUBS FIVE CLUBS TWO,0.5856,0.0672,0.3472
CLUBS TEN CLUBS JACK,0.3118,0.015,0.6732
DIAMONDS FOUR DIAMONDS SIX,0.5724,0.145,0.2826
CLUBS TEN CLUBS QUEEN,0.3292,0.011,0.6598
DIAMONDS FOUR DIAMONDS SEVEN,0.5722,0.062,0.3658
CLUBS TEN CLUBS KING,0.342,0.006,0.652
CLUBS TEN CLUBS ACE,0.34,0.0042,0.6558
CLUBS EIGHT CLUBS TWO,0.394,0.3538,0.2522
DIAMONDS FIVE DIAMONDS FOUR,0.5502,0.0556,0.3942
CLUBS NINE CLUBS TWO,0.4134,0.041,0.5456
DIAMONDS NINE DIAMONDS FOUR,0.4088,0.0462,0.545
CLUBS THREE CLUBS TWO,0.583,0.066,0.351
DIAMONDS NINE DIAMONDS FIVE,0.3794,0.0478,0.5728
CLUBS JACK DIAMONDS TWO,0.4342,0.0178,0.548
CLUBS TEN DIAMONDS TWO,0.4286,0.026,0.5454
DIAMONDS FIVE DIAMONDS SEVEN,0.5476,0.0652,0.3872
DIAMONDS FIVE DIAMONDS SIX,0.5746,0.1378,0.2876
DIAMONDS TWO CLUBS ACE,0.4056,0.0042,0.5902
DIAMONDS TWO CLUBS KING,0.4174,0.0104,0.5722
DIAMONDS TWO CLUBS QUEEN,0.4256,0.0136,0.5608
DIAMONDS NINE DIAMONDS SIX,0.2486,0.1084,0.643
HEARTS ACE SPADES THREE,0.411,0.0036,0.5854
SPADES THREE HEARTS KING,0.4158,0.0068,0.5774
DIAMONDS SEVEN DIAMONDS SIX,0.5874,0.1424,0.2702
HEARTS QUEEN SPADES THREE,0.4356,0.0122,0.5522
SPADES THREE HEARTS JACK,0.4272,0.0202,0.5526
SPADES THREE HEARTS TEN,0.4426,0.0298,0.5276
DIAMONDS NINE DIAMONDS SEVEN,0.342,0.0426,0.6154
DIAMONDS KING HEARTS TEN,0.3636,0.0058,0.6306
HEARTS THREE HEARTS TEN,0.4162,0.0268,0.557
DIAMONDS KING HEARTS JACK,0.3494,0.0048,0.6458
HEARTS THREE HEARTS JACK,0.3848,0.0186,0.5966
SPADES JACK SPADES FIVE,0.3794,0.0152,0.6054
SPADES TEN SPADES FIVE,0.3854,0.025,0.5896
DIAMONDS KING HEARTS ACE,0.3564,0.004,0.6396
HEARTS THREE HEARTS ACE,0.3924,0.0058,0.6018
DIAMONDS KING HEARTS QUEEN,0.3504,0.0056,0.644
HEARTS THREE HEARTS QUEEN,0.3996,0.0116,0.5888
DIAMONDS KING HEARTS KING,0.171,0.0154,0.8136
HEARTS THREE HEARTS KING,0.3872,0.0072,0.6056
SPADES NINE HEARTS TEN,0.3382,0.0278,0.634
SPADES NINE HEARTS JACK,0.3402,0.0168,0.643
SPADES QUEEN SPADES FIVE,0.3734,0.0124,0.6142
SPADES KING SPADES FIVE,0.3878,0.0066,0.6056
SPADES ACE SPADES FIVE,0.3868,0.0042,0.609
SPADES NINE HEARTS QUEEN,0.3552,0.0088,0.636
SPADES NINE HEARTS KING,0.353,0.0062,0.6408
SPADES NINE HEARTS ACE,0.3506,0.0028,0.6466
CLUBS TEN SPADES JACK,0.3282,0.0146,0.6572
CLUBS TEN SPADES TEN,0.1736,0.0454,0.781
SPADES ACE CLUBS TEN,0.3522,0.0044,0.6434
CLUBS TEN SPADES KING,0.3464,0.0066,0.647
CLUBS TEN SPADES QUEEN,0.342,0.0104,0.6476
SPADES FIVE HEARTS QUEEN,0.4236,0.0142,0.5622
SPADES FIVE HEARTS KING,0.4096,0.0084,0.582
HEARTS ACE SPADES FIVE,0.4026,0.0044,0.593
CLUBS EIGHT SPADES TEN,0.254,0.0818,0.6642
SPADES JACK HEARTS THREE,0.4312,0.0186,0.5502
SPADES JACK DIAMONDS KING,0.355,0.0056,0.6394
SPADES TEN DIAMONDS KING,0.3534,0.0082,0.6384
SPADES TEN HEARTS THREE,0.436,0.0244,0.5396
CLUBS EIGHT SPADES JACK,0.2556,0.0642,0.6802
SPADES ACE CLUBS EIGHT,0.266,0.0278,0.7062
HEARTS FIVE CLUBS JACK,0.408,0.0196,0.5724
CLUBS TEN HEARTS FIVE,0.4092,0.0292,0.5616
SPADES QUEEN CLUBS EIGHT,0.2684,0.0454,0.6862
CLUBS TEN SPADES THREE,0.4156,0.0266,0.5578
SPADES KING CLUBS EIGHT,0.257,0.0298,0.7132
CLUBS JACK SPADES THREE,0.4152,0.0172,0.5676
DIAMONDS TWO HEARTS JACK,0.4352,0.0198,0.545
SPADES THREE CLUBS QUEEN,0.4408,0.0126,0.5466
DIAMONDS TWO HEARTS TEN,0.444,0.0276,0.5284
SPADES THREE CLUBS KING,0.421,0.0066,0.5724
HEARTS FIVE CLUBS ACE,0.4046,0.0044,0.591
SPADES FIVE HEARTS TEN,0.4104,0.026,0.5636
SPADES THREE CLUBS ACE,0.4234,0.004,0.5726
HEARTS FIVE CLUBS KING,0.4104,0.009,0.5806
SPADES FIVE HEARTS JACK,0.4004,0.0192,0.5804
HEARTS FIVE CLUBS QUEEN,0.4224,0.013,0.5646
HEARTS THREE CLUBS KING,0.426,0.0072,0.5668
DIAMONDS KING CLUBS KING,0.161,0.0174,0.8216
HEARTS THREE CLUBS QUEEN,0.4298,0.0102,0.56
DIAMONDS KING CLUBS QUEEN,0.3518,0.0054,0.6428
HEARTS FIVE HEARTS JACK,0.3794,0.0166,0.604
HEARTS FIVE HEARTS TEN,0.4082,0.0262,0.5656
HEARTS THREE CLUBS ACE,0.4146,0.0048,0.5806
DIAMONDS KING CLUBS ACE,0.3522,0.0036,0.6442
SPADES ACE CLUBS QUEEN,0.3684,0.005,0.6266
SPADES KING CLUBS QUEEN,0.3604,0.0074,0.6322
CLUBS JACK HEARTS THREE,0.4334,0.016,0.5506
CLUBS JACK DIAMONDS KING,0.3602,0.0068,0.633
SPADES QUEEN CLUBS QUEEN,0.1626,0.0288,0.8086
CLUBS TEN HEARTS THREE,0.4234,0.0274,0.5492
CLUBS TEN DIAMONDS KING,0.3534,0.0086,0.638
SPADES JACK CLUBS QUEEN,0.3392,0.0096,0.6512
SPADES TEN CLUBS QUEEN,0.347,0.0072,0.6458
HEARTS FIVE HEARTS KING,0.3844,0.0084,0.6072
HEARTS FIVE HEARTS QUEEN,0.4006,0.0098,0.5896
HEARTS FIVE HEARTS ACE,0.3896,0.0036,0.6068
SPADES SEVEN HEARTS JACK,0.3764,0.018,0.6056
SPADES SEVEN HEARTS TEN,0.3704,0.0308,0.5988
DIAMONDS TWO CLUBS TWO,0.4092,0.0952,0.4956
DIAMONDS TWO CLUBS THREE,0.606,0.0656,0.3284
DIAMONDS TWO HEARTS SIX,0.6404,0.1408,0.2188
DIAMONDS TWO HEARTS QUEEN,0.4366,0.0124,0.551
HEARTS SEVEN DIAMONDS TWO,0.6144,0.07,0.3156
DIAMONDS TWO HEARTS KING,0.4138,0.0074,0.5788
DIAMONDS TWO HEARTS EIGHT,0.407,0.38,0.213
DIAMONDS TWO HEARTS ACE,0.4174,0.004,0.5786
DIAMONDS TWO HEARTS NINE,0.4328,0.0414,0.5258
DIAMONDS TWO DIAMONDS QUEEN,0.4226,0.0112,0.5662
DIAMONDS TWO HEARTS TWO,0.4132,0.0896,0.4972
DIAMONDS TWO DIAMONDS KING,0.4094,0.0094,0.5812
DIAMONDS TWO HEARTS THREE,0.6008,0.063,0.3362
DIAMONDS TWO DIAMONDS ACE,0.4184,0.0054,0.5762
HEARTS FOUR DIAMONDS TWO,0.5966,0.0668,0.3366
HEARTS FIVE DIAMONDS TWO,0.6082,0.0682,0.3236
SPADES SEVEN HEARTS ACE,0.382,0.0038,0.6142
DIAMONDS TWO DIAMONDS TEN,0.4142,0.0268,0.559
SPADES SEVEN HEARTS KING,0.388,0.0046,0.6074
DIAMONDS TWO DIAMONDS JACK,0.3986,0.0228,0.5786
SPADES SEVEN HEARTS QUEEN,0.3978,0.0114,0.5908
DIAMONDS TWO SPADES NINE,0.4374,0.0386,0.524
DIAMONDS TWO SPADES EIGHT,0.4344,0.3564,0.2092
DIAMONDS TWO SPADES SEVEN,0.6246,0.0608,0.3146
DIAMONDS TWO SPADES SIX,0.616,0.1454,0.2386
DIAMONDS TWO SPADES FIVE,0.6178,0.0634,0.3188
DIAMONDS TWO SPADES FOUR,0.5948,0.0648,0.3404
DIAMONDS TWO SPADES THREE,0.6056,0.0642,0.3302
DIAMONDS TWO SPADES TWO,0.4168,0.0908,0.4924
DIAMONDS TWO CLUBS NINE,0.4308,0.0378,0.5314
CLUBS EIGHT DIAMONDS TWO,0.4144,0.3786,0.207
DIAMONDS TWO CLUBS SEVEN,0.6252,0.0658,0.309
DIAMONDS TWO CLUBS FIVE,0.6164,0.0644,0.3192
DIAMONDS TWO CLUBS FOUR,0.6094,0.0644,0.3262
CLUBS FOUR SPADES FIVE,0.5896,0.062,0.3484
CLUBS FOUR SPADES FOUR,0.3964,0.0824,0.5212
CLUBS FOUR SPADES THREE,0.6016,0.0664,0.332
CLUBS FOUR SPADES TWO,0.5994,0.0678,0.3328
SPADES NINE CLUBS FOUR,0.4354,0.0422,0.5224
SPADES EIGHT CLUBS FOUR,0.408,0.3818,0.2102
SPADES SEVEN CLUBS FOUR,0.5908,0.0678,0.3414
CLUBS FOUR SPADES SIX,0.6104,0.144,0.2456
SPADES ACE DIAMONDS SIX,0.2888,0.0178,0.6934
SPADES QUEEN DIAMONDS SIX,0.2932,0.0466,0.6602
SPADES KING DIAMONDS SIX,0.2766,0.0354,0.688
SPADES TEN DIAMONDS SIX,0.2696,0.074,0.6564
SPADES JACK DIAMONDS SIX,0.2814,0.0538,0.6648
SPADES QUEEN SPADES TWO,0.395,0.0116,0.5934
SPADES KING SPADES TWO,0.4162,0.0078,0.576
SPADES ACE SPADES TWO,0.388,0.0048,0.6072
CLUBS JACK DIAMONDS JACK,0.169,0.0406,0.7904
CLUBS TEN DIAMONDS JACK,0.3314,0.0162,0.6524
DIAMONDS JACK CLUBS KING,0.3452,0.006,0.6488
DIAMONDS JACK CLUBS QUEEN,0.3456,0.0108,0.6436
DIAMONDS THREE DIAMONDS JACK,0.4042,0.0166,0.5792
DIAMONDS THREE DIAMONDS TEN,0.4062,0.0242,0.5696
DIAMONDS JACK CLUBS ACE,0.3442,0.0052,0.6506
DIAMONDS THREE DIAMONDS KING,0.4132,0.0098,0.577
DIAMONDS THREE HEARTS THREE,0.3968,0.098,0.5052
DIAMONDS THREE DIAMONDS QUEEN,0.3956,0.014,0.5904
DIAMONDS THREE HEARTS TWO,0.5938,0.0712,0.335
HEARTS FIVE DIAMONDS THREE,0.6042,0.0656,0.3302
DIAMONDS THREE DIAMONDS ACE,0.3898,0.0066,0.6036
HEARTS FOUR DIAMONDS THREE,0.6022,0.0602,0.3376
HEARTS SEVEN DIAMONDS THREE,0.62,0.0704,0.3096
SPADES TEN SPADES NINE,0.3134,0.022,0.6646
HEARTS SIX DIAMONDS THREE,0.6306,0.1488,0.2206
SPADES JACK SPADES NINE,0.3162,0.0148,0.669
DIAMONDS THREE HEARTS NINE,0.4294,0.0436,0.527
HEARTS JACK DIAMONDS FOUR,0.4298,0.0198,0.5504
HEARTS ACE HEARTS KING,0.3446,0.0024,0.653
SPADES TEN SPADES TWO,0.403,0.0224,0.5746
DIAMONDS THREE HEARTS EIGHT,0.412,0.3786,0.2094
HEARTS TEN DIAMONDS FOUR,0.4132,0.0248,0.562
SPADES JACK SPADES TWO,0.4122,0.0198,0.568
HEARTS QUEEN DIAMONDS FOUR,0.4338,0.0124,0.5538
HEARTS KING DIAMONDS FOUR,0.4234,0.007,0.5696
SPADES ACE SPADES NINE,0.339,0.003,0.658
HEARTS ACE DIAMONDS FOUR,0.4162,0.003,0.5808
SPADES KING SPADES NINE,0.3332,0.008,0.6588
SPADES QUEEN SPADES NINE,0.3382,0.008,0.6538
DIAMONDS THREE SPADES NINE,0.433,0.0396,0.5274
DIAMONDS THREE SPADES EIGHT,0.413,0.3728,0.2142
DIAMONDS THREE SPADES SEVEN,0.6082,0.0666,0.3252
DIAMONDS THREE SPADES SIX,0.6234,0.1562,0.2204
CLUBS ACE DIAMONDS FOUR,0.3988,0.004,0.5972
DIAMONDS THREE CLUBS SEVEN,0.6094,0.0588,0.3318
CLUBS FIVE CLUBS SEVEN,0.5564,0.0654,0.3782
DIAMONDS THREE CLUBS FOUR,0.5916,0.0724,0.336
DIAMONDS FOUR CLUBS QUEEN,0.4252,0.0126,0.5622
DIAMONDS THREE CLUBS FIVE,0.6108,0.0662,0.323
DIAMONDS FOUR CLUBS KING,0.4404,0.0076,0.552
DIAMONDS THREE CLUBS TWO,0.6104,0.066,0.3236
CLUBS TEN DIAMONDS FOUR,0.411,0.0238,0.5652
DIAMONDS THREE CLUBS THREE,0.4084,0.0936,0.498
CLUBS JACK DIAMONDS FOUR,0.4058,0.023,0.5712
DIAMONDS THREE SPADES FOUR,0.5966,0.067,0.3364
DIAMONDS THREE SPADES FIVE,0.5968,0.0652,0.338
DIAMONDS THREE SPADES TWO,0.5962,0.069,0.3348
DIAMONDS THREE SPADES THREE,0.41,0.092,0.498
CLUBS EIGHT DIAMONDS THREE,0.4056,0.384,0.2104
CLUBS NINE DIAMONDS THREE,0.4228,0.0472,0.53
SPADES SEVEN CLUBS ACE,0.3768,0.0042,0.619
SPADES SEVEN CLUBS QUEEN,0.39,0.0108,0.5992
SPADES SEVEN CLUBS KING,0.3788,0.0046,0.6166
CLUBS FIVE SPADES SEVEN,0.5716,0.0632,0.3652
CLUBS TEN SPADES SEVEN,0.3624,0.0246,0.613
CLUBS FIVE SPADES SIX,0.5898,0.1592,0.251
CLUBS JACK SPADES SEVEN,0.377,0.0196,0.6034
CLUBS FIVE SPADES NINE,0.3976,0.0412,0.5612
CLUBS FIVE SPADES EIGHT,0.3932,0.3928,0.214
CLUBS FIVE SPADES THREE,0.6006,0.0788,0.3206
CLUBS FIVE SPADES TWO,0.6132,0.0676,0.3192
CLUBS FIVE SPADES FIVE,0.3848,0.0834,0.5318
CLUBS FIVE SPADES FOUR,0.5862,0.0686,0.3452
CLUBS NINE CLUBS FIVE,0.3938,0.0464,0.5598
CLUBS EIGHT CLUBS FIVE,0.3746,0.3682,0.2572
CLUBS ACE CLUBS QUEEN,0.3404,0.0052,0.6544
CLUBS KING CLUBS QUEEN,0.3452,0.0072,0.6476
DIAMONDS TEN DIAMONDS FOUR,0.397,0.0206,0.5824
CLUBS TEN DIAMONDS NINE,0.3168,0.0242,0.659
DIAMONDS JACK DIAMONDS FOUR,0.412,0.0164,0.5716
CLUBS JACK DIAMONDS NINE,0.3336,0.0162,0.6502
CLUBS JACK SPADES NINE,0.3234,0.0172,0.6594
CLUBS TEN SPADES NINE,0.3256,0.0242,0.6502
DIAMONDS ACE DIAMONDS FOUR,0.3958,0.0064,0.5978
HEARTS FOUR DIAMONDS FOUR,0.3996,0.0916,0.5088
DIAMONDS JACK HEARTS TEN,0.3358,0.012,0.6522
SPADES NINE CLUBS KING,0.3548,0.0076,0.6376
DIAMONDS TWO SPADES TEN,0.444,0.0266,0.5294
DIAMONDS NINE CLUBS ACE,0.3488,0.0022,0.649
HEARTS FIVE DIAMONDS FOUR,0.5856,0.066,0.3484
DIAMONDS JACK HEARTS JACK,0.1732,0.0386,0.7882
SPADES NINE CLUBS QUEEN,0.3608,0.0138,0.6254
DIAMONDS TWO SPADES JACK,0.4174,0.0174,0.5652
DIAMONDS QUEEN DIAMONDS FOUR,0.3906,0.0116,0.5978
HEARTS TWO DIAMONDS FOUR,0.5922,0.065,0.3428
DIAMONDS NINE CLUBS QUEEN,0.3444,0.0138,0.6418
DIAMONDS KING DIAMONDS FOUR,0.4062,0.0084,0.5854
HEARTS THREE DIAMONDS FOUR,0.593,0.0584,0.3486
SPADES NINE CLUBS ACE,0.3504,0.0048,0.6448
DIAMONDS NINE CLUBS KING,0.3466,0.007,0.6464
HEARTS ACE DIAMONDS JACK,0.3538,0.0048,0.6414
SPADES ACE DIAMONDS TWO,0.4324,0.0042,0.5634
HEARTS QUEEN DIAMONDS JACK,0.3542,0.0128,0.633
SPADES QUEEN DIAMONDS TWO,0.443,0.0124,0.5446
HEARTS KING DIAMONDS JACK,0.3546,0.007,0.6384
SPADES KING DIAMONDS TWO,0.4174,0.0086,0.574
SPADES JACK SPADES SEVEN,0.3602,0.0172,0.6226
SPADES TEN SPADES SEVEN,0.339,0.0244,0.6366
CLUBS SEVEN CLUBS THREE,0.5756,0.0644,0.36
CLUBS FIVE CLUBS THREE,0.5784,0.0614,0.3602
CLUBS THREE CLUBS FOUR,0.5656,0.0658,0.3686
CLUBS NINE CLUBS THREE,0.4162,0.0406,0.5432
CLUBS EIGHT CLUBS THREE,0.402,0.3514,0.2466
CLUBS THREE SPADES FIVE,0.5902,0.0728,0.337
CLUBS THREE SPADES FOUR,0.5984,0.0666,0.335
CLUBS THREE SPADES THREE,0.4094,0.0938,0.4968
CLUBS THREE SPADES TWO,0.6144,0.0664,0.3192
CLUBS THREE SPADES SIX,0.6202,0.1532,0.2266
CLUBS THREE SPADES SEVEN,0.6124,0.0676,0.32
SPADES EIGHT CLUBS THREE,0.4072,0.3818,0.211
SPADES NINE CLUBS THREE,0.435,0.0392,0.5258
SPADES TWO DIAMONDS FOUR,0.597,0.0716,0.3314
SPADES THREE DIAMONDS FOUR,0.598,0.0656,0.3364
SPADES FOUR DIAMONDS FOUR,0.3904,0.0884,0.5212
SPADES FIVE DIAMONDS FOUR,0.5854,0.0644,0.3502
SPADES SIX DIAMONDS FOUR,0.6118,0.145,0.2432
SPADES SEVEN DIAMONDS FOUR,0.6,0.065,0.335
SPADES EIGHT DIAMONDS FOUR,0.414,0.3638,0.2222
SPADES NINE DIAMONDS FOUR,0.4216,0.0416,0.5368
CLUBS FIVE DIAMONDS FOUR,0.5962,0.0656,0.3382
CLUBS FOUR DIAMONDS FOUR,0.406,0.0956,0.4984
CLUBS SEVEN DIAMONDS FOUR,0.591,0.0702,0.3388
CLUBS NINE DIAMONDS FOUR,0.4226,0.0434,0.534
CLUBS EIGHT DIAMONDS FOUR,0.3978,0.3878,0.2144
HEARTS SEVEN DIAMONDS FOUR,0.6016,0.0634,0.335
HEARTS SIX DIAMONDS FOUR,0.5926,0.1492,0.2582
DIAMONDS FOUR HEARTS NINE,0.4186,0.0422,0.5392
DIAMONDS FOUR HEARTS EIGHT,0.4162,0.3768,0.207
CLUBS THREE DIAMONDS FOUR,0.5914,0.0672,0.3414
CLUBS TWO DIAMONDS FOUR,0.6244,0.0648,0.3108
DIAMONDS TEN DIAMONDS FIVE,0.3896,0.0232,0.5872
DIAMONDS JACK DIAMONDS FIVE,0.3854,0.0186,0.596
DIAMONDS NINE HEARTS QUEEN,0.3484,0.0084,0.6432
DIAMONDS NINE HEARTS KING,0.358,0.0068,0.6352
HEARTS ACE DIAMONDS NINE,0.3432,0.0034,0.6534
DIAMONDS NINE HEARTS TEN,0.317,0.024,0.659
DIAMONDS NINE HEARTS JACK,0.3478,0.0146,0.6376
CLUBS KING DIAMONDS SIX,0.2686,0.0314,0.7
CLUBS QUEEN DIAMONDS SIX,0.2712,0.0452,0.6836
CLUBS ACE DIAMONDS SIX,0.2864,0.0222,0.6914
SPADES KING DIAMONDS FOUR,0.414,0.0088,0.5772
SPADES ACE SPADES SEVEN,0.3594,0.003,0.6376
SPADES QUEEN DIAMONDS FOUR,0.415,0.0108,0.5742
SPADES QUEEN SPADES SEVEN,0.3718,0.0146,0.6136
CLUBS JACK DIAMONDS SIX,0.2784,0.052,0.6696
SPADES KING SPADES SEVEN,0.355,0.0068,0.6382
SPADES ACE DIAMONDS FOUR,0.4366,0.0046,0.5588
CLUBS TEN DIAMONDS SIX,0.2524,0.0778,0.6698
CLUBS NINE CLUBS FOUR,0.3898,0.041,0.5692
CLUBS EIGHT CLUBS FOUR,0.3894,0.3554,0.2552
SPADES JACK DIAMONDS FOUR,0.4338,0.0186,0.5476
SPADES TEN DIAMONDS FOUR,0.4152,0.0234,0.5614
CLUBS FIVE CLUBS FOUR,0.5594,0.0634,0.3772
CLUBS SEVEN CLUBS FOUR,0.5496,0.0602,0.3902
CLUBS SEVEN SPADES EIGHT,0.2308,0.3106,0.4586
SPADES NINE CLUBS SEVEN,0.3466,0.0388,0.6146
CLUBS SEVEN SPADES SIX,0.5936,0.1454,0.261
CLUBS SEVEN SPADES SEVEN,0.2506,0.0822,0.6672
CLUBS SEVEN SPADES FIVE,0.58,0.0628,0.3572
CLUBS SEVEN SPADES FOUR,0.5984,0.065,0.3366
CLUBS SEVEN SPADES THREE,0.6102,0.062,0.3278
CLUBS SEVEN SPADES TWO,0.6176,0.0622,0.3202
CLUBS NINE CLUBS SEVEN,0.3436,0.0448,0.6116
CLUBS EIGHT CLUBS SEVEN,0.2216,0.3074,0.471
HEARTS SIX DIAMONDS FIVE,0.589,0.1552,0.2558
HEARTS SEVEN DIAMONDS FIVE,0.5842,0.0604,0.3554
DIAMONDS FIVE HEARTS EIGHT,0.4096,0.377,0.2134
DIAMONDS FIVE HEARTS NINE,0.404,0.0406,0.5554
DIAMONDS QUEEN DIAMONDS FIVE,0.4008,0.013,0.5862
HEARTS TWO DIAMONDS FIVE,0.6166,0.0678,0.3156
HEARTS KING HEARTS EIGHT,0.2572,0.0288,0.714
DIAMONDS KING DIAMONDS FIVE,0.4072,0.0064,0.5864
HEARTS THREE DIAMONDS FIVE,0.5814,0.0658,0.3528
HEARTS QUEEN HEARTS EIGHT,0.2362,0.0452,0.7186
DIAMONDS ACE DIAMONDS FIVE,0.3876,0.0044,0.608
HEARTS FOUR DIAMONDS FIVE,0.5948,0.059,0.3462
HEARTS FIVE DIAMONDS FIVE,0.382,0.0908,0.5272
HEARTS ACE HEARTS EIGHT,0.2616,0.0214,0.717
CLUBS FOUR DIAMONDS FIVE,0.5864,0.0706,0.343
CLUBS FIVE DIAMONDS FIVE,0.387,0.0924,0.5206
CLUBS SEVEN DIAMONDS FIVE,0.5786,0.0694,0.352
CLUBS TWO DIAMONDS FIVE,0.6208,0.0662,0.313
CLUBS THREE DIAMONDS FIVE,0.6074,0.0632,0.3294
SPADES THREE DIAMONDS FIVE,0.6,0.0676,0.3324
SPADES TWO DIAMONDS FIVE,0.6038,0.066,0.3302
SPADES FIVE DIAMONDS FIVE,0.385,0.0968,0.5182
CLUBS TEN HEARTS JACK,0.3302,0.0146,0.6552
SPADES FOUR DIAMONDS FIVE,0.5864,0.0658,0.3478
CLUBS JACK HEARTS JACK,0.1774,0.0374,0.7852
HEARTS JACK CLUBS QUEEN,0.3426,0.0106,0.6468
CLUBS NINE DIAMONDS FIVE,0.4058,0.045,0.5492
CLUBS EIGHT DIAMONDS FIVE,0.4008,0.383,0.2162
HEARTS JACK CLUBS KING,0.3504,0.008,0.6416
CLUBS ACE HEARTS JACK,0.3478,0.0054,0.6468
SPADES SEVEN DIAMONDS FIVE,0.58,0.0616,0.3584
SPADES SIX DIAMONDS FIVE,0.5976,0.1434,0.259
SPADES NINE DIAMONDS FIVE,0.4146,0.044,0.5414
SPADES EIGHT DIAMONDS FIVE,0.3978,0.391,0.2112
DIAMONDS TEN DIAMONDS SIX,0.2526,0.0746,0.6728
HEARTS ACE DIAMONDS SEVEN,0.3842,0.0032,0.6126
DIAMONDS JACK DIAMONDS SIX,0.2728,0.0572,0.67
HEARTS QUEEN DIAMONDS SEVEN,0.39,0.0118,0.5982
HEARTS KING DIAMONDS SEVEN,0.3906,0.0048,0.6046
DIAMONDS ACE DIAMONDS SIX,0.2694,0.0226,0.708
HEARTS FOUR DIAMONDS SIX,0.6088,0.144,0.2472
SPADES TWO HEARTS JACK,0.431,0.0168,0.5522
HEARTS FIVE DIAMONDS SIX,0.5994,0.1442,0.2564
SPADES TWO HEARTS TEN,0.4158,0.0284,0.5558
DIAMONDS QUEEN DIAMONDS SIX,0.257,0.046,0.697
HEARTS TWO DIAMONDS SIX,0.627,0.151,0.222
DIAMONDS KING DIAMONDS SIX,0.2626,0.0334,0.704
HEARTS THREE DIAMONDS SIX,0.6242,0.1518,0.224
HEARTS EIGHT DIAMONDS SIX,0.0192,0.971,0.0098
HEARTS NINE DIAMONDS SIX,0.2582,0.103,0.6388
HEARTS SIX DIAMONDS SIX,0.3034,0.0716,0.625
HEARTS SEVEN DIAMONDS SIX,0.6292,0.1362,0.2346
HEARTS TEN DIAMONDS SEVEN,0.372,0.0236,0.6044
CLUBS TWO DIAMONDS SIX,0.6342,0.1512,0.2146
HEARTS JACK DIAMONDS SEVEN,0.3742,0.0144,0.6114
CLUBS THREE DIAMONDS SIX,0.625,0.1478,0.2272
CLUBS SEVEN DIAMONDS SIX,0.6098,0.1412,0.249
CLUBS FIVE DIAMONDS SIX,0.6066,0.1456,0.2478
CLUBS FOUR DIAMONDS SIX,0.6118,0.1518,0.2364
HEARTS ACE HEARTS JACK,0.3346,0.006,0.6594
HEARTS QUEEN HEARTS JACK,0.3258,0.0074,0.6668
CLUBS NINE DIAMONDS SIX,0.247,0.1034,0.6496
HEARTS KING HEARTS JACK,0.3328,0.0056,0.6616
CLUBS EIGHT DIAMONDS SIX,0.0058,0.9866,0.0076
SPADES TEN HEARTS KING,0.3538,0.0056,0.6406
SPADES FIVE DIAMONDS SIX,0.605,0.1458,0.2492
HEARTS ACE SPADES TWO,0.4328,0.0038,0.5634
SPADES JACK HEARTS KING,0.3494,0.0056,0.645
SPADES FOUR DIAMONDS SIX,0.6032,0.1504,0.2464
SPADES THREE DIAMONDS SIX,0.6252,0.1476,0.2272
HEARTS QUEEN SPADES TWO,0.4298,0.0112,0.559
SPADES ACE SPADES KING,0.3266,0.0034,0.67
HEARTS KING SPADES TWO,0.4256,0.0082,0.5662
SPADES TWO DIAMONDS SIX,0.6208,0.1484,0.2308
HEARTS TEN HEARTS EIGHT,0.2378,0.0804,0.6818
SPADES NINE DIAMONDS SIX,0.249,0.1106,0.6404
HEARTS JACK HEARTS EIGHT,0.245,0.0568,0.6982
SPADES EIGHT DIAMONDS SIX,0.0176,0.9734,0.009
SPADES SEVEN DIAMONDS SIX,0.6176,0.1352,0.2472
SPADES SIX DIAMONDS SIX,0.3014,0.0712,0.6274
SPADES KING HEARTS KING,0.1822,0.0166,0.8012
SPADES QUEEN HEARTS KING,0.3758,0.0052,0.619
CLUBS ACE CLUBS KING,0.3554,0.0056,0.639
SPADES ACE HEARTS KING,0.3668,0.0028,0.6304
SPADES ACE HEARTS JACK,0.3644,0.0018,0.6338
SPADES QUEEN HEARTS JACK,0.3528,0.0082,0.639
SPADES KING HEARTS JACK,0.3588,0.0042,0.637
SPADES TEN DIAMONDS TEN,0.1688,0.0452,0.786
SPADES JACK DIAMONDS TEN,0.3392,0.0142,0.6466
SPADES ACE DIAMONDS TEN,0.3504,0.0044,0.6452
SPADES JACK HEARTS JACK,0.1918,0.0364,0.7718
SPADES TEN HEARTS JACK,0.3362,0.012,0.6518
SPADES QUEEN DIAMONDS TEN,0.354,0.0106,0.6354
SPADES KING DIAMONDS TEN,0.3678,0.0082,0.624
SPADES NINE DIAMONDS SEVEN,0.3662,0.0392,0.5946
SPADES EIGHT DIAMONDS SEVEN,0.2262,0.3034,0.4704
SPADES SEVEN DIAMONDS SEVEN,0.2726,0.0836,0.6438
SPADES SIX DIAMONDS SEVEN,0.6156,0.1482,0.2362
DIAMONDS KING DIAMONDS SEVEN,0.3708,0.0092,0.62
HEARTS THREE DIAMONDS SEVEN,0.5914,0.0612,0.3474
HEARTS KING DIAMONDS FIVE,0.4162,0.0062,0.5776
DIAMONDS QUEEN DIAMONDS SEVEN,0.3724,0.0102,0.6174
HEARTS TWO DIAMONDS SEVEN,0.6226,0.0612,0.3162
HEARTS QUEEN DIAMONDS FIVE,0.4236,0.0124,0.564
HEARTS FIVE DIAMONDS SEVEN,0.5846,0.0664,0.349
DIAMONDS ACE DIAMONDS SEVEN,0.3572,0.004,0.6388
HEARTS FOUR DIAMONDS SEVEN,0.5894,0.0662,0.3444
HEARTS ACE DIAMONDS FIVE,0.4034,0.0036,0.593
HEARTS SEVEN DIAMONDS SEVEN,0.2634,0.0736,0.663
HEARTS SIX DIAMONDS SEVEN,0.5974,0.1454,0.2572
DIAMONDS SEVEN HEARTS NINE,0.3744,0.0438,0.5818
HEARTS EIGHT DIAMONDS SEVEN,0.2338,0.2948,0.4714
DIAMONDS JACK DIAMONDS SEVEN,0.3594,0.02,0.6206
DIAMONDS FIVE HEARTS JACK,0.418,0.0184,0.5636
DIAMONDS TEN DIAMONDS SEVEN,0.3584,0.028,0.6136
HEARTS TEN DIAMONDS FIVE,0.4198,0.0282,0.552
CLUBS EIGHT DIAMONDS SEVEN,0.2196,0.307,0.4734
SPADES KING CLUBS TWO,0.4258,0.008,0.5662
HEARTS KING CLUBS KING,0.1614,0.0154,0.8232
SPADES QUEEN CLUBS TWO,0.4402,0.0112,0.5486
HEARTS KING CLUBS QUEEN,0.3632,0.0056,0.6312
CLUBS NINE DIAMONDS SEVEN,0.3502,0.0402,0.6096
CLUBS JACK SPADES TWO,0.4308,0.0194,0.5498
SPADES ACE CLUBS TWO,0.4188,0.0028,0.5784
CLUBS TEN SPADES TWO,0.4214,0.027,0.5516
HEARTS KING CLUBS ACE,0.3516,0.0036,0.6448
SPADES TWO CLUBS KING,0.4228,0.0086,0.5686
SPADES TWO DIAMONDS SEVEN,0.629,0.0608,0.3102
SPADES THREE DIAMONDS SEVEN,0.6026,0.0632,0.3342
SPADES TWO CLUBS QUEEN,0.4134,0.012,0.5746
SPADES FOUR DIAMONDS SEVEN,0.5966,0.0654,0.338
CLUBS JACK HEARTS KING,0.3568,0.0068,0.6364
SPADES FIVE DIAMONDS SEVEN,0.5888,0.0648,0.3464
SPADES TWO CLUBS ACE,0.4166,0.0052,0.5782
CLUBS TEN HEARTS KING,0.357,0.0046,0.6384
CLUBS TWO DIAMONDS SEVEN,0.6276,0.0634,0.309
CLUBS THREE DIAMONDS SEVEN,0.6116,0.0676,0.3208
CLUBS FOUR DIAMONDS SEVEN,0.6006,0.0646,0.3348
CLUBS FIVE DIAMONDS SEVEN,0.5888,0.0638,0.3474
SPADES JACK CLUBS TWO,0.4328,0.0202,0.547
CLUBS SEVEN DIAMONDS SEVEN,0.263,0.0816,0.6554
SPADES TEN CLUBS TWO,0.4386,0.0238,0.5376
CLUBS TWO CLUBS QUEEN,0.424,0.0148,0.5612
CLUBS TWO CLUBS KING,0.3992,0.0098,0.591
CLUBS TWO CLUBS ACE,0.3968,0.006,0.5972
CLUBS TEN CLUBS TWO,0.404,0.0292,0.5668
CLUBS JACK CLUBS TWO,0.4068,0.0194,0.5738
SPADES ACE SPADES THREE,0.3914,0.0036,0.605
SPADES QUEEN SPADES THREE,0.4068,0.0118,0.5814
SPADES KING SPADES THREE,0.4072,0.0092,0.5836
SPADES JACK SPADES THREE,0.3952,0.015,0.5898
SPADES TEN SPADES THREE,0.3978,0.0252,0.577
CLUBS FOUR HEARTS ACE,0.4026,0.0044,0.593
CLUBS FOUR HEARTS QUEEN,0.4136,0.0102,0.5762
CLUBS FOUR HEARTS KING,0.4112,0.006,0.5828
CLUBS FOUR HEARTS JACK,0.4256,0.0152,0.5592
SPADES TEN DIAMONDS QUEEN,0.3348,0.0098,0.6554
SPADES TEN HEARTS TWO,0.4338,0.0274,0.5388
SPADES JACK HEARTS EIGHT,0.2568,0.0554,0.6878
CLUBS FOUR HEARTS TEN,0.4248,0.03,0.5452
SPADES TEN HEARTS EIGHT,0.244,0.0812,0.6748
SPADES JACK HEARTS TWO,0.4358,0.0182,0.546
SPADES JACK DIAMONDS QUEEN,0.3424,0.0084,0.6492
SPADES ACE HEARTS TWO,0.435,0.004,0.561
SPADES ACE DIAMONDS QUEEN,0.3608,0.0034,0.6358
SPADES ACE HEARTS EIGHT,0.2682,0.0218,0.71
SPADES KING HEARTS EIGHT,0.272,0.0358,0.6922
SPADES QUEEN HEARTS TWO,0.4462,0.0102,0.5436
SPADES QUEEN DIAMONDS QUEEN,0.1784,0.026,0.7956
SPADES KING DIAMONDS QUEEN,0.3554,0.0052,0.6394
SPADES KING HEARTS TWO,0.4274,0.0088,0.5638
SPADES QUEEN HEARTS EIGHT,0.2762,0.0486,0.6752
CLUBS TWO HEARTS TEN,0.4336,0.0284,0.538
CLUBS TWO HEARTS JACK,0.4312,0.0156,0.5532
SPADES SEVEN DIAMONDS NINE,0.3454,0.0426,0.612
SPADES SIX DIAMONDS NINE,0.2406,0.1056,0.6538
SPADES NINE DIAMONDS NINE,0.1616,0.0622,0.7762
SPADES EIGHT DIAMONDS NINE,0.2288,0.095,0.6762
SPADES TEN CLUBS KING,0.353,0.0074,0.6396
DIAMONDS NINE SPADES THREE,0.424,0.0432,0.5328
SPADES JACK CLUBS KING,0.3438,0.007,0.6492
DIAMONDS NINE SPADES TWO,0.4208,0.045,0.5342
SPADES FIVE DIAMONDS NINE,0.3998,0.0444,0.5558
DIAMONDS NINE SPADES FOUR,0.41,0.0446,0.5454
CLUBS NINE DIAMONDS NINE,0.147,0.0572,0.7958
CLUBS EIGHT DIAMONDS NINE,0.231,0.103,0.666
SPADES JACK CLUBS FOUR,0.4242,0.0176,0.5582
CLUBS SEVEN DIAMONDS NINE,0.3346,0.0454,0.62
SPADES TEN CLUBS FOUR,0.4216,0.0282,0.5502
CLUBS FOUR DIAMONDS NINE,0.4172,0.0394,0.5434
CLUBS FIVE DIAMONDS NINE,0.4168,0.0388,0.5444
CLUBS TWO DIAMONDS NINE,0.4308,0.0466,0.5226
CLUBS THREE DIAMONDS NINE,0.4342,0.0392,0.5266
DIAMONDS NINE HEARTS EIGHT,0.2406,0.0998,0.6596
DIAMONDS NINE HEARTS NINE,0.156,0.058,0.786
HEARTS SIX DIAMONDS NINE,0.2504,0.1048,0.6448
HEARTS SEVEN DIAMONDS NINE,0.3494,0.0414,0.6092
CLUBS EIGHT CLUBS NINE,0.228,0.1012,0.6708
DIAMONDS ACE DIAMONDS NINE,0.3436,0.005,0.6514
HEARTS FOUR DIAMONDS NINE,0.4208,0.0378,0.5414
HEARTS FIVE DIAMONDS NINE,0.3968,0.039,0.5642
HEARTS ACE CLUBS TWO,0.4188,0.0046,0.5766
SPADES ACE CLUBS FOUR,0.4066,0.0066,0.5868
DIAMONDS NINE DIAMONDS QUEEN,0.3414,0.012,0.6466
HEARTS TWO DIAMONDS NINE,0.425,0.0418,0.5332
CLUBS TWO HEARTS KING,0.4318,0.0064,0.5618
SPADES KING CLUBS FOUR,0.4258,0.0076,0.5666
DIAMONDS KING DIAMONDS NINE,0.3438,0.008,0.6482
HEARTS THREE DIAMONDS NINE,0.4228,0.0422,0.535
CLUBS TWO HEARTS QUEEN,0.4286,0.0134,0.558
SPADES QUEEN CLUBS FOUR,0.4276,0.011,0.5614
DIAMONDS NINE DIAMONDS JACK,0.3244,0.0182,0.6574
CLUBS EIGHT SPADES NINE,0.2406,0.0966,0.6628
DIAMONDS TEN DIAMONDS NINE,0.3066,0.0234,0.67
CLUBS EIGHT SPADES EIGHT,0.1174,0.088,0.7946
CLUBS EIGHT SPADES SEVEN,0.2094,0.3028,0.4878
CLUBS EIGHT SPADES SIX,0.0076,0.9732,0.0192
CLUBS EIGHT SPADES FIVE,0.3954,0.3756,0.229
CLUBS EIGHT SPADES FOUR,0.4146,0.3698,0.2156
CLUBS EIGHT SPADES THREE,0.4148,0.3618,0.2234
CLUBS EIGHT SPADES TWO,0.414,0.363,0.223
HEARTS SIX DIAMONDS TEN,0.261,0.0866,0.6524
HEARTS SEVEN DIAMONDS TEN,0.368,0.0268,0.6052
DIAMONDS TEN HEARTS EIGHT,0.2446,0.0776,0.6778
CLUBS JACK CLUBS FOUR,0.407,0.0178,0.5752
DIAMONDS TEN HEARTS NINE,0.3244,0.0252,0.6504
CLUBS TEN CLUBS FOUR,0.4026,0.0272,0.5702
CLUBS FOUR CLUBS KING,0.4044,0.0084,0.5872
CLUBS FOUR CLUBS QUEEN,0.404,0.0126,0.5834
DIAMONDS TEN CLUBS TWO,0.4278,0.028,0.5442
CLUBS THREE DIAMONDS TEN,0.4332,0.0306,0.5362
CLUBS FOUR CLUBS ACE,0.3948,0.0074,0.5978
DIAMONDS TEN DIAMONDS JACK,0.3304,0.0154,0.6542
DIAMONDS TEN DIAMONDS QUEEN,0.3416,0.0102,0.6482
HEARTS TWO DIAMONDS TEN,0.4162,0.029,0.5548
DIAMONDS KING DIAMONDS TEN,0.3392,0.008,0.6528
HEARTS THREE DIAMONDS TEN,0.4196,0.0306,0.5498
DIAMONDS ACE DIAMONDS TEN,0.3338,0.004,0.6622
HEARTS FOUR DIAMONDS TEN,0.4198,0.0288,0.5514
CLUBS EIGHT HEARTS JACK,0.2528,0.0618,0.6854
HEARTS FIVE DIAMONDS TEN,0.4062,0.0262,0.5676
CLUBS EIGHT HEARTS TEN,0.2442,0.0742,0.6816
CLUBS EIGHT HEARTS QUEEN,0.2612,0.0462,0.6926
CLUBS EIGHT HEARTS KING,0.2786,0.0364,0.685
CLUBS EIGHT HEARTS ACE,0.2504,0.031,0.7186
CLUBS NINE SPADES THREE,0.427,0.0448,0.5282
CLUBS NINE SPADES TWO,0.4272,0.0474,0.5254
CLUBS NINE SPADES FIVE,0.399,0.0462,0.5548
CLUBS NINE SPADES FOUR,0.4082,0.0474,0.5444
CLUBS NINE SPADES SEVEN,0.3532,0.0376,0.6092
CLUBS NINE SPADES SIX,0.2386,0.1022,0.6592
CLUBS NINE SPADES NINE,0.1542,0.057,0.7888
CLUBS TEN HEARTS EIGHT,0.2418,0.0754,0.6828
CLUBS NINE SPADES EIGHT,0.241,0.1038,0.6552
CLUBS JACK HEARTS EIGHT,0.2508,0.06,0.6892
HEARTS EIGHT CLUBS QUEEN,0.2692,0.0424,0.6884
CLUBS KING HEARTS EIGHT,0.268,0.0398,0.6922
CLUBS ACE HEARTS EIGHT,0.2562,0.0278,0.716
SPADES KING CLUBS KING,0.1678,0.014,0.8182
SPADES QUEEN CLUBS KING,0.3696,0.005,0.6254
SPADES ACE CLUBS KING,0.3424,0.0044,0.6532
DIAMONDS ACE HEARTS TEN,0.3488,0.0036,0.6476
HEARTS FOUR HEARTS TEN,0.4006,0.0264,0.573
DIAMONDS ACE HEARTS JACK,0.3548,0.0054,0.6398
HEARTS FOUR HEARTS JACK,0.3916,0.019,0.5894
SPADES KING CLUBS FIVE,0.4094,0.0072,0.5834
SPADES QUEEN CLUBS FIVE,0.4056,0.0136,0.5808
SPADES ACE CLUBS FIVE,0.4122,0.0026,0.5852
HEARTS SEVEN DIAMONDS JACK,0.382,0.017,0.601
HEARTS SIX DIAMONDS JACK,0.2888,0.0568,0.6544
DIAMONDS JACK HEARTS NINE,0.3428,0.015,0.6422
DIAMONDS JACK HEARTS EIGHT,0.2558,0.059,0.6852
DIAMONDS KING DIAMONDS JACK,0.3362,0.007,0.6568
HEARTS THREE DIAMONDS JACK,0.4278,0.0206,0.5516
SPADES ACE SPADES SIX,0.254,0.0224,0.7236
HEARTS ACE SPADES FOUR,0.4116,0.0036,0.5848
DIAMONDS QUEEN DIAMONDS JACK,0.331,0.0098,0.6592
HEARTS TWO DIAMONDS JACK,0.4306,0.0198,0.5496
HEARTS FIVE DIAMONDS JACK,0.4102,0.0206,0.5692
SPADES QUEEN SPADES SIX,0.2628,0.048,0.6892
SPADES FOUR HEARTS QUEEN,0.4246,0.0096,0.5658
DIAMONDS ACE DIAMONDS JACK,0.3422,0.0054,0.6524
HEARTS FOUR DIAMONDS JACK,0.423,0.0198,0.5572
SPADES KING SPADES SIX,0.2678,0.0338,0.6984
SPADES FOUR HEARTS KING,0.4108,0.0086,0.5806
SPADES TEN SPADES SIX,0.2582,0.071,0.6708
SPADES JACK SPADES SIX,0.2724,0.0498,0.6778
SPADES FOUR DIAMONDS JACK,0.4298,0.0188,0.5514
SPADES FIVE DIAMONDS JACK,0.4052,0.0214,0.5734
DIAMONDS JACK SPADES TWO,0.423,0.0208,0.5562
SPADES THREE DIAMONDS JACK,0.4218,0.019,0.5592
SPADES ACE DIAMONDS THREE,0.4328,0.0034,0.5638
CLUBS EIGHT DIAMONDS JACK,0.236,0.0648,0.6992
SPADES QUEEN DIAMONDS THREE,0.4316,0.013,0.5554
SPADES KING DIAMONDS THREE,0.4214,0.0076,0.571
CLUBS NINE DIAMONDS JACK,0.3292,0.0166,0.6542
CLUBS SEVEN DIAMONDS JACK,0.363,0.0192,0.6178
CLUBS FOUR DIAMONDS JACK,0.4238,0.0218,0.5544
CLUBS FIVE DIAMONDS JACK,0.3964,0.0222,0.5814
CLUBS TWO DIAMONDS JACK,0.417,0.0196,0.5634
CLUBS THREE DIAMONDS JACK,0.421,0.0194,0.5596
SPADES TEN CLUBS FIVE,0.4104,0.0268,0.5628
SPADES JACK HEARTS SIX,0.2732,0.048,0.6788
HEARTS SIX SPADES TEN,0.274,0.082,0.644
SPADES JACK CLUBS FIVE,0.4218,0.0188,0.5594
SPADES JACK DIAMONDS THREE,0.431,0.0188,0.5502
CLUBS SEVEN CLUBS ACE,0.3642,0.0042,0.6316
DIAMONDS THREE SPADES TEN,0.4432,0.031,0.5258
CLUBS SEVEN CLUBS QUEEN,0.3662,0.0088,0.625
CLUBS SEVEN CLUBS KING,0.3498,0.0068,0.6434
SPADES NINE DIAMONDS JACK,0.346,0.0166,0.6374
CLUBS TEN CLUBS SEVEN,0.3298,0.0312,0.639
DIAMONDS ACE HEARTS ACE,0.166,0.003,0.831
HEARTS FOUR HEARTS ACE,0.3938,0.0042,0.602
SPADES EIGHT DIAMONDS JACK,0.2494,0.057,0.6936
SPADES ACE HEARTS SIX,0.2756,0.0234,0.701
CLUBS JACK CLUBS SEVEN,0.3646,0.0194,0.616
DIAMONDS ACE HEARTS KING,0.3618,0.0048,0.6334
HEARTS FOUR HEARTS KING,0.3934,0.0068,0.5998
SPADES SEVEN DIAMONDS JACK,0.3796,0.0176,0.6028
SPADES KING HEARTS SIX,0.2664,0.0318,0.7018
DIAMONDS ACE HEARTS QUEEN,0.3518,0.0052,0.643
HEARTS FOUR HEARTS QUEEN,0.3858,0.013,0.6012
SPADES QUEEN HEARTS SIX,0.2782,0.0442,0.6776
SPADES SIX DIAMONDS JACK,0.284,0.0584,0.6576
DIAMONDS TEN SPADES TWO,0.4264,0.026,0.5476
DIAMONDS TEN SPADES THREE,0.426,0.0326,0.5414
DIAMONDS TEN SPADES FOUR,0.422,0.0248,0.5532
DIAMONDS TEN SPADES FIVE,0.4066,0.0282,0.5652
SPADES SIX DIAMONDS TEN,0.2634,0.0774,0.6592
SPADES SEVEN DIAMONDS TEN,0.3694,0.0304,0.6002
SPADES EIGHT DIAMONDS TEN,0.2476,0.0786,0.6738
SPADES NINE DIAMONDS TEN,0.33,0.0218,0.6482
CLUBS FOUR DIAMONDS TEN,0.4136,0.03,0.5564
CLUBS FIVE DIAMONDS TEN,0.406,0.0294,0.5646
CLUBS SEVEN DIAMONDS TEN,0.3626,0.0228,0.6146
CLUBS EIGHT DIAMONDS TEN,0.2438,0.0758,0.6804
CLUBS NINE DIAMONDS TEN,0.3266,0.0274,0.646
CLUBS JACK DIAMONDS THREE,0.4256,0.0196,0.5548
CLUBS TEN DIAMONDS THREE,0.4144,0.0352,0.5504
DIAMONDS THREE CLUBS KING,0.4394,0.0088,0.5518
DIAMONDS THREE CLUBS QUEEN,0.4316,0.0138,0.5546
DIAMONDS THREE CLUBS ACE,0.4104,0.0052,0.5844
SPADES FOUR HEARTS JACK,0.4318,0.018,0.5502
SPADES FOUR HEARTS TEN,0.423,0.0234,0.5536
SPADES FIVE SPADES TWO,0.5702,0.0622,0.3676
SPADES FOUR SPADES TWO,0.5556,0.0624,0.382
SPADES THREE SPADES TWO,0.547,0.0632,0.3898
SPADES NINE SPADES TWO,0.4056,0.0406,0.5538
SPADES EIGHT SPADES TWO,0.395,0.3516,0.2534
SPADES SEVEN SPADES TWO,0.5876,0.054,0.3584
SPADES SIX SPADES TWO,0.5828,0.138,0.2792
CLUBS THREE DIAMONDS QUEEN,0.4282,0.0124,0.5594
CLUBS THREE HEARTS TWO,0.6172,0.059,0.3238
CLUBS TWO DIAMONDS QUEEN,0.4424,0.0136,0.544
HEARTS TWO CLUBS TWO,0.4084,0.086,0.5056
HEARTS SEVEN DIAMONDS QUEEN,0.387,0.009,0.604
HEARTS SEVEN HEARTS TWO,0.5782,0.0626,0.3592
HEARTS SIX DIAMONDS QUEEN,0.2724,0.0436,0.684
HEARTS SIX HEARTS TWO,0.572,0.1482,0.2798
DIAMONDS QUEEN HEARTS NINE,0.3488,0.0092,0.642
HEARTS TWO HEARTS NINE,0.3948,0.0418,0.5634
DIAMONDS QUEEN HEARTS EIGHT,0.2706,0.0478,0.6816
HEARTS TWO HEARTS EIGHT,0.3938,0.3498,0.2564
CLUBS NINE HEARTS TWO,0.419,0.0438,0.5372
CLUBS NINE DIAMONDS QUEEN,0.3368,0.0084,0.6548
CLUBS EIGHT DIAMONDS QUEEN,0.259,0.0466,0.6944
CLUBS EIGHT HEARTS TWO,0.3984,0.392,0.2096
CLUBS FIVE DIAMONDS QUEEN,0.421,0.011,0.568
CLUBS FIVE HEARTS TWO,0.6088,0.0652,0.326
SPADES EIGHT HEARTS ACE,0.2706,0.0236,0.7058
CLUBS FOUR DIAMONDS QUEEN,0.4044,0.0136,0.582
CLUBS FOUR HEARTS TWO,0.608,0.064,0.328
CLUBS SEVEN DIAMONDS QUEEN,0.3842,0.0102,0.6056
CLUBS SEVEN HEARTS TWO,0.6212,0.0666,0.3122
SPADES EIGHT HEARTS QUEEN,0.2834,0.0468,0.6698
SPADES EIGHT HEARTS KING,0.2698,0.0344,0.6958
HEARTS TWO SPADES SIX,0.6138,0.153,0.2332
SPADES SIX DIAMONDS QUEEN,0.2728,0.0504,0.6768
HEARTS FOUR CLUBS QUEEN,0.413,0.0126,0.5744
DIAMONDS ACE CLUBS QUEEN,0.3506,0.005,0.6444
SPADES SEVEN DIAMONDS QUEEN,0.3784,0.012,0.6096
SPADES SEVEN HEARTS TWO,0.6214,0.06,0.3186
HEARTS FOUR CLUBS KING,0.416,0.0078,0.5762
DIAMONDS ACE CLUBS KING,0.3414,0.0046,0.654
SPADES EIGHT DIAMONDS QUEEN,0.273,0.0416,0.6854
SPADES EIGHT HEARTS TWO,0.4182,0.367,0.2148
HEARTS FOUR CLUBS ACE,0.414,0.0042,0.5818
DIAMONDS ACE CLUBS ACE,0.1632,0.0046,0.8322
SPADES NINE DIAMONDS QUEEN,0.3476,0.0082,0.6442
SPADES NINE HEARTS TWO,0.4182,0.042,0.5398
HEARTS TWO SPADES TWO,0.4104,0.0914,0.4982
DIAMONDS QUEEN SPADES TWO,0.4482,0.0124,0.5394
HEARTS TWO SPADES THREE,0.599,0.0664,0.3346
DIAMONDS QUEEN SPADES THREE,0.4242,0.0136,0.5622
HEARTS TWO SPADES FOUR,0.601,0.0692,0.3298
SPADES FOUR DIAMONDS QUEEN,0.4168,0.0122,0.571
CLUBS TEN HEARTS FOUR,0.4166,0.0302,0.5532
CLUBS TEN DIAMONDS ACE,0.3568,0.0046,0.6386
HEARTS TWO SPADES FIVE,0.612,0.0644,0.3236
SPADES FIVE DIAMONDS QUEEN,0.412,0.0114,0.5766
CLUBS JACK HEARTS FOUR,0.4164,0.0192,0.5644
CLUBS JACK DIAMONDS ACE,0.3394,0.0072,0.6534
CLUBS FIVE CLUBS KING,0.4096,0.0078,0.5826
CLUBS FIVE CLUBS QUEEN,0.3886,0.0124,0.599
CLUBS FIVE CLUBS ACE,0.4032,0.0064,0.5904
CLUBS JACK CLUBS FIVE,0.3866,0.0218,0.5916
CLUBS TEN CLUBS FIVE,0.3972,0.027,0.5758
SPADES KING CLUBS JACK,0.3634,0.0056,0.631
CLUBS JACK SPADES QUEEN,0.3474,0.0114,0.6412
SPADES ACE CLUBS JACK,0.3476,0.0038,0.6486
SPADES SIX CLUBS KING,0.2736,0.0382,0.6882
SPADES SIX CLUBS QUEEN,0.2738,0.0464,0.6798
SPADES EIGHT HEARTS JACK,0.2508,0.06,0.6892
SPADES SIX CLUBS ACE,0.2682,0.0214,0.7104
SPADES EIGHT HEARTS TEN,0.2512,0.0812,0.6676
CLUBS JACK SPADES SIX,0.2902,0.0502,0.6596
CLUBS TEN SPADES SIX,0.2522,0.0808,0.667
CLUBS JACK SPADES TEN,0.3404,0.0142,0.6454
CLUBS JACK SPADES JACK,0.1754,0.0324,0.7922
SPADES QUEEN CLUBS SEVEN,0.385,0.0096,0.6054
SPADES KING CLUBS SEVEN,0.3688,0.006,0.6252
SPADES ACE CLUBS SEVEN,0.38,0.0046,0.6154
SPADES SIX HEARTS TEN,0.2672,0.0734,0.6594
SPADES SIX HEARTS JACK,0.2982,0.0542,0.6476
SPADES SIX HEARTS ACE,0.2906,0.019,0.6904
SPADES SIX HEARTS KING,0.2798,0.0298,0.6904
SPADES SIX HEARTS QUEEN,0.2728,0.045,0.6822
SPADES JACK CLUBS SEVEN,0.368,0.0162,0.6158
SPADES TEN CLUBS SEVEN,0.3718,0.0282,0.6
CLUBS TEN HEARTS SIX,0.2532,0.0724,0.6744
CLUBS JACK HEARTS SIX,0.2726,0.054,0.6734
CLUBS JACK CLUBS ACE,0.3356,0.006,0.6584
HEARTS SIX CLUBS QUEEN,0.2792,0.0442,0.6766
HEARTS SIX CLUBS KING,0.265,0.0316,0.7034
HEARTS SIX CLUBS ACE,0.2764,0.024,0.6996
CLUBS JACK CLUBS QUEEN,0.3398,0.009,0.6512
CLUBS JACK CLUBS KING,0.3422,0.0078,0.65
DIAMONDS THREE HEARTS ACE,0.4254,0.0024,0.5722
DIAMONDS THREE HEARTS QUEEN,0.4338,0.0096,0.5566
DIAMONDS THREE HEARTS KING,0.426,0.0066,0.5674
CLUBS FIVE HEARTS JACK,0.4122,0.02,0.5678
SPADES TEN DIAMONDS ACE,0.3412,0.0038,0.655
HEARTS FOUR SPADES TEN,0.4268,0.0244,0.5488
CLUBS FIVE HEARTS TEN,0.424,0.0302,0.5458
HEARTS FOUR SPADES JACK,0.425,0.0174,0.5576
SPADES JACK DIAMONDS ACE,0.3622,0.0032,0.6346
SPADES ACE HEARTS FOUR,0.4146,0.003,0.5824
SPADES ACE DIAMONDS ACE,0.1628,0.0038,0.8334
CLUBS FIVE HEARTS ACE,0.4136,0.0038,0.5826
CLUBS FIVE HEARTS KING,0.4188,0.009,0.5722
HEARTS FOUR SPADES QUEEN,0.4204,0.0094,0.5702
SPADES QUEEN DIAMONDS ACE,0.3494,0.004,0.6466
CLUBS JACK SPADES FOUR,0.4104,0.0182,0.5714
CLUBS FIVE HEARTS QUEEN,0.419,0.0104,0.5706
SPADES KING DIAMONDS ACE,0.3778,0.0044,0.6178
SPADES KING HEARTS FOUR,0.4236,0.008,0.5684
CLUBS TEN SPADES FOUR,0.4152,0.0232,0.5616
DIAMONDS ACE DIAMONDS QUEEN,0.3478,0.005,0.6472
DIAMONDS ACE HEARTS TWO,0.4198,0.004,0.5762
HEARTS FOUR DIAMONDS QUEEN,0.4262,0.0106,0.5632
HEARTS FOUR HEARTS TWO,0.5552,0.0686,0.3762
DIAMONDS THREE HEARTS TEN,0.4332,0.0274,0.5394
SPADES FOUR CLUBS KING,0.419,0.0058,0.5752
HEARTS FIVE DIAMONDS QUEEN,0.4146,0.01,0.5754
HEARTS FIVE HEARTS TWO,0.5672,0.0614,0.3714
DIAMONDS THREE HEARTS JACK,0.4366,0.0188,0.5446
SPADES FOUR CLUBS QUEEN,0.4172,0.0116,0.5712
HEARTS TWO DIAMONDS QUEEN,0.4264,0.013,0.5606
DIAMONDS KING DIAMONDS QUEEN,0.3392,0.0062,0.6546
DIAMONDS KING HEARTS TWO,0.4224,0.008,0.5696
HEARTS THREE DIAMONDS QUEEN,0.433,0.0142,0.5528
HEARTS THREE HEARTS TWO,0.5592,0.063,0.3778
SPADES FOUR CLUBS ACE,0.411,0.0036,0.5854
HEARTS TWO CLUBS ACE,0.4176,0.0054,0.577
DIAMONDS QUEEN CLUBS ACE,0.3596,0.0046,0.6358
HEARTS TWO CLUBS QUEEN,0.4278,0.0112,0.561
DIAMONDS QUEEN CLUBS QUEEN,0.1628,0.0274,0.8098
HEARTS TWO CLUBS KING,0.4278,0.0086,0.5636
DIAMONDS QUEEN CLUBS KING,0.347,0.0092,0.6438
SPADES EIGHT SPADES FIVE,0.375,0.3582,0.2668
CLUBS TEN HEARTS TWO,0.4324,0.026,0.5416
CLUBS TEN DIAMONDS QUEEN,0.3332,0.0116,0.6552
SPADES NINE SPADES FIVE,0.381,0.0398,0.5792
CLUBS JACK HEARTS TWO,0.425,0.0214,0.5536
CLUBS JACK DIAMONDS QUEEN,0.3426,0.0102,0.6472
SPADES SIX SPADES FIVE,0.5608,0.1374,0.3018
SPADES SEVEN SPADES FIVE,0.5536,0.0594,0.387
DIAMONDS FIVE CLUBS QUEEN,0.4196,0.0122,0.5682
SPADES EIGHT CLUBS ACE,0.2538,0.0258,0.7204
DIAMONDS FIVE CLUBS KING,0.4112,0.0088,0.58
SPADES EIGHT CLUBS KING,0.273,0.0334,0.6936
DIAMONDS FIVE CLUBS ACE,0.3974,0.0042,0.5984
SPADES EIGHT CLUBS QUEEN,0.2628,0.0426,0.6946
CLUBS JACK SPADES EIGHT,0.252,0.0568,0.6912
CLUBS TEN SPADES EIGHT,0.2504,0.0766,0.673
CLUBS TEN DIAMONDS FIVE,0.4232,0.0272,0.5496
CLUBS JACK DIAMONDS FIVE,0.4144,0.0168,0.5688
DIAMONDS TEN HEARTS JACK,0.3394,0.0136,0.647
DIAMONDS TEN HEARTS TEN,0.1716,0.047,0.7814
SPADES ACE CLUBS NINE,0.3514,0.0038,0.6448
SPADES QUEEN CLUBS NINE,0.3606,0.0132,0.6262
SPADES KING CLUBS NINE,0.3574,0.0074,0.6352
HEARTS SIX HEARTS KING,0.2686,0.0338,0.6976
DIAMONDS KING SPADES SEVEN,0.3872,0.0064,0.6064
HEARTS THREE SPADES SEVEN,0.6,0.0666,0.3334
SPADES KING DIAMONDS SEVEN,0.3896,0.006,0.6044
HEARTS SIX HEARTS QUEEN,0.2644,0.041,0.6946
SPADES QUEEN DIAMONDS SEVEN,0.389,0.01,0.601
HEARTS THREE SPADES SIX,0.6168,0.1426,0.2406
DIAMONDS KING SPADES SIX,0.269,0.0366,0.6944
SPADES NINE DIAMONDS KING,0.3612,0.0066,0.6322
SPADES NINE HEARTS THREE,0.4376,0.042,0.5204
HEARTS SIX HEARTS ACE,0.2662,0.022,0.7118
DIAMONDS KING SPADES EIGHT,0.2654,0.0324,0.7022
SPADES EIGHT HEARTS THREE,0.4224,0.3676,0.21
SPADES ACE DIAMONDS SEVEN,0.385,0.0036,0.6114
CLUBS NINE HEARTS THREE,0.4182,0.0388,0.543
CLUBS NINE DIAMONDS KING,0.355,0.0056,0.6394
CLUBS EIGHT DIAMONDS KING,0.2612,0.0312,0.7076
CLUBS EIGHT HEARTS THREE,0.402,0.3732,0.2248
HEARTS THREE SPADES THREE,0.4096,0.0904,0.5
DIAMONDS KING SPADES THREE,0.4224,0.008,0.5696
HEARTS THREE SPADES TWO,0.5926,0.0666,0.3408
DIAMONDS KING SPADES TWO,0.4258,0.0072,0.567
HEARTS THREE SPADES FIVE,0.5972,0.063,0.3398
DIAMONDS KING SPADES FIVE,0.3968,0.0092,0.594
HEARTS THREE SPADES FOUR,0.5854,0.0696,0.345
DIAMONDS KING SPADES FOUR,0.4182,0.008,0.5738
DIAMONDS KING CLUBS TWO,0.4256,0.0084,0.566
HEARTS THREE CLUBS TWO,0.585,0.0718,0.3432
DIAMONDS KING CLUBS THREE,0.4194,0.0072,0.5734
CLUBS THREE HEARTS THREE,0.4072,0.0906,0.5022
DIAMONDS KING CLUBS FOUR,0.4154,0.008,0.5766
