opposingHand,winningChance,drawChance,lostChance
CLUBS FIVE DIAMONDS TEN
HEARTS FIVE SPADES TEN,0.019,0.9622,0.0188
HEARTS FIVE SPADES JACK,0.2382,0.0564,0.7054
CLUBS JACK SPADES FIVE,0.2302,0.0606,0.7092
CLUBS TEN SPADES FIVE,0.0104,0.9702,0.0194
CLUBS JACK CLUBS EIGHT,0.324,0.0162,0.6598
CLUBS TEN CLUBS EIGHT,0.2116,0.2148,0.5736
CLUBS EIGHT CLUBS KING,0.346,0.008,0.646
SPADES FIVE CLUBS ACE,0.2308,0.0236,0.7456
CLUBS EIGHT CLUBS QUEEN,0.3282,0.0116,0.6602
SPADES FIVE CLUBS KING,0.2294,0.0416,0.729
SPADES FIVE CLUBS QUEEN,0.2274,0.0498,0.7228
CLUBS EIGHT CLUBS ACE,0.3388,0.0068,0.6544
DIAMONDS TWO DIAMONDS THREE,0.5934,0.0314,0.3752
DIAMONDS TWO DIAMONDS FIVE,0.6402,0.0786,0.2812
HEARTS FIVE SPADES KING,0.2382,0.0408,0.721
DIAMONDS TWO DIAMONDS FOUR,0.5982,0.0292,0.3726
HEARTS FIVE SPADES QUEEN,0.2254,0.0452,0.7294
DIAMONDS TWO DIAMONDS SEVEN,0.5884,0.0304,0.3812
DIAMONDS TWO DIAMONDS SIX,0.5894,0.029,0.3816
SPADES ACE HEARTS FIVE,0.2438,0.0202,0.736
DIAMONDS TWO DIAMONDS NINE,0.5938,0.0252,0.381
DIAMONDS TWO DIAMONDS EIGHT,0.59,0.033,0.377
DIAMONDS THREE DIAMONDS FOUR,0.5794,0.0284,0.3922
CLUBS TWO SPADES FOUR,0.6332,0.0282,0.3386
DIAMONDS THREE DIAMONDS FIVE,0.6166,0.0796,0.3038
SPADES FIVE CLUBS TWO,0.6716,0.088,0.2404
CLUBS TWO SPADES TWO,0.4014,0.0634,0.5352
CLUBS TWO SPADES THREE,0.6252,0.03,0.3448
DIAMONDS THREE DIAMONDS EIGHT,0.5926,0.0246,0.3828
SPADES EIGHT CLUBS TWO,0.6266,0.0236,0.3498
DIAMONDS THREE DIAMONDS NINE,0.5924,0.0272,0.3804
SPADES NINE CLUBS TWO,0.6188,0.0264,0.3548
DIAMONDS THREE DIAMONDS SIX,0.5842,0.0258,0.39
SPADES SIX CLUBS TWO,0.6226,0.0286,0.3488
DIAMONDS THREE DIAMONDS SEVEN,0.5944,0.0284,0.3772
SPADES SEVEN CLUBS TWO,0.6388,0.0292,0.332
CLUBS SIX CLUBS TWO,0.5728,0.0252,0.402
CLUBS SEVEN CLUBS TWO,0.5914,0.0276,0.381
CLUBS FOUR CLUBS TWO,0.5968,0.03,0.3732
CLUBS TEN CLUBS JACK,0.2214,0.0524,0.7262
DIAMONDS FOUR DIAMONDS SIX,0.5716,0.0288,0.3996
CLUBS TEN CLUBS QUEEN,0.219,0.0484,0.7326
DIAMONDS FOUR DIAMONDS SEVEN,0.5704,0.0256,0.404
CLUBS TEN CLUBS KING,0.2186,0.037,0.7444
CLUBS TEN CLUBS ACE,0.2202,0.0274,0.7524
CLUBS EIGHT CLUBS TWO,0.58,0.0278,0.3922
DIAMONDS FIVE DIAMONDS FOUR,0.5986,0.0788,0.3226
CLUBS NINE CLUBS TWO,0.5828,0.0274,0.3898
DIAMONDS NINE DIAMONDS FOUR,0.5954,0.0238,0.3808
DIAMONDS EIGHT DIAMONDS FOUR,0.579,0.024,0.397
CLUBS THREE CLUBS TWO,0.6072,0.0286,0.3642
DIAMONDS NINE DIAMONDS FIVE,0.6544,0.0704,0.2752
CLUBS JACK DIAMONDS TWO,0.3946,0.0196,0.5858
DIAMONDS EIGHT DIAMONDS FIVE,0.6358,0.0764,0.2878
CLUBS TEN DIAMONDS TWO,0.3098,0.475,0.2152
DIAMONDS FIVE DIAMONDS SEVEN,0.6138,0.0762,0.31
DIAMONDS FIVE DIAMONDS SIX,0.6144,0.0822,0.3034
DIAMONDS TWO CLUBS ACE,0.3812,0.0048,0.614
DIAMONDS TWO CLUBS KING,0.3816,0.0094,0.609
DIAMONDS TWO CLUBS QUEEN,0.3906,0.0128,0.5966
DIAMONDS EIGHT DIAMONDS SIX,0.545,0.026,0.429
DIAMONDS NINE DIAMONDS SIX,0.5342,0.028,0.4378
HEARTS ACE SPADES THREE,0.388,0.0056,0.6064
SPADES THREE HEARTS KING,0.3936,0.0072,0.5992
DIAMONDS SEVEN DIAMONDS SIX,0.5196,0.029,0.4514
HEARTS QUEEN SPADES THREE,0.3798,0.0142,0.606
SPADES THREE HEARTS JACK,0.393,0.0164,0.5906
SPADES THREE HEARTS TEN,0.3166,0.4682,0.2152
DIAMONDS EIGHT DIAMONDS SEVEN,0.5178,0.0266,0.4556
DIAMONDS NINE DIAMONDS SEVEN,0.5138,0.0272,0.459
DIAMONDS NINE DIAMONDS EIGHT,0.5096,0.0254,0.465
DIAMONDS KING HEARTS TEN,0.23,0.0376,0.7324
HEARTS THREE HEARTS TEN,0.288,0.4374,0.2746
SPADES JACK CLUBS SIX,0.3584,0.0218,0.6198
DIAMONDS KING HEARTS JACK,0.3076,0.0072,0.6852
HEARTS THREE HEARTS JACK,0.3554,0.0178,0.6268
SPADES TEN CLUBS SIX,0.217,0.381,0.402
SPADES JACK SPADES FIVE,0.2252,0.0612,0.7136
SPADES TEN SPADES FIVE,0.022,0.9076,0.0704
DIAMONDS KING HEARTS ACE,0.3338,0.003,0.6632
HEARTS THREE HEARTS ACE,0.3688,0.005,0.6262
SPADES ACE CLUBS SIX,0.3514,0.0042,0.6444
DIAMONDS KING HEARTS QUEEN,0.3118,0.0098,0.6784
HEARTS THREE HEARTS QUEEN,0.3634,0.01,0.6266
SPADES KING CLUBS SIX,0.357,0.008,0.635
DIAMONDS KING HEARTS KING,0.1366,0.0108,0.8526
HEARTS THREE HEARTS KING,0.3616,0.0102,0.6282
SPADES QUEEN CLUBS SIX,0.364,0.0122,0.6238
SPADES NINE HEARTS TEN,0.226,0.1672,0.6068
SPADES NINE HEARTS JACK,0.3444,0.0154,0.6402
SPADES QUEEN SPADES FIVE,0.226,0.0468,0.7272
SPADES KING SPADES FIVE,0.2502,0.0326,0.7172
SPADES ACE SPADES FIVE,0.232,0.0256,0.7424
SPADES NINE HEARTS QUEEN,0.334,0.0098,0.6562
SPADES NINE HEARTS KING,0.3512,0.0078,0.641
SPADES NINE HEARTS ACE,0.3598,0.0012,0.639
CLUBS TEN SPADES JACK,0.2282,0.058,0.7138
CLUBS TEN SPADES TEN,0.0822,0.0532,0.8646
SPADES ACE CLUBS TEN,0.2232,0.0274,0.7494
CLUBS TEN SPADES KING,0.237,0.0368,0.7262
CLUBS TEN SPADES QUEEN,0.2258,0.0454,0.7288
SPADES FIVE HEARTS QUEEN,0.2406,0.0466,0.7128
SPADES FIVE HEARTS KING,0.2432,0.0352,0.7216
HEARTS ACE SPADES FIVE,0.2434,0.026,0.7306
CLUBS EIGHT SPADES TEN,0.2204,0.2216,0.558
SPADES JACK HEARTS THREE,0.4,0.02,0.58
SPADES JACK DIAMONDS KING,0.3052,0.0046,0.6902
SPADES TEN DIAMONDS KING,0.2256,0.0382,0.7362
SPADES TEN HEARTS THREE,0.333,0.4508,0.2162
CLUBS EIGHT SPADES JACK,0.3356,0.0188,0.6456
CLUBS SIX HEARTS ACE,0.3562,0.0048,0.639
SPADES ACE CLUBS EIGHT,0.3564,0.003,0.6406
HEARTS FIVE CLUBS JACK,0.2246,0.0656,0.7098
CLUBS TEN HEARTS FIVE,0.0114,0.9692,0.0194
CLUBS SIX HEARTS QUEEN,0.3416,0.0116,0.6468
SPADES QUEEN CLUBS EIGHT,0.3552,0.0106,0.6342
CLUBS TEN SPADES THREE,0.3168,0.4612,0.222
CLUBS SIX HEARTS KING,0.3664,0.0056,0.628
SPADES KING CLUBS EIGHT,0.3532,0.0046,0.6422
CLUBS JACK SPADES THREE,0.3948,0.0194,0.5858
DIAMONDS TWO HEARTS JACK,0.3948,0.0176,0.5876
SPADES THREE CLUBS QUEEN,0.3894,0.012,0.5986
DIAMONDS TWO HEARTS TEN,0.3206,0.469,0.2104
SPADES THREE CLUBS KING,0.3886,0.011,0.6004
HEARTS FIVE CLUBS ACE,0.2302,0.029,0.7408
SPADES FIVE HEARTS TEN,0.0238,0.9552,0.021
SPADES THREE CLUBS ACE,0.3752,0.0054,0.6194
HEARTS FIVE CLUBS KING,0.2388,0.0362,0.725
SPADES FIVE HEARTS JACK,0.2424,0.065,0.6926
HEARTS FIVE CLUBS QUEEN,0.2384,0.0496,0.712
HEARTS THREE CLUBS KING,0.4002,0.007,0.5928
DIAMONDS KING CLUBS KING,0.1262,0.0142,0.8596
HEARTS THREE CLUBS QUEEN,0.3948,0.0106,0.5946
DIAMONDS KING CLUBS QUEEN,0.3048,0.0078,0.6874
HEARTS FIVE HEARTS JACK,0.2232,0.0596,0.7172
HEARTS FIVE HEARTS TEN,0.018,0.9098,0.0722
HEARTS THREE CLUBS ACE,0.3686,0.0054,0.626
DIAMONDS KING CLUBS ACE,0.3056,0.0058,0.6886
SPADES ACE CLUBS QUEEN,0.318,0.0046,0.6774
SPADES KING CLUBS QUEEN,0.3242,0.0064,0.6694
CLUBS JACK HEARTS THREE,0.3896,0.024,0.5864
CLUBS JACK DIAMONDS KING,0.2998,0.0082,0.692
SPADES QUEEN CLUBS QUEEN,0.1254,0.017,0.8576
CLUBS TEN HEARTS THREE,0.3098,0.4674,0.2228
CLUBS TEN DIAMONDS KING,0.2248,0.038,0.7372
SPADES JACK CLUBS QUEEN,0.2972,0.009,0.6938
CLUBS SIX CLUBS QUEEN,0.3386,0.0122,0.6492
SPADES TEN CLUBS QUEEN,0.2126,0.046,0.7414
CLUBS SIX CLUBS KING,0.3374,0.0078,0.6548
CLUBS SIX CLUBS ACE,0.3378,0.0036,0.6586
HEARTS FIVE HEARTS KING,0.234,0.0394,0.7266
HEARTS FIVE HEARTS QUEEN,0.2214,0.0476,0.731
CLUBS TEN CLUBS SIX,0.2166,0.3464,0.437
HEARTS FIVE HEARTS ACE,0.2318,0.0258,0.7424
CLUBS JACK CLUBS SIX,0.3324,0.0172,0.6504
SPADES SEVEN HEARTS JACK,0.355,0.0156,0.6294
SPADES SEVEN HEARTS TEN,0.2306,0.2948,0.4746
DIAMONDS TWO CLUBS TWO,0.4094,0.066,0.5246
DIAMONDS TWO CLUBS THREE,0.6274,0.0332,0.3394
DIAMONDS TWO HEARTS SIX,0.6154,0.0266,0.358
DIAMONDS TWO HEARTS QUEEN,0.4016,0.014,0.5844
HEARTS SEVEN DIAMONDS TWO,0.6304,0.0328,0.3368
DIAMONDS TWO HEARTS KING,0.4056,0.0066,0.5878
DIAMONDS TWO HEARTS EIGHT,0.6226,0.0256,0.3518
DIAMONDS TWO HEARTS ACE,0.391,0.0046,0.6044
DIAMONDS TWO HEARTS NINE,0.621,0.0322,0.3468
DIAMONDS TWO DIAMONDS QUEEN,0.3708,0.014,0.6152
DIAMONDS TWO HEARTS TWO,0.406,0.0628,0.5312
DIAMONDS TWO DIAMONDS KING,0.3852,0.0056,0.6092
DIAMONDS TWO HEARTS THREE,0.642,0.0306,0.3274
DIAMONDS TWO DIAMONDS ACE,0.3658,0.0064,0.6278
HEARTS FOUR DIAMONDS TWO,0.6264,0.0308,0.3428
HEARTS FIVE DIAMONDS TWO,0.6662,0.0846,0.2492
SPADES SEVEN HEARTS ACE,0.354,0.0046,0.6414
SPADES SEVEN HEARTS KING,0.351,0.0086,0.6404
DIAMONDS TWO DIAMONDS JACK,0.378,0.0194,0.6026
SPADES SEVEN HEARTS QUEEN,0.365,0.0082,0.6268
DIAMONDS TWO SPADES NINE,0.6298,0.0264,0.3438
DIAMONDS TWO SPADES EIGHT,0.6296,0.0264,0.344
DIAMONDS TWO SPADES SEVEN,0.6108,0.033,0.3562
DIAMONDS TWO SPADES SIX,0.6182,0.0284,0.3534
DIAMONDS TWO SPADES FIVE,0.6662,0.0854,0.2484
DIAMONDS TWO SPADES FOUR,0.6196,0.0326,0.3478
DIAMONDS TWO SPADES THREE,0.624,0.033,0.343
DIAMONDS TWO SPADES TWO,0.3946,0.062,0.5434
DIAMONDS TWO CLUBS NINE,0.6206,0.028,0.3514
CLUBS EIGHT DIAMONDS TWO,0.6188,0.0302,0.351
DIAMONDS TWO CLUBS SEVEN,0.6264,0.029,0.3446
DIAMONDS TWO CLUBS SIX,0.6142,0.0318,0.354
DIAMONDS TWO CLUBS FOUR,0.6258,0.0328,0.3414
CLUBS FOUR SPADES FIVE,0.6404,0.0806,0.279
CLUBS FOUR SPADES FOUR,0.4028,0.0568,0.5404
CLUBS FOUR SPADES THREE,0.617,0.032,0.351
CLUBS FOUR SPADES TWO,0.6302,0.0304,0.3394
SPADES NINE CLUBS FOUR,0.6322,0.0286,0.3392
SPADES EIGHT CLUBS FOUR,0.6134,0.0298,0.3568
SPADES SEVEN CLUBS FOUR,0.589,0.0314,0.3796
CLUBS FOUR SPADES SIX,0.589,0.0266,0.3844
SPADES ACE DIAMONDS SIX,0.3614,0.004,0.6346
SPADES QUEEN DIAMONDS SIX,0.3664,0.0098,0.6238
SPADES KING DIAMONDS SIX,0.3566,0.0068,0.6366
SPADES TEN DIAMONDS SIX,0.2204,0.3772,0.4024
SPADES JACK DIAMONDS SIX,0.3592,0.0144,0.6264
SPADES QUEEN SPADES TWO,0.363,0.0106,0.6264
SPADES KING SPADES TWO,0.386,0.0074,0.6066
SPADES ACE SPADES TWO,0.3778,0.003,0.6192
CLUBS JACK DIAMONDS JACK,0.1426,0.0264,0.831
CLUBS TEN DIAMONDS JACK,0.2166,0.0508,0.7326
DIAMONDS JACK CLUBS KING,0.3014,0.0086,0.69
DIAMONDS JACK CLUBS QUEEN,0.3024,0.0112,0.6864
DIAMONDS THREE DIAMONDS JACK,0.3602,0.0162,0.6236
DIAMONDS JACK CLUBS ACE,0.3084,0.0032,0.6884
DIAMONDS THREE DIAMONDS KING,0.3846,0.0072,0.6082
DIAMONDS THREE HEARTS THREE,0.3896,0.0608,0.5496
DIAMONDS THREE DIAMONDS QUEEN,0.3828,0.0156,0.6016
DIAMONDS THREE HEARTS TWO,0.6316,0.03,0.3384
HEARTS FIVE DIAMONDS THREE,0.6498,0.0798,0.2704
DIAMONDS THREE DIAMONDS ACE,0.3786,0.0052,0.6162
HEARTS FOUR DIAMONDS THREE,0.6142,0.0284,0.3574
HEARTS SEVEN DIAMONDS THREE,0.609,0.0292,0.3618
SPADES TEN SPADES NINE,0.2086,0.1592,0.6322
HEARTS SIX DIAMONDS THREE,0.5926,0.0308,0.3766
SPADES JACK SPADES NINE,0.3192,0.014,0.6668
DIAMONDS THREE HEARTS NINE,0.6196,0.0304,0.35
HEARTS JACK DIAMONDS FOUR,0.3936,0.0148,0.5916
HEARTS ACE HEARTS KING,0.311,0.0046,0.6844
SPADES TEN SPADES TWO,0.3038,0.4398,0.2564
DIAMONDS THREE HEARTS EIGHT,0.633,0.0258,0.3412
HEARTS TEN DIAMONDS FOUR,0.3298,0.4616,0.2086
SPADES JACK SPADES TWO,0.3744,0.0142,0.6114
HEARTS QUEEN DIAMONDS FOUR,0.3942,0.0102,0.5956
HEARTS KING DIAMONDS FOUR,0.3874,0.0066,0.606
SPADES ACE SPADES NINE,0.336,0.0034,0.6606
HEARTS ACE DIAMONDS FOUR,0.3876,0.0064,0.606
SPADES KING SPADES NINE,0.329,0.0072,0.6638
SPADES QUEEN SPADES NINE,0.3396,0.0104,0.65
DIAMONDS THREE SPADES NINE,0.6158,0.0328,0.3514
DIAMONDS THREE SPADES EIGHT,0.619,0.0254,0.3556
DIAMONDS THREE SPADES SEVEN,0.6204,0.0266,0.353
DIAMONDS THREE SPADES SIX,0.5886,0.0298,0.3816
DIAMONDS THREE CLUBS SIX,0.5824,0.028,0.3896
CLUBS ACE DIAMONDS FOUR,0.3822,0.0056,0.6122
DIAMONDS THREE CLUBS SEVEN,0.606,0.0278,0.3662
DIAMONDS THREE CLUBS FOUR,0.6188,0.0332,0.348
DIAMONDS FOUR CLUBS QUEEN,0.3894,0.0132,0.5974
DIAMONDS FOUR CLUBS KING,0.3856,0.0084,0.606
DIAMONDS THREE CLUBS TWO,0.6236,0.0322,0.3442
CLUBS TEN DIAMONDS FOUR,0.3148,0.4826,0.2026
DIAMONDS THREE CLUBS THREE,0.4142,0.0612,0.5246
CLUBS JACK DIAMONDS FOUR,0.3872,0.019,0.5938
DIAMONDS THREE SPADES FOUR,0.611,0.029,0.36
DIAMONDS THREE SPADES FIVE,0.6514,0.0802,0.2684
DIAMONDS THREE SPADES TWO,0.6294,0.031,0.3396
DIAMONDS THREE SPADES THREE,0.397,0.068,0.535
CLUBS EIGHT DIAMONDS THREE,0.6146,0.029,0.3564
CLUBS NINE DIAMONDS THREE,0.6276,0.0266,0.3458
SPADES SEVEN CLUBS ACE,0.3452,0.0044,0.6504
SPADES SEVEN CLUBS QUEEN,0.3624,0.0108,0.6268
SPADES SEVEN CLUBS KING,0.3536,0.006,0.6404
CLUBS TEN SPADES SEVEN,0.216,0.2944,0.4896
CLUBS JACK SPADES SEVEN,0.3316,0.0152,0.6532
CLUBS ACE CLUBS QUEEN,0.294,0.008,0.698
CLUBS KING CLUBS QUEEN,0.2986,0.0078,0.6936
CLUBS TEN DIAMONDS NINE,0.2136,0.1838,0.6026
DIAMONDS JACK DIAMONDS FOUR,0.3624,0.0196,0.618
CLUBS JACK DIAMONDS NINE,0.3286,0.019,0.6524
CLUBS JACK SPADES NINE,0.3332,0.014,0.6528
CLUBS TEN SPADES NINE,0.225,0.1634,0.6116
DIAMONDS ACE DIAMONDS FOUR,0.363,0.006,0.631
HEARTS FOUR DIAMONDS FOUR,0.386,0.0668,0.5472
DIAMONDS JACK HEARTS TEN,0.23,0.0588,0.7112
SPADES NINE CLUBS KING,0.3508,0.0086,0.6406
DIAMONDS TWO SPADES TEN,0.3236,0.4618,0.2146
DIAMONDS NINE CLUBS ACE,0.3492,0.0068,0.644
HEARTS FIVE DIAMONDS FOUR,0.6306,0.0852,0.2842
DIAMONDS JACK HEARTS JACK,0.144,0.0228,0.8332
SPADES NINE CLUBS QUEEN,0.339,0.012,0.649
DIAMONDS TWO SPADES JACK,0.4062,0.0154,0.5784
DIAMONDS QUEEN DIAMONDS FOUR,0.384,0.0144,0.6016
HEARTS TWO DIAMONDS FOUR,0.6286,0.029,0.3424
DIAMONDS NINE CLUBS QUEEN,0.3362,0.01,0.6538
DIAMONDS KING DIAMONDS FOUR,0.3698,0.0076,0.6226
HEARTS THREE DIAMONDS FOUR,0.6236,0.0296,0.3468
SPADES NINE CLUBS ACE,0.3488,0.005,0.6462
DIAMONDS NINE CLUBS KING,0.3624,0.0068,0.6308
HEARTS ACE DIAMONDS JACK,0.3138,0.0056,0.6806
SPADES ACE DIAMONDS TWO,0.3988,0.0038,0.5974
HEARTS QUEEN DIAMONDS JACK,0.2936,0.01,0.6964
SPADES QUEEN DIAMONDS TWO,0.3946,0.013,0.5924
HEARTS KING DIAMONDS JACK,0.3102,0.0072,0.6826
SPADES KING DIAMONDS TWO,0.4008,0.0092,0.59
SPADES JACK SPADES SEVEN,0.3222,0.013,0.6648
SPADES TEN SPADES SEVEN,0.2192,0.2726,0.5082
CLUBS SEVEN CLUBS THREE,0.5708,0.0294,0.3998
CLUBS SIX CLUBS THREE,0.5636,0.0316,0.4048
CLUBS THREE CLUBS FOUR,0.5782,0.033,0.3888
CLUBS NINE CLUBS THREE,0.5748,0.0254,0.3998
CLUBS EIGHT CLUBS THREE,0.5872,0.025,0.3878
CLUBS THREE SPADES FIVE,0.6468,0.0864,0.2668
CLUBS THREE SPADES FOUR,0.6138,0.0314,0.3548
CLUBS THREE SPADES THREE,0.41,0.0616,0.5284
CLUBS THREE SPADES TWO,0.6226,0.0276,0.3498
CLUBS THREE SPADES SIX,0.605,0.0316,0.3634
CLUBS THREE SPADES SEVEN,0.606,0.0312,0.3628
SPADES EIGHT CLUBS THREE,0.6192,0.0242,0.3566
SPADES NINE CLUBS THREE,0.6162,0.0292,0.3546
SPADES TWO DIAMONDS FOUR,0.6176,0.0322,0.3502
SPADES THREE DIAMONDS FOUR,0.6158,0.0264,0.3578
SPADES FOUR DIAMONDS FOUR,0.3818,0.063,0.5552
SPADES FIVE DIAMONDS FOUR,0.628,0.089,0.283
SPADES SIX DIAMONDS FOUR,0.5916,0.03,0.3784
SPADES SEVEN DIAMONDS FOUR,0.6008,0.0314,0.3678
SPADES EIGHT DIAMONDS FOUR,0.6038,0.0254,0.3708
SPADES NINE DIAMONDS FOUR,0.617,0.025,0.358
CLUBS FOUR DIAMONDS FOUR,0.402,0.0602,0.5378
CLUBS SEVEN DIAMONDS FOUR,0.5962,0.0336,0.3702
CLUBS SIX DIAMONDS FOUR,0.5914,0.0322,0.3764
CLUBS NINE DIAMONDS FOUR,0.6402,0.0304,0.3294
CLUBS EIGHT DIAMONDS FOUR,0.6128,0.0298,0.3574
HEARTS SEVEN DIAMONDS FOUR,0.6006,0.0286,0.3708
HEARTS SIX DIAMONDS FOUR,0.5856,0.0244,0.39
DIAMONDS FOUR HEARTS NINE,0.6114,0.0264,0.3622
DIAMONDS FOUR HEARTS EIGHT,0.6212,0.028,0.3508
CLUBS THREE DIAMONDS FOUR,0.6272,0.0352,0.3376
CLUBS TWO DIAMONDS FOUR,0.625,0.033,0.342
DIAMONDS JACK DIAMONDS FIVE,0.2282,0.06,0.7118
DIAMONDS NINE HEARTS QUEEN,0.3346,0.0118,0.6536
DIAMONDS NINE HEARTS KING,0.3542,0.0054,0.6404
HEARTS ACE DIAMONDS NINE,0.3662,0.0054,0.6284
DIAMONDS NINE HEARTS TEN,0.2206,0.1684,0.611
DIAMONDS NINE HEARTS JACK,0.3382,0.015,0.6468
CLUBS KING DIAMONDS SIX,0.3626,0.0096,0.6278
CLUBS QUEEN DIAMONDS SIX,0.365,0.0136,0.6214
CLUBS ACE DIAMONDS SIX,0.3578,0.0042,0.638
SPADES KING DIAMONDS FOUR,0.4018,0.007,0.5912
SPADES ACE SPADES SEVEN,0.3306,0.0042,0.6652
SPADES QUEEN DIAMONDS FOUR,0.4024,0.0102,0.5874
SPADES QUEEN SPADES SEVEN,0.33,0.009,0.661
CLUBS JACK DIAMONDS SIX,0.3572,0.0172,0.6256
SPADES KING SPADES SEVEN,0.351,0.0062,0.6428
SPADES ACE DIAMONDS FOUR,0.3822,0.0046,0.6132
CLUBS TEN DIAMONDS SIX,0.2156,0.379,0.4054
CLUBS NINE CLUBS FOUR,0.6022,0.0262,0.3716
CLUBS EIGHT CLUBS FOUR,0.564,0.0288,0.4072
SPADES JACK DIAMONDS FOUR,0.3974,0.0174,0.5852
SPADES TEN DIAMONDS FOUR,0.3176,0.475,0.2074
CLUBS SEVEN CLUBS FOUR,0.5834,0.0278,0.3888
CLUBS SIX CLUBS FOUR,0.5642,0.0322,0.4036
CLUBS SEVEN SPADES EIGHT,0.542,0.0256,0.4324
SPADES NINE CLUBS SEVEN,0.5622,0.0252,0.4126
CLUBS SEVEN SPADES SIX,0.547,0.0266,0.4264
CLUBS SEVEN SPADES SEVEN,0.2958,0.051,0.6532
CLUBS SEVEN SPADES FIVE,0.6468,0.0756,0.2776
CLUBS SEVEN SPADES FOUR,0.5958,0.031,0.3732
CLUBS SEVEN SPADES THREE,0.619,0.0294,0.3516
CLUBS SEVEN SPADES TWO,0.617,0.0268,0.3562
CLUBS NINE CLUBS SEVEN,0.5088,0.0258,0.4654
CLUBS EIGHT CLUBS SEVEN,0.5212,0.0242,0.4546
HEARTS SIX DIAMONDS FIVE,0.6456,0.0734,0.281
HEARTS SEVEN DIAMONDS FIVE,0.6424,0.082,0.2756
DIAMONDS FIVE HEARTS EIGHT,0.6536,0.0812,0.2652
DIAMONDS FIVE HEARTS NINE,0.6788,0.0768,0.2444
DIAMONDS QUEEN DIAMONDS FIVE,0.2376,0.0438,0.7186
HEARTS TWO DIAMONDS FIVE,0.677,0.0848,0.2382
HEARTS KING HEARTS EIGHT,0.3368,0.0068,0.6564
DIAMONDS KING DIAMONDS FIVE,0.226,0.039,0.735
HEARTS THREE DIAMONDS FIVE,0.6474,0.0816,0.271
HEARTS QUEEN HEARTS EIGHT,0.3256,0.0092,0.6652
DIAMONDS ACE DIAMONDS FIVE,0.2222,0.0252,0.7526
HEARTS FOUR DIAMONDS FIVE,0.6298,0.0762,0.294
HEARTS FIVE DIAMONDS FIVE,0.2912,0.0514,0.6574
HEARTS ACE HEARTS EIGHT,0.3342,0.0016,0.6642
CLUBS FOUR DIAMONDS FIVE,0.6378,0.0844,0.2778
CLUBS SIX DIAMONDS FIVE,0.6472,0.0704,0.2824
CLUBS SEVEN DIAMONDS FIVE,0.6316,0.0816,0.2868
CLUBS TWO DIAMONDS FIVE,0.6698,0.0822,0.248
CLUBS THREE DIAMONDS FIVE,0.653,0.082,0.265
SPADES THREE DIAMONDS FIVE,0.656,0.0812,0.2628
SPADES TWO DIAMONDS FIVE,0.6662,0.078,0.2558
SPADES JACK DIAMONDS EIGHT,0.3372,0.0174,0.6454
SPADES FIVE DIAMONDS FIVE,0.2868,0.0558,0.6574
CLUBS TEN HEARTS JACK,0.2152,0.0522,0.7326
SPADES TEN DIAMONDS EIGHT,0.23,0.232,0.538
SPADES FOUR DIAMONDS FIVE,0.6252,0.0792,0.2956
CLUBS JACK HEARTS JACK,0.1444,0.0266,0.829
HEARTS JACK CLUBS QUEEN,0.3138,0.0112,0.675
CLUBS NINE DIAMONDS FIVE,0.6704,0.0882,0.2414
CLUBS EIGHT DIAMONDS FIVE,0.6508,0.0786,0.2706
HEARTS JACK CLUBS KING,0.3182,0.008,0.6738
CLUBS ACE HEARTS JACK,0.3132,0.0038,0.683
SPADES SEVEN DIAMONDS FIVE,0.662,0.0756,0.2624
SPADES KING DIAMONDS EIGHT,0.3676,0.0074,0.625
SPADES QUEEN DIAMONDS EIGHT,0.3518,0.011,0.6372
SPADES SIX DIAMONDS FIVE,0.645,0.0798,0.2752
SPADES NINE DIAMONDS FIVE,0.6772,0.0806,0.2422
SPADES EIGHT DIAMONDS FIVE,0.6642,0.0726,0.2632
SPADES ACE DIAMONDS EIGHT,0.3622,0.0032,0.6346
HEARTS ACE DIAMONDS SEVEN,0.3596,0.0066,0.6338
DIAMONDS JACK DIAMONDS SIX,0.3528,0.0166,0.6306
HEARTS QUEEN DIAMONDS SEVEN,0.3644,0.0122,0.6234
HEARTS KING DIAMONDS SEVEN,0.3512,0.0054,0.6434
DIAMONDS ACE DIAMONDS SIX,0.3478,0.005,0.6472
HEARTS FOUR DIAMONDS SIX,0.5804,0.0296,0.39
SPADES TWO HEARTS JACK,0.3956,0.0162,0.5882
HEARTS FIVE DIAMONDS SIX,0.6398,0.072,0.2882
SPADES TWO HEARTS TEN,0.3206,0.4552,0.2242
DIAMONDS QUEEN DIAMONDS SIX,0.354,0.0112,0.6348
HEARTS TWO DIAMONDS SIX,0.6224,0.0328,0.3448
DIAMONDS KING DIAMONDS SIX,0.3528,0.0088,0.6384
HEARTS THREE DIAMONDS SIX,0.6144,0.0258,0.3598
HEARTS EIGHT DIAMONDS SIX,0.5626,0.0276,0.4098
HEARTS NINE DIAMONDS SIX,0.5526,0.026,0.4214
HEARTS SIX DIAMONDS SIX,0.2914,0.0604,0.6482
HEARTS SEVEN DIAMONDS SIX,0.5512,0.0278,0.421
HEARTS TEN DIAMONDS SEVEN,0.2232,0.2874,0.4894
CLUBS TWO DIAMONDS SIX,0.609,0.0306,0.3604
HEARTS JACK DIAMONDS SEVEN,0.3728,0.0124,0.6148
CLUBS THREE DIAMONDS SIX,0.611,0.0312,0.3578
CLUBS SEVEN DIAMONDS SIX,0.5494,0.0246,0.426
CLUBS JACK DIAMONDS EIGHT,0.3352,0.0182,0.6466
CLUBS SIX DIAMONDS SIX,0.278,0.0562,0.6658
CLUBS TEN DIAMONDS EIGHT,0.216,0.2266,0.5574
CLUBS FOUR DIAMONDS SIX,0.6096,0.027,0.3634
HEARTS ACE HEARTS JACK,0.2992,0.0022,0.6986
DIAMONDS EIGHT CLUBS ACE,0.3512,0.0044,0.6444
HEARTS QUEEN HEARTS JACK,0.2992,0.0126,0.6882
DIAMONDS EIGHT CLUBS KING,0.3684,0.0072,0.6244
CLUBS NINE DIAMONDS SIX,0.5642,0.0276,0.4082
HEARTS KING HEARTS JACK,0.299,0.0068,0.6942
CLUBS EIGHT DIAMONDS SIX,0.5606,0.031,0.4084
DIAMONDS EIGHT CLUBS QUEEN,0.358,0.0122,0.6298
SPADES TEN HEARTS KING,0.2428,0.034,0.7232
SPADES FIVE DIAMONDS SIX,0.6368,0.0724,0.2908
HEARTS ACE SPADES TWO,0.3896,0.0054,0.605
SPADES JACK HEARTS KING,0.323,0.0054,0.6716
SPADES FOUR DIAMONDS SIX,0.5926,0.0318,0.3756
SPADES THREE DIAMONDS SIX,0.6084,0.029,0.3626
HEARTS QUEEN SPADES TWO,0.4014,0.012,0.5866
SPADES ACE SPADES KING,0.3098,0.0038,0.6864
HEARTS KING SPADES TWO,0.4056,0.008,0.5864
SPADES TWO DIAMONDS SIX,0.6154,0.036,0.3486
HEARTS TEN HEARTS EIGHT,0.2004,0.2102,0.5894
SPADES NINE DIAMONDS SIX,0.561,0.028,0.411
HEARTS JACK HEARTS EIGHT,0.3154,0.0146,0.67
SPADES EIGHT DIAMONDS SIX,0.552,0.0276,0.4204
SPADES SEVEN DIAMONDS SIX,0.5458,0.0264,0.4278
SPADES SIX DIAMONDS SIX,0.2866,0.0636,0.6498
SPADES KING HEARTS KING,0.1436,0.01,0.8464
SPADES QUEEN HEARTS KING,0.3224,0.005,0.6726
CLUBS ACE CLUBS KING,0.322,0.0052,0.6728
SPADES ACE HEARTS KING,0.3192,0.0052,0.6756
SPADES ACE HEARTS JACK,0.3278,0.0044,0.6678
SPADES QUEEN HEARTS JACK,0.317,0.0066,0.6764
SPADES KING HEARTS JACK,0.315,0.0058,0.6792
SPADES JACK HEARTS JACK,0.1588,0.0228,0.8184
SPADES TEN HEARTS JACK,0.222,0.0572,0.7208
SPADES NINE DIAMONDS SEVEN,0.5494,0.0262,0.4244
SPADES EIGHT DIAMONDS SEVEN,0.5468,0.0286,0.4246
SPADES SEVEN DIAMONDS SEVEN,0.2882,0.0552,0.6566
SPADES SIX DIAMONDS SEVEN,0.5548,0.0288,0.4164
DIAMONDS KING DIAMONDS SEVEN,0.3342,0.0082,0.6576
HEARTS THREE DIAMONDS SEVEN,0.6158,0.031,0.3532
HEARTS KING DIAMONDS FIVE,0.2506,0.0364,0.713
DIAMONDS QUEEN DIAMONDS SEVEN,0.354,0.0126,0.6334
HEARTS TWO DIAMONDS SEVEN,0.6224,0.0312,0.3464
HEARTS QUEEN DIAMONDS FIVE,0.2352,0.0494,0.7154
HEARTS FIVE DIAMONDS SEVEN,0.6442,0.0802,0.2756
DIAMONDS ACE DIAMONDS SEVEN,0.3352,0.0048,0.66
HEARTS FOUR DIAMONDS SEVEN,0.6142,0.0274,0.3584
HEARTS ACE DIAMONDS FIVE,0.2424,0.0242,0.7334
HEARTS SEVEN DIAMONDS SEVEN,0.2872,0.0592,0.6536
HEARTS SIX DIAMONDS SEVEN,0.5526,0.0272,0.4202
DIAMONDS SEVEN HEARTS NINE,0.5592,0.0276,0.4132
HEARTS EIGHT DIAMONDS SEVEN,0.5532,0.024,0.4228
DIAMONDS JACK DIAMONDS SEVEN,0.334,0.019,0.647
DIAMONDS FIVE HEARTS JACK,0.2382,0.0724,0.6894
HEARTS TEN DIAMONDS FIVE,0.0192,0.9712,0.0096
CLUBS EIGHT DIAMONDS SEVEN,0.5364,0.0284,0.4352
SPADES KING CLUBS TWO,0.4072,0.0084,0.5844
HEARTS KING CLUBS KING,0.1386,0.0072,0.8542
SPADES QUEEN CLUBS TWO,0.4026,0.013,0.5844
HEARTS KING CLUBS QUEEN,0.3168,0.0068,0.6764
CLUBS NINE DIAMONDS SEVEN,0.5688,0.026,0.4052
CLUBS JACK SPADES TWO,0.3862,0.0202,0.5936
CLUBS SIX CLUBS SEVEN,0.518,0.0296,0.4524
SPADES ACE CLUBS TWO,0.3908,0.005,0.6042
CLUBS TEN SPADES TWO,0.312,0.4688,0.2192
HEARTS KING CLUBS ACE,0.3398,0.0048,0.6554
SPADES TWO CLUBS KING,0.4018,0.007,0.5912
SPADES TWO DIAMONDS SEVEN,0.6296,0.0292,0.3412
CLUBS EIGHT CLUBS SIX,0.52,0.0234,0.4566
SPADES THREE DIAMONDS SEVEN,0.62,0.0268,0.3532
SPADES TWO CLUBS QUEEN,0.39,0.0126,0.5974
CLUBS NINE CLUBS SIX,0.5356,0.027,0.4374
SPADES FOUR DIAMONDS SEVEN,0.5956,0.0288,0.3756
CLUBS JACK HEARTS KING,0.2978,0.0086,0.6936
SPADES FIVE DIAMONDS SEVEN,0.6404,0.0856,0.274
SPADES TWO CLUBS ACE,0.3854,0.0054,0.6092
CLUBS TEN HEARTS KING,0.2276,0.0386,0.7338
CLUBS SIX SPADES TWO,0.6138,0.0308,0.3554
CLUBS SIX SPADES THREE,0.5878,0.0306,0.3816
CLUBS TWO DIAMONDS SEVEN,0.6296,0.0316,0.3388
CLUBS SIX SPADES FOUR,0.5882,0.028,0.3838
CLUBS THREE DIAMONDS SEVEN,0.6242,0.031,0.3448
CLUBS SIX SPADES FIVE,0.637,0.0738,0.2892
CLUBS FOUR DIAMONDS SEVEN,0.6008,0.0304,0.3688
CLUBS SIX SPADES SIX,0.2822,0.0622,0.6556
CLUBS SIX SPADES SEVEN,0.5386,0.028,0.4334
CLUBS SIX DIAMONDS SEVEN,0.5452,0.0326,0.4222
CLUBS SIX SPADES EIGHT,0.5522,0.0232,0.4246
SPADES JACK CLUBS TWO,0.389,0.0166,0.5944
CLUBS SEVEN DIAMONDS SEVEN,0.2836,0.0546,0.6618
CLUBS SIX SPADES NINE,0.5658,0.027,0.4072
SPADES TEN CLUBS TWO,0.3288,0.456,0.2152
CLUBS TWO CLUBS QUEEN,0.3816,0.0138,0.6046
CLUBS TWO CLUBS KING,0.3854,0.0084,0.6062
CLUBS THREE DIAMONDS EIGHT,0.6402,0.0272,0.3326
CLUBS TWO CLUBS ACE,0.3606,0.0052,0.6342
CLUBS TWO DIAMONDS EIGHT,0.6184,0.03,0.3516
HEARTS SEVEN DIAMONDS EIGHT,0.5448,0.0274,0.4278
HEARTS SIX DIAMONDS EIGHT,0.5564,0.03,0.4136
DIAMONDS EIGHT HEARTS NINE,0.53,0.0264,0.4436
CLUBS TEN CLUBS TWO,0.309,0.4452,0.2458
DIAMONDS EIGHT HEARTS EIGHT,0.2876,0.039,0.6734
CLUBS JACK CLUBS TWO,0.3662,0.0186,0.6152
CLUBS NINE DIAMONDS EIGHT,0.529,0.0258,0.4452
CLUBS EIGHT DIAMONDS EIGHT,0.2856,0.0442,0.6702
SPADES ACE SPADES THREE,0.3636,0.0056,0.6308
CLUBS FOUR DIAMONDS EIGHT,0.6116,0.0238,0.3646
CLUBS SEVEN DIAMONDS EIGHT,0.5366,0.0292,0.4342
SPADES QUEEN SPADES THREE,0.362,0.0098,0.6282
CLUBS SIX DIAMONDS EIGHT,0.5624,0.0268,0.4108
SPADES KING SPADES THREE,0.3814,0.0082,0.6104
DIAMONDS EIGHT DIAMONDS QUEEN,0.3366,0.0094,0.654
HEARTS TWO DIAMONDS EIGHT,0.6238,0.0312,0.345
DIAMONDS KING DIAMONDS EIGHT,0.334,0.0054,0.6606
HEARTS THREE DIAMONDS EIGHT,0.6312,0.0288,0.34
DIAMONDS ACE DIAMONDS EIGHT,0.3362,0.0056,0.6582
HEARTS FOUR DIAMONDS EIGHT,0.6146,0.032,0.3534
HEARTS FIVE DIAMONDS EIGHT,0.6502,0.0816,0.2682
DIAMONDS EIGHT DIAMONDS JACK,0.3188,0.0178,0.6634
SPADES JACK SPADES THREE,0.3712,0.0202,0.6086
SPADES TEN SPADES THREE,0.293,0.4246,0.2824
CLUBS FOUR HEARTS ACE,0.3868,0.0072,0.606
CLUBS FOUR HEARTS QUEEN,0.3932,0.0138,0.593
CLUBS FOUR HEARTS KING,0.4014,0.0076,0.591
CLUBS SIX HEARTS TEN,0.2156,0.3756,0.4088
CLUBS SIX HEARTS JACK,0.3518,0.019,0.6292
DIAMONDS EIGHT SPADES FOUR,0.6174,0.0284,0.3542
SPADES FIVE DIAMONDS EIGHT,0.681,0.0762,0.2428
DIAMONDS EIGHT SPADES TWO,0.625,0.0258,0.3492
DIAMONDS EIGHT SPADES THREE,0.628,0.023,0.349
CLUBS FOUR HEARTS JACK,0.3904,0.018,0.5916
SPADES EIGHT DIAMONDS EIGHT,0.2818,0.0474,0.6708
SPADES TEN DIAMONDS QUEEN,0.236,0.0456,0.7184
SPADES TEN HEARTS TWO,0.3178,0.4666,0.2156
SPADES JACK HEARTS EIGHT,0.3418,0.018,0.6402
CLUBS FOUR HEARTS TEN,0.3278,0.4616,0.2106
SPADES NINE DIAMONDS EIGHT,0.5494,0.022,0.4286
SPADES TEN HEARTS EIGHT,0.2198,0.2288,0.5514
SPADES JACK HEARTS TWO,0.3834,0.0196,0.597
SPADES JACK DIAMONDS QUEEN,0.3008,0.0118,0.6874
SPADES SIX DIAMONDS EIGHT,0.5672,0.0256,0.4072
SPADES SEVEN DIAMONDS EIGHT,0.5388,0.0302,0.431
SPADES ACE HEARTS TWO,0.3952,0.0038,0.601
SPADES ACE DIAMONDS QUEEN,0.3098,0.0048,0.6854
SPADES ACE HEARTS EIGHT,0.3666,0.0024,0.631
SPADES KING HEARTS EIGHT,0.3618,0.0064,0.6318
SPADES QUEEN HEARTS TWO,0.3894,0.0146,0.596
SPADES QUEEN DIAMONDS QUEEN,0.1428,0.0196,0.8376
SPADES KING DIAMONDS QUEEN,0.3084,0.0062,0.6854
SPADES KING HEARTS TWO,0.4074,0.0102,0.5824
SPADES QUEEN HEARTS EIGHT,0.3444,0.0086,0.647
CLUBS TWO HEARTS TEN,0.326,0.4568,0.2172
CLUBS TWO HEARTS JACK,0.4026,0.0192,0.5782
SPADES SEVEN DIAMONDS NINE,0.5514,0.0254,0.4232
SPADES SIX DIAMONDS NINE,0.5722,0.0244,0.4034
SPADES NINE DIAMONDS NINE,0.2846,0.0372,0.6782
SPADES EIGHT DIAMONDS NINE,0.5358,0.0268,0.4374
SPADES TEN CLUBS KING,0.23,0.037,0.733
DIAMONDS NINE SPADES THREE,0.6174,0.0252,0.3574
SPADES JACK CLUBS KING,0.3092,0.0058,0.685
DIAMONDS NINE SPADES TWO,0.6198,0.0308,0.3494
DIAMONDS NINE SPADES FIVE,0.6704,0.0824,0.2472
DIAMONDS NINE SPADES FOUR,0.6288,0.0272,0.344
CLUBS NINE DIAMONDS NINE,0.275,0.042,0.683
CLUBS EIGHT DIAMONDS NINE,0.5406,0.026,0.4334
CLUBS SIX DIAMONDS NINE,0.5586,0.0304,0.411
SPADES JACK CLUBS FOUR,0.3966,0.0232,0.5802
CLUBS SEVEN DIAMONDS NINE,0.5456,0.0288,0.4256
SPADES TEN CLUBS FOUR,0.3118,0.4748,0.2134
CLUBS FOUR DIAMONDS NINE,0.639,0.0282,0.3328
DIAMONDS NINE CLUBS TWO,0.617,0.028,0.355
CLUBS THREE DIAMONDS NINE,0.618,0.03,0.352
DIAMONDS NINE HEARTS EIGHT,0.5522,0.0256,0.4222
DIAMONDS NINE HEARTS NINE,0.2924,0.0398,0.6678
HEARTS SIX DIAMONDS NINE,0.5718,0.0256,0.4026
HEARTS SEVEN DIAMONDS NINE,0.563,0.0264,0.4106
CLUBS EIGHT CLUBS NINE,0.4906,0.029,0.4804
DIAMONDS ACE DIAMONDS NINE,0.3442,0.0044,0.6514
HEARTS FOUR DIAMONDS NINE,0.634,0.0294,0.3366
HEARTS FIVE DIAMONDS NINE,0.6698,0.083,0.2472
HEARTS ACE CLUBS TWO,0.4042,0.006,0.5898
SPADES ACE CLUBS FOUR,0.3934,0.0056,0.601
DIAMONDS NINE DIAMONDS QUEEN,0.3244,0.007,0.6686
HEARTS TWO DIAMONDS NINE,0.6288,0.0276,0.3436
CLUBS TWO HEARTS KING,0.3926,0.0074,0.6
SPADES KING CLUBS FOUR,0.3836,0.0098,0.6066
DIAMONDS KING DIAMONDS NINE,0.3348,0.0068,0.6584
HEARTS THREE DIAMONDS NINE,0.609,0.0306,0.3604
CLUBS TWO HEARTS QUEEN,0.3998,0.0118,0.5884
SPADES QUEEN CLUBS FOUR,0.3924,0.0152,0.5924
DIAMONDS NINE DIAMONDS JACK,0.31,0.017,0.673
CLUBS EIGHT SPADES NINE,0.5282,0.0248,0.447
CLUBS EIGHT SPADES EIGHT,0.275,0.0446,0.6804
CLUBS EIGHT SPADES SEVEN,0.5454,0.024,0.4306
CLUBS EIGHT SPADES SIX,0.5434,0.027,0.4296
CLUBS EIGHT SPADES FIVE,0.6642,0.078,0.2578
CLUBS EIGHT SPADES FOUR,0.6038,0.0316,0.3646
CLUBS EIGHT SPADES THREE,0.6138,0.0274,0.3588
CLUBS EIGHT SPADES TWO,0.6096,0.0286,0.3618
CLUBS JACK CLUBS FOUR,0.3606,0.0182,0.6212
CLUBS TEN CLUBS FOUR,0.2868,0.4544,0.2588
CLUBS FOUR CLUBS KING,0.3804,0.009,0.6106
CLUBS FOUR CLUBS QUEEN,0.375,0.0124,0.6126
CLUBS FOUR CLUBS ACE,0.3706,0.0054,0.624
CLUBS EIGHT HEARTS JACK,0.3326,0.0152,0.6522
CLUBS EIGHT HEARTS TEN,0.2214,0.2278,0.5508
CLUBS EIGHT HEARTS QUEEN,0.3544,0.0098,0.6358
CLUBS EIGHT HEARTS KING,0.3502,0.008,0.6418
CLUBS EIGHT HEARTS ACE,0.363,0.0048,0.6322
CLUBS NINE SPADES THREE,0.6136,0.0316,0.3548
CLUBS NINE SPADES TWO,0.6194,0.029,0.3516
CLUBS NINE SPADES FIVE,0.6626,0.0794,0.258
CLUBS NINE SPADES FOUR,0.6126,0.0252,0.3622
CLUBS NINE SPADES SEVEN,0.5568,0.0224,0.4208
CLUBS NINE SPADES SIX,0.5614,0.0254,0.4132
CLUBS NINE SPADES NINE,0.272,0.0392,0.6888
CLUBS TEN HEARTS EIGHT,0.2198,0.2242,0.556
CLUBS NINE SPADES EIGHT,0.5236,0.0268,0.4496
CLUBS JACK HEARTS EIGHT,0.3328,0.0196,0.6476
HEARTS EIGHT CLUBS QUEEN,0.3488,0.0114,0.6398
CLUBS KING HEARTS EIGHT,0.3594,0.01,0.6306
CLUBS ACE HEARTS EIGHT,0.3542,0.0042,0.6416
SPADES KING CLUBS KING,0.1354,0.0096,0.855
SPADES QUEEN CLUBS KING,0.3274,0.004,0.6686
SPADES ACE CLUBS KING,0.328,0.006,0.666
DIAMONDS ACE HEARTS TEN,0.2216,0.03,0.7484
HEARTS FOUR HEARTS TEN,0.2784,0.4396,0.282
DIAMONDS ACE HEARTS JACK,0.3152,0.003,0.6818
HEARTS FOUR HEARTS JACK,0.366,0.016,0.618
HEARTS SEVEN DIAMONDS JACK,0.3486,0.0176,0.6338
HEARTS SIX DIAMONDS JACK,0.3606,0.0198,0.6196
DIAMONDS JACK HEARTS NINE,0.3338,0.0172,0.649
DIAMONDS JACK HEARTS EIGHT,0.3362,0.0184,0.6454
DIAMONDS KING DIAMONDS JACK,0.3054,0.0084,0.6862
HEARTS THREE DIAMONDS JACK,0.385,0.0162,0.5988
SPADES ACE SPADES SIX,0.333,0.0032,0.6638
HEARTS ACE SPADES FOUR,0.378,0.0036,0.6184
DIAMONDS QUEEN DIAMONDS JACK,0.2854,0.0116,0.703
HEARTS TWO DIAMONDS JACK,0.378,0.017,0.605
HEARTS FIVE DIAMONDS JACK,0.2292,0.066,0.7048
SPADES QUEEN SPADES SIX,0.336,0.0098,0.6542
SPADES FOUR HEARTS QUEEN,0.3788,0.0116,0.6096
DIAMONDS ACE DIAMONDS JACK,0.3018,0.0068,0.6914
HEARTS FOUR DIAMONDS JACK,0.3874,0.0178,0.5948
SPADES KING SPADES SIX,0.343,0.0084,0.6486
SPADES FOUR HEARTS KING,0.3874,0.0064,0.6062
SPADES TEN SPADES SIX,0.2078,0.352,0.4402
SPADES JACK SPADES SIX,0.338,0.0182,0.6438
SPADES FOUR DIAMONDS JACK,0.3908,0.0204,0.5888
SPADES FIVE DIAMONDS JACK,0.2388,0.0636,0.6976
DIAMONDS JACK SPADES TWO,0.388,0.0202,0.5918
SPADES THREE DIAMONDS JACK,0.387,0.0196,0.5934
SPADES ACE DIAMONDS THREE,0.3838,0.0036,0.6126
CLUBS EIGHT DIAMONDS JACK,0.3326,0.0158,0.6516
SPADES QUEEN DIAMONDS THREE,0.3996,0.014,0.5864
SPADES KING DIAMONDS THREE,0.3972,0.0084,0.5944
CLUBS NINE DIAMONDS JACK,0.3248,0.0164,0.6588
CLUBS SIX DIAMONDS JACK,0.3412,0.0186,0.6402
CLUBS SEVEN DIAMONDS JACK,0.3462,0.0184,0.6354
CLUBS FOUR DIAMONDS JACK,0.398,0.023,0.579
CLUBS TWO DIAMONDS JACK,0.3928,0.0178,0.5894
CLUBS THREE DIAMONDS JACK,0.4016,0.0194,0.579
SPADES JACK HEARTS SIX,0.3568,0.0144,0.6288
HEARTS SIX SPADES TEN,0.2292,0.3648,0.406
SPADES JACK DIAMONDS THREE,0.3848,0.0188,0.5964
CLUBS SEVEN CLUBS ACE,0.3444,0.0048,0.6508
DIAMONDS THREE SPADES TEN,0.3088,0.477,0.2142
CLUBS SEVEN CLUBS QUEEN,0.3412,0.0106,0.6482
CLUBS SEVEN CLUBS KING,0.3418,0.0072,0.651
SPADES NINE DIAMONDS JACK,0.334,0.017,0.649
CLUBS TEN CLUBS SEVEN,0.2044,0.281,0.5146
DIAMONDS ACE HEARTS ACE,0.1216,0.0042,0.8742
HEARTS FOUR HEARTS ACE,0.3628,0.0044,0.6328
SPADES EIGHT DIAMONDS JACK,0.3362,0.0158,0.648
SPADES ACE HEARTS SIX,0.3562,0.0036,0.6402
CLUBS JACK CLUBS SEVEN,0.338,0.018,0.644
DIAMONDS ACE HEARTS KING,0.3222,0.0046,0.6732
HEARTS FOUR HEARTS KING,0.3604,0.009,0.6306
SPADES SEVEN DIAMONDS JACK,0.351,0.0146,0.6344
SPADES KING HEARTS SIX,0.354,0.007,0.639
DIAMONDS ACE HEARTS QUEEN,0.3194,0.0042,0.6764
HEARTS FOUR HEARTS QUEEN,0.3744,0.0096,0.616
SPADES QUEEN HEARTS SIX,0.365,0.0108,0.6242
SPADES SIX DIAMONDS JACK,0.3678,0.0194,0.6128
CLUBS JACK DIAMONDS THREE,0.3988,0.017,0.5842
CLUBS TEN DIAMONDS THREE,0.3226,0.4636,0.2138
DIAMONDS THREE CLUBS KING,0.3958,0.0098,0.5944
DIAMONDS THREE CLUBS QUEEN,0.3842,0.014,0.6018
DIAMONDS THREE CLUBS ACE,0.3706,0.005,0.6244
SPADES FOUR HEARTS JACK,0.3966,0.014,0.5894
SPADES FOUR HEARTS TEN,0.3224,0.4588,0.2188
SPADES FIVE SPADES TWO,0.6136,0.0752,0.3112
SPADES FOUR SPADES TWO,0.5806,0.0286,0.3908
SPADES THREE SPADES TWO,0.5884,0.0296,0.382
SPADES NINE SPADES TWO,0.5798,0.025,0.3952
SPADES EIGHT SPADES TWO,0.5728,0.0272,0.4
SPADES SEVEN SPADES TWO,0.601,0.0244,0.3746
SPADES SIX SPADES TWO,0.5652,0.0234,0.4114
CLUBS THREE DIAMONDS QUEEN,0.3902,0.0124,0.5974
CLUBS THREE HEARTS TWO,0.6332,0.0268,0.34
CLUBS TWO DIAMONDS QUEEN,0.4,0.0168,0.5832
HEARTS TWO CLUBS TWO,0.4012,0.0622,0.5366
HEARTS SEVEN DIAMONDS QUEEN,0.3556,0.0116,0.6328
HEARTS SEVEN HEARTS TWO,0.5798,0.0248,0.3954
HEARTS SIX DIAMONDS QUEEN,0.334,0.0128,0.6532
HEARTS SIX HEARTS TWO,0.5854,0.0256,0.389
DIAMONDS QUEEN HEARTS NINE,0.3452,0.0112,0.6436
HEARTS TWO HEARTS NINE,0.5766,0.0278,0.3956
DIAMONDS QUEEN HEARTS EIGHT,0.347,0.0114,0.6416
HEARTS TWO HEARTS EIGHT,0.5808,0.0234,0.3958
CLUBS NINE HEARTS TWO,0.6136,0.029,0.3574
CLUBS NINE DIAMONDS QUEEN,0.332,0.011,0.657
CLUBS EIGHT DIAMONDS QUEEN,0.338,0.0126,0.6494
CLUBS EIGHT HEARTS TWO,0.6212,0.0276,0.3512
SPADES EIGHT HEARTS ACE,0.3594,0.0038,0.6368
CLUBS FOUR DIAMONDS QUEEN,0.3826,0.013,0.6044
CLUBS FOUR HEARTS TWO,0.6234,0.0298,0.3468
CLUBS SEVEN DIAMONDS QUEEN,0.353,0.0096,0.6374
CLUBS SEVEN HEARTS TWO,0.612,0.0324,0.3556
SPADES EIGHT HEARTS QUEEN,0.3558,0.0108,0.6334
CLUBS SIX DIAMONDS QUEEN,0.3606,0.0124,0.627
CLUBS SIX HEARTS TWO,0.6038,0.028,0.3682
SPADES EIGHT HEARTS KING,0.3622,0.0068,0.631
HEARTS TWO SPADES SIX,0.6116,0.0276,0.3608
SPADES SIX DIAMONDS QUEEN,0.3564,0.0142,0.6294
HEARTS FOUR CLUBS QUEEN,0.3924,0.013,0.5946
DIAMONDS ACE CLUBS QUEEN,0.3124,0.003,0.6846
SPADES SEVEN DIAMONDS QUEEN,0.3464,0.0138,0.6398
SPADES SEVEN HEARTS TWO,0.6156,0.0314,0.353
HEARTS FOUR CLUBS KING,0.3848,0.0078,0.6074
DIAMONDS ACE CLUBS KING,0.3192,0.0056,0.6752
SPADES EIGHT DIAMONDS QUEEN,0.3558,0.0104,0.6338
SPADES EIGHT HEARTS TWO,0.6076,0.034,0.3584
HEARTS FOUR CLUBS ACE,0.377,0.0058,0.6172
DIAMONDS ACE CLUBS ACE,0.118,0.0038,0.8782
SPADES NINE DIAMONDS QUEEN,0.3344,0.012,0.6536
SPADES NINE HEARTS TWO,0.6082,0.028,0.3638
HEARTS TWO SPADES TWO,0.3906,0.0652,0.5442
DIAMONDS QUEEN SPADES TWO,0.3934,0.012,0.5946
HEARTS TWO SPADES THREE,0.6396,0.0298,0.3306
DIAMONDS QUEEN SPADES THREE,0.41,0.0104,0.5796
HEARTS TWO SPADES FOUR,0.6236,0.0296,0.3468
SPADES FOUR DIAMONDS QUEEN,0.3834,0.0134,0.6032
CLUBS TEN HEARTS FOUR,0.3054,0.4742,0.2204
CLUBS TEN DIAMONDS ACE,0.2012,0.0262,0.7726
HEARTS TWO SPADES FIVE,0.6424,0.0874,0.2702
SPADES FIVE DIAMONDS QUEEN,0.2366,0.0486,0.7148
CLUBS JACK HEARTS FOUR,0.3896,0.0174,0.593
CLUBS JACK DIAMONDS ACE,0.3168,0.0036,0.6796
SPADES KING CLUBS JACK,0.313,0.0062,0.6808
CLUBS JACK SPADES QUEEN,0.303,0.0108,0.6862
SPADES ACE CLUBS JACK,0.3132,0.0042,0.6826
SPADES SIX CLUBS KING,0.3448,0.0068,0.6484
SPADES SIX CLUBS QUEEN,0.345,0.0102,0.6448
SPADES EIGHT HEARTS JACK,0.3398,0.0136,0.6466
SPADES SIX CLUBS ACE,0.3616,0.0034,0.635
SPADES EIGHT HEARTS TEN,0.2336,0.219,0.5474
CLUBS JACK SPADES SIX,0.357,0.0172,0.6258
CLUBS TEN SPADES SIX,0.2058,0.3776,0.4166
CLUBS JACK SPADES TEN,0.217,0.0596,0.7234
CLUBS JACK SPADES JACK,0.1462,0.019,0.8348
SPADES QUEEN CLUBS SEVEN,0.3538,0.009,0.6372
SPADES KING CLUBS SEVEN,0.3514,0.0094,0.6392
SPADES ACE CLUBS SEVEN,0.3494,0.0056,0.645
SPADES SIX HEARTS TEN,0.2132,0.365,0.4218
SPADES SIX HEARTS JACK,0.349,0.017,0.634
SPADES SIX HEARTS ACE,0.3702,0.0028,0.627
SPADES SIX HEARTS KING,0.3588,0.006,0.6352
SPADES SIX HEARTS QUEEN,0.3502,0.0108,0.639
SPADES JACK CLUBS SEVEN,0.3364,0.0196,0.644
SPADES TEN CLUBS SEVEN,0.218,0.2938,0.4882
CLUBS TEN HEARTS SIX,0.2172,0.3712,0.4116
CLUBS JACK HEARTS SIX,0.3486,0.0208,0.6306
CLUBS JACK CLUBS ACE,0.3078,0.0048,0.6874
HEARTS SIX CLUBS QUEEN,0.35,0.01,0.64
HEARTS SIX CLUBS KING,0.349,0.0098,0.6412
HEARTS SIX CLUBS ACE,0.3578,0.0032,0.639
CLUBS JACK CLUBS QUEEN,0.2928,0.0104,0.6968
CLUBS JACK CLUBS KING,0.2904,0.0054,0.7042
DIAMONDS THREE HEARTS ACE,0.3888,0.0046,0.6066
DIAMONDS THREE HEARTS QUEEN,0.4028,0.0126,0.5846
DIAMONDS THREE HEARTS KING,0.3846,0.0096,0.6058
SPADES TEN DIAMONDS ACE,0.2152,0.0248,0.76
HEARTS FOUR SPADES TEN,0.316,0.462,0.222
HEARTS FOUR SPADES JACK,0.3928,0.0162,0.591
SPADES JACK DIAMONDS ACE,0.3102,0.0048,0.685
SPADES ACE HEARTS FOUR,0.371,0.0046,0.6244
SPADES ACE DIAMONDS ACE,0.1276,0.004,0.8684
HEARTS FOUR SPADES QUEEN,0.3866,0.0118,0.6016
SPADES QUEEN DIAMONDS ACE,0.323,0.0038,0.6732
CLUBS JACK SPADES FOUR,0.3806,0.0186,0.6008
SPADES KING DIAMONDS ACE,0.3234,0.0054,0.6712
SPADES KING HEARTS FOUR,0.3924,0.008,0.5996
CLUBS TEN SPADES FOUR,0.32,0.4588,0.2212
DIAMONDS ACE DIAMONDS QUEEN,0.322,0.008,0.67
DIAMONDS ACE HEARTS TWO,0.3842,0.0058,0.61
HEARTS FOUR DIAMONDS QUEEN,0.3776,0.0126,0.6098
HEARTS FOUR HEARTS TWO,0.5904,0.0252,0.3844
DIAMONDS THREE HEARTS TEN,0.33,0.4668,0.2032
SPADES FOUR CLUBS KING,0.3752,0.0082,0.6166
HEARTS FIVE DIAMONDS QUEEN,0.2222,0.0494,0.7284
HEARTS FIVE HEARTS TWO,0.6308,0.079,0.2902
DIAMONDS THREE HEARTS JACK,0.3986,0.0152,0.5862
SPADES FOUR CLUBS QUEEN,0.3866,0.0148,0.5986
HEARTS TWO DIAMONDS QUEEN,0.3902,0.0132,0.5966
DIAMONDS KING DIAMONDS QUEEN,0.294,0.006,0.7
DIAMONDS KING HEARTS TWO,0.3982,0.0084,0.5934
HEARTS THREE DIAMONDS QUEEN,0.4014,0.0116,0.587
HEARTS THREE HEARTS TWO,0.586,0.023,0.391
SPADES FOUR CLUBS ACE,0.3628,0.0052,0.632
HEARTS TWO CLUBS ACE,0.3828,0.0038,0.6134
DIAMONDS QUEEN CLUBS ACE,0.3092,0.007,0.6838
HEARTS TWO CLUBS QUEEN,0.3976,0.0138,0.5886
DIAMONDS QUEEN CLUBS QUEEN,0.1288,0.0174,0.8538
HEARTS TWO CLUBS KING,0.3808,0.007,0.6122
DIAMONDS QUEEN CLUBS KING,0.3032,0.007,0.6898
SPADES EIGHT SPADES FIVE,0.6156,0.068,0.3164
CLUBS TEN HEARTS TWO,0.3142,0.46,0.2258
CLUBS TEN DIAMONDS QUEEN,0.2188,0.0456,0.7356
SPADES NINE SPADES FIVE,0.6304,0.075,0.2946
CLUBS JACK HEARTS TWO,0.392,0.02,0.588
CLUBS JACK DIAMONDS QUEEN,0.3028,0.0112,0.686
SPADES SIX SPADES FIVE,0.6062,0.0674,0.3264
SPADES SEVEN SPADES FIVE,0.5976,0.079,0.3234
DIAMONDS FIVE CLUBS QUEEN,0.2228,0.0436,0.7336
SPADES EIGHT CLUBS ACE,0.3486,0.0044,0.647
DIAMONDS FIVE CLUBS KING,0.238,0.034,0.728
SPADES EIGHT CLUBS KING,0.3606,0.0058,0.6336
DIAMONDS FIVE CLUBS ACE,0.2368,0.025,0.7382
SPADES EIGHT CLUBS QUEEN,0.3518,0.0104,0.6378
CLUBS JACK SPADES EIGHT,0.3314,0.016,0.6526
CLUBS TEN SPADES EIGHT,0.211,0.2246,0.5644
CLUBS TEN DIAMONDS FIVE,0.0078,0.9854,0.0068
CLUBS JACK DIAMONDS FIVE,0.2348,0.0618,0.7034
SPADES ACE CLUBS NINE,0.3502,0.0038,0.646
SPADES QUEEN CLUBS NINE,0.3272,0.0118,0.661
SPADES KING CLUBS NINE,0.3514,0.01,0.6386
HEARTS SIX HEARTS KING,0.344,0.0076,0.6484
DIAMONDS KING SPADES SEVEN,0.3524,0.0092,0.6384
HEARTS THREE SPADES SEVEN,0.6082,0.0304,0.3614
SPADES KING DIAMONDS SEVEN,0.3754,0.0082,0.6164
HEARTS SIX HEARTS QUEEN,0.3508,0.0108,0.6384
SPADES QUEEN DIAMONDS SEVEN,0.3594,0.009,0.6316
HEARTS THREE SPADES SIX,0.607,0.0324,0.3606
DIAMONDS KING SPADES SIX,0.3536,0.0072,0.6392
SPADES NINE DIAMONDS KING,0.3486,0.0068,0.6446
SPADES NINE HEARTS THREE,0.6038,0.03,0.3662
HEARTS SIX HEARTS ACE,0.3376,0.0052,0.6572
DIAMONDS KING SPADES EIGHT,0.3822,0.006,0.6118
SPADES EIGHT HEARTS THREE,0.6146,0.0258,0.3596
SPADES ACE DIAMONDS SEVEN,0.3548,0.0032,0.642
CLUBS NINE HEARTS THREE,0.6188,0.028,0.3532
CLUBS NINE DIAMONDS KING,0.3406,0.0058,0.6536
CLUBS EIGHT DIAMONDS KING,0.343,0.0082,0.6488
CLUBS EIGHT HEARTS THREE,0.628,0.0278,0.3442
HEARTS THREE SPADES THREE,0.3978,0.0664,0.5358
DIAMONDS KING SPADES THREE,0.3872,0.0084,0.6044
HEARTS THREE SPADES TWO,0.621,0.0272,0.3518
DIAMONDS KING SPADES TWO,0.4002,0.0086,0.5912
HEARTS THREE SPADES FIVE,0.6338,0.0808,0.2854
DIAMONDS KING SPADES FIVE,0.2366,0.0404,0.723
HEARTS THREE SPADES FOUR,0.6224,0.0316,0.346
DIAMONDS KING SPADES FOUR,0.3746,0.0114,0.614
DIAMONDS KING CLUBS TWO,0.4032,0.0076,0.5892
HEARTS THREE CLUBS TWO,0.6272,0.0336,0.3392
