opposingHand,winningChance,drawChance,lostChance
CLUBS TEN DIAMONDS THREE
HEARTS FIVE SPADES TEN,0.2166,0.4646,0.3188
HEARTS FIVE SPADES JACK,0.3614,0.0182,0.6204
CLUBS JACK SPADES FIVE,0.364,0.0234,0.6126
CLUBS JACK CLUBS EIGHT,0.317,0.0168,0.6662
CLUBS EIGHT CLUBS KING,0.3506,0.008,0.6414
SPADES FIVE CLUBS ACE,0.3458,0.006,0.6482
CLUBS EIGHT CLUBS QUEEN,0.3268,0.0122,0.661
SPADES FIVE CLUBS KING,0.3666,0.0096,0.6238
SPADES FIVE CLUBS QUEEN,0.3592,0.0138,0.627
CLUBS EIGHT CLUBS ACE,0.3384,0.0058,0.6558
DIAMONDS TWO DIAMONDS FIVE,0.5652,0.0302,0.4046
HEARTS FIVE SPADES KING,0.3618,0.0062,0.632
DIAMONDS TWO DIAMONDS FOUR,0.5602,0.0316,0.4082
HEARTS FIVE SPADES QUEEN,0.3576,0.011,0.6314
DIAMONDS TWO DIAMONDS SEVEN,0.5816,0.0314,0.387
DIAMONDS TWO DIAMONDS SIX,0.5782,0.0306,0.3912
SPADES ACE HEARTS FIVE,0.3616,0.0046,0.6338
DIAMONDS TWO DIAMONDS NINE,0.5844,0.0292,0.3864
DIAMONDS TWO DIAMONDS EIGHT,0.5844,0.027,0.3886
CLUBS TWO SPADES FOUR,0.6036,0.0322,0.3642
SPADES FIVE CLUBS TWO,0.6062,0.0298,0.364
CLUBS TWO SPADES TWO,0.3988,0.0706,0.5306
CLUBS TWO SPADES THREE,0.6618,0.0792,0.259
SPADES EIGHT CLUBS TWO,0.6182,0.0306,0.3512
SPADES NINE CLUBS TWO,0.6158,0.026,0.3582
SPADES SIX CLUBS TWO,0.6116,0.0296,0.3588
SPADES SEVEN CLUBS TWO,0.624,0.0272,0.3488
CLUBS SIX CLUBS TWO,0.5784,0.0284,0.3932
CLUBS SEVEN CLUBS TWO,0.58,0.03,0.39
CLUBS FOUR CLUBS TWO,0.5798,0.0358,0.3844
CLUBS FIVE CLUBS TWO,0.5764,0.0328,0.3908
DIAMONDS FOUR DIAMONDS SIX,0.527,0.029,0.444
DIAMONDS FOUR DIAMONDS SEVEN,0.5404,0.0252,0.4344
CLUBS EIGHT CLUBS TWO,0.5762,0.0338,0.39
DIAMONDS FOUR DIAMONDS FIVE,0.511,0.0294,0.4596
CLUBS NINE CLUBS TWO,0.582,0.0294,0.3886
DIAMONDS FOUR DIAMONDS NINE,0.5538,0.031,0.4152
DIAMONDS FOUR DIAMONDS EIGHT,0.5406,0.0276,0.4318
CLUBS THREE CLUBS TWO,0.644,0.0806,0.2754
DIAMONDS NINE DIAMONDS FIVE,0.5448,0.0272,0.428
CLUBS JACK DIAMONDS TWO,0.3872,0.022,0.5908
DIAMONDS FIVE DIAMONDS EIGHT,0.5378,0.0276,0.4346
DIAMONDS FIVE DIAMONDS SEVEN,0.5196,0.0254,0.455
DIAMONDS SIX DIAMONDS FIVE,0.5206,0.0254,0.454
DIAMONDS TWO CLUBS ACE,0.3842,0.0076,0.6082
DIAMONDS TWO CLUBS KING,0.3768,0.0074,0.6158
DIAMONDS TWO CLUBS QUEEN,0.3962,0.0138,0.59
DIAMONDS SIX DIAMONDS EIGHT,0.51,0.0268,0.4632
DIAMONDS NINE DIAMONDS SIX,0.541,0.0302,0.4288
HEARTS ACE SPADES THREE,0.2444,0.022,0.7336
SPADES THREE HEARTS KING,0.2422,0.0276,0.7302
DIAMONDS SIX DIAMONDS SEVEN,0.502,0.033,0.465
HEARTS QUEEN SPADES THREE,0.2376,0.041,0.7214
SPADES THREE HEARTS JACK,0.23,0.054,0.716
SPADES THREE HEARTS TEN,0.02,0.9592,0.0208
DIAMONDS EIGHT DIAMONDS SEVEN,0.49,0.028,0.482
DIAMONDS NINE DIAMONDS SEVEN,0.5232,0.026,0.4508
DIAMONDS NINE DIAMONDS EIGHT,0.5052,0.0268,0.468
DIAMONDS KING HEARTS TEN,0.2246,0.0394,0.736
HEARTS THREE HEARTS TEN,0.0218,0.9058,0.0724
SPADES JACK CLUBS SIX,0.3654,0.0192,0.6154
DIAMONDS KING HEARTS JACK,0.3008,0.0094,0.6898
HEARTS THREE HEARTS JACK,0.2296,0.0528,0.7176
SPADES TEN CLUBS SIX,0.2262,0.3772,0.3966
SPADES JACK SPADES FIVE,0.3418,0.0168,0.6414
SPADES TEN SPADES FIVE,0.2042,0.4418,0.354
DIAMONDS KING HEARTS ACE,0.317,0.0048,0.6782
HEARTS THREE HEARTS ACE,0.227,0.022,0.751
SPADES ACE CLUBS SIX,0.36,0.0052,0.6348
DIAMONDS KING HEARTS QUEEN,0.3076,0.0064,0.686
HEARTS THREE HEARTS QUEEN,0.234,0.0418,0.7242
SPADES KING CLUBS SIX,0.3702,0.0092,0.6206
DIAMONDS KING HEARTS KING,0.1204,0.0122,0.8674
HEARTS THREE HEARTS KING,0.2304,0.0314,0.7382
SPADES QUEEN CLUBS SIX,0.3596,0.0102,0.6302
SPADES NINE HEARTS TEN,0.2268,0.1654,0.6078
SPADES NINE HEARTS JACK,0.3314,0.0152,0.6534
SPADES QUEEN SPADES FIVE,0.3352,0.0092,0.6556
SPADES KING SPADES FIVE,0.3306,0.0068,0.6626
SPADES ACE SPADES FIVE,0.3284,0.0042,0.6674
SPADES NINE HEARTS QUEEN,0.345,0.0094,0.6456
SPADES NINE HEARTS KING,0.3444,0.0084,0.6472
SPADES NINE HEARTS ACE,0.359,0.0038,0.6372
SPADES FIVE HEARTS QUEEN,0.3674,0.009,0.6236
SPADES FIVE HEARTS KING,0.3612,0.0092,0.6296
HEARTS ACE SPADES FIVE,0.3456,0.0046,0.6498
CLUBS EIGHT SPADES TEN,0.2242,0.2244,0.5514
SPADES JACK HEARTS THREE,0.2442,0.0524,0.7034
SPADES JACK DIAMONDS KING,0.3094,0.0072,0.6834
SPADES TEN DIAMONDS KING,0.2232,0.0354,0.7414
SPADES TEN HEARTS THREE,0.0196,0.9608,0.0196
SPADES JACK CLUBS EIGHT,0.342,0.0184,0.6396
CLUBS SIX HEARTS ACE,0.3706,0.0054,0.624
SPADES ACE CLUBS EIGHT,0.359,0.0048,0.6362
HEARTS FIVE CLUBS JACK,0.346,0.0198,0.6342
CLUBS SIX HEARTS QUEEN,0.3612,0.0146,0.6242
SPADES QUEEN CLUBS EIGHT,0.3536,0.0126,0.6338
CLUBS SIX HEARTS KING,0.3716,0.0064,0.622
SPADES KING CLUBS EIGHT,0.351,0.0078,0.6412
CLUBS JACK SPADES THREE,0.228,0.0602,0.7118
DIAMONDS TWO HEARTS JACK,0.3862,0.0198,0.594
SPADES THREE CLUBS QUEEN,0.232,0.0436,0.7244
DIAMONDS TWO HEARTS TEN,0.2532,0.531,0.2158
SPADES THREE CLUBS KING,0.2374,0.0364,0.7262
HEARTS FIVE CLUBS ACE,0.3388,0.0062,0.655
SPADES FIVE HEARTS TEN,0.2232,0.4566,0.3202
SPADES THREE CLUBS ACE,0.243,0.0202,0.7368
HEARTS FIVE CLUBS KING,0.3504,0.0078,0.6418
SPADES FIVE HEARTS JACK,0.3536,0.0168,0.6296
HEARTS FIVE CLUBS QUEEN,0.3566,0.0138,0.6296
HEARTS THREE CLUBS KING,0.231,0.0336,0.7354
DIAMONDS KING CLUBS KING,0.1244,0.012,0.8636
HEARTS THREE CLUBS QUEEN,0.229,0.044,0.727
DIAMONDS KING CLUBS QUEEN,0.3158,0.0076,0.6766
HEARTS FIVE HEARTS JACK,0.335,0.0196,0.6454
HEARTS FIVE HEARTS TEN,0.214,0.432,0.354
HEARTS THREE CLUBS ACE,0.238,0.0192,0.7428
DIAMONDS KING CLUBS ACE,0.3086,0.0056,0.6858
SPADES ACE CLUBS QUEEN,0.32,0.004,0.676
SPADES KING CLUBS QUEEN,0.3052,0.0068,0.688
CLUBS JACK HEARTS THREE,0.2368,0.059,0.7042
CLUBS JACK DIAMONDS KING,0.3008,0.0088,0.6904
SPADES QUEEN CLUBS QUEEN,0.1308,0.0184,0.8508
SPADES JACK CLUBS QUEEN,0.3022,0.0076,0.6902
CLUBS SIX CLUBS QUEEN,0.3416,0.01,0.6484
SPADES TEN CLUBS QUEEN,0.2198,0.046,0.7342
CLUBS SIX CLUBS KING,0.341,0.0086,0.6504
CLUBS SIX CLUBS ACE,0.3446,0.0042,0.6512
HEARTS FIVE HEARTS KING,0.3422,0.0076,0.6502
HEARTS FIVE HEARTS QUEEN,0.3228,0.013,0.6642
HEARTS FIVE HEARTS ACE,0.3434,0.0038,0.6528
CLUBS JACK CLUBS SIX,0.3432,0.0192,0.6376
SPADES SEVEN HEARTS JACK,0.3568,0.0192,0.624
SPADES SEVEN HEARTS TEN,0.2174,0.2982,0.4844
DIAMONDS TWO CLUBS TWO,0.3968,0.0744,0.5288
DIAMONDS TWO CLUBS THREE,0.6674,0.0792,0.2534
DIAMONDS TWO HEARTS SIX,0.6126,0.0328,0.3546
DIAMONDS TWO HEARTS QUEEN,0.3932,0.0138,0.593
HEARTS SEVEN DIAMONDS TWO,0.6162,0.0292,0.3546
DIAMONDS TWO HEARTS KING,0.3876,0.0104,0.602
DIAMONDS TWO HEARTS EIGHT,0.6124,0.038,0.3496
DIAMONDS TWO HEARTS ACE,0.3886,0.004,0.6074
DIAMONDS TWO HEARTS NINE,0.6192,0.0326,0.3482
DIAMONDS TWO DIAMONDS QUEEN,0.3762,0.013,0.6108
DIAMONDS TWO HEARTS TWO,0.4016,0.0696,0.5288
DIAMONDS TWO DIAMONDS KING,0.3776,0.0066,0.6158
DIAMONDS TWO HEARTS THREE,0.6774,0.0786,0.244
DIAMONDS TWO DIAMONDS ACE,0.3598,0.0068,0.6334
HEARTS FOUR DIAMONDS TWO,0.5986,0.03,0.3714
HEARTS FIVE DIAMONDS TWO,0.5964,0.0324,0.3712
SPADES SEVEN HEARTS ACE,0.361,0.0064,0.6326
DIAMONDS TWO DIAMONDS TEN,0.2426,0.5084,0.249
SPADES SEVEN HEARTS KING,0.3622,0.0064,0.6314
DIAMONDS TWO DIAMONDS JACK,0.3776,0.0168,0.6056
SPADES SEVEN HEARTS QUEEN,0.3526,0.0118,0.6356
DIAMONDS TWO SPADES NINE,0.6192,0.0286,0.3522
DIAMONDS TWO SPADES EIGHT,0.6104,0.0314,0.3582
DIAMONDS TWO SPADES SEVEN,0.6086,0.0312,0.3602
DIAMONDS TWO SPADES SIX,0.5996,0.0288,0.3716
DIAMONDS TWO SPADES FIVE,0.5856,0.0324,0.382
DIAMONDS TWO SPADES FOUR,0.602,0.0308,0.3672
DIAMONDS TWO SPADES THREE,0.6876,0.0736,0.2388
DIAMONDS TWO SPADES TWO,0.3966,0.076,0.5274
CLUBS NINE DIAMONDS TWO,0.6156,0.0286,0.3558
DIAMONDS TWO CLUBS EIGHT,0.6264,0.0328,0.3408
CLUBS SEVEN DIAMONDS TWO,0.633,0.0274,0.3396
DIAMONDS TWO CLUBS SIX,0.6128,0.035,0.3522
DIAMONDS TWO CLUBS FIVE,0.5852,0.0386,0.3762
DIAMONDS TWO CLUBS FOUR,0.6044,0.029,0.3666
CLUBS FOUR SPADES FIVE,0.5612,0.033,0.4058
CLUBS FOUR SPADES FOUR,0.3004,0.0706,0.629
CLUBS FOUR SPADES THREE,0.6356,0.0788,0.2856
CLUBS FOUR SPADES TWO,0.5978,0.0314,0.3708
SPADES NINE CLUBS FOUR,0.5908,0.0262,0.383
SPADES EIGHT CLUBS FOUR,0.5786,0.0264,0.395
SPADES SEVEN CLUBS FOUR,0.564,0.0318,0.4042
CLUBS FOUR SPADES SIX,0.5564,0.0286,0.415
SPADES ACE DIAMONDS SIX,0.3592,0.0034,0.6374
SPADES QUEEN DIAMONDS SIX,0.3598,0.01,0.6302
SPADES KING DIAMONDS SIX,0.3574,0.0086,0.634
SPADES TEN DIAMONDS SIX,0.2066,0.3804,0.413
SPADES JACK DIAMONDS SIX,0.3664,0.0174,0.6162
SPADES QUEEN SPADES TWO,0.3674,0.0112,0.6214
SPADES KING SPADES TWO,0.3674,0.0084,0.6242
SPADES ACE SPADES TWO,0.3604,0.0052,0.6344
CLUBS JACK DIAMONDS JACK,0.1286,0.0246,0.8468
DIAMONDS JACK CLUBS KING,0.3094,0.0096,0.681
DIAMONDS JACK CLUBS QUEEN,0.2874,0.0106,0.702
DIAMONDS JACK CLUBS ACE,0.3068,0.0042,0.689
SPADES TEN SPADES NINE,0.209,0.172,0.619
SPADES JACK SPADES NINE,0.3,0.0202,0.6798
DIAMONDS FOUR HEARTS JACK,0.3692,0.0158,0.615
HEARTS ACE HEARTS KING,0.302,0.003,0.695
SPADES TEN SPADES TWO,0.251,0.4832,0.2658
DIAMONDS FOUR HEARTS TEN,0.2268,0.5108,0.2624
SPADES JACK SPADES TWO,0.362,0.0156,0.6224
DIAMONDS FOUR HEARTS QUEEN,0.358,0.0104,0.6316
DIAMONDS FOUR HEARTS KING,0.354,0.0086,0.6374
SPADES ACE SPADES NINE,0.343,0.004,0.653
DIAMONDS FOUR HEARTS ACE,0.3428,0.005,0.6522
SPADES KING SPADES NINE,0.324,0.0072,0.6688
SPADES QUEEN SPADES NINE,0.3262,0.0094,0.6644
CLUBS FIVE CLUBS SIX,0.5232,0.0296,0.4472
DIAMONDS FOUR CLUBS ACE,0.346,0.0068,0.6472
CLUBS SEVEN CLUBS FIVE,0.524,0.0298,0.4462
DIAMONDS FOUR CLUBS QUEEN,0.3546,0.0128,0.6326
DIAMONDS FOUR CLUBS KING,0.3438,0.0084,0.6478
CLUBS JACK DIAMONDS FOUR,0.349,0.0214,0.6296
SPADES SEVEN CLUBS ACE,0.3564,0.0032,0.6404
SPADES SEVEN CLUBS QUEEN,0.3602,0.0132,0.6266
SPADES SEVEN CLUBS KING,0.3556,0.0078,0.6366
CLUBS FIVE SPADES SEVEN,0.5474,0.0308,0.4218
CLUBS FIVE SPADES SIX,0.553,0.0344,0.4126
CLUBS JACK SPADES SEVEN,0.3426,0.0186,0.6388
CLUBS FIVE SPADES NINE,0.5776,0.0244,0.398
CLUBS FIVE SPADES EIGHT,0.5584,0.032,0.4096
CLUBS FIVE SPADES THREE,0.646,0.0776,0.2764
CLUBS FIVE SPADES TWO,0.5998,0.0312,0.369
CLUBS FIVE SPADES FIVE,0.2872,0.0604,0.6524
CLUBS FIVE SPADES FOUR,0.5554,0.0302,0.4144
CLUBS NINE CLUBS FIVE,0.5508,0.0316,0.4176
CLUBS EIGHT CLUBS FIVE,0.5408,0.0268,0.4324
CLUBS ACE CLUBS QUEEN,0.3004,0.005,0.6946
CLUBS KING CLUBS QUEEN,0.2926,0.0078,0.6996
DIAMONDS FOUR DIAMONDS TEN,0.2136,0.4918,0.2946
DIAMONDS FOUR DIAMONDS JACK,0.3416,0.0154,0.643
CLUBS JACK DIAMONDS NINE,0.3136,0.0146,0.6718
CLUBS JACK SPADES NINE,0.3308,0.0154,0.6538
DIAMONDS FOUR DIAMONDS ACE,0.3256,0.008,0.6664
HEARTS FOUR DIAMONDS FOUR,0.2894,0.068,0.6426
DIAMONDS JACK HEARTS TEN,0.2148,0.0556,0.7296
SPADES NINE CLUBS KING,0.3498,0.008,0.6422
DIAMONDS TWO SPADES TEN,0.2652,0.525,0.2098
DIAMONDS NINE CLUBS ACE,0.3596,0.0056,0.6348
HEARTS FIVE DIAMONDS FOUR,0.5548,0.0302,0.415
DIAMONDS JACK HEARTS JACK,0.1388,0.0194,0.8418
SPADES NINE CLUBS QUEEN,0.3388,0.0112,0.65
DIAMONDS TWO SPADES JACK,0.3878,0.0186,0.5936
DIAMONDS FOUR DIAMONDS QUEEN,0.3404,0.0092,0.6504
DIAMONDS FOUR HEARTS TWO,0.592,0.0308,0.3772
DIAMONDS NINE CLUBS QUEEN,0.3228,0.0144,0.6628
DIAMONDS FOUR DIAMONDS KING,0.3466,0.0074,0.646
DIAMONDS FOUR HEARTS THREE,0.6446,0.0788,0.2766
SPADES NINE CLUBS ACE,0.3582,0.005,0.6368
DIAMONDS NINE CLUBS KING,0.3488,0.0098,0.6414
HEARTS ACE DIAMONDS JACK,0.3082,0.005,0.6868
SPADES ACE DIAMONDS TWO,0.3828,0.0062,0.611
HEARTS QUEEN DIAMONDS JACK,0.2914,0.0116,0.697
SPADES QUEEN DIAMONDS TWO,0.3906,0.0116,0.5978
HEARTS KING DIAMONDS JACK,0.306,0.0088,0.6852
SPADES KING DIAMONDS TWO,0.4082,0.0084,0.5834
SPADES JACK SPADES SEVEN,0.3342,0.018,0.6478
SPADES TEN SPADES SEVEN,0.208,0.2772,0.5148
CLUBS SEVEN CLUBS THREE,0.6522,0.0656,0.2822
CLUBS SIX CLUBS THREE,0.6356,0.0702,0.2942
CLUBS FIVE CLUBS THREE,0.615,0.0704,0.3146
CLUBS THREE CLUBS FOUR,0.618,0.0748,0.3072
CLUBS NINE CLUBS THREE,0.6534,0.0818,0.2648
CLUBS EIGHT CLUBS THREE,0.6524,0.076,0.2716
CLUBS THREE SPADES FIVE,0.6564,0.076,0.2676
CLUBS THREE SPADES FOUR,0.6532,0.0764,0.2704
CLUBS THREE SPADES THREE,0.284,0.0502,0.6658
CLUBS THREE SPADES TWO,0.6676,0.0862,0.2462
CLUBS THREE SPADES SIX,0.659,0.072,0.269
CLUBS THREE SPADES SEVEN,0.6844,0.0666,0.249
SPADES EIGHT CLUBS THREE,0.6898,0.0758,0.2344
SPADES NINE CLUBS THREE,0.6966,0.077,0.2264
DIAMONDS FOUR SPADES TWO,0.5702,0.0382,0.3916
DIAMONDS FOUR SPADES THREE,0.6404,0.0774,0.2822
DIAMONDS FOUR SPADES FOUR,0.3028,0.065,0.6322
DIAMONDS FOUR SPADES FIVE,0.5446,0.034,0.4214
DIAMONDS FOUR SPADES SIX,0.5506,0.03,0.4194
DIAMONDS FOUR SPADES SEVEN,0.5708,0.0262,0.403
DIAMONDS FOUR SPADES EIGHT,0.5726,0.0284,0.399
DIAMONDS FOUR SPADES NINE,0.5814,0.0296,0.389
DIAMONDS FOUR CLUBS FIVE,0.5488,0.0304,0.4208
DIAMONDS FOUR CLUBS FOUR,0.3014,0.0668,0.6318
CLUBS SEVEN DIAMONDS FOUR,0.5574,0.0286,0.414
DIAMONDS FOUR CLUBS SIX,0.5626,0.035,0.4024
CLUBS NINE DIAMONDS FOUR,0.581,0.0268,0.3922
CLUBS EIGHT DIAMONDS FOUR,0.5654,0.0276,0.407
HEARTS SEVEN DIAMONDS FOUR,0.5712,0.0276,0.4012
HEARTS SIX DIAMONDS FOUR,0.5508,0.0282,0.421
DIAMONDS FOUR HEARTS NINE,0.5882,0.029,0.3828
DIAMONDS FOUR HEARTS EIGHT,0.574,0.0306,0.3954
DIAMONDS FOUR CLUBS THREE,0.65,0.0816,0.2684
DIAMONDS FOUR CLUBS TWO,0.6008,0.0356,0.3636
DIAMONDS TEN DIAMONDS FIVE,0.211,0.4442,0.3448
DIAMONDS JACK DIAMONDS FIVE,0.3398,0.019,0.6412
DIAMONDS NINE HEARTS QUEEN,0.332,0.0096,0.6584
DIAMONDS NINE HEARTS KING,0.3462,0.0076,0.6462
HEARTS ACE DIAMONDS NINE,0.3412,0.0032,0.6556
DIAMONDS NINE HEARTS TEN,0.2214,0.1722,0.6064
DIAMONDS NINE HEARTS JACK,0.3246,0.014,0.6614
DIAMONDS SIX CLUBS KING,0.347,0.0098,0.6432
DIAMONDS SIX CLUBS QUEEN,0.3546,0.0106,0.6348
DIAMONDS SIX CLUBS ACE,0.3578,0.006,0.6362
SPADES KING DIAMONDS FOUR,0.3634,0.007,0.6296
SPADES ACE SPADES SEVEN,0.332,0.0046,0.6634
SPADES QUEEN DIAMONDS FOUR,0.3556,0.013,0.6314
SPADES QUEEN SPADES SEVEN,0.341,0.0104,0.6486
CLUBS JACK DIAMONDS SIX,0.3478,0.0206,0.6316
SPADES KING SPADES SEVEN,0.354,0.0088,0.6372
SPADES ACE DIAMONDS FOUR,0.3474,0.004,0.6486
CLUBS NINE CLUBS FOUR,0.5688,0.028,0.4032
CLUBS EIGHT CLUBS FOUR,0.5432,0.029,0.4278
SPADES JACK DIAMONDS FOUR,0.357,0.0196,0.6234
DIAMONDS FOUR SPADES TEN,0.2184,0.517,0.2646
CLUBS FIVE CLUBS FOUR,0.5246,0.0298,0.4456
CLUBS SEVEN CLUBS FOUR,0.5422,0.0264,0.4314
CLUBS SIX CLUBS FOUR,0.524,0.0274,0.4486
CLUBS SEVEN SPADES EIGHT,0.5328,0.0264,0.4408
CLUBS SEVEN SPADES NINE,0.5478,0.024,0.4282
CLUBS SEVEN SPADES SIX,0.5556,0.0278,0.4166
CLUBS SEVEN SPADES SEVEN,0.2876,0.0524,0.66
CLUBS SEVEN SPADES FIVE,0.5566,0.027,0.4164
CLUBS SEVEN SPADES FOUR,0.558,0.0312,0.4108
CLUBS SEVEN SPADES THREE,0.6836,0.068,0.2484
CLUBS SEVEN SPADES TWO,0.6076,0.0328,0.3596
CLUBS NINE CLUBS SEVEN,0.522,0.0276,0.4504
CLUBS SEVEN CLUBS EIGHT,0.5038,0.0264,0.4698
HEARTS SIX DIAMONDS FIVE,0.5474,0.0312,0.4214
HEARTS SEVEN DIAMONDS FIVE,0.5512,0.031,0.4178
DIAMONDS FIVE HEARTS EIGHT,0.5726,0.0264,0.401
DIAMONDS FIVE HEARTS NINE,0.5762,0.0278,0.396
DIAMONDS QUEEN DIAMONDS FIVE,0.3332,0.0114,0.6554
HEARTS TWO DIAMONDS FIVE,0.595,0.0346,0.3704
HEARTS KING HEARTS EIGHT,0.331,0.0066,0.6624
DIAMONDS KING DIAMONDS FIVE,0.3448,0.0086,0.6466
HEARTS THREE DIAMONDS FIVE,0.6344,0.0842,0.2814
HEARTS QUEEN HEARTS EIGHT,0.3298,0.011,0.6592
DIAMONDS ACE DIAMONDS FIVE,0.327,0.0054,0.6676
HEARTS FOUR DIAMONDS FIVE,0.5494,0.0274,0.4232
HEARTS FIVE DIAMONDS FIVE,0.2964,0.0614,0.6422
HEARTS ACE HEARTS EIGHT,0.3348,0.0036,0.6616
CLUBS FOUR DIAMONDS FIVE,0.563,0.0304,0.4066
CLUBS FIVE DIAMONDS FIVE,0.2848,0.0642,0.651
CLUBS SIX DIAMONDS FIVE,0.5562,0.031,0.4128
CLUBS SEVEN DIAMONDS FIVE,0.5552,0.0294,0.4154
CLUBS TWO DIAMONDS FIVE,0.5918,0.0312,0.377
CLUBS THREE DIAMONDS FIVE,0.6468,0.0808,0.2724
SPADES THREE DIAMONDS FIVE,0.6334,0.082,0.2846
SPADES TWO DIAMONDS FIVE,0.5878,0.0336,0.3786
SPADES JACK DIAMONDS EIGHT,0.3266,0.0132,0.6602
SPADES FIVE DIAMONDS FIVE,0.2784,0.0668,0.6548
SPADES TEN DIAMONDS EIGHT,0.2264,0.2142,0.5594
SPADES FOUR DIAMONDS FIVE,0.5412,0.0286,0.4302
CLUBS JACK HEARTS JACK,0.139,0.022,0.839
HEARTS JACK CLUBS QUEEN,0.301,0.0088,0.6902
CLUBS NINE DIAMONDS FIVE,0.5824,0.032,0.3856
HEARTS JACK CLUBS KING,0.3048,0.0072,0.688
CLUBS EIGHT DIAMONDS FIVE,0.569,0.0284,0.4026
CLUBS ACE HEARTS JACK,0.3096,0.0046,0.6858
SPADES SEVEN DIAMONDS FIVE,0.5486,0.0292,0.4222
SPADES KING DIAMONDS EIGHT,0.3478,0.0066,0.6456
SPADES QUEEN DIAMONDS EIGHT,0.3436,0.0102,0.6462
SPADES SIX DIAMONDS FIVE,0.5456,0.0296,0.4248
SPADES NINE DIAMONDS FIVE,0.5628,0.0288,0.4084
SPADES EIGHT DIAMONDS FIVE,0.5584,0.0264,0.4152
SPADES ACE DIAMONDS EIGHT,0.3546,0.0062,0.6392
DIAMONDS TEN DIAMONDS SIX,0.2102,0.3672,0.4226
HEARTS ACE DIAMONDS SEVEN,0.3454,0.006,0.6486
DIAMONDS JACK DIAMONDS SIX,0.3352,0.0166,0.6482
HEARTS QUEEN DIAMONDS SEVEN,0.3548,0.012,0.6332
HEARTS KING DIAMONDS SEVEN,0.3692,0.0068,0.624
DIAMONDS ACE DIAMONDS SIX,0.331,0.005,0.664
HEARTS FOUR DIAMONDS SIX,0.5542,0.0308,0.415
SPADES TWO HEARTS JACK,0.3866,0.0224,0.591
HEARTS FIVE DIAMONDS SIX,0.5502,0.0278,0.422
SPADES TWO HEARTS TEN,0.262,0.5296,0.2084
DIAMONDS QUEEN DIAMONDS SIX,0.3368,0.013,0.6502
HEARTS TWO DIAMONDS SIX,0.6028,0.0276,0.3696
DIAMONDS KING DIAMONDS SIX,0.3408,0.01,0.6492
HEARTS THREE DIAMONDS SIX,0.661,0.0716,0.2674
DIAMONDS SIX HEARTS EIGHT,0.5446,0.0252,0.4302
DIAMONDS SIX HEARTS NINE,0.5524,0.0234,0.4242
HEARTS SIX DIAMONDS SIX,0.2776,0.0598,0.6626
HEARTS SEVEN DIAMONDS SIX,0.5332,0.027,0.4398
HEARTS TEN DIAMONDS SEVEN,0.211,0.2908,0.4982
CLUBS TWO DIAMONDS SIX,0.6112,0.0348,0.354
HEARTS JACK DIAMONDS SEVEN,0.3478,0.0196,0.6326
CLUBS THREE DIAMONDS SIX,0.667,0.0806,0.2524
CLUBS SEVEN DIAMONDS SIX,0.5348,0.029,0.4362
CLUBS JACK DIAMONDS EIGHT,0.3324,0.0208,0.6468
CLUBS SIX DIAMONDS SIX,0.2886,0.0634,0.648
CLUBS FIVE DIAMONDS SIX,0.5476,0.0312,0.4212
CLUBS FOUR DIAMONDS SIX,0.5536,0.0284,0.418
HEARTS ACE HEARTS JACK,0.3014,0.0052,0.6934
CLUBS ACE DIAMONDS EIGHT,0.3526,0.0064,0.641
HEARTS QUEEN HEARTS JACK,0.288,0.011,0.701
CLUBS KING DIAMONDS EIGHT,0.3458,0.0074,0.6468
CLUBS NINE DIAMONDS SIX,0.5518,0.03,0.4182
HEARTS KING HEARTS JACK,0.2826,0.0046,0.7128
DIAMONDS EIGHT CLUBS QUEEN,0.3356,0.009,0.6554
CLUBS EIGHT DIAMONDS SIX,0.5478,0.025,0.4272
SPADES TEN HEARTS KING,0.2238,0.0368,0.7394
SPADES FIVE DIAMONDS SIX,0.5442,0.0286,0.4272
HEARTS ACE SPADES TWO,0.3776,0.004,0.6184
SPADES JACK HEARTS KING,0.3166,0.006,0.6774
SPADES FOUR DIAMONDS SIX,0.5548,0.0242,0.421
SPADES THREE DIAMONDS SIX,0.6642,0.071,0.2648
HEARTS QUEEN SPADES TWO,0.3786,0.0152,0.6062
SPADES ACE SPADES KING,0.3122,0.0028,0.685
HEARTS KING SPADES TWO,0.391,0.0098,0.5992
SPADES TWO DIAMONDS SIX,0.6102,0.0326,0.3572
HEARTS TEN HEARTS EIGHT,0.2168,0.205,0.5782
SPADES NINE DIAMONDS SIX,0.552,0.027,0.421
HEARTS JACK HEARTS EIGHT,0.3176,0.0146,0.6678
SPADES EIGHT DIAMONDS SIX,0.5468,0.0274,0.4258
SPADES SEVEN DIAMONDS SIX,0.537,0.0232,0.4398
SPADES SIX DIAMONDS SIX,0.2858,0.0594,0.6548
SPADES KING HEARTS KING,0.1346,0.0104,0.855
SPADES QUEEN HEARTS KING,0.3184,0.005,0.6766
CLUBS ACE CLUBS KING,0.3018,0.005,0.6932
SPADES ACE HEARTS KING,0.323,0.004,0.673
SPADES ACE HEARTS JACK,0.3156,0.0042,0.6802
SPADES QUEEN HEARTS JACK,0.312,0.0096,0.6784
SPADES KING HEARTS JACK,0.3174,0.0072,0.6754
SPADES TEN DIAMONDS TEN,0.0788,0.0564,0.8648
SPADES JACK DIAMONDS TEN,0.2178,0.053,0.7292
SPADES ACE DIAMONDS TEN,0.2032,0.0228,0.774
SPADES JACK HEARTS JACK,0.1442,0.0246,0.8312
SPADES TEN HEARTS JACK,0.2372,0.0512,0.7116
SPADES QUEEN DIAMONDS TEN,0.2204,0.0452,0.7344
SPADES KING DIAMONDS TEN,0.2194,0.0354,0.7452
SPADES NINE DIAMONDS SEVEN,0.5402,0.0252,0.4346
SPADES EIGHT DIAMONDS SEVEN,0.5236,0.0292,0.4472
SPADES SEVEN DIAMONDS SEVEN,0.2888,0.0538,0.6574
SPADES SIX DIAMONDS SEVEN,0.5318,0.0278,0.4404
DIAMONDS KING DIAMONDS SEVEN,0.3336,0.005,0.6614
HEARTS THREE DIAMONDS SEVEN,0.6692,0.0748,0.256
HEARTS KING DIAMONDS FIVE,0.3564,0.0094,0.6342
DIAMONDS QUEEN DIAMONDS SEVEN,0.3416,0.0124,0.646
HEARTS TWO DIAMONDS SEVEN,0.6092,0.03,0.3608
HEARTS QUEEN DIAMONDS FIVE,0.3662,0.0112,0.6226
HEARTS FIVE DIAMONDS SEVEN,0.5546,0.0272,0.4182
DIAMONDS ACE DIAMONDS SEVEN,0.3392,0.0058,0.655
HEARTS FOUR DIAMONDS SEVEN,0.5504,0.032,0.4176
HEARTS ACE DIAMONDS FIVE,0.3462,0.0044,0.6494
HEARTS SEVEN DIAMONDS SEVEN,0.284,0.0562,0.6598
HEARTS SIX DIAMONDS SEVEN,0.5296,0.0328,0.4376
HEARTS NINE DIAMONDS SEVEN,0.5442,0.0216,0.4342
HEARTS EIGHT DIAMONDS SEVEN,0.519,0.0268,0.4542
DIAMONDS JACK DIAMONDS SEVEN,0.3332,0.0194,0.6474
HEARTS JACK DIAMONDS FIVE,0.3562,0.0146,0.6292
DIAMONDS TEN DIAMONDS SEVEN,0.216,0.2912,0.4928
HEARTS TEN DIAMONDS FIVE,0.2246,0.4644,0.311
SPADES KING CLUBS TWO,0.3924,0.0094,0.5982
HEARTS KING CLUBS KING,0.129,0.012,0.859
CLUBS EIGHT DIAMONDS SEVEN,0.5284,0.03,0.4416
SPADES QUEEN CLUBS TWO,0.4018,0.0146,0.5836
HEARTS KING CLUBS QUEEN,0.3106,0.007,0.6824
CLUBS NINE DIAMONDS SEVEN,0.5346,0.025,0.4404
CLUBS JACK SPADES TWO,0.3818,0.021,0.5972
SPADES ACE CLUBS TWO,0.3856,0.0058,0.6086
HEARTS KING CLUBS ACE,0.3178,0.0042,0.678
CLUBS SEVEN CLUBS SIX,0.5094,0.0282,0.4624
SPADES TWO CLUBS KING,0.3728,0.0102,0.617
SPADES TWO DIAMONDS SEVEN,0.6156,0.0336,0.3508
CLUBS EIGHT CLUBS SIX,0.5324,0.0242,0.4434
SPADES THREE DIAMONDS SEVEN,0.665,0.0768,0.2582
SPADES TWO CLUBS QUEEN,0.3838,0.0122,0.604
CLUBS NINE CLUBS SIX,0.5352,0.0276,0.4372
SPADES FOUR DIAMONDS SEVEN,0.5636,0.0278,0.4086
CLUBS JACK HEARTS KING,0.2978,0.0074,0.6948
SPADES FIVE DIAMONDS SEVEN,0.5378,0.0286,0.4336
SPADES TWO CLUBS ACE,0.3732,0.0074,0.6194
CLUBS SIX SPADES TWO,0.6216,0.0316,0.3468
CLUBS SIX SPADES THREE,0.659,0.0826,0.2584
CLUBS TWO DIAMONDS SEVEN,0.6268,0.0302,0.343
CLUBS SIX SPADES FOUR,0.577,0.0318,0.3912
CLUBS THREE DIAMONDS SEVEN,0.6854,0.0732,0.2414
CLUBS SIX SPADES FIVE,0.5542,0.0316,0.4142
CLUBS FOUR DIAMONDS SEVEN,0.5446,0.0338,0.4216
CLUBS SIX SPADES SIX,0.29,0.0552,0.6548
CLUBS FIVE DIAMONDS SEVEN,0.539,0.0258,0.4352
CLUBS SIX SPADES SEVEN,0.548,0.0282,0.4238
CLUBS SIX DIAMONDS SEVEN,0.5356,0.0308,0.4336
CLUBS SIX SPADES EIGHT,0.5448,0.0306,0.4246
SPADES JACK CLUBS TWO,0.3966,0.017,0.5864
CLUBS SEVEN DIAMONDS SEVEN,0.2862,0.0514,0.6624
SPADES NINE CLUBS SIX,0.5598,0.0302,0.41
SPADES TEN CLUBS TWO,0.2644,0.5272,0.2084
CLUBS TWO CLUBS QUEEN,0.3704,0.0136,0.616
CLUBS TWO CLUBS KING,0.3678,0.0106,0.6216
CLUBS THREE DIAMONDS EIGHT,0.684,0.0782,0.2378
CLUBS TWO CLUBS ACE,0.3612,0.0066,0.6322
CLUBS TWO DIAMONDS EIGHT,0.6164,0.0304,0.3532
HEARTS SEVEN DIAMONDS EIGHT,0.5234,0.0258,0.4508
HEARTS SIX DIAMONDS EIGHT,0.541,0.0284,0.4306
DIAMONDS EIGHT HEARTS NINE,0.5186,0.0244,0.457
HEARTS EIGHT DIAMONDS EIGHT,0.2716,0.048,0.6804
CLUBS JACK CLUBS TWO,0.3726,0.0226,0.6048
CLUBS NINE DIAMONDS EIGHT,0.5272,0.0248,0.448
CLUBS EIGHT DIAMONDS EIGHT,0.2768,0.048,0.6752
CLUBS FIVE DIAMONDS EIGHT,0.5618,0.0316,0.4066
SPADES ACE SPADES THREE,0.2202,0.0176,0.7622
CLUBS FOUR DIAMONDS EIGHT,0.5796,0.03,0.3904
CLUBS SEVEN DIAMONDS EIGHT,0.5252,0.0262,0.4486
SPADES QUEEN SPADES THREE,0.2242,0.0414,0.7344
CLUBS SIX DIAMONDS EIGHT,0.5538,0.0248,0.4214
SPADES KING SPADES THREE,0.226,0.034,0.74
DIAMONDS QUEEN DIAMONDS EIGHT,0.3408,0.01,0.6492
HEARTS TWO DIAMONDS EIGHT,0.6042,0.0296,0.3662
DIAMONDS KING DIAMONDS EIGHT,0.3552,0.0064,0.6384
HEARTS THREE DIAMONDS EIGHT,0.6834,0.0766,0.24
DIAMONDS ACE DIAMONDS EIGHT,0.336,0.005,0.659
HEARTS FOUR DIAMONDS EIGHT,0.5654,0.0302,0.4044
HEARTS FIVE DIAMONDS EIGHT,0.55,0.0256,0.4244
DIAMONDS TEN DIAMONDS EIGHT,0.215,0.2138,0.5712
DIAMONDS JACK DIAMONDS EIGHT,0.3172,0.0164,0.6664
SPADES JACK SPADES THREE,0.2178,0.0602,0.722
SPADES TEN SPADES THREE,0.0214,0.9086,0.07
CLUBS FOUR HEARTS ACE,0.358,0.0056,0.6364
CLUBS FOUR HEARTS QUEEN,0.3658,0.0112,0.623
CLUBS FOUR HEARTS KING,0.371,0.0078,0.6212
CLUBS SIX HEARTS TEN,0.2312,0.3846,0.3842
CLUBS SIX HEARTS JACK,0.3622,0.0196,0.6182
SPADES FOUR DIAMONDS EIGHT,0.5722,0.028,0.3998
SPADES FIVE DIAMONDS EIGHT,0.5592,0.0254,0.4154
SPADES TWO DIAMONDS EIGHT,0.6184,0.0296,0.352
SPADES THREE DIAMONDS EIGHT,0.682,0.075,0.243
CLUBS FOUR HEARTS JACK,0.3522,0.0236,0.6242
SPADES EIGHT DIAMONDS EIGHT,0.2798,0.0438,0.6764
SPADES TEN DIAMONDS QUEEN,0.223,0.0462,0.7308
SPADES TEN HEARTS TWO,0.2748,0.5104,0.2148
SPADES JACK HEARTS EIGHT,0.3358,0.0136,0.6506
CLUBS FOUR HEARTS TEN,0.2126,0.531,0.2564
SPADES NINE DIAMONDS EIGHT,0.5356,0.0272,0.4372
SPADES TEN HEARTS EIGHT,0.2198,0.2214,0.5588
SPADES JACK HEARTS TWO,0.394,0.0194,0.5866
SPADES JACK DIAMONDS QUEEN,0.2958,0.0076,0.6966
SPADES SIX DIAMONDS EIGHT,0.5422,0.0276,0.4302
SPADES SEVEN DIAMONDS EIGHT,0.5166,0.0224,0.461
SPADES ACE HEARTS TWO,0.3744,0.005,0.6206
SPADES ACE DIAMONDS QUEEN,0.321,0.0068,0.6722
SPADES ACE HEARTS EIGHT,0.3518,0.0046,0.6436
SPADES KING HEARTS EIGHT,0.3516,0.0074,0.641
SPADES QUEEN HEARTS TWO,0.3886,0.0164,0.595
SPADES QUEEN DIAMONDS QUEEN,0.134,0.0148,0.8512
SPADES KING DIAMONDS QUEEN,0.3174,0.0076,0.675
SPADES KING HEARTS TWO,0.392,0.007,0.601
SPADES QUEEN HEARTS EIGHT,0.3554,0.0116,0.633
CLUBS TWO HEARTS TEN,0.2608,0.5314,0.2078
CLUBS TWO HEARTS JACK,0.3886,0.0214,0.59
SPADES SEVEN DIAMONDS NINE,0.5454,0.0268,0.4278
SPADES SIX DIAMONDS NINE,0.5646,0.0276,0.4078
SPADES NINE DIAMONDS NINE,0.2676,0.0398,0.6926
SPADES EIGHT DIAMONDS NINE,0.5254,0.022,0.4526
SPADES TEN CLUBS KING,0.2158,0.0392,0.745
DIAMONDS NINE SPADES THREE,0.68,0.0774,0.2426
SPADES JACK CLUBS KING,0.2992,0.0092,0.6916
DIAMONDS NINE SPADES TWO,0.6132,0.029,0.3578
SPADES FIVE DIAMONDS NINE,0.5788,0.0274,0.3938
DIAMONDS NINE SPADES FOUR,0.5862,0.0266,0.3872
CLUBS NINE DIAMONDS NINE,0.2694,0.0432,0.6874
CLUBS EIGHT DIAMONDS NINE,0.5296,0.0276,0.4428
CLUBS SIX DIAMONDS NINE,0.567,0.0302,0.4028
SPADES JACK CLUBS FOUR,0.3664,0.0168,0.6168
CLUBS SEVEN DIAMONDS NINE,0.5436,0.0252,0.4312
SPADES TEN CLUBS FOUR,0.2216,0.5246,0.2538
CLUBS FOUR DIAMONDS NINE,0.5846,0.0248,0.3906
CLUBS FIVE DIAMONDS NINE,0.5654,0.0322,0.4024
CLUBS TWO DIAMONDS NINE,0.6052,0.031,0.3638
CLUBS THREE DIAMONDS NINE,0.692,0.0796,0.2284
DIAMONDS NINE HEARTS EIGHT,0.5282,0.0264,0.4454
DIAMONDS NINE HEARTS NINE,0.2674,0.0418,0.6908
HEARTS SIX DIAMONDS NINE,0.5508,0.0314,0.4178
HEARTS SEVEN DIAMONDS NINE,0.5312,0.0238,0.445
CLUBS NINE CLUBS EIGHT,0.502,0.0266,0.4714
DIAMONDS ACE DIAMONDS NINE,0.3456,0.004,0.6504
HEARTS FOUR DIAMONDS NINE,0.5724,0.0288,0.3988
HEARTS FIVE DIAMONDS NINE,0.578,0.0304,0.3916
HEARTS ACE CLUBS TWO,0.3802,0.0052,0.6146
SPADES ACE CLUBS FOUR,0.3416,0.0042,0.6542
DIAMONDS NINE DIAMONDS QUEEN,0.3266,0.012,0.6614
HEARTS TWO DIAMONDS NINE,0.6114,0.0314,0.3572
CLUBS TWO HEARTS KING,0.3894,0.0082,0.6024
SPADES KING CLUBS FOUR,0.3736,0.0074,0.619
DIAMONDS KING DIAMONDS NINE,0.3258,0.006,0.6682
HEARTS THREE DIAMONDS NINE,0.6734,0.0814,0.2452
CLUBS TWO HEARTS QUEEN,0.3846,0.0132,0.6022
SPADES QUEEN CLUBS FOUR,0.353,0.015,0.632
DIAMONDS NINE DIAMONDS JACK,0.3236,0.0138,0.6626
CLUBS EIGHT SPADES NINE,0.5312,0.0242,0.4446
DIAMONDS TEN DIAMONDS NINE,0.2074,0.1604,0.6322
CLUBS EIGHT SPADES EIGHT,0.2748,0.0482,0.677
CLUBS EIGHT SPADES SEVEN,0.5512,0.0246,0.4242
CLUBS EIGHT SPADES SIX,0.556,0.0302,0.4138
CLUBS EIGHT SPADES FIVE,0.5664,0.0258,0.4078
CLUBS EIGHT SPADES FOUR,0.5774,0.0276,0.395
CLUBS EIGHT SPADES THREE,0.6902,0.08,0.2298
CLUBS EIGHT SPADES TWO,0.6252,0.0304,0.3444
HEARTS SIX DIAMONDS TEN,0.2186,0.3684,0.413
HEARTS SEVEN DIAMONDS TEN,0.212,0.3008,0.4872
DIAMONDS TEN HEARTS EIGHT,0.2142,0.23,0.5558
CLUBS JACK CLUBS FOUR,0.3406,0.0146,0.6448
DIAMONDS TEN HEARTS NINE,0.2218,0.1656,0.6126
CLUBS FOUR CLUBS KING,0.3484,0.0068,0.6448
CLUBS FOUR CLUBS QUEEN,0.34,0.0144,0.6456
DIAMONDS TEN CLUBS TWO,0.2554,0.5258,0.2188
CLUBS THREE DIAMONDS TEN,0.0076,0.9842,0.0082
CLUBS FOUR CLUBS ACE,0.338,0.005,0.657
DIAMONDS TEN DIAMONDS JACK,0.21,0.0548,0.7352
DIAMONDS TEN DIAMONDS QUEEN,0.2102,0.0426,0.7472
HEARTS TWO DIAMONDS TEN,0.2572,0.523,0.2198
DIAMONDS KING DIAMONDS TEN,0.2188,0.0314,0.7498
HEARTS THREE DIAMONDS TEN,0.0112,0.9702,0.0186
DIAMONDS ACE DIAMONDS TEN,0.2146,0.0242,0.7612
HEARTS FOUR DIAMONDS TEN,0.208,0.53,0.262
CLUBS EIGHT HEARTS JACK,0.3458,0.0178,0.6364
HEARTS FIVE DIAMONDS TEN,0.2092,0.459,0.3318
CLUBS EIGHT HEARTS TEN,0.2174,0.2316,0.551
CLUBS EIGHT HEARTS QUEEN,0.3544,0.0134,0.6322
CLUBS EIGHT HEARTS KING,0.3734,0.0064,0.6202
CLUBS EIGHT HEARTS ACE,0.3544,0.0046,0.641
CLUBS NINE SPADES THREE,0.6866,0.0844,0.229
CLUBS NINE SPADES TWO,0.6308,0.0276,0.3416
CLUBS NINE SPADES FIVE,0.5762,0.0272,0.3966
CLUBS NINE SPADES FOUR,0.589,0.0276,0.3834
CLUBS NINE SPADES SEVEN,0.5574,0.0254,0.4172
CLUBS NINE SPADES SIX,0.5546,0.0262,0.4192
CLUBS NINE SPADES NINE,0.2668,0.039,0.6942
CLUBS NINE SPADES EIGHT,0.5326,0.026,0.4414
CLUBS JACK HEARTS EIGHT,0.32,0.0176,0.6624
HEARTS EIGHT CLUBS QUEEN,0.3404,0.0092,0.6504
CLUBS KING HEARTS EIGHT,0.3606,0.0064,0.633
CLUBS ACE HEARTS EIGHT,0.3478,0.0046,0.6476
SPADES KING CLUBS KING,0.13,0.0094,0.8606
SPADES QUEEN CLUBS KING,0.3114,0.0054,0.6832
SPADES ACE CLUBS KING,0.309,0.0046,0.6864
DIAMONDS ACE HEARTS TEN,0.2086,0.025,0.7664
HEARTS FOUR HEARTS TEN,0.2006,0.4876,0.3118
DIAMONDS ACE HEARTS JACK,0.3128,0.0048,0.6824
HEARTS FOUR HEARTS JACK,0.3296,0.019,0.6514
SPADES KING CLUBS FIVE,0.3616,0.0066,0.6318
SPADES QUEEN CLUBS FIVE,0.3494,0.0094,0.6412
SPADES ACE CLUBS FIVE,0.354,0.0042,0.6418
HEARTS SEVEN DIAMONDS JACK,0.3476,0.0176,0.6348
HEARTS SIX DIAMONDS JACK,0.35,0.0164,0.6336
DIAMONDS JACK HEARTS NINE,0.3296,0.0194,0.651
DIAMONDS JACK HEARTS EIGHT,0.3178,0.0186,0.6636
DIAMONDS KING DIAMONDS JACK,0.2996,0.0086,0.6918
HEARTS THREE DIAMONDS JACK,0.2356,0.0562,0.7082
SPADES ACE SPADES SIX,0.3508,0.0036,0.6456
HEARTS ACE SPADES FOUR,0.3608,0.0042,0.635
DIAMONDS QUEEN DIAMONDS JACK,0.2914,0.012,0.6966
HEARTS TWO DIAMONDS JACK,0.3832,0.0202,0.5966
HEARTS FIVE DIAMONDS JACK,0.3642,0.0176,0.6182
SPADES QUEEN SPADES SIX,0.3324,0.0098,0.6578
SPADES FOUR HEARTS QUEEN,0.356,0.0106,0.6334
DIAMONDS ACE DIAMONDS JACK,0.301,0.0038,0.6952
HEARTS FOUR DIAMONDS JACK,0.3476,0.0214,0.631
SPADES KING SPADES SIX,0.3308,0.0102,0.659
SPADES FOUR HEARTS KING,0.3754,0.009,0.6156
SPADES TEN SPADES SIX,0.2154,0.3494,0.4352
SPADES JACK SPADES SIX,0.3362,0.0208,0.643
SPADES FOUR DIAMONDS JACK,0.3536,0.0214,0.625
SPADES FIVE DIAMONDS JACK,0.3552,0.0196,0.6252
DIAMONDS JACK SPADES TWO,0.3852,0.0174,0.5974
SPADES THREE DIAMONDS JACK,0.2244,0.058,0.7176
CLUBS EIGHT DIAMONDS JACK,0.3374,0.0166,0.646
CLUBS NINE DIAMONDS JACK,0.3232,0.014,0.6628
CLUBS SIX DIAMONDS JACK,0.3678,0.0162,0.616
CLUBS SEVEN DIAMONDS JACK,0.356,0.0164,0.6276
CLUBS FOUR DIAMONDS JACK,0.3452,0.017,0.6378
CLUBS FIVE DIAMONDS JACK,0.3594,0.0176,0.623
CLUBS TWO DIAMONDS JACK,0.3846,0.0194,0.596
CLUBS THREE DIAMONDS JACK,0.221,0.067,0.712
SPADES TEN CLUBS FIVE,0.224,0.458,0.318
SPADES JACK HEARTS SIX,0.358,0.0184,0.6236
HEARTS SIX SPADES TEN,0.2196,0.3834,0.397
SPADES JACK CLUBS FIVE,0.365,0.0192,0.6158
CLUBS SEVEN CLUBS ACE,0.3458,0.0038,0.6504
CLUBS SEVEN CLUBS QUEEN,0.3448,0.0118,0.6434
CLUBS SEVEN CLUBS KING,0.3294,0.0084,0.6622
SPADES NINE DIAMONDS JACK,0.3236,0.0146,0.6618
DIAMONDS ACE HEARTS ACE,0.1224,0.0044,0.8732
HEARTS FOUR HEARTS ACE,0.3308,0.0036,0.6656
SPADES EIGHT DIAMONDS JACK,0.3326,0.0158,0.6516
SPADES ACE HEARTS SIX,0.3604,0.0022,0.6374
CLUBS JACK CLUBS SEVEN,0.334,0.0154,0.6506
DIAMONDS ACE HEARTS KING,0.3194,0.0042,0.6764
HEARTS FOUR HEARTS KING,0.342,0.008,0.65
SPADES SEVEN DIAMONDS JACK,0.3456,0.0162,0.6382
SPADES KING HEARTS SIX,0.3622,0.0056,0.6322
DIAMONDS ACE HEARTS QUEEN,0.3082,0.0052,0.6866
HEARTS FOUR HEARTS QUEEN,0.3334,0.0094,0.6572
SPADES QUEEN HEARTS SIX,0.3676,0.012,0.6204
SPADES SIX DIAMONDS JACK,0.3616,0.0158,0.6226
DIAMONDS TEN SPADES TWO,0.252,0.5168,0.2312
DIAMONDS TEN SPADES THREE,0.015,0.9666,0.0184
DIAMONDS TEN SPADES FOUR,0.2132,0.5216,0.2652
DIAMONDS TEN SPADES FIVE,0.2002,0.4736,0.3262
SPADES SIX DIAMONDS TEN,0.2166,0.3702,0.4132
SPADES SEVEN DIAMONDS TEN,0.2216,0.2994,0.479
SPADES EIGHT DIAMONDS TEN,0.2154,0.228,0.5566
SPADES NINE DIAMONDS TEN,0.2198,0.1794,0.6008
CLUBS FOUR DIAMONDS TEN,0.219,0.5224,0.2586
CLUBS FIVE DIAMONDS TEN,0.224,0.4654,0.3106
CLUBS SIX DIAMONDS TEN,0.214,0.3894,0.3966
CLUBS SEVEN DIAMONDS TEN,0.2092,0.3052,0.4856
CLUBS EIGHT DIAMONDS TEN,0.2202,0.2252,0.5546
CLUBS NINE DIAMONDS TEN,0.2236,0.1662,0.6102
SPADES FOUR HEARTS JACK,0.3584,0.0182,0.6234
SPADES FOUR HEARTS TEN,0.2174,0.5128,0.2698
SPADES FIVE SPADES TWO,0.5612,0.0306,0.4082
SPADES FOUR SPADES TWO,0.5548,0.0348,0.4104
SPADES THREE SPADES TWO,0.6192,0.0816,0.2992
SPADES NINE SPADES TWO,0.568,0.0294,0.4026
SPADES EIGHT SPADES TWO,0.5832,0.0282,0.3886
SPADES SEVEN SPADES TWO,0.5668,0.0276,0.4056
SPADES SIX SPADES TWO,0.5708,0.03,0.3992
CLUBS THREE DIAMONDS QUEEN,0.2406,0.046,0.7134
CLUBS THREE HEARTS TWO,0.6654,0.0856,0.249
CLUBS TWO DIAMONDS QUEEN,0.3958,0.0122,0.592
HEARTS TWO CLUBS TWO,0.3918,0.0748,0.5334
HEARTS SEVEN DIAMONDS QUEEN,0.355,0.0126,0.6324
HEARTS SEVEN HEARTS TWO,0.5766,0.03,0.3934
HEARTS SIX DIAMONDS QUEEN,0.3492,0.0116,0.6392
HEARTS SIX HEARTS TWO,0.5716,0.0238,0.4046
DIAMONDS QUEEN HEARTS NINE,0.3478,0.0122,0.64
HEARTS TWO HEARTS NINE,0.5818,0.0254,0.3928
DIAMONDS QUEEN HEARTS EIGHT,0.3438,0.0084,0.6478
HEARTS TWO HEARTS EIGHT,0.5698,0.0238,0.4064
CLUBS NINE HEARTS TWO,0.6238,0.0308,0.3454
CLUBS NINE DIAMONDS QUEEN,0.3596,0.0102,0.6302
CLUBS EIGHT HEARTS TWO,0.6234,0.032,0.3446
CLUBS EIGHT DIAMONDS QUEEN,0.346,0.0102,0.6438
CLUBS FIVE DIAMONDS QUEEN,0.3538,0.0118,0.6344
CLUBS FIVE HEARTS TWO,0.6046,0.0292,0.3662
SPADES EIGHT HEARTS ACE,0.355,0.004,0.641
CLUBS FOUR DIAMONDS QUEEN,0.354,0.014,0.632
CLUBS FOUR HEARTS TWO,0.5918,0.0312,0.377
CLUBS SEVEN DIAMONDS QUEEN,0.353,0.0126,0.6344
CLUBS SEVEN HEARTS TWO,0.6166,0.0312,0.3522
SPADES EIGHT HEARTS QUEEN,0.3482,0.0128,0.639
CLUBS SIX DIAMONDS QUEEN,0.3534,0.0128,0.6338
CLUBS SIX HEARTS TWO,0.6134,0.03,0.3566
SPADES EIGHT HEARTS KING,0.3568,0.0064,0.6368
HEARTS TWO SPADES SIX,0.6152,0.028,0.3568
SPADES SIX DIAMONDS QUEEN,0.3596,0.0134,0.627
HEARTS FOUR CLUBS QUEEN,0.3592,0.0148,0.626
DIAMONDS ACE CLUBS QUEEN,0.3114,0.006,0.6826
SPADES SEVEN DIAMONDS QUEEN,0.359,0.0128,0.6282
SPADES SEVEN HEARTS TWO,0.6174,0.0314,0.3512
HEARTS FOUR CLUBS KING,0.3536,0.0086,0.6378
DIAMONDS ACE CLUBS KING,0.308,0.0066,0.6854
SPADES EIGHT DIAMONDS QUEEN,0.3504,0.0102,0.6394
SPADES EIGHT HEARTS TWO,0.6226,0.0272,0.3502
HEARTS FOUR CLUBS ACE,0.3464,0.0054,0.6482
DIAMONDS ACE CLUBS ACE,0.1248,0.004,0.8712
SPADES NINE DIAMONDS QUEEN,0.3458,0.0134,0.6408
SPADES NINE HEARTS TWO,0.6202,0.0302,0.3496
HEARTS TWO SPADES TWO,0.3864,0.0714,0.5422
DIAMONDS QUEEN SPADES TWO,0.3938,0.0118,0.5944
HEARTS TWO SPADES THREE,0.663,0.0784,0.2586
DIAMONDS QUEEN SPADES THREE,0.2374,0.0496,0.713
HEARTS TWO SPADES FOUR,0.6108,0.0268,0.3624
SPADES FOUR DIAMONDS QUEEN,0.353,0.013,0.634
HEARTS TWO SPADES FIVE,0.5958,0.0312,0.373
SPADES FIVE DIAMONDS QUEEN,0.3626,0.0144,0.623
CLUBS JACK HEARTS FOUR,0.3488,0.0188,0.6324
CLUBS JACK DIAMONDS ACE,0.3084,0.0054,0.6862
CLUBS FIVE CLUBS KING,0.3428,0.008,0.6492
CLUBS FIVE CLUBS QUEEN,0.3382,0.0138,0.648
CLUBS FIVE CLUBS ACE,0.3214,0.006,0.6726
CLUBS JACK CLUBS FIVE,0.3326,0.019,0.6484
SPADES KING CLUBS JACK,0.3176,0.0078,0.6746
CLUBS JACK SPADES QUEEN,0.2964,0.011,0.6926
SPADES ACE CLUBS JACK,0.3174,0.0032,0.6794
SPADES SIX CLUBS KING,0.347,0.0076,0.6454
SPADES SIX CLUBS QUEEN,0.3548,0.01,0.6352
SPADES EIGHT HEARTS JACK,0.3478,0.0136,0.6386
SPADES SIX CLUBS ACE,0.3526,0.0056,0.6418
SPADES EIGHT HEARTS TEN,0.216,0.2418,0.5422
CLUBS JACK SPADES SIX,0.3538,0.0162,0.63
CLUBS JACK SPADES TEN,0.2218,0.056,0.7222
CLUBS JACK SPADES JACK,0.1366,0.0214,0.842
SPADES QUEEN CLUBS SEVEN,0.3668,0.0112,0.622
SPADES KING CLUBS SEVEN,0.3586,0.0104,0.631
SPADES ACE CLUBS SEVEN,0.3566,0.0056,0.6378
SPADES SIX HEARTS TEN,0.2208,0.374,0.4052
SPADES SIX HEARTS JACK,0.371,0.0172,0.6118
SPADES SIX HEARTS ACE,0.3546,0.0044,0.641
SPADES SIX HEARTS KING,0.356,0.0062,0.6378
SPADES SIX HEARTS QUEEN,0.3598,0.0094,0.6308
CLUBS SEVEN SPADES JACK,0.3576,0.0214,0.621
CLUBS SEVEN SPADES TEN,0.2276,0.2954,0.477
CLUBS JACK HEARTS SIX,0.363,0.0158,0.6212
CLUBS JACK CLUBS ACE,0.3056,0.0046,0.6898
HEARTS SIX CLUBS QUEEN,0.3638,0.0104,0.6258
HEARTS SIX CLUBS KING,0.3552,0.0094,0.6354
HEARTS SIX CLUBS ACE,0.355,0.0036,0.6414
CLUBS JACK CLUBS QUEEN,0.2944,0.0098,0.6958
CLUBS JACK CLUBS KING,0.2958,0.007,0.6972
CLUBS FIVE HEARTS JACK,0.3568,0.0222,0.621
SPADES TEN DIAMONDS ACE,0.2278,0.026,0.7462
HEARTS FOUR SPADES TEN,0.2196,0.5092,0.2712
CLUBS FIVE HEARTS TEN,0.2166,0.4676,0.3158
HEARTS FOUR SPADES JACK,0.354,0.0204,0.6256
SPADES JACK DIAMONDS ACE,0.3096,0.003,0.6874
SPADES ACE HEARTS FOUR,0.3588,0.003,0.6382
SPADES ACE DIAMONDS ACE,0.1246,0.0048,0.8706
CLUBS FIVE HEARTS ACE,0.3512,0.0036,0.6452
CLUBS FIVE HEARTS KING,0.373,0.0106,0.6164
HEARTS FOUR SPADES QUEEN,0.3656,0.0116,0.6228
SPADES QUEEN DIAMONDS ACE,0.3112,0.0038,0.685
CLUBS JACK SPADES FOUR,0.3406,0.0182,0.6412
CLUBS FIVE HEARTS QUEEN,0.3638,0.0124,0.6238
SPADES KING DIAMONDS ACE,0.3202,0.0056,0.6742
SPADES KING HEARTS FOUR,0.364,0.0078,0.6282
DIAMONDS ACE DIAMONDS QUEEN,0.3002,0.0042,0.6956
DIAMONDS ACE HEARTS TWO,0.384,0.0048,0.6112
HEARTS FOUR DIAMONDS QUEEN,0.3702,0.009,0.6208
HEARTS FOUR HEARTS TWO,0.5632,0.0298,0.407
SPADES FOUR CLUBS KING,0.3636,0.0108,0.6256
HEARTS FIVE DIAMONDS QUEEN,0.355,0.008,0.637
HEARTS FIVE HEARTS TWO,0.5504,0.031,0.4186
SPADES FOUR CLUBS QUEEN,0.3566,0.014,0.6294
HEARTS TWO DIAMONDS QUEEN,0.369,0.0146,0.6164
DIAMONDS KING DIAMONDS QUEEN,0.3044,0.0094,0.6862
DIAMONDS KING HEARTS TWO,0.3788,0.0114,0.6098
HEARTS THREE DIAMONDS QUEEN,0.2318,0.0412,0.727
HEARTS THREE HEARTS TWO,0.627,0.0728,0.3002
SPADES FOUR CLUBS ACE,0.346,0.0072,0.6468
HEARTS TWO CLUBS ACE,0.3744,0.0046,0.621
DIAMONDS QUEEN CLUBS ACE,0.3206,0.0052,0.6742
HEARTS TWO CLUBS QUEEN,0.3796,0.0156,0.6048
DIAMONDS QUEEN CLUBS QUEEN,0.1276,0.0166,0.8558
HEARTS TWO CLUBS KING,0.3754,0.0092,0.6154
DIAMONDS QUEEN CLUBS KING,0.3038,0.0076,0.6886
SPADES EIGHT SPADES FIVE,0.5164,0.0252,0.4584
SPADES NINE SPADES FIVE,0.5388,0.0264,0.4348
CLUBS JACK HEARTS TWO,0.391,0.0226,0.5864
CLUBS JACK DIAMONDS QUEEN,0.2766,0.0108,0.7126
SPADES SIX SPADES FIVE,0.525,0.0272,0.4478
SPADES SEVEN SPADES FIVE,0.5126,0.0304,0.457
DIAMONDS FIVE CLUBS QUEEN,0.3572,0.0142,0.6286
SPADES EIGHT CLUBS ACE,0.3532,0.0044,0.6424
DIAMONDS FIVE CLUBS KING,0.348,0.0108,0.6412
SPADES EIGHT CLUBS KING,0.3734,0.0082,0.6184
CLUBS ACE DIAMONDS FIVE,0.3472,0.0054,0.6474
SPADES EIGHT CLUBS QUEEN,0.3456,0.0126,0.6418
CLUBS JACK SPADES EIGHT,0.3212,0.0154,0.6634
CLUBS JACK DIAMONDS FIVE,0.3448,0.0182,0.637
DIAMONDS TEN HEARTS JACK,0.2134,0.0638,0.7228
DIAMONDS TEN HEARTS TEN,0.0854,0.0558,0.8588
SPADES ACE CLUBS NINE,0.3626,0.0016,0.6358
CLUBS NINE SPADES QUEEN,0.3528,0.0084,0.6388
CLUBS NINE SPADES KING,0.358,0.01,0.632
HEARTS SIX HEARTS KING,0.3328,0.006,0.6612
DIAMONDS KING SPADES SEVEN,0.3582,0.008,0.6338
HEARTS THREE SPADES SEVEN,0.6658,0.0752,0.259
SPADES KING DIAMONDS SEVEN,0.362,0.0088,0.6292
HEARTS SIX HEARTS QUEEN,0.342,0.0122,0.6458
SPADES QUEEN DIAMONDS SEVEN,0.3518,0.011,0.6372
HEARTS THREE SPADES SIX,0.6608,0.071,0.2682
DIAMONDS KING SPADES SIX,0.3492,0.0084,0.6424
SPADES NINE DIAMONDS KING,0.359,0.0066,0.6344
SPADES NINE HEARTS THREE,0.6868,0.081,0.2322
HEARTS SIX HEARTS ACE,0.3386,0.0038,0.6576
DIAMONDS KING SPADES EIGHT,0.3686,0.0062,0.6252
SPADES EIGHT HEARTS THREE,0.673,0.082,0.245
SPADES ACE DIAMONDS SEVEN,0.349,0.0054,0.6456
CLUBS NINE HEARTS THREE,0.6788,0.0844,0.2368
CLUBS NINE DIAMONDS KING,0.3476,0.0072,0.6452
CLUBS EIGHT HEARTS THREE,0.7002,0.0692,0.2306
CLUBS EIGHT DIAMONDS KING,0.3584,0.0068,0.6348
HEARTS THREE SPADES THREE,0.2906,0.051,0.6584
DIAMONDS KING SPADES THREE,0.2354,0.029,0.7356
HEARTS THREE SPADES TWO,0.6626,0.0792,0.2582
DIAMONDS KING SPADES TWO,0.3914,0.0064,0.6022
HEARTS THREE SPADES FIVE,0.6528,0.0784,0.2688
DIAMONDS KING SPADES FIVE,0.365,0.009,0.626
HEARTS THREE SPADES FOUR,0.637,0.074,0.289
DIAMONDS KING SPADES FOUR,0.3564,0.0098,0.6338
DIAMONDS KING CLUBS TWO,0.3878,0.009,0.6032
HEARTS THREE CLUBS TWO,0.667,0.0806,0.2524
DIAMONDS KING CLUBS THREE,0.2356,0.0336,0.7308
CLUBS THREE HEARTS THREE,0.2936,0.0542,0.6522
DIAMONDS KING CLUBS FOUR,0.347,0.0076,0.6454
HEARTS THREE CLUBS FOUR,0.6528,0.0774,0.2698
CLUBS FIVE DIAMONDS KING,0.3606,0.0094,0.63
CLUBS FIVE HEARTS THREE,0.643,0.0758,0.2812
CLUBS SIX DIAMONDS KING,0.3524,0.0038,0.6438
CLUBS SIX HEARTS THREE,0.6586,0.0744,0.267
CLUBS SEVEN DIAMONDS KING,0.363,0.0094,0.6276
