opposingHand,winningChance,drawChance,lostChance
CLUBS SEVEN DIAMONDS TEN
HEARTS FIVE SPADES TEN,0.492,0.2798,0.2282
HEARTS FIVE SPADES JACK,0.407,0.0196,0.5734
CLUBS JACK SPADES FIVE,0.4062,0.017,0.5768
CLUBS TEN SPADES FIVE,0.479,0.2984,0.2226
CLUBS JACK CLUBS EIGHT,0.3512,0.015,0.6338
CLUBS TEN CLUBS EIGHT,0.2128,0.2168,0.5704
CLUBS EIGHT CLUBS KING,0.3532,0.009,0.6378
SPADES FIVE CLUBS ACE,0.4122,0.0042,0.5836
CLUBS EIGHT CLUBS QUEEN,0.354,0.0138,0.6322
SPADES FIVE CLUBS KING,0.4022,0.0052,0.5926
SPADES FIVE CLUBS QUEEN,0.4098,0.0114,0.5788
CLUBS EIGHT CLUBS ACE,0.3476,0.004,0.6484
DIAMONDS TWO DIAMONDS THREE,0.6038,0.0244,0.3718
DIAMONDS TWO DIAMONDS FIVE,0.6018,0.0294,0.3688
HEARTS FIVE SPADES KING,0.4232,0.0062,0.5706
DIAMONDS TWO DIAMONDS FOUR,0.6004,0.0292,0.3704
HEARTS FIVE SPADES QUEEN,0.4286,0.0068,0.5646
DIAMONDS TWO DIAMONDS SEVEN,0.6668,0.0806,0.2526
DIAMONDS TWO DIAMONDS SIX,0.6216,0.0282,0.3502
SPADES ACE HEARTS FIVE,0.4052,0.0036,0.5912
DIAMONDS TWO DIAMONDS NINE,0.6042,0.0276,0.3682
DIAMONDS TWO DIAMONDS EIGHT,0.6194,0.029,0.3516
DIAMONDS THREE DIAMONDS FOUR,0.5874,0.0318,0.3808
CLUBS TWO SPADES FOUR,0.6348,0.0282,0.337
DIAMONDS THREE DIAMONDS FIVE,0.5918,0.032,0.3762
SPADES FIVE CLUBS TWO,0.6246,0.0298,0.3456
CLUBS TWO SPADES TWO,0.4364,0.0588,0.5048
CLUBS TWO SPADES THREE,0.6394,0.0284,0.3322
DIAMONDS THREE DIAMONDS EIGHT,0.6208,0.0286,0.3506
SPADES EIGHT CLUBS TWO,0.6342,0.0328,0.333
DIAMONDS THREE DIAMONDS NINE,0.6066,0.0256,0.3678
SPADES NINE CLUBS TWO,0.6494,0.0262,0.3244
DIAMONDS THREE DIAMONDS SIX,0.6084,0.0294,0.3622
SPADES SIX CLUBS TWO,0.6578,0.0244,0.3178
DIAMONDS THREE DIAMONDS SEVEN,0.6546,0.0792,0.2662
SPADES SEVEN CLUBS TWO,0.687,0.0888,0.2242
CLUBS SIX CLUBS TWO,0.6086,0.026,0.3654
CLUBS FOUR CLUBS TWO,0.5996,0.024,0.3764
CLUBS FIVE CLUBS TWO,0.608,0.0304,0.3616
CLUBS TEN CLUBS JACK,0.2316,0.055,0.7134
DIAMONDS FOUR DIAMONDS SIX,0.5934,0.0284,0.3782
CLUBS TEN CLUBS QUEEN,0.2254,0.0444,0.7302
DIAMONDS FOUR DIAMONDS SEVEN,0.6386,0.0822,0.2792
CLUBS TEN CLUBS KING,0.2488,0.0324,0.7188
CLUBS TEN CLUBS ACE,0.2498,0.0236,0.7266
CLUBS EIGHT CLUBS TWO,0.6022,0.0318,0.366
DIAMONDS FIVE DIAMONDS FOUR,0.5938,0.0278,0.3784
CLUBS NINE CLUBS TWO,0.6168,0.0254,0.3578
DIAMONDS NINE DIAMONDS FOUR,0.6034,0.0212,0.3754
DIAMONDS EIGHT DIAMONDS FOUR,0.5958,0.025,0.3792
CLUBS THREE CLUBS TWO,0.6058,0.0302,0.364
DIAMONDS NINE DIAMONDS FIVE,0.5968,0.0258,0.3774
CLUBS JACK DIAMONDS TWO,0.4254,0.014,0.5606
DIAMONDS EIGHT DIAMONDS FIVE,0.589,0.0292,0.3818
CLUBS TEN DIAMONDS TWO,0.4934,0.3046,0.202
DIAMONDS FIVE DIAMONDS SEVEN,0.6326,0.0736,0.2938
DIAMONDS FIVE DIAMONDS SIX,0.591,0.0276,0.3814
DIAMONDS TWO CLUBS ACE,0.4278,0.0062,0.566
DIAMONDS TWO CLUBS KING,0.4184,0.0074,0.5742
DIAMONDS TWO CLUBS QUEEN,0.4226,0.0124,0.565
DIAMONDS EIGHT DIAMONDS SIX,0.5852,0.0284,0.3864
DIAMONDS NINE DIAMONDS SIX,0.5846,0.0266,0.3888
HEARTS ACE SPADES THREE,0.4194,0.0034,0.5772
SPADES THREE HEARTS KING,0.422,0.004,0.574
DIAMONDS SEVEN DIAMONDS SIX,0.6158,0.0782,0.306
HEARTS QUEEN SPADES THREE,0.4168,0.0074,0.5758
SPADES THREE HEARTS JACK,0.4234,0.015,0.5616
SPADES THREE HEARTS TEN,0.4832,0.2888,0.228
DIAMONDS EIGHT DIAMONDS SEVEN,0.6238,0.0778,0.2984
DIAMONDS NINE DIAMONDS SEVEN,0.6368,0.0764,0.2868
DIAMONDS NINE DIAMONDS EIGHT,0.5388,0.0248,0.4364
DIAMONDS KING HEARTS TEN,0.2618,0.0334,0.7048
HEARTS THREE HEARTS TEN,0.4522,0.2786,0.2692
SPADES JACK CLUBS SIX,0.4068,0.0184,0.5748
DIAMONDS KING HEARTS JACK,0.3288,0.0058,0.6654
HEARTS THREE HEARTS JACK,0.3858,0.0144,0.5998
SPADES TEN CLUBS SIX,0.4858,0.29,0.2242
SPADES JACK SPADES FIVE,0.38,0.0178,0.6022
SPADES TEN SPADES FIVE,0.457,0.275,0.268
DIAMONDS KING HEARTS ACE,0.342,0.0048,0.6532
HEARTS THREE HEARTS ACE,0.3924,0.0046,0.603
SPADES ACE CLUBS SIX,0.416,0.0032,0.5808
DIAMONDS KING HEARTS QUEEN,0.3438,0.0072,0.649
HEARTS THREE HEARTS QUEEN,0.3984,0.0116,0.59
SPADES KING CLUBS SIX,0.42,0.008,0.572
DIAMONDS KING HEARTS KING,0.1624,0.008,0.8296
HEARTS THREE HEARTS KING,0.3968,0.008,0.5952
SPADES QUEEN CLUBS SIX,0.4182,0.0106,0.5712
SPADES NINE HEARTS TEN,0.2186,0.1634,0.618
SPADES NINE HEARTS JACK,0.3534,0.0136,0.633
SPADES QUEEN SPADES FIVE,0.401,0.011,0.588
SPADES KING SPADES FIVE,0.3936,0.0082,0.5982
SPADES ACE SPADES FIVE,0.3978,0.0038,0.5984
SPADES NINE HEARTS QUEEN,0.3522,0.0114,0.6364
SPADES NINE HEARTS KING,0.3742,0.0042,0.6216
SPADES NINE HEARTS ACE,0.3774,0.0024,0.6202
CLUBS TEN SPADES JACK,0.2336,0.0608,0.7056
CLUBS TEN SPADES TEN,0.1118,0.0546,0.8336
SPADES ACE CLUBS TEN,0.2494,0.0232,0.7274
CLUBS TEN SPADES KING,0.2592,0.0338,0.707
CLUBS TEN SPADES QUEEN,0.2352,0.0452,0.7196
SPADES FIVE HEARTS QUEEN,0.4206,0.0104,0.569
SPADES FIVE HEARTS KING,0.4152,0.007,0.5778
HEARTS ACE SPADES FIVE,0.4088,0.0046,0.5866
CLUBS EIGHT SPADES TEN,0.2238,0.2204,0.5558
SPADES JACK HEARTS THREE,0.426,0.0138,0.5602
SPADES JACK DIAMONDS KING,0.3274,0.0076,0.665
SPADES TEN DIAMONDS KING,0.2576,0.0366,0.7058
SPADES TEN HEARTS THREE,0.486,0.2848,0.2292
CLUBS EIGHT SPADES JACK,0.3592,0.0156,0.6252
CLUBS SIX HEARTS ACE,0.4176,0.004,0.5784
SPADES ACE CLUBS EIGHT,0.3766,0.0038,0.6196
HEARTS FIVE CLUBS JACK,0.4104,0.0164,0.5732
CLUBS TEN HEARTS FIVE,0.4796,0.2922,0.2282
CLUBS SIX HEARTS QUEEN,0.4148,0.012,0.5732
SPADES QUEEN CLUBS EIGHT,0.364,0.0128,0.6232
CLUBS TEN SPADES THREE,0.4744,0.3022,0.2234
CLUBS SIX HEARTS KING,0.4118,0.0056,0.5826
SPADES KING CLUBS EIGHT,0.382,0.007,0.611
CLUBS JACK SPADES THREE,0.4124,0.0168,0.5708
DIAMONDS TWO HEARTS JACK,0.438,0.0156,0.5464
SPADES THREE CLUBS QUEEN,0.4112,0.0128,0.576
DIAMONDS TWO HEARTS TEN,0.4868,0.2834,0.2298
SPADES THREE CLUBS KING,0.4216,0.0066,0.5718
HEARTS FIVE CLUBS ACE,0.4218,0.0044,0.5738
SPADES FIVE HEARTS TEN,0.485,0.2926,0.2224
SPADES THREE CLUBS ACE,0.412,0.0044,0.5836
HEARTS FIVE CLUBS KING,0.4144,0.006,0.5796
SPADES FIVE HEARTS JACK,0.4298,0.0168,0.5534
HEARTS FIVE CLUBS QUEEN,0.422,0.011,0.567
HEARTS THREE CLUBS KING,0.4114,0.007,0.5816
DIAMONDS KING CLUBS KING,0.1494,0.0112,0.8394
HEARTS THREE CLUBS QUEEN,0.4202,0.012,0.5678
DIAMONDS KING CLUBS QUEEN,0.3278,0.0096,0.6626
HEARTS FIVE HEARTS JACK,0.408,0.0126,0.5794
HEARTS FIVE HEARTS TEN,0.4556,0.2764,0.268
HEARTS THREE CLUBS ACE,0.411,0.004,0.585
DIAMONDS KING CLUBS ACE,0.338,0.0046,0.6574
SPADES ACE CLUBS QUEEN,0.3578,0.0038,0.6384
SPADES KING CLUBS QUEEN,0.3312,0.0038,0.665
CLUBS JACK HEARTS THREE,0.4218,0.0168,0.5614
CLUBS JACK DIAMONDS KING,0.3312,0.0078,0.661
SPADES QUEEN CLUBS QUEEN,0.1598,0.0156,0.8246
CLUBS TEN HEARTS THREE,0.4824,0.2896,0.228
CLUBS TEN DIAMONDS KING,0.2538,0.0328,0.7134
SPADES JACK CLUBS QUEEN,0.3284,0.011,0.6606
CLUBS SIX CLUBS QUEEN,0.3974,0.013,0.5896
SPADES TEN CLUBS QUEEN,0.2324,0.0478,0.7198
CLUBS SIX CLUBS KING,0.3986,0.0074,0.594
CLUBS SIX CLUBS ACE,0.3862,0.0054,0.6084
HEARTS FIVE HEARTS KING,0.3968,0.0082,0.595
HEARTS FIVE HEARTS QUEEN,0.3866,0.01,0.6034
CLUBS TEN CLUBS SIX,0.463,0.2794,0.2576
HEARTS FIVE HEARTS ACE,0.3998,0.0038,0.5964
CLUBS JACK CLUBS SIX,0.3942,0.0148,0.591
SPADES SEVEN HEARTS JACK,0.257,0.0546,0.6884
SPADES SEVEN HEARTS TEN,0.0216,0.9596,0.0188
DIAMONDS TWO CLUBS TWO,0.4458,0.0532,0.501
DIAMONDS TWO CLUBS THREE,0.6326,0.0294,0.338
DIAMONDS TWO HEARTS SIX,0.6528,0.025,0.3222
DIAMONDS TWO HEARTS QUEEN,0.4284,0.0106,0.561
HEARTS SEVEN DIAMONDS TWO,0.6898,0.0832,0.227
DIAMONDS TWO HEARTS KING,0.438,0.009,0.553
DIAMONDS TWO HEARTS EIGHT,0.654,0.0264,0.3196
DIAMONDS TWO HEARTS ACE,0.4314,0.0036,0.565
DIAMONDS TWO HEARTS NINE,0.641,0.0212,0.3378
DIAMONDS TWO DIAMONDS QUEEN,0.3986,0.0106,0.5908
DIAMONDS TWO HEARTS TWO,0.4324,0.0554,0.5122
DIAMONDS TWO DIAMONDS KING,0.4054,0.0082,0.5864
DIAMONDS TWO HEARTS THREE,0.6396,0.0268,0.3336
DIAMONDS TWO DIAMONDS ACE,0.411,0.0022,0.5868
HEARTS FOUR DIAMONDS TWO,0.6398,0.0306,0.3296
HEARTS FIVE DIAMONDS TWO,0.636,0.027,0.337
SPADES SEVEN HEARTS ACE,0.2708,0.02,0.7092
SPADES SEVEN HEARTS KING,0.2692,0.0326,0.6982
DIAMONDS TWO DIAMONDS JACK,0.4116,0.0166,0.5718
SPADES SEVEN HEARTS QUEEN,0.279,0.041,0.68
DIAMONDS TWO SPADES NINE,0.6482,0.026,0.3258
DIAMONDS TWO SPADES EIGHT,0.6316,0.031,0.3374
DIAMONDS TWO SPADES SEVEN,0.711,0.0772,0.2118
DIAMONDS TWO SPADES SIX,0.662,0.0236,0.3144
DIAMONDS TWO SPADES FIVE,0.636,0.0268,0.3372
DIAMONDS TWO SPADES FOUR,0.6394,0.0314,0.3292
DIAMONDS TWO SPADES THREE,0.6454,0.0292,0.3254
DIAMONDS TWO SPADES TWO,0.4414,0.0562,0.5024
DIAMONDS TWO CLUBS NINE,0.6442,0.0246,0.3312
CLUBS EIGHT DIAMONDS TWO,0.6374,0.0256,0.337
DIAMONDS TWO CLUBS SIX,0.6562,0.0294,0.3144
DIAMONDS TWO CLUBS FIVE,0.6352,0.0312,0.3336
DIAMONDS TWO CLUBS FOUR,0.6398,0.0268,0.3334
CLUBS FOUR SPADES FIVE,0.6022,0.0286,0.3692
CLUBS FOUR SPADES FOUR,0.4414,0.0544,0.5042
CLUBS FOUR SPADES THREE,0.617,0.0284,0.3546
CLUBS FOUR SPADES TWO,0.6374,0.0286,0.334
SPADES NINE CLUBS FOUR,0.6416,0.0248,0.3336
SPADES EIGHT CLUBS FOUR,0.6362,0.0328,0.331
SPADES SEVEN CLUBS FOUR,0.6714,0.0772,0.2514
CLUBS FOUR SPADES SIX,0.6302,0.0272,0.3426
SPADES ACE DIAMONDS SIX,0.4096,0.0032,0.5872
SPADES QUEEN DIAMONDS SIX,0.403,0.0106,0.5864
SPADES KING DIAMONDS SIX,0.4056,0.007,0.5874
SPADES TEN DIAMONDS SIX,0.4788,0.3028,0.2184
SPADES JACK DIAMONDS SIX,0.4232,0.0166,0.5602
SPADES QUEEN SPADES TWO,0.3958,0.0106,0.5936
SPADES KING SPADES TWO,0.3944,0.0056,0.6
SPADES ACE SPADES TWO,0.3962,0.0048,0.599
CLUBS JACK DIAMONDS JACK,0.1548,0.0212,0.824
CLUBS TEN DIAMONDS JACK,0.2298,0.0538,0.7164
DIAMONDS JACK CLUBS KING,0.322,0.0082,0.6698
DIAMONDS JACK CLUBS QUEEN,0.3134,0.0084,0.6782
DIAMONDS THREE DIAMONDS JACK,0.4064,0.0196,0.574
DIAMONDS JACK CLUBS ACE,0.3222,0.004,0.6738
DIAMONDS THREE DIAMONDS KING,0.4026,0.0088,0.5886
DIAMONDS THREE HEARTS THREE,0.4336,0.0522,0.5142
DIAMONDS THREE DIAMONDS QUEEN,0.4004,0.0116,0.588
DIAMONDS THREE HEARTS TWO,0.6498,0.03,0.3202
HEARTS FIVE DIAMONDS THREE,0.613,0.0266,0.3604
DIAMONDS THREE DIAMONDS ACE,0.3978,0.0044,0.5978
HEARTS FOUR DIAMONDS THREE,0.6202,0.0256,0.3542
HEARTS SEVEN DIAMONDS THREE,0.6822,0.0864,0.2314
SPADES TEN SPADES NINE,0.217,0.152,0.631
HEARTS SIX DIAMONDS THREE,0.6382,0.0272,0.3346
SPADES JACK SPADES NINE,0.341,0.0142,0.6448
DIAMONDS THREE HEARTS NINE,0.631,0.028,0.341
HEARTS JACK DIAMONDS FOUR,0.4118,0.0184,0.5698
HEARTS ACE HEARTS KING,0.332,0.0028,0.6652
SPADES TEN SPADES TWO,0.4688,0.2778,0.2534
DIAMONDS THREE HEARTS EIGHT,0.6322,0.0314,0.3364
HEARTS TEN DIAMONDS FOUR,0.4784,0.3006,0.221
SPADES JACK SPADES TWO,0.3966,0.0146,0.5888
HEARTS QUEEN DIAMONDS FOUR,0.4298,0.0104,0.5598
HEARTS KING DIAMONDS FOUR,0.4074,0.0068,0.5858
SPADES ACE SPADES NINE,0.36,0.0036,0.6364
HEARTS ACE DIAMONDS FOUR,0.4102,0.0064,0.5834
SPADES KING SPADES NINE,0.3398,0.008,0.6522
SPADES QUEEN SPADES NINE,0.3368,0.0088,0.6544
DIAMONDS THREE SPADES NINE,0.6454,0.0254,0.3292
DIAMONDS THREE SPADES EIGHT,0.6452,0.0258,0.329
DIAMONDS THREE SPADES SEVEN,0.6868,0.0802,0.233
DIAMONDS THREE SPADES SIX,0.634,0.0248,0.3412
DIAMONDS THREE CLUBS SIX,0.6498,0.0274,0.3228
CLUBS FIVE CLUBS SIX,0.584,0.0234,0.3926
CLUBS ACE DIAMONDS FOUR,0.4018,0.005,0.5932
DIAMONDS THREE CLUBS FOUR,0.629,0.0286,0.3424
DIAMONDS FOUR CLUBS QUEEN,0.4162,0.013,0.5708
DIAMONDS THREE CLUBS FIVE,0.6292,0.032,0.3388
DIAMONDS FOUR CLUBS KING,0.424,0.007,0.569
DIAMONDS THREE CLUBS TWO,0.6432,0.0318,0.325
CLUBS TEN DIAMONDS FOUR,0.4806,0.3138,0.2056
DIAMONDS THREE CLUBS THREE,0.4336,0.0572,0.5092
CLUBS JACK DIAMONDS FOUR,0.4166,0.0162,0.5672
DIAMONDS THREE SPADES FOUR,0.628,0.0296,0.3424
DIAMONDS THREE SPADES FIVE,0.6124,0.0282,0.3594
DIAMONDS THREE SPADES TWO,0.6382,0.0264,0.3354
DIAMONDS THREE SPADES THREE,0.4326,0.053,0.5144
CLUBS EIGHT DIAMONDS THREE,0.6396,0.0256,0.3348
CLUBS NINE DIAMONDS THREE,0.6212,0.0286,0.3502
SPADES SEVEN CLUBS ACE,0.2464,0.024,0.7296
SPADES SEVEN CLUBS QUEEN,0.2644,0.042,0.6936
SPADES SEVEN CLUBS KING,0.246,0.0352,0.7188
CLUBS FIVE SPADES SEVEN,0.6742,0.085,0.2408
CLUBS TEN SPADES SEVEN,0.0108,0.9694,0.0198
CLUBS FIVE SPADES SIX,0.618,0.0244,0.3576
CLUBS JACK SPADES SEVEN,0.2402,0.05,0.7098
CLUBS FIVE SPADES NINE,0.6368,0.0254,0.3378
CLUBS FIVE SPADES EIGHT,0.6116,0.0232,0.3652
CLUBS FIVE SPADES THREE,0.614,0.0248,0.3612
CLUBS FIVE SPADES TWO,0.6424,0.0298,0.3278
CLUBS FIVE SPADES FIVE,0.4198,0.0542,0.526
CLUBS FIVE SPADES FOUR,0.6126,0.0268,0.3606
CLUBS NINE CLUBS FIVE,0.5928,0.025,0.3822
CLUBS EIGHT CLUBS FIVE,0.588,0.026,0.386
CLUBS ACE CLUBS QUEEN,0.335,0.0034,0.6616
CLUBS KING CLUBS QUEEN,0.3182,0.0072,0.6746
CLUBS TEN DIAMONDS NINE,0.2274,0.17,0.6026
DIAMONDS JACK DIAMONDS FOUR,0.401,0.0166,0.5824
CLUBS JACK DIAMONDS NINE,0.3482,0.0196,0.6322
CLUBS JACK SPADES NINE,0.3532,0.0142,0.6326
CLUBS TEN SPADES NINE,0.2282,0.1606,0.6112
DIAMONDS ACE DIAMONDS FOUR,0.3824,0.0064,0.6112
HEARTS FOUR DIAMONDS FOUR,0.4306,0.0594,0.51
DIAMONDS JACK HEARTS TEN,0.2272,0.0608,0.712
SPADES NINE CLUBS KING,0.3714,0.0066,0.622
DIAMONDS TWO SPADES TEN,0.5016,0.2886,0.2098
DIAMONDS NINE CLUBS ACE,0.3896,0.0062,0.6042
HEARTS FIVE DIAMONDS FOUR,0.5972,0.0314,0.3714
DIAMONDS JACK HEARTS JACK,0.1482,0.0242,0.8276
SPADES NINE CLUBS QUEEN,0.3614,0.0112,0.6274
DIAMONDS TWO SPADES JACK,0.43,0.0156,0.5544
DIAMONDS QUEEN DIAMONDS FOUR,0.3966,0.0114,0.592
HEARTS TWO DIAMONDS FOUR,0.6366,0.0312,0.3322
DIAMONDS NINE CLUBS QUEEN,0.378,0.0104,0.6116
DIAMONDS KING DIAMONDS FOUR,0.394,0.0074,0.5986
HEARTS THREE DIAMONDS FOUR,0.6296,0.0274,0.343
SPADES NINE CLUBS ACE,0.3752,0.0024,0.6224
DIAMONDS NINE CLUBS KING,0.3632,0.0088,0.628
HEARTS ACE DIAMONDS JACK,0.3352,0.0032,0.6616
SPADES ACE DIAMONDS TWO,0.436,0.004,0.56
HEARTS QUEEN DIAMONDS JACK,0.3328,0.01,0.6572
SPADES QUEEN DIAMONDS TWO,0.4308,0.0124,0.5568
HEARTS KING DIAMONDS JACK,0.3238,0.0064,0.6698
SPADES KING DIAMONDS TWO,0.4356,0.0096,0.5548
SPADES JACK SPADES SEVEN,0.2456,0.0522,0.7022
SPADES TEN SPADES SEVEN,0.023,0.9058,0.0712
CLUBS SIX CLUBS THREE,0.6046,0.0276,0.3678
CLUBS FIVE CLUBS THREE,0.5876,0.0294,0.383
CLUBS THREE CLUBS FOUR,0.5842,0.0282,0.3876
CLUBS NINE CLUBS THREE,0.5972,0.0294,0.3734
CLUBS EIGHT CLUBS THREE,0.6092,0.0262,0.3646
CLUBS THREE SPADES FIVE,0.6374,0.0296,0.333
CLUBS THREE SPADES FOUR,0.6212,0.0274,0.3514
CLUBS THREE SPADES THREE,0.4312,0.0592,0.5096
CLUBS THREE SPADES TWO,0.6478,0.027,0.3252
CLUBS THREE SPADES SIX,0.6414,0.0328,0.3258
CLUBS THREE SPADES SEVEN,0.6888,0.0804,0.2308
SPADES EIGHT CLUBS THREE,0.6508,0.0268,0.3224
SPADES NINE CLUBS THREE,0.6456,0.0266,0.3278
SPADES TWO DIAMONDS FOUR,0.6376,0.0276,0.3348
SPADES THREE DIAMONDS FOUR,0.6294,0.027,0.3436
SPADES FOUR DIAMONDS FOUR,0.4456,0.053,0.5014
SPADES FIVE DIAMONDS FOUR,0.6062,0.0258,0.368
SPADES SIX DIAMONDS FOUR,0.6244,0.0284,0.3472
SPADES SEVEN DIAMONDS FOUR,0.671,0.0776,0.2514
SPADES EIGHT DIAMONDS FOUR,0.635,0.0236,0.3414
SPADES NINE DIAMONDS FOUR,0.6504,0.024,0.3256
CLUBS FIVE DIAMONDS FOUR,0.6186,0.029,0.3524
CLUBS FOUR DIAMONDS FOUR,0.4382,0.055,0.5068
CLUBS SIX DIAMONDS FOUR,0.627,0.0304,0.3426
CLUBS NINE DIAMONDS FOUR,0.6464,0.026,0.3276
CLUBS EIGHT DIAMONDS FOUR,0.6306,0.027,0.3424
HEARTS SEVEN DIAMONDS FOUR,0.6798,0.0788,0.2414
HEARTS SIX DIAMONDS FOUR,0.6278,0.0294,0.3428
DIAMONDS FOUR HEARTS NINE,0.642,0.0262,0.3318
DIAMONDS FOUR HEARTS EIGHT,0.6262,0.0264,0.3474
CLUBS THREE DIAMONDS FOUR,0.6284,0.0254,0.3462
CLUBS TWO DIAMONDS FOUR,0.644,0.0328,0.3232
DIAMONDS JACK DIAMONDS FIVE,0.4044,0.0166,0.579
DIAMONDS NINE HEARTS QUEEN,0.3788,0.0096,0.6116
DIAMONDS NINE HEARTS KING,0.375,0.0068,0.6182
HEARTS ACE DIAMONDS NINE,0.3842,0.005,0.6108
DIAMONDS NINE HEARTS TEN,0.2334,0.1664,0.6002
DIAMONDS NINE HEARTS JACK,0.3574,0.0158,0.6268
CLUBS KING DIAMONDS SIX,0.405,0.009,0.586
CLUBS QUEEN DIAMONDS SIX,0.4038,0.0126,0.5836
CLUBS ACE DIAMONDS SIX,0.4102,0.0042,0.5856
SPADES KING DIAMONDS FOUR,0.4196,0.0082,0.5722
SPADES ACE SPADES SEVEN,0.2476,0.0214,0.731
SPADES QUEEN DIAMONDS FOUR,0.4338,0.0114,0.5548
SPADES QUEEN SPADES SEVEN,0.2586,0.042,0.6994
CLUBS JACK DIAMONDS SIX,0.4086,0.02,0.5714
SPADES KING SPADES SEVEN,0.2522,0.0318,0.716
SPADES ACE DIAMONDS FOUR,0.413,0.0052,0.5818
CLUBS TEN DIAMONDS SIX,0.4834,0.2978,0.2188
CLUBS NINE CLUBS FOUR,0.609,0.0248,0.3662
CLUBS EIGHT CLUBS FOUR,0.5808,0.0282,0.391
SPADES JACK DIAMONDS FOUR,0.4348,0.0152,0.55
SPADES TEN DIAMONDS FOUR,0.4938,0.285,0.2212
CLUBS FIVE CLUBS FOUR,0.5808,0.0292,0.39
CLUBS SIX CLUBS FOUR,0.5936,0.0296,0.3768
HEARTS SIX DIAMONDS FIVE,0.6154,0.027,0.3576
HEARTS SEVEN DIAMONDS FIVE,0.6714,0.0794,0.2492
DIAMONDS FIVE HEARTS EIGHT,0.6236,0.0242,0.3522
DIAMONDS FIVE HEARTS NINE,0.6334,0.0292,0.3374
DIAMONDS QUEEN DIAMONDS FIVE,0.3902,0.013,0.5968
HEARTS TWO DIAMONDS FIVE,0.6282,0.0316,0.3402
HEARTS KING HEARTS EIGHT,0.364,0.0052,0.6308
DIAMONDS KING DIAMONDS FIVE,0.402,0.007,0.591
HEARTS THREE DIAMONDS FIVE,0.6154,0.0294,0.3552
HEARTS QUEEN HEARTS EIGHT,0.3408,0.0098,0.6494
DIAMONDS ACE DIAMONDS FIVE,0.401,0.0044,0.5946
HEARTS FOUR DIAMONDS FIVE,0.6076,0.0298,0.3626
HEARTS FIVE DIAMONDS FIVE,0.4214,0.0532,0.5254
HEARTS ACE HEARTS EIGHT,0.3594,0.004,0.6366
CLUBS FOUR DIAMONDS FIVE,0.6142,0.0282,0.3576
CLUBS FIVE DIAMONDS FIVE,0.4338,0.0572,0.509
CLUBS SIX DIAMONDS FIVE,0.6246,0.0274,0.348
CLUBS TWO DIAMONDS FIVE,0.6376,0.0306,0.3318
CLUBS THREE DIAMONDS FIVE,0.6188,0.0266,0.3546
SPADES THREE DIAMONDS FIVE,0.6068,0.0324,0.3608
SPADES TWO DIAMONDS FIVE,0.6338,0.0276,0.3386
SPADES JACK DIAMONDS EIGHT,0.352,0.0174,0.6306
SPADES FIVE DIAMONDS FIVE,0.4302,0.055,0.5148
CLUBS TEN HEARTS JACK,0.2466,0.0516,0.7018
SPADES TEN DIAMONDS EIGHT,0.2308,0.2264,0.5428
SPADES FOUR DIAMONDS FIVE,0.598,0.0304,0.3716
CLUBS JACK HEARTS JACK,0.1602,0.0222,0.8176
HEARTS JACK CLUBS QUEEN,0.3188,0.009,0.6722
CLUBS NINE DIAMONDS FIVE,0.6292,0.0288,0.342
CLUBS EIGHT DIAMONDS FIVE,0.6172,0.0268,0.356
HEARTS JACK CLUBS KING,0.33,0.0078,0.6622
CLUBS ACE HEARTS JACK,0.3346,0.0048,0.6606
SPADES SEVEN DIAMONDS FIVE,0.6706,0.0852,0.2442
SPADES KING DIAMONDS EIGHT,0.3922,0.007,0.6008
SPADES QUEEN DIAMONDS EIGHT,0.3828,0.0086,0.6086
SPADES SIX DIAMONDS FIVE,0.5992,0.0282,0.3726
SPADES NINE DIAMONDS FIVE,0.6304,0.0296,0.34
SPADES EIGHT DIAMONDS FIVE,0.6172,0.0232,0.3596
SPADES ACE DIAMONDS EIGHT,0.3854,0.0054,0.6092
HEARTS ACE DIAMONDS SEVEN,0.2692,0.0232,0.7076
DIAMONDS JACK DIAMONDS SIX,0.38,0.0164,0.6036
HEARTS QUEEN DIAMONDS SEVEN,0.2746,0.037,0.6884
HEARTS KING DIAMONDS SEVEN,0.2788,0.0376,0.6836
DIAMONDS ACE DIAMONDS SIX,0.381,0.005,0.614
HEARTS FOUR DIAMONDS SIX,0.6312,0.0286,0.3402
SPADES TWO HEARTS JACK,0.4178,0.016,0.5662
HEARTS FIVE DIAMONDS SIX,0.6122,0.0258,0.362
SPADES TWO HEARTS TEN,0.4962,0.295,0.2088
DIAMONDS QUEEN DIAMONDS SIX,0.3934,0.0118,0.5948
HEARTS TWO DIAMONDS SIX,0.6514,0.0236,0.325
DIAMONDS KING DIAMONDS SIX,0.3954,0.0082,0.5964
HEARTS THREE DIAMONDS SIX,0.6382,0.024,0.3378
HEARTS EIGHT DIAMONDS SIX,0.6144,0.0248,0.3608
HEARTS NINE DIAMONDS SIX,0.6184,0.027,0.3546
HEARTS SIX DIAMONDS SIX,0.4086,0.0522,0.5392
HEARTS SEVEN DIAMONDS SIX,0.6676,0.0754,0.257
HEARTS TEN DIAMONDS SEVEN,0.022,0.968,0.01
CLUBS TWO DIAMONDS SIX,0.672,0.0298,0.2982
HEARTS JACK DIAMONDS SEVEN,0.2408,0.059,0.7002
CLUBS THREE DIAMONDS SIX,0.6446,0.0298,0.3256
CLUBS JACK DIAMONDS EIGHT,0.3704,0.0174,0.6122
CLUBS SIX DIAMONDS SIX,0.4146,0.0542,0.5312
CLUBS TEN DIAMONDS EIGHT,0.2156,0.2394,0.545
CLUBS FIVE DIAMONDS SIX,0.6272,0.0292,0.3436
CLUBS FOUR DIAMONDS SIX,0.6354,0.0324,0.3322
HEARTS ACE HEARTS JACK,0.3226,0.004,0.6734
DIAMONDS EIGHT CLUBS ACE,0.3698,0.0066,0.6236
HEARTS QUEEN HEARTS JACK,0.3122,0.0084,0.6794
DIAMONDS EIGHT CLUBS KING,0.3746,0.0074,0.618
CLUBS NINE DIAMONDS SIX,0.6194,0.0284,0.3522
HEARTS KING HEARTS JACK,0.308,0.0082,0.6838
CLUBS EIGHT DIAMONDS SIX,0.6132,0.0236,0.3632
DIAMONDS EIGHT CLUBS QUEEN,0.3848,0.0112,0.604
SPADES TEN HEARTS KING,0.2632,0.0318,0.705
SPADES FIVE DIAMONDS SIX,0.6242,0.023,0.3528
HEARTS ACE SPADES TWO,0.4248,0.0056,0.5696
SPADES JACK HEARTS KING,0.33,0.0052,0.6648
SPADES FOUR DIAMONDS SIX,0.6072,0.0274,0.3654
SPADES THREE DIAMONDS SIX,0.6392,0.0316,0.3292
HEARTS QUEEN SPADES TWO,0.4262,0.01,0.5638
SPADES ACE SPADES KING,0.3312,0.0044,0.6644
HEARTS KING SPADES TWO,0.428,0.0076,0.5644
SPADES TWO DIAMONDS SIX,0.6632,0.0246,0.3122
HEARTS TEN HEARTS EIGHT,0.2116,0.2096,0.5788
SPADES NINE DIAMONDS SIX,0.619,0.0282,0.3528
HEARTS JACK HEARTS EIGHT,0.3452,0.0114,0.6434
SPADES EIGHT DIAMONDS SIX,0.605,0.0276,0.3674
SPADES SEVEN DIAMONDS SIX,0.6514,0.0778,0.2708
SPADES SIX DIAMONDS SIX,0.419,0.048,0.533
SPADES KING HEARTS KING,0.1672,0.007,0.8258
SPADES QUEEN HEARTS KING,0.3434,0.007,0.6496
CLUBS ACE CLUBS KING,0.3376,0.0036,0.6588
SPADES ACE HEARTS KING,0.3514,0.0028,0.6458
SPADES ACE HEARTS JACK,0.3528,0.0032,0.644
SPADES QUEEN HEARTS JACK,0.3304,0.006,0.6636
SPADES KING HEARTS JACK,0.3378,0.0056,0.6566
SPADES JACK HEARTS JACK,0.1704,0.0208,0.8088
SPADES TEN HEARTS JACK,0.2382,0.0532,0.7086
SPADES NINE DIAMONDS SEVEN,0.6776,0.0754,0.247
SPADES EIGHT DIAMONDS SEVEN,0.657,0.0802,0.2628
SPADES SEVEN DIAMONDS SEVEN,0.3102,0.0472,0.6426
SPADES SIX DIAMONDS SEVEN,0.66,0.0764,0.2636
DIAMONDS KING DIAMONDS SEVEN,0.2572,0.0314,0.7114
HEARTS THREE DIAMONDS SEVEN,0.6808,0.0836,0.2356
HEARTS KING DIAMONDS FIVE,0.4198,0.0058,0.5744
DIAMONDS QUEEN DIAMONDS SEVEN,0.2566,0.0372,0.7062
HEARTS TWO DIAMONDS SEVEN,0.6992,0.0846,0.2162
HEARTS QUEEN DIAMONDS FIVE,0.4182,0.0116,0.5702
HEARTS FIVE DIAMONDS SEVEN,0.6702,0.0896,0.2402
DIAMONDS ACE DIAMONDS SEVEN,0.2618,0.0234,0.7148
HEARTS FOUR DIAMONDS SEVEN,0.6768,0.0852,0.238
HEARTS ACE DIAMONDS FIVE,0.4116,0.0034,0.585
HEARTS SEVEN DIAMONDS SEVEN,0.2952,0.0492,0.6556
HEARTS SIX DIAMONDS SEVEN,0.6552,0.0796,0.2652
DIAMONDS SEVEN HEARTS NINE,0.6706,0.0822,0.2472
HEARTS EIGHT DIAMONDS SEVEN,0.6632,0.07,0.2668
DIAMONDS JACK DIAMONDS SEVEN,0.2414,0.0634,0.6952
DIAMONDS FIVE HEARTS JACK,0.4204,0.018,0.5616
HEARTS TEN DIAMONDS FIVE,0.4782,0.3018,0.22
CLUBS EIGHT DIAMONDS SEVEN,0.6492,0.0824,0.2684
SPADES KING CLUBS TWO,0.4234,0.0078,0.5688
HEARTS KING CLUBS KING,0.1654,0.0092,0.8254
SPADES QUEEN CLUBS TWO,0.4286,0.0112,0.5602
HEARTS KING CLUBS QUEEN,0.3338,0.0062,0.66
CLUBS NINE DIAMONDS SEVEN,0.6716,0.0774,0.251
CLUBS JACK SPADES TWO,0.414,0.02,0.566
SPADES ACE CLUBS TWO,0.4196,0.0034,0.577
CLUBS TEN SPADES TWO,0.4904,0.2914,0.2182
HEARTS KING CLUBS ACE,0.3524,0.0038,0.6438
SPADES TWO CLUBS KING,0.4296,0.0088,0.5616
SPADES TWO DIAMONDS SEVEN,0.6814,0.091,0.2276
CLUBS EIGHT CLUBS SIX,0.5696,0.025,0.4054
SPADES THREE DIAMONDS SEVEN,0.6846,0.0798,0.2356
SPADES TWO CLUBS QUEEN,0.4276,0.0092,0.5632
CLUBS NINE CLUBS SIX,0.5864,0.0216,0.392
SPADES FOUR DIAMONDS SEVEN,0.6712,0.0822,0.2466
CLUBS JACK HEARTS KING,0.3208,0.0048,0.6744
SPADES FIVE DIAMONDS SEVEN,0.6758,0.0804,0.2438
SPADES TWO CLUBS ACE,0.4084,0.005,0.5866
CLUBS TEN HEARTS KING,0.2584,0.0386,0.703
CLUBS SIX SPADES TWO,0.6488,0.0308,0.3204
CLUBS SIX SPADES THREE,0.6362,0.0286,0.3352
CLUBS TWO DIAMONDS SEVEN,0.704,0.0824,0.2136
CLUBS SIX SPADES FOUR,0.6406,0.0264,0.333
CLUBS THREE DIAMONDS SEVEN,0.6988,0.0864,0.2148
CLUBS SIX SPADES FIVE,0.6242,0.0252,0.3506
CLUBS FOUR DIAMONDS SEVEN,0.6694,0.0824,0.2482
CLUBS SIX SPADES SIX,0.4198,0.0516,0.5286
CLUBS FIVE DIAMONDS SEVEN,0.6676,0.086,0.2464
CLUBS SIX SPADES SEVEN,0.6692,0.078,0.2528
CLUBS SIX DIAMONDS SEVEN,0.665,0.0776,0.2574
CLUBS SIX SPADES EIGHT,0.606,0.026,0.368
SPADES JACK CLUBS TWO,0.4258,0.0202,0.554
SPADES NINE CLUBS SIX,0.6152,0.0258,0.359
SPADES TEN CLUBS TWO,0.495,0.293,0.212
CLUBS TWO CLUBS QUEEN,0.4002,0.0112,0.5886
CLUBS TWO CLUBS KING,0.4074,0.0076,0.585
CLUBS THREE DIAMONDS EIGHT,0.6502,0.0284,0.3214
CLUBS TWO CLUBS ACE,0.4046,0.0044,0.591
CLUBS TWO DIAMONDS EIGHT,0.6402,0.027,0.3328
HEARTS SEVEN DIAMONDS EIGHT,0.6602,0.0744,0.2654
HEARTS SIX DIAMONDS EIGHT,0.6128,0.0264,0.3608
DIAMONDS EIGHT HEARTS NINE,0.5634,0.0238,0.4128
CLUBS TEN CLUBS TWO,0.4758,0.275,0.2492
DIAMONDS EIGHT HEARTS EIGHT,0.291,0.046,0.663
CLUBS JACK CLUBS TWO,0.3968,0.0168,0.5864
CLUBS NINE DIAMONDS EIGHT,0.5762,0.0224,0.4014
CLUBS EIGHT DIAMONDS EIGHT,0.2842,0.0504,0.6654
CLUBS FIVE DIAMONDS EIGHT,0.634,0.0264,0.3396
SPADES ACE SPADES THREE,0.4,0.0038,0.5962
CLUBS FOUR DIAMONDS EIGHT,0.6412,0.027,0.3318
SPADES QUEEN SPADES THREE,0.3862,0.0118,0.602
CLUBS SIX DIAMONDS EIGHT,0.6118,0.0242,0.364
SPADES KING SPADES THREE,0.3888,0.0062,0.605
DIAMONDS EIGHT DIAMONDS QUEEN,0.3524,0.0132,0.6344
HEARTS TWO DIAMONDS EIGHT,0.6426,0.025,0.3324
DIAMONDS KING DIAMONDS EIGHT,0.3594,0.008,0.6326
HEARTS THREE DIAMONDS EIGHT,0.653,0.028,0.319
DIAMONDS ACE DIAMONDS EIGHT,0.3632,0.006,0.6308
HEARTS FOUR DIAMONDS EIGHT,0.6378,0.0256,0.3366
HEARTS FIVE DIAMONDS EIGHT,0.6108,0.028,0.3612
DIAMONDS EIGHT DIAMONDS JACK,0.3462,0.0164,0.6374
SPADES JACK SPADES THREE,0.393,0.0178,0.5892
SPADES TEN SPADES THREE,0.4706,0.2668,0.2626
CLUBS FOUR HEARTS ACE,0.4188,0.0038,0.5774
CLUBS FOUR HEARTS QUEEN,0.4138,0.0122,0.574
CLUBS FOUR HEARTS KING,0.4188,0.007,0.5742
CLUBS SIX HEARTS TEN,0.4882,0.2872,0.2246
CLUBS SIX HEARTS JACK,0.4178,0.0158,0.5664
DIAMONDS EIGHT SPADES FOUR,0.6328,0.0274,0.3398
SPADES FIVE DIAMONDS EIGHT,0.6136,0.0262,0.3602
DIAMONDS EIGHT SPADES TWO,0.6438,0.025,0.3312
DIAMONDS EIGHT SPADES THREE,0.6466,0.0226,0.3308
CLUBS FOUR HEARTS JACK,0.4186,0.0184,0.563
SPADES EIGHT DIAMONDS EIGHT,0.2864,0.0444,0.6692
SPADES TEN DIAMONDS QUEEN,0.2324,0.0468,0.7208
SPADES TEN HEARTS TWO,0.4834,0.303,0.2136
SPADES JACK HEARTS EIGHT,0.3654,0.0146,0.62
CLUBS FOUR HEARTS TEN,0.4834,0.2982,0.2184
SPADES NINE DIAMONDS EIGHT,0.5638,0.0222,0.414
SPADES TEN HEARTS EIGHT,0.2352,0.2208,0.544
SPADES JACK HEARTS TWO,0.4222,0.0166,0.5612
SPADES JACK DIAMONDS QUEEN,0.3182,0.0104,0.6714
SPADES SIX DIAMONDS EIGHT,0.6046,0.0244,0.371
SPADES SEVEN DIAMONDS EIGHT,0.6574,0.0724,0.2702
SPADES ACE HEARTS TWO,0.4186,0.0034,0.578
SPADES ACE DIAMONDS QUEEN,0.3528,0.0042,0.643
SPADES ACE HEARTS EIGHT,0.3842,0.0032,0.6126
SPADES KING HEARTS EIGHT,0.3806,0.0048,0.6146
SPADES QUEEN HEARTS TWO,0.4298,0.0132,0.557
SPADES QUEEN DIAMONDS QUEEN,0.1702,0.016,0.8138
SPADES KING DIAMONDS QUEEN,0.324,0.0066,0.6694
SPADES KING HEARTS TWO,0.4142,0.007,0.5788
SPADES QUEEN HEARTS EIGHT,0.3728,0.0102,0.617
CLUBS TWO HEARTS TEN,0.491,0.291,0.218
CLUBS TWO HEARTS JACK,0.4352,0.0176,0.5472
SPADES SEVEN DIAMONDS NINE,0.6856,0.0708,0.2436
SPADES SIX DIAMONDS NINE,0.622,0.0268,0.3512
SPADES NINE DIAMONDS NINE,0.2888,0.043,0.6682
SPADES EIGHT DIAMONDS NINE,0.5586,0.0236,0.4178
SPADES TEN CLUBS KING,0.2538,0.0304,0.7158
DIAMONDS NINE SPADES THREE,0.6422,0.0236,0.3342
SPADES JACK CLUBS KING,0.3242,0.0084,0.6674
DIAMONDS NINE SPADES TWO,0.6494,0.0256,0.325
DIAMONDS NINE SPADES FIVE,0.6296,0.0268,0.3436
DIAMONDS NINE SPADES FOUR,0.6342,0.0224,0.3434
CLUBS NINE DIAMONDS NINE,0.2754,0.0434,0.6812
CLUBS EIGHT DIAMONDS NINE,0.5752,0.0254,0.3994
CLUBS SIX DIAMONDS NINE,0.6226,0.0278,0.3496
SPADES JACK CLUBS FOUR,0.4352,0.02,0.5448
SPADES TEN CLUBS FOUR,0.4732,0.3038,0.223
CLUBS FOUR DIAMONDS NINE,0.6554,0.0286,0.316
CLUBS FIVE DIAMONDS NINE,0.6348,0.0264,0.3388
DIAMONDS NINE CLUBS TWO,0.6444,0.0276,0.328
CLUBS THREE DIAMONDS NINE,0.6312,0.0302,0.3386
DIAMONDS NINE HEARTS EIGHT,0.5726,0.0254,0.402
DIAMONDS NINE HEARTS NINE,0.2692,0.045,0.6858
HEARTS SIX DIAMONDS NINE,0.622,0.0222,0.3558
HEARTS SEVEN DIAMONDS NINE,0.6742,0.07,0.2558
CLUBS EIGHT CLUBS NINE,0.539,0.0216,0.4394
DIAMONDS ACE DIAMONDS NINE,0.343,0.0038,0.6532
HEARTS FOUR DIAMONDS NINE,0.639,0.028,0.333
HEARTS FIVE DIAMONDS NINE,0.6376,0.025,0.3374
HEARTS ACE CLUBS TWO,0.4274,0.0034,0.5692
SPADES ACE CLUBS FOUR,0.409,0.0074,0.5836
DIAMONDS NINE DIAMONDS QUEEN,0.3414,0.0092,0.6494
HEARTS TWO DIAMONDS NINE,0.638,0.0262,0.3358
CLUBS TWO HEARTS KING,0.4378,0.0078,0.5544
SPADES KING CLUBS FOUR,0.41,0.0076,0.5824
DIAMONDS KING DIAMONDS NINE,0.3618,0.0082,0.63
HEARTS THREE DIAMONDS NINE,0.6434,0.025,0.3316
CLUBS TWO HEARTS QUEEN,0.4234,0.0132,0.5634
SPADES QUEEN CLUBS FOUR,0.4148,0.0134,0.5718
DIAMONDS NINE DIAMONDS JACK,0.3278,0.0154,0.6568
CLUBS EIGHT SPADES NINE,0.5708,0.0214,0.4078
CLUBS EIGHT SPADES EIGHT,0.2866,0.0408,0.6726
CLUBS EIGHT SPADES SEVEN,0.6484,0.0772,0.2744
CLUBS EIGHT SPADES SIX,0.6058,0.0298,0.3644
CLUBS EIGHT SPADES FIVE,0.6046,0.026,0.3694
CLUBS EIGHT SPADES FOUR,0.6184,0.0232,0.3584
CLUBS EIGHT SPADES THREE,0.6378,0.0312,0.331
CLUBS EIGHT SPADES TWO,0.6366,0.0308,0.3326
CLUBS JACK CLUBS FOUR,0.3968,0.0152,0.588
CLUBS TEN CLUBS FOUR,0.4612,0.2784,0.2604
CLUBS FOUR CLUBS KING,0.4008,0.0082,0.591
CLUBS FOUR CLUBS QUEEN,0.3994,0.0136,0.587
CLUBS FOUR CLUBS ACE,0.386,0.0052,0.6088
CLUBS EIGHT HEARTS JACK,0.3658,0.015,0.6192
CLUBS EIGHT HEARTS TEN,0.2192,0.2346,0.5462
CLUBS EIGHT HEARTS QUEEN,0.3642,0.0114,0.6244
CLUBS EIGHT HEARTS KING,0.3874,0.0058,0.6068
CLUBS EIGHT HEARTS ACE,0.3752,0.004,0.6208
CLUBS NINE SPADES THREE,0.6234,0.0274,0.3492
CLUBS NINE SPADES TWO,0.639,0.0316,0.3294
CLUBS NINE SPADES FIVE,0.6172,0.024,0.3588
CLUBS NINE SPADES FOUR,0.6398,0.025,0.3352
CLUBS NINE SPADES SEVEN,0.6882,0.0716,0.2402
CLUBS NINE SPADES SIX,0.6142,0.026,0.3598
CLUBS NINE SPADES NINE,0.2698,0.0384,0.6918
CLUBS TEN HEARTS EIGHT,0.2242,0.2332,0.5426
CLUBS NINE SPADES EIGHT,0.5622,0.0232,0.4146
CLUBS JACK HEARTS EIGHT,0.3474,0.0174,0.6352
HEARTS EIGHT CLUBS QUEEN,0.3674,0.0104,0.6222
CLUBS KING HEARTS EIGHT,0.3782,0.0086,0.6132
CLUBS ACE HEARTS EIGHT,0.3952,0.005,0.5998
SPADES KING CLUBS KING,0.1682,0.0098,0.822
SPADES QUEEN CLUBS KING,0.3392,0.0062,0.6546
SPADES ACE CLUBS KING,0.343,0.0044,0.6526
DIAMONDS ACE HEARTS TEN,0.2486,0.0198,0.7316
HEARTS FOUR HEARTS TEN,0.455,0.268,0.277
DIAMONDS ACE HEARTS JACK,0.3412,0.0028,0.656
HEARTS FOUR HEARTS JACK,0.3832,0.018,0.5988
SPADES KING CLUBS FIVE,0.4214,0.006,0.5726
SPADES QUEEN CLUBS FIVE,0.4154,0.0114,0.5732
SPADES ACE CLUBS FIVE,0.4134,0.0034,0.5832
HEARTS SEVEN DIAMONDS JACK,0.243,0.0588,0.6982
HEARTS SIX DIAMONDS JACK,0.4124,0.0186,0.569
DIAMONDS JACK HEARTS NINE,0.3514,0.0126,0.636
DIAMONDS JACK HEARTS EIGHT,0.3532,0.0168,0.63
DIAMONDS KING DIAMONDS JACK,0.3236,0.0064,0.67
HEARTS THREE DIAMONDS JACK,0.4176,0.018,0.5644
SPADES ACE SPADES SIX,0.3868,0.0038,0.6094
HEARTS ACE SPADES FOUR,0.416,0.0042,0.5798
DIAMONDS QUEEN DIAMONDS JACK,0.308,0.0112,0.6808
HEARTS TWO DIAMONDS JACK,0.4154,0.0182,0.5664
HEARTS FIVE DIAMONDS JACK,0.4238,0.0152,0.561
SPADES QUEEN SPADES SIX,0.3874,0.0104,0.6022
SPADES FOUR HEARTS QUEEN,0.4048,0.0078,0.5874
DIAMONDS ACE DIAMONDS JACK,0.3262,0.0048,0.669
HEARTS FOUR DIAMONDS JACK,0.4222,0.0208,0.557
SPADES KING SPADES SIX,0.3964,0.0068,0.5968
SPADES FOUR HEARTS KING,0.4072,0.009,0.5838
SPADES TEN SPADES SIX,0.4586,0.277,0.2644
SPADES JACK SPADES SIX,0.378,0.0176,0.6044
SPADES FOUR DIAMONDS JACK,0.4088,0.02,0.5712
SPADES FIVE DIAMONDS JACK,0.4206,0.0176,0.5618
DIAMONDS JACK SPADES TWO,0.4238,0.0164,0.5598
SPADES THREE DIAMONDS JACK,0.4118,0.0194,0.5688
SPADES ACE DIAMONDS THREE,0.4222,0.0028,0.575
CLUBS EIGHT DIAMONDS JACK,0.356,0.018,0.626
SPADES QUEEN DIAMONDS THREE,0.4126,0.0106,0.5768
SPADES KING DIAMONDS THREE,0.4178,0.0062,0.576
CLUBS NINE DIAMONDS JACK,0.3468,0.0166,0.6366
CLUBS SIX DIAMONDS JACK,0.4124,0.0174,0.5702
CLUBS FOUR DIAMONDS JACK,0.4176,0.018,0.5644
CLUBS FIVE DIAMONDS JACK,0.4048,0.0176,0.5776
CLUBS TWO DIAMONDS JACK,0.4298,0.0166,0.5536
CLUBS THREE DIAMONDS JACK,0.4038,0.0186,0.5776
SPADES TEN CLUBS FIVE,0.49,0.289,0.221
SPADES JACK HEARTS SIX,0.405,0.0142,0.5808
HEARTS SIX SPADES TEN,0.4894,0.2908,0.2198
SPADES JACK CLUBS FIVE,0.4204,0.0182,0.5614
SPADES JACK DIAMONDS THREE,0.4292,0.0168,0.554
DIAMONDS THREE SPADES TEN,0.5054,0.2794,0.2152
SPADES NINE DIAMONDS JACK,0.344,0.0128,0.6432
DIAMONDS ACE HEARTS ACE,0.1566,0.0026,0.8408
HEARTS FOUR HEARTS ACE,0.3936,0.0038,0.6026
SPADES EIGHT DIAMONDS JACK,0.3634,0.0172,0.6194
SPADES ACE HEARTS SIX,0.409,0.0028,0.5882
DIAMONDS ACE HEARTS KING,0.3506,0.0034,0.646
HEARTS FOUR HEARTS KING,0.396,0.0064,0.5976
SPADES SEVEN DIAMONDS JACK,0.2406,0.0524,0.707
SPADES KING HEARTS SIX,0.4108,0.0054,0.5838
DIAMONDS ACE HEARTS QUEEN,0.343,0.0038,0.6532
HEARTS FOUR HEARTS QUEEN,0.3912,0.0098,0.599
SPADES QUEEN HEARTS SIX,0.4092,0.0094,0.5814
SPADES SIX DIAMONDS JACK,0.4022,0.016,0.5818
CLUBS JACK DIAMONDS THREE,0.4242,0.0164,0.5594
CLUBS TEN DIAMONDS THREE,0.4808,0.3048,0.2144
DIAMONDS THREE CLUBS KING,0.4168,0.0086,0.5746
DIAMONDS THREE CLUBS QUEEN,0.4168,0.0136,0.5696
DIAMONDS THREE CLUBS ACE,0.4154,0.006,0.5786
SPADES FOUR HEARTS JACK,0.429,0.0174,0.5536
SPADES FOUR HEARTS TEN,0.4938,0.287,0.2192
SPADES FIVE SPADES TWO,0.5874,0.0274,0.3852
SPADES FOUR SPADES TWO,0.5806,0.0248,0.3946
SPADES THREE SPADES TWO,0.5932,0.0256,0.3812
SPADES NINE SPADES TWO,0.6028,0.0214,0.3758
SPADES EIGHT SPADES TWO,0.6092,0.024,0.3668
SPADES SEVEN SPADES TWO,0.6522,0.078,0.2698
SPADES SIX SPADES TWO,0.6052,0.0294,0.3654
CLUBS THREE DIAMONDS QUEEN,0.4202,0.0118,0.568
CLUBS THREE HEARTS TWO,0.637,0.026,0.337
CLUBS TWO DIAMONDS QUEEN,0.4226,0.015,0.5624
HEARTS TWO CLUBS TWO,0.4308,0.0602,0.509
HEARTS SEVEN DIAMONDS QUEEN,0.2614,0.048,0.6906
HEARTS SEVEN HEARTS TWO,0.6532,0.0768,0.27
HEARTS SIX DIAMONDS QUEEN,0.4056,0.0114,0.583
HEARTS SIX HEARTS TWO,0.6076,0.0268,0.3656
DIAMONDS QUEEN HEARTS NINE,0.3558,0.0116,0.6326
HEARTS TWO HEARTS NINE,0.5984,0.0258,0.3758
DIAMONDS QUEEN HEARTS EIGHT,0.3712,0.0116,0.6172
HEARTS TWO HEARTS EIGHT,0.6128,0.023,0.3642
CLUBS NINE HEARTS TWO,0.639,0.0286,0.3324
CLUBS NINE DIAMONDS QUEEN,0.359,0.009,0.632
CLUBS EIGHT DIAMONDS QUEEN,0.3566,0.0116,0.6318
CLUBS EIGHT HEARTS TWO,0.6332,0.0308,0.336
CLUBS FIVE DIAMONDS QUEEN,0.4164,0.0148,0.5688
CLUBS FIVE HEARTS TWO,0.6398,0.0306,0.3296
SPADES EIGHT HEARTS ACE,0.379,0.0042,0.6168
CLUBS FOUR DIAMONDS QUEEN,0.4166,0.0104,0.573
CLUBS FOUR HEARTS TWO,0.6318,0.0266,0.3416
SPADES EIGHT HEARTS QUEEN,0.3636,0.011,0.6254
CLUBS SIX DIAMONDS QUEEN,0.4086,0.0144,0.577
CLUBS SIX HEARTS TWO,0.6552,0.029,0.3158
SPADES EIGHT HEARTS KING,0.3874,0.005,0.6076
HEARTS TWO SPADES SIX,0.6552,0.0262,0.3186
SPADES SIX DIAMONDS QUEEN,0.4072,0.0106,0.5822
HEARTS FOUR CLUBS QUEEN,0.4018,0.0082,0.59
DIAMONDS ACE CLUBS QUEEN,0.3342,0.0044,0.6614
SPADES SEVEN DIAMONDS QUEEN,0.2744,0.0472,0.6784
SPADES SEVEN HEARTS TWO,0.692,0.0804,0.2276
HEARTS FOUR CLUBS KING,0.4188,0.0084,0.5728
DIAMONDS ACE CLUBS KING,0.337,0.0056,0.6574
SPADES EIGHT DIAMONDS QUEEN,0.3534,0.0098,0.6368
SPADES EIGHT HEARTS TWO,0.6414,0.0244,0.3342
HEARTS FOUR CLUBS ACE,0.4034,0.0054,0.5912
DIAMONDS ACE CLUBS ACE,0.1418,0.0058,0.8524
SPADES NINE DIAMONDS QUEEN,0.351,0.0088,0.6402
SPADES NINE HEARTS TWO,0.6548,0.0234,0.3218
HEARTS TWO SPADES TWO,0.436,0.0532,0.5108
DIAMONDS QUEEN SPADES TWO,0.412,0.0094,0.5786
HEARTS TWO SPADES THREE,0.6408,0.0252,0.334
DIAMONDS QUEEN SPADES THREE,0.4218,0.015,0.5632
HEARTS TWO SPADES FOUR,0.637,0.0278,0.3352
SPADES FOUR DIAMONDS QUEEN,0.4126,0.0124,0.575
CLUBS TEN HEARTS FOUR,0.4828,0.2972,0.22
CLUBS TEN DIAMONDS ACE,0.2388,0.026,0.7352
HEARTS TWO SPADES FIVE,0.6312,0.0292,0.3396
SPADES FIVE DIAMONDS QUEEN,0.414,0.0114,0.5746
CLUBS JACK HEARTS FOUR,0.42,0.0156,0.5644
CLUBS JACK DIAMONDS ACE,0.3412,0.0042,0.6546
CLUBS FIVE CLUBS KING,0.4036,0.0076,0.5888
CLUBS FIVE CLUBS QUEEN,0.4026,0.009,0.5884
CLUBS FIVE CLUBS ACE,0.398,0.0036,0.5984
CLUBS JACK CLUBS FIVE,0.3998,0.0168,0.5834
CLUBS TEN CLUBS FIVE,0.464,0.2806,0.2554
SPADES KING CLUBS JACK,0.3368,0.0056,0.6576
CLUBS JACK SPADES QUEEN,0.3264,0.0108,0.6628
SPADES ACE CLUBS JACK,0.331,0.0058,0.6632
SPADES SIX CLUBS KING,0.4082,0.0082,0.5836
SPADES SIX CLUBS QUEEN,0.409,0.0104,0.5806
SPADES EIGHT HEARTS JACK,0.3502,0.015,0.6348
SPADES SIX CLUBS ACE,0.425,0.0042,0.5708
SPADES EIGHT HEARTS TEN,0.2338,0.2236,0.5426
CLUBS JACK SPADES SIX,0.408,0.0168,0.5752
CLUBS TEN SPADES SIX,0.4874,0.296,0.2166
CLUBS JACK SPADES TEN,0.2322,0.0504,0.7174
CLUBS JACK SPADES JACK,0.1538,0.0272,0.819
SPADES SIX HEARTS TEN,0.4742,0.2984,0.2274
SPADES SIX HEARTS JACK,0.4082,0.0174,0.5744
SPADES SIX HEARTS ACE,0.4128,0.0034,0.5838
SPADES SIX HEARTS KING,0.421,0.0054,0.5736
SPADES SIX HEARTS QUEEN,0.405,0.0118,0.5832
CLUBS TEN HEARTS SIX,0.4844,0.2992,0.2164
CLUBS JACK HEARTS SIX,0.4168,0.0164,0.5668
CLUBS JACK CLUBS ACE,0.322,0.0054,0.6726
HEARTS SIX CLUBS QUEEN,0.4036,0.0094,0.587
HEARTS SIX CLUBS KING,0.4088,0.005,0.5862
HEARTS SIX CLUBS ACE,0.4014,0.0042,0.5944
CLUBS JACK CLUBS QUEEN,0.3054,0.01,0.6846
CLUBS JACK CLUBS KING,0.32,0.0084,0.6716
DIAMONDS THREE HEARTS ACE,0.4118,0.0042,0.584
DIAMONDS THREE HEARTS QUEEN,0.407,0.0112,0.5818
DIAMONDS THREE HEARTS KING,0.4194,0.0086,0.572
CLUBS FIVE HEARTS JACK,0.421,0.0178,0.5612
SPADES TEN DIAMONDS ACE,0.2636,0.0244,0.712
HEARTS FOUR SPADES TEN,0.4938,0.2884,0.2178
CLUBS FIVE HEARTS TEN,0.4824,0.2974,0.2202
HEARTS FOUR SPADES JACK,0.4264,0.0166,0.557
SPADES JACK DIAMONDS ACE,0.3382,0.004,0.6578
SPADES ACE HEARTS FOUR,0.4044,0.0034,0.5922
SPADES ACE DIAMONDS ACE,0.1518,0.003,0.8452
CLUBS FIVE HEARTS ACE,0.4184,0.0058,0.5758
CLUBS FIVE HEARTS KING,0.4218,0.006,0.5722
HEARTS FOUR SPADES QUEEN,0.4182,0.0102,0.5716
SPADES QUEEN DIAMONDS ACE,0.349,0.0032,0.6478
CLUBS JACK SPADES FOUR,0.41,0.0188,0.5712
CLUBS FIVE HEARTS QUEEN,0.4218,0.0096,0.5686
SPADES KING DIAMONDS ACE,0.344,0.0044,0.6516
SPADES KING HEARTS FOUR,0.4146,0.0048,0.5806
CLUBS TEN SPADES FOUR,0.4736,0.3046,0.2218
DIAMONDS ACE DIAMONDS QUEEN,0.3324,0.0042,0.6634
DIAMONDS ACE HEARTS TWO,0.4132,0.0052,0.5816
HEARTS FOUR DIAMONDS QUEEN,0.4078,0.0126,0.5796
HEARTS FOUR HEARTS TWO,0.588,0.0232,0.3888
DIAMONDS THREE HEARTS TEN,0.4792,0.2978,0.223
SPADES FOUR CLUBS KING,0.408,0.0078,0.5842
HEARTS FIVE DIAMONDS QUEEN,0.4158,0.0106,0.5736
HEARTS FIVE HEARTS TWO,0.5944,0.026,0.3796
DIAMONDS THREE HEARTS JACK,0.423,0.0198,0.5572
SPADES FOUR CLUBS QUEEN,0.4128,0.0086,0.5786
HEARTS TWO DIAMONDS QUEEN,0.4178,0.0122,0.57
DIAMONDS KING DIAMONDS QUEEN,0.3232,0.0086,0.6682
DIAMONDS KING HEARTS TWO,0.4264,0.0076,0.566
HEARTS THREE DIAMONDS QUEEN,0.4182,0.0122,0.5696
HEARTS THREE HEARTS TWO,0.6004,0.0262,0.3734
SPADES FOUR CLUBS ACE,0.413,0.0048,0.5822
HEARTS TWO CLUBS ACE,0.4326,0.004,0.5634
DIAMONDS QUEEN CLUBS ACE,0.3274,0.0046,0.668
HEARTS TWO CLUBS QUEEN,0.4258,0.011,0.5632
DIAMONDS QUEEN CLUBS QUEEN,0.151,0.0166,0.8324
HEARTS TWO CLUBS KING,0.4224,0.0094,0.5682
DIAMONDS QUEEN CLUBS KING,0.3222,0.007,0.6708
SPADES EIGHT SPADES FIVE,0.561,0.028,0.411
CLUBS TEN HEARTS TWO,0.4924,0.2884,0.2192
CLUBS TEN DIAMONDS QUEEN,0.2174,0.0458,0.7368
SPADES NINE SPADES FIVE,0.585,0.0228,0.3922
CLUBS JACK HEARTS TWO,0.4284,0.0166,0.555
CLUBS JACK DIAMONDS QUEEN,0.3174,0.0118,0.6708
SPADES SIX SPADES FIVE,0.5632,0.0266,0.4102
SPADES SEVEN SPADES FIVE,0.6132,0.0724,0.3144
DIAMONDS FIVE CLUBS QUEEN,0.4052,0.0124,0.5824
SPADES EIGHT CLUBS ACE,0.38,0.0038,0.6162
DIAMONDS FIVE CLUBS KING,0.4226,0.0094,0.568
SPADES EIGHT CLUBS KING,0.3906,0.0056,0.6038
DIAMONDS FIVE CLUBS ACE,0.4106,0.0034,0.586
SPADES EIGHT CLUBS QUEEN,0.3756,0.01,0.6144
CLUBS JACK SPADES EIGHT,0.3586,0.0174,0.624
CLUBS TEN SPADES EIGHT,0.213,0.2264,0.5606
CLUBS TEN DIAMONDS FIVE,0.4826,0.2944,0.223
CLUBS JACK DIAMONDS FIVE,0.409,0.018,0.573
SPADES ACE CLUBS NINE,0.382,0.0054,0.6126
SPADES QUEEN CLUBS NINE,0.3626,0.0092,0.6282
SPADES KING CLUBS NINE,0.3762,0.0088,0.615
HEARTS SIX HEARTS KING,0.3814,0.0074,0.6112
DIAMONDS KING SPADES SEVEN,0.2686,0.0374,0.694
HEARTS THREE SPADES SEVEN,0.6788,0.0824,0.2388
SPADES KING DIAMONDS SEVEN,0.2704,0.036,0.6936
HEARTS SIX HEARTS QUEEN,0.3878,0.0092,0.603
SPADES QUEEN DIAMONDS SEVEN,0.2652,0.04,0.6948
HEARTS THREE SPADES SIX,0.6276,0.0332,0.3392
DIAMONDS KING SPADES SIX,0.3996,0.0074,0.593
SPADES NINE DIAMONDS KING,0.371,0.0064,0.6226
SPADES NINE HEARTS THREE,0.6432,0.0218,0.335
HEARTS SIX HEARTS ACE,0.3946,0.0022,0.6032
DIAMONDS KING SPADES EIGHT,0.3768,0.0072,0.616
SPADES EIGHT HEARTS THREE,0.6426,0.0256,0.3318
SPADES ACE DIAMONDS SEVEN,0.2672,0.0254,0.7074
CLUBS NINE HEARTS THREE,0.6296,0.029,0.3414
CLUBS NINE DIAMONDS KING,0.3554,0.0052,0.6394
CLUBS EIGHT DIAMONDS KING,0.3816,0.0074,0.611
CLUBS EIGHT HEARTS THREE,0.6288,0.0248,0.3464
HEARTS THREE SPADES THREE,0.4302,0.0586,0.5112
DIAMONDS KING SPADES THREE,0.4204,0.0068,0.5728
HEARTS THREE SPADES TWO,0.639,0.0272,0.3338
DIAMONDS KING SPADES TWO,0.4238,0.0096,0.5666
HEARTS THREE SPADES FIVE,0.6188,0.0298,0.3514
DIAMONDS KING SPADES FIVE,0.4164,0.0064,0.5772
