opposingHand,winningChance,drawChance,lostChance
CLUBS TEN DIAMONDS KING
HEARTS FIVE SPADES TEN,0.7242,0.0352,0.2406
HEARTS FIVE SPADES JACK,0.659,0.0066,0.3344
CLUBS JACK SPADES FIVE,0.6464,0.0064,0.3472
CLUBS JACK CLUBS EIGHT,0.6052,0.0064,0.3884
CLUBS EIGHT CLUBS KING,0.6292,0.1124,0.2584
SPADES FIVE CLUBS ACE,0.419,0.0048,0.5762
CLUBS EIGHT CLUBS QUEEN,0.6188,0.0086,0.3726
SPADES FIVE CLUBS KING,0.6456,0.114,0.2404
SPADES FIVE CLUBS QUEEN,0.644,0.0074,0.3486
CLUBS EIGHT CLUBS ACE,0.417,0.0046,0.5784
DIAMONDS TWO DIAMONDS THREE,0.6222,0.007,0.3708
DIAMONDS TWO DIAMONDS FIVE,0.6156,0.0064,0.378
HEARTS FIVE SPADES KING,0.6482,0.1174,0.2344
DIAMONDS TWO DIAMONDS FOUR,0.6124,0.008,0.3796
HEARTS FIVE SPADES QUEEN,0.659,0.0054,0.3356
DIAMONDS TWO DIAMONDS SEVEN,0.6504,0.0084,0.3412
DIAMONDS TWO DIAMONDS SIX,0.6324,0.0068,0.3608
SPADES ACE HEARTS FIVE,0.4294,0.0028,0.5678
DIAMONDS TWO DIAMONDS NINE,0.6512,0.006,0.3428
DIAMONDS TWO DIAMONDS EIGHT,0.6406,0.0072,0.3522
DIAMONDS THREE DIAMONDS FOUR,0.6022,0.0094,0.3884
CLUBS TWO SPADES FOUR,0.6454,0.0084,0.3462
DIAMONDS THREE DIAMONDS FIVE,0.6108,0.0066,0.3826
SPADES FIVE CLUBS TWO,0.662,0.009,0.329
CLUBS TWO SPADES TWO,0.4836,0.0142,0.5022
CLUBS TWO SPADES THREE,0.6594,0.0078,0.3328
DIAMONDS THREE DIAMONDS EIGHT,0.6368,0.008,0.3552
SPADES EIGHT CLUBS TWO,0.6736,0.006,0.3204
DIAMONDS THREE DIAMONDS NINE,0.6406,0.0094,0.35
SPADES NINE CLUBS TWO,0.6794,0.0056,0.315
DIAMONDS THREE DIAMONDS SIX,0.6254,0.0064,0.3682
SPADES SIX CLUBS TWO,0.6668,0.0064,0.3268
DIAMONDS THREE DIAMONDS SEVEN,0.6344,0.0086,0.357
SPADES SEVEN CLUBS TWO,0.6768,0.0052,0.318
CLUBS SIX CLUBS TWO,0.629,0.0088,0.3622
CLUBS SEVEN CLUBS TWO,0.6598,0.007,0.3332
CLUBS FOUR CLUBS TWO,0.62,0.0078,0.3722
CLUBS FIVE CLUBS TWO,0.61,0.0092,0.3808
DIAMONDS FOUR DIAMONDS SIX,0.6076,0.0098,0.3826
DIAMONDS FOUR DIAMONDS SEVEN,0.6348,0.009,0.3562
CLUBS EIGHT CLUBS TWO,0.6434,0.0078,0.3488
DIAMONDS FIVE DIAMONDS FOUR,0.5952,0.009,0.3958
CLUBS NINE CLUBS TWO,0.6524,0.0056,0.342
DIAMONDS NINE DIAMONDS FOUR,0.651,0.0088,0.3402
DIAMONDS EIGHT DIAMONDS FOUR,0.6338,0.0066,0.3596
CLUBS THREE CLUBS TWO,0.619,0.01,0.371
DIAMONDS NINE DIAMONDS FIVE,0.6286,0.0072,0.3642
CLUBS JACK DIAMONDS TWO,0.6814,0.0074,0.3112
DIAMONDS EIGHT DIAMONDS FIVE,0.6144,0.0058,0.3798
DIAMONDS FIVE DIAMONDS SEVEN,0.6038,0.0054,0.3908
DIAMONDS FIVE DIAMONDS SIX,0.6064,0.0062,0.3874
DIAMONDS TWO CLUBS ACE,0.436,0.0054,0.5586
DIAMONDS TWO CLUBS KING,0.6538,0.1226,0.2236
DIAMONDS TWO CLUBS QUEEN,0.6522,0.0062,0.3416
DIAMONDS EIGHT DIAMONDS SIX,0.6054,0.0068,0.3878
DIAMONDS NINE DIAMONDS SIX,0.6188,0.007,0.3742
HEARTS ACE SPADES THREE,0.4324,0.0042,0.5634
SPADES THREE HEARTS KING,0.6484,0.1206,0.231
DIAMONDS SEVEN DIAMONDS SIX,0.5994,0.0098,0.3908
HEARTS QUEEN SPADES THREE,0.6586,0.005,0.3364
SPADES THREE HEARTS JACK,0.6544,0.007,0.3386
SPADES THREE HEARTS TEN,0.7524,0.0328,0.2148
DIAMONDS EIGHT DIAMONDS SEVEN,0.5964,0.0076,0.396
DIAMONDS NINE DIAMONDS SEVEN,0.6124,0.0078,0.3798
DIAMONDS NINE DIAMONDS EIGHT,0.6064,0.0076,0.386
HEARTS THREE HEARTS TEN,0.694,0.0358,0.2702
SPADES JACK CLUBS SIX,0.654,0.0066,0.3394
HEARTS THREE HEARTS JACK,0.603,0.0066,0.3904
SPADES TEN CLUBS SIX,0.7292,0.0342,0.2366
SPADES JACK SPADES FIVE,0.6066,0.0068,0.3866
SPADES TEN SPADES FIVE,0.6934,0.0338,0.2728
HEARTS THREE HEARTS ACE,0.391,0.0054,0.6036
SPADES ACE CLUBS SIX,0.4364,0.0042,0.5594
HEARTS THREE HEARTS QUEEN,0.6044,0.0066,0.389
SPADES KING CLUBS SIX,0.6542,0.1176,0.2282
HEARTS THREE HEARTS KING,0.6156,0.1032,0.2812
SPADES QUEEN CLUBS SIX,0.6698,0.0034,0.3268
SPADES NINE HEARTS TEN,0.703,0.0312,0.2658
SPADES NINE HEARTS JACK,0.6316,0.0064,0.362
SPADES QUEEN SPADES FIVE,0.62,0.006,0.374
SPADES KING SPADES FIVE,0.6066,0.1124,0.281
SPADES ACE SPADES FIVE,0.399,0.005,0.596
SPADES NINE HEARTS QUEEN,0.6304,0.008,0.3616
SPADES NINE HEARTS KING,0.6576,0.113,0.2294
SPADES NINE HEARTS ACE,0.4166,0.0042,0.5792
SPADES FIVE HEARTS QUEEN,0.656,0.0062,0.3378
SPADES FIVE HEARTS KING,0.653,0.1044,0.2426
HEARTS ACE SPADES FIVE,0.4168,0.003,0.5802
CLUBS EIGHT SPADES TEN,0.719,0.0384,0.2426
SPADES JACK HEARTS THREE,0.6512,0.0044,0.3444
SPADES TEN HEARTS THREE,0.7454,0.0374,0.2172
SPADES JACK CLUBS EIGHT,0.6236,0.0062,0.3702
CLUBS SIX HEARTS ACE,0.4408,0.003,0.5562
SPADES ACE CLUBS EIGHT,0.431,0.0038,0.5652
HEARTS FIVE CLUBS JACK,0.6432,0.0068,0.35
CLUBS SIX HEARTS QUEEN,0.654,0.0066,0.3394
SPADES QUEEN CLUBS EIGHT,0.6576,0.0082,0.3342
CLUBS SIX HEARTS KING,0.6624,0.1148,0.2228
SPADES KING CLUBS EIGHT,0.6438,0.1232,0.233
CLUBS JACK SPADES THREE,0.6592,0.0064,0.3344
DIAMONDS TWO HEARTS JACK,0.6652,0.0078,0.327
SPADES THREE CLUBS QUEEN,0.6484,0.0058,0.3458
DIAMONDS TWO HEARTS TEN,0.756,0.034,0.21
SPADES THREE CLUBS KING,0.647,0.1126,0.2404
HEARTS FIVE CLUBS ACE,0.4286,0.0046,0.5668
SPADES FIVE HEARTS TEN,0.7362,0.0316,0.2322
SPADES THREE CLUBS ACE,0.417,0.004,0.579
HEARTS FIVE CLUBS KING,0.648,0.1116,0.2404
SPADES FIVE HEARTS JACK,0.6482,0.0048,0.347
HEARTS FIVE CLUBS QUEEN,0.6478,0.0078,0.3444
HEARTS THREE CLUBS KING,0.6466,0.1188,0.2346
HEARTS THREE CLUBS QUEEN,0.6502,0.0068,0.343
HEARTS FIVE HEARTS JACK,0.5992,0.0056,0.3952
HEARTS FIVE HEARTS TEN,0.686,0.0358,0.2782
HEARTS THREE CLUBS ACE,0.4094,0.0072,0.5834
SPADES ACE CLUBS QUEEN,0.3654,0.0054,0.6292
SPADES KING CLUBS QUEEN,0.243,0.0656,0.6914
CLUBS JACK HEARTS THREE,0.6418,0.008,0.3502
SPADES QUEEN CLUBS QUEEN,0.2876,0.0046,0.7078
SPADES JACK CLUBS QUEEN,0.5948,0.007,0.3982
CLUBS SIX CLUBS QUEEN,0.62,0.0082,0.3718
SPADES TEN CLUBS QUEEN,0.7198,0.0316,0.2486
CLUBS SIX CLUBS KING,0.6176,0.1144,0.268
CLUBS SIX CLUBS ACE,0.4128,0.0034,0.5838
HEARTS FIVE HEARTS KING,0.6086,0.1096,0.2818
HEARTS FIVE HEARTS QUEEN,0.6078,0.0052,0.387
HEARTS FIVE HEARTS ACE,0.394,0.0058,0.6002
CLUBS JACK CLUBS SIX,0.623,0.0056,0.3714
SPADES SEVEN HEARTS JACK,0.6386,0.0048,0.3566
SPADES SEVEN HEARTS TEN,0.7074,0.0332,0.2594
DIAMONDS TWO CLUBS TWO,0.485,0.0112,0.5038
DIAMONDS TWO CLUBS THREE,0.6682,0.0086,0.3232
DIAMONDS TWO HEARTS SIX,0.6704,0.0064,0.3232
DIAMONDS TWO HEARTS QUEEN,0.6532,0.008,0.3388
HEARTS SEVEN DIAMONDS TWO,0.6748,0.0092,0.316
DIAMONDS TWO HEARTS KING,0.6528,0.122,0.2252
DIAMONDS TWO HEARTS EIGHT,0.6826,0.007,0.3104
DIAMONDS TWO HEARTS ACE,0.4212,0.0054,0.5734
DIAMONDS TWO HEARTS NINE,0.6754,0.0082,0.3164
DIAMONDS TWO DIAMONDS QUEEN,0.63,0.0066,0.3634
DIAMONDS TWO HEARTS TWO,0.4794,0.0094,0.5112
DIAMONDS TWO HEARTS THREE,0.6618,0.0104,0.3278
DIAMONDS TWO DIAMONDS ACE,0.4072,0.0048,0.588
HEARTS FOUR DIAMONDS TWO,0.6484,0.008,0.3436
HEARTS FIVE DIAMONDS TWO,0.6594,0.0086,0.332
SPADES SEVEN HEARTS ACE,0.4216,0.0024,0.576
DIAMONDS TWO DIAMONDS TEN,0.7096,0.0386,0.2518
SPADES SEVEN HEARTS KING,0.6542,0.1174,0.2284
DIAMONDS TWO DIAMONDS JACK,0.6242,0.0088,0.367
SPADES SEVEN HEARTS QUEEN,0.6662,0.0064,0.3274
DIAMONDS TWO SPADES NINE,0.6808,0.0076,0.3116
DIAMONDS TWO SPADES EIGHT,0.6842,0.0072,0.3086
DIAMONDS TWO SPADES SEVEN,0.673,0.0058,0.3212
DIAMONDS TWO SPADES SIX,0.667,0.0066,0.3264
DIAMONDS TWO SPADES FIVE,0.6492,0.0096,0.3412
DIAMONDS TWO SPADES FOUR,0.6596,0.0096,0.3308
DIAMONDS TWO SPADES THREE,0.6592,0.0096,0.3312
DIAMONDS TWO SPADES TWO,0.4806,0.0098,0.5096
CLUBS NINE DIAMONDS TWO,0.6824,0.0062,0.3114
DIAMONDS TWO CLUBS EIGHT,0.6812,0.0056,0.3132
CLUBS SEVEN DIAMONDS TWO,0.6782,0.009,0.3128
DIAMONDS TWO CLUBS SIX,0.671,0.0056,0.3234
DIAMONDS TWO CLUBS FIVE,0.653,0.009,0.338
DIAMONDS TWO CLUBS FOUR,0.6542,0.0112,0.3346
CLUBS FOUR SPADES FIVE,0.6202,0.0098,0.37
CLUBS FOUR SPADES FOUR,0.4702,0.01,0.5198
CLUBS FOUR SPADES THREE,0.632,0.0092,0.3588
CLUBS FOUR SPADES TWO,0.6456,0.0084,0.346
SPADES NINE CLUBS FOUR,0.6736,0.0064,0.32
SPADES EIGHT CLUBS FOUR,0.6592,0.0058,0.335
SPADES SEVEN CLUBS FOUR,0.658,0.0098,0.3322
CLUBS FOUR SPADES SIX,0.6498,0.005,0.3452
SPADES ACE DIAMONDS SIX,0.4272,0.0042,0.5686
SPADES QUEEN DIAMONDS SIX,0.6556,0.0078,0.3366
SPADES KING DIAMONDS SIX,0.6492,0.1154,0.2354
SPADES TEN DIAMONDS SIX,0.731,0.0338,0.2352
SPADES JACK DIAMONDS SIX,0.653,0.0088,0.3382
SPADES QUEEN SPADES TWO,0.6094,0.0062,0.3844
SPADES KING SPADES TWO,0.6172,0.115,0.2678
SPADES ACE SPADES TWO,0.4012,0.0038,0.595
CLUBS JACK DIAMONDS JACK,0.2692,0.0078,0.723
DIAMONDS JACK CLUBS KING,0.2256,0.0834,0.691
DIAMONDS JACK CLUBS QUEEN,0.578,0.0068,0.4152
DIAMONDS THREE DIAMONDS JACK,0.6344,0.01,0.3556
DIAMONDS THREE DIAMONDS TEN,0.7142,0.0374,0.2484
DIAMONDS JACK CLUBS ACE,0.3758,0.0044,0.6198
DIAMONDS THREE HEARTS THREE,0.4982,0.01,0.4918
DIAMONDS THREE DIAMONDS QUEEN,0.6258,0.0064,0.3678
DIAMONDS THREE HEARTS TWO,0.6642,0.0104,0.3254
HEARTS FIVE DIAMONDS THREE,0.621,0.0088,0.3702
DIAMONDS THREE DIAMONDS ACE,0.4022,0.007,0.5908
HEARTS FOUR DIAMONDS THREE,0.655,0.0072,0.3378
HEARTS SEVEN DIAMONDS THREE,0.6708,0.0054,0.3238
SPADES TEN SPADES NINE,0.6534,0.032,0.3146
HEARTS SIX DIAMONDS THREE,0.6514,0.0084,0.3402
SPADES JACK SPADES NINE,0.5842,0.0064,0.4094
DIAMONDS THREE HEARTS NINE,0.6858,0.0068,0.3074
HEARTS JACK DIAMONDS FOUR,0.676,0.0074,0.3166
HEARTS ACE HEARTS KING,0.2364,0.0082,0.7554
SPADES TEN SPADES TWO,0.7028,0.0308,0.2664
DIAMONDS THREE HEARTS EIGHT,0.6684,0.0066,0.325
HEARTS TEN DIAMONDS FOUR,0.728,0.0388,0.2332
SPADES JACK SPADES TWO,0.6174,0.0072,0.3754
HEARTS QUEEN DIAMONDS FOUR,0.6562,0.0068,0.337
HEARTS KING DIAMONDS FOUR,0.6524,0.1094,0.2382
SPADES ACE SPADES NINE,0.3768,0.0032,0.62
HEARTS ACE DIAMONDS FOUR,0.4232,0.0032,0.5736
SPADES KING SPADES NINE,0.6068,0.1116,0.2816
SPADES QUEEN SPADES NINE,0.6176,0.0056,0.3768
DIAMONDS THREE SPADES NINE,0.676,0.0078,0.3162
DIAMONDS THREE SPADES EIGHT,0.6842,0.0054,0.3104
DIAMONDS THREE SPADES SEVEN,0.6486,0.0086,0.3428
DIAMONDS THREE SPADES SIX,0.6472,0.0084,0.3444
DIAMONDS THREE CLUBS SIX,0.649,0.0104,0.3406
CLUBS FIVE CLUBS SIX,0.5862,0.009,0.4048
CLUBS ACE DIAMONDS FOUR,0.4282,0.0048,0.567
CLUBS SEVEN DIAMONDS THREE,0.666,0.0074,0.3266
CLUBS SEVEN CLUBS FIVE,0.593,0.0062,0.4008
DIAMONDS THREE CLUBS FOUR,0.6366,0.0106,0.3528
DIAMONDS FOUR CLUBS QUEEN,0.6508,0.0092,0.34
DIAMONDS THREE CLUBS FIVE,0.648,0.008,0.344
DIAMONDS FOUR CLUBS KING,0.657,0.1146,0.2284
DIAMONDS THREE CLUBS TWO,0.6568,0.0082,0.335
DIAMONDS THREE CLUBS THREE,0.4932,0.009,0.4978
CLUBS JACK DIAMONDS FOUR,0.6534,0.0062,0.3404
DIAMONDS THREE SPADES FOUR,0.6388,0.0064,0.3548
DIAMONDS THREE SPADES FIVE,0.6376,0.0078,0.3546
DIAMONDS THREE SPADES TWO,0.6626,0.009,0.3284
DIAMONDS THREE SPADES THREE,0.4828,0.0082,0.509
CLUBS EIGHT DIAMONDS THREE,0.6664,0.0086,0.325
CLUBS NINE DIAMONDS THREE,0.6808,0.0098,0.3094
SPADES SEVEN CLUBS ACE,0.4228,0.0044,0.5728
SPADES SEVEN CLUBS QUEEN,0.6488,0.0066,0.3446
SPADES SEVEN CLUBS KING,0.6548,0.1098,0.2354
CLUBS FIVE SPADES SEVEN,0.6518,0.0056,0.3426
CLUBS FIVE SPADES SIX,0.6504,0.0058,0.3438
CLUBS JACK SPADES SEVEN,0.6288,0.0078,0.3634
CLUBS FIVE SPADES NINE,0.6648,0.0064,0.3288
CLUBS FIVE SPADES EIGHT,0.6416,0.007,0.3514
CLUBS FIVE SPADES THREE,0.6328,0.0092,0.358
CLUBS FIVE SPADES TWO,0.6572,0.0064,0.3364
CLUBS FIVE SPADES FIVE,0.4762,0.0114,0.5124
CLUBS FIVE SPADES FOUR,0.6144,0.0088,0.3768
CLUBS NINE CLUBS FIVE,0.6436,0.0074,0.349
CLUBS EIGHT CLUBS FIVE,0.6204,0.0094,0.3702
CLUBS ACE CLUBS QUEEN,0.3608,0.006,0.6332
CLUBS KING CLUBS QUEEN,0.2308,0.0582,0.711
DIAMONDS TEN DIAMONDS FOUR,0.712,0.0354,0.2526
DIAMONDS JACK DIAMONDS FOUR,0.619,0.01,0.371
CLUBS JACK DIAMONDS NINE,0.6286,0.0092,0.3622
CLUBS JACK SPADES NINE,0.6316,0.007,0.3614
DIAMONDS ACE DIAMONDS FOUR,0.4182,0.004,0.5778
HEARTS FOUR DIAMONDS FOUR,0.4856,0.0108,0.5036
DIAMONDS JACK HEARTS TEN,0.7192,0.0274,0.2534
SPADES NINE CLUBS KING,0.6478,0.1174,0.2348
DIAMONDS TWO SPADES TEN,0.7396,0.0398,0.2206
DIAMONDS NINE CLUBS ACE,0.416,0.0072,0.5768
HEARTS FIVE DIAMONDS FOUR,0.6306,0.0086,0.3608
DIAMONDS JACK HEARTS JACK,0.3102,0.0046,0.6852
SPADES NINE CLUBS QUEEN,0.6196,0.007,0.3734
DIAMONDS TWO SPADES JACK,0.6586,0.0058,0.3356
DIAMONDS QUEEN DIAMONDS FOUR,0.6196,0.0072,0.3732
HEARTS TWO DIAMONDS FOUR,0.6442,0.0104,0.3454
DIAMONDS NINE CLUBS QUEEN,0.6448,0.0072,0.348
HEARTS THREE DIAMONDS FOUR,0.6318,0.0078,0.3604
SPADES NINE CLUBS ACE,0.406,0.0036,0.5904
DIAMONDS NINE CLUBS KING,0.6482,0.1234,0.2284
HEARTS ACE DIAMONDS JACK,0.3774,0.005,0.6176
SPADES ACE DIAMONDS TWO,0.4272,0.0042,0.5686
HEARTS QUEEN DIAMONDS JACK,0.6058,0.0064,0.3878
SPADES QUEEN DIAMONDS TWO,0.6694,0.0048,0.3258
DIAMONDS JACK HEARTS KING,0.238,0.0828,0.6792
SPADES KING DIAMONDS TWO,0.6604,0.1146,0.225
SPADES JACK SPADES SEVEN,0.5992,0.008,0.3928
SPADES TEN SPADES SEVEN,0.6744,0.0344,0.2912
CLUBS SEVEN CLUBS THREE,0.6436,0.0078,0.3486
CLUBS SIX CLUBS THREE,0.6054,0.0064,0.3882
CLUBS FIVE CLUBS THREE,0.6186,0.0088,0.3726
CLUBS THREE CLUBS FOUR,0.6094,0.0106,0.38
CLUBS NINE CLUBS THREE,0.649,0.0076,0.3434
CLUBS EIGHT CLUBS THREE,0.6482,0.0056,0.3462
CLUBS THREE SPADES FIVE,0.6358,0.0114,0.3528
CLUBS THREE SPADES FOUR,0.634,0.009,0.357
CLUBS THREE SPADES THREE,0.4924,0.0106,0.497
CLUBS THREE SPADES TWO,0.66,0.0068,0.3332
CLUBS THREE SPADES SIX,0.6552,0.0064,0.3384
CLUBS THREE SPADES SEVEN,0.6654,0.0072,0.3274
SPADES EIGHT CLUBS THREE,0.6762,0.0056,0.3182
SPADES NINE CLUBS THREE,0.676,0.0062,0.3178
SPADES TWO DIAMONDS FOUR,0.6652,0.0092,0.3256
SPADES THREE DIAMONDS FOUR,0.6358,0.0102,0.354
SPADES FOUR DIAMONDS FOUR,0.4752,0.0082,0.5166
SPADES FIVE DIAMONDS FOUR,0.633,0.0092,0.3578
SPADES SIX DIAMONDS FOUR,0.6486,0.0074,0.344
SPADES SEVEN DIAMONDS FOUR,0.6468,0.0072,0.346
SPADES EIGHT DIAMONDS FOUR,0.661,0.0074,0.3316
SPADES NINE DIAMONDS FOUR,0.671,0.0102,0.3188
CLUBS FIVE DIAMONDS FOUR,0.6438,0.0078,0.3484
CLUBS FOUR DIAMONDS FOUR,0.495,0.0094,0.4956
CLUBS SEVEN DIAMONDS FOUR,0.656,0.007,0.337
CLUBS SIX DIAMONDS FOUR,0.6438,0.006,0.3502
CLUBS NINE DIAMONDS FOUR,0.6904,0.0064,0.3032
CLUBS EIGHT DIAMONDS FOUR,0.6772,0.007,0.3158
HEARTS SEVEN DIAMONDS FOUR,0.6452,0.0064,0.3484
HEARTS SIX DIAMONDS FOUR,0.643,0.0068,0.3502
DIAMONDS FOUR HEARTS NINE,0.6584,0.0056,0.336
DIAMONDS FOUR HEARTS EIGHT,0.6652,0.008,0.3268
CLUBS THREE DIAMONDS FOUR,0.6424,0.0098,0.3478
CLUBS TWO DIAMONDS FOUR,0.6522,0.0092,0.3386
DIAMONDS TEN DIAMONDS FIVE,0.7026,0.0346,0.2628
DIAMONDS JACK DIAMONDS FIVE,0.6244,0.0058,0.3698
DIAMONDS NINE HEARTS QUEEN,0.6454,0.0066,0.348
DIAMONDS NINE HEARTS KING,0.6552,0.114,0.2308
HEARTS ACE DIAMONDS NINE,0.4236,0.0032,0.5732
DIAMONDS NINE HEARTS TEN,0.7104,0.03,0.2596
DIAMONDS NINE HEARTS JACK,0.6344,0.007,0.3586
CLUBS KING DIAMONDS SIX,0.6516,0.124,0.2244
CLUBS QUEEN DIAMONDS SIX,0.661,0.0086,0.3304
CLUBS ACE DIAMONDS SIX,0.4324,0.0044,0.5632
SPADES KING DIAMONDS FOUR,0.642,0.116,0.242
SPADES ACE SPADES SEVEN,0.3924,0.0036,0.604
SPADES QUEEN DIAMONDS FOUR,0.6526,0.008,0.3394
SPADES QUEEN SPADES SEVEN,0.6052,0.0056,0.3892
CLUBS JACK DIAMONDS SIX,0.6642,0.0066,0.3292
SPADES KING SPADES SEVEN,0.6034,0.1112,0.2854
SPADES ACE DIAMONDS FOUR,0.4278,0.0058,0.5664
CLUBS NINE CLUBS FOUR,0.6394,0.0086,0.352
CLUBS EIGHT CLUBS FOUR,0.6322,0.0068,0.361
SPADES JACK DIAMONDS FOUR,0.6676,0.0072,0.3252
SPADES TEN DIAMONDS FOUR,0.741,0.0382,0.2208
CLUBS FIVE CLUBS FOUR,0.6042,0.0068,0.389
CLUBS SEVEN CLUBS FOUR,0.6182,0.0076,0.3742
CLUBS SIX CLUBS FOUR,0.611,0.0082,0.3808
CLUBS SEVEN SPADES EIGHT,0.6294,0.0074,0.3632
CLUBS SEVEN SPADES NINE,0.6278,0.0076,0.3646
CLUBS SEVEN SPADES SIX,0.6236,0.006,0.3704
CLUBS SEVEN SPADES SEVEN,0.4646,0.0072,0.5282
CLUBS SEVEN SPADES FIVE,0.635,0.0072,0.3578
CLUBS SEVEN SPADES FOUR,0.6524,0.0074,0.3402
CLUBS SEVEN SPADES THREE,0.6634,0.0058,0.3308
CLUBS SEVEN SPADES TWO,0.66,0.0082,0.3318
CLUBS NINE CLUBS SEVEN,0.6104,0.0052,0.3844
CLUBS SEVEN CLUBS EIGHT,0.5986,0.0072,0.3942
HEARTS SIX DIAMONDS FIVE,0.6228,0.0084,0.3688
HEARTS SEVEN DIAMONDS FIVE,0.6346,0.0082,0.3572
DIAMONDS FIVE HEARTS EIGHT,0.6392,0.0094,0.3514
DIAMONDS FIVE HEARTS NINE,0.6712,0.0054,0.3234
DIAMONDS QUEEN DIAMONDS FIVE,0.6244,0.009,0.3666
HEARTS TWO DIAMONDS FIVE,0.648,0.011,0.341
HEARTS KING HEARTS EIGHT,0.6162,0.109,0.2748
HEARTS THREE DIAMONDS FIVE,0.6398,0.0092,0.351
HEARTS QUEEN HEARTS EIGHT,0.6102,0.0078,0.382
DIAMONDS ACE DIAMONDS FIVE,0.4018,0.0042,0.594
HEARTS FOUR DIAMONDS FIVE,0.6364,0.0078,0.3558
HEARTS FIVE DIAMONDS FIVE,0.4728,0.0098,0.5174
HEARTS ACE HEARTS EIGHT,0.4038,0.0026,0.5936
CLUBS FOUR DIAMONDS FIVE,0.6198,0.008,0.3722
CLUBS FIVE DIAMONDS FIVE,0.4936,0.01,0.4964
CLUBS SIX DIAMONDS FIVE,0.6332,0.0084,0.3584
CLUBS SEVEN DIAMONDS FIVE,0.642,0.0078,0.3502
CLUBS TWO DIAMONDS FIVE,0.6534,0.008,0.3386
CLUBS THREE DIAMONDS FIVE,0.636,0.0074,0.3566
SPADES THREE DIAMONDS FIVE,0.6384,0.006,0.3556
SPADES TWO DIAMONDS FIVE,0.6564,0.009,0.3346
SPADES JACK DIAMONDS EIGHT,0.6534,0.0062,0.3404
SPADES FIVE DIAMONDS FIVE,0.4808,0.0112,0.508
SPADES TEN DIAMONDS EIGHT,0.7182,0.0326,0.2492
SPADES FOUR DIAMONDS FIVE,0.6286,0.009,0.3624
CLUBS JACK HEARTS JACK,0.3046,0.0058,0.6896
HEARTS JACK CLUBS QUEEN,0.5956,0.006,0.3984
CLUBS NINE DIAMONDS FIVE,0.6758,0.007,0.3172
HEARTS JACK CLUBS KING,0.2334,0.0838,0.6828
CLUBS EIGHT DIAMONDS FIVE,0.6552,0.0072,0.3376
CLUBS ACE HEARTS JACK,0.3706,0.004,0.6254
SPADES SEVEN DIAMONDS FIVE,0.633,0.0072,0.3598
SPADES KING DIAMONDS EIGHT,0.6512,0.1186,0.2302
SPADES QUEEN DIAMONDS EIGHT,0.6354,0.005,0.3596
SPADES SIX DIAMONDS FIVE,0.6148,0.0056,0.3796
SPADES NINE DIAMONDS FIVE,0.6782,0.0056,0.3162
SPADES EIGHT DIAMONDS FIVE,0.6564,0.0076,0.336
SPADES ACE DIAMONDS EIGHT,0.428,0.0038,0.5682
DIAMONDS TEN DIAMONDS SIX,0.6874,0.0358,0.2768
HEARTS ACE DIAMONDS SEVEN,0.417,0.0046,0.5784
DIAMONDS JACK DIAMONDS SIX,0.6302,0.0086,0.3612
HEARTS QUEEN DIAMONDS SEVEN,0.6694,0.0062,0.3244
HEARTS KING DIAMONDS SEVEN,0.6472,0.114,0.2388
DIAMONDS ACE DIAMONDS SIX,0.4116,0.0056,0.5828
HEARTS FOUR DIAMONDS SIX,0.6402,0.0078,0.352
SPADES TWO HEARTS JACK,0.6452,0.0068,0.348
HEARTS FIVE DIAMONDS SIX,0.6338,0.0074,0.3588
SPADES TWO HEARTS TEN,0.7406,0.0358,0.2236
DIAMONDS QUEEN DIAMONDS SIX,0.6218,0.0066,0.3716
HEARTS TWO DIAMONDS SIX,0.6736,0.007,0.3194
HEARTS THREE DIAMONDS SIX,0.6492,0.0072,0.3436
HEARTS EIGHT DIAMONDS SIX,0.646,0.0078,0.3462
HEARTS NINE DIAMONDS SIX,0.657,0.0072,0.3358
HEARTS SIX DIAMONDS SIX,0.4686,0.01,0.5214
HEARTS SEVEN DIAMONDS SIX,0.6334,0.0052,0.3614
HEARTS TEN DIAMONDS SEVEN,0.7086,0.0328,0.2586
CLUBS TWO DIAMONDS SIX,0.6742,0.0072,0.3186
HEARTS JACK DIAMONDS SEVEN,0.6556,0.0036,0.3408
CLUBS THREE DIAMONDS SIX,0.6648,0.0084,0.3268
CLUBS SEVEN DIAMONDS SIX,0.6302,0.0056,0.3642
CLUBS JACK DIAMONDS EIGHT,0.6466,0.0082,0.3452
CLUBS SIX DIAMONDS SIX,0.4932,0.0096,0.4972
CLUBS FIVE DIAMONDS SIX,0.634,0.0066,0.3594
CLUBS FOUR DIAMONDS SIX,0.6548,0.0082,0.337
HEARTS ACE HEARTS JACK,0.346,0.0046,0.6494
DIAMONDS EIGHT CLUBS ACE,0.441,0.0058,0.5532
HEARTS QUEEN HEARTS JACK,0.5452,0.0062,0.4486
DIAMONDS EIGHT CLUBS KING,0.6564,0.1156,0.228
CLUBS NINE DIAMONDS SIX,0.667,0.0058,0.3272
HEARTS KING HEARTS JACK,0.2296,0.0816,0.6888
DIAMONDS EIGHT CLUBS QUEEN,0.6576,0.0068,0.3356
CLUBS EIGHT DIAMONDS SIX,0.6392,0.009,0.3518
SPADES TEN HEARTS KING,0.0222,0.9582,0.0196
SPADES FIVE DIAMONDS SIX,0.632,0.0084,0.3596
HEARTS ACE SPADES TWO,0.4254,0.005,0.5696
SPADES JACK HEARTS KING,0.2376,0.0916,0.6708
SPADES FOUR DIAMONDS SIX,0.637,0.006,0.357
SPADES THREE DIAMONDS SIX,0.6486,0.0076,0.3438
HEARTS QUEEN SPADES TWO,0.652,0.0066,0.3414
SPADES ACE SPADES KING,0.2398,0.0096,0.7506
HEARTS KING SPADES TWO,0.6576,0.1188,0.2236
SPADES TWO DIAMONDS SIX,0.6594,0.0076,0.333
HEARTS TEN HEARTS EIGHT,0.6604,0.0334,0.3062
SPADES NINE DIAMONDS SIX,0.6588,0.0078,0.3334
HEARTS JACK HEARTS EIGHT,0.5994,0.0062,0.3944
SPADES EIGHT DIAMONDS SIX,0.631,0.0082,0.3608
SPADES SEVEN DIAMONDS SIX,0.6266,0.0078,0.3656
SPADES SIX DIAMONDS SIX,0.4564,0.0108,0.5328
SPADES KING HEARTS KING,0.1104,0.0124,0.8772
SPADES QUEEN HEARTS KING,0.2492,0.061,0.6898
CLUBS ACE CLUBS KING,0.2438,0.012,0.7442
SPADES ACE HEARTS KING,0.2568,0.0112,0.732
SPADES ACE HEARTS JACK,0.3838,0.0022,0.614
SPADES QUEEN HEARTS JACK,0.5878,0.0062,0.406
SPADES KING HEARTS JACK,0.2486,0.0842,0.6672
SPADES TEN DIAMONDS TEN,0.3112,0.0232,0.6656
SPADES JACK DIAMONDS TEN,0.7192,0.0278,0.253
SPADES ACE DIAMONDS TEN,0.2556,0.0236,0.7208
SPADES JACK HEARTS JACK,0.3082,0.0056,0.6862
SPADES TEN HEARTS JACK,0.705,0.026,0.269
SPADES QUEEN DIAMONDS TEN,0.7268,0.0298,0.2434
SPADES KING DIAMONDS TEN,0.0192,0.9704,0.0104
SPADES NINE DIAMONDS SEVEN,0.629,0.0082,0.3628
SPADES EIGHT DIAMONDS SEVEN,0.633,0.0062,0.3608
SPADES SEVEN DIAMONDS SEVEN,0.4736,0.009,0.5174
SPADES SIX DIAMONDS SEVEN,0.6212,0.007,0.3718
HEARTS THREE DIAMONDS SEVEN,0.653,0.0068,0.3402
HEARTS KING DIAMONDS FIVE,0.6508,0.1092,0.24
DIAMONDS QUEEN DIAMONDS SEVEN,0.6262,0.006,0.3678
HEARTS TWO DIAMONDS SEVEN,0.6752,0.0088,0.316
HEARTS QUEEN DIAMONDS FIVE,0.6524,0.0074,0.3402
HEARTS FIVE DIAMONDS SEVEN,0.629,0.0056,0.3654
DIAMONDS ACE DIAMONDS SEVEN,0.3972,0.0026,0.6002
HEARTS FOUR DIAMONDS SEVEN,0.6496,0.0062,0.3442
HEARTS ACE DIAMONDS FIVE,0.4226,0.0044,0.573
HEARTS SEVEN DIAMONDS SEVEN,0.4728,0.0086,0.5186
HEARTS SIX DIAMONDS SEVEN,0.6228,0.0078,0.3694
DIAMONDS SEVEN HEARTS NINE,0.644,0.0084,0.3476
HEARTS EIGHT DIAMONDS SEVEN,0.6288,0.0058,0.3654
DIAMONDS JACK DIAMONDS SEVEN,0.6282,0.0062,0.3656
DIAMONDS FIVE HEARTS JACK,0.6478,0.0074,0.3448
DIAMONDS TEN DIAMONDS SEVEN,0.6892,0.034,0.2768
HEARTS TEN DIAMONDS FIVE,0.7288,0.0376,0.2336
SPADES KING CLUBS TWO,0.661,0.1168,0.2222
HEARTS KING CLUBS KING,0.1016,0.0106,0.8878
CLUBS EIGHT DIAMONDS SEVEN,0.6386,0.0066,0.3548
SPADES QUEEN CLUBS TWO,0.6582,0.0076,0.3342
HEARTS KING CLUBS QUEEN,0.2308,0.0664,0.7028
CLUBS NINE DIAMONDS SEVEN,0.6402,0.0088,0.351
CLUBS JACK SPADES TWO,0.652,0.0066,0.3414
SPADES ACE CLUBS TWO,0.4254,0.0046,0.57
HEARTS KING CLUBS ACE,0.244,0.0096,0.7464
CLUBS SEVEN CLUBS SIX,0.5868,0.0064,0.4068
SPADES TWO CLUBS KING,0.6468,0.1166,0.2366
SPADES TWO DIAMONDS SEVEN,0.6868,0.0074,0.3058
CLUBS EIGHT CLUBS SIX,0.6114,0.0086,0.38
SPADES THREE DIAMONDS SEVEN,0.6632,0.0084,0.3284
SPADES TWO CLUBS QUEEN,0.6586,0.0086,0.3328
CLUBS NINE CLUBS SIX,0.6422,0.008,0.3498
SPADES FOUR DIAMONDS SEVEN,0.644,0.0062,0.3498
CLUBS JACK HEARTS KING,0.2378,0.0884,0.6738
SPADES FIVE DIAMONDS SEVEN,0.6326,0.0062,0.3612
SPADES TWO CLUBS ACE,0.426,0.0038,0.5702
CLUBS SIX SPADES TWO,0.6582,0.0064,0.3354
CLUBS SIX SPADES THREE,0.6428,0.0064,0.3508
CLUBS TWO DIAMONDS SEVEN,0.68,0.0078,0.3122
CLUBS SIX SPADES FOUR,0.6418,0.006,0.3522
CLUBS THREE DIAMONDS SEVEN,0.678,0.0088,0.3132
CLUBS SIX SPADES FIVE,0.6368,0.0058,0.3574
CLUBS FOUR DIAMONDS SEVEN,0.6578,0.0056,0.3366
CLUBS SIX SPADES SIX,0.4706,0.0086,0.5208
CLUBS FIVE DIAMONDS SEVEN,0.6346,0.007,0.3584
CLUBS SIX SPADES SEVEN,0.6348,0.006,0.3592
CLUBS SIX DIAMONDS SEVEN,0.6304,0.0058,0.3638
CLUBS SIX SPADES EIGHT,0.6512,0.0074,0.3414
SPADES JACK CLUBS TWO,0.6614,0.007,0.3316
CLUBS SEVEN DIAMONDS SEVEN,0.4644,0.011,0.5246
SPADES NINE CLUBS SIX,0.647,0.0074,0.3456
SPADES TEN CLUBS TWO,0.7492,0.0408,0.21
CLUBS TWO CLUBS QUEEN,0.628,0.0092,0.3628
CLUBS TWO CLUBS KING,0.6356,0.1102,0.2542
CLUBS THREE DIAMONDS EIGHT,0.6824,0.0094,0.3082
CLUBS TWO CLUBS ACE,0.4034,0.0056,0.591
CLUBS TWO DIAMONDS EIGHT,0.6946,0.0072,0.2982
HEARTS SEVEN DIAMONDS EIGHT,0.6368,0.0068,0.3564
HEARTS SIX DIAMONDS EIGHT,0.6358,0.004,0.3602
DIAMONDS EIGHT HEARTS NINE,0.6448,0.0086,0.3466
DIAMONDS EIGHT HEARTS EIGHT,0.4554,0.0072,0.5374
CLUBS JACK CLUBS TWO,0.6322,0.0076,0.3602
CLUBS NINE DIAMONDS EIGHT,0.6464,0.0074,0.3462
CLUBS EIGHT DIAMONDS EIGHT,0.4688,0.0086,0.5226
CLUBS FIVE DIAMONDS EIGHT,0.6464,0.0074,0.3462
SPADES ACE SPADES THREE,0.4012,0.0028,0.596
CLUBS FOUR DIAMONDS EIGHT,0.659,0.0082,0.3328
CLUBS SEVEN DIAMONDS EIGHT,0.6288,0.0094,0.3618
SPADES QUEEN SPADES THREE,0.61,0.007,0.383
CLUBS SIX DIAMONDS EIGHT,0.6406,0.0072,0.3522
SPADES KING SPADES THREE,0.611,0.1116,0.2774
DIAMONDS QUEEN DIAMONDS EIGHT,0.629,0.0088,0.3622
HEARTS TWO DIAMONDS EIGHT,0.6754,0.0094,0.3152
HEARTS THREE DIAMONDS EIGHT,0.6796,0.0088,0.3116
DIAMONDS ACE DIAMONDS EIGHT,0.4018,0.0048,0.5934
HEARTS FOUR DIAMONDS EIGHT,0.6718,0.0078,0.3204
HEARTS FIVE DIAMONDS EIGHT,0.6512,0.0084,0.3404
DIAMONDS EIGHT DIAMONDS TEN,0.6888,0.0356,0.2756
DIAMONDS EIGHT DIAMONDS JACK,0.6064,0.0082,0.3854
SPADES JACK SPADES THREE,0.6042,0.007,0.3888
SPADES TEN SPADES THREE,0.6906,0.035,0.2744
CLUBS FOUR HEARTS ACE,0.4208,0.0058,0.5734
CLUBS FOUR HEARTS QUEEN,0.656,0.006,0.338
CLUBS FOUR HEARTS KING,0.6484,0.1152,0.2364
CLUBS SIX HEARTS TEN,0.7228,0.035,0.2422
CLUBS SIX HEARTS JACK,0.6634,0.0076,0.329
DIAMONDS EIGHT SPADES FOUR,0.6694,0.005,0.3256
SPADES FIVE DIAMONDS EIGHT,0.65,0.0062,0.3438
DIAMONDS EIGHT SPADES TWO,0.677,0.0096,0.3134
DIAMONDS EIGHT SPADES THREE,0.6726,0.0068,0.3206
CLUBS FOUR HEARTS JACK,0.6602,0.0074,0.3324
SPADES EIGHT DIAMONDS EIGHT,0.4654,0.0084,0.5262
SPADES TEN DIAMONDS QUEEN,0.7294,0.0234,0.2472
SPADES TEN HEARTS TWO,0.7396,0.0332,0.2272
SPADES JACK HEARTS EIGHT,0.633,0.0048,0.3622
CLUBS FOUR HEARTS TEN,0.7398,0.0364,0.2238
SPADES NINE DIAMONDS EIGHT,0.6226,0.0072,0.3702
SPADES TEN HEARTS EIGHT,0.717,0.032,0.251
SPADES JACK HEARTS TWO,0.658,0.007,0.335
SPADES JACK DIAMONDS QUEEN,0.595,0.006,0.399
SPADES SIX DIAMONDS EIGHT,0.634,0.006,0.36
SPADES SEVEN DIAMONDS EIGHT,0.635,0.0048,0.3602
SPADES ACE HEARTS TWO,0.4282,0.0028,0.569
SPADES ACE DIAMONDS QUEEN,0.3728,0.003,0.6242
SPADES ACE HEARTS EIGHT,0.4246,0.0036,0.5718
SPADES KING HEARTS EIGHT,0.6496,0.1188,0.2316
SPADES QUEEN HEARTS TWO,0.6638,0.0058,0.3304
SPADES QUEEN DIAMONDS QUEEN,0.2976,0.0042,0.6982
SPADES KING DIAMONDS QUEEN,0.248,0.0604,0.6916
SPADES KING HEARTS TWO,0.6486,0.1182,0.2332
SPADES QUEEN HEARTS EIGHT,0.6504,0.0074,0.3422
CLUBS TWO HEARTS TEN,0.7422,0.0334,0.2244
CLUBS TWO HEARTS JACK,0.6656,0.0078,0.3266
SPADES SEVEN DIAMONDS NINE,0.6462,0.0074,0.3464
SPADES SIX DIAMONDS NINE,0.6452,0.0072,0.3476
SPADES NINE DIAMONDS NINE,0.4416,0.0082,0.5502
SPADES EIGHT DIAMONDS NINE,0.6278,0.0066,0.3656
SPADES TEN CLUBS KING,0.0114,0.9726,0.016
DIAMONDS NINE SPADES THREE,0.6766,0.008,0.3154
SPADES JACK CLUBS KING,0.2292,0.0948,0.676
DIAMONDS NINE SPADES TWO,0.6884,0.0072,0.3044
DIAMONDS NINE SPADES FIVE,0.6758,0.0062,0.318
DIAMONDS NINE SPADES FOUR,0.6822,0.0064,0.3114
CLUBS NINE DIAMONDS NINE,0.4482,0.0104,0.5414
CLUBS EIGHT DIAMONDS NINE,0.6372,0.0072,0.3556
CLUBS SIX DIAMONDS NINE,0.6482,0.0068,0.345
SPADES JACK CLUBS FOUR,0.6436,0.0064,0.35
CLUBS SEVEN DIAMONDS NINE,0.6612,0.0074,0.3314
SPADES TEN CLUBS FOUR,0.7338,0.0356,0.2306
CLUBS FOUR DIAMONDS NINE,0.6822,0.0072,0.3106
CLUBS FIVE DIAMONDS NINE,0.6688,0.0076,0.3236
DIAMONDS NINE CLUBS TWO,0.6938,0.0102,0.296
CLUBS THREE DIAMONDS NINE,0.6832,0.0066,0.3102
DIAMONDS NINE HEARTS EIGHT,0.6362,0.0078,0.356
DIAMONDS NINE HEARTS NINE,0.4516,0.0088,0.5396
HEARTS SIX DIAMONDS NINE,0.6604,0.0072,0.3324
HEARTS SEVEN DIAMONDS NINE,0.6336,0.0076,0.3588
CLUBS NINE CLUBS EIGHT,0.6052,0.0068,0.388
DIAMONDS ACE DIAMONDS NINE,0.395,0.0042,0.6008
HEARTS FOUR DIAMONDS NINE,0.6812,0.0076,0.3112
HEARTS FIVE DIAMONDS NINE,0.6768,0.0072,0.316
HEARTS ACE CLUBS TWO,0.4272,0.0046,0.5682
SPADES ACE CLUBS FOUR,0.4324,0.0048,0.5628
DIAMONDS QUEEN DIAMONDS NINE,0.6098,0.0088,0.3814
HEARTS TWO DIAMONDS NINE,0.6868,0.0062,0.307
CLUBS TWO HEARTS KING,0.652,0.1208,0.2272
SPADES KING CLUBS FOUR,0.6552,0.112,0.2328
HEARTS THREE DIAMONDS NINE,0.6744,0.0068,0.3188
CLUBS TWO HEARTS QUEEN,0.669,0.0066,0.3244
SPADES QUEEN CLUBS FOUR,0.6532,0.0062,0.3406
DIAMONDS NINE DIAMONDS JACK,0.5956,0.006,0.3984
CLUBS EIGHT SPADES NINE,0.6304,0.006,0.3636
DIAMONDS NINE DIAMONDS TEN,0.6638,0.0356,0.3006
CLUBS EIGHT SPADES EIGHT,0.4616,0.0078,0.5306
CLUBS EIGHT SPADES SEVEN,0.6274,0.0084,0.3642
CLUBS EIGHT SPADES SIX,0.6272,0.0076,0.3652
CLUBS EIGHT SPADES FIVE,0.648,0.0078,0.3442
CLUBS EIGHT SPADES FOUR,0.6476,0.0074,0.345
CLUBS EIGHT SPADES THREE,0.6836,0.0094,0.307
CLUBS EIGHT SPADES TWO,0.6838,0.007,0.3092
HEARTS SIX DIAMONDS TEN,0.7188,0.0374,0.2438
HEARTS SEVEN DIAMONDS TEN,0.7194,0.0366,0.244
DIAMONDS TEN HEARTS EIGHT,0.7234,0.0308,0.2458
CLUBS JACK CLUBS FOUR,0.6192,0.0082,0.3726
DIAMONDS TEN HEARTS NINE,0.696,0.0314,0.2726
CLUBS FOUR CLUBS KING,0.6142,0.1102,0.2756
CLUBS FOUR CLUBS QUEEN,0.6246,0.0054,0.37
CLUBS TWO DIAMONDS TEN,0.7538,0.0426,0.2036
CLUBS THREE DIAMONDS TEN,0.7424,0.0344,0.2232
CLUBS FOUR CLUBS ACE,0.3884,0.0068,0.6048
DIAMONDS JACK DIAMONDS TEN,0.6742,0.0296,0.2962
DIAMONDS QUEEN DIAMONDS TEN,0.6894,0.0282,0.2824
HEARTS TWO DIAMONDS TEN,0.7484,0.0354,0.2162
HEARTS THREE DIAMONDS TEN,0.7464,0.0336,0.22
DIAMONDS ACE DIAMONDS TEN,0.2416,0.0214,0.737
HEARTS FOUR DIAMONDS TEN,0.736,0.0392,0.2248
CLUBS EIGHT HEARTS JACK,0.6446,0.0058,0.3496
HEARTS FIVE DIAMONDS TEN,0.7404,0.037,0.2226
CLUBS EIGHT HEARTS TEN,0.7152,0.0308,0.254
CLUBS EIGHT HEARTS QUEEN,0.6446,0.0082,0.3472
CLUBS EIGHT HEARTS KING,0.6558,0.1114,0.2328
CLUBS EIGHT HEARTS ACE,0.4174,0.0034,0.5792
CLUBS NINE SPADES THREE,0.6842,0.0102,0.3056
CLUBS NINE SPADES TWO,0.6836,0.009,0.3074
CLUBS NINE SPADES FIVE,0.6662,0.0064,0.3274
CLUBS NINE SPADES FOUR,0.6778,0.0092,0.313
CLUBS NINE SPADES SEVEN,0.6524,0.0074,0.3402
CLUBS NINE SPADES SIX,0.6604,0.0082,0.3314
CLUBS NINE SPADES NINE,0.4528,0.0048,0.5424
CLUBS NINE SPADES EIGHT,0.641,0.0054,0.3536
CLUBS JACK HEARTS EIGHT,0.6286,0.0044,0.367
HEARTS EIGHT CLUBS QUEEN,0.6442,0.008,0.3478
CLUBS KING HEARTS EIGHT,0.659,0.1178,0.2232
CLUBS ACE HEARTS EIGHT,0.4156,0.004,0.5804
SPADES KING CLUBS KING,0.1116,0.0114,0.877
SPADES QUEEN CLUBS KING,0.2334,0.0568,0.7098
SPADES ACE CLUBS KING,0.2446,0.0112,0.7442
DIAMONDS ACE HEARTS TEN,0.248,0.0214,0.7306
HEARTS FOUR HEARTS TEN,0.6808,0.0378,0.2814
DIAMONDS ACE HEARTS JACK,0.3686,0.0052,0.6262
HEARTS FOUR HEARTS JACK,0.6012,0.006,0.3928
SPADES KING CLUBS FIVE,0.647,0.1212,0.2318
SPADES QUEEN CLUBS FIVE,0.6604,0.0054,0.3342
SPADES ACE CLUBS FIVE,0.4308,0.0046,0.5646
HEARTS SEVEN DIAMONDS JACK,0.6458,0.0052,0.349
HEARTS SIX DIAMONDS JACK,0.6628,0.0044,0.3328
DIAMONDS JACK HEARTS NINE,0.6286,0.007,0.3644
DIAMONDS JACK HEARTS EIGHT,0.628,0.0054,0.3666
HEARTS THREE DIAMONDS JACK,0.6686,0.0076,0.3238
SPADES ACE SPADES SIX,0.3968,0.0048,0.5984
HEARTS ACE SPADES FOUR,0.4348,0.004,0.5612
DIAMONDS QUEEN DIAMONDS JACK,0.554,0.0064,0.4396
HEARTS TWO DIAMONDS JACK,0.6542,0.0078,0.338
HEARTS FIVE DIAMONDS JACK,0.656,0.007,0.337
SPADES QUEEN SPADES SIX,0.6138,0.0074,0.3788
SPADES FOUR HEARTS QUEEN,0.6558,0.0066,0.3376
DIAMONDS ACE DIAMONDS JACK,0.3522,0.0052,0.6426
HEARTS FOUR DIAMONDS JACK,0.647,0.0056,0.3474
SPADES KING SPADES SIX,0.6026,0.108,0.2894
SPADES FOUR HEARTS KING,0.649,0.1138,0.2372
SPADES TEN SPADES SIX,0.6818,0.0356,0.2826
SPADES JACK SPADES SIX,0.6076,0.0064,0.386
SPADES FOUR DIAMONDS JACK,0.6628,0.0068,0.3304
SPADES FIVE DIAMONDS JACK,0.6546,0.0064,0.339
DIAMONDS JACK SPADES TWO,0.6664,0.0066,0.327
DIAMONDS JACK SPADES THREE,0.6628,0.0078,0.3294
SPADES ACE DIAMONDS THREE,0.43,0.0056,0.5644
SPADES QUEEN DIAMONDS THREE,0.658,0.007,0.335
CLUBS EIGHT DIAMONDS JACK,0.6418,0.009,0.3492
SPADES KING DIAMONDS THREE,0.6512,0.1158,0.233
CLUBS NINE DIAMONDS JACK,0.6296,0.0104,0.36
CLUBS SIX DIAMONDS JACK,0.6652,0.0078,0.327
CLUBS SEVEN DIAMONDS JACK,0.6584,0.0086,0.333
CLUBS FOUR DIAMONDS JACK,0.6582,0.01,0.3318
CLUBS FIVE DIAMONDS JACK,0.6604,0.0094,0.3302
CLUBS TWO DIAMONDS JACK,0.6628,0.0082,0.329
CLUBS THREE DIAMONDS JACK,0.6726,0.0064,0.321
SPADES TEN CLUBS FIVE,0.7388,0.0348,0.2264
SPADES JACK HEARTS SIX,0.6558,0.0052,0.339
HEARTS SIX SPADES TEN,0.7272,0.034,0.2388
SPADES JACK CLUBS FIVE,0.6562,0.0078,0.336
SPADES JACK DIAMONDS THREE,0.6612,0.0058,0.333
CLUBS SEVEN CLUBS ACE,0.4036,0.0044,0.592
DIAMONDS THREE SPADES TEN,0.748,0.0338,0.2182
CLUBS SEVEN CLUBS QUEEN,0.637,0.0078,0.3552
CLUBS SEVEN CLUBS KING,0.6242,0.1136,0.2622
SPADES NINE DIAMONDS JACK,0.6344,0.0072,0.3584
DIAMONDS ACE HEARTS ACE,0.145,0.005,0.85
HEARTS FOUR HEARTS ACE,0.4098,0.004,0.5862
SPADES EIGHT DIAMONDS JACK,0.6434,0.0084,0.3482
SPADES ACE HEARTS SIX,0.418,0.0048,0.5772
CLUBS JACK CLUBS SEVEN,0.6128,0.0064,0.3808
DIAMONDS ACE HEARTS KING,0.2578,0.0142,0.728
HEARTS FOUR HEARTS KING,0.6002,0.1146,0.2852
SPADES SEVEN DIAMONDS JACK,0.6382,0.0074,0.3544
SPADES KING HEARTS SIX,0.6488,0.1178,0.2334
DIAMONDS ACE HEARTS QUEEN,0.3684,0.0038,0.6278
HEARTS FOUR HEARTS QUEEN,0.6052,0.006,0.3888
SPADES QUEEN HEARTS SIX,0.6534,0.0052,0.3414
SPADES SIX DIAMONDS JACK,0.6476,0.006,0.3464
DIAMONDS TEN SPADES TWO,0.738,0.04,0.222
SPADES THREE DIAMONDS TEN,0.7392,0.039,0.2218
SPADES FOUR DIAMONDS TEN,0.741,0.0354,0.2236
SPADES FIVE DIAMONDS TEN,0.7344,0.0398,0.2258
SPADES SIX DIAMONDS TEN,0.72,0.036,0.244
SPADES SEVEN DIAMONDS TEN,0.712,0.0334,0.2546
SPADES EIGHT DIAMONDS TEN,0.7216,0.033,0.2454
SPADES NINE DIAMONDS TEN,0.7074,0.0358,0.2568
CLUBS FOUR DIAMONDS TEN,0.74,0.0354,0.2246
CLUBS FIVE DIAMONDS TEN,0.7514,0.0298,0.2188
CLUBS SIX DIAMONDS TEN,0.7228,0.0382,0.239
CLUBS SEVEN DIAMONDS TEN,0.7132,0.0402,0.2466
CLUBS EIGHT DIAMONDS TEN,0.7326,0.0304,0.237
CLUBS NINE DIAMONDS TEN,0.7088,0.0332,0.258
CLUBS JACK DIAMONDS THREE,0.656,0.0066,0.3374
DIAMONDS THREE CLUBS KING,0.6604,0.12,0.2196
DIAMONDS THREE CLUBS QUEEN,0.6582,0.0068,0.335
DIAMONDS THREE CLUBS ACE,0.427,0.0042,0.5688
SPADES FOUR HEARTS JACK,0.652,0.006,0.342
SPADES FOUR HEARTS TEN,0.7432,0.035,0.2218
SPADES FIVE SPADES TWO,0.6112,0.0046,0.3842
SPADES FOUR SPADES TWO,0.606,0.0072,0.3868
SPADES THREE SPADES TWO,0.6038,0.0066,0.3896
SPADES NINE SPADES TWO,0.6326,0.0066,0.3608
SPADES EIGHT SPADES TWO,0.6386,0.0076,0.3538
SPADES SEVEN SPADES TWO,0.63,0.0066,0.3634
SPADES SIX SPADES TWO,0.6182,0.0068,0.375
DIAMONDS QUEEN CLUBS THREE,0.6644,0.0084,0.3272
CLUBS THREE HEARTS TWO,0.647,0.0092,0.3438
DIAMONDS QUEEN CLUBS TWO,0.676,0.0068,0.3172
HEARTS TWO CLUBS TWO,0.489,0.013,0.498
HEARTS SEVEN DIAMONDS QUEEN,0.6524,0.007,0.3406
HEARTS SEVEN HEARTS TWO,0.6242,0.0064,0.3694
HEARTS SIX DIAMONDS QUEEN,0.6594,0.0062,0.3344
HEARTS SIX HEARTS TWO,0.6172,0.0072,0.3756
DIAMONDS QUEEN HEARTS NINE,0.6508,0.009,0.3402
HEARTS TWO HEARTS NINE,0.6308,0.006,0.3632
DIAMONDS QUEEN HEARTS EIGHT,0.6544,0.005,0.3406
HEARTS TWO HEARTS EIGHT,0.6326,0.0082,0.3592
CLUBS NINE HEARTS TWO,0.6812,0.0082,0.3106
CLUBS NINE DIAMONDS QUEEN,0.6448,0.0062,0.349
CLUBS EIGHT HEARTS TWO,0.6728,0.0076,0.3196
CLUBS EIGHT DIAMONDS QUEEN,0.6588,0.0072,0.334
CLUBS FIVE DIAMONDS QUEEN,0.6678,0.0074,0.3248
CLUBS FIVE HEARTS TWO,0.6518,0.009,0.3392
SPADES EIGHT HEARTS ACE,0.4298,0.0036,0.5666
DIAMONDS QUEEN CLUBS FOUR,0.6652,0.0076,0.3272
CLUBS FOUR HEARTS TWO,0.645,0.0088,0.3462
CLUBS SEVEN DIAMONDS QUEEN,0.662,0.0084,0.3296
CLUBS SEVEN HEARTS TWO,0.6686,0.0116,0.3198
SPADES EIGHT HEARTS QUEEN,0.6362,0.0052,0.3586
CLUBS SIX DIAMONDS QUEEN,0.6614,0.0084,0.3302
CLUBS SIX HEARTS TWO,0.6632,0.0082,0.3286
SPADES EIGHT HEARTS KING,0.6448,0.1226,0.2326
HEARTS TWO SPADES SIX,0.6716,0.0066,0.3218
DIAMONDS QUEEN SPADES SIX,0.6552,0.007,0.3378
HEARTS FOUR CLUBS QUEEN,0.6554,0.0054,0.3392
DIAMONDS ACE CLUBS QUEEN,0.3636,0.006,0.6304
DIAMONDS QUEEN SPADES SEVEN,0.6528,0.0072,0.34
SPADES SEVEN HEARTS TWO,0.6752,0.0088,0.316
HEARTS FOUR CLUBS KING,0.6368,0.1162,0.247
DIAMONDS ACE CLUBS KING,0.2442,0.0114,0.7444
DIAMONDS QUEEN SPADES EIGHT,0.6576,0.0074,0.335
SPADES EIGHT HEARTS TWO,0.6716,0.0068,0.3216
HEARTS FOUR CLUBS ACE,0.4174,0.0042,0.5784
DIAMONDS ACE CLUBS ACE,0.1244,0.006,0.8696
SPADES NINE DIAMONDS QUEEN,0.6408,0.0054,0.3538
SPADES NINE HEARTS TWO,0.6678,0.0054,0.3268
HEARTS TWO SPADES TWO,0.4826,0.0096,0.5078
DIAMONDS QUEEN SPADES TWO,0.6596,0.006,0.3344
HEARTS TWO SPADES THREE,0.6586,0.007,0.3344
DIAMONDS QUEEN SPADES THREE,0.6516,0.0078,0.3406
HEARTS TWO SPADES FOUR,0.6486,0.0082,0.3432
DIAMONDS QUEEN SPADES FOUR,0.6538,0.0068,0.3394
HEARTS TWO SPADES FIVE,0.6452,0.0074,0.3474
DIAMONDS QUEEN SPADES FIVE,0.6628,0.0064,0.3308
CLUBS JACK HEARTS FOUR,0.6512,0.0078,0.341
CLUBS JACK DIAMONDS ACE,0.3682,0.0052,0.6266
CLUBS FIVE CLUBS KING,0.6178,0.1132,0.269
CLUBS FIVE CLUBS QUEEN,0.617,0.008,0.375
CLUBS FIVE CLUBS ACE,0.4122,0.0062,0.5816
CLUBS JACK CLUBS FIVE,0.622,0.0074,0.3706
SPADES KING CLUBS JACK,0.2422,0.0846,0.6732
CLUBS JACK SPADES QUEEN,0.5916,0.0066,0.4018
SPADES ACE CLUBS JACK,0.3614,0.0042,0.6344
SPADES SIX CLUBS KING,0.6486,0.1124,0.239
SPADES SIX CLUBS QUEEN,0.6518,0.0058,0.3424
SPADES EIGHT HEARTS JACK,0.6328,0.0058,0.3614
SPADES SIX CLUBS ACE,0.4194,0.0052,0.5754
SPADES EIGHT HEARTS TEN,0.7078,0.0306,0.2616
CLUBS JACK SPADES SIX,0.6526,0.0054,0.342
CLUBS JACK SPADES TEN,0.7132,0.028,0.2588
CLUBS JACK SPADES JACK,0.2926,0.0034,0.704
SPADES QUEEN CLUBS SEVEN,0.6614,0.0058,0.3328
SPADES KING CLUBS SEVEN,0.6556,0.1136,0.2308
SPADES ACE CLUBS SEVEN,0.421,0.0038,0.5752
SPADES SIX HEARTS TEN,0.7114,0.0356,0.253
SPADES SIX HEARTS JACK,0.66,0.0056,0.3344
SPADES SIX HEARTS ACE,0.4146,0.0052,0.5802
SPADES SIX HEARTS KING,0.646,0.1194,0.2346
SPADES SIX HEARTS QUEEN,0.6516,0.0056,0.3428
CLUBS SEVEN SPADES JACK,0.6492,0.0072,0.3436
CLUBS SEVEN SPADES TEN,0.722,0.03,0.248
CLUBS JACK HEARTS SIX,0.6394,0.006,0.3546
CLUBS JACK CLUBS ACE,0.3488,0.0064,0.6448
HEARTS SIX CLUBS QUEEN,0.6484,0.0052,0.3464
HEARTS SIX CLUBS KING,0.6468,0.1156,0.2376
HEARTS SIX CLUBS ACE,0.4242,0.003,0.5728
CLUBS JACK CLUBS QUEEN,0.5698,0.0084,0.4218
CLUBS JACK CLUBS KING,0.2312,0.0814,0.6874
DIAMONDS THREE HEARTS ACE,0.4266,0.0064,0.567
DIAMONDS THREE HEARTS QUEEN,0.6652,0.0084,0.3264
DIAMONDS THREE HEARTS KING,0.6504,0.1176,0.232
CLUBS FIVE HEARTS JACK,0.6656,0.0056,0.3288
SPADES TEN DIAMONDS ACE,0.2338,0.018,0.7482
HEARTS FOUR SPADES TEN,0.7372,0.036,0.2268
CLUBS FIVE HEARTS TEN,0.7446,0.0356,0.2198
HEARTS FOUR SPADES JACK,0.66,0.0042,0.3358
SPADES JACK DIAMONDS ACE,0.3616,0.0036,0.6348
SPADES ACE HEARTS FOUR,0.4126,0.0028,0.5846
SPADES ACE DIAMONDS ACE,0.1414,0.0028,0.8558
CLUBS FIVE HEARTS ACE,0.4384,0.005,0.5566
CLUBS FIVE HEARTS KING,0.6466,0.126,0.2274
HEARTS FOUR SPADES QUEEN,0.6504,0.005,0.3446
SPADES QUEEN DIAMONDS ACE,0.3696,0.0048,0.6256
CLUBS JACK SPADES FOUR,0.6432,0.0062,0.3506
CLUBS FIVE HEARTS QUEEN,0.6516,0.0074,0.341
SPADES KING DIAMONDS ACE,0.2396,0.0092,0.7512
SPADES KING HEARTS FOUR,0.6426,0.1222,0.2352
DIAMONDS ACE DIAMONDS QUEEN,0.3606,0.0036,0.6358
DIAMONDS ACE HEARTS TWO,0.4196,0.0042,0.5762
HEARTS FOUR DIAMONDS QUEEN,0.6744,0.0054,0.3202
HEARTS FOUR HEARTS TWO,0.5986,0.008,0.3934
DIAMONDS THREE HEARTS TEN,0.7452,0.0392,0.2156
SPADES FOUR CLUBS KING,0.6384,0.1146,0.247
HEARTS FIVE DIAMONDS QUEEN,0.6454,0.0054,0.3492
HEARTS FIVE HEARTS TWO,0.6014,0.0066,0.392
DIAMONDS THREE HEARTS JACK,0.6676,0.0058,0.3266
SPADES FOUR CLUBS QUEEN,0.6526,0.0068,0.3406
DIAMONDS QUEEN HEARTS TWO,0.6656,0.0096,0.3248
DIAMONDS QUEEN HEARTS THREE,0.6666,0.0072,0.3262
HEARTS THREE HEARTS TWO,0.6108,0.0086,0.3806
SPADES FOUR CLUBS ACE,0.406,0.0044,0.5896
HEARTS TWO CLUBS ACE,0.421,0.0048,0.5742
DIAMONDS QUEEN CLUBS ACE,0.377,0.0038,0.6192
HEARTS TWO CLUBS QUEEN,0.6558,0.0058,0.3384
DIAMONDS QUEEN CLUBS QUEEN,0.294,0.0054,0.7006
HEARTS TWO CLUBS KING,0.6544,0.1248,0.2208
DIAMONDS QUEEN CLUBS KING,0.2346,0.0642,0.7012
SPADES EIGHT SPADES FIVE,0.62,0.0068,0.3732
SPADES NINE SPADES FIVE,0.6216,0.0062,0.3722
CLUBS JACK HEARTS TWO,0.6612,0.0068,0.332
CLUBS JACK DIAMONDS QUEEN,0.5938,0.007,0.3992
SPADES SIX SPADES FIVE,0.5996,0.0068,0.3936
SPADES SEVEN SPADES FIVE,0.59,0.0064,0.4036
DIAMONDS FIVE CLUBS QUEEN,0.653,0.0092,0.3378
SPADES EIGHT CLUBS ACE,0.4208,0.0032,0.576
DIAMONDS FIVE CLUBS KING,0.6574,0.1062,0.2364
SPADES EIGHT CLUBS KING,0.6538,0.1194,0.2268
DIAMONDS FIVE CLUBS ACE,0.419,0.006,0.575
SPADES EIGHT CLUBS QUEEN,0.6306,0.0072,0.3622
CLUBS JACK SPADES EIGHT,0.6266,0.0062,0.3672
CLUBS JACK DIAMONDS FIVE,0.646,0.0074,0.3466
DIAMONDS TEN HEARTS JACK,0.7006,0.0306,0.2688
DIAMONDS TEN HEARTS TEN,0.3236,0.0234,0.653
SPADES ACE CLUBS NINE,0.4218,0.004,0.5742
CLUBS NINE SPADES QUEEN,0.6456,0.0076,0.3468
CLUBS NINE SPADES KING,0.6634,0.1222,0.2144
HEARTS SIX HEARTS KING,0.6122,0.1084,0.2794
HEARTS THREE SPADES SEVEN,0.6516,0.007,0.3414
SPADES KING DIAMONDS SEVEN,0.642,0.1182,0.2398
HEARTS SIX HEARTS QUEEN,0.6146,0.0054,0.38
SPADES QUEEN DIAMONDS SEVEN,0.656,0.0054,0.3386
HEARTS THREE SPADES SIX,0.6498,0.0068,0.3434
SPADES NINE HEARTS THREE,0.6714,0.0068,0.3218
HEARTS SIX HEARTS ACE,0.3988,0.0036,0.5976
