opposingHand,winningChance,drawChance,lostChance
CLUBS SEVEN HEARTS QUEEN
HEARTS FIVE SPADES TEN,0.6302,0.0114,0.3584
SPADES JACK HEARTS FIVE,0.628,0.0106,0.3614
CLUBS JACK SPADES FIVE,0.6218,0.0108,0.3674
CLUBS TEN SPADES FIVE,0.6364,0.0116,0.352
CLUBS JACK CLUBS EIGHT,0.5448,0.0108,0.4444
CLUBS TEN CLUBS EIGHT,0.5334,0.0114,0.4552
CLUBS EIGHT CLUBS KING,0.3334,0.0068,0.6598
SPADES FIVE CLUBS ACE,0.3854,0.005,0.6096
CLUBS EIGHT CLUBS QUEEN,0.2174,0.2186,0.564
SPADES FIVE CLUBS KING,0.3786,0.0088,0.6126
SPADES FIVE CLUBS QUEEN,0.4584,0.3034,0.2382
CLUBS EIGHT CLUBS ACE,0.3388,0.0044,0.6568
DIAMONDS TWO DIAMONDS THREE,0.6106,0.0114,0.378
DIAMONDS TWO DIAMONDS FIVE,0.598,0.0086,0.3934
SPADES KING HEARTS FIVE,0.3882,0.0072,0.6046
DIAMONDS TWO DIAMONDS FOUR,0.6042,0.0138,0.382
SPADES QUEEN HEARTS FIVE,0.4734,0.3002,0.2264
DIAMONDS TWO DIAMONDS SEVEN,0.6844,0.0446,0.271
DIAMONDS TWO DIAMONDS SIX,0.6178,0.011,0.3712
SPADES ACE HEARTS FIVE,0.3888,0.0046,0.6066
DIAMONDS TWO DIAMONDS NINE,0.5894,0.0134,0.3972
DIAMONDS TWO DIAMONDS EIGHT,0.5928,0.0118,0.3954
DIAMONDS THREE DIAMONDS FOUR,0.5766,0.0102,0.4132
CLUBS TWO SPADES FOUR,0.643,0.0164,0.3406
DIAMONDS THREE DIAMONDS FIVE,0.5788,0.011,0.4102
SPADES FIVE CLUBS TWO,0.6368,0.0104,0.3528
CLUBS TWO SPADES TWO,0.4402,0.0258,0.534
CLUBS TWO SPADES THREE,0.6496,0.0124,0.338
DIAMONDS THREE DIAMONDS EIGHT,0.5938,0.0106,0.3956
SPADES EIGHT CLUBS TWO,0.6392,0.0134,0.3474
DIAMONDS THREE DIAMONDS NINE,0.5918,0.0106,0.3976
SPADES NINE CLUBS TWO,0.6234,0.0134,0.3632
DIAMONDS THREE DIAMONDS SIX,0.6064,0.0118,0.3818
SPADES SIX CLUBS TWO,0.6564,0.0126,0.331
DIAMONDS THREE DIAMONDS SEVEN,0.666,0.049,0.285
SPADES SEVEN CLUBS TWO,0.7196,0.0558,0.2246
CLUBS SIX CLUBS TWO,0.6318,0.0124,0.3558
CLUBS FOUR CLUBS TWO,0.615,0.0172,0.3678
CLUBS FIVE CLUBS TWO,0.6112,0.0178,0.371
CLUBS TEN CLUBS JACK,0.5306,0.008,0.4614
DIAMONDS FOUR DIAMONDS SIX,0.5922,0.0142,0.3936
CLUBS TEN CLUBS QUEEN,0.2248,0.1132,0.662
DIAMONDS FOUR DIAMONDS SEVEN,0.6564,0.045,0.2986
CLUBS TEN CLUBS KING,0.3226,0.0084,0.669
CLUBS TEN CLUBS ACE,0.3204,0.0042,0.6754
CLUBS EIGHT CLUBS TWO,0.6062,0.0112,0.3826
DIAMONDS FIVE DIAMONDS FOUR,0.5724,0.01,0.4176
CLUBS NINE CLUBS TWO,0.588,0.0136,0.3984
DIAMONDS NINE DIAMONDS FOUR,0.588,0.0096,0.4024
DIAMONDS EIGHT DIAMONDS FOUR,0.5798,0.01,0.4102
CLUBS THREE CLUBS TWO,0.6274,0.0158,0.3568
DIAMONDS NINE DIAMONDS FIVE,0.5748,0.0132,0.412
CLUBS JACK DIAMONDS TWO,0.6276,0.014,0.3584
DIAMONDS EIGHT DIAMONDS FIVE,0.561,0.01,0.429
CLUBS TEN DIAMONDS TWO,0.627,0.0102,0.3628
DIAMONDS FIVE DIAMONDS SEVEN,0.6498,0.0414,0.3088
DIAMONDS FIVE DIAMONDS SIX,0.568,0.011,0.421
DIAMONDS TWO CLUBS ACE,0.3956,0.005,0.5994
DIAMONDS TWO CLUBS KING,0.401,0.0102,0.5888
DIAMONDS TWO CLUBS QUEEN,0.465,0.301,0.234
DIAMONDS EIGHT DIAMONDS SIX,0.5682,0.012,0.4198
DIAMONDS NINE DIAMONDS SIX,0.5614,0.0102,0.4284
HEARTS ACE SPADES THREE,0.3802,0.0058,0.614
SPADES THREE HEARTS KING,0.395,0.0098,0.5952
DIAMONDS SEVEN DIAMONDS SIX,0.6302,0.044,0.3258
HEARTS JACK SPADES THREE,0.6274,0.0136,0.359
SPADES THREE HEARTS TEN,0.644,0.0116,0.3444
DIAMONDS EIGHT DIAMONDS SEVEN,0.6134,0.04,0.3466
DIAMONDS NINE DIAMONDS SEVEN,0.6396,0.0398,0.3206
DIAMONDS NINE DIAMONDS EIGHT,0.5194,0.0102,0.4704
DIAMONDS KING HEARTS TEN,0.35,0.0058,0.6442
HEARTS THREE HEARTS TEN,0.6024,0.0122,0.3854
SPADES JACK CLUBS SIX,0.6342,0.0108,0.355
DIAMONDS KING HEARTS JACK,0.3334,0.0056,0.661
HEARTS THREE HEARTS JACK,0.5974,0.0126,0.39
SPADES TEN CLUBS SIX,0.623,0.0102,0.3668
SPADES JACK SPADES FIVE,0.5842,0.01,0.4058
SPADES TEN SPADES FIVE,0.5836,0.0118,0.4046
DIAMONDS KING HEARTS ACE,0.3064,0.0042,0.6894
HEARTS THREE HEARTS ACE,0.3654,0.0032,0.6314
SPADES ACE CLUBS SIX,0.387,0.0022,0.6108
SPADES KING CLUBS SIX,0.3898,0.0066,0.6036
DIAMONDS KING HEARTS KING,0.1216,0.0034,0.875
HEARTS THREE HEARTS KING,0.3844,0.0064,0.6092
SPADES QUEEN CLUBS SIX,0.4776,0.304,0.2184
SPADES NINE HEARTS TEN,0.5568,0.0116,0.4316
SPADES NINE HEARTS JACK,0.5674,0.0102,0.4224
SPADES QUEEN SPADES FIVE,0.423,0.2968,0.2802
SPADES KING SPADES FIVE,0.3764,0.0046,0.619
SPADES ACE SPADES FIVE,0.3602,0.0038,0.636
SPADES NINE HEARTS KING,0.3566,0.0084,0.635
SPADES NINE HEARTS ACE,0.3552,0.0048,0.64
CLUBS TEN SPADES JACK,0.5496,0.0096,0.4408
CLUBS TEN SPADES TEN,0.283,0.0146,0.7024
SPADES ACE CLUBS TEN,0.334,0.0038,0.6622
CLUBS TEN SPADES KING,0.3412,0.0064,0.6524
CLUBS TEN SPADES QUEEN,0.2298,0.1186,0.6516
SPADES FIVE HEARTS KING,0.3874,0.0076,0.605
HEARTS ACE SPADES FIVE,0.3748,0.0042,0.621
CLUBS EIGHT SPADES TEN,0.5718,0.008,0.4202
HEARTS THREE SPADES JACK,0.6252,0.0076,0.3672
SPADES JACK DIAMONDS KING,0.3392,0.0042,0.6566
SPADES TEN DIAMONDS KING,0.3428,0.0068,0.6504
HEARTS THREE SPADES TEN,0.628,0.0124,0.3596
CLUBS EIGHT SPADES JACK,0.5576,0.012,0.4304
CLUBS SIX HEARTS ACE,0.388,0.0046,0.6074
SPADES ACE CLUBS EIGHT,0.3528,0.006,0.6412
CLUBS JACK HEARTS FIVE,0.621,0.014,0.365
CLUBS TEN HEARTS FIVE,0.625,0.0124,0.3626
SPADES QUEEN CLUBS EIGHT,0.2258,0.2166,0.5576
CLUBS TEN SPADES THREE,0.6262,0.0102,0.3636
CLUBS SIX HEARTS KING,0.3876,0.0084,0.604
SPADES KING CLUBS EIGHT,0.356,0.0074,0.6366
CLUBS JACK SPADES THREE,0.623,0.0094,0.3676
DIAMONDS TWO HEARTS JACK,0.628,0.0136,0.3584
SPADES THREE CLUBS QUEEN,0.47,0.3004,0.2296
DIAMONDS TWO HEARTS TEN,0.6398,0.0134,0.3468
SPADES THREE CLUBS KING,0.3912,0.0064,0.6024
HEARTS FIVE CLUBS ACE,0.3944,0.0058,0.5998
SPADES FIVE HEARTS TEN,0.6324,0.0116,0.356
SPADES THREE CLUBS ACE,0.3766,0.0044,0.619
HEARTS FIVE CLUBS KING,0.3858,0.0092,0.605
SPADES FIVE HEARTS JACK,0.6334,0.0122,0.3544
HEARTS FIVE CLUBS QUEEN,0.4694,0.308,0.2226
HEARTS THREE CLUBS KING,0.4074,0.008,0.5846
DIAMONDS KING CLUBS KING,0.131,0.004,0.865
HEARTS THREE CLUBS QUEEN,0.4684,0.3056,0.226
DIAMONDS KING CLUBS QUEEN,0.2314,0.0228,0.7458
HEARTS FIVE HEARTS JACK,0.5992,0.011,0.3898
HEARTS FIVE HEARTS TEN,0.5962,0.0116,0.3922
HEARTS THREE CLUBS ACE,0.3794,0.004,0.6166
DIAMONDS KING CLUBS ACE,0.316,0.0056,0.6784
SPADES ACE CLUBS QUEEN,0.2314,0.0154,0.7532
SPADES KING CLUBS QUEEN,0.2258,0.0298,0.7444
CLUBS JACK HEARTS THREE,0.625,0.0134,0.3616
CLUBS JACK DIAMONDS KING,0.3338,0.0048,0.6614
SPADES QUEEN CLUBS QUEEN,0.078,0.0206,0.9014
CLUBS TEN HEARTS THREE,0.635,0.0138,0.3512
CLUBS TEN DIAMONDS KING,0.3374,0.0064,0.6562
SPADES JACK CLUBS QUEEN,0.2118,0.0852,0.703
CLUBS SIX CLUBS QUEEN,0.463,0.2822,0.2548
SPADES TEN CLUBS QUEEN,0.2202,0.1156,0.6642
CLUBS SIX CLUBS KING,0.3686,0.0076,0.6238
CLUBS SIX CLUBS ACE,0.3642,0.0044,0.6314
HEARTS FIVE HEARTS KING,0.386,0.0078,0.6062
CLUBS TEN CLUBS SIX,0.5874,0.0092,0.4034
HEARTS FIVE HEARTS ACE,0.3834,0.0056,0.611
CLUBS JACK CLUBS SIX,0.5872,0.0114,0.4014
SPADES SEVEN HEARTS JACK,0.7194,0.0452,0.2354
SPADES SEVEN HEARTS TEN,0.692,0.0468,0.2612
DIAMONDS TWO CLUBS TWO,0.446,0.0246,0.5294
DIAMONDS TWO CLUBS THREE,0.65,0.0138,0.3362
HEARTS SIX DIAMONDS TWO,0.6542,0.0104,0.3354
DIAMONDS TWO HEARTS SEVEN,0.724,0.0482,0.2278
DIAMONDS TWO HEARTS KING,0.3968,0.0084,0.5948
DIAMONDS TWO HEARTS EIGHT,0.6308,0.0142,0.355
DIAMONDS TWO HEARTS ACE,0.4018,0.007,0.5912
DIAMONDS TWO HEARTS NINE,0.6326,0.0118,0.3556
DIAMONDS TWO DIAMONDS QUEEN,0.446,0.2802,0.2738
DIAMONDS TWO HEARTS TWO,0.4352,0.0262,0.5386
DIAMONDS TWO DIAMONDS KING,0.3766,0.0068,0.6166
HEARTS THREE DIAMONDS TWO,0.642,0.0138,0.3442
DIAMONDS TWO DIAMONDS ACE,0.3806,0.0056,0.6138
HEARTS FOUR DIAMONDS TWO,0.6328,0.0144,0.3528
DIAMONDS TWO HEARTS FIVE,0.6396,0.014,0.3464
SPADES SEVEN HEARTS ACE,0.233,0.0284,0.7386
DIAMONDS TWO DIAMONDS TEN,0.5946,0.0094,0.396
SPADES SEVEN HEARTS KING,0.237,0.0372,0.7258
DIAMONDS TWO DIAMONDS JACK,0.5714,0.0104,0.4182
DIAMONDS TWO SPADES NINE,0.6356,0.0118,0.3526
DIAMONDS TWO SPADES EIGHT,0.6302,0.0122,0.3576
DIAMONDS TWO SPADES SEVEN,0.7226,0.0518,0.2256
DIAMONDS TWO SPADES SIX,0.6568,0.0106,0.3326
DIAMONDS TWO SPADES FIVE,0.6194,0.0146,0.366
DIAMONDS TWO SPADES FOUR,0.6352,0.0114,0.3534
DIAMONDS TWO SPADES THREE,0.6294,0.0138,0.3568
DIAMONDS TWO SPADES TWO,0.4454,0.0264,0.5282
DIAMONDS TWO CLUBS NINE,0.6362,0.0112,0.3526
CLUBS EIGHT DIAMONDS TWO,0.6298,0.0142,0.356
DIAMONDS TWO CLUBS SIX,0.6562,0.0118,0.332
DIAMONDS TWO CLUBS FIVE,0.6448,0.0142,0.341
DIAMONDS TWO CLUBS FOUR,0.64,0.014,0.346
CLUBS FOUR SPADES FIVE,0.6222,0.013,0.3648
CLUBS FOUR SPADES FOUR,0.435,0.0248,0.5402
CLUBS FOUR SPADES THREE,0.6332,0.014,0.3528
CLUBS FOUR SPADES TWO,0.6438,0.0114,0.3448
SPADES NINE CLUBS FOUR,0.6246,0.0098,0.3656
SPADES EIGHT CLUBS FOUR,0.6264,0.0108,0.3628
SPADES SEVEN CLUBS FOUR,0.7004,0.0452,0.2544
CLUBS FOUR SPADES SIX,0.622,0.0084,0.3696
SPADES ACE DIAMONDS SIX,0.3894,0.0018,0.6088
SPADES QUEEN DIAMONDS SIX,0.47,0.3012,0.2288
SPADES KING DIAMONDS SIX,0.3874,0.0066,0.606
SPADES TEN DIAMONDS SIX,0.6194,0.0098,0.3708
SPADES JACK DIAMONDS SIX,0.6358,0.0094,0.3548
SPADES QUEEN SPADES TWO,0.4488,0.2742,0.277
SPADES KING SPADES TWO,0.3722,0.0074,0.6204
SPADES ACE SPADES TWO,0.3744,0.0042,0.6214
CLUBS JACK DIAMONDS JACK,0.2784,0.009,0.7126
CLUBS TEN DIAMONDS JACK,0.5448,0.0118,0.4434
DIAMONDS JACK CLUBS KING,0.3424,0.0054,0.6522
DIAMONDS JACK CLUBS QUEEN,0.2224,0.0954,0.6822
DIAMONDS THREE DIAMONDS JACK,0.5956,0.0096,0.3948
DIAMONDS THREE DIAMONDS TEN,0.5734,0.0088,0.4178
DIAMONDS JACK CLUBS ACE,0.3496,0.0034,0.647
DIAMONDS THREE DIAMONDS KING,0.3726,0.0066,0.6208
HEARTS THREE DIAMONDS THREE,0.4462,0.0276,0.5262
DIAMONDS THREE DIAMONDS QUEEN,0.4328,0.2948,0.2724
DIAMONDS THREE HEARTS TWO,0.6558,0.0128,0.3314
HEARTS FIVE DIAMONDS THREE,0.6324,0.0134,0.3542
DIAMONDS THREE DIAMONDS ACE,0.3684,0.0042,0.6274
HEARTS FOUR DIAMONDS THREE,0.6276,0.0148,0.3576
DIAMONDS THREE HEARTS SEVEN,0.7012,0.051,0.2478
SPADES TEN SPADES NINE,0.5108,0.009,0.4802
HEARTS SIX DIAMONDS THREE,0.6448,0.0126,0.3426
SPADES JACK SPADES NINE,0.5342,0.009,0.4568
DIAMONDS THREE HEARTS NINE,0.6308,0.0114,0.3578
HEARTS JACK DIAMONDS FOUR,0.6198,0.0078,0.3724
HEARTS ACE HEARTS KING,0.3084,0.0042,0.6874
SPADES TEN SPADES TWO,0.5906,0.0106,0.3988
DIAMONDS THREE HEARTS EIGHT,0.64,0.01,0.35
HEARTS TEN DIAMONDS FOUR,0.6232,0.0132,0.3636
SPADES JACK SPADES TWO,0.5874,0.0112,0.4014
HEARTS KING DIAMONDS FOUR,0.3958,0.008,0.5962
SPADES ACE SPADES NINE,0.339,0.0044,0.6566
HEARTS ACE DIAMONDS FOUR,0.3932,0.0034,0.6034
SPADES KING SPADES NINE,0.3282,0.0068,0.665
SPADES QUEEN SPADES NINE,0.2162,0.155,0.6288
DIAMONDS THREE SPADES NINE,0.6356,0.008,0.3564
DIAMONDS THREE SPADES EIGHT,0.62,0.0102,0.3698
DIAMONDS THREE SPADES SEVEN,0.7182,0.0444,0.2374
DIAMONDS THREE SPADES SIX,0.6346,0.012,0.3534
DIAMONDS THREE CLUBS SIX,0.6508,0.0118,0.3374
CLUBS FIVE CLUBS SIX,0.5848,0.0116,0.4036
CLUBS ACE DIAMONDS FOUR,0.3968,0.0044,0.5988
DIAMONDS THREE CLUBS FOUR,0.6256,0.0142,0.3602
DIAMONDS FOUR CLUBS QUEEN,0.4728,0.3068,0.2204
DIAMONDS THREE CLUBS FIVE,0.6292,0.0132,0.3576
DIAMONDS FOUR CLUBS KING,0.4012,0.0082,0.5906
DIAMONDS THREE CLUBS TWO,0.6456,0.0116,0.3428
CLUBS TEN DIAMONDS FOUR,0.614,0.013,0.373
DIAMONDS THREE CLUBS THREE,0.4446,0.0252,0.5302
CLUBS JACK DIAMONDS FOUR,0.632,0.009,0.359
DIAMONDS THREE SPADES FOUR,0.6208,0.013,0.3662
DIAMONDS THREE SPADES FIVE,0.6248,0.012,0.3632
DIAMONDS THREE SPADES TWO,0.6298,0.0154,0.3548
DIAMONDS THREE SPADES THREE,0.4374,0.0264,0.5362
CLUBS EIGHT DIAMONDS THREE,0.6334,0.0146,0.352
CLUBS NINE DIAMONDS THREE,0.618,0.0096,0.3724
SPADES SEVEN CLUBS ACE,0.238,0.0258,0.7362
SPADES SEVEN CLUBS QUEEN,0.0118,0.9714,0.0168
SPADES SEVEN CLUBS KING,0.2354,0.033,0.7316
CLUBS FIVE SPADES SEVEN,0.6824,0.047,0.2706
CLUBS TEN SPADES SEVEN,0.6922,0.0426,0.2652
CLUBS FIVE SPADES SIX,0.6198,0.0126,0.3676
CLUBS JACK SPADES SEVEN,0.7152,0.0406,0.2442
CLUBS FIVE SPADES NINE,0.6076,0.0112,0.3812
CLUBS FIVE SPADES EIGHT,0.622,0.0094,0.3686
CLUBS FIVE SPADES THREE,0.6242,0.0108,0.365
CLUBS FIVE SPADES TWO,0.6364,0.0148,0.3488
CLUBS FIVE SPADES FIVE,0.4272,0.0234,0.5494
CLUBS FIVE SPADES FOUR,0.6152,0.014,0.3708
CLUBS NINE CLUBS FIVE,0.5932,0.0122,0.3946
CLUBS EIGHT CLUBS FIVE,0.5786,0.0122,0.4092
CLUBS ACE CLUBS QUEEN,0.2198,0.0164,0.7638
CLUBS KING CLUBS QUEEN,0.2346,0.0262,0.7392
DIAMONDS TEN DIAMONDS FOUR,0.59,0.0116,0.3984
CLUBS TEN DIAMONDS NINE,0.5512,0.0088,0.44
DIAMONDS JACK DIAMONDS FOUR,0.5916,0.0082,0.4002
CLUBS JACK DIAMONDS NINE,0.5426,0.0138,0.4436
CLUBS JACK SPADES NINE,0.5576,0.0082,0.4342
CLUBS TEN SPADES NINE,0.5588,0.0086,0.4326
DIAMONDS ACE DIAMONDS FOUR,0.3806,0.0042,0.6152
HEARTS FOUR DIAMONDS FOUR,0.424,0.0258,0.5502
DIAMONDS JACK HEARTS TEN,0.5484,0.0092,0.4424
SPADES NINE CLUBS KING,0.3594,0.006,0.6346
DIAMONDS TWO SPADES TEN,0.634,0.0098,0.3562
DIAMONDS NINE CLUBS ACE,0.3526,0.0018,0.6456
HEARTS FIVE DIAMONDS FOUR,0.6248,0.012,0.3632
HEARTS JACK DIAMONDS JACK,0.2956,0.0094,0.695
SPADES NINE CLUBS QUEEN,0.224,0.1678,0.6082
DIAMONDS TWO SPADES JACK,0.6374,0.011,0.3516
DIAMONDS QUEEN DIAMONDS FOUR,0.4454,0.2856,0.269
HEARTS TWO DIAMONDS FOUR,0.6324,0.0134,0.3542
DIAMONDS NINE CLUBS QUEEN,0.2126,0.1686,0.6188
DIAMONDS KING DIAMONDS FOUR,0.3674,0.0056,0.627
HEARTS THREE DIAMONDS FOUR,0.6276,0.0156,0.3568
SPADES NINE CLUBS ACE,0.3598,0.0042,0.636
DIAMONDS NINE CLUBS KING,0.3434,0.007,0.6496
HEARTS ACE DIAMONDS JACK,0.3528,0.003,0.6442
SPADES ACE DIAMONDS TWO,0.396,0.0032,0.6008
SPADES QUEEN DIAMONDS TWO,0.479,0.3126,0.2084
DIAMONDS JACK HEARTS KING,0.3448,0.008,0.6472
SPADES KING DIAMONDS TWO,0.4068,0.0062,0.587
SPADES JACK SPADES SEVEN,0.6566,0.043,0.3004
SPADES TEN SPADES SEVEN,0.6564,0.038,0.3056
CLUBS SIX CLUBS THREE,0.6072,0.014,0.3788
CLUBS FIVE CLUBS THREE,0.5986,0.0124,0.389
CLUBS THREE CLUBS FOUR,0.5886,0.0144,0.397
CLUBS NINE CLUBS THREE,0.5832,0.013,0.4038
CLUBS EIGHT CLUBS THREE,0.597,0.0112,0.3918
CLUBS THREE SPADES FIVE,0.6278,0.0146,0.3576
CLUBS THREE SPADES FOUR,0.6164,0.0112,0.3724
CLUBS THREE SPADES THREE,0.4404,0.0294,0.5302
CLUBS THREE SPADES TWO,0.6488,0.0134,0.3378
CLUBS THREE SPADES SIX,0.6442,0.0146,0.3412
CLUBS THREE SPADES SEVEN,0.7172,0.047,0.2358
SPADES EIGHT CLUBS THREE,0.6252,0.0142,0.3606
SPADES NINE CLUBS THREE,0.6378,0.0118,0.3504
SPADES TWO DIAMONDS FOUR,0.64,0.0146,0.3454
SPADES THREE DIAMONDS FOUR,0.6294,0.0126,0.358
SPADES FOUR DIAMONDS FOUR,0.4408,0.0286,0.5306
SPADES FIVE DIAMONDS FOUR,0.5922,0.0126,0.3952
SPADES SIX DIAMONDS FOUR,0.6254,0.0092,0.3654
SPADES SEVEN DIAMONDS FOUR,0.7022,0.045,0.2528
SPADES EIGHT DIAMONDS FOUR,0.6138,0.01,0.3762
SPADES NINE DIAMONDS FOUR,0.6282,0.0148,0.357
CLUBS FIVE DIAMONDS FOUR,0.6156,0.0098,0.3746
CLUBS FOUR DIAMONDS FOUR,0.415,0.0262,0.5588
CLUBS SIX DIAMONDS FOUR,0.629,0.0154,0.3556
CLUBS NINE DIAMONDS FOUR,0.6212,0.0108,0.368
CLUBS EIGHT DIAMONDS FOUR,0.6146,0.0144,0.371
DIAMONDS FOUR HEARTS SEVEN,0.702,0.0502,0.2478
HEARTS SIX DIAMONDS FOUR,0.6326,0.0108,0.3566
HEARTS NINE DIAMONDS FOUR,0.6334,0.0118,0.3548
DIAMONDS FOUR HEARTS EIGHT,0.6286,0.0106,0.3608
CLUBS THREE DIAMONDS FOUR,0.6192,0.0114,0.3694
CLUBS TWO DIAMONDS FOUR,0.6502,0.014,0.3358
DIAMONDS TEN DIAMONDS FIVE,0.5988,0.0104,0.3908
DIAMONDS JACK DIAMONDS FIVE,0.5862,0.0086,0.4052
DIAMONDS NINE HEARTS KING,0.3418,0.0066,0.6516
HEARTS ACE DIAMONDS NINE,0.3602,0.0052,0.6346
DIAMONDS NINE HEARTS TEN,0.558,0.0142,0.4278
DIAMONDS NINE HEARTS JACK,0.5696,0.0112,0.4192
CLUBS KING DIAMONDS SIX,0.3914,0.0064,0.6022
CLUBS QUEEN DIAMONDS SIX,0.4558,0.311,0.2332
CLUBS ACE DIAMONDS SIX,0.3814,0.004,0.6146
SPADES KING DIAMONDS FOUR,0.3994,0.0066,0.594
SPADES ACE SPADES SEVEN,0.2222,0.0206,0.7572
SPADES QUEEN DIAMONDS FOUR,0.4654,0.3044,0.2302
SPADES QUEEN SPADES SEVEN,0.0252,0.907,0.0678
CLUBS JACK DIAMONDS SIX,0.6326,0.0108,0.3566
SPADES KING SPADES SEVEN,0.2174,0.0366,0.746
SPADES ACE DIAMONDS FOUR,0.3924,0.0022,0.6054
CLUBS TEN DIAMONDS SIX,0.6106,0.0128,0.3766
CLUBS NINE CLUBS FOUR,0.6098,0.0126,0.3776
CLUBS EIGHT CLUBS FOUR,0.6004,0.0118,0.3878
SPADES JACK DIAMONDS FOUR,0.6108,0.01,0.3792
SPADES TEN DIAMONDS FOUR,0.6292,0.0112,0.3596
CLUBS FIVE CLUBS FOUR,0.581,0.012,0.407
CLUBS SIX CLUBS FOUR,0.6052,0.0122,0.3826
HEARTS SIX DIAMONDS FIVE,0.6088,0.011,0.3802
DIAMONDS FIVE HEARTS SEVEN,0.6822,0.0484,0.2694
DIAMONDS FIVE HEARTS EIGHT,0.618,0.0138,0.3682
HEARTS NINE DIAMONDS FIVE,0.6362,0.01,0.3538
DIAMONDS QUEEN DIAMONDS FIVE,0.4312,0.2932,0.2756
HEARTS TWO DIAMONDS FIVE,0.6372,0.0112,0.3516
HEARTS KING HEARTS EIGHT,0.346,0.008,0.646
DIAMONDS KING DIAMONDS FIVE,0.3728,0.0082,0.619
HEARTS THREE DIAMONDS FIVE,0.6346,0.0118,0.3536
DIAMONDS ACE DIAMONDS FIVE,0.3656,0.0044,0.63
HEARTS FOUR DIAMONDS FIVE,0.6248,0.009,0.3662
HEARTS FIVE DIAMONDS FIVE,0.4246,0.025,0.5504
HEARTS ACE HEARTS EIGHT,0.3476,0.005,0.6474
CLUBS FOUR DIAMONDS FIVE,0.62,0.0136,0.3664
CLUBS FIVE DIAMONDS FIVE,0.4258,0.0258,0.5484
CLUBS SIX DIAMONDS FIVE,0.607,0.0096,0.3834
CLUBS TWO DIAMONDS FIVE,0.6378,0.0118,0.3504
CLUBS THREE DIAMONDS FIVE,0.6306,0.0118,0.3576
SPADES THREE DIAMONDS FIVE,0.6276,0.0104,0.362
SPADES TWO DIAMONDS FIVE,0.6422,0.0114,0.3464
SPADES JACK DIAMONDS EIGHT,0.5826,0.008,0.4094
SPADES FIVE DIAMONDS FIVE,0.4358,0.0232,0.541
CLUBS TEN HEARTS JACK,0.548,0.0118,0.4402
SPADES TEN DIAMONDS EIGHT,0.5708,0.009,0.4202
SPADES FOUR DIAMONDS FIVE,0.6116,0.0136,0.3748
CLUBS JACK HEARTS JACK,0.2788,0.011,0.7102
HEARTS JACK CLUBS QUEEN,0.2294,0.0962,0.6744
CLUBS NINE DIAMONDS FIVE,0.614,0.0104,0.3756
CLUBS EIGHT DIAMONDS FIVE,0.6096,0.0116,0.3788
HEARTS JACK CLUBS KING,0.334,0.0066,0.6594
HEARTS JACK CLUBS ACE,0.34,0.005,0.655
SPADES SEVEN DIAMONDS FIVE,0.6692,0.0466,0.2842
SPADES KING DIAMONDS EIGHT,0.3584,0.0058,0.6358
SPADES QUEEN DIAMONDS EIGHT,0.2288,0.2256,0.5456
SPADES SIX DIAMONDS FIVE,0.6106,0.012,0.3774
SPADES NINE DIAMONDS FIVE,0.6156,0.0098,0.3746
SPADES EIGHT DIAMONDS FIVE,0.6074,0.011,0.3816
SPADES ACE DIAMONDS EIGHT,0.3548,0.003,0.6422
DIAMONDS TEN DIAMONDS SIX,0.5938,0.0102,0.396
HEARTS ACE DIAMONDS SEVEN,0.2226,0.0228,0.7546
DIAMONDS JACK DIAMONDS SIX,0.5872,0.0078,0.405
HEARTS KING DIAMONDS SEVEN,0.2234,0.0384,0.7382
DIAMONDS ACE DIAMONDS SIX,0.364,0.002,0.634
HEARTS FOUR DIAMONDS SIX,0.6322,0.013,0.3548
HEARTS JACK SPADES TWO,0.6236,0.0106,0.3658
HEARTS FIVE DIAMONDS SIX,0.6176,0.0132,0.3692
SPADES TWO HEARTS TEN,0.629,0.0112,0.3598
DIAMONDS QUEEN DIAMONDS SIX,0.4508,0.282,0.2672
HEARTS TWO DIAMONDS SIX,0.6642,0.0132,0.3226
DIAMONDS KING DIAMONDS SIX,0.3676,0.0084,0.624
HEARTS THREE DIAMONDS SIX,0.6416,0.0102,0.3482
HEARTS EIGHT DIAMONDS SIX,0.598,0.0104,0.3916
HEARTS NINE DIAMONDS SIX,0.6086,0.0126,0.3788
HEARTS SIX DIAMONDS SIX,0.4284,0.0254,0.5462
HEARTS SEVEN DIAMONDS SIX,0.6778,0.0422,0.28
HEARTS TEN DIAMONDS SEVEN,0.6904,0.0382,0.2714
CLUBS TWO DIAMONDS SIX,0.6558,0.0122,0.332
HEARTS JACK DIAMONDS SEVEN,0.7038,0.0426,0.2536
CLUBS THREE DIAMONDS SIX,0.6468,0.013,0.3402
CLUBS JACK DIAMONDS EIGHT,0.578,0.0126,0.4094
CLUBS SIX DIAMONDS SIX,0.4174,0.0242,0.5584
CLUBS TEN DIAMONDS EIGHT,0.572,0.0116,0.4164
CLUBS FIVE DIAMONDS SIX,0.6074,0.0142,0.3784
CLUBS FOUR DIAMONDS SIX,0.6236,0.0124,0.364
HEARTS ACE HEARTS JACK,0.3346,0.0044,0.661
DIAMONDS EIGHT CLUBS ACE,0.3514,0.0036,0.645
DIAMONDS EIGHT CLUBS KING,0.352,0.0072,0.6408
CLUBS NINE DIAMONDS SIX,0.5936,0.0102,0.3962
HEARTS JACK HEARTS KING,0.336,0.007,0.657
CLUBS EIGHT DIAMONDS SIX,0.5996,0.0124,0.388
DIAMONDS EIGHT CLUBS QUEEN,0.2116,0.226,0.5624
SPADES TEN HEARTS KING,0.3372,0.0066,0.6562
SPADES FIVE DIAMONDS SIX,0.598,0.0138,0.3882
HEARTS ACE SPADES TWO,0.393,0.0036,0.6034
SPADES JACK HEARTS KING,0.349,0.0038,0.6472
SPADES FOUR DIAMONDS SIX,0.6318,0.0112,0.357
SPADES THREE DIAMONDS SIX,0.626,0.0134,0.3606
SPADES ACE SPADES KING,0.2936,0.0048,0.7016
HEARTS KING SPADES TWO,0.4028,0.0074,0.5898
SPADES TWO DIAMONDS SIX,0.6556,0.0106,0.3338
HEARTS TEN HEARTS EIGHT,0.544,0.0106,0.4454
SPADES NINE DIAMONDS SIX,0.6022,0.0094,0.3884
HEARTS JACK HEARTS EIGHT,0.5704,0.01,0.4196
SPADES EIGHT DIAMONDS SIX,0.5934,0.0108,0.3958
SPADES SEVEN DIAMONDS SIX,0.6642,0.0428,0.293
SPADES SIX DIAMONDS SIX,0.4156,0.0204,0.564
SPADES KING HEARTS KING,0.127,0.0032,0.8698
SPADES QUEEN HEARTS KING,0.2336,0.0224,0.744
CLUBS ACE CLUBS KING,0.2962,0.0044,0.6994
SPADES ACE HEARTS KING,0.332,0.0042,0.6638
SPADES ACE HEARTS JACK,0.3578,0.0052,0.637
SPADES QUEEN HEARTS JACK,0.2358,0.0972,0.667
SPADES KING HEARTS JACK,0.3348,0.006,0.6592
SPADES TEN DIAMONDS TEN,0.287,0.0116,0.7014
SPADES JACK DIAMONDS TEN,0.5462,0.0072,0.4466
SPADES ACE DIAMONDS TEN,0.3498,0.0024,0.6478
SPADES JACK HEARTS JACK,0.2868,0.0094,0.7038
SPADES TEN HEARTS JACK,0.5568,0.0118,0.4314
SPADES QUEEN DIAMONDS TEN,0.234,0.1206,0.6454
SPADES KING DIAMONDS TEN,0.337,0.0072,0.6558
SPADES NINE DIAMONDS SEVEN,0.676,0.0438,0.2802
SPADES EIGHT DIAMONDS SEVEN,0.6634,0.0418,0.2948
SPADES SEVEN DIAMONDS SEVEN,0.2862,0.0362,0.6776
SPADES SIX DIAMONDS SEVEN,0.6722,0.0464,0.2814
DIAMONDS KING DIAMONDS SEVEN,0.223,0.032,0.745
HEARTS THREE DIAMONDS SEVEN,0.7232,0.0464,0.2304
HEARTS KING DIAMONDS FIVE,0.3904,0.0066,0.603
DIAMONDS QUEEN DIAMONDS SEVEN,0.0204,0.907,0.0726
HEARTS TWO DIAMONDS SEVEN,0.7244,0.0476,0.228
HEARTS FIVE DIAMONDS SEVEN,0.6864,0.049,0.2646
DIAMONDS ACE DIAMONDS SEVEN,0.221,0.0248,0.7542
HEARTS FOUR DIAMONDS SEVEN,0.6978,0.0454,0.2568
HEARTS ACE DIAMONDS FIVE,0.3882,0.0048,0.607
HEARTS SEVEN DIAMONDS SEVEN,0.287,0.0388,0.6742
HEARTS SIX DIAMONDS SEVEN,0.6744,0.0464,0.2792
HEARTS NINE DIAMONDS SEVEN,0.6856,0.0406,0.2738
DIAMONDS SEVEN HEARTS EIGHT,0.6694,0.0466,0.284
DIAMONDS JACK DIAMONDS SEVEN,0.6574,0.0446,0.298
HEARTS JACK DIAMONDS FIVE,0.6398,0.012,0.3482
DIAMONDS TEN DIAMONDS SEVEN,0.646,0.045,0.309
DIAMONDS FIVE HEARTS TEN,0.6192,0.0118,0.369
CLUBS EIGHT DIAMONDS SEVEN,0.671,0.04,0.289
SPADES KING CLUBS TWO,0.4044,0.0086,0.587
HEARTS KING CLUBS KING,0.1238,0.0046,0.8716
SPADES QUEEN CLUBS TWO,0.4804,0.3012,0.2184
HEARTS KING CLUBS QUEEN,0.2276,0.033,0.7394
CLUBS NINE DIAMONDS SEVEN,0.6758,0.0438,0.2804
CLUBS JACK SPADES TWO,0.6396,0.0108,0.3496
SPADES ACE CLUBS TWO,0.4024,0.0022,0.5954
CLUBS TEN SPADES TWO,0.6268,0.013,0.3602
HEARTS KING CLUBS ACE,0.308,0.0054,0.6866
SPADES TWO CLUBS KING,0.4102,0.0058,0.584
SPADES TWO DIAMONDS SEVEN,0.7086,0.0502,0.2412
CLUBS EIGHT CLUBS SIX,0.565,0.0114,0.4236
SPADES THREE DIAMONDS SEVEN,0.7064,0.0496,0.244
SPADES TWO CLUBS QUEEN,0.4556,0.3132,0.2312
CLUBS NINE CLUBS SIX,0.5852,0.0106,0.4042
SPADES FOUR DIAMONDS SEVEN,0.682,0.051,0.267
CLUBS JACK HEARTS KING,0.3244,0.0088,0.6668
SPADES FIVE DIAMONDS SEVEN,0.6906,0.0498,0.2596
SPADES TWO CLUBS ACE,0.3928,0.0052,0.602
CLUBS TEN HEARTS KING,0.339,0.007,0.654
CLUBS SIX SPADES TWO,0.662,0.014,0.324
CLUBS SIX SPADES THREE,0.6478,0.0126,0.3396
CLUBS TWO DIAMONDS SEVEN,0.7308,0.0548,0.2144
CLUBS SIX SPADES FOUR,0.627,0.011,0.362
CLUBS THREE DIAMONDS SEVEN,0.7206,0.0492,0.2302
CLUBS SIX SPADES FIVE,0.6148,0.011,0.3742
CLUBS FOUR DIAMONDS SEVEN,0.6804,0.0546,0.265
CLUBS SIX SPADES SIX,0.4278,0.0256,0.5466
CLUBS FIVE DIAMONDS SEVEN,0.692,0.0474,0.2606
CLUBS SIX SPADES SEVEN,0.6644,0.0456,0.29
CLUBS SIX DIAMONDS SEVEN,0.6648,0.0428,0.2924
CLUBS SIX SPADES EIGHT,0.604,0.012,0.384
SPADES JACK CLUBS TWO,0.6354,0.01,0.3546
SPADES NINE CLUBS SIX,0.619,0.0112,0.3698
SPADES TEN CLUBS TWO,0.6366,0.0114,0.352
CLUBS TWO CLUBS QUEEN,0.437,0.305,0.258
CLUBS TWO CLUBS KING,0.3908,0.01,0.5992
CLUBS THREE DIAMONDS EIGHT,0.6382,0.0136,0.3482
CLUBS TWO CLUBS ACE,0.3778,0.0052,0.617
CLUBS TWO DIAMONDS EIGHT,0.6348,0.0114,0.3538
DIAMONDS EIGHT HEARTS SEVEN,0.673,0.0406,0.2864
HEARTS SIX DIAMONDS EIGHT,0.6006,0.0108,0.3886
DIAMONDS EIGHT HEARTS NINE,0.5758,0.0112,0.413
CLUBS TEN CLUBS TWO,0.6104,0.0116,0.378
DIAMONDS EIGHT HEARTS EIGHT,0.3132,0.0202,0.6666
CLUBS JACK CLUBS TWO,0.5984,0.0128,0.3888
CLUBS NINE DIAMONDS EIGHT,0.5602,0.0092,0.4306
CLUBS EIGHT DIAMONDS EIGHT,0.2962,0.0202,0.6836
CLUBS FIVE DIAMONDS EIGHT,0.613,0.0138,0.3732
SPADES ACE SPADES THREE,0.3654,0.0036,0.631
CLUBS FOUR DIAMONDS EIGHT,0.6154,0.0152,0.3694
SPADES QUEEN SPADES THREE,0.449,0.2694,0.2816
CLUBS SIX DIAMONDS EIGHT,0.6054,0.009,0.3856
SPADES KING SPADES THREE,0.3786,0.0068,0.6146
DIAMONDS QUEEN DIAMONDS EIGHT,0.2106,0.223,0.5664
HEARTS TWO DIAMONDS EIGHT,0.6514,0.0116,0.337
DIAMONDS KING DIAMONDS EIGHT,0.3386,0.0066,0.6548
HEARTS THREE DIAMONDS EIGHT,0.632,0.0108,0.3572
DIAMONDS ACE DIAMONDS EIGHT,0.347,0.0034,0.6496
HEARTS FOUR DIAMONDS EIGHT,0.6212,0.012,0.3668
HEARTS FIVE DIAMONDS EIGHT,0.6088,0.0146,0.3766
DIAMONDS EIGHT DIAMONDS TEN,0.5466,0.0106,0.4428
DIAMONDS EIGHT DIAMONDS JACK,0.5356,0.0124,0.452
SPADES JACK SPADES THREE,0.5738,0.0102,0.416
SPADES TEN SPADES THREE,0.5788,0.0088,0.4124
CLUBS FOUR HEARTS ACE,0.3954,0.0052,0.5994
CLUBS FOUR HEARTS KING,0.3952,0.0092,0.5956
CLUBS SIX HEARTS TEN,0.6346,0.0112,0.3542
CLUBS SIX HEARTS JACK,0.6382,0.0108,0.351
DIAMONDS EIGHT SPADES FOUR,0.6078,0.0122,0.38
SPADES FIVE DIAMONDS EIGHT,0.6132,0.0094,0.3774
DIAMONDS EIGHT SPADES TWO,0.6234,0.0154,0.3612
DIAMONDS EIGHT SPADES THREE,0.6414,0.0106,0.348
CLUBS FOUR HEARTS JACK,0.6444,0.0092,0.3464
SPADES EIGHT DIAMONDS EIGHT,0.3168,0.0214,0.6618
SPADES TEN DIAMONDS QUEEN,0.235,0.1168,0.6482
SPADES TEN HEARTS TWO,0.6422,0.0074,0.3504
SPADES JACK HEARTS EIGHT,0.5932,0.0098,0.397
CLUBS FOUR HEARTS TEN,0.628,0.0088,0.3632
SPADES NINE DIAMONDS EIGHT,0.5684,0.0088,0.4228
SPADES TEN HEARTS EIGHT,0.574,0.0106,0.4154
SPADES JACK HEARTS TWO,0.6314,0.0106,0.358
SPADES JACK DIAMONDS QUEEN,0.2252,0.095,0.6798
SPADES SIX DIAMONDS EIGHT,0.5874,0.0108,0.4018
SPADES SEVEN DIAMONDS EIGHT,0.676,0.0398,0.2842
SPADES ACE HEARTS TWO,0.4124,0.0056,0.582
SPADES ACE DIAMONDS QUEEN,0.2304,0.0144,0.7552
SPADES ACE HEARTS EIGHT,0.358,0.0038,0.6382
SPADES KING HEARTS EIGHT,0.3634,0.0064,0.6302
SPADES QUEEN HEARTS TWO,0.4712,0.3032,0.2256
SPADES QUEEN DIAMONDS QUEEN,0.0824,0.024,0.8936
SPADES KING DIAMONDS QUEEN,0.2228,0.0244,0.7528
SPADES KING HEARTS TWO,0.408,0.0088,0.5832
SPADES QUEEN HEARTS EIGHT,0.223,0.2272,0.5498
CLUBS TWO HEARTS TEN,0.645,0.0122,0.3428
CLUBS TWO HEARTS JACK,0.6272,0.0104,0.3624
SPADES SEVEN DIAMONDS NINE,0.6722,0.0424,0.2854
SPADES SIX DIAMONDS NINE,0.6092,0.0108,0.38
SPADES NINE DIAMONDS NINE,0.3034,0.0156,0.681
SPADES EIGHT DIAMONDS NINE,0.5648,0.01,0.4252
SPADES TEN CLUBS KING,0.3348,0.0062,0.659
DIAMONDS NINE SPADES THREE,0.6298,0.012,0.3582
SPADES JACK CLUBS KING,0.334,0.0052,0.6608
DIAMONDS NINE SPADES TWO,0.638,0.0104,0.3516
DIAMONDS NINE SPADES FIVE,0.6222,0.011,0.3668
DIAMONDS NINE SPADES FOUR,0.6272,0.0092,0.3636
CLUBS NINE DIAMONDS NINE,0.2824,0.0178,0.6998
CLUBS EIGHT DIAMONDS NINE,0.577,0.0114,0.4116
CLUBS SIX DIAMONDS NINE,0.6058,0.0118,0.3824
SPADES JACK CLUBS FOUR,0.624,0.0116,0.3644
SPADES TEN CLUBS FOUR,0.6304,0.011,0.3586
CLUBS FOUR DIAMONDS NINE,0.64,0.0108,0.3492
CLUBS FIVE DIAMONDS NINE,0.632,0.0126,0.3554
DIAMONDS NINE CLUBS TWO,0.6374,0.0124,0.3502
CLUBS THREE DIAMONDS NINE,0.6278,0.011,0.3612
DIAMONDS NINE HEARTS EIGHT,0.5622,0.0086,0.4292
DIAMONDS NINE HEARTS NINE,0.296,0.0194,0.6846
HEARTS SIX DIAMONDS NINE,0.601,0.0122,0.3868
DIAMONDS NINE HEARTS SEVEN,0.6916,0.0416,0.2668
CLUBS EIGHT CLUBS NINE,0.5214,0.0108,0.4678
DIAMONDS ACE DIAMONDS NINE,0.3468,0.0042,0.649
HEARTS FOUR DIAMONDS NINE,0.6414,0.0118,0.3468
HEARTS FIVE DIAMONDS NINE,0.6256,0.0134,0.361
HEARTS ACE CLUBS TWO,0.3904,0.0072,0.6024
SPADES ACE CLUBS FOUR,0.4024,0.0052,0.5924
DIAMONDS QUEEN DIAMONDS NINE,0.2138,0.1544,0.6318
HEARTS TWO DIAMONDS NINE,0.6424,0.0108,0.3468
CLUBS TWO HEARTS KING,0.4034,0.008,0.5886
SPADES KING CLUBS FOUR,0.391,0.0084,0.6006
DIAMONDS KING DIAMONDS NINE,0.3338,0.0042,0.662
HEARTS THREE DIAMONDS NINE,0.6196,0.0102,0.3702
SPADES QUEEN CLUBS FOUR,0.475,0.3108,0.2142
DIAMONDS NINE DIAMONDS JACK,0.5234,0.0104,0.4662
CLUBS EIGHT SPADES NINE,0.5438,0.0116,0.4446
DIAMONDS NINE DIAMONDS TEN,0.5138,0.0098,0.4764
CLUBS EIGHT SPADES EIGHT,0.314,0.0214,0.6646
CLUBS EIGHT SPADES SEVEN,0.6788,0.0382,0.283
CLUBS EIGHT SPADES SIX,0.5892,0.0102,0.4006
CLUBS EIGHT SPADES FIVE,0.609,0.0122,0.3788
CLUBS EIGHT SPADES FOUR,0.6138,0.012,0.3742
CLUBS EIGHT SPADES THREE,0.622,0.0108,0.3672
CLUBS EIGHT SPADES TWO,0.6304,0.0138,0.3558
HEARTS SIX DIAMONDS TEN,0.6254,0.012,0.3626
DIAMONDS TEN HEARTS SEVEN,0.7046,0.0424,0.253
DIAMONDS TEN HEARTS EIGHT,0.5714,0.0112,0.4174
CLUBS JACK CLUBS FOUR,0.5934,0.011,0.3956
DIAMONDS TEN HEARTS NINE,0.5726,0.0094,0.418
CLUBS TEN CLUBS FOUR,0.6046,0.011,0.3844
CLUBS FOUR CLUBS KING,0.3684,0.006,0.6256
CLUBS FOUR CLUBS QUEEN,0.4392,0.2936,0.2672
CLUBS TWO DIAMONDS TEN,0.6392,0.0122,0.3486
CLUBS THREE DIAMONDS TEN,0.6378,0.011,0.3512
CLUBS FOUR CLUBS ACE,0.3632,0.0042,0.6326
DIAMONDS JACK DIAMONDS TEN,0.5168,0.0102,0.473
DIAMONDS QUEEN DIAMONDS TEN,0.22,0.1186,0.6614
HEARTS TWO DIAMONDS TEN,0.632,0.0134,0.3546
DIAMONDS KING DIAMONDS TEN,0.3136,0.007,0.6794
HEARTS THREE DIAMONDS TEN,0.623,0.013,0.364
DIAMONDS ACE DIAMONDS TEN,0.333,0.0038,0.6632
HEARTS FOUR DIAMONDS TEN,0.6276,0.0126,0.3598
CLUBS EIGHT HEARTS JACK,0.5896,0.0116,0.3988
HEARTS FIVE DIAMONDS TEN,0.6364,0.011,0.3526
CLUBS EIGHT HEARTS TEN,0.574,0.0112,0.4148
CLUBS EIGHT HEARTS KING,0.363,0.0076,0.6294
CLUBS EIGHT HEARTS ACE,0.3344,0.0048,0.6608
CLUBS NINE SPADES THREE,0.6258,0.0112,0.363
CLUBS NINE SPADES TWO,0.6312,0.0126,0.3562
CLUBS NINE SPADES FIVE,0.6256,0.0126,0.3618
CLUBS NINE SPADES FOUR,0.619,0.0134,0.3676
CLUBS NINE SPADES SEVEN,0.6836,0.0374,0.279
CLUBS NINE SPADES SIX,0.605,0.0108,0.3842
CLUBS NINE SPADES NINE,0.282,0.0184,0.6996
CLUBS TEN HEARTS EIGHT,0.5692,0.0108,0.42
CLUBS NINE SPADES EIGHT,0.5476,0.0128,0.4396
CLUBS JACK HEARTS EIGHT,0.5854,0.0108,0.4038
CLUBS QUEEN HEARTS EIGHT,0.2134,0.2272,0.5594
CLUBS KING HEARTS EIGHT,0.3602,0.0082,0.6316
CLUBS ACE HEARTS EIGHT,0.3586,0.005,0.6364
SPADES KING CLUBS KING,0.1378,0.0056,0.8566
SPADES QUEEN CLUBS KING,0.2268,0.023,0.7502
SPADES ACE CLUBS KING,0.312,0.0036,0.6844
DIAMONDS ACE HEARTS TEN,0.3472,0.004,0.6488
HEARTS FOUR HEARTS TEN,0.6028,0.0092,0.388
DIAMONDS ACE HEARTS JACK,0.3592,0.0044,0.6364
HEARTS FOUR HEARTS JACK,0.6004,0.0106,0.389
SPADES KING CLUBS FIVE,0.3982,0.006,0.5958
SPADES QUEEN CLUBS FIVE,0.4734,0.3084,0.2182
SPADES ACE CLUBS FIVE,0.3768,0.0032,0.62
DIAMONDS JACK HEARTS SEVEN,0.7036,0.0458,0.2506
HEARTS SIX DIAMONDS JACK,0.6392,0.01,0.3508
DIAMONDS JACK HEARTS NINE,0.5696,0.0136,0.4168
DIAMONDS JACK HEARTS EIGHT,0.5808,0.01,0.4092
DIAMONDS KING DIAMONDS JACK,0.3252,0.0066,0.6682
HEARTS THREE DIAMONDS JACK,0.6292,0.013,0.3578
SPADES ACE SPADES SIX,0.3586,0.0024,0.639
HEARTS ACE SPADES FOUR,0.3846,0.0054,0.61
DIAMONDS QUEEN DIAMONDS JACK,0.2266,0.086,0.6874
HEARTS TWO DIAMONDS JACK,0.6376,0.0096,0.3528
HEARTS FIVE DIAMONDS JACK,0.625,0.0094,0.3656
SPADES QUEEN SPADES SIX,0.4382,0.2896,0.2722
DIAMONDS ACE DIAMONDS JACK,0.3232,0.0028,0.674
HEARTS FOUR DIAMONDS JACK,0.637,0.0122,0.3508
SPADES KING SPADES SIX,0.3694,0.0042,0.6264
SPADES FOUR HEARTS KING,0.3932,0.0086,0.5982
SPADES TEN SPADES SIX,0.5846,0.0104,0.405
SPADES JACK SPADES SIX,0.5852,0.0112,0.4036
SPADES FOUR DIAMONDS JACK,0.6276,0.0074,0.365
SPADES FIVE DIAMONDS JACK,0.6222,0.0096,0.3682
DIAMONDS JACK SPADES TWO,0.6278,0.0124,0.3598
DIAMONDS JACK SPADES THREE,0.6346,0.0114,0.354
SPADES ACE DIAMONDS THREE,0.4056,0.004,0.5904
CLUBS EIGHT DIAMONDS JACK,0.5784,0.008,0.4136
SPADES QUEEN DIAMONDS THREE,0.4746,0.2966,0.2288
SPADES KING DIAMONDS THREE,0.3896,0.007,0.6034
CLUBS NINE DIAMONDS JACK,0.5638,0.0098,0.4264
CLUBS SIX DIAMONDS JACK,0.6348,0.0128,0.3524
CLUBS FOUR DIAMONDS JACK,0.6292,0.0128,0.358
CLUBS FIVE DIAMONDS JACK,0.6234,0.0126,0.364
CLUBS TWO DIAMONDS JACK,0.6358,0.0132,0.351
CLUBS THREE DIAMONDS JACK,0.6228,0.0124,0.3648
SPADES TEN CLUBS FIVE,0.641,0.0098,0.3492
HEARTS SIX SPADES JACK,0.6482,0.0102,0.3416
HEARTS SIX SPADES TEN,0.6244,0.012,0.3636
SPADES JACK CLUBS FIVE,0.6312,0.0084,0.3604
SPADES JACK DIAMONDS THREE,0.6248,0.0098,0.3654
DIAMONDS THREE SPADES TEN,0.6194,0.0094,0.3712
SPADES NINE DIAMONDS JACK,0.5582,0.0072,0.4346
DIAMONDS ACE HEARTS ACE,0.12,0.004,0.876
HEARTS FOUR HEARTS ACE,0.3766,0.005,0.6184
SPADES EIGHT DIAMONDS JACK,0.5764,0.01,0.4136
SPADES ACE HEARTS SIX,0.3892,0.0042,0.6066
DIAMONDS ACE HEARTS KING,0.318,0.003,0.679
HEARTS FOUR HEARTS KING,0.3736,0.008,0.6184
SPADES SEVEN DIAMONDS JACK,0.7052,0.0446,0.2502
SPADES KING HEARTS SIX,0.3904,0.0074,0.6022
SPADES QUEEN HEARTS SIX,0.4758,0.3014,0.2228
SPADES SIX DIAMONDS JACK,0.629,0.0096,0.3614
DIAMONDS TEN SPADES TWO,0.6338,0.0084,0.3578
SPADES THREE DIAMONDS TEN,0.6284,0.0118,0.3598
SPADES FOUR DIAMONDS TEN,0.6184,0.0092,0.3724
SPADES FIVE DIAMONDS TEN,0.6334,0.0112,0.3554
SPADES SIX DIAMONDS TEN,0.6236,0.0092,0.3672
SPADES SEVEN DIAMONDS TEN,0.682,0.0452,0.2728
SPADES EIGHT DIAMONDS TEN,0.5742,0.01,0.4158
SPADES NINE DIAMONDS TEN,0.551,0.0136,0.4354
CLUBS FOUR DIAMONDS TEN,0.6358,0.0104,0.3538
CLUBS FIVE DIAMONDS TEN,0.6304,0.01,0.3596
CLUBS SIX DIAMONDS TEN,0.6098,0.0116,0.3786
CLUBS EIGHT DIAMONDS TEN,0.5762,0.0118,0.412
CLUBS NINE DIAMONDS TEN,0.5654,0.0098,0.4248
CLUBS JACK DIAMONDS THREE,0.6138,0.0112,0.375
CLUBS TEN DIAMONDS THREE,0.6162,0.0124,0.3714
DIAMONDS THREE CLUBS KING,0.3912,0.0072,0.6016
DIAMONDS THREE CLUBS QUEEN,0.4726,0.3046,0.2228
DIAMONDS THREE CLUBS ACE,0.3956,0.0024,0.602
SPADES FOUR HEARTS JACK,0.634,0.0104,0.3556
SPADES FOUR HEARTS TEN,0.6246,0.0124,0.363
SPADES FIVE SPADES TWO,0.5932,0.0148,0.392
SPADES FOUR SPADES TWO,0.6128,0.0082,0.379
SPADES THREE SPADES TWO,0.607,0.0116,0.3814
SPADES NINE SPADES TWO,0.5942,0.011,0.3948
SPADES EIGHT SPADES TWO,0.5872,0.011,0.4018
SPADES SEVEN SPADES TWO,0.6646,0.0512,0.2842
SPADES SIX SPADES TWO,0.6184,0.0134,0.3682
DIAMONDS QUEEN CLUBS THREE,0.4846,0.3016,0.2138
CLUBS THREE HEARTS TWO,0.6538,0.0134,0.3328
DIAMONDS QUEEN CLUBS TWO,0.4728,0.3094,0.2178
HEARTS TWO CLUBS TWO,0.4562,0.0252,0.5186
DIAMONDS QUEEN HEARTS SEVEN,0.0182,0.973,0.0088
HEARTS TWO HEARTS SEVEN,0.6952,0.0552,0.2496
HEARTS SIX DIAMONDS QUEEN,0.4702,0.3068,0.223
HEARTS SIX HEARTS TWO,0.6346,0.012,0.3534
DIAMONDS QUEEN HEARTS NINE,0.2214,0.1604,0.6182
HEARTS TWO HEARTS NINE,0.6068,0.0108,0.3824
DIAMONDS QUEEN HEARTS EIGHT,0.2296,0.228,0.5424
HEARTS TWO HEARTS EIGHT,0.6156,0.0126,0.3718
CLUBS NINE HEARTS TWO,0.6244,0.0146,0.361
CLUBS NINE DIAMONDS QUEEN,0.2128,0.1684,0.6188
CLUBS EIGHT DIAMONDS QUEEN,0.2268,0.2208,0.5524
CLUBS EIGHT HEARTS TWO,0.6406,0.0126,0.3468
CLUBS FIVE DIAMONDS QUEEN,0.4814,0.2874,0.2312
CLUBS FIVE HEARTS TWO,0.637,0.0164,0.3466
SPADES EIGHT HEARTS ACE,0.3572,0.0038,0.639
DIAMONDS QUEEN CLUBS FOUR,0.4782,0.3106,0.2112
HEARTS TWO CLUBS FOUR,0.6536,0.013,0.3334
CLUBS SIX DIAMONDS QUEEN,0.4802,0.3022,0.2176
CLUBS SIX HEARTS TWO,0.6664,0.0136,0.32
SPADES EIGHT HEARTS KING,0.3518,0.0078,0.6404
HEARTS TWO SPADES SIX,0.669,0.013,0.318
DIAMONDS QUEEN SPADES SIX,0.4748,0.2998,0.2254
HEARTS FOUR CLUBS QUEEN,0.4662,0.3136,0.2202
DIAMONDS ACE CLUBS QUEEN,0.2144,0.0164,0.7692
DIAMONDS QUEEN SPADES SEVEN,0.0188,0.9612,0.02
HEARTS TWO SPADES SEVEN,0.7278,0.0506,0.2216
HEARTS FOUR CLUBS KING,0.3906,0.0078,0.6016
DIAMONDS ACE CLUBS KING,0.3298,0.004,0.6662
DIAMONDS QUEEN SPADES EIGHT,0.2344,0.2156,0.55
SPADES EIGHT HEARTS TWO,0.6458,0.0116,0.3426
HEARTS FOUR CLUBS ACE,0.3896,0.0042,0.6062
DIAMONDS ACE CLUBS ACE,0.1192,0.0042,0.8766
SPADES NINE DIAMONDS QUEEN,0.2322,0.17,0.5978
SPADES NINE HEARTS TWO,0.6442,0.0104,0.3454
HEARTS TWO SPADES TWO,0.4396,0.03,0.5304
DIAMONDS QUEEN SPADES TWO,0.463,0.3004,0.2366
HEARTS TWO SPADES THREE,0.6584,0.0126,0.329
DIAMONDS QUEEN SPADES THREE,0.4558,0.3062,0.238
HEARTS TWO SPADES FOUR,0.6456,0.0116,0.3428
DIAMONDS QUEEN SPADES FOUR,0.4804,0.2956,0.224
CLUBS TEN HEARTS FOUR,0.6384,0.0128,0.3488
CLUBS TEN DIAMONDS ACE,0.3474,0.0046,0.648
HEARTS TWO SPADES FIVE,0.6514,0.0106,0.338
DIAMONDS QUEEN SPADES FIVE,0.4754,0.2956,0.229
HEARTS FOUR CLUBS JACK,0.615,0.0128,0.3722
CLUBS JACK DIAMONDS ACE,0.3388,0.0034,0.6578
CLUBS FIVE CLUBS KING,0.3666,0.0072,0.6262
CLUBS FIVE CLUBS QUEEN,0.4478,0.2884,0.2638
CLUBS FIVE CLUBS ACE,0.3708,0.0036,0.6256
CLUBS JACK CLUBS FIVE,0.6078,0.0104,0.3818
CLUBS TEN CLUBS FIVE,0.5846,0.0122,0.4032
SPADES KING CLUBS JACK,0.3338,0.0056,0.6606
CLUBS JACK SPADES QUEEN,0.2166,0.0838,0.6996
SPADES ACE CLUBS JACK,0.3418,0.004,0.6542
SPADES SIX CLUBS KING,0.392,0.0078,0.6002
SPADES SIX CLUBS QUEEN,0.4764,0.2924,0.2312
SPADES EIGHT HEARTS JACK,0.5706,0.009,0.4204
SPADES SIX CLUBS ACE,0.3774,0.0054,0.6172
SPADES EIGHT HEARTS TEN,0.5652,0.01,0.4248
CLUBS JACK SPADES SIX,0.6236,0.0084,0.368
CLUBS TEN SPADES SIX,0.6228,0.008,0.3692
CLUBS JACK SPADES TEN,0.5332,0.0078,0.459
CLUBS JACK SPADES JACK,0.2818,0.0116,0.7066
SPADES SIX HEARTS TEN,0.614,0.0102,0.3758
SPADES SIX HEARTS JACK,0.6418,0.0104,0.3478
SPADES SIX HEARTS ACE,0.3822,0.0026,0.6152
SPADES SIX HEARTS KING,0.3822,0.006,0.6118
CLUBS TEN HEARTS SIX,0.6194,0.0112,0.3694
CLUBS JACK HEARTS SIX,0.6324,0.0124,0.3552
CLUBS JACK CLUBS ACE,0.333,0.0038,0.6632
HEARTS SIX CLUBS QUEEN,0.4642,0.3126,0.2232
HEARTS SIX CLUBS KING,0.3842,0.0072,0.6086
HEARTS SIX CLUBS ACE,0.3784,0.0064,0.6152
CLUBS JACK CLUBS QUEEN,0.2336,0.0884,0.678
CLUBS JACK CLUBS KING,0.326,0.0054,0.6686
DIAMONDS THREE HEARTS ACE,0.4004,0.003,0.5966
DIAMONDS THREE HEARTS KING,0.401,0.0078,0.5912
CLUBS FIVE HEARTS JACK,0.6318,0.0122,0.356
SPADES TEN DIAMONDS ACE,0.3406,0.003,0.6564
HEARTS FOUR SPADES TEN,0.6436,0.0104,0.346
CLUBS FIVE HEARTS TEN,0.6366,0.0116,0.3518
HEARTS FOUR SPADES JACK,0.635,0.0136,0.3514
SPADES JACK DIAMONDS ACE,0.3416,0.0034,0.655
SPADES ACE HEARTS FOUR,0.4058,0.0036,0.5906
SPADES ACE DIAMONDS ACE,0.131,0.002,0.867
CLUBS FIVE HEARTS ACE,0.372,0.004,0.624
CLUBS FIVE HEARTS KING,0.3946,0.0076,0.5978
HEARTS FOUR SPADES QUEEN,0.466,0.3026,0.2314
SPADES QUEEN DIAMONDS ACE,0.2372,0.0132,0.7496
CLUBS JACK SPADES FOUR,0.6188,0.0138,0.3674
SPADES KING DIAMONDS ACE,0.3242,0.0022,0.6736
HEARTS FOUR SPADES KING,0.4046,0.0058,0.5896
CLUBS TEN SPADES FOUR,0.6074,0.013,0.3796
DIAMONDS QUEEN DIAMONDS ACE,0.2176,0.0146,0.7678
HEARTS TWO DIAMONDS ACE,0.3972,0.004,0.5988
HEARTS FOUR DIAMONDS QUEEN,0.4726,0.292,0.2354
HEARTS FOUR HEARTS TWO,0.606,0.0156,0.3784
DIAMONDS THREE HEARTS TEN,0.6228,0.0134,0.3638
SPADES FOUR CLUBS KING,0.3966,0.0068,0.5966
HEARTS FIVE DIAMONDS QUEEN,0.468,0.3172,0.2148
HEARTS FIVE HEARTS TWO,0.607,0.0136,0.3794
DIAMONDS THREE HEARTS JACK,0.6412,0.0108,0.348
SPADES FOUR CLUBS QUEEN,0.464,0.3136,0.2224
DIAMONDS QUEEN HEARTS TWO,0.476,0.312,0.212
DIAMONDS KING DIAMONDS QUEEN,0.2186,0.0274,0.754
DIAMONDS KING HEARTS TWO,0.4028,0.0062,0.591
HEARTS THREE DIAMONDS QUEEN,0.476,0.3082,0.2158
HEARTS THREE HEARTS TWO,0.596,0.0134,0.3906
SPADES FOUR CLUBS ACE,0.387,0.0038,0.6092
HEARTS TWO CLUBS ACE,0.4054,0.0054,0.5892
DIAMONDS QUEEN CLUBS ACE,0.233,0.016,0.751
HEARTS TWO CLUBS QUEEN,0.4786,0.3122,0.2092
DIAMONDS QUEEN CLUBS QUEEN,0.0778,0.0232,0.899
HEARTS TWO CLUBS KING,0.391,0.0092,0.5998
DIAMONDS QUEEN CLUBS KING,0.2268,0.0296,0.7436
SPADES EIGHT SPADES FIVE,0.563,0.0144,0.4226
CLUBS TEN HEARTS TWO,0.6428,0.012,0.3452
CLUBS TEN DIAMONDS QUEEN,0.2242,0.1186,0.6572
SPADES NINE SPADES FIVE,0.584,0.0118,0.4042
CLUBS JACK HEARTS TWO,0.6448,0.0128,0.3424
CLUBS JACK DIAMONDS QUEEN,0.2236,0.101,0.6754
SPADES SIX SPADES FIVE,0.5766,0.0102,0.4132
SPADES SEVEN SPADES FIVE,0.6404,0.0436,0.316
DIAMONDS FIVE CLUBS QUEEN,0.4674,0.3004,0.2322
SPADES EIGHT CLUBS ACE,0.3398,0.0048,0.6554
DIAMONDS FIVE CLUBS KING,0.385,0.0064,0.6086
SPADES EIGHT CLUBS KING,0.351,0.0054,0.6436
DIAMONDS FIVE CLUBS ACE,0.375,0.0072,0.6178
SPADES EIGHT CLUBS QUEEN,0.222,0.2318,0.5462
CLUBS JACK SPADES EIGHT,0.5632,0.0086,0.4282
CLUBS TEN SPADES EIGHT,0.559,0.0092,0.4318
CLUBS TEN DIAMONDS FIVE,0.6294,0.013,0.3576
CLUBS JACK DIAMONDS FIVE,0.6192,0.0128,0.368
HEARTS JACK DIAMONDS TEN,0.5532,0.009,0.4378
DIAMONDS TEN HEARTS TEN,0.2898,0.0154,0.6948
SPADES ACE CLUBS NINE,0.3476,0.0048,0.6476
SPADES QUEEN CLUBS NINE,0.208,0.1652,0.6268
SPADES KING CLUBS NINE,0.3434,0.0078,0.6488
HEARTS SIX HEARTS KING,0.3828,0.0076,0.6096
DIAMONDS KING SPADES SEVEN,0.2278,0.0394,0.7328
HEARTS THREE SPADES SEVEN,0.7192,0.0454,0.2354
SPADES KING DIAMONDS SEVEN,0.2442,0.0332,0.7226
SPADES QUEEN DIAMONDS SEVEN,0.0204,0.9604,0.0192
HEARTS THREE SPADES SIX,0.6514,0.0106,0.338
DIAMONDS KING SPADES SIX,0.3848,0.0032,0.612
DIAMONDS KING SPADES NINE,0.3484,0.0056,0.646
HEARTS THREE SPADES NINE,0.6324,0.011,0.3566
