opposingHand,winningChance,drawChance,lostChance
CLUBS JACK CLUBS KING
HEARTS FIVE SPADES TEN,0.7024,0.0062,0.2914
SPADES JACK HEARTS FIVE,0.7508,0.032,0.2172
SPADES FIVE CLUBS TEN,0.7112,0.0068,0.282
CLUBS EIGHT CLUBS TEN,0.6644,0.0092,0.3264
SPADES FIVE CLUBS ACE,0.4466,0.0044,0.549
CLUBS EIGHT CLUBS QUEEN,0.6664,0.0084,0.3252
SPADES FIVE CLUBS QUEEN,0.655,0.0056,0.3394
CLUBS EIGHT CLUBS ACE,0.406,0.0042,0.5898
DIAMONDS TWO DIAMONDS THREE,0.6306,0.0074,0.362
DIAMONDS TWO DIAMONDS FIVE,0.629,0.0086,0.3624
SPADES KING HEARTS FIVE,0.6936,0.0874,0.219
DIAMONDS TWO DIAMONDS FOUR,0.6404,0.0074,0.3522
SPADES QUEEN HEARTS FIVE,0.6746,0.0064,0.319
DIAMONDS TWO DIAMONDS SEVEN,0.654,0.0078,0.3382
DIAMONDS TWO DIAMONDS SIX,0.654,0.007,0.339
SPADES ACE HEARTS FIVE,0.4538,0.005,0.5412
DIAMONDS TWO DIAMONDS NINE,0.6518,0.0082,0.34
DIAMONDS TWO DIAMONDS EIGHT,0.6608,0.0078,0.3314
DIAMONDS THREE DIAMONDS FOUR,0.617,0.0086,0.3744
CLUBS TWO SPADES FOUR,0.655,0.0078,0.3372
DIAMONDS THREE DIAMONDS FIVE,0.6142,0.008,0.3778
CLUBS TWO SPADES FIVE,0.671,0.0102,0.3188
CLUBS TWO SPADES TWO,0.4956,0.0114,0.493
CLUBS TWO SPADES THREE,0.6616,0.0082,0.3302
DIAMONDS THREE DIAMONDS EIGHT,0.6426,0.0052,0.3522
SPADES EIGHT CLUBS TWO,0.6882,0.0078,0.304
DIAMONDS THREE DIAMONDS NINE,0.6406,0.0076,0.3518
SPADES NINE CLUBS TWO,0.6832,0.0072,0.3096
DIAMONDS THREE DIAMONDS SIX,0.6448,0.0066,0.3486
CLUBS TWO SPADES SIX,0.6824,0.0062,0.3114
DIAMONDS THREE DIAMONDS SEVEN,0.6298,0.0088,0.3614
CLUBS TWO SPADES SEVEN,0.6854,0.0066,0.308
CLUBS SIX CLUBS TWO,0.6646,0.009,0.3264
CLUBS SEVEN CLUBS TWO,0.6926,0.0068,0.3006
CLUBS FOUR CLUBS TWO,0.6646,0.012,0.3234
CLUBS FIVE CLUBS TWO,0.6668,0.0076,0.3256
DIAMONDS FOUR DIAMONDS SIX,0.6122,0.0094,0.3784
CLUBS QUEEN CLUBS TEN,0.6372,0.0084,0.3544
DIAMONDS FOUR DIAMONDS SEVEN,0.6314,0.0054,0.3632
CLUBS ACE CLUBS TEN,0.3794,0.0064,0.6142
CLUBS EIGHT CLUBS TWO,0.6818,0.0074,0.3108
DIAMONDS FIVE DIAMONDS FOUR,0.595,0.0094,0.3956
CLUBS NINE CLUBS TWO,0.6944,0.0068,0.2988
DIAMONDS NINE DIAMONDS FOUR,0.6548,0.0054,0.3398
DIAMONDS EIGHT DIAMONDS FOUR,0.6432,0.006,0.3508
CLUBS TWO CLUBS THREE,0.6722,0.0094,0.3184
DIAMONDS NINE DIAMONDS FIVE,0.6414,0.005,0.3536
DIAMONDS EIGHT DIAMONDS FIVE,0.6262,0.0066,0.3672
DIAMONDS TWO CLUBS TEN,0.7014,0.0088,0.2898
DIAMONDS FIVE DIAMONDS SEVEN,0.6158,0.0056,0.3786
DIAMONDS FIVE DIAMONDS SIX,0.6074,0.0068,0.3858
DIAMONDS TWO CLUBS ACE,0.4382,0.005,0.5568
DIAMONDS TWO CLUBS QUEEN,0.6738,0.009,0.3172
DIAMONDS EIGHT DIAMONDS SIX,0.6118,0.007,0.3812
DIAMONDS NINE DIAMONDS SIX,0.6204,0.0078,0.3718
HEARTS ACE SPADES THREE,0.456,0.0034,0.5406
HEARTS KING SPADES THREE,0.6898,0.0846,0.2256
DIAMONDS SEVEN DIAMONDS SIX,0.6012,0.0078,0.391
SPADES THREE HEARTS QUEEN,0.6788,0.0074,0.3138
HEARTS JACK SPADES THREE,0.7574,0.0268,0.2158
SPADES THREE HEARTS TEN,0.7036,0.0064,0.29
DIAMONDS EIGHT DIAMONDS SEVEN,0.617,0.0054,0.3776
DIAMONDS NINE DIAMONDS SEVEN,0.6202,0.0076,0.3722
DIAMONDS NINE DIAMONDS EIGHT,0.618,0.0058,0.3762
DIAMONDS KING HEARTS TEN,0.7036,0.08,0.2164
HEARTS THREE HEARTS TEN,0.6656,0.0092,0.3252
CLUBS SIX SPADES JACK,0.7506,0.0316,0.2178
DIAMONDS KING HEARTS JACK,0.0758,0.902,0.0222
HEARTS THREE HEARTS JACK,0.7074,0.0314,0.2612
CLUBS SIX SPADES TEN,0.6858,0.0068,0.3074
SPADES JACK SPADES FIVE,0.7066,0.0326,0.2608
SPADES TEN SPADES FIVE,0.6544,0.0052,0.3404
DIAMONDS KING HEARTS ACE,0.3014,0.0118,0.6868
HEARTS THREE HEARTS ACE,0.448,0.0036,0.5484
SPADES ACE CLUBS SIX,0.4552,0.0068,0.538
DIAMONDS KING HEARTS QUEEN,0.2912,0.0582,0.6506
HEARTS THREE HEARTS QUEEN,0.6378,0.0068,0.3554
SPADES KING CLUBS SIX,0.685,0.086,0.229
DIAMONDS KING HEARTS KING,0.1504,0.008,0.8416
HEARTS THREE HEARTS KING,0.6574,0.0766,0.266
SPADES QUEEN CLUBS SIX,0.6606,0.0066,0.3328
SPADES NINE HEARTS TEN,0.6526,0.006,0.3414
SPADES NINE HEARTS JACK,0.7258,0.0322,0.242
SPADES QUEEN SPADES FIVE,0.6328,0.0058,0.3614
SPADES KING SPADES FIVE,0.65,0.076,0.274
SPADES ACE SPADES FIVE,0.4332,0.0058,0.561
SPADES NINE HEARTS QUEEN,0.6486,0.005,0.3464
SPADES NINE HEARTS KING,0.7,0.0818,0.2182
SPADES NINE HEARTS ACE,0.458,0.0034,0.5386
SPADES JACK CLUBS TEN,0.707,0.0294,0.2636
SPADES TEN CLUBS TEN,0.457,0.0052,0.5378
SPADES ACE CLUBS TEN,0.433,0.006,0.561
SPADES KING CLUBS TEN,0.6848,0.0862,0.229
SPADES QUEEN CLUBS TEN,0.6222,0.0076,0.3702
SPADES FIVE HEARTS QUEEN,0.6702,0.0084,0.3214
HEARTS KING SPADES FIVE,0.685,0.0802,0.2348
SPADES FIVE HEARTS ACE,0.4652,0.0056,0.5292
CLUBS EIGHT SPADES TEN,0.6584,0.0066,0.335
HEARTS THREE SPADES JACK,0.7594,0.03,0.2106
SPADES JACK DIAMONDS KING,0.0682,0.9116,0.0202
SPADES TEN DIAMONDS KING,0.6906,0.086,0.2234
HEARTS THREE SPADES TEN,0.7016,0.0068,0.2916
CLUBS EIGHT SPADES JACK,0.7436,0.0328,0.2236
SPADES ACE CLUBS EIGHT,0.455,0.004,0.541
CLUBS SIX HEARTS ACE,0.4548,0.0046,0.5406
HEARTS FIVE CLUBS TEN,0.7026,0.0072,0.2902
CLUBS EIGHT SPADES QUEEN,0.6664,0.0062,0.3274
SPADES THREE CLUBS TEN,0.7004,0.0046,0.295
CLUBS SIX HEARTS QUEEN,0.6676,0.0074,0.325
CLUBS EIGHT SPADES KING,0.6904,0.0812,0.2284
CLUBS SIX HEARTS KING,0.6754,0.0904,0.2342
DIAMONDS TWO HEARTS JACK,0.76,0.0334,0.2066
SPADES THREE CLUBS QUEEN,0.669,0.0064,0.3246
DIAMONDS TWO HEARTS TEN,0.7184,0.0072,0.2744
HEARTS FIVE CLUBS ACE,0.4378,0.005,0.5572
SPADES FIVE HEARTS TEN,0.7088,0.006,0.2852
SPADES THREE CLUBS ACE,0.4326,0.0062,0.5612
SPADES FIVE HEARTS JACK,0.7428,0.0322,0.225
HEARTS FIVE CLUBS QUEEN,0.6634,0.0062,0.3304
HEARTS THREE CLUBS QUEEN,0.6734,0.0068,0.3198
DIAMONDS KING CLUBS QUEEN,0.2814,0.0552,0.6634
HEARTS FIVE HEARTS JACK,0.7158,0.0298,0.2544
HEARTS FIVE HEARTS TEN,0.6556,0.0076,0.3368
HEARTS THREE CLUBS ACE,0.4372,0.0066,0.5562
DIAMONDS KING CLUBS ACE,0.262,0.0136,0.7244
SPADES ACE CLUBS QUEEN,0.3898,0.004,0.6062
SPADES KING CLUBS QUEEN,0.2664,0.0578,0.6758
SPADES QUEEN CLUBS QUEEN,0.3108,0.0038,0.6854
HEARTS THREE CLUBS TEN,0.7022,0.0078,0.29
DIAMONDS KING CLUBS TEN,0.6956,0.0838,0.2206
SPADES JACK CLUBS QUEEN,0.7308,0.0292,0.24
CLUBS SIX CLUBS QUEEN,0.6584,0.0082,0.3334
SPADES TEN CLUBS QUEEN,0.6432,0.0062,0.3506
CLUBS SIX CLUBS ACE,0.4118,0.0068,0.5814
HEARTS FIVE HEARTS KING,0.6388,0.0848,0.2764
HEARTS FIVE HEARTS QUEEN,0.6396,0.009,0.3514
CLUBS SIX CLUBS TEN,0.6832,0.0064,0.3104
HEARTS FIVE HEARTS ACE,0.4312,0.0052,0.5636
SPADES SEVEN HEARTS JACK,0.7504,0.03,0.2196
SPADES SEVEN HEARTS TEN,0.674,0.0072,0.3188
DIAMONDS TWO CLUBS TWO,0.4902,0.0112,0.4986
DIAMONDS TWO CLUBS THREE,0.6756,0.008,0.3164
HEARTS SIX DIAMONDS TWO,0.6828,0.006,0.3112
DIAMONDS TWO HEARTS QUEEN,0.6714,0.0084,0.3202
DIAMONDS TWO HEARTS SEVEN,0.685,0.0074,0.3076
DIAMONDS TWO HEARTS KING,0.7032,0.08,0.2168
DIAMONDS TWO HEARTS EIGHT,0.6944,0.0074,0.2982
DIAMONDS TWO HEARTS ACE,0.4618,0.0056,0.5326
DIAMONDS TWO HEARTS NINE,0.708,0.0076,0.2844
DIAMONDS TWO DIAMONDS QUEEN,0.644,0.0074,0.3486
DIAMONDS TWO HEARTS TWO,0.5014,0.0098,0.4888
DIAMONDS TWO DIAMONDS KING,0.6656,0.0804,0.254
HEARTS THREE DIAMONDS TWO,0.6768,0.0078,0.3154
DIAMONDS TWO DIAMONDS ACE,0.4408,0.0052,0.554
HEARTS FOUR DIAMONDS TWO,0.6714,0.0068,0.3218
DIAMONDS TWO HEARTS FIVE,0.665,0.0094,0.3256
SPADES SEVEN HEARTS ACE,0.4678,0.0056,0.5266
DIAMONDS TWO DIAMONDS TEN,0.6662,0.005,0.3288
SPADES SEVEN HEARTS KING,0.6954,0.0766,0.228
DIAMONDS TWO DIAMONDS JACK,0.7216,0.0322,0.2462
SPADES SEVEN HEARTS QUEEN,0.6638,0.006,0.3302
DIAMONDS TWO SPADES NINE,0.706,0.0078,0.2862
DIAMONDS TWO SPADES EIGHT,0.6866,0.006,0.3074
DIAMONDS TWO SPADES SEVEN,0.6938,0.0064,0.2998
DIAMONDS TWO SPADES SIX,0.675,0.0084,0.3166
DIAMONDS TWO SPADES FIVE,0.6632,0.008,0.3288
DIAMONDS TWO SPADES FOUR,0.6726,0.0094,0.318
DIAMONDS TWO SPADES THREE,0.669,0.011,0.32
DIAMONDS TWO SPADES TWO,0.507,0.0116,0.4814
CLUBS NINE DIAMONDS TWO,0.6992,0.0072,0.2936
CLUBS EIGHT DIAMONDS TWO,0.6962,0.0084,0.2954
DIAMONDS TWO CLUBS SEVEN,0.6858,0.0078,0.3064
CLUBS SIX DIAMONDS TWO,0.6768,0.0068,0.3164
DIAMONDS TWO CLUBS FIVE,0.6606,0.0102,0.3292
DIAMONDS TWO CLUBS FOUR,0.6654,0.009,0.3256
CLUBS FOUR SPADES FIVE,0.6466,0.0062,0.3472
CLUBS FOUR SPADES FOUR,0.5074,0.0084,0.4842
CLUBS FOUR SPADES THREE,0.66,0.009,0.331
CLUBS FOUR SPADES TWO,0.6586,0.0092,0.3322
CLUBS FOUR SPADES NINE,0.6876,0.0082,0.3042
CLUBS FOUR SPADES EIGHT,0.664,0.0068,0.3292
CLUBS FOUR SPADES SEVEN,0.6686,0.0076,0.3238
CLUBS FOUR SPADES SIX,0.6532,0.008,0.3388
SPADES ACE DIAMONDS SIX,0.4724,0.0046,0.523
SPADES QUEEN DIAMONDS SIX,0.6702,0.0054,0.3244
SPADES KING DIAMONDS SIX,0.6854,0.0854,0.2292
SPADES TEN DIAMONDS SIX,0.6926,0.0072,0.3002
SPADES JACK DIAMONDS SIX,0.7474,0.028,0.2246
SPADES QUEEN SPADES TWO,0.6384,0.0076,0.354
SPADES KING SPADES TWO,0.6594,0.0796,0.261
SPADES ACE SPADES TWO,0.4344,0.007,0.5586
DIAMONDS JACK CLUBS TEN,0.719,0.0316,0.2494
DIAMONDS JACK CLUBS QUEEN,0.7244,0.0252,0.2504
DIAMONDS THREE DIAMONDS JACK,0.6944,0.0284,0.2772
DIAMONDS THREE DIAMONDS TEN,0.6522,0.0052,0.3426
DIAMONDS JACK CLUBS ACE,0.2722,0.0152,0.7126
DIAMONDS THREE DIAMONDS KING,0.6556,0.0788,0.2656
HEARTS THREE DIAMONDS THREE,0.509,0.012,0.479
DIAMONDS THREE DIAMONDS QUEEN,0.6302,0.008,0.3618
DIAMONDS THREE HEARTS TWO,0.6668,0.0064,0.3268
HEARTS FIVE DIAMONDS THREE,0.6598,0.0088,0.3314
DIAMONDS THREE DIAMONDS ACE,0.4282,0.0048,0.567
HEARTS FOUR DIAMONDS THREE,0.6454,0.0062,0.3484
DIAMONDS THREE HEARTS SEVEN,0.672,0.0056,0.3224
SPADES TEN SPADES NINE,0.6248,0.0082,0.367
HEARTS SIX DIAMONDS THREE,0.6612,0.0084,0.3304
SPADES JACK SPADES NINE,0.6902,0.0244,0.2854
DIAMONDS THREE HEARTS NINE,0.6872,0.0076,0.3052
HEARTS JACK DIAMONDS FOUR,0.7526,0.0312,0.2162
HEARTS KING HEARTS ACE,0.284,0.0098,0.7062
SPADES TEN SPADES TWO,0.661,0.0064,0.3326
DIAMONDS THREE HEARTS EIGHT,0.697,0.0072,0.2958
HEARTS TEN DIAMONDS FOUR,0.7036,0.0048,0.2916
SPADES JACK SPADES TWO,0.7182,0.0316,0.2502
HEARTS QUEEN DIAMONDS FOUR,0.6604,0.0058,0.3338
HEARTS KING DIAMONDS FOUR,0.6942,0.0836,0.2222
SPADES ACE SPADES NINE,0.4232,0.005,0.5718
HEARTS ACE DIAMONDS FOUR,0.4666,0.006,0.5274
SPADES KING SPADES NINE,0.67,0.0766,0.2534
SPADES QUEEN SPADES NINE,0.6156,0.0048,0.3796
DIAMONDS THREE SPADES NINE,0.7004,0.0064,0.2932
DIAMONDS THREE SPADES EIGHT,0.6896,0.0096,0.3008
DIAMONDS THREE SPADES SEVEN,0.6788,0.0074,0.3138
DIAMONDS THREE SPADES SIX,0.6786,0.0054,0.316
CLUBS SIX DIAMONDS THREE,0.663,0.0092,0.3278
CLUBS ACE DIAMONDS FOUR,0.4428,0.0054,0.5518
CLUBS SIX CLUBS FIVE,0.6314,0.0106,0.358
CLUBS SEVEN CLUBS FIVE,0.6356,0.009,0.3554
CLUBS SEVEN DIAMONDS THREE,0.6902,0.007,0.3028
DIAMONDS THREE CLUBS FOUR,0.6456,0.0096,0.3448
DIAMONDS FOUR CLUBS QUEEN,0.6648,0.0078,0.3274
DIAMONDS THREE CLUBS FIVE,0.6452,0.01,0.3448
DIAMONDS THREE CLUBS TWO,0.6666,0.0076,0.3258
DIAMONDS FOUR CLUBS TEN,0.714,0.0078,0.2782
DIAMONDS THREE CLUBS THREE,0.501,0.0076,0.4914
DIAMONDS THREE SPADES FOUR,0.6534,0.0082,0.3384
DIAMONDS THREE SPADES FIVE,0.6554,0.0084,0.3362
DIAMONDS THREE SPADES TWO,0.6822,0.0072,0.3106
DIAMONDS THREE SPADES THREE,0.5154,0.0096,0.475
CLUBS EIGHT DIAMONDS THREE,0.6956,0.0098,0.2946
CLUBS NINE DIAMONDS THREE,0.6776,0.0096,0.3128
SPADES SEVEN CLUBS ACE,0.4468,0.0036,0.5496
SPADES SEVEN CLUBS QUEEN,0.677,0.0062,0.3168
CLUBS FIVE SPADES SEVEN,0.6434,0.0054,0.3512
SPADES SEVEN CLUBS TEN,0.6762,0.0084,0.3154
CLUBS FIVE SPADES SIX,0.6402,0.008,0.3518
SPADES NINE CLUBS FIVE,0.671,0.0066,0.3224
CLUBS FIVE SPADES EIGHT,0.6612,0.0074,0.3314
CLUBS FIVE SPADES THREE,0.648,0.0074,0.3446
CLUBS FIVE SPADES TWO,0.6612,0.0098,0.329
CLUBS FIVE SPADES FIVE,0.5032,0.0076,0.4892
CLUBS FIVE SPADES FOUR,0.6454,0.0068,0.3478
CLUBS NINE CLUBS FIVE,0.6776,0.0066,0.3158
CLUBS EIGHT CLUBS FIVE,0.6628,0.007,0.3302
CLUBS ACE CLUBS QUEEN,0.3558,0.0048,0.6394
DIAMONDS TEN DIAMONDS FOUR,0.657,0.0078,0.3352
DIAMONDS NINE CLUBS TEN,0.649,0.0078,0.3432
DIAMONDS JACK DIAMONDS FOUR,0.708,0.0298,0.2622
SPADES NINE CLUBS TEN,0.6714,0.0052,0.3234
DIAMONDS ACE DIAMONDS FOUR,0.4398,0.0042,0.556
HEARTS FOUR DIAMONDS FOUR,0.4966,0.006,0.4974
DIAMONDS JACK HEARTS TEN,0.7218,0.0246,0.2536
DIAMONDS TWO SPADES TEN,0.7002,0.0078,0.292
DIAMONDS NINE CLUBS ACE,0.4406,0.004,0.5554
HEARTS FIVE DIAMONDS FOUR,0.652,0.0076,0.3404
HEARTS JACK DIAMONDS JACK,0.35,0.0162,0.6338
SPADES NINE CLUBS QUEEN,0.6372,0.0076,0.3552
DIAMONDS TWO SPADES JACK,0.752,0.0282,0.2198
DIAMONDS QUEEN DIAMONDS FOUR,0.6298,0.0056,0.3646
HEARTS TWO DIAMONDS FOUR,0.6802,0.0092,0.3106
DIAMONDS NINE CLUBS QUEEN,0.6562,0.0072,0.3366
DIAMONDS KING DIAMONDS FOUR,0.6558,0.08,0.2642
HEARTS THREE DIAMONDS FOUR,0.6562,0.0098,0.334
SPADES NINE CLUBS ACE,0.4516,0.005,0.5434
HEARTS ACE DIAMONDS JACK,0.29,0.0142,0.6958
SPADES ACE DIAMONDS TWO,0.4566,0.0048,0.5386
DIAMONDS JACK HEARTS QUEEN,0.7372,0.0252,0.2376
SPADES QUEEN DIAMONDS TWO,0.674,0.0068,0.3192
HEARTS KING DIAMONDS JACK,0.071,0.9104,0.0186
SPADES KING DIAMONDS TWO,0.7058,0.0846,0.2096
SPADES JACK SPADES SEVEN,0.7102,0.0264,0.2634
SPADES TEN SPADES SEVEN,0.6388,0.005,0.3562
CLUBS SEVEN CLUBS THREE,0.6824,0.0072,0.3104
CLUBS SIX CLUBS THREE,0.6618,0.0074,0.3308
CLUBS FIVE CLUBS THREE,0.639,0.009,0.352
CLUBS FOUR CLUBS THREE,0.6492,0.0078,0.343
CLUBS NINE CLUBS THREE,0.6858,0.0094,0.3048
CLUBS EIGHT CLUBS THREE,0.691,0.0096,0.2994
CLUBS THREE SPADES FIVE,0.6468,0.0068,0.3464
CLUBS THREE SPADES FOUR,0.6574,0.0072,0.3354
CLUBS THREE SPADES THREE,0.4974,0.0092,0.4934
CLUBS THREE SPADES TWO,0.6726,0.01,0.3174
CLUBS THREE SPADES SIX,0.667,0.0066,0.3264
SPADES SEVEN CLUBS THREE,0.6822,0.0056,0.3122
SPADES EIGHT CLUBS THREE,0.6838,0.006,0.3102
SPADES NINE CLUBS THREE,0.6906,0.007,0.3024
SPADES TWO DIAMONDS FOUR,0.6782,0.0062,0.3156
SPADES THREE DIAMONDS FOUR,0.655,0.009,0.336
SPADES FOUR DIAMONDS FOUR,0.511,0.0072,0.4818
SPADES FIVE DIAMONDS FOUR,0.6288,0.009,0.3622
SPADES SIX DIAMONDS FOUR,0.6558,0.009,0.3352
SPADES SEVEN DIAMONDS FOUR,0.6734,0.0068,0.3198
SPADES EIGHT DIAMONDS FOUR,0.6758,0.0066,0.3176
SPADES NINE DIAMONDS FOUR,0.6902,0.0088,0.301
CLUBS FIVE DIAMONDS FOUR,0.6342,0.009,0.3568
CLUBS FOUR DIAMONDS FOUR,0.497,0.0094,0.4936
CLUBS SEVEN DIAMONDS FOUR,0.6532,0.0106,0.3362
CLUBS SIX DIAMONDS FOUR,0.652,0.0082,0.3398
CLUBS NINE DIAMONDS FOUR,0.687,0.0082,0.3048
CLUBS EIGHT DIAMONDS FOUR,0.6694,0.009,0.3216
DIAMONDS FOUR HEARTS SEVEN,0.6708,0.0078,0.3214
HEARTS SIX DIAMONDS FOUR,0.658,0.0072,0.3348
HEARTS NINE DIAMONDS FOUR,0.7068,0.0064,0.2868
DIAMONDS FOUR HEARTS EIGHT,0.671,0.007,0.322
CLUBS THREE DIAMONDS FOUR,0.6612,0.0068,0.332
CLUBS TWO DIAMONDS FOUR,0.6686,0.0082,0.3232
DIAMONDS TEN DIAMONDS FIVE,0.6546,0.006,0.3394
DIAMONDS JACK DIAMONDS FIVE,0.7064,0.0306,0.263
DIAMONDS NINE HEARTS QUEEN,0.654,0.007,0.339
HEARTS KING DIAMONDS NINE,0.7004,0.08,0.2196
DIAMONDS NINE HEARTS ACE,0.4556,0.0022,0.5422
DIAMONDS NINE HEARTS TEN,0.6572,0.0098,0.333
DIAMONDS NINE HEARTS JACK,0.726,0.0288,0.2452
CLUBS QUEEN DIAMONDS SIX,0.6696,0.008,0.3224
CLUBS ACE DIAMONDS SIX,0.4444,0.0042,0.5514
SPADES KING DIAMONDS FOUR,0.695,0.072,0.233
SPADES ACE SPADES SEVEN,0.4346,0.0044,0.561
SPADES QUEEN DIAMONDS FOUR,0.6664,0.0068,0.3268
SPADES QUEEN SPADES SEVEN,0.6442,0.0062,0.3496
SPADES KING SPADES SEVEN,0.6526,0.0836,0.2638
SPADES ACE DIAMONDS FOUR,0.4566,0.004,0.5394
CLUBS TEN DIAMONDS SIX,0.6856,0.0076,0.3068
CLUBS NINE CLUBS FOUR,0.6906,0.006,0.3034
CLUBS EIGHT CLUBS FOUR,0.672,0.0114,0.3166
SPADES JACK DIAMONDS FOUR,0.7576,0.032,0.2104
SPADES TEN DIAMONDS FOUR,0.6962,0.0074,0.2964
CLUBS FOUR CLUBS FIVE,0.635,0.0096,0.3554
CLUBS SEVEN CLUBS FOUR,0.652,0.0066,0.3414
CLUBS SIX CLUBS FOUR,0.6506,0.008,0.3414
CLUBS SEVEN SPADES EIGHT,0.6306,0.0082,0.3612
CLUBS SEVEN SPADES NINE,0.6496,0.0076,0.3428
CLUBS SEVEN SPADES SIX,0.6488,0.0072,0.344
CLUBS SEVEN SPADES SEVEN,0.4968,0.007,0.4962
CLUBS SEVEN SPADES FIVE,0.6346,0.0072,0.3582
CLUBS SEVEN SPADES FOUR,0.6662,0.009,0.3248
CLUBS SEVEN SPADES THREE,0.6868,0.0098,0.3034
CLUBS SEVEN SPADES TWO,0.6832,0.007,0.3098
CLUBS NINE CLUBS SEVEN,0.6518,0.0068,0.3414
CLUBS EIGHT CLUBS SEVEN,0.6372,0.008,0.3548
HEARTS SIX DIAMONDS FIVE,0.649,0.0078,0.3432
DIAMONDS FIVE HEARTS SEVEN,0.6522,0.0084,0.3394
DIAMONDS FIVE HEARTS EIGHT,0.6652,0.0078,0.327
HEARTS NINE DIAMONDS FIVE,0.6846,0.0064,0.309
DIAMONDS QUEEN DIAMONDS FIVE,0.6262,0.006,0.3678
HEARTS TWO DIAMONDS FIVE,0.6638,0.007,0.3292
HEARTS KING HEARTS EIGHT,0.6444,0.0812,0.2744
DIAMONDS KING DIAMONDS FIVE,0.6454,0.0808,0.2738
HEARTS THREE DIAMONDS FIVE,0.6444,0.0076,0.348
HEARTS QUEEN HEARTS EIGHT,0.6236,0.0048,0.3716
DIAMONDS ACE DIAMONDS FIVE,0.4302,0.0054,0.5644
HEARTS FOUR DIAMONDS FIVE,0.651,0.0058,0.3432
HEARTS FIVE DIAMONDS FIVE,0.494,0.0094,0.4966
HEARTS ACE HEARTS EIGHT,0.4364,0.003,0.5606
CLUBS FOUR DIAMONDS FIVE,0.6466,0.0082,0.3452
CLUBS FIVE DIAMONDS FIVE,0.4998,0.008,0.4922
CLUBS SIX DIAMONDS FIVE,0.641,0.007,0.352
CLUBS SEVEN DIAMONDS FIVE,0.6598,0.0038,0.3364
CLUBS TWO DIAMONDS FIVE,0.6632,0.0066,0.3302
CLUBS THREE DIAMONDS FIVE,0.6582,0.0088,0.333
SPADES THREE DIAMONDS FIVE,0.6534,0.0076,0.339
SPADES TWO DIAMONDS FIVE,0.66,0.006,0.334
SPADES JACK DIAMONDS EIGHT,0.7388,0.031,0.2302
SPADES FIVE DIAMONDS FIVE,0.5118,0.0074,0.4808
HEARTS JACK CLUBS TEN,0.73,0.0286,0.2414
SPADES TEN DIAMONDS EIGHT,0.6844,0.0054,0.3102
SPADES FOUR DIAMONDS FIVE,0.6532,0.006,0.3408
HEARTS JACK CLUBS QUEEN,0.7262,0.0216,0.2522
CLUBS NINE DIAMONDS FIVE,0.6822,0.0062,0.3116
CLUBS EIGHT DIAMONDS FIVE,0.6504,0.0082,0.3414
HEARTS JACK CLUBS ACE,0.2878,0.0182,0.694
SPADES SEVEN DIAMONDS FIVE,0.6518,0.0062,0.342
SPADES KING DIAMONDS EIGHT,0.6908,0.0858,0.2234
SPADES QUEEN DIAMONDS EIGHT,0.6732,0.0058,0.321
SPADES SIX DIAMONDS FIVE,0.6506,0.0082,0.3412
SPADES NINE DIAMONDS FIVE,0.6742,0.0068,0.319
SPADES EIGHT DIAMONDS FIVE,0.667,0.0076,0.3254
SPADES ACE DIAMONDS EIGHT,0.4528,0.004,0.5432
DIAMONDS TEN DIAMONDS SIX,0.649,0.007,0.344
HEARTS ACE DIAMONDS SEVEN,0.468,0.0028,0.5292
DIAMONDS JACK DIAMONDS SIX,0.7032,0.0302,0.2666
HEARTS QUEEN DIAMONDS SEVEN,0.6708,0.0066,0.3226
HEARTS KING DIAMONDS SEVEN,0.6888,0.0822,0.229
DIAMONDS ACE DIAMONDS SIX,0.43,0.0046,0.5654
HEARTS FOUR DIAMONDS SIX,0.6594,0.0086,0.332
HEARTS JACK SPADES TWO,0.7636,0.0342,0.2022
HEARTS FIVE DIAMONDS SIX,0.6378,0.0072,0.355
SPADES TWO HEARTS TEN,0.7,0.0072,0.2928
DIAMONDS QUEEN DIAMONDS SIX,0.6262,0.0072,0.3666
HEARTS TWO DIAMONDS SIX,0.6864,0.0072,0.3064
DIAMONDS KING DIAMONDS SIX,0.658,0.0738,0.2682
HEARTS THREE DIAMONDS SIX,0.6696,0.0052,0.3252
HEARTS EIGHT DIAMONDS SIX,0.6458,0.0062,0.348
HEARTS NINE DIAMONDS SIX,0.676,0.0072,0.3168
HEARTS SIX DIAMONDS SIX,0.4938,0.0074,0.4988
HEARTS SEVEN DIAMONDS SIX,0.659,0.005,0.336
HEARTS TEN DIAMONDS SEVEN,0.6764,0.0072,0.3164
CLUBS TWO DIAMONDS SIX,0.6848,0.0092,0.306
HEARTS JACK DIAMONDS SEVEN,0.7378,0.027,0.2352
CLUBS THREE DIAMONDS SIX,0.6716,0.0082,0.3202
CLUBS SEVEN DIAMONDS SIX,0.6428,0.0058,0.3514
CLUBS SIX DIAMONDS SIX,0.4964,0.0106,0.493
DIAMONDS EIGHT CLUBS TEN,0.6638,0.0086,0.3276
CLUBS FIVE DIAMONDS SIX,0.6482,0.0054,0.3464
CLUBS FOUR DIAMONDS SIX,0.6614,0.0074,0.3312
HEARTS ACE HEARTS JACK,0.281,0.0168,0.7022
DIAMONDS EIGHT CLUBS ACE,0.4596,0.0036,0.5368
HEARTS JACK HEARTS QUEEN,0.7042,0.0234,0.2724
CLUBS NINE DIAMONDS SIX,0.675,0.008,0.317
HEARTS KING HEARTS JACK,0.0674,0.8692,0.0634
DIAMONDS EIGHT CLUBS QUEEN,0.6672,0.0056,0.3272
CLUBS EIGHT DIAMONDS SIX,0.6642,0.008,0.3278
SPADES TEN HEARTS KING,0.683,0.0882,0.2288
SPADES FIVE DIAMONDS SIX,0.6502,0.0056,0.3442
HEARTS ACE SPADES TWO,0.455,0.0046,0.5404
SPADES JACK HEARTS KING,0.0704,0.9054,0.0242
SPADES FOUR DIAMONDS SIX,0.6658,0.0074,0.3268
SPADES THREE DIAMONDS SIX,0.6726,0.0052,0.3222
HEARTS QUEEN SPADES TWO,0.6738,0.0074,0.3188
SPADES ACE SPADES KING,0.2732,0.0114,0.7154
HEARTS KING SPADES TWO,0.705,0.0824,0.2126
SPADES TWO DIAMONDS SIX,0.6784,0.0084,0.3132
HEARTS TEN HEARTS EIGHT,0.634,0.0074,0.3586
SPADES NINE DIAMONDS SIX,0.672,0.0066,0.3214
HEARTS JACK HEARTS EIGHT,0.7056,0.0344,0.26
SPADES EIGHT DIAMONDS SIX,0.6388,0.0064,0.3548
SPADES SEVEN DIAMONDS SIX,0.6516,0.0056,0.3428
SPADES SIX DIAMONDS SIX,0.5104,0.0078,0.4818
SPADES KING HEARTS KING,0.1418,0.0132,0.845
SPADES QUEEN HEARTS KING,0.2888,0.0576,0.6536
SPADES ACE HEARTS KING,0.2852,0.0132,0.7016
SPADES ACE HEARTS JACK,0.2954,0.0172,0.6874
SPADES QUEEN HEARTS JACK,0.7446,0.025,0.2304
SPADES KING HEARTS JACK,0.0772,0.901,0.0218
SPADES TEN DIAMONDS TEN,0.4598,0.0052,0.535
SPADES JACK DIAMONDS TEN,0.7334,0.0226,0.244
SPADES ACE DIAMONDS TEN,0.4396,0.0042,0.5562
SPADES JACK HEARTS JACK,0.3614,0.0144,0.6242
SPADES TEN HEARTS JACK,0.7248,0.0274,0.2478
SPADES QUEEN DIAMONDS TEN,0.6346,0.0066,0.3588
SPADES KING DIAMONDS TEN,0.6976,0.088,0.2144
SPADES NINE DIAMONDS SEVEN,0.6628,0.007,0.3302
SPADES EIGHT DIAMONDS SEVEN,0.641,0.0064,0.3526
SPADES SEVEN DIAMONDS SEVEN,0.504,0.006,0.49
SPADES SIX DIAMONDS SEVEN,0.6486,0.006,0.3454
DIAMONDS KING DIAMONDS SEVEN,0.6436,0.0802,0.2762
HEARTS THREE DIAMONDS SEVEN,0.6856,0.0054,0.309
HEARTS KING DIAMONDS FIVE,0.6916,0.0854,0.223
DIAMONDS QUEEN DIAMONDS SEVEN,0.6408,0.007,0.3522
HEARTS TWO DIAMONDS SEVEN,0.694,0.0066,0.2994
HEARTS QUEEN DIAMONDS FIVE,0.6864,0.0072,0.3064
HEARTS FIVE DIAMONDS SEVEN,0.6638,0.0046,0.3316
DIAMONDS ACE DIAMONDS SEVEN,0.4396,0.0048,0.5556
HEARTS FOUR DIAMONDS SEVEN,0.658,0.0058,0.3362
HEARTS ACE DIAMONDS FIVE,0.4614,0.0044,0.5342
HEARTS SEVEN DIAMONDS SEVEN,0.4964,0.0064,0.4972
HEARTS SIX DIAMONDS SEVEN,0.6466,0.0044,0.349
HEARTS NINE DIAMONDS SEVEN,0.6676,0.005,0.3274
DIAMONDS SEVEN HEARTS EIGHT,0.6524,0.0084,0.3392
DIAMONDS JACK DIAMONDS SEVEN,0.7038,0.0274,0.2688
HEARTS JACK DIAMONDS FIVE,0.753,0.0342,0.2128
DIAMONDS TEN DIAMONDS SEVEN,0.6426,0.0044,0.353
DIAMONDS FIVE HEARTS TEN,0.709,0.0046,0.2864
SPADES KING CLUBS TWO,0.696,0.0858,0.2182
CLUBS EIGHT DIAMONDS SEVEN,0.6556,0.0054,0.339
SPADES QUEEN CLUBS TWO,0.6632,0.0088,0.328
HEARTS KING CLUBS QUEEN,0.272,0.0634,0.6646
CLUBS NINE DIAMONDS SEVEN,0.6596,0.0056,0.3348
SPADES ACE CLUBS TWO,0.4582,0.0042,0.5376
SPADES TWO CLUBS TEN,0.6966,0.008,0.2954
HEARTS KING CLUBS ACE,0.278,0.0106,0.7114
CLUBS SIX CLUBS SEVEN,0.63,0.008,0.362
SPADES TWO DIAMONDS SEVEN,0.687,0.0092,0.3038
CLUBS EIGHT CLUBS SIX,0.66,0.0084,0.3316
SPADES THREE DIAMONDS SEVEN,0.6842,0.009,0.3068
SPADES TWO CLUBS QUEEN,0.6808,0.008,0.3112
CLUBS NINE CLUBS SIX,0.6718,0.0058,0.3224
SPADES FOUR DIAMONDS SEVEN,0.6754,0.0062,0.3184
SPADES FIVE DIAMONDS SEVEN,0.662,0.0068,0.3312
SPADES TWO CLUBS ACE,0.459,0.0052,0.5358
HEARTS KING CLUBS TEN,0.6814,0.0868,0.2318
CLUBS SIX SPADES TWO,0.6686,0.0054,0.326
CLUBS SIX SPADES THREE,0.6636,0.0076,0.3288
CLUBS TWO DIAMONDS SEVEN,0.6906,0.0066,0.3028
CLUBS SIX SPADES FOUR,0.6564,0.0086,0.335
CLUBS THREE DIAMONDS SEVEN,0.6834,0.0086,0.308
CLUBS SIX SPADES FIVE,0.6368,0.0074,0.3558
CLUBS FOUR DIAMONDS SEVEN,0.6608,0.0082,0.331
CLUBS SIX SPADES SIX,0.4974,0.006,0.4966
CLUBS FIVE DIAMONDS SEVEN,0.6472,0.0072,0.3456
CLUBS SIX SPADES SEVEN,0.6546,0.007,0.3384
CLUBS SIX DIAMONDS SEVEN,0.6474,0.0058,0.3468
CLUBS SIX SPADES EIGHT,0.6706,0.0074,0.322
SPADES JACK CLUBS TWO,0.762,0.0314,0.2066
CLUBS SIX SPADES NINE,0.6784,0.009,0.3126
SPADES TEN CLUBS TWO,0.6992,0.0062,0.2946
CLUBS SEVEN DIAMONDS SEVEN,0.482,0.006,0.512
CLUBS TWO CLUBS QUEEN,0.6686,0.0086,0.3228
CLUBS THREE DIAMONDS EIGHT,0.6782,0.0064,0.3154
CLUBS TWO CLUBS ACE,0.4016,0.0064,0.592
CLUBS TWO DIAMONDS EIGHT,0.682,0.0072,0.3108
DIAMONDS EIGHT HEARTS SEVEN,0.653,0.0066,0.3404
HEARTS SIX DIAMONDS EIGHT,0.6608,0.0078,0.3314
DIAMONDS EIGHT HEARTS NINE,0.6476,0.0056,0.3468
CLUBS TWO CLUBS TEN,0.6962,0.0106,0.2932
DIAMONDS EIGHT HEARTS EIGHT,0.4872,0.007,0.5058
CLUBS NINE DIAMONDS EIGHT,0.6544,0.0094,0.3362
CLUBS EIGHT DIAMONDS EIGHT,0.49,0.0084,0.5016
CLUBS FIVE DIAMONDS EIGHT,0.6516,0.0072,0.3412
SPADES ACE SPADES THREE,0.4404,0.0064,0.5532
CLUBS FOUR DIAMONDS EIGHT,0.6842,0.0056,0.3102
SPADES QUEEN SPADES THREE,0.642,0.0064,0.3516
CLUBS SEVEN DIAMONDS EIGHT,0.6324,0.0062,0.3614
CLUBS SIX DIAMONDS EIGHT,0.6638,0.0062,0.33
SPADES KING SPADES THREE,0.6554,0.077,0.2676
DIAMONDS QUEEN DIAMONDS EIGHT,0.621,0.0088,0.3702
HEARTS TWO DIAMONDS EIGHT,0.6876,0.0076,0.3048
DIAMONDS KING DIAMONDS EIGHT,0.659,0.0788,0.2622
HEARTS THREE DIAMONDS EIGHT,0.6904,0.0058,0.3038
DIAMONDS ACE DIAMONDS EIGHT,0.4294,0.005,0.5656
HEARTS FOUR DIAMONDS EIGHT,0.677,0.0064,0.3166
HEARTS FIVE DIAMONDS EIGHT,0.6552,0.0054,0.3394
DIAMONDS EIGHT DIAMONDS TEN,0.614,0.0072,0.3788
DIAMONDS EIGHT DIAMONDS JACK,0.712,0.0258,0.2622
SPADES JACK SPADES THREE,0.7112,0.031,0.2578
SPADES TEN SPADES THREE,0.6632,0.0054,0.3314
CLUBS FOUR HEARTS ACE,0.4508,0.0042,0.545
CLUBS FOUR HEARTS QUEEN,0.6686,0.007,0.3244
CLUBS FOUR HEARTS KING,0.6862,0.0814,0.2324
CLUBS SIX HEARTS TEN,0.6888,0.0058,0.3054
CLUBS SIX HEARTS JACK,0.7386,0.0352,0.2262
DIAMONDS EIGHT SPADES FOUR,0.6732,0.0062,0.3206
SPADES FIVE DIAMONDS EIGHT,0.663,0.004,0.333
DIAMONDS EIGHT SPADES TWO,0.6928,0.0074,0.2998
DIAMONDS EIGHT SPADES THREE,0.6868,0.006,0.3072
CLUBS FOUR HEARTS JACK,0.7542,0.0352,0.2106
SPADES EIGHT DIAMONDS EIGHT,0.4996,0.0068,0.4936
SPADES TEN DIAMONDS QUEEN,0.6394,0.0052,0.3554
SPADES TEN HEARTS TWO,0.7036,0.0068,0.2896
SPADES JACK HEARTS EIGHT,0.7382,0.0268,0.235
CLUBS FOUR HEARTS TEN,0.6876,0.0054,0.307
SPADES NINE DIAMONDS EIGHT,0.6566,0.007,0.3364
SPADES TEN HEARTS EIGHT,0.6614,0.0066,0.332
SPADES JACK HEARTS TWO,0.7598,0.0302,0.21
SPADES JACK DIAMONDS QUEEN,0.746,0.0226,0.2314
SPADES SIX DIAMONDS EIGHT,0.6618,0.008,0.3302
SPADES SEVEN DIAMONDS EIGHT,0.6528,0.0054,0.3418
SPADES ACE HEARTS TWO,0.4622,0.0058,0.532
SPADES ACE DIAMONDS QUEEN,0.4174,0.005,0.5776
SPADES ACE HEARTS EIGHT,0.4614,0.0036,0.535
SPADES KING HEARTS EIGHT,0.7,0.0844,0.2156
SPADES QUEEN HEARTS TWO,0.6768,0.0076,0.3156
SPADES QUEEN DIAMONDS QUEEN,0.3228,0.0032,0.674
SPADES KING DIAMONDS QUEEN,0.2854,0.0538,0.6608
SPADES KING HEARTS TWO,0.6994,0.0826,0.218
SPADES QUEEN HEARTS EIGHT,0.664,0.0064,0.3296
CLUBS TWO HEARTS TEN,0.6872,0.0118,0.301
CLUBS TWO HEARTS JACK,0.7604,0.0326,0.207
SPADES SEVEN DIAMONDS NINE,0.6664,0.0056,0.328
SPADES SIX DIAMONDS NINE,0.6556,0.0056,0.3388
SPADES NINE DIAMONDS NINE,0.4798,0.0048,0.5154
SPADES EIGHT DIAMONDS NINE,0.6444,0.0064,0.3492
DIAMONDS NINE SPADES THREE,0.6838,0.0052,0.311
DIAMONDS NINE SPADES TWO,0.6882,0.0084,0.3034
DIAMONDS NINE SPADES FIVE,0.6802,0.0068,0.313
DIAMONDS NINE SPADES FOUR,0.678,0.0064,0.3156
CLUBS NINE DIAMONDS NINE,0.48,0.0068,0.5132
CLUBS EIGHT DIAMONDS NINE,0.6478,0.0068,0.3454
CLUBS SIX DIAMONDS NINE,0.6646,0.0068,0.3286
SPADES JACK CLUBS FOUR,0.746,0.0328,0.2212
SPADES TEN CLUBS FOUR,0.6876,0.0074,0.305
CLUBS SEVEN DIAMONDS NINE,0.6454,0.0078,0.3468
CLUBS FOUR DIAMONDS NINE,0.6854,0.0076,0.307
CLUBS FIVE DIAMONDS NINE,0.6872,0.0084,0.3044
CLUBS TWO DIAMONDS NINE,0.6892,0.0074,0.3034
CLUBS THREE DIAMONDS NINE,0.6888,0.0082,0.303
DIAMONDS NINE HEARTS EIGHT,0.6442,0.0062,0.3496
DIAMONDS NINE HEARTS NINE,0.4886,0.0054,0.506
HEARTS SIX DIAMONDS NINE,0.6722,0.005,0.3228
DIAMONDS NINE HEARTS SEVEN,0.6644,0.0072,0.3284
CLUBS EIGHT CLUBS NINE,0.6514,0.0078,0.3408
DIAMONDS ACE DIAMONDS NINE,0.4334,0.0056,0.561
HEARTS FOUR DIAMONDS NINE,0.6934,0.0042,0.3024
HEARTS FIVE DIAMONDS NINE,0.6876,0.0062,0.3062
CLUBS TWO HEARTS ACE,0.4548,0.0066,0.5386
SPADES ACE CLUBS FOUR,0.4498,0.0048,0.5454
DIAMONDS QUEEN DIAMONDS NINE,0.623,0.006,0.371
HEARTS TWO DIAMONDS NINE,0.7054,0.0066,0.288
CLUBS TWO HEARTS KING,0.6832,0.0916,0.2252
SPADES KING CLUBS FOUR,0.6876,0.083,0.2294
DIAMONDS KING DIAMONDS NINE,0.6502,0.0872,0.2626
HEARTS THREE DIAMONDS NINE,0.6878,0.0062,0.306
CLUBS TWO HEARTS QUEEN,0.67,0.0102,0.3198
SPADES QUEEN CLUBS FOUR,0.6638,0.0084,0.3278
DIAMONDS NINE DIAMONDS JACK,0.6886,0.0274,0.284
CLUBS EIGHT SPADES NINE,0.6436,0.008,0.3484
DIAMONDS NINE DIAMONDS TEN,0.6362,0.0066,0.3572
CLUBS EIGHT SPADES EIGHT,0.484,0.0078,0.5082
CLUBS EIGHT SPADES SEVEN,0.6458,0.0064,0.3478
CLUBS EIGHT SPADES SIX,0.658,0.0058,0.3362
CLUBS EIGHT SPADES FIVE,0.666,0.0082,0.3258
CLUBS EIGHT SPADES FOUR,0.6674,0.0084,0.3242
CLUBS EIGHT SPADES THREE,0.6888,0.0076,0.3036
CLUBS EIGHT SPADES TWO,0.6934,0.0108,0.2958
HEARTS SIX DIAMONDS TEN,0.6792,0.0082,0.3126
DIAMONDS TEN HEARTS SEVEN,0.6638,0.0066,0.3296
DIAMONDS TEN HEARTS EIGHT,0.681,0.0058,0.3132
DIAMONDS TEN HEARTS NINE,0.658,0.0054,0.3366
CLUBS FOUR CLUBS TEN,0.6982,0.0084,0.2934
CLUBS FOUR CLUBS QUEEN,0.6572,0.0074,0.3354
CLUBS TWO DIAMONDS TEN,0.684,0.0076,0.3084
CLUBS THREE DIAMONDS TEN,0.6954,0.0084,0.2962
CLUBS FOUR CLUBS ACE,0.4052,0.0042,0.5906
DIAMONDS JACK DIAMONDS TEN,0.6814,0.0264,0.2922
DIAMONDS QUEEN DIAMONDS TEN,0.5976,0.0062,0.3962
HEARTS TWO DIAMONDS TEN,0.7054,0.0084,0.2862
DIAMONDS KING DIAMONDS TEN,0.6562,0.0776,0.2662
HEARTS THREE DIAMONDS TEN,0.6902,0.0064,0.3034
DIAMONDS ACE DIAMONDS TEN,0.4084,0.0038,0.5878
HEARTS FOUR DIAMONDS TEN,0.702,0.0054,0.2926
CLUBS EIGHT HEARTS JACK,0.7218,0.0314,0.2468
HEARTS FIVE DIAMONDS TEN,0.704,0.007,0.289
CLUBS EIGHT HEARTS TEN,0.6662,0.0092,0.3246
CLUBS EIGHT HEARTS QUEEN,0.659,0.0084,0.3326
CLUBS EIGHT HEARTS KING,0.6932,0.0788,0.228
CLUBS EIGHT HEARTS ACE,0.4456,0.0058,0.5486
CLUBS NINE SPADES THREE,0.691,0.0066,0.3024
CLUBS NINE SPADES TWO,0.6762,0.0082,0.3156
CLUBS NINE SPADES FIVE,0.6706,0.0066,0.3228
CLUBS NINE SPADES FOUR,0.6886,0.0062,0.3052
CLUBS NINE SPADES SEVEN,0.6526,0.0096,0.3378
CLUBS NINE SPADES SIX,0.67,0.008,0.322
CLUBS NINE SPADES NINE,0.4784,0.0056,0.516
CLUBS TEN HEARTS EIGHT,0.6654,0.0058,0.3288
CLUBS NINE SPADES EIGHT,0.6432,0.008,0.3488
CLUBS QUEEN HEARTS EIGHT,0.662,0.0086,0.3294
CLUBS ACE HEARTS EIGHT,0.4582,0.0056,0.5362
DIAMONDS ACE HEARTS TEN,0.4366,0.0048,0.5586
HEARTS FOUR HEARTS TEN,0.6642,0.008,0.3278
DIAMONDS ACE HEARTS JACK,0.3084,0.0114,0.6802
HEARTS FOUR HEARTS JACK,0.7132,0.0294,0.2574
SPADES KING CLUBS FIVE,0.6852,0.084,0.2308
SPADES QUEEN CLUBS FIVE,0.6572,0.007,0.3358
SPADES ACE CLUBS FIVE,0.446,0.006,0.548
DIAMONDS JACK HEARTS SEVEN,0.7426,0.0274,0.23
HEARTS SIX DIAMONDS JACK,0.762,0.03,0.208
DIAMONDS JACK HEARTS NINE,0.7366,0.0282,0.2352
DIAMONDS JACK HEARTS EIGHT,0.7516,0.025,0.2234
DIAMONDS KING DIAMONDS JACK,0.0702,0.8616,0.0682
HEARTS THREE DIAMONDS JACK,0.7614,0.0306,0.208
SPADES ACE SPADES SIX,0.4296,0.0068,0.5636
HEARTS ACE SPADES FOUR,0.4514,0.0038,0.5448
DIAMONDS QUEEN DIAMONDS JACK,0.7104,0.0196,0.27
HEARTS TWO DIAMONDS JACK,0.7558,0.0298,0.2144
HEARTS FIVE DIAMONDS JACK,0.7484,0.0278,0.2238
SPADES QUEEN SPADES SIX,0.6372,0.0062,0.3566
SPADES FOUR HEARTS QUEEN,0.6754,0.0064,0.3182
DIAMONDS ACE DIAMONDS JACK,0.2802,0.0144,0.7054
HEARTS FOUR DIAMONDS JACK,0.7432,0.0314,0.2254
SPADES KING SPADES SIX,0.657,0.0802,0.2628
HEARTS KING SPADES FOUR,0.6874,0.079,0.2336
SPADES TEN SPADES SIX,0.6424,0.0072,0.3504
SPADES JACK SPADES SIX,0.7194,0.0314,0.2492
SPADES FOUR DIAMONDS JACK,0.7474,0.0302,0.2224
SPADES FIVE DIAMONDS JACK,0.746,0.034,0.22
DIAMONDS JACK SPADES TWO,0.7592,0.0316,0.2092
DIAMONDS JACK SPADES THREE,0.7582,0.034,0.2078
SPADES ACE DIAMONDS THREE,0.462,0.0034,0.5346
SPADES QUEEN DIAMONDS THREE,0.6804,0.0078,0.3118
CLUBS EIGHT DIAMONDS JACK,0.7564,0.0262,0.2174
SPADES KING DIAMONDS THREE,0.6894,0.089,0.2216
CLUBS NINE DIAMONDS JACK,0.713,0.0308,0.2562
CLUBS SIX DIAMONDS JACK,0.7548,0.0318,0.2134
CLUBS SEVEN DIAMONDS JACK,0.733,0.0284,0.2386
CLUBS FOUR DIAMONDS JACK,0.7384,0.034,0.2276
CLUBS FIVE DIAMONDS JACK,0.7402,0.0322,0.2276
CLUBS TWO DIAMONDS JACK,0.7666,0.031,0.2024
CLUBS THREE DIAMONDS JACK,0.7468,0.0312,0.222
SPADES TEN CLUBS FIVE,0.6816,0.0072,0.3112
HEARTS SIX SPADES JACK,0.7444,0.0366,0.219
HEARTS SIX SPADES TEN,0.6896,0.0058,0.3046
SPADES JACK CLUBS FIVE,0.7604,0.03,0.2096
SPADES JACK DIAMONDS THREE,0.7602,0.0264,0.2134
CLUBS SEVEN CLUBS ACE,0.405,0.0056,0.5894
DIAMONDS THREE SPADES TEN,0.6996,0.0058,0.2946
CLUBS SEVEN CLUBS QUEEN,0.6738,0.0072,0.319
SPADES NINE DIAMONDS JACK,0.7262,0.0308,0.243
CLUBS SEVEN CLUBS TEN,0.6748,0.0098,0.3154
DIAMONDS ACE HEARTS ACE,0.1682,0.0028,0.829
HEARTS FOUR HEARTS ACE,0.4198,0.0064,0.5738
SPADES EIGHT DIAMONDS JACK,0.741,0.0294,0.2296
SPADES ACE HEARTS SIX,0.4494,0.004,0.5466
DIAMONDS ACE HEARTS KING,0.2922,0.0126,0.6952
HEARTS FOUR HEARTS KING,0.6524,0.0822,0.2654
SPADES SEVEN DIAMONDS JACK,0.7448,0.0274,0.2278
SPADES KING HEARTS SIX,0.6852,0.0842,0.2306
DIAMONDS ACE HEARTS QUEEN,0.4128,0.005,0.5822
HEARTS FOUR HEARTS QUEEN,0.6336,0.0086,0.3578
SPADES QUEEN HEARTS SIX,0.6588,0.0058,0.3354
SPADES SIX DIAMONDS JACK,0.75,0.0302,0.2198
DIAMONDS TEN SPADES TWO,0.7102,0.0076,0.2822
SPADES THREE DIAMONDS TEN,0.6994,0.0048,0.2958
SPADES FOUR DIAMONDS TEN,0.7008,0.0068,0.2924
SPADES FIVE DIAMONDS TEN,0.7004,0.0054,0.2942
SPADES SIX DIAMONDS TEN,0.685,0.006,0.309
SPADES SEVEN DIAMONDS TEN,0.6722,0.0054,0.3224
SPADES EIGHT DIAMONDS TEN,0.6678,0.0064,0.3258
SPADES NINE DIAMONDS TEN,0.6574,0.0062,0.3364
CLUBS FOUR DIAMONDS TEN,0.6892,0.0074,0.3034
CLUBS FIVE DIAMONDS TEN,0.675,0.009,0.316
CLUBS SIX DIAMONDS TEN,0.6784,0.0068,0.3148
CLUBS SEVEN DIAMONDS TEN,0.6762,0.007,0.3168
CLUBS EIGHT DIAMONDS TEN,0.6628,0.0084,0.3288
CLUBS NINE DIAMONDS TEN,0.662,0.0082,0.3298
DIAMONDS THREE CLUBS TEN,0.6892,0.0076,0.3032
DIAMONDS THREE CLUBS QUEEN,0.6706,0.0066,0.3228
DIAMONDS THREE CLUBS ACE,0.4516,0.0074,0.541
SPADES FOUR HEARTS JACK,0.7528,0.0308,0.2164
SPADES FOUR HEARTS TEN,0.697,0.0086,0.2944
SPADES FIVE SPADES TWO,0.6388,0.0086,0.3526
SPADES FOUR SPADES TWO,0.6318,0.0086,0.3596
SPADES THREE SPADES TWO,0.6362,0.007,0.3568
SPADES NINE SPADES TWO,0.6532,0.0068,0.34
SPADES EIGHT SPADES TWO,0.6454,0.0072,0.3474
SPADES SEVEN SPADES TWO,0.654,0.0056,0.3404
SPADES SIX SPADES TWO,0.6382,0.007,0.3548
DIAMONDS QUEEN CLUBS THREE,0.669,0.0078,0.3232
HEARTS TWO CLUBS THREE,0.6676,0.0106,0.3218
DIAMONDS QUEEN CLUBS TWO,0.677,0.0062,0.3168
CLUBS TWO HEARTS TWO,0.5114,0.012,0.4766
DIAMONDS QUEEN HEARTS SEVEN,0.6764,0.0076,0.316
HEARTS TWO HEARTS SEVEN,0.6494,0.0092,0.3414
HEARTS SIX DIAMONDS QUEEN,0.6748,0.0064,0.3188
HEARTS SIX HEARTS TWO,0.6456,0.0072,0.3472
DIAMONDS QUEEN HEARTS NINE,0.6522,0.0082,0.3396
HEARTS TWO HEARTS NINE,0.6498,0.0052,0.345
DIAMONDS QUEEN HEARTS EIGHT,0.6596,0.0064,0.334
HEARTS TWO HEARTS EIGHT,0.6486,0.007,0.3444
CLUBS NINE HEARTS TWO,0.6904,0.0062,0.3034
CLUBS NINE DIAMONDS QUEEN,0.6438,0.0072,0.349
CLUBS EIGHT HEARTS TWO,0.6884,0.0062,0.3054
CLUBS EIGHT DIAMONDS QUEEN,0.6646,0.0062,0.3292
CLUBS FIVE DIAMONDS QUEEN,0.6712,0.0088,0.32
CLUBS FIVE HEARTS TWO,0.6544,0.0096,0.336
SPADES EIGHT HEARTS ACE,0.4594,0.0048,0.5358
CLUBS FOUR DIAMONDS QUEEN,0.6572,0.01,0.3328
CLUBS FOUR HEARTS TWO,0.6656,0.0082,0.3262
SPADES EIGHT HEARTS QUEEN,0.6584,0.0062,0.3354
CLUBS SEVEN HEARTS TWO,0.681,0.0062,0.3128
CLUBS SEVEN DIAMONDS QUEEN,0.6696,0.0078,0.3226
CLUBS SIX DIAMONDS QUEEN,0.6626,0.0072,0.3302
CLUBS SIX HEARTS TWO,0.6846,0.008,0.3074
SPADES EIGHT HEARTS KING,0.6962,0.0886,0.2152
HEARTS TWO SPADES SIX,0.6796,0.005,0.3154
DIAMONDS QUEEN SPADES SIX,0.6648,0.004,0.3312
HEARTS FOUR CLUBS QUEEN,0.663,0.0086,0.3284
DIAMONDS ACE CLUBS QUEEN,0.4062,0.0046,0.5892
DIAMONDS QUEEN SPADES SEVEN,0.6692,0.006,0.3248
HEARTS TWO SPADES SEVEN,0.6988,0.0082,0.293
DIAMONDS QUEEN SPADES EIGHT,0.6644,0.0076,0.328
SPADES EIGHT HEARTS TWO,0.697,0.006,0.297
HEARTS FOUR CLUBS ACE,0.4394,0.0058,0.5548
DIAMONDS ACE CLUBS ACE,0.1692,0.0048,0.826
SPADES NINE DIAMONDS QUEEN,0.656,0.0058,0.3382
SPADES NINE HEARTS TWO,0.6896,0.008,0.3024
HEARTS TWO SPADES TWO,0.4994,0.0082,0.4924
DIAMONDS QUEEN SPADES TWO,0.6884,0.0062,0.3054
HEARTS TWO SPADES THREE,0.666,0.0062,0.3278
DIAMONDS QUEEN SPADES THREE,0.671,0.0074,0.3216
HEARTS TWO SPADES FOUR,0.6804,0.0084,0.3112
DIAMONDS QUEEN SPADES FOUR,0.6622,0.0066,0.3312
HEARTS FOUR CLUBS TEN,0.7028,0.0064,0.2908
DIAMONDS ACE CLUBS TEN,0.433,0.0038,0.5632
HEARTS TWO SPADES FIVE,0.6676,0.0096,0.3228
DIAMONDS QUEEN SPADES FIVE,0.6664,0.0058,0.3278
CLUBS FIVE CLUBS QUEEN,0.6604,0.0066,0.333
CLUBS FIVE CLUBS ACE,0.4076,0.0068,0.5856
CLUBS FIVE CLUBS TEN,0.689,0.0098,0.3012
SPADES SIX CLUBS QUEEN,0.6642,0.007,0.3288
SPADES EIGHT HEARTS JACK,0.7512,0.0276,0.2212
SPADES SIX CLUBS ACE,0.4456,0.0056,0.5488
SPADES EIGHT HEARTS TEN,0.6666,0.0054,0.328
SPADES SIX CLUBS TEN,0.691,0.0056,0.3034
SPADES QUEEN CLUBS SEVEN,0.6696,0.008,0.3224
SPADES KING CLUBS SEVEN,0.6824,0.0898,0.2278
SPADES ACE CLUBS SEVEN,0.4508,0.0038,0.5454
SPADES SIX HEARTS TEN,0.6956,0.0064,0.298
SPADES SIX HEARTS JACK,0.7674,0.029,0.2036
SPADES SIX HEARTS ACE,0.4568,0.0044,0.5388
SPADES SIX HEARTS KING,0.6904,0.0818,0.2278
SPADES SIX HEARTS QUEEN,0.6818,0.0054,0.3128
SPADES JACK CLUBS SEVEN,0.7444,0.0306,0.225
CLUBS SEVEN SPADES TEN,0.6744,0.0072,0.3184
HEARTS SIX CLUBS TEN,0.6772,0.0074,0.3154
HEARTS SIX CLUBS QUEEN,0.6576,0.0068,0.3356
HEARTS SIX CLUBS ACE,0.457,0.0038,0.5392
DIAMONDS THREE HEARTS ACE,0.4534,0.0046,0.542
DIAMONDS THREE HEARTS QUEEN,0.6702,0.0086,0.3212
DIAMONDS THREE HEARTS KING,0.6904,0.0866,0.223
CLUBS FIVE HEARTS JACK,0.7308,0.0338,0.2354
SPADES TEN DIAMONDS ACE,0.4406,0.0046,0.5548
HEARTS FOUR SPADES TEN,0.6968,0.0078,0.2954
CLUBS FIVE HEARTS TEN,0.698,0.0076,0.2944
HEARTS FOUR SPADES JACK,0.751,0.0294,0.2196
SPADES JACK DIAMONDS ACE,0.294,0.0192,0.6868
SPADES ACE HEARTS FOUR,0.462,0.0054,0.5326
SPADES ACE DIAMONDS ACE,0.183,0.0052,0.8118
CLUBS FIVE HEARTS ACE,0.4602,0.0074,0.5324
CLUBS FIVE HEARTS KING,0.6696,0.088,0.2424
HEARTS FOUR SPADES QUEEN,0.666,0.0074,0.3266
SPADES QUEEN DIAMONDS ACE,0.412,0.0042,0.5838
CLUBS FIVE HEARTS QUEEN,0.6652,0.0068,0.328
SPADES KING DIAMONDS ACE,0.2924,0.0112,0.6964
HEARTS FOUR SPADES KING,0.6928,0.086,0.2212
SPADES FOUR CLUBS TEN,0.6958,0.0066,0.2976
DIAMONDS QUEEN DIAMONDS ACE,0.3982,0.004,0.5978
HEARTS TWO DIAMONDS ACE,0.4692,0.0058,0.525
HEARTS FOUR DIAMONDS QUEEN,0.674,0.007,0.319
HEARTS FOUR HEARTS TWO,0.6316,0.0086,0.3598
DIAMONDS THREE HEARTS TEN,0.7034,0.0056,0.291
HEARTS FIVE DIAMONDS QUEEN,0.6458,0.0064,0.3478
HEARTS FIVE HEARTS TWO,0.6272,0.0082,0.3646
DIAMONDS THREE HEARTS JACK,0.7534,0.0314,0.2152
SPADES FOUR CLUBS QUEEN,0.6634,0.0088,0.3278
DIAMONDS QUEEN HEARTS TWO,0.6794,0.0068,0.3138
DIAMONDS KING DIAMONDS QUEEN,0.2704,0.0598,0.6698
DIAMONDS KING HEARTS TWO,0.698,0.0872,0.2148
HEARTS THREE DIAMONDS QUEEN,0.6692,0.0082,0.3226
HEARTS THREE HEARTS TWO,0.6224,0.01,0.3676
SPADES FOUR CLUBS ACE,0.446,0.0052,0.5488
HEARTS TWO CLUBS ACE,0.4384,0.0044,0.5572
DIAMONDS QUEEN CLUBS ACE,0.383,0.004,0.613
HEARTS TWO CLUBS QUEEN,0.6724,0.0072,0.3204
DIAMONDS QUEEN CLUBS QUEEN,0.3126,0.004,0.6834
SPADES EIGHT SPADES FIVE,0.6332,0.0072,0.3596
HEARTS TWO CLUBS TEN,0.6928,0.0106,0.2966
DIAMONDS QUEEN CLUBS TEN,0.6384,0.009,0.3526
SPADES NINE SPADES FIVE,0.6346,0.0084,0.357
SPADES SIX SPADES FIVE,0.61,0.0066,0.3834
SPADES SEVEN SPADES FIVE,0.605,0.0058,0.3892
DIAMONDS FIVE CLUBS QUEEN,0.6676,0.0074,0.325
SPADES EIGHT CLUBS ACE,0.4522,0.005,0.5428
DIAMONDS FIVE CLUBS ACE,0.4546,0.0038,0.5416
SPADES EIGHT CLUBS QUEEN,0.6592,0.007,0.3338
SPADES EIGHT CLUBS TEN,0.6614,0.0088,0.3298
DIAMONDS FIVE CLUBS TEN,0.6868,0.0084,0.3048
HEARTS JACK DIAMONDS TEN,0.7142,0.0314,0.2544
DIAMONDS TEN HEARTS TEN,0.4572,0.0038,0.539
SPADES ACE CLUBS NINE,0.45,0.0038,0.5462
CLUBS NINE SPADES QUEEN,0.6472,0.0092,0.3436
SPADES KING CLUBS NINE,0.69,0.084,0.226
HEARTS SIX HEARTS KING,0.6508,0.0822,0.267
DIAMONDS KING SPADES SEVEN,0.6886,0.086,0.2254
HEARTS THREE SPADES SEVEN,0.685,0.0054,0.3096
SPADES KING DIAMONDS SEVEN,0.692,0.0774,0.2306
HEARTS SIX HEARTS QUEEN,0.6272,0.0082,0.3646
SPADES QUEEN DIAMONDS SEVEN,0.6834,0.004,0.3126
HEARTS THREE SPADES SIX,0.6746,0.0074,0.318
DIAMONDS KING SPADES SIX,0.6998,0.0798,0.2204
DIAMONDS KING SPADES NINE,0.6952,0.0806,0.2242
HEARTS THREE SPADES NINE,0.6944,0.0058,0.2998
HEARTS SIX HEARTS ACE,0.4432,0.0042,0.5526
DIAMONDS KING SPADES EIGHT,0.6928,0.081,0.2262
HEARTS THREE SPADES EIGHT,0.6836,0.0058,0.3106
SPADES ACE DIAMONDS SEVEN,0.4558,0.0046,0.5396
CLUBS NINE HEARTS THREE,0.6942,0.008,0.2978
CLUBS NINE DIAMONDS KING,0.701,0.0772,0.2218
CLUBS EIGHT HEARTS THREE,0.677,0.0052,0.3178
CLUBS EIGHT DIAMONDS KING,0.6956,0.08,0.2244
HEARTS THREE SPADES THREE,0.4996,0.0092,0.4912
DIAMONDS KING SPADES THREE,0.6968,0.0864,0.2168
HEARTS THREE SPADES TWO,0.6732,0.0064,0.3204
DIAMONDS KING SPADES TWO,0.695,0.0816,0.2234
HEARTS THREE SPADES FIVE,0.6544,0.007,0.3386
DIAMONDS KING SPADES FIVE,0.6832,0.0868,0.23
HEARTS THREE SPADES FOUR,0.6592,0.0084,0.3324
