opposingHand,winningChance,drawChance,lostChance
CLUBS SEVEN DIAMONDS SEVEN
HEARTS FIVE SPADES TEN,0.6608,0.058,0.2812
HEARTS FIVE SPADES JACK,0.6594,0.0364,0.3042
CLUBS JACK SPADES FIVE,0.6484,0.0442,0.3074
CLUBS TEN SPADES FIVE,0.6496,0.053,0.2974
CLUBS JACK CLUBS EIGHT,0.5062,0.0304,0.4634
CLUBS TEN CLUBS EIGHT,0.5128,0.0436,0.4436
CLUBS EIGHT CLUBS KING,0.5342,0.014,0.4518
SPADES FIVE CLUBS ACE,0.6276,0.0042,0.3682
CLUBS EIGHT CLUBS QUEEN,0.5212,0.0232,0.4556
SPADES FIVE CLUBS KING,0.6596,0.0122,0.3282
SPADES FIVE CLUBS QUEEN,0.6406,0.0262,0.3332
CLUBS EIGHT CLUBS ACE,0.5112,0.0024,0.4864
DIAMONDS TWO DIAMONDS THREE,0.7214,0.111,0.1676
DIAMONDS TWO DIAMONDS FIVE,0.7082,0.11,0.1818
HEARTS FIVE SPADES KING,0.6488,0.0114,0.3398
DIAMONDS TWO DIAMONDS FOUR,0.706,0.1134,0.1806
HEARTS FIVE SPADES QUEEN,0.6586,0.0244,0.317
DIAMONDS TWO DIAMONDS SIX,0.7254,0.1062,0.1684
SPADES ACE HEARTS FIVE,0.6298,0.0024,0.3678
DIAMONDS TWO DIAMONDS NINE,0.6332,0.0688,0.298
DIAMONDS TWO DIAMONDS EIGHT,0.6442,0.0844,0.2714
DIAMONDS THREE DIAMONDS FOUR,0.7,0.1102,0.1898
CLUBS TWO SPADES FOUR,0.739,0.113,0.148
DIAMONDS THREE DIAMONDS FIVE,0.6962,0.1084,0.1954
SPADES FIVE CLUBS TWO,0.7396,0.1208,0.1396
CLUBS TWO SPADES TWO,0.6166,0.2072,0.1762
CLUBS TWO SPADES THREE,0.7468,0.1204,0.1328
DIAMONDS THREE DIAMONDS EIGHT,0.625,0.085,0.29
SPADES EIGHT CLUBS TWO,0.6774,0.089,0.2336
DIAMONDS THREE DIAMONDS NINE,0.6386,0.061,0.3004
SPADES NINE CLUBS TWO,0.6746,0.0678,0.2576
DIAMONDS THREE DIAMONDS SIX,0.7214,0.1038,0.1748
SPADES SIX CLUBS TWO,0.7618,0.115,0.1232
SPADES SEVEN CLUBS TWO,0.8396,0.1016,0.0588
CLUBS SIX CLUBS TWO,0.7328,0.1016,0.1656
CLUBS FOUR CLUBS TWO,0.7126,0.1106,0.1768
CLUBS FIVE CLUBS TWO,0.7212,0.105,0.1738
CLUBS TEN CLUBS JACK,0.488,0.0232,0.4888
DIAMONDS FOUR DIAMONDS SIX,0.72,0.0968,0.1832
CLUBS TEN CLUBS QUEEN,0.4942,0.016,0.4898
CLUBS TEN CLUBS KING,0.4968,0.0106,0.4926
CLUBS TEN CLUBS ACE,0.5016,0.0046,0.4938
CLUBS EIGHT CLUBS TWO,0.6422,0.085,0.2728
DIAMONDS FIVE DIAMONDS FOUR,0.689,0.1162,0.1948
CLUBS NINE CLUBS TWO,0.6404,0.0628,0.2968
DIAMONDS NINE DIAMONDS FOUR,0.6316,0.0658,0.3026
DIAMONDS FOUR DIAMONDS EIGHT,0.6252,0.084,0.2908
CLUBS THREE CLUBS TWO,0.7148,0.118,0.1672
DIAMONDS NINE DIAMONDS FIVE,0.613,0.0644,0.3226
CLUBS JACK DIAMONDS TWO,0.6702,0.0316,0.2982
DIAMONDS FIVE DIAMONDS EIGHT,0.6232,0.0826,0.2942
CLUBS TEN DIAMONDS TWO,0.6812,0.0468,0.272
DIAMONDS FIVE DIAMONDS SIX,0.712,0.0948,0.1932
DIAMONDS TWO CLUBS ACE,0.6514,0.0064,0.3422
DIAMONDS TWO CLUBS KING,0.6698,0.0164,0.3138
DIAMONDS TWO CLUBS QUEEN,0.6724,0.0262,0.3014
DIAMONDS EIGHT DIAMONDS SIX,0.6136,0.0808,0.3056
DIAMONDS NINE DIAMONDS SIX,0.6154,0.0686,0.316
HEARTS ACE SPADES THREE,0.6198,0.0034,0.3768
SPADES THREE HEARTS KING,0.6662,0.0136,0.3202
HEARTS QUEEN SPADES THREE,0.6598,0.0242,0.316
SPADES THREE HEARTS JACK,0.6622,0.0364,0.3014
SPADES THREE HEARTS TEN,0.6674,0.0464,0.2862
DIAMONDS NINE DIAMONDS EIGHT,0.5048,0.0588,0.4364
DIAMONDS KING HEARTS TEN,0.5344,0.0066,0.459
HEARTS THREE HEARTS TEN,0.6286,0.047,0.3244
SPADES JACK CLUBS SIX,0.6832,0.0334,0.2834
DIAMONDS KING HEARTS JACK,0.5174,0.0062,0.4764
HEARTS THREE HEARTS JACK,0.6384,0.0348,0.3268
SPADES TEN CLUBS SIX,0.6618,0.0466,0.2916
SPADES JACK SPADES FIVE,0.6246,0.0388,0.3366
SPADES TEN SPADES FIVE,0.63,0.0504,0.3196
DIAMONDS KING HEARTS ACE,0.5192,0.0048,0.476
HEARTS THREE HEARTS ACE,0.6008,0.0052,0.394
SPADES ACE CLUBS SIX,0.661,0.0034,0.3356
DIAMONDS KING HEARTS QUEEN,0.5106,0.0064,0.483
HEARTS THREE HEARTS QUEEN,0.6096,0.0234,0.367
SPADES KING CLUBS SIX,0.651,0.0154,0.3336
DIAMONDS KING HEARTS KING,0.2006,0.0318,0.7676
HEARTS THREE HEARTS KING,0.6152,0.0148,0.37
SPADES QUEEN CLUBS SIX,0.6712,0.023,0.3058
SPADES NINE HEARTS TEN,0.5232,0.035,0.4418
SPADES NINE HEARTS JACK,0.5324,0.0278,0.4398
SPADES QUEEN SPADES FIVE,0.6368,0.0214,0.3418
SPADES KING SPADES FIVE,0.6184,0.0114,0.3702
SPADES ACE SPADES FIVE,0.6102,0.0038,0.386
SPADES NINE HEARTS QUEEN,0.5398,0.0192,0.441
SPADES NINE HEARTS KING,0.5516,0.0072,0.4412
SPADES NINE HEARTS ACE,0.551,0.003,0.446
CLUBS TEN SPADES JACK,0.5064,0.0222,0.4714
CLUBS TEN SPADES TEN,0.184,0.1222,0.6938
SPADES ACE CLUBS TEN,0.5296,0.0022,0.4682
CLUBS TEN SPADES KING,0.5112,0.0086,0.4802
CLUBS TEN SPADES QUEEN,0.5258,0.0148,0.4594
SPADES FIVE HEARTS QUEEN,0.648,0.0242,0.3278
SPADES FIVE HEARTS KING,0.6524,0.0106,0.337
HEARTS ACE SPADES FIVE,0.6336,0.0022,0.3642
CLUBS EIGHT SPADES TEN,0.5384,0.0472,0.4144
SPADES JACK HEARTS THREE,0.6594,0.038,0.3026
SPADES JACK DIAMONDS KING,0.5264,0.0076,0.466
SPADES TEN DIAMONDS KING,0.5262,0.0072,0.4666
SPADES TEN HEARTS THREE,0.6706,0.0508,0.2786
CLUBS EIGHT SPADES JACK,0.5418,0.0374,0.4208
CLUBS SIX HEARTS ACE,0.6588,0.0026,0.3386
SPADES ACE CLUBS EIGHT,0.5362,0.0032,0.4606
HEARTS FIVE CLUBS JACK,0.6336,0.043,0.3234
CLUBS TEN HEARTS FIVE,0.6552,0.0564,0.2884
CLUBS SIX HEARTS QUEEN,0.6542,0.0222,0.3236
SPADES QUEEN CLUBS EIGHT,0.5516,0.021,0.4274
CLUBS TEN SPADES THREE,0.6672,0.057,0.2758
CLUBS SIX HEARTS KING,0.6738,0.0128,0.3134
SPADES KING CLUBS EIGHT,0.561,0.0088,0.4302
CLUBS JACK SPADES THREE,0.6622,0.0376,0.3002
DIAMONDS TWO HEARTS JACK,0.6674,0.0388,0.2938
SPADES THREE CLUBS QUEEN,0.6618,0.023,0.3152
DIAMONDS TWO HEARTS TEN,0.6678,0.0504,0.2818
SPADES THREE CLUBS KING,0.6618,0.0108,0.3274
HEARTS FIVE CLUBS ACE,0.6494,0.003,0.3476
SPADES FIVE HEARTS TEN,0.6506,0.0546,0.2948
SPADES THREE CLUBS ACE,0.6374,0.0054,0.3572
HEARTS FIVE CLUBS KING,0.661,0.013,0.326
SPADES FIVE HEARTS JACK,0.6524,0.0364,0.3112
HEARTS FIVE CLUBS QUEEN,0.6398,0.0282,0.332
HEARTS THREE CLUBS KING,0.6582,0.0126,0.3292
DIAMONDS KING CLUBS KING,0.1808,0.0312,0.788
HEARTS THREE CLUBS QUEEN,0.6528,0.0234,0.3238
DIAMONDS KING CLUBS QUEEN,0.5468,0.006,0.4472
HEARTS FIVE HEARTS JACK,0.6176,0.0324,0.35
HEARTS FIVE HEARTS TEN,0.617,0.049,0.334
HEARTS THREE CLUBS ACE,0.619,0.0046,0.3764
DIAMONDS KING CLUBS ACE,0.5292,0.0042,0.4666
SPADES ACE CLUBS QUEEN,0.5288,0.0036,0.4676
SPADES KING CLUBS QUEEN,0.5284,0.0064,0.4652
CLUBS JACK HEARTS THREE,0.6704,0.0414,0.2882
CLUBS JACK DIAMONDS KING,0.5258,0.0088,0.4654
SPADES QUEEN CLUBS QUEEN,0.1876,0.0664,0.746
CLUBS TEN HEARTS THREE,0.6646,0.0524,0.283
CLUBS TEN DIAMONDS KING,0.5224,0.0104,0.4672
SPADES JACK CLUBS QUEEN,0.5144,0.0116,0.474
CLUBS SIX CLUBS QUEEN,0.63,0.0244,0.3456
SPADES TEN CLUBS QUEEN,0.5066,0.015,0.4784
CLUBS SIX CLUBS KING,0.6278,0.0136,0.3586
CLUBS SIX CLUBS ACE,0.6282,0.0054,0.3664
HEARTS FIVE HEARTS KING,0.6134,0.0134,0.3732
HEARTS FIVE HEARTS QUEEN,0.6318,0.023,0.3452
CLUBS TEN CLUBS SIX,0.6372,0.053,0.3098
HEARTS FIVE HEARTS ACE,0.5988,0.0054,0.3958
CLUBS JACK CLUBS SIX,0.635,0.0394,0.3256
SPADES SEVEN HEARTS JACK,0.6586,0.0382,0.3032
SPADES SEVEN HEARTS TEN,0.6564,0.047,0.2966
DIAMONDS TWO CLUBS TWO,0.6134,0.2178,0.1688
DIAMONDS TWO CLUBS THREE,0.7532,0.1184,0.1284
DIAMONDS TWO HEARTS SIX,0.7618,0.1092,0.129
DIAMONDS TWO HEARTS QUEEN,0.6616,0.0222,0.3162
HEARTS SEVEN DIAMONDS TWO,0.839,0.1066,0.0544
DIAMONDS TWO HEARTS KING,0.6628,0.0158,0.3214
DIAMONDS TWO HEARTS EIGHT,0.6798,0.0804,0.2398
DIAMONDS TWO HEARTS ACE,0.6542,0.0056,0.3402
DIAMONDS TWO HEARTS NINE,0.6786,0.0686,0.2528
DIAMONDS TWO DIAMONDS QUEEN,0.625,0.025,0.35
DIAMONDS TWO HEARTS TWO,0.6086,0.207,0.1844
DIAMONDS TWO DIAMONDS KING,0.6342,0.0162,0.3496
DIAMONDS TWO HEARTS THREE,0.7396,0.118,0.1424
DIAMONDS TWO DIAMONDS ACE,0.6096,0.005,0.3854
HEARTS FOUR DIAMONDS TWO,0.7396,0.1196,0.1408
HEARTS FIVE DIAMONDS TWO,0.7546,0.1106,0.1348
SPADES SEVEN HEARTS ACE,0.6562,0.0252,0.3186
DIAMONDS TWO DIAMONDS TEN,0.6326,0.0456,0.3218
SPADES SEVEN HEARTS KING,0.6756,0.0262,0.2982
DIAMONDS TWO DIAMONDS JACK,0.6254,0.04,0.3346
SPADES SEVEN HEARTS QUEEN,0.6798,0.0334,0.2868
DIAMONDS TWO SPADES NINE,0.6826,0.0676,0.2498
DIAMONDS TWO SPADES EIGHT,0.6668,0.0826,0.2506
DIAMONDS TWO SPADES SEVEN,0.8474,0.0996,0.053
DIAMONDS TWO SPADES SIX,0.7642,0.1066,0.1292
DIAMONDS TWO SPADES FIVE,0.7358,0.118,0.1462
DIAMONDS TWO SPADES FOUR,0.7488,0.1146,0.1366
DIAMONDS TWO SPADES THREE,0.7508,0.117,0.1322
DIAMONDS TWO SPADES TWO,0.6098,0.2166,0.1736
DIAMONDS TWO CLUBS NINE,0.6794,0.0698,0.2508
CLUBS EIGHT DIAMONDS TWO,0.6822,0.0838,0.234
DIAMONDS TWO CLUBS SIX,0.778,0.105,0.117
DIAMONDS TWO CLUBS FIVE,0.7414,0.1166,0.142
DIAMONDS TWO CLUBS FOUR,0.7654,0.1108,0.1238
CLUBS FOUR SPADES FIVE,0.7314,0.116,0.1526
CLUBS FOUR SPADES FOUR,0.6032,0.2092,0.1876
CLUBS FOUR SPADES THREE,0.7304,0.1218,0.1478
CLUBS FOUR SPADES TWO,0.7436,0.1184,0.138
SPADES NINE CLUBS FOUR,0.6708,0.0706,0.2586
SPADES EIGHT CLUBS FOUR,0.6566,0.0858,0.2576
SPADES SEVEN CLUBS FOUR,0.8042,0.1044,0.0914
CLUBS FOUR SPADES SIX,0.7526,0.1086,0.1388
SPADES ACE DIAMONDS SIX,0.6618,0.0032,0.335
SPADES QUEEN DIAMONDS SIX,0.6734,0.0232,0.3034
SPADES KING DIAMONDS SIX,0.652,0.0122,0.3358
SPADES TEN DIAMONDS SIX,0.6648,0.0528,0.2824
SPADES JACK DIAMONDS SIX,0.6666,0.0364,0.297
SPADES QUEEN SPADES TWO,0.6268,0.026,0.3472
SPADES KING SPADES TWO,0.6404,0.0126,0.347
SPADES ACE SPADES TWO,0.6024,0.0034,0.3942
CLUBS JACK DIAMONDS JACK,0.1866,0.0954,0.718
CLUBS TEN DIAMONDS JACK,0.507,0.0232,0.4698
DIAMONDS JACK CLUBS KING,0.5342,0.0068,0.459
DIAMONDS JACK CLUBS QUEEN,0.4964,0.0148,0.4888
DIAMONDS THREE DIAMONDS JACK,0.6298,0.04,0.3302
DIAMONDS THREE DIAMONDS TEN,0.6232,0.0498,0.327
DIAMONDS JACK CLUBS ACE,0.5226,0.0048,0.4726
DIAMONDS THREE DIAMONDS KING,0.6296,0.0142,0.3562
DIAMONDS THREE HEARTS THREE,0.6024,0.2118,0.1858
DIAMONDS THREE DIAMONDS QUEEN,0.6274,0.0282,0.3444
DIAMONDS THREE HEARTS TWO,0.7482,0.1154,0.1364
HEARTS FIVE DIAMONDS THREE,0.7292,0.115,0.1558
DIAMONDS THREE DIAMONDS ACE,0.6034,0.0038,0.3928
HEARTS FOUR DIAMONDS THREE,0.7432,0.1094,0.1474
HEARTS SEVEN DIAMONDS THREE,0.824,0.1022,0.0738
SPADES TEN SPADES NINE,0.4984,0.0354,0.4662
HEARTS SIX DIAMONDS THREE,0.7622,0.104,0.1338
SPADES JACK SPADES NINE,0.4992,0.0264,0.4744
DIAMONDS THREE HEARTS NINE,0.6724,0.0646,0.263
HEARTS JACK DIAMONDS FOUR,0.6606,0.0366,0.3028
HEARTS ACE HEARTS KING,0.5072,0.0028,0.49
SPADES TEN SPADES TWO,0.6284,0.0576,0.314
DIAMONDS THREE HEARTS EIGHT,0.6824,0.0818,0.2358
HEARTS TEN DIAMONDS FOUR,0.6616,0.0546,0.2838
SPADES JACK SPADES TWO,0.623,0.0362,0.3408
HEARTS QUEEN DIAMONDS FOUR,0.6694,0.0232,0.3074
HEARTS KING DIAMONDS FOUR,0.666,0.0104,0.3236
SPADES ACE SPADES NINE,0.5108,0.0028,0.4864
HEARTS ACE DIAMONDS FOUR,0.635,0.004,0.361
SPADES KING SPADES NINE,0.5178,0.0076,0.4746
SPADES QUEEN SPADES NINE,0.5034,0.0132,0.4834
DIAMONDS THREE SPADES NINE,0.67,0.064,0.266
DIAMONDS THREE SPADES EIGHT,0.665,0.0802,0.2548
DIAMONDS THREE SPADES SEVEN,0.8154,0.1054,0.0792
DIAMONDS THREE SPADES SIX,0.7538,0.1032,0.143
DIAMONDS THREE CLUBS SIX,0.759,0.1092,0.1318
CLUBS FIVE CLUBS SIX,0.7026,0.1058,0.1916
CLUBS ACE DIAMONDS FOUR,0.631,0.0066,0.3624
DIAMONDS THREE CLUBS FOUR,0.7426,0.1124,0.145
DIAMONDS FOUR CLUBS QUEEN,0.653,0.0238,0.3232
DIAMONDS THREE CLUBS FIVE,0.7398,0.1106,0.1496
DIAMONDS FOUR CLUBS KING,0.666,0.0144,0.3196
DIAMONDS THREE CLUBS TWO,0.75,0.1264,0.1236
CLUBS TEN DIAMONDS FOUR,0.663,0.052,0.285
DIAMONDS THREE CLUBS THREE,0.6156,0.2118,0.1726
CLUBS JACK DIAMONDS FOUR,0.6636,0.0352,0.3012
DIAMONDS THREE SPADES FOUR,0.7482,0.1112,0.1406
DIAMONDS THREE SPADES FIVE,0.7314,0.1156,0.153
DIAMONDS THREE SPADES TWO,0.745,0.1164,0.1386
DIAMONDS THREE SPADES THREE,0.6126,0.2124,0.175
CLUBS EIGHT DIAMONDS THREE,0.6856,0.0746,0.2398
CLUBS NINE DIAMONDS THREE,0.6682,0.074,0.2578
SPADES SEVEN CLUBS ACE,0.666,0.0256,0.3084
SPADES SEVEN CLUBS QUEEN,0.6636,0.0306,0.3058
SPADES SEVEN CLUBS KING,0.6556,0.0346,0.3098
CLUBS FIVE SPADES SEVEN,0.7966,0.0908,0.1126
CLUBS TEN SPADES SEVEN,0.6608,0.0494,0.2898
CLUBS FIVE SPADES SIX,0.7534,0.1066,0.14
CLUBS JACK SPADES SEVEN,0.648,0.0362,0.3158
CLUBS FIVE SPADES NINE,0.655,0.0724,0.2726
CLUBS FIVE SPADES EIGHT,0.6678,0.0842,0.248
CLUBS FIVE SPADES THREE,0.7306,0.1198,0.1496
CLUBS FIVE SPADES TWO,0.7444,0.1156,0.14
CLUBS FIVE SPADES FIVE,0.6046,0.2202,0.1752
CLUBS FIVE SPADES FOUR,0.7174,0.1152,0.1674
CLUBS NINE CLUBS FIVE,0.6312,0.0696,0.2992
CLUBS EIGHT CLUBS FIVE,0.6142,0.0864,0.2994
CLUBS ACE CLUBS QUEEN,0.505,0.0034,0.4916
CLUBS KING CLUBS QUEEN,0.508,0.0062,0.4858
DIAMONDS TEN DIAMONDS FOUR,0.6406,0.0504,0.309
CLUBS TEN DIAMONDS NINE,0.5186,0.042,0.4394
DIAMONDS JACK DIAMONDS FOUR,0.6214,0.0366,0.342
CLUBS JACK DIAMONDS NINE,0.5208,0.0302,0.449
CLUBS JACK SPADES NINE,0.5312,0.0294,0.4394
CLUBS TEN SPADES NINE,0.5138,0.043,0.4432
DIAMONDS ACE DIAMONDS FOUR,0.6154,0.0036,0.381
HEARTS FOUR DIAMONDS FOUR,0.6154,0.2104,0.1742
DIAMONDS JACK HEARTS TEN,0.5156,0.0258,0.4586
SPADES NINE CLUBS KING,0.5408,0.0114,0.4478
DIAMONDS TWO SPADES TEN,0.6688,0.0526,0.2786
DIAMONDS NINE CLUBS ACE,0.5362,0.0042,0.4596
HEARTS FIVE DIAMONDS FOUR,0.7154,0.1136,0.171
DIAMONDS JACK HEARTS JACK,0.1904,0.1006,0.709
SPADES NINE CLUBS QUEEN,0.5356,0.0146,0.4498
DIAMONDS TWO SPADES JACK,0.684,0.0336,0.2824
DIAMONDS QUEEN DIAMONDS FOUR,0.6266,0.0256,0.3478
HEARTS TWO DIAMONDS FOUR,0.7536,0.1198,0.1266
DIAMONDS NINE CLUBS QUEEN,0.5148,0.019,0.4662
DIAMONDS KING DIAMONDS FOUR,0.6362,0.0124,0.3514
HEARTS THREE DIAMONDS FOUR,0.7352,0.115,0.1498
SPADES NINE CLUBS ACE,0.527,0.0034,0.4696
DIAMONDS NINE CLUBS KING,0.5318,0.011,0.4572
HEARTS ACE DIAMONDS JACK,0.528,0.0036,0.4684
SPADES ACE DIAMONDS TWO,0.6508,0.0032,0.346
HEARTS QUEEN DIAMONDS JACK,0.5144,0.0144,0.4712
SPADES QUEEN DIAMONDS TWO,0.6796,0.0248,0.2956
HEARTS KING DIAMONDS JACK,0.5376,0.0076,0.4548
SPADES KING DIAMONDS TWO,0.6802,0.0136,0.3062
SPADES JACK SPADES SEVEN,0.6334,0.0356,0.331
SPADES TEN SPADES SEVEN,0.6134,0.0478,0.3388
CLUBS SIX CLUBS THREE,0.7178,0.109,0.1732
CLUBS FIVE CLUBS THREE,0.6992,0.1084,0.1924
CLUBS THREE CLUBS FOUR,0.7018,0.1094,0.1888
CLUBS NINE CLUBS THREE,0.6276,0.0602,0.3122
CLUBS EIGHT CLUBS THREE,0.6412,0.074,0.2848
CLUBS THREE SPADES FIVE,0.7234,0.1176,0.159
CLUBS THREE SPADES FOUR,0.7318,0.114,0.1542
CLUBS THREE SPADES THREE,0.6126,0.2142,0.1732
CLUBS THREE SPADES TWO,0.7468,0.1188,0.1344
CLUBS THREE SPADES SIX,0.755,0.1014,0.1436
CLUBS THREE SPADES SEVEN,0.8334,0.0978,0.0688
SPADES EIGHT CLUBS THREE,0.6758,0.079,0.2452
SPADES NINE CLUBS THREE,0.6782,0.0608,0.261
SPADES TWO DIAMONDS FOUR,0.7484,0.1138,0.1378
SPADES THREE DIAMONDS FOUR,0.7342,0.1204,0.1454
SPADES FOUR DIAMONDS FOUR,0.5924,0.22,0.1876
SPADES FIVE DIAMONDS FOUR,0.7218,0.116,0.1622
SPADES SIX DIAMONDS FOUR,0.7532,0.106,0.1408
SPADES SEVEN DIAMONDS FOUR,0.802,0.1026,0.0954
SPADES EIGHT DIAMONDS FOUR,0.6614,0.0914,0.2472
SPADES NINE DIAMONDS FOUR,0.676,0.0688,0.2552
CLUBS FIVE DIAMONDS FOUR,0.7344,0.1124,0.1532
CLUBS FOUR DIAMONDS FOUR,0.601,0.2304,0.1686
CLUBS SIX DIAMONDS FOUR,0.7604,0.1072,0.1324
CLUBS NINE DIAMONDS FOUR,0.6808,0.0676,0.2516
CLUBS EIGHT DIAMONDS FOUR,0.67,0.0846,0.2454
HEARTS SEVEN DIAMONDS FOUR,0.8038,0.1,0.0962
HEARTS SIX DIAMONDS FOUR,0.7548,0.0994,0.1458
DIAMONDS FOUR HEARTS NINE,0.6732,0.0744,0.2524
DIAMONDS FOUR HEARTS EIGHT,0.6634,0.079,0.2576
CLUBS THREE DIAMONDS FOUR,0.7474,0.1196,0.133
CLUBS TWO DIAMONDS FOUR,0.7568,0.119,0.1242
DIAMONDS TEN DIAMONDS FIVE,0.6236,0.0544,0.322
DIAMONDS JACK DIAMONDS FIVE,0.6264,0.0376,0.336
DIAMONDS NINE HEARTS QUEEN,0.5358,0.0188,0.4454
DIAMONDS NINE HEARTS KING,0.5468,0.0078,0.4454
HEARTS ACE DIAMONDS NINE,0.5422,0.0034,0.4544
DIAMONDS NINE HEARTS TEN,0.5172,0.0424,0.4404
DIAMONDS NINE HEARTS JACK,0.5092,0.028,0.4628
CLUBS KING DIAMONDS SIX,0.6628,0.0148,0.3224
CLUBS QUEEN DIAMONDS SIX,0.6484,0.029,0.3226
CLUBS ACE DIAMONDS SIX,0.6524,0.0046,0.343
SPADES KING DIAMONDS FOUR,0.6576,0.01,0.3324
SPADES ACE SPADES SEVEN,0.6214,0.0264,0.3522
SPADES QUEEN DIAMONDS FOUR,0.6582,0.025,0.3168
SPADES QUEEN SPADES SEVEN,0.6312,0.0292,0.3396
CLUBS JACK DIAMONDS SIX,0.6588,0.0362,0.305
SPADES KING SPADES SEVEN,0.6342,0.0282,0.3376
SPADES ACE DIAMONDS FOUR,0.6438,0.0032,0.353
CLUBS TEN DIAMONDS SIX,0.6432,0.053,0.3038
CLUBS NINE CLUBS FOUR,0.6312,0.064,0.3048
CLUBS EIGHT CLUBS FOUR,0.6232,0.086,0.2908
SPADES JACK DIAMONDS FOUR,0.6564,0.0396,0.304
SPADES TEN DIAMONDS FOUR,0.6558,0.054,0.2902
CLUBS FIVE CLUBS FOUR,0.6968,0.1136,0.1896
CLUBS SIX CLUBS FOUR,0.7118,0.104,0.1842
HEARTS SIX DIAMONDS FIVE,0.752,0.1092,0.1388
HEARTS SEVEN DIAMONDS FIVE,0.7916,0.1014,0.107
DIAMONDS FIVE HEARTS EIGHT,0.6702,0.0762,0.2536
DIAMONDS FIVE HEARTS NINE,0.6518,0.0724,0.2758
DIAMONDS QUEEN DIAMONDS FIVE,0.6148,0.0256,0.3596
HEARTS TWO DIAMONDS FIVE,0.7472,0.1098,0.143
HEARTS KING HEARTS EIGHT,0.5286,0.0118,0.4596
DIAMONDS KING DIAMONDS FIVE,0.6348,0.017,0.3482
HEARTS THREE DIAMONDS FIVE,0.7316,0.1128,0.1556
HEARTS QUEEN HEARTS EIGHT,0.5118,0.0204,0.4678
DIAMONDS ACE DIAMONDS FIVE,0.605,0.0046,0.3904
HEARTS FOUR DIAMONDS FIVE,0.7226,0.1142,0.1632
HEARTS FIVE DIAMONDS FIVE,0.602,0.2134,0.1846
HEARTS ACE HEARTS EIGHT,0.5128,0.0026,0.4846
CLUBS FOUR DIAMONDS FIVE,0.736,0.1136,0.1504
CLUBS FIVE DIAMONDS FIVE,0.615,0.215,0.17
CLUBS SIX DIAMONDS FIVE,0.748,0.109,0.143
CLUBS TWO DIAMONDS FIVE,0.7532,0.1114,0.1354
CLUBS THREE DIAMONDS FIVE,0.7418,0.1068,0.1514
SPADES THREE DIAMONDS FIVE,0.7284,0.115,0.1566
SPADES TWO DIAMONDS FIVE,0.7392,0.11,0.1508
SPADES JACK DIAMONDS EIGHT,0.539,0.037,0.424
SPADES FIVE DIAMONDS FIVE,0.6064,0.207,0.1866
CLUBS TEN HEARTS JACK,0.5168,0.024,0.4592
SPADES TEN DIAMONDS EIGHT,0.5316,0.0454,0.423
SPADES FOUR DIAMONDS FIVE,0.7344,0.1104,0.1552
CLUBS JACK HEARTS JACK,0.1934,0.0926,0.714
HEARTS JACK CLUBS QUEEN,0.5096,0.0106,0.4798
CLUBS NINE DIAMONDS FIVE,0.656,0.075,0.269
CLUBS EIGHT DIAMONDS FIVE,0.6514,0.089,0.2596
HEARTS JACK CLUBS KING,0.5434,0.006,0.4506
CLUBS ACE HEARTS JACK,0.5274,0.0042,0.4684
SPADES SEVEN DIAMONDS FIVE,0.7946,0.0972,0.1082
SPADES KING DIAMONDS EIGHT,0.5568,0.011,0.4322
SPADES QUEEN DIAMONDS EIGHT,0.5432,0.0206,0.4362
SPADES SIX DIAMONDS FIVE,0.7476,0.1092,0.1432
SPADES NINE DIAMONDS FIVE,0.6512,0.0662,0.2826
SPADES EIGHT DIAMONDS FIVE,0.6468,0.0882,0.265
SPADES ACE DIAMONDS EIGHT,0.5446,0.0028,0.4526
DIAMONDS TEN DIAMONDS SIX,0.6206,0.059,0.3204
DIAMONDS JACK DIAMONDS SIX,0.622,0.0392,0.3388
DIAMONDS ACE DIAMONDS SIX,0.62,0.0032,0.3768
HEARTS FOUR DIAMONDS SIX,0.7502,0.1056,0.1442
SPADES TWO HEARTS JACK,0.6562,0.0386,0.3052
HEARTS FIVE DIAMONDS SIX,0.7402,0.1144,0.1454
SPADES TWO HEARTS TEN,0.6674,0.0458,0.2868
DIAMONDS QUEEN DIAMONDS SIX,0.6284,0.0264,0.3452
HEARTS TWO DIAMONDS SIX,0.7674,0.1018,0.1308
DIAMONDS KING DIAMONDS SIX,0.6324,0.0114,0.3562
HEARTS THREE DIAMONDS SIX,0.7458,0.1142,0.14
HEARTS EIGHT DIAMONDS SIX,0.6556,0.0834,0.261
HEARTS NINE DIAMONDS SIX,0.6584,0.0656,0.276
HEARTS SIX DIAMONDS SIX,0.6084,0.2192,0.1724
HEARTS SEVEN DIAMONDS SIX,0.7824,0.0962,0.1214
CLUBS TWO DIAMONDS SIX,0.7732,0.1062,0.1206
CLUBS THREE DIAMONDS SIX,0.771,0.1052,0.1238
CLUBS JACK DIAMONDS EIGHT,0.538,0.0298,0.4322
CLUBS SIX DIAMONDS SIX,0.6096,0.2122,0.1782
CLUBS TEN DIAMONDS EIGHT,0.5302,0.0484,0.4214
CLUBS FIVE DIAMONDS SIX,0.7366,0.1206,0.1428
CLUBS FOUR DIAMONDS SIX,0.768,0.1006,0.1314
HEARTS ACE HEARTS JACK,0.497,0.0028,0.5002
CLUBS ACE DIAMONDS EIGHT,0.5448,0.0046,0.4506
HEARTS QUEEN HEARTS JACK,0.4912,0.0136,0.4952
CLUBS KING DIAMONDS EIGHT,0.5576,0.0146,0.4278
CLUBS NINE DIAMONDS SIX,0.6684,0.0656,0.266
HEARTS KING HEARTS JACK,0.4936,0.0044,0.502
CLUBS EIGHT DIAMONDS SIX,0.6376,0.0898,0.2726
DIAMONDS EIGHT CLUBS QUEEN,0.5506,0.0218,0.4276
SPADES TEN HEARTS KING,0.5368,0.0066,0.4566
SPADES FIVE DIAMONDS SIX,0.745,0.102,0.153
HEARTS ACE SPADES TWO,0.635,0.0042,0.3608
SPADES JACK HEARTS KING,0.5328,0.0062,0.461
SPADES FOUR DIAMONDS SIX,0.756,0.103,0.141
SPADES THREE DIAMONDS SIX,0.767,0.0952,0.1378
HEARTS QUEEN SPADES TWO,0.658,0.025,0.317
SPADES ACE SPADES KING,0.4976,0.0022,0.5002
HEARTS KING SPADES TWO,0.6628,0.0124,0.3248
SPADES TWO DIAMONDS SIX,0.7542,0.12,0.1258
HEARTS TEN HEARTS EIGHT,0.509,0.0414,0.4496
SPADES NINE DIAMONDS SIX,0.6594,0.0646,0.276
HEARTS JACK HEARTS EIGHT,0.519,0.032,0.449
SPADES EIGHT DIAMONDS SIX,0.6476,0.084,0.2684
SPADES SEVEN DIAMONDS SIX,0.7716,0.0974,0.131
SPADES SIX DIAMONDS SIX,0.6092,0.22,0.1708
SPADES KING HEARTS KING,0.2032,0.0372,0.7596
SPADES QUEEN HEARTS KING,0.5228,0.005,0.4722
CLUBS ACE CLUBS KING,0.4952,0.0044,0.5004
SPADES ACE HEARTS KING,0.547,0.0028,0.4502
SPADES ACE HEARTS JACK,0.5188,0.004,0.4772
SPADES QUEEN HEARTS JACK,0.5346,0.0104,0.455
SPADES KING HEARTS JACK,0.5248,0.0044,0.4708
SPADES TEN DIAMONDS TEN,0.188,0.1244,0.6876
SPADES JACK DIAMONDS TEN,0.519,0.0218,0.4592
SPADES ACE DIAMONDS TEN,0.5422,0.0036,0.4542
SPADES JACK HEARTS JACK,0.1964,0.0992,0.7044
SPADES TEN HEARTS JACK,0.5198,0.0238,0.4564
SPADES QUEEN DIAMONDS TEN,0.5298,0.0138,0.4564
SPADES KING DIAMONDS TEN,0.5168,0.0062,0.477
HEARTS KING DIAMONDS FIVE,0.662,0.0112,0.3268
HEARTS QUEEN DIAMONDS FIVE,0.6642,0.0216,0.3142
HEARTS ACE DIAMONDS FIVE,0.645,0.004,0.351
DIAMONDS FIVE HEARTS JACK,0.6532,0.0376,0.3092
HEARTS TEN DIAMONDS FIVE,0.6736,0.0492,0.2772
SPADES KING CLUBS TWO,0.6786,0.013,0.3084
HEARTS KING CLUBS KING,0.1978,0.0362,0.766
SPADES QUEEN CLUBS TWO,0.6606,0.0262,0.3132
HEARTS KING CLUBS QUEEN,0.5262,0.0054,0.4684
CLUBS JACK SPADES TWO,0.6476,0.0384,0.314
SPADES ACE CLUBS TWO,0.6428,0.0038,0.3534
CLUBS TEN SPADES TWO,0.6566,0.0606,0.2828
HEARTS KING CLUBS ACE,0.5372,0.0032,0.4596
SPADES TWO CLUBS KING,0.6588,0.0142,0.327
CLUBS EIGHT CLUBS SIX,0.6286,0.0758,0.2956
SPADES TWO CLUBS QUEEN,0.6674,0.0224,0.3102
CLUBS NINE CLUBS SIX,0.6272,0.0612,0.3116
CLUBS JACK HEARTS KING,0.5302,0.007,0.4628
SPADES TWO CLUBS ACE,0.6478,0.0044,0.3478
CLUBS TEN HEARTS KING,0.52,0.0092,0.4708
CLUBS SIX SPADES TWO,0.7774,0.106,0.1166
CLUBS SIX SPADES THREE,0.7666,0.1036,0.1298
CLUBS SIX SPADES FOUR,0.7466,0.1118,0.1416
CLUBS SIX SPADES FIVE,0.7472,0.1048,0.148
CLUBS SIX SPADES SIX,0.5976,0.2268,0.1756
CLUBS SIX SPADES SEVEN,0.7854,0.0966,0.118
CLUBS SIX SPADES EIGHT,0.6572,0.0792,0.2636
SPADES JACK CLUBS TWO,0.6648,0.04,0.2952
SPADES NINE CLUBS SIX,0.6678,0.0702,0.262
SPADES TEN CLUBS TWO,0.6728,0.0534,0.2738
CLUBS TWO CLUBS QUEEN,0.6232,0.0244,0.3524
CLUBS TWO CLUBS KING,0.6314,0.014,0.3546
CLUBS THREE DIAMONDS EIGHT,0.6842,0.0774,0.2384
CLUBS TWO CLUBS ACE,0.619,0.0058,0.3752
CLUBS TWO DIAMONDS EIGHT,0.6702,0.0834,0.2464
HEARTS SEVEN DIAMONDS EIGHT,0.6266,0.0702,0.3032
HEARTS SIX DIAMONDS EIGHT,0.6566,0.083,0.2604
DIAMONDS EIGHT HEARTS NINE,0.5348,0.061,0.4042
CLUBS TEN CLUBS TWO,0.6442,0.0514,0.3044
HEARTS EIGHT DIAMONDS EIGHT,0.176,0.1844,0.6396
CLUBS JACK CLUBS TWO,0.6214,0.0426,0.336
CLUBS NINE DIAMONDS EIGHT,0.5222,0.0638,0.414
CLUBS EIGHT DIAMONDS EIGHT,0.1788,0.18,0.6412
CLUBS FIVE DIAMONDS EIGHT,0.664,0.08,0.256
SPADES ACE SPADES THREE,0.6018,0.0036,0.3946
CLUBS FOUR DIAMONDS EIGHT,0.6614,0.0838,0.2548
SPADES QUEEN SPADES THREE,0.6326,0.0212,0.3462
CLUBS SIX DIAMONDS EIGHT,0.6456,0.0848,0.2696
SPADES KING SPADES THREE,0.6086,0.014,0.3774
DIAMONDS QUEEN DIAMONDS EIGHT,0.5182,0.0234,0.4584
HEARTS TWO DIAMONDS EIGHT,0.6764,0.0862,0.2374
DIAMONDS KING DIAMONDS EIGHT,0.5166,0.0126,0.4708
HEARTS THREE DIAMONDS EIGHT,0.6634,0.0884,0.2482
DIAMONDS ACE DIAMONDS EIGHT,0.517,0.0048,0.4782
HEARTS FOUR DIAMONDS EIGHT,0.659,0.079,0.262
HEARTS FIVE DIAMONDS EIGHT,0.6564,0.0808,0.2628
DIAMONDS TEN DIAMONDS EIGHT,0.5054,0.0484,0.4462
DIAMONDS JACK DIAMONDS EIGHT,0.5112,0.0354,0.4534
SPADES JACK SPADES THREE,0.6264,0.0368,0.3368
SPADES TEN SPADES THREE,0.6234,0.0532,0.3234
CLUBS FOUR HEARTS ACE,0.6422,0.004,0.3538
CLUBS FOUR HEARTS QUEEN,0.6628,0.0252,0.312
CLUBS FOUR HEARTS KING,0.6564,0.0146,0.329
CLUBS SIX HEARTS TEN,0.6594,0.0528,0.2878
CLUBS SIX HEARTS JACK,0.6554,0.0398,0.3048
SPADES FOUR DIAMONDS EIGHT,0.6522,0.0812,0.2666
SPADES FIVE DIAMONDS EIGHT,0.6564,0.0744,0.2692
SPADES TWO DIAMONDS EIGHT,0.6648,0.0846,0.2506
SPADES THREE DIAMONDS EIGHT,0.6544,0.0794,0.2662
CLUBS FOUR HEARTS JACK,0.6596,0.0416,0.2988
SPADES EIGHT DIAMONDS EIGHT,0.187,0.1866,0.6264
SPADES TEN DIAMONDS QUEEN,0.5268,0.0174,0.4558
SPADES TEN HEARTS TWO,0.6712,0.0552,0.2736
SPADES JACK HEARTS EIGHT,0.556,0.029,0.415
CLUBS FOUR HEARTS TEN,0.6634,0.0524,0.2842
SPADES NINE DIAMONDS EIGHT,0.5292,0.0548,0.416
SPADES TEN HEARTS EIGHT,0.543,0.0438,0.4132
SPADES JACK HEARTS TWO,0.6586,0.0406,0.3008
SPADES JACK DIAMONDS QUEEN,0.5162,0.0148,0.469
SPADES SIX DIAMONDS EIGHT,0.6426,0.0836,0.2738
SPADES SEVEN DIAMONDS EIGHT,0.6136,0.0692,0.3172
SPADES ACE HEARTS TWO,0.6418,0.0038,0.3544
SPADES ACE DIAMONDS QUEEN,0.526,0.0044,0.4696
SPADES ACE HEARTS EIGHT,0.5626,0.002,0.4354
SPADES KING HEARTS EIGHT,0.5572,0.0124,0.4304
SPADES QUEEN HEARTS TWO,0.6664,0.026,0.3076
SPADES QUEEN DIAMONDS QUEEN,0.19,0.064,0.746
SPADES KING DIAMONDS QUEEN,0.5192,0.0072,0.4736
SPADES KING HEARTS TWO,0.6658,0.0142,0.32
SPADES QUEEN HEARTS EIGHT,0.5508,0.0206,0.4286
CLUBS TWO HEARTS TEN,0.6742,0.0544,0.2714
CLUBS TWO HEARTS JACK,0.6722,0.0422,0.2856
SPADES SEVEN DIAMONDS NINE,0.6354,0.0572,0.3074
SPADES SIX DIAMONDS NINE,0.642,0.0706,0.2874
SPADES NINE DIAMONDS NINE,0.1786,0.1642,0.6572
SPADES EIGHT DIAMONDS NINE,0.5298,0.055,0.4152
SPADES TEN CLUBS KING,0.5238,0.0078,0.4684
DIAMONDS NINE SPADES THREE,0.6592,0.0602,0.2806
SPADES JACK CLUBS KING,0.5292,0.0092,0.4616
DIAMONDS NINE SPADES TWO,0.6642,0.0694,0.2664
SPADES FIVE DIAMONDS NINE,0.654,0.0644,0.2816
DIAMONDS NINE SPADES FOUR,0.6586,0.0698,0.2716
CLUBS NINE DIAMONDS NINE,0.1672,0.1648,0.668
CLUBS EIGHT DIAMONDS NINE,0.5236,0.0554,0.421
CLUBS SIX DIAMONDS NINE,0.6504,0.0612,0.2884
SPADES JACK CLUBS FOUR,0.667,0.0336,0.2994
SPADES TEN CLUBS FOUR,0.6674,0.0478,0.2848
CLUBS FOUR DIAMONDS NINE,0.6672,0.071,0.2618
CLUBS FIVE DIAMONDS NINE,0.6504,0.0754,0.2742
CLUBS TWO DIAMONDS NINE,0.6734,0.0728,0.2538
CLUBS THREE DIAMONDS NINE,0.663,0.0748,0.2622
DIAMONDS NINE HEARTS EIGHT,0.5362,0.061,0.4028
DIAMONDS NINE HEARTS NINE,0.1768,0.1568,0.6664
HEARTS SIX DIAMONDS NINE,0.661,0.0652,0.2738
HEARTS SEVEN DIAMONDS NINE,0.6388,0.0502,0.311
CLUBS EIGHT CLUBS NINE,0.5018,0.0608,0.4374
DIAMONDS ACE DIAMONDS NINE,0.514,0.0046,0.4814
HEARTS FOUR DIAMONDS NINE,0.657,0.0684,0.2746
HEARTS FIVE DIAMONDS NINE,0.648,0.0698,0.2822
HEARTS ACE CLUBS TWO,0.6422,0.0046,0.3532
SPADES ACE CLUBS FOUR,0.636,0.005,0.359
DIAMONDS NINE DIAMONDS QUEEN,0.5052,0.0178,0.477
HEARTS TWO DIAMONDS NINE,0.6658,0.065,0.2692
CLUBS TWO HEARTS KING,0.6672,0.015,0.3178
SPADES KING CLUBS FOUR,0.6668,0.0136,0.3196
DIAMONDS KING DIAMONDS NINE,0.5202,0.0118,0.468
HEARTS THREE DIAMONDS NINE,0.674,0.0682,0.2578
CLUBS TWO HEARTS QUEEN,0.6726,0.0278,0.2996
SPADES QUEEN CLUBS FOUR,0.669,0.0252,0.3058
DIAMONDS NINE DIAMONDS JACK,0.5134,0.03,0.4566
CLUBS EIGHT SPADES NINE,0.5342,0.0598,0.406
DIAMONDS TEN DIAMONDS NINE,0.5008,0.0404,0.4588
CLUBS EIGHT SPADES EIGHT,0.1764,0.1908,0.6328
CLUBS EIGHT SPADES SEVEN,0.619,0.073,0.308
CLUBS EIGHT SPADES SIX,0.6536,0.0786,0.2678
CLUBS EIGHT SPADES FIVE,0.6538,0.0772,0.269
CLUBS EIGHT SPADES FOUR,0.6572,0.0842,0.2586
CLUBS EIGHT SPADES THREE,0.6668,0.0834,0.2498
CLUBS EIGHT SPADES TWO,0.6784,0.0802,0.2414
HEARTS SIX DIAMONDS TEN,0.6588,0.0516,0.2896
HEARTS SEVEN DIAMONDS TEN,0.6284,0.0556,0.316
DIAMONDS TEN HEARTS EIGHT,0.5294,0.0424,0.4282
CLUBS JACK CLUBS FOUR,0.6344,0.0396,0.326
DIAMONDS TEN HEARTS NINE,0.5194,0.039,0.4416
CLUBS TEN CLUBS FOUR,0.6282,0.0502,0.3216
CLUBS FOUR CLUBS KING,0.6216,0.0114,0.367
CLUBS FOUR CLUBS QUEEN,0.6084,0.0214,0.3702
DIAMONDS TEN CLUBS TWO,0.6696,0.0562,0.2742
CLUBS THREE DIAMONDS TEN,0.658,0.0578,0.2842
CLUBS FOUR CLUBS ACE,0.6108,0.007,0.3822
DIAMONDS TEN DIAMONDS JACK,0.4958,0.0212,0.483
DIAMONDS TEN DIAMONDS QUEEN,0.4966,0.0144,0.489
HEARTS TWO DIAMONDS TEN,0.6658,0.0496,0.2846
DIAMONDS KING DIAMONDS TEN,0.4952,0.009,0.4958
HEARTS THREE DIAMONDS TEN,0.6578,0.0516,0.2906
DIAMONDS ACE DIAMONDS TEN,0.5022,0.0054,0.4924
HEARTS FOUR DIAMONDS TEN,0.657,0.0538,0.2892
CLUBS EIGHT HEARTS JACK,0.5366,0.0342,0.4292
HEARTS FIVE DIAMONDS TEN,0.6574,0.0482,0.2944
CLUBS EIGHT HEARTS TEN,0.5392,0.045,0.4158
CLUBS EIGHT HEARTS QUEEN,0.5384,0.0222,0.4394
CLUBS EIGHT HEARTS KING,0.5484,0.0104,0.4412
CLUBS EIGHT HEARTS ACE,0.5342,0.0024,0.4634
CLUBS NINE SPADES THREE,0.6732,0.0702,0.2566
CLUBS NINE SPADES TWO,0.6584,0.069,0.2726
CLUBS NINE SPADES FIVE,0.653,0.0696,0.2774
CLUBS NINE SPADES FOUR,0.6662,0.0728,0.261
CLUBS NINE SPADES SEVEN,0.6308,0.0556,0.3136
CLUBS NINE SPADES SIX,0.6532,0.0686,0.2782
CLUBS NINE SPADES NINE,0.1844,0.1594,0.6562
CLUBS TEN HEARTS EIGHT,0.5306,0.0428,0.4266
CLUBS NINE SPADES EIGHT,0.5354,0.0602,0.4044
CLUBS JACK HEARTS EIGHT,0.544,0.0322,0.4238
HEARTS EIGHT CLUBS QUEEN,0.5386,0.0184,0.443
CLUBS KING HEARTS EIGHT,0.5508,0.0114,0.4378
CLUBS ACE HEARTS EIGHT,0.551,0.0032,0.4458
SPADES KING CLUBS KING,0.1998,0.0328,0.7674
SPADES QUEEN CLUBS KING,0.5206,0.0066,0.4728
SPADES ACE CLUBS KING,0.5356,0.004,0.4604
DIAMONDS ACE HEARTS TEN,0.5312,0.0046,0.4642
HEARTS FOUR HEARTS TEN,0.6226,0.0508,0.3266
DIAMONDS ACE HEARTS JACK,0.5278,0.0026,0.4696
HEARTS FOUR HEARTS JACK,0.616,0.041,0.343
SPADES KING CLUBS FIVE,0.6608,0.0118,0.3274
SPADES QUEEN CLUBS FIVE,0.6456,0.0262,0.3282
SPADES ACE CLUBS FIVE,0.6344,0.0046,0.361
HEARTS SEVEN DIAMONDS JACK,0.6632,0.0396,0.2972
HEARTS SIX DIAMONDS JACK,0.6696,0.0392,0.2912
DIAMONDS JACK HEARTS NINE,0.5224,0.0266,0.451
DIAMONDS JACK HEARTS EIGHT,0.5458,0.0336,0.4206
DIAMONDS KING DIAMONDS JACK,0.5096,0.009,0.4814
HEARTS THREE DIAMONDS JACK,0.6564,0.0388,0.3048
SPADES ACE SPADES SIX,0.633,0.004,0.363
HEARTS ACE SPADES FOUR,0.6382,0.0048,0.357
DIAMONDS QUEEN DIAMONDS JACK,0.487,0.011,0.502
HEARTS TWO DIAMONDS JACK,0.6632,0.0406,0.2962
HEARTS FIVE DIAMONDS JACK,0.663,0.0388,0.2982
SPADES QUEEN SPADES SIX,0.6318,0.027,0.3412
SPADES FOUR HEARTS QUEEN,0.6648,0.0244,0.3108
DIAMONDS ACE DIAMONDS JACK,0.5088,0.0054,0.4858
HEARTS FOUR DIAMONDS JACK,0.6594,0.035,0.3056
SPADES KING SPADES SIX,0.6062,0.0124,0.3814
SPADES FOUR HEARTS KING,0.6478,0.011,0.3412
SPADES TEN SPADES SIX,0.6136,0.0532,0.3332
SPADES JACK SPADES SIX,0.6346,0.0374,0.328
SPADES FOUR DIAMONDS JACK,0.6628,0.036,0.3012
SPADES FIVE DIAMONDS JACK,0.6722,0.0342,0.2936
DIAMONDS JACK SPADES TWO,0.662,0.0392,0.2988
SPADES THREE DIAMONDS JACK,0.6732,0.0332,0.2936
SPADES ACE DIAMONDS THREE,0.6338,0.0042,0.362
CLUBS EIGHT DIAMONDS JACK,0.5502,0.0354,0.4144
SPADES QUEEN DIAMONDS THREE,0.658,0.0276,0.3144
SPADES KING DIAMONDS THREE,0.6648,0.0108,0.3244
CLUBS NINE DIAMONDS JACK,0.5192,0.0306,0.4502
CLUBS SIX DIAMONDS JACK,0.664,0.041,0.295
CLUBS FOUR DIAMONDS JACK,0.6532,0.0442,0.3026
CLUBS FIVE DIAMONDS JACK,0.6586,0.0366,0.3048
CLUBS TWO DIAMONDS JACK,0.6638,0.044,0.2922
CLUBS THREE DIAMONDS JACK,0.6622,0.04,0.2978
SPADES TEN CLUBS FIVE,0.6516,0.0556,0.2928
SPADES JACK HEARTS SIX,0.6586,0.0332,0.3082
HEARTS SIX SPADES TEN,0.6558,0.0528,0.2914
SPADES JACK CLUBS FIVE,0.6646,0.0348,0.3006
SPADES JACK DIAMONDS THREE,0.6816,0.0376,0.2808
DIAMONDS THREE SPADES TEN,0.657,0.0512,0.2918
SPADES NINE DIAMONDS JACK,0.5256,0.031,0.4434
DIAMONDS ACE HEARTS ACE,0.2024,0.004,0.7936
HEARTS FOUR HEARTS ACE,0.5988,0.0046,0.3966
SPADES EIGHT DIAMONDS JACK,0.5266,0.035,0.4384
SPADES ACE HEARTS SIX,0.6594,0.0032,0.3374
DIAMONDS ACE HEARTS KING,0.5472,0.0028,0.45
HEARTS FOUR HEARTS KING,0.6226,0.0122,0.3652
SPADES SEVEN DIAMONDS JACK,0.6612,0.0414,0.2974
SPADES KING HEARTS SIX,0.6502,0.0116,0.3382
DIAMONDS ACE HEARTS QUEEN,0.527,0.0048,0.4682
HEARTS FOUR HEARTS QUEEN,0.6248,0.0242,0.351
SPADES QUEEN HEARTS SIX,0.6628,0.0242,0.313
SPADES SIX DIAMONDS JACK,0.646,0.0386,0.3154
DIAMONDS TEN SPADES TWO,0.6646,0.0572,0.2782
DIAMONDS TEN SPADES THREE,0.6644,0.0552,0.2804
DIAMONDS TEN SPADES FOUR,0.6566,0.052,0.2914
DIAMONDS TEN SPADES FIVE,0.6598,0.055,0.2852
SPADES SIX DIAMONDS TEN,0.667,0.0506,0.2824
SPADES SEVEN DIAMONDS TEN,0.6506,0.054,0.2954
SPADES EIGHT DIAMONDS TEN,0.5284,0.0376,0.434
SPADES NINE DIAMONDS TEN,0.5114,0.0388,0.4498
CLUBS FOUR DIAMONDS TEN,0.6542,0.0558,0.29
CLUBS FIVE DIAMONDS TEN,0.6678,0.0524,0.2798
CLUBS SIX DIAMONDS TEN,0.6626,0.055,0.2824
CLUBS EIGHT DIAMONDS TEN,0.531,0.048,0.421
CLUBS NINE DIAMONDS TEN,0.5148,0.0462,0.439
CLUBS JACK DIAMONDS THREE,0.6658,0.0372,0.297
CLUBS TEN DIAMONDS THREE,0.6684,0.0542,0.2774
DIAMONDS THREE CLUBS KING,0.6708,0.0118,0.3174
DIAMONDS THREE CLUBS QUEEN,0.665,0.021,0.314
DIAMONDS THREE CLUBS ACE,0.6374,0.0044,0.3582
SPADES FOUR HEARTS JACK,0.667,0.0374,0.2956
SPADES FOUR HEARTS TEN,0.6528,0.0538,0.2934
SPADES FIVE SPADES TWO,0.7088,0.113,0.1782
SPADES FOUR SPADES TWO,0.698,0.1138,0.1882
SPADES THREE SPADES TWO,0.695,0.1122,0.1928
SPADES NINE SPADES TWO,0.6392,0.0666,0.2942
SPADES EIGHT SPADES TWO,0.6348,0.0854,0.2798
SPADES SEVEN SPADES TWO,0.7992,0.0912,0.1096
SPADES SIX SPADES TWO,0.7248,0.1064,0.1688
CLUBS THREE DIAMONDS QUEEN,0.653,0.0288,0.3182
CLUBS THREE HEARTS TWO,0.7506,0.1184,0.131
CLUBS TWO DIAMONDS QUEEN,0.6742,0.0242,0.3016
HEARTS TWO CLUBS TWO,0.6208,0.2112,0.168
HEARTS SEVEN DIAMONDS QUEEN,0.669,0.032,0.299
HEARTS SEVEN HEARTS TWO,0.7896,0.1028,0.1076
HEARTS SIX DIAMONDS QUEEN,0.639,0.029,0.332
HEARTS SIX HEARTS TWO,0.7172,0.1044,0.1784
DIAMONDS QUEEN HEARTS NINE,0.5326,0.0204,0.447
HEARTS TWO HEARTS NINE,0.636,0.0596,0.3044
DIAMONDS QUEEN HEARTS EIGHT,0.5516,0.0196,0.4288
HEARTS TWO HEARTS EIGHT,0.6506,0.0762,0.2732
CLUBS NINE HEARTS TWO,0.681,0.0688,0.2502
CLUBS NINE DIAMONDS QUEEN,0.5194,0.0188,0.4618
CLUBS EIGHT DIAMONDS QUEEN,0.5336,0.0224,0.444
CLUBS EIGHT HEARTS TWO,0.6768,0.0772,0.246
CLUBS FIVE DIAMONDS QUEEN,0.6704,0.0234,0.3062
CLUBS FIVE HEARTS TWO,0.7406,0.1218,0.1376
SPADES EIGHT HEARTS ACE,0.5574,0.0036,0.439
CLUBS FOUR DIAMONDS QUEEN,0.655,0.0274,0.3176
CLUBS FOUR HEARTS TWO,0.7428,0.1118,0.1454
SPADES EIGHT HEARTS QUEEN,0.5498,0.021,0.4292
CLUBS SIX DIAMONDS QUEEN,0.6674,0.0236,0.309
CLUBS SIX HEARTS TWO,0.7748,0.1034,0.1218
SPADES EIGHT HEARTS KING,0.559,0.012,0.429
HEARTS TWO SPADES SIX,0.755,0.1088,0.1362
SPADES SIX DIAMONDS QUEEN,0.6514,0.0264,0.3222
HEARTS FOUR CLUBS QUEEN,0.66,0.025,0.315
DIAMONDS ACE CLUBS QUEEN,0.5218,0.004,0.4742
SPADES SEVEN DIAMONDS QUEEN,0.6664,0.0312,0.3024
SPADES SEVEN HEARTS TWO,0.8306,0.108,0.0614
HEARTS FOUR CLUBS KING,0.648,0.0132,0.3388
DIAMONDS ACE CLUBS KING,0.5412,0.0028,0.456
SPADES EIGHT DIAMONDS QUEEN,0.5444,0.0178,0.4378
SPADES EIGHT HEARTS TWO,0.6726,0.0794,0.248
HEARTS FOUR CLUBS ACE,0.6364,0.0042,0.3594
DIAMONDS ACE CLUBS ACE,0.179,0.0054,0.8156
SPADES NINE DIAMONDS QUEEN,0.528,0.0202,0.4518
SPADES NINE HEARTS TWO,0.674,0.0654,0.2606
HEARTS TWO SPADES TWO,0.6062,0.2122,0.1816
DIAMONDS QUEEN SPADES TWO,0.659,0.0242,0.3168
HEARTS TWO SPADES THREE,0.7464,0.1202,0.1334
DIAMONDS QUEEN SPADES THREE,0.6512,0.0272,0.3216
HEARTS TWO SPADES FOUR,0.7302,0.1236,0.1462
SPADES FOUR DIAMONDS QUEEN,0.65,0.0286,0.3214
CLUBS TEN HEARTS FOUR,0.6614,0.05,0.2886
CLUBS TEN DIAMONDS ACE,0.5164,0.0038,0.4798
HEARTS TWO SPADES FIVE,0.7292,0.1136,0.1572
SPADES FIVE DIAMONDS QUEEN,0.6486,0.0236,0.3278
CLUBS JACK HEARTS FOUR,0.6474,0.039,0.3136
CLUBS JACK DIAMONDS ACE,0.5102,0.0038,0.486
CLUBS FIVE CLUBS KING,0.6228,0.0124,0.3648
CLUBS FIVE CLUBS QUEEN,0.6258,0.024,0.3502
CLUBS FIVE CLUBS ACE,0.6116,0.0064,0.382
CLUBS JACK CLUBS FIVE,0.629,0.0386,0.3324
CLUBS TEN CLUBS FIVE,0.6392,0.0534,0.3074
SPADES KING CLUBS JACK,0.5258,0.0066,0.4676
CLUBS JACK SPADES QUEEN,0.5168,0.0138,0.4694
SPADES ACE CLUBS JACK,0.52,0.0034,0.4766
SPADES SIX CLUBS KING,0.6518,0.0126,0.3356
SPADES SIX CLUBS QUEEN,0.6478,0.024,0.3282
SPADES EIGHT HEARTS JACK,0.5472,0.0298,0.423
SPADES SIX CLUBS ACE,0.6502,0.0028,0.347
SPADES EIGHT HEARTS TEN,0.539,0.0414,0.4196
CLUBS JACK SPADES SIX,0.664,0.0402,0.2958
CLUBS TEN SPADES SIX,0.6512,0.0586,0.2902
CLUBS JACK SPADES TEN,0.5156,0.0272,0.4572
CLUBS JACK SPADES JACK,0.1902,0.0972,0.7126
SPADES SIX HEARTS TEN,0.6582,0.0468,0.295
SPADES SIX HEARTS JACK,0.6616,0.033,0.3054
SPADES SIX HEARTS ACE,0.6526,0.003,0.3444
SPADES SIX HEARTS KING,0.655,0.0132,0.3318
SPADES SIX HEARTS QUEEN,0.662,0.0242,0.3138
CLUBS TEN HEARTS SIX,0.6562,0.0482,0.2956
CLUBS JACK HEARTS SIX,0.6624,0.0398,0.2978
CLUBS JACK CLUBS ACE,0.491,0.0054,0.5036
HEARTS SIX CLUBS QUEEN,0.6606,0.0272,0.3122
HEARTS SIX CLUBS KING,0.6644,0.0118,0.3238
HEARTS SIX CLUBS ACE,0.6432,0.0036,0.3532
CLUBS JACK CLUBS QUEEN,0.4918,0.016,0.4922
CLUBS JACK CLUBS KING,0.4888,0.0078,0.5034
DIAMONDS THREE HEARTS ACE,0.6424,0.0042,0.3534
DIAMONDS THREE HEARTS QUEEN,0.6724,0.0256,0.302
DIAMONDS THREE HEARTS KING,0.6656,0.015,0.3194
CLUBS FIVE HEARTS JACK,0.674,0.0342,0.2918
SPADES TEN DIAMONDS ACE,0.5334,0.004,0.4626
HEARTS FOUR SPADES TEN,0.6566,0.0502,0.2932
CLUBS FIVE HEARTS TEN,0.6618,0.0588,0.2794
HEARTS FOUR SPADES JACK,0.6406,0.0416,0.3178
SPADES JACK DIAMONDS ACE,0.5288,0.0034,0.4678
SPADES ACE HEARTS FOUR,0.6448,0.0034,0.3518
SPADES ACE DIAMONDS ACE,0.2034,0.002,0.7946
CLUBS FIVE HEARTS ACE,0.6496,0.0048,0.3456
CLUBS FIVE HEARTS KING,0.6662,0.0104,0.3234
HEARTS FOUR SPADES QUEEN,0.6498,0.0254,0.3248
SPADES QUEEN DIAMONDS ACE,0.5176,0.0024,0.48
CLUBS JACK SPADES FOUR,0.661,0.0348,0.3042
CLUBS FIVE HEARTS QUEEN,0.6628,0.0256,0.3116
SPADES KING DIAMONDS ACE,0.5328,0.0022,0.465
SPADES KING HEARTS FOUR,0.6662,0.0124,0.3214
CLUBS TEN SPADES FOUR,0.6586,0.0478,0.2936
DIAMONDS ACE DIAMONDS QUEEN,0.4994,0.0046,0.496
DIAMONDS ACE HEARTS TWO,0.6452,0.004,0.3508
HEARTS FOUR DIAMONDS QUEEN,0.6438,0.0276,0.3286
HEARTS FOUR HEARTS TWO,0.6998,0.114,0.1862
DIAMONDS THREE HEARTS TEN,0.677,0.0466,0.2764
SPADES FOUR CLUBS KING,0.6664,0.016,0.3176
HEARTS FIVE DIAMONDS QUEEN,0.6538,0.025,0.3212
HEARTS FIVE HEARTS TWO,0.7008,0.11,0.1892
DIAMONDS THREE HEARTS JACK,0.6632,0.0392,0.2976
SPADES FOUR CLUBS QUEEN,0.6568,0.0244,0.3188
HEARTS TWO DIAMONDS QUEEN,0.6532,0.025,0.3218
DIAMONDS KING DIAMONDS QUEEN,0.507,0.008,0.485
DIAMONDS KING HEARTS TWO,0.6534,0.0128,0.3338
HEARTS THREE DIAMONDS QUEEN,0.6574,0.0266,0.316
HEARTS THREE HEARTS TWO,0.6952,0.1192,0.1856
SPADES FOUR CLUBS ACE,0.6198,0.0032,0.377
HEARTS TWO CLUBS ACE,0.6486,0.005,0.3464
DIAMONDS QUEEN CLUBS ACE,0.5242,0.0044,0.4714
HEARTS TWO CLUBS QUEEN,0.6534,0.0258,0.3208
DIAMONDS QUEEN CLUBS QUEEN,0.178,0.059,0.763
HEARTS TWO CLUBS KING,0.6698,0.0138,0.3164
DIAMONDS QUEEN CLUBS KING,0.5022,0.0084,0.4894
SPADES EIGHT SPADES FIVE,0.6166,0.0782,0.3052
CLUBS TEN HEARTS TWO,0.6628,0.0522,0.285
CLUBS TEN DIAMONDS QUEEN,0.4934,0.0182,0.4884
SPADES NINE SPADES FIVE,0.6296,0.0678,0.3026
CLUBS JACK HEARTS TWO,0.6602,0.0416,0.2982
CLUBS JACK DIAMONDS QUEEN,0.5084,0.0132,0.4784
SPADES SIX SPADES FIVE,0.702,0.0958,0.2022
SPADES SEVEN SPADES FIVE,0.7314,0.0938,0.1748
DIAMONDS FIVE CLUBS QUEEN,0.653,0.024,0.323
SPADES EIGHT CLUBS ACE,0.542,0.0018,0.4562
DIAMONDS FIVE CLUBS KING,0.6528,0.0138,0.3334
SPADES EIGHT CLUBS KING,0.5512,0.01,0.4388
DIAMONDS FIVE CLUBS ACE,0.645,0.0036,0.3514
SPADES EIGHT CLUBS QUEEN,0.5446,0.02,0.4354
CLUBS JACK SPADES EIGHT,0.5414,0.0338,0.4248
CLUBS TEN SPADES EIGHT,0.529,0.0454,0.4256
CLUBS TEN DIAMONDS FIVE,0.6614,0.05,0.2886
CLUBS JACK DIAMONDS FIVE,0.647,0.0386,0.3144
DIAMONDS TEN HEARTS JACK,0.5206,0.0222,0.4572
DIAMONDS TEN HEARTS TEN,0.1854,0.1218,0.6928
SPADES ACE CLUBS NINE,0.5474,0.0038,0.4488
SPADES QUEEN CLUBS NINE,0.5358,0.019,0.4452
SPADES KING CLUBS NINE,0.5382,0.0118,0.45
HEARTS SIX HEARTS KING,0.624,0.0098,0.3662
DIAMONDS KING SPADES SEVEN,0.6678,0.032,0.3002
HEARTS THREE SPADES SEVEN,0.8196,0.101,0.0794
HEARTS SIX HEARTS QUEEN,0.6236,0.021,0.3554
HEARTS THREE SPADES SIX,0.748,0.1082,0.1438
DIAMONDS KING SPADES SIX,0.6534,0.0138,0.3328
SPADES NINE DIAMONDS KING,0.5426,0.0126,0.4448
SPADES NINE HEARTS THREE,0.6636,0.0682,0.2682
HEARTS SIX HEARTS ACE,0.6198,0.003,0.3772
DIAMONDS KING SPADES EIGHT,0.5634,0.0116,0.425
SPADES EIGHT HEARTS THREE,0.662,0.084,0.254
CLUBS NINE HEARTS THREE,0.664,0.0718,0.2642
CLUBS NINE DIAMONDS KING,0.55,0.0134,0.4366
CLUBS EIGHT DIAMONDS KING,0.5364,0.0116,0.452
CLUBS EIGHT HEARTS THREE,0.6738,0.085,0.2412
HEARTS THREE SPADES THREE,0.599,0.2164,0.1846
DIAMONDS KING SPADES THREE,0.6576,0.0128,0.3296
HEARTS THREE SPADES TWO,0.741,0.1202,0.1388
DIAMONDS KING SPADES TWO,0.6588,0.0136,0.3276
HEARTS THREE SPADES FIVE,0.7262,0.1142,0.1596
DIAMONDS KING SPADES FIVE,0.6514,0.0128,0.3358
HEARTS THREE SPADES FOUR,0.7358,0.1106,0.1536
DIAMONDS KING SPADES FOUR,0.6506,0.0122,0.3372
