opposingHand,winningChance,drawChance,lostChance
CLUBS JACK DIAMONDS THREE
HEARTS FIVE SPADES TEN,0.584,0.017,0.399
HEARTS FIVE SPADES JACK,0.2224,0.4572,0.3204
CLUBS TEN SPADES FIVE,0.5994,0.0166,0.384
CLUBS TEN CLUBS EIGHT,0.5082,0.0194,0.4724
CLUBS EIGHT CLUBS KING,0.3496,0.0068,0.6436
SPADES FIVE CLUBS ACE,0.3378,0.0048,0.6574
CLUBS EIGHT CLUBS QUEEN,0.3302,0.0096,0.6602
SPADES FIVE CLUBS KING,0.3582,0.0086,0.6332
SPADES FIVE CLUBS QUEEN,0.3432,0.0132,0.6436
CLUBS EIGHT CLUBS ACE,0.3412,0.005,0.6538
DIAMONDS TWO DIAMONDS FIVE,0.5612,0.018,0.4208
HEARTS FIVE SPADES KING,0.3556,0.0068,0.6376
DIAMONDS TWO DIAMONDS FOUR,0.583,0.0204,0.3966
HEARTS FIVE SPADES QUEEN,0.358,0.0104,0.6316
DIAMONDS TWO DIAMONDS SEVEN,0.58,0.0222,0.3978
DIAMONDS TWO DIAMONDS SIX,0.591,0.0238,0.3852
SPADES ACE HEARTS FIVE,0.3504,0.0048,0.6448
DIAMONDS TWO DIAMONDS NINE,0.5996,0.0214,0.379
DIAMONDS TWO DIAMONDS EIGHT,0.5824,0.02,0.3976
CLUBS TWO SPADES FOUR,0.614,0.0204,0.3656
SPADES FIVE CLUBS TWO,0.6048,0.022,0.3732
CLUBS TWO SPADES TWO,0.3998,0.0548,0.5454
CLUBS TWO SPADES THREE,0.6932,0.0586,0.2482
SPADES EIGHT CLUBS TWO,0.6366,0.0178,0.3456
SPADES NINE CLUBS TWO,0.6242,0.022,0.3538
SPADES SIX CLUBS TWO,0.6328,0.0164,0.3508
SPADES SEVEN CLUBS TWO,0.6186,0.0226,0.3588
CLUBS SIX CLUBS TWO,0.59,0.0172,0.3928
CLUBS SEVEN CLUBS TWO,0.6004,0.0214,0.3782
CLUBS FOUR CLUBS TWO,0.5786,0.0242,0.3972
CLUBS FIVE CLUBS TWO,0.587,0.0228,0.3902
DIAMONDS FOUR DIAMONDS SIX,0.546,0.0174,0.4366
CLUBS TEN CLUBS QUEEN,0.3112,0.0098,0.679
DIAMONDS FOUR DIAMONDS SEVEN,0.5418,0.0184,0.4398
CLUBS TEN CLUBS KING,0.3326,0.0078,0.6596
CLUBS TEN CLUBS ACE,0.3328,0.0048,0.6624
CLUBS EIGHT CLUBS TWO,0.5992,0.016,0.3848
DIAMONDS FOUR DIAMONDS FIVE,0.5262,0.0176,0.4562
CLUBS NINE CLUBS TWO,0.6028,0.0218,0.3754
DIAMONDS FOUR DIAMONDS NINE,0.5656,0.02,0.4144
DIAMONDS FOUR DIAMONDS EIGHT,0.554,0.022,0.424
CLUBS THREE CLUBS TWO,0.6608,0.0628,0.2764
DIAMONDS NINE DIAMONDS FIVE,0.5538,0.0172,0.429
DIAMONDS FIVE DIAMONDS EIGHT,0.5486,0.0198,0.4316
CLUBS TEN DIAMONDS TWO,0.6288,0.018,0.3532
DIAMONDS FIVE DIAMONDS SEVEN,0.5316,0.0176,0.4508
DIAMONDS SIX DIAMONDS FIVE,0.5204,0.0168,0.4628
DIAMONDS TWO CLUBS ACE,0.3792,0.006,0.6148
DIAMONDS TWO CLUBS KING,0.399,0.0088,0.5922
DIAMONDS TWO CLUBS QUEEN,0.3812,0.0126,0.6062
DIAMONDS SIX DIAMONDS EIGHT,0.5372,0.0152,0.4476
DIAMONDS NINE DIAMONDS SIX,0.544,0.0216,0.4344
HEARTS ACE SPADES THREE,0.245,0.0216,0.7334
SPADES THREE HEARTS KING,0.2364,0.0334,0.7302
DIAMONDS SIX DIAMONDS SEVEN,0.5048,0.016,0.4792
HEARTS QUEEN SPADES THREE,0.2436,0.0396,0.7168
SPADES THREE HEARTS JACK,0.0202,0.9592,0.0206
SPADES THREE HEARTS TEN,0.7118,0.0624,0.2258
DIAMONDS EIGHT DIAMONDS SEVEN,0.5022,0.0172,0.4806
DIAMONDS NINE DIAMONDS SEVEN,0.5286,0.0164,0.455
DIAMONDS NINE DIAMONDS EIGHT,0.501,0.0184,0.4806
DIAMONDS KING HEARTS TEN,0.3268,0.0084,0.6648
HEARTS THREE HEARTS TEN,0.6598,0.063,0.2772
SPADES JACK CLUBS SIX,0.2302,0.386,0.3838
DIAMONDS KING HEARTS JACK,0.2382,0.0326,0.7292
HEARTS THREE HEARTS JACK,0.0208,0.905,0.0742
SPADES TEN CLUBS SIX,0.5738,0.018,0.4082
SPADES JACK SPADES FIVE,0.209,0.4328,0.3582
SPADES TEN SPADES FIVE,0.554,0.0144,0.4316
DIAMONDS KING HEARTS ACE,0.3062,0.0038,0.69
HEARTS THREE HEARTS ACE,0.2172,0.02,0.7628
SPADES ACE CLUBS SIX,0.3748,0.0038,0.6214
DIAMONDS KING HEARTS QUEEN,0.31,0.0066,0.6834
HEARTS THREE HEARTS QUEEN,0.2308,0.0416,0.7276
SPADES KING CLUBS SIX,0.3664,0.009,0.6246
DIAMONDS KING HEARTS KING,0.1236,0.0078,0.8686
HEARTS THREE HEARTS KING,0.2196,0.0278,0.7526
SPADES QUEEN CLUBS SIX,0.3508,0.013,0.6362
SPADES NINE HEARTS TEN,0.5452,0.0148,0.44
SPADES NINE HEARTS JACK,0.229,0.1614,0.6096
SPADES QUEEN SPADES FIVE,0.3324,0.011,0.6566
SPADES KING SPADES FIVE,0.346,0.0086,0.6454
SPADES ACE SPADES FIVE,0.3224,0.004,0.6736
SPADES NINE HEARTS QUEEN,0.3374,0.0092,0.6534
SPADES NINE HEARTS KING,0.3532,0.0064,0.6404
SPADES NINE HEARTS ACE,0.362,0.0038,0.6342
CLUBS TEN SPADES JACK,0.2316,0.1228,0.6456
CLUBS TEN SPADES TEN,0.2772,0.0192,0.7036
SPADES ACE CLUBS TEN,0.349,0.0042,0.6468
SPADES KING CLUBS TEN,0.338,0.0052,0.6568
CLUBS TEN SPADES QUEEN,0.3206,0.0078,0.6716
SPADES FIVE HEARTS QUEEN,0.355,0.0112,0.6338
SPADES FIVE HEARTS KING,0.3624,0.0058,0.6318
HEARTS ACE SPADES FIVE,0.3422,0.0048,0.653
CLUBS EIGHT SPADES TEN,0.552,0.0174,0.4306
SPADES JACK HEARTS THREE,0.0194,0.9596,0.021
SPADES JACK DIAMONDS KING,0.2328,0.0344,0.7328
SPADES TEN DIAMONDS KING,0.3338,0.0064,0.6598
SPADES TEN HEARTS THREE,0.7038,0.0576,0.2386
SPADES JACK CLUBS EIGHT,0.222,0.226,0.552
CLUBS SIX HEARTS ACE,0.3608,0.0054,0.6338
SPADES ACE CLUBS EIGHT,0.357,0.0056,0.6374
HEARTS FIVE CLUBS TEN,0.6098,0.015,0.3752
CLUBS SIX HEARTS QUEEN,0.3734,0.0118,0.6148
SPADES QUEEN CLUBS EIGHT,0.3496,0.0124,0.638
CLUBS TEN SPADES THREE,0.7166,0.0596,0.2238
CLUBS SIX HEARTS KING,0.3778,0.0084,0.6138
SPADES KING CLUBS EIGHT,0.3568,0.009,0.6342
DIAMONDS TWO HEARTS JACK,0.2764,0.5206,0.203
SPADES THREE CLUBS QUEEN,0.2216,0.0448,0.7336
DIAMONDS TWO HEARTS TEN,0.6232,0.019,0.3578
SPADES THREE CLUBS KING,0.2304,0.031,0.7386
HEARTS FIVE CLUBS ACE,0.3464,0.0046,0.649
SPADES FIVE HEARTS TEN,0.5996,0.0184,0.382
SPADES THREE CLUBS ACE,0.2292,0.0186,0.7522
HEARTS FIVE CLUBS KING,0.3618,0.0068,0.6314
SPADES FIVE HEARTS JACK,0.2174,0.473,0.3096
HEARTS FIVE CLUBS QUEEN,0.3504,0.012,0.6376
HEARTS THREE CLUBS KING,0.2356,0.0318,0.7326
DIAMONDS KING CLUBS KING,0.1196,0.0092,0.8712
HEARTS THREE CLUBS QUEEN,0.2314,0.0406,0.728
DIAMONDS KING CLUBS QUEEN,0.3046,0.0082,0.6872
HEARTS FIVE HEARTS JACK,0.2046,0.4254,0.37
HEARTS FIVE HEARTS TEN,0.5382,0.0172,0.4446
HEARTS THREE CLUBS ACE,0.2402,0.0256,0.7342
DIAMONDS KING CLUBS ACE,0.315,0.0068,0.6782
SPADES ACE CLUBS QUEEN,0.3012,0.0044,0.6944
SPADES KING CLUBS QUEEN,0.3014,0.0078,0.6908
SPADES QUEEN CLUBS QUEEN,0.1362,0.0134,0.8504
CLUBS TEN HEARTS THREE,0.7122,0.0542,0.2336
CLUBS TEN DIAMONDS KING,0.3376,0.0072,0.6552
SPADES JACK CLUBS QUEEN,0.2154,0.0456,0.739
CLUBS SIX CLUBS QUEEN,0.3522,0.0116,0.6362
SPADES TEN CLUBS QUEEN,0.3156,0.0102,0.6742
CLUBS SIX CLUBS KING,0.3386,0.0092,0.6522
CLUBS SIX CLUBS ACE,0.335,0.0046,0.6604
HEARTS FIVE HEARTS KING,0.348,0.0082,0.6438
HEARTS FIVE HEARTS QUEEN,0.3318,0.0122,0.656
CLUBS TEN CLUBS SIX,0.5564,0.0158,0.4278
HEARTS FIVE HEARTS ACE,0.318,0.0046,0.6774
SPADES SEVEN HEARTS JACK,0.2166,0.2964,0.487
SPADES SEVEN HEARTS TEN,0.5844,0.0116,0.404
DIAMONDS TWO CLUBS TWO,0.4202,0.0614,0.5184
DIAMONDS TWO CLUBS THREE,0.7056,0.0578,0.2366
DIAMONDS TWO HEARTS SIX,0.6226,0.0194,0.358
DIAMONDS TWO HEARTS QUEEN,0.3982,0.0106,0.5912
HEARTS SEVEN DIAMONDS TWO,0.6254,0.0186,0.356
DIAMONDS TWO HEARTS KING,0.4032,0.0104,0.5864
DIAMONDS TWO HEARTS EIGHT,0.6112,0.0228,0.366
DIAMONDS TWO HEARTS ACE,0.3778,0.0046,0.6176
DIAMONDS TWO HEARTS NINE,0.634,0.0188,0.3472
DIAMONDS TWO DIAMONDS QUEEN,0.369,0.0136,0.6174
DIAMONDS TWO HEARTS TWO,0.4036,0.056,0.5404
DIAMONDS TWO DIAMONDS KING,0.3646,0.0062,0.6292
DIAMONDS TWO HEARTS THREE,0.6888,0.0572,0.254
DIAMONDS TWO DIAMONDS ACE,0.3732,0.0056,0.6212
HEARTS FOUR DIAMONDS TWO,0.6124,0.021,0.3666
HEARTS FIVE DIAMONDS TWO,0.6064,0.025,0.3686
SPADES SEVEN HEARTS ACE,0.3592,0.0044,0.6364
DIAMONDS TWO DIAMONDS TEN,0.5934,0.0214,0.3852
SPADES SEVEN HEARTS KING,0.3634,0.0052,0.6314
DIAMONDS TWO DIAMONDS JACK,0.2522,0.498,0.2498
SPADES SEVEN HEARTS QUEEN,0.3682,0.0096,0.6222
DIAMONDS TWO SPADES NINE,0.6322,0.0156,0.3522
DIAMONDS TWO SPADES EIGHT,0.6088,0.0232,0.368
DIAMONDS TWO SPADES SEVEN,0.6246,0.0208,0.3546
DIAMONDS TWO SPADES SIX,0.6132,0.018,0.3688
DIAMONDS TWO SPADES FIVE,0.6066,0.021,0.3724
DIAMONDS TWO SPADES FOUR,0.5944,0.023,0.3826
DIAMONDS TWO SPADES THREE,0.6914,0.056,0.2526
DIAMONDS TWO SPADES TWO,0.4066,0.0536,0.5398
CLUBS NINE DIAMONDS TWO,0.62,0.022,0.358
DIAMONDS TWO CLUBS EIGHT,0.6304,0.021,0.3486
CLUBS SEVEN DIAMONDS TWO,0.6342,0.0188,0.347
DIAMONDS TWO CLUBS SIX,0.6168,0.022,0.3612
DIAMONDS TWO CLUBS FIVE,0.61,0.0218,0.3682
DIAMONDS TWO CLUBS FOUR,0.6136,0.0226,0.3638
CLUBS FOUR SPADES FIVE,0.5504,0.0224,0.4272
CLUBS FOUR SPADES FOUR,0.33,0.048,0.622
CLUBS FOUR SPADES THREE,0.6716,0.052,0.2764
CLUBS FOUR SPADES TWO,0.6158,0.0228,0.3614
SPADES NINE CLUBS FOUR,0.5964,0.0202,0.3834
SPADES EIGHT CLUBS FOUR,0.5706,0.0198,0.4096
SPADES SEVEN CLUBS FOUR,0.5796,0.018,0.4024
CLUBS FOUR SPADES SIX,0.5638,0.0176,0.4186
SPADES ACE DIAMONDS SIX,0.3552,0.0048,0.64
SPADES QUEEN DIAMONDS SIX,0.3548,0.0126,0.6326
SPADES KING DIAMONDS SIX,0.3512,0.0068,0.642
SPADES TEN DIAMONDS SIX,0.5648,0.015,0.4202
SPADES JACK DIAMONDS SIX,0.2188,0.3872,0.394
SPADES QUEEN SPADES TWO,0.3756,0.0128,0.6116
SPADES KING SPADES TWO,0.3622,0.006,0.6318
SPADES ACE SPADES TWO,0.3602,0.0068,0.633
CLUBS TEN DIAMONDS JACK,0.219,0.123,0.658
DIAMONDS JACK CLUBS KING,0.2088,0.0286,0.7626
DIAMONDS JACK CLUBS QUEEN,0.213,0.0456,0.7414
DIAMONDS JACK CLUBS ACE,0.2056,0.0246,0.7698
SPADES TEN SPADES NINE,0.4928,0.0136,0.4936
SPADES JACK SPADES NINE,0.2026,0.1566,0.6408
DIAMONDS FOUR HEARTS JACK,0.2102,0.5168,0.273
HEARTS ACE HEARTS KING,0.3066,0.0046,0.6888
SPADES TEN SPADES TWO,0.5834,0.0194,0.3972
DIAMONDS FOUR HEARTS TEN,0.577,0.0204,0.4026
SPADES JACK SPADES TWO,0.257,0.4812,0.2618
DIAMONDS FOUR HEARTS QUEEN,0.3516,0.0124,0.636
DIAMONDS FOUR HEARTS KING,0.3616,0.0068,0.6316
SPADES ACE SPADES NINE,0.3286,0.004,0.6674
DIAMONDS FOUR HEARTS ACE,0.3398,0.004,0.6562
SPADES KING SPADES NINE,0.3356,0.007,0.6574
SPADES QUEEN SPADES NINE,0.3214,0.0118,0.6668
CLUBS FIVE CLUBS SIX,0.5332,0.0176,0.4492
DIAMONDS FOUR CLUBS ACE,0.3504,0.0048,0.6448
CLUBS SEVEN CLUBS FIVE,0.521,0.018,0.461
DIAMONDS FOUR CLUBS QUEEN,0.3578,0.0148,0.6274
DIAMONDS FOUR CLUBS KING,0.3508,0.0118,0.6374
CLUBS TEN DIAMONDS FOUR,0.608,0.0164,0.3756
SPADES SEVEN CLUBS ACE,0.3586,0.0044,0.637
SPADES SEVEN CLUBS QUEEN,0.3572,0.0126,0.6302
SPADES SEVEN CLUBS KING,0.364,0.0094,0.6266
CLUBS FIVE SPADES SEVEN,0.5624,0.0202,0.4174
CLUBS TEN SPADES SEVEN,0.5828,0.0184,0.3988
CLUBS FIVE SPADES SIX,0.5714,0.0206,0.408
CLUBS FIVE SPADES NINE,0.5786,0.0168,0.4046
CLUBS FIVE SPADES EIGHT,0.562,0.0166,0.4214
CLUBS FIVE SPADES THREE,0.6668,0.053,0.2802
CLUBS FIVE SPADES TWO,0.6102,0.024,0.3658
CLUBS FIVE SPADES FIVE,0.3062,0.0442,0.6496
CLUBS FIVE SPADES FOUR,0.5554,0.0234,0.4212
CLUBS NINE CLUBS FIVE,0.5516,0.0208,0.4276
CLUBS EIGHT CLUBS FIVE,0.544,0.0194,0.4366
CLUBS ACE CLUBS QUEEN,0.3024,0.0056,0.692
CLUBS KING CLUBS QUEEN,0.303,0.0082,0.6888
DIAMONDS FOUR DIAMONDS TEN,0.5642,0.0184,0.4174
CLUBS TEN DIAMONDS NINE,0.5398,0.0166,0.4436
DIAMONDS FOUR DIAMONDS JACK,0.2136,0.4914,0.295
CLUBS TEN SPADES NINE,0.539,0.0204,0.4406
DIAMONDS FOUR DIAMONDS ACE,0.3328,0.005,0.6622
HEARTS FOUR DIAMONDS FOUR,0.3034,0.0462,0.6504
DIAMONDS JACK HEARTS TEN,0.2248,0.125,0.6502
SPADES NINE CLUBS KING,0.344,0.0058,0.6502
DIAMONDS TWO SPADES TEN,0.6192,0.0192,0.3616
DIAMONDS NINE CLUBS ACE,0.35,0.0048,0.6452
HEARTS FIVE DIAMONDS FOUR,0.5476,0.021,0.4314
DIAMONDS JACK HEARTS JACK,0.08,0.0388,0.8812
SPADES NINE CLUBS QUEEN,0.3376,0.0102,0.6522
DIAMONDS TWO SPADES JACK,0.2654,0.522,0.2126
DIAMONDS FOUR DIAMONDS QUEEN,0.3316,0.0136,0.6548
DIAMONDS FOUR HEARTS TWO,0.5998,0.0268,0.3734
DIAMONDS NINE CLUBS QUEEN,0.3338,0.0114,0.6548
DIAMONDS FOUR DIAMONDS KING,0.3262,0.0098,0.664
DIAMONDS FOUR HEARTS THREE,0.6576,0.0576,0.2848
SPADES NINE CLUBS ACE,0.349,0.0066,0.6444
DIAMONDS NINE CLUBS KING,0.3326,0.008,0.6594
HEARTS ACE DIAMONDS JACK,0.214,0.0206,0.7654
SPADES ACE DIAMONDS TWO,0.3746,0.008,0.6174
HEARTS QUEEN DIAMONDS JACK,0.223,0.0412,0.7358
SPADES QUEEN DIAMONDS TWO,0.3958,0.0108,0.5934
HEARTS KING DIAMONDS JACK,0.2192,0.0342,0.7466
SPADES KING DIAMONDS TWO,0.3972,0.0086,0.5942
SPADES JACK SPADES SEVEN,0.2116,0.2762,0.5122
SPADES TEN SPADES SEVEN,0.5224,0.0184,0.4592
CLUBS SEVEN CLUBS THREE,0.6606,0.055,0.2844
CLUBS SIX CLUBS THREE,0.6596,0.0564,0.284
CLUBS FIVE CLUBS THREE,0.6386,0.0562,0.3052
CLUBS THREE CLUBS FOUR,0.638,0.0546,0.3074
CLUBS NINE CLUBS THREE,0.669,0.062,0.269
CLUBS EIGHT CLUBS THREE,0.6786,0.0526,0.2688
CLUBS THREE SPADES FIVE,0.6664,0.0552,0.2784
CLUBS THREE SPADES FOUR,0.6862,0.054,0.2598
CLUBS THREE SPADES THREE,0.3036,0.0386,0.6578
CLUBS THREE SPADES TWO,0.683,0.0602,0.2568
CLUBS THREE SPADES SIX,0.6856,0.0526,0.2618
CLUBS THREE SPADES SEVEN,0.6852,0.0524,0.2624
SPADES EIGHT CLUBS THREE,0.7144,0.051,0.2346
SPADES NINE CLUBS THREE,0.701,0.0628,0.2362
DIAMONDS FOUR SPADES TWO,0.6052,0.0172,0.3776
DIAMONDS FOUR SPADES THREE,0.6616,0.055,0.2834
DIAMONDS FOUR SPADES FOUR,0.3136,0.053,0.6334
DIAMONDS FOUR SPADES FIVE,0.5546,0.0242,0.4212
DIAMONDS FOUR SPADES SIX,0.5726,0.0166,0.4108
DIAMONDS FOUR SPADES SEVEN,0.5632,0.0188,0.418
DIAMONDS FOUR SPADES EIGHT,0.5806,0.0196,0.3998
DIAMONDS FOUR SPADES NINE,0.5946,0.0208,0.3846
DIAMONDS FOUR CLUBS FIVE,0.55,0.0238,0.4262
DIAMONDS FOUR CLUBS FOUR,0.3096,0.0518,0.6386
CLUBS SEVEN DIAMONDS FOUR,0.5676,0.0212,0.4112
DIAMONDS FOUR CLUBS SIX,0.559,0.0274,0.4136
CLUBS NINE DIAMONDS FOUR,0.5826,0.0184,0.399
CLUBS EIGHT DIAMONDS FOUR,0.5806,0.0224,0.397
HEARTS SEVEN DIAMONDS FOUR,0.5734,0.021,0.4056
HEARTS SIX DIAMONDS FOUR,0.5652,0.0196,0.4152
DIAMONDS FOUR HEARTS NINE,0.6006,0.0188,0.3806
DIAMONDS FOUR HEARTS EIGHT,0.5696,0.0188,0.4116
DIAMONDS FOUR CLUBS THREE,0.66,0.0614,0.2786
DIAMONDS FOUR CLUBS TWO,0.6204,0.023,0.3566
DIAMONDS TEN DIAMONDS FIVE,0.562,0.014,0.424
DIAMONDS JACK DIAMONDS FIVE,0.2128,0.4392,0.348
DIAMONDS NINE HEARTS QUEEN,0.3212,0.014,0.6648
DIAMONDS NINE HEARTS KING,0.3428,0.0088,0.6484
HEARTS ACE DIAMONDS NINE,0.3728,0.0048,0.6224
DIAMONDS NINE HEARTS TEN,0.518,0.016,0.466
DIAMONDS NINE HEARTS JACK,0.2138,0.1734,0.6128
DIAMONDS SIX CLUBS KING,0.3612,0.0096,0.6292
DIAMONDS SIX CLUBS QUEEN,0.3546,0.0118,0.6336
DIAMONDS SIX CLUBS ACE,0.3586,0.0042,0.6372
SPADES KING DIAMONDS FOUR,0.3576,0.0078,0.6346
SPADES ACE SPADES SEVEN,0.3512,0.0026,0.6462
SPADES QUEEN DIAMONDS FOUR,0.3518,0.0124,0.6358
SPADES QUEEN SPADES SEVEN,0.339,0.0096,0.6514
SPADES KING SPADES SEVEN,0.3548,0.006,0.6392
SPADES ACE DIAMONDS FOUR,0.3512,0.005,0.6438
CLUBS TEN DIAMONDS SIX,0.5712,0.0204,0.4084
CLUBS NINE CLUBS FOUR,0.563,0.0166,0.4204
CLUBS EIGHT CLUBS FOUR,0.5578,0.021,0.4212
SPADES JACK DIAMONDS FOUR,0.2076,0.533,0.2594
DIAMONDS FOUR SPADES TEN,0.5882,0.0204,0.3914
CLUBS FIVE CLUBS FOUR,0.523,0.028,0.449
CLUBS SEVEN CLUBS FOUR,0.5366,0.022,0.4414
CLUBS SIX CLUBS FOUR,0.5446,0.0186,0.4368
CLUBS SEVEN SPADES EIGHT,0.5392,0.02,0.4408
CLUBS SEVEN SPADES NINE,0.544,0.0194,0.4366
CLUBS SEVEN SPADES SIX,0.5608,0.0182,0.421
CLUBS SEVEN SPADES SEVEN,0.3032,0.0392,0.6576
CLUBS SEVEN SPADES FIVE,0.5658,0.0176,0.4166
CLUBS SEVEN SPADES FOUR,0.5768,0.0206,0.4026
CLUBS SEVEN SPADES THREE,0.7004,0.051,0.2486
CLUBS SEVEN SPADES TWO,0.6158,0.023,0.3612
CLUBS NINE CLUBS SEVEN,0.5364,0.0196,0.444
CLUBS SEVEN CLUBS EIGHT,0.5242,0.02,0.4558
HEARTS SIX DIAMONDS FIVE,0.5422,0.0232,0.4346
HEARTS SEVEN DIAMONDS FIVE,0.5586,0.0204,0.421
DIAMONDS FIVE HEARTS EIGHT,0.5498,0.0184,0.4318
DIAMONDS FIVE HEARTS NINE,0.5766,0.0164,0.407
DIAMONDS QUEEN DIAMONDS FIVE,0.3276,0.012,0.6604
HEARTS TWO DIAMONDS FIVE,0.615,0.0204,0.3646
HEARTS KING HEARTS EIGHT,0.332,0.007,0.661
DIAMONDS KING DIAMONDS FIVE,0.3308,0.0074,0.6618
HEARTS THREE DIAMONDS FIVE,0.656,0.0596,0.2844
HEARTS QUEEN HEARTS EIGHT,0.3204,0.0104,0.6692
DIAMONDS ACE DIAMONDS FIVE,0.3388,0.0062,0.655
HEARTS FOUR DIAMONDS FIVE,0.5506,0.019,0.4304
HEARTS FIVE DIAMONDS FIVE,0.2924,0.0494,0.6582
HEARTS ACE HEARTS EIGHT,0.3296,0.0048,0.6656
CLUBS FOUR DIAMONDS FIVE,0.5544,0.0214,0.4242
CLUBS FIVE DIAMONDS FIVE,0.3032,0.0504,0.6464
CLUBS SIX DIAMONDS FIVE,0.5482,0.0234,0.4284
CLUBS SEVEN DIAMONDS FIVE,0.5464,0.0184,0.4352
CLUBS TWO DIAMONDS FIVE,0.5914,0.0224,0.3862
CLUBS THREE DIAMONDS FIVE,0.6532,0.0606,0.2862
SPADES THREE DIAMONDS FIVE,0.6508,0.0596,0.2896
SPADES TWO DIAMONDS FIVE,0.5926,0.0202,0.3872
SPADES JACK DIAMONDS EIGHT,0.2148,0.221,0.5642
SPADES FIVE DIAMONDS FIVE,0.311,0.0458,0.6432
CLUBS TEN HEARTS JACK,0.2382,0.1146,0.6472
SPADES TEN DIAMONDS EIGHT,0.544,0.0164,0.4396
SPADES FOUR DIAMONDS FIVE,0.5464,0.0244,0.4292
HEARTS JACK CLUBS QUEEN,0.222,0.043,0.735
CLUBS NINE DIAMONDS FIVE,0.5852,0.0186,0.3962
HEARTS JACK CLUBS KING,0.2166,0.0336,0.7498
CLUBS EIGHT DIAMONDS FIVE,0.5684,0.0204,0.4112
CLUBS ACE HEARTS JACK,0.2166,0.0186,0.7648
SPADES SEVEN DIAMONDS FIVE,0.5508,0.0198,0.4294
SPADES KING DIAMONDS EIGHT,0.357,0.0078,0.6352
SPADES QUEEN DIAMONDS EIGHT,0.349,0.0108,0.6402
SPADES SIX DIAMONDS FIVE,0.5618,0.022,0.4162
SPADES NINE DIAMONDS FIVE,0.568,0.0198,0.4122
SPADES EIGHT DIAMONDS FIVE,0.5656,0.0174,0.417
SPADES ACE DIAMONDS EIGHT,0.3506,0.003,0.6464
DIAMONDS TEN DIAMONDS SIX,0.5378,0.022,0.4402
HEARTS ACE DIAMONDS SEVEN,0.3506,0.0048,0.6446
DIAMONDS JACK DIAMONDS SIX,0.2116,0.3768,0.4116
HEARTS QUEEN DIAMONDS SEVEN,0.3608,0.0102,0.629
HEARTS KING DIAMONDS SEVEN,0.3622,0.008,0.6298
DIAMONDS ACE DIAMONDS SIX,0.3426,0.0048,0.6526
HEARTS FOUR DIAMONDS SIX,0.5518,0.022,0.4262
SPADES TWO HEARTS JACK,0.2618,0.5206,0.2176
HEARTS FIVE DIAMONDS SIX,0.563,0.0214,0.4156
SPADES TWO HEARTS TEN,0.63,0.019,0.351
DIAMONDS QUEEN DIAMONDS SIX,0.3496,0.0144,0.636
HEARTS TWO DIAMONDS SIX,0.6082,0.023,0.3688
DIAMONDS KING DIAMONDS SIX,0.3448,0.008,0.6472
HEARTS THREE DIAMONDS SIX,0.6842,0.0548,0.261
DIAMONDS SIX HEARTS EIGHT,0.5542,0.0154,0.4304
DIAMONDS SIX HEARTS NINE,0.5594,0.0182,0.4224
HEARTS SIX DIAMONDS SIX,0.303,0.044,0.653
HEARTS SEVEN DIAMONDS SIX,0.5474,0.0192,0.4334
HEARTS TEN DIAMONDS SEVEN,0.5678,0.0162,0.416
CLUBS TWO DIAMONDS SIX,0.6186,0.0206,0.3608
HEARTS JACK DIAMONDS SEVEN,0.226,0.2924,0.4816
CLUBS THREE DIAMONDS SIX,0.6792,0.056,0.2648
CLUBS SEVEN DIAMONDS SIX,0.5428,0.0196,0.4376
CLUBS SIX DIAMONDS SIX,0.3304,0.0446,0.625
CLUBS TEN DIAMONDS EIGHT,0.5436,0.0152,0.4412
CLUBS FIVE DIAMONDS SIX,0.5494,0.0214,0.4292
CLUBS FOUR DIAMONDS SIX,0.5718,0.0212,0.407
HEARTS ACE HEARTS JACK,0.2154,0.021,0.7636
CLUBS ACE DIAMONDS EIGHT,0.3428,0.004,0.6532
HEARTS QUEEN HEARTS JACK,0.2128,0.0446,0.7426
CLUBS KING DIAMONDS EIGHT,0.3348,0.007,0.6582
CLUBS NINE DIAMONDS SIX,0.5664,0.0192,0.4144
HEARTS KING HEARTS JACK,0.2188,0.032,0.7492
DIAMONDS EIGHT CLUBS QUEEN,0.337,0.0126,0.6504
CLUBS EIGHT DIAMONDS SIX,0.5506,0.02,0.4294
SPADES TEN HEARTS KING,0.331,0.0076,0.6614
SPADES FIVE DIAMONDS SIX,0.5526,0.0204,0.427
HEARTS ACE SPADES TWO,0.3916,0.0048,0.6036
SPADES JACK HEARTS KING,0.2346,0.031,0.7344
SPADES FOUR DIAMONDS SIX,0.5642,0.0162,0.4196
SPADES THREE DIAMONDS SIX,0.6876,0.0538,0.2586
HEARTS QUEEN SPADES TWO,0.3906,0.0112,0.5982
SPADES ACE SPADES KING,0.2954,0.0066,0.698
HEARTS KING SPADES TWO,0.3962,0.0082,0.5956
SPADES TWO DIAMONDS SIX,0.6042,0.0204,0.3754
HEARTS TEN HEARTS EIGHT,0.5078,0.0144,0.4778
SPADES NINE DIAMONDS SIX,0.565,0.018,0.417
HEARTS JACK HEARTS EIGHT,0.2058,0.2096,0.5846
SPADES EIGHT DIAMONDS SIX,0.5444,0.017,0.4386
SPADES SEVEN DIAMONDS SIX,0.5448,0.02,0.4352
SPADES SIX DIAMONDS SIX,0.3058,0.0446,0.6496
SPADES KING HEARTS KING,0.1366,0.0062,0.8572
SPADES QUEEN HEARTS KING,0.313,0.0058,0.6812
CLUBS ACE CLUBS KING,0.2948,0.0058,0.6994
SPADES ACE HEARTS KING,0.317,0.0042,0.6788
SPADES ACE HEARTS JACK,0.2282,0.0176,0.7542
SPADES QUEEN HEARTS JACK,0.227,0.0426,0.7304
SPADES KING HEARTS JACK,0.2316,0.034,0.7344
SPADES TEN DIAMONDS TEN,0.2714,0.0244,0.7042
SPADES JACK DIAMONDS TEN,0.2252,0.1258,0.649
SPADES ACE DIAMONDS TEN,0.3414,0.0054,0.6532
SPADES JACK HEARTS JACK,0.089,0.0372,0.8738
SPADES TEN HEARTS JACK,0.2306,0.1154,0.654
SPADES QUEEN DIAMONDS TEN,0.3308,0.006,0.6632
SPADES KING DIAMONDS TEN,0.336,0.0064,0.6576
SPADES NINE DIAMONDS SEVEN,0.5418,0.0168,0.4414
SPADES EIGHT DIAMONDS SEVEN,0.5376,0.017,0.4454
SPADES SEVEN DIAMONDS SEVEN,0.297,0.0384,0.6646
SPADES SIX DIAMONDS SEVEN,0.5484,0.0194,0.4322
DIAMONDS KING DIAMONDS SEVEN,0.3448,0.0074,0.6478
HEARTS THREE DIAMONDS SEVEN,0.6938,0.0542,0.252
HEARTS KING DIAMONDS FIVE,0.3614,0.0076,0.631
DIAMONDS QUEEN DIAMONDS SEVEN,0.3416,0.0132,0.6452
HEARTS TWO DIAMONDS SEVEN,0.619,0.0236,0.3574
HEARTS QUEEN DIAMONDS FIVE,0.3508,0.0156,0.6336
HEARTS FIVE DIAMONDS SEVEN,0.559,0.0188,0.4222
DIAMONDS ACE DIAMONDS SEVEN,0.3352,0.0058,0.659
HEARTS FOUR DIAMONDS SEVEN,0.5682,0.02,0.4118
HEARTS ACE DIAMONDS FIVE,0.3496,0.0048,0.6456
HEARTS SEVEN DIAMONDS SEVEN,0.2898,0.0396,0.6706
HEARTS SIX DIAMONDS SEVEN,0.5608,0.016,0.4232
HEARTS NINE DIAMONDS SEVEN,0.5482,0.0206,0.4312
HEARTS EIGHT DIAMONDS SEVEN,0.5366,0.0192,0.4442
DIAMONDS JACK DIAMONDS SEVEN,0.2174,0.2852,0.4974
HEARTS JACK DIAMONDS FIVE,0.2118,0.453,0.3352
DIAMONDS TEN DIAMONDS SEVEN,0.5252,0.015,0.4598
HEARTS TEN DIAMONDS FIVE,0.5854,0.0198,0.3948
SPADES KING CLUBS TWO,0.3964,0.0094,0.5942
HEARTS KING CLUBS KING,0.1236,0.0062,0.8702
CLUBS EIGHT DIAMONDS SEVEN,0.5212,0.0202,0.4586
SPADES QUEEN CLUBS TWO,0.3868,0.0154,0.5978
HEARTS KING CLUBS QUEEN,0.3006,0.0062,0.6932
CLUBS NINE DIAMONDS SEVEN,0.5494,0.0184,0.4322
SPADES ACE CLUBS TWO,0.3746,0.0042,0.6212
CLUBS TEN SPADES TWO,0.6332,0.0182,0.3486
HEARTS KING CLUBS ACE,0.319,0.0042,0.6768
CLUBS SEVEN CLUBS SIX,0.5184,0.0216,0.46
SPADES TWO CLUBS KING,0.393,0.01,0.597
SPADES TWO DIAMONDS SEVEN,0.6204,0.0272,0.3524
CLUBS EIGHT CLUBS SIX,0.5278,0.022,0.4502
SPADES THREE DIAMONDS SEVEN,0.6866,0.0598,0.2536
SPADES TWO CLUBS QUEEN,0.3798,0.0124,0.6078
CLUBS NINE CLUBS SIX,0.5462,0.0194,0.4344
SPADES FOUR DIAMONDS SEVEN,0.5768,0.0226,0.4006
SPADES FIVE DIAMONDS SEVEN,0.5556,0.0208,0.4236
SPADES TWO CLUBS ACE,0.377,0.0054,0.6176
CLUBS TEN HEARTS KING,0.3412,0.0072,0.6516
CLUBS SIX SPADES TWO,0.6294,0.0182,0.3524
CLUBS SIX SPADES THREE,0.6768,0.0518,0.2714
CLUBS TWO DIAMONDS SEVEN,0.6256,0.0218,0.3526
CLUBS SIX SPADES FOUR,0.5784,0.0168,0.4048
CLUBS THREE DIAMONDS SEVEN,0.6934,0.0564,0.2502
CLUBS SIX SPADES FIVE,0.57,0.0204,0.4096
CLUBS FOUR DIAMONDS SEVEN,0.559,0.0254,0.4156
CLUBS SIX SPADES SIX,0.3064,0.0422,0.6514
CLUBS FIVE DIAMONDS SEVEN,0.5616,0.0214,0.417
CLUBS SIX SPADES SEVEN,0.5474,0.0154,0.4372
CLUBS SIX DIAMONDS SEVEN,0.5594,0.0188,0.4218
CLUBS SIX SPADES EIGHT,0.5562,0.0186,0.4252
SPADES JACK CLUBS TWO,0.2654,0.5166,0.218
CLUBS SEVEN DIAMONDS SEVEN,0.293,0.041,0.666
SPADES NINE CLUBS SIX,0.5868,0.0156,0.3976
SPADES TEN CLUBS TWO,0.6286,0.0196,0.3518
CLUBS TWO CLUBS QUEEN,0.3706,0.0138,0.6156
CLUBS TWO CLUBS KING,0.3688,0.008,0.6232
CLUBS THREE DIAMONDS EIGHT,0.7048,0.0546,0.2406
CLUBS TWO CLUBS ACE,0.3532,0.0064,0.6404
CLUBS TWO DIAMONDS EIGHT,0.6254,0.0208,0.3538
HEARTS SEVEN DIAMONDS EIGHT,0.5476,0.0196,0.4328
HEARTS SIX DIAMONDS EIGHT,0.5454,0.0182,0.4364
DIAMONDS EIGHT HEARTS NINE,0.5528,0.0168,0.4304
CLUBS TEN CLUBS TWO,0.593,0.0196,0.3874
HEARTS EIGHT DIAMONDS EIGHT,0.2882,0.0356,0.6762
CLUBS NINE DIAMONDS EIGHT,0.5394,0.0146,0.446
CLUBS EIGHT DIAMONDS EIGHT,0.2846,0.0326,0.6828
CLUBS FIVE DIAMONDS EIGHT,0.5648,0.018,0.4172
SPADES ACE SPADES THREE,0.2262,0.021,0.7528
CLUBS FOUR DIAMONDS EIGHT,0.571,0.0208,0.4082
CLUBS SEVEN DIAMONDS EIGHT,0.538,0.0186,0.4434
SPADES QUEEN SPADES THREE,0.231,0.0404,0.7286
CLUBS SIX DIAMONDS EIGHT,0.5442,0.0202,0.4356
SPADES KING SPADES THREE,0.2178,0.0298,0.7524
DIAMONDS QUEEN DIAMONDS EIGHT,0.3198,0.0134,0.6668
HEARTS TWO DIAMONDS EIGHT,0.621,0.0188,0.3602
DIAMONDS KING DIAMONDS EIGHT,0.3354,0.0072,0.6574
HEARTS THREE DIAMONDS EIGHT,0.7,0.0548,0.2452
DIAMONDS ACE DIAMONDS EIGHT,0.3344,0.004,0.6616
HEARTS FOUR DIAMONDS EIGHT,0.5732,0.0206,0.4062
HEARTS FIVE DIAMONDS EIGHT,0.554,0.0202,0.4258
DIAMONDS TEN DIAMONDS EIGHT,0.5238,0.0176,0.4586
DIAMONDS JACK DIAMONDS EIGHT,0.2178,0.2152,0.567
SPADES JACK SPADES THREE,0.0206,0.9094,0.07
SPADES TEN SPADES THREE,0.665,0.0538,0.2812
CLUBS FOUR HEARTS ACE,0.3512,0.005,0.6438
CLUBS FOUR HEARTS QUEEN,0.3548,0.0096,0.6356
CLUBS FOUR HEARTS KING,0.3666,0.007,0.6264
CLUBS SIX HEARTS TEN,0.5762,0.0152,0.4086
CLUBS SIX HEARTS JACK,0.2332,0.381,0.3858
SPADES FOUR DIAMONDS EIGHT,0.5948,0.0218,0.3834
SPADES FIVE DIAMONDS EIGHT,0.565,0.0176,0.4174
SPADES TWO DIAMONDS EIGHT,0.6142,0.022,0.3638
SPADES THREE DIAMONDS EIGHT,0.6954,0.0594,0.2452
CLUBS FOUR HEARTS JACK,0.2246,0.519,0.2564
SPADES EIGHT DIAMONDS EIGHT,0.2928,0.03,0.6772
SPADES TEN DIAMONDS QUEEN,0.3226,0.0112,0.6662
SPADES TEN HEARTS TWO,0.618,0.0202,0.3618
SPADES JACK HEARTS EIGHT,0.2108,0.2216,0.5676
CLUBS FOUR HEARTS TEN,0.5956,0.0178,0.3866
SPADES NINE DIAMONDS EIGHT,0.5276,0.021,0.4514
SPADES TEN HEARTS EIGHT,0.5446,0.0136,0.4418
SPADES JACK HEARTS TWO,0.263,0.5204,0.2166
SPADES JACK DIAMONDS QUEEN,0.2152,0.0408,0.744
SPADES SIX DIAMONDS EIGHT,0.5364,0.0182,0.4454
SPADES SEVEN DIAMONDS EIGHT,0.5336,0.017,0.4494
SPADES ACE HEARTS TWO,0.3826,0.0066,0.6108
SPADES ACE DIAMONDS QUEEN,0.3172,0.006,0.6768
SPADES ACE HEARTS EIGHT,0.3562,0.004,0.6398
SPADES KING HEARTS EIGHT,0.3648,0.0076,0.6276
SPADES QUEEN HEARTS TWO,0.3936,0.0118,0.5946
SPADES QUEEN DIAMONDS QUEEN,0.1442,0.0096,0.8462
SPADES KING DIAMONDS QUEEN,0.3172,0.0054,0.6774
SPADES KING HEARTS TWO,0.3992,0.0082,0.5926
SPADES QUEEN HEARTS EIGHT,0.3534,0.0108,0.6358
CLUBS TWO HEARTS TEN,0.6298,0.0214,0.3488
CLUBS TWO HEARTS JACK,0.2662,0.5162,0.2176
SPADES SEVEN DIAMONDS NINE,0.5656,0.0148,0.4196
SPADES SIX DIAMONDS NINE,0.5594,0.017,0.4236
SPADES NINE DIAMONDS NINE,0.271,0.029,0.7
SPADES EIGHT DIAMONDS NINE,0.5296,0.0166,0.4538
SPADES TEN CLUBS KING,0.3294,0.0064,0.6642
DIAMONDS NINE SPADES THREE,0.6964,0.0622,0.2414
SPADES JACK CLUBS KING,0.223,0.0248,0.7522
DIAMONDS NINE SPADES TWO,0.6152,0.0188,0.366
SPADES FIVE DIAMONDS NINE,0.5716,0.0198,0.4086
DIAMONDS NINE SPADES FOUR,0.597,0.0188,0.3842
CLUBS NINE DIAMONDS NINE,0.2782,0.0258,0.696
CLUBS EIGHT DIAMONDS NINE,0.541,0.0194,0.4396
CLUBS SIX DIAMONDS NINE,0.5628,0.0194,0.4178
SPADES JACK CLUBS FOUR,0.2278,0.5208,0.2514
CLUBS SEVEN DIAMONDS NINE,0.5484,0.0202,0.4314
SPADES TEN CLUBS FOUR,0.592,0.021,0.387
CLUBS FOUR DIAMONDS NINE,0.594,0.0204,0.3856
CLUBS FIVE DIAMONDS NINE,0.5786,0.0206,0.4008
CLUBS TWO DIAMONDS NINE,0.624,0.0222,0.3538
CLUBS THREE DIAMONDS NINE,0.6996,0.0604,0.24
DIAMONDS NINE HEARTS EIGHT,0.547,0.0174,0.4356
DIAMONDS NINE HEARTS NINE,0.2784,0.029,0.6926
HEARTS SIX DIAMONDS NINE,0.5674,0.0198,0.4128
HEARTS SEVEN DIAMONDS NINE,0.5548,0.0192,0.426
CLUBS NINE CLUBS EIGHT,0.5146,0.0178,0.4676
DIAMONDS ACE DIAMONDS NINE,0.3448,0.0044,0.6508
HEARTS FOUR DIAMONDS NINE,0.587,0.0182,0.3948
HEARTS FIVE DIAMONDS NINE,0.573,0.0176,0.4094
HEARTS ACE CLUBS TWO,0.3814,0.0074,0.6112
SPADES ACE CLUBS FOUR,0.3448,0.005,0.6502
DIAMONDS NINE DIAMONDS QUEEN,0.3354,0.0088,0.6558
HEARTS TWO DIAMONDS NINE,0.6188,0.0228,0.3584
CLUBS TWO HEARTS KING,0.3774,0.0098,0.6128
SPADES KING CLUBS FOUR,0.3586,0.0084,0.633
DIAMONDS KING DIAMONDS NINE,0.3348,0.0112,0.654
HEARTS THREE DIAMONDS NINE,0.692,0.0574,0.2506
CLUBS TWO HEARTS QUEEN,0.4026,0.012,0.5854
SPADES QUEEN CLUBS FOUR,0.3556,0.0098,0.6346
DIAMONDS NINE DIAMONDS JACK,0.221,0.1606,0.6184
CLUBS EIGHT SPADES NINE,0.5334,0.018,0.4486
DIAMONDS TEN DIAMONDS NINE,0.5206,0.0162,0.4632
CLUBS EIGHT SPADES EIGHT,0.3014,0.035,0.6636
CLUBS EIGHT SPADES SEVEN,0.5306,0.0192,0.4502
CLUBS EIGHT SPADES SIX,0.5588,0.0188,0.4224
CLUBS EIGHT SPADES FIVE,0.5554,0.021,0.4236
CLUBS EIGHT SPADES FOUR,0.5748,0.0236,0.4016
CLUBS EIGHT SPADES THREE,0.7046,0.0556,0.2398
CLUBS EIGHT SPADES TWO,0.6258,0.0222,0.352
HEARTS SIX DIAMONDS TEN,0.5732,0.0156,0.4112
HEARTS SEVEN DIAMONDS TEN,0.5594,0.0156,0.425
DIAMONDS TEN HEARTS EIGHT,0.5436,0.0196,0.4368
DIAMONDS TEN HEARTS NINE,0.5396,0.0172,0.4432
CLUBS TEN CLUBS FOUR,0.555,0.018,0.427
CLUBS FOUR CLUBS KING,0.3394,0.01,0.6506
CLUBS FOUR CLUBS QUEEN,0.3348,0.0106,0.6546
DIAMONDS TEN CLUBS TWO,0.6246,0.0198,0.3556
CLUBS THREE DIAMONDS TEN,0.7092,0.0574,0.2334
CLUBS FOUR CLUBS ACE,0.3338,0.0046,0.6616
DIAMONDS TEN DIAMONDS JACK,0.2096,0.1222,0.6682
DIAMONDS TEN DIAMONDS QUEEN,0.3128,0.0096,0.6776
HEARTS TWO DIAMONDS TEN,0.6134,0.0188,0.3678
DIAMONDS KING DIAMONDS TEN,0.3212,0.007,0.6718
HEARTS THREE DIAMONDS TEN,0.7086,0.0564,0.235
DIAMONDS ACE DIAMONDS TEN,0.3376,0.0054,0.657
HEARTS FOUR DIAMONDS TEN,0.5956,0.0188,0.3856
CLUBS EIGHT HEARTS JACK,0.2256,0.2248,0.5496
HEARTS FIVE DIAMONDS TEN,0.5874,0.0174,0.3952
CLUBS EIGHT HEARTS TEN,0.5462,0.0168,0.437
CLUBS EIGHT HEARTS QUEEN,0.3604,0.0116,0.628
CLUBS EIGHT HEARTS KING,0.3628,0.0088,0.6284
CLUBS EIGHT HEARTS ACE,0.3558,0.0044,0.6398
CLUBS NINE SPADES THREE,0.7036,0.0596,0.2368
CLUBS NINE SPADES TWO,0.6232,0.0226,0.3542
CLUBS NINE SPADES FIVE,0.583,0.0186,0.3984
CLUBS NINE SPADES FOUR,0.5938,0.0224,0.3838
CLUBS NINE SPADES SEVEN,0.55,0.0182,0.4318
CLUBS NINE SPADES SIX,0.5624,0.0182,0.4194
CLUBS NINE SPADES NINE,0.2892,0.0284,0.6824
CLUBS TEN HEARTS EIGHT,0.5464,0.017,0.4366
CLUBS NINE SPADES EIGHT,0.5438,0.0154,0.4408
HEARTS EIGHT CLUBS QUEEN,0.3418,0.0112,0.647
CLUBS KING HEARTS EIGHT,0.3578,0.0064,0.6358
CLUBS ACE HEARTS EIGHT,0.351,0.005,0.644
SPADES KING CLUBS KING,0.1274,0.005,0.8676
SPADES QUEEN CLUBS KING,0.3158,0.0086,0.6756
SPADES ACE CLUBS KING,0.3192,0.0054,0.6754
DIAMONDS ACE HEARTS TEN,0.3386,0.0044,0.657
HEARTS FOUR HEARTS TEN,0.5574,0.0192,0.4234
DIAMONDS ACE HEARTS JACK,0.2156,0.0222,0.7622
HEARTS FOUR HEARTS JACK,0.2168,0.481,0.3022
SPADES KING CLUBS FIVE,0.352,0.0078,0.6402
SPADES QUEEN CLUBS FIVE,0.3566,0.0126,0.6308
SPADES ACE CLUBS FIVE,0.3542,0.0052,0.6406
HEARTS SEVEN DIAMONDS JACK,0.2198,0.2998,0.4804
HEARTS SIX DIAMONDS JACK,0.221,0.3848,0.3942
DIAMONDS JACK HEARTS NINE,0.215,0.162,0.623
DIAMONDS JACK HEARTS EIGHT,0.2232,0.2212,0.5556
DIAMONDS KING DIAMONDS JACK,0.2178,0.0314,0.7508
HEARTS THREE DIAMONDS JACK,0.0118,0.9688,0.0194
SPADES ACE SPADES SIX,0.3404,0.0034,0.6562
HEARTS ACE SPADES FOUR,0.356,0.0044,0.6396
DIAMONDS QUEEN DIAMONDS JACK,0.2156,0.0438,0.7406
HEARTS TWO DIAMONDS JACK,0.254,0.5202,0.2258
HEARTS FIVE DIAMONDS JACK,0.2092,0.4558,0.335
SPADES QUEEN SPADES SIX,0.3456,0.0104,0.644
SPADES FOUR HEARTS QUEEN,0.3578,0.0086,0.6336
DIAMONDS ACE DIAMONDS JACK,0.215,0.023,0.762
HEARTS FOUR DIAMONDS JACK,0.2054,0.5298,0.2648
SPADES KING SPADES SIX,0.3402,0.0076,0.6522
SPADES FOUR HEARTS KING,0.3538,0.0084,0.6378
SPADES TEN SPADES SIX,0.5422,0.0178,0.44
SPADES JACK SPADES SIX,0.2062,0.3702,0.4236
SPADES FOUR DIAMONDS JACK,0.2204,0.5254,0.2542
SPADES FIVE DIAMONDS JACK,0.2072,0.4712,0.3216
DIAMONDS JACK SPADES TWO,0.267,0.5158,0.2172
SPADES THREE DIAMONDS JACK,0.0124,0.9726,0.015
CLUBS EIGHT DIAMONDS JACK,0.2098,0.2396,0.5506
CLUBS NINE DIAMONDS JACK,0.2204,0.174,0.6056
CLUBS SIX DIAMONDS JACK,0.2086,0.3978,0.3936
CLUBS SEVEN DIAMONDS JACK,0.223,0.304,0.473
CLUBS FOUR DIAMONDS JACK,0.209,0.537,0.254
CLUBS FIVE DIAMONDS JACK,0.2078,0.479,0.3132
CLUBS TWO DIAMONDS JACK,0.2672,0.5258,0.207
CLUBS THREE DIAMONDS JACK,0.0072,0.9862,0.0066
SPADES TEN CLUBS FIVE,0.5788,0.0184,0.4028
SPADES JACK HEARTS SIX,0.2342,0.3816,0.3842
HEARTS SIX SPADES TEN,0.5878,0.0156,0.3966
SPADES JACK CLUBS FIVE,0.218,0.472,0.31
CLUBS SEVEN CLUBS ACE,0.3374,0.0058,0.6568
CLUBS SEVEN CLUBS QUEEN,0.3528,0.0136,0.6336
CLUBS SEVEN CLUBS KING,0.3408,0.0078,0.6514
SPADES NINE DIAMONDS JACK,0.213,0.1708,0.6162
CLUBS TEN CLUBS SEVEN,0.5368,0.016,0.4472
DIAMONDS ACE HEARTS ACE,0.1218,0.002,0.8762
HEARTS FOUR HEARTS ACE,0.3204,0.0064,0.6732
SPADES EIGHT DIAMONDS JACK,0.2212,0.2158,0.563
SPADES ACE HEARTS SIX,0.3662,0.0068,0.627
DIAMONDS ACE HEARTS KING,0.3036,0.0044,0.692
HEARTS FOUR HEARTS KING,0.34,0.008,0.652
SPADES SEVEN DIAMONDS JACK,0.2188,0.3022,0.479
SPADES KING HEARTS SIX,0.3496,0.0056,0.6448
DIAMONDS ACE HEARTS QUEEN,0.3076,0.0054,0.687
HEARTS FOUR HEARTS QUEEN,0.3504,0.0112,0.6384
SPADES QUEEN HEARTS SIX,0.375,0.0092,0.6158
SPADES SIX DIAMONDS JACK,0.2212,0.3782,0.4006
DIAMONDS TEN SPADES TWO,0.6292,0.0182,0.3526
DIAMONDS TEN SPADES THREE,0.6992,0.0642,0.2366
DIAMONDS TEN SPADES FOUR,0.5938,0.0152,0.391
DIAMONDS TEN SPADES FIVE,0.5938,0.0208,0.3854
SPADES SIX DIAMONDS TEN,0.575,0.0166,0.4084
SPADES SEVEN DIAMONDS TEN,0.5594,0.016,0.4246
SPADES EIGHT DIAMONDS TEN,0.5374,0.02,0.4426
SPADES NINE DIAMONDS TEN,0.5336,0.0154,0.451
CLUBS FOUR DIAMONDS TEN,0.5964,0.0176,0.386
CLUBS FIVE DIAMONDS TEN,0.592,0.0196,0.3884
CLUBS SIX DIAMONDS TEN,0.5806,0.0174,0.402
CLUBS SEVEN DIAMONDS TEN,0.5712,0.0174,0.4114
CLUBS EIGHT DIAMONDS TEN,0.543,0.0144,0.4426
CLUBS NINE DIAMONDS TEN,0.5272,0.0162,0.4566
SPADES FOUR HEARTS JACK,0.2162,0.514,0.2698
SPADES FOUR HEARTS TEN,0.6,0.0182,0.3818
SPADES FIVE SPADES TWO,0.5714,0.021,0.4076
SPADES FOUR SPADES TWO,0.571,0.0198,0.4092
SPADES THREE SPADES TWO,0.6406,0.0554,0.304
SPADES NINE SPADES TWO,0.5806,0.0166,0.4028
SPADES EIGHT SPADES TWO,0.5916,0.017,0.3914
SPADES SEVEN SPADES TWO,0.592,0.0194,0.3886
SPADES SIX SPADES TWO,0.569,0.019,0.412
CLUBS THREE DIAMONDS QUEEN,0.2198,0.0492,0.731
CLUBS THREE HEARTS TWO,0.679,0.0676,0.2534
CLUBS TWO DIAMONDS QUEEN,0.3932,0.0162,0.5906
HEARTS TWO CLUBS TWO,0.4034,0.0576,0.539
HEARTS SEVEN DIAMONDS QUEEN,0.3554,0.0152,0.6294
HEARTS SEVEN HEARTS TWO,0.5826,0.0182,0.3992
HEARTS SIX DIAMONDS QUEEN,0.3672,0.0108,0.622
HEARTS SIX HEARTS TWO,0.5748,0.02,0.4052
DIAMONDS QUEEN HEARTS NINE,0.3386,0.0102,0.6512
HEARTS TWO HEARTS NINE,0.5772,0.019,0.4038
DIAMONDS QUEEN HEARTS EIGHT,0.3486,0.0122,0.6392
HEARTS TWO HEARTS EIGHT,0.587,0.0166,0.3964
CLUBS NINE HEARTS TWO,0.6326,0.017,0.3504
CLUBS NINE DIAMONDS QUEEN,0.3428,0.0098,0.6474
CLUBS EIGHT HEARTS TWO,0.6284,0.017,0.3546
CLUBS EIGHT DIAMONDS QUEEN,0.3522,0.0136,0.6342
CLUBS FIVE DIAMONDS QUEEN,0.3466,0.0148,0.6386
CLUBS FIVE HEARTS TWO,0.6142,0.0226,0.3632
SPADES EIGHT HEARTS ACE,0.3634,0.0036,0.633
CLUBS FOUR DIAMONDS QUEEN,0.359,0.0122,0.6288
CLUBS FOUR HEARTS TWO,0.6012,0.0218,0.377
CLUBS SEVEN DIAMONDS QUEEN,0.3608,0.0136,0.6256
CLUBS SEVEN HEARTS TWO,0.6316,0.021,0.3474
SPADES EIGHT HEARTS QUEEN,0.3564,0.0066,0.637
CLUBS SIX DIAMONDS QUEEN,0.3524,0.0154,0.6322
CLUBS SIX HEARTS TWO,0.63,0.023,0.347
SPADES EIGHT HEARTS KING,0.3556,0.0064,0.638
HEARTS TWO SPADES SIX,0.6172,0.022,0.3608
SPADES SIX DIAMONDS QUEEN,0.3484,0.0122,0.6394
HEARTS FOUR CLUBS QUEEN,0.3442,0.0116,0.6442
DIAMONDS ACE CLUBS QUEEN,0.3156,0.004,0.6804
SPADES SEVEN DIAMONDS QUEEN,0.342,0.0088,0.6492
SPADES SEVEN HEARTS TWO,0.6222,0.0166,0.3612
HEARTS FOUR CLUBS KING,0.3556,0.009,0.6354
DIAMONDS ACE CLUBS KING,0.3018,0.005,0.6932
SPADES EIGHT DIAMONDS QUEEN,0.3482,0.013,0.6388
SPADES EIGHT HEARTS TWO,0.6154,0.0178,0.3668
HEARTS FOUR CLUBS ACE,0.3498,0.0068,0.6434
DIAMONDS ACE CLUBS ACE,0.1136,0.005,0.8814
SPADES NINE DIAMONDS QUEEN,0.3296,0.0108,0.6596
SPADES NINE HEARTS TWO,0.6306,0.0162,0.3532
HEARTS TWO SPADES TWO,0.4116,0.052,0.5364
DIAMONDS QUEEN SPADES TWO,0.394,0.015,0.591
HEARTS TWO SPADES THREE,0.6696,0.0622,0.2682
DIAMONDS QUEEN SPADES THREE,0.2362,0.0458,0.718
HEARTS TWO SPADES FOUR,0.6036,0.0226,0.3738
SPADES FOUR DIAMONDS QUEEN,0.3632,0.0136,0.6232
CLUBS TEN HEARTS FOUR,0.5942,0.0186,0.3872
CLUBS TEN DIAMONDS ACE,0.3402,0.0046,0.6552
HEARTS TWO SPADES FIVE,0.5972,0.0198,0.383
SPADES FIVE DIAMONDS QUEEN,0.3548,0.0102,0.635
CLUBS FIVE CLUBS KING,0.3462,0.0072,0.6466
CLUBS FIVE CLUBS QUEEN,0.3366,0.014,0.6494
CLUBS FIVE CLUBS ACE,0.3346,0.0034,0.662
CLUBS TEN CLUBS FIVE,0.5602,0.0176,0.4222
SPADES SIX CLUBS KING,0.3626,0.0068,0.6306
SPADES SIX CLUBS QUEEN,0.3602,0.0112,0.6286
SPADES EIGHT HEARTS JACK,0.2292,0.2248,0.546
SPADES SIX CLUBS ACE,0.3674,0.0036,0.629
SPADES EIGHT HEARTS TEN,0.5396,0.0174,0.443
CLUBS TEN SPADES SIX,0.5818,0.0186,0.3996
SPADES QUEEN CLUBS SEVEN,0.3616,0.0102,0.6282
SPADES KING CLUBS SEVEN,0.3474,0.0068,0.6458
SPADES ACE CLUBS SEVEN,0.352,0.0048,0.6432
SPADES SIX HEARTS TEN,0.579,0.018,0.403
SPADES SIX HEARTS JACK,0.223,0.393,0.384
SPADES SIX HEARTS ACE,0.3562,0.0038,0.64
SPADES SIX HEARTS KING,0.3618,0.0074,0.6308
SPADES SIX HEARTS QUEEN,0.3624,0.0104,0.6272
CLUBS SEVEN SPADES JACK,0.2244,0.2984,0.4772
CLUBS SEVEN SPADES TEN,0.5664,0.0178,0.4158
CLUBS TEN HEARTS SIX,0.565,0.0192,0.4158
HEARTS SIX CLUBS QUEEN,0.3528,0.0102,0.637
HEARTS SIX CLUBS KING,0.3596,0.0102,0.6302
HEARTS SIX CLUBS ACE,0.355,0.0058,0.6392
CLUBS FIVE HEARTS JACK,0.2212,0.466,0.3128
SPADES TEN DIAMONDS ACE,0.342,0.0044,0.6536
HEARTS FOUR SPADES TEN,0.5936,0.0206,0.3858
CLUBS FIVE HEARTS TEN,0.587,0.0188,0.3942
HEARTS FOUR SPADES JACK,0.2088,0.518,0.2732
SPADES JACK DIAMONDS ACE,0.2214,0.0204,0.7582
SPADES ACE HEARTS FOUR,0.3518,0.0052,0.643
SPADES ACE DIAMONDS ACE,0.1302,0.0032,0.8666
CLUBS FIVE HEARTS ACE,0.3522,0.005,0.6428
CLUBS FIVE HEARTS KING,0.3586,0.007,0.6344
HEARTS FOUR SPADES QUEEN,0.346,0.009,0.645
SPADES QUEEN DIAMONDS ACE,0.3134,0.0094,0.6772
CLUBS FIVE HEARTS QUEEN,0.3622,0.008,0.6298
SPADES KING DIAMONDS ACE,0.3132,0.0052,0.6816
SPADES KING HEARTS FOUR,0.3634,0.0078,0.6288
CLUBS TEN SPADES FOUR,0.5962,0.0198,0.384
DIAMONDS ACE DIAMONDS QUEEN,0.3038,0.0064,0.6898
DIAMONDS ACE HEARTS TWO,0.371,0.0048,0.6242
HEARTS FOUR DIAMONDS QUEEN,0.361,0.0106,0.6284
HEARTS FOUR HEARTS TWO,0.5672,0.0206,0.4122
SPADES FOUR CLUBS KING,0.3478,0.0096,0.6426
HEARTS FIVE DIAMONDS QUEEN,0.359,0.01,0.631
HEARTS FIVE HEARTS TWO,0.5624,0.021,0.4166
SPADES FOUR CLUBS QUEEN,0.352,0.0146,0.6334
HEARTS TWO DIAMONDS QUEEN,0.3946,0.0116,0.5938
DIAMONDS KING DIAMONDS QUEEN,0.292,0.01,0.698
DIAMONDS KING HEARTS TWO,0.386,0.0082,0.6058
HEARTS THREE DIAMONDS QUEEN,0.2358,0.0508,0.7134
HEARTS THREE HEARTS TWO,0.6432,0.0624,0.2944
SPADES FOUR CLUBS ACE,0.3302,0.0046,0.6652
HEARTS TWO CLUBS ACE,0.3792,0.0062,0.6146
DIAMONDS QUEEN CLUBS ACE,0.3084,0.0056,0.686
HEARTS TWO CLUBS QUEEN,0.3654,0.0178,0.6168
DIAMONDS QUEEN CLUBS QUEEN,0.133,0.014,0.853
HEARTS TWO CLUBS KING,0.3944,0.0102,0.5954
DIAMONDS QUEEN CLUBS KING,0.3062,0.0068,0.687
SPADES EIGHT SPADES FIVE,0.511,0.0166,0.4724
CLUBS TEN HEARTS TWO,0.6226,0.0204,0.357
CLUBS TEN DIAMONDS QUEEN,0.321,0.012,0.667
SPADES NINE SPADES FIVE,0.5384,0.0188,0.4428
SPADES SIX SPADES FIVE,0.526,0.0216,0.4524
SPADES SEVEN SPADES FIVE,0.522,0.0208,0.4572
DIAMONDS FIVE CLUBS QUEEN,0.3526,0.0106,0.6368
SPADES EIGHT CLUBS ACE,0.3538,0.0054,0.6408
DIAMONDS FIVE CLUBS KING,0.3504,0.008,0.6416
SPADES EIGHT CLUBS KING,0.3522,0.009,0.6388
CLUBS ACE DIAMONDS FIVE,0.3402,0.0074,0.6524
SPADES EIGHT CLUBS QUEEN,0.3362,0.0136,0.6502
CLUBS TEN SPADES EIGHT,0.5614,0.0168,0.4218
CLUBS TEN DIAMONDS FIVE,0.5806,0.018,0.4014
DIAMONDS TEN HEARTS JACK,0.219,0.122,0.659
DIAMONDS TEN HEARTS TEN,0.2784,0.0268,0.6948
SPADES ACE CLUBS NINE,0.3626,0.0048,0.6326
CLUBS NINE SPADES QUEEN,0.3506,0.011,0.6384
CLUBS NINE SPADES KING,0.3542,0.0074,0.6384
HEARTS SIX HEARTS KING,0.332,0.0056,0.6624
DIAMONDS KING SPADES SEVEN,0.3602,0.0084,0.6314
HEARTS THREE SPADES SEVEN,0.6966,0.051,0.2524
SPADES KING DIAMONDS SEVEN,0.3572,0.0068,0.636
HEARTS SIX HEARTS QUEEN,0.3382,0.0098,0.652
SPADES QUEEN DIAMONDS SEVEN,0.3642,0.0084,0.6274
HEARTS THREE SPADES SIX,0.6808,0.0522,0.267
DIAMONDS KING SPADES SIX,0.36,0.0098,0.6302
SPADES NINE DIAMONDS KING,0.3544,0.0082,0.6374
SPADES NINE HEARTS THREE,0.7028,0.0586,0.2386
HEARTS SIX HEARTS ACE,0.331,0.0046,0.6644
DIAMONDS KING SPADES EIGHT,0.3592,0.007,0.6338
SPADES EIGHT HEARTS THREE,0.703,0.0574,0.2396
SPADES ACE DIAMONDS SEVEN,0.36,0.003,0.637
CLUBS NINE HEARTS THREE,0.7068,0.0548,0.2384
CLUBS NINE DIAMONDS KING,0.337,0.0084,0.6546
CLUBS EIGHT HEARTS THREE,0.7072,0.054,0.2388
CLUBS EIGHT DIAMONDS KING,0.3738,0.007,0.6192
HEARTS THREE SPADES THREE,0.2974,0.0374,0.6652
DIAMONDS KING SPADES THREE,0.2306,0.0302,0.7392
HEARTS THREE SPADES TWO,0.6766,0.0558,0.2676
DIAMONDS KING SPADES TWO,0.3846,0.0076,0.6078
HEARTS THREE SPADES FIVE,0.656,0.0594,0.2846
DIAMONDS KING SPADES FIVE,0.3534,0.0084,0.6382
HEARTS THREE SPADES FOUR,0.6612,0.0554,0.2834
DIAMONDS KING SPADES FOUR,0.3562,0.0086,0.6352
DIAMONDS KING CLUBS TWO,0.3996,0.0092,0.5912
HEARTS THREE CLUBS TWO,0.6794,0.0598,0.2608
DIAMONDS KING CLUBS THREE,0.224,0.0358,0.7402
CLUBS THREE HEARTS THREE,0.2964,0.047,0.6566
DIAMONDS KING CLUBS FOUR,0.367,0.0084,0.6246
HEARTS THREE CLUBS FOUR,0.6684,0.0588,0.2728
CLUBS FIVE DIAMONDS KING,0.369,0.0096,0.6214
CLUBS FIVE HEARTS THREE,0.671,0.0554,0.2736
CLUBS SIX DIAMONDS KING,0.3656,0.0104,0.624
CLUBS SIX HEARTS THREE,0.6782,0.0592,0.2626
CLUBS SEVEN DIAMONDS KING,0.3708,0.008,0.6212
CLUBS SEVEN HEARTS THREE,0.6928,0.0526,0.2546
