opposingHand,winningChance,drawChance,lostChance
CLUBS FOUR SPADES THREE
HEARTS FIVE SPADES TEN,0.356,0.0306,0.6134
SPADES JACK HEARTS FIVE,0.3494,0.0236,0.627
SPADES FIVE CLUBS JACK,0.3612,0.0194,0.6194
CLUBS TEN SPADES FIVE,0.364,0.0338,0.6022
CLUBS EIGHT CLUBS JACK,0.3372,0.0196,0.6432
CLUBS TEN CLUBS EIGHT,0.328,0.026,0.646
CLUBS EIGHT CLUBS KING,0.3376,0.0066,0.6558
SPADES FIVE CLUBS ACE,0.3272,0.0064,0.6664
CLUBS EIGHT CLUBS QUEEN,0.3396,0.0132,0.6472
SPADES FIVE CLUBS KING,0.3418,0.0122,0.646
SPADES FIVE CLUBS QUEEN,0.3496,0.0176,0.6328
CLUBS EIGHT CLUBS ACE,0.3312,0.0064,0.6624
DIAMONDS TWO DIAMONDS THREE,0.2766,0.4742,0.2492
DIAMONDS TWO DIAMONDS FIVE,0.3632,0.2372,0.3996
SPADES KING HEARTS FIVE,0.356,0.0088,0.6352
DIAMONDS TWO DIAMONDS FOUR,0.2512,0.4858,0.263
SPADES QUEEN HEARTS FIVE,0.3684,0.0134,0.6182
DIAMONDS TWO DIAMONDS SEVEN,0.3854,0.0968,0.5178
DIAMONDS TWO DIAMONDS SIX,0.371,0.1476,0.4814
SPADES ACE HEARTS FIVE,0.3394,0.0056,0.655
DIAMONDS TWO DIAMONDS NINE,0.3866,0.0418,0.5716
DIAMONDS TWO DIAMONDS EIGHT,0.3798,0.0692,0.551
DIAMONDS THREE DIAMONDS FOUR,0.0212,0.9044,0.0744
CLUBS TWO SPADES FOUR,0.2654,0.5256,0.209
DIAMONDS THREE DIAMONDS FIVE,0.2132,0.3606,0.4262
CLUBS TWO SPADES FIVE,0.389,0.2556,0.3554
CLUBS TWO SPADES TWO,0.3278,0.161,0.5112
DIAMONDS THREE DIAMONDS EIGHT,0.2644,0.1336,0.602
SPADES EIGHT CLUBS TWO,0.4118,0.0694,0.5188
DIAMONDS THREE DIAMONDS NINE,0.2674,0.0918,0.6408
SPADES NINE CLUBS TWO,0.3954,0.0464,0.5582
DIAMONDS THREE DIAMONDS SIX,0.2388,0.266,0.4952
CLUBS TWO SPADES SIX,0.4036,0.1586,0.4378
DIAMONDS THREE DIAMONDS SEVEN,0.2452,0.1926,0.5622
CLUBS TWO SPADES SEVEN,0.4124,0.1056,0.482
CLUBS SIX CLUBS TWO,0.3938,0.1586,0.4476
CLUBS SEVEN CLUBS TWO,0.3914,0.1032,0.5054
CLUBS FIVE CLUBS TWO,0.3526,0.2414,0.406
CLUBS TEN CLUBS JACK,0.3298,0.0138,0.6564
DIAMONDS FOUR DIAMONDS SIX,0.2214,0.2634,0.5152
CLUBS TEN CLUBS QUEEN,0.3392,0.0132,0.6476
DIAMONDS FOUR DIAMONDS SEVEN,0.23,0.1932,0.5768
CLUBS TEN CLUBS KING,0.3314,0.0098,0.6588
CLUBS TEN CLUBS ACE,0.3346,0.0046,0.6608
CLUBS EIGHT CLUBS TWO,0.3862,0.0676,0.5462
DIAMONDS FIVE DIAMONDS FOUR,0.2054,0.359,0.4356
CLUBS NINE CLUBS TWO,0.3956,0.0476,0.5568
DIAMONDS NINE DIAMONDS FOUR,0.2736,0.0926,0.6338
DIAMONDS EIGHT DIAMONDS FOUR,0.2352,0.1444,0.6204
CLUBS TWO CLUBS THREE,0.2926,0.4658,0.2416
DIAMONDS NINE DIAMONDS FIVE,0.3376,0.0464,0.616
DIAMONDS TWO CLUBS JACK,0.4146,0.0218,0.5636
DIAMONDS EIGHT DIAMONDS FIVE,0.315,0.0656,0.6194
CLUBS TEN DIAMONDS TWO,0.3928,0.0364,0.5708
DIAMONDS FIVE DIAMONDS SEVEN,0.3236,0.098,0.5784
DIAMONDS FIVE DIAMONDS SIX,0.2994,0.1468,0.5538
DIAMONDS TWO CLUBS ACE,0.3812,0.007,0.6118
DIAMONDS TWO CLUBS KING,0.399,0.0108,0.5902
DIAMONDS TWO CLUBS QUEEN,0.4154,0.0138,0.5708
DIAMONDS EIGHT DIAMONDS SIX,0.33,0.0632,0.6068
DIAMONDS NINE DIAMONDS SIX,0.3426,0.0432,0.6142
DIAMONDS SEVEN DIAMONDS SIX,0.3104,0.0912,0.5984
DIAMONDS EIGHT DIAMONDS SEVEN,0.3082,0.0552,0.6366
DIAMONDS NINE DIAMONDS SEVEN,0.3316,0.0392,0.6292
DIAMONDS NINE DIAMONDS EIGHT,0.3082,0.035,0.6568
DIAMONDS KING HEARTS TEN,0.3612,0.008,0.6308
HEARTS THREE HEARTS TEN,0.2552,0.0784,0.6664
SPADES JACK CLUBS SIX,0.352,0.0186,0.6294
DIAMONDS KING HEARTS JACK,0.356,0.007,0.637
HEARTS THREE HEARTS JACK,0.254,0.0614,0.6846
SPADES TEN CLUBS SIX,0.358,0.0258,0.6162
SPADES JACK SPADES FIVE,0.3508,0.0188,0.6304
SPADES TEN SPADES FIVE,0.3444,0.033,0.6226
DIAMONDS KING HEARTS ACE,0.3598,0.0046,0.6356
HEARTS THREE HEARTS ACE,0.2346,0.022,0.7434
SPADES ACE CLUBS SIX,0.3546,0.0054,0.64
DIAMONDS KING HEARTS QUEEN,0.3686,0.0066,0.6248
HEARTS THREE HEARTS QUEEN,0.2648,0.0408,0.6944
SPADES KING CLUBS SIX,0.3558,0.0092,0.635
DIAMONDS KING HEARTS KING,0.1674,0.0186,0.814
HEARTS THREE HEARTS KING,0.2644,0.0292,0.7064
SPADES QUEEN CLUBS SIX,0.345,0.0136,0.6414
SPADES NINE HEARTS TEN,0.3402,0.0254,0.6344
SPADES NINE HEARTS JACK,0.3498,0.0174,0.6328
SPADES QUEEN SPADES FIVE,0.3464,0.0132,0.6404
SPADES KING SPADES FIVE,0.334,0.0102,0.6558
SPADES ACE SPADES FIVE,0.3276,0.0064,0.666
SPADES NINE HEARTS QUEEN,0.3554,0.0132,0.6314
SPADES NINE HEARTS KING,0.355,0.0096,0.6354
SPADES NINE HEARTS ACE,0.3588,0.0068,0.6344
CLUBS TEN SPADES JACK,0.3386,0.014,0.6474
CLUBS TEN SPADES TEN,0.1522,0.0736,0.7742
SPADES ACE CLUBS TEN,0.3376,0.0078,0.6546
SPADES KING CLUBS TEN,0.3466,0.01,0.6434
CLUBS TEN SPADES QUEEN,0.3374,0.013,0.6496
SPADES FIVE HEARTS QUEEN,0.3552,0.0132,0.6316
HEARTS KING SPADES FIVE,0.368,0.0086,0.6234
SPADES FIVE HEARTS ACE,0.341,0.0054,0.6536
CLUBS EIGHT SPADES TEN,0.3358,0.025,0.6392
HEARTS THREE SPADES JACK,0.2618,0.0578,0.6804
SPADES JACK DIAMONDS KING,0.3548,0.008,0.6372
SPADES TEN DIAMONDS KING,0.3482,0.008,0.6438
HEARTS THREE SPADES TEN,0.2632,0.0756,0.6612
SPADES JACK CLUBS EIGHT,0.348,0.02,0.632
CLUBS SIX HEARTS ACE,0.3512,0.0056,0.6432
SPADES ACE CLUBS EIGHT,0.3382,0.0064,0.6554
HEARTS FIVE CLUBS JACK,0.3522,0.0212,0.6266
CLUBS TEN HEARTS FIVE,0.3472,0.0376,0.6152
CLUBS SIX HEARTS QUEEN,0.3612,0.0148,0.624
SPADES QUEEN CLUBS EIGHT,0.34,0.0134,0.6466
CLUBS SIX HEARTS KING,0.3634,0.0078,0.6288
SPADES KING CLUBS EIGHT,0.3406,0.01,0.6494
DIAMONDS TWO HEARTS JACK,0.4096,0.023,0.5674
DIAMONDS TWO HEARTS TEN,0.4216,0.0292,0.5492
HEARTS FIVE CLUBS ACE,0.3254,0.0064,0.6682
SPADES FIVE HEARTS TEN,0.3646,0.0296,0.6058
HEARTS FIVE CLUBS KING,0.3438,0.012,0.6442
SPADES FIVE HEARTS JACK,0.3586,0.02,0.6214
HEARTS FIVE CLUBS QUEEN,0.3556,0.0174,0.627
HEARTS THREE CLUBS KING,0.2822,0.034,0.6838
DIAMONDS KING CLUBS KING,0.164,0.018,0.818
HEARTS THREE CLUBS QUEEN,0.2728,0.0428,0.6844
DIAMONDS KING CLUBS QUEEN,0.3694,0.0058,0.6248
HEARTS FIVE HEARTS JACK,0.3354,0.0216,0.643
HEARTS FIVE HEARTS TEN,0.3458,0.0302,0.624
HEARTS THREE CLUBS ACE,0.2464,0.017,0.7366
DIAMONDS KING CLUBS ACE,0.3596,0.0052,0.6352
SPADES ACE CLUBS QUEEN,0.3532,0.006,0.6408
SPADES KING CLUBS QUEEN,0.3308,0.0098,0.6594
HEARTS THREE CLUBS JACK,0.2754,0.0612,0.6634
DIAMONDS KING CLUBS JACK,0.3462,0.0076,0.6462
SPADES QUEEN CLUBS QUEEN,0.1472,0.039,0.8138
CLUBS TEN HEARTS THREE,0.2762,0.0726,0.6512
CLUBS TEN DIAMONDS KING,0.3428,0.008,0.6492
SPADES JACK CLUBS QUEEN,0.339,0.0114,0.6496
CLUBS SIX CLUBS QUEEN,0.3256,0.0106,0.6638
SPADES TEN CLUBS QUEEN,0.3496,0.0132,0.6372
CLUBS SIX CLUBS KING,0.3392,0.009,0.6518
CLUBS SIX CLUBS ACE,0.3358,0.0052,0.659
HEARTS FIVE HEARTS KING,0.3296,0.0078,0.6626
HEARTS FIVE HEARTS QUEEN,0.3346,0.0124,0.653
CLUBS TEN CLUBS SIX,0.3348,0.0296,0.6356
HEARTS FIVE HEARTS ACE,0.3138,0.0068,0.6794
CLUBS SIX CLUBS JACK,0.3302,0.0206,0.6492
SPADES SEVEN HEARTS JACK,0.3528,0.0182,0.629
SPADES SEVEN HEARTS TEN,0.3438,0.026,0.6302
DIAMONDS TWO CLUBS TWO,0.339,0.1684,0.4926
DIAMONDS TWO CLUBS THREE,0.2844,0.5066,0.209
HEARTS SIX DIAMONDS TWO,0.3996,0.1634,0.437
DIAMONDS TWO HEARTS QUEEN,0.4016,0.014,0.5844
DIAMONDS TWO HEARTS SEVEN,0.4088,0.1004,0.4908
DIAMONDS TWO HEARTS KING,0.416,0.0112,0.5728
DIAMONDS TWO HEARTS EIGHT,0.4094,0.0764,0.5142
DIAMONDS TWO HEARTS ACE,0.3918,0.0066,0.6016
DIAMONDS TWO HEARTS NINE,0.4138,0.0474,0.5388
DIAMONDS TWO DIAMONDS QUEEN,0.3948,0.0126,0.5926
DIAMONDS TWO HEARTS TWO,0.3186,0.1734,0.508
DIAMONDS TWO DIAMONDS KING,0.3914,0.0112,0.5974
HEARTS THREE DIAMONDS TWO,0.2898,0.483,0.2272
DIAMONDS TWO DIAMONDS ACE,0.3766,0.0086,0.6148
HEARTS FOUR DIAMONDS TWO,0.2676,0.514,0.2184
DIAMONDS TWO HEARTS FIVE,0.3864,0.2442,0.3694
SPADES SEVEN HEARTS ACE,0.3474,0.0046,0.648
DIAMONDS TWO DIAMONDS TEN,0.3778,0.032,0.5902
SPADES SEVEN HEARTS KING,0.3644,0.009,0.6266
DIAMONDS TWO DIAMONDS JACK,0.3872,0.0236,0.5892
SPADES SEVEN HEARTS QUEEN,0.3646,0.0146,0.6208
DIAMONDS TWO SPADES NINE,0.418,0.048,0.534
DIAMONDS TWO SPADES EIGHT,0.391,0.0668,0.5422
DIAMONDS TWO SPADES SEVEN,0.4074,0.102,0.4906
DIAMONDS TWO SPADES SIX,0.4074,0.162,0.4306
DIAMONDS TWO SPADES FIVE,0.369,0.2526,0.3784
DIAMONDS TWO SPADES FOUR,0.2618,0.5288,0.2094
DIAMONDS TWO SPADES TWO,0.3188,0.1616,0.5196
CLUBS NINE DIAMONDS TWO,0.4144,0.0464,0.5392
DIAMONDS TWO CLUBS EIGHT,0.396,0.071,0.533
CLUBS SEVEN DIAMONDS TWO,0.4112,0.1078,0.481
DIAMONDS TWO CLUBS SIX,0.4018,0.1652,0.433
DIAMONDS TWO CLUBS FIVE,0.3828,0.2452,0.372
SPADES ACE DIAMONDS SIX,0.356,0.0048,0.6392
SPADES QUEEN DIAMONDS SIX,0.3544,0.014,0.6316
SPADES KING DIAMONDS SIX,0.3504,0.0088,0.6408
SPADES TEN DIAMONDS SIX,0.3652,0.0322,0.6026
SPADES JACK DIAMONDS SIX,0.3692,0.0204,0.6104
SPADES QUEEN SPADES TWO,0.379,0.0176,0.6034
SPADES KING SPADES TWO,0.384,0.0096,0.6064
SPADES ACE SPADES TWO,0.3736,0.005,0.6214
DIAMONDS JACK CLUBS JACK,0.1764,0.0522,0.7714
CLUBS TEN DIAMONDS JACK,0.3428,0.0134,0.6438
DIAMONDS JACK CLUBS KING,0.3486,0.0068,0.6446
DIAMONDS JACK CLUBS QUEEN,0.3572,0.017,0.6258
DIAMONDS THREE DIAMONDS JACK,0.257,0.0576,0.6854
DIAMONDS THREE DIAMONDS TEN,0.2588,0.074,0.6672
DIAMONDS JACK CLUBS ACE,0.339,0.0044,0.6566
DIAMONDS THREE DIAMONDS KING,0.265,0.027,0.708
HEARTS THREE DIAMONDS THREE,0.2456,0.1328,0.6216
DIAMONDS THREE DIAMONDS QUEEN,0.267,0.0374,0.6956
DIAMONDS THREE HEARTS TWO,0.2934,0.4924,0.2142
HEARTS FIVE DIAMONDS THREE,0.221,0.3844,0.3946
DIAMONDS THREE DIAMONDS ACE,0.2412,0.018,0.7408
HEARTS FOUR DIAMONDS THREE,0.017,0.962,0.021
DIAMONDS THREE HEARTS SEVEN,0.2688,0.2058,0.5254
SPADES TEN SPADES NINE,0.3348,0.0256,0.6396
HEARTS SIX DIAMONDS THREE,0.2616,0.2476,0.4908
SPADES JACK SPADES NINE,0.33,0.0178,0.6522
DIAMONDS THREE HEARTS NINE,0.2836,0.096,0.6204
HEARTS JACK DIAMONDS FOUR,0.278,0.0598,0.6622
HEARTS KING HEARTS ACE,0.3238,0.0054,0.6708
SPADES TEN SPADES TWO,0.397,0.0308,0.5722
DIAMONDS THREE HEARTS EIGHT,0.2886,0.1408,0.5706
HEARTS TEN DIAMONDS FOUR,0.2634,0.0892,0.6474
SPADES JACK SPADES TWO,0.3898,0.0254,0.5848
HEARTS QUEEN DIAMONDS FOUR,0.2896,0.0474,0.663
HEARTS KING DIAMONDS FOUR,0.2696,0.0392,0.6912
SPADES ACE SPADES NINE,0.3464,0.0056,0.648
HEARTS ACE DIAMONDS FOUR,0.2596,0.0226,0.7178
SPADES KING SPADES NINE,0.346,0.008,0.646
SPADES QUEEN SPADES NINE,0.3472,0.011,0.6418
DIAMONDS THREE SPADES NINE,0.2552,0.1122,0.6326
DIAMONDS THREE SPADES EIGHT,0.2624,0.1612,0.5764
DIAMONDS THREE SPADES SEVEN,0.2548,0.2112,0.534
DIAMONDS THREE SPADES SIX,0.247,0.2698,0.4832
DIAMONDS THREE CLUBS SIX,0.2426,0.273,0.4844
CLUBS FIVE CLUBS SIX,0.3008,0.1426,0.5566
CLUBS ACE DIAMONDS FOUR,0.2468,0.0222,0.731
CLUBS SEVEN DIAMONDS THREE,0.25,0.1998,0.5502
CLUBS SEVEN CLUBS FIVE,0.3254,0.0974,0.5772
DIAMONDS FOUR CLUBS QUEEN,0.2702,0.046,0.6838
DIAMONDS THREE CLUBS FIVE,0.2184,0.3804,0.4012
CLUBS KING DIAMONDS FOUR,0.2724,0.0392,0.6884
DIAMONDS THREE CLUBS TWO,0.281,0.508,0.211
CLUBS TEN DIAMONDS FOUR,0.2734,0.084,0.6426
DIAMONDS THREE CLUBS THREE,0.2398,0.1326,0.6276
DIAMONDS FOUR CLUBS JACK,0.2642,0.0566,0.6792
DIAMONDS THREE SPADES FOUR,0.0116,0.9702,0.0182
DIAMONDS THREE SPADES FIVE,0.2148,0.3748,0.4104
DIAMONDS THREE SPADES TWO,0.2908,0.491,0.2182
CLUBS EIGHT DIAMONDS THREE,0.2754,0.1578,0.5668
CLUBS NINE DIAMONDS THREE,0.2668,0.1054,0.6278
SPADES SEVEN CLUBS ACE,0.349,0.0068,0.6442
SPADES SEVEN CLUBS QUEEN,0.344,0.0144,0.6416
SPADES SEVEN CLUBS KING,0.3512,0.0108,0.638
CLUBS FIVE SPADES SEVEN,0.3198,0.1044,0.5758
CLUBS TEN SPADES SEVEN,0.3392,0.0288,0.632
CLUBS FIVE SPADES SIX,0.314,0.158,0.528
SPADES SEVEN CLUBS JACK,0.3534,0.0234,0.6232
CLUBS FIVE SPADES NINE,0.3442,0.0458,0.61
CLUBS FIVE SPADES EIGHT,0.3286,0.0768,0.5946
CLUBS FIVE SPADES TWO,0.3786,0.264,0.3574
CLUBS FIVE SPADES FIVE,0.104,0.1464,0.7496
CLUBS FIVE SPADES FOUR,0.2008,0.376,0.4232
CLUBS NINE CLUBS FIVE,0.3346,0.0454,0.62
CLUBS EIGHT CLUBS FIVE,0.3168,0.0664,0.6168
CLUBS ACE CLUBS QUEEN,0.344,0.006,0.65
CLUBS KING CLUBS QUEEN,0.3326,0.01,0.6574
DIAMONDS TEN DIAMONDS FOUR,0.256,0.0798,0.6642
CLUBS TEN DIAMONDS NINE,0.3452,0.0274,0.6274
DIAMONDS JACK DIAMONDS FOUR,0.2626,0.0564,0.681
DIAMONDS NINE CLUBS JACK,0.3506,0.0178,0.6316
SPADES NINE CLUBS JACK,0.3496,0.0152,0.6352
CLUBS TEN SPADES NINE,0.3278,0.0256,0.6466
DIAMONDS ACE DIAMONDS FOUR,0.244,0.0208,0.7352
HEARTS FOUR DIAMONDS FOUR,0.1044,0.139,0.7566
DIAMONDS JACK HEARTS TEN,0.3424,0.0218,0.6358
SPADES NINE CLUBS KING,0.343,0.0082,0.6488
DIAMONDS TWO SPADES TEN,0.4088,0.0342,0.557
DIAMONDS NINE CLUBS ACE,0.356,0.006,0.638
HEARTS FIVE DIAMONDS FOUR,0.2168,0.377,0.4062
HEARTS JACK DIAMONDS JACK,0.1668,0.054,0.7792
SPADES NINE CLUBS QUEEN,0.3566,0.0158,0.6276
DIAMONDS TWO SPADES JACK,0.4026,0.022,0.5754
DIAMONDS QUEEN DIAMONDS FOUR,0.2546,0.0448,0.7006
HEARTS TWO DIAMONDS FOUR,0.2782,0.5092,0.2126
DIAMONDS NINE CLUBS QUEEN,0.347,0.0102,0.6428
DIAMONDS KING DIAMONDS FOUR,0.2532,0.0316,0.7152
HEARTS THREE DIAMONDS FOUR,0.0212,0.952,0.0268
SPADES NINE CLUBS ACE,0.359,0.0058,0.6352
DIAMONDS NINE CLUBS KING,0.354,0.009,0.637
HEARTS ACE DIAMONDS JACK,0.3632,0.0032,0.6336
SPADES ACE DIAMONDS TWO,0.3924,0.0042,0.6034
DIAMONDS JACK HEARTS QUEEN,0.3582,0.0084,0.6334
SPADES QUEEN DIAMONDS TWO,0.4,0.0162,0.5838
HEARTS KING DIAMONDS JACK,0.3614,0.0076,0.631
SPADES KING DIAMONDS TWO,0.4042,0.0096,0.5862
SPADES JACK SPADES SEVEN,0.3418,0.0204,0.6378
SPADES TEN SPADES SEVEN,0.3304,0.0252,0.6444
CLUBS SEVEN CLUBS THREE,0.2358,0.1898,0.5744
CLUBS SIX CLUBS THREE,0.235,0.2656,0.4994
CLUBS FIVE CLUBS THREE,0.2214,0.3522,0.4264
CLUBS NINE CLUBS THREE,0.2652,0.113,0.6218
CLUBS EIGHT CLUBS THREE,0.2688,0.1442,0.587
CLUBS THREE SPADES FIVE,0.221,0.383,0.396
CLUBS THREE SPADES FOUR,0.0062,0.989,0.0048
CLUBS THREE SPADES TWO,0.293,0.4984,0.2086
CLUBS THREE SPADES SIX,0.2402,0.2864,0.4734
SPADES SEVEN CLUBS THREE,0.2598,0.1992,0.541
SPADES EIGHT CLUBS THREE,0.2638,0.1528,0.5834
SPADES NINE CLUBS THREE,0.2614,0.117,0.6216
SPADES TWO DIAMONDS FOUR,0.2612,0.5172,0.2216
SPADES FOUR DIAMONDS FOUR,0.094,0.1398,0.7662
SPADES FIVE DIAMONDS FOUR,0.2182,0.3678,0.414
SPADES SIX DIAMONDS FOUR,0.2402,0.2758,0.484
SPADES SEVEN DIAMONDS FOUR,0.25,0.2084,0.5416
SPADES EIGHT DIAMONDS FOUR,0.2528,0.146,0.6012
SPADES NINE DIAMONDS FOUR,0.2618,0.1114,0.6268
CLUBS FIVE DIAMONDS FOUR,0.2184,0.3724,0.4092
CLUBS SEVEN DIAMONDS FOUR,0.254,0.1974,0.5486
CLUBS SIX DIAMONDS FOUR,0.2362,0.28,0.4838
CLUBS NINE DIAMONDS FOUR,0.2672,0.1134,0.6194
CLUBS EIGHT DIAMONDS FOUR,0.2438,0.1522,0.604
DIAMONDS FOUR HEARTS SEVEN,0.2534,0.2034,0.5432
HEARTS SIX DIAMONDS FOUR,0.2602,0.2646,0.4752
HEARTS NINE DIAMONDS FOUR,0.2742,0.1098,0.616
DIAMONDS FOUR HEARTS EIGHT,0.252,0.143,0.605
CLUBS THREE DIAMONDS FOUR,0.0162,0.973,0.0108
CLUBS TWO DIAMONDS FOUR,0.278,0.518,0.204
DIAMONDS TEN DIAMONDS FIVE,0.3424,0.0264,0.6312
DIAMONDS JACK DIAMONDS FIVE,0.3472,0.0214,0.6314
DIAMONDS NINE HEARTS QUEEN,0.3552,0.014,0.6308
HEARTS KING DIAMONDS NINE,0.3686,0.0066,0.6248
DIAMONDS NINE HEARTS ACE,0.3552,0.0044,0.6404
DIAMONDS NINE HEARTS TEN,0.3466,0.0242,0.6292
DIAMONDS NINE HEARTS JACK,0.3546,0.018,0.6274
CLUBS KING DIAMONDS SIX,0.3478,0.008,0.6442
CLUBS QUEEN DIAMONDS SIX,0.3604,0.012,0.6276
CLUBS ACE DIAMONDS SIX,0.3492,0.0048,0.646
SPADES KING DIAMONDS FOUR,0.2628,0.0346,0.7026
SPADES ACE SPADES SEVEN,0.3288,0.0058,0.6654
SPADES QUEEN DIAMONDS FOUR,0.268,0.0502,0.6818
SPADES QUEEN SPADES SEVEN,0.341,0.015,0.644
CLUBS JACK DIAMONDS SIX,0.3534,0.0254,0.6212
SPADES KING SPADES SEVEN,0.3462,0.0094,0.6444
SPADES ACE DIAMONDS FOUR,0.2482,0.0218,0.73
CLUBS TEN DIAMONDS SIX,0.3628,0.0298,0.6074
SPADES JACK DIAMONDS FOUR,0.2686,0.0614,0.67
SPADES TEN DIAMONDS FOUR,0.258,0.0914,0.6506
CLUBS SEVEN SPADES EIGHT,0.3268,0.0596,0.6136
CLUBS SEVEN SPADES NINE,0.3272,0.0448,0.628
CLUBS SEVEN SPADES SIX,0.3176,0.098,0.5844
CLUBS SEVEN SPADES SEVEN,0.1422,0.1166,0.7412
CLUBS SEVEN SPADES FIVE,0.3328,0.0984,0.5688
CLUBS SEVEN SPADES FOUR,0.2436,0.2102,0.5462
CLUBS SEVEN SPADES TWO,0.4168,0.1104,0.4728
CLUBS NINE CLUBS SEVEN,0.3236,0.0472,0.6292
CLUBS SEVEN CLUBS EIGHT,0.3062,0.06,0.6338
HEARTS SIX DIAMONDS FIVE,0.322,0.1518,0.5262
DIAMONDS FIVE HEARTS SEVEN,0.3422,0.0964,0.5614
DIAMONDS FIVE HEARTS EIGHT,0.35,0.0692,0.5808
HEARTS NINE DIAMONDS FIVE,0.3626,0.0428,0.5946
DIAMONDS QUEEN DIAMONDS FIVE,0.345,0.0108,0.6442
HEARTS TWO DIAMONDS FIVE,0.383,0.2502,0.3668
HEARTS KING HEARTS EIGHT,0.3452,0.0072,0.6476
DIAMONDS KING DIAMONDS FIVE,0.338,0.0086,0.6534
HEARTS THREE DIAMONDS FIVE,0.227,0.3688,0.4042
HEARTS QUEEN HEARTS EIGHT,0.3456,0.0112,0.6432
DIAMONDS ACE DIAMONDS FIVE,0.3092,0.006,0.6848
HEARTS FOUR DIAMONDS FIVE,0.2244,0.3586,0.417
HEARTS FIVE DIAMONDS FIVE,0.1308,0.146,0.7232
HEARTS ACE HEARTS EIGHT,0.3342,0.003,0.6628
CLUBS FIVE DIAMONDS FIVE,0.1116,0.158,0.7304
CLUBS SIX DIAMONDS FIVE,0.3188,0.1538,0.5274
CLUBS SEVEN DIAMONDS FIVE,0.333,0.113,0.554
CLUBS TWO DIAMONDS FIVE,0.3784,0.2502,0.3714
CLUBS THREE DIAMONDS FIVE,0.2288,0.3802,0.391
SPADES TWO DIAMONDS FIVE,0.3826,0.2514,0.366
SPADES JACK DIAMONDS EIGHT,0.3432,0.0164,0.6404
SPADES FIVE DIAMONDS FIVE,0.1172,0.1446,0.7382
CLUBS TEN HEARTS JACK,0.3398,0.012,0.6482
SPADES TEN DIAMONDS EIGHT,0.3478,0.0248,0.6274
SPADES FOUR DIAMONDS FIVE,0.204,0.375,0.421
HEARTS JACK CLUBS JACK,0.1546,0.0526,0.7928
HEARTS JACK CLUBS QUEEN,0.3634,0.0126,0.624
CLUBS NINE DIAMONDS FIVE,0.3642,0.0466,0.5892
HEARTS JACK CLUBS KING,0.3526,0.0088,0.6386
CLUBS EIGHT DIAMONDS FIVE,0.3378,0.0696,0.5926
HEARTS JACK CLUBS ACE,0.3496,0.0056,0.6448
SPADES SEVEN DIAMONDS FIVE,0.3244,0.1008,0.5748
SPADES KING DIAMONDS EIGHT,0.3568,0.0088,0.6344
SPADES QUEEN DIAMONDS EIGHT,0.365,0.011,0.624
SPADES SIX DIAMONDS FIVE,0.3134,0.1512,0.5354
SPADES NINE DIAMONDS FIVE,0.351,0.0482,0.6008
SPADES EIGHT DIAMONDS FIVE,0.3358,0.067,0.5972
SPADES ACE DIAMONDS EIGHT,0.3476,0.0066,0.6458
DIAMONDS TEN DIAMONDS SIX,0.341,0.0288,0.6302
HEARTS ACE DIAMONDS SEVEN,0.3576,0.0042,0.6382
DIAMONDS JACK DIAMONDS SIX,0.3444,0.019,0.6366
HEARTS QUEEN DIAMONDS SEVEN,0.3682,0.0094,0.6224
HEARTS KING DIAMONDS SEVEN,0.3656,0.0096,0.6248
DIAMONDS ACE DIAMONDS SIX,0.3334,0.0062,0.6604
HEARTS FOUR DIAMONDS SIX,0.2532,0.2688,0.478
HEARTS JACK SPADES TWO,0.4188,0.0226,0.5586
HEARTS FIVE DIAMONDS SIX,0.314,0.1592,0.5268
SPADES TWO HEARTS TEN,0.411,0.0306,0.5584
DIAMONDS QUEEN DIAMONDS SIX,0.3464,0.0106,0.643
HEARTS TWO DIAMONDS SIX,0.4018,0.1638,0.4344
DIAMONDS KING DIAMONDS SIX,0.337,0.0106,0.6524
HEARTS THREE DIAMONDS SIX,0.2582,0.2644,0.4774
HEARTS EIGHT DIAMONDS SIX,0.3364,0.0628,0.6008
HEARTS NINE DIAMONDS SIX,0.336,0.0498,0.6142
HEARTS SIX DIAMONDS SIX,0.1458,0.1338,0.7204
HEARTS SEVEN DIAMONDS SIX,0.34,0.096,0.564
HEARTS TEN DIAMONDS SEVEN,0.3596,0.0316,0.6088
CLUBS TWO DIAMONDS SIX,0.4084,0.1536,0.438
HEARTS JACK DIAMONDS SEVEN,0.3594,0.0188,0.6218
CLUBS THREE DIAMONDS SIX,0.2532,0.264,0.4828
CLUBS SEVEN DIAMONDS SIX,0.3244,0.1066,0.569
DIAMONDS EIGHT CLUBS JACK,0.3486,0.0174,0.634
CLUBS SIX DIAMONDS SIX,0.1272,0.1244,0.7484
CLUBS TEN DIAMONDS EIGHT,0.3574,0.0234,0.6192
CLUBS FIVE DIAMONDS SIX,0.3226,0.149,0.5284
HEARTS ACE HEARTS JACK,0.3492,0.0046,0.6462
DIAMONDS EIGHT CLUBS ACE,0.3524,0.004,0.6436
HEARTS JACK HEARTS QUEEN,0.3428,0.011,0.6462
DIAMONDS EIGHT CLUBS KING,0.3518,0.0094,0.6388
CLUBS NINE DIAMONDS SIX,0.362,0.0406,0.5974
HEARTS KING HEARTS JACK,0.3356,0.0076,0.6568
DIAMONDS EIGHT CLUBS QUEEN,0.358,0.0148,0.6272
CLUBS EIGHT DIAMONDS SIX,0.3402,0.063,0.5968
SPADES TEN HEARTS KING,0.3512,0.0086,0.6402
SPADES FIVE DIAMONDS SIX,0.3248,0.1516,0.5236
HEARTS ACE SPADES TWO,0.3962,0.0042,0.5996
SPADES JACK HEARTS KING,0.3624,0.0084,0.6292
SPADES FOUR DIAMONDS SIX,0.2364,0.2754,0.4882
SPADES TWO HEARTS QUEEN,0.4136,0.0154,0.571
SPADES ACE SPADES KING,0.3418,0.0046,0.6536
HEARTS KING SPADES TWO,0.4128,0.009,0.5782
SPADES TWO DIAMONDS SIX,0.399,0.1718,0.4292
HEARTS TEN HEARTS EIGHT,0.337,0.0198,0.6432
SPADES NINE DIAMONDS SIX,0.3494,0.0436,0.607
HEARTS JACK HEARTS EIGHT,0.3378,0.0164,0.6458
SPADES EIGHT DIAMONDS SIX,0.3328,0.0688,0.5984
SPADES SEVEN DIAMONDS SIX,0.3244,0.0924,0.5832
SPADES SIX DIAMONDS SIX,0.1358,0.1366,0.7276
SPADES KING HEARTS KING,0.1576,0.019,0.8234
SPADES QUEEN HEARTS KING,0.3494,0.0092,0.6414
CLUBS ACE CLUBS KING,0.3424,0.0056,0.652
SPADES ACE HEARTS KING,0.3538,0.0056,0.6406
SPADES ACE HEARTS JACK,0.3576,0.0054,0.637
SPADES QUEEN HEARTS JACK,0.351,0.013,0.636
SPADES KING HEARTS JACK,0.3522,0.0062,0.6416
SPADES TEN DIAMONDS TEN,0.1668,0.0664,0.7668
SPADES JACK DIAMONDS TEN,0.3374,0.0182,0.6444
SPADES ACE DIAMONDS TEN,0.3596,0.0038,0.6366
SPADES JACK HEARTS JACK,0.1608,0.0496,0.7896
SPADES TEN HEARTS JACK,0.3548,0.0148,0.6304
SPADES QUEEN DIAMONDS TEN,0.351,0.0142,0.6348
SPADES KING DIAMONDS TEN,0.355,0.0088,0.6362
SPADES NINE DIAMONDS SEVEN,0.3506,0.0446,0.6048
SPADES EIGHT DIAMONDS SEVEN,0.3268,0.0648,0.6084
SPADES SEVEN DIAMONDS SEVEN,0.1472,0.1192,0.7336
SPADES SIX DIAMONDS SEVEN,0.3334,0.0984,0.5682
DIAMONDS KING DIAMONDS SEVEN,0.3448,0.0096,0.6456
HEARTS THREE DIAMONDS SEVEN,0.2658,0.1964,0.5378
HEARTS KING DIAMONDS FIVE,0.3688,0.009,0.6222
DIAMONDS QUEEN DIAMONDS SEVEN,0.3464,0.0148,0.6388
HEARTS TWO DIAMONDS SEVEN,0.4162,0.1056,0.4782
HEARTS QUEEN DIAMONDS FIVE,0.3728,0.0122,0.615
HEARTS FIVE DIAMONDS SEVEN,0.325,0.1088,0.5662
DIAMONDS ACE DIAMONDS SEVEN,0.3304,0.0056,0.664
HEARTS FOUR DIAMONDS SEVEN,0.254,0.1964,0.5496
HEARTS ACE DIAMONDS FIVE,0.3442,0.0068,0.649
HEARTS SEVEN DIAMONDS SEVEN,0.1658,0.1132,0.721
HEARTS SIX DIAMONDS SEVEN,0.3394,0.0926,0.568
HEARTS NINE DIAMONDS SEVEN,0.3482,0.0444,0.6074
DIAMONDS SEVEN HEARTS EIGHT,0.3326,0.0658,0.6016
DIAMONDS JACK DIAMONDS SEVEN,0.3468,0.0202,0.633
HEARTS JACK DIAMONDS FIVE,0.359,0.0178,0.6232
DIAMONDS TEN DIAMONDS SEVEN,0.3312,0.025,0.6438
DIAMONDS FIVE HEARTS TEN,0.3652,0.027,0.6078
SPADES KING CLUBS TWO,0.4094,0.01,0.5806
HEARTS KING CLUBS KING,0.1674,0.02,0.8126
CLUBS EIGHT DIAMONDS SEVEN,0.327,0.0644,0.6086
SPADES QUEEN CLUBS TWO,0.4108,0.0144,0.5748
HEARTS KING CLUBS QUEEN,0.3556,0.0086,0.6358
CLUBS NINE DIAMONDS SEVEN,0.341,0.0406,0.6184
SPADES TWO CLUBS JACK,0.405,0.0214,0.5736
SPADES ACE CLUBS TWO,0.397,0.0066,0.5964
CLUBS TEN SPADES TWO,0.4158,0.0314,0.5528
HEARTS KING CLUBS ACE,0.345,0.0038,0.6512
CLUBS SEVEN CLUBS SIX,0.3102,0.0928,0.597
SPADES TWO CLUBS KING,0.4086,0.012,0.5794
SPADES TWO DIAMONDS SEVEN,0.4146,0.1108,0.4746
CLUBS EIGHT CLUBS SIX,0.3372,0.066,0.5968
SPADES TWO CLUBS QUEEN,0.4206,0.0126,0.5668
CLUBS NINE CLUBS SIX,0.3398,0.0456,0.6146
SPADES FOUR DIAMONDS SEVEN,0.2522,0.1928,0.555
HEARTS KING CLUBS JACK,0.3478,0.009,0.6432
SPADES FIVE DIAMONDS SEVEN,0.3318,0.1148,0.5534
SPADES TWO CLUBS ACE,0.3964,0.009,0.5946
CLUBS TEN HEARTS KING,0.3596,0.007,0.6334
CLUBS SIX SPADES TWO,0.3932,0.1678,0.439
CLUBS TWO DIAMONDS SEVEN,0.3994,0.111,0.4896
CLUBS SIX SPADES FOUR,0.232,0.2862,0.4818
CLUBS THREE DIAMONDS SEVEN,0.2694,0.1982,0.5324
CLUBS SIX SPADES FIVE,0.3056,0.156,0.5384
CLUBS SIX SPADES SIX,0.1284,0.1328,0.7388
CLUBS FIVE DIAMONDS SEVEN,0.3376,0.1032,0.5592
CLUBS SIX SPADES SEVEN,0.3132,0.1006,0.5862
CLUBS SIX DIAMONDS SEVEN,0.3194,0.0902,0.5904
CLUBS SIX SPADES EIGHT,0.3268,0.0694,0.6038
SPADES JACK CLUBS TWO,0.4036,0.0214,0.575
CLUBS SEVEN DIAMONDS SEVEN,0.1444,0.114,0.7416
SPADES NINE CLUBS SIX,0.3426,0.0446,0.6128
SPADES TEN CLUBS TWO,0.409,0.033,0.558
CLUBS TWO CLUBS QUEEN,0.3892,0.0166,0.5942
CLUBS TWO CLUBS KING,0.3966,0.009,0.5944
CLUBS THREE DIAMONDS EIGHT,0.2786,0.1458,0.5756
CLUBS TWO CLUBS ACE,0.3808,0.007,0.6122
CLUBS TWO DIAMONDS EIGHT,0.4082,0.072,0.5198
DIAMONDS EIGHT HEARTS SEVEN,0.3356,0.062,0.6024
HEARTS SIX DIAMONDS EIGHT,0.327,0.0656,0.6074
DIAMONDS EIGHT HEARTS NINE,0.3286,0.0412,0.6302
CLUBS TEN CLUBS TWO,0.381,0.0342,0.5848
DIAMONDS EIGHT HEARTS EIGHT,0.1712,0.1042,0.7246
CLUBS TWO CLUBS JACK,0.3972,0.0194,0.5834
CLUBS NINE DIAMONDS EIGHT,0.3236,0.0394,0.637
CLUBS EIGHT DIAMONDS EIGHT,0.161,0.1,0.739
CLUBS FIVE DIAMONDS EIGHT,0.3486,0.0714,0.58
CLUBS SEVEN DIAMONDS EIGHT,0.3274,0.0578,0.6148
CLUBS SIX DIAMONDS EIGHT,0.34,0.0672,0.5928
DIAMONDS QUEEN DIAMONDS EIGHT,0.3398,0.0132,0.647
HEARTS TWO DIAMONDS EIGHT,0.4064,0.0738,0.5198
DIAMONDS KING DIAMONDS EIGHT,0.341,0.008,0.651
HEARTS THREE DIAMONDS EIGHT,0.27,0.141,0.589
DIAMONDS ACE DIAMONDS EIGHT,0.3262,0.0052,0.6686
HEARTS FOUR DIAMONDS EIGHT,0.2682,0.147,0.5848
HEARTS FIVE DIAMONDS EIGHT,0.353,0.0608,0.5862
DIAMONDS EIGHT DIAMONDS TEN,0.3242,0.024,0.6518
DIAMONDS EIGHT DIAMONDS JACK,0.3434,0.0118,0.6448
CLUBS SIX HEARTS TEN,0.3588,0.0268,0.6144
CLUBS SIX HEARTS JACK,0.361,0.0216,0.6174
DIAMONDS EIGHT SPADES FOUR,0.2474,0.1492,0.6034
SPADES FIVE DIAMONDS EIGHT,0.3366,0.0698,0.5936
DIAMONDS EIGHT SPADES TWO,0.4076,0.0752,0.5172
SPADES EIGHT DIAMONDS EIGHT,0.1524,0.0998,0.7478
SPADES TEN DIAMONDS QUEEN,0.3428,0.0146,0.6426
SPADES TEN HEARTS TWO,0.407,0.03,0.563
SPADES JACK HEARTS EIGHT,0.357,0.017,0.626
SPADES NINE DIAMONDS EIGHT,0.334,0.0358,0.6302
SPADES TEN HEARTS EIGHT,0.3428,0.0254,0.6318
SPADES JACK HEARTS TWO,0.4094,0.0186,0.572
SPADES JACK DIAMONDS QUEEN,0.3524,0.0128,0.6348
SPADES SIX DIAMONDS EIGHT,0.3456,0.0688,0.5856
SPADES SEVEN DIAMONDS EIGHT,0.3346,0.0656,0.5998
SPADES ACE HEARTS TWO,0.386,0.0078,0.6062
SPADES ACE DIAMONDS QUEEN,0.3392,0.0064,0.6544
SPADES ACE HEARTS EIGHT,0.348,0.0058,0.6462
SPADES KING HEARTS EIGHT,0.3478,0.0064,0.6458
SPADES QUEEN HEARTS TWO,0.4066,0.0152,0.5782
SPADES QUEEN DIAMONDS QUEEN,0.1628,0.035,0.8022
SPADES KING DIAMONDS QUEEN,0.356,0.009,0.635
SPADES KING HEARTS TWO,0.416,0.0086,0.5754
SPADES QUEEN HEARTS EIGHT,0.3508,0.0138,0.6354
CLUBS TWO HEARTS TEN,0.4256,0.0354,0.539
CLUBS TWO HEARTS JACK,0.4164,0.0246,0.559
SPADES SEVEN DIAMONDS NINE,0.3422,0.0464,0.6114
SPADES SIX DIAMONDS NINE,0.3358,0.0404,0.6238
SPADES NINE DIAMONDS NINE,0.162,0.0818,0.7562
SPADES EIGHT DIAMONDS NINE,0.3178,0.036,0.6462
SPADES TEN CLUBS KING,0.3326,0.0078,0.6596
SPADES JACK CLUBS KING,0.3412,0.0096,0.6492
DIAMONDS NINE SPADES TWO,0.4118,0.0512,0.537
DIAMONDS NINE SPADES FIVE,0.3456,0.0452,0.6092
DIAMONDS NINE SPADES FOUR,0.2696,0.1054,0.625
CLUBS NINE DIAMONDS NINE,0.1638,0.0878,0.7484
CLUBS EIGHT DIAMONDS NINE,0.3194,0.0402,0.6404
CLUBS SIX DIAMONDS NINE,0.3478,0.036,0.6162
CLUBS SEVEN DIAMONDS NINE,0.3476,0.0426,0.6098
CLUBS FIVE DIAMONDS NINE,0.349,0.0448,0.6062
CLUBS TWO DIAMONDS NINE,0.4082,0.0408,0.551
CLUBS THREE DIAMONDS NINE,0.2688,0.1044,0.6268
DIAMONDS NINE HEARTS EIGHT,0.3372,0.0386,0.6242
DIAMONDS NINE HEARTS NINE,0.166,0.0872,0.7468
HEARTS SIX DIAMONDS NINE,0.3558,0.0434,0.6008
DIAMONDS NINE HEARTS SEVEN,0.352,0.0424,0.6056
CLUBS NINE CLUBS EIGHT,0.3188,0.04,0.6412
DIAMONDS ACE DIAMONDS NINE,0.3434,0.0026,0.654
HEARTS FOUR DIAMONDS NINE,0.28,0.1108,0.6092
HEARTS FIVE DIAMONDS NINE,0.3564,0.0448,0.5988
CLUBS TWO HEARTS ACE,0.4044,0.007,0.5886
DIAMONDS QUEEN DIAMONDS NINE,0.335,0.0134,0.6516
HEARTS TWO DIAMONDS NINE,0.4296,0.0458,0.5246
CLUBS TWO HEARTS KING,0.4204,0.01,0.5696
DIAMONDS KING DIAMONDS NINE,0.3348,0.0088,0.6564
HEARTS THREE DIAMONDS NINE,0.2834,0.1114,0.6052
CLUBS TWO HEARTS QUEEN,0.4004,0.0152,0.5844
DIAMONDS NINE DIAMONDS JACK,0.3294,0.0132,0.6574
CLUBS EIGHT SPADES NINE,0.3202,0.0412,0.6386
DIAMONDS NINE DIAMONDS TEN,0.334,0.0242,0.6418
CLUBS EIGHT SPADES EIGHT,0.1522,0.0996,0.7482
CLUBS EIGHT SPADES SEVEN,0.3146,0.0668,0.6186
CLUBS EIGHT SPADES SIX,0.3378,0.0672,0.595
CLUBS EIGHT SPADES FIVE,0.3336,0.0662,0.6002
CLUBS EIGHT SPADES FOUR,0.2512,0.1506,0.5982
CLUBS EIGHT SPADES TWO,0.3882,0.0754,0.5364
HEARTS SIX DIAMONDS TEN,0.3584,0.027,0.6146
DIAMONDS TEN HEARTS SEVEN,0.3574,0.029,0.6136
DIAMONDS TEN HEARTS EIGHT,0.3506,0.023,0.6264
DIAMONDS TEN HEARTS NINE,0.3442,0.0238,0.632
CLUBS TWO DIAMONDS TEN,0.4126,0.0298,0.5576
CLUBS THREE DIAMONDS TEN,0.277,0.0784,0.6446
DIAMONDS JACK DIAMONDS TEN,0.3232,0.0174,0.6594
DIAMONDS QUEEN DIAMONDS TEN,0.336,0.012,0.652
HEARTS TWO DIAMONDS TEN,0.4212,0.0326,0.5462
DIAMONDS KING DIAMONDS TEN,0.3338,0.0076,0.6586
HEARTS THREE DIAMONDS TEN,0.2726,0.0808,0.6466
DIAMONDS ACE DIAMONDS TEN,0.3332,0.0054,0.6614
HEARTS FOUR DIAMONDS TEN,0.281,0.0762,0.6428
CLUBS EIGHT HEARTS JACK,0.3618,0.0186,0.6196
HEARTS FIVE DIAMONDS TEN,0.3718,0.0312,0.597
CLUBS EIGHT HEARTS TEN,0.355,0.0286,0.6164
CLUBS EIGHT HEARTS QUEEN,0.3444,0.0136,0.642
CLUBS EIGHT HEARTS KING,0.365,0.0068,0.6282
CLUBS EIGHT HEARTS ACE,0.3536,0.0056,0.6408
CLUBS NINE SPADES TWO,0.3972,0.0486,0.5542
CLUBS NINE SPADES FIVE,0.3464,0.0446,0.609
CLUBS NINE SPADES FOUR,0.2764,0.1076,0.616
CLUBS NINE SPADES SEVEN,0.3388,0.0452,0.616
CLUBS NINE SPADES SIX,0.3444,0.0448,0.6108
CLUBS NINE SPADES NINE,0.1456,0.0898,0.7646
CLUBS TEN HEARTS EIGHT,0.3588,0.0302,0.611
CLUBS NINE SPADES EIGHT,0.3262,0.0378,0.636
CLUBS JACK HEARTS EIGHT,0.3478,0.019,0.6332
CLUBS QUEEN HEARTS EIGHT,0.3482,0.0122,0.6396
CLUBS KING HEARTS EIGHT,0.3538,0.0096,0.6366
CLUBS ACE HEARTS EIGHT,0.353,0.0034,0.6436
SPADES KING CLUBS KING,0.1538,0.0188,0.8274
SPADES QUEEN CLUBS KING,0.3492,0.0082,0.6426
SPADES ACE CLUBS KING,0.346,0.008,0.646
DIAMONDS ACE HEARTS TEN,0.3604,0.004,0.6356
HEARTS FOUR HEARTS TEN,0.259,0.0802,0.6608
DIAMONDS ACE HEARTS JACK,0.3536,0.0054,0.641
HEARTS FOUR HEARTS JACK,0.2526,0.0588,0.6886
SPADES KING CLUBS FIVE,0.3484,0.0112,0.6404
SPADES QUEEN CLUBS FIVE,0.3458,0.0162,0.638
SPADES ACE CLUBS FIVE,0.3232,0.0054,0.6714
DIAMONDS JACK HEARTS SEVEN,0.3682,0.0192,0.6126
HEARTS SIX DIAMONDS JACK,0.3624,0.0178,0.6198
DIAMONDS JACK HEARTS NINE,0.367,0.0208,0.6122
DIAMONDS JACK HEARTS EIGHT,0.3798,0.0162,0.604
DIAMONDS KING DIAMONDS JACK,0.3518,0.0066,0.6416
HEARTS THREE DIAMONDS JACK,0.2782,0.0564,0.6654
SPADES ACE SPADES SIX,0.3354,0.0068,0.6578
HEARTS ACE SPADES FOUR,0.248,0.0234,0.7286
DIAMONDS QUEEN DIAMONDS JACK,0.3238,0.012,0.6642
HEARTS TWO DIAMONDS JACK,0.4106,0.0228,0.5666
HEARTS FIVE DIAMONDS JACK,0.3682,0.0194,0.6124
SPADES QUEEN SPADES SIX,0.3344,0.0158,0.6498
SPADES FOUR HEARTS QUEEN,0.2718,0.0456,0.6826
DIAMONDS ACE DIAMONDS JACK,0.3304,0.006,0.6636
HEARTS FOUR DIAMONDS JACK,0.2742,0.0594,0.6664
SPADES KING SPADES SIX,0.3322,0.0112,0.6566
HEARTS KING SPADES FOUR,0.2638,0.0352,0.701
SPADES TEN SPADES SIX,0.345,0.0286,0.6264
SPADES JACK SPADES SIX,0.3426,0.0186,0.6388
SPADES FOUR DIAMONDS JACK,0.2626,0.0616,0.6758
SPADES FIVE DIAMONDS JACK,0.3532,0.0202,0.6266
DIAMONDS JACK SPADES TWO,0.4092,0.0218,0.569
SPADES ACE DIAMONDS THREE,0.2466,0.0178,0.7356
SPADES QUEEN DIAMONDS THREE,0.2736,0.0414,0.685
CLUBS EIGHT DIAMONDS JACK,0.3536,0.0188,0.6276
SPADES KING DIAMONDS THREE,0.2654,0.032,0.7026
CLUBS NINE DIAMONDS JACK,0.3512,0.0212,0.6276
CLUBS SIX DIAMONDS JACK,0.359,0.0192,0.6218
CLUBS SEVEN DIAMONDS JACK,0.3646,0.0184,0.617
CLUBS FIVE DIAMONDS JACK,0.3526,0.0238,0.6236
CLUBS TWO DIAMONDS JACK,0.4222,0.0224,0.5554
CLUBS THREE DIAMONDS JACK,0.27,0.0558,0.6742
SPADES TEN CLUBS FIVE,0.362,0.0288,0.6092
HEARTS SIX SPADES JACK,0.3684,0.0184,0.6132
HEARTS SIX SPADES TEN,0.3454,0.0326,0.622
SPADES JACK CLUBS FIVE,0.3528,0.019,0.6282
SPADES JACK DIAMONDS THREE,0.2732,0.0624,0.6644
CLUBS SEVEN CLUBS ACE,0.3394,0.0068,0.6538
DIAMONDS THREE SPADES TEN,0.2768,0.0772,0.646
CLUBS SEVEN CLUBS QUEEN,0.3508,0.0124,0.6368
CLUBS SEVEN CLUBS KING,0.336,0.0108,0.6532
SPADES NINE DIAMONDS JACK,0.3506,0.017,0.6324
CLUBS TEN CLUBS SEVEN,0.3422,0.0246,0.6332
DIAMONDS ACE HEARTS ACE,0.1506,0.0038,0.8456
HEARTS FOUR HEARTS ACE,0.2384,0.0198,0.7418
SPADES EIGHT DIAMONDS JACK,0.3454,0.0182,0.6364
SPADES ACE HEARTS SIX,0.3518,0.0048,0.6434
CLUBS SEVEN CLUBS JACK,0.3494,0.0194,0.6312
DIAMONDS ACE HEARTS KING,0.361,0.0048,0.6342
HEARTS FOUR HEARTS KING,0.252,0.0362,0.7118
SPADES SEVEN DIAMONDS JACK,0.3506,0.0214,0.628
SPADES KING HEARTS SIX,0.344,0.0116,0.6444
DIAMONDS ACE HEARTS QUEEN,0.3554,0.0044,0.6402
HEARTS FOUR HEARTS QUEEN,0.2484,0.0466,0.705
SPADES QUEEN HEARTS SIX,0.3538,0.0178,0.6284
SPADES SIX DIAMONDS JACK,0.3658,0.0188,0.6154
SPADES TWO DIAMONDS TEN,0.4068,0.0362,0.557
SPADES FOUR DIAMONDS TEN,0.2658,0.0792,0.655
SPADES FIVE DIAMONDS TEN,0.3508,0.03,0.6192
SPADES SIX DIAMONDS TEN,0.3482,0.0302,0.6216
SPADES SEVEN DIAMONDS TEN,0.3446,0.0264,0.629
SPADES EIGHT DIAMONDS TEN,0.3456,0.0254,0.629
SPADES NINE DIAMONDS TEN,0.334,0.0276,0.6384
CLUBS FIVE DIAMONDS TEN,0.351,0.0304,0.6186
CLUBS SIX DIAMONDS TEN,0.3598,0.0288,0.6114
CLUBS SEVEN DIAMONDS TEN,0.3464,0.0304,0.6232
CLUBS EIGHT DIAMONDS TEN,0.3278,0.0264,0.6458
CLUBS NINE DIAMONDS TEN,0.3426,0.0232,0.6342
DIAMONDS THREE CLUBS JACK,0.2686,0.0606,0.6708
CLUBS TEN DIAMONDS THREE,0.2782,0.0804,0.6414
DIAMONDS THREE CLUBS KING,0.2674,0.0294,0.7032
DIAMONDS THREE CLUBS QUEEN,0.2718,0.0464,0.6818
DIAMONDS THREE CLUBS ACE,0.2518,0.0212,0.727
SPADES FOUR HEARTS JACK,0.2696,0.0568,0.6736
SPADES FOUR HEARTS TEN,0.2634,0.0868,0.6498
SPADES FIVE SPADES TWO,0.375,0.2278,0.3972
SPADES FOUR SPADES TWO,0.2678,0.4872,0.245
SPADES NINE SPADES TWO,0.3848,0.0486,0.5666
SPADES EIGHT SPADES TWO,0.4002,0.068,0.5318
SPADES SEVEN SPADES TWO,0.3904,0.1008,0.5088
SPADES SIX SPADES TWO,0.398,0.1482,0.4538
DIAMONDS QUEEN CLUBS THREE,0.2772,0.0488,0.674
HEARTS TWO CLUBS THREE,0.2878,0.4922,0.22
DIAMONDS QUEEN CLUBS TWO,0.4118,0.0146,0.5736
CLUBS TWO HEARTS TWO,0.3202,0.166,0.5138
DIAMONDS QUEEN HEARTS SEVEN,0.358,0.0118,0.6302
HEARTS TWO HEARTS SEVEN,0.3826,0.0994,0.518
HEARTS SIX DIAMONDS QUEEN,0.3654,0.0134,0.6212
HEARTS SIX HEARTS TWO,0.3784,0.1518,0.4698
DIAMONDS QUEEN HEARTS NINE,0.3592,0.012,0.6288
HEARTS TWO HEARTS NINE,0.3716,0.042,0.5864
DIAMONDS QUEEN HEARTS EIGHT,0.369,0.009,0.622
HEARTS TWO HEARTS EIGHT,0.3812,0.067,0.5518
CLUBS NINE HEARTS TWO,0.406,0.0478,0.5462
CLUBS NINE DIAMONDS QUEEN,0.3558,0.012,0.6322
CLUBS EIGHT HEARTS TWO,0.404,0.0704,0.5256
CLUBS EIGHT DIAMONDS QUEEN,0.3436,0.0114,0.645
CLUBS FIVE DIAMONDS QUEEN,0.352,0.0138,0.6342
CLUBS FIVE HEARTS TWO,0.3848,0.253,0.3622
SPADES EIGHT HEARTS ACE,0.3522,0.0044,0.6434
CLUBS SEVEN DIAMONDS QUEEN,0.34,0.0126,0.6474
CLUBS SEVEN HEARTS TWO,0.4084,0.1092,0.4824
SPADES EIGHT HEARTS QUEEN,0.3484,0.0136,0.638
CLUBS SIX DIAMONDS QUEEN,0.353,0.0132,0.6338
CLUBS SIX HEARTS TWO,0.3858,0.1642,0.45
SPADES EIGHT HEARTS KING,0.3446,0.0082,0.6472
HEARTS TWO SPADES SIX,0.4104,0.1616,0.428
DIAMONDS QUEEN SPADES SIX,0.3468,0.0138,0.6394
HEARTS FOUR CLUBS QUEEN,0.2732,0.0488,0.678
DIAMONDS ACE CLUBS QUEEN,0.367,0.0038,0.6292
DIAMONDS QUEEN SPADES SEVEN,0.365,0.0114,0.6236
HEARTS TWO SPADES SEVEN,0.4052,0.1098,0.485
HEARTS FOUR CLUBS KING,0.2578,0.0346,0.7076
DIAMONDS ACE CLUBS KING,0.3662,0.0066,0.6272
DIAMONDS QUEEN SPADES EIGHT,0.3422,0.0154,0.6424
SPADES EIGHT HEARTS TWO,0.3932,0.065,0.5418
HEARTS FOUR CLUBS ACE,0.2482,0.0248,0.727
DIAMONDS ACE CLUBS ACE,0.1554,0.0048,0.8398
SPADES NINE DIAMONDS QUEEN,0.3564,0.0116,0.632
SPADES NINE HEARTS TWO,0.4056,0.0448,0.5496
HEARTS TWO SPADES TWO,0.332,0.1642,0.5038
DIAMONDS QUEEN SPADES TWO,0.4192,0.0148,0.566
HEARTS TWO SPADES FOUR,0.2618,0.511,0.2272
DIAMONDS QUEEN SPADES FOUR,0.2552,0.0522,0.6926
HEARTS FOUR CLUBS TEN,0.2734,0.0784,0.6482
CLUBS TEN DIAMONDS ACE,0.3494,0.0044,0.6462
HEARTS TWO SPADES FIVE,0.3672,0.2562,0.3766
DIAMONDS QUEEN SPADES FIVE,0.3558,0.0162,0.628
HEARTS FOUR CLUBS JACK,0.269,0.0684,0.6626
DIAMONDS ACE CLUBS JACK,0.3484,0.006,0.6456
CLUBS FIVE CLUBS KING,0.3406,0.012,0.6474
CLUBS FIVE CLUBS QUEEN,0.3464,0.0162,0.6374
CLUBS FIVE CLUBS ACE,0.331,0.0056,0.6634
CLUBS FIVE CLUBS JACK,0.3326,0.023,0.6444
CLUBS TEN CLUBS FIVE,0.3338,0.0332,0.633
SPADES KING CLUBS JACK,0.3592,0.009,0.6318
SPADES QUEEN CLUBS JACK,0.3534,0.0118,0.6348
SPADES ACE CLUBS JACK,0.3536,0.0058,0.6406
SPADES SIX CLUBS KING,0.3482,0.0088,0.643
SPADES SIX CLUBS QUEEN,0.3584,0.0154,0.6262
SPADES EIGHT HEARTS JACK,0.357,0.0188,0.6242
SPADES SIX CLUBS ACE,0.3464,0.0052,0.6484
SPADES EIGHT HEARTS TEN,0.345,0.0252,0.6298
SPADES SIX CLUBS JACK,0.3524,0.022,0.6256
CLUBS TEN SPADES SIX,0.358,0.0326,0.6094
SPADES TEN CLUBS JACK,0.332,0.0188,0.6492
SPADES JACK CLUBS JACK,0.1544,0.0532,0.7924
SPADES QUEEN CLUBS SEVEN,0.3554,0.0142,0.6304
SPADES KING CLUBS SEVEN,0.3618,0.0116,0.6266
SPADES ACE CLUBS SEVEN,0.3388,0.0042,0.657
SPADES SIX HEARTS TEN,0.3532,0.028,0.6188
SPADES SIX HEARTS JACK,0.3512,0.0186,0.6302
SPADES SIX HEARTS ACE,0.3648,0.0056,0.6296
SPADES SIX HEARTS KING,0.3478,0.0096,0.6426
SPADES SIX HEARTS QUEEN,0.3658,0.0146,0.6196
CLUBS SEVEN SPADES JACK,0.3502,0.0194,0.6304
CLUBS SEVEN SPADES TEN,0.3348,0.0292,0.636
CLUBS TEN HEARTS SIX,0.3602,0.0244,0.6154
HEARTS SIX CLUBS JACK,0.3566,0.02,0.6234
CLUBS ACE CLUBS JACK,0.3412,0.0058,0.653
HEARTS SIX CLUBS QUEEN,0.3624,0.0138,0.6238
HEARTS SIX CLUBS KING,0.3582,0.0088,0.633
HEARTS SIX CLUBS ACE,0.3448,0.0064,0.6488
CLUBS QUEEN CLUBS JACK,0.3294,0.0094,0.6612
CLUBS KING CLUBS JACK,0.3366,0.0084,0.655
DIAMONDS THREE HEARTS ACE,0.255,0.0144,0.7306
DIAMONDS THREE HEARTS QUEEN,0.284,0.0404,0.6756
DIAMONDS THREE HEARTS KING,0.2628,0.027,0.7102
CLUBS FIVE HEARTS JACK,0.3604,0.0212,0.6184
SPADES TEN DIAMONDS ACE,0.3472,0.0044,0.6484
HEARTS FOUR SPADES TEN,0.2642,0.0858,0.65
CLUBS FIVE HEARTS TEN,0.3572,0.0296,0.6132
HEARTS FOUR SPADES JACK,0.2674,0.069,0.6636
SPADES JACK DIAMONDS ACE,0.3526,0.0042,0.6432
SPADES ACE HEARTS FOUR,0.2428,0.0266,0.7306
SPADES ACE DIAMONDS ACE,0.1456,0.0036,0.8508
CLUBS FIVE HEARTS ACE,0.3332,0.0058,0.661
CLUBS FIVE HEARTS KING,0.3546,0.0092,0.6362
HEARTS FOUR SPADES QUEEN,0.2744,0.043,0.6826
SPADES QUEEN DIAMONDS ACE,0.354,0.0062,0.6398
SPADES FOUR CLUBS JACK,0.2508,0.0624,0.6868
CLUBS FIVE HEARTS QUEEN,0.3564,0.0174,0.6262
SPADES KING DIAMONDS ACE,0.353,0.0066,0.6404
HEARTS FOUR SPADES KING,0.276,0.0352,0.6888
CLUBS TEN SPADES FOUR,0.255,0.0796,0.6654
DIAMONDS QUEEN DIAMONDS ACE,0.3378,0.0028,0.6594
HEARTS TWO DIAMONDS ACE,0.3934,0.0048,0.6018
HEARTS FOUR DIAMONDS QUEEN,0.2752,0.044,0.6808
HEARTS FOUR HEARTS TWO,0.2674,0.4662,0.2664
DIAMONDS THREE HEARTS TEN,0.2676,0.08,0.6524
SPADES FOUR CLUBS KING,0.2618,0.0322,0.706
HEARTS FIVE DIAMONDS QUEEN,0.353,0.0154,0.6316
HEARTS FIVE HEARTS TWO,0.3632,0.226,0.4108
DIAMONDS THREE HEARTS JACK,0.2686,0.062,0.6694
SPADES FOUR CLUBS QUEEN,0.257,0.0456,0.6974
DIAMONDS QUEEN HEARTS TWO,0.4148,0.0154,0.5698
DIAMONDS KING DIAMONDS QUEEN,0.3288,0.009,0.6622
DIAMONDS KING HEARTS TWO,0.4102,0.0112,0.5786
HEARTS THREE DIAMONDS QUEEN,0.279,0.0426,0.6784
HEARTS THREE HEARTS TWO,0.2668,0.47,0.2632
SPADES FOUR CLUBS ACE,0.242,0.0254,0.7326
HEARTS TWO CLUBS ACE,0.396,0.0066,0.5974
DIAMONDS QUEEN CLUBS ACE,0.3546,0.004,0.6414
HEARTS TWO CLUBS QUEEN,0.404,0.0156,0.5804
DIAMONDS QUEEN CLUBS QUEEN,0.1714,0.0382,0.7904
HEARTS TWO CLUBS KING,0.3964,0.0088,0.5948
DIAMONDS QUEEN CLUBS KING,0.3446,0.0076,0.6478
SPADES EIGHT SPADES FIVE,0.3294,0.0676,0.603
CLUBS TEN HEARTS TWO,0.406,0.0366,0.5574
CLUBS TEN DIAMONDS QUEEN,0.3424,0.0108,0.6468
SPADES NINE SPADES FIVE,0.3488,0.0442,0.607
HEARTS TWO CLUBS JACK,0.4068,0.0212,0.572
DIAMONDS QUEEN CLUBS JACK,0.3658,0.0136,0.6206
SPADES SIX SPADES FIVE,0.3076,0.1526,0.5398
SPADES SEVEN SPADES FIVE,0.3256,0.1004,0.574
DIAMONDS FIVE CLUBS QUEEN,0.359,0.016,0.625
SPADES EIGHT CLUBS ACE,0.3498,0.0048,0.6454
DIAMONDS FIVE CLUBS KING,0.3554,0.0084,0.6362
SPADES EIGHT CLUBS KING,0.3466,0.0102,0.6432
CLUBS ACE DIAMONDS FIVE,0.3296,0.0064,0.664
SPADES EIGHT CLUBS QUEEN,0.3374,0.0126,0.65
SPADES EIGHT CLUBS JACK,0.3366,0.0206,0.6428
CLUBS TEN SPADES EIGHT,0.3324,0.0308,0.6368
CLUBS TEN DIAMONDS FIVE,0.3484,0.0296,0.622
DIAMONDS FIVE CLUBS JACK,0.3634,0.0184,0.6182
HEARTS JACK DIAMONDS TEN,0.3548,0.0154,0.6298
DIAMONDS TEN HEARTS TEN,0.1722,0.0714,0.7564
SPADES ACE CLUBS NINE,0.3478,0.0046,0.6476
CLUBS NINE SPADES QUEEN,0.3542,0.0122,0.6336
CLUBS NINE SPADES KING,0.3492,0.0084,0.6424
HEARTS SIX HEARTS KING,0.3406,0.0072,0.6522
DIAMONDS KING SPADES SEVEN,0.3558,0.007,0.6372
HEARTS THREE SPADES SEVEN,0.258,0.1998,0.5422
SPADES KING DIAMONDS SEVEN,0.3598,0.0072,0.633
HEARTS SIX HEARTS QUEEN,0.3326,0.0132,0.6542
SPADES QUEEN DIAMONDS SEVEN,0.3562,0.0116,0.6322
HEARTS THREE SPADES SIX,0.2404,0.2826,0.477
DIAMONDS KING SPADES SIX,0.3664,0.0094,0.6242
DIAMONDS KING SPADES NINE,0.351,0.0108,0.6382
HEARTS THREE SPADES NINE,0.26,0.1118,0.6282
HEARTS SIX HEARTS ACE,0.334,0.0062,0.6598
DIAMONDS KING SPADES EIGHT,0.3516,0.0076,0.6408
HEARTS THREE SPADES EIGHT,0.2776,0.152,0.5704
SPADES ACE DIAMONDS SEVEN,0.342,0.004,0.654
CLUBS NINE HEARTS THREE,0.2732,0.1048,0.622
CLUBS NINE DIAMONDS KING,0.3544,0.01,0.6356
HEARTS THREE CLUBS EIGHT,0.2786,0.15,0.5714
CLUBS EIGHT DIAMONDS KING,0.3578,0.008,0.6342
HEARTS THREE SPADES TWO,0.2892,0.5052,0.2056
DIAMONDS KING SPADES TWO,0.4228,0.0068,0.5704
