opposingHand,winningChance,drawChance,lostChance
CLUBS NINE DIAMONDS SIX
HEARTS FIVE SPADES TEN,0.4062,0.029,0.5648
HEARTS FIVE SPADES JACK,0.4032,0.0166,0.5802
CLUBS JACK SPADES FIVE,0.4026,0.0218,0.5756
CLUBS TEN SPADES FIVE,0.3974,0.0284,0.5742
CLUBS JACK CLUBS EIGHT,0.348,0.017,0.635
CLUBS TEN CLUBS EIGHT,0.3154,0.0256,0.659
CLUBS EIGHT CLUBS KING,0.3602,0.0072,0.6326
SPADES FIVE CLUBS ACE,0.3836,0.0034,0.613
CLUBS EIGHT CLUBS QUEEN,0.3466,0.0102,0.6432
SPADES FIVE CLUBS KING,0.4016,0.0068,0.5916
SPADES FIVE CLUBS QUEEN,0.4184,0.011,0.5706
CLUBS EIGHT CLUBS ACE,0.353,0.0046,0.6424
DIAMONDS TWO DIAMONDS THREE,0.5966,0.0462,0.3572
DIAMONDS TWO DIAMONDS FIVE,0.5996,0.0474,0.353
HEARTS FIVE SPADES KING,0.4236,0.0056,0.5708
DIAMONDS TWO DIAMONDS FOUR,0.5952,0.0376,0.3672
HEARTS FIVE SPADES QUEEN,0.4218,0.012,0.5662
DIAMONDS TWO DIAMONDS SEVEN,0.596,0.0408,0.3632
SPADES ACE HEARTS FIVE,0.408,0.0044,0.5876
DIAMONDS TWO DIAMONDS NINE,0.3846,0.365,0.2504
DIAMONDS TWO DIAMONDS EIGHT,0.5888,0.0408,0.3704
DIAMONDS THREE DIAMONDS FOUR,0.5668,0.0454,0.3878
CLUBS TWO SPADES FOUR,0.6052,0.0494,0.3454
DIAMONDS THREE DIAMONDS FIVE,0.5754,0.0448,0.3798
SPADES FIVE CLUBS TWO,0.6184,0.04,0.3416
CLUBS TWO SPADES TWO,0.4028,0.0812,0.516
CLUBS TWO SPADES THREE,0.6166,0.0424,0.341
DIAMONDS THREE DIAMONDS EIGHT,0.5922,0.0404,0.3674
SPADES EIGHT CLUBS TWO,0.6492,0.0424,0.3084
DIAMONDS THREE DIAMONDS NINE,0.399,0.3456,0.2554
SPADES NINE CLUBS TWO,0.4116,0.3698,0.2186
SPADES SIX CLUBS TWO,0.6576,0.1102,0.2322
DIAMONDS THREE DIAMONDS SEVEN,0.5794,0.045,0.3756
SPADES SEVEN CLUBS TWO,0.6372,0.0438,0.319
CLUBS SIX CLUBS TWO,0.6376,0.1076,0.2548
CLUBS SEVEN CLUBS TWO,0.5986,0.04,0.3614
CLUBS FOUR CLUBS TWO,0.5972,0.041,0.3618
CLUBS FIVE CLUBS TWO,0.5882,0.0468,0.365
CLUBS TEN CLUBS JACK,0.3156,0.012,0.6724
CLUBS TEN CLUBS QUEEN,0.3222,0.0114,0.6664
DIAMONDS FOUR DIAMONDS SEVEN,0.565,0.0412,0.3938
CLUBS TEN CLUBS KING,0.3206,0.007,0.6724
CLUBS TEN CLUBS ACE,0.3284,0.0032,0.6684
CLUBS EIGHT CLUBS TWO,0.5912,0.0404,0.3684
DIAMONDS FIVE DIAMONDS FOUR,0.5782,0.0386,0.3832
DIAMONDS NINE DIAMONDS FOUR,0.3898,0.3532,0.257
DIAMONDS FOUR DIAMONDS EIGHT,0.5868,0.0344,0.3788
CLUBS THREE CLUBS TWO,0.5836,0.0464,0.37
DIAMONDS NINE DIAMONDS FIVE,0.388,0.3592,0.2528
CLUBS JACK DIAMONDS TWO,0.4302,0.0192,0.5506
DIAMONDS FIVE DIAMONDS EIGHT,0.5784,0.042,0.3796
CLUBS TEN DIAMONDS TWO,0.41,0.0284,0.5616
DIAMONDS FIVE DIAMONDS SEVEN,0.5594,0.042,0.3986
DIAMONDS TWO CLUBS ACE,0.4098,0.0058,0.5844
DIAMONDS TWO CLUBS KING,0.4102,0.0092,0.5806
DIAMONDS TWO CLUBS QUEEN,0.4198,0.0108,0.5694
HEARTS ACE SPADES THREE,0.4178,0.0048,0.5774
SPADES THREE HEARTS KING,0.42,0.0054,0.5746
HEARTS QUEEN SPADES THREE,0.4252,0.0128,0.562
SPADES THREE HEARTS JACK,0.4118,0.0164,0.5718
SPADES THREE HEARTS TEN,0.4154,0.027,0.5576
DIAMONDS EIGHT DIAMONDS SEVEN,0.5298,0.0358,0.4344
DIAMONDS NINE DIAMONDS SEVEN,0.2138,0.2844,0.5018
DIAMONDS NINE DIAMONDS EIGHT,0.205,0.2134,0.5816
DIAMONDS KING HEARTS TEN,0.3324,0.0078,0.6598
HEARTS THREE HEARTS TEN,0.392,0.0284,0.5796
SPADES JACK CLUBS SIX,0.26,0.0594,0.6806
DIAMONDS KING HEARTS JACK,0.3594,0.0054,0.6352
HEARTS THREE HEARTS JACK,0.3904,0.018,0.5916
SPADES TEN CLUBS SIX,0.2568,0.0736,0.6696
SPADES JACK SPADES FIVE,0.3772,0.0204,0.6024
SPADES TEN SPADES FIVE,0.3858,0.0254,0.5888
DIAMONDS KING HEARTS ACE,0.3434,0.0046,0.652
HEARTS THREE HEARTS ACE,0.3816,0.0036,0.6148
SPADES ACE CLUBS SIX,0.2682,0.0234,0.7084
DIAMONDS KING HEARTS QUEEN,0.3386,0.0072,0.6542
HEARTS THREE HEARTS QUEEN,0.388,0.0102,0.6018
SPADES KING CLUBS SIX,0.2586,0.031,0.7104
DIAMONDS KING HEARTS KING,0.1594,0.0132,0.8274
HEARTS THREE HEARTS KING,0.3914,0.0062,0.6024
SPADES QUEEN CLUBS SIX,0.2702,0.0442,0.6856
SPADES NINE HEARTS TEN,0.245,0.076,0.679
SPADES NINE HEARTS JACK,0.2366,0.0618,0.7016
SPADES QUEEN SPADES FIVE,0.3866,0.0112,0.6022
SPADES KING SPADES FIVE,0.3784,0.0058,0.6158
SPADES ACE SPADES FIVE,0.3874,0.0048,0.6078
SPADES NINE HEARTS QUEEN,0.2682,0.0384,0.6934
SPADES NINE HEARTS KING,0.2522,0.033,0.7148
SPADES NINE HEARTS ACE,0.2564,0.0206,0.723
CLUBS TEN SPADES JACK,0.3198,0.0126,0.6676
CLUBS TEN SPADES TEN,0.162,0.0404,0.7976
SPADES ACE CLUBS TEN,0.3364,0.0044,0.6592
CLUBS TEN SPADES KING,0.3366,0.0054,0.658
CLUBS TEN SPADES QUEEN,0.3172,0.01,0.6728
SPADES FIVE HEARTS QUEEN,0.4088,0.0106,0.5806
SPADES FIVE HEARTS KING,0.4172,0.0048,0.578
HEARTS ACE SPADES FIVE,0.408,0.0038,0.5882
CLUBS EIGHT SPADES TEN,0.3492,0.024,0.6268
SPADES JACK HEARTS THREE,0.4054,0.0154,0.5792
SPADES JACK DIAMONDS KING,0.3368,0.007,0.6562
SPADES TEN DIAMONDS KING,0.3448,0.0056,0.6496
SPADES TEN HEARTS THREE,0.4058,0.0232,0.571
SPADES JACK CLUBS EIGHT,0.3634,0.0174,0.6192
CLUBS SIX HEARTS ACE,0.2656,0.0232,0.7112
SPADES ACE CLUBS EIGHT,0.381,0.0054,0.6136
HEARTS FIVE CLUBS JACK,0.4152,0.0176,0.5672
CLUBS TEN HEARTS FIVE,0.4016,0.0284,0.57
CLUBS SIX HEARTS QUEEN,0.2588,0.0416,0.6996
SPADES QUEEN CLUBS EIGHT,0.3658,0.0096,0.6246
CLUBS TEN SPADES THREE,0.4104,0.03,0.5596
CLUBS SIX HEARTS KING,0.2634,0.033,0.7036
SPADES KING CLUBS EIGHT,0.3832,0.004,0.6128
CLUBS JACK SPADES THREE,0.4128,0.0172,0.57
DIAMONDS TWO HEARTS JACK,0.4258,0.016,0.5582
SPADES THREE CLUBS QUEEN,0.4064,0.0106,0.583
DIAMONDS TWO HEARTS TEN,0.4216,0.0278,0.5506
SPADES THREE CLUBS KING,0.4084,0.0078,0.5838
HEARTS FIVE CLUBS ACE,0.4016,0.0042,0.5942
SPADES FIVE HEARTS TEN,0.401,0.027,0.572
SPADES THREE CLUBS ACE,0.405,0.0046,0.5904
HEARTS FIVE CLUBS KING,0.409,0.0064,0.5846
SPADES FIVE HEARTS JACK,0.3892,0.018,0.5928
HEARTS FIVE CLUBS QUEEN,0.4072,0.012,0.5808
HEARTS THREE CLUBS KING,0.425,0.0076,0.5674
DIAMONDS KING CLUBS KING,0.1518,0.0176,0.8306
HEARTS THREE CLUBS QUEEN,0.4138,0.0138,0.5724
DIAMONDS KING CLUBS QUEEN,0.3356,0.0058,0.6586
HEARTS FIVE HEARTS JACK,0.3822,0.0186,0.5992
HEARTS FIVE HEARTS TEN,0.3824,0.022,0.5956
HEARTS THREE CLUBS ACE,0.4062,0.0056,0.5882
DIAMONDS KING CLUBS ACE,0.3452,0.0052,0.6496
SPADES ACE CLUBS QUEEN,0.3424,0.005,0.6526
SPADES KING CLUBS QUEEN,0.3372,0.0056,0.6572
CLUBS JACK HEARTS THREE,0.4212,0.0178,0.561
CLUBS JACK DIAMONDS KING,0.3328,0.0078,0.6594
SPADES QUEEN CLUBS QUEEN,0.1678,0.0198,0.8124
CLUBS TEN HEARTS THREE,0.4218,0.03,0.5482
CLUBS TEN DIAMONDS KING,0.3338,0.0068,0.6594
SPADES JACK CLUBS QUEEN,0.3314,0.0092,0.6594
CLUBS SIX CLUBS QUEEN,0.2676,0.043,0.6894
SPADES TEN CLUBS QUEEN,0.3348,0.0106,0.6546
CLUBS SIX CLUBS KING,0.2452,0.0346,0.7202
CLUBS SIX CLUBS ACE,0.2586,0.024,0.7174
HEARTS FIVE HEARTS KING,0.3862,0.0068,0.607
HEARTS FIVE HEARTS QUEEN,0.386,0.0108,0.6032
CLUBS TEN CLUBS SIX,0.2392,0.0774,0.6834
HEARTS FIVE HEARTS ACE,0.3778,0.003,0.6192
CLUBS JACK CLUBS SIX,0.2532,0.0522,0.6946
SPADES SEVEN HEARTS JACK,0.3656,0.0162,0.6182
SPADES SEVEN HEARTS TEN,0.359,0.027,0.614
DIAMONDS TWO CLUBS TWO,0.4106,0.083,0.5064
DIAMONDS TWO CLUBS THREE,0.631,0.0404,0.3286
DIAMONDS TWO HEARTS SIX,0.66,0.1158,0.2242
DIAMONDS TWO HEARTS QUEEN,0.4308,0.012,0.5572
HEARTS SEVEN DIAMONDS TWO,0.615,0.0426,0.3424
DIAMONDS TWO HEARTS KING,0.4286,0.008,0.5634
DIAMONDS TWO HEARTS EIGHT,0.6278,0.0396,0.3326
DIAMONDS TWO HEARTS ACE,0.41,0.004,0.586
DIAMONDS TWO HEARTS NINE,0.4134,0.3742,0.2124
DIAMONDS TWO DIAMONDS QUEEN,0.4004,0.0124,0.5872
DIAMONDS TWO HEARTS TWO,0.4038,0.0726,0.5236
DIAMONDS TWO DIAMONDS KING,0.406,0.0092,0.5848
DIAMONDS TWO HEARTS THREE,0.6144,0.0434,0.3422
DIAMONDS TWO DIAMONDS ACE,0.3942,0.0052,0.6006
HEARTS FOUR DIAMONDS TWO,0.6178,0.0434,0.3388
HEARTS FIVE DIAMONDS TWO,0.6126,0.0524,0.335
SPADES SEVEN HEARTS ACE,0.3854,0.0024,0.6122
DIAMONDS TWO DIAMONDS TEN,0.3942,0.0284,0.5774
SPADES SEVEN HEARTS KING,0.373,0.0056,0.6214
DIAMONDS TWO DIAMONDS JACK,0.4032,0.0176,0.5792
SPADES SEVEN HEARTS QUEEN,0.3876,0.0116,0.6008
DIAMONDS TWO SPADES NINE,0.4234,0.3618,0.2148
DIAMONDS TWO SPADES EIGHT,0.6312,0.0498,0.319
DIAMONDS TWO SPADES SEVEN,0.6268,0.0392,0.334
DIAMONDS TWO SPADES SIX,0.6556,0.1068,0.2376
DIAMONDS TWO SPADES FIVE,0.616,0.0472,0.3368
DIAMONDS TWO SPADES FOUR,0.6252,0.0448,0.33
DIAMONDS TWO SPADES THREE,0.6162,0.0488,0.335
DIAMONDS TWO SPADES TWO,0.423,0.0726,0.5044
DIAMONDS TWO CLUBS EIGHT,0.629,0.041,0.33
CLUBS SEVEN DIAMONDS TWO,0.6496,0.0394,0.311
DIAMONDS TWO CLUBS SIX,0.6556,0.1178,0.2266
DIAMONDS TWO CLUBS FIVE,0.6184,0.0484,0.3332
DIAMONDS TWO CLUBS FOUR,0.635,0.0434,0.3216
CLUBS FOUR SPADES FIVE,0.5962,0.0444,0.3594
CLUBS FOUR SPADES FOUR,0.4126,0.0736,0.5138
CLUBS FOUR SPADES THREE,0.6218,0.0424,0.3358
CLUBS FOUR SPADES TWO,0.6242,0.0456,0.3302
SPADES NINE CLUBS FOUR,0.4134,0.3678,0.2188
SPADES EIGHT CLUBS FOUR,0.6074,0.038,0.3546
SPADES SEVEN CLUBS FOUR,0.6124,0.0376,0.35
CLUBS FOUR SPADES SIX,0.6364,0.1136,0.25
SPADES QUEEN SPADES TWO,0.3852,0.0122,0.6026
SPADES KING SPADES TWO,0.402,0.0068,0.5912
SPADES ACE SPADES TWO,0.3902,0.0038,0.606
CLUBS JACK DIAMONDS JACK,0.1602,0.0318,0.808
CLUBS TEN DIAMONDS JACK,0.3072,0.0148,0.678
DIAMONDS JACK CLUBS KING,0.3504,0.0062,0.6434
DIAMONDS JACK CLUBS QUEEN,0.3262,0.0096,0.6642
DIAMONDS THREE DIAMONDS JACK,0.4014,0.0178,0.5808
DIAMONDS THREE DIAMONDS TEN,0.4016,0.0232,0.5752
DIAMONDS JACK CLUBS ACE,0.3398,0.0064,0.6538
DIAMONDS THREE DIAMONDS KING,0.3972,0.007,0.5958
DIAMONDS THREE HEARTS THREE,0.3994,0.0742,0.5264
DIAMONDS THREE DIAMONDS QUEEN,0.4078,0.0116,0.5806
DIAMONDS THREE HEARTS TWO,0.6276,0.0446,0.3278
HEARTS FIVE DIAMONDS THREE,0.618,0.0396,0.3424
DIAMONDS THREE DIAMONDS ACE,0.3856,0.0046,0.6098
HEARTS FOUR DIAMONDS THREE,0.6174,0.0436,0.339
HEARTS SEVEN DIAMONDS THREE,0.6146,0.0422,0.3432
SPADES TEN SPADES NINE,0.2334,0.07,0.6966
HEARTS SIX DIAMONDS THREE,0.646,0.1164,0.2376
SPADES JACK SPADES NINE,0.2234,0.054,0.7226
DIAMONDS THREE HEARTS NINE,0.419,0.3666,0.2144
HEARTS JACK DIAMONDS FOUR,0.4148,0.0214,0.5638
HEARTS ACE HEARTS KING,0.3246,0.0038,0.6716
SPADES TEN SPADES TWO,0.394,0.0256,0.5804
DIAMONDS THREE HEARTS EIGHT,0.6338,0.039,0.3272
HEARTS TEN DIAMONDS FOUR,0.4138,0.024,0.5622
SPADES JACK SPADES TWO,0.391,0.0178,0.5912
HEARTS QUEEN DIAMONDS FOUR,0.418,0.012,0.57
HEARTS KING DIAMONDS FOUR,0.423,0.0082,0.5688
SPADES ACE SPADES NINE,0.2404,0.0216,0.738
HEARTS ACE DIAMONDS FOUR,0.41,0.005,0.585
SPADES KING SPADES NINE,0.2466,0.0316,0.7218
SPADES QUEEN SPADES NINE,0.2466,0.041,0.7124
DIAMONDS THREE SPADES NINE,0.4164,0.3714,0.2122
DIAMONDS THREE SPADES EIGHT,0.631,0.0424,0.3266
DIAMONDS THREE SPADES SEVEN,0.6166,0.0376,0.3458
DIAMONDS THREE SPADES SIX,0.6372,0.1036,0.2592
DIAMONDS THREE CLUBS SIX,0.6366,0.1188,0.2446
CLUBS FIVE CLUBS SIX,0.5894,0.105,0.3056
CLUBS ACE DIAMONDS FOUR,0.4092,0.0072,0.5836
CLUBS SEVEN DIAMONDS THREE,0.6386,0.041,0.3204
CLUBS SEVEN CLUBS FIVE,0.562,0.048,0.39
DIAMONDS THREE CLUBS FOUR,0.605,0.0424,0.3526
DIAMONDS FOUR CLUBS QUEEN,0.4082,0.0148,0.577
DIAMONDS THREE CLUBS FIVE,0.6216,0.0466,0.3318
DIAMONDS FOUR CLUBS KING,0.4254,0.0074,0.5672
DIAMONDS THREE CLUBS TWO,0.615,0.046,0.339
CLUBS TEN DIAMONDS FOUR,0.4148,0.0264,0.5588
DIAMONDS THREE CLUBS THREE,0.4234,0.073,0.5036
CLUBS JACK DIAMONDS FOUR,0.4198,0.0224,0.5578
DIAMONDS THREE SPADES FOUR,0.5976,0.0384,0.364
DIAMONDS THREE SPADES FIVE,0.6088,0.0426,0.3486
DIAMONDS THREE SPADES TWO,0.6172,0.048,0.3348
DIAMONDS THREE SPADES THREE,0.406,0.0802,0.5138
CLUBS EIGHT DIAMONDS THREE,0.6244,0.0442,0.3314
SPADES SEVEN CLUBS ACE,0.3744,0.0032,0.6224
SPADES SEVEN CLUBS QUEEN,0.3816,0.01,0.6084
SPADES SEVEN CLUBS KING,0.3794,0.007,0.6136
CLUBS FIVE SPADES SEVEN,0.6012,0.041,0.3578
CLUBS TEN SPADES SEVEN,0.354,0.022,0.624
CLUBS FIVE SPADES SIX,0.6098,0.1144,0.2758
CLUBS JACK SPADES SEVEN,0.36,0.0164,0.6236
CLUBS FIVE SPADES NINE,0.404,0.3716,0.2244
CLUBS FIVE SPADES EIGHT,0.605,0.0426,0.3524
CLUBS FIVE SPADES THREE,0.6086,0.0418,0.3496
CLUBS FIVE SPADES TWO,0.6188,0.0502,0.331
CLUBS FIVE SPADES FIVE,0.3998,0.0714,0.5288
CLUBS FIVE SPADES FOUR,0.5978,0.0394,0.3628
CLUBS EIGHT CLUBS FIVE,0.5776,0.0344,0.388
CLUBS ACE CLUBS QUEEN,0.3232,0.0046,0.6722
CLUBS KING CLUBS QUEEN,0.3248,0.0074,0.6678
DIAMONDS TEN DIAMONDS FOUR,0.3826,0.0284,0.589
CLUBS TEN DIAMONDS NINE,0.2222,0.0776,0.7002
DIAMONDS JACK DIAMONDS FOUR,0.3962,0.0166,0.5872
CLUBS JACK DIAMONDS NINE,0.2224,0.0608,0.7168
CLUBS JACK SPADES NINE,0.233,0.0592,0.7078
CLUBS TEN SPADES NINE,0.2392,0.0778,0.683
DIAMONDS ACE DIAMONDS FOUR,0.404,0.005,0.591
HEARTS FOUR DIAMONDS FOUR,0.409,0.0758,0.5152
DIAMONDS JACK HEARTS TEN,0.3004,0.0128,0.6868
SPADES NINE CLUBS KING,0.2594,0.0332,0.7074
DIAMONDS TWO SPADES TEN,0.4136,0.0256,0.5608
DIAMONDS NINE CLUBS ACE,0.2408,0.0204,0.7388
HEARTS FIVE DIAMONDS FOUR,0.6052,0.0466,0.3482
DIAMONDS JACK HEARTS JACK,0.1622,0.0284,0.8094
SPADES NINE CLUBS QUEEN,0.2598,0.0378,0.7024
DIAMONDS TWO SPADES JACK,0.4254,0.0172,0.5574
DIAMONDS QUEEN DIAMONDS FOUR,0.4072,0.0116,0.5812
HEARTS TWO DIAMONDS FOUR,0.618,0.042,0.34
DIAMONDS NINE CLUBS QUEEN,0.2376,0.044,0.7184
DIAMONDS KING DIAMONDS FOUR,0.4026,0.0062,0.5912
HEARTS THREE DIAMONDS FOUR,0.6066,0.0454,0.348
SPADES NINE CLUBS ACE,0.253,0.0252,0.7218
DIAMONDS NINE CLUBS KING,0.25,0.0346,0.7154
HEARTS ACE DIAMONDS JACK,0.3456,0.006,0.6484
SPADES ACE DIAMONDS TWO,0.42,0.0034,0.5766
HEARTS QUEEN DIAMONDS JACK,0.331,0.0118,0.6572
SPADES QUEEN DIAMONDS TWO,0.4138,0.0132,0.573
HEARTS KING DIAMONDS JACK,0.3398,0.0064,0.6538
SPADES KING DIAMONDS TWO,0.4076,0.0102,0.5822
SPADES JACK SPADES SEVEN,0.3456,0.0156,0.6388
SPADES TEN SPADES SEVEN,0.3462,0.0274,0.6264
CLUBS SEVEN CLUBS THREE,0.591,0.0384,0.3706
CLUBS SIX CLUBS THREE,0.6094,0.1138,0.2768
CLUBS FIVE CLUBS THREE,0.581,0.0452,0.3738
CLUBS THREE CLUBS FOUR,0.583,0.0416,0.3754
CLUBS EIGHT CLUBS THREE,0.596,0.0428,0.3612
CLUBS THREE SPADES FIVE,0.5992,0.0462,0.3546
CLUBS THREE SPADES FOUR,0.6118,0.042,0.3462
CLUBS THREE SPADES THREE,0.419,0.076,0.505
CLUBS THREE SPADES TWO,0.6186,0.0434,0.338
CLUBS THREE SPADES SIX,0.6494,0.1066,0.244
CLUBS THREE SPADES SEVEN,0.6128,0.0418,0.3454
SPADES EIGHT CLUBS THREE,0.6366,0.044,0.3194
SPADES NINE CLUBS THREE,0.4156,0.3628,0.2216
SPADES TWO DIAMONDS FOUR,0.62,0.0482,0.3318
SPADES THREE DIAMONDS FOUR,0.6098,0.0432,0.347
SPADES FOUR DIAMONDS FOUR,0.401,0.076,0.523
SPADES FIVE DIAMONDS FOUR,0.6012,0.0442,0.3546
SPADES SIX DIAMONDS FOUR,0.6304,0.1202,0.2494
SPADES SEVEN DIAMONDS FOUR,0.6168,0.0408,0.3424
SPADES EIGHT DIAMONDS FOUR,0.6154,0.0416,0.343
SPADES NINE DIAMONDS FOUR,0.4242,0.3656,0.2102
CLUBS FIVE DIAMONDS FOUR,0.6106,0.043,0.3464
CLUBS FOUR DIAMONDS FOUR,0.4006,0.0796,0.5198
CLUBS SEVEN DIAMONDS FOUR,0.6132,0.0412,0.3456
CLUBS SIX DIAMONDS FOUR,0.6492,0.1096,0.2412
CLUBS EIGHT DIAMONDS FOUR,0.6196,0.053,0.3274
HEARTS SEVEN DIAMONDS FOUR,0.6076,0.0402,0.3522
HEARTS SIX DIAMONDS FOUR,0.6476,0.106,0.2464
DIAMONDS FOUR HEARTS NINE,0.4022,0.384,0.2138
DIAMONDS FOUR HEARTS EIGHT,0.6102,0.0448,0.345
CLUBS THREE DIAMONDS FOUR,0.5958,0.0496,0.3546
CLUBS TWO DIAMONDS FOUR,0.6272,0.047,0.3258
DIAMONDS TEN DIAMONDS FIVE,0.3908,0.0256,0.5836
DIAMONDS JACK DIAMONDS FIVE,0.3892,0.0156,0.5952
DIAMONDS NINE HEARTS QUEEN,0.2524,0.0434,0.7042
DIAMONDS NINE HEARTS KING,0.2514,0.036,0.7126
HEARTS ACE DIAMONDS NINE,0.2582,0.0218,0.72
DIAMONDS NINE HEARTS TEN,0.2294,0.0718,0.6988
DIAMONDS NINE HEARTS JACK,0.2362,0.056,0.7078
SPADES KING DIAMONDS FOUR,0.4186,0.0086,0.5728
SPADES ACE SPADES SEVEN,0.3356,0.0028,0.6616
SPADES QUEEN DIAMONDS FOUR,0.4178,0.0104,0.5718
SPADES QUEEN SPADES SEVEN,0.3666,0.0096,0.6238
SPADES KING SPADES SEVEN,0.348,0.0076,0.6444
SPADES ACE DIAMONDS FOUR,0.4082,0.0038,0.588
CLUBS EIGHT CLUBS FOUR,0.5858,0.0388,0.3754
SPADES JACK DIAMONDS FOUR,0.4216,0.0142,0.5642
SPADES TEN DIAMONDS FOUR,0.4198,0.0272,0.553
CLUBS FIVE CLUBS FOUR,0.5706,0.051,0.3784
CLUBS SEVEN CLUBS FOUR,0.5776,0.034,0.3884
CLUBS SIX CLUBS FOUR,0.6172,0.1114,0.2714
CLUBS SEVEN SPADES EIGHT,0.545,0.036,0.419
CLUBS SEVEN SPADES NINE,0.2264,0.3084,0.4652
CLUBS SEVEN SPADES SIX,0.6336,0.1072,0.2592
CLUBS SEVEN SPADES SEVEN,0.2822,0.071,0.6468
CLUBS SEVEN SPADES FIVE,0.6008,0.0448,0.3544
CLUBS SEVEN SPADES FOUR,0.5982,0.044,0.3578
CLUBS SEVEN SPADES THREE,0.621,0.0432,0.3358
CLUBS SEVEN SPADES TWO,0.6342,0.0452,0.3206
CLUBS SEVEN CLUBS EIGHT,0.5308,0.0354,0.4338
HEARTS SIX DIAMONDS FIVE,0.6174,0.107,0.2756
HEARTS SEVEN DIAMONDS FIVE,0.5846,0.045,0.3704
DIAMONDS FIVE HEARTS EIGHT,0.6032,0.0412,0.3556
DIAMONDS FIVE HEARTS NINE,0.4024,0.385,0.2126
DIAMONDS QUEEN DIAMONDS FIVE,0.372,0.0122,0.6158
HEARTS TWO DIAMONDS FIVE,0.6144,0.0434,0.3422
HEARTS KING HEARTS EIGHT,0.3648,0.008,0.6272
DIAMONDS KING DIAMONDS FIVE,0.3912,0.0082,0.6006
HEARTS THREE DIAMONDS FIVE,0.6032,0.0426,0.3542
HEARTS QUEEN HEARTS EIGHT,0.3514,0.0112,0.6374
DIAMONDS ACE DIAMONDS FIVE,0.3802,0.0032,0.6166
HEARTS FOUR DIAMONDS FIVE,0.5962,0.0434,0.3604
HEARTS FIVE DIAMONDS FIVE,0.3884,0.0792,0.5324
HEARTS ACE HEARTS EIGHT,0.3466,0.0022,0.6512
CLUBS FOUR DIAMONDS FIVE,0.612,0.0412,0.3468
CLUBS FIVE DIAMONDS FIVE,0.411,0.075,0.514
CLUBS SIX DIAMONDS FIVE,0.6238,0.111,0.2652
CLUBS SEVEN DIAMONDS FIVE,0.6004,0.0424,0.3572
CLUBS TWO DIAMONDS FIVE,0.6348,0.0454,0.3198
CLUBS THREE DIAMONDS FIVE,0.5956,0.0524,0.352
SPADES THREE DIAMONDS FIVE,0.6038,0.0492,0.347
SPADES TWO DIAMONDS FIVE,0.6166,0.0468,0.3366
SPADES JACK DIAMONDS EIGHT,0.3512,0.0176,0.6312
SPADES FIVE DIAMONDS FIVE,0.3906,0.0788,0.5306
CLUBS TEN HEARTS JACK,0.3242,0.0114,0.6644
SPADES TEN DIAMONDS EIGHT,0.3374,0.0228,0.6398
SPADES FOUR DIAMONDS FIVE,0.5966,0.0474,0.356
CLUBS JACK HEARTS JACK,0.1672,0.0292,0.8036
HEARTS JACK CLUBS QUEEN,0.3404,0.0098,0.6498
HEARTS JACK CLUBS KING,0.3434,0.0074,0.6492
CLUBS EIGHT DIAMONDS FIVE,0.6024,0.0454,0.3522
CLUBS ACE HEARTS JACK,0.3422,0.0038,0.654
SPADES SEVEN DIAMONDS FIVE,0.5898,0.044,0.3662
SPADES KING DIAMONDS EIGHT,0.359,0.005,0.636
SPADES QUEEN DIAMONDS EIGHT,0.369,0.0094,0.6216
SPADES SIX DIAMONDS FIVE,0.6264,0.1142,0.2594
SPADES NINE DIAMONDS FIVE,0.4144,0.3728,0.2128
SPADES EIGHT DIAMONDS FIVE,0.6062,0.0432,0.3506
SPADES ACE DIAMONDS EIGHT,0.3634,0.0028,0.6338
HEARTS ACE DIAMONDS SEVEN,0.3698,0.003,0.6272
HEARTS QUEEN DIAMONDS SEVEN,0.3878,0.0114,0.6008
HEARTS KING DIAMONDS SEVEN,0.3778,0.0072,0.615
SPADES TWO HEARTS JACK,0.4168,0.0184,0.5648
SPADES TWO HEARTS TEN,0.4126,0.028,0.5594
HEARTS TEN DIAMONDS SEVEN,0.3502,0.0238,0.626
HEARTS JACK DIAMONDS SEVEN,0.3656,0.0148,0.6196
CLUBS JACK DIAMONDS EIGHT,0.3598,0.0182,0.622
CLUBS TEN DIAMONDS EIGHT,0.3436,0.0274,0.629
HEARTS ACE HEARTS JACK,0.3236,0.0032,0.6732
CLUBS ACE DIAMONDS EIGHT,0.3646,0.004,0.6314
HEARTS QUEEN HEARTS JACK,0.3108,0.0088,0.6804
CLUBS KING DIAMONDS EIGHT,0.3772,0.0086,0.6142
HEARTS KING HEARTS JACK,0.3098,0.0062,0.684
DIAMONDS EIGHT CLUBS QUEEN,0.358,0.0104,0.6316
SPADES TEN HEARTS KING,0.3396,0.0044,0.656
HEARTS ACE SPADES TWO,0.4216,0.0042,0.5742
SPADES JACK HEARTS KING,0.3268,0.0058,0.6674
HEARTS QUEEN SPADES TWO,0.4238,0.0138,0.5624
SPADES ACE SPADES KING,0.3344,0.004,0.6616
HEARTS KING SPADES TWO,0.4116,0.007,0.5814
HEARTS TEN HEARTS EIGHT,0.3276,0.0232,0.6492
HEARTS JACK HEARTS EIGHT,0.3338,0.0154,0.6508
SPADES KING HEARTS KING,0.1684,0.0138,0.8178
SPADES QUEEN HEARTS KING,0.3464,0.0048,0.6488
CLUBS ACE CLUBS KING,0.3244,0.0036,0.672
SPADES ACE HEARTS KING,0.346,0.0038,0.6502
SPADES ACE HEARTS JACK,0.3386,0.0036,0.6578
SPADES QUEEN HEARTS JACK,0.343,0.0092,0.6478
SPADES KING HEARTS JACK,0.3278,0.0064,0.6658
SPADES TEN DIAMONDS TEN,0.1634,0.0372,0.7994
SPADES JACK DIAMONDS TEN,0.312,0.0146,0.6734
SPADES ACE DIAMONDS TEN,0.3368,0.0034,0.6598
SPADES JACK HEARTS JACK,0.1768,0.0278,0.7954
SPADES TEN HEARTS JACK,0.3256,0.0112,0.6632
SPADES QUEEN DIAMONDS TEN,0.323,0.0114,0.6656
SPADES KING DIAMONDS TEN,0.3436,0.0076,0.6488
SPADES NINE DIAMONDS SEVEN,0.221,0.298,0.481
SPADES EIGHT DIAMONDS SEVEN,0.541,0.0384,0.4206
SPADES SEVEN DIAMONDS SEVEN,0.2696,0.0674,0.663
SPADES SIX DIAMONDS SEVEN,0.6256,0.0992,0.2752
DIAMONDS KING DIAMONDS SEVEN,0.373,0.0056,0.6214
HEARTS THREE DIAMONDS SEVEN,0.6112,0.0428,0.346
HEARTS KING DIAMONDS FIVE,0.4102,0.0064,0.5834
DIAMONDS QUEEN DIAMONDS SEVEN,0.3616,0.012,0.6264
HEARTS TWO DIAMONDS SEVEN,0.6262,0.047,0.3268
HEARTS QUEEN DIAMONDS FIVE,0.4108,0.0094,0.5798
HEARTS FIVE DIAMONDS SEVEN,0.5882,0.038,0.3738
DIAMONDS ACE DIAMONDS SEVEN,0.3558,0.0062,0.638
HEARTS FOUR DIAMONDS SEVEN,0.5996,0.0432,0.3572
HEARTS ACE DIAMONDS FIVE,0.395,0.0036,0.6014
HEARTS SEVEN DIAMONDS SEVEN,0.263,0.0668,0.6702
HEARTS SIX DIAMONDS SEVEN,0.6296,0.1014,0.269
HEARTS NINE DIAMONDS SEVEN,0.2208,0.302,0.4772
HEARTS EIGHT DIAMONDS SEVEN,0.5518,0.0408,0.4074
DIAMONDS JACK DIAMONDS SEVEN,0.3426,0.0178,0.6396
DIAMONDS FIVE HEARTS JACK,0.416,0.0192,0.5648
DIAMONDS TEN DIAMONDS SEVEN,0.3382,0.0242,0.6376
HEARTS TEN DIAMONDS FIVE,0.4174,0.0248,0.5578
SPADES KING CLUBS TWO,0.4252,0.0086,0.5662
HEARTS KING CLUBS KING,0.1578,0.0136,0.8286
CLUBS EIGHT DIAMONDS SEVEN,0.5496,0.0422,0.4082
SPADES QUEEN CLUBS TWO,0.424,0.0126,0.5634
HEARTS KING CLUBS QUEEN,0.3364,0.0054,0.6582
CLUBS JACK SPADES TWO,0.4256,0.0202,0.5542
SPADES ACE CLUBS TWO,0.4204,0.0038,0.5758
CLUBS TEN SPADES TWO,0.4112,0.0278,0.561
HEARTS KING CLUBS ACE,0.3468,0.0036,0.6496
CLUBS SEVEN CLUBS SIX,0.6094,0.0992,0.2914
SPADES TWO CLUBS KING,0.4202,0.0076,0.5722
SPADES TWO DIAMONDS SEVEN,0.631,0.0356,0.3334
CLUBS EIGHT CLUBS SIX,0.614,0.1086,0.2774
SPADES THREE DIAMONDS SEVEN,0.6174,0.0412,0.3414
SPADES TWO CLUBS QUEEN,0.4186,0.0102,0.5712
SPADES FOUR DIAMONDS SEVEN,0.5984,0.0418,0.3598
CLUBS JACK HEARTS KING,0.339,0.0042,0.6568
SPADES FIVE DIAMONDS SEVEN,0.5778,0.0408,0.3814
SPADES TWO CLUBS ACE,0.399,0.0032,0.5978
CLUBS TEN HEARTS KING,0.3326,0.0076,0.6598
CLUBS SIX SPADES TWO,0.6604,0.111,0.2286
CLUBS SIX SPADES THREE,0.6492,0.1066,0.2442
CLUBS TWO DIAMONDS SEVEN,0.6208,0.0474,0.3318
CLUBS SIX SPADES FOUR,0.639,0.1118,0.2492
CLUBS THREE DIAMONDS SEVEN,0.6236,0.0416,0.3348
CLUBS SIX SPADES FIVE,0.6262,0.1098,0.264
CLUBS FOUR DIAMONDS SEVEN,0.6086,0.0406,0.3508
CLUBS SIX SPADES SIX,0.2942,0.0598,0.646
CLUBS FIVE DIAMONDS SEVEN,0.5906,0.0432,0.3662
CLUBS SIX SPADES SEVEN,0.6388,0.1092,0.252
CLUBS SIX DIAMONDS SEVEN,0.6292,0.1054,0.2654
CLUBS SIX SPADES EIGHT,0.6504,0.1008,0.2488
SPADES JACK CLUBS TWO,0.4318,0.019,0.5492
CLUBS SEVEN DIAMONDS SEVEN,0.2782,0.0638,0.658
SPADES NINE CLUBS SIX,0.017,0.9746,0.0084
SPADES TEN CLUBS TWO,0.4282,0.0294,0.5424
CLUBS TWO CLUBS QUEEN,0.392,0.0148,0.5932
CLUBS TWO CLUBS KING,0.4038,0.006,0.5902
CLUBS THREE DIAMONDS EIGHT,0.6294,0.0462,0.3244
CLUBS TWO CLUBS ACE,0.385,0.0056,0.6094
CLUBS TWO DIAMONDS EIGHT,0.6158,0.0456,0.3386
HEARTS SEVEN DIAMONDS EIGHT,0.5514,0.0428,0.4058
HEARTS SIX DIAMONDS EIGHT,0.6426,0.1044,0.253
DIAMONDS EIGHT HEARTS NINE,0.2152,0.2284,0.5564
CLUBS TEN CLUBS TWO,0.4088,0.0274,0.5638
HEARTS EIGHT DIAMONDS EIGHT,0.2744,0.0542,0.6714
CLUBS JACK CLUBS TWO,0.3982,0.0154,0.5864
CLUBS EIGHT DIAMONDS EIGHT,0.2754,0.0614,0.6632
CLUBS FIVE DIAMONDS EIGHT,0.6038,0.0442,0.352
SPADES ACE SPADES THREE,0.3796,0.0058,0.6146
CLUBS FOUR DIAMONDS EIGHT,0.6032,0.0434,0.3534
CLUBS SEVEN DIAMONDS EIGHT,0.5464,0.0394,0.4142
SPADES QUEEN SPADES THREE,0.4012,0.0098,0.589
CLUBS SIX DIAMONDS EIGHT,0.6366,0.108,0.2554
SPADES KING SPADES THREE,0.388,0.0082,0.6038
DIAMONDS QUEEN DIAMONDS EIGHT,0.3616,0.0104,0.628
HEARTS TWO DIAMONDS EIGHT,0.6128,0.0442,0.343
DIAMONDS KING DIAMONDS EIGHT,0.3566,0.007,0.6364
HEARTS THREE DIAMONDS EIGHT,0.6374,0.0438,0.3188
DIAMONDS ACE DIAMONDS EIGHT,0.3592,0.0026,0.6382
HEARTS FOUR DIAMONDS EIGHT,0.624,0.0336,0.3424
HEARTS FIVE DIAMONDS EIGHT,0.5988,0.0398,0.3614
DIAMONDS TEN DIAMONDS EIGHT,0.3252,0.0254,0.6494
DIAMONDS JACK DIAMONDS EIGHT,0.345,0.019,0.636
SPADES JACK SPADES THREE,0.3818,0.016,0.6022
SPADES TEN SPADES THREE,0.3966,0.0262,0.5772
CLUBS FOUR HEARTS ACE,0.4022,0.0032,0.5946
CLUBS FOUR HEARTS QUEEN,0.415,0.0126,0.5724
CLUBS FOUR HEARTS KING,0.4174,0.0066,0.576
CLUBS SIX HEARTS TEN,0.2552,0.0756,0.6692
CLUBS SIX HEARTS JACK,0.2702,0.0558,0.674
SPADES FOUR DIAMONDS EIGHT,0.6098,0.041,0.3492
SPADES FIVE DIAMONDS EIGHT,0.597,0.038,0.365
SPADES TWO DIAMONDS EIGHT,0.617,0.0476,0.3354
SPADES THREE DIAMONDS EIGHT,0.6192,0.0458,0.335
CLUBS FOUR HEARTS JACK,0.418,0.0172,0.5648
SPADES EIGHT DIAMONDS EIGHT,0.2744,0.0648,0.6608
SPADES TEN DIAMONDS QUEEN,0.333,0.0106,0.6564
SPADES TEN HEARTS TWO,0.4236,0.025,0.5514
SPADES JACK HEARTS EIGHT,0.365,0.0162,0.6188
CLUBS FOUR HEARTS TEN,0.4224,0.0278,0.5498
SPADES NINE DIAMONDS EIGHT,0.2262,0.2186,0.5552
SPADES TEN HEARTS EIGHT,0.3428,0.0238,0.6334
SPADES JACK HEARTS TWO,0.416,0.0214,0.5626
SPADES JACK DIAMONDS QUEEN,0.3266,0.0094,0.664
SPADES SIX DIAMONDS EIGHT,0.6338,0.1008,0.2654
SPADES SEVEN DIAMONDS EIGHT,0.535,0.0396,0.4254
SPADES ACE HEARTS TWO,0.3976,0.0034,0.599
SPADES ACE DIAMONDS QUEEN,0.353,0.0044,0.6426
SPADES ACE HEARTS EIGHT,0.3734,0.003,0.6236
SPADES KING HEARTS EIGHT,0.3856,0.0058,0.6086
SPADES QUEEN HEARTS TWO,0.4178,0.0116,0.5706
SPADES QUEEN DIAMONDS QUEEN,0.1606,0.0224,0.817
SPADES KING DIAMONDS QUEEN,0.345,0.0058,0.6492
SPADES KING HEARTS TWO,0.43,0.0066,0.5634
SPADES QUEEN HEARTS EIGHT,0.3644,0.008,0.6276
CLUBS TWO HEARTS TEN,0.426,0.0238,0.5502
CLUBS TWO HEARTS JACK,0.4172,0.018,0.5648
SPADES SEVEN DIAMONDS NINE,0.2084,0.2988,0.4928
SPADES SIX DIAMONDS NINE,0.0124,0.9694,0.0182
SPADES NINE DIAMONDS NINE,0.1106,0.0726,0.8168
SPADES EIGHT DIAMONDS NINE,0.219,0.2172,0.5638
SPADES TEN CLUBS KING,0.3388,0.006,0.6552
DIAMONDS NINE SPADES THREE,0.4126,0.3744,0.213
SPADES JACK CLUBS KING,0.3364,0.006,0.6576
DIAMONDS NINE SPADES TWO,0.415,0.3658,0.2192
SPADES FIVE DIAMONDS NINE,0.3958,0.373,0.2312
DIAMONDS NINE SPADES FOUR,0.41,0.3712,0.2188
CLUBS EIGHT DIAMONDS NINE,0.2098,0.231,0.5592
CLUBS SIX DIAMONDS NINE,0.008,0.9828,0.0092
SPADES JACK CLUBS FOUR,0.4214,0.0174,0.5612
CLUBS SEVEN DIAMONDS NINE,0.2106,0.3156,0.4738
SPADES TEN CLUBS FOUR,0.418,0.031,0.551
CLUBS FOUR DIAMONDS NINE,0.406,0.3768,0.2172
CLUBS FIVE DIAMONDS NINE,0.4056,0.3852,0.2092
CLUBS TWO DIAMONDS NINE,0.411,0.3782,0.2108
CLUBS THREE DIAMONDS NINE,0.4072,0.3798,0.213
DIAMONDS NINE HEARTS EIGHT,0.2274,0.2182,0.5544
DIAMONDS NINE HEARTS NINE,0.1144,0.069,0.8166
HEARTS SIX DIAMONDS NINE,0.0106,0.9744,0.015
HEARTS SEVEN DIAMONDS NINE,0.2228,0.2998,0.4774
DIAMONDS ACE DIAMONDS NINE,0.2436,0.0226,0.7338
HEARTS FOUR DIAMONDS NINE,0.4182,0.372,0.2098
HEARTS FIVE DIAMONDS NINE,0.392,0.3832,0.2248
HEARTS ACE CLUBS TWO,0.4014,0.0034,0.5952
SPADES ACE CLUBS FOUR,0.4062,0.0044,0.5894
DIAMONDS NINE DIAMONDS QUEEN,0.2558,0.0472,0.697
HEARTS TWO DIAMONDS NINE,0.4038,0.371,0.2252
CLUBS TWO HEARTS KING,0.4248,0.0102,0.565
SPADES KING CLUBS FOUR,0.4198,0.0066,0.5736
DIAMONDS KING DIAMONDS NINE,0.2478,0.0342,0.718
HEARTS THREE DIAMONDS NINE,0.4156,0.3586,0.2258
CLUBS TWO HEARTS QUEEN,0.428,0.0118,0.5602
SPADES QUEEN CLUBS FOUR,0.4226,0.0104,0.567
DIAMONDS NINE DIAMONDS JACK,0.2272,0.0606,0.7122
CLUBS EIGHT SPADES NINE,0.2276,0.2194,0.553
DIAMONDS TEN DIAMONDS NINE,0.226,0.075,0.699
CLUBS EIGHT SPADES EIGHT,0.275,0.0582,0.6668
CLUBS EIGHT SPADES SEVEN,0.5584,0.0414,0.4002
CLUBS EIGHT SPADES SIX,0.6516,0.1024,0.246
CLUBS EIGHT SPADES FIVE,0.6162,0.0452,0.3386
CLUBS EIGHT SPADES FOUR,0.6202,0.0442,0.3356
CLUBS EIGHT SPADES THREE,0.62,0.0428,0.3372
CLUBS EIGHT SPADES TWO,0.6158,0.0462,0.338
HEARTS SIX DIAMONDS TEN,0.257,0.079,0.664
HEARTS SEVEN DIAMONDS TEN,0.362,0.0242,0.6138
DIAMONDS TEN HEARTS EIGHT,0.3322,0.0302,0.6376
CLUBS JACK CLUBS FOUR,0.403,0.0176,0.5794
DIAMONDS TEN HEARTS NINE,0.2346,0.0818,0.6836
CLUBS TEN CLUBS FOUR,0.3904,0.0268,0.5828
CLUBS FOUR CLUBS KING,0.4008,0.0094,0.5898
CLUBS FOUR CLUBS QUEEN,0.402,0.0152,0.5828
DIAMONDS TEN CLUBS TWO,0.4202,0.0286,0.5512
CLUBS THREE DIAMONDS TEN,0.4104,0.028,0.5616
CLUBS FOUR CLUBS ACE,0.3892,0.0036,0.6072
DIAMONDS TEN DIAMONDS JACK,0.3102,0.0112,0.6786
DIAMONDS TEN DIAMONDS QUEEN,0.3246,0.0106,0.6648
HEARTS TWO DIAMONDS TEN,0.4202,0.0252,0.5546
DIAMONDS KING DIAMONDS TEN,0.3268,0.0098,0.6634
HEARTS THREE DIAMONDS TEN,0.4188,0.0278,0.5534
DIAMONDS ACE DIAMONDS TEN,0.331,0.004,0.665
HEARTS FOUR DIAMONDS TEN,0.401,0.0304,0.5686
CLUBS EIGHT HEARTS JACK,0.3606,0.0162,0.6232
HEARTS FIVE DIAMONDS TEN,0.394,0.0296,0.5764
CLUBS EIGHT HEARTS TEN,0.3546,0.026,0.6194
CLUBS EIGHT HEARTS QUEEN,0.3682,0.0116,0.6202
CLUBS EIGHT HEARTS KING,0.3814,0.0064,0.6122
CLUBS EIGHT HEARTS ACE,0.367,0.0054,0.6276
CLUBS TEN HEARTS EIGHT,0.3442,0.0256,0.6302
CLUBS JACK HEARTS EIGHT,0.3558,0.016,0.6282
HEARTS EIGHT CLUBS QUEEN,0.363,0.0104,0.6266
CLUBS KING HEARTS EIGHT,0.3802,0.0066,0.6132
CLUBS ACE HEARTS EIGHT,0.3666,0.0044,0.629
SPADES KING CLUBS KING,0.168,0.0134,0.8186
SPADES QUEEN CLUBS KING,0.3418,0.0078,0.6504
SPADES ACE CLUBS KING,0.3434,0.0036,0.653
DIAMONDS ACE HEARTS TEN,0.344,0.0048,0.6512
HEARTS FOUR HEARTS TEN,0.3912,0.0282,0.5806
DIAMONDS ACE HEARTS JACK,0.3316,0.0042,0.6642
HEARTS FOUR HEARTS JACK,0.3896,0.014,0.5964
SPADES KING CLUBS FIVE,0.4088,0.0064,0.5848
SPADES QUEEN CLUBS FIVE,0.4196,0.0122,0.5682
SPADES ACE CLUBS FIVE,0.3986,0.0034,0.598
HEARTS SEVEN DIAMONDS JACK,0.362,0.015,0.623
HEARTS SIX DIAMONDS JACK,0.2524,0.0518,0.6958
DIAMONDS JACK HEARTS NINE,0.2268,0.0604,0.7128
DIAMONDS JACK HEARTS EIGHT,0.3528,0.0162,0.631
DIAMONDS KING DIAMONDS JACK,0.3216,0.0076,0.6708
HEARTS THREE DIAMONDS JACK,0.4076,0.0186,0.5738
SPADES ACE SPADES SIX,0.249,0.0198,0.7312
HEARTS ACE SPADES FOUR,0.402,0.004,0.594
DIAMONDS QUEEN DIAMONDS JACK,0.3168,0.0064,0.6768
HEARTS TWO DIAMONDS JACK,0.3948,0.022,0.5832
HEARTS FIVE DIAMONDS JACK,0.4046,0.0182,0.5772
SPADES QUEEN SPADES SIX,0.2546,0.0428,0.7026
SPADES FOUR HEARTS QUEEN,0.4166,0.009,0.5744
DIAMONDS ACE DIAMONDS JACK,0.3306,0.0058,0.6636
HEARTS FOUR DIAMONDS JACK,0.4118,0.0168,0.5714
SPADES KING SPADES SIX,0.2474,0.0354,0.7172
SPADES FOUR HEARTS KING,0.419,0.006,0.575
SPADES TEN SPADES SIX,0.235,0.0762,0.6888
SPADES JACK SPADES SIX,0.249,0.0492,0.7018
SPADES FOUR DIAMONDS JACK,0.4074,0.0214,0.5712
SPADES FIVE DIAMONDS JACK,0.4048,0.0256,0.5696
DIAMONDS JACK SPADES TWO,0.427,0.017,0.556
SPADES THREE DIAMONDS JACK,0.4146,0.0188,0.5666
SPADES ACE DIAMONDS THREE,0.4208,0.0042,0.575
SPADES QUEEN DIAMONDS THREE,0.4106,0.0124,0.577
CLUBS EIGHT DIAMONDS JACK,0.3518,0.0188,0.6294
SPADES KING DIAMONDS THREE,0.4238,0.0072,0.569
CLUBS SIX DIAMONDS JACK,0.2618,0.0556,0.6826
CLUBS SEVEN DIAMONDS JACK,0.3664,0.015,0.6186
CLUBS FOUR DIAMONDS JACK,0.4064,0.0174,0.5762
CLUBS FIVE DIAMONDS JACK,0.4052,0.0198,0.575
CLUBS TWO DIAMONDS JACK,0.4086,0.0202,0.5712
CLUBS THREE DIAMONDS JACK,0.4114,0.018,0.5706
SPADES TEN CLUBS FIVE,0.403,0.0252,0.5718
SPADES JACK HEARTS SIX,0.2792,0.0574,0.6634
HEARTS SIX SPADES TEN,0.2548,0.075,0.6702
SPADES JACK CLUBS FIVE,0.4116,0.0168,0.5716
SPADES JACK DIAMONDS THREE,0.426,0.0166,0.5574
CLUBS SEVEN CLUBS ACE,0.3452,0.0054,0.6494
DIAMONDS THREE SPADES TEN,0.4242,0.0208,0.555
CLUBS SEVEN CLUBS QUEEN,0.3654,0.0122,0.6224
CLUBS SEVEN CLUBS KING,0.3586,0.0098,0.6316
SPADES NINE DIAMONDS JACK,0.2372,0.0612,0.7016
CLUBS TEN CLUBS SEVEN,0.3242,0.0272,0.6486
DIAMONDS ACE HEARTS ACE,0.1488,0.002,0.8492
HEARTS FOUR HEARTS ACE,0.3762,0.0054,0.6184
SPADES EIGHT DIAMONDS JACK,0.3604,0.019,0.6206
SPADES ACE HEARTS SIX,0.2658,0.0212,0.713
CLUBS JACK CLUBS SEVEN,0.3622,0.0188,0.619
DIAMONDS ACE HEARTS KING,0.3532,0.0024,0.6444
HEARTS FOUR HEARTS KING,0.4046,0.0056,0.5898
SPADES SEVEN DIAMONDS JACK,0.365,0.0188,0.6162
SPADES KING HEARTS SIX,0.2732,0.0342,0.6926
DIAMONDS ACE HEARTS QUEEN,0.3422,0.0042,0.6536
HEARTS FOUR HEARTS QUEEN,0.3918,0.01,0.5982
SPADES QUEEN HEARTS SIX,0.2594,0.047,0.6936
SPADES SIX DIAMONDS JACK,0.2638,0.056,0.6802
DIAMONDS TEN SPADES TWO,0.4178,0.0282,0.554
DIAMONDS TEN SPADES THREE,0.4206,0.0242,0.5552
DIAMONDS TEN SPADES FOUR,0.4082,0.0268,0.565
DIAMONDS TEN SPADES FIVE,0.396,0.0308,0.5732
SPADES SIX DIAMONDS TEN,0.2576,0.0734,0.669
SPADES SEVEN DIAMONDS TEN,0.3572,0.025,0.6178
SPADES EIGHT DIAMONDS TEN,0.3352,0.0268,0.638
SPADES NINE DIAMONDS TEN,0.2358,0.0756,0.6886
CLUBS FOUR DIAMONDS TEN,0.406,0.0248,0.5692
CLUBS FIVE DIAMONDS TEN,0.4028,0.028,0.5692
CLUBS SIX DIAMONDS TEN,0.247,0.0814,0.6716
CLUBS SEVEN DIAMONDS TEN,0.3478,0.0298,0.6224
CLUBS EIGHT DIAMONDS TEN,0.3418,0.024,0.6342
CLUBS JACK DIAMONDS THREE,0.4246,0.0152,0.5602
CLUBS TEN DIAMONDS THREE,0.4024,0.0304,0.5672
DIAMONDS THREE CLUBS KING,0.4094,0.0068,0.5838
DIAMONDS THREE CLUBS QUEEN,0.4096,0.0118,0.5786
DIAMONDS THREE CLUBS ACE,0.415,0.0054,0.5796
SPADES FOUR HEARTS JACK,0.412,0.0186,0.5694
SPADES FOUR HEARTS TEN,0.4114,0.0274,0.5612
SPADES FIVE SPADES TWO,0.5784,0.039,0.3826
SPADES FOUR SPADES TWO,0.576,0.041,0.383
SPADES THREE SPADES TWO,0.579,0.041,0.38
SPADES NINE SPADES TWO,0.393,0.3398,0.2672
SPADES EIGHT SPADES TWO,0.5794,0.0434,0.3772
SPADES SEVEN SPADES TWO,0.5862,0.0386,0.3752
SPADES SIX SPADES TWO,0.6096,0.1128,0.2776
CLUBS THREE DIAMONDS QUEEN,0.4136,0.0094,0.577
CLUBS THREE HEARTS TWO,0.6136,0.047,0.3394
CLUBS TWO DIAMONDS QUEEN,0.4272,0.0104,0.5624
HEARTS TWO CLUBS TWO,0.4042,0.0742,0.5216
HEARTS SEVEN DIAMONDS QUEEN,0.3806,0.009,0.6104
HEARTS SEVEN HEARTS TWO,0.607,0.0374,0.3556
HEARTS SIX DIAMONDS QUEEN,0.252,0.0488,0.6992
HEARTS SIX HEARTS TWO,0.6078,0.1052,0.287
DIAMONDS QUEEN HEARTS NINE,0.2536,0.048,0.6984
HEARTS TWO HEARTS NINE,0.381,0.3592,0.2598
DIAMONDS QUEEN HEARTS EIGHT,0.3796,0.0114,0.609
HEARTS TWO HEARTS EIGHT,0.5818,0.0376,0.3806
CLUBS EIGHT HEARTS TWO,0.636,0.0392,0.3248
CLUBS EIGHT DIAMONDS QUEEN,0.3696,0.0124,0.618
CLUBS FIVE DIAMONDS QUEEN,0.4184,0.0106,0.571
CLUBS FIVE HEARTS TWO,0.6284,0.0424,0.3292
SPADES EIGHT HEARTS ACE,0.3602,0.0052,0.6346
CLUBS FOUR DIAMONDS QUEEN,0.4064,0.0138,0.5798
CLUBS FOUR HEARTS TWO,0.6242,0.0394,0.3364
CLUBS SEVEN DIAMONDS QUEEN,0.39,0.0114,0.5986
CLUBS SEVEN HEARTS TWO,0.6272,0.0416,0.3312
SPADES EIGHT HEARTS QUEEN,0.3744,0.008,0.6176
CLUBS SIX DIAMONDS QUEEN,0.2672,0.0464,0.6864
CLUBS SIX HEARTS TWO,0.6652,0.1092,0.2256
SPADES EIGHT HEARTS KING,0.3704,0.0048,0.6248
HEARTS TWO SPADES SIX,0.6436,0.1136,0.2428
SPADES SIX DIAMONDS QUEEN,0.2652,0.0522,0.6826
HEARTS FOUR CLUBS QUEEN,0.4102,0.0122,0.5776
DIAMONDS ACE CLUBS QUEEN,0.3218,0.0046,0.6736
SPADES SEVEN DIAMONDS QUEEN,0.3772,0.0128,0.61
SPADES SEVEN HEARTS TWO,0.6256,0.0392,0.3352
HEARTS FOUR CLUBS KING,0.4244,0.007,0.5686
DIAMONDS ACE CLUBS KING,0.3368,0.0042,0.659
SPADES EIGHT DIAMONDS QUEEN,0.3698,0.0098,0.6204
SPADES EIGHT HEARTS TWO,0.6044,0.0464,0.3492
HEARTS FOUR CLUBS ACE,0.3998,0.0066,0.5936
DIAMONDS ACE CLUBS ACE,0.1396,0.0046,0.8558
SPADES NINE DIAMONDS QUEEN,0.2538,0.0454,0.7008
SPADES NINE HEARTS TWO,0.4278,0.3564,0.2158
HEARTS TWO SPADES TWO,0.408,0.0704,0.5216
DIAMONDS QUEEN SPADES TWO,0.4132,0.0116,0.5752
HEARTS TWO SPADES THREE,0.6136,0.044,0.3424
DIAMONDS QUEEN SPADES THREE,0.4054,0.0112,0.5834
HEARTS TWO SPADES FOUR,0.6138,0.0464,0.3398
SPADES FOUR DIAMONDS QUEEN,0.4194,0.01,0.5706
CLUBS TEN HEARTS FOUR,0.4026,0.0278,0.5696
CLUBS TEN DIAMONDS ACE,0.3376,0.0042,0.6582
HEARTS TWO SPADES FIVE,0.617,0.043,0.34
SPADES FIVE DIAMONDS QUEEN,0.404,0.0092,0.5868
CLUBS JACK HEARTS FOUR,0.4144,0.021,0.5646
CLUBS JACK DIAMONDS ACE,0.3386,0.0038,0.6576
CLUBS FIVE CLUBS KING,0.391,0.0078,0.6012
CLUBS FIVE CLUBS QUEEN,0.3936,0.0128,0.5936
CLUBS FIVE CLUBS ACE,0.3822,0.0058,0.612
CLUBS JACK CLUBS FIVE,0.3954,0.0182,0.5864
CLUBS TEN CLUBS FIVE,0.401,0.0256,0.5734
SPADES KING CLUBS JACK,0.3422,0.0072,0.6506
CLUBS JACK SPADES QUEEN,0.3302,0.0082,0.6616
SPADES ACE CLUBS JACK,0.3464,0.0032,0.6504
SPADES SIX CLUBS KING,0.2708,0.0352,0.694
SPADES SIX CLUBS QUEEN,0.2494,0.0436,0.707
SPADES EIGHT HEARTS JACK,0.3568,0.0164,0.6268
SPADES SIX CLUBS ACE,0.262,0.0216,0.7164
SPADES EIGHT HEARTS TEN,0.3472,0.0254,0.6274
CLUBS JACK SPADES SIX,0.2552,0.0606,0.6842
CLUBS TEN SPADES SIX,0.2426,0.0696,0.6878
CLUBS JACK SPADES TEN,0.3254,0.0128,0.6618
CLUBS JACK SPADES JACK,0.168,0.0328,0.7992
SPADES QUEEN CLUBS SEVEN,0.3778,0.0132,0.609
SPADES KING CLUBS SEVEN,0.3812,0.0076,0.6112
SPADES ACE CLUBS SEVEN,0.3746,0.0036,0.6218
SPADES SIX HEARTS TEN,0.2432,0.0756,0.6812
SPADES SIX HEARTS JACK,0.2738,0.0588,0.6674
SPADES SIX HEARTS ACE,0.256,0.0198,0.7242
SPADES SIX HEARTS KING,0.264,0.0312,0.7048
SPADES SIX HEARTS QUEEN,0.2652,0.0466,0.6882
CLUBS SEVEN SPADES JACK,0.357,0.021,0.622
CLUBS SEVEN SPADES TEN,0.371,0.0262,0.6028
CLUBS TEN HEARTS SIX,0.254,0.0726,0.6734
CLUBS JACK HEARTS SIX,0.2576,0.0572,0.6852
CLUBS JACK CLUBS ACE,0.3304,0.0042,0.6654
HEARTS SIX CLUBS QUEEN,0.2624,0.0492,0.6884
HEARTS SIX CLUBS KING,0.2584,0.0368,0.7048
HEARTS SIX CLUBS ACE,0.2418,0.0264,0.7318
CLUBS JACK CLUBS QUEEN,0.3248,0.0084,0.6668
CLUBS JACK CLUBS KING,0.3148,0.0076,0.6776
DIAMONDS THREE HEARTS ACE,0.4128,0.004,0.5832
DIAMONDS THREE HEARTS QUEEN,0.4118,0.011,0.5772
DIAMONDS THREE HEARTS KING,0.4092,0.0068,0.584
CLUBS FIVE HEARTS JACK,0.4044,0.0164,0.5792
SPADES TEN DIAMONDS ACE,0.3436,0.0034,0.653
HEARTS FOUR SPADES TEN,0.4276,0.025,0.5474
CLUBS FIVE HEARTS TEN,0.4034,0.0286,0.568
HEARTS FOUR SPADES JACK,0.4142,0.016,0.5698
SPADES JACK DIAMONDS ACE,0.3318,0.0048,0.6634
SPADES ACE HEARTS FOUR,0.4082,0.0034,0.5884
SPADES ACE DIAMONDS ACE,0.144,0.0038,0.8522
CLUBS FIVE HEARTS ACE,0.4124,0.0046,0.583
CLUBS FIVE HEARTS KING,0.407,0.0082,0.5848
HEARTS FOUR SPADES QUEEN,0.418,0.0118,0.5702
SPADES QUEEN DIAMONDS ACE,0.3572,0.005,0.6378
CLUBS JACK SPADES FOUR,0.4128,0.0208,0.5664
CLUBS FIVE HEARTS QUEEN,0.412,0.0136,0.5744
SPADES KING DIAMONDS ACE,0.3526,0.0036,0.6438
SPADES KING HEARTS FOUR,0.4132,0.0084,0.5784
CLUBS TEN SPADES FOUR,0.4002,0.0272,0.5726
DIAMONDS ACE DIAMONDS QUEEN,0.3288,0.0032,0.668
DIAMONDS ACE HEARTS TWO,0.3926,0.0038,0.6036
HEARTS FOUR DIAMONDS QUEEN,0.416,0.0132,0.5708
HEARTS FOUR HEARTS TWO,0.572,0.0472,0.3808
DIAMONDS THREE HEARTS TEN,0.4262,0.0258,0.548
SPADES FOUR CLUBS KING,0.4186,0.0096,0.5718
HEARTS FIVE DIAMONDS QUEEN,0.402,0.0106,0.5874
HEARTS FIVE HEARTS TWO,0.579,0.0424,0.3786
DIAMONDS THREE HEARTS JACK,0.4134,0.0188,0.5678
SPADES FOUR CLUBS QUEEN,0.4154,0.0148,0.5698
HEARTS TWO DIAMONDS QUEEN,0.4208,0.014,0.5652
DIAMONDS KING DIAMONDS QUEEN,0.3228,0.0078,0.6694
DIAMONDS KING HEARTS TWO,0.4116,0.0052,0.5832
HEARTS THREE DIAMONDS QUEEN,0.4084,0.0112,0.5804
HEARTS THREE HEARTS TWO,0.5708,0.0378,0.3914
SPADES FOUR CLUBS ACE,0.4002,0.0038,0.596
HEARTS TWO CLUBS ACE,0.4058,0.0066,0.5876
DIAMONDS QUEEN CLUBS ACE,0.3394,0.0052,0.6554
HEARTS TWO CLUBS QUEEN,0.4118,0.011,0.5772
DIAMONDS QUEEN CLUBS QUEEN,0.161,0.0214,0.8176
HEARTS TWO CLUBS KING,0.4284,0.0084,0.5632
DIAMONDS QUEEN CLUBS KING,0.3424,0.0064,0.6512
SPADES EIGHT SPADES FIVE,0.569,0.037,0.394
CLUBS TEN HEARTS TWO,0.4112,0.0256,0.5632
CLUBS TEN DIAMONDS QUEEN,0.3138,0.0108,0.6754
SPADES NINE SPADES FIVE,0.3838,0.3426,0.2736
CLUBS JACK HEARTS TWO,0.4138,0.0148,0.5714
CLUBS JACK DIAMONDS QUEEN,0.3298,0.0126,0.6576
SPADES SIX SPADES FIVE,0.5896,0.1086,0.3018
SPADES SEVEN SPADES FIVE,0.5486,0.038,0.4134
DIAMONDS FIVE CLUBS QUEEN,0.4108,0.0136,0.5756
SPADES EIGHT CLUBS ACE,0.377,0.0046,0.6184
DIAMONDS FIVE CLUBS KING,0.4228,0.0094,0.5678
SPADES EIGHT CLUBS KING,0.381,0.0082,0.6108
DIAMONDS FIVE CLUBS ACE,0.3986,0.0046,0.5968
SPADES EIGHT CLUBS QUEEN,0.3658,0.0116,0.6226
CLUBS JACK SPADES EIGHT,0.3562,0.0176,0.6262
CLUBS TEN SPADES EIGHT,0.3424,0.0286,0.629
CLUBS TEN DIAMONDS FIVE,0.3932,0.0278,0.579
CLUBS JACK DIAMONDS FIVE,0.4176,0.018,0.5644
DIAMONDS TEN HEARTS JACK,0.3294,0.013,0.6576
DIAMONDS TEN HEARTS TEN,0.1544,0.0394,0.8062
HEARTS SIX HEARTS KING,0.2534,0.0306,0.716
DIAMONDS KING SPADES SEVEN,0.383,0.0068,0.6102
HEARTS THREE SPADES SEVEN,0.6134,0.0416,0.345
SPADES KING DIAMONDS SEVEN,0.374,0.0058,0.6202
HEARTS SIX HEARTS QUEEN,0.2538,0.0374,0.7088
SPADES QUEEN DIAMONDS SEVEN,0.375,0.0076,0.6174
HEARTS THREE SPADES SIX,0.6428,0.109,0.2482
DIAMONDS KING SPADES SIX,0.2692,0.0386,0.6922
SPADES NINE DIAMONDS KING,0.2516,0.0388,0.7096
SPADES NINE HEARTS THREE,0.4188,0.3626,0.2186
HEARTS SIX HEARTS ACE,0.247,0.0224,0.7306
DIAMONDS KING SPADES EIGHT,0.3794,0.007,0.6136
SPADES EIGHT HEARTS THREE,0.6284,0.0372,0.3344
SPADES ACE DIAMONDS SEVEN,0.3674,0.0044,0.6282
CLUBS EIGHT HEARTS THREE,0.6198,0.0426,0.3376
CLUBS EIGHT DIAMONDS KING,0.3778,0.0078,0.6144
HEARTS THREE SPADES THREE,0.4056,0.0816,0.5128
DIAMONDS KING SPADES THREE,0.4182,0.0076,0.5742
HEARTS THREE SPADES TWO,0.616,0.0458,0.3382
