opposingHand,winningChance,drawChance,lostChance
CLUBS EIGHT DIAMONDS JACK
HEARTS FIVE SPADES TEN,0.639,0.0168,0.3442
HEARTS FIVE SPADES JACK,0.5454,0.2186,0.236
CLUBS JACK SPADES FIVE,0.5352,0.2282,0.2366
CLUBS TEN SPADES FIVE,0.6384,0.0156,0.346
SPADES FIVE CLUBS ACE,0.4108,0.0058,0.5834
SPADES FIVE CLUBS KING,0.408,0.0064,0.5856
SPADES FIVE CLUBS QUEEN,0.4078,0.0128,0.5794
DIAMONDS TWO DIAMONDS THREE,0.6226,0.0186,0.3588
DIAMONDS TWO DIAMONDS FIVE,0.6116,0.0184,0.37
HEARTS FIVE SPADES KING,0.4218,0.0082,0.57
DIAMONDS TWO DIAMONDS FOUR,0.6194,0.0188,0.3618
HEARTS FIVE SPADES QUEEN,0.4058,0.009,0.5852
DIAMONDS TWO DIAMONDS SEVEN,0.6498,0.018,0.3322
DIAMONDS TWO DIAMONDS SIX,0.632,0.017,0.351
SPADES ACE HEARTS FIVE,0.4018,0.0046,0.5936
DIAMONDS TWO DIAMONDS NINE,0.6166,0.0142,0.3692
DIAMONDS TWO DIAMONDS EIGHT,0.6972,0.0608,0.242
DIAMONDS THREE DIAMONDS FOUR,0.6032,0.0164,0.3804
CLUBS TWO SPADES FOUR,0.6438,0.019,0.3372
DIAMONDS THREE DIAMONDS FIVE,0.607,0.0198,0.3732
SPADES FIVE CLUBS TWO,0.6418,0.0172,0.341
CLUBS TWO SPADES TWO,0.4666,0.0426,0.4908
CLUBS TWO SPADES THREE,0.643,0.0172,0.3398
DIAMONDS THREE DIAMONDS EIGHT,0.6786,0.064,0.2574
SPADES EIGHT CLUBS TWO,0.7218,0.0584,0.2198
DIAMONDS THREE DIAMONDS NINE,0.615,0.015,0.37
SPADES NINE CLUBS TWO,0.661,0.0148,0.3242
DIAMONDS THREE DIAMONDS SIX,0.6114,0.0176,0.371
SPADES SIX CLUBS TWO,0.6584,0.0154,0.3262
DIAMONDS THREE DIAMONDS SEVEN,0.6256,0.02,0.3544
SPADES SEVEN CLUBS TWO,0.6736,0.0184,0.308
CLUBS SIX CLUBS TWO,0.6166,0.0178,0.3656
CLUBS SEVEN CLUBS TWO,0.6406,0.016,0.3434
CLUBS FOUR CLUBS TWO,0.6192,0.0154,0.3654
CLUBS FIVE CLUBS TWO,0.6034,0.0172,0.3794
CLUBS TEN CLUBS JACK,0.225,0.1144,0.6606
DIAMONDS FOUR DIAMONDS SIX,0.609,0.019,0.372
CLUBS TEN CLUBS QUEEN,0.3282,0.0112,0.6606
DIAMONDS FOUR DIAMONDS SEVEN,0.618,0.021,0.361
CLUBS TEN CLUBS KING,0.3352,0.0076,0.6572
CLUBS TEN CLUBS ACE,0.3466,0.0032,0.6502
DIAMONDS FIVE DIAMONDS FOUR,0.5756,0.0158,0.4086
CLUBS NINE CLUBS TWO,0.6042,0.017,0.3788
DIAMONDS NINE DIAMONDS FOUR,0.6256,0.0162,0.3582
DIAMONDS EIGHT DIAMONDS FOUR,0.6712,0.06,0.2688
CLUBS THREE CLUBS TWO,0.6112,0.0188,0.37
DIAMONDS NINE DIAMONDS FIVE,0.6032,0.019,0.3778
CLUBS JACK DIAMONDS TWO,0.5506,0.2308,0.2186
DIAMONDS EIGHT DIAMONDS FIVE,0.6438,0.059,0.2972
CLUBS TEN DIAMONDS TWO,0.6382,0.0166,0.3452
DIAMONDS FIVE DIAMONDS SEVEN,0.6046,0.0212,0.3742
DIAMONDS FIVE DIAMONDS SIX,0.591,0.0154,0.3936
DIAMONDS TWO CLUBS ACE,0.4126,0.0062,0.5812
DIAMONDS TWO CLUBS KING,0.4262,0.0084,0.5654
DIAMONDS TWO CLUBS QUEEN,0.4226,0.008,0.5694
DIAMONDS EIGHT DIAMONDS SIX,0.662,0.0572,0.2808
DIAMONDS NINE DIAMONDS SIX,0.5934,0.0154,0.3912
HEARTS ACE SPADES THREE,0.417,0.0046,0.5784
SPADES THREE HEARTS KING,0.4256,0.0076,0.5668
DIAMONDS SEVEN DIAMONDS SIX,0.5942,0.0158,0.39
HEARTS QUEEN SPADES THREE,0.428,0.0086,0.5634
SPADES THREE HEARTS JACK,0.5614,0.213,0.2256
SPADES THREE HEARTS TEN,0.647,0.0168,0.3362
DIAMONDS EIGHT DIAMONDS SEVEN,0.6354,0.057,0.3076
DIAMONDS NINE DIAMONDS SEVEN,0.5938,0.0164,0.3898
DIAMONDS NINE DIAMONDS EIGHT,0.6578,0.0522,0.29
DIAMONDS KING HEARTS TEN,0.3556,0.0062,0.6382
HEARTS THREE HEARTS TEN,0.6038,0.0154,0.3808
SPADES JACK CLUBS SIX,0.5586,0.2246,0.2168
DIAMONDS KING HEARTS JACK,0.2342,0.0258,0.74
HEARTS THREE HEARTS JACK,0.5198,0.2114,0.2688
SPADES TEN CLUBS SIX,0.6304,0.0182,0.3514
SPADES JACK SPADES FIVE,0.515,0.2038,0.2812
SPADES TEN SPADES FIVE,0.5924,0.0158,0.3918
DIAMONDS KING HEARTS ACE,0.3466,0.0036,0.6498
HEARTS THREE HEARTS ACE,0.3872,0.004,0.6088
SPADES ACE CLUBS SIX,0.4318,0.0046,0.5636
DIAMONDS KING HEARTS QUEEN,0.3358,0.0064,0.6578
HEARTS THREE HEARTS QUEEN,0.4008,0.0102,0.589
SPADES KING CLUBS SIX,0.4248,0.0074,0.5678
DIAMONDS KING HEARTS KING,0.1606,0.0044,0.835
HEARTS THREE HEARTS KING,0.4058,0.0074,0.5868
SPADES QUEEN CLUBS SIX,0.4238,0.0104,0.5658
SPADES NINE HEARTS TEN,0.582,0.0136,0.4044
SPADES NINE HEARTS JACK,0.2316,0.1634,0.605
SPADES QUEEN SPADES FIVE,0.3992,0.0112,0.5896
SPADES KING SPADES FIVE,0.3924,0.0056,0.602
SPADES ACE SPADES FIVE,0.3898,0.0044,0.6058
SPADES NINE HEARTS QUEEN,0.3594,0.011,0.6296
SPADES NINE HEARTS KING,0.3672,0.0084,0.6244
SPADES NINE HEARTS ACE,0.3902,0.0036,0.6062
CLUBS TEN SPADES JACK,0.2188,0.122,0.6592
CLUBS TEN SPADES TEN,0.2842,0.0248,0.691
SPADES ACE CLUBS TEN,0.3634,0.0036,0.633
CLUBS TEN SPADES KING,0.336,0.0074,0.6566
CLUBS TEN SPADES QUEEN,0.3478,0.008,0.6442
SPADES FIVE HEARTS QUEEN,0.4296,0.0098,0.5606
SPADES FIVE HEARTS KING,0.4314,0.005,0.5636
HEARTS ACE SPADES FIVE,0.4094,0.004,0.5866
SPADES JACK HEARTS THREE,0.5486,0.2232,0.2282
SPADES JACK DIAMONDS KING,0.2326,0.0276,0.7398
SPADES TEN DIAMONDS KING,0.35,0.0062,0.6438
SPADES TEN HEARTS THREE,0.6462,0.0158,0.338
CLUBS SIX HEARTS ACE,0.4128,0.0038,0.5834
HEARTS FIVE CLUBS JACK,0.5496,0.2238,0.2266
CLUBS TEN HEARTS FIVE,0.6406,0.0194,0.34
CLUBS SIX HEARTS QUEEN,0.4276,0.008,0.5644
CLUBS TEN SPADES THREE,0.6352,0.0216,0.3432
CLUBS SIX HEARTS KING,0.4124,0.0056,0.582
CLUBS JACK SPADES THREE,0.5432,0.224,0.2328
DIAMONDS TWO HEARTS JACK,0.5676,0.2148,0.2176
SPADES THREE CLUBS QUEEN,0.433,0.0124,0.5546
DIAMONDS TWO HEARTS TEN,0.6456,0.0186,0.3358
SPADES THREE CLUBS KING,0.4392,0.007,0.5538
HEARTS FIVE CLUBS ACE,0.4046,0.0034,0.592
SPADES FIVE HEARTS TEN,0.6418,0.0158,0.3424
SPADES THREE CLUBS ACE,0.399,0.0042,0.5968
HEARTS FIVE CLUBS KING,0.418,0.007,0.575
SPADES FIVE HEARTS JACK,0.5436,0.2162,0.2402
HEARTS FIVE CLUBS QUEEN,0.4112,0.0102,0.5786
HEARTS THREE CLUBS KING,0.4192,0.0088,0.572
DIAMONDS KING CLUBS KING,0.1526,0.0088,0.8386
HEARTS THREE CLUBS QUEEN,0.4198,0.01,0.5702
DIAMONDS KING CLUBS QUEEN,0.3132,0.0074,0.6794
HEARTS FIVE HEARTS JACK,0.5182,0.2124,0.2694
HEARTS FIVE HEARTS TEN,0.593,0.021,0.386
HEARTS THREE CLUBS ACE,0.4326,0.0042,0.5632
DIAMONDS KING CLUBS ACE,0.3428,0.0056,0.6516
SPADES ACE CLUBS QUEEN,0.3352,0.0052,0.6596
SPADES KING CLUBS QUEEN,0.3214,0.0066,0.672
CLUBS JACK HEARTS THREE,0.5536,0.2234,0.223
CLUBS JACK DIAMONDS KING,0.2178,0.0342,0.748
SPADES QUEEN CLUBS QUEEN,0.1562,0.0114,0.8324
CLUBS TEN HEARTS THREE,0.6372,0.0164,0.3464
CLUBS TEN DIAMONDS KING,0.347,0.0062,0.6468
SPADES JACK CLUBS QUEEN,0.2378,0.0394,0.7228
CLUBS SIX CLUBS QUEEN,0.4116,0.0108,0.5776
SPADES TEN CLUBS QUEEN,0.3496,0.0082,0.6422
CLUBS SIX CLUBS KING,0.4052,0.008,0.5868
CLUBS SIX CLUBS ACE,0.3958,0.0048,0.5994
HEARTS FIVE HEARTS KING,0.3908,0.0064,0.6028
HEARTS FIVE HEARTS QUEEN,0.385,0.0082,0.6068
CLUBS TEN CLUBS SIX,0.6008,0.017,0.3822
HEARTS FIVE HEARTS ACE,0.3944,0.003,0.6026
CLUBS JACK CLUBS SIX,0.5304,0.2184,0.2512
SPADES SEVEN HEARTS JACK,0.5444,0.2248,0.2308
SPADES SEVEN HEARTS TEN,0.6198,0.0204,0.3598
DIAMONDS TWO CLUBS TWO,0.4558,0.038,0.5062
DIAMONDS TWO CLUBS THREE,0.657,0.0194,0.3236
DIAMONDS TWO HEARTS SIX,0.6616,0.0162,0.3222
DIAMONDS TWO HEARTS QUEEN,0.4272,0.0122,0.5606
HEARTS SEVEN DIAMONDS TWO,0.6802,0.0174,0.3024
DIAMONDS TWO HEARTS KING,0.4282,0.0066,0.5652
DIAMONDS TWO HEARTS EIGHT,0.7294,0.057,0.2136
DIAMONDS TWO HEARTS ACE,0.4288,0.0056,0.5656
DIAMONDS TWO HEARTS NINE,0.632,0.022,0.346
DIAMONDS TWO DIAMONDS QUEEN,0.4128,0.011,0.5762
DIAMONDS TWO HEARTS TWO,0.4464,0.034,0.5196
DIAMONDS TWO DIAMONDS KING,0.4088,0.0076,0.5836
DIAMONDS TWO HEARTS THREE,0.6478,0.02,0.3322
DIAMONDS TWO DIAMONDS ACE,0.4076,0.0054,0.587
HEARTS FOUR DIAMONDS TWO,0.6306,0.0228,0.3466
HEARTS FIVE DIAMONDS TWO,0.6348,0.0206,0.3446
SPADES SEVEN HEARTS ACE,0.4106,0.0034,0.586
DIAMONDS TWO DIAMONDS TEN,0.622,0.0148,0.3632
SPADES SEVEN HEARTS KING,0.4234,0.007,0.5696
SPADES SEVEN HEARTS QUEEN,0.4136,0.0066,0.5798
DIAMONDS TWO SPADES NINE,0.6516,0.0152,0.3332
DIAMONDS TWO SPADES EIGHT,0.7168,0.0618,0.2214
DIAMONDS TWO SPADES SEVEN,0.6826,0.0152,0.3022
DIAMONDS TWO SPADES SIX,0.6586,0.0188,0.3226
DIAMONDS TWO SPADES FIVE,0.6382,0.021,0.3408
DIAMONDS TWO SPADES FOUR,0.6454,0.018,0.3366
DIAMONDS TWO SPADES THREE,0.6412,0.0162,0.3426
DIAMONDS TWO SPADES TWO,0.445,0.036,0.519
DIAMONDS TWO CLUBS NINE,0.6502,0.0182,0.3316
CLUBS SEVEN DIAMONDS TWO,0.688,0.0144,0.2976
DIAMONDS TWO CLUBS SIX,0.6652,0.019,0.3158
DIAMONDS TWO CLUBS FIVE,0.6456,0.0194,0.335
DIAMONDS TWO CLUBS FOUR,0.6544,0.0194,0.3262
CLUBS FOUR SPADES FIVE,0.6068,0.0188,0.3744
CLUBS FOUR SPADES FOUR,0.456,0.0348,0.5092
CLUBS FOUR SPADES THREE,0.6308,0.0158,0.3534
CLUBS FOUR SPADES TWO,0.6364,0.0208,0.3428
SPADES NINE CLUBS FOUR,0.6496,0.013,0.3374
SPADES EIGHT CLUBS FOUR,0.71,0.0642,0.2258
SPADES SEVEN CLUBS FOUR,0.6554,0.0156,0.329
CLUBS FOUR SPADES SIX,0.6352,0.0162,0.3486
SPADES ACE DIAMONDS SIX,0.4236,0.0042,0.5722
SPADES QUEEN DIAMONDS SIX,0.4346,0.0114,0.554
SPADES KING DIAMONDS SIX,0.42,0.0058,0.5742
SPADES TEN DIAMONDS SIX,0.6408,0.0172,0.342
SPADES JACK DIAMONDS SIX,0.5478,0.2286,0.2236
SPADES QUEEN SPADES TWO,0.3986,0.0106,0.5908
SPADES KING SPADES TWO,0.401,0.0064,0.5926
SPADES ACE SPADES TWO,0.3992,0.0048,0.596
DIAMONDS THREE DIAMONDS TEN,0.6092,0.0172,0.3736
DIAMONDS THREE DIAMONDS KING,0.4132,0.0058,0.581
DIAMONDS THREE HEARTS THREE,0.454,0.0376,0.5084
DIAMONDS THREE DIAMONDS QUEEN,0.398,0.0096,0.5924
DIAMONDS THREE HEARTS TWO,0.6402,0.0206,0.3392
HEARTS FIVE DIAMONDS THREE,0.611,0.0166,0.3724
DIAMONDS THREE DIAMONDS ACE,0.3958,0.004,0.6002
HEARTS FOUR DIAMONDS THREE,0.6386,0.0176,0.3438
HEARTS SEVEN DIAMONDS THREE,0.6496,0.0192,0.3312
SPADES TEN SPADES NINE,0.534,0.0156,0.4504
HEARTS SIX DIAMONDS THREE,0.6468,0.0188,0.3344
SPADES JACK SPADES NINE,0.2192,0.155,0.6258
DIAMONDS THREE HEARTS NINE,0.6602,0.0162,0.3236
HEARTS JACK DIAMONDS FOUR,0.5556,0.2278,0.2166
HEARTS ACE HEARTS KING,0.3192,0.0034,0.6774
SPADES TEN SPADES TWO,0.5964,0.0178,0.3858
DIAMONDS THREE HEARTS EIGHT,0.7072,0.0654,0.2274
HEARTS TEN DIAMONDS FOUR,0.6378,0.017,0.3452
SPADES JACK SPADES TWO,0.5204,0.2132,0.2664
HEARTS QUEEN DIAMONDS FOUR,0.4302,0.0104,0.5594
HEARTS KING DIAMONDS FOUR,0.4106,0.006,0.5834
SPADES ACE SPADES NINE,0.364,0.0038,0.6322
HEARTS ACE DIAMONDS FOUR,0.4304,0.005,0.5646
SPADES KING SPADES NINE,0.3488,0.0056,0.6456
SPADES QUEEN SPADES NINE,0.349,0.0108,0.6402
DIAMONDS THREE SPADES NINE,0.645,0.0174,0.3376
DIAMONDS THREE SPADES EIGHT,0.7308,0.0578,0.2114
DIAMONDS THREE SPADES SEVEN,0.6584,0.0178,0.3238
DIAMONDS THREE SPADES SIX,0.6476,0.016,0.3364
DIAMONDS THREE CLUBS SIX,0.6516,0.0196,0.3288
CLUBS FIVE CLUBS SIX,0.5868,0.0178,0.3954
CLUBS ACE DIAMONDS FOUR,0.4198,0.0062,0.574
CLUBS SEVEN DIAMONDS THREE,0.6436,0.0206,0.3358
CLUBS SEVEN CLUBS FIVE,0.6122,0.0152,0.3726
DIAMONDS THREE CLUBS FOUR,0.6372,0.0184,0.3444
DIAMONDS FOUR CLUBS QUEEN,0.4162,0.0148,0.569
DIAMONDS THREE CLUBS FIVE,0.6318,0.019,0.3492
DIAMONDS FOUR CLUBS KING,0.434,0.0066,0.5594
DIAMONDS THREE CLUBS TWO,0.6586,0.0192,0.3222
CLUBS TEN DIAMONDS FOUR,0.649,0.0162,0.3348
DIAMONDS THREE CLUBS THREE,0.4568,0.0416,0.5016
CLUBS JACK DIAMONDS FOUR,0.548,0.2198,0.2322
DIAMONDS THREE SPADES FOUR,0.6342,0.0154,0.3504
DIAMONDS THREE SPADES FIVE,0.6246,0.0186,0.3568
DIAMONDS THREE SPADES TWO,0.64,0.0216,0.3384
DIAMONDS THREE SPADES THREE,0.4446,0.0372,0.5182
CLUBS NINE DIAMONDS THREE,0.652,0.0164,0.3316
SPADES SEVEN CLUBS ACE,0.3964,0.0046,0.599
SPADES SEVEN CLUBS QUEEN,0.4062,0.0082,0.5856
SPADES SEVEN CLUBS KING,0.4016,0.0058,0.5926
CLUBS FIVE SPADES SEVEN,0.6322,0.017,0.3508
CLUBS TEN SPADES SEVEN,0.6182,0.0146,0.3672
CLUBS FIVE SPADES SIX,0.6136,0.019,0.3674
CLUBS JACK SPADES SEVEN,0.5522,0.2258,0.222
CLUBS FIVE SPADES NINE,0.6256,0.0166,0.3578
CLUBS FIVE SPADES EIGHT,0.6908,0.0528,0.2564
CLUBS FIVE SPADES THREE,0.6224,0.0166,0.361
CLUBS FIVE SPADES TWO,0.6406,0.0166,0.3428
CLUBS FIVE SPADES FIVE,0.4402,0.0356,0.5242
CLUBS FIVE SPADES FOUR,0.609,0.0174,0.3736
CLUBS NINE CLUBS FIVE,0.5998,0.0186,0.3816
CLUBS ACE CLUBS QUEEN,0.3282,0.0048,0.667
CLUBS KING CLUBS QUEEN,0.3238,0.0072,0.669
DIAMONDS TEN DIAMONDS FOUR,0.611,0.0136,0.3754
CLUBS TEN DIAMONDS NINE,0.5684,0.0172,0.4144
CLUBS JACK DIAMONDS NINE,0.2304,0.1772,0.5924
CLUBS JACK SPADES NINE,0.228,0.1756,0.5964
CLUBS TEN SPADES NINE,0.5702,0.015,0.4148
DIAMONDS ACE DIAMONDS FOUR,0.3986,0.0052,0.5962
HEARTS FOUR DIAMONDS FOUR,0.4488,0.0372,0.514
SPADES NINE CLUBS KING,0.3706,0.0054,0.624
DIAMONDS TWO SPADES TEN,0.6288,0.02,0.3512
DIAMONDS NINE CLUBS ACE,0.365,0.0046,0.6304
HEARTS FIVE DIAMONDS FOUR,0.61,0.0178,0.3722
SPADES NINE CLUBS QUEEN,0.354,0.0082,0.6378
DIAMONDS TWO SPADES JACK,0.5564,0.2126,0.231
DIAMONDS QUEEN DIAMONDS FOUR,0.4042,0.01,0.5858
HEARTS TWO DIAMONDS FOUR,0.6482,0.0194,0.3324
DIAMONDS NINE CLUBS QUEEN,0.3446,0.0108,0.6446
DIAMONDS KING DIAMONDS FOUR,0.392,0.009,0.599
HEARTS THREE DIAMONDS FOUR,0.6304,0.0174,0.3522
SPADES NINE CLUBS ACE,0.3782,0.003,0.6188
DIAMONDS NINE CLUBS KING,0.3736,0.0074,0.619
SPADES ACE DIAMONDS TWO,0.4324,0.0042,0.5634
SPADES QUEEN DIAMONDS TWO,0.4276,0.0104,0.562
SPADES KING DIAMONDS TWO,0.4288,0.0072,0.564
SPADES JACK SPADES SEVEN,0.5338,0.2074,0.2588
SPADES TEN SPADES SEVEN,0.5798,0.0162,0.404
CLUBS SEVEN CLUBS THREE,0.6262,0.0196,0.3542
CLUBS SIX CLUBS THREE,0.599,0.018,0.383
CLUBS FIVE CLUBS THREE,0.5956,0.0204,0.384
CLUBS THREE CLUBS FOUR,0.6034,0.018,0.3786
CLUBS NINE CLUBS THREE,0.6174,0.0144,0.3682
CLUBS THREE SPADES FIVE,0.6318,0.0172,0.351
CLUBS THREE SPADES FOUR,0.6334,0.0172,0.3494
CLUBS THREE SPADES THREE,0.4502,0.0372,0.5126
CLUBS THREE SPADES TWO,0.6476,0.0196,0.3328
CLUBS THREE SPADES SIX,0.6276,0.0212,0.3512
CLUBS THREE SPADES SEVEN,0.6598,0.0158,0.3244
SPADES EIGHT CLUBS THREE,0.7086,0.067,0.2244
SPADES NINE CLUBS THREE,0.6446,0.017,0.3384
SPADES TWO DIAMONDS FOUR,0.6466,0.0144,0.339
SPADES THREE DIAMONDS FOUR,0.6248,0.0184,0.3568
SPADES FOUR DIAMONDS FOUR,0.4398,0.0376,0.5226
SPADES FIVE DIAMONDS FOUR,0.6166,0.018,0.3654
SPADES SIX DIAMONDS FOUR,0.6374,0.0168,0.3458
SPADES SEVEN DIAMONDS FOUR,0.6456,0.0156,0.3388
SPADES EIGHT DIAMONDS FOUR,0.7014,0.0614,0.2372
SPADES NINE DIAMONDS FOUR,0.657,0.0144,0.3286
CLUBS FIVE DIAMONDS FOUR,0.6172,0.0188,0.364
CLUBS FOUR DIAMONDS FOUR,0.4538,0.0404,0.5058
CLUBS SEVEN DIAMONDS FOUR,0.6538,0.014,0.3322
CLUBS SIX DIAMONDS FOUR,0.6356,0.0178,0.3466
CLUBS NINE DIAMONDS FOUR,0.6436,0.0184,0.338
HEARTS SEVEN DIAMONDS FOUR,0.6332,0.0186,0.3482
HEARTS SIX DIAMONDS FOUR,0.6434,0.0158,0.3408
DIAMONDS FOUR HEARTS NINE,0.652,0.0164,0.3316
DIAMONDS FOUR HEARTS EIGHT,0.6998,0.0608,0.2394
CLUBS THREE DIAMONDS FOUR,0.6432,0.0204,0.3364
CLUBS TWO DIAMONDS FOUR,0.646,0.0198,0.3342
DIAMONDS TEN DIAMONDS FIVE,0.6184,0.0148,0.3668
DIAMONDS NINE HEARTS QUEEN,0.3796,0.0084,0.612
DIAMONDS NINE HEARTS KING,0.3876,0.0086,0.6038
HEARTS ACE DIAMONDS NINE,0.3848,0.0032,0.612
DIAMONDS NINE HEARTS TEN,0.592,0.0148,0.3932
DIAMONDS NINE HEARTS JACK,0.2268,0.1654,0.6078
CLUBS KING DIAMONDS SIX,0.4122,0.0104,0.5774
CLUBS QUEEN DIAMONDS SIX,0.4226,0.0104,0.567
CLUBS ACE DIAMONDS SIX,0.4166,0.0046,0.5788
SPADES KING DIAMONDS FOUR,0.427,0.0066,0.5664
SPADES ACE SPADES SEVEN,0.3876,0.003,0.6094
SPADES QUEEN DIAMONDS FOUR,0.4308,0.0108,0.5584
SPADES QUEEN SPADES SEVEN,0.3894,0.0096,0.601
CLUBS JACK DIAMONDS SIX,0.5536,0.2254,0.221
SPADES KING SPADES SEVEN,0.377,0.008,0.615
SPADES ACE DIAMONDS FOUR,0.419,0.004,0.577
CLUBS TEN DIAMONDS SIX,0.6362,0.0148,0.349
CLUBS NINE CLUBS FOUR,0.6014,0.0154,0.3832
SPADES JACK DIAMONDS FOUR,0.5566,0.2192,0.2242
SPADES TEN DIAMONDS FOUR,0.6426,0.0176,0.3398
CLUBS FIVE CLUBS FOUR,0.5772,0.019,0.4038
CLUBS SEVEN CLUBS FOUR,0.6142,0.0148,0.371
CLUBS SIX CLUBS FOUR,0.5964,0.0164,0.3872
CLUBS SEVEN SPADES EIGHT,0.6648,0.065,0.2702
CLUBS SEVEN SPADES NINE,0.6188,0.0152,0.366
CLUBS SEVEN SPADES SIX,0.6234,0.0146,0.362
CLUBS SEVEN SPADES SEVEN,0.4256,0.0342,0.5402
CLUBS SEVEN SPADES FIVE,0.629,0.0192,0.3518
CLUBS SEVEN SPADES FOUR,0.6434,0.0182,0.3384
CLUBS SEVEN SPADES THREE,0.6414,0.017,0.3416
CLUBS SEVEN SPADES TWO,0.662,0.0194,0.3186
CLUBS SEVEN CLUBS NINE,0.5926,0.0164,0.391
HEARTS SIX DIAMONDS FIVE,0.6072,0.0162,0.3766
HEARTS SEVEN DIAMONDS FIVE,0.6232,0.0214,0.3554
DIAMONDS FIVE HEARTS EIGHT,0.6828,0.0602,0.257
DIAMONDS FIVE HEARTS NINE,0.643,0.0174,0.3396
DIAMONDS QUEEN DIAMONDS FIVE,0.3936,0.0124,0.594
HEARTS TWO DIAMONDS FIVE,0.6378,0.02,0.3422
HEARTS KING HEARTS EIGHT,0.2514,0.031,0.7176
DIAMONDS KING DIAMONDS FIVE,0.3956,0.0072,0.5972
HEARTS THREE DIAMONDS FIVE,0.6186,0.023,0.3584
HEARTS QUEEN HEARTS EIGHT,0.2436,0.0388,0.7176
DIAMONDS ACE DIAMONDS FIVE,0.3952,0.0048,0.6
HEARTS FOUR DIAMONDS FIVE,0.6038,0.0198,0.3764
HEARTS FIVE DIAMONDS FIVE,0.442,0.0272,0.5308
HEARTS ACE HEARTS EIGHT,0.2468,0.0252,0.728
CLUBS FOUR DIAMONDS FIVE,0.6204,0.019,0.3606
CLUBS FIVE DIAMONDS FIVE,0.4392,0.0346,0.5262
CLUBS SIX DIAMONDS FIVE,0.6282,0.0218,0.35
CLUBS SEVEN DIAMONDS FIVE,0.6374,0.0148,0.3478
CLUBS TWO DIAMONDS FIVE,0.6454,0.019,0.3356
CLUBS THREE DIAMONDS FIVE,0.6348,0.0192,0.346
SPADES THREE DIAMONDS FIVE,0.6184,0.0226,0.359
SPADES TWO DIAMONDS FIVE,0.6372,0.019,0.3438
SPADES JACK DIAMONDS EIGHT,0.02,0.9684,0.0116
SPADES FIVE DIAMONDS FIVE,0.4478,0.0366,0.5156
CLUBS TEN HEARTS JACK,0.237,0.1268,0.6362
SPADES TEN DIAMONDS EIGHT,0.7,0.052,0.248
SPADES FOUR DIAMONDS FIVE,0.6192,0.016,0.3648
CLUBS JACK HEARTS JACK,0.1116,0.035,0.8534
HEARTS JACK CLUBS QUEEN,0.2454,0.038,0.7166
CLUBS NINE DIAMONDS FIVE,0.6414,0.0182,0.3404
HEARTS JACK CLUBS KING,0.2346,0.0316,0.7338
CLUBS ACE HEARTS JACK,0.2524,0.0186,0.729
SPADES SEVEN DIAMONDS FIVE,0.6302,0.0162,0.3536
SPADES KING DIAMONDS EIGHT,0.2748,0.0318,0.6934
SPADES QUEEN DIAMONDS EIGHT,0.2576,0.0406,0.7018
SPADES SIX DIAMONDS FIVE,0.6258,0.0188,0.3554
SPADES NINE DIAMONDS FIVE,0.643,0.0144,0.3426
SPADES EIGHT DIAMONDS FIVE,0.6824,0.0592,0.2584
SPADES ACE DIAMONDS EIGHT,0.2768,0.0256,0.6976
DIAMONDS TEN DIAMONDS SIX,0.609,0.0184,0.3726
HEARTS ACE DIAMONDS SEVEN,0.4054,0.004,0.5906
HEARTS QUEEN DIAMONDS SEVEN,0.4132,0.0122,0.5746
HEARTS KING DIAMONDS SEVEN,0.4094,0.0066,0.584
DIAMONDS ACE DIAMONDS SIX,0.3976,0.0058,0.5966
HEARTS FOUR DIAMONDS SIX,0.633,0.018,0.349
SPADES TWO HEARTS JACK,0.5618,0.2224,0.2158
HEARTS FIVE DIAMONDS SIX,0.6242,0.0172,0.3586
SPADES TWO HEARTS TEN,0.6444,0.0166,0.339
DIAMONDS QUEEN DIAMONDS SIX,0.397,0.0126,0.5904
HEARTS TWO DIAMONDS SIX,0.6552,0.0182,0.3266
DIAMONDS KING DIAMONDS SIX,0.4056,0.0068,0.5876
HEARTS THREE DIAMONDS SIX,0.645,0.0142,0.3408
HEARTS EIGHT DIAMONDS SIX,0.691,0.058,0.251
HEARTS NINE DIAMONDS SIX,0.629,0.0164,0.3546
HEARTS SIX DIAMONDS SIX,0.4392,0.0298,0.531
HEARTS SEVEN DIAMONDS SIX,0.6228,0.016,0.3612
HEARTS TEN DIAMONDS SEVEN,0.6356,0.0168,0.3476
CLUBS TWO DIAMONDS SIX,0.6574,0.0196,0.323
HEARTS JACK DIAMONDS SEVEN,0.5502,0.2272,0.2226
CLUBS THREE DIAMONDS SIX,0.6442,0.0178,0.338
CLUBS SEVEN DIAMONDS SIX,0.6222,0.021,0.3568
CLUBS JACK DIAMONDS EIGHT,0.0074,0.9856,0.007
CLUBS SIX DIAMONDS SIX,0.4592,0.03,0.5108
CLUBS TEN DIAMONDS EIGHT,0.6952,0.057,0.2478
CLUBS FIVE DIAMONDS SIX,0.6134,0.017,0.3696
CLUBS FOUR DIAMONDS SIX,0.6312,0.0198,0.349
HEARTS ACE HEARTS JACK,0.2444,0.0188,0.7368
DIAMONDS EIGHT CLUBS ACE,0.263,0.0236,0.7134
HEARTS QUEEN HEARTS JACK,0.2268,0.0364,0.7368
DIAMONDS EIGHT CLUBS KING,0.2582,0.0314,0.7104
CLUBS NINE DIAMONDS SIX,0.6202,0.0196,0.3602
HEARTS KING HEARTS JACK,0.2256,0.0306,0.7438
DIAMONDS EIGHT CLUBS QUEEN,0.2578,0.042,0.7002
SPADES TEN HEARTS KING,0.349,0.0062,0.6448
SPADES FIVE DIAMONDS SIX,0.6152,0.0176,0.3672
HEARTS ACE SPADES TWO,0.4146,0.0048,0.5806
SPADES JACK HEARTS KING,0.2436,0.0256,0.7308
SPADES FOUR DIAMONDS SIX,0.6268,0.0162,0.357
SPADES THREE DIAMONDS SIX,0.6444,0.0166,0.339
HEARTS QUEEN SPADES TWO,0.433,0.0106,0.5564
SPADES ACE SPADES KING,0.33,0.0042,0.6658
HEARTS KING SPADES TWO,0.4248,0.0066,0.5686
SPADES TWO DIAMONDS SIX,0.6466,0.0242,0.3292
HEARTS TEN HEARTS EIGHT,0.6576,0.0502,0.2922
SPADES NINE DIAMONDS SIX,0.6368,0.0152,0.348
HEARTS JACK HEARTS EIGHT,0.022,0.9092,0.0688
SPADES EIGHT DIAMONDS SIX,0.6848,0.0626,0.2526
SPADES SEVEN DIAMONDS SIX,0.6372,0.018,0.3448
SPADES SIX DIAMONDS SIX,0.4386,0.0366,0.5248
SPADES KING HEARTS KING,0.1678,0.0066,0.8256
SPADES QUEEN HEARTS KING,0.3376,0.0052,0.6572
CLUBS ACE CLUBS KING,0.333,0.0046,0.6624
SPADES ACE HEARTS KING,0.3596,0.0024,0.638
SPADES ACE HEARTS JACK,0.263,0.02,0.717
SPADES QUEEN HEARTS JACK,0.2362,0.0378,0.726
SPADES KING HEARTS JACK,0.2498,0.0332,0.717
SPADES TEN DIAMONDS TEN,0.2854,0.0226,0.692
SPADES JACK DIAMONDS TEN,0.2396,0.1204,0.64
SPADES ACE DIAMONDS TEN,0.3672,0.0034,0.6294
SPADES JACK HEARTS JACK,0.116,0.0366,0.8474
SPADES TEN HEARTS JACK,0.225,0.114,0.661
SPADES QUEEN DIAMONDS TEN,0.3648,0.0096,0.6256
SPADES KING DIAMONDS TEN,0.3558,0.0076,0.6366
SPADES NINE DIAMONDS SEVEN,0.6144,0.0146,0.371
SPADES EIGHT DIAMONDS SEVEN,0.6596,0.0644,0.276
SPADES SEVEN DIAMONDS SEVEN,0.4246,0.0294,0.546
SPADES SIX DIAMONDS SEVEN,0.6204,0.019,0.3606
DIAMONDS KING DIAMONDS SEVEN,0.3904,0.006,0.6036
HEARTS THREE DIAMONDS SEVEN,0.6486,0.019,0.3324
HEARTS KING DIAMONDS FIVE,0.419,0.0084,0.5726
DIAMONDS QUEEN DIAMONDS SEVEN,0.3924,0.0092,0.5984
HEARTS TWO DIAMONDS SEVEN,0.655,0.021,0.324
HEARTS QUEEN DIAMONDS FIVE,0.428,0.0108,0.5612
HEARTS FIVE DIAMONDS SEVEN,0.631,0.0196,0.3494
DIAMONDS ACE DIAMONDS SEVEN,0.3914,0.0048,0.6038
HEARTS FOUR DIAMONDS SEVEN,0.6418,0.0194,0.3388
HEARTS ACE DIAMONDS FIVE,0.4184,0.0018,0.5798
HEARTS SEVEN DIAMONDS SEVEN,0.4188,0.0338,0.5474
HEARTS SIX DIAMONDS SEVEN,0.6242,0.017,0.3588
DIAMONDS SEVEN HEARTS NINE,0.6276,0.0178,0.3546
HEARTS EIGHT DIAMONDS SEVEN,0.676,0.0596,0.2644
DIAMONDS FIVE HEARTS JACK,0.5524,0.2188,0.2288
DIAMONDS TEN DIAMONDS SEVEN,0.6,0.019,0.381
HEARTS TEN DIAMONDS FIVE,0.6396,0.02,0.3404
SPADES KING CLUBS TWO,0.4318,0.006,0.5622
HEARTS KING CLUBS KING,0.1516,0.008,0.8404
SPADES QUEEN CLUBS TWO,0.4364,0.01,0.5536
HEARTS KING CLUBS QUEEN,0.3284,0.0066,0.665
CLUBS NINE DIAMONDS SEVEN,0.6164,0.0208,0.3628
CLUBS JACK SPADES TWO,0.551,0.2274,0.2216
SPADES ACE CLUBS TWO,0.4276,0.0044,0.568
CLUBS TEN SPADES TWO,0.6382,0.0184,0.3434
HEARTS KING CLUBS ACE,0.3356,0.0052,0.6592
CLUBS SEVEN CLUBS SIX,0.5964,0.0158,0.3878
SPADES TWO CLUBS KING,0.428,0.0092,0.5628
SPADES TWO DIAMONDS SEVEN,0.6608,0.0176,0.3216
SPADES THREE DIAMONDS SEVEN,0.659,0.0142,0.3268
SPADES TWO CLUBS QUEEN,0.423,0.0132,0.5638
CLUBS NINE CLUBS SIX,0.608,0.0164,0.3756
SPADES FOUR DIAMONDS SEVEN,0.6398,0.0166,0.3436
CLUBS JACK HEARTS KING,0.2204,0.0296,0.75
SPADES FIVE DIAMONDS SEVEN,0.6354,0.0196,0.345
SPADES TWO CLUBS ACE,0.3992,0.0064,0.5944
CLUBS TEN HEARTS KING,0.3492,0.0056,0.6452
CLUBS SIX SPADES TWO,0.6632,0.0198,0.317
CLUBS SIX SPADES THREE,0.6574,0.0182,0.3244
CLUBS TWO DIAMONDS SEVEN,0.6766,0.0186,0.3048
CLUBS SIX SPADES FOUR,0.634,0.0186,0.3474
CLUBS THREE DIAMONDS SEVEN,0.6622,0.02,0.3178
CLUBS SIX SPADES FIVE,0.6178,0.0176,0.3646
CLUBS FOUR DIAMONDS SEVEN,0.6498,0.0148,0.3354
CLUBS SIX SPADES SIX,0.442,0.0384,0.5196
CLUBS FIVE DIAMONDS SEVEN,0.6362,0.0182,0.3456
CLUBS SIX SPADES SEVEN,0.6208,0.0188,0.3604
CLUBS SIX DIAMONDS SEVEN,0.6244,0.022,0.3536
CLUBS SIX SPADES EIGHT,0.695,0.062,0.243
SPADES JACK CLUBS TWO,0.5496,0.2308,0.2196
CLUBS SEVEN DIAMONDS SEVEN,0.435,0.0334,0.5316
SPADES NINE CLUBS SIX,0.635,0.0164,0.3486
SPADES TEN CLUBS TWO,0.6538,0.0166,0.3296
CLUBS TWO CLUBS QUEEN,0.398,0.0132,0.5888
CLUBS TWO CLUBS KING,0.414,0.0082,0.5778
CLUBS THREE DIAMONDS EIGHT,0.7164,0.0588,0.2248
CLUBS TWO CLUBS ACE,0.4024,0.0038,0.5938
CLUBS TWO DIAMONDS EIGHT,0.7174,0.0688,0.2138
HEARTS SEVEN DIAMONDS EIGHT,0.6726,0.0532,0.2742
HEARTS SIX DIAMONDS EIGHT,0.6954,0.056,0.2486
DIAMONDS EIGHT HEARTS NINE,0.683,0.0562,0.2608
CLUBS TEN CLUBS TWO,0.6088,0.0138,0.3774
DIAMONDS EIGHT HEARTS EIGHT,0.3116,0.0382,0.6502
CLUBS JACK CLUBS TWO,0.5244,0.2096,0.266
CLUBS NINE DIAMONDS EIGHT,0.6862,0.055,0.2588
CLUBS FIVE DIAMONDS EIGHT,0.6844,0.063,0.2526
SPADES ACE SPADES THREE,0.3924,0.005,0.6026
CLUBS FOUR DIAMONDS EIGHT,0.7052,0.066,0.2288
CLUBS SEVEN DIAMONDS EIGHT,0.676,0.0594,0.2646
SPADES QUEEN SPADES THREE,0.3978,0.0094,0.5928
CLUBS SIX DIAMONDS EIGHT,0.7002,0.0628,0.237
SPADES KING SPADES THREE,0.3978,0.008,0.5942
DIAMONDS EIGHT DIAMONDS QUEEN,0.2394,0.0484,0.7122
HEARTS TWO DIAMONDS EIGHT,0.7144,0.0624,0.2232
DIAMONDS KING DIAMONDS EIGHT,0.2632,0.0296,0.7072
HEARTS THREE DIAMONDS EIGHT,0.7158,0.064,0.2202
DIAMONDS ACE DIAMONDS EIGHT,0.253,0.0262,0.7208
HEARTS FOUR DIAMONDS EIGHT,0.7008,0.0608,0.2384
HEARTS FIVE DIAMONDS EIGHT,0.693,0.06,0.247
DIAMONDS EIGHT DIAMONDS TEN,0.6696,0.0534,0.277
SPADES JACK SPADES THREE,0.523,0.2064,0.2706
SPADES TEN SPADES THREE,0.5998,0.0138,0.3864
CLUBS FOUR HEARTS ACE,0.413,0.003,0.584
CLUBS FOUR HEARTS QUEEN,0.4236,0.0086,0.5678
CLUBS FOUR HEARTS KING,0.429,0.0078,0.5632
CLUBS SIX HEARTS TEN,0.6442,0.0156,0.3402
CLUBS SIX HEARTS JACK,0.558,0.2254,0.2166
DIAMONDS EIGHT SPADES FOUR,0.697,0.0616,0.2414
SPADES FIVE DIAMONDS EIGHT,0.6832,0.0614,0.2554
DIAMONDS EIGHT SPADES TWO,0.7116,0.0672,0.2212
DIAMONDS EIGHT SPADES THREE,0.7174,0.0564,0.2262
CLUBS FOUR HEARTS JACK,0.551,0.2328,0.2162
SPADES EIGHT DIAMONDS EIGHT,0.3162,0.0414,0.6424
SPADES TEN DIAMONDS QUEEN,0.3562,0.0088,0.635
SPADES TEN HEARTS TWO,0.6494,0.0172,0.3334
SPADES JACK HEARTS EIGHT,0.0178,0.961,0.0212
CLUBS FOUR HEARTS TEN,0.6442,0.0162,0.3396
SPADES NINE DIAMONDS EIGHT,0.6834,0.0536,0.263
SPADES TEN HEARTS EIGHT,0.6956,0.0532,0.2512
SPADES JACK HEARTS TWO,0.5576,0.2202,0.2222
SPADES JACK DIAMONDS QUEEN,0.235,0.0418,0.7232
SPADES SIX DIAMONDS EIGHT,0.6778,0.063,0.2592
SPADES SEVEN DIAMONDS EIGHT,0.6712,0.0572,0.2716
SPADES ACE HEARTS TWO,0.4138,0.003,0.5832
SPADES ACE DIAMONDS QUEEN,0.3402,0.0054,0.6544
SPADES ACE HEARTS EIGHT,0.2606,0.0252,0.7142
SPADES KING HEARTS EIGHT,0.27,0.029,0.701
SPADES QUEEN HEARTS TWO,0.4344,0.013,0.5526
SPADES QUEEN DIAMONDS QUEEN,0.1578,0.0106,0.8316
SPADES KING DIAMONDS QUEEN,0.3274,0.0092,0.6634
SPADES KING HEARTS TWO,0.4244,0.0078,0.5678
SPADES QUEEN HEARTS EIGHT,0.2454,0.0386,0.716
CLUBS TWO HEARTS TEN,0.6606,0.017,0.3224
CLUBS TWO HEARTS JACK,0.5558,0.227,0.2172
SPADES SEVEN DIAMONDS NINE,0.6158,0.0182,0.366
SPADES SIX DIAMONDS NINE,0.6222,0.017,0.3608
SPADES NINE DIAMONDS NINE,0.3012,0.0266,0.6722
SPADES EIGHT DIAMONDS NINE,0.6844,0.0514,0.2642
SPADES TEN CLUBS KING,0.3646,0.0066,0.6288
DIAMONDS NINE SPADES THREE,0.6538,0.0178,0.3284
SPADES JACK CLUBS KING,0.2306,0.0292,0.7402
DIAMONDS NINE SPADES TWO,0.645,0.0196,0.3354
DIAMONDS NINE SPADES FIVE,0.625,0.0154,0.3596
DIAMONDS NINE SPADES FOUR,0.6526,0.0182,0.3292
CLUBS NINE DIAMONDS NINE,0.2942,0.029,0.6768
CLUBS SIX DIAMONDS NINE,0.6334,0.0166,0.35
SPADES JACK CLUBS FOUR,0.5452,0.238,0.2168
CLUBS SEVEN DIAMONDS NINE,0.6294,0.0162,0.3544
SPADES TEN CLUBS FOUR,0.6462,0.012,0.3418
CLUBS FOUR DIAMONDS NINE,0.6462,0.0196,0.3342
CLUBS FIVE DIAMONDS NINE,0.6462,0.0154,0.3384
DIAMONDS NINE CLUBS TWO,0.6426,0.0168,0.3406
CLUBS THREE DIAMONDS NINE,0.6426,0.0202,0.3372
DIAMONDS NINE HEARTS EIGHT,0.6902,0.0534,0.2564
DIAMONDS NINE HEARTS NINE,0.2882,0.0308,0.681
HEARTS SIX DIAMONDS NINE,0.6304,0.0156,0.354
HEARTS SEVEN DIAMONDS NINE,0.621,0.0138,0.3652
DIAMONDS ACE DIAMONDS NINE,0.3552,0.0044,0.6404
HEARTS FOUR DIAMONDS NINE,0.65,0.0158,0.3342
HEARTS FIVE DIAMONDS NINE,0.6282,0.0164,0.3554
HEARTS ACE CLUBS TWO,0.4286,0.0052,0.5662
SPADES ACE CLUBS FOUR,0.4248,0.0048,0.5704
DIAMONDS NINE DIAMONDS QUEEN,0.3436,0.0122,0.6442
HEARTS TWO DIAMONDS NINE,0.6536,0.021,0.3254
CLUBS TWO HEARTS KING,0.4226,0.0094,0.568
SPADES KING CLUBS FOUR,0.4178,0.0076,0.5746
DIAMONDS KING DIAMONDS NINE,0.3524,0.0092,0.6384
HEARTS THREE DIAMONDS NINE,0.6552,0.0192,0.3256
CLUBS TWO HEARTS QUEEN,0.4254,0.0102,0.5644
SPADES QUEEN CLUBS FOUR,0.438,0.0104,0.5516
DIAMONDS NINE DIAMONDS TEN,0.5538,0.0146,0.4316
HEARTS SIX DIAMONDS TEN,0.6376,0.0144,0.348
HEARTS SEVEN DIAMONDS TEN,0.6192,0.017,0.3638
DIAMONDS TEN HEARTS EIGHT,0.7024,0.051,0.2466
CLUBS JACK CLUBS FOUR,0.5306,0.2066,0.2628
DIAMONDS TEN HEARTS NINE,0.568,0.0172,0.4148
CLUBS TEN CLUBS FOUR,0.603,0.0174,0.3796
CLUBS FOUR CLUBS KING,0.3986,0.007,0.5944
CLUBS FOUR CLUBS QUEEN,0.3902,0.0112,0.5986
CLUBS TWO DIAMONDS TEN,0.6478,0.0172,0.335
CLUBS THREE DIAMONDS TEN,0.6528,0.016,0.3312
CLUBS FOUR CLUBS ACE,0.4066,0.005,0.5884
DIAMONDS QUEEN DIAMONDS TEN,0.3242,0.0106,0.6652
HEARTS TWO DIAMONDS TEN,0.6546,0.0182,0.3272
DIAMONDS KING DIAMONDS TEN,0.341,0.0066,0.6524
HEARTS THREE DIAMONDS TEN,0.646,0.0188,0.3352
DIAMONDS ACE DIAMONDS TEN,0.353,0.0056,0.6414
HEARTS FOUR DIAMONDS TEN,0.6384,0.018,0.3436
HEARTS FIVE DIAMONDS TEN,0.6384,0.0166,0.345
CLUBS NINE SPADES THREE,0.6474,0.0184,0.3342
CLUBS NINE SPADES TWO,0.645,0.0186,0.3364
CLUBS NINE SPADES FIVE,0.6234,0.015,0.3616
CLUBS NINE SPADES FOUR,0.6484,0.0184,0.3332
CLUBS NINE SPADES SEVEN,0.616,0.0136,0.3704
CLUBS NINE SPADES SIX,0.6276,0.015,0.3574
CLUBS NINE SPADES NINE,0.2882,0.0252,0.6866
CLUBS TEN HEARTS EIGHT,0.6874,0.0582,0.2544
CLUBS NINE SPADES EIGHT,0.6836,0.0508,0.2656
CLUBS JACK HEARTS EIGHT,0.009,0.969,0.022
HEARTS EIGHT CLUBS QUEEN,0.2506,0.0414,0.708
CLUBS KING HEARTS EIGHT,0.2634,0.0276,0.709
CLUBS ACE HEARTS EIGHT,0.2652,0.025,0.7098
SPADES KING CLUBS KING,0.1472,0.0046,0.8482
SPADES QUEEN CLUBS KING,0.3368,0.0066,0.6566
SPADES ACE CLUBS KING,0.3358,0.0028,0.6614
DIAMONDS ACE HEARTS TEN,0.3592,0.0034,0.6374
HEARTS FOUR HEARTS TEN,0.5886,0.019,0.3924
DIAMONDS ACE HEARTS JACK,0.251,0.0188,0.7302
HEARTS FOUR HEARTS JACK,0.5094,0.2188,0.2718
SPADES KING CLUBS FIVE,0.4128,0.0074,0.5798
SPADES QUEEN CLUBS FIVE,0.4232,0.0078,0.569
SPADES ACE CLUBS FIVE,0.4032,0.004,0.5928
SPADES ACE SPADES SIX,0.3818,0.0024,0.6158
HEARTS ACE SPADES FOUR,0.4094,0.0028,0.5878
SPADES QUEEN SPADES SIX,0.391,0.0104,0.5986
SPADES FOUR HEARTS QUEEN,0.4124,0.0124,0.5752
SPADES KING SPADES SIX,0.394,0.0058,0.6002
SPADES FOUR HEARTS KING,0.4222,0.0068,0.571
SPADES TEN SPADES SIX,0.5946,0.0174,0.388
SPADES JACK SPADES SIX,0.5166,0.2096,0.2738
SPADES ACE DIAMONDS THREE,0.4356,0.0042,0.5602
SPADES QUEEN DIAMONDS THREE,0.4238,0.0106,0.5656
SPADES KING DIAMONDS THREE,0.4264,0.005,0.5686
SPADES TEN CLUBS FIVE,0.6474,0.0172,0.3354
SPADES JACK HEARTS SIX,0.5568,0.2166,0.2266
HEARTS SIX SPADES TEN,0.63,0.0166,0.3534
SPADES JACK CLUBS FIVE,0.5592,0.229,0.2118
SPADES JACK DIAMONDS THREE,0.559,0.223,0.218
CLUBS SEVEN CLUBS ACE,0.3874,0.0044,0.6082
DIAMONDS THREE SPADES TEN,0.6396,0.0192,0.3412
CLUBS SEVEN CLUBS QUEEN,0.3966,0.0108,0.5926
CLUBS SEVEN CLUBS KING,0.391,0.0052,0.6038
CLUBS TEN CLUBS SEVEN,0.5906,0.0152,0.3942
DIAMONDS ACE HEARTS ACE,0.151,0.0046,0.8444
HEARTS FOUR HEARTS ACE,0.3778,0.0044,0.6178
SPADES ACE HEARTS SIX,0.4248,0.0028,0.5724
CLUBS JACK CLUBS SEVEN,0.5182,0.2248,0.257
DIAMONDS ACE HEARTS KING,0.3318,0.0036,0.6646
HEARTS FOUR HEARTS KING,0.4066,0.0068,0.5866
SPADES KING HEARTS SIX,0.4294,0.0042,0.5664
DIAMONDS ACE HEARTS QUEEN,0.3506,0.0038,0.6456
HEARTS FOUR HEARTS QUEEN,0.3846,0.0102,0.6052
SPADES QUEEN HEARTS SIX,0.4148,0.01,0.5752
DIAMONDS TEN SPADES TWO,0.656,0.0162,0.3278
SPADES THREE DIAMONDS TEN,0.643,0.0194,0.3376
SPADES FOUR DIAMONDS TEN,0.6486,0.0136,0.3378
SPADES FIVE DIAMONDS TEN,0.6432,0.0152,0.3416
SPADES SIX DIAMONDS TEN,0.6354,0.0164,0.3482
SPADES SEVEN DIAMONDS TEN,0.6208,0.017,0.3622
SPADES EIGHT DIAMONDS TEN,0.691,0.056,0.253
SPADES NINE DIAMONDS TEN,0.565,0.014,0.421
CLUBS FOUR DIAMONDS TEN,0.6412,0.0184,0.3404
CLUBS FIVE DIAMONDS TEN,0.6524,0.0188,0.3288
CLUBS SIX DIAMONDS TEN,0.6446,0.0202,0.3352
CLUBS SEVEN DIAMONDS TEN,0.6468,0.0166,0.3366
CLUBS NINE DIAMONDS TEN,0.5752,0.0148,0.41
CLUBS JACK DIAMONDS THREE,0.5554,0.2236,0.221
CLUBS TEN DIAMONDS THREE,0.6414,0.0178,0.3408
DIAMONDS THREE CLUBS KING,0.4234,0.0082,0.5684
DIAMONDS THREE CLUBS QUEEN,0.4276,0.012,0.5604
DIAMONDS THREE CLUBS ACE,0.4108,0.0048,0.5844
SPADES FOUR HEARTS JACK,0.5586,0.214,0.2274
SPADES FOUR HEARTS TEN,0.6408,0.0148,0.3444
SPADES FIVE SPADES TWO,0.6034,0.0174,0.3792
SPADES FOUR SPADES TWO,0.6,0.0174,0.3826
SPADES THREE SPADES TWO,0.6178,0.0188,0.3634
SPADES NINE SPADES TWO,0.6152,0.0152,0.3696
SPADES EIGHT SPADES TWO,0.655,0.0658,0.2792
SPADES SEVEN SPADES TWO,0.6284,0.0226,0.349
SPADES SIX SPADES TWO,0.6086,0.0148,0.3766
CLUBS THREE DIAMONDS QUEEN,0.4278,0.0116,0.5606
CLUBS THREE HEARTS TWO,0.6482,0.0202,0.3316
CLUBS TWO DIAMONDS QUEEN,0.411,0.0102,0.5788
HEARTS TWO CLUBS TWO,0.4552,0.039,0.5058
HEARTS SEVEN DIAMONDS QUEEN,0.4226,0.0082,0.5692
HEARTS SEVEN HEARTS TWO,0.6278,0.0162,0.356
HEARTS SIX DIAMONDS QUEEN,0.408,0.0104,0.5816
HEARTS SIX HEARTS TWO,0.6036,0.015,0.3814
DIAMONDS QUEEN HEARTS NINE,0.3488,0.0124,0.6388
HEARTS TWO HEARTS NINE,0.6062,0.0144,0.3794
DIAMONDS QUEEN HEARTS EIGHT,0.243,0.039,0.718
HEARTS TWO HEARTS EIGHT,0.6688,0.0588,0.2724
CLUBS NINE HEARTS TWO,0.6308,0.0172,0.352
CLUBS NINE DIAMONDS QUEEN,0.3422,0.0102,0.6476
CLUBS FIVE DIAMONDS QUEEN,0.4072,0.0112,0.5816
CLUBS FIVE HEARTS TWO,0.6422,0.0212,0.3366
SPADES EIGHT HEARTS ACE,0.2618,0.0214,0.7168
CLUBS FOUR DIAMONDS QUEEN,0.4228,0.0142,0.563
CLUBS FOUR HEARTS TWO,0.643,0.0188,0.3382
CLUBS SEVEN DIAMONDS QUEEN,0.4248,0.0136,0.5616
CLUBS SEVEN HEARTS TWO,0.6784,0.0176,0.304
SPADES EIGHT HEARTS QUEEN,0.2588,0.0406,0.7006
CLUBS SIX DIAMONDS QUEEN,0.4096,0.0094,0.581
CLUBS SIX HEARTS TWO,0.668,0.0166,0.3154
SPADES EIGHT HEARTS KING,0.2664,0.0314,0.7022
HEARTS TWO SPADES SIX,0.6596,0.0178,0.3226
SPADES SIX DIAMONDS QUEEN,0.4032,0.01,0.5868
HEARTS FOUR CLUBS QUEEN,0.4196,0.0112,0.5692
DIAMONDS ACE CLUBS QUEEN,0.34,0.0036,0.6564
SPADES SEVEN DIAMONDS QUEEN,0.3984,0.0124,0.5892
SPADES SEVEN HEARTS TWO,0.6634,0.0172,0.3194
HEARTS FOUR CLUBS KING,0.4212,0.0072,0.5716
DIAMONDS ACE CLUBS KING,0.3478,0.0044,0.6478
SPADES EIGHT DIAMONDS QUEEN,0.2518,0.041,0.7072
SPADES EIGHT HEARTS TWO,0.7174,0.06,0.2226
HEARTS FOUR CLUBS ACE,0.4104,0.0046,0.585
DIAMONDS ACE CLUBS ACE,0.1446,0.0032,0.8522
SPADES NINE DIAMONDS QUEEN,0.3448,0.0106,0.6446
SPADES NINE HEARTS TWO,0.6464,0.0162,0.3374
HEARTS TWO SPADES TWO,0.454,0.0392,0.5068
DIAMONDS QUEEN SPADES TWO,0.4214,0.0104,0.5682
HEARTS TWO SPADES THREE,0.6174,0.0188,0.3638
DIAMONDS QUEEN SPADES THREE,0.4342,0.0122,0.5536
HEARTS TWO SPADES FOUR,0.6332,0.0176,0.3492
SPADES FOUR DIAMONDS QUEEN,0.4158,0.0102,0.574
CLUBS TEN HEARTS FOUR,0.648,0.0192,0.3328
CLUBS TEN DIAMONDS ACE,0.364,0.0048,0.6312
HEARTS TWO SPADES FIVE,0.6428,0.0174,0.3398
SPADES FIVE DIAMONDS QUEEN,0.4172,0.012,0.5708
CLUBS JACK HEARTS FOUR,0.5538,0.2278,0.2184
CLUBS JACK DIAMONDS ACE,0.249,0.018,0.733
CLUBS FIVE CLUBS KING,0.39,0.0092,0.6008
CLUBS FIVE CLUBS QUEEN,0.4016,0.0102,0.5882
CLUBS FIVE CLUBS ACE,0.4022,0.0038,0.594
CLUBS JACK CLUBS FIVE,0.521,0.219,0.26
CLUBS TEN CLUBS FIVE,0.6098,0.0178,0.3724
SPADES KING CLUBS JACK,0.2406,0.0282,0.7312
CLUBS JACK SPADES QUEEN,0.2246,0.043,0.7324
SPADES ACE CLUBS JACK,0.26,0.0192,0.7208
SPADES SIX CLUBS KING,0.4156,0.006,0.5784
SPADES SIX CLUBS QUEEN,0.419,0.0122,0.5688
SPADES EIGHT HEARTS JACK,0.0182,0.9594,0.0224
SPADES SIX CLUBS ACE,0.406,0.0026,0.5914
SPADES EIGHT HEARTS TEN,0.685,0.0518,0.2632
CLUBS JACK SPADES SIX,0.5476,0.2254,0.227
CLUBS TEN SPADES SIX,0.6394,0.014,0.3466
CLUBS JACK SPADES TEN,0.226,0.121,0.653
CLUBS JACK SPADES JACK,0.1198,0.0346,0.8456
SPADES QUEEN CLUBS SEVEN,0.4052,0.0116,0.5832
SPADES KING CLUBS SEVEN,0.4076,0.0064,0.586
SPADES ACE CLUBS SEVEN,0.4012,0.003,0.5958
SPADES SIX HEARTS TEN,0.634,0.0126,0.3534
SPADES SIX HEARTS JACK,0.5472,0.2282,0.2246
SPADES SIX HEARTS ACE,0.4172,0.0024,0.5804
SPADES SIX HEARTS KING,0.4232,0.0048,0.572
SPADES SIX HEARTS QUEEN,0.4264,0.0112,0.5624
CLUBS SEVEN SPADES JACK,0.5592,0.2246,0.2162
CLUBS SEVEN SPADES TEN,0.6298,0.0154,0.3548
CLUBS TEN HEARTS SIX,0.6326,0.0158,0.3516
CLUBS JACK HEARTS SIX,0.5476,0.2348,0.2176
CLUBS JACK CLUBS ACE,0.2498,0.0168,0.7334
HEARTS SIX CLUBS QUEEN,0.4082,0.0112,0.5806
HEARTS SIX CLUBS KING,0.4232,0.0074,0.5694
HEARTS SIX CLUBS ACE,0.4198,0.003,0.5772
CLUBS JACK CLUBS QUEEN,0.2378,0.0464,0.7158
CLUBS JACK CLUBS KING,0.227,0.0288,0.7442
DIAMONDS THREE HEARTS ACE,0.4242,0.0046,0.5712
DIAMONDS THREE HEARTS QUEEN,0.421,0.0134,0.5656
DIAMONDS THREE HEARTS KING,0.4124,0.0062,0.5814
CLUBS FIVE HEARTS JACK,0.5494,0.223,0.2276
SPADES TEN DIAMONDS ACE,0.364,0.0016,0.6344
HEARTS FOUR SPADES TEN,0.6338,0.014,0.3522
CLUBS FIVE HEARTS TEN,0.6462,0.0174,0.3364
HEARTS FOUR SPADES JACK,0.5432,0.2266,0.2302
SPADES JACK DIAMONDS ACE,0.266,0.0194,0.7146
SPADES ACE HEARTS FOUR,0.4118,0.0048,0.5834
SPADES ACE DIAMONDS ACE,0.1558,0.0036,0.8406
CLUBS FIVE HEARTS ACE,0.4192,0.003,0.5778
CLUBS FIVE HEARTS KING,0.4206,0.0082,0.5712
HEARTS FOUR SPADES QUEEN,0.427,0.0106,0.5624
SPADES QUEEN DIAMONDS ACE,0.3452,0.0042,0.6506
CLUBS JACK SPADES FOUR,0.5444,0.224,0.2316
CLUBS FIVE HEARTS QUEEN,0.4162,0.0104,0.5734
SPADES KING DIAMONDS ACE,0.3408,0.0034,0.6558
SPADES KING HEARTS FOUR,0.4152,0.0082,0.5766
CLUBS TEN SPADES FOUR,0.634,0.0176,0.3484
DIAMONDS ACE DIAMONDS QUEEN,0.3266,0.005,0.6684
DIAMONDS ACE HEARTS TWO,0.418,0.003,0.579
HEARTS FOUR DIAMONDS QUEEN,0.422,0.0084,0.5696
HEARTS FOUR HEARTS TWO,0.5996,0.016,0.3844
DIAMONDS THREE HEARTS TEN,0.6418,0.0182,0.34
SPADES FOUR CLUBS KING,0.4198,0.007,0.5732
HEARTS FIVE DIAMONDS QUEEN,0.404,0.0104,0.5856
HEARTS FIVE HEARTS TWO,0.6042,0.0188,0.377
DIAMONDS THREE HEARTS JACK,0.5682,0.2184,0.2134
SPADES FOUR CLUBS QUEEN,0.4204,0.0086,0.571
HEARTS TWO DIAMONDS QUEEN,0.4156,0.0134,0.571
DIAMONDS KING DIAMONDS QUEEN,0.313,0.0056,0.6814
DIAMONDS KING HEARTS TWO,0.4176,0.0062,0.5762
HEARTS THREE DIAMONDS QUEEN,0.4116,0.009,0.5794
HEARTS THREE HEARTS TWO,0.5906,0.0188,0.3906
SPADES FOUR CLUBS ACE,0.4092,0.0028,0.588
HEARTS TWO CLUBS ACE,0.4048,0.0052,0.59
DIAMONDS QUEEN CLUBS ACE,0.3234,0.005,0.6716
HEARTS TWO CLUBS QUEEN,0.4312,0.0118,0.557
DIAMONDS QUEEN CLUBS QUEEN,0.1532,0.011,0.8358
HEARTS TWO CLUBS KING,0.4154,0.0076,0.577
DIAMONDS QUEEN CLUBS KING,0.3244,0.0076,0.668
SPADES EIGHT SPADES FIVE,0.6348,0.0574,0.3078
CLUBS TEN HEARTS TWO,0.6306,0.0178,0.3516
CLUBS TEN DIAMONDS QUEEN,0.345,0.0108,0.6442
SPADES NINE SPADES FIVE,0.5968,0.0166,0.3866
CLUBS JACK HEARTS TWO,0.55,0.2246,0.2254
CLUBS JACK DIAMONDS QUEEN,0.236,0.0446,0.7194
SPADES SIX SPADES FIVE,0.5684,0.0144,0.4172
SPADES SEVEN SPADES FIVE,0.5952,0.0156,0.3892
DIAMONDS FIVE CLUBS QUEEN,0.4006,0.0122,0.5872
SPADES EIGHT CLUBS ACE,0.2574,0.024,0.7186
DIAMONDS FIVE CLUBS KING,0.4172,0.0064,0.5764
SPADES EIGHT CLUBS KING,0.2612,0.0322,0.7066
DIAMONDS FIVE CLUBS ACE,0.42,0.0054,0.5746
SPADES EIGHT CLUBS QUEEN,0.2492,0.042,0.7088
CLUBS JACK SPADES EIGHT,0.0078,0.975,0.0172
CLUBS TEN SPADES EIGHT,0.6946,0.0522,0.2532
CLUBS TEN DIAMONDS FIVE,0.6528,0.0204,0.3268
CLUBS JACK DIAMONDS FIVE,0.5548,0.2244,0.2208
DIAMONDS TEN HEARTS JACK,0.2236,0.1206,0.6558
DIAMONDS TEN HEARTS TEN,0.29,0.021,0.689
SPADES ACE CLUBS NINE,0.3776,0.0038,0.6186
SPADES QUEEN CLUBS NINE,0.367,0.0104,0.6226
SPADES KING CLUBS NINE,0.364,0.0068,0.6292
HEARTS SIX HEARTS KING,0.3934,0.0074,0.5992
DIAMONDS KING SPADES SEVEN,0.4072,0.0062,0.5866
HEARTS THREE SPADES SEVEN,0.6616,0.0188,0.3196
SPADES KING DIAMONDS SEVEN,0.42,0.0082,0.5718
HEARTS SIX HEARTS QUEEN,0.3938,0.012,0.5942
SPADES QUEEN DIAMONDS SEVEN,0.406,0.0104,0.5836
HEARTS THREE SPADES SIX,0.6378,0.0144,0.3478
DIAMONDS KING SPADES SIX,0.409,0.0082,0.5828
SPADES NINE DIAMONDS KING,0.367,0.0068,0.6262
SPADES NINE HEARTS THREE,0.6476,0.0154,0.337
HEARTS SIX HEARTS ACE,0.3856,0.0046,0.6098
DIAMONDS KING SPADES EIGHT,0.2626,0.0322,0.7052
SPADES EIGHT HEARTS THREE,0.7056,0.0634,0.231
SPADES ACE DIAMONDS SEVEN,0.4134,0.0038,0.5828
CLUBS NINE HEARTS THREE,0.6526,0.0162,0.3312
CLUBS NINE DIAMONDS KING,0.363,0.0058,0.6312
HEARTS THREE SPADES THREE,0.449,0.0354,0.5156
DIAMONDS KING SPADES THREE,0.422,0.0094,0.5686
HEARTS THREE SPADES TWO,0.6394,0.0182,0.3424
DIAMONDS KING SPADES TWO,0.4222,0.005,0.5728
HEARTS THREE SPADES FIVE,0.621,0.0192,0.3598
DIAMONDS KING SPADES FIVE,0.412,0.0076,0.5804
HEARTS THREE SPADES FOUR,0.636,0.0174,0.3466
DIAMONDS KING SPADES FOUR,0.4112,0.009,0.5798
DIAMONDS KING CLUBS TWO,0.4364,0.0092,0.5544
HEARTS THREE CLUBS TWO,0.6608,0.0172,0.322
DIAMONDS KING CLUBS THREE,0.4232,0.008,0.5688
CLUBS THREE HEARTS THREE,0.4558,0.0336,0.5106
DIAMONDS KING CLUBS FOUR,0.4196,0.0076,0.5728
HEARTS THREE CLUBS FOUR,0.6418,0.016,0.3422
CLUBS FIVE DIAMONDS KING,0.4022,0.0086,0.5892
CLUBS FIVE HEARTS THREE,0.6234,0.0168,0.3598
CLUBS SIX DIAMONDS KING,0.4284,0.0066,0.565
