opposingHand,winningChance,drawChance,lostChance
CLUBS SEVEN CLUBS ACE
HEARTS FIVE SPADES TEN,0.6616,0.0044,0.334
SPADES JACK HEARTS FIVE,0.6502,0.002,0.3478
SPADES FIVE CLUBS JACK,0.6534,0.0034,0.3432
CLUBS TEN SPADES FIVE,0.6636,0.0032,0.3332
CLUBS EIGHT CLUBS JACK,0.5994,0.0044,0.3962
CLUBS TEN CLUBS EIGHT,0.6002,0.0052,0.3946
CLUBS EIGHT CLUBS KING,0.6304,0.0056,0.364
CLUBS EIGHT CLUBS QUEEN,0.5916,0.0062,0.4022
SPADES FIVE CLUBS KING,0.6532,0.0048,0.342
SPADES FIVE CLUBS QUEEN,0.6536,0.0056,0.3408
DIAMONDS TWO DIAMONDS THREE,0.639,0.0064,0.3546
DIAMONDS TWO DIAMONDS FIVE,0.621,0.005,0.374
SPADES KING HEARTS FIVE,0.6618,0.0044,0.3338
DIAMONDS TWO DIAMONDS FOUR,0.623,0.0064,0.3706
SPADES QUEEN HEARTS FIVE,0.6666,0.0038,0.3296
DIAMONDS TWO DIAMONDS SEVEN,0.7184,0.0296,0.252
DIAMONDS TWO DIAMONDS SIX,0.6436,0.005,0.3514
SPADES ACE HEARTS FIVE,0.4906,0.284,0.2254
DIAMONDS TWO DIAMONDS NINE,0.6244,0.0054,0.3702
DIAMONDS TWO DIAMONDS EIGHT,0.6278,0.005,0.3672
DIAMONDS THREE DIAMONDS FOUR,0.6176,0.008,0.3744
CLUBS TWO SPADES FOUR,0.6754,0.0058,0.3188
DIAMONDS THREE DIAMONDS FIVE,0.62,0.0044,0.3756
CLUBS TWO SPADES FIVE,0.6582,0.0064,0.3354
CLUBS TWO SPADES TWO,0.4914,0.0066,0.502
CLUBS TWO SPADES THREE,0.6852,0.0048,0.31
DIAMONDS THREE DIAMONDS EIGHT,0.6332,0.0044,0.3624
SPADES EIGHT CLUBS TWO,0.6604,0.0036,0.336
DIAMONDS THREE DIAMONDS NINE,0.6256,0.0078,0.3666
SPADES NINE CLUBS TWO,0.673,0.003,0.324
DIAMONDS THREE DIAMONDS SIX,0.6254,0.0048,0.3698
CLUBS TWO SPADES SIX,0.671,0.0072,0.3218
DIAMONDS THREE DIAMONDS SEVEN,0.7024,0.029,0.2686
CLUBS TWO SPADES SEVEN,0.748,0.032,0.22
CLUBS SIX CLUBS TWO,0.6868,0.0062,0.307
CLUBS FOUR CLUBS TWO,0.6774,0.0068,0.3158
CLUBS FIVE CLUBS TWO,0.6618,0.0058,0.3324
CLUBS TEN CLUBS JACK,0.5778,0.0048,0.4174
DIAMONDS FOUR DIAMONDS SIX,0.6172,0.005,0.3778
CLUBS TEN CLUBS QUEEN,0.5694,0.0058,0.4248
DIAMONDS FOUR DIAMONDS SEVEN,0.699,0.0258,0.2752
CLUBS TEN CLUBS KING,0.5982,0.007,0.3948
CLUBS EIGHT CLUBS TWO,0.6648,0.0044,0.3308
DIAMONDS FIVE DIAMONDS FOUR,0.6124,0.0064,0.3812
CLUBS NINE CLUBS TWO,0.6574,0.0058,0.3368
DIAMONDS NINE DIAMONDS FOUR,0.6282,0.0052,0.3666
DIAMONDS EIGHT DIAMONDS FOUR,0.6174,0.005,0.3776
CLUBS TWO CLUBS THREE,0.68,0.006,0.314
DIAMONDS NINE DIAMONDS FIVE,0.6112,0.004,0.3848
DIAMONDS TWO CLUBS JACK,0.6644,0.0036,0.332
DIAMONDS EIGHT DIAMONDS FIVE,0.6104,0.004,0.3856
CLUBS TEN DIAMONDS TWO,0.6594,0.004,0.3366
DIAMONDS FIVE DIAMONDS SEVEN,0.682,0.025,0.293
DIAMONDS FIVE DIAMONDS SIX,0.615,0.0048,0.3802
DIAMONDS TWO CLUBS KING,0.6552,0.004,0.3408
DIAMONDS TWO CLUBS QUEEN,0.6614,0.0054,0.3332
DIAMONDS EIGHT DIAMONDS SIX,0.5968,0.004,0.3992
DIAMONDS NINE DIAMONDS SIX,0.5948,0.0038,0.4014
HEARTS ACE SPADES THREE,0.5014,0.2812,0.2174
HEARTS KING SPADES THREE,0.6704,0.0046,0.325
DIAMONDS SEVEN DIAMONDS SIX,0.67,0.0242,0.3058
SPADES THREE HEARTS QUEEN,0.6648,0.003,0.3322
HEARTS JACK SPADES THREE,0.6622,0.005,0.3328
SPADES THREE HEARTS TEN,0.661,0.005,0.334
DIAMONDS EIGHT DIAMONDS SEVEN,0.653,0.02,0.327
DIAMONDS NINE DIAMONDS SEVEN,0.674,0.0224,0.3036
DIAMONDS NINE DIAMONDS EIGHT,0.5644,0.0048,0.4308
DIAMONDS KING HEARTS TEN,0.5996,0.0046,0.3958
HEARTS THREE HEARTS TEN,0.6088,0.0044,0.3868
CLUBS SIX SPADES JACK,0.6652,0.0048,0.33
DIAMONDS KING HEARTS JACK,0.6042,0.0034,0.3924
HEARTS THREE HEARTS JACK,0.6216,0.0046,0.3738
CLUBS SIX SPADES TEN,0.6476,0.0046,0.3478
SPADES JACK SPADES FIVE,0.6158,0.0042,0.38
SPADES TEN SPADES FIVE,0.6244,0.0044,0.3712
DIAMONDS KING HEARTS ACE,0.302,0.0522,0.6458
HEARTS THREE HEARTS ACE,0.4532,0.2648,0.282
SPADES ACE CLUBS SIX,0.4962,0.2924,0.2114
DIAMONDS KING HEARTS QUEEN,0.606,0.0036,0.3904
HEARTS THREE HEARTS QUEEN,0.624,0.004,0.372
SPADES KING CLUBS SIX,0.6544,0.0056,0.34
DIAMONDS KING HEARTS KING,0.3236,0.0036,0.6728
HEARTS THREE HEARTS KING,0.616,0.0042,0.3798
SPADES QUEEN CLUBS SIX,0.6724,0.0044,0.3232
SPADES NINE HEARTS TEN,0.595,0.0028,0.4022
SPADES NINE HEARTS JACK,0.6108,0.0028,0.3864
SPADES QUEEN SPADES FIVE,0.6172,0.0048,0.378
SPADES KING SPADES FIVE,0.6144,0.0048,0.3808
SPADES ACE SPADES FIVE,0.471,0.2622,0.2668
SPADES NINE HEARTS QUEEN,0.6074,0.0036,0.389
SPADES NINE HEARTS KING,0.6188,0.0042,0.377
SPADES NINE HEARTS ACE,0.2804,0.153,0.5666
CLUBS TEN SPADES JACK,0.5776,0.0048,0.4176
CLUBS TEN SPADES TEN,0.3438,0.0028,0.6534
SPADES ACE CLUBS TEN,0.2682,0.1148,0.617
SPADES KING CLUBS TEN,0.5904,0.0052,0.4044
CLUBS TEN SPADES QUEEN,0.5786,0.0048,0.4166
SPADES FIVE HEARTS QUEEN,0.6572,0.003,0.3398
HEARTS KING SPADES FIVE,0.6628,0.0036,0.3336
SPADES FIVE HEARTS ACE,0.4876,0.2762,0.2362
CLUBS EIGHT SPADES TEN,0.598,0.0028,0.3992
HEARTS THREE SPADES JACK,0.6554,0.0044,0.3402
SPADES JACK DIAMONDS KING,0.596,0.0044,0.3996
SPADES TEN DIAMONDS KING,0.6044,0.003,0.3926
HEARTS THREE SPADES TEN,0.6602,0.0036,0.3362
SPADES JACK CLUBS EIGHT,0.5958,0.0054,0.3988
SPADES ACE CLUBS EIGHT,0.2656,0.2244,0.51
HEARTS FIVE CLUBS JACK,0.6516,0.0066,0.3418
CLUBS SIX HEARTS ACE,0.4972,0.2926,0.2102
CLUBS TEN HEARTS FIVE,0.6522,0.0056,0.3422
SPADES QUEEN CLUBS EIGHT,0.6138,0.0056,0.3806
CLUBS TEN SPADES THREE,0.6652,0.008,0.3268
CLUBS SIX HEARTS QUEEN,0.6586,0.0054,0.336
SPADES KING CLUBS EIGHT,0.6346,0.006,0.3594
SPADES THREE CLUBS JACK,0.6514,0.0056,0.343
CLUBS SIX HEARTS KING,0.6552,0.005,0.3398
DIAMONDS TWO HEARTS JACK,0.6558,0.004,0.3402
SPADES THREE CLUBS QUEEN,0.6582,0.0042,0.3376
DIAMONDS TWO HEARTS TEN,0.6618,0.0042,0.334
SPADES THREE CLUBS KING,0.6508,0.0058,0.3434
SPADES FIVE HEARTS TEN,0.6606,0.0064,0.333
HEARTS FIVE CLUBS KING,0.6464,0.0056,0.348
SPADES FIVE HEARTS JACK,0.6678,0.0022,0.33
HEARTS FIVE CLUBS QUEEN,0.6524,0.0064,0.3412
HEARTS THREE CLUBS KING,0.6546,0.0054,0.34
DIAMONDS KING CLUBS KING,0.3136,0.0052,0.6812
HEARTS THREE CLUBS QUEEN,0.6604,0.0058,0.3338
DIAMONDS KING CLUBS QUEEN,0.5922,0.0054,0.4024
HEARTS FIVE HEARTS JACK,0.6124,0.0044,0.3832
HEARTS FIVE HEARTS TEN,0.6214,0.006,0.3726
SPADES ACE CLUBS QUEEN,0.272,0.0654,0.6626
SPADES KING CLUBS QUEEN,0.5998,0.0048,0.3954
HEARTS THREE CLUBS JACK,0.6622,0.005,0.3328
DIAMONDS KING CLUBS JACK,0.5814,0.0032,0.4154
SPADES QUEEN CLUBS QUEEN,0.324,0.0038,0.6722
CLUBS TEN HEARTS THREE,0.6358,0.0056,0.3586
CLUBS TEN DIAMONDS KING,0.5958,0.0038,0.4004
SPADES JACK CLUBS QUEEN,0.573,0.0046,0.4224
CLUBS SIX CLUBS QUEEN,0.6566,0.0062,0.3372
SPADES TEN CLUBS QUEEN,0.565,0.0042,0.4308
CLUBS SIX CLUBS KING,0.6518,0.0046,0.3436
HEARTS FIVE HEARTS KING,0.6282,0.0032,0.3686
HEARTS FIVE HEARTS QUEEN,0.6018,0.0052,0.393
CLUBS TEN CLUBS SIX,0.6526,0.0052,0.3422
HEARTS FIVE HEARTS ACE,0.46,0.2644,0.2756
CLUBS SIX CLUBS JACK,0.6522,0.0038,0.344
SPADES SEVEN HEARTS JACK,0.7416,0.0214,0.237
SPADES SEVEN HEARTS TEN,0.7278,0.0226,0.2496
DIAMONDS TWO CLUBS TWO,0.4858,0.009,0.5052
DIAMONDS TWO CLUBS THREE,0.6718,0.0054,0.3228
HEARTS SIX DIAMONDS TWO,0.6988,0.0048,0.2964
DIAMONDS TWO HEARTS QUEEN,0.6524,0.0036,0.344
DIAMONDS TWO HEARTS SEVEN,0.766,0.0284,0.2056
DIAMONDS TWO HEARTS KING,0.6622,0.006,0.3318
DIAMONDS TWO HEARTS EIGHT,0.6644,0.0046,0.331
DIAMONDS TWO HEARTS ACE,0.4868,0.291,0.2222
DIAMONDS TWO HEARTS NINE,0.6646,0.0032,0.3322
DIAMONDS TWO DIAMONDS QUEEN,0.6216,0.0034,0.375
DIAMONDS TWO HEARTS TWO,0.504,0.0068,0.4892
DIAMONDS TWO DIAMONDS KING,0.621,0.0044,0.3746
HEARTS THREE DIAMONDS TWO,0.6884,0.006,0.3056
DIAMONDS TWO DIAMONDS ACE,0.4668,0.2622,0.271
HEARTS FOUR DIAMONDS TWO,0.6622,0.0054,0.3324
DIAMONDS TWO HEARTS FIVE,0.6742,0.0054,0.3204
SPADES SEVEN HEARTS ACE,0.0706,0.909,0.0204
DIAMONDS TWO DIAMONDS TEN,0.6166,0.0046,0.3788
SPADES SEVEN HEARTS KING,0.7504,0.0266,0.223
DIAMONDS TWO DIAMONDS JACK,0.6332,0.0066,0.3602
SPADES SEVEN HEARTS QUEEN,0.7648,0.0242,0.211
DIAMONDS TWO SPADES NINE,0.6806,0.0044,0.315
DIAMONDS TWO SPADES EIGHT,0.652,0.0046,0.3434
DIAMONDS TWO SPADES SEVEN,0.77,0.0302,0.1998
DIAMONDS TWO SPADES SIX,0.6956,0.0036,0.3008
DIAMONDS TWO SPADES FIVE,0.677,0.0054,0.3176
DIAMONDS TWO SPADES FOUR,0.6684,0.0078,0.3238
DIAMONDS TWO SPADES THREE,0.6722,0.0062,0.3216
DIAMONDS TWO SPADES TWO,0.5022,0.006,0.4918
CLUBS NINE DIAMONDS TWO,0.6624,0.0066,0.331
DIAMONDS TWO CLUBS EIGHT,0.6722,0.0048,0.323
CLUBS SIX DIAMONDS TWO,0.687,0.005,0.308
DIAMONDS TWO CLUBS FIVE,0.6732,0.0064,0.3204
DIAMONDS TWO CLUBS FOUR,0.67,0.0036,0.3264
CLUBS FOUR SPADES FIVE,0.6432,0.0052,0.3516
CLUBS FOUR SPADES FOUR,0.4842,0.0048,0.511
CLUBS FOUR SPADES THREE,0.6598,0.0034,0.3368
CLUBS FOUR SPADES TWO,0.6582,0.0068,0.335
CLUBS FOUR SPADES NINE,0.6672,0.0054,0.3274
CLUBS FOUR SPADES EIGHT,0.6548,0.0038,0.3414
CLUBS FOUR SPADES SEVEN,0.735,0.0244,0.2406
CLUBS FOUR SPADES SIX,0.6676,0.006,0.3264
SPADES ACE DIAMONDS SIX,0.5122,0.2756,0.2122
SPADES QUEEN DIAMONDS SIX,0.6564,0.0038,0.3398
SPADES KING DIAMONDS SIX,0.6562,0.0038,0.34
SPADES TEN DIAMONDS SIX,0.6536,0.0034,0.343
SPADES JACK DIAMONDS SIX,0.6694,0.0044,0.3262
SPADES QUEEN SPADES TWO,0.624,0.0058,0.3702
SPADES KING SPADES TWO,0.626,0.005,0.369
SPADES ACE SPADES TWO,0.4648,0.271,0.2642
DIAMONDS JACK CLUBS JACK,0.3484,0.0038,0.6478
CLUBS TEN DIAMONDS JACK,0.5654,0.0054,0.4292
DIAMONDS JACK CLUBS KING,0.5878,0.0052,0.407
DIAMONDS JACK CLUBS QUEEN,0.5768,0.0036,0.4196
DIAMONDS THREE DIAMONDS JACK,0.6186,0.0056,0.3758
DIAMONDS THREE DIAMONDS TEN,0.6208,0.004,0.3752
DIAMONDS THREE DIAMONDS KING,0.6052,0.004,0.3908
HEARTS THREE DIAMONDS THREE,0.5046,0.0056,0.4898
DIAMONDS THREE DIAMONDS QUEEN,0.6204,0.0034,0.3762
DIAMONDS THREE HEARTS TWO,0.682,0.0044,0.3136
HEARTS FIVE DIAMONDS THREE,0.6536,0.007,0.3394
DIAMONDS THREE DIAMONDS ACE,0.4602,0.2734,0.2664
HEARTS FOUR DIAMONDS THREE,0.6666,0.004,0.3294
DIAMONDS THREE HEARTS SEVEN,0.7556,0.0302,0.2142
SPADES TEN SPADES NINE,0.554,0.003,0.443
HEARTS SIX DIAMONDS THREE,0.6786,0.0054,0.316
SPADES JACK SPADES NINE,0.5664,0.004,0.4296
DIAMONDS THREE HEARTS NINE,0.6576,0.003,0.3394
HEARTS JACK DIAMONDS FOUR,0.6506,0.004,0.3454
HEARTS KING HEARTS ACE,0.2714,0.042,0.6866
SPADES TEN SPADES TWO,0.6172,0.0058,0.377
DIAMONDS THREE HEARTS EIGHT,0.6764,0.005,0.3186
HEARTS TEN DIAMONDS FOUR,0.6512,0.0036,0.3452
SPADES JACK SPADES TWO,0.6258,0.0058,0.3684
HEARTS QUEEN DIAMONDS FOUR,0.647,0.003,0.35
HEARTS KING DIAMONDS FOUR,0.6628,0.0052,0.332
SPADES ACE SPADES NINE,0.2772,0.1502,0.5726
HEARTS ACE DIAMONDS FOUR,0.4868,0.2794,0.2338
SPADES KING SPADES NINE,0.588,0.0046,0.4074
SPADES QUEEN SPADES NINE,0.5706,0.0022,0.4272
DIAMONDS THREE SPADES NINE,0.66,0.0068,0.3332
DIAMONDS THREE SPADES EIGHT,0.6742,0.0038,0.322
DIAMONDS THREE SPADES SEVEN,0.7542,0.0252,0.2206
DIAMONDS THREE SPADES SIX,0.6788,0.0048,0.3164
CLUBS SIX DIAMONDS THREE,0.6746,0.0084,0.317
CLUBS SIX CLUBS FIVE,0.6536,0.0064,0.34
DIAMONDS THREE CLUBS FOUR,0.6542,0.0068,0.339
DIAMONDS FOUR CLUBS QUEEN,0.6496,0.004,0.3464
DIAMONDS THREE CLUBS FIVE,0.6592,0.0054,0.3354
CLUBS KING DIAMONDS FOUR,0.6454,0.0054,0.3492
DIAMONDS THREE CLUBS TWO,0.675,0.0078,0.3172
CLUBS TEN DIAMONDS FOUR,0.6532,0.0036,0.3432
DIAMONDS THREE CLUBS THREE,0.5014,0.01,0.4886
DIAMONDS FOUR CLUBS JACK,0.65,0.0042,0.3458
DIAMONDS THREE SPADES FOUR,0.6714,0.0046,0.324
DIAMONDS THREE SPADES FIVE,0.6546,0.0044,0.341
DIAMONDS THREE SPADES TWO,0.6884,0.006,0.3056
DIAMONDS THREE SPADES THREE,0.5004,0.0068,0.4928
CLUBS EIGHT DIAMONDS THREE,0.6628,0.005,0.3322
CLUBS NINE DIAMONDS THREE,0.6576,0.006,0.3364
SPADES SEVEN CLUBS QUEEN,0.7472,0.0204,0.2324
SPADES SEVEN CLUBS KING,0.7538,0.029,0.2172
CLUBS FIVE SPADES SEVEN,0.7078,0.0262,0.266
CLUBS TEN SPADES SEVEN,0.7284,0.0238,0.2478
CLUBS FIVE SPADES SIX,0.642,0.0046,0.3534
SPADES SEVEN CLUBS JACK,0.732,0.0292,0.2388
SPADES NINE CLUBS FIVE,0.6488,0.0026,0.3486
CLUBS FIVE SPADES EIGHT,0.6276,0.0054,0.367
CLUBS FIVE SPADES THREE,0.6416,0.005,0.3534
CLUBS FIVE SPADES TWO,0.6786,0.0066,0.3148
CLUBS FIVE SPADES FIVE,0.4794,0.0056,0.515
CLUBS FIVE SPADES FOUR,0.6274,0.0056,0.367
CLUBS NINE CLUBS FIVE,0.647,0.007,0.346
CLUBS EIGHT CLUBS FIVE,0.6296,0.0062,0.3642
CLUBS KING CLUBS QUEEN,0.5938,0.0074,0.3988
DIAMONDS TEN DIAMONDS FOUR,0.6308,0.0048,0.3644
CLUBS TEN DIAMONDS NINE,0.5916,0.0042,0.4042
DIAMONDS JACK DIAMONDS FOUR,0.6214,0.0044,0.3742
DIAMONDS NINE CLUBS JACK,0.6118,0.0052,0.383
SPADES NINE CLUBS JACK,0.5902,0.0058,0.404
CLUBS TEN SPADES NINE,0.5874,0.0032,0.4094
DIAMONDS ACE DIAMONDS FOUR,0.454,0.2598,0.2862
HEARTS FOUR DIAMONDS FOUR,0.49,0.004,0.506
DIAMONDS JACK HEARTS TEN,0.5836,0.0056,0.4108
SPADES NINE CLUBS KING,0.613,0.0044,0.3826
DIAMONDS TWO SPADES TEN,0.658,0.0058,0.3362
HEARTS FIVE DIAMONDS FOUR,0.6418,0.0048,0.3534
HEARTS JACK DIAMONDS JACK,0.3386,0.0026,0.6588
SPADES NINE CLUBS QUEEN,0.5952,0.0038,0.401
DIAMONDS TWO SPADES JACK,0.6652,0.005,0.3298
DIAMONDS QUEEN DIAMONDS FOUR,0.618,0.0034,0.3786
HEARTS TWO DIAMONDS FOUR,0.6768,0.005,0.3182
DIAMONDS NINE CLUBS QUEEN,0.6028,0.0046,0.3926
DIAMONDS KING DIAMONDS FOUR,0.6104,0.006,0.3836
HEARTS THREE DIAMONDS FOUR,0.6706,0.0056,0.3238
DIAMONDS NINE CLUBS KING,0.6228,0.0048,0.3724
HEARTS ACE DIAMONDS JACK,0.2918,0.0868,0.6214
SPADES ACE DIAMONDS TWO,0.5008,0.2784,0.2208
DIAMONDS JACK HEARTS QUEEN,0.5908,0.0036,0.4056
SPADES QUEEN DIAMONDS TWO,0.6474,0.0042,0.3484
HEARTS KING DIAMONDS JACK,0.5984,0.0032,0.3984
SPADES KING DIAMONDS TWO,0.6724,0.007,0.3206
SPADES JACK SPADES SEVEN,0.6972,0.0196,0.2832
SPADES TEN SPADES SEVEN,0.687,0.0234,0.2896
CLUBS SIX CLUBS THREE,0.6672,0.0036,0.3292
CLUBS FIVE CLUBS THREE,0.6424,0.0064,0.3512
CLUBS FOUR CLUBS THREE,0.6546,0.0062,0.3392
CLUBS NINE CLUBS THREE,0.6606,0.005,0.3344
CLUBS EIGHT CLUBS THREE,0.6622,0.0052,0.3326
CLUBS THREE SPADES FIVE,0.6628,0.0076,0.3296
CLUBS THREE SPADES FOUR,0.6646,0.0054,0.33
CLUBS THREE SPADES THREE,0.4934,0.006,0.5006
CLUBS THREE SPADES TWO,0.6646,0.0058,0.3296
CLUBS THREE SPADES SIX,0.668,0.006,0.326
SPADES SEVEN CLUBS THREE,0.7478,0.0302,0.222
SPADES EIGHT CLUBS THREE,0.6562,0.0066,0.3372
SPADES NINE CLUBS THREE,0.6648,0.004,0.3312
SPADES TWO DIAMONDS FOUR,0.6838,0.0056,0.3106
SPADES THREE DIAMONDS FOUR,0.6646,0.0044,0.331
SPADES FOUR DIAMONDS FOUR,0.4908,0.0044,0.5048
SPADES FIVE DIAMONDS FOUR,0.6396,0.006,0.3544
SPADES SIX DIAMONDS FOUR,0.6482,0.0044,0.3474
SPADES SEVEN DIAMONDS FOUR,0.7318,0.0248,0.2434
SPADES EIGHT DIAMONDS FOUR,0.6598,0.003,0.3372
SPADES NINE DIAMONDS FOUR,0.6736,0.0028,0.3236
CLUBS FIVE DIAMONDS FOUR,0.6322,0.0048,0.363
CLUBS FOUR DIAMONDS FOUR,0.4874,0.0072,0.5054
CLUBS SIX DIAMONDS FOUR,0.654,0.0058,0.3402
CLUBS NINE DIAMONDS FOUR,0.6708,0.007,0.3222
CLUBS EIGHT DIAMONDS FOUR,0.6514,0.0058,0.3428
DIAMONDS FOUR HEARTS SEVEN,0.7472,0.0242,0.2286
HEARTS SIX DIAMONDS FOUR,0.6734,0.003,0.3236
HEARTS NINE DIAMONDS FOUR,0.675,0.004,0.321
DIAMONDS FOUR HEARTS EIGHT,0.6594,0.0046,0.336
CLUBS THREE DIAMONDS FOUR,0.6638,0.006,0.3302
CLUBS TWO DIAMONDS FOUR,0.6656,0.0064,0.328
DIAMONDS TEN DIAMONDS FIVE,0.6198,0.0058,0.3744
DIAMONDS JACK DIAMONDS FIVE,0.6106,0.005,0.3844
DIAMONDS NINE HEARTS QUEEN,0.609,0.0032,0.3878
HEARTS KING DIAMONDS NINE,0.6222,0.0034,0.3744
DIAMONDS NINE HEARTS ACE,0.2832,0.1566,0.5602
DIAMONDS NINE HEARTS TEN,0.585,0.0032,0.4118
DIAMONDS NINE HEARTS JACK,0.5936,0.0034,0.403
CLUBS KING DIAMONDS SIX,0.662,0.0044,0.3336
CLUBS QUEEN DIAMONDS SIX,0.663,0.0048,0.3322
SPADES KING DIAMONDS FOUR,0.6614,0.006,0.3326
SPADES ACE SPADES SEVEN,0.0672,0.8662,0.0666
SPADES QUEEN DIAMONDS FOUR,0.6588,0.004,0.3372
SPADES QUEEN SPADES SEVEN,0.7124,0.024,0.2636
CLUBS JACK DIAMONDS SIX,0.6548,0.0046,0.3406
SPADES KING SPADES SEVEN,0.7072,0.0266,0.2662
SPADES ACE DIAMONDS FOUR,0.4858,0.2824,0.2318
CLUBS TEN DIAMONDS SIX,0.654,0.004,0.342
CLUBS NINE CLUBS FOUR,0.6598,0.0068,0.3334
CLUBS EIGHT CLUBS FOUR,0.6508,0.0042,0.345
SPADES JACK DIAMONDS FOUR,0.6652,0.0026,0.3322
SPADES TEN DIAMONDS FOUR,0.664,0.0028,0.3332
CLUBS FOUR CLUBS FIVE,0.635,0.0074,0.3576
CLUBS SIX CLUBS FOUR,0.6548,0.0058,0.3394
HEARTS SIX DIAMONDS FIVE,0.6434,0.004,0.3526
DIAMONDS FIVE HEARTS SEVEN,0.7214,0.027,0.2516
DIAMONDS FIVE HEARTS EIGHT,0.6396,0.0036,0.3568
HEARTS NINE DIAMONDS FIVE,0.661,0.005,0.334
DIAMONDS QUEEN DIAMONDS FIVE,0.6216,0.0054,0.373
HEARTS TWO DIAMONDS FIVE,0.6676,0.0024,0.33
HEARTS KING HEARTS EIGHT,0.5994,0.0032,0.3974
DIAMONDS KING DIAMONDS FIVE,0.6176,0.005,0.3774
HEARTS THREE DIAMONDS FIVE,0.6628,0.004,0.3332
HEARTS QUEEN HEARTS EIGHT,0.566,0.004,0.43
DIAMONDS ACE DIAMONDS FIVE,0.461,0.2694,0.2696
HEARTS FOUR DIAMONDS FIVE,0.6558,0.0044,0.3398
HEARTS FIVE DIAMONDS FIVE,0.4772,0.0042,0.5186
HEARTS ACE HEARTS EIGHT,0.2724,0.204,0.5236
CLUBS FOUR DIAMONDS FIVE,0.6432,0.0056,0.3512
CLUBS FIVE DIAMONDS FIVE,0.4942,0.0036,0.5022
CLUBS SIX DIAMONDS FIVE,0.6316,0.004,0.3644
CLUBS TWO DIAMONDS FIVE,0.6732,0.0042,0.3226
CLUBS THREE DIAMONDS FIVE,0.6578,0.0046,0.3376
SPADES THREE DIAMONDS FIVE,0.6558,0.0062,0.338
SPADES TWO DIAMONDS FIVE,0.6682,0.007,0.3248
SPADES JACK DIAMONDS EIGHT,0.609,0.0038,0.3872
SPADES FIVE DIAMONDS FIVE,0.4842,0.0042,0.5116
CLUBS TEN HEARTS JACK,0.5666,0.0054,0.428
SPADES TEN DIAMONDS EIGHT,0.601,0.0056,0.3934
SPADES FOUR DIAMONDS FIVE,0.6434,0.0052,0.3514
HEARTS JACK CLUBS JACK,0.3362,0.0028,0.661
HEARTS JACK CLUBS QUEEN,0.5802,0.005,0.4148
CLUBS NINE DIAMONDS FIVE,0.6462,0.0038,0.35
HEARTS JACK CLUBS KING,0.5866,0.0058,0.4076
CLUBS EIGHT DIAMONDS FIVE,0.6336,0.0054,0.361
SPADES SEVEN DIAMONDS FIVE,0.7162,0.0296,0.2542
SPADES KING DIAMONDS EIGHT,0.6406,0.003,0.3564
SPADES QUEEN DIAMONDS EIGHT,0.6136,0.006,0.3804
SPADES SIX DIAMONDS FIVE,0.6506,0.005,0.3444
SPADES NINE DIAMONDS FIVE,0.6606,0.004,0.3354
SPADES EIGHT DIAMONDS FIVE,0.6428,0.0048,0.3524
SPADES ACE DIAMONDS EIGHT,0.2648,0.218,0.5172
DIAMONDS TEN DIAMONDS SIX,0.624,0.0046,0.3714
HEARTS ACE DIAMONDS SEVEN,0.0764,0.9028,0.0208
DIAMONDS JACK DIAMONDS SIX,0.6192,0.0054,0.3754
HEARTS QUEEN DIAMONDS SEVEN,0.7514,0.0238,0.2248
HEARTS KING DIAMONDS SEVEN,0.7476,0.0308,0.2216
DIAMONDS ACE DIAMONDS SIX,0.4892,0.2686,0.2422
HEARTS FOUR DIAMONDS SIX,0.6666,0.0048,0.3286
HEARTS JACK SPADES TWO,0.6632,0.0052,0.3316
HEARTS FIVE DIAMONDS SIX,0.6594,0.0058,0.3348
SPADES TWO HEARTS TEN,0.657,0.0042,0.3388
DIAMONDS QUEEN DIAMONDS SIX,0.6124,0.0046,0.383
HEARTS TWO DIAMONDS SIX,0.6956,0.0048,0.2996
DIAMONDS KING DIAMONDS SIX,0.616,0.0062,0.3778
HEARTS THREE DIAMONDS SIX,0.682,0.0036,0.3144
HEARTS EIGHT DIAMONDS SIX,0.6262,0.0044,0.3694
HEARTS NINE DIAMONDS SIX,0.6506,0.0038,0.3456
HEARTS SIX DIAMONDS SIX,0.483,0.002,0.515
HEARTS SEVEN DIAMONDS SIX,0.6964,0.0278,0.2758
HEARTS TEN DIAMONDS SEVEN,0.7292,0.02,0.2508
CLUBS TWO DIAMONDS SIX,0.6886,0.0046,0.3068
HEARTS JACK DIAMONDS SEVEN,0.735,0.0226,0.2424
CLUBS THREE DIAMONDS SIX,0.6668,0.0064,0.3268
DIAMONDS EIGHT CLUBS JACK,0.6076,0.0044,0.388
CLUBS SIX DIAMONDS SIX,0.4686,0.0046,0.5268
CLUBS TEN DIAMONDS EIGHT,0.6062,0.0026,0.3912
CLUBS FIVE DIAMONDS SIX,0.6408,0.0036,0.3556
CLUBS FOUR DIAMONDS SIX,0.667,0.0042,0.3288
HEARTS ACE HEARTS JACK,0.2766,0.0808,0.6426
HEARTS JACK HEARTS QUEEN,0.5554,0.004,0.4406
DIAMONDS EIGHT CLUBS KING,0.632,0.0034,0.3646
CLUBS NINE DIAMONDS SIX,0.6438,0.005,0.3512
HEARTS KING HEARTS JACK,0.582,0.0046,0.4134
DIAMONDS EIGHT CLUBS QUEEN,0.6196,0.0042,0.3762
CLUBS EIGHT DIAMONDS SIX,0.6368,0.0034,0.3598
SPADES TEN HEARTS KING,0.6046,0.0058,0.3896
SPADES FIVE DIAMONDS SIX,0.6558,0.0046,0.3396
HEARTS ACE SPADES TWO,0.4872,0.2832,0.2296
SPADES JACK HEARTS KING,0.6118,0.003,0.3852
SPADES FOUR DIAMONDS SIX,0.6644,0.0038,0.3318
SPADES THREE DIAMONDS SIX,0.6792,0.0042,0.3166
HEARTS QUEEN SPADES TWO,0.6692,0.005,0.3258
SPADES ACE SPADES KING,0.2878,0.0484,0.6638
HEARTS KING SPADES TWO,0.6734,0.0036,0.323
SPADES TWO DIAMONDS SIX,0.6958,0.0046,0.2996
HEARTS TEN HEARTS EIGHT,0.5532,0.0034,0.4434
SPADES NINE DIAMONDS SIX,0.6406,0.0048,0.3546
HEARTS JACK HEARTS EIGHT,0.5752,0.005,0.4198
SPADES EIGHT DIAMONDS SIX,0.6382,0.005,0.3568
SPADES SEVEN DIAMONDS SIX,0.719,0.0214,0.2596
SPADES SIX DIAMONDS SIX,0.4716,0.0042,0.5242
SPADES KING HEARTS KING,0.3144,0.003,0.6826
SPADES QUEEN HEARTS KING,0.5978,0.0046,0.3976
SPADES ACE HEARTS KING,0.2992,0.0462,0.6546
SPADES ACE HEARTS JACK,0.2832,0.0812,0.6356
SPADES QUEEN HEARTS JACK,0.5936,0.0052,0.4012
SPADES KING HEARTS JACK,0.601,0.0034,0.3956
SPADES TEN DIAMONDS TEN,0.3468,0.0026,0.6506
SPADES JACK DIAMONDS TEN,0.5796,0.0026,0.4178
SPADES ACE DIAMONDS TEN,0.2786,0.1146,0.6068
SPADES JACK HEARTS JACK,0.3404,0.0042,0.6554
SPADES TEN HEARTS JACK,0.5914,0.0034,0.4052
SPADES QUEEN DIAMONDS TEN,0.5934,0.0044,0.4022
SPADES KING DIAMONDS TEN,0.5926,0.0034,0.404
SPADES NINE DIAMONDS SEVEN,0.7156,0.0194,0.265
SPADES EIGHT DIAMONDS SEVEN,0.7016,0.0182,0.2802
SPADES SEVEN DIAMONDS SEVEN,0.3588,0.0264,0.6148
SPADES SIX DIAMONDS SEVEN,0.7214,0.0258,0.2528
DIAMONDS KING DIAMONDS SEVEN,0.702,0.0266,0.2714
HEARTS THREE DIAMONDS SEVEN,0.752,0.0278,0.2202
HEARTS KING DIAMONDS FIVE,0.67,0.0048,0.3252
DIAMONDS QUEEN DIAMONDS SEVEN,0.7106,0.0248,0.2646
HEARTS TWO DIAMONDS SEVEN,0.758,0.0276,0.2144
HEARTS QUEEN DIAMONDS FIVE,0.6484,0.0038,0.3478
HEARTS FIVE DIAMONDS SEVEN,0.7172,0.0248,0.258
DIAMONDS ACE DIAMONDS SEVEN,0.0702,0.8524,0.0774
HEARTS FOUR DIAMONDS SEVEN,0.733,0.0236,0.2434
HEARTS ACE DIAMONDS FIVE,0.4918,0.2818,0.2264
HEARTS SEVEN DIAMONDS SEVEN,0.3606,0.0258,0.6136
HEARTS SIX DIAMONDS SEVEN,0.7108,0.0196,0.2696
HEARTS NINE DIAMONDS SEVEN,0.7216,0.0218,0.2566
DIAMONDS SEVEN HEARTS EIGHT,0.709,0.02,0.271
DIAMONDS JACK DIAMONDS SEVEN,0.6924,0.0232,0.2844
HEARTS JACK DIAMONDS FIVE,0.6612,0.0042,0.3346
DIAMONDS TEN DIAMONDS SEVEN,0.6912,0.02,0.2888
DIAMONDS FIVE HEARTS TEN,0.6558,0.006,0.3382
SPADES KING CLUBS TWO,0.674,0.0042,0.3218
HEARTS KING CLUBS KING,0.324,0.0042,0.6718
CLUBS EIGHT DIAMONDS SEVEN,0.7052,0.0184,0.2764
SPADES QUEEN CLUBS TWO,0.6728,0.005,0.3222
HEARTS KING CLUBS QUEEN,0.592,0.0042,0.4038
CLUBS NINE DIAMONDS SEVEN,0.7024,0.021,0.2766
SPADES TWO CLUBS JACK,0.6698,0.0056,0.3246
SPADES ACE CLUBS TWO,0.4748,0.3032,0.222
CLUBS TEN SPADES TWO,0.6636,0.006,0.3304
SPADES TWO CLUBS KING,0.6634,0.0066,0.33
SPADES TWO DIAMONDS SEVEN,0.7652,0.0268,0.208
CLUBS SIX CLUBS EIGHT,0.6264,0.0044,0.3692
SPADES THREE DIAMONDS SEVEN,0.7624,0.0268,0.2108
SPADES TWO CLUBS QUEEN,0.6642,0.0068,0.329
CLUBS NINE CLUBS SIX,0.64,0.0056,0.3544
SPADES FOUR DIAMONDS SEVEN,0.7456,0.0218,0.2326
HEARTS KING CLUBS JACK,0.5928,0.005,0.4022
SPADES FIVE DIAMONDS SEVEN,0.7236,0.0252,0.2512
CLUBS TEN HEARTS KING,0.5918,0.0054,0.4028
CLUBS SIX SPADES TWO,0.6892,0.005,0.3058
CLUBS SIX SPADES THREE,0.6686,0.0058,0.3256
CLUBS TWO DIAMONDS SEVEN,0.7612,0.0284,0.2104
CLUBS SIX SPADES FOUR,0.6492,0.0062,0.3446
CLUBS THREE DIAMONDS SEVEN,0.7604,0.025,0.2146
CLUBS SIX SPADES FIVE,0.6402,0.0048,0.355
CLUBS FOUR DIAMONDS SEVEN,0.7246,0.0258,0.2496
CLUBS SIX SPADES SIX,0.4704,0.004,0.5256
CLUBS FIVE DIAMONDS SEVEN,0.7106,0.029,0.2604
CLUBS SIX SPADES SEVEN,0.7252,0.0266,0.2482
CLUBS SIX DIAMONDS SEVEN,0.6968,0.0268,0.2764
CLUBS SIX SPADES EIGHT,0.6362,0.004,0.3598
SPADES JACK CLUBS TWO,0.6672,0.006,0.3268
CLUBS SIX SPADES NINE,0.6506,0.0046,0.3448
SPADES TEN CLUBS TWO,0.6654,0.005,0.3296
CLUBS TWO CLUBS QUEEN,0.6548,0.007,0.3382
CLUBS TWO CLUBS KING,0.658,0.0056,0.3364
CLUBS THREE DIAMONDS EIGHT,0.6588,0.0066,0.3346
CLUBS TWO DIAMONDS EIGHT,0.6582,0.0042,0.3376
DIAMONDS EIGHT HEARTS SEVEN,0.7098,0.0192,0.271
HEARTS SIX DIAMONDS EIGHT,0.6244,0.0034,0.3722
DIAMONDS EIGHT HEARTS NINE,0.6038,0.0038,0.3924
CLUBS TEN CLUBS TWO,0.6578,0.0058,0.3364
DIAMONDS EIGHT HEARTS EIGHT,0.3666,0.0046,0.6288
CLUBS TWO CLUBS JACK,0.6622,0.0054,0.3324
CLUBS NINE DIAMONDS EIGHT,0.6032,0.0038,0.393
CLUBS EIGHT DIAMONDS EIGHT,0.376,0.0044,0.6196
CLUBS FIVE DIAMONDS EIGHT,0.6486,0.0058,0.3456
SPADES ACE SPADES THREE,0.4626,0.2692,0.2682
CLUBS FOUR DIAMONDS EIGHT,0.6476,0.0028,0.3496
SPADES QUEEN SPADES THREE,0.6262,0.0048,0.369
CLUBS SIX DIAMONDS EIGHT,0.632,0.004,0.364
SPADES KING SPADES THREE,0.6236,0.0034,0.373
DIAMONDS QUEEN DIAMONDS EIGHT,0.5742,0.0038,0.422
HEARTS TWO DIAMONDS EIGHT,0.6674,0.0036,0.329
DIAMONDS KING DIAMONDS EIGHT,0.5876,0.003,0.4094
HEARTS THREE DIAMONDS EIGHT,0.6618,0.0026,0.3356
DIAMONDS ACE DIAMONDS EIGHT,0.262,0.2,0.538
HEARTS FOUR DIAMONDS EIGHT,0.6618,0.0036,0.3346
HEARTS FIVE DIAMONDS EIGHT,0.6454,0.004,0.3506
DIAMONDS EIGHT DIAMONDS TEN,0.555,0.0022,0.4428
DIAMONDS EIGHT DIAMONDS JACK,0.5734,0.0062,0.4204
SPADES JACK SPADES THREE,0.6232,0.0054,0.3714
SPADES TEN SPADES THREE,0.6194,0.0052,0.3754
CLUBS FOUR HEARTS ACE,0.4746,0.2892,0.2362
CLUBS FOUR HEARTS QUEEN,0.6468,0.0062,0.347
CLUBS FOUR HEARTS KING,0.6518,0.0054,0.3428
CLUBS SIX HEARTS TEN,0.6462,0.0044,0.3494
CLUBS SIX HEARTS JACK,0.6678,0.004,0.3282
DIAMONDS EIGHT SPADES FOUR,0.664,0.005,0.331
SPADES FIVE DIAMONDS EIGHT,0.654,0.003,0.343
DIAMONDS EIGHT SPADES TWO,0.6668,0.0054,0.3278
DIAMONDS EIGHT SPADES THREE,0.6672,0.0046,0.3282
CLUBS FOUR HEARTS JACK,0.6546,0.0048,0.3406
SPADES EIGHT DIAMONDS EIGHT,0.3752,0.0028,0.622
SPADES TEN DIAMONDS QUEEN,0.5916,0.0038,0.4046
SPADES TEN HEARTS TWO,0.6642,0.0042,0.3316
SPADES JACK HEARTS EIGHT,0.613,0.004,0.383
CLUBS FOUR HEARTS TEN,0.6568,0.004,0.3392
SPADES NINE DIAMONDS EIGHT,0.5972,0.0048,0.398
SPADES TEN HEARTS EIGHT,0.6062,0.0028,0.391
SPADES JACK HEARTS TWO,0.6684,0.0056,0.326
SPADES JACK DIAMONDS QUEEN,0.5768,0.0036,0.4196
SPADES SIX DIAMONDS EIGHT,0.6384,0.0028,0.3588
SPADES SEVEN DIAMONDS EIGHT,0.7086,0.0226,0.2688
SPADES ACE HEARTS TWO,0.4906,0.2894,0.22
SPADES ACE DIAMONDS QUEEN,0.2898,0.0652,0.645
SPADES ACE HEARTS EIGHT,0.2768,0.2194,0.5038
SPADES KING HEARTS EIGHT,0.6324,0.0042,0.3634
SPADES QUEEN HEARTS TWO,0.6656,0.004,0.3304
SPADES QUEEN DIAMONDS QUEEN,0.3342,0.0034,0.6624
SPADES KING DIAMONDS QUEEN,0.606,0.0038,0.3902
SPADES KING HEARTS TWO,0.6678,0.0054,0.3268
SPADES QUEEN HEARTS EIGHT,0.6162,0.0028,0.381
CLUBS TWO HEARTS TEN,0.6512,0.008,0.3408
CLUBS TWO HEARTS JACK,0.66,0.0068,0.3332
SPADES SEVEN DIAMONDS NINE,0.7044,0.0226,0.273
SPADES SIX DIAMONDS NINE,0.6332,0.0042,0.3626
SPADES NINE DIAMONDS NINE,0.3714,0.0044,0.6242
SPADES EIGHT DIAMONDS NINE,0.5894,0.004,0.4066
SPADES TEN CLUBS KING,0.6012,0.0036,0.3952
DIAMONDS NINE SPADES THREE,0.6676,0.0054,0.327
SPADES JACK CLUBS KING,0.59,0.0056,0.4044
DIAMONDS NINE SPADES TWO,0.658,0.0052,0.3368
DIAMONDS NINE SPADES FIVE,0.6632,0.0028,0.334
DIAMONDS NINE SPADES FOUR,0.6708,0.0036,0.3256
CLUBS NINE DIAMONDS NINE,0.3548,0.005,0.6402
CLUBS EIGHT DIAMONDS NINE,0.6018,0.0052,0.393
CLUBS SIX DIAMONDS NINE,0.6386,0.0048,0.3566
SPADES JACK CLUBS FOUR,0.653,0.0058,0.3412
SPADES TEN CLUBS FOUR,0.6482,0.0052,0.3466
CLUBS FOUR DIAMONDS NINE,0.6552,0.0056,0.3392
CLUBS FIVE DIAMONDS NINE,0.634,0.0056,0.3604
CLUBS TWO DIAMONDS NINE,0.6644,0.0046,0.331
CLUBS THREE DIAMONDS NINE,0.654,0.0038,0.3422
DIAMONDS NINE HEARTS EIGHT,0.5928,0.0028,0.4044
DIAMONDS NINE HEARTS NINE,0.3664,0.0032,0.6304
HEARTS SIX DIAMONDS NINE,0.6516,0.0048,0.3436
DIAMONDS NINE HEARTS SEVEN,0.7174,0.0214,0.2612
CLUBS NINE CLUBS EIGHT,0.584,0.0068,0.4092
DIAMONDS ACE DIAMONDS NINE,0.2616,0.162,0.5764
HEARTS FOUR DIAMONDS NINE,0.6568,0.0036,0.3396
HEARTS FIVE DIAMONDS NINE,0.6542,0.0052,0.3406
CLUBS TWO HEARTS ACE,0.4864,0.281,0.2326
SPADES ACE CLUBS FOUR,0.4808,0.291,0.2282
DIAMONDS QUEEN DIAMONDS NINE,0.5648,0.0068,0.4284
HEARTS TWO DIAMONDS NINE,0.6576,0.0056,0.3368
CLUBS TWO HEARTS KING,0.6634,0.0056,0.331
SPADES KING CLUBS FOUR,0.6506,0.0054,0.344
DIAMONDS KING DIAMONDS NINE,0.5902,0.004,0.4058
HEARTS THREE DIAMONDS NINE,0.6666,0.0052,0.3282
CLUBS TWO HEARTS QUEEN,0.6488,0.005,0.3462
SPADES QUEEN CLUBS FOUR,0.6508,0.0042,0.345
DIAMONDS NINE DIAMONDS JACK,0.5628,0.0058,0.4314
CLUBS EIGHT SPADES NINE,0.6014,0.004,0.3946
DIAMONDS NINE DIAMONDS TEN,0.558,0.0052,0.4368
CLUBS EIGHT SPADES EIGHT,0.3702,0.0026,0.6272
CLUBS EIGHT SPADES SEVEN,0.7044,0.0238,0.2718
CLUBS EIGHT SPADES SIX,0.6258,0.0042,0.37
CLUBS EIGHT SPADES FIVE,0.6406,0.0048,0.3546
CLUBS EIGHT SPADES FOUR,0.6472,0.006,0.3468
CLUBS EIGHT SPADES THREE,0.6624,0.004,0.3336
CLUBS EIGHT SPADES TWO,0.6624,0.0062,0.3314
HEARTS SIX DIAMONDS TEN,0.6568,0.003,0.3402
DIAMONDS TEN HEARTS SEVEN,0.7312,0.0208,0.248
DIAMONDS TEN HEARTS EIGHT,0.6048,0.0038,0.3914
CLUBS FOUR CLUBS JACK,0.6468,0.0044,0.3488
DIAMONDS TEN HEARTS NINE,0.6064,0.0028,0.3908
CLUBS TEN CLUBS FOUR,0.6562,0.0064,0.3374
CLUBS FOUR CLUBS KING,0.6636,0.0078,0.3286
CLUBS FOUR CLUBS QUEEN,0.6456,0.0052,0.3492
CLUBS TWO DIAMONDS TEN,0.6556,0.005,0.3394
CLUBS THREE DIAMONDS TEN,0.6564,0.0048,0.3388
DIAMONDS JACK DIAMONDS TEN,0.545,0.0048,0.4502
DIAMONDS QUEEN DIAMONDS TEN,0.5528,0.0032,0.444
HEARTS TWO DIAMONDS TEN,0.666,0.0042,0.3298
DIAMONDS KING DIAMONDS TEN,0.566,0.0048,0.4292
HEARTS THREE DIAMONDS TEN,0.6554,0.0054,0.3392
DIAMONDS ACE DIAMONDS TEN,0.2624,0.1068,0.6308
HEARTS FOUR DIAMONDS TEN,0.6582,0.0054,0.3364
CLUBS EIGHT HEARTS JACK,0.615,0.0034,0.3816
HEARTS FIVE DIAMONDS TEN,0.662,0.0028,0.3352
CLUBS EIGHT HEARTS TEN,0.6064,0.0048,0.3888
CLUBS EIGHT HEARTS QUEEN,0.609,0.0048,0.3862
CLUBS EIGHT HEARTS KING,0.6218,0.003,0.3752
CLUBS EIGHT HEARTS ACE,0.2574,0.2252,0.5174
CLUBS NINE SPADES THREE,0.6582,0.0058,0.336
CLUBS NINE SPADES TWO,0.6524,0.005,0.3426
CLUBS NINE SPADES FIVE,0.6596,0.0064,0.334
CLUBS NINE SPADES FOUR,0.6632,0.0044,0.3324
CLUBS NINE SPADES SEVEN,0.7016,0.0232,0.2752
CLUBS NINE SPADES SIX,0.6386,0.0052,0.3562
CLUBS NINE SPADES NINE,0.3536,0.0044,0.642
CLUBS TEN HEARTS EIGHT,0.59,0.005,0.405
CLUBS NINE SPADES EIGHT,0.5916,0.0032,0.4052
CLUBS JACK HEARTS EIGHT,0.61,0.005,0.385
CLUBS QUEEN HEARTS EIGHT,0.621,0.0038,0.3752
CLUBS KING HEARTS EIGHT,0.6182,0.005,0.3768
SPADES KING CLUBS KING,0.3198,0.0038,0.6764
SPADES QUEEN CLUBS KING,0.5978,0.005,0.3972
SPADES ACE CLUBS KING,0.2864,0.0474,0.6662
DIAMONDS ACE HEARTS TEN,0.2794,0.1206,0.6
HEARTS FOUR HEARTS TEN,0.6238,0.0044,0.3718
DIAMONDS ACE HEARTS JACK,0.2798,0.0808,0.6394
HEARTS FOUR HEARTS JACK,0.6196,0.0046,0.3758
SPADES KING CLUBS FIVE,0.6552,0.0038,0.341
SPADES QUEEN CLUBS FIVE,0.6438,0.004,0.3522
SPADES ACE CLUBS FIVE,0.4832,0.2766,0.2402
DIAMONDS JACK HEARTS SEVEN,0.7326,0.0226,0.2448
HEARTS SIX DIAMONDS JACK,0.6624,0.0026,0.335
DIAMONDS JACK HEARTS NINE,0.608,0.004,0.388
DIAMONDS JACK HEARTS EIGHT,0.6172,0.004,0.3788
DIAMONDS KING DIAMONDS JACK,0.5662,0.0042,0.4296
HEARTS THREE DIAMONDS JACK,0.6678,0.0034,0.3288
SPADES ACE SPADES SIX,0.4734,0.2688,0.2578
HEARTS ACE SPADES FOUR,0.489,0.285,0.226
DIAMONDS QUEEN DIAMONDS JACK,0.5538,0.0036,0.4426
HEARTS TWO DIAMONDS JACK,0.6546,0.0054,0.34
HEARTS FIVE DIAMONDS JACK,0.6608,0.0048,0.3344
SPADES QUEEN SPADES SIX,0.6158,0.0044,0.3798
SPADES FOUR HEARTS QUEEN,0.6594,0.005,0.3356
DIAMONDS ACE DIAMONDS JACK,0.2746,0.0802,0.6452
HEARTS FOUR DIAMONDS JACK,0.65,0.0054,0.3446
SPADES KING SPADES SIX,0.62,0.0038,0.3762
HEARTS KING SPADES FOUR,0.6582,0.0034,0.3384
SPADES TEN SPADES SIX,0.6208,0.004,0.3752
SPADES JACK SPADES SIX,0.6154,0.0042,0.3804
SPADES FOUR DIAMONDS JACK,0.6508,0.0046,0.3446
SPADES FIVE DIAMONDS JACK,0.659,0.0044,0.3366
DIAMONDS JACK SPADES TWO,0.663,0.0046,0.3324
DIAMONDS JACK SPADES THREE,0.6522,0.0046,0.3432
SPADES ACE DIAMONDS THREE,0.4828,0.2946,0.2226
SPADES QUEEN DIAMONDS THREE,0.6604,0.0054,0.3342
CLUBS EIGHT DIAMONDS JACK,0.6122,0.004,0.3838
SPADES KING DIAMONDS THREE,0.6588,0.0058,0.3354
CLUBS NINE DIAMONDS JACK,0.5988,0.0024,0.3988
CLUBS SIX DIAMONDS JACK,0.6648,0.0038,0.3314
CLUBS FOUR DIAMONDS JACK,0.6576,0.0054,0.337
CLUBS FIVE DIAMONDS JACK,0.654,0.0026,0.3434
CLUBS TWO DIAMONDS JACK,0.6588,0.0058,0.3354
CLUBS THREE DIAMONDS JACK,0.656,0.0034,0.3406
SPADES TEN CLUBS FIVE,0.6484,0.0052,0.3464
HEARTS SIX SPADES JACK,0.6558,0.0038,0.3404
HEARTS SIX SPADES TEN,0.6526,0.0032,0.3442
SPADES JACK CLUBS FIVE,0.647,0.004,0.349
SPADES JACK DIAMONDS THREE,0.6484,0.0042,0.3474
DIAMONDS THREE SPADES TEN,0.6488,0.0066,0.3446
SPADES NINE DIAMONDS JACK,0.6,0.0038,0.3962
DIAMONDS ACE HEARTS ACE,0.1124,0.0132,0.8744
HEARTS FOUR HEARTS ACE,0.4616,0.2642,0.2742
SPADES EIGHT DIAMONDS JACK,0.6206,0.0046,0.3748
SPADES ACE HEARTS SIX,0.4992,0.2808,0.22
DIAMONDS ACE HEARTS KING,0.3056,0.0448,0.6496
HEARTS FOUR HEARTS KING,0.6298,0.004,0.3662
SPADES SEVEN DIAMONDS JACK,0.7364,0.019,0.2446
SPADES KING HEARTS SIX,0.6572,0.0046,0.3382
DIAMONDS ACE HEARTS QUEEN,0.2954,0.065,0.6396
HEARTS FOUR HEARTS QUEEN,0.6162,0.0062,0.3776
SPADES QUEEN HEARTS SIX,0.6598,0.0034,0.3368
SPADES SIX DIAMONDS JACK,0.656,0.004,0.34
DIAMONDS TEN SPADES TWO,0.6464,0.0052,0.3484
SPADES THREE DIAMONDS TEN,0.6454,0.0058,0.3488
SPADES FOUR DIAMONDS TEN,0.6628,0.0024,0.3348
SPADES FIVE DIAMONDS TEN,0.656,0.004,0.34
SPADES SIX DIAMONDS TEN,0.662,0.0022,0.3358
SPADES SEVEN DIAMONDS TEN,0.7258,0.0234,0.2508
SPADES EIGHT DIAMONDS TEN,0.5886,0.002,0.4094
SPADES NINE DIAMONDS TEN,0.595,0.0042,0.4008
CLUBS FOUR DIAMONDS TEN,0.6652,0.0036,0.3312
CLUBS FIVE DIAMONDS TEN,0.6644,0.004,0.3316
CLUBS SIX DIAMONDS TEN,0.6428,0.005,0.3522
CLUBS EIGHT DIAMONDS TEN,0.604,0.0044,0.3916
CLUBS NINE DIAMONDS TEN,0.5938,0.0034,0.4028
DIAMONDS THREE CLUBS JACK,0.6564,0.0068,0.3368
CLUBS TEN DIAMONDS THREE,0.6608,0.0062,0.333
DIAMONDS THREE CLUBS KING,0.6604,0.006,0.3336
DIAMONDS THREE CLUBS QUEEN,0.6482,0.0052,0.3466
SPADES FOUR HEARTS JACK,0.6574,0.0056,0.337
SPADES FOUR HEARTS TEN,0.6608,0.0034,0.3358
SPADES FIVE SPADES TWO,0.6278,0.0044,0.3678
SPADES FOUR SPADES TWO,0.628,0.0058,0.3662
SPADES THREE SPADES TWO,0.6268,0.0044,0.3688
SPADES NINE SPADES TWO,0.6236,0.0068,0.3696
SPADES EIGHT SPADES TWO,0.6192,0.0048,0.376
SPADES SEVEN SPADES TWO,0.7154,0.0288,0.2558
SPADES SIX SPADES TWO,0.636,0.0054,0.3586
DIAMONDS QUEEN CLUBS THREE,0.6568,0.0064,0.3368
HEARTS TWO CLUBS THREE,0.6828,0.0038,0.3134
DIAMONDS QUEEN CLUBS TWO,0.655,0.004,0.341
CLUBS TWO HEARTS TWO,0.4986,0.0068,0.4946
DIAMONDS QUEEN HEARTS SEVEN,0.7482,0.0262,0.2256
HEARTS TWO HEARTS SEVEN,0.7146,0.0252,0.2602
HEARTS SIX DIAMONDS QUEEN,0.6608,0.004,0.3352
HEARTS SIX HEARTS TWO,0.6454,0.0054,0.3492
DIAMONDS QUEEN HEARTS NINE,0.5996,0.004,0.3964
HEARTS TWO HEARTS NINE,0.6244,0.0062,0.3694
DIAMONDS QUEEN HEARTS EIGHT,0.6208,0.0048,0.3744
HEARTS TWO HEARTS EIGHT,0.6298,0.0068,0.3634
CLUBS NINE HEARTS TWO,0.675,0.0052,0.3198
CLUBS NINE DIAMONDS QUEEN,0.6058,0.0032,0.391
CLUBS EIGHT HEARTS TWO,0.6622,0.0076,0.3302
CLUBS EIGHT DIAMONDS QUEEN,0.615,0.0034,0.3816
CLUBS FIVE DIAMONDS QUEEN,0.6476,0.0044,0.348
CLUBS FIVE HEARTS TWO,0.6652,0.0052,0.3296
SPADES EIGHT HEARTS ACE,0.2684,0.2144,0.5172
CLUBS FOUR DIAMONDS QUEEN,0.6514,0.0064,0.3422
CLUBS FOUR HEARTS TWO,0.6748,0.006,0.3192
SPADES EIGHT HEARTS QUEEN,0.6054,0.0046,0.39
CLUBS SIX DIAMONDS QUEEN,0.6496,0.005,0.3454
CLUBS SIX HEARTS TWO,0.6984,0.0048,0.2968
SPADES EIGHT HEARTS KING,0.6218,0.0038,0.3744
HEARTS TWO SPADES SIX,0.6872,0.0026,0.3102
DIAMONDS QUEEN SPADES SIX,0.6694,0.0036,0.327
HEARTS FOUR CLUBS QUEEN,0.6632,0.0064,0.3304
DIAMONDS ACE CLUBS QUEEN,0.2748,0.0638,0.6614
DIAMONDS QUEEN SPADES SEVEN,0.7504,0.0264,0.2232
HEARTS TWO SPADES SEVEN,0.7652,0.0288,0.206
HEARTS FOUR CLUBS KING,0.6482,0.0044,0.3474
DIAMONDS ACE CLUBS KING,0.2758,0.0492,0.675
DIAMONDS QUEEN SPADES EIGHT,0.6232,0.0032,0.3736
SPADES EIGHT HEARTS TWO,0.6528,0.0038,0.3434
SPADES NINE DIAMONDS QUEEN,0.607,0.005,0.388
SPADES NINE HEARTS TWO,0.6636,0.0044,0.332
HEARTS TWO SPADES TWO,0.4998,0.008,0.4922
DIAMONDS QUEEN SPADES TWO,0.6616,0.0048,0.3336
HEARTS TWO SPADES THREE,0.6886,0.0066,0.3048
DIAMONDS QUEEN SPADES THREE,0.6712,0.003,0.3258
HEARTS TWO SPADES FOUR,0.6734,0.0058,0.3208
DIAMONDS QUEEN SPADES FOUR,0.6552,0.0052,0.3396
HEARTS FOUR CLUBS TEN,0.6622,0.0038,0.334
CLUBS TEN DIAMONDS ACE,0.2674,0.1214,0.6112
HEARTS TWO SPADES FIVE,0.6636,0.005,0.3314
DIAMONDS QUEEN SPADES FIVE,0.669,0.0056,0.3254
HEARTS FOUR CLUBS JACK,0.6568,0.0048,0.3384
DIAMONDS ACE CLUBS JACK,0.2676,0.0862,0.6462
CLUBS FIVE CLUBS KING,0.6504,0.0048,0.3448
CLUBS FIVE CLUBS QUEEN,0.648,0.0064,0.3456
CLUBS FIVE CLUBS JACK,0.6468,0.005,0.3482
CLUBS TEN CLUBS FIVE,0.6522,0.0038,0.344
SPADES KING CLUBS JACK,0.5984,0.0044,0.3972
SPADES QUEEN CLUBS JACK,0.5784,0.0052,0.4164
SPADES ACE CLUBS JACK,0.2724,0.086,0.6416
SPADES SIX CLUBS KING,0.6592,0.0036,0.3372
SPADES SIX CLUBS QUEEN,0.6504,0.0068,0.3428
SPADES EIGHT HEARTS JACK,0.6178,0.0048,0.3774
SPADES EIGHT HEARTS TEN,0.6088,0.0044,0.3868
SPADES SIX CLUBS JACK,0.6692,0.004,0.3268
CLUBS TEN SPADES SIX,0.635,0.0038,0.3612
SPADES TEN CLUBS JACK,0.5618,0.0046,0.4336
SPADES JACK CLUBS JACK,0.3332,0.0028,0.664
SPADES SIX HEARTS TEN,0.6404,0.0036,0.356
SPADES SIX HEARTS JACK,0.653,0.0046,0.3424
SPADES SIX HEARTS ACE,0.509,0.2856,0.2054
SPADES SIX HEARTS KING,0.6516,0.0038,0.3446
SPADES SIX HEARTS QUEEN,0.6566,0.0044,0.339
CLUBS TEN HEARTS SIX,0.6604,0.003,0.3366
HEARTS SIX CLUBS JACK,0.6542,0.0058,0.34
HEARTS SIX CLUBS QUEEN,0.6484,0.0048,0.3468
HEARTS SIX CLUBS KING,0.6524,0.004,0.3436
CLUBS QUEEN CLUBS JACK,0.5838,0.0052,0.411
CLUBS KING CLUBS JACK,0.5942,0.008,0.3978
DIAMONDS THREE HEARTS ACE,0.499,0.2906,0.2104
DIAMONDS THREE HEARTS QUEEN,0.6574,0.005,0.3376
DIAMONDS THREE HEARTS KING,0.6594,0.0064,0.3342
CLUBS FIVE HEARTS JACK,0.6466,0.0048,0.3486
SPADES TEN DIAMONDS ACE,0.2824,0.1212,0.5964
HEARTS FOUR SPADES TEN,0.6688,0.003,0.3282
CLUBS FIVE HEARTS TEN,0.6596,0.0046,0.3358
HEARTS FOUR SPADES JACK,0.657,0.0042,0.3388
SPADES JACK DIAMONDS ACE,0.2758,0.0872,0.637
SPADES ACE HEARTS FOUR,0.492,0.2786,0.2294
SPADES ACE DIAMONDS ACE,0.1146,0.0146,0.8708
CLUBS FIVE HEARTS ACE,0.4842,0.2818,0.234
CLUBS FIVE HEARTS KING,0.649,0.0048,0.3462
HEARTS FOUR SPADES QUEEN,0.6522,0.0038,0.344
SPADES QUEEN DIAMONDS ACE,0.2906,0.0612,0.6482
SPADES FOUR CLUBS JACK,0.6496,0.0056,0.3448
CLUBS FIVE HEARTS QUEEN,0.6638,0.0044,0.3318
SPADES KING DIAMONDS ACE,0.3002,0.0476,0.6522
HEARTS FOUR SPADES KING,0.6586,0.0032,0.3382
CLUBS TEN SPADES FOUR,0.6486,0.0046,0.3468
DIAMONDS QUEEN DIAMONDS ACE,0.2748,0.058,0.6672
HEARTS TWO DIAMONDS ACE,0.503,0.284,0.213
HEARTS FOUR DIAMONDS QUEEN,0.6622,0.0028,0.335
HEARTS FOUR HEARTS TWO,0.63,0.0058,0.3642
DIAMONDS THREE HEARTS TEN,0.665,0.0036,0.3314
SPADES FOUR CLUBS KING,0.6546,0.0058,0.3396
HEARTS FIVE DIAMONDS QUEEN,0.6572,0.0028,0.34
HEARTS FIVE HEARTS TWO,0.6344,0.004,0.3616
DIAMONDS THREE HEARTS JACK,0.6656,0.0048,0.3296
SPADES FOUR CLUBS QUEEN,0.6592,0.0052,0.3356
DIAMONDS QUEEN HEARTS TWO,0.669,0.0044,0.3266
DIAMONDS KING DIAMONDS QUEEN,0.5606,0.004,0.4354
DIAMONDS KING HEARTS TWO,0.6534,0.005,0.3416
HEARTS THREE DIAMONDS QUEEN,0.678,0.0058,0.3162
HEARTS THREE HEARTS TWO,0.635,0.0056,0.3594
HEARTS TWO CLUBS QUEEN,0.6416,0.006,0.3524
DIAMONDS QUEEN CLUBS QUEEN,0.3154,0.003,0.6816
HEARTS TWO CLUBS KING,0.6478,0.0062,0.346
DIAMONDS QUEEN CLUBS KING,0.5866,0.0042,0.4092
SPADES EIGHT SPADES FIVE,0.6108,0.0052,0.384
CLUBS TEN HEARTS TWO,0.6644,0.0046,0.331
CLUBS TEN DIAMONDS QUEEN,0.5808,0.0054,0.4138
SPADES NINE SPADES FIVE,0.619,0.0034,0.3776
HEARTS TWO CLUBS JACK,0.6568,0.0042,0.339
DIAMONDS QUEEN CLUBS JACK,0.5826,0.0064,0.411
SPADES SIX SPADES FIVE,0.6106,0.0036,0.3858
SPADES SEVEN SPADES FIVE,0.684,0.0258,0.2902
DIAMONDS FIVE CLUBS QUEEN,0.643,0.0052,0.3518
DIAMONDS FIVE CLUBS KING,0.6658,0.0042,0.33
SPADES EIGHT CLUBS KING,0.6302,0.0044,0.3654
SPADES EIGHT CLUBS QUEEN,0.6242,0.003,0.3728
SPADES EIGHT CLUBS JACK,0.6082,0.0032,0.3886
CLUBS TEN SPADES EIGHT,0.594,0.005,0.401
CLUBS TEN DIAMONDS FIVE,0.6604,0.0052,0.3344
DIAMONDS FIVE CLUBS JACK,0.6546,0.0036,0.3418
HEARTS JACK DIAMONDS TEN,0.5886,0.0038,0.4076
DIAMONDS TEN HEARTS TEN,0.3742,0.0024,0.6234
SPADES ACE CLUBS NINE,0.2656,0.1702,0.5642
CLUBS NINE SPADES QUEEN,0.5964,0.0054,0.3982
CLUBS NINE SPADES KING,0.6134,0.0052,0.3814
HEARTS SIX HEARTS KING,0.6126,0.004,0.3834
DIAMONDS KING SPADES SEVEN,0.7518,0.0284,0.2198
HEARTS THREE SPADES SEVEN,0.7508,0.0252,0.224
SPADES KING DIAMONDS SEVEN,0.752,0.0256,0.2224
HEARTS SIX HEARTS QUEEN,0.6126,0.0038,0.3836
SPADES QUEEN DIAMONDS SEVEN,0.7506,0.0218,0.2276
HEARTS THREE SPADES SIX,0.6832,0.004,0.3128
DIAMONDS KING SPADES SIX,0.6652,0.0042,0.3306
DIAMONDS KING SPADES NINE,0.6164,0.0032,0.3804
HEARTS THREE SPADES NINE,0.666,0.0042,0.3298
HEARTS SIX HEARTS ACE,0.4692,0.2748,0.256
DIAMONDS KING SPADES EIGHT,0.6364,0.0042,0.3594
HEARTS THREE SPADES EIGHT,0.674,0.0036,0.3224
SPADES ACE DIAMONDS SEVEN,0.0766,0.9038,0.0196
CLUBS NINE HEARTS THREE,0.6626,0.0034,0.334
CLUBS NINE DIAMONDS KING,0.6044,0.0046,0.391
