opposingHand,winningChance,drawChance,lostChance
CLUBS TEN SPADES FOUR
HEARTS FIVE SPADES TEN,0.2054,0.477,0.3176
SPADES JACK HEARTS FIVE,0.3624,0.017,0.6206
SPADES FIVE CLUBS JACK,0.3512,0.0184,0.6304
CLUBS EIGHT CLUBS JACK,0.327,0.0174,0.6556
CLUBS EIGHT CLUBS KING,0.3484,0.007,0.6446
SPADES FIVE CLUBS ACE,0.3438,0.0062,0.65
CLUBS EIGHT CLUBS QUEEN,0.326,0.0098,0.6642
SPADES FIVE CLUBS KING,0.3552,0.0092,0.6356
SPADES FIVE CLUBS QUEEN,0.3646,0.0116,0.6238
CLUBS EIGHT CLUBS ACE,0.3374,0.006,0.6566
DIAMONDS TWO DIAMONDS THREE,0.5774,0.0326,0.39
DIAMONDS TWO DIAMONDS FIVE,0.562,0.0274,0.4106
SPADES KING HEARTS FIVE,0.3584,0.008,0.6336
DIAMONDS TWO DIAMONDS FOUR,0.6166,0.0796,0.3038
SPADES QUEEN HEARTS FIVE,0.368,0.0098,0.6222
DIAMONDS TWO DIAMONDS SEVEN,0.5904,0.0262,0.3834
DIAMONDS TWO DIAMONDS SIX,0.5784,0.0284,0.3932
SPADES ACE HEARTS FIVE,0.3486,0.0042,0.6472
DIAMONDS TWO DIAMONDS NINE,0.576,0.0282,0.3958
DIAMONDS TWO DIAMONDS EIGHT,0.5812,0.0262,0.3926
DIAMONDS THREE DIAMONDS FOUR,0.6158,0.082,0.3022
DIAMONDS THREE DIAMONDS FIVE,0.5526,0.0278,0.4196
CLUBS TWO SPADES FIVE,0.6104,0.0316,0.358
CLUBS TWO SPADES TWO,0.3988,0.07,0.5312
CLUBS TWO SPADES THREE,0.6368,0.0292,0.334
DIAMONDS THREE DIAMONDS EIGHT,0.5846,0.0274,0.388
SPADES EIGHT CLUBS TWO,0.6142,0.029,0.3568
DIAMONDS THREE DIAMONDS NINE,0.588,0.0242,0.3878
SPADES NINE CLUBS TWO,0.6164,0.0284,0.3552
DIAMONDS THREE DIAMONDS SIX,0.553,0.0328,0.4142
CLUBS TWO SPADES SIX,0.599,0.037,0.364
DIAMONDS THREE DIAMONDS SEVEN,0.5684,0.0304,0.4012
CLUBS TWO SPADES SEVEN,0.6172,0.0324,0.3504
CLUBS SIX CLUBS TWO,0.5834,0.0256,0.391
CLUBS SEVEN CLUBS TWO,0.5904,0.027,0.3826
CLUBS FOUR CLUBS TWO,0.6346,0.0842,0.2812
CLUBS FIVE CLUBS TWO,0.5744,0.0278,0.3978
DIAMONDS FOUR DIAMONDS SIX,0.6156,0.0708,0.3136
DIAMONDS FOUR DIAMONDS SEVEN,0.613,0.074,0.313
CLUBS EIGHT CLUBS TWO,0.5992,0.0282,0.3726
DIAMONDS FIVE DIAMONDS FOUR,0.5912,0.0758,0.333
CLUBS NINE CLUBS TWO,0.5986,0.024,0.3774
DIAMONDS NINE DIAMONDS FOUR,0.6444,0.0736,0.282
DIAMONDS EIGHT DIAMONDS FOUR,0.6266,0.0672,0.3062
CLUBS TWO CLUBS THREE,0.5938,0.0288,0.3774
DIAMONDS NINE DIAMONDS FIVE,0.5294,0.027,0.4436
DIAMONDS TWO CLUBS JACK,0.3968,0.0206,0.5826
DIAMONDS EIGHT DIAMONDS FIVE,0.5366,0.0278,0.4356
DIAMONDS FIVE DIAMONDS SEVEN,0.522,0.0312,0.4468
DIAMONDS FIVE DIAMONDS SIX,0.519,0.0302,0.4508
DIAMONDS TWO CLUBS ACE,0.3684,0.0052,0.6264
DIAMONDS TWO CLUBS KING,0.3988,0.0092,0.592
DIAMONDS TWO CLUBS QUEEN,0.3846,0.0136,0.6018
DIAMONDS EIGHT DIAMONDS SIX,0.5158,0.0278,0.4564
DIAMONDS NINE DIAMONDS SIX,0.5216,0.0252,0.4532
HEARTS ACE SPADES THREE,0.392,0.005,0.603
HEARTS KING SPADES THREE,0.392,0.0072,0.6008
DIAMONDS SEVEN DIAMONDS SIX,0.5082,0.0266,0.4652
SPADES THREE HEARTS QUEEN,0.396,0.0114,0.5926
SPADES THREE HEARTS JACK,0.4016,0.0188,0.5796
SPADES THREE HEARTS TEN,0.2754,0.5108,0.2138
DIAMONDS EIGHT DIAMONDS SEVEN,0.5198,0.0208,0.4594
DIAMONDS NINE DIAMONDS SEVEN,0.519,0.027,0.454
DIAMONDS NINE DIAMONDS EIGHT,0.496,0.0236,0.4804
DIAMONDS KING HEARTS TEN,0.2406,0.0376,0.7218
HEARTS THREE HEARTS TEN,0.248,0.4762,0.2758
CLUBS SIX SPADES JACK,0.3564,0.02,0.6236
DIAMONDS KING HEARTS JACK,0.321,0.0072,0.6718
HEARTS THREE HEARTS JACK,0.3664,0.0172,0.6164
CLUBS SIX SPADES TEN,0.2204,0.3896,0.39
SPADES JACK SPADES FIVE,0.346,0.0158,0.6382
SPADES TEN SPADES FIVE,0.2058,0.4408,0.3534
DIAMONDS KING HEARTS ACE,0.3268,0.0042,0.669
HEARTS THREE HEARTS ACE,0.3696,0.0054,0.625
SPADES ACE CLUBS SIX,0.3634,0.005,0.6316
DIAMONDS KING HEARTS QUEEN,0.313,0.0066,0.6804
HEARTS THREE HEARTS QUEEN,0.361,0.0156,0.6234
SPADES KING CLUBS SIX,0.3576,0.0098,0.6326
DIAMONDS KING HEARTS KING,0.1454,0.007,0.8476
HEARTS THREE HEARTS KING,0.3706,0.0076,0.6218
SPADES QUEEN CLUBS SIX,0.3546,0.0116,0.6338
SPADES NINE HEARTS TEN,0.221,0.1594,0.6196
SPADES NINE HEARTS JACK,0.3218,0.0186,0.6596
SPADES QUEEN SPADES FIVE,0.3388,0.0112,0.65
SPADES KING SPADES FIVE,0.3532,0.01,0.6368
SPADES ACE SPADES FIVE,0.3288,0.0056,0.6656
SPADES NINE HEARTS QUEEN,0.3344,0.0118,0.6538
SPADES NINE HEARTS KING,0.3416,0.0058,0.6526
SPADES NINE HEARTS ACE,0.3628,0.0044,0.6328
SPADES FIVE HEARTS QUEEN,0.3652,0.0108,0.624
HEARTS KING SPADES FIVE,0.3578,0.0072,0.635
SPADES FIVE HEARTS ACE,0.348,0.0056,0.6464
CLUBS EIGHT SPADES TEN,0.2244,0.2286,0.547
HEARTS THREE SPADES JACK,0.3696,0.017,0.6134
SPADES JACK DIAMONDS KING,0.3026,0.0076,0.6898
SPADES TEN DIAMONDS KING,0.2244,0.033,0.7426
HEARTS THREE SPADES TEN,0.2598,0.5234,0.2168
CLUBS EIGHT SPADES JACK,0.3504,0.0206,0.629
SPADES ACE CLUBS EIGHT,0.3706,0.0066,0.6228
HEARTS FIVE CLUBS JACK,0.343,0.0184,0.6386
CLUBS SIX HEARTS ACE,0.359,0.0044,0.6366
CLUBS EIGHT SPADES QUEEN,0.3536,0.0158,0.6306
CLUBS SIX HEARTS QUEEN,0.366,0.012,0.622
CLUBS EIGHT SPADES KING,0.3588,0.0084,0.6328
SPADES THREE CLUBS JACK,0.382,0.0184,0.5996
CLUBS SIX HEARTS KING,0.3648,0.0072,0.628
DIAMONDS TWO HEARTS JACK,0.4054,0.0216,0.573
SPADES THREE CLUBS QUEEN,0.3874,0.0142,0.5984
DIAMONDS TWO HEARTS TEN,0.2636,0.5136,0.2228
SPADES THREE CLUBS KING,0.3886,0.0086,0.6028
HEARTS FIVE CLUBS ACE,0.345,0.0042,0.6508
SPADES FIVE HEARTS TEN,0.226,0.4672,0.3068
SPADES THREE CLUBS ACE,0.37,0.0066,0.6234
HEARTS FIVE CLUBS KING,0.365,0.006,0.629
SPADES FIVE HEARTS JACK,0.3496,0.0176,0.6328
HEARTS FIVE CLUBS QUEEN,0.3562,0.0148,0.629
HEARTS THREE CLUBS KING,0.4068,0.0082,0.585
DIAMONDS KING CLUBS KING,0.1348,0.011,0.8542
HEARTS THREE CLUBS QUEEN,0.3846,0.014,0.6014
DIAMONDS KING CLUBS QUEEN,0.3134,0.0076,0.679
HEARTS FIVE HEARTS JACK,0.3378,0.0146,0.6476
HEARTS FIVE HEARTS TEN,0.2128,0.4322,0.355
HEARTS THREE CLUBS ACE,0.3716,0.0052,0.6232
DIAMONDS KING CLUBS ACE,0.333,0.0044,0.6626
SPADES ACE CLUBS QUEEN,0.316,0.005,0.679
SPADES KING CLUBS QUEEN,0.3142,0.0088,0.677
HEARTS THREE CLUBS JACK,0.3836,0.02,0.5964
DIAMONDS KING CLUBS JACK,0.3128,0.0076,0.6796
SPADES QUEEN CLUBS QUEEN,0.1318,0.0164,0.8518
SPADES JACK CLUBS QUEEN,0.2946,0.0084,0.697
CLUBS SIX CLUBS QUEEN,0.3492,0.0128,0.638
SPADES TEN CLUBS QUEEN,0.2156,0.0532,0.7312
CLUBS SIX CLUBS KING,0.3388,0.0068,0.6544
CLUBS SIX CLUBS ACE,0.3492,0.005,0.6458
HEARTS FIVE HEARTS KING,0.3428,0.007,0.6502
HEARTS FIVE HEARTS QUEEN,0.3376,0.0114,0.651
HEARTS FIVE HEARTS ACE,0.321,0.0042,0.6748
CLUBS SIX CLUBS JACK,0.3402,0.0244,0.6354
SPADES SEVEN HEARTS JACK,0.3434,0.02,0.6366
SPADES SEVEN HEARTS TEN,0.2148,0.2828,0.5024
DIAMONDS TWO CLUBS TWO,0.4022,0.0726,0.5252
DIAMONDS TWO CLUBS THREE,0.6252,0.0352,0.3396
HEARTS SIX DIAMONDS TWO,0.6064,0.0302,0.3634
DIAMONDS TWO HEARTS QUEEN,0.4044,0.0134,0.5822
DIAMONDS TWO HEARTS SEVEN,0.626,0.032,0.342
DIAMONDS TWO HEARTS KING,0.3946,0.0082,0.5972
DIAMONDS TWO HEARTS EIGHT,0.618,0.032,0.35
DIAMONDS TWO HEARTS ACE,0.3834,0.0044,0.6122
DIAMONDS TWO HEARTS NINE,0.6184,0.0284,0.3532
DIAMONDS TWO DIAMONDS QUEEN,0.3674,0.0098,0.6228
DIAMONDS TWO HEARTS TWO,0.392,0.074,0.534
DIAMONDS TWO DIAMONDS KING,0.3788,0.0094,0.6118
HEARTS THREE DIAMONDS TWO,0.6288,0.0292,0.342
DIAMONDS TWO DIAMONDS ACE,0.358,0.0046,0.6374
HEARTS FOUR DIAMONDS TWO,0.667,0.0802,0.2528
DIAMONDS TWO HEARTS FIVE,0.5944,0.0282,0.3774
SPADES SEVEN HEARTS ACE,0.348,0.0052,0.6468
DIAMONDS TWO DIAMONDS TEN,0.2528,0.4806,0.2666
SPADES SEVEN HEARTS KING,0.3558,0.0078,0.6364
DIAMONDS TWO DIAMONDS JACK,0.3668,0.0184,0.6148
SPADES SEVEN HEARTS QUEEN,0.3616,0.0122,0.6262
DIAMONDS TWO SPADES NINE,0.6042,0.0328,0.363
DIAMONDS TWO SPADES EIGHT,0.6298,0.026,0.3442
DIAMONDS TWO SPADES SEVEN,0.618,0.0294,0.3526
DIAMONDS TWO SPADES SIX,0.599,0.028,0.373
DIAMONDS TWO SPADES FIVE,0.5988,0.028,0.3732
DIAMONDS TWO SPADES THREE,0.622,0.0362,0.3418
DIAMONDS TWO SPADES TWO,0.391,0.0732,0.5358
CLUBS NINE DIAMONDS TWO,0.6182,0.03,0.3518
CLUBS EIGHT DIAMONDS TWO,0.6218,0.027,0.3512
DIAMONDS TWO CLUBS SEVEN,0.6202,0.0318,0.348
CLUBS SIX DIAMONDS TWO,0.6128,0.0318,0.3554
DIAMONDS TWO CLUBS FIVE,0.592,0.0322,0.3758
DIAMONDS TWO CLUBS FOUR,0.6702,0.0808,0.249
CLUBS FOUR SPADES FIVE,0.6296,0.086,0.2844
CLUBS FOUR SPADES THREE,0.6666,0.0784,0.255
CLUBS FOUR SPADES TWO,0.6744,0.0804,0.2452
CLUBS FOUR SPADES NINE,0.6924,0.084,0.2236
CLUBS FOUR SPADES EIGHT,0.6736,0.0796,0.2468
CLUBS FOUR SPADES SEVEN,0.6574,0.0764,0.2662
CLUBS FOUR SPADES SIX,0.647,0.0794,0.2736
SPADES ACE DIAMONDS SIX,0.369,0.0038,0.6272
SPADES QUEEN DIAMONDS SIX,0.3498,0.0104,0.6398
SPADES KING DIAMONDS SIX,0.359,0.006,0.635
SPADES TEN DIAMONDS SIX,0.2192,0.3808,0.4
SPADES JACK DIAMONDS SIX,0.353,0.0164,0.6306
SPADES QUEEN SPADES TWO,0.3784,0.013,0.6086
SPADES KING SPADES TWO,0.3712,0.0096,0.6192
SPADES ACE SPADES TWO,0.358,0.0056,0.6364
DIAMONDS JACK CLUBS JACK,0.1444,0.0224,0.8332
DIAMONDS JACK CLUBS KING,0.3082,0.0056,0.6862
DIAMONDS JACK CLUBS QUEEN,0.3138,0.0076,0.6786
DIAMONDS THREE DIAMONDS JACK,0.3676,0.0192,0.6132
DIAMONDS THREE DIAMONDS TEN,0.2494,0.4868,0.2638
DIAMONDS JACK CLUBS ACE,0.323,0.0056,0.6714
DIAMONDS THREE DIAMONDS KING,0.368,0.0086,0.6234
HEARTS THREE DIAMONDS THREE,0.3822,0.072,0.5458
DIAMONDS THREE DIAMONDS QUEEN,0.353,0.014,0.633
DIAMONDS THREE HEARTS TWO,0.621,0.0308,0.3482
HEARTS FIVE DIAMONDS THREE,0.5886,0.0286,0.3828
DIAMONDS THREE DIAMONDS ACE,0.3616,0.0036,0.6348
HEARTS FOUR DIAMONDS THREE,0.6414,0.0854,0.2732
DIAMONDS THREE HEARTS SEVEN,0.6094,0.0272,0.3634
SPADES TEN SPADES NINE,0.2124,0.1548,0.6328
HEARTS SIX DIAMONDS THREE,0.6002,0.0262,0.3736
SPADES JACK SPADES NINE,0.3204,0.0124,0.6672
DIAMONDS THREE HEARTS NINE,0.6008,0.029,0.3702
HEARTS JACK DIAMONDS FOUR,0.2386,0.0608,0.7006
HEARTS KING HEARTS ACE,0.3054,0.0054,0.6892
SPADES TEN SPADES TWO,0.252,0.498,0.25
DIAMONDS THREE HEARTS EIGHT,0.6168,0.027,0.3562
HEARTS TEN DIAMONDS FOUR,0.0196,0.956,0.0244
SPADES JACK SPADES TWO,0.3836,0.0214,0.595
HEARTS QUEEN DIAMONDS FOUR,0.2408,0.0488,0.7104
HEARTS KING DIAMONDS FOUR,0.2606,0.0372,0.7022
SPADES ACE SPADES NINE,0.3438,0.0046,0.6516
HEARTS ACE DIAMONDS FOUR,0.2364,0.0246,0.739
SPADES KING SPADES NINE,0.328,0.0084,0.6636
SPADES QUEEN SPADES NINE,0.32,0.0122,0.6678
DIAMONDS THREE SPADES NINE,0.6118,0.0312,0.357
DIAMONDS THREE SPADES EIGHT,0.62,0.0294,0.3506
DIAMONDS THREE SPADES SEVEN,0.6058,0.0324,0.3618
DIAMONDS THREE SPADES SIX,0.5838,0.0284,0.3878
CLUBS SIX DIAMONDS THREE,0.5926,0.0306,0.3768
CLUBS ACE DIAMONDS FOUR,0.2336,0.026,0.7404
CLUBS SIX CLUBS FIVE,0.5322,0.0304,0.4374
CLUBS SEVEN CLUBS FIVE,0.5456,0.0288,0.4256
CLUBS SEVEN DIAMONDS THREE,0.6206,0.0334,0.346
DIAMONDS THREE CLUBS FOUR,0.661,0.0816,0.2574
DIAMONDS FOUR CLUBS QUEEN,0.239,0.0498,0.7112
DIAMONDS THREE CLUBS FIVE,0.588,0.037,0.375
CLUBS KING DIAMONDS FOUR,0.2376,0.037,0.7254
DIAMONDS THREE CLUBS TWO,0.6274,0.0296,0.343
DIAMONDS THREE CLUBS THREE,0.4,0.069,0.531
DIAMONDS FOUR CLUBS JACK,0.2356,0.069,0.6954
DIAMONDS THREE SPADES FIVE,0.6002,0.0336,0.3662
DIAMONDS THREE SPADES TWO,0.6318,0.0338,0.3344
DIAMONDS THREE SPADES THREE,0.3876,0.0788,0.5336
CLUBS EIGHT DIAMONDS THREE,0.6202,0.029,0.3508
CLUBS NINE DIAMONDS THREE,0.6124,0.031,0.3566
SPADES SEVEN CLUBS ACE,0.3466,0.005,0.6484
SPADES SEVEN CLUBS QUEEN,0.3592,0.013,0.6278
SPADES SEVEN CLUBS KING,0.3614,0.007,0.6316
CLUBS FIVE SPADES SEVEN,0.5558,0.0294,0.4148
CLUBS FIVE SPADES SIX,0.5482,0.027,0.4248
SPADES SEVEN CLUBS JACK,0.3616,0.0206,0.6178
SPADES NINE CLUBS FIVE,0.5728,0.0258,0.4014
CLUBS FIVE SPADES EIGHT,0.56,0.0274,0.4126
CLUBS FIVE SPADES THREE,0.5836,0.0376,0.3788
CLUBS FIVE SPADES TWO,0.6038,0.032,0.3642
CLUBS FIVE SPADES FIVE,0.2936,0.0622,0.6442
CLUBS NINE CLUBS FIVE,0.5442,0.0274,0.4284
CLUBS EIGHT CLUBS FIVE,0.5332,0.028,0.4388
CLUBS ACE CLUBS QUEEN,0.3084,0.0052,0.6864
CLUBS KING CLUBS QUEEN,0.3036,0.0072,0.6892
DIAMONDS TEN DIAMONDS FOUR,0.0236,0.9,0.0764
DIAMONDS JACK DIAMONDS FOUR,0.2222,0.0608,0.717
DIAMONDS NINE CLUBS JACK,0.337,0.0138,0.6492
SPADES NINE CLUBS JACK,0.3178,0.0148,0.6674
DIAMONDS ACE DIAMONDS FOUR,0.2184,0.02,0.7616
HEARTS FOUR DIAMONDS FOUR,0.2786,0.0518,0.6696
DIAMONDS JACK HEARTS TEN,0.2308,0.0546,0.7146
SPADES NINE CLUBS KING,0.3368,0.0088,0.6544
DIAMONDS TWO SPADES TEN,0.2644,0.5186,0.217
DIAMONDS NINE CLUBS ACE,0.3614,0.004,0.6346
HEARTS FIVE DIAMONDS FOUR,0.6248,0.081,0.2942
HEARTS JACK DIAMONDS JACK,0.1548,0.0226,0.8226
SPADES NINE CLUBS QUEEN,0.3272,0.0082,0.6646
DIAMONDS TWO SPADES JACK,0.39,0.0184,0.5916
DIAMONDS QUEEN DIAMONDS FOUR,0.2282,0.0442,0.7276
HEARTS TWO DIAMONDS FOUR,0.6624,0.0816,0.256
DIAMONDS NINE CLUBS QUEEN,0.3394,0.0096,0.651
DIAMONDS KING DIAMONDS FOUR,0.2232,0.0344,0.7424
HEARTS THREE DIAMONDS FOUR,0.6436,0.0794,0.277
SPADES NINE CLUBS ACE,0.337,0.0054,0.6576
DIAMONDS NINE CLUBS KING,0.3394,0.0082,0.6524
HEARTS ACE DIAMONDS JACK,0.3238,0.0032,0.673
SPADES ACE DIAMONDS TWO,0.3842,0.0064,0.6094
DIAMONDS JACK HEARTS QUEEN,0.3178,0.0074,0.6748
SPADES QUEEN DIAMONDS TWO,0.3958,0.0134,0.5908
HEARTS KING DIAMONDS JACK,0.3182,0.004,0.6778
SPADES KING DIAMONDS TWO,0.4006,0.0076,0.5918
SPADES JACK SPADES SEVEN,0.3346,0.0194,0.646
SPADES TEN SPADES SEVEN,0.213,0.2816,0.5054
CLUBS SEVEN CLUBS THREE,0.5766,0.0282,0.3952
CLUBS SIX CLUBS THREE,0.5792,0.0274,0.3934
CLUBS FIVE CLUBS THREE,0.5574,0.0272,0.4154
CLUBS FOUR CLUBS THREE,0.6122,0.0794,0.3084
CLUBS NINE CLUBS THREE,0.5974,0.0244,0.3782
CLUBS EIGHT CLUBS THREE,0.5904,0.0274,0.3822
CLUBS THREE SPADES FIVE,0.5904,0.0294,0.3802
CLUBS THREE SPADES THREE,0.3986,0.0738,0.5276
CLUBS THREE SPADES TWO,0.6372,0.0316,0.3312
CLUBS THREE SPADES SIX,0.6014,0.0344,0.3642
SPADES SEVEN CLUBS THREE,0.6084,0.03,0.3616
SPADES EIGHT CLUBS THREE,0.6268,0.0276,0.3456
SPADES NINE CLUBS THREE,0.617,0.0306,0.3524
SPADES TWO DIAMONDS FOUR,0.6562,0.0894,0.2544
SPADES THREE DIAMONDS FOUR,0.648,0.0858,0.2662
SPADES FIVE DIAMONDS FOUR,0.6172,0.086,0.2968
SPADES SIX DIAMONDS FOUR,0.6436,0.084,0.2724
SPADES SEVEN DIAMONDS FOUR,0.6616,0.076,0.2624
SPADES EIGHT DIAMONDS FOUR,0.6756,0.0776,0.2468
SPADES NINE DIAMONDS FOUR,0.689,0.0786,0.2324
CLUBS FIVE DIAMONDS FOUR,0.6292,0.0842,0.2866
CLUBS FOUR DIAMONDS FOUR,0.285,0.0564,0.6586
CLUBS SEVEN DIAMONDS FOUR,0.6562,0.0872,0.2566
CLUBS SIX DIAMONDS FOUR,0.6574,0.077,0.2656
CLUBS NINE DIAMONDS FOUR,0.6864,0.0836,0.23
CLUBS EIGHT DIAMONDS FOUR,0.6734,0.081,0.2456
DIAMONDS FOUR HEARTS SEVEN,0.6502,0.0772,0.2726
HEARTS SIX DIAMONDS FOUR,0.6456,0.076,0.2784
HEARTS NINE DIAMONDS FOUR,0.6908,0.0784,0.2308
DIAMONDS FOUR HEARTS EIGHT,0.657,0.0806,0.2624
CLUBS THREE DIAMONDS FOUR,0.6442,0.0866,0.2692
CLUBS TWO DIAMONDS FOUR,0.6696,0.0806,0.2498
DIAMONDS TEN DIAMONDS FIVE,0.2118,0.4356,0.3526
DIAMONDS JACK DIAMONDS FIVE,0.3338,0.0198,0.6464
DIAMONDS NINE HEARTS QUEEN,0.344,0.0104,0.6456
HEARTS KING DIAMONDS NINE,0.3542,0.0044,0.6414
DIAMONDS NINE HEARTS ACE,0.3508,0.0038,0.6454
DIAMONDS NINE HEARTS TEN,0.228,0.1708,0.6012
DIAMONDS NINE HEARTS JACK,0.3352,0.015,0.6498
CLUBS KING DIAMONDS SIX,0.3456,0.0082,0.6462
CLUBS QUEEN DIAMONDS SIX,0.3576,0.0114,0.631
CLUBS ACE DIAMONDS SIX,0.3592,0.0042,0.6366
SPADES KING DIAMONDS FOUR,0.2218,0.034,0.7442
SPADES ACE SPADES SEVEN,0.3406,0.0036,0.6558
SPADES QUEEN DIAMONDS FOUR,0.2414,0.0504,0.7082
SPADES QUEEN SPADES SEVEN,0.346,0.0124,0.6416
CLUBS JACK DIAMONDS SIX,0.3672,0.0176,0.6152
SPADES KING SPADES SEVEN,0.3298,0.0084,0.6618
SPADES ACE DIAMONDS FOUR,0.2256,0.0266,0.7478
CLUBS NINE CLUBS FOUR,0.6692,0.0738,0.257
CLUBS EIGHT CLUBS FOUR,0.6448,0.0772,0.278
SPADES JACK DIAMONDS FOUR,0.228,0.0604,0.7116
SPADES TEN DIAMONDS FOUR,0.0126,0.9714,0.016
CLUBS FOUR CLUBS FIVE,0.6124,0.0838,0.3038
CLUBS SEVEN CLUBS FOUR,0.6466,0.0726,0.2808
CLUBS SIX CLUBS FOUR,0.6264,0.0702,0.3034
CLUBS SEVEN SPADES EIGHT,0.5342,0.0264,0.4394
CLUBS SEVEN SPADES NINE,0.5366,0.026,0.4374
CLUBS SEVEN SPADES SIX,0.5514,0.0282,0.4204
CLUBS SEVEN SPADES SEVEN,0.2784,0.0522,0.6694
CLUBS SEVEN SPADES FIVE,0.555,0.0334,0.4116
CLUBS SEVEN SPADES THREE,0.6306,0.027,0.3424
CLUBS SEVEN SPADES TWO,0.6308,0.0296,0.3396
CLUBS NINE CLUBS SEVEN,0.5186,0.0274,0.454
CLUBS EIGHT CLUBS SEVEN,0.5026,0.0246,0.4728
HEARTS SIX DIAMONDS FIVE,0.5468,0.0256,0.4276
DIAMONDS FIVE HEARTS SEVEN,0.5646,0.0266,0.4088
DIAMONDS FIVE HEARTS EIGHT,0.5718,0.0288,0.3994
HEARTS NINE DIAMONDS FIVE,0.5702,0.0282,0.4016
DIAMONDS QUEEN DIAMONDS FIVE,0.3504,0.0092,0.6404
HEARTS TWO DIAMONDS FIVE,0.5986,0.026,0.3754
HEARTS KING HEARTS EIGHT,0.3424,0.0066,0.651
DIAMONDS KING DIAMONDS FIVE,0.34,0.0074,0.6526
HEARTS THREE DIAMONDS FIVE,0.5896,0.0282,0.3822
HEARTS QUEEN HEARTS EIGHT,0.3402,0.009,0.6508
DIAMONDS ACE DIAMONDS FIVE,0.3356,0.0056,0.6588
HEARTS FOUR DIAMONDS FIVE,0.627,0.088,0.285
HEARTS FIVE DIAMONDS FIVE,0.2926,0.066,0.6414
HEARTS ACE HEARTS EIGHT,0.3354,0.002,0.6626
CLUBS FOUR DIAMONDS FIVE,0.6332,0.081,0.2858
CLUBS FIVE DIAMONDS FIVE,0.3006,0.0634,0.636
CLUBS SIX DIAMONDS FIVE,0.5522,0.0278,0.42
CLUBS SEVEN DIAMONDS FIVE,0.571,0.0264,0.4026
CLUBS TWO DIAMONDS FIVE,0.5972,0.036,0.3668
CLUBS THREE DIAMONDS FIVE,0.59,0.0322,0.3778
SPADES THREE DIAMONDS FIVE,0.5864,0.0348,0.3788
SPADES TWO DIAMONDS FIVE,0.6098,0.0286,0.3616
SPADES JACK DIAMONDS EIGHT,0.343,0.016,0.641
SPADES FIVE DIAMONDS FIVE,0.2984,0.0634,0.6382
SPADES TEN DIAMONDS EIGHT,0.217,0.224,0.559
HEARTS JACK CLUBS JACK,0.1542,0.0232,0.8226
HEARTS JACK CLUBS QUEEN,0.298,0.0104,0.6916
CLUBS NINE DIAMONDS FIVE,0.581,0.0314,0.3876
HEARTS JACK CLUBS KING,0.3198,0.0056,0.6746
CLUBS EIGHT DIAMONDS FIVE,0.5704,0.0262,0.4034
HEARTS JACK CLUBS ACE,0.3252,0.0034,0.6714
SPADES SEVEN DIAMONDS FIVE,0.5566,0.0302,0.4132
SPADES KING DIAMONDS EIGHT,0.3706,0.0078,0.6216
SPADES QUEEN DIAMONDS EIGHT,0.3508,0.0112,0.638
SPADES SIX DIAMONDS FIVE,0.5654,0.0314,0.4032
SPADES NINE DIAMONDS FIVE,0.5754,0.0238,0.4008
SPADES EIGHT DIAMONDS FIVE,0.5532,0.028,0.4188
SPADES ACE DIAMONDS EIGHT,0.3454,0.0056,0.649
DIAMONDS TEN DIAMONDS SIX,0.2124,0.3544,0.4332
HEARTS ACE DIAMONDS SEVEN,0.3532,0.0048,0.642
DIAMONDS JACK DIAMONDS SIX,0.3412,0.0182,0.6406
HEARTS QUEEN DIAMONDS SEVEN,0.369,0.012,0.619
HEARTS KING DIAMONDS SEVEN,0.3686,0.0042,0.6272
DIAMONDS ACE DIAMONDS SIX,0.3404,0.0044,0.6552
HEARTS FOUR DIAMONDS SIX,0.6474,0.077,0.2756
HEARTS JACK SPADES TWO,0.397,0.0198,0.5832
HEARTS FIVE DIAMONDS SIX,0.5556,0.031,0.4134
SPADES TWO HEARTS TEN,0.2638,0.5202,0.216
DIAMONDS QUEEN DIAMONDS SIX,0.3432,0.0144,0.6424
HEARTS TWO DIAMONDS SIX,0.617,0.0288,0.3542
DIAMONDS KING DIAMONDS SIX,0.3508,0.0058,0.6434
HEARTS THREE DIAMONDS SIX,0.5982,0.027,0.3748
HEARTS EIGHT DIAMONDS SIX,0.5486,0.0278,0.4236
HEARTS NINE DIAMONDS SIX,0.5618,0.0232,0.415
HEARTS SIX DIAMONDS SIX,0.2876,0.0592,0.6532
HEARTS SEVEN DIAMONDS SIX,0.5492,0.0296,0.4212
HEARTS TEN DIAMONDS SEVEN,0.2234,0.2864,0.4902
CLUBS TWO DIAMONDS SIX,0.6274,0.0294,0.3432
HEARTS JACK DIAMONDS SEVEN,0.3508,0.016,0.6332
CLUBS THREE DIAMONDS SIX,0.6068,0.0306,0.3626
DIAMONDS EIGHT CLUBS JACK,0.3366,0.0186,0.6448
CLUBS SEVEN DIAMONDS SIX,0.5408,0.0272,0.432
CLUBS SIX DIAMONDS SIX,0.292,0.0554,0.6526
CLUBS FIVE DIAMONDS SIX,0.5514,0.029,0.4196
CLUBS FOUR DIAMONDS SIX,0.6428,0.0748,0.2824
HEARTS ACE HEARTS JACK,0.2852,0.0044,0.7104
DIAMONDS EIGHT CLUBS ACE,0.3644,0.0028,0.6328
HEARTS JACK HEARTS QUEEN,0.291,0.0084,0.7006
DIAMONDS EIGHT CLUBS KING,0.3662,0.0104,0.6234
CLUBS NINE DIAMONDS SIX,0.5804,0.0262,0.3934
HEARTS KING HEARTS JACK,0.2976,0.0078,0.6946
DIAMONDS EIGHT CLUBS QUEEN,0.3542,0.0132,0.6326
CLUBS EIGHT DIAMONDS SIX,0.5572,0.027,0.4158
SPADES TEN HEARTS KING,0.2286,0.036,0.7354
SPADES FIVE DIAMONDS SIX,0.559,0.0252,0.4158
HEARTS ACE SPADES TWO,0.398,0.0044,0.5976
SPADES JACK HEARTS KING,0.3188,0.006,0.6752
SPADES THREE DIAMONDS SIX,0.5908,0.0294,0.3798
SPADES TWO HEARTS QUEEN,0.4086,0.0086,0.5828
SPADES ACE SPADES KING,0.3088,0.0048,0.6864
HEARTS KING SPADES TWO,0.3884,0.008,0.6036
SPADES TWO DIAMONDS SIX,0.6156,0.0308,0.3536
HEARTS TEN HEARTS EIGHT,0.216,0.2104,0.5736
SPADES NINE DIAMONDS SIX,0.5608,0.028,0.4112
HEARTS JACK HEARTS EIGHT,0.3172,0.0196,0.6632
SPADES EIGHT DIAMONDS SIX,0.5534,0.0238,0.4228
SPADES SEVEN DIAMONDS SIX,0.5442,0.0264,0.4294
SPADES SIX DIAMONDS SIX,0.2876,0.0586,0.6538
SPADES KING HEARTS KING,0.1384,0.0126,0.849
SPADES QUEEN HEARTS KING,0.3098,0.009,0.6812
CLUBS ACE CLUBS KING,0.3132,0.006,0.6808
SPADES ACE HEARTS KING,0.327,0.0054,0.6676
SPADES ACE HEARTS JACK,0.3064,0.0046,0.689
SPADES QUEEN HEARTS JACK,0.3072,0.01,0.6828
SPADES KING HEARTS JACK,0.3152,0.0082,0.6766
SPADES TEN DIAMONDS TEN,0.084,0.0576,0.8584
SPADES JACK DIAMONDS TEN,0.2262,0.0556,0.7182
SPADES ACE DIAMONDS TEN,0.2208,0.0258,0.7534
SPADES JACK HEARTS JACK,0.1538,0.0228,0.8234
SPADES TEN HEARTS JACK,0.2182,0.0516,0.7302
SPADES QUEEN DIAMONDS TEN,0.2248,0.0504,0.7248
SPADES KING DIAMONDS TEN,0.2272,0.0344,0.7384
SPADES NINE DIAMONDS SEVEN,0.5266,0.0294,0.444
SPADES EIGHT DIAMONDS SEVEN,0.5416,0.025,0.4334
SPADES SEVEN DIAMONDS SEVEN,0.286,0.0532,0.6608
SPADES SIX DIAMONDS SEVEN,0.5224,0.0296,0.448
DIAMONDS KING DIAMONDS SEVEN,0.3474,0.0074,0.6452
HEARTS THREE DIAMONDS SEVEN,0.6052,0.035,0.3598
HEARTS KING DIAMONDS FIVE,0.369,0.0084,0.6226
DIAMONDS QUEEN DIAMONDS SEVEN,0.3454,0.0106,0.644
HEARTS TWO DIAMONDS SEVEN,0.6216,0.029,0.3494
HEARTS QUEEN DIAMONDS FIVE,0.3484,0.012,0.6396
HEARTS FIVE DIAMONDS SEVEN,0.5774,0.0258,0.3968
DIAMONDS ACE DIAMONDS SEVEN,0.3376,0.0036,0.6588
HEARTS FOUR DIAMONDS SEVEN,0.6618,0.0782,0.26
HEARTS ACE DIAMONDS FIVE,0.3526,0.0046,0.6428
HEARTS SEVEN DIAMONDS SEVEN,0.2914,0.048,0.6606
HEARTS SIX DIAMONDS SEVEN,0.559,0.0252,0.4158
HEARTS NINE DIAMONDS SEVEN,0.5454,0.0272,0.4274
DIAMONDS SEVEN HEARTS EIGHT,0.5518,0.0242,0.424
DIAMONDS JACK DIAMONDS SEVEN,0.3292,0.017,0.6538
HEARTS JACK DIAMONDS FIVE,0.3758,0.0174,0.6068
DIAMONDS TEN DIAMONDS SEVEN,0.2162,0.2742,0.5096
DIAMONDS FIVE HEARTS TEN,0.224,0.469,0.307
SPADES KING CLUBS TWO,0.39,0.0092,0.6008
HEARTS KING CLUBS KING,0.1374,0.0106,0.852
CLUBS EIGHT DIAMONDS SEVEN,0.5432,0.0264,0.4304
SPADES QUEEN CLUBS TWO,0.3868,0.0154,0.5978
HEARTS KING CLUBS QUEEN,0.3122,0.009,0.6788
CLUBS NINE DIAMONDS SEVEN,0.5424,0.0258,0.4318
SPADES TWO CLUBS JACK,0.3864,0.0228,0.5908
SPADES ACE CLUBS TWO,0.3968,0.0052,0.598
HEARTS KING CLUBS ACE,0.3124,0.0042,0.6834
CLUBS SIX CLUBS SEVEN,0.5342,0.027,0.4388
SPADES TWO CLUBS KING,0.3928,0.0102,0.597
SPADES TWO DIAMONDS SEVEN,0.6318,0.0286,0.3396
CLUBS EIGHT CLUBS SIX,0.524,0.0268,0.4492
SPADES THREE DIAMONDS SEVEN,0.6086,0.0292,0.3622
SPADES TWO CLUBS QUEEN,0.3958,0.0134,0.5908
CLUBS NINE CLUBS SIX,0.5318,0.0286,0.4396
HEARTS KING CLUBS JACK,0.319,0.008,0.673
SPADES FIVE DIAMONDS SEVEN,0.558,0.029,0.413
SPADES TWO CLUBS ACE,0.387,0.0068,0.6062
CLUBS SIX SPADES TWO,0.622,0.0304,0.3476
CLUBS SIX SPADES THREE,0.6058,0.034,0.3602
CLUBS TWO DIAMONDS SEVEN,0.6286,0.0272,0.3442
CLUBS THREE DIAMONDS SEVEN,0.6116,0.0312,0.3572
CLUBS SIX SPADES FIVE,0.557,0.0304,0.4126
CLUBS FOUR DIAMONDS SEVEN,0.6596,0.0808,0.2596
CLUBS SIX SPADES SIX,0.2754,0.0612,0.6634
CLUBS FIVE DIAMONDS SEVEN,0.5576,0.0286,0.4138
CLUBS SIX SPADES SEVEN,0.5438,0.0242,0.432
CLUBS SIX DIAMONDS SEVEN,0.552,0.0256,0.4224
CLUBS SIX SPADES EIGHT,0.5546,0.0298,0.4156
SPADES JACK CLUBS TWO,0.3956,0.0212,0.5832
CLUBS SIX SPADES NINE,0.5568,0.0258,0.4174
SPADES TEN CLUBS TWO,0.2648,0.5214,0.2138
CLUBS SEVEN DIAMONDS SEVEN,0.292,0.0572,0.6508
CLUBS TWO CLUBS QUEEN,0.3694,0.0102,0.6204
CLUBS TWO CLUBS KING,0.3764,0.009,0.6146
CLUBS THREE DIAMONDS EIGHT,0.6148,0.0276,0.3576
CLUBS TWO CLUBS ACE,0.3632,0.0064,0.6304
CLUBS TWO DIAMONDS EIGHT,0.6124,0.0254,0.3622
DIAMONDS EIGHT HEARTS SEVEN,0.5416,0.0228,0.4356
HEARTS SIX DIAMONDS EIGHT,0.5506,0.0214,0.428
DIAMONDS EIGHT HEARTS NINE,0.523,0.0242,0.4528
DIAMONDS EIGHT HEARTS EIGHT,0.2842,0.0476,0.6682
CLUBS TWO CLUBS JACK,0.3714,0.023,0.6056
CLUBS NINE DIAMONDS EIGHT,0.5208,0.0268,0.4524
CLUBS EIGHT DIAMONDS EIGHT,0.2746,0.05,0.6754
CLUBS FIVE DIAMONDS EIGHT,0.5658,0.0298,0.4044
SPADES ACE SPADES THREE,0.3628,0.0052,0.632
CLUBS FOUR DIAMONDS EIGHT,0.6764,0.0808,0.2428
SPADES QUEEN SPADES THREE,0.366,0.0134,0.6206
CLUBS SEVEN DIAMONDS EIGHT,0.5492,0.0258,0.425
CLUBS SIX DIAMONDS EIGHT,0.5544,0.0242,0.4214
SPADES KING SPADES THREE,0.369,0.0094,0.6216
DIAMONDS QUEEN DIAMONDS EIGHT,0.3334,0.0092,0.6574
HEARTS TWO DIAMONDS EIGHT,0.6144,0.0288,0.3568
DIAMONDS KING DIAMONDS EIGHT,0.3396,0.0052,0.6552
HEARTS THREE DIAMONDS EIGHT,0.62,0.0258,0.3542
DIAMONDS ACE DIAMONDS EIGHT,0.3258,0.0048,0.6694
HEARTS FOUR DIAMONDS EIGHT,0.667,0.081,0.252
HEARTS FIVE DIAMONDS EIGHT,0.5618,0.0276,0.4106
DIAMONDS EIGHT DIAMONDS TEN,0.2188,0.2078,0.5734
DIAMONDS EIGHT DIAMONDS JACK,0.3264,0.0146,0.659
SPADES JACK SPADES THREE,0.3706,0.0198,0.6096
SPADES TEN SPADES THREE,0.2542,0.5028,0.243
CLUBS FOUR HEARTS ACE,0.2396,0.023,0.7374
CLUBS FOUR HEARTS QUEEN,0.2444,0.0476,0.708
CLUBS FOUR HEARTS KING,0.2408,0.0404,0.7188
CLUBS SIX HEARTS TEN,0.2334,0.3628,0.4038
CLUBS SIX HEARTS JACK,0.3656,0.0186,0.6158
SPADES FIVE DIAMONDS EIGHT,0.5774,0.0274,0.3952
DIAMONDS EIGHT SPADES TWO,0.6252,0.0318,0.343
DIAMONDS EIGHT SPADES THREE,0.6268,0.0292,0.344
CLUBS FOUR HEARTS JACK,0.2438,0.0674,0.6888
SPADES EIGHT DIAMONDS EIGHT,0.2772,0.0472,0.6756
SPADES TEN DIAMONDS QUEEN,0.2304,0.0456,0.724
SPADES TEN HEARTS TWO,0.262,0.5262,0.2118
SPADES JACK HEARTS EIGHT,0.332,0.018,0.65
CLUBS FOUR HEARTS TEN,0.0182,0.971,0.0108
SPADES NINE DIAMONDS EIGHT,0.5202,0.0228,0.457
SPADES TEN HEARTS EIGHT,0.226,0.235,0.539
SPADES JACK HEARTS TWO,0.3864,0.0178,0.5958
SPADES JACK DIAMONDS QUEEN,0.313,0.0102,0.6768
SPADES SIX DIAMONDS EIGHT,0.5462,0.0252,0.4286
SPADES SEVEN DIAMONDS EIGHT,0.536,0.0312,0.4328
SPADES ACE HEARTS TWO,0.377,0.0056,0.6174
SPADES ACE DIAMONDS QUEEN,0.3214,0.0052,0.6734
SPADES ACE HEARTS EIGHT,0.3642,0.0052,0.6306
SPADES KING HEARTS EIGHT,0.3704,0.0054,0.6242
SPADES QUEEN HEARTS TWO,0.3804,0.0126,0.607
SPADES QUEEN DIAMONDS QUEEN,0.1346,0.0166,0.8488
SPADES KING DIAMONDS QUEEN,0.32,0.0062,0.6738
SPADES KING HEARTS TWO,0.3904,0.0094,0.6002
SPADES QUEEN HEARTS EIGHT,0.3582,0.0104,0.6314
CLUBS TWO HEARTS TEN,0.2616,0.526,0.2124
CLUBS TWO HEARTS JACK,0.3982,0.0158,0.586
SPADES SEVEN DIAMONDS NINE,0.5274,0.027,0.4456
SPADES SIX DIAMONDS NINE,0.54,0.0266,0.4334
SPADES NINE DIAMONDS NINE,0.2652,0.04,0.6948
SPADES EIGHT DIAMONDS NINE,0.5334,0.0262,0.4404
SPADES TEN CLUBS KING,0.2076,0.0414,0.751
DIAMONDS NINE SPADES THREE,0.6224,0.0354,0.3422
SPADES JACK CLUBS KING,0.3012,0.0068,0.692
DIAMONDS NINE SPADES TWO,0.627,0.0288,0.3442
DIAMONDS NINE SPADES FIVE,0.5668,0.0258,0.4074
CLUBS NINE DIAMONDS NINE,0.2676,0.0412,0.6912
CLUBS EIGHT DIAMONDS NINE,0.5326,0.0254,0.442
CLUBS SIX DIAMONDS NINE,0.5732,0.027,0.3998
SPADES JACK CLUBS FOUR,0.231,0.0708,0.6982
SPADES TEN CLUBS FOUR,0.006,0.9864,0.0076
CLUBS SEVEN DIAMONDS NINE,0.5506,0.0248,0.4246
CLUBS FOUR DIAMONDS NINE,0.682,0.0814,0.2366
CLUBS FIVE DIAMONDS NINE,0.578,0.0322,0.3898
CLUBS TWO DIAMONDS NINE,0.6182,0.0278,0.354
CLUBS THREE DIAMONDS NINE,0.6208,0.0254,0.3538
DIAMONDS NINE HEARTS EIGHT,0.5496,0.0236,0.4268
DIAMONDS NINE HEARTS NINE,0.2728,0.0374,0.6898
HEARTS SIX DIAMONDS NINE,0.5518,0.0256,0.4226
DIAMONDS NINE HEARTS SEVEN,0.5424,0.0264,0.4312
CLUBS EIGHT CLUBS NINE,0.5014,0.0244,0.4742
DIAMONDS ACE DIAMONDS NINE,0.3342,0.0042,0.6616
HEARTS FOUR DIAMONDS NINE,0.6798,0.0738,0.2464
HEARTS FIVE DIAMONDS NINE,0.5626,0.027,0.4104
CLUBS TWO HEARTS ACE,0.384,0.006,0.61
SPADES ACE CLUBS FOUR,0.233,0.0242,0.7428
DIAMONDS QUEEN DIAMONDS NINE,0.3222,0.0102,0.6676
HEARTS TWO DIAMONDS NINE,0.6194,0.0284,0.3522
CLUBS TWO HEARTS KING,0.3964,0.0122,0.5914
SPADES KING CLUBS FOUR,0.2276,0.0366,0.7358
DIAMONDS KING DIAMONDS NINE,0.3208,0.0074,0.6718
HEARTS THREE DIAMONDS NINE,0.6158,0.0268,0.3574
CLUBS TWO HEARTS QUEEN,0.4012,0.0128,0.586
SPADES QUEEN CLUBS FOUR,0.23,0.0482,0.7218
DIAMONDS NINE DIAMONDS JACK,0.3196,0.017,0.6634
CLUBS EIGHT SPADES NINE,0.5314,0.0322,0.4364
DIAMONDS NINE DIAMONDS TEN,0.2074,0.1614,0.6312
CLUBS EIGHT SPADES EIGHT,0.281,0.043,0.676
CLUBS EIGHT SPADES SEVEN,0.5246,0.0292,0.4462
CLUBS EIGHT SPADES SIX,0.5598,0.0268,0.4134
CLUBS EIGHT SPADES FIVE,0.5616,0.0306,0.4078
CLUBS EIGHT SPADES THREE,0.6276,0.0328,0.3396
CLUBS EIGHT SPADES TWO,0.635,0.0276,0.3374
HEARTS SIX DIAMONDS TEN,0.2176,0.3772,0.4052
DIAMONDS TEN HEARTS SEVEN,0.2214,0.297,0.4816
DIAMONDS TEN HEARTS EIGHT,0.2244,0.2266,0.549
CLUBS FOUR CLUBS JACK,0.2154,0.0646,0.72
DIAMONDS TEN HEARTS NINE,0.222,0.1758,0.6022
CLUBS FOUR CLUBS KING,0.238,0.0392,0.7228
CLUBS FOUR CLUBS QUEEN,0.2302,0.0478,0.722
CLUBS TWO DIAMONDS TEN,0.2662,0.51,0.2238
CLUBS THREE DIAMONDS TEN,0.2626,0.5252,0.2122
CLUBS FOUR CLUBS ACE,0.2314,0.0264,0.7422
DIAMONDS JACK DIAMONDS TEN,0.2208,0.0516,0.7276
DIAMONDS QUEEN DIAMONDS TEN,0.2228,0.048,0.7292
HEARTS TWO DIAMONDS TEN,0.2572,0.5174,0.2254
DIAMONDS KING DIAMONDS TEN,0.2052,0.0362,0.7586
HEARTS THREE DIAMONDS TEN,0.2656,0.512,0.2224
DIAMONDS ACE DIAMONDS TEN,0.2088,0.025,0.7662
HEARTS FOUR DIAMONDS TEN,0.023,0.9568,0.0202
CLUBS EIGHT HEARTS JACK,0.3574,0.0172,0.6254
HEARTS FIVE DIAMONDS TEN,0.2104,0.4654,0.3242
CLUBS EIGHT HEARTS TEN,0.2328,0.2224,0.5448
CLUBS EIGHT HEARTS QUEEN,0.3542,0.0092,0.6366
CLUBS EIGHT HEARTS KING,0.367,0.0068,0.6262
CLUBS EIGHT HEARTS ACE,0.3516,0.0054,0.643
CLUBS NINE SPADES THREE,0.6214,0.0292,0.3494
CLUBS NINE SPADES TWO,0.6224,0.0332,0.3444
CLUBS NINE SPADES FIVE,0.5768,0.029,0.3942
CLUBS NINE SPADES SEVEN,0.5484,0.0254,0.4262
CLUBS NINE SPADES SIX,0.5732,0.0246,0.4022
CLUBS NINE SPADES NINE,0.2712,0.0444,0.6844
CLUBS NINE SPADES EIGHT,0.5234,0.0264,0.4502
CLUBS JACK HEARTS EIGHT,0.3366,0.0174,0.646
CLUBS QUEEN HEARTS EIGHT,0.3446,0.012,0.6434
CLUBS KING HEARTS EIGHT,0.369,0.0052,0.6258
CLUBS ACE HEARTS EIGHT,0.3522,0.0044,0.6434
SPADES KING CLUBS KING,0.1238,0.0104,0.8658
SPADES QUEEN CLUBS KING,0.3064,0.0084,0.6852
SPADES ACE CLUBS KING,0.3242,0.0048,0.671
DIAMONDS ACE HEARTS TEN,0.2286,0.027,0.7444
HEARTS FOUR HEARTS TEN,0.0228,0.9108,0.0664
DIAMONDS ACE HEARTS JACK,0.311,0.0028,0.6862
HEARTS FOUR HEARTS JACK,0.2284,0.06,0.7116
SPADES KING CLUBS FIVE,0.3626,0.0068,0.6306
SPADES QUEEN CLUBS FIVE,0.3496,0.0132,0.6372
SPADES ACE CLUBS FIVE,0.3586,0.0052,0.6362
DIAMONDS JACK HEARTS SEVEN,0.3504,0.0164,0.6332
HEARTS SIX DIAMONDS JACK,0.36,0.019,0.621
DIAMONDS JACK HEARTS NINE,0.3298,0.0132,0.657
DIAMONDS JACK HEARTS EIGHT,0.336,0.019,0.645
DIAMONDS KING DIAMONDS JACK,0.2938,0.0074,0.6988
HEARTS THREE DIAMONDS JACK,0.3908,0.0148,0.5944
SPADES ACE SPADES SIX,0.3568,0.0056,0.6376
DIAMONDS QUEEN DIAMONDS JACK,0.2972,0.0086,0.6942
HEARTS TWO DIAMONDS JACK,0.3934,0.0194,0.5872
HEARTS FIVE DIAMONDS JACK,0.3554,0.018,0.6266
SPADES QUEEN SPADES SIX,0.3532,0.0124,0.6344
DIAMONDS ACE DIAMONDS JACK,0.2926,0.004,0.7034
HEARTS FOUR DIAMONDS JACK,0.2366,0.0634,0.7
SPADES KING SPADES SIX,0.3366,0.0086,0.6548
SPADES TEN SPADES SIX,0.2144,0.3642,0.4214
SPADES JACK SPADES SIX,0.34,0.0218,0.6382
SPADES FIVE DIAMONDS JACK,0.3572,0.019,0.6238
DIAMONDS JACK SPADES TWO,0.3924,0.0156,0.592
SPADES THREE DIAMONDS JACK,0.3952,0.0202,0.5846
SPADES ACE DIAMONDS THREE,0.3824,0.0048,0.6128
SPADES QUEEN DIAMONDS THREE,0.385,0.0126,0.6024
CLUBS EIGHT DIAMONDS JACK,0.3426,0.0202,0.6372
SPADES KING DIAMONDS THREE,0.403,0.0074,0.5896
CLUBS NINE DIAMONDS JACK,0.3466,0.015,0.6384
CLUBS SIX DIAMONDS JACK,0.3634,0.0158,0.6208
CLUBS SEVEN DIAMONDS JACK,0.354,0.0188,0.6272
CLUBS FOUR DIAMONDS JACK,0.2374,0.0676,0.695
CLUBS FIVE DIAMONDS JACK,0.3636,0.0204,0.616
CLUBS TWO DIAMONDS JACK,0.3956,0.0206,0.5838
CLUBS THREE DIAMONDS JACK,0.3878,0.0206,0.5916
SPADES TEN CLUBS FIVE,0.2204,0.4716,0.308
HEARTS SIX SPADES JACK,0.356,0.0206,0.6234
HEARTS SIX SPADES TEN,0.2244,0.377,0.3986
SPADES JACK CLUBS FIVE,0.3594,0.0224,0.6182
SPADES JACK DIAMONDS THREE,0.3818,0.0188,0.5994
CLUBS SEVEN CLUBS ACE,0.3456,0.005,0.6494
DIAMONDS THREE SPADES TEN,0.2604,0.5218,0.2178
CLUBS SEVEN CLUBS QUEEN,0.3468,0.0112,0.642
CLUBS SEVEN CLUBS KING,0.3308,0.0064,0.6628
SPADES NINE DIAMONDS JACK,0.327,0.0182,0.6548
DIAMONDS ACE HEARTS ACE,0.1448,0.002,0.8532
HEARTS FOUR HEARTS ACE,0.2318,0.0242,0.744
SPADES EIGHT DIAMONDS JACK,0.3434,0.0148,0.6418
SPADES ACE HEARTS SIX,0.3652,0.003,0.6318
CLUBS SEVEN CLUBS JACK,0.3288,0.0178,0.6534
DIAMONDS ACE HEARTS KING,0.3276,0.0038,0.6686
HEARTS FOUR HEARTS KING,0.229,0.038,0.733
SPADES SEVEN DIAMONDS JACK,0.3592,0.0174,0.6234
SPADES KING HEARTS SIX,0.3544,0.0072,0.6384
DIAMONDS ACE HEARTS QUEEN,0.3292,0.0042,0.6666
HEARTS FOUR HEARTS QUEEN,0.2318,0.052,0.7162
SPADES QUEEN HEARTS SIX,0.3572,0.01,0.6328
SPADES SIX DIAMONDS JACK,0.356,0.0166,0.6274
SPADES TWO DIAMONDS TEN,0.2764,0.5036,0.22
SPADES THREE DIAMONDS TEN,0.2696,0.5294,0.201
SPADES FIVE DIAMONDS TEN,0.2098,0.4644,0.3258
SPADES SIX DIAMONDS TEN,0.2248,0.3706,0.4046
SPADES SEVEN DIAMONDS TEN,0.207,0.3094,0.4836
SPADES EIGHT DIAMONDS TEN,0.2202,0.2282,0.5516
SPADES NINE DIAMONDS TEN,0.2172,0.1664,0.6164
CLUBS FOUR DIAMONDS TEN,0.0166,0.9722,0.0112
CLUBS FIVE DIAMONDS TEN,0.2208,0.4694,0.3098
CLUBS SIX DIAMONDS TEN,0.2246,0.3794,0.396
CLUBS SEVEN DIAMONDS TEN,0.2246,0.2946,0.4808
CLUBS EIGHT DIAMONDS TEN,0.2408,0.2156,0.5436
CLUBS NINE DIAMONDS TEN,0.2226,0.1754,0.602
DIAMONDS THREE CLUBS JACK,0.3866,0.0156,0.5978
DIAMONDS THREE CLUBS KING,0.3906,0.0078,0.6016
DIAMONDS THREE CLUBS QUEEN,0.397,0.0154,0.5876
DIAMONDS THREE CLUBS ACE,0.3754,0.0052,0.6194
SPADES FIVE SPADES TWO,0.5762,0.0316,0.3922
SPADES THREE SPADES TWO,0.601,0.0296,0.3694
SPADES NINE SPADES TWO,0.5814,0.0296,0.389
SPADES EIGHT SPADES TWO,0.5856,0.0252,0.3892
SPADES SEVEN SPADES TWO,0.5928,0.0274,0.3798
SPADES SIX SPADES TWO,0.568,0.0318,0.4002
DIAMONDS QUEEN CLUBS THREE,0.388,0.0124,0.5996
HEARTS TWO CLUBS THREE,0.6226,0.0318,0.3456
DIAMONDS QUEEN CLUBS TWO,0.4114,0.013,0.5756
CLUBS TWO HEARTS TWO,0.3952,0.0722,0.5326
DIAMONDS QUEEN HEARTS SEVEN,0.3642,0.011,0.6248
HEARTS TWO HEARTS SEVEN,0.5696,0.0294,0.401
HEARTS SIX DIAMONDS QUEEN,0.3636,0.0084,0.628
HEARTS SIX HEARTS TWO,0.5676,0.0308,0.4016
DIAMONDS QUEEN HEARTS NINE,0.3506,0.0104,0.639
HEARTS TWO HEARTS NINE,0.577,0.027,0.396
DIAMONDS QUEEN HEARTS EIGHT,0.3616,0.0094,0.629
HEARTS TWO HEARTS EIGHT,0.576,0.024,0.4
CLUBS NINE HEARTS TWO,0.6222,0.0324,0.3454
CLUBS NINE DIAMONDS QUEEN,0.3416,0.0092,0.6492
CLUBS EIGHT HEARTS TWO,0.618,0.0278,0.3542
CLUBS EIGHT DIAMONDS QUEEN,0.3606,0.0112,0.6282
CLUBS FIVE DIAMONDS QUEEN,0.3606,0.0144,0.625
CLUBS FIVE HEARTS TWO,0.6,0.034,0.366
SPADES EIGHT HEARTS ACE,0.3584,0.0026,0.639
CLUBS FOUR DIAMONDS QUEEN,0.2394,0.048,0.7126
CLUBS FOUR HEARTS TWO,0.6654,0.0788,0.2558
SPADES EIGHT HEARTS QUEEN,0.3494,0.0106,0.64
CLUBS SEVEN HEARTS TWO,0.6262,0.0352,0.3386
CLUBS SEVEN DIAMONDS QUEEN,0.3726,0.013,0.6144
CLUBS SIX DIAMONDS QUEEN,0.3682,0.0082,0.6236
CLUBS SIX HEARTS TWO,0.6148,0.0302,0.355
SPADES EIGHT HEARTS KING,0.3652,0.0064,0.6284
HEARTS TWO SPADES SIX,0.61,0.0302,0.3598
DIAMONDS QUEEN SPADES SIX,0.359,0.0126,0.6284
HEARTS FOUR CLUBS QUEEN,0.2328,0.0504,0.7168
DIAMONDS ACE CLUBS QUEEN,0.3284,0.0054,0.6662
DIAMONDS QUEEN SPADES SEVEN,0.351,0.0106,0.6384
HEARTS TWO SPADES SEVEN,0.6168,0.0324,0.3508
HEARTS FOUR CLUBS KING,0.2222,0.0372,0.7406
DIAMONDS ACE CLUBS KING,0.322,0.0054,0.6726
DIAMONDS QUEEN SPADES EIGHT,0.3518,0.0106,0.6376
SPADES EIGHT HEARTS TWO,0.6172,0.0298,0.353
HEARTS FOUR CLUBS ACE,0.2344,0.0242,0.7414
DIAMONDS ACE CLUBS ACE,0.124,0.004,0.872
SPADES NINE DIAMONDS QUEEN,0.321,0.0086,0.6704
SPADES NINE HEARTS TWO,0.6184,0.0272,0.3544
HEARTS TWO SPADES TWO,0.4014,0.0672,0.5314
DIAMONDS QUEEN SPADES TWO,0.4038,0.014,0.5822
HEARTS TWO SPADES THREE,0.6288,0.0306,0.3406
DIAMONDS QUEEN SPADES THREE,0.3968,0.0142,0.589
HEARTS TWO SPADES FIVE,0.605,0.0334,0.3616
DIAMONDS QUEEN SPADES FIVE,0.3594,0.0118,0.6288
HEARTS FOUR CLUBS JACK,0.2408,0.0658,0.6934
DIAMONDS ACE CLUBS JACK,0.3138,0.0052,0.681
CLUBS FIVE CLUBS KING,0.3428,0.0088,0.6484
CLUBS FIVE CLUBS QUEEN,0.336,0.0138,0.6502
CLUBS FIVE CLUBS ACE,0.3266,0.005,0.6684
CLUBS FIVE CLUBS JACK,0.3466,0.021,0.6324
SPADES KING CLUBS JACK,0.2992,0.009,0.6918
SPADES QUEEN CLUBS JACK,0.288,0.0078,0.7042
SPADES ACE CLUBS JACK,0.3124,0.0044,0.6832
SPADES SIX CLUBS KING,0.3536,0.0112,0.6352
SPADES SIX CLUBS QUEEN,0.3552,0.0142,0.6306
SPADES EIGHT HEARTS JACK,0.344,0.017,0.639
SPADES SIX CLUBS ACE,0.359,0.0056,0.6354
SPADES EIGHT HEARTS TEN,0.2194,0.2278,0.5528
SPADES SIX CLUBS JACK,0.3426,0.0194,0.638
SPADES TEN CLUBS JACK,0.2162,0.0548,0.729
SPADES JACK CLUBS JACK,0.1344,0.0236,0.842
SPADES QUEEN CLUBS SEVEN,0.3574,0.0136,0.629
SPADES KING CLUBS SEVEN,0.3624,0.0082,0.6294
SPADES ACE CLUBS SEVEN,0.3552,0.0044,0.6404
SPADES SIX HEARTS TEN,0.2174,0.3712,0.4114
SPADES SIX HEARTS JACK,0.3542,0.0166,0.6292
SPADES SIX HEARTS ACE,0.364,0.0036,0.6324
SPADES SIX HEARTS KING,0.3614,0.0084,0.6302
SPADES SIX HEARTS QUEEN,0.351,0.0156,0.6334
SPADES JACK CLUBS SEVEN,0.3522,0.0184,0.6294
CLUBS SEVEN SPADES TEN,0.2132,0.3082,0.4786
HEARTS SIX CLUBS JACK,0.3638,0.0186,0.6176
CLUBS ACE CLUBS JACK,0.303,0.0068,0.6902
HEARTS SIX CLUBS QUEEN,0.3588,0.0118,0.6294
HEARTS SIX CLUBS KING,0.3618,0.008,0.6302
HEARTS SIX CLUBS ACE,0.3642,0.004,0.6318
CLUBS QUEEN CLUBS JACK,0.2808,0.0106,0.7086
CLUBS KING CLUBS JACK,0.2998,0.006,0.6942
DIAMONDS THREE HEARTS ACE,0.3808,0.0036,0.6156
DIAMONDS THREE HEARTS QUEEN,0.39,0.0116,0.5984
DIAMONDS THREE HEARTS KING,0.3946,0.0084,0.597
CLUBS FIVE HEARTS JACK,0.364,0.022,0.614
SPADES TEN DIAMONDS ACE,0.2226,0.0256,0.7518
HEARTS FOUR SPADES TEN,0.0086,0.9756,0.0158
CLUBS FIVE HEARTS TEN,0.2186,0.4646,0.3168
HEARTS FOUR SPADES JACK,0.2306,0.0636,0.7058
SPADES JACK DIAMONDS ACE,0.3208,0.003,0.6762
SPADES ACE HEARTS FOUR,0.2368,0.0216,0.7416
SPADES ACE DIAMONDS ACE,0.1192,0.0048,0.876
CLUBS FIVE HEARTS ACE,0.3666,0.0058,0.6276
CLUBS FIVE HEARTS KING,0.354,0.0094,0.6366
HEARTS FOUR SPADES QUEEN,0.2308,0.0458,0.7234
SPADES QUEEN DIAMONDS ACE,0.3252,0.006,0.6688
CLUBS FIVE HEARTS QUEEN,0.3686,0.0148,0.6166
SPADES KING DIAMONDS ACE,0.3206,0.004,0.6754
HEARTS FOUR SPADES KING,0.2394,0.0376,0.723
DIAMONDS QUEEN DIAMONDS ACE,0.301,0.0048,0.6942
HEARTS TWO DIAMONDS ACE,0.3882,0.0038,0.608
HEARTS FOUR DIAMONDS QUEEN,0.2354,0.0446,0.72
HEARTS FOUR HEARTS TWO,0.6214,0.0824,0.2962
DIAMONDS THREE HEARTS TEN,0.2604,0.522,0.2176
HEARTS FIVE DIAMONDS QUEEN,0.3442,0.0136,0.6422
HEARTS FIVE HEARTS TWO,0.5662,0.0272,0.4066
DIAMONDS THREE HEARTS JACK,0.3902,0.0238,0.586
DIAMONDS QUEEN HEARTS TWO,0.3892,0.0152,0.5956
DIAMONDS KING DIAMONDS QUEEN,0.3026,0.0064,0.691
DIAMONDS KING HEARTS TWO,0.4054,0.0082,0.5864
HEARTS THREE DIAMONDS QUEEN,0.386,0.0116,0.6024
HEARTS THREE HEARTS TWO,0.5888,0.0262,0.385
HEARTS TWO CLUBS ACE,0.3746,0.005,0.6204
DIAMONDS QUEEN CLUBS ACE,0.32,0.0052,0.6748
HEARTS TWO CLUBS QUEEN,0.3914,0.0148,0.5938
DIAMONDS QUEEN CLUBS QUEEN,0.1324,0.0146,0.853
HEARTS TWO CLUBS KING,0.393,0.006,0.601
DIAMONDS QUEEN CLUBS KING,0.3262,0.0096,0.6642
SPADES EIGHT SPADES FIVE,0.5346,0.0282,0.4372
SPADES NINE SPADES FIVE,0.5384,0.0266,0.435
HEARTS TWO CLUBS JACK,0.3796,0.0206,0.5998
DIAMONDS QUEEN CLUBS JACK,0.3022,0.0094,0.6884
SPADES SIX SPADES FIVE,0.5152,0.0332,0.4516
SPADES SEVEN SPADES FIVE,0.529,0.0298,0.4412
DIAMONDS FIVE CLUBS QUEEN,0.362,0.0124,0.6256
SPADES EIGHT CLUBS ACE,0.352,0.0046,0.6434
DIAMONDS FIVE CLUBS KING,0.3634,0.0106,0.626
SPADES EIGHT CLUBS KING,0.358,0.0086,0.6334
CLUBS ACE DIAMONDS FIVE,0.3366,0.0054,0.658
SPADES EIGHT CLUBS QUEEN,0.343,0.012,0.645
SPADES EIGHT CLUBS JACK,0.3302,0.0168,0.653
DIAMONDS FIVE CLUBS JACK,0.3542,0.0188,0.627
HEARTS JACK DIAMONDS TEN,0.2286,0.0578,0.7136
DIAMONDS TEN HEARTS TEN,0.0922,0.0554,0.8524
SPADES ACE CLUBS NINE,0.3576,0.0054,0.637
CLUBS NINE SPADES QUEEN,0.338,0.0138,0.6482
SPADES KING CLUBS NINE,0.3596,0.0076,0.6328
HEARTS SIX HEARTS KING,0.3458,0.0068,0.6474
DIAMONDS KING SPADES SEVEN,0.3598,0.0038,0.6364
HEARTS THREE SPADES SEVEN,0.601,0.0324,0.3666
SPADES KING DIAMONDS SEVEN,0.3636,0.0072,0.6292
HEARTS SIX HEARTS QUEEN,0.3376,0.0134,0.649
SPADES QUEEN DIAMONDS SEVEN,0.3608,0.0132,0.626
HEARTS THREE SPADES SIX,0.585,0.0332,0.3818
DIAMONDS KING SPADES SIX,0.3552,0.0082,0.6366
DIAMONDS KING SPADES NINE,0.344,0.005,0.651
HEARTS THREE SPADES NINE,0.6212,0.0312,0.3476
HEARTS SIX HEARTS ACE,0.3492,0.0034,0.6474
DIAMONDS KING SPADES EIGHT,0.3702,0.0068,0.623
HEARTS THREE SPADES EIGHT,0.6132,0.0324,0.3544
SPADES ACE DIAMONDS SEVEN,0.3518,0.0052,0.643
