opposingHand,winningChance,drawChance,lostChance
CLUBS ACE HEARTS TEN
HEARTS FIVE SPADES TEN,0.7492,0.0274,0.2234
SPADES JACK HEARTS FIVE,0.6412,0.0042,0.3546
SPADES FIVE CLUBS JACK,0.6556,0.0038,0.3406
CLUBS TEN SPADES FIVE,0.7542,0.0236,0.2222
CLUBS EIGHT CLUBS JACK,0.6098,0.0026,0.3876
CLUBS TEN CLUBS EIGHT,0.6712,0.0264,0.3024
CLUBS EIGHT CLUBS KING,0.628,0.0044,0.3676
CLUBS EIGHT CLUBS QUEEN,0.606,0.0034,0.3906
SPADES FIVE CLUBS KING,0.652,0.0044,0.3436
SPADES FIVE CLUBS QUEEN,0.6588,0.0032,0.338
DIAMONDS TWO DIAMONDS THREE,0.612,0.005,0.383
DIAMONDS TWO DIAMONDS FIVE,0.6086,0.0046,0.3868
SPADES KING HEARTS FIVE,0.6462,0.0038,0.35
DIAMONDS TWO DIAMONDS FOUR,0.6024,0.006,0.3916
SPADES QUEEN HEARTS FIVE,0.6464,0.0026,0.351
DIAMONDS TWO DIAMONDS SEVEN,0.6234,0.0044,0.3722
DIAMONDS TWO DIAMONDS SIX,0.616,0.0044,0.3796
SPADES ACE HEARTS FIVE,0.653,0.1122,0.2348
DIAMONDS TWO DIAMONDS NINE,0.6318,0.004,0.3642
DIAMONDS TWO DIAMONDS EIGHT,0.6374,0.0042,0.3584
DIAMONDS THREE DIAMONDS FOUR,0.5928,0.0042,0.403
CLUBS TWO SPADES FOUR,0.6536,0.0038,0.3426
DIAMONDS THREE DIAMONDS FIVE,0.5876,0.004,0.4084
SPADES FIVE CLUBS TWO,0.6624,0.0058,0.3318
CLUBS TWO SPADES TWO,0.479,0.0056,0.5154
CLUBS TWO SPADES THREE,0.6616,0.0028,0.3356
DIAMONDS THREE DIAMONDS EIGHT,0.6398,0.004,0.3562
SPADES EIGHT CLUBS TWO,0.6758,0.0042,0.32
DIAMONDS THREE DIAMONDS NINE,0.6202,0.0038,0.376
SPADES NINE CLUBS TWO,0.684,0.0056,0.3104
DIAMONDS THREE DIAMONDS SIX,0.5984,0.0042,0.3974
SPADES SIX CLUBS TWO,0.6706,0.0056,0.3238
DIAMONDS THREE DIAMONDS SEVEN,0.6234,0.0046,0.372
SPADES SEVEN CLUBS TWO,0.6726,0.0052,0.3222
CLUBS SIX CLUBS TWO,0.6262,0.0052,0.3686
CLUBS SEVEN CLUBS TWO,0.6448,0.0048,0.3504
CLUBS FOUR CLUBS TWO,0.6166,0.0058,0.3776
CLUBS FIVE CLUBS TWO,0.6204,0.0042,0.3754
CLUBS TEN CLUBS JACK,0.6838,0.0188,0.2974
DIAMONDS FOUR DIAMONDS SIX,0.6044,0.0046,0.391
CLUBS TEN CLUBS QUEEN,0.6944,0.0208,0.2848
DIAMONDS FOUR DIAMONDS SEVEN,0.6152,0.0028,0.382
CLUBS TEN CLUBS KING,0.7178,0.0152,0.267
CLUBS EIGHT CLUBS TWO,0.6476,0.0038,0.3486
DIAMONDS FIVE DIAMONDS FOUR,0.5906,0.0034,0.406
CLUBS NINE CLUBS TWO,0.6566,0.004,0.3394
DIAMONDS NINE DIAMONDS FOUR,0.634,0.0026,0.3634
DIAMONDS EIGHT DIAMONDS FOUR,0.6212,0.0018,0.377
CLUBS THREE CLUBS TWO,0.6258,0.0058,0.3684
DIAMONDS NINE DIAMONDS FIVE,0.6192,0.0048,0.376
DIAMONDS TWO CLUBS JACK,0.6502,0.0044,0.3454
DIAMONDS EIGHT DIAMONDS FIVE,0.614,0.004,0.382
CLUBS TEN DIAMONDS TWO,0.7572,0.027,0.2158
DIAMONDS FIVE DIAMONDS SEVEN,0.5932,0.004,0.4028
DIAMONDS FIVE DIAMONDS SIX,0.5974,0.0034,0.3992
DIAMONDS TWO CLUBS KING,0.655,0.0054,0.3396
DIAMONDS TWO CLUBS QUEEN,0.6702,0.0056,0.3242
DIAMONDS EIGHT DIAMONDS SIX,0.604,0.0054,0.3906
DIAMONDS NINE DIAMONDS SIX,0.6202,0.0026,0.3772
HEARTS ACE SPADES THREE,0.625,0.1242,0.2508
SPADES THREE HEARTS KING,0.6414,0.005,0.3536
DIAMONDS SEVEN DIAMONDS SIX,0.5894,0.0054,0.4052
HEARTS QUEEN SPADES THREE,0.6404,0.005,0.3546
SPADES THREE HEARTS JACK,0.6494,0.0042,0.3464
DIAMONDS EIGHT DIAMONDS SEVEN,0.5852,0.0036,0.4112
DIAMONDS NINE DIAMONDS SEVEN,0.5974,0.0036,0.399
DIAMONDS NINE DIAMONDS EIGHT,0.58,0.0036,0.4164
SPADES JACK CLUBS SIX,0.65,0.0046,0.3454
DIAMONDS KING HEARTS JACK,0.5944,0.0046,0.401
HEARTS THREE HEARTS JACK,0.6092,0.0066,0.3842
SPADES TEN CLUBS SIX,0.7324,0.023,0.2446
SPADES JACK SPADES FIVE,0.5976,0.0036,0.3988
SPADES TEN SPADES FIVE,0.7042,0.0236,0.2722
DIAMONDS KING HEARTS ACE,0.2452,0.043,0.7118
HEARTS THREE HEARTS ACE,0.6052,0.1176,0.2772
SPADES ACE CLUBS SIX,0.655,0.1186,0.2264
DIAMONDS KING HEARTS QUEEN,0.5974,0.0052,0.3974
HEARTS THREE HEARTS QUEEN,0.6136,0.007,0.3794
SPADES KING CLUBS SIX,0.6494,0.0052,0.3454
DIAMONDS KING HEARTS KING,0.295,0.004,0.701
HEARTS THREE HEARTS KING,0.622,0.0042,0.3738
SPADES QUEEN CLUBS SIX,0.6466,0.004,0.3494
SPADES NINE HEARTS JACK,0.605,0.0044,0.3906
SPADES QUEEN SPADES FIVE,0.5944,0.0054,0.4002
SPADES KING SPADES FIVE,0.6128,0.0054,0.3818
SPADES ACE SPADES FIVE,0.598,0.1098,0.2922
SPADES NINE HEARTS QUEEN,0.628,0.0042,0.3678
SPADES NINE HEARTS KING,0.6398,0.0054,0.3548
SPADES NINE HEARTS ACE,0.647,0.1182,0.2348
CLUBS TEN SPADES JACK,0.7052,0.0176,0.2772
CLUBS TEN SPADES TEN,0.3208,0.022,0.6572
SPADES ACE CLUBS TEN,0.0168,0.9738,0.0094
SPADES KING CLUBS TEN,0.735,0.0198,0.2452
CLUBS TEN SPADES QUEEN,0.715,0.0204,0.2646
SPADES FIVE HEARTS QUEEN,0.6376,0.005,0.3574
SPADES FIVE HEARTS KING,0.6466,0.0036,0.3498
HEARTS ACE SPADES FIVE,0.6314,0.1248,0.2438
CLUBS EIGHT SPADES TEN,0.7074,0.0248,0.2678
HEARTS THREE SPADES JACK,0.6408,0.0038,0.3554
SPADES JACK DIAMONDS KING,0.5958,0.0036,0.4006
SPADES TEN DIAMONDS KING,0.7248,0.0202,0.255
HEARTS THREE SPADES TEN,0.7548,0.022,0.2232
SPADES JACK CLUBS EIGHT,0.6334,0.0036,0.363
CLUBS SIX HEARTS ACE,0.644,0.1202,0.2358
SPADES ACE CLUBS EIGHT,0.6572,0.1252,0.2176
HEARTS FIVE CLUBS JACK,0.6646,0.0046,0.3308
CLUBS TEN HEARTS FIVE,0.7656,0.0254,0.209
CLUBS SIX HEARTS QUEEN,0.6486,0.004,0.3474
SPADES QUEEN CLUBS EIGHT,0.6474,0.0024,0.3502
CLUBS TEN SPADES THREE,0.7478,0.0218,0.2304
CLUBS SIX HEARTS KING,0.6454,0.004,0.3506
SPADES KING CLUBS EIGHT,0.6466,0.0032,0.3502
SPADES THREE CLUBS JACK,0.6534,0.0056,0.341
DIAMONDS TWO HEARTS JACK,0.663,0.004,0.333
SPADES THREE CLUBS QUEEN,0.6624,0.0058,0.3318
SPADES THREE CLUBS KING,0.653,0.0038,0.3432
HEARTS FIVE CLUBS KING,0.6644,0.0046,0.331
SPADES FIVE HEARTS JACK,0.6406,0.0054,0.354
HEARTS FIVE CLUBS QUEEN,0.6576,0.0032,0.3392
HEARTS THREE CLUBS KING,0.6608,0.0058,0.3334
DIAMONDS KING CLUBS KING,0.2946,0.0042,0.7012
HEARTS THREE CLUBS QUEEN,0.6504,0.0054,0.3442
DIAMONDS KING CLUBS QUEEN,0.6052,0.0052,0.3896
HEARTS FIVE HEARTS JACK,0.6146,0.0054,0.38
SPADES ACE CLUBS QUEEN,0.2522,0.0662,0.6816
SPADES KING CLUBS QUEEN,0.5872,0.0052,0.4076
HEARTS THREE CLUBS JACK,0.6568,0.0052,0.338
DIAMONDS KING CLUBS JACK,0.6122,0.003,0.3848
SPADES QUEEN CLUBS QUEEN,0.3024,0.0038,0.6938
CLUBS TEN HEARTS THREE,0.7542,0.024,0.2218
CLUBS TEN DIAMONDS KING,0.748,0.019,0.233
SPADES JACK CLUBS QUEEN,0.5928,0.0052,0.402
CLUBS SIX CLUBS QUEEN,0.6072,0.0056,0.3872
SPADES TEN CLUBS QUEEN,0.7218,0.0184,0.2598
CLUBS SIX CLUBS KING,0.6098,0.0054,0.3848
HEARTS FIVE HEARTS KING,0.6098,0.0052,0.385
HEARTS FIVE HEARTS QUEEN,0.6144,0.0038,0.3818
CLUBS TEN CLUBS SIX,0.7032,0.0212,0.2756
HEARTS FIVE HEARTS ACE,0.6086,0.117,0.2744
CLUBS SIX CLUBS JACK,0.6226,0.0054,0.372
SPADES SEVEN HEARTS JACK,0.6324,0.0042,0.3634
DIAMONDS TWO CLUBS TWO,0.4778,0.0068,0.5154
DIAMONDS TWO CLUBS THREE,0.663,0.0054,0.3316
HEARTS SIX DIAMONDS TWO,0.6632,0.0056,0.3312
DIAMONDS TWO HEARTS QUEEN,0.6608,0.0054,0.3338
DIAMONDS TWO HEARTS SEVEN,0.6868,0.0038,0.3094
DIAMONDS TWO HEARTS KING,0.6546,0.0044,0.341
DIAMONDS TWO HEARTS EIGHT,0.6818,0.0044,0.3138
DIAMONDS TWO HEARTS ACE,0.6382,0.1178,0.244
DIAMONDS TWO HEARTS NINE,0.6708,0.0028,0.3264
DIAMONDS TWO DIAMONDS QUEEN,0.6064,0.0038,0.3898
DIAMONDS TWO HEARTS TWO,0.4904,0.006,0.5036
DIAMONDS TWO DIAMONDS KING,0.6142,0.0044,0.3814
HEARTS THREE DIAMONDS TWO,0.6666,0.005,0.3284
DIAMONDS TWO DIAMONDS ACE,0.6062,0.1052,0.2886
HEARTS FOUR DIAMONDS TWO,0.6532,0.006,0.3408
DIAMONDS TWO HEARTS FIVE,0.6626,0.0052,0.3322
SPADES SEVEN HEARTS ACE,0.6266,0.1272,0.2462
DIAMONDS TWO DIAMONDS TEN,0.7078,0.0204,0.2718
SPADES SEVEN HEARTS KING,0.645,0.0034,0.3516
DIAMONDS TWO DIAMONDS JACK,0.61,0.0044,0.3856
SPADES SEVEN HEARTS QUEEN,0.6442,0.0028,0.353
DIAMONDS TWO SPADES NINE,0.6778,0.0036,0.3186
DIAMONDS TWO SPADES EIGHT,0.6752,0.0034,0.3214
DIAMONDS TWO SPADES SEVEN,0.6694,0.005,0.3256
DIAMONDS TWO SPADES SIX,0.6626,0.0042,0.3332
DIAMONDS TWO SPADES FIVE,0.6568,0.0052,0.338
DIAMONDS TWO SPADES FOUR,0.652,0.0032,0.3448
DIAMONDS TWO SPADES THREE,0.663,0.0038,0.3332
DIAMONDS TWO SPADES TWO,0.479,0.0052,0.5158
CLUBS NINE DIAMONDS TWO,0.6896,0.0034,0.307
DIAMONDS TWO CLUBS EIGHT,0.6886,0.004,0.3074
CLUBS SEVEN DIAMONDS TWO,0.6784,0.0046,0.317
DIAMONDS TWO CLUBS SIX,0.6598,0.0048,0.3354
DIAMONDS TWO CLUBS FIVE,0.6516,0.0046,0.3438
DIAMONDS TWO CLUBS FOUR,0.6582,0.0072,0.3346
CLUBS FOUR SPADES FIVE,0.6464,0.0066,0.347
CLUBS FOUR SPADES FOUR,0.4806,0.0042,0.5152
CLUBS FOUR SPADES THREE,0.6426,0.0056,0.3518
CLUBS FOUR SPADES TWO,0.6576,0.0048,0.3376
SPADES NINE CLUBS FOUR,0.6794,0.0044,0.3162
SPADES EIGHT CLUBS FOUR,0.6668,0.0032,0.33
SPADES SEVEN CLUBS FOUR,0.6588,0.0028,0.3384
CLUBS FOUR SPADES SIX,0.6322,0.0044,0.3634
SPADES ACE DIAMONDS SIX,0.662,0.1158,0.2222
SPADES QUEEN DIAMONDS SIX,0.6448,0.0034,0.3518
SPADES KING DIAMONDS SIX,0.6506,0.0038,0.3456
SPADES TEN DIAMONDS SIX,0.7394,0.0234,0.2372
SPADES JACK DIAMONDS SIX,0.6498,0.0038,0.3464
SPADES QUEEN SPADES TWO,0.6014,0.0042,0.3944
SPADES KING SPADES TWO,0.619,0.0046,0.3764
SPADES ACE SPADES TWO,0.6002,0.1158,0.284
DIAMONDS JACK CLUBS JACK,0.3026,0.0028,0.6946
CLUBS TEN DIAMONDS JACK,0.6968,0.0172,0.286
DIAMONDS JACK CLUBS KING,0.596,0.003,0.401
DIAMONDS JACK CLUBS QUEEN,0.5866,0.0056,0.4078
DIAMONDS THREE DIAMONDS JACK,0.615,0.0038,0.3812
DIAMONDS THREE DIAMONDS TEN,0.7012,0.025,0.2738
DIAMONDS THREE DIAMONDS KING,0.6094,0.004,0.3866
HEARTS THREE DIAMONDS THREE,0.477,0.005,0.518
DIAMONDS THREE DIAMONDS QUEEN,0.6086,0.0048,0.3866
DIAMONDS THREE HEARTS TWO,0.656,0.0044,0.3396
HEARTS FIVE DIAMONDS THREE,0.653,0.0054,0.3416
DIAMONDS THREE DIAMONDS ACE,0.5958,0.1052,0.299
HEARTS FOUR DIAMONDS THREE,0.6424,0.0034,0.3542
DIAMONDS THREE HEARTS SEVEN,0.666,0.003,0.331
SPADES TEN SPADES NINE,0.6736,0.0192,0.3072
HEARTS SIX DIAMONDS THREE,0.6638,0.004,0.3322
SPADES JACK SPADES NINE,0.5866,0.0042,0.4092
DIAMONDS THREE HEARTS NINE,0.6818,0.0056,0.3126
HEARTS JACK DIAMONDS FOUR,0.6604,0.0032,0.3364
HEARTS ACE HEARTS KING,0.251,0.049,0.7
SPADES TEN SPADES TWO,0.71,0.0234,0.2666
DIAMONDS THREE HEARTS EIGHT,0.685,0.0032,0.3118
SPADES JACK SPADES TWO,0.602,0.0046,0.3934
HEARTS QUEEN DIAMONDS FOUR,0.6432,0.0052,0.3516
HEARTS KING DIAMONDS FOUR,0.6492,0.005,0.3458
SPADES ACE SPADES NINE,0.6294,0.1028,0.2678
HEARTS ACE DIAMONDS FOUR,0.6234,0.1186,0.258
SPADES KING SPADES NINE,0.5974,0.0042,0.3984
SPADES QUEEN SPADES NINE,0.5952,0.004,0.4008
DIAMONDS THREE SPADES NINE,0.6834,0.0038,0.3128
DIAMONDS THREE SPADES EIGHT,0.6782,0.0054,0.3164
DIAMONDS THREE SPADES SEVEN,0.661,0.0044,0.3346
DIAMONDS THREE SPADES SIX,0.6496,0.0026,0.3478
DIAMONDS THREE CLUBS SIX,0.6628,0.004,0.3332
CLUBS FIVE CLUBS SIX,0.6052,0.007,0.3878
CLUBS SEVEN DIAMONDS THREE,0.6658,0.0046,0.3296
CLUBS SEVEN CLUBS FIVE,0.6276,0.0044,0.368
DIAMONDS THREE CLUBS FOUR,0.6476,0.0056,0.3468
DIAMONDS FOUR CLUBS QUEEN,0.6516,0.0048,0.3436
DIAMONDS THREE CLUBS FIVE,0.642,0.0056,0.3524
CLUBS KING DIAMONDS FOUR,0.6474,0.005,0.3476
DIAMONDS THREE CLUBS TWO,0.6604,0.0056,0.334
CLUBS TEN DIAMONDS FOUR,0.7546,0.0256,0.2198
DIAMONDS THREE CLUBS THREE,0.476,0.0044,0.5196
DIAMONDS FOUR CLUBS JACK,0.6546,0.005,0.3404
DIAMONDS THREE SPADES FOUR,0.6428,0.0042,0.353
DIAMONDS THREE SPADES FIVE,0.6318,0.0036,0.3646
DIAMONDS THREE SPADES TWO,0.6558,0.0038,0.3404
DIAMONDS THREE SPADES THREE,0.4722,0.0042,0.5236
CLUBS EIGHT DIAMONDS THREE,0.6836,0.0034,0.313
CLUBS NINE DIAMONDS THREE,0.672,0.0048,0.3232
SPADES SEVEN CLUBS QUEEN,0.6488,0.0054,0.3458
SPADES SEVEN CLUBS KING,0.645,0.0034,0.3516
CLUBS FIVE SPADES SEVEN,0.6542,0.004,0.3418
CLUBS TEN SPADES SEVEN,0.7248,0.0236,0.2516
CLUBS FIVE SPADES SIX,0.6328,0.0038,0.3634
SPADES SEVEN CLUBS JACK,0.6366,0.0046,0.3588
CLUBS FIVE SPADES NINE,0.6714,0.0034,0.3252
CLUBS FIVE SPADES EIGHT,0.6518,0.0028,0.3454
CLUBS FIVE SPADES THREE,0.6352,0.0056,0.3592
CLUBS FIVE SPADES TWO,0.6452,0.007,0.3478
CLUBS FIVE SPADES FIVE,0.4798,0.003,0.5172
CLUBS FIVE SPADES FOUR,0.6242,0.0042,0.3716
CLUBS NINE CLUBS FIVE,0.6274,0.0062,0.3664
CLUBS EIGHT CLUBS FIVE,0.6124,0.0044,0.3832
CLUBS KING CLUBS QUEEN,0.578,0.0062,0.4158
DIAMONDS TEN DIAMONDS FOUR,0.7014,0.0266,0.272
CLUBS TEN DIAMONDS NINE,0.7098,0.0228,0.2674
DIAMONDS JACK DIAMONDS FOUR,0.6014,0.0042,0.3944
DIAMONDS NINE CLUBS JACK,0.6238,0.0036,0.3726
SPADES NINE CLUBS JACK,0.6286,0.0048,0.3666
CLUBS TEN SPADES NINE,0.7162,0.0222,0.2616
DIAMONDS ACE DIAMONDS FOUR,0.5844,0.119,0.2966
HEARTS FOUR DIAMONDS FOUR,0.4794,0.0044,0.5162
SPADES NINE CLUBS KING,0.6428,0.004,0.3532
DIAMONDS TWO SPADES TEN,0.7436,0.0214,0.235
HEARTS FIVE DIAMONDS FOUR,0.6318,0.0038,0.3644
DIAMONDS JACK HEARTS JACK,0.2934,0.0032,0.7034
SPADES NINE CLUBS QUEEN,0.6434,0.0024,0.3542
DIAMONDS TWO SPADES JACK,0.6594,0.0034,0.3372
DIAMONDS QUEEN DIAMONDS FOUR,0.6022,0.0066,0.3912
HEARTS TWO DIAMONDS FOUR,0.6598,0.0044,0.3358
DIAMONDS NINE CLUBS QUEEN,0.6208,0.0042,0.375
DIAMONDS KING DIAMONDS FOUR,0.6076,0.0052,0.3872
HEARTS THREE DIAMONDS FOUR,0.6336,0.0068,0.3596
DIAMONDS NINE CLUBS KING,0.6512,0.0042,0.3446
HEARTS ACE DIAMONDS JACK,0.2282,0.0922,0.6796
SPADES ACE DIAMONDS TWO,0.6424,0.1164,0.2412
HEARTS QUEEN DIAMONDS JACK,0.5866,0.0038,0.4096
SPADES QUEEN DIAMONDS TWO,0.6624,0.005,0.3326
DIAMONDS JACK HEARTS KING,0.5818,0.0046,0.4136
SPADES KING DIAMONDS TWO,0.6524,0.0036,0.344
SPADES JACK SPADES SEVEN,0.5958,0.0044,0.3998
SPADES TEN SPADES SEVEN,0.6662,0.0218,0.312
CLUBS SEVEN CLUBS THREE,0.6286,0.0038,0.3676
CLUBS SIX CLUBS THREE,0.6346,0.0046,0.3608
CLUBS FIVE CLUBS THREE,0.606,0.0064,0.3876
CLUBS THREE CLUBS FOUR,0.6198,0.0058,0.3744
CLUBS NINE CLUBS THREE,0.6484,0.005,0.3466
CLUBS EIGHT CLUBS THREE,0.644,0.0052,0.3508
CLUBS THREE SPADES FIVE,0.648,0.003,0.349
CLUBS THREE SPADES FOUR,0.6438,0.0052,0.351
CLUBS THREE SPADES THREE,0.4866,0.0052,0.5082
CLUBS THREE SPADES TWO,0.6558,0.0046,0.3396
CLUBS THREE SPADES SIX,0.6574,0.0046,0.338
CLUBS THREE SPADES SEVEN,0.6558,0.005,0.3392
SPADES EIGHT CLUBS THREE,0.6664,0.003,0.3306
SPADES NINE CLUBS THREE,0.6758,0.003,0.3212
SPADES TWO DIAMONDS FOUR,0.6484,0.0042,0.3474
SPADES THREE DIAMONDS FOUR,0.628,0.0048,0.3672
SPADES FOUR DIAMONDS FOUR,0.4724,0.0042,0.5234
SPADES FIVE DIAMONDS FOUR,0.6364,0.005,0.3586
SPADES SIX DIAMONDS FOUR,0.6412,0.0042,0.3546
SPADES SEVEN DIAMONDS FOUR,0.6372,0.0024,0.3604
SPADES EIGHT DIAMONDS FOUR,0.6688,0.003,0.3282
SPADES NINE DIAMONDS FOUR,0.677,0.002,0.321
CLUBS FIVE DIAMONDS FOUR,0.6276,0.0058,0.3666
CLUBS FOUR DIAMONDS FOUR,0.4772,0.0036,0.5192
CLUBS SEVEN DIAMONDS FOUR,0.6546,0.0058,0.3396
CLUBS SIX DIAMONDS FOUR,0.6352,0.0048,0.36
CLUBS NINE DIAMONDS FOUR,0.6692,0.0048,0.326
CLUBS EIGHT DIAMONDS FOUR,0.667,0.0036,0.3294
DIAMONDS FOUR HEARTS SEVEN,0.6504,0.0046,0.345
HEARTS SIX DIAMONDS FOUR,0.6428,0.0036,0.3536
HEARTS NINE DIAMONDS FOUR,0.6818,0.0032,0.315
DIAMONDS FOUR HEARTS EIGHT,0.6708,0.0052,0.324
CLUBS THREE DIAMONDS FOUR,0.641,0.0042,0.3548
CLUBS TWO DIAMONDS FOUR,0.6498,0.0044,0.3458
DIAMONDS TEN DIAMONDS FIVE,0.7096,0.0224,0.268
DIAMONDS JACK DIAMONDS FIVE,0.5946,0.0034,0.402
DIAMONDS NINE HEARTS QUEEN,0.6262,0.0022,0.3716
DIAMONDS NINE HEARTS KING,0.6486,0.0028,0.3486
HEARTS ACE DIAMONDS NINE,0.6428,0.1248,0.2324
DIAMONDS NINE HEARTS JACK,0.6174,0.0044,0.3782
CLUBS KING DIAMONDS SIX,0.6504,0.0028,0.3468
CLUBS QUEEN DIAMONDS SIX,0.6426,0.0032,0.3542
SPADES KING DIAMONDS FOUR,0.652,0.0048,0.3432
SPADES ACE SPADES SEVEN,0.6076,0.108,0.2844
SPADES QUEEN DIAMONDS FOUR,0.6526,0.0044,0.343
SPADES QUEEN SPADES SEVEN,0.6112,0.0028,0.386
CLUBS JACK DIAMONDS SIX,0.6514,0.0038,0.3448
SPADES KING SPADES SEVEN,0.6064,0.0042,0.3894
SPADES ACE DIAMONDS FOUR,0.6312,0.1162,0.2526
CLUBS TEN DIAMONDS SIX,0.738,0.0252,0.2368
CLUBS NINE CLUBS FOUR,0.6556,0.0056,0.3388
CLUBS EIGHT CLUBS FOUR,0.651,0.006,0.343
SPADES JACK DIAMONDS FOUR,0.6416,0.0034,0.355
SPADES TEN DIAMONDS FOUR,0.7492,0.024,0.2268
CLUBS FIVE CLUBS FOUR,0.6094,0.0058,0.3848
CLUBS SEVEN CLUBS FOUR,0.613,0.0074,0.3796
CLUBS SIX CLUBS FOUR,0.6136,0.0046,0.3818
CLUBS SEVEN SPADES EIGHT,0.6252,0.0036,0.3712
CLUBS SEVEN SPADES NINE,0.644,0.0026,0.3534
CLUBS SEVEN SPADES SIX,0.6376,0.0032,0.3592
CLUBS SEVEN SPADES SEVEN,0.4648,0.0032,0.532
CLUBS SEVEN SPADES FIVE,0.6434,0.0036,0.353
CLUBS SEVEN SPADES FOUR,0.6538,0.006,0.3402
CLUBS SEVEN SPADES THREE,0.6686,0.0038,0.3276
CLUBS SEVEN SPADES TWO,0.6776,0.004,0.3184
CLUBS NINE CLUBS SEVEN,0.6198,0.0038,0.3764
CLUBS SEVEN CLUBS EIGHT,0.5926,0.0052,0.4022
HEARTS SIX DIAMONDS FIVE,0.6398,0.0036,0.3566
DIAMONDS FIVE HEARTS SEVEN,0.6412,0.0054,0.3534
DIAMONDS FIVE HEARTS EIGHT,0.6496,0.0056,0.3448
HEARTS NINE DIAMONDS FIVE,0.658,0.004,0.338
DIAMONDS QUEEN DIAMONDS FIVE,0.6142,0.004,0.3818
HEARTS TWO DIAMONDS FIVE,0.646,0.0044,0.3496
HEARTS KING HEARTS EIGHT,0.619,0.0044,0.3766
DIAMONDS KING DIAMONDS FIVE,0.5922,0.0038,0.404
HEARTS THREE DIAMONDS FIVE,0.6304,0.0046,0.365
HEARTS QUEEN HEARTS EIGHT,0.6116,0.0028,0.3856
DIAMONDS ACE DIAMONDS FIVE,0.5758,0.1134,0.3108
HEARTS FOUR DIAMONDS FIVE,0.6236,0.0056,0.3708
HEARTS FIVE DIAMONDS FIVE,0.4902,0.0046,0.5052
HEARTS ACE HEARTS EIGHT,0.6156,0.1172,0.2672
CLUBS FOUR DIAMONDS FIVE,0.6252,0.0044,0.3704
CLUBS FIVE DIAMONDS FIVE,0.4794,0.0044,0.5162
CLUBS SIX DIAMONDS FIVE,0.6166,0.0056,0.3778
CLUBS SEVEN DIAMONDS FIVE,0.6352,0.0046,0.3602
CLUBS TWO DIAMONDS FIVE,0.6492,0.0044,0.3464
CLUBS THREE DIAMONDS FIVE,0.6372,0.0046,0.3582
SPADES THREE DIAMONDS FIVE,0.6322,0.0046,0.3632
SPADES TWO DIAMONDS FIVE,0.6486,0.0044,0.347
SPADES JACK DIAMONDS EIGHT,0.6278,0.0028,0.3694
SPADES FIVE DIAMONDS FIVE,0.4652,0.0032,0.5316
CLUBS TEN HEARTS JACK,0.7122,0.016,0.2718
SPADES TEN DIAMONDS EIGHT,0.7034,0.02,0.2766
SPADES FOUR DIAMONDS FIVE,0.6322,0.003,0.3648
HEARTS JACK CLUBS JACK,0.2982,0.0044,0.6974
HEARTS JACK CLUBS QUEEN,0.5894,0.0056,0.405
CLUBS NINE DIAMONDS FIVE,0.6698,0.0038,0.3264
CLUBS KING HEARTS JACK,0.5914,0.0038,0.4048
CLUBS EIGHT DIAMONDS FIVE,0.662,0.0048,0.3332
SPADES SEVEN DIAMONDS FIVE,0.6398,0.0024,0.3578
SPADES KING DIAMONDS EIGHT,0.6284,0.0022,0.3694
SPADES QUEEN DIAMONDS EIGHT,0.6352,0.002,0.3628
SPADES SIX DIAMONDS FIVE,0.6268,0.004,0.3692
SPADES NINE DIAMONDS FIVE,0.6508,0.0036,0.3456
SPADES EIGHT DIAMONDS FIVE,0.6656,0.0044,0.33
SPADES ACE DIAMONDS EIGHT,0.6486,0.1188,0.2326
DIAMONDS TEN DIAMONDS SIX,0.6826,0.0236,0.2938
HEARTS ACE DIAMONDS SEVEN,0.638,0.1248,0.2372
DIAMONDS JACK DIAMONDS SIX,0.6104,0.0048,0.3848
HEARTS QUEEN DIAMONDS SEVEN,0.658,0.0034,0.3386
HEARTS KING DIAMONDS SEVEN,0.6542,0.0018,0.344
DIAMONDS ACE DIAMONDS SIX,0.6096,0.1038,0.2866
HEARTS FOUR DIAMONDS SIX,0.6412,0.0028,0.356
SPADES TWO HEARTS JACK,0.6476,0.0048,0.3476
HEARTS FIVE DIAMONDS SIX,0.6398,0.0038,0.3564
DIAMONDS QUEEN DIAMONDS SIX,0.597,0.0038,0.3992
HEARTS TWO DIAMONDS SIX,0.6768,0.0054,0.3178
DIAMONDS KING DIAMONDS SIX,0.606,0.0026,0.3914
HEARTS THREE DIAMONDS SIX,0.6606,0.0038,0.3356
HEARTS EIGHT DIAMONDS SIX,0.6336,0.004,0.3624
HEARTS NINE DIAMONDS SIX,0.664,0.0022,0.3338
HEARTS SIX DIAMONDS SIX,0.471,0.004,0.525
HEARTS SEVEN DIAMONDS SIX,0.647,0.0034,0.3496
CLUBS TWO DIAMONDS SIX,0.6694,0.0048,0.3258
HEARTS JACK DIAMONDS SEVEN,0.6378,0.0034,0.3588
CLUBS THREE DIAMONDS SIX,0.6624,0.004,0.3336
CLUBS SEVEN DIAMONDS SIX,0.63,0.0042,0.3658
DIAMONDS EIGHT CLUBS JACK,0.6316,0.0054,0.363
CLUBS SIX DIAMONDS SIX,0.481,0.0032,0.5158
CLUBS TEN DIAMONDS EIGHT,0.7072,0.0214,0.2714
CLUBS FIVE DIAMONDS SIX,0.635,0.0046,0.3604
CLUBS FOUR DIAMONDS SIX,0.6482,0.004,0.3478
HEARTS ACE HEARTS JACK,0.231,0.0866,0.6824
HEARTS QUEEN HEARTS JACK,0.5516,0.0038,0.4446
DIAMONDS EIGHT CLUBS KING,0.658,0.0054,0.3366
CLUBS NINE DIAMONDS SIX,0.648,0.003,0.349
HEARTS KING HEARTS JACK,0.5678,0.0054,0.4268
DIAMONDS EIGHT CLUBS QUEEN,0.6392,0.0054,0.3554
CLUBS EIGHT DIAMONDS SIX,0.647,0.0034,0.3496
SPADES TEN HEARTS KING,0.7186,0.0196,0.2618
SPADES FIVE DIAMONDS SIX,0.6306,0.0026,0.3668
HEARTS ACE SPADES TWO,0.6374,0.1188,0.2438
SPADES JACK HEARTS KING,0.588,0.0058,0.4062
SPADES FOUR DIAMONDS SIX,0.6424,0.004,0.3536
SPADES THREE DIAMONDS SIX,0.651,0.0032,0.3458
HEARTS QUEEN SPADES TWO,0.6592,0.0048,0.336
SPADES ACE SPADES KING,0.2346,0.0422,0.7232
HEARTS KING SPADES TWO,0.661,0.004,0.335
SPADES TWO DIAMONDS SIX,0.6518,0.0052,0.343
SPADES NINE DIAMONDS SIX,0.6422,0.0036,0.3542
HEARTS JACK HEARTS EIGHT,0.5924,0.006,0.4016
SPADES EIGHT DIAMONDS SIX,0.6446,0.0038,0.3516
SPADES SEVEN DIAMONDS SIX,0.632,0.0026,0.3654
SPADES SIX DIAMONDS SIX,0.491,0.0028,0.5062
SPADES KING HEARTS KING,0.2752,0.0052,0.7196
SPADES QUEEN HEARTS KING,0.6018,0.0046,0.3936
SPADES ACE HEARTS KING,0.243,0.0498,0.7072
SPADES ACE HEARTS JACK,0.2304,0.084,0.6856
SPADES QUEEN HEARTS JACK,0.5696,0.0038,0.4266
SPADES KING HEARTS JACK,0.596,0.0036,0.4004
SPADES TEN DIAMONDS TEN,0.3094,0.0214,0.6692
SPADES JACK DIAMONDS TEN,0.6968,0.0144,0.2888
SPADES ACE DIAMONDS TEN,0.0194,0.9592,0.0214
SPADES JACK HEARTS JACK,0.2974,0.003,0.6996
SPADES TEN HEARTS JACK,0.6998,0.0168,0.2834
SPADES QUEEN DIAMONDS TEN,0.715,0.0182,0.2668
SPADES KING DIAMONDS TEN,0.7162,0.0208,0.263
SPADES NINE DIAMONDS SEVEN,0.63,0.003,0.367
SPADES EIGHT DIAMONDS SEVEN,0.6228,0.0024,0.3748
SPADES SEVEN DIAMONDS SEVEN,0.4772,0.0026,0.5202
SPADES SIX DIAMONDS SEVEN,0.6136,0.003,0.3834
DIAMONDS KING DIAMONDS SEVEN,0.602,0.0052,0.3928
HEARTS THREE DIAMONDS SEVEN,0.6694,0.0058,0.3248
HEARTS KING DIAMONDS FIVE,0.6482,0.003,0.3488
DIAMONDS QUEEN DIAMONDS SEVEN,0.6102,0.0042,0.3856
HEARTS TWO DIAMONDS SEVEN,0.6834,0.0042,0.3124
HEARTS QUEEN DIAMONDS FIVE,0.6318,0.006,0.3622
HEARTS FIVE DIAMONDS SEVEN,0.633,0.0032,0.3638
DIAMONDS ACE DIAMONDS SEVEN,0.5966,0.1172,0.2862
HEARTS FOUR DIAMONDS SEVEN,0.6492,0.0046,0.3462
HEARTS ACE DIAMONDS FIVE,0.6192,0.1238,0.257
HEARTS SEVEN DIAMONDS SEVEN,0.466,0.0032,0.5308
HEARTS SIX DIAMONDS SEVEN,0.6434,0.004,0.3526
HEARTS NINE DIAMONDS SEVEN,0.6334,0.0036,0.363
DIAMONDS SEVEN HEARTS EIGHT,0.6362,0.0042,0.3596
DIAMONDS JACK DIAMONDS SEVEN,0.5826,0.0028,0.4146
DIAMONDS FIVE HEARTS JACK,0.6334,0.0046,0.362
DIAMONDS TEN DIAMONDS SEVEN,0.684,0.0202,0.2958
SPADES KING CLUBS TWO,0.648,0.0038,0.3482
HEARTS KING CLUBS KING,0.2836,0.0036,0.7128
CLUBS EIGHT DIAMONDS SEVEN,0.6314,0.0028,0.3658
SPADES QUEEN CLUBS TWO,0.668,0.0038,0.3282
HEARTS KING CLUBS QUEEN,0.5892,0.0046,0.4062
CLUBS NINE DIAMONDS SEVEN,0.6396,0.005,0.3554
SPADES TWO CLUBS JACK,0.6684,0.0048,0.3268
SPADES ACE CLUBS TWO,0.6448,0.1232,0.232
CLUBS TEN SPADES TWO,0.76,0.0282,0.2118
CLUBS SEVEN CLUBS SIX,0.5946,0.0058,0.3996
SPADES TWO CLUBS KING,0.6612,0.004,0.3348
SPADES TWO DIAMONDS SEVEN,0.6808,0.0036,0.3156
CLUBS EIGHT CLUBS SIX,0.6162,0.005,0.3788
SPADES THREE DIAMONDS SEVEN,0.6542,0.0036,0.3422
SPADES TWO CLUBS QUEEN,0.6606,0.005,0.3344
CLUBS NINE CLUBS SIX,0.6346,0.0038,0.3616
SPADES FOUR DIAMONDS SEVEN,0.6508,0.0036,0.3456
HEARTS KING CLUBS JACK,0.5958,0.0052,0.399
SPADES FIVE DIAMONDS SEVEN,0.6434,0.0026,0.354
CLUBS TEN HEARTS KING,0.7228,0.0252,0.252
CLUBS SIX SPADES TWO,0.6666,0.0038,0.3296
CLUBS SIX SPADES THREE,0.6674,0.0034,0.3292
CLUBS TWO DIAMONDS SEVEN,0.6892,0.0044,0.3064
CLUBS SIX SPADES FOUR,0.6488,0.0048,0.3464
CLUBS THREE DIAMONDS SEVEN,0.6706,0.0044,0.325
CLUBS SIX SPADES FIVE,0.619,0.0036,0.3774
CLUBS FOUR DIAMONDS SEVEN,0.6582,0.0034,0.3384
CLUBS SIX SPADES SIX,0.4814,0.0042,0.5144
CLUBS FIVE DIAMONDS SEVEN,0.6464,0.0044,0.3492
CLUBS SIX SPADES SEVEN,0.6364,0.0038,0.3598
CLUBS SIX DIAMONDS SEVEN,0.6418,0.0036,0.3546
CLUBS SIX SPADES EIGHT,0.6488,0.005,0.3462
SPADES JACK CLUBS TWO,0.6526,0.0024,0.345
CLUBS SEVEN DIAMONDS SEVEN,0.4628,0.0042,0.533
SPADES NINE CLUBS SIX,0.6706,0.0044,0.325
SPADES TEN CLUBS TWO,0.7654,0.0246,0.21
CLUBS TWO CLUBS QUEEN,0.616,0.006,0.378
CLUBS TWO CLUBS KING,0.6108,0.0052,0.384
CLUBS THREE DIAMONDS EIGHT,0.6892,0.0038,0.307
CLUBS TWO DIAMONDS EIGHT,0.6872,0.0056,0.3072
DIAMONDS EIGHT HEARTS SEVEN,0.6286,0.0062,0.3652
HEARTS SIX DIAMONDS EIGHT,0.6424,0.004,0.3536
DIAMONDS EIGHT HEARTS NINE,0.6268,0.004,0.3692
CLUBS TEN CLUBS TWO,0.7224,0.0244,0.2532
DIAMONDS EIGHT HEARTS EIGHT,0.4566,0.0042,0.5392
CLUBS TWO CLUBS JACK,0.627,0.005,0.368
CLUBS NINE DIAMONDS EIGHT,0.6364,0.003,0.3606
CLUBS EIGHT DIAMONDS EIGHT,0.449,0.0024,0.5486
CLUBS FIVE DIAMONDS EIGHT,0.6472,0.0048,0.348
SPADES ACE SPADES THREE,0.5924,0.1106,0.297
CLUBS FOUR DIAMONDS EIGHT,0.6686,0.0044,0.327
CLUBS SEVEN DIAMONDS EIGHT,0.626,0.0034,0.3706
SPADES QUEEN SPADES THREE,0.6126,0.0036,0.3838
CLUBS SIX DIAMONDS EIGHT,0.642,0.0052,0.3528
SPADES KING SPADES THREE,0.6098,0.0046,0.3856
DIAMONDS QUEEN DIAMONDS EIGHT,0.6084,0.0044,0.3872
HEARTS TWO DIAMONDS EIGHT,0.6772,0.0056,0.3172
DIAMONDS KING DIAMONDS EIGHT,0.6198,0.0034,0.3768
HEARTS THREE DIAMONDS EIGHT,0.6852,0.0062,0.3086
DIAMONDS ACE DIAMONDS EIGHT,0.6236,0.114,0.2624
HEARTS FOUR DIAMONDS EIGHT,0.6682,0.0052,0.3266
HEARTS FIVE DIAMONDS EIGHT,0.6552,0.0054,0.3394
DIAMONDS EIGHT DIAMONDS TEN,0.6594,0.02,0.3206
DIAMONDS EIGHT DIAMONDS JACK,0.5946,0.0042,0.4012
SPADES JACK SPADES THREE,0.6146,0.0058,0.3796
SPADES TEN SPADES THREE,0.7042,0.0268,0.269
CLUBS FOUR HEARTS ACE,0.6266,0.1252,0.2482
CLUBS FOUR HEARTS QUEEN,0.654,0.0066,0.3394
CLUBS FOUR HEARTS KING,0.6608,0.004,0.3352
CLUBS SIX HEARTS JACK,0.6548,0.004,0.3412
DIAMONDS EIGHT SPADES FOUR,0.6658,0.0036,0.3306
SPADES FIVE DIAMONDS EIGHT,0.6484,0.0036,0.348
DIAMONDS EIGHT SPADES TWO,0.6794,0.0026,0.318
DIAMONDS EIGHT SPADES THREE,0.67,0.0032,0.3268
CLUBS FOUR HEARTS JACK,0.6482,0.0044,0.3474
SPADES EIGHT DIAMONDS EIGHT,0.462,0.0032,0.5348
SPADES TEN DIAMONDS QUEEN,0.7184,0.0182,0.2634
SPADES TEN HEARTS TWO,0.764,0.0282,0.2078
SPADES JACK HEARTS EIGHT,0.6366,0.0034,0.36
SPADES NINE DIAMONDS EIGHT,0.6328,0.0026,0.3646
SPADES TEN HEARTS EIGHT,0.7146,0.0194,0.266
SPADES JACK HEARTS TWO,0.653,0.0038,0.3432
SPADES JACK DIAMONDS QUEEN,0.5714,0.003,0.4256
SPADES SIX DIAMONDS EIGHT,0.6386,0.003,0.3584
SPADES SEVEN DIAMONDS EIGHT,0.6246,0.0044,0.371
SPADES ACE HEARTS TWO,0.6552,0.1248,0.22
SPADES ACE DIAMONDS QUEEN,0.2518,0.0588,0.6894
SPADES ACE HEARTS EIGHT,0.6552,0.1192,0.2256
SPADES KING HEARTS EIGHT,0.6608,0.004,0.3352
SPADES QUEEN HEARTS TWO,0.6626,0.0034,0.334
SPADES QUEEN DIAMONDS QUEEN,0.303,0.0024,0.6946
SPADES KING DIAMONDS QUEEN,0.5992,0.004,0.3968
SPADES KING HEARTS TWO,0.6568,0.0036,0.3396
SPADES QUEEN HEARTS EIGHT,0.637,0.0034,0.3596
CLUBS TWO HEARTS JACK,0.659,0.0048,0.3362
SPADES SEVEN DIAMONDS NINE,0.6456,0.0028,0.3516
SPADES SIX DIAMONDS NINE,0.6638,0.0026,0.3336
SPADES NINE DIAMONDS NINE,0.4592,0.0024,0.5384
SPADES EIGHT DIAMONDS NINE,0.6282,0.0024,0.3694
SPADES TEN CLUBS KING,0.7394,0.0198,0.2408
DIAMONDS NINE SPADES THREE,0.6656,0.0038,0.3306
SPADES JACK CLUBS KING,0.598,0.003,0.399
DIAMONDS NINE SPADES TWO,0.6894,0.004,0.3066
DIAMONDS NINE SPADES FIVE,0.666,0.0026,0.3314
DIAMONDS NINE SPADES FOUR,0.667,0.0048,0.3282
CLUBS NINE DIAMONDS NINE,0.465,0.0034,0.5316
CLUBS EIGHT DIAMONDS NINE,0.6234,0.0038,0.3728
CLUBS SIX DIAMONDS NINE,0.647,0.0046,0.3484
SPADES JACK CLUBS FOUR,0.6496,0.0044,0.346
CLUBS SEVEN DIAMONDS NINE,0.653,0.0042,0.3428
SPADES TEN CLUBS FOUR,0.7536,0.0262,0.2202
CLUBS FOUR DIAMONDS NINE,0.6774,0.0042,0.3184
CLUBS FIVE DIAMONDS NINE,0.666,0.0056,0.3284
DIAMONDS NINE CLUBS TWO,0.6746,0.0044,0.321
CLUBS THREE DIAMONDS NINE,0.6698,0.0034,0.3268
DIAMONDS NINE HEARTS EIGHT,0.6336,0.004,0.3624
DIAMONDS NINE HEARTS NINE,0.4636,0.003,0.5334
HEARTS SIX DIAMONDS NINE,0.6526,0.0042,0.3432
DIAMONDS NINE HEARTS SEVEN,0.6544,0.002,0.3436
CLUBS NINE CLUBS EIGHT,0.6096,0.0028,0.3876
DIAMONDS ACE DIAMONDS NINE,0.6094,0.116,0.2746
HEARTS FOUR DIAMONDS NINE,0.6624,0.0056,0.332
HEARTS FIVE DIAMONDS NINE,0.659,0.0044,0.3366
HEARTS ACE CLUBS TWO,0.641,0.1202,0.2388
SPADES ACE CLUBS FOUR,0.6358,0.119,0.2452
DIAMONDS QUEEN DIAMONDS NINE,0.5918,0.0044,0.4038
HEARTS TWO DIAMONDS NINE,0.6776,0.0042,0.3182
CLUBS TWO HEARTS KING,0.647,0.0038,0.3492
SPADES KING CLUBS FOUR,0.6556,0.005,0.3394
DIAMONDS KING DIAMONDS NINE,0.5952,0.0056,0.3992
HEARTS THREE DIAMONDS NINE,0.6842,0.0054,0.3104
CLUBS TWO HEARTS QUEEN,0.6534,0.0066,0.34
SPADES QUEEN CLUBS FOUR,0.6528,0.0048,0.3424
DIAMONDS NINE DIAMONDS JACK,0.5826,0.002,0.4154
CLUBS EIGHT SPADES NINE,0.6416,0.0052,0.3532
DIAMONDS NINE DIAMONDS TEN,0.6766,0.0196,0.3038
CLUBS EIGHT SPADES EIGHT,0.4692,0.0032,0.5276
CLUBS EIGHT SPADES SEVEN,0.6182,0.004,0.3778
CLUBS EIGHT SPADES SIX,0.6434,0.0032,0.3534
CLUBS EIGHT SPADES FIVE,0.6512,0.0058,0.343
CLUBS EIGHT SPADES FOUR,0.6598,0.0052,0.335
CLUBS EIGHT SPADES THREE,0.6678,0.004,0.3282
CLUBS EIGHT SPADES TWO,0.6842,0.0034,0.3124
HEARTS SIX DIAMONDS TEN,0.7454,0.025,0.2296
DIAMONDS TEN HEARTS SEVEN,0.7242,0.0242,0.2516
DIAMONDS TEN HEARTS EIGHT,0.7022,0.0238,0.274
CLUBS FOUR CLUBS JACK,0.618,0.0042,0.3778
DIAMONDS TEN HEARTS NINE,0.7182,0.0226,0.2592
CLUBS TEN CLUBS FOUR,0.709,0.0246,0.2664
CLUBS FOUR CLUBS KING,0.621,0.0066,0.3724
CLUBS FOUR CLUBS QUEEN,0.6222,0.005,0.3728
CLUBS TWO DIAMONDS TEN,0.764,0.0234,0.2126
CLUBS THREE DIAMONDS TEN,0.7626,0.0236,0.2138
DIAMONDS JACK DIAMONDS TEN,0.6568,0.0158,0.3274
DIAMONDS QUEEN DIAMONDS TEN,0.6712,0.0164,0.3124
HEARTS TWO DIAMONDS TEN,0.75,0.0256,0.2244
DIAMONDS KING DIAMONDS TEN,0.6924,0.0178,0.2898
HEARTS THREE DIAMONDS TEN,0.7556,0.027,0.2174
DIAMONDS ACE DIAMONDS TEN,0.019,0.9044,0.0766
HEARTS FOUR DIAMONDS TEN,0.7534,0.0228,0.2238
CLUBS EIGHT HEARTS JACK,0.6382,0.0034,0.3584
HEARTS FIVE DIAMONDS TEN,0.7468,0.0254,0.2278
CLUBS EIGHT HEARTS QUEEN,0.6348,0.005,0.3602
CLUBS EIGHT HEARTS KING,0.6556,0.0056,0.3388
CLUBS EIGHT HEARTS ACE,0.641,0.1256,0.2334
CLUBS NINE SPADES THREE,0.691,0.0028,0.3062
CLUBS NINE SPADES TWO,0.6814,0.004,0.3146
CLUBS NINE SPADES FIVE,0.6796,0.0044,0.316
CLUBS NINE SPADES FOUR,0.6692,0.0046,0.3262
CLUBS NINE SPADES SEVEN,0.6442,0.0032,0.3526
CLUBS NINE SPADES SIX,0.6604,0.005,0.3346
CLUBS NINE SPADES NINE,0.4562,0.0028,0.541
CLUBS TEN HEARTS EIGHT,0.7142,0.0242,0.2616
CLUBS NINE SPADES EIGHT,0.6374,0.0036,0.359
CLUBS JACK HEARTS EIGHT,0.659,0.005,0.336
CLUBS QUEEN HEARTS EIGHT,0.6588,0.0034,0.3378
CLUBS KING HEARTS EIGHT,0.6612,0.0044,0.3344
SPADES KING CLUBS KING,0.2822,0.0046,0.7132
SPADES QUEEN CLUBS KING,0.6018,0.0046,0.3936
SPADES ACE CLUBS KING,0.244,0.0474,0.7086
DIAMONDS ACE HEARTS JACK,0.221,0.084,0.695
HEARTS FOUR HEARTS JACK,0.6174,0.004,0.3786
SPADES KING CLUBS FIVE,0.6508,0.0052,0.344
SPADES QUEEN CLUBS FIVE,0.6504,0.0046,0.345
SPADES ACE CLUBS FIVE,0.6392,0.1252,0.2356
DIAMONDS JACK HEARTS SEVEN,0.636,0.0042,0.3598
HEARTS SIX DIAMONDS JACK,0.6442,0.0036,0.3522
DIAMONDS JACK HEARTS NINE,0.6228,0.0042,0.373
DIAMONDS JACK HEARTS EIGHT,0.628,0.0038,0.3682
DIAMONDS KING DIAMONDS JACK,0.555,0.0046,0.4404
HEARTS THREE DIAMONDS JACK,0.6604,0.0058,0.3338
SPADES ACE SPADES SIX,0.6126,0.1084,0.279
HEARTS ACE SPADES FOUR,0.635,0.1198,0.2452
DIAMONDS QUEEN DIAMONDS JACK,0.556,0.0038,0.4402
HEARTS TWO DIAMONDS JACK,0.6632,0.0038,0.333
HEARTS FIVE DIAMONDS JACK,0.6526,0.0032,0.3442
SPADES QUEEN SPADES SIX,0.6026,0.0046,0.3928
SPADES FOUR HEARTS QUEEN,0.6366,0.003,0.3604
DIAMONDS ACE DIAMONDS JACK,0.2318,0.0864,0.6818
HEARTS FOUR DIAMONDS JACK,0.6536,0.0036,0.3428
SPADES KING SPADES SIX,0.6044,0.0054,0.3902
SPADES FOUR HEARTS KING,0.6406,0.0052,0.3542
SPADES TEN SPADES SIX,0.7022,0.0196,0.2782
SPADES JACK SPADES SIX,0.6138,0.0054,0.3808
SPADES FOUR DIAMONDS JACK,0.6478,0.0034,0.3488
SPADES FIVE DIAMONDS JACK,0.6478,0.0024,0.3498
DIAMONDS JACK SPADES TWO,0.6506,0.005,0.3444
DIAMONDS JACK SPADES THREE,0.6608,0.0046,0.3346
SPADES ACE DIAMONDS THREE,0.6286,0.134,0.2374
SPADES QUEEN DIAMONDS THREE,0.6564,0.0042,0.3394
CLUBS EIGHT DIAMONDS JACK,0.638,0.0028,0.3592
SPADES KING DIAMONDS THREE,0.647,0.0034,0.3496
CLUBS NINE DIAMONDS JACK,0.6364,0.003,0.3606
CLUBS SIX DIAMONDS JACK,0.653,0.0046,0.3424
CLUBS SEVEN DIAMONDS JACK,0.65,0.0042,0.3458
CLUBS FOUR DIAMONDS JACK,0.6468,0.0058,0.3474
CLUBS FIVE DIAMONDS JACK,0.6538,0.0026,0.3436
CLUBS TWO DIAMONDS JACK,0.665,0.005,0.33
CLUBS THREE DIAMONDS JACK,0.6446,0.0056,0.3498
SPADES TEN CLUBS FIVE,0.753,0.0226,0.2244
HEARTS SIX SPADES JACK,0.6608,0.005,0.3342
HEARTS SIX SPADES TEN,0.7512,0.023,0.2258
SPADES JACK CLUBS FIVE,0.6452,0.0036,0.3512
SPADES JACK DIAMONDS THREE,0.648,0.0024,0.3496
DIAMONDS THREE SPADES TEN,0.7502,0.0234,0.2264
CLUBS SEVEN CLUBS QUEEN,0.6208,0.0044,0.3748
CLUBS SEVEN CLUBS KING,0.6174,0.0042,0.3784
SPADES NINE DIAMONDS JACK,0.6154,0.004,0.3806
CLUBS TEN CLUBS SEVEN,0.7008,0.0234,0.2758
DIAMONDS ACE HEARTS ACE,0.0728,0.0124,0.9148
HEARTS FOUR HEARTS ACE,0.5928,0.1166,0.2906
SPADES EIGHT DIAMONDS JACK,0.6418,0.004,0.3542
SPADES ACE HEARTS SIX,0.6692,0.105,0.2258
CLUBS SEVEN CLUBS JACK,0.6204,0.0058,0.3738
DIAMONDS ACE HEARTS KING,0.2436,0.0444,0.712
HEARTS FOUR HEARTS KING,0.6188,0.0048,0.3764
SPADES SEVEN DIAMONDS JACK,0.6354,0.0036,0.361
SPADES KING HEARTS SIX,0.6512,0.0052,0.3436
DIAMONDS ACE HEARTS QUEEN,0.2304,0.0654,0.7042
HEARTS FOUR HEARTS QUEEN,0.6132,0.0046,0.3822
SPADES QUEEN HEARTS SIX,0.6596,0.005,0.3354
SPADES SIX DIAMONDS JACK,0.6406,0.0032,0.3562
DIAMONDS TEN SPADES TWO,0.7504,0.0208,0.2288
SPADES THREE DIAMONDS TEN,0.7534,0.0238,0.2228
SPADES FOUR DIAMONDS TEN,0.7514,0.0224,0.2262
SPADES FIVE DIAMONDS TEN,0.7462,0.0228,0.231
SPADES SIX DIAMONDS TEN,0.7366,0.0246,0.2388
SPADES SEVEN DIAMONDS TEN,0.7176,0.0212,0.2612
SPADES EIGHT DIAMONDS TEN,0.7082,0.0222,0.2696
SPADES NINE DIAMONDS TEN,0.702,0.0208,0.2772
CLUBS FOUR DIAMONDS TEN,0.753,0.028,0.219
CLUBS FIVE DIAMONDS TEN,0.764,0.0256,0.2104
CLUBS SIX DIAMONDS TEN,0.749,0.0252,0.2258
CLUBS SEVEN DIAMONDS TEN,0.727,0.0224,0.2506
CLUBS EIGHT DIAMONDS TEN,0.7128,0.0236,0.2636
CLUBS NINE DIAMONDS TEN,0.707,0.0226,0.2704
DIAMONDS THREE CLUBS JACK,0.6534,0.0032,0.3434
CLUBS TEN DIAMONDS THREE,0.7428,0.027,0.2302
DIAMONDS THREE CLUBS KING,0.6534,0.0056,0.341
DIAMONDS THREE CLUBS QUEEN,0.6574,0.006,0.3366
SPADES FOUR HEARTS JACK,0.6372,0.0056,0.3572
SPADES FIVE SPADES TWO,0.6056,0.0044,0.39
SPADES FOUR SPADES TWO,0.6084,0.0044,0.3872
SPADES THREE SPADES TWO,0.6114,0.0066,0.382
SPADES NINE SPADES TWO,0.6386,0.0048,0.3566
SPADES EIGHT SPADES TWO,0.6202,0.0044,0.3754
SPADES SEVEN SPADES TWO,0.6244,0.005,0.3706
SPADES SIX SPADES TWO,0.6088,0.004,0.3872
DIAMONDS QUEEN CLUBS THREE,0.6574,0.0048,0.3378
CLUBS THREE HEARTS TWO,0.6636,0.0068,0.3296
DIAMONDS QUEEN CLUBS TWO,0.6602,0.0052,0.3346
HEARTS TWO CLUBS TWO,0.4932,0.0042,0.5026
DIAMONDS QUEEN HEARTS SEVEN,0.656,0.0024,0.3416
HEARTS TWO HEARTS SEVEN,0.6398,0.0046,0.3556
HEARTS SIX DIAMONDS QUEEN,0.6486,0.005,0.3464
HEARTS SIX HEARTS TWO,0.6358,0.0056,0.3586
DIAMONDS QUEEN HEARTS NINE,0.6332,0.0046,0.3622
HEARTS TWO HEARTS NINE,0.6504,0.0046,0.345
DIAMONDS QUEEN HEARTS EIGHT,0.6438,0.0038,0.3524
HEARTS TWO HEARTS EIGHT,0.651,0.0048,0.3442
CLUBS NINE HEARTS TWO,0.6934,0.0044,0.3022
CLUBS NINE DIAMONDS QUEEN,0.6386,0.0054,0.356
CLUBS EIGHT HEARTS TWO,0.6922,0.0046,0.3032
CLUBS EIGHT DIAMONDS QUEEN,0.6474,0.0038,0.3488
CLUBS FIVE DIAMONDS QUEEN,0.6578,0.0036,0.3386
CLUBS FIVE HEARTS TWO,0.6424,0.0066,0.351
SPADES EIGHT HEARTS ACE,0.648,0.1262,0.2258
DIAMONDS QUEEN CLUBS FOUR,0.6542,0.0036,0.3422
HEARTS TWO CLUBS FOUR,0.6702,0.0062,0.3236
CLUBS SEVEN DIAMONDS QUEEN,0.657,0.0048,0.3382
CLUBS SEVEN HEARTS TWO,0.687,0.0066,0.3064
SPADES EIGHT HEARTS QUEEN,0.6338,0.0036,0.3626
CLUBS SIX DIAMONDS QUEEN,0.646,0.0038,0.3502
CLUBS SIX HEARTS TWO,0.6806,0.0056,0.3138
SPADES EIGHT HEARTS KING,0.6562,0.0044,0.3394
HEARTS TWO SPADES SIX,0.6658,0.0046,0.3296
DIAMONDS QUEEN SPADES SIX,0.6442,0.004,0.3518
HEARTS FOUR CLUBS QUEEN,0.6524,0.0048,0.3428
DIAMONDS ACE CLUBS QUEEN,0.236,0.0622,0.7018
DIAMONDS QUEEN SPADES SEVEN,0.647,0.0038,0.3492
HEARTS TWO SPADES SEVEN,0.674,0.0056,0.3204
HEARTS FOUR CLUBS KING,0.6488,0.0044,0.3468
DIAMONDS ACE CLUBS KING,0.2432,0.0438,0.713
DIAMONDS QUEEN SPADES EIGHT,0.6426,0.002,0.3554
SPADES EIGHT HEARTS TWO,0.6732,0.0058,0.321
SPADES NINE DIAMONDS QUEEN,0.6312,0.003,0.3658
SPADES NINE HEARTS TWO,0.6992,0.0038,0.297
HEARTS TWO SPADES TWO,0.4828,0.0054,0.5118
DIAMONDS QUEEN SPADES TWO,0.6562,0.0044,0.3394
HEARTS TWO SPADES THREE,0.6582,0.0068,0.335
DIAMONDS QUEEN SPADES THREE,0.6418,0.005,0.3532
HEARTS TWO SPADES FOUR,0.6618,0.0052,0.333
DIAMONDS QUEEN SPADES FOUR,0.6384,0.003,0.3586
HEARTS FOUR CLUBS TEN,0.757,0.0278,0.2152
CLUBS TEN DIAMONDS ACE,0.017,0.9726,0.0104
HEARTS TWO SPADES FIVE,0.6588,0.0038,0.3374
DIAMONDS QUEEN SPADES FIVE,0.6542,0.0036,0.3422
HEARTS FOUR CLUBS JACK,0.65,0.0044,0.3456
DIAMONDS ACE CLUBS JACK,0.237,0.087,0.676
CLUBS FIVE CLUBS KING,0.6184,0.0054,0.3762
CLUBS FIVE CLUBS QUEEN,0.62,0.0044,0.3756
CLUBS FIVE CLUBS JACK,0.6248,0.0054,0.3698
CLUBS TEN CLUBS FIVE,0.7172,0.026,0.2568
SPADES KING CLUBS JACK,0.59,0.0054,0.4046
SPADES QUEEN CLUBS JACK,0.598,0.0036,0.3984
SPADES ACE CLUBS JACK,0.2274,0.0868,0.6858
SPADES SIX CLUBS KING,0.6504,0.004,0.3456
SPADES SIX CLUBS QUEEN,0.6566,0.005,0.3384
SPADES EIGHT HEARTS JACK,0.638,0.0024,0.3596
SPADES SIX CLUBS JACK,0.6596,0.002,0.3384
CLUBS TEN SPADES SIX,0.7596,0.0238,0.2166
SPADES TEN CLUBS JACK,0.7036,0.0194,0.277
SPADES JACK CLUBS JACK,0.316,0.0046,0.6794
SPADES QUEEN CLUBS SEVEN,0.6488,0.003,0.3482
SPADES KING CLUBS SEVEN,0.6564,0.003,0.3406
SPADES ACE CLUBS SEVEN,0.6402,0.119,0.2408
SPADES SIX HEARTS JACK,0.652,0.0028,0.3452
SPADES SIX HEARTS ACE,0.6528,0.1064,0.2408
SPADES SIX HEARTS KING,0.6434,0.0032,0.3534
SPADES SIX HEARTS QUEEN,0.6376,0.0022,0.3602
CLUBS SEVEN SPADES JACK,0.6372,0.0034,0.3594
CLUBS SEVEN SPADES TEN,0.7324,0.023,0.2446
CLUBS TEN HEARTS SIX,0.7462,0.0248,0.229
HEARTS SIX CLUBS JACK,0.668,0.0044,0.3276
HEARTS SIX CLUBS QUEEN,0.642,0.0054,0.3526
HEARTS SIX CLUBS KING,0.6644,0.0048,0.3308
CLUBS QUEEN CLUBS JACK,0.5674,0.0056,0.427
CLUBS KING CLUBS JACK,0.5662,0.005,0.4288
DIAMONDS THREE HEARTS ACE,0.624,0.1206,0.2554
DIAMONDS THREE HEARTS QUEEN,0.6418,0.0056,0.3526
DIAMONDS THREE HEARTS KING,0.645,0.0052,0.3498
CLUBS FIVE HEARTS JACK,0.6514,0.0048,0.3438
SPADES TEN DIAMONDS ACE,0.0178,0.9578,0.0244
HEARTS FOUR SPADES TEN,0.7484,0.0278,0.2238
HEARTS FOUR SPADES JACK,0.655,0.0056,0.3394
SPADES JACK DIAMONDS ACE,0.2328,0.0864,0.6808
SPADES ACE HEARTS FOUR,0.6192,0.1268,0.254
SPADES ACE DIAMONDS ACE,0.085,0.0126,0.9024
CLUBS FIVE HEARTS ACE,0.6268,0.1198,0.2534
CLUBS FIVE HEARTS KING,0.6544,0.0042,0.3414
HEARTS FOUR SPADES QUEEN,0.6506,0.0042,0.3452
SPADES QUEEN DIAMONDS ACE,0.2372,0.0548,0.708
SPADES FOUR CLUBS JACK,0.6516,0.0052,0.3432
CLUBS FIVE HEARTS QUEEN,0.6312,0.0052,0.3636
SPADES KING DIAMONDS ACE,0.2526,0.0414,0.706
HEARTS FOUR SPADES KING,0.6536,0.0032,0.3432
CLUBS TEN SPADES FOUR,0.7476,0.0276,0.2248
DIAMONDS QUEEN DIAMONDS ACE,0.232,0.0578,0.7102
HEARTS TWO DIAMONDS ACE,0.6378,0.1188,0.2434
HEARTS FOUR DIAMONDS QUEEN,0.6602,0.0046,0.3352
HEARTS FOUR HEARTS TWO,0.6138,0.0052,0.381
SPADES FOUR CLUBS KING,0.641,0.004,0.355
HEARTS FIVE DIAMONDS QUEEN,0.6536,0.0052,0.3412
HEARTS FIVE HEARTS TWO,0.628,0.0064,0.3656
DIAMONDS THREE HEARTS JACK,0.653,0.0056,0.3414
SPADES FOUR CLUBS QUEEN,0.6516,0.0044,0.344
DIAMONDS QUEEN HEARTS TWO,0.6578,0.0038,0.3384
DIAMONDS KING DIAMONDS QUEEN,0.545,0.003,0.452
DIAMONDS KING HEARTS TWO,0.653,0.0042,0.3428
HEARTS THREE DIAMONDS QUEEN,0.648,0.0034,0.3486
HEARTS THREE HEARTS TWO,0.6312,0.0048,0.364
HEARTS TWO CLUBS QUEEN,0.6624,0.0072,0.3304
DIAMONDS QUEEN CLUBS QUEEN,0.3038,0.004,0.6922
HEARTS TWO CLUBS KING,0.6522,0.005,0.3428
DIAMONDS QUEEN CLUBS KING,0.5892,0.0036,0.4072
SPADES EIGHT SPADES FIVE,0.6116,0.0044,0.384
CLUBS TEN HEARTS TWO,0.7584,0.0266,0.215
CLUBS TEN DIAMONDS QUEEN,0.7208,0.0174,0.2618
SPADES NINE SPADES FIVE,0.6164,0.0042,0.3794
HEARTS TWO CLUBS JACK,0.6618,0.0056,0.3326
DIAMONDS QUEEN CLUBS JACK,0.5846,0.0028,0.4126
SPADES SIX SPADES FIVE,0.5776,0.004,0.4184
SPADES SEVEN SPADES FIVE,0.604,0.0024,0.3936
DIAMONDS FIVE CLUBS QUEEN,0.652,0.0058,0.3422
DIAMONDS FIVE CLUBS KING,0.6622,0.0036,0.3342
SPADES EIGHT CLUBS KING,0.654,0.004,0.342
SPADES EIGHT CLUBS QUEEN,0.6426,0.0044,0.353
SPADES EIGHT CLUBS JACK,0.6356,0.0032,0.3612
CLUBS TEN SPADES EIGHT,0.7214,0.0208,0.2578
CLUBS TEN DIAMONDS FIVE,0.75,0.0242,0.2258
DIAMONDS FIVE CLUBS JACK,0.664,0.0052,0.3308
DIAMONDS TEN HEARTS JACK,0.7078,0.0148,0.2774
SPADES ACE CLUBS NINE,0.6678,0.1194,0.2128
CLUBS NINE SPADES QUEEN,0.646,0.0046,0.3494
CLUBS NINE SPADES KING,0.6518,0.0054,0.3428
HEARTS SIX HEARTS KING,0.6078,0.0044,0.3878
DIAMONDS KING SPADES SEVEN,0.6372,0.0032,0.3596
HEARTS THREE SPADES SEVEN,0.672,0.0064,0.3216
SPADES KING DIAMONDS SEVEN,0.6652,0.0032,0.3316
HEARTS SIX HEARTS QUEEN,0.6078,0.0028,0.3894
