opposingHand,winningChance,drawChance,lostChance
CLUBS SEVEN CLUBS FOUR
HEARTS FIVE SPADES TEN,0.4136,0.0268,0.5596
SPADES JACK HEARTS FIVE,0.4064,0.0198,0.5738
CLUBS JACK SPADES FIVE,0.402,0.0238,0.5742
CLUBS TEN SPADES FIVE,0.4054,0.0304,0.5642
CLUBS JACK CLUBS EIGHT,0.326,0.015,0.659
CLUBS TEN CLUBS EIGHT,0.3186,0.0274,0.654
CLUBS EIGHT CLUBS KING,0.3414,0.0088,0.6498
SPADES FIVE CLUBS ACE,0.387,0.0056,0.6074
CLUBS EIGHT CLUBS QUEEN,0.3258,0.0156,0.6586
SPADES FIVE CLUBS KING,0.404,0.0082,0.5878
SPADES FIVE CLUBS QUEEN,0.392,0.0116,0.5964
CLUBS EIGHT CLUBS ACE,0.3354,0.0062,0.6584
DIAMONDS TWO DIAMONDS THREE,0.5574,0.0978,0.3448
DIAMONDS TWO DIAMONDS FIVE,0.5282,0.099,0.3728
SPADES KING HEARTS FIVE,0.4098,0.009,0.5812
DIAMONDS TWO DIAMONDS FOUR,0.5508,0.1762,0.273
SPADES QUEEN HEARTS FIVE,0.4062,0.01,0.5838
DIAMONDS TWO DIAMONDS SEVEN,0.305,0.4416,0.2534
DIAMONDS TWO DIAMONDS SIX,0.5442,0.0972,0.3586
SPADES ACE HEARTS FIVE,0.4044,0.0068,0.5888
DIAMONDS TWO DIAMONDS NINE,0.4236,0.0404,0.536
DIAMONDS TWO DIAMONDS EIGHT,0.4202,0.058,0.5218
DIAMONDS THREE DIAMONDS FOUR,0.5242,0.184,0.2918
CLUBS TWO SPADES FOUR,0.582,0.2058,0.2122
DIAMONDS THREE DIAMONDS FIVE,0.527,0.0928,0.3802
CLUBS TWO SPADES FIVE,0.575,0.0954,0.3296
CLUBS TWO SPADES TWO,0.4032,0.1166,0.4802
CLUBS TWO SPADES THREE,0.5896,0.1034,0.307
DIAMONDS THREE DIAMONDS EIGHT,0.4052,0.0654,0.5294
SPADES EIGHT CLUBS TWO,0.441,0.0682,0.4908
DIAMONDS THREE DIAMONDS NINE,0.416,0.0426,0.5414
SPADES NINE CLUBS TWO,0.4484,0.041,0.5106
DIAMONDS THREE DIAMONDS SIX,0.552,0.0838,0.3642
CLUBS TWO SPADES SIX,0.5874,0.0958,0.3168
DIAMONDS THREE DIAMONDS SEVEN,0.3058,0.4408,0.2534
CLUBS TWO SPADES SEVEN,0.3196,0.4824,0.198
CLUBS SIX CLUBS TWO,0.5738,0.1028,0.3234
CLUBS FIVE CLUBS TWO,0.5696,0.0984,0.332
CLUBS TEN CLUBS JACK,0.3192,0.0178,0.663
DIAMONDS FOUR DIAMONDS SIX,0.543,0.1786,0.2784
CLUBS TEN CLUBS QUEEN,0.3284,0.0146,0.657
DIAMONDS FOUR DIAMONDS SEVEN,0.0796,0.8452,0.0752
CLUBS TEN CLUBS KING,0.3284,0.0096,0.662
CLUBS TEN CLUBS ACE,0.3218,0.0064,0.6718
CLUBS EIGHT CLUBS TWO,0.4058,0.0598,0.5344
DIAMONDS FIVE DIAMONDS FOUR,0.5264,0.187,0.2866
CLUBS NINE CLUBS TWO,0.4034,0.043,0.5536
DIAMONDS NINE DIAMONDS FOUR,0.2994,0.096,0.6046
DIAMONDS EIGHT DIAMONDS FOUR,0.2756,0.1362,0.5882
CLUBS TWO CLUBS THREE,0.596,0.0968,0.3072
DIAMONDS NINE DIAMONDS FIVE,0.3814,0.0454,0.5732
CLUBS JACK DIAMONDS TWO,0.4402,0.0216,0.5382
DIAMONDS EIGHT DIAMONDS FIVE,0.372,0.0552,0.5728
CLUBS TEN DIAMONDS TWO,0.4302,0.0338,0.536
DIAMONDS FIVE DIAMONDS SEVEN,0.2428,0.4064,0.3508
DIAMONDS FIVE DIAMONDS SIX,0.4864,0.091,0.4226
DIAMONDS TWO CLUBS ACE,0.4296,0.0056,0.5648
DIAMONDS TWO CLUBS KING,0.4424,0.011,0.5466
DIAMONDS TWO CLUBS QUEEN,0.444,0.0156,0.5404
DIAMONDS EIGHT DIAMONDS SIX,0.3722,0.052,0.5758
DIAMONDS NINE DIAMONDS SIX,0.366,0.0414,0.5926
HEARTS ACE SPADES THREE,0.429,0.0048,0.5662
HEARTS KING SPADES THREE,0.45,0.0088,0.5412
DIAMONDS SEVEN DIAMONDS SIX,0.2526,0.3308,0.4166
SPADES THREE HEARTS QUEEN,0.4424,0.0104,0.5472
HEARTS JACK SPADES THREE,0.4422,0.019,0.5388
SPADES THREE HEARTS TEN,0.4492,0.0302,0.5206
DIAMONDS EIGHT DIAMONDS SEVEN,0.2616,0.1422,0.5962
DIAMONDS NINE DIAMONDS SEVEN,0.2714,0.098,0.6306
DIAMONDS NINE DIAMONDS EIGHT,0.3348,0.0332,0.632
DIAMONDS KING HEARTS TEN,0.3764,0.0064,0.6172
HEARTS THREE HEARTS TEN,0.4086,0.0268,0.5646
SPADES JACK CLUBS SIX,0.4092,0.0174,0.5734
DIAMONDS KING HEARTS JACK,0.3766,0.0068,0.6166
HEARTS THREE HEARTS JACK,0.4182,0.0208,0.561
SPADES TEN CLUBS SIX,0.3804,0.028,0.5916
SPADES JACK SPADES FIVE,0.3876,0.0204,0.592
SPADES TEN SPADES FIVE,0.401,0.0286,0.5704
DIAMONDS KING HEARTS ACE,0.4032,0.0038,0.593
HEARTS THREE HEARTS ACE,0.3994,0.0058,0.5948
SPADES ACE CLUBS SIX,0.4084,0.0056,0.586
DIAMONDS KING HEARTS QUEEN,0.3986,0.006,0.5954
HEARTS THREE HEARTS QUEEN,0.4224,0.013,0.5646
SPADES KING CLUBS SIX,0.4146,0.0086,0.5768
DIAMONDS KING HEARTS KING,0.206,0.0162,0.7778
HEARTS THREE HEARTS KING,0.427,0.0096,0.5634
SPADES QUEEN CLUBS SIX,0.4026,0.0136,0.5838
SPADES NINE HEARTS TEN,0.3698,0.0186,0.6116
SPADES NINE HEARTS JACK,0.3872,0.0174,0.5954
SPADES QUEEN SPADES FIVE,0.3842,0.0146,0.6012
SPADES KING SPADES FIVE,0.375,0.0074,0.6176
SPADES ACE SPADES FIVE,0.3674,0.0054,0.6272
SPADES NINE HEARTS QUEEN,0.3796,0.012,0.6084
SPADES NINE HEARTS KING,0.3916,0.0058,0.6026
SPADES NINE HEARTS ACE,0.3926,0.004,0.6034
CLUBS TEN SPADES JACK,0.3652,0.0166,0.6182
CLUBS TEN SPADES TEN,0.1878,0.0584,0.7538
SPADES ACE CLUBS TEN,0.3792,0.0042,0.6166
CLUBS TEN SPADES KING,0.3658,0.0074,0.6268
CLUBS TEN SPADES QUEEN,0.365,0.0102,0.6248
SPADES FIVE HEARTS QUEEN,0.414,0.012,0.574
HEARTS KING SPADES FIVE,0.4106,0.0082,0.5812
SPADES FIVE HEARTS ACE,0.398,0.004,0.598
CLUBS EIGHT SPADES TEN,0.3724,0.0256,0.602
HEARTS THREE SPADES JACK,0.4354,0.0232,0.5414
SPADES JACK DIAMONDS KING,0.4006,0.0048,0.5946
SPADES TEN DIAMONDS KING,0.3814,0.009,0.6096
HEARTS THREE SPADES TEN,0.45,0.027,0.523
CLUBS EIGHT SPADES JACK,0.367,0.0182,0.6148
CLUBS SIX HEARTS ACE,0.3854,0.0066,0.608
SPADES ACE CLUBS EIGHT,0.367,0.004,0.629
CLUBS JACK HEARTS FIVE,0.4042,0.0198,0.576
CLUBS TEN HEARTS FIVE,0.3966,0.0292,0.5742
CLUBS SIX HEARTS QUEEN,0.4068,0.0092,0.584
SPADES QUEEN CLUBS EIGHT,0.373,0.0114,0.6156
CLUBS TEN SPADES THREE,0.4262,0.0276,0.5462
CLUBS SIX HEARTS KING,0.402,0.0062,0.5918
SPADES KING CLUBS EIGHT,0.3828,0.0076,0.6096
CLUBS JACK SPADES THREE,0.4256,0.0232,0.5512
DIAMONDS TWO HEARTS JACK,0.4518,0.0172,0.531
SPADES THREE CLUBS QUEEN,0.4258,0.0154,0.5588
DIAMONDS TWO HEARTS TEN,0.4446,0.028,0.5274
SPADES THREE CLUBS KING,0.444,0.0086,0.5474
HEARTS FIVE CLUBS ACE,0.3752,0.0032,0.6216
SPADES FIVE HEARTS TEN,0.42,0.0282,0.5518
SPADES THREE CLUBS ACE,0.4234,0.0058,0.5708
HEARTS FIVE CLUBS KING,0.3898,0.009,0.6012
SPADES FIVE HEARTS JACK,0.3958,0.0162,0.588
HEARTS FIVE CLUBS QUEEN,0.3974,0.013,0.5896
HEARTS THREE CLUBS KING,0.4206,0.0092,0.5702
DIAMONDS KING CLUBS KING,0.1912,0.0176,0.7912
HEARTS THREE CLUBS QUEEN,0.4354,0.0136,0.551
DIAMONDS KING CLUBS QUEEN,0.379,0.0072,0.6138
HEARTS FIVE HEARTS JACK,0.3928,0.0202,0.587
HEARTS FIVE HEARTS TEN,0.3804,0.0274,0.5922
HEARTS THREE CLUBS ACE,0.4102,0.0048,0.585
DIAMONDS KING CLUBS ACE,0.3802,0.0042,0.6156
SPADES ACE CLUBS QUEEN,0.3606,0.004,0.6354
SPADES KING CLUBS QUEEN,0.375,0.0084,0.6166
CLUBS JACK HEARTS THREE,0.4378,0.0198,0.5424
CLUBS JACK DIAMONDS KING,0.379,0.0068,0.6142
SPADES QUEEN CLUBS QUEEN,0.1904,0.0322,0.7774
CLUBS TEN HEARTS THREE,0.4298,0.0254,0.5448
CLUBS TEN DIAMONDS KING,0.3686,0.0086,0.6228
SPADES JACK CLUBS QUEEN,0.3656,0.011,0.6234
CLUBS SIX CLUBS QUEEN,0.3624,0.011,0.6266
SPADES TEN CLUBS QUEEN,0.3724,0.0076,0.62
CLUBS SIX CLUBS KING,0.3672,0.0106,0.6222
CLUBS SIX CLUBS ACE,0.3542,0.005,0.6408
HEARTS FIVE HEARTS KING,0.3872,0.0094,0.6034
HEARTS FIVE HEARTS QUEEN,0.3908,0.0122,0.597
CLUBS TEN CLUBS SIX,0.346,0.0306,0.6234
HEARTS FIVE HEARTS ACE,0.377,0.005,0.618
CLUBS JACK CLUBS SIX,0.348,0.0198,0.6322
SPADES SEVEN HEARTS JACK,0.2996,0.0606,0.6398
SPADES SEVEN HEARTS TEN,0.3022,0.0778,0.62
DIAMONDS TWO CLUBS TWO,0.3972,0.1182,0.4846
DIAMONDS TWO CLUBS THREE,0.5958,0.0976,0.3066
HEARTS SIX DIAMONDS TWO,0.5958,0.095,0.3092
DIAMONDS TWO HEARTS QUEEN,0.4512,0.0114,0.5374
DIAMONDS TWO HEARTS SEVEN,0.3342,0.4604,0.2054
DIAMONDS TWO HEARTS KING,0.4532,0.0086,0.5382
DIAMONDS TWO HEARTS EIGHT,0.4492,0.0658,0.485
DIAMONDS TWO HEARTS ACE,0.4346,0.0046,0.5608
DIAMONDS TWO HEARTS NINE,0.4378,0.0456,0.5166
DIAMONDS TWO DIAMONDS QUEEN,0.4174,0.0124,0.5702
DIAMONDS TWO HEARTS TWO,0.4066,0.122,0.4714
DIAMONDS TWO DIAMONDS KING,0.4202,0.009,0.5708
HEARTS THREE DIAMONDS TWO,0.5892,0.1076,0.3032
DIAMONDS TWO DIAMONDS ACE,0.4046,0.0062,0.5892
HEARTS FOUR DIAMONDS TWO,0.579,0.1974,0.2236
DIAMONDS TWO HEARTS FIVE,0.5722,0.107,0.3208
SPADES SEVEN HEARTS ACE,0.2832,0.0302,0.6866
DIAMONDS TWO DIAMONDS TEN,0.4358,0.029,0.5352
SPADES SEVEN HEARTS KING,0.294,0.0392,0.6668
DIAMONDS TWO DIAMONDS JACK,0.4172,0.0184,0.5644
SPADES SEVEN HEARTS QUEEN,0.3002,0.0466,0.6532
DIAMONDS TWO SPADES NINE,0.4564,0.042,0.5016
DIAMONDS TWO SPADES EIGHT,0.46,0.0628,0.4772
DIAMONDS TWO SPADES SEVEN,0.3272,0.4752,0.1976
DIAMONDS TWO SPADES SIX,0.5874,0.0938,0.3188
DIAMONDS TWO SPADES FIVE,0.5878,0.0912,0.321
DIAMONDS TWO SPADES FOUR,0.579,0.1994,0.2216
DIAMONDS TWO SPADES THREE,0.5882,0.101,0.3108
DIAMONDS TWO SPADES TWO,0.4008,0.1138,0.4854
DIAMONDS TWO CLUBS NINE,0.4376,0.0496,0.5128
CLUBS EIGHT DIAMONDS TWO,0.4438,0.0648,0.4914
DIAMONDS TWO CLUBS SIX,0.5902,0.0962,0.3136
DIAMONDS TWO CLUBS FIVE,0.5728,0.1,0.3272
SPADES ACE DIAMONDS SIX,0.4044,0.0054,0.5902
SPADES QUEEN DIAMONDS SIX,0.4188,0.0116,0.5696
SPADES KING DIAMONDS SIX,0.413,0.0066,0.5804
SPADES TEN DIAMONDS SIX,0.4032,0.0286,0.5682
SPADES JACK DIAMONDS SIX,0.414,0.0194,0.5666
SPADES QUEEN SPADES TWO,0.421,0.012,0.567
SPADES KING SPADES TWO,0.4316,0.0076,0.5608
SPADES ACE SPADES TWO,0.4152,0.005,0.5798
CLUBS JACK DIAMONDS JACK,0.196,0.0444,0.7596
CLUBS TEN DIAMONDS JACK,0.3592,0.0168,0.624
DIAMONDS JACK CLUBS KING,0.3592,0.0068,0.634
DIAMONDS JACK CLUBS QUEEN,0.3696,0.0122,0.6182
DIAMONDS THREE DIAMONDS JACK,0.4102,0.0184,0.5714
DIAMONDS THREE DIAMONDS TEN,0.417,0.0284,0.5546
DIAMONDS JACK CLUBS ACE,0.3734,0.0044,0.6222
DIAMONDS THREE DIAMONDS KING,0.424,0.008,0.568
HEARTS THREE DIAMONDS THREE,0.3766,0.1198,0.5036
DIAMONDS THREE DIAMONDS QUEEN,0.4192,0.0142,0.5666
DIAMONDS THREE HEARTS TWO,0.5944,0.1074,0.2982
HEARTS FIVE DIAMONDS THREE,0.5596,0.101,0.3394
DIAMONDS THREE DIAMONDS ACE,0.4226,0.0044,0.573
HEARTS FOUR DIAMONDS THREE,0.5732,0.1818,0.245
DIAMONDS THREE HEARTS SEVEN,0.3112,0.4776,0.2112
SPADES TEN SPADES NINE,0.3446,0.026,0.6294
HEARTS SIX DIAMONDS THREE,0.5746,0.0954,0.33
SPADES JACK SPADES NINE,0.3546,0.0162,0.6292
DIAMONDS THREE HEARTS NINE,0.4612,0.0386,0.5002
HEARTS JACK DIAMONDS FOUR,0.3118,0.0506,0.6376
HEARTS KING HEARTS ACE,0.3694,0.0034,0.6272
SPADES TEN SPADES TWO,0.4414,0.023,0.5356
DIAMONDS THREE HEARTS EIGHT,0.4416,0.0632,0.4952
HEARTS TEN DIAMONDS FOUR,0.3054,0.0722,0.6224
SPADES JACK SPADES TWO,0.4334,0.0196,0.547
HEARTS QUEEN DIAMONDS FOUR,0.3014,0.037,0.6616
HEARTS KING DIAMONDS FOUR,0.304,0.0284,0.6676
SPADES ACE SPADES NINE,0.3516,0.0044,0.644
HEARTS ACE DIAMONDS FOUR,0.3104,0.0208,0.6688
SPADES KING SPADES NINE,0.3734,0.0058,0.6208
SPADES QUEEN SPADES NINE,0.3558,0.011,0.6332
DIAMONDS THREE SPADES NINE,0.4458,0.045,0.5092
DIAMONDS THREE SPADES EIGHT,0.4528,0.0606,0.4866
DIAMONDS THREE SPADES SEVEN,0.311,0.4706,0.2184
DIAMONDS THREE SPADES SIX,0.5698,0.1036,0.3266
DIAMONDS THREE CLUBS SIX,0.558,0.1014,0.3406
CLUBS FIVE CLUBS SIX,0.5214,0.0996,0.379
CLUBS ACE DIAMONDS FOUR,0.2948,0.0134,0.6918
DIAMONDS FOUR CLUBS QUEEN,0.2824,0.0378,0.6798
DIAMONDS THREE CLUBS FIVE,0.5508,0.1022,0.347
DIAMONDS FOUR CLUBS KING,0.2916,0.0336,0.6748
DIAMONDS THREE CLUBS TWO,0.591,0.099,0.31
CLUBS TEN DIAMONDS FOUR,0.298,0.0758,0.6262
DIAMONDS THREE CLUBS THREE,0.3922,0.121,0.4868
CLUBS JACK DIAMONDS FOUR,0.2998,0.0552,0.645
DIAMONDS THREE SPADES FOUR,0.571,0.1914,0.2376
DIAMONDS THREE SPADES FIVE,0.5606,0.0932,0.3462
DIAMONDS THREE SPADES TWO,0.5928,0.0932,0.314
DIAMONDS THREE SPADES THREE,0.3916,0.1228,0.4856
CLUBS EIGHT DIAMONDS THREE,0.4262,0.0672,0.5066
CLUBS NINE DIAMONDS THREE,0.4302,0.0408,0.529
SPADES SEVEN CLUBS ACE,0.2752,0.0246,0.7002
SPADES SEVEN CLUBS QUEEN,0.2968,0.0454,0.6578
SPADES SEVEN CLUBS KING,0.2898,0.035,0.6752
CLUBS FIVE SPADES SEVEN,0.2468,0.4324,0.3208
CLUBS TEN SPADES SEVEN,0.2852,0.0802,0.6346
CLUBS FIVE SPADES SIX,0.5146,0.1028,0.3826
CLUBS JACK SPADES SEVEN,0.29,0.0582,0.6518
CLUBS FIVE SPADES NINE,0.3944,0.044,0.5616
CLUBS FIVE SPADES EIGHT,0.378,0.0612,0.5608
CLUBS FIVE SPADES THREE,0.5552,0.1014,0.3434
CLUBS FIVE SPADES TWO,0.5686,0.0942,0.3372
CLUBS FIVE SPADES FIVE,0.292,0.1052,0.6028
CLUBS FIVE SPADES FOUR,0.5534,0.2044,0.2422
CLUBS NINE CLUBS FIVE,0.351,0.0402,0.6088
CLUBS EIGHT CLUBS FIVE,0.3328,0.0696,0.5976
CLUBS ACE CLUBS QUEEN,0.3248,0.0074,0.6678
CLUBS KING CLUBS QUEEN,0.3358,0.0058,0.6584
DIAMONDS TEN DIAMONDS FOUR,0.2958,0.0704,0.6338
CLUBS TEN DIAMONDS NINE,0.3634,0.0234,0.6132
DIAMONDS JACK DIAMONDS FOUR,0.3046,0.0518,0.6436
CLUBS JACK DIAMONDS NINE,0.3706,0.0144,0.615
CLUBS JACK SPADES NINE,0.369,0.0174,0.6136
CLUBS TEN SPADES NINE,0.3486,0.0274,0.624
DIAMONDS ACE DIAMONDS FOUR,0.2924,0.0186,0.689
HEARTS FOUR DIAMONDS FOUR,0.3162,0.0914,0.5924
DIAMONDS JACK HEARTS TEN,0.3768,0.014,0.6092
SPADES NINE CLUBS KING,0.3698,0.008,0.6222
DIAMONDS TWO SPADES TEN,0.4596,0.0262,0.5142
DIAMONDS NINE CLUBS ACE,0.3664,0.0044,0.6292
HEARTS FIVE DIAMONDS FOUR,0.5708,0.1828,0.2464
HEARTS JACK DIAMONDS JACK,0.2092,0.0388,0.752
SPADES NINE CLUBS QUEEN,0.367,0.0082,0.6248
DIAMONDS TWO SPADES JACK,0.4578,0.0176,0.5246
DIAMONDS QUEEN DIAMONDS FOUR,0.298,0.0404,0.6616
HEARTS TWO DIAMONDS FOUR,0.586,0.1948,0.2192
DIAMONDS NINE CLUBS QUEEN,0.371,0.0094,0.6196
DIAMONDS KING DIAMONDS FOUR,0.2998,0.0272,0.673
HEARTS THREE DIAMONDS FOUR,0.5658,0.1902,0.244
SPADES NINE CLUBS ACE,0.3662,0.005,0.6288
DIAMONDS NINE CLUBS KING,0.3756,0.007,0.6174
HEARTS ACE DIAMONDS JACK,0.3828,0.005,0.6122
SPADES ACE DIAMONDS TWO,0.4296,0.006,0.5644
DIAMONDS JACK HEARTS QUEEN,0.38,0.0096,0.6104
SPADES QUEEN DIAMONDS TWO,0.458,0.0144,0.5276
HEARTS KING DIAMONDS JACK,0.3976,0.0068,0.5956
SPADES KING DIAMONDS TWO,0.4466,0.0098,0.5436
SPADES JACK SPADES SEVEN,0.2918,0.0546,0.6536
SPADES TEN SPADES SEVEN,0.2776,0.0788,0.6436
CLUBS SIX CLUBS THREE,0.5676,0.1096,0.3228
CLUBS FIVE CLUBS THREE,0.5544,0.0938,0.3518
CLUBS NINE CLUBS THREE,0.376,0.0448,0.5792
CLUBS EIGHT CLUBS THREE,0.391,0.0626,0.5464
CLUBS THREE SPADES FIVE,0.545,0.107,0.348
CLUBS THREE SPADES FOUR,0.5552,0.201,0.2438
CLUBS THREE SPADES THREE,0.3836,0.1126,0.5038
CLUBS THREE SPADES TWO,0.5894,0.0994,0.3112
CLUBS THREE SPADES SIX,0.5632,0.1006,0.3362
SPADES SEVEN CLUBS THREE,0.3072,0.483,0.2098
SPADES EIGHT CLUBS THREE,0.4314,0.071,0.4976
SPADES NINE CLUBS THREE,0.4198,0.0448,0.5354
SPADES TWO DIAMONDS FOUR,0.593,0.1916,0.2154
SPADES THREE DIAMONDS FOUR,0.5586,0.2036,0.2378
SPADES FOUR DIAMONDS FOUR,0.3162,0.0886,0.5952
SPADES FIVE DIAMONDS FOUR,0.565,0.186,0.249
SPADES SIX DIAMONDS FOUR,0.579,0.1848,0.2362
SPADES SEVEN DIAMONDS FOUR,0.0736,0.9038,0.0226
SPADES EIGHT DIAMONDS FOUR,0.2902,0.1384,0.5714
SPADES NINE DIAMONDS FOUR,0.3076,0.0956,0.5968
CLUBS FIVE DIAMONDS FOUR,0.5558,0.193,0.2512
CLUBS SIX DIAMONDS FOUR,0.5746,0.1956,0.2298
CLUBS NINE DIAMONDS FOUR,0.2964,0.0978,0.6058
CLUBS EIGHT DIAMONDS FOUR,0.2818,0.1408,0.5774
DIAMONDS FOUR HEARTS SEVEN,0.0744,0.9,0.0256
HEARTS SIX DIAMONDS FOUR,0.5732,0.192,0.2348
HEARTS NINE DIAMONDS FOUR,0.3036,0.1006,0.5958
DIAMONDS FOUR HEARTS EIGHT,0.298,0.1308,0.5712
CLUBS THREE DIAMONDS FOUR,0.5794,0.191,0.2296
CLUBS TWO DIAMONDS FOUR,0.5818,0.202,0.2162
DIAMONDS TEN DIAMONDS FIVE,0.3794,0.0264,0.5942
DIAMONDS JACK DIAMONDS FIVE,0.387,0.0198,0.5932
DIAMONDS NINE HEARTS QUEEN,0.3842,0.0128,0.603
HEARTS KING DIAMONDS NINE,0.3956,0.0072,0.5972
DIAMONDS NINE HEARTS ACE,0.3862,0.0028,0.611
DIAMONDS NINE HEARTS TEN,0.3652,0.0214,0.6134
DIAMONDS NINE HEARTS JACK,0.3806,0.0134,0.606
CLUBS KING DIAMONDS SIX,0.3954,0.009,0.5956
CLUBS QUEEN DIAMONDS SIX,0.4114,0.0158,0.5728
CLUBS ACE DIAMONDS SIX,0.3912,0.0038,0.605
SPADES KING DIAMONDS FOUR,0.3126,0.0302,0.6572
SPADES ACE SPADES SEVEN,0.2878,0.023,0.6892
SPADES QUEEN DIAMONDS FOUR,0.3136,0.0428,0.6436
SPADES QUEEN SPADES SEVEN,0.288,0.0428,0.6692
CLUBS JACK DIAMONDS SIX,0.3956,0.0198,0.5846
SPADES KING SPADES SEVEN,0.2934,0.0334,0.6732
SPADES ACE DIAMONDS FOUR,0.308,0.0222,0.6698
CLUBS TEN DIAMONDS SIX,0.3898,0.0262,0.584
SPADES JACK DIAMONDS FOUR,0.311,0.0538,0.6352
SPADES TEN DIAMONDS FOUR,0.3096,0.0722,0.6182
HEARTS SIX DIAMONDS FIVE,0.5262,0.0918,0.382
DIAMONDS FIVE HEARTS SEVEN,0.2686,0.423,0.3084
DIAMONDS FIVE HEARTS EIGHT,0.3824,0.062,0.5556
HEARTS NINE DIAMONDS FIVE,0.3994,0.0378,0.5628
DIAMONDS QUEEN DIAMONDS FIVE,0.3788,0.0168,0.6044
HEARTS TWO DIAMONDS FIVE,0.5866,0.0976,0.3158
HEARTS KING HEARTS EIGHT,0.3744,0.0096,0.616
DIAMONDS KING DIAMONDS FIVE,0.388,0.0082,0.6038
HEARTS THREE DIAMONDS FIVE,0.5532,0.0966,0.3502
HEARTS QUEEN HEARTS EIGHT,0.3666,0.0122,0.6212
DIAMONDS ACE DIAMONDS FIVE,0.3816,0.0054,0.613
HEARTS FOUR DIAMONDS FIVE,0.561,0.1844,0.2546
HEARTS FIVE DIAMONDS FIVE,0.2798,0.1128,0.6074
HEARTS ACE HEARTS EIGHT,0.366,0.0054,0.6286
CLUBS FIVE DIAMONDS FIVE,0.2772,0.1114,0.6114
CLUBS SIX DIAMONDS FIVE,0.518,0.1054,0.3766
CLUBS TWO DIAMONDS FIVE,0.5582,0.1064,0.3354
CLUBS THREE DIAMONDS FIVE,0.5532,0.0996,0.3472
SPADES THREE DIAMONDS FIVE,0.553,0.0992,0.3478
SPADES TWO DIAMONDS FIVE,0.573,0.0972,0.3298
SPADES JACK DIAMONDS EIGHT,0.3732,0.0162,0.6106
SPADES FIVE DIAMONDS FIVE,0.2914,0.1072,0.6014
CLUBS TEN HEARTS JACK,0.3624,0.0128,0.6248
SPADES TEN DIAMONDS EIGHT,0.3728,0.0244,0.6028
SPADES FOUR DIAMONDS FIVE,0.5586,0.1848,0.2566
CLUBS JACK HEARTS JACK,0.1816,0.0456,0.7728
HEARTS JACK CLUBS QUEEN,0.37,0.0108,0.6192
CLUBS NINE DIAMONDS FIVE,0.3882,0.039,0.5728
CLUBS EIGHT DIAMONDS FIVE,0.3742,0.0576,0.5682
HEARTS JACK CLUBS KING,0.3682,0.0074,0.6244
HEARTS JACK CLUBS ACE,0.3736,0.004,0.6224
SPADES SEVEN DIAMONDS FIVE,0.2472,0.4328,0.32
SPADES KING DIAMONDS EIGHT,0.394,0.0064,0.5996
SPADES QUEEN DIAMONDS EIGHT,0.3938,0.0096,0.5966
SPADES SIX DIAMONDS FIVE,0.5328,0.0888,0.3784
SPADES NINE DIAMONDS FIVE,0.3982,0.0412,0.5606
SPADES EIGHT DIAMONDS FIVE,0.3904,0.0658,0.5438
SPADES ACE DIAMONDS EIGHT,0.394,0.0024,0.6036
DIAMONDS TEN DIAMONDS SIX,0.3804,0.027,0.5926
HEARTS ACE DIAMONDS SEVEN,0.2796,0.0252,0.6952
DIAMONDS JACK DIAMONDS SIX,0.396,0.018,0.586
HEARTS QUEEN DIAMONDS SEVEN,0.3014,0.0414,0.6572
HEARTS KING DIAMONDS SEVEN,0.2968,0.039,0.6642
DIAMONDS ACE DIAMONDS SIX,0.3988,0.0024,0.5988
HEARTS FOUR DIAMONDS SIX,0.5862,0.188,0.2258
HEARTS JACK SPADES TWO,0.458,0.0198,0.5222
HEARTS FIVE DIAMONDS SIX,0.527,0.0932,0.3798
SPADES TWO HEARTS TEN,0.4444,0.0274,0.5282
DIAMONDS QUEEN DIAMONDS SIX,0.383,0.0098,0.6072
HEARTS TWO DIAMONDS SIX,0.5878,0.095,0.3172
DIAMONDS KING DIAMONDS SIX,0.3966,0.007,0.5964
HEARTS THREE DIAMONDS SIX,0.577,0.0946,0.3284
HEARTS EIGHT DIAMONDS SIX,0.377,0.059,0.564
HEARTS NINE DIAMONDS SIX,0.3918,0.0422,0.566
HEARTS SIX DIAMONDS SIX,0.2828,0.106,0.6112
HEARTS SEVEN DIAMONDS SIX,0.278,0.3396,0.3824
HEARTS TEN DIAMONDS SEVEN,0.292,0.0744,0.6336
CLUBS TWO DIAMONDS SIX,0.5868,0.1028,0.3104
HEARTS JACK DIAMONDS SEVEN,0.3144,0.0592,0.6264
CLUBS THREE DIAMONDS SIX,0.5764,0.0958,0.3278
CLUBS JACK DIAMONDS EIGHT,0.3648,0.0186,0.6166
CLUBS SIX DIAMONDS SIX,0.2832,0.104,0.6128
CLUBS TEN DIAMONDS EIGHT,0.3626,0.0282,0.6092
CLUBS FIVE DIAMONDS SIX,0.5184,0.1042,0.3774
HEARTS ACE HEARTS JACK,0.387,0.0038,0.6092
DIAMONDS EIGHT CLUBS ACE,0.3614,0.006,0.6326
HEARTS JACK HEARTS QUEEN,0.3458,0.0096,0.6446
DIAMONDS EIGHT CLUBS KING,0.3618,0.0084,0.6298
CLUBS NINE DIAMONDS SIX,0.4,0.042,0.558
HEARTS KING HEARTS JACK,0.3576,0.0058,0.6366
CLUBS EIGHT DIAMONDS SIX,0.3646,0.066,0.5694
DIAMONDS EIGHT CLUBS QUEEN,0.376,0.0128,0.6112
SPADES TEN HEARTS KING,0.3906,0.0078,0.6016
SPADES FIVE DIAMONDS SIX,0.5176,0.0936,0.3888
HEARTS ACE SPADES TWO,0.4466,0.0054,0.548
SPADES JACK HEARTS KING,0.3898,0.0076,0.6026
SPADES FOUR DIAMONDS SIX,0.5782,0.1862,0.2356
SPADES THREE DIAMONDS SIX,0.5716,0.0986,0.3298
HEARTS QUEEN SPADES TWO,0.4618,0.0144,0.5238
SPADES ACE SPADES KING,0.3656,0.0042,0.6302
HEARTS KING SPADES TWO,0.4574,0.0098,0.5328
SPADES TWO DIAMONDS SIX,0.5934,0.0952,0.3114
HEARTS TEN HEARTS EIGHT,0.3518,0.024,0.6242
SPADES NINE DIAMONDS SIX,0.3992,0.0448,0.556
HEARTS JACK HEARTS EIGHT,0.3516,0.018,0.6304
SPADES EIGHT DIAMONDS SIX,0.382,0.059,0.559
SPADES SEVEN DIAMONDS SIX,0.262,0.3532,0.3848
SPADES SIX DIAMONDS SIX,0.2864,0.1014,0.6122
SPADES KING HEARTS KING,0.193,0.0138,0.7932
SPADES QUEEN HEARTS KING,0.3938,0.0076,0.5986
CLUBS ACE CLUBS KING,0.3436,0.003,0.6534
SPADES ACE HEARTS KING,0.4036,0.0048,0.5916
SPADES ACE HEARTS JACK,0.3922,0.0042,0.6036
SPADES QUEEN HEARTS JACK,0.389,0.0124,0.5986
SPADES KING HEARTS JACK,0.3884,0.0066,0.605
SPADES TEN DIAMONDS TEN,0.2052,0.0502,0.7446
SPADES JACK DIAMONDS TEN,0.3866,0.014,0.5994
SPADES ACE DIAMONDS TEN,0.3786,0.0028,0.6186
SPADES JACK HEARTS JACK,0.2078,0.043,0.7492
SPADES TEN HEARTS JACK,0.3898,0.0124,0.5978
SPADES QUEEN DIAMONDS TEN,0.388,0.0094,0.6026
SPADES KING DIAMONDS TEN,0.3914,0.005,0.6036
SPADES NINE DIAMONDS SEVEN,0.2812,0.1048,0.614
SPADES EIGHT DIAMONDS SEVEN,0.2746,0.1364,0.589
SPADES SEVEN DIAMONDS SEVEN,0.155,0.096,0.749
SPADES SIX DIAMONDS SEVEN,0.2636,0.3362,0.4002
DIAMONDS KING DIAMONDS SEVEN,0.2852,0.0394,0.6754
HEARTS THREE DIAMONDS SEVEN,0.3218,0.4728,0.2054
HEARTS KING DIAMONDS FIVE,0.4124,0.0086,0.579
DIAMONDS QUEEN DIAMONDS SEVEN,0.2808,0.0468,0.6724
HEARTS TWO DIAMONDS SEVEN,0.3396,0.4638,0.1966
HEARTS QUEEN DIAMONDS FIVE,0.408,0.0128,0.5792
HEARTS FIVE DIAMONDS SEVEN,0.257,0.432,0.311
DIAMONDS ACE DIAMONDS SEVEN,0.281,0.03,0.689
HEARTS FOUR DIAMONDS SEVEN,0.066,0.9134,0.0206
HEARTS ACE DIAMONDS FIVE,0.3926,0.0036,0.6038
HEARTS SEVEN DIAMONDS SEVEN,0.1512,0.093,0.7558
HEARTS SIX DIAMONDS SEVEN,0.2692,0.349,0.3818
HEARTS NINE DIAMONDS SEVEN,0.2768,0.1038,0.6194
DIAMONDS SEVEN HEARTS EIGHT,0.2782,0.1314,0.5904
DIAMONDS JACK DIAMONDS SEVEN,0.2898,0.0598,0.6504
HEARTS JACK DIAMONDS FIVE,0.4076,0.02,0.5724
DIAMONDS TEN DIAMONDS SEVEN,0.283,0.073,0.644
DIAMONDS FIVE HEARTS TEN,0.4136,0.025,0.5614
CLUBS EIGHT DIAMONDS SEVEN,0.2676,0.1278,0.6046
SPADES KING CLUBS TWO,0.4476,0.0088,0.5436
HEARTS KING CLUBS KING,0.1936,0.0182,0.7882
SPADES QUEEN CLUBS TWO,0.4526,0.0122,0.5352
HEARTS KING CLUBS QUEEN,0.3806,0.0064,0.613
CLUBS NINE DIAMONDS SEVEN,0.263,0.111,0.626
CLUBS JACK SPADES TWO,0.4494,0.0164,0.5342
SPADES ACE CLUBS TWO,0.4312,0.0052,0.5636
CLUBS TEN SPADES TWO,0.4344,0.0266,0.539
HEARTS KING CLUBS ACE,0.3696,0.0046,0.6258
SPADES TWO CLUBS KING,0.4406,0.0108,0.5486
SPADES TWO DIAMONDS SEVEN,0.354,0.4526,0.1934
CLUBS EIGHT CLUBS SIX,0.3322,0.0608,0.607
SPADES THREE DIAMONDS SEVEN,0.3146,0.476,0.2094
SPADES TWO CLUBS QUEEN,0.4358,0.0152,0.549
CLUBS NINE CLUBS SIX,0.336,0.0398,0.6242
SPADES FOUR DIAMONDS SEVEN,0.0736,0.9064,0.02
CLUBS JACK HEARTS KING,0.3768,0.007,0.6162
SPADES FIVE DIAMONDS SEVEN,0.262,0.4358,0.3022
SPADES TWO CLUBS ACE,0.4304,0.006,0.5636
CLUBS TEN HEARTS KING,0.372,0.0072,0.6208
CLUBS SIX SPADES TWO,0.5706,0.113,0.3164
CLUBS SIX SPADES THREE,0.5718,0.1032,0.325
CLUBS TWO DIAMONDS SEVEN,0.324,0.4692,0.2068
CLUBS SIX SPADES FOUR,0.5768,0.188,0.2352
CLUBS THREE DIAMONDS SEVEN,0.3066,0.4858,0.2076
CLUBS SIX SPADES FIVE,0.5208,0.0898,0.3894
CLUBS SIX SPADES SIX,0.2806,0.1108,0.6086
CLUBS FIVE DIAMONDS SEVEN,0.258,0.4364,0.3056
CLUBS SIX SPADES SEVEN,0.2428,0.3612,0.396
CLUBS SIX DIAMONDS SEVEN,0.2482,0.3502,0.4016
CLUBS SIX SPADES EIGHT,0.3778,0.0684,0.5538
SPADES JACK CLUBS TWO,0.447,0.019,0.534
SPADES NINE CLUBS SIX,0.3834,0.0448,0.5718
SPADES TEN CLUBS TWO,0.4372,0.0304,0.5324
CLUBS TWO CLUBS QUEEN,0.4016,0.014,0.5844
CLUBS TWO CLUBS KING,0.3974,0.0114,0.5912
CLUBS THREE DIAMONDS EIGHT,0.426,0.064,0.51
CLUBS TWO CLUBS ACE,0.3922,0.0068,0.601
CLUBS TWO DIAMONDS EIGHT,0.438,0.0598,0.5022
DIAMONDS EIGHT HEARTS SEVEN,0.2788,0.1348,0.5864
HEARTS SIX DIAMONDS EIGHT,0.3782,0.06,0.5618
DIAMONDS EIGHT HEARTS NINE,0.3456,0.0398,0.6146
CLUBS TEN CLUBS TWO,0.4058,0.032,0.5622
DIAMONDS EIGHT HEARTS EIGHT,0.2004,0.0776,0.722
CLUBS JACK CLUBS TWO,0.3886,0.0232,0.5882
CLUBS NINE DIAMONDS EIGHT,0.3438,0.0368,0.6194
CLUBS EIGHT DIAMONDS EIGHT,0.1872,0.0764,0.7364
CLUBS FIVE DIAMONDS EIGHT,0.3792,0.0626,0.5582
SPADES ACE SPADES THREE,0.4138,0.0052,0.581
SPADES QUEEN SPADES THREE,0.4216,0.0096,0.5688
CLUBS SIX DIAMONDS EIGHT,0.3722,0.0624,0.5654
SPADES KING SPADES THREE,0.4284,0.0086,0.563
DIAMONDS QUEEN DIAMONDS EIGHT,0.3762,0.0104,0.6134
HEARTS TWO DIAMONDS EIGHT,0.442,0.0654,0.4926
DIAMONDS KING DIAMONDS EIGHT,0.373,0.007,0.62
HEARTS THREE DIAMONDS EIGHT,0.4476,0.068,0.4844
DIAMONDS ACE DIAMONDS EIGHT,0.3562,0.0046,0.6392
HEARTS FOUR DIAMONDS EIGHT,0.287,0.145,0.568
HEARTS FIVE DIAMONDS EIGHT,0.3922,0.0626,0.5452
DIAMONDS EIGHT DIAMONDS TEN,0.3428,0.026,0.6312
DIAMONDS EIGHT DIAMONDS JACK,0.3494,0.0156,0.635
SPADES JACK SPADES THREE,0.4226,0.0198,0.5576
SPADES TEN SPADES THREE,0.4148,0.0246,0.5606
CLUBS SIX HEARTS TEN,0.4048,0.0272,0.568
CLUBS SIX HEARTS JACK,0.4128,0.0174,0.5698
DIAMONDS EIGHT SPADES FOUR,0.2966,0.1342,0.5692
SPADES FIVE DIAMONDS EIGHT,0.3902,0.0626,0.5472
DIAMONDS EIGHT SPADES TWO,0.4412,0.06,0.4988
DIAMONDS EIGHT SPADES THREE,0.4536,0.0548,0.4916
SPADES EIGHT DIAMONDS EIGHT,0.1902,0.0814,0.7284
SPADES TEN DIAMONDS QUEEN,0.3862,0.0094,0.6044
SPADES TEN HEARTS TWO,0.4612,0.0292,0.5096
SPADES JACK HEARTS EIGHT,0.3854,0.0184,0.5962
SPADES NINE DIAMONDS EIGHT,0.3586,0.036,0.6054
SPADES TEN HEARTS EIGHT,0.3602,0.023,0.6168
SPADES JACK HEARTS TWO,0.4532,0.022,0.5248
SPADES JACK DIAMONDS QUEEN,0.3774,0.0078,0.6148
SPADES SIX DIAMONDS EIGHT,0.393,0.0598,0.5472
SPADES SEVEN DIAMONDS EIGHT,0.278,0.1324,0.5896
SPADES ACE HEARTS TWO,0.4452,0.0058,0.549
SPADES ACE DIAMONDS QUEEN,0.3968,0.0036,0.5996
SPADES ACE HEARTS EIGHT,0.3864,0.004,0.6096
SPADES KING HEARTS EIGHT,0.3866,0.0062,0.6072
SPADES QUEEN HEARTS TWO,0.4498,0.0124,0.5378
SPADES QUEEN DIAMONDS QUEEN,0.205,0.0268,0.7682
SPADES KING DIAMONDS QUEEN,0.3914,0.0056,0.603
SPADES KING HEARTS TWO,0.4616,0.0102,0.5282
SPADES QUEEN HEARTS EIGHT,0.389,0.014,0.597
CLUBS TWO HEARTS TEN,0.4388,0.0276,0.5336
CLUBS TWO HEARTS JACK,0.4568,0.0194,0.5238
SPADES SEVEN DIAMONDS NINE,0.2758,0.1104,0.6138
SPADES SIX DIAMONDS NINE,0.4062,0.0416,0.5522
SPADES NINE DIAMONDS NINE,0.1948,0.0684,0.7368
SPADES EIGHT DIAMONDS NINE,0.3622,0.0352,0.6026
SPADES TEN CLUBS KING,0.3674,0.0086,0.624
DIAMONDS NINE SPADES THREE,0.4374,0.0386,0.524
SPADES JACK CLUBS KING,0.385,0.007,0.608
DIAMONDS NINE SPADES TWO,0.4486,0.0438,0.5076
DIAMONDS NINE SPADES FIVE,0.3866,0.045,0.5684
DIAMONDS NINE SPADES FOUR,0.3072,0.1,0.5928
CLUBS NINE DIAMONDS NINE,0.185,0.0658,0.7492
CLUBS EIGHT DIAMONDS NINE,0.3566,0.0344,0.609
CLUBS SIX DIAMONDS NINE,0.3774,0.0458,0.5768
CLUBS FIVE DIAMONDS NINE,0.3992,0.0404,0.5604
CLUBS TWO DIAMONDS NINE,0.4434,0.0458,0.5108
CLUBS THREE DIAMONDS NINE,0.4464,0.045,0.5086
DIAMONDS NINE HEARTS EIGHT,0.361,0.0338,0.6052
DIAMONDS NINE HEARTS NINE,0.2154,0.0604,0.7242
HEARTS SIX DIAMONDS NINE,0.3936,0.0404,0.566
DIAMONDS NINE HEARTS SEVEN,0.2816,0.1018,0.6166
CLUBS EIGHT CLUBS NINE,0.2986,0.0364,0.665
DIAMONDS ACE DIAMONDS NINE,0.3666,0.0042,0.6292
HEARTS FOUR DIAMONDS NINE,0.3052,0.0964,0.5984
HEARTS FIVE DIAMONDS NINE,0.402,0.0404,0.5576
CLUBS TWO HEARTS ACE,0.4268,0.007,0.5662
DIAMONDS QUEEN DIAMONDS NINE,0.3648,0.007,0.6282
HEARTS TWO DIAMONDS NINE,0.452,0.0494,0.4986
CLUBS TWO HEARTS KING,0.448,0.0092,0.5428
DIAMONDS KING DIAMONDS NINE,0.361,0.0092,0.6298
HEARTS THREE DIAMONDS NINE,0.4486,0.0436,0.5078
CLUBS TWO HEARTS QUEEN,0.4466,0.013,0.5404
DIAMONDS NINE DIAMONDS JACK,0.3534,0.0158,0.6308
CLUBS EIGHT SPADES NINE,0.3548,0.0366,0.6086
DIAMONDS NINE DIAMONDS TEN,0.3516,0.0218,0.6266
CLUBS EIGHT SPADES EIGHT,0.1846,0.0806,0.7348
CLUBS EIGHT SPADES SEVEN,0.2778,0.1392,0.583
CLUBS EIGHT SPADES SIX,0.3704,0.0664,0.5632
CLUBS EIGHT SPADES FIVE,0.3856,0.0572,0.5572
CLUBS EIGHT SPADES FOUR,0.2756,0.1438,0.5806
CLUBS EIGHT SPADES THREE,0.44,0.0666,0.4934
CLUBS EIGHT SPADES TWO,0.4542,0.0644,0.4814
HEARTS SIX DIAMONDS TEN,0.399,0.025,0.576
DIAMONDS TEN HEARTS SEVEN,0.2998,0.079,0.6212
DIAMONDS TEN HEARTS EIGHT,0.3768,0.0276,0.5956
DIAMONDS TEN HEARTS NINE,0.3738,0.0224,0.6038
CLUBS TWO DIAMONDS TEN,0.4394,0.0294,0.5312
CLUBS THREE DIAMONDS TEN,0.4438,0.0266,0.5296
DIAMONDS JACK DIAMONDS TEN,0.3576,0.0132,0.6292
DIAMONDS QUEEN DIAMONDS TEN,0.3554,0.0094,0.6352
HEARTS TWO DIAMONDS TEN,0.4528,0.0226,0.5246
DIAMONDS KING DIAMONDS TEN,0.3696,0.007,0.6234
HEARTS THREE DIAMONDS TEN,0.4514,0.0256,0.523
DIAMONDS ACE DIAMONDS TEN,0.3648,0.0026,0.6326
HEARTS FOUR DIAMONDS TEN,0.309,0.0756,0.6154
CLUBS EIGHT HEARTS JACK,0.3706,0.02,0.6094
HEARTS FIVE DIAMONDS TEN,0.4184,0.0294,0.5522
CLUBS EIGHT HEARTS TEN,0.3578,0.0274,0.6148
CLUBS EIGHT HEARTS QUEEN,0.3696,0.0128,0.6176
CLUBS EIGHT HEARTS KING,0.3664,0.008,0.6256
CLUBS EIGHT HEARTS ACE,0.3704,0.0042,0.6254
CLUBS NINE SPADES THREE,0.4108,0.0388,0.5504
CLUBS NINE SPADES TWO,0.4384,0.045,0.5166
CLUBS NINE SPADES FIVE,0.396,0.0468,0.5572
CLUBS NINE SPADES FOUR,0.2954,0.1066,0.598
CLUBS NINE SPADES SEVEN,0.2584,0.1104,0.6312
CLUBS NINE SPADES SIX,0.374,0.0442,0.5818
CLUBS NINE SPADES NINE,0.1844,0.0692,0.7464
CLUBS TEN HEARTS EIGHT,0.361,0.0244,0.6146
CLUBS NINE SPADES EIGHT,0.3604,0.038,0.6016
CLUBS JACK HEARTS EIGHT,0.3768,0.0206,0.6026
CLUBS QUEEN HEARTS EIGHT,0.3672,0.013,0.6198
CLUBS KING HEARTS EIGHT,0.362,0.0104,0.6276
CLUBS ACE HEARTS EIGHT,0.3694,0.0054,0.6252
SPADES KING CLUBS KING,0.1938,0.0188,0.7874
SPADES QUEEN CLUBS KING,0.3768,0.006,0.6172
SPADES ACE CLUBS KING,0.3626,0.0042,0.6332
DIAMONDS ACE HEARTS TEN,0.39,0.0028,0.6072
HEARTS FOUR HEARTS TEN,0.296,0.0672,0.6368
DIAMONDS ACE HEARTS JACK,0.3836,0.0034,0.613
HEARTS FOUR HEARTS JACK,0.2882,0.0536,0.6582
SPADES KING CLUBS FIVE,0.4146,0.0078,0.5776
SPADES QUEEN CLUBS FIVE,0.4086,0.0156,0.5758
SPADES ACE CLUBS FIVE,0.3844,0.005,0.6106
DIAMONDS JACK HEARTS SEVEN,0.304,0.058,0.638
HEARTS SIX DIAMONDS JACK,0.427,0.0148,0.5582
DIAMONDS JACK HEARTS NINE,0.3838,0.0168,0.5994
DIAMONDS JACK HEARTS EIGHT,0.3926,0.0168,0.5906
DIAMONDS KING DIAMONDS JACK,0.374,0.0058,0.6202
HEARTS THREE DIAMONDS JACK,0.4286,0.0214,0.55
SPADES ACE SPADES SIX,0.3856,0.0034,0.611
HEARTS ACE SPADES FOUR,0.296,0.0176,0.6864
DIAMONDS QUEEN DIAMONDS JACK,0.359,0.0106,0.6304
HEARTS TWO DIAMONDS JACK,0.4574,0.0196,0.523
HEARTS FIVE DIAMONDS JACK,0.411,0.0194,0.5696
SPADES QUEEN SPADES SIX,0.3866,0.0116,0.6018
SPADES FOUR HEARTS QUEEN,0.3158,0.0418,0.6424
DIAMONDS ACE DIAMONDS JACK,0.3608,0.005,0.6342
HEARTS FOUR DIAMONDS JACK,0.3158,0.0496,0.6346
SPADES KING SPADES SIX,0.3804,0.008,0.6116
HEARTS KING SPADES FOUR,0.3146,0.0248,0.6606
SPADES TEN SPADES SIX,0.3858,0.0212,0.593
SPADES JACK SPADES SIX,0.3992,0.0156,0.5852
SPADES FOUR DIAMONDS JACK,0.3202,0.0554,0.6244
SPADES FIVE DIAMONDS JACK,0.4122,0.017,0.5708
DIAMONDS JACK SPADES TWO,0.446,0.0216,0.5324
DIAMONDS JACK SPADES THREE,0.4434,0.0156,0.541
SPADES ACE DIAMONDS THREE,0.4308,0.0062,0.563
CLUBS EIGHT DIAMONDS JACK,0.3688,0.0164,0.6148
SPADES QUEEN DIAMONDS THREE,0.4386,0.0122,0.5492
SPADES KING DIAMONDS THREE,0.4306,0.0078,0.5616
CLUBS NINE DIAMONDS JACK,0.3706,0.0144,0.615
CLUBS SIX DIAMONDS JACK,0.4102,0.0202,0.5696
CLUBS FIVE DIAMONDS JACK,0.4112,0.019,0.5698
CLUBS TWO DIAMONDS JACK,0.4462,0.0212,0.5326
CLUBS THREE DIAMONDS JACK,0.4492,0.018,0.5328
SPADES TEN CLUBS FIVE,0.4062,0.03,0.5638
HEARTS SIX SPADES JACK,0.4122,0.0186,0.5692
HEARTS SIX SPADES TEN,0.411,0.0234,0.5656
SPADES JACK CLUBS FIVE,0.412,0.0184,0.5696
SPADES JACK DIAMONDS THREE,0.4428,0.0182,0.539
DIAMONDS THREE SPADES TEN,0.4442,0.0266,0.5292
SPADES NINE DIAMONDS JACK,0.3758,0.0128,0.6114
DIAMONDS ACE HEARTS ACE,0.1922,0.0038,0.804
HEARTS FOUR HEARTS ACE,0.2914,0.0176,0.691
SPADES EIGHT DIAMONDS JACK,0.3832,0.0178,0.599
SPADES ACE HEARTS SIX,0.3984,0.0062,0.5954
DIAMONDS ACE HEARTS KING,0.3928,0.005,0.6022
HEARTS FOUR HEARTS KING,0.2888,0.0318,0.6794
SPADES SEVEN DIAMONDS JACK,0.2986,0.0612,0.6402
SPADES KING HEARTS SIX,0.4022,0.0076,0.5902
DIAMONDS ACE HEARTS QUEEN,0.3784,0.0034,0.6182
HEARTS FOUR HEARTS QUEEN,0.3022,0.0378,0.66
SPADES QUEEN HEARTS SIX,0.4136,0.011,0.5754
SPADES SIX DIAMONDS JACK,0.4192,0.0166,0.5642
DIAMONDS TEN SPADES TWO,0.4566,0.0242,0.5192
SPADES THREE DIAMONDS TEN,0.44,0.026,0.534
SPADES FOUR DIAMONDS TEN,0.3154,0.0778,0.6068
SPADES FIVE DIAMONDS TEN,0.4064,0.0266,0.567
SPADES SIX DIAMONDS TEN,0.4086,0.0244,0.567
SPADES SEVEN DIAMONDS TEN,0.3038,0.0806,0.6156
SPADES EIGHT DIAMONDS TEN,0.3866,0.0242,0.5892
SPADES NINE DIAMONDS TEN,0.37,0.0186,0.6114
CLUBS FIVE DIAMONDS TEN,0.4072,0.0274,0.5654
CLUBS SIX DIAMONDS TEN,0.4008,0.024,0.5752
CLUBS EIGHT DIAMONDS TEN,0.3516,0.022,0.6264
CLUBS NINE DIAMONDS TEN,0.3708,0.0214,0.6078
CLUBS JACK DIAMONDS THREE,0.4292,0.0212,0.5496
CLUBS TEN DIAMONDS THREE,0.4362,0.0302,0.5336
DIAMONDS THREE CLUBS KING,0.4396,0.0126,0.5478
DIAMONDS THREE CLUBS QUEEN,0.435,0.012,0.553
DIAMONDS THREE CLUBS ACE,0.4198,0.006,0.5742
SPADES FOUR HEARTS JACK,0.3128,0.052,0.6352
SPADES FOUR HEARTS TEN,0.3098,0.0762,0.614
SPADES FIVE SPADES TWO,0.5424,0.0906,0.367
SPADES FOUR SPADES TWO,0.5538,0.1828,0.2634
SPADES THREE SPADES TWO,0.5514,0.0896,0.359
SPADES NINE SPADES TWO,0.4164,0.0434,0.5402
SPADES EIGHT SPADES TWO,0.4284,0.0634,0.5082
SPADES SEVEN SPADES TWO,0.3112,0.4438,0.245
SPADES SIX SPADES TWO,0.553,0.0944,0.3526
DIAMONDS QUEEN CLUBS THREE,0.4446,0.016,0.5394
HEARTS TWO CLUBS THREE,0.5908,0.1066,0.3026
DIAMONDS QUEEN CLUBS TWO,0.4454,0.0158,0.5388
CLUBS TWO HEARTS TWO,0.395,0.1114,0.4936
DIAMONDS QUEEN HEARTS SEVEN,0.3074,0.046,0.6466
HEARTS TWO HEARTS SEVEN,0.3148,0.4394,0.2458
HEARTS SIX DIAMONDS QUEEN,0.4054,0.0094,0.5852
HEARTS SIX HEARTS TWO,0.5484,0.0922,0.3594
DIAMONDS QUEEN HEARTS NINE,0.3798,0.0112,0.609
HEARTS TWO HEARTS NINE,0.4206,0.044,0.5354
DIAMONDS QUEEN HEARTS EIGHT,0.393,0.0136,0.5934
HEARTS TWO HEARTS EIGHT,0.4218,0.0624,0.5158
CLUBS NINE HEARTS TWO,0.422,0.0486,0.5294
CLUBS NINE DIAMONDS QUEEN,0.3706,0.01,0.6194
CLUBS EIGHT DIAMONDS QUEEN,0.3592,0.0156,0.6252
CLUBS EIGHT HEARTS TWO,0.449,0.0684,0.4826
CLUBS FIVE DIAMONDS QUEEN,0.406,0.014,0.58
CLUBS FIVE HEARTS TWO,0.5608,0.1046,0.3346
SPADES EIGHT HEARTS ACE,0.3904,0.005,0.6046
SPADES EIGHT HEARTS QUEEN,0.3846,0.0098,0.6056
CLUBS SIX DIAMONDS QUEEN,0.4132,0.017,0.5698
CLUBS SIX HEARTS TWO,0.568,0.103,0.329
SPADES EIGHT HEARTS KING,0.3936,0.0074,0.599
HEARTS TWO SPADES SIX,0.5906,0.0952,0.3142
DIAMONDS QUEEN SPADES SIX,0.416,0.0112,0.5728
HEARTS FOUR CLUBS QUEEN,0.2882,0.041,0.6708
DIAMONDS ACE CLUBS QUEEN,0.3732,0.0044,0.6224
DIAMONDS QUEEN SPADES SEVEN,0.3078,0.0478,0.6444
HEARTS TWO SPADES SEVEN,0.3422,0.457,0.2008
HEARTS FOUR CLUBS KING,0.2992,0.0346,0.6662
DIAMONDS ACE CLUBS KING,0.3914,0.004,0.6046
DIAMONDS QUEEN SPADES EIGHT,0.4028,0.0118,0.5854
SPADES EIGHT HEARTS TWO,0.449,0.0612,0.4898
HEARTS FOUR CLUBS ACE,0.2852,0.016,0.6988
DIAMONDS ACE CLUBS ACE,0.1854,0.0058,0.8088
SPADES NINE DIAMONDS QUEEN,0.38,0.0092,0.6108
SPADES NINE HEARTS TWO,0.4538,0.0406,0.5056
HEARTS TWO SPADES TWO,0.3988,0.1202,0.481
DIAMONDS QUEEN SPADES TWO,0.4502,0.013,0.5368
HEARTS TWO SPADES THREE,0.592,0.1036,0.3044
DIAMONDS QUEEN SPADES THREE,0.4512,0.0112,0.5376
HEARTS TWO SPADES FOUR,0.586,0.1958,0.2182
DIAMONDS QUEEN SPADES FOUR,0.2996,0.0418,0.6586
CLUBS TEN HEARTS FOUR,0.2932,0.0778,0.629
CLUBS TEN DIAMONDS ACE,0.3754,0.005,0.6196
HEARTS TWO SPADES FIVE,0.5748,0.0906,0.3346
DIAMONDS QUEEN SPADES FIVE,0.4072,0.0088,0.584
HEARTS FOUR CLUBS JACK,0.2952,0.066,0.6388
CLUBS JACK DIAMONDS ACE,0.3638,0.0046,0.6316
CLUBS FIVE CLUBS KING,0.3636,0.0108,0.6256
CLUBS FIVE CLUBS QUEEN,0.3494,0.015,0.6356
CLUBS FIVE CLUBS ACE,0.356,0.004,0.64
CLUBS JACK CLUBS FIVE,0.3586,0.0216,0.6198
CLUBS TEN CLUBS FIVE,0.3596,0.032,0.6084
SPADES KING CLUBS JACK,0.3782,0.0084,0.6134
CLUBS JACK SPADES QUEEN,0.3698,0.009,0.6212
SPADES ACE CLUBS JACK,0.3784,0.0052,0.6164
SPADES SIX CLUBS KING,0.3992,0.0096,0.5912
SPADES SIX CLUBS QUEEN,0.3948,0.0134,0.5918
SPADES EIGHT HEARTS JACK,0.3744,0.017,0.6086
SPADES SIX CLUBS ACE,0.4006,0.0048,0.5946
SPADES EIGHT HEARTS TEN,0.365,0.0254,0.6096
CLUBS JACK SPADES SIX,0.4118,0.0186,0.5696
CLUBS TEN SPADES SIX,0.3986,0.0252,0.5762
CLUBS JACK SPADES TEN,0.3588,0.0158,0.6254
CLUBS JACK SPADES JACK,0.1882,0.0452,0.7666
SPADES SIX HEARTS TEN,0.4084,0.0288,0.5628
SPADES SIX HEARTS JACK,0.4248,0.0174,0.5578
SPADES SIX HEARTS ACE,0.4166,0.0056,0.5778
SPADES SIX HEARTS KING,0.419,0.0052,0.5758
SPADES SIX HEARTS QUEEN,0.4098,0.0096,0.5806
CLUBS TEN HEARTS SIX,0.3954,0.026,0.5786
CLUBS JACK HEARTS SIX,0.4138,0.0164,0.5698
CLUBS JACK CLUBS ACE,0.326,0.007,0.667
HEARTS SIX CLUBS QUEEN,0.3994,0.01,0.5906
HEARTS SIX CLUBS KING,0.3974,0.0074,0.5952
HEARTS SIX CLUBS ACE,0.4074,0.0048,0.5878
CLUBS JACK CLUBS QUEEN,0.3214,0.0128,0.6658
CLUBS JACK CLUBS KING,0.3352,0.0068,0.658
DIAMONDS THREE HEARTS ACE,0.4436,0.0054,0.551
DIAMONDS THREE HEARTS QUEEN,0.4446,0.012,0.5434
DIAMONDS THREE HEARTS KING,0.4532,0.0086,0.5382
CLUBS FIVE HEARTS JACK,0.4066,0.0186,0.5748
SPADES TEN DIAMONDS ACE,0.367,0.0034,0.6296
HEARTS FOUR SPADES TEN,0.3184,0.0712,0.6104
CLUBS FIVE HEARTS TEN,0.4192,0.0308,0.55
HEARTS FOUR SPADES JACK,0.3054,0.0554,0.6392
SPADES JACK DIAMONDS ACE,0.3856,0.003,0.6114
SPADES ACE HEARTS FOUR,0.3076,0.0176,0.6748
SPADES ACE DIAMONDS ACE,0.2104,0.0028,0.7868
CLUBS FIVE HEARTS ACE,0.379,0.0046,0.6164
CLUBS FIVE HEARTS KING,0.4074,0.0086,0.584
HEARTS FOUR SPADES QUEEN,0.3142,0.0406,0.6452
SPADES QUEEN DIAMONDS ACE,0.3916,0.0038,0.6046
CLUBS JACK SPADES FOUR,0.3008,0.0522,0.647
CLUBS FIVE HEARTS QUEEN,0.401,0.013,0.586
SPADES KING DIAMONDS ACE,0.3874,0.0038,0.6088
HEARTS FOUR SPADES KING,0.3056,0.03,0.6644
CLUBS TEN SPADES FOUR,0.2974,0.0768,0.6258
DIAMONDS QUEEN DIAMONDS ACE,0.3626,0.0058,0.6316
HEARTS TWO DIAMONDS ACE,0.4458,0.0036,0.5506
HEARTS FOUR DIAMONDS QUEEN,0.3122,0.0448,0.643
HEARTS FOUR HEARTS TWO,0.5408,0.1972,0.262
DIAMONDS THREE HEARTS TEN,0.446,0.0274,0.5266
SPADES FOUR CLUBS KING,0.304,0.0316,0.6644
HEARTS FIVE DIAMONDS QUEEN,0.4114,0.0088,0.5798
HEARTS FIVE HEARTS TWO,0.547,0.0956,0.3574
DIAMONDS THREE HEARTS JACK,0.4566,0.0188,0.5246
SPADES FOUR CLUBS QUEEN,0.294,0.0376,0.6684
DIAMONDS QUEEN HEARTS TWO,0.455,0.0144,0.5306
DIAMONDS KING DIAMONDS QUEEN,0.3744,0.0074,0.6182
DIAMONDS KING HEARTS TWO,0.4496,0.0086,0.5418
HEARTS THREE DIAMONDS QUEEN,0.45,0.0116,0.5384
HEARTS THREE HEARTS TWO,0.5504,0.0936,0.356
SPADES FOUR CLUBS ACE,0.281,0.0222,0.6968
HEARTS TWO CLUBS ACE,0.4386,0.006,0.5554
DIAMONDS QUEEN CLUBS ACE,0.3782,0.0052,0.6166
HEARTS TWO CLUBS QUEEN,0.44,0.0156,0.5444
DIAMONDS QUEEN CLUBS QUEEN,0.183,0.033,0.784
HEARTS TWO CLUBS KING,0.438,0.0106,0.5514
DIAMONDS QUEEN CLUBS KING,0.372,0.0074,0.6206
SPADES EIGHT SPADES FIVE,0.361,0.0614,0.5776
CLUBS TEN HEARTS TWO,0.4372,0.0274,0.5354
CLUBS TEN DIAMONDS QUEEN,0.3734,0.0102,0.6164
SPADES NINE SPADES FIVE,0.3848,0.0364,0.5788
CLUBS JACK HEARTS TWO,0.4424,0.0228,0.5348
CLUBS JACK DIAMONDS QUEEN,0.3806,0.0078,0.6116
SPADES SIX SPADES FIVE,0.504,0.0806,0.4154
SPADES SEVEN SPADES FIVE,0.2464,0.4106,0.343
DIAMONDS FIVE CLUBS QUEEN,0.3892,0.0118,0.599
SPADES EIGHT CLUBS ACE,0.3712,0.0036,0.6252
DIAMONDS FIVE CLUBS KING,0.4068,0.0092,0.584
SPADES EIGHT CLUBS KING,0.3768,0.0082,0.615
DIAMONDS FIVE CLUBS ACE,0.3914,0.0046,0.604
SPADES EIGHT CLUBS QUEEN,0.371,0.0092,0.6198
CLUBS JACK SPADES EIGHT,0.372,0.0204,0.6076
CLUBS TEN SPADES EIGHT,0.3544,0.0272,0.6184
CLUBS TEN DIAMONDS FIVE,0.4006,0.0296,0.5698
CLUBS JACK DIAMONDS FIVE,0.3942,0.0244,0.5814
HEARTS JACK DIAMONDS TEN,0.3736,0.0144,0.612
DIAMONDS TEN HEARTS TEN,0.2056,0.0582,0.7362
SPADES ACE CLUBS NINE,0.372,0.0046,0.6234
SPADES QUEEN CLUBS NINE,0.3638,0.0126,0.6236
SPADES KING CLUBS NINE,0.3674,0.0084,0.6242
HEARTS SIX HEARTS KING,0.3902,0.0062,0.6036
DIAMONDS KING SPADES SEVEN,0.308,0.0346,0.6574
HEARTS THREE SPADES SEVEN,0.3068,0.4908,0.2024
SPADES KING DIAMONDS SEVEN,0.3034,0.0338,0.6628
HEARTS SIX HEARTS QUEEN,0.3968,0.0122,0.591
SPADES QUEEN DIAMONDS SEVEN,0.2976,0.0456,0.6568
HEARTS THREE SPADES SIX,0.5732,0.0936,0.3332
DIAMONDS KING SPADES SIX,0.4046,0.0072,0.5882
DIAMONDS KING SPADES NINE,0.3942,0.0068,0.599
HEARTS THREE SPADES NINE,0.4406,0.0426,0.5168
HEARTS SIX HEARTS ACE,0.3882,0.004,0.6078
DIAMONDS KING SPADES EIGHT,0.3994,0.0054,0.5952
HEARTS THREE SPADES EIGHT,0.4612,0.0588,0.48
SPADES ACE DIAMONDS SEVEN,0.306,0.0306,0.6634
HEARTS THREE CLUBS NINE,0.4326,0.0482,0.5192
CLUBS NINE DIAMONDS KING,0.3762,0.0068,0.617
CLUBS EIGHT DIAMONDS KING,0.3624,0.0064,0.6312
HEARTS THREE CLUBS EIGHT,0.423,0.07,0.507
HEARTS THREE SPADES THREE,0.3914,0.1156,0.493
DIAMONDS KING SPADES THREE,0.4482,0.0086,0.5432
HEARTS THREE SPADES TWO,0.5918,0.101,0.3072
