opposingHand,winningChance,drawChance,lostChance
CLUBS NINE HEARTS THREE
HEARTS FIVE SPADES TEN,0.3566,0.0292,0.6142
HEARTS FIVE SPADES JACK,0.3544,0.0174,0.6282
CLUBS JACK SPADES FIVE,0.354,0.0186,0.6274
CLUBS TEN SPADES FIVE,0.3494,0.0314,0.6192
CLUBS JACK CLUBS EIGHT,0.3328,0.0206,0.6466
CLUBS TEN CLUBS EIGHT,0.3018,0.023,0.6752
CLUBS EIGHT CLUBS KING,0.3366,0.0086,0.6548
SPADES FIVE CLUBS ACE,0.3404,0.003,0.6566
CLUBS EIGHT CLUBS QUEEN,0.3338,0.0102,0.656
SPADES FIVE CLUBS KING,0.3542,0.008,0.6378
SPADES FIVE CLUBS QUEEN,0.36,0.0126,0.6274
CLUBS EIGHT CLUBS ACE,0.3342,0.0054,0.6604
DIAMONDS TWO DIAMONDS THREE,0.5944,0.111,0.2946
DIAMONDS TWO DIAMONDS FIVE,0.535,0.0444,0.4206
HEARTS FIVE SPADES KING,0.3498,0.0068,0.6434
DIAMONDS TWO DIAMONDS FOUR,0.5474,0.0402,0.4124
HEARTS FIVE SPADES QUEEN,0.351,0.0124,0.6366
DIAMONDS TWO DIAMONDS SEVEN,0.5688,0.0422,0.389
DIAMONDS TWO DIAMONDS SIX,0.5556,0.0406,0.4038
SPADES ACE HEARTS FIVE,0.335,0.0048,0.6602
DIAMONDS TWO DIAMONDS NINE,0.2474,0.4978,0.2548
DIAMONDS TWO DIAMONDS EIGHT,0.5642,0.0418,0.394
DIAMONDS THREE DIAMONDS FOUR,0.5776,0.1012,0.3212
CLUBS TWO SPADES FOUR,0.5844,0.0424,0.3732
DIAMONDS THREE DIAMONDS FIVE,0.5724,0.0972,0.3304
SPADES FIVE CLUBS TWO,0.5932,0.047,0.3598
CLUBS TWO SPADES TWO,0.367,0.0906,0.5424
CLUBS TWO SPADES THREE,0.6408,0.1118,0.2474
DIAMONDS THREE DIAMONDS EIGHT,0.626,0.094,0.28
SPADES EIGHT CLUBS TWO,0.6036,0.044,0.3524
DIAMONDS THREE DIAMONDS NINE,0.023,0.9084,0.0686
SPADES NINE CLUBS TWO,0.2688,0.5228,0.2084
DIAMONDS THREE DIAMONDS SIX,0.5992,0.099,0.3018
SPADES SIX CLUBS TWO,0.5998,0.042,0.3582
DIAMONDS THREE DIAMONDS SEVEN,0.5958,0.102,0.3022
SPADES SEVEN CLUBS TWO,0.5934,0.0468,0.3598
CLUBS SIX CLUBS TWO,0.5698,0.0482,0.382
CLUBS SEVEN CLUBS TWO,0.5654,0.045,0.3896
CLUBS FOUR CLUBS TWO,0.5556,0.0418,0.4026
CLUBS FIVE CLUBS TWO,0.5554,0.0478,0.3968
CLUBS TEN CLUBS JACK,0.2842,0.0148,0.701
DIAMONDS FOUR DIAMONDS SIX,0.5146,0.0374,0.448
CLUBS TEN CLUBS QUEEN,0.2868,0.0074,0.7058
DIAMONDS FOUR DIAMONDS SEVEN,0.5234,0.0446,0.432
CLUBS TEN CLUBS KING,0.3002,0.0074,0.6924
CLUBS TEN CLUBS ACE,0.2994,0.0048,0.6958
CLUBS EIGHT CLUBS TWO,0.5724,0.0462,0.3814
DIAMONDS FIVE DIAMONDS FOUR,0.5042,0.0442,0.4516
DIAMONDS NINE DIAMONDS FOUR,0.2076,0.494,0.2984
DIAMONDS EIGHT DIAMONDS FOUR,0.5208,0.0374,0.4418
CLUBS THREE CLUBS TWO,0.6176,0.103,0.2794
DIAMONDS NINE DIAMONDS FIVE,0.2052,0.42,0.3748
CLUBS JACK DIAMONDS TWO,0.3824,0.022,0.5956
DIAMONDS EIGHT DIAMONDS FIVE,0.4964,0.0474,0.4562
CLUBS TEN DIAMONDS TWO,0.3806,0.0318,0.5876
DIAMONDS FIVE DIAMONDS SEVEN,0.5052,0.0406,0.4542
DIAMONDS FIVE DIAMONDS SIX,0.4958,0.0428,0.4614
DIAMONDS TWO CLUBS ACE,0.3682,0.0046,0.6272
DIAMONDS TWO CLUBS KING,0.3892,0.0108,0.6
DIAMONDS TWO CLUBS QUEEN,0.393,0.0154,0.5916
DIAMONDS EIGHT DIAMONDS SIX,0.4858,0.042,0.4722
DIAMONDS NINE DIAMONDS SIX,0.2014,0.3418,0.4568
HEARTS ACE SPADES THREE,0.2348,0.02,0.7452
SPADES THREE HEARTS KING,0.2452,0.0348,0.72
DIAMONDS SEVEN DIAMONDS SIX,0.4926,0.0412,0.4662
HEARTS QUEEN SPADES THREE,0.2392,0.0416,0.7192
SPADES THREE HEARTS JACK,0.222,0.0624,0.7156
SPADES THREE HEARTS TEN,0.2296,0.08,0.6904
DIAMONDS EIGHT DIAMONDS SEVEN,0.4856,0.0356,0.4788
DIAMONDS NINE DIAMONDS SEVEN,0.2062,0.2828,0.511
DIAMONDS NINE DIAMONDS EIGHT,0.2126,0.2058,0.5816
DIAMONDS KING HEARTS TEN,0.305,0.0056,0.6894
SPADES JACK CLUBS SIX,0.3652,0.0174,0.6174
DIAMONDS KING HEARTS JACK,0.3138,0.0066,0.6796
SPADES TEN CLUBS SIX,0.3458,0.0288,0.6254
SPADES JACK SPADES FIVE,0.3368,0.0168,0.6464
SPADES TEN SPADES FIVE,0.345,0.0226,0.6324
DIAMONDS KING HEARTS ACE,0.3334,0.004,0.6626
SPADES ACE CLUBS SIX,0.3628,0.0056,0.6316
DIAMONDS KING HEARTS QUEEN,0.3174,0.0072,0.6754
SPADES KING CLUBS SIX,0.3536,0.0082,0.6382
DIAMONDS KING HEARTS KING,0.1318,0.0168,0.8514
SPADES QUEEN CLUBS SIX,0.3652,0.0102,0.6246
SPADES NINE HEARTS TEN,0.2128,0.0696,0.7176
SPADES NINE HEARTS JACK,0.233,0.06,0.707
SPADES QUEEN SPADES FIVE,0.3366,0.0126,0.6508
SPADES KING SPADES FIVE,0.3444,0.0062,0.6494
SPADES ACE SPADES FIVE,0.3344,0.0036,0.662
SPADES NINE HEARTS QUEEN,0.2278,0.0514,0.7208
SPADES NINE HEARTS KING,0.2212,0.0424,0.7364
SPADES NINE HEARTS ACE,0.2138,0.0282,0.758
CLUBS TEN SPADES JACK,0.297,0.0154,0.6876
CLUBS TEN SPADES TEN,0.1404,0.0428,0.8168
SPADES ACE CLUBS TEN,0.3244,0.0042,0.6714
CLUBS TEN SPADES KING,0.3134,0.0094,0.6772
CLUBS TEN SPADES QUEEN,0.3078,0.0108,0.6814
SPADES FIVE HEARTS QUEEN,0.3612,0.0136,0.6252
SPADES FIVE HEARTS KING,0.354,0.0102,0.6358
HEARTS ACE SPADES FIVE,0.3408,0.004,0.6552
CLUBS EIGHT SPADES TEN,0.3286,0.0254,0.646
SPADES JACK DIAMONDS KING,0.3356,0.0058,0.6586
SPADES TEN DIAMONDS KING,0.3278,0.0058,0.6664
SPADES JACK CLUBS EIGHT,0.336,0.0192,0.6448
CLUBS SIX HEARTS ACE,0.36,0.004,0.636
SPADES ACE CLUBS EIGHT,0.3518,0.0048,0.6434
HEARTS FIVE CLUBS JACK,0.3318,0.0182,0.65
CLUBS TEN HEARTS FIVE,0.349,0.0258,0.6252
CLUBS SIX HEARTS QUEEN,0.3566,0.0138,0.6296
SPADES QUEEN CLUBS EIGHT,0.3482,0.014,0.6378
CLUBS TEN SPADES THREE,0.2318,0.081,0.6872
CLUBS SIX HEARTS KING,0.3442,0.0088,0.647
SPADES KING CLUBS EIGHT,0.3544,0.0074,0.6382
CLUBS JACK SPADES THREE,0.2316,0.058,0.7104
DIAMONDS TWO HEARTS JACK,0.3918,0.0172,0.591
SPADES THREE CLUBS QUEEN,0.2256,0.0478,0.7266
DIAMONDS TWO HEARTS TEN,0.3886,0.0312,0.5802
SPADES THREE CLUBS KING,0.2442,0.0308,0.725
HEARTS FIVE CLUBS ACE,0.334,0.0054,0.6606
SPADES FIVE HEARTS TEN,0.3492,0.0258,0.625
SPADES THREE CLUBS ACE,0.2274,0.0228,0.7498
HEARTS FIVE CLUBS KING,0.3488,0.0118,0.6394
SPADES FIVE HEARTS JACK,0.3414,0.0164,0.6422
HEARTS FIVE CLUBS QUEEN,0.3602,0.0138,0.626
DIAMONDS KING CLUBS KING,0.1286,0.0146,0.8568
DIAMONDS KING CLUBS QUEEN,0.3188,0.0086,0.6726
HEARTS FIVE HEARTS JACK,0.3362,0.015,0.6488
HEARTS FIVE HEARTS TEN,0.3476,0.0292,0.6232
DIAMONDS KING CLUBS ACE,0.3264,0.0068,0.6668
SPADES ACE CLUBS QUEEN,0.3308,0.0036,0.6656
SPADES KING CLUBS QUEEN,0.3238,0.0066,0.6696
CLUBS JACK DIAMONDS KING,0.327,0.0072,0.6658
SPADES QUEEN CLUBS QUEEN,0.1372,0.0206,0.8422
CLUBS TEN DIAMONDS KING,0.323,0.007,0.67
SPADES JACK CLUBS QUEEN,0.3064,0.009,0.6846
CLUBS SIX CLUBS QUEEN,0.3334,0.0118,0.6548
SPADES TEN CLUBS QUEEN,0.3186,0.0118,0.6696
CLUBS SIX CLUBS KING,0.3492,0.0096,0.6412
CLUBS SIX CLUBS ACE,0.3512,0.006,0.6428
HEARTS FIVE HEARTS KING,0.3472,0.0082,0.6446
HEARTS FIVE HEARTS QUEEN,0.3422,0.0122,0.6456
CLUBS TEN CLUBS SIX,0.3384,0.024,0.6376
HEARTS FIVE HEARTS ACE,0.33,0.0048,0.6652
CLUBS JACK CLUBS SIX,0.3406,0.0182,0.6412
SPADES SEVEN HEARTS JACK,0.346,0.0198,0.6342
SPADES SEVEN HEARTS TEN,0.334,0.0264,0.6396
DIAMONDS TWO CLUBS TWO,0.3654,0.09,0.5446
DIAMONDS TWO CLUBS THREE,0.638,0.1074,0.2546
DIAMONDS TWO HEARTS SIX,0.5986,0.0452,0.3562
DIAMONDS TWO HEARTS QUEEN,0.389,0.011,0.6
HEARTS SEVEN DIAMONDS TWO,0.589,0.0414,0.3696
DIAMONDS TWO HEARTS KING,0.3972,0.0092,0.5936
DIAMONDS TWO HEARTS EIGHT,0.607,0.0428,0.3502
DIAMONDS TWO HEARTS ACE,0.362,0.0086,0.6294
DIAMONDS TWO HEARTS NINE,0.2486,0.5288,0.2226
DIAMONDS TWO DIAMONDS QUEEN,0.3614,0.0142,0.6244
DIAMONDS TWO HEARTS TWO,0.3682,0.0934,0.5384
DIAMONDS TWO DIAMONDS KING,0.3744,0.0078,0.6178
DIAMONDS TWO DIAMONDS ACE,0.3614,0.0048,0.6338
HEARTS FOUR DIAMONDS TWO,0.5768,0.0492,0.374
HEARTS FIVE DIAMONDS TWO,0.5816,0.041,0.3774
SPADES SEVEN HEARTS ACE,0.3418,0.0042,0.654
DIAMONDS TWO DIAMONDS TEN,0.3588,0.029,0.6122
SPADES SEVEN HEARTS KING,0.3548,0.0062,0.639
DIAMONDS TWO DIAMONDS JACK,0.3602,0.0198,0.62
SPADES SEVEN HEARTS QUEEN,0.3582,0.0114,0.6304
DIAMONDS TWO SPADES NINE,0.2654,0.5124,0.2222
DIAMONDS TWO SPADES EIGHT,0.5938,0.0446,0.3616
DIAMONDS TWO SPADES SEVEN,0.6054,0.0504,0.3442
DIAMONDS TWO SPADES SIX,0.5872,0.043,0.3698
DIAMONDS TWO SPADES FIVE,0.5722,0.0518,0.376
DIAMONDS TWO SPADES FOUR,0.5792,0.0448,0.376
DIAMONDS TWO SPADES THREE,0.634,0.1062,0.2598
DIAMONDS TWO SPADES TWO,0.369,0.0954,0.5356
DIAMONDS TWO CLUBS EIGHT,0.6088,0.0442,0.347
CLUBS SEVEN DIAMONDS TWO,0.616,0.0462,0.3378
DIAMONDS TWO CLUBS SIX,0.589,0.0472,0.3638
DIAMONDS TWO CLUBS FIVE,0.5876,0.0478,0.3646
DIAMONDS TWO CLUBS FOUR,0.5946,0.0478,0.3576
CLUBS FOUR SPADES FIVE,0.5516,0.0456,0.4028
CLUBS FOUR SPADES FOUR,0.2804,0.082,0.6376
CLUBS FOUR SPADES THREE,0.6254,0.1034,0.2712
CLUBS FOUR SPADES TWO,0.5846,0.0464,0.369
SPADES NINE CLUBS FOUR,0.2284,0.5302,0.2414
SPADES EIGHT CLUBS FOUR,0.5694,0.0402,0.3904
SPADES SEVEN CLUBS FOUR,0.5588,0.0482,0.393
CLUBS FOUR SPADES SIX,0.5466,0.0444,0.409
SPADES ACE DIAMONDS SIX,0.359,0.0048,0.6362
SPADES QUEEN DIAMONDS SIX,0.3488,0.0112,0.64
SPADES KING DIAMONDS SIX,0.3728,0.006,0.6212
SPADES TEN DIAMONDS SIX,0.348,0.0288,0.6232
SPADES JACK DIAMONDS SIX,0.3734,0.0192,0.6074
SPADES QUEEN SPADES TWO,0.3654,0.0108,0.6238
SPADES KING SPADES TWO,0.3672,0.0098,0.623
SPADES ACE SPADES TWO,0.3596,0.0058,0.6346
CLUBS JACK DIAMONDS JACK,0.1336,0.0288,0.8376
CLUBS TEN DIAMONDS JACK,0.3052,0.017,0.6778
DIAMONDS JACK CLUBS KING,0.3116,0.0072,0.6812
DIAMONDS JACK CLUBS QUEEN,0.312,0.011,0.677
DIAMONDS THREE DIAMONDS JACK,0.2346,0.0534,0.712
DIAMONDS THREE DIAMONDS TEN,0.2258,0.0802,0.694
DIAMONDS JACK CLUBS ACE,0.3194,0.0054,0.6752
DIAMONDS THREE DIAMONDS KING,0.2248,0.0324,0.7428
DIAMONDS THREE DIAMONDS QUEEN,0.2276,0.0446,0.7278
DIAMONDS THREE HEARTS TWO,0.652,0.1074,0.2406
HEARTS FIVE DIAMONDS THREE,0.6008,0.1124,0.2868
DIAMONDS THREE DIAMONDS ACE,0.2244,0.0204,0.7552
HEARTS FOUR DIAMONDS THREE,0.6186,0.1118,0.2696
HEARTS SEVEN DIAMONDS THREE,0.6442,0.1006,0.2552
SPADES TEN SPADES NINE,0.2152,0.077,0.7078
HEARTS SIX DIAMONDS THREE,0.6364,0.0976,0.266
SPADES JACK SPADES NINE,0.2304,0.061,0.7086
DIAMONDS THREE HEARTS NINE,0.0136,0.967,0.0194
HEARTS JACK DIAMONDS FOUR,0.3598,0.0166,0.6236
HEARTS ACE HEARTS KING,0.3002,0.0048,0.695
SPADES TEN SPADES TWO,0.3674,0.026,0.6066
DIAMONDS THREE HEARTS EIGHT,0.6576,0.111,0.2314
HEARTS TEN DIAMONDS FOUR,0.3568,0.029,0.6142
SPADES JACK SPADES TWO,0.3612,0.0152,0.6236
HEARTS QUEEN DIAMONDS FOUR,0.3598,0.0128,0.6274
HEARTS KING DIAMONDS FOUR,0.3652,0.008,0.6268
SPADES ACE SPADES NINE,0.2208,0.0218,0.7574
HEARTS ACE DIAMONDS FOUR,0.354,0.0052,0.6408
SPADES KING SPADES NINE,0.2192,0.0334,0.7474
SPADES QUEEN SPADES NINE,0.2138,0.0476,0.7386
DIAMONDS THREE SPADES NINE,0.0212,0.9566,0.0222
DIAMONDS THREE SPADES EIGHT,0.661,0.1074,0.2316
DIAMONDS THREE SPADES SEVEN,0.646,0.102,0.252
DIAMONDS THREE SPADES SIX,0.6228,0.1028,0.2744
DIAMONDS THREE CLUBS SIX,0.6372,0.1074,0.2554
CLUBS FIVE CLUBS SIX,0.5138,0.0442,0.442
CLUBS ACE DIAMONDS FOUR,0.3368,0.0048,0.6584
CLUBS SEVEN DIAMONDS THREE,0.6444,0.1076,0.248
CLUBS SEVEN CLUBS FIVE,0.5024,0.0462,0.4514
DIAMONDS THREE CLUBS FOUR,0.6166,0.1124,0.271
DIAMONDS FOUR CLUBS QUEEN,0.3564,0.011,0.6326
DIAMONDS THREE CLUBS FIVE,0.6168,0.1064,0.2768
DIAMONDS FOUR CLUBS KING,0.3564,0.0082,0.6354
DIAMONDS THREE CLUBS TWO,0.6392,0.1122,0.2486
CLUBS TEN DIAMONDS FOUR,0.3426,0.0248,0.6326
DIAMONDS THREE CLUBS THREE,0.2694,0.0718,0.6588
CLUBS JACK DIAMONDS FOUR,0.3504,0.019,0.6306
DIAMONDS THREE SPADES FOUR,0.6284,0.1008,0.2708
DIAMONDS THREE SPADES FIVE,0.6152,0.1064,0.2784
DIAMONDS THREE SPADES TWO,0.635,0.1068,0.2582
DIAMONDS THREE SPADES THREE,0.2722,0.0596,0.6682
CLUBS EIGHT DIAMONDS THREE,0.6602,0.1072,0.2326
SPADES SEVEN CLUBS ACE,0.3428,0.0062,0.651
SPADES SEVEN CLUBS QUEEN,0.3592,0.0122,0.6286
SPADES SEVEN CLUBS KING,0.3566,0.0096,0.6338
CLUBS FIVE SPADES SEVEN,0.5432,0.0438,0.413
CLUBS TEN SPADES SEVEN,0.339,0.0244,0.6366
CLUBS FIVE SPADES SIX,0.5122,0.0434,0.4444
CLUBS JACK SPADES SEVEN,0.3416,0.0164,0.642
CLUBS FIVE SPADES NINE,0.212,0.4646,0.3234
CLUBS FIVE SPADES EIGHT,0.5578,0.0468,0.3954
CLUBS FIVE SPADES THREE,0.6092,0.111,0.2798
CLUBS FIVE SPADES TWO,0.5752,0.0472,0.3776
CLUBS FIVE SPADES FIVE,0.2746,0.086,0.6394
CLUBS FIVE SPADES FOUR,0.533,0.0476,0.4194
CLUBS EIGHT CLUBS FIVE,0.5126,0.0438,0.4436
CLUBS ACE CLUBS QUEEN,0.2988,0.0062,0.695
CLUBS KING CLUBS QUEEN,0.3122,0.0096,0.6782
DIAMONDS TEN DIAMONDS FOUR,0.3488,0.0286,0.6226
CLUBS TEN DIAMONDS NINE,0.2154,0.0768,0.7078
DIAMONDS JACK DIAMONDS FOUR,0.3442,0.0152,0.6406
CLUBS JACK DIAMONDS NINE,0.2292,0.063,0.7078
CLUBS JACK SPADES NINE,0.2174,0.0604,0.7222
CLUBS TEN SPADES NINE,0.2182,0.0758,0.706
DIAMONDS ACE DIAMONDS FOUR,0.3392,0.0038,0.657
HEARTS FOUR DIAMONDS FOUR,0.2666,0.0954,0.638
DIAMONDS JACK HEARTS TEN,0.2882,0.0132,0.6986
SPADES NINE CLUBS KING,0.2292,0.0382,0.7326
DIAMONDS TWO SPADES TEN,0.395,0.0278,0.5772
DIAMONDS NINE CLUBS ACE,0.2316,0.026,0.7424
HEARTS FIVE DIAMONDS FOUR,0.5216,0.04,0.4384
DIAMONDS JACK HEARTS JACK,0.1356,0.0312,0.8332
SPADES NINE CLUBS QUEEN,0.2194,0.0444,0.7362
DIAMONDS TWO SPADES JACK,0.3866,0.0204,0.593
DIAMONDS QUEEN DIAMONDS FOUR,0.3508,0.0114,0.6378
HEARTS TWO DIAMONDS FOUR,0.589,0.048,0.363
DIAMONDS NINE CLUBS QUEEN,0.2206,0.0498,0.7296
DIAMONDS KING DIAMONDS FOUR,0.3474,0.0082,0.6444
SPADES NINE CLUBS ACE,0.222,0.025,0.753
DIAMONDS NINE CLUBS KING,0.2258,0.0376,0.7366
HEARTS ACE DIAMONDS JACK,0.314,0.0052,0.6808
SPADES ACE DIAMONDS TWO,0.3862,0.0042,0.6096
HEARTS QUEEN DIAMONDS JACK,0.3134,0.0108,0.6758
SPADES QUEEN DIAMONDS TWO,0.3984,0.012,0.5896
DIAMONDS JACK HEARTS KING,0.3336,0.0074,0.659
SPADES KING DIAMONDS TWO,0.3942,0.0102,0.5956
SPADES JACK SPADES SEVEN,0.319,0.0184,0.6626
SPADES TEN SPADES SEVEN,0.3126,0.027,0.6604
CLUBS SEVEN CLUBS THREE,0.6186,0.0958,0.2856
CLUBS SIX CLUBS THREE,0.6114,0.0956,0.293
CLUBS FIVE CLUBS THREE,0.5904,0.1064,0.3032
CLUBS THREE CLUBS FOUR,0.5858,0.1036,0.3106
CLUBS EIGHT CLUBS THREE,0.6298,0.1066,0.2636
CLUBS THREE SPADES FIVE,0.6248,0.1026,0.2726
CLUBS THREE SPADES FOUR,0.6326,0.1062,0.2612
CLUBS THREE SPADES THREE,0.2658,0.0682,0.666
CLUBS THREE SPADES TWO,0.631,0.1106,0.2584
CLUBS THREE SPADES SIX,0.6512,0.1048,0.244
CLUBS THREE SPADES SEVEN,0.655,0.1026,0.2424
SPADES EIGHT CLUBS THREE,0.66,0.1068,0.2332
SPADES NINE CLUBS THREE,0.0176,0.9716,0.0108
SPADES TWO DIAMONDS FOUR,0.5934,0.0434,0.3632
SPADES THREE DIAMONDS FOUR,0.6134,0.1098,0.2768
SPADES FOUR DIAMONDS FOUR,0.2808,0.0886,0.6306
SPADES FIVE DIAMONDS FOUR,0.5426,0.0498,0.4076
SPADES SIX DIAMONDS FOUR,0.5552,0.0428,0.402
SPADES SEVEN DIAMONDS FOUR,0.5646,0.0478,0.3876
SPADES EIGHT DIAMONDS FOUR,0.557,0.0426,0.4004
SPADES NINE DIAMONDS FOUR,0.2224,0.5252,0.2524
CLUBS FIVE DIAMONDS FOUR,0.5348,0.048,0.4172
CLUBS FOUR DIAMONDS FOUR,0.2924,0.0892,0.6184
CLUBS SEVEN DIAMONDS FOUR,0.5558,0.0462,0.398
CLUBS SIX DIAMONDS FOUR,0.548,0.0428,0.4092
CLUBS EIGHT DIAMONDS FOUR,0.5592,0.0472,0.3936
HEARTS SEVEN DIAMONDS FOUR,0.5532,0.0448,0.402
HEARTS SIX DIAMONDS FOUR,0.5368,0.049,0.4142
DIAMONDS FOUR HEARTS NINE,0.2092,0.531,0.2598
DIAMONDS FOUR HEARTS EIGHT,0.5562,0.0434,0.4004
CLUBS THREE DIAMONDS FOUR,0.627,0.1014,0.2716
CLUBS TWO DIAMONDS FOUR,0.5872,0.048,0.3648
DIAMONDS TEN DIAMONDS FIVE,0.327,0.0304,0.6426
DIAMONDS JACK DIAMONDS FIVE,0.3336,0.0178,0.6486
DIAMONDS NINE HEARTS QUEEN,0.2244,0.043,0.7326
DIAMONDS NINE HEARTS KING,0.2336,0.0372,0.7292
HEARTS ACE DIAMONDS NINE,0.214,0.0292,0.7568
DIAMONDS NINE HEARTS TEN,0.2248,0.077,0.6982
DIAMONDS NINE HEARTS JACK,0.2068,0.0652,0.728
CLUBS KING DIAMONDS SIX,0.3624,0.0084,0.6292
CLUBS QUEEN DIAMONDS SIX,0.351,0.0138,0.6352
CLUBS ACE DIAMONDS SIX,0.3572,0.0072,0.6356
SPADES KING DIAMONDS FOUR,0.3504,0.0078,0.6418
SPADES ACE SPADES SEVEN,0.325,0.003,0.672
SPADES QUEEN DIAMONDS FOUR,0.3602,0.014,0.6258
SPADES QUEEN SPADES SEVEN,0.3428,0.0132,0.644
CLUBS JACK DIAMONDS SIX,0.373,0.0196,0.6074
SPADES KING SPADES SEVEN,0.3304,0.0064,0.6632
SPADES ACE DIAMONDS FOUR,0.3492,0.004,0.6468
CLUBS TEN DIAMONDS SIX,0.3414,0.0254,0.6332
CLUBS EIGHT CLUBS FOUR,0.5266,0.0416,0.4318
SPADES JACK DIAMONDS FOUR,0.3712,0.017,0.6118
SPADES TEN DIAMONDS FOUR,0.361,0.0308,0.6082
CLUBS FIVE CLUBS FOUR,0.5222,0.0384,0.4394
CLUBS SEVEN CLUBS FOUR,0.5276,0.0432,0.4292
CLUBS SIX CLUBS FOUR,0.5108,0.0438,0.4454
CLUBS SEVEN SPADES EIGHT,0.5206,0.035,0.4444
CLUBS SEVEN SPADES NINE,0.2216,0.3034,0.475
CLUBS SEVEN SPADES SIX,0.5324,0.0436,0.424
CLUBS SEVEN SPADES SEVEN,0.2632,0.0656,0.6712
CLUBS SEVEN SPADES FIVE,0.5344,0.0462,0.4194
CLUBS SEVEN SPADES FOUR,0.5652,0.0442,0.3906
CLUBS SEVEN SPADES THREE,0.6526,0.1006,0.2468
CLUBS SEVEN SPADES TWO,0.5908,0.0492,0.36
CLUBS SEVEN CLUBS EIGHT,0.4894,0.0424,0.4682
HEARTS SIX DIAMONDS FIVE,0.5276,0.0434,0.429
HEARTS SEVEN DIAMONDS FIVE,0.5144,0.037,0.4486
DIAMONDS FIVE HEARTS EIGHT,0.5388,0.0432,0.418
DIAMONDS FIVE HEARTS NINE,0.2128,0.4608,0.3264
DIAMONDS QUEEN DIAMONDS FIVE,0.3234,0.014,0.6626
HEARTS TWO DIAMONDS FIVE,0.5878,0.0468,0.3654
HEARTS KING HEARTS EIGHT,0.3474,0.0062,0.6464
DIAMONDS KING DIAMONDS FIVE,0.3386,0.0062,0.6552
HEARTS QUEEN HEARTS EIGHT,0.334,0.0116,0.6544
DIAMONDS ACE DIAMONDS FIVE,0.3178,0.0044,0.6778
HEARTS FOUR DIAMONDS FIVE,0.5316,0.0456,0.4228
HEARTS FIVE DIAMONDS FIVE,0.2696,0.083,0.6474
HEARTS ACE HEARTS EIGHT,0.32,0.0044,0.6756
CLUBS FOUR DIAMONDS FIVE,0.5354,0.0462,0.4184
CLUBS FIVE DIAMONDS FIVE,0.2754,0.0796,0.645
CLUBS SIX DIAMONDS FIVE,0.5398,0.0402,0.42
CLUBS SEVEN DIAMONDS FIVE,0.553,0.0438,0.4032
CLUBS TWO DIAMONDS FIVE,0.588,0.045,0.367
CLUBS THREE DIAMONDS FIVE,0.618,0.1114,0.2706
SPADES THREE DIAMONDS FIVE,0.6136,0.1032,0.2832
SPADES TWO DIAMONDS FIVE,0.5738,0.0466,0.3796
SPADES JACK DIAMONDS EIGHT,0.3374,0.018,0.6446
SPADES FIVE DIAMONDS FIVE,0.262,0.0832,0.6548
CLUBS TEN HEARTS JACK,0.2924,0.017,0.6906
SPADES TEN DIAMONDS EIGHT,0.323,0.0248,0.6522
SPADES FOUR DIAMONDS FIVE,0.5398,0.0424,0.4178
CLUBS JACK HEARTS JACK,0.1218,0.036,0.8422
HEARTS JACK CLUBS QUEEN,0.2972,0.0102,0.6926
HEARTS JACK CLUBS KING,0.3222,0.0074,0.6704
CLUBS EIGHT DIAMONDS FIVE,0.5322,0.0468,0.421
CLUBS ACE HEARTS JACK,0.3134,0.0046,0.682
SPADES SEVEN DIAMONDS FIVE,0.5488,0.043,0.4082
SPADES KING DIAMONDS EIGHT,0.3604,0.0074,0.6322
SPADES QUEEN DIAMONDS EIGHT,0.3426,0.01,0.6474
SPADES SIX DIAMONDS FIVE,0.514,0.044,0.442
SPADES NINE DIAMONDS FIVE,0.2196,0.4556,0.3248
SPADES EIGHT DIAMONDS FIVE,0.5404,0.0404,0.4192
SPADES ACE DIAMONDS EIGHT,0.357,0.0028,0.6402
DIAMONDS TEN DIAMONDS SIX,0.3218,0.0252,0.653
HEARTS ACE DIAMONDS SEVEN,0.355,0.0048,0.6402
DIAMONDS JACK DIAMONDS SIX,0.3252,0.0186,0.6562
HEARTS QUEEN DIAMONDS SEVEN,0.3532,0.0112,0.6356
HEARTS KING DIAMONDS SEVEN,0.3544,0.008,0.6376
DIAMONDS ACE DIAMONDS SIX,0.341,0.0048,0.6542
HEARTS FOUR DIAMONDS SIX,0.5364,0.0464,0.4172
SPADES TWO HEARTS JACK,0.3984,0.018,0.5836
HEARTS FIVE DIAMONDS SIX,0.5296,0.0436,0.4268
SPADES TWO HEARTS TEN,0.385,0.028,0.587
DIAMONDS QUEEN DIAMONDS SIX,0.3332,0.01,0.6568
HEARTS TWO DIAMONDS SIX,0.6046,0.0396,0.3558
DIAMONDS KING DIAMONDS SIX,0.3402,0.009,0.6508
HEARTS EIGHT DIAMONDS SIX,0.5218,0.0424,0.4358
HEARTS NINE DIAMONDS SIX,0.2136,0.3806,0.4058
HEARTS SIX DIAMONDS SIX,0.2724,0.0686,0.659
HEARTS SEVEN DIAMONDS SIX,0.5248,0.0434,0.4318
HEARTS TEN DIAMONDS SEVEN,0.3262,0.025,0.6488
CLUBS TWO DIAMONDS SIX,0.5952,0.0444,0.3604
HEARTS JACK DIAMONDS SEVEN,0.3584,0.0194,0.6222
CLUBS THREE DIAMONDS SIX,0.6426,0.1044,0.253
CLUBS SEVEN DIAMONDS SIX,0.5304,0.0404,0.4292
CLUBS JACK DIAMONDS EIGHT,0.335,0.0148,0.6502
CLUBS SIX DIAMONDS SIX,0.2644,0.0754,0.6602
CLUBS TEN DIAMONDS EIGHT,0.3166,0.0268,0.6566
CLUBS FIVE DIAMONDS SIX,0.5386,0.0418,0.4196
CLUBS FOUR DIAMONDS SIX,0.5582,0.0472,0.3946
HEARTS ACE HEARTS JACK,0.3052,0.0062,0.6886
DIAMONDS EIGHT CLUBS ACE,0.3408,0.0044,0.6548
HEARTS QUEEN HEARTS JACK,0.2916,0.0088,0.6996
DIAMONDS EIGHT CLUBS KING,0.366,0.0078,0.6262
HEARTS KING HEARTS JACK,0.312,0.0078,0.6802
DIAMONDS EIGHT CLUBS QUEEN,0.3358,0.0126,0.6516
CLUBS EIGHT DIAMONDS SIX,0.5278,0.0412,0.431
SPADES TEN HEARTS KING,0.316,0.0052,0.6788
SPADES FIVE DIAMONDS SIX,0.5148,0.0482,0.437
HEARTS ACE SPADES TWO,0.3758,0.0052,0.619
SPADES JACK HEARTS KING,0.3118,0.007,0.6812
SPADES FOUR DIAMONDS SIX,0.5408,0.0472,0.412
SPADES THREE DIAMONDS SIX,0.6502,0.0902,0.2596
HEARTS QUEEN SPADES TWO,0.3788,0.0132,0.608
SPADES ACE SPADES KING,0.3084,0.0046,0.687
HEARTS KING SPADES TWO,0.3842,0.0096,0.6062
SPADES TWO DIAMONDS SIX,0.5992,0.0466,0.3542
HEARTS TEN HEARTS EIGHT,0.3184,0.0228,0.6588
SPADES NINE DIAMONDS SIX,0.2138,0.3684,0.4178
HEARTS JACK HEARTS EIGHT,0.3082,0.0174,0.6744
SPADES EIGHT DIAMONDS SIX,0.5276,0.0462,0.4262
SPADES SEVEN DIAMONDS SIX,0.5366,0.0456,0.4178
SPADES SIX DIAMONDS SIX,0.268,0.0708,0.6612
SPADES KING HEARTS KING,0.1422,0.013,0.8448
SPADES QUEEN HEARTS KING,0.3188,0.006,0.6752
CLUBS ACE CLUBS KING,0.3058,0.0048,0.6894
SPADES ACE HEARTS KING,0.3216,0.004,0.6744
SPADES ACE HEARTS JACK,0.3136,0.005,0.6814
SPADES QUEEN HEARTS JACK,0.2932,0.0092,0.6976
SPADES KING HEARTS JACK,0.3198,0.007,0.6732
SPADES TEN DIAMONDS TEN,0.1468,0.043,0.8102
SPADES JACK DIAMONDS TEN,0.2952,0.0146,0.6902
SPADES ACE DIAMONDS TEN,0.3222,0.0036,0.6742
SPADES JACK HEARTS JACK,0.133,0.0266,0.8404
SPADES TEN HEARTS JACK,0.2996,0.0148,0.6856
SPADES QUEEN DIAMONDS TEN,0.3106,0.0064,0.683
SPADES KING DIAMONDS TEN,0.3174,0.0062,0.6764
SPADES NINE DIAMONDS SEVEN,0.2074,0.2824,0.5102
SPADES EIGHT DIAMONDS SEVEN,0.522,0.04,0.438
SPADES SEVEN DIAMONDS SEVEN,0.274,0.063,0.663
SPADES SIX DIAMONDS SEVEN,0.5156,0.043,0.4414
DIAMONDS KING DIAMONDS SEVEN,0.3356,0.007,0.6574
HEARTS KING DIAMONDS FIVE,0.3376,0.0096,0.6528
DIAMONDS QUEEN DIAMONDS SEVEN,0.3304,0.0096,0.66
HEARTS TWO DIAMONDS SEVEN,0.616,0.0464,0.3376
HEARTS QUEEN DIAMONDS FIVE,0.3422,0.0148,0.643
HEARTS FIVE DIAMONDS SEVEN,0.519,0.0462,0.4348
DIAMONDS ACE DIAMONDS SEVEN,0.3304,0.0032,0.6664
HEARTS FOUR DIAMONDS SEVEN,0.5622,0.0418,0.396
HEARTS ACE DIAMONDS FIVE,0.3384,0.0054,0.6562
HEARTS SEVEN DIAMONDS SEVEN,0.2668,0.068,0.6652
HEARTS SIX DIAMONDS SEVEN,0.5366,0.041,0.4224
DIAMONDS SEVEN HEARTS NINE,0.209,0.295,0.496
HEARTS EIGHT DIAMONDS SEVEN,0.5164,0.0412,0.4424
DIAMONDS JACK DIAMONDS SEVEN,0.3292,0.0158,0.655
DIAMONDS FIVE HEARTS JACK,0.3474,0.0174,0.6352
DIAMONDS TEN DIAMONDS SEVEN,0.3156,0.0234,0.661
HEARTS TEN DIAMONDS FIVE,0.357,0.031,0.612
SPADES KING CLUBS TWO,0.3934,0.0096,0.597
HEARTS KING CLUBS KING,0.1294,0.0114,0.8592
CLUBS EIGHT DIAMONDS SEVEN,0.5256,0.0416,0.4328
SPADES QUEEN CLUBS TWO,0.3976,0.0154,0.587
HEARTS KING CLUBS QUEEN,0.333,0.0064,0.6606
CLUBS JACK SPADES TWO,0.3794,0.0234,0.5972
SPADES ACE CLUBS TWO,0.3944,0.005,0.6006
CLUBS TEN SPADES TWO,0.3688,0.03,0.6012
HEARTS KING CLUBS ACE,0.3228,0.0056,0.6716
CLUBS SEVEN CLUBS SIX,0.4828,0.047,0.4702
SPADES TWO CLUBS KING,0.3862,0.008,0.6058
SPADES TWO DIAMONDS SEVEN,0.6114,0.0446,0.344
CLUBS EIGHT CLUBS SIX,0.4994,0.0406,0.46
SPADES THREE DIAMONDS SEVEN,0.641,0.1068,0.2522
SPADES TWO CLUBS QUEEN,0.3838,0.0122,0.604
SPADES FOUR DIAMONDS SEVEN,0.5536,0.0472,0.3992
CLUBS JACK HEARTS KING,0.3174,0.0072,0.6754
SPADES FIVE DIAMONDS SEVEN,0.547,0.0438,0.4092
SPADES TWO CLUBS ACE,0.376,0.0036,0.6204
CLUBS TEN HEARTS KING,0.3032,0.0094,0.6874
CLUBS SIX SPADES TWO,0.603,0.0478,0.3492
CLUBS SIX SPADES THREE,0.6402,0.0962,0.2636
CLUBS TWO DIAMONDS SEVEN,0.618,0.0414,0.3406
CLUBS SIX SPADES FOUR,0.553,0.0426,0.4044
CLUBS THREE DIAMONDS SEVEN,0.6438,0.0998,0.2564
CLUBS SIX SPADES FIVE,0.534,0.0438,0.4222
CLUBS FOUR DIAMONDS SEVEN,0.5514,0.0442,0.4044
CLUBS SIX SPADES SIX,0.276,0.0734,0.6506
CLUBS FIVE DIAMONDS SEVEN,0.5324,0.0386,0.429
CLUBS SIX SPADES SEVEN,0.5364,0.0482,0.4154
CLUBS SIX DIAMONDS SEVEN,0.5278,0.0434,0.4288
CLUBS SIX SPADES EIGHT,0.5228,0.0444,0.4328
SPADES JACK CLUBS TWO,0.3924,0.0206,0.587
CLUBS SEVEN DIAMONDS SEVEN,0.2706,0.0748,0.6546
SPADES NINE CLUBS SIX,0.2252,0.3792,0.3956
SPADES TEN CLUBS TWO,0.3828,0.029,0.5882
CLUBS TWO CLUBS QUEEN,0.3722,0.0134,0.6144
CLUBS TWO CLUBS KING,0.367,0.007,0.626
CLUBS THREE DIAMONDS EIGHT,0.67,0.1012,0.2288
CLUBS TWO CLUBS ACE,0.3462,0.0064,0.6474
CLUBS TWO DIAMONDS EIGHT,0.6042,0.0484,0.3474
HEARTS SEVEN DIAMONDS EIGHT,0.5058,0.0432,0.451
HEARTS SIX DIAMONDS EIGHT,0.5284,0.0446,0.427
DIAMONDS EIGHT HEARTS NINE,0.204,0.22,0.576
CLUBS TEN CLUBS TWO,0.3734,0.0332,0.5934
DIAMONDS EIGHT HEARTS EIGHT,0.2612,0.063,0.6758
CLUBS JACK CLUBS TWO,0.369,0.0222,0.6088
CLUBS EIGHT DIAMONDS EIGHT,0.2634,0.0544,0.6822
CLUBS FIVE DIAMONDS EIGHT,0.5416,0.0402,0.4182
SPADES ACE SPADES THREE,0.2208,0.0192,0.76
CLUBS FOUR DIAMONDS EIGHT,0.563,0.0442,0.3928
CLUBS SEVEN DIAMONDS EIGHT,0.5078,0.04,0.4522
SPADES QUEEN SPADES THREE,0.2352,0.0428,0.722
CLUBS SIX DIAMONDS EIGHT,0.5278,0.0424,0.4298
SPADES KING SPADES THREE,0.2248,0.0264,0.7488
DIAMONDS QUEEN DIAMONDS EIGHT,0.3152,0.0114,0.6734
HEARTS TWO DIAMONDS EIGHT,0.6058,0.0438,0.3504
DIAMONDS KING DIAMONDS EIGHT,0.321,0.0046,0.6744
DIAMONDS ACE DIAMONDS EIGHT,0.3226,0.0056,0.6718
HEARTS FOUR DIAMONDS EIGHT,0.5484,0.0474,0.4042
HEARTS FIVE DIAMONDS EIGHT,0.5368,0.0452,0.418
DIAMONDS EIGHT DIAMONDS TEN,0.2932,0.0248,0.682
DIAMONDS EIGHT DIAMONDS JACK,0.3188,0.0192,0.662
SPADES JACK SPADES THREE,0.2222,0.0528,0.725
SPADES TEN SPADES THREE,0.2338,0.0722,0.694
CLUBS FOUR HEARTS ACE,0.3498,0.006,0.6442
CLUBS FOUR HEARTS QUEEN,0.3596,0.0148,0.6256
CLUBS FOUR HEARTS KING,0.3582,0.0114,0.6304
CLUBS SIX HEARTS TEN,0.3366,0.0274,0.636
CLUBS SIX HEARTS JACK,0.347,0.0176,0.6354
DIAMONDS EIGHT SPADES FOUR,0.5656,0.04,0.3944
SPADES FIVE DIAMONDS EIGHT,0.541,0.0436,0.4154
DIAMONDS EIGHT SPADES TWO,0.5974,0.0474,0.3552
DIAMONDS EIGHT SPADES THREE,0.6648,0.1,0.2352
CLUBS FOUR HEARTS JACK,0.3608,0.0194,0.6198
SPADES EIGHT DIAMONDS EIGHT,0.259,0.065,0.676
SPADES TEN DIAMONDS QUEEN,0.3128,0.0112,0.676
SPADES TEN HEARTS TWO,0.397,0.028,0.575
SPADES JACK HEARTS EIGHT,0.3302,0.0206,0.6492
CLUBS FOUR HEARTS TEN,0.3478,0.0314,0.6208
SPADES NINE DIAMONDS EIGHT,0.2318,0.2126,0.5556
SPADES TEN HEARTS EIGHT,0.333,0.0208,0.6462
SPADES JACK HEARTS TWO,0.383,0.0158,0.6012
SPADES JACK DIAMONDS QUEEN,0.3186,0.0108,0.6706
SPADES SIX DIAMONDS EIGHT,0.5368,0.042,0.4212
SPADES SEVEN DIAMONDS EIGHT,0.5198,0.039,0.4412
SPADES ACE HEARTS TWO,0.3794,0.005,0.6156
SPADES ACE DIAMONDS QUEEN,0.3368,0.004,0.6592
SPADES ACE HEARTS EIGHT,0.3532,0.0036,0.6432
SPADES KING HEARTS EIGHT,0.3616,0.0066,0.6318
SPADES QUEEN HEARTS TWO,0.4096,0.0136,0.5768
SPADES QUEEN DIAMONDS QUEEN,0.141,0.0212,0.8378
SPADES KING DIAMONDS QUEEN,0.3136,0.0064,0.68
SPADES KING HEARTS TWO,0.3934,0.0076,0.599
SPADES QUEEN HEARTS EIGHT,0.345,0.0118,0.6432
CLUBS TWO HEARTS TEN,0.3906,0.03,0.5794
CLUBS TWO HEARTS JACK,0.3974,0.0218,0.5808
SPADES SEVEN DIAMONDS NINE,0.2284,0.2892,0.4824
SPADES SIX DIAMONDS NINE,0.2214,0.3708,0.4078
SPADES NINE DIAMONDS NINE,0.0848,0.0692,0.846
SPADES EIGHT DIAMONDS NINE,0.2236,0.2188,0.5576
SPADES TEN CLUBS KING,0.3062,0.0076,0.6862
DIAMONDS NINE SPADES THREE,0.0214,0.9594,0.0192
SPADES JACK CLUBS KING,0.3238,0.0064,0.6698
DIAMONDS NINE SPADES TWO,0.265,0.5082,0.2268
DIAMONDS NINE SPADES FIVE,0.225,0.4378,0.3372
DIAMONDS NINE SPADES FOUR,0.2082,0.5244,0.2674
CLUBS EIGHT DIAMONDS NINE,0.2256,0.2372,0.5372
CLUBS SIX DIAMONDS NINE,0.219,0.3734,0.4076
SPADES JACK CLUBS FOUR,0.3736,0.018,0.6084
CLUBS SEVEN DIAMONDS NINE,0.227,0.2878,0.4852
SPADES TEN CLUBS FOUR,0.3566,0.028,0.6154
CLUBS FOUR DIAMONDS NINE,0.2214,0.5272,0.2514
CLUBS FIVE DIAMONDS NINE,0.2236,0.4608,0.3156
DIAMONDS NINE CLUBS TWO,0.2572,0.517,0.2258
CLUBS THREE DIAMONDS NINE,0.0188,0.9686,0.0126
DIAMONDS NINE HEARTS EIGHT,0.2186,0.2228,0.5586
DIAMONDS NINE HEARTS NINE,0.0788,0.0676,0.8536
HEARTS SIX DIAMONDS NINE,0.2194,0.3686,0.412
HEARTS SEVEN DIAMONDS NINE,0.2116,0.2978,0.4906
DIAMONDS ACE DIAMONDS NINE,0.2104,0.0262,0.7634
HEARTS FOUR DIAMONDS NINE,0.2092,0.5272,0.2636
HEARTS FIVE DIAMONDS NINE,0.197,0.455,0.348
HEARTS ACE CLUBS TWO,0.3774,0.0058,0.6168
SPADES ACE CLUBS FOUR,0.3524,0.004,0.6436
DIAMONDS QUEEN DIAMONDS NINE,0.2148,0.0422,0.743
HEARTS TWO DIAMONDS NINE,0.2634,0.5212,0.2154
CLUBS TWO HEARTS KING,0.3786,0.0092,0.6122
SPADES KING CLUBS FOUR,0.371,0.0082,0.6208
DIAMONDS KING DIAMONDS NINE,0.2188,0.0416,0.7396
CLUBS TWO HEARTS QUEEN,0.4016,0.0134,0.585
SPADES QUEEN CLUBS FOUR,0.3644,0.0144,0.6212
DIAMONDS NINE DIAMONDS JACK,0.2032,0.0574,0.7394
CLUBS EIGHT SPADES NINE,0.2262,0.2288,0.545
DIAMONDS NINE DIAMONDS TEN,0.1998,0.0738,0.7264
CLUBS EIGHT SPADES EIGHT,0.2564,0.054,0.6896
CLUBS EIGHT SPADES SEVEN,0.5222,0.0414,0.4364
CLUBS EIGHT SPADES SIX,0.527,0.0432,0.4298
CLUBS EIGHT SPADES FIVE,0.5458,0.0416,0.4126
CLUBS EIGHT SPADES FOUR,0.5596,0.0392,0.4012
CLUBS EIGHT SPADES THREE,0.6722,0.106,0.2218
CLUBS EIGHT SPADES TWO,0.6136,0.0438,0.3426
HEARTS SIX DIAMONDS TEN,0.35,0.0252,0.6248
HEARTS SEVEN DIAMONDS TEN,0.337,0.0264,0.6366
DIAMONDS TEN HEARTS EIGHT,0.3228,0.027,0.6502
CLUBS JACK CLUBS FOUR,0.3366,0.02,0.6434
DIAMONDS TEN HEARTS NINE,0.2268,0.073,0.7002
CLUBS TEN CLUBS FOUR,0.3344,0.0324,0.6332
CLUBS FOUR CLUBS KING,0.3338,0.008,0.6582
CLUBS FOUR CLUBS QUEEN,0.3506,0.0122,0.6372
CLUBS TWO DIAMONDS TEN,0.395,0.027,0.578
CLUBS THREE DIAMONDS TEN,0.236,0.0824,0.6816
CLUBS FOUR CLUBS ACE,0.3366,0.0072,0.6562
DIAMONDS JACK DIAMONDS TEN,0.2786,0.0148,0.7066
DIAMONDS QUEEN DIAMONDS TEN,0.2892,0.0092,0.7016
HEARTS TWO DIAMONDS TEN,0.398,0.0284,0.5736
DIAMONDS KING DIAMONDS TEN,0.2998,0.0092,0.691
DIAMONDS ACE DIAMONDS TEN,0.3118,0.0042,0.684
HEARTS FOUR DIAMONDS TEN,0.3572,0.028,0.6148
CLUBS EIGHT HEARTS JACK,0.3346,0.0194,0.646
HEARTS FIVE DIAMONDS TEN,0.3532,0.027,0.6198
CLUBS EIGHT HEARTS TEN,0.3308,0.0268,0.6424
CLUBS EIGHT HEARTS QUEEN,0.34,0.0142,0.6458
CLUBS EIGHT HEARTS KING,0.3486,0.008,0.6434
CLUBS EIGHT HEARTS ACE,0.3474,0.0062,0.6464
CLUBS TEN HEARTS EIGHT,0.317,0.0268,0.6562
CLUBS JACK HEARTS EIGHT,0.3322,0.017,0.6508
HEARTS EIGHT CLUBS QUEEN,0.3358,0.0138,0.6504
CLUBS KING HEARTS EIGHT,0.3476,0.0094,0.643
CLUBS ACE HEARTS EIGHT,0.3296,0.0048,0.6656
SPADES KING CLUBS KING,0.1288,0.0124,0.8588
SPADES QUEEN CLUBS KING,0.3116,0.0088,0.6796
SPADES ACE CLUBS KING,0.3112,0.004,0.6848
DIAMONDS ACE HEARTS TEN,0.3116,0.0062,0.6822
HEARTS FOUR HEARTS TEN,0.3356,0.0274,0.637
DIAMONDS ACE HEARTS JACK,0.3226,0.0042,0.6732
HEARTS FOUR HEARTS JACK,0.3412,0.017,0.6418
SPADES KING CLUBS FIVE,0.3592,0.0076,0.6332
SPADES QUEEN CLUBS FIVE,0.3638,0.0146,0.6216
SPADES ACE CLUBS FIVE,0.343,0.0066,0.6504
HEARTS SEVEN DIAMONDS JACK,0.3298,0.0186,0.6516
HEARTS SIX DIAMONDS JACK,0.3584,0.0198,0.6218
DIAMONDS JACK HEARTS NINE,0.2332,0.0618,0.705
DIAMONDS JACK HEARTS EIGHT,0.3376,0.0178,0.6446
DIAMONDS KING DIAMONDS JACK,0.296,0.0064,0.6976
SPADES ACE SPADES SIX,0.3284,0.0068,0.6648
HEARTS ACE SPADES FOUR,0.334,0.006,0.66
DIAMONDS QUEEN DIAMONDS JACK,0.2888,0.0104,0.7008
HEARTS TWO DIAMONDS JACK,0.4022,0.0212,0.5766
HEARTS FIVE DIAMONDS JACK,0.3452,0.0174,0.6374
SPADES QUEEN SPADES SIX,0.3336,0.0098,0.6566
SPADES FOUR HEARTS QUEEN,0.3522,0.0142,0.6336
DIAMONDS ACE DIAMONDS JACK,0.3014,0.005,0.6936
HEARTS FOUR DIAMONDS JACK,0.3636,0.02,0.6164
SPADES KING SPADES SIX,0.345,0.0074,0.6476
SPADES FOUR HEARTS KING,0.3678,0.0088,0.6234
SPADES TEN SPADES SIX,0.313,0.026,0.661
SPADES JACK SPADES SIX,0.3368,0.0212,0.642
SPADES FOUR DIAMONDS JACK,0.3596,0.0202,0.6202
SPADES FIVE DIAMONDS JACK,0.3526,0.022,0.6254
DIAMONDS JACK SPADES TWO,0.3898,0.0176,0.5926
DIAMONDS JACK SPADES THREE,0.2366,0.0584,0.705
SPADES ACE DIAMONDS THREE,0.2376,0.0208,0.7416
SPADES QUEEN DIAMONDS THREE,0.2278,0.0418,0.7304
CLUBS EIGHT DIAMONDS JACK,0.3444,0.016,0.6396
SPADES KING DIAMONDS THREE,0.2434,0.0342,0.7224
CLUBS SIX DIAMONDS JACK,0.3564,0.018,0.6256
CLUBS SEVEN DIAMONDS JACK,0.3442,0.0154,0.6404
CLUBS FOUR DIAMONDS JACK,0.3604,0.0142,0.6254
CLUBS FIVE DIAMONDS JACK,0.362,0.0186,0.6194
CLUBS TWO DIAMONDS JACK,0.3922,0.02,0.5878
CLUBS THREE DIAMONDS JACK,0.2408,0.0522,0.707
SPADES TEN CLUBS FIVE,0.3578,0.0292,0.613
SPADES JACK HEARTS SIX,0.3458,0.0178,0.6364
HEARTS SIX SPADES TEN,0.3514,0.0268,0.6218
SPADES JACK CLUBS FIVE,0.3598,0.0208,0.6194
SPADES JACK DIAMONDS THREE,0.235,0.0594,0.7056
CLUBS SEVEN CLUBS ACE,0.3482,0.0068,0.645
DIAMONDS THREE SPADES TEN,0.2536,0.0792,0.6672
CLUBS SEVEN CLUBS QUEEN,0.3574,0.0098,0.6328
CLUBS SEVEN CLUBS KING,0.349,0.0084,0.6426
SPADES NINE DIAMONDS JACK,0.2292,0.0618,0.709
CLUBS TEN CLUBS SEVEN,0.324,0.0258,0.6502
DIAMONDS ACE HEARTS ACE,0.1224,0.0048,0.8728
HEARTS FOUR HEARTS ACE,0.3344,0.0048,0.6608
SPADES EIGHT DIAMONDS JACK,0.3376,0.013,0.6494
SPADES ACE HEARTS SIX,0.359,0.0024,0.6386
CLUBS JACK CLUBS SEVEN,0.3284,0.0178,0.6538
DIAMONDS ACE HEARTS KING,0.3258,0.0046,0.6696
HEARTS FOUR HEARTS KING,0.3468,0.0086,0.6446
SPADES SEVEN DIAMONDS JACK,0.3672,0.0162,0.6166
SPADES KING HEARTS SIX,0.3492,0.0092,0.6416
DIAMONDS ACE HEARTS QUEEN,0.3174,0.0042,0.6784
HEARTS FOUR HEARTS QUEEN,0.3486,0.0126,0.6388
SPADES QUEEN HEARTS SIX,0.3428,0.0092,0.648
SPADES SIX DIAMONDS JACK,0.3656,0.0166,0.6178
DIAMONDS TEN SPADES TWO,0.3854,0.0244,0.5902
SPADES THREE DIAMONDS TEN,0.2226,0.076,0.7014
SPADES FOUR DIAMONDS TEN,0.3488,0.029,0.6222
SPADES FIVE DIAMONDS TEN,0.3672,0.0264,0.6064
SPADES SIX DIAMONDS TEN,0.354,0.0274,0.6186
SPADES SEVEN DIAMONDS TEN,0.3442,0.0242,0.6316
SPADES EIGHT DIAMONDS TEN,0.3236,0.0236,0.6528
SPADES NINE DIAMONDS TEN,0.227,0.0764,0.6966
CLUBS FOUR DIAMONDS TEN,0.3566,0.0242,0.6192
CLUBS FIVE DIAMONDS TEN,0.3654,0.0286,0.606
CLUBS SIX DIAMONDS TEN,0.346,0.0286,0.6254
CLUBS SEVEN DIAMONDS TEN,0.3346,0.0226,0.6428
CLUBS EIGHT DIAMONDS TEN,0.32,0.0242,0.6558
CLUBS JACK DIAMONDS THREE,0.2264,0.0612,0.7124
CLUBS TEN DIAMONDS THREE,0.2304,0.0828,0.6868
DIAMONDS THREE CLUBS KING,0.2368,0.0286,0.7346
DIAMONDS THREE CLUBS QUEEN,0.2456,0.0488,0.7056
DIAMONDS THREE CLUBS ACE,0.2212,0.0214,0.7574
SPADES FOUR HEARTS JACK,0.3612,0.019,0.6198
SPADES FOUR HEARTS TEN,0.3654,0.0264,0.6082
SPADES FIVE SPADES TWO,0.5472,0.0418,0.411
SPADES FOUR SPADES TWO,0.5472,0.0468,0.406
SPADES THREE SPADES TWO,0.5922,0.1078,0.3
SPADES NINE SPADES TWO,0.2518,0.4842,0.264
SPADES EIGHT SPADES TWO,0.5554,0.041,0.4036
SPADES SEVEN SPADES TWO,0.5648,0.0442,0.391
SPADES SIX SPADES TWO,0.5396,0.0394,0.421
DIAMONDS QUEEN CLUBS THREE,0.2412,0.043,0.7158
CLUBS THREE HEARTS TWO,0.648,0.119,0.233
DIAMONDS QUEEN CLUBS TWO,0.4004,0.0114,0.5882
HEARTS TWO CLUBS TWO,0.3662,0.0954,0.5384
HEARTS SEVEN DIAMONDS QUEEN,0.3572,0.0136,0.6292
HEARTS SEVEN HEARTS TWO,0.5726,0.0446,0.3828
HEARTS SIX DIAMONDS QUEEN,0.361,0.013,0.626
HEARTS SIX HEARTS TWO,0.5634,0.0434,0.3932
DIAMONDS QUEEN HEARTS NINE,0.229,0.051,0.72
HEARTS TWO HEARTS NINE,0.255,0.49,0.255
DIAMONDS QUEEN HEARTS EIGHT,0.3522,0.0108,0.637
HEARTS TWO HEARTS EIGHT,0.5658,0.047,0.3872
CLUBS EIGHT HEARTS TWO,0.6098,0.0444,0.3458
CLUBS EIGHT DIAMONDS QUEEN,0.3512,0.014,0.6348
CLUBS FIVE DIAMONDS QUEEN,0.3656,0.0122,0.6222
CLUBS FIVE HEARTS TWO,0.5812,0.0438,0.375
SPADES EIGHT HEARTS ACE,0.3396,0.004,0.6564
DIAMONDS QUEEN CLUBS FOUR,0.371,0.0114,0.6176
HEARTS TWO CLUBS FOUR,0.5994,0.0476,0.353
CLUBS SEVEN DIAMONDS QUEEN,0.365,0.0126,0.6224
CLUBS SEVEN HEARTS TWO,0.6096,0.0538,0.3366
SPADES EIGHT HEARTS QUEEN,0.3474,0.0114,0.6412
CLUBS SIX DIAMONDS QUEEN,0.354,0.0128,0.6332
CLUBS SIX HEARTS TWO,0.6016,0.0496,0.3488
SPADES EIGHT HEARTS KING,0.3522,0.0078,0.64
HEARTS TWO SPADES SIX,0.5962,0.0464,0.3574
DIAMONDS QUEEN SPADES SIX,0.3552,0.0108,0.634
HEARTS FOUR CLUBS QUEEN,0.3424,0.0126,0.645
DIAMONDS ACE CLUBS QUEEN,0.3204,0.0062,0.6734
DIAMONDS QUEEN SPADES SEVEN,0.3674,0.0102,0.6224
HEARTS TWO SPADES SEVEN,0.6104,0.0428,0.3468
HEARTS FOUR CLUBS KING,0.348,0.01,0.642
DIAMONDS ACE CLUBS KING,0.3178,0.007,0.6752
DIAMONDS QUEEN SPADES EIGHT,0.3388,0.0122,0.649
SPADES EIGHT HEARTS TWO,0.6018,0.0438,0.3544
HEARTS FOUR CLUBS ACE,0.3356,0.0048,0.6596
DIAMONDS ACE CLUBS ACE,0.1156,0.0042,0.8802
SPADES NINE DIAMONDS QUEEN,0.2376,0.0478,0.7146
SPADES NINE HEARTS TWO,0.2622,0.527,0.2108
HEARTS TWO SPADES TWO,0.373,0.099,0.528
DIAMONDS QUEEN SPADES TWO,0.3834,0.016,0.6006
HEARTS TWO SPADES THREE,0.6492,0.113,0.2378
DIAMONDS QUEEN SPADES THREE,0.2422,0.0462,0.7116
HEARTS TWO SPADES FOUR,0.5848,0.047,0.3682
DIAMONDS QUEEN SPADES FOUR,0.3638,0.0144,0.6218
CLUBS TEN HEARTS FOUR,0.3582,0.0304,0.6114
CLUBS TEN DIAMONDS ACE,0.3086,0.0032,0.6882
HEARTS TWO SPADES FIVE,0.5816,0.0452,0.3732
DIAMONDS QUEEN SPADES FIVE,0.367,0.0136,0.6194
CLUBS JACK HEARTS FOUR,0.3546,0.0202,0.6252
CLUBS JACK DIAMONDS ACE,0.3176,0.0048,0.6776
CLUBS FIVE CLUBS KING,0.3396,0.01,0.6504
CLUBS FIVE CLUBS QUEEN,0.335,0.0116,0.6534
CLUBS FIVE CLUBS ACE,0.3204,0.008,0.6716
CLUBS JACK CLUBS FIVE,0.3332,0.0182,0.6486
CLUBS TEN CLUBS FIVE,0.3294,0.0318,0.6388
SPADES KING CLUBS JACK,0.312,0.0078,0.6802
CLUBS JACK SPADES QUEEN,0.309,0.0118,0.6792
SPADES ACE CLUBS JACK,0.3054,0.0042,0.6904
SPADES SIX CLUBS KING,0.3638,0.0082,0.628
SPADES SIX CLUBS QUEEN,0.359,0.0138,0.6272
SPADES EIGHT HEARTS JACK,0.325,0.0172,0.6578
SPADES SIX CLUBS ACE,0.35,0.006,0.644
SPADES EIGHT HEARTS TEN,0.3354,0.0258,0.6388
CLUBS JACK SPADES SIX,0.359,0.018,0.623
CLUBS TEN SPADES SIX,0.3482,0.0258,0.626
CLUBS JACK SPADES TEN,0.304,0.0114,0.6846
CLUBS JACK SPADES JACK,0.1396,0.0322,0.8282
SPADES QUEEN CLUBS SEVEN,0.3642,0.011,0.6248
SPADES KING CLUBS SEVEN,0.3766,0.0066,0.6168
SPADES ACE CLUBS SEVEN,0.365,0.0036,0.6314
SPADES SIX HEARTS TEN,0.3488,0.0306,0.6206
SPADES SIX HEARTS JACK,0.3556,0.017,0.6274
SPADES SIX HEARTS ACE,0.3578,0.005,0.6372
SPADES SIX HEARTS KING,0.3526,0.0086,0.6388
SPADES SIX HEARTS QUEEN,0.346,0.0122,0.6418
CLUBS SEVEN SPADES JACK,0.3434,0.0132,0.6434
CLUBS SEVEN SPADES TEN,0.3312,0.0262,0.6426
CLUBS TEN HEARTS SIX,0.348,0.0262,0.6258
CLUBS JACK HEARTS SIX,0.3616,0.0166,0.6218
CLUBS JACK CLUBS ACE,0.3024,0.0048,0.6928
HEARTS SIX CLUBS QUEEN,0.3536,0.0112,0.6352
HEARTS SIX CLUBS KING,0.3456,0.0096,0.6448
HEARTS SIX CLUBS ACE,0.3562,0.0048,0.639
CLUBS JACK CLUBS QUEEN,0.3096,0.0124,0.678
CLUBS JACK CLUBS KING,0.3054,0.0074,0.6872
DIAMONDS THREE HEARTS ACE,0.2372,0.02,0.7428
DIAMONDS THREE HEARTS QUEEN,0.2336,0.0418,0.7246
DIAMONDS THREE HEARTS KING,0.2408,0.0356,0.7236
CLUBS FIVE HEARTS JACK,0.3442,0.0202,0.6356
SPADES TEN DIAMONDS ACE,0.3256,0.003,0.6714
HEARTS FOUR SPADES TEN,0.352,0.027,0.621
CLUBS FIVE HEARTS TEN,0.3514,0.0288,0.6198
HEARTS FOUR SPADES JACK,0.3448,0.0226,0.6326
SPADES JACK DIAMONDS ACE,0.3266,0.004,0.6694
SPADES ACE HEARTS FOUR,0.3414,0.0036,0.655
SPADES ACE DIAMONDS ACE,0.129,0.004,0.867
CLUBS FIVE HEARTS ACE,0.348,0.0066,0.6454
CLUBS FIVE HEARTS KING,0.3654,0.01,0.6246
HEARTS FOUR SPADES QUEEN,0.3468,0.0142,0.639
SPADES QUEEN DIAMONDS ACE,0.3114,0.0048,0.6838
CLUBS JACK SPADES FOUR,0.357,0.0198,0.6232
CLUBS FIVE HEARTS QUEEN,0.3564,0.0124,0.6312
SPADES KING DIAMONDS ACE,0.3392,0.0048,0.656
SPADES KING HEARTS FOUR,0.368,0.0104,0.6216
CLUBS TEN SPADES FOUR,0.358,0.028,0.614
DIAMONDS QUEEN DIAMONDS ACE,0.3036,0.003,0.6934
HEARTS TWO DIAMONDS ACE,0.378,0.0052,0.6168
HEARTS FOUR DIAMONDS QUEEN,0.3544,0.014,0.6316
HEARTS FOUR HEARTS TWO,0.541,0.045,0.414
DIAMONDS THREE HEARTS TEN,0.2256,0.0844,0.69
SPADES FOUR CLUBS KING,0.3644,0.0074,0.6282
HEARTS FIVE DIAMONDS QUEEN,0.358,0.0122,0.6298
HEARTS FIVE HEARTS TWO,0.5438,0.0466,0.4096
DIAMONDS THREE HEARTS JACK,0.24,0.064,0.696
SPADES FOUR CLUBS QUEEN,0.3516,0.0144,0.634
DIAMONDS QUEEN HEARTS TWO,0.3936,0.0132,0.5932
DIAMONDS KING DIAMONDS QUEEN,0.3086,0.0066,0.6848
DIAMONDS KING HEARTS TWO,0.4092,0.0064,0.5844
SPADES FOUR CLUBS ACE,0.3474,0.0056,0.647
HEARTS TWO CLUBS ACE,0.3874,0.0066,0.606
DIAMONDS QUEEN CLUBS ACE,0.3304,0.0046,0.665
HEARTS TWO CLUBS QUEEN,0.3944,0.014,0.5916
DIAMONDS QUEEN CLUBS QUEEN,0.128,0.0236,0.8484
HEARTS TWO CLUBS KING,0.4034,0.0104,0.5862
DIAMONDS QUEEN CLUBS KING,0.3136,0.0058,0.6806
SPADES EIGHT SPADES FIVE,0.5146,0.0398,0.4456
CLUBS TEN HEARTS TWO,0.3718,0.0322,0.596
CLUBS TEN DIAMONDS QUEEN,0.3012,0.01,0.6888
SPADES NINE SPADES FIVE,0.2078,0.427,0.3652
CLUBS JACK HEARTS TWO,0.3916,0.0186,0.5898
CLUBS JACK DIAMONDS QUEEN,0.3174,0.012,0.6706
SPADES SIX SPADES FIVE,0.4926,0.04,0.4674
SPADES SEVEN SPADES FIVE,0.4984,0.042,0.4596
DIAMONDS FIVE CLUBS QUEEN,0.3702,0.0142,0.6156
SPADES EIGHT CLUBS ACE,0.3492,0.0034,0.6474
DIAMONDS FIVE CLUBS KING,0.3474,0.0098,0.6428
SPADES EIGHT CLUBS KING,0.3486,0.0096,0.6418
DIAMONDS FIVE CLUBS ACE,0.3428,0.0056,0.6516
SPADES EIGHT CLUBS QUEEN,0.3516,0.0106,0.6378
CLUBS JACK SPADES EIGHT,0.3386,0.0146,0.6468
CLUBS TEN SPADES EIGHT,0.3176,0.0254,0.657
CLUBS TEN DIAMONDS FIVE,0.3526,0.029,0.6184
CLUBS JACK DIAMONDS FIVE,0.3602,0.0202,0.6196
DIAMONDS TEN HEARTS JACK,0.2946,0.0128,0.6926
