opposingHand,winningChance,drawChance,lostChance
CLUBS FIVE DIAMONDS KING
HEARTS FIVE SPADES TEN,0.7274,0.037,0.2356
HEARTS FIVE SPADES JACK,0.7252,0.0394,0.2354
CLUBS JACK SPADES FIVE,0.7158,0.0368,0.2474
CLUBS TEN SPADES FIVE,0.7308,0.0328,0.2364
CLUBS JACK CLUBS EIGHT,0.5476,0.008,0.4444
CLUBS TEN CLUBS EIGHT,0.5412,0.0084,0.4504
CLUBS EIGHT CLUBS KING,0.2332,0.2186,0.5482
SPADES FIVE CLUBS ACE,0.2242,0.0248,0.751
CLUBS EIGHT CLUBS QUEEN,0.5566,0.008,0.4354
SPADES FIVE CLUBS KING,0.0092,0.9728,0.018
SPADES FIVE CLUBS QUEEN,0.7198,0.042,0.2382
CLUBS EIGHT CLUBS ACE,0.3316,0.0042,0.6642
DIAMONDS TWO DIAMONDS THREE,0.6182,0.0098,0.372
DIAMONDS TWO DIAMONDS FIVE,0.6798,0.0454,0.2748
HEARTS FIVE SPADES KING,0.0188,0.961,0.0202
DIAMONDS TWO DIAMONDS FOUR,0.613,0.0108,0.3762
HEARTS FIVE SPADES QUEEN,0.7232,0.04,0.2368
DIAMONDS TWO DIAMONDS SEVEN,0.615,0.0088,0.3762
DIAMONDS TWO DIAMONDS SIX,0.6098,0.0108,0.3794
SPADES ACE HEARTS FIVE,0.2298,0.0304,0.7398
DIAMONDS TWO DIAMONDS NINE,0.6068,0.0082,0.385
DIAMONDS TWO DIAMONDS EIGHT,0.6152,0.0084,0.3764
DIAMONDS THREE DIAMONDS FOUR,0.604,0.0116,0.3844
CLUBS TWO SPADES FOUR,0.6516,0.0112,0.3372
DIAMONDS THREE DIAMONDS FIVE,0.6624,0.0414,0.2962
SPADES FIVE CLUBS TWO,0.726,0.0362,0.2378
CLUBS TWO SPADES TWO,0.4554,0.0166,0.528
CLUBS TWO SPADES THREE,0.6464,0.0104,0.3432
DIAMONDS THREE DIAMONDS EIGHT,0.6184,0.0088,0.3728
SPADES EIGHT CLUBS TWO,0.6448,0.0082,0.347
DIAMONDS THREE DIAMONDS NINE,0.6076,0.0074,0.385
SPADES NINE CLUBS TWO,0.6402,0.0086,0.3512
DIAMONDS THREE DIAMONDS SIX,0.5988,0.0102,0.391
SPADES SIX CLUBS TWO,0.6374,0.008,0.3546
DIAMONDS THREE DIAMONDS SEVEN,0.6,0.0116,0.3884
SPADES SEVEN CLUBS TWO,0.6464,0.0094,0.3442
CLUBS SIX CLUBS TWO,0.6072,0.0084,0.3844
CLUBS SEVEN CLUBS TWO,0.5982,0.0092,0.3926
CLUBS FOUR CLUBS TWO,0.6256,0.0118,0.3626
CLUBS TEN CLUBS JACK,0.5162,0.008,0.4758
DIAMONDS FOUR DIAMONDS SIX,0.5866,0.009,0.4044
CLUBS TEN CLUBS QUEEN,0.5294,0.007,0.4636
DIAMONDS FOUR DIAMONDS SEVEN,0.5884,0.0112,0.4004
CLUBS TEN CLUBS KING,0.2276,0.1074,0.665
CLUBS TEN CLUBS ACE,0.3304,0.005,0.6646
CLUBS EIGHT CLUBS TWO,0.602,0.0124,0.3856
DIAMONDS FIVE DIAMONDS FOUR,0.6542,0.0382,0.3076
CLUBS NINE CLUBS TWO,0.5966,0.009,0.3944
DIAMONDS NINE DIAMONDS FOUR,0.6086,0.009,0.3824
DIAMONDS EIGHT DIAMONDS FOUR,0.6028,0.0082,0.389
CLUBS THREE CLUBS TWO,0.6104,0.0088,0.3808
DIAMONDS NINE DIAMONDS FIVE,0.6936,0.032,0.2744
CLUBS JACK DIAMONDS TWO,0.6364,0.0092,0.3544
DIAMONDS EIGHT DIAMONDS FIVE,0.6618,0.0388,0.2994
CLUBS TEN DIAMONDS TWO,0.6354,0.0082,0.3564
DIAMONDS FIVE DIAMONDS SEVEN,0.6624,0.034,0.3036
DIAMONDS FIVE DIAMONDS SIX,0.6586,0.0384,0.303
DIAMONDS TWO CLUBS ACE,0.3744,0.005,0.6206
DIAMONDS TWO CLUBS KING,0.3162,0.4642,0.2196
DIAMONDS TWO CLUBS QUEEN,0.6452,0.008,0.3468
DIAMONDS EIGHT DIAMONDS SIX,0.5514,0.0068,0.4418
DIAMONDS NINE DIAMONDS SIX,0.5562,0.0092,0.4346
HEARTS ACE SPADES THREE,0.3956,0.0052,0.5992
SPADES THREE HEARTS KING,0.3232,0.457,0.2198
DIAMONDS SEVEN DIAMONDS SIX,0.5484,0.006,0.4456
HEARTS QUEEN SPADES THREE,0.6344,0.0082,0.3574
SPADES THREE HEARTS JACK,0.6322,0.0066,0.3612
SPADES THREE HEARTS TEN,0.6342,0.0092,0.3566
DIAMONDS EIGHT DIAMONDS SEVEN,0.5416,0.0114,0.447
DIAMONDS NINE DIAMONDS SEVEN,0.552,0.0068,0.4412
DIAMONDS NINE DIAMONDS EIGHT,0.5334,0.0072,0.4594
HEARTS THREE HEARTS TEN,0.5992,0.0084,0.3924
SPADES JACK CLUBS SIX,0.6086,0.0086,0.3828
HEARTS THREE HEARTS JACK,0.5962,0.0048,0.399
SPADES TEN CLUBS SIX,0.5768,0.0072,0.416
SPADES JACK SPADES FIVE,0.6868,0.037,0.2762
SPADES TEN SPADES FIVE,0.679,0.0362,0.2848
HEARTS THREE HEARTS ACE,0.3644,0.0044,0.6312
SPADES ACE CLUBS SIX,0.3582,0.0036,0.6382
HEARTS THREE HEARTS QUEEN,0.5962,0.0076,0.3962
SPADES KING CLUBS SIX,0.2178,0.384,0.3982
HEARTS THREE HEARTS KING,0.3026,0.428,0.2694
SPADES QUEEN CLUBS SIX,0.5998,0.0084,0.3918
SPADES NINE HEARTS TEN,0.5416,0.0072,0.4512
SPADES NINE HEARTS JACK,0.5532,0.0044,0.4424
SPADES QUEEN SPADES FIVE,0.682,0.038,0.28
SPADES KING SPADES FIVE,0.023,0.9072,0.0698
SPADES ACE SPADES FIVE,0.2202,0.023,0.7568
SPADES NINE HEARTS QUEEN,0.5722,0.0072,0.4206
SPADES NINE HEARTS KING,0.2348,0.1638,0.6014
SPADES NINE HEARTS ACE,0.3576,0.0026,0.6398
CLUBS TEN SPADES JACK,0.5458,0.0072,0.447
CLUBS TEN SPADES TEN,0.309,0.008,0.683
SPADES ACE CLUBS TEN,0.336,0.0052,0.6588
CLUBS TEN SPADES KING,0.2348,0.1138,0.6514
CLUBS TEN SPADES QUEEN,0.5586,0.006,0.4354
SPADES FIVE HEARTS QUEEN,0.7244,0.0398,0.2358
SPADES FIVE HEARTS KING,0.0208,0.957,0.0222
HEARTS ACE SPADES FIVE,0.2288,0.0282,0.743
CLUBS EIGHT SPADES TEN,0.5558,0.0076,0.4366
SPADES JACK HEARTS THREE,0.6282,0.007,0.3648
SPADES TEN HEARTS THREE,0.63,0.0056,0.3644
CLUBS EIGHT SPADES JACK,0.5764,0.0058,0.4178
CLUBS SIX HEARTS ACE,0.3576,0.0032,0.6392
SPADES ACE CLUBS EIGHT,0.3608,0.0052,0.634
HEARTS FIVE CLUBS JACK,0.7208,0.0414,0.2378
CLUBS TEN HEARTS FIVE,0.715,0.0372,0.2478
CLUBS SIX HEARTS QUEEN,0.6122,0.0078,0.38
SPADES QUEEN CLUBS EIGHT,0.5828,0.0078,0.4094
CLUBS TEN SPADES THREE,0.6216,0.0062,0.3722
CLUBS SIX HEARTS KING,0.2132,0.387,0.3998
SPADES KING CLUBS EIGHT,0.2278,0.2344,0.5378
CLUBS JACK SPADES THREE,0.6404,0.0086,0.351
DIAMONDS TWO HEARTS JACK,0.639,0.0068,0.3542
SPADES THREE CLUBS QUEEN,0.6374,0.01,0.3526
DIAMONDS TWO HEARTS TEN,0.6296,0.009,0.3614
SPADES THREE CLUBS KING,0.315,0.4692,0.2158
HEARTS FIVE CLUBS ACE,0.2296,0.0294,0.741
SPADES FIVE HEARTS TEN,0.7238,0.0362,0.24
SPADES THREE CLUBS ACE,0.3722,0.005,0.6228
HEARTS FIVE CLUBS KING,0.0118,0.9686,0.0196
SPADES FIVE HEARTS JACK,0.7222,0.0416,0.2362
HEARTS FIVE CLUBS QUEEN,0.725,0.0406,0.2344
HEARTS THREE CLUBS KING,0.3174,0.455,0.2276
HEARTS THREE CLUBS QUEEN,0.6362,0.007,0.3568
HEARTS FIVE HEARTS JACK,0.6874,0.0356,0.277
HEARTS FIVE HEARTS TEN,0.6662,0.032,0.3018
HEARTS THREE CLUBS ACE,0.3722,0.0076,0.6202
SPADES ACE CLUBS QUEEN,0.3574,0.004,0.6386
SPADES KING CLUBS QUEEN,0.2464,0.0526,0.701
CLUBS JACK HEARTS THREE,0.626,0.0082,0.3658
SPADES QUEEN CLUBS QUEEN,0.2708,0.004,0.7252
CLUBS TEN HEARTS THREE,0.6278,0.0082,0.364
SPADES JACK CLUBS QUEEN,0.5526,0.0096,0.4378
CLUBS SIX CLUBS QUEEN,0.5734,0.01,0.4166
SPADES TEN CLUBS QUEEN,0.5478,0.0076,0.4446
CLUBS SIX CLUBS KING,0.2142,0.3682,0.4176
CLUBS SIX CLUBS ACE,0.3422,0.0052,0.6526
HEARTS FIVE HEARTS KING,0.0204,0.9044,0.0752
HEARTS FIVE HEARTS QUEEN,0.685,0.0388,0.2762
CLUBS TEN CLUBS SIX,0.5622,0.0086,0.4292
HEARTS FIVE HEARTS ACE,0.2212,0.0296,0.7492
CLUBS JACK CLUBS SIX,0.5674,0.0078,0.4248
SPADES SEVEN HEARTS JACK,0.5842,0.0066,0.4092
SPADES SEVEN HEARTS TEN,0.5832,0.007,0.4098
DIAMONDS TWO CLUBS TWO,0.4484,0.017,0.5346
DIAMONDS TWO CLUBS THREE,0.643,0.0086,0.3484
DIAMONDS TWO HEARTS SIX,0.6394,0.0104,0.3502
DIAMONDS TWO HEARTS QUEEN,0.6468,0.0078,0.3454
HEARTS SEVEN DIAMONDS TWO,0.65,0.0086,0.3414
DIAMONDS TWO HEARTS KING,0.3282,0.456,0.2158
DIAMONDS TWO HEARTS EIGHT,0.6394,0.0084,0.3522
DIAMONDS TWO HEARTS ACE,0.3854,0.0052,0.6094
DIAMONDS TWO HEARTS NINE,0.6384,0.0104,0.3512
DIAMONDS TWO DIAMONDS QUEEN,0.5998,0.0072,0.393
DIAMONDS TWO HEARTS TWO,0.4484,0.017,0.5346
DIAMONDS TWO HEARTS THREE,0.6656,0.0078,0.3266
DIAMONDS TWO DIAMONDS ACE,0.375,0.0046,0.6204
HEARTS FOUR DIAMONDS TWO,0.6578,0.0102,0.332
HEARTS FIVE DIAMONDS TWO,0.7036,0.0434,0.253
SPADES SEVEN HEARTS ACE,0.3672,0.0046,0.6282
DIAMONDS TWO DIAMONDS TEN,0.6094,0.009,0.3816
SPADES SEVEN HEARTS KING,0.2322,0.2984,0.4694
DIAMONDS TWO DIAMONDS JACK,0.6164,0.0078,0.3758
SPADES SEVEN HEARTS QUEEN,0.5884,0.0038,0.4078
DIAMONDS TWO SPADES NINE,0.6434,0.0104,0.3462
DIAMONDS TWO SPADES EIGHT,0.6362,0.0066,0.3572
DIAMONDS TWO SPADES SEVEN,0.6402,0.0084,0.3514
DIAMONDS TWO SPADES SIX,0.6362,0.0094,0.3544
DIAMONDS TWO SPADES FIVE,0.718,0.039,0.243
DIAMONDS TWO SPADES FOUR,0.6634,0.0114,0.3252
DIAMONDS TWO SPADES THREE,0.6484,0.011,0.3406
DIAMONDS TWO SPADES TWO,0.4468,0.0188,0.5344
DIAMONDS TWO CLUBS NINE,0.6222,0.0096,0.3682
CLUBS EIGHT DIAMONDS TWO,0.6456,0.0106,0.3438
DIAMONDS TWO CLUBS SEVEN,0.6354,0.0086,0.356
DIAMONDS TWO CLUBS SIX,0.6348,0.0104,0.3548
DIAMONDS TWO CLUBS FOUR,0.6606,0.01,0.3294
CLUBS FOUR SPADES FIVE,0.6798,0.0356,0.2846
CLUBS FOUR SPADES FOUR,0.4268,0.0176,0.5556
CLUBS FOUR SPADES THREE,0.638,0.0112,0.3508
CLUBS FOUR SPADES TWO,0.6504,0.0124,0.3372
SPADES NINE CLUBS FOUR,0.6392,0.0072,0.3536
SPADES EIGHT CLUBS FOUR,0.6316,0.0092,0.3592
SPADES SEVEN CLUBS FOUR,0.6274,0.0078,0.3648
CLUBS FOUR SPADES SIX,0.622,0.0098,0.3682
SPADES ACE DIAMONDS SIX,0.3526,0.0064,0.641
SPADES QUEEN DIAMONDS SIX,0.607,0.009,0.384
SPADES KING DIAMONDS SIX,0.227,0.3882,0.3848
SPADES TEN DIAMONDS SIX,0.5938,0.007,0.3992
SPADES JACK DIAMONDS SIX,0.6022,0.0072,0.3906
SPADES QUEEN SPADES TWO,0.582,0.0074,0.4106
SPADES KING SPADES TWO,0.2944,0.4406,0.265
SPADES ACE SPADES TWO,0.3448,0.0044,0.6508
CLUBS JACK DIAMONDS JACK,0.2814,0.0078,0.7108
CLUBS TEN DIAMONDS JACK,0.5466,0.0066,0.4468
DIAMONDS JACK CLUBS KING,0.2432,0.0908,0.666
DIAMONDS JACK CLUBS QUEEN,0.5648,0.0072,0.428
DIAMONDS THREE DIAMONDS JACK,0.6104,0.0078,0.3818
DIAMONDS THREE DIAMONDS TEN,0.6166,0.0072,0.3762
DIAMONDS JACK CLUBS ACE,0.3594,0.0066,0.634
DIAMONDS THREE HEARTS THREE,0.4436,0.018,0.5384
DIAMONDS THREE DIAMONDS QUEEN,0.6056,0.008,0.3864
DIAMONDS THREE HEARTS TWO,0.6564,0.0084,0.3352
HEARTS FIVE DIAMONDS THREE,0.673,0.0472,0.2798
DIAMONDS THREE DIAMONDS ACE,0.3592,0.0062,0.6346
HEARTS FOUR DIAMONDS THREE,0.6434,0.0116,0.345
HEARTS SEVEN DIAMONDS THREE,0.631,0.0092,0.3598
SPADES TEN SPADES NINE,0.5128,0.0076,0.4796
HEARTS SIX DIAMONDS THREE,0.633,0.0072,0.3598
SPADES JACK SPADES NINE,0.5292,0.0068,0.464
DIAMONDS THREE HEARTS NINE,0.6322,0.009,0.3588
HEARTS JACK DIAMONDS FOUR,0.6444,0.0106,0.345
HEARTS ACE HEARTS KING,0.2198,0.0112,0.769
SPADES TEN SPADES TWO,0.581,0.0076,0.4114
DIAMONDS THREE HEARTS EIGHT,0.6458,0.0108,0.3434
HEARTS TEN DIAMONDS FOUR,0.637,0.0042,0.3588
SPADES JACK SPADES TWO,0.5912,0.0072,0.4016
HEARTS QUEEN DIAMONDS FOUR,0.6416,0.0086,0.3498
HEARTS KING DIAMONDS FOUR,0.329,0.4602,0.2108
SPADES ACE SPADES NINE,0.3354,0.0044,0.6602
HEARTS ACE DIAMONDS FOUR,0.3798,0.0056,0.6146
SPADES KING SPADES NINE,0.2326,0.1592,0.6082
SPADES QUEEN SPADES NINE,0.5286,0.0074,0.464
DIAMONDS THREE SPADES NINE,0.6378,0.0062,0.356
DIAMONDS THREE SPADES EIGHT,0.6464,0.0096,0.344
DIAMONDS THREE SPADES SEVEN,0.6318,0.007,0.3612
DIAMONDS THREE SPADES SIX,0.6286,0.0062,0.3652
DIAMONDS THREE CLUBS SIX,0.6204,0.0088,0.3708
CLUBS ACE DIAMONDS FOUR,0.3678,0.0068,0.6254
DIAMONDS THREE CLUBS SEVEN,0.6262,0.0074,0.3664
DIAMONDS THREE CLUBS FOUR,0.6428,0.0126,0.3446
DIAMONDS FOUR CLUBS QUEEN,0.639,0.0088,0.3522
DIAMONDS FOUR CLUBS KING,0.3138,0.4764,0.2098
DIAMONDS THREE CLUBS TWO,0.6602,0.011,0.3288
CLUBS TEN DIAMONDS FOUR,0.6364,0.0118,0.3518
DIAMONDS THREE CLUBS THREE,0.451,0.0204,0.5286
CLUBS JACK DIAMONDS FOUR,0.638,0.0094,0.3526
DIAMONDS THREE SPADES FOUR,0.633,0.0102,0.3568
DIAMONDS THREE SPADES FIVE,0.6926,0.0388,0.2686
DIAMONDS THREE SPADES TWO,0.6546,0.0126,0.3328
DIAMONDS THREE SPADES THREE,0.4472,0.0184,0.5344
CLUBS EIGHT DIAMONDS THREE,0.637,0.009,0.354
CLUBS NINE DIAMONDS THREE,0.6454,0.0086,0.346
SPADES SEVEN CLUBS ACE,0.3496,0.0038,0.6466
SPADES SEVEN CLUBS QUEEN,0.6008,0.0072,0.392
SPADES SEVEN CLUBS KING,0.2178,0.298,0.4842
CLUBS TEN SPADES SEVEN,0.5638,0.0084,0.4278
CLUBS JACK SPADES SEVEN,0.601,0.007,0.392
CLUBS ACE CLUBS QUEEN,0.3378,0.0058,0.6564
CLUBS KING CLUBS QUEEN,0.2336,0.064,0.7024
DIAMONDS TEN DIAMONDS FOUR,0.6018,0.0092,0.389
CLUBS TEN DIAMONDS NINE,0.5518,0.0074,0.4408
DIAMONDS JACK DIAMONDS FOUR,0.6106,0.0082,0.3812
CLUBS JACK DIAMONDS NINE,0.558,0.0068,0.4352
CLUBS JACK SPADES NINE,0.5564,0.0062,0.4374
CLUBS TEN SPADES NINE,0.541,0.0074,0.4516
DIAMONDS ACE DIAMONDS FOUR,0.3634,0.0064,0.6302
HEARTS FOUR DIAMONDS FOUR,0.4466,0.0156,0.5378
DIAMONDS JACK HEARTS TEN,0.5488,0.0058,0.4454
SPADES NINE CLUBS KING,0.2366,0.1668,0.5966
DIAMONDS TWO SPADES TEN,0.6458,0.0076,0.3466
DIAMONDS NINE CLUBS ACE,0.359,0.0052,0.6358
HEARTS FIVE DIAMONDS FOUR,0.681,0.0406,0.2784
DIAMONDS JACK HEARTS JACK,0.2964,0.0044,0.6992
SPADES NINE CLUBS QUEEN,0.5678,0.0086,0.4236
DIAMONDS TWO SPADES JACK,0.6322,0.0074,0.3604
DIAMONDS QUEEN DIAMONDS FOUR,0.6148,0.008,0.3772
HEARTS TWO DIAMONDS FOUR,0.6488,0.0084,0.3428
DIAMONDS NINE CLUBS QUEEN,0.5666,0.01,0.4234
HEARTS THREE DIAMONDS FOUR,0.6454,0.0076,0.347
SPADES NINE CLUBS ACE,0.3508,0.0038,0.6454
DIAMONDS NINE CLUBS KING,0.2412,0.1676,0.5912
HEARTS ACE DIAMONDS JACK,0.3582,0.0058,0.636
SPADES ACE DIAMONDS TWO,0.3836,0.0046,0.6118
HEARTS QUEEN DIAMONDS JACK,0.5574,0.0058,0.4368
SPADES QUEEN DIAMONDS TWO,0.6498,0.0084,0.3418
DIAMONDS JACK HEARTS KING,0.247,0.0918,0.6612
SPADES KING DIAMONDS TWO,0.3182,0.463,0.2188
SPADES JACK SPADES SEVEN,0.547,0.0072,0.4458
SPADES TEN SPADES SEVEN,0.5456,0.008,0.4464
CLUBS SEVEN CLUBS THREE,0.5998,0.0096,0.3906
CLUBS SIX CLUBS THREE,0.5864,0.0096,0.404
CLUBS THREE CLUBS FOUR,0.6038,0.0102,0.386
CLUBS NINE CLUBS THREE,0.6016,0.0106,0.3878
CLUBS EIGHT CLUBS THREE,0.5922,0.009,0.3988
CLUBS THREE SPADES FIVE,0.6978,0.0386,0.2636
CLUBS THREE SPADES FOUR,0.6254,0.011,0.3636
CLUBS THREE SPADES THREE,0.4416,0.0174,0.541
CLUBS THREE SPADES TWO,0.657,0.0106,0.3324
CLUBS THREE SPADES SIX,0.624,0.0094,0.3666
CLUBS THREE SPADES SEVEN,0.6422,0.008,0.3498
SPADES EIGHT CLUBS THREE,0.6454,0.0086,0.346
SPADES NINE CLUBS THREE,0.6394,0.009,0.3516
SPADES TWO DIAMONDS FOUR,0.6562,0.0088,0.335
SPADES THREE DIAMONDS FOUR,0.6228,0.0072,0.37
SPADES FOUR DIAMONDS FOUR,0.4414,0.0178,0.5408
SPADES FIVE DIAMONDS FOUR,0.6708,0.0362,0.293
SPADES SIX DIAMONDS FOUR,0.6252,0.0084,0.3664
SPADES SEVEN DIAMONDS FOUR,0.6152,0.0082,0.3766
SPADES EIGHT DIAMONDS FOUR,0.613,0.0078,0.3792
SPADES NINE DIAMONDS FOUR,0.6402,0.008,0.3518
CLUBS FOUR DIAMONDS FOUR,0.4402,0.0194,0.5404
CLUBS SEVEN DIAMONDS FOUR,0.609,0.0112,0.3798
CLUBS SIX DIAMONDS FOUR,0.6076,0.0086,0.3838
CLUBS NINE DIAMONDS FOUR,0.635,0.0078,0.3572
CLUBS EIGHT DIAMONDS FOUR,0.6272,0.0084,0.3644
HEARTS SEVEN DIAMONDS FOUR,0.6148,0.0116,0.3736
HEARTS SIX DIAMONDS FOUR,0.61,0.0084,0.3816
DIAMONDS FOUR HEARTS NINE,0.641,0.0082,0.3508
DIAMONDS FOUR HEARTS EIGHT,0.636,0.0092,0.3548
CLUBS THREE DIAMONDS FOUR,0.6462,0.0126,0.3412
CLUBS TWO DIAMONDS FOUR,0.6666,0.0106,0.3228
DIAMONDS TEN DIAMONDS FIVE,0.7106,0.034,0.2554
DIAMONDS JACK DIAMONDS FIVE,0.6986,0.0366,0.2648
DIAMONDS NINE HEARTS QUEEN,0.5784,0.0074,0.4142
DIAMONDS NINE HEARTS KING,0.2414,0.1702,0.5884
HEARTS ACE DIAMONDS NINE,0.3634,0.0054,0.6312
DIAMONDS NINE HEARTS TEN,0.558,0.0084,0.4336
DIAMONDS NINE HEARTS JACK,0.5584,0.0056,0.436
CLUBS KING DIAMONDS SIX,0.2122,0.4004,0.3874
CLUBS QUEEN DIAMONDS SIX,0.5932,0.0082,0.3986
CLUBS ACE DIAMONDS SIX,0.3574,0.006,0.6366
SPADES KING DIAMONDS FOUR,0.322,0.472,0.206
SPADES ACE SPADES SEVEN,0.3302,0.0062,0.6636
SPADES QUEEN DIAMONDS FOUR,0.6376,0.008,0.3544
SPADES QUEEN SPADES SEVEN,0.5648,0.0068,0.4284
CLUBS JACK DIAMONDS SIX,0.606,0.0068,0.3872
SPADES KING SPADES SEVEN,0.2036,0.2834,0.513
SPADES ACE DIAMONDS FOUR,0.3744,0.0056,0.62
CLUBS TEN DIAMONDS SIX,0.575,0.0088,0.4162
CLUBS NINE CLUBS FOUR,0.605,0.0074,0.3876
CLUBS EIGHT CLUBS FOUR,0.5958,0.0096,0.3946
SPADES JACK DIAMONDS FOUR,0.6434,0.007,0.3496
SPADES TEN DIAMONDS FOUR,0.6324,0.008,0.3596
CLUBS SEVEN CLUBS FOUR,0.5898,0.0088,0.4014
CLUBS SIX CLUBS FOUR,0.585,0.0104,0.4046
CLUBS SEVEN SPADES EIGHT,0.5562,0.0078,0.436
SPADES NINE CLUBS SEVEN,0.5684,0.009,0.4226
CLUBS SEVEN SPADES SIX,0.5772,0.0062,0.4166
CLUBS SEVEN SPADES SEVEN,0.3232,0.0132,0.6636
CLUBS SEVEN SPADES FIVE,0.683,0.0354,0.2816
CLUBS SEVEN SPADES FOUR,0.61,0.0074,0.3826
CLUBS SEVEN SPADES THREE,0.6232,0.0088,0.368
CLUBS SEVEN SPADES TWO,0.6456,0.0074,0.347
CLUBS NINE CLUBS SEVEN,0.529,0.011,0.46
CLUBS EIGHT CLUBS SEVEN,0.5278,0.0108,0.4614
HEARTS SIX DIAMONDS FIVE,0.6876,0.0342,0.2782
HEARTS SEVEN DIAMONDS FIVE,0.6926,0.0346,0.2728
DIAMONDS FIVE HEARTS EIGHT,0.701,0.0316,0.2674
DIAMONDS FIVE HEARTS NINE,0.712,0.0424,0.2456
DIAMONDS QUEEN DIAMONDS FIVE,0.7078,0.0404,0.2518
HEARTS TWO DIAMONDS FIVE,0.7156,0.0438,0.2406
HEARTS KING HEARTS EIGHT,0.2374,0.212,0.5506
HEARTS THREE DIAMONDS FIVE,0.691,0.0394,0.2696
HEARTS QUEEN HEARTS EIGHT,0.5536,0.0082,0.4382
DIAMONDS ACE DIAMONDS FIVE,0.2224,0.0274,0.7502
HEARTS FOUR DIAMONDS FIVE,0.682,0.0384,0.2796
HEARTS FIVE DIAMONDS FIVE,0.3126,0.031,0.6564
HEARTS ACE HEARTS EIGHT,0.3458,0.0048,0.6494
CLUBS FOUR DIAMONDS FIVE,0.688,0.0398,0.2722
CLUBS SIX DIAMONDS FIVE,0.6706,0.035,0.2944
CLUBS SEVEN DIAMONDS FIVE,0.6914,0.0364,0.2722
CLUBS TWO DIAMONDS FIVE,0.7096,0.0444,0.246
CLUBS THREE DIAMONDS FIVE,0.694,0.0434,0.2626
SPADES THREE DIAMONDS FIVE,0.6882,0.0414,0.2704
SPADES TWO DIAMONDS FIVE,0.7036,0.0474,0.249
SPADES JACK DIAMONDS EIGHT,0.5832,0.0078,0.409
SPADES FIVE DIAMONDS FIVE,0.3016,0.027,0.6714
CLUBS TEN HEARTS JACK,0.5386,0.0058,0.4556
SPADES TEN DIAMONDS EIGHT,0.5694,0.0078,0.4228
SPADES FOUR DIAMONDS FIVE,0.6758,0.0352,0.289
CLUBS JACK HEARTS JACK,0.3034,0.0058,0.6908
HEARTS JACK CLUBS QUEEN,0.555,0.0088,0.4362
CLUBS NINE DIAMONDS FIVE,0.7162,0.0338,0.25
CLUBS EIGHT DIAMONDS FIVE,0.7074,0.0358,0.2568
HEARTS JACK CLUBS KING,0.2332,0.0884,0.6784
CLUBS ACE HEARTS JACK,0.3448,0.0032,0.652
SPADES SEVEN DIAMONDS FIVE,0.6994,0.0318,0.2688
SPADES KING DIAMONDS EIGHT,0.2322,0.227,0.5408
SPADES QUEEN DIAMONDS EIGHT,0.5912,0.0076,0.4012
SPADES SIX DIAMONDS FIVE,0.6906,0.0326,0.2768
SPADES NINE DIAMONDS FIVE,0.7186,0.0404,0.241
SPADES EIGHT DIAMONDS FIVE,0.7096,0.0322,0.2582
SPADES ACE DIAMONDS EIGHT,0.3694,0.0066,0.624
DIAMONDS TEN DIAMONDS SIX,0.5736,0.0082,0.4182
HEARTS ACE DIAMONDS SEVEN,0.3604,0.0056,0.634
DIAMONDS JACK DIAMONDS SIX,0.5772,0.0078,0.415
HEARTS QUEEN DIAMONDS SEVEN,0.6162,0.0054,0.3784
HEARTS KING DIAMONDS SEVEN,0.2298,0.2958,0.4744
DIAMONDS ACE DIAMONDS SIX,0.3376,0.0066,0.6558
HEARTS FOUR DIAMONDS SIX,0.607,0.0096,0.3834
SPADES TWO HEARTS JACK,0.6384,0.0098,0.3518
HEARTS FIVE DIAMONDS SIX,0.6802,0.0346,0.2852
SPADES TWO HEARTS TEN,0.642,0.0074,0.3506
DIAMONDS QUEEN DIAMONDS SIX,0.5674,0.0064,0.4262
HEARTS TWO DIAMONDS SIX,0.6374,0.0096,0.353
HEARTS THREE DIAMONDS SIX,0.6244,0.0086,0.367
HEARTS EIGHT DIAMONDS SIX,0.5864,0.008,0.4056
HEARTS NINE DIAMONDS SIX,0.5744,0.01,0.4156
HEARTS SIX DIAMONDS SIX,0.3422,0.018,0.6398
HEARTS SEVEN DIAMONDS SIX,0.589,0.0096,0.4014
HEARTS TEN DIAMONDS SEVEN,0.5732,0.0074,0.4194
CLUBS TWO DIAMONDS SIX,0.6478,0.0082,0.344
HEARTS JACK DIAMONDS SEVEN,0.5906,0.0084,0.401
CLUBS THREE DIAMONDS SIX,0.6328,0.0096,0.3576
CLUBS SEVEN DIAMONDS SIX,0.5624,0.0094,0.4282
CLUBS JACK DIAMONDS EIGHT,0.5638,0.0066,0.4296
CLUBS SIX DIAMONDS SIX,0.33,0.014,0.656
CLUBS TEN DIAMONDS EIGHT,0.5614,0.0094,0.4292
CLUBS FOUR DIAMONDS SIX,0.619,0.0112,0.3698
HEARTS ACE HEARTS JACK,0.331,0.0056,0.6634
DIAMONDS EIGHT CLUBS ACE,0.3672,0.0048,0.628
HEARTS QUEEN HEARTS JACK,0.5112,0.0064,0.4824
DIAMONDS EIGHT CLUBS KING,0.2258,0.234,0.5402
CLUBS NINE DIAMONDS SIX,0.5878,0.008,0.4042
HEARTS KING HEARTS JACK,0.2392,0.0864,0.6744
CLUBS EIGHT DIAMONDS SIX,0.5802,0.01,0.4098
DIAMONDS EIGHT CLUBS QUEEN,0.581,0.01,0.409
SPADES TEN HEARTS KING,0.2376,0.1138,0.6486
SPADES FIVE DIAMONDS SIX,0.6836,0.032,0.2844
HEARTS ACE SPADES TWO,0.387,0.0048,0.6082
SPADES JACK HEARTS KING,0.2392,0.0886,0.6722
SPADES FOUR DIAMONDS SIX,0.6114,0.0102,0.3784
SPADES THREE DIAMONDS SIX,0.6216,0.0078,0.3706
HEARTS QUEEN SPADES TWO,0.6304,0.0076,0.362
SPADES ACE SPADES KING,0.2206,0.01,0.7694
HEARTS KING SPADES TWO,0.3238,0.4512,0.225
SPADES TWO DIAMONDS SIX,0.6326,0.0124,0.355
HEARTS TEN HEARTS EIGHT,0.5338,0.0052,0.461
SPADES NINE DIAMONDS SIX,0.5886,0.0064,0.405
HEARTS JACK HEARTS EIGHT,0.5378,0.006,0.4562
SPADES EIGHT DIAMONDS SIX,0.5756,0.0064,0.418
SPADES SEVEN DIAMONDS SIX,0.57,0.01,0.42
SPADES SIX DIAMONDS SIX,0.3428,0.0142,0.643
SPADES KING HEARTS KING,0.0844,0.0152,0.9004
SPADES QUEEN HEARTS KING,0.2452,0.0664,0.6884
CLUBS ACE CLUBS KING,0.2208,0.0114,0.7678
SPADES ACE HEARTS KING,0.2358,0.0118,0.7524
SPADES ACE HEARTS JACK,0.3514,0.0026,0.646
SPADES QUEEN HEARTS JACK,0.5632,0.005,0.4318
SPADES KING HEARTS JACK,0.2392,0.0884,0.6724
SPADES TEN DIAMONDS TEN,0.3046,0.01,0.6854
SPADES JACK DIAMONDS TEN,0.534,0.0066,0.4594
SPADES ACE DIAMONDS TEN,0.3558,0.006,0.6382
SPADES JACK HEARTS JACK,0.2962,0.0052,0.6986
SPADES TEN HEARTS JACK,0.55,0.0046,0.4454
SPADES QUEEN DIAMONDS TEN,0.552,0.0064,0.4416
SPADES KING DIAMONDS TEN,0.2256,0.1156,0.6588
SPADES NINE DIAMONDS SEVEN,0.5738,0.0074,0.4188
SPADES EIGHT DIAMONDS SEVEN,0.5634,0.0084,0.4282
SPADES SEVEN DIAMONDS SEVEN,0.3426,0.0114,0.646
SPADES SIX DIAMONDS SEVEN,0.5806,0.007,0.4124
HEARTS THREE DIAMONDS SEVEN,0.6386,0.0084,0.353
HEARTS KING DIAMONDS FIVE,0.0184,0.9708,0.0108
DIAMONDS QUEEN DIAMONDS SEVEN,0.5694,0.0084,0.4222
HEARTS TWO DIAMONDS SEVEN,0.6504,0.0086,0.341
HEARTS QUEEN DIAMONDS FIVE,0.7338,0.0422,0.224
HEARTS FIVE DIAMONDS SEVEN,0.6934,0.0372,0.2694
DIAMONDS ACE DIAMONDS SEVEN,0.3418,0.0042,0.654
HEARTS FOUR DIAMONDS SEVEN,0.6142,0.0082,0.3776
HEARTS ACE DIAMONDS FIVE,0.2268,0.025,0.7482
HEARTS SEVEN DIAMONDS SEVEN,0.3376,0.0124,0.65
HEARTS SIX DIAMONDS SEVEN,0.576,0.0072,0.4168
DIAMONDS SEVEN HEARTS NINE,0.5806,0.0092,0.4102
HEARTS EIGHT DIAMONDS SEVEN,0.5724,0.0082,0.4194
DIAMONDS JACK DIAMONDS SEVEN,0.5712,0.0088,0.42
DIAMONDS FIVE HEARTS JACK,0.739,0.0374,0.2236
DIAMONDS TEN DIAMONDS SEVEN,0.5528,0.0086,0.4386
HEARTS TEN DIAMONDS FIVE,0.723,0.0404,0.2366
CLUBS EIGHT DIAMONDS SEVEN,0.567,0.008,0.425
SPADES KING CLUBS TWO,0.3326,0.4526,0.2148
HEARTS KING CLUBS KING,0.0712,0.0128,0.916
SPADES QUEEN CLUBS TWO,0.6442,0.0064,0.3494
HEARTS KING CLUBS QUEEN,0.229,0.071,0.7
CLUBS NINE DIAMONDS SEVEN,0.5654,0.0076,0.427
CLUBS JACK SPADES TWO,0.6354,0.0084,0.3562
CLUBS SIX CLUBS SEVEN,0.5296,0.005,0.4654
SPADES ACE CLUBS TWO,0.3936,0.0042,0.6022
CLUBS TEN SPADES TWO,0.6182,0.012,0.3698
HEARTS KING CLUBS ACE,0.2182,0.0144,0.7674
SPADES TWO CLUBS KING,0.3276,0.4512,0.2212
SPADES TWO DIAMONDS SEVEN,0.6458,0.0084,0.3458
CLUBS EIGHT CLUBS SIX,0.549,0.0066,0.4444
SPADES THREE DIAMONDS SEVEN,0.6446,0.0064,0.349
SPADES TWO CLUBS QUEEN,0.6402,0.0064,0.3534
CLUBS NINE CLUBS SIX,0.5514,0.0078,0.4408
SPADES FOUR DIAMONDS SEVEN,0.61,0.0104,0.3796
CLUBS JACK HEARTS KING,0.2454,0.0884,0.6662
SPADES FIVE DIAMONDS SEVEN,0.6838,0.0374,0.2788
SPADES TWO CLUBS ACE,0.3738,0.0058,0.6204
CLUBS TEN HEARTS KING,0.23,0.112,0.658
CLUBS SIX SPADES TWO,0.6298,0.0096,0.3606
CLUBS SIX SPADES THREE,0.6202,0.0096,0.3702
CLUBS TWO DIAMONDS SEVEN,0.6422,0.0114,0.3464
CLUBS SIX SPADES FOUR,0.612,0.007,0.381
CLUBS THREE DIAMONDS SEVEN,0.6338,0.0108,0.3554
CLUBS SIX SPADES FIVE,0.6734,0.0338,0.2928
CLUBS FOUR DIAMONDS SEVEN,0.6202,0.011,0.3688
CLUBS SIX SPADES SIX,0.335,0.0132,0.6518
CLUBS SIX SPADES SEVEN,0.5726,0.0064,0.421
CLUBS SIX DIAMONDS SEVEN,0.572,0.0082,0.4198
CLUBS SIX SPADES EIGHT,0.5704,0.0072,0.4224
SPADES JACK CLUBS TWO,0.6374,0.009,0.3536
CLUBS SEVEN DIAMONDS SEVEN,0.3292,0.0156,0.6552
CLUBS SIX SPADES NINE,0.5818,0.0078,0.4104
SPADES TEN CLUBS TWO,0.6202,0.0088,0.371
CLUBS TWO CLUBS QUEEN,0.5934,0.0084,0.3982
CLUBS TWO CLUBS KING,0.3124,0.4362,0.2514
CLUBS THREE DIAMONDS EIGHT,0.6494,0.0096,0.341
CLUBS TWO CLUBS ACE,0.367,0.0074,0.6256
CLUBS TWO DIAMONDS EIGHT,0.636,0.0096,0.3544
HEARTS SEVEN DIAMONDS EIGHT,0.5664,0.007,0.4266
HEARTS SIX DIAMONDS EIGHT,0.581,0.0072,0.4118
DIAMONDS EIGHT HEARTS NINE,0.5626,0.0048,0.4326
CLUBS TEN CLUBS TWO,0.5912,0.012,0.3968
DIAMONDS EIGHT HEARTS EIGHT,0.3254,0.0102,0.6644
CLUBS JACK CLUBS TWO,0.61,0.0102,0.3798
CLUBS NINE DIAMONDS EIGHT,0.5712,0.0102,0.4186
CLUBS EIGHT DIAMONDS EIGHT,0.3212,0.0102,0.6686
SPADES ACE SPADES THREE,0.3686,0.003,0.6284
CLUBS FOUR DIAMONDS EIGHT,0.6438,0.0082,0.348
CLUBS SEVEN DIAMONDS EIGHT,0.5462,0.0124,0.4414
SPADES QUEEN SPADES THREE,0.5976,0.0076,0.3948
CLUBS SIX DIAMONDS EIGHT,0.5646,0.0098,0.4256
SPADES KING SPADES THREE,0.3008,0.4432,0.256
DIAMONDS QUEEN DIAMONDS EIGHT,0.5608,0.0084,0.4308
HEARTS TWO DIAMONDS EIGHT,0.6522,0.0082,0.3396
HEARTS THREE DIAMONDS EIGHT,0.645,0.0086,0.3464
DIAMONDS ACE DIAMONDS EIGHT,0.3494,0.0054,0.6452
HEARTS FOUR DIAMONDS EIGHT,0.6374,0.0096,0.353
HEARTS FIVE DIAMONDS EIGHT,0.7114,0.0338,0.2548
DIAMONDS EIGHT DIAMONDS TEN,0.537,0.0072,0.4558
DIAMONDS EIGHT DIAMONDS JACK,0.5588,0.0092,0.432
SPADES JACK SPADES THREE,0.5902,0.0082,0.4016
SPADES TEN SPADES THREE,0.5884,0.0106,0.401
CLUBS FOUR HEARTS ACE,0.3672,0.0038,0.629
CLUBS FOUR HEARTS QUEEN,0.6332,0.0074,0.3594
CLUBS FOUR HEARTS KING,0.3188,0.465,0.2162
CLUBS SIX HEARTS TEN,0.5878,0.0076,0.4046
CLUBS SIX HEARTS JACK,0.5984,0.0084,0.3932
DIAMONDS EIGHT SPADES FOUR,0.6426,0.0066,0.3508
SPADES FIVE DIAMONDS EIGHT,0.7026,0.0292,0.2682
DIAMONDS EIGHT SPADES TWO,0.6402,0.0068,0.353
DIAMONDS EIGHT SPADES THREE,0.6422,0.007,0.3508
CLUBS FOUR HEARTS JACK,0.6274,0.0084,0.3642
SPADES EIGHT DIAMONDS EIGHT,0.3292,0.0112,0.6596
SPADES TEN DIAMONDS QUEEN,0.558,0.0066,0.4354
SPADES TEN HEARTS TWO,0.6322,0.0096,0.3582
SPADES JACK HEARTS EIGHT,0.5674,0.0064,0.4262
CLUBS FOUR HEARTS TEN,0.6346,0.0086,0.3568
SPADES NINE DIAMONDS EIGHT,0.5674,0.0062,0.4264
SPADES TEN HEARTS EIGHT,0.5562,0.0052,0.4386
SPADES JACK HEARTS TWO,0.6366,0.007,0.3564
SPADES JACK DIAMONDS QUEEN,0.5428,0.0072,0.45
SPADES SIX DIAMONDS EIGHT,0.5768,0.0066,0.4166
SPADES SEVEN DIAMONDS EIGHT,0.5558,0.0078,0.4364
SPADES ACE HEARTS TWO,0.377,0.0056,0.6174
SPADES ACE DIAMONDS QUEEN,0.3554,0.004,0.6406
SPADES ACE HEARTS EIGHT,0.3556,0.0036,0.6408
SPADES KING HEARTS EIGHT,0.2342,0.2268,0.539
SPADES QUEEN HEARTS TWO,0.6426,0.009,0.3484
SPADES QUEEN DIAMONDS QUEEN,0.3032,0.005,0.6918
SPADES KING DIAMONDS QUEEN,0.2484,0.065,0.6866
SPADES KING HEARTS TWO,0.3158,0.4706,0.2136
SPADES QUEEN HEARTS EIGHT,0.5938,0.0086,0.3976
CLUBS TWO HEARTS TEN,0.6374,0.0078,0.3548
CLUBS TWO HEARTS JACK,0.6444,0.0066,0.349
SPADES SEVEN DIAMONDS NINE,0.5624,0.0068,0.4308
SPADES SIX DIAMONDS NINE,0.5864,0.0078,0.4058
SPADES NINE DIAMONDS NINE,0.3276,0.0098,0.6626
SPADES EIGHT DIAMONDS NINE,0.5552,0.0086,0.4362
SPADES TEN CLUBS KING,0.2248,0.1178,0.6574
DIAMONDS NINE SPADES THREE,0.63,0.0094,0.3606
SPADES JACK CLUBS KING,0.2316,0.0904,0.678
DIAMONDS NINE SPADES TWO,0.6402,0.0092,0.3506
DIAMONDS NINE SPADES FIVE,0.712,0.0368,0.2512
DIAMONDS NINE SPADES FOUR,0.6404,0.0072,0.3524
CLUBS NINE DIAMONDS NINE,0.32,0.0102,0.6698
CLUBS EIGHT DIAMONDS NINE,0.5486,0.0084,0.443
CLUBS SIX DIAMONDS NINE,0.5942,0.0074,0.3984
SPADES JACK CLUBS FOUR,0.648,0.0064,0.3456
CLUBS SEVEN DIAMONDS NINE,0.563,0.0104,0.4266
SPADES TEN CLUBS FOUR,0.6372,0.007,0.3558
CLUBS FOUR DIAMONDS NINE,0.6456,0.0118,0.3426
DIAMONDS NINE CLUBS TWO,0.648,0.0064,0.3456
CLUBS THREE DIAMONDS NINE,0.6388,0.0098,0.3514
DIAMONDS NINE HEARTS EIGHT,0.569,0.0064,0.4246
DIAMONDS NINE HEARTS NINE,0.306,0.0114,0.6826
HEARTS SIX DIAMONDS NINE,0.5834,0.007,0.4096
HEARTS SEVEN DIAMONDS NINE,0.5658,0.0056,0.4286
CLUBS EIGHT CLUBS NINE,0.5318,0.0092,0.459
DIAMONDS ACE DIAMONDS NINE,0.346,0.0066,0.6474
HEARTS FOUR DIAMONDS NINE,0.6572,0.0072,0.3356
HEARTS FIVE DIAMONDS NINE,0.7204,0.0382,0.2414
HEARTS ACE CLUBS TWO,0.3978,0.006,0.5962
SPADES ACE CLUBS FOUR,0.3804,0.0046,0.615
DIAMONDS QUEEN DIAMONDS NINE,0.555,0.0088,0.4362
HEARTS TWO DIAMONDS NINE,0.641,0.0082,0.3508
CLUBS TWO HEARTS KING,0.319,0.4606,0.2204
SPADES KING CLUBS FOUR,0.319,0.4594,0.2216
HEARTS THREE DIAMONDS NINE,0.6422,0.0072,0.3506
CLUBS TWO HEARTS QUEEN,0.6386,0.0078,0.3536
SPADES QUEEN CLUBS FOUR,0.6478,0.008,0.3442
DIAMONDS NINE DIAMONDS JACK,0.5404,0.0124,0.4472
CLUBS EIGHT SPADES NINE,0.5554,0.0068,0.4378
DIAMONDS NINE DIAMONDS TEN,0.5188,0.007,0.4742
CLUBS EIGHT SPADES EIGHT,0.3236,0.011,0.6654
CLUBS EIGHT SPADES SEVEN,0.5614,0.008,0.4306
CLUBS EIGHT SPADES SIX,0.5774,0.0098,0.4128
CLUBS EIGHT SPADES FIVE,0.688,0.035,0.277
CLUBS EIGHT SPADES FOUR,0.6138,0.0098,0.3764
CLUBS EIGHT SPADES THREE,0.6404,0.0064,0.3532
CLUBS EIGHT SPADES TWO,0.6298,0.0076,0.3626
HEARTS SIX DIAMONDS TEN,0.5894,0.008,0.4026
HEARTS SEVEN DIAMONDS TEN,0.5854,0.0066,0.408
DIAMONDS TEN HEARTS EIGHT,0.5592,0.0082,0.4326
CLUBS JACK CLUBS FOUR,0.5928,0.0096,0.3976
DIAMONDS TEN HEARTS NINE,0.5424,0.0062,0.4514
CLUBS TEN CLUBS FOUR,0.5978,0.0088,0.3934
CLUBS FOUR CLUBS KING,0.3098,0.4308,0.2594
CLUBS FOUR CLUBS QUEEN,0.6042,0.0086,0.3872
CLUBS TWO DIAMONDS TEN,0.6386,0.0108,0.3506
CLUBS THREE DIAMONDS TEN,0.635,0.0092,0.3558
CLUBS FOUR CLUBS ACE,0.3592,0.0056,0.6352
DIAMONDS JACK DIAMONDS TEN,0.5188,0.0088,0.4724
DIAMONDS QUEEN DIAMONDS TEN,0.5262,0.0062,0.4676
HEARTS TWO DIAMONDS TEN,0.6496,0.0082,0.3422
HEARTS THREE DIAMONDS TEN,0.6368,0.0058,0.3574
DIAMONDS ACE DIAMONDS TEN,0.3432,0.0048,0.652
HEARTS FOUR DIAMONDS TEN,0.6258,0.007,0.3672
CLUBS EIGHT HEARTS JACK,0.5772,0.0054,0.4174
HEARTS FIVE DIAMONDS TEN,0.7266,0.0328,0.2406
CLUBS EIGHT HEARTS TEN,0.5578,0.0078,0.4344
CLUBS EIGHT HEARTS QUEEN,0.6072,0.0072,0.3856
CLUBS EIGHT HEARTS KING,0.2288,0.2264,0.5448
CLUBS EIGHT HEARTS ACE,0.3474,0.0056,0.647
CLUBS NINE SPADES THREE,0.6358,0.007,0.3572
CLUBS NINE SPADES TWO,0.6248,0.0074,0.3678
CLUBS NINE SPADES FIVE,0.6988,0.0378,0.2634
CLUBS NINE SPADES FOUR,0.6352,0.009,0.3558
CLUBS NINE SPADES SEVEN,0.5722,0.0056,0.4222
CLUBS NINE SPADES SIX,0.596,0.0074,0.3966
CLUBS NINE SPADES NINE,0.3162,0.0084,0.6754
CLUBS TEN HEARTS EIGHT,0.5622,0.007,0.4308
CLUBS NINE SPADES EIGHT,0.5522,0.0076,0.4402
CLUBS JACK HEARTS EIGHT,0.5912,0.006,0.4028
HEARTS EIGHT CLUBS QUEEN,0.5746,0.007,0.4184
CLUBS KING HEARTS EIGHT,0.2218,0.234,0.5442
CLUBS ACE HEARTS EIGHT,0.3682,0.0044,0.6274
SPADES KING CLUBS KING,0.0752,0.012,0.9128
SPADES QUEEN CLUBS KING,0.2394,0.0698,0.6908
SPADES ACE CLUBS KING,0.232,0.01,0.758
DIAMONDS ACE HEARTS TEN,0.3442,0.0034,0.6524
HEARTS FOUR HEARTS TEN,0.5808,0.0066,0.4126
DIAMONDS ACE HEARTS JACK,0.3456,0.005,0.6494
HEARTS FOUR HEARTS JACK,0.5868,0.007,0.4062
HEARTS SEVEN DIAMONDS JACK,0.598,0.0062,0.3958
HEARTS SIX DIAMONDS JACK,0.6116,0.0112,0.3772
DIAMONDS JACK HEARTS NINE,0.5702,0.0082,0.4216
DIAMONDS JACK HEARTS EIGHT,0.5798,0.0088,0.4114
HEARTS THREE DIAMONDS JACK,0.6302,0.0078,0.362
SPADES ACE SPADES SIX,0.3438,0.0054,0.6508
HEARTS ACE SPADES FOUR,0.3724,0.0052,0.6224
DIAMONDS QUEEN DIAMONDS JACK,0.5336,0.0082,0.4582
HEARTS TWO DIAMONDS JACK,0.6444,0.0084,0.3472
HEARTS FIVE DIAMONDS JACK,0.7302,0.0412,0.2286
SPADES QUEEN SPADES SIX,0.5622,0.0074,0.4304
SPADES FOUR HEARTS QUEEN,0.6292,0.0068,0.364
DIAMONDS ACE DIAMONDS JACK,0.3374,0.0046,0.658
HEARTS FOUR DIAMONDS JACK,0.6268,0.0078,0.3654
SPADES KING SPADES SIX,0.2196,0.3518,0.4286
SPADES FOUR HEARTS KING,0.329,0.455,0.216
SPADES TEN SPADES SIX,0.5488,0.0064,0.4448
SPADES JACK SPADES SIX,0.576,0.007,0.417
SPADES FOUR DIAMONDS JACK,0.6452,0.0058,0.349
SPADES FIVE DIAMONDS JACK,0.7282,0.0472,0.2246
DIAMONDS JACK SPADES TWO,0.6464,0.0072,0.3464
DIAMONDS JACK SPADES THREE,0.638,0.0082,0.3538
SPADES ACE DIAMONDS THREE,0.387,0.004,0.609
CLUBS EIGHT DIAMONDS JACK,0.5682,0.0082,0.4236
SPADES QUEEN DIAMONDS THREE,0.6422,0.0082,0.3496
SPADES KING DIAMONDS THREE,0.319,0.4598,0.2212
CLUBS NINE DIAMONDS JACK,0.544,0.0072,0.4488
CLUBS SIX DIAMONDS JACK,0.6024,0.0076,0.39
CLUBS SEVEN DIAMONDS JACK,0.586,0.0096,0.4044
CLUBS FOUR DIAMONDS JACK,0.6444,0.008,0.3476
CLUBS TWO DIAMONDS JACK,0.6342,0.0084,0.3574
CLUBS THREE DIAMONDS JACK,0.639,0.0074,0.3536
SPADES JACK HEARTS SIX,0.5992,0.0074,0.3934
HEARTS SIX SPADES TEN,0.5938,0.0062,0.4
SPADES JACK DIAMONDS THREE,0.6422,0.0056,0.3522
CLUBS SEVEN CLUBS ACE,0.34,0.0046,0.6554
DIAMONDS THREE SPADES TEN,0.6356,0.0092,0.3552
CLUBS SEVEN CLUBS QUEEN,0.575,0.0102,0.4148
CLUBS SEVEN CLUBS KING,0.215,0.304,0.481
SPADES NINE DIAMONDS JACK,0.568,0.0066,0.4254
CLUBS TEN CLUBS SEVEN,0.545,0.0088,0.4462
DIAMONDS ACE HEARTS ACE,0.1252,0.005,0.8698
HEARTS FOUR HEARTS ACE,0.3496,0.0048,0.6456
SPADES EIGHT DIAMONDS JACK,0.5778,0.0068,0.4154
SPADES ACE HEARTS SIX,0.355,0.0046,0.6404
CLUBS JACK CLUBS SEVEN,0.5546,0.0068,0.4386
DIAMONDS ACE HEARTS KING,0.225,0.0144,0.7606
HEARTS FOUR HEARTS KING,0.2974,0.441,0.2616
SPADES SEVEN DIAMONDS JACK,0.5804,0.0068,0.4128
SPADES KING HEARTS SIX,0.2228,0.38,0.3972
DIAMONDS ACE HEARTS QUEEN,0.3466,0.005,0.6484
HEARTS FOUR HEARTS QUEEN,0.589,0.007,0.404
SPADES QUEEN HEARTS SIX,0.5928,0.006,0.4012
SPADES SIX DIAMONDS JACK,0.6044,0.007,0.3886
DIAMONDS TEN SPADES TWO,0.646,0.01,0.344
SPADES THREE DIAMONDS TEN,0.6286,0.0074,0.364
SPADES FOUR DIAMONDS TEN,0.6296,0.0082,0.3622
SPADES FIVE DIAMONDS TEN,0.7304,0.0338,0.2358
SPADES SIX DIAMONDS TEN,0.5926,0.0064,0.401
SPADES SEVEN DIAMONDS TEN,0.5762,0.0068,0.417
SPADES EIGHT DIAMONDS TEN,0.565,0.0054,0.4296
SPADES NINE DIAMONDS TEN,0.5576,0.0084,0.434
CLUBS FOUR DIAMONDS TEN,0.6416,0.009,0.3494
CLUBS SIX DIAMONDS TEN,0.5854,0.008,0.4066
CLUBS SEVEN DIAMONDS TEN,0.5712,0.006,0.4228
CLUBS EIGHT DIAMONDS TEN,0.5598,0.0052,0.435
CLUBS NINE DIAMONDS TEN,0.5544,0.008,0.4376
CLUBS JACK DIAMONDS THREE,0.6352,0.0096,0.3552
CLUBS TEN DIAMONDS THREE,0.6408,0.008,0.3512
DIAMONDS THREE CLUBS KING,0.3192,0.466,0.2148
DIAMONDS THREE CLUBS QUEEN,0.6334,0.0094,0.3572
DIAMONDS THREE CLUBS ACE,0.3774,0.0048,0.6178
SPADES FOUR HEARTS JACK,0.6334,0.0064,0.3602
SPADES FOUR HEARTS TEN,0.6318,0.0066,0.3616
SPADES FIVE SPADES TWO,0.6802,0.0392,0.2806
SPADES FOUR SPADES TWO,0.5996,0.009,0.3914
SPADES THREE SPADES TWO,0.6046,0.0092,0.3862
SPADES NINE SPADES TWO,0.5828,0.0108,0.4064
SPADES EIGHT SPADES TWO,0.5904,0.0084,0.4012
SPADES SEVEN SPADES TWO,0.5914,0.0096,0.399
SPADES SIX SPADES TWO,0.6026,0.009,0.3884
DIAMONDS QUEEN CLUBS THREE,0.6404,0.0086,0.351
CLUBS THREE HEARTS TWO,0.6572,0.0092,0.3336
DIAMONDS QUEEN CLUBS TWO,0.6358,0.0104,0.3538
HEARTS TWO CLUBS TWO,0.4506,0.0182,0.5312
HEARTS SEVEN DIAMONDS QUEEN,0.6036,0.007,0.3894
HEARTS SEVEN HEARTS TWO,0.5926,0.009,0.3984
HEARTS SIX DIAMONDS QUEEN,0.612,0.0084,0.3796
HEARTS SIX HEARTS TWO,0.5938,0.0074,0.3988
DIAMONDS QUEEN HEARTS NINE,0.575,0.006,0.419
HEARTS TWO HEARTS NINE,0.5928,0.0112,0.396
DIAMONDS QUEEN HEARTS EIGHT,0.6018,0.0074,0.3908
HEARTS TWO HEARTS EIGHT,0.5986,0.0066,0.3948
CLUBS NINE HEARTS TWO,0.6234,0.009,0.3676
CLUBS NINE DIAMONDS QUEEN,0.5634,0.009,0.4276
CLUBS EIGHT DIAMONDS QUEEN,0.587,0.0068,0.4062
CLUBS EIGHT HEARTS TWO,0.6406,0.0096,0.3498
SPADES EIGHT HEARTS ACE,0.3784,0.0038,0.6178
DIAMONDS QUEEN CLUBS FOUR,0.6326,0.009,0.3584
CLUBS FOUR HEARTS TWO,0.6476,0.014,0.3384
CLUBS SEVEN DIAMONDS QUEEN,0.5848,0.0068,0.4084
CLUBS SEVEN HEARTS TWO,0.6296,0.0092,0.3612
SPADES EIGHT HEARTS QUEEN,0.585,0.0062,0.4088
CLUBS SIX DIAMONDS QUEEN,0.5978,0.008,0.3942
CLUBS SIX HEARTS TWO,0.628,0.0094,0.3626
SPADES EIGHT HEARTS KING,0.2424,0.2234,0.5342
HEARTS TWO SPADES SIX,0.6366,0.0084,0.355
DIAMONDS QUEEN SPADES SIX,0.6028,0.005,0.3922
HEARTS FOUR CLUBS QUEEN,0.6274,0.011,0.3616
DIAMONDS ACE CLUBS QUEEN,0.346,0.006,0.648
DIAMONDS QUEEN SPADES SEVEN,0.6052,0.0076,0.3872
SPADES SEVEN HEARTS TWO,0.6448,0.0076,0.3476
HEARTS FOUR CLUBS KING,0.3086,0.4598,0.2316
DIAMONDS ACE CLUBS KING,0.2236,0.016,0.7604
DIAMONDS QUEEN SPADES EIGHT,0.5856,0.0092,0.4052
SPADES EIGHT HEARTS TWO,0.6394,0.0076,0.353
HEARTS FOUR CLUBS ACE,0.3724,0.007,0.6206
DIAMONDS ACE CLUBS ACE,0.1098,0.0046,0.8856
SPADES NINE DIAMONDS QUEEN,0.5844,0.0064,0.4092
SPADES NINE HEARTS TWO,0.6216,0.006,0.3724
HEARTS TWO SPADES TWO,0.431,0.0186,0.5504
DIAMONDS QUEEN SPADES TWO,0.6364,0.0096,0.354
HEARTS TWO SPADES THREE,0.6424,0.0112,0.3464
DIAMONDS QUEEN SPADES THREE,0.6456,0.0068,0.3476
HEARTS TWO SPADES FOUR,0.6346,0.0108,0.3546
DIAMONDS QUEEN SPADES FOUR,0.6428,0.0064,0.3508
CLUBS TEN HEARTS FOUR,0.619,0.0062,0.3748
CLUBS TEN DIAMONDS ACE,0.3388,0.0048,0.6564
HEARTS TWO SPADES FIVE,0.7028,0.0442,0.253
DIAMONDS QUEEN SPADES FIVE,0.722,0.0442,0.2338
CLUBS JACK HEARTS FOUR,0.63,0.0074,0.3626
CLUBS JACK DIAMONDS ACE,0.3542,0.0046,0.6412
SPADES KING CLUBS JACK,0.231,0.084,0.685
CLUBS JACK SPADES QUEEN,0.5454,0.0058,0.4488
SPADES ACE CLUBS JACK,0.3576,0.0038,0.6386
SPADES SIX CLUBS KING,0.2162,0.3978,0.386
SPADES SIX CLUBS QUEEN,0.6152,0.0084,0.3764
SPADES EIGHT HEARTS JACK,0.5664,0.0046,0.429
SPADES SIX CLUBS ACE,0.3654,0.0028,0.6318
SPADES EIGHT HEARTS TEN,0.5576,0.0054,0.437
CLUBS JACK SPADES SIX,0.6008,0.0072,0.392
CLUBS TEN SPADES SIX,0.5636,0.0062,0.4302
CLUBS JACK SPADES TEN,0.5382,0.006,0.4558
CLUBS JACK SPADES JACK,0.2968,0.0064,0.6968
SPADES QUEEN CLUBS SEVEN,0.5982,0.0066,0.3952
SPADES KING CLUBS SEVEN,0.2194,0.3128,0.4678
SPADES ACE CLUBS SEVEN,0.3594,0.005,0.6356
SPADES SIX HEARTS TEN,0.5886,0.008,0.4034
SPADES SIX HEARTS JACK,0.609,0.007,0.384
SPADES SIX HEARTS ACE,0.3536,0.005,0.6414
SPADES SIX HEARTS KING,0.22,0.3966,0.3834
SPADES SIX HEARTS QUEEN,0.5928,0.0058,0.4014
SPADES JACK CLUBS SEVEN,0.59,0.0058,0.4042
SPADES TEN CLUBS SEVEN,0.5732,0.0068,0.42
CLUBS TEN HEARTS SIX,0.5926,0.0076,0.3998
CLUBS JACK HEARTS SIX,0.6072,0.0092,0.3836
CLUBS JACK CLUBS ACE,0.346,0.0058,0.6482
HEARTS SIX CLUBS QUEEN,0.6034,0.0074,0.3892
HEARTS SIX CLUBS KING,0.225,0.3878,0.3872
HEARTS SIX CLUBS ACE,0.3514,0.0058,0.6428
CLUBS JACK CLUBS QUEEN,0.5382,0.0064,0.4554
CLUBS JACK CLUBS KING,0.228,0.079,0.693
DIAMONDS THREE HEARTS ACE,0.3752,0.003,0.6218
DIAMONDS THREE HEARTS QUEEN,0.6316,0.01,0.3584
DIAMONDS THREE HEARTS KING,0.3376,0.452,0.2104
SPADES TEN DIAMONDS ACE,0.3484,0.0048,0.6468
HEARTS FOUR SPADES TEN,0.6274,0.008,0.3646
HEARTS FOUR SPADES JACK,0.6484,0.0076,0.344
SPADES JACK DIAMONDS ACE,0.3486,0.0048,0.6466
SPADES ACE HEARTS FOUR,0.3786,0.0042,0.6172
SPADES ACE DIAMONDS ACE,0.1194,0.0046,0.876
HEARTS FOUR SPADES QUEEN,0.6206,0.0086,0.3708
SPADES QUEEN DIAMONDS ACE,0.349,0.0046,0.6464
CLUBS JACK SPADES FOUR,0.6412,0.0084,0.3504
SPADES KING DIAMONDS ACE,0.231,0.0136,0.7554
SPADES KING HEARTS FOUR,0.3286,0.4522,0.2192
CLUBS TEN SPADES FOUR,0.6302,0.0062,0.3636
DIAMONDS ACE DIAMONDS QUEEN,0.3358,0.0056,0.6586
DIAMONDS ACE HEARTS TWO,0.38,0.0062,0.6138
HEARTS FOUR DIAMONDS QUEEN,0.6384,0.0092,0.3524
HEARTS FOUR HEARTS TWO,0.6034,0.0074,0.3892
DIAMONDS THREE HEARTS TEN,0.6292,0.0084,0.3624
SPADES FOUR CLUBS KING,0.3052,0.4648,0.23
HEARTS FIVE DIAMONDS QUEEN,0.7302,0.0364,0.2334
HEARTS FIVE HEARTS TWO,0.6738,0.0394,0.2868
DIAMONDS THREE HEARTS JACK,0.64,0.0068,0.3532
SPADES FOUR CLUBS QUEEN,0.6276,0.009,0.3634
DIAMONDS QUEEN HEARTS TWO,0.6474,0.0066,0.346
DIAMONDS QUEEN HEARTS THREE,0.645,0.0098,0.3452
HEARTS THREE HEARTS TWO,0.6076,0.0088,0.3836
SPADES FOUR CLUBS ACE,0.3824,0.005,0.6126
HEARTS TWO CLUBS ACE,0.3844,0.0062,0.6094
DIAMONDS QUEEN CLUBS ACE,0.3488,0.0058,0.6454
HEARTS TWO CLUBS QUEEN,0.6316,0.0092,0.3592
DIAMONDS QUEEN CLUBS QUEEN,0.2832,0.0046,0.7122
HEARTS TWO CLUBS KING,0.32,0.469,0.211
DIAMONDS QUEEN CLUBS KING,0.2472,0.0626,0.6902
SPADES EIGHT SPADES FIVE,0.6616,0.0326,0.3058
CLUBS TEN HEARTS TWO,0.6368,0.0084,0.3548
CLUBS TEN DIAMONDS QUEEN,0.5672,0.0058,0.427
SPADES NINE SPADES FIVE,0.6716,0.035,0.2934
CLUBS JACK HEARTS TWO,0.6274,0.0084,0.3642
CLUBS JACK DIAMONDS QUEEN,0.569,0.0078,0.4232
SPADES SIX SPADES FIVE,0.646,0.0292,0.3248
SPADES SEVEN SPADES FIVE,0.637,0.0306,0.3324
DIAMONDS FIVE CLUBS QUEEN,0.7288,0.0404,0.2308
SPADES EIGHT CLUBS ACE,0.3476,0.0042,0.6482
DIAMONDS FIVE CLUBS KING,0.0094,0.9814,0.0092
SPADES EIGHT CLUBS KING,0.229,0.2228,0.5482
DIAMONDS FIVE CLUBS ACE,0.2194,0.0322,0.7484
SPADES EIGHT CLUBS QUEEN,0.5782,0.0084,0.4134
CLUBS JACK SPADES EIGHT,0.5904,0.007,0.4026
CLUBS TEN SPADES EIGHT,0.5498,0.007,0.4432
CLUBS TEN DIAMONDS FIVE,0.7276,0.0384,0.234
CLUBS JACK DIAMONDS FIVE,0.7286,0.0428,0.2286
DIAMONDS TEN HEARTS JACK,0.5506,0.0042,0.4452
DIAMONDS TEN HEARTS TEN,0.3136,0.0072,0.6792
SPADES ACE CLUBS NINE,0.3706,0.0046,0.6248
SPADES QUEEN CLUBS NINE,0.5754,0.0072,0.4174
SPADES KING CLUBS NINE,0.2364,0.1632,0.6004
HEARTS SIX HEARTS KING,0.218,0.364,0.418
HEARTS THREE SPADES SEVEN,0.6238,0.0086,0.3676
SPADES KING DIAMONDS SEVEN,0.2408,0.3068,0.4524
HEARTS SIX HEARTS QUEEN,0.5598,0.0066,0.4336
SPADES QUEEN DIAMONDS SEVEN,0.615,0.0056,0.3794
HEARTS THREE SPADES SIX,0.6224,0.0094,0.3682
SPADES NINE HEARTS THREE,0.6334,0.0092,0.3574
HEARTS SIX HEARTS ACE,0.3408,0.005,0.6542
SPADES EIGHT HEARTS THREE,0.6344,0.006,0.3596
SPADES ACE DIAMONDS SEVEN,0.3602,0.0042,0.6356
