opposingHand,winningChance,drawChance,lostChance
CLUBS TWO DIAMONDS SIX
HEARTS FIVE SPADES TEN,0.3598,0.027,0.6132
HEARTS FIVE SPADES JACK,0.3522,0.015,0.6328
CLUBS JACK SPADES FIVE,0.3546,0.0214,0.624
CLUBS TEN SPADES FIVE,0.3448,0.0314,0.6238
CLUBS JACK CLUBS EIGHT,0.3126,0.0184,0.669
CLUBS TEN CLUBS EIGHT,0.3122,0.028,0.6598
CLUBS EIGHT CLUBS KING,0.318,0.0082,0.6738
SPADES FIVE CLUBS ACE,0.338,0.0064,0.6556
CLUBS EIGHT CLUBS QUEEN,0.334,0.0086,0.6574
SPADES FIVE CLUBS KING,0.358,0.009,0.633
SPADES FIVE CLUBS QUEEN,0.3576,0.0102,0.6322
CLUBS EIGHT CLUBS ACE,0.3186,0.0062,0.6752
DIAMONDS TWO DIAMONDS THREE,0.4686,0.2544,0.277
DIAMONDS TWO DIAMONDS FIVE,0.4588,0.2584,0.2828
HEARTS FIVE SPADES KING,0.3418,0.0066,0.6516
DIAMONDS TWO DIAMONDS FOUR,0.4634,0.2588,0.2778
HEARTS FIVE SPADES QUEEN,0.3582,0.0154,0.6264
DIAMONDS TWO DIAMONDS SEVEN,0.2196,0.1934,0.587
SPADES ACE HEARTS FIVE,0.348,0.0038,0.6482
DIAMONDS TWO DIAMONDS NINE,0.2412,0.1026,0.6562
DIAMONDS TWO DIAMONDS EIGHT,0.236,0.143,0.621
DIAMONDS THREE DIAMONDS FOUR,0.429,0.1556,0.4154
DIAMONDS THREE DIAMONDS FIVE,0.4092,0.164,0.4268
DIAMONDS THREE DIAMONDS EIGHT,0.3448,0.0674,0.5878
DIAMONDS THREE DIAMONDS NINE,0.34,0.046,0.614
DIAMONDS THREE DIAMONDS SEVEN,0.3314,0.1032,0.5654
CLUBS TEN CLUBS JACK,0.3066,0.0196,0.6738
CLUBS TEN CLUBS QUEEN,0.3104,0.0108,0.6788
DIAMONDS FOUR DIAMONDS SEVEN,0.3166,0.1008,0.5826
CLUBS TEN CLUBS KING,0.3108,0.0074,0.6818
CLUBS TEN CLUBS ACE,0.3068,0.0062,0.687
DIAMONDS FIVE DIAMONDS FOUR,0.4072,0.1532,0.4396
DIAMONDS NINE DIAMONDS FOUR,0.3486,0.041,0.6104
DIAMONDS FOUR DIAMONDS EIGHT,0.3306,0.0638,0.6056
DIAMONDS NINE DIAMONDS FIVE,0.3236,0.0476,0.6288
CLUBS JACK DIAMONDS TWO,0.251,0.0472,0.7018
DIAMONDS FIVE DIAMONDS EIGHT,0.308,0.0682,0.6238
CLUBS TEN DIAMONDS TWO,0.2594,0.06,0.6806
DIAMONDS FIVE DIAMONDS SEVEN,0.3068,0.102,0.5912
DIAMONDS TWO CLUBS ACE,0.229,0.0122,0.7588
DIAMONDS TWO CLUBS KING,0.24,0.0212,0.7388
DIAMONDS TWO CLUBS QUEEN,0.2406,0.0362,0.7232
HEARTS ACE SPADES THREE,0.3482,0.0062,0.6456
SPADES THREE HEARTS KING,0.376,0.0112,0.6128
HEARTS QUEEN SPADES THREE,0.3702,0.0136,0.6162
SPADES THREE HEARTS JACK,0.361,0.0222,0.6168
SPADES THREE HEARTS TEN,0.3498,0.029,0.6212
DIAMONDS EIGHT DIAMONDS SEVEN,0.2822,0.0584,0.6594
DIAMONDS NINE DIAMONDS SEVEN,0.3012,0.0416,0.6572
DIAMONDS NINE DIAMONDS EIGHT,0.2888,0.0432,0.668
DIAMONDS KING HEARTS TEN,0.3294,0.0076,0.663
HEARTS THREE HEARTS TEN,0.3408,0.0288,0.6304
SPADES JACK CLUBS SIX,0.2376,0.067,0.6954
DIAMONDS KING HEARTS JACK,0.3272,0.007,0.6658
HEARTS THREE HEARTS JACK,0.3456,0.018,0.6364
SPADES TEN CLUBS SIX,0.2166,0.0896,0.6938
SPADES JACK SPADES FIVE,0.341,0.0252,0.6338
SPADES TEN SPADES FIVE,0.3224,0.0294,0.6482
DIAMONDS KING HEARTS ACE,0.3184,0.0038,0.6778
HEARTS THREE HEARTS ACE,0.3314,0.0058,0.6628
SPADES ACE CLUBS SIX,0.2312,0.0294,0.7394
DIAMONDS KING HEARTS QUEEN,0.3348,0.0078,0.6574
HEARTS THREE HEARTS QUEEN,0.3444,0.0148,0.6408
SPADES KING CLUBS SIX,0.2228,0.0436,0.7336
DIAMONDS KING HEARTS KING,0.1312,0.019,0.8498
HEARTS THREE HEARTS KING,0.3412,0.009,0.6498
SPADES QUEEN CLUBS SIX,0.223,0.056,0.721
SPADES NINE HEARTS TEN,0.3158,0.0234,0.6608
SPADES NINE HEARTS JACK,0.32,0.0176,0.6624
SPADES QUEEN SPADES FIVE,0.3288,0.0122,0.659
SPADES KING SPADES FIVE,0.3392,0.0086,0.6522
SPADES ACE SPADES FIVE,0.3112,0.0066,0.6822
SPADES NINE HEARTS QUEEN,0.3394,0.0114,0.6492
SPADES NINE HEARTS KING,0.3256,0.0096,0.6648
SPADES NINE HEARTS ACE,0.3358,0.0044,0.6598
CLUBS TEN SPADES JACK,0.3076,0.0158,0.6766
CLUBS TEN SPADES TEN,0.1328,0.0632,0.804
SPADES ACE CLUBS TEN,0.3204,0.0044,0.6752
CLUBS TEN SPADES KING,0.328,0.0078,0.6642
CLUBS TEN SPADES QUEEN,0.3298,0.0114,0.6588
SPADES FIVE HEARTS QUEEN,0.3562,0.0144,0.6294
SPADES FIVE HEARTS KING,0.3478,0.009,0.6432
HEARTS ACE SPADES FIVE,0.3496,0.0048,0.6456
CLUBS EIGHT SPADES TEN,0.3282,0.0244,0.6474
SPADES JACK HEARTS THREE,0.3622,0.0194,0.6184
SPADES JACK DIAMONDS KING,0.3206,0.0076,0.6718
SPADES TEN DIAMONDS KING,0.3214,0.0068,0.6718
SPADES TEN HEARTS THREE,0.3658,0.0322,0.602
CLUBS EIGHT SPADES JACK,0.337,0.0168,0.6462
CLUBS SIX HEARTS ACE,0.2296,0.0344,0.736
SPADES ACE CLUBS EIGHT,0.3178,0.004,0.6782
HEARTS FIVE CLUBS JACK,0.3524,0.017,0.6306
CLUBS TEN HEARTS FIVE,0.3566,0.0308,0.6126
CLUBS SIX HEARTS QUEEN,0.232,0.052,0.716
SPADES QUEEN CLUBS EIGHT,0.3344,0.0094,0.6562
CLUBS TEN SPADES THREE,0.3542,0.0268,0.619
CLUBS SIX HEARTS KING,0.2246,0.0418,0.7336
SPADES KING CLUBS EIGHT,0.3284,0.0112,0.6604
CLUBS JACK SPADES THREE,0.3524,0.0216,0.626
DIAMONDS TWO HEARTS JACK,0.246,0.0478,0.7062
SPADES THREE CLUBS QUEEN,0.3684,0.0152,0.6164
DIAMONDS TWO HEARTS TEN,0.262,0.0638,0.6742
SPADES THREE CLUBS KING,0.361,0.0098,0.6292
HEARTS FIVE CLUBS ACE,0.3554,0.0058,0.6388
SPADES FIVE HEARTS TEN,0.3556,0.0262,0.6182
SPADES THREE CLUBS ACE,0.3354,0.0038,0.6608
HEARTS FIVE CLUBS KING,0.341,0.0092,0.6498
SPADES FIVE HEARTS JACK,0.3464,0.0196,0.634
HEARTS FIVE CLUBS QUEEN,0.3516,0.0148,0.6336
HEARTS THREE CLUBS KING,0.353,0.009,0.638
DIAMONDS KING CLUBS KING,0.1256,0.0202,0.8542
HEARTS THREE CLUBS QUEEN,0.3554,0.0142,0.6304
DIAMONDS KING CLUBS QUEEN,0.321,0.0062,0.6728
HEARTS FIVE HEARTS JACK,0.3278,0.0214,0.6508
HEARTS FIVE HEARTS TEN,0.3378,0.0298,0.6324
HEARTS THREE CLUBS ACE,0.3398,0.0052,0.655
DIAMONDS KING CLUBS ACE,0.3234,0.006,0.6706
SPADES ACE CLUBS QUEEN,0.3418,0.004,0.6542
SPADES KING CLUBS QUEEN,0.3268,0.0074,0.6658
CLUBS JACK HEARTS THREE,0.3592,0.0242,0.6166
CLUBS JACK DIAMONDS KING,0.3244,0.0066,0.669
SPADES QUEEN CLUBS QUEEN,0.1212,0.0308,0.848
CLUBS TEN HEARTS THREE,0.3544,0.0362,0.6094
CLUBS TEN DIAMONDS KING,0.3166,0.008,0.6754
SPADES JACK CLUBS QUEEN,0.3194,0.0108,0.6698
CLUBS SIX CLUBS QUEEN,0.2208,0.0544,0.7248
SPADES TEN CLUBS QUEEN,0.329,0.0128,0.6582
CLUBS SIX CLUBS KING,0.2234,0.0396,0.737
CLUBS SIX CLUBS ACE,0.2148,0.0334,0.7518
HEARTS FIVE HEARTS KING,0.3284,0.0084,0.6632
HEARTS FIVE HEARTS QUEEN,0.3388,0.013,0.6482
CLUBS TEN CLUBS SIX,0.2352,0.0806,0.6842
HEARTS FIVE HEARTS ACE,0.3162,0.0054,0.6784
CLUBS JACK CLUBS SIX,0.229,0.0592,0.7118
SPADES SEVEN HEARTS JACK,0.328,0.0166,0.6554
SPADES SEVEN HEARTS TEN,0.3164,0.0282,0.6554
DIAMONDS TWO CLUBS THREE,0.4828,0.2688,0.2484
DIAMONDS TWO HEARTS SIX,0.0172,0.9732,0.0096
DIAMONDS TWO HEARTS QUEEN,0.254,0.0322,0.7138
HEARTS SEVEN DIAMONDS TWO,0.2508,0.1946,0.5546
DIAMONDS TWO HEARTS KING,0.2428,0.0264,0.7308
DIAMONDS TWO HEARTS EIGHT,0.237,0.1476,0.6154
DIAMONDS TWO HEARTS ACE,0.2262,0.0118,0.762
DIAMONDS TWO HEARTS NINE,0.2464,0.1,0.6536
DIAMONDS TWO DIAMONDS QUEEN,0.2402,0.0328,0.727
DIAMONDS TWO HEARTS TWO,0.2578,0.102,0.6402
DIAMONDS TWO DIAMONDS KING,0.244,0.0216,0.7344
DIAMONDS TWO HEARTS THREE,0.4854,0.2714,0.2432
DIAMONDS TWO DIAMONDS ACE,0.2166,0.0138,0.7696
HEARTS FOUR DIAMONDS TWO,0.4774,0.27,0.2526
HEARTS FIVE DIAMONDS TWO,0.4792,0.2686,0.2522
SPADES SEVEN HEARTS ACE,0.3406,0.0042,0.6552
DIAMONDS TWO DIAMONDS TEN,0.2414,0.0682,0.6904
SPADES SEVEN HEARTS KING,0.3346,0.0066,0.6588
DIAMONDS TWO DIAMONDS JACK,0.229,0.0454,0.7256
SPADES SEVEN HEARTS QUEEN,0.3424,0.012,0.6456
DIAMONDS TWO SPADES NINE,0.2494,0.1006,0.65
DIAMONDS TWO SPADES EIGHT,0.2516,0.1306,0.6178
DIAMONDS TWO SPADES SEVEN,0.238,0.186,0.576
DIAMONDS TWO SPADES SIX,0.0156,0.9726,0.0118
DIAMONDS TWO SPADES FIVE,0.4924,0.261,0.2466
DIAMONDS TWO SPADES FOUR,0.4862,0.2706,0.2432
DIAMONDS TWO SPADES THREE,0.475,0.2726,0.2524
DIAMONDS TWO SPADES TWO,0.2506,0.0952,0.6542
DIAMONDS TWO CLUBS NINE,0.2396,0.1006,0.6598
CLUBS EIGHT DIAMONDS TWO,0.2374,0.1484,0.6142
DIAMONDS TWO CLUBS SEVEN,0.2354,0.185,0.5796
DIAMONDS TWO CLUBS SIX,0.007,0.9846,0.0084
DIAMONDS TWO CLUBS FIVE,0.4814,0.272,0.2466
DIAMONDS TWO CLUBS FOUR,0.4738,0.2738,0.2524
CLUBS FOUR SPADES FIVE,0.4194,0.1598,0.4208
CLUBS FOUR SPADES FOUR,0.2208,0.1326,0.6466
CLUBS FOUR SPADES THREE,0.4368,0.1704,0.3928
CLUBS FOUR SPADES TWO,0.4822,0.2618,0.256
SPADES NINE CLUBS FOUR,0.351,0.0506,0.5984
SPADES EIGHT CLUBS FOUR,0.3438,0.0674,0.5888
CLUBS FOUR SPADES SEVEN,0.3282,0.1022,0.5696
CLUBS FOUR SPADES SIX,0.2064,0.4944,0.2992
SPADES QUEEN SPADES TWO,0.2394,0.0344,0.7262
SPADES KING SPADES TWO,0.23,0.0194,0.7506
SPADES ACE SPADES TWO,0.2166,0.0116,0.7718
CLUBS JACK DIAMONDS JACK,0.12,0.0542,0.8258
CLUBS TEN DIAMONDS JACK,0.3146,0.0166,0.6688
DIAMONDS JACK CLUBS KING,0.3228,0.0084,0.6688
DIAMONDS JACK CLUBS QUEEN,0.3112,0.01,0.6788
DIAMONDS THREE DIAMONDS JACK,0.3456,0.0236,0.6308
DIAMONDS THREE DIAMONDS TEN,0.352,0.0324,0.6156
DIAMONDS JACK CLUBS ACE,0.325,0.0058,0.6692
DIAMONDS THREE DIAMONDS KING,0.3514,0.0124,0.6362
DIAMONDS THREE HEARTS THREE,0.2346,0.1496,0.6158
DIAMONDS THREE DIAMONDS QUEEN,0.3492,0.016,0.6348
DIAMONDS THREE HEARTS TWO,0.4852,0.2724,0.2424
HEARTS FIVE DIAMONDS THREE,0.4368,0.161,0.4022
DIAMONDS THREE DIAMONDS ACE,0.328,0.0056,0.6664
HEARTS FOUR DIAMONDS THREE,0.4422,0.1676,0.3902
HEARTS SEVEN DIAMONDS THREE,0.3402,0.1118,0.548
SPADES TEN SPADES NINE,0.2948,0.0264,0.6788
HEARTS SIX DIAMONDS THREE,0.2152,0.5186,0.2662
SPADES JACK SPADES NINE,0.2998,0.0184,0.6818
DIAMONDS THREE HEARTS NINE,0.3652,0.0474,0.5874
HEARTS JACK DIAMONDS FOUR,0.36,0.0224,0.6176
HEARTS ACE HEARTS KING,0.314,0.0034,0.6826
SPADES TEN SPADES TWO,0.241,0.0654,0.6936
DIAMONDS THREE HEARTS EIGHT,0.3646,0.0694,0.566
HEARTS TEN DIAMONDS FOUR,0.365,0.0304,0.6046
SPADES JACK SPADES TWO,0.2356,0.0496,0.7148
HEARTS QUEEN DIAMONDS FOUR,0.3668,0.0146,0.6186
HEARTS KING DIAMONDS FOUR,0.3594,0.0104,0.6302
SPADES ACE SPADES NINE,0.3074,0.0032,0.6894
HEARTS ACE DIAMONDS FOUR,0.3534,0.006,0.6406
SPADES KING SPADES NINE,0.31,0.0056,0.6844
SPADES QUEEN SPADES NINE,0.3146,0.0082,0.6772
DIAMONDS THREE SPADES NINE,0.366,0.0466,0.5874
DIAMONDS THREE SPADES EIGHT,0.3696,0.071,0.5594
DIAMONDS THREE SPADES SEVEN,0.3464,0.1092,0.5444
DIAMONDS THREE SPADES SIX,0.2178,0.5164,0.2658
DIAMONDS THREE CLUBS SIX,0.2164,0.5082,0.2754
CLUBS SIX CLUBS FIVE,0.1946,0.4376,0.3678
CLUBS ACE DIAMONDS FOUR,0.3496,0.0076,0.6428
DIAMONDS THREE CLUBS SEVEN,0.345,0.1042,0.5508
CLUBS SEVEN CLUBS FIVE,0.3194,0.104,0.5766
DIAMONDS THREE CLUBS FOUR,0.4456,0.1656,0.3888
DIAMONDS FOUR CLUBS QUEEN,0.3626,0.0178,0.6196
DIAMONDS THREE CLUBS FIVE,0.44,0.1696,0.3904
DIAMONDS FOUR CLUBS KING,0.3416,0.0134,0.645
CLUBS TEN DIAMONDS FOUR,0.3492,0.0306,0.6202
DIAMONDS THREE CLUBS THREE,0.2366,0.1536,0.6098
CLUBS JACK DIAMONDS FOUR,0.3502,0.0182,0.6316
DIAMONDS THREE SPADES FOUR,0.439,0.1614,0.3996
DIAMONDS THREE SPADES FIVE,0.4286,0.1638,0.4076
DIAMONDS THREE SPADES TWO,0.479,0.2742,0.2468
DIAMONDS THREE SPADES THREE,0.2276,0.146,0.6264
CLUBS EIGHT DIAMONDS THREE,0.3616,0.077,0.5614
CLUBS NINE DIAMONDS THREE,0.3638,0.0442,0.592
SPADES SEVEN CLUBS ACE,0.312,0.0028,0.6852
SPADES SEVEN CLUBS QUEEN,0.3284,0.0118,0.6598
SPADES SEVEN CLUBS KING,0.3252,0.0102,0.6646
SPADES SEVEN CLUBS FIVE,0.3288,0.101,0.5702
CLUBS TEN SPADES SEVEN,0.3184,0.0306,0.651
CLUBS FIVE SPADES SIX,0.2004,0.4474,0.3522
CLUBS JACK SPADES SEVEN,0.3222,0.0186,0.6592
SPADES NINE CLUBS FIVE,0.3436,0.0474,0.609
SPADES EIGHT CLUBS FIVE,0.351,0.0658,0.5832
CLUBS FIVE SPADES THREE,0.4344,0.1738,0.3918
CLUBS FIVE SPADES TWO,0.4902,0.2706,0.2392
CLUBS FIVE SPADES FIVE,0.2198,0.1234,0.6568
CLUBS FIVE SPADES FOUR,0.42,0.1652,0.4148
CLUBS NINE CLUBS FIVE,0.3346,0.0406,0.6248
CLUBS EIGHT CLUBS FIVE,0.3214,0.0702,0.6084
CLUBS ACE CLUBS QUEEN,0.3068,0.0056,0.6876
CLUBS KING CLUBS QUEEN,0.3124,0.0068,0.6808
DIAMONDS TEN DIAMONDS FOUR,0.3446,0.0266,0.6288
CLUBS TEN DIAMONDS NINE,0.302,0.0266,0.6714
DIAMONDS JACK DIAMONDS FOUR,0.3408,0.0206,0.6386
CLUBS JACK DIAMONDS NINE,0.318,0.0132,0.6688
CLUBS JACK SPADES NINE,0.3262,0.0126,0.6612
CLUBS TEN SPADES NINE,0.3146,0.0234,0.662
DIAMONDS ACE DIAMONDS FOUR,0.3238,0.0056,0.6706
HEARTS FOUR DIAMONDS FOUR,0.2368,0.1404,0.6228
DIAMONDS JACK HEARTS TEN,0.3116,0.0158,0.6726
SPADES NINE CLUBS KING,0.3294,0.0088,0.6618
DIAMONDS TWO SPADES TEN,0.2548,0.0698,0.6754
DIAMONDS NINE CLUBS ACE,0.324,0.0052,0.6708
HEARTS FIVE DIAMONDS FOUR,0.4236,0.1656,0.4108
DIAMONDS JACK HEARTS JACK,0.1316,0.0508,0.8176
SPADES NINE CLUBS QUEEN,0.324,0.0118,0.6642
DIAMONDS TWO SPADES JACK,0.2492,0.05,0.7008
DIAMONDS QUEEN DIAMONDS FOUR,0.3532,0.012,0.6348
HEARTS TWO DIAMONDS FOUR,0.487,0.2714,0.2416
DIAMONDS NINE CLUBS QUEEN,0.3266,0.0118,0.6616
DIAMONDS KING DIAMONDS FOUR,0.342,0.0084,0.6496
HEARTS THREE DIAMONDS FOUR,0.4458,0.1618,0.3924
SPADES NINE CLUBS ACE,0.329,0.0036,0.6674
DIAMONDS NINE CLUBS KING,0.3182,0.0084,0.6734
HEARTS ACE DIAMONDS JACK,0.3192,0.0044,0.6764
SPADES ACE DIAMONDS TWO,0.231,0.0106,0.7584
HEARTS QUEEN DIAMONDS JACK,0.3222,0.0106,0.6672
SPADES QUEEN DIAMONDS TWO,0.2552,0.0336,0.7112
HEARTS KING DIAMONDS JACK,0.328,0.0092,0.6628
SPADES KING DIAMONDS TWO,0.2594,0.0282,0.7124
SPADES JACK SPADES SEVEN,0.3072,0.0164,0.6764
SPADES TEN SPADES SEVEN,0.3066,0.0266,0.6668
CLUBS SEVEN CLUBS THREE,0.3294,0.101,0.5696
CLUBS SIX CLUBS THREE,0.2006,0.4914,0.308
CLUBS FIVE CLUBS THREE,0.4166,0.1568,0.4266
CLUBS FOUR CLUBS THREE,0.4066,0.1642,0.4292
CLUBS NINE CLUBS THREE,0.3386,0.0436,0.6178
CLUBS EIGHT CLUBS THREE,0.3488,0.0626,0.5886
SPADES FIVE CLUBS THREE,0.4334,0.162,0.4046
CLUBS THREE SPADES FOUR,0.4344,0.164,0.4016
CLUBS THREE SPADES THREE,0.2212,0.1504,0.6284
CLUBS THREE SPADES TWO,0.4786,0.2808,0.2406
SPADES SIX CLUBS THREE,0.2166,0.5112,0.2722
SPADES SEVEN CLUBS THREE,0.3322,0.1126,0.5552
SPADES EIGHT CLUBS THREE,0.3632,0.0674,0.5694
SPADES NINE CLUBS THREE,0.3634,0.0454,0.5912
SPADES TWO DIAMONDS FOUR,0.4844,0.2848,0.2308
SPADES THREE DIAMONDS FOUR,0.4476,0.1566,0.3958
SPADES FOUR DIAMONDS FOUR,0.2348,0.1304,0.6348
SPADES FIVE DIAMONDS FOUR,0.4194,0.1568,0.4238
SPADES SIX DIAMONDS FOUR,0.214,0.4968,0.2892
SPADES SEVEN DIAMONDS FOUR,0.3362,0.1064,0.5574
SPADES EIGHT DIAMONDS FOUR,0.3502,0.0712,0.5786
SPADES NINE DIAMONDS FOUR,0.3642,0.0454,0.5904
CLUBS FIVE DIAMONDS FOUR,0.4242,0.1572,0.4186
CLUBS FOUR DIAMONDS FOUR,0.2268,0.1332,0.64
CLUBS SEVEN DIAMONDS FOUR,0.336,0.111,0.553
CLUBS SIX DIAMONDS FOUR,0.2048,0.5074,0.2878
CLUBS NINE DIAMONDS FOUR,0.3508,0.0454,0.6038
CLUBS EIGHT DIAMONDS FOUR,0.355,0.0684,0.5766
HEARTS SEVEN DIAMONDS FOUR,0.34,0.1102,0.5498
HEARTS SIX DIAMONDS FOUR,0.2152,0.5008,0.284
DIAMONDS FOUR HEARTS NINE,0.347,0.0514,0.6016
DIAMONDS FOUR HEARTS EIGHT,0.3568,0.0642,0.579
CLUBS THREE DIAMONDS FOUR,0.4196,0.1656,0.4148
DIAMONDS TEN DIAMONDS FIVE,0.3496,0.028,0.6224
DIAMONDS JACK DIAMONDS FIVE,0.3406,0.0202,0.6392
DIAMONDS NINE HEARTS QUEEN,0.32,0.0122,0.6678
DIAMONDS NINE HEARTS KING,0.3184,0.0066,0.675
HEARTS ACE DIAMONDS NINE,0.3262,0.004,0.6698
DIAMONDS NINE HEARTS TEN,0.305,0.0268,0.6682
DIAMONDS NINE HEARTS JACK,0.3292,0.0208,0.65
SPADES KING DIAMONDS FOUR,0.356,0.009,0.635
SPADES ACE SPADES SEVEN,0.3072,0.0044,0.6884
SPADES QUEEN DIAMONDS FOUR,0.366,0.0132,0.6208
SPADES QUEEN SPADES SEVEN,0.304,0.0102,0.6858
SPADES KING SPADES SEVEN,0.3026,0.0084,0.689
SPADES ACE DIAMONDS FOUR,0.3414,0.0056,0.653
CLUBS NINE CLUBS FOUR,0.3514,0.0412,0.6074
CLUBS EIGHT CLUBS FOUR,0.3398,0.0664,0.5938
SPADES JACK DIAMONDS FOUR,0.3672,0.0182,0.6146
SPADES TEN DIAMONDS FOUR,0.3582,0.034,0.6078
CLUBS FOUR CLUBS FIVE,0.3998,0.1552,0.445
CLUBS SEVEN CLUBS FOUR,0.3184,0.0988,0.5828
CLUBS SIX CLUBS FOUR,0.2008,0.4844,0.3148
CLUBS SEVEN SPADES EIGHT,0.2946,0.0626,0.6428
SPADES NINE CLUBS SEVEN,0.3164,0.0362,0.6474
CLUBS SEVEN SPADES SIX,0.206,0.1862,0.6078
CLUBS SEVEN SPADES SEVEN,0.1336,0.1032,0.7632
CLUBS SEVEN SPADES FIVE,0.3154,0.1012,0.5834
CLUBS SEVEN SPADES FOUR,0.3262,0.1072,0.5666
CLUBS SEVEN SPADES THREE,0.3454,0.107,0.5476
CLUBS SEVEN SPADES TWO,0.2388,0.192,0.5692
CLUBS NINE CLUBS SEVEN,0.3014,0.0362,0.6624
CLUBS EIGHT CLUBS SEVEN,0.292,0.0556,0.6524
HEARTS SIX DIAMONDS FIVE,0.2068,0.4494,0.3438
HEARTS SEVEN DIAMONDS FIVE,0.3254,0.103,0.5716
DIAMONDS FIVE HEARTS EIGHT,0.3322,0.0718,0.596
DIAMONDS FIVE HEARTS NINE,0.359,0.0412,0.5998
DIAMONDS QUEEN DIAMONDS FIVE,0.3494,0.015,0.6356
HEARTS TWO DIAMONDS FIVE,0.482,0.2752,0.2428
HEARTS KING HEARTS EIGHT,0.3152,0.0072,0.6776
DIAMONDS KING DIAMONDS FIVE,0.352,0.0088,0.6392
HEARTS THREE DIAMONDS FIVE,0.4346,0.1672,0.3982
HEARTS QUEEN HEARTS EIGHT,0.3078,0.0126,0.6796
DIAMONDS ACE DIAMONDS FIVE,0.3352,0.0066,0.6582
HEARTS FOUR DIAMONDS FIVE,0.4222,0.17,0.4078
HEARTS FIVE DIAMONDS FIVE,0.2286,0.131,0.6404
HEARTS ACE HEARTS EIGHT,0.3018,0.0038,0.6944
CLUBS FOUR DIAMONDS FIVE,0.4182,0.1622,0.4196
CLUBS FIVE DIAMONDS FIVE,0.213,0.1388,0.6482
CLUBS SIX DIAMONDS FIVE,0.2088,0.4558,0.3354
CLUBS SEVEN DIAMONDS FIVE,0.3206,0.1114,0.568
CLUBS THREE DIAMONDS FIVE,0.4372,0.162,0.4008
SPADES THREE DIAMONDS FIVE,0.4406,0.1602,0.3992
SPADES TWO DIAMONDS FIVE,0.4868,0.2752,0.238
SPADES JACK DIAMONDS EIGHT,0.3286,0.0168,0.6546
SPADES FIVE DIAMONDS FIVE,0.2226,0.1308,0.6466
CLUBS TEN HEARTS JACK,0.3212,0.0166,0.6622
SPADES TEN DIAMONDS EIGHT,0.314,0.0244,0.6616
SPADES FOUR DIAMONDS FIVE,0.4262,0.152,0.4218
CLUBS JACK HEARTS JACK,0.122,0.0488,0.8292
HEARTS JACK CLUBS QUEEN,0.3204,0.0088,0.6708
CLUBS NINE DIAMONDS FIVE,0.3566,0.0448,0.5986
CLUBS EIGHT DIAMONDS FIVE,0.3244,0.0632,0.6124
HEARTS JACK CLUBS KING,0.327,0.0052,0.6678
CLUBS ACE HEARTS JACK,0.3216,0.0054,0.673
SPADES SEVEN DIAMONDS FIVE,0.3312,0.1056,0.5632
SPADES KING DIAMONDS EIGHT,0.3212,0.0082,0.6706
SPADES QUEEN DIAMONDS EIGHT,0.3274,0.012,0.6606
SPADES SIX DIAMONDS FIVE,0.206,0.4458,0.3482
SPADES NINE DIAMONDS FIVE,0.3446,0.047,0.6084
SPADES EIGHT DIAMONDS FIVE,0.334,0.0718,0.5942
SPADES ACE DIAMONDS EIGHT,0.32,0.006,0.674
HEARTS ACE DIAMONDS SEVEN,0.319,0.0036,0.6774
HEARTS QUEEN DIAMONDS SEVEN,0.3286,0.0124,0.659
HEARTS KING DIAMONDS SEVEN,0.324,0.01,0.666
SPADES TWO HEARTS JACK,0.2642,0.0482,0.6876
SPADES TWO HEARTS TEN,0.2656,0.0734,0.661
HEARTS TEN DIAMONDS SEVEN,0.3046,0.029,0.6664
HEARTS JACK DIAMONDS SEVEN,0.317,0.0208,0.6622
CLUBS JACK DIAMONDS EIGHT,0.3244,0.0196,0.656
CLUBS TEN DIAMONDS EIGHT,0.3146,0.0242,0.6612
HEARTS ACE HEARTS JACK,0.296,0.0046,0.6994
CLUBS ACE DIAMONDS EIGHT,0.3188,0.006,0.6752
HEARTS QUEEN HEARTS JACK,0.3064,0.0082,0.6854
CLUBS KING DIAMONDS EIGHT,0.3202,0.0088,0.671
HEARTS KING HEARTS JACK,0.3024,0.0072,0.6904
DIAMONDS EIGHT CLUBS QUEEN,0.321,0.0146,0.6644
SPADES TEN HEARTS KING,0.3358,0.0086,0.6556
HEARTS ACE SPADES TWO,0.226,0.0098,0.7642
SPADES JACK HEARTS KING,0.3294,0.007,0.6636
HEARTS QUEEN SPADES TWO,0.25,0.0334,0.7166
SPADES ACE SPADES KING,0.3168,0.007,0.6762
HEARTS KING SPADES TWO,0.2622,0.0202,0.7176
HEARTS TEN HEARTS EIGHT,0.3038,0.0266,0.6696
HEARTS JACK HEARTS EIGHT,0.3024,0.022,0.6756
SPADES KING HEARTS KING,0.1436,0.0176,0.8388
SPADES QUEEN HEARTS KING,0.3396,0.0056,0.6548
CLUBS ACE CLUBS KING,0.3118,0.0054,0.6828
SPADES ACE HEARTS KING,0.3388,0.0036,0.6576
SPADES ACE HEARTS JACK,0.3278,0.0046,0.6676
SPADES QUEEN HEARTS JACK,0.3188,0.0108,0.6704
SPADES KING HEARTS JACK,0.3414,0.0048,0.6538
SPADES TEN DIAMONDS TEN,0.1342,0.067,0.7988
SPADES JACK DIAMONDS TEN,0.3168,0.017,0.6662
SPADES ACE DIAMONDS TEN,0.3296,0.006,0.6644
SPADES JACK HEARTS JACK,0.1318,0.0466,0.8216
SPADES TEN HEARTS JACK,0.3268,0.013,0.6602
SPADES QUEEN DIAMONDS TEN,0.3218,0.0126,0.6656
SPADES KING DIAMONDS TEN,0.3206,0.0084,0.671
SPADES NINE DIAMONDS SEVEN,0.3182,0.0466,0.6352
SPADES EIGHT DIAMONDS SEVEN,0.2922,0.0692,0.6386
SPADES SEVEN DIAMONDS SEVEN,0.135,0.1018,0.7632
SPADES SIX DIAMONDS SEVEN,0.209,0.1936,0.5974
DIAMONDS KING DIAMONDS SEVEN,0.3142,0.0104,0.6754
HEARTS THREE DIAMONDS SEVEN,0.334,0.1088,0.5572
HEARTS KING DIAMONDS FIVE,0.3636,0.0086,0.6278
DIAMONDS QUEEN DIAMONDS SEVEN,0.3146,0.014,0.6714
HEARTS TWO DIAMONDS SEVEN,0.2312,0.1938,0.575
HEARTS QUEEN DIAMONDS FIVE,0.361,0.0134,0.6256
HEARTS FIVE DIAMONDS SEVEN,0.31,0.1026,0.5874
DIAMONDS ACE DIAMONDS SEVEN,0.3066,0.0068,0.6866
HEARTS FOUR DIAMONDS SEVEN,0.3304,0.1044,0.5652
HEARTS ACE DIAMONDS FIVE,0.3438,0.0056,0.6506
HEARTS SEVEN DIAMONDS SEVEN,0.1246,0.106,0.7694
HEARTS SIX DIAMONDS SEVEN,0.2064,0.2072,0.5864
HEARTS NINE DIAMONDS SEVEN,0.3014,0.0408,0.6578
HEARTS EIGHT DIAMONDS SEVEN,0.3028,0.0642,0.633
DIAMONDS JACK DIAMONDS SEVEN,0.3172,0.021,0.6618
DIAMONDS FIVE HEARTS JACK,0.363,0.0208,0.6162
DIAMONDS TEN DIAMONDS SEVEN,0.3148,0.0286,0.6566
HEARTS TEN DIAMONDS FIVE,0.364,0.0288,0.6072
CLUBS EIGHT DIAMONDS SEVEN,0.2844,0.0582,0.6574
HEARTS KING CLUBS KING,0.1274,0.0172,0.8554
HEARTS KING CLUBS QUEEN,0.3288,0.0068,0.6644
CLUBS NINE DIAMONDS SEVEN,0.307,0.0434,0.6496
CLUBS JACK SPADES TWO,0.2436,0.049,0.7074
CLUBS SIX CLUBS SEVEN,0.202,0.2002,0.5978
CLUBS TEN SPADES TWO,0.2372,0.0724,0.6904
HEARTS KING CLUBS ACE,0.325,0.0058,0.6692
SPADES TWO CLUBS KING,0.239,0.0242,0.7368
SPADES TWO DIAMONDS SEVEN,0.2422,0.2002,0.5576
CLUBS EIGHT CLUBS SIX,0.2332,0.1484,0.6184
SPADES THREE DIAMONDS SEVEN,0.3346,0.1082,0.5572
SPADES TWO CLUBS QUEEN,0.2502,0.0374,0.7124
CLUBS NINE CLUBS SIX,0.2194,0.118,0.6626
SPADES FOUR DIAMONDS SEVEN,0.336,0.109,0.555
CLUBS JACK HEARTS KING,0.3196,0.006,0.6744
SPADES FIVE DIAMONDS SEVEN,0.3172,0.1058,0.577
SPADES TWO CLUBS ACE,0.2208,0.013,0.7662
CLUBS TEN HEARTS KING,0.3386,0.0066,0.6548
CLUBS SIX SPADES TWO,0.0098,0.972,0.0182
CLUBS SIX SPADES THREE,0.207,0.5138,0.2792
CLUBS SIX SPADES FOUR,0.207,0.4898,0.3032
CLUBS THREE DIAMONDS SEVEN,0.3294,0.1118,0.5588
CLUBS SIX SPADES FIVE,0.1958,0.4452,0.359
CLUBS FOUR DIAMONDS SEVEN,0.3282,0.1074,0.5644
CLUBS SIX SPADES SIX,0.0618,0.1248,0.8134
CLUBS FIVE DIAMONDS SEVEN,0.3254,0.104,0.5706
CLUBS SIX SPADES SEVEN,0.2064,0.1944,0.5992
CLUBS SIX DIAMONDS SEVEN,0.1978,0.208,0.5942
CLUBS SIX SPADES EIGHT,0.2218,0.1582,0.62
CLUBS SEVEN DIAMONDS SEVEN,0.1178,0.1094,0.7728
CLUBS SIX SPADES NINE,0.2324,0.1074,0.6602
CLUBS THREE DIAMONDS EIGHT,0.3508,0.0718,0.5774
HEARTS SEVEN DIAMONDS EIGHT,0.3004,0.0626,0.637
HEARTS SIX DIAMONDS EIGHT,0.2284,0.1468,0.6248
DIAMONDS EIGHT HEARTS NINE,0.32,0.0404,0.6396
HEARTS EIGHT DIAMONDS EIGHT,0.136,0.0872,0.7768
CLUBS NINE DIAMONDS EIGHT,0.3068,0.04,0.6532
CLUBS EIGHT DIAMONDS EIGHT,0.1274,0.0864,0.7862
CLUBS FIVE DIAMONDS EIGHT,0.321,0.073,0.606
SPADES ACE SPADES THREE,0.3344,0.0056,0.66
CLUBS FOUR DIAMONDS EIGHT,0.3502,0.0702,0.5796
CLUBS SEVEN DIAMONDS EIGHT,0.2934,0.0588,0.6478
SPADES QUEEN SPADES THREE,0.339,0.0152,0.6458
CLUBS SIX DIAMONDS EIGHT,0.2148,0.1518,0.6334
SPADES KING SPADES THREE,0.3356,0.0096,0.6548
DIAMONDS QUEEN DIAMONDS EIGHT,0.3198,0.0122,0.668
HEARTS TWO DIAMONDS EIGHT,0.2386,0.1488,0.6126
DIAMONDS KING DIAMONDS EIGHT,0.3256,0.0092,0.6652
HEARTS THREE DIAMONDS EIGHT,0.3592,0.069,0.5718
DIAMONDS ACE DIAMONDS EIGHT,0.3138,0.0054,0.6808
HEARTS FOUR DIAMONDS EIGHT,0.3586,0.0682,0.5732
HEARTS FIVE DIAMONDS EIGHT,0.326,0.0702,0.6038
DIAMONDS TEN DIAMONDS EIGHT,0.3156,0.0254,0.659
DIAMONDS JACK DIAMONDS EIGHT,0.3098,0.018,0.6722
SPADES JACK SPADES THREE,0.3404,0.0186,0.641
SPADES TEN SPADES THREE,0.3376,0.029,0.6334
CLUBS FOUR HEARTS ACE,0.344,0.0088,0.6472
CLUBS FOUR HEARTS QUEEN,0.3596,0.0162,0.6242
CLUBS FOUR HEARTS KING,0.3476,0.011,0.6414
CLUBS SIX HEARTS TEN,0.236,0.0846,0.6794
CLUBS SIX HEARTS JACK,0.235,0.0646,0.7004
SPADES FOUR DIAMONDS EIGHT,0.348,0.069,0.583
SPADES FIVE DIAMONDS EIGHT,0.3238,0.0632,0.613
SPADES TWO DIAMONDS EIGHT,0.2384,0.1458,0.6158
SPADES THREE DIAMONDS EIGHT,0.3496,0.0756,0.5748
CLUBS FOUR HEARTS JACK,0.3546,0.0198,0.6256
SPADES EIGHT DIAMONDS EIGHT,0.1372,0.089,0.7738
SPADES TEN DIAMONDS QUEEN,0.3424,0.0094,0.6482
SPADES TEN HEARTS TWO,0.258,0.0682,0.6738
SPADES JACK HEARTS EIGHT,0.3144,0.0174,0.6682
CLUBS FOUR HEARTS TEN,0.349,0.0308,0.6202
SPADES NINE DIAMONDS EIGHT,0.3158,0.0392,0.645
SPADES TEN HEARTS EIGHT,0.3232,0.0266,0.6502
SPADES JACK HEARTS TWO,0.255,0.052,0.693
SPADES JACK DIAMONDS QUEEN,0.3152,0.0116,0.6732
SPADES SIX DIAMONDS EIGHT,0.2232,0.1538,0.623
SPADES SEVEN DIAMONDS EIGHT,0.2998,0.069,0.6312
SPADES ACE HEARTS TWO,0.2278,0.0114,0.7608
SPADES ACE DIAMONDS QUEEN,0.3298,0.0056,0.6646
SPADES ACE HEARTS EIGHT,0.3336,0.0042,0.6622
SPADES KING HEARTS EIGHT,0.349,0.0078,0.6432
SPADES QUEEN HEARTS TWO,0.255,0.0368,0.7082
SPADES QUEEN DIAMONDS QUEEN,0.1348,0.034,0.8312
SPADES KING DIAMONDS QUEEN,0.328,0.0072,0.6648
SPADES KING HEARTS TWO,0.2514,0.0246,0.724
SPADES QUEEN HEARTS EIGHT,0.327,0.009,0.664
SPADES SEVEN DIAMONDS NINE,0.3084,0.0416,0.65
SPADES SIX DIAMONDS NINE,0.237,0.1074,0.6556
SPADES NINE DIAMONDS NINE,0.1382,0.0806,0.7812
SPADES EIGHT DIAMONDS NINE,0.3022,0.0406,0.6572
SPADES TEN CLUBS KING,0.3252,0.0072,0.6676
DIAMONDS NINE SPADES THREE,0.3552,0.0512,0.5936
SPADES JACK CLUBS KING,0.3284,0.0092,0.6624
DIAMONDS NINE SPADES TWO,0.2446,0.1042,0.6512
SPADES FIVE DIAMONDS NINE,0.3338,0.0524,0.6138
DIAMONDS NINE SPADES FOUR,0.3472,0.046,0.6068
CLUBS NINE DIAMONDS NINE,0.1222,0.076,0.8018
CLUBS EIGHT DIAMONDS NINE,0.296,0.0392,0.6648
CLUBS SIX DIAMONDS NINE,0.225,0.1186,0.6564
SPADES JACK CLUBS FOUR,0.344,0.0214,0.6346
CLUBS SEVEN DIAMONDS NINE,0.3012,0.044,0.6548
SPADES TEN CLUBS FOUR,0.3626,0.0302,0.6072
CLUBS FOUR DIAMONDS NINE,0.3552,0.0412,0.6036
CLUBS FIVE DIAMONDS NINE,0.3394,0.0422,0.6184
CLUBS THREE DIAMONDS NINE,0.3452,0.0478,0.607
DIAMONDS NINE HEARTS EIGHT,0.2972,0.0404,0.6624
DIAMONDS NINE HEARTS NINE,0.1322,0.0772,0.7906
HEARTS SIX DIAMONDS NINE,0.2304,0.1134,0.6562
HEARTS SEVEN DIAMONDS NINE,0.319,0.0422,0.6388
CLUBS EIGHT CLUBS NINE,0.3108,0.0406,0.6486
DIAMONDS ACE DIAMONDS NINE,0.3068,0.005,0.6882
HEARTS FOUR DIAMONDS NINE,0.3588,0.0464,0.5948
HEARTS FIVE DIAMONDS NINE,0.336,0.0452,0.6188
SPADES ACE CLUBS FOUR,0.34,0.0062,0.6538
DIAMONDS NINE DIAMONDS QUEEN,0.3176,0.0098,0.6726
HEARTS TWO DIAMONDS NINE,0.2496,0.1038,0.6466
SPADES KING CLUBS FOUR,0.364,0.0078,0.6282
DIAMONDS KING DIAMONDS NINE,0.3088,0.0082,0.683
HEARTS THREE DIAMONDS NINE,0.3466,0.047,0.6064
SPADES QUEEN CLUBS FOUR,0.3442,0.0126,0.6432
DIAMONDS NINE DIAMONDS JACK,0.319,0.0186,0.6624
CLUBS EIGHT SPADES NINE,0.3038,0.0394,0.6568
DIAMONDS TEN DIAMONDS NINE,0.2908,0.024,0.6852
CLUBS EIGHT SPADES EIGHT,0.1374,0.0928,0.7698
CLUBS EIGHT SPADES SEVEN,0.2914,0.0586,0.65
CLUBS EIGHT SPADES SIX,0.2192,0.1596,0.6212
CLUBS EIGHT SPADES FIVE,0.335,0.0712,0.5938
CLUBS EIGHT SPADES FOUR,0.338,0.0642,0.5978
CLUBS EIGHT SPADES THREE,0.3428,0.0706,0.5866
CLUBS EIGHT SPADES TWO,0.2366,0.135,0.6284
HEARTS SIX DIAMONDS TEN,0.2366,0.0852,0.6782
HEARTS SEVEN DIAMONDS TEN,0.3214,0.0268,0.6518
DIAMONDS TEN HEARTS EIGHT,0.315,0.025,0.66
CLUBS JACK CLUBS FOUR,0.343,0.023,0.634
DIAMONDS TEN HEARTS NINE,0.3148,0.0214,0.6638
CLUBS TEN CLUBS FOUR,0.355,0.0306,0.6144
CLUBS FOUR CLUBS KING,0.3316,0.0108,0.6576
CLUBS FOUR CLUBS QUEEN,0.3466,0.0126,0.6408
DIAMONDS TEN CLUBS THREE,0.3584,0.0306,0.611
CLUBS FOUR CLUBS ACE,0.327,0.0066,0.6664
DIAMONDS TEN DIAMONDS JACK,0.2986,0.0136,0.6878
DIAMONDS TEN DIAMONDS QUEEN,0.3066,0.0132,0.6802
HEARTS TWO DIAMONDS TEN,0.2438,0.0714,0.6848
DIAMONDS KING DIAMONDS TEN,0.3038,0.0098,0.6864
HEARTS THREE DIAMONDS TEN,0.351,0.0282,0.6208
DIAMONDS ACE DIAMONDS TEN,0.3164,0.005,0.6786
HEARTS FOUR DIAMONDS TEN,0.3514,0.0334,0.6152
CLUBS EIGHT HEARTS JACK,0.3274,0.019,0.6536
HEARTS FIVE DIAMONDS TEN,0.3492,0.0328,0.618
CLUBS EIGHT HEARTS TEN,0.3132,0.0256,0.6612
CLUBS EIGHT HEARTS QUEEN,0.3348,0.0126,0.6526
CLUBS EIGHT HEARTS KING,0.3324,0.0076,0.66
CLUBS EIGHT HEARTS ACE,0.321,0.004,0.675
CLUBS NINE SPADES THREE,0.358,0.0436,0.5984
CLUBS NINE SPADES TWO,0.2468,0.0978,0.6554
CLUBS NINE SPADES FIVE,0.344,0.0446,0.6114
CLUBS NINE SPADES FOUR,0.3614,0.041,0.5976
CLUBS NINE SPADES SEVEN,0.3004,0.0408,0.6588
CLUBS NINE SPADES SIX,0.2246,0.109,0.6664
CLUBS NINE SPADES NINE,0.1282,0.0696,0.8022
CLUBS TEN HEARTS EIGHT,0.3288,0.0282,0.643
CLUBS NINE SPADES EIGHT,0.3056,0.0392,0.6552
CLUBS JACK HEARTS EIGHT,0.3246,0.0218,0.6536
HEARTS EIGHT CLUBS QUEEN,0.3258,0.0092,0.665
CLUBS KING HEARTS EIGHT,0.3322,0.0076,0.6602
CLUBS ACE HEARTS EIGHT,0.3196,0.0044,0.676
SPADES KING CLUBS KING,0.1368,0.0152,0.848
SPADES QUEEN CLUBS KING,0.3302,0.0064,0.6634
SPADES ACE CLUBS KING,0.3272,0.0046,0.6682
DIAMONDS ACE HEARTS TEN,0.3164,0.0062,0.6774
HEARTS FOUR HEARTS TEN,0.3386,0.0274,0.634
DIAMONDS ACE HEARTS JACK,0.3208,0.0046,0.6746
HEARTS FOUR HEARTS JACK,0.3376,0.0234,0.639
SPADES KING CLUBS FIVE,0.3588,0.006,0.6352
SPADES QUEEN CLUBS FIVE,0.3524,0.0116,0.636
SPADES ACE CLUBS FIVE,0.338,0.0056,0.6564
HEARTS SEVEN DIAMONDS JACK,0.3222,0.0186,0.6592
HEARTS SIX DIAMONDS JACK,0.2426,0.0634,0.694
DIAMONDS JACK HEARTS NINE,0.3284,0.0156,0.656
DIAMONDS JACK HEARTS EIGHT,0.3296,0.0208,0.6496
DIAMONDS KING DIAMONDS JACK,0.3036,0.01,0.6864
HEARTS THREE DIAMONDS JACK,0.34,0.0248,0.6352
SPADES ACE SPADES SIX,0.2206,0.0244,0.755
HEARTS ACE SPADES FOUR,0.3464,0.0052,0.6484
DIAMONDS QUEEN DIAMONDS JACK,0.3156,0.0112,0.6732
HEARTS TWO DIAMONDS JACK,0.2406,0.0454,0.714
HEARTS FIVE DIAMONDS JACK,0.3426,0.0236,0.6338
SPADES QUEEN SPADES SIX,0.2202,0.0488,0.731
SPADES FOUR HEARTS QUEEN,0.3552,0.014,0.6308
DIAMONDS ACE DIAMONDS JACK,0.3138,0.0048,0.6814
HEARTS FOUR DIAMONDS JACK,0.343,0.0218,0.6352
SPADES KING SPADES SIX,0.222,0.0396,0.7384
SPADES FOUR HEARTS KING,0.368,0.0096,0.6224
SPADES TEN SPADES SIX,0.2308,0.0802,0.689
SPADES JACK SPADES SIX,0.2306,0.0522,0.7172
SPADES FOUR DIAMONDS JACK,0.3654,0.0204,0.6142
SPADES FIVE DIAMONDS JACK,0.3518,0.0216,0.6266
DIAMONDS JACK SPADES TWO,0.2548,0.0476,0.6976
SPADES THREE DIAMONDS JACK,0.3554,0.0232,0.6214
SPADES ACE DIAMONDS THREE,0.3484,0.0038,0.6478
CLUBS EIGHT DIAMONDS JACK,0.312,0.0192,0.6688
SPADES QUEEN DIAMONDS THREE,0.376,0.014,0.61
SPADES KING DIAMONDS THREE,0.3568,0.01,0.6332
CLUBS NINE DIAMONDS JACK,0.3038,0.0212,0.675
CLUBS SIX DIAMONDS JACK,0.2302,0.0634,0.7064
CLUBS SEVEN DIAMONDS JACK,0.319,0.018,0.663
CLUBS FOUR DIAMONDS JACK,0.3538,0.02,0.6262
CLUBS FIVE DIAMONDS JACK,0.353,0.0208,0.6262
CLUBS THREE DIAMONDS JACK,0.3562,0.0218,0.622
SPADES TEN CLUBS FIVE,0.358,0.0294,0.6126
SPADES JACK HEARTS SIX,0.2502,0.069,0.6808
HEARTS SIX SPADES TEN,0.2478,0.0838,0.6684
SPADES JACK CLUBS FIVE,0.3548,0.0226,0.6226
SPADES JACK DIAMONDS THREE,0.3598,0.022,0.6182
CLUBS SEVEN CLUBS ACE,0.3162,0.0046,0.6792
DIAMONDS THREE SPADES TEN,0.3778,0.0302,0.592
CLUBS SEVEN CLUBS QUEEN,0.312,0.013,0.675
CLUBS SEVEN CLUBS KING,0.3198,0.0062,0.674
SPADES NINE DIAMONDS JACK,0.3286,0.016,0.6554
CLUBS TEN CLUBS SEVEN,0.2974,0.0304,0.6722
DIAMONDS ACE HEARTS ACE,0.1326,0.0042,0.8632
HEARTS FOUR HEARTS ACE,0.3328,0.005,0.6622
SPADES EIGHT DIAMONDS JACK,0.3144,0.019,0.6666
SPADES ACE HEARTS SIX,0.2352,0.0266,0.7382
CLUBS JACK CLUBS SEVEN,0.313,0.0188,0.6682
DIAMONDS ACE HEARTS KING,0.3338,0.0042,0.662
HEARTS FOUR HEARTS KING,0.332,0.0058,0.6622
SPADES SEVEN DIAMONDS JACK,0.334,0.0178,0.6482
SPADES KING HEARTS SIX,0.2376,0.0474,0.715
DIAMONDS ACE HEARTS QUEEN,0.3328,0.0046,0.6626
HEARTS FOUR HEARTS QUEEN,0.3312,0.0118,0.657
SPADES QUEEN HEARTS SIX,0.2448,0.0566,0.6986
SPADES SIX DIAMONDS JACK,0.2362,0.0624,0.7014
DIAMONDS TEN SPADES TWO,0.237,0.0742,0.6888
DIAMONDS TEN SPADES THREE,0.3642,0.0264,0.6094
DIAMONDS TEN SPADES FOUR,0.3524,0.0306,0.617
DIAMONDS TEN SPADES FIVE,0.3668,0.0338,0.5994
SPADES SIX DIAMONDS TEN,0.2264,0.0814,0.6922
SPADES SEVEN DIAMONDS TEN,0.3286,0.0244,0.647
SPADES EIGHT DIAMONDS TEN,0.3148,0.0306,0.6546
SPADES NINE DIAMONDS TEN,0.3144,0.0246,0.661
CLUBS FOUR DIAMONDS TEN,0.353,0.0328,0.6142
CLUBS FIVE DIAMONDS TEN,0.3508,0.03,0.6192
CLUBS SIX DIAMONDS TEN,0.224,0.0826,0.6934
CLUBS SEVEN DIAMONDS TEN,0.31,0.0252,0.6648
CLUBS EIGHT DIAMONDS TEN,0.31,0.0248,0.6652
CLUBS NINE DIAMONDS TEN,0.3086,0.021,0.6704
CLUBS JACK DIAMONDS THREE,0.3618,0.0184,0.6198
CLUBS TEN DIAMONDS THREE,0.3522,0.03,0.6178
DIAMONDS THREE CLUBS KING,0.3576,0.0106,0.6318
DIAMONDS THREE CLUBS QUEEN,0.3712,0.0158,0.613
DIAMONDS THREE CLUBS ACE,0.3468,0.0056,0.6476
SPADES FOUR HEARTS JACK,0.349,0.0174,0.6336
SPADES FOUR HEARTS TEN,0.372,0.029,0.599
SPADES FIVE SPADES TWO,0.4508,0.2572,0.292
SPADES FOUR SPADES TWO,0.4566,0.2502,0.2932
SPADES THREE SPADES TWO,0.4464,0.2546,0.299
SPADES NINE SPADES TWO,0.237,0.0952,0.6678
SPADES EIGHT SPADES TWO,0.2244,0.135,0.6406
SPADES SEVEN SPADES TWO,0.2318,0.1812,0.587
SPADES SIX SPADES TWO,0.0224,0.9006,0.077
CLUBS THREE DIAMONDS QUEEN,0.3584,0.014,0.6276
HEARTS TWO CLUBS THREE,0.4776,0.2786,0.2438
HEARTS SEVEN DIAMONDS QUEEN,0.3324,0.011,0.6566
HEARTS SEVEN HEARTS TWO,0.2358,0.1822,0.582
HEARTS SIX DIAMONDS QUEEN,0.2358,0.057,0.7072
HEARTS SIX HEARTS TWO,0.0218,0.909,0.0692
DIAMONDS QUEEN HEARTS NINE,0.3292,0.0118,0.659
HEARTS TWO HEARTS NINE,0.2254,0.0938,0.6808
DIAMONDS QUEEN HEARTS EIGHT,0.3346,0.0144,0.651
HEARTS TWO HEARTS EIGHT,0.2258,0.1468,0.6274
CLUBS NINE HEARTS TWO,0.2458,0.1012,0.653
CLUBS NINE DIAMONDS QUEEN,0.3182,0.0098,0.672
CLUBS EIGHT DIAMONDS QUEEN,0.3172,0.0122,0.6706
CLUBS EIGHT HEARTS TWO,0.231,0.1406,0.6284
CLUBS FIVE DIAMONDS QUEEN,0.3622,0.0114,0.6264
CLUBS FIVE HEARTS TWO,0.472,0.266,0.262
SPADES EIGHT HEARTS ACE,0.3248,0.0036,0.6716
CLUBS FOUR DIAMONDS QUEEN,0.3522,0.0112,0.6366
CLUBS FOUR HEARTS TWO,0.4764,0.2712,0.2524
CLUBS SEVEN DIAMONDS QUEEN,0.3378,0.0158,0.6464
CLUBS SEVEN HEARTS TWO,0.2418,0.1962,0.562
SPADES EIGHT HEARTS QUEEN,0.3362,0.011,0.6528
CLUBS SIX DIAMONDS QUEEN,0.2306,0.0522,0.7172
CLUBS SIX HEARTS TWO,0.0132,0.9702,0.0166
SPADES EIGHT HEARTS KING,0.3438,0.0068,0.6494
HEARTS TWO SPADES SIX,0.022,0.9516,0.0264
SPADES SIX DIAMONDS QUEEN,0.2246,0.0516,0.7238
HEARTS FOUR CLUBS QUEEN,0.3614,0.0122,0.6264
DIAMONDS ACE CLUBS QUEEN,0.3196,0.0058,0.6746
SPADES SEVEN DIAMONDS QUEEN,0.3326,0.0156,0.6518
SPADES SEVEN HEARTS TWO,0.2472,0.1926,0.5602
HEARTS FOUR CLUBS KING,0.3488,0.009,0.6422
DIAMONDS ACE CLUBS KING,0.3234,0.0054,0.6712
SPADES EIGHT DIAMONDS QUEEN,0.3252,0.0148,0.66
SPADES EIGHT HEARTS TWO,0.2508,0.1436,0.6056
HEARTS FOUR CLUBS ACE,0.3438,0.0052,0.651
DIAMONDS ACE CLUBS ACE,0.121,0.0036,0.8754
SPADES NINE DIAMONDS QUEEN,0.3384,0.0112,0.6504
SPADES NINE HEARTS TWO,0.2426,0.1,0.6574
HEARTS TWO SPADES TWO,0.2422,0.0968,0.661
DIAMONDS QUEEN SPADES TWO,0.2512,0.0334,0.7154
HEARTS TWO SPADES THREE,0.475,0.27,0.255
DIAMONDS QUEEN SPADES THREE,0.363,0.0154,0.6216
HEARTS TWO SPADES FOUR,0.4836,0.2616,0.2548
SPADES FOUR DIAMONDS QUEEN,0.3612,0.0144,0.6244
CLUBS TEN HEARTS FOUR,0.3498,0.0302,0.62
CLUBS TEN DIAMONDS ACE,0.322,0.005,0.673
HEARTS TWO SPADES FIVE,0.4592,0.2716,0.2692
SPADES FIVE DIAMONDS QUEEN,0.3656,0.0104,0.624
CLUBS JACK HEARTS FOUR,0.3584,0.022,0.6196
CLUBS JACK DIAMONDS ACE,0.3236,0.004,0.6724
CLUBS FIVE CLUBS KING,0.333,0.0092,0.6578
CLUBS FIVE CLUBS QUEEN,0.3438,0.014,0.6422
CLUBS FIVE CLUBS ACE,0.3154,0.0054,0.6792
CLUBS JACK CLUBS FIVE,0.3408,0.0176,0.6416
CLUBS TEN CLUBS FIVE,0.332,0.0326,0.6354
SPADES KING CLUBS JACK,0.3366,0.0062,0.6572
CLUBS JACK SPADES QUEEN,0.3324,0.0088,0.6588
SPADES ACE CLUBS JACK,0.321,0.0034,0.6756
SPADES SIX CLUBS KING,0.2314,0.0428,0.7258
SPADES SIX CLUBS QUEEN,0.2176,0.0536,0.7288
SPADES EIGHT HEARTS JACK,0.3316,0.0176,0.6508
SPADES SIX CLUBS ACE,0.2282,0.0328,0.739
SPADES EIGHT HEARTS TEN,0.3256,0.0258,0.6486
CLUBS JACK SPADES SIX,0.227,0.0628,0.7102
CLUBS TEN SPADES SIX,0.225,0.0896,0.6854
CLUBS JACK SPADES TEN,0.3184,0.0144,0.6672
CLUBS JACK SPADES JACK,0.127,0.0466,0.8264
SPADES QUEEN CLUBS SEVEN,0.3368,0.0114,0.6518
SPADES KING CLUBS SEVEN,0.3176,0.007,0.6754
SPADES ACE CLUBS SEVEN,0.3136,0.0064,0.68
SPADES SIX HEARTS TEN,0.2372,0.084,0.6788
SPADES SIX HEARTS JACK,0.2464,0.064,0.6896
SPADES SIX HEARTS ACE,0.2456,0.0242,0.7302
SPADES SIX HEARTS KING,0.2438,0.0374,0.7188
SPADES SIX HEARTS QUEEN,0.2302,0.054,0.7158
SPADES JACK CLUBS SEVEN,0.322,0.0188,0.6592
SPADES TEN CLUBS SEVEN,0.3246,0.03,0.6454
CLUBS TEN HEARTS SIX,0.2274,0.0898,0.6828
CLUBS JACK HEARTS SIX,0.2334,0.0606,0.706
CLUBS JACK CLUBS ACE,0.3136,0.006,0.6804
HEARTS SIX CLUBS QUEEN,0.2448,0.0548,0.7004
HEARTS SIX CLUBS KING,0.2236,0.0432,0.7332
HEARTS SIX CLUBS ACE,0.2242,0.0274,0.7484
CLUBS JACK CLUBS QUEEN,0.3124,0.0084,0.6792
CLUBS JACK CLUBS KING,0.3112,0.0062,0.6826
DIAMONDS THREE HEARTS ACE,0.3564,0.0058,0.6378
DIAMONDS THREE HEARTS QUEEN,0.3716,0.0154,0.613
DIAMONDS THREE HEARTS KING,0.3588,0.0082,0.633
CLUBS FIVE HEARTS JACK,0.355,0.0176,0.6274
SPADES TEN DIAMONDS ACE,0.3142,0.0046,0.6812
HEARTS FOUR SPADES TEN,0.3604,0.03,0.6096
CLUBS FIVE HEARTS TEN,0.3648,0.0292,0.606
HEARTS FOUR SPADES JACK,0.3472,0.0214,0.6314
SPADES JACK DIAMONDS ACE,0.3176,0.004,0.6784
SPADES ACE HEARTS FOUR,0.3466,0.0042,0.6492
SPADES ACE DIAMONDS ACE,0.135,0.0036,0.8614
CLUBS FIVE HEARTS ACE,0.34,0.0032,0.6568
CLUBS FIVE HEARTS KING,0.3694,0.01,0.6206
HEARTS FOUR SPADES QUEEN,0.3624,0.0114,0.6262
SPADES QUEEN DIAMONDS ACE,0.3214,0.006,0.6726
CLUBS JACK SPADES FOUR,0.3572,0.0216,0.6212
CLUBS FIVE HEARTS QUEEN,0.3444,0.013,0.6426
SPADES KING DIAMONDS ACE,0.3302,0.0058,0.664
SPADES KING HEARTS FOUR,0.3606,0.0106,0.6288
CLUBS TEN SPADES FOUR,0.3474,0.029,0.6236
DIAMONDS ACE DIAMONDS QUEEN,0.308,0.004,0.688
DIAMONDS ACE HEARTS TWO,0.2254,0.0154,0.7592
HEARTS FOUR DIAMONDS QUEEN,0.3494,0.0132,0.6374
HEARTS FOUR HEARTS TWO,0.4572,0.2542,0.2886
DIAMONDS THREE HEARTS TEN,0.3656,0.0334,0.601
SPADES FOUR CLUBS KING,0.348,0.0094,0.6426
HEARTS FIVE DIAMONDS QUEEN,0.3514,0.011,0.6376
HEARTS FIVE HEARTS TWO,0.4398,0.2618,0.2984
DIAMONDS THREE HEARTS JACK,0.3656,0.0188,0.6156
SPADES FOUR CLUBS QUEEN,0.3654,0.0138,0.6208
HEARTS TWO DIAMONDS QUEEN,0.2354,0.0378,0.7268
DIAMONDS KING DIAMONDS QUEEN,0.3044,0.009,0.6866
DIAMONDS KING HEARTS TWO,0.2626,0.0238,0.7136
HEARTS THREE DIAMONDS QUEEN,0.3576,0.0136,0.6288
HEARTS THREE HEARTS TWO,0.456,0.2644,0.2796
SPADES FOUR CLUBS ACE,0.347,0.0054,0.6476
HEARTS TWO CLUBS ACE,0.2162,0.0122,0.7716
DIAMONDS QUEEN CLUBS ACE,0.3144,0.006,0.6796
HEARTS TWO CLUBS QUEEN,0.2466,0.038,0.7154
DIAMONDS QUEEN CLUBS QUEEN,0.1218,0.0332,0.845
HEARTS TWO CLUBS KING,0.247,0.0272,0.7258
DIAMONDS QUEEN CLUBS KING,0.3124,0.0084,0.6792
SPADES EIGHT SPADES FIVE,0.3228,0.0628,0.6144
CLUBS TEN HEARTS TWO,0.2452,0.0734,0.6814
CLUBS TEN DIAMONDS QUEEN,0.3232,0.0082,0.6686
SPADES NINE SPADES FIVE,0.325,0.042,0.633
CLUBS JACK HEARTS TWO,0.2434,0.0494,0.7072
CLUBS JACK DIAMONDS QUEEN,0.3266,0.0126,0.6608
SPADES SIX SPADES FIVE,0.203,0.4108,0.3862
SPADES SEVEN SPADES FIVE,0.299,0.0986,0.6024
DIAMONDS FIVE CLUBS QUEEN,0.359,0.0106,0.6304
SPADES EIGHT CLUBS ACE,0.3258,0.0036,0.6706
DIAMONDS FIVE CLUBS KING,0.346,0.0104,0.6436
SPADES EIGHT CLUBS KING,0.3432,0.0074,0.6494
DIAMONDS FIVE CLUBS ACE,0.3352,0.0042,0.6606
SPADES EIGHT CLUBS QUEEN,0.3352,0.0106,0.6542
CLUBS JACK SPADES EIGHT,0.324,0.0194,0.6566
CLUBS TEN SPADES EIGHT,0.3088,0.0284,0.6628
CLUBS TEN DIAMONDS FIVE,0.3606,0.0286,0.6108
CLUBS JACK DIAMONDS FIVE,0.3466,0.0232,0.6302
DIAMONDS TEN HEARTS JACK,0.3144,0.0146,0.671
DIAMONDS TEN HEARTS TEN,0.1364,0.0656,0.798
SPADES ACE CLUBS NINE,0.334,0.0044,0.6616
SPADES QUEEN CLUBS NINE,0.3138,0.0136,0.6726
SPADES KING CLUBS NINE,0.3294,0.0086,0.662
HEARTS SIX HEARTS KING,0.2356,0.037,0.7274
DIAMONDS KING SPADES SEVEN,0.3296,0.0068,0.6636
HEARTS THREE SPADES SEVEN,0.3502,0.1086,0.5412
SPADES KING DIAMONDS SEVEN,0.3306,0.0092,0.6602
HEARTS SIX HEARTS QUEEN,0.2216,0.05,0.7284
SPADES QUEEN DIAMONDS SEVEN,0.335,0.016,0.649
HEARTS THREE SPADES SIX,0.2206,0.5102,0.2692
DIAMONDS KING SPADES SIX,0.2294,0.0424,0.7282
SPADES NINE DIAMONDS KING,0.337,0.0078,0.6552
SPADES NINE HEARTS THREE,0.3698,0.0472,0.583
HEARTS SIX HEARTS ACE,0.213,0.0288,0.7582
DIAMONDS KING SPADES EIGHT,0.3186,0.0058,0.6756
SPADES EIGHT HEARTS THREE,0.3604,0.065,0.5746
SPADES ACE DIAMONDS SEVEN,0.3116,0.0066,0.6818
CLUBS NINE HEARTS THREE,0.3648,0.0456,0.5896
CLUBS NINE DIAMONDS KING,0.3196,0.0106,0.6698
CLUBS EIGHT DIAMONDS KING,0.318,0.0102,0.6718
CLUBS EIGHT HEARTS THREE,0.3414,0.073,0.5856
HEARTS THREE SPADES THREE,0.2398,0.141,0.6192
DIAMONDS KING SPADES THREE,0.364,0.0108,0.6252
HEARTS THREE SPADES TWO,0.482,0.2634,0.2546
DIAMONDS KING SPADES TWO,0.2416,0.0236,0.7348
HEARTS THREE SPADES FIVE,0.443,0.165,0.392
DIAMONDS KING SPADES FIVE,0.3492,0.0052,0.6456
HEARTS THREE SPADES FOUR,0.432,0.1662,0.4018
DIAMONDS KING SPADES FOUR,0.3582,0.0112,0.6306
DIAMONDS KING CLUBS THREE,0.349,0.0106,0.6404
HEARTS THREE CLUBS THREE,0.2336,0.1444,0.622
DIAMONDS KING CLUBS FOUR,0.359,0.0118,0.6292
