opposingHand,winningChance,drawChance,lostChance
CLUBS SEVEN CLUBS QUEEN
HEARTS FIVE SPADES TEN,0.6454,0.0118,0.3428
SPADES JACK HEARTS FIVE,0.6458,0.0124,0.3418
SPADES FIVE CLUBS JACK,0.6514,0.0132,0.3354
CLUBS TEN SPADES FIVE,0.6384,0.012,0.3496
CLUBS EIGHT CLUBS JACK,0.5906,0.012,0.3974
CLUBS TEN CLUBS EIGHT,0.5846,0.012,0.4034
CLUBS EIGHT CLUBS KING,0.3484,0.0076,0.644
SPADES FIVE CLUBS ACE,0.419,0.0032,0.5778
SPADES FIVE CLUBS KING,0.4074,0.0076,0.585
CLUBS EIGHT CLUBS ACE,0.3304,0.0054,0.6642
DIAMONDS TWO DIAMONDS THREE,0.625,0.012,0.363
DIAMONDS TWO DIAMONDS FIVE,0.6262,0.0102,0.3636
SPADES KING HEARTS FIVE,0.4286,0.006,0.5654
DIAMONDS TWO DIAMONDS FOUR,0.621,0.0132,0.3658
SPADES QUEEN HEARTS FIVE,0.4968,0.285,0.2182
DIAMONDS TWO DIAMONDS SEVEN,0.6946,0.0446,0.2608
DIAMONDS TWO DIAMONDS SIX,0.6364,0.0106,0.353
SPADES ACE HEARTS FIVE,0.4154,0.005,0.5796
DIAMONDS TWO DIAMONDS NINE,0.6008,0.0108,0.3884
DIAMONDS TWO DIAMONDS EIGHT,0.6188,0.0098,0.3714
DIAMONDS THREE DIAMONDS FOUR,0.6042,0.0118,0.384
CLUBS TWO SPADES FOUR,0.6552,0.017,0.3278
DIAMONDS THREE DIAMONDS FIVE,0.6172,0.01,0.3728
CLUBS TWO SPADES FIVE,0.6598,0.0112,0.329
CLUBS TWO SPADES TWO,0.4604,0.0282,0.5114
CLUBS TWO SPADES THREE,0.6536,0.0128,0.3336
DIAMONDS THREE DIAMONDS EIGHT,0.6268,0.0112,0.362
SPADES EIGHT CLUBS TWO,0.6614,0.012,0.3266
DIAMONDS THREE DIAMONDS NINE,0.606,0.0092,0.3848
SPADES NINE CLUBS TWO,0.6356,0.0116,0.3528
DIAMONDS THREE DIAMONDS SIX,0.6258,0.0118,0.3624
CLUBS TWO SPADES SIX,0.6702,0.0152,0.3146
DIAMONDS THREE DIAMONDS SEVEN,0.6818,0.049,0.2692
CLUBS TWO SPADES SEVEN,0.7436,0.0484,0.208
CLUBS SIX CLUBS TWO,0.6808,0.0102,0.309
CLUBS FOUR CLUBS TWO,0.6456,0.014,0.3404
CLUBS FIVE CLUBS TWO,0.6518,0.0138,0.3344
CLUBS TEN CLUBS JACK,0.5676,0.0124,0.42
DIAMONDS FOUR DIAMONDS SIX,0.6,0.0108,0.3892
DIAMONDS FOUR DIAMONDS SEVEN,0.6666,0.0424,0.291
CLUBS TEN CLUBS KING,0.3362,0.0066,0.6572
CLUBS TEN CLUBS ACE,0.3364,0.0058,0.6578
CLUBS EIGHT CLUBS TWO,0.6508,0.015,0.3342
DIAMONDS FIVE DIAMONDS FOUR,0.6082,0.01,0.3818
CLUBS NINE CLUBS TWO,0.6502,0.011,0.3388
DIAMONDS NINE DIAMONDS FOUR,0.5992,0.0108,0.39
DIAMONDS EIGHT DIAMONDS FOUR,0.6028,0.013,0.3842
CLUBS TWO CLUBS THREE,0.671,0.0144,0.3146
DIAMONDS NINE DIAMONDS FIVE,0.6058,0.0154,0.3788
DIAMONDS TWO CLUBS JACK,0.6502,0.0134,0.3364
DIAMONDS EIGHT DIAMONDS FIVE,0.598,0.0112,0.3908
CLUBS TEN DIAMONDS TWO,0.6448,0.0112,0.344
DIAMONDS FIVE DIAMONDS SEVEN,0.6524,0.0424,0.3052
DIAMONDS FIVE DIAMONDS SIX,0.5954,0.0138,0.3908
DIAMONDS TWO CLUBS ACE,0.425,0.0062,0.5688
DIAMONDS TWO CLUBS KING,0.426,0.007,0.567
DIAMONDS EIGHT DIAMONDS SIX,0.5886,0.0084,0.403
DIAMONDS NINE DIAMONDS SIX,0.5944,0.0136,0.392
HEARTS ACE SPADES THREE,0.4476,0.003,0.5494
HEARTS KING SPADES THREE,0.433,0.0084,0.5586
DIAMONDS SEVEN DIAMONDS SIX,0.6388,0.0416,0.3196
SPADES THREE HEARTS QUEEN,0.5056,0.2856,0.2088
HEARTS JACK SPADES THREE,0.6392,0.0102,0.3506
SPADES THREE HEARTS TEN,0.6464,0.0096,0.344
DIAMONDS EIGHT DIAMONDS SEVEN,0.6422,0.0414,0.3164
DIAMONDS NINE DIAMONDS SEVEN,0.6516,0.0388,0.3096
DIAMONDS NINE DIAMONDS EIGHT,0.5552,0.0082,0.4366
DIAMONDS KING HEARTS TEN,0.3758,0.004,0.6202
HEARTS THREE HEARTS TEN,0.6012,0.0138,0.385
CLUBS SIX SPADES JACK,0.6458,0.0112,0.343
DIAMONDS KING HEARTS JACK,0.3906,0.006,0.6034
HEARTS THREE HEARTS JACK,0.6098,0.0128,0.3774
CLUBS SIX SPADES TEN,0.633,0.0116,0.3554
SPADES JACK SPADES FIVE,0.6006,0.0128,0.3866
SPADES TEN SPADES FIVE,0.6148,0.0094,0.3758
DIAMONDS KING HEARTS ACE,0.3648,0.0042,0.631
HEARTS THREE HEARTS ACE,0.397,0.007,0.596
SPADES ACE CLUBS SIX,0.4262,0.0048,0.569
DIAMONDS KING HEARTS QUEEN,0.2854,0.0252,0.6894
HEARTS THREE HEARTS QUEEN,0.468,0.2666,0.2654
SPADES KING CLUBS SIX,0.4192,0.0078,0.573
DIAMONDS KING HEARTS KING,0.1812,0.0032,0.8156
HEARTS THREE HEARTS KING,0.4168,0.0062,0.577
SPADES QUEEN CLUBS SIX,0.4958,0.2988,0.2054
SPADES NINE HEARTS TEN,0.585,0.0106,0.4044
SPADES NINE HEARTS JACK,0.58,0.0098,0.4102
SPADES QUEEN SPADES FIVE,0.4664,0.2682,0.2654
SPADES KING SPADES FIVE,0.4094,0.0078,0.5828
SPADES ACE SPADES FIVE,0.4014,0.0044,0.5942
SPADES NINE HEARTS QUEEN,0.267,0.1524,0.5806
SPADES NINE HEARTS KING,0.3812,0.0066,0.6122
SPADES NINE HEARTS ACE,0.3984,0.0052,0.5964
CLUBS TEN SPADES JACK,0.5614,0.0096,0.429
CLUBS TEN SPADES TEN,0.3148,0.0096,0.6756
SPADES ACE CLUBS TEN,0.3874,0.0048,0.6078
SPADES KING CLUBS TEN,0.3566,0.007,0.6364
CLUBS TEN SPADES QUEEN,0.2636,0.12,0.6164
SPADES FIVE HEARTS QUEEN,0.4978,0.282,0.2202
HEARTS KING SPADES FIVE,0.443,0.0054,0.5516
SPADES FIVE HEARTS ACE,0.4198,0.0042,0.576
CLUBS EIGHT SPADES TEN,0.5866,0.0096,0.4038
HEARTS THREE SPADES JACK,0.6484,0.0102,0.3414
SPADES JACK DIAMONDS KING,0.39,0.0066,0.6034
SPADES TEN DIAMONDS KING,0.3848,0.0062,0.609
HEARTS THREE SPADES TEN,0.6492,0.0108,0.34
SPADES JACK CLUBS EIGHT,0.599,0.0128,0.3882
SPADES ACE CLUBS EIGHT,0.3842,0.0022,0.6136
HEARTS FIVE CLUBS JACK,0.6332,0.0086,0.3582
CLUBS SIX HEARTS ACE,0.4126,0.0054,0.582
CLUBS TEN HEARTS FIVE,0.644,0.0116,0.3444
SPADES QUEEN CLUBS EIGHT,0.2594,0.223,0.5176
CLUBS TEN SPADES THREE,0.6412,0.012,0.3468
CLUBS SIX HEARTS QUEEN,0.5022,0.2858,0.212
SPADES KING CLUBS EIGHT,0.4074,0.0058,0.5868
SPADES THREE CLUBS JACK,0.6438,0.0096,0.3466
CLUBS SIX HEARTS KING,0.4174,0.0052,0.5774
DIAMONDS TWO HEARTS JACK,0.6472,0.0084,0.3444
DIAMONDS TWO HEARTS TEN,0.6536,0.0122,0.3342
SPADES THREE CLUBS KING,0.4346,0.007,0.5584
HEARTS FIVE CLUBS ACE,0.407,0.0054,0.5876
SPADES FIVE HEARTS TEN,0.6414,0.01,0.3486
SPADES THREE CLUBS ACE,0.4168,0.0066,0.5766
HEARTS FIVE CLUBS KING,0.4062,0.0062,0.5876
SPADES FIVE HEARTS JACK,0.6488,0.0096,0.3416
HEARTS THREE CLUBS KING,0.423,0.0092,0.5678
DIAMONDS KING CLUBS KING,0.169,0.0042,0.8268
HEARTS FIVE HEARTS JACK,0.604,0.0118,0.3842
HEARTS FIVE HEARTS TEN,0.6156,0.008,0.3764
HEARTS THREE CLUBS ACE,0.42,0.0044,0.5756
DIAMONDS KING CLUBS ACE,0.346,0.0034,0.6506
HEARTS THREE CLUBS JACK,0.6444,0.0132,0.3424
DIAMONDS KING CLUBS JACK,0.3802,0.0062,0.6136
CLUBS TEN HEARTS THREE,0.6382,0.0134,0.3484
CLUBS TEN DIAMONDS KING,0.371,0.0068,0.6222
CLUBS SIX CLUBS KING,0.3744,0.0086,0.617
CLUBS SIX CLUBS ACE,0.3762,0.0026,0.6212
HEARTS FIVE HEARTS KING,0.4084,0.0088,0.5828
HEARTS FIVE HEARTS QUEEN,0.464,0.2768,0.2592
CLUBS TEN CLUBS SIX,0.6374,0.0108,0.3518
HEARTS FIVE HEARTS ACE,0.4074,0.0056,0.587
CLUBS SIX CLUBS JACK,0.6498,0.0124,0.3378
SPADES SEVEN HEARTS JACK,0.7202,0.0344,0.2454
SPADES SEVEN HEARTS TEN,0.6964,0.0358,0.2678
DIAMONDS TWO CLUBS TWO,0.4612,0.026,0.5128
DIAMONDS TWO CLUBS THREE,0.6618,0.015,0.3232
HEARTS SIX DIAMONDS TWO,0.6698,0.0136,0.3166
DIAMONDS TWO HEARTS QUEEN,0.5062,0.2798,0.214
DIAMONDS TWO HEARTS SEVEN,0.7328,0.0456,0.2216
DIAMONDS TWO HEARTS KING,0.4384,0.008,0.5536
DIAMONDS TWO HEARTS EIGHT,0.6542,0.0112,0.3346
DIAMONDS TWO HEARTS ACE,0.4238,0.0056,0.5706
DIAMONDS TWO HEARTS NINE,0.6536,0.0126,0.3338
DIAMONDS TWO DIAMONDS QUEEN,0.4688,0.2774,0.2538
DIAMONDS TWO HEARTS TWO,0.4812,0.0266,0.4922
DIAMONDS TWO DIAMONDS KING,0.4262,0.0082,0.5656
HEARTS THREE DIAMONDS TWO,0.661,0.0148,0.3242
DIAMONDS TWO DIAMONDS ACE,0.422,0.0024,0.5756
HEARTS FOUR DIAMONDS TWO,0.6484,0.015,0.3366
DIAMONDS TWO HEARTS FIVE,0.6482,0.0126,0.3392
SPADES SEVEN HEARTS ACE,0.281,0.0228,0.6962
DIAMONDS TWO DIAMONDS TEN,0.6214,0.0116,0.367
SPADES SEVEN HEARTS KING,0.273,0.0324,0.6946
DIAMONDS TWO DIAMONDS JACK,0.6104,0.0124,0.3772
SPADES SEVEN HEARTS QUEEN,0.0724,0.9074,0.0202
DIAMONDS TWO SPADES NINE,0.6538,0.0112,0.335
DIAMONDS TWO SPADES EIGHT,0.6554,0.0126,0.332
DIAMONDS TWO SPADES SEVEN,0.7394,0.0448,0.2158
DIAMONDS TWO SPADES SIX,0.679,0.0132,0.3078
DIAMONDS TWO SPADES FIVE,0.6698,0.011,0.3192
DIAMONDS TWO SPADES FOUR,0.673,0.0126,0.3144
DIAMONDS TWO SPADES THREE,0.6724,0.0116,0.316
DIAMONDS TWO SPADES TWO,0.469,0.0296,0.5014
CLUBS NINE DIAMONDS TWO,0.6534,0.01,0.3366
DIAMONDS TWO CLUBS EIGHT,0.6482,0.0136,0.3382
CLUBS SIX DIAMONDS TWO,0.6746,0.0124,0.313
DIAMONDS TWO CLUBS FIVE,0.6632,0.0136,0.3232
DIAMONDS TWO CLUBS FOUR,0.648,0.0172,0.3348
CLUBS FOUR SPADES FIVE,0.6384,0.0118,0.3498
CLUBS FOUR SPADES FOUR,0.4592,0.026,0.5148
CLUBS FOUR SPADES THREE,0.649,0.0126,0.3384
CLUBS FOUR SPADES TWO,0.657,0.0144,0.3286
CLUBS FOUR SPADES NINE,0.651,0.0112,0.3378
CLUBS FOUR SPADES EIGHT,0.6298,0.0124,0.3578
CLUBS FOUR SPADES SEVEN,0.7056,0.0488,0.2456
CLUBS FOUR SPADES SIX,0.6526,0.0128,0.3346
SPADES ACE DIAMONDS SIX,0.4406,0.0026,0.5568
SPADES QUEEN DIAMONDS SIX,0.4976,0.2898,0.2126
SPADES KING DIAMONDS SIX,0.4394,0.0046,0.556
SPADES TEN DIAMONDS SIX,0.6428,0.0114,0.3458
SPADES JACK DIAMONDS SIX,0.6462,0.0098,0.344
SPADES QUEEN SPADES TWO,0.4588,0.275,0.2662
SPADES KING SPADES TWO,0.423,0.0072,0.5698
SPADES ACE SPADES TWO,0.4184,0.006,0.5756
DIAMONDS JACK CLUBS JACK,0.3136,0.0124,0.674
CLUBS TEN DIAMONDS JACK,0.5584,0.0068,0.4348
DIAMONDS JACK CLUBS KING,0.3642,0.0066,0.6292
DIAMONDS THREE DIAMONDS JACK,0.6174,0.0084,0.3742
DIAMONDS THREE DIAMONDS TEN,0.6038,0.0106,0.3856
DIAMONDS JACK CLUBS ACE,0.3718,0.0026,0.6256
DIAMONDS THREE DIAMONDS KING,0.3984,0.0072,0.5944
HEARTS THREE DIAMONDS THREE,0.472,0.026,0.502
DIAMONDS THREE DIAMONDS QUEEN,0.4788,0.2632,0.258
DIAMONDS THREE HEARTS TWO,0.6702,0.0136,0.3162
HEARTS FIVE DIAMONDS THREE,0.6518,0.0108,0.3374
DIAMONDS THREE DIAMONDS ACE,0.4074,0.005,0.5876
HEARTS FOUR DIAMONDS THREE,0.659,0.0128,0.3282
DIAMONDS THREE HEARTS SEVEN,0.73,0.0468,0.2232
SPADES TEN SPADES NINE,0.5394,0.008,0.4526
HEARTS SIX DIAMONDS THREE,0.6636,0.0118,0.3246
SPADES JACK SPADES NINE,0.5514,0.0094,0.4392
DIAMONDS THREE HEARTS NINE,0.641,0.0108,0.3482
HEARTS JACK DIAMONDS FOUR,0.654,0.0078,0.3382
HEARTS KING HEARTS ACE,0.3286,0.0042,0.6672
SPADES TEN SPADES TWO,0.6088,0.0122,0.379
DIAMONDS THREE HEARTS EIGHT,0.657,0.0116,0.3314
HEARTS TEN DIAMONDS FOUR,0.6426,0.0088,0.3486
SPADES JACK SPADES TWO,0.6128,0.0092,0.378
HEARTS QUEEN DIAMONDS FOUR,0.5046,0.2744,0.221
HEARTS KING DIAMONDS FOUR,0.4464,0.0078,0.5458
SPADES ACE SPADES NINE,0.3786,0.005,0.6164
HEARTS ACE DIAMONDS FOUR,0.4384,0.0058,0.5558
SPADES KING SPADES NINE,0.368,0.0074,0.6246
SPADES QUEEN SPADES NINE,0.2544,0.154,0.5916
DIAMONDS THREE SPADES NINE,0.6568,0.0102,0.333
DIAMONDS THREE SPADES EIGHT,0.639,0.013,0.348
DIAMONDS THREE SPADES SEVEN,0.7344,0.0438,0.2218
DIAMONDS THREE SPADES SIX,0.6602,0.0118,0.328
CLUBS SIX DIAMONDS THREE,0.6392,0.013,0.3478
CLUBS ACE DIAMONDS FOUR,0.4206,0.0048,0.5746
CLUBS SIX CLUBS FIVE,0.6276,0.012,0.3604
DIAMONDS THREE CLUBS FOUR,0.656,0.0094,0.3346
DIAMONDS THREE CLUBS FIVE,0.65,0.0102,0.3398
DIAMONDS FOUR CLUBS KING,0.4128,0.0092,0.578
DIAMONDS THREE CLUBS TWO,0.6674,0.0164,0.3162
CLUBS TEN DIAMONDS FOUR,0.6464,0.009,0.3446
DIAMONDS THREE CLUBS THREE,0.459,0.0308,0.5102
DIAMONDS FOUR CLUBS JACK,0.6398,0.0102,0.35
DIAMONDS THREE SPADES FOUR,0.6368,0.0136,0.3496
DIAMONDS THREE SPADES FIVE,0.6424,0.0128,0.3448
DIAMONDS THREE SPADES TWO,0.651,0.0114,0.3376
DIAMONDS THREE SPADES THREE,0.4756,0.0216,0.5028
CLUBS EIGHT DIAMONDS THREE,0.6498,0.0166,0.3336
CLUBS NINE DIAMONDS THREE,0.6454,0.012,0.3426
SPADES SEVEN CLUBS ACE,0.2662,0.0212,0.7126
SPADES SEVEN CLUBS KING,0.2506,0.0372,0.7122
CLUBS FIVE SPADES SEVEN,0.6838,0.0446,0.2716
CLUBS TEN SPADES SEVEN,0.6894,0.0482,0.2624
CLUBS FIVE SPADES SIX,0.6246,0.0092,0.3662
SPADES SEVEN CLUBS JACK,0.7014,0.0446,0.254
SPADES NINE CLUBS FIVE,0.6338,0.0092,0.357
CLUBS FIVE SPADES EIGHT,0.617,0.0094,0.3736
CLUBS FIVE SPADES THREE,0.637,0.0162,0.3468
CLUBS FIVE SPADES TWO,0.6596,0.015,0.3254
CLUBS FIVE SPADES FIVE,0.4656,0.0218,0.5126
CLUBS FIVE SPADES FOUR,0.6138,0.0172,0.369
CLUBS NINE CLUBS FIVE,0.6242,0.0128,0.363
CLUBS EIGHT CLUBS FIVE,0.6216,0.0096,0.3688
DIAMONDS TEN DIAMONDS FOUR,0.6044,0.0126,0.383
CLUBS TEN DIAMONDS NINE,0.5722,0.0124,0.4154
DIAMONDS JACK DIAMONDS FOUR,0.6024,0.012,0.3856
DIAMONDS NINE CLUBS JACK,0.5778,0.0116,0.4106
SPADES NINE CLUBS JACK,0.5846,0.0088,0.4066
CLUBS TEN SPADES NINE,0.5758,0.0094,0.4148
DIAMONDS ACE DIAMONDS FOUR,0.4072,0.0062,0.5866
HEARTS FOUR DIAMONDS FOUR,0.4718,0.025,0.5032
DIAMONDS JACK HEARTS TEN,0.5692,0.009,0.4218
SPADES NINE CLUBS KING,0.3792,0.0078,0.613
DIAMONDS TWO SPADES TEN,0.6482,0.0138,0.338
DIAMONDS NINE CLUBS ACE,0.3788,0.004,0.6172
HEARTS FIVE DIAMONDS FOUR,0.6332,0.0138,0.353
HEARTS JACK DIAMONDS JACK,0.3274,0.0112,0.6614
DIAMONDS TWO SPADES JACK,0.6452,0.012,0.3428
DIAMONDS QUEEN DIAMONDS FOUR,0.4774,0.2654,0.2572
HEARTS TWO DIAMONDS FOUR,0.6608,0.0112,0.328
DIAMONDS KING DIAMONDS FOUR,0.412,0.0088,0.5792
HEARTS THREE DIAMONDS FOUR,0.6444,0.0134,0.3422
SPADES NINE CLUBS ACE,0.3748,0.004,0.6212
DIAMONDS NINE CLUBS KING,0.376,0.0072,0.6168
HEARTS ACE DIAMONDS JACK,0.3878,0.0046,0.6076
SPADES ACE DIAMONDS TWO,0.447,0.0056,0.5474
DIAMONDS JACK HEARTS QUEEN,0.2888,0.088,0.6232
SPADES QUEEN DIAMONDS TWO,0.4958,0.2886,0.2156
HEARTS KING DIAMONDS JACK,0.3814,0.0052,0.6134
SPADES KING DIAMONDS TWO,0.4452,0.0076,0.5472
SPADES JACK SPADES SEVEN,0.676,0.0406,0.2834
SPADES TEN SPADES SEVEN,0.6694,0.0374,0.2932
CLUBS SIX CLUBS THREE,0.664,0.0156,0.3204
CLUBS FIVE CLUBS THREE,0.6388,0.012,0.3492
CLUBS FOUR CLUBS THREE,0.6548,0.0118,0.3334
CLUBS NINE CLUBS THREE,0.64,0.0144,0.3456
CLUBS EIGHT CLUBS THREE,0.6494,0.0148,0.3358
CLUBS THREE SPADES FIVE,0.6344,0.0132,0.3524
CLUBS THREE SPADES FOUR,0.6432,0.0152,0.3416
CLUBS THREE SPADES THREE,0.4614,0.0262,0.5124
CLUBS THREE SPADES TWO,0.6538,0.0124,0.3338
CLUBS THREE SPADES SIX,0.6606,0.0136,0.3258
SPADES SEVEN CLUBS THREE,0.7178,0.0454,0.2368
SPADES EIGHT CLUBS THREE,0.6542,0.0108,0.335
SPADES NINE CLUBS THREE,0.632,0.009,0.359
SPADES TWO DIAMONDS FOUR,0.6644,0.0098,0.3258
SPADES THREE DIAMONDS FOUR,0.6612,0.0094,0.3294
SPADES FOUR DIAMONDS FOUR,0.4578,0.0246,0.5176
SPADES FIVE DIAMONDS FOUR,0.6362,0.0124,0.3514
SPADES SIX DIAMONDS FOUR,0.641,0.0124,0.3466
SPADES SEVEN DIAMONDS FOUR,0.7202,0.0422,0.2376
SPADES EIGHT DIAMONDS FOUR,0.6424,0.0114,0.3462
SPADES NINE DIAMONDS FOUR,0.6568,0.0084,0.3348
CLUBS FIVE DIAMONDS FOUR,0.63,0.0126,0.3574
CLUBS FOUR DIAMONDS FOUR,0.4538,0.0258,0.5204
CLUBS SIX DIAMONDS FOUR,0.6544,0.0134,0.3322
CLUBS NINE DIAMONDS FOUR,0.6492,0.01,0.3408
CLUBS EIGHT DIAMONDS FOUR,0.6244,0.0152,0.3604
DIAMONDS FOUR HEARTS SEVEN,0.7124,0.0476,0.24
HEARTS SIX DIAMONDS FOUR,0.6474,0.0108,0.3418
HEARTS NINE DIAMONDS FOUR,0.6426,0.0122,0.3452
DIAMONDS FOUR HEARTS EIGHT,0.6426,0.0116,0.3458
CLUBS THREE DIAMONDS FOUR,0.6468,0.016,0.3372
CLUBS TWO DIAMONDS FOUR,0.6614,0.0138,0.3248
DIAMONDS TEN DIAMONDS FIVE,0.609,0.007,0.384
DIAMONDS JACK DIAMONDS FIVE,0.612,0.0096,0.3784
DIAMONDS NINE HEARTS QUEEN,0.2788,0.1588,0.5624
HEARTS KING DIAMONDS NINE,0.3874,0.0058,0.6068
DIAMONDS NINE HEARTS ACE,0.399,0.0046,0.5964
DIAMONDS NINE HEARTS TEN,0.586,0.0088,0.4052
DIAMONDS NINE HEARTS JACK,0.5982,0.0092,0.3926
CLUBS KING DIAMONDS SIX,0.4158,0.008,0.5762
CLUBS ACE DIAMONDS SIX,0.4138,0.005,0.5812
SPADES KING DIAMONDS FOUR,0.4298,0.0056,0.5646
SPADES ACE SPADES SEVEN,0.2608,0.0224,0.7168
SPADES QUEEN DIAMONDS FOUR,0.499,0.2864,0.2146
SPADES QUEEN SPADES SEVEN,0.0696,0.8558,0.0746
CLUBS JACK DIAMONDS SIX,0.6494,0.0118,0.3388
SPADES KING SPADES SEVEN,0.2694,0.0368,0.6938
SPADES ACE DIAMONDS FOUR,0.4348,0.0034,0.5618
CLUBS TEN DIAMONDS SIX,0.6356,0.013,0.3514
CLUBS NINE CLUBS FOUR,0.6502,0.0148,0.335
CLUBS EIGHT CLUBS FOUR,0.6246,0.0138,0.3616
SPADES JACK DIAMONDS FOUR,0.6424,0.0118,0.3458
SPADES TEN DIAMONDS FOUR,0.654,0.0106,0.3354
CLUBS FOUR CLUBS FIVE,0.6264,0.0114,0.3622
CLUBS SIX CLUBS FOUR,0.6396,0.0138,0.3466
HEARTS SIX DIAMONDS FIVE,0.6392,0.0104,0.3504
DIAMONDS FIVE HEARTS SEVEN,0.691,0.042,0.267
DIAMONDS FIVE HEARTS EIGHT,0.6398,0.0122,0.348
HEARTS NINE DIAMONDS FIVE,0.6318,0.0116,0.3566
DIAMONDS QUEEN DIAMONDS FIVE,0.4586,0.2704,0.271
HEARTS TWO DIAMONDS FIVE,0.6582,0.0152,0.3266
HEARTS KING HEARTS EIGHT,0.3932,0.0072,0.5996
DIAMONDS KING DIAMONDS FIVE,0.3932,0.005,0.6018
HEARTS THREE DIAMONDS FIVE,0.6478,0.0134,0.3388
HEARTS QUEEN HEARTS EIGHT,0.2622,0.2082,0.5296
DIAMONDS ACE DIAMONDS FIVE,0.405,0.0034,0.5916
HEARTS FOUR DIAMONDS FIVE,0.649,0.009,0.342
HEARTS FIVE DIAMONDS FIVE,0.4646,0.0246,0.5108
HEARTS ACE HEARTS EIGHT,0.3786,0.0056,0.6158
CLUBS FOUR DIAMONDS FIVE,0.6186,0.0148,0.3666
CLUBS FIVE DIAMONDS FIVE,0.4548,0.0228,0.5224
CLUBS SIX DIAMONDS FIVE,0.6364,0.0098,0.3538
CLUBS TWO DIAMONDS FIVE,0.659,0.0158,0.3252
CLUBS THREE DIAMONDS FIVE,0.6378,0.015,0.3472
SPADES THREE DIAMONDS FIVE,0.6494,0.011,0.3396
SPADES TWO DIAMONDS FIVE,0.659,0.0154,0.3256
SPADES JACK DIAMONDS EIGHT,0.601,0.0092,0.3898
SPADES FIVE DIAMONDS FIVE,0.4622,0.0244,0.5134
CLUBS TEN HEARTS JACK,0.5548,0.0138,0.4314
SPADES TEN DIAMONDS EIGHT,0.6006,0.0104,0.389
SPADES FOUR DIAMONDS FIVE,0.622,0.0114,0.3666
HEARTS JACK CLUBS JACK,0.3106,0.0098,0.6796
CLUBS NINE DIAMONDS FIVE,0.6488,0.0118,0.3394
HEARTS JACK CLUBS KING,0.3634,0.0072,0.6294
CLUBS EIGHT DIAMONDS FIVE,0.6194,0.0132,0.3674
HEARTS JACK CLUBS ACE,0.375,0.0046,0.6204
SPADES SEVEN DIAMONDS FIVE,0.6978,0.0424,0.2598
SPADES KING DIAMONDS EIGHT,0.4028,0.007,0.5902
SPADES QUEEN DIAMONDS EIGHT,0.2614,0.2208,0.5178
SPADES SIX DIAMONDS FIVE,0.6268,0.0118,0.3614
SPADES NINE DIAMONDS FIVE,0.643,0.0098,0.3472
SPADES EIGHT DIAMONDS FIVE,0.6352,0.0116,0.3532
SPADES ACE DIAMONDS EIGHT,0.3962,0.003,0.6008
DIAMONDS TEN DIAMONDS SIX,0.6096,0.0086,0.3818
HEARTS ACE DIAMONDS SEVEN,0.281,0.0228,0.6962
DIAMONDS JACK DIAMONDS SIX,0.5982,0.0094,0.3924
HEARTS QUEEN DIAMONDS SEVEN,0.068,0.9054,0.0266
HEARTS KING DIAMONDS SEVEN,0.282,0.0396,0.6784
DIAMONDS ACE DIAMONDS SIX,0.412,0.005,0.583
HEARTS FOUR DIAMONDS SIX,0.6502,0.0096,0.3402
HEARTS JACK SPADES TWO,0.6518,0.0106,0.3376
HEARTS FIVE DIAMONDS SIX,0.6344,0.014,0.3516
SPADES TWO HEARTS TEN,0.6604,0.0146,0.325
DIAMONDS QUEEN DIAMONDS SIX,0.4756,0.257,0.2674
HEARTS TWO DIAMONDS SIX,0.6858,0.0128,0.3014
DIAMONDS KING DIAMONDS SIX,0.4076,0.0062,0.5862
HEARTS THREE DIAMONDS SIX,0.6632,0.012,0.3248
HEARTS EIGHT DIAMONDS SIX,0.6084,0.013,0.3786
HEARTS NINE DIAMONDS SIX,0.6324,0.0098,0.3578
HEARTS SIX DIAMONDS SIX,0.4556,0.0244,0.52
HEARTS SEVEN DIAMONDS SIX,0.6798,0.0454,0.2748
HEARTS TEN DIAMONDS SEVEN,0.7024,0.0442,0.2534
CLUBS TWO DIAMONDS SIX,0.6846,0.0106,0.3048
HEARTS JACK DIAMONDS SEVEN,0.7212,0.038,0.2408
CLUBS THREE DIAMONDS SIX,0.6566,0.0118,0.3316
DIAMONDS EIGHT CLUBS JACK,0.5962,0.0126,0.3912
CLUBS SIX DIAMONDS SIX,0.447,0.0226,0.5304
CLUBS TEN DIAMONDS EIGHT,0.5806,0.0126,0.4068
CLUBS FIVE DIAMONDS SIX,0.6256,0.0108,0.3636
CLUBS FOUR DIAMONDS SIX,0.6324,0.0128,0.3548
HEARTS ACE HEARTS JACK,0.3738,0.0034,0.6228
DIAMONDS EIGHT CLUBS ACE,0.3876,0.004,0.6084
HEARTS JACK HEARTS QUEEN,0.2668,0.0756,0.6576
DIAMONDS EIGHT CLUBS KING,0.3872,0.0068,0.606
CLUBS NINE DIAMONDS SIX,0.627,0.012,0.361
HEARTS KING HEARTS JACK,0.3538,0.0056,0.6406
CLUBS EIGHT DIAMONDS SIX,0.6186,0.015,0.3664
SPADES TEN HEARTS KING,0.3826,0.0058,0.6116
SPADES FIVE DIAMONDS SIX,0.6462,0.0122,0.3416
HEARTS ACE SPADES TWO,0.4346,0.007,0.5584
SPADES JACK HEARTS KING,0.387,0.0062,0.6068
SPADES FOUR DIAMONDS SIX,0.6642,0.01,0.3258
SPADES THREE DIAMONDS SIX,0.6514,0.011,0.3376
HEARTS QUEEN SPADES TWO,0.5108,0.277,0.2122
SPADES ACE SPADES KING,0.3364,0.0048,0.6588
HEARTS KING SPADES TWO,0.4396,0.0076,0.5528
SPADES TWO DIAMONDS SIX,0.6714,0.0126,0.316
HEARTS TEN HEARTS EIGHT,0.5514,0.0088,0.4398
SPADES NINE DIAMONDS SIX,0.6322,0.0098,0.358
HEARTS JACK HEARTS EIGHT,0.5716,0.0102,0.4182
SPADES EIGHT DIAMONDS SIX,0.6174,0.0088,0.3738
SPADES SEVEN DIAMONDS SIX,0.6858,0.0472,0.267
SPADES SIX DIAMONDS SIX,0.4536,0.0252,0.5212
SPADES KING HEARTS KING,0.1864,0.0044,0.8092
SPADES QUEEN HEARTS KING,0.285,0.0228,0.6922
CLUBS ACE CLUBS KING,0.3046,0.0046,0.6908
SPADES ACE HEARTS KING,0.3676,0.0042,0.6282
SPADES ACE HEARTS JACK,0.3794,0.0036,0.617
SPADES QUEEN HEARTS JACK,0.2712,0.0932,0.6356
SPADES KING HEARTS JACK,0.3874,0.0076,0.605
SPADES TEN DIAMONDS TEN,0.3092,0.0108,0.68
SPADES JACK DIAMONDS TEN,0.563,0.0102,0.4268
SPADES ACE DIAMONDS TEN,0.3832,0.0028,0.614
SPADES JACK HEARTS JACK,0.3206,0.0088,0.6706
SPADES TEN HEARTS JACK,0.5708,0.0082,0.421
SPADES QUEEN DIAMONDS TEN,0.2812,0.1066,0.6122
SPADES KING DIAMONDS TEN,0.382,0.0068,0.6112
SPADES NINE DIAMONDS SEVEN,0.6904,0.0388,0.2708
SPADES EIGHT DIAMONDS SEVEN,0.6894,0.0394,0.2712
SPADES SEVEN DIAMONDS SEVEN,0.3362,0.0312,0.6326
SPADES SIX DIAMONDS SEVEN,0.6888,0.0396,0.2716
DIAMONDS KING DIAMONDS SEVEN,0.2554,0.032,0.7126
HEARTS THREE DIAMONDS SEVEN,0.7214,0.0444,0.2342
HEARTS KING DIAMONDS FIVE,0.4436,0.0062,0.5502
DIAMONDS QUEEN DIAMONDS SEVEN,0.0778,0.8492,0.073
HEARTS TWO DIAMONDS SEVEN,0.7406,0.053,0.2064
HEARTS QUEEN DIAMONDS FIVE,0.4984,0.2936,0.208
HEARTS FIVE DIAMONDS SEVEN,0.7024,0.0484,0.2492
DIAMONDS ACE DIAMONDS SEVEN,0.2574,0.023,0.7196
HEARTS FOUR DIAMONDS SEVEN,0.6986,0.0442,0.2572
HEARTS ACE DIAMONDS FIVE,0.4318,0.0036,0.5646
HEARTS SEVEN DIAMONDS SEVEN,0.3418,0.0284,0.6298
HEARTS SIX DIAMONDS SEVEN,0.6804,0.0448,0.2748
HEARTS NINE DIAMONDS SEVEN,0.6842,0.045,0.2708
DIAMONDS SEVEN HEARTS EIGHT,0.6892,0.0396,0.2712
DIAMONDS JACK DIAMONDS SEVEN,0.6832,0.0422,0.2746
HEARTS JACK DIAMONDS FIVE,0.6432,0.0108,0.346
DIAMONDS TEN DIAMONDS SEVEN,0.6636,0.0352,0.3012
DIAMONDS FIVE HEARTS TEN,0.6516,0.0088,0.3396
SPADES KING CLUBS TWO,0.4298,0.0092,0.561
HEARTS KING CLUBS KING,0.1656,0.0058,0.8286
CLUBS EIGHT DIAMONDS SEVEN,0.681,0.0416,0.2774
SPADES QUEEN CLUBS TWO,0.488,0.3048,0.2072
CLUBS NINE DIAMONDS SEVEN,0.6912,0.043,0.2658
SPADES TWO CLUBS JACK,0.6504,0.0118,0.3378
SPADES ACE CLUBS TWO,0.4196,0.0036,0.5768
CLUBS TEN SPADES TWO,0.6586,0.0102,0.3312
HEARTS KING CLUBS ACE,0.3546,0.0042,0.6412
SPADES TWO CLUBS KING,0.4346,0.0086,0.5568
SPADES TWO DIAMONDS SEVEN,0.7436,0.0444,0.212
CLUBS SIX CLUBS EIGHT,0.6102,0.0116,0.3782
SPADES THREE DIAMONDS SEVEN,0.7126,0.0474,0.24
CLUBS NINE CLUBS SIX,0.613,0.014,0.373
SPADES FOUR DIAMONDS SEVEN,0.7074,0.0432,0.2494
HEARTS KING CLUBS JACK,0.36,0.007,0.633
SPADES FIVE DIAMONDS SEVEN,0.6858,0.0474,0.2668
SPADES TWO CLUBS ACE,0.4138,0.0046,0.5816
CLUBS TEN HEARTS KING,0.3708,0.0052,0.624
CLUBS SIX SPADES TWO,0.6714,0.0134,0.3152
CLUBS SIX SPADES THREE,0.6484,0.0146,0.337
CLUBS TWO DIAMONDS SEVEN,0.7346,0.048,0.2174
CLUBS SIX SPADES FOUR,0.635,0.013,0.352
CLUBS THREE DIAMONDS SEVEN,0.719,0.0472,0.2338
CLUBS SIX SPADES FIVE,0.6208,0.0166,0.3626
CLUBS FOUR DIAMONDS SEVEN,0.7046,0.047,0.2484
CLUBS SIX SPADES SIX,0.4494,0.0268,0.5238
CLUBS FIVE DIAMONDS SEVEN,0.6926,0.0436,0.2638
CLUBS SIX SPADES SEVEN,0.6824,0.0438,0.2738
CLUBS SIX DIAMONDS SEVEN,0.6836,0.0408,0.2756
CLUBS SIX SPADES EIGHT,0.6102,0.0124,0.3774
SPADES JACK CLUBS TWO,0.642,0.0124,0.3456
CLUBS SIX SPADES NINE,0.6348,0.0102,0.355
SPADES TEN CLUBS TWO,0.6484,0.0152,0.3364
CLUBS TWO CLUBS KING,0.395,0.0068,0.5982
CLUBS THREE DIAMONDS EIGHT,0.6588,0.0118,0.3294
CLUBS TWO CLUBS ACE,0.396,0.009,0.595
CLUBS TWO DIAMONDS EIGHT,0.6348,0.0124,0.3528
DIAMONDS EIGHT HEARTS SEVEN,0.6832,0.0362,0.2806
HEARTS SIX DIAMONDS EIGHT,0.625,0.0108,0.3642
DIAMONDS EIGHT HEARTS NINE,0.591,0.0114,0.3976
CLUBS TEN CLUBS TWO,0.6438,0.0114,0.3448
DIAMONDS EIGHT HEARTS EIGHT,0.3402,0.0198,0.64
CLUBS TWO CLUBS JACK,0.6436,0.0138,0.3426
CLUBS NINE DIAMONDS EIGHT,0.5812,0.0108,0.408
CLUBS EIGHT DIAMONDS EIGHT,0.336,0.0222,0.6418
CLUBS FIVE DIAMONDS EIGHT,0.633,0.0102,0.3568
SPADES ACE SPADES THREE,0.402,0.0066,0.5914
CLUBS FOUR DIAMONDS EIGHT,0.6428,0.013,0.3442
SPADES QUEEN SPADES THREE,0.475,0.2646,0.2604
CLUBS SIX DIAMONDS EIGHT,0.6074,0.0128,0.3798
SPADES KING SPADES THREE,0.4158,0.008,0.5762
DIAMONDS QUEEN DIAMONDS EIGHT,0.256,0.209,0.535
HEARTS TWO DIAMONDS EIGHT,0.6528,0.0124,0.3348
DIAMONDS KING DIAMONDS EIGHT,0.3716,0.0064,0.622
HEARTS THREE DIAMONDS EIGHT,0.647,0.013,0.34
DIAMONDS ACE DIAMONDS EIGHT,0.3746,0.004,0.6214
HEARTS FOUR DIAMONDS EIGHT,0.649,0.01,0.341
HEARTS FIVE DIAMONDS EIGHT,0.6288,0.0076,0.3636
DIAMONDS EIGHT DIAMONDS TEN,0.5508,0.0122,0.437
DIAMONDS EIGHT DIAMONDS JACK,0.5708,0.0112,0.418
SPADES JACK SPADES THREE,0.6092,0.0122,0.3786
SPADES TEN SPADES THREE,0.628,0.0114,0.3606
CLUBS FOUR HEARTS ACE,0.4316,0.0058,0.5626
CLUBS FOUR HEARTS QUEEN,0.498,0.283,0.219
CLUBS FOUR HEARTS KING,0.4286,0.0066,0.5648
CLUBS SIX HEARTS TEN,0.6326,0.011,0.3564
CLUBS SIX HEARTS JACK,0.6382,0.0112,0.3506
DIAMONDS EIGHT SPADES FOUR,0.646,0.0156,0.3384
SPADES FIVE DIAMONDS EIGHT,0.6246,0.0098,0.3656
DIAMONDS EIGHT SPADES TWO,0.6468,0.0138,0.3394
DIAMONDS EIGHT SPADES THREE,0.655,0.0122,0.3328
CLUBS FOUR HEARTS JACK,0.6446,0.0118,0.3436
SPADES EIGHT DIAMONDS EIGHT,0.343,0.022,0.635
SPADES TEN DIAMONDS QUEEN,0.2716,0.1088,0.6196
SPADES TEN HEARTS TWO,0.6538,0.0106,0.3356
SPADES JACK HEARTS EIGHT,0.6014,0.0096,0.389
CLUBS FOUR HEARTS TEN,0.6504,0.0096,0.34
SPADES NINE DIAMONDS EIGHT,0.5858,0.0116,0.4026
SPADES TEN HEARTS EIGHT,0.5852,0.0118,0.403
SPADES JACK HEARTS TWO,0.6512,0.0096,0.3392
SPADES JACK DIAMONDS QUEEN,0.2818,0.0964,0.6218
SPADES SIX DIAMONDS EIGHT,0.637,0.0132,0.3498
SPADES SEVEN DIAMONDS EIGHT,0.6916,0.0376,0.2708
SPADES ACE HEARTS TWO,0.4424,0.0044,0.5532
SPADES ACE DIAMONDS QUEEN,0.2804,0.0164,0.7032
SPADES ACE HEARTS EIGHT,0.3944,0.0028,0.6028
SPADES KING HEARTS EIGHT,0.4062,0.0058,0.588
SPADES QUEEN HEARTS TWO,0.4962,0.288,0.2158
SPADES QUEEN DIAMONDS QUEEN,0.136,0.0232,0.8408
SPADES KING DIAMONDS QUEEN,0.2728,0.0244,0.7028
SPADES KING HEARTS TWO,0.4464,0.01,0.5436
SPADES QUEEN HEARTS EIGHT,0.2834,0.1992,0.5174
CLUBS TWO HEARTS TEN,0.6424,0.0136,0.344
CLUBS TWO HEARTS JACK,0.6478,0.0118,0.3404
SPADES SEVEN DIAMONDS NINE,0.6974,0.0394,0.2632
SPADES SIX DIAMONDS NINE,0.6326,0.0126,0.3548
SPADES NINE DIAMONDS NINE,0.3282,0.0164,0.6554
SPADES EIGHT DIAMONDS NINE,0.5968,0.0098,0.3934
SPADES TEN CLUBS KING,0.3702,0.0052,0.6246
DIAMONDS NINE SPADES THREE,0.6528,0.0134,0.3338
SPADES JACK CLUBS KING,0.3766,0.0082,0.6152
DIAMONDS NINE SPADES TWO,0.6524,0.0088,0.3388
DIAMONDS NINE SPADES FIVE,0.6338,0.0124,0.3538
DIAMONDS NINE SPADES FOUR,0.649,0.0086,0.3424
CLUBS NINE DIAMONDS NINE,0.329,0.0172,0.6538
CLUBS EIGHT DIAMONDS NINE,0.5726,0.0112,0.4162
CLUBS SIX DIAMONDS NINE,0.625,0.0122,0.3628
SPADES JACK CLUBS FOUR,0.623,0.0124,0.3646
SPADES TEN CLUBS FOUR,0.6442,0.0122,0.3436
CLUBS FOUR DIAMONDS NINE,0.6338,0.0124,0.3538
CLUBS FIVE DIAMONDS NINE,0.6222,0.0088,0.369
CLUBS TWO DIAMONDS NINE,0.6546,0.0108,0.3346
CLUBS THREE DIAMONDS NINE,0.6452,0.0128,0.342
DIAMONDS NINE HEARTS EIGHT,0.5756,0.0128,0.4116
DIAMONDS NINE HEARTS NINE,0.349,0.0168,0.6342
HEARTS SIX DIAMONDS NINE,0.6314,0.0114,0.3572
DIAMONDS NINE HEARTS SEVEN,0.6998,0.0362,0.264
CLUBS NINE CLUBS EIGHT,0.5762,0.0132,0.4106
DIAMONDS ACE DIAMONDS NINE,0.366,0.0046,0.6294
HEARTS FOUR DIAMONDS NINE,0.6668,0.0116,0.3216
HEARTS FIVE DIAMONDS NINE,0.6318,0.0126,0.3556
CLUBS TWO HEARTS ACE,0.4196,0.0074,0.573
SPADES ACE CLUBS FOUR,0.4142,0.0048,0.581
DIAMONDS QUEEN DIAMONDS NINE,0.2676,0.153,0.5794
HEARTS TWO DIAMONDS NINE,0.6564,0.0102,0.3334
CLUBS TWO HEARTS KING,0.4418,0.0086,0.5496
SPADES KING CLUBS FOUR,0.4214,0.009,0.5696
DIAMONDS KING DIAMONDS NINE,0.3744,0.0074,0.6182
HEARTS THREE DIAMONDS NINE,0.6624,0.013,0.3246
CLUBS TWO HEARTS QUEEN,0.509,0.2896,0.2014
SPADES QUEEN CLUBS FOUR,0.492,0.2926,0.2154
DIAMONDS NINE DIAMONDS JACK,0.5562,0.0112,0.4326
CLUBS EIGHT SPADES NINE,0.5762,0.0114,0.4124
DIAMONDS NINE DIAMONDS TEN,0.555,0.0084,0.4366
CLUBS EIGHT SPADES EIGHT,0.3368,0.0214,0.6418
CLUBS EIGHT SPADES SEVEN,0.6786,0.0394,0.282
CLUBS EIGHT SPADES SIX,0.6062,0.011,0.3828
CLUBS EIGHT SPADES FIVE,0.6114,0.0108,0.3778
CLUBS EIGHT SPADES FOUR,0.6362,0.0106,0.3532
CLUBS EIGHT SPADES THREE,0.635,0.0122,0.3528
CLUBS EIGHT SPADES TWO,0.6506,0.013,0.3364
HEARTS SIX DIAMONDS TEN,0.6366,0.0074,0.356
DIAMONDS TEN HEARTS SEVEN,0.7026,0.0446,0.2528
DIAMONDS TEN HEARTS EIGHT,0.5886,0.0128,0.3986
CLUBS FOUR CLUBS JACK,0.6444,0.013,0.3426
DIAMONDS TEN HEARTS NINE,0.5678,0.0088,0.4234
CLUBS TEN CLUBS FOUR,0.635,0.0118,0.3532
CLUBS FOUR CLUBS KING,0.3744,0.0086,0.617
CLUBS TWO DIAMONDS TEN,0.6484,0.0122,0.3394
CLUBS THREE DIAMONDS TEN,0.6524,0.0112,0.3364
CLUBS FOUR CLUBS ACE,0.382,0.0072,0.6108
DIAMONDS JACK DIAMONDS TEN,0.5446,0.0098,0.4456
DIAMONDS QUEEN DIAMONDS TEN,0.2596,0.1082,0.6322
HEARTS TWO DIAMONDS TEN,0.6536,0.0114,0.335
DIAMONDS KING DIAMONDS TEN,0.3504,0.0062,0.6434
HEARTS THREE DIAMONDS TEN,0.6558,0.0116,0.3326
DIAMONDS ACE DIAMONDS TEN,0.369,0.003,0.628
HEARTS FOUR DIAMONDS TEN,0.6552,0.0092,0.3356
CLUBS EIGHT HEARTS JACK,0.6008,0.0098,0.3894
HEARTS FIVE DIAMONDS TEN,0.6472,0.0086,0.3442
CLUBS EIGHT HEARTS TEN,0.5852,0.0114,0.4034
CLUBS EIGHT HEARTS QUEEN,0.276,0.2024,0.5216
CLUBS EIGHT HEARTS KING,0.393,0.006,0.601
CLUBS EIGHT HEARTS ACE,0.4034,0.0042,0.5924
CLUBS NINE SPADES THREE,0.6516,0.012,0.3364
CLUBS NINE SPADES TWO,0.645,0.0128,0.3422
CLUBS NINE SPADES FIVE,0.6286,0.0116,0.3598
CLUBS NINE SPADES FOUR,0.6402,0.012,0.3478
CLUBS NINE SPADES SEVEN,0.6882,0.0402,0.2716
CLUBS NINE SPADES SIX,0.63,0.0138,0.3562
CLUBS NINE SPADES NINE,0.3234,0.0158,0.6608
CLUBS TEN HEARTS EIGHT,0.583,0.0132,0.4038
CLUBS NINE SPADES EIGHT,0.582,0.0122,0.4058
CLUBS JACK HEARTS EIGHT,0.6002,0.0112,0.3886
CLUBS KING HEARTS EIGHT,0.388,0.0072,0.6048
CLUBS ACE HEARTS EIGHT,0.3748,0.0024,0.6228
SPADES KING CLUBS KING,0.1666,0.0034,0.83
SPADES QUEEN CLUBS KING,0.2648,0.0294,0.7058
SPADES ACE CLUBS KING,0.3628,0.0054,0.6318
DIAMONDS ACE HEARTS TEN,0.3828,0.0044,0.6128
HEARTS FOUR HEARTS TEN,0.6104,0.0092,0.3804
DIAMONDS ACE HEARTS JACK,0.3926,0.0046,0.6028
HEARTS FOUR HEARTS JACK,0.6196,0.012,0.3684
SPADES KING CLUBS FIVE,0.4334,0.0062,0.5604
SPADES QUEEN CLUBS FIVE,0.4878,0.2982,0.214
SPADES ACE CLUBS FIVE,0.4284,0.0048,0.5668
DIAMONDS JACK HEARTS SEVEN,0.7198,0.0376,0.2426
HEARTS SIX DIAMONDS JACK,0.6476,0.0088,0.3436
DIAMONDS JACK HEARTS NINE,0.5944,0.0074,0.3982
DIAMONDS JACK HEARTS EIGHT,0.601,0.0092,0.3898
DIAMONDS KING DIAMONDS JACK,0.3614,0.0066,0.632
HEARTS THREE DIAMONDS JACK,0.6568,0.0094,0.3338
SPADES ACE SPADES SIX,0.4126,0.0044,0.583
HEARTS ACE SPADES FOUR,0.4248,0.003,0.5722
DIAMONDS QUEEN DIAMONDS JACK,0.2596,0.0808,0.6596
HEARTS TWO DIAMONDS JACK,0.6566,0.0106,0.3328
HEARTS FIVE DIAMONDS JACK,0.6504,0.0114,0.3382
SPADES QUEEN SPADES SIX,0.4574,0.281,0.2616
SPADES FOUR HEARTS QUEEN,0.4912,0.2804,0.2284
DIAMONDS ACE DIAMONDS JACK,0.3608,0.0044,0.6348
HEARTS FOUR DIAMONDS JACK,0.6512,0.0112,0.3376
SPADES KING SPADES SIX,0.3922,0.0072,0.6006
HEARTS KING SPADES FOUR,0.4202,0.0068,0.573
SPADES TEN SPADES SIX,0.5942,0.0082,0.3976
SPADES JACK SPADES SIX,0.606,0.011,0.383
SPADES FOUR DIAMONDS JACK,0.6404,0.011,0.3486
SPADES FIVE DIAMONDS JACK,0.6492,0.011,0.3398
DIAMONDS JACK SPADES TWO,0.6458,0.0126,0.3416
DIAMONDS JACK SPADES THREE,0.6376,0.0128,0.3496
SPADES ACE DIAMONDS THREE,0.4316,0.0046,0.5638
SPADES QUEEN DIAMONDS THREE,0.4964,0.2922,0.2114
CLUBS EIGHT DIAMONDS JACK,0.6034,0.0104,0.3862
SPADES KING DIAMONDS THREE,0.435,0.0068,0.5582
CLUBS NINE DIAMONDS JACK,0.5916,0.012,0.3964
CLUBS SIX DIAMONDS JACK,0.662,0.0106,0.3274
CLUBS FOUR DIAMONDS JACK,0.6422,0.011,0.3468
CLUBS FIVE DIAMONDS JACK,0.6286,0.0078,0.3636
CLUBS TWO DIAMONDS JACK,0.6398,0.0096,0.3506
CLUBS THREE DIAMONDS JACK,0.6454,0.0122,0.3424
SPADES TEN CLUBS FIVE,0.6536,0.0124,0.334
HEARTS SIX SPADES JACK,0.6514,0.0112,0.3374
HEARTS SIX SPADES TEN,0.6392,0.0128,0.348
SPADES JACK CLUBS FIVE,0.6326,0.0108,0.3566
SPADES JACK DIAMONDS THREE,0.6344,0.0114,0.3542
DIAMONDS THREE SPADES TEN,0.6468,0.0118,0.3414
SPADES NINE DIAMONDS JACK,0.588,0.0092,0.4028
DIAMONDS ACE HEARTS ACE,0.1678,0.004,0.8282
HEARTS FOUR HEARTS ACE,0.4086,0.0056,0.5858
SPADES EIGHT DIAMONDS JACK,0.6154,0.0072,0.3774
SPADES ACE HEARTS SIX,0.4238,0.0038,0.5724
DIAMONDS ACE HEARTS KING,0.3782,0.0034,0.6184
HEARTS FOUR HEARTS KING,0.4074,0.011,0.5816
SPADES SEVEN DIAMONDS JACK,0.7258,0.0388,0.2354
SPADES KING HEARTS SIX,0.423,0.0074,0.5696
DIAMONDS ACE HEARTS QUEEN,0.2758,0.013,0.7112
HEARTS FOUR HEARTS QUEEN,0.4686,0.2716,0.2598
SPADES QUEEN HEARTS SIX,0.5126,0.2814,0.206
SPADES SIX DIAMONDS JACK,0.6558,0.0086,0.3356
DIAMONDS TEN SPADES TWO,0.6562,0.0126,0.3312
SPADES THREE DIAMONDS TEN,0.647,0.0112,0.3418
SPADES FOUR DIAMONDS TEN,0.6416,0.0142,0.3442
SPADES FIVE DIAMONDS TEN,0.655,0.0102,0.3348
SPADES SIX DIAMONDS TEN,0.6406,0.0086,0.3508
SPADES SEVEN DIAMONDS TEN,0.7034,0.0366,0.26
SPADES EIGHT DIAMONDS TEN,0.582,0.0084,0.4096
SPADES NINE DIAMONDS TEN,0.5848,0.0112,0.404
CLUBS FOUR DIAMONDS TEN,0.6348,0.0152,0.35
CLUBS FIVE DIAMONDS TEN,0.6384,0.0088,0.3528
CLUBS SIX DIAMONDS TEN,0.6436,0.0096,0.3468
CLUBS EIGHT DIAMONDS TEN,0.587,0.0098,0.4032
CLUBS NINE DIAMONDS TEN,0.5626,0.011,0.4264
DIAMONDS THREE CLUBS JACK,0.6428,0.009,0.3482
CLUBS TEN DIAMONDS THREE,0.64,0.0112,0.3488
DIAMONDS THREE CLUBS KING,0.4314,0.0082,0.5604
DIAMONDS THREE CLUBS ACE,0.4108,0.0054,0.5838
SPADES FOUR HEARTS JACK,0.6552,0.0122,0.3326
SPADES FOUR HEARTS TEN,0.639,0.0122,0.3488
SPADES FIVE SPADES TWO,0.6184,0.0128,0.3688
SPADES FOUR SPADES TWO,0.6216,0.013,0.3654
SPADES THREE SPADES TWO,0.6156,0.011,0.3734
SPADES NINE SPADES TWO,0.611,0.0096,0.3794
SPADES EIGHT SPADES TWO,0.6084,0.0132,0.3784
SPADES SEVEN SPADES TWO,0.7,0.049,0.251
SPADES SIX SPADES TWO,0.6466,0.0132,0.3402
DIAMONDS QUEEN CLUBS THREE,0.4914,0.3032,0.2054
HEARTS TWO CLUBS THREE,0.6596,0.014,0.3264
DIAMONDS QUEEN CLUBS TWO,0.4906,0.294,0.2154
CLUBS TWO HEARTS TWO,0.4654,0.0286,0.506
DIAMONDS QUEEN HEARTS SEVEN,0.0754,0.9058,0.0188
HEARTS TWO HEARTS SEVEN,0.7032,0.0446,0.2522
HEARTS SIX DIAMONDS QUEEN,0.4948,0.2912,0.214
HEARTS SIX HEARTS TWO,0.6344,0.0116,0.354
DIAMONDS QUEEN HEARTS NINE,0.2676,0.1528,0.5796
HEARTS TWO HEARTS NINE,0.619,0.013,0.368
DIAMONDS QUEEN HEARTS EIGHT,0.2802,0.2,0.5198
HEARTS TWO HEARTS EIGHT,0.602,0.0116,0.3864
CLUBS NINE HEARTS TWO,0.664,0.008,0.328
CLUBS NINE DIAMONDS QUEEN,0.2598,0.1628,0.5774
CLUBS EIGHT HEARTS TWO,0.6544,0.0118,0.3338
CLUBS EIGHT DIAMONDS QUEEN,0.2596,0.2196,0.5208
CLUBS FIVE DIAMONDS QUEEN,0.4936,0.2828,0.2236
CLUBS FIVE HEARTS TWO,0.6488,0.0158,0.3354
SPADES EIGHT HEARTS ACE,0.3916,0.0036,0.6048
CLUBS FOUR DIAMONDS QUEEN,0.4922,0.2936,0.2142
CLUBS FOUR HEARTS TWO,0.672,0.0136,0.3144
SPADES EIGHT HEARTS QUEEN,0.2774,0.2164,0.5062
CLUBS SIX DIAMONDS QUEEN,0.489,0.2938,0.2172
CLUBS SIX HEARTS TWO,0.6786,0.0116,0.3098
SPADES EIGHT HEARTS KING,0.3958,0.0072,0.597
HEARTS TWO SPADES SIX,0.6712,0.013,0.3158
DIAMONDS QUEEN SPADES SIX,0.4886,0.2994,0.212
DIAMONDS QUEEN SPADES SEVEN,0.0744,0.9066,0.019
HEARTS TWO SPADES SEVEN,0.7406,0.0438,0.2156
HEARTS FOUR CLUBS KING,0.4294,0.0058,0.5648
DIAMONDS ACE CLUBS KING,0.354,0.0042,0.6418
DIAMONDS QUEEN SPADES EIGHT,0.2762,0.2208,0.503
SPADES EIGHT HEARTS TWO,0.665,0.0122,0.3228
HEARTS FOUR CLUBS ACE,0.418,0.0068,0.5752
DIAMONDS ACE CLUBS ACE,0.1578,0.0042,0.838
SPADES NINE DIAMONDS QUEEN,0.2768,0.1654,0.5578
SPADES NINE HEARTS TWO,0.6644,0.0124,0.3232
HEARTS TWO SPADES TWO,0.4692,0.0308,0.5
DIAMONDS QUEEN SPADES TWO,0.5084,0.2752,0.2164
HEARTS TWO SPADES THREE,0.6622,0.015,0.3228
DIAMONDS QUEEN SPADES THREE,0.5004,0.2906,0.209
HEARTS TWO SPADES FOUR,0.6566,0.011,0.3324
DIAMONDS QUEEN SPADES FOUR,0.5106,0.2812,0.2082
HEARTS FOUR CLUBS TEN,0.6378,0.0112,0.351
CLUBS TEN DIAMONDS ACE,0.376,0.0058,0.6182
HEARTS TWO SPADES FIVE,0.6598,0.0158,0.3244
DIAMONDS QUEEN SPADES FIVE,0.4998,0.277,0.2232
HEARTS FOUR CLUBS JACK,0.6402,0.0104,0.3494
DIAMONDS ACE CLUBS JACK,0.3862,0.0056,0.6082
CLUBS FIVE CLUBS KING,0.3808,0.008,0.6112
CLUBS FIVE CLUBS ACE,0.3636,0.006,0.6304
CLUBS FIVE CLUBS JACK,0.6364,0.0172,0.3464
CLUBS TEN CLUBS FIVE,0.6444,0.013,0.3426
SPADES KING CLUBS JACK,0.3786,0.008,0.6134
SPADES QUEEN CLUBS JACK,0.2596,0.086,0.6544
SPADES ACE CLUBS JACK,0.381,0.0056,0.6134
SPADES SIX CLUBS KING,0.418,0.0056,0.5764
SPADES EIGHT HEARTS JACK,0.6176,0.0086,0.3738
SPADES SIX CLUBS ACE,0.4256,0.0048,0.5696
SPADES EIGHT HEARTS TEN,0.5892,0.0122,0.3986
SPADES SIX CLUBS JACK,0.6538,0.0124,0.3338
CLUBS TEN SPADES SIX,0.646,0.0114,0.3426
SPADES TEN CLUBS JACK,0.575,0.0082,0.4168
SPADES JACK CLUBS JACK,0.3244,0.0088,0.6668
SPADES SIX HEARTS TEN,0.651,0.0092,0.3398
SPADES SIX HEARTS JACK,0.6568,0.009,0.3342
SPADES SIX HEARTS ACE,0.4362,0.006,0.5578
SPADES SIX HEARTS KING,0.438,0.0052,0.5568
SPADES SIX HEARTS QUEEN,0.501,0.2906,0.2084
CLUBS TEN HEARTS SIX,0.6336,0.012,0.3544
HEARTS SIX CLUBS JACK,0.6524,0.0104,0.3372
CLUBS ACE CLUBS JACK,0.3436,0.0046,0.6518
HEARTS SIX CLUBS KING,0.4284,0.0072,0.5644
HEARTS SIX CLUBS ACE,0.4124,0.006,0.5816
CLUBS KING CLUBS JACK,0.3154,0.0084,0.6762
DIAMONDS THREE HEARTS ACE,0.4304,0.005,0.5646
DIAMONDS THREE HEARTS QUEEN,0.5108,0.2762,0.213
DIAMONDS THREE HEARTS KING,0.428,0.0084,0.5636
CLUBS FIVE HEARTS JACK,0.6454,0.0132,0.3414
SPADES TEN DIAMONDS ACE,0.385,0.0026,0.6124
HEARTS FOUR SPADES TEN,0.6462,0.0096,0.3442
CLUBS FIVE HEARTS TEN,0.6348,0.0108,0.3544
HEARTS FOUR SPADES JACK,0.6464,0.0102,0.3434
SPADES JACK DIAMONDS ACE,0.387,0.003,0.61
SPADES ACE HEARTS FOUR,0.4416,0.0038,0.5546
SPADES ACE DIAMONDS ACE,0.1656,0.0032,0.8312
CLUBS FIVE HEARTS ACE,0.4114,0.0066,0.582
CLUBS FIVE HEARTS KING,0.4144,0.006,0.5796
HEARTS FOUR SPADES QUEEN,0.4868,0.2924,0.2208
SPADES QUEEN DIAMONDS ACE,0.285,0.0142,0.7008
SPADES FOUR CLUBS JACK,0.6294,0.0126,0.358
CLUBS FIVE HEARTS QUEEN,0.4986,0.2888,0.2126
SPADES KING DIAMONDS ACE,0.3614,0.0048,0.6338
HEARTS FOUR SPADES KING,0.4334,0.0076,0.559
CLUBS TEN SPADES FOUR,0.6396,0.0126,0.3478
DIAMONDS QUEEN DIAMONDS ACE,0.2732,0.0134,0.7134
HEARTS TWO DIAMONDS ACE,0.433,0.0064,0.5606
HEARTS FOUR DIAMONDS QUEEN,0.4982,0.2876,0.2142
HEARTS FOUR HEARTS TWO,0.6216,0.0152,0.3632
DIAMONDS THREE HEARTS TEN,0.6516,0.0138,0.3346
SPADES FOUR CLUBS KING,0.419,0.0104,0.5706
HEARTS FIVE DIAMONDS QUEEN,0.4958,0.2872,0.217
HEARTS FIVE HEARTS TWO,0.6244,0.0124,0.3632
DIAMONDS THREE HEARTS JACK,0.6436,0.0104,0.346
DIAMONDS QUEEN HEARTS TWO,0.5044,0.2822,0.2134
DIAMONDS KING DIAMONDS QUEEN,0.2704,0.03,0.6996
DIAMONDS KING HEARTS TWO,0.4494,0.0066,0.544
HEARTS THREE DIAMONDS QUEEN,0.5002,0.2866,0.2132
HEARTS THREE HEARTS TWO,0.6138,0.0158,0.3704
SPADES FOUR CLUBS ACE,0.4312,0.0028,0.566
HEARTS TWO CLUBS ACE,0.4166,0.005,0.5784
DIAMONDS QUEEN CLUBS ACE,0.2616,0.0144,0.724
HEARTS TWO CLUBS KING,0.4262,0.0074,0.5664
DIAMONDS QUEEN CLUBS KING,0.2596,0.028,0.7124
SPADES EIGHT SPADES FIVE,0.585,0.0124,0.4026
CLUBS TEN HEARTS TWO,0.657,0.0106,0.3324
CLUBS TEN DIAMONDS QUEEN,0.2496,0.1174,0.633
SPADES NINE SPADES FIVE,0.6004,0.0102,0.3894
HEARTS TWO CLUBS JACK,0.6474,0.0098,0.3428
DIAMONDS QUEEN CLUBS JACK,0.2632,0.0826,0.6542
SPADES SIX SPADES FIVE,0.5976,0.0118,0.3906
SPADES SEVEN SPADES FIVE,0.655,0.0458,0.2992
SPADES EIGHT CLUBS ACE,0.3884,0.0056,0.606
DIAMONDS FIVE CLUBS KING,0.4186,0.0072,0.5742
SPADES EIGHT CLUBS KING,0.3656,0.0062,0.6282
DIAMONDS FIVE CLUBS ACE,0.4204,0.0048,0.5748
SPADES EIGHT CLUBS JACK,0.5946,0.01,0.3954
CLUBS TEN SPADES EIGHT,0.5998,0.013,0.3872
CLUBS TEN DIAMONDS FIVE,0.6374,0.0126,0.35
DIAMONDS FIVE CLUBS JACK,0.6252,0.0122,0.3626
HEARTS JACK DIAMONDS TEN,0.5706,0.0076,0.4218
DIAMONDS TEN HEARTS TEN,0.3158,0.0116,0.6726
SPADES ACE CLUBS NINE,0.372,0.0044,0.6236
CLUBS NINE SPADES QUEEN,0.2668,0.1586,0.5746
CLUBS NINE SPADES KING,0.3972,0.0072,0.5956
HEARTS SIX HEARTS KING,0.405,0.0074,0.5876
DIAMONDS KING SPADES SEVEN,0.2946,0.0344,0.671
HEARTS THREE SPADES SEVEN,0.7142,0.0508,0.235
SPADES KING DIAMONDS SEVEN,0.2914,0.0348,0.6738
HEARTS SIX HEARTS QUEEN,0.472,0.2772,0.2508
SPADES QUEEN DIAMONDS SEVEN,0.0742,0.902,0.0238
HEARTS THREE SPADES SIX,0.6714,0.012,0.3166
DIAMONDS KING SPADES SIX,0.4156,0.0068,0.5776
DIAMONDS KING SPADES NINE,0.389,0.0066,0.6044
HEARTS THREE SPADES NINE,0.6484,0.0106,0.341
HEARTS SIX HEARTS ACE,0.4034,0.0036,0.593
DIAMONDS KING SPADES EIGHT,0.3912,0.0064,0.6024
HEARTS THREE SPADES EIGHT,0.6566,0.009,0.3344
SPADES ACE DIAMONDS SEVEN,0.284,0.0238,0.6922
CLUBS NINE HEARTS THREE,0.643,0.012,0.345
CLUBS NINE DIAMONDS KING,0.3926,0.0074,0.6
HEARTS THREE CLUBS EIGHT,0.6528,0.0116,0.3356
CLUBS EIGHT DIAMONDS KING,0.406,0.0082,0.5858
HEARTS THREE SPADES THREE,0.465,0.0264,0.5086
DIAMONDS KING SPADES THREE,0.438,0.006,0.556
HEARTS THREE SPADES TWO,0.6576,0.0142,0.3282
