opposingHand,winningChance,drawChance,lostChance
CLUBS SIX SPADES FIVE
HEARTS FIVE SPADES TEN,0.2816,0.0706,0.6478
SPADES JACK HEARTS FIVE,0.2778,0.0616,0.6606
CLUBS EIGHT CLUBS JACK,0.349,0.0198,0.6312
CLUBS TEN CLUBS EIGHT,0.3338,0.027,0.6392
CLUBS EIGHT CLUBS KING,0.357,0.0096,0.6334
CLUBS EIGHT CLUBS QUEEN,0.3472,0.014,0.6388
CLUBS EIGHT CLUBS ACE,0.3622,0.0058,0.632
DIAMONDS TWO DIAMONDS THREE,0.4934,0.146,0.3606
DIAMONDS TWO DIAMONDS FIVE,0.4596,0.2566,0.2838
SPADES KING HEARTS FIVE,0.2838,0.0334,0.6828
DIAMONDS TWO DIAMONDS FOUR,0.5126,0.1388,0.3486
SPADES QUEEN HEARTS FIVE,0.2904,0.043,0.6666
DIAMONDS TWO DIAMONDS SEVEN,0.4056,0.091,0.5034
DIAMONDS TWO DIAMONDS SIX,0.3266,0.4166,0.2568
SPADES ACE HEARTS FIVE,0.2634,0.0228,0.7138
DIAMONDS TWO DIAMONDS NINE,0.404,0.0442,0.5518
DIAMONDS TWO DIAMONDS EIGHT,0.4002,0.0578,0.542
DIAMONDS THREE DIAMONDS FOUR,0.497,0.1492,0.3538
CLUBS TWO SPADES FOUR,0.5466,0.1658,0.2876
DIAMONDS THREE DIAMONDS FIVE,0.471,0.2528,0.2762
CLUBS TWO SPADES TWO,0.3742,0.1402,0.4856
CLUBS TWO SPADES THREE,0.5406,0.1554,0.304
DIAMONDS THREE DIAMONDS EIGHT,0.4036,0.0678,0.5286
SPADES EIGHT CLUBS TWO,0.434,0.0698,0.4962
DIAMONDS THREE DIAMONDS NINE,0.3988,0.042,0.5592
SPADES NINE CLUBS TWO,0.4282,0.0396,0.5322
DIAMONDS THREE DIAMONDS SIX,0.3262,0.4296,0.2442
CLUBS TWO SPADES SIX,0.3326,0.4618,0.2056
DIAMONDS THREE DIAMONDS SEVEN,0.3954,0.0932,0.5114
CLUBS TWO SPADES SEVEN,0.4368,0.104,0.4592
CLUBS SEVEN CLUBS TWO,0.4256,0.0982,0.4762
CLUBS FOUR CLUBS TWO,0.5132,0.1442,0.3426
CLUBS FIVE CLUBS TWO,0.4636,0.2578,0.2786
CLUBS TEN CLUBS JACK,0.3402,0.0126,0.6472
DIAMONDS FOUR DIAMONDS SIX,0.3118,0.4256,0.2626
CLUBS TEN CLUBS QUEEN,0.3436,0.011,0.6454
DIAMONDS FOUR DIAMONDS SEVEN,0.39,0.0908,0.5192
CLUBS TEN CLUBS KING,0.354,0.007,0.639
CLUBS TEN CLUBS ACE,0.3578,0.0058,0.6364
CLUBS EIGHT CLUBS TWO,0.4084,0.0646,0.527
DIAMONDS FIVE DIAMONDS FOUR,0.4698,0.2568,0.2734
CLUBS NINE CLUBS TWO,0.4104,0.046,0.5436
DIAMONDS NINE DIAMONDS FOUR,0.3854,0.0466,0.568
DIAMONDS EIGHT DIAMONDS FOUR,0.3856,0.0662,0.5482
CLUBS TWO CLUBS THREE,0.52,0.1402,0.3398
DIAMONDS NINE DIAMONDS FIVE,0.2712,0.1022,0.6266
DIAMONDS TWO CLUBS JACK,0.4312,0.0192,0.5496
DIAMONDS EIGHT DIAMONDS FIVE,0.2488,0.14,0.6112
CLUBS TEN DIAMONDS TWO,0.4206,0.0312,0.5482
DIAMONDS FIVE DIAMONDS SEVEN,0.2218,0.1872,0.591
DIAMONDS FIVE DIAMONDS SIX,0.0224,0.9064,0.0712
DIAMONDS TWO CLUBS ACE,0.4168,0.0062,0.577
DIAMONDS TWO CLUBS KING,0.426,0.0082,0.5658
DIAMONDS TWO CLUBS QUEEN,0.4242,0.015,0.5608
DIAMONDS EIGHT DIAMONDS SIX,0.2416,0.1368,0.6216
DIAMONDS NINE DIAMONDS SIX,0.2652,0.0982,0.6366
HEARTS ACE SPADES THREE,0.416,0.0026,0.5814
HEARTS KING SPADES THREE,0.4236,0.0098,0.5666
DIAMONDS SEVEN DIAMONDS SIX,0.2384,0.1906,0.571
SPADES THREE HEARTS QUEEN,0.4222,0.0152,0.5626
SPADES THREE HEARTS JACK,0.4344,0.0188,0.5468
SPADES THREE HEARTS TEN,0.424,0.0328,0.5432
DIAMONDS EIGHT DIAMONDS SEVEN,0.3164,0.0626,0.621
DIAMONDS NINE DIAMONDS SEVEN,0.3244,0.0392,0.6364
DIAMONDS NINE DIAMONDS EIGHT,0.3286,0.0346,0.6368
DIAMONDS KING HEARTS TEN,0.3696,0.0058,0.6246
HEARTS THREE HEARTS TEN,0.4058,0.0292,0.565
DIAMONDS KING HEARTS JACK,0.357,0.0048,0.6382
HEARTS THREE HEARTS JACK,0.3962,0.0162,0.5876
DIAMONDS KING HEARTS ACE,0.3832,0.0048,0.612
HEARTS THREE HEARTS ACE,0.3842,0.0058,0.61
DIAMONDS KING HEARTS QUEEN,0.3666,0.0062,0.6272
HEARTS THREE HEARTS QUEEN,0.3982,0.013,0.5888
DIAMONDS KING HEARTS KING,0.1818,0.019,0.7992
HEARTS THREE HEARTS KING,0.4086,0.0068,0.5846
SPADES NINE HEARTS TEN,0.354,0.0256,0.6204
SPADES NINE HEARTS JACK,0.3672,0.0148,0.618
SPADES NINE HEARTS QUEEN,0.3566,0.0144,0.629
SPADES NINE HEARTS KING,0.3738,0.0074,0.6188
SPADES NINE HEARTS ACE,0.3786,0.005,0.6164
CLUBS TEN SPADES JACK,0.3362,0.0168,0.647
CLUBS TEN SPADES TEN,0.174,0.0676,0.7584
SPADES ACE CLUBS TEN,0.3528,0.005,0.6422
SPADES KING CLUBS TEN,0.3482,0.0072,0.6446
CLUBS TEN SPADES QUEEN,0.3612,0.0104,0.6284
CLUBS EIGHT SPADES TEN,0.347,0.0304,0.6226
HEARTS THREE SPADES JACK,0.4302,0.018,0.5518
SPADES JACK DIAMONDS KING,0.3716,0.0064,0.622
SPADES TEN DIAMONDS KING,0.3612,0.0056,0.6332
HEARTS THREE SPADES TEN,0.4374,0.0314,0.5312
SPADES JACK CLUBS EIGHT,0.3594,0.018,0.6226
SPADES ACE CLUBS EIGHT,0.3508,0.004,0.6452
HEARTS FIVE CLUBS JACK,0.278,0.0612,0.6608
CLUBS TEN HEARTS FIVE,0.2874,0.069,0.6436
SPADES QUEEN CLUBS EIGHT,0.3548,0.012,0.6332
CLUBS TEN SPADES THREE,0.4276,0.0274,0.545
SPADES KING CLUBS EIGHT,0.3636,0.0108,0.6256
SPADES THREE CLUBS JACK,0.4294,0.0188,0.5518
DIAMONDS TWO HEARTS JACK,0.4378,0.02,0.5422
SPADES THREE CLUBS QUEEN,0.4184,0.0126,0.569
DIAMONDS TWO HEARTS TEN,0.4362,0.0312,0.5326
SPADES THREE CLUBS KING,0.44,0.0084,0.5516
HEARTS FIVE CLUBS ACE,0.2642,0.0186,0.7172
SPADES THREE CLUBS ACE,0.4044,0.0046,0.591
HEARTS FIVE CLUBS KING,0.2742,0.0308,0.695
HEARTS FIVE CLUBS QUEEN,0.2898,0.0418,0.6684
HEARTS THREE CLUBS KING,0.4122,0.0086,0.5792
DIAMONDS KING CLUBS KING,0.184,0.0166,0.7994
HEARTS THREE CLUBS QUEEN,0.4254,0.0172,0.5574
DIAMONDS KING CLUBS QUEEN,0.3588,0.0054,0.6358
HEARTS FIVE HEARTS JACK,0.2606,0.0572,0.6822
HEARTS FIVE HEARTS TEN,0.2646,0.0736,0.6618
HEARTS THREE CLUBS ACE,0.4158,0.005,0.5792
DIAMONDS KING CLUBS ACE,0.3744,0.0048,0.6208
SPADES ACE CLUBS QUEEN,0.3592,0.005,0.6358
SPADES KING CLUBS QUEEN,0.371,0.0078,0.6212
HEARTS THREE CLUBS JACK,0.4352,0.0168,0.548
DIAMONDS KING CLUBS JACK,0.3694,0.0068,0.6238
SPADES QUEEN CLUBS QUEEN,0.1684,0.0378,0.7938
CLUBS TEN HEARTS THREE,0.4256,0.0328,0.5416
CLUBS TEN DIAMONDS KING,0.3656,0.0074,0.627
SPADES JACK CLUBS QUEEN,0.367,0.0094,0.6236
SPADES TEN CLUBS QUEEN,0.3586,0.0094,0.632
HEARTS FIVE HEARTS KING,0.264,0.0306,0.7054
HEARTS FIVE HEARTS QUEEN,0.2752,0.0406,0.6842
HEARTS FIVE HEARTS ACE,0.248,0.0202,0.7318
SPADES SEVEN HEARTS JACK,0.368,0.0172,0.6148
SPADES SEVEN HEARTS TEN,0.3626,0.0268,0.6106
DIAMONDS TWO CLUBS TWO,0.3868,0.1244,0.4888
DIAMONDS TWO CLUBS THREE,0.5388,0.1526,0.3086
HEARTS SIX DIAMONDS TWO,0.3568,0.4368,0.2064
DIAMONDS TWO HEARTS QUEEN,0.435,0.0128,0.5522
DIAMONDS TWO HEARTS SEVEN,0.4318,0.0988,0.4694
DIAMONDS TWO HEARTS KING,0.4184,0.0108,0.5708
DIAMONDS TWO HEARTS EIGHT,0.4354,0.0682,0.4964
DIAMONDS TWO HEARTS ACE,0.4222,0.0054,0.5724
DIAMONDS TWO HEARTS NINE,0.436,0.0432,0.5208
DIAMONDS TWO DIAMONDS QUEEN,0.4092,0.0142,0.5766
DIAMONDS TWO HEARTS TWO,0.3652,0.1354,0.4994
DIAMONDS TWO DIAMONDS KING,0.4064,0.0066,0.587
HEARTS THREE DIAMONDS TWO,0.5352,0.1536,0.3112
DIAMONDS TWO DIAMONDS ACE,0.3912,0.0044,0.6044
HEARTS FOUR DIAMONDS TWO,0.5378,0.1516,0.3106
DIAMONDS TWO HEARTS FIVE,0.4896,0.256,0.2544
SPADES SEVEN HEARTS ACE,0.3706,0.0052,0.6242
DIAMONDS TWO DIAMONDS TEN,0.4018,0.023,0.5752
SPADES SEVEN HEARTS KING,0.3668,0.0092,0.624
DIAMONDS TWO DIAMONDS JACK,0.3902,0.017,0.5928
SPADES SEVEN HEARTS QUEEN,0.373,0.0098,0.6172
DIAMONDS TWO SPADES NINE,0.4306,0.0432,0.5262
DIAMONDS TWO SPADES EIGHT,0.4274,0.0664,0.5062
DIAMONDS TWO SPADES SEVEN,0.4168,0.1076,0.4756
DIAMONDS TWO SPADES SIX,0.3358,0.4596,0.2046
DIAMONDS TWO SPADES FOUR,0.5318,0.153,0.3152
DIAMONDS TWO SPADES THREE,0.5382,0.1508,0.311
DIAMONDS TWO SPADES TWO,0.3784,0.1342,0.4874
CLUBS NINE DIAMONDS TWO,0.4326,0.0462,0.5212
DIAMONDS TWO CLUBS EIGHT,0.4212,0.072,0.5068
CLUBS SEVEN DIAMONDS TWO,0.4366,0.103,0.4604
DIAMONDS TWO CLUBS FIVE,0.4884,0.2804,0.2312
DIAMONDS TWO CLUBS FOUR,0.5362,0.1524,0.3114
CLUBS FOUR SPADES FOUR,0.3572,0.1388,0.504
CLUBS FOUR SPADES THREE,0.5358,0.1602,0.304
CLUBS FOUR SPADES TWO,0.5394,0.1532,0.3074
CLUBS FOUR SPADES NINE,0.4294,0.0514,0.5192
CLUBS FOUR SPADES EIGHT,0.43,0.0648,0.5052
CLUBS FOUR SPADES SEVEN,0.3958,0.1126,0.4916
CLUBS FOUR SPADES SIX,0.3288,0.4546,0.2166
SPADES ACE DIAMONDS SIX,0.2786,0.0288,0.6926
SPADES QUEEN DIAMONDS SIX,0.2868,0.048,0.6652
SPADES KING DIAMONDS SIX,0.2788,0.037,0.6842
SPADES TEN DIAMONDS SIX,0.2534,0.0866,0.66
SPADES JACK DIAMONDS SIX,0.2676,0.0622,0.6702
SPADES QUEEN SPADES TWO,0.407,0.0148,0.5782
SPADES KING SPADES TWO,0.399,0.0084,0.5926
SPADES ACE SPADES TWO,0.3904,0.0062,0.6034
DIAMONDS JACK CLUBS JACK,0.1898,0.0452,0.765
CLUBS TEN DIAMONDS JACK,0.34,0.0126,0.6474
DIAMONDS JACK CLUBS KING,0.3708,0.0062,0.623
DIAMONDS JACK CLUBS QUEEN,0.358,0.01,0.632
DIAMONDS THREE DIAMONDS JACK,0.4114,0.0186,0.57
DIAMONDS THREE DIAMONDS TEN,0.3984,0.0288,0.5728
DIAMONDS JACK CLUBS ACE,0.3646,0.0064,0.629
DIAMONDS THREE DIAMONDS KING,0.3918,0.009,0.5992
HEARTS THREE DIAMONDS THREE,0.3626,0.1278,0.5096
DIAMONDS THREE DIAMONDS QUEEN,0.392,0.014,0.594
DIAMONDS THREE HEARTS TWO,0.5308,0.159,0.3102
HEARTS FIVE DIAMONDS THREE,0.492,0.2592,0.2488
DIAMONDS THREE DIAMONDS ACE,0.3844,0.0046,0.611
HEARTS FOUR DIAMONDS THREE,0.5384,0.1364,0.3252
DIAMONDS THREE HEARTS SEVEN,0.4162,0.1066,0.4772
SPADES TEN SPADES NINE,0.3372,0.0232,0.6396
HEARTS SIX DIAMONDS THREE,0.3362,0.4478,0.216
SPADES JACK SPADES NINE,0.3486,0.0146,0.6368
DIAMONDS THREE HEARTS NINE,0.4196,0.0422,0.5382
HEARTS JACK DIAMONDS FOUR,0.4146,0.021,0.5644
HEARTS KING HEARTS ACE,0.3502,0.005,0.6448
SPADES TEN SPADES TWO,0.4096,0.0312,0.5592
DIAMONDS THREE HEARTS EIGHT,0.4396,0.0718,0.4886
HEARTS TEN DIAMONDS FOUR,0.418,0.0316,0.5504
SPADES JACK SPADES TWO,0.4084,0.0186,0.573
HEARTS QUEEN DIAMONDS FOUR,0.4226,0.0116,0.5658
HEARTS KING DIAMONDS FOUR,0.434,0.0072,0.5588
SPADES ACE SPADES NINE,0.35,0.0044,0.6456
HEARTS ACE DIAMONDS FOUR,0.4048,0.004,0.5912
SPADES KING SPADES NINE,0.3594,0.0066,0.634
SPADES QUEEN SPADES NINE,0.3442,0.0132,0.6426
DIAMONDS THREE SPADES NINE,0.4124,0.0514,0.5362
DIAMONDS THREE SPADES EIGHT,0.427,0.0648,0.5082
DIAMONDS THREE SPADES SEVEN,0.4024,0.1052,0.4924
DIAMONDS THREE SPADES SIX,0.3352,0.454,0.2108
CLUBS ACE DIAMONDS FOUR,0.4056,0.006,0.5884
CLUBS SEVEN DIAMONDS THREE,0.4108,0.1068,0.4824
CLUBS SEVEN CLUBS FIVE,0.2348,0.1844,0.5808
DIAMONDS THREE CLUBS FOUR,0.5268,0.1578,0.3154
DIAMONDS FOUR CLUBS QUEEN,0.4268,0.0144,0.5588
DIAMONDS THREE CLUBS FIVE,0.493,0.265,0.242
CLUBS KING DIAMONDS FOUR,0.421,0.0092,0.5698
DIAMONDS THREE CLUBS TWO,0.5458,0.152,0.3022
CLUBS TEN DIAMONDS FOUR,0.411,0.0282,0.5608
DIAMONDS THREE CLUBS THREE,0.375,0.1266,0.4984
DIAMONDS FOUR CLUBS JACK,0.4158,0.0214,0.5628
DIAMONDS THREE SPADES FOUR,0.5198,0.1538,0.3264
DIAMONDS THREE SPADES TWO,0.537,0.146,0.317
DIAMONDS THREE SPADES THREE,0.3672,0.1364,0.4964
CLUBS EIGHT DIAMONDS THREE,0.424,0.0688,0.5072
CLUBS NINE DIAMONDS THREE,0.4198,0.0428,0.5374
SPADES SEVEN CLUBS ACE,0.3492,0.0062,0.6446
SPADES SEVEN CLUBS QUEEN,0.3814,0.0142,0.6044
SPADES SEVEN CLUBS KING,0.3604,0.0096,0.63
CLUBS FIVE SPADES SEVEN,0.2292,0.2134,0.5574
CLUBS TEN SPADES SEVEN,0.3468,0.0276,0.6256
CLUBS FIVE SPADES SIX,0.0078,0.9852,0.007
SPADES SEVEN CLUBS JACK,0.3714,0.0184,0.6102
SPADES NINE CLUBS FIVE,0.26,0.103,0.637
CLUBS FIVE SPADES EIGHT,0.2558,0.1492,0.595
CLUBS FIVE SPADES THREE,0.4952,0.274,0.2308
CLUBS FIVE SPADES TWO,0.5096,0.2678,0.2226
CLUBS FIVE SPADES FOUR,0.49,0.2772,0.2328
CLUBS NINE CLUBS FIVE,0.2626,0.108,0.6294
CLUBS EIGHT CLUBS FIVE,0.2488,0.1446,0.6066
CLUBS ACE CLUBS QUEEN,0.3442,0.0044,0.6514
CLUBS KING CLUBS QUEEN,0.3538,0.0068,0.6394
DIAMONDS TEN DIAMONDS FOUR,0.4016,0.0286,0.5698
CLUBS TEN DIAMONDS NINE,0.3492,0.0258,0.625
DIAMONDS JACK DIAMONDS FOUR,0.386,0.02,0.594
DIAMONDS NINE CLUBS JACK,0.3754,0.0168,0.6078
SPADES NINE CLUBS JACK,0.3596,0.0166,0.6238
CLUBS TEN SPADES NINE,0.351,0.0226,0.6264
DIAMONDS ACE DIAMONDS FOUR,0.3858,0.0054,0.6088
HEARTS FOUR DIAMONDS FOUR,0.3522,0.1242,0.5236
DIAMONDS JACK HEARTS TEN,0.3518,0.0144,0.6338
SPADES NINE CLUBS KING,0.3746,0.0078,0.6176
DIAMONDS TWO SPADES TEN,0.4206,0.032,0.5474
DIAMONDS NINE CLUBS ACE,0.3616,0.0034,0.635
HEARTS FIVE DIAMONDS FOUR,0.488,0.2686,0.2434
HEARTS JACK DIAMONDS JACK,0.1896,0.052,0.7584
SPADES NINE CLUBS QUEEN,0.3622,0.0124,0.6254
DIAMONDS TWO SPADES JACK,0.4268,0.0172,0.556
DIAMONDS QUEEN DIAMONDS FOUR,0.3882,0.0084,0.6034
HEARTS TWO DIAMONDS FOUR,0.5358,0.1486,0.3156
DIAMONDS NINE CLUBS QUEEN,0.3646,0.0098,0.6256
DIAMONDS KING DIAMONDS FOUR,0.39,0.0074,0.6026
HEARTS THREE DIAMONDS FOUR,0.5222,0.1452,0.3326
SPADES NINE CLUBS ACE,0.3554,0.0048,0.6398
DIAMONDS NINE CLUBS KING,0.3754,0.007,0.6176
HEARTS ACE DIAMONDS JACK,0.3638,0.0032,0.633
SPADES ACE DIAMONDS TWO,0.4214,0.005,0.5736
DIAMONDS JACK HEARTS QUEEN,0.3706,0.0096,0.6198
SPADES QUEEN DIAMONDS TWO,0.4208,0.0134,0.5658
HEARTS KING DIAMONDS JACK,0.3848,0.0062,0.609
SPADES KING DIAMONDS TWO,0.4318,0.0088,0.5594
SPADES JACK SPADES SEVEN,0.35,0.0162,0.6338
SPADES TEN SPADES SEVEN,0.3432,0.0286,0.6282
CLUBS SEVEN CLUBS THREE,0.3926,0.1024,0.505
CLUBS FIVE CLUBS THREE,0.4782,0.253,0.2688
CLUBS FOUR CLUBS THREE,0.5098,0.1392,0.351
CLUBS NINE CLUBS THREE,0.4164,0.0402,0.5434
CLUBS EIGHT CLUBS THREE,0.408,0.0634,0.5286
CLUBS THREE SPADES FOUR,0.544,0.1484,0.3076
CLUBS THREE SPADES THREE,0.3748,0.1322,0.493
CLUBS THREE SPADES TWO,0.5358,0.1558,0.3084
CLUBS THREE SPADES SIX,0.34,0.458,0.202
SPADES SEVEN CLUBS THREE,0.4192,0.0982,0.4826
SPADES EIGHT CLUBS THREE,0.4068,0.0702,0.523
SPADES NINE CLUBS THREE,0.434,0.0392,0.5268
SPADES TWO DIAMONDS FOUR,0.5556,0.1442,0.3002
SPADES THREE DIAMONDS FOUR,0.5256,0.1594,0.315
SPADES FOUR DIAMONDS FOUR,0.365,0.1216,0.5134
SPADES SIX DIAMONDS FOUR,0.3156,0.4714,0.213
SPADES SEVEN DIAMONDS FOUR,0.407,0.1022,0.4908
SPADES EIGHT DIAMONDS FOUR,0.4066,0.0676,0.5258
SPADES NINE DIAMONDS FOUR,0.4128,0.0488,0.5384
CLUBS FIVE DIAMONDS FOUR,0.4886,0.2654,0.246
CLUBS FOUR DIAMONDS FOUR,0.355,0.1266,0.5184
CLUBS SEVEN DIAMONDS FOUR,0.3976,0.1064,0.496
CLUBS NINE DIAMONDS FOUR,0.4146,0.049,0.5364
CLUBS EIGHT DIAMONDS FOUR,0.418,0.0652,0.5168
DIAMONDS FOUR HEARTS SEVEN,0.3998,0.1028,0.4974
HEARTS SIX DIAMONDS FOUR,0.3432,0.4526,0.2042
HEARTS NINE DIAMONDS FOUR,0.4264,0.0518,0.5218
DIAMONDS FOUR HEARTS EIGHT,0.414,0.07,0.516
CLUBS THREE DIAMONDS FOUR,0.5346,0.1484,0.317
CLUBS TWO DIAMONDS FOUR,0.5372,0.1644,0.2984
DIAMONDS TEN DIAMONDS FIVE,0.279,0.0744,0.6466
DIAMONDS JACK DIAMONDS FIVE,0.2692,0.0554,0.6754
DIAMONDS NINE HEARTS QUEEN,0.3724,0.0114,0.6162
HEARTS KING DIAMONDS NINE,0.372,0.0088,0.6192
DIAMONDS NINE HEARTS ACE,0.3722,0.0036,0.6242
DIAMONDS NINE HEARTS TEN,0.3516,0.0234,0.625
DIAMONDS NINE HEARTS JACK,0.368,0.0166,0.6154
CLUBS KING DIAMONDS SIX,0.2786,0.0418,0.6796
CLUBS QUEEN DIAMONDS SIX,0.2832,0.0472,0.6696
CLUBS ACE DIAMONDS SIX,0.2674,0.0284,0.7042
SPADES KING DIAMONDS FOUR,0.4112,0.01,0.5788
SPADES ACE SPADES SEVEN,0.3398,0.0076,0.6526
SPADES QUEEN DIAMONDS FOUR,0.4198,0.0168,0.5634
SPADES QUEEN SPADES SEVEN,0.3494,0.0134,0.6372
CLUBS JACK DIAMONDS SIX,0.2802,0.065,0.6548
SPADES KING SPADES SEVEN,0.355,0.0104,0.6346
SPADES ACE DIAMONDS FOUR,0.405,0.0062,0.5888
CLUBS TEN DIAMONDS SIX,0.2738,0.0728,0.6534
CLUBS NINE CLUBS FOUR,0.3974,0.0458,0.5568
CLUBS EIGHT CLUBS FOUR,0.4006,0.066,0.5334
SPADES JACK DIAMONDS FOUR,0.415,0.0176,0.5674
SPADES TEN DIAMONDS FOUR,0.4028,0.0338,0.5634
CLUBS FOUR CLUBS FIVE,0.4734,0.2558,0.2708
CLUBS SEVEN CLUBS FOUR,0.3814,0.1058,0.5128
CLUBS SEVEN SPADES EIGHT,0.335,0.0628,0.6022
CLUBS SEVEN SPADES NINE,0.3466,0.0418,0.6116
CLUBS SEVEN SPADES SIX,0.219,0.1886,0.5924
CLUBS SEVEN SPADES SEVEN,0.1374,0.1086,0.754
CLUBS SEVEN SPADES FOUR,0.4022,0.1062,0.4916
CLUBS SEVEN SPADES THREE,0.4168,0.1012,0.482
CLUBS SEVEN SPADES TWO,0.4298,0.105,0.4652
CLUBS NINE CLUBS SEVEN,0.3378,0.0398,0.6224
CLUBS SEVEN CLUBS EIGHT,0.3352,0.0584,0.6064
HEARTS SIX DIAMONDS FIVE,0.0248,0.953,0.0222
DIAMONDS FIVE HEARTS SEVEN,0.2328,0.2006,0.5666
DIAMONDS FIVE HEARTS EIGHT,0.2518,0.1412,0.607
HEARTS NINE DIAMONDS FIVE,0.281,0.0994,0.6196
DIAMONDS QUEEN DIAMONDS FIVE,0.2672,0.044,0.6888
HEARTS TWO DIAMONDS FIVE,0.4894,0.28,0.2306
HEARTS KING HEARTS EIGHT,0.3644,0.0058,0.6298
DIAMONDS KING DIAMONDS FIVE,0.2694,0.0298,0.7008
HEARTS THREE DIAMONDS FIVE,0.5026,0.2658,0.2316
HEARTS QUEEN HEARTS EIGHT,0.3494,0.0086,0.642
DIAMONDS ACE DIAMONDS FIVE,0.2466,0.021,0.7324
HEARTS FOUR DIAMONDS FIVE,0.4994,0.265,0.2356
HEARTS FIVE DIAMONDS FIVE,0.2902,0.103,0.6068
HEARTS ACE HEARTS EIGHT,0.3486,0.0032,0.6482
CLUBS FOUR DIAMONDS FIVE,0.493,0.264,0.243
CLUBS FIVE DIAMONDS FIVE,0.2854,0.0976,0.617
CLUBS SEVEN DIAMONDS FIVE,0.2394,0.1992,0.5614
CLUBS TWO DIAMONDS FIVE,0.4956,0.2694,0.235
CLUBS THREE DIAMONDS FIVE,0.4996,0.2662,0.2342
SPADES THREE DIAMONDS FIVE,0.4892,0.2716,0.2392
SPADES TWO DIAMONDS FIVE,0.4918,0.2702,0.238
SPADES JACK DIAMONDS EIGHT,0.3594,0.0198,0.6208
CLUBS TEN HEARTS JACK,0.351,0.0122,0.6368
SPADES TEN DIAMONDS EIGHT,0.3552,0.0276,0.6172
SPADES FOUR DIAMONDS FIVE,0.4886,0.2708,0.2406
HEARTS JACK CLUBS JACK,0.1838,0.048,0.7682
HEARTS JACK CLUBS QUEEN,0.364,0.0126,0.6234
CLUBS NINE DIAMONDS FIVE,0.2776,0.1072,0.6152
HEARTS JACK CLUBS KING,0.3598,0.0056,0.6346
CLUBS EIGHT DIAMONDS FIVE,0.2544,0.1522,0.5934
HEARTS JACK CLUBS ACE,0.355,0.004,0.641
SPADES SEVEN DIAMONDS FIVE,0.249,0.1996,0.5514
SPADES KING DIAMONDS EIGHT,0.3812,0.0062,0.6126
SPADES QUEEN DIAMONDS EIGHT,0.369,0.0148,0.6162
SPADES SIX DIAMONDS FIVE,0.0138,0.97,0.0162
SPADES NINE DIAMONDS FIVE,0.2564,0.1094,0.6342
SPADES EIGHT DIAMONDS FIVE,0.2522,0.1458,0.602
SPADES ACE DIAMONDS EIGHT,0.369,0.0044,0.6266
DIAMONDS TEN DIAMONDS SIX,0.2534,0.0778,0.6688
HEARTS ACE DIAMONDS SEVEN,0.3926,0.0038,0.6036
DIAMONDS JACK DIAMONDS SIX,0.2666,0.0596,0.6738
HEARTS QUEEN DIAMONDS SEVEN,0.3752,0.0128,0.612
HEARTS KING DIAMONDS SEVEN,0.369,0.0068,0.6242
DIAMONDS ACE DIAMONDS SIX,0.2656,0.0246,0.7098
HEARTS FOUR DIAMONDS SIX,0.3212,0.4682,0.2106
HEARTS JACK SPADES TWO,0.429,0.0198,0.5512
HEARTS FIVE DIAMONDS SIX,0.022,0.9544,0.0236
SPADES TWO HEARTS TEN,0.4412,0.0312,0.5276
DIAMONDS QUEEN DIAMONDS SIX,0.2758,0.0476,0.6766
HEARTS TWO DIAMONDS SIX,0.3398,0.443,0.2172
DIAMONDS KING DIAMONDS SIX,0.2632,0.0392,0.6976
HEARTS THREE DIAMONDS SIX,0.3418,0.4428,0.2154
HEARTS EIGHT DIAMONDS SIX,0.2728,0.1374,0.5898
HEARTS NINE DIAMONDS SIX,0.2536,0.1142,0.6322
HEARTS SIX DIAMONDS SIX,0.138,0.1066,0.7554
HEARTS SEVEN DIAMONDS SIX,0.239,0.1952,0.5658
HEARTS TEN DIAMONDS SEVEN,0.3526,0.0278,0.6196
CLUBS TWO DIAMONDS SIX,0.3476,0.4512,0.2012
HEARTS JACK DIAMONDS SEVEN,0.3676,0.0158,0.6166
CLUBS THREE DIAMONDS SIX,0.3476,0.4432,0.2092
CLUBS SEVEN DIAMONDS SIX,0.2452,0.1926,0.5622
DIAMONDS EIGHT CLUBS JACK,0.367,0.0146,0.6184
CLUBS TEN DIAMONDS EIGHT,0.3576,0.0238,0.6186
CLUBS FIVE DIAMONDS SIX,0.0208,0.9682,0.011
CLUBS FOUR DIAMONDS SIX,0.319,0.4664,0.2146
HEARTS ACE HEARTS JACK,0.3424,0.0038,0.6538
DIAMONDS EIGHT CLUBS ACE,0.37,0.0052,0.6248
HEARTS JACK HEARTS QUEEN,0.345,0.009,0.646
DIAMONDS EIGHT CLUBS KING,0.3738,0.007,0.6192
CLUBS NINE DIAMONDS SIX,0.2594,0.1076,0.633
HEARTS KING HEARTS JACK,0.3396,0.0066,0.6538
DIAMONDS EIGHT CLUBS QUEEN,0.3774,0.0158,0.6068
CLUBS EIGHT DIAMONDS SIX,0.2622,0.1438,0.594
SPADES TEN HEARTS KING,0.3672,0.0064,0.6264
HEARTS ACE SPADES TWO,0.4172,0.0068,0.576
SPADES JACK HEARTS KING,0.3632,0.0076,0.6292
SPADES FOUR DIAMONDS SIX,0.322,0.4596,0.2184
SPADES THREE DIAMONDS SIX,0.3422,0.4412,0.2166
SPADES TWO HEARTS QUEEN,0.4378,0.014,0.5482
SPADES ACE SPADES KING,0.3604,0.0038,0.6358
HEARTS KING SPADES TWO,0.4362,0.0082,0.5556
SPADES TWO DIAMONDS SIX,0.3454,0.4676,0.187
HEARTS TEN HEARTS EIGHT,0.336,0.0204,0.6436
SPADES NINE DIAMONDS SIX,0.2652,0.1098,0.625
HEARTS JACK HEARTS EIGHT,0.3488,0.0158,0.6354
SPADES EIGHT DIAMONDS SIX,0.2478,0.152,0.6002
SPADES SEVEN DIAMONDS SIX,0.2362,0.2016,0.5622
SPADES SIX DIAMONDS SIX,0.1266,0.1114,0.762
SPADES KING HEARTS KING,0.1828,0.0184,0.7988
SPADES QUEEN HEARTS KING,0.373,0.0066,0.6204
CLUBS ACE CLUBS KING,0.3482,0.005,0.6468
SPADES ACE HEARTS KING,0.3824,0.0038,0.6138
SPADES ACE HEARTS JACK,0.3664,0.0022,0.6314
SPADES QUEEN HEARTS JACK,0.3756,0.011,0.6134
SPADES KING HEARTS JACK,0.363,0.0086,0.6284
SPADES TEN DIAMONDS TEN,0.1862,0.0584,0.7554
SPADES JACK DIAMONDS TEN,0.3476,0.015,0.6374
SPADES ACE DIAMONDS TEN,0.368,0.0032,0.6288
SPADES JACK HEARTS JACK,0.1812,0.0482,0.7706
SPADES TEN HEARTS JACK,0.3538,0.0116,0.6346
SPADES QUEEN DIAMONDS TEN,0.3614,0.0082,0.6304
SPADES KING DIAMONDS TEN,0.3676,0.0056,0.6268
SPADES NINE DIAMONDS SEVEN,0.35,0.0468,0.6032
SPADES EIGHT DIAMONDS SEVEN,0.3346,0.0636,0.6018
SPADES SEVEN DIAMONDS SEVEN,0.1496,0.1014,0.749
SPADES SIX DIAMONDS SEVEN,0.2428,0.2062,0.551
DIAMONDS KING DIAMONDS SEVEN,0.3628,0.0058,0.6314
HEARTS THREE DIAMONDS SEVEN,0.4104,0.1054,0.4842
HEARTS KING DIAMONDS FIVE,0.2858,0.0284,0.6858
DIAMONDS QUEEN DIAMONDS SEVEN,0.3448,0.0144,0.6408
HEARTS TWO DIAMONDS SEVEN,0.4348,0.1032,0.462
HEARTS QUEEN DIAMONDS FIVE,0.2874,0.0414,0.6712
HEARTS FIVE DIAMONDS SEVEN,0.2482,0.1884,0.5634
DIAMONDS ACE DIAMONDS SEVEN,0.3474,0.0032,0.6494
HEARTS FOUR DIAMONDS SEVEN,0.4098,0.0964,0.4938
HEARTS ACE DIAMONDS FIVE,0.2624,0.018,0.7196
HEARTS SEVEN DIAMONDS SEVEN,0.1622,0.1098,0.728
HEARTS SIX DIAMONDS SEVEN,0.246,0.1972,0.5568
HEARTS NINE DIAMONDS SEVEN,0.357,0.0464,0.5966
DIAMONDS SEVEN HEARTS EIGHT,0.3452,0.061,0.5938
DIAMONDS JACK DIAMONDS SEVEN,0.3496,0.0186,0.6318
HEARTS JACK DIAMONDS FIVE,0.2934,0.0544,0.6522
DIAMONDS TEN DIAMONDS SEVEN,0.3396,0.027,0.6334
DIAMONDS FIVE HEARTS TEN,0.2944,0.0838,0.6218
SPADES KING CLUBS TWO,0.4394,0.0118,0.5488
HEARTS KING CLUBS KING,0.1904,0.0148,0.7948
CLUBS EIGHT DIAMONDS SEVEN,0.334,0.0558,0.6102
SPADES QUEEN CLUBS TWO,0.4382,0.014,0.5478
HEARTS KING CLUBS QUEEN,0.371,0.0048,0.6242
CLUBS NINE DIAMONDS SEVEN,0.3412,0.0404,0.6184
SPADES TWO CLUBS JACK,0.4402,0.025,0.5348
SPADES ACE CLUBS TWO,0.4296,0.0052,0.5652
CLUBS TEN SPADES TWO,0.426,0.0274,0.5466
HEARTS KING CLUBS ACE,0.3824,0.0062,0.6114
SPADES TWO CLUBS KING,0.4384,0.0088,0.5528
SPADES TWO DIAMONDS SEVEN,0.4288,0.101,0.4702
SPADES THREE DIAMONDS SEVEN,0.4118,0.1106,0.4776
SPADES TWO CLUBS QUEEN,0.4312,0.0144,0.5544
SPADES FOUR DIAMONDS SEVEN,0.4054,0.0982,0.4964
HEARTS KING CLUBS JACK,0.3748,0.0052,0.62
SPADES TWO CLUBS ACE,0.4142,0.008,0.5778
CLUBS TEN HEARTS KING,0.3508,0.0064,0.6428
CLUBS TWO DIAMONDS SEVEN,0.4338,0.1006,0.4656
CLUBS THREE DIAMONDS SEVEN,0.4138,0.1066,0.4796
CLUBS FOUR DIAMONDS SEVEN,0.403,0.1022,0.4948
CLUBS FIVE DIAMONDS SEVEN,0.2498,0.198,0.5522
SPADES JACK CLUBS TWO,0.426,0.0196,0.5544
CLUBS SEVEN DIAMONDS SEVEN,0.1486,0.1098,0.7416
SPADES TEN CLUBS TWO,0.4244,0.0328,0.5428
CLUBS TWO CLUBS QUEEN,0.4108,0.0154,0.5738
CLUBS TWO CLUBS KING,0.414,0.01,0.576
CLUBS THREE DIAMONDS EIGHT,0.4382,0.0696,0.4922
CLUBS TWO CLUBS ACE,0.3964,0.0052,0.5984
CLUBS TWO DIAMONDS EIGHT,0.4332,0.0662,0.5006
DIAMONDS EIGHT HEARTS SEVEN,0.3436,0.0628,0.5936
HEARTS SIX DIAMONDS EIGHT,0.2606,0.1406,0.5988
DIAMONDS EIGHT HEARTS NINE,0.3486,0.0354,0.616
CLUBS TEN CLUBS TWO,0.4056,0.0298,0.5646
DIAMONDS EIGHT HEARTS EIGHT,0.1694,0.084,0.7466
CLUBS TWO CLUBS JACK,0.4046,0.0222,0.5732
CLUBS NINE DIAMONDS EIGHT,0.3402,0.04,0.6198
CLUBS EIGHT DIAMONDS EIGHT,0.1522,0.0938,0.754
CLUBS FIVE DIAMONDS EIGHT,0.2622,0.1424,0.5954
SPADES ACE SPADES THREE,0.3968,0.0058,0.5974
CLUBS FOUR DIAMONDS EIGHT,0.4204,0.0664,0.5132
CLUBS SEVEN DIAMONDS EIGHT,0.3318,0.0634,0.6048
SPADES QUEEN SPADES THREE,0.4032,0.0138,0.583
SPADES KING SPADES THREE,0.3912,0.0084,0.6004
DIAMONDS QUEEN DIAMONDS EIGHT,0.3518,0.01,0.6382
HEARTS TWO DIAMONDS EIGHT,0.4204,0.0684,0.5112
DIAMONDS KING DIAMONDS EIGHT,0.3568,0.0088,0.6344
HEARTS THREE DIAMONDS EIGHT,0.4304,0.0668,0.5028
DIAMONDS ACE DIAMONDS EIGHT,0.3452,0.0056,0.6492
HEARTS FOUR DIAMONDS EIGHT,0.417,0.0714,0.5116
HEARTS FIVE DIAMONDS EIGHT,0.2526,0.1398,0.6076
DIAMONDS EIGHT DIAMONDS TEN,0.327,0.0246,0.6484
DIAMONDS EIGHT DIAMONDS JACK,0.3458,0.0148,0.6394
SPADES JACK SPADES THREE,0.4044,0.0226,0.573
SPADES TEN SPADES THREE,0.3992,0.0304,0.5704
CLUBS FOUR HEARTS ACE,0.3932,0.0048,0.602
CLUBS FOUR HEARTS QUEEN,0.4362,0.0156,0.5482
CLUBS FOUR HEARTS KING,0.4352,0.0114,0.5534
SPADES FOUR DIAMONDS EIGHT,0.4234,0.0674,0.5092
DIAMONDS EIGHT SPADES TWO,0.4322,0.0716,0.4962
DIAMONDS EIGHT SPADES THREE,0.426,0.0694,0.5046
CLUBS FOUR HEARTS JACK,0.4346,0.019,0.5464
SPADES EIGHT DIAMONDS EIGHT,0.1612,0.0946,0.7442
SPADES TEN DIAMONDS QUEEN,0.3468,0.0106,0.6426
SPADES TEN HEARTS TWO,0.441,0.0322,0.5268
SPADES JACK HEARTS EIGHT,0.3748,0.0206,0.6046
CLUBS FOUR HEARTS TEN,0.4168,0.0284,0.5548
SPADES NINE DIAMONDS EIGHT,0.3328,0.0384,0.6288
SPADES TEN HEARTS EIGHT,0.3556,0.0276,0.6168
SPADES JACK HEARTS TWO,0.435,0.02,0.545
SPADES JACK DIAMONDS QUEEN,0.3704,0.0088,0.6208
SPADES SIX DIAMONDS EIGHT,0.2674,0.153,0.5796
SPADES SEVEN DIAMONDS EIGHT,0.3354,0.0552,0.6094
SPADES ACE HEARTS TWO,0.4186,0.0054,0.576
SPADES ACE DIAMONDS QUEEN,0.3796,0.004,0.6164
SPADES ACE HEARTS EIGHT,0.3692,0.0038,0.627
SPADES KING HEARTS EIGHT,0.373,0.0082,0.6188
SPADES QUEEN HEARTS TWO,0.432,0.0116,0.5564
SPADES QUEEN DIAMONDS QUEEN,0.1894,0.0326,0.778
SPADES KING DIAMONDS QUEEN,0.3784,0.0054,0.6162
SPADES KING HEARTS TWO,0.4222,0.0074,0.5704
SPADES QUEEN HEARTS EIGHT,0.3646,0.0082,0.6272
CLUBS TWO HEARTS TEN,0.4286,0.0268,0.5446
CLUBS TWO HEARTS JACK,0.4338,0.0228,0.5434
SPADES SEVEN DIAMONDS NINE,0.3492,0.0412,0.6096
SPADES SIX DIAMONDS NINE,0.2656,0.1126,0.6218
SPADES NINE DIAMONDS NINE,0.1674,0.0756,0.757
SPADES EIGHT DIAMONDS NINE,0.341,0.0364,0.6226
SPADES TEN CLUBS KING,0.365,0.007,0.628
DIAMONDS NINE SPADES THREE,0.431,0.0486,0.5204
SPADES JACK CLUBS KING,0.3736,0.005,0.6214
DIAMONDS NINE SPADES TWO,0.4282,0.0456,0.5262
DIAMONDS NINE SPADES FOUR,0.4274,0.0446,0.528
CLUBS NINE DIAMONDS NINE,0.1762,0.079,0.7448
CLUBS EIGHT DIAMONDS NINE,0.3442,0.0404,0.6154
SPADES JACK CLUBS FOUR,0.417,0.023,0.56
CLUBS SEVEN DIAMONDS NINE,0.3648,0.042,0.5932
SPADES TEN CLUBS FOUR,0.411,0.034,0.555
CLUBS FOUR DIAMONDS NINE,0.4226,0.0448,0.5326
CLUBS FIVE DIAMONDS NINE,0.2798,0.1096,0.6106
CLUBS TWO DIAMONDS NINE,0.4418,0.0408,0.5174
CLUBS THREE DIAMONDS NINE,0.4156,0.0488,0.5356
DIAMONDS NINE HEARTS EIGHT,0.3568,0.0398,0.6034
DIAMONDS NINE HEARTS NINE,0.1832,0.0748,0.742
HEARTS SIX DIAMONDS NINE,0.2716,0.1106,0.6178
DIAMONDS NINE HEARTS SEVEN,0.3642,0.0378,0.598
CLUBS NINE CLUBS EIGHT,0.3306,0.038,0.6314
DIAMONDS ACE DIAMONDS NINE,0.3596,0.0044,0.636
HEARTS FOUR DIAMONDS NINE,0.4258,0.0388,0.5354
HEARTS FIVE DIAMONDS NINE,0.2696,0.1038,0.6266
CLUBS TWO HEARTS ACE,0.4282,0.0038,0.568
SPADES ACE CLUBS FOUR,0.3952,0.0062,0.5986
DIAMONDS QUEEN DIAMONDS NINE,0.3476,0.0096,0.6428
HEARTS TWO DIAMONDS NINE,0.4334,0.0488,0.5178
CLUBS TWO HEARTS KING,0.4366,0.0074,0.556
SPADES KING CLUBS FOUR,0.4154,0.0108,0.5738
DIAMONDS KING DIAMONDS NINE,0.3458,0.0042,0.65
HEARTS THREE DIAMONDS NINE,0.424,0.046,0.53
CLUBS TWO HEARTS QUEEN,0.424,0.016,0.56
SPADES QUEEN CLUBS FOUR,0.4194,0.0132,0.5674
DIAMONDS NINE DIAMONDS JACK,0.3418,0.0162,0.642
CLUBS EIGHT SPADES NINE,0.3352,0.0416,0.6232
DIAMONDS NINE DIAMONDS TEN,0.3214,0.027,0.6516
CLUBS EIGHT SPADES EIGHT,0.1542,0.0904,0.7554
CLUBS EIGHT SPADES SEVEN,0.3328,0.0598,0.6074
CLUBS EIGHT SPADES SIX,0.252,0.1512,0.5968
CLUBS EIGHT SPADES FOUR,0.4024,0.068,0.5296
CLUBS EIGHT SPADES THREE,0.4138,0.0686,0.5176
CLUBS EIGHT SPADES TWO,0.4236,0.069,0.5074
HEARTS SIX DIAMONDS TEN,0.2688,0.082,0.6492
DIAMONDS TEN HEARTS SEVEN,0.3522,0.0292,0.6186
DIAMONDS TEN HEARTS EIGHT,0.3646,0.0272,0.6082
CLUBS FOUR CLUBS JACK,0.4088,0.0162,0.575
DIAMONDS TEN HEARTS NINE,0.3654,0.0232,0.6114
CLUBS TEN CLUBS FOUR,0.3994,0.0314,0.5692
CLUBS FOUR CLUBS KING,0.3922,0.0088,0.599
CLUBS FOUR CLUBS QUEEN,0.396,0.0136,0.5904
CLUBS TWO DIAMONDS TEN,0.4378,0.0274,0.5348
CLUBS THREE DIAMONDS TEN,0.4188,0.0274,0.5538
CLUBS FOUR CLUBS ACE,0.3906,0.004,0.6054
DIAMONDS JACK DIAMONDS TEN,0.3292,0.0152,0.6556
DIAMONDS QUEEN DIAMONDS TEN,0.3418,0.0092,0.649
HEARTS TWO DIAMONDS TEN,0.4286,0.03,0.5414
DIAMONDS KING DIAMONDS TEN,0.3514,0.0078,0.6408
HEARTS THREE DIAMONDS TEN,0.4188,0.0274,0.5538
DIAMONDS ACE DIAMONDS TEN,0.3398,0.0036,0.6566
HEARTS FOUR DIAMONDS TEN,0.4112,0.0276,0.5612
CLUBS EIGHT HEARTS JACK,0.3676,0.0196,0.6128
HEARTS FIVE DIAMONDS TEN,0.2926,0.0728,0.6346
CLUBS EIGHT HEARTS TEN,0.3558,0.0268,0.6174
CLUBS EIGHT HEARTS QUEEN,0.3672,0.014,0.6188
CLUBS EIGHT HEARTS KING,0.3692,0.0068,0.624
CLUBS EIGHT HEARTS ACE,0.3812,0.0038,0.615
CLUBS NINE SPADES THREE,0.4264,0.0464,0.5272
CLUBS NINE SPADES TWO,0.433,0.0444,0.5226
CLUBS NINE SPADES FOUR,0.42,0.0424,0.5376
CLUBS NINE SPADES SEVEN,0.3448,0.0458,0.6094
CLUBS NINE SPADES SIX,0.261,0.122,0.617
CLUBS NINE SPADES NINE,0.164,0.0822,0.7538
CLUBS TEN HEARTS EIGHT,0.3574,0.0282,0.6144
CLUBS NINE SPADES EIGHT,0.3364,0.041,0.6226
CLUBS JACK HEARTS EIGHT,0.375,0.018,0.607
CLUBS QUEEN HEARTS EIGHT,0.3792,0.0124,0.6084
CLUBS KING HEARTS EIGHT,0.3672,0.0058,0.627
CLUBS ACE HEARTS EIGHT,0.3768,0.0036,0.6196
SPADES KING CLUBS KING,0.1764,0.0158,0.8078
SPADES QUEEN CLUBS KING,0.373,0.0066,0.6204
SPADES ACE CLUBS KING,0.3684,0.0052,0.6264
DIAMONDS ACE HEARTS TEN,0.364,0.0028,0.6332
HEARTS FOUR HEARTS TEN,0.3962,0.0312,0.5726
DIAMONDS ACE HEARTS JACK,0.3718,0.0024,0.6258
HEARTS FOUR HEARTS JACK,0.3902,0.019,0.5908
SPADES KING CLUBS FIVE,0.2858,0.0364,0.6778
SPADES QUEEN CLUBS FIVE,0.2858,0.0458,0.6684
SPADES ACE CLUBS FIVE,0.2634,0.0252,0.7114
DIAMONDS JACK HEARTS SEVEN,0.3722,0.0166,0.6112
HEARTS SIX DIAMONDS JACK,0.2994,0.058,0.6426
DIAMONDS JACK HEARTS NINE,0.37,0.0188,0.6112
DIAMONDS JACK HEARTS EIGHT,0.3774,0.015,0.6076
DIAMONDS KING DIAMONDS JACK,0.3606,0.0088,0.6306
HEARTS THREE DIAMONDS JACK,0.4218,0.0218,0.5564
SPADES ACE SPADES SIX,0.2758,0.0258,0.6984
SPADES FOUR HEARTS ACE,0.4078,0.0042,0.588
DIAMONDS QUEEN DIAMONDS JACK,0.3334,0.0082,0.6584
HEARTS TWO DIAMONDS JACK,0.4282,0.0196,0.5522
HEARTS FIVE DIAMONDS JACK,0.2896,0.0574,0.653
SPADES QUEEN SPADES SIX,0.2736,0.0542,0.6722
SPADES FOUR HEARTS QUEEN,0.4218,0.0142,0.564
DIAMONDS ACE DIAMONDS JACK,0.356,0.0038,0.6402
HEARTS FOUR DIAMONDS JACK,0.4188,0.0208,0.5604
SPADES KING SPADES SIX,0.2686,0.0386,0.6928
HEARTS KING SPADES FOUR,0.4202,0.008,0.5718
SPADES TEN SPADES SIX,0.2596,0.0784,0.662
SPADES JACK SPADES SIX,0.2666,0.067,0.6664
SPADES FOUR DIAMONDS JACK,0.4262,0.02,0.5538
DIAMONDS JACK SPADES TWO,0.445,0.0196,0.5354
SPADES THREE DIAMONDS JACK,0.4282,0.017,0.5548
SPADES ACE DIAMONDS THREE,0.4124,0.0066,0.581
SPADES QUEEN DIAMONDS THREE,0.4288,0.0152,0.556
CLUBS EIGHT DIAMONDS JACK,0.3772,0.019,0.6038
SPADES KING DIAMONDS THREE,0.4228,0.0072,0.57
CLUBS NINE DIAMONDS JACK,0.3536,0.019,0.6274
CLUBS SEVEN DIAMONDS JACK,0.3752,0.019,0.6058
CLUBS FOUR DIAMONDS JACK,0.4214,0.0234,0.5552
CLUBS FIVE DIAMONDS JACK,0.2896,0.0596,0.6508
CLUBS TWO DIAMONDS JACK,0.422,0.0198,0.5582
CLUBS THREE DIAMONDS JACK,0.4256,0.0212,0.5532
SPADES TEN CLUBS FIVE,0.281,0.0864,0.6326
HEARTS SIX SPADES JACK,0.2914,0.0632,0.6454
HEARTS SIX SPADES TEN,0.2688,0.0792,0.652
SPADES JACK CLUBS FIVE,0.2784,0.0632,0.6584
SPADES JACK DIAMONDS THREE,0.4308,0.0182,0.551
CLUBS SEVEN CLUBS ACE,0.354,0.0048,0.6412
DIAMONDS THREE SPADES TEN,0.436,0.0296,0.5344
CLUBS SEVEN CLUBS QUEEN,0.3602,0.0142,0.6256
CLUBS SEVEN CLUBS KING,0.3586,0.0082,0.6332
SPADES NINE DIAMONDS JACK,0.361,0.017,0.622
CLUBS TEN CLUBS SEVEN,0.348,0.0296,0.6224
DIAMONDS ACE HEARTS ACE,0.191,0.004,0.805
HEARTS FOUR HEARTS ACE,0.3848,0.0042,0.611
SPADES EIGHT DIAMONDS JACK,0.3632,0.0158,0.621
SPADES ACE HEARTS SIX,0.2848,0.0282,0.687
CLUBS SEVEN CLUBS JACK,0.346,0.0182,0.6358
DIAMONDS ACE HEARTS KING,0.3714,0.0052,0.6234
HEARTS FOUR HEARTS KING,0.4034,0.0076,0.589
SPADES SEVEN DIAMONDS JACK,0.3656,0.0164,0.618
SPADES KING HEARTS SIX,0.2774,0.0376,0.685
DIAMONDS ACE HEARTS QUEEN,0.3852,0.0034,0.6114
HEARTS FOUR HEARTS QUEEN,0.4132,0.0122,0.5746
SPADES QUEEN HEARTS SIX,0.291,0.0456,0.6634
SPADES SIX DIAMONDS JACK,0.282,0.0588,0.6592
SPADES TWO DIAMONDS TEN,0.4324,0.0304,0.5372
SPADES THREE DIAMONDS TEN,0.4252,0.0258,0.549
SPADES FOUR DIAMONDS TEN,0.4208,0.0318,0.5474
SPADES SIX DIAMONDS TEN,0.262,0.0828,0.6552
SPADES SEVEN DIAMONDS TEN,0.348,0.0322,0.6198
SPADES EIGHT DIAMONDS TEN,0.3528,0.0284,0.6188
SPADES NINE DIAMONDS TEN,0.3432,0.0212,0.6356
CLUBS FOUR DIAMONDS TEN,0.4162,0.0326,0.5512
CLUBS FIVE DIAMONDS TEN,0.2834,0.0772,0.6394
CLUBS SEVEN DIAMONDS TEN,0.361,0.0298,0.6092
CLUBS EIGHT DIAMONDS TEN,0.3612,0.0302,0.6086
CLUBS NINE DIAMONDS TEN,0.3532,0.0238,0.623
DIAMONDS THREE CLUBS JACK,0.429,0.018,0.553
CLUBS TEN DIAMONDS THREE,0.4276,0.032,0.5404
DIAMONDS THREE CLUBS KING,0.4338,0.0074,0.5588
DIAMONDS THREE CLUBS QUEEN,0.4284,0.0148,0.5568
DIAMONDS THREE CLUBS ACE,0.4032,0.0052,0.5916
SPADES FOUR HEARTS JACK,0.4304,0.0212,0.5484
SPADES FOUR HEARTS TEN,0.4176,0.031,0.5514
SPADES FOUR SPADES TWO,0.5136,0.1454,0.341
SPADES THREE SPADES TWO,0.5108,0.1382,0.351
SPADES NINE SPADES TWO,0.41,0.0362,0.5538
SPADES EIGHT SPADES TWO,0.4136,0.0626,0.5238
SPADES SEVEN SPADES TWO,0.4086,0.1064,0.485
SPADES SIX SPADES TWO,0.3376,0.4218,0.2406
DIAMONDS QUEEN CLUBS THREE,0.4256,0.013,0.5614
HEARTS TWO CLUBS THREE,0.553,0.1484,0.2986
DIAMONDS QUEEN CLUBS TWO,0.4368,0.0144,0.5488
CLUBS TWO HEARTS TWO,0.3858,0.1322,0.482
DIAMONDS QUEEN HEARTS SEVEN,0.3762,0.0128,0.611
HEARTS TWO HEARTS SEVEN,0.4154,0.0964,0.4882
HEARTS SIX DIAMONDS QUEEN,0.2966,0.0462,0.6572
HEARTS SIX HEARTS TWO,0.3308,0.4134,0.2558
DIAMONDS QUEEN HEARTS NINE,0.377,0.0116,0.6114
HEARTS TWO HEARTS NINE,0.407,0.0418,0.5512
DIAMONDS QUEEN HEARTS EIGHT,0.3744,0.0122,0.6134
HEARTS TWO HEARTS EIGHT,0.3934,0.0676,0.539
CLUBS NINE HEARTS TWO,0.422,0.0458,0.5322
CLUBS NINE DIAMONDS QUEEN,0.3548,0.0126,0.6326
CLUBS EIGHT HEARTS TWO,0.4268,0.0634,0.5098
CLUBS EIGHT DIAMONDS QUEEN,0.3606,0.0092,0.6302
CLUBS FIVE DIAMONDS QUEEN,0.296,0.0442,0.6598
CLUBS FIVE HEARTS TWO,0.494,0.2636,0.2424
SPADES EIGHT HEARTS ACE,0.3606,0.004,0.6354
CLUBS FOUR DIAMONDS QUEEN,0.4278,0.014,0.5582
CLUBS FOUR HEARTS TWO,0.5462,0.1484,0.3054
CLUBS SEVEN DIAMONDS QUEEN,0.3796,0.0106,0.6098
CLUBS SEVEN HEARTS TWO,0.4224,0.1064,0.4712
SPADES EIGHT HEARTS QUEEN,0.3688,0.0094,0.6218
SPADES EIGHT HEARTS KING,0.3582,0.0082,0.6336
HEARTS TWO SPADES SIX,0.3388,0.4438,0.2174
DIAMONDS QUEEN SPADES SIX,0.2804,0.0516,0.668
HEARTS FOUR CLUBS QUEEN,0.4156,0.0138,0.5706
DIAMONDS ACE CLUBS QUEEN,0.369,0.0056,0.6254
DIAMONDS QUEEN SPADES SEVEN,0.3746,0.0132,0.6122
HEARTS TWO SPADES SEVEN,0.4258,0.106,0.4682
HEARTS FOUR CLUBS KING,0.4134,0.0108,0.5758
DIAMONDS ACE CLUBS KING,0.3678,0.0052,0.627
DIAMONDS QUEEN SPADES EIGHT,0.3634,0.0104,0.6262
SPADES EIGHT HEARTS TWO,0.4292,0.065,0.5058
HEARTS FOUR CLUBS ACE,0.402,0.0052,0.5928
DIAMONDS ACE CLUBS ACE,0.1902,0.003,0.8068
SPADES NINE DIAMONDS QUEEN,0.3648,0.0086,0.6266
SPADES NINE HEARTS TWO,0.429,0.0438,0.5272
HEARTS TWO SPADES TWO,0.3838,0.12,0.4962
DIAMONDS QUEEN SPADES TWO,0.4358,0.0112,0.553
HEARTS TWO SPADES THREE,0.5386,0.1534,0.308
DIAMONDS QUEEN SPADES THREE,0.4434,0.0104,0.5462
HEARTS TWO SPADES FOUR,0.538,0.1582,0.3038
DIAMONDS QUEEN SPADES FOUR,0.4416,0.011,0.5474
HEARTS FOUR CLUBS TEN,0.4078,0.0294,0.5628
CLUBS TEN DIAMONDS ACE,0.3564,0.0036,0.64
HEARTS FOUR CLUBS JACK,0.4222,0.0198,0.558
DIAMONDS ACE CLUBS JACK,0.3582,0.004,0.6378
CLUBS FIVE CLUBS KING,0.2706,0.0368,0.6926
CLUBS FIVE CLUBS QUEEN,0.29,0.047,0.663
CLUBS FIVE CLUBS ACE,0.2628,0.0232,0.714
CLUBS FIVE CLUBS JACK,0.2706,0.0574,0.672
CLUBS TEN CLUBS FIVE,0.2712,0.0846,0.6442
SPADES KING CLUBS JACK,0.3566,0.0064,0.637
SPADES QUEEN CLUBS JACK,0.3568,0.0096,0.6336
SPADES ACE CLUBS JACK,0.3554,0.0056,0.639
SPADES SIX CLUBS KING,0.2732,0.042,0.6848
SPADES SIX CLUBS QUEEN,0.2722,0.0484,0.6794
SPADES EIGHT HEARTS JACK,0.355,0.0194,0.6256
SPADES SIX CLUBS ACE,0.2676,0.026,0.7064
SPADES EIGHT HEARTS TEN,0.351,0.0268,0.6222
SPADES SIX CLUBS JACK,0.2748,0.065,0.6602
CLUBS TEN SPADES SIX,0.258,0.0864,0.6556
SPADES TEN CLUBS JACK,0.3374,0.0146,0.648
SPADES JACK CLUBS JACK,0.1818,0.0456,0.7726
SPADES QUEEN CLUBS SEVEN,0.366,0.0106,0.6234
SPADES KING CLUBS SEVEN,0.3512,0.0092,0.6396
SPADES ACE CLUBS SEVEN,0.3666,0.0034,0.63
SPADES SIX HEARTS TEN,0.2522,0.075,0.6728
SPADES SIX HEARTS JACK,0.2824,0.06,0.6576
SPADES SIX HEARTS ACE,0.2738,0.0288,0.6974
SPADES SIX HEARTS KING,0.2836,0.037,0.6794
SPADES SIX HEARTS QUEEN,0.276,0.0526,0.6714
CLUBS SEVEN SPADES JACK,0.37,0.0192,0.6108
CLUBS SEVEN SPADES TEN,0.3494,0.0326,0.618
CLUBS TEN HEARTS SIX,0.2666,0.0786,0.6548
HEARTS SIX CLUBS JACK,0.2866,0.0616,0.6518
CLUBS ACE CLUBS JACK,0.3446,0.0046,0.6508
HEARTS SIX CLUBS QUEEN,0.2786,0.0564,0.665
HEARTS SIX CLUBS KING,0.2866,0.0398,0.6736
HEARTS SIX CLUBS ACE,0.277,0.0236,0.6994
CLUBS QUEEN CLUBS JACK,0.346,0.007,0.647
CLUBS KING CLUBS JACK,0.3498,0.0106,0.6396
DIAMONDS THREE HEARTS ACE,0.405,0.005,0.59
DIAMONDS THREE HEARTS QUEEN,0.4298,0.0114,0.5588
DIAMONDS THREE HEARTS KING,0.4362,0.006,0.5578
CLUBS FIVE HEARTS JACK,0.2922,0.0612,0.6466
SPADES TEN DIAMONDS ACE,0.36,0.0038,0.6362
HEARTS FOUR SPADES TEN,0.415,0.0296,0.5554
CLUBS FIVE HEARTS TEN,0.2922,0.0788,0.629
HEARTS FOUR SPADES JACK,0.4288,0.023,0.5482
SPADES JACK DIAMONDS ACE,0.355,0.0032,0.6418
SPADES ACE HEARTS FOUR,0.4018,0.0044,0.5938
SPADES ACE DIAMONDS ACE,0.1752,0.0052,0.8196
CLUBS FIVE HEARTS ACE,0.2642,0.0174,0.7184
CLUBS FIVE HEARTS KING,0.287,0.0338,0.6792
HEARTS FOUR SPADES QUEEN,0.4118,0.0136,0.5746
SPADES QUEEN DIAMONDS ACE,0.3724,0.0038,0.6238
SPADES FOUR CLUBS JACK,0.4252,0.0228,0.552
CLUBS FIVE HEARTS QUEEN,0.297,0.0476,0.6554
SPADES KING DIAMONDS ACE,0.369,0.0038,0.6272
HEARTS FOUR SPADES KING,0.4214,0.0102,0.5684
CLUBS TEN SPADES FOUR,0.409,0.0306,0.5604
DIAMONDS QUEEN DIAMONDS ACE,0.3532,0.004,0.6428
HEARTS TWO DIAMONDS ACE,0.4286,0.0026,0.5688
HEARTS FOUR DIAMONDS QUEEN,0.435,0.013,0.552
HEARTS FOUR HEARTS TWO,0.4842,0.1522,0.3636
DIAMONDS THREE HEARTS TEN,0.4248,0.0292,0.546
SPADES FOUR CLUBS KING,0.4176,0.008,0.5744
HEARTS FIVE DIAMONDS QUEEN,0.2938,0.0522,0.654
HEARTS FIVE HEARTS TWO,0.4648,0.244,0.2912
DIAMONDS THREE HEARTS JACK,0.4298,0.0192,0.551
SPADES FOUR CLUBS QUEEN,0.425,0.0114,0.5636
DIAMONDS QUEEN HEARTS TWO,0.4326,0.0132,0.5542
DIAMONDS KING DIAMONDS QUEEN,0.3492,0.0028,0.648
DIAMONDS KING HEARTS TWO,0.4286,0.009,0.5624
HEARTS THREE DIAMONDS QUEEN,0.4258,0.0138,0.5604
HEARTS THREE HEARTS TWO,0.504,0.1438,0.3522
SPADES FOUR CLUBS ACE,0.4038,0.006,0.5902
HEARTS TWO CLUBS ACE,0.4118,0.0078,0.5804
DIAMONDS QUEEN CLUBS ACE,0.3684,0.004,0.6276
HEARTS TWO CLUBS QUEEN,0.4256,0.014,0.5604
DIAMONDS QUEEN CLUBS QUEEN,0.1822,0.0332,0.7846
HEARTS TWO CLUBS KING,0.4344,0.009,0.5566
DIAMONDS QUEEN CLUBS KING,0.3702,0.0058,0.624
CLUBS TEN HEARTS TWO,0.4176,0.027,0.5554
CLUBS TEN DIAMONDS QUEEN,0.3672,0.0098,0.623
HEARTS TWO CLUBS JACK,0.4288,0.0264,0.5448
DIAMONDS QUEEN CLUBS JACK,0.3664,0.0104,0.6232
DIAMONDS FIVE CLUBS QUEEN,0.2878,0.047,0.6652
SPADES EIGHT CLUBS ACE,0.37,0.0056,0.6244
DIAMONDS FIVE CLUBS KING,0.2768,0.028,0.6952
SPADES EIGHT CLUBS KING,0.3642,0.008,0.6278
CLUBS ACE DIAMONDS FIVE,0.2646,0.0184,0.717
SPADES EIGHT CLUBS QUEEN,0.3596,0.014,0.6264
SPADES EIGHT CLUBS JACK,0.3558,0.0182,0.626
CLUBS TEN SPADES EIGHT,0.3456,0.0284,0.626
CLUBS TEN DIAMONDS FIVE,0.2768,0.08,0.6432
DIAMONDS FIVE CLUBS JACK,0.2768,0.0562,0.667
HEARTS JACK DIAMONDS TEN,0.3456,0.013,0.6414
DIAMONDS TEN HEARTS TEN,0.184,0.0696,0.7464
SPADES ACE CLUBS NINE,0.3588,0.0058,0.6354
CLUBS NINE SPADES QUEEN,0.3606,0.0104,0.629
CLUBS NINE SPADES KING,0.3678,0.0074,0.6248
HEARTS SIX HEARTS KING,0.2642,0.0372,0.6986
DIAMONDS KING SPADES SEVEN,0.3722,0.0084,0.6194
HEARTS THREE SPADES SEVEN,0.42,0.1142,0.4658
SPADES KING DIAMONDS SEVEN,0.3708,0.007,0.6222
HEARTS SIX HEARTS QUEEN,0.275,0.0494,0.6756
SPADES QUEEN DIAMONDS SEVEN,0.3684,0.0134,0.6182
HEARTS THREE SPADES SIX,0.3426,0.447,0.2104
DIAMONDS KING SPADES SIX,0.2776,0.0358,0.6866
DIAMONDS KING SPADES NINE,0.3754,0.0082,0.6164
HEARTS THREE SPADES NINE,0.423,0.0416,0.5354
HEARTS SIX HEARTS ACE,0.2804,0.0252,0.6944
DIAMONDS KING SPADES EIGHT,0.3688,0.0066,0.6246
HEARTS THREE SPADES EIGHT,0.4168,0.0712,0.512
SPADES ACE DIAMONDS SEVEN,0.3646,0.0028,0.6326
CLUBS NINE HEARTS THREE,0.4352,0.047,0.5178
CLUBS NINE DIAMONDS KING,0.3626,0.0078,0.6296
HEARTS THREE CLUBS EIGHT,0.4308,0.0742,0.495
CLUBS EIGHT DIAMONDS KING,0.3824,0.007,0.6106
HEARTS THREE SPADES THREE,0.3706,0.128,0.5014
DIAMONDS KING SPADES THREE,0.4336,0.009,0.5574
HEARTS THREE SPADES TWO,0.5224,0.1592,0.3184
DIAMONDS KING SPADES TWO,0.4274,0.0088,0.5638
HEARTS THREE SPADES FOUR,0.5378,0.1572,0.305
