opposingHand,winningChance,drawChance,lostChance
CLUBS THREE HEARTS QUEEN
HEARTS FIVE SPADES TEN,0.6038,0.0108,0.3854
SPADES JACK HEARTS FIVE,0.6036,0.01,0.3864
CLUBS JACK SPADES FIVE,0.584,0.0124,0.4036
CLUBS TEN SPADES FIVE,0.5922,0.012,0.3958
CLUBS JACK CLUBS EIGHT,0.5254,0.011,0.4636
CLUBS TEN CLUBS EIGHT,0.5278,0.011,0.4612
CLUBS EIGHT CLUBS KING,0.3414,0.0084,0.6502
SPADES FIVE CLUBS ACE,0.328,0.0064,0.6656
CLUBS EIGHT CLUBS QUEEN,0.2164,0.2234,0.5602
SPADES FIVE CLUBS KING,0.3622,0.0082,0.6296
SPADES FIVE CLUBS QUEEN,0.208,0.4648,0.3272
CLUBS EIGHT CLUBS ACE,0.3436,0.0054,0.651
DIAMONDS TWO DIAMONDS THREE,0.6556,0.0416,0.3028
DIAMONDS TWO DIAMONDS FIVE,0.564,0.016,0.42
SPADES KING HEARTS FIVE,0.36,0.0074,0.6326
DIAMONDS TWO DIAMONDS FOUR,0.5766,0.016,0.4074
SPADES QUEEN HEARTS FIVE,0.2152,0.462,0.3228
DIAMONDS TWO DIAMONDS SEVEN,0.5948,0.0122,0.393
DIAMONDS TWO DIAMONDS SIX,0.582,0.0156,0.4024
SPADES ACE HEARTS FIVE,0.3442,0.005,0.6508
DIAMONDS TWO DIAMONDS NINE,0.5734,0.012,0.4146
DIAMONDS TWO DIAMONDS EIGHT,0.578,0.0154,0.4066
DIAMONDS THREE DIAMONDS FOUR,0.6414,0.039,0.3196
CLUBS TWO SPADES FOUR,0.6156,0.0178,0.3666
DIAMONDS THREE DIAMONDS FIVE,0.6338,0.0444,0.3218
SPADES FIVE CLUBS TWO,0.613,0.016,0.371
CLUBS TWO SPADES TWO,0.4288,0.0356,0.5356
CLUBS TWO SPADES THREE,0.7076,0.0384,0.254
DIAMONDS THREE DIAMONDS EIGHT,0.6742,0.0364,0.2894
SPADES EIGHT CLUBS TWO,0.6224,0.0138,0.3638
DIAMONDS THREE DIAMONDS NINE,0.6694,0.0414,0.2892
SPADES NINE CLUBS TWO,0.626,0.0138,0.3602
DIAMONDS THREE DIAMONDS SIX,0.6684,0.0348,0.2968
SPADES SIX CLUBS TWO,0.6116,0.0176,0.3708
DIAMONDS THREE DIAMONDS SEVEN,0.6514,0.0412,0.3074
SPADES SEVEN CLUBS TWO,0.6374,0.0132,0.3494
CLUBS SIX CLUBS TWO,0.5902,0.0126,0.3972
CLUBS SEVEN CLUBS TWO,0.6042,0.0128,0.383
CLUBS FOUR CLUBS TWO,0.575,0.0136,0.4114
CLUBS FIVE CLUBS TWO,0.579,0.015,0.406
CLUBS TEN CLUBS JACK,0.5046,0.0096,0.4858
DIAMONDS FOUR DIAMONDS SIX,0.5362,0.0144,0.4494
CLUBS TEN CLUBS QUEEN,0.214,0.1258,0.6602
DIAMONDS FOUR DIAMONDS SEVEN,0.5504,0.0138,0.4358
CLUBS TEN CLUBS KING,0.3118,0.008,0.6802
CLUBS TEN CLUBS ACE,0.3166,0.0046,0.6788
CLUBS EIGHT CLUBS TWO,0.605,0.0122,0.3828
DIAMONDS FIVE DIAMONDS FOUR,0.5232,0.0124,0.4644
CLUBS NINE CLUBS TWO,0.5948,0.014,0.3912
DIAMONDS NINE DIAMONDS FOUR,0.5476,0.014,0.4384
DIAMONDS EIGHT DIAMONDS FOUR,0.5396,0.014,0.4464
DIAMONDS NINE DIAMONDS FIVE,0.546,0.0126,0.4414
CLUBS JACK DIAMONDS TWO,0.6298,0.011,0.3592
DIAMONDS EIGHT DIAMONDS FIVE,0.5242,0.0132,0.4626
CLUBS TEN DIAMONDS TWO,0.6146,0.0154,0.37
DIAMONDS FIVE DIAMONDS SEVEN,0.5172,0.0108,0.472
DIAMONDS FIVE DIAMONDS SIX,0.5268,0.0154,0.4578
DIAMONDS TWO CLUBS ACE,0.3802,0.0052,0.6146
DIAMONDS TWO CLUBS KING,0.3796,0.0092,0.6112
DIAMONDS TWO CLUBS QUEEN,0.2564,0.5312,0.2124
DIAMONDS EIGHT DIAMONDS SIX,0.5156,0.0128,0.4716
DIAMONDS NINE DIAMONDS SIX,0.53,0.0158,0.4542
HEARTS ACE SPADES THREE,0.2324,0.022,0.7456
SPADES THREE HEARTS KING,0.2254,0.0338,0.7408
DIAMONDS SEVEN DIAMONDS SIX,0.5178,0.0132,0.469
HEARTS JACK SPADES THREE,0.723,0.046,0.231
SPADES THREE HEARTS TEN,0.7212,0.049,0.2298
DIAMONDS EIGHT DIAMONDS SEVEN,0.5042,0.0112,0.4846
DIAMONDS NINE DIAMONDS SEVEN,0.5174,0.0114,0.4712
DIAMONDS NINE DIAMONDS EIGHT,0.5122,0.0102,0.4776
DIAMONDS KING HEARTS TEN,0.336,0.0058,0.6582
HEARTS THREE HEARTS TEN,0.6936,0.0462,0.2602
SPADES JACK CLUBS SIX,0.5858,0.0116,0.4026
DIAMONDS KING HEARTS JACK,0.3492,0.0086,0.6422
HEARTS THREE HEARTS JACK,0.6892,0.046,0.2648
SPADES TEN CLUBS SIX,0.574,0.0114,0.4146
SPADES JACK SPADES FIVE,0.5578,0.012,0.4302
SPADES TEN SPADES FIVE,0.5512,0.0104,0.4384
DIAMONDS KING HEARTS ACE,0.3202,0.0044,0.6754
HEARTS THREE HEARTS ACE,0.2232,0.0208,0.756
SPADES ACE CLUBS SIX,0.3536,0.0042,0.6422
SPADES KING CLUBS SIX,0.3488,0.0088,0.6424
DIAMONDS KING HEARTS KING,0.124,0.0062,0.8698
HEARTS THREE HEARTS KING,0.23,0.0334,0.7366
SPADES QUEEN CLUBS SIX,0.2194,0.3848,0.3958
SPADES NINE HEARTS TEN,0.5488,0.0122,0.439
SPADES NINE HEARTS JACK,0.5622,0.011,0.4268
SPADES QUEEN SPADES FIVE,0.2138,0.4348,0.3514
SPADES KING SPADES FIVE,0.327,0.0078,0.6652
SPADES ACE SPADES FIVE,0.3256,0.0066,0.6678
SPADES NINE HEARTS KING,0.3446,0.007,0.6484
SPADES NINE HEARTS ACE,0.3552,0.005,0.6398
CLUBS TEN SPADES JACK,0.5324,0.0098,0.4578
CLUBS TEN SPADES TEN,0.2836,0.0186,0.6978
SPADES ACE CLUBS TEN,0.3344,0.0042,0.6614
CLUBS TEN SPADES KING,0.3174,0.0072,0.6754
CLUBS TEN SPADES QUEEN,0.2246,0.1258,0.6496
SPADES FIVE HEARTS KING,0.3526,0.0072,0.6402
HEARTS ACE SPADES FIVE,0.336,0.0056,0.6584
CLUBS EIGHT SPADES TEN,0.5376,0.011,0.4514
HEARTS THREE SPADES JACK,0.728,0.0448,0.2272
SPADES JACK DIAMONDS KING,0.333,0.0062,0.6608
SPADES TEN DIAMONDS KING,0.3454,0.0074,0.6472
HEARTS THREE SPADES TEN,0.725,0.044,0.231
CLUBS EIGHT SPADES JACK,0.5596,0.0106,0.4298
CLUBS SIX HEARTS ACE,0.3534,0.005,0.6416
SPADES ACE CLUBS EIGHT,0.3344,0.0042,0.6614
CLUBS JACK HEARTS FIVE,0.588,0.0124,0.3996
CLUBS TEN HEARTS FIVE,0.605,0.0098,0.3852
SPADES QUEEN CLUBS EIGHT,0.2298,0.2256,0.5446
CLUBS TEN SPADES THREE,0.7198,0.0464,0.2338
CLUBS SIX HEARTS KING,0.3402,0.008,0.6518
SPADES KING CLUBS EIGHT,0.3662,0.0064,0.6274
CLUBS JACK SPADES THREE,0.7114,0.045,0.2436
DIAMONDS TWO HEARTS JACK,0.6272,0.014,0.3588
SPADES THREE CLUBS QUEEN,0.0126,0.971,0.0164
DIAMONDS TWO HEARTS TEN,0.6228,0.0128,0.3644
SPADES THREE CLUBS KING,0.227,0.0362,0.7368
HEARTS FIVE CLUBS ACE,0.3402,0.0044,0.6554
SPADES FIVE HEARTS TEN,0.6032,0.0114,0.3854
SPADES THREE CLUBS ACE,0.2264,0.019,0.7546
HEARTS FIVE CLUBS KING,0.349,0.007,0.644
SPADES FIVE HEARTS JACK,0.5918,0.0134,0.3948
HEARTS FIVE CLUBS QUEEN,0.2236,0.469,0.3074
HEARTS THREE CLUBS KING,0.2282,0.0316,0.7402
DIAMONDS KING CLUBS KING,0.123,0.0038,0.8732
HEARTS THREE CLUBS QUEEN,0.0074,0.9858,0.0068
DIAMONDS KING CLUBS QUEEN,0.2198,0.027,0.7532
HEARTS FIVE HEARTS JACK,0.5658,0.014,0.4202
HEARTS FIVE HEARTS TEN,0.5686,0.0126,0.4188
HEARTS THREE CLUBS ACE,0.2224,0.0214,0.7562
DIAMONDS KING CLUBS ACE,0.3144,0.0048,0.6808
SPADES ACE CLUBS QUEEN,0.232,0.0156,0.7524
SPADES KING CLUBS QUEEN,0.2242,0.0258,0.75
CLUBS JACK HEARTS THREE,0.732,0.0468,0.2212
CLUBS JACK DIAMONDS KING,0.3228,0.0072,0.67
SPADES QUEEN CLUBS QUEEN,0.0732,0.0256,0.9012
CLUBS TEN HEARTS THREE,0.723,0.0464,0.2306
CLUBS TEN DIAMONDS KING,0.3348,0.0084,0.6568
SPADES JACK CLUBS QUEEN,0.2246,0.0878,0.6876
CLUBS SIX CLUBS QUEEN,0.23,0.3498,0.4202
SPADES TEN CLUBS QUEEN,0.228,0.1258,0.6462
CLUBS SIX CLUBS KING,0.3378,0.007,0.6552
CLUBS SIX CLUBS ACE,0.3436,0.003,0.6534
HEARTS FIVE HEARTS KING,0.326,0.007,0.667
CLUBS TEN CLUBS SIX,0.5466,0.012,0.4414
HEARTS FIVE HEARTS ACE,0.3348,0.007,0.6582
CLUBS JACK CLUBS SIX,0.5536,0.012,0.4344
SPADES SEVEN HEARTS JACK,0.5906,0.0104,0.399
SPADES SEVEN HEARTS TEN,0.5736,0.0132,0.4132
DIAMONDS TWO CLUBS TWO,0.4206,0.036,0.5434
HEARTS SIX DIAMONDS TWO,0.6158,0.0166,0.3676
DIAMONDS TWO HEARTS SEVEN,0.6416,0.0124,0.346
DIAMONDS TWO HEARTS KING,0.385,0.007,0.608
DIAMONDS TWO HEARTS EIGHT,0.6114,0.0118,0.3768
DIAMONDS TWO HEARTS ACE,0.3812,0.0056,0.6132
DIAMONDS TWO HEARTS NINE,0.6242,0.0132,0.3626
DIAMONDS TWO DIAMONDS QUEEN,0.2448,0.4898,0.2654
DIAMONDS TWO HEARTS TWO,0.4264,0.0352,0.5384
DIAMONDS TWO DIAMONDS KING,0.3636,0.0098,0.6266
HEARTS THREE DIAMONDS TWO,0.7018,0.0456,0.2526
DIAMONDS TWO DIAMONDS ACE,0.3502,0.0046,0.6452
HEARTS FOUR DIAMONDS TWO,0.6142,0.0152,0.3706
DIAMONDS TWO HEARTS FIVE,0.6152,0.015,0.3698
SPADES SEVEN HEARTS ACE,0.3362,0.0062,0.6576
DIAMONDS TWO DIAMONDS TEN,0.5946,0.01,0.3954
SPADES SEVEN HEARTS KING,0.3628,0.0086,0.6286
DIAMONDS TWO DIAMONDS JACK,0.5888,0.0132,0.398
DIAMONDS TWO SPADES NINE,0.6186,0.0122,0.3692
DIAMONDS TWO SPADES EIGHT,0.6106,0.0116,0.3778
DIAMONDS TWO SPADES SEVEN,0.6338,0.0116,0.3546
DIAMONDS TWO SPADES SIX,0.613,0.013,0.374
DIAMONDS TWO SPADES FIVE,0.6162,0.0124,0.3714
DIAMONDS TWO SPADES FOUR,0.6046,0.013,0.3824
DIAMONDS TWO SPADES THREE,0.7042,0.0424,0.2534
DIAMONDS TWO SPADES TWO,0.4254,0.0422,0.5324
DIAMONDS TWO CLUBS NINE,0.6206,0.0144,0.365
CLUBS EIGHT DIAMONDS TWO,0.6122,0.0118,0.376
DIAMONDS TWO CLUBS SEVEN,0.6348,0.011,0.3542
DIAMONDS TWO CLUBS SIX,0.6214,0.0112,0.3674
DIAMONDS TWO CLUBS FIVE,0.5982,0.0118,0.39
DIAMONDS TWO CLUBS FOUR,0.6182,0.016,0.3658
CLUBS FOUR SPADES FIVE,0.5592,0.0148,0.426
CLUBS FOUR SPADES FOUR,0.316,0.0346,0.6494
CLUBS FOUR SPADES THREE,0.6764,0.042,0.2816
CLUBS FOUR SPADES TWO,0.6122,0.016,0.3718
SPADES NINE CLUBS FOUR,0.5954,0.0118,0.3928
SPADES EIGHT CLUBS FOUR,0.5854,0.0122,0.4024
CLUBS FOUR SPADES SEVEN,0.5754,0.0124,0.4122
CLUBS FOUR SPADES SIX,0.5766,0.012,0.4114
SPADES ACE DIAMONDS SIX,0.3484,0.0032,0.6484
SPADES QUEEN DIAMONDS SIX,0.2284,0.3724,0.3992
SPADES KING DIAMONDS SIX,0.3652,0.0056,0.6292
SPADES TEN DIAMONDS SIX,0.5806,0.0098,0.4096
SPADES JACK DIAMONDS SIX,0.6086,0.0116,0.3798
SPADES QUEEN SPADES TWO,0.2516,0.4818,0.2666
SPADES KING SPADES TWO,0.3578,0.0084,0.6338
SPADES ACE SPADES TWO,0.3506,0.0056,0.6438
CLUBS JACK DIAMONDS JACK,0.2794,0.0102,0.7104
CLUBS TEN DIAMONDS JACK,0.5284,0.009,0.4626
DIAMONDS JACK CLUBS KING,0.3392,0.0072,0.6536
DIAMONDS JACK CLUBS QUEEN,0.2258,0.092,0.6822
DIAMONDS THREE DIAMONDS JACK,0.6798,0.04,0.2802
DIAMONDS THREE DIAMONDS TEN,0.6694,0.0438,0.2868
DIAMONDS JACK CLUBS ACE,0.34,0.0022,0.6578
DIAMONDS THREE DIAMONDS KING,0.2252,0.0318,0.743
HEARTS THREE DIAMONDS THREE,0.3018,0.0298,0.6684
DIAMONDS THREE DIAMONDS QUEEN,0.022,0.8988,0.0792
DIAMONDS THREE HEARTS TWO,0.7078,0.0482,0.244
HEARTS FIVE DIAMONDS THREE,0.688,0.0416,0.2704
DIAMONDS THREE DIAMONDS ACE,0.2192,0.0198,0.761
HEARTS FOUR DIAMONDS THREE,0.6908,0.0434,0.2658
DIAMONDS THREE HEARTS SEVEN,0.7022,0.0344,0.2634
SPADES TEN SPADES NINE,0.5126,0.01,0.4774
HEARTS SIX DIAMONDS THREE,0.7046,0.0382,0.2572
SPADES JACK SPADES NINE,0.5172,0.0088,0.474
DIAMONDS THREE HEARTS NINE,0.7164,0.0456,0.238
HEARTS JACK DIAMONDS FOUR,0.5978,0.0134,0.3888
HEARTS ACE HEARTS KING,0.301,0.0066,0.6924
SPADES TEN SPADES TWO,0.5856,0.0134,0.401
DIAMONDS THREE HEARTS EIGHT,0.7208,0.0414,0.2378
HEARTS TEN DIAMONDS FOUR,0.6096,0.013,0.3774
SPADES JACK SPADES TWO,0.5928,0.0098,0.3974
HEARTS KING DIAMONDS FOUR,0.3654,0.0076,0.627
SPADES ACE SPADES NINE,0.3386,0.0038,0.6576
HEARTS ACE DIAMONDS FOUR,0.3424,0.0052,0.6524
SPADES KING SPADES NINE,0.3286,0.0072,0.6642
SPADES QUEEN SPADES NINE,0.2136,0.1596,0.6268
DIAMONDS THREE SPADES NINE,0.7206,0.0412,0.2382
DIAMONDS THREE SPADES EIGHT,0.7004,0.0412,0.2584
DIAMONDS THREE SPADES SEVEN,0.7034,0.0376,0.259
DIAMONDS THREE SPADES SIX,0.6968,0.036,0.2672
DIAMONDS THREE CLUBS SIX,0.6968,0.0394,0.2638
CLUBS SIX CLUBS FIVE,0.526,0.0164,0.4576
CLUBS ACE DIAMONDS FOUR,0.3382,0.005,0.6568
DIAMONDS THREE CLUBS SEVEN,0.6946,0.042,0.2634
CLUBS SEVEN CLUBS FIVE,0.5386,0.011,0.4504
DIAMONDS THREE CLUBS FOUR,0.6778,0.0446,0.2776
DIAMONDS FOUR CLUBS QUEEN,0.21,0.5226,0.2674
DIAMONDS THREE CLUBS FIVE,0.6734,0.0426,0.284
DIAMONDS FOUR CLUBS KING,0.3502,0.008,0.6418
DIAMONDS THREE CLUBS TWO,0.7208,0.0428,0.2364
CLUBS TEN DIAMONDS FOUR,0.5986,0.0134,0.388
CLUBS JACK DIAMONDS FOUR,0.5972,0.0146,0.3882
DIAMONDS THREE SPADES FOUR,0.691,0.0442,0.2648
DIAMONDS THREE SPADES FIVE,0.666,0.0442,0.2898
DIAMONDS THREE SPADES TWO,0.697,0.0486,0.2544
DIAMONDS THREE SPADES THREE,0.3012,0.0292,0.6696
CLUBS EIGHT DIAMONDS THREE,0.7236,0.0354,0.241
CLUBS NINE DIAMONDS THREE,0.712,0.0416,0.2464
SPADES SEVEN CLUBS ACE,0.3564,0.0038,0.6398
SPADES SEVEN CLUBS QUEEN,0.2232,0.3074,0.4694
SPADES SEVEN CLUBS KING,0.366,0.0076,0.6264
SPADES SEVEN CLUBS FIVE,0.5636,0.0126,0.4238
CLUBS TEN SPADES SEVEN,0.5694,0.013,0.4176
CLUBS FIVE SPADES SIX,0.5622,0.013,0.4248
CLUBS JACK SPADES SEVEN,0.5736,0.0106,0.4158
SPADES NINE CLUBS FIVE,0.5774,0.0106,0.412
SPADES EIGHT CLUBS FIVE,0.5726,0.0106,0.4168
CLUBS FIVE SPADES THREE,0.6708,0.0446,0.2846
CLUBS FIVE SPADES TWO,0.6098,0.0146,0.3756
CLUBS FIVE SPADES FIVE,0.323,0.0308,0.6462
CLUBS FIVE SPADES FOUR,0.5534,0.0164,0.4302
CLUBS NINE CLUBS FIVE,0.5546,0.0122,0.4332
CLUBS EIGHT CLUBS FIVE,0.5382,0.0136,0.4482
CLUBS ACE CLUBS QUEEN,0.21,0.0128,0.7772
CLUBS KING CLUBS QUEEN,0.22,0.0302,0.7498
DIAMONDS TEN DIAMONDS FOUR,0.561,0.0116,0.4274
CLUBS TEN DIAMONDS NINE,0.5444,0.0124,0.4432
DIAMONDS JACK DIAMONDS FOUR,0.5626,0.0134,0.424
CLUBS JACK DIAMONDS NINE,0.5462,0.0112,0.4426
CLUBS JACK SPADES NINE,0.5392,0.0116,0.4492
CLUBS TEN SPADES NINE,0.5364,0.0108,0.4528
DIAMONDS ACE DIAMONDS FOUR,0.3218,0.0048,0.6734
HEARTS FOUR DIAMONDS FOUR,0.3146,0.0372,0.6482
DIAMONDS JACK HEARTS TEN,0.5386,0.0086,0.4528
SPADES NINE CLUBS KING,0.3544,0.0066,0.639
DIAMONDS TWO SPADES TEN,0.622,0.0106,0.3674
DIAMONDS NINE CLUBS ACE,0.3538,0.005,0.6412
HEARTS FIVE DIAMONDS FOUR,0.5776,0.0132,0.4092
HEARTS JACK DIAMONDS JACK,0.2812,0.0092,0.7096
SPADES NINE CLUBS QUEEN,0.2296,0.1658,0.6046
DIAMONDS TWO SPADES JACK,0.6232,0.013,0.3638
DIAMONDS QUEEN DIAMONDS FOUR,0.2164,0.4732,0.3104
HEARTS TWO DIAMONDS FOUR,0.6174,0.0152,0.3674
DIAMONDS NINE CLUBS QUEEN,0.2304,0.1764,0.5932
DIAMONDS KING DIAMONDS FOUR,0.3382,0.0084,0.6534
HEARTS THREE DIAMONDS FOUR,0.6984,0.0446,0.257
SPADES NINE CLUBS ACE,0.3554,0.0044,0.6402
DIAMONDS NINE CLUBS KING,0.3508,0.0072,0.642
HEARTS ACE DIAMONDS JACK,0.3418,0.0056,0.6526
SPADES ACE DIAMONDS TWO,0.3798,0.0038,0.6164
SPADES QUEEN DIAMONDS TWO,0.2746,0.5136,0.2118
DIAMONDS JACK HEARTS KING,0.3336,0.0072,0.6592
SPADES KING DIAMONDS TWO,0.3934,0.0072,0.5994
SPADES JACK SPADES SEVEN,0.5254,0.013,0.4616
SPADES TEN SPADES SEVEN,0.5296,0.0122,0.4582
SPADES TWO DIAMONDS FOUR,0.6072,0.014,0.3788
SPADES THREE DIAMONDS FOUR,0.669,0.0382,0.2928
SPADES FOUR DIAMONDS FOUR,0.3366,0.0328,0.6306
SPADES FIVE DIAMONDS FOUR,0.567,0.012,0.421
SPADES SIX DIAMONDS FOUR,0.577,0.0128,0.4102
SPADES SEVEN DIAMONDS FOUR,0.5826,0.0134,0.404
SPADES EIGHT DIAMONDS FOUR,0.5774,0.0118,0.4108
SPADES NINE DIAMONDS FOUR,0.5956,0.0152,0.3892
CLUBS FIVE DIAMONDS FOUR,0.5516,0.0124,0.436
CLUBS FOUR DIAMONDS FOUR,0.322,0.0336,0.6444
CLUBS SEVEN DIAMONDS FOUR,0.5716,0.015,0.4134
CLUBS SIX DIAMONDS FOUR,0.5754,0.0122,0.4124
CLUBS NINE DIAMONDS FOUR,0.587,0.0138,0.3992
CLUBS EIGHT DIAMONDS FOUR,0.585,0.0108,0.4042
DIAMONDS FOUR HEARTS SEVEN,0.5842,0.0132,0.4026
HEARTS SIX DIAMONDS FOUR,0.5686,0.0152,0.4162
HEARTS NINE DIAMONDS FOUR,0.5996,0.0166,0.3838
DIAMONDS FOUR HEARTS EIGHT,0.5854,0.013,0.4016
CLUBS TWO DIAMONDS FOUR,0.6216,0.0138,0.3646
DIAMONDS TEN DIAMONDS FIVE,0.5586,0.013,0.4284
DIAMONDS JACK DIAMONDS FIVE,0.555,0.011,0.434
DIAMONDS NINE HEARTS KING,0.3468,0.0056,0.6476
HEARTS ACE DIAMONDS NINE,0.3514,0.0058,0.6428
DIAMONDS NINE HEARTS TEN,0.5436,0.0082,0.4482
DIAMONDS NINE HEARTS JACK,0.56,0.0098,0.4302
CLUBS KING DIAMONDS SIX,0.345,0.01,0.645
CLUBS QUEEN DIAMONDS SIX,0.2092,0.3952,0.3956
CLUBS ACE DIAMONDS SIX,0.3596,0.0048,0.6356
SPADES KING DIAMONDS FOUR,0.3606,0.0066,0.6328
SPADES ACE SPADES SEVEN,0.338,0.0036,0.6584
SPADES QUEEN DIAMONDS FOUR,0.2284,0.4868,0.2848
SPADES QUEEN SPADES SEVEN,0.2164,0.2818,0.5018
CLUBS JACK DIAMONDS SIX,0.5948,0.0124,0.3928
SPADES KING SPADES SEVEN,0.3394,0.0088,0.6518
SPADES ACE DIAMONDS FOUR,0.3566,0.0032,0.6402
CLUBS TEN DIAMONDS SIX,0.5712,0.0148,0.414
CLUBS NINE CLUBS FOUR,0.5736,0.0126,0.4138
CLUBS EIGHT CLUBS FOUR,0.5694,0.0154,0.4152
SPADES JACK DIAMONDS FOUR,0.6004,0.0104,0.3892
SPADES TEN DIAMONDS FOUR,0.5882,0.014,0.3978
CLUBS FOUR CLUBS FIVE,0.5384,0.0122,0.4494
CLUBS SEVEN CLUBS FOUR,0.548,0.0168,0.4352
CLUBS SIX CLUBS FOUR,0.5336,0.0134,0.453
CLUBS SEVEN SPADES EIGHT,0.549,0.0106,0.4404
SPADES NINE CLUBS SEVEN,0.5582,0.0122,0.4296
CLUBS SEVEN SPADES SIX,0.5494,0.0104,0.4402
CLUBS SEVEN SPADES SEVEN,0.3206,0.024,0.6554
CLUBS SEVEN SPADES FIVE,0.561,0.0132,0.4258
CLUBS SEVEN SPADES FOUR,0.5794,0.0128,0.4078
CLUBS SEVEN SPADES THREE,0.698,0.036,0.266
CLUBS SEVEN SPADES TWO,0.6334,0.0102,0.3564
CLUBS NINE CLUBS SEVEN,0.52,0.0116,0.4684
CLUBS EIGHT CLUBS SEVEN,0.528,0.0118,0.4602
HEARTS SIX DIAMONDS FIVE,0.5594,0.0134,0.4272
DIAMONDS FIVE HEARTS SEVEN,0.568,0.0112,0.4208
DIAMONDS FIVE HEARTS EIGHT,0.5664,0.0122,0.4214
HEARTS NINE DIAMONDS FIVE,0.587,0.011,0.402
DIAMONDS QUEEN DIAMONDS FIVE,0.2036,0.4486,0.3478
HEARTS TWO DIAMONDS FIVE,0.6228,0.0144,0.3628
HEARTS KING HEARTS EIGHT,0.3518,0.0064,0.6418
DIAMONDS KING DIAMONDS FIVE,0.3386,0.009,0.6524
HEARTS THREE DIAMONDS FIVE,0.6842,0.044,0.2718
DIAMONDS ACE DIAMONDS FIVE,0.316,0.0038,0.6802
HEARTS FOUR DIAMONDS FIVE,0.5662,0.015,0.4188
HEARTS FIVE DIAMONDS FIVE,0.3348,0.0348,0.6304
HEARTS ACE HEARTS EIGHT,0.337,0.0052,0.6578
CLUBS FOUR DIAMONDS FIVE,0.5586,0.0146,0.4268
CLUBS FIVE DIAMONDS FIVE,0.331,0.0302,0.6388
CLUBS SIX DIAMONDS FIVE,0.5468,0.0136,0.4396
CLUBS SEVEN DIAMONDS FIVE,0.5664,0.0136,0.42
CLUBS TWO DIAMONDS FIVE,0.6132,0.014,0.3728
SPADES THREE DIAMONDS FIVE,0.669,0.0454,0.2856
SPADES TWO DIAMONDS FIVE,0.6166,0.0136,0.3698
SPADES JACK DIAMONDS EIGHT,0.5716,0.0108,0.4176
SPADES FIVE DIAMONDS FIVE,0.327,0.0274,0.6456
CLUBS TEN HEARTS JACK,0.5518,0.0096,0.4386
SPADES TEN DIAMONDS EIGHT,0.5506,0.0128,0.4366
SPADES FOUR DIAMONDS FIVE,0.5644,0.0114,0.4242
CLUBS JACK HEARTS JACK,0.2776,0.0126,0.7098
HEARTS JACK CLUBS QUEEN,0.2206,0.0954,0.684
CLUBS NINE DIAMONDS FIVE,0.584,0.0114,0.4046
CLUBS EIGHT DIAMONDS FIVE,0.5582,0.0116,0.4302
HEARTS JACK CLUBS KING,0.3346,0.0088,0.6566
HEARTS JACK CLUBS ACE,0.3452,0.0062,0.6486
SPADES SEVEN DIAMONDS FIVE,0.567,0.0164,0.4166
SPADES KING DIAMONDS EIGHT,0.3722,0.004,0.6238
SPADES QUEEN DIAMONDS EIGHT,0.2226,0.2292,0.5482
SPADES SIX DIAMONDS FIVE,0.5584,0.012,0.4296
SPADES NINE DIAMONDS FIVE,0.5822,0.0122,0.4056
SPADES EIGHT DIAMONDS FIVE,0.566,0.0132,0.4208
SPADES ACE DIAMONDS EIGHT,0.3676,0.0036,0.6288
DIAMONDS TEN DIAMONDS SIX,0.552,0.0092,0.4388
HEARTS ACE DIAMONDS SEVEN,0.357,0.004,0.639
DIAMONDS JACK DIAMONDS SIX,0.549,0.0098,0.4412
HEARTS KING DIAMONDS SEVEN,0.3696,0.009,0.6214
DIAMONDS ACE DIAMONDS SIX,0.3392,0.003,0.6578
HEARTS FOUR DIAMONDS SIX,0.5728,0.0142,0.413
HEARTS JACK SPADES TWO,0.6378,0.0096,0.3526
HEARTS FIVE DIAMONDS SIX,0.5618,0.0136,0.4246
SPADES TWO HEARTS TEN,0.6356,0.0176,0.3468
DIAMONDS QUEEN DIAMONDS SIX,0.2074,0.363,0.4296
HEARTS TWO DIAMONDS SIX,0.6402,0.0126,0.3472
DIAMONDS KING DIAMONDS SIX,0.3348,0.0054,0.6598
HEARTS THREE DIAMONDS SIX,0.6978,0.0392,0.263
HEARTS EIGHT DIAMONDS SIX,0.5588,0.0114,0.4298
HEARTS NINE DIAMONDS SIX,0.5754,0.0128,0.4118
HEARTS SIX DIAMONDS SIX,0.3206,0.028,0.6514
HEARTS SEVEN DIAMONDS SIX,0.5474,0.0136,0.439
HEARTS TEN DIAMONDS SEVEN,0.5676,0.0118,0.4206
CLUBS TWO DIAMONDS SIX,0.625,0.0136,0.3614
HEARTS JACK DIAMONDS SEVEN,0.586,0.0102,0.4038
CLUBS SEVEN DIAMONDS SIX,0.5556,0.0108,0.4336
CLUBS JACK DIAMONDS EIGHT,0.552,0.0112,0.4368
CLUBS SIX DIAMONDS SIX,0.3336,0.0272,0.6392
CLUBS TEN DIAMONDS EIGHT,0.5534,0.0112,0.4354
CLUBS FIVE DIAMONDS SIX,0.5592,0.0124,0.4284
CLUBS FOUR DIAMONDS SIX,0.5724,0.0098,0.4178
HEARTS ACE HEARTS JACK,0.3304,0.005,0.6646
DIAMONDS EIGHT CLUBS ACE,0.352,0.0042,0.6438
DIAMONDS EIGHT CLUBS KING,0.3564,0.007,0.6366
CLUBS NINE DIAMONDS SIX,0.573,0.0116,0.4154
HEARTS JACK HEARTS KING,0.3236,0.007,0.6694
CLUBS EIGHT DIAMONDS SIX,0.5472,0.0112,0.4416
DIAMONDS EIGHT CLUBS QUEEN,0.2132,0.225,0.5618
SPADES TEN HEARTS KING,0.3256,0.0094,0.665
SPADES FIVE DIAMONDS SIX,0.5498,0.0144,0.4358
HEARTS ACE SPADES TWO,0.3724,0.006,0.6216
SPADES JACK HEARTS KING,0.3354,0.009,0.6556
SPADES FOUR DIAMONDS SIX,0.5646,0.0114,0.424
SPADES THREE DIAMONDS SIX,0.7018,0.0354,0.2628
SPADES ACE SPADES KING,0.3066,0.0052,0.6882
HEARTS KING SPADES TWO,0.3864,0.0082,0.6054
SPADES TWO DIAMONDS SIX,0.6228,0.014,0.3632
HEARTS TEN HEARTS EIGHT,0.5334,0.0136,0.453
SPADES NINE DIAMONDS SIX,0.576,0.012,0.412
HEARTS JACK HEARTS EIGHT,0.534,0.0158,0.4502
SPADES EIGHT DIAMONDS SIX,0.5604,0.0086,0.431
SPADES SEVEN DIAMONDS SIX,0.5596,0.011,0.4294
SPADES SIX DIAMONDS SIX,0.3182,0.0254,0.6564
SPADES KING HEARTS KING,0.1284,0.0028,0.8688
SPADES QUEEN HEARTS KING,0.2294,0.027,0.7436
CLUBS ACE CLUBS KING,0.293,0.007,0.7
SPADES ACE HEARTS KING,0.308,0.0044,0.6876
SPADES ACE HEARTS JACK,0.3536,0.005,0.6414
SPADES QUEEN HEARTS JACK,0.2326,0.0912,0.6762
SPADES KING HEARTS JACK,0.337,0.0062,0.6568
SPADES TEN DIAMONDS TEN,0.2904,0.0126,0.697
SPADES JACK DIAMONDS TEN,0.5218,0.0076,0.4706
SPADES ACE DIAMONDS TEN,0.3526,0.003,0.6444
SPADES JACK HEARTS JACK,0.2892,0.0102,0.7006
SPADES TEN HEARTS JACK,0.5374,0.011,0.4516
SPADES QUEEN DIAMONDS TEN,0.2362,0.1094,0.6544
SPADES KING DIAMONDS TEN,0.343,0.0054,0.6516
SPADES NINE DIAMONDS SEVEN,0.58,0.0106,0.4094
SPADES EIGHT DIAMONDS SEVEN,0.54,0.0104,0.4496
SPADES SEVEN DIAMONDS SEVEN,0.3184,0.026,0.6556
SPADES SIX DIAMONDS SEVEN,0.5456,0.01,0.4444
DIAMONDS KING DIAMONDS SEVEN,0.334,0.0064,0.6596
HEARTS THREE DIAMONDS SEVEN,0.7046,0.0358,0.2596
HEARTS KING DIAMONDS FIVE,0.3544,0.0104,0.6352
DIAMONDS QUEEN DIAMONDS SEVEN,0.2144,0.2742,0.5114
HEARTS TWO DIAMONDS SEVEN,0.645,0.014,0.341
HEARTS FIVE DIAMONDS SEVEN,0.5804,0.014,0.4056
DIAMONDS ACE DIAMONDS SEVEN,0.3364,0.0058,0.6578
HEARTS FOUR DIAMONDS SEVEN,0.5844,0.0146,0.401
HEARTS ACE DIAMONDS FIVE,0.3412,0.0062,0.6526
HEARTS SEVEN DIAMONDS SEVEN,0.32,0.0236,0.6564
HEARTS SIX DIAMONDS SEVEN,0.554,0.0158,0.4302
HEARTS NINE DIAMONDS SEVEN,0.5668,0.0116,0.4216
DIAMONDS SEVEN HEARTS EIGHT,0.5418,0.0104,0.4478
DIAMONDS JACK DIAMONDS SEVEN,0.5328,0.0104,0.4568
HEARTS JACK DIAMONDS FIVE,0.5858,0.0124,0.4018
DIAMONDS TEN DIAMONDS SEVEN,0.5382,0.011,0.4508
DIAMONDS FIVE HEARTS TEN,0.5888,0.0132,0.398
CLUBS EIGHT DIAMONDS SEVEN,0.5348,0.0132,0.452
SPADES KING CLUBS TWO,0.3778,0.0102,0.612
HEARTS KING CLUBS KING,0.1238,0.004,0.8722
SPADES QUEEN CLUBS TWO,0.2688,0.5142,0.217
HEARTS KING CLUBS QUEEN,0.2196,0.0264,0.754
CLUBS NINE DIAMONDS SEVEN,0.5578,0.0096,0.4326
CLUBS JACK SPADES TWO,0.629,0.0148,0.3562
CLUBS SIX CLUBS SEVEN,0.5176,0.0134,0.469
SPADES ACE CLUBS TWO,0.3678,0.0066,0.6256
CLUBS TEN SPADES TWO,0.6236,0.0108,0.3656
HEARTS KING CLUBS ACE,0.3038,0.0064,0.6898
SPADES TWO CLUBS KING,0.3934,0.0084,0.5982
SPADES TWO DIAMONDS SEVEN,0.6308,0.0104,0.3588
CLUBS EIGHT CLUBS SIX,0.5374,0.01,0.4526
SPADES THREE DIAMONDS SEVEN,0.7084,0.0326,0.259
SPADES TWO CLUBS QUEEN,0.2582,0.5204,0.2214
CLUBS NINE CLUBS SIX,0.5278,0.01,0.4622
SPADES FOUR DIAMONDS SEVEN,0.5942,0.0132,0.3926
CLUBS JACK HEARTS KING,0.335,0.0056,0.6594
SPADES FIVE DIAMONDS SEVEN,0.5602,0.0148,0.425
SPADES TWO CLUBS ACE,0.3764,0.0064,0.6172
CLUBS TEN HEARTS KING,0.3338,0.0082,0.658
CLUBS SIX SPADES TWO,0.623,0.0126,0.3644
CLUBS SIX SPADES THREE,0.6922,0.0378,0.27
CLUBS TWO DIAMONDS SEVEN,0.6312,0.014,0.3548
CLUBS SIX SPADES FOUR,0.5696,0.0156,0.4148
CLUBS SIX SPADES FIVE,0.5546,0.0156,0.4298
CLUBS FOUR DIAMONDS SEVEN,0.572,0.013,0.415
CLUBS SIX SPADES SIX,0.3218,0.0254,0.6528
CLUBS FIVE DIAMONDS SEVEN,0.5606,0.015,0.4244
CLUBS SIX SPADES SEVEN,0.5546,0.0112,0.4342
CLUBS SIX DIAMONDS SEVEN,0.549,0.0144,0.4366
CLUBS SIX SPADES EIGHT,0.5404,0.0124,0.4472
SPADES JACK CLUBS TWO,0.6318,0.0126,0.3556
CLUBS SEVEN DIAMONDS SEVEN,0.317,0.023,0.66
CLUBS SIX SPADES NINE,0.5752,0.0142,0.4106
SPADES TEN CLUBS TWO,0.6298,0.0102,0.36
CLUBS TWO CLUBS QUEEN,0.2516,0.4958,0.2526
CLUBS TWO CLUBS KING,0.3602,0.0066,0.6332
CLUBS TWO CLUBS ACE,0.3558,0.0036,0.6406
CLUBS TWO DIAMONDS EIGHT,0.6206,0.015,0.3644
DIAMONDS EIGHT HEARTS SEVEN,0.5468,0.0132,0.44
HEARTS SIX DIAMONDS EIGHT,0.5522,0.0114,0.4364
DIAMONDS EIGHT HEARTS NINE,0.5428,0.0128,0.4444
CLUBS TEN CLUBS TWO,0.5924,0.0134,0.3942
DIAMONDS EIGHT HEARTS EIGHT,0.3142,0.02,0.6658
CLUBS JACK CLUBS TWO,0.5984,0.0144,0.3872
CLUBS NINE DIAMONDS EIGHT,0.5344,0.0086,0.457
CLUBS EIGHT DIAMONDS EIGHT,0.2938,0.0206,0.6856
CLUBS FIVE DIAMONDS EIGHT,0.5504,0.015,0.4346
SPADES ACE SPADES THREE,0.2164,0.022,0.7616
CLUBS FOUR DIAMONDS EIGHT,0.5768,0.0128,0.4104
CLUBS SEVEN DIAMONDS EIGHT,0.5544,0.0098,0.4358
SPADES QUEEN SPADES THREE,0.0218,0.9102,0.068
CLUBS SIX DIAMONDS EIGHT,0.5652,0.0096,0.4252
SPADES KING SPADES THREE,0.2166,0.0366,0.7468
DIAMONDS QUEEN DIAMONDS EIGHT,0.2112,0.209,0.5798
HEARTS TWO DIAMONDS EIGHT,0.633,0.0142,0.3528
DIAMONDS KING DIAMONDS EIGHT,0.3442,0.006,0.6498
HEARTS THREE DIAMONDS EIGHT,0.7262,0.045,0.2288
DIAMONDS ACE DIAMONDS EIGHT,0.3302,0.0034,0.6664
HEARTS FOUR DIAMONDS EIGHT,0.585,0.0138,0.4012
HEARTS FIVE DIAMONDS EIGHT,0.5768,0.0102,0.413
DIAMONDS EIGHT DIAMONDS TEN,0.5134,0.0114,0.4752
DIAMONDS EIGHT DIAMONDS JACK,0.5122,0.0112,0.4766
SPADES JACK SPADES THREE,0.6752,0.0396,0.2852
SPADES TEN SPADES THREE,0.6734,0.0414,0.2852
CLUBS FOUR HEARTS ACE,0.34,0.0048,0.6552
CLUBS FOUR HEARTS KING,0.3554,0.0084,0.6362
CLUBS SIX HEARTS TEN,0.5844,0.0134,0.4022
CLUBS SIX HEARTS JACK,0.592,0.0126,0.3954
DIAMONDS EIGHT SPADES FOUR,0.5864,0.0144,0.3992
SPADES FIVE DIAMONDS EIGHT,0.5638,0.011,0.4252
DIAMONDS EIGHT SPADES TWO,0.6236,0.0142,0.3622
DIAMONDS EIGHT SPADES THREE,0.721,0.0372,0.2418
CLUBS FOUR HEARTS JACK,0.5896,0.0152,0.3952
SPADES EIGHT DIAMONDS EIGHT,0.3004,0.0234,0.6762
SPADES TEN DIAMONDS QUEEN,0.2338,0.118,0.6482
SPADES TEN HEARTS TWO,0.6354,0.0118,0.3528
SPADES JACK HEARTS EIGHT,0.5652,0.0148,0.42
CLUBS FOUR HEARTS TEN,0.5908,0.0136,0.3956
SPADES NINE DIAMONDS EIGHT,0.5438,0.0124,0.4438
SPADES TEN HEARTS EIGHT,0.5608,0.0112,0.428
SPADES JACK HEARTS TWO,0.643,0.0134,0.3436
SPADES JACK DIAMONDS QUEEN,0.2294,0.09,0.6806
SPADES SIX DIAMONDS EIGHT,0.554,0.0134,0.4326
SPADES SEVEN DIAMONDS EIGHT,0.5486,0.013,0.4384
SPADES ACE HEARTS TWO,0.3708,0.0074,0.6218
SPADES ACE DIAMONDS QUEEN,0.228,0.0158,0.7562
SPADES ACE HEARTS EIGHT,0.3614,0.0044,0.6342
SPADES KING HEARTS EIGHT,0.359,0.0078,0.6332
SPADES QUEEN HEARTS TWO,0.268,0.5116,0.2204
SPADES QUEEN DIAMONDS QUEEN,0.089,0.0224,0.8886
SPADES KING DIAMONDS QUEEN,0.2352,0.0272,0.7376
SPADES KING HEARTS TWO,0.3862,0.0076,0.6062
SPADES QUEEN HEARTS EIGHT,0.2268,0.2204,0.5528
CLUBS TWO HEARTS TEN,0.6386,0.0164,0.345
CLUBS TWO HEARTS JACK,0.6354,0.0142,0.3504
SPADES SEVEN DIAMONDS NINE,0.5658,0.01,0.4242
SPADES SIX DIAMONDS NINE,0.57,0.0106,0.4194
SPADES NINE DIAMONDS NINE,0.3118,0.017,0.6712
SPADES EIGHT DIAMONDS NINE,0.5462,0.0092,0.4446
SPADES TEN CLUBS KING,0.3366,0.0094,0.654
DIAMONDS NINE SPADES THREE,0.7024,0.0464,0.2512
SPADES JACK CLUBS KING,0.3294,0.0046,0.666
DIAMONDS NINE SPADES TWO,0.6176,0.0142,0.3682
DIAMONDS NINE SPADES FIVE,0.5714,0.013,0.4156
DIAMONDS NINE SPADES FOUR,0.594,0.0128,0.3932
CLUBS NINE DIAMONDS NINE,0.2986,0.0186,0.6828
CLUBS EIGHT DIAMONDS NINE,0.534,0.0096,0.4564
CLUBS SIX DIAMONDS NINE,0.5682,0.0094,0.4224
SPADES JACK CLUBS FOUR,0.5982,0.01,0.3918
CLUBS SEVEN DIAMONDS NINE,0.5524,0.012,0.4356
SPADES TEN CLUBS FOUR,0.6016,0.0124,0.386
CLUBS FOUR DIAMONDS NINE,0.5946,0.0112,0.3942
CLUBS FIVE DIAMONDS NINE,0.5724,0.0168,0.4108
DIAMONDS NINE CLUBS TWO,0.617,0.014,0.369
DIAMONDS NINE HEARTS EIGHT,0.5328,0.0136,0.4536
DIAMONDS NINE HEARTS NINE,0.311,0.0152,0.6738
HEARTS SIX DIAMONDS NINE,0.5738,0.0128,0.4134
DIAMONDS NINE HEARTS SEVEN,0.5578,0.012,0.4302
CLUBS EIGHT CLUBS NINE,0.5178,0.01,0.4722
DIAMONDS ACE DIAMONDS NINE,0.326,0.0044,0.6696
HEARTS FOUR DIAMONDS NINE,0.6008,0.014,0.3852
HEARTS FIVE DIAMONDS NINE,0.5846,0.0128,0.4026
HEARTS ACE CLUBS TWO,0.3828,0.0064,0.6108
SPADES ACE CLUBS FOUR,0.343,0.0068,0.6502
DIAMONDS QUEEN DIAMONDS NINE,0.2122,0.1512,0.6366
HEARTS TWO DIAMONDS NINE,0.6292,0.0146,0.3562
CLUBS TWO HEARTS KING,0.3836,0.01,0.6064
SPADES KING CLUBS FOUR,0.3556,0.0086,0.6358
DIAMONDS KING DIAMONDS NINE,0.33,0.0064,0.6636
HEARTS THREE DIAMONDS NINE,0.7192,0.044,0.2368
SPADES QUEEN CLUBS FOUR,0.2178,0.5266,0.2556
DIAMONDS NINE DIAMONDS JACK,0.5266,0.0088,0.4646
CLUBS EIGHT SPADES NINE,0.5352,0.0142,0.4506
DIAMONDS NINE DIAMONDS TEN,0.499,0.0096,0.4914
CLUBS EIGHT SPADES EIGHT,0.3072,0.023,0.6698
CLUBS EIGHT SPADES SEVEN,0.5502,0.0108,0.439
CLUBS EIGHT SPADES SIX,0.5568,0.012,0.4312
CLUBS EIGHT SPADES FIVE,0.5682,0.0108,0.421
CLUBS EIGHT SPADES FOUR,0.5738,0.0146,0.4116
CLUBS EIGHT SPADES THREE,0.707,0.0452,0.2478
CLUBS EIGHT SPADES TWO,0.6286,0.0124,0.359
HEARTS SIX DIAMONDS TEN,0.586,0.0116,0.4024
DIAMONDS TEN HEARTS SEVEN,0.5702,0.0132,0.4166
DIAMONDS TEN HEARTS EIGHT,0.5512,0.0088,0.44
CLUBS JACK CLUBS FOUR,0.5636,0.0134,0.423
DIAMONDS TEN HEARTS NINE,0.5508,0.0082,0.441
CLUBS TEN CLUBS FOUR,0.56,0.0166,0.4234
CLUBS FOUR CLUBS KING,0.3314,0.0082,0.6604
CLUBS FOUR CLUBS QUEEN,0.2062,0.4948,0.299
CLUBS TWO DIAMONDS TEN,0.6456,0.0102,0.3442
CLUBS FOUR CLUBS ACE,0.3398,0.0044,0.6558
DIAMONDS JACK DIAMONDS TEN,0.4914,0.014,0.4946
DIAMONDS QUEEN DIAMONDS TEN,0.2166,0.1146,0.6688
HEARTS TWO DIAMONDS TEN,0.6264,0.013,0.3606
DIAMONDS KING DIAMONDS TEN,0.318,0.007,0.675
HEARTS THREE DIAMONDS TEN,0.7194,0.0424,0.2382
DIAMONDS ACE DIAMONDS TEN,0.3268,0.0044,0.6688
HEARTS FOUR DIAMONDS TEN,0.601,0.015,0.384
CLUBS EIGHT HEARTS JACK,0.5696,0.0108,0.4196
HEARTS FIVE DIAMONDS TEN,0.6066,0.012,0.3814
CLUBS EIGHT HEARTS TEN,0.5586,0.01,0.4314
CLUBS EIGHT HEARTS KING,0.3622,0.008,0.6298
CLUBS EIGHT HEARTS ACE,0.3506,0.0046,0.6448
CLUBS NINE SPADES THREE,0.7064,0.0458,0.2478
CLUBS NINE SPADES TWO,0.6274,0.012,0.3606
CLUBS NINE SPADES FIVE,0.5986,0.0126,0.3888
CLUBS NINE SPADES FOUR,0.5954,0.013,0.3916
CLUBS NINE SPADES SEVEN,0.5496,0.0128,0.4376
CLUBS NINE SPADES SIX,0.561,0.0092,0.4298
CLUBS NINE SPADES NINE,0.2962,0.0186,0.6852
CLUBS TEN HEARTS EIGHT,0.5508,0.01,0.4392
CLUBS NINE SPADES EIGHT,0.5298,0.0136,0.4566
CLUBS JACK HEARTS EIGHT,0.5728,0.0102,0.417
CLUBS QUEEN HEARTS EIGHT,0.2148,0.229,0.5562
CLUBS KING HEARTS EIGHT,0.3556,0.0088,0.6356
CLUBS ACE HEARTS EIGHT,0.3616,0.004,0.6344
SPADES KING CLUBS KING,0.1282,0.004,0.8678
SPADES QUEEN CLUBS KING,0.2276,0.0254,0.747
SPADES ACE CLUBS KING,0.315,0.0042,0.6808
DIAMONDS ACE HEARTS TEN,0.3494,0.005,0.6456
HEARTS FOUR HEARTS TEN,0.5674,0.0152,0.4174
DIAMONDS ACE HEARTS JACK,0.3452,0.0032,0.6516
HEARTS FOUR HEARTS JACK,0.5874,0.0134,0.3992
SPADES KING CLUBS FIVE,0.3586,0.0072,0.6342
SPADES QUEEN CLUBS FIVE,0.203,0.4728,0.3242
SPADES ACE CLUBS FIVE,0.3392,0.0068,0.654
DIAMONDS JACK HEARTS SEVEN,0.5812,0.0114,0.4074
HEARTS SIX DIAMONDS JACK,0.6038,0.0114,0.3848
DIAMONDS JACK HEARTS NINE,0.5562,0.0096,0.4342
DIAMONDS JACK HEARTS EIGHT,0.5696,0.0112,0.4192
DIAMONDS KING DIAMONDS JACK,0.3214,0.0064,0.6722
HEARTS THREE DIAMONDS JACK,0.7198,0.0452,0.235
SPADES ACE SPADES SIX,0.3418,0.0026,0.6556
HEARTS ACE SPADES FOUR,0.344,0.0052,0.6508
DIAMONDS QUEEN DIAMONDS JACK,0.2202,0.0924,0.6874
HEARTS TWO DIAMONDS JACK,0.6466,0.0146,0.3388
HEARTS FIVE DIAMONDS JACK,0.5936,0.0136,0.3928
SPADES QUEEN SPADES SIX,0.2138,0.3572,0.429
DIAMONDS ACE DIAMONDS JACK,0.327,0.0046,0.6684
HEARTS FOUR DIAMONDS JACK,0.5988,0.0128,0.3884
SPADES KING SPADES SIX,0.3448,0.0082,0.647
SPADES FOUR HEARTS KING,0.3596,0.0114,0.629
SPADES TEN SPADES SIX,0.5518,0.0112,0.437
SPADES JACK SPADES SIX,0.556,0.0118,0.4322
SPADES FOUR DIAMONDS JACK,0.5912,0.0114,0.3974
SPADES FIVE DIAMONDS JACK,0.603,0.011,0.386
DIAMONDS JACK SPADES TWO,0.6396,0.0114,0.349
DIAMONDS JACK SPADES THREE,0.7166,0.0464,0.237
SPADES ACE DIAMONDS THREE,0.2296,0.0198,0.7506
CLUBS EIGHT DIAMONDS JACK,0.5602,0.014,0.4258
SPADES QUEEN DIAMONDS THREE,0.023,0.957,0.02
SPADES KING DIAMONDS THREE,0.2362,0.0364,0.7274
CLUBS NINE DIAMONDS JACK,0.5384,0.0092,0.4524
CLUBS SIX DIAMONDS JACK,0.5966,0.0096,0.3938
CLUBS SEVEN DIAMONDS JACK,0.5672,0.0116,0.4212
CLUBS FOUR DIAMONDS JACK,0.5906,0.0128,0.3966
CLUBS FIVE DIAMONDS JACK,0.5888,0.0114,0.3998
CLUBS TWO DIAMONDS JACK,0.6376,0.0106,0.3518
SPADES TEN CLUBS FIVE,0.598,0.0102,0.3918
HEARTS SIX SPADES JACK,0.5908,0.0092,0.4
HEARTS SIX SPADES TEN,0.5848,0.0088,0.4064
SPADES JACK CLUBS FIVE,0.586,0.0116,0.4024
SPADES JACK DIAMONDS THREE,0.7168,0.043,0.2402
CLUBS SEVEN CLUBS ACE,0.3422,0.0066,0.6512
DIAMONDS THREE SPADES TEN,0.7148,0.0422,0.243
CLUBS SEVEN CLUBS QUEEN,0.2176,0.2934,0.489
CLUBS SEVEN CLUBS KING,0.3398,0.0068,0.6534
SPADES NINE DIAMONDS JACK,0.5482,0.0098,0.442
CLUBS TEN CLUBS SEVEN,0.5332,0.015,0.4518
DIAMONDS ACE HEARTS ACE,0.116,0.0042,0.8798
HEARTS FOUR HEARTS ACE,0.3354,0.0062,0.6584
SPADES EIGHT DIAMONDS JACK,0.5536,0.0122,0.4342
SPADES ACE HEARTS SIX,0.3564,0.0044,0.6392
CLUBS JACK CLUBS SEVEN,0.5518,0.0108,0.4374
DIAMONDS ACE HEARTS KING,0.312,0.0054,0.6826
HEARTS FOUR HEARTS KING,0.337,0.0066,0.6564
SPADES SEVEN DIAMONDS JACK,0.5834,0.0102,0.4064
SPADES KING HEARTS SIX,0.3662,0.008,0.6258
SPADES QUEEN HEARTS SIX,0.2262,0.3784,0.3954
SPADES SIX DIAMONDS JACK,0.5944,0.0106,0.395
DIAMONDS TEN SPADES TWO,0.61,0.0148,0.3752
SPADES THREE DIAMONDS TEN,0.712,0.041,0.247
SPADES FOUR DIAMONDS TEN,0.6024,0.0132,0.3844
SPADES FIVE DIAMONDS TEN,0.5916,0.011,0.3974
SPADES SIX DIAMONDS TEN,0.5858,0.0092,0.405
SPADES SEVEN DIAMONDS TEN,0.5578,0.0116,0.4306
SPADES EIGHT DIAMONDS TEN,0.555,0.011,0.434
SPADES NINE DIAMONDS TEN,0.541,0.01,0.449
CLUBS FOUR DIAMONDS TEN,0.5818,0.0136,0.4046
CLUBS FIVE DIAMONDS TEN,0.5938,0.0114,0.3948
CLUBS SIX DIAMONDS TEN,0.5816,0.0108,0.4076
CLUBS SEVEN DIAMONDS TEN,0.5666,0.0118,0.4216
CLUBS EIGHT DIAMONDS TEN,0.5472,0.0124,0.4404
CLUBS NINE DIAMONDS TEN,0.55,0.0118,0.4382
CLUBS JACK DIAMONDS THREE,0.726,0.0398,0.2342
CLUBS TEN DIAMONDS THREE,0.7178,0.0496,0.2326
DIAMONDS THREE CLUBS KING,0.2304,0.0332,0.7364
DIAMONDS THREE CLUBS QUEEN,0.0138,0.966,0.0202
DIAMONDS THREE CLUBS ACE,0.239,0.0196,0.7414
SPADES FOUR HEARTS JACK,0.6036,0.0136,0.3828
SPADES FOUR HEARTS TEN,0.6102,0.0118,0.378
SPADES FIVE SPADES TWO,0.5738,0.0132,0.413
SPADES FOUR SPADES TWO,0.5744,0.0178,0.4078
SPADES THREE SPADES TWO,0.6638,0.043,0.2932
SPADES NINE SPADES TWO,0.5836,0.0118,0.4046
SPADES EIGHT SPADES TWO,0.5906,0.0124,0.397
SPADES SEVEN SPADES TWO,0.5908,0.0112,0.398
SPADES SIX SPADES TWO,0.5864,0.0156,0.398
DIAMONDS QUEEN CLUBS TWO,0.2658,0.5232,0.211
HEARTS TWO CLUBS TWO,0.417,0.04,0.543
DIAMONDS QUEEN HEARTS SEVEN,0.2324,0.2988,0.4688
HEARTS TWO HEARTS SEVEN,0.6032,0.0132,0.3836
HEARTS SIX DIAMONDS QUEEN,0.2356,0.3708,0.3936
HEARTS SIX HEARTS TWO,0.589,0.014,0.397
DIAMONDS QUEEN HEARTS NINE,0.2356,0.1664,0.598
HEARTS TWO HEARTS NINE,0.6044,0.0154,0.3802
DIAMONDS QUEEN HEARTS EIGHT,0.2344,0.2198,0.5458
HEARTS TWO HEARTS EIGHT,0.6018,0.0114,0.3868
CLUBS NINE HEARTS TWO,0.6328,0.0146,0.3526
CLUBS NINE DIAMONDS QUEEN,0.2308,0.1606,0.6086
CLUBS EIGHT DIAMONDS QUEEN,0.2156,0.2276,0.5568
CLUBS EIGHT HEARTS TWO,0.63,0.0126,0.3574
DIAMONDS QUEEN CLUBS FIVE,0.2108,0.4624,0.3268
HEARTS TWO CLUBS FIVE,0.6132,0.0162,0.3706
SPADES EIGHT HEARTS ACE,0.3332,0.0058,0.661
DIAMONDS QUEEN CLUBS FOUR,0.2182,0.5218,0.26
CLUBS FOUR HEARTS TWO,0.6152,0.0148,0.37
CLUBS SEVEN DIAMONDS QUEEN,0.229,0.3148,0.4562
CLUBS SEVEN HEARTS TWO,0.6476,0.0142,0.3382
CLUBS SIX DIAMONDS QUEEN,0.2236,0.3892,0.3872
CLUBS SIX HEARTS TWO,0.6238,0.0152,0.361
SPADES EIGHT HEARTS KING,0.359,0.0074,0.6336
HEARTS TWO SPADES SIX,0.6274,0.0136,0.359
DIAMONDS QUEEN SPADES SIX,0.215,0.38,0.405
HEARTS FOUR CLUBS QUEEN,0.215,0.5252,0.2598
DIAMONDS ACE CLUBS QUEEN,0.209,0.0182,0.7728
DIAMONDS QUEEN SPADES SEVEN,0.2252,0.301,0.4738
HEARTS TWO SPADES SEVEN,0.6414,0.0164,0.3422
HEARTS FOUR CLUBS KING,0.352,0.01,0.638
DIAMONDS ACE CLUBS KING,0.3088,0.0058,0.6854
DIAMONDS QUEEN SPADES EIGHT,0.219,0.228,0.553
SPADES EIGHT HEARTS TWO,0.6352,0.017,0.3478
HEARTS FOUR CLUBS ACE,0.3462,0.0064,0.6474
DIAMONDS ACE CLUBS ACE,0.1114,0.0038,0.8848
SPADES NINE DIAMONDS QUEEN,0.222,0.1574,0.6206
SPADES NINE HEARTS TWO,0.6236,0.0126,0.3638
HEARTS TWO SPADES TWO,0.4172,0.0396,0.5432
DIAMONDS QUEEN SPADES TWO,0.2648,0.5186,0.2166
HEARTS TWO SPADES THREE,0.6996,0.0414,0.259
DIAMONDS QUEEN SPADES THREE,0.021,0.9568,0.0222
HEARTS TWO SPADES FOUR,0.6222,0.0154,0.3624
DIAMONDS QUEEN SPADES FOUR,0.219,0.523,0.258
CLUBS TEN HEARTS FOUR,0.5956,0.0148,0.3896
CLUBS TEN DIAMONDS ACE,0.33,0.0044,0.6656
HEARTS TWO SPADES FIVE,0.598,0.012,0.39
DIAMONDS QUEEN SPADES FIVE,0.2336,0.439,0.3274
HEARTS FOUR CLUBS JACK,0.5978,0.015,0.3872
CLUBS JACK DIAMONDS ACE,0.332,0.0064,0.6616
CLUBS FIVE CLUBS KING,0.3456,0.0084,0.646
CLUBS FIVE CLUBS QUEEN,0.205,0.439,0.356
CLUBS FIVE CLUBS ACE,0.3192,0.0046,0.6762
CLUBS JACK CLUBS FIVE,0.5664,0.0132,0.4204
CLUBS TEN CLUBS FIVE,0.5628,0.0128,0.4244
SPADES KING CLUBS JACK,0.3404,0.0054,0.6542
CLUBS JACK SPADES QUEEN,0.2344,0.091,0.6746
SPADES ACE CLUBS JACK,0.3534,0.0046,0.642
SPADES SIX CLUBS KING,0.3408,0.0076,0.6516
SPADES SIX CLUBS QUEEN,0.2222,0.3802,0.3976
SPADES EIGHT HEARTS JACK,0.5558,0.0098,0.4344
SPADES SIX CLUBS ACE,0.348,0.0054,0.6466
SPADES EIGHT HEARTS TEN,0.5488,0.0138,0.4374
CLUBS JACK SPADES SIX,0.595,0.0124,0.3926
CLUBS TEN SPADES SIX,0.5746,0.0138,0.4116
CLUBS JACK SPADES TEN,0.5198,0.0098,0.4704
CLUBS JACK SPADES JACK,0.2618,0.0126,0.7256
SPADES QUEEN CLUBS SEVEN,0.2286,0.3022,0.4692
SPADES KING CLUBS SEVEN,0.366,0.0094,0.6246
SPADES ACE CLUBS SEVEN,0.355,0.0054,0.6396
SPADES SIX HEARTS TEN,0.591,0.0114,0.3976
SPADES SIX HEARTS JACK,0.5758,0.0096,0.4146
SPADES SIX HEARTS ACE,0.3558,0.005,0.6392
SPADES SIX HEARTS KING,0.3666,0.0058,0.6276
SPADES JACK CLUBS SEVEN,0.5792,0.0126,0.4082
SPADES TEN CLUBS SEVEN,0.5686,0.0084,0.423
CLUBS TEN HEARTS SIX,0.5726,0.0164,0.411
CLUBS JACK HEARTS SIX,0.5926,0.0132,0.3942
CLUBS JACK CLUBS ACE,0.3254,0.0046,0.67
HEARTS SIX CLUBS QUEEN,0.2174,0.3946,0.388
HEARTS SIX CLUBS KING,0.3608,0.0094,0.6298
HEARTS SIX CLUBS ACE,0.3524,0.0056,0.642
CLUBS JACK CLUBS QUEEN,0.2296,0.0864,0.684
CLUBS JACK CLUBS KING,0.3122,0.0088,0.679
DIAMONDS THREE HEARTS ACE,0.2276,0.0168,0.7556
DIAMONDS THREE HEARTS KING,0.2304,0.03,0.7396
CLUBS FIVE HEARTS JACK,0.5948,0.0136,0.3916
SPADES TEN DIAMONDS ACE,0.3424,0.0036,0.654
HEARTS FOUR SPADES TEN,0.5996,0.0126,0.3878
CLUBS FIVE HEARTS TEN,0.596,0.0118,0.3922
HEARTS FOUR SPADES JACK,0.6062,0.012,0.3818
SPADES JACK DIAMONDS ACE,0.3372,0.0048,0.658
SPADES ACE HEARTS FOUR,0.3634,0.0042,0.6324
SPADES ACE DIAMONDS ACE,0.1202,0.0034,0.8764
CLUBS FIVE HEARTS ACE,0.3428,0.0034,0.6538
CLUBS FIVE HEARTS KING,0.3432,0.0062,0.6506
HEARTS FOUR SPADES QUEEN,0.2198,0.5118,0.2684
SPADES QUEEN DIAMONDS ACE,0.2264,0.017,0.7566
CLUBS JACK SPADES FOUR,0.588,0.0114,0.4006
SPADES KING DIAMONDS ACE,0.3152,0.0038,0.681
HEARTS FOUR SPADES KING,0.3672,0.0072,0.6256
CLUBS TEN SPADES FOUR,0.5872,0.0154,0.3974
DIAMONDS QUEEN DIAMONDS ACE,0.2116,0.0144,0.774
HEARTS TWO DIAMONDS ACE,0.3808,0.0054,0.6138
HEARTS FOUR DIAMONDS QUEEN,0.2222,0.5288,0.249
HEARTS FOUR HEARTS TWO,0.5884,0.0178,0.3938
DIAMONDS THREE HEARTS TEN,0.719,0.0466,0.2344
SPADES FOUR CLUBS KING,0.3506,0.006,0.6434
HEARTS FIVE DIAMONDS QUEEN,0.2182,0.4658,0.316
HEARTS FIVE HEARTS TWO,0.5786,0.0148,0.4066
DIAMONDS THREE HEARTS JACK,0.7208,0.0452,0.234
SPADES FOUR CLUBS QUEEN,0.2132,0.5172,0.2696
DIAMONDS QUEEN HEARTS TWO,0.2586,0.5228,0.2186
DIAMONDS KING DIAMONDS QUEEN,0.2152,0.0246,0.7602
DIAMONDS KING HEARTS TWO,0.3966,0.0068,0.5966
HEARTS THREE DIAMONDS QUEEN,0.0176,0.9712,0.0112
HEARTS THREE HEARTS TWO,0.678,0.043,0.279
SPADES FOUR CLUBS ACE,0.3496,0.005,0.6454
HEARTS TWO CLUBS ACE,0.3722,0.0058,0.622
DIAMONDS QUEEN CLUBS ACE,0.2228,0.017,0.7602
HEARTS TWO CLUBS QUEEN,0.2704,0.5188,0.2108
DIAMONDS QUEEN CLUBS QUEEN,0.0698,0.0238,0.9064
HEARTS TWO CLUBS KING,0.3824,0.0078,0.6098
DIAMONDS QUEEN CLUBS KING,0.2244,0.028,0.7476
SPADES EIGHT SPADES FIVE,0.537,0.0114,0.4516
CLUBS TEN HEARTS TWO,0.6312,0.0132,0.3556
CLUBS TEN DIAMONDS QUEEN,0.217,0.1232,0.6598
SPADES NINE SPADES FIVE,0.5572,0.0112,0.4316
CLUBS JACK HEARTS TWO,0.6276,0.0134,0.359
CLUBS JACK DIAMONDS QUEEN,0.2322,0.0928,0.675
SPADES SIX SPADES FIVE,0.5242,0.0128,0.463
SPADES SEVEN SPADES FIVE,0.527,0.0116,0.4614
DIAMONDS FIVE CLUBS QUEEN,0.213,0.4624,0.3246
SPADES EIGHT CLUBS ACE,0.3498,0.0032,0.647
DIAMONDS FIVE CLUBS KING,0.3456,0.007,0.6474
SPADES EIGHT CLUBS KING,0.3396,0.008,0.6524
DIAMONDS FIVE CLUBS ACE,0.3404,0.0058,0.6538
SPADES EIGHT CLUBS QUEEN,0.2154,0.2198,0.5648
CLUBS JACK SPADES EIGHT,0.5552,0.0142,0.4306
CLUBS TEN SPADES EIGHT,0.5528,0.0106,0.4366
CLUBS TEN DIAMONDS FIVE,0.5976,0.014,0.3884
CLUBS JACK DIAMONDS FIVE,0.5864,0.0138,0.3998
HEARTS JACK DIAMONDS TEN,0.5462,0.0104,0.4434
DIAMONDS TEN HEARTS TEN,0.2924,0.0156,0.692
SPADES ACE CLUBS NINE,0.3598,0.0064,0.6338
SPADES QUEEN CLUBS NINE,0.229,0.1718,0.5992
SPADES KING CLUBS NINE,0.3482,0.0076,0.6442
