opposingHand,winningChance,drawChance,lostChance
CLUBS EIGHT SPADES FIVE
HEARTS FIVE SPADES TEN,0.2638,0.0772,0.659
SPADES JACK HEARTS FIVE,0.2634,0.0638,0.6728
DIAMONDS TWO DIAMONDS THREE,0.5598,0.0664,0.3738
DIAMONDS TWO DIAMONDS FIVE,0.5754,0.1358,0.2888
SPADES KING HEARTS FIVE,0.264,0.03,0.706
DIAMONDS TWO DIAMONDS FOUR,0.556,0.0702,0.3738
SPADES QUEEN HEARTS FIVE,0.2674,0.0462,0.6864
DIAMONDS TWO DIAMONDS SEVEN,0.569,0.0684,0.3626
DIAMONDS TWO DIAMONDS SIX,0.5602,0.0654,0.3744
SPADES ACE HEARTS FIVE,0.2586,0.0236,0.7178
DIAMONDS TWO DIAMONDS NINE,0.3998,0.0388,0.5614
DIAMONDS TWO DIAMONDS EIGHT,0.3334,0.4146,0.252
DIAMONDS THREE DIAMONDS FOUR,0.5584,0.065,0.3766
CLUBS TWO SPADES FOUR,0.6136,0.0712,0.3152
DIAMONDS THREE DIAMONDS FIVE,0.56,0.1468,0.2932
CLUBS TWO SPADES TWO,0.394,0.0948,0.5112
CLUBS TWO SPADES THREE,0.6046,0.0692,0.3262
DIAMONDS THREE DIAMONDS EIGHT,0.3266,0.416,0.2574
SPADES EIGHT CLUBS TWO,0.344,0.448,0.208
DIAMONDS THREE DIAMONDS NINE,0.3964,0.0364,0.5672
SPADES NINE CLUBS TWO,0.403,0.0496,0.5474
DIAMONDS THREE DIAMONDS SIX,0.5542,0.0612,0.3846
CLUBS TWO SPADES SIX,0.6084,0.0678,0.3238
DIAMONDS THREE DIAMONDS SEVEN,0.5538,0.0666,0.3796
CLUBS TWO SPADES SEVEN,0.6092,0.0606,0.3302
CLUBS SIX CLUBS TWO,0.5672,0.0626,0.3702
CLUBS SEVEN CLUBS TWO,0.5806,0.0648,0.3546
CLUBS FOUR CLUBS TWO,0.573,0.0648,0.3622
CLUBS FIVE CLUBS TWO,0.5634,0.1514,0.2852
CLUBS TEN CLUBS JACK,0.3146,0.0176,0.6678
DIAMONDS FOUR DIAMONDS SIX,0.527,0.0704,0.4026
CLUBS TEN CLUBS QUEEN,0.318,0.0146,0.6674
DIAMONDS FOUR DIAMONDS SEVEN,0.55,0.0628,0.3872
CLUBS TEN CLUBS KING,0.3232,0.0072,0.6696
CLUBS TEN CLUBS ACE,0.3306,0.0044,0.665
DIAMONDS FIVE DIAMONDS FOUR,0.5452,0.1388,0.316
CLUBS NINE CLUBS TWO,0.387,0.0404,0.5726
DIAMONDS NINE DIAMONDS FOUR,0.3724,0.0382,0.5894
DIAMONDS EIGHT DIAMONDS FOUR,0.3158,0.4162,0.268
CLUBS TWO CLUBS THREE,0.5708,0.0668,0.3624
DIAMONDS NINE DIAMONDS FIVE,0.2322,0.1006,0.6672
DIAMONDS TWO CLUBS JACK,0.41,0.016,0.574
DIAMONDS EIGHT DIAMONDS FIVE,0.0234,0.901,0.0756
CLUBS TEN DIAMONDS TWO,0.4098,0.0282,0.562
DIAMONDS FIVE DIAMONDS SEVEN,0.573,0.1394,0.2876
DIAMONDS FIVE DIAMONDS SIX,0.5658,0.1318,0.3024
DIAMONDS TWO CLUBS ACE,0.4138,0.005,0.5812
DIAMONDS TWO CLUBS KING,0.4228,0.0084,0.5688
DIAMONDS TWO CLUBS QUEEN,0.4262,0.0126,0.5612
DIAMONDS EIGHT DIAMONDS SIX,0.2096,0.3538,0.4366
DIAMONDS NINE DIAMONDS SIX,0.3386,0.0392,0.6222
HEARTS ACE SPADES THREE,0.4026,0.0048,0.5926
HEARTS KING SPADES THREE,0.4174,0.0078,0.5748
DIAMONDS SEVEN DIAMONDS SIX,0.499,0.0586,0.4424
SPADES THREE HEARTS QUEEN,0.4228,0.0142,0.563
SPADES THREE HEARTS JACK,0.4056,0.0192,0.5752
SPADES THREE HEARTS TEN,0.4164,0.0284,0.5552
DIAMONDS EIGHT DIAMONDS SEVEN,0.2118,0.2784,0.5098
DIAMONDS NINE DIAMONDS SEVEN,0.3316,0.0396,0.6288
DIAMONDS NINE DIAMONDS EIGHT,0.229,0.1026,0.6684
DIAMONDS KING HEARTS TEN,0.341,0.007,0.652
HEARTS THREE HEARTS TEN,0.3932,0.0254,0.5814
CLUBS SIX SPADES JACK,0.3866,0.015,0.5984
DIAMONDS KING HEARTS JACK,0.3388,0.0058,0.6554
HEARTS THREE HEARTS JACK,0.3948,0.0174,0.5878
CLUBS SIX SPADES TEN,0.3618,0.0342,0.604
DIAMONDS KING HEARTS ACE,0.3542,0.0042,0.6416
HEARTS THREE HEARTS ACE,0.3884,0.0064,0.6052
SPADES ACE CLUBS SIX,0.3682,0.0056,0.6262
DIAMONDS KING HEARTS QUEEN,0.3492,0.0062,0.6446
HEARTS THREE HEARTS QUEEN,0.3858,0.0118,0.6024
SPADES KING CLUBS SIX,0.3764,0.0086,0.615
DIAMONDS KING HEARTS KING,0.1636,0.0142,0.8222
HEARTS THREE HEARTS KING,0.3864,0.0122,0.6014
SPADES QUEEN CLUBS SIX,0.3678,0.0164,0.6158
SPADES NINE HEARTS TEN,0.313,0.0242,0.6628
SPADES NINE HEARTS JACK,0.3306,0.018,0.6514
SPADES NINE HEARTS QUEEN,0.3278,0.0118,0.6604
SPADES NINE HEARTS KING,0.3584,0.0056,0.636
SPADES NINE HEARTS ACE,0.3566,0.0046,0.6388
CLUBS TEN SPADES JACK,0.3166,0.0136,0.6698
CLUBS TEN SPADES TEN,0.1528,0.0506,0.7966
SPADES ACE CLUBS TEN,0.333,0.0056,0.6614
SPADES KING CLUBS TEN,0.3458,0.007,0.6472
CLUBS TEN SPADES QUEEN,0.3312,0.0124,0.6564
HEARTS THREE SPADES JACK,0.4096,0.0158,0.5746
SPADES JACK DIAMONDS KING,0.3464,0.0068,0.6468
SPADES TEN DIAMONDS KING,0.3464,0.006,0.6476
HEARTS THREE SPADES TEN,0.4092,0.0268,0.564
HEARTS FIVE CLUBS JACK,0.2502,0.0636,0.6862
CLUBS SIX HEARTS ACE,0.3802,0.0038,0.616
CLUBS TEN HEARTS FIVE,0.2618,0.0822,0.656
CLUBS TEN SPADES THREE,0.4098,0.0274,0.5628
CLUBS SIX HEARTS QUEEN,0.3708,0.011,0.6182
SPADES THREE CLUBS JACK,0.424,0.02,0.556
CLUBS SIX HEARTS KING,0.3766,0.008,0.6154
DIAMONDS TWO HEARTS JACK,0.4256,0.0168,0.5576
SPADES THREE CLUBS QUEEN,0.403,0.0134,0.5836
DIAMONDS TWO HEARTS TEN,0.417,0.0274,0.5556
SPADES THREE CLUBS KING,0.424,0.0072,0.5688
HEARTS FIVE CLUBS ACE,0.2666,0.0236,0.7098
SPADES THREE CLUBS ACE,0.4028,0.0054,0.5918
HEARTS FIVE CLUBS KING,0.276,0.035,0.689
HEARTS FIVE CLUBS QUEEN,0.255,0.0464,0.6986
HEARTS THREE CLUBS KING,0.4136,0.0086,0.5778
DIAMONDS KING CLUBS KING,0.157,0.0154,0.8276
HEARTS THREE CLUBS QUEEN,0.408,0.0136,0.5784
DIAMONDS KING CLUBS QUEEN,0.352,0.0078,0.6402
HEARTS FIVE HEARTS JACK,0.2464,0.0586,0.695
HEARTS FIVE HEARTS TEN,0.2458,0.0756,0.6786
HEARTS THREE CLUBS ACE,0.4024,0.006,0.5916
DIAMONDS KING CLUBS ACE,0.3482,0.0026,0.6492
SPADES ACE CLUBS QUEEN,0.335,0.0056,0.6594
SPADES KING CLUBS QUEEN,0.3298,0.007,0.6632
HEARTS THREE CLUBS JACK,0.4102,0.0218,0.568
DIAMONDS KING CLUBS JACK,0.3388,0.0064,0.6548
SPADES QUEEN CLUBS QUEEN,0.1466,0.027,0.8264
CLUBS TEN HEARTS THREE,0.4246,0.0278,0.5476
CLUBS TEN DIAMONDS KING,0.3338,0.0092,0.657
SPADES JACK CLUBS QUEEN,0.3332,0.0118,0.655
CLUBS SIX CLUBS QUEEN,0.3514,0.0156,0.633
SPADES TEN CLUBS QUEEN,0.3212,0.0114,0.6674
CLUBS SIX CLUBS KING,0.3554,0.008,0.6366
CLUBS SIX CLUBS ACE,0.3654,0.006,0.6286
HEARTS FIVE HEARTS KING,0.2526,0.0286,0.7188
HEARTS FIVE HEARTS QUEEN,0.2516,0.0448,0.7036
CLUBS TEN CLUBS SIX,0.3566,0.026,0.6174
HEARTS FIVE HEARTS ACE,0.263,0.0222,0.7148
CLUBS SIX CLUBS JACK,0.3582,0.0174,0.6244
SPADES SEVEN HEARTS JACK,0.3658,0.0162,0.618
SPADES SEVEN HEARTS TEN,0.3464,0.0256,0.628
DIAMONDS TWO CLUBS TWO,0.392,0.095,0.513
DIAMONDS TWO CLUBS THREE,0.5966,0.0692,0.3342
HEARTS SIX DIAMONDS TWO,0.594,0.0612,0.3448
DIAMONDS TWO HEARTS QUEEN,0.4282,0.0124,0.5594
DIAMONDS TWO HEARTS SEVEN,0.6138,0.063,0.3232
DIAMONDS TWO HEARTS KING,0.4168,0.0082,0.575
DIAMONDS TWO HEARTS EIGHT,0.3422,0.4414,0.2164
DIAMONDS TWO HEARTS ACE,0.414,0.0042,0.5818
DIAMONDS TWO HEARTS NINE,0.4114,0.043,0.5456
DIAMONDS TWO DIAMONDS QUEEN,0.3912,0.0128,0.596
DIAMONDS TWO HEARTS TWO,0.392,0.0912,0.5168
DIAMONDS TWO DIAMONDS KING,0.397,0.0078,0.5952
HEARTS THREE DIAMONDS TWO,0.59,0.0724,0.3376
DIAMONDS TWO DIAMONDS ACE,0.372,0.004,0.624
HEARTS FOUR DIAMONDS TWO,0.5984,0.0636,0.338
DIAMONDS TWO HEARTS FIVE,0.6024,0.147,0.2506
SPADES SEVEN HEARTS ACE,0.3724,0.0036,0.624
DIAMONDS TWO DIAMONDS TEN,0.3854,0.0274,0.5872
SPADES SEVEN HEARTS KING,0.373,0.008,0.619
DIAMONDS TWO DIAMONDS JACK,0.3884,0.0164,0.5952
SPADES SEVEN HEARTS QUEEN,0.3728,0.0142,0.613
DIAMONDS TWO SPADES NINE,0.4136,0.044,0.5424
DIAMONDS TWO SPADES EIGHT,0.3392,0.448,0.2128
DIAMONDS TWO SPADES SEVEN,0.62,0.0642,0.3158
DIAMONDS TWO SPADES SIX,0.5986,0.0674,0.334
DIAMONDS TWO SPADES FOUR,0.6122,0.0702,0.3176
DIAMONDS TWO SPADES THREE,0.6016,0.0738,0.3246
DIAMONDS TWO SPADES TWO,0.384,0.1026,0.5134
CLUBS NINE DIAMONDS TWO,0.4062,0.044,0.5498
DIAMONDS TWO CLUBS SEVEN,0.616,0.0576,0.3264
CLUBS SIX DIAMONDS TWO,0.602,0.0646,0.3334
DIAMONDS TWO CLUBS FIVE,0.6078,0.1466,0.2456
DIAMONDS TWO CLUBS FOUR,0.6036,0.0666,0.3298
CLUBS FOUR SPADES FOUR,0.382,0.1002,0.5178
CLUBS FOUR SPADES THREE,0.5986,0.0738,0.3276
CLUBS FOUR SPADES TWO,0.6008,0.068,0.3312
CLUBS FOUR SPADES NINE,0.414,0.0416,0.5444
CLUBS FOUR SPADES EIGHT,0.3204,0.4776,0.202
CLUBS FOUR SPADES SEVEN,0.5796,0.0686,0.3518
CLUBS FOUR SPADES SIX,0.5708,0.0666,0.3626
SPADES ACE DIAMONDS SIX,0.3786,0.0044,0.617
SPADES QUEEN DIAMONDS SIX,0.3774,0.0148,0.6078
SPADES KING DIAMONDS SIX,0.3648,0.0064,0.6288
SPADES TEN DIAMONDS SIX,0.381,0.0276,0.5914
SPADES JACK DIAMONDS SIX,0.3764,0.0208,0.6028
SPADES QUEEN SPADES TWO,0.3966,0.013,0.5904
SPADES KING SPADES TWO,0.3962,0.0074,0.5964
SPADES ACE SPADES TWO,0.3874,0.0038,0.6088
DIAMONDS JACK CLUBS JACK,0.175,0.035,0.79
CLUBS TEN DIAMONDS JACK,0.333,0.0162,0.6508
DIAMONDS JACK CLUBS KING,0.34,0.0066,0.6534
DIAMONDS JACK CLUBS QUEEN,0.3294,0.01,0.6606
DIAMONDS THREE DIAMONDS JACK,0.398,0.019,0.583
DIAMONDS THREE DIAMONDS TEN,0.3884,0.027,0.5846
DIAMONDS JACK CLUBS ACE,0.3592,0.0056,0.6352
DIAMONDS THREE DIAMONDS KING,0.3822,0.0092,0.6086
HEARTS THREE DIAMONDS THREE,0.3858,0.1002,0.514
DIAMONDS THREE DIAMONDS QUEEN,0.3934,0.0116,0.595
DIAMONDS THREE HEARTS TWO,0.5912,0.0734,0.3354
HEARTS FIVE DIAMONDS THREE,0.5976,0.1496,0.2528
DIAMONDS THREE DIAMONDS ACE,0.3832,0.0028,0.614
HEARTS FOUR DIAMONDS THREE,0.5914,0.0746,0.334
DIAMONDS THREE HEARTS SEVEN,0.589,0.0628,0.3482
SPADES TEN SPADES NINE,0.3074,0.0272,0.6654
HEARTS SIX DIAMONDS THREE,0.5782,0.0696,0.3522
SPADES JACK SPADES NINE,0.3182,0.0162,0.6656
DIAMONDS THREE HEARTS NINE,0.4166,0.0398,0.5436
HEARTS JACK DIAMONDS FOUR,0.403,0.016,0.581
HEARTS KING HEARTS ACE,0.3296,0.0068,0.6636
SPADES TEN SPADES TWO,0.3802,0.0236,0.5962
DIAMONDS THREE HEARTS EIGHT,0.3436,0.4382,0.2182
HEARTS TEN DIAMONDS FOUR,0.41,0.029,0.561
SPADES JACK SPADES TWO,0.4024,0.0188,0.5788
HEARTS QUEEN DIAMONDS FOUR,0.403,0.0092,0.5878
HEARTS KING DIAMONDS FOUR,0.415,0.0092,0.5758
SPADES ACE SPADES NINE,0.3344,0.005,0.6606
HEARTS ACE DIAMONDS FOUR,0.3956,0.003,0.6014
SPADES KING SPADES NINE,0.3262,0.0082,0.6656
SPADES QUEEN SPADES NINE,0.3264,0.0148,0.6588
DIAMONDS THREE SPADES NINE,0.413,0.0482,0.5388
DIAMONDS THREE SPADES EIGHT,0.3372,0.446,0.2168
DIAMONDS THREE SPADES SEVEN,0.598,0.065,0.337
DIAMONDS THREE SPADES SIX,0.5916,0.067,0.3414
CLUBS SIX DIAMONDS THREE,0.5918,0.07,0.3382
CLUBS ACE DIAMONDS FOUR,0.3848,0.0052,0.61
CLUBS SIX CLUBS FIVE,0.5866,0.137,0.2764
CLUBS SEVEN CLUBS FIVE,0.5672,0.1456,0.2872
CLUBS SEVEN DIAMONDS THREE,0.5924,0.0696,0.338
DIAMONDS THREE CLUBS FOUR,0.5848,0.0736,0.3416
DIAMONDS FOUR CLUBS QUEEN,0.4096,0.012,0.5784
DIAMONDS THREE CLUBS FIVE,0.6014,0.151,0.2476
CLUBS KING DIAMONDS FOUR,0.3978,0.0086,0.5936
DIAMONDS THREE CLUBS TWO,0.5974,0.068,0.3346
CLUBS TEN DIAMONDS FOUR,0.4114,0.0332,0.5554
DIAMONDS THREE CLUBS THREE,0.3902,0.1016,0.5082
DIAMONDS FOUR CLUBS JACK,0.4256,0.02,0.5544
DIAMONDS THREE SPADES FOUR,0.5916,0.0726,0.3358
DIAMONDS THREE SPADES TWO,0.5982,0.0696,0.3322
DIAMONDS THREE SPADES THREE,0.3894,0.1,0.5106
CLUBS NINE DIAMONDS THREE,0.4066,0.0454,0.548
SPADES SEVEN CLUBS ACE,0.3624,0.0066,0.631
SPADES SEVEN CLUBS QUEEN,0.3746,0.0122,0.6132
SPADES SEVEN CLUBS KING,0.3696,0.0096,0.6208
CLUBS FIVE SPADES SEVEN,0.6076,0.1526,0.2398
CLUBS TEN SPADES SEVEN,0.3556,0.0262,0.6182
CLUBS FIVE SPADES SIX,0.602,0.1456,0.2524
SPADES SEVEN CLUBS JACK,0.362,0.0162,0.6218
SPADES NINE CLUBS FIVE,0.2592,0.1122,0.6286
CLUBS FIVE SPADES EIGHT,0.0076,0.985,0.0074
CLUBS FIVE SPADES THREE,0.6132,0.1514,0.2354
CLUBS FIVE SPADES TWO,0.6038,0.16,0.2362
CLUBS FIVE SPADES FOUR,0.5834,0.154,0.2626
CLUBS NINE CLUBS FIVE,0.2464,0.1062,0.6474
CLUBS ACE CLUBS QUEEN,0.3384,0.0056,0.656
CLUBS KING CLUBS QUEEN,0.3286,0.0072,0.6642
DIAMONDS TEN DIAMONDS FOUR,0.3876,0.0286,0.5838
CLUBS TEN DIAMONDS NINE,0.3248,0.0198,0.6554
DIAMONDS JACK DIAMONDS FOUR,0.3714,0.018,0.6106
DIAMONDS NINE CLUBS JACK,0.3346,0.0142,0.6512
SPADES NINE CLUBS JACK,0.3304,0.0174,0.6522
CLUBS TEN SPADES NINE,0.311,0.0236,0.6654
DIAMONDS ACE DIAMONDS FOUR,0.375,0.0042,0.6208
HEARTS FOUR DIAMONDS FOUR,0.3798,0.0942,0.526
DIAMONDS JACK HEARTS TEN,0.336,0.0136,0.6504
SPADES NINE CLUBS KING,0.34,0.0078,0.6522
DIAMONDS TWO SPADES TEN,0.4112,0.0252,0.5636
DIAMONDS NINE CLUBS ACE,0.3366,0.0034,0.66
HEARTS FIVE DIAMONDS FOUR,0.5802,0.1448,0.275
HEARTS JACK DIAMONDS JACK,0.1656,0.036,0.7984
SPADES NINE CLUBS QUEEN,0.3312,0.011,0.6578
DIAMONDS TWO SPADES JACK,0.4052,0.0192,0.5756
DIAMONDS QUEEN DIAMONDS FOUR,0.3904,0.0118,0.5978
HEARTS TWO DIAMONDS FOUR,0.5998,0.07,0.3302
DIAMONDS NINE CLUBS QUEEN,0.3342,0.0138,0.652
DIAMONDS KING DIAMONDS FOUR,0.3822,0.0076,0.6102
HEARTS THREE DIAMONDS FOUR,0.5878,0.0694,0.3428
SPADES NINE CLUBS ACE,0.3418,0.0068,0.6514
DIAMONDS NINE CLUBS KING,0.353,0.006,0.641
HEARTS ACE DIAMONDS JACK,0.3534,0.0032,0.6434
SPADES ACE DIAMONDS TWO,0.4064,0.0042,0.5894
DIAMONDS JACK HEARTS QUEEN,0.3422,0.0082,0.6496
SPADES QUEEN DIAMONDS TWO,0.4084,0.013,0.5786
HEARTS KING DIAMONDS JACK,0.35,0.0072,0.6428
SPADES KING DIAMONDS TWO,0.4086,0.0074,0.584
SPADES JACK SPADES SEVEN,0.3494,0.015,0.6356
SPADES TEN SPADES SEVEN,0.3464,0.0244,0.6292
CLUBS SEVEN CLUBS THREE,0.5742,0.0662,0.3596
CLUBS SIX CLUBS THREE,0.5722,0.0624,0.3654
CLUBS FIVE CLUBS THREE,0.5744,0.1492,0.2764
CLUBS FOUR CLUBS THREE,0.5654,0.071,0.3636
CLUBS NINE CLUBS THREE,0.383,0.042,0.575
CLUBS THREE SPADES FOUR,0.5992,0.0734,0.3274
CLUBS THREE SPADES THREE,0.3928,0.0964,0.5108
CLUBS THREE SPADES TWO,0.5988,0.0714,0.3298
CLUBS THREE SPADES SIX,0.5848,0.067,0.3482
SPADES SEVEN CLUBS THREE,0.5998,0.061,0.3392
SPADES EIGHT CLUBS THREE,0.3476,0.4548,0.1976
SPADES NINE CLUBS THREE,0.4096,0.0456,0.5448
SPADES TWO DIAMONDS FOUR,0.5966,0.0724,0.331
SPADES THREE DIAMONDS FOUR,0.5972,0.064,0.3388
SPADES FOUR DIAMONDS FOUR,0.373,0.1026,0.5244
SPADES SIX DIAMONDS FOUR,0.5708,0.069,0.3602
SPADES SEVEN DIAMONDS FOUR,0.5812,0.0622,0.3566
SPADES EIGHT DIAMONDS FOUR,0.334,0.4456,0.2204
SPADES NINE DIAMONDS FOUR,0.4024,0.0442,0.5534
CLUBS FIVE DIAMONDS FOUR,0.5892,0.1482,0.2626
CLUBS FOUR DIAMONDS FOUR,0.3792,0.1006,0.5202
CLUBS SEVEN DIAMONDS FOUR,0.5888,0.0704,0.3408
CLUBS SIX DIAMONDS FOUR,0.5812,0.0642,0.3546
CLUBS NINE DIAMONDS FOUR,0.4036,0.0438,0.5526
DIAMONDS FOUR HEARTS SEVEN,0.579,0.0666,0.3544
HEARTS SIX DIAMONDS FOUR,0.5784,0.0646,0.357
HEARTS NINE DIAMONDS FOUR,0.4076,0.0416,0.5508
DIAMONDS FOUR HEARTS EIGHT,0.3348,0.4482,0.217
CLUBS THREE DIAMONDS FOUR,0.5936,0.0622,0.3442
CLUBS TWO DIAMONDS FOUR,0.5852,0.0736,0.3412
DIAMONDS TEN DIAMONDS FIVE,0.2534,0.0722,0.6744
DIAMONDS JACK DIAMONDS FIVE,0.251,0.0554,0.6936
DIAMONDS NINE HEARTS QUEEN,0.345,0.0096,0.6454
HEARTS KING DIAMONDS NINE,0.3544,0.0054,0.6402
DIAMONDS NINE HEARTS ACE,0.351,0.005,0.644
DIAMONDS NINE HEARTS TEN,0.314,0.0226,0.6634
DIAMONDS NINE HEARTS JACK,0.3398,0.0152,0.645
CLUBS KING DIAMONDS SIX,0.3818,0.0068,0.6114
CLUBS QUEEN DIAMONDS SIX,0.3702,0.011,0.6188
CLUBS ACE DIAMONDS SIX,0.3744,0.004,0.6216
SPADES KING DIAMONDS FOUR,0.3994,0.0046,0.596
SPADES ACE SPADES SEVEN,0.3526,0.0044,0.643
SPADES QUEEN DIAMONDS FOUR,0.411,0.0138,0.5752
SPADES QUEEN SPADES SEVEN,0.3654,0.009,0.6256
CLUBS JACK DIAMONDS SIX,0.3846,0.0236,0.5918
SPADES KING SPADES SEVEN,0.3568,0.0088,0.6344
SPADES ACE DIAMONDS FOUR,0.3982,0.005,0.5968
CLUBS TEN DIAMONDS SIX,0.3702,0.0288,0.601
CLUBS NINE CLUBS FOUR,0.3876,0.0414,0.571
SPADES JACK DIAMONDS FOUR,0.4096,0.0232,0.5672
SPADES TEN DIAMONDS FOUR,0.408,0.0242,0.5678
CLUBS FOUR CLUBS FIVE,0.5582,0.15,0.2918
CLUBS SEVEN CLUBS FOUR,0.5608,0.0634,0.3758
CLUBS SIX CLUBS FOUR,0.556,0.0626,0.3814
CLUBS SEVEN SPADES EIGHT,0.2226,0.3018,0.4756
CLUBS SEVEN SPADES NINE,0.3448,0.0404,0.6148
CLUBS SEVEN SPADES SIX,0.518,0.0642,0.4178
CLUBS SEVEN SPADES SEVEN,0.2678,0.0894,0.6428
CLUBS SEVEN SPADES FOUR,0.588,0.062,0.35
CLUBS SEVEN SPADES THREE,0.6034,0.0674,0.3292
CLUBS SEVEN SPADES TWO,0.6128,0.0662,0.321
CLUBS NINE CLUBS SEVEN,0.3222,0.04,0.6378
HEARTS SIX DIAMONDS FIVE,0.599,0.1426,0.2584
DIAMONDS FIVE HEARTS SEVEN,0.5974,0.1496,0.253
DIAMONDS FIVE HEARTS EIGHT,0.0228,0.9558,0.0214
HEARTS NINE DIAMONDS FIVE,0.2592,0.1018,0.639
DIAMONDS QUEEN DIAMONDS FIVE,0.2516,0.0416,0.7068
HEARTS TWO DIAMONDS FIVE,0.6002,0.1488,0.251
HEARTS KING HEARTS EIGHT,0.2424,0.0336,0.724
DIAMONDS KING DIAMONDS FIVE,0.2498,0.0314,0.7188
HEARTS THREE DIAMONDS FIVE,0.6034,0.1458,0.2508
HEARTS QUEEN HEARTS EIGHT,0.247,0.0438,0.7092
DIAMONDS ACE DIAMONDS FIVE,0.2432,0.0228,0.734
HEARTS FOUR DIAMONDS FIVE,0.5736,0.1484,0.278
HEARTS FIVE DIAMONDS FIVE,0.2872,0.0806,0.6322
HEARTS ACE HEARTS EIGHT,0.2526,0.0226,0.7248
CLUBS FOUR DIAMONDS FIVE,0.5858,0.1508,0.2634
CLUBS FIVE DIAMONDS FIVE,0.2802,0.082,0.6378
CLUBS SIX DIAMONDS FIVE,0.5996,0.1482,0.2522
CLUBS SEVEN DIAMONDS FIVE,0.6108,0.1432,0.246
CLUBS TWO DIAMONDS FIVE,0.6054,0.1546,0.24
CLUBS THREE DIAMONDS FIVE,0.6,0.1476,0.2524
SPADES THREE DIAMONDS FIVE,0.5998,0.1542,0.246
SPADES TWO DIAMONDS FIVE,0.5942,0.1548,0.251
SPADES JACK DIAMONDS EIGHT,0.2492,0.0576,0.6932
CLUBS TEN HEARTS JACK,0.3312,0.0142,0.6546
SPADES TEN DIAMONDS EIGHT,0.2336,0.0818,0.6846
SPADES FOUR DIAMONDS FIVE,0.568,0.1568,0.2752
HEARTS JACK CLUBS JACK,0.1604,0.0374,0.8022
HEARTS JACK CLUBS QUEEN,0.3428,0.0122,0.645
CLUBS NINE DIAMONDS FIVE,0.241,0.1094,0.6496
HEARTS JACK CLUBS KING,0.346,0.0068,0.6472
HEARTS JACK CLUBS ACE,0.346,0.0058,0.6482
SPADES SEVEN DIAMONDS FIVE,0.5988,0.152,0.2492
SPADES KING DIAMONDS EIGHT,0.252,0.037,0.711
SPADES QUEEN DIAMONDS EIGHT,0.26,0.0456,0.6944
SPADES SIX DIAMONDS FIVE,0.6016,0.1392,0.2592
SPADES NINE DIAMONDS FIVE,0.2498,0.0978,0.6524
SPADES EIGHT DIAMONDS FIVE,0.0092,0.9734,0.0174
SPADES ACE DIAMONDS EIGHT,0.2636,0.0284,0.708
DIAMONDS TEN DIAMONDS SIX,0.3506,0.0244,0.625
HEARTS ACE DIAMONDS SEVEN,0.3788,0.0024,0.6188
DIAMONDS JACK DIAMONDS SIX,0.3522,0.0202,0.6276
HEARTS QUEEN DIAMONDS SEVEN,0.3546,0.0124,0.633
HEARTS KING DIAMONDS SEVEN,0.3756,0.0072,0.6172
DIAMONDS ACE DIAMONDS SIX,0.3634,0.0036,0.633
HEARTS FOUR DIAMONDS SIX,0.572,0.072,0.356
HEARTS JACK SPADES TWO,0.4284,0.0208,0.5508
HEARTS FIVE DIAMONDS SIX,0.602,0.1438,0.2542
SPADES TWO HEARTS TEN,0.4246,0.0258,0.5496
DIAMONDS QUEEN DIAMONDS SIX,0.3508,0.0102,0.639
HEARTS TWO DIAMONDS SIX,0.5832,0.0664,0.3504
DIAMONDS KING DIAMONDS SIX,0.3488,0.008,0.6432
HEARTS THREE DIAMONDS SIX,0.5848,0.0676,0.3476
HEARTS EIGHT DIAMONDS SIX,0.225,0.3832,0.3918
HEARTS NINE DIAMONDS SIX,0.354,0.0424,0.6036
HEARTS SIX DIAMONDS SIX,0.2634,0.0914,0.6452
HEARTS SEVEN DIAMONDS SIX,0.533,0.064,0.403
HEARTS TEN DIAMONDS SEVEN,0.3692,0.0242,0.6066
CLUBS TWO DIAMONDS SIX,0.6114,0.0652,0.3234
HEARTS JACK DIAMONDS SEVEN,0.3682,0.019,0.6128
CLUBS THREE DIAMONDS SIX,0.5894,0.0676,0.343
DIAMONDS EIGHT CLUBS JACK,0.244,0.0602,0.6958
CLUBS SEVEN DIAMONDS SIX,0.5328,0.0638,0.4034
CLUBS SIX DIAMONDS SIX,0.2644,0.088,0.6476
CLUBS TEN DIAMONDS EIGHT,0.238,0.0878,0.6742
CLUBS FIVE DIAMONDS SIX,0.6,0.1418,0.2582
CLUBS FOUR DIAMONDS SIX,0.5774,0.0664,0.3562
HEARTS ACE HEARTS JACK,0.3274,0.0044,0.6682
DIAMONDS EIGHT CLUBS ACE,0.2538,0.0312,0.715
HEARTS JACK HEARTS QUEEN,0.325,0.0072,0.6678
DIAMONDS EIGHT CLUBS KING,0.2462,0.0416,0.7122
CLUBS NINE DIAMONDS SIX,0.3558,0.0448,0.5994
HEARTS KING HEARTS JACK,0.323,0.0062,0.6708
DIAMONDS EIGHT CLUBS QUEEN,0.2526,0.0438,0.7036
SPADES TEN HEARTS KING,0.338,0.0062,0.6558
HEARTS ACE SPADES TWO,0.4014,0.0056,0.593
SPADES JACK HEARTS KING,0.3444,0.0066,0.649
SPADES FOUR DIAMONDS SIX,0.5732,0.0668,0.36
SPADES THREE DIAMONDS SIX,0.5878,0.0692,0.343
SPADES TWO HEARTS QUEEN,0.428,0.012,0.56
SPADES ACE SPADES KING,0.3266,0.0064,0.667
HEARTS KING SPADES TWO,0.418,0.0082,0.5738
SPADES TWO DIAMONDS SIX,0.6058,0.0678,0.3264
HEARTS TEN HEARTS EIGHT,0.2174,0.0826,0.7
SPADES NINE DIAMONDS SIX,0.3508,0.0344,0.6148
HEARTS JACK HEARTS EIGHT,0.245,0.052,0.703
SPADES EIGHT DIAMONDS SIX,0.2146,0.3752,0.4102
SPADES SEVEN DIAMONDS SIX,0.5328,0.0624,0.4048
SPADES SIX DIAMONDS SIX,0.2754,0.0896,0.635
SPADES KING HEARTS KING,0.1466,0.0156,0.8378
SPADES QUEEN HEARTS KING,0.3494,0.0074,0.6432
CLUBS ACE CLUBS KING,0.3292,0.0048,0.666
SPADES ACE HEARTS KING,0.3492,0.0042,0.6466
SPADES ACE HEARTS JACK,0.3408,0.0054,0.6538
SPADES QUEEN HEARTS JACK,0.3298,0.0092,0.661
SPADES KING HEARTS JACK,0.3532,0.0066,0.6402
SPADES TEN DIAMONDS TEN,0.1606,0.0458,0.7936
SPADES JACK DIAMONDS TEN,0.3392,0.015,0.6458
SPADES ACE DIAMONDS TEN,0.3458,0.0034,0.6508
SPADES JACK HEARTS JACK,0.1726,0.0374,0.79
SPADES TEN HEARTS JACK,0.3348,0.0124,0.6528
SPADES QUEEN DIAMONDS TEN,0.3426,0.0086,0.6488
SPADES KING DIAMONDS TEN,0.342,0.005,0.653
SPADES NINE DIAMONDS SEVEN,0.346,0.0418,0.6122
SPADES EIGHT DIAMONDS SEVEN,0.2138,0.2892,0.497
SPADES SEVEN DIAMONDS SEVEN,0.2608,0.084,0.6552
SPADES SIX DIAMONDS SEVEN,0.5322,0.0634,0.4044
DIAMONDS KING DIAMONDS SEVEN,0.3508,0.0066,0.6426
HEARTS THREE DIAMONDS SEVEN,0.607,0.0632,0.3298
HEARTS KING DIAMONDS FIVE,0.2832,0.032,0.6848
DIAMONDS QUEEN DIAMONDS SEVEN,0.3588,0.0124,0.6288
HEARTS TWO DIAMONDS SEVEN,0.6092,0.0602,0.3306
HEARTS QUEEN DIAMONDS FIVE,0.2822,0.0406,0.6772
HEARTS FIVE DIAMONDS SEVEN,0.6046,0.1434,0.252
DIAMONDS ACE DIAMONDS SEVEN,0.3534,0.0038,0.6428
HEARTS FOUR DIAMONDS SEVEN,0.5858,0.065,0.3492
HEARTS ACE DIAMONDS FIVE,0.2614,0.0214,0.7172
HEARTS SEVEN DIAMONDS SEVEN,0.25,0.086,0.664
HEARTS SIX DIAMONDS SEVEN,0.5388,0.0606,0.4006
HEARTS NINE DIAMONDS SEVEN,0.3524,0.0458,0.6018
DIAMONDS SEVEN HEARTS EIGHT,0.2242,0.302,0.4738
DIAMONDS JACK DIAMONDS SEVEN,0.3486,0.0168,0.6346
HEARTS JACK DIAMONDS FIVE,0.2702,0.0618,0.668
DIAMONDS TEN DIAMONDS SEVEN,0.336,0.0218,0.6422
DIAMONDS FIVE HEARTS TEN,0.2654,0.085,0.6496
SPADES KING CLUBS TWO,0.4114,0.0128,0.5758
HEARTS KING CLUBS KING,0.1528,0.0144,0.8328
SPADES QUEEN CLUBS TWO,0.4206,0.0166,0.5628
HEARTS KING CLUBS QUEEN,0.3474,0.0052,0.6474
CLUBS NINE DIAMONDS SEVEN,0.3396,0.0436,0.6168
SPADES TWO CLUBS JACK,0.419,0.0222,0.5588
SPADES ACE CLUBS TWO,0.4104,0.005,0.5846
CLUBS TEN SPADES TWO,0.4196,0.0262,0.5542
HEARTS KING CLUBS ACE,0.345,0.0052,0.6498
CLUBS SIX CLUBS SEVEN,0.512,0.064,0.424
SPADES TWO CLUBS KING,0.4086,0.0114,0.58
SPADES TWO DIAMONDS SEVEN,0.6136,0.0654,0.321
SPADES THREE DIAMONDS SEVEN,0.6022,0.0688,0.329
SPADES TWO CLUBS QUEEN,0.416,0.0114,0.5726
CLUBS NINE CLUBS SIX,0.3406,0.041,0.6184
SPADES FOUR DIAMONDS SEVEN,0.5828,0.0654,0.3518
HEARTS KING CLUBS JACK,0.3458,0.0084,0.6458
SPADES TWO CLUBS ACE,0.4016,0.0054,0.593
CLUBS TEN HEARTS KING,0.3386,0.0074,0.654
CLUBS SIX SPADES TWO,0.6066,0.0662,0.3272
CLUBS SIX SPADES THREE,0.5902,0.0732,0.3366
CLUBS TWO DIAMONDS SEVEN,0.6098,0.0642,0.326
CLUBS SIX SPADES FOUR,0.5864,0.0678,0.3458
CLUBS THREE DIAMONDS SEVEN,0.5976,0.063,0.3394
CLUBS FOUR DIAMONDS SEVEN,0.5854,0.0694,0.3452
CLUBS SIX SPADES SIX,0.2576,0.0948,0.6476
CLUBS FIVE DIAMONDS SEVEN,0.618,0.1392,0.2428
CLUBS SIX SPADES SEVEN,0.5348,0.0652,0.4
CLUBS SIX DIAMONDS SEVEN,0.5328,0.0662,0.401
CLUBS SIX SPADES EIGHT,0.219,0.3808,0.4002
SPADES JACK CLUBS TWO,0.4156,0.0186,0.5658
CLUBS SIX SPADES NINE,0.346,0.043,0.611
SPADES TEN CLUBS TWO,0.4268,0.027,0.5462
CLUBS SEVEN DIAMONDS SEVEN,0.2714,0.0824,0.6462
CLUBS TWO CLUBS QUEEN,0.3984,0.011,0.5906
CLUBS TWO CLUBS KING,0.4004,0.0092,0.5904
CLUBS THREE DIAMONDS EIGHT,0.3446,0.4462,0.2092
CLUBS TWO CLUBS ACE,0.3814,0.0068,0.6118
CLUBS TWO DIAMONDS EIGHT,0.3448,0.4444,0.2108
DIAMONDS EIGHT HEARTS SEVEN,0.2208,0.301,0.4782
HEARTS SIX DIAMONDS EIGHT,0.2208,0.3832,0.396
DIAMONDS EIGHT HEARTS NINE,0.2384,0.1062,0.6554
CLUBS TEN CLUBS TWO,0.4038,0.0272,0.569
DIAMONDS EIGHT HEARTS EIGHT,0.1056,0.0828,0.8116
CLUBS TWO CLUBS JACK,0.396,0.018,0.586
CLUBS NINE DIAMONDS EIGHT,0.2492,0.1016,0.6492
CLUBS FIVE DIAMONDS EIGHT,0.0202,0.9682,0.0116
SPADES ACE SPADES THREE,0.3724,0.0044,0.6232
CLUBS FOUR DIAMONDS EIGHT,0.3368,0.4612,0.202
SPADES QUEEN SPADES THREE,0.3948,0.013,0.5922
CLUBS SEVEN DIAMONDS EIGHT,0.2194,0.2924,0.4882
CLUBS SIX DIAMONDS EIGHT,0.2298,0.3812,0.389
SPADES KING SPADES THREE,0.3896,0.0088,0.6016
DIAMONDS QUEEN DIAMONDS EIGHT,0.2424,0.045,0.7126
HEARTS TWO DIAMONDS EIGHT,0.3558,0.4284,0.2158
DIAMONDS KING DIAMONDS EIGHT,0.2606,0.031,0.7084
HEARTS THREE DIAMONDS EIGHT,0.3516,0.4322,0.2162
DIAMONDS ACE DIAMONDS EIGHT,0.2402,0.0298,0.73
HEARTS FOUR DIAMONDS EIGHT,0.3376,0.447,0.2154
HEARTS FIVE DIAMONDS EIGHT,0.0192,0.9588,0.022
DIAMONDS EIGHT DIAMONDS TEN,0.2284,0.0774,0.6942
DIAMONDS EIGHT DIAMONDS JACK,0.2402,0.0524,0.7074
SPADES JACK SPADES THREE,0.3924,0.0182,0.5894
SPADES TEN SPADES THREE,0.3866,0.0332,0.5802
CLUBS FOUR HEARTS ACE,0.3976,0.0038,0.5986
CLUBS FOUR HEARTS QUEEN,0.4112,0.0126,0.5762
CLUBS FOUR HEARTS KING,0.4006,0.0088,0.5906
CLUBS SIX HEARTS TEN,0.3612,0.027,0.6118
CLUBS SIX HEARTS JACK,0.3898,0.0182,0.592
SPADES FOUR DIAMONDS EIGHT,0.3108,0.4766,0.2126
DIAMONDS EIGHT SPADES TWO,0.3504,0.4348,0.2148
DIAMONDS EIGHT SPADES THREE,0.3478,0.4452,0.207
CLUBS FOUR HEARTS JACK,0.425,0.0174,0.5576
SPADES EIGHT DIAMONDS EIGHT,0.101,0.0904,0.8086
SPADES TEN DIAMONDS QUEEN,0.326,0.0108,0.6632
SPADES TEN HEARTS TWO,0.4048,0.0272,0.568
SPADES JACK HEARTS EIGHT,0.246,0.0642,0.6898
CLUBS FOUR HEARTS TEN,0.3988,0.0316,0.5696
SPADES NINE DIAMONDS EIGHT,0.2366,0.0994,0.664
SPADES TEN HEARTS EIGHT,0.2346,0.0796,0.6858
SPADES JACK HEARTS TWO,0.4102,0.0188,0.571
SPADES JACK DIAMONDS QUEEN,0.3466,0.0096,0.6438
SPADES SIX DIAMONDS EIGHT,0.2202,0.3846,0.3952
SPADES SEVEN DIAMONDS EIGHT,0.2294,0.3002,0.4704
SPADES ACE HEARTS TWO,0.4164,0.0046,0.579
SPADES ACE DIAMONDS QUEEN,0.3384,0.0038,0.6578
SPADES ACE HEARTS EIGHT,0.2562,0.0296,0.7142
SPADES KING HEARTS EIGHT,0.2564,0.0368,0.7068
SPADES QUEEN HEARTS TWO,0.407,0.0136,0.5794
SPADES QUEEN DIAMONDS QUEEN,0.157,0.0258,0.8172
SPADES KING DIAMONDS QUEEN,0.333,0.0062,0.6608
SPADES KING HEARTS TWO,0.4142,0.0098,0.576
SPADES QUEEN HEARTS EIGHT,0.2644,0.045,0.6906
CLUBS TWO HEARTS TEN,0.4222,0.0308,0.547
CLUBS TWO HEARTS JACK,0.4124,0.0228,0.5648
SPADES SEVEN DIAMONDS NINE,0.3462,0.0432,0.6106
SPADES SIX DIAMONDS NINE,0.359,0.0382,0.6028
SPADES NINE DIAMONDS NINE,0.1582,0.0584,0.7834
SPADES EIGHT DIAMONDS NINE,0.2388,0.098,0.6632
SPADES TEN CLUBS KING,0.3372,0.0094,0.6534
DIAMONDS NINE SPADES THREE,0.4188,0.039,0.5422
SPADES JACK CLUBS KING,0.334,0.01,0.656
DIAMONDS NINE SPADES TWO,0.424,0.0448,0.5312
DIAMONDS NINE SPADES FOUR,0.423,0.0464,0.5306
CLUBS NINE DIAMONDS NINE,0.1552,0.0544,0.7904
CLUBS SIX DIAMONDS NINE,0.357,0.044,0.599
SPADES JACK CLUBS FOUR,0.4018,0.018,0.5802
SPADES TEN CLUBS FOUR,0.4082,0.0278,0.564
CLUBS SEVEN DIAMONDS NINE,0.3524,0.039,0.6086
CLUBS FOUR DIAMONDS NINE,0.4072,0.0426,0.5502
CLUBS FIVE DIAMONDS NINE,0.2464,0.098,0.6556
CLUBS TWO DIAMONDS NINE,0.4132,0.0476,0.5392
CLUBS THREE DIAMONDS NINE,0.4262,0.0374,0.5364
DIAMONDS NINE HEARTS EIGHT,0.2394,0.0946,0.666
DIAMONDS NINE HEARTS NINE,0.1616,0.0514,0.787
HEARTS SIX DIAMONDS NINE,0.353,0.0388,0.6082
DIAMONDS NINE HEARTS SEVEN,0.3486,0.0398,0.6116
DIAMONDS ACE DIAMONDS NINE,0.3306,0.0058,0.6636
HEARTS FOUR DIAMONDS NINE,0.418,0.035,0.547
HEARTS FIVE DIAMONDS NINE,0.2596,0.1004,0.64
CLUBS TWO HEARTS ACE,0.4122,0.003,0.5848
SPADES ACE CLUBS FOUR,0.399,0.005,0.596
DIAMONDS QUEEN DIAMONDS NINE,0.3266,0.0126,0.6608
HEARTS TWO DIAMONDS NINE,0.41,0.044,0.546
CLUBS TWO HEARTS KING,0.4048,0.0092,0.586
SPADES KING CLUBS FOUR,0.4172,0.0094,0.5734
DIAMONDS KING DIAMONDS NINE,0.3358,0.0102,0.654
HEARTS THREE DIAMONDS NINE,0.408,0.0432,0.5488
CLUBS TWO HEARTS QUEEN,0.428,0.0138,0.5582
SPADES QUEEN CLUBS FOUR,0.4084,0.0104,0.5812
DIAMONDS NINE DIAMONDS JACK,0.3164,0.0144,0.6692
DIAMONDS NINE DIAMONDS TEN,0.3088,0.019,0.6722
HEARTS SIX DIAMONDS TEN,0.3644,0.024,0.6116
DIAMONDS TEN HEARTS SEVEN,0.359,0.0252,0.6158
DIAMONDS TEN HEARTS EIGHT,0.2532,0.0756,0.6712
CLUBS FOUR CLUBS JACK,0.3872,0.0186,0.5942
DIAMONDS TEN HEARTS NINE,0.3196,0.0234,0.657
CLUBS TEN CLUBS FOUR,0.3944,0.0296,0.576
CLUBS FOUR CLUBS KING,0.3926,0.0076,0.5998
CLUBS FOUR CLUBS QUEEN,0.3974,0.0104,0.5922
CLUBS TWO DIAMONDS TEN,0.4102,0.0316,0.5582
CLUBS THREE DIAMONDS TEN,0.4176,0.032,0.5504
CLUBS FOUR CLUBS ACE,0.3792,0.006,0.6148
DIAMONDS JACK DIAMONDS TEN,0.314,0.0126,0.6734
DIAMONDS QUEEN DIAMONDS TEN,0.3244,0.009,0.6666
HEARTS TWO DIAMONDS TEN,0.4242,0.0284,0.5474
DIAMONDS KING DIAMONDS TEN,0.317,0.0096,0.6734
HEARTS THREE DIAMONDS TEN,0.4182,0.027,0.5548
DIAMONDS ACE DIAMONDS TEN,0.3252,0.0048,0.67
HEARTS FOUR DIAMONDS TEN,0.4186,0.0268,0.5546
HEARTS FIVE DIAMONDS TEN,0.264,0.0792,0.6568
CLUBS NINE SPADES THREE,0.4146,0.0428,0.5426
CLUBS NINE SPADES TWO,0.4138,0.0476,0.5386
CLUBS NINE SPADES FOUR,0.3994,0.052,0.5486
CLUBS NINE SPADES SEVEN,0.3426,0.039,0.6184
CLUBS NINE SPADES SIX,0.3642,0.0454,0.5904
CLUBS NINE SPADES NINE,0.1526,0.0548,0.7926
CLUBS TEN HEARTS EIGHT,0.2394,0.0774,0.6832
CLUBS NINE SPADES EIGHT,0.2198,0.0996,0.6806
CLUBS JACK HEARTS EIGHT,0.257,0.055,0.688
CLUBS QUEEN HEARTS EIGHT,0.2644,0.046,0.6896
CLUBS KING HEARTS EIGHT,0.2548,0.0368,0.7084
CLUBS ACE HEARTS EIGHT,0.2512,0.0234,0.7254
SPADES KING CLUBS KING,0.1562,0.0188,0.825
SPADES QUEEN CLUBS KING,0.336,0.0092,0.6548
SPADES ACE CLUBS KING,0.3606,0.0036,0.6358
DIAMONDS ACE HEARTS TEN,0.3516,0.0028,0.6456
HEARTS FOUR HEARTS TEN,0.378,0.0302,0.5918
DIAMONDS ACE HEARTS JACK,0.352,0.0028,0.6452
HEARTS FOUR HEARTS JACK,0.3872,0.0164,0.5964
SPADES KING CLUBS FIVE,0.2568,0.0318,0.7114
SPADES QUEEN CLUBS FIVE,0.2552,0.0446,0.7002
SPADES ACE CLUBS FIVE,0.2552,0.0256,0.7192
DIAMONDS JACK HEARTS SEVEN,0.3742,0.018,0.6078
HEARTS SIX DIAMONDS JACK,0.3742,0.0156,0.6102
DIAMONDS JACK HEARTS NINE,0.3468,0.018,0.6352
DIAMONDS JACK HEARTS EIGHT,0.2528,0.063,0.6842
DIAMONDS KING DIAMONDS JACK,0.3234,0.0064,0.6702
HEARTS THREE DIAMONDS JACK,0.4108,0.016,0.5732
SPADES ACE SPADES SIX,0.3656,0.0034,0.631
SPADES FOUR HEARTS ACE,0.4016,0.004,0.5944
DIAMONDS QUEEN DIAMONDS JACK,0.3156,0.009,0.6754
HEARTS TWO DIAMONDS JACK,0.4248,0.0212,0.554
HEARTS FIVE DIAMONDS JACK,0.2588,0.0582,0.683
SPADES QUEEN SPADES SIX,0.359,0.0154,0.6256
SPADES FOUR HEARTS QUEEN,0.4002,0.0092,0.5906
DIAMONDS ACE DIAMONDS JACK,0.326,0.0028,0.6712
HEARTS FOUR DIAMONDS JACK,0.4078,0.0148,0.5774
SPADES KING SPADES SIX,0.359,0.0088,0.6322
HEARTS KING SPADES FOUR,0.4082,0.0078,0.584
SPADES TEN SPADES SIX,0.3468,0.0288,0.6244
SPADES JACK SPADES SIX,0.3626,0.0196,0.6178
SPADES FOUR DIAMONDS JACK,0.4038,0.0186,0.5776
DIAMONDS JACK SPADES TWO,0.4282,0.0178,0.554
SPADES THREE DIAMONDS JACK,0.4304,0.0228,0.5468
SPADES ACE DIAMONDS THREE,0.3978,0.0042,0.598
SPADES QUEEN DIAMONDS THREE,0.4088,0.0136,0.5776
SPADES KING DIAMONDS THREE,0.3964,0.0102,0.5934
CLUBS NINE DIAMONDS JACK,0.3332,0.0164,0.6504
CLUBS SIX DIAMONDS JACK,0.377,0.0202,0.6028
CLUBS SEVEN DIAMONDS JACK,0.3868,0.0188,0.5944
CLUBS FOUR DIAMONDS JACK,0.4048,0.02,0.5752
CLUBS FIVE DIAMONDS JACK,0.2714,0.0578,0.6708
CLUBS TWO DIAMONDS JACK,0.4192,0.017,0.5638
CLUBS THREE DIAMONDS JACK,0.4252,0.0194,0.5554
SPADES TEN CLUBS FIVE,0.2514,0.0776,0.671
HEARTS SIX SPADES JACK,0.3822,0.0146,0.6032
HEARTS SIX SPADES TEN,0.37,0.0302,0.5998
SPADES JACK CLUBS FIVE,0.2494,0.066,0.6846
SPADES JACK DIAMONDS THREE,0.415,0.0218,0.5632
CLUBS SEVEN CLUBS ACE,0.3466,0.0044,0.649
DIAMONDS THREE SPADES TEN,0.4134,0.0286,0.558
CLUBS SEVEN CLUBS QUEEN,0.3616,0.0118,0.6266
CLUBS SEVEN CLUBS KING,0.3544,0.0078,0.6378
SPADES NINE DIAMONDS JACK,0.3346,0.0178,0.6476
CLUBS TEN CLUBS SEVEN,0.3266,0.0278,0.6456
DIAMONDS ACE HEARTS ACE,0.1694,0.0032,0.8274
HEARTS FOUR HEARTS ACE,0.3708,0.0032,0.626
SPADES EIGHT DIAMONDS JACK,0.2442,0.065,0.6908
SPADES ACE HEARTS SIX,0.3702,0.0026,0.6272
CLUBS SEVEN CLUBS JACK,0.346,0.0204,0.6336
DIAMONDS ACE HEARTS KING,0.3562,0.0052,0.6386
HEARTS FOUR HEARTS KING,0.373,0.008,0.619
SPADES SEVEN DIAMONDS JACK,0.3686,0.0194,0.612
SPADES KING HEARTS SIX,0.3874,0.0082,0.6044
DIAMONDS ACE HEARTS QUEEN,0.353,0.0044,0.6426
HEARTS FOUR HEARTS QUEEN,0.389,0.0118,0.5992
SPADES QUEEN HEARTS SIX,0.3842,0.0114,0.6044
SPADES SIX DIAMONDS JACK,0.3826,0.0196,0.5978
SPADES TWO DIAMONDS TEN,0.4114,0.0276,0.561
SPADES THREE DIAMONDS TEN,0.4086,0.0262,0.5652
SPADES FOUR DIAMONDS TEN,0.4014,0.0248,0.5738
SPADES SIX DIAMONDS TEN,0.3608,0.0246,0.6146
SPADES SEVEN DIAMONDS TEN,0.353,0.0294,0.6176
SPADES EIGHT DIAMONDS TEN,0.224,0.0784,0.6976
SPADES NINE DIAMONDS TEN,0.3198,0.0266,0.6536
CLUBS FOUR DIAMONDS TEN,0.3906,0.03,0.5794
CLUBS FIVE DIAMONDS TEN,0.2668,0.0788,0.6544
CLUBS SIX DIAMONDS TEN,0.3626,0.0278,0.6096
CLUBS SEVEN DIAMONDS TEN,0.3626,0.0254,0.612
CLUBS NINE DIAMONDS TEN,0.321,0.0258,0.6532
DIAMONDS THREE CLUBS JACK,0.42,0.0172,0.5628
CLUBS TEN DIAMONDS THREE,0.4138,0.0328,0.5534
DIAMONDS THREE CLUBS KING,0.4186,0.0084,0.573
DIAMONDS THREE CLUBS QUEEN,0.4128,0.0142,0.573
DIAMONDS THREE CLUBS ACE,0.4028,0.0056,0.5916
SPADES FOUR HEARTS JACK,0.405,0.0188,0.5762
SPADES FOUR HEARTS TEN,0.4082,0.023,0.5688
SPADES FOUR SPADES TWO,0.5748,0.066,0.3592
SPADES THREE SPADES TWO,0.5686,0.0662,0.3652
SPADES NINE SPADES TWO,0.3952,0.0448,0.56
SPADES EIGHT SPADES TWO,0.3236,0.426,0.2504
SPADES SEVEN SPADES TWO,0.5746,0.0652,0.3602
SPADES SIX SPADES TWO,0.5686,0.0646,0.3668
DIAMONDS QUEEN CLUBS THREE,0.4132,0.0138,0.573
HEARTS TWO CLUBS THREE,0.598,0.0766,0.3254
DIAMONDS QUEEN CLUBS TWO,0.4116,0.013,0.5754
CLUBS TWO HEARTS TWO,0.3874,0.0976,0.515
DIAMONDS QUEEN HEARTS SEVEN,0.3882,0.0114,0.6004
HEARTS TWO HEARTS SEVEN,0.5642,0.0642,0.3716
HEARTS SIX DIAMONDS QUEEN,0.3878,0.0102,0.602
HEARTS SIX HEARTS TWO,0.5452,0.0664,0.3884
DIAMONDS QUEEN HEARTS NINE,0.3462,0.009,0.6448
HEARTS TWO HEARTS NINE,0.383,0.0412,0.5758
DIAMONDS QUEEN HEARTS EIGHT,0.2702,0.0482,0.6816
HEARTS TWO HEARTS EIGHT,0.3258,0.4054,0.2688
CLUBS NINE HEARTS TWO,0.411,0.0502,0.5388
CLUBS NINE DIAMONDS QUEEN,0.336,0.0098,0.6542
CLUBS FIVE DIAMONDS QUEEN,0.2724,0.043,0.6846
CLUBS FIVE HEARTS TWO,0.6018,0.1486,0.2496
SPADES EIGHT HEARTS ACE,0.2582,0.0268,0.715
CLUBS FOUR DIAMONDS QUEEN,0.4124,0.0146,0.573
CLUBS FOUR HEARTS TWO,0.6048,0.0624,0.3328
SPADES EIGHT HEARTS QUEEN,0.2566,0.048,0.6954
CLUBS SEVEN HEARTS TWO,0.6112,0.0612,0.3276
CLUBS SEVEN DIAMONDS QUEEN,0.3888,0.01,0.6012
CLUBS SIX DIAMONDS QUEEN,0.3778,0.0112,0.611
CLUBS SIX HEARTS TWO,0.6034,0.0724,0.3242
SPADES EIGHT HEARTS KING,0.2702,0.0386,0.6912
HEARTS TWO SPADES SIX,0.5778,0.07,0.3522
DIAMONDS QUEEN SPADES SIX,0.385,0.0118,0.6032
HEARTS FOUR CLUBS QUEEN,0.4072,0.0116,0.5812
DIAMONDS ACE CLUBS QUEEN,0.332,0.0042,0.6638
DIAMONDS QUEEN SPADES SEVEN,0.3842,0.0092,0.6066
HEARTS TWO SPADES SEVEN,0.5978,0.0648,0.3374
HEARTS FOUR CLUBS KING,0.4102,0.0096,0.5802
DIAMONDS ACE CLUBS KING,0.3398,0.0044,0.6558
DIAMONDS QUEEN SPADES EIGHT,0.2456,0.043,0.7114
SPADES EIGHT HEARTS TWO,0.329,0.4564,0.2146
HEARTS FOUR CLUBS ACE,0.384,0.0066,0.6094
DIAMONDS ACE CLUBS ACE,0.1608,0.003,0.8362
SPADES NINE DIAMONDS QUEEN,0.3348,0.0108,0.6544
SPADES NINE HEARTS TWO,0.4026,0.0424,0.555
HEARTS TWO SPADES TWO,0.3914,0.0994,0.5092
DIAMONDS QUEEN SPADES TWO,0.4158,0.0106,0.5736
HEARTS TWO SPADES THREE,0.6034,0.0688,0.3278
DIAMONDS QUEEN SPADES THREE,0.4152,0.0146,0.5702
HEARTS TWO SPADES FOUR,0.6136,0.0672,0.3192
DIAMONDS QUEEN SPADES FOUR,0.4172,0.0102,0.5726
HEARTS FOUR CLUBS TEN,0.4058,0.0304,0.5638
CLUBS TEN DIAMONDS ACE,0.3478,0.0052,0.647
HEARTS FOUR CLUBS JACK,0.4112,0.0186,0.5702
DIAMONDS ACE CLUBS JACK,0.3422,0.0032,0.6546
CLUBS FIVE CLUBS KING,0.252,0.0388,0.7092
CLUBS FIVE CLUBS QUEEN,0.2542,0.0398,0.706
CLUBS FIVE CLUBS ACE,0.2608,0.0246,0.7146
CLUBS FIVE CLUBS JACK,0.257,0.0578,0.6852
CLUBS TEN CLUBS FIVE,0.255,0.0812,0.6638
SPADES KING CLUBS JACK,0.3426,0.007,0.6504
SPADES QUEEN CLUBS JACK,0.3418,0.0068,0.6514
SPADES ACE CLUBS JACK,0.3372,0.0052,0.6576
SPADES SIX CLUBS KING,0.361,0.008,0.631
SPADES SIX CLUBS QUEEN,0.3714,0.0138,0.6148
SPADES EIGHT HEARTS JACK,0.2582,0.0584,0.6834
SPADES SIX CLUBS ACE,0.3688,0.0046,0.6266
SPADES EIGHT HEARTS TEN,0.2352,0.0772,0.6876
SPADES SIX CLUBS JACK,0.3664,0.0192,0.6144
CLUBS TEN SPADES SIX,0.358,0.0232,0.6188
SPADES TEN CLUBS JACK,0.3192,0.0144,0.6664
SPADES JACK CLUBS JACK,0.1564,0.0408,0.8028
SPADES QUEEN CLUBS SEVEN,0.374,0.016,0.61
SPADES KING CLUBS SEVEN,0.3644,0.009,0.6266
SPADES ACE CLUBS SEVEN,0.3726,0.0036,0.6238
SPADES SIX HEARTS TEN,0.3566,0.0234,0.62
SPADES SIX HEARTS JACK,0.3722,0.016,0.6118
SPADES SIX HEARTS ACE,0.3768,0.0038,0.6194
SPADES SIX HEARTS KING,0.3684,0.0072,0.6244
SPADES SIX HEARTS QUEEN,0.3684,0.0118,0.6198
SPADES JACK CLUBS SEVEN,0.366,0.0198,0.6142
CLUBS SEVEN SPADES TEN,0.3624,0.028,0.6096
CLUBS TEN HEARTS SIX,0.3602,0.0296,0.6102
HEARTS SIX CLUBS JACK,0.3724,0.0164,0.6112
CLUBS ACE CLUBS JACK,0.3352,0.0046,0.6602
HEARTS SIX CLUBS QUEEN,0.3782,0.0138,0.608
HEARTS SIX CLUBS KING,0.3886,0.0088,0.6026
HEARTS SIX CLUBS ACE,0.3686,0.0044,0.627
CLUBS QUEEN CLUBS JACK,0.3256,0.0116,0.6628
CLUBS KING CLUBS JACK,0.3316,0.0066,0.6618
DIAMONDS THREE HEARTS ACE,0.4052,0.0034,0.5914
DIAMONDS THREE HEARTS QUEEN,0.4244,0.011,0.5646
DIAMONDS THREE HEARTS KING,0.4104,0.012,0.5776
CLUBS FIVE HEARTS JACK,0.2678,0.061,0.6712
SPADES TEN DIAMONDS ACE,0.348,0.0036,0.6484
HEARTS FOUR SPADES TEN,0.3948,0.0318,0.5734
CLUBS FIVE HEARTS TEN,0.2718,0.077,0.6512
HEARTS FOUR SPADES JACK,0.4024,0.0186,0.579
SPADES JACK DIAMONDS ACE,0.3456,0.0048,0.6496
SPADES ACE HEARTS FOUR,0.3874,0.0066,0.606
SPADES ACE DIAMONDS ACE,0.1526,0.0022,0.8452
CLUBS FIVE HEARTS ACE,0.2712,0.0224,0.7064
CLUBS FIVE HEARTS KING,0.269,0.0366,0.6944
HEARTS FOUR SPADES QUEEN,0.4092,0.0136,0.5772
SPADES QUEEN DIAMONDS ACE,0.348,0.0032,0.6488
SPADES FOUR CLUBS JACK,0.4118,0.0202,0.568
CLUBS FIVE HEARTS QUEEN,0.268,0.0454,0.6866
SPADES KING DIAMONDS ACE,0.3486,0.005,0.6464
HEARTS FOUR SPADES KING,0.3924,0.011,0.5966
CLUBS TEN SPADES FOUR,0.3968,0.0322,0.571
DIAMONDS QUEEN DIAMONDS ACE,0.3244,0.0028,0.6728
HEARTS TWO DIAMONDS ACE,0.3956,0.0034,0.601
HEARTS FOUR DIAMONDS QUEEN,0.4098,0.0082,0.582
HEARTS FOUR HEARTS TWO,0.557,0.0558,0.3872
DIAMONDS THREE HEARTS TEN,0.4234,0.026,0.5506
SPADES FOUR CLUBS KING,0.4128,0.0076,0.5796
HEARTS FIVE DIAMONDS QUEEN,0.2758,0.0424,0.6818
HEARTS FIVE HEARTS TWO,0.5616,0.1414,0.297
DIAMONDS THREE HEARTS JACK,0.4092,0.0168,0.574
SPADES FOUR CLUBS QUEEN,0.4078,0.0142,0.578
DIAMONDS QUEEN HEARTS TWO,0.412,0.0152,0.5728
DIAMONDS KING DIAMONDS QUEEN,0.3162,0.0072,0.6766
DIAMONDS KING HEARTS TWO,0.409,0.0074,0.5836
HEARTS THREE DIAMONDS QUEEN,0.4194,0.0122,0.5684
HEARTS THREE HEARTS TWO,0.5618,0.0668,0.3714
SPADES FOUR CLUBS ACE,0.397,0.0042,0.5988
HEARTS TWO CLUBS ACE,0.3948,0.0034,0.6018
DIAMONDS QUEEN CLUBS ACE,0.3484,0.004,0.6476
HEARTS TWO CLUBS QUEEN,0.4106,0.0134,0.576
DIAMONDS QUEEN CLUBS QUEEN,0.1566,0.026,0.8174
HEARTS TWO CLUBS KING,0.4046,0.0084,0.587
DIAMONDS QUEEN CLUBS KING,0.3296,0.0048,0.6656
CLUBS TEN HEARTS TWO,0.4152,0.0244,0.5604
CLUBS TEN DIAMONDS QUEEN,0.33,0.0102,0.6598
HEARTS TWO CLUBS JACK,0.4184,0.0172,0.5644
DIAMONDS QUEEN CLUBS JACK,0.349,0.011,0.64
DIAMONDS FIVE CLUBS QUEEN,0.2692,0.0458,0.685
SPADES EIGHT CLUBS ACE,0.2464,0.0266,0.727
DIAMONDS FIVE CLUBS KING,0.2576,0.0354,0.707
SPADES EIGHT CLUBS KING,0.2528,0.0346,0.7126
CLUBS ACE DIAMONDS FIVE,0.2644,0.022,0.7136
SPADES EIGHT CLUBS QUEEN,0.2404,0.0506,0.709
SPADES EIGHT CLUBS JACK,0.2502,0.0666,0.6832
CLUBS TEN SPADES EIGHT,0.2272,0.0842,0.6886
CLUBS TEN DIAMONDS FIVE,0.2708,0.0812,0.648
DIAMONDS FIVE CLUBS JACK,0.2696,0.0582,0.6722
HEARTS JACK DIAMONDS TEN,0.332,0.0164,0.6516
DIAMONDS TEN HEARTS TEN,0.1652,0.0466,0.7882
SPADES ACE CLUBS NINE,0.3476,0.004,0.6484
CLUBS NINE SPADES QUEEN,0.3384,0.011,0.6506
CLUBS NINE SPADES KING,0.3202,0.009,0.6708
HEARTS SIX HEARTS KING,0.3436,0.0074,0.649
DIAMONDS KING SPADES SEVEN,0.3654,0.0078,0.6268
HEARTS THREE SPADES SEVEN,0.5986,0.067,0.3344
SPADES KING DIAMONDS SEVEN,0.379,0.0066,0.6144
HEARTS SIX HEARTS QUEEN,0.358,0.0144,0.6276
SPADES QUEEN DIAMONDS SEVEN,0.3718,0.0128,0.6154
HEARTS THREE SPADES SIX,0.5732,0.0684,0.3584
DIAMONDS KING SPADES SIX,0.3632,0.0064,0.6304
DIAMONDS KING SPADES NINE,0.349,0.007,0.644
HEARTS THREE SPADES NINE,0.404,0.05,0.546
HEARTS SIX HEARTS ACE,0.3482,0.0028,0.649
DIAMONDS KING SPADES EIGHT,0.2622,0.0336,0.7042
HEARTS THREE SPADES EIGHT,0.3488,0.4498,0.2014
SPADES ACE DIAMONDS SEVEN,0.3716,0.0046,0.6238
CLUBS NINE HEARTS THREE,0.4028,0.0418,0.5554
CLUBS NINE DIAMONDS KING,0.3442,0.0062,0.6496
HEARTS THREE SPADES THREE,0.3914,0.1004,0.5082
DIAMONDS KING SPADES THREE,0.4086,0.0068,0.5846
HEARTS THREE SPADES TWO,0.5982,0.0714,0.3304
DIAMONDS KING SPADES TWO,0.4078,0.0094,0.5828
HEARTS THREE SPADES FOUR,0.5962,0.07,0.3338
DIAMONDS KING SPADES FOUR,0.4154,0.0078,0.5768
DIAMONDS KING CLUBS TWO,0.4146,0.008,0.5774
HEARTS THREE CLUBS TWO,0.6,0.0704,0.3296
DIAMONDS KING CLUBS THREE,0.4202,0.0098,0.57
