opposingHand,winningChance,drawChance,lostChance
CLUBS TEN HEARTS FOUR
HEARTS FIVE SPADES TEN,0.2124,0.469,0.3186
HEARTS FIVE SPADES JACK,0.3472,0.0122,0.6406
CLUBS JACK SPADES FIVE,0.3488,0.016,0.6352
CLUBS JACK CLUBS EIGHT,0.327,0.0156,0.6574
CLUBS EIGHT CLUBS KING,0.336,0.0042,0.6598
SPADES FIVE CLUBS ACE,0.3436,0.0068,0.6496
CLUBS EIGHT CLUBS QUEEN,0.3398,0.011,0.6492
SPADES FIVE CLUBS KING,0.3568,0.007,0.6362
SPADES FIVE CLUBS QUEEN,0.3558,0.011,0.6332
CLUBS EIGHT CLUBS ACE,0.3532,0.0044,0.6424
DIAMONDS TWO DIAMONDS THREE,0.5774,0.0312,0.3914
DIAMONDS TWO DIAMONDS FIVE,0.5616,0.0256,0.4128
HEARTS FIVE SPADES KING,0.3566,0.008,0.6354
DIAMONDS TWO DIAMONDS FOUR,0.6126,0.0748,0.3126
HEARTS FIVE SPADES QUEEN,0.3632,0.0114,0.6254
DIAMONDS TWO DIAMONDS SEVEN,0.5736,0.0304,0.396
DIAMONDS TWO DIAMONDS SIX,0.566,0.0328,0.4012
SPADES ACE HEARTS FIVE,0.336,0.0024,0.6616
DIAMONDS TWO DIAMONDS NINE,0.5724,0.0232,0.4044
DIAMONDS TWO DIAMONDS EIGHT,0.5782,0.0326,0.3892
DIAMONDS THREE DIAMONDS FOUR,0.6098,0.0766,0.3136
CLUBS TWO SPADES FOUR,0.6718,0.0762,0.252
DIAMONDS THREE DIAMONDS FIVE,0.5458,0.0284,0.4258
SPADES FIVE CLUBS TWO,0.5972,0.0338,0.369
CLUBS TWO SPADES TWO,0.391,0.0728,0.5362
CLUBS TWO SPADES THREE,0.6286,0.028,0.3434
DIAMONDS THREE DIAMONDS EIGHT,0.583,0.0296,0.3874
SPADES EIGHT CLUBS TWO,0.6212,0.0286,0.3502
DIAMONDS THREE DIAMONDS NINE,0.5674,0.0278,0.4048
SPADES NINE CLUBS TWO,0.6068,0.0302,0.363
DIAMONDS THREE DIAMONDS SIX,0.5616,0.025,0.4134
SPADES SIX CLUBS TWO,0.6128,0.0296,0.3576
DIAMONDS THREE DIAMONDS SEVEN,0.5736,0.0274,0.399
SPADES SEVEN CLUBS TWO,0.6242,0.0328,0.343
CLUBS SIX CLUBS TWO,0.5858,0.0336,0.3806
CLUBS SEVEN CLUBS TWO,0.5948,0.0278,0.3774
CLUBS FOUR CLUBS TWO,0.6216,0.0902,0.2882
CLUBS FIVE CLUBS TWO,0.5838,0.0294,0.3868
DIAMONDS FOUR DIAMONDS SIX,0.5976,0.076,0.3264
DIAMONDS FOUR DIAMONDS SEVEN,0.6082,0.072,0.3198
CLUBS EIGHT CLUBS TWO,0.5896,0.0258,0.3846
DIAMONDS FIVE DIAMONDS FOUR,0.5898,0.078,0.3322
CLUBS NINE CLUBS TWO,0.5846,0.0266,0.3888
DIAMONDS NINE DIAMONDS FOUR,0.6524,0.0712,0.2764
DIAMONDS EIGHT DIAMONDS FOUR,0.6258,0.074,0.3002
CLUBS THREE CLUBS TWO,0.585,0.0306,0.3844
DIAMONDS NINE DIAMONDS FIVE,0.5352,0.0258,0.439
CLUBS JACK DIAMONDS TWO,0.3856,0.0196,0.5948
DIAMONDS EIGHT DIAMONDS FIVE,0.5364,0.0308,0.4328
DIAMONDS FIVE DIAMONDS SEVEN,0.5266,0.03,0.4434
DIAMONDS FIVE DIAMONDS SIX,0.5112,0.0288,0.46
DIAMONDS TWO CLUBS ACE,0.3708,0.0046,0.6246
DIAMONDS TWO CLUBS KING,0.3902,0.0094,0.6004
DIAMONDS TWO CLUBS QUEEN,0.4066,0.012,0.5814
DIAMONDS EIGHT DIAMONDS SIX,0.526,0.0256,0.4484
DIAMONDS NINE DIAMONDS SIX,0.521,0.0232,0.4558
HEARTS ACE SPADES THREE,0.38,0.005,0.615
SPADES THREE HEARTS KING,0.394,0.0066,0.5994
DIAMONDS SEVEN DIAMONDS SIX,0.51,0.027,0.463
HEARTS QUEEN SPADES THREE,0.3788,0.0126,0.6086
SPADES THREE HEARTS JACK,0.3832,0.0172,0.5996
SPADES THREE HEARTS TEN,0.2662,0.5178,0.216
DIAMONDS EIGHT DIAMONDS SEVEN,0.495,0.0284,0.4766
DIAMONDS NINE DIAMONDS SEVEN,0.4996,0.024,0.4764
DIAMONDS NINE DIAMONDS EIGHT,0.495,0.02,0.485
DIAMONDS KING HEARTS TEN,0.2304,0.0348,0.7348
HEARTS THREE HEARTS TEN,0.2566,0.4958,0.2476
SPADES JACK CLUBS SIX,0.3696,0.0152,0.6152
DIAMONDS KING HEARTS JACK,0.3088,0.0054,0.6858
HEARTS THREE HEARTS JACK,0.3568,0.0188,0.6244
SPADES TEN CLUBS SIX,0.22,0.3778,0.4022
SPADES JACK SPADES FIVE,0.3394,0.018,0.6426
SPADES TEN SPADES FIVE,0.2032,0.4348,0.362
DIAMONDS KING HEARTS ACE,0.3264,0.0046,0.669
HEARTS THREE HEARTS ACE,0.3646,0.0062,0.6292
SPADES ACE CLUBS SIX,0.3692,0.0044,0.6264
DIAMONDS KING HEARTS QUEEN,0.3156,0.0072,0.6772
HEARTS THREE HEARTS QUEEN,0.3572,0.0124,0.6304
SPADES KING CLUBS SIX,0.358,0.01,0.632
DIAMONDS KING HEARTS KING,0.1322,0.011,0.8568
HEARTS THREE HEARTS KING,0.3706,0.0074,0.622
SPADES QUEEN CLUBS SIX,0.3556,0.0132,0.6312
SPADES NINE HEARTS TEN,0.2154,0.1714,0.6132
SPADES NINE HEARTS JACK,0.3256,0.0158,0.6586
SPADES QUEEN SPADES FIVE,0.3354,0.012,0.6526
SPADES KING SPADES FIVE,0.341,0.0104,0.6486
SPADES ACE SPADES FIVE,0.3242,0.0064,0.6694
SPADES NINE HEARTS QUEEN,0.3382,0.0094,0.6524
SPADES NINE HEARTS KING,0.3486,0.007,0.6444
SPADES NINE HEARTS ACE,0.351,0.0064,0.6426
SPADES FIVE HEARTS QUEEN,0.357,0.0112,0.6318
SPADES FIVE HEARTS KING,0.3632,0.0092,0.6276
HEARTS ACE SPADES FIVE,0.3494,0.0042,0.6464
CLUBS EIGHT SPADES TEN,0.235,0.2268,0.5382
HEARTS THREE SPADES JACK,0.4016,0.0178,0.5806
SPADES JACK DIAMONDS KING,0.3232,0.0072,0.6696
SPADES TEN DIAMONDS KING,0.2272,0.0378,0.735
HEARTS THREE SPADES TEN,0.2644,0.5284,0.2072
SPADES JACK CLUBS EIGHT,0.3398,0.0162,0.644
CLUBS SIX HEARTS ACE,0.3696,0.0044,0.626
SPADES ACE CLUBS EIGHT,0.353,0.0038,0.6432
HEARTS FIVE CLUBS JACK,0.3522,0.0168,0.631
CLUBS SIX HEARTS QUEEN,0.3504,0.0114,0.6382
SPADES QUEEN CLUBS EIGHT,0.3636,0.0106,0.6258
CLUBS SIX HEARTS KING,0.3638,0.0068,0.6294
SPADES KING CLUBS EIGHT,0.3692,0.0076,0.6232
CLUBS JACK SPADES THREE,0.381,0.0196,0.5994
DIAMONDS TWO HEARTS JACK,0.3778,0.0206,0.6016
SPADES THREE CLUBS QUEEN,0.3734,0.0154,0.6112
DIAMONDS TWO HEARTS TEN,0.2594,0.517,0.2236
SPADES THREE CLUBS KING,0.4016,0.008,0.5904
HEARTS FIVE CLUBS ACE,0.3332,0.006,0.6608
SPADES FIVE HEARTS TEN,0.2186,0.4766,0.3048
SPADES THREE CLUBS ACE,0.3836,0.0052,0.6112
HEARTS FIVE CLUBS KING,0.347,0.009,0.644
SPADES FIVE HEARTS JACK,0.3596,0.0156,0.6248
HEARTS FIVE CLUBS QUEEN,0.36,0.0148,0.6252
HEARTS THREE CLUBS KING,0.397,0.0088,0.5942
DIAMONDS KING CLUBS KING,0.1424,0.0126,0.845
HEARTS THREE CLUBS QUEEN,0.389,0.0118,0.5992
DIAMONDS KING CLUBS QUEEN,0.3126,0.0076,0.6798
HEARTS FIVE HEARTS JACK,0.3418,0.0176,0.6406
HEARTS FIVE HEARTS TEN,0.21,0.442,0.348
HEARTS THREE CLUBS ACE,0.3768,0.005,0.6182
DIAMONDS KING CLUBS ACE,0.3272,0.003,0.6698
SPADES ACE CLUBS QUEEN,0.307,0.0046,0.6884
SPADES KING CLUBS QUEEN,0.3088,0.0064,0.6848
CLUBS JACK HEARTS THREE,0.383,0.018,0.599
CLUBS JACK DIAMONDS KING,0.297,0.0044,0.6986
SPADES QUEEN CLUBS QUEEN,0.1364,0.0162,0.8474
SPADES JACK CLUBS QUEEN,0.3144,0.009,0.6766
CLUBS SIX CLUBS QUEEN,0.3458,0.0112,0.643
SPADES TEN CLUBS QUEEN,0.224,0.0416,0.7344
CLUBS SIX CLUBS KING,0.346,0.0098,0.6442
CLUBS SIX CLUBS ACE,0.3418,0.0054,0.6528
HEARTS FIVE HEARTS KING,0.3288,0.0094,0.6618
HEARTS FIVE HEARTS QUEEN,0.3424,0.0112,0.6464
HEARTS FIVE HEARTS ACE,0.333,0.0048,0.6622
CLUBS JACK CLUBS SIX,0.351,0.0174,0.6316
SPADES SEVEN HEARTS JACK,0.3442,0.0164,0.6394
SPADES SEVEN HEARTS TEN,0.22,0.2896,0.4904
DIAMONDS TWO CLUBS TWO,0.3948,0.0728,0.5324
DIAMONDS TWO CLUBS THREE,0.626,0.0356,0.3384
DIAMONDS TWO HEARTS SIX,0.6056,0.0292,0.3652
DIAMONDS TWO HEARTS QUEEN,0.3894,0.0108,0.5998
HEARTS SEVEN DIAMONDS TWO,0.611,0.03,0.359
DIAMONDS TWO HEARTS KING,0.4092,0.0076,0.5832
DIAMONDS TWO HEARTS EIGHT,0.616,0.028,0.356
DIAMONDS TWO HEARTS ACE,0.3822,0.005,0.6128
DIAMONDS TWO HEARTS NINE,0.6128,0.0308,0.3564
DIAMONDS TWO DIAMONDS QUEEN,0.3784,0.0116,0.61
DIAMONDS TWO HEARTS TWO,0.3988,0.0676,0.5336
DIAMONDS TWO DIAMONDS KING,0.3758,0.0076,0.6166
HEARTS THREE DIAMONDS TWO,0.6288,0.029,0.3422
DIAMONDS TWO DIAMONDS ACE,0.3584,0.0026,0.639
HEARTS FIVE DIAMONDS TWO,0.5992,0.0286,0.3722
SPADES SEVEN HEARTS ACE,0.352,0.0032,0.6448
DIAMONDS TWO DIAMONDS TEN,0.245,0.4894,0.2656
SPADES SEVEN HEARTS KING,0.3644,0.0094,0.6262
DIAMONDS TWO DIAMONDS JACK,0.362,0.0148,0.6232
SPADES SEVEN HEARTS QUEEN,0.3646,0.0098,0.6256
DIAMONDS TWO SPADES NINE,0.611,0.0304,0.3586
DIAMONDS TWO SPADES EIGHT,0.602,0.0324,0.3656
DIAMONDS TWO SPADES SEVEN,0.6098,0.033,0.3572
DIAMONDS TWO SPADES SIX,0.6006,0.0298,0.3696
DIAMONDS TWO SPADES FIVE,0.6006,0.0312,0.3682
DIAMONDS TWO SPADES FOUR,0.6494,0.0838,0.2668
DIAMONDS TWO SPADES THREE,0.6226,0.032,0.3454
DIAMONDS TWO SPADES TWO,0.387,0.0642,0.5488
CLUBS NINE DIAMONDS TWO,0.6202,0.0298,0.35
DIAMONDS TWO CLUBS EIGHT,0.6134,0.0312,0.3554
CLUBS SEVEN DIAMONDS TWO,0.6284,0.0328,0.3388
DIAMONDS TWO CLUBS SIX,0.6144,0.027,0.3586
DIAMONDS TWO CLUBS FIVE,0.5972,0.029,0.3738
DIAMONDS TWO CLUBS FOUR,0.664,0.0884,0.2476
CLUBS FOUR SPADES FIVE,0.6308,0.0826,0.2866
CLUBS FOUR SPADES FOUR,0.2904,0.0558,0.6538
CLUBS FOUR SPADES THREE,0.651,0.0818,0.2672
CLUBS FOUR SPADES TWO,0.664,0.0892,0.2468
SPADES NINE CLUBS FOUR,0.685,0.0844,0.2306
SPADES EIGHT CLUBS FOUR,0.6832,0.0744,0.2424
SPADES SEVEN CLUBS FOUR,0.6546,0.0786,0.2668
CLUBS FOUR SPADES SIX,0.6572,0.0734,0.2694
SPADES ACE DIAMONDS SIX,0.366,0.0036,0.6304
SPADES QUEEN DIAMONDS SIX,0.3698,0.0096,0.6206
SPADES KING DIAMONDS SIX,0.3634,0.007,0.6296
SPADES TEN DIAMONDS SIX,0.2134,0.3866,0.4
SPADES JACK DIAMONDS SIX,0.3586,0.0182,0.6232
SPADES QUEEN SPADES TWO,0.3612,0.0124,0.6264
SPADES KING SPADES TWO,0.3714,0.0088,0.6198
SPADES ACE SPADES TWO,0.3644,0.0038,0.6318
CLUBS JACK DIAMONDS JACK,0.1454,0.0236,0.831
DIAMONDS JACK CLUBS KING,0.317,0.0084,0.6746
DIAMONDS JACK CLUBS QUEEN,0.3118,0.0098,0.6784
DIAMONDS THREE DIAMONDS JACK,0.368,0.0226,0.6094
DIAMONDS THREE DIAMONDS TEN,0.254,0.4816,0.2644
DIAMONDS JACK CLUBS ACE,0.3118,0.0046,0.6836
DIAMONDS THREE DIAMONDS KING,0.3776,0.0072,0.6152
HEARTS THREE DIAMONDS THREE,0.3952,0.0662,0.5386
DIAMONDS THREE DIAMONDS QUEEN,0.3702,0.0112,0.6186
DIAMONDS THREE HEARTS TWO,0.6158,0.0362,0.348
HEARTS FIVE DIAMONDS THREE,0.584,0.0298,0.3862
DIAMONDS THREE DIAMONDS ACE,0.3636,0.0046,0.6318
HEARTS SEVEN DIAMONDS THREE,0.614,0.0294,0.3566
SPADES TEN SPADES NINE,0.2058,0.1512,0.643
HEARTS SIX DIAMONDS THREE,0.5996,0.0278,0.3726
SPADES JACK SPADES NINE,0.303,0.0152,0.6818
DIAMONDS THREE HEARTS NINE,0.6228,0.0252,0.352
HEARTS JACK DIAMONDS FOUR,0.2302,0.0662,0.7036
HEARTS ACE HEARTS KING,0.313,0.0046,0.6824
SPADES TEN SPADES TWO,0.2548,0.4806,0.2646
DIAMONDS THREE HEARTS EIGHT,0.6272,0.0272,0.3456
HEARTS TEN DIAMONDS FOUR,0.0104,0.9678,0.0218
SPADES JACK SPADES TWO,0.3706,0.0178,0.6116
HEARTS QUEEN DIAMONDS FOUR,0.2366,0.0488,0.7146
HEARTS KING DIAMONDS FOUR,0.2304,0.041,0.7286
SPADES ACE SPADES NINE,0.3404,0.004,0.6556
HEARTS ACE DIAMONDS FOUR,0.224,0.0254,0.7506
SPADES KING SPADES NINE,0.3306,0.0082,0.6612
SPADES QUEEN SPADES NINE,0.317,0.0114,0.6716
DIAMONDS THREE SPADES NINE,0.5992,0.0272,0.3736
DIAMONDS THREE SPADES EIGHT,0.6094,0.0294,0.3612
DIAMONDS THREE SPADES SEVEN,0.6054,0.035,0.3596
DIAMONDS THREE SPADES SIX,0.5862,0.0312,0.3826
DIAMONDS THREE CLUBS SIX,0.5952,0.034,0.3708
CLUBS FIVE CLUBS SIX,0.5228,0.0294,0.4478
CLUBS ACE DIAMONDS FOUR,0.232,0.0268,0.7412
CLUBS SEVEN DIAMONDS THREE,0.61,0.0302,0.3598
CLUBS SEVEN CLUBS FIVE,0.5294,0.0286,0.442
DIAMONDS THREE CLUBS FOUR,0.6432,0.0822,0.2746
DIAMONDS FOUR CLUBS QUEEN,0.2324,0.0436,0.724
DIAMONDS THREE CLUBS FIVE,0.5808,0.033,0.3862
DIAMONDS FOUR CLUBS KING,0.2366,0.0346,0.7288
DIAMONDS THREE CLUBS TWO,0.6282,0.032,0.3398
DIAMONDS THREE CLUBS THREE,0.4036,0.066,0.5304
CLUBS JACK DIAMONDS FOUR,0.2304,0.0662,0.7034
DIAMONDS THREE SPADES FOUR,0.6422,0.0808,0.277
DIAMONDS THREE SPADES FIVE,0.5732,0.0396,0.3872
DIAMONDS THREE SPADES TWO,0.6238,0.034,0.3422
DIAMONDS THREE SPADES THREE,0.391,0.0658,0.5432
CLUBS EIGHT DIAMONDS THREE,0.627,0.0296,0.3434
CLUBS NINE DIAMONDS THREE,0.6276,0.0292,0.3432
SPADES SEVEN CLUBS ACE,0.3566,0.0046,0.6388
SPADES SEVEN CLUBS QUEEN,0.3626,0.0114,0.626
SPADES SEVEN CLUBS KING,0.3592,0.007,0.6338
CLUBS FIVE SPADES SEVEN,0.5614,0.032,0.4066
CLUBS FIVE SPADES SIX,0.5658,0.03,0.4042
CLUBS JACK SPADES SEVEN,0.356,0.0176,0.6264
CLUBS FIVE SPADES NINE,0.5654,0.0268,0.4078
CLUBS FIVE SPADES EIGHT,0.5576,0.0302,0.4122
CLUBS FIVE SPADES THREE,0.58,0.0276,0.3924
CLUBS FIVE SPADES TWO,0.606,0.0284,0.3656
CLUBS FIVE SPADES FIVE,0.2966,0.0642,0.6392
CLUBS FIVE SPADES FOUR,0.6394,0.0772,0.2834
CLUBS NINE CLUBS FIVE,0.5496,0.0264,0.424
CLUBS EIGHT CLUBS FIVE,0.535,0.0314,0.4336
CLUBS ACE CLUBS QUEEN,0.3086,0.0046,0.6868
CLUBS KING CLUBS QUEEN,0.3076,0.0068,0.6856
DIAMONDS TEN DIAMONDS FOUR,0.0238,0.907,0.0692
DIAMONDS JACK DIAMONDS FOUR,0.2188,0.0588,0.7224
CLUBS JACK DIAMONDS NINE,0.3236,0.0192,0.6572
CLUBS JACK SPADES NINE,0.3218,0.0136,0.6646
DIAMONDS ACE DIAMONDS FOUR,0.2332,0.0242,0.7426
DIAMONDS JACK HEARTS TEN,0.2106,0.0592,0.7302
SPADES NINE CLUBS KING,0.3414,0.007,0.6516
DIAMONDS TWO SPADES TEN,0.2674,0.5176,0.215
DIAMONDS NINE CLUBS ACE,0.3468,0.0038,0.6494
HEARTS FIVE DIAMONDS FOUR,0.6266,0.0828,0.2906
DIAMONDS JACK HEARTS JACK,0.144,0.022,0.834
SPADES NINE CLUBS QUEEN,0.33,0.0114,0.6586
DIAMONDS TWO SPADES JACK,0.3964,0.0206,0.583
DIAMONDS QUEEN DIAMONDS FOUR,0.2148,0.045,0.7402
HEARTS TWO DIAMONDS FOUR,0.6672,0.082,0.2508
DIAMONDS NINE CLUBS QUEEN,0.3322,0.0104,0.6574
DIAMONDS KING DIAMONDS FOUR,0.2182,0.038,0.7438
HEARTS THREE DIAMONDS FOUR,0.6586,0.0776,0.2638
SPADES NINE CLUBS ACE,0.35,0.0042,0.6458
DIAMONDS NINE CLUBS KING,0.3374,0.006,0.6566
HEARTS ACE DIAMONDS JACK,0.3198,0.0048,0.6754
SPADES ACE DIAMONDS TWO,0.3886,0.0058,0.6056
HEARTS QUEEN DIAMONDS JACK,0.3086,0.01,0.6814
SPADES QUEEN DIAMONDS TWO,0.4062,0.0126,0.5812
DIAMONDS JACK HEARTS KING,0.31,0.0066,0.6834
SPADES KING DIAMONDS TWO,0.3984,0.007,0.5946
SPADES JACK SPADES SEVEN,0.3202,0.015,0.6648
SPADES TEN SPADES SEVEN,0.2122,0.268,0.5198
CLUBS SEVEN CLUBS THREE,0.5858,0.0292,0.385
CLUBS SIX CLUBS THREE,0.5586,0.0332,0.4082
CLUBS FIVE CLUBS THREE,0.5606,0.0276,0.4118
CLUBS THREE CLUBS FOUR,0.6108,0.085,0.3042
CLUBS NINE CLUBS THREE,0.5828,0.0274,0.3898
CLUBS EIGHT CLUBS THREE,0.5926,0.0302,0.3772
CLUBS THREE SPADES FIVE,0.6014,0.0292,0.3694
CLUBS THREE SPADES FOUR,0.65,0.0832,0.2668
CLUBS THREE SPADES THREE,0.3894,0.0642,0.5464
CLUBS THREE SPADES TWO,0.6236,0.0338,0.3426
CLUBS THREE SPADES SIX,0.604,0.0306,0.3654
CLUBS THREE SPADES SEVEN,0.6168,0.0278,0.3554
SPADES EIGHT CLUBS THREE,0.623,0.0266,0.3504
SPADES NINE CLUBS THREE,0.6344,0.0252,0.3404
SPADES TWO DIAMONDS FOUR,0.6706,0.0798,0.2496
SPADES THREE DIAMONDS FOUR,0.6322,0.0874,0.2804
SPADES FOUR DIAMONDS FOUR,0.2842,0.0546,0.6612
SPADES FIVE DIAMONDS FOUR,0.6244,0.083,0.2926
SPADES SIX DIAMONDS FOUR,0.6452,0.077,0.2778
SPADES SEVEN DIAMONDS FOUR,0.6504,0.0776,0.272
SPADES EIGHT DIAMONDS FOUR,0.6658,0.0802,0.254
SPADES NINE DIAMONDS FOUR,0.675,0.0866,0.2384
CLUBS FIVE DIAMONDS FOUR,0.6282,0.082,0.2898
CLUBS FOUR DIAMONDS FOUR,0.2834,0.0532,0.6634
CLUBS SEVEN DIAMONDS FOUR,0.662,0.0808,0.2572
CLUBS SIX DIAMONDS FOUR,0.6554,0.071,0.2736
CLUBS NINE DIAMONDS FOUR,0.6934,0.0762,0.2304
CLUBS EIGHT DIAMONDS FOUR,0.6738,0.0838,0.2424
HEARTS SEVEN DIAMONDS FOUR,0.6536,0.0742,0.2722
HEARTS SIX DIAMONDS FOUR,0.6486,0.077,0.2744
DIAMONDS FOUR HEARTS NINE,0.688,0.076,0.236
DIAMONDS FOUR HEARTS EIGHT,0.675,0.0738,0.2512
CLUBS THREE DIAMONDS FOUR,0.6452,0.0812,0.2736
CLUBS TWO DIAMONDS FOUR,0.6656,0.0782,0.2562
DIAMONDS TEN DIAMONDS FIVE,0.2096,0.4342,0.3562
DIAMONDS JACK DIAMONDS FIVE,0.3248,0.022,0.6532
DIAMONDS NINE HEARTS QUEEN,0.3372,0.0132,0.6496
DIAMONDS NINE HEARTS KING,0.3516,0.0054,0.643
HEARTS ACE DIAMONDS NINE,0.3472,0.0056,0.6472
DIAMONDS NINE HEARTS TEN,0.2182,0.1716,0.6102
DIAMONDS NINE HEARTS JACK,0.3302,0.0168,0.653
CLUBS KING DIAMONDS SIX,0.3568,0.0066,0.6366
CLUBS QUEEN DIAMONDS SIX,0.3532,0.0132,0.6336
CLUBS ACE DIAMONDS SIX,0.3612,0.0026,0.6362
SPADES KING DIAMONDS FOUR,0.2518,0.0392,0.709
SPADES ACE SPADES SEVEN,0.337,0.0034,0.6596
SPADES QUEEN DIAMONDS FOUR,0.2488,0.0426,0.7086
SPADES QUEEN SPADES SEVEN,0.3404,0.009,0.6506
CLUBS JACK DIAMONDS SIX,0.3616,0.0172,0.6212
SPADES KING SPADES SEVEN,0.3356,0.0072,0.6572
SPADES ACE DIAMONDS FOUR,0.248,0.0246,0.7274
CLUBS NINE CLUBS FOUR,0.6634,0.0746,0.262
CLUBS EIGHT CLUBS FOUR,0.6462,0.0782,0.2756
SPADES JACK DIAMONDS FOUR,0.2438,0.0666,0.6896
SPADES TEN DIAMONDS FOUR,0.0218,0.9538,0.0244
CLUBS FIVE CLUBS FOUR,0.6016,0.0756,0.3228
CLUBS SEVEN CLUBS FOUR,0.6288,0.0768,0.2944
CLUBS SIX CLUBS FOUR,0.6244,0.072,0.3036
CLUBS SEVEN SPADES EIGHT,0.5392,0.025,0.4358
CLUBS SEVEN SPADES NINE,0.5396,0.028,0.4324
CLUBS SEVEN SPADES SIX,0.5416,0.0262,0.4322
CLUBS SEVEN SPADES SEVEN,0.301,0.0502,0.6488
CLUBS SEVEN SPADES FIVE,0.571,0.028,0.401
CLUBS SEVEN SPADES FOUR,0.6664,0.0798,0.2538
CLUBS SEVEN SPADES THREE,0.605,0.0306,0.3644
CLUBS SEVEN SPADES TWO,0.6182,0.0288,0.353
CLUBS NINE CLUBS SEVEN,0.5028,0.0242,0.473
CLUBS SEVEN CLUBS EIGHT,0.5134,0.0276,0.459
HEARTS SIX DIAMONDS FIVE,0.5438,0.025,0.4312
HEARTS SEVEN DIAMONDS FIVE,0.5636,0.0302,0.4062
DIAMONDS FIVE HEARTS EIGHT,0.5526,0.032,0.4154
DIAMONDS FIVE HEARTS NINE,0.5772,0.0244,0.3984
DIAMONDS QUEEN DIAMONDS FIVE,0.3384,0.0114,0.6502
HEARTS TWO DIAMONDS FIVE,0.6162,0.0292,0.3546
HEARTS KING HEARTS EIGHT,0.3478,0.0086,0.6436
DIAMONDS KING DIAMONDS FIVE,0.3498,0.0066,0.6436
HEARTS THREE DIAMONDS FIVE,0.592,0.0326,0.3754
HEARTS QUEEN HEARTS EIGHT,0.3366,0.011,0.6524
DIAMONDS ACE DIAMONDS FIVE,0.3388,0.005,0.6562
HEARTS FIVE DIAMONDS FIVE,0.284,0.0654,0.6506
HEARTS ACE HEARTS EIGHT,0.3412,0.0046,0.6542
CLUBS FOUR DIAMONDS FIVE,0.635,0.0794,0.2856
CLUBS FIVE DIAMONDS FIVE,0.3048,0.066,0.6292
CLUBS SIX DIAMONDS FIVE,0.5578,0.028,0.4142
CLUBS SEVEN DIAMONDS FIVE,0.5574,0.032,0.4106
CLUBS TWO DIAMONDS FIVE,0.5988,0.031,0.3702
CLUBS THREE DIAMONDS FIVE,0.5966,0.0288,0.3746
SPADES THREE DIAMONDS FIVE,0.5824,0.0328,0.3848
SPADES TWO DIAMONDS FIVE,0.5876,0.0294,0.383
SPADES JACK DIAMONDS EIGHT,0.3444,0.019,0.6366
SPADES FIVE DIAMONDS FIVE,0.3076,0.0636,0.6288
SPADES TEN DIAMONDS EIGHT,0.2308,0.2238,0.5454
SPADES FOUR DIAMONDS FIVE,0.6332,0.0736,0.2932
CLUBS JACK HEARTS JACK,0.1308,0.0256,0.8436
HEARTS JACK CLUBS QUEEN,0.2956,0.011,0.6934
CLUBS NINE DIAMONDS FIVE,0.5746,0.0244,0.401
HEARTS JACK CLUBS KING,0.3016,0.0062,0.6922
CLUBS EIGHT DIAMONDS FIVE,0.5652,0.0314,0.4034
CLUBS ACE HEARTS JACK,0.2966,0.005,0.6984
SPADES SEVEN DIAMONDS FIVE,0.5576,0.0322,0.4102
SPADES KING DIAMONDS EIGHT,0.3608,0.0064,0.6328
SPADES QUEEN DIAMONDS EIGHT,0.3624,0.0082,0.6294
SPADES SIX DIAMONDS FIVE,0.547,0.0264,0.4266
SPADES NINE DIAMONDS FIVE,0.5772,0.0264,0.3964
SPADES EIGHT DIAMONDS FIVE,0.5654,0.0262,0.4084
SPADES ACE DIAMONDS EIGHT,0.3642,0.0026,0.6332
DIAMONDS TEN DIAMONDS SIX,0.2108,0.3536,0.4356
HEARTS ACE DIAMONDS SEVEN,0.3536,0.005,0.6414
DIAMONDS JACK DIAMONDS SIX,0.3458,0.015,0.6392
HEARTS QUEEN DIAMONDS SEVEN,0.3662,0.0108,0.623
HEARTS KING DIAMONDS SEVEN,0.3586,0.0062,0.6352
DIAMONDS ACE DIAMONDS SIX,0.3396,0.005,0.6554
SPADES TWO HEARTS JACK,0.3946,0.0182,0.5872
HEARTS FIVE DIAMONDS SIX,0.5594,0.0328,0.4078
SPADES TWO HEARTS TEN,0.2708,0.5154,0.2138
DIAMONDS QUEEN DIAMONDS SIX,0.3276,0.0112,0.6612
HEARTS TWO DIAMONDS SIX,0.6216,0.0272,0.3512
DIAMONDS KING DIAMONDS SIX,0.337,0.008,0.655
HEARTS THREE DIAMONDS SIX,0.598,0.0306,0.3714
HEARTS EIGHT DIAMONDS SIX,0.5444,0.0268,0.4288
HEARTS NINE DIAMONDS SIX,0.5594,0.0264,0.4142
HEARTS SIX DIAMONDS SIX,0.2862,0.0604,0.6534
HEARTS SEVEN DIAMONDS SIX,0.5438,0.0246,0.4316
HEARTS TEN DIAMONDS SEVEN,0.2176,0.2894,0.493
CLUBS TWO DIAMONDS SIX,0.6228,0.0328,0.3444
HEARTS JACK DIAMONDS SEVEN,0.3522,0.016,0.6318
CLUBS THREE DIAMONDS SIX,0.6166,0.0306,0.3528
CLUBS SEVEN DIAMONDS SIX,0.5386,0.0258,0.4356
CLUBS JACK DIAMONDS EIGHT,0.3472,0.0184,0.6344
CLUBS SIX DIAMONDS SIX,0.2922,0.0584,0.6494
CLUBS FIVE DIAMONDS SIX,0.5532,0.0338,0.413
CLUBS FOUR DIAMONDS SIX,0.6502,0.0786,0.2712
HEARTS ACE HEARTS JACK,0.3016,0.0042,0.6942
DIAMONDS EIGHT CLUBS ACE,0.363,0.0048,0.6322
HEARTS QUEEN HEARTS JACK,0.2874,0.009,0.7036
DIAMONDS EIGHT CLUBS KING,0.3526,0.0074,0.64
CLUBS NINE DIAMONDS SIX,0.5636,0.0238,0.4126
HEARTS KING HEARTS JACK,0.2972,0.0084,0.6944
DIAMONDS EIGHT CLUBS QUEEN,0.3496,0.0112,0.6392
CLUBS EIGHT DIAMONDS SIX,0.5682,0.0298,0.402
SPADES TEN HEARTS KING,0.2292,0.036,0.7348
SPADES FIVE DIAMONDS SIX,0.5462,0.028,0.4258
HEARTS ACE SPADES TWO,0.3766,0.005,0.6184
SPADES JACK HEARTS KING,0.313,0.0074,0.6796
SPADES FOUR DIAMONDS SIX,0.6474,0.0754,0.2772
SPADES THREE DIAMONDS SIX,0.6002,0.0264,0.3734
HEARTS QUEEN SPADES TWO,0.3962,0.0118,0.592
SPADES ACE SPADES KING,0.3078,0.004,0.6882
HEARTS KING SPADES TWO,0.3868,0.01,0.6032
SPADES TWO DIAMONDS SIX,0.6082,0.0228,0.369
HEARTS TEN HEARTS EIGHT,0.2196,0.2188,0.5616
SPADES NINE DIAMONDS SIX,0.562,0.0254,0.4126
HEARTS JACK HEARTS EIGHT,0.3256,0.0194,0.655
SPADES EIGHT DIAMONDS SIX,0.5392,0.0262,0.4346
SPADES SEVEN DIAMONDS SIX,0.5456,0.0306,0.4238
SPADES SIX DIAMONDS SIX,0.2954,0.059,0.6456
SPADES KING HEARTS KING,0.1386,0.0102,0.8512
SPADES QUEEN HEARTS KING,0.2988,0.0064,0.6948
CLUBS ACE CLUBS KING,0.3044,0.0052,0.6904
SPADES ACE HEARTS KING,0.3194,0.0064,0.6742
SPADES ACE HEARTS JACK,0.3082,0.0026,0.6892
SPADES QUEEN HEARTS JACK,0.3052,0.0102,0.6846
SPADES KING HEARTS JACK,0.3016,0.0066,0.6918
SPADES TEN DIAMONDS TEN,0.0938,0.0524,0.8538
SPADES JACK DIAMONDS TEN,0.232,0.0554,0.7126
SPADES ACE DIAMONDS TEN,0.2246,0.0254,0.75
SPADES JACK HEARTS JACK,0.1414,0.0246,0.834
SPADES TEN HEARTS JACK,0.219,0.0492,0.7318
SPADES QUEEN DIAMONDS TEN,0.2304,0.0458,0.7238
SPADES KING DIAMONDS TEN,0.2428,0.0348,0.7224
SPADES NINE DIAMONDS SEVEN,0.5524,0.0264,0.4212
SPADES EIGHT DIAMONDS SEVEN,0.5268,0.0258,0.4474
SPADES SEVEN DIAMONDS SEVEN,0.2828,0.053,0.6642
SPADES SIX DIAMONDS SEVEN,0.5522,0.0258,0.422
DIAMONDS KING DIAMONDS SEVEN,0.3364,0.0068,0.6568
HEARTS THREE DIAMONDS SEVEN,0.6154,0.0322,0.3524
HEARTS KING DIAMONDS FIVE,0.3484,0.0082,0.6434
DIAMONDS QUEEN DIAMONDS SEVEN,0.3468,0.0098,0.6434
HEARTS TWO DIAMONDS SEVEN,0.6186,0.0254,0.356
HEARTS QUEEN DIAMONDS FIVE,0.3538,0.0124,0.6338
HEARTS FIVE DIAMONDS SEVEN,0.5596,0.0334,0.407
DIAMONDS ACE DIAMONDS SEVEN,0.3374,0.004,0.6586
HEARTS ACE DIAMONDS FIVE,0.3518,0.0038,0.6444
HEARTS SEVEN DIAMONDS SEVEN,0.2816,0.054,0.6644
HEARTS SIX DIAMONDS SEVEN,0.5294,0.0256,0.445
DIAMONDS SEVEN HEARTS NINE,0.55,0.027,0.423
HEARTS EIGHT DIAMONDS SEVEN,0.5434,0.0226,0.434
DIAMONDS JACK DIAMONDS SEVEN,0.3324,0.0188,0.6488
DIAMONDS FIVE HEARTS JACK,0.3582,0.02,0.6218
DIAMONDS TEN DIAMONDS SEVEN,0.221,0.266,0.513
HEARTS TEN DIAMONDS FIVE,0.2072,0.4748,0.318
SPADES KING CLUBS TWO,0.4086,0.0104,0.581
HEARTS KING CLUBS KING,0.1254,0.0112,0.8634
CLUBS EIGHT DIAMONDS SEVEN,0.531,0.0266,0.4424
SPADES QUEEN CLUBS TWO,0.3962,0.0146,0.5892
HEARTS KING CLUBS QUEEN,0.3054,0.0066,0.688
CLUBS NINE DIAMONDS SEVEN,0.545,0.0276,0.4274
CLUBS JACK SPADES TWO,0.389,0.0226,0.5884
SPADES ACE CLUBS TWO,0.3898,0.0036,0.6066
HEARTS KING CLUBS ACE,0.3134,0.0054,0.6812
CLUBS SEVEN CLUBS SIX,0.5112,0.0304,0.4584
SPADES TWO CLUBS KING,0.3946,0.0106,0.5948
SPADES TWO DIAMONDS SEVEN,0.6196,0.0328,0.3476
CLUBS EIGHT CLUBS SIX,0.537,0.0262,0.4368
SPADES THREE DIAMONDS SEVEN,0.6032,0.0288,0.368
SPADES TWO CLUBS QUEEN,0.3888,0.0146,0.5966
CLUBS NINE CLUBS SIX,0.5364,0.0274,0.4362
SPADES FOUR DIAMONDS SEVEN,0.6496,0.0826,0.2678
CLUBS JACK HEARTS KING,0.316,0.0082,0.6758
SPADES FIVE DIAMONDS SEVEN,0.5616,0.0296,0.4088
SPADES TWO CLUBS ACE,0.374,0.0068,0.6192
CLUBS SIX SPADES TWO,0.6166,0.0304,0.353
CLUBS SIX SPADES THREE,0.593,0.032,0.375
CLUBS TWO DIAMONDS SEVEN,0.6266,0.0286,0.3448
CLUBS SIX SPADES FOUR,0.656,0.0744,0.2696
CLUBS THREE DIAMONDS SEVEN,0.6086,0.0248,0.3666
CLUBS SIX SPADES FIVE,0.5542,0.0336,0.4122
CLUBS FOUR DIAMONDS SEVEN,0.6702,0.073,0.2568
CLUBS SIX SPADES SIX,0.2932,0.0594,0.6474
CLUBS FIVE DIAMONDS SEVEN,0.5606,0.0304,0.409
CLUBS SIX SPADES SEVEN,0.5426,0.0264,0.431
CLUBS SIX DIAMONDS SEVEN,0.5496,0.0294,0.421
CLUBS SIX SPADES EIGHT,0.5586,0.0306,0.4108
SPADES JACK CLUBS TWO,0.3968,0.022,0.5812
CLUBS SEVEN DIAMONDS SEVEN,0.2972,0.0506,0.6522
SPADES NINE CLUBS SIX,0.5672,0.0258,0.407
SPADES TEN CLUBS TWO,0.2712,0.5208,0.208
CLUBS TWO CLUBS QUEEN,0.3714,0.0138,0.6148
CLUBS TWO CLUBS KING,0.3794,0.0086,0.612
CLUBS THREE DIAMONDS EIGHT,0.6232,0.0276,0.3492
CLUBS TWO CLUBS ACE,0.362,0.005,0.633
CLUBS TWO DIAMONDS EIGHT,0.6142,0.027,0.3588
HEARTS SEVEN DIAMONDS EIGHT,0.5408,0.0262,0.433
HEARTS SIX DIAMONDS EIGHT,0.5526,0.027,0.4204
DIAMONDS EIGHT HEARTS NINE,0.5148,0.0254,0.4598
DIAMONDS EIGHT HEARTS EIGHT,0.2836,0.0436,0.6728
CLUBS JACK CLUBS TWO,0.3768,0.017,0.6062
CLUBS NINE DIAMONDS EIGHT,0.5364,0.0228,0.4408
CLUBS EIGHT DIAMONDS EIGHT,0.2898,0.0452,0.665
CLUBS FIVE DIAMONDS EIGHT,0.5762,0.0258,0.398
SPADES ACE SPADES THREE,0.3668,0.0036,0.6296
CLUBS FOUR DIAMONDS EIGHT,0.6718,0.0782,0.25
CLUBS SEVEN DIAMONDS EIGHT,0.536,0.0308,0.4332
SPADES QUEEN SPADES THREE,0.3676,0.013,0.6194
CLUBS SIX DIAMONDS EIGHT,0.565,0.0282,0.4068
SPADES KING SPADES THREE,0.3774,0.0066,0.616
DIAMONDS QUEEN DIAMONDS EIGHT,0.327,0.0084,0.6646
HEARTS TWO DIAMONDS EIGHT,0.6158,0.0328,0.3514
DIAMONDS KING DIAMONDS EIGHT,0.3452,0.0072,0.6476
HEARTS THREE DIAMONDS EIGHT,0.632,0.0276,0.3404
DIAMONDS ACE DIAMONDS EIGHT,0.332,0.005,0.663
HEARTS FIVE DIAMONDS EIGHT,0.5558,0.0304,0.4138
DIAMONDS EIGHT DIAMONDS TEN,0.2102,0.2128,0.577
DIAMONDS EIGHT DIAMONDS JACK,0.319,0.0158,0.6652
SPADES JACK SPADES THREE,0.357,0.0176,0.6254
SPADES TEN SPADES THREE,0.2482,0.4898,0.262
CLUBS FOUR HEARTS ACE,0.2354,0.0228,0.7418
CLUBS FOUR HEARTS QUEEN,0.2288,0.0532,0.718
CLUBS FOUR HEARTS KING,0.234,0.0394,0.7266
CLUBS SIX HEARTS TEN,0.2268,0.3814,0.3918
CLUBS SIX HEARTS JACK,0.3646,0.0192,0.6162
DIAMONDS EIGHT SPADES FOUR,0.6768,0.077,0.2462
SPADES FIVE DIAMONDS EIGHT,0.5734,0.0276,0.399
DIAMONDS EIGHT SPADES TWO,0.609,0.029,0.362
DIAMONDS EIGHT SPADES THREE,0.6232,0.0278,0.349
CLUBS FOUR HEARTS JACK,0.2326,0.061,0.7064
SPADES EIGHT DIAMONDS EIGHT,0.2912,0.0474,0.6614
SPADES TEN DIAMONDS QUEEN,0.2398,0.048,0.7122
SPADES TEN HEARTS TWO,0.2654,0.521,0.2136
SPADES JACK HEARTS EIGHT,0.3384,0.0174,0.6442
CLUBS FOUR HEARTS TEN,0.0092,0.9856,0.0052
SPADES NINE DIAMONDS EIGHT,0.5298,0.0234,0.4468
SPADES TEN HEARTS EIGHT,0.2288,0.2244,0.5468
SPADES JACK HEARTS TWO,0.3912,0.0224,0.5864
SPADES JACK DIAMONDS QUEEN,0.318,0.008,0.674
SPADES SIX DIAMONDS EIGHT,0.5362,0.0292,0.4346
SPADES SEVEN DIAMONDS EIGHT,0.551,0.0242,0.4248
SPADES ACE HEARTS TWO,0.3768,0.005,0.6182
SPADES ACE DIAMONDS QUEEN,0.3328,0.0036,0.6636
SPADES ACE HEARTS EIGHT,0.367,0.0032,0.6298
SPADES KING HEARTS EIGHT,0.3606,0.0082,0.6312
SPADES QUEEN HEARTS TWO,0.407,0.015,0.578
SPADES QUEEN DIAMONDS QUEEN,0.143,0.0164,0.8406
SPADES KING DIAMONDS QUEEN,0.3236,0.0064,0.67
SPADES KING HEARTS TWO,0.394,0.009,0.597
SPADES QUEEN HEARTS EIGHT,0.3542,0.0086,0.6372
CLUBS TWO HEARTS TEN,0.2634,0.5172,0.2194
CLUBS TWO HEARTS JACK,0.3954,0.0206,0.584
SPADES SEVEN DIAMONDS NINE,0.548,0.0234,0.4286
SPADES SIX DIAMONDS NINE,0.5532,0.0242,0.4226
SPADES NINE DIAMONDS NINE,0.2798,0.0384,0.6818
SPADES EIGHT DIAMONDS NINE,0.5304,0.0224,0.4472
SPADES TEN CLUBS KING,0.2342,0.037,0.7288
DIAMONDS NINE SPADES THREE,0.6054,0.0298,0.3648
SPADES JACK CLUBS KING,0.3164,0.0056,0.678
DIAMONDS NINE SPADES TWO,0.6192,0.025,0.3558
DIAMONDS NINE SPADES FIVE,0.5736,0.0222,0.4042
DIAMONDS NINE SPADES FOUR,0.6824,0.079,0.2386
CLUBS NINE DIAMONDS NINE,0.2742,0.043,0.6828
CLUBS EIGHT DIAMONDS NINE,0.5416,0.0214,0.437
CLUBS SIX DIAMONDS NINE,0.566,0.0288,0.4052
SPADES JACK CLUBS FOUR,0.2314,0.0608,0.7078
CLUBS SEVEN DIAMONDS NINE,0.5484,0.028,0.4236
SPADES TEN CLUBS FOUR,0.0236,0.9662,0.0102
CLUBS FOUR DIAMONDS NINE,0.6934,0.0766,0.23
CLUBS FIVE DIAMONDS NINE,0.5798,0.0272,0.393
DIAMONDS NINE CLUBS TWO,0.6184,0.0274,0.3542
CLUBS THREE DIAMONDS NINE,0.6298,0.0278,0.3424
DIAMONDS NINE HEARTS EIGHT,0.523,0.0256,0.4514
DIAMONDS NINE HEARTS NINE,0.2584,0.0384,0.7032
HEARTS SIX DIAMONDS NINE,0.5474,0.026,0.4266
HEARTS SEVEN DIAMONDS NINE,0.5446,0.0296,0.4258
CLUBS NINE CLUBS EIGHT,0.4998,0.0224,0.4778
DIAMONDS ACE DIAMONDS NINE,0.3416,0.0042,0.6542
HEARTS FIVE DIAMONDS NINE,0.572,0.0244,0.4036
HEARTS ACE CLUBS TWO,0.381,0.0068,0.6122
SPADES ACE CLUBS FOUR,0.2422,0.023,0.7348
DIAMONDS QUEEN DIAMONDS NINE,0.3268,0.0094,0.6638
HEARTS TWO DIAMONDS NINE,0.6154,0.0306,0.354
CLUBS TWO HEARTS KING,0.385,0.0092,0.6058
SPADES KING CLUBS FOUR,0.2522,0.0404,0.7074
DIAMONDS KING DIAMONDS NINE,0.3358,0.0074,0.6568
HEARTS THREE DIAMONDS NINE,0.6228,0.0282,0.349
CLUBS TWO HEARTS QUEEN,0.3894,0.016,0.5946
SPADES QUEEN CLUBS FOUR,0.235,0.054,0.711
DIAMONDS NINE DIAMONDS JACK,0.3048,0.0138,0.6814
CLUBS EIGHT SPADES NINE,0.54,0.0278,0.4322
DIAMONDS NINE DIAMONDS TEN,0.2066,0.1674,0.626
CLUBS EIGHT SPADES EIGHT,0.2894,0.0478,0.6628
CLUBS EIGHT SPADES SEVEN,0.5348,0.0292,0.436
CLUBS EIGHT SPADES SIX,0.5522,0.026,0.4218
CLUBS EIGHT SPADES FIVE,0.565,0.0298,0.4052
CLUBS EIGHT SPADES FOUR,0.6786,0.078,0.2434
CLUBS EIGHT SPADES THREE,0.6114,0.034,0.3546
CLUBS EIGHT SPADES TWO,0.634,0.0274,0.3386
HEARTS SIX DIAMONDS TEN,0.2118,0.3802,0.408
HEARTS SEVEN DIAMONDS TEN,0.221,0.282,0.497
DIAMONDS TEN HEARTS EIGHT,0.2134,0.2296,0.557
CLUBS JACK CLUBS FOUR,0.2258,0.0668,0.7074
DIAMONDS TEN HEARTS NINE,0.2106,0.1796,0.6098
CLUBS FOUR CLUBS KING,0.229,0.0362,0.7348
CLUBS FOUR CLUBS QUEEN,0.2254,0.0446,0.73
CLUBS TWO DIAMONDS TEN,0.2712,0.519,0.2098
CLUBS THREE DIAMONDS TEN,0.2584,0.5256,0.216
CLUBS FOUR CLUBS ACE,0.2234,0.029,0.7476
DIAMONDS JACK DIAMONDS TEN,0.2156,0.0532,0.7312
DIAMONDS QUEEN DIAMONDS TEN,0.2218,0.0432,0.735
HEARTS TWO DIAMONDS TEN,0.273,0.515,0.212
DIAMONDS KING DIAMONDS TEN,0.2116,0.035,0.7534
HEARTS THREE DIAMONDS TEN,0.2598,0.5184,0.2218
DIAMONDS ACE DIAMONDS TEN,0.2166,0.0266,0.7568
CLUBS EIGHT HEARTS JACK,0.3442,0.0168,0.639
HEARTS FIVE DIAMONDS TEN,0.2052,0.4766,0.3182
CLUBS EIGHT HEARTS TEN,0.217,0.2314,0.5516
CLUBS EIGHT HEARTS QUEEN,0.3454,0.013,0.6416
CLUBS EIGHT HEARTS KING,0.3626,0.008,0.6294
CLUBS EIGHT HEARTS ACE,0.349,0.0052,0.6458
CLUBS NINE SPADES THREE,0.6286,0.0328,0.3386
CLUBS NINE SPADES TWO,0.614,0.0282,0.3578
CLUBS NINE SPADES FIVE,0.5774,0.026,0.3966
CLUBS NINE SPADES FOUR,0.6886,0.0778,0.2336
CLUBS NINE SPADES SEVEN,0.5476,0.0268,0.4256
CLUBS NINE SPADES SIX,0.5576,0.0338,0.4086
CLUBS NINE SPADES NINE,0.272,0.0346,0.6934
CLUBS NINE SPADES EIGHT,0.536,0.0224,0.4416
CLUBS JACK HEARTS EIGHT,0.3358,0.0174,0.6468
HEARTS EIGHT CLUBS QUEEN,0.3394,0.0124,0.6482
CLUBS KING HEARTS EIGHT,0.343,0.0066,0.6504
CLUBS ACE HEARTS EIGHT,0.3596,0.005,0.6354
SPADES KING CLUBS KING,0.1368,0.0118,0.8514
SPADES QUEEN CLUBS KING,0.3114,0.0068,0.6818
SPADES ACE CLUBS KING,0.331,0.0046,0.6644
DIAMONDS ACE HEARTS TEN,0.2108,0.0286,0.7606
DIAMONDS ACE HEARTS JACK,0.3108,0.0042,0.685
SPADES KING CLUBS FIVE,0.362,0.0076,0.6304
SPADES QUEEN CLUBS FIVE,0.3648,0.0134,0.6218
SPADES ACE CLUBS FIVE,0.3514,0.0046,0.644
HEARTS SEVEN DIAMONDS JACK,0.3562,0.0206,0.6232
HEARTS SIX DIAMONDS JACK,0.375,0.0172,0.6078
DIAMONDS JACK HEARTS NINE,0.328,0.0166,0.6554
DIAMONDS JACK HEARTS EIGHT,0.3438,0.0168,0.6394
DIAMONDS KING DIAMONDS JACK,0.2998,0.0074,0.6928
HEARTS THREE DIAMONDS JACK,0.3918,0.0158,0.5924
SPADES ACE SPADES SIX,0.333,0.0036,0.6634
HEARTS ACE SPADES FOUR,0.2364,0.0262,0.7374
DIAMONDS QUEEN DIAMONDS JACK,0.3008,0.0092,0.69
HEARTS TWO DIAMONDS JACK,0.395,0.019,0.586
HEARTS FIVE DIAMONDS JACK,0.3554,0.0158,0.6288
SPADES QUEEN SPADES SIX,0.3332,0.0122,0.6546
SPADES FOUR HEARTS QUEEN,0.228,0.0458,0.7262
DIAMONDS ACE DIAMONDS JACK,0.305,0.004,0.691
SPADES KING SPADES SIX,0.3422,0.0084,0.6494
SPADES FOUR HEARTS KING,0.2396,0.0366,0.7238
SPADES TEN SPADES SIX,0.2094,0.3556,0.435
SPADES JACK SPADES SIX,0.3408,0.0218,0.6374
SPADES FOUR DIAMONDS JACK,0.2414,0.0598,0.6988
SPADES FIVE DIAMONDS JACK,0.3608,0.0154,0.6238
DIAMONDS JACK SPADES TWO,0.3904,0.0174,0.5922
DIAMONDS JACK SPADES THREE,0.3946,0.0192,0.5862
SPADES ACE DIAMONDS THREE,0.398,0.005,0.597
SPADES QUEEN DIAMONDS THREE,0.3946,0.0138,0.5916
CLUBS EIGHT DIAMONDS JACK,0.3498,0.0172,0.633
SPADES KING DIAMONDS THREE,0.3892,0.0088,0.602
CLUBS NINE DIAMONDS JACK,0.3386,0.0168,0.6446
CLUBS SIX DIAMONDS JACK,0.3622,0.0174,0.6204
CLUBS SEVEN DIAMONDS JACK,0.3598,0.0182,0.622
CLUBS FOUR DIAMONDS JACK,0.2346,0.0584,0.707
CLUBS FIVE DIAMONDS JACK,0.362,0.0142,0.6238
CLUBS TWO DIAMONDS JACK,0.3956,0.0174,0.587
CLUBS THREE DIAMONDS JACK,0.3982,0.022,0.5798
SPADES TEN CLUBS FIVE,0.2256,0.4682,0.3062
SPADES JACK HEARTS SIX,0.351,0.0172,0.6318
HEARTS SIX SPADES TEN,0.2208,0.3736,0.4056
SPADES JACK CLUBS FIVE,0.3566,0.0222,0.6212
SPADES JACK DIAMONDS THREE,0.3826,0.0186,0.5988
CLUBS SEVEN CLUBS ACE,0.3338,0.005,0.6612
DIAMONDS THREE SPADES TEN,0.2706,0.5072,0.2222
CLUBS SEVEN CLUBS QUEEN,0.3498,0.0138,0.6364
CLUBS SEVEN CLUBS KING,0.3508,0.0076,0.6416
SPADES NINE DIAMONDS JACK,0.3396,0.0164,0.644
DIAMONDS ACE HEARTS ACE,0.1348,0.0046,0.8606
SPADES EIGHT DIAMONDS JACK,0.3372,0.0136,0.6492
SPADES ACE HEARTS SIX,0.3608,0.0026,0.6366
CLUBS JACK CLUBS SEVEN,0.3342,0.0148,0.651
DIAMONDS ACE HEARTS KING,0.3192,0.0046,0.6762
SPADES SEVEN DIAMONDS JACK,0.3496,0.0144,0.636
SPADES KING HEARTS SIX,0.357,0.0088,0.6342
DIAMONDS ACE HEARTS QUEEN,0.3196,0.0048,0.6756
SPADES QUEEN HEARTS SIX,0.364,0.0134,0.6226
SPADES SIX DIAMONDS JACK,0.362,0.015,0.623
DIAMONDS TEN SPADES TWO,0.2748,0.5074,0.2178
SPADES THREE DIAMONDS TEN,0.2668,0.5102,0.223
SPADES FOUR DIAMONDS TEN,0.0236,0.953,0.0234
SPADES FIVE DIAMONDS TEN,0.2308,0.4522,0.317
SPADES SIX DIAMONDS TEN,0.221,0.3842,0.3948
SPADES SEVEN DIAMONDS TEN,0.2294,0.2764,0.4942
SPADES EIGHT DIAMONDS TEN,0.2256,0.2154,0.559
SPADES NINE DIAMONDS TEN,0.2412,0.1554,0.6034
CLUBS FOUR DIAMONDS TEN,0.0158,0.9738,0.0104
CLUBS FIVE DIAMONDS TEN,0.2188,0.473,0.3082
CLUBS SIX DIAMONDS TEN,0.2264,0.3744,0.3992
CLUBS SEVEN DIAMONDS TEN,0.2336,0.2824,0.484
CLUBS EIGHT DIAMONDS TEN,0.228,0.22,0.552
CLUBS NINE DIAMONDS TEN,0.233,0.1676,0.5994
CLUBS JACK DIAMONDS THREE,0.375,0.0172,0.6078
DIAMONDS THREE CLUBS KING,0.3868,0.0078,0.6054
DIAMONDS THREE CLUBS QUEEN,0.3922,0.0126,0.5952
DIAMONDS THREE CLUBS ACE,0.3726,0.0054,0.622
SPADES FOUR HEARTS JACK,0.2344,0.06,0.7056
SPADES FOUR HEARTS TEN,0.0096,0.9718,0.0186
SPADES FIVE SPADES TWO,0.5702,0.0282,0.4016
SPADES FOUR SPADES TWO,0.6248,0.0812,0.294
SPADES THREE SPADES TWO,0.5904,0.0324,0.3772
SPADES NINE SPADES TWO,0.5798,0.029,0.3912
SPADES EIGHT SPADES TWO,0.5766,0.0288,0.3946
SPADES SEVEN SPADES TWO,0.5822,0.0288,0.389
SPADES SIX SPADES TWO,0.559,0.0302,0.4108
DIAMONDS QUEEN CLUBS THREE,0.3914,0.0122,0.5964
CLUBS THREE HEARTS TWO,0.6374,0.033,0.3296
DIAMONDS QUEEN CLUBS TWO,0.4004,0.0116,0.588
HEARTS TWO CLUBS TWO,0.4054,0.0688,0.5258
HEARTS SEVEN DIAMONDS QUEEN,0.3752,0.012,0.6128
HEARTS SEVEN HEARTS TWO,0.5972,0.0274,0.3754
HEARTS SIX DIAMONDS QUEEN,0.3582,0.0096,0.6322
HEARTS SIX HEARTS TWO,0.5866,0.0334,0.38
DIAMONDS QUEEN HEARTS NINE,0.34,0.0092,0.6508
HEARTS TWO HEARTS NINE,0.5908,0.0282,0.381
DIAMONDS QUEEN HEARTS EIGHT,0.3586,0.0118,0.6296
HEARTS TWO HEARTS EIGHT,0.5834,0.0318,0.3848
CLUBS NINE HEARTS TWO,0.6174,0.0276,0.355
CLUBS NINE DIAMONDS QUEEN,0.3444,0.0112,0.6444
CLUBS EIGHT HEARTS TWO,0.6216,0.0294,0.349
CLUBS EIGHT DIAMONDS QUEEN,0.353,0.0114,0.6356
CLUBS FIVE DIAMONDS QUEEN,0.3658,0.0122,0.622
CLUBS FIVE HEARTS TWO,0.6096,0.0284,0.362
SPADES EIGHT HEARTS ACE,0.355,0.0032,0.6418
DIAMONDS QUEEN CLUBS FOUR,0.2472,0.05,0.7028
HEARTS TWO CLUBS FOUR,0.6772,0.0778,0.245
CLUBS SEVEN DIAMONDS QUEEN,0.3712,0.0104,0.6184
CLUBS SEVEN HEARTS TWO,0.6364,0.0332,0.3304
SPADES EIGHT HEARTS QUEEN,0.3512,0.0108,0.638
CLUBS SIX DIAMONDS QUEEN,0.373,0.0132,0.6138
CLUBS SIX HEARTS TWO,0.6192,0.033,0.3478
SPADES EIGHT HEARTS KING,0.355,0.0066,0.6384
HEARTS TWO SPADES SIX,0.619,0.029,0.352
DIAMONDS QUEEN SPADES SIX,0.3594,0.0096,0.631
DIAMONDS ACE CLUBS QUEEN,0.326,0.006,0.668
DIAMONDS QUEEN SPADES SEVEN,0.3654,0.0116,0.623
HEARTS TWO SPADES SEVEN,0.6272,0.0284,0.3444
DIAMONDS ACE CLUBS KING,0.3132,0.0038,0.683
DIAMONDS QUEEN SPADES EIGHT,0.349,0.0106,0.6404
SPADES EIGHT HEARTS TWO,0.6322,0.0296,0.3382
DIAMONDS ACE CLUBS ACE,0.1262,0.0032,0.8706
SPADES NINE DIAMONDS QUEEN,0.3442,0.0108,0.645
SPADES NINE HEARTS TWO,0.6172,0.0272,0.3556
HEARTS TWO SPADES TWO,0.4008,0.067,0.5322
DIAMONDS QUEEN SPADES TWO,0.4,0.012,0.588
HEARTS TWO SPADES THREE,0.635,0.0314,0.3336
DIAMONDS QUEEN SPADES THREE,0.3884,0.0136,0.598
HEARTS TWO SPADES FOUR,0.6686,0.0848,0.2466
DIAMONDS QUEEN SPADES FOUR,0.2356,0.0546,0.7098
HEARTS TWO SPADES FIVE,0.6024,0.0288,0.3688
DIAMONDS QUEEN SPADES FIVE,0.3594,0.0128,0.6278
CLUBS JACK DIAMONDS ACE,0.3128,0.0048,0.6824
CLUBS FIVE CLUBS KING,0.3532,0.011,0.6358
CLUBS FIVE CLUBS QUEEN,0.345,0.0114,0.6436
CLUBS FIVE CLUBS ACE,0.3364,0.007,0.6566
CLUBS JACK CLUBS FIVE,0.3416,0.017,0.6414
SPADES KING CLUBS JACK,0.3076,0.0052,0.6872
CLUBS JACK SPADES QUEEN,0.2968,0.0108,0.6924
SPADES ACE CLUBS JACK,0.3122,0.0056,0.6822
SPADES SIX CLUBS KING,0.358,0.0076,0.6344
SPADES SIX CLUBS QUEEN,0.3516,0.0134,0.635
SPADES EIGHT HEARTS JACK,0.3354,0.0176,0.647
SPADES SIX CLUBS ACE,0.3516,0.0038,0.6446
SPADES EIGHT HEARTS TEN,0.2226,0.2252,0.5522
CLUBS JACK SPADES SIX,0.3592,0.018,0.6228
CLUBS JACK SPADES TEN,0.2338,0.058,0.7082
CLUBS JACK SPADES JACK,0.1474,0.0214,0.8312
SPADES QUEEN CLUBS SEVEN,0.3814,0.0092,0.6094
SPADES KING CLUBS SEVEN,0.3608,0.0084,0.6308
SPADES ACE CLUBS SEVEN,0.3644,0.0034,0.6322
SPADES SIX HEARTS TEN,0.2238,0.3878,0.3884
SPADES SIX HEARTS JACK,0.3594,0.0194,0.6212
SPADES SIX HEARTS ACE,0.3488,0.0042,0.647
SPADES SIX HEARTS KING,0.3684,0.0066,0.625
SPADES SIX HEARTS QUEEN,0.3604,0.0118,0.6278
CLUBS SEVEN SPADES JACK,0.356,0.0192,0.6248
CLUBS SEVEN SPADES TEN,0.229,0.2914,0.4796
CLUBS JACK HEARTS SIX,0.3578,0.0218,0.6204
CLUBS JACK CLUBS ACE,0.29,0.0066,0.7034
HEARTS SIX CLUBS QUEEN,0.362,0.0118,0.6262
HEARTS SIX CLUBS KING,0.3692,0.0078,0.623
HEARTS SIX CLUBS ACE,0.3588,0.0062,0.635
CLUBS JACK CLUBS QUEEN,0.2946,0.0098,0.6956
CLUBS JACK CLUBS KING,0.2962,0.0074,0.6964
DIAMONDS THREE HEARTS ACE,0.38,0.0052,0.6148
DIAMONDS THREE HEARTS QUEEN,0.3996,0.0126,0.5878
DIAMONDS THREE HEARTS KING,0.405,0.0078,0.5872
CLUBS FIVE HEARTS JACK,0.3546,0.0174,0.628
SPADES TEN DIAMONDS ACE,0.232,0.0246,0.7434
CLUBS FIVE HEARTS TEN,0.2198,0.4736,0.3066
SPADES JACK DIAMONDS ACE,0.3266,0.0054,0.668
SPADES ACE DIAMONDS ACE,0.1298,0.0034,0.8668
CLUBS FIVE HEARTS ACE,0.3422,0.0052,0.6526
CLUBS FIVE HEARTS KING,0.355,0.009,0.636
SPADES QUEEN DIAMONDS ACE,0.3248,0.004,0.6712
CLUBS JACK SPADES FOUR,0.2346,0.0644,0.701
CLUBS FIVE HEARTS QUEEN,0.3552,0.0106,0.6342
SPADES KING DIAMONDS ACE,0.3294,0.0038,0.6668
DIAMONDS QUEEN DIAMONDS ACE,0.307,0.0056,0.6874
HEARTS TWO DIAMONDS ACE,0.4026,0.003,0.5944
DIAMONDS THREE HEARTS TEN,0.2652,0.5188,0.216
SPADES FOUR CLUBS KING,0.2386,0.0396,0.7218
HEARTS FIVE DIAMONDS QUEEN,0.3732,0.0128,0.614
HEARTS FIVE HEARTS TWO,0.563,0.0294,0.4076
DIAMONDS THREE HEARTS JACK,0.3886,0.0184,0.593
SPADES FOUR CLUBS QUEEN,0.234,0.0526,0.7134
DIAMONDS QUEEN HEARTS TWO,0.3884,0.0124,0.5992
DIAMONDS KING DIAMONDS QUEEN,0.3034,0.0042,0.6924
DIAMONDS KING HEARTS TWO,0.3916,0.009,0.5994
HEARTS THREE DIAMONDS QUEEN,0.383,0.0122,0.6048
HEARTS THREE HEARTS TWO,0.5946,0.0306,0.3748
SPADES FOUR CLUBS ACE,0.2372,0.0296,0.7332
HEARTS TWO CLUBS ACE,0.3842,0.0048,0.611
DIAMONDS QUEEN CLUBS ACE,0.3326,0.0044,0.663
HEARTS TWO CLUBS QUEEN,0.3966,0.0122,0.5912
DIAMONDS QUEEN CLUBS QUEEN,0.1436,0.0168,0.8396
HEARTS TWO CLUBS KING,0.3976,0.011,0.5914
DIAMONDS QUEEN CLUBS KING,0.3156,0.0074,0.677
SPADES EIGHT SPADES FIVE,0.5322,0.027,0.4408
SPADES NINE SPADES FIVE,0.5442,0.0224,0.4334
CLUBS JACK HEARTS TWO,0.3964,0.0182,0.5854
CLUBS JACK DIAMONDS QUEEN,0.3182,0.0074,0.6744
SPADES SIX SPADES FIVE,0.5276,0.028,0.4444
SPADES SEVEN SPADES FIVE,0.5222,0.0296,0.4482
DIAMONDS FIVE CLUBS QUEEN,0.352,0.0144,0.6336
SPADES EIGHT CLUBS ACE,0.3544,0.0052,0.6404
DIAMONDS FIVE CLUBS KING,0.3528,0.0066,0.6406
SPADES EIGHT CLUBS KING,0.364,0.0078,0.6282
DIAMONDS FIVE CLUBS ACE,0.3518,0.0048,0.6434
SPADES EIGHT CLUBS QUEEN,0.3532,0.0104,0.6364
CLUBS JACK SPADES EIGHT,0.3304,0.0174,0.6522
CLUBS JACK DIAMONDS FIVE,0.3482,0.0204,0.6314
DIAMONDS TEN HEARTS JACK,0.2196,0.0562,0.7242
DIAMONDS TEN HEARTS TEN,0.0888,0.0594,0.8518
SPADES ACE CLUBS NINE,0.3602,0.003,0.6368
CLUBS NINE SPADES QUEEN,0.3456,0.012,0.6424
CLUBS NINE SPADES KING,0.3456,0.007,0.6474
HEARTS SIX HEARTS KING,0.3446,0.0078,0.6476
DIAMONDS KING SPADES SEVEN,0.3564,0.0084,0.6352
HEARTS THREE SPADES SEVEN,0.6148,0.0302,0.355
SPADES KING DIAMONDS SEVEN,0.37,0.009,0.621
HEARTS SIX HEARTS QUEEN,0.3514,0.0122,0.6364
SPADES QUEEN DIAMONDS SEVEN,0.3826,0.0082,0.6092
HEARTS THREE SPADES SIX,0.5974,0.0308,0.3718
DIAMONDS KING SPADES SIX,0.365,0.0056,0.6294
DIAMONDS KING SPADES NINE,0.3412,0.0046,0.6542
HEARTS THREE SPADES NINE,0.6218,0.028,0.3502
HEARTS SIX HEARTS ACE,0.3372,0.0048,0.658
