opposingHand,winningChance,drawChance,lostChance
CLUBS FOUR DIAMONDS KING
HEARTS FIVE SPADES TEN,0.6006,0.0116,0.3878
HEARTS FIVE SPADES JACK,0.6146,0.0086,0.3768
CLUBS JACK SPADES FIVE,0.5998,0.0064,0.3938
CLUBS TEN SPADES FIVE,0.6052,0.0082,0.3866
CLUBS JACK CLUBS EIGHT,0.5426,0.007,0.4504
CLUBS TEN CLUBS EIGHT,0.5432,0.009,0.4478
CLUBS EIGHT CLUBS KING,0.2226,0.231,0.5464
SPADES FIVE CLUBS ACE,0.3422,0.007,0.6508
CLUBS EIGHT CLUBS QUEEN,0.559,0.0062,0.4348
SPADES FIVE CLUBS KING,0.2154,0.4646,0.32
SPADES FIVE CLUBS QUEEN,0.6026,0.0094,0.388
CLUBS EIGHT CLUBS ACE,0.3396,0.006,0.6544
DIAMONDS TWO DIAMONDS THREE,0.6228,0.0082,0.369
DIAMONDS TWO DIAMONDS FIVE,0.591,0.0088,0.4002
HEARTS FIVE SPADES KING,0.218,0.4626,0.3194
DIAMONDS TWO DIAMONDS FOUR,0.6866,0.0316,0.2818
HEARTS FIVE SPADES QUEEN,0.6068,0.0084,0.3848
DIAMONDS TWO DIAMONDS SEVEN,0.6026,0.0088,0.3886
DIAMONDS TWO DIAMONDS SIX,0.5946,0.0104,0.395
SPADES ACE HEARTS FIVE,0.3404,0.0036,0.656
DIAMONDS TWO DIAMONDS NINE,0.613,0.0088,0.3782
DIAMONDS TWO DIAMONDS EIGHT,0.6072,0.0086,0.3842
DIAMONDS THREE DIAMONDS FOUR,0.6688,0.0324,0.2988
CLUBS TWO SPADES FOUR,0.7012,0.0364,0.2624
DIAMONDS THREE DIAMONDS FIVE,0.5856,0.0084,0.406
SPADES FIVE CLUBS TWO,0.6194,0.0112,0.3694
CLUBS TWO SPADES TWO,0.4434,0.0226,0.534
CLUBS TWO SPADES THREE,0.6674,0.012,0.3206
DIAMONDS THREE DIAMONDS EIGHT,0.6024,0.0094,0.3882
SPADES EIGHT CLUBS TWO,0.6354,0.01,0.3546
DIAMONDS THREE DIAMONDS NINE,0.6072,0.0098,0.383
SPADES NINE CLUBS TWO,0.6282,0.0076,0.3642
DIAMONDS THREE DIAMONDS SIX,0.591,0.0082,0.4008
SPADES SIX CLUBS TWO,0.6396,0.0104,0.35
DIAMONDS THREE DIAMONDS SEVEN,0.5972,0.0096,0.3932
SPADES SEVEN CLUBS TWO,0.6398,0.0068,0.3534
CLUBS SIX CLUBS TWO,0.5948,0.0094,0.3958
CLUBS SEVEN CLUBS TWO,0.6052,0.0072,0.3876
CLUBS FIVE CLUBS TWO,0.5894,0.0104,0.4002
CLUBS TEN CLUBS JACK,0.5026,0.0076,0.4898
DIAMONDS FOUR DIAMONDS SIX,0.6592,0.0268,0.314
CLUBS TEN CLUBS QUEEN,0.5256,0.0064,0.468
DIAMONDS FOUR DIAMONDS SEVEN,0.674,0.0332,0.2928
CLUBS TEN CLUBS KING,0.2206,0.1152,0.6642
CLUBS TEN CLUBS ACE,0.3242,0.0074,0.6684
CLUBS EIGHT CLUBS TWO,0.6028,0.0108,0.3864
DIAMONDS FIVE DIAMONDS FOUR,0.652,0.037,0.311
CLUBS NINE CLUBS TWO,0.5948,0.0114,0.3938
DIAMONDS NINE DIAMONDS FOUR,0.6892,0.033,0.2778
DIAMONDS EIGHT DIAMONDS FOUR,0.6754,0.0304,0.2942
CLUBS THREE CLUBS TWO,0.6204,0.0122,0.3674
DIAMONDS NINE DIAMONDS FIVE,0.5486,0.0068,0.4446
CLUBS JACK DIAMONDS TWO,0.6392,0.0086,0.3522
DIAMONDS EIGHT DIAMONDS FIVE,0.5612,0.0084,0.4304
CLUBS TEN DIAMONDS TWO,0.63,0.0086,0.3614
DIAMONDS FIVE DIAMONDS SEVEN,0.5488,0.0088,0.4424
DIAMONDS FIVE DIAMONDS SIX,0.5432,0.009,0.4478
DIAMONDS TWO CLUBS ACE,0.3534,0.0052,0.6414
DIAMONDS TWO CLUBS KING,0.2596,0.5256,0.2148
DIAMONDS TWO CLUBS QUEEN,0.6414,0.0084,0.3502
DIAMONDS EIGHT DIAMONDS SIX,0.5502,0.0072,0.4426
DIAMONDS NINE DIAMONDS SIX,0.5476,0.006,0.4464
HEARTS ACE SPADES THREE,0.3712,0.0042,0.6246
SPADES THREE HEARTS KING,0.2642,0.5108,0.225
DIAMONDS SEVEN DIAMONDS SIX,0.5528,0.007,0.4402
HEARTS QUEEN SPADES THREE,0.6286,0.008,0.3634
SPADES THREE HEARTS JACK,0.6236,0.0098,0.3666
SPADES THREE HEARTS TEN,0.6344,0.0046,0.361
DIAMONDS EIGHT DIAMONDS SEVEN,0.5344,0.0086,0.457
DIAMONDS NINE DIAMONDS SEVEN,0.5432,0.0072,0.4496
DIAMONDS NINE DIAMONDS EIGHT,0.528,0.0088,0.4632
HEARTS THREE HEARTS TEN,0.5966,0.0078,0.3956
SPADES JACK CLUBS SIX,0.598,0.0064,0.3956
HEARTS THREE HEARTS JACK,0.5942,0.0056,0.4002
SPADES TEN CLUBS SIX,0.5862,0.0082,0.4056
SPADES JACK SPADES FIVE,0.5638,0.0068,0.4294
SPADES TEN SPADES FIVE,0.5618,0.0066,0.4316
HEARTS THREE HEARTS ACE,0.3482,0.0048,0.647
SPADES ACE CLUBS SIX,0.3686,0.0046,0.6268
HEARTS THREE HEARTS QUEEN,0.6008,0.0078,0.3914
SPADES KING CLUBS SIX,0.2186,0.3824,0.399
HEARTS THREE HEARTS KING,0.259,0.4674,0.2736
SPADES QUEEN CLUBS SIX,0.5972,0.0098,0.393
SPADES NINE HEARTS TEN,0.5516,0.005,0.4434
SPADES NINE HEARTS JACK,0.5468,0.0062,0.447
SPADES QUEEN SPADES FIVE,0.5632,0.0058,0.431
SPADES KING SPADES FIVE,0.215,0.4306,0.3544
SPADES ACE SPADES FIVE,0.3122,0.0048,0.683
SPADES NINE HEARTS QUEEN,0.5636,0.0066,0.4298
SPADES NINE HEARTS KING,0.2372,0.1608,0.602
SPADES NINE HEARTS ACE,0.3614,0.0054,0.6332
CLUBS TEN SPADES JACK,0.5396,0.0088,0.4516
CLUBS TEN SPADES TEN,0.2948,0.0096,0.6956
SPADES ACE CLUBS TEN,0.3454,0.0052,0.6494
CLUBS TEN SPADES KING,0.2258,0.118,0.6562
CLUBS TEN SPADES QUEEN,0.5394,0.006,0.4546
SPADES FIVE HEARTS QUEEN,0.6054,0.0046,0.39
SPADES FIVE HEARTS KING,0.2252,0.452,0.3228
HEARTS ACE SPADES FIVE,0.3356,0.0034,0.661
CLUBS EIGHT SPADES TEN,0.5552,0.009,0.4358
SPADES JACK HEARTS THREE,0.6268,0.0076,0.3656
SPADES TEN HEARTS THREE,0.6316,0.0074,0.361
CLUBS EIGHT SPADES JACK,0.5692,0.0072,0.4236
CLUBS SIX HEARTS ACE,0.3456,0.0038,0.6506
SPADES ACE CLUBS EIGHT,0.3548,0.0044,0.6408
HEARTS FIVE CLUBS JACK,0.5998,0.0076,0.3926
CLUBS TEN HEARTS FIVE,0.5934,0.008,0.3986
CLUBS SIX HEARTS QUEEN,0.5954,0.0058,0.3988
SPADES QUEEN CLUBS EIGHT,0.5866,0.0078,0.4056
CLUBS TEN SPADES THREE,0.634,0.0102,0.3558
CLUBS SIX HEARTS KING,0.2226,0.3846,0.3928
SPADES KING CLUBS EIGHT,0.2358,0.2318,0.5324
CLUBS JACK SPADES THREE,0.6312,0.007,0.3618
DIAMONDS TWO HEARTS JACK,0.6302,0.0084,0.3614
SPADES THREE CLUBS QUEEN,0.6422,0.0078,0.35
DIAMONDS TWO HEARTS TEN,0.6424,0.0092,0.3484
SPADES THREE CLUBS KING,0.2608,0.5132,0.226
HEARTS FIVE CLUBS ACE,0.3386,0.006,0.6554
SPADES FIVE HEARTS TEN,0.5882,0.0066,0.4052
SPADES THREE CLUBS ACE,0.3728,0.0056,0.6216
HEARTS FIVE CLUBS KING,0.2144,0.4632,0.3224
SPADES FIVE HEARTS JACK,0.5978,0.0072,0.395
HEARTS FIVE CLUBS QUEEN,0.5946,0.0068,0.3986
HEARTS THREE CLUBS KING,0.2504,0.5172,0.2324
HEARTS THREE CLUBS QUEEN,0.6286,0.0084,0.363
HEARTS FIVE HEARTS JACK,0.5756,0.0064,0.418
HEARTS FIVE HEARTS TEN,0.5602,0.0074,0.4324
HEARTS THREE CLUBS ACE,0.3724,0.0046,0.623
SPADES ACE CLUBS QUEEN,0.3442,0.0048,0.651
SPADES KING CLUBS QUEEN,0.2282,0.0606,0.7112
CLUBS JACK HEARTS THREE,0.6266,0.008,0.3654
SPADES QUEEN CLUBS QUEEN,0.27,0.005,0.725
CLUBS TEN HEARTS THREE,0.6332,0.007,0.3598
SPADES JACK CLUBS QUEEN,0.5484,0.0068,0.4448
CLUBS SIX CLUBS QUEEN,0.5698,0.0102,0.42
SPADES TEN CLUBS QUEEN,0.5462,0.0062,0.4476
CLUBS SIX CLUBS KING,0.2108,0.3542,0.435
CLUBS SIX CLUBS ACE,0.331,0.0058,0.6632
HEARTS FIVE HEARTS KING,0.2146,0.437,0.3484
HEARTS FIVE HEARTS QUEEN,0.563,0.008,0.429
CLUBS TEN CLUBS SIX,0.5546,0.0064,0.439
HEARTS FIVE HEARTS ACE,0.3262,0.0038,0.67
CLUBS JACK CLUBS SIX,0.5666,0.0088,0.4246
SPADES SEVEN HEARTS JACK,0.589,0.0062,0.4048
SPADES SEVEN HEARTS TEN,0.5672,0.0058,0.427
DIAMONDS TWO CLUBS TWO,0.4432,0.0222,0.5346
DIAMONDS TWO CLUBS THREE,0.6576,0.014,0.3284
DIAMONDS TWO HEARTS SIX,0.646,0.0082,0.3458
DIAMONDS TWO HEARTS QUEEN,0.6346,0.009,0.3564
HEARTS SEVEN DIAMONDS TWO,0.6448,0.0104,0.3448
DIAMONDS TWO HEARTS KING,0.2636,0.5274,0.209
DIAMONDS TWO HEARTS EIGHT,0.6388,0.0074,0.3538
DIAMONDS TWO HEARTS ACE,0.378,0.005,0.617
DIAMONDS TWO HEARTS NINE,0.633,0.0078,0.3592
DIAMONDS TWO DIAMONDS QUEEN,0.5994,0.0102,0.3904
DIAMONDS TWO HEARTS TWO,0.4244,0.0216,0.554
DIAMONDS TWO HEARTS THREE,0.6468,0.0112,0.342
DIAMONDS TWO DIAMONDS ACE,0.3648,0.0058,0.6294
HEARTS FOUR DIAMONDS TWO,0.7114,0.039,0.2496
HEARTS FIVE DIAMONDS TWO,0.6176,0.009,0.3734
SPADES SEVEN HEARTS ACE,0.3604,0.0034,0.6362
DIAMONDS TWO DIAMONDS TEN,0.6048,0.0064,0.3888
SPADES SEVEN HEARTS KING,0.2372,0.3014,0.4614
DIAMONDS TWO DIAMONDS JACK,0.608,0.0096,0.3824
SPADES SEVEN HEARTS QUEEN,0.6046,0.0052,0.3902
DIAMONDS TWO SPADES NINE,0.6184,0.0108,0.3708
DIAMONDS TWO SPADES EIGHT,0.6428,0.01,0.3472
DIAMONDS TWO SPADES SEVEN,0.6466,0.0098,0.3436
DIAMONDS TWO SPADES SIX,0.6396,0.006,0.3544
DIAMONDS TWO SPADES FIVE,0.6258,0.011,0.3632
DIAMONDS TWO SPADES FOUR,0.7148,0.037,0.2482
DIAMONDS TWO SPADES THREE,0.6578,0.0112,0.331
DIAMONDS TWO SPADES TWO,0.4558,0.0168,0.5274
DIAMONDS TWO CLUBS NINE,0.6354,0.009,0.3556
CLUBS EIGHT DIAMONDS TWO,0.6434,0.0082,0.3484
DIAMONDS TWO CLUBS SEVEN,0.6348,0.0106,0.3546
DIAMONDS TWO CLUBS SIX,0.643,0.0092,0.3478
DIAMONDS TWO CLUBS FIVE,0.608,0.0086,0.3834
SPADES ACE DIAMONDS SIX,0.3592,0.005,0.6358
SPADES QUEEN DIAMONDS SIX,0.5994,0.007,0.3936
SPADES KING DIAMONDS SIX,0.2246,0.382,0.3934
SPADES TEN DIAMONDS SIX,0.5784,0.007,0.4146
SPADES JACK DIAMONDS SIX,0.5932,0.0086,0.3982
SPADES QUEEN SPADES TWO,0.6002,0.0074,0.3924
SPADES KING SPADES TWO,0.2512,0.4794,0.2694
SPADES ACE SPADES TWO,0.3622,0.0048,0.633
CLUBS JACK DIAMONDS JACK,0.2948,0.0064,0.6988
CLUBS TEN DIAMONDS JACK,0.5396,0.0068,0.4536
DIAMONDS JACK CLUBS KING,0.2318,0.085,0.6832
DIAMONDS JACK CLUBS QUEEN,0.567,0.0068,0.4262
DIAMONDS THREE DIAMONDS JACK,0.6122,0.0082,0.3796
DIAMONDS THREE DIAMONDS TEN,0.5968,0.0076,0.3956
DIAMONDS JACK CLUBS ACE,0.3514,0.0058,0.6428
DIAMONDS THREE HEARTS THREE,0.429,0.0222,0.5488
DIAMONDS THREE DIAMONDS QUEEN,0.615,0.01,0.375
DIAMONDS THREE HEARTS TWO,0.657,0.013,0.33
HEARTS FIVE DIAMONDS THREE,0.6166,0.0102,0.3732
DIAMONDS THREE DIAMONDS ACE,0.363,0.0062,0.6308
HEARTS FOUR DIAMONDS THREE,0.6984,0.0396,0.262
HEARTS SEVEN DIAMONDS THREE,0.6286,0.0076,0.3638
SPADES TEN SPADES NINE,0.5092,0.0062,0.4846
HEARTS SIX DIAMONDS THREE,0.6218,0.0078,0.3704
SPADES JACK SPADES NINE,0.5222,0.0058,0.472
DIAMONDS THREE HEARTS NINE,0.6258,0.0098,0.3644
HEARTS JACK DIAMONDS FOUR,0.7286,0.0342,0.2372
HEARTS ACE HEARTS KING,0.2138,0.0132,0.773
SPADES TEN SPADES TWO,0.581,0.0086,0.4104
DIAMONDS THREE HEARTS EIGHT,0.644,0.0092,0.3468
HEARTS TEN DIAMONDS FOUR,0.731,0.0348,0.2342
SPADES JACK SPADES TWO,0.6064,0.0098,0.3838
HEARTS QUEEN DIAMONDS FOUR,0.7294,0.0366,0.234
HEARTS KING DIAMONDS FOUR,0.0194,0.9676,0.013
SPADES ACE SPADES NINE,0.332,0.0036,0.6644
HEARTS ACE DIAMONDS FOUR,0.2338,0.023,0.7432
SPADES KING SPADES NINE,0.208,0.157,0.635
SPADES QUEEN SPADES NINE,0.5324,0.007,0.4606
DIAMONDS THREE SPADES NINE,0.6388,0.008,0.3532
DIAMONDS THREE SPADES EIGHT,0.6466,0.009,0.3444
DIAMONDS THREE SPADES SEVEN,0.629,0.0088,0.3622
DIAMONDS THREE SPADES SIX,0.6126,0.0088,0.3786
DIAMONDS THREE CLUBS SIX,0.6214,0.0116,0.367
CLUBS SIX CLUBS FIVE,0.548,0.0098,0.4422
CLUBS ACE DIAMONDS FOUR,0.2314,0.0284,0.7402
DIAMONDS THREE CLUBS SEVEN,0.6352,0.0106,0.3542
CLUBS SEVEN CLUBS FIVE,0.5464,0.0084,0.4452
DIAMONDS FOUR CLUBS QUEEN,0.7356,0.0394,0.225
DIAMONDS THREE CLUBS FIVE,0.6126,0.0102,0.3772
DIAMONDS FOUR CLUBS KING,0.0096,0.9816,0.0088
DIAMONDS THREE CLUBS TWO,0.6628,0.012,0.3252
CLUBS TEN DIAMONDS FOUR,0.7272,0.037,0.2358
DIAMONDS THREE CLUBS THREE,0.4366,0.0222,0.5412
CLUBS JACK DIAMONDS FOUR,0.7256,0.037,0.2374
DIAMONDS THREE SPADES FOUR,0.7038,0.037,0.2592
DIAMONDS THREE SPADES FIVE,0.6074,0.0078,0.3848
DIAMONDS THREE SPADES TWO,0.6496,0.0074,0.343
DIAMONDS THREE SPADES THREE,0.4386,0.0212,0.5402
CLUBS EIGHT DIAMONDS THREE,0.6308,0.0114,0.3578
CLUBS NINE DIAMONDS THREE,0.635,0.0052,0.3598
SPADES SEVEN CLUBS ACE,0.3434,0.0056,0.651
SPADES SEVEN CLUBS QUEEN,0.592,0.0086,0.3994
SPADES SEVEN CLUBS KING,0.2248,0.2992,0.476
SPADES SEVEN CLUBS FIVE,0.5678,0.0112,0.421
CLUBS TEN SPADES SEVEN,0.5646,0.006,0.4294
CLUBS FIVE SPADES SIX,0.5528,0.0084,0.4388
CLUBS JACK SPADES SEVEN,0.586,0.0088,0.4052
SPADES NINE CLUBS FIVE,0.5844,0.0072,0.4084
SPADES EIGHT CLUBS FIVE,0.588,0.008,0.404
CLUBS FIVE SPADES THREE,0.593,0.0094,0.3976
CLUBS FIVE SPADES TWO,0.6204,0.0082,0.3714
CLUBS FIVE SPADES FIVE,0.344,0.0184,0.6376
CLUBS FIVE SPADES FOUR,0.6692,0.032,0.2988
CLUBS NINE CLUBS FIVE,0.5552,0.008,0.4368
CLUBS EIGHT CLUBS FIVE,0.5494,0.0104,0.4402
CLUBS ACE CLUBS QUEEN,0.3322,0.0052,0.6626
CLUBS KING CLUBS QUEEN,0.2314,0.0646,0.704
DIAMONDS TEN DIAMONDS FOUR,0.6898,0.035,0.2752
CLUBS TEN DIAMONDS NINE,0.5478,0.0072,0.445
DIAMONDS JACK DIAMONDS FOUR,0.6966,0.0336,0.2698
CLUBS JACK DIAMONDS NINE,0.5692,0.0066,0.4242
CLUBS JACK SPADES NINE,0.5546,0.0076,0.4378
CLUBS TEN SPADES NINE,0.5414,0.0062,0.4524
DIAMONDS ACE DIAMONDS FOUR,0.2204,0.0228,0.7568
HEARTS FOUR DIAMONDS FOUR,0.3088,0.0296,0.6616
DIAMONDS JACK HEARTS TEN,0.5386,0.006,0.4554
SPADES NINE CLUBS KING,0.244,0.1612,0.5948
DIAMONDS TWO SPADES TEN,0.6454,0.0086,0.346
DIAMONDS NINE CLUBS ACE,0.3582,0.005,0.6368
HEARTS FIVE DIAMONDS FOUR,0.6868,0.0324,0.2808
DIAMONDS JACK HEARTS JACK,0.3022,0.0044,0.6934
SPADES NINE CLUBS QUEEN,0.57,0.0082,0.4218
DIAMONDS TWO SPADES JACK,0.642,0.008,0.35
DIAMONDS QUEEN DIAMONDS FOUR,0.6992,0.0398,0.261
HEARTS TWO DIAMONDS FOUR,0.725,0.038,0.237
DIAMONDS NINE CLUBS QUEEN,0.5582,0.0092,0.4326
HEARTS THREE DIAMONDS FOUR,0.7022,0.039,0.2588
SPADES NINE CLUBS ACE,0.3602,0.0038,0.636
DIAMONDS NINE CLUBS KING,0.223,0.1764,0.6006
HEARTS ACE DIAMONDS JACK,0.3438,0.005,0.6512
SPADES ACE DIAMONDS TWO,0.3898,0.004,0.6062
HEARTS QUEEN DIAMONDS JACK,0.5448,0.0068,0.4484
SPADES QUEEN DIAMONDS TWO,0.6434,0.0072,0.3494
DIAMONDS JACK HEARTS KING,0.243,0.0804,0.6766
SPADES KING DIAMONDS TWO,0.2692,0.5252,0.2056
SPADES JACK SPADES SEVEN,0.5436,0.0072,0.4492
SPADES TEN SPADES SEVEN,0.5376,0.0094,0.453
CLUBS SEVEN CLUBS THREE,0.5872,0.0114,0.4014
CLUBS SIX CLUBS THREE,0.599,0.0068,0.3942
CLUBS THREE CLUBS FIVE,0.5704,0.0112,0.4184
CLUBS NINE CLUBS THREE,0.5998,0.008,0.3922
CLUBS EIGHT CLUBS THREE,0.604,0.009,0.387
CLUBS THREE SPADES FIVE,0.6096,0.0066,0.3838
CLUBS THREE SPADES FOUR,0.6934,0.0372,0.2694
CLUBS THREE SPADES THREE,0.4394,0.0192,0.5414
CLUBS THREE SPADES TWO,0.6536,0.0106,0.3358
CLUBS THREE SPADES SIX,0.6162,0.0096,0.3742
CLUBS THREE SPADES SEVEN,0.6284,0.0084,0.3632
SPADES EIGHT CLUBS THREE,0.6342,0.008,0.3578
SPADES NINE CLUBS THREE,0.6502,0.0082,0.3416
SPADES TWO DIAMONDS FOUR,0.7154,0.0358,0.2488
SPADES THREE DIAMONDS FOUR,0.7048,0.0356,0.2596
SPADES FOUR DIAMONDS FOUR,0.3108,0.0292,0.66
SPADES FIVE DIAMONDS FOUR,0.6806,0.0334,0.286
SPADES SIX DIAMONDS FOUR,0.6902,0.0298,0.28
SPADES SEVEN DIAMONDS FOUR,0.7114,0.028,0.2606
SPADES EIGHT DIAMONDS FOUR,0.7254,0.0286,0.246
SPADES NINE DIAMONDS FOUR,0.7346,0.0318,0.2336
CLUBS FIVE DIAMONDS FOUR,0.6752,0.0354,0.2894
CLUBS SEVEN DIAMONDS FOUR,0.7008,0.0338,0.2654
CLUBS SIX DIAMONDS FOUR,0.6992,0.0336,0.2672
CLUBS NINE DIAMONDS FOUR,0.725,0.0328,0.2422
CLUBS EIGHT DIAMONDS FOUR,0.716,0.039,0.245
HEARTS SEVEN DIAMONDS FOUR,0.7076,0.033,0.2594
HEARTS SIX DIAMONDS FOUR,0.6874,0.0342,0.2784
DIAMONDS FOUR HEARTS NINE,0.7278,0.032,0.2402
DIAMONDS FOUR HEARTS EIGHT,0.7084,0.0334,0.2582
CLUBS THREE DIAMONDS FOUR,0.7066,0.0374,0.256
CLUBS TWO DIAMONDS FOUR,0.7262,0.0344,0.2394
DIAMONDS TEN DIAMONDS FIVE,0.5774,0.0094,0.4132
DIAMONDS JACK DIAMONDS FIVE,0.5776,0.0104,0.412
DIAMONDS NINE HEARTS QUEEN,0.5682,0.0058,0.426
DIAMONDS NINE HEARTS KING,0.2392,0.1656,0.5952
HEARTS ACE DIAMONDS NINE,0.3578,0.006,0.6362
DIAMONDS NINE HEARTS TEN,0.544,0.0076,0.4484
DIAMONDS NINE HEARTS JACK,0.569,0.0066,0.4244
CLUBS KING DIAMONDS SIX,0.207,0.3902,0.4028
CLUBS QUEEN DIAMONDS SIX,0.6082,0.0064,0.3854
CLUBS ACE DIAMONDS SIX,0.3572,0.0042,0.6386
SPADES KING DIAMONDS FOUR,0.02,0.9682,0.0118
SPADES ACE SPADES SEVEN,0.3212,0.0052,0.6736
SPADES QUEEN DIAMONDS FOUR,0.7392,0.0366,0.2242
SPADES QUEEN SPADES SEVEN,0.5578,0.0064,0.4358
CLUBS JACK DIAMONDS SIX,0.6046,0.0096,0.3858
SPADES KING SPADES SEVEN,0.229,0.2696,0.5014
SPADES ACE DIAMONDS FOUR,0.2288,0.0248,0.7464
CLUBS TEN DIAMONDS SIX,0.5744,0.0058,0.4198
SPADES JACK DIAMONDS FOUR,0.7246,0.0372,0.2382
SPADES TEN DIAMONDS FOUR,0.7406,0.0344,0.225
CLUBS SEVEN SPADES EIGHT,0.5598,0.0084,0.4318
SPADES NINE CLUBS SEVEN,0.5638,0.008,0.4282
CLUBS SEVEN SPADES SIX,0.5606,0.0076,0.4318
CLUBS SEVEN SPADES SEVEN,0.324,0.0118,0.6642
CLUBS SEVEN SPADES FIVE,0.57,0.0102,0.4198
CLUBS SEVEN SPADES FOUR,0.6912,0.0308,0.278
CLUBS SEVEN SPADES THREE,0.6294,0.007,0.3636
CLUBS SEVEN SPADES TWO,0.6268,0.0088,0.3644
CLUBS NINE CLUBS SEVEN,0.5354,0.0078,0.4568
CLUBS EIGHT CLUBS SEVEN,0.5206,0.0082,0.4712
HEARTS SIX DIAMONDS FIVE,0.5628,0.0096,0.4276
HEARTS SEVEN DIAMONDS FIVE,0.5668,0.0098,0.4234
DIAMONDS FIVE HEARTS EIGHT,0.5894,0.0114,0.3992
DIAMONDS FIVE HEARTS NINE,0.593,0.0072,0.3998
DIAMONDS QUEEN DIAMONDS FIVE,0.5664,0.0066,0.427
HEARTS TWO DIAMONDS FIVE,0.6204,0.011,0.3686
HEARTS KING HEARTS EIGHT,0.2188,0.2122,0.569
HEARTS THREE DIAMONDS FIVE,0.6024,0.012,0.3856
HEARTS QUEEN HEARTS EIGHT,0.5432,0.0068,0.45
DIAMONDS ACE DIAMONDS FIVE,0.3346,0.0058,0.6596
HEARTS FOUR DIAMONDS FIVE,0.6828,0.0384,0.2788
HEARTS FIVE DIAMONDS FIVE,0.3398,0.0154,0.6448
HEARTS ACE HEARTS EIGHT,0.3338,0.006,0.6602
CLUBS FIVE DIAMONDS FIVE,0.3328,0.0176,0.6496
CLUBS SIX DIAMONDS FIVE,0.558,0.0088,0.4332
CLUBS SEVEN DIAMONDS FIVE,0.5818,0.009,0.4092
CLUBS TWO DIAMONDS FIVE,0.6128,0.0112,0.376
CLUBS THREE DIAMONDS FIVE,0.6174,0.0116,0.371
SPADES THREE DIAMONDS FIVE,0.6024,0.0068,0.3908
SPADES TWO DIAMONDS FIVE,0.6292,0.0096,0.3612
SPADES JACK DIAMONDS EIGHT,0.5738,0.009,0.4172
SPADES FIVE DIAMONDS FIVE,0.3388,0.0202,0.641
CLUBS TEN HEARTS JACK,0.5426,0.0076,0.4498
SPADES TEN DIAMONDS EIGHT,0.5642,0.006,0.4298
SPADES FOUR DIAMONDS FIVE,0.6646,0.0322,0.3032
CLUBS JACK HEARTS JACK,0.2946,0.0056,0.6998
HEARTS JACK CLUBS QUEEN,0.5418,0.006,0.4522
CLUBS NINE DIAMONDS FIVE,0.5988,0.0098,0.3914
CLUBS EIGHT DIAMONDS FIVE,0.5984,0.0094,0.3922
HEARTS JACK CLUBS KING,0.2322,0.0872,0.6806
CLUBS ACE HEARTS JACK,0.3432,0.0044,0.6524
SPADES SEVEN DIAMONDS FIVE,0.5934,0.0084,0.3982
SPADES KING DIAMONDS EIGHT,0.2466,0.2228,0.5306
SPADES QUEEN DIAMONDS EIGHT,0.5824,0.0064,0.4112
SPADES SIX DIAMONDS FIVE,0.5706,0.009,0.4204
SPADES NINE DIAMONDS FIVE,0.5888,0.0086,0.4026
SPADES EIGHT DIAMONDS FIVE,0.5926,0.0088,0.3986
SPADES ACE DIAMONDS EIGHT,0.354,0.0052,0.6408
DIAMONDS TEN DIAMONDS SIX,0.5646,0.008,0.4274
HEARTS ACE DIAMONDS SEVEN,0.3634,0.0048,0.6318
DIAMONDS JACK DIAMONDS SIX,0.5638,0.0088,0.4274
HEARTS QUEEN DIAMONDS SEVEN,0.6032,0.008,0.3888
HEARTS KING DIAMONDS SEVEN,0.2296,0.2992,0.4712
DIAMONDS ACE DIAMONDS SIX,0.3522,0.0064,0.6414
HEARTS FOUR DIAMONDS SIX,0.7012,0.0274,0.2714
SPADES TWO HEARTS JACK,0.6348,0.0076,0.3576
HEARTS FIVE DIAMONDS SIX,0.5766,0.0096,0.4138
SPADES TWO HEARTS TEN,0.6214,0.0072,0.3714
DIAMONDS QUEEN DIAMONDS SIX,0.5792,0.0076,0.4132
HEARTS TWO DIAMONDS SIX,0.6262,0.011,0.3628
HEARTS THREE DIAMONDS SIX,0.625,0.01,0.365
HEARTS EIGHT DIAMONDS SIX,0.5772,0.0066,0.4162
HEARTS NINE DIAMONDS SIX,0.5748,0.0092,0.416
HEARTS SIX DIAMONDS SIX,0.342,0.016,0.642
HEARTS SEVEN DIAMONDS SIX,0.563,0.006,0.431
HEARTS TEN DIAMONDS SEVEN,0.5836,0.008,0.4084
CLUBS TWO DIAMONDS SIX,0.6414,0.0098,0.3488
HEARTS JACK DIAMONDS SEVEN,0.5944,0.0064,0.3992
CLUBS THREE DIAMONDS SIX,0.6276,0.0122,0.3602
CLUBS SEVEN DIAMONDS SIX,0.5504,0.0098,0.4398
CLUBS JACK DIAMONDS EIGHT,0.5736,0.0086,0.4178
CLUBS SIX DIAMONDS SIX,0.3408,0.0152,0.644
CLUBS TEN DIAMONDS EIGHT,0.554,0.0084,0.4376
CLUBS FIVE DIAMONDS SIX,0.5764,0.009,0.4146
HEARTS ACE HEARTS JACK,0.333,0.0046,0.6624
DIAMONDS EIGHT CLUBS ACE,0.3492,0.0044,0.6464
HEARTS QUEEN HEARTS JACK,0.5276,0.0072,0.4652
DIAMONDS EIGHT CLUBS KING,0.2278,0.2366,0.5356
CLUBS NINE DIAMONDS SIX,0.5862,0.0086,0.4052
HEARTS KING HEARTS JACK,0.2158,0.0882,0.696
CLUBS EIGHT DIAMONDS SIX,0.5732,0.008,0.4188
DIAMONDS EIGHT CLUBS QUEEN,0.5742,0.0076,0.4182
SPADES TEN HEARTS KING,0.2362,0.12,0.6438
SPADES FIVE DIAMONDS SIX,0.573,0.0102,0.4168
HEARTS ACE SPADES TWO,0.3768,0.0046,0.6186
SPADES JACK HEARTS KING,0.2338,0.0842,0.682
SPADES FOUR DIAMONDS SIX,0.6916,0.0302,0.2782
SPADES THREE DIAMONDS SIX,0.6262,0.0088,0.365
HEARTS QUEEN SPADES TWO,0.6374,0.0098,0.3528
SPADES ACE SPADES KING,0.2094,0.0144,0.7762
HEARTS KING SPADES TWO,0.2728,0.5062,0.221
SPADES TWO DIAMONDS SIX,0.6238,0.008,0.3682
HEARTS TEN HEARTS EIGHT,0.5304,0.0058,0.4638
SPADES NINE DIAMONDS SIX,0.575,0.0086,0.4164
HEARTS JACK HEARTS EIGHT,0.5278,0.0062,0.466
SPADES EIGHT DIAMONDS SIX,0.5858,0.0078,0.4064
SPADES SEVEN DIAMONDS SIX,0.5584,0.0094,0.4322
SPADES SIX DIAMONDS SIX,0.3464,0.0144,0.6392
SPADES KING HEARTS KING,0.0818,0.013,0.9052
SPADES QUEEN HEARTS KING,0.2468,0.0668,0.6864
CLUBS ACE CLUBS KING,0.2162,0.0126,0.7712
SPADES ACE HEARTS KING,0.2284,0.01,0.7616
SPADES ACE HEARTS JACK,0.351,0.0046,0.6444
SPADES QUEEN HEARTS JACK,0.5666,0.0052,0.4282
SPADES KING HEARTS JACK,0.2452,0.094,0.6608
SPADES TEN DIAMONDS TEN,0.2926,0.0082,0.6992
SPADES JACK DIAMONDS TEN,0.5402,0.0068,0.453
SPADES ACE DIAMONDS TEN,0.3612,0.005,0.6338
SPADES JACK HEARTS JACK,0.2846,0.0046,0.7108
SPADES TEN HEARTS JACK,0.5408,0.0072,0.452
SPADES QUEEN DIAMONDS TEN,0.5494,0.005,0.4456
SPADES KING DIAMONDS TEN,0.2472,0.1248,0.628
SPADES NINE DIAMONDS SEVEN,0.5656,0.0072,0.4272
SPADES EIGHT DIAMONDS SEVEN,0.5602,0.0056,0.4342
SPADES SEVEN DIAMONDS SEVEN,0.3288,0.014,0.6572
SPADES SIX DIAMONDS SEVEN,0.5656,0.0098,0.4246
HEARTS THREE DIAMONDS SEVEN,0.6328,0.0088,0.3584
HEARTS KING DIAMONDS FIVE,0.2196,0.4736,0.3068
DIAMONDS QUEEN DIAMONDS SEVEN,0.58,0.0078,0.4122
HEARTS TWO DIAMONDS SEVEN,0.6336,0.0098,0.3566
HEARTS QUEEN DIAMONDS FIVE,0.5964,0.0082,0.3954
HEARTS FIVE DIAMONDS SEVEN,0.5818,0.0082,0.41
DIAMONDS ACE DIAMONDS SEVEN,0.3314,0.0054,0.6632
HEARTS FOUR DIAMONDS SEVEN,0.6934,0.029,0.2776
HEARTS ACE DIAMONDS FIVE,0.3392,0.0036,0.6572
HEARTS SEVEN DIAMONDS SEVEN,0.3348,0.0114,0.6538
HEARTS SIX DIAMONDS SEVEN,0.5618,0.007,0.4312
DIAMONDS SEVEN HEARTS NINE,0.56,0.0066,0.4334
HEARTS EIGHT DIAMONDS SEVEN,0.5662,0.0082,0.4256
DIAMONDS JACK DIAMONDS SEVEN,0.5582,0.0076,0.4342
DIAMONDS FIVE HEARTS JACK,0.6098,0.0078,0.3824
DIAMONDS TEN DIAMONDS SEVEN,0.5644,0.0054,0.4302
HEARTS TEN DIAMONDS FIVE,0.5978,0.0088,0.3934
CLUBS EIGHT DIAMONDS SEVEN,0.5532,0.0094,0.4374
SPADES KING CLUBS TWO,0.2596,0.5254,0.215
HEARTS KING CLUBS KING,0.0684,0.0168,0.9148
SPADES QUEEN CLUBS TWO,0.6328,0.0072,0.36
HEARTS KING CLUBS QUEEN,0.2388,0.0638,0.6974
CLUBS NINE DIAMONDS SEVEN,0.56,0.0062,0.4338
CLUBS JACK SPADES TWO,0.6304,0.0066,0.363
CLUBS SIX CLUBS SEVEN,0.519,0.01,0.471
SPADES ACE CLUBS TWO,0.3962,0.0024,0.6014
CLUBS TEN SPADES TWO,0.6196,0.0084,0.372
HEARTS KING CLUBS ACE,0.2256,0.0104,0.764
SPADES TWO CLUBS KING,0.2694,0.5058,0.2248
SPADES TWO DIAMONDS SEVEN,0.6426,0.0108,0.3466
CLUBS EIGHT CLUBS SIX,0.5332,0.0072,0.4596
SPADES THREE DIAMONDS SEVEN,0.6224,0.0092,0.3684
SPADES TWO CLUBS QUEEN,0.6346,0.0088,0.3566
CLUBS NINE CLUBS SIX,0.5344,0.0094,0.4562
SPADES FOUR DIAMONDS SEVEN,0.6926,0.0326,0.2748
CLUBS JACK HEARTS KING,0.2438,0.0874,0.6688
SPADES FIVE DIAMONDS SEVEN,0.586,0.0088,0.4052
SPADES TWO CLUBS ACE,0.3788,0.0064,0.6148
CLUBS TEN HEARTS KING,0.2238,0.111,0.6652
CLUBS SIX SPADES TWO,0.6196,0.0096,0.3708
CLUBS SIX SPADES THREE,0.6136,0.0084,0.378
CLUBS TWO DIAMONDS SEVEN,0.6522,0.0114,0.3364
CLUBS SIX SPADES FOUR,0.6866,0.0336,0.2798
CLUBS THREE DIAMONDS SEVEN,0.6324,0.0112,0.3564
CLUBS SIX SPADES FIVE,0.5562,0.0096,0.4342
CLUBS SIX SPADES SIX,0.33,0.0122,0.6578
CLUBS FIVE DIAMONDS SEVEN,0.574,0.0106,0.4154
CLUBS SIX SPADES SEVEN,0.567,0.0088,0.4242
CLUBS SIX DIAMONDS SEVEN,0.5664,0.0084,0.4252
CLUBS SIX SPADES EIGHT,0.5712,0.0062,0.4226
SPADES JACK CLUBS TWO,0.6392,0.0092,0.3516
CLUBS SEVEN DIAMONDS SEVEN,0.3366,0.0124,0.651
CLUBS SIX SPADES NINE,0.5616,0.0082,0.4302
SPADES TEN CLUBS TWO,0.6372,0.0068,0.356
CLUBS TWO CLUBS QUEEN,0.609,0.0084,0.3826
CLUBS TWO CLUBS KING,0.2512,0.4964,0.2524
CLUBS THREE DIAMONDS EIGHT,0.651,0.0092,0.3398
CLUBS TWO CLUBS ACE,0.3594,0.004,0.6366
CLUBS TWO DIAMONDS EIGHT,0.646,0.0076,0.3464
HEARTS SEVEN DIAMONDS EIGHT,0.556,0.009,0.435
HEARTS SIX DIAMONDS EIGHT,0.57,0.0078,0.4222
DIAMONDS EIGHT HEARTS NINE,0.5548,0.008,0.4372
CLUBS TEN CLUBS TWO,0.5878,0.0068,0.4054
DIAMONDS EIGHT HEARTS EIGHT,0.3278,0.0122,0.66
CLUBS JACK CLUBS TWO,0.6042,0.0106,0.3852
CLUBS NINE DIAMONDS EIGHT,0.5562,0.0084,0.4354
CLUBS EIGHT DIAMONDS EIGHT,0.3154,0.0106,0.674
CLUBS FIVE DIAMONDS EIGHT,0.5854,0.0082,0.4064
SPADES ACE SPADES THREE,0.3484,0.0042,0.6474
CLUBS SEVEN DIAMONDS EIGHT,0.5542,0.009,0.4368
SPADES QUEEN SPADES THREE,0.5838,0.01,0.4062
CLUBS SIX DIAMONDS EIGHT,0.5674,0.0096,0.423
SPADES KING SPADES THREE,0.246,0.4812,0.2728
DIAMONDS QUEEN DIAMONDS EIGHT,0.558,0.0078,0.4342
HEARTS TWO DIAMONDS EIGHT,0.6388,0.011,0.3502
HEARTS THREE DIAMONDS EIGHT,0.6488,0.0084,0.3428
DIAMONDS ACE DIAMONDS EIGHT,0.3514,0.0032,0.6454
HEARTS FOUR DIAMONDS EIGHT,0.727,0.0292,0.2438
HEARTS FIVE DIAMONDS EIGHT,0.5776,0.0078,0.4146
DIAMONDS EIGHT DIAMONDS TEN,0.5378,0.0058,0.4564
DIAMONDS EIGHT DIAMONDS JACK,0.5442,0.007,0.4488
SPADES JACK SPADES THREE,0.5942,0.0088,0.397
SPADES TEN SPADES THREE,0.5952,0.0068,0.398
CLUBS SIX HEARTS TEN,0.5774,0.0066,0.416
CLUBS SIX HEARTS JACK,0.6072,0.0054,0.3874
DIAMONDS EIGHT SPADES FOUR,0.7114,0.0348,0.2538
SPADES FIVE DIAMONDS EIGHT,0.5764,0.0086,0.415
DIAMONDS EIGHT SPADES TWO,0.639,0.008,0.353
DIAMONDS EIGHT SPADES THREE,0.6438,0.0082,0.348
SPADES EIGHT DIAMONDS EIGHT,0.328,0.0114,0.6606
SPADES TEN DIAMONDS QUEEN,0.5504,0.0074,0.4422
SPADES TEN HEARTS TWO,0.6464,0.0064,0.3472
SPADES JACK HEARTS EIGHT,0.581,0.0054,0.4136
SPADES NINE DIAMONDS EIGHT,0.5472,0.0094,0.4434
SPADES TEN HEARTS EIGHT,0.5544,0.0054,0.4402
SPADES JACK HEARTS TWO,0.635,0.008,0.357
SPADES JACK DIAMONDS QUEEN,0.5548,0.008,0.4372
SPADES SIX DIAMONDS EIGHT,0.5778,0.011,0.4112
SPADES SEVEN DIAMONDS EIGHT,0.5714,0.0076,0.421
SPADES ACE HEARTS TWO,0.3816,0.0074,0.611
SPADES ACE DIAMONDS QUEEN,0.3458,0.0022,0.652
SPADES ACE HEARTS EIGHT,0.3692,0.0042,0.6266
SPADES KING HEARTS EIGHT,0.2316,0.2334,0.535
SPADES QUEEN HEARTS TWO,0.6196,0.0086,0.3718
SPADES QUEEN DIAMONDS QUEEN,0.2944,0.0026,0.703
SPADES KING DIAMONDS QUEEN,0.2422,0.0616,0.6962
SPADES KING HEARTS TWO,0.267,0.5064,0.2266
SPADES QUEEN HEARTS EIGHT,0.5812,0.0068,0.412
CLUBS TWO HEARTS TEN,0.6236,0.0086,0.3678
CLUBS TWO HEARTS JACK,0.6326,0.0114,0.356
SPADES SEVEN DIAMONDS NINE,0.5632,0.0048,0.432
SPADES SIX DIAMONDS NINE,0.5828,0.0082,0.409
SPADES NINE DIAMONDS NINE,0.3136,0.0106,0.6758
SPADES EIGHT DIAMONDS NINE,0.5526,0.0094,0.438
SPADES TEN CLUBS KING,0.226,0.1162,0.6578
DIAMONDS NINE SPADES THREE,0.6414,0.0078,0.3508
SPADES JACK CLUBS KING,0.2302,0.0868,0.683
DIAMONDS NINE SPADES TWO,0.6334,0.009,0.3576
DIAMONDS NINE SPADES FIVE,0.6,0.0092,0.3908
DIAMONDS NINE SPADES FOUR,0.7268,0.0336,0.2396
CLUBS NINE DIAMONDS NINE,0.3016,0.0078,0.6906
CLUBS EIGHT DIAMONDS NINE,0.5516,0.0078,0.4406
CLUBS SIX DIAMONDS NINE,0.5798,0.0106,0.4096
CLUBS SEVEN DIAMONDS NINE,0.5496,0.0102,0.4402
CLUBS FIVE DIAMONDS NINE,0.5896,0.0058,0.4046
DIAMONDS NINE CLUBS TWO,0.6528,0.0094,0.3378
CLUBS THREE DIAMONDS NINE,0.6308,0.009,0.3602
DIAMONDS NINE HEARTS EIGHT,0.566,0.0068,0.4272
DIAMONDS NINE HEARTS NINE,0.3084,0.012,0.6796
HEARTS SIX DIAMONDS NINE,0.5826,0.008,0.4094
HEARTS SEVEN DIAMONDS NINE,0.56,0.0094,0.4306
CLUBS EIGHT CLUBS NINE,0.5218,0.0062,0.472
DIAMONDS ACE DIAMONDS NINE,0.346,0.0054,0.6486
HEARTS FOUR DIAMONDS NINE,0.7324,0.0328,0.2348
HEARTS FIVE DIAMONDS NINE,0.5938,0.0052,0.401
HEARTS ACE CLUBS TWO,0.3742,0.0038,0.622
DIAMONDS QUEEN DIAMONDS NINE,0.5538,0.0064,0.4398
HEARTS TWO DIAMONDS NINE,0.632,0.0094,0.3586
CLUBS TWO HEARTS KING,0.2678,0.5256,0.2066
HEARTS THREE DIAMONDS NINE,0.6336,0.0096,0.3568
CLUBS TWO HEARTS QUEEN,0.6326,0.0068,0.3606
DIAMONDS NINE DIAMONDS JACK,0.531,0.0062,0.4628
CLUBS EIGHT SPADES NINE,0.543,0.008,0.449
DIAMONDS NINE DIAMONDS TEN,0.531,0.0088,0.4602
CLUBS EIGHT SPADES EIGHT,0.329,0.013,0.658
CLUBS EIGHT SPADES SEVEN,0.556,0.0068,0.4372
CLUBS EIGHT SPADES SIX,0.5594,0.0078,0.4328
CLUBS EIGHT SPADES FIVE,0.5836,0.008,0.4084
CLUBS EIGHT SPADES FOUR,0.7158,0.0354,0.2488
CLUBS EIGHT SPADES THREE,0.6384,0.0088,0.3528
CLUBS EIGHT SPADES TWO,0.6258,0.0092,0.365
HEARTS SIX DIAMONDS TEN,0.601,0.0074,0.3916
HEARTS SEVEN DIAMONDS TEN,0.5732,0.0094,0.4174
DIAMONDS TEN HEARTS EIGHT,0.5576,0.0074,0.435
DIAMONDS TEN HEARTS NINE,0.5488,0.0084,0.4428
CLUBS TWO DIAMONDS TEN,0.6202,0.009,0.3708
CLUBS THREE DIAMONDS TEN,0.6448,0.0104,0.3448
DIAMONDS JACK DIAMONDS TEN,0.5218,0.006,0.4722
DIAMONDS QUEEN DIAMONDS TEN,0.5386,0.006,0.4554
HEARTS TWO DIAMONDS TEN,0.6392,0.0088,0.352
HEARTS THREE DIAMONDS TEN,0.625,0.0096,0.3654
DIAMONDS ACE DIAMONDS TEN,0.3312,0.0062,0.6626
HEARTS FOUR DIAMONDS TEN,0.7318,0.0356,0.2326
CLUBS EIGHT HEARTS JACK,0.5586,0.0074,0.434
HEARTS FIVE DIAMONDS TEN,0.6036,0.008,0.3884
CLUBS EIGHT HEARTS TEN,0.5516,0.0084,0.44
CLUBS EIGHT HEARTS QUEEN,0.5932,0.0072,0.3996
CLUBS EIGHT HEARTS KING,0.233,0.2246,0.5424
CLUBS EIGHT HEARTS ACE,0.359,0.0052,0.6358
CLUBS NINE SPADES THREE,0.628,0.009,0.363
CLUBS NINE SPADES TWO,0.6324,0.0086,0.359
CLUBS NINE SPADES FIVE,0.5738,0.0104,0.4158
CLUBS NINE SPADES FOUR,0.7258,0.031,0.2432
CLUBS NINE SPADES SEVEN,0.5638,0.0092,0.427
CLUBS NINE SPADES SIX,0.5812,0.0074,0.4114
CLUBS NINE SPADES NINE,0.312,0.01,0.678
CLUBS TEN HEARTS EIGHT,0.552,0.008,0.44
CLUBS NINE SPADES EIGHT,0.548,0.0078,0.4442
CLUBS JACK HEARTS EIGHT,0.5766,0.0064,0.417
HEARTS EIGHT CLUBS QUEEN,0.5842,0.008,0.4078
CLUBS KING HEARTS EIGHT,0.2216,0.2324,0.546
CLUBS ACE HEARTS EIGHT,0.3636,0.0036,0.6328
SPADES KING CLUBS KING,0.0696,0.016,0.9144
SPADES QUEEN CLUBS KING,0.2338,0.0654,0.7008
SPADES ACE CLUBS KING,0.2292,0.013,0.7578
DIAMONDS ACE HEARTS TEN,0.335,0.0042,0.6608
HEARTS FOUR HEARTS TEN,0.6738,0.0376,0.2886
DIAMONDS ACE HEARTS JACK,0.3508,0.0056,0.6436
HEARTS FOUR HEARTS JACK,0.6768,0.032,0.2912
SPADES KING CLUBS FIVE,0.2138,0.4688,0.3174
SPADES QUEEN CLUBS FIVE,0.5912,0.0072,0.4016
SPADES ACE CLUBS FIVE,0.3284,0.0044,0.6672
HEARTS SEVEN DIAMONDS JACK,0.5872,0.0078,0.405
HEARTS SIX DIAMONDS JACK,0.6046,0.007,0.3884
DIAMONDS JACK HEARTS NINE,0.5638,0.0052,0.431
DIAMONDS JACK HEARTS EIGHT,0.5624,0.0068,0.4308
HEARTS THREE DIAMONDS JACK,0.6354,0.008,0.3566
SPADES ACE SPADES SIX,0.3446,0.0046,0.6508
HEARTS ACE SPADES FOUR,0.2288,0.0238,0.7474
DIAMONDS QUEEN DIAMONDS JACK,0.5318,0.0078,0.4604
HEARTS TWO DIAMONDS JACK,0.6322,0.0084,0.3594
HEARTS FIVE DIAMONDS JACK,0.597,0.0094,0.3936
SPADES QUEEN SPADES SIX,0.5594,0.008,0.4326
SPADES FOUR HEARTS QUEEN,0.7238,0.0316,0.2446
DIAMONDS ACE DIAMONDS JACK,0.3248,0.0054,0.6698
HEARTS FOUR DIAMONDS JACK,0.7306,0.0354,0.234
SPADES KING SPADES SIX,0.2134,0.3636,0.423
SPADES FOUR HEARTS KING,0.0226,0.9542,0.0232
SPADES TEN SPADES SIX,0.555,0.006,0.439
SPADES JACK SPADES SIX,0.5522,0.0092,0.4386
SPADES FOUR DIAMONDS JACK,0.7338,0.0352,0.231
SPADES FIVE DIAMONDS JACK,0.5978,0.0084,0.3938
DIAMONDS JACK SPADES TWO,0.6326,0.0076,0.3598
DIAMONDS JACK SPADES THREE,0.6288,0.0094,0.3618
SPADES ACE DIAMONDS THREE,0.3894,0.0056,0.605
CLUBS EIGHT DIAMONDS JACK,0.5632,0.0068,0.43
SPADES QUEEN DIAMONDS THREE,0.6478,0.007,0.3452
SPADES KING DIAMONDS THREE,0.2622,0.5254,0.2124
CLUBS NINE DIAMONDS JACK,0.5614,0.0076,0.431
CLUBS SIX DIAMONDS JACK,0.6126,0.0076,0.3798
CLUBS SEVEN DIAMONDS JACK,0.5884,0.0102,0.4014
CLUBS FIVE DIAMONDS JACK,0.596,0.0062,0.3978
CLUBS TWO DIAMONDS JACK,0.6358,0.0072,0.357
CLUBS THREE DIAMONDS JACK,0.6394,0.01,0.3506
SPADES TEN CLUBS FIVE,0.5982,0.0066,0.3952
SPADES JACK HEARTS SIX,0.5958,0.008,0.3962
HEARTS SIX SPADES TEN,0.5858,0.0076,0.4066
SPADES JACK CLUBS FIVE,0.5998,0.0094,0.3908
SPADES JACK DIAMONDS THREE,0.6364,0.0084,0.3552
CLUBS SEVEN CLUBS ACE,0.3348,0.0048,0.6604
DIAMONDS THREE SPADES TEN,0.649,0.007,0.344
CLUBS SEVEN CLUBS QUEEN,0.5682,0.0106,0.4212
CLUBS SEVEN CLUBS KING,0.2312,0.2726,0.4962
SPADES NINE DIAMONDS JACK,0.5518,0.0084,0.4398
CLUBS TEN CLUBS SEVEN,0.5458,0.0076,0.4466
DIAMONDS ACE HEARTS ACE,0.1138,0.0052,0.881
HEARTS FOUR HEARTS ACE,0.2192,0.0232,0.7576
SPADES EIGHT DIAMONDS JACK,0.5768,0.005,0.4182
SPADES ACE HEARTS SIX,0.3564,0.004,0.6396
CLUBS JACK CLUBS SEVEN,0.5362,0.0066,0.4572
DIAMONDS ACE HEARTS KING,0.219,0.0136,0.7674
HEARTS FOUR HEARTS KING,0.0234,0.901,0.0756
SPADES SEVEN DIAMONDS JACK,0.591,0.0082,0.4008
SPADES KING HEARTS SIX,0.224,0.38,0.396
DIAMONDS ACE HEARTS QUEEN,0.3436,0.005,0.6514
HEARTS FOUR HEARTS QUEEN,0.6768,0.0392,0.284
SPADES QUEEN HEARTS SIX,0.5992,0.004,0.3968
SPADES SIX DIAMONDS JACK,0.6054,0.0054,0.3892
DIAMONDS TEN SPADES TWO,0.6366,0.0078,0.3556
SPADES THREE DIAMONDS TEN,0.6416,0.007,0.3514
SPADES FOUR DIAMONDS TEN,0.7242,0.0384,0.2374
SPADES FIVE DIAMONDS TEN,0.6104,0.007,0.3826
SPADES SIX DIAMONDS TEN,0.5958,0.0092,0.395
SPADES SEVEN DIAMONDS TEN,0.5744,0.0074,0.4182
SPADES EIGHT DIAMONDS TEN,0.5732,0.006,0.4208
SPADES NINE DIAMONDS TEN,0.548,0.0074,0.4446
CLUBS FIVE DIAMONDS TEN,0.6078,0.0096,0.3826
CLUBS SIX DIAMONDS TEN,0.5872,0.0088,0.404
CLUBS SEVEN DIAMONDS TEN,0.5596,0.0086,0.4318
CLUBS EIGHT DIAMONDS TEN,0.5656,0.0078,0.4266
CLUBS NINE DIAMONDS TEN,0.5466,0.0086,0.4448
CLUBS JACK DIAMONDS THREE,0.6378,0.0084,0.3538
CLUBS TEN DIAMONDS THREE,0.6364,0.0088,0.3548
DIAMONDS THREE CLUBS KING,0.2588,0.5252,0.216
DIAMONDS THREE CLUBS QUEEN,0.6312,0.0098,0.359
DIAMONDS THREE CLUBS ACE,0.362,0.0048,0.6332
SPADES FOUR HEARTS JACK,0.724,0.0324,0.2436
SPADES FOUR HEARTS TEN,0.7198,0.0386,0.2416
SPADES FIVE SPADES TWO,0.5846,0.0092,0.4062
SPADES FOUR SPADES TWO,0.6752,0.0312,0.2936
SPADES THREE SPADES TWO,0.6056,0.0084,0.386
SPADES NINE SPADES TWO,0.5846,0.0076,0.4078
SPADES EIGHT SPADES TWO,0.5782,0.006,0.4158
SPADES SEVEN SPADES TWO,0.5942,0.0072,0.3986
SPADES SIX SPADES TWO,0.5924,0.0114,0.3962
DIAMONDS QUEEN CLUBS THREE,0.64,0.0102,0.3498
CLUBS THREE HEARTS TWO,0.648,0.01,0.342
DIAMONDS QUEEN CLUBS TWO,0.6484,0.0094,0.3422
HEARTS TWO CLUBS TWO,0.4488,0.0172,0.534
HEARTS SEVEN DIAMONDS QUEEN,0.6072,0.0058,0.387
HEARTS SEVEN HEARTS TWO,0.598,0.0062,0.3958
HEARTS SIX DIAMONDS QUEEN,0.6134,0.008,0.3786
HEARTS SIX HEARTS TWO,0.5934,0.0088,0.3978
DIAMONDS QUEEN HEARTS NINE,0.5728,0.0062,0.421
HEARTS TWO HEARTS NINE,0.5894,0.0118,0.3988
DIAMONDS QUEEN HEARTS EIGHT,0.5908,0.0068,0.4024
HEARTS TWO HEARTS EIGHT,0.6038,0.0086,0.3876
CLUBS NINE HEARTS TWO,0.6212,0.0104,0.3684
CLUBS NINE DIAMONDS QUEEN,0.5598,0.0088,0.4314
CLUBS EIGHT DIAMONDS QUEEN,0.5888,0.0066,0.4046
CLUBS EIGHT HEARTS TWO,0.6252,0.0104,0.3644
DIAMONDS QUEEN CLUBS FIVE,0.615,0.0096,0.3754
CLUBS FIVE HEARTS TWO,0.6154,0.0102,0.3744
SPADES EIGHT HEARTS ACE,0.3612,0.0042,0.6346
CLUBS SEVEN DIAMONDS QUEEN,0.603,0.0072,0.3898
CLUBS SEVEN HEARTS TWO,0.6406,0.0102,0.3492
SPADES EIGHT HEARTS QUEEN,0.588,0.007,0.405
CLUBS SIX DIAMONDS QUEEN,0.5964,0.0088,0.3948
CLUBS SIX HEARTS TWO,0.6216,0.0104,0.368
SPADES EIGHT HEARTS KING,0.2356,0.2252,0.5392
HEARTS TWO SPADES SIX,0.6524,0.0078,0.3398
DIAMONDS QUEEN SPADES SIX,0.598,0.0072,0.3948
HEARTS FOUR CLUBS QUEEN,0.7362,0.033,0.2308
DIAMONDS ACE CLUBS QUEEN,0.3414,0.0062,0.6524
DIAMONDS QUEEN SPADES SEVEN,0.6054,0.0074,0.3872
SPADES SEVEN HEARTS TWO,0.6416,0.0062,0.3522
HEARTS FOUR CLUBS KING,0.0106,0.9658,0.0236
DIAMONDS ACE CLUBS KING,0.2142,0.0138,0.772
DIAMONDS QUEEN SPADES EIGHT,0.5892,0.006,0.4048
SPADES EIGHT HEARTS TWO,0.6302,0.0086,0.3612
HEARTS FOUR CLUBS ACE,0.2334,0.0248,0.7418
DIAMONDS ACE CLUBS ACE,0.1034,0.0046,0.892
SPADES NINE DIAMONDS QUEEN,0.5718,0.0082,0.42
SPADES NINE HEARTS TWO,0.6382,0.0084,0.3534
HEARTS TWO SPADES TWO,0.4348,0.0208,0.5444
DIAMONDS QUEEN SPADES TWO,0.6336,0.011,0.3554
HEARTS TWO SPADES THREE,0.6442,0.0096,0.3462
DIAMONDS QUEEN SPADES THREE,0.6364,0.008,0.3556
HEARTS TWO SPADES FOUR,0.7108,0.0396,0.2496
DIAMONDS QUEEN SPADES FOUR,0.735,0.0384,0.2266
CLUBS TEN HEARTS FOUR,0.7234,0.0386,0.238
CLUBS TEN DIAMONDS ACE,0.3346,0.007,0.6584
HEARTS TWO SPADES FIVE,0.615,0.0104,0.3746
DIAMONDS QUEEN SPADES FIVE,0.6074,0.0078,0.3848
CLUBS JACK HEARTS FOUR,0.7266,0.0378,0.2356
CLUBS JACK DIAMONDS ACE,0.34,0.0054,0.6546
CLUBS FIVE CLUBS KING,0.207,0.4376,0.3554
CLUBS FIVE CLUBS QUEEN,0.562,0.0088,0.4292
CLUBS FIVE CLUBS ACE,0.3288,0.0046,0.6666
CLUBS JACK CLUBS FIVE,0.5784,0.0068,0.4148
CLUBS TEN CLUBS FIVE,0.5626,0.0076,0.4298
SPADES KING CLUBS JACK,0.2384,0.0912,0.6704
CLUBS JACK SPADES QUEEN,0.5468,0.0072,0.446
SPADES ACE CLUBS JACK,0.3506,0.0042,0.6452
SPADES SIX CLUBS KING,0.2174,0.382,0.4006
SPADES SIX CLUBS QUEEN,0.5916,0.0084,0.4
SPADES EIGHT HEARTS JACK,0.5712,0.0068,0.422
SPADES SIX CLUBS ACE,0.3538,0.0044,0.6418
SPADES EIGHT HEARTS TEN,0.5682,0.0044,0.4274
CLUBS JACK SPADES SIX,0.5958,0.0068,0.3974
CLUBS TEN SPADES SIX,0.5782,0.0108,0.411
CLUBS JACK SPADES TEN,0.5562,0.0054,0.4384
CLUBS JACK SPADES JACK,0.297,0.0058,0.6972
SPADES QUEEN CLUBS SEVEN,0.599,0.008,0.393
SPADES KING CLUBS SEVEN,0.2202,0.3048,0.475
SPADES ACE CLUBS SEVEN,0.3394,0.0046,0.656
SPADES SIX HEARTS TEN,0.5822,0.0062,0.4116
SPADES SIX HEARTS JACK,0.6056,0.0064,0.388
SPADES SIX HEARTS ACE,0.3672,0.0056,0.6272
SPADES SIX HEARTS KING,0.2254,0.3796,0.395
SPADES SIX HEARTS QUEEN,0.6022,0.0082,0.3896
SPADES JACK CLUBS SEVEN,0.5746,0.0078,0.4176
SPADES TEN CLUBS SEVEN,0.581,0.009,0.41
CLUBS TEN HEARTS SIX,0.5826,0.0076,0.4098
CLUBS JACK HEARTS SIX,0.6038,0.0078,0.3884
CLUBS JACK CLUBS ACE,0.3394,0.0056,0.655
HEARTS SIX CLUBS QUEEN,0.5966,0.0074,0.396
HEARTS SIX CLUBS KING,0.2294,0.386,0.3846
HEARTS SIX CLUBS ACE,0.3514,0.0038,0.6448
CLUBS JACK CLUBS QUEEN,0.5242,0.0074,0.4684
CLUBS JACK CLUBS KING,0.2326,0.081,0.6864
DIAMONDS THREE HEARTS ACE,0.378,0.0066,0.6154
DIAMONDS THREE HEARTS QUEEN,0.6402,0.0078,0.352
DIAMONDS THREE HEARTS KING,0.2742,0.5144,0.2114
CLUBS FIVE HEARTS JACK,0.5998,0.0086,0.3916
SPADES TEN DIAMONDS ACE,0.349,0.0042,0.6468
HEARTS FOUR SPADES TEN,0.7114,0.036,0.2526
CLUBS FIVE HEARTS TEN,0.6054,0.0084,0.3862
HEARTS FOUR SPADES JACK,0.7192,0.0376,0.2432
SPADES JACK DIAMONDS ACE,0.3362,0.0054,0.6584
SPADES ACE HEARTS FOUR,0.2294,0.022,0.7486
SPADES ACE DIAMONDS ACE,0.1092,0.0034,0.8874
CLUBS FIVE HEARTS ACE,0.347,0.0046,0.6484
CLUBS FIVE HEARTS KING,0.2036,0.48,0.3164
HEARTS FOUR SPADES QUEEN,0.7232,0.0362,0.2406
SPADES QUEEN DIAMONDS ACE,0.3384,0.0044,0.6572
CLUBS JACK SPADES FOUR,0.728,0.036,0.236
CLUBS FIVE HEARTS QUEEN,0.5936,0.0098,0.3966
SPADES KING DIAMONDS ACE,0.2298,0.0148,0.7554
SPADES KING HEARTS FOUR,0.0202,0.9568,0.023
CLUBS TEN SPADES FOUR,0.7214,0.0362,0.2424
DIAMONDS ACE DIAMONDS QUEEN,0.3456,0.0064,0.648
DIAMONDS ACE HEARTS TWO,0.3814,0.008,0.6106
HEARTS FOUR DIAMONDS QUEEN,0.7424,0.0334,0.2242
HEARTS FOUR HEARTS TWO,0.6642,0.035,0.3008
DIAMONDS THREE HEARTS TEN,0.6348,0.0088,0.3564
SPADES FOUR CLUBS KING,0.0114,0.9684,0.0202
HEARTS FIVE DIAMONDS QUEEN,0.6152,0.0082,0.3766
HEARTS FIVE HEARTS TWO,0.5748,0.01,0.4152
DIAMONDS THREE HEARTS JACK,0.635,0.008,0.357
SPADES FOUR CLUBS QUEEN,0.7184,0.0378,0.2438
DIAMONDS QUEEN HEARTS TWO,0.633,0.0074,0.3596
DIAMONDS QUEEN HEARTS THREE,0.6408,0.0084,0.3508
HEARTS THREE HEARTS TWO,0.6172,0.0102,0.3726
SPADES FOUR CLUBS ACE,0.2312,0.0218,0.747
HEARTS TWO CLUBS ACE,0.3704,0.007,0.6226
DIAMONDS QUEEN CLUBS ACE,0.3466,0.0052,0.6482
HEARTS TWO CLUBS QUEEN,0.6282,0.0074,0.3644
DIAMONDS QUEEN CLUBS QUEEN,0.2804,0.0044,0.7152
HEARTS TWO CLUBS KING,0.268,0.5074,0.2246
DIAMONDS QUEEN CLUBS KING,0.2358,0.0682,0.696
SPADES EIGHT SPADES FIVE,0.5442,0.006,0.4498
CLUBS TEN HEARTS TWO,0.6278,0.0078,0.3644
CLUBS TEN DIAMONDS QUEEN,0.536,0.0048,0.4592
SPADES NINE SPADES FIVE,0.5422,0.0062,0.4516
CLUBS JACK HEARTS TWO,0.6268,0.0076,0.3656
CLUBS JACK DIAMONDS QUEEN,0.5554,0.008,0.4366
SPADES SIX SPADES FIVE,0.5318,0.008,0.4602
SPADES SEVEN SPADES FIVE,0.5324,0.0074,0.4602
DIAMONDS FIVE CLUBS QUEEN,0.6046,0.0108,0.3846
SPADES EIGHT CLUBS ACE,0.359,0.0052,0.6358
DIAMONDS FIVE CLUBS KING,0.2194,0.4732,0.3074
SPADES EIGHT CLUBS KING,0.236,0.2336,0.5304
DIAMONDS FIVE CLUBS ACE,0.3446,0.0054,0.65
SPADES EIGHT CLUBS QUEEN,0.585,0.007,0.408
CLUBS JACK SPADES EIGHT,0.5738,0.0096,0.4166
CLUBS TEN SPADES EIGHT,0.5472,0.008,0.4448
CLUBS TEN DIAMONDS FIVE,0.6064,0.0084,0.3852
CLUBS JACK DIAMONDS FIVE,0.5986,0.0092,0.3922
DIAMONDS TEN HEARTS JACK,0.5452,0.006,0.4488
DIAMONDS TEN HEARTS TEN,0.3152,0.0086,0.6762
SPADES ACE CLUBS NINE,0.347,0.0058,0.6472
SPADES QUEEN CLUBS NINE,0.561,0.0078,0.4312
SPADES KING CLUBS NINE,0.234,0.1616,0.6044
HEARTS SIX HEARTS KING,0.2076,0.3538,0.4386
HEARTS THREE SPADES SEVEN,0.611,0.0086,0.3804
SPADES KING DIAMONDS SEVEN,0.2426,0.29,0.4674
HEARTS SIX HEARTS QUEEN,0.5542,0.0052,0.4406
SPADES QUEEN DIAMONDS SEVEN,0.5914,0.0062,0.4024
HEARTS THREE SPADES SIX,0.6192,0.0078,0.373
SPADES NINE HEARTS THREE,0.6308,0.0082,0.361
HEARTS SIX HEARTS ACE,0.332,0.004,0.664
SPADES EIGHT HEARTS THREE,0.6366,0.0066,0.3568
SPADES ACE DIAMONDS SEVEN,0.3614,0.0042,0.6344
