opposingHand,winningChance,drawChance,lostChance
CLUBS SEVEN DIAMONDS KING
HEARTS FIVE SPADES TEN,0.6318,0.0072,0.361
HEARTS FIVE SPADES JACK,0.6272,0.0076,0.3652
CLUBS JACK SPADES FIVE,0.6378,0.0092,0.353
CLUBS TEN SPADES FIVE,0.6204,0.0096,0.37
CLUBS JACK CLUBS EIGHT,0.553,0.0074,0.4396
CLUBS TEN CLUBS EIGHT,0.5402,0.0056,0.4542
CLUBS EIGHT CLUBS KING,0.2196,0.2172,0.5632
SPADES FIVE CLUBS ACE,0.3886,0.0034,0.608
CLUBS EIGHT CLUBS QUEEN,0.5544,0.008,0.4376
SPADES FIVE CLUBS KING,0.461,0.312,0.227
SPADES FIVE CLUBS QUEEN,0.6308,0.0096,0.3596
CLUBS EIGHT CLUBS ACE,0.3376,0.003,0.6594
DIAMONDS TWO DIAMONDS THREE,0.6208,0.0118,0.3674
DIAMONDS TWO DIAMONDS FIVE,0.6082,0.0082,0.3836
HEARTS FIVE SPADES KING,0.4668,0.2958,0.2374
DIAMONDS TWO DIAMONDS FOUR,0.6212,0.0098,0.369
HEARTS FIVE SPADES QUEEN,0.6182,0.0062,0.3756
DIAMONDS TWO DIAMONDS SEVEN,0.7002,0.0412,0.2586
DIAMONDS TWO DIAMONDS SIX,0.6376,0.009,0.3534
SPADES ACE HEARTS FIVE,0.3804,0.0034,0.6162
DIAMONDS TWO DIAMONDS NINE,0.6198,0.007,0.3732
DIAMONDS TWO DIAMONDS EIGHT,0.6066,0.0082,0.3852
DIAMONDS THREE DIAMONDS FOUR,0.6014,0.0102,0.3884
CLUBS TWO SPADES FOUR,0.6532,0.0084,0.3384
DIAMONDS THREE DIAMONDS FIVE,0.6006,0.008,0.3914
SPADES FIVE CLUBS TWO,0.647,0.0074,0.3456
CLUBS TWO SPADES TWO,0.4602,0.0168,0.523
CLUBS TWO SPADES THREE,0.6538,0.0104,0.3358
DIAMONDS THREE DIAMONDS EIGHT,0.6136,0.0084,0.378
SPADES EIGHT CLUBS TWO,0.6536,0.0072,0.3392
DIAMONDS THREE DIAMONDS NINE,0.6166,0.0078,0.3756
SPADES NINE CLUBS TWO,0.6404,0.0086,0.351
DIAMONDS THREE DIAMONDS SIX,0.6228,0.0068,0.3704
SPADES SIX CLUBS TWO,0.6692,0.0102,0.3206
DIAMONDS THREE DIAMONDS SEVEN,0.6826,0.0396,0.2778
SPADES SEVEN CLUBS TWO,0.7388,0.0426,0.2186
CLUBS SIX CLUBS TWO,0.6476,0.0096,0.3428
CLUBS FOUR CLUBS TWO,0.6238,0.0088,0.3674
CLUBS FIVE CLUBS TWO,0.6046,0.007,0.3884
CLUBS TEN CLUBS JACK,0.5192,0.0064,0.4744
DIAMONDS FOUR DIAMONDS SIX,0.6018,0.0092,0.389
CLUBS TEN CLUBS QUEEN,0.5136,0.006,0.4804
DIAMONDS FOUR DIAMONDS SEVEN,0.6758,0.0396,0.2846
CLUBS TEN CLUBS KING,0.2108,0.1136,0.6756
CLUBS TEN CLUBS ACE,0.327,0.0064,0.6666
CLUBS EIGHT CLUBS TWO,0.6064,0.0068,0.3868
DIAMONDS FIVE DIAMONDS FOUR,0.5908,0.0078,0.4014
CLUBS NINE CLUBS TWO,0.599,0.009,0.392
DIAMONDS NINE DIAMONDS FOUR,0.599,0.0094,0.3916
DIAMONDS EIGHT DIAMONDS FOUR,0.6,0.0096,0.3904
CLUBS THREE CLUBS TWO,0.6238,0.008,0.3682
DIAMONDS NINE DIAMONDS FIVE,0.5924,0.0078,0.3998
CLUBS JACK DIAMONDS TWO,0.6362,0.007,0.3568
DIAMONDS EIGHT DIAMONDS FIVE,0.5974,0.0102,0.3924
CLUBS TEN DIAMONDS TWO,0.6428,0.0066,0.3506
DIAMONDS FIVE DIAMONDS SEVEN,0.6558,0.04,0.3042
DIAMONDS FIVE DIAMONDS SIX,0.5932,0.009,0.3978
DIAMONDS TWO CLUBS ACE,0.4136,0.0042,0.5822
DIAMONDS TWO CLUBS KING,0.4738,0.3164,0.2098
DIAMONDS TWO CLUBS QUEEN,0.634,0.006,0.36
DIAMONDS EIGHT DIAMONDS SIX,0.5778,0.0066,0.4156
DIAMONDS NINE DIAMONDS SIX,0.5866,0.0078,0.4056
HEARTS ACE SPADES THREE,0.3982,0.004,0.5978
SPADES THREE HEARTS KING,0.4716,0.294,0.2344
DIAMONDS SEVEN DIAMONDS SIX,0.6568,0.0362,0.307
HEARTS QUEEN SPADES THREE,0.6364,0.0086,0.355
SPADES THREE HEARTS JACK,0.6392,0.0036,0.3572
SPADES THREE HEARTS TEN,0.6238,0.008,0.3682
DIAMONDS EIGHT DIAMONDS SEVEN,0.6486,0.034,0.3174
DIAMONDS NINE DIAMONDS SEVEN,0.6642,0.0318,0.304
DIAMONDS NINE DIAMONDS EIGHT,0.5506,0.0092,0.4402
HEARTS THREE HEARTS TEN,0.5754,0.007,0.4176
SPADES JACK CLUBS SIX,0.624,0.008,0.368
HEARTS THREE HEARTS JACK,0.5902,0.008,0.4018
SPADES TEN CLUBS SIX,0.635,0.0076,0.3574
SPADES JACK SPADES FIVE,0.5978,0.0086,0.3936
SPADES TEN SPADES FIVE,0.5918,0.007,0.4012
HEARTS THREE HEARTS ACE,0.3594,0.004,0.6366
SPADES ACE CLUBS SIX,0.3982,0.005,0.5968
HEARTS THREE HEARTS QUEEN,0.5832,0.0048,0.412
SPADES KING CLUBS SIX,0.4674,0.305,0.2276
HEARTS THREE HEARTS KING,0.4472,0.2806,0.2722
SPADES QUEEN CLUBS SIX,0.6338,0.0068,0.3594
SPADES NINE HEARTS TEN,0.551,0.0064,0.4426
SPADES NINE HEARTS JACK,0.5614,0.0074,0.4312
SPADES QUEEN SPADES FIVE,0.5874,0.0056,0.407
SPADES KING SPADES FIVE,0.4436,0.2792,0.2772
SPADES ACE SPADES FIVE,0.363,0.005,0.632
SPADES NINE HEARTS QUEEN,0.586,0.0072,0.4068
SPADES NINE HEARTS KING,0.2354,0.1526,0.612
SPADES NINE HEARTS ACE,0.3658,0.002,0.6322
CLUBS TEN SPADES JACK,0.536,0.0072,0.4568
CLUBS TEN SPADES TEN,0.288,0.0098,0.7022
SPADES ACE CLUBS TEN,0.3454,0.0036,0.651
CLUBS TEN SPADES KING,0.2268,0.1182,0.655
CLUBS TEN SPADES QUEEN,0.5578,0.006,0.4362
SPADES FIVE HEARTS QUEEN,0.6298,0.0046,0.3656
SPADES FIVE HEARTS KING,0.4802,0.2934,0.2264
HEARTS ACE SPADES FIVE,0.3874,0.0038,0.6088
CLUBS EIGHT SPADES TEN,0.592,0.0066,0.4014
SPADES JACK HEARTS THREE,0.6386,0.0052,0.3562
SPADES TEN HEARTS THREE,0.6206,0.0078,0.3716
CLUBS EIGHT SPADES JACK,0.5884,0.0066,0.405
CLUBS SIX HEARTS ACE,0.3958,0.004,0.6002
SPADES ACE CLUBS EIGHT,0.3528,0.003,0.6442
HEARTS FIVE CLUBS JACK,0.628,0.0062,0.3658
CLUBS TEN HEARTS FIVE,0.634,0.0064,0.3596
CLUBS SIX HEARTS QUEEN,0.6326,0.0076,0.3598
SPADES QUEEN CLUBS EIGHT,0.589,0.0066,0.4044
CLUBS TEN SPADES THREE,0.636,0.0086,0.3554
CLUBS SIX HEARTS KING,0.4824,0.3056,0.212
SPADES KING CLUBS EIGHT,0.2236,0.2216,0.5548
CLUBS JACK SPADES THREE,0.6206,0.0074,0.372
DIAMONDS TWO HEARTS JACK,0.6526,0.0094,0.338
SPADES THREE CLUBS QUEEN,0.6404,0.0064,0.3532
DIAMONDS TWO HEARTS TEN,0.6342,0.0108,0.355
SPADES THREE CLUBS KING,0.465,0.2938,0.2412
HEARTS FIVE CLUBS ACE,0.3896,0.0032,0.6072
SPADES FIVE HEARTS TEN,0.6354,0.0068,0.3578
SPADES THREE CLUBS ACE,0.3978,0.0044,0.5978
HEARTS FIVE CLUBS KING,0.4774,0.2976,0.225
SPADES FIVE HEARTS JACK,0.6266,0.0066,0.3668
HEARTS FIVE CLUBS QUEEN,0.627,0.0078,0.3652
HEARTS THREE CLUBS KING,0.464,0.3056,0.2304
HEARTS THREE CLUBS QUEEN,0.6336,0.0108,0.3556
HEARTS FIVE HEARTS JACK,0.58,0.0068,0.4132
HEARTS FIVE HEARTS TEN,0.6018,0.0062,0.392
HEARTS THREE CLUBS ACE,0.3924,0.0038,0.6038
SPADES ACE CLUBS QUEEN,0.3498,0.0028,0.6474
SPADES KING CLUBS QUEEN,0.2402,0.0632,0.6966
CLUBS JACK HEARTS THREE,0.6288,0.0084,0.3628
SPADES QUEEN CLUBS QUEEN,0.2852,0.0026,0.7122
CLUBS TEN HEARTS THREE,0.628,0.0092,0.3628
SPADES JACK CLUBS QUEEN,0.5392,0.0058,0.455
CLUBS SIX CLUBS QUEEN,0.6084,0.0064,0.3852
SPADES TEN CLUBS QUEEN,0.5474,0.0074,0.4452
CLUBS SIX CLUBS KING,0.4532,0.2928,0.254
CLUBS SIX CLUBS ACE,0.368,0.0048,0.6272
HEARTS FIVE HEARTS KING,0.4412,0.281,0.2778
HEARTS FIVE HEARTS QUEEN,0.576,0.0074,0.4166
CLUBS TEN CLUBS SIX,0.593,0.0078,0.3992
HEARTS FIVE HEARTS ACE,0.3658,0.0052,0.629
CLUBS JACK CLUBS SIX,0.6006,0.0096,0.3898
SPADES SEVEN HEARTS JACK,0.7044,0.031,0.2646
SPADES SEVEN HEARTS TEN,0.7026,0.0352,0.2622
DIAMONDS TWO CLUBS TWO,0.4568,0.0158,0.5274
DIAMONDS TWO CLUBS THREE,0.6586,0.009,0.3324
DIAMONDS TWO HEARTS SIX,0.6822,0.0066,0.3112
DIAMONDS TWO HEARTS QUEEN,0.6408,0.0098,0.3494
HEARTS SEVEN DIAMONDS TWO,0.736,0.0422,0.2218
DIAMONDS TWO HEARTS KING,0.4804,0.3,0.2196
DIAMONDS TWO HEARTS EIGHT,0.6446,0.005,0.3504
DIAMONDS TWO HEARTS ACE,0.402,0.0054,0.5926
DIAMONDS TWO HEARTS NINE,0.6502,0.0076,0.3422
DIAMONDS TWO DIAMONDS QUEEN,0.6094,0.0072,0.3834
DIAMONDS TWO HEARTS TWO,0.467,0.0138,0.5192
DIAMONDS TWO HEARTS THREE,0.6534,0.0094,0.3372
DIAMONDS TWO DIAMONDS ACE,0.376,0.0056,0.6184
HEARTS FOUR DIAMONDS TWO,0.653,0.0106,0.3364
HEARTS FIVE DIAMONDS TWO,0.6462,0.0066,0.3472
SPADES SEVEN HEARTS ACE,0.2376,0.0278,0.7346
DIAMONDS TWO DIAMONDS TEN,0.6122,0.0074,0.3804
SPADES SEVEN HEARTS KING,0.0202,0.9554,0.0244
DIAMONDS TWO DIAMONDS JACK,0.6086,0.0056,0.3858
SPADES SEVEN HEARTS QUEEN,0.73,0.0358,0.2342
DIAMONDS TWO SPADES NINE,0.6366,0.0058,0.3576
DIAMONDS TWO SPADES EIGHT,0.6432,0.01,0.3468
DIAMONDS TWO SPADES SEVEN,0.7306,0.0418,0.2276
DIAMONDS TWO SPADES SIX,0.6562,0.0088,0.335
DIAMONDS TWO SPADES FIVE,0.644,0.0078,0.3482
DIAMONDS TWO SPADES FOUR,0.651,0.007,0.342
DIAMONDS TWO SPADES THREE,0.6578,0.011,0.3312
DIAMONDS TWO SPADES TWO,0.4632,0.0146,0.5222
DIAMONDS TWO CLUBS NINE,0.6332,0.0074,0.3594
CLUBS EIGHT DIAMONDS TWO,0.6404,0.0092,0.3504
DIAMONDS TWO CLUBS SIX,0.6764,0.0074,0.3162
DIAMONDS TWO CLUBS FIVE,0.6458,0.0074,0.3468
DIAMONDS TWO CLUBS FOUR,0.651,0.0092,0.3398
CLUBS FOUR SPADES FIVE,0.6394,0.0098,0.3508
CLUBS FOUR SPADES FOUR,0.4508,0.0132,0.536
CLUBS FOUR SPADES THREE,0.6352,0.009,0.3558
CLUBS FOUR SPADES TWO,0.6456,0.0086,0.3458
SPADES NINE CLUBS FOUR,0.6398,0.0094,0.3508
SPADES EIGHT CLUBS FOUR,0.6248,0.0068,0.3684
SPADES SEVEN CLUBS FOUR,0.7066,0.0414,0.252
CLUBS FOUR SPADES SIX,0.6256,0.0088,0.3656
SPADES ACE DIAMONDS SIX,0.3996,0.0028,0.5976
SPADES QUEEN DIAMONDS SIX,0.6472,0.007,0.3458
SPADES KING DIAMONDS SIX,0.492,0.2926,0.2154
SPADES TEN DIAMONDS SIX,0.6444,0.0066,0.349
SPADES JACK DIAMONDS SIX,0.6372,0.0086,0.3542
SPADES QUEEN SPADES TWO,0.6018,0.0054,0.3928
SPADES KING SPADES TWO,0.4508,0.2816,0.2676
SPADES ACE SPADES TWO,0.3808,0.004,0.6152
CLUBS JACK DIAMONDS JACK,0.2882,0.007,0.7048
CLUBS TEN DIAMONDS JACK,0.5456,0.008,0.4464
DIAMONDS JACK CLUBS KING,0.2352,0.088,0.6768
DIAMONDS JACK CLUBS QUEEN,0.5394,0.007,0.4536
DIAMONDS THREE DIAMONDS JACK,0.6084,0.0064,0.3852
DIAMONDS THREE DIAMONDS TEN,0.6064,0.007,0.3866
DIAMONDS JACK CLUBS ACE,0.3456,0.0044,0.65
DIAMONDS THREE HEARTS THREE,0.4532,0.0174,0.5294
DIAMONDS THREE DIAMONDS QUEEN,0.603,0.0074,0.3896
DIAMONDS THREE HEARTS TWO,0.6548,0.0106,0.3346
HEARTS FIVE DIAMONDS THREE,0.6322,0.006,0.3618
DIAMONDS THREE DIAMONDS ACE,0.3826,0.0088,0.6086
HEARTS FOUR DIAMONDS THREE,0.648,0.008,0.344
HEARTS SEVEN DIAMONDS THREE,0.7294,0.0446,0.226
SPADES TEN SPADES NINE,0.5336,0.0072,0.4592
HEARTS SIX DIAMONDS THREE,0.6556,0.0078,0.3366
SPADES JACK SPADES NINE,0.5408,0.007,0.4522
DIAMONDS THREE HEARTS NINE,0.6478,0.0084,0.3438
HEARTS JACK DIAMONDS FOUR,0.6312,0.0076,0.3612
HEARTS ACE HEARTS KING,0.2156,0.0114,0.773
SPADES TEN SPADES TWO,0.5968,0.0052,0.398
DIAMONDS THREE HEARTS EIGHT,0.6466,0.007,0.3464
HEARTS TEN DIAMONDS FOUR,0.6292,0.0084,0.3624
SPADES JACK SPADES TWO,0.59,0.0084,0.4016
HEARTS QUEEN DIAMONDS FOUR,0.6358,0.009,0.3552
HEARTS KING DIAMONDS FOUR,0.4744,0.3016,0.224
SPADES ACE SPADES NINE,0.3512,0.003,0.6458
HEARTS ACE DIAMONDS FOUR,0.3866,0.004,0.6094
SPADES KING SPADES NINE,0.2186,0.1614,0.62
SPADES QUEEN SPADES NINE,0.5414,0.0052,0.4534
DIAMONDS THREE SPADES NINE,0.6334,0.0066,0.36
DIAMONDS THREE SPADES EIGHT,0.646,0.0094,0.3446
DIAMONDS THREE SPADES SEVEN,0.7272,0.0388,0.234
DIAMONDS THREE SPADES SIX,0.6408,0.006,0.3532
DIAMONDS THREE CLUBS SIX,0.6592,0.0092,0.3316
CLUBS FIVE CLUBS SIX,0.5796,0.0084,0.412
CLUBS ACE DIAMONDS FOUR,0.3908,0.006,0.6032
DIAMONDS THREE CLUBS FOUR,0.6396,0.0102,0.3502
DIAMONDS FOUR CLUBS QUEEN,0.6232,0.0086,0.3682
DIAMONDS THREE CLUBS FIVE,0.627,0.0098,0.3632
DIAMONDS FOUR CLUBS KING,0.471,0.3012,0.2278
DIAMONDS THREE CLUBS TWO,0.6616,0.0126,0.3258
CLUBS TEN DIAMONDS FOUR,0.627,0.0098,0.3632
DIAMONDS THREE CLUBS THREE,0.4578,0.0136,0.5286
CLUBS JACK DIAMONDS FOUR,0.632,0.0094,0.3586
DIAMONDS THREE SPADES FOUR,0.6292,0.0102,0.3606
DIAMONDS THREE SPADES FIVE,0.6386,0.0118,0.3496
DIAMONDS THREE SPADES TWO,0.6452,0.0086,0.3462
DIAMONDS THREE SPADES THREE,0.4544,0.0164,0.5292
CLUBS EIGHT DIAMONDS THREE,0.636,0.0096,0.3544
CLUBS NINE DIAMONDS THREE,0.6336,0.0076,0.3588
SPADES SEVEN CLUBS ACE,0.2284,0.0308,0.7408
SPADES SEVEN CLUBS QUEEN,0.7396,0.0338,0.2266
SPADES SEVEN CLUBS KING,0.0098,0.9726,0.0176
CLUBS FIVE SPADES SEVEN,0.6928,0.0372,0.27
CLUBS TEN SPADES SEVEN,0.708,0.0314,0.2606
CLUBS FIVE SPADES SIX,0.6202,0.0062,0.3736
CLUBS JACK SPADES SEVEN,0.7188,0.037,0.2442
CLUBS FIVE SPADES NINE,0.6238,0.0076,0.3686
CLUBS FIVE SPADES EIGHT,0.6156,0.0062,0.3782
CLUBS FIVE SPADES THREE,0.6322,0.0068,0.361
CLUBS FIVE SPADES TWO,0.643,0.0078,0.3492
CLUBS FIVE SPADES FIVE,0.4436,0.0116,0.5448
CLUBS FIVE SPADES FOUR,0.6094,0.0086,0.382
CLUBS NINE CLUBS FIVE,0.6,0.0072,0.3928
CLUBS EIGHT CLUBS FIVE,0.58,0.0064,0.4136
CLUBS ACE CLUBS QUEEN,0.3272,0.0042,0.6686
CLUBS KING CLUBS QUEEN,0.2348,0.0656,0.6996
DIAMONDS TEN DIAMONDS FOUR,0.6072,0.0068,0.386
CLUBS TEN DIAMONDS NINE,0.5572,0.0052,0.4376
DIAMONDS JACK DIAMONDS FOUR,0.6068,0.0076,0.3856
CLUBS JACK DIAMONDS NINE,0.5788,0.006,0.4152
CLUBS JACK SPADES NINE,0.5778,0.0066,0.4156
CLUBS TEN SPADES NINE,0.5542,0.0066,0.4392
DIAMONDS ACE DIAMONDS FOUR,0.3694,0.0052,0.6254
HEARTS FOUR DIAMONDS FOUR,0.4436,0.0154,0.541
DIAMONDS JACK HEARTS TEN,0.5554,0.005,0.4396
SPADES NINE CLUBS KING,0.2336,0.159,0.6074
DIAMONDS TWO SPADES TEN,0.638,0.0082,0.3538
DIAMONDS NINE CLUBS ACE,0.358,0.0072,0.6348
HEARTS FIVE DIAMONDS FOUR,0.617,0.01,0.373
DIAMONDS JACK HEARTS JACK,0.2988,0.006,0.6952
SPADES NINE CLUBS QUEEN,0.5862,0.0102,0.4036
DIAMONDS TWO SPADES JACK,0.6486,0.0062,0.3452
DIAMONDS QUEEN DIAMONDS FOUR,0.602,0.0078,0.3902
HEARTS TWO DIAMONDS FOUR,0.6414,0.0084,0.3502
DIAMONDS NINE CLUBS QUEEN,0.5716,0.006,0.4224
HEARTS THREE DIAMONDS FOUR,0.6304,0.0066,0.363
SPADES NINE CLUBS ACE,0.3528,0.0034,0.6438
DIAMONDS NINE CLUBS KING,0.2312,0.1686,0.6002
HEARTS ACE DIAMONDS JACK,0.3638,0.0036,0.6326
SPADES ACE DIAMONDS TWO,0.402,0.0042,0.5938
HEARTS QUEEN DIAMONDS JACK,0.5692,0.0062,0.4246
SPADES QUEEN DIAMONDS TWO,0.6312,0.0062,0.3626
DIAMONDS JACK HEARTS KING,0.2512,0.0878,0.661
SPADES KING DIAMONDS TWO,0.472,0.3114,0.2166
SPADES JACK SPADES SEVEN,0.6762,0.0368,0.287
SPADES TEN SPADES SEVEN,0.6458,0.0316,0.3226
CLUBS SIX CLUBS THREE,0.6068,0.0088,0.3844
CLUBS FIVE CLUBS THREE,0.6024,0.0084,0.3892
CLUBS THREE CLUBS FOUR,0.6046,0.007,0.3884
CLUBS NINE CLUBS THREE,0.591,0.009,0.4
CLUBS EIGHT CLUBS THREE,0.598,0.0082,0.3938
CLUBS THREE SPADES FIVE,0.6414,0.0062,0.3524
CLUBS THREE SPADES FOUR,0.6266,0.0102,0.3632
CLUBS THREE SPADES THREE,0.4542,0.0128,0.533
CLUBS THREE SPADES TWO,0.6516,0.0096,0.3388
CLUBS THREE SPADES SIX,0.6364,0.0072,0.3564
CLUBS THREE SPADES SEVEN,0.722,0.0428,0.2352
SPADES EIGHT CLUBS THREE,0.6456,0.0082,0.3462
SPADES NINE CLUBS THREE,0.6354,0.007,0.3576
SPADES TWO DIAMONDS FOUR,0.648,0.0074,0.3446
SPADES THREE DIAMONDS FOUR,0.6252,0.0094,0.3654
SPADES FOUR DIAMONDS FOUR,0.458,0.0162,0.5258
SPADES FIVE DIAMONDS FOUR,0.6326,0.007,0.3604
SPADES SIX DIAMONDS FOUR,0.6184,0.0072,0.3744
SPADES SEVEN DIAMONDS FOUR,0.6976,0.0426,0.2598
SPADES EIGHT DIAMONDS FOUR,0.633,0.0066,0.3604
SPADES NINE DIAMONDS FOUR,0.6406,0.007,0.3524
CLUBS FIVE DIAMONDS FOUR,0.605,0.0086,0.3864
CLUBS FOUR DIAMONDS FOUR,0.453,0.016,0.531
CLUBS SIX DIAMONDS FOUR,0.6476,0.0096,0.3428
CLUBS NINE DIAMONDS FOUR,0.6374,0.008,0.3546
CLUBS EIGHT DIAMONDS FOUR,0.628,0.0086,0.3634
HEARTS SEVEN DIAMONDS FOUR,0.7086,0.0414,0.25
HEARTS SIX DIAMONDS FOUR,0.6304,0.0072,0.3624
DIAMONDS FOUR HEARTS NINE,0.6362,0.008,0.3558
DIAMONDS FOUR HEARTS EIGHT,0.6226,0.0084,0.369
CLUBS THREE DIAMONDS FOUR,0.6368,0.007,0.3562
CLUBS TWO DIAMONDS FOUR,0.6532,0.0078,0.339
DIAMONDS TEN DIAMONDS FIVE,0.6074,0.0084,0.3842
DIAMONDS JACK DIAMONDS FIVE,0.5966,0.0068,0.3966
DIAMONDS NINE HEARTS QUEEN,0.5806,0.0076,0.4118
DIAMONDS NINE HEARTS KING,0.2314,0.1684,0.6002
HEARTS ACE DIAMONDS NINE,0.376,0.0046,0.6194
DIAMONDS NINE HEARTS TEN,0.5664,0.006,0.4276
DIAMONDS NINE HEARTS JACK,0.5722,0.0056,0.4222
CLUBS KING DIAMONDS SIX,0.4708,0.3104,0.2188
CLUBS QUEEN DIAMONDS SIX,0.6244,0.0072,0.3684
CLUBS ACE DIAMONDS SIX,0.3854,0.004,0.6106
SPADES KING DIAMONDS FOUR,0.4748,0.2964,0.2288
SPADES ACE SPADES SEVEN,0.2144,0.0286,0.757
SPADES QUEEN DIAMONDS FOUR,0.6312,0.007,0.3618
SPADES QUEEN SPADES SEVEN,0.6912,0.0308,0.278
CLUBS JACK DIAMONDS SIX,0.6324,0.0084,0.3592
SPADES KING SPADES SEVEN,0.0214,0.9088,0.0698
SPADES ACE DIAMONDS FOUR,0.4014,0.0038,0.5948
CLUBS TEN DIAMONDS SIX,0.6302,0.0098,0.36
CLUBS NINE CLUBS FOUR,0.6172,0.009,0.3738
CLUBS EIGHT CLUBS FOUR,0.602,0.0098,0.3882
SPADES JACK DIAMONDS FOUR,0.6356,0.0074,0.357
SPADES TEN DIAMONDS FOUR,0.631,0.0062,0.3628
CLUBS FIVE CLUBS FOUR,0.5864,0.01,0.4036
CLUBS SIX CLUBS FOUR,0.6052,0.0098,0.385
HEARTS SIX DIAMONDS FIVE,0.6146,0.0076,0.3778
HEARTS SEVEN DIAMONDS FIVE,0.691,0.0452,0.2638
DIAMONDS FIVE HEARTS EIGHT,0.6224,0.0066,0.371
DIAMONDS FIVE HEARTS NINE,0.6182,0.0066,0.3752
DIAMONDS QUEEN DIAMONDS FIVE,0.594,0.0068,0.3992
HEARTS TWO DIAMONDS FIVE,0.6472,0.0068,0.346
HEARTS KING HEARTS EIGHT,0.2108,0.2124,0.5768
HEARTS THREE DIAMONDS FIVE,0.6468,0.0094,0.3438
HEARTS QUEEN HEARTS EIGHT,0.547,0.0072,0.4458
DIAMONDS ACE DIAMONDS FIVE,0.374,0.0058,0.6202
HEARTS FOUR DIAMONDS FIVE,0.6294,0.0086,0.362
HEARTS FIVE DIAMONDS FIVE,0.4358,0.013,0.5512
HEARTS ACE HEARTS EIGHT,0.3448,0.0046,0.6506
CLUBS FOUR DIAMONDS FIVE,0.6228,0.0078,0.3694
CLUBS FIVE DIAMONDS FIVE,0.448,0.0132,0.5388
CLUBS SIX DIAMONDS FIVE,0.62,0.0104,0.3696
CLUBS TWO DIAMONDS FIVE,0.6472,0.0096,0.3432
CLUBS THREE DIAMONDS FIVE,0.622,0.0092,0.3688
SPADES THREE DIAMONDS FIVE,0.6254,0.0078,0.3668
SPADES TWO DIAMONDS FIVE,0.6444,0.0086,0.347
SPADES JACK DIAMONDS EIGHT,0.5948,0.0054,0.3998
SPADES FIVE DIAMONDS FIVE,0.4282,0.0154,0.5564
CLUBS TEN HEARTS JACK,0.543,0.0052,0.4518
SPADES TEN DIAMONDS EIGHT,0.5832,0.0094,0.4074
SPADES FOUR DIAMONDS FIVE,0.6232,0.0072,0.3696
CLUBS JACK HEARTS JACK,0.2874,0.005,0.7076
HEARTS JACK CLUBS QUEEN,0.5488,0.0062,0.445
CLUBS NINE DIAMONDS FIVE,0.6288,0.0088,0.3624
CLUBS EIGHT DIAMONDS FIVE,0.631,0.0064,0.3626
HEARTS JACK CLUBS KING,0.2398,0.0876,0.6726
CLUBS ACE HEARTS JACK,0.3642,0.0028,0.633
SPADES SEVEN DIAMONDS FIVE,0.6912,0.0416,0.2672
SPADES KING DIAMONDS EIGHT,0.2404,0.2248,0.5348
SPADES QUEEN DIAMONDS EIGHT,0.5864,0.008,0.4056
SPADES SIX DIAMONDS FIVE,0.61,0.0086,0.3814
SPADES NINE DIAMONDS FIVE,0.6334,0.0072,0.3594
SPADES EIGHT DIAMONDS FIVE,0.6218,0.005,0.3732
SPADES ACE DIAMONDS EIGHT,0.3592,0.004,0.6368
DIAMONDS TEN DIAMONDS SIX,0.5982,0.008,0.3938
HEARTS ACE DIAMONDS SEVEN,0.2298,0.029,0.7412
DIAMONDS JACK DIAMONDS SIX,0.6058,0.0076,0.3866
HEARTS QUEEN DIAMONDS SEVEN,0.7362,0.0348,0.229
HEARTS KING DIAMONDS SEVEN,0.02,0.9692,0.0108
DIAMONDS ACE DIAMONDS SIX,0.3754,0.0042,0.6204
HEARTS FOUR DIAMONDS SIX,0.6232,0.0084,0.3684
SPADES TWO HEARTS JACK,0.6342,0.0046,0.3612
HEARTS FIVE DIAMONDS SIX,0.6104,0.0068,0.3828
SPADES TWO HEARTS TEN,0.6238,0.0096,0.3666
DIAMONDS QUEEN DIAMONDS SIX,0.5976,0.0084,0.394
HEARTS TWO DIAMONDS SIX,0.6598,0.0104,0.3298
HEARTS THREE DIAMONDS SIX,0.6428,0.0078,0.3494
HEARTS EIGHT DIAMONDS SIX,0.6062,0.0052,0.3886
HEARTS NINE DIAMONDS SIX,0.6102,0.0072,0.3826
HEARTS SIX DIAMONDS SIX,0.4374,0.0142,0.5484
HEARTS SEVEN DIAMONDS SIX,0.6848,0.037,0.2782
HEARTS TEN DIAMONDS SEVEN,0.6926,0.0308,0.2766
CLUBS TWO DIAMONDS SIX,0.6606,0.0104,0.329
HEARTS JACK DIAMONDS SEVEN,0.7192,0.0372,0.2436
CLUBS THREE DIAMONDS SIX,0.6636,0.0092,0.3272
CLUBS JACK DIAMONDS EIGHT,0.5794,0.0074,0.4132
CLUBS SIX DIAMONDS SIX,0.4324,0.0156,0.552
CLUBS TEN DIAMONDS EIGHT,0.564,0.0094,0.4266
CLUBS FIVE DIAMONDS SIX,0.6256,0.009,0.3654
CLUBS FOUR DIAMONDS SIX,0.6402,0.0082,0.3516
HEARTS ACE HEARTS JACK,0.3374,0.002,0.6606
DIAMONDS EIGHT CLUBS ACE,0.3544,0.0052,0.6404
HEARTS QUEEN HEARTS JACK,0.519,0.006,0.475
DIAMONDS EIGHT CLUBS KING,0.2286,0.2388,0.5326
CLUBS NINE DIAMONDS SIX,0.613,0.0078,0.3792
HEARTS KING HEARTS JACK,0.2274,0.0828,0.6898
CLUBS EIGHT DIAMONDS SIX,0.6048,0.0062,0.389
DIAMONDS EIGHT CLUBS QUEEN,0.5868,0.0084,0.4048
SPADES TEN HEARTS KING,0.2358,0.12,0.6442
SPADES FIVE DIAMONDS SIX,0.6178,0.0072,0.375
HEARTS ACE SPADES TWO,0.3964,0.0058,0.5978
SPADES JACK HEARTS KING,0.2378,0.0736,0.6886
SPADES FOUR DIAMONDS SIX,0.6462,0.0084,0.3454
SPADES THREE DIAMONDS SIX,0.652,0.0076,0.3404
HEARTS QUEEN SPADES TWO,0.6344,0.006,0.3596
SPADES ACE SPADES KING,0.2282,0.0106,0.7612
HEARTS KING SPADES TWO,0.4838,0.2948,0.2214
SPADES TWO DIAMONDS SIX,0.662,0.0096,0.3284
HEARTS TEN HEARTS EIGHT,0.537,0.0076,0.4554
SPADES NINE DIAMONDS SIX,0.6184,0.0064,0.3752
HEARTS JACK HEARTS EIGHT,0.5396,0.006,0.4544
SPADES EIGHT DIAMONDS SIX,0.617,0.0068,0.3762
SPADES SEVEN DIAMONDS SIX,0.6784,0.039,0.2826
SPADES SIX DIAMONDS SIX,0.4326,0.0138,0.5536
SPADES KING HEARTS KING,0.0808,0.0122,0.907
SPADES QUEEN HEARTS KING,0.2444,0.0588,0.6968
CLUBS ACE CLUBS KING,0.2328,0.0136,0.7536
SPADES ACE HEARTS KING,0.2366,0.014,0.7494
SPADES ACE HEARTS JACK,0.3534,0.0036,0.643
SPADES QUEEN HEARTS JACK,0.5584,0.006,0.4356
SPADES KING HEARTS JACK,0.247,0.0852,0.6678
SPADES TEN DIAMONDS TEN,0.2998,0.0086,0.6916
SPADES JACK DIAMONDS TEN,0.5366,0.0066,0.4568
SPADES ACE DIAMONDS TEN,0.3476,0.0042,0.6482
SPADES JACK HEARTS JACK,0.2998,0.0064,0.6938
SPADES TEN HEARTS JACK,0.5488,0.0062,0.445
SPADES QUEEN DIAMONDS TEN,0.5686,0.007,0.4244
SPADES KING DIAMONDS TEN,0.226,0.1168,0.6572
SPADES NINE DIAMONDS SEVEN,0.684,0.0396,0.2764
SPADES EIGHT DIAMONDS SEVEN,0.6882,0.0308,0.281
SPADES SEVEN DIAMONDS SEVEN,0.3056,0.03,0.6644
SPADES SIX DIAMONDS SEVEN,0.679,0.035,0.286
HEARTS THREE DIAMONDS SEVEN,0.7308,0.0412,0.228
HEARTS KING DIAMONDS FIVE,0.4786,0.3036,0.2178
DIAMONDS QUEEN DIAMONDS SEVEN,0.6978,0.038,0.2642
HEARTS TWO DIAMONDS SEVEN,0.7344,0.0454,0.2202
HEARTS QUEEN DIAMONDS FIVE,0.6184,0.0072,0.3744
HEARTS FIVE DIAMONDS SEVEN,0.692,0.0432,0.2648
DIAMONDS ACE DIAMONDS SEVEN,0.2182,0.0318,0.75
HEARTS FOUR DIAMONDS SEVEN,0.706,0.0396,0.2544
HEARTS ACE DIAMONDS FIVE,0.39,0.0062,0.6038
HEARTS SEVEN DIAMONDS SEVEN,0.2962,0.0314,0.6724
HEARTS SIX DIAMONDS SEVEN,0.68,0.0412,0.2788
DIAMONDS SEVEN HEARTS NINE,0.6956,0.0348,0.2696
HEARTS EIGHT DIAMONDS SEVEN,0.6562,0.0394,0.3044
DIAMONDS JACK DIAMONDS SEVEN,0.6866,0.0352,0.2782
DIAMONDS FIVE HEARTS JACK,0.6464,0.0056,0.348
DIAMONDS TEN DIAMONDS SEVEN,0.6688,0.03,0.3012
HEARTS TEN DIAMONDS FIVE,0.6474,0.0058,0.3468
CLUBS EIGHT DIAMONDS SEVEN,0.6852,0.0348,0.28
SPADES KING CLUBS TWO,0.4758,0.295,0.2292
HEARTS KING CLUBS KING,0.081,0.0124,0.9066
SPADES QUEEN CLUBS TWO,0.6232,0.009,0.3678
HEARTS KING CLUBS QUEEN,0.235,0.059,0.706
CLUBS NINE DIAMONDS SEVEN,0.6906,0.032,0.2774
CLUBS JACK SPADES TWO,0.6366,0.007,0.3564
SPADES ACE CLUBS TWO,0.4018,0.0042,0.594
CLUBS TEN SPADES TWO,0.6294,0.0086,0.362
HEARTS KING CLUBS ACE,0.2312,0.0088,0.76
SPADES TWO CLUBS KING,0.4856,0.2916,0.2228
SPADES TWO DIAMONDS SEVEN,0.7504,0.036,0.2136
CLUBS EIGHT CLUBS SIX,0.5702,0.0068,0.423
SPADES THREE DIAMONDS SEVEN,0.7256,0.0432,0.2312
SPADES TWO CLUBS QUEEN,0.6314,0.0076,0.361
CLUBS NINE CLUBS SIX,0.5878,0.0074,0.4048
SPADES FOUR DIAMONDS SEVEN,0.7018,0.0412,0.257
CLUBS JACK HEARTS KING,0.2454,0.0892,0.6654
SPADES FIVE DIAMONDS SEVEN,0.6822,0.043,0.2748
SPADES TWO CLUBS ACE,0.391,0.0046,0.6044
CLUBS TEN HEARTS KING,0.2338,0.1154,0.6508
CLUBS SIX SPADES TWO,0.6588,0.007,0.3342
CLUBS SIX SPADES THREE,0.649,0.0068,0.3442
CLUBS TWO DIAMONDS SEVEN,0.7598,0.0386,0.2016
CLUBS SIX SPADES FOUR,0.631,0.0088,0.3602
CLUBS THREE DIAMONDS SEVEN,0.7274,0.0406,0.232
CLUBS SIX SPADES FIVE,0.6204,0.0116,0.368
CLUBS FOUR DIAMONDS SEVEN,0.709,0.0458,0.2452
CLUBS SIX SPADES SIX,0.4292,0.0142,0.5566
CLUBS FIVE DIAMONDS SEVEN,0.6958,0.0422,0.262
CLUBS SIX SPADES SEVEN,0.683,0.0382,0.2788
CLUBS SIX DIAMONDS SEVEN,0.6858,0.0406,0.2736
CLUBS SIX SPADES EIGHT,0.6138,0.0076,0.3786
SPADES JACK CLUBS TWO,0.649,0.0064,0.3446
SPADES NINE CLUBS SIX,0.629,0.0064,0.3646
SPADES TEN CLUBS TWO,0.6382,0.0054,0.3564
CLUBS TWO CLUBS QUEEN,0.5972,0.0102,0.3926
CLUBS TWO CLUBS KING,0.461,0.2914,0.2476
CLUBS THREE DIAMONDS EIGHT,0.6586,0.0066,0.3348
CLUBS TWO CLUBS ACE,0.3862,0.004,0.6098
CLUBS TWO DIAMONDS EIGHT,0.6428,0.0108,0.3464
HEARTS SEVEN DIAMONDS EIGHT,0.674,0.03,0.296
HEARTS SIX DIAMONDS EIGHT,0.6048,0.0066,0.3886
DIAMONDS EIGHT HEARTS NINE,0.5754,0.0068,0.4178
CLUBS TEN CLUBS TWO,0.599,0.008,0.393
DIAMONDS EIGHT HEARTS EIGHT,0.3314,0.011,0.6576
CLUBS JACK CLUBS TWO,0.6026,0.0082,0.3892
CLUBS NINE DIAMONDS EIGHT,0.575,0.0056,0.4194
CLUBS EIGHT DIAMONDS EIGHT,0.3178,0.0106,0.6716
CLUBS FIVE DIAMONDS EIGHT,0.6254,0.008,0.3666
SPADES ACE SPADES THREE,0.3728,0.004,0.6232
CLUBS FOUR DIAMONDS EIGHT,0.6444,0.0076,0.348
SPADES QUEEN SPADES THREE,0.5968,0.0066,0.3966
CLUBS SIX DIAMONDS EIGHT,0.614,0.0052,0.3808
SPADES KING SPADES THREE,0.4504,0.2654,0.2842
DIAMONDS QUEEN DIAMONDS EIGHT,0.561,0.006,0.433
HEARTS TWO DIAMONDS EIGHT,0.6512,0.0094,0.3394
HEARTS THREE DIAMONDS EIGHT,0.632,0.0074,0.3606
DIAMONDS ACE DIAMONDS EIGHT,0.3524,0.0036,0.644
HEARTS FOUR DIAMONDS EIGHT,0.6368,0.0078,0.3554
HEARTS FIVE DIAMONDS EIGHT,0.6282,0.0092,0.3626
DIAMONDS EIGHT DIAMONDS TEN,0.5564,0.0072,0.4364
DIAMONDS EIGHT DIAMONDS JACK,0.5558,0.0072,0.437
SPADES JACK SPADES THREE,0.5924,0.0078,0.3998
SPADES TEN SPADES THREE,0.5964,0.0054,0.3982
CLUBS FOUR HEARTS ACE,0.4016,0.005,0.5934
CLUBS FOUR HEARTS QUEEN,0.624,0.0078,0.3682
CLUBS FOUR HEARTS KING,0.4802,0.2922,0.2276
CLUBS SIX HEARTS TEN,0.6346,0.0084,0.357
CLUBS SIX HEARTS JACK,0.645,0.0082,0.3468
DIAMONDS EIGHT SPADES FOUR,0.6382,0.0082,0.3536
SPADES FIVE DIAMONDS EIGHT,0.6188,0.008,0.3732
DIAMONDS EIGHT SPADES TWO,0.6482,0.0086,0.3432
DIAMONDS EIGHT SPADES THREE,0.638,0.0084,0.3536
CLUBS FOUR HEARTS JACK,0.6292,0.0076,0.3632
SPADES EIGHT DIAMONDS EIGHT,0.3298,0.0114,0.6588
SPADES TEN DIAMONDS QUEEN,0.5576,0.006,0.4364
SPADES TEN HEARTS TWO,0.6306,0.0054,0.364
SPADES JACK HEARTS EIGHT,0.5906,0.0066,0.4028
CLUBS FOUR HEARTS TEN,0.6328,0.005,0.3622
SPADES NINE DIAMONDS EIGHT,0.5672,0.006,0.4268
SPADES TEN HEARTS EIGHT,0.5734,0.0062,0.4204
SPADES JACK HEARTS TWO,0.6178,0.008,0.3742
SPADES JACK DIAMONDS QUEEN,0.5596,0.0042,0.4362
SPADES SIX DIAMONDS EIGHT,0.6224,0.005,0.3726
SPADES SEVEN DIAMONDS EIGHT,0.6748,0.033,0.2922
SPADES ACE HEARTS TWO,0.3876,0.005,0.6074
SPADES ACE DIAMONDS QUEEN,0.3596,0.0028,0.6376
SPADES ACE HEARTS EIGHT,0.3546,0.0044,0.641
SPADES KING HEARTS EIGHT,0.2402,0.2208,0.539
SPADES QUEEN HEARTS TWO,0.6386,0.0068,0.3546
SPADES QUEEN DIAMONDS QUEEN,0.291,0.0038,0.7052
SPADES KING DIAMONDS QUEEN,0.2436,0.0672,0.6892
SPADES KING HEARTS TWO,0.478,0.3088,0.2132
SPADES QUEEN HEARTS EIGHT,0.5934,0.0058,0.4008
CLUBS TWO HEARTS TEN,0.6162,0.0068,0.377
CLUBS TWO HEARTS JACK,0.6348,0.0066,0.3586
SPADES SEVEN DIAMONDS NINE,0.6926,0.0336,0.2738
SPADES SIX DIAMONDS NINE,0.6264,0.0088,0.3648
SPADES NINE DIAMONDS NINE,0.3178,0.0092,0.673
SPADES EIGHT DIAMONDS NINE,0.5724,0.008,0.4196
SPADES TEN CLUBS KING,0.2286,0.1118,0.6596
DIAMONDS NINE SPADES THREE,0.6276,0.0078,0.3646
SPADES JACK CLUBS KING,0.224,0.084,0.692
DIAMONDS NINE SPADES TWO,0.6474,0.0064,0.3462
DIAMONDS NINE SPADES FIVE,0.6274,0.008,0.3646
DIAMONDS NINE SPADES FOUR,0.651,0.0068,0.3422
CLUBS NINE DIAMONDS NINE,0.3122,0.0076,0.6802
CLUBS EIGHT DIAMONDS NINE,0.5782,0.0058,0.416
CLUBS SIX DIAMONDS NINE,0.6276,0.0062,0.3662
SPADES JACK CLUBS FOUR,0.6254,0.0074,0.3672
SPADES TEN CLUBS FOUR,0.642,0.0066,0.3514
CLUBS FOUR DIAMONDS NINE,0.641,0.0058,0.3532
CLUBS FIVE DIAMONDS NINE,0.6346,0.0084,0.357
DIAMONDS NINE CLUBS TWO,0.6442,0.0082,0.3476
CLUBS THREE DIAMONDS NINE,0.6398,0.0086,0.3516
DIAMONDS NINE HEARTS EIGHT,0.5662,0.0072,0.4266
DIAMONDS NINE HEARTS NINE,0.3246,0.0096,0.6658
HEARTS SIX DIAMONDS NINE,0.6258,0.0086,0.3656
HEARTS SEVEN DIAMONDS NINE,0.6898,0.035,0.2752
CLUBS EIGHT CLUBS NINE,0.5438,0.0084,0.4478
DIAMONDS ACE DIAMONDS NINE,0.3436,0.004,0.6524
HEARTS FOUR DIAMONDS NINE,0.6342,0.0098,0.356
HEARTS FIVE DIAMONDS NINE,0.6236,0.0062,0.3702
HEARTS ACE CLUBS TWO,0.4016,0.0048,0.5936
SPADES ACE CLUBS FOUR,0.3908,0.004,0.6052
DIAMONDS QUEEN DIAMONDS NINE,0.552,0.009,0.439
HEARTS TWO DIAMONDS NINE,0.6566,0.0066,0.3368
CLUBS TWO HEARTS KING,0.4836,0.299,0.2174
SPADES KING CLUBS FOUR,0.4726,0.2958,0.2316
HEARTS THREE DIAMONDS NINE,0.6392,0.0064,0.3544
CLUBS TWO HEARTS QUEEN,0.6376,0.0074,0.355
SPADES QUEEN CLUBS FOUR,0.638,0.007,0.355
DIAMONDS NINE DIAMONDS JACK,0.5472,0.0072,0.4456
CLUBS EIGHT SPADES NINE,0.5604,0.0056,0.434
DIAMONDS NINE DIAMONDS TEN,0.5386,0.008,0.4534
CLUBS EIGHT SPADES EIGHT,0.3084,0.0128,0.6788
CLUBS EIGHT SPADES SEVEN,0.6704,0.0318,0.2978
CLUBS EIGHT SPADES SIX,0.6024,0.0094,0.3882
CLUBS EIGHT SPADES FIVE,0.6076,0.009,0.3834
CLUBS EIGHT SPADES FOUR,0.6198,0.0058,0.3744
CLUBS EIGHT SPADES THREE,0.6464,0.007,0.3466
CLUBS EIGHT SPADES TWO,0.6334,0.0082,0.3584
HEARTS SIX DIAMONDS TEN,0.634,0.0062,0.3598
HEARTS SEVEN DIAMONDS TEN,0.706,0.0328,0.2612
DIAMONDS TEN HEARTS EIGHT,0.5974,0.008,0.3946
CLUBS JACK CLUBS FOUR,0.6062,0.0064,0.3874
DIAMONDS TEN HEARTS NINE,0.5636,0.0062,0.4302
CLUBS TEN CLUBS FOUR,0.6066,0.0086,0.3848
CLUBS FOUR CLUBS KING,0.441,0.2912,0.2678
CLUBS FOUR CLUBS QUEEN,0.5974,0.0068,0.3958
CLUBS TWO DIAMONDS TEN,0.6424,0.0112,0.3464
CLUBS THREE DIAMONDS TEN,0.6458,0.0074,0.3468
CLUBS FOUR CLUBS ACE,0.3754,0.0056,0.619
DIAMONDS JACK DIAMONDS TEN,0.5286,0.0086,0.4628
DIAMONDS QUEEN DIAMONDS TEN,0.5354,0.0044,0.4602
HEARTS TWO DIAMONDS TEN,0.64,0.0118,0.3482
HEARTS THREE DIAMONDS TEN,0.6348,0.0098,0.3554
DIAMONDS ACE DIAMONDS TEN,0.3302,0.0048,0.665
HEARTS FOUR DIAMONDS TEN,0.6312,0.0068,0.362
CLUBS EIGHT HEARTS JACK,0.5836,0.0064,0.41
HEARTS FIVE DIAMONDS TEN,0.6438,0.0072,0.349
CLUBS EIGHT HEARTS TEN,0.5768,0.0066,0.4166
CLUBS EIGHT HEARTS QUEEN,0.582,0.0082,0.4098
CLUBS EIGHT HEARTS KING,0.2196,0.236,0.5444
CLUBS EIGHT HEARTS ACE,0.3582,0.0048,0.637
CLUBS NINE SPADES THREE,0.6348,0.0088,0.3564
CLUBS NINE SPADES TWO,0.6424,0.0066,0.351
CLUBS NINE SPADES FIVE,0.615,0.0084,0.3766
CLUBS NINE SPADES FOUR,0.6262,0.0066,0.3672
CLUBS NINE SPADES SEVEN,0.6856,0.035,0.2794
CLUBS NINE SPADES SIX,0.6134,0.0078,0.3788
CLUBS NINE SPADES NINE,0.301,0.0106,0.6884
CLUBS TEN HEARTS EIGHT,0.569,0.0082,0.4228
CLUBS NINE SPADES EIGHT,0.5612,0.0036,0.4352
CLUBS JACK HEARTS EIGHT,0.5758,0.0064,0.4178
HEARTS EIGHT CLUBS QUEEN,0.593,0.0066,0.4004
CLUBS KING HEARTS EIGHT,0.2158,0.2342,0.55
CLUBS ACE HEARTS EIGHT,0.3582,0.0044,0.6374
SPADES KING CLUBS KING,0.0756,0.0138,0.9106
SPADES QUEEN CLUBS KING,0.2398,0.064,0.6962
SPADES ACE CLUBS KING,0.2372,0.0118,0.751
DIAMONDS ACE HEARTS TEN,0.3494,0.0052,0.6454
HEARTS FOUR HEARTS TEN,0.5846,0.0106,0.4048
DIAMONDS ACE HEARTS JACK,0.3366,0.0048,0.6586
HEARTS FOUR HEARTS JACK,0.589,0.0092,0.4018
SPADES KING CLUBS FIVE,0.467,0.3058,0.2272
SPADES QUEEN CLUBS FIVE,0.6226,0.0078,0.3696
SPADES ACE CLUBS FIVE,0.3852,0.0032,0.6116
HEARTS SEVEN DIAMONDS JACK,0.715,0.0344,0.2506
HEARTS SIX DIAMONDS JACK,0.6344,0.0082,0.3574
DIAMONDS JACK HEARTS NINE,0.5616,0.0058,0.4326
DIAMONDS JACK HEARTS EIGHT,0.5878,0.008,0.4042
HEARTS THREE DIAMONDS JACK,0.6248,0.008,0.3672
SPADES ACE SPADES SIX,0.3548,0.003,0.6422
HEARTS ACE SPADES FOUR,0.3884,0.0042,0.6074
DIAMONDS QUEEN DIAMONDS JACK,0.5284,0.0068,0.4648
HEARTS TWO DIAMONDS JACK,0.6424,0.0088,0.3488
HEARTS FIVE DIAMONDS JACK,0.6308,0.007,0.3622
SPADES QUEEN SPADES SIX,0.583,0.0076,0.4094
SPADES FOUR HEARTS QUEEN,0.6124,0.0078,0.3798
DIAMONDS ACE DIAMONDS JACK,0.3426,0.005,0.6524
HEARTS FOUR DIAMONDS JACK,0.627,0.0086,0.3644
SPADES KING SPADES SIX,0.4466,0.2818,0.2716
SPADES FOUR HEARTS KING,0.4678,0.2968,0.2354
SPADES TEN SPADES SIX,0.5904,0.0062,0.4034
SPADES JACK SPADES SIX,0.603,0.0066,0.3904
SPADES FOUR DIAMONDS JACK,0.6462,0.0086,0.3452
SPADES FIVE DIAMONDS JACK,0.632,0.0062,0.3618
DIAMONDS JACK SPADES TWO,0.6394,0.0076,0.353
DIAMONDS JACK SPADES THREE,0.6332,0.0078,0.359
SPADES ACE DIAMONDS THREE,0.4084,0.0046,0.587
CLUBS EIGHT DIAMONDS JACK,0.5794,0.0072,0.4134
SPADES QUEEN DIAMONDS THREE,0.6376,0.008,0.3544
SPADES KING DIAMONDS THREE,0.4776,0.308,0.2144
CLUBS NINE DIAMONDS JACK,0.5696,0.0072,0.4232
CLUBS SIX DIAMONDS JACK,0.6468,0.007,0.3462
CLUBS FOUR DIAMONDS JACK,0.6418,0.0074,0.3508
CLUBS FIVE DIAMONDS JACK,0.6302,0.0072,0.3626
CLUBS TWO DIAMONDS JACK,0.644,0.0084,0.3476
CLUBS THREE DIAMONDS JACK,0.6326,0.0062,0.3612
SPADES TEN CLUBS FIVE,0.63,0.0078,0.3622
SPADES JACK HEARTS SIX,0.6394,0.0042,0.3564
HEARTS SIX SPADES TEN,0.6244,0.007,0.3686
SPADES JACK CLUBS FIVE,0.6306,0.008,0.3614
SPADES JACK DIAMONDS THREE,0.6304,0.0092,0.3604
DIAMONDS THREE SPADES TEN,0.6234,0.0076,0.369
SPADES NINE DIAMONDS JACK,0.5682,0.007,0.4248
DIAMONDS ACE HEARTS ACE,0.1126,0.0046,0.8828
HEARTS FOUR HEARTS ACE,0.3668,0.0048,0.6284
SPADES EIGHT DIAMONDS JACK,0.581,0.007,0.412
SPADES ACE HEARTS SIX,0.3958,0.0028,0.6014
DIAMONDS ACE HEARTS KING,0.224,0.0114,0.7646
HEARTS FOUR HEARTS KING,0.444,0.2862,0.2698
SPADES SEVEN DIAMONDS JACK,0.7172,0.0382,0.2446
SPADES KING HEARTS SIX,0.4512,0.3128,0.236
DIAMONDS ACE HEARTS QUEEN,0.3416,0.0034,0.655
HEARTS FOUR HEARTS QUEEN,0.5858,0.0044,0.4098
SPADES QUEEN HEARTS SIX,0.6258,0.0068,0.3674
SPADES SIX DIAMONDS JACK,0.6404,0.0052,0.3544
DIAMONDS TEN SPADES TWO,0.6432,0.0064,0.3504
SPADES THREE DIAMONDS TEN,0.6326,0.0078,0.3596
SPADES FOUR DIAMONDS TEN,0.6416,0.0056,0.3528
SPADES FIVE DIAMONDS TEN,0.6392,0.0068,0.354
SPADES SIX DIAMONDS TEN,0.625,0.0058,0.3692
SPADES SEVEN DIAMONDS TEN,0.6978,0.0354,0.2668
SPADES EIGHT DIAMONDS TEN,0.5808,0.0066,0.4126
SPADES NINE DIAMONDS TEN,0.5602,0.0052,0.4346
CLUBS FOUR DIAMONDS TEN,0.6448,0.0094,0.3458
CLUBS FIVE DIAMONDS TEN,0.6554,0.009,0.3356
CLUBS SIX DIAMONDS TEN,0.6396,0.0072,0.3532
CLUBS EIGHT DIAMONDS TEN,0.586,0.0072,0.4068
CLUBS NINE DIAMONDS TEN,0.5474,0.009,0.4436
CLUBS JACK DIAMONDS THREE,0.6348,0.0076,0.3576
CLUBS TEN DIAMONDS THREE,0.633,0.0086,0.3584
DIAMONDS THREE CLUBS KING,0.4658,0.308,0.2262
DIAMONDS THREE CLUBS QUEEN,0.6302,0.0066,0.3632
DIAMONDS THREE CLUBS ACE,0.394,0.0042,0.6018
SPADES FOUR HEARTS JACK,0.6304,0.0074,0.3622
SPADES FOUR HEARTS TEN,0.6312,0.0078,0.361
SPADES FIVE SPADES TWO,0.5976,0.007,0.3954
SPADES FOUR SPADES TWO,0.5978,0.007,0.3952
SPADES THREE SPADES TWO,0.6098,0.008,0.3822
SPADES NINE SPADES TWO,0.6164,0.0076,0.376
SPADES EIGHT SPADES TWO,0.5986,0.0076,0.3938
SPADES SEVEN SPADES TWO,0.691,0.0398,0.2692
SPADES SIX SPADES TWO,0.6158,0.0058,0.3784
DIAMONDS QUEEN CLUBS THREE,0.642,0.0074,0.3506
CLUBS THREE HEARTS TWO,0.6516,0.0072,0.3412
DIAMONDS QUEEN CLUBS TWO,0.6372,0.0084,0.3544
HEARTS TWO CLUBS TWO,0.4498,0.017,0.5332
HEARTS SEVEN DIAMONDS QUEEN,0.7244,0.0372,0.2384
HEARTS SEVEN HEARTS TWO,0.7044,0.0408,0.2548
HEARTS SIX DIAMONDS QUEEN,0.6246,0.0066,0.3688
HEARTS SIX HEARTS TWO,0.627,0.0074,0.3656
DIAMONDS QUEEN HEARTS NINE,0.564,0.0074,0.4286
HEARTS TWO HEARTS NINE,0.591,0.007,0.402
DIAMONDS QUEEN HEARTS EIGHT,0.5956,0.007,0.3974
HEARTS TWO HEARTS EIGHT,0.6034,0.0058,0.3908
CLUBS NINE HEARTS TWO,0.6284,0.0088,0.3628
CLUBS NINE DIAMONDS QUEEN,0.5704,0.0076,0.422
CLUBS EIGHT DIAMONDS QUEEN,0.5806,0.0072,0.4122
CLUBS EIGHT HEARTS TWO,0.6284,0.0088,0.3628
CLUBS FIVE DIAMONDS QUEEN,0.6338,0.0072,0.359
CLUBS FIVE HEARTS TWO,0.647,0.0098,0.3432
SPADES EIGHT HEARTS ACE,0.3558,0.0032,0.641
DIAMONDS QUEEN CLUBS FOUR,0.6276,0.0064,0.366
CLUBS FOUR HEARTS TWO,0.6484,0.008,0.3436
SPADES EIGHT HEARTS QUEEN,0.584,0.0038,0.4122
CLUBS SIX DIAMONDS QUEEN,0.6402,0.0064,0.3534
CLUBS SIX HEARTS TWO,0.663,0.0082,0.3288
SPADES EIGHT HEARTS KING,0.2384,0.229,0.5326
HEARTS TWO SPADES SIX,0.6616,0.005,0.3334
DIAMONDS QUEEN SPADES SIX,0.641,0.0068,0.3522
HEARTS FOUR CLUBS QUEEN,0.6336,0.0086,0.3578
DIAMONDS ACE CLUBS QUEEN,0.3492,0.0048,0.646
DIAMONDS QUEEN SPADES SEVEN,0.7228,0.0386,0.2386
SPADES SEVEN HEARTS TWO,0.74,0.0388,0.2212
HEARTS FOUR CLUBS KING,0.4658,0.302,0.2322
DIAMONDS ACE CLUBS KING,0.2188,0.0144,0.7668
DIAMONDS QUEEN SPADES EIGHT,0.5944,0.0056,0.4
SPADES EIGHT HEARTS TWO,0.6414,0.0074,0.3512
HEARTS FOUR CLUBS ACE,0.3874,0.0054,0.6072
DIAMONDS ACE CLUBS ACE,0.1156,0.0028,0.8816
SPADES NINE DIAMONDS QUEEN,0.5706,0.0072,0.4222
SPADES NINE HEARTS TWO,0.636,0.007,0.357
HEARTS TWO SPADES TWO,0.4578,0.0126,0.5296
DIAMONDS QUEEN SPADES TWO,0.6364,0.0078,0.3558
HEARTS TWO SPADES THREE,0.6458,0.0098,0.3444
DIAMONDS QUEEN SPADES THREE,0.6304,0.0068,0.3628
HEARTS TWO SPADES FOUR,0.6384,0.007,0.3546
DIAMONDS QUEEN SPADES FOUR,0.6252,0.0088,0.366
CLUBS TEN HEARTS FOUR,0.6194,0.0078,0.3728
CLUBS TEN DIAMONDS ACE,0.3476,0.0044,0.648
HEARTS TWO SPADES FIVE,0.6478,0.0092,0.343
DIAMONDS QUEEN SPADES FIVE,0.631,0.008,0.361
CLUBS JACK HEARTS FOUR,0.6374,0.0062,0.3564
CLUBS JACK DIAMONDS ACE,0.3468,0.004,0.6492
CLUBS FIVE CLUBS KING,0.4486,0.2878,0.2636
CLUBS FIVE CLUBS QUEEN,0.5962,0.009,0.3948
CLUBS FIVE CLUBS ACE,0.3776,0.0064,0.616
CLUBS JACK CLUBS FIVE,0.5852,0.0074,0.4074
CLUBS TEN CLUBS FIVE,0.6064,0.007,0.3866
SPADES KING CLUBS JACK,0.2302,0.0938,0.676
CLUBS JACK SPADES QUEEN,0.5516,0.0058,0.4426
SPADES ACE CLUBS JACK,0.3488,0.003,0.6482
SPADES SIX CLUBS KING,0.4774,0.2984,0.2242
SPADES SIX CLUBS QUEEN,0.627,0.0058,0.3672
SPADES EIGHT HEARTS JACK,0.589,0.0084,0.4026
SPADES SIX CLUBS ACE,0.3928,0.005,0.6022
SPADES EIGHT HEARTS TEN,0.571,0.0058,0.4232
CLUBS JACK SPADES SIX,0.6378,0.0066,0.3556
CLUBS TEN SPADES SIX,0.6262,0.0054,0.3684
CLUBS JACK SPADES TEN,0.5424,0.0078,0.4498
CLUBS JACK SPADES JACK,0.2892,0.007,0.7038
SPADES SIX HEARTS TEN,0.6212,0.0056,0.3732
SPADES SIX HEARTS JACK,0.638,0.0056,0.3564
SPADES SIX HEARTS ACE,0.3978,0.0022,0.6
SPADES SIX HEARTS KING,0.4706,0.3076,0.2218
SPADES SIX HEARTS QUEEN,0.6302,0.0062,0.3636
CLUBS TEN HEARTS SIX,0.6156,0.0064,0.378
CLUBS JACK HEARTS SIX,0.6266,0.0084,0.365
CLUBS JACK CLUBS ACE,0.3406,0.0048,0.6546
HEARTS SIX CLUBS QUEEN,0.6302,0.0074,0.3624
HEARTS SIX CLUBS KING,0.4704,0.3046,0.225
HEARTS SIX CLUBS ACE,0.3786,0.0048,0.6166
CLUBS JACK CLUBS QUEEN,0.5214,0.0076,0.471
CLUBS JACK CLUBS KING,0.2296,0.0794,0.691
DIAMONDS THREE HEARTS ACE,0.3962,0.004,0.5998
DIAMONDS THREE HEARTS QUEEN,0.64,0.0034,0.3566
DIAMONDS THREE HEARTS KING,0.4688,0.3064,0.2248
CLUBS FIVE HEARTS JACK,0.6208,0.0062,0.373
SPADES TEN DIAMONDS ACE,0.342,0.005,0.653
HEARTS FOUR SPADES TEN,0.6316,0.006,0.3624
CLUBS FIVE HEARTS TEN,0.6276,0.0084,0.364
HEARTS FOUR SPADES JACK,0.633,0.0076,0.3594
SPADES JACK DIAMONDS ACE,0.3432,0.003,0.6538
SPADES ACE HEARTS FOUR,0.399,0.0032,0.5978
SPADES ACE DIAMONDS ACE,0.1282,0.0036,0.8682
CLUBS FIVE HEARTS ACE,0.3854,0.0054,0.6092
CLUBS FIVE HEARTS KING,0.48,0.2976,0.2224
HEARTS FOUR SPADES QUEEN,0.6352,0.0064,0.3584
SPADES QUEEN DIAMONDS ACE,0.3524,0.003,0.6446
CLUBS JACK SPADES FOUR,0.6322,0.0088,0.359
CLUBS FIVE HEARTS QUEEN,0.612,0.0058,0.3822
SPADES KING DIAMONDS ACE,0.2276,0.0126,0.7598
SPADES KING HEARTS FOUR,0.4724,0.2906,0.237
CLUBS TEN SPADES FOUR,0.628,0.0062,0.3658
DIAMONDS ACE DIAMONDS QUEEN,0.333,0.0044,0.6626
DIAMONDS ACE HEARTS TWO,0.3926,0.0064,0.601
HEARTS FOUR DIAMONDS QUEEN,0.641,0.0088,0.3502
HEARTS FOUR HEARTS TWO,0.6038,0.0086,0.3876
DIAMONDS THREE HEARTS TEN,0.6326,0.007,0.3604
SPADES FOUR CLUBS KING,0.4652,0.2984,0.2364
HEARTS FIVE DIAMONDS QUEEN,0.6374,0.0078,0.3548
HEARTS FIVE HEARTS TWO,0.6028,0.0092,0.388
DIAMONDS THREE HEARTS JACK,0.6356,0.0076,0.3568
SPADES FOUR CLUBS QUEEN,0.627,0.0076,0.3654
DIAMONDS QUEEN HEARTS TWO,0.6536,0.0076,0.3388
DIAMONDS QUEEN HEARTS THREE,0.6264,0.0056,0.368
HEARTS THREE HEARTS TWO,0.6124,0.0076,0.38
SPADES FOUR CLUBS ACE,0.3912,0.0048,0.604
HEARTS TWO CLUBS ACE,0.3864,0.0048,0.6088
DIAMONDS QUEEN CLUBS ACE,0.3606,0.006,0.6334
HEARTS TWO CLUBS QUEEN,0.6342,0.008,0.3578
DIAMONDS QUEEN CLUBS QUEEN,0.2776,0.0044,0.718
HEARTS TWO CLUBS KING,0.4756,0.3026,0.2218
DIAMONDS QUEEN CLUBS KING,0.24,0.068,0.692
SPADES EIGHT SPADES FIVE,0.5818,0.0082,0.41
CLUBS TEN HEARTS TWO,0.627,0.0096,0.3634
CLUBS TEN DIAMONDS QUEEN,0.5438,0.006,0.4502
SPADES NINE SPADES FIVE,0.5786,0.0048,0.4166
CLUBS JACK HEARTS TWO,0.6338,0.0058,0.3604
CLUBS JACK DIAMONDS QUEEN,0.5486,0.0072,0.4442
SPADES SIX SPADES FIVE,0.5758,0.0074,0.4168
SPADES SEVEN SPADES FIVE,0.6486,0.0354,0.316
DIAMONDS FIVE CLUBS QUEEN,0.6226,0.0064,0.371
SPADES EIGHT CLUBS ACE,0.3524,0.005,0.6426
DIAMONDS FIVE CLUBS KING,0.4674,0.3064,0.2262
SPADES EIGHT CLUBS KING,0.2174,0.2344,0.5482
DIAMONDS FIVE CLUBS ACE,0.3832,0.0052,0.6116
SPADES EIGHT CLUBS QUEEN,0.5854,0.0042,0.4104
CLUBS JACK SPADES EIGHT,0.5848,0.008,0.4072
CLUBS TEN SPADES EIGHT,0.5652,0.0048,0.43
CLUBS TEN DIAMONDS FIVE,0.6292,0.0078,0.363
CLUBS JACK DIAMONDS FIVE,0.6384,0.0086,0.353
DIAMONDS TEN HEARTS JACK,0.5462,0.0064,0.4474
DIAMONDS TEN HEARTS TEN,0.2888,0.0072,0.704
SPADES ACE CLUBS NINE,0.3594,0.0028,0.6378
SPADES QUEEN CLUBS NINE,0.5732,0.007,0.4198
SPADES KING CLUBS NINE,0.2294,0.163,0.6076
HEARTS SIX HEARTS KING,0.4466,0.2816,0.2718
HEARTS THREE SPADES SEVEN,0.7156,0.0396,0.2448
SPADES KING DIAMONDS SEVEN,0.0182,0.9718,0.01
HEARTS SIX HEARTS QUEEN,0.5946,0.0056,0.3998
SPADES QUEEN DIAMONDS SEVEN,0.7284,0.0362,0.2354
HEARTS THREE SPADES SIX,0.643,0.0078,0.3492
