opposingHand,winningChance,drawChance,lostChance
CLUBS ACE DIAMONDS SIX
HEARTS FIVE SPADES TEN,0.6474,0.0036,0.349
HEARTS FIVE SPADES JACK,0.6278,0.0044,0.3678
SPADES FIVE CLUBS JACK,0.631,0.0036,0.3654
CLUBS TEN SPADES FIVE,0.6504,0.0056,0.344
CLUBS EIGHT CLUBS JACK,0.5458,0.003,0.4512
CLUBS TEN CLUBS EIGHT,0.5456,0.0038,0.4506
CLUBS EIGHT CLUBS KING,0.572,0.0058,0.4222
CLUBS EIGHT CLUBS QUEEN,0.5706,0.0028,0.4266
SPADES FIVE CLUBS KING,0.6364,0.0036,0.36
SPADES FIVE CLUBS QUEEN,0.6304,0.003,0.3666
DIAMONDS TWO DIAMONDS THREE,0.627,0.0058,0.3672
DIAMONDS TWO DIAMONDS FIVE,0.63,0.004,0.366
HEARTS FIVE SPADES KING,0.64,0.0034,0.3566
DIAMONDS TWO DIAMONDS FOUR,0.6256,0.0054,0.369
HEARTS FIVE SPADES QUEEN,0.6332,0.0024,0.3644
DIAMONDS TWO DIAMONDS SEVEN,0.6152,0.0048,0.38
SPADES ACE HEARTS FIVE,0.3854,0.3676,0.247
DIAMONDS TWO DIAMONDS NINE,0.6114,0.005,0.3836
DIAMONDS TWO DIAMONDS EIGHT,0.6076,0.0062,0.3862
DIAMONDS THREE DIAMONDS FOUR,0.6046,0.007,0.3884
CLUBS TWO SPADES FOUR,0.6548,0.0078,0.3374
DIAMONDS THREE DIAMONDS FIVE,0.5968,0.0062,0.397
SPADES FIVE CLUBS TWO,0.657,0.0062,0.3368
CLUBS TWO SPADES TWO,0.4648,0.009,0.5262
CLUBS TWO SPADES THREE,0.649,0.0062,0.3448
DIAMONDS THREE DIAMONDS EIGHT,0.6044,0.0042,0.3914
SPADES EIGHT CLUBS TWO,0.6356,0.0064,0.358
DIAMONDS THREE DIAMONDS NINE,0.6022,0.0044,0.3934
SPADES NINE CLUBS TWO,0.6556,0.0038,0.3406
SPADES SIX CLUBS TWO,0.7394,0.0264,0.2342
DIAMONDS THREE DIAMONDS SEVEN,0.5962,0.0048,0.399
SPADES SEVEN CLUBS TWO,0.6528,0.0042,0.343
CLUBS SIX CLUBS TWO,0.7044,0.0308,0.2648
CLUBS SEVEN CLUBS TWO,0.6094,0.0056,0.385
CLUBS FOUR CLUBS TWO,0.6158,0.0064,0.3778
CLUBS FIVE CLUBS TWO,0.6226,0.0046,0.3728
CLUBS TEN CLUBS JACK,0.5364,0.0048,0.4588
CLUBS TEN CLUBS QUEEN,0.54,0.0024,0.4576
DIAMONDS FOUR DIAMONDS SEVEN,0.5754,0.0058,0.4188
CLUBS TEN CLUBS KING,0.5398,0.0052,0.455
CLUBS EIGHT CLUBS TWO,0.6156,0.0056,0.3788
DIAMONDS FIVE DIAMONDS FOUR,0.6006,0.0044,0.395
CLUBS NINE CLUBS TWO,0.6198,0.0058,0.3744
DIAMONDS NINE DIAMONDS FOUR,0.61,0.0058,0.3842
DIAMONDS FOUR DIAMONDS EIGHT,0.5928,0.0056,0.4016
CLUBS THREE CLUBS TWO,0.6204,0.0034,0.3762
DIAMONDS NINE DIAMONDS FIVE,0.5848,0.0036,0.4116
DIAMONDS TWO CLUBS JACK,0.6584,0.005,0.3366
DIAMONDS FIVE DIAMONDS EIGHT,0.5966,0.0046,0.3988
CLUBS TEN DIAMONDS TWO,0.6444,0.0038,0.3518
DIAMONDS FIVE DIAMONDS SEVEN,0.571,0.0046,0.4244
DIAMONDS TWO CLUBS KING,0.6436,0.007,0.3494
DIAMONDS TWO CLUBS QUEEN,0.6526,0.0052,0.3422
HEARTS ACE SPADES THREE,0.3754,0.3762,0.2484
SPADES THREE HEARTS KING,0.6302,0.0046,0.3652
HEARTS QUEEN SPADES THREE,0.6392,0.0038,0.357
SPADES THREE HEARTS JACK,0.6344,0.0046,0.361
SPADES THREE HEARTS TEN,0.6334,0.004,0.3626
DIAMONDS EIGHT DIAMONDS SEVEN,0.5342,0.005,0.4608
DIAMONDS NINE DIAMONDS SEVEN,0.5556,0.0034,0.441
DIAMONDS NINE DIAMONDS EIGHT,0.5384,0.0034,0.4582
DIAMONDS KING HEARTS TEN,0.562,0.0034,0.4346
HEARTS THREE HEARTS TEN,0.5844,0.0052,0.4104
SPADES JACK CLUBS SIX,0.752,0.0262,0.2218
DIAMONDS KING HEARTS JACK,0.5744,0.0038,0.4218
HEARTS THREE HEARTS JACK,0.5894,0.005,0.4056
SPADES TEN CLUBS SIX,0.7286,0.0246,0.2468
SPADES JACK SPADES FIVE,0.5736,0.0026,0.4238
SPADES TEN SPADES FIVE,0.6,0.005,0.395
DIAMONDS KING HEARTS ACE,0.248,0.0442,0.7078
HEARTS THREE HEARTS ACE,0.3564,0.3648,0.2788
SPADES ACE CLUBS SIX,0.0196,0.97,0.0104
DIAMONDS KING HEARTS QUEEN,0.5702,0.0058,0.424
HEARTS THREE HEARTS QUEEN,0.5992,0.0046,0.3962
SPADES KING CLUBS SIX,0.7564,0.0244,0.2192
DIAMONDS KING HEARTS KING,0.2832,0.0044,0.7124
HEARTS THREE HEARTS KING,0.5982,0.004,0.3978
SPADES QUEEN CLUBS SIX,0.7404,0.0274,0.2322
SPADES NINE HEARTS TEN,0.5656,0.004,0.4304
SPADES NINE HEARTS JACK,0.5618,0.003,0.4352
SPADES QUEEN SPADES FIVE,0.5946,0.0036,0.4018
SPADES KING SPADES FIVE,0.5834,0.0046,0.412
SPADES ACE SPADES FIVE,0.365,0.3572,0.2778
SPADES NINE HEARTS QUEEN,0.587,0.0028,0.4102
SPADES NINE HEARTS KING,0.5872,0.0026,0.4102
SPADES NINE HEARTS ACE,0.233,0.165,0.602
CLUBS TEN SPADES JACK,0.558,0.0034,0.4386
CLUBS TEN SPADES TEN,0.3214,0.0038,0.6748
SPADES ACE CLUBS TEN,0.2346,0.1128,0.6526
SPADES KING CLUBS TEN,0.5752,0.0038,0.421
CLUBS TEN SPADES QUEEN,0.5644,0.0036,0.432
SPADES FIVE HEARTS QUEEN,0.634,0.0036,0.3624
SPADES FIVE HEARTS KING,0.6372,0.0036,0.3592
HEARTS ACE SPADES FIVE,0.3682,0.3752,0.2566
CLUBS EIGHT SPADES TEN,0.572,0.0034,0.4246
SPADES JACK HEARTS THREE,0.6386,0.0028,0.3586
SPADES JACK DIAMONDS KING,0.576,0.004,0.42
SPADES TEN DIAMONDS KING,0.5622,0.0032,0.4346
SPADES TEN HEARTS THREE,0.6228,0.0038,0.3734
SPADES JACK CLUBS EIGHT,0.587,0.0044,0.4086
CLUBS SIX HEARTS ACE,0.0194,0.9686,0.012
SPADES ACE CLUBS EIGHT,0.2276,0.2264,0.546
HEARTS FIVE CLUBS JACK,0.64,0.004,0.356
HEARTS FIVE CLUBS TEN,0.6364,0.0032,0.3604
CLUBS SIX HEARTS QUEEN,0.732,0.035,0.233
SPADES QUEEN CLUBS EIGHT,0.5922,0.0042,0.4036
CLUBS TEN SPADES THREE,0.6316,0.0034,0.365
CLUBS SIX HEARTS KING,0.7464,0.029,0.2246
SPADES KING CLUBS EIGHT,0.6194,0.0026,0.378
SPADES THREE CLUBS JACK,0.6352,0.005,0.3598
DIAMONDS TWO HEARTS JACK,0.6392,0.0042,0.3566
SPADES THREE CLUBS QUEEN,0.6376,0.0044,0.358
DIAMONDS TWO HEARTS TEN,0.6358,0.0058,0.3584
SPADES THREE CLUBS KING,0.6404,0.0044,0.3552
SPADES FIVE HEARTS TEN,0.642,0.0038,0.3542
HEARTS FIVE CLUBS KING,0.6322,0.0046,0.3632
SPADES FIVE HEARTS JACK,0.6266,0.004,0.3694
HEARTS FIVE CLUBS QUEEN,0.6358,0.006,0.3582
HEARTS THREE CLUBS KING,0.648,0.0046,0.3474
DIAMONDS KING CLUBS KING,0.2828,0.0048,0.7124
HEARTS THREE CLUBS QUEEN,0.642,0.0062,0.3518
DIAMONDS KING CLUBS QUEEN,0.5734,0.003,0.4236
HEARTS FIVE HEARTS JACK,0.5896,0.0034,0.407
HEARTS FIVE HEARTS TEN,0.5896,0.0038,0.4066
SPADES ACE CLUBS QUEEN,0.241,0.054,0.705
SPADES KING CLUBS QUEEN,0.5676,0.0052,0.4272
HEARTS THREE CLUBS JACK,0.635,0.0028,0.3622
DIAMONDS KING CLUBS JACK,0.5662,0.0058,0.428
SPADES QUEEN CLUBS QUEEN,0.299,0.0024,0.6986
CLUBS TEN HEARTS THREE,0.6362,0.0044,0.3594
CLUBS TEN DIAMONDS KING,0.5806,0.006,0.4134
SPADES JACK CLUBS QUEEN,0.5586,0.0038,0.4376
CLUBS SIX CLUBS QUEEN,0.7104,0.03,0.2596
SPADES TEN CLUBS QUEEN,0.5566,0.0044,0.439
CLUBS SIX CLUBS KING,0.7132,0.031,0.2558
HEARTS FIVE HEARTS KING,0.601,0.0044,0.3946
HEARTS FIVE HEARTS QUEEN,0.5976,0.0038,0.3986
CLUBS TEN CLUBS SIX,0.6922,0.0262,0.2816
HEARTS FIVE HEARTS ACE,0.3576,0.3576,0.2848
CLUBS SIX CLUBS JACK,0.7082,0.0232,0.2686
SPADES SEVEN HEARTS JACK,0.5982,0.0026,0.3992
SPADES SEVEN HEARTS TEN,0.5882,0.0014,0.4104
DIAMONDS TWO CLUBS TWO,0.4686,0.0078,0.5236
DIAMONDS TWO CLUBS THREE,0.6668,0.007,0.3262
DIAMONDS TWO HEARTS SIX,0.7356,0.0286,0.2358
DIAMONDS TWO HEARTS QUEEN,0.643,0.0036,0.3534
HEARTS SEVEN DIAMONDS TWO,0.6546,0.0044,0.341
DIAMONDS TWO HEARTS KING,0.6302,0.0062,0.3636
DIAMONDS TWO HEARTS EIGHT,0.6348,0.0054,0.3598
DIAMONDS TWO HEARTS ACE,0.3646,0.3888,0.2466
DIAMONDS TWO HEARTS NINE,0.6404,0.0038,0.3558
DIAMONDS TWO DIAMONDS QUEEN,0.6086,0.004,0.3874
DIAMONDS TWO HEARTS TWO,0.4718,0.0072,0.521
DIAMONDS TWO DIAMONDS KING,0.6262,0.0046,0.3692
DIAMONDS TWO HEARTS THREE,0.6552,0.0038,0.341
DIAMONDS TWO DIAMONDS ACE,0.3612,0.3764,0.2624
HEARTS FOUR DIAMONDS TWO,0.6504,0.0056,0.344
HEARTS FIVE DIAMONDS TWO,0.651,0.0038,0.3452
SPADES SEVEN HEARTS ACE,0.2264,0.3026,0.471
DIAMONDS TWO DIAMONDS TEN,0.6004,0.0032,0.3964
SPADES SEVEN HEARTS KING,0.6028,0.0026,0.3946
DIAMONDS TWO DIAMONDS JACK,0.602,0.004,0.394
SPADES SEVEN HEARTS QUEEN,0.5966,0.0034,0.4
DIAMONDS TWO SPADES NINE,0.6416,0.006,0.3524
DIAMONDS TWO SPADES EIGHT,0.6318,0.0052,0.363
DIAMONDS TWO SPADES SEVEN,0.6602,0.0044,0.3354
DIAMONDS TWO SPADES SIX,0.7474,0.0286,0.224
DIAMONDS TWO SPADES FIVE,0.6548,0.0042,0.341
DIAMONDS TWO SPADES FOUR,0.6546,0.0064,0.339
DIAMONDS TWO SPADES THREE,0.656,0.006,0.338
DIAMONDS TWO SPADES TWO,0.4724,0.0052,0.5224
CLUBS NINE DIAMONDS TWO,0.6356,0.0018,0.3626
DIAMONDS TWO CLUBS EIGHT,0.6466,0.004,0.3494
CLUBS SEVEN DIAMONDS TWO,0.6508,0.0056,0.3436
DIAMONDS TWO CLUBS SIX,0.7534,0.0262,0.2204
DIAMONDS TWO CLUBS FIVE,0.67,0.0054,0.3246
DIAMONDS TWO CLUBS FOUR,0.6582,0.0064,0.3354
CLUBS FOUR SPADES FIVE,0.6208,0.0044,0.3748
CLUBS FOUR SPADES FOUR,0.4544,0.0058,0.5398
CLUBS FOUR SPADES THREE,0.6334,0.0062,0.3604
CLUBS FOUR SPADES TWO,0.6586,0.0074,0.334
SPADES NINE CLUBS FOUR,0.6514,0.0048,0.3438
SPADES EIGHT CLUBS FOUR,0.632,0.0036,0.3644
SPADES SEVEN CLUBS FOUR,0.6278,0.0038,0.3684
CLUBS FOUR SPADES SIX,0.7202,0.028,0.2518
SPADES QUEEN SPADES TWO,0.5838,0.0052,0.411
SPADES KING SPADES TWO,0.5958,0.0048,0.3994
SPADES ACE SPADES TWO,0.362,0.3498,0.2882
DIAMONDS JACK CLUBS JACK,0.3024,0.0042,0.6934
CLUBS TEN DIAMONDS JACK,0.5502,0.0056,0.4442
DIAMONDS JACK CLUBS KING,0.5768,0.0044,0.4188
DIAMONDS JACK CLUBS QUEEN,0.5624,0.0032,0.4344
DIAMONDS THREE DIAMONDS JACK,0.5858,0.006,0.4082
DIAMONDS THREE DIAMONDS TEN,0.6034,0.0044,0.3922
DIAMONDS THREE DIAMONDS KING,0.6086,0.0058,0.3856
DIAMONDS THREE HEARTS THREE,0.4438,0.0046,0.5516
DIAMONDS THREE DIAMONDS QUEEN,0.6094,0.0046,0.386
DIAMONDS THREE HEARTS TWO,0.6472,0.004,0.3488
HEARTS FIVE DIAMONDS THREE,0.643,0.0054,0.3516
DIAMONDS THREE DIAMONDS ACE,0.3622,0.359,0.2788
HEARTS FOUR DIAMONDS THREE,0.6488,0.0052,0.346
HEARTS SEVEN DIAMONDS THREE,0.6352,0.0052,0.3596
SPADES TEN SPADES NINE,0.5242,0.0042,0.4716
HEARTS SIX DIAMONDS THREE,0.7154,0.0304,0.2542
SPADES JACK SPADES NINE,0.5274,0.0054,0.4672
DIAMONDS THREE HEARTS NINE,0.6424,0.0044,0.3532
HEARTS JACK DIAMONDS FOUR,0.6344,0.0058,0.3598
HEARTS ACE HEARTS KING,0.229,0.0386,0.7324
SPADES TEN SPADES TWO,0.6004,0.0052,0.3944
DIAMONDS THREE HEARTS EIGHT,0.6484,0.0048,0.3468
HEARTS TEN DIAMONDS FOUR,0.6426,0.0026,0.3548
SPADES JACK SPADES TWO,0.5818,0.0038,0.4144
HEARTS QUEEN DIAMONDS FOUR,0.641,0.0034,0.3556
HEARTS KING DIAMONDS FOUR,0.6432,0.0048,0.352
SPADES ACE SPADES NINE,0.2334,0.1548,0.6118
HEARTS ACE DIAMONDS FOUR,0.3744,0.3758,0.2498
SPADES KING SPADES NINE,0.539,0.0048,0.4562
SPADES QUEEN SPADES NINE,0.5394,0.0048,0.4558
DIAMONDS THREE SPADES NINE,0.6424,0.0064,0.3512
DIAMONDS THREE SPADES EIGHT,0.6432,0.0034,0.3534
DIAMONDS THREE SPADES SEVEN,0.6434,0.004,0.3526
DIAMONDS THREE SPADES SIX,0.7344,0.031,0.2346
DIAMONDS THREE CLUBS SIX,0.7298,0.0316,0.2386
CLUBS FIVE CLUBS SIX,0.6654,0.0244,0.3102
CLUBS SEVEN DIAMONDS THREE,0.6522,0.005,0.3428
CLUBS SEVEN CLUBS FIVE,0.5926,0.006,0.4014
DIAMONDS THREE CLUBS FOUR,0.6404,0.007,0.3526
DIAMONDS FOUR CLUBS QUEEN,0.646,0.0046,0.3494
DIAMONDS THREE CLUBS FIVE,0.6408,0.0066,0.3526
CLUBS KING DIAMONDS FOUR,0.6374,0.006,0.3566
DIAMONDS THREE CLUBS TWO,0.6608,0.008,0.3312
CLUBS TEN DIAMONDS FOUR,0.6434,0.0046,0.352
DIAMONDS THREE CLUBS THREE,0.4692,0.005,0.5258
DIAMONDS FOUR CLUBS JACK,0.6306,0.0036,0.3658
DIAMONDS THREE SPADES FOUR,0.6428,0.005,0.3522
DIAMONDS THREE SPADES FIVE,0.6236,0.0038,0.3726
DIAMONDS THREE SPADES TWO,0.6516,0.0058,0.3426
DIAMONDS THREE SPADES THREE,0.476,0.0056,0.5184
CLUBS EIGHT DIAMONDS THREE,0.6536,0.0052,0.3412
CLUBS NINE DIAMONDS THREE,0.6422,0.0062,0.3516
SPADES SEVEN CLUBS QUEEN,0.616,0.0046,0.3794
SPADES SEVEN CLUBS KING,0.6046,0.004,0.3914
CLUBS FIVE SPADES SEVEN,0.6196,0.0052,0.3752
CLUBS TEN SPADES SEVEN,0.5962,0.0046,0.3992
CLUBS FIVE SPADES SIX,0.6908,0.0274,0.2818
SPADES SEVEN CLUBS JACK,0.5922,0.004,0.4038
CLUBS FIVE SPADES NINE,0.6398,0.0044,0.3558
CLUBS FIVE SPADES EIGHT,0.613,0.0054,0.3816
CLUBS FIVE SPADES THREE,0.6326,0.0038,0.3636
CLUBS FIVE SPADES TWO,0.6558,0.004,0.3402
CLUBS FIVE SPADES FIVE,0.4452,0.0056,0.5492
CLUBS FIVE SPADES FOUR,0.623,0.005,0.372
CLUBS NINE CLUBS FIVE,0.6074,0.0068,0.3858
CLUBS EIGHT CLUBS FIVE,0.5884,0.0044,0.4072
CLUBS KING CLUBS QUEEN,0.5562,0.0056,0.4382
DIAMONDS TEN DIAMONDS FOUR,0.588,0.0078,0.4042
CLUBS TEN DIAMONDS NINE,0.5596,0.0044,0.436
DIAMONDS JACK DIAMONDS FOUR,0.598,0.005,0.397
DIAMONDS NINE CLUBS JACK,0.5582,0.0032,0.4386
SPADES NINE CLUBS JACK,0.5708,0.0052,0.424
CLUBS TEN SPADES NINE,0.555,0.0036,0.4414
DIAMONDS ACE DIAMONDS FOUR,0.3586,0.3586,0.2828
HEARTS FOUR DIAMONDS FOUR,0.457,0.0052,0.5378
DIAMONDS JACK HEARTS TEN,0.5416,0.0046,0.4538
SPADES NINE CLUBS KING,0.5844,0.0056,0.41
DIAMONDS TWO SPADES TEN,0.6406,0.0052,0.3542
HEARTS FIVE DIAMONDS FOUR,0.616,0.0052,0.3788
DIAMONDS JACK HEARTS JACK,0.2984,0.004,0.6976
SPADES NINE CLUBS QUEEN,0.5854,0.0042,0.4104
DIAMONDS TWO SPADES JACK,0.6344,0.005,0.3606
DIAMONDS QUEEN DIAMONDS FOUR,0.6066,0.0048,0.3886
HEARTS TWO DIAMONDS FOUR,0.6538,0.0052,0.341
DIAMONDS NINE CLUBS QUEEN,0.5764,0.0046,0.419
DIAMONDS KING DIAMONDS FOUR,0.6012,0.0068,0.392
HEARTS THREE DIAMONDS FOUR,0.6434,0.0044,0.3522
DIAMONDS NINE CLUBS KING,0.5938,0.0054,0.4008
HEARTS ACE DIAMONDS JACK,0.2286,0.0802,0.6912
SPADES ACE DIAMONDS TWO,0.366,0.3932,0.2408
HEARTS QUEEN DIAMONDS JACK,0.5646,0.0044,0.431
SPADES QUEEN DIAMONDS TWO,0.6362,0.0038,0.36
HEARTS KING DIAMONDS JACK,0.5778,0.0048,0.4174
SPADES KING DIAMONDS TWO,0.6372,0.0048,0.358
SPADES JACK SPADES SEVEN,0.5538,0.0046,0.4416
SPADES TEN SPADES SEVEN,0.5488,0.0028,0.4484
CLUBS SEVEN CLUBS THREE,0.608,0.0042,0.3878
CLUBS SIX CLUBS THREE,0.6978,0.027,0.2752
CLUBS FIVE CLUBS THREE,0.5878,0.0054,0.4068
CLUBS THREE CLUBS FOUR,0.618,0.004,0.378
CLUBS NINE CLUBS THREE,0.6042,0.0052,0.3906
CLUBS EIGHT CLUBS THREE,0.6152,0.0052,0.3796
CLUBS THREE SPADES FIVE,0.6458,0.0044,0.3498
CLUBS THREE SPADES FOUR,0.6372,0.0054,0.3574
CLUBS THREE SPADES THREE,0.4594,0.0048,0.5358
CLUBS THREE SPADES TWO,0.6506,0.006,0.3434
CLUBS THREE SPADES SIX,0.7236,0.0274,0.249
CLUBS THREE SPADES SEVEN,0.6316,0.0068,0.3616
SPADES EIGHT CLUBS THREE,0.644,0.004,0.352
SPADES NINE CLUBS THREE,0.6374,0.0056,0.357
SPADES TWO DIAMONDS FOUR,0.663,0.0054,0.3316
SPADES THREE DIAMONDS FOUR,0.651,0.0044,0.3446
SPADES FOUR DIAMONDS FOUR,0.4654,0.004,0.5306
SPADES FIVE DIAMONDS FOUR,0.6158,0.0056,0.3786
SPADES SIX DIAMONDS FOUR,0.701,0.0266,0.2724
SPADES SEVEN DIAMONDS FOUR,0.6216,0.0038,0.3746
SPADES EIGHT DIAMONDS FOUR,0.6322,0.0046,0.3632
SPADES NINE DIAMONDS FOUR,0.6392,0.0038,0.357
CLUBS FIVE DIAMONDS FOUR,0.6322,0.0048,0.363
CLUBS FOUR DIAMONDS FOUR,0.4586,0.0046,0.5368
CLUBS SEVEN DIAMONDS FOUR,0.6212,0.0058,0.373
CLUBS SIX DIAMONDS FOUR,0.719,0.0296,0.2514
CLUBS NINE DIAMONDS FOUR,0.6446,0.0052,0.3502
CLUBS EIGHT DIAMONDS FOUR,0.6286,0.0044,0.367
HEARTS SEVEN DIAMONDS FOUR,0.6314,0.0062,0.3624
HEARTS SIX DIAMONDS FOUR,0.7146,0.025,0.2604
DIAMONDS FOUR HEARTS NINE,0.6464,0.0026,0.351
DIAMONDS FOUR HEARTS EIGHT,0.6482,0.0044,0.3474
CLUBS THREE DIAMONDS FOUR,0.6314,0.0034,0.3652
CLUBS TWO DIAMONDS FOUR,0.6638,0.0074,0.3288
DIAMONDS TEN DIAMONDS FIVE,0.5998,0.0036,0.3966
DIAMONDS JACK DIAMONDS FIVE,0.6098,0.0054,0.3848
DIAMONDS NINE HEARTS QUEEN,0.5802,0.0046,0.4152
DIAMONDS NINE HEARTS KING,0.595,0.0052,0.3998
HEARTS ACE DIAMONDS NINE,0.2302,0.1738,0.596
DIAMONDS NINE HEARTS TEN,0.5508,0.0054,0.4438
DIAMONDS NINE HEARTS JACK,0.5522,0.0034,0.4444
SPADES KING DIAMONDS FOUR,0.643,0.0052,0.3518
SPADES ACE SPADES SEVEN,0.2068,0.2858,0.5074
SPADES QUEEN DIAMONDS FOUR,0.6312,0.0042,0.3646
SPADES QUEEN SPADES SEVEN,0.5746,0.0034,0.422
SPADES KING SPADES SEVEN,0.5618,0.0042,0.434
SPADES ACE DIAMONDS FOUR,0.3748,0.3782,0.247
CLUBS NINE CLUBS FOUR,0.6188,0.0032,0.378
CLUBS EIGHT CLUBS FOUR,0.6132,0.0044,0.3824
SPADES JACK DIAMONDS FOUR,0.6504,0.003,0.3466
SPADES TEN DIAMONDS FOUR,0.6428,0.0062,0.351
CLUBS FIVE CLUBS FOUR,0.6028,0.005,0.3922
CLUBS SEVEN CLUBS FOUR,0.5962,0.0062,0.3976
CLUBS SIX CLUBS FOUR,0.6778,0.0258,0.2964
CLUBS SEVEN SPADES EIGHT,0.5806,0.0032,0.4162
CLUBS SEVEN SPADES NINE,0.588,0.0032,0.4088
CLUBS SEVEN SPADES SIX,0.6798,0.0178,0.3024
CLUBS SEVEN SPADES SEVEN,0.3466,0.0026,0.6508
CLUBS SEVEN SPADES FIVE,0.6064,0.005,0.3886
CLUBS SEVEN SPADES FOUR,0.6236,0.005,0.3714
CLUBS SEVEN SPADES THREE,0.6356,0.0056,0.3588
CLUBS SEVEN SPADES TWO,0.647,0.005,0.348
CLUBS NINE CLUBS SEVEN,0.5476,0.0038,0.4486
CLUBS SEVEN CLUBS EIGHT,0.5508,0.004,0.4452
HEARTS SIX DIAMONDS FIVE,0.7012,0.0226,0.2762
HEARTS SEVEN DIAMONDS FIVE,0.6202,0.0042,0.3756
DIAMONDS FIVE HEARTS EIGHT,0.6266,0.0052,0.3682
DIAMONDS FIVE HEARTS NINE,0.6518,0.004,0.3442
DIAMONDS QUEEN DIAMONDS FIVE,0.5898,0.0044,0.4058
HEARTS TWO DIAMONDS FIVE,0.6476,0.0046,0.3478
HEARTS KING HEARTS EIGHT,0.5656,0.0048,0.4296
DIAMONDS KING DIAMONDS FIVE,0.6048,0.0054,0.3898
HEARTS THREE DIAMONDS FIVE,0.6356,0.0056,0.3588
HEARTS QUEEN HEARTS EIGHT,0.5518,0.0036,0.4446
DIAMONDS ACE DIAMONDS FIVE,0.3716,0.354,0.2744
HEARTS FOUR DIAMONDS FIVE,0.614,0.0062,0.3798
HEARTS FIVE DIAMONDS FIVE,0.4392,0.0044,0.5564
HEARTS ACE HEARTS EIGHT,0.219,0.2204,0.5606
CLUBS FOUR DIAMONDS FIVE,0.6236,0.0056,0.3708
CLUBS FIVE DIAMONDS FIVE,0.4532,0.0056,0.5412
CLUBS SIX DIAMONDS FIVE,0.7002,0.034,0.2658
CLUBS SEVEN DIAMONDS FIVE,0.6202,0.0034,0.3764
CLUBS TWO DIAMONDS FIVE,0.6606,0.0046,0.3348
CLUBS THREE DIAMONDS FIVE,0.6404,0.0052,0.3544
SPADES THREE DIAMONDS FIVE,0.6412,0.0048,0.354
SPADES TWO DIAMONDS FIVE,0.6456,0.0062,0.3482
SPADES JACK DIAMONDS EIGHT,0.5762,0.0052,0.4186
SPADES FIVE DIAMONDS FIVE,0.4508,0.0036,0.5456
CLUBS TEN HEARTS JACK,0.544,0.0048,0.4512
SPADES TEN DIAMONDS EIGHT,0.5672,0.0046,0.4282
SPADES FOUR DIAMONDS FIVE,0.6274,0.0038,0.3688
HEARTS JACK CLUBS JACK,0.3064,0.0038,0.6898
HEARTS JACK CLUBS QUEEN,0.5604,0.0046,0.435
CLUBS NINE DIAMONDS FIVE,0.6352,0.0052,0.3596
CLUBS KING HEARTS JACK,0.5798,0.0044,0.4158
CLUBS EIGHT DIAMONDS FIVE,0.6292,0.0056,0.3652
SPADES SEVEN DIAMONDS FIVE,0.6148,0.0042,0.381
SPADES KING DIAMONDS EIGHT,0.604,0.006,0.39
SPADES QUEEN DIAMONDS EIGHT,0.5938,0.0052,0.401
SPADES SIX DIAMONDS FIVE,0.6888,0.0286,0.2826
SPADES NINE DIAMONDS FIVE,0.627,0.005,0.368
SPADES EIGHT DIAMONDS FIVE,0.6288,0.003,0.3682
SPADES ACE DIAMONDS EIGHT,0.2272,0.2244,0.5484
HEARTS ACE DIAMONDS SEVEN,0.2172,0.3078,0.475
HEARTS QUEEN DIAMONDS SEVEN,0.5978,0.0042,0.398
HEARTS KING DIAMONDS SEVEN,0.6078,0.0038,0.3884
SPADES TWO HEARTS JACK,0.6306,0.0054,0.364
SPADES TWO HEARTS TEN,0.6402,0.0046,0.3552
HEARTS TEN DIAMONDS SEVEN,0.5844,0.0038,0.4118
HEARTS JACK DIAMONDS SEVEN,0.59,0.0028,0.4072
DIAMONDS EIGHT CLUBS JACK,0.5882,0.006,0.4058
CLUBS TEN DIAMONDS EIGHT,0.5782,0.0038,0.418
HEARTS ACE HEARTS JACK,0.2174,0.076,0.7066
HEARTS QUEEN HEARTS JACK,0.514,0.0046,0.4814
CLUBS KING DIAMONDS EIGHT,0.61,0.0048,0.3852
HEARTS KING HEARTS JACK,0.5254,0.0046,0.47
CLUBS QUEEN DIAMONDS EIGHT,0.5904,0.004,0.4056
SPADES TEN HEARTS KING,0.5614,0.004,0.4346
HEARTS ACE SPADES TWO,0.3756,0.3768,0.2476
SPADES JACK HEARTS KING,0.5636,0.0026,0.4338
HEARTS QUEEN SPADES TWO,0.6316,0.0038,0.3646
SPADES ACE SPADES KING,0.223,0.0448,0.7322
HEARTS KING SPADES TWO,0.6318,0.0044,0.3638
HEARTS TEN HEARTS EIGHT,0.5534,0.0028,0.4438
HEARTS JACK HEARTS EIGHT,0.5354,0.0034,0.4612
SPADES KING HEARTS KING,0.2898,0.0028,0.7074
SPADES QUEEN HEARTS KING,0.5652,0.0048,0.43
SPADES ACE HEARTS KING,0.245,0.0424,0.7126
SPADES ACE HEARTS JACK,0.252,0.0752,0.6728
SPADES QUEEN HEARTS JACK,0.5514,0.0024,0.4462
SPADES KING HEARTS JACK,0.568,8.0E-4,0.4312
SPADES TEN DIAMONDS TEN,0.3108,0.0032,0.686
SPADES JACK DIAMONDS TEN,0.5434,0.004,0.4526
SPADES ACE DIAMONDS TEN,0.2284,0.119,0.6526
SPADES JACK HEARTS JACK,0.307,0.0014,0.6916
SPADES TEN HEARTS JACK,0.5478,0.003,0.4492
SPADES QUEEN DIAMONDS TEN,0.5678,0.003,0.4292
SPADES KING DIAMONDS TEN,0.5766,0.0036,0.4198
SPADES NINE DIAMONDS SEVEN,0.5688,0.0032,0.428
SPADES EIGHT DIAMONDS SEVEN,0.5764,0.004,0.4196
SPADES SEVEN DIAMONDS SEVEN,0.3324,0.0028,0.6648
SPADES SIX DIAMONDS SEVEN,0.681,0.018,0.301
DIAMONDS KING DIAMONDS SEVEN,0.5778,0.0044,0.4178
HEARTS THREE DIAMONDS SEVEN,0.6348,0.0044,0.3608
HEARTS KING DIAMONDS FIVE,0.6526,0.0026,0.3448
DIAMONDS QUEEN DIAMONDS SEVEN,0.5682,0.006,0.4258
HEARTS TWO DIAMONDS SEVEN,0.6366,0.0048,0.3586
HEARTS QUEEN DIAMONDS FIVE,0.638,0.0044,0.3576
HEARTS FIVE DIAMONDS SEVEN,0.609,0.0056,0.3854
DIAMONDS ACE DIAMONDS SEVEN,0.2052,0.2802,0.5146
HEARTS FOUR DIAMONDS SEVEN,0.6182,0.0068,0.375
HEARTS ACE DIAMONDS FIVE,0.3854,0.3814,0.2332
HEARTS SEVEN DIAMONDS SEVEN,0.3354,0.0048,0.6598
HEARTS SIX DIAMONDS SEVEN,0.6854,0.021,0.2936
HEARTS NINE DIAMONDS SEVEN,0.5788,0.0028,0.4184
HEARTS EIGHT DIAMONDS SEVEN,0.585,0.0036,0.4114
DIAMONDS JACK DIAMONDS SEVEN,0.5588,0.004,0.4372
DIAMONDS FIVE HEARTS JACK,0.6366,0.0048,0.3586
DIAMONDS TEN DIAMONDS SEVEN,0.562,0.0038,0.4342
HEARTS TEN DIAMONDS FIVE,0.641,0.0058,0.3532
SPADES KING CLUBS TWO,0.6394,0.0048,0.3558
HEARTS KING CLUBS KING,0.288,0.0054,0.7066
CLUBS EIGHT DIAMONDS SEVEN,0.5716,0.0056,0.4228
SPADES QUEEN CLUBS TWO,0.6384,0.004,0.3576
HEARTS KING CLUBS QUEEN,0.5784,0.0048,0.4168
CLUBS NINE DIAMONDS SEVEN,0.5916,0.0038,0.4046
SPADES TWO CLUBS JACK,0.6264,0.0064,0.3672
SPADES ACE CLUBS TWO,0.3806,0.377,0.2424
CLUBS TEN SPADES TWO,0.64,0.0046,0.3554
CLUBS SEVEN CLUBS SIX,0.6612,0.023,0.3158
SPADES TWO CLUBS KING,0.6486,0.0058,0.3456
SPADES TWO DIAMONDS SEVEN,0.6526,0.0052,0.3422
CLUBS EIGHT CLUBS SIX,0.6696,0.0252,0.3052
SPADES THREE DIAMONDS SEVEN,0.6348,0.006,0.3592
SPADES TWO CLUBS QUEEN,0.6518,0.0038,0.3444
CLUBS NINE CLUBS SIX,0.6794,0.0234,0.2972
SPADES FOUR DIAMONDS SEVEN,0.6278,0.0044,0.3678
HEARTS KING CLUBS JACK,0.577,0.0046,0.4184
SPADES FIVE DIAMONDS SEVEN,0.634,0.005,0.361
CLUBS TEN HEARTS KING,0.5828,0.003,0.4142
CLUBS SIX SPADES TWO,0.731,0.0316,0.2374
CLUBS SIX SPADES THREE,0.7338,0.0298,0.2364
CLUBS TWO DIAMONDS SEVEN,0.6484,0.0034,0.3482
CLUBS SIX SPADES FOUR,0.7032,0.0278,0.269
CLUBS THREE DIAMONDS SEVEN,0.6352,0.0064,0.3584
CLUBS SIX SPADES FIVE,0.7026,0.0234,0.274
CLUBS FOUR DIAMONDS SEVEN,0.6228,0.0042,0.373
CLUBS SIX SPADES SIX,0.3012,0.0232,0.6756
CLUBS FIVE DIAMONDS SEVEN,0.6188,0.0042,0.377
CLUBS SIX SPADES SEVEN,0.6996,0.0238,0.2766
CLUBS SIX DIAMONDS SEVEN,0.689,0.024,0.287
CLUBS SIX SPADES EIGHT,0.7026,0.0262,0.2712
SPADES JACK CLUBS TWO,0.6284,0.005,0.3666
CLUBS SEVEN DIAMONDS SEVEN,0.3324,0.004,0.6636
SPADES NINE CLUBS SIX,0.7238,0.0234,0.2528
SPADES TEN CLUBS TWO,0.638,0.0048,0.3572
CLUBS TWO CLUBS QUEEN,0.6158,0.005,0.3792
CLUBS TWO CLUBS KING,0.5974,0.004,0.3986
CLUBS THREE DIAMONDS EIGHT,0.6432,0.0044,0.3524
CLUBS TWO DIAMONDS EIGHT,0.6272,0.0066,0.3662
HEARTS SEVEN DIAMONDS EIGHT,0.5756,0.0044,0.42
HEARTS SIX DIAMONDS EIGHT,0.6946,0.0232,0.2822
DIAMONDS EIGHT HEARTS NINE,0.5676,0.0066,0.4258
CLUBS TEN CLUBS TWO,0.6102,0.0054,0.3844
HEARTS EIGHT DIAMONDS EIGHT,0.3278,0.0038,0.6684
CLUBS TWO CLUBS JACK,0.6028,0.0046,0.3926
CLUBS NINE DIAMONDS EIGHT,0.5642,0.0044,0.4314
CLUBS EIGHT DIAMONDS EIGHT,0.3234,0.0054,0.6712
CLUBS FIVE DIAMONDS EIGHT,0.6186,0.0046,0.3768
SPADES ACE SPADES THREE,0.3604,0.3548,0.2848
CLUBS FOUR DIAMONDS EIGHT,0.6328,0.0052,0.362
CLUBS SEVEN DIAMONDS EIGHT,0.5764,0.0044,0.4192
SPADES QUEEN SPADES THREE,0.5976,0.0048,0.3976
CLUBS SIX DIAMONDS EIGHT,0.7036,0.027,0.2694
SPADES KING SPADES THREE,0.5952,0.0052,0.3996
DIAMONDS QUEEN DIAMONDS EIGHT,0.568,0.0038,0.4282
HEARTS TWO DIAMONDS EIGHT,0.6208,0.004,0.3752
DIAMONDS KING DIAMONDS EIGHT,0.563,0.005,0.432
HEARTS THREE DIAMONDS EIGHT,0.6356,0.0036,0.3608
DIAMONDS ACE DIAMONDS EIGHT,0.2172,0.2274,0.5554
HEARTS FOUR DIAMONDS EIGHT,0.6236,0.0052,0.3712
HEARTS FIVE DIAMONDS EIGHT,0.629,0.004,0.367
DIAMONDS TEN DIAMONDS EIGHT,0.543,0.0024,0.4546
DIAMONDS JACK DIAMONDS EIGHT,0.5566,0.0048,0.4386
SPADES JACK SPADES THREE,0.5972,0.005,0.3978
SPADES TEN SPADES THREE,0.5972,0.004,0.3988
CLUBS FOUR HEARTS ACE,0.3758,0.3858,0.2384
CLUBS FOUR HEARTS QUEEN,0.6388,0.0062,0.355
CLUBS FOUR HEARTS KING,0.6302,0.0034,0.3664
CLUBS SIX HEARTS TEN,0.719,0.0232,0.2578
CLUBS SIX HEARTS JACK,0.7418,0.0298,0.2284
SPADES FOUR DIAMONDS EIGHT,0.621,0.0038,0.3752
SPADES FIVE DIAMONDS EIGHT,0.6272,0.0032,0.3696
SPADES TWO DIAMONDS EIGHT,0.627,0.0042,0.3688
SPADES THREE DIAMONDS EIGHT,0.6374,0.008,0.3546
CLUBS FOUR HEARTS JACK,0.6394,0.004,0.3566
SPADES EIGHT DIAMONDS EIGHT,0.326,0.0032,0.6708
SPADES TEN DIAMONDS QUEEN,0.5524,0.004,0.4436
SPADES TEN HEARTS TWO,0.6272,0.0034,0.3694
SPADES JACK HEARTS EIGHT,0.589,0.0022,0.4088
CLUBS FOUR HEARTS TEN,0.6506,0.0028,0.3466
SPADES NINE DIAMONDS EIGHT,0.5662,0.0056,0.4282
SPADES TEN HEARTS EIGHT,0.5758,0.0032,0.421
SPADES JACK HEARTS TWO,0.6262,0.0034,0.3704
SPADES JACK DIAMONDS QUEEN,0.554,0.0036,0.4424
SPADES SIX DIAMONDS EIGHT,0.6886,0.0216,0.2898
SPADES SEVEN DIAMONDS EIGHT,0.5626,0.0046,0.4328
SPADES ACE HEARTS TWO,0.3782,0.3766,0.2452
SPADES ACE DIAMONDS QUEEN,0.2298,0.0632,0.707
SPADES ACE HEARTS EIGHT,0.2234,0.2236,0.553
SPADES KING HEARTS EIGHT,0.5972,0.0034,0.3994
SPADES QUEEN HEARTS TWO,0.6246,0.0032,0.3722
SPADES QUEEN DIAMONDS QUEEN,0.2878,0.0048,0.7074
SPADES KING DIAMONDS QUEEN,0.5706,0.0046,0.4248
SPADES KING HEARTS TWO,0.6474,0.0042,0.3484
SPADES QUEEN HEARTS EIGHT,0.5904,0.0044,0.4052
CLUBS TWO HEARTS TEN,0.6532,0.0036,0.3432
CLUBS TWO HEARTS JACK,0.6422,0.0048,0.353
SPADES SEVEN DIAMONDS NINE,0.5682,0.003,0.4288
SPADES SIX DIAMONDS NINE,0.6984,0.0226,0.279
SPADES NINE DIAMONDS NINE,0.3182,0.004,0.6778
SPADES EIGHT DIAMONDS NINE,0.5674,0.0044,0.4282
SPADES TEN CLUBS KING,0.5808,0.004,0.4152
DIAMONDS NINE SPADES THREE,0.6256,0.0036,0.3708
SPADES JACK CLUBS KING,0.569,0.0046,0.4264
DIAMONDS NINE SPADES TWO,0.6264,0.0052,0.3684
SPADES FIVE DIAMONDS NINE,0.6092,0.004,0.3868
DIAMONDS NINE SPADES FOUR,0.6414,0.005,0.3536
CLUBS NINE DIAMONDS NINE,0.3288,0.0034,0.6678
CLUBS EIGHT DIAMONDS NINE,0.5656,0.0046,0.4298
CLUBS SIX DIAMONDS NINE,0.7114,0.0242,0.2644
SPADES JACK CLUBS FOUR,0.6298,0.0036,0.3666
CLUBS SEVEN DIAMONDS NINE,0.5804,0.0028,0.4168
SPADES TEN CLUBS FOUR,0.6396,0.0038,0.3566
CLUBS FOUR DIAMONDS NINE,0.6404,0.0048,0.3548
CLUBS FIVE DIAMONDS NINE,0.6294,0.0074,0.3632
CLUBS TWO DIAMONDS NINE,0.6338,0.0068,0.3594
CLUBS THREE DIAMONDS NINE,0.6454,0.0044,0.3502
DIAMONDS NINE HEARTS EIGHT,0.5652,0.0036,0.4312
DIAMONDS NINE HEARTS NINE,0.3406,0.0034,0.656
HEARTS SIX DIAMONDS NINE,0.7132,0.026,0.2608
HEARTS SEVEN DIAMONDS NINE,0.5818,0.0046,0.4136
CLUBS NINE CLUBS EIGHT,0.5384,0.0044,0.4572
DIAMONDS ACE DIAMONDS NINE,0.2248,0.156,0.6192
HEARTS FOUR DIAMONDS NINE,0.637,0.0038,0.3592
HEARTS FIVE DIAMONDS NINE,0.6234,0.005,0.3716
HEARTS ACE CLUBS TWO,0.3748,0.398,0.2272
SPADES ACE CLUBS FOUR,0.3792,0.3708,0.25
DIAMONDS NINE DIAMONDS QUEEN,0.5404,0.004,0.4556
HEARTS TWO DIAMONDS NINE,0.6386,0.0048,0.3566
CLUBS TWO HEARTS KING,0.6374,0.0068,0.3558
SPADES KING CLUBS FOUR,0.6482,0.0052,0.3466
DIAMONDS KING DIAMONDS NINE,0.5566,0.006,0.4374
HEARTS THREE DIAMONDS NINE,0.6392,0.0052,0.3556
CLUBS TWO HEARTS QUEEN,0.6366,0.004,0.3594
SPADES QUEEN CLUBS FOUR,0.6392,0.0062,0.3546
DIAMONDS NINE DIAMONDS JACK,0.5312,0.0044,0.4644
CLUBS EIGHT SPADES NINE,0.5768,0.0048,0.4184
DIAMONDS TEN DIAMONDS NINE,0.5138,0.0056,0.4806
CLUBS EIGHT SPADES EIGHT,0.335,0.003,0.662
CLUBS EIGHT SPADES SEVEN,0.573,0.0042,0.4228
CLUBS EIGHT SPADES SIX,0.6978,0.022,0.2802
CLUBS EIGHT SPADES FIVE,0.6202,0.0052,0.3746
CLUBS EIGHT SPADES FOUR,0.639,0.0046,0.3564
CLUBS EIGHT SPADES THREE,0.65,0.0024,0.3476
CLUBS EIGHT SPADES TWO,0.6544,0.0022,0.3434
HEARTS SIX DIAMONDS TEN,0.7114,0.0274,0.2612
HEARTS SEVEN DIAMONDS TEN,0.5728,0.0046,0.4226
DIAMONDS TEN HEARTS EIGHT,0.5674,0.004,0.4286
CLUBS FOUR CLUBS JACK,0.603,0.005,0.392
DIAMONDS TEN HEARTS NINE,0.5578,0.0028,0.4394
CLUBS TEN CLUBS FOUR,0.601,0.0044,0.3946
CLUBS FOUR CLUBS KING,0.6126,0.0056,0.3818
CLUBS FOUR CLUBS QUEEN,0.6012,0.0044,0.3944
DIAMONDS TEN CLUBS TWO,0.6326,0.0038,0.3636
CLUBS THREE DIAMONDS TEN,0.6348,0.0068,0.3584
DIAMONDS TEN DIAMONDS JACK,0.5138,0.0042,0.482
DIAMONDS TEN DIAMONDS QUEEN,0.5366,0.0046,0.4588
HEARTS TWO DIAMONDS TEN,0.6258,0.0046,0.3696
DIAMONDS KING DIAMONDS TEN,0.556,0.0058,0.4382
HEARTS THREE DIAMONDS TEN,0.623,0.0046,0.3724
DIAMONDS ACE DIAMONDS TEN,0.2256,0.1128,0.6616
HEARTS FOUR DIAMONDS TEN,0.6246,0.005,0.3704
CLUBS EIGHT HEARTS JACK,0.5834,0.0028,0.4138
HEARTS FIVE DIAMONDS TEN,0.6292,0.0034,0.3674
CLUBS EIGHT HEARTS TEN,0.5768,0.0052,0.418
CLUBS EIGHT HEARTS QUEEN,0.5964,0.0034,0.4002
CLUBS EIGHT HEARTS KING,0.6028,0.0032,0.394
CLUBS EIGHT HEARTS ACE,0.2206,0.2292,0.5502
CLUBS NINE SPADES THREE,0.6478,0.0032,0.349
CLUBS NINE SPADES TWO,0.6298,0.004,0.3662
CLUBS NINE SPADES FIVE,0.6182,0.0042,0.3776
CLUBS NINE SPADES FOUR,0.6466,0.0058,0.3476
CLUBS NINE SPADES SEVEN,0.5794,0.0032,0.4174
CLUBS NINE SPADES SIX,0.7084,0.0244,0.2672
CLUBS NINE SPADES NINE,0.3362,0.0042,0.6596
CLUBS TEN HEARTS EIGHT,0.563,0.0044,0.4326
CLUBS NINE SPADES EIGHT,0.5712,0.0024,0.4264
HEARTS EIGHT CLUBS JACK,0.5936,0.004,0.4024
CLUBS QUEEN HEARTS EIGHT,0.5918,0.0042,0.404
CLUBS KING HEARTS EIGHT,0.5998,0.0034,0.3968
SPADES KING CLUBS KING,0.2838,0.0032,0.713
SPADES QUEEN CLUBS KING,0.5784,0.0028,0.4188
SPADES ACE CLUBS KING,0.252,0.0474,0.7006
DIAMONDS ACE HEARTS TEN,0.2336,0.1198,0.6466
HEARTS FOUR HEARTS TEN,0.5934,0.0052,0.4014
DIAMONDS ACE HEARTS JACK,0.2286,0.0826,0.6888
HEARTS FOUR HEARTS JACK,0.5846,0.0052,0.4102
SPADES KING CLUBS FIVE,0.6446,0.0048,0.3506
SPADES QUEEN CLUBS FIVE,0.6324,0.0032,0.3644
SPADES ACE CLUBS FIVE,0.3898,0.3726,0.2376
HEARTS SEVEN DIAMONDS JACK,0.5782,0.0032,0.4186
HEARTS SIX DIAMONDS JACK,0.7292,0.0248,0.246
DIAMONDS JACK HEARTS NINE,0.567,0.0044,0.4286
DIAMONDS JACK HEARTS EIGHT,0.5718,0.0034,0.4248
DIAMONDS KING DIAMONDS JACK,0.5388,0.0056,0.4556
HEARTS THREE DIAMONDS JACK,0.6296,0.0044,0.366
SPADES ACE SPADES SIX,0.0214,0.9098,0.0688
HEARTS ACE SPADES FOUR,0.3978,0.3652,0.237
DIAMONDS QUEEN DIAMONDS JACK,0.5158,0.0036,0.4806
HEARTS TWO DIAMONDS JACK,0.6278,0.0052,0.367
HEARTS FIVE DIAMONDS JACK,0.6282,0.0058,0.366
SPADES QUEEN SPADES SIX,0.6892,0.0256,0.2852
SPADES FOUR HEARTS QUEEN,0.6304,0.0036,0.366
DIAMONDS ACE DIAMONDS JACK,0.2326,0.0794,0.688
HEARTS FOUR DIAMONDS JACK,0.6264,0.0056,0.368
SPADES KING SPADES SIX,0.7046,0.0246,0.2708
SPADES FOUR HEARTS KING,0.6434,0.0046,0.352
SPADES TEN SPADES SIX,0.6734,0.0242,0.3024
SPADES JACK SPADES SIX,0.702,0.0218,0.2762
SPADES FOUR DIAMONDS JACK,0.6272,0.0044,0.3684
SPADES FIVE DIAMONDS JACK,0.6234,0.005,0.3716
DIAMONDS JACK SPADES TWO,0.6256,0.0052,0.3692
SPADES THREE DIAMONDS JACK,0.6314,0.0026,0.366
SPADES ACE DIAMONDS THREE,0.384,0.3808,0.2352
SPADES QUEEN DIAMONDS THREE,0.6458,0.0052,0.349
CLUBS EIGHT DIAMONDS JACK,0.5744,0.0054,0.4202
SPADES KING DIAMONDS THREE,0.6346,0.0044,0.361
CLUBS NINE DIAMONDS JACK,0.564,0.008,0.428
CLUBS SIX DIAMONDS JACK,0.7346,0.0264,0.239
CLUBS SEVEN DIAMONDS JACK,0.5846,0.0058,0.4096
CLUBS FOUR DIAMONDS JACK,0.6208,0.0066,0.3726
CLUBS FIVE DIAMONDS JACK,0.6266,0.0036,0.3698
CLUBS TWO DIAMONDS JACK,0.6406,0.006,0.3534
CLUBS THREE DIAMONDS JACK,0.6302,0.0064,0.3634
SPADES TEN CLUBS FIVE,0.6334,0.0052,0.3614
SPADES JACK HEARTS SIX,0.729,0.0228,0.2482
HEARTS SIX SPADES TEN,0.7244,0.0216,0.254
SPADES JACK CLUBS FIVE,0.6412,0.0058,0.353
SPADES JACK DIAMONDS THREE,0.6268,0.0058,0.3674
DIAMONDS THREE SPADES TEN,0.6466,0.0058,0.3476
CLUBS SEVEN CLUBS QUEEN,0.5738,0.004,0.4222
CLUBS SEVEN CLUBS KING,0.5768,0.0056,0.4176
SPADES NINE DIAMONDS JACK,0.5606,0.005,0.4344
CLUBS TEN CLUBS SEVEN,0.5502,0.0056,0.4442
DIAMONDS ACE HEARTS ACE,0.0476,0.008,0.9444
HEARTS FOUR HEARTS ACE,0.356,0.3512,0.2928
SPADES EIGHT DIAMONDS JACK,0.5756,0.003,0.4214
SPADES ACE HEARTS SIX,0.0212,0.958,0.0208
CLUBS SEVEN CLUBS JACK,0.558,0.0042,0.4378
DIAMONDS ACE HEARTS KING,0.2464,0.042,0.7116
HEARTS FOUR HEARTS KING,0.5936,0.0052,0.4012
SPADES SEVEN DIAMONDS JACK,0.5968,0.0028,0.4004
SPADES KING HEARTS SIX,0.7312,0.0252,0.2436
DIAMONDS ACE HEARTS QUEEN,0.2374,0.0662,0.6964
HEARTS FOUR HEARTS QUEEN,0.59,0.0036,0.4064
SPADES QUEEN HEARTS SIX,0.7342,0.03,0.2358
SPADES SIX DIAMONDS JACK,0.7296,0.027,0.2434
DIAMONDS TEN SPADES TWO,0.634,0.005,0.361
DIAMONDS TEN SPADES THREE,0.6358,0.0052,0.359
DIAMONDS TEN SPADES FOUR,0.6264,0.0056,0.368
DIAMONDS TEN SPADES FIVE,0.6126,0.0044,0.383
SPADES SIX DIAMONDS TEN,0.719,0.0244,0.2566
SPADES SEVEN DIAMONDS TEN,0.5798,0.0038,0.4164
SPADES EIGHT DIAMONDS TEN,0.564,0.0042,0.4318
SPADES NINE DIAMONDS TEN,0.5384,0.004,0.4576
CLUBS FOUR DIAMONDS TEN,0.6446,0.006,0.3494
CLUBS FIVE DIAMONDS TEN,0.6396,0.0064,0.354
CLUBS SIX DIAMONDS TEN,0.7246,0.0218,0.2536
CLUBS SEVEN DIAMONDS TEN,0.5782,0.0056,0.4162
CLUBS EIGHT DIAMONDS TEN,0.5852,0.0046,0.4102
CLUBS NINE DIAMONDS TEN,0.5596,0.006,0.4344
DIAMONDS THREE CLUBS JACK,0.6454,0.0048,0.3498
CLUBS TEN DIAMONDS THREE,0.6544,0.0048,0.3408
DIAMONDS THREE CLUBS KING,0.6546,0.0072,0.3382
DIAMONDS THREE CLUBS QUEEN,0.6444,0.007,0.3486
SPADES FOUR HEARTS JACK,0.6194,0.0038,0.3768
SPADES FOUR HEARTS TEN,0.6316,0.004,0.3644
SPADES FIVE SPADES TWO,0.6168,0.0044,0.3788
SPADES FOUR SPADES TWO,0.608,0.0046,0.3874
SPADES THREE SPADES TWO,0.6142,0.0058,0.38
SPADES NINE SPADES TWO,0.6008,0.0036,0.3956
SPADES EIGHT SPADES TWO,0.6118,0.0026,0.3856
SPADES SEVEN SPADES TWO,0.6046,0.0042,0.3912
SPADES SIX SPADES TWO,0.703,0.028,0.269
CLUBS THREE DIAMONDS QUEEN,0.6422,0.0058,0.352
CLUBS THREE HEARTS TWO,0.65,0.007,0.343
CLUBS TWO DIAMONDS QUEEN,0.6418,0.006,0.3522
HEARTS TWO CLUBS TWO,0.4682,0.007,0.5248
HEARTS SEVEN DIAMONDS QUEEN,0.599,0.0038,0.3972
HEARTS SEVEN HEARTS TWO,0.6142,0.0038,0.382
HEARTS SIX DIAMONDS QUEEN,0.74,0.0302,0.2298
HEARTS SIX HEARTS TWO,0.696,0.0286,0.2754
DIAMONDS QUEEN HEARTS NINE,0.5774,0.0038,0.4188
HEARTS TWO HEARTS NINE,0.6088,0.0036,0.3876
DIAMONDS QUEEN HEARTS EIGHT,0.5892,0.0042,0.4066
HEARTS TWO HEARTS EIGHT,0.5984,0.005,0.3966
CLUBS NINE HEARTS TWO,0.6446,0.0056,0.3498
CLUBS NINE DIAMONDS QUEEN,0.5856,0.0044,0.41
CLUBS EIGHT HEARTS TWO,0.6334,0.0046,0.362
CLUBS EIGHT DIAMONDS QUEEN,0.6068,0.0048,0.3884
CLUBS FIVE DIAMONDS QUEEN,0.6462,0.0058,0.348
CLUBS FIVE HEARTS TWO,0.655,0.0048,0.3402
SPADES EIGHT HEARTS ACE,0.2184,0.225,0.5566
CLUBS FOUR DIAMONDS QUEEN,0.6396,0.0056,0.3548
CLUBS FOUR HEARTS TWO,0.6624,0.0054,0.3322
CLUBS SEVEN DIAMONDS QUEEN,0.6012,0.004,0.3948
CLUBS SEVEN HEARTS TWO,0.6538,0.0042,0.342
SPADES EIGHT HEARTS QUEEN,0.5888,0.0026,0.4086
CLUBS SIX DIAMONDS QUEEN,0.7454,0.0314,0.2232
CLUBS SIX HEARTS TWO,0.7386,0.0272,0.2342
SPADES EIGHT HEARTS KING,0.6058,0.004,0.3902
HEARTS TWO SPADES SIX,0.7312,0.027,0.2418
SPADES SIX DIAMONDS QUEEN,0.74,0.0292,0.2308
HEARTS FOUR CLUBS QUEEN,0.6472,0.0036,0.3492
DIAMONDS ACE CLUBS QUEEN,0.2296,0.0666,0.7038
SPADES SEVEN DIAMONDS QUEEN,0.6114,0.0048,0.3838
SPADES SEVEN HEARTS TWO,0.6484,0.005,0.3466
HEARTS FOUR CLUBS KING,0.645,0.0046,0.3504
DIAMONDS ACE CLUBS KING,0.244,0.0412,0.7148
SPADES EIGHT DIAMONDS QUEEN,0.5796,0.0032,0.4172
SPADES EIGHT HEARTS TWO,0.637,0.0038,0.3592
SPADES NINE DIAMONDS QUEEN,0.5724,0.004,0.4236
SPADES NINE HEARTS TWO,0.641,0.0034,0.3556
HEARTS TWO SPADES TWO,0.4598,0.0056,0.5346
DIAMONDS QUEEN SPADES TWO,0.6322,0.0036,0.3642
HEARTS TWO SPADES THREE,0.6624,0.003,0.3346
DIAMONDS QUEEN SPADES THREE,0.6272,0.0048,0.368
HEARTS TWO SPADES FOUR,0.647,0.006,0.347
SPADES FOUR DIAMONDS QUEEN,0.6284,0.005,0.3666
CLUBS TEN HEARTS FOUR,0.6276,0.0052,0.3672
CLUBS TEN DIAMONDS ACE,0.2198,0.1138,0.6664
HEARTS TWO SPADES FIVE,0.6496,0.0044,0.346
SPADES FIVE DIAMONDS QUEEN,0.645,0.0044,0.3506
HEARTS FOUR CLUBS JACK,0.6278,0.0068,0.3654
DIAMONDS ACE CLUBS JACK,0.2284,0.0866,0.685
CLUBS FIVE CLUBS KING,0.6068,0.0038,0.3894
CLUBS FIVE CLUBS QUEEN,0.6138,0.005,0.3812
CLUBS FIVE CLUBS JACK,0.6142,0.0056,0.3802
CLUBS TEN CLUBS FIVE,0.6064,0.005,0.3886
SPADES KING CLUBS JACK,0.5716,0.0036,0.4248
SPADES QUEEN CLUBS JACK,0.558,0.0044,0.4376
SPADES ACE CLUBS JACK,0.243,0.0852,0.6718
SPADES SIX CLUBS KING,0.7458,0.032,0.2222
SPADES SIX CLUBS QUEEN,0.7406,0.0272,0.2322
SPADES EIGHT HEARTS JACK,0.5776,0.0024,0.42
SPADES EIGHT HEARTS TEN,0.57,0.0024,0.4276
SPADES SIX CLUBS JACK,0.7376,0.0272,0.2352
CLUBS TEN SPADES SIX,0.7238,0.023,0.2532
SPADES TEN CLUBS JACK,0.546,0.0036,0.4504
SPADES JACK CLUBS JACK,0.3052,0.0038,0.691
SPADES QUEEN CLUBS SEVEN,0.6126,0.0036,0.3838
SPADES KING CLUBS SEVEN,0.6058,0.0052,0.389
SPADES ACE CLUBS SEVEN,0.222,0.3006,0.4774
SPADES SIX HEARTS TEN,0.7202,0.0236,0.2562
SPADES SIX HEARTS JACK,0.7354,0.0242,0.2404
SPADES SIX HEARTS ACE,0.0212,0.9562,0.0226
SPADES SIX HEARTS KING,0.7416,0.0274,0.231
SPADES SIX HEARTS QUEEN,0.733,0.0248,0.2422
CLUBS SEVEN SPADES JACK,0.5996,0.0034,0.397
CLUBS SEVEN SPADES TEN,0.5924,0.0028,0.4048
CLUBS TEN HEARTS SIX,0.7322,0.027,0.2408
HEARTS SIX CLUBS JACK,0.7354,0.026,0.2386
HEARTS SIX CLUBS QUEEN,0.7484,0.031,0.2206
HEARTS SIX CLUBS KING,0.741,0.0286,0.2304
CLUBS QUEEN CLUBS JACK,0.5192,0.0042,0.4766
CLUBS KING CLUBS JACK,0.5446,0.0024,0.453
DIAMONDS THREE HEARTS ACE,0.3854,0.3792,0.2354
DIAMONDS THREE HEARTS QUEEN,0.6514,0.0046,0.344
DIAMONDS THREE HEARTS KING,0.643,0.0052,0.3518
CLUBS FIVE HEARTS JACK,0.6388,0.0038,0.3574
SPADES TEN DIAMONDS ACE,0.2242,0.1158,0.66
HEARTS FOUR SPADES TEN,0.6378,0.0032,0.359
CLUBS FIVE HEARTS TEN,0.6328,0.0032,0.364
HEARTS FOUR SPADES JACK,0.6266,0.0044,0.369
SPADES JACK DIAMONDS ACE,0.2296,0.0796,0.6908
SPADES ACE HEARTS FOUR,0.3814,0.3714,0.2472
SPADES ACE DIAMONDS ACE,0.055,0.0116,0.9334
CLUBS FIVE HEARTS ACE,0.388,0.3738,0.2382
CLUBS FIVE HEARTS KING,0.635,0.0038,0.3612
HEARTS FOUR SPADES QUEEN,0.6388,0.0032,0.358
SPADES QUEEN DIAMONDS ACE,0.2298,0.0692,0.701
SPADES FOUR CLUBS JACK,0.6398,0.004,0.3562
CLUBS FIVE HEARTS QUEEN,0.6368,0.0044,0.3588
SPADES KING DIAMONDS ACE,0.2426,0.0416,0.7158
SPADES KING HEARTS FOUR,0.6306,0.0026,0.3668
CLUBS TEN SPADES FOUR,0.6312,0.0022,0.3666
DIAMONDS ACE DIAMONDS QUEEN,0.2442,0.0548,0.701
DIAMONDS ACE HEARTS TWO,0.365,0.3924,0.2426
HEARTS FOUR DIAMONDS QUEEN,0.6312,0.004,0.3648
HEARTS FOUR HEARTS TWO,0.6158,0.0046,0.3796
DIAMONDS THREE HEARTS TEN,0.6428,0.0038,0.3534
SPADES FOUR CLUBS KING,0.653,0.003,0.344
HEARTS FIVE DIAMONDS QUEEN,0.6208,0.0036,0.3756
HEARTS FIVE HEARTS TWO,0.5986,0.0048,0.3966
DIAMONDS THREE HEARTS JACK,0.6426,0.0038,0.3536
SPADES FOUR CLUBS QUEEN,0.643,0.0046,0.3524
HEARTS TWO DIAMONDS QUEEN,0.6306,0.005,0.3644
DIAMONDS KING DIAMONDS QUEEN,0.5512,0.0034,0.4454
DIAMONDS KING HEARTS TWO,0.6336,0.005,0.3614
HEARTS THREE DIAMONDS QUEEN,0.6334,0.0036,0.363
HEARTS THREE HEARTS TWO,0.6034,0.0034,0.3932
HEARTS TWO CLUBS QUEEN,0.6302,0.0056,0.3642
DIAMONDS QUEEN CLUBS QUEEN,0.2928,0.0042,0.703
HEARTS TWO CLUBS KING,0.6584,0.0036,0.338
DIAMONDS QUEEN CLUBS KING,0.5734,0.0058,0.4208
SPADES EIGHT SPADES FIVE,0.5884,0.005,0.4066
CLUBS TEN HEARTS TWO,0.643,0.004,0.353
CLUBS TEN DIAMONDS QUEEN,0.5542,0.005,0.4408
SPADES NINE SPADES FIVE,0.5856,0.0046,0.4098
HEARTS TWO CLUBS JACK,0.6364,0.0042,0.3594
DIAMONDS QUEEN CLUBS JACK,0.5582,0.0054,0.4364
SPADES SIX SPADES FIVE,0.6412,0.0298,0.329
SPADES SEVEN SPADES FIVE,0.5774,0.006,0.4166
DIAMONDS FIVE CLUBS QUEEN,0.6356,0.007,0.3574
DIAMONDS FIVE CLUBS KING,0.6458,0.004,0.3502
SPADES EIGHT CLUBS KING,0.6186,0.0028,0.3786
SPADES EIGHT CLUBS QUEEN,0.5948,0.0044,0.4008
SPADES EIGHT CLUBS JACK,0.5868,0.0038,0.4094
CLUBS TEN SPADES EIGHT,0.5672,0.0028,0.43
CLUBS TEN DIAMONDS FIVE,0.6386,0.0052,0.3562
DIAMONDS FIVE CLUBS JACK,0.6418,0.004,0.3542
DIAMONDS TEN HEARTS JACK,0.5374,0.0026,0.46
DIAMONDS TEN HEARTS TEN,0.3122,0.0054,0.6824
SPADES ACE CLUBS NINE,0.2394,0.1706,0.59
CLUBS NINE SPADES QUEEN,0.5972,0.0056,0.3972
CLUBS NINE SPADES KING,0.5932,0.0038,0.403
HEARTS SIX HEARTS KING,0.6852,0.0274,0.2874
DIAMONDS KING SPADES SEVEN,0.6078,0.0028,0.3894
HEARTS THREE SPADES SEVEN,0.6378,0.0058,0.3564
SPADES KING DIAMONDS SEVEN,0.597,0.0042,0.3988
HEARTS SIX HEARTS QUEEN,0.683,0.0306,0.2864
SPADES QUEEN DIAMONDS SEVEN,0.6024,0.0042,0.3934
HEARTS THREE SPADES SIX,0.7234,0.029,0.2476
DIAMONDS KING SPADES SIX,0.7308,0.0288,0.2404
SPADES NINE DIAMONDS KING,0.5936,0.004,0.4024
SPADES NINE HEARTS THREE,0.6336,0.0036,0.3628
HEARTS SIX HEARTS ACE,0.0232,0.9048,0.072
DIAMONDS KING SPADES EIGHT,0.6012,0.0042,0.3946
SPADES EIGHT HEARTS THREE,0.6492,0.0044,0.3464
SPADES ACE DIAMONDS SEVEN,0.2208,0.2972,0.482
CLUBS NINE HEARTS THREE,0.6554,0.0062,0.3384
CLUBS NINE DIAMONDS KING,0.589,0.0044,0.4066
CLUBS EIGHT HEARTS THREE,0.6432,0.004,0.3528
CLUBS EIGHT DIAMONDS KING,0.601,0.0042,0.3948
HEARTS THREE SPADES THREE,0.4678,0.0036,0.5286
DIAMONDS KING SPADES THREE,0.6456,0.004,0.3504
HEARTS THREE SPADES TWO,0.6544,0.0062,0.3394
DIAMONDS KING SPADES TWO,0.637,0.005,0.358
HEARTS THREE SPADES FIVE,0.6312,0.003,0.3658
DIAMONDS KING SPADES FIVE,0.6338,0.005,0.3612
HEARTS THREE SPADES FOUR,0.632,0.0042,0.3638
