opposingHand,winningChance,drawChance,lostChance
CLUBS JACK DIAMONDS JACK
HEARTS FIVE SPADES TEN,0.8212,0.0238,0.155
HEARTS FIVE SPADES JACK,0.872,0.0358,0.0922
CLUBS TEN SPADES FIVE,0.8294,0.0212,0.1494
CLUBS TEN CLUBS EIGHT,0.7788,0.026,0.1952
CLUBS EIGHT CLUBS KING,0.6708,0.0062,0.323
SPADES FIVE CLUBS ACE,0.6786,0.0034,0.318
CLUBS EIGHT CLUBS QUEEN,0.6714,0.0098,0.3188
SPADES FIVE CLUBS KING,0.7014,0.008,0.2906
SPADES FIVE CLUBS QUEEN,0.698,0.012,0.29
CLUBS EIGHT CLUBS ACE,0.6652,0.0036,0.3312
DIAMONDS TWO DIAMONDS THREE,0.7718,0.0526,0.1756
DIAMONDS TWO DIAMONDS FIVE,0.7632,0.0528,0.184
HEARTS FIVE SPADES KING,0.7036,0.0038,0.2926
DIAMONDS TWO DIAMONDS FOUR,0.7658,0.0492,0.185
HEARTS FIVE SPADES QUEEN,0.6998,0.01,0.2902
DIAMONDS TWO DIAMONDS SEVEN,0.7876,0.0424,0.17
DIAMONDS TWO DIAMONDS SIX,0.7824,0.0524,0.1652
SPADES ACE HEARTS FIVE,0.681,0.0022,0.3168
DIAMONDS TWO DIAMONDS NINE,0.806,0.0322,0.1618
DIAMONDS TWO DIAMONDS EIGHT,0.7944,0.036,0.1696
DIAMONDS THREE DIAMONDS FOUR,0.7516,0.0506,0.1978
CLUBS TWO SPADES FOUR,0.8036,0.0456,0.1508
DIAMONDS THREE DIAMONDS FIVE,0.757,0.0482,0.1948
SPADES FIVE CLUBS TWO,0.813,0.0458,0.1412
CLUBS TWO SPADES TWO,0.7126,0.1084,0.179
CLUBS TWO SPADES THREE,0.808,0.0538,0.1382
DIAMONDS THREE DIAMONDS EIGHT,0.8046,0.0362,0.1592
SPADES EIGHT CLUBS TWO,0.8268,0.0398,0.1334
DIAMONDS THREE DIAMONDS NINE,0.7928,0.0332,0.174
SPADES NINE CLUBS TWO,0.8412,0.027,0.1318
DIAMONDS THREE DIAMONDS SIX,0.768,0.0488,0.1832
SPADES SIX CLUBS TWO,0.8198,0.0498,0.1304
DIAMONDS THREE DIAMONDS SEVEN,0.7836,0.041,0.1754
SPADES SEVEN CLUBS TWO,0.8322,0.0408,0.127
CLUBS SIX CLUBS TWO,0.784,0.0446,0.1714
CLUBS SEVEN CLUBS TWO,0.8068,0.041,0.1522
CLUBS FOUR CLUBS TWO,0.7678,0.0502,0.182
CLUBS FIVE CLUBS TWO,0.7594,0.0486,0.192
DIAMONDS FOUR DIAMONDS SIX,0.7484,0.049,0.2026
CLUBS TEN CLUBS QUEEN,0.671,0.0098,0.3192
DIAMONDS FOUR DIAMONDS SEVEN,0.7666,0.0364,0.197
CLUBS TEN CLUBS KING,0.6624,0.0066,0.331
CLUBS TEN CLUBS ACE,0.6608,0.0038,0.3354
CLUBS EIGHT CLUBS TWO,0.8048,0.0366,0.1586
DIAMONDS FIVE DIAMONDS FOUR,0.7344,0.0478,0.2178
CLUBS NINE CLUBS TWO,0.7874,0.0378,0.1748
DIAMONDS NINE DIAMONDS FOUR,0.8036,0.0312,0.1652
DIAMONDS EIGHT DIAMONDS FOUR,0.786,0.037,0.177
CLUBS THREE CLUBS TWO,0.7632,0.05,0.1868
DIAMONDS NINE DIAMONDS FIVE,0.7808,0.0284,0.1908
DIAMONDS EIGHT DIAMONDS FIVE,0.7636,0.0346,0.2018
CLUBS TEN DIAMONDS TWO,0.856,0.0204,0.1236
DIAMONDS FIVE DIAMONDS SEVEN,0.753,0.0428,0.2042
DIAMONDS FIVE DIAMONDS SIX,0.7394,0.0498,0.2108
DIAMONDS TWO CLUBS ACE,0.6828,0.005,0.3122
DIAMONDS TWO CLUBS KING,0.7136,0.0046,0.2818
DIAMONDS TWO CLUBS QUEEN,0.7114,0.015,0.2736
DIAMONDS EIGHT DIAMONDS SIX,0.761,0.0304,0.2086
DIAMONDS NINE DIAMONDS SIX,0.77,0.0268,0.2032
HEARTS ACE SPADES THREE,0.6742,0.0044,0.3214
SPADES THREE HEARTS KING,0.7086,0.007,0.2844
DIAMONDS SEVEN DIAMONDS SIX,0.7394,0.0422,0.2184
HEARTS QUEEN SPADES THREE,0.709,0.0108,0.2802
SPADES THREE HEARTS JACK,0.8748,0.0376,0.0876
SPADES THREE HEARTS TEN,0.8224,0.0264,0.1512
DIAMONDS EIGHT DIAMONDS SEVEN,0.754,0.036,0.21
DIAMONDS NINE DIAMONDS SEVEN,0.7592,0.0278,0.213
DIAMONDS NINE DIAMONDS EIGHT,0.7574,0.0342,0.2084
DIAMONDS KING HEARTS TEN,0.6848,0.0046,0.3106
HEARTS THREE HEARTS TEN,0.7816,0.0232,0.1952
SPADES JACK CLUBS SIX,0.8764,0.04,0.0836
DIAMONDS KING HEARTS JACK,0.6748,0.0176,0.3076
HEARTS THREE HEARTS JACK,0.8366,0.0354,0.128
SPADES TEN CLUBS SIX,0.8226,0.0216,0.1558
SPADES JACK SPADES FIVE,0.8216,0.0362,0.1422
SPADES TEN SPADES FIVE,0.7878,0.0234,0.1888
DIAMONDS KING HEARTS ACE,0.558,0.0032,0.4388
HEARTS THREE HEARTS ACE,0.6464,0.0032,0.3504
SPADES ACE CLUBS SIX,0.6966,0.0028,0.3006
DIAMONDS KING HEARTS QUEEN,0.559,0.0026,0.4384
HEARTS THREE HEARTS QUEEN,0.6726,0.011,0.3164
SPADES KING CLUBS SIX,0.6964,0.0068,0.2968
DIAMONDS KING HEARTS KING,0.1782,0.036,0.7858
HEARTS THREE HEARTS KING,0.674,0.0066,0.3194
SPADES QUEEN CLUBS SIX,0.7104,0.011,0.2786
SPADES NINE HEARTS TEN,0.8122,0.0202,0.1676
SPADES NINE HEARTS JACK,0.8282,0.0352,0.1366
SPADES QUEEN SPADES FIVE,0.6734,0.0098,0.3168
SPADES KING SPADES FIVE,0.662,0.007,0.331
SPADES ACE SPADES FIVE,0.625,0.0038,0.3712
SPADES NINE HEARTS QUEEN,0.6952,0.0116,0.2932
SPADES NINE HEARTS KING,0.7016,0.0048,0.2936
SPADES NINE HEARTS ACE,0.6898,0.0024,0.3078
CLUBS TEN SPADES JACK,0.8272,0.0354,0.1374
CLUBS TEN SPADES TEN,0.7184,0.096,0.1856
SPADES ACE CLUBS TEN,0.6906,0.0032,0.3062
SPADES KING CLUBS TEN,0.701,0.004,0.295
CLUBS TEN SPADES QUEEN,0.7006,0.011,0.2884
SPADES FIVE HEARTS QUEEN,0.6962,0.0106,0.2932
SPADES FIVE HEARTS KING,0.6948,0.0056,0.2996
HEARTS ACE SPADES FIVE,0.6846,0.0036,0.3118
CLUBS EIGHT SPADES TEN,0.8148,0.0218,0.1634
SPADES JACK HEARTS THREE,0.871,0.036,0.093
SPADES JACK DIAMONDS KING,0.679,0.0134,0.3076
SPADES TEN DIAMONDS KING,0.6976,0.0046,0.2978
SPADES TEN HEARTS THREE,0.823,0.025,0.152
SPADES JACK CLUBS EIGHT,0.8562,0.0354,0.1084
CLUBS SIX HEARTS ACE,0.7042,0.0022,0.2936
SPADES ACE CLUBS EIGHT,0.691,0.0054,0.3036
HEARTS FIVE CLUBS TEN,0.8282,0.0236,0.1482
CLUBS SIX HEARTS QUEEN,0.7068,0.01,0.2832
SPADES QUEEN CLUBS EIGHT,0.7102,0.0118,0.278
CLUBS TEN SPADES THREE,0.8444,0.024,0.1316
CLUBS SIX HEARTS KING,0.7154,0.0064,0.2782
SPADES KING CLUBS EIGHT,0.7088,0.0054,0.2858
DIAMONDS TWO HEARTS JACK,0.889,0.0382,0.0728
SPADES THREE CLUBS QUEEN,0.7052,0.0122,0.2826
DIAMONDS TWO HEARTS TEN,0.8464,0.0258,0.1278
SPADES THREE CLUBS KING,0.6928,0.0068,0.3004
HEARTS FIVE CLUBS ACE,0.6722,0.0026,0.3252
SPADES FIVE HEARTS TEN,0.832,0.0188,0.1492
SPADES THREE CLUBS ACE,0.6786,0.0028,0.3186
HEARTS FIVE CLUBS KING,0.6978,0.0072,0.295
SPADES FIVE HEARTS JACK,0.8652,0.036,0.0988
HEARTS FIVE CLUBS QUEEN,0.7054,0.0104,0.2842
HEARTS THREE CLUBS KING,0.6964,0.0068,0.2968
DIAMONDS KING CLUBS KING,0.1756,0.0376,0.7868
HEARTS THREE CLUBS QUEEN,0.7026,0.0118,0.2856
DIAMONDS KING CLUBS QUEEN,0.5596,0.0046,0.4358
HEARTS FIVE HEARTS JACK,0.8162,0.035,0.1488
HEARTS FIVE HEARTS TEN,0.793,0.0174,0.1896
HEARTS THREE CLUBS ACE,0.6796,0.0048,0.3156
DIAMONDS KING CLUBS ACE,0.5532,0.005,0.4418
SPADES ACE CLUBS QUEEN,0.5666,0.0046,0.4288
SPADES KING CLUBS QUEEN,0.5502,0.0052,0.4446
SPADES QUEEN CLUBS QUEEN,0.1762,0.0732,0.7506
CLUBS TEN HEARTS THREE,0.8358,0.0208,0.1434
CLUBS TEN DIAMONDS KING,0.6952,0.0054,0.2994
SPADES JACK CLUBS QUEEN,0.6458,0.0198,0.3344
CLUBS SIX CLUBS QUEEN,0.6776,0.0094,0.313
SPADES TEN CLUBS QUEEN,0.6942,0.0098,0.296
CLUBS SIX CLUBS KING,0.6834,0.007,0.3096
CLUBS SIX CLUBS ACE,0.658,0.0044,0.3376
HEARTS FIVE HEARTS KING,0.6616,0.006,0.3324
HEARTS FIVE HEARTS QUEEN,0.6704,0.0102,0.3194
CLUBS TEN CLUBS SIX,0.7926,0.0214,0.186
HEARTS FIVE HEARTS ACE,0.637,0.0034,0.3596
SPADES SEVEN HEARTS JACK,0.8686,0.0282,0.1032
SPADES SEVEN HEARTS TEN,0.8092,0.0212,0.1696
DIAMONDS TWO CLUBS TWO,0.724,0.1008,0.1752
DIAMONDS TWO CLUBS THREE,0.8154,0.0584,0.1262
DIAMONDS TWO HEARTS SIX,0.8196,0.0538,0.1266
DIAMONDS TWO HEARTS QUEEN,0.722,0.0094,0.2686
HEARTS SEVEN DIAMONDS TWO,0.8296,0.0432,0.1272
DIAMONDS TWO HEARTS KING,0.7162,0.0054,0.2784
DIAMONDS TWO HEARTS EIGHT,0.8324,0.0392,0.1284
DIAMONDS TWO HEARTS ACE,0.691,0.0022,0.3068
DIAMONDS TWO HEARTS NINE,0.8478,0.0272,0.125
DIAMONDS TWO DIAMONDS QUEEN,0.679,0.0088,0.3122
DIAMONDS TWO HEARTS TWO,0.7286,0.0948,0.1766
DIAMONDS TWO DIAMONDS KING,0.678,0.008,0.314
DIAMONDS TWO HEARTS THREE,0.8064,0.0536,0.14
DIAMONDS TWO DIAMONDS ACE,0.6564,0.0052,0.3384
HEARTS FOUR DIAMONDS TWO,0.7994,0.0468,0.1538
HEARTS FIVE DIAMONDS TWO,0.7862,0.0542,0.1596
SPADES SEVEN HEARTS ACE,0.6952,0.0034,0.3014
DIAMONDS TWO DIAMONDS TEN,0.8056,0.0208,0.1736
SPADES SEVEN HEARTS KING,0.6978,0.0048,0.2974
SPADES SEVEN HEARTS QUEEN,0.7188,0.0076,0.2736
DIAMONDS TWO SPADES NINE,0.8332,0.0316,0.1352
DIAMONDS TWO SPADES EIGHT,0.8216,0.042,0.1364
DIAMONDS TWO SPADES SEVEN,0.8304,0.0462,0.1234
DIAMONDS TWO SPADES SIX,0.8216,0.0444,0.134
DIAMONDS TWO SPADES FIVE,0.8004,0.0524,0.1472
DIAMONDS TWO SPADES FOUR,0.8078,0.0474,0.1448
DIAMONDS TWO SPADES THREE,0.8036,0.0564,0.14
DIAMONDS TWO SPADES TWO,0.7154,0.0974,0.1872
CLUBS NINE DIAMONDS TWO,0.8472,0.0332,0.1196
DIAMONDS TWO CLUBS EIGHT,0.8364,0.0414,0.1222
CLUBS SEVEN DIAMONDS TWO,0.8338,0.0442,0.122
DIAMONDS TWO CLUBS SIX,0.8324,0.0512,0.1164
DIAMONDS TWO CLUBS FIVE,0.8036,0.0564,0.14
DIAMONDS TWO CLUBS FOUR,0.8122,0.0488,0.139
CLUBS FOUR SPADES FIVE,0.7672,0.0488,0.184
CLUBS FOUR SPADES FOUR,0.7306,0.0858,0.1836
CLUBS FOUR SPADES THREE,0.7828,0.054,0.1632
CLUBS FOUR SPADES TWO,0.8124,0.053,0.1346
SPADES NINE CLUBS FOUR,0.8382,0.0266,0.1352
SPADES EIGHT CLUBS FOUR,0.8224,0.0404,0.1372
SPADES SEVEN CLUBS FOUR,0.7918,0.0482,0.16
CLUBS FOUR SPADES SIX,0.7856,0.0424,0.172
SPADES ACE DIAMONDS SIX,0.6956,0.004,0.3004
SPADES QUEEN DIAMONDS SIX,0.7026,0.012,0.2854
SPADES KING DIAMONDS SIX,0.709,0.0066,0.2844
SPADES TEN DIAMONDS SIX,0.8214,0.024,0.1546
SPADES JACK DIAMONDS SIX,0.8854,0.0364,0.0782
SPADES QUEEN SPADES TWO,0.6612,0.0106,0.3282
SPADES KING SPADES TWO,0.6704,0.0062,0.3234
SPADES ACE SPADES TWO,0.659,0.004,0.337
DIAMONDS THREE DIAMONDS TEN,0.8,0.0216,0.1784
DIAMONDS THREE DIAMONDS KING,0.6686,0.0068,0.3246
DIAMONDS THREE HEARTS THREE,0.7114,0.1024,0.1862
DIAMONDS THREE DIAMONDS QUEEN,0.6764,0.012,0.3116
DIAMONDS THREE HEARTS TWO,0.802,0.0498,0.1482
HEARTS FIVE DIAMONDS THREE,0.7782,0.0532,0.1686
DIAMONDS THREE DIAMONDS ACE,0.6458,0.0046,0.3496
HEARTS FOUR DIAMONDS THREE,0.7834,0.0506,0.166
HEARTS SEVEN DIAMONDS THREE,0.8252,0.0428,0.132
SPADES TEN SPADES NINE,0.779,0.0172,0.2038
HEARTS SIX DIAMONDS THREE,0.807,0.0462,0.1468
SPADES JACK SPADES NINE,0.7894,0.0304,0.1802
DIAMONDS THREE HEARTS NINE,0.833,0.0332,0.1338
HEARTS JACK DIAMONDS FOUR,0.873,0.0358,0.0912
HEARTS ACE HEARTS KING,0.5286,0.0042,0.4672
SPADES TEN SPADES TWO,0.7946,0.0186,0.1868
DIAMONDS THREE HEARTS EIGHT,0.8386,0.0368,0.1246
HEARTS TEN DIAMONDS FOUR,0.8298,0.0228,0.1474
SPADES JACK SPADES TWO,0.8354,0.0332,0.1314
HEARTS QUEEN DIAMONDS FOUR,0.7024,0.0104,0.2872
HEARTS KING DIAMONDS FOUR,0.7096,0.0066,0.2838
SPADES ACE SPADES NINE,0.668,0.0048,0.3272
HEARTS ACE DIAMONDS FOUR,0.6742,0.0028,0.323
SPADES KING SPADES NINE,0.67,0.0048,0.3252
SPADES QUEEN SPADES NINE,0.6566,0.0112,0.3322
DIAMONDS THREE SPADES NINE,0.841,0.0306,0.1284
DIAMONDS THREE SPADES EIGHT,0.8294,0.0366,0.134
DIAMONDS THREE SPADES SEVEN,0.814,0.0424,0.1436
DIAMONDS THREE SPADES SIX,0.8056,0.0458,0.1486
DIAMONDS THREE CLUBS SIX,0.8172,0.0462,0.1366
CLUBS FIVE CLUBS SIX,0.734,0.0494,0.2166
CLUBS ACE DIAMONDS FOUR,0.6798,0.005,0.3152
CLUBS SEVEN DIAMONDS THREE,0.8286,0.0466,0.1248
CLUBS SEVEN CLUBS FIVE,0.7514,0.0466,0.202
DIAMONDS THREE CLUBS FOUR,0.7954,0.0594,0.1452
DIAMONDS FOUR CLUBS QUEEN,0.7138,0.012,0.2742
DIAMONDS THREE CLUBS FIVE,0.776,0.0492,0.1748
DIAMONDS FOUR CLUBS KING,0.7086,0.0066,0.2848
DIAMONDS THREE CLUBS TWO,0.81,0.057,0.133
CLUBS TEN DIAMONDS FOUR,0.8352,0.027,0.1378
DIAMONDS THREE CLUBS THREE,0.7302,0.0964,0.1734
DIAMONDS THREE SPADES FOUR,0.7944,0.051,0.1546
DIAMONDS THREE SPADES FIVE,0.7846,0.0512,0.1642
DIAMONDS THREE SPADES TWO,0.8002,0.0542,0.1456
DIAMONDS THREE SPADES THREE,0.7162,0.0924,0.1914
CLUBS EIGHT DIAMONDS THREE,0.8314,0.0426,0.126
CLUBS NINE DIAMONDS THREE,0.8386,0.0322,0.1292
SPADES SEVEN CLUBS ACE,0.6886,0.0042,0.3072
SPADES SEVEN CLUBS QUEEN,0.7042,0.0116,0.2842
SPADES SEVEN CLUBS KING,0.6966,0.006,0.2974
CLUBS FIVE SPADES SEVEN,0.7862,0.0442,0.1696
CLUBS TEN SPADES SEVEN,0.8108,0.0202,0.169
CLUBS FIVE SPADES SIX,0.7712,0.0514,0.1774
CLUBS FIVE SPADES NINE,0.8134,0.0304,0.1562
CLUBS FIVE SPADES EIGHT,0.7958,0.04,0.1642
CLUBS FIVE SPADES THREE,0.7658,0.0544,0.1798
CLUBS FIVE SPADES TWO,0.812,0.0492,0.1388
CLUBS FIVE SPADES FIVE,0.719,0.0934,0.1876
CLUBS FIVE SPADES FOUR,0.7514,0.054,0.1946
CLUBS NINE CLUBS FIVE,0.799,0.0272,0.1738
CLUBS EIGHT CLUBS FIVE,0.7634,0.0378,0.1988
CLUBS ACE CLUBS QUEEN,0.5296,0.0052,0.4652
CLUBS KING CLUBS QUEEN,0.533,0.0052,0.4618
DIAMONDS TEN DIAMONDS FOUR,0.8026,0.0216,0.1758
CLUBS TEN DIAMONDS NINE,0.826,0.0212,0.1528
CLUBS TEN SPADES NINE,0.8128,0.0228,0.1644
DIAMONDS ACE DIAMONDS FOUR,0.6456,0.005,0.3494
HEARTS FOUR DIAMONDS FOUR,0.7276,0.0896,0.1828
SPADES NINE CLUBS KING,0.692,0.005,0.303
DIAMONDS TWO SPADES TEN,0.84,0.0214,0.1386
DIAMONDS NINE CLUBS ACE,0.6934,0.0044,0.3022
HEARTS FIVE DIAMONDS FOUR,0.761,0.0474,0.1916
SPADES NINE CLUBS QUEEN,0.692,0.0096,0.2984
DIAMONDS TWO SPADES JACK,0.8874,0.0346,0.078
DIAMONDS QUEEN DIAMONDS FOUR,0.6738,0.0096,0.3166
HEARTS TWO DIAMONDS FOUR,0.794,0.055,0.151
DIAMONDS NINE CLUBS QUEEN,0.6952,0.0102,0.2946
DIAMONDS KING DIAMONDS FOUR,0.6754,0.0066,0.318
HEARTS THREE DIAMONDS FOUR,0.7796,0.0536,0.1668
SPADES NINE CLUBS ACE,0.6898,0.0028,0.3074
DIAMONDS NINE CLUBS KING,0.6972,0.006,0.2968
SPADES ACE DIAMONDS TWO,0.6932,0.004,0.3028
SPADES QUEEN DIAMONDS TWO,0.7158,0.0124,0.2718
SPADES KING DIAMONDS TWO,0.7196,0.005,0.2754
SPADES JACK SPADES SEVEN,0.8166,0.0334,0.15
SPADES TEN SPADES SEVEN,0.773,0.0194,0.2076
CLUBS SEVEN CLUBS THREE,0.7884,0.0456,0.166
CLUBS SIX CLUBS THREE,0.7722,0.0512,0.1766
CLUBS FIVE CLUBS THREE,0.7382,0.0498,0.212
CLUBS THREE CLUBS FOUR,0.7534,0.055,0.1916
CLUBS NINE CLUBS THREE,0.805,0.0306,0.1644
CLUBS EIGHT CLUBS THREE,0.7942,0.0384,0.1674
CLUBS THREE SPADES FIVE,0.7816,0.0474,0.171
CLUBS THREE SPADES FOUR,0.791,0.0474,0.1616
CLUBS THREE SPADES THREE,0.7302,0.091,0.1788
CLUBS THREE SPADES TWO,0.8072,0.055,0.1378
CLUBS THREE SPADES SIX,0.8078,0.0488,0.1434
CLUBS THREE SPADES SEVEN,0.8184,0.0398,0.1418
SPADES EIGHT CLUBS THREE,0.8372,0.0366,0.1262
SPADES NINE CLUBS THREE,0.835,0.0312,0.1338
SPADES TWO DIAMONDS FOUR,0.7934,0.0564,0.1502
SPADES THREE DIAMONDS FOUR,0.786,0.0552,0.1588
SPADES FOUR DIAMONDS FOUR,0.7056,0.1,0.1944
SPADES FIVE DIAMONDS FOUR,0.7678,0.0482,0.184
SPADES SIX DIAMONDS FOUR,0.7824,0.05,0.1676
SPADES SEVEN DIAMONDS FOUR,0.795,0.0446,0.1604
SPADES EIGHT DIAMONDS FOUR,0.8086,0.0384,0.153
SPADES NINE DIAMONDS FOUR,0.8404,0.0318,0.1278
CLUBS FIVE DIAMONDS FOUR,0.7614,0.047,0.1916
CLUBS FOUR DIAMONDS FOUR,0.7344,0.0984,0.1672
CLUBS SEVEN DIAMONDS FOUR,0.792,0.0452,0.1628
CLUBS SIX DIAMONDS FOUR,0.7802,0.0532,0.1666
CLUBS NINE DIAMONDS FOUR,0.8382,0.0294,0.1324
CLUBS EIGHT DIAMONDS FOUR,0.8218,0.0404,0.1378
HEARTS SEVEN DIAMONDS FOUR,0.7982,0.0432,0.1586
HEARTS SIX DIAMONDS FOUR,0.7966,0.0484,0.155
DIAMONDS FOUR HEARTS NINE,0.8386,0.0262,0.1352
DIAMONDS FOUR HEARTS EIGHT,0.8156,0.0366,0.1478
CLUBS THREE DIAMONDS FOUR,0.7904,0.0524,0.1572
CLUBS TWO DIAMONDS FOUR,0.816,0.0508,0.1332
DIAMONDS TEN DIAMONDS FIVE,0.798,0.0252,0.1768
DIAMONDS NINE HEARTS QUEEN,0.6974,0.0106,0.292
DIAMONDS NINE HEARTS KING,0.701,0.0082,0.2908
HEARTS ACE DIAMONDS NINE,0.7064,0.004,0.2896
DIAMONDS NINE HEARTS TEN,0.8252,0.018,0.1568
DIAMONDS NINE HEARTS JACK,0.8356,0.0406,0.1238
CLUBS KING DIAMONDS SIX,0.7142,0.0068,0.279
CLUBS QUEEN DIAMONDS SIX,0.7076,0.011,0.2814
CLUBS ACE DIAMONDS SIX,0.6956,0.0052,0.2992
SPADES KING DIAMONDS FOUR,0.7066,0.0072,0.2862
SPADES ACE SPADES SEVEN,0.642,0.0048,0.3532
SPADES QUEEN DIAMONDS FOUR,0.71,0.011,0.279
SPADES QUEEN SPADES SEVEN,0.6712,0.008,0.3208
SPADES KING SPADES SEVEN,0.6688,0.0042,0.327
SPADES ACE DIAMONDS FOUR,0.682,0.0048,0.3132
CLUBS TEN DIAMONDS SIX,0.831,0.0222,0.1468
CLUBS NINE CLUBS FOUR,0.8024,0.0292,0.1684
CLUBS EIGHT CLUBS FOUR,0.7838,0.0382,0.178
SPADES JACK DIAMONDS FOUR,0.88,0.0366,0.0834
SPADES TEN DIAMONDS FOUR,0.8344,0.02,0.1456
CLUBS FIVE CLUBS FOUR,0.7298,0.048,0.2222
CLUBS SEVEN CLUBS FOUR,0.7714,0.045,0.1836
CLUBS SIX CLUBS FOUR,0.7484,0.0512,0.2004
CLUBS SEVEN SPADES EIGHT,0.773,0.0416,0.1854
CLUBS SEVEN SPADES NINE,0.786,0.0324,0.1816
CLUBS SEVEN SPADES SIX,0.7664,0.042,0.1916
CLUBS SEVEN SPADES SEVEN,0.713,0.091,0.196
CLUBS SEVEN SPADES FIVE,0.7812,0.0454,0.1734
CLUBS SEVEN SPADES FOUR,0.8044,0.041,0.1546
CLUBS SEVEN SPADES THREE,0.824,0.041,0.135
CLUBS SEVEN SPADES TWO,0.8262,0.041,0.1328
CLUBS NINE CLUBS SEVEN,0.7622,0.034,0.2038
CLUBS SEVEN CLUBS EIGHT,0.7362,0.0428,0.221
HEARTS SIX DIAMONDS FIVE,0.7698,0.047,0.1832
HEARTS SEVEN DIAMONDS FIVE,0.7772,0.047,0.1758
DIAMONDS FIVE HEARTS EIGHT,0.8122,0.0364,0.1514
DIAMONDS FIVE HEARTS NINE,0.8214,0.0302,0.1484
DIAMONDS QUEEN DIAMONDS FIVE,0.6612,0.0092,0.3296
HEARTS TWO DIAMONDS FIVE,0.7956,0.0532,0.1512
HEARTS KING HEARTS EIGHT,0.6652,0.0036,0.3312
DIAMONDS KING DIAMONDS FIVE,0.6676,0.0062,0.3262
HEARTS THREE DIAMONDS FIVE,0.7844,0.0512,0.1644
HEARTS QUEEN HEARTS EIGHT,0.6666,0.0084,0.325
DIAMONDS ACE DIAMONDS FIVE,0.6338,0.0046,0.3616
HEARTS FOUR DIAMONDS FIVE,0.7662,0.046,0.1878
HEARTS FIVE DIAMONDS FIVE,0.7116,0.0934,0.195
HEARTS ACE HEARTS EIGHT,0.6596,0.0026,0.3378
CLUBS FOUR DIAMONDS FIVE,0.7838,0.0482,0.168
CLUBS FIVE DIAMONDS FIVE,0.7156,0.0954,0.189
CLUBS SIX DIAMONDS FIVE,0.77,0.0448,0.1852
CLUBS SEVEN DIAMONDS FIVE,0.794,0.047,0.159
CLUBS TWO DIAMONDS FIVE,0.8024,0.057,0.1406
CLUBS THREE DIAMONDS FIVE,0.7808,0.0548,0.1644
SPADES THREE DIAMONDS FIVE,0.776,0.0514,0.1726
SPADES TWO DIAMONDS FIVE,0.795,0.0492,0.1558
SPADES JACK DIAMONDS EIGHT,0.8538,0.0358,0.1104
SPADES FIVE DIAMONDS FIVE,0.7118,0.0932,0.195
CLUBS TEN HEARTS JACK,0.8146,0.0356,0.1498
SPADES TEN DIAMONDS EIGHT,0.8014,0.0236,0.175
SPADES FOUR DIAMONDS FIVE,0.7606,0.0524,0.187
HEARTS JACK CLUBS QUEEN,0.6448,0.0202,0.335
CLUBS NINE DIAMONDS FIVE,0.8286,0.034,0.1374
HEARTS JACK CLUBS KING,0.6654,0.0208,0.3138
CLUBS EIGHT DIAMONDS FIVE,0.8114,0.038,0.1506
CLUBS ACE HEARTS JACK,0.6672,0.018,0.3148
SPADES SEVEN DIAMONDS FIVE,0.7846,0.0414,0.174
SPADES KING DIAMONDS EIGHT,0.707,0.0048,0.2882
SPADES QUEEN DIAMONDS EIGHT,0.6966,0.0112,0.2922
SPADES SIX DIAMONDS FIVE,0.7706,0.0452,0.1842
SPADES NINE DIAMONDS FIVE,0.8174,0.0298,0.1528
SPADES EIGHT DIAMONDS FIVE,0.8014,0.0324,0.1662
SPADES ACE DIAMONDS EIGHT,0.6878,0.0026,0.3096
DIAMONDS TEN DIAMONDS SIX,0.7828,0.0242,0.193
HEARTS ACE DIAMONDS SEVEN,0.7058,0.0022,0.292
HEARTS QUEEN DIAMONDS SEVEN,0.718,0.0116,0.2704
HEARTS KING DIAMONDS SEVEN,0.6966,0.0068,0.2966
DIAMONDS ACE DIAMONDS SIX,0.6634,0.004,0.3326
HEARTS FOUR DIAMONDS SIX,0.7796,0.0478,0.1726
SPADES TWO HEARTS JACK,0.8762,0.0406,0.0832
HEARTS FIVE DIAMONDS SIX,0.775,0.0478,0.1772
SPADES TWO HEARTS TEN,0.8388,0.0258,0.1354
DIAMONDS QUEEN DIAMONDS SIX,0.6788,0.009,0.3122
HEARTS TWO DIAMONDS SIX,0.8204,0.0496,0.13
DIAMONDS KING DIAMONDS SIX,0.6722,0.0048,0.323
HEARTS THREE DIAMONDS SIX,0.7966,0.047,0.1564
HEARTS EIGHT DIAMONDS SIX,0.778,0.0446,0.1774
HEARTS NINE DIAMONDS SIX,0.7924,0.0324,0.1752
HEARTS SIX DIAMONDS SIX,0.716,0.0948,0.1892
HEARTS SEVEN DIAMONDS SIX,0.7562,0.0438,0.2
HEARTS TEN DIAMONDS SEVEN,0.8204,0.0244,0.1552
CLUBS TWO DIAMONDS SIX,0.8298,0.0434,0.1268
HEARTS JACK DIAMONDS SEVEN,0.868,0.0366,0.0954
CLUBS THREE DIAMONDS SIX,0.8062,0.0494,0.1444
CLUBS SEVEN DIAMONDS SIX,0.7858,0.0416,0.1726
CLUBS SIX DIAMONDS SIX,0.7214,0.0902,0.1884
CLUBS TEN DIAMONDS EIGHT,0.8196,0.0256,0.1548
CLUBS FIVE DIAMONDS SIX,0.781,0.0482,0.1708
CLUBS FOUR DIAMONDS SIX,0.7886,0.0484,0.163
HEARTS ACE HEARTS JACK,0.6264,0.0158,0.3578
DIAMONDS EIGHT CLUBS ACE,0.6792,0.0048,0.316
HEARTS QUEEN HEARTS JACK,0.6242,0.0196,0.3562
DIAMONDS EIGHT CLUBS KING,0.7158,0.0078,0.2764
CLUBS NINE DIAMONDS SIX,0.8158,0.0298,0.1544
HEARTS KING HEARTS JACK,0.631,0.0158,0.3532
DIAMONDS EIGHT CLUBS QUEEN,0.709,0.0084,0.2826
CLUBS EIGHT DIAMONDS SIX,0.7786,0.0416,0.1798
SPADES TEN HEARTS KING,0.7126,0.0046,0.2828
SPADES FIVE DIAMONDS SIX,0.7642,0.0472,0.1886
HEARTS ACE SPADES TWO,0.685,0.0028,0.3122
SPADES JACK HEARTS KING,0.6824,0.0184,0.2992
SPADES FOUR DIAMONDS SIX,0.7702,0.0462,0.1836
SPADES THREE DIAMONDS SIX,0.7992,0.052,0.1488
HEARTS QUEEN SPADES TWO,0.7174,0.009,0.2736
SPADES ACE SPADES KING,0.5288,0.0044,0.4668
HEARTS KING SPADES TWO,0.709,0.0056,0.2854
SPADES TWO DIAMONDS SIX,0.8224,0.049,0.1286
HEARTS TEN HEARTS EIGHT,0.7718,0.0238,0.2044
SPADES NINE DIAMONDS SIX,0.8116,0.0294,0.159
HEARTS JACK HEARTS EIGHT,0.8086,0.0332,0.1582
SPADES EIGHT DIAMONDS SIX,0.7882,0.036,0.1758
SPADES SEVEN DIAMONDS SIX,0.7696,0.039,0.1914
SPADES SIX DIAMONDS SIX,0.711,0.1004,0.1886
SPADES KING HEARTS KING,0.1938,0.0328,0.7734
SPADES QUEEN HEARTS KING,0.5696,0.003,0.4274
CLUBS ACE CLUBS KING,0.5444,0.0044,0.4512
SPADES ACE HEARTS KING,0.5606,0.0028,0.4366
SPADES ACE HEARTS JACK,0.671,0.0146,0.3144
SPADES QUEEN HEARTS JACK,0.6688,0.0172,0.314
SPADES KING HEARTS JACK,0.671,0.0136,0.3154
SPADES TEN DIAMONDS TEN,0.7176,0.0968,0.1856
SPADES JACK DIAMONDS TEN,0.8282,0.0272,0.1446
SPADES ACE DIAMONDS TEN,0.7024,0.004,0.2936
SPADES JACK HEARTS JACK,0.019,0.9554,0.0256
SPADES TEN HEARTS JACK,0.8072,0.034,0.1588
SPADES QUEEN DIAMONDS TEN,0.6878,0.0124,0.2998
SPADES KING DIAMONDS TEN,0.7042,0.0062,0.2896
SPADES NINE DIAMONDS SEVEN,0.7952,0.031,0.1738
SPADES EIGHT DIAMONDS SEVEN,0.7806,0.042,0.1774
SPADES SEVEN DIAMONDS SEVEN,0.7214,0.0922,0.1864
SPADES SIX DIAMONDS SEVEN,0.7714,0.0448,0.1838
DIAMONDS KING DIAMONDS SEVEN,0.6694,0.0074,0.3232
HEARTS THREE DIAMONDS SEVEN,0.8114,0.0386,0.15
HEARTS KING DIAMONDS FIVE,0.6992,0.0046,0.2962
DIAMONDS QUEEN DIAMONDS SEVEN,0.6852,0.0106,0.3042
HEARTS TWO DIAMONDS SEVEN,0.83,0.0426,0.1274
HEARTS QUEEN DIAMONDS FIVE,0.7122,0.0084,0.2794
HEARTS FIVE DIAMONDS SEVEN,0.7818,0.0402,0.178
DIAMONDS ACE DIAMONDS SEVEN,0.6532,0.0034,0.3434
HEARTS FOUR DIAMONDS SEVEN,0.8048,0.0438,0.1514
HEARTS ACE DIAMONDS FIVE,0.678,0.0044,0.3176
HEARTS SEVEN DIAMONDS SEVEN,0.715,0.092,0.193
HEARTS SIX DIAMONDS SEVEN,0.7736,0.0428,0.1836
DIAMONDS SEVEN HEARTS NINE,0.7922,0.0264,0.1814
HEARTS EIGHT DIAMONDS SEVEN,0.7822,0.0336,0.1842
DIAMONDS FIVE HEARTS JACK,0.8806,0.0382,0.0812
DIAMONDS TEN DIAMONDS SEVEN,0.782,0.0232,0.1948
HEARTS TEN DIAMONDS FIVE,0.8448,0.0194,0.1358
SPADES KING CLUBS TWO,0.7126,0.0088,0.2786
HEARTS KING CLUBS KING,0.1868,0.0362,0.777
CLUBS EIGHT DIAMONDS SEVEN,0.7804,0.0416,0.178
SPADES QUEEN CLUBS TWO,0.7224,0.0138,0.2638
HEARTS KING CLUBS QUEEN,0.5678,0.0032,0.429
CLUBS NINE DIAMONDS SEVEN,0.8032,0.0356,0.1612
SPADES ACE CLUBS TWO,0.6986,0.0054,0.296
CLUBS TEN SPADES TWO,0.8432,0.0208,0.136
HEARTS KING CLUBS ACE,0.5468,0.0028,0.4504
CLUBS SEVEN CLUBS SIX,0.7416,0.0394,0.219
SPADES TWO CLUBS KING,0.708,0.0064,0.2856
SPADES TWO DIAMONDS SEVEN,0.842,0.042,0.116
CLUBS EIGHT CLUBS SIX,0.7372,0.0382,0.2246
SPADES THREE DIAMONDS SEVEN,0.8254,0.0414,0.1332
SPADES TWO CLUBS QUEEN,0.7074,0.009,0.2836
CLUBS NINE CLUBS SIX,0.766,0.0256,0.2084
SPADES FOUR DIAMONDS SEVEN,0.7962,0.047,0.1568
SPADES FIVE DIAMONDS SEVEN,0.7698,0.044,0.1862
SPADES TWO CLUBS ACE,0.6822,0.004,0.3138
CLUBS TEN HEARTS KING,0.7054,0.0052,0.2894
CLUBS SIX SPADES TWO,0.8124,0.0518,0.1358
CLUBS SIX SPADES THREE,0.7942,0.0484,0.1574
CLUBS TWO DIAMONDS SEVEN,0.8398,0.041,0.1192
CLUBS SIX SPADES FOUR,0.7892,0.0482,0.1626
CLUBS THREE DIAMONDS SEVEN,0.8284,0.0388,0.1328
CLUBS SIX SPADES FIVE,0.7744,0.0444,0.1812
CLUBS FOUR DIAMONDS SEVEN,0.8068,0.042,0.1512
CLUBS SIX SPADES SIX,0.7114,0.0952,0.1934
CLUBS FIVE DIAMONDS SEVEN,0.7876,0.0462,0.1662
CLUBS SIX SPADES SEVEN,0.7636,0.0492,0.1872
CLUBS SIX DIAMONDS SEVEN,0.7762,0.0396,0.1842
CLUBS SIX SPADES EIGHT,0.7886,0.04,0.1714
SPADES JACK CLUBS TWO,0.8836,0.0426,0.0738
CLUBS SEVEN DIAMONDS SEVEN,0.7178,0.1022,0.18
SPADES NINE CLUBS SIX,0.8094,0.0278,0.1628
SPADES TEN CLUBS TWO,0.8336,0.0246,0.1418
CLUBS TWO CLUBS QUEEN,0.6912,0.0098,0.299
CLUBS TWO CLUBS KING,0.6882,0.0062,0.3056
CLUBS THREE DIAMONDS EIGHT,0.8388,0.0438,0.1174
CLUBS TWO CLUBS ACE,0.6494,0.0056,0.345
CLUBS TWO DIAMONDS EIGHT,0.8408,0.0398,0.1194
HEARTS SEVEN DIAMONDS EIGHT,0.7894,0.031,0.1796
HEARTS SIX DIAMONDS EIGHT,0.794,0.0324,0.1736
DIAMONDS EIGHT HEARTS NINE,0.7948,0.0326,0.1726
CLUBS TEN CLUBS TWO,0.8034,0.0246,0.172
DIAMONDS EIGHT HEARTS EIGHT,0.7242,0.0902,0.1856
CLUBS NINE DIAMONDS EIGHT,0.8062,0.0292,0.1646
CLUBS EIGHT DIAMONDS EIGHT,0.7154,0.104,0.1806
CLUBS FIVE DIAMONDS EIGHT,0.8032,0.0364,0.1604
SPADES ACE SPADES THREE,0.6396,0.0044,0.356
CLUBS FOUR DIAMONDS EIGHT,0.8226,0.0348,0.1426
CLUBS SEVEN DIAMONDS EIGHT,0.7926,0.0366,0.1708
SPADES QUEEN SPADES THREE,0.6694,0.01,0.3206
CLUBS SIX DIAMONDS EIGHT,0.7802,0.0404,0.1794
SPADES KING SPADES THREE,0.6556,0.0068,0.3376
DIAMONDS EIGHT DIAMONDS QUEEN,0.6632,0.0108,0.326
HEARTS TWO DIAMONDS EIGHT,0.8232,0.0466,0.1302
DIAMONDS KING DIAMONDS EIGHT,0.6674,0.0068,0.3258
HEARTS THREE DIAMONDS EIGHT,0.8334,0.039,0.1276
DIAMONDS ACE DIAMONDS EIGHT,0.6628,0.0036,0.3336
HEARTS FOUR DIAMONDS EIGHT,0.8108,0.0394,0.1498
HEARTS FIVE DIAMONDS EIGHT,0.8028,0.0362,0.161
DIAMONDS EIGHT DIAMONDS TEN,0.7846,0.0246,0.1908
SPADES JACK SPADES THREE,0.8306,0.0356,0.1338
SPADES TEN SPADES THREE,0.7906,0.02,0.1894
CLUBS FOUR HEARTS ACE,0.6782,0.004,0.3178
CLUBS FOUR HEARTS QUEEN,0.7176,0.0086,0.2738
CLUBS FOUR HEARTS KING,0.7014,0.0044,0.2942
CLUBS SIX HEARTS TEN,0.8258,0.0206,0.1536
CLUBS SIX HEARTS JACK,0.8842,0.0338,0.082
DIAMONDS EIGHT SPADES FOUR,0.8118,0.0408,0.1474
SPADES FIVE DIAMONDS EIGHT,0.793,0.0414,0.1656
DIAMONDS EIGHT SPADES TWO,0.8358,0.0352,0.129
DIAMONDS EIGHT SPADES THREE,0.8286,0.0382,0.1332
CLUBS FOUR HEARTS JACK,0.8788,0.0428,0.0784
SPADES EIGHT DIAMONDS EIGHT,0.7184,0.0984,0.1832
SPADES TEN DIAMONDS QUEEN,0.6902,0.0088,0.301
SPADES TEN HEARTS TWO,0.8396,0.0222,0.1382
SPADES JACK HEARTS EIGHT,0.8446,0.036,0.1194
CLUBS FOUR HEARTS TEN,0.8352,0.022,0.1428
SPADES NINE DIAMONDS EIGHT,0.799,0.0308,0.1702
SPADES TEN HEARTS EIGHT,0.802,0.0244,0.1736
SPADES JACK HEARTS TWO,0.882,0.0374,0.0806
SPADES JACK DIAMONDS QUEEN,0.6508,0.02,0.3292
SPADES SIX DIAMONDS EIGHT,0.788,0.0342,0.1778
SPADES SEVEN DIAMONDS EIGHT,0.7912,0.037,0.1718
SPADES ACE HEARTS TWO,0.6756,0.0048,0.3196
SPADES ACE DIAMONDS QUEEN,0.5598,0.004,0.4362
SPADES ACE HEARTS EIGHT,0.6928,0.0032,0.304
SPADES KING HEARTS EIGHT,0.6938,0.0046,0.3016
SPADES QUEEN HEARTS TWO,0.7056,0.01,0.2844
SPADES QUEEN DIAMONDS QUEEN,0.1896,0.0752,0.7352
SPADES KING DIAMONDS QUEEN,0.5716,0.0034,0.425
SPADES KING HEARTS TWO,0.7128,0.0076,0.2796
SPADES QUEEN HEARTS EIGHT,0.6924,0.0098,0.2978
CLUBS TWO HEARTS TEN,0.8344,0.022,0.1436
CLUBS TWO HEARTS JACK,0.897,0.0362,0.0668
SPADES SEVEN DIAMONDS NINE,0.7924,0.0294,0.1782
SPADES SIX DIAMONDS NINE,0.7978,0.0302,0.172
SPADES NINE DIAMONDS NINE,0.7174,0.0972,0.1854
SPADES EIGHT DIAMONDS NINE,0.801,0.029,0.17
SPADES TEN CLUBS KING,0.6886,0.0066,0.3048
DIAMONDS NINE SPADES THREE,0.8318,0.033,0.1352
SPADES JACK CLUBS KING,0.673,0.0152,0.3118
DIAMONDS NINE SPADES TWO,0.8356,0.0316,0.1328
DIAMONDS NINE SPADES FIVE,0.8174,0.0298,0.1528
DIAMONDS NINE SPADES FOUR,0.8326,0.0384,0.129
CLUBS NINE DIAMONDS NINE,0.7334,0.1044,0.1622
CLUBS EIGHT DIAMONDS NINE,0.8012,0.0314,0.1674
CLUBS SIX DIAMONDS NINE,0.8098,0.0296,0.1606
SPADES JACK CLUBS FOUR,0.8754,0.038,0.0866
CLUBS SEVEN DIAMONDS NINE,0.7972,0.0322,0.1706
SPADES TEN CLUBS FOUR,0.8314,0.0238,0.1448
CLUBS FOUR DIAMONDS NINE,0.85,0.0276,0.1224
CLUBS FIVE DIAMONDS NINE,0.8226,0.0294,0.148
DIAMONDS NINE CLUBS TWO,0.8408,0.03,0.1292
CLUBS THREE DIAMONDS NINE,0.8444,0.0292,0.1264
DIAMONDS NINE HEARTS EIGHT,0.7876,0.03,0.1824
DIAMONDS NINE HEARTS NINE,0.7178,0.0922,0.19
HEARTS SIX DIAMONDS NINE,0.8114,0.0302,0.1584
HEARTS SEVEN DIAMONDS NINE,0.8048,0.0304,0.1648
CLUBS NINE CLUBS EIGHT,0.7714,0.0248,0.2038
DIAMONDS ACE DIAMONDS NINE,0.6606,0.004,0.3354
HEARTS FOUR DIAMONDS NINE,0.839,0.0308,0.1302
HEARTS FIVE DIAMONDS NINE,0.811,0.03,0.159
HEARTS ACE CLUBS TWO,0.683,0.0046,0.3124
SPADES ACE CLUBS FOUR,0.6694,0.0042,0.3264
DIAMONDS NINE DIAMONDS QUEEN,0.6712,0.0102,0.3186
HEARTS TWO DIAMONDS NINE,0.8324,0.0302,0.1374
CLUBS TWO HEARTS KING,0.723,0.007,0.27
SPADES KING CLUBS FOUR,0.697,0.007,0.296
DIAMONDS KING DIAMONDS NINE,0.6598,0.0042,0.336
HEARTS THREE DIAMONDS NINE,0.8346,0.0306,0.1348
CLUBS TWO HEARTS QUEEN,0.7172,0.0102,0.2726
SPADES QUEEN CLUBS FOUR,0.7114,0.012,0.2766
CLUBS EIGHT SPADES NINE,0.7996,0.0314,0.169
DIAMONDS NINE DIAMONDS TEN,0.7812,0.0216,0.1972
CLUBS EIGHT SPADES EIGHT,0.7094,0.1034,0.1872
CLUBS EIGHT SPADES SEVEN,0.7792,0.0358,0.185
CLUBS EIGHT SPADES SIX,0.7792,0.038,0.1828
CLUBS EIGHT SPADES FIVE,0.7974,0.0374,0.1652
CLUBS EIGHT SPADES FOUR,0.821,0.0386,0.1404
CLUBS EIGHT SPADES THREE,0.8302,0.0334,0.1364
CLUBS EIGHT SPADES TWO,0.8346,0.0366,0.1288
HEARTS SIX DIAMONDS TEN,0.8242,0.0176,0.1582
HEARTS SEVEN DIAMONDS TEN,0.8134,0.023,0.1636
DIAMONDS TEN HEARTS EIGHT,0.8052,0.0228,0.172
DIAMONDS TEN HEARTS NINE,0.8174,0.0228,0.1598
CLUBS TEN CLUBS FOUR,0.7958,0.0234,0.1808
CLUBS FOUR CLUBS KING,0.6692,0.0072,0.3236
CLUBS FOUR CLUBS QUEEN,0.6758,0.0118,0.3124
CLUBS TWO DIAMONDS TEN,0.8516,0.0218,0.1266
CLUBS THREE DIAMONDS TEN,0.8444,0.0224,0.1332
CLUBS FOUR CLUBS ACE,0.643,0.0046,0.3524
DIAMONDS QUEEN DIAMONDS TEN,0.6658,0.0106,0.3236
HEARTS TWO DIAMONDS TEN,0.8424,0.0256,0.132
DIAMONDS KING DIAMONDS TEN,0.6684,0.0084,0.3232
HEARTS THREE DIAMONDS TEN,0.8466,0.0218,0.1316
DIAMONDS ACE DIAMONDS TEN,0.6516,0.0062,0.3422
HEARTS FOUR DIAMONDS TEN,0.847,0.0206,0.1324
CLUBS EIGHT HEARTS JACK,0.8504,0.0358,0.1138
HEARTS FIVE DIAMONDS TEN,0.8396,0.024,0.1364
CLUBS EIGHT HEARTS TEN,0.8234,0.0244,0.1522
CLUBS EIGHT HEARTS QUEEN,0.7058,0.011,0.2832
CLUBS EIGHT HEARTS KING,0.708,0.0078,0.2842
CLUBS EIGHT HEARTS ACE,0.6932,0.0026,0.3042
CLUBS NINE SPADES THREE,0.8312,0.0324,0.1364
CLUBS NINE SPADES TWO,0.8294,0.0312,0.1394
CLUBS NINE SPADES FIVE,0.8206,0.0266,0.1528
CLUBS NINE SPADES FOUR,0.8322,0.0348,0.133
CLUBS NINE SPADES SEVEN,0.7964,0.031,0.1726
CLUBS NINE SPADES SIX,0.8066,0.029,0.1644
CLUBS NINE SPADES NINE,0.7166,0.092,0.1914
CLUBS TEN HEARTS EIGHT,0.814,0.021,0.165
CLUBS NINE SPADES EIGHT,0.8,0.0314,0.1686
HEARTS EIGHT CLUBS QUEEN,0.6974,0.0092,0.2934
CLUBS KING HEARTS EIGHT,0.7024,0.0066,0.291
CLUBS ACE HEARTS EIGHT,0.6994,0.003,0.2976
SPADES KING CLUBS KING,0.1768,0.0338,0.7894
SPADES QUEEN CLUBS KING,0.5638,0.0054,0.4308
SPADES ACE CLUBS KING,0.5566,0.0034,0.44
DIAMONDS ACE HEARTS TEN,0.6902,0.0038,0.306
HEARTS FOUR HEARTS TEN,0.7916,0.0198,0.1886
DIAMONDS ACE HEARTS JACK,0.6802,0.0166,0.3032
HEARTS FOUR HEARTS JACK,0.8312,0.0378,0.131
SPADES KING CLUBS FIVE,0.6908,0.0072,0.302
SPADES QUEEN CLUBS FIVE,0.7108,0.012,0.2772
SPADES ACE CLUBS FIVE,0.675,0.0024,0.3226
SPADES ACE SPADES SIX,0.6488,0.0028,0.3484
HEARTS ACE SPADES FOUR,0.6726,0.0024,0.325
SPADES QUEEN SPADES SIX,0.6764,0.0078,0.3158
SPADES FOUR HEARTS QUEEN,0.7066,0.0116,0.2818
SPADES KING SPADES SIX,0.6734,0.0054,0.3212
SPADES FOUR HEARTS KING,0.7046,0.0066,0.2888
SPADES TEN SPADES SIX,0.7738,0.0238,0.2024
SPADES JACK SPADES SIX,0.8182,0.0444,0.1374
SPADES ACE DIAMONDS THREE,0.6934,0.0042,0.3024
SPADES QUEEN DIAMONDS THREE,0.7176,0.0106,0.2718
SPADES KING DIAMONDS THREE,0.7028,0.006,0.2912
SPADES TEN CLUBS FIVE,0.8314,0.0218,0.1468
SPADES JACK HEARTS SIX,0.8732,0.036,0.0908
HEARTS SIX SPADES TEN,0.8138,0.0192,0.167
SPADES JACK CLUBS FIVE,0.8746,0.0396,0.0858
SPADES JACK DIAMONDS THREE,0.8766,0.0412,0.0822
CLUBS SEVEN CLUBS ACE,0.659,0.0026,0.3384
DIAMONDS THREE SPADES TEN,0.8352,0.0236,0.1412
CLUBS SEVEN CLUBS QUEEN,0.669,0.0108,0.3202
CLUBS SEVEN CLUBS KING,0.6634,0.0062,0.3304
CLUBS TEN CLUBS SEVEN,0.7822,0.0208,0.197
DIAMONDS ACE HEARTS ACE,0.1784,0.0056,0.816
HEARTS FOUR HEARTS ACE,0.6254,0.0042,0.3704
SPADES ACE HEARTS SIX,0.7008,0.0024,0.2968
DIAMONDS ACE HEARTS KING,0.5576,0.0038,0.4386
HEARTS FOUR HEARTS KING,0.679,0.004,0.317
SPADES KING HEARTS SIX,0.7112,0.0038,0.285
DIAMONDS ACE HEARTS QUEEN,0.5538,0.005,0.4412
HEARTS FOUR HEARTS QUEEN,0.6654,0.0122,0.3224
SPADES QUEEN HEARTS SIX,0.7042,0.0096,0.2862
DIAMONDS TEN SPADES TWO,0.8322,0.0266,0.1412
SPADES THREE DIAMONDS TEN,0.8414,0.0234,0.1352
SPADES FOUR DIAMONDS TEN,0.834,0.0214,0.1446
SPADES FIVE DIAMONDS TEN,0.8322,0.0222,0.1456
SPADES SIX DIAMONDS TEN,0.8196,0.0244,0.156
SPADES SEVEN DIAMONDS TEN,0.8182,0.0222,0.1596
SPADES EIGHT DIAMONDS TEN,0.82,0.023,0.157
SPADES NINE DIAMONDS TEN,0.8104,0.0256,0.164
CLUBS FOUR DIAMONDS TEN,0.839,0.0216,0.1394
CLUBS FIVE DIAMONDS TEN,0.8382,0.0218,0.14
CLUBS SIX DIAMONDS TEN,0.8316,0.0258,0.1426
CLUBS SEVEN DIAMONDS TEN,0.8292,0.0218,0.149
CLUBS EIGHT DIAMONDS TEN,0.8176,0.0244,0.158
CLUBS NINE DIAMONDS TEN,0.827,0.0238,0.1492
CLUBS TEN DIAMONDS THREE,0.854,0.021,0.125
DIAMONDS THREE CLUBS KING,0.7206,0.0072,0.2722
DIAMONDS THREE CLUBS QUEEN,0.7054,0.0116,0.283
DIAMONDS THREE CLUBS ACE,0.69,0.0066,0.3034
SPADES FOUR HEARTS JACK,0.8642,0.0386,0.0972
SPADES FOUR HEARTS TEN,0.8208,0.024,0.1552
SPADES FIVE SPADES TWO,0.7428,0.0494,0.2078
SPADES FOUR SPADES TWO,0.7628,0.0486,0.1886
SPADES THREE SPADES TWO,0.757,0.0532,0.1898
SPADES NINE SPADES TWO,0.797,0.0312,0.1718
SPADES EIGHT SPADES TWO,0.7914,0.039,0.1696
SPADES SEVEN SPADES TWO,0.7844,0.04,0.1756
SPADES SIX SPADES TWO,0.7876,0.0456,0.1668
CLUBS THREE DIAMONDS QUEEN,0.7142,0.0134,0.2724
CLUBS THREE HEARTS TWO,0.8082,0.0592,0.1326
CLUBS TWO DIAMONDS QUEEN,0.7186,0.0114,0.27
HEARTS TWO CLUBS TWO,0.7142,0.098,0.1878
HEARTS SEVEN DIAMONDS QUEEN,0.6996,0.0138,0.2866
HEARTS SEVEN HEARTS TWO,0.786,0.045,0.169
HEARTS SIX DIAMONDS QUEEN,0.705,0.0096,0.2854
HEARTS SIX HEARTS TWO,0.7772,0.0464,0.1764
DIAMONDS QUEEN HEARTS NINE,0.6924,0.0112,0.2964
HEARTS TWO HEARTS NINE,0.7872,0.0248,0.188
DIAMONDS QUEEN HEARTS EIGHT,0.6828,0.0118,0.3054
HEARTS TWO HEARTS EIGHT,0.7844,0.0348,0.1808
CLUBS NINE HEARTS TWO,0.838,0.034,0.128
CLUBS NINE DIAMONDS QUEEN,0.7042,0.0098,0.286
CLUBS EIGHT HEARTS TWO,0.8372,0.039,0.1238
CLUBS EIGHT DIAMONDS QUEEN,0.699,0.0122,0.2888
CLUBS FIVE DIAMONDS QUEEN,0.7206,0.0102,0.2692
CLUBS FIVE HEARTS TWO,0.7972,0.0454,0.1574
SPADES EIGHT HEARTS ACE,0.6876,0.002,0.3104
CLUBS FOUR DIAMONDS QUEEN,0.7214,0.0104,0.2682
CLUBS FOUR HEARTS TWO,0.8008,0.0514,0.1478
CLUBS SEVEN DIAMONDS QUEEN,0.7116,0.0098,0.2786
CLUBS SEVEN HEARTS TWO,0.8354,0.0416,0.123
SPADES EIGHT HEARTS QUEEN,0.7044,0.0104,0.2852
CLUBS SIX DIAMONDS QUEEN,0.7164,0.0114,0.2722
CLUBS SIX HEARTS TWO,0.8234,0.0456,0.131
SPADES EIGHT HEARTS KING,0.6944,0.005,0.3006
HEARTS TWO SPADES SIX,0.8086,0.0496,0.1418
SPADES SIX DIAMONDS QUEEN,0.7112,0.0102,0.2786
HEARTS FOUR CLUBS QUEEN,0.7064,0.0102,0.2834
DIAMONDS ACE CLUBS QUEEN,0.5544,0.0042,0.4414
SPADES SEVEN DIAMONDS QUEEN,0.7044,0.0134,0.2822
SPADES SEVEN HEARTS TWO,0.8264,0.0406,0.133
HEARTS FOUR CLUBS KING,0.6884,0.0066,0.305
DIAMONDS ACE CLUBS KING,0.5418,0.0046,0.4536
SPADES EIGHT DIAMONDS QUEEN,0.6996,0.0114,0.289
SPADES EIGHT HEARTS TWO,0.8124,0.041,0.1466
HEARTS FOUR CLUBS ACE,0.666,0.0046,0.3294
DIAMONDS ACE CLUBS ACE,0.182,0.0044,0.8136
SPADES NINE DIAMONDS QUEEN,0.6872,0.0094,0.3034
SPADES NINE HEARTS TWO,0.8298,0.027,0.1432
HEARTS TWO SPADES TWO,0.728,0.087,0.185
DIAMONDS QUEEN SPADES TWO,0.7106,0.0118,0.2776
HEARTS TWO SPADES THREE,0.7972,0.0528,0.15
DIAMONDS QUEEN SPADES THREE,0.6892,0.0112,0.2996
HEARTS TWO SPADES FOUR,0.785,0.0554,0.1596
SPADES FOUR DIAMONDS QUEEN,0.7066,0.0114,0.282
CLUBS TEN HEARTS FOUR,0.8364,0.023,0.1406
CLUBS TEN DIAMONDS ACE,0.6918,0.005,0.3032
HEARTS TWO SPADES FIVE,0.7998,0.0496,0.1506
SPADES FIVE DIAMONDS QUEEN,0.7138,0.0106,0.2756
CLUBS FIVE CLUBS KING,0.662,0.0056,0.3324
CLUBS FIVE CLUBS QUEEN,0.669,0.0108,0.3202
CLUBS FIVE CLUBS ACE,0.6478,0.0042,0.348
CLUBS TEN CLUBS FIVE,0.7944,0.0268,0.1788
SPADES SIX CLUBS KING,0.6938,0.0068,0.2994
SPADES SIX CLUBS QUEEN,0.7064,0.01,0.2836
SPADES EIGHT HEARTS JACK,0.8528,0.0324,0.1148
SPADES SIX CLUBS ACE,0.6846,0.0036,0.3118
SPADES EIGHT HEARTS TEN,0.8078,0.0246,0.1676
CLUBS TEN SPADES SIX,0.814,0.0274,0.1586
SPADES QUEEN CLUBS SEVEN,0.7122,0.0106,0.2772
SPADES KING CLUBS SEVEN,0.7058,0.0036,0.2906
SPADES ACE CLUBS SEVEN,0.6896,0.0034,0.307
SPADES SIX HEARTS TEN,0.814,0.0192,0.1668
SPADES SIX HEARTS JACK,0.8708,0.0404,0.0888
SPADES SIX HEARTS ACE,0.6982,0.0016,0.3002
SPADES SIX HEARTS KING,0.69,0.0064,0.3036
SPADES SIX HEARTS QUEEN,0.7078,0.0092,0.283
CLUBS SEVEN SPADES JACK,0.8658,0.033,0.1012
CLUBS SEVEN SPADES TEN,0.817,0.0232,0.1598
CLUBS TEN HEARTS SIX,0.8234,0.0238,0.1528
HEARTS SIX CLUBS QUEEN,0.6984,0.0112,0.2904
HEARTS SIX CLUBS KING,0.6844,0.0046,0.311
HEARTS SIX CLUBS ACE,0.6932,0.0044,0.3024
DIAMONDS THREE HEARTS ACE,0.679,0.0036,0.3174
DIAMONDS THREE HEARTS QUEEN,0.7238,0.0072,0.269
DIAMONDS THREE HEARTS KING,0.7056,0.0048,0.2896
CLUBS FIVE HEARTS JACK,0.873,0.0376,0.0894
SPADES TEN DIAMONDS ACE,0.6772,0.0032,0.3196
HEARTS FOUR SPADES TEN,0.8268,0.0214,0.1518
CLUBS FIVE HEARTS TEN,0.8356,0.0232,0.1412
HEARTS FOUR SPADES JACK,0.8768,0.0386,0.0846
SPADES JACK DIAMONDS ACE,0.6612,0.018,0.3208
SPADES ACE HEARTS FOUR,0.6624,0.0032,0.3344
SPADES ACE DIAMONDS ACE,0.1838,0.0044,0.8118
CLUBS FIVE HEARTS ACE,0.6726,0.004,0.3234
CLUBS FIVE HEARTS KING,0.7084,0.0054,0.2862
HEARTS FOUR SPADES QUEEN,0.7078,0.0094,0.2828
SPADES QUEEN DIAMONDS ACE,0.5632,0.0032,0.4336
CLUBS FIVE HEARTS QUEEN,0.7044,0.011,0.2846
SPADES KING DIAMONDS ACE,0.5614,0.0028,0.4358
SPADES KING HEARTS FOUR,0.6968,0.0034,0.2998
CLUBS TEN SPADES FOUR,0.8304,0.0234,0.1462
DIAMONDS ACE DIAMONDS QUEEN,0.5204,0.0068,0.4728
DIAMONDS ACE HEARTS TWO,0.6752,0.0042,0.3206
HEARTS FOUR DIAMONDS QUEEN,0.6994,0.0106,0.29
HEARTS FOUR HEARTS TWO,0.7576,0.0452,0.1972
DIAMONDS THREE HEARTS TEN,0.8372,0.024,0.1388
SPADES FOUR CLUBS KING,0.7104,0.005,0.2846
HEARTS FIVE DIAMONDS QUEEN,0.6968,0.0118,0.2914
HEARTS FIVE HEARTS TWO,0.7454,0.0498,0.2048
DIAMONDS THREE HEARTS JACK,0.884,0.0374,0.0786
SPADES FOUR CLUBS QUEEN,0.701,0.0112,0.2878
HEARTS TWO DIAMONDS QUEEN,0.7186,0.01,0.2714
DIAMONDS KING DIAMONDS QUEEN,0.5214,0.005,0.4736
DIAMONDS KING HEARTS TWO,0.6994,0.0068,0.2938
HEARTS THREE DIAMONDS QUEEN,0.711,0.0084,0.2806
HEARTS THREE HEARTS TWO,0.7676,0.0514,0.181
SPADES FOUR CLUBS ACE,0.6656,0.005,0.3294
HEARTS TWO CLUBS ACE,0.6782,0.0038,0.318
DIAMONDS QUEEN CLUBS ACE,0.563,0.0044,0.4326
HEARTS TWO CLUBS QUEEN,0.711,0.0116,0.2774
DIAMONDS QUEEN CLUBS QUEEN,0.167,0.0704,0.7626
HEARTS TWO CLUBS KING,0.709,0.0076,0.2834
DIAMONDS QUEEN CLUBS KING,0.5558,0.005,0.4392
SPADES EIGHT SPADES FIVE,0.7518,0.0378,0.2104
CLUBS TEN HEARTS TWO,0.8466,0.0212,0.1322
CLUBS TEN DIAMONDS QUEEN,0.693,0.0108,0.2962
SPADES NINE SPADES FIVE,0.7704,0.0288,0.2008
SPADES SIX SPADES FIVE,0.719,0.0486,0.2324
SPADES SEVEN SPADES FIVE,0.7352,0.0392,0.2256
DIAMONDS FIVE CLUBS QUEEN,0.7122,0.012,0.2758
SPADES EIGHT CLUBS ACE,0.6816,0.0034,0.315
DIAMONDS FIVE CLUBS KING,0.685,0.005,0.31
SPADES EIGHT CLUBS KING,0.702,0.0068,0.2912
DIAMONDS FIVE CLUBS ACE,0.6756,0.005,0.3194
SPADES EIGHT CLUBS QUEEN,0.706,0.0098,0.2842
CLUBS TEN SPADES EIGHT,0.8202,0.023,0.1568
CLUBS TEN DIAMONDS FIVE,0.8344,0.0206,0.145
DIAMONDS TEN HEARTS JACK,0.8252,0.0326,0.1422
DIAMONDS TEN HEARTS TEN,0.7272,0.1028,0.17
SPADES ACE CLUBS NINE,0.7096,0.0042,0.2862
CLUBS NINE SPADES QUEEN,0.7016,0.0098,0.2886
CLUBS NINE SPADES KING,0.6986,0.0074,0.294
HEARTS SIX HEARTS KING,0.6694,0.0066,0.324
DIAMONDS KING SPADES SEVEN,0.6844,0.0052,0.3104
HEARTS THREE SPADES SEVEN,0.797,0.0452,0.1578
SPADES KING DIAMONDS SEVEN,0.7122,0.0044,0.2834
HEARTS SIX HEARTS QUEEN,0.6686,0.01,0.3214
SPADES QUEEN DIAMONDS SEVEN,0.6998,0.0124,0.2878
HEARTS THREE SPADES SIX,0.8056,0.0436,0.1508
DIAMONDS KING SPADES SIX,0.6904,0.0048,0.3048
SPADES NINE DIAMONDS KING,0.6974,0.0046,0.298
SPADES NINE HEARTS THREE,0.8294,0.0272,0.1434
HEARTS SIX HEARTS ACE,0.6568,0.003,0.3402
DIAMONDS KING SPADES EIGHT,0.706,0.0058,0.2882
SPADES EIGHT HEARTS THREE,0.8286,0.0346,0.1368
SPADES ACE DIAMONDS SEVEN,0.692,0.0046,0.3034
CLUBS NINE HEARTS THREE,0.838,0.0328,0.1292
CLUBS NINE DIAMONDS KING,0.7044,0.0086,0.287
CLUBS EIGHT HEARTS THREE,0.8252,0.0378,0.137
CLUBS EIGHT DIAMONDS KING,0.7158,0.007,0.2772
HEARTS THREE SPADES THREE,0.7158,0.0904,0.1938
DIAMONDS KING SPADES THREE,0.6944,0.0064,0.2992
HEARTS THREE SPADES TWO,0.8016,0.0496,0.1488
DIAMONDS KING SPADES TWO,0.705,0.0076,0.2874
HEARTS THREE SPADES FIVE,0.7752,0.0496,0.1752
DIAMONDS KING SPADES FIVE,0.7012,0.0048,0.294
HEARTS THREE SPADES FOUR,0.7898,0.0482,0.162
DIAMONDS KING SPADES FOUR,0.694,0.0054,0.3006
DIAMONDS KING CLUBS TWO,0.7144,0.006,0.2796
HEARTS THREE CLUBS TWO,0.8068,0.049,0.1442
DIAMONDS KING CLUBS THREE,0.7118,0.0064,0.2818
CLUBS THREE HEARTS THREE,0.7374,0.0822,0.1804
DIAMONDS KING CLUBS FOUR,0.7092,0.0062,0.2846
HEARTS THREE CLUBS FOUR,0.7856,0.053,0.1614
