opposingHand,winningChance,drawChance,lostChance
CLUBS FOUR SPADES FOUR
HEARTS FIVE SPADES TEN,0.5364,0.067,0.3966
SPADES JACK HEARTS FIVE,0.5534,0.0442,0.4024
SPADES FIVE CLUBS JACK,0.5342,0.0474,0.4184
CLUBS TEN SPADES FIVE,0.5418,0.0638,0.3944
CLUBS EIGHT CLUBS JACK,0.4958,0.0318,0.4724
CLUBS TEN CLUBS EIGHT,0.4738,0.0488,0.4774
CLUBS EIGHT CLUBS KING,0.4968,0.0116,0.4916
SPADES FIVE CLUBS ACE,0.5252,0.0062,0.4686
CLUBS EIGHT CLUBS QUEEN,0.507,0.0264,0.4666
SPADES FIVE CLUBS KING,0.5444,0.0192,0.4364
SPADES FIVE CLUBS QUEEN,0.5438,0.0318,0.4244
CLUBS EIGHT CLUBS ACE,0.4912,0.007,0.5018
DIAMONDS TWO DIAMONDS THREE,0.6748,0.1628,0.1624
DIAMONDS TWO DIAMONDS FIVE,0.589,0.151,0.26
SPADES KING HEARTS FIVE,0.5314,0.0182,0.4504
DIAMONDS TWO DIAMONDS FOUR,0.7334,0.1294,0.1372
SPADES QUEEN HEARTS FIVE,0.5562,0.0328,0.411
DIAMONDS TWO DIAMONDS SEVEN,0.6054,0.115,0.2796
DIAMONDS TWO DIAMONDS SIX,0.592,0.1292,0.2788
SPADES ACE HEARTS FIVE,0.5392,0.005,0.4558
DIAMONDS TWO DIAMONDS NINE,0.5944,0.0864,0.3192
DIAMONDS TWO DIAMONDS EIGHT,0.6076,0.0954,0.297
DIAMONDS THREE DIAMONDS FOUR,0.7154,0.1312,0.1534
DIAMONDS THREE DIAMONDS FIVE,0.5806,0.151,0.2684
CLUBS TWO SPADES FIVE,0.6194,0.153,0.2276
CLUBS TWO SPADES TWO,0.5266,0.3098,0.1636
CLUBS TWO SPADES THREE,0.7326,0.1688,0.0986
DIAMONDS THREE DIAMONDS EIGHT,0.6026,0.1056,0.2918
SPADES EIGHT CLUBS TWO,0.6422,0.1078,0.25
DIAMONDS THREE DIAMONDS NINE,0.5834,0.0808,0.3358
SPADES NINE CLUBS TWO,0.648,0.084,0.268
DIAMONDS THREE DIAMONDS SIX,0.606,0.126,0.268
CLUBS TWO SPADES SIX,0.635,0.1418,0.2232
DIAMONDS THREE DIAMONDS SEVEN,0.5928,0.1184,0.2888
CLUBS TWO SPADES SEVEN,0.6512,0.1194,0.2294
CLUBS SIX CLUBS TWO,0.5914,0.1356,0.273
CLUBS SEVEN CLUBS TWO,0.6108,0.119,0.2702
CLUBS FIVE CLUBS TWO,0.6062,0.151,0.2428
CLUBS TEN CLUBS JACK,0.4708,0.026,0.5032
DIAMONDS FOUR DIAMONDS SIX,0.591,0.0962,0.3128
CLUBS TEN CLUBS QUEEN,0.4704,0.0186,0.511
DIAMONDS FOUR DIAMONDS SEVEN,0.6046,0.0824,0.313
CLUBS TEN CLUBS KING,0.4922,0.0088,0.499
CLUBS TEN CLUBS ACE,0.4928,0.005,0.5022
CLUBS EIGHT CLUBS TWO,0.6006,0.1032,0.2962
DIAMONDS FIVE DIAMONDS FOUR,0.5582,0.1186,0.3232
CLUBS NINE CLUBS TWO,0.5972,0.0834,0.3194
DIAMONDS NINE DIAMONDS FOUR,0.6218,0.067,0.3112
DIAMONDS EIGHT DIAMONDS FOUR,0.6062,0.0708,0.323
CLUBS TWO CLUBS THREE,0.6872,0.1638,0.149
DIAMONDS NINE DIAMONDS FIVE,0.5118,0.081,0.4072
DIAMONDS TWO CLUBS JACK,0.6308,0.0528,0.3164
DIAMONDS EIGHT DIAMONDS FIVE,0.5142,0.0878,0.398
CLUBS TEN DIAMONDS TWO,0.6438,0.07,0.2862
DIAMONDS FIVE DIAMONDS SEVEN,0.4822,0.1106,0.4072
DIAMONDS FIVE DIAMONDS SIX,0.4854,0.1202,0.3944
DIAMONDS TWO CLUBS ACE,0.6264,0.004,0.3696
DIAMONDS TWO CLUBS KING,0.6416,0.0204,0.338
DIAMONDS TWO CLUBS QUEEN,0.6388,0.0306,0.3306
DIAMONDS EIGHT DIAMONDS SIX,0.4986,0.0844,0.417
DIAMONDS NINE DIAMONDS SIX,0.4928,0.0702,0.437
HEARTS ACE SPADES THREE,0.6372,0.0068,0.356
HEARTS KING SPADES THREE,0.6438,0.0206,0.3356
DIAMONDS SEVEN DIAMONDS SIX,0.4924,0.1018,0.4058
SPADES THREE HEARTS QUEEN,0.6492,0.0328,0.318
SPADES THREE HEARTS JACK,0.6514,0.0546,0.294
SPADES THREE HEARTS TEN,0.6426,0.068,0.2894
DIAMONDS EIGHT DIAMONDS SEVEN,0.4788,0.085,0.4362
DIAMONDS NINE DIAMONDS SEVEN,0.483,0.0682,0.4488
DIAMONDS NINE DIAMONDS EIGHT,0.4788,0.058,0.4632
DIAMONDS KING HEARTS TEN,0.5212,0.0088,0.47
HEARTS THREE HEARTS TEN,0.5982,0.0636,0.3382
SPADES JACK CLUBS SIX,0.5452,0.041,0.4138
DIAMONDS KING HEARTS JACK,0.511,0.0072,0.4818
HEARTS THREE HEARTS JACK,0.5974,0.0474,0.3552
SPADES TEN CLUBS SIX,0.5348,0.0584,0.4068
SPADES JACK SPADES FIVE,0.521,0.0436,0.4354
SPADES TEN SPADES FIVE,0.525,0.0644,0.4106
DIAMONDS KING HEARTS ACE,0.531,0.004,0.465
HEARTS THREE HEARTS ACE,0.6052,0.0032,0.3916
SPADES ACE CLUBS SIX,0.5296,0.0046,0.4658
DIAMONDS KING HEARTS QUEEN,0.5068,0.006,0.4872
HEARTS THREE HEARTS QUEEN,0.612,0.034,0.354
SPADES KING CLUBS SIX,0.5338,0.016,0.4502
DIAMONDS KING HEARTS KING,0.1938,0.035,0.7712
HEARTS THREE HEARTS KING,0.6044,0.0156,0.38
SPADES QUEEN CLUBS SIX,0.5422,0.0326,0.4252
SPADES NINE HEARTS TEN,0.4978,0.0468,0.4554
SPADES NINE HEARTS JACK,0.4946,0.0348,0.4706
SPADES QUEEN SPADES FIVE,0.523,0.0378,0.4392
SPADES KING SPADES FIVE,0.5298,0.0192,0.451
SPADES ACE SPADES FIVE,0.5012,0.0066,0.4922
SPADES NINE HEARTS QUEEN,0.514,0.0212,0.4648
SPADES NINE HEARTS KING,0.5172,0.0142,0.4686
SPADES NINE HEARTS ACE,0.5326,0.0048,0.4626
CLUBS TEN SPADES JACK,0.4954,0.0296,0.475
CLUBS TEN SPADES TEN,0.1912,0.1142,0.6946
SPADES ACE CLUBS TEN,0.513,0.004,0.483
SPADES KING CLUBS TEN,0.5012,0.0114,0.4874
CLUBS TEN SPADES QUEEN,0.5084,0.019,0.4726
SPADES FIVE HEARTS QUEEN,0.5348,0.0328,0.4324
HEARTS KING SPADES FIVE,0.5498,0.0168,0.4334
SPADES FIVE HEARTS ACE,0.5326,0.0064,0.461
CLUBS EIGHT SPADES TEN,0.5084,0.0482,0.4434
HEARTS THREE SPADES JACK,0.6328,0.0584,0.3088
SPADES JACK DIAMONDS KING,0.5176,0.0082,0.4742
SPADES TEN DIAMONDS KING,0.5246,0.0102,0.4652
HEARTS THREE SPADES TEN,0.6242,0.0634,0.3124
SPADES JACK CLUBS EIGHT,0.5102,0.0366,0.4532
CLUBS SIX HEARTS ACE,0.5448,0.005,0.4502
SPADES ACE CLUBS EIGHT,0.5268,0.0062,0.467
HEARTS FIVE CLUBS JACK,0.5408,0.0432,0.416
CLUBS TEN HEARTS FIVE,0.5368,0.0614,0.4018
CLUBS SIX HEARTS QUEEN,0.5424,0.0238,0.4338
SPADES QUEEN CLUBS EIGHT,0.5304,0.0258,0.4438
CLUBS TEN SPADES THREE,0.6432,0.0742,0.2826
CLUBS SIX HEARTS KING,0.5474,0.015,0.4376
SPADES KING CLUBS EIGHT,0.5276,0.0148,0.4576
SPADES THREE CLUBS JACK,0.6404,0.0536,0.306
DIAMONDS TWO HEARTS JACK,0.6462,0.0468,0.307
SPADES THREE CLUBS QUEEN,0.6474,0.0352,0.3174
DIAMONDS TWO HEARTS TEN,0.6446,0.0646,0.2908
SPADES THREE CLUBS KING,0.636,0.0204,0.3436
HEARTS FIVE CLUBS ACE,0.5282,0.0054,0.4664
SPADES FIVE HEARTS TEN,0.5452,0.058,0.3968
SPADES THREE CLUBS ACE,0.6256,0.0084,0.366
HEARTS FIVE CLUBS KING,0.5314,0.0142,0.4544
SPADES FIVE HEARTS JACK,0.5414,0.043,0.4156
HEARTS FIVE CLUBS QUEEN,0.544,0.0332,0.4228
HEARTS THREE CLUBS KING,0.6332,0.0202,0.3466
DIAMONDS KING CLUBS KING,0.1852,0.0338,0.781
HEARTS THREE CLUBS QUEEN,0.6448,0.0354,0.3198
DIAMONDS KING CLUBS QUEEN,0.5194,0.0068,0.4738
HEARTS FIVE HEARTS JACK,0.523,0.0428,0.4342
HEARTS FIVE HEARTS TEN,0.5158,0.064,0.4202
HEARTS THREE CLUBS ACE,0.6166,0.0074,0.376
DIAMONDS KING CLUBS ACE,0.531,0.0038,0.4652
SPADES ACE CLUBS QUEEN,0.5082,0.0038,0.488
SPADES KING CLUBS QUEEN,0.5128,0.0076,0.4796
HEARTS THREE CLUBS JACK,0.6292,0.0528,0.318
DIAMONDS KING CLUBS JACK,0.5204,0.0086,0.471
SPADES QUEEN CLUBS QUEEN,0.1852,0.0654,0.7494
CLUBS TEN HEARTS THREE,0.6238,0.0656,0.3106
CLUBS TEN DIAMONDS KING,0.5138,0.0084,0.4778
SPADES JACK CLUBS QUEEN,0.5068,0.0152,0.478
CLUBS SIX CLUBS QUEEN,0.513,0.0298,0.4572
SPADES TEN CLUBS QUEEN,0.4976,0.0176,0.4848
CLUBS SIX CLUBS KING,0.5204,0.0148,0.4648
CLUBS SIX CLUBS ACE,0.5066,0.0054,0.488
HEARTS FIVE HEARTS KING,0.5226,0.0174,0.46
HEARTS FIVE HEARTS QUEEN,0.5138,0.028,0.4582
CLUBS TEN CLUBS SIX,0.5166,0.0582,0.4252
HEARTS FIVE HEARTS ACE,0.4998,0.0042,0.496
CLUBS SIX CLUBS JACK,0.5202,0.0352,0.4446
SPADES SEVEN HEARTS JACK,0.542,0.0392,0.4188
SPADES SEVEN HEARTS TEN,0.51,0.0624,0.4276
DIAMONDS TWO CLUBS TWO,0.526,0.3062,0.1678
DIAMONDS TWO CLUBS THREE,0.725,0.1652,0.1098
HEARTS SIX DIAMONDS TWO,0.6406,0.1328,0.2266
DIAMONDS TWO HEARTS QUEEN,0.642,0.031,0.327
DIAMONDS TWO HEARTS SEVEN,0.6478,0.1116,0.2406
DIAMONDS TWO HEARTS KING,0.6396,0.0176,0.3428
DIAMONDS TWO HEARTS EIGHT,0.638,0.1002,0.2618
DIAMONDS TWO HEARTS ACE,0.6308,0.0034,0.3658
DIAMONDS TWO HEARTS NINE,0.6274,0.0918,0.2808
DIAMONDS TWO DIAMONDS QUEEN,0.612,0.0276,0.3604
DIAMONDS TWO HEARTS TWO,0.5108,0.304,0.1852
DIAMONDS TWO DIAMONDS KING,0.6006,0.0172,0.3822
HEARTS THREE DIAMONDS TWO,0.725,0.1622,0.1128
DIAMONDS TWO DIAMONDS ACE,0.6018,0.0066,0.3916
HEARTS FOUR DIAMONDS TWO,0.7852,0.1338,0.081
DIAMONDS TWO HEARTS FIVE,0.6326,0.144,0.2234
SPADES SEVEN HEARTS ACE,0.5362,0.0048,0.459
DIAMONDS TWO DIAMONDS TEN,0.5942,0.0678,0.338
SPADES SEVEN HEARTS KING,0.5336,0.015,0.4514
DIAMONDS TWO DIAMONDS JACK,0.6056,0.0506,0.3438
SPADES SEVEN HEARTS QUEEN,0.5356,0.0284,0.436
DIAMONDS TWO SPADES NINE,0.619,0.0866,0.2944
DIAMONDS TWO SPADES EIGHT,0.628,0.1012,0.2708
DIAMONDS TWO SPADES SEVEN,0.6324,0.1206,0.247
DIAMONDS TWO SPADES SIX,0.6154,0.1428,0.2418
DIAMONDS TWO SPADES FIVE,0.6258,0.1496,0.2246
DIAMONDS TWO SPADES THREE,0.7252,0.1652,0.1096
DIAMONDS TWO SPADES TWO,0.5068,0.3132,0.18
CLUBS NINE DIAMONDS TWO,0.6284,0.0848,0.2868
DIAMONDS TWO CLUBS EIGHT,0.64,0.1046,0.2554
CLUBS SEVEN DIAMONDS TWO,0.6488,0.121,0.2302
DIAMONDS TWO CLUBS SIX,0.6272,0.1482,0.2246
DIAMONDS TWO CLUBS FIVE,0.6272,0.1526,0.2202
SPADES ACE DIAMONDS SIX,0.5448,0.005,0.4502
SPADES QUEEN DIAMONDS SIX,0.531,0.0282,0.4408
SPADES KING DIAMONDS SIX,0.5352,0.0184,0.4464
SPADES TEN DIAMONDS SIX,0.5376,0.0562,0.4062
SPADES JACK DIAMONDS SIX,0.542,0.0416,0.4164
SPADES QUEEN SPADES TWO,0.6214,0.0324,0.3462
SPADES KING SPADES TWO,0.6056,0.0216,0.3728
SPADES ACE SPADES TWO,0.595,0.0082,0.3968
DIAMONDS JACK CLUBS JACK,0.1928,0.093,0.7142
CLUBS TEN DIAMONDS JACK,0.4888,0.0292,0.482
DIAMONDS JACK CLUBS KING,0.517,0.0114,0.4716
DIAMONDS JACK CLUBS QUEEN,0.516,0.0138,0.4702
DIAMONDS THREE DIAMONDS JACK,0.6132,0.0476,0.3392
DIAMONDS THREE DIAMONDS TEN,0.599,0.0644,0.3366
DIAMONDS JACK CLUBS ACE,0.5056,0.0066,0.4878
DIAMONDS THREE DIAMONDS KING,0.5992,0.0202,0.3806
HEARTS THREE DIAMONDS THREE,0.5242,0.3088,0.167
DIAMONDS THREE DIAMONDS QUEEN,0.6178,0.0326,0.3496
DIAMONDS THREE HEARTS TWO,0.7238,0.1662,0.11
HEARTS FIVE DIAMONDS THREE,0.623,0.1468,0.2302
DIAMONDS THREE DIAMONDS ACE,0.5898,0.0054,0.4048
HEARTS FOUR DIAMONDS THREE,0.7644,0.1318,0.1038
DIAMONDS THREE HEARTS SEVEN,0.6382,0.1182,0.2436
SPADES TEN SPADES NINE,0.4712,0.0422,0.4866
HEARTS SIX DIAMONDS THREE,0.6336,0.1368,0.2296
SPADES JACK SPADES NINE,0.4898,0.0312,0.479
DIAMONDS THREE HEARTS NINE,0.63,0.0848,0.2852
HEARTS JACK DIAMONDS FOUR,0.6692,0.042,0.2888
HEARTS KING HEARTS ACE,0.4976,0.004,0.4984
SPADES TEN SPADES TWO,0.603,0.0668,0.3302
DIAMONDS THREE HEARTS EIGHT,0.6308,0.107,0.2622
HEARTS TEN DIAMONDS FOUR,0.6606,0.055,0.2844
SPADES JACK SPADES TWO,0.6172,0.0472,0.3356
HEARTS QUEEN DIAMONDS FOUR,0.6648,0.0352,0.3
HEARTS KING DIAMONDS FOUR,0.671,0.0246,0.3044
SPADES ACE SPADES NINE,0.505,0.0052,0.4898
HEARTS ACE DIAMONDS FOUR,0.64,0.0208,0.3392
SPADES KING SPADES NINE,0.4892,0.0122,0.4986
SPADES QUEEN SPADES NINE,0.497,0.0212,0.4818
DIAMONDS THREE SPADES NINE,0.6336,0.0814,0.285
DIAMONDS THREE SPADES EIGHT,0.6354,0.1078,0.2568
DIAMONDS THREE SPADES SEVEN,0.6266,0.1226,0.2508
DIAMONDS THREE SPADES SIX,0.6198,0.131,0.2492
DIAMONDS THREE CLUBS SIX,0.627,0.1402,0.2328
CLUBS FIVE CLUBS SIX,0.4976,0.1174,0.385
CLUBS ACE DIAMONDS FOUR,0.64,0.0254,0.3346
CLUBS SEVEN DIAMONDS THREE,0.6202,0.1218,0.258
CLUBS SEVEN CLUBS FIVE,0.4992,0.1158,0.385
DIAMONDS FOUR CLUBS QUEEN,0.6658,0.0378,0.2964
DIAMONDS THREE CLUBS FIVE,0.6084,0.1452,0.2464
CLUBS KING DIAMONDS FOUR,0.652,0.0278,0.3202
DIAMONDS THREE CLUBS TWO,0.7266,0.1638,0.1096
CLUBS TEN DIAMONDS FOUR,0.657,0.0586,0.2844
DIAMONDS THREE CLUBS THREE,0.5206,0.3076,0.1718
DIAMONDS FOUR CLUBS JACK,0.6618,0.0424,0.2958
DIAMONDS THREE SPADES FIVE,0.6234,0.1496,0.227
DIAMONDS THREE SPADES TWO,0.7278,0.1602,0.112
DIAMONDS THREE SPADES THREE,0.5108,0.3208,0.1684
CLUBS EIGHT DIAMONDS THREE,0.6308,0.1086,0.2606
CLUBS NINE DIAMONDS THREE,0.6324,0.0894,0.2782
SPADES SEVEN CLUBS ACE,0.5172,0.0042,0.4786
SPADES SEVEN CLUBS QUEEN,0.5374,0.0276,0.435
SPADES SEVEN CLUBS KING,0.5276,0.016,0.4564
CLUBS FIVE SPADES SEVEN,0.5062,0.1094,0.3844
CLUBS TEN SPADES SEVEN,0.5118,0.0576,0.4306
CLUBS FIVE SPADES SIX,0.5112,0.131,0.3578
SPADES SEVEN CLUBS JACK,0.5288,0.0374,0.4338
CLUBS FIVE SPADES NINE,0.528,0.0756,0.3964
CLUBS FIVE SPADES EIGHT,0.527,0.0972,0.3758
CLUBS FIVE SPADES THREE,0.6196,0.157,0.2234
CLUBS FIVE SPADES TWO,0.6296,0.1556,0.2148
CLUBS FIVE SPADES FIVE,0.1678,0.2666,0.5656
CLUBS NINE CLUBS FIVE,0.5026,0.0744,0.423
CLUBS EIGHT CLUBS FIVE,0.502,0.0924,0.4056
CLUBS ACE CLUBS QUEEN,0.5014,0.006,0.4926
CLUBS KING CLUBS QUEEN,0.4854,0.0102,0.5044
DIAMONDS TEN DIAMONDS FOUR,0.6188,0.0476,0.3336
CLUBS TEN DIAMONDS NINE,0.4836,0.0442,0.4722
DIAMONDS JACK DIAMONDS FOUR,0.6234,0.0442,0.3324
DIAMONDS NINE CLUBS JACK,0.5058,0.0256,0.4686
SPADES NINE CLUBS JACK,0.503,0.0334,0.4636
CLUBS TEN SPADES NINE,0.4908,0.0444,0.4648
DIAMONDS ACE DIAMONDS FOUR,0.5954,0.0182,0.3864
HEARTS FOUR DIAMONDS FOUR,0.022,0.959,0.019
DIAMONDS JACK HEARTS TEN,0.4942,0.027,0.4788
SPADES NINE CLUBS KING,0.5152,0.0142,0.4706
DIAMONDS TWO SPADES TEN,0.6282,0.0674,0.3044
DIAMONDS NINE CLUBS ACE,0.5332,0.004,0.4628
HEARTS FIVE DIAMONDS FOUR,0.601,0.1182,0.2808
HEARTS JACK DIAMONDS JACK,0.1878,0.09,0.7222
SPADES NINE CLUBS QUEEN,0.5196,0.023,0.4574
DIAMONDS TWO SPADES JACK,0.632,0.0574,0.3106
DIAMONDS QUEEN DIAMONDS FOUR,0.6274,0.0284,0.3442
HEARTS TWO DIAMONDS FOUR,0.775,0.1432,0.0818
DIAMONDS NINE CLUBS QUEEN,0.5124,0.0212,0.4664
DIAMONDS KING DIAMONDS FOUR,0.622,0.0258,0.3522
HEARTS THREE DIAMONDS FOUR,0.7688,0.1308,0.1004
SPADES NINE CLUBS ACE,0.5172,0.0066,0.4762
DIAMONDS NINE CLUBS KING,0.5204,0.0116,0.468
HEARTS ACE DIAMONDS JACK,0.5246,0.004,0.4714
SPADES ACE DIAMONDS TWO,0.6352,0.007,0.3578
DIAMONDS JACK HEARTS QUEEN,0.509,0.0144,0.4766
SPADES QUEEN DIAMONDS TWO,0.6374,0.0338,0.3288
HEARTS KING DIAMONDS JACK,0.5048,0.0096,0.4856
SPADES KING DIAMONDS TWO,0.639,0.0184,0.3426
SPADES JACK SPADES SEVEN,0.5038,0.0404,0.4558
SPADES TEN SPADES SEVEN,0.507,0.0486,0.4444
CLUBS SEVEN CLUBS THREE,0.6016,0.113,0.2854
CLUBS SIX CLUBS THREE,0.589,0.1358,0.2752
CLUBS FIVE CLUBS THREE,0.5876,0.1524,0.26
CLUBS NINE CLUBS THREE,0.601,0.0904,0.3086
CLUBS EIGHT CLUBS THREE,0.6124,0.1028,0.2848
CLUBS THREE SPADES FIVE,0.6184,0.159,0.2226
CLUBS THREE SPADES THREE,0.5128,0.3136,0.1736
CLUBS THREE SPADES TWO,0.7358,0.1592,0.105
CLUBS THREE SPADES SIX,0.6268,0.1326,0.2406
SPADES SEVEN CLUBS THREE,0.6394,0.1176,0.243
SPADES EIGHT CLUBS THREE,0.6288,0.1078,0.2634
SPADES NINE CLUBS THREE,0.635,0.089,0.276
SPADES TWO DIAMONDS FOUR,0.7816,0.1394,0.079
SPADES THREE DIAMONDS FOUR,0.773,0.1336,0.0934
SPADES FIVE DIAMONDS FOUR,0.5996,0.1158,0.2846
SPADES SIX DIAMONDS FOUR,0.627,0.0996,0.2734
SPADES SEVEN DIAMONDS FOUR,0.6482,0.0814,0.2704
SPADES EIGHT DIAMONDS FOUR,0.6494,0.0772,0.2734
SPADES NINE DIAMONDS FOUR,0.6588,0.0652,0.276
CLUBS FIVE DIAMONDS FOUR,0.5986,0.121,0.2804
CLUBS SEVEN DIAMONDS FOUR,0.6378,0.0902,0.272
CLUBS SIX DIAMONDS FOUR,0.6244,0.0998,0.2758
CLUBS NINE DIAMONDS FOUR,0.6674,0.0642,0.2684
CLUBS EIGHT DIAMONDS FOUR,0.6388,0.0816,0.2796
DIAMONDS FOUR HEARTS SEVEN,0.628,0.0892,0.2828
HEARTS SIX DIAMONDS FOUR,0.6198,0.1002,0.28
HEARTS NINE DIAMONDS FOUR,0.6644,0.063,0.2726
DIAMONDS FOUR HEARTS EIGHT,0.653,0.0738,0.2732
CLUBS THREE DIAMONDS FOUR,0.7796,0.1316,0.0888
CLUBS TWO DIAMONDS FOUR,0.7844,0.1382,0.0774
DIAMONDS TEN DIAMONDS FIVE,0.5112,0.0612,0.4276
DIAMONDS JACK DIAMONDS FIVE,0.5046,0.0506,0.4448
DIAMONDS NINE HEARTS QUEEN,0.5312,0.022,0.4468
HEARTS KING DIAMONDS NINE,0.5284,0.0118,0.4598
DIAMONDS NINE HEARTS ACE,0.5284,0.0046,0.467
DIAMONDS NINE HEARTS TEN,0.4806,0.0486,0.4708
DIAMONDS NINE HEARTS JACK,0.5062,0.0278,0.466
CLUBS KING DIAMONDS SIX,0.555,0.014,0.431
CLUBS QUEEN DIAMONDS SIX,0.5364,0.025,0.4386
CLUBS ACE DIAMONDS SIX,0.5354,0.0046,0.46
SPADES KING DIAMONDS FOUR,0.6628,0.0274,0.3098
SPADES ACE SPADES SEVEN,0.512,0.0052,0.4828
SPADES QUEEN DIAMONDS FOUR,0.6654,0.0376,0.297
SPADES QUEEN SPADES SEVEN,0.5186,0.0274,0.454
CLUBS JACK DIAMONDS SIX,0.5518,0.041,0.4072
SPADES KING SPADES SEVEN,0.5072,0.0178,0.475
SPADES ACE DIAMONDS FOUR,0.6308,0.0252,0.344
CLUBS TEN DIAMONDS SIX,0.5308,0.064,0.4052
SPADES JACK DIAMONDS FOUR,0.6578,0.0466,0.2956
SPADES TEN DIAMONDS FOUR,0.658,0.0556,0.2864
CLUBS SEVEN SPADES EIGHT,0.4896,0.0832,0.4272
CLUBS SEVEN SPADES NINE,0.5006,0.0676,0.4318
CLUBS SEVEN SPADES SIX,0.4992,0.1026,0.3982
CLUBS SEVEN SPADES SEVEN,0.176,0.2216,0.6024
CLUBS SEVEN SPADES FIVE,0.5168,0.1156,0.3676
CLUBS SEVEN SPADES THREE,0.6348,0.1168,0.2484
CLUBS SEVEN SPADES TWO,0.6408,0.1288,0.2304
CLUBS NINE CLUBS SEVEN,0.4858,0.0656,0.4486
CLUBS SEVEN CLUBS EIGHT,0.486,0.082,0.432
HEARTS SIX DIAMONDS FIVE,0.5232,0.1228,0.354
DIAMONDS FIVE HEARTS SEVEN,0.5304,0.1006,0.369
DIAMONDS FIVE HEARTS EIGHT,0.532,0.0918,0.3762
HEARTS NINE DIAMONDS FIVE,0.5426,0.076,0.3814
DIAMONDS QUEEN DIAMONDS FIVE,0.5242,0.0312,0.4446
HEARTS TWO DIAMONDS FIVE,0.635,0.1504,0.2146
HEARTS KING HEARTS EIGHT,0.5074,0.0114,0.4812
DIAMONDS KING DIAMONDS FIVE,0.5066,0.0156,0.4778
HEARTS THREE DIAMONDS FIVE,0.619,0.1554,0.2256
HEARTS QUEEN HEARTS EIGHT,0.5046,0.0224,0.473
DIAMONDS ACE DIAMONDS FIVE,0.4948,0.0052,0.5
HEARTS FOUR DIAMONDS FIVE,0.6058,0.11,0.2842
HEARTS FIVE DIAMONDS FIVE,0.1712,0.2824,0.5464
HEARTS ACE HEARTS EIGHT,0.5006,0.005,0.4944
CLUBS FIVE DIAMONDS FIVE,0.1702,0.2732,0.5566
CLUBS SIX DIAMONDS FIVE,0.5178,0.132,0.3502
CLUBS SEVEN DIAMONDS FIVE,0.5256,0.1102,0.3642
CLUBS TWO DIAMONDS FIVE,0.6326,0.1528,0.2146
CLUBS THREE DIAMONDS FIVE,0.6348,0.1468,0.2184
SPADES THREE DIAMONDS FIVE,0.6194,0.1558,0.2248
SPADES TWO DIAMONDS FIVE,0.6404,0.1438,0.2158
SPADES JACK DIAMONDS EIGHT,0.5184,0.0394,0.4422
SPADES FIVE DIAMONDS FIVE,0.1624,0.2812,0.5564
CLUBS TEN HEARTS JACK,0.4824,0.0302,0.4874
SPADES TEN DIAMONDS EIGHT,0.5076,0.047,0.4454
HEARTS JACK CLUBS JACK,0.1972,0.0944,0.7084
HEARTS JACK CLUBS QUEEN,0.5098,0.0154,0.4748
CLUBS NINE DIAMONDS FIVE,0.5258,0.0814,0.3928
HEARTS JACK CLUBS KING,0.5132,0.0078,0.479
CLUBS EIGHT DIAMONDS FIVE,0.522,0.0912,0.3868
HEARTS JACK CLUBS ACE,0.5154,0.0042,0.4804
SPADES SEVEN DIAMONDS FIVE,0.5316,0.1112,0.3572
SPADES KING DIAMONDS EIGHT,0.5396,0.0128,0.4476
SPADES QUEEN DIAMONDS EIGHT,0.5182,0.0254,0.4564
SPADES SIX DIAMONDS FIVE,0.5104,0.1228,0.3668
SPADES NINE DIAMONDS FIVE,0.5228,0.0812,0.396
SPADES EIGHT DIAMONDS FIVE,0.5084,0.0934,0.3982
SPADES ACE DIAMONDS EIGHT,0.5188,0.004,0.4772
DIAMONDS TEN DIAMONDS SIX,0.5034,0.053,0.4436
HEARTS ACE DIAMONDS SEVEN,0.5424,0.0074,0.4502
DIAMONDS JACK DIAMONDS SIX,0.5214,0.041,0.4376
HEARTS QUEEN DIAMONDS SEVEN,0.5382,0.022,0.4398
HEARTS KING DIAMONDS SEVEN,0.536,0.014,0.45
DIAMONDS ACE DIAMONDS SIX,0.5076,0.005,0.4874
HEARTS FOUR DIAMONDS SIX,0.632,0.1018,0.2662
HEARTS JACK SPADES TWO,0.6406,0.0498,0.3096
HEARTS FIVE DIAMONDS SIX,0.5232,0.1304,0.3464
SPADES TWO HEARTS TEN,0.6374,0.0608,0.3018
DIAMONDS QUEEN DIAMONDS SIX,0.5138,0.026,0.4602
HEARTS TWO DIAMONDS SIX,0.6424,0.1364,0.2212
DIAMONDS KING DIAMONDS SIX,0.5066,0.0158,0.4776
HEARTS THREE DIAMONDS SIX,0.6192,0.1384,0.2424
HEARTS EIGHT DIAMONDS SIX,0.5202,0.0924,0.3874
HEARTS NINE DIAMONDS SIX,0.519,0.0738,0.4072
HEARTS SIX DIAMONDS SIX,0.194,0.2478,0.5582
HEARTS SEVEN DIAMONDS SIX,0.5112,0.102,0.3868
HEARTS TEN DIAMONDS SEVEN,0.5162,0.053,0.4308
CLUBS TWO DIAMONDS SIX,0.636,0.1324,0.2316
HEARTS JACK DIAMONDS SEVEN,0.5236,0.041,0.4354
CLUBS THREE DIAMONDS SIX,0.64,0.1388,0.2212
CLUBS SEVEN DIAMONDS SIX,0.4956,0.1056,0.3988
DIAMONDS EIGHT CLUBS JACK,0.5204,0.0332,0.4464
CLUBS SIX DIAMONDS SIX,0.1752,0.2456,0.5792
CLUBS TEN DIAMONDS EIGHT,0.4932,0.051,0.4558
CLUBS FIVE DIAMONDS SIX,0.5014,0.1312,0.3674
HEARTS ACE HEARTS JACK,0.4878,0.0046,0.5076
DIAMONDS EIGHT CLUBS ACE,0.5262,0.003,0.4708
HEARTS JACK HEARTS QUEEN,0.4818,0.0168,0.5014
DIAMONDS EIGHT CLUBS KING,0.533,0.0138,0.4532
CLUBS NINE DIAMONDS SIX,0.5098,0.0742,0.416
HEARTS KING HEARTS JACK,0.4764,0.0076,0.516
DIAMONDS EIGHT CLUBS QUEEN,0.5246,0.026,0.4494
CLUBS EIGHT DIAMONDS SIX,0.5188,0.0906,0.3906
SPADES TEN HEARTS KING,0.502,0.0118,0.4862
SPADES FIVE DIAMONDS SIX,0.515,0.1274,0.3576
HEARTS ACE SPADES TWO,0.6318,0.005,0.3632
SPADES JACK HEARTS KING,0.5144,0.0078,0.4778
SPADES THREE DIAMONDS SIX,0.628,0.1444,0.2276
SPADES TWO HEARTS QUEEN,0.6464,0.033,0.3206
SPADES ACE SPADES KING,0.4856,0.004,0.5104
HEARTS KING SPADES TWO,0.647,0.0214,0.3316
SPADES TWO DIAMONDS SIX,0.6468,0.1334,0.2198
HEARTS TEN HEARTS EIGHT,0.479,0.0586,0.4624
SPADES NINE DIAMONDS SIX,0.521,0.0748,0.4042
HEARTS JACK HEARTS EIGHT,0.4986,0.029,0.4724
SPADES EIGHT DIAMONDS SIX,0.514,0.085,0.401
SPADES SEVEN DIAMONDS SIX,0.4952,0.1122,0.3926
SPADES SIX DIAMONDS SIX,0.1674,0.246,0.5866
SPADES KING HEARTS KING,0.1948,0.0396,0.7656
SPADES QUEEN HEARTS KING,0.5214,0.0102,0.4684
CLUBS ACE CLUBS KING,0.498,0.006,0.496
SPADES ACE HEARTS KING,0.525,0.0062,0.4688
SPADES ACE HEARTS JACK,0.5136,0.0034,0.483
SPADES QUEEN HEARTS JACK,0.5022,0.0154,0.4824
SPADES KING HEARTS JACK,0.523,0.0088,0.4682
SPADES TEN DIAMONDS TEN,0.1872,0.1286,0.6842
SPADES JACK DIAMONDS TEN,0.4972,0.0248,0.478
SPADES ACE DIAMONDS TEN,0.5102,0.0034,0.4864
SPADES JACK HEARTS JACK,0.1968,0.0924,0.7108
SPADES TEN HEARTS JACK,0.4942,0.0262,0.4796
SPADES QUEEN DIAMONDS TEN,0.4966,0.0162,0.4872
SPADES KING DIAMONDS TEN,0.5086,0.0104,0.481
SPADES NINE DIAMONDS SEVEN,0.5012,0.0686,0.4302
SPADES EIGHT DIAMONDS SEVEN,0.5006,0.0896,0.4098
SPADES SEVEN DIAMONDS SEVEN,0.1784,0.2112,0.6104
SPADES SIX DIAMONDS SEVEN,0.5068,0.1096,0.3836
DIAMONDS KING DIAMONDS SEVEN,0.4944,0.016,0.4896
HEARTS THREE DIAMONDS SEVEN,0.6234,0.1206,0.256
HEARTS KING DIAMONDS FIVE,0.5452,0.016,0.4388
DIAMONDS QUEEN DIAMONDS SEVEN,0.509,0.0244,0.4666
HEARTS TWO DIAMONDS SEVEN,0.6244,0.1278,0.2478
HEARTS QUEEN DIAMONDS FIVE,0.54,0.031,0.429
HEARTS FIVE DIAMONDS SEVEN,0.5272,0.1086,0.3642
DIAMONDS ACE DIAMONDS SEVEN,0.5008,0.0044,0.4948
HEARTS FOUR DIAMONDS SEVEN,0.6248,0.09,0.2852
HEARTS ACE DIAMONDS FIVE,0.5392,0.0044,0.4564
HEARTS SEVEN DIAMONDS SEVEN,0.1914,0.212,0.5966
HEARTS SIX DIAMONDS SEVEN,0.511,0.1032,0.3858
HEARTS NINE DIAMONDS SEVEN,0.514,0.0642,0.4218
DIAMONDS SEVEN HEARTS EIGHT,0.5004,0.0922,0.4074
DIAMONDS JACK DIAMONDS SEVEN,0.51,0.0402,0.4498
HEARTS JACK DIAMONDS FIVE,0.5416,0.0466,0.4118
DIAMONDS TEN DIAMONDS SEVEN,0.4992,0.0588,0.442
DIAMONDS FIVE HEARTS TEN,0.555,0.058,0.387
SPADES KING CLUBS TWO,0.6444,0.0214,0.3342
HEARTS KING CLUBS KING,0.1946,0.0378,0.7676
CLUBS EIGHT DIAMONDS SEVEN,0.4996,0.0838,0.4166
SPADES QUEEN CLUBS TWO,0.6432,0.0352,0.3216
HEARTS KING CLUBS QUEEN,0.5182,0.008,0.4738
CLUBS NINE DIAMONDS SEVEN,0.5156,0.0608,0.4236
SPADES TWO CLUBS JACK,0.6402,0.05,0.3098
SPADES ACE CLUBS TWO,0.6412,0.0086,0.3502
CLUBS TEN SPADES TWO,0.6288,0.072,0.2992
HEARTS KING CLUBS ACE,0.536,0.0052,0.4588
CLUBS SEVEN CLUBS SIX,0.4978,0.0996,0.4026
SPADES TWO CLUBS KING,0.635,0.0186,0.3464
SPADES TWO DIAMONDS SEVEN,0.6526,0.1258,0.2216
CLUBS EIGHT CLUBS SIX,0.486,0.0916,0.4224
SPADES THREE DIAMONDS SEVEN,0.629,0.1222,0.2488
SPADES TWO CLUBS QUEEN,0.6448,0.0372,0.318
CLUBS NINE CLUBS SIX,0.4938,0.0714,0.4348
HEARTS KING CLUBS JACK,0.509,0.008,0.483
SPADES FIVE DIAMONDS SEVEN,0.515,0.1126,0.3724
SPADES TWO CLUBS ACE,0.6382,0.0062,0.3556
CLUBS TEN HEARTS KING,0.502,0.0128,0.4852
CLUBS SIX SPADES TWO,0.6438,0.1354,0.2208
CLUBS SIX SPADES THREE,0.6274,0.1464,0.2262
CLUBS TWO DIAMONDS SEVEN,0.6398,0.1272,0.233
CLUBS THREE DIAMONDS SEVEN,0.63,0.1228,0.2472
CLUBS SIX SPADES FIVE,0.5072,0.131,0.3618
CLUBS SIX SPADES SIX,0.1672,0.2518,0.581
CLUBS FIVE DIAMONDS SEVEN,0.514,0.1172,0.3688
CLUBS SIX SPADES SEVEN,0.4962,0.1062,0.3976
CLUBS SIX DIAMONDS SEVEN,0.504,0.1094,0.3866
CLUBS SIX SPADES EIGHT,0.502,0.0934,0.4046
SPADES JACK CLUBS TWO,0.6368,0.0578,0.3054
CLUBS SEVEN DIAMONDS SEVEN,0.1826,0.2118,0.6056
SPADES NINE CLUBS SIX,0.499,0.0796,0.4214
SPADES TEN CLUBS TWO,0.624,0.0732,0.3028
CLUBS TWO CLUBS QUEEN,0.6064,0.0336,0.36
CLUBS TWO CLUBS KING,0.613,0.0196,0.3674
CLUBS THREE DIAMONDS EIGHT,0.6354,0.1016,0.263
CLUBS TWO CLUBS ACE,0.6058,0.0072,0.387
CLUBS TWO DIAMONDS EIGHT,0.633,0.0948,0.2722
DIAMONDS EIGHT HEARTS SEVEN,0.5082,0.0848,0.407
HEARTS SIX DIAMONDS EIGHT,0.5232,0.0898,0.387
DIAMONDS EIGHT HEARTS NINE,0.4962,0.0628,0.441
CLUBS TEN CLUBS TWO,0.602,0.0678,0.3302
DIAMONDS EIGHT HEARTS EIGHT,0.193,0.183,0.624
CLUBS TWO CLUBS JACK,0.6022,0.0464,0.3514
CLUBS NINE DIAMONDS EIGHT,0.4878,0.0632,0.449
CLUBS EIGHT DIAMONDS EIGHT,0.1892,0.1888,0.622
CLUBS FIVE DIAMONDS EIGHT,0.5358,0.0978,0.3664
SPADES ACE SPADES THREE,0.5922,0.007,0.4008
CLUBS SEVEN DIAMONDS EIGHT,0.5018,0.0866,0.4116
SPADES QUEEN SPADES THREE,0.6154,0.0316,0.353
CLUBS SIX DIAMONDS EIGHT,0.5152,0.0902,0.3946
SPADES KING SPADES THREE,0.6172,0.0178,0.365
DIAMONDS QUEEN DIAMONDS EIGHT,0.5056,0.0264,0.468
HEARTS TWO DIAMONDS EIGHT,0.6478,0.0988,0.2534
DIAMONDS KING DIAMONDS EIGHT,0.5142,0.0086,0.4772
HEARTS THREE DIAMONDS EIGHT,0.641,0.1,0.259
DIAMONDS ACE DIAMONDS EIGHT,0.4954,0.0056,0.499
HEARTS FOUR DIAMONDS EIGHT,0.6628,0.0698,0.2674
HEARTS FIVE DIAMONDS EIGHT,0.546,0.096,0.358
DIAMONDS EIGHT DIAMONDS TEN,0.4718,0.0414,0.4868
DIAMONDS EIGHT DIAMONDS JACK,0.4924,0.029,0.4786
SPADES JACK SPADES THREE,0.6062,0.0482,0.3456
SPADES TEN SPADES THREE,0.5994,0.0682,0.3324
CLUBS SIX HEARTS TEN,0.5402,0.0542,0.4056
CLUBS SIX HEARTS JACK,0.5474,0.0416,0.411
SPADES FIVE DIAMONDS EIGHT,0.5226,0.0954,0.382
DIAMONDS EIGHT SPADES TWO,0.6186,0.1112,0.2702
DIAMONDS EIGHT SPADES THREE,0.6324,0.1066,0.261
SPADES EIGHT DIAMONDS EIGHT,0.1862,0.1818,0.632
SPADES TEN DIAMONDS QUEEN,0.522,0.0184,0.4596
SPADES TEN HEARTS TWO,0.6206,0.0684,0.311
SPADES JACK HEARTS EIGHT,0.5188,0.0312,0.45
SPADES NINE DIAMONDS EIGHT,0.4862,0.0688,0.445
SPADES TEN HEARTS EIGHT,0.5108,0.0512,0.438
SPADES JACK HEARTS TWO,0.6336,0.0504,0.316
SPADES JACK DIAMONDS QUEEN,0.5134,0.0132,0.4734
SPADES SIX DIAMONDS EIGHT,0.4994,0.0896,0.411
SPADES SEVEN DIAMONDS EIGHT,0.494,0.0828,0.4232
SPADES ACE HEARTS TWO,0.6364,0.0076,0.356
SPADES ACE DIAMONDS QUEEN,0.5298,0.0068,0.4634
SPADES ACE HEARTS EIGHT,0.531,0.004,0.465
SPADES KING HEARTS EIGHT,0.534,0.0116,0.4544
SPADES QUEEN HEARTS TWO,0.6374,0.035,0.3276
SPADES QUEEN DIAMONDS QUEEN,0.1958,0.0652,0.739
SPADES KING DIAMONDS QUEEN,0.5256,0.006,0.4684
SPADES KING HEARTS TWO,0.629,0.0196,0.3514
SPADES QUEEN HEARTS EIGHT,0.529,0.0246,0.4464
CLUBS TWO HEARTS TEN,0.6326,0.0646,0.3028
CLUBS TWO HEARTS JACK,0.644,0.0538,0.3022
SPADES SEVEN DIAMONDS NINE,0.517,0.0664,0.4166
SPADES SIX DIAMONDS NINE,0.5184,0.0734,0.4082
SPADES NINE DIAMONDS NINE,0.1936,0.1606,0.6458
SPADES EIGHT DIAMONDS NINE,0.4908,0.0674,0.4418
SPADES TEN CLUBS KING,0.5094,0.0106,0.48
DIAMONDS NINE SPADES THREE,0.6336,0.0924,0.274
SPADES JACK CLUBS KING,0.5038,0.0074,0.4888
DIAMONDS NINE SPADES TWO,0.642,0.0894,0.2686
DIAMONDS NINE SPADES FIVE,0.5232,0.0782,0.3986
CLUBS NINE DIAMONDS NINE,0.1764,0.1498,0.6738
CLUBS EIGHT DIAMONDS NINE,0.4874,0.0644,0.4482
CLUBS SIX DIAMONDS NINE,0.5126,0.078,0.4094
CLUBS SEVEN DIAMONDS NINE,0.4966,0.0752,0.4282
CLUBS FIVE DIAMONDS NINE,0.5246,0.0834,0.392
CLUBS TWO DIAMONDS NINE,0.6448,0.0838,0.2714
CLUBS THREE DIAMONDS NINE,0.6462,0.077,0.2768
DIAMONDS NINE HEARTS EIGHT,0.4922,0.0628,0.445
DIAMONDS NINE HEARTS NINE,0.1918,0.1472,0.661
HEARTS SIX DIAMONDS NINE,0.5274,0.0758,0.3968
DIAMONDS NINE HEARTS SEVEN,0.5028,0.0716,0.4256
CLUBS NINE CLUBS EIGHT,0.4652,0.0654,0.4694
DIAMONDS ACE DIAMONDS NINE,0.4938,0.0048,0.5014
HEARTS FOUR DIAMONDS NINE,0.6586,0.0604,0.281
HEARTS FIVE DIAMONDS NINE,0.5364,0.0768,0.3868
CLUBS TWO HEARTS ACE,0.6352,0.0052,0.3596
DIAMONDS QUEEN DIAMONDS NINE,0.4918,0.0208,0.4874
HEARTS TWO DIAMONDS NINE,0.6326,0.0916,0.2758
CLUBS TWO HEARTS KING,0.6434,0.018,0.3386
DIAMONDS KING DIAMONDS NINE,0.4898,0.0128,0.4974
HEARTS THREE DIAMONDS NINE,0.63,0.0872,0.2828
CLUBS TWO HEARTS QUEEN,0.6462,0.0358,0.318
DIAMONDS NINE DIAMONDS JACK,0.479,0.0302,0.4908
CLUBS EIGHT SPADES NINE,0.4796,0.0682,0.4522
DIAMONDS NINE DIAMONDS TEN,0.473,0.0434,0.4836
CLUBS EIGHT SPADES EIGHT,0.1768,0.1804,0.6428
CLUBS EIGHT SPADES SEVEN,0.4972,0.0906,0.4122
CLUBS EIGHT SPADES SIX,0.5072,0.0938,0.399
CLUBS EIGHT SPADES FIVE,0.5166,0.0962,0.3872
CLUBS EIGHT SPADES THREE,0.638,0.1118,0.2502
CLUBS EIGHT SPADES TWO,0.6424,0.1022,0.2554
HEARTS SIX DIAMONDS TEN,0.541,0.0598,0.3992
DIAMONDS TEN HEARTS SEVEN,0.5148,0.0534,0.4318
DIAMONDS TEN HEARTS EIGHT,0.5116,0.049,0.4394
DIAMONDS TEN HEARTS NINE,0.4946,0.0406,0.4648
CLUBS TWO DIAMONDS TEN,0.625,0.0722,0.3028
CLUBS THREE DIAMONDS TEN,0.6422,0.0704,0.2874
DIAMONDS JACK DIAMONDS TEN,0.4762,0.0266,0.4972
DIAMONDS QUEEN DIAMONDS TEN,0.4728,0.0182,0.509
HEARTS TWO DIAMONDS TEN,0.6408,0.0614,0.2978
DIAMONDS KING DIAMONDS TEN,0.4866,0.0098,0.5036
HEARTS THREE DIAMONDS TEN,0.622,0.0678,0.3102
DIAMONDS ACE DIAMONDS TEN,0.4692,0.0038,0.527
HEARTS FOUR DIAMONDS TEN,0.6634,0.05,0.2866
CLUBS EIGHT HEARTS JACK,0.518,0.032,0.45
HEARTS FIVE DIAMONDS TEN,0.5344,0.061,0.4046
CLUBS EIGHT HEARTS TEN,0.5014,0.0532,0.4454
CLUBS EIGHT HEARTS QUEEN,0.5206,0.0202,0.4592
CLUBS EIGHT HEARTS KING,0.5338,0.0132,0.453
CLUBS EIGHT HEARTS ACE,0.5266,0.0034,0.47
CLUBS NINE SPADES THREE,0.6322,0.0896,0.2782
CLUBS NINE SPADES TWO,0.6304,0.0848,0.2848
CLUBS NINE SPADES FIVE,0.5372,0.0802,0.3826
CLUBS NINE SPADES SEVEN,0.508,0.0768,0.4152
CLUBS NINE SPADES SIX,0.516,0.08,0.404
CLUBS NINE SPADES NINE,0.1828,0.148,0.6692
CLUBS TEN HEARTS EIGHT,0.5072,0.0454,0.4474
CLUBS NINE SPADES EIGHT,0.4826,0.0638,0.4536
CLUBS JACK HEARTS EIGHT,0.5112,0.0318,0.457
CLUBS QUEEN HEARTS EIGHT,0.5282,0.0246,0.4472
CLUBS KING HEARTS EIGHT,0.5232,0.0142,0.4626
CLUBS ACE HEARTS EIGHT,0.5334,0.0052,0.4614
SPADES KING CLUBS KING,0.1772,0.0364,0.7864
SPADES QUEEN CLUBS KING,0.5112,0.0078,0.481
SPADES ACE CLUBS KING,0.5164,0.0058,0.4778
DIAMONDS ACE HEARTS TEN,0.5146,0.0044,0.481
HEARTS FOUR HEARTS TEN,0.6202,0.0546,0.3252
DIAMONDS ACE HEARTS JACK,0.5186,0.0044,0.477
HEARTS FOUR HEARTS JACK,0.6126,0.0422,0.3452
SPADES KING CLUBS FIVE,0.5332,0.016,0.4508
SPADES QUEEN CLUBS FIVE,0.5486,0.0328,0.4186
SPADES ACE CLUBS FIVE,0.5352,0.0066,0.4582
DIAMONDS JACK HEARTS SEVEN,0.5376,0.0374,0.425
HEARTS SIX DIAMONDS JACK,0.561,0.0394,0.3996
DIAMONDS JACK HEARTS NINE,0.5018,0.0308,0.4674
DIAMONDS JACK HEARTS EIGHT,0.5208,0.0364,0.4428
DIAMONDS KING DIAMONDS JACK,0.4962,0.0102,0.4936
HEARTS THREE DIAMONDS JACK,0.652,0.049,0.299
SPADES ACE SPADES SIX,0.5064,0.0058,0.4878
DIAMONDS QUEEN DIAMONDS JACK,0.4726,0.0166,0.5108
HEARTS TWO DIAMONDS JACK,0.6458,0.0498,0.3044
HEARTS FIVE DIAMONDS JACK,0.5552,0.047,0.3978
SPADES QUEEN SPADES SIX,0.517,0.0274,0.4556
DIAMONDS ACE DIAMONDS JACK,0.4888,0.0046,0.5066
HEARTS FOUR DIAMONDS JACK,0.6628,0.0436,0.2936
SPADES KING SPADES SIX,0.5202,0.0138,0.466
SPADES TEN SPADES SIX,0.5146,0.0524,0.433
SPADES JACK SPADES SIX,0.5142,0.043,0.4428
SPADES FIVE DIAMONDS JACK,0.549,0.0436,0.4074
DIAMONDS JACK SPADES TWO,0.6392,0.0532,0.3076
SPADES THREE DIAMONDS JACK,0.6394,0.0574,0.3032
SPADES ACE DIAMONDS THREE,0.6278,0.0044,0.3678
SPADES QUEEN DIAMONDS THREE,0.636,0.0356,0.3284
CLUBS EIGHT DIAMONDS JACK,0.5066,0.034,0.4594
SPADES KING DIAMONDS THREE,0.6364,0.0208,0.3428
CLUBS NINE DIAMONDS JACK,0.4978,0.0318,0.4704
CLUBS SIX DIAMONDS JACK,0.5424,0.0398,0.4178
CLUBS SEVEN DIAMONDS JACK,0.521,0.0418,0.4372
CLUBS FIVE DIAMONDS JACK,0.5548,0.0512,0.394
CLUBS TWO DIAMONDS JACK,0.6632,0.0454,0.2914
CLUBS THREE DIAMONDS JACK,0.6372,0.0578,0.305
SPADES TEN CLUBS FIVE,0.541,0.0674,0.3916
HEARTS SIX SPADES JACK,0.5516,0.0464,0.402
HEARTS SIX SPADES TEN,0.5302,0.0598,0.41
SPADES JACK CLUBS FIVE,0.5452,0.0428,0.412
SPADES JACK DIAMONDS THREE,0.6304,0.0528,0.3168
CLUBS SEVEN CLUBS ACE,0.4944,0.0046,0.501
DIAMONDS THREE SPADES TEN,0.638,0.0676,0.2944
CLUBS SEVEN CLUBS QUEEN,0.5192,0.0262,0.4546
CLUBS SEVEN CLUBS KING,0.5162,0.0136,0.4702
SPADES NINE DIAMONDS JACK,0.5016,0.0328,0.4656
CLUBS TEN CLUBS SEVEN,0.4934,0.0564,0.4502
DIAMONDS ACE HEARTS ACE,0.1914,0.004,0.8046
HEARTS FOUR HEARTS ACE,0.612,0.0208,0.3672
SPADES EIGHT DIAMONDS JACK,0.5234,0.0416,0.435
SPADES ACE HEARTS SIX,0.539,0.004,0.457
CLUBS SEVEN CLUBS JACK,0.5004,0.038,0.4616
DIAMONDS ACE HEARTS KING,0.5248,0.0032,0.472
HEARTS FOUR HEARTS KING,0.6176,0.0264,0.356
SPADES SEVEN DIAMONDS JACK,0.5312,0.0444,0.4244
SPADES KING HEARTS SIX,0.5326,0.0166,0.4508
DIAMONDS ACE HEARTS QUEEN,0.5326,0.0024,0.465
HEARTS FOUR HEARTS QUEEN,0.6168,0.0302,0.353
SPADES QUEEN HEARTS SIX,0.5484,0.0308,0.4208
SPADES SIX DIAMONDS JACK,0.5468,0.0414,0.4118
SPADES TWO DIAMONDS TEN,0.6332,0.0694,0.2974
SPADES THREE DIAMONDS TEN,0.6346,0.0704,0.295
SPADES FIVE DIAMONDS TEN,0.5362,0.0604,0.4034
SPADES SIX DIAMONDS TEN,0.5254,0.065,0.4096
SPADES SEVEN DIAMONDS TEN,0.515,0.0588,0.4262
SPADES EIGHT DIAMONDS TEN,0.5182,0.051,0.4308
SPADES NINE DIAMONDS TEN,0.484,0.04,0.476
CLUBS FIVE DIAMONDS TEN,0.547,0.0634,0.3896
CLUBS SIX DIAMONDS TEN,0.532,0.0588,0.4092
CLUBS SEVEN DIAMONDS TEN,0.5204,0.049,0.4306
CLUBS EIGHT DIAMONDS TEN,0.4992,0.0508,0.45
CLUBS NINE DIAMONDS TEN,0.5046,0.0448,0.4506
DIAMONDS THREE CLUBS JACK,0.6318,0.0472,0.321
CLUBS TEN DIAMONDS THREE,0.638,0.0682,0.2938
DIAMONDS THREE CLUBS KING,0.631,0.0198,0.3492
DIAMONDS THREE CLUBS QUEEN,0.6404,0.0374,0.3222
DIAMONDS THREE CLUBS ACE,0.6226,0.0052,0.3722
SPADES FIVE SPADES TWO,0.6006,0.1444,0.255
SPADES THREE SPADES TWO,0.6932,0.1636,0.1432
SPADES NINE SPADES TWO,0.6142,0.0778,0.308
SPADES EIGHT SPADES TWO,0.6056,0.1048,0.2896
SPADES SEVEN SPADES TWO,0.5938,0.1206,0.2856
SPADES SIX SPADES TWO,0.6046,0.1326,0.2628
DIAMONDS QUEEN CLUBS THREE,0.6404,0.0374,0.3222
HEARTS TWO CLUBS THREE,0.728,0.1626,0.1094
DIAMONDS QUEEN CLUBS TWO,0.642,0.0346,0.3234
CLUBS TWO HEARTS TWO,0.515,0.312,0.173
DIAMONDS QUEEN HEARTS SEVEN,0.5512,0.0268,0.422
HEARTS TWO HEARTS SEVEN,0.6034,0.1148,0.2818
HEARTS SIX DIAMONDS QUEEN,0.5474,0.0284,0.4242
HEARTS SIX HEARTS TWO,0.5964,0.1384,0.2652
DIAMONDS QUEEN HEARTS NINE,0.5064,0.0218,0.4718
HEARTS TWO HEARTS NINE,0.603,0.0862,0.3108
DIAMONDS QUEEN HEARTS EIGHT,0.5264,0.0242,0.4494
HEARTS TWO HEARTS EIGHT,0.5854,0.1044,0.3102
CLUBS NINE HEARTS TWO,0.6334,0.0888,0.2778
CLUBS NINE DIAMONDS QUEEN,0.5162,0.0212,0.4626
CLUBS EIGHT HEARTS TWO,0.6316,0.1126,0.2558
CLUBS EIGHT DIAMONDS QUEEN,0.5374,0.0216,0.441
CLUBS FIVE DIAMONDS QUEEN,0.552,0.0312,0.4168
CLUBS FIVE HEARTS TWO,0.6216,0.1462,0.2322
SPADES EIGHT HEARTS ACE,0.5274,0.0056,0.467
CLUBS SEVEN DIAMONDS QUEEN,0.5372,0.0248,0.438
CLUBS SEVEN HEARTS TWO,0.631,0.1228,0.2462
SPADES EIGHT HEARTS QUEEN,0.5322,0.0188,0.449
CLUBS SIX DIAMONDS QUEEN,0.5556,0.03,0.4144
CLUBS SIX HEARTS TWO,0.632,0.1344,0.2336
SPADES EIGHT HEARTS KING,0.5418,0.0126,0.4456
HEARTS TWO SPADES SIX,0.6316,0.137,0.2314
DIAMONDS QUEEN SPADES SIX,0.5322,0.0288,0.439
HEARTS FOUR CLUBS QUEEN,0.6616,0.0318,0.3066
DIAMONDS ACE CLUBS QUEEN,0.533,0.0038,0.4632
DIAMONDS QUEEN SPADES SEVEN,0.5316,0.0258,0.4426
HEARTS TWO SPADES SEVEN,0.6322,0.1194,0.2484
HEARTS FOUR CLUBS KING,0.6642,0.0256,0.3102
DIAMONDS ACE CLUBS KING,0.5258,0.0054,0.4688
DIAMONDS QUEEN SPADES EIGHT,0.5176,0.0246,0.4578
SPADES EIGHT HEARTS TWO,0.6242,0.1098,0.266
HEARTS FOUR CLUBS ACE,0.6464,0.0248,0.3288
DIAMONDS ACE CLUBS ACE,0.1832,0.0028,0.814
SPADES NINE DIAMONDS QUEEN,0.5134,0.0228,0.4638
SPADES NINE HEARTS TWO,0.6254,0.088,0.2866
HEARTS TWO SPADES TWO,0.516,0.313,0.171
DIAMONDS QUEEN SPADES TWO,0.637,0.0382,0.3248
HEARTS TWO SPADES THREE,0.7262,0.1646,0.1092
DIAMONDS QUEEN SPADES THREE,0.634,0.0392,0.3268
HEARTS FOUR CLUBS TEN,0.6632,0.053,0.2838
CLUBS TEN DIAMONDS ACE,0.5074,0.005,0.4876
HEARTS TWO SPADES FIVE,0.6252,0.149,0.2258
DIAMONDS QUEEN SPADES FIVE,0.5604,0.0252,0.4144
HEARTS FOUR CLUBS JACK,0.6624,0.0444,0.2932
DIAMONDS ACE CLUBS JACK,0.5116,0.0064,0.482
CLUBS FIVE CLUBS KING,0.5104,0.0216,0.468
CLUBS FIVE CLUBS QUEEN,0.5254,0.0376,0.437
CLUBS FIVE CLUBS ACE,0.5172,0.0026,0.4802
CLUBS FIVE CLUBS JACK,0.5216,0.0476,0.4308
CLUBS TEN CLUBS FIVE,0.5076,0.0604,0.432
SPADES KING CLUBS JACK,0.5008,0.0096,0.4896
SPADES QUEEN CLUBS JACK,0.497,0.0164,0.4866
SPADES ACE CLUBS JACK,0.5164,0.0048,0.4788
SPADES SIX CLUBS KING,0.529,0.017,0.454
SPADES SIX CLUBS QUEEN,0.535,0.0328,0.4322
SPADES EIGHT HEARTS JACK,0.519,0.0364,0.4446
SPADES SIX CLUBS ACE,0.5296,0.0052,0.4652
SPADES EIGHT HEARTS TEN,0.5114,0.0488,0.4398
SPADES SIX CLUBS JACK,0.5472,0.044,0.4088
CLUBS TEN SPADES SIX,0.5226,0.0624,0.415
SPADES TEN CLUBS JACK,0.4788,0.0292,0.492
SPADES JACK CLUBS JACK,0.1888,0.0902,0.721
SPADES QUEEN CLUBS SEVEN,0.5408,0.0302,0.429
SPADES KING CLUBS SEVEN,0.5318,0.0154,0.4528
SPADES ACE CLUBS SEVEN,0.5334,0.0052,0.4614
SPADES SIX HEARTS TEN,0.5434,0.0608,0.3958
SPADES SIX HEARTS JACK,0.5336,0.049,0.4174
SPADES SIX HEARTS ACE,0.5356,0.0034,0.461
SPADES SIX HEARTS KING,0.5416,0.0182,0.4402
SPADES SIX HEARTS QUEEN,0.5526,0.0254,0.422
CLUBS SEVEN SPADES JACK,0.5242,0.0376,0.4382
CLUBS SEVEN SPADES TEN,0.5146,0.0582,0.4272
CLUBS TEN HEARTS SIX,0.525,0.06,0.415
HEARTS SIX CLUBS JACK,0.551,0.0406,0.4084
CLUBS ACE CLUBS JACK,0.4942,0.0046,0.5012
HEARTS SIX CLUBS QUEEN,0.5462,0.0314,0.4224
HEARTS SIX CLUBS KING,0.5258,0.0156,0.4586
HEARTS SIX CLUBS ACE,0.541,0.005,0.454
CLUBS QUEEN CLUBS JACK,0.4856,0.0164,0.498
CLUBS KING CLUBS JACK,0.4886,0.0084,0.503
DIAMONDS THREE HEARTS ACE,0.6322,0.0048,0.363
DIAMONDS THREE HEARTS QUEEN,0.6202,0.0386,0.3412
DIAMONDS THREE HEARTS KING,0.6378,0.0206,0.3416
CLUBS FIVE HEARTS JACK,0.5394,0.0452,0.4154
SPADES TEN DIAMONDS ACE,0.5206,0.0046,0.4748
HEARTS FOUR SPADES TEN,0.6594,0.0574,0.2832
CLUBS FIVE HEARTS TEN,0.535,0.0648,0.4002
HEARTS FOUR SPADES JACK,0.6602,0.0402,0.2996
SPADES JACK DIAMONDS ACE,0.5288,0.0034,0.4678
SPADES ACE HEARTS FOUR,0.64,0.0232,0.3368
SPADES ACE DIAMONDS ACE,0.1882,0.0048,0.807
CLUBS FIVE HEARTS ACE,0.5326,0.004,0.4634
CLUBS FIVE HEARTS KING,0.548,0.0154,0.4366
HEARTS FOUR SPADES QUEEN,0.674,0.0318,0.2942
SPADES QUEEN DIAMONDS ACE,0.5228,0.0064,0.4708
CLUBS FIVE HEARTS QUEEN,0.5486,0.0346,0.4168
SPADES KING DIAMONDS ACE,0.5228,0.004,0.4732
HEARTS FOUR SPADES KING,0.6672,0.0302,0.3026
DIAMONDS QUEEN DIAMONDS ACE,0.5034,0.0046,0.492
HEARTS TWO DIAMONDS ACE,0.6252,0.0056,0.3692
HEARTS FOUR DIAMONDS QUEEN,0.6636,0.0314,0.305
HEARTS FOUR HEARTS TWO,0.7278,0.1408,0.1314
DIAMONDS THREE HEARTS TEN,0.6402,0.0638,0.296
HEARTS FIVE DIAMONDS QUEEN,0.5542,0.034,0.4118
HEARTS FIVE HEARTS TWO,0.5836,0.1506,0.2658
DIAMONDS THREE HEARTS JACK,0.6554,0.044,0.3006
DIAMONDS QUEEN HEARTS TWO,0.6368,0.0334,0.3298
DIAMONDS KING DIAMONDS QUEEN,0.4902,0.0072,0.5026
DIAMONDS KING HEARTS TWO,0.6468,0.0188,0.3344
HEARTS THREE DIAMONDS QUEEN,0.6392,0.0334,0.3274
HEARTS THREE HEARTS TWO,0.683,0.1594,0.1576
HEARTS TWO CLUBS ACE,0.6224,0.0086,0.369
DIAMONDS QUEEN CLUBS ACE,0.538,0.0074,0.4546
HEARTS TWO CLUBS QUEEN,0.6512,0.032,0.3168
DIAMONDS QUEEN CLUBS QUEEN,0.1848,0.0624,0.7528
HEARTS TWO CLUBS KING,0.629,0.021,0.35
DIAMONDS QUEEN CLUBS KING,0.5152,0.0072,0.4776
SPADES EIGHT SPADES FIVE,0.5074,0.0974,0.3952
CLUBS TEN HEARTS TWO,0.6378,0.0684,0.2938
CLUBS TEN DIAMONDS QUEEN,0.4966,0.019,0.4844
SPADES NINE SPADES FIVE,0.4958,0.0848,0.4194
HEARTS TWO CLUBS JACK,0.643,0.0556,0.3014
DIAMONDS QUEEN CLUBS JACK,0.512,0.0142,0.4738
SPADES SIX SPADES FIVE,0.5014,0.1242,0.3744
SPADES SEVEN SPADES FIVE,0.5124,0.1056,0.382
DIAMONDS FIVE CLUBS QUEEN,0.549,0.032,0.419
SPADES EIGHT CLUBS ACE,0.5274,0.0074,0.4652
DIAMONDS FIVE CLUBS KING,0.5408,0.0142,0.445
SPADES EIGHT CLUBS KING,0.5338,0.0146,0.4516
CLUBS ACE DIAMONDS FIVE,0.546,0.0038,0.4502
SPADES EIGHT CLUBS QUEEN,0.518,0.0254,0.4566
SPADES EIGHT CLUBS JACK,0.5088,0.0364,0.4548
CLUBS TEN SPADES EIGHT,0.5,0.0514,0.4486
CLUBS TEN DIAMONDS FIVE,0.5422,0.066,0.3918
DIAMONDS FIVE CLUBS JACK,0.543,0.0476,0.4094
HEARTS JACK DIAMONDS TEN,0.4972,0.0264,0.4764
DIAMONDS TEN HEARTS TEN,0.1962,0.1204,0.6834
SPADES ACE CLUBS NINE,0.5338,0.0054,0.4608
CLUBS NINE SPADES QUEEN,0.5108,0.019,0.4702
CLUBS NINE SPADES KING,0.5188,0.0138,0.4674
HEARTS SIX HEARTS KING,0.4964,0.0164,0.4872
DIAMONDS KING SPADES SEVEN,0.5346,0.0114,0.454
HEARTS THREE SPADES SEVEN,0.6274,0.1216,0.251
SPADES KING DIAMONDS SEVEN,0.5314,0.0128,0.4558
HEARTS SIX HEARTS QUEEN,0.5164,0.0292,0.4544
SPADES QUEEN DIAMONDS SEVEN,0.5442,0.021,0.4348
HEARTS THREE SPADES SIX,0.6136,0.144,0.2424
DIAMONDS KING SPADES SIX,0.5398,0.0184,0.4418
DIAMONDS KING SPADES NINE,0.5238,0.0126,0.4636
HEARTS THREE SPADES NINE,0.6246,0.086,0.2894
HEARTS SIX HEARTS ACE,0.5016,0.0046,0.4938
DIAMONDS KING SPADES EIGHT,0.5376,0.0108,0.4516
HEARTS THREE SPADES EIGHT,0.6442,0.1034,0.2524
SPADES ACE DIAMONDS SEVEN,0.533,0.0046,0.4624
CLUBS NINE HEARTS THREE,0.6248,0.0824,0.2928
