opposingHand,winningChance,drawChance,lostChance
CLUBS FOUR HEARTS THREE
HEARTS FIVE SPADES TEN,0.3632,0.0274,0.6094
HEARTS FIVE SPADES JACK,0.3568,0.0208,0.6224
CLUBS JACK SPADES FIVE,0.3642,0.0188,0.617
CLUBS TEN SPADES FIVE,0.3446,0.028,0.6274
CLUBS JACK CLUBS EIGHT,0.3242,0.0212,0.6546
CLUBS TEN CLUBS EIGHT,0.3388,0.029,0.6322
CLUBS EIGHT CLUBS KING,0.3368,0.0078,0.6554
SPADES FIVE CLUBS ACE,0.3324,0.0054,0.6622
CLUBS EIGHT CLUBS QUEEN,0.3322,0.0144,0.6534
SPADES FIVE CLUBS KING,0.3486,0.0098,0.6416
SPADES FIVE CLUBS QUEEN,0.3454,0.0164,0.6382
CLUBS EIGHT CLUBS ACE,0.3356,0.0044,0.66
DIAMONDS TWO DIAMONDS THREE,0.2758,0.4674,0.2568
DIAMONDS TWO DIAMONDS FIVE,0.3482,0.2384,0.4134
HEARTS FIVE SPADES KING,0.3548,0.0102,0.635
DIAMONDS TWO DIAMONDS FOUR,0.2644,0.4706,0.265
HEARTS FIVE SPADES QUEEN,0.3516,0.0114,0.637
DIAMONDS TWO DIAMONDS SEVEN,0.374,0.1012,0.5248
DIAMONDS TWO DIAMONDS SIX,0.3736,0.1504,0.476
SPADES ACE HEARTS FIVE,0.3324,0.0038,0.6638
DIAMONDS TWO DIAMONDS NINE,0.3914,0.042,0.5666
DIAMONDS TWO DIAMONDS EIGHT,0.3852,0.0594,0.5554
DIAMONDS THREE DIAMONDS FOUR,0.0202,0.91,0.0698
CLUBS TWO SPADES FOUR,0.2694,0.5146,0.216
DIAMONDS THREE DIAMONDS FIVE,0.2094,0.3378,0.4528
SPADES FIVE CLUBS TWO,0.39,0.2484,0.3616
CLUBS TWO SPADES TWO,0.3208,0.1686,0.5106
CLUBS TWO SPADES THREE,0.2928,0.4962,0.211
DIAMONDS THREE DIAMONDS EIGHT,0.253,0.1466,0.6004
SPADES EIGHT CLUBS TWO,0.413,0.0706,0.5164
DIAMONDS THREE DIAMONDS NINE,0.2414,0.1086,0.65
SPADES NINE CLUBS TWO,0.416,0.0524,0.5316
DIAMONDS THREE DIAMONDS SIX,0.242,0.258,0.5
SPADES SIX CLUBS TWO,0.401,0.1578,0.4412
DIAMONDS THREE DIAMONDS SEVEN,0.242,0.2038,0.5542
SPADES SEVEN CLUBS TWO,0.4048,0.113,0.4822
CLUBS SIX CLUBS TWO,0.3764,0.161,0.4626
CLUBS SEVEN CLUBS TWO,0.3882,0.0998,0.512
CLUBS FIVE CLUBS TWO,0.3594,0.244,0.3966
CLUBS TEN CLUBS JACK,0.3332,0.0144,0.6524
DIAMONDS FOUR DIAMONDS SIX,0.236,0.2592,0.5048
CLUBS TEN CLUBS QUEEN,0.3426,0.0126,0.6448
DIAMONDS FOUR DIAMONDS SEVEN,0.2494,0.1964,0.5542
CLUBS TEN CLUBS KING,0.3436,0.0098,0.6466
CLUBS TEN CLUBS ACE,0.3356,0.0056,0.6588
CLUBS EIGHT CLUBS TWO,0.3928,0.0666,0.5406
DIAMONDS FIVE DIAMONDS FOUR,0.2114,0.3386,0.45
CLUBS NINE CLUBS TWO,0.3958,0.0424,0.5618
DIAMONDS NINE DIAMONDS FOUR,0.2538,0.1092,0.637
DIAMONDS EIGHT DIAMONDS FOUR,0.2442,0.1374,0.6184
CLUBS THREE CLUBS TWO,0.279,0.4846,0.2364
DIAMONDS NINE DIAMONDS FIVE,0.3342,0.042,0.6238
CLUBS JACK DIAMONDS TWO,0.4052,0.024,0.5708
DIAMONDS EIGHT DIAMONDS FIVE,0.3168,0.0624,0.6208
CLUBS TEN DIAMONDS TWO,0.409,0.0324,0.5586
DIAMONDS FIVE DIAMONDS SEVEN,0.3056,0.1,0.5944
DIAMONDS FIVE DIAMONDS SIX,0.3002,0.144,0.5558
DIAMONDS TWO CLUBS ACE,0.4098,0.006,0.5842
DIAMONDS TWO CLUBS KING,0.4064,0.0074,0.5862
DIAMONDS TWO CLUBS QUEEN,0.4192,0.0164,0.5644
DIAMONDS EIGHT DIAMONDS SIX,0.328,0.0614,0.6106
DIAMONDS NINE DIAMONDS SIX,0.3356,0.0412,0.6232
HEARTS ACE SPADES THREE,0.2528,0.0168,0.7304
SPADES THREE HEARTS KING,0.2804,0.029,0.6906
DIAMONDS SEVEN DIAMONDS SIX,0.311,0.095,0.594
HEARTS QUEEN SPADES THREE,0.2656,0.0374,0.697
SPADES THREE HEARTS JACK,0.2708,0.0598,0.6694
SPADES THREE HEARTS TEN,0.2612,0.0868,0.652
DIAMONDS EIGHT DIAMONDS SEVEN,0.315,0.0596,0.6254
DIAMONDS NINE DIAMONDS SEVEN,0.3332,0.036,0.6308
DIAMONDS NINE DIAMONDS EIGHT,0.3086,0.0326,0.6588
DIAMONDS KING HEARTS TEN,0.3462,0.0096,0.6442
SPADES JACK CLUBS SIX,0.3656,0.0202,0.6142
DIAMONDS KING HEARTS JACK,0.3566,0.0078,0.6356
SPADES TEN CLUBS SIX,0.3436,0.0346,0.6218
SPADES JACK SPADES FIVE,0.341,0.0198,0.6392
SPADES TEN SPADES FIVE,0.344,0.0286,0.6274
DIAMONDS KING HEARTS ACE,0.3502,0.0064,0.6434
SPADES ACE CLUBS SIX,0.361,0.0042,0.6348
DIAMONDS KING HEARTS QUEEN,0.3492,0.0058,0.645
SPADES KING CLUBS SIX,0.3522,0.0098,0.638
DIAMONDS KING HEARTS KING,0.1714,0.0216,0.807
SPADES QUEEN CLUBS SIX,0.3536,0.0102,0.6362
SPADES NINE HEARTS TEN,0.3382,0.0238,0.638
SPADES NINE HEARTS JACK,0.3572,0.0152,0.6276
SPADES QUEEN SPADES FIVE,0.3368,0.0112,0.652
SPADES KING SPADES FIVE,0.3256,0.007,0.6674
SPADES ACE SPADES FIVE,0.3136,0.006,0.6804
SPADES NINE HEARTS QUEEN,0.355,0.0122,0.6328
SPADES NINE HEARTS KING,0.3448,0.007,0.6482
SPADES NINE HEARTS ACE,0.3576,0.0046,0.6378
CLUBS TEN SPADES JACK,0.3444,0.0128,0.6428
CLUBS TEN SPADES TEN,0.1624,0.0738,0.7638
SPADES ACE CLUBS TEN,0.343,0.005,0.652
CLUBS TEN SPADES KING,0.3616,0.0076,0.6308
CLUBS TEN SPADES QUEEN,0.3426,0.011,0.6464
SPADES FIVE HEARTS QUEEN,0.3576,0.013,0.6294
SPADES FIVE HEARTS KING,0.3534,0.0116,0.635
HEARTS ACE SPADES FIVE,0.3412,0.007,0.6518
CLUBS EIGHT SPADES TEN,0.3402,0.0284,0.6314
SPADES JACK DIAMONDS KING,0.3668,0.0072,0.626
SPADES TEN DIAMONDS KING,0.361,0.0078,0.6312
CLUBS EIGHT SPADES JACK,0.34,0.0192,0.6408
CLUBS SIX HEARTS ACE,0.3492,0.0064,0.6444
SPADES ACE CLUBS EIGHT,0.3414,0.0042,0.6544
HEARTS FIVE CLUBS JACK,0.3532,0.0254,0.6214
CLUBS TEN HEARTS FIVE,0.3564,0.028,0.6156
CLUBS SIX HEARTS QUEEN,0.348,0.0132,0.6388
SPADES QUEEN CLUBS EIGHT,0.351,0.013,0.636
CLUBS TEN SPADES THREE,0.267,0.078,0.655
CLUBS SIX HEARTS KING,0.3544,0.011,0.6346
SPADES KING CLUBS EIGHT,0.3652,0.0098,0.625
CLUBS JACK SPADES THREE,0.281,0.0632,0.6558
DIAMONDS TWO HEARTS JACK,0.4078,0.0176,0.5746
SPADES THREE CLUBS QUEEN,0.2742,0.0434,0.6824
DIAMONDS TWO HEARTS TEN,0.4124,0.0372,0.5504
SPADES THREE CLUBS KING,0.2884,0.0314,0.6802
HEARTS FIVE CLUBS ACE,0.326,0.0074,0.6666
SPADES FIVE HEARTS TEN,0.3506,0.0314,0.618
SPADES THREE CLUBS ACE,0.2722,0.0202,0.7076
HEARTS FIVE CLUBS KING,0.3388,0.0102,0.651
SPADES FIVE HEARTS JACK,0.36,0.0216,0.6184
HEARTS FIVE CLUBS QUEEN,0.3426,0.0168,0.6406
DIAMONDS KING CLUBS KING,0.1616,0.0194,0.819
DIAMONDS KING CLUBS QUEEN,0.3552,0.0088,0.636
HEARTS FIVE HEARTS JACK,0.3546,0.0258,0.6196
HEARTS FIVE HEARTS TEN,0.3466,0.0316,0.6218
DIAMONDS KING CLUBS ACE,0.3574,0.0048,0.6378
SPADES ACE CLUBS QUEEN,0.3586,0.0028,0.6386
SPADES KING CLUBS QUEEN,0.354,0.0082,0.6378
CLUBS JACK DIAMONDS KING,0.3458,0.0086,0.6456
SPADES QUEEN CLUBS QUEEN,0.1628,0.036,0.8012
CLUBS TEN DIAMONDS KING,0.3576,0.0092,0.6332
SPADES JACK CLUBS QUEEN,0.353,0.0126,0.6344
CLUBS SIX CLUBS QUEEN,0.3422,0.0144,0.6434
SPADES TEN CLUBS QUEEN,0.3384,0.0116,0.65
CLUBS SIX CLUBS KING,0.3352,0.0086,0.6562
CLUBS SIX CLUBS ACE,0.3388,0.0062,0.655
HEARTS FIVE HEARTS KING,0.3392,0.009,0.6518
HEARTS FIVE HEARTS QUEEN,0.3516,0.014,0.6344
CLUBS TEN CLUBS SIX,0.3398,0.0268,0.6334
HEARTS FIVE HEARTS ACE,0.3334,0.0062,0.6604
CLUBS JACK CLUBS SIX,0.3518,0.0232,0.625
SPADES SEVEN HEARTS JACK,0.3488,0.0148,0.6364
SPADES SEVEN HEARTS TEN,0.345,0.028,0.627
DIAMONDS TWO CLUBS TWO,0.325,0.1736,0.5014
DIAMONDS TWO CLUBS THREE,0.2824,0.4912,0.2264
DIAMONDS TWO HEARTS SIX,0.3904,0.1666,0.443
DIAMONDS TWO HEARTS QUEEN,0.4054,0.0172,0.5774
HEARTS SEVEN DIAMONDS TWO,0.4024,0.1126,0.485
DIAMONDS TWO HEARTS KING,0.3994,0.0088,0.5918
DIAMONDS TWO HEARTS EIGHT,0.3954,0.07,0.5346
DIAMONDS TWO HEARTS ACE,0.3934,0.0064,0.6002
DIAMONDS TWO HEARTS NINE,0.401,0.0472,0.5518
DIAMONDS TWO DIAMONDS QUEEN,0.3878,0.0176,0.5946
DIAMONDS TWO HEARTS TWO,0.3346,0.1586,0.5068
DIAMONDS TWO DIAMONDS KING,0.3808,0.0098,0.6094
DIAMONDS TWO DIAMONDS ACE,0.3752,0.0052,0.6196
HEARTS FOUR DIAMONDS TWO,0.2698,0.5188,0.2114
HEARTS FIVE DIAMONDS TWO,0.3902,0.2484,0.3614
SPADES SEVEN HEARTS ACE,0.363,0.0048,0.6322
DIAMONDS TWO DIAMONDS TEN,0.3836,0.0322,0.5842
SPADES SEVEN HEARTS KING,0.3454,0.0088,0.6458
DIAMONDS TWO DIAMONDS JACK,0.3888,0.0188,0.5924
SPADES SEVEN HEARTS QUEEN,0.365,0.012,0.623
DIAMONDS TWO SPADES NINE,0.4148,0.0472,0.538
DIAMONDS TWO SPADES EIGHT,0.4018,0.074,0.5242
DIAMONDS TWO SPADES SEVEN,0.4224,0.1098,0.4678
DIAMONDS TWO SPADES SIX,0.406,0.1538,0.4402
DIAMONDS TWO SPADES FIVE,0.368,0.254,0.378
DIAMONDS TWO SPADES FOUR,0.2818,0.5024,0.2158
DIAMONDS TWO SPADES THREE,0.2968,0.4846,0.2186
DIAMONDS TWO SPADES TWO,0.325,0.169,0.506
DIAMONDS TWO CLUBS NINE,0.3978,0.0454,0.5568
CLUBS EIGHT DIAMONDS TWO,0.406,0.0666,0.5274
DIAMONDS TWO CLUBS SEVEN,0.408,0.1092,0.4828
DIAMONDS TWO CLUBS SIX,0.3956,0.1614,0.443
DIAMONDS TWO CLUBS FIVE,0.3928,0.2528,0.3544
SPADES ACE DIAMONDS SIX,0.357,0.003,0.64
SPADES QUEEN DIAMONDS SIX,0.3628,0.0116,0.6256
SPADES KING DIAMONDS SIX,0.3712,0.0086,0.6202
SPADES TEN DIAMONDS SIX,0.3546,0.0306,0.6148
SPADES JACK DIAMONDS SIX,0.3634,0.0194,0.6172
SPADES QUEEN SPADES TWO,0.3928,0.014,0.5932
SPADES KING SPADES TWO,0.3744,0.01,0.6156
SPADES ACE SPADES TWO,0.3754,0.006,0.6186
CLUBS JACK DIAMONDS JACK,0.153,0.0492,0.7978
CLUBS TEN DIAMONDS JACK,0.3544,0.0166,0.629
DIAMONDS JACK CLUBS KING,0.3366,0.006,0.6574
DIAMONDS JACK CLUBS QUEEN,0.357,0.0122,0.6308
DIAMONDS THREE DIAMONDS JACK,0.249,0.0576,0.6934
DIAMONDS THREE DIAMONDS TEN,0.2752,0.0716,0.6532
DIAMONDS JACK CLUBS ACE,0.354,0.0044,0.6416
DIAMONDS THREE DIAMONDS KING,0.2552,0.0284,0.7164
DIAMONDS THREE DIAMONDS QUEEN,0.2596,0.0416,0.6988
DIAMONDS THREE HEARTS TWO,0.293,0.4906,0.2164
HEARTS FIVE DIAMONDS THREE,0.2114,0.3838,0.4048
DIAMONDS THREE DIAMONDS ACE,0.2442,0.0164,0.7394
HEARTS FOUR DIAMONDS THREE,0.0082,0.9748,0.017
HEARTS SEVEN DIAMONDS THREE,0.2578,0.1898,0.5524
SPADES TEN SPADES NINE,0.3272,0.0224,0.6504
HEARTS SIX DIAMONDS THREE,0.2416,0.2848,0.4736
SPADES JACK SPADES NINE,0.3334,0.0172,0.6494
DIAMONDS THREE HEARTS NINE,0.2666,0.1124,0.621
HEARTS JACK DIAMONDS FOUR,0.2612,0.0636,0.6752
HEARTS ACE HEARTS KING,0.344,0.0068,0.6492
SPADES TEN SPADES TWO,0.3858,0.0306,0.5836
DIAMONDS THREE HEARTS EIGHT,0.2756,0.14,0.5844
HEARTS TEN DIAMONDS FOUR,0.2656,0.0876,0.6468
SPADES JACK SPADES TWO,0.3952,0.0224,0.5824
HEARTS QUEEN DIAMONDS FOUR,0.267,0.0526,0.6804
HEARTS KING DIAMONDS FOUR,0.2694,0.0342,0.6964
SPADES ACE SPADES NINE,0.3192,0.0034,0.6774
HEARTS ACE DIAMONDS FOUR,0.2546,0.0236,0.7218
SPADES KING SPADES NINE,0.3336,0.0066,0.6598
SPADES QUEEN SPADES NINE,0.3292,0.0124,0.6584
DIAMONDS THREE SPADES NINE,0.2814,0.1062,0.6124
DIAMONDS THREE SPADES EIGHT,0.2702,0.1386,0.5912
DIAMONDS THREE SPADES SEVEN,0.256,0.2008,0.5432
DIAMONDS THREE SPADES SIX,0.2544,0.276,0.4696
DIAMONDS THREE CLUBS SIX,0.2538,0.2512,0.495
CLUBS SIX CLUBS FIVE,0.3104,0.1534,0.5362
CLUBS ACE DIAMONDS FOUR,0.2486,0.0214,0.73
DIAMONDS THREE CLUBS SEVEN,0.2532,0.1968,0.55
CLUBS SEVEN CLUBS FIVE,0.3248,0.0964,0.5788
DIAMONDS FOUR CLUBS QUEEN,0.2604,0.0514,0.6882
DIAMONDS THREE CLUBS FIVE,0.2148,0.3788,0.4064
DIAMONDS FOUR CLUBS KING,0.2682,0.0382,0.6936
DIAMONDS THREE CLUBS TWO,0.2944,0.4968,0.2088
CLUBS TEN DIAMONDS FOUR,0.2736,0.088,0.6384
DIAMONDS THREE CLUBS THREE,0.2528,0.1296,0.6176
CLUBS JACK DIAMONDS FOUR,0.255,0.0612,0.6838
DIAMONDS THREE SPADES FOUR,0.0204,0.9588,0.0208
DIAMONDS THREE SPADES FIVE,0.223,0.3816,0.3954
DIAMONDS THREE SPADES TWO,0.2804,0.486,0.2336
DIAMONDS THREE SPADES THREE,0.2476,0.1272,0.6252
CLUBS EIGHT DIAMONDS THREE,0.2702,0.1482,0.5816
CLUBS NINE DIAMONDS THREE,0.262,0.0976,0.6404
SPADES SEVEN CLUBS ACE,0.3514,0.0048,0.6438
SPADES SEVEN CLUBS QUEEN,0.3638,0.0166,0.6196
SPADES SEVEN CLUBS KING,0.348,0.0082,0.6438
SPADES SEVEN CLUBS FIVE,0.3234,0.1166,0.56
CLUBS TEN SPADES SEVEN,0.3426,0.0278,0.6296
CLUBS FIVE SPADES SIX,0.313,0.1548,0.5322
CLUBS JACK SPADES SEVEN,0.3468,0.02,0.6332
SPADES NINE CLUBS FIVE,0.3468,0.0418,0.6114
SPADES EIGHT CLUBS FIVE,0.3308,0.0742,0.595
CLUBS FIVE SPADES THREE,0.2206,0.3732,0.4062
CLUBS FIVE SPADES TWO,0.3828,0.2456,0.3716
CLUBS FIVE SPADES FIVE,0.109,0.1488,0.7422
CLUBS FIVE SPADES FOUR,0.2076,0.3716,0.4208
CLUBS NINE CLUBS FIVE,0.3416,0.0428,0.6156
CLUBS EIGHT CLUBS FIVE,0.3238,0.063,0.6132
CLUBS ACE CLUBS QUEEN,0.3292,0.004,0.6668
CLUBS KING CLUBS QUEEN,0.3538,0.0096,0.6366
DIAMONDS TEN DIAMONDS FOUR,0.2564,0.0794,0.6642
CLUBS TEN DIAMONDS NINE,0.3422,0.0212,0.6366
DIAMONDS JACK DIAMONDS FOUR,0.2554,0.0602,0.6844
CLUBS JACK DIAMONDS NINE,0.358,0.019,0.623
CLUBS JACK SPADES NINE,0.3468,0.0158,0.6374
CLUBS TEN SPADES NINE,0.3436,0.025,0.6314
DIAMONDS ACE DIAMONDS FOUR,0.237,0.0216,0.7414
HEARTS FOUR DIAMONDS FOUR,0.0962,0.141,0.7628
DIAMONDS JACK HEARTS TEN,0.3544,0.0124,0.6332
SPADES NINE CLUBS KING,0.3588,0.0104,0.6308
DIAMONDS TWO SPADES TEN,0.4182,0.0314,0.5504
DIAMONDS NINE CLUBS ACE,0.3524,0.0034,0.6442
HEARTS FIVE DIAMONDS FOUR,0.2052,0.3746,0.4202
DIAMONDS JACK HEARTS JACK,0.1664,0.0526,0.781
SPADES NINE CLUBS QUEEN,0.342,0.011,0.647
DIAMONDS TWO SPADES JACK,0.4134,0.0276,0.559
DIAMONDS QUEEN DIAMONDS FOUR,0.2506,0.0444,0.705
HEARTS TWO DIAMONDS FOUR,0.2774,0.515,0.2076
DIAMONDS NINE CLUBS QUEEN,0.3454,0.0142,0.6404
DIAMONDS KING DIAMONDS FOUR,0.2528,0.0298,0.7174
SPADES NINE CLUBS ACE,0.3594,0.0064,0.6342
DIAMONDS NINE CLUBS KING,0.353,0.0058,0.6412
HEARTS ACE DIAMONDS JACK,0.3428,0.0046,0.6526
SPADES ACE DIAMONDS TWO,0.3942,0.0072,0.5986
HEARTS QUEEN DIAMONDS JACK,0.3454,0.012,0.6426
SPADES QUEEN DIAMONDS TWO,0.4172,0.0164,0.5664
DIAMONDS JACK HEARTS KING,0.3402,0.0066,0.6532
SPADES KING DIAMONDS TWO,0.4092,0.0082,0.5826
SPADES JACK SPADES SEVEN,0.3326,0.0156,0.6518
SPADES TEN SPADES SEVEN,0.338,0.0286,0.6334
CLUBS SEVEN CLUBS THREE,0.246,0.1754,0.5786
CLUBS SIX CLUBS THREE,0.2376,0.272,0.4904
CLUBS THREE CLUBS FIVE,0.2016,0.3602,0.4382
CLUBS NINE CLUBS THREE,0.2612,0.1066,0.6322
CLUBS EIGHT CLUBS THREE,0.2602,0.1378,0.602
CLUBS THREE SPADES FIVE,0.218,0.3942,0.3878
CLUBS THREE SPADES FOUR,0.0156,0.9732,0.0112
CLUBS THREE SPADES THREE,0.2434,0.1284,0.6282
CLUBS THREE SPADES TWO,0.2816,0.5098,0.2086
CLUBS THREE SPADES SIX,0.26,0.2702,0.4698
CLUBS THREE SPADES SEVEN,0.2622,0.1952,0.5426
SPADES EIGHT CLUBS THREE,0.2848,0.1368,0.5784
SPADES NINE CLUBS THREE,0.2672,0.1128,0.62
SPADES TWO DIAMONDS FOUR,0.2738,0.509,0.2172
SPADES THREE DIAMONDS FOUR,0.0194,0.958,0.0226
SPADES FOUR DIAMONDS FOUR,0.1044,0.1324,0.7632
SPADES FIVE DIAMONDS FOUR,0.2282,0.3684,0.4034
SPADES SIX DIAMONDS FOUR,0.2606,0.263,0.4764
SPADES SEVEN DIAMONDS FOUR,0.2502,0.1916,0.5582
SPADES EIGHT DIAMONDS FOUR,0.2534,0.1492,0.5974
SPADES NINE DIAMONDS FOUR,0.2774,0.1018,0.6208
CLUBS FIVE DIAMONDS FOUR,0.2174,0.368,0.4146
CLUBS SEVEN DIAMONDS FOUR,0.2452,0.1996,0.5552
CLUBS SIX DIAMONDS FOUR,0.2396,0.282,0.4784
CLUBS NINE DIAMONDS FOUR,0.264,0.109,0.627
CLUBS EIGHT DIAMONDS FOUR,0.2272,0.1524,0.6204
HEARTS SEVEN DIAMONDS FOUR,0.2562,0.1984,0.5454
HEARTS SIX DIAMONDS FOUR,0.2384,0.2788,0.4828
DIAMONDS FOUR HEARTS NINE,0.2828,0.1072,0.61
DIAMONDS FOUR HEARTS EIGHT,0.2488,0.1498,0.6014
CLUBS THREE DIAMONDS FOUR,0.0158,0.9736,0.0106
CLUBS TWO DIAMONDS FOUR,0.2786,0.5114,0.21
DIAMONDS TEN DIAMONDS FIVE,0.3388,0.0336,0.6276
DIAMONDS JACK DIAMONDS FIVE,0.34,0.0198,0.6402
DIAMONDS NINE HEARTS QUEEN,0.3536,0.012,0.6344
DIAMONDS NINE HEARTS KING,0.3442,0.0092,0.6466
HEARTS ACE DIAMONDS NINE,0.3518,0.0062,0.642
DIAMONDS NINE HEARTS TEN,0.3456,0.025,0.6294
DIAMONDS NINE HEARTS JACK,0.335,0.016,0.649
CLUBS KING DIAMONDS SIX,0.3666,0.01,0.6234
CLUBS QUEEN DIAMONDS SIX,0.3494,0.0164,0.6342
CLUBS ACE DIAMONDS SIX,0.3484,0.0034,0.6482
SPADES KING DIAMONDS FOUR,0.2604,0.0336,0.706
SPADES ACE SPADES SEVEN,0.3334,0.0058,0.6608
SPADES QUEEN DIAMONDS FOUR,0.2644,0.045,0.6906
SPADES QUEEN SPADES SEVEN,0.3526,0.011,0.6364
CLUBS JACK DIAMONDS SIX,0.3524,0.0202,0.6274
SPADES KING SPADES SEVEN,0.3458,0.0096,0.6446
SPADES ACE DIAMONDS FOUR,0.2384,0.0228,0.7388
CLUBS TEN DIAMONDS SIX,0.358,0.0288,0.6132
SPADES JACK DIAMONDS FOUR,0.2798,0.062,0.6582
SPADES TEN DIAMONDS FOUR,0.2636,0.0824,0.654
CLUBS SEVEN SPADES EIGHT,0.3286,0.0634,0.608
SPADES NINE CLUBS SEVEN,0.3342,0.039,0.6268
CLUBS SEVEN SPADES SIX,0.335,0.0938,0.5712
CLUBS SEVEN SPADES SEVEN,0.1512,0.1162,0.7326
CLUBS SEVEN SPADES FIVE,0.3264,0.101,0.5726
CLUBS SEVEN SPADES FOUR,0.2466,0.2072,0.5462
CLUBS SEVEN SPADES THREE,0.2536,0.199,0.5474
CLUBS SEVEN SPADES TWO,0.4204,0.1042,0.4754
CLUBS NINE CLUBS SEVEN,0.3332,0.0426,0.6242
CLUBS EIGHT CLUBS SEVEN,0.3384,0.0562,0.6054
HEARTS SIX DIAMONDS FIVE,0.3194,0.1508,0.5298
HEARTS SEVEN DIAMONDS FIVE,0.3278,0.1076,0.5646
DIAMONDS FIVE HEARTS EIGHT,0.3234,0.0712,0.6054
DIAMONDS FIVE HEARTS NINE,0.3462,0.049,0.6048
DIAMONDS QUEEN DIAMONDS FIVE,0.3412,0.011,0.6478
HEARTS TWO DIAMONDS FIVE,0.39,0.2414,0.3686
HEARTS KING HEARTS EIGHT,0.3456,0.0088,0.6456
DIAMONDS KING DIAMONDS FIVE,0.3362,0.0098,0.654
HEARTS QUEEN HEARTS EIGHT,0.3324,0.0144,0.6532
DIAMONDS ACE DIAMONDS FIVE,0.3164,0.006,0.6776
HEARTS FOUR DIAMONDS FIVE,0.2182,0.3644,0.4174
HEARTS FIVE DIAMONDS FIVE,0.1222,0.1542,0.7236
HEARTS ACE HEARTS EIGHT,0.3354,0.005,0.6596
CLUBS FIVE DIAMONDS FIVE,0.1194,0.1586,0.722
CLUBS SIX DIAMONDS FIVE,0.3172,0.1558,0.527
CLUBS SEVEN DIAMONDS FIVE,0.3222,0.1058,0.572
CLUBS TWO DIAMONDS FIVE,0.4032,0.248,0.3488
CLUBS THREE DIAMONDS FIVE,0.239,0.3582,0.4028
SPADES THREE DIAMONDS FIVE,0.2276,0.37,0.4024
SPADES TWO DIAMONDS FIVE,0.3824,0.2458,0.3718
SPADES JACK DIAMONDS EIGHT,0.3348,0.0188,0.6464
SPADES FIVE DIAMONDS FIVE,0.1178,0.1534,0.7288
CLUBS TEN HEARTS JACK,0.325,0.016,0.659
SPADES TEN DIAMONDS EIGHT,0.3424,0.026,0.6316
SPADES FOUR DIAMONDS FIVE,0.2114,0.3672,0.4214
CLUBS JACK HEARTS JACK,0.1492,0.0552,0.7956
HEARTS JACK CLUBS QUEEN,0.3448,0.0108,0.6444
CLUBS NINE DIAMONDS FIVE,0.3526,0.0456,0.6018
CLUBS EIGHT DIAMONDS FIVE,0.3394,0.065,0.5956
HEARTS JACK CLUBS KING,0.3414,0.0072,0.6514
CLUBS ACE HEARTS JACK,0.3502,0.0048,0.645
SPADES SEVEN DIAMONDS FIVE,0.3292,0.106,0.5648
SPADES KING DIAMONDS EIGHT,0.3638,0.0082,0.628
SPADES QUEEN DIAMONDS EIGHT,0.3582,0.0112,0.6306
SPADES SIX DIAMONDS FIVE,0.3224,0.1568,0.5208
SPADES NINE DIAMONDS FIVE,0.3602,0.0482,0.5916
SPADES EIGHT DIAMONDS FIVE,0.3452,0.0706,0.5842
SPADES ACE DIAMONDS EIGHT,0.3576,0.0044,0.638
DIAMONDS TEN DIAMONDS SIX,0.34,0.0296,0.6304
HEARTS ACE DIAMONDS SEVEN,0.3656,0.006,0.6284
DIAMONDS JACK DIAMONDS SIX,0.332,0.0184,0.6496
HEARTS QUEEN DIAMONDS SEVEN,0.3554,0.0148,0.6298
HEARTS KING DIAMONDS SEVEN,0.358,0.0092,0.6328
DIAMONDS ACE DIAMONDS SIX,0.344,0.0062,0.6498
HEARTS FOUR DIAMONDS SIX,0.2438,0.2636,0.4926
SPADES TWO HEARTS JACK,0.4004,0.023,0.5766
HEARTS FIVE DIAMONDS SIX,0.319,0.1472,0.5338
SPADES TWO HEARTS TEN,0.4068,0.0314,0.5618
DIAMONDS QUEEN DIAMONDS SIX,0.3398,0.0134,0.6468
HEARTS TWO DIAMONDS SIX,0.4124,0.1608,0.4268
DIAMONDS KING DIAMONDS SIX,0.3392,0.0072,0.6536
HEARTS EIGHT DIAMONDS SIX,0.3294,0.0682,0.6024
HEARTS NINE DIAMONDS SIX,0.3468,0.0458,0.6074
HEARTS SIX DIAMONDS SIX,0.1364,0.133,0.7306
HEARTS SEVEN DIAMONDS SIX,0.3214,0.1012,0.5774
HEARTS TEN DIAMONDS SEVEN,0.3378,0.0308,0.6314
CLUBS TWO DIAMONDS SIX,0.4138,0.1554,0.4308
HEARTS JACK DIAMONDS SEVEN,0.3618,0.0208,0.6174
CLUBS THREE DIAMONDS SIX,0.2478,0.2698,0.4824
CLUBS SEVEN DIAMONDS SIX,0.3292,0.1002,0.5706
CLUBS JACK DIAMONDS EIGHT,0.3488,0.0186,0.6326
CLUBS SIX DIAMONDS SIX,0.1274,0.1348,0.7378
CLUBS TEN DIAMONDS EIGHT,0.3478,0.0264,0.6258
CLUBS FIVE DIAMONDS SIX,0.316,0.1442,0.5398
HEARTS ACE HEARTS JACK,0.3318,0.0048,0.6634
DIAMONDS EIGHT CLUBS ACE,0.3578,0.0028,0.6394
HEARTS QUEEN HEARTS JACK,0.3448,0.01,0.6452
DIAMONDS EIGHT CLUBS KING,0.3442,0.0072,0.6486
CLUBS NINE DIAMONDS SIX,0.3496,0.0472,0.6032
HEARTS KING HEARTS JACK,0.3392,0.0086,0.6522
CLUBS EIGHT DIAMONDS SIX,0.3436,0.0624,0.594
DIAMONDS EIGHT CLUBS QUEEN,0.358,0.0122,0.6298
SPADES TEN HEARTS KING,0.3498,0.0098,0.6404
SPADES FIVE DIAMONDS SIX,0.3148,0.1528,0.5324
HEARTS ACE SPADES TWO,0.3906,0.006,0.6034
SPADES JACK HEARTS KING,0.3674,0.0066,0.626
SPADES FOUR DIAMONDS SIX,0.2476,0.2718,0.4806
SPADES THREE DIAMONDS SIX,0.2454,0.2728,0.4818
HEARTS QUEEN SPADES TWO,0.4094,0.0156,0.575
SPADES ACE SPADES KING,0.3476,0.0028,0.6496
HEARTS KING SPADES TWO,0.4056,0.0082,0.5862
SPADES TWO DIAMONDS SIX,0.4042,0.1568,0.439
HEARTS TEN HEARTS EIGHT,0.3302,0.0274,0.6424
SPADES NINE DIAMONDS SIX,0.3548,0.0396,0.6056
HEARTS JACK HEARTS EIGHT,0.3184,0.017,0.6646
SPADES EIGHT DIAMONDS SIX,0.3394,0.0642,0.5964
SPADES SEVEN DIAMONDS SIX,0.3226,0.0988,0.5786
SPADES SIX DIAMONDS SIX,0.1416,0.134,0.7244
SPADES KING HEARTS KING,0.1588,0.0196,0.8216
SPADES QUEEN HEARTS KING,0.3628,0.0082,0.629
CLUBS ACE CLUBS KING,0.3336,0.0062,0.6602
SPADES ACE HEARTS KING,0.3672,0.004,0.6288
SPADES ACE HEARTS JACK,0.3418,0.0068,0.6514
SPADES QUEEN HEARTS JACK,0.3488,0.0102,0.641
SPADES KING HEARTS JACK,0.3442,0.0068,0.649
SPADES TEN DIAMONDS TEN,0.1662,0.0674,0.7664
SPADES JACK DIAMONDS TEN,0.342,0.0162,0.6418
SPADES ACE DIAMONDS TEN,0.3558,0.0044,0.6398
SPADES JACK HEARTS JACK,0.1614,0.0544,0.7842
SPADES TEN HEARTS JACK,0.3472,0.0174,0.6354
SPADES QUEEN DIAMONDS TEN,0.35,0.008,0.642
SPADES KING DIAMONDS TEN,0.3548,0.0076,0.6376
SPADES NINE DIAMONDS SEVEN,0.338,0.0422,0.6198
SPADES EIGHT DIAMONDS SEVEN,0.3374,0.0652,0.5974
SPADES SEVEN DIAMONDS SEVEN,0.1588,0.1046,0.7366
SPADES SIX DIAMONDS SEVEN,0.339,0.1,0.561
DIAMONDS KING DIAMONDS SEVEN,0.3488,0.0086,0.6426
HEARTS KING DIAMONDS FIVE,0.3648,0.012,0.6232
DIAMONDS QUEEN DIAMONDS SEVEN,0.3326,0.0114,0.656
HEARTS TWO DIAMONDS SEVEN,0.4166,0.1128,0.4706
HEARTS QUEEN DIAMONDS FIVE,0.3662,0.0148,0.619
HEARTS FIVE DIAMONDS SEVEN,0.3336,0.1028,0.5636
DIAMONDS ACE DIAMONDS SEVEN,0.3304,0.0058,0.6638
HEARTS FOUR DIAMONDS SEVEN,0.25,0.2062,0.5438
HEARTS ACE DIAMONDS FIVE,0.3374,0.0072,0.6554
HEARTS SEVEN DIAMONDS SEVEN,0.1478,0.1104,0.7418
HEARTS SIX DIAMONDS SEVEN,0.3398,0.096,0.5642
DIAMONDS SEVEN HEARTS NINE,0.3474,0.0428,0.6098
HEARTS EIGHT DIAMONDS SEVEN,0.34,0.0584,0.6016
DIAMONDS JACK DIAMONDS SEVEN,0.349,0.0152,0.6358
DIAMONDS FIVE HEARTS JACK,0.3636,0.0222,0.6142
DIAMONDS TEN DIAMONDS SEVEN,0.3366,0.0252,0.6382
HEARTS TEN DIAMONDS FIVE,0.3476,0.034,0.6184
CLUBS EIGHT DIAMONDS SEVEN,0.3266,0.0598,0.6136
SPADES KING CLUBS TWO,0.4038,0.0094,0.5868
HEARTS KING CLUBS KING,0.1542,0.0244,0.8214
SPADES QUEEN CLUBS TWO,0.4112,0.0164,0.5724
HEARTS KING CLUBS QUEEN,0.3456,0.0108,0.6436
CLUBS NINE DIAMONDS SEVEN,0.338,0.0372,0.6248
CLUBS JACK SPADES TWO,0.4078,0.026,0.5662
CLUBS SIX CLUBS SEVEN,0.326,0.0904,0.5836
SPADES ACE CLUBS TWO,0.3978,0.005,0.5972
CLUBS TEN SPADES TWO,0.4062,0.0308,0.563
HEARTS KING CLUBS ACE,0.34,0.0064,0.6536
SPADES TWO CLUBS KING,0.4154,0.0112,0.5734
SPADES TWO DIAMONDS SEVEN,0.4148,0.1064,0.4788
CLUBS EIGHT CLUBS SIX,0.3228,0.0594,0.6178
SPADES THREE DIAMONDS SEVEN,0.2614,0.1962,0.5424
SPADES TWO CLUBS QUEEN,0.3954,0.017,0.5876
CLUBS NINE CLUBS SIX,0.3372,0.0404,0.6224
SPADES FOUR DIAMONDS SEVEN,0.2536,0.202,0.5444
CLUBS JACK HEARTS KING,0.3472,0.0074,0.6454
SPADES FIVE DIAMONDS SEVEN,0.3372,0.1074,0.5554
SPADES TWO CLUBS ACE,0.4,0.0072,0.5928
CLUBS TEN HEARTS KING,0.3376,0.0072,0.6552
CLUBS SIX SPADES TWO,0.3952,0.1638,0.441
CLUBS SIX SPADES THREE,0.2454,0.2692,0.4854
CLUBS TWO DIAMONDS SEVEN,0.4216,0.1048,0.4736
CLUBS SIX SPADES FOUR,0.2412,0.2856,0.4732
CLUBS THREE DIAMONDS SEVEN,0.2694,0.1988,0.5318
CLUBS SIX SPADES FIVE,0.3118,0.1582,0.53
CLUBS SIX SPADES SIX,0.1332,0.1316,0.7352
CLUBS FIVE DIAMONDS SEVEN,0.3306,0.109,0.5604
CLUBS SIX SPADES SEVEN,0.3238,0.094,0.5822
CLUBS SIX DIAMONDS SEVEN,0.3218,0.1038,0.5744
CLUBS SIX SPADES EIGHT,0.3532,0.0668,0.58
SPADES JACK CLUBS TWO,0.4238,0.0188,0.5574
CLUBS SEVEN DIAMONDS SEVEN,0.14,0.1164,0.7436
CLUBS SIX SPADES NINE,0.3528,0.044,0.6032
SPADES TEN CLUBS TWO,0.4208,0.0322,0.547
CLUBS TWO CLUBS QUEEN,0.401,0.0154,0.5836
CLUBS TWO CLUBS KING,0.3946,0.0088,0.5966
CLUBS THREE DIAMONDS EIGHT,0.2702,0.1504,0.5794
CLUBS TWO CLUBS ACE,0.3808,0.0052,0.614
CLUBS TWO DIAMONDS EIGHT,0.4144,0.0652,0.5204
HEARTS SEVEN DIAMONDS EIGHT,0.3322,0.0582,0.6096
HEARTS SIX DIAMONDS EIGHT,0.3414,0.0666,0.592
DIAMONDS EIGHT HEARTS NINE,0.318,0.0406,0.6414
CLUBS TEN CLUBS TWO,0.4,0.036,0.564
DIAMONDS EIGHT HEARTS EIGHT,0.1654,0.0918,0.7428
CLUBS JACK CLUBS TWO,0.3872,0.0222,0.5906
CLUBS NINE DIAMONDS EIGHT,0.3304,0.0358,0.6338
CLUBS EIGHT DIAMONDS EIGHT,0.1516,0.0958,0.7526
CLUBS FIVE DIAMONDS EIGHT,0.324,0.0666,0.6094
SPADES ACE SPADES THREE,0.2402,0.0154,0.7444
CLUBS SEVEN DIAMONDS EIGHT,0.3232,0.0604,0.6164
SPADES QUEEN SPADES THREE,0.2606,0.0376,0.7018
CLUBS SIX DIAMONDS EIGHT,0.3418,0.0668,0.5914
SPADES KING SPADES THREE,0.2592,0.0246,0.7162
DIAMONDS QUEEN DIAMONDS EIGHT,0.3294,0.0134,0.6572
HEARTS TWO DIAMONDS EIGHT,0.4086,0.0672,0.5242
DIAMONDS KING DIAMONDS EIGHT,0.3492,0.0084,0.6424
DIAMONDS ACE DIAMONDS EIGHT,0.336,0.0052,0.6588
HEARTS FOUR DIAMONDS EIGHT,0.252,0.1474,0.6006
HEARTS FIVE DIAMONDS EIGHT,0.3282,0.0652,0.6066
DIAMONDS EIGHT DIAMONDS TEN,0.337,0.0202,0.6428
DIAMONDS EIGHT DIAMONDS JACK,0.3332,0.0188,0.648
SPADES JACK SPADES THREE,0.2548,0.0566,0.6886
SPADES TEN SPADES THREE,0.264,0.076,0.66
CLUBS SIX HEARTS TEN,0.3456,0.0288,0.6256
CLUBS SIX HEARTS JACK,0.357,0.02,0.623
DIAMONDS EIGHT SPADES FOUR,0.2588,0.1478,0.5934
SPADES FIVE DIAMONDS EIGHT,0.3476,0.0702,0.5822
DIAMONDS EIGHT SPADES TWO,0.4084,0.0672,0.5244
DIAMONDS EIGHT SPADES THREE,0.2796,0.1308,0.5896
SPADES EIGHT DIAMONDS EIGHT,0.1618,0.0984,0.7398
SPADES TEN DIAMONDS QUEEN,0.3538,0.0112,0.635
SPADES TEN HEARTS TWO,0.4172,0.0264,0.5564
SPADES JACK HEARTS EIGHT,0.3388,0.022,0.6392
SPADES NINE DIAMONDS EIGHT,0.34,0.0366,0.6234
SPADES TEN HEARTS EIGHT,0.3446,0.0272,0.6282
SPADES JACK HEARTS TWO,0.404,0.0166,0.5794
SPADES JACK DIAMONDS QUEEN,0.3676,0.0102,0.6222
SPADES SIX DIAMONDS EIGHT,0.3508,0.0642,0.585
SPADES SEVEN DIAMONDS EIGHT,0.3374,0.06,0.6026
SPADES ACE HEARTS TWO,0.3932,0.0064,0.6004
SPADES ACE DIAMONDS QUEEN,0.3666,0.0052,0.6282
SPADES ACE HEARTS EIGHT,0.3566,0.0054,0.638
SPADES KING HEARTS EIGHT,0.368,0.006,0.626
SPADES QUEEN HEARTS TWO,0.4338,0.0152,0.551
SPADES QUEEN DIAMONDS QUEEN,0.178,0.0334,0.7886
SPADES KING DIAMONDS QUEEN,0.3514,0.0058,0.6428
SPADES KING HEARTS TWO,0.411,0.0092,0.5798
SPADES QUEEN HEARTS EIGHT,0.3468,0.0148,0.6384
CLUBS TWO HEARTS TEN,0.4096,0.0314,0.559
CLUBS TWO HEARTS JACK,0.4094,0.0214,0.5692
SPADES SEVEN DIAMONDS NINE,0.3532,0.0432,0.6036
SPADES SIX DIAMONDS NINE,0.3518,0.039,0.6092
SPADES NINE DIAMONDS NINE,0.1732,0.0832,0.7436
SPADES EIGHT DIAMONDS NINE,0.33,0.0346,0.6354
SPADES TEN CLUBS KING,0.352,0.0068,0.6412
DIAMONDS NINE SPADES THREE,0.28,0.0968,0.6232
SPADES JACK CLUBS KING,0.3584,0.0088,0.6328
DIAMONDS NINE SPADES TWO,0.4196,0.0474,0.533
DIAMONDS NINE SPADES FIVE,0.3622,0.0444,0.5934
DIAMONDS NINE SPADES FOUR,0.2702,0.108,0.6218
CLUBS NINE DIAMONDS NINE,0.1596,0.0892,0.7512
CLUBS EIGHT DIAMONDS NINE,0.3294,0.0422,0.6284
CLUBS SIX DIAMONDS NINE,0.3532,0.046,0.6008
CLUBS SEVEN DIAMONDS NINE,0.3366,0.0424,0.621
CLUBS FIVE DIAMONDS NINE,0.347,0.0444,0.6086
DIAMONDS NINE CLUBS TWO,0.417,0.0538,0.5292
CLUBS THREE DIAMONDS NINE,0.282,0.1084,0.6096
DIAMONDS NINE HEARTS EIGHT,0.332,0.0444,0.6236
DIAMONDS NINE HEARTS NINE,0.1582,0.0864,0.7554
HEARTS SIX DIAMONDS NINE,0.3492,0.0536,0.5972
HEARTS SEVEN DIAMONDS NINE,0.343,0.0426,0.6144
CLUBS EIGHT CLUBS NINE,0.3134,0.0392,0.6474
DIAMONDS ACE DIAMONDS NINE,0.3454,0.0052,0.6494
HEARTS FOUR DIAMONDS NINE,0.2644,0.1076,0.628
HEARTS FIVE DIAMONDS NINE,0.369,0.043,0.588
HEARTS ACE CLUBS TWO,0.4104,0.005,0.5846
DIAMONDS QUEEN DIAMONDS NINE,0.342,0.0108,0.6472
HEARTS TWO DIAMONDS NINE,0.4212,0.0496,0.5292
CLUBS TWO HEARTS KING,0.406,0.0096,0.5844
DIAMONDS KING DIAMONDS NINE,0.334,0.0076,0.6584
CLUBS TWO HEARTS QUEEN,0.4188,0.013,0.5682
DIAMONDS NINE DIAMONDS JACK,0.3222,0.0144,0.6634
CLUBS EIGHT SPADES NINE,0.3172,0.0392,0.6436
DIAMONDS NINE DIAMONDS TEN,0.3226,0.0218,0.6556
CLUBS EIGHT SPADES EIGHT,0.1636,0.105,0.7314
CLUBS EIGHT SPADES SEVEN,0.3316,0.0636,0.6048
CLUBS EIGHT SPADES SIX,0.34,0.0642,0.5958
CLUBS EIGHT SPADES FIVE,0.3538,0.0688,0.5774
CLUBS EIGHT SPADES FOUR,0.2536,0.1458,0.6006
CLUBS EIGHT SPADES THREE,0.2598,0.1484,0.5918
CLUBS EIGHT SPADES TWO,0.4062,0.0646,0.5292
HEARTS SIX DIAMONDS TEN,0.3614,0.0288,0.6098
HEARTS SEVEN DIAMONDS TEN,0.3588,0.0256,0.6156
DIAMONDS TEN HEARTS EIGHT,0.3466,0.0254,0.628
DIAMONDS TEN HEARTS NINE,0.3256,0.0236,0.6508
CLUBS TWO DIAMONDS TEN,0.4128,0.032,0.5552
CLUBS THREE DIAMONDS TEN,0.28,0.0738,0.6462
DIAMONDS JACK DIAMONDS TEN,0.3348,0.0124,0.6528
DIAMONDS QUEEN DIAMONDS TEN,0.34,0.0112,0.6488
HEARTS TWO DIAMONDS TEN,0.407,0.0344,0.5586
DIAMONDS KING DIAMONDS TEN,0.3388,0.0102,0.651
DIAMONDS ACE DIAMONDS TEN,0.3366,0.0032,0.6602
HEARTS FOUR DIAMONDS TEN,0.2676,0.0778,0.6546
CLUBS EIGHT HEARTS JACK,0.3426,0.0208,0.6366
HEARTS FIVE DIAMONDS TEN,0.3568,0.027,0.6162
CLUBS EIGHT HEARTS TEN,0.3446,0.0292,0.6262
CLUBS EIGHT HEARTS QUEEN,0.3462,0.0126,0.6412
CLUBS EIGHT HEARTS KING,0.356,0.0054,0.6386
CLUBS EIGHT HEARTS ACE,0.3398,0.0068,0.6534
CLUBS NINE SPADES THREE,0.2624,0.1054,0.6322
CLUBS NINE SPADES TWO,0.3872,0.0498,0.563
CLUBS NINE SPADES FIVE,0.348,0.0422,0.6098
CLUBS NINE SPADES FOUR,0.267,0.1174,0.6156
CLUBS NINE SPADES SEVEN,0.3534,0.044,0.6026
CLUBS NINE SPADES SIX,0.3404,0.0446,0.615
CLUBS NINE SPADES NINE,0.1656,0.0874,0.747
CLUBS TEN HEARTS EIGHT,0.327,0.0294,0.6436
CLUBS NINE SPADES EIGHT,0.3216,0.0394,0.639
CLUBS JACK HEARTS EIGHT,0.3416,0.0174,0.641
HEARTS EIGHT CLUBS QUEEN,0.3436,0.012,0.6444
CLUBS KING HEARTS EIGHT,0.345,0.0088,0.6462
CLUBS ACE HEARTS EIGHT,0.36,0.0052,0.6348
SPADES KING CLUBS KING,0.159,0.0214,0.8196
SPADES QUEEN CLUBS KING,0.3612,0.0054,0.6334
SPADES ACE CLUBS KING,0.367,0.0046,0.6284
DIAMONDS ACE HEARTS TEN,0.3364,0.0038,0.6598
HEARTS FOUR HEARTS TEN,0.254,0.0788,0.6672
DIAMONDS ACE HEARTS JACK,0.3396,0.0046,0.6558
HEARTS FOUR HEARTS JACK,0.2644,0.0614,0.6742
SPADES KING CLUBS FIVE,0.365,0.0082,0.6268
SPADES QUEEN CLUBS FIVE,0.3544,0.0156,0.63
SPADES ACE CLUBS FIVE,0.3242,0.004,0.6718
HEARTS SEVEN DIAMONDS JACK,0.3462,0.0186,0.6352
HEARTS SIX DIAMONDS JACK,0.3566,0.0206,0.6228
DIAMONDS JACK HEARTS NINE,0.3502,0.0158,0.634
DIAMONDS JACK HEARTS EIGHT,0.3434,0.0206,0.636
DIAMONDS KING DIAMONDS JACK,0.3322,0.0068,0.661
SPADES ACE SPADES SIX,0.341,0.0052,0.6538
HEARTS ACE SPADES FOUR,0.2452,0.0236,0.7312
DIAMONDS QUEEN DIAMONDS JACK,0.3312,0.011,0.6578
HEARTS TWO DIAMONDS JACK,0.4072,0.0242,0.5686
HEARTS FIVE DIAMONDS JACK,0.3462,0.0228,0.631
SPADES QUEEN SPADES SIX,0.3424,0.0132,0.6444
SPADES FOUR HEARTS QUEEN,0.276,0.0478,0.6762
DIAMONDS ACE DIAMONDS JACK,0.337,0.0038,0.6592
HEARTS FOUR DIAMONDS JACK,0.261,0.0638,0.6752
SPADES KING SPADES SIX,0.3436,0.0098,0.6466
SPADES FOUR HEARTS KING,0.2616,0.035,0.7034
SPADES TEN SPADES SIX,0.333,0.0322,0.6348
SPADES JACK SPADES SIX,0.3532,0.0194,0.6274
SPADES FOUR DIAMONDS JACK,0.2766,0.064,0.6594
SPADES FIVE DIAMONDS JACK,0.3626,0.0226,0.6148
DIAMONDS JACK SPADES TWO,0.4146,0.021,0.5644
DIAMONDS JACK SPADES THREE,0.2714,0.0532,0.6754
SPADES ACE DIAMONDS THREE,0.2582,0.015,0.7268
CLUBS EIGHT DIAMONDS JACK,0.3542,0.0174,0.6284
SPADES QUEEN DIAMONDS THREE,0.276,0.043,0.681
SPADES KING DIAMONDS THREE,0.2856,0.0288,0.6856
CLUBS NINE DIAMONDS JACK,0.3538,0.0198,0.6264
CLUBS SIX DIAMONDS JACK,0.3564,0.0234,0.6202
CLUBS SEVEN DIAMONDS JACK,0.348,0.0196,0.6324
CLUBS FIVE DIAMONDS JACK,0.3548,0.0204,0.6248
CLUBS TWO DIAMONDS JACK,0.4106,0.0242,0.5652
CLUBS THREE DIAMONDS JACK,0.2832,0.0584,0.6584
SPADES TEN CLUBS FIVE,0.356,0.0318,0.6122
SPADES JACK HEARTS SIX,0.3656,0.0216,0.6128
HEARTS SIX SPADES TEN,0.3532,0.0308,0.616
SPADES JACK CLUBS FIVE,0.3584,0.0216,0.62
SPADES JACK DIAMONDS THREE,0.2826,0.0534,0.664
CLUBS SEVEN CLUBS ACE,0.348,0.006,0.646
DIAMONDS THREE SPADES TEN,0.283,0.072,0.645
CLUBS SEVEN CLUBS QUEEN,0.3382,0.0128,0.649
CLUBS SEVEN CLUBS KING,0.34,0.01,0.65
SPADES NINE DIAMONDS JACK,0.3642,0.016,0.6198
CLUBS TEN CLUBS SEVEN,0.3498,0.027,0.6232
DIAMONDS ACE HEARTS ACE,0.146,0.0032,0.8508
HEARTS FOUR HEARTS ACE,0.2342,0.0218,0.744
SPADES EIGHT DIAMONDS JACK,0.3668,0.0126,0.6206
SPADES ACE HEARTS SIX,0.3594,0.0048,0.6358
CLUBS JACK CLUBS SEVEN,0.3388,0.0182,0.643
DIAMONDS ACE HEARTS KING,0.363,0.0054,0.6316
HEARTS FOUR HEARTS KING,0.2604,0.0336,0.706
SPADES SEVEN DIAMONDS JACK,0.3632,0.0182,0.6186
SPADES KING HEARTS SIX,0.3566,0.0112,0.6322
DIAMONDS ACE HEARTS QUEEN,0.3596,0.0038,0.6366
HEARTS FOUR HEARTS QUEEN,0.2616,0.0504,0.688
SPADES QUEEN HEARTS SIX,0.3636,0.0166,0.6198
SPADES SIX DIAMONDS JACK,0.354,0.0212,0.6248
DIAMONDS TEN SPADES TWO,0.4118,0.0326,0.5556
SPADES THREE DIAMONDS TEN,0.2818,0.0766,0.6416
SPADES FOUR DIAMONDS TEN,0.2654,0.0838,0.6508
SPADES FIVE DIAMONDS TEN,0.362,0.0304,0.6076
SPADES SIX DIAMONDS TEN,0.3566,0.0288,0.6146
SPADES SEVEN DIAMONDS TEN,0.3588,0.0266,0.6146
SPADES EIGHT DIAMONDS TEN,0.3374,0.0282,0.6344
SPADES NINE DIAMONDS TEN,0.346,0.0224,0.6316
CLUBS FIVE DIAMONDS TEN,0.3476,0.0306,0.6218
CLUBS SIX DIAMONDS TEN,0.3536,0.0324,0.614
CLUBS SEVEN DIAMONDS TEN,0.3576,0.0322,0.6102
CLUBS EIGHT DIAMONDS TEN,0.3522,0.0246,0.6232
CLUBS NINE DIAMONDS TEN,0.3504,0.025,0.6246
CLUBS JACK DIAMONDS THREE,0.2756,0.0568,0.6676
CLUBS TEN DIAMONDS THREE,0.2742,0.0824,0.6434
DIAMONDS THREE CLUBS KING,0.2656,0.0294,0.705
DIAMONDS THREE CLUBS QUEEN,0.2726,0.0414,0.686
DIAMONDS THREE CLUBS ACE,0.255,0.0172,0.7278
SPADES FOUR HEARTS JACK,0.2606,0.0628,0.6766
SPADES FOUR HEARTS TEN,0.2712,0.077,0.6518
SPADES FIVE SPADES TWO,0.363,0.2402,0.3968
SPADES FOUR SPADES TWO,0.2548,0.4808,0.2644
SPADES THREE SPADES TWO,0.2744,0.4718,0.2538
SPADES NINE SPADES TWO,0.3892,0.0502,0.5606
SPADES EIGHT SPADES TWO,0.3836,0.0692,0.5472
SPADES SEVEN SPADES TWO,0.3934,0.0984,0.5082
SPADES SIX SPADES TWO,0.3826,0.1514,0.466
DIAMONDS QUEEN CLUBS THREE,0.2776,0.0422,0.6802
CLUBS THREE HEARTS TWO,0.2882,0.5046,0.2072
DIAMONDS QUEEN CLUBS TWO,0.4188,0.0148,0.5664
HEARTS TWO CLUBS TWO,0.323,0.1684,0.5086
HEARTS SEVEN DIAMONDS QUEEN,0.3646,0.0138,0.6216
HEARTS SEVEN HEARTS TWO,0.3926,0.1082,0.4992
HEARTS SIX DIAMONDS QUEEN,0.3586,0.0146,0.6268
HEARTS SIX HEARTS TWO,0.3818,0.1606,0.4576
DIAMONDS QUEEN HEARTS NINE,0.352,0.0122,0.6358
HEARTS TWO HEARTS NINE,0.3952,0.0438,0.561
DIAMONDS QUEEN HEARTS EIGHT,0.363,0.0134,0.6236
HEARTS TWO HEARTS EIGHT,0.384,0.0702,0.5458
CLUBS NINE HEARTS TWO,0.411,0.0452,0.5438
CLUBS NINE DIAMONDS QUEEN,0.3532,0.0104,0.6364
CLUBS EIGHT DIAMONDS QUEEN,0.3468,0.016,0.6372
CLUBS EIGHT HEARTS TWO,0.3956,0.0686,0.5358
DIAMONDS QUEEN CLUBS FIVE,0.3508,0.0166,0.6326
HEARTS TWO CLUBS FIVE,0.3676,0.267,0.3654
SPADES EIGHT HEARTS ACE,0.3536,0.0038,0.6426
CLUBS SEVEN DIAMONDS QUEEN,0.3598,0.0116,0.6286
CLUBS SEVEN HEARTS TWO,0.4084,0.1034,0.4882
SPADES EIGHT HEARTS QUEEN,0.3618,0.01,0.6282
CLUBS SIX DIAMONDS QUEEN,0.3676,0.014,0.6184
CLUBS SIX HEARTS TWO,0.4068,0.1644,0.4288
SPADES EIGHT HEARTS KING,0.3456,0.0078,0.6466
HEARTS TWO SPADES SIX,0.4076,0.159,0.4334
DIAMONDS QUEEN SPADES SIX,0.369,0.0138,0.6172
HEARTS FOUR CLUBS QUEEN,0.2556,0.052,0.6924
DIAMONDS ACE CLUBS QUEEN,0.356,0.0052,0.6388
DIAMONDS QUEEN SPADES SEVEN,0.3682,0.0122,0.6196
HEARTS TWO SPADES SEVEN,0.412,0.1082,0.4798
HEARTS FOUR CLUBS KING,0.2574,0.0378,0.7048
DIAMONDS ACE CLUBS KING,0.3546,0.006,0.6394
DIAMONDS QUEEN SPADES EIGHT,0.3556,0.0122,0.6322
SPADES EIGHT HEARTS TWO,0.4208,0.077,0.5022
HEARTS FOUR CLUBS ACE,0.2414,0.021,0.7376
DIAMONDS ACE CLUBS ACE,0.1472,0.0058,0.847
SPADES NINE DIAMONDS QUEEN,0.3524,0.0132,0.6344
SPADES NINE HEARTS TWO,0.4144,0.0478,0.5378
HEARTS TWO SPADES TWO,0.3184,0.1642,0.5174
DIAMONDS QUEEN SPADES TWO,0.4086,0.0128,0.5786
HEARTS TWO SPADES THREE,0.2774,0.5108,0.2118
DIAMONDS QUEEN SPADES THREE,0.2926,0.0448,0.6626
HEARTS TWO SPADES FOUR,0.2708,0.5146,0.2146
DIAMONDS QUEEN SPADES FOUR,0.2694,0.0426,0.688
CLUBS TEN HEARTS FOUR,0.2552,0.086,0.6588
CLUBS TEN DIAMONDS ACE,0.3516,0.0048,0.6436
HEARTS TWO SPADES FIVE,0.3814,0.2506,0.368
DIAMONDS QUEEN SPADES FIVE,0.3608,0.0114,0.6278
CLUBS JACK HEARTS FOUR,0.2618,0.0606,0.6776
CLUBS JACK DIAMONDS ACE,0.3566,0.0052,0.6382
CLUBS FIVE CLUBS KING,0.3406,0.0094,0.65
CLUBS FIVE CLUBS QUEEN,0.342,0.0124,0.6456
CLUBS FIVE CLUBS ACE,0.317,0.006,0.677
CLUBS JACK CLUBS FIVE,0.3412,0.0198,0.639
CLUBS TEN CLUBS FIVE,0.3494,0.0326,0.618
SPADES KING CLUBS JACK,0.3424,0.0072,0.6504
CLUBS JACK SPADES QUEEN,0.3324,0.0146,0.653
SPADES ACE CLUBS JACK,0.3532,0.0056,0.6412
SPADES SIX CLUBS KING,0.3558,0.0106,0.6336
SPADES SIX CLUBS QUEEN,0.3502,0.0124,0.6374
SPADES EIGHT HEARTS JACK,0.353,0.0168,0.6302
SPADES SIX CLUBS ACE,0.3438,0.0044,0.6518
SPADES EIGHT HEARTS TEN,0.3408,0.028,0.6312
CLUBS JACK SPADES SIX,0.3628,0.0196,0.6176
CLUBS TEN SPADES SIX,0.3608,0.0264,0.6128
CLUBS JACK SPADES TEN,0.3446,0.0156,0.6398
CLUBS JACK SPADES JACK,0.1618,0.0492,0.789
SPADES QUEEN CLUBS SEVEN,0.3626,0.0122,0.6252
SPADES KING CLUBS SEVEN,0.3534,0.0076,0.639
SPADES ACE CLUBS SEVEN,0.3718,0.0054,0.6228
SPADES SIX HEARTS TEN,0.369,0.0306,0.6004
SPADES SIX HEARTS JACK,0.3616,0.0172,0.6212
SPADES SIX HEARTS ACE,0.354,0.0046,0.6414
SPADES SIX HEARTS KING,0.3608,0.0102,0.629
SPADES SIX HEARTS QUEEN,0.3592,0.0132,0.6276
SPADES JACK CLUBS SEVEN,0.3478,0.0182,0.634
SPADES TEN CLUBS SEVEN,0.3312,0.0306,0.6382
CLUBS TEN HEARTS SIX,0.3412,0.0282,0.6306
CLUBS JACK HEARTS SIX,0.3564,0.0224,0.6212
CLUBS JACK CLUBS ACE,0.3322,0.0062,0.6616
HEARTS SIX CLUBS QUEEN,0.3422,0.0102,0.6476
HEARTS SIX CLUBS KING,0.355,0.0114,0.6336
HEARTS SIX CLUBS ACE,0.3488,0.0046,0.6466
CLUBS JACK CLUBS QUEEN,0.349,0.0132,0.6378
CLUBS JACK CLUBS KING,0.3462,0.0078,0.646
DIAMONDS THREE HEARTS ACE,0.2576,0.0182,0.7242
DIAMONDS THREE HEARTS QUEEN,0.2674,0.0406,0.692
DIAMONDS THREE HEARTS KING,0.2744,0.0306,0.695
CLUBS FIVE HEARTS JACK,0.3506,0.0198,0.6296
SPADES TEN DIAMONDS ACE,0.3694,0.0034,0.6272
HEARTS FOUR SPADES TEN,0.2752,0.0814,0.6434
CLUBS FIVE HEARTS TEN,0.351,0.0336,0.6154
HEARTS FOUR SPADES JACK,0.2756,0.0636,0.6608
SPADES JACK DIAMONDS ACE,0.3528,0.0056,0.6416
SPADES ACE HEARTS FOUR,0.2454,0.0198,0.7348
SPADES ACE DIAMONDS ACE,0.1598,0.0042,0.836
CLUBS FIVE HEARTS ACE,0.3294,0.0062,0.6644
CLUBS FIVE HEARTS KING,0.3436,0.0088,0.6476
HEARTS FOUR SPADES QUEEN,0.2644,0.0456,0.69
SPADES QUEEN DIAMONDS ACE,0.3532,0.0044,0.6424
CLUBS JACK SPADES FOUR,0.2664,0.0644,0.6692
CLUBS FIVE HEARTS QUEEN,0.3604,0.015,0.6246
SPADES KING DIAMONDS ACE,0.36,0.0042,0.6358
SPADES KING HEARTS FOUR,0.2624,0.0372,0.7004
CLUBS TEN SPADES FOUR,0.273,0.0796,0.6474
DIAMONDS QUEEN DIAMONDS ACE,0.3386,0.0048,0.6566
HEARTS TWO DIAMONDS ACE,0.406,0.0062,0.5878
HEARTS FOUR DIAMONDS QUEEN,0.267,0.0478,0.6852
HEARTS FOUR HEARTS TWO,0.252,0.4936,0.2544
DIAMONDS THREE HEARTS TEN,0.2744,0.0802,0.6454
SPADES FOUR CLUBS KING,0.248,0.0376,0.7144
HEARTS FIVE DIAMONDS QUEEN,0.3634,0.0146,0.622
HEARTS FIVE HEARTS TWO,0.372,0.2262,0.4018
DIAMONDS THREE HEARTS JACK,0.2812,0.0586,0.6602
SPADES FOUR CLUBS QUEEN,0.2802,0.0428,0.677
DIAMONDS QUEEN HEARTS TWO,0.421,0.0132,0.5658
DIAMONDS KING DIAMONDS QUEEN,0.3252,0.0074,0.6674
DIAMONDS KING HEARTS TWO,0.3998,0.0104,0.5898
SPADES FOUR CLUBS ACE,0.2544,0.0232,0.7224
HEARTS TWO CLUBS ACE,0.398,0.0078,0.5942
DIAMONDS QUEEN CLUBS ACE,0.3572,0.0036,0.6392
HEARTS TWO CLUBS QUEEN,0.4224,0.0126,0.565
DIAMONDS QUEEN CLUBS QUEEN,0.1636,0.0366,0.7998
HEARTS TWO CLUBS KING,0.4114,0.0104,0.5782
DIAMONDS QUEEN CLUBS KING,0.3528,0.0072,0.64
SPADES EIGHT SPADES FIVE,0.3248,0.0688,0.6064
CLUBS TEN HEARTS TWO,0.4172,0.0396,0.5432
CLUBS TEN DIAMONDS QUEEN,0.3492,0.0114,0.6394
SPADES NINE SPADES FIVE,0.3276,0.039,0.6334
CLUBS JACK HEARTS TWO,0.4,0.0216,0.5784
CLUBS JACK DIAMONDS QUEEN,0.345,0.0132,0.6418
SPADES SIX SPADES FIVE,0.3,0.1412,0.5588
SPADES SEVEN SPADES FIVE,0.3022,0.1068,0.591
DIAMONDS FIVE CLUBS QUEEN,0.3478,0.0162,0.636
SPADES EIGHT CLUBS ACE,0.3624,0.0056,0.632
DIAMONDS FIVE CLUBS KING,0.3602,0.0116,0.6282
SPADES EIGHT CLUBS KING,0.3568,0.0112,0.632
DIAMONDS FIVE CLUBS ACE,0.3342,0.0044,0.6614
SPADES EIGHT CLUBS QUEEN,0.3544,0.0128,0.6328
CLUBS JACK SPADES EIGHT,0.3496,0.0206,0.6298
CLUBS TEN SPADES EIGHT,0.3554,0.0284,0.6162
CLUBS TEN DIAMONDS FIVE,0.3612,0.0254,0.6134
CLUBS JACK DIAMONDS FIVE,0.3594,0.0222,0.6184
DIAMONDS TEN HEARTS JACK,0.3464,0.0172,0.6364
DIAMONDS TEN HEARTS TEN,0.1802,0.0632,0.7566
SPADES ACE CLUBS NINE,0.355,0.004,0.641
SPADES QUEEN CLUBS NINE,0.3428,0.0126,0.6446
SPADES KING CLUBS NINE,0.3456,0.008,0.6464
HEARTS SIX HEARTS KING,0.3478,0.0094,0.6428
DIAMONDS KING SPADES SEVEN,0.369,0.0066,0.6244
SPADES KING DIAMONDS SEVEN,0.3634,0.0074,0.6292
HEARTS SIX HEARTS QUEEN,0.3426,0.0124,0.645
SPADES QUEEN DIAMONDS SEVEN,0.366,0.0108,0.6232
DIAMONDS KING SPADES SIX,0.3568,0.007,0.6362
DIAMONDS KING SPADES NINE,0.3474,0.007,0.6456
HEARTS SIX HEARTS ACE,0.3422,0.006,0.6518
DIAMONDS KING SPADES EIGHT,0.3496,0.0074,0.643
