opposingHand,winningChance,drawChance,lostChance
CLUBS NINE DIAMONDS FIVE
HEARTS FIVE SPADES TEN,0.2512,0.0736,0.6752
HEARTS FIVE SPADES JACK,0.2532,0.0634,0.6834
CLUBS JACK SPADES FIVE,0.2406,0.0628,0.6966
CLUBS TEN SPADES FIVE,0.2544,0.075,0.6706
CLUBS JACK CLUBS EIGHT,0.3426,0.0166,0.6408
CLUBS TEN CLUBS EIGHT,0.3318,0.0202,0.648
CLUBS EIGHT CLUBS KING,0.3542,0.0064,0.6394
SPADES FIVE CLUBS ACE,0.2438,0.0224,0.7338
CLUBS EIGHT CLUBS QUEEN,0.3486,0.0112,0.6402
SPADES FIVE CLUBS KING,0.2416,0.038,0.7204
SPADES FIVE CLUBS QUEEN,0.2442,0.047,0.7088
CLUBS EIGHT CLUBS ACE,0.3518,0.0034,0.6448
DIAMONDS TWO DIAMONDS THREE,0.5888,0.0396,0.3716
HEARTS FIVE SPADES KING,0.2488,0.037,0.7142
DIAMONDS TWO DIAMONDS FOUR,0.5926,0.05,0.3574
HEARTS FIVE SPADES QUEEN,0.2546,0.046,0.6994
DIAMONDS TWO DIAMONDS SEVEN,0.5912,0.0426,0.3662
DIAMONDS TWO DIAMONDS SIX,0.5842,0.0406,0.3752
SPADES ACE HEARTS FIVE,0.244,0.0226,0.7334
DIAMONDS TWO DIAMONDS NINE,0.3132,0.4376,0.2492
DIAMONDS TWO DIAMONDS EIGHT,0.5706,0.0458,0.3836
DIAMONDS THREE DIAMONDS FOUR,0.572,0.047,0.381
CLUBS TWO SPADES FOUR,0.6104,0.0472,0.3424
SPADES FIVE CLUBS TWO,0.6358,0.1138,0.2504
CLUBS TWO SPADES TWO,0.3956,0.0802,0.5242
CLUBS TWO SPADES THREE,0.5972,0.0492,0.3536
DIAMONDS THREE DIAMONDS EIGHT,0.5846,0.0442,0.3712
SPADES EIGHT CLUBS TWO,0.6122,0.0404,0.3474
DIAMONDS THREE DIAMONDS NINE,0.3166,0.433,0.2504
SPADES NINE CLUBS TWO,0.3304,0.4612,0.2084
DIAMONDS THREE DIAMONDS SIX,0.5582,0.0432,0.3986
SPADES SIX CLUBS TWO,0.6002,0.0444,0.3554
DIAMONDS THREE DIAMONDS SEVEN,0.5796,0.0426,0.3778
SPADES SEVEN CLUBS TWO,0.617,0.0478,0.3352
CLUBS SIX CLUBS TWO,0.5876,0.0446,0.3678
CLUBS SEVEN CLUBS TWO,0.5892,0.0426,0.3682
CLUBS FOUR CLUBS TWO,0.5952,0.0436,0.3612
CLUBS FIVE CLUBS TWO,0.6202,0.1086,0.2712
CLUBS TEN CLUBS JACK,0.2996,0.013,0.6874
DIAMONDS SIX DIAMONDS FOUR,0.5528,0.0448,0.4024
CLUBS TEN CLUBS QUEEN,0.3076,0.0116,0.6808
DIAMONDS FOUR DIAMONDS SEVEN,0.5532,0.038,0.4088
CLUBS TEN CLUBS KING,0.3104,0.008,0.6816
CLUBS TEN CLUBS ACE,0.3216,0.006,0.6724
CLUBS EIGHT CLUBS TWO,0.5782,0.0406,0.3812
DIAMONDS NINE DIAMONDS FOUR,0.3274,0.4306,0.242
DIAMONDS FOUR DIAMONDS EIGHT,0.568,0.042,0.39
CLUBS THREE CLUBS TWO,0.575,0.0462,0.3788
CLUBS JACK DIAMONDS TWO,0.4038,0.0174,0.5788
CLUBS TEN DIAMONDS TWO,0.4038,0.0258,0.5704
DIAMONDS TWO CLUBS ACE,0.3954,0.0056,0.599
DIAMONDS TWO CLUBS KING,0.4084,0.0082,0.5834
DIAMONDS TWO CLUBS QUEEN,0.4144,0.0116,0.574
DIAMONDS SIX DIAMONDS EIGHT,0.527,0.0412,0.4318
DIAMONDS NINE DIAMONDS SIX,0.2094,0.3634,0.4272
HEARTS ACE SPADES THREE,0.375,0.0036,0.6214
SPADES THREE HEARTS KING,0.4076,0.007,0.5854
DIAMONDS SIX DIAMONDS SEVEN,0.5214,0.0372,0.4414
HEARTS QUEEN SPADES THREE,0.3998,0.0132,0.587
SPADES THREE HEARTS JACK,0.407,0.0164,0.5766
SPADES THREE HEARTS TEN,0.4052,0.0258,0.569
DIAMONDS EIGHT DIAMONDS SEVEN,0.5144,0.0432,0.4424
DIAMONDS NINE DIAMONDS SEVEN,0.2134,0.2846,0.502
DIAMONDS NINE DIAMONDS EIGHT,0.2152,0.2176,0.5672
DIAMONDS KING HEARTS TEN,0.3206,0.0072,0.6722
HEARTS THREE HEARTS TEN,0.364,0.0286,0.6074
SPADES JACK CLUBS SIX,0.3796,0.0174,0.603
DIAMONDS KING HEARTS JACK,0.3296,0.0082,0.6622
HEARTS THREE HEARTS JACK,0.3634,0.0146,0.622
SPADES TEN CLUBS SIX,0.3596,0.029,0.6114
SPADES JACK SPADES FIVE,0.2406,0.064,0.6954
SPADES TEN SPADES FIVE,0.2378,0.076,0.6862
DIAMONDS KING HEARTS ACE,0.3374,0.0062,0.6564
HEARTS THREE HEARTS ACE,0.361,0.0036,0.6354
SPADES ACE CLUBS SIX,0.3678,0.0038,0.6284
DIAMONDS KING HEARTS QUEEN,0.337,0.005,0.658
HEARTS THREE HEARTS QUEEN,0.3846,0.009,0.6064
SPADES KING CLUBS SIX,0.377,0.0042,0.6188
DIAMONDS KING HEARTS KING,0.1494,0.0144,0.8362
HEARTS THREE HEARTS KING,0.3764,0.0076,0.616
SPADES QUEEN CLUBS SIX,0.3774,0.0106,0.612
SPADES NINE HEARTS TEN,0.2232,0.0712,0.7056
SPADES NINE HEARTS JACK,0.2498,0.0616,0.6886
SPADES QUEEN SPADES FIVE,0.246,0.0482,0.7058
SPADES KING SPADES FIVE,0.2436,0.0336,0.7228
SPADES ACE SPADES FIVE,0.2256,0.0278,0.7466
SPADES NINE HEARTS QUEEN,0.241,0.0482,0.7108
SPADES NINE HEARTS KING,0.2438,0.0344,0.7218
SPADES NINE HEARTS ACE,0.2418,0.026,0.7322
CLUBS TEN SPADES JACK,0.3144,0.0132,0.6724
CLUBS TEN SPADES TEN,0.1514,0.0388,0.8098
SPADES ACE CLUBS TEN,0.3306,0.004,0.6654
CLUBS TEN SPADES KING,0.3314,0.0072,0.6614
CLUBS TEN SPADES QUEEN,0.321,0.0102,0.6688
SPADES FIVE HEARTS QUEEN,0.2562,0.042,0.7018
SPADES FIVE HEARTS KING,0.2476,0.0348,0.7176
HEARTS ACE SPADES FIVE,0.2622,0.0216,0.7162
CLUBS EIGHT SPADES TEN,0.3486,0.0212,0.6302
SPADES JACK HEARTS THREE,0.407,0.0192,0.5738
SPADES JACK DIAMONDS KING,0.342,0.008,0.65
SPADES TEN DIAMONDS KING,0.3296,0.007,0.6634
SPADES TEN HEARTS THREE,0.385,0.0252,0.5898
SPADES JACK CLUBS EIGHT,0.3628,0.0144,0.6228
CLUBS SIX HEARTS ACE,0.3768,0.0038,0.6194
SPADES ACE CLUBS EIGHT,0.3736,0.0038,0.6226
HEARTS FIVE CLUBS JACK,0.2442,0.0606,0.6952
CLUBS TEN HEARTS FIVE,0.2448,0.076,0.6792
CLUBS SIX HEARTS QUEEN,0.377,0.0124,0.6106
SPADES QUEEN CLUBS EIGHT,0.3678,0.0108,0.6214
CLUBS TEN SPADES THREE,0.4032,0.0278,0.569
CLUBS SIX HEARTS KING,0.3706,0.0054,0.624
SPADES KING CLUBS EIGHT,0.374,0.009,0.617
CLUBS JACK SPADES THREE,0.4002,0.0174,0.5824
DIAMONDS TWO HEARTS JACK,0.4126,0.0176,0.5698
SPADES THREE CLUBS QUEEN,0.398,0.0144,0.5876
DIAMONDS TWO HEARTS TEN,0.4044,0.026,0.5696
SPADES THREE CLUBS KING,0.3876,0.0106,0.6018
HEARTS FIVE CLUBS ACE,0.2562,0.0256,0.7182
SPADES FIVE HEARTS TEN,0.2476,0.0802,0.6722
SPADES THREE CLUBS ACE,0.381,0.0038,0.6152
HEARTS FIVE CLUBS KING,0.2452,0.0392,0.7156
SPADES FIVE HEARTS JACK,0.2582,0.0596,0.6822
HEARTS FIVE CLUBS QUEEN,0.246,0.052,0.702
HEARTS THREE CLUBS KING,0.4018,0.0066,0.5916
DIAMONDS KING CLUBS KING,0.137,0.0174,0.8456
HEARTS THREE CLUBS QUEEN,0.397,0.0108,0.5922
DIAMONDS KING CLUBS QUEEN,0.3344,0.0078,0.6578
HEARTS FIVE HEARTS JACK,0.2478,0.0556,0.6966
HEARTS FIVE HEARTS TEN,0.2406,0.0718,0.6876
HEARTS THREE CLUBS ACE,0.3948,0.005,0.6002
DIAMONDS KING CLUBS ACE,0.328,0.006,0.666
SPADES ACE CLUBS QUEEN,0.331,0.0052,0.6638
SPADES KING CLUBS QUEEN,0.3288,0.005,0.6662
CLUBS JACK HEARTS THREE,0.3982,0.0184,0.5834
CLUBS JACK DIAMONDS KING,0.3276,0.009,0.6634
SPADES QUEEN CLUBS QUEEN,0.1486,0.02,0.8314
CLUBS TEN HEARTS THREE,0.3988,0.027,0.5742
CLUBS TEN DIAMONDS KING,0.3178,0.0066,0.6756
SPADES JACK CLUBS QUEEN,0.3318,0.0084,0.6598
CLUBS SIX CLUBS QUEEN,0.3388,0.0134,0.6478
SPADES TEN CLUBS QUEEN,0.3194,0.0128,0.6678
CLUBS SIX CLUBS KING,0.3532,0.0064,0.6404
CLUBS SIX CLUBS ACE,0.356,0.0042,0.6398
HEARTS FIVE HEARTS KING,0.2328,0.0336,0.7336
HEARTS FIVE HEARTS QUEEN,0.2278,0.0452,0.727
CLUBS TEN CLUBS SIX,0.3424,0.0258,0.6318
HEARTS FIVE HEARTS ACE,0.2338,0.0196,0.7466
CLUBS JACK CLUBS SIX,0.3502,0.0168,0.633
SPADES SEVEN HEARTS JACK,0.356,0.0154,0.6286
SPADES SEVEN HEARTS TEN,0.3568,0.0256,0.6176
DIAMONDS TWO CLUBS TWO,0.4014,0.0882,0.5104
DIAMONDS TWO CLUBS THREE,0.6288,0.048,0.3232
DIAMONDS TWO HEARTS SIX,0.6036,0.0474,0.349
DIAMONDS TWO HEARTS QUEEN,0.4164,0.0112,0.5724
HEARTS SEVEN DIAMONDS TWO,0.6116,0.0464,0.342
DIAMONDS TWO HEARTS KING,0.418,0.007,0.575
DIAMONDS TWO HEARTS EIGHT,0.6196,0.0424,0.338
DIAMONDS TWO HEARTS ACE,0.3906,0.0036,0.6058
DIAMONDS TWO HEARTS NINE,0.3196,0.465,0.2154
DIAMONDS TWO DIAMONDS QUEEN,0.3888,0.0124,0.5988
DIAMONDS TWO HEARTS TWO,0.4074,0.0748,0.5178
DIAMONDS TWO DIAMONDS KING,0.387,0.0076,0.6054
DIAMONDS TWO HEARTS THREE,0.6088,0.0448,0.3464
DIAMONDS TWO DIAMONDS ACE,0.3686,0.0042,0.6272
HEARTS FOUR DIAMONDS TWO,0.6162,0.0422,0.3416
HEARTS FIVE DIAMONDS TWO,0.6286,0.1068,0.2646
SPADES SEVEN HEARTS ACE,0.3664,0.0044,0.6292
DIAMONDS TWO DIAMONDS TEN,0.3848,0.026,0.5892
SPADES SEVEN HEARTS KING,0.3756,0.0074,0.617
DIAMONDS TWO DIAMONDS JACK,0.3872,0.0196,0.5932
SPADES SEVEN HEARTS QUEEN,0.3656,0.0124,0.622
DIAMONDS TWO SPADES NINE,0.3382,0.4492,0.2126
DIAMONDS TWO SPADES EIGHT,0.6174,0.0474,0.3352
DIAMONDS TWO SPADES SEVEN,0.6302,0.039,0.3308
DIAMONDS TWO SPADES SIX,0.6176,0.0378,0.3446
DIAMONDS TWO SPADES FIVE,0.6396,0.1104,0.25
DIAMONDS TWO SPADES FOUR,0.6148,0.0434,0.3418
DIAMONDS TWO SPADES THREE,0.6268,0.0454,0.3278
DIAMONDS TWO SPADES TWO,0.3868,0.084,0.5292
DIAMONDS TWO CLUBS EIGHT,0.6146,0.0496,0.3358
CLUBS SEVEN DIAMONDS TWO,0.6192,0.0386,0.3422
DIAMONDS TWO CLUBS SIX,0.6074,0.04,0.3526
DIAMONDS TWO CLUBS FIVE,0.6448,0.1068,0.2484
DIAMONDS TWO CLUBS FOUR,0.6258,0.0434,0.3308
CLUBS FOUR SPADES FIVE,0.6238,0.1138,0.2624
CLUBS FOUR SPADES FOUR,0.3994,0.078,0.5226
CLUBS FOUR SPADES THREE,0.6042,0.046,0.3498
CLUBS FOUR SPADES TWO,0.6206,0.0412,0.3382
SPADES NINE CLUBS FOUR,0.3328,0.4586,0.2086
SPADES EIGHT CLUBS FOUR,0.6086,0.042,0.3494
SPADES SEVEN CLUBS FOUR,0.6028,0.0406,0.3566
CLUBS FOUR SPADES SIX,0.5774,0.0428,0.3798
SPADES ACE DIAMONDS SIX,0.374,0.004,0.622
SPADES QUEEN DIAMONDS SIX,0.364,0.0126,0.6234
SPADES KING DIAMONDS SIX,0.374,0.0088,0.6172
SPADES TEN DIAMONDS SIX,0.3518,0.0276,0.6206
SPADES JACK DIAMONDS SIX,0.374,0.0176,0.6084
SPADES QUEEN SPADES TWO,0.3926,0.011,0.5964
SPADES KING SPADES TWO,0.3766,0.0072,0.6162
SPADES ACE SPADES TWO,0.3752,0.0048,0.62
CLUBS JACK DIAMONDS JACK,0.1434,0.0336,0.823
CLUBS TEN DIAMONDS JACK,0.311,0.0162,0.6728
DIAMONDS JACK CLUBS KING,0.3276,0.0082,0.6642
DIAMONDS JACK CLUBS QUEEN,0.3198,0.011,0.6692
DIAMONDS THREE DIAMONDS JACK,0.3794,0.0134,0.6072
DIAMONDS THREE DIAMONDS TEN,0.3884,0.0258,0.5858
DIAMONDS JACK CLUBS ACE,0.3312,0.0074,0.6614
DIAMONDS THREE DIAMONDS KING,0.388,0.0092,0.6028
DIAMONDS THREE HEARTS THREE,0.3998,0.0832,0.517
DIAMONDS THREE DIAMONDS QUEEN,0.3818,0.0108,0.6074
DIAMONDS THREE HEARTS TWO,0.622,0.0448,0.3332
HEARTS FIVE DIAMONDS THREE,0.6202,0.1126,0.2672
DIAMONDS THREE DIAMONDS ACE,0.365,0.0066,0.6284
HEARTS FOUR DIAMONDS THREE,0.6104,0.0476,0.342
HEARTS SEVEN DIAMONDS THREE,0.6048,0.0388,0.3564
SPADES TEN SPADES NINE,0.2176,0.0694,0.713
HEARTS SIX DIAMONDS THREE,0.6018,0.0438,0.3544
SPADES JACK SPADES NINE,0.221,0.0578,0.7212
DIAMONDS THREE HEARTS NINE,0.319,0.4688,0.2122
HEARTS JACK DIAMONDS FOUR,0.405,0.0216,0.5734
HEARTS ACE HEARTS KING,0.318,0.0048,0.6772
SPADES TEN SPADES TWO,0.3812,0.0246,0.5942
DIAMONDS THREE HEARTS EIGHT,0.6282,0.0416,0.3302
HEARTS TEN DIAMONDS FOUR,0.4218,0.0268,0.5514
SPADES JACK SPADES TWO,0.3768,0.0186,0.6046
HEARTS QUEEN DIAMONDS FOUR,0.4142,0.013,0.5728
HEARTS KING DIAMONDS FOUR,0.412,0.0088,0.5792
SPADES ACE SPADES NINE,0.2276,0.0254,0.747
HEARTS ACE DIAMONDS FOUR,0.3896,0.0038,0.6066
SPADES KING SPADES NINE,0.2422,0.0292,0.7286
SPADES QUEEN SPADES NINE,0.2392,0.0494,0.7114
DIAMONDS THREE SPADES NINE,0.3326,0.456,0.2114
DIAMONDS THREE SPADES EIGHT,0.6222,0.0422,0.3356
DIAMONDS THREE SPADES SEVEN,0.6112,0.0414,0.3474
DIAMONDS THREE SPADES SIX,0.597,0.0422,0.3608
DIAMONDS THREE CLUBS SIX,0.5974,0.0498,0.3528
CLUBS FIVE CLUBS SIX,0.589,0.1024,0.3086
CLUBS ACE DIAMONDS FOUR,0.3874,0.0038,0.6088
CLUBS SEVEN DIAMONDS THREE,0.614,0.05,0.336
CLUBS SEVEN CLUBS FIVE,0.6034,0.1028,0.2938
DIAMONDS THREE CLUBS FOUR,0.6098,0.0482,0.342
DIAMONDS FOUR CLUBS QUEEN,0.3994,0.0138,0.5868
DIAMONDS THREE CLUBS FIVE,0.6334,0.111,0.2556
DIAMONDS FOUR CLUBS KING,0.4046,0.0104,0.585
DIAMONDS THREE CLUBS TWO,0.6204,0.0438,0.3358
CLUBS TEN DIAMONDS FOUR,0.3946,0.0322,0.5732
DIAMONDS THREE CLUBS THREE,0.3824,0.0818,0.5358
CLUBS JACK DIAMONDS FOUR,0.3956,0.0202,0.5842
DIAMONDS THREE SPADES FOUR,0.5998,0.0494,0.3508
DIAMONDS THREE SPADES FIVE,0.629,0.1138,0.2572
DIAMONDS THREE SPADES TWO,0.6126,0.0434,0.344
DIAMONDS THREE SPADES THREE,0.386,0.0818,0.5322
CLUBS EIGHT DIAMONDS THREE,0.6202,0.0458,0.334
SPADES SEVEN CLUBS ACE,0.3554,0.0036,0.641
SPADES SEVEN CLUBS QUEEN,0.3618,0.0122,0.626
SPADES SEVEN CLUBS KING,0.3498,0.008,0.6422
CLUBS FIVE SPADES SEVEN,0.6244,0.1044,0.2712
CLUBS TEN SPADES SEVEN,0.3424,0.0288,0.6288
CLUBS FIVE SPADES SIX,0.6246,0.107,0.2684
CLUBS JACK SPADES SEVEN,0.3584,0.0152,0.6264
CLUBS FIVE SPADES NINE,0.0186,0.974,0.0074
CLUBS FIVE SPADES EIGHT,0.6422,0.113,0.2448
CLUBS FIVE SPADES THREE,0.6368,0.1122,0.251
CLUBS FIVE SPADES TWO,0.6356,0.1156,0.2488
CLUBS FIVE SPADES FIVE,0.291,0.0598,0.6492
CLUBS FIVE SPADES FOUR,0.6294,0.1102,0.2604
CLUBS EIGHT CLUBS FIVE,0.6316,0.0948,0.2736
CLUBS ACE CLUBS QUEEN,0.3294,0.0046,0.666
CLUBS KING CLUBS QUEEN,0.3232,0.005,0.6718
DIAMONDS TEN DIAMONDS FOUR,0.3792,0.0262,0.5946
CLUBS TEN DIAMONDS NINE,0.2078,0.0818,0.7104
DIAMONDS JACK DIAMONDS FOUR,0.3756,0.0178,0.6066
CLUBS JACK DIAMONDS NINE,0.2282,0.057,0.7148
CLUBS JACK SPADES NINE,0.2376,0.0602,0.7022
CLUBS TEN SPADES NINE,0.2186,0.0796,0.7018
DIAMONDS ACE DIAMONDS FOUR,0.3712,0.0052,0.6236
HEARTS FOUR DIAMONDS FOUR,0.386,0.0856,0.5284
DIAMONDS JACK HEARTS TEN,0.3078,0.0166,0.6756
SPADES NINE CLUBS KING,0.243,0.037,0.72
DIAMONDS TWO SPADES TEN,0.3942,0.031,0.5748
DIAMONDS NINE CLUBS ACE,0.2278,0.0268,0.7454
HEARTS FIVE DIAMONDS FOUR,0.61,0.106,0.284
DIAMONDS JACK HEARTS JACK,0.1452,0.028,0.8268
SPADES NINE CLUBS QUEEN,0.2356,0.0438,0.7206
DIAMONDS TWO SPADES JACK,0.408,0.0164,0.5756
DIAMONDS QUEEN DIAMONDS FOUR,0.3932,0.0136,0.5932
HEARTS TWO DIAMONDS FOUR,0.6252,0.0484,0.3264
DIAMONDS NINE CLUBS QUEEN,0.2364,0.048,0.7156
DIAMONDS KING DIAMONDS FOUR,0.3856,0.0092,0.6052
HEARTS THREE DIAMONDS FOUR,0.6052,0.0442,0.3506
SPADES NINE CLUBS ACE,0.2316,0.0264,0.742
DIAMONDS NINE CLUBS KING,0.2376,0.0396,0.7228
HEARTS ACE DIAMONDS JACK,0.3302,0.0042,0.6656
SPADES ACE DIAMONDS TWO,0.4036,0.005,0.5914
HEARTS QUEEN DIAMONDS JACK,0.3298,0.0102,0.66
SPADES QUEEN DIAMONDS TWO,0.4074,0.0122,0.5804
HEARTS KING DIAMONDS JACK,0.3202,0.0054,0.6744
SPADES KING DIAMONDS TWO,0.4156,0.0076,0.5768
SPADES JACK SPADES SEVEN,0.3476,0.015,0.6374
SPADES TEN SPADES SEVEN,0.3242,0.0232,0.6526
CLUBS SEVEN CLUBS THREE,0.5816,0.0426,0.3758
CLUBS SIX CLUBS THREE,0.5646,0.0422,0.3932
CLUBS FIVE CLUBS THREE,0.5918,0.1068,0.3014
CLUBS THREE CLUBS FOUR,0.5734,0.0418,0.3848
CLUBS EIGHT CLUBS THREE,0.5888,0.0432,0.368
CLUBS THREE SPADES FIVE,0.627,0.1244,0.2486
CLUBS THREE SPADES FOUR,0.6062,0.0482,0.3456
CLUBS THREE SPADES THREE,0.386,0.0774,0.5366
CLUBS THREE SPADES TWO,0.6108,0.0458,0.3434
CLUBS THREE SPADES SIX,0.5946,0.0402,0.3652
CLUBS THREE SPADES SEVEN,0.6072,0.0432,0.3496
SPADES EIGHT CLUBS THREE,0.617,0.0478,0.3352
SPADES NINE CLUBS THREE,0.3318,0.4668,0.2014
SPADES TWO DIAMONDS FOUR,0.619,0.0436,0.3374
SPADES THREE DIAMONDS FOUR,0.607,0.0432,0.3498
SPADES FOUR DIAMONDS FOUR,0.3896,0.0834,0.527
SPADES FIVE DIAMONDS FOUR,0.6272,0.1092,0.2636
SPADES SIX DIAMONDS FOUR,0.5902,0.0428,0.367
SPADES SEVEN DIAMONDS FOUR,0.6074,0.0404,0.3522
SPADES EIGHT DIAMONDS FOUR,0.6142,0.0408,0.345
SPADES NINE DIAMONDS FOUR,0.3274,0.4564,0.2162
CLUBS FIVE DIAMONDS FOUR,0.6266,0.1166,0.2568
CLUBS FOUR DIAMONDS FOUR,0.3954,0.082,0.5226
CLUBS SEVEN DIAMONDS FOUR,0.6106,0.048,0.3414
CLUBS SIX DIAMONDS FOUR,0.5954,0.0472,0.3574
CLUBS EIGHT DIAMONDS FOUR,0.6168,0.0424,0.3408
HEARTS SEVEN DIAMONDS FOUR,0.6042,0.042,0.3538
HEARTS SIX DIAMONDS FOUR,0.5836,0.0498,0.3666
DIAMONDS FOUR HEARTS NINE,0.32,0.4646,0.2154
DIAMONDS FOUR HEARTS EIGHT,0.6012,0.0408,0.358
CLUBS THREE DIAMONDS FOUR,0.599,0.0452,0.3558
CLUBS TWO DIAMONDS FOUR,0.619,0.0482,0.3328
DIAMONDS NINE HEARTS QUEEN,0.243,0.0438,0.7132
DIAMONDS NINE HEARTS KING,0.237,0.0374,0.7256
HEARTS ACE DIAMONDS NINE,0.241,0.024,0.735
DIAMONDS NINE HEARTS TEN,0.2202,0.083,0.6968
DIAMONDS NINE HEARTS JACK,0.234,0.0642,0.7018
DIAMONDS SIX CLUBS KING,0.3634,0.0074,0.6292
DIAMONDS SIX CLUBS QUEEN,0.3456,0.013,0.6414
DIAMONDS SIX CLUBS ACE,0.3628,0.0056,0.6316
SPADES KING DIAMONDS FOUR,0.4108,0.0082,0.581
SPADES ACE SPADES SEVEN,0.3374,0.003,0.6596
SPADES QUEEN DIAMONDS FOUR,0.3988,0.0104,0.5908
SPADES QUEEN SPADES SEVEN,0.3522,0.01,0.6378
CLUBS JACK DIAMONDS SIX,0.3698,0.016,0.6142
SPADES KING SPADES SEVEN,0.3406,0.0104,0.649
SPADES ACE DIAMONDS FOUR,0.3848,0.007,0.6082
CLUBS TEN DIAMONDS SIX,0.3534,0.0274,0.6192
CLUBS EIGHT CLUBS FOUR,0.5784,0.042,0.3796
SPADES JACK DIAMONDS FOUR,0.4018,0.0194,0.5788
SPADES TEN DIAMONDS FOUR,0.3974,0.0214,0.5812
CLUBS FIVE CLUBS FOUR,0.5866,0.117,0.2964
CLUBS SEVEN CLUBS FOUR,0.5568,0.0434,0.3998
CLUBS SIX CLUBS FOUR,0.5498,0.0462,0.404
CLUBS SEVEN SPADES EIGHT,0.5292,0.0392,0.4316
CLUBS SEVEN SPADES NINE,0.2152,0.3046,0.4802
CLUBS SEVEN SPADES SIX,0.5364,0.0408,0.4228
CLUBS SEVEN SPADES SEVEN,0.2808,0.0694,0.6498
CLUBS SEVEN SPADES FIVE,0.6316,0.1022,0.2662
CLUBS SEVEN SPADES FOUR,0.6016,0.04,0.3584
CLUBS SEVEN SPADES THREE,0.602,0.0442,0.3538
CLUBS SEVEN SPADES TWO,0.6322,0.0392,0.3286
CLUBS SEVEN CLUBS EIGHT,0.5106,0.0454,0.444
HEARTS KING HEARTS EIGHT,0.3568,0.0074,0.6358
HEARTS QUEEN HEARTS EIGHT,0.3368,0.0126,0.6506
HEARTS ACE HEARTS EIGHT,0.3452,0.0026,0.6522
SPADES JACK DIAMONDS EIGHT,0.3688,0.0144,0.6168
CLUBS TEN HEARTS JACK,0.3024,0.0206,0.677
SPADES TEN DIAMONDS EIGHT,0.3324,0.0214,0.6462
CLUBS JACK HEARTS JACK,0.1456,0.0294,0.825
HEARTS JACK CLUBS QUEEN,0.3262,0.0116,0.6622
HEARTS JACK CLUBS KING,0.3338,0.0042,0.662
CLUBS ACE HEARTS JACK,0.3386,0.0042,0.6572
SPADES KING DIAMONDS EIGHT,0.3736,0.0052,0.6212
SPADES QUEEN DIAMONDS EIGHT,0.3606,0.0128,0.6266
SPADES ACE DIAMONDS EIGHT,0.3682,0.003,0.6288
DIAMONDS TEN DIAMONDS SIX,0.3444,0.023,0.6326
HEARTS ACE DIAMONDS SEVEN,0.3564,0.0034,0.6402
DIAMONDS JACK DIAMONDS SIX,0.3528,0.0144,0.6328
HEARTS QUEEN DIAMONDS SEVEN,0.3642,0.013,0.6228
HEARTS KING DIAMONDS SEVEN,0.3648,0.0072,0.628
DIAMONDS ACE DIAMONDS SIX,0.3516,0.004,0.6444
HEARTS FOUR DIAMONDS SIX,0.5734,0.049,0.3776
SPADES TWO HEARTS JACK,0.4014,0.0188,0.5798
HEARTS FIVE DIAMONDS SIX,0.615,0.1024,0.2826
SPADES TWO HEARTS TEN,0.403,0.0276,0.5694
DIAMONDS QUEEN DIAMONDS SIX,0.3616,0.012,0.6264
HEARTS TWO DIAMONDS SIX,0.6206,0.0426,0.3368
DIAMONDS KING DIAMONDS SIX,0.349,0.008,0.643
HEARTS THREE DIAMONDS SIX,0.584,0.0444,0.3716
DIAMONDS SIX HEARTS EIGHT,0.5556,0.0426,0.4018
DIAMONDS SIX HEARTS NINE,0.2116,0.385,0.4034
HEARTS SIX DIAMONDS SIX,0.271,0.074,0.655
HEARTS SEVEN DIAMONDS SIX,0.542,0.0418,0.4162
HEARTS TEN DIAMONDS SEVEN,0.3422,0.023,0.6348
CLUBS TWO DIAMONDS SIX,0.6082,0.0472,0.3446
HEARTS JACK DIAMONDS SEVEN,0.3582,0.015,0.6268
CLUBS THREE DIAMONDS SIX,0.5862,0.0478,0.366
CLUBS SEVEN DIAMONDS SIX,0.54,0.039,0.421
CLUBS JACK DIAMONDS EIGHT,0.3454,0.0164,0.6382
CLUBS SIX DIAMONDS SIX,0.2812,0.0792,0.6396
CLUBS TEN DIAMONDS EIGHT,0.325,0.0246,0.6504
CLUBS FIVE DIAMONDS SIX,0.6244,0.1042,0.2714
CLUBS FOUR DIAMONDS SIX,0.5798,0.045,0.3752
HEARTS ACE HEARTS JACK,0.3162,0.0054,0.6784
CLUBS ACE DIAMONDS EIGHT,0.344,0.0042,0.6518
HEARTS QUEEN HEARTS JACK,0.3004,0.0084,0.6912
CLUBS KING DIAMONDS EIGHT,0.3674,0.0084,0.6242
HEARTS KING HEARTS JACK,0.316,0.0048,0.6792
DIAMONDS EIGHT CLUBS QUEEN,0.3648,0.0128,0.6224
CLUBS EIGHT DIAMONDS SIX,0.543,0.0468,0.4102
SPADES TEN HEARTS KING,0.3354,0.0062,0.6584
SPADES FIVE DIAMONDS SIX,0.6294,0.097,0.2736
HEARTS ACE SPADES TWO,0.4106,0.0038,0.5856
SPADES JACK HEARTS KING,0.3358,0.0076,0.6566
SPADES FOUR DIAMONDS SIX,0.585,0.0424,0.3726
SPADES THREE DIAMONDS SIX,0.6082,0.047,0.3448
HEARTS QUEEN SPADES TWO,0.4108,0.014,0.5752
SPADES ACE SPADES KING,0.306,0.003,0.691
HEARTS KING SPADES TWO,0.4116,0.0084,0.58
SPADES TWO DIAMONDS SIX,0.598,0.0436,0.3584
HEARTS TEN HEARTS EIGHT,0.308,0.0276,0.6644
SPADES NINE DIAMONDS SIX,0.2184,0.3688,0.4128
HEARTS JACK HEARTS EIGHT,0.3378,0.0142,0.648
SPADES EIGHT DIAMONDS SIX,0.5538,0.0402,0.406
SPADES SEVEN DIAMONDS SIX,0.5412,0.0428,0.416
SPADES SIX DIAMONDS SIX,0.2808,0.0738,0.6454
SPADES KING HEARTS KING,0.154,0.0122,0.8338
SPADES QUEEN HEARTS KING,0.3436,0.008,0.6484
CLUBS ACE CLUBS KING,0.3204,0.005,0.6746
SPADES ACE HEARTS KING,0.3456,0.0048,0.6496
SPADES ACE HEARTS JACK,0.3408,0.001,0.6582
SPADES QUEEN HEARTS JACK,0.3218,0.0084,0.6698
SPADES KING HEARTS JACK,0.3396,0.007,0.6534
SPADES TEN DIAMONDS TEN,0.155,0.038,0.807
SPADES JACK DIAMONDS TEN,0.3192,0.0144,0.6664
SPADES ACE DIAMONDS TEN,0.3346,0.0034,0.662
SPADES JACK HEARTS JACK,0.1638,0.03,0.8062
SPADES TEN HEARTS JACK,0.3174,0.0142,0.6684
SPADES QUEEN DIAMONDS TEN,0.3208,0.0108,0.6684
SPADES KING DIAMONDS TEN,0.3202,0.0066,0.6732
SPADES NINE DIAMONDS SEVEN,0.2214,0.295,0.4836
SPADES EIGHT DIAMONDS SEVEN,0.5372,0.041,0.4218
SPADES SEVEN DIAMONDS SEVEN,0.2734,0.0716,0.655
SPADES SIX DIAMONDS SEVEN,0.534,0.0438,0.4222
DIAMONDS KING DIAMONDS SEVEN,0.347,0.008,0.645
HEARTS THREE DIAMONDS SEVEN,0.6032,0.0484,0.3484
DIAMONDS QUEEN DIAMONDS SEVEN,0.3532,0.0122,0.6346
HEARTS TWO DIAMONDS SEVEN,0.6166,0.0374,0.346
HEARTS FIVE DIAMONDS SEVEN,0.6252,0.1118,0.263
DIAMONDS ACE DIAMONDS SEVEN,0.343,0.0066,0.6504
HEARTS FOUR DIAMONDS SEVEN,0.5812,0.0478,0.371
HEARTS SEVEN DIAMONDS SEVEN,0.2702,0.0626,0.6672
HEARTS SIX DIAMONDS SEVEN,0.547,0.04,0.413
HEARTS NINE DIAMONDS SEVEN,0.222,0.29,0.488
HEARTS EIGHT DIAMONDS SEVEN,0.531,0.0412,0.4278
DIAMONDS JACK DIAMONDS SEVEN,0.336,0.018,0.646
DIAMONDS TEN DIAMONDS SEVEN,0.3218,0.024,0.6542
SPADES KING CLUBS TWO,0.413,0.0088,0.5782
HEARTS KING CLUBS KING,0.1566,0.0114,0.832
CLUBS EIGHT DIAMONDS SEVEN,0.542,0.0412,0.4168
SPADES QUEEN CLUBS TWO,0.4128,0.0114,0.5758
HEARTS KING CLUBS QUEEN,0.3336,0.0062,0.6602
CLUBS JACK SPADES TWO,0.411,0.0168,0.5722
SPADES ACE CLUBS TWO,0.3768,0.0074,0.6158
CLUBS TEN SPADES TWO,0.41,0.028,0.562
HEARTS KING CLUBS ACE,0.336,0.0048,0.6592
CLUBS SEVEN CLUBS SIX,0.5308,0.0412,0.428
SPADES TWO CLUBS KING,0.4126,0.0102,0.5772
SPADES TWO DIAMONDS SEVEN,0.6174,0.0466,0.336
CLUBS EIGHT CLUBS SIX,0.5314,0.042,0.4266
SPADES THREE DIAMONDS SEVEN,0.6018,0.0476,0.3506
SPADES TWO CLUBS QUEEN,0.4096,0.0152,0.5752
SPADES FOUR DIAMONDS SEVEN,0.5826,0.0472,0.3702
CLUBS JACK HEARTS KING,0.3382,0.0042,0.6576
SPADES FIVE DIAMONDS SEVEN,0.6196,0.1082,0.2722
SPADES TWO CLUBS ACE,0.3914,0.005,0.6036
CLUBS TEN HEARTS KING,0.3288,0.007,0.6642
CLUBS SIX SPADES TWO,0.609,0.048,0.343
CLUBS SIX SPADES THREE,0.5998,0.0442,0.356
CLUBS TWO DIAMONDS SEVEN,0.6176,0.0512,0.3312
CLUBS SIX SPADES FOUR,0.5866,0.041,0.3724
CLUBS THREE DIAMONDS SEVEN,0.598,0.0394,0.3626
CLUBS SIX SPADES FIVE,0.62,0.1058,0.2742
CLUBS FOUR DIAMONDS SEVEN,0.5926,0.046,0.3614
CLUBS SIX SPADES SIX,0.2778,0.0732,0.649
CLUBS FIVE DIAMONDS SEVEN,0.6366,0.1074,0.256
CLUBS SIX SPADES SEVEN,0.5542,0.0434,0.4024
CLUBS SIX DIAMONDS SEVEN,0.5302,0.0446,0.4252
CLUBS SIX SPADES EIGHT,0.5544,0.0428,0.4028
SPADES JACK CLUBS TWO,0.413,0.016,0.571
CLUBS SEVEN DIAMONDS SEVEN,0.278,0.0802,0.6418
SPADES NINE CLUBS SIX,0.2276,0.3798,0.3926
SPADES TEN CLUBS TWO,0.4042,0.0288,0.567
CLUBS TWO CLUBS QUEEN,0.3842,0.0142,0.6016
CLUBS TWO CLUBS KING,0.379,0.0078,0.6132
CLUBS THREE DIAMONDS EIGHT,0.6168,0.0478,0.3354
CLUBS TWO CLUBS ACE,0.3694,0.0066,0.624
CLUBS TWO DIAMONDS EIGHT,0.6132,0.0496,0.3372
HEARTS SEVEN DIAMONDS EIGHT,0.5354,0.0398,0.4248
HEARTS SIX DIAMONDS EIGHT,0.5406,0.0446,0.4148
DIAMONDS EIGHT HEARTS NINE,0.218,0.229,0.553
CLUBS TEN CLUBS TWO,0.3836,0.0266,0.5898
HEARTS EIGHT DIAMONDS EIGHT,0.2536,0.0622,0.6842
CLUBS JACK CLUBS TWO,0.3794,0.0168,0.6038
CLUBS EIGHT DIAMONDS EIGHT,0.2676,0.0572,0.6752
CLUBS FIVE DIAMONDS EIGHT,0.6384,0.1148,0.2468
SPADES ACE SPADES THREE,0.3714,0.0048,0.6238
CLUBS FOUR DIAMONDS EIGHT,0.6094,0.0432,0.3474
CLUBS SEVEN DIAMONDS EIGHT,0.5416,0.041,0.4174
SPADES QUEEN SPADES THREE,0.3756,0.0136,0.6108
CLUBS SIX DIAMONDS EIGHT,0.5398,0.0398,0.4204
SPADES KING SPADES THREE,0.3858,0.0074,0.6068
DIAMONDS QUEEN DIAMONDS EIGHT,0.3348,0.013,0.6522
HEARTS TWO DIAMONDS EIGHT,0.6032,0.0434,0.3534
DIAMONDS KING DIAMONDS EIGHT,0.363,0.0064,0.6306
HEARTS THREE DIAMONDS EIGHT,0.6208,0.0398,0.3394
DIAMONDS ACE DIAMONDS EIGHT,0.331,0.0046,0.6644
HEARTS FOUR DIAMONDS EIGHT,0.5988,0.0438,0.3574
HEARTS FIVE DIAMONDS EIGHT,0.628,0.1066,0.2654
DIAMONDS TEN DIAMONDS EIGHT,0.3286,0.0254,0.646
DIAMONDS JACK DIAMONDS EIGHT,0.3426,0.016,0.6414
SPADES JACK SPADES THREE,0.38,0.0172,0.6028
SPADES TEN SPADES THREE,0.373,0.03,0.597
CLUBS FOUR HEARTS ACE,0.3988,0.005,0.5962
CLUBS FOUR HEARTS QUEEN,0.4016,0.0106,0.5878
CLUBS FOUR HEARTS KING,0.4152,0.0086,0.5762
CLUBS SIX HEARTS TEN,0.3694,0.029,0.6016
CLUBS SIX HEARTS JACK,0.3638,0.017,0.6192
SPADES FOUR DIAMONDS EIGHT,0.5966,0.045,0.3584
SPADES FIVE DIAMONDS EIGHT,0.6506,0.1084,0.241
SPADES TWO DIAMONDS EIGHT,0.6054,0.0438,0.3508
SPADES THREE DIAMONDS EIGHT,0.6164,0.0414,0.3422
CLUBS FOUR HEARTS JACK,0.4112,0.0186,0.5702
SPADES EIGHT DIAMONDS EIGHT,0.265,0.065,0.67
SPADES TEN DIAMONDS QUEEN,0.3216,0.009,0.6694
SPADES TEN HEARTS TWO,0.4006,0.0302,0.5692
SPADES JACK HEARTS EIGHT,0.3524,0.0188,0.6288
CLUBS FOUR HEARTS TEN,0.4046,0.0264,0.569
SPADES NINE DIAMONDS EIGHT,0.2276,0.2178,0.5546
SPADES TEN HEARTS EIGHT,0.348,0.0216,0.6304
SPADES JACK HEARTS TWO,0.4106,0.0174,0.572
SPADES JACK DIAMONDS QUEEN,0.3148,0.011,0.6742
SPADES SIX DIAMONDS EIGHT,0.5594,0.04,0.4006
SPADES SEVEN DIAMONDS EIGHT,0.522,0.0426,0.4354
SPADES ACE HEARTS TWO,0.389,0.004,0.607
SPADES ACE DIAMONDS QUEEN,0.3418,0.006,0.6522
SPADES ACE HEARTS EIGHT,0.362,0.002,0.636
SPADES KING HEARTS EIGHT,0.3652,0.0064,0.6284
SPADES QUEEN HEARTS TWO,0.4022,0.015,0.5828
SPADES QUEEN DIAMONDS QUEEN,0.1472,0.0246,0.8282
SPADES KING DIAMONDS QUEEN,0.3282,0.0046,0.6672
SPADES KING HEARTS TWO,0.4136,0.01,0.5764
SPADES QUEEN HEARTS EIGHT,0.3754,0.0132,0.6114
CLUBS TWO HEARTS TEN,0.4066,0.0276,0.5658
CLUBS TWO HEARTS JACK,0.4086,0.0214,0.57
SPADES SEVEN DIAMONDS NINE,0.2286,0.2984,0.473
SPADES SIX DIAMONDS NINE,0.2222,0.3718,0.406
SPADES NINE DIAMONDS NINE,0.086,0.072,0.842
SPADES EIGHT DIAMONDS NINE,0.2194,0.2262,0.5544
SPADES TEN CLUBS KING,0.3362,0.0074,0.6564
DIAMONDS NINE SPADES THREE,0.3146,0.4648,0.2206
SPADES JACK CLUBS KING,0.3312,0.0074,0.6614
DIAMONDS NINE SPADES TWO,0.3308,0.4452,0.224
SPADES FIVE DIAMONDS NINE,0.0106,0.9708,0.0186
DIAMONDS NINE SPADES FOUR,0.3218,0.4608,0.2174
CLUBS EIGHT DIAMONDS NINE,0.2106,0.241,0.5484
CLUBS SIX DIAMONDS NINE,0.2126,0.3944,0.393
SPADES JACK CLUBS FOUR,0.392,0.0208,0.5872
CLUBS SEVEN DIAMONDS NINE,0.2216,0.3046,0.4738
SPADES TEN CLUBS FOUR,0.3966,0.0272,0.5762
CLUBS FOUR DIAMONDS NINE,0.3202,0.4638,0.216
CLUBS FIVE DIAMONDS NINE,0.007,0.9846,0.0084
CLUBS TWO DIAMONDS NINE,0.3278,0.4644,0.2078
CLUBS THREE DIAMONDS NINE,0.3244,0.4666,0.209
DIAMONDS NINE HEARTS EIGHT,0.225,0.2244,0.5506
DIAMONDS NINE HEARTS NINE,0.1038,0.071,0.8252
HEARTS SIX DIAMONDS NINE,0.2216,0.38,0.3984
HEARTS SEVEN DIAMONDS NINE,0.2224,0.2982,0.4794
DIAMONDS ACE DIAMONDS NINE,0.242,0.0232,0.7348
HEARTS FOUR DIAMONDS NINE,0.3222,0.467,0.2108
HEARTS FIVE DIAMONDS NINE,0.0104,0.973,0.0166
HEARTS ACE CLUBS TWO,0.4002,0.0056,0.5942
SPADES ACE CLUBS FOUR,0.388,0.005,0.607
DIAMONDS NINE DIAMONDS QUEEN,0.2302,0.0426,0.7272
HEARTS TWO DIAMONDS NINE,0.3246,0.463,0.2124
CLUBS TWO HEARTS KING,0.4076,0.0086,0.5838
SPADES KING CLUBS FOUR,0.416,0.0094,0.5746
DIAMONDS KING DIAMONDS NINE,0.2368,0.0368,0.7264
HEARTS THREE DIAMONDS NINE,0.3204,0.4652,0.2144
CLUBS TWO HEARTS QUEEN,0.4144,0.0128,0.5728
SPADES QUEEN CLUBS FOUR,0.4118,0.0104,0.5778
DIAMONDS NINE DIAMONDS JACK,0.239,0.0628,0.6982
CLUBS EIGHT SPADES NINE,0.2288,0.2294,0.5418
DIAMONDS TEN DIAMONDS NINE,0.2108,0.0794,0.7098
CLUBS EIGHT SPADES EIGHT,0.2644,0.0622,0.6734
CLUBS EIGHT SPADES SEVEN,0.5316,0.0404,0.428
CLUBS EIGHT SPADES SIX,0.5512,0.0428,0.406
CLUBS EIGHT SPADES FIVE,0.6494,0.1118,0.2388
CLUBS EIGHT SPADES FOUR,0.6072,0.0462,0.3466
CLUBS EIGHT SPADES THREE,0.6198,0.046,0.3342
CLUBS EIGHT SPADES TWO,0.6234,0.0454,0.3312
HEARTS SIX DIAMONDS TEN,0.3562,0.0248,0.619
HEARTS SEVEN DIAMONDS TEN,0.338,0.028,0.634
DIAMONDS TEN HEARTS EIGHT,0.3374,0.022,0.6406
CLUBS JACK CLUBS FOUR,0.373,0.0176,0.6094
DIAMONDS TEN HEARTS NINE,0.2118,0.0774,0.7108
CLUBS TEN CLUBS FOUR,0.3914,0.031,0.5776
CLUBS FOUR CLUBS KING,0.3956,0.0104,0.594
CLUBS FOUR CLUBS QUEEN,0.3862,0.0142,0.5996
DIAMONDS TEN CLUBS TWO,0.4146,0.029,0.5564
CLUBS THREE DIAMONDS TEN,0.3916,0.0354,0.573
CLUBS FOUR CLUBS ACE,0.3686,0.0054,0.626
DIAMONDS TEN DIAMONDS JACK,0.31,0.0154,0.6746
DIAMONDS TEN DIAMONDS QUEEN,0.2992,0.0106,0.6902
HEARTS TWO DIAMONDS TEN,0.3926,0.0278,0.5796
DIAMONDS KING DIAMONDS TEN,0.3218,0.0084,0.6698
HEARTS THREE DIAMONDS TEN,0.3892,0.0246,0.5862
DIAMONDS ACE DIAMONDS TEN,0.3272,0.0038,0.669
HEARTS FOUR DIAMONDS TEN,0.4032,0.0296,0.5672
CLUBS EIGHT HEARTS JACK,0.3616,0.0202,0.6182
HEARTS FIVE DIAMONDS TEN,0.2552,0.079,0.6658
CLUBS EIGHT HEARTS TEN,0.3466,0.0262,0.6272
CLUBS EIGHT HEARTS QUEEN,0.3646,0.0096,0.6258
CLUBS EIGHT HEARTS KING,0.3764,0.0068,0.6168
CLUBS EIGHT HEARTS ACE,0.3556,0.0052,0.6392
CLUBS TEN HEARTS EIGHT,0.342,0.0242,0.6338
CLUBS JACK HEARTS EIGHT,0.3438,0.015,0.6412
HEARTS EIGHT CLUBS QUEEN,0.3798,0.0096,0.6106
CLUBS KING HEARTS EIGHT,0.3814,0.0066,0.612
CLUBS ACE HEARTS EIGHT,0.3626,0.0044,0.633
SPADES KING CLUBS KING,0.1508,0.0138,0.8354
SPADES QUEEN CLUBS KING,0.3194,0.0062,0.6744
SPADES ACE CLUBS KING,0.338,0.005,0.657
DIAMONDS ACE HEARTS TEN,0.3372,0.0052,0.6576
HEARTS FOUR HEARTS TEN,0.3868,0.027,0.5862
DIAMONDS ACE HEARTS JACK,0.3404,0.0048,0.6548
HEARTS FOUR HEARTS JACK,0.3832,0.0172,0.5996
SPADES KING CLUBS FIVE,0.2432,0.041,0.7158
SPADES QUEEN CLUBS FIVE,0.2536,0.0492,0.6972
SPADES ACE CLUBS FIVE,0.2626,0.0238,0.7136
HEARTS SEVEN DIAMONDS JACK,0.3456,0.0154,0.639
HEARTS SIX DIAMONDS JACK,0.363,0.0186,0.6184
DIAMONDS JACK HEARTS NINE,0.238,0.0626,0.6994
DIAMONDS JACK HEARTS EIGHT,0.3438,0.018,0.6382
DIAMONDS KING DIAMONDS JACK,0.3152,0.0086,0.6762
HEARTS THREE DIAMONDS JACK,0.39,0.0188,0.5912
SPADES ACE SPADES SIX,0.3494,0.0042,0.6464
HEARTS ACE SPADES FOUR,0.388,0.005,0.607
DIAMONDS QUEEN DIAMONDS JACK,0.3102,0.0108,0.679
HEARTS TWO DIAMONDS JACK,0.4038,0.016,0.5802
HEARTS FIVE DIAMONDS JACK,0.2402,0.056,0.7038
SPADES QUEEN SPADES SIX,0.359,0.0098,0.6312
SPADES FOUR HEARTS QUEEN,0.4104,0.011,0.5786
DIAMONDS ACE DIAMONDS JACK,0.3382,0.0044,0.6574
HEARTS FOUR DIAMONDS JACK,0.3928,0.0166,0.5906
SPADES KING SPADES SIX,0.352,0.0078,0.6402
SPADES FOUR HEARTS KING,0.3998,0.0076,0.5926
SPADES TEN SPADES SIX,0.3394,0.0234,0.6372
SPADES JACK SPADES SIX,0.3496,0.0146,0.6358
SPADES FOUR DIAMONDS JACK,0.39,0.0206,0.5894
SPADES FIVE DIAMONDS JACK,0.2466,0.058,0.6954
DIAMONDS JACK SPADES TWO,0.4024,0.0174,0.5802
SPADES THREE DIAMONDS JACK,0.4034,0.018,0.5786
SPADES ACE DIAMONDS THREE,0.3892,0.0078,0.603
SPADES QUEEN DIAMONDS THREE,0.4052,0.013,0.5818
CLUBS EIGHT DIAMONDS JACK,0.3534,0.019,0.6276
SPADES KING DIAMONDS THREE,0.4144,0.0092,0.5764
CLUBS SIX DIAMONDS JACK,0.3662,0.0202,0.6136
CLUBS SEVEN DIAMONDS JACK,0.3636,0.0182,0.6182
CLUBS FOUR DIAMONDS JACK,0.3924,0.0164,0.5912
CLUBS FIVE DIAMONDS JACK,0.2374,0.0652,0.6974
CLUBS TWO DIAMONDS JACK,0.4016,0.0188,0.5796
CLUBS THREE DIAMONDS JACK,0.3974,0.0204,0.5822
SPADES TEN CLUBS FIVE,0.2548,0.071,0.6742
SPADES JACK HEARTS SIX,0.378,0.0142,0.6078
HEARTS SIX SPADES TEN,0.3628,0.0248,0.6124
SPADES JACK CLUBS FIVE,0.25,0.0696,0.6804
SPADES JACK DIAMONDS THREE,0.4042,0.021,0.5748
CLUBS SEVEN CLUBS ACE,0.3462,0.004,0.6498
DIAMONDS THREE SPADES TEN,0.3908,0.032,0.5772
CLUBS SEVEN CLUBS QUEEN,0.3604,0.0104,0.6292
CLUBS SEVEN CLUBS KING,0.3416,0.0076,0.6508
SPADES NINE DIAMONDS JACK,0.233,0.0616,0.7054
CLUBS TEN CLUBS SEVEN,0.3128,0.0296,0.6576
DIAMONDS ACE HEARTS ACE,0.131,0.0052,0.8638
HEARTS FOUR HEARTS ACE,0.3596,0.0034,0.637
SPADES EIGHT DIAMONDS JACK,0.3544,0.0198,0.6258
SPADES ACE HEARTS SIX,0.3652,0.003,0.6318
CLUBS JACK CLUBS SEVEN,0.3378,0.017,0.6452
DIAMONDS ACE HEARTS KING,0.3324,0.0038,0.6638
HEARTS FOUR HEARTS KING,0.383,0.006,0.611
SPADES SEVEN DIAMONDS JACK,0.3636,0.0154,0.621
SPADES KING HEARTS SIX,0.3686,0.0064,0.625
DIAMONDS ACE HEARTS QUEEN,0.3284,0.0036,0.668
HEARTS FOUR HEARTS QUEEN,0.3904,0.0092,0.6004
SPADES QUEEN HEARTS SIX,0.373,0.0072,0.6198
SPADES SIX DIAMONDS JACK,0.3714,0.018,0.6106
DIAMONDS TEN SPADES TWO,0.3972,0.0318,0.571
DIAMONDS TEN SPADES THREE,0.3802,0.027,0.5928
DIAMONDS TEN SPADES FOUR,0.3872,0.0302,0.5826
DIAMONDS TEN SPADES FIVE,0.2422,0.079,0.6788
SPADES SIX DIAMONDS TEN,0.3554,0.0294,0.6152
SPADES SEVEN DIAMONDS TEN,0.3498,0.0248,0.6254
SPADES EIGHT DIAMONDS TEN,0.3394,0.0262,0.6344
SPADES NINE DIAMONDS TEN,0.2278,0.0754,0.6968
CLUBS FOUR DIAMONDS TEN,0.3978,0.0288,0.5734
CLUBS FIVE DIAMONDS TEN,0.2406,0.0838,0.6756
CLUBS SIX DIAMONDS TEN,0.3564,0.0264,0.6172
CLUBS SEVEN DIAMONDS TEN,0.3526,0.029,0.6184
CLUBS EIGHT DIAMONDS TEN,0.33,0.0272,0.6428
CLUBS JACK DIAMONDS THREE,0.4044,0.0172,0.5784
CLUBS TEN DIAMONDS THREE,0.3944,0.029,0.5766
DIAMONDS THREE CLUBS KING,0.4076,0.0074,0.585
DIAMONDS THREE CLUBS QUEEN,0.393,0.013,0.594
DIAMONDS THREE CLUBS ACE,0.3854,0.0064,0.6082
SPADES FOUR HEARTS JACK,0.4032,0.0206,0.5762
SPADES FOUR HEARTS TEN,0.409,0.0254,0.5656
SPADES FIVE SPADES TWO,0.5996,0.1038,0.2966
SPADES FOUR SPADES TWO,0.5744,0.0462,0.3794
SPADES THREE SPADES TWO,0.5778,0.0412,0.381
SPADES NINE SPADES TWO,0.3272,0.4066,0.2662
SPADES EIGHT SPADES TWO,0.5904,0.042,0.3676
SPADES SEVEN SPADES TWO,0.5704,0.0448,0.3848
SPADES SIX SPADES TWO,0.567,0.0416,0.3914
CLUBS THREE DIAMONDS QUEEN,0.407,0.012,0.581
CLUBS THREE HEARTS TWO,0.6158,0.0478,0.3364
CLUBS TWO DIAMONDS QUEEN,0.397,0.0132,0.5898
HEARTS TWO CLUBS TWO,0.3976,0.0804,0.522
HEARTS SEVEN DIAMONDS QUEEN,0.357,0.0106,0.6324
HEARTS SEVEN HEARTS TWO,0.5678,0.0408,0.3914
HEARTS SIX DIAMONDS QUEEN,0.3752,0.011,0.6138
HEARTS SIX HEARTS TWO,0.577,0.043,0.38
DIAMONDS QUEEN HEARTS NINE,0.2484,0.0474,0.7042
HEARTS TWO HEARTS NINE,0.315,0.4128,0.2722
DIAMONDS QUEEN HEARTS EIGHT,0.3608,0.0116,0.6276
HEARTS TWO HEARTS EIGHT,0.571,0.0404,0.3886
CLUBS EIGHT HEARTS TWO,0.6172,0.0482,0.3346
CLUBS EIGHT DIAMONDS QUEEN,0.3602,0.0116,0.6282
CLUBS FIVE DIAMONDS QUEEN,0.2484,0.0506,0.701
CLUBS FIVE HEARTS TWO,0.6348,0.115,0.2502
SPADES EIGHT HEARTS ACE,0.3646,0.0034,0.632
CLUBS FOUR DIAMONDS QUEEN,0.398,0.0122,0.5898
CLUBS FOUR HEARTS TWO,0.6186,0.048,0.3334
CLUBS SEVEN DIAMONDS QUEEN,0.372,0.0136,0.6144
CLUBS SEVEN HEARTS TWO,0.6178,0.0476,0.3346
SPADES EIGHT HEARTS QUEEN,0.3568,0.0102,0.633
CLUBS SIX DIAMONDS QUEEN,0.358,0.0134,0.6286
CLUBS SIX HEARTS TWO,0.6214,0.0442,0.3344
SPADES EIGHT HEARTS KING,0.3654,0.0058,0.6288
HEARTS TWO SPADES SIX,0.6064,0.0464,0.3472
SPADES SIX DIAMONDS QUEEN,0.3538,0.0106,0.6356
HEARTS FOUR CLUBS QUEEN,0.402,0.0122,0.5858
DIAMONDS ACE CLUBS QUEEN,0.3368,0.004,0.6592
SPADES SEVEN DIAMONDS QUEEN,0.3762,0.0094,0.6144
SPADES SEVEN HEARTS TWO,0.6126,0.0456,0.3418
HEARTS FOUR CLUBS KING,0.4096,0.0066,0.5838
DIAMONDS ACE CLUBS KING,0.3156,0.0044,0.68
SPADES EIGHT DIAMONDS QUEEN,0.3494,0.012,0.6386
SPADES EIGHT HEARTS TWO,0.5976,0.0436,0.3588
HEARTS FOUR CLUBS ACE,0.3798,0.0044,0.6158
DIAMONDS ACE CLUBS ACE,0.1326,0.0054,0.862
SPADES NINE DIAMONDS QUEEN,0.2356,0.045,0.7194
SPADES NINE HEARTS TWO,0.344,0.4426,0.2134
HEARTS TWO SPADES TWO,0.398,0.0832,0.5188
DIAMONDS QUEEN SPADES TWO,0.409,0.0104,0.5806
HEARTS TWO SPADES THREE,0.5934,0.0436,0.363
DIAMONDS QUEEN SPADES THREE,0.4042,0.0096,0.5862
HEARTS TWO SPADES FOUR,0.6212,0.0412,0.3376
SPADES FOUR DIAMONDS QUEEN,0.3968,0.013,0.5902
CLUBS TEN HEARTS FOUR,0.4016,0.0298,0.5686
CLUBS TEN DIAMONDS ACE,0.3164,0.0046,0.679
HEARTS TWO SPADES FIVE,0.6348,0.112,0.2532
SPADES FIVE DIAMONDS QUEEN,0.2578,0.0478,0.6944
CLUBS JACK HEARTS FOUR,0.3962,0.021,0.5828
CLUBS JACK DIAMONDS ACE,0.321,0.0052,0.6738
CLUBS FIVE CLUBS KING,0.2364,0.031,0.7326
CLUBS FIVE CLUBS QUEEN,0.2428,0.0492,0.708
CLUBS FIVE CLUBS ACE,0.24,0.0222,0.7378
CLUBS JACK CLUBS FIVE,0.2202,0.066,0.7138
CLUBS TEN CLUBS FIVE,0.2446,0.0774,0.678
SPADES KING CLUBS JACK,0.3424,0.0054,0.6522
CLUBS JACK SPADES QUEEN,0.3252,0.0108,0.664
SPADES ACE CLUBS JACK,0.3374,0.0048,0.6578
SPADES SIX CLUBS KING,0.3702,0.008,0.6218
SPADES SIX CLUBS QUEEN,0.3602,0.0116,0.6282
SPADES EIGHT HEARTS JACK,0.3456,0.0136,0.6408
SPADES SIX CLUBS ACE,0.3478,0.0046,0.6476
SPADES EIGHT HEARTS TEN,0.3432,0.0236,0.6332
CLUBS JACK SPADES SIX,0.3702,0.0168,0.613
CLUBS TEN SPADES SIX,0.359,0.0248,0.6162
CLUBS JACK SPADES TEN,0.307,0.0148,0.6782
CLUBS JACK SPADES JACK,0.1476,0.0336,0.8188
SPADES QUEEN CLUBS SEVEN,0.3848,0.0118,0.6034
SPADES KING CLUBS SEVEN,0.3674,0.007,0.6256
SPADES ACE CLUBS SEVEN,0.3718,0.004,0.6242
SPADES SIX HEARTS TEN,0.371,0.026,0.603
SPADES SIX HEARTS JACK,0.3746,0.0146,0.6108
SPADES SIX HEARTS ACE,0.3692,0.0046,0.6262
SPADES SIX HEARTS KING,0.3606,0.005,0.6344
SPADES SIX HEARTS QUEEN,0.3656,0.0118,0.6226
CLUBS SEVEN SPADES JACK,0.3672,0.0148,0.618
CLUBS SEVEN SPADES TEN,0.3568,0.0264,0.6168
CLUBS TEN HEARTS SIX,0.3534,0.027,0.6196
CLUBS JACK HEARTS SIX,0.3562,0.021,0.6228
CLUBS JACK CLUBS ACE,0.3194,0.0048,0.6758
HEARTS SIX CLUBS QUEEN,0.3694,0.0126,0.618
HEARTS SIX CLUBS KING,0.3718,0.0056,0.6226
HEARTS SIX CLUBS ACE,0.3718,0.0042,0.624
CLUBS JACK CLUBS QUEEN,0.3096,0.01,0.6804
CLUBS JACK CLUBS KING,0.3134,0.0074,0.6792
DIAMONDS THREE HEARTS ACE,0.3826,0.0044,0.613
DIAMONDS THREE HEARTS QUEEN,0.403,0.014,0.583
DIAMONDS THREE HEARTS KING,0.3988,0.0098,0.5914
CLUBS FIVE HEARTS JACK,0.2446,0.0646,0.6908
SPADES TEN DIAMONDS ACE,0.3312,0.0042,0.6646
HEARTS FOUR SPADES TEN,0.4082,0.0282,0.5636
CLUBS FIVE HEARTS TEN,0.2596,0.086,0.6544
HEARTS FOUR SPADES JACK,0.414,0.018,0.568
SPADES JACK DIAMONDS ACE,0.3274,0.0048,0.6678
SPADES ACE HEARTS FOUR,0.3896,0.0024,0.608
SPADES ACE DIAMONDS ACE,0.138,0.0048,0.8572
CLUBS FIVE HEARTS ACE,0.2494,0.0228,0.7278
CLUBS FIVE HEARTS KING,0.2566,0.0358,0.7076
HEARTS FOUR SPADES QUEEN,0.4098,0.012,0.5782
SPADES QUEEN DIAMONDS ACE,0.3276,0.0046,0.6678
CLUBS JACK SPADES FOUR,0.3986,0.0166,0.5848
CLUBS FIVE HEARTS QUEEN,0.2572,0.0472,0.6956
SPADES KING DIAMONDS ACE,0.326,0.0048,0.6692
SPADES KING HEARTS FOUR,0.4132,0.0072,0.5796
CLUBS TEN SPADES FOUR,0.3882,0.0278,0.584
DIAMONDS ACE DIAMONDS QUEEN,0.3126,0.005,0.6824
DIAMONDS ACE HEARTS TWO,0.3898,0.005,0.6052
HEARTS FOUR DIAMONDS QUEEN,0.4004,0.0114,0.5882
HEARTS FOUR HEARTS TWO,0.5684,0.0474,0.3842
DIAMONDS THREE HEARTS TEN,0.3936,0.0274,0.579
SPADES FOUR CLUBS KING,0.3996,0.0092,0.5912
HEARTS FIVE DIAMONDS QUEEN,0.2568,0.0506,0.6926
HEARTS FIVE HEARTS TWO,0.5988,0.1068,0.2944
DIAMONDS THREE HEARTS JACK,0.4114,0.0148,0.5738
SPADES FOUR CLUBS QUEEN,0.413,0.0142,0.5728
HEARTS TWO DIAMONDS QUEEN,0.3942,0.0158,0.59
DIAMONDS KING DIAMONDS QUEEN,0.3082,0.0082,0.6836
DIAMONDS KING HEARTS TWO,0.3894,0.0092,0.6014
HEARTS THREE DIAMONDS QUEEN,0.4032,0.0146,0.5822
HEARTS THREE HEARTS TWO,0.569,0.038,0.393
SPADES FOUR CLUBS ACE,0.3946,0.0032,0.6022
HEARTS TWO CLUBS ACE,0.3836,0.0054,0.611
DIAMONDS QUEEN CLUBS ACE,0.338,0.0062,0.6558
HEARTS TWO CLUBS QUEEN,0.4002,0.0132,0.5866
DIAMONDS QUEEN CLUBS QUEEN,0.1398,0.0204,0.8398
HEARTS TWO CLUBS KING,0.4184,0.0074,0.5742
DIAMONDS QUEEN CLUBS KING,0.334,0.0072,0.6588
SPADES EIGHT SPADES FIVE,0.6054,0.098,0.2966
CLUBS TEN HEARTS TWO,0.403,0.0282,0.5688
CLUBS TEN DIAMONDS QUEEN,0.3172,0.0116,0.6712
SPADES NINE SPADES FIVE,0.0248,0.9046,0.0706
CLUBS JACK HEARTS TWO,0.4002,0.0178,0.582
CLUBS JACK DIAMONDS QUEEN,0.3258,0.0102,0.664
SPADES SIX SPADES FIVE,0.5822,0.1,0.3178
SPADES SEVEN SPADES FIVE,0.593,0.1018,0.3052
SPADES EIGHT CLUBS ACE,0.3612,0.003,0.6358
SPADES EIGHT CLUBS KING,0.3754,0.0054,0.6192
SPADES EIGHT CLUBS QUEEN,0.359,0.0116,0.6294
CLUBS JACK SPADES EIGHT,0.3398,0.0164,0.6438
CLUBS TEN SPADES EIGHT,0.3452,0.0238,0.631
DIAMONDS TEN HEARTS JACK,0.3094,0.0136,0.677
DIAMONDS TEN HEARTS TEN,0.1452,0.045,0.8098
HEARTS SIX HEARTS KING,0.34,0.0078,0.6522
DIAMONDS KING SPADES SEVEN,0.3628,0.0088,0.6284
HEARTS THREE SPADES SEVEN,0.6108,0.0436,0.3456
SPADES KING DIAMONDS SEVEN,0.3632,0.0082,0.6286
HEARTS SIX HEARTS QUEEN,0.3464,0.0122,0.6414
SPADES QUEEN DIAMONDS SEVEN,0.3646,0.0142,0.6212
HEARTS THREE SPADES SIX,0.5934,0.0496,0.357
DIAMONDS KING SPADES SIX,0.3746,0.009,0.6164
SPADES NINE DIAMONDS KING,0.2416,0.0378,0.7206
SPADES NINE HEARTS THREE,0.332,0.447,0.221
HEARTS SIX HEARTS ACE,0.343,0.0044,0.6526
DIAMONDS KING SPADES EIGHT,0.3652,0.008,0.6268
SPADES EIGHT HEARTS THREE,0.6146,0.0416,0.3438
SPADES ACE DIAMONDS SEVEN,0.3536,0.0056,0.6408
CLUBS EIGHT HEARTS THREE,0.6188,0.0374,0.3438
CLUBS EIGHT DIAMONDS KING,0.3732,0.0086,0.6182
HEARTS THREE SPADES THREE,0.387,0.0874,0.5256
DIAMONDS KING SPADES THREE,0.4018,0.008,0.5902
HEARTS THREE SPADES TWO,0.6172,0.0468,0.336
DIAMONDS KING SPADES TWO,0.4024,0.0092,0.5884
