opposingHand,winningChance,drawChance,lostChance
CLUBS TWO CLUBS THREE
HEARTS FIVE SPADES TEN,0.3902,0.0286,0.5812
SPADES JACK HEARTS FIVE,0.398,0.0184,0.5836
CLUBS JACK SPADES FIVE,0.3634,0.0228,0.6138
CLUBS TEN SPADES FIVE,0.3744,0.027,0.5986
CLUBS JACK CLUBS EIGHT,0.335,0.0168,0.6482
CLUBS TEN CLUBS EIGHT,0.3206,0.028,0.6514
CLUBS EIGHT CLUBS KING,0.3182,0.0096,0.6722
SPADES FIVE CLUBS ACE,0.3596,0.0052,0.6352
CLUBS EIGHT CLUBS QUEEN,0.3354,0.0134,0.6512
SPADES FIVE CLUBS KING,0.3748,0.0094,0.6158
SPADES FIVE CLUBS QUEEN,0.3772,0.012,0.6108
CLUBS EIGHT CLUBS ACE,0.3232,0.0064,0.6704
DIAMONDS TWO DIAMONDS THREE,0.0748,0.8502,0.075
DIAMONDS TWO DIAMONDS FIVE,0.2454,0.3444,0.4102
SPADES KING HEARTS FIVE,0.3658,0.0084,0.6258
DIAMONDS TWO DIAMONDS FOUR,0.252,0.4522,0.2958
SPADES QUEEN HEARTS FIVE,0.391,0.0142,0.5948
DIAMONDS TWO DIAMONDS SEVEN,0.2912,0.1762,0.5326
DIAMONDS TWO DIAMONDS SIX,0.2752,0.2386,0.4862
SPADES ACE HEARTS FIVE,0.367,0.0052,0.6278
DIAMONDS TWO DIAMONDS NINE,0.2936,0.0932,0.6132
DIAMONDS TWO DIAMONDS EIGHT,0.2784,0.1474,0.5742
DIAMONDS THREE DIAMONDS FOUR,0.262,0.4254,0.3126
DIAMONDS THREE DIAMONDS FIVE,0.2438,0.3406,0.4156
DIAMONDS THREE DIAMONDS EIGHT,0.277,0.127,0.596
DIAMONDS THREE DIAMONDS NINE,0.2774,0.0972,0.6254
DIAMONDS THREE DIAMONDS SIX,0.2644,0.2552,0.4804
DIAMONDS THREE DIAMONDS SEVEN,0.2606,0.1884,0.551
CLUBS TEN CLUBS JACK,0.3098,0.0152,0.675
DIAMONDS FOUR DIAMONDS SIX,0.3344,0.1438,0.5218
CLUBS TEN CLUBS QUEEN,0.3166,0.0118,0.6716
DIAMONDS FOUR DIAMONDS SEVEN,0.3508,0.0924,0.5568
CLUBS TEN CLUBS KING,0.3296,0.0096,0.6608
CLUBS TEN CLUBS ACE,0.329,0.0072,0.6638
DIAMONDS FIVE DIAMONDS FOUR,0.33,0.2078,0.4622
DIAMONDS NINE DIAMONDS FOUR,0.3644,0.0434,0.5922
DIAMONDS EIGHT DIAMONDS FOUR,0.3706,0.0662,0.5632
DIAMONDS NINE DIAMONDS FIVE,0.3546,0.0428,0.6026
CLUBS JACK DIAMONDS TWO,0.2728,0.056,0.6712
DIAMONDS EIGHT DIAMONDS FIVE,0.3496,0.0586,0.5918
CLUBS TEN DIAMONDS TWO,0.296,0.0672,0.6368
DIAMONDS FIVE DIAMONDS SEVEN,0.3442,0.0966,0.5592
DIAMONDS FIVE DIAMONDS SIX,0.3376,0.1334,0.529
DIAMONDS TWO CLUBS ACE,0.2578,0.0152,0.727
DIAMONDS TWO CLUBS KING,0.2786,0.0296,0.6918
DIAMONDS TWO CLUBS QUEEN,0.2884,0.0396,0.672
DIAMONDS EIGHT DIAMONDS SIX,0.3462,0.0596,0.5942
DIAMONDS NINE DIAMONDS SIX,0.3574,0.0402,0.6024
HEARTS ACE SPADES THREE,0.2824,0.021,0.6966
HEARTS KING SPADES THREE,0.3056,0.0254,0.669
DIAMONDS SEVEN DIAMONDS SIX,0.3454,0.0926,0.562
SPADES THREE HEARTS QUEEN,0.2992,0.0448,0.656
HEARTS JACK SPADES THREE,0.296,0.0606,0.6434
SPADES THREE HEARTS TEN,0.2888,0.077,0.6342
DIAMONDS EIGHT DIAMONDS SEVEN,0.344,0.0568,0.5992
DIAMONDS NINE DIAMONDS SEVEN,0.3562,0.0404,0.6034
DIAMONDS NINE DIAMONDS EIGHT,0.3518,0.036,0.6122
DIAMONDS KING HEARTS TEN,0.37,0.009,0.621
HEARTS THREE HEARTS TEN,0.285,0.0722,0.6428
SPADES JACK CLUBS SIX,0.3684,0.0208,0.6108
DIAMONDS KING HEARTS JACK,0.3816,0.0058,0.6126
HEARTS THREE HEARTS JACK,0.2848,0.0506,0.6646
SPADES TEN CLUBS SIX,0.37,0.029,0.601
SPADES JACK SPADES FIVE,0.3616,0.0218,0.6166
SPADES TEN SPADES FIVE,0.3568,0.0264,0.6168
DIAMONDS KING HEARTS ACE,0.3832,0.0048,0.612
HEARTS THREE HEARTS ACE,0.2736,0.0192,0.7072
SPADES ACE CLUBS SIX,0.3726,0.0056,0.6218
DIAMONDS KING HEARTS QUEEN,0.3854,0.0058,0.6088
HEARTS THREE HEARTS QUEEN,0.2774,0.0422,0.6804
SPADES KING CLUBS SIX,0.3634,0.0094,0.6272
DIAMONDS KING HEARTS KING,0.191,0.021,0.788
HEARTS THREE HEARTS KING,0.2764,0.032,0.6916
SPADES QUEEN CLUBS SIX,0.3738,0.0136,0.6126
SPADES NINE HEARTS TEN,0.369,0.023,0.608
SPADES NINE HEARTS JACK,0.3868,0.0156,0.5976
SPADES QUEEN SPADES FIVE,0.35,0.0134,0.6366
SPADES KING SPADES FIVE,0.3604,0.0104,0.6292
SPADES ACE SPADES FIVE,0.339,0.0064,0.6546
SPADES NINE HEARTS QUEEN,0.3904,0.0108,0.5988
SPADES NINE HEARTS KING,0.3908,0.0072,0.602
SPADES NINE HEARTS ACE,0.3778,0.0038,0.6184
CLUBS TEN SPADES JACK,0.3596,0.0142,0.6262
CLUBS TEN SPADES TEN,0.1764,0.0666,0.757
SPADES ACE CLUBS TEN,0.3686,0.0036,0.6278
CLUBS TEN SPADES KING,0.3622,0.0064,0.6314
CLUBS TEN SPADES QUEEN,0.3744,0.0098,0.6158
SPADES FIVE HEARTS QUEEN,0.3818,0.0152,0.603
HEARTS KING SPADES FIVE,0.3806,0.0092,0.6102
SPADES FIVE HEARTS ACE,0.367,0.0058,0.6272
CLUBS EIGHT SPADES TEN,0.3514,0.0298,0.6188
HEARTS THREE SPADES JACK,0.3044,0.054,0.6416
SPADES JACK DIAMONDS KING,0.3758,0.0084,0.6158
SPADES TEN DIAMONDS KING,0.384,0.008,0.608
HEARTS THREE SPADES TEN,0.2958,0.0742,0.63
CLUBS EIGHT SPADES JACK,0.37,0.0202,0.6098
CLUBS SIX HEARTS ACE,0.3758,0.0064,0.6178
SPADES ACE CLUBS EIGHT,0.364,0.008,0.628
CLUBS JACK HEARTS FIVE,0.3564,0.0194,0.6242
CLUBS TEN HEARTS FIVE,0.3682,0.0312,0.6006
CLUBS SIX HEARTS QUEEN,0.3658,0.0142,0.62
SPADES QUEEN CLUBS EIGHT,0.3724,0.0138,0.6138
CLUBS TEN SPADES THREE,0.2778,0.0768,0.6454
CLUBS SIX HEARTS KING,0.3762,0.0102,0.6136
SPADES KING CLUBS EIGHT,0.3844,0.0088,0.6068
CLUBS JACK SPADES THREE,0.3006,0.0598,0.6396
DIAMONDS TWO HEARTS JACK,0.303,0.0478,0.6492
SPADES THREE CLUBS QUEEN,0.2824,0.0424,0.6752
DIAMONDS TWO HEARTS TEN,0.3138,0.0722,0.614
SPADES THREE CLUBS KING,0.281,0.0314,0.6876
HEARTS FIVE CLUBS ACE,0.352,0.0082,0.6398
SPADES FIVE HEARTS TEN,0.3772,0.0346,0.5882
SPADES THREE CLUBS ACE,0.267,0.0212,0.7118
HEARTS FIVE CLUBS KING,0.3686,0.0088,0.6226
SPADES FIVE HEARTS JACK,0.3934,0.0178,0.5888
HEARTS FIVE CLUBS QUEEN,0.3798,0.0136,0.6066
HEARTS THREE CLUBS KING,0.2744,0.0326,0.693
DIAMONDS KING CLUBS KING,0.174,0.018,0.808
HEARTS THREE CLUBS QUEEN,0.2778,0.0426,0.6796
DIAMONDS KING CLUBS QUEEN,0.369,0.0084,0.6226
HEARTS FIVE HEARTS JACK,0.3652,0.0212,0.6136
HEARTS FIVE HEARTS TEN,0.3538,0.0306,0.6156
HEARTS THREE CLUBS ACE,0.2592,0.0224,0.7184
DIAMONDS KING CLUBS ACE,0.3788,0.0058,0.6154
SPADES ACE CLUBS QUEEN,0.3674,0.0034,0.6292
SPADES KING CLUBS QUEEN,0.3696,0.011,0.6194
CLUBS JACK HEARTS THREE,0.291,0.0644,0.6446
CLUBS JACK DIAMONDS KING,0.3676,0.0078,0.6246
SPADES QUEEN CLUBS QUEEN,0.1736,0.0342,0.7922
CLUBS TEN HEARTS THREE,0.2868,0.0816,0.6316
CLUBS TEN DIAMONDS KING,0.3648,0.0096,0.6256
SPADES JACK CLUBS QUEEN,0.3686,0.0094,0.622
CLUBS SIX CLUBS QUEEN,0.3316,0.016,0.6524
SPADES TEN CLUBS QUEEN,0.3706,0.0114,0.618
CLUBS SIX CLUBS KING,0.329,0.0098,0.6612
CLUBS SIX CLUBS ACE,0.3162,0.0072,0.6766
HEARTS FIVE HEARTS KING,0.369,0.0102,0.6208
HEARTS FIVE HEARTS QUEEN,0.36,0.015,0.625
CLUBS TEN CLUBS SIX,0.3376,0.0296,0.6328
HEARTS FIVE HEARTS ACE,0.3392,0.0072,0.6536
CLUBS JACK CLUBS SIX,0.3396,0.022,0.6384
SPADES SEVEN HEARTS JACK,0.3866,0.0188,0.5946
SPADES SEVEN HEARTS TEN,0.3724,0.0304,0.5972
HEARTS SIX DIAMONDS TWO,0.2928,0.2606,0.4466
DIAMONDS TWO HEARTS QUEEN,0.3088,0.0378,0.6534
DIAMONDS TWO HEARTS SEVEN,0.3112,0.1784,0.5104
DIAMONDS TWO HEARTS KING,0.296,0.0254,0.6786
DIAMONDS TWO HEARTS EIGHT,0.311,0.139,0.55
DIAMONDS TWO HEARTS ACE,0.2846,0.0168,0.6986
DIAMONDS TWO HEARTS NINE,0.291,0.103,0.606
DIAMONDS TWO DIAMONDS QUEEN,0.2944,0.035,0.6706
DIAMONDS TWO HEARTS TWO,0.2588,0.1332,0.608
DIAMONDS TWO DIAMONDS KING,0.2878,0.0262,0.686
HEARTS THREE DIAMONDS TWO,0.0728,0.908,0.0192
DIAMONDS TWO DIAMONDS ACE,0.2686,0.0144,0.717
HEARTS FOUR DIAMONDS TWO,0.2554,0.4794,0.2652
DIAMONDS TWO HEARTS FIVE,0.257,0.362,0.381
SPADES SEVEN HEARTS ACE,0.3744,0.0042,0.6214
DIAMONDS TWO DIAMONDS TEN,0.2898,0.0686,0.6416
SPADES SEVEN HEARTS KING,0.3822,0.0064,0.6114
DIAMONDS TWO DIAMONDS JACK,0.2924,0.0514,0.6562
SPADES SEVEN HEARTS QUEEN,0.3866,0.0126,0.6008
DIAMONDS TWO SPADES NINE,0.3004,0.0986,0.601
DIAMONDS TWO SPADES EIGHT,0.3216,0.1398,0.5386
DIAMONDS TWO SPADES SEVEN,0.3034,0.179,0.5176
DIAMONDS TWO SPADES SIX,0.296,0.2594,0.4446
DIAMONDS TWO SPADES FIVE,0.2726,0.363,0.3644
DIAMONDS TWO SPADES FOUR,0.264,0.4762,0.2598
DIAMONDS TWO SPADES THREE,0.0742,0.9064,0.0194
DIAMONDS TWO SPADES TWO,0.2534,0.1414,0.6052
DIAMONDS TWO CLUBS NINE,0.289,0.1086,0.6024
CLUBS EIGHT DIAMONDS TWO,0.2876,0.146,0.5664
DIAMONDS TWO CLUBS SEVEN,0.2796,0.188,0.5324
DIAMONDS TWO CLUBS SIX,0.2836,0.2696,0.4468
DIAMONDS TWO CLUBS FIVE,0.2528,0.3644,0.3828
DIAMONDS TWO CLUBS FOUR,0.2572,0.4846,0.2582
CLUBS FOUR SPADES FIVE,0.3294,0.226,0.4446
CLUBS FOUR SPADES FOUR,0.1468,0.1608,0.6924
CLUBS FOUR SPADES THREE,0.2368,0.4792,0.284
CLUBS FOUR SPADES TWO,0.2538,0.4808,0.2654
SPADES NINE CLUBS FOUR,0.3778,0.0478,0.5744
SPADES EIGHT CLUBS FOUR,0.3704,0.0702,0.5594
CLUBS FOUR SPADES SEVEN,0.3528,0.0936,0.5536
CLUBS FOUR SPADES SIX,0.3466,0.1542,0.4992
SPADES ACE DIAMONDS SIX,0.3906,0.0048,0.6046
SPADES QUEEN DIAMONDS SIX,0.3832,0.0122,0.6046
SPADES KING DIAMONDS SIX,0.3914,0.0082,0.6004
SPADES TEN DIAMONDS SIX,0.3926,0.0274,0.58
SPADES JACK DIAMONDS SIX,0.3788,0.017,0.6042
SPADES QUEEN SPADES TWO,0.2912,0.0424,0.6664
SPADES KING SPADES TWO,0.2924,0.0226,0.685
SPADES ACE SPADES TWO,0.266,0.0152,0.7188
CLUBS JACK DIAMONDS JACK,0.1706,0.0538,0.7756
CLUBS TEN DIAMONDS JACK,0.37,0.0188,0.6112
DIAMONDS JACK CLUBS KING,0.3664,0.007,0.6266
DIAMONDS JACK CLUBS QUEEN,0.369,0.0088,0.6222
DIAMONDS THREE DIAMONDS JACK,0.2884,0.0546,0.657
DIAMONDS THREE DIAMONDS TEN,0.2722,0.072,0.6558
DIAMONDS JACK CLUBS ACE,0.3602,0.0076,0.6322
DIAMONDS THREE DIAMONDS KING,0.2756,0.0296,0.6948
HEARTS THREE DIAMONDS THREE,0.126,0.1352,0.7388
DIAMONDS THREE DIAMONDS QUEEN,0.2952,0.039,0.6658
DIAMONDS THREE HEARTS TWO,0.0724,0.908,0.0196
HEARTS FIVE DIAMONDS THREE,0.268,0.3548,0.3772
DIAMONDS THREE DIAMONDS ACE,0.2612,0.018,0.7208
HEARTS FOUR DIAMONDS THREE,0.2524,0.468,0.2796
DIAMONDS THREE HEARTS SEVEN,0.2904,0.1918,0.5178
SPADES TEN SPADES NINE,0.3632,0.0222,0.6146
HEARTS SIX DIAMONDS THREE,0.2836,0.2638,0.4526
SPADES JACK SPADES NINE,0.361,0.0156,0.6234
DIAMONDS THREE HEARTS NINE,0.3044,0.1058,0.5898
HEARTS JACK DIAMONDS FOUR,0.388,0.0178,0.5942
HEARTS KING HEARTS ACE,0.3628,0.0048,0.6324
SPADES TEN SPADES TWO,0.294,0.0738,0.6322
DIAMONDS THREE HEARTS EIGHT,0.3078,0.1328,0.5594
HEARTS TEN DIAMONDS FOUR,0.4018,0.0304,0.5678
SPADES JACK SPADES TWO,0.2904,0.0544,0.6552
HEARTS QUEEN DIAMONDS FOUR,0.3902,0.0142,0.5956
HEARTS KING DIAMONDS FOUR,0.3766,0.0094,0.614
SPADES ACE SPADES NINE,0.3594,0.0054,0.6352
HEARTS ACE DIAMONDS FOUR,0.366,0.006,0.628
SPADES KING SPADES NINE,0.3616,0.0074,0.631
SPADES QUEEN SPADES NINE,0.356,0.013,0.631
DIAMONDS THREE SPADES NINE,0.2962,0.1002,0.6036
DIAMONDS THREE SPADES EIGHT,0.3038,0.1382,0.558
DIAMONDS THREE SPADES SEVEN,0.2782,0.199,0.5228
DIAMONDS THREE SPADES SIX,0.2972,0.2532,0.4496
DIAMONDS THREE CLUBS SIX,0.278,0.2496,0.4724
CLUBS SIX CLUBS FIVE,0.3032,0.1488,0.548
CLUBS ACE DIAMONDS FOUR,0.347,0.0058,0.6472
DIAMONDS THREE CLUBS SEVEN,0.266,0.1936,0.5404
CLUBS SEVEN CLUBS FIVE,0.3106,0.107,0.5824
DIAMONDS THREE CLUBS FOUR,0.2522,0.4654,0.2824
DIAMONDS FOUR CLUBS QUEEN,0.369,0.017,0.614
DIAMONDS THREE CLUBS FIVE,0.2486,0.3606,0.3908
DIAMONDS FOUR CLUBS KING,0.3722,0.0096,0.6182
CLUBS TEN DIAMONDS FOUR,0.3756,0.0276,0.5968
CLUBS JACK DIAMONDS FOUR,0.362,0.0212,0.6168
DIAMONDS THREE SPADES FOUR,0.2692,0.455,0.2758
DIAMONDS THREE SPADES FIVE,0.2698,0.3438,0.3864
DIAMONDS THREE SPADES TWO,0.0766,0.9034,0.02
DIAMONDS THREE SPADES THREE,0.1246,0.1376,0.7378
CLUBS EIGHT DIAMONDS THREE,0.2936,0.1414,0.565
CLUBS NINE DIAMONDS THREE,0.2902,0.1046,0.6052
SPADES SEVEN CLUBS ACE,0.3652,0.0062,0.6286
SPADES SEVEN CLUBS QUEEN,0.3762,0.0132,0.6106
SPADES SEVEN CLUBS KING,0.3672,0.0112,0.6216
SPADES SEVEN CLUBS FIVE,0.3506,0.0962,0.5532
CLUBS TEN SPADES SEVEN,0.3658,0.0274,0.6068
CLUBS FIVE SPADES SIX,0.3332,0.1484,0.5184
CLUBS JACK SPADES SEVEN,0.364,0.018,0.618
SPADES NINE CLUBS FIVE,0.3692,0.0438,0.587
SPADES EIGHT CLUBS FIVE,0.3652,0.0652,0.5696
CLUBS FIVE SPADES THREE,0.2368,0.3686,0.3946
CLUBS FIVE SPADES TWO,0.2584,0.3586,0.383
CLUBS FIVE SPADES FIVE,0.1378,0.1462,0.716
CLUBS FIVE SPADES FOUR,0.3274,0.2212,0.4514
CLUBS NINE CLUBS FIVE,0.3326,0.0494,0.618
CLUBS EIGHT CLUBS FIVE,0.323,0.0732,0.6038
CLUBS ACE CLUBS QUEEN,0.32,0.0066,0.6734
CLUBS KING CLUBS QUEEN,0.3368,0.009,0.6542
DIAMONDS TEN DIAMONDS FOUR,0.3642,0.03,0.6058
CLUBS TEN DIAMONDS NINE,0.37,0.0242,0.6058
DIAMONDS JACK DIAMONDS FOUR,0.358,0.0228,0.6192
CLUBS JACK DIAMONDS NINE,0.3744,0.017,0.6086
CLUBS JACK SPADES NINE,0.3652,0.0176,0.6172
CLUBS TEN SPADES NINE,0.3672,0.026,0.6068
DIAMONDS ACE DIAMONDS FOUR,0.3568,0.006,0.6372
HEARTS FOUR DIAMONDS FOUR,0.1502,0.1618,0.688
DIAMONDS JACK HEARTS TEN,0.3872,0.0164,0.5964
SPADES NINE CLUBS KING,0.373,0.0058,0.6212
DIAMONDS TWO SPADES TEN,0.3066,0.0752,0.6182
DIAMONDS NINE CLUBS ACE,0.3746,0.0066,0.6188
HEARTS FIVE DIAMONDS FOUR,0.3446,0.2268,0.4286
HEARTS JACK DIAMONDS JACK,0.1866,0.0476,0.7658
SPADES NINE CLUBS QUEEN,0.3712,0.012,0.6168
DIAMONDS TWO SPADES JACK,0.3048,0.0472,0.648
DIAMONDS QUEEN DIAMONDS FOUR,0.3722,0.0152,0.6126
HEARTS TWO DIAMONDS FOUR,0.2642,0.4832,0.2526
DIAMONDS NINE CLUBS QUEEN,0.3722,0.0114,0.6164
DIAMONDS KING DIAMONDS FOUR,0.3558,0.0108,0.6334
HEARTS THREE DIAMONDS FOUR,0.2644,0.4632,0.2724
SPADES NINE CLUBS ACE,0.3788,0.0058,0.6154
DIAMONDS NINE CLUBS KING,0.3642,0.0074,0.6284
HEARTS ACE DIAMONDS JACK,0.3732,0.0062,0.6206
SPADES ACE DIAMONDS TWO,0.2956,0.0174,0.687
DIAMONDS JACK HEARTS QUEEN,0.374,0.0124,0.6136
SPADES QUEEN DIAMONDS TWO,0.3002,0.0444,0.6554
HEARTS KING DIAMONDS JACK,0.3874,0.0078,0.6048
SPADES KING DIAMONDS TWO,0.3052,0.0248,0.67
SPADES JACK SPADES SEVEN,0.3602,0.017,0.6228
SPADES TEN SPADES SEVEN,0.3556,0.0284,0.616
SPADES TWO DIAMONDS FOUR,0.2668,0.467,0.2662
SPADES THREE DIAMONDS FOUR,0.26,0.471,0.269
SPADES FOUR DIAMONDS FOUR,0.1544,0.164,0.6816
SPADES FIVE DIAMONDS FOUR,0.3494,0.214,0.4366
SPADES SIX DIAMONDS FOUR,0.3576,0.1472,0.4952
SPADES SEVEN DIAMONDS FOUR,0.3842,0.098,0.5178
SPADES EIGHT DIAMONDS FOUR,0.375,0.07,0.555
SPADES NINE DIAMONDS FOUR,0.3896,0.0418,0.5686
CLUBS FIVE DIAMONDS FOUR,0.3374,0.2264,0.4362
CLUBS FOUR DIAMONDS FOUR,0.1456,0.1684,0.686
CLUBS SEVEN DIAMONDS FOUR,0.3522,0.0982,0.5496
CLUBS SIX DIAMONDS FOUR,0.3456,0.1586,0.4958
CLUBS NINE DIAMONDS FOUR,0.3716,0.05,0.5784
CLUBS EIGHT DIAMONDS FOUR,0.3574,0.0676,0.575
DIAMONDS FOUR HEARTS SEVEN,0.385,0.0976,0.5174
HEARTS SIX DIAMONDS FOUR,0.352,0.153,0.495
HEARTS NINE DIAMONDS FOUR,0.3888,0.0488,0.5624
DIAMONDS FOUR HEARTS EIGHT,0.3884,0.0682,0.5434
DIAMONDS TEN DIAMONDS FIVE,0.357,0.0278,0.6152
DIAMONDS JACK DIAMONDS FIVE,0.355,0.0218,0.6232
DIAMONDS NINE HEARTS QUEEN,0.382,0.0108,0.6072
HEARTS KING DIAMONDS NINE,0.3906,0.0084,0.601
DIAMONDS NINE HEARTS ACE,0.3966,0.006,0.5974
DIAMONDS NINE HEARTS TEN,0.3844,0.0252,0.5904
DIAMONDS NINE HEARTS JACK,0.3826,0.0142,0.6032
CLUBS KING DIAMONDS SIX,0.364,0.008,0.628
CLUBS QUEEN DIAMONDS SIX,0.375,0.0118,0.6132
CLUBS ACE DIAMONDS SIX,0.3848,0.005,0.6102
SPADES KING DIAMONDS FOUR,0.3748,0.0106,0.6146
SPADES ACE SPADES SEVEN,0.3572,0.0062,0.6366
SPADES QUEEN DIAMONDS FOUR,0.3838,0.01,0.6062
SPADES QUEEN SPADES SEVEN,0.3624,0.0126,0.625
CLUBS JACK DIAMONDS SIX,0.3682,0.014,0.6178
SPADES KING SPADES SEVEN,0.3606,0.0092,0.6302
SPADES ACE DIAMONDS FOUR,0.3684,0.004,0.6276
CLUBS TEN DIAMONDS SIX,0.3708,0.03,0.5992
CLUBS NINE CLUBS FOUR,0.326,0.05,0.624
CLUBS EIGHT CLUBS FOUR,0.336,0.0634,0.6006
SPADES JACK DIAMONDS FOUR,0.3952,0.0184,0.5864
SPADES TEN DIAMONDS FOUR,0.3778,0.0268,0.5954
CLUBS FOUR CLUBS FIVE,0.2822,0.228,0.4898
CLUBS SEVEN CLUBS FOUR,0.3078,0.0962,0.596
CLUBS SIX CLUBS FOUR,0.31,0.1594,0.5306
CLUBS SEVEN SPADES EIGHT,0.3404,0.058,0.6016
SPADES NINE CLUBS SEVEN,0.3556,0.0408,0.6036
CLUBS SEVEN SPADES SIX,0.3466,0.0872,0.5662
CLUBS SEVEN SPADES SEVEN,0.1732,0.1086,0.7182
CLUBS SEVEN SPADES FIVE,0.3508,0.099,0.5502
CLUBS SEVEN SPADES FOUR,0.3468,0.1032,0.55
CLUBS SEVEN SPADES THREE,0.2606,0.1868,0.5526
CLUBS SEVEN SPADES TWO,0.2768,0.1902,0.533
CLUBS NINE CLUBS SEVEN,0.3166,0.0444,0.639
CLUBS EIGHT CLUBS SEVEN,0.2956,0.065,0.6394
HEARTS SIX DIAMONDS FIVE,0.368,0.1316,0.5004
DIAMONDS FIVE HEARTS SEVEN,0.3638,0.0928,0.5434
DIAMONDS FIVE HEARTS EIGHT,0.3692,0.0666,0.5642
HEARTS NINE DIAMONDS FIVE,0.376,0.043,0.581
DIAMONDS QUEEN DIAMONDS FIVE,0.3632,0.0122,0.6246
HEARTS TWO DIAMONDS FIVE,0.262,0.3528,0.3852
HEARTS KING HEARTS EIGHT,0.3594,0.0076,0.633
DIAMONDS KING DIAMONDS FIVE,0.3622,0.0104,0.6274
HEARTS THREE DIAMONDS FIVE,0.2738,0.3504,0.3758
HEARTS QUEEN HEARTS EIGHT,0.3662,0.0152,0.6186
DIAMONDS ACE DIAMONDS FIVE,0.354,0.0054,0.6406
HEARTS FOUR DIAMONDS FIVE,0.3456,0.2286,0.4258
HEARTS FIVE DIAMONDS FIVE,0.157,0.1476,0.6954
HEARTS ACE HEARTS EIGHT,0.359,0.005,0.636
CLUBS FOUR DIAMONDS FIVE,0.321,0.2358,0.4432
CLUBS FIVE DIAMONDS FIVE,0.1372,0.1452,0.7176
CLUBS SIX DIAMONDS FIVE,0.347,0.1454,0.5076
CLUBS SEVEN DIAMONDS FIVE,0.3584,0.098,0.5436
SPADES THREE DIAMONDS FIVE,0.2628,0.3502,0.387
SPADES TWO DIAMONDS FIVE,0.2664,0.3534,0.3802
SPADES JACK DIAMONDS EIGHT,0.3726,0.0204,0.607
SPADES FIVE DIAMONDS FIVE,0.1562,0.1476,0.6962
CLUBS TEN HEARTS JACK,0.3584,0.0132,0.6284
SPADES TEN DIAMONDS EIGHT,0.375,0.0258,0.5992
SPADES FOUR DIAMONDS FIVE,0.3446,0.2122,0.4432
CLUBS JACK HEARTS JACK,0.1802,0.0492,0.7706
HEARTS JACK CLUBS QUEEN,0.3568,0.0102,0.633
CLUBS NINE DIAMONDS FIVE,0.3798,0.0444,0.5758
CLUBS EIGHT DIAMONDS FIVE,0.3658,0.0662,0.568
HEARTS JACK CLUBS KING,0.3754,0.0074,0.6172
HEARTS JACK CLUBS ACE,0.3726,0.0044,0.623
SPADES SEVEN DIAMONDS FIVE,0.3682,0.1002,0.5316
SPADES KING DIAMONDS EIGHT,0.3774,0.0074,0.6152
SPADES QUEEN DIAMONDS EIGHT,0.3892,0.0092,0.6016
SPADES SIX DIAMONDS FIVE,0.351,0.1402,0.5088
SPADES NINE DIAMONDS FIVE,0.3816,0.0454,0.573
SPADES EIGHT DIAMONDS FIVE,0.3876,0.0588,0.5536
SPADES ACE DIAMONDS EIGHT,0.381,0.0052,0.6138
DIAMONDS TEN DIAMONDS SIX,0.361,0.0286,0.6104
HEARTS ACE DIAMONDS SEVEN,0.371,0.0054,0.6236
DIAMONDS JACK DIAMONDS SIX,0.3776,0.0188,0.6036
HEARTS QUEEN DIAMONDS SEVEN,0.3858,0.01,0.6042
HEARTS KING DIAMONDS SEVEN,0.3886,0.0082,0.6032
DIAMONDS ACE DIAMONDS SIX,0.3564,0.0058,0.6378
HEARTS FOUR DIAMONDS SIX,0.367,0.1426,0.4904
HEARTS JACK SPADES TWO,0.3098,0.0476,0.6426
HEARTS FIVE DIAMONDS SIX,0.3624,0.1366,0.501
SPADES TWO HEARTS TEN,0.3082,0.0736,0.6182
DIAMONDS QUEEN DIAMONDS SIX,0.3752,0.014,0.6108
HEARTS TWO DIAMONDS SIX,0.3044,0.2514,0.4442
DIAMONDS KING DIAMONDS SIX,0.3604,0.0088,0.6308
HEARTS THREE DIAMONDS SIX,0.2972,0.2534,0.4494
HEARTS EIGHT DIAMONDS SIX,0.3788,0.0586,0.5626
HEARTS NINE DIAMONDS SIX,0.3806,0.0436,0.5758
HEARTS SIX DIAMONDS SIX,0.1806,0.1272,0.6922
HEARTS SEVEN DIAMONDS SIX,0.3744,0.0956,0.53
HEARTS TEN DIAMONDS SEVEN,0.3788,0.0256,0.5956
HEARTS JACK DIAMONDS SEVEN,0.3814,0.016,0.6026
CLUBS SEVEN DIAMONDS SIX,0.3524,0.097,0.5506
CLUBS JACK DIAMONDS EIGHT,0.3556,0.018,0.6264
CLUBS SIX DIAMONDS SIX,0.1572,0.1244,0.7184
CLUBS TEN DIAMONDS EIGHT,0.3698,0.028,0.6022
CLUBS FIVE DIAMONDS SIX,0.3358,0.1516,0.5126
CLUBS FOUR DIAMONDS SIX,0.3472,0.1566,0.4962
HEARTS ACE HEARTS JACK,0.3628,0.0064,0.6308
DIAMONDS EIGHT CLUBS ACE,0.3552,0.0044,0.6404
HEARTS JACK HEARTS QUEEN,0.352,0.012,0.636
DIAMONDS EIGHT CLUBS KING,0.3694,0.0074,0.6232
CLUBS NINE DIAMONDS SIX,0.3696,0.045,0.5854
HEARTS KING HEARTS JACK,0.3576,0.0082,0.6342
CLUBS EIGHT DIAMONDS SIX,0.3586,0.06,0.5814
DIAMONDS EIGHT CLUBS QUEEN,0.3646,0.0134,0.622
SPADES TEN HEARTS KING,0.3712,0.0064,0.6224
SPADES FIVE DIAMONDS SIX,0.3654,0.1388,0.4958
HEARTS ACE SPADES TWO,0.302,0.0154,0.6826
SPADES JACK HEARTS KING,0.3732,0.0072,0.6196
SPADES FOUR DIAMONDS SIX,0.3656,0.1478,0.4866
SPADES THREE DIAMONDS SIX,0.2912,0.253,0.4558
HEARTS QUEEN SPADES TWO,0.3142,0.0404,0.6454
SPADES ACE SPADES KING,0.362,0.0056,0.6324
HEARTS KING SPADES TWO,0.3002,0.024,0.6758
SPADES TWO DIAMONDS SIX,0.3028,0.2576,0.4396
HEARTS TEN HEARTS EIGHT,0.3476,0.0206,0.6318
SPADES NINE DIAMONDS SIX,0.375,0.0436,0.5814
HEARTS JACK HEARTS EIGHT,0.3554,0.0156,0.629
SPADES EIGHT DIAMONDS SIX,0.3696,0.0664,0.564
SPADES SEVEN DIAMONDS SIX,0.358,0.0896,0.5524
SPADES SIX DIAMONDS SIX,0.1798,0.1312,0.689
SPADES KING HEARTS KING,0.192,0.0192,0.7888
SPADES QUEEN HEARTS KING,0.3792,0.0066,0.6142
CLUBS ACE CLUBS KING,0.3294,0.0068,0.6638
SPADES ACE HEARTS KING,0.3904,0.006,0.6036
SPADES ACE HEARTS JACK,0.3796,0.0052,0.6152
SPADES QUEEN HEARTS JACK,0.3786,0.0122,0.6092
SPADES KING HEARTS JACK,0.387,0.0074,0.6056
SPADES TEN DIAMONDS TEN,0.1918,0.0686,0.7396
SPADES JACK DIAMONDS TEN,0.3762,0.0144,0.6094
SPADES ACE DIAMONDS TEN,0.3822,0.0038,0.614
SPADES JACK HEARTS JACK,0.1882,0.0508,0.761
SPADES TEN HEARTS JACK,0.3844,0.0142,0.6014
SPADES QUEEN DIAMONDS TEN,0.3704,0.0118,0.6178
SPADES KING DIAMONDS TEN,0.3934,0.0072,0.5994
SPADES NINE DIAMONDS SEVEN,0.3682,0.0426,0.5892
SPADES EIGHT DIAMONDS SEVEN,0.3542,0.0516,0.5942
SPADES SEVEN DIAMONDS SEVEN,0.1766,0.1128,0.7106
SPADES SIX DIAMONDS SEVEN,0.3626,0.089,0.5484
DIAMONDS KING DIAMONDS SEVEN,0.3556,0.0112,0.6332
HEARTS THREE DIAMONDS SEVEN,0.2714,0.197,0.5316
HEARTS KING DIAMONDS FIVE,0.3852,0.0098,0.605
DIAMONDS QUEEN DIAMONDS SEVEN,0.3578,0.0132,0.629
HEARTS TWO DIAMONDS SEVEN,0.3076,0.1812,0.5112
HEARTS QUEEN DIAMONDS FIVE,0.3786,0.016,0.6054
HEARTS FIVE DIAMONDS SEVEN,0.371,0.0884,0.5406
DIAMONDS ACE DIAMONDS SEVEN,0.359,0.0048,0.6362
HEARTS FOUR DIAMONDS SEVEN,0.3836,0.0978,0.5186
HEARTS ACE DIAMONDS FIVE,0.3738,0.0064,0.6198
HEARTS SEVEN DIAMONDS SEVEN,0.1722,0.1134,0.7144
HEARTS SIX DIAMONDS SEVEN,0.3798,0.0926,0.5276
HEARTS NINE DIAMONDS SEVEN,0.3758,0.0396,0.5846
DIAMONDS SEVEN HEARTS EIGHT,0.3558,0.0538,0.5904
DIAMONDS JACK DIAMONDS SEVEN,0.3638,0.0194,0.6168
HEARTS JACK DIAMONDS FIVE,0.382,0.0166,0.6014
DIAMONDS TEN DIAMONDS SEVEN,0.3598,0.0282,0.612
DIAMONDS FIVE HEARTS TEN,0.3878,0.0268,0.5854
CLUBS EIGHT DIAMONDS SEVEN,0.3516,0.057,0.5914
HEARTS KING CLUBS KING,0.1748,0.0196,0.8056
HEARTS KING CLUBS QUEEN,0.3804,0.0076,0.612
CLUBS NINE DIAMONDS SEVEN,0.3654,0.0426,0.592
CLUBS JACK SPADES TWO,0.2952,0.0594,0.6454
CLUBS SIX CLUBS SEVEN,0.3184,0.0952,0.5864
CLUBS TEN SPADES TWO,0.284,0.0762,0.6398
HEARTS KING CLUBS ACE,0.3674,0.0064,0.6262
SPADES TWO CLUBS KING,0.291,0.0268,0.6822
SPADES TWO DIAMONDS SEVEN,0.3144,0.184,0.5016
CLUBS EIGHT CLUBS SIX,0.3158,0.0642,0.62
SPADES THREE DIAMONDS SEVEN,0.2894,0.1916,0.519
SPADES TWO CLUBS QUEEN,0.2758,0.0414,0.6828
CLUBS NINE CLUBS SIX,0.3234,0.0446,0.632
SPADES FOUR DIAMONDS SEVEN,0.3796,0.1038,0.5166
CLUBS JACK HEARTS KING,0.3612,0.0092,0.6296
SPADES FIVE DIAMONDS SEVEN,0.3672,0.0958,0.537
SPADES TWO CLUBS ACE,0.2698,0.0152,0.715
CLUBS TEN HEARTS KING,0.3594,0.0098,0.6308
CLUBS SIX SPADES TWO,0.2676,0.2508,0.4816
CLUBS SIX SPADES THREE,0.2656,0.264,0.4704
CLUBS SIX SPADES FOUR,0.345,0.1592,0.4958
CLUBS SIX SPADES FIVE,0.3426,0.1458,0.5116
CLUBS FOUR DIAMONDS SEVEN,0.3576,0.107,0.5354
CLUBS SIX SPADES SIX,0.1622,0.138,0.6998
CLUBS FIVE DIAMONDS SEVEN,0.3494,0.1,0.5506
CLUBS SIX SPADES SEVEN,0.3624,0.0856,0.552
CLUBS SIX DIAMONDS SEVEN,0.3602,0.0898,0.55
CLUBS SIX SPADES EIGHT,0.368,0.0686,0.5634
CLUBS SEVEN DIAMONDS SEVEN,0.1766,0.1042,0.7192
CLUBS SIX SPADES NINE,0.3632,0.047,0.5898
DIAMONDS EIGHT HEARTS SEVEN,0.3592,0.0572,0.5836
HEARTS SIX DIAMONDS EIGHT,0.3758,0.0638,0.5604
DIAMONDS EIGHT HEARTS NINE,0.3814,0.039,0.5796
DIAMONDS EIGHT HEARTS EIGHT,0.1836,0.099,0.7174
CLUBS NINE DIAMONDS EIGHT,0.3654,0.041,0.5936
CLUBS EIGHT DIAMONDS EIGHT,0.1758,0.1042,0.72
CLUBS FIVE DIAMONDS EIGHT,0.356,0.0686,0.5754
SPADES ACE SPADES THREE,0.2618,0.0182,0.72
CLUBS FOUR DIAMONDS EIGHT,0.373,0.0664,0.5606
CLUBS SEVEN DIAMONDS EIGHT,0.3372,0.0566,0.6062
SPADES QUEEN SPADES THREE,0.2748,0.0378,0.6874
CLUBS SIX DIAMONDS EIGHT,0.3596,0.0642,0.5762
SPADES KING SPADES THREE,0.2846,0.028,0.6874
DIAMONDS QUEEN DIAMONDS EIGHT,0.3654,0.0108,0.6238
HEARTS TWO DIAMONDS EIGHT,0.3004,0.1436,0.556
DIAMONDS KING DIAMONDS EIGHT,0.3572,0.01,0.6328
HEARTS THREE DIAMONDS EIGHT,0.2986,0.1416,0.5598
DIAMONDS ACE DIAMONDS EIGHT,0.3566,0.004,0.6394
HEARTS FOUR DIAMONDS EIGHT,0.3846,0.0588,0.5566
HEARTS FIVE DIAMONDS EIGHT,0.3782,0.0676,0.5542
DIAMONDS EIGHT DIAMONDS TEN,0.3516,0.0254,0.623
DIAMONDS EIGHT DIAMONDS JACK,0.3554,0.0208,0.6238
SPADES JACK SPADES THREE,0.2788,0.0592,0.662
SPADES TEN SPADES THREE,0.2888,0.07,0.6412
CLUBS FOUR HEARTS ACE,0.361,0.0048,0.6342
CLUBS FOUR HEARTS QUEEN,0.3634,0.014,0.6226
CLUBS FOUR HEARTS KING,0.3636,0.0096,0.6268
CLUBS SIX HEARTS TEN,0.3612,0.0264,0.6124
CLUBS SIX HEARTS JACK,0.3748,0.0214,0.6038
DIAMONDS EIGHT SPADES FOUR,0.3876,0.066,0.5464
SPADES FIVE DIAMONDS EIGHT,0.39,0.0654,0.5446
DIAMONDS EIGHT SPADES TWO,0.3014,0.134,0.5646
DIAMONDS EIGHT SPADES THREE,0.3092,0.1342,0.5566
CLUBS FOUR HEARTS JACK,0.38,0.022,0.598
SPADES EIGHT DIAMONDS EIGHT,0.1808,0.1,0.7192
SPADES TEN DIAMONDS QUEEN,0.3842,0.008,0.6078
SPADES TEN HEARTS TWO,0.2938,0.0702,0.636
SPADES JACK HEARTS EIGHT,0.379,0.0186,0.6024
CLUBS FOUR HEARTS TEN,0.3704,0.0274,0.6022
SPADES NINE DIAMONDS EIGHT,0.3686,0.04,0.5914
SPADES TEN HEARTS EIGHT,0.376,0.0232,0.6008
SPADES JACK HEARTS TWO,0.3022,0.05,0.6478
SPADES JACK DIAMONDS QUEEN,0.3874,0.0062,0.6064
SPADES SIX DIAMONDS EIGHT,0.385,0.067,0.548
SPADES SEVEN DIAMONDS EIGHT,0.3606,0.0572,0.5822
SPADES ACE HEARTS TWO,0.2874,0.017,0.6956
SPADES ACE DIAMONDS QUEEN,0.3814,0.0044,0.6142
SPADES ACE HEARTS EIGHT,0.3834,0.006,0.6106
SPADES KING HEARTS EIGHT,0.3926,0.0098,0.5976
SPADES QUEEN HEARTS TWO,0.3114,0.0376,0.651
SPADES QUEEN DIAMONDS QUEEN,0.1816,0.0348,0.7836
SPADES KING DIAMONDS QUEEN,0.3854,0.0088,0.6058
SPADES KING HEARTS TWO,0.308,0.026,0.666
SPADES QUEEN HEARTS EIGHT,0.3756,0.0134,0.611
SPADES SEVEN DIAMONDS NINE,0.3804,0.0408,0.5788
SPADES SIX DIAMONDS NINE,0.3756,0.0394,0.585
SPADES NINE DIAMONDS NINE,0.1932,0.0804,0.7264
SPADES EIGHT DIAMONDS NINE,0.3756,0.037,0.5874
SPADES TEN CLUBS KING,0.3628,0.0084,0.6288
DIAMONDS NINE SPADES THREE,0.2982,0.1084,0.5934
SPADES JACK CLUBS KING,0.365,0.0096,0.6254
DIAMONDS NINE SPADES TWO,0.3082,0.0952,0.5966
DIAMONDS NINE SPADES FIVE,0.3764,0.0436,0.58
DIAMONDS NINE SPADES FOUR,0.3834,0.0466,0.57
CLUBS NINE DIAMONDS NINE,0.1784,0.0728,0.7488
CLUBS EIGHT DIAMONDS NINE,0.356,0.0382,0.6058
CLUBS SIX DIAMONDS NINE,0.3662,0.0436,0.5902
SPADES JACK CLUBS FOUR,0.3588,0.0218,0.6194
CLUBS SEVEN DIAMONDS NINE,0.3478,0.0398,0.6124
SPADES TEN CLUBS FOUR,0.3798,0.03,0.5902
CLUBS FOUR DIAMONDS NINE,0.3624,0.0504,0.5872
CLUBS FIVE DIAMONDS NINE,0.3642,0.0486,0.5872
DIAMONDS NINE HEARTS EIGHT,0.3738,0.0326,0.5936
DIAMONDS NINE HEARTS NINE,0.1808,0.0832,0.736
HEARTS SIX DIAMONDS NINE,0.3724,0.046,0.5816
DIAMONDS NINE HEARTS SEVEN,0.3724,0.0426,0.585
CLUBS EIGHT CLUBS NINE,0.32,0.0364,0.6436
DIAMONDS ACE DIAMONDS NINE,0.3634,0.0064,0.6302
HEARTS FOUR DIAMONDS NINE,0.3906,0.046,0.5634
HEARTS FIVE DIAMONDS NINE,0.385,0.0406,0.5744
SPADES ACE CLUBS FOUR,0.3534,0.004,0.6426
DIAMONDS QUEEN DIAMONDS NINE,0.3626,0.012,0.6254
HEARTS TWO DIAMONDS NINE,0.314,0.1038,0.5822
SPADES KING CLUBS FOUR,0.378,0.0106,0.6114
DIAMONDS KING DIAMONDS NINE,0.3616,0.008,0.6304
HEARTS THREE DIAMONDS NINE,0.3016,0.108,0.5904
SPADES QUEEN CLUBS FOUR,0.3754,0.014,0.6106
DIAMONDS NINE DIAMONDS JACK,0.368,0.0158,0.6162
CLUBS EIGHT SPADES NINE,0.3498,0.0396,0.6106
DIAMONDS NINE DIAMONDS TEN,0.3484,0.0246,0.627
CLUBS EIGHT SPADES EIGHT,0.1756,0.0946,0.7298
CLUBS EIGHT SPADES SEVEN,0.3484,0.0592,0.5924
CLUBS EIGHT SPADES SIX,0.3616,0.0612,0.5772
CLUBS EIGHT SPADES FIVE,0.36,0.0692,0.5708
CLUBS EIGHT SPADES FOUR,0.3698,0.0644,0.5658
CLUBS EIGHT SPADES THREE,0.2884,0.1394,0.5722
CLUBS EIGHT SPADES TWO,0.2816,0.1382,0.5802
HEARTS SIX DIAMONDS TEN,0.39,0.0282,0.5818
DIAMONDS TEN HEARTS SEVEN,0.382,0.0312,0.5868
DIAMONDS TEN HEARTS EIGHT,0.3784,0.0262,0.5954
CLUBS JACK CLUBS FOUR,0.3224,0.0206,0.657
DIAMONDS TEN HEARTS NINE,0.3826,0.0206,0.5968
CLUBS TEN CLUBS FOUR,0.3346,0.0316,0.6338
CLUBS FOUR CLUBS KING,0.3278,0.0096,0.6626
CLUBS FOUR CLUBS QUEEN,0.3088,0.0166,0.6746
CLUBS FOUR CLUBS ACE,0.3138,0.0068,0.6794
DIAMONDS JACK DIAMONDS TEN,0.3578,0.0134,0.6288
DIAMONDS QUEEN DIAMONDS TEN,0.348,0.0118,0.6402
HEARTS TWO DIAMONDS TEN,0.2972,0.0752,0.6276
DIAMONDS KING DIAMONDS TEN,0.3646,0.0082,0.6272
HEARTS THREE DIAMONDS TEN,0.3068,0.0734,0.6198
DIAMONDS ACE DIAMONDS TEN,0.3584,0.0046,0.637
HEARTS FOUR DIAMONDS TEN,0.3952,0.0294,0.5754
CLUBS EIGHT HEARTS JACK,0.3692,0.0154,0.6154
HEARTS FIVE DIAMONDS TEN,0.3826,0.028,0.5894
CLUBS EIGHT HEARTS TEN,0.3582,0.0262,0.6156
CLUBS EIGHT HEARTS QUEEN,0.3808,0.0116,0.6076
CLUBS EIGHT HEARTS KING,0.3736,0.0094,0.617
CLUBS EIGHT HEARTS ACE,0.369,0.0042,0.6268
CLUBS NINE SPADES THREE,0.2782,0.0992,0.6226
CLUBS NINE SPADES TWO,0.2688,0.104,0.6272
CLUBS NINE SPADES FIVE,0.3714,0.0502,0.5784
CLUBS NINE SPADES FOUR,0.3706,0.0552,0.5742
CLUBS NINE SPADES SEVEN,0.3604,0.0404,0.5992
CLUBS NINE SPADES SIX,0.3736,0.0396,0.5868
CLUBS NINE SPADES NINE,0.1678,0.0802,0.752
CLUBS TEN HEARTS EIGHT,0.3654,0.0276,0.607
CLUBS NINE SPADES EIGHT,0.3748,0.0312,0.594
CLUBS JACK HEARTS EIGHT,0.3578,0.019,0.6232
CLUBS QUEEN HEARTS EIGHT,0.3732,0.013,0.6138
CLUBS KING HEARTS EIGHT,0.3736,0.0072,0.6192
CLUBS ACE HEARTS EIGHT,0.3738,0.0062,0.62
SPADES KING CLUBS KING,0.1644,0.0202,0.8154
SPADES QUEEN CLUBS KING,0.368,0.0086,0.6234
SPADES ACE CLUBS KING,0.3724,0.0054,0.6222
DIAMONDS ACE HEARTS TEN,0.3708,0.0042,0.625
HEARTS FOUR HEARTS TEN,0.3628,0.03,0.6072
DIAMONDS ACE HEARTS JACK,0.3952,0.0036,0.6012
HEARTS FOUR HEARTS JACK,0.3618,0.0188,0.6194
SPADES KING CLUBS FIVE,0.3634,0.0096,0.627
SPADES QUEEN CLUBS FIVE,0.37,0.0166,0.6134
SPADES ACE CLUBS FIVE,0.363,0.0084,0.6286
DIAMONDS JACK HEARTS SEVEN,0.3964,0.0202,0.5834
HEARTS SIX DIAMONDS JACK,0.3818,0.0216,0.5966
DIAMONDS JACK HEARTS NINE,0.3796,0.0172,0.6032
DIAMONDS JACK HEARTS EIGHT,0.381,0.0184,0.6006
DIAMONDS KING DIAMONDS JACK,0.3568,0.0084,0.6348
HEARTS THREE DIAMONDS JACK,0.3072,0.0586,0.6342
SPADES ACE SPADES SIX,0.363,0.0068,0.6302
HEARTS ACE SPADES FOUR,0.3768,0.0058,0.6174
DIAMONDS QUEEN DIAMONDS JACK,0.356,0.012,0.632
HEARTS TWO DIAMONDS JACK,0.311,0.053,0.636
HEARTS FIVE DIAMONDS JACK,0.3722,0.0228,0.605
SPADES QUEEN SPADES SIX,0.3694,0.0124,0.6182
SPADES FOUR HEARTS QUEEN,0.3874,0.013,0.5996
DIAMONDS ACE DIAMONDS JACK,0.346,0.0064,0.6476
HEARTS FOUR DIAMONDS JACK,0.3884,0.0174,0.5942
SPADES KING SPADES SIX,0.3654,0.0086,0.626
HEARTS KING SPADES FOUR,0.3772,0.0104,0.6124
SPADES TEN SPADES SIX,0.366,0.0272,0.6068
SPADES JACK SPADES SIX,0.3656,0.0174,0.617
SPADES FOUR DIAMONDS JACK,0.3792,0.0144,0.6064
SPADES FIVE DIAMONDS JACK,0.3804,0.0218,0.5978
DIAMONDS JACK SPADES TWO,0.3082,0.0506,0.6412
DIAMONDS JACK SPADES THREE,0.2988,0.0592,0.642
SPADES ACE DIAMONDS THREE,0.2826,0.0212,0.6962
CLUBS EIGHT DIAMONDS JACK,0.3664,0.0146,0.619
SPADES QUEEN DIAMONDS THREE,0.2882,0.0462,0.6656
SPADES KING DIAMONDS THREE,0.302,0.0322,0.6658
CLUBS NINE DIAMONDS JACK,0.3702,0.0168,0.613
CLUBS SIX DIAMONDS JACK,0.358,0.0208,0.6212
CLUBS SEVEN DIAMONDS JACK,0.3738,0.0184,0.6078
CLUBS FOUR DIAMONDS JACK,0.3728,0.0188,0.6084
CLUBS FIVE DIAMONDS JACK,0.3796,0.0232,0.5972
SPADES TEN CLUBS FIVE,0.368,0.032,0.6
HEARTS SIX SPADES JACK,0.3934,0.018,0.5886
HEARTS SIX SPADES TEN,0.3916,0.0246,0.5838
SPADES JACK CLUBS FIVE,0.3702,0.0198,0.61
SPADES JACK DIAMONDS THREE,0.291,0.049,0.66
CLUBS SEVEN CLUBS ACE,0.3188,0.0066,0.6746
DIAMONDS THREE SPADES TEN,0.2836,0.0766,0.6398
CLUBS SEVEN CLUBS QUEEN,0.3166,0.0136,0.6698
CLUBS SEVEN CLUBS KING,0.3234,0.01,0.6666
SPADES NINE DIAMONDS JACK,0.3808,0.0148,0.6044
CLUBS TEN CLUBS SEVEN,0.3144,0.0272,0.6584
DIAMONDS ACE HEARTS ACE,0.1816,0.0036,0.8148
HEARTS FOUR HEARTS ACE,0.3538,0.0048,0.6414
SPADES EIGHT DIAMONDS JACK,0.3766,0.0186,0.6048
SPADES ACE HEARTS SIX,0.3892,0.0042,0.6066
CLUBS JACK CLUBS SEVEN,0.3218,0.0194,0.6588
DIAMONDS ACE HEARTS KING,0.3888,0.0046,0.6066
HEARTS FOUR HEARTS KING,0.353,0.0098,0.6372
SPADES SEVEN DIAMONDS JACK,0.392,0.0208,0.5872
SPADES KING HEARTS SIX,0.3974,0.0082,0.5944
DIAMONDS ACE HEARTS QUEEN,0.3834,0.0048,0.6118
HEARTS FOUR HEARTS QUEEN,0.358,0.0132,0.6288
SPADES QUEEN HEARTS SIX,0.3842,0.012,0.6038
SPADES SIX DIAMONDS JACK,0.402,0.0198,0.5782
DIAMONDS TEN SPADES TWO,0.3032,0.0736,0.6232
SPADES THREE DIAMONDS TEN,0.2968,0.0824,0.6208
SPADES FOUR DIAMONDS TEN,0.3786,0.0298,0.5916
SPADES FIVE DIAMONDS TEN,0.3796,0.0306,0.5898
SPADES SIX DIAMONDS TEN,0.3954,0.0262,0.5784
SPADES SEVEN DIAMONDS TEN,0.3848,0.025,0.5902
SPADES EIGHT DIAMONDS TEN,0.3674,0.0242,0.6084
SPADES NINE DIAMONDS TEN,0.3798,0.02,0.6002
CLUBS FOUR DIAMONDS TEN,0.375,0.0328,0.5922
CLUBS FIVE DIAMONDS TEN,0.3722,0.0324,0.5954
CLUBS SIX DIAMONDS TEN,0.3666,0.0282,0.6052
CLUBS SEVEN DIAMONDS TEN,0.3586,0.0256,0.6158
CLUBS EIGHT DIAMONDS TEN,0.3654,0.0304,0.6042
CLUBS NINE DIAMONDS TEN,0.3618,0.026,0.6122
CLUBS JACK DIAMONDS THREE,0.28,0.0556,0.6644
CLUBS TEN DIAMONDS THREE,0.2798,0.0842,0.636
DIAMONDS THREE CLUBS KING,0.273,0.03,0.697
DIAMONDS THREE CLUBS QUEEN,0.2858,0.0428,0.6714
DIAMONDS THREE CLUBS ACE,0.263,0.019,0.718
SPADES FOUR HEARTS JACK,0.3978,0.0184,0.5838
SPADES FOUR HEARTS TEN,0.402,0.042,0.556
SPADES FIVE SPADES TWO,0.246,0.341,0.413
SPADES FOUR SPADES TWO,0.25,0.4544,0.2956
SPADES THREE SPADES TWO,0.0676,0.8622,0.0702
SPADES NINE SPADES TWO,0.2828,0.098,0.6192
SPADES EIGHT SPADES TWO,0.2838,0.1338,0.5824
SPADES SEVEN SPADES TWO,0.2808,0.1796,0.5396
SPADES SIX SPADES TWO,0.276,0.249,0.475
DIAMONDS QUEEN HEARTS SEVEN,0.3826,0.0132,0.6042
HEARTS TWO HEARTS SEVEN,0.2886,0.1814,0.53
HEARTS SIX DIAMONDS QUEEN,0.3972,0.0118,0.591
HEARTS SIX HEARTS TWO,0.2758,0.2416,0.4826
DIAMONDS QUEEN HEARTS NINE,0.3932,0.0132,0.5936
HEARTS TWO HEARTS NINE,0.2938,0.0952,0.611
DIAMONDS QUEEN HEARTS EIGHT,0.373,0.0116,0.6154
HEARTS TWO HEARTS EIGHT,0.2846,0.1294,0.586
CLUBS NINE HEARTS TWO,0.2938,0.1024,0.6038
CLUBS NINE DIAMONDS QUEEN,0.3766,0.0124,0.611
CLUBS EIGHT DIAMONDS QUEEN,0.3708,0.0092,0.62
CLUBS EIGHT HEARTS TWO,0.2922,0.1424,0.5654
DIAMONDS QUEEN CLUBS FIVE,0.3828,0.0152,0.602
HEARTS TWO CLUBS FIVE,0.2544,0.3566,0.389
SPADES EIGHT HEARTS ACE,0.3852,0.0044,0.6104
DIAMONDS QUEEN CLUBS FOUR,0.3602,0.0166,0.6232
CLUBS FOUR HEARTS TWO,0.27,0.4706,0.2594
CLUBS SEVEN DIAMONDS QUEEN,0.3696,0.0144,0.616
CLUBS SEVEN HEARTS TWO,0.2784,0.1898,0.5318
SPADES EIGHT HEARTS QUEEN,0.3764,0.0138,0.6098
CLUBS SIX DIAMONDS QUEEN,0.377,0.0144,0.6086
CLUBS SIX HEARTS TWO,0.2734,0.2604,0.4662
SPADES EIGHT HEARTS KING,0.3856,0.0088,0.6056
HEARTS TWO SPADES SIX,0.2962,0.2626,0.4412
DIAMONDS QUEEN SPADES SIX,0.4032,0.0148,0.582
HEARTS FOUR CLUBS QUEEN,0.3628,0.0168,0.6204
DIAMONDS ACE CLUBS QUEEN,0.369,0.0052,0.6258
DIAMONDS QUEEN SPADES SEVEN,0.3986,0.0142,0.5872
HEARTS TWO SPADES SEVEN,0.2888,0.184,0.5272
HEARTS FOUR CLUBS KING,0.3594,0.0102,0.6304
DIAMONDS ACE CLUBS KING,0.3754,0.0056,0.619
DIAMONDS QUEEN SPADES EIGHT,0.3924,0.0116,0.596
SPADES EIGHT HEARTS TWO,0.3034,0.141,0.5556
HEARTS FOUR CLUBS ACE,0.3466,0.005,0.6484
DIAMONDS ACE CLUBS ACE,0.1546,0.008,0.8374
SPADES NINE DIAMONDS QUEEN,0.3764,0.011,0.6126
SPADES NINE HEARTS TWO,0.3016,0.1034,0.595
HEARTS TWO SPADES TWO,0.2634,0.1406,0.596
DIAMONDS QUEEN SPADES TWO,0.3128,0.0388,0.6484
HEARTS TWO SPADES THREE,0.0726,0.9086,0.0188
DIAMONDS QUEEN SPADES THREE,0.2932,0.044,0.6628
HEARTS TWO SPADES FOUR,0.2726,0.476,0.2514
DIAMONDS QUEEN SPADES FOUR,0.3892,0.0114,0.5994
CLUBS TEN HEARTS FOUR,0.3762,0.0338,0.59
CLUBS TEN DIAMONDS ACE,0.3604,0.006,0.6336
HEARTS TWO SPADES FIVE,0.2718,0.3616,0.3666
DIAMONDS QUEEN SPADES FIVE,0.3926,0.0146,0.5928
HEARTS FOUR CLUBS JACK,0.3732,0.0208,0.606
CLUBS JACK DIAMONDS ACE,0.3662,0.0074,0.6264
CLUBS FIVE CLUBS KING,0.337,0.0108,0.6522
CLUBS FIVE CLUBS QUEEN,0.3206,0.0146,0.6648
CLUBS FIVE CLUBS ACE,0.3058,0.0082,0.686
CLUBS JACK CLUBS FIVE,0.3346,0.0208,0.6446
CLUBS TEN CLUBS FIVE,0.336,0.0326,0.6314
SPADES KING CLUBS JACK,0.3738,0.0076,0.6186
CLUBS JACK SPADES QUEEN,0.3632,0.0134,0.6234
SPADES ACE CLUBS JACK,0.3512,0.0052,0.6436
SPADES SIX CLUBS KING,0.3796,0.0108,0.6096
SPADES SIX CLUBS QUEEN,0.3732,0.0118,0.615
SPADES EIGHT HEARTS JACK,0.3776,0.0174,0.605
SPADES SIX CLUBS ACE,0.3654,0.0076,0.627
SPADES EIGHT HEARTS TEN,0.3662,0.0256,0.6082
CLUBS JACK SPADES SIX,0.3824,0.0182,0.5994
CLUBS TEN SPADES SIX,0.389,0.0306,0.5804
CLUBS JACK SPADES TEN,0.3634,0.0158,0.6208
CLUBS JACK SPADES JACK,0.1732,0.0508,0.776
SPADES QUEEN CLUBS SEVEN,0.379,0.0146,0.6064
SPADES KING CLUBS SEVEN,0.365,0.0078,0.6272
SPADES ACE CLUBS SEVEN,0.373,0.0054,0.6216
SPADES SIX HEARTS TEN,0.3874,0.0308,0.5818
SPADES SIX HEARTS JACK,0.3998,0.0202,0.58
SPADES SIX HEARTS ACE,0.3644,0.004,0.6316
SPADES SIX HEARTS KING,0.3884,0.009,0.6026
SPADES SIX HEARTS QUEEN,0.3902,0.0152,0.5946
SPADES JACK CLUBS SEVEN,0.3664,0.0198,0.6138
SPADES TEN CLUBS SEVEN,0.3578,0.0282,0.614
CLUBS TEN HEARTS SIX,0.3712,0.0298,0.599
CLUBS JACK HEARTS SIX,0.378,0.0214,0.6006
CLUBS JACK CLUBS ACE,0.3286,0.0064,0.665
HEARTS SIX CLUBS QUEEN,0.3738,0.0124,0.6138
HEARTS SIX CLUBS KING,0.367,0.0084,0.6246
HEARTS SIX CLUBS ACE,0.369,0.0062,0.6248
CLUBS JACK CLUBS QUEEN,0.3216,0.0114,0.667
CLUBS JACK CLUBS KING,0.3158,0.0098,0.6744
DIAMONDS THREE HEARTS ACE,0.2828,0.019,0.6982
DIAMONDS THREE HEARTS QUEEN,0.3042,0.0376,0.6582
DIAMONDS THREE HEARTS KING,0.2982,0.0298,0.672
CLUBS FIVE HEARTS JACK,0.3704,0.0242,0.6054
SPADES TEN DIAMONDS ACE,0.3816,0.005,0.6134
HEARTS FOUR SPADES TEN,0.3908,0.0314,0.5778
CLUBS FIVE HEARTS TEN,0.3824,0.031,0.5866
HEARTS FOUR SPADES JACK,0.3884,0.0212,0.5904
SPADES JACK DIAMONDS ACE,0.3792,0.0046,0.6162
SPADES ACE HEARTS FOUR,0.3756,0.005,0.6194
SPADES ACE DIAMONDS ACE,0.187,0.0066,0.8064
CLUBS FIVE HEARTS ACE,0.344,0.0054,0.6506
CLUBS FIVE HEARTS KING,0.3784,0.0114,0.6102
HEARTS FOUR SPADES QUEEN,0.3894,0.0126,0.598
SPADES QUEEN DIAMONDS ACE,0.3786,0.0046,0.6168
CLUBS JACK SPADES FOUR,0.3676,0.0214,0.611
CLUBS FIVE HEARTS QUEEN,0.3582,0.0148,0.627
SPADES KING DIAMONDS ACE,0.3864,0.0038,0.6098
HEARTS FOUR SPADES KING,0.385,0.0084,0.6066
CLUBS TEN SPADES FOUR,0.377,0.0312,0.5918
DIAMONDS QUEEN DIAMONDS ACE,0.3576,0.005,0.6374
HEARTS TWO DIAMONDS ACE,0.2806,0.0158,0.7036
HEARTS FOUR DIAMONDS QUEEN,0.3804,0.0152,0.6044
HEARTS FOUR HEARTS TWO,0.2594,0.4496,0.291
DIAMONDS THREE HEARTS TEN,0.3004,0.0742,0.6254
SPADES FOUR CLUBS KING,0.3774,0.01,0.6126
HEARTS FIVE DIAMONDS QUEEN,0.3764,0.0164,0.6072
HEARTS FIVE HEARTS TWO,0.2634,0.3218,0.4148
DIAMONDS THREE HEARTS JACK,0.297,0.0566,0.6464
SPADES FOUR CLUBS QUEEN,0.3666,0.0166,0.6168
DIAMONDS QUEEN HEARTS TWO,0.3088,0.0366,0.6546
DIAMONDS KING DIAMONDS QUEEN,0.3558,0.007,0.6372
DIAMONDS KING HEARTS TWO,0.2986,0.028,0.6734
HEARTS THREE DIAMONDS QUEEN,0.3046,0.0422,0.6532
HEARTS THREE HEARTS TWO,0.0746,0.8588,0.0666
SPADES FOUR CLUBS ACE,0.3596,0.0082,0.6322
HEARTS TWO CLUBS ACE,0.2656,0.0176,0.7168
DIAMONDS QUEEN CLUBS ACE,0.3748,0.005,0.6202
HEARTS TWO CLUBS QUEEN,0.283,0.0396,0.6774
DIAMONDS QUEEN CLUBS QUEEN,0.1794,0.0354,0.7852
HEARTS TWO CLUBS KING,0.288,0.029,0.683
DIAMONDS QUEEN CLUBS KING,0.3584,0.0092,0.6324
SPADES EIGHT SPADES FIVE,0.3636,0.0668,0.5696
CLUBS TEN HEARTS TWO,0.2902,0.0718,0.638
CLUBS TEN DIAMONDS QUEEN,0.3626,0.0102,0.6272
SPADES NINE SPADES FIVE,0.3422,0.0428,0.615
CLUBS JACK HEARTS TWO,0.2886,0.0546,0.6568
CLUBS JACK DIAMONDS QUEEN,0.361,0.0102,0.6288
SPADES SIX SPADES FIVE,0.3356,0.1308,0.5336
SPADES SEVEN SPADES FIVE,0.3504,0.0988,0.5508
DIAMONDS FIVE CLUBS QUEEN,0.3674,0.0156,0.617
SPADES EIGHT CLUBS ACE,0.3684,0.0042,0.6274
DIAMONDS FIVE CLUBS KING,0.3594,0.0108,0.6298
SPADES EIGHT CLUBS KING,0.3728,0.0072,0.62
DIAMONDS FIVE CLUBS ACE,0.3536,0.0054,0.641
SPADES EIGHT CLUBS QUEEN,0.3622,0.0112,0.6266
CLUBS JACK SPADES EIGHT,0.3698,0.019,0.6112
CLUBS TEN SPADES EIGHT,0.3664,0.03,0.6036
CLUBS TEN DIAMONDS FIVE,0.3734,0.0248,0.6018
CLUBS JACK DIAMONDS FIVE,0.373,0.0198,0.6072
HEARTS JACK DIAMONDS TEN,0.3768,0.0156,0.6076
DIAMONDS TEN HEARTS TEN,0.2012,0.0684,0.7304
SPADES ACE CLUBS NINE,0.3724,0.0038,0.6238
SPADES QUEEN CLUBS NINE,0.3598,0.012,0.6282
SPADES KING CLUBS NINE,0.3768,0.0088,0.6144
HEARTS SIX HEARTS KING,0.3596,0.0092,0.6312
DIAMONDS KING SPADES SEVEN,0.395,0.007,0.598
HEARTS THREE SPADES SEVEN,0.2866,0.1822,0.5312
SPADES KING DIAMONDS SEVEN,0.3822,0.0064,0.6114
HEARTS SIX HEARTS QUEEN,0.358,0.0128,0.6292
SPADES QUEEN DIAMONDS SEVEN,0.3854,0.0148,0.5998
HEARTS THREE SPADES SIX,0.2938,0.2394,0.4668
DIAMONDS KING SPADES SIX,0.3892,0.0094,0.6014
DIAMONDS KING SPADES NINE,0.3816,0.0088,0.6096
HEARTS THREE SPADES NINE,0.3044,0.101,0.5946
HEARTS SIX HEARTS ACE,0.3634,0.0054,0.6312
