opposingHand,winningChance,drawChance,lostChance
CLUBS EIGHT HEARTS FOUR
HEARTS FIVE SPADES TEN,0.3628,0.0304,0.6068
HEARTS FIVE SPADES JACK,0.3492,0.0216,0.6292
CLUBS JACK SPADES FIVE,0.3554,0.0176,0.627
CLUBS TEN SPADES FIVE,0.3592,0.0302,0.6106
SPADES FIVE CLUBS ACE,0.3396,0.0056,0.6548
SPADES FIVE CLUBS KING,0.36,0.007,0.633
SPADES FIVE CLUBS QUEEN,0.357,0.0146,0.6284
DIAMONDS TWO DIAMONDS THREE,0.5596,0.0706,0.3698
DIAMONDS TWO DIAMONDS FIVE,0.5354,0.0676,0.397
HEARTS FIVE SPADES KING,0.3562,0.0074,0.6364
DIAMONDS TWO DIAMONDS FOUR,0.573,0.1364,0.2906
HEARTS FIVE SPADES QUEEN,0.3574,0.0174,0.6252
DIAMONDS TWO DIAMONDS SEVEN,0.568,0.0696,0.3624
DIAMONDS TWO DIAMONDS SIX,0.5474,0.0628,0.3898
SPADES ACE HEARTS FIVE,0.3566,0.0042,0.6392
DIAMONDS TWO DIAMONDS NINE,0.381,0.0426,0.5764
DIAMONDS TWO DIAMONDS EIGHT,0.2682,0.4644,0.2674
DIAMONDS THREE DIAMONDS FOUR,0.5674,0.1408,0.2918
CLUBS TWO SPADES FOUR,0.5968,0.145,0.2582
DIAMONDS THREE DIAMONDS FIVE,0.5254,0.0626,0.412
SPADES FIVE CLUBS TWO,0.5696,0.0692,0.3612
CLUBS TWO SPADES TWO,0.3696,0.1056,0.5248
CLUBS TWO SPADES THREE,0.5922,0.0672,0.3406
DIAMONDS THREE DIAMONDS EIGHT,0.2514,0.493,0.2556
SPADES EIGHT CLUBS TWO,0.2814,0.5092,0.2094
DIAMONDS THREE DIAMONDS NINE,0.3878,0.0442,0.568
SPADES NINE CLUBS TWO,0.4064,0.0434,0.5502
DIAMONDS THREE DIAMONDS SIX,0.5372,0.0646,0.3982
SPADES SIX CLUBS TWO,0.5876,0.0686,0.3438
DIAMONDS THREE DIAMONDS SEVEN,0.5464,0.059,0.3946
SPADES SEVEN CLUBS TWO,0.6068,0.065,0.3282
CLUBS SIX CLUBS TWO,0.5714,0.0628,0.3658
CLUBS SEVEN CLUBS TWO,0.5616,0.0636,0.3748
CLUBS FOUR CLUBS TWO,0.5716,0.1506,0.2778
CLUBS FIVE CLUBS TWO,0.5486,0.0656,0.3858
CLUBS TEN CLUBS JACK,0.3024,0.0152,0.6824
DIAMONDS FOUR DIAMONDS SIX,0.562,0.1298,0.3082
CLUBS TEN CLUBS QUEEN,0.3094,0.0092,0.6814
DIAMONDS FOUR DIAMONDS SEVEN,0.5718,0.1314,0.2968
CLUBS TEN CLUBS KING,0.3106,0.0068,0.6826
CLUBS TEN CLUBS ACE,0.3208,0.0072,0.672
DIAMONDS FIVE DIAMONDS FOUR,0.5446,0.1334,0.322
CLUBS NINE CLUBS TWO,0.3722,0.0452,0.5826
DIAMONDS NINE DIAMONDS FOUR,0.2496,0.0994,0.651
DIAMONDS EIGHT DIAMONDS FOUR,0.0192,0.9056,0.0752
CLUBS THREE CLUBS TWO,0.5682,0.0706,0.3612
DIAMONDS NINE DIAMONDS FIVE,0.3366,0.0444,0.619
CLUBS JACK DIAMONDS TWO,0.4022,0.017,0.5808
DIAMONDS EIGHT DIAMONDS FIVE,0.2092,0.4204,0.3704
CLUBS TEN DIAMONDS TWO,0.4036,0.0276,0.5688
DIAMONDS FIVE DIAMONDS SEVEN,0.503,0.0606,0.4364
DIAMONDS FIVE DIAMONDS SIX,0.476,0.0604,0.4636
DIAMONDS TWO CLUBS ACE,0.399,0.0058,0.5952
DIAMONDS TWO CLUBS KING,0.3974,0.0092,0.5934
DIAMONDS TWO CLUBS QUEEN,0.4084,0.0124,0.5792
DIAMONDS EIGHT DIAMONDS SIX,0.2076,0.3502,0.4422
DIAMONDS NINE DIAMONDS SIX,0.327,0.0444,0.6286
HEARTS ACE SPADES THREE,0.3912,0.0054,0.6034
SPADES THREE HEARTS KING,0.3998,0.0088,0.5914
DIAMONDS SEVEN DIAMONDS SIX,0.4872,0.0556,0.4572
HEARTS QUEEN SPADES THREE,0.4002,0.0112,0.5886
SPADES THREE HEARTS JACK,0.4062,0.0208,0.573
SPADES THREE HEARTS TEN,0.4008,0.03,0.5692
DIAMONDS EIGHT DIAMONDS SEVEN,0.2118,0.2724,0.5158
DIAMONDS NINE DIAMONDS SEVEN,0.3096,0.0426,0.6478
DIAMONDS NINE DIAMONDS EIGHT,0.2174,0.1018,0.6808
DIAMONDS KING HEARTS TEN,0.3342,0.0074,0.6584
HEARTS THREE HEARTS TEN,0.3796,0.0262,0.5942
SPADES JACK CLUBS SIX,0.3686,0.0192,0.6122
DIAMONDS KING HEARTS JACK,0.3272,0.0048,0.668
HEARTS THREE HEARTS JACK,0.3794,0.023,0.5976
SPADES TEN CLUBS SIX,0.3718,0.0292,0.599
SPADES JACK SPADES FIVE,0.3438,0.0204,0.6358
SPADES TEN SPADES FIVE,0.3466,0.027,0.6264
DIAMONDS KING HEARTS ACE,0.3398,0.0042,0.656
HEARTS THREE HEARTS ACE,0.3776,0.0056,0.6168
SPADES ACE CLUBS SIX,0.3606,0.0026,0.6368
DIAMONDS KING HEARTS QUEEN,0.3312,0.0062,0.6626
HEARTS THREE HEARTS QUEEN,0.378,0.0138,0.6082
SPADES KING CLUBS SIX,0.3688,0.0064,0.6248
DIAMONDS KING HEARTS KING,0.1416,0.0162,0.8422
HEARTS THREE HEARTS KING,0.368,0.007,0.625
SPADES QUEEN CLUBS SIX,0.369,0.0138,0.6172
SPADES NINE HEARTS TEN,0.3054,0.022,0.6726
SPADES NINE HEARTS JACK,0.3148,0.0188,0.6664
SPADES QUEEN SPADES FIVE,0.3514,0.0144,0.6342
SPADES KING SPADES FIVE,0.3336,0.0098,0.6566
SPADES ACE SPADES FIVE,0.335,0.004,0.661
SPADES NINE HEARTS QUEEN,0.3314,0.011,0.6576
SPADES NINE HEARTS KING,0.3262,0.0074,0.6664
SPADES NINE HEARTS ACE,0.3378,0.0038,0.6584
CLUBS TEN SPADES JACK,0.3198,0.0142,0.666
CLUBS TEN SPADES TEN,0.1494,0.0484,0.8022
SPADES ACE CLUBS TEN,0.334,0.0054,0.6606
CLUBS TEN SPADES KING,0.3228,0.005,0.6722
CLUBS TEN SPADES QUEEN,0.3172,0.0108,0.672
SPADES FIVE HEARTS QUEEN,0.3694,0.0142,0.6164
SPADES FIVE HEARTS KING,0.3532,0.0068,0.64
HEARTS ACE SPADES FIVE,0.3558,0.0046,0.6396
HEARTS THREE SPADES JACK,0.414,0.0212,0.5648
SPADES JACK DIAMONDS KING,0.3394,0.0058,0.6548
SPADES TEN DIAMONDS KING,0.3358,0.008,0.6562
HEARTS THREE SPADES TEN,0.4132,0.0284,0.5584
CLUBS SIX HEARTS ACE,0.362,0.007,0.631
HEARTS FIVE CLUBS JACK,0.3618,0.0198,0.6184
CLUBS TEN HEARTS FIVE,0.3608,0.0274,0.6118
CLUBS SIX HEARTS QUEEN,0.3656,0.0142,0.6202
CLUBS TEN SPADES THREE,0.3954,0.0266,0.578
CLUBS SIX HEARTS KING,0.371,0.0094,0.6196
CLUBS JACK SPADES THREE,0.3994,0.0166,0.584
DIAMONDS TWO HEARTS JACK,0.3974,0.022,0.5806
SPADES THREE CLUBS QUEEN,0.3986,0.0148,0.5866
DIAMONDS TWO HEARTS TEN,0.3884,0.029,0.5826
SPADES THREE CLUBS KING,0.3946,0.008,0.5974
HEARTS FIVE CLUBS ACE,0.342,0.0036,0.6544
SPADES FIVE HEARTS TEN,0.367,0.0308,0.6022
SPADES THREE CLUBS ACE,0.3934,0.0062,0.6004
HEARTS FIVE CLUBS KING,0.3532,0.0076,0.6392
SPADES FIVE HEARTS JACK,0.3594,0.0216,0.619
HEARTS FIVE CLUBS QUEEN,0.3552,0.0132,0.6316
HEARTS THREE CLUBS KING,0.4046,0.0096,0.5858
DIAMONDS KING CLUBS KING,0.1382,0.0182,0.8436
HEARTS THREE CLUBS QUEEN,0.4014,0.0156,0.583
DIAMONDS KING CLUBS QUEEN,0.3378,0.0066,0.6556
HEARTS FIVE HEARTS JACK,0.3466,0.0162,0.6372
HEARTS FIVE HEARTS TEN,0.3304,0.0292,0.6404
HEARTS THREE CLUBS ACE,0.3994,0.006,0.5946
DIAMONDS KING CLUBS ACE,0.3402,0.004,0.6558
SPADES ACE CLUBS QUEEN,0.3344,0.0066,0.659
SPADES KING CLUBS QUEEN,0.327,0.0046,0.6684
CLUBS JACK HEARTS THREE,0.4072,0.0196,0.5732
CLUBS JACK DIAMONDS KING,0.3336,0.0072,0.6592
SPADES QUEEN CLUBS QUEEN,0.139,0.027,0.834
CLUBS TEN HEARTS THREE,0.3976,0.0306,0.5718
CLUBS TEN DIAMONDS KING,0.3318,0.0058,0.6624
SPADES JACK CLUBS QUEEN,0.328,0.0106,0.6614
CLUBS SIX CLUBS QUEEN,0.343,0.0126,0.6444
SPADES TEN CLUBS QUEEN,0.3258,0.0104,0.6638
CLUBS SIX CLUBS KING,0.346,0.0086,0.6454
CLUBS SIX CLUBS ACE,0.347,0.006,0.647
HEARTS FIVE HEARTS KING,0.3398,0.0088,0.6514
HEARTS FIVE HEARTS QUEEN,0.356,0.0134,0.6306
CLUBS TEN CLUBS SIX,0.3278,0.0278,0.6444
HEARTS FIVE HEARTS ACE,0.3424,0.0038,0.6538
CLUBS JACK CLUBS SIX,0.3586,0.0174,0.624
SPADES SEVEN HEARTS JACK,0.3614,0.0206,0.618
SPADES SEVEN HEARTS TEN,0.3414,0.0222,0.6364
DIAMONDS TWO CLUBS TWO,0.3736,0.1058,0.5206
DIAMONDS TWO CLUBS THREE,0.6018,0.0718,0.3264
DIAMONDS TWO HEARTS SIX,0.589,0.0664,0.3446
DIAMONDS TWO HEARTS QUEEN,0.3994,0.0126,0.588
HEARTS SEVEN DIAMONDS TWO,0.597,0.0638,0.3392
DIAMONDS TWO HEARTS KING,0.397,0.0088,0.5942
DIAMONDS TWO HEARTS EIGHT,0.2754,0.5102,0.2144
DIAMONDS TWO HEARTS ACE,0.3858,0.0048,0.6094
DIAMONDS TWO HEARTS NINE,0.385,0.0414,0.5736
DIAMONDS TWO DIAMONDS QUEEN,0.376,0.0142,0.6098
DIAMONDS TWO HEARTS TWO,0.3666,0.101,0.5324
DIAMONDS TWO DIAMONDS KING,0.3674,0.0102,0.6224
HEARTS THREE DIAMONDS TWO,0.6028,0.0692,0.328
DIAMONDS TWO DIAMONDS ACE,0.3608,0.0038,0.6354
HEARTS FIVE DIAMONDS TWO,0.5562,0.0682,0.3756
SPADES SEVEN HEARTS ACE,0.3656,0.0054,0.629
DIAMONDS TWO DIAMONDS TEN,0.387,0.0252,0.5878
SPADES SEVEN HEARTS KING,0.3664,0.0078,0.6258
DIAMONDS TWO DIAMONDS JACK,0.3912,0.0202,0.5886
SPADES SEVEN HEARTS QUEEN,0.3752,0.0118,0.613
DIAMONDS TWO SPADES NINE,0.4,0.0442,0.5558
DIAMONDS TWO SPADES EIGHT,0.2872,0.4916,0.2212
DIAMONDS TWO SPADES SEVEN,0.5964,0.0678,0.3358
DIAMONDS TWO SPADES SIX,0.579,0.0642,0.3568
DIAMONDS TWO SPADES FIVE,0.5576,0.0732,0.3692
DIAMONDS TWO SPADES FOUR,0.598,0.1452,0.2568
DIAMONDS TWO SPADES THREE,0.5874,0.0718,0.3408
DIAMONDS TWO SPADES TWO,0.3738,0.1018,0.5244
DIAMONDS TWO CLUBS NINE,0.3986,0.0434,0.558
CLUBS SEVEN DIAMONDS TWO,0.6024,0.0664,0.3312
DIAMONDS TWO CLUBS SIX,0.5946,0.0692,0.3362
DIAMONDS TWO CLUBS FIVE,0.5632,0.0678,0.369
DIAMONDS TWO CLUBS FOUR,0.6016,0.1524,0.246
CLUBS FOUR SPADES FIVE,0.5692,0.1482,0.2826
CLUBS FOUR SPADES FOUR,0.2762,0.0822,0.6416
CLUBS FOUR SPADES THREE,0.5992,0.145,0.2558
CLUBS FOUR SPADES TWO,0.6044,0.151,0.2446
SPADES NINE CLUBS FOUR,0.249,0.098,0.653
SPADES EIGHT CLUBS FOUR,0.0186,0.969,0.0124
SPADES SEVEN CLUBS FOUR,0.614,0.1432,0.2428
CLUBS FOUR SPADES SIX,0.6032,0.1432,0.2536
SPADES ACE DIAMONDS SIX,0.3786,0.0042,0.6172
SPADES QUEEN DIAMONDS SIX,0.3674,0.0124,0.6202
SPADES KING DIAMONDS SIX,0.3638,0.0094,0.6268
SPADES TEN DIAMONDS SIX,0.3512,0.0282,0.6206
SPADES JACK DIAMONDS SIX,0.3692,0.0158,0.615
SPADES QUEEN SPADES TWO,0.3836,0.0112,0.6052
SPADES KING SPADES TWO,0.3782,0.008,0.6138
SPADES ACE SPADES TWO,0.3614,0.0044,0.6342
CLUBS JACK DIAMONDS JACK,0.1506,0.037,0.8124
CLUBS TEN DIAMONDS JACK,0.3082,0.0148,0.677
DIAMONDS JACK CLUBS KING,0.3368,0.0062,0.657
DIAMONDS JACK CLUBS QUEEN,0.3288,0.0104,0.6608
DIAMONDS THREE DIAMONDS JACK,0.3758,0.02,0.6042
DIAMONDS THREE DIAMONDS TEN,0.3698,0.0284,0.6018
DIAMONDS JACK CLUBS ACE,0.338,0.0062,0.6558
DIAMONDS THREE DIAMONDS KING,0.3758,0.009,0.6152
HEARTS THREE DIAMONDS THREE,0.3626,0.1118,0.5256
DIAMONDS THREE DIAMONDS QUEEN,0.379,0.013,0.608
DIAMONDS THREE HEARTS TWO,0.5886,0.0678,0.3436
HEARTS FIVE DIAMONDS THREE,0.5668,0.0634,0.3698
DIAMONDS THREE DIAMONDS ACE,0.375,0.005,0.62
HEARTS SEVEN DIAMONDS THREE,0.5808,0.0672,0.352
SPADES TEN SPADES NINE,0.294,0.021,0.685
HEARTS SIX DIAMONDS THREE,0.5622,0.0714,0.3664
SPADES JACK SPADES NINE,0.292,0.0156,0.6924
DIAMONDS THREE HEARTS NINE,0.389,0.0472,0.5638
HEARTS JACK DIAMONDS FOUR,0.2544,0.0534,0.6922
HEARTS ACE HEARTS KING,0.3224,0.0054,0.6722
SPADES TEN SPADES TWO,0.3728,0.027,0.6002
DIAMONDS THREE HEARTS EIGHT,0.2688,0.5078,0.2234
HEARTS TEN DIAMONDS FOUR,0.244,0.0814,0.6746
SPADES JACK SPADES TWO,0.376,0.018,0.606
HEARTS QUEEN DIAMONDS FOUR,0.2502,0.0422,0.7076
HEARTS KING DIAMONDS FOUR,0.2502,0.0306,0.7192
SPADES ACE SPADES NINE,0.3192,0.0044,0.6764
HEARTS ACE DIAMONDS FOUR,0.2598,0.0166,0.7236
SPADES KING SPADES NINE,0.318,0.0058,0.6762
SPADES QUEEN SPADES NINE,0.3122,0.0098,0.678
DIAMONDS THREE SPADES NINE,0.4004,0.043,0.5566
DIAMONDS THREE SPADES EIGHT,0.2742,0.5034,0.2224
DIAMONDS THREE SPADES SEVEN,0.5864,0.0636,0.35
DIAMONDS THREE SPADES SIX,0.5844,0.0672,0.3484
DIAMONDS THREE CLUBS SIX,0.577,0.0768,0.3462
CLUBS FIVE CLUBS SIX,0.4872,0.068,0.4448
CLUBS ACE DIAMONDS FOUR,0.2384,0.0204,0.7412
CLUBS SEVEN DIAMONDS THREE,0.583,0.067,0.35
CLUBS SEVEN CLUBS FIVE,0.5098,0.0672,0.423
DIAMONDS THREE CLUBS FOUR,0.6162,0.145,0.2388
DIAMONDS FOUR CLUBS QUEEN,0.2414,0.0442,0.7144
DIAMONDS THREE CLUBS FIVE,0.5584,0.0686,0.373
DIAMONDS FOUR CLUBS KING,0.2476,0.0322,0.7202
DIAMONDS THREE CLUBS TWO,0.597,0.0722,0.3308
CLUBS TEN DIAMONDS FOUR,0.2488,0.0772,0.674
DIAMONDS THREE CLUBS THREE,0.364,0.1074,0.5286
CLUBS JACK DIAMONDS FOUR,0.2514,0.0606,0.688
DIAMONDS THREE SPADES FOUR,0.6062,0.1458,0.248
DIAMONDS THREE SPADES FIVE,0.5354,0.068,0.3966
DIAMONDS THREE SPADES TWO,0.5822,0.0744,0.3434
DIAMONDS THREE SPADES THREE,0.3656,0.0978,0.5366
CLUBS NINE DIAMONDS THREE,0.3936,0.0482,0.5582
SPADES SEVEN CLUBS ACE,0.3626,0.0046,0.6328
SPADES SEVEN CLUBS QUEEN,0.371,0.0112,0.6178
SPADES SEVEN CLUBS KING,0.3668,0.0088,0.6244
CLUBS FIVE SPADES SEVEN,0.5436,0.0628,0.3936
CLUBS TEN SPADES SEVEN,0.3474,0.0262,0.6264
CLUBS FIVE SPADES SIX,0.5246,0.0662,0.4092
CLUBS JACK SPADES SEVEN,0.3434,0.017,0.6396
CLUBS FIVE SPADES NINE,0.3478,0.0424,0.6098
CLUBS FIVE SPADES EIGHT,0.2208,0.4528,0.3264
CLUBS FIVE SPADES THREE,0.5724,0.066,0.3616
CLUBS FIVE SPADES TWO,0.57,0.0754,0.3546
CLUBS FIVE SPADES FIVE,0.2694,0.0968,0.6338
CLUBS FIVE SPADES FOUR,0.5778,0.1502,0.272
CLUBS NINE CLUBS FIVE,0.3506,0.042,0.6074
CLUBS ACE CLUBS QUEEN,0.3204,0.0056,0.674
CLUBS KING CLUBS QUEEN,0.3172,0.0082,0.6746
DIAMONDS TEN DIAMONDS FOUR,0.2502,0.074,0.6758
CLUBS TEN DIAMONDS NINE,0.2956,0.0212,0.6832
DIAMONDS JACK DIAMONDS FOUR,0.2316,0.057,0.7114
CLUBS JACK DIAMONDS NINE,0.3256,0.0156,0.6588
CLUBS JACK SPADES NINE,0.3174,0.0172,0.6654
CLUBS TEN SPADES NINE,0.3142,0.0232,0.6626
DIAMONDS ACE DIAMONDS FOUR,0.2366,0.0198,0.7436
DIAMONDS JACK HEARTS TEN,0.31,0.0152,0.6748
SPADES NINE CLUBS KING,0.3342,0.006,0.6598
DIAMONDS TWO SPADES TEN,0.4032,0.0278,0.569
DIAMONDS NINE CLUBS ACE,0.3388,0.0044,0.6568
HEARTS FIVE DIAMONDS FOUR,0.571,0.1482,0.2808
DIAMONDS JACK HEARTS JACK,0.1532,0.0382,0.8086
SPADES NINE CLUBS QUEEN,0.3314,0.011,0.6576
DIAMONDS TWO SPADES JACK,0.3978,0.0196,0.5826
DIAMONDS QUEEN DIAMONDS FOUR,0.2418,0.0396,0.7186
HEARTS TWO DIAMONDS FOUR,0.5988,0.1546,0.2466
DIAMONDS NINE CLUBS QUEEN,0.3334,0.0124,0.6542
DIAMONDS KING DIAMONDS FOUR,0.2344,0.0286,0.737
HEARTS THREE DIAMONDS FOUR,0.5978,0.1468,0.2554
SPADES NINE CLUBS ACE,0.3302,0.0044,0.6654
DIAMONDS NINE CLUBS KING,0.3316,0.006,0.6624
HEARTS ACE DIAMONDS JACK,0.3282,0.005,0.6668
SPADES ACE DIAMONDS TWO,0.391,0.0042,0.6048
HEARTS QUEEN DIAMONDS JACK,0.32,0.0102,0.6698
SPADES QUEEN DIAMONDS TWO,0.4114,0.0108,0.5778
DIAMONDS JACK HEARTS KING,0.321,0.0092,0.6698
SPADES KING DIAMONDS TWO,0.4028,0.0098,0.5874
SPADES JACK SPADES SEVEN,0.345,0.0158,0.6392
SPADES TEN SPADES SEVEN,0.309,0.0218,0.6692
CLUBS SEVEN CLUBS THREE,0.5558,0.0628,0.3814
CLUBS SIX CLUBS THREE,0.5532,0.0648,0.382
CLUBS FIVE CLUBS THREE,0.5342,0.0714,0.3944
CLUBS THREE CLUBS FOUR,0.5688,0.14,0.2912
CLUBS NINE CLUBS THREE,0.3712,0.0458,0.583
CLUBS THREE SPADES FIVE,0.5546,0.0726,0.3728
CLUBS THREE SPADES FOUR,0.5986,0.1502,0.2512
CLUBS THREE SPADES THREE,0.371,0.1082,0.5208
CLUBS THREE SPADES TWO,0.5948,0.073,0.3322
CLUBS THREE SPADES SIX,0.5746,0.0688,0.3566
CLUBS THREE SPADES SEVEN,0.5972,0.0652,0.3376
SPADES EIGHT CLUBS THREE,0.2834,0.513,0.2036
SPADES NINE CLUBS THREE,0.3916,0.0468,0.5616
SPADES TWO DIAMONDS FOUR,0.5996,0.1466,0.2538
SPADES THREE DIAMONDS FOUR,0.5794,0.153,0.2676
SPADES FOUR DIAMONDS FOUR,0.2712,0.069,0.6598
SPADES FIVE DIAMONDS FOUR,0.5648,0.1542,0.281
SPADES SIX DIAMONDS FOUR,0.5998,0.1394,0.2608
SPADES SEVEN DIAMONDS FOUR,0.6056,0.1388,0.2556
SPADES EIGHT DIAMONDS FOUR,0.0218,0.9582,0.02
SPADES NINE DIAMONDS FOUR,0.2466,0.1032,0.6502
CLUBS FIVE DIAMONDS FOUR,0.5792,0.148,0.2728
CLUBS FOUR DIAMONDS FOUR,0.277,0.0698,0.6532
CLUBS SEVEN DIAMONDS FOUR,0.6066,0.147,0.2464
CLUBS SIX DIAMONDS FOUR,0.604,0.1396,0.2564
CLUBS NINE DIAMONDS FOUR,0.2432,0.1056,0.6512
HEARTS SEVEN DIAMONDS FOUR,0.6026,0.1458,0.2516
HEARTS SIX DIAMONDS FOUR,0.5924,0.1402,0.2674
DIAMONDS FOUR HEARTS NINE,0.2576,0.1044,0.638
DIAMONDS FOUR HEARTS EIGHT,0.0102,0.9708,0.019
CLUBS THREE DIAMONDS FOUR,0.5962,0.1484,0.2554
CLUBS TWO DIAMONDS FOUR,0.5956,0.1508,0.2536
DIAMONDS TEN DIAMONDS FIVE,0.3356,0.0276,0.6368
DIAMONDS JACK DIAMONDS FIVE,0.3374,0.0156,0.647
DIAMONDS NINE HEARTS QUEEN,0.3374,0.0106,0.652
DIAMONDS NINE HEARTS KING,0.3302,0.0048,0.665
HEARTS ACE DIAMONDS NINE,0.321,0.0032,0.6758
DIAMONDS NINE HEARTS TEN,0.3018,0.0224,0.6758
DIAMONDS NINE HEARTS JACK,0.3212,0.0184,0.6604
CLUBS KING DIAMONDS SIX,0.366,0.0078,0.6262
CLUBS QUEEN DIAMONDS SIX,0.3612,0.0098,0.629
CLUBS ACE DIAMONDS SIX,0.3576,0.0034,0.639
SPADES KING DIAMONDS FOUR,0.2582,0.0276,0.7142
SPADES ACE SPADES SEVEN,0.3502,0.0058,0.644
SPADES QUEEN DIAMONDS FOUR,0.2498,0.0406,0.7096
SPADES QUEEN SPADES SEVEN,0.3442,0.0118,0.644
CLUBS JACK DIAMONDS SIX,0.3678,0.0178,0.6144
SPADES KING SPADES SEVEN,0.3398,0.006,0.6542
SPADES ACE DIAMONDS FOUR,0.2536,0.0192,0.7272
CLUBS TEN DIAMONDS SIX,0.3598,0.0278,0.6124
CLUBS NINE CLUBS FOUR,0.2376,0.1102,0.6522
SPADES JACK DIAMONDS FOUR,0.2596,0.055,0.6854
SPADES TEN DIAMONDS FOUR,0.2434,0.0754,0.6812
CLUBS FIVE CLUBS FOUR,0.5468,0.145,0.3082
CLUBS SEVEN CLUBS FOUR,0.5746,0.1384,0.287
CLUBS SIX CLUBS FOUR,0.5814,0.1404,0.2782
CLUBS SEVEN SPADES EIGHT,0.2192,0.294,0.4868
CLUBS SEVEN SPADES NINE,0.3364,0.0438,0.6198
CLUBS SEVEN SPADES SIX,0.5156,0.0582,0.4262
CLUBS SEVEN SPADES SEVEN,0.263,0.0826,0.6544
CLUBS SEVEN SPADES FIVE,0.5166,0.0692,0.4142
CLUBS SEVEN SPADES FOUR,0.6182,0.1392,0.2426
CLUBS SEVEN SPADES THREE,0.583,0.065,0.352
CLUBS SEVEN SPADES TWO,0.5952,0.0636,0.3412
CLUBS SEVEN CLUBS NINE,0.3114,0.0424,0.6462
HEARTS SIX DIAMONDS FIVE,0.5126,0.0674,0.42
HEARTS SEVEN DIAMONDS FIVE,0.514,0.0712,0.4148
DIAMONDS FIVE HEARTS EIGHT,0.2126,0.4538,0.3336
DIAMONDS FIVE HEARTS NINE,0.3366,0.0532,0.6102
DIAMONDS QUEEN DIAMONDS FIVE,0.3442,0.0112,0.6446
HEARTS TWO DIAMONDS FIVE,0.5668,0.0736,0.3596
HEARTS KING HEARTS EIGHT,0.2354,0.0356,0.729
DIAMONDS KING DIAMONDS FIVE,0.3444,0.0084,0.6472
HEARTS THREE DIAMONDS FIVE,0.5638,0.0664,0.3698
HEARTS QUEEN HEARTS EIGHT,0.2396,0.0502,0.7102
DIAMONDS ACE DIAMONDS FIVE,0.3412,0.0036,0.6552
HEARTS FIVE DIAMONDS FIVE,0.2588,0.0908,0.6504
HEARTS ACE HEARTS EIGHT,0.2382,0.0324,0.7294
CLUBS FOUR DIAMONDS FIVE,0.5762,0.1576,0.2662
CLUBS FIVE DIAMONDS FIVE,0.2552,0.0992,0.6456
CLUBS SIX DIAMONDS FIVE,0.5214,0.0698,0.4088
CLUBS SEVEN DIAMONDS FIVE,0.5404,0.0696,0.39
CLUBS TWO DIAMONDS FIVE,0.5774,0.0712,0.3514
CLUBS THREE DIAMONDS FIVE,0.5652,0.0692,0.3656
SPADES THREE DIAMONDS FIVE,0.5518,0.0646,0.3836
SPADES TWO DIAMONDS FIVE,0.5542,0.0702,0.3756
SPADES JACK DIAMONDS EIGHT,0.2498,0.0716,0.6786
SPADES FIVE DIAMONDS FIVE,0.2614,0.0924,0.6462
CLUBS TEN HEARTS JACK,0.3116,0.0148,0.6736
SPADES TEN DIAMONDS EIGHT,0.2428,0.0754,0.6818
SPADES FOUR DIAMONDS FIVE,0.566,0.1426,0.2914
CLUBS JACK HEARTS JACK,0.1288,0.0388,0.8324
HEARTS JACK CLUBS QUEEN,0.3208,0.0108,0.6684
CLUBS NINE DIAMONDS FIVE,0.3484,0.0406,0.611
HEARTS JACK CLUBS KING,0.3244,0.0092,0.6664
CLUBS ACE HEARTS JACK,0.3368,0.0062,0.657
SPADES SEVEN DIAMONDS FIVE,0.524,0.0666,0.4094
SPADES KING DIAMONDS EIGHT,0.2384,0.0434,0.7182
SPADES QUEEN DIAMONDS EIGHT,0.2568,0.0454,0.6978
SPADES SIX DIAMONDS FIVE,0.5216,0.0622,0.4162
SPADES NINE DIAMONDS FIVE,0.3564,0.0446,0.599
SPADES EIGHT DIAMONDS FIVE,0.2238,0.4502,0.326
SPADES ACE DIAMONDS EIGHT,0.2296,0.0298,0.7406
DIAMONDS TEN DIAMONDS SIX,0.3412,0.0238,0.635
HEARTS ACE DIAMONDS SEVEN,0.3476,0.005,0.6474
DIAMONDS JACK DIAMONDS SIX,0.3416,0.0168,0.6416
HEARTS QUEEN DIAMONDS SEVEN,0.3666,0.0114,0.622
HEARTS KING DIAMONDS SEVEN,0.3576,0.0068,0.6356
DIAMONDS ACE DIAMONDS SIX,0.3356,0.0046,0.6598
SPADES TWO HEARTS JACK,0.3914,0.0206,0.588
HEARTS FIVE DIAMONDS SIX,0.5156,0.0646,0.4198
SPADES TWO HEARTS TEN,0.4032,0.029,0.5678
DIAMONDS QUEEN DIAMONDS SIX,0.355,0.0084,0.6366
HEARTS TWO DIAMONDS SIX,0.5772,0.0658,0.357
DIAMONDS KING DIAMONDS SIX,0.3344,0.0066,0.659
HEARTS THREE DIAMONDS SIX,0.5704,0.0682,0.3614
HEARTS EIGHT DIAMONDS SIX,0.2206,0.3786,0.4008
HEARTS NINE DIAMONDS SIX,0.3414,0.0468,0.6118
HEARTS SIX DIAMONDS SIX,0.2672,0.0836,0.6492
HEARTS SEVEN DIAMONDS SIX,0.5132,0.0688,0.418
HEARTS TEN DIAMONDS SEVEN,0.3352,0.028,0.6368
CLUBS TWO DIAMONDS SIX,0.5982,0.0568,0.345
HEARTS JACK DIAMONDS SEVEN,0.3598,0.017,0.6232
CLUBS THREE DIAMONDS SIX,0.5874,0.0648,0.3478
CLUBS SEVEN DIAMONDS SIX,0.5192,0.058,0.4228
CLUBS JACK DIAMONDS EIGHT,0.232,0.0558,0.7122
CLUBS SIX DIAMONDS SIX,0.2566,0.0974,0.646
CLUBS TEN DIAMONDS EIGHT,0.2476,0.0722,0.6802
CLUBS FIVE DIAMONDS SIX,0.5148,0.0642,0.421
CLUBS FOUR DIAMONDS SIX,0.6054,0.1454,0.2492
HEARTS ACE HEARTS JACK,0.3146,0.0048,0.6806
DIAMONDS EIGHT CLUBS ACE,0.2286,0.0342,0.7372
HEARTS QUEEN HEARTS JACK,0.311,0.0124,0.6766
DIAMONDS EIGHT CLUBS KING,0.2354,0.0368,0.7278
CLUBS NINE DIAMONDS SIX,0.3432,0.0388,0.618
HEARTS KING HEARTS JACK,0.3018,0.0088,0.6894
DIAMONDS EIGHT CLUBS QUEEN,0.2528,0.0482,0.699
SPADES TEN HEARTS KING,0.3222,0.0066,0.6712
SPADES FIVE DIAMONDS SIX,0.5246,0.0738,0.4016
HEARTS ACE SPADES TWO,0.3938,0.0048,0.6014
SPADES JACK HEARTS KING,0.3306,0.0072,0.6622
SPADES FOUR DIAMONDS SIX,0.5998,0.1358,0.2644
SPADES THREE DIAMONDS SIX,0.5654,0.066,0.3686
HEARTS QUEEN SPADES TWO,0.4012,0.0148,0.584
SPADES ACE SPADES KING,0.3074,0.004,0.6886
HEARTS KING SPADES TWO,0.3978,0.0094,0.5928
SPADES TWO DIAMONDS SIX,0.582,0.0648,0.3532
HEARTS TEN HEARTS EIGHT,0.2298,0.0762,0.694
SPADES NINE DIAMONDS SIX,0.3444,0.0368,0.6188
HEARTS JACK HEARTS EIGHT,0.2268,0.0578,0.7154
SPADES EIGHT DIAMONDS SIX,0.2268,0.37,0.4032
SPADES SEVEN DIAMONDS SIX,0.528,0.0626,0.4094
SPADES SIX DIAMONDS SIX,0.2654,0.0892,0.6454
SPADES KING HEARTS KING,0.1484,0.0132,0.8384
SPADES QUEEN HEARTS KING,0.33,0.006,0.664
CLUBS ACE CLUBS KING,0.325,0.006,0.669
SPADES ACE HEARTS KING,0.327,0.0046,0.6684
SPADES ACE HEARTS JACK,0.3278,0.0032,0.669
SPADES QUEEN HEARTS JACK,0.3246,0.0136,0.6618
SPADES KING HEARTS JACK,0.3266,0.008,0.6654
SPADES TEN DIAMONDS TEN,0.1536,0.0512,0.7952
SPADES JACK DIAMONDS TEN,0.3222,0.0112,0.6666
SPADES ACE DIAMONDS TEN,0.33,0.005,0.665
SPADES JACK HEARTS JACK,0.1526,0.0376,0.8098
SPADES TEN HEARTS JACK,0.3156,0.0118,0.6726
SPADES QUEEN DIAMONDS TEN,0.3228,0.0108,0.6664
SPADES KING DIAMONDS TEN,0.3394,0.0064,0.6542
SPADES NINE DIAMONDS SEVEN,0.3338,0.0428,0.6234
SPADES EIGHT DIAMONDS SEVEN,0.2094,0.293,0.4976
SPADES SEVEN DIAMONDS SEVEN,0.2634,0.0792,0.6574
SPADES SIX DIAMONDS SEVEN,0.5146,0.0628,0.4226
DIAMONDS KING DIAMONDS SEVEN,0.3296,0.0078,0.6626
HEARTS THREE DIAMONDS SEVEN,0.5864,0.0672,0.3464
HEARTS KING DIAMONDS FIVE,0.348,0.0084,0.6436
DIAMONDS QUEEN DIAMONDS SEVEN,0.3298,0.01,0.6602
HEARTS TWO DIAMONDS SEVEN,0.5996,0.064,0.3364
HEARTS QUEEN DIAMONDS FIVE,0.3532,0.0126,0.6342
HEARTS FIVE DIAMONDS SEVEN,0.5172,0.0642,0.4186
DIAMONDS ACE DIAMONDS SEVEN,0.3346,0.0062,0.6592
HEARTS ACE DIAMONDS FIVE,0.363,0.0054,0.6316
HEARTS SEVEN DIAMONDS SEVEN,0.2452,0.0888,0.666
HEARTS SIX DIAMONDS SEVEN,0.5008,0.0662,0.433
DIAMONDS SEVEN HEARTS NINE,0.3352,0.038,0.6268
HEARTS EIGHT DIAMONDS SEVEN,0.2196,0.291,0.4894
DIAMONDS JACK DIAMONDS SEVEN,0.3344,0.0166,0.649
DIAMONDS FIVE HEARTS JACK,0.3598,0.0192,0.621
DIAMONDS TEN DIAMONDS SEVEN,0.3302,0.0236,0.6462
HEARTS TEN DIAMONDS FIVE,0.3568,0.0286,0.6146
SPADES KING CLUBS TWO,0.4094,0.0092,0.5814
HEARTS KING CLUBS KING,0.1296,0.018,0.8524
SPADES QUEEN CLUBS TWO,0.4188,0.0124,0.5688
HEARTS KING CLUBS QUEEN,0.3382,0.0086,0.6532
CLUBS NINE DIAMONDS SEVEN,0.3272,0.0366,0.6362
CLUBS JACK SPADES TWO,0.3828,0.0204,0.5968
SPADES ACE CLUBS TWO,0.3932,0.0044,0.6024
CLUBS TEN SPADES TWO,0.4042,0.0302,0.5656
HEARTS KING CLUBS ACE,0.342,0.0052,0.6528
CLUBS SEVEN CLUBS SIX,0.486,0.0656,0.4484
SPADES TWO CLUBS KING,0.4024,0.0102,0.5874
SPADES TWO DIAMONDS SEVEN,0.6046,0.063,0.3324
SPADES THREE DIAMONDS SEVEN,0.5766,0.0638,0.3596
SPADES TWO CLUBS QUEEN,0.4142,0.015,0.5708
CLUBS NINE CLUBS SIX,0.3292,0.0386,0.6322
SPADES FOUR DIAMONDS SEVEN,0.609,0.1444,0.2466
CLUBS JACK HEARTS KING,0.334,0.0068,0.6592
SPADES FIVE DIAMONDS SEVEN,0.5156,0.0724,0.412
SPADES TWO CLUBS ACE,0.3898,0.0062,0.604
CLUBS TEN HEARTS KING,0.3152,0.009,0.6758
CLUBS SIX SPADES TWO,0.59,0.0644,0.3456
CLUBS SIX SPADES THREE,0.5732,0.0688,0.358
CLUBS TWO DIAMONDS SEVEN,0.5896,0.075,0.3354
CLUBS SIX SPADES FOUR,0.6134,0.1292,0.2574
CLUBS THREE DIAMONDS SEVEN,0.5824,0.069,0.3486
CLUBS SIX SPADES FIVE,0.5256,0.0702,0.4042
CLUBS FOUR DIAMONDS SEVEN,0.6162,0.1352,0.2486
CLUBS SIX SPADES SIX,0.2574,0.0872,0.6554
CLUBS FIVE DIAMONDS SEVEN,0.5362,0.0668,0.397
CLUBS SIX SPADES SEVEN,0.5242,0.0638,0.412
CLUBS SIX DIAMONDS SEVEN,0.5102,0.068,0.4218
CLUBS SIX SPADES EIGHT,0.208,0.3804,0.4116
SPADES JACK CLUBS TWO,0.4032,0.0188,0.578
CLUBS SEVEN DIAMONDS SEVEN,0.2548,0.0828,0.6624
SPADES NINE CLUBS SIX,0.3512,0.0444,0.6044
SPADES TEN CLUBS TWO,0.3978,0.0304,0.5718
CLUBS TWO CLUBS QUEEN,0.387,0.0122,0.6008
CLUBS TWO CLUBS KING,0.384,0.01,0.606
CLUBS THREE DIAMONDS EIGHT,0.2762,0.517,0.2068
CLUBS TWO CLUBS ACE,0.3862,0.0066,0.6072
CLUBS TWO DIAMONDS EIGHT,0.2766,0.515,0.2084
HEARTS SEVEN DIAMONDS EIGHT,0.2266,0.2836,0.4898
HEARTS SIX DIAMONDS EIGHT,0.224,0.3772,0.3988
DIAMONDS EIGHT HEARTS NINE,0.2118,0.1086,0.6796
CLUBS TEN CLUBS TWO,0.37,0.0306,0.5994
DIAMONDS EIGHT HEARTS EIGHT,0.0876,0.0906,0.8218
CLUBS JACK CLUBS TWO,0.379,0.02,0.601
CLUBS NINE DIAMONDS EIGHT,0.2188,0.1134,0.6678
CLUBS FIVE DIAMONDS EIGHT,0.2178,0.4628,0.3194
SPADES ACE SPADES THREE,0.3814,0.0036,0.615
CLUBS FOUR DIAMONDS EIGHT,0.0168,0.9716,0.0116
CLUBS SEVEN DIAMONDS EIGHT,0.2304,0.287,0.4826
SPADES QUEEN SPADES THREE,0.3774,0.0124,0.6102
CLUBS SIX DIAMONDS EIGHT,0.2282,0.3728,0.399
SPADES KING SPADES THREE,0.3796,0.011,0.6094
DIAMONDS QUEEN DIAMONDS EIGHT,0.2266,0.0434,0.73
HEARTS TWO DIAMONDS EIGHT,0.2662,0.5132,0.2206
DIAMONDS KING DIAMONDS EIGHT,0.2324,0.0372,0.7304
HEARTS THREE DIAMONDS EIGHT,0.27,0.5122,0.2178
DIAMONDS ACE DIAMONDS EIGHT,0.2216,0.028,0.7504
HEARTS FIVE DIAMONDS EIGHT,0.2064,0.4692,0.3244
DIAMONDS EIGHT DIAMONDS TEN,0.232,0.0718,0.6962
DIAMONDS EIGHT DIAMONDS JACK,0.2324,0.0568,0.7108
SPADES JACK SPADES THREE,0.381,0.0192,0.5998
SPADES TEN SPADES THREE,0.3756,0.0286,0.5958
CLUBS FOUR HEARTS ACE,0.2554,0.0222,0.7224
CLUBS FOUR HEARTS QUEEN,0.247,0.0434,0.7096
CLUBS FOUR HEARTS KING,0.252,0.0262,0.7218
CLUBS SIX HEARTS TEN,0.3558,0.0272,0.617
CLUBS SIX HEARTS JACK,0.3574,0.0178,0.6248
DIAMONDS EIGHT SPADES FOUR,0.0202,0.956,0.0238
SPADES FIVE DIAMONDS EIGHT,0.2188,0.4612,0.32
DIAMONDS EIGHT SPADES TWO,0.2846,0.4978,0.2176
DIAMONDS EIGHT SPADES THREE,0.2772,0.4972,0.2256
CLUBS FOUR HEARTS JACK,0.2506,0.0612,0.6882
SPADES EIGHT DIAMONDS EIGHT,0.0906,0.0882,0.8212
SPADES TEN DIAMONDS QUEEN,0.3238,0.0086,0.6676
SPADES TEN HEARTS TWO,0.4004,0.0282,0.5714
SPADES JACK HEARTS EIGHT,0.2378,0.0562,0.706
CLUBS FOUR HEARTS TEN,0.251,0.0798,0.6692
SPADES NINE DIAMONDS EIGHT,0.216,0.1078,0.6762
SPADES TEN HEARTS EIGHT,0.2382,0.0838,0.678
SPADES JACK HEARTS TWO,0.409,0.0186,0.5724
SPADES JACK DIAMONDS QUEEN,0.349,0.0114,0.6396
SPADES SIX DIAMONDS EIGHT,0.2116,0.3732,0.4152
SPADES SEVEN DIAMONDS EIGHT,0.2234,0.2908,0.4858
SPADES ACE HEARTS TWO,0.3866,0.004,0.6094
SPADES ACE DIAMONDS QUEEN,0.3412,0.004,0.6548
SPADES ACE HEARTS EIGHT,0.2418,0.0318,0.7264
SPADES KING HEARTS EIGHT,0.245,0.042,0.713
SPADES QUEEN HEARTS TWO,0.4038,0.0118,0.5844
SPADES QUEEN DIAMONDS QUEEN,0.1534,0.027,0.8196
SPADES KING DIAMONDS QUEEN,0.3556,0.0044,0.64
SPADES KING HEARTS TWO,0.413,0.0092,0.5778
SPADES QUEEN HEARTS EIGHT,0.2324,0.0508,0.7168
CLUBS TWO HEARTS TEN,0.4068,0.0282,0.565
CLUBS TWO HEARTS JACK,0.4004,0.0208,0.5788
SPADES SEVEN DIAMONDS NINE,0.331,0.042,0.627
SPADES SIX DIAMONDS NINE,0.3478,0.04,0.6122
SPADES NINE DIAMONDS NINE,0.1624,0.064,0.7736
SPADES EIGHT DIAMONDS NINE,0.22,0.1058,0.6742
SPADES TEN CLUBS KING,0.3226,0.0076,0.6698
DIAMONDS NINE SPADES THREE,0.3986,0.0458,0.5556
SPADES JACK CLUBS KING,0.3264,0.0062,0.6674
DIAMONDS NINE SPADES TWO,0.4046,0.0446,0.5508
DIAMONDS NINE SPADES FIVE,0.3546,0.0396,0.6058
DIAMONDS NINE SPADES FOUR,0.2528,0.0974,0.6498
CLUBS NINE DIAMONDS NINE,0.146,0.0588,0.7952
CLUBS SIX DIAMONDS NINE,0.3522,0.0476,0.6002
SPADES JACK CLUBS FOUR,0.2498,0.0568,0.6934
CLUBS SEVEN DIAMONDS NINE,0.3284,0.0424,0.6292
SPADES TEN CLUBS FOUR,0.2502,0.075,0.6748
CLUBS FOUR DIAMONDS NINE,0.2494,0.096,0.6546
CLUBS FIVE DIAMONDS NINE,0.357,0.0418,0.6012
DIAMONDS NINE CLUBS TWO,0.405,0.0462,0.5488
CLUBS THREE DIAMONDS NINE,0.3982,0.0408,0.561
DIAMONDS NINE HEARTS EIGHT,0.2132,0.1076,0.6792
DIAMONDS NINE HEARTS NINE,0.1406,0.0572,0.8022
HEARTS SIX DIAMONDS NINE,0.3326,0.035,0.6324
HEARTS SEVEN DIAMONDS NINE,0.3292,0.0392,0.6316
DIAMONDS ACE DIAMONDS NINE,0.3078,0.0048,0.6874
HEARTS FIVE DIAMONDS NINE,0.3482,0.0398,0.612
HEARTS ACE CLUBS TWO,0.3878,0.0052,0.607
SPADES ACE CLUBS FOUR,0.2572,0.022,0.7208
DIAMONDS QUEEN DIAMONDS NINE,0.3106,0.0082,0.6812
HEARTS TWO DIAMONDS NINE,0.3908,0.0432,0.566
CLUBS TWO HEARTS KING,0.4084,0.011,0.5806
SPADES KING CLUBS FOUR,0.2536,0.0358,0.7106
DIAMONDS KING DIAMONDS NINE,0.3162,0.0074,0.6764
HEARTS THREE DIAMONDS NINE,0.3968,0.049,0.5542
CLUBS TWO HEARTS QUEEN,0.3874,0.0154,0.5972
SPADES QUEEN CLUBS FOUR,0.254,0.0424,0.7036
DIAMONDS NINE DIAMONDS JACK,0.302,0.0158,0.6822
DIAMONDS NINE DIAMONDS TEN,0.292,0.0242,0.6838
HEARTS SIX DIAMONDS TEN,0.3592,0.0302,0.6106
HEARTS SEVEN DIAMONDS TEN,0.356,0.0298,0.6142
DIAMONDS TEN HEARTS EIGHT,0.2356,0.079,0.6854
CLUBS JACK CLUBS FOUR,0.23,0.0602,0.7098
DIAMONDS TEN HEARTS NINE,0.298,0.0256,0.6764
CLUBS TEN CLUBS FOUR,0.2394,0.0794,0.6812
CLUBS FOUR CLUBS KING,0.2434,0.0324,0.7242
CLUBS FOUR CLUBS QUEEN,0.2418,0.0446,0.7136
CLUBS TWO DIAMONDS TEN,0.4136,0.0304,0.556
CLUBS THREE DIAMONDS TEN,0.4128,0.0252,0.562
CLUBS FOUR CLUBS ACE,0.2466,0.017,0.7364
DIAMONDS JACK DIAMONDS TEN,0.295,0.012,0.693
DIAMONDS QUEEN DIAMONDS TEN,0.3134,0.01,0.6766
HEARTS TWO DIAMONDS TEN,0.3968,0.0296,0.5736
DIAMONDS KING DIAMONDS TEN,0.3034,0.007,0.6896
HEARTS THREE DIAMONDS TEN,0.4,0.0288,0.5712
DIAMONDS ACE DIAMONDS TEN,0.3156,0.0046,0.6798
HEARTS FIVE DIAMONDS TEN,0.37,0.0274,0.6026
CLUBS NINE SPADES THREE,0.398,0.0432,0.5588
CLUBS NINE SPADES TWO,0.3962,0.0448,0.559
CLUBS NINE SPADES FIVE,0.3582,0.0424,0.5994
CLUBS NINE SPADES FOUR,0.2478,0.1016,0.6506
CLUBS NINE SPADES SEVEN,0.3308,0.0402,0.629
CLUBS NINE SPADES SIX,0.3336,0.045,0.6214
CLUBS NINE SPADES NINE,0.146,0.056,0.798
CLUBS TEN HEARTS EIGHT,0.2248,0.0806,0.6946
CLUBS NINE SPADES EIGHT,0.2004,0.0994,0.7002
CLUBS JACK HEARTS EIGHT,0.227,0.0556,0.7174
HEARTS EIGHT CLUBS QUEEN,0.232,0.0434,0.7246
CLUBS KING HEARTS EIGHT,0.2254,0.0434,0.7312
CLUBS ACE HEARTS EIGHT,0.2212,0.0296,0.7492
SPADES KING CLUBS KING,0.146,0.0154,0.8386
SPADES QUEEN CLUBS KING,0.3314,0.0072,0.6614
SPADES ACE CLUBS KING,0.3372,0.0042,0.6586
DIAMONDS ACE HEARTS TEN,0.331,0.006,0.663
DIAMONDS ACE HEARTS JACK,0.3308,0.0042,0.665
SPADES KING CLUBS FIVE,0.3744,0.0064,0.6192
SPADES QUEEN CLUBS FIVE,0.3636,0.012,0.6244
SPADES ACE CLUBS FIVE,0.3602,0.005,0.6348
HEARTS SEVEN DIAMONDS JACK,0.3544,0.0206,0.625
HEARTS SIX DIAMONDS JACK,0.3666,0.017,0.6164
DIAMONDS JACK HEARTS NINE,0.3082,0.017,0.6748
DIAMONDS JACK HEARTS EIGHT,0.2316,0.0596,0.7088
DIAMONDS KING DIAMONDS JACK,0.314,0.007,0.679
HEARTS THREE DIAMONDS JACK,0.4084,0.0208,0.5708
SPADES ACE SPADES SIX,0.3432,0.0026,0.6542
HEARTS ACE SPADES FOUR,0.2438,0.0242,0.732
DIAMONDS QUEEN DIAMONDS JACK,0.3092,0.0094,0.6814
HEARTS TWO DIAMONDS JACK,0.4138,0.0174,0.5688
HEARTS FIVE DIAMONDS JACK,0.3588,0.0176,0.6236
SPADES QUEEN SPADES SIX,0.3406,0.0104,0.649
SPADES FOUR HEARTS QUEEN,0.2522,0.0402,0.7076
DIAMONDS ACE DIAMONDS JACK,0.3068,0.0054,0.6878
SPADES KING SPADES SIX,0.3486,0.0062,0.6452
SPADES FOUR HEARTS KING,0.247,0.0314,0.7216
SPADES TEN SPADES SIX,0.3294,0.0214,0.6492
SPADES JACK SPADES SIX,0.341,0.018,0.641
SPADES FOUR DIAMONDS JACK,0.2534,0.0544,0.6922
SPADES FIVE DIAMONDS JACK,0.3642,0.0148,0.621
DIAMONDS JACK SPADES TWO,0.4014,0.0176,0.581
DIAMONDS JACK SPADES THREE,0.4134,0.0172,0.5694
SPADES ACE DIAMONDS THREE,0.3864,0.0054,0.6082
SPADES QUEEN DIAMONDS THREE,0.4028,0.0154,0.5818
SPADES KING DIAMONDS THREE,0.3868,0.0094,0.6038
CLUBS NINE DIAMONDS JACK,0.3188,0.0186,0.6626
CLUBS SIX DIAMONDS JACK,0.3754,0.0206,0.604
CLUBS SEVEN DIAMONDS JACK,0.3646,0.0182,0.6172
CLUBS FOUR DIAMONDS JACK,0.2452,0.0594,0.6954
CLUBS FIVE DIAMONDS JACK,0.3462,0.0198,0.634
CLUBS TWO DIAMONDS JACK,0.406,0.019,0.575
CLUBS THREE DIAMONDS JACK,0.3844,0.0184,0.5972
SPADES TEN CLUBS FIVE,0.361,0.0314,0.6076
SPADES JACK HEARTS SIX,0.356,0.0216,0.6224
HEARTS SIX SPADES TEN,0.3588,0.0298,0.6114
SPADES JACK CLUBS FIVE,0.3646,0.0172,0.6182
SPADES JACK DIAMONDS THREE,0.3966,0.0192,0.5842
CLUBS SEVEN CLUBS ACE,0.3412,0.0072,0.6516
DIAMONDS THREE SPADES TEN,0.4092,0.0294,0.5614
CLUBS SEVEN CLUBS QUEEN,0.3464,0.0116,0.642
CLUBS SEVEN CLUBS KING,0.3478,0.0084,0.6438
SPADES NINE DIAMONDS JACK,0.3324,0.0134,0.6542
CLUBS TEN CLUBS SEVEN,0.3366,0.0282,0.6352
DIAMONDS ACE HEARTS ACE,0.1438,0.0026,0.8536
SPADES EIGHT DIAMONDS JACK,0.247,0.0598,0.6932
SPADES ACE HEARTS SIX,0.3454,0.0042,0.6504
CLUBS JACK CLUBS SEVEN,0.3446,0.0206,0.6348
DIAMONDS ACE HEARTS KING,0.3402,0.0042,0.6556
SPADES SEVEN DIAMONDS JACK,0.3652,0.0158,0.619
SPADES KING HEARTS SIX,0.36,0.0094,0.6306
DIAMONDS ACE HEARTS QUEEN,0.3358,0.005,0.6592
SPADES QUEEN HEARTS SIX,0.367,0.0112,0.6218
SPADES SIX DIAMONDS JACK,0.3632,0.0214,0.6154
DIAMONDS TEN SPADES TWO,0.4054,0.026,0.5686
SPADES THREE DIAMONDS TEN,0.3986,0.0278,0.5736
SPADES FOUR DIAMONDS TEN,0.2448,0.0744,0.6808
SPADES FIVE DIAMONDS TEN,0.3728,0.029,0.5982
SPADES SIX DIAMONDS TEN,0.3392,0.0308,0.63
SPADES SEVEN DIAMONDS TEN,0.3446,0.0282,0.6272
SPADES EIGHT DIAMONDS TEN,0.243,0.0766,0.6804
SPADES NINE DIAMONDS TEN,0.3116,0.0226,0.6658
CLUBS FOUR DIAMONDS TEN,0.252,0.0816,0.6664
CLUBS FIVE DIAMONDS TEN,0.3594,0.0272,0.6134
CLUBS SIX DIAMONDS TEN,0.3562,0.0274,0.6164
CLUBS SEVEN DIAMONDS TEN,0.3422,0.0294,0.6284
CLUBS NINE DIAMONDS TEN,0.3126,0.0258,0.6616
CLUBS JACK DIAMONDS THREE,0.3986,0.0192,0.5822
CLUBS TEN DIAMONDS THREE,0.4014,0.0266,0.572
DIAMONDS THREE CLUBS KING,0.3908,0.007,0.6022
DIAMONDS THREE CLUBS QUEEN,0.3972,0.0138,0.589
DIAMONDS THREE CLUBS ACE,0.377,0.0054,0.6176
SPADES FOUR HEARTS JACK,0.2436,0.0544,0.702
SPADES FOUR HEARTS TEN,0.2326,0.0792,0.6882
SPADES FIVE SPADES TWO,0.5274,0.0666,0.406
SPADES FOUR SPADES TWO,0.5518,0.144,0.3042
SPADES THREE SPADES TWO,0.5486,0.066,0.3854
SPADES NINE SPADES TWO,0.3706,0.0426,0.5868
SPADES EIGHT SPADES TWO,0.2624,0.4754,0.2622
SPADES SEVEN SPADES TWO,0.5584,0.0666,0.375
SPADES SIX SPADES TWO,0.5486,0.0662,0.3852
DIAMONDS QUEEN CLUBS THREE,0.405,0.0142,0.5808
CLUBS THREE HEARTS TWO,0.5988,0.075,0.3262
DIAMONDS QUEEN CLUBS TWO,0.4086,0.0116,0.5798
HEARTS TWO CLUBS TWO,0.371,0.1116,0.5174
HEARTS SEVEN DIAMONDS QUEEN,0.3686,0.0134,0.618
HEARTS SEVEN HEARTS TWO,0.5596,0.0728,0.3676
HEARTS SIX DIAMONDS QUEEN,0.3618,0.012,0.6262
HEARTS SIX HEARTS TWO,0.5494,0.068,0.3826
DIAMONDS QUEEN HEARTS NINE,0.3356,0.012,0.6524
HEARTS TWO HEARTS NINE,0.3728,0.039,0.5882
DIAMONDS QUEEN HEARTS EIGHT,0.239,0.0474,0.7136
HEARTS TWO HEARTS EIGHT,0.2818,0.4746,0.2436
CLUBS NINE HEARTS TWO,0.3942,0.0448,0.561
CLUBS NINE DIAMONDS QUEEN,0.3314,0.014,0.6546
CLUBS FIVE DIAMONDS QUEEN,0.364,0.0122,0.6238
CLUBS FIVE HEARTS TWO,0.572,0.0718,0.3562
SPADES EIGHT HEARTS ACE,0.2348,0.0274,0.7378
DIAMONDS QUEEN CLUBS FOUR,0.2596,0.0414,0.699
HEARTS TWO CLUBS FOUR,0.603,0.1534,0.2436
CLUBS SEVEN DIAMONDS QUEEN,0.3762,0.0146,0.6092
CLUBS SEVEN HEARTS TWO,0.5966,0.068,0.3354
SPADES EIGHT HEARTS QUEEN,0.2264,0.052,0.7216
CLUBS SIX DIAMONDS QUEEN,0.3632,0.0108,0.626
CLUBS SIX HEARTS TWO,0.5986,0.065,0.3364
SPADES EIGHT HEARTS KING,0.242,0.0386,0.7194
HEARTS TWO SPADES SIX,0.5824,0.0734,0.3442
DIAMONDS QUEEN SPADES SIX,0.3714,0.0138,0.6148
DIAMONDS ACE CLUBS QUEEN,0.3494,0.0042,0.6464
DIAMONDS QUEEN SPADES SEVEN,0.3582,0.0126,0.6292
HEARTS TWO SPADES SEVEN,0.592,0.0686,0.3394
DIAMONDS ACE CLUBS KING,0.337,0.0064,0.6566
DIAMONDS QUEEN SPADES EIGHT,0.243,0.0496,0.7074
SPADES EIGHT HEARTS TWO,0.284,0.5136,0.2024
DIAMONDS ACE CLUBS ACE,0.1426,0.0042,0.8532
SPADES NINE DIAMONDS QUEEN,0.3294,0.0122,0.6584
SPADES NINE HEARTS TWO,0.3948,0.0476,0.5576
HEARTS TWO SPADES TWO,0.3776,0.1132,0.5092
DIAMONDS QUEEN SPADES TWO,0.4114,0.0142,0.5744
HEARTS TWO SPADES THREE,0.605,0.0674,0.3276
DIAMONDS QUEEN SPADES THREE,0.396,0.0136,0.5904
HEARTS TWO SPADES FOUR,0.6034,0.142,0.2546
DIAMONDS QUEEN SPADES FOUR,0.2602,0.0386,0.7012
CLUBS TEN DIAMONDS ACE,0.3182,0.0052,0.6766
HEARTS TWO SPADES FIVE,0.5768,0.0706,0.3526
DIAMONDS QUEEN SPADES FIVE,0.3608,0.012,0.6272
CLUBS JACK DIAMONDS ACE,0.3308,0.0044,0.6648
CLUBS FIVE CLUBS KING,0.3336,0.0114,0.655
CLUBS FIVE CLUBS QUEEN,0.3574,0.0122,0.6304
CLUBS FIVE CLUBS ACE,0.347,0.0056,0.6474
CLUBS JACK CLUBS FIVE,0.3474,0.0176,0.635
CLUBS TEN CLUBS FIVE,0.3346,0.0254,0.64
SPADES KING CLUBS JACK,0.3332,0.0056,0.6612
CLUBS JACK SPADES QUEEN,0.3258,0.0098,0.6644
SPADES ACE CLUBS JACK,0.3304,0.0038,0.6658
SPADES SIX CLUBS KING,0.3556,0.0078,0.6366
SPADES SIX CLUBS QUEEN,0.3594,0.0116,0.629
SPADES EIGHT HEARTS JACK,0.2348,0.0612,0.704
SPADES SIX CLUBS ACE,0.3552,0.0044,0.6404
SPADES EIGHT HEARTS TEN,0.2364,0.0824,0.6812
CLUBS JACK SPADES SIX,0.3702,0.0186,0.6112
CLUBS TEN SPADES SIX,0.361,0.0268,0.6122
CLUBS JACK SPADES TEN,0.3164,0.017,0.6666
CLUBS JACK SPADES JACK,0.1548,0.0362,0.809
SPADES QUEEN CLUBS SEVEN,0.3652,0.0132,0.6216
SPADES KING CLUBS SEVEN,0.366,0.008,0.626
SPADES ACE CLUBS SEVEN,0.3706,0.003,0.6264
SPADES SIX HEARTS TEN,0.3432,0.0318,0.625
SPADES SIX HEARTS JACK,0.3624,0.024,0.6136
SPADES SIX HEARTS ACE,0.3678,0.0044,0.6278
SPADES SIX HEARTS KING,0.3502,0.008,0.6418
SPADES SIX HEARTS QUEEN,0.3642,0.0128,0.623
CLUBS SEVEN SPADES JACK,0.356,0.0172,0.6268
CLUBS SEVEN SPADES TEN,0.3528,0.0238,0.6234
CLUBS TEN HEARTS SIX,0.3312,0.0302,0.6386
CLUBS JACK HEARTS SIX,0.3544,0.0176,0.628
CLUBS JACK CLUBS ACE,0.3204,0.0022,0.6774
HEARTS SIX CLUBS QUEEN,0.3626,0.01,0.6274
HEARTS SIX CLUBS KING,0.3636,0.0076,0.6288
HEARTS SIX CLUBS ACE,0.3488,0.0052,0.646
CLUBS JACK CLUBS QUEEN,0.3164,0.0152,0.6684
CLUBS JACK CLUBS KING,0.3332,0.006,0.6608
DIAMONDS THREE HEARTS ACE,0.3876,0.004,0.6084
DIAMONDS THREE HEARTS QUEEN,0.4076,0.0112,0.5812
DIAMONDS THREE HEARTS KING,0.412,0.0078,0.5802
CLUBS FIVE HEARTS JACK,0.3556,0.0222,0.6222
SPADES TEN DIAMONDS ACE,0.334,0.0026,0.6634
CLUBS FIVE HEARTS TEN,0.3664,0.0276,0.606
SPADES JACK DIAMONDS ACE,0.3328,0.0038,0.6634
SPADES ACE DIAMONDS ACE,0.1486,0.0044,0.847
CLUBS FIVE HEARTS ACE,0.3472,0.0032,0.6496
CLUBS FIVE HEARTS KING,0.3556,0.0084,0.636
SPADES QUEEN DIAMONDS ACE,0.3212,0.0036,0.6752
CLUBS JACK SPADES FOUR,0.244,0.0588,0.6972
CLUBS FIVE HEARTS QUEEN,0.3492,0.0156,0.6352
SPADES KING DIAMONDS ACE,0.3364,0.003,0.6606
CLUBS TEN SPADES FOUR,0.2372,0.0806,0.6822
DIAMONDS QUEEN DIAMONDS ACE,0.3172,0.005,0.6778
HEARTS TWO DIAMONDS ACE,0.3848,0.0058,0.6094
DIAMONDS THREE HEARTS TEN,0.3928,0.0324,0.5748
SPADES FOUR CLUBS KING,0.2452,0.0336,0.7212
HEARTS FIVE DIAMONDS QUEEN,0.363,0.012,0.625
HEARTS FIVE HEARTS TWO,0.555,0.0658,0.3792
DIAMONDS THREE HEARTS JACK,0.397,0.0182,0.5848
SPADES FOUR CLUBS QUEEN,0.2444,0.0418,0.7138
DIAMONDS QUEEN HEARTS TWO,0.4036,0.015,0.5814
DIAMONDS KING DIAMONDS QUEEN,0.3192,0.0058,0.675
DIAMONDS KING HEARTS TWO,0.4036,0.0074,0.589
HEARTS THREE DIAMONDS QUEEN,0.405,0.0156,0.5794
HEARTS THREE HEARTS TWO,0.5672,0.0686,0.3642
SPADES FOUR CLUBS ACE,0.254,0.0214,0.7246
HEARTS TWO CLUBS ACE,0.3886,0.0042,0.6072
DIAMONDS QUEEN CLUBS ACE,0.3356,0.0056,0.6588
HEARTS TWO CLUBS QUEEN,0.3946,0.0114,0.594
DIAMONDS QUEEN CLUBS QUEEN,0.1434,0.0248,0.8318
HEARTS TWO CLUBS KING,0.4036,0.0096,0.5868
DIAMONDS QUEEN CLUBS KING,0.337,0.0054,0.6576
SPADES EIGHT SPADES FIVE,0.1982,0.425,0.3768
CLUBS TEN HEARTS TWO,0.393,0.0328,0.5742
CLUBS TEN DIAMONDS QUEEN,0.3168,0.0114,0.6718
SPADES NINE SPADES FIVE,0.335,0.0378,0.6272
CLUBS JACK HEARTS TWO,0.3994,0.0174,0.5832
CLUBS JACK DIAMONDS QUEEN,0.3198,0.0098,0.6704
SPADES SIX SPADES FIVE,0.478,0.06,0.462
SPADES SEVEN SPADES FIVE,0.4964,0.0626,0.441
DIAMONDS FIVE CLUBS QUEEN,0.3494,0.015,0.6356
SPADES EIGHT CLUBS ACE,0.2326,0.0296,0.7378
DIAMONDS FIVE CLUBS KING,0.3602,0.0088,0.631
SPADES EIGHT CLUBS KING,0.2368,0.036,0.7272
DIAMONDS FIVE CLUBS ACE,0.3532,0.0052,0.6416
SPADES EIGHT CLUBS QUEEN,0.239,0.048,0.713
CLUBS JACK SPADES EIGHT,0.2334,0.0536,0.713
CLUBS TEN SPADES EIGHT,0.2312,0.0748,0.694
CLUBS TEN DIAMONDS FIVE,0.345,0.0328,0.6222
CLUBS JACK DIAMONDS FIVE,0.3626,0.0166,0.6208
DIAMONDS TEN HEARTS JACK,0.3246,0.0094,0.666
DIAMONDS TEN HEARTS TEN,0.1424,0.0492,0.8084
SPADES ACE CLUBS NINE,0.3466,0.0036,0.6498
SPADES QUEEN CLUBS NINE,0.3248,0.01,0.6652
SPADES KING CLUBS NINE,0.336,0.0108,0.6532
HEARTS SIX HEARTS KING,0.3504,0.0088,0.6408
DIAMONDS KING SPADES SEVEN,0.3564,0.0066,0.637
HEARTS THREE SPADES SEVEN,0.5766,0.0752,0.3482
SPADES KING DIAMONDS SEVEN,0.3698,0.006,0.6242
HEARTS SIX HEARTS QUEEN,0.3354,0.0118,0.6528
SPADES QUEEN DIAMONDS SEVEN,0.3746,0.0112,0.6142
HEARTS THREE SPADES SIX,0.5738,0.0686,0.3576
DIAMONDS KING SPADES SIX,0.3706,0.0076,0.6218
DIAMONDS KING SPADES NINE,0.3436,0.0078,0.6486
HEARTS THREE SPADES NINE,0.4016,0.0464,0.552
HEARTS SIX HEARTS ACE,0.3424,0.0052,0.6524
DIAMONDS KING SPADES EIGHT,0.2488,0.0342,0.717
