opposingHand,winningChance,drawChance,lostChance
CLUBS NINE SPADES THREE
HEARTS FIVE SPADES TEN,0.3516,0.026,0.6224
SPADES JACK HEARTS FIVE,0.3446,0.016,0.6394
SPADES FIVE CLUBS JACK,0.3504,0.0184,0.6312
CLUBS TEN SPADES FIVE,0.3434,0.0272,0.6294
CLUBS EIGHT CLUBS JACK,0.3108,0.02,0.6692
CLUBS EIGHT CLUBS TEN,0.3084,0.0176,0.674
CLUBS EIGHT CLUBS KING,0.3364,0.0106,0.653
SPADES FIVE CLUBS ACE,0.3268,0.0068,0.6664
CLUBS EIGHT CLUBS QUEEN,0.3376,0.0134,0.649
SPADES FIVE CLUBS KING,0.3494,0.0074,0.6432
SPADES FIVE CLUBS QUEEN,0.3538,0.0136,0.6326
CLUBS EIGHT CLUBS ACE,0.3292,0.0046,0.6662
DIAMONDS TWO DIAMONDS THREE,0.597,0.1054,0.2976
DIAMONDS TWO DIAMONDS FIVE,0.5434,0.0462,0.4104
SPADES KING HEARTS FIVE,0.3458,0.0072,0.647
DIAMONDS TWO DIAMONDS FOUR,0.5488,0.0472,0.404
SPADES QUEEN HEARTS FIVE,0.3582,0.0102,0.6316
DIAMONDS TWO DIAMONDS SEVEN,0.5694,0.0416,0.389
DIAMONDS TWO DIAMONDS SIX,0.5448,0.0402,0.415
SPADES ACE HEARTS FIVE,0.3364,0.0062,0.6574
DIAMONDS TWO DIAMONDS NINE,0.2458,0.4872,0.267
DIAMONDS TWO DIAMONDS EIGHT,0.5718,0.042,0.3862
DIAMONDS THREE DIAMONDS FOUR,0.5832,0.1024,0.3144
CLUBS TWO SPADES FOUR,0.5842,0.0486,0.3672
DIAMONDS THREE DIAMONDS FIVE,0.5842,0.104,0.3118
CLUBS TWO SPADES FIVE,0.5774,0.0514,0.3712
CLUBS TWO SPADES TWO,0.3704,0.0956,0.534
DIAMONDS THREE DIAMONDS EIGHT,0.6262,0.0996,0.2742
SPADES EIGHT CLUBS TWO,0.6014,0.045,0.3536
DIAMONDS THREE DIAMONDS NINE,0.0236,0.9036,0.0728
SPADES NINE CLUBS TWO,0.2552,0.528,0.2168
DIAMONDS THREE DIAMONDS SIX,0.5954,0.0974,0.3072
CLUBS TWO SPADES SIX,0.581,0.0484,0.3706
DIAMONDS THREE DIAMONDS SEVEN,0.6084,0.1006,0.291
CLUBS TWO SPADES SEVEN,0.6104,0.0448,0.3448
CLUBS SIX CLUBS TWO,0.5674,0.0504,0.3822
CLUBS SEVEN CLUBS TWO,0.5862,0.0392,0.3746
CLUBS FOUR CLUBS TWO,0.5588,0.0448,0.3964
CLUBS FIVE CLUBS TWO,0.5616,0.0434,0.395
CLUBS TEN CLUBS JACK,0.2814,0.0112,0.7074
DIAMONDS FOUR DIAMONDS SIX,0.5232,0.037,0.4398
CLUBS TEN CLUBS QUEEN,0.2982,0.0102,0.6916
DIAMONDS FOUR DIAMONDS SEVEN,0.5314,0.0406,0.428
CLUBS TEN CLUBS KING,0.3044,0.007,0.6886
CLUBS TEN CLUBS ACE,0.3062,0.0066,0.6872
CLUBS EIGHT CLUBS TWO,0.5706,0.0374,0.392
DIAMONDS FIVE DIAMONDS FOUR,0.4976,0.0406,0.4618
DIAMONDS NINE DIAMONDS FOUR,0.213,0.4874,0.2996
DIAMONDS EIGHT DIAMONDS FOUR,0.526,0.0426,0.4314
CLUBS TWO CLUBS THREE,0.6022,0.1032,0.2946
DIAMONDS NINE DIAMONDS FIVE,0.2062,0.4374,0.3564
DIAMONDS TWO CLUBS JACK,0.3862,0.023,0.5908
DIAMONDS EIGHT DIAMONDS FIVE,0.4928,0.0408,0.4664
CLUBS TEN DIAMONDS TWO,0.3896,0.0292,0.5812
DIAMONDS FIVE DIAMONDS SEVEN,0.5078,0.0376,0.4546
DIAMONDS FIVE DIAMONDS SIX,0.4898,0.0414,0.4688
DIAMONDS TWO CLUBS ACE,0.3746,0.0046,0.6208
DIAMONDS TWO CLUBS KING,0.3904,0.0082,0.6014
DIAMONDS TWO CLUBS QUEEN,0.39,0.0118,0.5982
DIAMONDS EIGHT DIAMONDS SIX,0.5106,0.037,0.4524
DIAMONDS NINE DIAMONDS SIX,0.1958,0.3578,0.4464
DIAMONDS SEVEN DIAMONDS SIX,0.4944,0.0412,0.4644
DIAMONDS EIGHT DIAMONDS SEVEN,0.4854,0.037,0.4776
DIAMONDS NINE DIAMONDS SEVEN,0.2164,0.277,0.5066
DIAMONDS NINE DIAMONDS EIGHT,0.209,0.2094,0.5816
DIAMONDS KING HEARTS TEN,0.3312,0.0044,0.6644
HEARTS THREE HEARTS TEN,0.2226,0.0824,0.695
CLUBS SIX SPADES JACK,0.37,0.0196,0.6104
DIAMONDS KING HEARTS JACK,0.3252,0.0074,0.6674
HEARTS THREE HEARTS JACK,0.2186,0.0562,0.7252
CLUBS SIX SPADES TEN,0.3464,0.024,0.6296
SPADES JACK SPADES FIVE,0.3352,0.019,0.6458
SPADES TEN SPADES FIVE,0.333,0.0276,0.6394
DIAMONDS KING HEARTS ACE,0.3338,0.0032,0.663
HEARTS THREE HEARTS ACE,0.235,0.0226,0.7424
SPADES ACE CLUBS SIX,0.344,0.0054,0.6506
DIAMONDS KING HEARTS QUEEN,0.3242,0.0056,0.6702
HEARTS THREE HEARTS QUEEN,0.2176,0.0418,0.7406
SPADES KING CLUBS SIX,0.3576,0.0074,0.635
DIAMONDS KING HEARTS KING,0.1358,0.0118,0.8524
HEARTS THREE HEARTS KING,0.2354,0.0264,0.7382
SPADES QUEEN CLUBS SIX,0.3544,0.0096,0.636
SPADES NINE HEARTS TEN,0.2218,0.08,0.6982
SPADES NINE HEARTS JACK,0.2176,0.0592,0.7232
SPADES QUEEN SPADES FIVE,0.3396,0.0128,0.6476
SPADES KING SPADES FIVE,0.3474,0.0096,0.643
SPADES ACE SPADES FIVE,0.3278,0.0056,0.6666
SPADES NINE HEARTS QUEEN,0.2278,0.049,0.7232
SPADES NINE HEARTS KING,0.2234,0.038,0.7386
SPADES NINE HEARTS ACE,0.2164,0.0252,0.7584
CLUBS TEN SPADES JACK,0.2892,0.0114,0.6994
CLUBS TEN SPADES TEN,0.1324,0.0412,0.8264
SPADES ACE CLUBS TEN,0.3116,0.0056,0.6828
SPADES KING CLUBS TEN,0.3126,0.0074,0.68
CLUBS TEN SPADES QUEEN,0.2928,0.0122,0.695
SPADES FIVE HEARTS QUEEN,0.351,0.0106,0.6384
HEARTS KING SPADES FIVE,0.3536,0.0084,0.638
SPADES FIVE HEARTS ACE,0.3458,0.0056,0.6486
CLUBS EIGHT SPADES TEN,0.3334,0.026,0.6406
HEARTS THREE SPADES JACK,0.2322,0.057,0.7108
SPADES JACK DIAMONDS KING,0.3146,0.0076,0.6778
SPADES TEN DIAMONDS KING,0.318,0.0076,0.6744
HEARTS THREE SPADES TEN,0.231,0.0772,0.6918
CLUBS EIGHT SPADES JACK,0.3394,0.0174,0.6432
SPADES ACE CLUBS EIGHT,0.3422,0.0054,0.6524
HEARTS FIVE CLUBS JACK,0.3464,0.018,0.6356
CLUBS SIX HEARTS ACE,0.3588,0.0048,0.6364
CLUBS TEN HEARTS FIVE,0.3496,0.03,0.6204
CLUBS EIGHT SPADES QUEEN,0.341,0.013,0.646
CLUBS SIX HEARTS QUEEN,0.362,0.0116,0.6264
CLUBS EIGHT SPADES KING,0.3526,0.0096,0.6378
CLUBS SIX HEARTS KING,0.3558,0.0084,0.6358
DIAMONDS TWO HEARTS JACK,0.3988,0.0178,0.5834
DIAMONDS TWO HEARTS TEN,0.3804,0.0268,0.5928
HEARTS FIVE CLUBS ACE,0.3404,0.006,0.6536
SPADES FIVE HEARTS TEN,0.343,0.0306,0.6264
HEARTS FIVE CLUBS KING,0.3544,0.0088,0.6368
SPADES FIVE HEARTS JACK,0.3448,0.0188,0.6364
HEARTS FIVE CLUBS QUEEN,0.349,0.011,0.64
HEARTS THREE CLUBS KING,0.2292,0.0334,0.7374
DIAMONDS KING CLUBS KING,0.129,0.0128,0.8582
HEARTS THREE CLUBS QUEEN,0.234,0.0396,0.7264
DIAMONDS KING CLUBS QUEEN,0.3276,0.0074,0.665
HEARTS FIVE HEARTS JACK,0.332,0.0192,0.6488
HEARTS FIVE HEARTS TEN,0.3354,0.0264,0.6382
HEARTS THREE CLUBS ACE,0.2328,0.022,0.7452
DIAMONDS KING CLUBS ACE,0.3262,0.0052,0.6686
SPADES ACE CLUBS QUEEN,0.3208,0.0052,0.674
SPADES KING CLUBS QUEEN,0.3218,0.008,0.6702
HEARTS THREE CLUBS JACK,0.23,0.0608,0.7092
DIAMONDS KING CLUBS JACK,0.3228,0.0062,0.671
SPADES QUEEN CLUBS QUEEN,0.118,0.024,0.858
CLUBS TEN HEARTS THREE,0.2334,0.0836,0.683
CLUBS TEN DIAMONDS KING,0.3202,0.0052,0.6746
SPADES JACK CLUBS QUEEN,0.2894,0.01,0.7006
CLUBS SIX CLUBS QUEEN,0.3518,0.0094,0.6388
SPADES TEN CLUBS QUEEN,0.2904,0.0116,0.698
CLUBS SIX CLUBS KING,0.3382,0.0084,0.6534
CLUBS SIX CLUBS ACE,0.3348,0.0068,0.6584
HEARTS FIVE HEARTS KING,0.341,0.0062,0.6528
HEARTS FIVE HEARTS QUEEN,0.3406,0.0098,0.6496
CLUBS TEN CLUBS SIX,0.3344,0.0278,0.6378
HEARTS FIVE HEARTS ACE,0.317,0.0038,0.6792
CLUBS SIX CLUBS JACK,0.3382,0.0168,0.645
SPADES SEVEN HEARTS JACK,0.3482,0.0176,0.6342
SPADES SEVEN HEARTS TEN,0.3366,0.0248,0.6386
DIAMONDS TWO CLUBS TWO,0.3774,0.0892,0.5334
DIAMONDS TWO CLUBS THREE,0.6398,0.1046,0.2556
HEARTS SIX DIAMONDS TWO,0.5954,0.045,0.3596
DIAMONDS TWO HEARTS QUEEN,0.4016,0.0108,0.5876
DIAMONDS TWO HEARTS SEVEN,0.5958,0.044,0.3602
DIAMONDS TWO HEARTS KING,0.3986,0.008,0.5934
DIAMONDS TWO HEARTS EIGHT,0.601,0.0434,0.3556
DIAMONDS TWO HEARTS ACE,0.3636,0.0034,0.633
DIAMONDS TWO HEARTS NINE,0.2728,0.5082,0.219
DIAMONDS TWO DIAMONDS QUEEN,0.3636,0.0132,0.6232
DIAMONDS TWO HEARTS TWO,0.3646,0.1006,0.5348
DIAMONDS TWO DIAMONDS KING,0.3644,0.0068,0.6288
HEARTS THREE DIAMONDS TWO,0.621,0.1102,0.2688
DIAMONDS TWO DIAMONDS ACE,0.355,0.007,0.638
HEARTS FOUR DIAMONDS TWO,0.573,0.0468,0.3802
DIAMONDS TWO HEARTS FIVE,0.5774,0.048,0.3746
SPADES SEVEN HEARTS ACE,0.354,0.004,0.642
DIAMONDS TWO DIAMONDS TEN,0.3614,0.0274,0.6112
SPADES SEVEN HEARTS KING,0.3686,0.0066,0.6248
DIAMONDS TWO DIAMONDS JACK,0.3598,0.0182,0.622
SPADES SEVEN HEARTS QUEEN,0.3586,0.011,0.6304
DIAMONDS TWO SPADES NINE,0.2694,0.524,0.2066
DIAMONDS TWO SPADES EIGHT,0.6134,0.043,0.3436
DIAMONDS TWO SPADES SEVEN,0.6018,0.046,0.3522
DIAMONDS TWO SPADES SIX,0.5892,0.0446,0.3662
DIAMONDS TWO SPADES FIVE,0.5736,0.046,0.3804
DIAMONDS TWO SPADES FOUR,0.5902,0.0452,0.3646
DIAMONDS TWO SPADES TWO,0.3718,0.096,0.5322
CLUBS EIGHT DIAMONDS TWO,0.602,0.047,0.351
DIAMONDS TWO CLUBS SEVEN,0.6018,0.0454,0.3528
CLUBS SIX DIAMONDS TWO,0.5844,0.0478,0.3678
DIAMONDS TWO CLUBS FIVE,0.581,0.0486,0.3704
DIAMONDS TWO CLUBS FOUR,0.583,0.054,0.363
CLUBS FOUR SPADES FIVE,0.5478,0.0442,0.408
CLUBS FOUR SPADES FOUR,0.2826,0.0904,0.627
CLUBS FOUR SPADES TWO,0.5874,0.0498,0.3628
CLUBS FOUR SPADES NINE,0.219,0.5232,0.2578
CLUBS FOUR SPADES EIGHT,0.5616,0.0448,0.3936
CLUBS FOUR SPADES SEVEN,0.556,0.0464,0.3976
CLUBS FOUR SPADES SIX,0.5456,0.0472,0.4072
SPADES ACE DIAMONDS SIX,0.35,0.0068,0.6432
SPADES QUEEN DIAMONDS SIX,0.3548,0.01,0.6352
SPADES KING DIAMONDS SIX,0.3606,0.0048,0.6346
SPADES TEN DIAMONDS SIX,0.3404,0.0268,0.6328
SPADES JACK DIAMONDS SIX,0.3594,0.0146,0.626
SPADES QUEEN SPADES TWO,0.3778,0.0146,0.6076
SPADES KING SPADES TWO,0.3714,0.009,0.6196
SPADES ACE SPADES TWO,0.3736,0.004,0.6224
DIAMONDS JACK CLUBS JACK,0.138,0.0292,0.8328
CLUBS TEN DIAMONDS JACK,0.2856,0.0152,0.6992
DIAMONDS JACK CLUBS KING,0.3184,0.0074,0.6742
DIAMONDS JACK CLUBS QUEEN,0.3138,0.0096,0.6766
DIAMONDS THREE DIAMONDS JACK,0.2354,0.0576,0.707
DIAMONDS THREE DIAMONDS TEN,0.232,0.0694,0.6986
DIAMONDS JACK CLUBS ACE,0.3314,0.0042,0.6644
DIAMONDS THREE DIAMONDS KING,0.2308,0.0268,0.7424
HEARTS THREE DIAMONDS THREE,0.2636,0.0606,0.6758
DIAMONDS THREE DIAMONDS QUEEN,0.2256,0.0422,0.7322
DIAMONDS THREE HEARTS TWO,0.6432,0.1044,0.2524
HEARTS FIVE DIAMONDS THREE,0.6208,0.104,0.2752
DIAMONDS THREE DIAMONDS ACE,0.2334,0.0232,0.7434
HEARTS FOUR DIAMONDS THREE,0.6092,0.1048,0.286
DIAMONDS THREE HEARTS SEVEN,0.6514,0.1002,0.2484
SPADES TEN SPADES NINE,0.2164,0.0672,0.7164
HEARTS SIX DIAMONDS THREE,0.6334,0.1034,0.2632
SPADES JACK SPADES NINE,0.2128,0.0604,0.7268
DIAMONDS THREE HEARTS NINE,0.0238,0.9538,0.0224
HEARTS JACK DIAMONDS FOUR,0.3696,0.0162,0.6142
HEARTS KING HEARTS ACE,0.3058,0.0054,0.6888
SPADES TEN SPADES TWO,0.3642,0.0264,0.6094
DIAMONDS THREE HEARTS EIGHT,0.6472,0.1042,0.2486
HEARTS TEN DIAMONDS FOUR,0.358,0.0258,0.6162
SPADES JACK SPADES TWO,0.3606,0.0212,0.6182
HEARTS QUEEN DIAMONDS FOUR,0.366,0.0084,0.6256
HEARTS KING DIAMONDS FOUR,0.3516,0.0068,0.6416
SPADES ACE SPADES NINE,0.2202,0.0272,0.7526
HEARTS ACE DIAMONDS FOUR,0.357,0.0046,0.6384
SPADES KING SPADES NINE,0.2248,0.039,0.7362
SPADES QUEEN SPADES NINE,0.2244,0.047,0.7286
DIAMONDS THREE SPADES NINE,0.0108,0.971,0.0182
DIAMONDS THREE SPADES EIGHT,0.6668,0.1016,0.2316
DIAMONDS THREE SPADES SEVEN,0.652,0.103,0.245
DIAMONDS THREE SPADES SIX,0.6256,0.106,0.2684
CLUBS SIX DIAMONDS THREE,0.6416,0.1016,0.2568
CLUBS ACE DIAMONDS FOUR,0.356,0.0056,0.6384
CLUBS SIX CLUBS FIVE,0.5076,0.0452,0.4472
CLUBS SEVEN CLUBS FIVE,0.5248,0.042,0.4332
CLUBS SEVEN DIAMONDS THREE,0.6612,0.1024,0.2364
DIAMONDS THREE CLUBS FOUR,0.6294,0.0988,0.2718
DIAMONDS FOUR CLUBS QUEEN,0.3654,0.013,0.6216
DIAMONDS THREE CLUBS FIVE,0.6002,0.1052,0.2946
CLUBS KING DIAMONDS FOUR,0.3672,0.01,0.6228
DIAMONDS THREE CLUBS TWO,0.635,0.1114,0.2536
CLUBS TEN DIAMONDS FOUR,0.3612,0.025,0.6138
DIAMONDS THREE CLUBS THREE,0.2724,0.0628,0.6648
DIAMONDS FOUR CLUBS JACK,0.3504,0.0206,0.629
DIAMONDS THREE SPADES FOUR,0.618,0.1056,0.2764
DIAMONDS THREE SPADES FIVE,0.6136,0.105,0.2814
DIAMONDS THREE SPADES TWO,0.6398,0.1104,0.2498
CLUBS EIGHT DIAMONDS THREE,0.6644,0.0974,0.2382
SPADES SEVEN CLUBS ACE,0.3388,0.0064,0.6548
SPADES SEVEN CLUBS QUEEN,0.3546,0.0128,0.6326
SPADES SEVEN CLUBS KING,0.352,0.0084,0.6396
CLUBS FIVE SPADES SEVEN,0.5256,0.0454,0.429
CLUBS TEN SPADES SEVEN,0.3274,0.0256,0.647
CLUBS FIVE SPADES SIX,0.5302,0.0458,0.424
SPADES SEVEN CLUBS JACK,0.3342,0.0194,0.6464
SPADES NINE CLUBS FIVE,0.215,0.4592,0.3258
CLUBS FIVE SPADES EIGHT,0.552,0.0428,0.4052
CLUBS FIVE SPADES TWO,0.5924,0.0456,0.362
CLUBS FIVE SPADES FIVE,0.2742,0.0838,0.642
CLUBS FIVE SPADES FOUR,0.5478,0.038,0.4142
CLUBS EIGHT CLUBS FIVE,0.5134,0.0438,0.4428
CLUBS ACE CLUBS QUEEN,0.3026,0.0052,0.6922
CLUBS KING CLUBS QUEEN,0.3046,0.0076,0.6878
DIAMONDS TEN DIAMONDS FOUR,0.3342,0.0272,0.6386
CLUBS TEN DIAMONDS NINE,0.2196,0.0672,0.7132
DIAMONDS JACK DIAMONDS FOUR,0.3326,0.0174,0.65
DIAMONDS NINE CLUBS JACK,0.2146,0.059,0.7264
SPADES NINE CLUBS JACK,0.2176,0.0614,0.721
CLUBS TEN SPADES NINE,0.207,0.0794,0.7136
DIAMONDS ACE DIAMONDS FOUR,0.3342,0.0022,0.6636
HEARTS FOUR DIAMONDS FOUR,0.2764,0.0778,0.6458
DIAMONDS JACK HEARTS TEN,0.3054,0.012,0.6826
SPADES NINE CLUBS KING,0.2038,0.0358,0.7604
DIAMONDS TWO SPADES TEN,0.3864,0.0268,0.5868
DIAMONDS NINE CLUBS ACE,0.2196,0.0288,0.7516
HEARTS FIVE DIAMONDS FOUR,0.532,0.0454,0.4226
HEARTS JACK DIAMONDS JACK,0.1436,0.0292,0.8272
SPADES NINE CLUBS QUEEN,0.2046,0.0464,0.749
DIAMONDS TWO SPADES JACK,0.379,0.0162,0.6048
DIAMONDS QUEEN DIAMONDS FOUR,0.3388,0.013,0.6482
HEARTS TWO DIAMONDS FOUR,0.5858,0.05,0.3642
DIAMONDS NINE CLUBS QUEEN,0.2244,0.0464,0.7292
DIAMONDS KING DIAMONDS FOUR,0.3486,0.006,0.6454
HEARTS THREE DIAMONDS FOUR,0.6288,0.1012,0.27
SPADES NINE CLUBS ACE,0.2208,0.0294,0.7498
DIAMONDS NINE CLUBS KING,0.2292,0.039,0.7318
HEARTS ACE DIAMONDS JACK,0.3158,0.0036,0.6806
SPADES ACE DIAMONDS TWO,0.3692,0.005,0.6258
DIAMONDS JACK HEARTS QUEEN,0.3082,0.0102,0.6816
SPADES QUEEN DIAMONDS TWO,0.3706,0.0146,0.6148
HEARTS KING DIAMONDS JACK,0.3268,0.0066,0.6666
SPADES KING DIAMONDS TWO,0.3884,0.01,0.6016
SPADES JACK SPADES SEVEN,0.3306,0.0186,0.6508
SPADES TEN SPADES SEVEN,0.3294,0.0266,0.644
CLUBS SEVEN CLUBS THREE,0.618,0.108,0.274
CLUBS SIX CLUBS THREE,0.6026,0.0968,0.3006
CLUBS FIVE CLUBS THREE,0.584,0.103,0.313
CLUBS FOUR CLUBS THREE,0.59,0.1064,0.3036
CLUBS EIGHT CLUBS THREE,0.6328,0.1024,0.2648
CLUBS THREE SPADES FIVE,0.613,0.1164,0.2706
CLUBS THREE SPADES FOUR,0.6126,0.1166,0.2708
CLUBS THREE SPADES TWO,0.6444,0.1036,0.252
CLUBS THREE SPADES SIX,0.629,0.1106,0.2604
SPADES SEVEN CLUBS THREE,0.6662,0.106,0.2278
SPADES EIGHT CLUBS THREE,0.6658,0.1042,0.23
SPADES NINE CLUBS THREE,0.0076,0.9848,0.0076
SPADES TWO DIAMONDS FOUR,0.5824,0.0498,0.3678
SPADES FOUR DIAMONDS FOUR,0.2768,0.079,0.6442
SPADES FIVE DIAMONDS FOUR,0.5406,0.0422,0.4172
SPADES SIX DIAMONDS FOUR,0.5258,0.0432,0.431
SPADES SEVEN DIAMONDS FOUR,0.5456,0.0526,0.4018
SPADES EIGHT DIAMONDS FOUR,0.5536,0.04,0.4064
SPADES NINE DIAMONDS FOUR,0.2164,0.5156,0.268
CLUBS FIVE DIAMONDS FOUR,0.5384,0.0536,0.408
CLUBS FOUR DIAMONDS FOUR,0.2776,0.0886,0.6338
CLUBS SEVEN DIAMONDS FOUR,0.5622,0.0458,0.392
CLUBS SIX DIAMONDS FOUR,0.553,0.0418,0.4052
CLUBS EIGHT DIAMONDS FOUR,0.5618,0.0428,0.3954
DIAMONDS FOUR HEARTS SEVEN,0.5464,0.0338,0.4198
HEARTS SIX DIAMONDS FOUR,0.5372,0.0446,0.4182
HEARTS NINE DIAMONDS FOUR,0.2276,0.5144,0.258
DIAMONDS FOUR HEARTS EIGHT,0.5668,0.044,0.3892
CLUBS THREE DIAMONDS FOUR,0.6316,0.1038,0.2646
CLUBS TWO DIAMONDS FOUR,0.5836,0.048,0.3684
DIAMONDS TEN DIAMONDS FIVE,0.3384,0.025,0.6366
DIAMONDS JACK DIAMONDS FIVE,0.3346,0.0226,0.6428
DIAMONDS NINE HEARTS QUEEN,0.2368,0.0474,0.7158
HEARTS KING DIAMONDS NINE,0.2284,0.037,0.7346
DIAMONDS NINE HEARTS ACE,0.2256,0.028,0.7464
DIAMONDS NINE HEARTS TEN,0.2232,0.0704,0.7064
DIAMONDS NINE HEARTS JACK,0.2348,0.062,0.7032
CLUBS KING DIAMONDS SIX,0.3658,0.009,0.6252
CLUBS QUEEN DIAMONDS SIX,0.3622,0.0134,0.6244
CLUBS ACE DIAMONDS SIX,0.346,0.005,0.649
SPADES KING DIAMONDS FOUR,0.3602,0.0094,0.6304
SPADES ACE SPADES SEVEN,0.332,0.0064,0.6616
SPADES QUEEN DIAMONDS FOUR,0.3618,0.0134,0.6248
SPADES QUEEN SPADES SEVEN,0.346,0.0118,0.6422
CLUBS JACK DIAMONDS SIX,0.3678,0.0164,0.6158
SPADES KING SPADES SEVEN,0.3442,0.008,0.6478
SPADES ACE DIAMONDS FOUR,0.3486,0.0042,0.6472
CLUBS TEN DIAMONDS SIX,0.3414,0.0278,0.6308
CLUBS EIGHT CLUBS FOUR,0.5282,0.043,0.4288
SPADES JACK DIAMONDS FOUR,0.3546,0.0228,0.6226
SPADES TEN DIAMONDS FOUR,0.3514,0.0302,0.6184
CLUBS FOUR CLUBS FIVE,0.5042,0.0444,0.4514
CLUBS SEVEN CLUBS FOUR,0.5324,0.0418,0.4258
CLUBS SIX CLUBS FOUR,0.5134,0.0456,0.441
CLUBS SEVEN SPADES EIGHT,0.5218,0.0422,0.436
CLUBS SEVEN SPADES NINE,0.2116,0.2948,0.4936
CLUBS SEVEN SPADES SIX,0.525,0.044,0.431
CLUBS SEVEN SPADES SEVEN,0.2552,0.0662,0.6786
CLUBS SEVEN SPADES FIVE,0.5338,0.0438,0.4224
CLUBS SEVEN SPADES FOUR,0.552,0.0448,0.4032
CLUBS SEVEN SPADES TWO,0.613,0.0484,0.3386
CLUBS EIGHT CLUBS SEVEN,0.4744,0.0432,0.4824
HEARTS SIX DIAMONDS FIVE,0.533,0.0402,0.4268
DIAMONDS FIVE HEARTS SEVEN,0.5254,0.0432,0.4314
DIAMONDS FIVE HEARTS EIGHT,0.5432,0.0416,0.4152
HEARTS NINE DIAMONDS FIVE,0.2118,0.4584,0.3298
DIAMONDS QUEEN DIAMONDS FIVE,0.3342,0.0088,0.657
HEARTS TWO DIAMONDS FIVE,0.5798,0.043,0.3772
HEARTS KING HEARTS EIGHT,0.333,0.0066,0.6604
DIAMONDS KING DIAMONDS FIVE,0.344,0.0074,0.6486
HEARTS THREE DIAMONDS FIVE,0.6172,0.1062,0.2766
HEARTS QUEEN HEARTS EIGHT,0.3232,0.0108,0.666
DIAMONDS ACE DIAMONDS FIVE,0.3298,0.0046,0.6656
HEARTS FOUR DIAMONDS FIVE,0.5338,0.0472,0.419
HEARTS FIVE DIAMONDS FIVE,0.2792,0.0742,0.6466
HEARTS ACE HEARTS EIGHT,0.3258,0.0044,0.6698
CLUBS FOUR DIAMONDS FIVE,0.5398,0.0452,0.415
CLUBS FIVE DIAMONDS FIVE,0.2748,0.084,0.6412
CLUBS SIX DIAMONDS FIVE,0.5298,0.0426,0.4276
CLUBS SEVEN DIAMONDS FIVE,0.5338,0.04,0.4262
CLUBS TWO DIAMONDS FIVE,0.5808,0.0446,0.3746
CLUBS THREE DIAMONDS FIVE,0.6242,0.1082,0.2676
SPADES TWO DIAMONDS FIVE,0.5842,0.0432,0.3726
SPADES JACK DIAMONDS EIGHT,0.3338,0.0144,0.6518
SPADES FIVE DIAMONDS FIVE,0.2682,0.0794,0.6524
CLUBS TEN HEARTS JACK,0.2934,0.0154,0.6912
SPADES TEN DIAMONDS EIGHT,0.3258,0.0256,0.6486
SPADES FOUR DIAMONDS FIVE,0.5328,0.0484,0.4188
HEARTS JACK CLUBS JACK,0.1378,0.0324,0.8298
HEARTS JACK CLUBS QUEEN,0.3048,0.0102,0.685
HEARTS JACK CLUBS KING,0.3124,0.007,0.6806
CLUBS EIGHT DIAMONDS FIVE,0.542,0.0452,0.4128
HEARTS JACK CLUBS ACE,0.322,0.0048,0.6732
SPADES SEVEN DIAMONDS FIVE,0.5332,0.043,0.4238
SPADES KING DIAMONDS EIGHT,0.3582,0.009,0.6328
SPADES QUEEN DIAMONDS EIGHT,0.354,0.0114,0.6346
SPADES SIX DIAMONDS FIVE,0.5282,0.0448,0.427
SPADES NINE DIAMONDS FIVE,0.2064,0.47,0.3236
SPADES EIGHT DIAMONDS FIVE,0.552,0.0406,0.4074
SPADES ACE DIAMONDS EIGHT,0.346,0.0032,0.6508
DIAMONDS TEN DIAMONDS SIX,0.3224,0.0254,0.6522
HEARTS ACE DIAMONDS SEVEN,0.3548,0.0032,0.642
DIAMONDS JACK DIAMONDS SIX,0.347,0.0172,0.6358
HEARTS QUEEN DIAMONDS SEVEN,0.3712,0.012,0.6168
HEARTS KING DIAMONDS SEVEN,0.3674,0.0076,0.625
DIAMONDS ACE DIAMONDS SIX,0.326,0.0052,0.6688
HEARTS FOUR DIAMONDS SIX,0.5434,0.0452,0.4114
HEARTS JACK SPADES TWO,0.396,0.0202,0.5838
HEARTS FIVE DIAMONDS SIX,0.5314,0.043,0.4256
SPADES TWO HEARTS TEN,0.3924,0.0288,0.5788
DIAMONDS QUEEN DIAMONDS SIX,0.324,0.0116,0.6644
HEARTS TWO DIAMONDS SIX,0.5798,0.0438,0.3764
DIAMONDS KING DIAMONDS SIX,0.3306,0.0098,0.6596
HEARTS THREE DIAMONDS SIX,0.6412,0.1028,0.256
HEARTS EIGHT DIAMONDS SIX,0.5282,0.0458,0.426
HEARTS NINE DIAMONDS SIX,0.2242,0.3728,0.403
HEARTS SIX DIAMONDS SIX,0.2708,0.0704,0.6588
HEARTS SEVEN DIAMONDS SIX,0.5286,0.0428,0.4286
HEARTS TEN DIAMONDS SEVEN,0.325,0.0242,0.6508
CLUBS TWO DIAMONDS SIX,0.6068,0.0482,0.345
HEARTS JACK DIAMONDS SEVEN,0.3532,0.0168,0.63
CLUBS THREE DIAMONDS SIX,0.627,0.1072,0.2658
DIAMONDS EIGHT CLUBS JACK,0.3268,0.018,0.6552
CLUBS SEVEN DIAMONDS SIX,0.5374,0.042,0.4206
CLUBS SIX DIAMONDS SIX,0.2678,0.0706,0.6616
CLUBS TEN DIAMONDS EIGHT,0.3146,0.0276,0.6578
CLUBS FIVE DIAMONDS SIX,0.5362,0.0422,0.4216
CLUBS FOUR DIAMONDS SIX,0.5398,0.0464,0.4138
HEARTS ACE HEARTS JACK,0.3098,0.0038,0.6864
DIAMONDS EIGHT CLUBS ACE,0.3462,0.0046,0.6492
HEARTS JACK HEARTS QUEEN,0.2844,0.011,0.7046
DIAMONDS EIGHT CLUBS KING,0.355,0.0074,0.6376
HEARTS KING HEARTS JACK,0.308,0.0084,0.6836
DIAMONDS EIGHT CLUBS QUEEN,0.3452,0.012,0.6428
CLUBS EIGHT DIAMONDS SIX,0.5428,0.0376,0.4196
SPADES TEN HEARTS KING,0.328,0.0074,0.6646
SPADES FIVE DIAMONDS SIX,0.5284,0.047,0.4246
HEARTS ACE SPADES TWO,0.3814,0.0072,0.6114
SPADES JACK HEARTS KING,0.329,0.0074,0.6636
SPADES FOUR DIAMONDS SIX,0.5442,0.0412,0.4146
SPADES TWO HEARTS QUEEN,0.395,0.015,0.59
SPADES ACE SPADES KING,0.2986,0.0054,0.696
HEARTS KING SPADES TWO,0.3986,0.0074,0.594
SPADES TWO DIAMONDS SIX,0.591,0.0504,0.3586
HEARTS TEN HEARTS EIGHT,0.3128,0.026,0.6612
SPADES NINE DIAMONDS SIX,0.2104,0.3742,0.4154
HEARTS JACK HEARTS EIGHT,0.3132,0.0146,0.6722
SPADES EIGHT DIAMONDS SIX,0.5236,0.045,0.4314
SPADES SEVEN DIAMONDS SIX,0.5264,0.0464,0.4272
SPADES SIX DIAMONDS SIX,0.2688,0.0788,0.6524
SPADES KING HEARTS KING,0.1348,0.0144,0.8508
SPADES QUEEN HEARTS KING,0.3124,0.0068,0.6808
CLUBS ACE CLUBS KING,0.3054,0.0046,0.69
SPADES ACE HEARTS KING,0.327,0.0052,0.6678
SPADES ACE HEARTS JACK,0.319,0.004,0.677
SPADES QUEEN HEARTS JACK,0.3022,0.0102,0.6876
SPADES KING HEARTS JACK,0.331,0.005,0.664
SPADES TEN DIAMONDS TEN,0.1392,0.0398,0.821
SPADES JACK DIAMONDS TEN,0.305,0.0142,0.6808
SPADES ACE DIAMONDS TEN,0.3156,0.0042,0.6802
SPADES JACK HEARTS JACK,0.1362,0.0326,0.8312
SPADES TEN HEARTS JACK,0.297,0.014,0.689
SPADES QUEEN DIAMONDS TEN,0.2996,0.0106,0.6898
SPADES KING DIAMONDS TEN,0.318,0.007,0.675
SPADES NINE DIAMONDS SEVEN,0.208,0.3076,0.4844
SPADES EIGHT DIAMONDS SEVEN,0.519,0.0406,0.4404
SPADES SEVEN DIAMONDS SEVEN,0.267,0.0734,0.6596
SPADES SIX DIAMONDS SEVEN,0.5292,0.0358,0.435
DIAMONDS KING DIAMONDS SEVEN,0.338,0.0068,0.6552
HEARTS THREE DIAMONDS SEVEN,0.6446,0.1028,0.2526
HEARTS KING DIAMONDS FIVE,0.3556,0.0078,0.6366
DIAMONDS QUEEN DIAMONDS SEVEN,0.3462,0.01,0.6438
HEARTS TWO DIAMONDS SEVEN,0.6108,0.0406,0.3486
HEARTS QUEEN DIAMONDS FIVE,0.3556,0.01,0.6344
HEARTS FIVE DIAMONDS SEVEN,0.5262,0.0448,0.429
DIAMONDS ACE DIAMONDS SEVEN,0.3282,0.006,0.6658
HEARTS FOUR DIAMONDS SEVEN,0.5548,0.0426,0.4026
HEARTS ACE DIAMONDS FIVE,0.3462,0.0036,0.6502
HEARTS SEVEN DIAMONDS SEVEN,0.2848,0.0616,0.6536
HEARTS SIX DIAMONDS SEVEN,0.519,0.0396,0.4414
HEARTS NINE DIAMONDS SEVEN,0.221,0.2936,0.4854
DIAMONDS SEVEN HEARTS EIGHT,0.5014,0.0472,0.4514
DIAMONDS JACK DIAMONDS SEVEN,0.3188,0.015,0.6662
HEARTS JACK DIAMONDS FIVE,0.3594,0.015,0.6256
DIAMONDS TEN DIAMONDS SEVEN,0.3142,0.0256,0.6602
DIAMONDS FIVE HEARTS TEN,0.3592,0.0214,0.6194
SPADES KING CLUBS TWO,0.4044,0.0094,0.5862
HEARTS KING CLUBS KING,0.1376,0.0134,0.849
CLUBS EIGHT DIAMONDS SEVEN,0.5404,0.0388,0.4208
SPADES QUEEN CLUBS TWO,0.3896,0.0146,0.5958
HEARTS KING CLUBS QUEEN,0.32,0.0086,0.6714
SPADES TWO CLUBS JACK,0.395,0.0208,0.5842
SPADES ACE CLUBS TWO,0.368,0.0064,0.6256
CLUBS TEN SPADES TWO,0.3866,0.0312,0.5822
HEARTS KING CLUBS ACE,0.3208,0.0044,0.6748
CLUBS SIX CLUBS SEVEN,0.5114,0.042,0.4466
SPADES TWO CLUBS KING,0.384,0.0118,0.6042
SPADES TWO DIAMONDS SEVEN,0.6134,0.0396,0.347
CLUBS EIGHT CLUBS SIX,0.5052,0.0366,0.4582
SPADES TWO CLUBS QUEEN,0.392,0.0146,0.5934
SPADES FOUR DIAMONDS SEVEN,0.54,0.0428,0.4172
HEARTS KING CLUBS JACK,0.3114,0.0074,0.6812
SPADES FIVE DIAMONDS SEVEN,0.5346,0.0452,0.4202
SPADES TWO CLUBS ACE,0.3886,0.0048,0.6066
CLUBS TEN HEARTS KING,0.3178,0.0082,0.674
CLUBS SIX SPADES TWO,0.5968,0.051,0.3522
CLUBS TWO DIAMONDS SEVEN,0.607,0.0456,0.3474
CLUBS SIX SPADES FOUR,0.538,0.0468,0.4152
CLUBS THREE DIAMONDS SEVEN,0.657,0.1016,0.2414
CLUBS SIX SPADES FIVE,0.532,0.0492,0.4188
CLUBS FOUR DIAMONDS SEVEN,0.5626,0.0428,0.3946
CLUBS SIX SPADES SIX,0.2674,0.077,0.6556
CLUBS FIVE DIAMONDS SEVEN,0.5396,0.044,0.4164
CLUBS SIX SPADES SEVEN,0.523,0.0434,0.4336
CLUBS SIX DIAMONDS SEVEN,0.5282,0.0396,0.4322
CLUBS SIX SPADES EIGHT,0.5226,0.0424,0.435
SPADES JACK CLUBS TWO,0.3784,0.0192,0.6024
CLUBS SIX SPADES NINE,0.219,0.3706,0.4104
SPADES TEN CLUBS TWO,0.3926,0.0294,0.578
CLUBS SEVEN DIAMONDS SEVEN,0.2694,0.0652,0.6654
CLUBS TWO CLUBS QUEEN,0.3802,0.017,0.6028
CLUBS TWO CLUBS KING,0.3766,0.0064,0.617
CLUBS THREE DIAMONDS EIGHT,0.6636,0.1042,0.2322
CLUBS TWO CLUBS ACE,0.361,0.0062,0.6328
CLUBS TWO DIAMONDS EIGHT,0.6204,0.0438,0.3358
DIAMONDS EIGHT HEARTS SEVEN,0.5124,0.039,0.4486
HEARTS SIX DIAMONDS EIGHT,0.5294,0.0444,0.4262
DIAMONDS EIGHT HEARTS NINE,0.231,0.2168,0.5522
CLUBS TEN CLUBS TWO,0.369,0.0256,0.6054
DIAMONDS EIGHT HEARTS EIGHT,0.2484,0.0574,0.6942
CLUBS TWO CLUBS JACK,0.3752,0.0206,0.6042
CLUBS EIGHT DIAMONDS EIGHT,0.2636,0.0584,0.678
CLUBS FIVE DIAMONDS EIGHT,0.5292,0.0454,0.4254
CLUBS FOUR DIAMONDS EIGHT,0.5512,0.0438,0.405
CLUBS SEVEN DIAMONDS EIGHT,0.505,0.0366,0.4584
CLUBS SIX DIAMONDS EIGHT,0.5428,0.0426,0.4146
DIAMONDS QUEEN DIAMONDS EIGHT,0.325,0.0102,0.6648
HEARTS TWO DIAMONDS EIGHT,0.6026,0.0444,0.353
DIAMONDS KING DIAMONDS EIGHT,0.3374,0.006,0.6566
HEARTS THREE DIAMONDS EIGHT,0.661,0.1048,0.2342
DIAMONDS ACE DIAMONDS EIGHT,0.3362,0.0058,0.658
HEARTS FOUR DIAMONDS EIGHT,0.5506,0.0432,0.4062
HEARTS FIVE DIAMONDS EIGHT,0.5466,0.044,0.4094
DIAMONDS EIGHT DIAMONDS TEN,0.3068,0.027,0.6662
DIAMONDS EIGHT DIAMONDS JACK,0.3312,0.0132,0.6556
CLUBS FOUR HEARTS ACE,0.3508,0.0046,0.6446
CLUBS FOUR HEARTS QUEEN,0.362,0.0114,0.6266
CLUBS FOUR HEARTS KING,0.3752,0.0074,0.6174
CLUBS SIX HEARTS TEN,0.3504,0.0286,0.621
CLUBS SIX HEARTS JACK,0.3594,0.0178,0.6228
DIAMONDS EIGHT SPADES FOUR,0.5574,0.0444,0.3982
SPADES FIVE DIAMONDS EIGHT,0.542,0.0422,0.4158
DIAMONDS EIGHT SPADES TWO,0.6008,0.046,0.3532
CLUBS FOUR HEARTS JACK,0.3614,0.0244,0.6142
SPADES EIGHT DIAMONDS EIGHT,0.2544,0.0544,0.6912
SPADES TEN DIAMONDS QUEEN,0.297,0.0112,0.6918
SPADES TEN HEARTS TWO,0.3788,0.0272,0.594
SPADES JACK HEARTS EIGHT,0.3298,0.0186,0.6516
CLUBS FOUR HEARTS TEN,0.365,0.032,0.603
SPADES NINE DIAMONDS EIGHT,0.216,0.2278,0.5562
SPADES TEN HEARTS EIGHT,0.3232,0.0256,0.6512
SPADES JACK HEARTS TWO,0.3862,0.021,0.5928
SPADES JACK DIAMONDS QUEEN,0.3108,0.0104,0.6788
SPADES SIX DIAMONDS EIGHT,0.5288,0.043,0.4282
SPADES SEVEN DIAMONDS EIGHT,0.4972,0.0434,0.4594
SPADES ACE HEARTS TWO,0.369,0.0038,0.6272
SPADES ACE DIAMONDS QUEEN,0.3248,0.0056,0.6696
SPADES ACE HEARTS EIGHT,0.3372,0.0036,0.6592
SPADES KING HEARTS EIGHT,0.3522,0.0064,0.6414
SPADES QUEEN HEARTS TWO,0.3854,0.016,0.5986
SPADES QUEEN DIAMONDS QUEEN,0.1332,0.0222,0.8446
SPADES KING DIAMONDS QUEEN,0.316,0.0068,0.6772
SPADES KING HEARTS TWO,0.3858,0.0076,0.6066
SPADES QUEEN HEARTS EIGHT,0.3432,0.0116,0.6452
CLUBS TWO HEARTS TEN,0.3898,0.028,0.5822
CLUBS TWO HEARTS JACK,0.4008,0.0196,0.5796
SPADES SEVEN DIAMONDS NINE,0.222,0.289,0.489
SPADES SIX DIAMONDS NINE,0.2156,0.3806,0.4038
SPADES NINE DIAMONDS NINE,0.075,0.0668,0.8582
SPADES EIGHT DIAMONDS NINE,0.1982,0.2384,0.5634
SPADES TEN CLUBS KING,0.3118,0.0068,0.6814
SPADES JACK CLUBS KING,0.312,0.0084,0.6796
DIAMONDS NINE SPADES TWO,0.2642,0.5242,0.2116
DIAMONDS NINE SPADES FIVE,0.2126,0.4682,0.3192
DIAMONDS NINE SPADES FOUR,0.214,0.5174,0.2686
CLUBS EIGHT DIAMONDS NINE,0.2146,0.2338,0.5516
CLUBS SIX DIAMONDS NINE,0.224,0.3678,0.4082
SPADES JACK CLUBS FOUR,0.36,0.021,0.619
SPADES TEN CLUBS FOUR,0.3518,0.0304,0.6178
CLUBS SEVEN DIAMONDS NINE,0.2208,0.2848,0.4944
CLUBS FOUR DIAMONDS NINE,0.2198,0.5324,0.2478
CLUBS FIVE DIAMONDS NINE,0.2202,0.4538,0.326
CLUBS TWO DIAMONDS NINE,0.2694,0.5224,0.2082
CLUBS THREE DIAMONDS NINE,0.0172,0.9708,0.012
DIAMONDS NINE HEARTS EIGHT,0.2186,0.2298,0.5516
DIAMONDS NINE HEARTS NINE,0.0748,0.0704,0.8548
HEARTS SIX DIAMONDS NINE,0.2222,0.3678,0.41
DIAMONDS NINE HEARTS SEVEN,0.221,0.2832,0.4958
DIAMONDS ACE DIAMONDS NINE,0.2146,0.0264,0.759
HEARTS FOUR DIAMONDS NINE,0.2234,0.5064,0.2702
HEARTS FIVE DIAMONDS NINE,0.2258,0.4484,0.3258
CLUBS TWO HEARTS ACE,0.3846,0.0036,0.6118
SPADES ACE CLUBS FOUR,0.3396,0.0054,0.655
DIAMONDS QUEEN DIAMONDS NINE,0.2258,0.0428,0.7314
HEARTS TWO DIAMONDS NINE,0.2616,0.5202,0.2182
CLUBS TWO HEARTS KING,0.3964,0.0088,0.5948
SPADES KING CLUBS FOUR,0.364,0.0074,0.6286
DIAMONDS KING DIAMONDS NINE,0.2148,0.0364,0.7488
HEARTS THREE DIAMONDS NINE,0.0248,0.9526,0.0226
CLUBS TWO HEARTS QUEEN,0.3928,0.0118,0.5954
SPADES QUEEN CLUBS FOUR,0.3634,0.0142,0.6224
DIAMONDS NINE DIAMONDS JACK,0.217,0.0574,0.7256
CLUBS EIGHT SPADES NINE,0.2076,0.2368,0.5556
DIAMONDS NINE DIAMONDS TEN,0.2182,0.0732,0.7086
CLUBS EIGHT SPADES EIGHT,0.268,0.051,0.681
CLUBS EIGHT SPADES SEVEN,0.513,0.0476,0.4394
CLUBS EIGHT SPADES SIX,0.5428,0.0452,0.412
CLUBS EIGHT SPADES FIVE,0.5498,0.0474,0.4028
CLUBS EIGHT SPADES FOUR,0.5618,0.0428,0.3954
CLUBS EIGHT SPADES TWO,0.605,0.0444,0.3506
HEARTS SIX DIAMONDS TEN,0.3568,0.0268,0.6164
DIAMONDS TEN HEARTS SEVEN,0.3404,0.0298,0.6298
DIAMONDS TEN HEARTS EIGHT,0.3224,0.0234,0.6542
CLUBS FOUR CLUBS JACK,0.349,0.0172,0.6338
DIAMONDS TEN HEARTS NINE,0.2214,0.0782,0.7004
CLUBS TEN CLUBS FOUR,0.3428,0.0252,0.632
CLUBS FOUR CLUBS KING,0.3478,0.0092,0.643
CLUBS FOUR CLUBS QUEEN,0.337,0.0148,0.6482
CLUBS TWO DIAMONDS TEN,0.4096,0.0268,0.5636
CLUBS THREE DIAMONDS TEN,0.2362,0.0856,0.6782
CLUBS FOUR CLUBS ACE,0.3312,0.0048,0.664
DIAMONDS JACK DIAMONDS TEN,0.2876,0.0138,0.6986
DIAMONDS QUEEN DIAMONDS TEN,0.2862,0.0116,0.7022
HEARTS TWO DIAMONDS TEN,0.381,0.0286,0.5904
DIAMONDS KING DIAMONDS TEN,0.2944,0.0064,0.6992
HEARTS THREE DIAMONDS TEN,0.2358,0.0748,0.6894
DIAMONDS ACE DIAMONDS TEN,0.2904,0.0032,0.7064
HEARTS FOUR DIAMONDS TEN,0.353,0.026,0.621
CLUBS EIGHT HEARTS JACK,0.3406,0.019,0.6404
HEARTS FIVE DIAMONDS TEN,0.3614,0.025,0.6136
CLUBS EIGHT HEARTS TEN,0.336,0.0236,0.6404
CLUBS EIGHT HEARTS QUEEN,0.352,0.0124,0.6356
CLUBS EIGHT HEARTS KING,0.3636,0.0056,0.6308
CLUBS EIGHT HEARTS ACE,0.358,0.0064,0.6356
CLUBS TEN HEARTS EIGHT,0.321,0.0278,0.6512
CLUBS JACK HEARTS EIGHT,0.3364,0.02,0.6436
CLUBS QUEEN HEARTS EIGHT,0.3512,0.0096,0.6392
CLUBS KING HEARTS EIGHT,0.3498,0.0072,0.643
CLUBS ACE HEARTS EIGHT,0.342,0.0046,0.6534
SPADES KING CLUBS KING,0.1238,0.0136,0.8626
SPADES QUEEN CLUBS KING,0.313,0.009,0.678
SPADES ACE CLUBS KING,0.312,0.0042,0.6838
DIAMONDS ACE HEARTS TEN,0.3174,0.0042,0.6784
HEARTS FOUR HEARTS TEN,0.329,0.0274,0.6436
DIAMONDS ACE HEARTS JACK,0.3256,0.0028,0.6716
HEARTS FOUR HEARTS JACK,0.3372,0.0194,0.6434
SPADES KING CLUBS FIVE,0.352,0.009,0.639
SPADES QUEEN CLUBS FIVE,0.3486,0.0126,0.6388
SPADES ACE CLUBS FIVE,0.3364,0.0058,0.6578
DIAMONDS JACK HEARTS SEVEN,0.344,0.0166,0.6394
HEARTS SIX DIAMONDS JACK,0.3596,0.0164,0.624
DIAMONDS JACK HEARTS NINE,0.2306,0.0604,0.709
DIAMONDS JACK HEARTS EIGHT,0.3386,0.0162,0.6452
DIAMONDS KING DIAMONDS JACK,0.2974,0.006,0.6966
HEARTS THREE DIAMONDS JACK,0.2466,0.0572,0.6962
SPADES ACE SPADES SIX,0.3372,0.0056,0.6572
HEARTS ACE SPADES FOUR,0.3608,0.0044,0.6348
DIAMONDS QUEEN DIAMONDS JACK,0.291,0.0098,0.6992
HEARTS TWO DIAMONDS JACK,0.4018,0.0182,0.58
HEARTS FIVE DIAMONDS JACK,0.3574,0.0172,0.6254
SPADES QUEEN SPADES SIX,0.3372,0.009,0.6538
SPADES FOUR HEARTS QUEEN,0.359,0.0134,0.6276
DIAMONDS ACE DIAMONDS JACK,0.294,0.0058,0.7002
HEARTS FOUR DIAMONDS JACK,0.3564,0.0184,0.6252
SPADES KING SPADES SIX,0.3582,0.0076,0.6342
HEARTS KING SPADES FOUR,0.3582,0.0102,0.6316
SPADES TEN SPADES SIX,0.333,0.0272,0.6398
SPADES JACK SPADES SIX,0.3384,0.0188,0.6428
SPADES FOUR DIAMONDS JACK,0.3564,0.0224,0.6212
SPADES FIVE DIAMONDS JACK,0.353,0.0174,0.6296
DIAMONDS JACK SPADES TWO,0.3926,0.0188,0.5886
SPADES ACE DIAMONDS THREE,0.2416,0.0216,0.7368
SPADES QUEEN DIAMONDS THREE,0.2318,0.0494,0.7188
CLUBS EIGHT DIAMONDS JACK,0.3474,0.0196,0.633
SPADES KING DIAMONDS THREE,0.232,0.0298,0.7382
CLUBS SIX DIAMONDS JACK,0.358,0.0196,0.6224
CLUBS SEVEN DIAMONDS JACK,0.3446,0.016,0.6394
CLUBS FOUR DIAMONDS JACK,0.3624,0.018,0.6196
CLUBS FIVE DIAMONDS JACK,0.353,0.0222,0.6248
CLUBS TWO DIAMONDS JACK,0.3784,0.0184,0.6032
CLUBS THREE DIAMONDS JACK,0.2392,0.0582,0.7026
SPADES TEN CLUBS FIVE,0.3524,0.0284,0.6192
HEARTS SIX SPADES JACK,0.353,0.0156,0.6314
HEARTS SIX SPADES TEN,0.3304,0.0262,0.6434
SPADES JACK CLUBS FIVE,0.3628,0.0226,0.6146
SPADES JACK DIAMONDS THREE,0.2378,0.058,0.7042
CLUBS SEVEN CLUBS ACE,0.3366,0.0048,0.6586
DIAMONDS THREE SPADES TEN,0.2296,0.0808,0.6896
CLUBS SEVEN CLUBS QUEEN,0.3562,0.0118,0.632
CLUBS SEVEN CLUBS KING,0.348,0.008,0.644
SPADES NINE DIAMONDS JACK,0.2258,0.0634,0.7108
CLUBS TEN CLUBS SEVEN,0.3182,0.0286,0.6532
DIAMONDS ACE HEARTS ACE,0.1312,0.0052,0.8636
HEARTS FOUR HEARTS ACE,0.3264,0.005,0.6686
SPADES EIGHT DIAMONDS JACK,0.3234,0.0172,0.6594
SPADES ACE HEARTS SIX,0.3446,0.0054,0.65
CLUBS SEVEN CLUBS JACK,0.3464,0.0196,0.634
DIAMONDS ACE HEARTS KING,0.3234,0.0044,0.6722
HEARTS FOUR HEARTS KING,0.3442,0.0096,0.6462
SPADES SEVEN DIAMONDS JACK,0.3418,0.0174,0.6408
SPADES KING HEARTS SIX,0.3638,0.009,0.6272
DIAMONDS ACE HEARTS QUEEN,0.3292,0.0036,0.6672
HEARTS FOUR HEARTS QUEEN,0.334,0.0148,0.6512
SPADES QUEEN HEARTS SIX,0.3488,0.0096,0.6416
SPADES SIX DIAMONDS JACK,0.3574,0.0208,0.6218
SPADES TWO DIAMONDS TEN,0.3978,0.031,0.5712
SPADES FOUR DIAMONDS TEN,0.3542,0.0278,0.618
SPADES FIVE DIAMONDS TEN,0.3498,0.0256,0.6246
SPADES SIX DIAMONDS TEN,0.3422,0.0294,0.6284
SPADES SEVEN DIAMONDS TEN,0.3372,0.0276,0.6352
SPADES EIGHT DIAMONDS TEN,0.33,0.023,0.647
SPADES NINE DIAMONDS TEN,0.2088,0.0796,0.7116
CLUBS FOUR DIAMONDS TEN,0.3666,0.0294,0.604
CLUBS FIVE DIAMONDS TEN,0.3504,0.0276,0.622
CLUBS SIX DIAMONDS TEN,0.3586,0.0268,0.6146
CLUBS SEVEN DIAMONDS TEN,0.3318,0.0312,0.637
CLUBS EIGHT DIAMONDS TEN,0.33,0.0294,0.6406
DIAMONDS THREE CLUBS JACK,0.2216,0.058,0.7204
CLUBS TEN DIAMONDS THREE,0.2306,0.077,0.6924
DIAMONDS THREE CLUBS KING,0.2338,0.0364,0.7298
DIAMONDS THREE CLUBS QUEEN,0.2418,0.0384,0.7198
DIAMONDS THREE CLUBS ACE,0.2328,0.021,0.7462
SPADES FOUR HEARTS JACK,0.344,0.019,0.637
SPADES FOUR HEARTS TEN,0.3418,0.0278,0.6304
SPADES FIVE SPADES TWO,0.5418,0.0428,0.4154
SPADES FOUR SPADES TWO,0.5408,0.0474,0.4118
SPADES NINE SPADES TWO,0.242,0.5024,0.2556
SPADES EIGHT SPADES TWO,0.5756,0.0416,0.3828
SPADES SEVEN SPADES TWO,0.5672,0.0426,0.3902
SPADES SIX SPADES TWO,0.5556,0.0432,0.4012
DIAMONDS QUEEN CLUBS THREE,0.2444,0.0446,0.711
HEARTS TWO CLUBS THREE,0.6344,0.107,0.2586
DIAMONDS QUEEN CLUBS TWO,0.384,0.0132,0.6028
CLUBS TWO HEARTS TWO,0.3688,0.0886,0.5426
DIAMONDS QUEEN HEARTS SEVEN,0.3746,0.0118,0.6136
HEARTS TWO HEARTS SEVEN,0.5662,0.0452,0.3886
HEARTS SIX DIAMONDS QUEEN,0.3576,0.01,0.6324
HEARTS SIX HEARTS TWO,0.5658,0.0434,0.3908
DIAMONDS QUEEN HEARTS NINE,0.2218,0.0504,0.7278
HEARTS TWO HEARTS NINE,0.255,0.4944,0.2506
DIAMONDS QUEEN HEARTS EIGHT,0.3548,0.0086,0.6366
HEARTS TWO HEARTS EIGHT,0.5618,0.0436,0.3946
CLUBS EIGHT HEARTS TWO,0.6094,0.0348,0.3558
CLUBS EIGHT DIAMONDS QUEEN,0.35,0.0108,0.6392
CLUBS FIVE DIAMONDS QUEEN,0.3552,0.012,0.6328
CLUBS FIVE HEARTS TWO,0.5804,0.0444,0.3752
SPADES EIGHT HEARTS ACE,0.3498,0.0034,0.6468
CLUBS FOUR DIAMONDS QUEEN,0.3638,0.015,0.6212
CLUBS FOUR HEARTS TWO,0.6016,0.0454,0.353
SPADES EIGHT HEARTS QUEEN,0.3526,0.0098,0.6376
CLUBS SEVEN HEARTS TWO,0.6072,0.0462,0.3466
CLUBS SEVEN DIAMONDS QUEEN,0.3608,0.0136,0.6256
CLUBS SIX DIAMONDS QUEEN,0.3658,0.014,0.6202
CLUBS SIX HEARTS TWO,0.6016,0.0454,0.353
SPADES EIGHT HEARTS KING,0.3574,0.0098,0.6328
HEARTS TWO SPADES SIX,0.5906,0.0454,0.364
DIAMONDS QUEEN SPADES SIX,0.3604,0.011,0.6286
HEARTS FOUR CLUBS QUEEN,0.348,0.0112,0.6408
DIAMONDS ACE CLUBS QUEEN,0.316,0.0046,0.6794
DIAMONDS QUEEN SPADES SEVEN,0.3592,0.012,0.6288
HEARTS TWO SPADES SEVEN,0.599,0.0482,0.3528
HEARTS FOUR CLUBS KING,0.355,0.0118,0.6332
DIAMONDS ACE CLUBS KING,0.3186,0.0056,0.6758
DIAMONDS QUEEN SPADES EIGHT,0.344,0.0138,0.6422
SPADES EIGHT HEARTS TWO,0.605,0.0426,0.3524
HEARTS FOUR CLUBS ACE,0.3526,0.0052,0.6422
DIAMONDS ACE CLUBS ACE,0.1264,0.0048,0.8688
SPADES NINE DIAMONDS QUEEN,0.218,0.0476,0.7344
SPADES NINE HEARTS TWO,0.2534,0.5244,0.2222
HEARTS TWO SPADES TWO,0.3812,0.0884,0.5304
DIAMONDS QUEEN SPADES TWO,0.3944,0.012,0.5936
HEARTS TWO SPADES FOUR,0.5748,0.0502,0.375
DIAMONDS QUEEN SPADES FOUR,0.3658,0.01,0.6242
HEARTS FOUR CLUBS TEN,0.354,0.025,0.621
CLUBS TEN DIAMONDS ACE,0.3282,0.0052,0.6666
HEARTS TWO SPADES FIVE,0.5762,0.0448,0.379
DIAMONDS QUEEN SPADES FIVE,0.3574,0.013,0.6296
HEARTS FOUR CLUBS JACK,0.3524,0.0194,0.6282
DIAMONDS ACE CLUBS JACK,0.3172,0.0052,0.6776
CLUBS FIVE CLUBS KING,0.3366,0.0088,0.6546
CLUBS FIVE CLUBS QUEEN,0.3378,0.0124,0.6498
CLUBS FIVE CLUBS ACE,0.3338,0.0056,0.6606
CLUBS FIVE CLUBS JACK,0.3484,0.018,0.6336
CLUBS TEN CLUBS FIVE,0.3404,0.0234,0.6362
SPADES KING CLUBS JACK,0.3026,0.0072,0.6902
SPADES QUEEN CLUBS JACK,0.2946,0.011,0.6944
SPADES ACE CLUBS JACK,0.3178,0.0044,0.6778
SPADES SIX CLUBS KING,0.3434,0.0082,0.6484
SPADES SIX CLUBS QUEEN,0.3486,0.0116,0.6398
SPADES EIGHT HEARTS JACK,0.3284,0.0166,0.655
SPADES SIX CLUBS ACE,0.3516,0.0036,0.6448
SPADES EIGHT HEARTS TEN,0.325,0.0278,0.6472
SPADES SIX CLUBS JACK,0.3454,0.0158,0.6388
CLUBS TEN SPADES SIX,0.3376,0.033,0.6294
SPADES TEN CLUBS JACK,0.3044,0.0124,0.6832
SPADES JACK CLUBS JACK,0.1198,0.0362,0.844
SPADES QUEEN CLUBS SEVEN,0.3546,0.0124,0.633
SPADES KING CLUBS SEVEN,0.3578,0.0088,0.6334
SPADES ACE CLUBS SEVEN,0.3468,0.0044,0.6488
SPADES SIX HEARTS TEN,0.3432,0.028,0.6288
SPADES SIX HEARTS JACK,0.3544,0.0178,0.6278
SPADES SIX HEARTS ACE,0.3414,0.0038,0.6548
SPADES SIX HEARTS KING,0.3598,0.007,0.6332
SPADES SIX HEARTS QUEEN,0.3458,0.013,0.6412
SPADES JACK CLUBS SEVEN,0.3496,0.0184,0.632
CLUBS SEVEN SPADES TEN,0.3316,0.024,0.6444
CLUBS TEN HEARTS SIX,0.3434,0.0304,0.6262
HEARTS SIX CLUBS JACK,0.3468,0.0152,0.638
CLUBS ACE CLUBS JACK,0.3012,0.0056,0.6932
HEARTS SIX CLUBS QUEEN,0.3502,0.0142,0.6356
HEARTS SIX CLUBS KING,0.3516,0.0086,0.6398
HEARTS SIX CLUBS ACE,0.3504,0.0048,0.6448
CLUBS QUEEN CLUBS JACK,0.3078,0.0082,0.684
CLUBS KING CLUBS JACK,0.2962,0.0062,0.6976
DIAMONDS THREE HEARTS ACE,0.2368,0.0188,0.7444
DIAMONDS THREE HEARTS QUEEN,0.2324,0.0412,0.7264
DIAMONDS THREE HEARTS KING,0.2426,0.0284,0.729
CLUBS FIVE HEARTS JACK,0.3504,0.0198,0.6298
SPADES TEN DIAMONDS ACE,0.3198,0.0044,0.6758
HEARTS FOUR SPADES TEN,0.3608,0.025,0.6142
CLUBS FIVE HEARTS TEN,0.3532,0.028,0.6188
HEARTS FOUR SPADES JACK,0.3488,0.0208,0.6304
SPADES JACK DIAMONDS ACE,0.3136,0.0058,0.6806
SPADES ACE HEARTS FOUR,0.3524,0.0052,0.6424
SPADES ACE DIAMONDS ACE,0.119,0.0028,0.8782
CLUBS FIVE HEARTS ACE,0.35,0.0046,0.6454
CLUBS FIVE HEARTS KING,0.3646,0.0072,0.6282
HEARTS FOUR SPADES QUEEN,0.3646,0.0132,0.6222
SPADES QUEEN DIAMONDS ACE,0.3244,0.0056,0.67
SPADES FOUR CLUBS JACK,0.345,0.019,0.636
CLUBS FIVE HEARTS QUEEN,0.361,0.0126,0.6264
SPADES KING DIAMONDS ACE,0.316,0.0032,0.6808
HEARTS FOUR SPADES KING,0.358,0.0084,0.6336
CLUBS TEN SPADES FOUR,0.339,0.0294,0.6316
DIAMONDS QUEEN DIAMONDS ACE,0.3048,0.0056,0.6896
HEARTS TWO DIAMONDS ACE,0.3864,0.0052,0.6084
HEARTS FOUR DIAMONDS QUEEN,0.3568,0.0134,0.6298
HEARTS FOUR HEARTS TWO,0.5468,0.048,0.4052
DIAMONDS THREE HEARTS TEN,0.2376,0.0758,0.6866
SPADES FOUR CLUBS KING,0.347,0.0084,0.6446
HEARTS FIVE DIAMONDS QUEEN,0.3542,0.0122,0.6336
HEARTS FIVE HEARTS TWO,0.5424,0.046,0.4116
DIAMONDS THREE HEARTS JACK,0.2398,0.0608,0.6994
SPADES FOUR CLUBS QUEEN,0.3636,0.0132,0.6232
DIAMONDS QUEEN HEARTS TWO,0.3908,0.011,0.5982
DIAMONDS KING DIAMONDS QUEEN,0.3124,0.0072,0.6804
DIAMONDS KING HEARTS TWO,0.4042,0.009,0.5868
HEARTS THREE DIAMONDS QUEEN,0.2338,0.0434,0.7228
HEARTS THREE HEARTS TWO,0.586,0.1096,0.3044
SPADES FOUR CLUBS ACE,0.34,0.0066,0.6534
HEARTS TWO CLUBS ACE,0.3704,0.0052,0.6244
DIAMONDS QUEEN CLUBS ACE,0.3142,0.0046,0.6812
HEARTS TWO CLUBS QUEEN,0.3868,0.0154,0.5978
DIAMONDS QUEEN CLUBS QUEEN,0.129,0.0214,0.8496
HEARTS TWO CLUBS KING,0.3874,0.0096,0.603
DIAMONDS QUEEN CLUBS KING,0.3178,0.007,0.6752
SPADES EIGHT SPADES FIVE,0.5214,0.0406,0.438
CLUBS TEN HEARTS TWO,0.3748,0.0262,0.599
CLUBS TEN DIAMONDS QUEEN,0.2946,0.0124,0.693
SPADES NINE SPADES FIVE,0.2032,0.4358,0.361
HEARTS TWO CLUBS JACK,0.3854,0.0218,0.5928
DIAMONDS QUEEN CLUBS JACK,0.3182,0.0096,0.6722
SPADES SIX SPADES FIVE,0.5002,0.0414,0.4584
SPADES SEVEN SPADES FIVE,0.5146,0.0378,0.4476
DIAMONDS FIVE CLUBS QUEEN,0.3594,0.011,0.6296
SPADES EIGHT CLUBS ACE,0.3344,0.0054,0.6602
DIAMONDS FIVE CLUBS KING,0.3572,0.0064,0.6364
SPADES EIGHT CLUBS KING,0.3586,0.0076,0.6338
CLUBS ACE DIAMONDS FIVE,0.3472,0.0054,0.6474
SPADES EIGHT CLUBS QUEEN,0.3326,0.0132,0.6542
SPADES EIGHT CLUBS JACK,0.3368,0.0156,0.6476
CLUBS TEN SPADES EIGHT,0.3196,0.0258,0.6546
CLUBS TEN DIAMONDS FIVE,0.3548,0.025,0.6202
DIAMONDS FIVE CLUBS JACK,0.3522,0.0166,0.6312
HEARTS JACK DIAMONDS TEN,0.302,0.0142,0.6838
DIAMONDS TEN HEARTS TEN,0.154,0.0324,0.8136
HEARTS SIX HEARTS KING,0.3416,0.0082,0.6502
DIAMONDS KING SPADES SEVEN,0.358,0.008,0.634
HEARTS THREE SPADES SEVEN,0.6476,0.104,0.2484
SPADES KING DIAMONDS SEVEN,0.3492,0.0084,0.6424
HEARTS SIX HEARTS QUEEN,0.3376,0.0072,0.6552
SPADES QUEEN DIAMONDS SEVEN,0.3666,0.0102,0.6232
HEARTS THREE SPADES SIX,0.6286,0.1094,0.262
DIAMONDS KING SPADES SIX,0.3532,0.0088,0.638
DIAMONDS KING SPADES NINE,0.2224,0.0364,0.7412
