opposingHand,winningChance,drawChance,lostChance
CLUBS NINE SPADES JACK
CLUBS THREE SPADES SIX,0.6518,0.0158,0.3324
DIAMONDS THREE CLUBS SIX,0.65,0.0174,0.3326
SPADES THREE HEARTS SEVEN,0.6522,0.0144,0.3334
CLUBS TWO DIAMONDS QUEEN,0.4406,0.0112,0.5482
SPADES ACE CLUBS FIVE,0.4328,0.0052,0.562
DIAMONDS THREE CLUBS FOUR,0.6322,0.0216,0.3462
SPADES THREE CLUBS KING,0.4254,0.0086,0.566
DIAMONDS ACE HEARTS SEVEN,0.4192,0.003,0.5778
CLUBS THREE SPADES FIVE,0.6354,0.0174,0.3472
CLUBS FIVE HEARTS TEN,0.6586,0.0144,0.327
CLUBS SEVEN CLUBS KING,0.398,0.0072,0.5948
HEARTS TWO CLUBS JACK,0.615,0.1688,0.2162
HEARTS FOUR SPADES FIVE,0.6158,0.0172,0.367
DIAMONDS TWO CLUBS THREE,0.6528,0.018,0.3292
HEARTS TWO DIAMONDS SEVEN,0.6756,0.0142,0.3102
SPADES THREE HEARTS QUEEN,0.4362,0.0122,0.5516
SPADES NINE SPADES FIVE,0.6612,0.0636,0.2752
HEARTS SIX CLUBS FIVE,0.622,0.018,0.36
SPADES NINE HEARTS TEN,0.7042,0.0524,0.2434
CLUBS TEN SPADES FIVE,0.6728,0.0154,0.3118
DIAMONDS KING SPADES FOUR,0.4424,0.0068,0.5508
SPADES THREE CLUBS QUEEN,0.43,0.0118,0.5582
CLUBS TWO SPADES TWO,0.4656,0.0358,0.4986
CLUBS TEN SPADES FOUR,0.664,0.018,0.318
HEARTS SEVEN DIAMONDS FOUR,0.6458,0.019,0.3352
CLUBS SIX HEARTS TEN,0.6446,0.0154,0.34
DIAMONDS QUEEN HEARTS EIGHT,0.4068,0.012,0.5812
CLUBS EIGHT SPADES QUEEN,0.4082,0.0116,0.5802
CLUBS FIVE DIAMONDS JACK,0.6016,0.1768,0.2216
SPADES TEN DIAMONDS SEVEN,0.6292,0.0128,0.358
DIAMONDS KING DIAMONDS JACK,0.2406,0.0266,0.7328
CLUBS TEN SPADES QUEEN,0.3532,0.008,0.6388
CLUBS TEN DIAMONDS TWO,0.6538,0.0172,0.329
CLUBS TEN CLUBS FOUR,0.6236,0.0168,0.3596
DIAMONDS TWO DIAMONDS NINE,0.6754,0.059,0.2656
SPADES TEN HEARTS TEN,0.2982,0.0242,0.6776
SPADES FIVE SPADES THREE,0.6122,0.0166,0.3712
DIAMONDS THREE CLUBS TWO,0.6488,0.0158,0.3354
SPADES QUEEN CLUBS THREE,0.4356,0.0122,0.5522
DIAMONDS TEN HEARTS QUEEN,0.3606,0.0094,0.63
HEARTS FOUR DIAMONDS QUEEN,0.4454,0.0082,0.5464
HEARTS QUEEN SPADES TWO,0.4376,0.0124,0.55
HEARTS JACK DIAMONDS EIGHT,0.5998,0.1732,0.227
DIAMONDS EIGHT HEARTS TEN,0.6094,0.0162,0.3744
DIAMONDS NINE HEARTS TEN,0.6862,0.051,0.2628
SPADES FIVE DIAMONDS SEVEN,0.6388,0.0188,0.3424
HEARTS TWO SPADES FOUR,0.644,0.0208,0.3352
CLUBS SEVEN HEARTS NINE,0.7028,0.0564,0.2408
HEARTS TWO SPADES TWO,0.4644,0.0298,0.5058
DIAMONDS TEN DIAMONDS FIVE,0.5946,0.0146,0.3908
CLUBS ACE CLUBS JACK,0.2406,0.0164,0.743
SPADES FIVE HEARTS SEVEN,0.6354,0.0176,0.347
SPADES FOUR DIAMONDS TEN,0.6512,0.0144,0.3344
SPADES EIGHT DIAMONDS NINE,0.6846,0.0596,0.2558
DIAMONDS QUEEN HEARTS QUEEN,0.165,0.0096,0.8254
DIAMONDS TWO SPADES THREE,0.6406,0.019,0.3404
DIAMONDS JACK HEARTS JACK,0.134,0.0388,0.8272
DIAMONDS EIGHT CLUBS ACE,0.417,0.0044,0.5786
CLUBS FOUR CLUBS QUEEN,0.422,0.009,0.569
CLUBS EIGHT HEARTS FOUR,0.6696,0.0174,0.313
CLUBS SIX DIAMONDS NINE,0.7134,0.0574,0.2292
CLUBS EIGHT HEARTS THREE,0.678,0.0164,0.3056
SPADES SEVEN HEARTS TEN,0.6394,0.0166,0.344
HEARTS FOUR DIAMONDS JACK,0.6032,0.1692,0.2276
HEARTS FIVE CLUBS SIX,0.6158,0.0176,0.3666
DIAMONDS JACK SPADES THREE,0.6206,0.1614,0.218
SPADES FIVE HEARTS KING,0.4272,0.0062,0.5666
DIAMONDS NINE SPADES TWO,0.727,0.0586,0.2144
CLUBS TEN SPADES SEVEN,0.6408,0.0176,0.3416
CLUBS EIGHT HEARTS KING,0.4084,0.0062,0.5854
HEARTS FIVE DIAMONDS SIX,0.6134,0.0166,0.37
DIAMONDS QUEEN DIAMONDS TEN,0.3388,0.0112,0.65
HEARTS THREE DIAMONDS FIVE,0.631,0.0148,0.3542
CLUBS TWO CLUBS KING,0.4244,0.0074,0.5682
CLUBS THREE CLUBS QUEEN,0.4176,0.0094,0.573
CLUBS QUEEN CLUBS JACK,0.2352,0.0402,0.7246
CLUBS SEVEN CLUBS FIVE,0.6046,0.0172,0.3782
HEARTS THREE HEARTS KING,0.4002,0.009,0.5908
HEARTS TWO HEARTS NINE,0.6718,0.0598,0.2684
SPADES SIX DIAMONDS NINE,0.714,0.0568,0.2292
CLUBS EIGHT DIAMONDS SIX,0.6508,0.0172,0.332
CLUBS EIGHT HEARTS EIGHT,0.4284,0.032,0.5396
DIAMONDS NINE DIAMONDS FOUR,0.6676,0.0596,0.2728
HEARTS SIX SPADES THREE,0.653,0.0154,0.3316
HEARTS SIX DIAMONDS JACK,0.595,0.1564,0.2486
SPADES SEVEN CLUBS QUEEN,0.4266,0.0104,0.563
CLUBS TEN DIAMONDS SEVEN,0.632,0.0128,0.3552
SPADES TWO CLUBS JACK,0.6214,0.1702,0.2084
CLUBS TWO DIAMONDS SEVEN,0.6738,0.0188,0.3074
HEARTS QUEEN DIAMONDS EIGHT,0.4094,0.0114,0.5792
SPADES FOUR HEARTS QUEEN,0.4422,0.011,0.5468
CLUBS SIX DIAMONDS SIX,0.4586,0.0298,0.5116
HEARTS JACK HEARTS TEN,0.2236,0.1142,0.6622
SPADES SEVEN DIAMONDS SIX,0.6288,0.015,0.3562
CLUBS FOUR CLUBS THREE,0.6082,0.016,0.3758
HEARTS KING CLUBS KING,0.167,0.0088,0.8242
CLUBS THREE DIAMONDS EIGHT,0.6792,0.0146,0.3062
DIAMONDS THREE SPADES QUEEN,0.4396,0.011,0.5494
SPADES NINE HEARTS NINE,0.3188,0.0318,0.6494
DIAMONDS JACK DIAMONDS EIGHT,0.5606,0.1656,0.2738
HEARTS THREE DIAMONDS EIGHT,0.6664,0.0152,0.3184
CLUBS EIGHT SPADES NINE,0.69,0.0594,0.2506
SPADES SIX CLUBS KING,0.4288,0.0078,0.5634
SPADES EIGHT DIAMONDS SIX,0.6414,0.0176,0.341
SPADES NINE CLUBS THREE,0.7254,0.063,0.2116
SPADES NINE HEARTS KING,0.2728,0.0298,0.6974
CLUBS THREE HEARTS SEVEN,0.6562,0.017,0.3268
SPADES SEVEN CLUBS JACK,0.6098,0.1758,0.2144
CLUBS SIX DIAMONDS JACK,0.6108,0.1668,0.2224
SPADES TWO HEARTS SEVEN,0.6872,0.0172,0.2956
CLUBS SIX SPADES FOUR,0.6566,0.0178,0.3256
CLUBS SEVEN HEARTS TEN,0.6334,0.0186,0.348
DIAMONDS TEN SPADES TWO,0.6668,0.0174,0.3158
SPADES THREE CLUBS JACK,0.6072,0.1706,0.2222
HEARTS QUEEN CLUBS QUEEN,0.1576,0.0092,0.8332
DIAMONDS NINE DIAMONDS EIGHT,0.639,0.0594,0.3016
CLUBS TWO HEARTS ACE,0.448,0.0044,0.5476
CLUBS SIX HEARTS KING,0.4348,0.0044,0.5608
CLUBS FOUR DIAMONDS SIX,0.6388,0.017,0.3442
CLUBS TEN CLUBS EIGHT,0.5964,0.0146,0.389
SPADES EIGHT SPADES SEVEN,0.595,0.015,0.39
SPADES ACE HEARTS EIGHT,0.4176,0.0056,0.5768
DIAMONDS ACE DIAMONDS SEVEN,0.4036,0.0046,0.5918
DIAMONDS TEN CLUBS KING,0.3624,0.0066,0.631
HEARTS ACE HEARTS SEVEN,0.3936,0.003,0.6034
SPADES FOUR HEARTS JACK,0.6134,0.1704,0.2162
CLUBS EIGHT HEARTS NINE,0.6858,0.063,0.2512
SPADES KING DIAMONDS SIX,0.427,0.0074,0.5656
HEARTS NINE CLUBS JACK,0.0114,0.971,0.0176
HEARTS SIX DIAMONDS ACE,0.4336,0.0024,0.564
DIAMONDS NINE DIAMONDS SEVEN,0.6448,0.0518,0.3034
HEARTS THREE DIAMONDS ACE,0.429,0.0034,0.5676
HEARTS TWO DIAMONDS FIVE,0.6408,0.0158,0.3434
SPADES NINE DIAMONDS SEVEN,0.6866,0.0586,0.2548
CLUBS ACE HEARTS NINE,0.2662,0.0176,0.7162
SPADES THREE DIAMONDS EIGHT,0.6778,0.0194,0.3028
DIAMONDS QUEEN CLUBS KING,0.3376,0.0086,0.6538
DIAMONDS TWO HEARTS ACE,0.4332,0.0048,0.562
HEARTS SIX DIAMONDS FIVE,0.6342,0.0146,0.3512
SPADES NINE SPADES SIX,0.6704,0.0494,0.2802
DIAMONDS ACE DIAMONDS KING,0.3368,0.0042,0.659
HEARTS SIX CLUBS QUEEN,0.43,0.0076,0.5624
SPADES TEN HEARTS EIGHT,0.6174,0.0116,0.371
CLUBS THREE HEARTS JACK,0.6064,0.172,0.2216
SPADES KING CLUBS QUEEN,0.3376,0.008,0.6544
HEARTS FOUR CLUBS THREE,0.637,0.0174,0.3456
CLUBS SIX CLUBS KING,0.4088,0.0058,0.5854
SPADES EIGHT HEARTS TEN,0.6174,0.0144,0.3682
DIAMONDS THREE HEARTS SEVEN,0.6522,0.015,0.3328
SPADES NINE DIAMONDS JACK,0.0204,0.9688,0.0108
DIAMONDS NINE CLUBS ACE,0.2714,0.0214,0.7072
SPADES KING HEARTS FIVE,0.4386,0.0068,0.5546
DIAMONDS TWO CLUBS FIVE,0.6472,0.0138,0.339
DIAMONDS JACK SPADES FOUR,0.6066,0.1714,0.222
CLUBS JACK HEARTS SEVEN,0.5964,0.167,0.2366
DIAMONDS QUEEN DIAMONDS FOUR,0.4026,0.0094,0.588
CLUBS THREE DIAMONDS NINE,0.7136,0.06,0.2264
SPADES KING SPADES FOUR,0.4034,0.0084,0.5882
SPADES NINE DIAMONDS NINE,0.3302,0.0266,0.6432
CLUBS SIX CLUBS JACK,0.5776,0.167,0.2554
HEARTS THREE HEARTS JACK,0.576,0.16,0.264
SPADES KING DIAMONDS EIGHT,0.4254,0.0078,0.5668
DIAMONDS EIGHT CLUBS QUEEN,0.415,0.0098,0.5752
DIAMONDS KING HEARTS QUEEN,0.3474,0.0046,0.648
DIAMONDS KING SPADES SIX,0.4204,0.0068,0.5728
HEARTS KING CLUBS QUEEN,0.3406,0.006,0.6534
CLUBS SEVEN SPADES FIVE,0.6456,0.021,0.3334
CLUBS KING HEARTS SEVEN,0.4278,0.0062,0.566
SPADES SEVEN CLUBS ACE,0.4124,0.0048,0.5828
CLUBS SEVEN HEARTS THREE,0.6642,0.0158,0.32
DIAMONDS ACE SPADES THREE,0.4314,0.0044,0.5642
CLUBS TEN DIAMONDS FOUR,0.6448,0.016,0.3392
CLUBS EIGHT HEARTS SEVEN,0.6312,0.0158,0.353
DIAMONDS ACE HEARTS QUEEN,0.3572,0.0032,0.6396
DIAMONDS THREE CLUBS EIGHT,0.6746,0.0174,0.308
DIAMONDS KING CLUBS KING,0.1596,0.0068,0.8336
SPADES THREE DIAMONDS SIX,0.6504,0.0132,0.3364
DIAMONDS THREE SPADES NINE,0.715,0.0618,0.2232
SPADES NINE CLUBS FOUR,0.7284,0.0634,0.2082
CLUBS KING CLUBS JACK,0.256,0.0328,0.7112
SPADES KING CLUBS SEVEN,0.4196,0.007,0.5734
SPADES KING SPADES SEVEN,0.4086,0.0086,0.5828
SPADES KING DIAMONDS TEN,0.3736,0.0082,0.6182
SPADES EIGHT HEARTS EIGHT,0.437,0.0254,0.5376
CLUBS KING CLUBS QUEEN,0.3114,0.007,0.6816
SPADES TWO DIAMONDS FIVE,0.6428,0.018,0.3392
CLUBS TWO CLUBS QUEEN,0.413,0.0108,0.5762
DIAMONDS TEN DIAMONDS NINE,0.6442,0.0554,0.3004
SPADES QUEEN DIAMONDS QUEEN,0.1564,0.0108,0.8328
CLUBS FOUR DIAMONDS ACE,0.4358,0.005,0.5592
DIAMONDS QUEEN DIAMONDS FIVE,0.3942,0.0094,0.5964
HEARTS JACK CLUBS ACE,0.2494,0.017,0.7336
HEARTS TWO CLUBS THREE,0.6598,0.0154,0.3248
CLUBS FOUR HEARTS QUEEN,0.4366,0.0066,0.5568
DIAMONDS KING DIAMONDS FOUR,0.4126,0.0064,0.581
CLUBS TWO DIAMONDS SIX,0.662,0.0156,0.3224
SPADES QUEEN CLUBS FOUR,0.4428,0.0132,0.544
HEARTS TWO DIAMONDS SIX,0.6602,0.0142,0.3256
SPADES EIGHT DIAMONDS JACK,0.6156,0.165,0.2194
CLUBS SIX HEARTS EIGHT,0.6464,0.0156,0.338
HEARTS FIVE HEARTS TWO,0.602,0.0148,0.3832
HEARTS FIVE DIAMONDS TEN,0.643,0.0176,0.3394
CLUBS SEVEN SPADES TWO,0.6774,0.018,0.3046
HEARTS FIVE CLUBS FIVE,0.4448,0.0272,0.528
DIAMONDS TWO HEARTS JACK,0.61,0.1744,0.2156
SPADES FOUR HEARTS KING,0.4364,0.007,0.5566
SPADES NINE DIAMONDS SIX,0.7098,0.0646,0.2256
SPADES EIGHT CLUBS JACK,0.602,0.1736,0.2244
DIAMONDS JACK SPADES TWO,0.6204,0.159,0.2206
DIAMONDS JACK DIAMONDS TEN,0.2212,0.1186,0.6602
CLUBS SEVEN CLUBS TWO,0.6428,0.018,0.3392
HEARTS KING CLUBS ACE,0.3478,0.0038,0.6484
SPADES FIVE HEARTS TEN,0.6492,0.0174,0.3334
CLUBS TEN DIAMONDS KING,0.3684,0.0054,0.6262
CLUBS EIGHT DIAMONDS TEN,0.6198,0.0156,0.3646
DIAMONDS QUEEN SPADES FOUR,0.4412,0.0104,0.5484
CLUBS EIGHT HEARTS TWO,0.678,0.0182,0.3038
SPADES TEN DIAMONDS JACK,0.2462,0.1186,0.6352
CLUBS EIGHT SPADES SIX,0.6472,0.0184,0.3344
SPADES FOUR CLUBS ACE,0.4198,0.006,0.5742
CLUBS THREE HEARTS TEN,0.6496,0.0172,0.3332
CLUBS EIGHT CLUBS QUEEN,0.3926,0.0098,0.5976
CLUBS SIX HEARTS QUEEN,0.4298,0.0102,0.56
CLUBS SIX HEARTS JACK,0.6,0.1664,0.2336
DIAMONDS ACE SPADES FOUR,0.4326,0.0038,0.5636
SPADES EIGHT DIAMONDS QUEEN,0.4132,0.0098,0.577
HEARTS FIVE HEARTS THREE,0.5894,0.0158,0.3948
DIAMONDS KING DIAMONDS SIX,0.393,0.0068,0.6002
HEARTS FOUR HEARTS EIGHT,0.6346,0.015,0.3504
SPADES FIVE CLUBS KING,0.43,0.009,0.561
DIAMONDS THREE SPADES KING,0.4532,0.0076,0.5392
CLUBS THREE DIAMONDS JACK,0.6016,0.174,0.2244
SPADES SIX DIAMONDS QUEEN,0.441,0.009,0.55
HEARTS SIX CLUBS KING,0.4292,0.007,0.5638
HEARTS FOUR DIAMONDS NINE,0.699,0.0562,0.2448
CLUBS QUEEN DIAMONDS FIVE,0.4314,0.0088,0.5598
HEARTS FOUR HEARTS JACK,0.5612,0.159,0.2798
SPADES TEN SPADES THREE,0.6328,0.0176,0.3496
HEARTS THREE CLUBS THREE,0.4666,0.0318,0.5016
CLUBS QUEEN HEARTS EIGHT,0.4126,0.0088,0.5786
DIAMONDS THREE DIAMONDS KING,0.3998,0.0072,0.593
CLUBS ACE CLUBS QUEEN,0.3366,0.0048,0.6586
DIAMONDS THREE SPADES SEVEN,0.6594,0.0156,0.325
DIAMONDS TEN HEARTS SEVEN,0.6298,0.014,0.3562
HEARTS TEN DIAMONDS SEVEN,0.6244,0.0164,0.3592
SPADES EIGHT CLUBS ACE,0.408,0.0032,0.5888
HEARTS SIX SPADES TWO,0.668,0.017,0.315
SPADES KING DIAMONDS FIVE,0.4374,0.0082,0.5544
SPADES NINE DIAMONDS QUEEN,0.2582,0.0392,0.7026
SPADES NINE CLUBS JACK,0.0088,0.982,0.0092
CLUBS SEVEN CLUBS QUEEN,0.4088,0.0098,0.5814
CLUBS FIVE HEARTS SEVEN,0.6428,0.014,0.3432
SPADES SIX DIAMONDS EIGHT,0.6474,0.0178,0.3348
SPADES THREE SPADES TWO,0.6068,0.0158,0.3774
CLUBS SEVEN DIAMONDS SIX,0.6324,0.0174,0.3502
CLUBS EIGHT DIAMONDS ACE,0.416,0.0036,0.5804
SPADES QUEEN SPADES SIX,0.4148,0.0102,0.575
SPADES SIX HEARTS NINE,0.7132,0.0584,0.2284
SPADES FOUR CLUBS QUEEN,0.4384,0.0132,0.5484
DIAMONDS JACK HEARTS KING,0.2644,0.0272,0.7084
CLUBS TWO DIAMONDS NINE,0.7142,0.0616,0.2242
SPADES SEVEN DIAMONDS TEN,0.636,0.0166,0.3474
DIAMONDS THREE CLUBS THREE,0.4494,0.0328,0.5178
DIAMONDS KING DIAMONDS EIGHT,0.3966,0.0062,0.5972
CLUBS TEN CLUBS KING,0.3476,0.0058,0.6466
CLUBS TEN CLUBS SIX,0.623,0.0168,0.3602
DIAMONDS TWO DIAMONDS SEVEN,0.6238,0.0166,0.3596
SPADES ACE CLUBS EIGHT,0.4058,0.0034,0.5908
CLUBS SIX DIAMONDS ACE,0.4298,0.005,0.5652
DIAMONDS THREE SPADES FIVE,0.6324,0.0158,0.3518
DIAMONDS NINE HEARTS EIGHT,0.6878,0.0582,0.254
DIAMONDS TEN DIAMONDS FOUR,0.6178,0.0156,0.3666
SPADES KING HEARTS TWO,0.436,0.0082,0.5558
CLUBS FIVE CLUBS KING,0.4078,0.0062,0.586
HEARTS EIGHT DIAMONDS FOUR,0.6648,0.0148,0.3204
CLUBS SIX HEARTS NINE,0.7126,0.0568,0.2306
HEARTS JACK DIAMONDS FOUR,0.5996,0.1672,0.2332
SPADES EIGHT HEARTS JACK,0.6172,0.164,0.2188
CLUBS SEVEN DIAMONDS NINE,0.6858,0.0594,0.2548
HEARTS FOUR DIAMONDS KING,0.4304,0.0102,0.5594
CLUBS EIGHT CLUBS ACE,0.4036,0.0038,0.5926
SPADES KING DIAMONDS NINE,0.2666,0.0274,0.706
CLUBS FIVE DIAMONDS ACE,0.4234,0.0036,0.573
DIAMONDS THREE DIAMONDS SEVEN,0.621,0.0164,0.3626
SPADES FOUR HEARTS EIGHT,0.6734,0.0186,0.308
CLUBS FIVE SPADES FOUR,0.6232,0.0182,0.3586
SPADES TWO DIAMONDS SEVEN,0.6728,0.0164,0.3108
DIAMONDS TWO HEARTS TEN,0.6394,0.0142,0.3464
CLUBS FIVE CLUBS THREE,0.6022,0.0196,0.3782
DIAMONDS JACK HEARTS TEN,0.2476,0.1242,0.6282
SPADES ACE HEARTS SEVEN,0.4174,0.0022,0.5804
HEARTS SIX SPADES SEVEN,0.6334,0.016,0.3506
CLUBS EIGHT DIAMONDS FIVE,0.6604,0.0132,0.3264
CLUBS SIX HEARTS ACE,0.4314,0.0036,0.565
CLUBS SEVEN SPADES TEN,0.6398,0.0158,0.3444
HEARTS THREE CLUBS JACK,0.6104,0.163,0.2266
DIAMONDS ACE CLUBS TWO,0.442,0.0072,0.5508
CLUBS EIGHT SPADES FOUR,0.6584,0.0176,0.324
SPADES ACE CLUBS JACK,0.2434,0.017,0.7396
SPADES QUEEN DIAMONDS TEN,0.3544,0.0072,0.6384
DIAMONDS SEVEN DIAMONDS FOUR,0.611,0.013,0.376
DIAMONDS TWO CLUBS QUEEN,0.4336,0.0106,0.5558
SPADES KING SPADES EIGHT,0.4064,0.0084,0.5852
DIAMONDS THREE SPADES SIX,0.6524,0.016,0.3316
CLUBS KING DIAMONDS FOUR,0.4338,0.0058,0.5604
HEARTS TWO DIAMONDS TEN,0.6582,0.0152,0.3266
HEARTS FOUR DIAMONDS SEVEN,0.6284,0.0182,0.3534
CLUBS SEVEN SPADES SEVEN,0.4414,0.0294,0.5292
SPADES NINE DIAMONDS EIGHT,0.7,0.0562,0.2438
SPADES FIVE SPADES TWO,0.609,0.016,0.375
CLUBS SIX HEARTS THREE,0.6488,0.0176,0.3336
HEARTS THREE DIAMONDS TEN,0.6524,0.0144,0.3332
HEARTS THREE DIAMONDS KING,0.4478,0.0058,0.5464
SPADES TEN DIAMONDS TEN,0.2994,0.0186,0.682
SPADES EIGHT DIAMONDS ACE,0.4176,0.0044,0.578
SPADES FIVE SPADES FOUR,0.5896,0.0184,0.392
HEARTS FIVE DIAMONDS ACE,0.43,0.004,0.566
DIAMONDS THREE HEARTS ACE,0.4328,0.0036,0.5636
CLUBS TEN CLUBS TWO,0.6332,0.0174,0.3494
CLUBS FOUR HEARTS EIGHT,0.6684,0.0162,0.3154
HEARTS ACE DIAMONDS SIX,0.4324,0.0038,0.5638
SPADES SIX CLUBS TWO,0.6674,0.0176,0.315
DIAMONDS ACE HEARTS EIGHT,0.4228,0.003,0.5742
HEARTS QUEEN DIAMONDS FIVE,0.424,0.0096,0.5664
HEARTS QUEEN DIAMONDS SEVEN,0.4274,0.0078,0.5648
HEARTS EIGHT DIAMONDS FIVE,0.6482,0.0164,0.3354
HEARTS TWO DIAMONDS EIGHT,0.6698,0.0132,0.317
HEARTS KING HEARTS TEN,0.3532,0.0042,0.6426
CLUBS EIGHT HEARTS TEN,0.6338,0.0154,0.3508
HEARTS FIVE HEARTS TEN,0.613,0.0122,0.3748
SPADES ACE SPADES QUEEN,0.3396,0.0036,0.6568
CLUBS FIVE DIAMONDS FOUR,0.6182,0.0146,0.3672
CLUBS TEN HEARTS QUEEN,0.3428,0.0102,0.647
CLUBS SEVEN HEARTS EIGHT,0.6292,0.0134,0.3574
SPADES EIGHT CLUBS TWO,0.6824,0.0164,0.3012
CLUBS EIGHT SPADES FIVE,0.6498,0.0166,0.3336
HEARTS SIX CLUBS JACK,0.6044,0.176,0.2196
HEARTS SIX DIAMONDS TWO,0.6502,0.0166,0.3332
CLUBS FOUR SPADES SIX,0.6438,0.0212,0.335
SPADES ACE HEARTS SIX,0.4398,0.0038,0.5564
CLUBS THREE HEARTS NINE,0.7096,0.064,0.2264
CLUBS TWO DIAMONDS FOUR,0.642,0.0144,0.3436
CLUBS TEN DIAMONDS JACK,0.236,0.1246,0.6394
HEARTS FIVE CLUBS SEVEN,0.6296,0.0184,0.352
HEARTS SIX HEARTS SEVEN,0.5864,0.0166,0.397
CLUBS TEN SPADES KING,0.3456,0.007,0.6474
SPADES QUEEN DIAMONDS EIGHT,0.4132,0.0068,0.58
HEARTS KING HEARTS EIGHT,0.3902,0.0068,0.603
SPADES QUEEN HEARTS TEN,0.3506,0.0096,0.6398
DIAMONDS THREE CLUBS JACK,0.6116,0.1606,0.2278
SPADES ACE SPADES NINE,0.274,0.019,0.707
CLUBS SEVEN DIAMONDS EIGHT,0.6416,0.0142,0.3442
CLUBS TEN SPADES THREE,0.6618,0.0164,0.3218
SPADES NINE CLUBS FIVE,0.7016,0.067,0.2314
CLUBS SEVEN CLUBS JACK,0.5844,0.16,0.2556
CLUBS TEN DIAMONDS THREE,0.659,0.0168,0.3242
SPADES QUEEN CLUBS ACE,0.355,0.0046,0.6404
SPADES KING CLUBS FOUR,0.4416,0.0072,0.5512
CLUBS SEVEN CLUBS FOUR,0.6252,0.0168,0.358
DIAMONDS TWO HEARTS QUEEN,0.4388,0.0096,0.5516
HEARTS FIVE SPADES SEVEN,0.636,0.017,0.347
SPADES ACE SPADES THREE,0.407,0.0046,0.5884
SPADES FIVE DIAMONDS FOUR,0.633,0.0184,0.3486
HEARTS SIX HEARTS EIGHT,0.5876,0.0162,0.3962
CLUBS TEN DIAMONDS SIX,0.6436,0.0126,0.3438
DIAMONDS TWO SPADES EIGHT,0.689,0.0202,0.2908
CLUBS TEN HEARTS SIX,0.6412,0.0146,0.3442
DIAMONDS THREE DIAMONDS NINE,0.6694,0.0566,0.274
HEARTS TEN HEARTS EIGHT,0.5812,0.0166,0.4022
HEARTS EIGHT HEARTS SEVEN,0.6002,0.016,0.3838
SPADES FIVE DIAMONDS NINE,0.7004,0.0532,0.2464
HEARTS KING SPADES THREE,0.447,0.0052,0.5478
HEARTS FOUR DIAMONDS EIGHT,0.6556,0.0172,0.3272
CLUBS TEN CLUBS ACE,0.3786,0.0054,0.616
HEARTS FOUR DIAMONDS ACE,0.4338,0.0054,0.5608
HEARTS JACK CLUBS KING,0.2554,0.0286,0.716
SPADES ACE HEARTS FOUR,0.4374,0.0048,0.5578
SPADES NINE HEARTS SEVEN,0.6816,0.0518,0.2666
CLUBS TEN HEARTS EIGHT,0.633,0.0156,0.3514
HEARTS JACK CLUBS QUEEN,0.237,0.044,0.719
SPADES EIGHT SPADES FIVE,0.6214,0.0176,0.361
DIAMONDS TWO CLUBS JACK,0.603,0.17,0.227
CLUBS THREE HEARTS QUEEN,0.447,0.0108,0.5422
SPADES TEN CLUBS TWO,0.6692,0.0156,0.3152
SPADES FOUR HEARTS SEVEN,0.645,0.0164,0.3386
CLUBS EIGHT CLUBS THREE,0.6612,0.0152,0.3236
SPADES TEN HEARTS SEVEN,0.648,0.0152,0.3368
DIAMONDS KING HEARTS EIGHT,0.4262,0.0056,0.5682
SPADES ACE SPADES TWO,0.3982,0.0042,0.5976
HEARTS ACE DIAMONDS TEN,0.384,0.0032,0.6128
SPADES SIX HEARTS SEVEN,0.625,0.0168,0.3582
DIAMONDS NINE CLUBS QUEEN,0.251,0.0386,0.7104
SPADES QUEEN CLUBS TWO,0.4368,0.0102,0.553
SPADES TWO HEARTS NINE,0.7274,0.0584,0.2142
DIAMONDS TWO DIAMONDS FOUR,0.6024,0.0162,0.3814
SPADES TEN HEARTS KING,0.365,0.0072,0.6278
HEARTS SIX CLUBS THREE,0.6404,0.0192,0.3404
DIAMONDS TWO DIAMONDS FIVE,0.6092,0.0136,0.3772
SPADES SIX HEARTS QUEEN,0.4286,0.0098,0.5616
SPADES ACE DIAMONDS ACE,0.1602,0.0028,0.837
SPADES FOUR DIAMONDS SEVEN,0.6542,0.0138,0.332
SPADES FIVE DIAMONDS EIGHT,0.6546,0.0176,0.3278
DIAMONDS NINE HEARTS NINE,0.3096,0.0318,0.6586
HEARTS TWO HEARTS SEVEN,0.6312,0.0158,0.353
CLUBS TEN CLUBS SEVEN,0.6112,0.0152,0.3736
SPADES SIX HEARTS TEN,0.6484,0.0156,0.336
HEARTS SIX SPADES SIX,0.4704,0.0296,0.5
SPADES TEN DIAMONDS QUEEN,0.357,0.0098,0.6332
HEARTS TEN DIAMONDS FOUR,0.6568,0.0138,0.3294
SPADES EIGHT HEARTS NINE,0.674,0.0636,0.2624
SPADES KING HEARTS JACK,0.2378,0.028,0.7342
HEARTS ACE SPADES TWO,0.437,0.0052,0.5578
HEARTS FIVE DIAMONDS EIGHT,0.6502,0.015,0.3348
CLUBS TWO CLUBS ACE,0.404,0.0052,0.5908
SPADES QUEEN SPADES NINE,0.237,0.0402,0.7228
SPADES SEVEN HEARTS KING,0.4226,0.0064,0.571
CLUBS KING DIAMONDS SIX,0.4246,0.0074,0.568
DIAMONDS KING DIAMONDS SEVEN,0.3942,0.007,0.5988
SPADES QUEEN HEARTS ACE,0.3476,0.0036,0.6488
DIAMONDS THREE DIAMONDS EIGHT,0.6344,0.014,0.3516
DIAMONDS SEVEN CLUBS KING,0.4176,0.0058,0.5766
DIAMONDS TEN CLUBS JACK,0.2206,0.1194,0.66
HEARTS FOUR SPADES EIGHT,0.6722,0.0146,0.3132
HEARTS THREE CLUBS FOUR,0.6438,0.0182,0.338
HEARTS ACE HEARTS TEN,0.353,0.0034,0.6436
SPADES QUEEN DIAMONDS JACK,0.2372,0.0416,0.7212
CLUBS EIGHT DIAMONDS QUEEN,0.4256,0.0106,0.5638
SPADES SEVEN DIAMONDS FIVE,0.6396,0.013,0.3474
SPADES ACE CLUBS FOUR,0.4294,0.005,0.5656
HEARTS TWO SPADES SEVEN,0.6802,0.0178,0.302
CLUBS ACE DIAMONDS FIVE,0.417,0.0028,0.5802
CLUBS FIVE HEARTS NINE,0.6974,0.0586,0.244
HEARTS FOUR SPADES TEN,0.6602,0.0168,0.323
HEARTS TEN CLUBS JACK,0.219,0.1218,0.6592
HEARTS SIX SPADES KING,0.4322,0.0066,0.5612
CLUBS TEN SPADES NINE,0.6926,0.056,0.2514
CLUBS TWO HEARTS EIGHT,0.6752,0.0172,0.3076
CLUBS EIGHT CLUBS JACK,0.5754,0.1642,0.2604
CLUBS TWO CLUBS JACK,0.577,0.1632,0.2598
SPADES ACE HEARTS NINE,0.2728,0.0214,0.7058
CLUBS QUEEN DIAMONDS FOUR,0.4332,0.0102,0.5566
DIAMONDS SEVEN HEARTS EIGHT,0.6258,0.0194,0.3548
SPADES QUEEN HEARTS QUEEN,0.1696,0.008,0.8224
CLUBS TWO HEARTS NINE,0.7238,0.062,0.2142
CLUBS SEVEN HEARTS ACE,0.4236,0.0036,0.5728
DIAMONDS TWO DIAMONDS ACE,0.4064,0.005,0.5886
CLUBS TEN SPADES EIGHT,0.6302,0.0174,0.3524
SPADES EIGHT DIAMONDS EIGHT,0.4422,0.0232,0.5346
DIAMONDS TWO SPADES QUEEN,0.4322,0.0124,0.5554
HEARTS FOUR CLUBS FIVE,0.6216,0.0158,0.3626
DIAMONDS TEN CLUBS ACE,0.3636,0.0036,0.6328
HEARTS THREE CLUBS FIVE,0.6246,0.0182,0.3572
DIAMONDS KING DIAMONDS NINE,0.2478,0.0268,0.7254
HEARTS FOUR DIAMONDS FOUR,0.4758,0.0314,0.4928
DIAMONDS TWO DIAMONDS JACK,0.5702,0.159,0.2708
SPADES KING SPADES FIVE,0.4244,0.0064,0.5692
SPADES NINE DIAMONDS ACE,0.279,0.0174,0.7036
CLUBS FOUR DIAMONDS FIVE,0.6196,0.0154,0.365
HEARTS TWO HEARTS EIGHT,0.6348,0.016,0.3492
SPADES SIX CLUBS QUEEN,0.455,0.0106,0.5344
SPADES QUEEN SPADES THREE,0.4152,0.0112,0.5736
CLUBS SEVEN HEARTS TWO,0.6796,0.0196,0.3008
SPADES EIGHT HEARTS QUEEN,0.4204,0.0106,0.569
HEARTS ACE SPADES FOUR,0.4458,0.0046,0.5496
HEARTS THREE HEARTS ACE,0.4002,0.0046,0.5952
HEARTS THREE CLUBS QUEEN,0.4404,0.0104,0.5492
SPADES KING CLUBS ACE,0.3478,0.004,0.6482
CLUBS TEN DIAMONDS TEN,0.2904,0.019,0.6906
CLUBS EIGHT SPADES THREE,0.692,0.0192,0.2888
SPADES EIGHT DIAMONDS FOUR,0.6654,0.016,0.3186
CLUBS THREE DIAMONDS FOUR,0.6278,0.0178,0.3544
HEARTS FIVE HEARTS ACE,0.4008,0.0048,0.5944
SPADES THREE DIAMONDS FOUR,0.6324,0.0138,0.3538
SPADES EIGHT CLUBS THREE,0.681,0.018,0.301
HEARTS THREE HEARTS QUEEN,0.415,0.0106,0.5744
CLUBS TWO DIAMONDS JACK,0.6166,0.1702,0.2132
HEARTS FIVE SPADES QUEEN,0.4308,0.0112,0.558
CLUBS TEN SPADES TEN,0.2892,0.0236,0.6872
SPADES SEVEN HEARTS JACK,0.6128,0.1672,0.22
SPADES EIGHT CLUBS QUEEN,0.411,0.013,0.576
HEARTS SIX DIAMONDS QUEEN,0.4356,0.0098,0.5546
HEARTS ACE SPADES THREE,0.4346,0.0038,0.5616
HEARTS KING CLUBS JACK,0.251,0.03,0.719
HEARTS TEN HEARTS SEVEN,0.589,0.018,0.393
CLUBS SIX CLUBS QUEEN,0.4146,0.0086,0.5768
SPADES SEVEN HEARTS ACE,0.4286,0.005,0.5664
HEARTS SIX DIAMONDS NINE,0.7016,0.055,0.2434
HEARTS THREE HEARTS TEN,0.6056,0.0172,0.3772
SPADES ACE HEARTS KING,0.3532,0.0044,0.6424
SPADES QUEEN HEARTS JACK,0.2416,0.0368,0.7216
CLUBS EIGHT HEARTS JACK,0.6132,0.1662,0.2206
DIAMONDS NINE HEARTS SEVEN,0.6846,0.0546,0.2608
SPADES FOUR HEARTS NINE,0.7256,0.062,0.2124
SPADES TEN DIAMONDS EIGHT,0.6448,0.0156,0.3396
CLUBS THREE DIAMONDS TEN,0.6678,0.0162,0.316
SPADES NINE HEARTS EIGHT,0.6876,0.062,0.2504
CLUBS ACE DIAMONDS SEVEN,0.4114,0.0044,0.5842
SPADES THREE DIAMONDS SEVEN,0.6656,0.0162,0.3182
SPADES THREE CLUBS ACE,0.4336,0.005,0.5614
CLUBS THREE HEARTS ACE,0.4398,0.0046,0.5556
SPADES QUEEN HEARTS EIGHT,0.413,0.0102,0.5768
CLUBS ACE DIAMONDS FOUR,0.4258,0.0044,0.5698
SPADES NINE DIAMONDS FOUR,0.722,0.062,0.216
DIAMONDS THREE DIAMONDS ACE,0.3974,0.0036,0.599
DIAMONDS QUEEN DIAMONDS SIX,0.4096,0.0096,0.5808
CLUBS SIX DIAMONDS KING,0.4442,0.005,0.5508
SPADES THREE DIAMONDS FIVE,0.6326,0.0192,0.3482
HEARTS FIVE SPADES TWO,0.6468,0.0188,0.3344
HEARTS FOUR CLUBS SIX,0.6406,0.0178,0.3416
CLUBS SIX CLUBS ACE,0.4198,0.0048,0.5754
HEARTS ACE CLUBS KING,0.359,0.0056,0.6354
SPADES TWO CLUBS ACE,0.439,0.0056,0.5554
SPADES FOUR DIAMONDS FOUR,0.4528,0.033,0.5142
SPADES KING DIAMONDS FOUR,0.4354,0.0084,0.5562
SPADES QUEEN SPADES FIVE,0.4212,0.0126,0.5662
HEARTS QUEEN CLUBS JACK,0.2426,0.0388,0.7186
HEARTS TWO SPADES FIVE,0.6514,0.018,0.3306
DIAMONDS QUEEN SPADES THREE,0.4458,0.0102,0.544
HEARTS FOUR CLUBS TWO,0.6464,0.016,0.3376
HEARTS SIX DIAMONDS THREE,0.645,0.0148,0.3402
DIAMONDS THREE DIAMONDS SIX,0.6064,0.0166,0.377
SPADES TEN DIAMONDS SIX,0.6452,0.0114,0.3434
HEARTS QUEEN HEARTS SEVEN,0.387,0.009,0.604
DIAMONDS QUEEN DIAMONDS EIGHT,0.3836,0.0098,0.6066
DIAMONDS TWO SPADES TEN,0.6676,0.0196,0.3128
HEARTS NINE DIAMONDS SIX,0.7036,0.0578,0.2386
DIAMONDS JACK DIAMONDS NINE,0.0202,0.9012,0.0786
SPADES ACE DIAMONDS KING,0.3598,0.004,0.6362
CLUBS SEVEN DIAMONDS ACE,0.4176,0.0044,0.578
SPADES SEVEN DIAMONDS QUEEN,0.4338,0.0118,0.5544
CLUBS FIVE CLUBS FOUR,0.5968,0.0176,0.3856
CLUBS SEVEN CLUBS ACE,0.4116,0.0054,0.583
CLUBS FIVE HEARTS JACK,0.606,0.1676,0.2264
DIAMONDS ACE DIAMONDS SIX,0.4134,0.005,0.5816
CLUBS FIVE DIAMONDS SEVEN,0.6348,0.021,0.3442
SPADES ACE DIAMONDS JACK,0.2496,0.019,0.7314
HEARTS TWO SPADES SIX,0.6692,0.0148,0.316
HEARTS ACE DIAMONDS SEVEN,0.4304,0.0036,0.566
HEARTS FIVE DIAMONDS KING,0.4294,0.0076,0.563
SPADES ACE DIAMONDS TEN,0.378,0.0044,0.6176
HEARTS FIVE CLUBS TWO,0.6432,0.0166,0.3402
DIAMONDS KING HEARTS NINE,0.2714,0.0258,0.7028
CLUBS KING HEARTS NINE,0.2684,0.0318,0.6998
SPADES TEN SPADES FOUR,0.6196,0.0158,0.3646
DIAMONDS QUEEN HEARTS JACK,0.2512,0.0362,0.7126
SPADES SIX SPADES FOUR,0.606,0.0146,0.3794
DIAMONDS JACK HEARTS QUEEN,0.2398,0.044,0.7162
SPADES FIVE HEARTS ACE,0.4258,0.0048,0.5694
CLUBS SEVEN DIAMONDS JACK,0.6182,0.1608,0.221
CLUBS FOUR DIAMONDS NINE,0.7212,0.0656,0.2132
DIAMONDS THREE HEARTS FIVE,0.6322,0.018,0.3498
DIAMONDS KING HEARTS KING,0.165,0.007,0.828
SPADES TEN HEARTS JACK,0.2348,0.1186,0.6466
HEARTS ACE CLUBS JACK,0.255,0.0166,0.7284
DIAMONDS ACE DIAMONDS JACK,0.2452,0.0156,0.7392
SPADES FOUR CLUBS JACK,0.6018,0.1744,0.2238
DIAMONDS KING SPADES FIVE,0.4302,0.0094,0.5604
CLUBS KING HEARTS EIGHT,0.4262,0.0076,0.5662
DIAMONDS KING CLUBS JACK,0.2516,0.0264,0.722
DIAMONDS QUEEN HEARTS SEVEN,0.4328,0.0086,0.5586
HEARTS FOUR DIAMONDS FIVE,0.6222,0.015,0.3628
SPADES FIVE CLUBS ACE,0.4264,0.0048,0.5688
SPADES KING CLUBS THREE,0.4354,0.006,0.5586
SPADES SEVEN DIAMONDS EIGHT,0.6344,0.0174,0.3482
DIAMONDS THREE HEARTS TEN,0.6474,0.017,0.3356
HEARTS FIVE SPADES SIX,0.614,0.0154,0.3706
HEARTS FOUR HEARTS KING,0.4122,0.0068,0.581
DIAMONDS EIGHT DIAMONDS FOUR,0.6192,0.0142,0.3666
CLUBS SEVEN HEARTS KING,0.4226,0.0074,0.57
SPADES QUEEN DIAMONDS FIVE,0.4226,0.0106,0.5668
SPADES TWO CLUBS QUEEN,0.438,0.0128,0.5492
SPADES TWO DIAMONDS SIX,0.6636,0.0136,0.3228
DIAMONDS KING HEARTS TEN,0.3662,0.0038,0.63
CLUBS TWO HEARTS TEN,0.6622,0.017,0.3208
DIAMONDS THREE HEARTS QUEEN,0.4412,0.0078,0.551
SPADES KING CLUBS SIX,0.4418,0.0088,0.5494
CLUBS SEVEN SPADES SIX,0.646,0.0176,0.3364
CLUBS FOUR DIAMONDS SEVEN,0.6542,0.016,0.3298
SPADES ACE DIAMONDS NINE,0.271,0.0178,0.7112
CLUBS JACK DIAMONDS FOUR,0.6012,0.1718,0.227
SPADES ACE CLUBS TEN,0.3628,0.0048,0.6324
SPADES SEVEN CLUBS KING,0.4368,0.0106,0.5526
SPADES QUEEN CLUBS KING,0.3306,0.0068,0.6626
DIAMONDS NINE DIAMONDS FIVE,0.6568,0.0538,0.2894
HEARTS FIVE SPADES TEN,0.6674,0.0168,0.3158
DIAMONDS ACE SPADES TWO,0.4312,0.0054,0.5634
CLUBS FIVE DIAMONDS QUEEN,0.4362,0.0094,0.5544
DIAMONDS TWO DIAMONDS TEN,0.6186,0.0146,0.3668
HEARTS KING DIAMONDS FOUR,0.437,0.0068,0.5562
DIAMONDS TWO CLUBS FOUR,0.645,0.016,0.339
SPADES ACE HEARTS JACK,0.2586,0.0214,0.72
DIAMONDS TEN SPADES THREE,0.6564,0.0164,0.3272
CLUBS TEN SPADES TWO,0.6706,0.0156,0.3138
HEARTS FIVE SPADES EIGHT,0.6406,0.018,0.3414
CLUBS TEN CLUBS FIVE,0.6236,0.0148,0.3616
SPADES ACE CLUBS ACE,0.15,0.0044,0.8456
CLUBS THREE DIAMONDS QUEEN,0.438,0.0078,0.5542
CLUBS THREE DIAMONDS KING,0.4482,0.006,0.5458
SPADES ACE SPADES FOUR,0.412,0.0048,0.5832
SPADES NINE HEARTS ACE,0.289,0.0198,0.6912
SPADES KING HEARTS FOUR,0.4372,0.0074,0.5554
HEARTS JACK HEARTS NINE,0.0204,0.9054,0.0742
DIAMONDS THREE DIAMONDS TWO,0.605,0.0156,0.3794
HEARTS SIX DIAMONDS TEN,0.6444,0.014,0.3416
CLUBS EIGHT CLUBS SIX,0.607,0.0154,0.3776
HEARTS FIVE CLUBS JACK,0.605,0.1648,0.2302
CLUBS FOUR HEARTS KING,0.438,0.0062,0.5558
DIAMONDS TWO SPADES SIX,0.6594,0.0158,0.3248
CLUBS TEN HEARTS TEN,0.2844,0.0256,0.69
CLUBS FOUR DIAMONDS FOUR,0.4642,0.0302,0.5056
HEARTS FIVE DIAMONDS JACK,0.6056,0.164,0.2304
DIAMONDS QUEEN SPADES TWO,0.4474,0.0096,0.543
CLUBS FIVE DIAMONDS KING,0.4422,0.006,0.5518
SPADES KING HEARTS SEVEN,0.4164,0.0072,0.5764
DIAMONDS TWO SPADES FIVE,0.6512,0.0152,0.3336
CLUBS SIX SPADES TWO,0.659,0.0148,0.3262
SPADES NINE HEARTS JACK,0.0194,0.9688,0.0118
HEARTS FOUR HEARTS THREE,0.5926,0.0188,0.3886
SPADES TWO DIAMONDS EIGHT,0.6888,0.0164,0.2948
DIAMONDS TWO CLUBS KING,0.4244,0.0064,0.5692
CLUBS TEN CLUBS QUEEN,0.3414,0.0116,0.647
DIAMONDS THREE HEARTS EIGHT,0.6686,0.0166,0.3148
SPADES THREE HEARTS EIGHT,0.6808,0.017,0.3022
CLUBS EIGHT HEARTS QUEEN,0.4178,0.0144,0.5678
DIAMONDS KING HEARTS SEVEN,0.4222,0.0048,0.573
DIAMONDS QUEEN CLUBS QUEEN,0.1564,0.0118,0.8318
HEARTS FIVE DIAMONDS TWO,0.638,0.018,0.344
SPADES SIX DIAMONDS SIX,0.451,0.031,0.518
HEARTS FIVE SPADES FOUR,0.628,0.0166,0.3554
CLUBS TWO HEARTS SEVEN,0.6718,0.0154,0.3128
CLUBS TWO DIAMONDS FIVE,0.6442,0.0172,0.3386
CLUBS EIGHT DIAMONDS FOUR,0.669,0.0166,0.3144
HEARTS THREE SPADES FOUR,0.648,0.0194,0.3326
SPADES TWO HEARTS JACK,0.6226,0.157,0.2204
SPADES KING DIAMONDS TWO,0.427,0.0078,0.5652
SPADES SEVEN HEARTS QUEEN,0.423,0.0116,0.5654
SPADES KING HEARTS THREE,0.4302,0.0068,0.563
HEARTS FIVE SPADES THREE,0.6238,0.019,0.3572
HEARTS JACK DIAMONDS SEVEN,0.5992,0.1606,0.2402
SPADES NINE DIAMONDS TEN,0.7042,0.049,0.2468
SPADES ACE DIAMONDS EIGHT,0.3978,0.0048,0.5974
CLUBS ACE HEARTS SEVEN,0.4246,0.0032,0.5722
CLUBS EIGHT DIAMONDS EIGHT,0.4346,0.0292,0.5362
SPADES EIGHT DIAMONDS TEN,0.6264,0.016,0.3576
SPADES ACE CLUBS KING,0.3488,0.0044,0.6468
HEARTS ACE HEARTS NINE,0.2642,0.0168,0.719
SPADES KING HEARTS TEN,0.3602,0.0038,0.636
HEARTS ACE DIAMONDS NINE,0.2912,0.0176,0.6912
HEARTS KING DIAMONDS FIVE,0.4338,0.0056,0.5606
HEARTS TEN CLUBS KING,0.3658,0.0066,0.6276
HEARTS FIVE DIAMONDS FIVE,0.4526,0.0308,0.5166
CLUBS SIX DIAMONDS QUEEN,0.4404,0.0094,0.5502
SPADES KING CLUBS KING,0.1606,0.0082,0.8312
DIAMONDS TWO DIAMONDS EIGHT,0.6336,0.0188,0.3476
CLUBS TEN CLUBS JACK,0.2288,0.114,0.6572
HEARTS THREE DIAMONDS FOUR,0.6302,0.017,0.3528
SPADES EIGHT DIAMONDS KING,0.4248,0.0044,0.5708
CLUBS SIX CLUBS FOUR,0.6094,0.0176,0.373
SPADES KING CLUBS EIGHT,0.419,0.0078,0.5732
CLUBS SEVEN DIAMONDS TEN,0.635,0.0164,0.3486
HEARTS SIX SPADES QUEEN,0.442,0.011,0.547
SPADES NINE SPADES EIGHT,0.6568,0.0594,0.2838
DIAMONDS QUEEN CLUBS JACK,0.2472,0.0366,0.7162
DIAMONDS TWO HEARTS TWO,0.4562,0.0338,0.51
HEARTS FOUR HEARTS ACE,0.4016,0.0038,0.5946
HEARTS THREE SPADES SIX,0.652,0.0182,0.3298
DIAMONDS ACE DIAMONDS EIGHT,0.4006,0.0034,0.596
HEARTS SIX SPADES TEN,0.6476,0.0152,0.3372
DIAMONDS QUEEN DIAMONDS SEVEN,0.3964,0.0108,0.5928
HEARTS THREE SPADES NINE,0.709,0.0662,0.2248
SPADES TEN CLUBS QUEEN,0.354,0.0092,0.6368
CLUBS FOUR SPADES FIVE,0.6398,0.016,0.3442
CLUBS TWO DIAMONDS EIGHT,0.6742,0.019,0.3068
CLUBS THREE DIAMONDS SIX,0.6554,0.0156,0.329
DIAMONDS THREE SPADES FOUR,0.6308,0.0178,0.3514
SPADES KING HEARTS QUEEN,0.3398,0.0066,0.6536
HEARTS FOUR CLUBS QUEEN,0.4426,0.0104,0.547
HEARTS TWO DIAMONDS NINE,0.7138,0.0588,0.2274
HEARTS KING SPADES TWO,0.4362,0.0062,0.5576
DIAMONDS THREE CLUBS SEVEN,0.6606,0.0196,0.3198
HEARTS QUEEN HEARTS JACK,0.2338,0.041,0.7252
SPADES ACE DIAMONDS FOUR,0.4208,0.0038,0.5754
SPADES TEN SPADES TWO,0.6328,0.0156,0.3516
DIAMONDS ACE CLUBS JACK,0.2542,0.0216,0.7242
CLUBS SEVEN SPADES NINE,0.6968,0.0638,0.2394
HEARTS FOUR CLUBS ACE,0.4234,0.0046,0.572
SPADES ACE DIAMONDS TWO,0.432,0.0034,0.5646
SPADES THREE DIAMONDS NINE,0.7136,0.059,0.2274
DIAMONDS SIX HEARTS EIGHT,0.6584,0.017,0.3246
SPADES EIGHT HEARTS KING,0.4336,0.0058,0.5606
HEARTS SIX CLUBS ACE,0.4236,0.0036,0.5728
SPADES QUEEN HEARTS FOUR,0.4252,0.0094,0.5654
HEARTS SIX CLUBS EIGHT,0.648,0.0168,0.3352
SPADES FIVE DIAMONDS SIX,0.63,0.0148,0.3552
CLUBS SEVEN SPADES THREE,0.6624,0.0178,0.3198
DIAMONDS TWO CLUBS SIX,0.671,0.0146,0.3144
HEARTS SIX DIAMONDS FOUR,0.633,0.0182,0.3488
CLUBS THREE CLUBS ACE,0.406,0.0056,0.5884
CLUBS TEN DIAMONDS ACE,0.3758,0.0046,0.6196
SPADES TEN CLUBS SIX,0.6712,0.0156,0.3132
HEARTS FIVE SPADES NINE,0.697,0.0618,0.2412
SPADES FOUR DIAMONDS NINE,0.7286,0.0606,0.2108
CLUBS FOUR CLUBS JACK,0.5802,0.158,0.2618
CLUBS FIVE DIAMONDS TEN,0.6566,0.0152,0.3282
SPADES FIVE CLUBS QUEEN,0.4336,0.0098,0.5566
HEARTS TEN HEARTS NINE,0.6486,0.0474,0.304
SPADES KING DIAMONDS ACE,0.3514,0.0046,0.644
SPADES FOUR HEARTS TEN,0.6588,0.0162,0.325
HEARTS TEN DIAMONDS SIX,0.6338,0.0172,0.349
HEARTS KING DIAMONDS TEN,0.3642,0.0048,0.631
CLUBS FOUR CLUBS KING,0.4194,0.0096,0.571
CLUBS FIVE SPADES THREE,0.634,0.0172,0.3488
CLUBS TEN HEARTS SEVEN,0.6292,0.0166,0.3542
SPADES QUEEN DIAMONDS NINE,0.2398,0.04,0.7202
HEARTS TWO CLUBS QUEEN,0.4388,0.01,0.5512
CLUBS ACE DIAMONDS SIX,0.4366,0.0044,0.559
CLUBS THREE SPADES TWO,0.65,0.0158,0.3342
HEARTS KING HEARTS QUEEN,0.3326,0.005,0.6624
SPADES TEN HEARTS NINE,0.6948,0.0538,0.2514
SPADES ACE HEARTS TWO,0.4364,0.0056,0.558
DIAMONDS NINE HEARTS JACK,0.0224,0.9578,0.0198
SPADES SEVEN SPADES SIX,0.5988,0.0172,0.384
HEARTS NINE CLUBS QUEEN,0.2564,0.036,0.7076
SPADES SEVEN SPADES FOUR,0.6172,0.0166,0.3662
CLUBS EIGHT CLUBS FOUR,0.6304,0.0152,0.3544
CLUBS TEN DIAMONDS QUEEN,0.3562,0.0104,0.6334
HEARTS FIVE CLUBS THREE,0.634,0.0184,0.3476
SPADES TEN SPADES SIX,0.6288,0.0152,0.356
SPADES TEN SPADES EIGHT,0.6054,0.0166,0.378
CLUBS TWO SPADES FIVE,0.6424,0.0212,0.3364
DIAMONDS THREE SPADES EIGHT,0.6854,0.016,0.2986
CLUBS SIX SPADES SEVEN,0.6238,0.0178,0.3584
HEARTS FOUR HEARTS SEVEN,0.6,0.0194,0.3806
SPADES SEVEN SPADES TWO,0.6398,0.0126,0.3476
CLUBS FIVE HEARTS EIGHT,0.6534,0.0164,0.3302
HEARTS SIX HEARTS JACK,0.5672,0.155,0.2778
CLUBS SIX DIAMONDS FOUR,0.6342,0.0172,0.3486
CLUBS EIGHT SPADES TEN,0.6498,0.0142,0.336
CLUBS EIGHT CLUBS FIVE,0.6174,0.0172,0.3654
SPADES KING HEARTS KING,0.1592,0.0076,0.8332
HEARTS FOUR HEARTS TWO,0.5968,0.0198,0.3834
DIAMONDS SEVEN DIAMONDS FIVE,0.5888,0.0156,0.3956
DIAMONDS TEN HEARTS JACK,0.2302,0.1148,0.655
SPADES NINE CLUBS KING,0.2648,0.0298,0.7054
CLUBS KING DIAMONDS FIVE,0.4398,0.0082,0.552
HEARTS FIVE HEARTS EIGHT,0.6046,0.0154,0.38
SPADES QUEEN HEARTS SEVEN,0.4158,0.0128,0.5714
DIAMONDS TEN HEARTS EIGHT,0.6258,0.0168,0.3574
HEARTS TWO CLUBS FOUR,0.6378,0.0196,0.3426
HEARTS FOUR CLUBS KING,0.4376,0.005,0.5574
HEARTS THREE CLUBS KING,0.4476,0.0058,0.5466
CLUBS FIVE DIAMONDS NINE,0.704,0.0602,0.2358
CLUBS SIX DIAMONDS TEN,0.6534,0.0182,0.3284
SPADES FIVE DIAMONDS TEN,0.6596,0.014,0.3264
HEARTS SIX SPADES FOUR,0.6408,0.0142,0.345
DIAMONDS NINE DIAMONDS SIX,0.6668,0.0588,0.2744
CLUBS SEVEN HEARTS SEVEN,0.4368,0.0266,0.5366
DIAMONDS ACE DIAMONDS TEN,0.3582,0.0034,0.6384
CLUBS SIX SPADES EIGHT,0.6506,0.0216,0.3278
HEARTS SIX CLUBS SIX,0.456,0.0312,0.5128
HEARTS FIVE HEARTS SEVEN,0.5886,0.016,0.3954
DIAMONDS SIX HEARTS SEVEN,0.6268,0.015,0.3582
HEARTS FIVE DIAMONDS QUEEN,0.4312,0.0098,0.559
DIAMONDS ACE DIAMONDS NINE,0.2568,0.0166,0.7266
CLUBS EIGHT DIAMONDS KING,0.4242,0.0088,0.567
HEARTS TWO CLUBS KING,0.4416,0.0082,0.5502
DIAMONDS SEVEN CLUBS JACK,0.598,0.1686,0.2334
SPADES ACE CLUBS THREE,0.4128,0.005,0.5822
DIAMONDS THREE DIAMONDS TEN,0.6078,0.0138,0.3784
SPADES ACE SPADES SEVEN,0.4018,0.0038,0.5944
DIAMONDS JACK DIAMONDS SEVEN,0.57,0.1498,0.2802
HEARTS QUEEN HEARTS EIGHT,0.3874,0.0116,0.601
HEARTS ACE DIAMONDS FIVE,0.4278,0.0034,0.5688
SPADES EIGHT CLUBS KING,0.4178,0.008,0.5742
DIAMONDS THREE DIAMONDS QUEEN,0.4088,0.0078,0.5834
DIAMONDS THREE SPADES TEN,0.6568,0.0138,0.3294
SPADES SIX HEARTS EIGHT,0.6478,0.0122,0.34
DIAMONDS TEN DIAMONDS EIGHT,0.584,0.0138,0.4022
DIAMONDS KING SPADES THREE,0.4338,0.008,0.5582
SPADES SEVEN SPADES FIVE,0.6066,0.0152,0.3782
DIAMONDS KING SPADES TWO,0.4352,0.0078,0.557
DIAMONDS SIX DIAMONDS FOUR,0.5854,0.0158,0.3988
CLUBS FIVE SPADES FIVE,0.4616,0.028,0.5104
CLUBS FIVE HEARTS ACE,0.4272,0.005,0.5678
CLUBS EIGHT SPADES EIGHT,0.4388,0.0242,0.537
DIAMONDS TWO SPADES NINE,0.7156,0.0662,0.2182
CLUBS SIX SPADES NINE,0.7168,0.061,0.2222
CLUBS EIGHT CLUBS SEVEN,0.5894,0.0198,0.3908
DIAMONDS EIGHT CLUBS JACK,0.5992,0.1672,0.2336
HEARTS ACE HEARTS KING,0.3332,0.0052,0.6616
HEARTS TWO SPADES THREE,0.6502,0.0192,0.3306
SPADES QUEEN HEARTS KING,0.3356,0.0064,0.658
SPADES TEN HEARTS QUEEN,0.3572,0.0086,0.6342
HEARTS THREE CLUBS ACE,0.4256,0.0054,0.569
CLUBS THREE SPADES FOUR,0.6382,0.0162,0.3456
SPADES QUEEN CLUBS SEVEN,0.4238,0.0108,0.5654
CLUBS FOUR HEARTS ACE,0.4294,0.0046,0.566
CLUBS TEN HEARTS FIVE,0.644,0.0182,0.3378
DIAMONDS TEN HEARTS TEN,0.294,0.02,0.686
CLUBS EIGHT CLUBS TWO,0.6374,0.0158,0.3468
DIAMONDS KING CLUBS TWO,0.438,0.0086,0.5534
SPADES TEN DIAMONDS NINE,0.7008,0.0526,0.2466
HEARTS ACE HEARTS QUEEN,0.335,0.006,0.659
SPADES EIGHT SPADES TWO,0.644,0.0148,0.3412
HEARTS THREE SPADES EIGHT,0.6774,0.0146,0.308
DIAMONDS JACK HEARTS NINE,0.02,0.9598,0.0202
HEARTS FOUR HEARTS TEN,0.608,0.0146,0.3774
HEARTS THREE DIAMONDS SEVEN,0.669,0.019,0.312
HEARTS FOUR SPADES NINE,0.717,0.0596,0.2234
HEARTS ACE DIAMONDS EIGHT,0.4082,0.0032,0.5886
SPADES KING DIAMONDS JACK,0.248,0.0312,0.7208
SPADES KING DIAMONDS QUEEN,0.337,0.0066,0.6564
CLUBS SEVEN CLUBS SIX,0.5944,0.013,0.3926
SPADES ACE DIAMONDS FIVE,0.4256,0.0044,0.57
DIAMONDS NINE CLUBS KING,0.2644,0.0294,0.7062
DIAMONDS THREE SPADES TWO,0.6558,0.0202,0.324
SPADES EIGHT SPADES SIX,0.6188,0.017,0.3642
SPADES EIGHT HEARTS ACE,0.4266,0.0048,0.5686
SPADES QUEEN SPADES TWO,0.4106,0.0114,0.578
DIAMONDS JACK CLUBS JACK,0.1324,0.0336,0.834
CLUBS FOUR HEARTS JACK,0.6056,0.1726,0.2218
DIAMONDS KING DIAMONDS TEN,0.3394,0.0062,0.6544
SPADES TEN CLUBS JACK,0.2174,0.125,0.6576
DIAMONDS TWO HEARTS SEVEN,0.6634,0.0174,0.3192
HEARTS SIX SPADES FIVE,0.6328,0.0142,0.353
CLUBS TEN CLUBS THREE,0.6092,0.017,0.3738
SPADES QUEEN HEARTS TWO,0.4414,0.0092,0.5494
CLUBS SIX DIAMONDS SEVEN,0.634,0.0166,0.3494
CLUBS THREE DIAMONDS FIVE,0.6314,0.0162,0.3524
HEARTS FOUR SPADES SIX,0.6432,0.0154,0.3414
DIAMONDS JACK DIAMONDS FIVE,0.5702,0.1554,0.2744
SPADES EIGHT DIAMONDS FIVE,0.6558,0.0194,0.3248
DIAMONDS KING CLUBS ACE,0.3592,0.0034,0.6374
HEARTS FOUR SPADES THREE,0.6484,0.019,0.3326
CLUBS TEN HEARTS KING,0.361,0.0062,0.6328
HEARTS KING HEARTS NINE,0.2384,0.0308,0.7308
DIAMONDS THREE DIAMONDS FIVE,0.588,0.0168,0.3952
HEARTS JACK HEARTS EIGHT,0.5602,0.1574,0.2824
SPADES QUEEN SPADES TEN,0.3334,0.0092,0.6574
DIAMONDS TWO CLUBS SEVEN,0.6732,0.0184,0.3084
SPADES FOUR DIAMONDS FIVE,0.6194,0.0148,0.3658
DIAMONDS KING HEARTS ACE,0.3502,0.0032,0.6466
SPADES SEVEN SPADES THREE,0.6438,0.0178,0.3384
DIAMONDS ACE SPADES SEVEN,0.4218,0.0022,0.576
CLUBS FOUR HEARTS SEVEN,0.6464,0.0162,0.3374
DIAMONDS ACE HEARTS ACE,0.1734,0.0034,0.8232
SPADES NINE HEARTS QUEEN,0.2574,0.0382,0.7044
SPADES TEN DIAMONDS KING,0.3708,0.005,0.6242
CLUBS TWO HEARTS QUEEN,0.4536,0.0082,0.5382
SPADES FOUR SPADES THREE,0.6068,0.0188,0.3744
SPADES SIX SPADES TWO,0.6264,0.0158,0.3578
HEARTS TWO CLUBS TWO,0.4658,0.035,0.4992
HEARTS EIGHT CLUBS JACK,0.5938,0.1706,0.2356
HEARTS JACK HEARTS SEVEN,0.5628,0.1626,0.2746
DIAMONDS THREE CLUBS KING,0.4198,0.0102,0.57
SPADES SIX SPADES THREE,0.6044,0.0182,0.3774
SPADES FOUR SPADES TWO,0.6104,0.0128,0.3768
SPADES NINE DIAMONDS FIVE,0.7116,0.0606,0.2278
CLUBS TEN HEARTS ACE,0.374,0.0042,0.6218
HEARTS FOUR DIAMONDS SIX,0.6336,0.0134,0.353
SPADES FOUR CLUBS KING,0.4382,0.0084,0.5534
HEARTS ACE CLUBS QUEEN,0.3528,0.0048,0.6424
HEARTS SIX DIAMONDS SEVEN,0.622,0.0172,0.3608
SPADES QUEEN HEARTS THREE,0.4328,0.0116,0.5556
CLUBS SIX DIAMONDS FIVE,0.6236,0.017,0.3594
SPADES QUEEN CLUBS SIX,0.4338,0.0088,0.5574
HEARTS TWO HEARTS JACK,0.5766,0.1616,0.2618
HEARTS NINE HEARTS SEVEN,0.6446,0.055,0.3004
SPADES TEN CLUBS THREE,0.6666,0.0166,0.3168
HEARTS SIX HEARTS TWO,0.607,0.0142,0.3788
HEARTS FOUR CLUBS FOUR,0.4654,0.0298,0.5048
SPADES KING SPADES SIX,0.4136,0.0068,0.5796
SPADES SEVEN DIAMONDS NINE,0.6808,0.0588,0.2604
DIAMONDS THREE SPADES THREE,0.4654,0.0264,0.5082
DIAMONDS QUEEN HEARTS ACE,0.3444,0.0042,0.6514
SPADES QUEEN HEARTS NINE,0.235,0.0404,0.7246
SPADES SIX DIAMONDS JACK,0.6236,0.167,0.2094
CLUBS EIGHT DIAMONDS NINE,0.688,0.0588,0.2532
CLUBS TEN HEARTS JACK,0.2254,0.1196,0.655
DIAMONDS ACE HEARTS TEN,0.3788,0.0048,0.6164
DIAMONDS TWO CLUBS ACE,0.434,0.0052,0.5608
HEARTS QUEEN DIAMONDS NINE,0.2582,0.0398,0.702
SPADES KING SPADES TWO,0.4258,0.0076,0.5666
HEARTS FIVE HEARTS NINE,0.6484,0.0558,0.2958
CLUBS ACE HEARTS EIGHT,0.4194,0.0036,0.577
SPADES ACE CLUBS QUEEN,0.3418,0.006,0.6522
HEARTS FIVE CLUBS KING,0.4368,0.0076,0.5556
HEARTS QUEEN HEARTS NINE,0.242,0.0352,0.7228
DIAMONDS TWO HEARTS FOUR,0.6444,0.017,0.3386
