opposingHand,winningChance,drawChance,lostChance
CLUBS KING DIAMONDS NINE
HEARTS FIVE SPADES TEN,0.6444,0.0074,0.3482
HEARTS FIVE SPADES JACK,0.632,0.007,0.361
SPADES FIVE CLUBS JACK,0.6408,0.0048,0.3544
CLUBS TEN SPADES FIVE,0.6354,0.0078,0.3568
CLUBS EIGHT CLUBS JACK,0.5896,0.0066,0.4038
CLUBS TEN CLUBS EIGHT,0.5816,0.0086,0.4098
SPADES FIVE CLUBS ACE,0.3974,0.0056,0.597
CLUBS EIGHT CLUBS QUEEN,0.5976,0.009,0.3934
SPADES FIVE CLUBS QUEEN,0.6378,0.006,0.3562
CLUBS EIGHT CLUBS ACE,0.3864,0.0038,0.6098
DIAMONDS TWO DIAMONDS THREE,0.6132,0.0086,0.3782
DIAMONDS TWO DIAMONDS FIVE,0.6202,0.0082,0.3716
HEARTS FIVE SPADES KING,0.5864,0.1704,0.2432
DIAMONDS TWO DIAMONDS FOUR,0.6222,0.0068,0.371
HEARTS FIVE SPADES QUEEN,0.6328,0.006,0.3612
DIAMONDS TWO DIAMONDS SEVEN,0.6334,0.0112,0.3554
DIAMONDS TWO DIAMONDS SIX,0.6348,0.0074,0.3578
SPADES ACE HEARTS FIVE,0.4038,0.0032,0.593
DIAMONDS TWO DIAMONDS EIGHT,0.6348,0.0086,0.3566
DIAMONDS THREE DIAMONDS FOUR,0.6032,0.0096,0.3872
CLUBS TWO SPADES FOUR,0.6426,0.009,0.3484
DIAMONDS THREE DIAMONDS FIVE,0.591,0.0092,0.3998
SPADES FIVE CLUBS TWO,0.641,0.0078,0.3512
CLUBS TWO SPADES TWO,0.4744,0.011,0.5146
CLUBS TWO SPADES THREE,0.6474,0.007,0.3456
DIAMONDS THREE DIAMONDS EIGHT,0.6372,0.0082,0.3546
SPADES EIGHT CLUBS TWO,0.6732,0.0082,0.3186
SPADES NINE CLUBS TWO,0.7552,0.0346,0.2102
DIAMONDS THREE DIAMONDS SIX,0.6228,0.0084,0.3688
SPADES SIX CLUBS TWO,0.6508,0.0074,0.3418
DIAMONDS THREE DIAMONDS SEVEN,0.6218,0.0074,0.3708
SPADES SEVEN CLUBS TWO,0.6718,0.0068,0.3214
CLUBS SIX CLUBS TWO,0.624,0.0082,0.3678
CLUBS SEVEN CLUBS TWO,0.654,0.0092,0.3368
CLUBS FOUR CLUBS TWO,0.6254,0.0066,0.368
CLUBS FIVE CLUBS TWO,0.6164,0.0092,0.3744
CLUBS TEN CLUBS JACK,0.5358,0.0074,0.4568
DIAMONDS FOUR DIAMONDS SIX,0.618,0.0084,0.3736
CLUBS TEN CLUBS QUEEN,0.557,0.0078,0.4352
DIAMONDS FOUR DIAMONDS SEVEN,0.616,0.007,0.377
CLUBS TEN CLUBS ACE,0.3402,0.0052,0.6546
CLUBS EIGHT CLUBS TWO,0.6386,0.0084,0.353
DIAMONDS FIVE DIAMONDS FOUR,0.5948,0.0072,0.398
CLUBS NINE CLUBS TWO,0.6972,0.041,0.2618
DIAMONDS EIGHT DIAMONDS FOUR,0.6222,0.0082,0.3696
CLUBS THREE CLUBS TWO,0.6054,0.006,0.3886
DIAMONDS TWO CLUBS JACK,0.6526,0.0098,0.3376
DIAMONDS EIGHT DIAMONDS FIVE,0.626,0.0088,0.3652
CLUBS TEN DIAMONDS TWO,0.65,0.0086,0.3414
DIAMONDS FIVE DIAMONDS SEVEN,0.5966,0.0088,0.3946
DIAMONDS FIVE DIAMONDS SIX,0.5878,0.0052,0.407
DIAMONDS TWO CLUBS ACE,0.3976,0.0062,0.5962
DIAMONDS TWO CLUBS QUEEN,0.654,0.0058,0.3402
DIAMONDS EIGHT DIAMONDS SIX,0.61,0.0066,0.3834
HEARTS ACE SPADES THREE,0.407,0.004,0.589
SPADES THREE HEARTS KING,0.5964,0.1686,0.235
DIAMONDS SEVEN DIAMONDS SIX,0.58,0.0078,0.4122
HEARTS QUEEN SPADES THREE,0.6314,0.006,0.3626
SPADES THREE HEARTS JACK,0.6326,0.0052,0.3622
SPADES THREE HEARTS TEN,0.6504,0.0068,0.3428
DIAMONDS EIGHT DIAMONDS SEVEN,0.5952,0.0098,0.395
DIAMONDS KING HEARTS TEN,0.2262,0.1192,0.6546
HEARTS THREE HEARTS TEN,0.6064,0.0076,0.386
SPADES JACK CLUBS SIX,0.6398,0.0054,0.3548
DIAMONDS KING HEARTS JACK,0.2356,0.085,0.6794
HEARTS THREE HEARTS JACK,0.6042,0.0064,0.3894
SPADES TEN CLUBS SIX,0.6306,0.0076,0.3618
SPADES JACK SPADES FIVE,0.5968,0.0074,0.3958
SPADES TEN SPADES FIVE,0.5892,0.0072,0.4036
DIAMONDS KING HEARTS ACE,0.2232,0.0108,0.766
HEARTS THREE HEARTS ACE,0.3952,0.004,0.6008
SPADES ACE CLUBS SIX,0.4214,0.0052,0.5734
DIAMONDS KING HEARTS QUEEN,0.235,0.0674,0.6976
HEARTS THREE HEARTS QUEEN,0.5886,0.0094,0.402
SPADES KING CLUBS SIX,0.6038,0.1614,0.2348
DIAMONDS KING HEARTS KING,0.0832,0.012,0.9048
HEARTS THREE HEARTS KING,0.5746,0.1566,0.2688
SPADES QUEEN CLUBS SIX,0.642,0.0058,0.3522
SPADES NINE HEARTS TEN,0.6716,0.0272,0.3012
SPADES NINE HEARTS JACK,0.7126,0.0244,0.263
SPADES QUEEN SPADES FIVE,0.5902,0.0064,0.4034
SPADES KING SPADES FIVE,0.5698,0.1486,0.2816
SPADES ACE SPADES FIVE,0.3842,0.005,0.6108
SPADES NINE HEARTS QUEEN,0.7084,0.03,0.2616
SPADES NINE HEARTS KING,0.0216,0.9536,0.0248
SPADES NINE HEARTS ACE,0.2472,0.0214,0.7314
CLUBS TEN SPADES JACK,0.5802,0.007,0.4128
CLUBS TEN SPADES TEN,0.3086,0.0086,0.6828
SPADES ACE CLUBS TEN,0.3678,0.0026,0.6296
SPADES KING CLUBS TEN,0.2212,0.1174,0.6614
CLUBS TEN SPADES QUEEN,0.585,0.0064,0.4086
SPADES FIVE HEARTS QUEEN,0.6454,0.006,0.3486
SPADES FIVE HEARTS KING,0.6078,0.1568,0.2354
HEARTS ACE SPADES FIVE,0.4052,0.0034,0.5914
CLUBS EIGHT SPADES TEN,0.6224,0.007,0.3706
SPADES JACK HEARTS THREE,0.6422,0.0062,0.3516
SPADES JACK DIAMONDS KING,0.223,0.0858,0.6912
SPADES TEN DIAMONDS KING,0.2184,0.1222,0.6594
SPADES TEN HEARTS THREE,0.6372,0.0068,0.356
SPADES JACK CLUBS EIGHT,0.6288,0.0062,0.365
CLUBS SIX HEARTS ACE,0.4058,0.0042,0.59
SPADES ACE CLUBS EIGHT,0.3982,0.0046,0.5972
HEARTS FIVE CLUBS JACK,0.6358,0.0072,0.357
HEARTS FIVE CLUBS TEN,0.658,0.0066,0.3354
CLUBS SIX HEARTS QUEEN,0.6368,0.0078,0.3554
SPADES QUEEN CLUBS EIGHT,0.6288,0.006,0.3652
CLUBS TEN SPADES THREE,0.6516,0.0074,0.341
CLUBS SIX HEARTS KING,0.6028,0.1652,0.232
SPADES KING CLUBS EIGHT,0.614,0.1664,0.2196
SPADES THREE CLUBS JACK,0.6506,0.0064,0.343
DIAMONDS TWO HEARTS JACK,0.6408,0.0082,0.351
SPADES THREE CLUBS QUEEN,0.648,0.0074,0.3446
DIAMONDS TWO HEARTS TEN,0.6372,0.0062,0.3566
HEARTS FIVE CLUBS ACE,0.407,0.0036,0.5894
SPADES FIVE HEARTS TEN,0.6334,0.0076,0.359
SPADES THREE CLUBS ACE,0.402,0.0048,0.5932
SPADES FIVE HEARTS JACK,0.627,0.006,0.367
HEARTS FIVE CLUBS QUEEN,0.6362,0.009,0.3548
HEARTS THREE CLUBS QUEEN,0.6436,0.008,0.3484
DIAMONDS KING CLUBS QUEEN,0.2332,0.0594,0.7074
HEARTS FIVE HEARTS JACK,0.5866,0.0068,0.4066
HEARTS FIVE HEARTS TEN,0.5996,0.0076,0.3928
HEARTS THREE CLUBS ACE,0.406,0.0046,0.5894
DIAMONDS KING CLUBS ACE,0.222,0.0154,0.7626
SPADES ACE CLUBS QUEEN,0.357,0.0044,0.6386
SPADES KING CLUBS QUEEN,0.2402,0.0684,0.6914
HEARTS THREE CLUBS JACK,0.6428,0.0068,0.3504
DIAMONDS KING CLUBS JACK,0.2286,0.0906,0.6808
SPADES QUEEN CLUBS QUEEN,0.291,0.0056,0.7034
CLUBS TEN HEARTS THREE,0.6406,0.0074,0.352
CLUBS TEN DIAMONDS KING,0.2252,0.1152,0.6596
SPADES JACK CLUBS QUEEN,0.5804,0.0076,0.412
CLUBS SIX CLUBS QUEEN,0.611,0.0068,0.3822
SPADES TEN CLUBS QUEEN,0.5866,0.0058,0.4076
CLUBS SIX CLUBS ACE,0.3864,0.0048,0.6088
HEARTS FIVE HEARTS KING,0.555,0.1636,0.2814
HEARTS FIVE HEARTS QUEEN,0.5912,0.008,0.4008
CLUBS TEN CLUBS SIX,0.6122,0.0068,0.381
HEARTS FIVE HEARTS ACE,0.3678,0.0028,0.6294
CLUBS SIX CLUBS JACK,0.6152,0.0066,0.3782
SPADES SEVEN HEARTS JACK,0.6346,0.006,0.3594
SPADES SEVEN HEARTS TEN,0.623,0.0064,0.3706
DIAMONDS TWO CLUBS TWO,0.4704,0.0162,0.5134
DIAMONDS TWO CLUBS THREE,0.6584,0.0086,0.333
DIAMONDS TWO HEARTS SIX,0.6632,0.0084,0.3284
DIAMONDS TWO HEARTS QUEEN,0.6436,0.0078,0.3486
HEARTS SEVEN DIAMONDS TWO,0.675,0.0078,0.3172
DIAMONDS TWO HEARTS KING,0.6126,0.1634,0.224
DIAMONDS TWO HEARTS EIGHT,0.671,0.008,0.321
DIAMONDS TWO HEARTS ACE,0.4074,0.0044,0.5882
DIAMONDS TWO HEARTS NINE,0.7394,0.0368,0.2238
DIAMONDS TWO DIAMONDS QUEEN,0.62,0.0078,0.3722
DIAMONDS TWO HEARTS TWO,0.4646,0.014,0.5214
DIAMONDS TWO DIAMONDS KING,0.5686,0.1744,0.257
DIAMONDS TWO HEARTS THREE,0.6514,0.0066,0.342
DIAMONDS TWO DIAMONDS ACE,0.3862,0.0058,0.608
HEARTS FOUR DIAMONDS TWO,0.6636,0.0076,0.3288
HEARTS FIVE DIAMONDS TWO,0.6404,0.01,0.3496
SPADES SEVEN HEARTS ACE,0.4186,0.0038,0.5776
DIAMONDS TWO DIAMONDS TEN,0.6076,0.0052,0.3872
SPADES SEVEN HEARTS KING,0.598,0.1712,0.2308
DIAMONDS TWO DIAMONDS JACK,0.6176,0.0066,0.3758
SPADES SEVEN HEARTS QUEEN,0.64,0.0054,0.3546
DIAMONDS TWO SPADES NINE,0.7296,0.0378,0.2326
DIAMONDS TWO SPADES EIGHT,0.6758,0.0088,0.3154
DIAMONDS TWO SPADES SEVEN,0.675,0.0066,0.3184
DIAMONDS TWO SPADES SIX,0.6608,0.0066,0.3326
DIAMONDS TWO SPADES FIVE,0.6478,0.0108,0.3414
DIAMONDS TWO SPADES FOUR,0.6538,0.0094,0.3368
DIAMONDS TWO SPADES THREE,0.6514,0.01,0.3386
DIAMONDS TWO SPADES TWO,0.485,0.0114,0.5036
CLUBS NINE DIAMONDS TWO,0.744,0.0344,0.2216
DIAMONDS TWO CLUBS EIGHT,0.6872,0.0074,0.3054
CLUBS SEVEN DIAMONDS TWO,0.6728,0.007,0.3202
DIAMONDS TWO CLUBS SIX,0.654,0.0086,0.3374
DIAMONDS TWO CLUBS FIVE,0.6612,0.007,0.3318
DIAMONDS TWO CLUBS FOUR,0.6512,0.0108,0.338
CLUBS FOUR SPADES FIVE,0.625,0.0094,0.3656
CLUBS FOUR SPADES FOUR,0.4696,0.0122,0.5182
CLUBS FOUR SPADES THREE,0.6442,0.0072,0.3486
CLUBS FOUR SPADES TWO,0.6512,0.0078,0.341
SPADES NINE CLUBS FOUR,0.7342,0.0378,0.228
SPADES EIGHT CLUBS FOUR,0.6678,0.0072,0.325
SPADES SEVEN CLUBS FOUR,0.6508,0.0076,0.3416
CLUBS FOUR SPADES SIX,0.6372,0.0054,0.3574
SPADES ACE DIAMONDS SIX,0.4126,0.0052,0.5822
SPADES QUEEN DIAMONDS SIX,0.6524,0.0068,0.3408
SPADES KING DIAMONDS SIX,0.6016,0.1634,0.235
SPADES TEN DIAMONDS SIX,0.6502,0.0056,0.3442
SPADES JACK DIAMONDS SIX,0.6496,0.0068,0.3436
SPADES QUEEN SPADES TWO,0.61,0.0072,0.3828
SPADES KING SPADES TWO,0.5668,0.157,0.2762
SPADES ACE SPADES TWO,0.3824,0.0046,0.613
DIAMONDS JACK CLUBS JACK,0.288,0.0048,0.7072
CLUBS TEN DIAMONDS JACK,0.571,0.0052,0.4238
DIAMONDS JACK CLUBS QUEEN,0.5772,0.0086,0.4142
DIAMONDS THREE DIAMONDS JACK,0.6086,0.0066,0.3848
DIAMONDS THREE DIAMONDS TEN,0.6122,0.0072,0.3806
DIAMONDS JACK CLUBS ACE,0.3466,0.0044,0.649
DIAMONDS THREE DIAMONDS KING,0.5764,0.1578,0.2658
DIAMONDS THREE HEARTS THREE,0.4664,0.0112,0.5224
DIAMONDS THREE DIAMONDS QUEEN,0.5966,0.005,0.3984
DIAMONDS THREE HEARTS TWO,0.6444,0.0078,0.3478
HEARTS FIVE DIAMONDS THREE,0.6368,0.0076,0.3556
DIAMONDS THREE DIAMONDS ACE,0.3814,0.0046,0.614
HEARTS FOUR DIAMONDS THREE,0.6282,0.0068,0.365
HEARTS SEVEN DIAMONDS THREE,0.654,0.01,0.336
SPADES TEN SPADES NINE,0.6422,0.026,0.3318
HEARTS SIX DIAMONDS THREE,0.6522,0.0082,0.3396
SPADES JACK SPADES NINE,0.664,0.0264,0.3096
DIAMONDS THREE HEARTS NINE,0.7368,0.0406,0.2226
HEARTS JACK DIAMONDS FOUR,0.64,0.0082,0.3518
HEARTS ACE HEARTS KING,0.2208,0.0132,0.766
SPADES TEN SPADES TWO,0.6058,0.0058,0.3884
DIAMONDS THREE HEARTS EIGHT,0.678,0.0076,0.3144
HEARTS TEN DIAMONDS FOUR,0.6436,0.0066,0.3498
SPADES JACK SPADES TWO,0.5958,0.0046,0.3996
HEARTS QUEEN DIAMONDS FOUR,0.6492,0.0086,0.3422
HEARTS KING DIAMONDS FOUR,0.6074,0.162,0.2306
SPADES ACE SPADES NINE,0.2356,0.021,0.7434
HEARTS ACE DIAMONDS FOUR,0.403,0.004,0.593
SPADES KING SPADES NINE,0.0252,0.9076,0.0672
SPADES QUEEN SPADES NINE,0.6714,0.0294,0.2992
DIAMONDS THREE SPADES NINE,0.7446,0.0388,0.2166
DIAMONDS THREE SPADES EIGHT,0.6676,0.0072,0.3252
DIAMONDS THREE SPADES SEVEN,0.6542,0.0084,0.3374
DIAMONDS THREE SPADES SIX,0.6542,0.0064,0.3394
DIAMONDS THREE CLUBS SIX,0.6586,0.0096,0.3318
CLUBS FIVE CLUBS SIX,0.594,0.0086,0.3974
CLUBS ACE DIAMONDS FOUR,0.4044,0.007,0.5886
CLUBS SEVEN DIAMONDS THREE,0.6726,0.0088,0.3186
CLUBS SEVEN CLUBS FIVE,0.5866,0.008,0.4054
DIAMONDS THREE CLUBS FOUR,0.6418,0.0112,0.347
DIAMONDS FOUR CLUBS QUEEN,0.651,0.0054,0.3436
DIAMONDS THREE CLUBS FIVE,0.6488,0.0072,0.344
DIAMONDS THREE CLUBS TWO,0.6654,0.0082,0.3264
CLUBS TEN DIAMONDS FOUR,0.6448,0.0074,0.3478
DIAMONDS THREE CLUBS THREE,0.479,0.0114,0.5096
DIAMONDS FOUR CLUBS JACK,0.6476,0.0078,0.3446
DIAMONDS THREE SPADES FOUR,0.6344,0.0066,0.359
DIAMONDS THREE SPADES FIVE,0.6388,0.008,0.3532
DIAMONDS THREE SPADES TWO,0.6524,0.0112,0.3364
DIAMONDS THREE SPADES THREE,0.4662,0.0094,0.5244
CLUBS EIGHT DIAMONDS THREE,0.6904,0.0076,0.302
CLUBS NINE DIAMONDS THREE,0.7512,0.0398,0.209
SPADES SEVEN CLUBS ACE,0.3968,0.0036,0.5996
SPADES SEVEN CLUBS QUEEN,0.6366,0.0074,0.356
CLUBS FIVE SPADES SEVEN,0.624,0.0058,0.3702
CLUBS TEN SPADES SEVEN,0.6154,0.0088,0.3758
CLUBS FIVE SPADES SIX,0.6294,0.0084,0.3622
SPADES SEVEN CLUBS JACK,0.6272,0.0052,0.3676
CLUBS FIVE SPADES NINE,0.7202,0.0394,0.2404
CLUBS FIVE SPADES EIGHT,0.6434,0.004,0.3526
CLUBS FIVE SPADES THREE,0.6382,0.0074,0.3544
CLUBS FIVE SPADES TWO,0.6618,0.0074,0.3308
CLUBS FIVE SPADES FIVE,0.46,0.0102,0.5298
CLUBS FIVE SPADES FOUR,0.6126,0.0098,0.3776
CLUBS NINE CLUBS FIVE,0.7084,0.0326,0.259
CLUBS EIGHT CLUBS FIVE,0.6146,0.008,0.3774
CLUBS ACE CLUBS QUEEN,0.3394,0.006,0.6546
DIAMONDS TEN DIAMONDS FOUR,0.6156,0.0078,0.3766
DIAMONDS JACK DIAMONDS FOUR,0.5992,0.008,0.3928
SPADES NINE CLUBS JACK,0.7156,0.031,0.2534
CLUBS TEN SPADES NINE,0.702,0.0292,0.2688
DIAMONDS ACE DIAMONDS FOUR,0.382,0.0044,0.6136
HEARTS FOUR DIAMONDS FOUR,0.4762,0.0104,0.5134
DIAMONDS JACK HEARTS TEN,0.5574,0.0066,0.436
DIAMONDS TWO SPADES TEN,0.6376,0.0076,0.3548
HEARTS FIVE DIAMONDS FOUR,0.6162,0.0054,0.3784
DIAMONDS JACK HEARTS JACK,0.2886,0.0046,0.7068
SPADES NINE CLUBS QUEEN,0.7266,0.027,0.2464
DIAMONDS TWO SPADES JACK,0.647,0.007,0.346
DIAMONDS QUEEN DIAMONDS FOUR,0.6036,0.0072,0.3892
HEARTS TWO DIAMONDS FOUR,0.6524,0.009,0.3386
DIAMONDS KING DIAMONDS FOUR,0.5846,0.1544,0.261
HEARTS THREE DIAMONDS FOUR,0.6232,0.0098,0.367
SPADES NINE CLUBS ACE,0.2322,0.0186,0.7492
HEARTS ACE DIAMONDS JACK,0.3512,0.0036,0.6452
SPADES ACE DIAMONDS TWO,0.4016,0.0046,0.5938
HEARTS QUEEN DIAMONDS JACK,0.5904,0.006,0.4036
SPADES QUEEN DIAMONDS TWO,0.6418,0.0068,0.3514
HEARTS KING DIAMONDS JACK,0.2206,0.0904,0.689
SPADES KING DIAMONDS TWO,0.6156,0.1628,0.2216
SPADES JACK SPADES SEVEN,0.6004,0.006,0.3936
SPADES TEN SPADES SEVEN,0.587,0.004,0.409
CLUBS SEVEN CLUBS THREE,0.647,0.008,0.345
CLUBS SIX CLUBS THREE,0.6224,0.0078,0.3698
CLUBS FIVE CLUBS THREE,0.6026,0.0068,0.3906
CLUBS THREE CLUBS FOUR,0.596,0.0082,0.3958
CLUBS NINE CLUBS THREE,0.7034,0.0394,0.2572
CLUBS EIGHT CLUBS THREE,0.6434,0.0088,0.3478
CLUBS THREE SPADES FIVE,0.63,0.0082,0.3618
CLUBS THREE SPADES FOUR,0.629,0.0082,0.3628
CLUBS THREE SPADES THREE,0.462,0.0134,0.5246
CLUBS THREE SPADES TWO,0.6568,0.0098,0.3334
CLUBS THREE SPADES SIX,0.6478,0.0076,0.3446
CLUBS THREE SPADES SEVEN,0.6762,0.0076,0.3162
SPADES EIGHT CLUBS THREE,0.6776,0.0064,0.316
SPADES NINE CLUBS THREE,0.7266,0.0362,0.2372
SPADES TWO DIAMONDS FOUR,0.6506,0.008,0.3414
SPADES THREE DIAMONDS FOUR,0.6306,0.0064,0.363
SPADES FOUR DIAMONDS FOUR,0.4738,0.0116,0.5146
SPADES FIVE DIAMONDS FOUR,0.6222,0.0076,0.3702
SPADES SIX DIAMONDS FOUR,0.643,0.008,0.349
SPADES SEVEN DIAMONDS FOUR,0.6452,0.0078,0.347
SPADES EIGHT DIAMONDS FOUR,0.6724,0.0064,0.3212
SPADES NINE DIAMONDS FOUR,0.7418,0.035,0.2232
CLUBS FIVE DIAMONDS FOUR,0.6322,0.0078,0.36
CLUBS FOUR DIAMONDS FOUR,0.4656,0.0142,0.5202
CLUBS SEVEN DIAMONDS FOUR,0.653,0.0062,0.3408
CLUBS SIX DIAMONDS FOUR,0.636,0.01,0.354
CLUBS NINE DIAMONDS FOUR,0.7426,0.0396,0.2178
CLUBS EIGHT DIAMONDS FOUR,0.6652,0.0094,0.3254
HEARTS SEVEN DIAMONDS FOUR,0.6572,0.0088,0.334
HEARTS SIX DIAMONDS FOUR,0.6328,0.0064,0.3608
DIAMONDS FOUR HEARTS NINE,0.7372,0.0378,0.225
DIAMONDS FOUR HEARTS EIGHT,0.666,0.0094,0.3246
CLUBS THREE DIAMONDS FOUR,0.6582,0.0114,0.3304
CLUBS TWO DIAMONDS FOUR,0.653,0.008,0.339
DIAMONDS TEN DIAMONDS FIVE,0.6114,0.0068,0.3818
DIAMONDS JACK DIAMONDS FIVE,0.6018,0.0062,0.392
CLUBS QUEEN DIAMONDS SIX,0.638,0.0082,0.3538
CLUBS ACE DIAMONDS SIX,0.3914,0.0042,0.6044
SPADES KING DIAMONDS FOUR,0.6008,0.1732,0.226
SPADES ACE SPADES SEVEN,0.3698,0.0036,0.6266
SPADES QUEEN DIAMONDS FOUR,0.6346,0.0058,0.3596
SPADES QUEEN SPADES SEVEN,0.6022,0.0048,0.393
CLUBS JACK DIAMONDS SIX,0.6526,0.0072,0.3402
SPADES KING SPADES SEVEN,0.5596,0.1546,0.2858
SPADES ACE DIAMONDS FOUR,0.4138,0.0032,0.583
CLUBS TEN DIAMONDS SIX,0.6376,0.0066,0.3558
CLUBS NINE CLUBS FOUR,0.7108,0.037,0.2522
CLUBS EIGHT CLUBS FOUR,0.626,0.008,0.366
SPADES JACK DIAMONDS FOUR,0.629,0.0094,0.3616
SPADES TEN DIAMONDS FOUR,0.6498,0.006,0.3442
CLUBS FIVE CLUBS FOUR,0.5958,0.01,0.3942
CLUBS SEVEN CLUBS FOUR,0.6106,0.007,0.3824
CLUBS SIX CLUBS FOUR,0.6192,0.0086,0.3722
CLUBS SEVEN SPADES EIGHT,0.6268,0.0066,0.3666
CLUBS SEVEN SPADES NINE,0.7002,0.0356,0.2642
CLUBS SEVEN SPADES SIX,0.6242,0.0076,0.3682
CLUBS SEVEN SPADES SEVEN,0.4486,0.0116,0.5398
CLUBS SEVEN SPADES FIVE,0.6294,0.0082,0.3624
CLUBS SEVEN SPADES FOUR,0.653,0.0066,0.3404
CLUBS SEVEN SPADES THREE,0.6674,0.0064,0.3262
CLUBS SEVEN SPADES TWO,0.6672,0.007,0.3258
CLUBS NINE CLUBS SEVEN,0.6662,0.034,0.2998
CLUBS SEVEN CLUBS EIGHT,0.5896,0.0072,0.4032
HEARTS SIX DIAMONDS FIVE,0.616,0.0056,0.3784
HEARTS SEVEN DIAMONDS FIVE,0.6296,0.0074,0.363
DIAMONDS FIVE HEARTS EIGHT,0.6588,0.0084,0.3328
DIAMONDS FIVE HEARTS NINE,0.7304,0.0342,0.2354
DIAMONDS QUEEN DIAMONDS FIVE,0.6006,0.0072,0.3922
HEARTS TWO DIAMONDS FIVE,0.6578,0.009,0.3332
HEARTS KING HEARTS EIGHT,0.5702,0.1556,0.2742
DIAMONDS KING DIAMONDS FIVE,0.5752,0.1574,0.2674
HEARTS THREE DIAMONDS FIVE,0.6344,0.006,0.3596
HEARTS QUEEN HEARTS EIGHT,0.5874,0.0072,0.4054
DIAMONDS ACE DIAMONDS FIVE,0.39,0.0048,0.6052
HEARTS FOUR DIAMONDS FIVE,0.6282,0.0078,0.364
HEARTS FIVE DIAMONDS FIVE,0.4654,0.0108,0.5238
HEARTS ACE HEARTS EIGHT,0.3948,0.0032,0.602
CLUBS FOUR DIAMONDS FIVE,0.6222,0.0104,0.3674
CLUBS FIVE DIAMONDS FIVE,0.4756,0.0126,0.5118
CLUBS SIX DIAMONDS FIVE,0.6302,0.0082,0.3616
CLUBS SEVEN DIAMONDS FIVE,0.64,0.0104,0.3496
CLUBS TWO DIAMONDS FIVE,0.6384,0.0092,0.3524
CLUBS THREE DIAMONDS FIVE,0.6478,0.0068,0.3454
SPADES THREE DIAMONDS FIVE,0.6356,0.0092,0.3552
SPADES TWO DIAMONDS FIVE,0.644,0.0098,0.3462
SPADES JACK DIAMONDS EIGHT,0.6348,0.0054,0.3598
SPADES FIVE DIAMONDS FIVE,0.4612,0.0108,0.528
CLUBS TEN HEARTS JACK,0.5732,0.0054,0.4214
SPADES TEN DIAMONDS EIGHT,0.6126,0.009,0.3784
SPADES FOUR DIAMONDS FIVE,0.612,0.0088,0.3792
HEARTS JACK CLUBS JACK,0.2964,0.0052,0.6984
HEARTS JACK CLUBS QUEEN,0.586,0.0072,0.4068
CLUBS NINE DIAMONDS FIVE,0.7324,0.0332,0.2344
CLUBS EIGHT DIAMONDS FIVE,0.656,0.005,0.339
CLUBS ACE HEARTS JACK,0.3674,0.005,0.6276
SPADES SEVEN DIAMONDS FIVE,0.6314,0.006,0.3626
SPADES KING DIAMONDS EIGHT,0.6246,0.1564,0.219
SPADES QUEEN DIAMONDS EIGHT,0.6468,0.0062,0.347
SPADES SIX DIAMONDS FIVE,0.6322,0.0068,0.361
SPADES NINE DIAMONDS FIVE,0.728,0.034,0.238
SPADES EIGHT DIAMONDS FIVE,0.6442,0.007,0.3488
SPADES ACE DIAMONDS EIGHT,0.3992,0.003,0.5978
DIAMONDS TEN DIAMONDS SIX,0.6136,0.007,0.3794
HEARTS ACE DIAMONDS SEVEN,0.4072,0.004,0.5888
DIAMONDS JACK DIAMONDS SIX,0.613,0.0086,0.3784
HEARTS QUEEN DIAMONDS SEVEN,0.6388,0.007,0.3542
HEARTS KING DIAMONDS SEVEN,0.61,0.1646,0.2254
DIAMONDS ACE DIAMONDS SIX,0.3988,0.0038,0.5974
HEARTS FOUR DIAMONDS SIX,0.628,0.0058,0.3662
SPADES TWO HEARTS JACK,0.6374,0.007,0.3556
HEARTS FIVE DIAMONDS SIX,0.623,0.0056,0.3714
SPADES TWO HEARTS TEN,0.6486,0.006,0.3454
DIAMONDS QUEEN DIAMONDS SIX,0.6144,0.0088,0.3768
HEARTS TWO DIAMONDS SIX,0.6528,0.0068,0.3404
DIAMONDS KING DIAMONDS SIX,0.586,0.1578,0.2562
HEARTS THREE DIAMONDS SIX,0.648,0.0074,0.3446
HEARTS EIGHT DIAMONDS SIX,0.6402,0.0054,0.3544
HEARTS NINE DIAMONDS SIX,0.6982,0.032,0.2698
HEARTS SIX DIAMONDS SIX,0.4356,0.0112,0.5532
HEARTS SEVEN DIAMONDS SIX,0.6318,0.0048,0.3634
HEARTS TEN DIAMONDS SEVEN,0.619,0.0072,0.3738
CLUBS TWO DIAMONDS SIX,0.6742,0.0094,0.3164
HEARTS JACK DIAMONDS SEVEN,0.6322,0.0062,0.3616
CLUBS THREE DIAMONDS SIX,0.6612,0.0088,0.33
CLUBS SEVEN DIAMONDS SIX,0.6156,0.0072,0.3772
DIAMONDS EIGHT CLUBS JACK,0.6318,0.0068,0.3614
CLUBS SIX DIAMONDS SIX,0.4642,0.0088,0.527
CLUBS TEN DIAMONDS EIGHT,0.6144,0.0072,0.3784
CLUBS FIVE DIAMONDS SIX,0.6286,0.0072,0.3642
CLUBS FOUR DIAMONDS SIX,0.6362,0.0082,0.3556
HEARTS ACE HEARTS JACK,0.3302,0.0038,0.666
DIAMONDS EIGHT CLUBS ACE,0.3924,0.0044,0.6032
HEARTS QUEEN HEARTS JACK,0.5264,0.0056,0.468
CLUBS NINE DIAMONDS SIX,0.7148,0.035,0.2502
HEARTS KING HEARTS JACK,0.2226,0.0788,0.6986
DIAMONDS EIGHT CLUBS QUEEN,0.6388,0.0078,0.3534
CLUBS EIGHT DIAMONDS SIX,0.648,0.0084,0.3436
SPADES TEN HEARTS KING,0.2276,0.1164,0.656
SPADES FIVE DIAMONDS SIX,0.6394,0.0052,0.3554
HEARTS ACE SPADES TWO,0.4092,0.0042,0.5866
SPADES JACK HEARTS KING,0.2388,0.082,0.6792
SPADES FOUR DIAMONDS SIX,0.643,0.0084,0.3486
SPADES THREE DIAMONDS SIX,0.649,0.0076,0.3434
HEARTS QUEEN SPADES TWO,0.636,0.0062,0.3578
SPADES ACE SPADES KING,0.215,0.0092,0.7758
HEARTS KING SPADES TWO,0.6116,0.1626,0.2258
SPADES TWO DIAMONDS SIX,0.6748,0.0062,0.319
HEARTS TEN HEARTS EIGHT,0.5804,0.0066,0.413
SPADES NINE DIAMONDS SIX,0.717,0.0346,0.2484
HEARTS JACK HEARTS EIGHT,0.5912,0.0042,0.4046
SPADES EIGHT DIAMONDS SIX,0.6324,0.0062,0.3614
SPADES SEVEN DIAMONDS SIX,0.6144,0.0076,0.378
SPADES SIX DIAMONDS SIX,0.4554,0.0116,0.533
SPADES KING HEARTS KING,0.0906,0.0104,0.899
SPADES QUEEN HEARTS KING,0.2424,0.0654,0.6922
SPADES ACE HEARTS KING,0.2308,0.0134,0.7558
SPADES ACE HEARTS JACK,0.365,0.003,0.632
SPADES QUEEN HEARTS JACK,0.5648,0.0056,0.4296
SPADES KING HEARTS JACK,0.243,0.0846,0.6724
SPADES TEN DIAMONDS TEN,0.2896,0.0056,0.7048
SPADES JACK DIAMONDS TEN,0.5694,0.0076,0.423
SPADES ACE DIAMONDS TEN,0.3464,0.0036,0.65
SPADES JACK HEARTS JACK,0.2962,0.0042,0.6996
SPADES TEN HEARTS JACK,0.5626,0.0078,0.4296
SPADES QUEEN DIAMONDS TEN,0.5792,0.0046,0.4162
SPADES KING DIAMONDS TEN,0.2238,0.1182,0.658
SPADES NINE DIAMONDS SEVEN,0.7054,0.0288,0.2658
SPADES EIGHT DIAMONDS SEVEN,0.6296,0.0058,0.3646
SPADES SEVEN DIAMONDS SEVEN,0.4484,0.0084,0.5432
SPADES SIX DIAMONDS SEVEN,0.615,0.0058,0.3792
DIAMONDS KING DIAMONDS SEVEN,0.5694,0.1626,0.268
HEARTS THREE DIAMONDS SEVEN,0.658,0.01,0.332
HEARTS KING DIAMONDS FIVE,0.611,0.1616,0.2274
DIAMONDS QUEEN DIAMONDS SEVEN,0.6086,0.0056,0.3858
HEARTS TWO DIAMONDS SEVEN,0.659,0.0098,0.3312
HEARTS QUEEN DIAMONDS FIVE,0.6492,0.0058,0.345
HEARTS FIVE DIAMONDS SEVEN,0.6332,0.0064,0.3604
DIAMONDS ACE DIAMONDS SEVEN,0.3752,0.0048,0.62
HEARTS FOUR DIAMONDS SEVEN,0.6532,0.0042,0.3426
HEARTS ACE DIAMONDS FIVE,0.3988,0.005,0.5962
HEARTS SEVEN DIAMONDS SEVEN,0.4426,0.01,0.5474
HEARTS SIX DIAMONDS SEVEN,0.63,0.0068,0.3632
DIAMONDS SEVEN HEARTS NINE,0.7034,0.0314,0.2652
HEARTS EIGHT DIAMONDS SEVEN,0.6326,0.0062,0.3612
DIAMONDS JACK DIAMONDS SEVEN,0.5946,0.0076,0.3978
DIAMONDS FIVE HEARTS JACK,0.6386,0.0066,0.3548
DIAMONDS TEN DIAMONDS SEVEN,0.5868,0.0052,0.408
HEARTS TEN DIAMONDS FIVE,0.6418,0.0078,0.3504
SPADES KING CLUBS TWO,0.6206,0.1632,0.2162
CLUBS EIGHT DIAMONDS SEVEN,0.62,0.0074,0.3726
SPADES QUEEN CLUBS TWO,0.6544,0.005,0.3406
HEARTS KING CLUBS QUEEN,0.248,0.0614,0.6906
CLUBS NINE DIAMONDS SEVEN,0.7088,0.0356,0.2556
SPADES TWO CLUBS JACK,0.6416,0.007,0.3514
SPADES ACE CLUBS TWO,0.403,0.005,0.592
CLUBS TEN SPADES TWO,0.6406,0.0066,0.3528
HEARTS KING CLUBS ACE,0.2216,0.0132,0.7652
CLUBS SEVEN CLUBS SIX,0.596,0.0082,0.3958
SPADES TWO DIAMONDS SEVEN,0.6698,0.0084,0.3218
CLUBS EIGHT CLUBS SIX,0.6062,0.0072,0.3866
SPADES THREE DIAMONDS SEVEN,0.6588,0.0084,0.3328
SPADES TWO CLUBS QUEEN,0.6434,0.0078,0.3488
CLUBS NINE CLUBS SIX,0.6788,0.0334,0.2878
SPADES FOUR DIAMONDS SEVEN,0.6508,0.0076,0.3416
HEARTS KING CLUBS JACK,0.2476,0.078,0.6744
SPADES FIVE DIAMONDS SEVEN,0.6322,0.0098,0.358
SPADES TWO CLUBS ACE,0.3942,0.0032,0.6026
CLUBS TEN HEARTS KING,0.233,0.1144,0.6526
CLUBS SIX SPADES TWO,0.656,0.0092,0.3348
CLUBS SIX SPADES THREE,0.6432,0.0062,0.3506
CLUBS TWO DIAMONDS SEVEN,0.6906,0.0104,0.299
CLUBS SIX SPADES FOUR,0.652,0.0104,0.3376
CLUBS THREE DIAMONDS SEVEN,0.665,0.008,0.327
CLUBS SIX SPADES FIVE,0.6142,0.007,0.3788
CLUBS FOUR DIAMONDS SEVEN,0.6506,0.0098,0.3396
CLUBS SIX SPADES SIX,0.4608,0.0114,0.5278
CLUBS FIVE DIAMONDS SEVEN,0.6414,0.008,0.3506
CLUBS SIX SPADES SEVEN,0.6108,0.0084,0.3808
CLUBS SIX DIAMONDS SEVEN,0.6134,0.0078,0.3788
CLUBS SIX SPADES EIGHT,0.6336,0.0066,0.3598
SPADES JACK CLUBS TWO,0.6492,0.0066,0.3442
CLUBS SEVEN DIAMONDS SEVEN,0.4556,0.0122,0.5322
SPADES NINE CLUBS SIX,0.7028,0.0356,0.2616
SPADES TEN CLUBS TWO,0.6498,0.0088,0.3414
CLUBS TWO CLUBS QUEEN,0.618,0.0078,0.3742
CLUBS THREE DIAMONDS EIGHT,0.6784,0.0096,0.312
CLUBS TWO CLUBS ACE,0.3808,0.0046,0.6146
CLUBS TWO DIAMONDS EIGHT,0.6708,0.0082,0.321
HEARTS SEVEN DIAMONDS EIGHT,0.6248,0.0096,0.3656
HEARTS SIX DIAMONDS EIGHT,0.641,0.0078,0.3512
DIAMONDS EIGHT HEARTS NINE,0.6938,0.0352,0.271
CLUBS TEN CLUBS TWO,0.618,0.0082,0.3738
DIAMONDS EIGHT HEARTS EIGHT,0.4486,0.0066,0.5448
CLUBS TWO CLUBS JACK,0.6128,0.0066,0.3806
CLUBS NINE DIAMONDS EIGHT,0.6934,0.0328,0.2738
CLUBS EIGHT DIAMONDS EIGHT,0.4478,0.0116,0.5406
CLUBS FIVE DIAMONDS EIGHT,0.6506,0.0066,0.3428
SPADES ACE SPADES THREE,0.3838,0.005,0.6112
CLUBS FOUR DIAMONDS EIGHT,0.6768,0.0094,0.3138
CLUBS SEVEN DIAMONDS EIGHT,0.634,0.0074,0.3586
SPADES QUEEN SPADES THREE,0.5954,0.0064,0.3982
CLUBS SIX DIAMONDS EIGHT,0.6332,0.0096,0.3572
SPADES KING SPADES THREE,0.5674,0.1488,0.2838
DIAMONDS EIGHT DIAMONDS QUEEN,0.6078,0.008,0.3842
HEARTS TWO DIAMONDS EIGHT,0.6788,0.0082,0.313
DIAMONDS KING DIAMONDS EIGHT,0.5814,0.165,0.2536
HEARTS THREE DIAMONDS EIGHT,0.6656,0.0064,0.328
DIAMONDS ACE DIAMONDS EIGHT,0.3866,0.005,0.6084
HEARTS FOUR DIAMONDS EIGHT,0.6606,0.0078,0.3316
HEARTS FIVE DIAMONDS EIGHT,0.641,0.0064,0.3526
DIAMONDS TEN DIAMONDS EIGHT,0.577,0.008,0.415
DIAMONDS EIGHT DIAMONDS JACK,0.591,0.0056,0.4034
SPADES JACK SPADES THREE,0.6036,0.0064,0.39
SPADES TEN SPADES THREE,0.6002,0.005,0.3948
CLUBS FOUR HEARTS ACE,0.4122,0.0052,0.5826
CLUBS FOUR HEARTS QUEEN,0.6422,0.0056,0.3522
CLUBS FOUR HEARTS KING,0.6112,0.1616,0.2272
CLUBS SIX HEARTS TEN,0.6366,0.0084,0.355
CLUBS SIX HEARTS JACK,0.6464,0.0056,0.348
DIAMONDS EIGHT SPADES FOUR,0.6666,0.006,0.3274
SPADES FIVE DIAMONDS EIGHT,0.6442,0.0072,0.3486
DIAMONDS EIGHT SPADES TWO,0.6734,0.0076,0.319
DIAMONDS EIGHT SPADES THREE,0.6692,0.009,0.3218
CLUBS FOUR HEARTS JACK,0.6422,0.0084,0.3494
SPADES EIGHT DIAMONDS EIGHT,0.4456,0.0094,0.545
SPADES TEN DIAMONDS QUEEN,0.5676,0.005,0.4274
SPADES TEN HEARTS TWO,0.6398,0.0064,0.3538
SPADES JACK HEARTS EIGHT,0.6342,0.0054,0.3604
CLUBS FOUR HEARTS TEN,0.6488,0.007,0.3442
SPADES NINE DIAMONDS EIGHT,0.6996,0.0322,0.2682
SPADES TEN HEARTS EIGHT,0.6122,0.0068,0.381
SPADES JACK HEARTS TWO,0.6484,0.0072,0.3444
SPADES JACK DIAMONDS QUEEN,0.5662,0.0064,0.4274
SPADES SIX DIAMONDS EIGHT,0.646,0.0064,0.3476
SPADES SEVEN DIAMONDS EIGHT,0.6334,0.008,0.3586
SPADES ACE HEARTS TWO,0.3996,0.0048,0.5956
SPADES ACE DIAMONDS QUEEN,0.3534,0.0044,0.6422
SPADES ACE HEARTS EIGHT,0.4064,0.0036,0.59
SPADES KING HEARTS EIGHT,0.601,0.1648,0.2342
SPADES QUEEN HEARTS TWO,0.6444,0.0076,0.348
SPADES QUEEN DIAMONDS QUEEN,0.2912,0.004,0.7048
SPADES KING DIAMONDS QUEEN,0.2446,0.0676,0.6878
SPADES KING HEARTS TWO,0.6106,0.169,0.2204
SPADES QUEEN HEARTS EIGHT,0.633,0.0066,0.3604
CLUBS TWO HEARTS TEN,0.6448,0.0078,0.3474
CLUBS TWO HEARTS JACK,0.648,0.0082,0.3438
SPADES JACK CLUBS FOUR,0.647,0.0066,0.3464
SPADES TEN CLUBS FOUR,0.642,0.009,0.349
CLUBS NINE CLUBS EIGHT,0.6762,0.0334,0.2904
HEARTS ACE CLUBS TWO,0.4164,0.004,0.5796
SPADES ACE CLUBS FOUR,0.4124,0.0024,0.5852
CLUBS TWO HEARTS KING,0.605,0.166,0.229
SPADES KING CLUBS FOUR,0.6102,0.163,0.2268
CLUBS TWO HEARTS QUEEN,0.6448,0.0068,0.3484
SPADES QUEEN CLUBS FOUR,0.6478,0.0076,0.3446
CLUBS EIGHT SPADES NINE,0.6858,0.0324,0.2818
CLUBS EIGHT SPADES EIGHT,0.4516,0.0098,0.5386
CLUBS EIGHT SPADES SEVEN,0.6334,0.0054,0.3612
CLUBS EIGHT SPADES SIX,0.6368,0.0056,0.3576
CLUBS EIGHT SPADES FIVE,0.626,0.007,0.367
CLUBS EIGHT SPADES FOUR,0.6814,0.0098,0.3088
CLUBS EIGHT SPADES THREE,0.6732,0.0082,0.3186
CLUBS EIGHT SPADES TWO,0.6774,0.0092,0.3134
HEARTS SIX DIAMONDS TEN,0.622,0.005,0.373
HEARTS SEVEN DIAMONDS TEN,0.6236,0.006,0.3704
DIAMONDS TEN HEARTS EIGHT,0.6114,0.0066,0.382
CLUBS FOUR CLUBS JACK,0.616,0.0056,0.3784
DIAMONDS TEN HEARTS NINE,0.6872,0.0282,0.2846
CLUBS TEN CLUBS FOUR,0.6142,0.0082,0.3776
CLUBS FOUR CLUBS QUEEN,0.6116,0.0084,0.38
DIAMONDS TEN CLUBS TWO,0.647,0.0068,0.3462
CLUBS THREE DIAMONDS TEN,0.6448,0.0064,0.3488
CLUBS FOUR CLUBS ACE,0.3956,0.0056,0.5988
DIAMONDS TEN DIAMONDS JACK,0.535,0.0092,0.4558
DIAMONDS TEN DIAMONDS QUEEN,0.5502,0.007,0.4428
HEARTS TWO DIAMONDS TEN,0.6438,0.0086,0.3476
DIAMONDS KING DIAMONDS TEN,0.2332,0.1136,0.6532
HEARTS THREE DIAMONDS TEN,0.6378,0.0042,0.358
DIAMONDS ACE DIAMONDS TEN,0.3254,0.0042,0.6704
HEARTS FOUR DIAMONDS TEN,0.649,0.0054,0.3456
CLUBS EIGHT HEARTS JACK,0.623,0.0078,0.3692
HEARTS FIVE DIAMONDS TEN,0.6428,0.01,0.3472
CLUBS EIGHT HEARTS TEN,0.615,0.0076,0.3774
CLUBS EIGHT HEARTS QUEEN,0.6306,0.0074,0.362
CLUBS EIGHT HEARTS KING,0.6198,0.163,0.2172
CLUBS EIGHT HEARTS ACE,0.396,0.0038,0.6002
CLUBS NINE SPADES THREE,0.7294,0.0418,0.2288
CLUBS NINE SPADES TWO,0.7404,0.0378,0.2218
CLUBS NINE SPADES FIVE,0.7276,0.0392,0.2332
CLUBS NINE SPADES FOUR,0.7308,0.0396,0.2296
CLUBS NINE SPADES SEVEN,0.7036,0.0328,0.2636
CLUBS NINE SPADES SIX,0.7126,0.0336,0.2538
CLUBS NINE SPADES NINE,0.3012,0.0226,0.6762
CLUBS TEN HEARTS EIGHT,0.6098,0.0068,0.3834
CLUBS NINE SPADES EIGHT,0.6972,0.0312,0.2716
HEARTS EIGHT CLUBS JACK,0.618,0.0072,0.3748
CLUBS QUEEN HEARTS EIGHT,0.6336,0.0066,0.3598
CLUBS ACE HEARTS EIGHT,0.4086,0.0036,0.5878
DIAMONDS ACE HEARTS TEN,0.3502,0.0064,0.6434
HEARTS FOUR HEARTS TEN,0.599,0.0066,0.3944
DIAMONDS ACE HEARTS JACK,0.3522,0.0032,0.6446
HEARTS FOUR HEARTS JACK,0.6076,0.0082,0.3842
SPADES KING CLUBS FIVE,0.6108,0.1608,0.2284
SPADES QUEEN CLUBS FIVE,0.6308,0.0072,0.362
SPADES ACE CLUBS FIVE,0.3984,0.0034,0.5982
HEARTS SEVEN DIAMONDS JACK,0.6258,0.0076,0.3666
HEARTS SIX DIAMONDS JACK,0.6456,0.0052,0.3492
DIAMONDS JACK HEARTS NINE,0.697,0.0302,0.2728
DIAMONDS JACK HEARTS EIGHT,0.6172,0.0052,0.3776
DIAMONDS KING DIAMONDS JACK,0.2304,0.085,0.6846
HEARTS THREE DIAMONDS JACK,0.6502,0.0084,0.3414
SPADES ACE SPADES SIX,0.3838,0.0036,0.6126
HEARTS ACE SPADES FOUR,0.395,0.0036,0.6014
DIAMONDS QUEEN DIAMONDS JACK,0.5572,0.0076,0.4352
HEARTS TWO DIAMONDS JACK,0.642,0.0086,0.3494
HEARTS FIVE DIAMONDS JACK,0.6288,0.0044,0.3668
SPADES QUEEN SPADES SIX,0.5882,0.005,0.4068
SPADES FOUR HEARTS QUEEN,0.6356,0.0046,0.3598
DIAMONDS ACE DIAMONDS JACK,0.3394,0.0046,0.656
HEARTS FOUR DIAMONDS JACK,0.6462,0.008,0.3458
SPADES KING SPADES SIX,0.5558,0.1574,0.2868
SPADES FOUR HEARTS KING,0.6012,0.1704,0.2284
SPADES TEN SPADES SIX,0.576,0.0064,0.4176
SPADES JACK SPADES SIX,0.5932,0.007,0.3998
SPADES FOUR DIAMONDS JACK,0.637,0.0066,0.3564
SPADES FIVE DIAMONDS JACK,0.6318,0.0078,0.3604
DIAMONDS JACK SPADES TWO,0.6574,0.0066,0.336
SPADES THREE DIAMONDS JACK,0.6434,0.008,0.3486
SPADES ACE DIAMONDS THREE,0.405,0.0046,0.5904
SPADES QUEEN DIAMONDS THREE,0.6408,0.007,0.3522
CLUBS EIGHT DIAMONDS JACK,0.6118,0.0084,0.3798
SPADES KING DIAMONDS THREE,0.6036,0.1732,0.2232
CLUBS NINE DIAMONDS JACK,0.6974,0.0308,0.2718
CLUBS SIX DIAMONDS JACK,0.642,0.0068,0.3512
CLUBS SEVEN DIAMONDS JACK,0.6446,0.0064,0.349
CLUBS FOUR DIAMONDS JACK,0.64,0.0082,0.3518
CLUBS FIVE DIAMONDS JACK,0.6446,0.0068,0.3486
CLUBS TWO DIAMONDS JACK,0.6436,0.009,0.3474
CLUBS THREE DIAMONDS JACK,0.6516,0.0092,0.3392
SPADES TEN CLUBS FIVE,0.6418,0.0062,0.352
SPADES JACK HEARTS SIX,0.6362,0.0066,0.3572
HEARTS SIX SPADES TEN,0.6222,0.0048,0.373
SPADES JACK CLUBS FIVE,0.6394,0.008,0.3526
SPADES JACK DIAMONDS THREE,0.6498,0.0088,0.3414
CLUBS SEVEN CLUBS ACE,0.3764,0.0048,0.6188
DIAMONDS THREE SPADES TEN,0.6466,0.0094,0.344
CLUBS SEVEN CLUBS QUEEN,0.6102,0.008,0.3818
SPADES NINE DIAMONDS JACK,0.6998,0.0272,0.273
CLUBS TEN CLUBS SEVEN,0.6028,0.006,0.3912
DIAMONDS ACE HEARTS ACE,0.1372,0.0046,0.8582
HEARTS FOUR HEARTS ACE,0.3904,0.0046,0.605
SPADES EIGHT DIAMONDS JACK,0.6242,0.0044,0.3714
SPADES ACE HEARTS SIX,0.405,0.0026,0.5924
CLUBS SEVEN CLUBS JACK,0.6234,0.0094,0.3672
DIAMONDS ACE HEARTS KING,0.2256,0.0098,0.7646
HEARTS FOUR HEARTS KING,0.5584,0.1638,0.2778
SPADES SEVEN DIAMONDS JACK,0.641,0.0056,0.3534
SPADES KING HEARTS SIX,0.5982,0.1636,0.2382
DIAMONDS ACE HEARTS QUEEN,0.365,0.0046,0.6304
HEARTS FOUR HEARTS QUEEN,0.6026,0.0076,0.3898
SPADES QUEEN HEARTS SIX,0.631,0.0068,0.3622
SPADES SIX DIAMONDS JACK,0.642,0.01,0.348
DIAMONDS TEN SPADES TWO,0.649,0.0082,0.3428
DIAMONDS TEN SPADES THREE,0.6396,0.0046,0.3558
DIAMONDS TEN SPADES FOUR,0.6538,0.008,0.3382
DIAMONDS TEN SPADES FIVE,0.6368,0.0062,0.357
SPADES SIX DIAMONDS TEN,0.6326,0.0066,0.3608
SPADES SEVEN DIAMONDS TEN,0.6194,0.0048,0.3758
SPADES EIGHT DIAMONDS TEN,0.607,0.0076,0.3854
SPADES NINE DIAMONDS TEN,0.6744,0.0286,0.297
CLUBS FOUR DIAMONDS TEN,0.6438,0.0074,0.3488
CLUBS FIVE DIAMONDS TEN,0.6304,0.0088,0.3608
CLUBS SIX DIAMONDS TEN,0.6274,0.0062,0.3664
CLUBS SEVEN DIAMONDS TEN,0.6204,0.008,0.3716
CLUBS EIGHT DIAMONDS TEN,0.6016,0.0074,0.391
CLUBS NINE DIAMONDS TEN,0.6914,0.029,0.2796
DIAMONDS THREE CLUBS JACK,0.6586,0.0096,0.3318
CLUBS TEN DIAMONDS THREE,0.6432,0.0106,0.3462
DIAMONDS THREE CLUBS QUEEN,0.6296,0.0088,0.3616
DIAMONDS THREE CLUBS ACE,0.4088,0.0044,0.5868
SPADES FOUR HEARTS JACK,0.6344,0.0078,0.3578
SPADES FOUR HEARTS TEN,0.6348,0.0056,0.3596
SPADES FIVE SPADES TWO,0.6086,0.0074,0.384
SPADES FOUR SPADES TWO,0.6066,0.0098,0.3836
SPADES THREE SPADES TWO,0.6034,0.0094,0.3872
SPADES NINE SPADES TWO,0.6908,0.035,0.2742
SPADES EIGHT SPADES TWO,0.626,0.007,0.367
SPADES SEVEN SPADES TWO,0.6256,0.0044,0.37
SPADES SIX SPADES TWO,0.604,0.005,0.391
CLUBS THREE DIAMONDS QUEEN,0.64,0.0094,0.3506
CLUBS THREE HEARTS TWO,0.6534,0.0074,0.3392
CLUBS TWO DIAMONDS QUEEN,0.6416,0.0076,0.3508
HEARTS TWO CLUBS TWO,0.4524,0.0138,0.5338
HEARTS SEVEN DIAMONDS QUEEN,0.6474,0.0076,0.345
HEARTS SEVEN HEARTS TWO,0.627,0.0074,0.3656
HEARTS SIX DIAMONDS QUEEN,0.6428,0.0074,0.3498
HEARTS SIX HEARTS TWO,0.6146,0.0074,0.378
DIAMONDS QUEEN HEARTS NINE,0.7036,0.0322,0.2642
HEARTS TWO HEARTS NINE,0.6876,0.0378,0.2746
DIAMONDS QUEEN HEARTS EIGHT,0.6342,0.0064,0.3594
HEARTS TWO HEARTS EIGHT,0.6378,0.007,0.3552
CLUBS NINE HEARTS TWO,0.7478,0.0382,0.214
CLUBS NINE DIAMONDS QUEEN,0.7188,0.0334,0.2478
CLUBS EIGHT HEARTS TWO,0.6706,0.0062,0.3232
CLUBS EIGHT DIAMONDS QUEEN,0.6314,0.0072,0.3614
CLUBS FIVE DIAMONDS QUEEN,0.6244,0.0078,0.3678
CLUBS FIVE HEARTS TWO,0.6482,0.008,0.3438
SPADES EIGHT HEARTS ACE,0.394,0.0032,0.6028
CLUBS FOUR DIAMONDS QUEEN,0.646,0.009,0.345
CLUBS FOUR HEARTS TWO,0.6446,0.0096,0.3458
CLUBS SEVEN DIAMONDS QUEEN,0.639,0.0082,0.3528
CLUBS SEVEN HEARTS TWO,0.6646,0.0078,0.3276
SPADES EIGHT HEARTS QUEEN,0.6312,0.0048,0.364
CLUBS SIX DIAMONDS QUEEN,0.6324,0.0072,0.3604
CLUBS SIX HEARTS TWO,0.6714,0.0074,0.3212
SPADES EIGHT HEARTS KING,0.6112,0.1586,0.2302
HEARTS TWO SPADES SIX,0.6542,0.007,0.3388
SPADES SIX DIAMONDS QUEEN,0.6312,0.008,0.3608
HEARTS FOUR CLUBS QUEEN,0.6416,0.0086,0.3498
DIAMONDS ACE CLUBS QUEEN,0.3604,0.0036,0.636
SPADES SEVEN DIAMONDS QUEEN,0.6382,0.008,0.3538
SPADES SEVEN HEARTS TWO,0.668,0.0064,0.3256
SPADES EIGHT DIAMONDS QUEEN,0.6392,0.0074,0.3534
SPADES EIGHT HEARTS TWO,0.6694,0.0056,0.325
HEARTS FOUR CLUBS ACE,0.4056,0.0056,0.5888
DIAMONDS ACE CLUBS ACE,0.1154,0.0042,0.8804
SPADES NINE DIAMONDS QUEEN,0.7194,0.029,0.2516
SPADES NINE HEARTS TWO,0.7466,0.0384,0.215
HEARTS TWO SPADES TWO,0.4592,0.0118,0.529
DIAMONDS QUEEN SPADES TWO,0.639,0.0068,0.3542
HEARTS TWO SPADES THREE,0.656,0.0088,0.3352
DIAMONDS QUEEN SPADES THREE,0.631,0.0076,0.3614
HEARTS TWO SPADES FOUR,0.641,0.0066,0.3524
SPADES FOUR DIAMONDS QUEEN,0.6368,0.007,0.3562
CLUBS TEN HEARTS FOUR,0.6482,0.008,0.3438
CLUBS TEN DIAMONDS ACE,0.3484,0.0038,0.6478
HEARTS TWO SPADES FIVE,0.6552,0.0056,0.3392
SPADES FIVE DIAMONDS QUEEN,0.631,0.0066,0.3624
HEARTS FOUR CLUBS JACK,0.6394,0.0054,0.3552
DIAMONDS ACE CLUBS JACK,0.359,0.0046,0.6364
CLUBS FIVE CLUBS QUEEN,0.6124,0.0082,0.3794
CLUBS FIVE CLUBS ACE,0.3792,0.0076,0.6132
CLUBS FIVE CLUBS JACK,0.6012,0.009,0.3898
CLUBS TEN CLUBS FIVE,0.6084,0.0084,0.3832
SPADES KING CLUBS JACK,0.2318,0.088,0.6802
SPADES QUEEN CLUBS JACK,0.586,0.0044,0.4096
SPADES ACE CLUBS JACK,0.3696,0.0062,0.6242
SPADES SIX CLUBS QUEEN,0.636,0.0078,0.3562
SPADES EIGHT HEARTS JACK,0.6342,0.006,0.3598
SPADES SIX CLUBS ACE,0.3954,0.0048,0.5998
SPADES EIGHT HEARTS TEN,0.5946,0.0074,0.398
SPADES SIX CLUBS JACK,0.6466,0.0054,0.348
CLUBS TEN SPADES SIX,0.6316,0.0062,0.3622
SPADES TEN CLUBS JACK,0.5792,0.0066,0.4142
SPADES JACK CLUBS JACK,0.3012,0.0048,0.694
SPADES QUEEN CLUBS SEVEN,0.646,0.0072,0.3468
SPADES KING CLUBS SEVEN,0.6054,0.1628,0.2318
SPADES ACE CLUBS SEVEN,0.4072,0.0038,0.589
SPADES SIX HEARTS TEN,0.6288,0.0064,0.3648
SPADES SIX HEARTS JACK,0.6392,0.0078,0.353
SPADES SIX HEARTS ACE,0.398,0.0032,0.5988
SPADES SIX HEARTS KING,0.6068,0.15,0.2432
SPADES SIX HEARTS QUEEN,0.6464,0.0058,0.3478
CLUBS SEVEN SPADES JACK,0.639,0.0072,0.3538
CLUBS SEVEN SPADES TEN,0.6258,0.0064,0.3678
CLUBS TEN HEARTS SIX,0.6364,0.0076,0.356
HEARTS SIX CLUBS JACK,0.6386,0.0062,0.3552
CLUBS ACE CLUBS JACK,0.3428,0.005,0.6522
HEARTS SIX CLUBS QUEEN,0.6424,0.0064,0.3512
HEARTS SIX CLUBS ACE,0.4012,0.0034,0.5954
CLUBS QUEEN CLUBS JACK,0.5442,0.0084,0.4474
DIAMONDS THREE HEARTS ACE,0.4154,0.0038,0.5808
DIAMONDS THREE HEARTS QUEEN,0.6394,0.007,0.3536
DIAMONDS THREE HEARTS KING,0.5994,0.1676,0.233
CLUBS FIVE HEARTS JACK,0.6336,0.0072,0.3592
SPADES TEN DIAMONDS ACE,0.3516,0.0034,0.645
HEARTS FOUR SPADES TEN,0.6356,0.0076,0.3568
CLUBS FIVE HEARTS TEN,0.6426,0.0084,0.349
HEARTS FOUR SPADES JACK,0.6354,0.0078,0.3568
SPADES JACK DIAMONDS ACE,0.3504,0.0048,0.6448
SPADES ACE HEARTS FOUR,0.413,0.0048,0.5822
SPADES ACE DIAMONDS ACE,0.1338,0.0038,0.8624
CLUBS FIVE HEARTS ACE,0.411,0.0054,0.5836
CLUBS FIVE HEARTS KING,0.5966,0.1672,0.2362
HEARTS FOUR SPADES QUEEN,0.6458,0.0052,0.349
SPADES QUEEN DIAMONDS ACE,0.3606,0.0034,0.636
SPADES FOUR CLUBS JACK,0.6454,0.0078,0.3468
CLUBS FIVE HEARTS QUEEN,0.639,0.0076,0.3534
SPADES KING DIAMONDS ACE,0.2286,0.0122,0.7592
SPADES KING HEARTS FOUR,0.614,0.1606,0.2254
CLUBS TEN SPADES FOUR,0.6492,0.0074,0.3434
DIAMONDS ACE DIAMONDS QUEEN,0.347,0.0042,0.6488
DIAMONDS ACE HEARTS TWO,0.4092,0.0046,0.5862
HEARTS FOUR DIAMONDS QUEEN,0.6376,0.0092,0.3532
HEARTS FOUR HEARTS TWO,0.6068,0.0078,0.3854
DIAMONDS THREE HEARTS TEN,0.6512,0.0064,0.3424
HEARTS FIVE DIAMONDS QUEEN,0.6364,0.009,0.3546
HEARTS FIVE HEARTS TWO,0.6056,0.008,0.3864
DIAMONDS THREE HEARTS JACK,0.6592,0.0076,0.3332
SPADES FOUR CLUBS QUEEN,0.6472,0.0038,0.349
HEARTS TWO DIAMONDS QUEEN,0.636,0.007,0.357
DIAMONDS KING DIAMONDS QUEEN,0.23,0.0586,0.7114
DIAMONDS KING HEARTS TWO,0.5946,0.17,0.2354
HEARTS THREE DIAMONDS QUEEN,0.6426,0.0066,0.3508
HEARTS THREE HEARTS TWO,0.6098,0.0074,0.3828
SPADES FOUR CLUBS ACE,0.4038,0.005,0.5912
HEARTS TWO CLUBS ACE,0.4016,0.0052,0.5932
DIAMONDS QUEEN CLUBS ACE,0.3518,0.0044,0.6438
HEARTS TWO CLUBS QUEEN,0.649,0.0072,0.3438
DIAMONDS QUEEN CLUBS QUEEN,0.2958,0.0048,0.6994
SPADES EIGHT SPADES FIVE,0.611,0.0046,0.3844
CLUBS TEN HEARTS TWO,0.6376,0.0072,0.3552
CLUBS TEN DIAMONDS QUEEN,0.5686,0.0078,0.4236
SPADES NINE SPADES FIVE,0.6744,0.0366,0.289
HEARTS TWO CLUBS JACK,0.6548,0.0096,0.3356
DIAMONDS QUEEN CLUBS JACK,0.568,0.0064,0.4256
SPADES SIX SPADES FIVE,0.5812,0.008,0.4108
SPADES SEVEN SPADES FIVE,0.578,0.008,0.414
DIAMONDS FIVE CLUBS QUEEN,0.6392,0.0084,0.3524
SPADES EIGHT CLUBS ACE,0.3964,0.0032,0.6004
DIAMONDS FIVE CLUBS ACE,0.399,0.0054,0.5956
SPADES EIGHT CLUBS QUEEN,0.6428,0.0078,0.3494
SPADES EIGHT CLUBS JACK,0.6278,0.009,0.3632
CLUBS TEN SPADES EIGHT,0.6144,0.0062,0.3794
CLUBS TEN DIAMONDS FIVE,0.6524,0.0074,0.3402
DIAMONDS FIVE CLUBS JACK,0.6536,0.0078,0.3386
DIAMONDS TEN HEARTS JACK,0.5674,0.007,0.4256
DIAMONDS TEN HEARTS TEN,0.2954,0.0074,0.6972
SPADES ACE CLUBS NINE,0.2454,0.0214,0.7332
CLUBS NINE SPADES QUEEN,0.7194,0.0258,0.2548
CLUBS NINE SPADES KING,0.0202,0.968,0.0118
HEARTS SIX HEARTS KING,0.5644,0.1552,0.2804
DIAMONDS KING SPADES SEVEN,0.6068,0.1646,0.2286
HEARTS THREE SPADES SEVEN,0.6548,0.0058,0.3394
SPADES KING DIAMONDS SEVEN,0.6112,0.1666,0.2222
HEARTS SIX HEARTS QUEEN,0.5968,0.0048,0.3984
SPADES QUEEN DIAMONDS SEVEN,0.6456,0.0062,0.3482
HEARTS THREE SPADES SIX,0.6472,0.0046,0.3482
DIAMONDS KING SPADES SIX,0.5978,0.1696,0.2326
SPADES NINE DIAMONDS KING,0.0094,0.9734,0.0172
SPADES NINE HEARTS THREE,0.7406,0.035,0.2244
HEARTS SIX HEARTS ACE,0.377,0.0036,0.6194
DIAMONDS KING SPADES EIGHT,0.6014,0.1626,0.236
SPADES EIGHT HEARTS THREE,0.666,0.0088,0.3252
SPADES ACE DIAMONDS SEVEN,0.404,0.0058,0.5902
CLUBS NINE HEARTS THREE,0.7436,0.0388,0.2176
CLUBS NINE DIAMONDS KING,0.0064,0.9852,0.0084
CLUBS EIGHT HEARTS THREE,0.6688,0.0126,0.3186
CLUBS EIGHT DIAMONDS KING,0.6084,0.1726,0.219
HEARTS THREE SPADES THREE,0.4618,0.0142,0.524
DIAMONDS KING SPADES THREE,0.6032,0.1656,0.2312
HEARTS THREE SPADES TWO,0.6414,0.0074,0.3512
DIAMONDS KING SPADES TWO,0.6112,0.1708,0.218
HEARTS THREE SPADES FIVE,0.629,0.0072,0.3638
DIAMONDS KING SPADES FIVE,0.589,0.1692,0.2418
HEARTS THREE SPADES FOUR,0.6316,0.0052,0.3632
DIAMONDS KING SPADES FOUR,0.5952,0.1574,0.2474
DIAMONDS KING CLUBS TWO,0.6056,0.1772,0.2172
HEARTS THREE CLUBS TWO,0.6422,0.0084,0.3494
DIAMONDS KING CLUBS THREE,0.6022,0.1684,0.2294
CLUBS THREE HEARTS THREE,0.4644,0.015,0.5206
DIAMONDS KING CLUBS FOUR,0.6108,0.1652,0.224
