opposingHand,winningChance,drawChance,lostChance
CLUBS NINE HEARTS JACK
HEARTS FIVE SPADES TEN,0.6516,0.0182,0.3302
SPADES JACK HEARTS FIVE,0.6006,0.1654,0.234
CLUBS JACK SPADES FIVE,0.6014,0.1682,0.2304
CLUBS TEN SPADES FIVE,0.6432,0.019,0.3378
CLUBS JACK CLUBS EIGHT,0.5722,0.1678,0.26
CLUBS TEN CLUBS EIGHT,0.5778,0.0172,0.405
CLUBS EIGHT CLUBS KING,0.4004,0.007,0.5926
SPADES FIVE CLUBS ACE,0.4232,0.0044,0.5724
CLUBS EIGHT CLUBS QUEEN,0.3928,0.0118,0.5954
SPADES FIVE CLUBS KING,0.4318,0.0088,0.5594
SPADES FIVE CLUBS QUEEN,0.4244,0.0096,0.566
CLUBS EIGHT CLUBS ACE,0.3894,0.0038,0.6068
DIAMONDS TWO DIAMONDS THREE,0.6138,0.0166,0.3696
DIAMONDS TWO DIAMONDS FIVE,0.585,0.0164,0.3986
SPADES KING HEARTS FIVE,0.4338,0.0094,0.5568
DIAMONDS TWO DIAMONDS FOUR,0.6058,0.0172,0.377
SPADES QUEEN HEARTS FIVE,0.4356,0.011,0.5534
DIAMONDS TWO DIAMONDS SEVEN,0.6294,0.0156,0.355
DIAMONDS TWO DIAMONDS SIX,0.6108,0.0158,0.3734
SPADES ACE HEARTS FIVE,0.4266,0.0038,0.5696
DIAMONDS TWO DIAMONDS NINE,0.6736,0.059,0.2674
DIAMONDS TWO DIAMONDS EIGHT,0.623,0.0192,0.3578
DIAMONDS THREE DIAMONDS FOUR,0.5912,0.0178,0.391
CLUBS TWO SPADES FOUR,0.6592,0.0156,0.3252
DIAMONDS THREE DIAMONDS FIVE,0.584,0.0168,0.3992
SPADES FIVE CLUBS TWO,0.646,0.015,0.339
CLUBS TWO SPADES TWO,0.4602,0.033,0.5068
CLUBS TWO SPADES THREE,0.6456,0.0176,0.3368
DIAMONDS THREE DIAMONDS EIGHT,0.6316,0.0172,0.3512
SPADES EIGHT CLUBS TWO,0.6836,0.0188,0.2976
DIAMONDS THREE DIAMONDS NINE,0.6822,0.0538,0.264
SPADES NINE CLUBS TWO,0.723,0.0618,0.2152
DIAMONDS THREE DIAMONDS SIX,0.609,0.014,0.377
SPADES SIX CLUBS TWO,0.6622,0.0162,0.3216
DIAMONDS THREE DIAMONDS SEVEN,0.6238,0.0138,0.3624
SPADES SEVEN CLUBS TWO,0.6696,0.0156,0.3148
CLUBS SIX CLUBS TWO,0.6228,0.0178,0.3594
CLUBS SEVEN CLUBS TWO,0.6496,0.0146,0.3358
CLUBS FOUR CLUBS TWO,0.6174,0.02,0.3626
CLUBS FIVE CLUBS TWO,0.6128,0.019,0.3682
CLUBS TEN CLUBS JACK,0.2146,0.118,0.6674
DIAMONDS FOUR DIAMONDS SIX,0.5862,0.0158,0.398
CLUBS TEN CLUBS QUEEN,0.3428,0.0076,0.6496
DIAMONDS FOUR DIAMONDS SEVEN,0.6094,0.0162,0.3744
CLUBS TEN CLUBS KING,0.3476,0.0066,0.6458
CLUBS TEN CLUBS ACE,0.36,0.0054,0.6346
CLUBS EIGHT CLUBS TWO,0.6498,0.0138,0.3364
DIAMONDS FIVE DIAMONDS FOUR,0.5866,0.0154,0.398
DIAMONDS NINE DIAMONDS FOUR,0.6652,0.063,0.2718
DIAMONDS EIGHT DIAMONDS FOUR,0.619,0.0162,0.3648
CLUBS THREE CLUBS TWO,0.6194,0.0154,0.3652
DIAMONDS NINE DIAMONDS FIVE,0.6602,0.0546,0.2852
CLUBS JACK DIAMONDS TWO,0.6068,0.1754,0.2178
DIAMONDS EIGHT DIAMONDS FIVE,0.5932,0.017,0.3898
CLUBS TEN DIAMONDS TWO,0.6496,0.015,0.3354
DIAMONDS FIVE DIAMONDS SEVEN,0.5858,0.0174,0.3968
DIAMONDS FIVE DIAMONDS SIX,0.5842,0.0158,0.4
DIAMONDS TWO CLUBS ACE,0.4252,0.005,0.5698
DIAMONDS TWO CLUBS KING,0.4354,0.0078,0.5568
DIAMONDS TWO CLUBS QUEEN,0.4242,0.0146,0.5612
DIAMONDS EIGHT DIAMONDS SIX,0.6096,0.0158,0.3746
DIAMONDS NINE DIAMONDS SIX,0.6604,0.0588,0.2808
HEARTS ACE SPADES THREE,0.4266,0.0032,0.5702
SPADES THREE HEARTS KING,0.4344,0.006,0.5596
DIAMONDS SEVEN DIAMONDS SIX,0.5892,0.0148,0.396
HEARTS QUEEN SPADES THREE,0.4458,0.0116,0.5426
SPADES THREE HEARTS TEN,0.6478,0.0158,0.3364
DIAMONDS EIGHT DIAMONDS SEVEN,0.593,0.0134,0.3936
DIAMONDS NINE DIAMONDS SEVEN,0.6448,0.0568,0.2984
DIAMONDS NINE DIAMONDS EIGHT,0.6402,0.062,0.2978
DIAMONDS KING HEARTS TEN,0.3796,0.0062,0.6142
HEARTS THREE HEARTS TEN,0.6322,0.0148,0.353
SPADES JACK CLUBS SIX,0.6114,0.1646,0.224
SPADES TEN CLUBS SIX,0.6452,0.0166,0.3382
SPADES JACK SPADES FIVE,0.5634,0.1614,0.2752
SPADES TEN SPADES FIVE,0.6074,0.0186,0.374
DIAMONDS KING HEARTS ACE,0.3612,0.0048,0.634
HEARTS THREE HEARTS ACE,0.406,0.0054,0.5886
SPADES ACE CLUBS SIX,0.4376,0.0026,0.5598
DIAMONDS KING HEARTS QUEEN,0.3494,0.0076,0.643
HEARTS THREE HEARTS QUEEN,0.4096,0.0144,0.576
SPADES KING CLUBS SIX,0.4424,0.0066,0.551
DIAMONDS KING HEARTS KING,0.1654,0.008,0.8266
HEARTS THREE HEARTS KING,0.4096,0.0082,0.5822
SPADES QUEEN CLUBS SIX,0.4418,0.011,0.5472
SPADES NINE HEARTS TEN,0.6994,0.0544,0.2462
SPADES QUEEN SPADES FIVE,0.4052,0.0088,0.586
SPADES KING SPADES FIVE,0.4054,0.009,0.5856
SPADES ACE SPADES FIVE,0.3988,0.0028,0.5984
SPADES NINE HEARTS QUEEN,0.24,0.0428,0.7172
SPADES NINE HEARTS KING,0.2668,0.0334,0.6998
SPADES NINE HEARTS ACE,0.2746,0.0178,0.7076
CLUBS TEN SPADES JACK,0.23,0.1314,0.6386
CLUBS TEN SPADES TEN,0.28,0.0222,0.6978
SPADES ACE CLUBS TEN,0.3798,0.0036,0.6166
CLUBS TEN SPADES KING,0.3742,0.0064,0.6194
CLUBS TEN SPADES QUEEN,0.3522,0.0116,0.6362
SPADES FIVE HEARTS QUEEN,0.421,0.0098,0.5692
SPADES FIVE HEARTS KING,0.4246,0.0082,0.5672
HEARTS ACE SPADES FIVE,0.4146,0.0052,0.5802
CLUBS EIGHT SPADES TEN,0.6202,0.0168,0.363
HEARTS THREE SPADES JACK,0.6178,0.162,0.2202
SPADES JACK DIAMONDS KING,0.2588,0.0246,0.7166
SPADES TEN DIAMONDS KING,0.3676,0.0048,0.6276
HEARTS THREE SPADES TEN,0.6592,0.0148,0.326
SPADES JACK CLUBS EIGHT,0.6034,0.165,0.2316
CLUBS SIX HEARTS ACE,0.434,0.005,0.561
SPADES ACE CLUBS EIGHT,0.4144,0.004,0.5816
CLUBS JACK HEARTS FIVE,0.6016,0.1656,0.2328
CLUBS TEN HEARTS FIVE,0.6448,0.0168,0.3384
CLUBS SIX HEARTS QUEEN,0.4266,0.0108,0.5626
SPADES QUEEN CLUBS EIGHT,0.4164,0.0092,0.5744
CLUBS TEN SPADES THREE,0.6476,0.0166,0.3358
CLUBS SIX HEARTS KING,0.4298,0.009,0.5612
SPADES KING CLUBS EIGHT,0.4196,0.004,0.5764
CLUBS JACK SPADES THREE,0.614,0.1634,0.2226
SPADES THREE CLUBS QUEEN,0.4456,0.0076,0.5468
DIAMONDS TWO HEARTS TEN,0.6612,0.0156,0.3232
SPADES THREE CLUBS KING,0.4318,0.008,0.5602
HEARTS FIVE CLUBS ACE,0.414,0.0056,0.5804
SPADES FIVE HEARTS TEN,0.6564,0.0176,0.326
SPADES THREE CLUBS ACE,0.4252,0.0034,0.5714
HEARTS FIVE CLUBS KING,0.442,0.007,0.551
HEARTS FIVE CLUBS QUEEN,0.4216,0.0126,0.5658
HEARTS THREE CLUBS KING,0.4404,0.0068,0.5528
DIAMONDS KING CLUBS KING,0.1574,0.0062,0.8364
HEARTS THREE CLUBS QUEEN,0.4386,0.0092,0.5522
DIAMONDS KING CLUBS QUEEN,0.3424,0.0074,0.6502
HEARTS FIVE HEARTS TEN,0.635,0.0152,0.3498
HEARTS THREE CLUBS ACE,0.4366,0.0066,0.5568
DIAMONDS KING CLUBS ACE,0.3456,0.0048,0.6496
SPADES ACE CLUBS QUEEN,0.3506,0.0056,0.6438
SPADES KING CLUBS QUEEN,0.3342,0.0064,0.6594
CLUBS JACK HEARTS THREE,0.6074,0.1738,0.2188
CLUBS JACK DIAMONDS KING,0.27,0.0256,0.7044
SPADES QUEEN CLUBS QUEEN,0.158,0.0108,0.8312
CLUBS TEN HEARTS THREE,0.65,0.016,0.334
CLUBS TEN DIAMONDS KING,0.3548,0.0074,0.6378
SPADES JACK CLUBS QUEEN,0.2434,0.0398,0.7168
CLUBS SIX CLUBS QUEEN,0.4162,0.0094,0.5744
SPADES TEN CLUBS QUEEN,0.3518,0.01,0.6382
CLUBS SIX CLUBS KING,0.4122,0.0064,0.5814
CLUBS SIX CLUBS ACE,0.4116,0.0056,0.5828
HEARTS FIVE HEARTS KING,0.4236,0.0084,0.568
HEARTS FIVE HEARTS QUEEN,0.4162,0.0106,0.5732
CLUBS TEN CLUBS SIX,0.6186,0.0158,0.3656
HEARTS FIVE HEARTS ACE,0.4022,0.0042,0.5936
CLUBS JACK CLUBS SIX,0.5814,0.1534,0.2652
SPADES SEVEN HEARTS TEN,0.6318,0.0172,0.351
DIAMONDS TWO CLUBS TWO,0.4596,0.0308,0.5096
DIAMONDS TWO CLUBS THREE,0.6404,0.0182,0.3414
HEARTS SIX DIAMONDS TWO,0.6538,0.0152,0.331
DIAMONDS TWO HEARTS QUEEN,0.442,0.0112,0.5468
DIAMONDS TWO HEARTS SEVEN,0.6786,0.0182,0.3032
DIAMONDS TWO HEARTS KING,0.4378,0.0082,0.554
DIAMONDS TWO HEARTS EIGHT,0.682,0.019,0.299
DIAMONDS TWO HEARTS ACE,0.4346,0.0058,0.5596
DIAMONDS TWO HEARTS NINE,0.7218,0.0594,0.2188
DIAMONDS TWO DIAMONDS QUEEN,0.4124,0.011,0.5766
DIAMONDS TWO HEARTS TWO,0.4704,0.0274,0.5022
DIAMONDS TWO DIAMONDS KING,0.404,0.0084,0.5876
HEARTS THREE DIAMONDS TWO,0.643,0.0184,0.3386
DIAMONDS TWO DIAMONDS ACE,0.4054,0.0052,0.5894
HEARTS FOUR DIAMONDS TWO,0.6496,0.0152,0.3352
DIAMONDS TWO HEARTS FIVE,0.6394,0.016,0.3446
SPADES SEVEN HEARTS ACE,0.414,0.004,0.582
DIAMONDS TWO DIAMONDS TEN,0.6064,0.0148,0.3788
SPADES SEVEN HEARTS KING,0.416,0.007,0.577
DIAMONDS TWO DIAMONDS JACK,0.5804,0.1568,0.2628
SPADES SEVEN HEARTS QUEEN,0.4326,0.0086,0.5588
DIAMONDS TWO SPADES NINE,0.7146,0.0616,0.2238
DIAMONDS TWO SPADES EIGHT,0.6648,0.0168,0.3184
DIAMONDS TWO SPADES SEVEN,0.6634,0.0182,0.3184
DIAMONDS TWO SPADES SIX,0.6604,0.0138,0.3258
DIAMONDS TWO SPADES FIVE,0.6286,0.0144,0.357
DIAMONDS TWO SPADES FOUR,0.6464,0.0184,0.3352
DIAMONDS TWO SPADES THREE,0.6458,0.0184,0.3358
DIAMONDS TWO SPADES TWO,0.4534,0.0318,0.5148
DIAMONDS TWO CLUBS EIGHT,0.6838,0.0162,0.3
CLUBS SEVEN DIAMONDS TWO,0.6632,0.0178,0.319
DIAMONDS TWO CLUBS SIX,0.6578,0.0166,0.3256
DIAMONDS TWO CLUBS FIVE,0.6474,0.0178,0.3348
DIAMONDS TWO CLUBS FOUR,0.6502,0.0176,0.3322
CLUBS FOUR SPADES FIVE,0.6246,0.0184,0.357
CLUBS FOUR SPADES FOUR,0.4616,0.0336,0.5048
CLUBS FOUR SPADES THREE,0.6374,0.0186,0.344
CLUBS FOUR SPADES TWO,0.646,0.0154,0.3386
SPADES NINE CLUBS FOUR,0.7138,0.0618,0.2244
SPADES EIGHT CLUBS FOUR,0.6646,0.0176,0.3178
SPADES SEVEN CLUBS FOUR,0.6376,0.0174,0.345
CLUBS FOUR SPADES SIX,0.6282,0.017,0.3548
SPADES ACE DIAMONDS SIX,0.437,0.0044,0.5586
SPADES QUEEN DIAMONDS SIX,0.4334,0.008,0.5586
SPADES KING DIAMONDS SIX,0.4298,0.0054,0.5648
SPADES TEN DIAMONDS SIX,0.6508,0.0168,0.3324
SPADES JACK DIAMONDS SIX,0.5998,0.163,0.2372
SPADES QUEEN SPADES TWO,0.4174,0.009,0.5736
SPADES KING SPADES TWO,0.419,0.0062,0.5748
SPADES ACE SPADES TWO,0.4,0.0044,0.5956
CLUBS JACK DIAMONDS JACK,0.1314,0.0332,0.8354
CLUBS TEN DIAMONDS JACK,0.2172,0.1268,0.656
DIAMONDS JACK CLUBS KING,0.246,0.0276,0.7264
DIAMONDS JACK CLUBS QUEEN,0.2418,0.0384,0.7198
DIAMONDS THREE DIAMONDS JACK,0.5696,0.1576,0.2728
DIAMONDS THREE DIAMONDS TEN,0.616,0.014,0.37
DIAMONDS JACK CLUBS ACE,0.2342,0.02,0.7458
DIAMONDS THREE DIAMONDS KING,0.4084,0.007,0.5846
HEARTS THREE DIAMONDS THREE,0.4646,0.0324,0.503
DIAMONDS THREE DIAMONDS QUEEN,0.4074,0.0124,0.5802
DIAMONDS THREE HEARTS TWO,0.655,0.0164,0.3286
HEARTS FIVE DIAMONDS THREE,0.6286,0.0192,0.3522
DIAMONDS THREE DIAMONDS ACE,0.4056,0.0042,0.5902
HEARTS FOUR DIAMONDS THREE,0.633,0.0152,0.3518
DIAMONDS THREE HEARTS SEVEN,0.6632,0.018,0.3188
SPADES TEN SPADES NINE,0.6646,0.048,0.2874
HEARTS SIX DIAMONDS THREE,0.6524,0.0146,0.333
SPADES JACK SPADES NINE,0.0222,0.9082,0.0696
DIAMONDS THREE HEARTS NINE,0.722,0.0602,0.2178
HEARTS ACE HEARTS KING,0.3398,0.0048,0.6554
SPADES TEN SPADES TWO,0.608,0.0172,0.3748
DIAMONDS THREE HEARTS EIGHT,0.673,0.0188,0.3082
HEARTS TEN DIAMONDS FOUR,0.6578,0.018,0.3242
SPADES JACK SPADES TWO,0.5788,0.153,0.2682
HEARTS QUEEN DIAMONDS FOUR,0.4398,0.0092,0.551
HEARTS KING DIAMONDS FOUR,0.4368,0.004,0.5592
SPADES ACE SPADES NINE,0.2774,0.019,0.7036
HEARTS ACE DIAMONDS FOUR,0.4228,0.0042,0.573
SPADES KING SPADES NINE,0.2492,0.0344,0.7164
SPADES QUEEN SPADES NINE,0.2374,0.0384,0.7242
DIAMONDS THREE SPADES NINE,0.7072,0.0576,0.2352
DIAMONDS THREE SPADES EIGHT,0.684,0.017,0.299
DIAMONDS THREE SPADES SEVEN,0.6528,0.0168,0.3304
DIAMONDS THREE SPADES SIX,0.6472,0.0148,0.338
DIAMONDS THREE CLUBS SIX,0.6578,0.0182,0.324
CLUBS FIVE CLUBS SIX,0.5954,0.0182,0.3864
CLUBS ACE DIAMONDS FOUR,0.4236,0.0044,0.572
CLUBS SEVEN DIAMONDS THREE,0.6546,0.0192,0.3262
CLUBS SEVEN CLUBS FIVE,0.6094,0.019,0.3716
DIAMONDS THREE CLUBS FOUR,0.638,0.0154,0.3466
DIAMONDS FOUR CLUBS QUEEN,0.4256,0.0072,0.5672
DIAMONDS THREE CLUBS FIVE,0.6282,0.0172,0.3546
DIAMONDS FOUR CLUBS KING,0.4188,0.0058,0.5754
DIAMONDS THREE CLUBS TWO,0.6334,0.0168,0.3498
CLUBS TEN DIAMONDS FOUR,0.645,0.0154,0.3396
DIAMONDS THREE CLUBS THREE,0.4642,0.0296,0.5062
CLUBS JACK DIAMONDS FOUR,0.6034,0.1678,0.2288
DIAMONDS THREE SPADES FOUR,0.6204,0.0168,0.3628
DIAMONDS THREE SPADES FIVE,0.6278,0.0144,0.3578
DIAMONDS THREE SPADES TWO,0.6478,0.0204,0.3318
DIAMONDS THREE SPADES THREE,0.4624,0.0304,0.5072
CLUBS EIGHT DIAMONDS THREE,0.681,0.0164,0.3026
SPADES SEVEN CLUBS ACE,0.4162,0.0034,0.5804
SPADES SEVEN CLUBS QUEEN,0.4194,0.0076,0.573
SPADES SEVEN CLUBS KING,0.4238,0.0084,0.5678
CLUBS FIVE SPADES SEVEN,0.6212,0.0176,0.3612
CLUBS TEN SPADES SEVEN,0.629,0.0166,0.3544
CLUBS FIVE SPADES SIX,0.6298,0.0144,0.3558
CLUBS JACK SPADES SEVEN,0.5966,0.172,0.2314
CLUBS FIVE SPADES NINE,0.701,0.0588,0.2402
CLUBS FIVE SPADES EIGHT,0.6502,0.018,0.3318
CLUBS FIVE SPADES THREE,0.6288,0.0136,0.3576
CLUBS FIVE SPADES TWO,0.6512,0.0188,0.33
CLUBS FIVE SPADES FIVE,0.464,0.0306,0.5054
CLUBS FIVE SPADES FOUR,0.6132,0.0176,0.3692
CLUBS EIGHT CLUBS FIVE,0.6086,0.0192,0.3722
CLUBS ACE CLUBS QUEEN,0.333,0.0032,0.6638
CLUBS KING CLUBS QUEEN,0.3264,0.0058,0.6678
DIAMONDS TEN DIAMONDS FOUR,0.61,0.014,0.376
CLUBS TEN DIAMONDS NINE,0.6984,0.0478,0.2538
DIAMONDS JACK DIAMONDS FOUR,0.5806,0.1578,0.2616
CLUBS JACK DIAMONDS NINE,0.0134,0.9712,0.0154
CLUBS JACK SPADES NINE,0.0096,0.9744,0.016
CLUBS TEN SPADES NINE,0.698,0.0502,0.2518
DIAMONDS ACE DIAMONDS FOUR,0.392,0.0034,0.6046
HEARTS FOUR DIAMONDS FOUR,0.4584,0.0332,0.5084
DIAMONDS JACK HEARTS TEN,0.2262,0.131,0.6428
SPADES NINE CLUBS KING,0.2542,0.0262,0.7196
DIAMONDS TWO SPADES TEN,0.6628,0.0134,0.3238
DIAMONDS NINE CLUBS ACE,0.2724,0.0198,0.7078
HEARTS FIVE DIAMONDS FOUR,0.6182,0.0186,0.3632
SPADES NINE CLUBS QUEEN,0.2514,0.0392,0.7094
DIAMONDS TWO SPADES JACK,0.6058,0.1658,0.2284
DIAMONDS QUEEN DIAMONDS FOUR,0.4172,0.0118,0.571
HEARTS TWO DIAMONDS FOUR,0.6606,0.0166,0.3228
DIAMONDS NINE CLUBS QUEEN,0.2516,0.0434,0.705
DIAMONDS KING DIAMONDS FOUR,0.4104,0.0072,0.5824
HEARTS THREE DIAMONDS FOUR,0.6382,0.0158,0.346
SPADES NINE CLUBS ACE,0.2868,0.0168,0.6964
DIAMONDS NINE CLUBS KING,0.2616,0.0286,0.7098
HEARTS ACE DIAMONDS JACK,0.2582,0.0154,0.7264
SPADES ACE DIAMONDS TWO,0.431,0.0054,0.5636
HEARTS QUEEN DIAMONDS JACK,0.2342,0.0384,0.7274
SPADES QUEEN DIAMONDS TWO,0.4428,0.0116,0.5456
DIAMONDS JACK HEARTS KING,0.2526,0.0304,0.717
SPADES KING DIAMONDS TWO,0.4356,0.0084,0.556
SPADES JACK SPADES SEVEN,0.5776,0.1548,0.2676
SPADES TEN SPADES SEVEN,0.6044,0.0142,0.3814
CLUBS SEVEN CLUBS THREE,0.6276,0.0216,0.3508
CLUBS SIX CLUBS THREE,0.6248,0.0168,0.3584
CLUBS FIVE CLUBS THREE,0.6038,0.0172,0.379
CLUBS THREE CLUBS FOUR,0.6094,0.0164,0.3742
CLUBS EIGHT CLUBS THREE,0.6506,0.0158,0.3336
CLUBS THREE SPADES FIVE,0.6336,0.016,0.3504
CLUBS THREE SPADES FOUR,0.6256,0.0164,0.358
CLUBS THREE SPADES THREE,0.476,0.032,0.492
CLUBS THREE SPADES TWO,0.6472,0.0172,0.3356
CLUBS THREE SPADES SIX,0.6588,0.0172,0.324
CLUBS THREE SPADES SEVEN,0.6648,0.014,0.3212
SPADES EIGHT CLUBS THREE,0.6792,0.021,0.2998
SPADES NINE CLUBS THREE,0.7172,0.0578,0.225
SPADES TWO DIAMONDS FOUR,0.6512,0.0138,0.335
SPADES THREE DIAMONDS FOUR,0.6292,0.017,0.3538
SPADES FOUR DIAMONDS FOUR,0.447,0.0324,0.5206
SPADES FIVE DIAMONDS FOUR,0.6298,0.0152,0.355
SPADES SIX DIAMONDS FOUR,0.6334,0.0164,0.3502
SPADES SEVEN DIAMONDS FOUR,0.6428,0.015,0.3422
SPADES EIGHT DIAMONDS FOUR,0.663,0.0168,0.3202
SPADES NINE DIAMONDS FOUR,0.709,0.0554,0.2356
CLUBS FIVE DIAMONDS FOUR,0.609,0.0196,0.3714
CLUBS FOUR DIAMONDS FOUR,0.4622,0.0326,0.5052
CLUBS SEVEN DIAMONDS FOUR,0.6352,0.0198,0.345
CLUBS SIX DIAMONDS FOUR,0.6338,0.0178,0.3484
CLUBS EIGHT DIAMONDS FOUR,0.6566,0.0188,0.3246
DIAMONDS FOUR HEARTS SEVEN,0.6364,0.0172,0.3464
HEARTS SIX DIAMONDS FOUR,0.6308,0.021,0.3482
HEARTS NINE DIAMONDS FOUR,0.7152,0.0598,0.225
DIAMONDS FOUR HEARTS EIGHT,0.6408,0.02,0.3392
CLUBS THREE DIAMONDS FOUR,0.6346,0.0186,0.3468
CLUBS TWO DIAMONDS FOUR,0.6446,0.0192,0.3362
DIAMONDS TEN DIAMONDS FIVE,0.6124,0.0158,0.3718
DIAMONDS JACK DIAMONDS FIVE,0.562,0.16,0.278
DIAMONDS NINE HEARTS QUEEN,0.2426,0.0434,0.714
DIAMONDS NINE HEARTS KING,0.2542,0.033,0.7128
HEARTS ACE DIAMONDS NINE,0.2806,0.0176,0.7018
DIAMONDS NINE HEARTS TEN,0.6974,0.054,0.2486
CLUBS KING DIAMONDS SIX,0.4216,0.0068,0.5716
CLUBS QUEEN DIAMONDS SIX,0.4304,0.0088,0.5608
CLUBS ACE DIAMONDS SIX,0.421,0.0038,0.5752
SPADES KING DIAMONDS FOUR,0.4392,0.0048,0.556
SPADES ACE SPADES SEVEN,0.406,0.0042,0.5898
SPADES QUEEN DIAMONDS FOUR,0.4314,0.0082,0.5604
SPADES QUEEN SPADES SEVEN,0.4054,0.0104,0.5842
CLUBS JACK DIAMONDS SIX,0.5978,0.178,0.2242
SPADES KING SPADES SEVEN,0.3958,0.0082,0.596
SPADES ACE DIAMONDS FOUR,0.4316,0.0052,0.5632
CLUBS TEN DIAMONDS SIX,0.639,0.0142,0.3468
CLUBS EIGHT CLUBS FOUR,0.6446,0.0136,0.3418
SPADES JACK DIAMONDS FOUR,0.5982,0.1808,0.221
SPADES TEN DIAMONDS FOUR,0.6644,0.0162,0.3194
CLUBS FIVE CLUBS FOUR,0.5962,0.0152,0.3886
CLUBS SEVEN CLUBS FOUR,0.6138,0.0174,0.3688
CLUBS SIX CLUBS FOUR,0.6042,0.0146,0.3812
CLUBS SEVEN SPADES EIGHT,0.626,0.0182,0.3558
CLUBS SEVEN SPADES NINE,0.6872,0.0576,0.2552
CLUBS SEVEN SPADES SIX,0.627,0.017,0.356
CLUBS SEVEN SPADES SEVEN,0.4356,0.0308,0.5336
CLUBS SEVEN SPADES FIVE,0.6328,0.0136,0.3536
CLUBS SEVEN SPADES FOUR,0.6608,0.018,0.3212
CLUBS SEVEN SPADES THREE,0.6518,0.0188,0.3294
CLUBS SEVEN SPADES TWO,0.6796,0.0186,0.3018
CLUBS SEVEN CLUBS EIGHT,0.6104,0.017,0.3726
HEARTS SIX DIAMONDS FIVE,0.613,0.0182,0.3688
DIAMONDS FIVE HEARTS SEVEN,0.638,0.0196,0.3424
DIAMONDS FIVE HEARTS EIGHT,0.651,0.0176,0.3314
HEARTS NINE DIAMONDS FIVE,0.71,0.0594,0.2306
DIAMONDS QUEEN DIAMONDS FIVE,0.3898,0.0082,0.602
HEARTS TWO DIAMONDS FIVE,0.6508,0.0162,0.333
HEARTS KING HEARTS EIGHT,0.4098,0.0078,0.5824
DIAMONDS KING DIAMONDS FIVE,0.4104,0.007,0.5826
HEARTS THREE DIAMONDS FIVE,0.6266,0.0194,0.354
HEARTS QUEEN HEARTS EIGHT,0.3978,0.0102,0.592
DIAMONDS ACE DIAMONDS FIVE,0.4064,0.0058,0.5878
HEARTS FOUR DIAMONDS FIVE,0.5986,0.019,0.3824
HEARTS FIVE DIAMONDS FIVE,0.4554,0.031,0.5136
HEARTS ACE HEARTS EIGHT,0.3922,0.0046,0.6032
CLUBS FOUR DIAMONDS FIVE,0.6122,0.0198,0.368
CLUBS FIVE DIAMONDS FIVE,0.456,0.0324,0.5116
CLUBS SIX DIAMONDS FIVE,0.6348,0.0132,0.352
CLUBS SEVEN DIAMONDS FIVE,0.6384,0.015,0.3466
CLUBS TWO DIAMONDS FIVE,0.6534,0.017,0.3296
CLUBS THREE DIAMONDS FIVE,0.6244,0.0166,0.359
SPADES THREE DIAMONDS FIVE,0.6346,0.0138,0.3516
SPADES TWO DIAMONDS FIVE,0.632,0.0194,0.3486
SPADES JACK DIAMONDS EIGHT,0.5966,0.1738,0.2296
SPADES FIVE DIAMONDS FIVE,0.458,0.0274,0.5146
SPADES TEN DIAMONDS EIGHT,0.6304,0.0172,0.3524
SPADES FOUR DIAMONDS FIVE,0.613,0.0164,0.3706
CLUBS EIGHT DIAMONDS FIVE,0.6462,0.0166,0.3372
SPADES SEVEN DIAMONDS FIVE,0.6202,0.0182,0.3616
SPADES KING DIAMONDS EIGHT,0.417,0.0054,0.5776
SPADES QUEEN DIAMONDS EIGHT,0.409,0.0088,0.5822
SPADES SIX DIAMONDS FIVE,0.6258,0.0166,0.3576
SPADES NINE DIAMONDS FIVE,0.6862,0.0556,0.2582
SPADES EIGHT DIAMONDS FIVE,0.6558,0.0126,0.3316
SPADES ACE DIAMONDS EIGHT,0.4084,0.0026,0.589
DIAMONDS TEN DIAMONDS SIX,0.5944,0.014,0.3916
HEARTS ACE DIAMONDS SEVEN,0.4298,0.0038,0.5664
DIAMONDS JACK DIAMONDS SIX,0.5716,0.159,0.2694
HEARTS QUEEN DIAMONDS SEVEN,0.4206,0.0108,0.5686
HEARTS KING DIAMONDS SEVEN,0.4288,0.0056,0.5656
DIAMONDS ACE DIAMONDS SIX,0.3932,0.0032,0.6036
HEARTS FOUR DIAMONDS SIX,0.6318,0.0166,0.3516
HEARTS FIVE DIAMONDS SIX,0.634,0.0172,0.3488
SPADES TWO HEARTS TEN,0.668,0.0168,0.3152
DIAMONDS QUEEN DIAMONDS SIX,0.4078,0.0076,0.5846
HEARTS TWO DIAMONDS SIX,0.6638,0.0168,0.3194
DIAMONDS KING DIAMONDS SIX,0.3996,0.008,0.5924
HEARTS THREE DIAMONDS SIX,0.637,0.019,0.344
HEARTS EIGHT DIAMONDS SIX,0.642,0.0188,0.3392
HEARTS NINE DIAMONDS SIX,0.7132,0.0538,0.233
HEARTS SIX DIAMONDS SIX,0.4504,0.0292,0.5204
HEARTS SEVEN DIAMONDS SIX,0.6172,0.0166,0.3662
HEARTS TEN DIAMONDS SEVEN,0.6346,0.0184,0.347
CLUBS TWO DIAMONDS SIX,0.6612,0.0158,0.323
CLUBS THREE DIAMONDS SIX,0.6552,0.0132,0.3316
CLUBS SEVEN DIAMONDS SIX,0.6298,0.0164,0.3538
CLUBS JACK DIAMONDS EIGHT,0.6028,0.163,0.2342
CLUBS SIX DIAMONDS SIX,0.4566,0.0268,0.5166
CLUBS TEN DIAMONDS EIGHT,0.6184,0.0188,0.3628
CLUBS FIVE DIAMONDS SIX,0.6238,0.0182,0.358
CLUBS FOUR DIAMONDS SIX,0.6424,0.015,0.3426
DIAMONDS EIGHT CLUBS ACE,0.4226,0.0036,0.5738
DIAMONDS EIGHT CLUBS KING,0.4122,0.0088,0.579
DIAMONDS EIGHT CLUBS QUEEN,0.4012,0.012,0.5868
CLUBS EIGHT DIAMONDS SIX,0.6398,0.0142,0.346
SPADES TEN HEARTS KING,0.3676,0.0068,0.6256
SPADES FIVE DIAMONDS SIX,0.6176,0.016,0.3664
HEARTS ACE SPADES TWO,0.4312,0.0042,0.5646
SPADES JACK HEARTS KING,0.2582,0.0252,0.7166
SPADES FOUR DIAMONDS SIX,0.6188,0.0186,0.3626
SPADES THREE DIAMONDS SIX,0.6322,0.0182,0.3496
HEARTS QUEEN SPADES TWO,0.44,0.0122,0.5478
SPADES ACE SPADES KING,0.318,0.004,0.678
HEARTS KING SPADES TWO,0.4362,0.0084,0.5554
SPADES TWO DIAMONDS SIX,0.6622,0.0126,0.3252
HEARTS TEN HEARTS EIGHT,0.5988,0.016,0.3852
SPADES NINE DIAMONDS SIX,0.6916,0.0576,0.2508
SPADES EIGHT DIAMONDS SIX,0.6486,0.0146,0.3368
SPADES SEVEN DIAMONDS SIX,0.625,0.0156,0.3594
SPADES SIX DIAMONDS SIX,0.458,0.0286,0.5134
SPADES KING HEARTS KING,0.1654,0.007,0.8276
SPADES QUEEN HEARTS KING,0.3438,0.0098,0.6464
CLUBS ACE CLUBS KING,0.3384,0.0028,0.6588
SPADES ACE HEARTS KING,0.3542,0.0032,0.6426
SPADES TEN DIAMONDS TEN,0.2972,0.0202,0.6826
SPADES JACK DIAMONDS TEN,0.2242,0.1152,0.6606
SPADES ACE DIAMONDS TEN,0.3716,0.0034,0.625
SPADES QUEEN DIAMONDS TEN,0.347,0.0088,0.6442
SPADES KING DIAMONDS TEN,0.361,0.0052,0.6338
SPADES NINE DIAMONDS SEVEN,0.6814,0.0518,0.2668
SPADES EIGHT DIAMONDS SEVEN,0.6284,0.0154,0.3562
SPADES SEVEN DIAMONDS SEVEN,0.4362,0.0294,0.5344
SPADES SIX DIAMONDS SEVEN,0.6334,0.0158,0.3508
DIAMONDS KING DIAMONDS SEVEN,0.3986,0.0072,0.5942
HEARTS THREE DIAMONDS SEVEN,0.6696,0.0152,0.3152
HEARTS KING DIAMONDS FIVE,0.4212,0.0084,0.5704
DIAMONDS QUEEN DIAMONDS SEVEN,0.4084,0.01,0.5816
HEARTS TWO DIAMONDS SEVEN,0.67,0.0182,0.3118
HEARTS QUEEN DIAMONDS FIVE,0.4284,0.0096,0.562
HEARTS FIVE DIAMONDS SEVEN,0.6258,0.0148,0.3594
DIAMONDS ACE DIAMONDS SEVEN,0.4086,0.004,0.5874
HEARTS FOUR DIAMONDS SEVEN,0.6446,0.018,0.3374
HEARTS ACE DIAMONDS FIVE,0.4206,0.0048,0.5746
HEARTS SEVEN DIAMONDS SEVEN,0.4522,0.0328,0.515
HEARTS SIX DIAMONDS SEVEN,0.637,0.0136,0.3494
HEARTS NINE DIAMONDS SEVEN,0.7008,0.054,0.2452
DIAMONDS SEVEN HEARTS EIGHT,0.6426,0.0148,0.3426
DIAMONDS JACK DIAMONDS SEVEN,0.562,0.156,0.282
DIAMONDS TEN DIAMONDS SEVEN,0.5954,0.011,0.3936
DIAMONDS FIVE HEARTS TEN,0.6742,0.0176,0.3082
SPADES KING CLUBS TWO,0.4428,0.0084,0.5488
HEARTS KING CLUBS KING,0.1604,0.0068,0.8328
CLUBS EIGHT DIAMONDS SEVEN,0.6334,0.0164,0.3502
SPADES QUEEN CLUBS TWO,0.4346,0.0138,0.5516
HEARTS KING CLUBS QUEEN,0.3388,0.0082,0.653
CLUBS JACK SPADES TWO,0.6072,0.1682,0.2246
SPADES ACE CLUBS TWO,0.431,0.0034,0.5656
CLUBS TEN SPADES TWO,0.6642,0.0188,0.317
HEARTS KING CLUBS ACE,0.3536,0.0046,0.6418
CLUBS SEVEN CLUBS SIX,0.5976,0.0148,0.3876
SPADES TWO CLUBS KING,0.4318,0.0072,0.561
SPADES TWO DIAMONDS SEVEN,0.6638,0.0166,0.3196
CLUBS EIGHT CLUBS SIX,0.6236,0.017,0.3594
SPADES THREE DIAMONDS SEVEN,0.6558,0.0158,0.3284
SPADES TWO CLUBS QUEEN,0.4356,0.008,0.5564
SPADES FOUR DIAMONDS SEVEN,0.6446,0.0188,0.3366
CLUBS JACK HEARTS KING,0.2508,0.0298,0.7194
SPADES FIVE DIAMONDS SEVEN,0.6342,0.0168,0.349
SPADES TWO CLUBS ACE,0.4136,0.0038,0.5826
CLUBS TEN HEARTS KING,0.3528,0.0086,0.6386
CLUBS SIX SPADES TWO,0.6692,0.0196,0.3112
CLUBS SIX SPADES THREE,0.6594,0.013,0.3276
CLUBS TWO DIAMONDS SEVEN,0.6712,0.018,0.3108
CLUBS SIX SPADES FOUR,0.6282,0.0164,0.3554
CLUBS THREE DIAMONDS SEVEN,0.6602,0.0176,0.3222
CLUBS SIX SPADES FIVE,0.619,0.0192,0.3618
CLUBS FOUR DIAMONDS SEVEN,0.6416,0.0172,0.3412
CLUBS SIX SPADES SIX,0.4552,0.0256,0.5192
CLUBS FIVE DIAMONDS SEVEN,0.6402,0.016,0.3438
CLUBS SIX SPADES SEVEN,0.6238,0.0166,0.3596
CLUBS SIX DIAMONDS SEVEN,0.6322,0.0192,0.3486
CLUBS SIX SPADES EIGHT,0.64,0.0174,0.3426
SPADES JACK CLUBS TWO,0.6214,0.1624,0.2162
CLUBS SEVEN DIAMONDS SEVEN,0.4196,0.0308,0.5496
SPADES NINE CLUBS SIX,0.7194,0.0606,0.22
SPADES TEN CLUBS TWO,0.6682,0.0212,0.3106
CLUBS TWO CLUBS QUEEN,0.418,0.0124,0.5696
CLUBS TWO CLUBS KING,0.4394,0.0092,0.5514
CLUBS THREE DIAMONDS EIGHT,0.6882,0.0172,0.2946
CLUBS TWO CLUBS ACE,0.4102,0.0038,0.586
CLUBS TWO DIAMONDS EIGHT,0.6874,0.0174,0.2952
DIAMONDS EIGHT HEARTS SEVEN,0.6398,0.0122,0.348
HEARTS SIX DIAMONDS EIGHT,0.6346,0.0178,0.3476
DIAMONDS EIGHT HEARTS NINE,0.6778,0.058,0.2642
CLUBS TEN CLUBS TWO,0.6246,0.017,0.3584
DIAMONDS EIGHT HEARTS EIGHT,0.4278,0.0258,0.5464
CLUBS JACK CLUBS TWO,0.5828,0.1636,0.2536
CLUBS EIGHT DIAMONDS EIGHT,0.4328,0.0276,0.5396
CLUBS FIVE DIAMONDS EIGHT,0.6472,0.0184,0.3344
SPADES ACE SPADES THREE,0.404,0.0042,0.5918
CLUBS FOUR DIAMONDS EIGHT,0.6738,0.0172,0.309
CLUBS SEVEN DIAMONDS EIGHT,0.6344,0.0166,0.349
SPADES QUEEN SPADES THREE,0.404,0.0108,0.5852
CLUBS SIX DIAMONDS EIGHT,0.6452,0.0168,0.338
SPADES KING SPADES THREE,0.4056,0.0078,0.5866
DIAMONDS QUEEN DIAMONDS EIGHT,0.3884,0.0086,0.603
HEARTS TWO DIAMONDS EIGHT,0.6808,0.0132,0.306
DIAMONDS KING DIAMONDS EIGHT,0.3988,0.008,0.5932
HEARTS THREE DIAMONDS EIGHT,0.6794,0.0146,0.306
DIAMONDS ACE DIAMONDS EIGHT,0.3882,0.0038,0.608
HEARTS FOUR DIAMONDS EIGHT,0.6708,0.0158,0.3134
HEARTS FIVE DIAMONDS EIGHT,0.6522,0.0178,0.33
DIAMONDS EIGHT DIAMONDS TEN,0.569,0.0152,0.4158
DIAMONDS EIGHT DIAMONDS JACK,0.5678,0.1626,0.2696
SPADES JACK SPADES THREE,0.5858,0.156,0.2582
SPADES TEN SPADES THREE,0.6178,0.0152,0.367
CLUBS FOUR HEARTS ACE,0.44,0.0034,0.5566
CLUBS FOUR HEARTS QUEEN,0.4228,0.0116,0.5656
CLUBS FOUR HEARTS KING,0.4456,0.0066,0.5478
CLUBS SIX HEARTS TEN,0.6282,0.0148,0.357
DIAMONDS EIGHT SPADES FOUR,0.6666,0.0144,0.319
SPADES FIVE DIAMONDS EIGHT,0.6384,0.016,0.3456
DIAMONDS EIGHT SPADES TWO,0.6732,0.0168,0.31
DIAMONDS EIGHT SPADES THREE,0.6684,0.0162,0.3154
SPADES EIGHT DIAMONDS EIGHT,0.4184,0.024,0.5576
SPADES TEN DIAMONDS QUEEN,0.3558,0.0062,0.638
SPADES TEN HEARTS TWO,0.6722,0.0152,0.3126
SPADES JACK HEARTS EIGHT,0.6098,0.1664,0.2238
CLUBS FOUR HEARTS TEN,0.6588,0.0182,0.323
SPADES NINE DIAMONDS EIGHT,0.6884,0.053,0.2586
SPADES TEN HEARTS EIGHT,0.6186,0.0144,0.367
SPADES JACK HEARTS TWO,0.6122,0.169,0.2188
SPADES JACK DIAMONDS QUEEN,0.255,0.0416,0.7034
SPADES SIX DIAMONDS EIGHT,0.6376,0.015,0.3474
SPADES SEVEN DIAMONDS EIGHT,0.6214,0.0158,0.3628
SPADES ACE HEARTS TWO,0.4302,0.0046,0.5652
SPADES ACE DIAMONDS QUEEN,0.3466,0.0056,0.6478
SPADES ACE HEARTS EIGHT,0.429,0.0038,0.5672
SPADES KING HEARTS EIGHT,0.4256,0.0066,0.5678
SPADES QUEEN HEARTS TWO,0.4312,0.0126,0.5562
SPADES QUEEN DIAMONDS QUEEN,0.1698,0.0114,0.8188
SPADES KING DIAMONDS QUEEN,0.348,0.0052,0.6468
SPADES KING HEARTS TWO,0.4498,0.0064,0.5438
SPADES QUEEN HEARTS EIGHT,0.4224,0.0102,0.5674
CLUBS TWO HEARTS TEN,0.659,0.022,0.319
SPADES SEVEN DIAMONDS NINE,0.6856,0.0558,0.2586
SPADES SIX DIAMONDS NINE,0.7112,0.0562,0.2326
SPADES NINE DIAMONDS NINE,0.3214,0.0356,0.643
SPADES EIGHT DIAMONDS NINE,0.6932,0.0532,0.2536
SPADES TEN CLUBS KING,0.3608,0.0064,0.6328
DIAMONDS NINE SPADES THREE,0.7072,0.0608,0.232
SPADES JACK CLUBS KING,0.2616,0.029,0.7094
DIAMONDS NINE SPADES TWO,0.7156,0.0572,0.2272
DIAMONDS NINE SPADES FIVE,0.6912,0.0604,0.2484
DIAMONDS NINE SPADES FOUR,0.7118,0.0594,0.2288
CLUBS EIGHT DIAMONDS NINE,0.69,0.055,0.255
CLUBS SIX DIAMONDS NINE,0.7106,0.0566,0.2328
SPADES JACK CLUBS FOUR,0.6182,0.1588,0.223
CLUBS SEVEN DIAMONDS NINE,0.681,0.0576,0.2614
SPADES TEN CLUBS FOUR,0.6516,0.0164,0.332
CLUBS FOUR DIAMONDS NINE,0.7094,0.0628,0.2278
CLUBS FIVE DIAMONDS NINE,0.7062,0.0584,0.2354
DIAMONDS NINE CLUBS TWO,0.7226,0.0612,0.2162
CLUBS THREE DIAMONDS NINE,0.7062,0.0666,0.2272
DIAMONDS NINE HEARTS EIGHT,0.688,0.0576,0.2544
DIAMONDS NINE HEARTS NINE,0.3158,0.0342,0.65
HEARTS SIX DIAMONDS NINE,0.7012,0.0638,0.235
DIAMONDS NINE HEARTS SEVEN,0.6994,0.058,0.2426
DIAMONDS ACE DIAMONDS NINE,0.2714,0.0146,0.714
HEARTS FOUR DIAMONDS NINE,0.7312,0.0562,0.2126
HEARTS FIVE DIAMONDS NINE,0.7084,0.0566,0.235
HEARTS ACE CLUBS TWO,0.4344,0.0046,0.561
SPADES ACE CLUBS FOUR,0.427,0.0038,0.5692
DIAMONDS QUEEN DIAMONDS NINE,0.2342,0.0388,0.727
HEARTS TWO DIAMONDS NINE,0.7242,0.0554,0.2204
CLUBS TWO HEARTS KING,0.4476,0.0068,0.5456
SPADES KING CLUBS FOUR,0.427,0.0074,0.5656
DIAMONDS KING DIAMONDS NINE,0.2638,0.024,0.7122
HEARTS THREE DIAMONDS NINE,0.7122,0.0646,0.2232
CLUBS TWO HEARTS QUEEN,0.4244,0.011,0.5646
SPADES QUEEN CLUBS FOUR,0.447,0.0098,0.5432
DIAMONDS NINE DIAMONDS JACK,0.0226,0.906,0.0714
CLUBS EIGHT SPADES NINE,0.6808,0.0636,0.2556
DIAMONDS NINE DIAMONDS TEN,0.6666,0.047,0.2864
CLUBS EIGHT SPADES EIGHT,0.4346,0.0284,0.537
CLUBS EIGHT SPADES SEVEN,0.6342,0.0202,0.3456
CLUBS EIGHT SPADES SIX,0.652,0.0144,0.3336
CLUBS EIGHT SPADES FIVE,0.652,0.019,0.329
CLUBS EIGHT SPADES FOUR,0.67,0.017,0.313
CLUBS EIGHT SPADES THREE,0.678,0.0136,0.3084
CLUBS EIGHT SPADES TWO,0.6738,0.0138,0.3124
HEARTS SIX DIAMONDS TEN,0.652,0.0136,0.3344
DIAMONDS TEN HEARTS SEVEN,0.6412,0.0146,0.3442
DIAMONDS TEN HEARTS EIGHT,0.6286,0.0154,0.356
CLUBS JACK CLUBS FOUR,0.5764,0.1594,0.2642
DIAMONDS TEN HEARTS NINE,0.7022,0.0514,0.2464
CLUBS TEN CLUBS FOUR,0.6256,0.0156,0.3588
CLUBS FOUR CLUBS KING,0.4198,0.0078,0.5724
CLUBS FOUR CLUBS QUEEN,0.4112,0.0104,0.5784
CLUBS TWO DIAMONDS TEN,0.6536,0.0164,0.33
CLUBS THREE DIAMONDS TEN,0.6608,0.0144,0.3248
CLUBS FOUR CLUBS ACE,0.3972,0.004,0.5988
DIAMONDS JACK DIAMONDS TEN,0.2264,0.1186,0.655
DIAMONDS QUEEN DIAMONDS TEN,0.3316,0.0096,0.6588
HEARTS TWO DIAMONDS TEN,0.6648,0.0156,0.3196
DIAMONDS KING DIAMONDS TEN,0.342,0.0054,0.6526
HEARTS THREE DIAMONDS TEN,0.6502,0.0162,0.3336
DIAMONDS ACE DIAMONDS TEN,0.353,0.0058,0.6412
HEARTS FOUR DIAMONDS TEN,0.6494,0.0156,0.335
HEARTS FIVE DIAMONDS TEN,0.6574,0.0164,0.3262
CLUBS EIGHT HEARTS TEN,0.6298,0.0152,0.355
CLUBS EIGHT HEARTS QUEEN,0.4054,0.0118,0.5828
CLUBS EIGHT HEARTS KING,0.4154,0.0058,0.5788
CLUBS EIGHT HEARTS ACE,0.4166,0.004,0.5794
CLUBS TEN HEARTS EIGHT,0.6266,0.0168,0.3566
CLUBS JACK HEARTS EIGHT,0.5938,0.1746,0.2316
CLUBS QUEEN HEARTS EIGHT,0.412,0.012,0.576
CLUBS KING HEARTS EIGHT,0.4322,0.008,0.5598
CLUBS ACE HEARTS EIGHT,0.4304,0.0058,0.5638
SPADES KING CLUBS KING,0.1624,0.0064,0.8312
SPADES QUEEN CLUBS KING,0.355,0.0074,0.6376
SPADES ACE CLUBS KING,0.358,0.0044,0.6376
DIAMONDS ACE HEARTS TEN,0.3798,0.0044,0.6158
HEARTS FOUR HEARTS TEN,0.619,0.0156,0.3654
SPADES KING CLUBS FIVE,0.4372,0.006,0.5568
SPADES QUEEN CLUBS FIVE,0.4324,0.0106,0.557
SPADES ACE CLUBS FIVE,0.4256,0.005,0.5694
DIAMONDS JACK HEARTS SEVEN,0.614,0.166,0.22
HEARTS SIX DIAMONDS JACK,0.605,0.1712,0.2238
DIAMONDS JACK HEARTS NINE,0.0178,0.9712,0.011
DIAMONDS JACK HEARTS EIGHT,0.6028,0.1728,0.2244
DIAMONDS KING DIAMONDS JACK,0.2416,0.0294,0.729
HEARTS THREE DIAMONDS JACK,0.6046,0.173,0.2224
SPADES ACE SPADES SIX,0.3964,0.0038,0.5998
HEARTS ACE SPADES FOUR,0.4318,0.004,0.5642
DIAMONDS QUEEN DIAMONDS JACK,0.2334,0.0366,0.73
HEARTS TWO DIAMONDS JACK,0.6064,0.1726,0.221
HEARTS FIVE DIAMONDS JACK,0.6002,0.174,0.2258
SPADES QUEEN SPADES SIX,0.4082,0.0106,0.5812
SPADES FOUR HEARTS QUEEN,0.4386,0.0122,0.5492
DIAMONDS ACE DIAMONDS JACK,0.2422,0.0154,0.7424
HEARTS FOUR DIAMONDS JACK,0.6168,0.1636,0.2196
SPADES KING SPADES SIX,0.4036,0.0066,0.5898
SPADES FOUR HEARTS KING,0.4324,0.0098,0.5578
SPADES TEN SPADES SIX,0.6006,0.0122,0.3872
SPADES JACK SPADES SIX,0.583,0.1576,0.2594
SPADES FOUR DIAMONDS JACK,0.5954,0.1674,0.2372
SPADES FIVE DIAMONDS JACK,0.6032,0.1714,0.2254
DIAMONDS JACK SPADES TWO,0.615,0.163,0.222
DIAMONDS JACK SPADES THREE,0.6024,0.1678,0.2298
SPADES ACE DIAMONDS THREE,0.4348,0.004,0.5612
SPADES QUEEN DIAMONDS THREE,0.4166,0.0094,0.574
CLUBS EIGHT DIAMONDS JACK,0.6078,0.1752,0.217
SPADES KING DIAMONDS THREE,0.43,0.0078,0.5622
CLUBS SIX DIAMONDS JACK,0.6172,0.168,0.2148
CLUBS SEVEN DIAMONDS JACK,0.597,0.1718,0.2312
CLUBS FOUR DIAMONDS JACK,0.604,0.1772,0.2188
CLUBS FIVE DIAMONDS JACK,0.584,0.167,0.249
CLUBS TWO DIAMONDS JACK,0.6106,0.174,0.2154
CLUBS THREE DIAMONDS JACK,0.6082,0.1752,0.2166
SPADES TEN CLUBS FIVE,0.6522,0.016,0.3318
HEARTS SIX SPADES JACK,0.6078,0.166,0.2262
HEARTS SIX SPADES TEN,0.6658,0.0134,0.3208
SPADES JACK CLUBS FIVE,0.6082,0.1692,0.2226
SPADES JACK DIAMONDS THREE,0.6112,0.1616,0.2272
CLUBS SEVEN CLUBS ACE,0.3956,0.0048,0.5996
DIAMONDS THREE SPADES TEN,0.6474,0.0134,0.3392
CLUBS SEVEN CLUBS QUEEN,0.4054,0.0106,0.584
CLUBS SEVEN CLUBS KING,0.405,0.0076,0.5874
SPADES NINE DIAMONDS JACK,0.0216,0.9534,0.025
CLUBS TEN CLUBS SEVEN,0.5902,0.0136,0.3962
DIAMONDS ACE HEARTS ACE,0.1606,0.0044,0.835
HEARTS FOUR HEARTS ACE,0.407,0.0062,0.5868
SPADES EIGHT DIAMONDS JACK,0.6134,0.1686,0.218
SPADES ACE HEARTS SIX,0.4444,0.0042,0.5514
CLUBS JACK CLUBS SEVEN,0.5726,0.1596,0.2678
DIAMONDS ACE HEARTS KING,0.3454,0.0038,0.6508
HEARTS FOUR HEARTS KING,0.4104,0.0082,0.5814
SPADES SEVEN DIAMONDS JACK,0.6086,0.1602,0.2312
SPADES KING HEARTS SIX,0.4406,0.006,0.5534
DIAMONDS ACE HEARTS QUEEN,0.3444,0.005,0.6506
HEARTS FOUR HEARTS QUEEN,0.418,0.011,0.571
SPADES QUEEN HEARTS SIX,0.4394,0.0072,0.5534
SPADES SIX DIAMONDS JACK,0.6024,0.1656,0.232
DIAMONDS TEN SPADES TWO,0.649,0.017,0.334
SPADES THREE DIAMONDS TEN,0.6578,0.0142,0.328
SPADES FOUR DIAMONDS TEN,0.656,0.0136,0.3304
SPADES FIVE DIAMONDS TEN,0.6462,0.0144,0.3394
SPADES SIX DIAMONDS TEN,0.6458,0.0166,0.3376
SPADES SEVEN DIAMONDS TEN,0.6316,0.0144,0.354
SPADES EIGHT DIAMONDS TEN,0.6252,0.014,0.3608
SPADES NINE DIAMONDS TEN,0.6892,0.052,0.2588
CLUBS FOUR DIAMONDS TEN,0.6666,0.0156,0.3178
CLUBS FIVE DIAMONDS TEN,0.6528,0.016,0.3312
CLUBS SIX DIAMONDS TEN,0.655,0.016,0.329
CLUBS SEVEN DIAMONDS TEN,0.6454,0.017,0.3376
CLUBS EIGHT DIAMONDS TEN,0.6276,0.0186,0.3538
CLUBS JACK DIAMONDS THREE,0.6018,0.1702,0.228
CLUBS TEN DIAMONDS THREE,0.6468,0.0148,0.3384
DIAMONDS THREE CLUBS KING,0.4292,0.0074,0.5634
DIAMONDS THREE CLUBS QUEEN,0.4352,0.0122,0.5526
DIAMONDS THREE CLUBS ACE,0.428,0.005,0.567
SPADES FOUR HEARTS TEN,0.666,0.0154,0.3186
SPADES FIVE SPADES TWO,0.5954,0.0152,0.3894
SPADES FOUR SPADES TWO,0.5978,0.0192,0.383
SPADES THREE SPADES TWO,0.6082,0.0162,0.3756
SPADES NINE SPADES TWO,0.6646,0.0608,0.2746
SPADES EIGHT SPADES TWO,0.6268,0.0152,0.358
SPADES SEVEN SPADES TWO,0.6322,0.0138,0.354
SPADES SIX SPADES TWO,0.616,0.017,0.367
DIAMONDS QUEEN CLUBS THREE,0.4352,0.009,0.5558
CLUBS THREE HEARTS TWO,0.647,0.0174,0.3356
DIAMONDS QUEEN CLUBS TWO,0.4442,0.0098,0.546
HEARTS TWO CLUBS TWO,0.4688,0.0326,0.4986
DIAMONDS QUEEN HEARTS SEVEN,0.4278,0.0088,0.5634
HEARTS TWO HEARTS SEVEN,0.6332,0.019,0.3478
HEARTS SIX DIAMONDS QUEEN,0.4498,0.01,0.5402
HEARTS SIX HEARTS TWO,0.6328,0.0156,0.3516
DIAMONDS QUEEN HEARTS NINE,0.2558,0.0432,0.701
HEARTS TWO HEARTS NINE,0.691,0.06,0.249
DIAMONDS QUEEN HEARTS EIGHT,0.4306,0.0076,0.5618
HEARTS TWO HEARTS EIGHT,0.637,0.019,0.344
CLUBS EIGHT HEARTS TWO,0.6942,0.019,0.2868
CLUBS EIGHT DIAMONDS QUEEN,0.419,0.0102,0.5708
CLUBS FIVE DIAMONDS QUEEN,0.4438,0.0082,0.548
CLUBS FIVE HEARTS TWO,0.6568,0.0192,0.324
SPADES EIGHT HEARTS ACE,0.4074,0.0028,0.5898
DIAMONDS QUEEN CLUBS FOUR,0.436,0.012,0.552
HEARTS TWO CLUBS FOUR,0.6516,0.0208,0.3276
CLUBS SEVEN DIAMONDS QUEEN,0.4206,0.0126,0.5668
CLUBS SEVEN HEARTS TWO,0.693,0.018,0.289
SPADES EIGHT HEARTS QUEEN,0.4112,0.0112,0.5776
CLUBS SIX DIAMONDS QUEEN,0.4362,0.0088,0.555
CLUBS SIX HEARTS TWO,0.6592,0.0196,0.3212
SPADES EIGHT HEARTS KING,0.417,0.0058,0.5772
HEARTS TWO SPADES SIX,0.6552,0.0152,0.3296
DIAMONDS QUEEN SPADES SIX,0.4264,0.0072,0.5664
HEARTS FOUR CLUBS QUEEN,0.4406,0.0126,0.5468
DIAMONDS ACE CLUBS QUEEN,0.3524,0.0036,0.644
DIAMONDS QUEEN SPADES SEVEN,0.4446,0.0072,0.5482
HEARTS TWO SPADES SEVEN,0.6764,0.017,0.3066
HEARTS FOUR CLUBS KING,0.4334,0.0072,0.5594
DIAMONDS ACE CLUBS KING,0.356,0.0046,0.6394
DIAMONDS QUEEN SPADES EIGHT,0.411,0.008,0.581
SPADES EIGHT HEARTS TWO,0.6722,0.0186,0.3092
HEARTS FOUR CLUBS ACE,0.437,0.005,0.558
DIAMONDS ACE CLUBS ACE,0.16,0.0048,0.8352
SPADES NINE DIAMONDS QUEEN,0.2622,0.0382,0.6996
SPADES NINE HEARTS TWO,0.731,0.0526,0.2164
HEARTS TWO SPADES TWO,0.4704,0.029,0.5006
DIAMONDS QUEEN SPADES TWO,0.4372,0.0084,0.5544
HEARTS TWO SPADES THREE,0.6516,0.0162,0.3322
DIAMONDS QUEEN SPADES THREE,0.4266,0.0106,0.5628
HEARTS TWO SPADES FOUR,0.6522,0.0182,0.3296
DIAMONDS QUEEN SPADES FOUR,0.4398,0.0106,0.5496
CLUBS TEN HEARTS FOUR,0.6624,0.0138,0.3238
CLUBS TEN DIAMONDS ACE,0.3808,0.0056,0.6136
HEARTS TWO SPADES FIVE,0.6592,0.0148,0.326
DIAMONDS QUEEN SPADES FIVE,0.4402,0.0114,0.5484
HEARTS FOUR CLUBS JACK,0.608,0.17,0.222
CLUBS JACK DIAMONDS ACE,0.2514,0.0176,0.731
CLUBS FIVE CLUBS KING,0.413,0.0078,0.5792
CLUBS FIVE CLUBS QUEEN,0.4074,0.013,0.5796
CLUBS FIVE CLUBS ACE,0.4134,0.0032,0.5834
CLUBS JACK CLUBS FIVE,0.5884,0.155,0.2566
CLUBS TEN CLUBS FIVE,0.6222,0.0204,0.3574
SPADES KING CLUBS JACK,0.2558,0.031,0.7132
CLUBS JACK SPADES QUEEN,0.2394,0.0364,0.7242
SPADES ACE CLUBS JACK,0.2518,0.0154,0.7328
SPADES SIX CLUBS KING,0.434,0.0068,0.5592
SPADES SIX CLUBS QUEEN,0.4286,0.0102,0.5612
SPADES SIX CLUBS ACE,0.4342,0.0036,0.5622
SPADES EIGHT HEARTS TEN,0.6246,0.018,0.3574
CLUBS JACK SPADES SIX,0.6042,0.172,0.2238
CLUBS TEN SPADES SIX,0.6348,0.0156,0.3496
CLUBS JACK SPADES TEN,0.23,0.1208,0.6492
CLUBS JACK SPADES JACK,0.1298,0.0344,0.8358
SPADES QUEEN CLUBS SEVEN,0.4272,0.01,0.5628
SPADES KING CLUBS SEVEN,0.433,0.008,0.559
SPADES ACE CLUBS SEVEN,0.4308,0.0042,0.565
SPADES SIX HEARTS TEN,0.6442,0.0184,0.3374
SPADES SIX HEARTS ACE,0.4196,0.005,0.5754
SPADES SIX HEARTS KING,0.4226,0.0052,0.5722
SPADES SIX HEARTS QUEEN,0.4258,0.01,0.5642
CLUBS SEVEN SPADES JACK,0.6076,0.1688,0.2236
CLUBS SEVEN SPADES TEN,0.639,0.0158,0.3452
CLUBS TEN HEARTS SIX,0.6372,0.0148,0.348
CLUBS JACK HEARTS SIX,0.6196,0.1614,0.219
CLUBS JACK CLUBS ACE,0.2458,0.0186,0.7356
HEARTS SIX CLUBS QUEEN,0.4422,0.0122,0.5456
HEARTS SIX CLUBS KING,0.4346,0.0082,0.5572
HEARTS SIX CLUBS ACE,0.4202,0.0062,0.5736
CLUBS JACK CLUBS QUEEN,0.2308,0.0398,0.7294
CLUBS JACK CLUBS KING,0.2536,0.0292,0.7172
DIAMONDS THREE HEARTS ACE,0.4208,0.0056,0.5736
DIAMONDS THREE HEARTS QUEEN,0.4256,0.0122,0.5622
DIAMONDS THREE HEARTS KING,0.4376,0.008,0.5544
SPADES TEN DIAMONDS ACE,0.371,0.0032,0.6258
HEARTS FOUR SPADES TEN,0.6648,0.0176,0.3176
CLUBS FIVE HEARTS TEN,0.6706,0.0164,0.313
HEARTS FOUR SPADES JACK,0.6192,0.1634,0.2174
SPADES JACK DIAMONDS ACE,0.2498,0.0194,0.7308
SPADES ACE HEARTS FOUR,0.4268,0.0044,0.5688
SPADES ACE DIAMONDS ACE,0.1708,0.0038,0.8254
CLUBS FIVE HEARTS ACE,0.428,0.0054,0.5666
CLUBS FIVE HEARTS KING,0.4292,0.0084,0.5624
HEARTS FOUR SPADES QUEEN,0.4326,0.0092,0.5582
SPADES QUEEN DIAMONDS ACE,0.3612,0.0028,0.636
CLUBS JACK SPADES FOUR,0.611,0.1672,0.2218
CLUBS FIVE HEARTS QUEEN,0.4254,0.0116,0.563
SPADES KING DIAMONDS ACE,0.3626,0.0046,0.6328
HEARTS FOUR SPADES KING,0.443,0.0074,0.5496
CLUBS TEN SPADES FOUR,0.6388,0.0162,0.345
DIAMONDS QUEEN DIAMONDS ACE,0.3414,0.0044,0.6542
HEARTS TWO DIAMONDS ACE,0.423,0.005,0.572
HEARTS FOUR DIAMONDS QUEEN,0.4422,0.0094,0.5484
HEARTS FOUR HEARTS TWO,0.6024,0.0198,0.3778
DIAMONDS THREE HEARTS TEN,0.6634,0.0168,0.3198
SPADES FOUR CLUBS KING,0.4338,0.008,0.5582
HEARTS FIVE DIAMONDS QUEEN,0.4272,0.0106,0.5622
HEARTS FIVE HEARTS TWO,0.6112,0.0186,0.3702
SPADES FOUR CLUBS QUEEN,0.4376,0.0088,0.5536
DIAMONDS QUEEN HEARTS TWO,0.4402,0.0066,0.5532
DIAMONDS KING DIAMONDS QUEEN,0.3246,0.0062,0.6692
DIAMONDS KING HEARTS TWO,0.4416,0.0066,0.5518
HEARTS THREE DIAMONDS QUEEN,0.4488,0.0098,0.5414
HEARTS THREE HEARTS TWO,0.6256,0.016,0.3584
SPADES FOUR CLUBS ACE,0.4216,0.0052,0.5732
HEARTS TWO CLUBS ACE,0.4312,0.0052,0.5636
DIAMONDS QUEEN CLUBS ACE,0.3412,0.005,0.6538
HEARTS TWO CLUBS QUEEN,0.4502,0.0114,0.5384
DIAMONDS QUEEN CLUBS QUEEN,0.1634,0.0104,0.8262
HEARTS TWO CLUBS KING,0.4332,0.009,0.5578
DIAMONDS QUEEN CLUBS KING,0.3366,0.0076,0.6558
SPADES EIGHT SPADES FIVE,0.604,0.0156,0.3804
CLUBS TEN HEARTS TWO,0.6472,0.0176,0.3352
CLUBS TEN DIAMONDS QUEEN,0.3498,0.0092,0.641
SPADES NINE SPADES FIVE,0.6484,0.0608,0.2908
CLUBS JACK HEARTS TWO,0.6104,0.176,0.2136
CLUBS JACK DIAMONDS QUEEN,0.2334,0.0434,0.7232
SPADES SIX SPADES FIVE,0.5648,0.0182,0.417
SPADES SEVEN SPADES FIVE,0.5866,0.0172,0.3962
DIAMONDS FIVE CLUBS QUEEN,0.4186,0.0124,0.569
SPADES EIGHT CLUBS ACE,0.414,0.0032,0.5828
DIAMONDS FIVE CLUBS KING,0.4204,0.0074,0.5722
SPADES EIGHT CLUBS KING,0.4186,0.0072,0.5742
DIAMONDS FIVE CLUBS ACE,0.4068,0.0044,0.5888
SPADES EIGHT CLUBS QUEEN,0.4206,0.0106,0.5688
CLUBS JACK SPADES EIGHT,0.6038,0.176,0.2202
CLUBS TEN SPADES EIGHT,0.6036,0.0188,0.3776
CLUBS TEN DIAMONDS FIVE,0.644,0.017,0.339
CLUBS JACK DIAMONDS FIVE,0.5932,0.1684,0.2384
DIAMONDS TEN HEARTS TEN,0.2908,0.0202,0.689
HEARTS SIX HEARTS KING,0.4076,0.0062,0.5862
DIAMONDS KING SPADES SEVEN,0.4308,0.005,0.5642
HEARTS THREE SPADES SEVEN,0.6604,0.0162,0.3234
SPADES KING DIAMONDS SEVEN,0.4116,0.007,0.5814
HEARTS SIX HEARTS QUEEN,0.4174,0.01,0.5726
SPADES QUEEN DIAMONDS SEVEN,0.4208,0.012,0.5672
HEARTS THREE SPADES SIX,0.651,0.0162,0.3328
DIAMONDS KING SPADES SIX,0.4286,0.0064,0.565
DIAMONDS KING SPADES NINE,0.2764,0.0298,0.6938
HEARTS THREE SPADES NINE,0.713,0.0656,0.2214
HEARTS SIX HEARTS ACE,0.414,0.0036,0.5824
DIAMONDS KING SPADES EIGHT,0.4374,0.0058,0.5568
HEARTS THREE SPADES EIGHT,0.6898,0.015,0.2952
