opposingHand,winningChance,drawChance,lostChance
CLUBS TEN CLUBS JACK
HEARTS FIVE SPADES TEN,0.725,0.0504,0.2246
SPADES JACK HEARTS FIVE,0.6584,0.1286,0.213
CLUBS EIGHT CLUBS KING,0.432,0.0072,0.5608
SPADES FIVE CLUBS ACE,0.4656,0.005,0.5294
CLUBS EIGHT CLUBS QUEEN,0.4218,0.0102,0.568
SPADES FIVE CLUBS KING,0.477,0.0074,0.5156
SPADES FIVE CLUBS QUEEN,0.4846,0.0106,0.5048
CLUBS EIGHT CLUBS ACE,0.4146,0.0074,0.578
DIAMONDS TWO DIAMONDS THREE,0.6292,0.0108,0.36
DIAMONDS TWO DIAMONDS FIVE,0.6382,0.0152,0.3466
SPADES KING HEARTS FIVE,0.4958,0.0066,0.4976
DIAMONDS TWO DIAMONDS FOUR,0.6346,0.0138,0.3516
SPADES QUEEN HEARTS FIVE,0.4888,0.0098,0.5014
DIAMONDS TWO DIAMONDS SEVEN,0.6598,0.0134,0.3268
DIAMONDS TWO DIAMONDS SIX,0.654,0.0132,0.3328
SPADES ACE HEARTS FIVE,0.4854,0.0038,0.5108
DIAMONDS TWO DIAMONDS NINE,0.6688,0.0146,0.3166
DIAMONDS TWO DIAMONDS EIGHT,0.659,0.011,0.33
DIAMONDS THREE DIAMONDS FOUR,0.6302,0.014,0.3558
CLUBS TWO SPADES FOUR,0.6678,0.0158,0.3164
DIAMONDS THREE DIAMONDS FIVE,0.6198,0.0146,0.3656
CLUBS TWO SPADES FIVE,0.657,0.0158,0.3272
CLUBS TWO SPADES TWO,0.4918,0.0294,0.4788
CLUBS TWO SPADES THREE,0.6756,0.0118,0.3126
DIAMONDS THREE DIAMONDS EIGHT,0.6538,0.0126,0.3336
SPADES EIGHT CLUBS TWO,0.7036,0.016,0.2804
DIAMONDS THREE DIAMONDS NINE,0.6706,0.0138,0.3156
SPADES NINE CLUBS TWO,0.7104,0.0168,0.2728
DIAMONDS THREE DIAMONDS SIX,0.6366,0.0122,0.3512
CLUBS TWO SPADES SIX,0.6816,0.0152,0.3032
DIAMONDS THREE DIAMONDS SEVEN,0.6438,0.0142,0.342
CLUBS TWO SPADES SEVEN,0.6874,0.016,0.2966
CLUBS SIX CLUBS TWO,0.672,0.0176,0.3104
CLUBS SEVEN CLUBS TWO,0.6938,0.014,0.2922
CLUBS FOUR CLUBS TWO,0.669,0.0236,0.3074
CLUBS FIVE CLUBS TWO,0.656,0.0156,0.3284
DIAMONDS FOUR DIAMONDS SIX,0.6356,0.011,0.3534
DIAMONDS FOUR DIAMONDS SEVEN,0.6344,0.0144,0.3512
CLUBS EIGHT CLUBS TWO,0.6894,0.0124,0.2982
DIAMONDS FIVE DIAMONDS FOUR,0.6176,0.0136,0.3688
CLUBS NINE CLUBS TWO,0.696,0.0152,0.2888
DIAMONDS NINE DIAMONDS FOUR,0.6702,0.0124,0.3174
DIAMONDS EIGHT DIAMONDS FOUR,0.6366,0.0172,0.3462
CLUBS TWO CLUBS THREE,0.6654,0.0176,0.317
DIAMONDS NINE DIAMONDS FIVE,0.647,0.0162,0.3368
DIAMONDS EIGHT DIAMONDS FIVE,0.6346,0.0136,0.3518
DIAMONDS FIVE DIAMONDS SEVEN,0.6224,0.0162,0.3614
DIAMONDS FIVE DIAMONDS SIX,0.6106,0.0132,0.3762
DIAMONDS TWO CLUBS ACE,0.4738,0.0054,0.5208
DIAMONDS TWO CLUBS KING,0.4708,0.0088,0.5204
DIAMONDS TWO CLUBS QUEEN,0.4758,0.0112,0.513
DIAMONDS EIGHT DIAMONDS SIX,0.6262,0.0136,0.3602
DIAMONDS NINE DIAMONDS SIX,0.6474,0.014,0.3386
HEARTS ACE SPADES THREE,0.4714,0.0042,0.5244
HEARTS KING SPADES THREE,0.4892,0.0056,0.5052
DIAMONDS SEVEN DIAMONDS SIX,0.613,0.0138,0.3732
SPADES THREE HEARTS QUEEN,0.4924,0.0102,0.4974
HEARTS JACK SPADES THREE,0.6778,0.108,0.2142
SPADES THREE HEARTS TEN,0.7274,0.052,0.2206
DIAMONDS EIGHT DIAMONDS SEVEN,0.619,0.0138,0.3672
DIAMONDS NINE DIAMONDS SEVEN,0.6382,0.0126,0.3492
DIAMONDS NINE DIAMONDS EIGHT,0.6256,0.0154,0.359
DIAMONDS KING HEARTS TEN,0.319,0.0296,0.6514
HEARTS THREE HEARTS TEN,0.7038,0.0464,0.2498
CLUBS SIX SPADES JACK,0.662,0.1212,0.2168
DIAMONDS KING HEARTS JACK,0.3062,0.0236,0.6702
HEARTS THREE HEARTS JACK,0.6302,0.1104,0.2594
CLUBS SIX SPADES TEN,0.7278,0.0556,0.2166
SPADES JACK SPADES FIVE,0.6314,0.1102,0.2584
SPADES TEN SPADES FIVE,0.6902,0.0534,0.2564
DIAMONDS KING HEARTS ACE,0.401,0.0042,0.5948
HEARTS THREE HEARTS ACE,0.4506,0.0048,0.5446
SPADES ACE CLUBS SIX,0.4862,0.0048,0.509
DIAMONDS KING HEARTS QUEEN,0.394,0.0076,0.5984
HEARTS THREE HEARTS QUEEN,0.4596,0.008,0.5324
SPADES KING CLUBS SIX,0.49,0.0078,0.5022
DIAMONDS KING HEARTS KING,0.2196,0.0078,0.7726
HEARTS THREE HEARTS KING,0.469,0.0074,0.5236
SPADES QUEEN CLUBS SIX,0.4844,0.0098,0.5058
SPADES NINE HEARTS TEN,0.708,0.0548,0.2372
SPADES NINE HEARTS JACK,0.6774,0.1128,0.2098
SPADES QUEEN SPADES FIVE,0.4532,0.0088,0.538
SPADES KING SPADES FIVE,0.4432,0.009,0.5478
SPADES ACE SPADES FIVE,0.46,0.0056,0.5344
SPADES NINE HEARTS QUEEN,0.4354,0.0076,0.557
SPADES NINE HEARTS KING,0.4666,0.0076,0.5258
SPADES NINE HEARTS ACE,0.4578,0.0034,0.5388
SPADES FIVE HEARTS QUEEN,0.4788,0.0098,0.5114
HEARTS KING SPADES FIVE,0.4926,0.0048,0.5026
SPADES FIVE HEARTS ACE,0.484,0.004,0.512
CLUBS EIGHT SPADES TEN,0.7238,0.0584,0.2178
HEARTS THREE SPADES JACK,0.6776,0.1062,0.2162
SPADES JACK DIAMONDS KING,0.2994,0.027,0.6736
SPADES TEN DIAMONDS KING,0.3078,0.0278,0.6644
HEARTS THREE SPADES TEN,0.74,0.0536,0.2064
CLUBS EIGHT SPADES JACK,0.6564,0.1134,0.2302
SPADES ACE CLUBS EIGHT,0.481,0.0054,0.5136
CLUBS SIX HEARTS ACE,0.4926,0.0048,0.5026
CLUBS EIGHT SPADES QUEEN,0.4628,0.0104,0.5268
CLUBS SIX HEARTS QUEEN,0.478,0.0114,0.5106
CLUBS EIGHT SPADES KING,0.4656,0.0062,0.5282
CLUBS SIX HEARTS KING,0.4744,0.0054,0.5202
DIAMONDS TWO HEARTS JACK,0.6716,0.1154,0.213
SPADES THREE CLUBS QUEEN,0.4834,0.0132,0.5034
DIAMONDS TWO HEARTS TEN,0.7328,0.0542,0.213
SPADES THREE CLUBS KING,0.4762,0.0054,0.5184
HEARTS FIVE CLUBS ACE,0.4588,0.0048,0.5364
SPADES FIVE HEARTS TEN,0.7298,0.0526,0.2176
SPADES THREE CLUBS ACE,0.4676,0.0048,0.5276
HEARTS FIVE CLUBS KING,0.4834,0.008,0.5086
SPADES FIVE HEARTS JACK,0.6712,0.121,0.2078
HEARTS FIVE CLUBS QUEEN,0.474,0.012,0.514
HEARTS THREE CLUBS KING,0.4812,0.008,0.5108
DIAMONDS KING CLUBS KING,0.1964,0.0104,0.7932
HEARTS THREE CLUBS QUEEN,0.4754,0.012,0.5126
DIAMONDS KING CLUBS QUEEN,0.3764,0.0078,0.6158
HEARTS FIVE HEARTS JACK,0.6224,0.1226,0.255
HEARTS FIVE HEARTS TEN,0.6854,0.0546,0.26
HEARTS THREE CLUBS ACE,0.4816,0.0034,0.515
DIAMONDS KING CLUBS ACE,0.3942,0.0032,0.6026
SPADES ACE CLUBS QUEEN,0.3886,0.0046,0.6068
SPADES KING CLUBS QUEEN,0.386,0.0074,0.6066
SPADES QUEEN CLUBS QUEEN,0.1988,0.0098,0.7914
SPADES JACK CLUBS QUEEN,0.2664,0.0422,0.6914
CLUBS SIX CLUBS QUEEN,0.435,0.0126,0.5524
SPADES TEN CLUBS QUEEN,0.283,0.042,0.675
CLUBS SIX CLUBS KING,0.4328,0.0074,0.5598
CLUBS SIX CLUBS ACE,0.44,0.0042,0.5558
HEARTS FIVE HEARTS KING,0.4594,0.005,0.5356
HEARTS FIVE HEARTS QUEEN,0.4628,0.0086,0.5286
HEARTS FIVE HEARTS ACE,0.4566,0.0038,0.5396
SPADES SEVEN HEARTS JACK,0.6566,0.1174,0.226
SPADES SEVEN HEARTS TEN,0.7142,0.0516,0.2342
DIAMONDS TWO CLUBS TWO,0.5006,0.0282,0.4712
DIAMONDS TWO CLUBS THREE,0.6742,0.016,0.3098
HEARTS SIX DIAMONDS TWO,0.7024,0.0166,0.281
DIAMONDS TWO HEARTS QUEEN,0.4974,0.0084,0.4942
DIAMONDS TWO HEARTS SEVEN,0.6846,0.015,0.3004
DIAMONDS TWO HEARTS KING,0.4718,0.0076,0.5206
DIAMONDS TWO HEARTS EIGHT,0.6992,0.0144,0.2864
DIAMONDS TWO HEARTS ACE,0.4908,0.0048,0.5044
DIAMONDS TWO HEARTS NINE,0.7048,0.0128,0.2824
DIAMONDS TWO DIAMONDS QUEEN,0.459,0.0104,0.5306
DIAMONDS TWO HEARTS TWO,0.5018,0.0234,0.4748
DIAMONDS TWO DIAMONDS KING,0.4642,0.0072,0.5286
HEARTS THREE DIAMONDS TWO,0.676,0.0146,0.3094
DIAMONDS TWO DIAMONDS ACE,0.4618,0.0046,0.5336
HEARTS FOUR DIAMONDS TWO,0.6632,0.0156,0.3212
DIAMONDS TWO HEARTS FIVE,0.674,0.0136,0.3124
SPADES SEVEN HEARTS ACE,0.481,0.0038,0.5152
DIAMONDS TWO DIAMONDS TEN,0.692,0.055,0.253
SPADES SEVEN HEARTS KING,0.49,0.0054,0.5046
DIAMONDS TWO DIAMONDS JACK,0.6294,0.1142,0.2564
SPADES SEVEN HEARTS QUEEN,0.4704,0.0086,0.521
DIAMONDS TWO SPADES NINE,0.7046,0.015,0.2804
DIAMONDS TWO SPADES EIGHT,0.7042,0.0176,0.2782
DIAMONDS TWO SPADES SEVEN,0.701,0.0202,0.2788
DIAMONDS TWO SPADES SIX,0.6814,0.016,0.3026
DIAMONDS TWO SPADES FIVE,0.6648,0.015,0.3202
DIAMONDS TWO SPADES FOUR,0.6748,0.013,0.3122
DIAMONDS TWO SPADES THREE,0.6632,0.0168,0.32
DIAMONDS TWO SPADES TWO,0.5104,0.028,0.4616
CLUBS NINE DIAMONDS TWO,0.7074,0.0152,0.2774
CLUBS EIGHT DIAMONDS TWO,0.7036,0.014,0.2824
DIAMONDS TWO CLUBS SEVEN,0.6904,0.0156,0.294
CLUBS SIX DIAMONDS TWO,0.682,0.0158,0.3022
DIAMONDS TWO CLUBS FIVE,0.666,0.0144,0.3196
DIAMONDS TWO CLUBS FOUR,0.6722,0.0168,0.311
CLUBS FOUR SPADES FIVE,0.6378,0.0164,0.3458
CLUBS FOUR SPADES FOUR,0.5074,0.0232,0.4694
CLUBS FOUR SPADES THREE,0.668,0.0148,0.3172
CLUBS FOUR SPADES TWO,0.6708,0.019,0.3102
CLUBS FOUR SPADES NINE,0.6928,0.0148,0.2924
CLUBS FOUR SPADES EIGHT,0.677,0.0142,0.3088
CLUBS FOUR SPADES SEVEN,0.6636,0.0174,0.319
CLUBS FOUR SPADES SIX,0.6672,0.0154,0.3174
SPADES ACE DIAMONDS SIX,0.488,0.0026,0.5094
SPADES QUEEN DIAMONDS SIX,0.4918,0.0098,0.4984
SPADES KING DIAMONDS SIX,0.4888,0.0056,0.5056
SPADES TEN DIAMONDS SIX,0.7386,0.0504,0.211
SPADES JACK DIAMONDS SIX,0.6632,0.1174,0.2194
SPADES QUEEN SPADES TWO,0.458,0.0088,0.5332
SPADES KING SPADES TWO,0.4586,0.0084,0.533
SPADES ACE SPADES TWO,0.4468,0.0038,0.5494
DIAMONDS JACK CLUBS KING,0.297,0.032,0.671
DIAMONDS JACK CLUBS QUEEN,0.2654,0.0404,0.6942
DIAMONDS THREE DIAMONDS JACK,0.6306,0.1136,0.2558
DIAMONDS THREE DIAMONDS TEN,0.6866,0.0534,0.26
DIAMONDS JACK CLUBS ACE,0.305,0.0172,0.6778
DIAMONDS THREE DIAMONDS KING,0.4586,0.0074,0.534
HEARTS THREE DIAMONDS THREE,0.5148,0.0286,0.4566
DIAMONDS THREE DIAMONDS QUEEN,0.4586,0.0108,0.5306
DIAMONDS THREE HEARTS TWO,0.6722,0.013,0.3148
HEARTS FIVE DIAMONDS THREE,0.6566,0.013,0.3304
DIAMONDS THREE DIAMONDS ACE,0.4542,0.0044,0.5414
HEARTS FOUR DIAMONDS THREE,0.6624,0.0208,0.3168
DIAMONDS THREE HEARTS SEVEN,0.6914,0.0144,0.2942
SPADES TEN SPADES NINE,0.661,0.0542,0.2848
HEARTS SIX DIAMONDS THREE,0.6754,0.0134,0.3112
SPADES JACK SPADES NINE,0.6356,0.1108,0.2536
DIAMONDS THREE HEARTS NINE,0.7018,0.0144,0.2838
HEARTS JACK DIAMONDS FOUR,0.6754,0.1124,0.2122
HEARTS KING HEARTS ACE,0.3852,0.0052,0.6096
SPADES TEN SPADES TWO,0.685,0.0542,0.2608
DIAMONDS THREE HEARTS EIGHT,0.6978,0.0124,0.2898
HEARTS TEN DIAMONDS FOUR,0.7292,0.0536,0.2172
SPADES JACK SPADES TWO,0.6242,0.1146,0.2612
HEARTS QUEEN DIAMONDS FOUR,0.488,0.0088,0.5032
HEARTS KING DIAMONDS FOUR,0.469,0.0062,0.5248
SPADES ACE SPADES NINE,0.441,0.005,0.554
HEARTS ACE DIAMONDS FOUR,0.475,0.0054,0.5196
SPADES KING SPADES NINE,0.4322,0.006,0.5618
SPADES QUEEN SPADES NINE,0.436,0.0092,0.5548
DIAMONDS THREE SPADES NINE,0.7012,0.0122,0.2866
DIAMONDS THREE SPADES EIGHT,0.7036,0.0136,0.2828
DIAMONDS THREE SPADES SEVEN,0.688,0.0142,0.2978
DIAMONDS THREE SPADES SIX,0.6732,0.015,0.3118
CLUBS SIX DIAMONDS THREE,0.6738,0.0166,0.3096
CLUBS ACE DIAMONDS FOUR,0.4848,0.0042,0.511
CLUBS SIX CLUBS FIVE,0.6482,0.0162,0.3356
CLUBS SEVEN CLUBS FIVE,0.6602,0.0166,0.3232
CLUBS SEVEN DIAMONDS THREE,0.6784,0.015,0.3066
DIAMONDS THREE CLUBS FOUR,0.6544,0.017,0.3286
DIAMONDS FOUR CLUBS QUEEN,0.4726,0.0112,0.5162
DIAMONDS THREE CLUBS FIVE,0.641,0.0144,0.3446
DIAMONDS FOUR CLUBS KING,0.4716,0.0102,0.5182
DIAMONDS THREE CLUBS TWO,0.672,0.018,0.31
DIAMONDS THREE CLUBS THREE,0.4996,0.029,0.4714
DIAMONDS THREE SPADES FOUR,0.6534,0.0156,0.331
DIAMONDS THREE SPADES FIVE,0.65,0.015,0.335
DIAMONDS THREE SPADES TWO,0.6822,0.0158,0.302
DIAMONDS THREE SPADES THREE,0.5066,0.0274,0.466
CLUBS EIGHT DIAMONDS THREE,0.6918,0.0152,0.293
CLUBS NINE DIAMONDS THREE,0.6896,0.0128,0.2976
SPADES SEVEN CLUBS ACE,0.4702,0.0044,0.5254
SPADES SEVEN CLUBS QUEEN,0.4658,0.0122,0.522
SPADES SEVEN CLUBS KING,0.4686,0.0044,0.527
CLUBS FIVE SPADES SEVEN,0.6486,0.0138,0.3376
CLUBS FIVE SPADES SIX,0.6562,0.0132,0.3306
SPADES NINE CLUBS FIVE,0.6962,0.0136,0.2902
CLUBS FIVE SPADES EIGHT,0.6712,0.0158,0.313
CLUBS FIVE SPADES THREE,0.6468,0.0154,0.3378
CLUBS FIVE SPADES TWO,0.6616,0.0168,0.3216
CLUBS FIVE SPADES FIVE,0.5084,0.0264,0.4652
CLUBS FIVE SPADES FOUR,0.6368,0.0168,0.3464
CLUBS NINE CLUBS FIVE,0.6974,0.0164,0.2862
CLUBS EIGHT CLUBS FIVE,0.6768,0.0136,0.3096
CLUBS ACE CLUBS QUEEN,0.352,0.0048,0.6432
CLUBS KING CLUBS QUEEN,0.3368,0.0074,0.6558
DIAMONDS TEN DIAMONDS FOUR,0.693,0.0544,0.2526
DIAMONDS JACK DIAMONDS FOUR,0.6306,0.1158,0.2536
DIAMONDS ACE DIAMONDS FOUR,0.4612,0.004,0.5348
HEARTS FOUR DIAMONDS FOUR,0.507,0.027,0.466
DIAMONDS JACK HEARTS TEN,0.0694,0.908,0.0226
SPADES NINE CLUBS KING,0.4426,0.0056,0.5518
DIAMONDS TWO SPADES TEN,0.7446,0.0576,0.1978
DIAMONDS NINE CLUBS ACE,0.4544,0.0026,0.543
HEARTS FIVE DIAMONDS FOUR,0.6488,0.0162,0.335
HEARTS JACK DIAMONDS JACK,0.2012,0.0262,0.7726
SPADES NINE CLUBS QUEEN,0.4328,0.0108,0.5564
DIAMONDS TWO SPADES JACK,0.6676,0.1218,0.2106
DIAMONDS QUEEN DIAMONDS FOUR,0.4654,0.0108,0.5238
HEARTS TWO DIAMONDS FOUR,0.6696,0.0146,0.3158
DIAMONDS NINE CLUBS QUEEN,0.4506,0.0122,0.5372
DIAMONDS KING DIAMONDS FOUR,0.4452,0.008,0.5468
HEARTS THREE DIAMONDS FOUR,0.6636,0.0192,0.3172
SPADES NINE CLUBS ACE,0.466,0.0046,0.5294
DIAMONDS NINE CLUBS KING,0.4566,0.0088,0.5346
HEARTS ACE DIAMONDS JACK,0.3252,0.0214,0.6534
SPADES ACE DIAMONDS TWO,0.4764,0.004,0.5196
DIAMONDS JACK HEARTS QUEEN,0.286,0.04,0.674
SPADES QUEEN DIAMONDS TWO,0.4938,0.0094,0.4968
HEARTS KING DIAMONDS JACK,0.3098,0.0258,0.6644
SPADES KING DIAMONDS TWO,0.4984,0.006,0.4956
SPADES JACK SPADES SEVEN,0.6248,0.1032,0.272
SPADES TEN SPADES SEVEN,0.6756,0.0516,0.2728
CLUBS SEVEN CLUBS THREE,0.6866,0.0158,0.2976
CLUBS SIX CLUBS THREE,0.658,0.0184,0.3236
CLUBS FIVE CLUBS THREE,0.6504,0.0168,0.3328
CLUBS FOUR CLUBS THREE,0.6424,0.0158,0.3418
CLUBS NINE CLUBS THREE,0.7012,0.0154,0.2834
CLUBS EIGHT CLUBS THREE,0.6952,0.0176,0.2872
CLUBS THREE SPADES FIVE,0.6512,0.0152,0.3336
CLUBS THREE SPADES FOUR,0.6572,0.0144,0.3284
CLUBS THREE SPADES THREE,0.499,0.0286,0.4724
CLUBS THREE SPADES TWO,0.6538,0.0202,0.326
CLUBS THREE SPADES SIX,0.6746,0.0162,0.3092
SPADES SEVEN CLUBS THREE,0.6824,0.0152,0.3024
SPADES EIGHT CLUBS THREE,0.6884,0.0146,0.297
SPADES NINE CLUBS THREE,0.6868,0.0174,0.2958
SPADES TWO DIAMONDS FOUR,0.6796,0.012,0.3084
SPADES THREE DIAMONDS FOUR,0.664,0.0172,0.3188
SPADES FOUR DIAMONDS FOUR,0.5054,0.0242,0.4704
SPADES FIVE DIAMONDS FOUR,0.6452,0.0156,0.3392
SPADES SIX DIAMONDS FOUR,0.6646,0.011,0.3244
SPADES SEVEN DIAMONDS FOUR,0.6692,0.0136,0.3172
SPADES EIGHT DIAMONDS FOUR,0.6742,0.0118,0.314
SPADES NINE DIAMONDS FOUR,0.7146,0.0134,0.272
CLUBS FIVE DIAMONDS FOUR,0.6306,0.0152,0.3542
CLUBS FOUR DIAMONDS FOUR,0.496,0.0272,0.4768
CLUBS SEVEN DIAMONDS FOUR,0.6696,0.0158,0.3146
CLUBS SIX DIAMONDS FOUR,0.648,0.011,0.341
CLUBS NINE DIAMONDS FOUR,0.7048,0.015,0.2802
CLUBS EIGHT DIAMONDS FOUR,0.683,0.0158,0.3012
DIAMONDS FOUR HEARTS SEVEN,0.6838,0.015,0.3012
HEARTS SIX DIAMONDS FOUR,0.6624,0.013,0.3246
HEARTS NINE DIAMONDS FOUR,0.7018,0.0142,0.284
DIAMONDS FOUR HEARTS EIGHT,0.6924,0.0136,0.294
CLUBS THREE DIAMONDS FOUR,0.6442,0.015,0.3408
CLUBS TWO DIAMONDS FOUR,0.6796,0.0142,0.3062
DIAMONDS TEN DIAMONDS FIVE,0.6802,0.052,0.2678
DIAMONDS JACK DIAMONDS FIVE,0.6296,0.1074,0.263
DIAMONDS NINE HEARTS QUEEN,0.4578,0.0118,0.5304
HEARTS KING DIAMONDS NINE,0.4546,0.0076,0.5378
DIAMONDS NINE HEARTS ACE,0.4694,0.003,0.5276
DIAMONDS NINE HEARTS TEN,0.7208,0.0496,0.2296
DIAMONDS NINE HEARTS JACK,0.6702,0.1124,0.2174
CLUBS KING DIAMONDS SIX,0.4786,0.0066,0.5148
CLUBS QUEEN DIAMONDS SIX,0.469,0.0096,0.5214
CLUBS ACE DIAMONDS SIX,0.4724,0.0042,0.5234
SPADES KING DIAMONDS FOUR,0.4828,0.0052,0.512
SPADES ACE SPADES SEVEN,0.4414,0.0046,0.554
SPADES QUEEN DIAMONDS FOUR,0.4952,0.0104,0.4944
SPADES QUEEN SPADES SEVEN,0.4526,0.0078,0.5396
SPADES KING SPADES SEVEN,0.4594,0.0074,0.5332
SPADES ACE DIAMONDS FOUR,0.4758,0.004,0.5202
CLUBS NINE CLUBS FOUR,0.6978,0.0148,0.2874
CLUBS EIGHT CLUBS FOUR,0.678,0.0168,0.3052
SPADES JACK DIAMONDS FOUR,0.679,0.1086,0.2124
SPADES TEN DIAMONDS FOUR,0.7342,0.0528,0.213
CLUBS FOUR CLUBS FIVE,0.6344,0.018,0.3476
CLUBS SEVEN CLUBS FOUR,0.6586,0.0158,0.3256
CLUBS SIX CLUBS FOUR,0.6484,0.0178,0.3338
CLUBS SEVEN SPADES EIGHT,0.6472,0.0138,0.339
CLUBS SEVEN SPADES NINE,0.6654,0.0152,0.3194
CLUBS SEVEN SPADES SIX,0.6446,0.015,0.3404
CLUBS SEVEN SPADES SEVEN,0.4842,0.0226,0.4932
CLUBS SEVEN SPADES FIVE,0.6622,0.0132,0.3246
CLUBS SEVEN SPADES FOUR,0.6672,0.0138,0.319
CLUBS SEVEN SPADES THREE,0.6818,0.0164,0.3018
CLUBS SEVEN SPADES TWO,0.6988,0.0154,0.2858
CLUBS NINE CLUBS SEVEN,0.6728,0.0152,0.312
CLUBS EIGHT CLUBS SEVEN,0.651,0.0168,0.3322
HEARTS SIX DIAMONDS FIVE,0.6618,0.0124,0.3258
DIAMONDS FIVE HEARTS SEVEN,0.661,0.0144,0.3246
DIAMONDS FIVE HEARTS EIGHT,0.686,0.0148,0.2992
HEARTS NINE DIAMONDS FIVE,0.689,0.0134,0.2976
DIAMONDS QUEEN DIAMONDS FIVE,0.444,0.0084,0.5476
HEARTS TWO DIAMONDS FIVE,0.6648,0.0144,0.3208
HEARTS KING HEARTS EIGHT,0.4506,0.0084,0.541
DIAMONDS KING DIAMONDS FIVE,0.465,0.0074,0.5276
HEARTS THREE DIAMONDS FIVE,0.656,0.0118,0.3322
HEARTS QUEEN HEARTS EIGHT,0.4494,0.0112,0.5394
DIAMONDS ACE DIAMONDS FIVE,0.4346,0.0054,0.56
HEARTS FOUR DIAMONDS FIVE,0.6454,0.0158,0.3388
HEARTS FIVE DIAMONDS FIVE,0.5084,0.0296,0.462
HEARTS ACE HEARTS EIGHT,0.4512,0.0042,0.5446
CLUBS FOUR DIAMONDS FIVE,0.636,0.0144,0.3496
CLUBS FIVE DIAMONDS FIVE,0.4948,0.0252,0.48
CLUBS SIX DIAMONDS FIVE,0.6688,0.015,0.3162
CLUBS SEVEN DIAMONDS FIVE,0.6664,0.0186,0.315
CLUBS TWO DIAMONDS FIVE,0.671,0.013,0.316
CLUBS THREE DIAMONDS FIVE,0.6548,0.0178,0.3274
SPADES THREE DIAMONDS FIVE,0.6496,0.0144,0.336
SPADES TWO DIAMONDS FIVE,0.6862,0.0136,0.3002
SPADES JACK DIAMONDS EIGHT,0.6668,0.1136,0.2196
SPADES FIVE DIAMONDS FIVE,0.5062,0.0254,0.4684
SPADES TEN DIAMONDS EIGHT,0.7152,0.0558,0.229
SPADES FOUR DIAMONDS FIVE,0.6514,0.0158,0.3328
HEARTS JACK CLUBS QUEEN,0.2652,0.037,0.6978
CLUBS NINE DIAMONDS FIVE,0.6994,0.0136,0.287
HEARTS JACK CLUBS KING,0.289,0.0318,0.6792
CLUBS EIGHT DIAMONDS FIVE,0.6786,0.014,0.3074
HEARTS JACK CLUBS ACE,0.2958,0.0224,0.6818
SPADES SEVEN DIAMONDS FIVE,0.6584,0.0146,0.327
SPADES KING DIAMONDS EIGHT,0.4736,0.0082,0.5182
SPADES QUEEN DIAMONDS EIGHT,0.4796,0.0072,0.5132
SPADES SIX DIAMONDS FIVE,0.6692,0.0144,0.3164
SPADES NINE DIAMONDS FIVE,0.6878,0.014,0.2982
SPADES EIGHT DIAMONDS FIVE,0.6802,0.0122,0.3076
SPADES ACE DIAMONDS EIGHT,0.478,0.003,0.519
DIAMONDS TEN DIAMONDS SIX,0.687,0.056,0.257
HEARTS ACE DIAMONDS SEVEN,0.4896,0.0034,0.507
DIAMONDS JACK DIAMONDS SIX,0.629,0.1104,0.2606
HEARTS QUEEN DIAMONDS SEVEN,0.4796,0.0064,0.514
HEARTS KING DIAMONDS SEVEN,0.4814,0.005,0.5136
DIAMONDS ACE DIAMONDS SIX,0.4596,0.005,0.5354
HEARTS FOUR DIAMONDS SIX,0.67,0.013,0.317
HEARTS JACK SPADES TWO,0.6778,0.1166,0.2056
HEARTS FIVE DIAMONDS SIX,0.659,0.017,0.324
SPADES TWO HEARTS TEN,0.7444,0.0524,0.2032
DIAMONDS QUEEN DIAMONDS SIX,0.4594,0.0054,0.5352
HEARTS TWO DIAMONDS SIX,0.6864,0.0138,0.2998
DIAMONDS KING DIAMONDS SIX,0.459,0.0062,0.5348
HEARTS THREE DIAMONDS SIX,0.6656,0.0134,0.321
HEARTS EIGHT DIAMONDS SIX,0.674,0.0124,0.3136
HEARTS NINE DIAMONDS SIX,0.689,0.0166,0.2944
HEARTS SIX DIAMONDS SIX,0.5174,0.0242,0.4584
HEARTS SEVEN DIAMONDS SIX,0.6488,0.012,0.3392
HEARTS TEN DIAMONDS SEVEN,0.7202,0.0492,0.2306
CLUBS TWO DIAMONDS SIX,0.675,0.0136,0.3114
HEARTS JACK DIAMONDS SEVEN,0.6558,0.1254,0.2188
CLUBS THREE DIAMONDS SIX,0.6668,0.0138,0.3194
CLUBS SEVEN DIAMONDS SIX,0.6552,0.0124,0.3324
CLUBS SIX DIAMONDS SIX,0.493,0.0232,0.4838
CLUBS FIVE DIAMONDS SIX,0.6666,0.0116,0.3218
CLUBS FOUR DIAMONDS SIX,0.6544,0.0152,0.3304
HEARTS ACE HEARTS JACK,0.3,0.0184,0.6816
DIAMONDS EIGHT CLUBS ACE,0.4636,0.0048,0.5316
HEARTS JACK HEARTS QUEEN,0.2708,0.0306,0.6986
DIAMONDS EIGHT CLUBS KING,0.4728,0.0062,0.521
CLUBS NINE DIAMONDS SIX,0.6874,0.0142,0.2984
HEARTS KING HEARTS JACK,0.2922,0.0248,0.683
DIAMONDS EIGHT CLUBS QUEEN,0.4374,0.014,0.5486
CLUBS EIGHT DIAMONDS SIX,0.6556,0.0138,0.3306
SPADES TEN HEARTS KING,0.3096,0.0244,0.666
SPADES FIVE DIAMONDS SIX,0.6606,0.014,0.3254
HEARTS ACE SPADES TWO,0.4802,0.0046,0.5152
SPADES JACK HEARTS KING,0.2948,0.0264,0.6788
SPADES FOUR DIAMONDS SIX,0.675,0.017,0.308
SPADES THREE DIAMONDS SIX,0.6752,0.013,0.3118
HEARTS QUEEN SPADES TWO,0.492,0.009,0.499
SPADES ACE SPADES KING,0.3746,0.0042,0.6212
HEARTS KING SPADES TWO,0.4978,0.0084,0.4938
SPADES TWO DIAMONDS SIX,0.6948,0.0126,0.2926
HEARTS TEN HEARTS EIGHT,0.676,0.0514,0.2726
SPADES NINE DIAMONDS SIX,0.683,0.015,0.302
HEARTS JACK HEARTS EIGHT,0.6272,0.118,0.2548
SPADES EIGHT DIAMONDS SIX,0.6716,0.0134,0.315
SPADES SEVEN DIAMONDS SIX,0.6634,0.0124,0.3242
SPADES SIX DIAMONDS SIX,0.5218,0.0194,0.4588
SPADES KING HEARTS KING,0.2082,0.0068,0.785
SPADES QUEEN HEARTS KING,0.3894,0.0058,0.6048
CLUBS ACE CLUBS KING,0.357,0.0046,0.6384
SPADES ACE HEARTS KING,0.395,0.002,0.603
SPADES ACE HEARTS JACK,0.3248,0.0176,0.6576
SPADES QUEEN HEARTS JACK,0.2884,0.0402,0.6714
SPADES KING HEARTS JACK,0.3032,0.0288,0.668
SPADES TEN DIAMONDS TEN,0.362,0.0298,0.6082
SPADES JACK DIAMONDS TEN,0.081,0.898,0.021
SPADES ACE DIAMONDS TEN,0.3272,0.0168,0.656
SPADES JACK HEARTS JACK,0.2022,0.0344,0.7634
SPADES TEN HEARTS JACK,0.0696,0.9014,0.029
SPADES QUEEN DIAMONDS TEN,0.3008,0.0352,0.664
SPADES KING DIAMONDS TEN,0.317,0.0256,0.6574
SPADES NINE DIAMONDS SEVEN,0.6772,0.0128,0.31
SPADES EIGHT DIAMONDS SEVEN,0.6614,0.0126,0.326
SPADES SEVEN DIAMONDS SEVEN,0.4926,0.0228,0.4846
SPADES SIX DIAMONDS SEVEN,0.6798,0.0114,0.3088
DIAMONDS KING DIAMONDS SEVEN,0.4508,0.0068,0.5424
HEARTS THREE DIAMONDS SEVEN,0.6826,0.0138,0.3036
HEARTS KING DIAMONDS FIVE,0.4834,0.006,0.5106
DIAMONDS QUEEN DIAMONDS SEVEN,0.4462,0.0084,0.5454
HEARTS TWO DIAMONDS SEVEN,0.6962,0.0156,0.2882
HEARTS QUEEN DIAMONDS FIVE,0.482,0.008,0.51
HEARTS FIVE DIAMONDS SEVEN,0.6588,0.0104,0.3308
DIAMONDS ACE DIAMONDS SEVEN,0.456,0.0036,0.5404
HEARTS FOUR DIAMONDS SEVEN,0.6824,0.0134,0.3042
HEARTS ACE DIAMONDS FIVE,0.4784,0.004,0.5176
HEARTS SEVEN DIAMONDS SEVEN,0.495,0.0222,0.4828
HEARTS SIX DIAMONDS SEVEN,0.6624,0.0132,0.3244
HEARTS NINE DIAMONDS SEVEN,0.667,0.0164,0.3166
DIAMONDS SEVEN HEARTS EIGHT,0.6426,0.0136,0.3438
DIAMONDS JACK DIAMONDS SEVEN,0.6276,0.1084,0.264
HEARTS JACK DIAMONDS FIVE,0.6704,0.1138,0.2158
DIAMONDS TEN DIAMONDS SEVEN,0.672,0.0548,0.2732
DIAMONDS FIVE HEARTS TEN,0.7402,0.0534,0.2064
SPADES KING CLUBS TWO,0.4888,0.0074,0.5038
HEARTS KING CLUBS KING,0.2054,0.009,0.7856
CLUBS EIGHT DIAMONDS SEVEN,0.6578,0.0124,0.3298
SPADES QUEEN CLUBS TWO,0.4912,0.0118,0.497
HEARTS KING CLUBS QUEEN,0.3666,0.0056,0.6278
CLUBS NINE DIAMONDS SEVEN,0.664,0.013,0.323
SPADES ACE CLUBS TWO,0.482,0.0038,0.5142
HEARTS KING CLUBS ACE,0.386,0.0038,0.6102
CLUBS SIX CLUBS SEVEN,0.6492,0.0134,0.3374
SPADES TWO CLUBS KING,0.4766,0.0062,0.5172
SPADES TWO DIAMONDS SEVEN,0.7032,0.0138,0.283
CLUBS EIGHT CLUBS SIX,0.664,0.0184,0.3176
SPADES THREE DIAMONDS SEVEN,0.6744,0.0172,0.3084
SPADES TWO CLUBS QUEEN,0.4718,0.0084,0.5198
CLUBS NINE CLUBS SIX,0.6748,0.0164,0.3088
SPADES FOUR DIAMONDS SEVEN,0.6844,0.0128,0.3028
SPADES FIVE DIAMONDS SEVEN,0.6576,0.0138,0.3286
SPADES TWO CLUBS ACE,0.4804,0.005,0.5146
CLUBS SIX SPADES TWO,0.6812,0.013,0.3058
CLUBS SIX SPADES THREE,0.6712,0.0176,0.3112
CLUBS TWO DIAMONDS SEVEN,0.701,0.016,0.283
CLUBS SIX SPADES FOUR,0.6458,0.0162,0.338
CLUBS THREE DIAMONDS SEVEN,0.6872,0.0132,0.2996
CLUBS SIX SPADES FIVE,0.6498,0.0174,0.3328
CLUBS FOUR DIAMONDS SEVEN,0.6584,0.0148,0.3268
CLUBS SIX SPADES SIX,0.4914,0.0246,0.484
CLUBS FIVE DIAMONDS SEVEN,0.6594,0.0154,0.3252
CLUBS SIX SPADES SEVEN,0.6506,0.0138,0.3356
CLUBS SIX DIAMONDS SEVEN,0.6572,0.0134,0.3294
CLUBS SIX SPADES EIGHT,0.6518,0.0138,0.3344
SPADES JACK CLUBS TWO,0.6542,0.1222,0.2236
CLUBS SIX SPADES NINE,0.6788,0.0138,0.3074
SPADES TEN CLUBS TWO,0.724,0.0636,0.2124
CLUBS SEVEN DIAMONDS SEVEN,0.4964,0.0244,0.4792
CLUBS TWO CLUBS QUEEN,0.4314,0.0114,0.5572
CLUBS TWO CLUBS KING,0.431,0.0084,0.5606
CLUBS THREE DIAMONDS EIGHT,0.7008,0.015,0.2842
CLUBS TWO CLUBS ACE,0.4372,0.004,0.5588
CLUBS TWO DIAMONDS EIGHT,0.6926,0.0162,0.2912
DIAMONDS EIGHT HEARTS SEVEN,0.6684,0.0114,0.3202
HEARTS SIX DIAMONDS EIGHT,0.6564,0.0132,0.3304
DIAMONDS EIGHT HEARTS NINE,0.6686,0.013,0.3184
DIAMONDS EIGHT HEARTS EIGHT,0.4852,0.0228,0.492
CLUBS NINE DIAMONDS EIGHT,0.6606,0.0152,0.3242
CLUBS EIGHT DIAMONDS EIGHT,0.486,0.029,0.485
CLUBS FIVE DIAMONDS EIGHT,0.6658,0.014,0.3202
SPADES ACE SPADES THREE,0.4602,0.004,0.5358
CLUBS FOUR DIAMONDS EIGHT,0.6678,0.0154,0.3168
SPADES QUEEN SPADES THREE,0.4612,0.0112,0.5276
CLUBS SEVEN DIAMONDS EIGHT,0.6588,0.0112,0.33
CLUBS SIX DIAMONDS EIGHT,0.6552,0.016,0.3288
SPADES KING SPADES THREE,0.46,0.0072,0.5328
DIAMONDS QUEEN DIAMONDS EIGHT,0.436,0.009,0.555
HEARTS TWO DIAMONDS EIGHT,0.7026,0.0154,0.282
DIAMONDS KING DIAMONDS EIGHT,0.4454,0.0076,0.547
HEARTS THREE DIAMONDS EIGHT,0.6956,0.0126,0.2918
DIAMONDS ACE DIAMONDS EIGHT,0.4506,0.0044,0.545
HEARTS FOUR DIAMONDS EIGHT,0.6844,0.015,0.3006
HEARTS FIVE DIAMONDS EIGHT,0.673,0.0146,0.3124
DIAMONDS EIGHT DIAMONDS TEN,0.6692,0.048,0.2828
DIAMONDS EIGHT DIAMONDS JACK,0.6336,0.113,0.2534
SPADES JACK SPADES THREE,0.6408,0.1102,0.249
SPADES TEN SPADES THREE,0.688,0.0522,0.2598
CLUBS FOUR HEARTS ACE,0.4762,0.0042,0.5196
CLUBS FOUR HEARTS QUEEN,0.4806,0.0102,0.5092
CLUBS FOUR HEARTS KING,0.4632,0.0068,0.53
CLUBS SIX HEARTS TEN,0.7204,0.0562,0.2234
CLUBS SIX HEARTS JACK,0.6812,0.1116,0.2072
DIAMONDS EIGHT SPADES FOUR,0.6922,0.0132,0.2946
SPADES FIVE DIAMONDS EIGHT,0.6728,0.0128,0.3144
DIAMONDS EIGHT SPADES TWO,0.7066,0.0154,0.278
DIAMONDS EIGHT SPADES THREE,0.6986,0.0156,0.2858
CLUBS FOUR HEARTS JACK,0.6606,0.1222,0.2172
SPADES EIGHT DIAMONDS EIGHT,0.477,0.0228,0.5002
SPADES TEN DIAMONDS QUEEN,0.3084,0.0384,0.6532
SPADES TEN HEARTS TWO,0.7372,0.0588,0.204
SPADES JACK HEARTS EIGHT,0.6646,0.1184,0.217
CLUBS FOUR HEARTS TEN,0.7232,0.0538,0.223
SPADES NINE DIAMONDS EIGHT,0.6634,0.015,0.3216
SPADES TEN HEARTS EIGHT,0.709,0.0516,0.2394
SPADES JACK HEARTS TWO,0.6584,0.1222,0.2194
SPADES JACK DIAMONDS QUEEN,0.2942,0.0358,0.67
SPADES SIX DIAMONDS EIGHT,0.6736,0.011,0.3154
SPADES SEVEN DIAMONDS EIGHT,0.6512,0.0128,0.336
SPADES ACE HEARTS TWO,0.4908,0.0072,0.502
SPADES ACE DIAMONDS QUEEN,0.4182,0.0028,0.579
SPADES ACE HEARTS EIGHT,0.4696,0.0048,0.5256
SPADES KING HEARTS EIGHT,0.4676,0.0064,0.526
SPADES QUEEN HEARTS TWO,0.4842,0.0102,0.5056
SPADES QUEEN DIAMONDS QUEEN,0.2036,0.0106,0.7858
SPADES KING DIAMONDS QUEEN,0.3984,0.0052,0.5964
SPADES KING HEARTS TWO,0.4802,0.0068,0.513
SPADES QUEEN HEARTS EIGHT,0.4634,0.0082,0.5284
CLUBS TWO HEARTS TEN,0.728,0.0554,0.2166
CLUBS TWO HEARTS JACK,0.671,0.1178,0.2112
SPADES SEVEN DIAMONDS NINE,0.683,0.012,0.305
SPADES SIX DIAMONDS NINE,0.6804,0.0118,0.3078
SPADES NINE DIAMONDS NINE,0.4718,0.0232,0.505
SPADES EIGHT DIAMONDS NINE,0.668,0.0126,0.3194
SPADES TEN CLUBS KING,0.3146,0.0248,0.6606
DIAMONDS NINE SPADES THREE,0.7148,0.0128,0.2724
SPADES JACK CLUBS KING,0.3026,0.0286,0.6688
DIAMONDS NINE SPADES TWO,0.7056,0.0138,0.2806
DIAMONDS NINE SPADES FIVE,0.6898,0.0134,0.2968
DIAMONDS NINE SPADES FOUR,0.7004,0.012,0.2876
CLUBS NINE DIAMONDS NINE,0.4804,0.0258,0.4938
CLUBS EIGHT DIAMONDS NINE,0.667,0.0142,0.3188
CLUBS SIX DIAMONDS NINE,0.6758,0.0162,0.308
SPADES JACK CLUBS FOUR,0.6646,0.1206,0.2148
SPADES TEN CLUBS FOUR,0.7284,0.0546,0.217
CLUBS SEVEN DIAMONDS NINE,0.666,0.0148,0.3192
CLUBS FOUR DIAMONDS NINE,0.7104,0.013,0.2766
CLUBS FIVE DIAMONDS NINE,0.6874,0.0146,0.298
CLUBS TWO DIAMONDS NINE,0.7048,0.017,0.2782
CLUBS THREE DIAMONDS NINE,0.698,0.0154,0.2866
DIAMONDS NINE HEARTS EIGHT,0.6648,0.0124,0.3228
DIAMONDS NINE HEARTS NINE,0.4692,0.0232,0.5076
HEARTS SIX DIAMONDS NINE,0.6832,0.0126,0.3042
DIAMONDS NINE HEARTS SEVEN,0.6744,0.0156,0.31
CLUBS EIGHT CLUBS NINE,0.6678,0.015,0.3172
DIAMONDS ACE DIAMONDS NINE,0.4476,0.0042,0.5482
HEARTS FOUR DIAMONDS NINE,0.7078,0.0146,0.2776
HEARTS FIVE DIAMONDS NINE,0.6916,0.0132,0.2952
CLUBS TWO HEARTS ACE,0.488,0.0064,0.5056
SPADES ACE CLUBS FOUR,0.4756,0.0044,0.52
DIAMONDS QUEEN DIAMONDS NINE,0.4248,0.0106,0.5646
HEARTS TWO DIAMONDS NINE,0.7048,0.0124,0.2828
CLUBS TWO HEARTS KING,0.488,0.0078,0.5042
SPADES KING CLUBS FOUR,0.48,0.0074,0.5126
DIAMONDS KING DIAMONDS NINE,0.4354,0.0078,0.5568
HEARTS THREE DIAMONDS NINE,0.7034,0.0154,0.2812
CLUBS TWO HEARTS QUEEN,0.4724,0.009,0.5186
SPADES QUEEN CLUBS FOUR,0.4848,0.0098,0.5054
DIAMONDS NINE DIAMONDS JACK,0.6296,0.1054,0.265
CLUBS EIGHT SPADES NINE,0.6572,0.0142,0.3286
DIAMONDS NINE DIAMONDS TEN,0.6728,0.05,0.2772
CLUBS EIGHT SPADES EIGHT,0.4748,0.0248,0.5004
CLUBS EIGHT SPADES SEVEN,0.671,0.0102,0.3188
CLUBS EIGHT SPADES SIX,0.6554,0.0156,0.329
CLUBS EIGHT SPADES FIVE,0.6768,0.0132,0.31
CLUBS EIGHT SPADES FOUR,0.6812,0.016,0.3028
CLUBS EIGHT SPADES THREE,0.7032,0.012,0.2848
CLUBS EIGHT SPADES TWO,0.6974,0.0156,0.287
HEARTS SIX DIAMONDS TEN,0.7368,0.0496,0.2136
DIAMONDS TEN HEARTS SEVEN,0.7204,0.0548,0.2248
DIAMONDS TEN HEARTS EIGHT,0.7088,0.0498,0.2414
DIAMONDS TEN HEARTS NINE,0.723,0.0534,0.2236
CLUBS FOUR CLUBS KING,0.4284,0.0086,0.563
CLUBS FOUR CLUBS QUEEN,0.4352,0.0108,0.554
CLUBS TWO DIAMONDS TEN,0.735,0.0548,0.2102
CLUBS THREE DIAMONDS TEN,0.7312,0.055,0.2138
CLUBS FOUR CLUBS ACE,0.4312,0.0076,0.5612
DIAMONDS JACK DIAMONDS TEN,0.0734,0.8512,0.0754
DIAMONDS QUEEN DIAMONDS TEN,0.2784,0.035,0.6866
HEARTS TWO DIAMONDS TEN,0.7364,0.0562,0.2074
DIAMONDS KING DIAMONDS TEN,0.2968,0.0242,0.679
HEARTS THREE DIAMONDS TEN,0.7388,0.0506,0.2106
DIAMONDS ACE DIAMONDS TEN,0.3082,0.0174,0.6744
HEARTS FOUR DIAMONDS TEN,0.731,0.0562,0.2128
CLUBS EIGHT HEARTS JACK,0.6618,0.1136,0.2246
HEARTS FIVE DIAMONDS TEN,0.7162,0.0554,0.2284
CLUBS EIGHT HEARTS TEN,0.723,0.0588,0.2182
CLUBS EIGHT HEARTS QUEEN,0.467,0.0088,0.5242
CLUBS EIGHT HEARTS KING,0.4786,0.0072,0.5142
CLUBS EIGHT HEARTS ACE,0.47,0.0056,0.5244
CLUBS NINE SPADES THREE,0.704,0.0146,0.2814
CLUBS NINE SPADES TWO,0.6944,0.0164,0.2892
CLUBS NINE SPADES FIVE,0.6874,0.0142,0.2984
CLUBS NINE SPADES FOUR,0.7122,0.0136,0.2742
CLUBS NINE SPADES SEVEN,0.6686,0.0148,0.3166
CLUBS NINE SPADES SIX,0.6708,0.0144,0.3148
CLUBS NINE SPADES NINE,0.4714,0.0264,0.5022
CLUBS NINE SPADES EIGHT,0.66,0.0146,0.3254
CLUBS QUEEN HEARTS EIGHT,0.4462,0.0106,0.5432
CLUBS KING HEARTS EIGHT,0.4576,0.0074,0.535
CLUBS ACE HEARTS EIGHT,0.4724,0.0054,0.5222
SPADES KING CLUBS KING,0.1934,0.0086,0.798
SPADES QUEEN CLUBS KING,0.3862,0.0102,0.6036
SPADES ACE CLUBS KING,0.3956,0.005,0.5994
DIAMONDS ACE HEARTS TEN,0.33,0.0166,0.6534
HEARTS FOUR HEARTS TEN,0.6838,0.0522,0.264
DIAMONDS ACE HEARTS JACK,0.315,0.021,0.664
HEARTS FOUR HEARTS JACK,0.6262,0.1128,0.261
SPADES KING CLUBS FIVE,0.4902,0.009,0.5008
SPADES QUEEN CLUBS FIVE,0.4976,0.0108,0.4916
SPADES ACE CLUBS FIVE,0.4744,0.0048,0.5208
DIAMONDS JACK HEARTS SEVEN,0.6592,0.1214,0.2194
HEARTS SIX DIAMONDS JACK,0.6706,0.1134,0.216
DIAMONDS JACK HEARTS NINE,0.6536,0.1218,0.2246
DIAMONDS JACK HEARTS EIGHT,0.6806,0.1106,0.2088
DIAMONDS KING DIAMONDS JACK,0.2848,0.0268,0.6884
HEARTS THREE DIAMONDS JACK,0.6768,0.1122,0.211
SPADES ACE SPADES SIX,0.4628,0.0046,0.5326
HEARTS ACE SPADES FOUR,0.4706,0.0036,0.5258
DIAMONDS QUEEN DIAMONDS JACK,0.28,0.037,0.683
HEARTS TWO DIAMONDS JACK,0.6764,0.1154,0.2082
HEARTS FIVE DIAMONDS JACK,0.661,0.1124,0.2266
SPADES QUEEN SPADES SIX,0.4628,0.0084,0.5288
SPADES FOUR HEARTS QUEEN,0.4966,0.0116,0.4918
DIAMONDS ACE DIAMONDS JACK,0.3046,0.0172,0.6782
HEARTS FOUR DIAMONDS JACK,0.6718,0.1154,0.2128
SPADES KING SPADES SIX,0.4654,0.0042,0.5304
HEARTS KING SPADES FOUR,0.487,0.0058,0.5072
SPADES TEN SPADES SIX,0.6918,0.0494,0.2588
SPADES JACK SPADES SIX,0.6308,0.1096,0.2596
SPADES FOUR DIAMONDS JACK,0.6514,0.1234,0.2252
SPADES FIVE DIAMONDS JACK,0.6616,0.1206,0.2178
DIAMONDS JACK SPADES TWO,0.6794,0.109,0.2116
DIAMONDS JACK SPADES THREE,0.665,0.1152,0.2198
SPADES ACE DIAMONDS THREE,0.4814,0.0048,0.5138
SPADES QUEEN DIAMONDS THREE,0.4854,0.01,0.5046
CLUBS EIGHT DIAMONDS JACK,0.6558,0.1144,0.2298
SPADES KING DIAMONDS THREE,0.4846,0.006,0.5094
CLUBS NINE DIAMONDS JACK,0.6586,0.1194,0.222
CLUBS SIX DIAMONDS JACK,0.663,0.124,0.213
CLUBS SEVEN DIAMONDS JACK,0.6632,0.115,0.2218
CLUBS FOUR DIAMONDS JACK,0.6652,0.1158,0.219
CLUBS FIVE DIAMONDS JACK,0.6544,0.115,0.2306
CLUBS TWO DIAMONDS JACK,0.68,0.1186,0.2014
CLUBS THREE DIAMONDS JACK,0.6604,0.1194,0.2202
SPADES TEN CLUBS FIVE,0.7282,0.054,0.2178
HEARTS SIX SPADES JACK,0.6624,0.1228,0.2148
HEARTS SIX SPADES TEN,0.7286,0.0544,0.217
SPADES JACK CLUBS FIVE,0.669,0.106,0.225
SPADES JACK DIAMONDS THREE,0.6696,0.1122,0.2182
CLUBS SEVEN CLUBS ACE,0.4258,0.0068,0.5674
DIAMONDS THREE SPADES TEN,0.7326,0.0514,0.216
CLUBS SEVEN CLUBS QUEEN,0.4254,0.0134,0.5612
CLUBS SEVEN CLUBS KING,0.425,0.0056,0.5694
SPADES NINE DIAMONDS JACK,0.6622,0.1104,0.2274
DIAMONDS ACE HEARTS ACE,0.2194,0.0026,0.778
HEARTS FOUR HEARTS ACE,0.4416,0.0048,0.5536
SPADES EIGHT DIAMONDS JACK,0.668,0.1092,0.2228
SPADES ACE HEARTS SIX,0.4832,0.0054,0.5114
DIAMONDS ACE HEARTS KING,0.4062,0.0044,0.5894
HEARTS FOUR HEARTS KING,0.4538,0.0068,0.5394
SPADES SEVEN DIAMONDS JACK,0.663,0.11,0.227
SPADES KING HEARTS SIX,0.4934,0.0058,0.5008
DIAMONDS ACE HEARTS QUEEN,0.407,0.0048,0.5882
HEARTS FOUR HEARTS QUEEN,0.4552,0.0096,0.5352
SPADES QUEEN HEARTS SIX,0.4752,0.0112,0.5136
SPADES SIX DIAMONDS JACK,0.6714,0.1204,0.2082
DIAMONDS TEN SPADES TWO,0.7394,0.0546,0.206
SPADES THREE DIAMONDS TEN,0.7426,0.0506,0.2068
SPADES FOUR DIAMONDS TEN,0.7256,0.0516,0.2228
SPADES FIVE DIAMONDS TEN,0.7264,0.0548,0.2188
SPADES SIX DIAMONDS TEN,0.729,0.0572,0.2138
SPADES SEVEN DIAMONDS TEN,0.71,0.0502,0.2398
SPADES EIGHT DIAMONDS TEN,0.708,0.047,0.245
SPADES NINE DIAMONDS TEN,0.7182,0.0508,0.231
CLUBS FOUR DIAMONDS TEN,0.7222,0.0528,0.225
CLUBS FIVE DIAMONDS TEN,0.7254,0.058,0.2166
CLUBS SIX DIAMONDS TEN,0.7296,0.053,0.2174
CLUBS SEVEN DIAMONDS TEN,0.7206,0.056,0.2234
CLUBS EIGHT DIAMONDS TEN,0.719,0.0534,0.2276
CLUBS NINE DIAMONDS TEN,0.7066,0.0542,0.2392
DIAMONDS THREE CLUBS KING,0.4704,0.0066,0.523
DIAMONDS THREE CLUBS QUEEN,0.4704,0.0092,0.5204
DIAMONDS THREE CLUBS ACE,0.4658,0.0068,0.5274
SPADES FOUR HEARTS JACK,0.6668,0.1186,0.2146
SPADES FOUR HEARTS TEN,0.7378,0.052,0.2102
SPADES FIVE SPADES TWO,0.6262,0.016,0.3578
SPADES FOUR SPADES TWO,0.6302,0.012,0.3578
SPADES THREE SPADES TWO,0.6418,0.0166,0.3416
SPADES NINE SPADES TWO,0.669,0.0108,0.3202
SPADES EIGHT SPADES TWO,0.6674,0.0118,0.3208
SPADES SEVEN SPADES TWO,0.6446,0.0148,0.3406
SPADES SIX SPADES TWO,0.6574,0.0134,0.3292
DIAMONDS QUEEN CLUBS THREE,0.4898,0.0074,0.5028
HEARTS TWO CLUBS THREE,0.6672,0.0182,0.3146
DIAMONDS QUEEN CLUBS TWO,0.4886,0.0098,0.5016
CLUBS TWO HEARTS TWO,0.5058,0.025,0.4692
DIAMONDS QUEEN HEARTS SEVEN,0.4886,0.0072,0.5042
HEARTS TWO HEARTS SEVEN,0.6562,0.0166,0.3272
HEARTS SIX DIAMONDS QUEEN,0.5064,0.0082,0.4854
HEARTS SIX HEARTS TWO,0.6352,0.0158,0.349
DIAMONDS QUEEN HEARTS NINE,0.456,0.0106,0.5334
HEARTS TWO HEARTS NINE,0.6672,0.0128,0.32
DIAMONDS QUEEN HEARTS EIGHT,0.4844,0.0068,0.5088
HEARTS TWO HEARTS EIGHT,0.6596,0.017,0.3234
CLUBS NINE HEARTS TWO,0.7114,0.0126,0.276
CLUBS NINE DIAMONDS QUEEN,0.4506,0.01,0.5394
CLUBS EIGHT HEARTS TWO,0.704,0.0112,0.2848
CLUBS EIGHT DIAMONDS QUEEN,0.4624,0.0082,0.5294
CLUBS FIVE DIAMONDS QUEEN,0.4852,0.0098,0.505
CLUBS FIVE HEARTS TWO,0.6716,0.0158,0.3126
SPADES EIGHT HEARTS ACE,0.4714,0.0026,0.526
CLUBS FOUR DIAMONDS QUEEN,0.4824,0.0088,0.5088
CLUBS FOUR HEARTS TWO,0.6714,0.0138,0.3148
SPADES EIGHT HEARTS QUEEN,0.4676,0.0096,0.5228
CLUBS SEVEN HEARTS TWO,0.7002,0.0152,0.2846
CLUBS SEVEN DIAMONDS QUEEN,0.477,0.0092,0.5138
CLUBS SIX DIAMONDS QUEEN,0.4848,0.009,0.5062
CLUBS SIX HEARTS TWO,0.6774,0.0152,0.3074
SPADES EIGHT HEARTS KING,0.4702,0.0056,0.5242
HEARTS TWO SPADES SIX,0.6858,0.0142,0.3
DIAMONDS QUEEN SPADES SIX,0.4882,0.0078,0.504
HEARTS FOUR CLUBS QUEEN,0.4804,0.011,0.5086
DIAMONDS ACE CLUBS QUEEN,0.3858,0.0048,0.6094
DIAMONDS QUEEN SPADES SEVEN,0.4794,0.0094,0.5112
HEARTS TWO SPADES SEVEN,0.6862,0.0176,0.2962
HEARTS FOUR CLUBS KING,0.4808,0.0082,0.511
DIAMONDS ACE CLUBS KING,0.3974,0.0054,0.5972
DIAMONDS QUEEN SPADES EIGHT,0.4598,0.0076,0.5326
SPADES EIGHT HEARTS TWO,0.7046,0.0152,0.2802
HEARTS FOUR CLUBS ACE,0.4788,0.0038,0.5174
DIAMONDS ACE CLUBS ACE,0.1984,0.0032,0.7984
SPADES NINE DIAMONDS QUEEN,0.4496,0.0086,0.5418
SPADES NINE HEARTS TWO,0.6976,0.0174,0.285
HEARTS TWO SPADES TWO,0.5024,0.0236,0.474
DIAMONDS QUEEN SPADES TWO,0.4982,0.01,0.4918
HEARTS TWO SPADES THREE,0.6604,0.0126,0.327
DIAMONDS QUEEN SPADES THREE,0.493,0.0096,0.4974
HEARTS TWO SPADES FOUR,0.6718,0.016,0.3122
DIAMONDS QUEEN SPADES FOUR,0.488,0.0078,0.5042
HEARTS TWO SPADES FIVE,0.6646,0.0144,0.321
DIAMONDS QUEEN SPADES FIVE,0.49,0.0076,0.5024
CLUBS FIVE CLUBS KING,0.4396,0.0064,0.554
CLUBS FIVE CLUBS QUEEN,0.4454,0.0114,0.5432
CLUBS FIVE CLUBS ACE,0.434,0.007,0.559
SPADES SIX CLUBS KING,0.4802,0.0086,0.5112
SPADES SIX CLUBS QUEEN,0.4842,0.0084,0.5074
SPADES EIGHT HEARTS JACK,0.6636,0.107,0.2294
SPADES SIX CLUBS ACE,0.4788,0.0056,0.5156
SPADES EIGHT HEARTS TEN,0.711,0.0538,0.2352
SPADES QUEEN CLUBS SEVEN,0.4818,0.008,0.5102
SPADES KING CLUBS SEVEN,0.4648,0.008,0.5272
SPADES ACE CLUBS SEVEN,0.472,0.004,0.524
SPADES SIX HEARTS TEN,0.7338,0.0556,0.2106
SPADES SIX HEARTS JACK,0.671,0.1164,0.2126
SPADES SIX HEARTS ACE,0.4942,0.0024,0.5034
SPADES SIX HEARTS KING,0.4854,0.007,0.5076
SPADES SIX HEARTS QUEEN,0.473,0.0092,0.5178
SPADES JACK CLUBS SEVEN,0.6706,0.117,0.2124
CLUBS SEVEN SPADES TEN,0.7182,0.0538,0.228
HEARTS SIX CLUBS QUEEN,0.474,0.0102,0.5158
HEARTS SIX CLUBS KING,0.4782,0.0074,0.5144
HEARTS SIX CLUBS ACE,0.4964,0.006,0.4976
DIAMONDS THREE HEARTS ACE,0.4734,0.0038,0.5228
DIAMONDS THREE HEARTS QUEEN,0.4804,0.01,0.5096
DIAMONDS THREE HEARTS KING,0.4884,0.0064,0.5052
CLUBS FIVE HEARTS JACK,0.6486,0.1198,0.2316
SPADES TEN DIAMONDS ACE,0.326,0.014,0.66
HEARTS FOUR SPADES TEN,0.7368,0.048,0.2152
CLUBS FIVE HEARTS TEN,0.7306,0.0602,0.2092
HEARTS FOUR SPADES JACK,0.6698,0.1116,0.2186
SPADES JACK DIAMONDS ACE,0.317,0.0188,0.6642
SPADES ACE HEARTS FOUR,0.481,0.0052,0.5138
SPADES ACE DIAMONDS ACE,0.2128,0.0026,0.7846
CLUBS FIVE HEARTS ACE,0.4778,0.0036,0.5186
CLUBS FIVE HEARTS KING,0.4754,0.0064,0.5182
HEARTS FOUR SPADES QUEEN,0.4902,0.0084,0.5014
SPADES QUEEN DIAMONDS ACE,0.401,0.005,0.594
CLUBS FIVE HEARTS QUEEN,0.4868,0.0084,0.5048
SPADES KING DIAMONDS ACE,0.416,0.0042,0.5798
HEARTS FOUR SPADES KING,0.4924,0.0072,0.5004
DIAMONDS QUEEN DIAMONDS ACE,0.3792,0.0042,0.6166
HEARTS TWO DIAMONDS ACE,0.493,0.0032,0.5038
HEARTS FOUR DIAMONDS QUEEN,0.4992,0.0088,0.492
HEARTS FOUR HEARTS TWO,0.6304,0.0142,0.3554
DIAMONDS THREE HEARTS TEN,0.7382,0.055,0.2068
SPADES FOUR CLUBS KING,0.4758,0.0092,0.515
HEARTS FIVE DIAMONDS QUEEN,0.4874,0.007,0.5056
HEARTS FIVE HEARTS TWO,0.6344,0.0156,0.35
DIAMONDS THREE HEARTS JACK,0.6782,0.1108,0.211
SPADES FOUR CLUBS QUEEN,0.488,0.0112,0.5008
DIAMONDS QUEEN HEARTS TWO,0.4882,0.008,0.5038
DIAMONDS KING DIAMONDS QUEEN,0.3734,0.0064,0.6202
DIAMONDS KING HEARTS TWO,0.4934,0.007,0.4996
HEARTS THREE DIAMONDS QUEEN,0.4994,0.0122,0.4884
HEARTS THREE HEARTS TWO,0.6318,0.0152,0.353
SPADES FOUR CLUBS ACE,0.4646,0.005,0.5304
HEARTS TWO CLUBS ACE,0.49,0.0044,0.5056
DIAMONDS QUEEN CLUBS ACE,0.3962,0.0058,0.598
HEARTS TWO CLUBS QUEEN,0.472,0.012,0.516
DIAMONDS QUEEN CLUBS QUEEN,0.1826,0.0128,0.8046
HEARTS TWO CLUBS KING,0.4742,0.0074,0.5184
DIAMONDS QUEEN CLUBS KING,0.3716,0.0054,0.623
SPADES EIGHT SPADES FIVE,0.6416,0.0134,0.345
SPADES NINE SPADES FIVE,0.6438,0.0136,0.3426
SPADES SIX SPADES FIVE,0.6216,0.0146,0.3638
SPADES SEVEN SPADES FIVE,0.6206,0.0142,0.3652
DIAMONDS FIVE CLUBS QUEEN,0.4866,0.0108,0.5026
SPADES EIGHT CLUBS ACE,0.4698,0.0042,0.526
DIAMONDS FIVE CLUBS KING,0.4742,0.0066,0.5192
SPADES EIGHT CLUBS KING,0.4568,0.0074,0.5358
DIAMONDS FIVE CLUBS ACE,0.4618,0.006,0.5322
SPADES EIGHT CLUBS QUEEN,0.4408,0.0106,0.5486
HEARTS JACK DIAMONDS TEN,0.071,0.9088,0.0202
DIAMONDS TEN HEARTS TEN,0.3774,0.0328,0.5898
SPADES ACE CLUBS NINE,0.462,0.0048,0.5332
CLUBS NINE SPADES QUEEN,0.4522,0.0098,0.538
SPADES KING CLUBS NINE,0.4564,0.0078,0.5358
HEARTS SIX HEARTS KING,0.4504,0.0058,0.5438
DIAMONDS KING SPADES SEVEN,0.483,0.0086,0.5084
HEARTS THREE SPADES SEVEN,0.6902,0.0152,0.2946
SPADES KING DIAMONDS SEVEN,0.4716,0.0068,0.5216
HEARTS SIX HEARTS QUEEN,0.4596,0.009,0.5314
SPADES QUEEN DIAMONDS SEVEN,0.4786,0.0094,0.512
HEARTS THREE SPADES SIX,0.6792,0.0152,0.3056
DIAMONDS KING SPADES SIX,0.4846,0.0066,0.5088
DIAMONDS KING SPADES NINE,0.456,0.0078,0.5362
HEARTS THREE SPADES NINE,0.7028,0.0124,0.2848
HEARTS SIX HEARTS ACE,0.4626,0.0042,0.5332
DIAMONDS KING SPADES EIGHT,0.4806,0.0068,0.5126
HEARTS THREE SPADES EIGHT,0.7096,0.012,0.2784
SPADES ACE DIAMONDS SEVEN,0.483,0.003,0.514
CLUBS NINE HEARTS THREE,0.705,0.0136,0.2814
CLUBS NINE DIAMONDS KING,0.4488,0.0088,0.5424
CLUBS EIGHT HEARTS THREE,0.7106,0.0128,0.2766
CLUBS EIGHT DIAMONDS KING,0.4644,0.006,0.5296
HEARTS THREE SPADES THREE,0.5042,0.0298,0.466
DIAMONDS KING SPADES THREE,0.4832,0.0052,0.5116
HEARTS THREE SPADES TWO,0.6846,0.0128,0.3026
DIAMONDS KING SPADES TWO,0.4914,0.0068,0.5018
HEARTS THREE SPADES FIVE,0.6638,0.0142,0.322
DIAMONDS KING SPADES FIVE,0.4944,0.007,0.4986
