opposingHand,winningChance,drawChance,lostChance
CLUBS SIX HEARTS TEN
HEARTS FIVE SPADES TEN,0.4012,0.3764,0.2224
SPADES JACK HEARTS FIVE,0.4004,0.0172,0.5824
CLUBS JACK SPADES FIVE,0.3862,0.0172,0.5966
CLUBS TEN SPADES FIVE,0.405,0.3736,0.2214
CLUBS JACK CLUBS EIGHT,0.3282,0.0158,0.656
CLUBS TEN CLUBS EIGHT,0.2108,0.216,0.5732
CLUBS EIGHT CLUBS KING,0.3634,0.0082,0.6284
SPADES FIVE CLUBS ACE,0.3928,0.005,0.6022
CLUBS EIGHT CLUBS QUEEN,0.3486,0.0116,0.6398
SPADES FIVE CLUBS KING,0.3988,0.0062,0.595
SPADES FIVE CLUBS QUEEN,0.3902,0.0106,0.5992
CLUBS EIGHT CLUBS ACE,0.3346,0.0042,0.6612
DIAMONDS TWO DIAMONDS THREE,0.5954,0.0306,0.374
DIAMONDS TWO DIAMONDS FIVE,0.5774,0.0308,0.3918
SPADES KING HEARTS FIVE,0.4106,0.005,0.5844
DIAMONDS TWO DIAMONDS FOUR,0.5898,0.0302,0.38
SPADES QUEEN HEARTS FIVE,0.4162,0.012,0.5718
DIAMONDS TWO DIAMONDS SEVEN,0.5912,0.0268,0.382
DIAMONDS TWO DIAMONDS SIX,0.64,0.0798,0.2802
SPADES ACE HEARTS FIVE,0.4184,0.0056,0.576
DIAMONDS TWO DIAMONDS NINE,0.596,0.0254,0.3786
DIAMONDS TWO DIAMONDS EIGHT,0.5904,0.0248,0.3848
DIAMONDS THREE DIAMONDS FOUR,0.5646,0.028,0.4074
CLUBS TWO SPADES FOUR,0.6356,0.0284,0.336
DIAMONDS THREE DIAMONDS FIVE,0.5782,0.028,0.3938
SPADES FIVE CLUBS TWO,0.6314,0.0286,0.34
CLUBS TWO SPADES TWO,0.4104,0.059,0.5306
CLUBS TWO SPADES THREE,0.6358,0.0302,0.334
DIAMONDS THREE DIAMONDS EIGHT,0.5804,0.0294,0.3902
SPADES EIGHT CLUBS TWO,0.6366,0.0292,0.3342
DIAMONDS THREE DIAMONDS NINE,0.5806,0.0232,0.3962
SPADES NINE CLUBS TWO,0.6236,0.0278,0.3486
DIAMONDS THREE DIAMONDS SIX,0.6244,0.0858,0.2898
SPADES SIX CLUBS TWO,0.6864,0.0876,0.226
DIAMONDS THREE DIAMONDS SEVEN,0.585,0.027,0.388
SPADES SEVEN CLUBS TWO,0.636,0.0268,0.3372
CLUBS SEVEN CLUBS TWO,0.5898,0.0286,0.3816
CLUBS FOUR CLUBS TWO,0.6004,0.0296,0.37
CLUBS FIVE CLUBS TWO,0.5894,0.0248,0.3858
CLUBS TEN CLUBS JACK,0.211,0.0606,0.7284
DIAMONDS FOUR DIAMONDS SIX,0.6086,0.0794,0.312
CLUBS TEN CLUBS QUEEN,0.2312,0.04,0.7288
DIAMONDS FOUR DIAMONDS SEVEN,0.5644,0.0254,0.4102
CLUBS TEN CLUBS KING,0.2378,0.0374,0.7248
CLUBS TEN CLUBS ACE,0.226,0.0214,0.7526
CLUBS EIGHT CLUBS TWO,0.5882,0.0308,0.381
DIAMONDS FIVE DIAMONDS FOUR,0.57,0.026,0.404
CLUBS NINE CLUBS TWO,0.5932,0.0278,0.379
DIAMONDS NINE DIAMONDS FOUR,0.5816,0.0238,0.3946
DIAMONDS EIGHT DIAMONDS FOUR,0.591,0.0284,0.3806
CLUBS THREE CLUBS TWO,0.5988,0.0266,0.3746
DIAMONDS NINE DIAMONDS FIVE,0.5856,0.0254,0.389
CLUBS JACK DIAMONDS TWO,0.3954,0.019,0.5856
DIAMONDS EIGHT DIAMONDS FIVE,0.5662,0.025,0.4088
CLUBS TEN DIAMONDS TWO,0.396,0.3824,0.2216
DIAMONDS FIVE DIAMONDS SEVEN,0.5546,0.0214,0.424
DIAMONDS FIVE DIAMONDS SIX,0.6098,0.0766,0.3136
DIAMONDS TWO CLUBS ACE,0.4026,0.004,0.5934
DIAMONDS TWO CLUBS KING,0.4168,0.009,0.5742
DIAMONDS TWO CLUBS QUEEN,0.4074,0.0128,0.5798
DIAMONDS EIGHT DIAMONDS SIX,0.6158,0.0748,0.3094
DIAMONDS NINE DIAMONDS SIX,0.6356,0.0652,0.2992
HEARTS ACE SPADES THREE,0.416,0.0044,0.5796
SPADES THREE HEARTS KING,0.4132,0.0058,0.581
DIAMONDS SEVEN DIAMONDS SIX,0.6168,0.0728,0.3104
HEARTS QUEEN SPADES THREE,0.4046,0.01,0.5854
SPADES THREE HEARTS JACK,0.3956,0.0162,0.5882
DIAMONDS EIGHT DIAMONDS SEVEN,0.5124,0.0232,0.4644
DIAMONDS NINE DIAMONDS SEVEN,0.5188,0.0304,0.4508
DIAMONDS NINE DIAMONDS EIGHT,0.5278,0.021,0.4512
DIAMONDS KING HEARTS JACK,0.3278,0.0058,0.6664
HEARTS THREE HEARTS JACK,0.3808,0.0174,0.6018
SPADES JACK SPADES FIVE,0.389,0.0156,0.5954
SPADES TEN SPADES FIVE,0.3806,0.3526,0.2668
DIAMONDS KING HEARTS ACE,0.34,0.0034,0.6566
HEARTS THREE HEARTS ACE,0.3786,0.005,0.6164
DIAMONDS KING HEARTS QUEEN,0.3218,0.0072,0.671
HEARTS THREE HEARTS QUEEN,0.3786,0.0138,0.6076
DIAMONDS KING HEARTS KING,0.15,0.0098,0.8402
HEARTS THREE HEARTS KING,0.3952,0.0086,0.5962
SPADES NINE HEARTS JACK,0.3398,0.0164,0.6438
SPADES QUEEN SPADES FIVE,0.38,0.011,0.609
SPADES KING SPADES FIVE,0.3904,0.0084,0.6012
SPADES ACE SPADES FIVE,0.3836,0.0042,0.6122
SPADES NINE HEARTS QUEEN,0.3564,0.0092,0.6344
SPADES NINE HEARTS KING,0.3642,0.0078,0.628
SPADES NINE HEARTS ACE,0.3488,0.003,0.6482
CLUBS TEN SPADES JACK,0.2182,0.058,0.7238
CLUBS TEN SPADES TEN,0.0942,0.0538,0.852
SPADES ACE CLUBS TEN,0.2336,0.0232,0.7432
CLUBS TEN SPADES KING,0.2412,0.034,0.7248
CLUBS TEN SPADES QUEEN,0.2358,0.0438,0.7204
SPADES FIVE HEARTS QUEEN,0.3842,0.0086,0.6072
SPADES FIVE HEARTS KING,0.3844,0.0086,0.607
HEARTS ACE SPADES FIVE,0.4048,0.004,0.5912
CLUBS EIGHT SPADES TEN,0.2102,0.2218,0.568
HEARTS THREE SPADES JACK,0.4068,0.0174,0.5758
SPADES JACK DIAMONDS KING,0.3216,0.0046,0.6738
SPADES TEN DIAMONDS KING,0.2434,0.0342,0.7224
HEARTS THREE SPADES TEN,0.4006,0.3854,0.214
CLUBS EIGHT SPADES JACK,0.3464,0.0122,0.6414
SPADES ACE CLUBS EIGHT,0.348,0.0036,0.6484
CLUBS JACK HEARTS FIVE,0.4006,0.0208,0.5786
CLUBS TEN HEARTS FIVE,0.4078,0.3846,0.2076
SPADES QUEEN CLUBS EIGHT,0.355,0.0128,0.6322
CLUBS TEN SPADES THREE,0.385,0.3828,0.2322
SPADES KING CLUBS EIGHT,0.372,0.0098,0.6182
CLUBS JACK SPADES THREE,0.3938,0.016,0.5902
DIAMONDS TWO HEARTS JACK,0.4004,0.0172,0.5824
SPADES THREE CLUBS QUEEN,0.4028,0.014,0.5832
SPADES THREE CLUBS KING,0.4192,0.0062,0.5746
HEARTS FIVE CLUBS ACE,0.3928,0.0052,0.602
SPADES THREE CLUBS ACE,0.3964,0.0062,0.5974
HEARTS FIVE CLUBS KING,0.3976,0.0118,0.5906
SPADES FIVE HEARTS JACK,0.4032,0.017,0.5798
HEARTS FIVE CLUBS QUEEN,0.4002,0.0136,0.5862
HEARTS THREE CLUBS KING,0.4148,0.0108,0.5744
DIAMONDS KING CLUBS KING,0.1528,0.0098,0.8374
HEARTS THREE CLUBS QUEEN,0.4158,0.0124,0.5718
DIAMONDS KING CLUBS QUEEN,0.3322,0.0058,0.662
HEARTS FIVE HEARTS JACK,0.3856,0.0164,0.598
HEARTS THREE CLUBS ACE,0.4096,0.0046,0.5858
DIAMONDS KING CLUBS ACE,0.3376,0.004,0.6584
SPADES ACE CLUBS QUEEN,0.327,0.0024,0.6706
SPADES KING CLUBS QUEEN,0.3288,0.0056,0.6656
CLUBS JACK HEARTS THREE,0.394,0.016,0.59
CLUBS JACK DIAMONDS KING,0.3094,0.0084,0.6822
SPADES QUEEN CLUBS QUEEN,0.154,0.0172,0.8288
CLUBS TEN HEARTS THREE,0.4072,0.3888,0.204
CLUBS TEN DIAMONDS KING,0.2388,0.0356,0.7256
SPADES JACK CLUBS QUEEN,0.308,0.0134,0.6786
SPADES TEN CLUBS QUEEN,0.2342,0.046,0.7198
HEARTS FIVE HEARTS KING,0.388,0.0088,0.6032
HEARTS FIVE HEARTS QUEEN,0.3834,0.0102,0.6064
HEARTS FIVE HEARTS ACE,0.3838,0.0056,0.6106
SPADES SEVEN HEARTS JACK,0.368,0.02,0.612
DIAMONDS TWO CLUBS TWO,0.4232,0.0624,0.5144
DIAMONDS TWO CLUBS THREE,0.629,0.0294,0.3416
HEARTS SIX DIAMONDS TWO,0.6724,0.0898,0.2378
DIAMONDS TWO HEARTS QUEEN,0.4096,0.0102,0.5802
DIAMONDS TWO HEARTS SEVEN,0.6354,0.0268,0.3378
DIAMONDS TWO HEARTS KING,0.4104,0.0068,0.5828
DIAMONDS TWO HEARTS EIGHT,0.6198,0.0266,0.3536
DIAMONDS TWO HEARTS ACE,0.4086,0.0048,0.5866
DIAMONDS TWO HEARTS NINE,0.6448,0.0268,0.3284
DIAMONDS TWO DIAMONDS QUEEN,0.3938,0.0096,0.5966
DIAMONDS TWO HEARTS TWO,0.4128,0.0572,0.53
DIAMONDS TWO DIAMONDS KING,0.3742,0.006,0.6198
HEARTS THREE DIAMONDS TWO,0.6468,0.029,0.3242
DIAMONDS TWO DIAMONDS ACE,0.372,0.0042,0.6238
HEARTS FOUR DIAMONDS TWO,0.6356,0.0308,0.3336
DIAMONDS TWO HEARTS FIVE,0.6338,0.0296,0.3366
SPADES SEVEN HEARTS ACE,0.3568,0.0034,0.6398
DIAMONDS TWO DIAMONDS TEN,0.3822,0.3576,0.2602
SPADES SEVEN HEARTS KING,0.3748,0.0062,0.619
DIAMONDS TWO DIAMONDS JACK,0.3772,0.0176,0.6052
SPADES SEVEN HEARTS QUEEN,0.3664,0.0106,0.623
DIAMONDS TWO SPADES NINE,0.6256,0.024,0.3504
DIAMONDS TWO SPADES EIGHT,0.6276,0.0246,0.3478
DIAMONDS TWO SPADES SEVEN,0.6262,0.0276,0.3462
DIAMONDS TWO SPADES SIX,0.6788,0.0866,0.2346
DIAMONDS TWO SPADES FIVE,0.6318,0.027,0.3412
DIAMONDS TWO SPADES FOUR,0.6208,0.032,0.3472
DIAMONDS TWO SPADES THREE,0.6298,0.0278,0.3424
DIAMONDS TWO SPADES TWO,0.4182,0.0586,0.5232
DIAMONDS TWO CLUBS NINE,0.6276,0.0254,0.347
CLUBS EIGHT DIAMONDS TWO,0.615,0.0258,0.3592
DIAMONDS TWO CLUBS SEVEN,0.6234,0.0296,0.347
DIAMONDS TWO CLUBS FIVE,0.628,0.0292,0.3428
DIAMONDS TWO CLUBS FOUR,0.617,0.032,0.351
CLUBS FOUR SPADES FIVE,0.6078,0.028,0.3642
CLUBS FOUR SPADES FOUR,0.4176,0.0558,0.5266
CLUBS FOUR SPADES THREE,0.6234,0.0318,0.3448
CLUBS FOUR SPADES TWO,0.622,0.0296,0.3484
SPADES NINE CLUBS FOUR,0.6212,0.0284,0.3504
SPADES EIGHT CLUBS FOUR,0.6228,0.0268,0.3504
SPADES SEVEN CLUBS FOUR,0.6054,0.025,0.3696
CLUBS FOUR SPADES SIX,0.6498,0.0864,0.2638
SPADES ACE DIAMONDS SIX,0.2606,0.0248,0.7146
SPADES QUEEN DIAMONDS SIX,0.2516,0.0456,0.7028
SPADES KING DIAMONDS SIX,0.255,0.0394,0.7056
SPADES TEN DIAMONDS SIX,0.0218,0.9556,0.0226
SPADES JACK DIAMONDS SIX,0.248,0.0556,0.6964
SPADES QUEEN SPADES TWO,0.3928,0.011,0.5962
SPADES KING SPADES TWO,0.392,0.0072,0.6008
SPADES ACE SPADES TWO,0.3728,0.0036,0.6236
CLUBS JACK DIAMONDS JACK,0.1662,0.0238,0.81
CLUBS TEN DIAMONDS JACK,0.2224,0.0548,0.7228
DIAMONDS JACK CLUBS KING,0.329,0.0058,0.6652
DIAMONDS JACK CLUBS QUEEN,0.3096,0.0114,0.679
DIAMONDS THREE DIAMONDS JACK,0.3842,0.0146,0.6012
DIAMONDS THREE DIAMONDS TEN,0.3836,0.3502,0.2662
DIAMONDS JACK CLUBS ACE,0.3268,0.0024,0.6708
DIAMONDS THREE DIAMONDS KING,0.386,0.0066,0.6074
HEARTS THREE DIAMONDS THREE,0.4054,0.0616,0.533
DIAMONDS THREE DIAMONDS QUEEN,0.384,0.0108,0.6052
DIAMONDS THREE HEARTS TWO,0.6308,0.0282,0.341
HEARTS FIVE DIAMONDS THREE,0.6078,0.031,0.3612
DIAMONDS THREE DIAMONDS ACE,0.3578,0.0052,0.637
HEARTS FOUR DIAMONDS THREE,0.6114,0.027,0.3616
DIAMONDS THREE HEARTS SEVEN,0.6238,0.0278,0.3484
SPADES TEN SPADES NINE,0.2234,0.1502,0.6264
HEARTS SIX DIAMONDS THREE,0.672,0.0802,0.2478
SPADES JACK SPADES NINE,0.3248,0.0134,0.6618
DIAMONDS THREE HEARTS NINE,0.627,0.0266,0.3464
HEARTS JACK DIAMONDS FOUR,0.392,0.022,0.586
HEARTS ACE HEARTS KING,0.3148,0.0052,0.68
SPADES TEN SPADES TWO,0.3754,0.3468,0.2778
DIAMONDS THREE HEARTS EIGHT,0.6366,0.0284,0.335
SPADES JACK SPADES TWO,0.3842,0.0168,0.599
HEARTS QUEEN DIAMONDS FOUR,0.3944,0.014,0.5916
HEARTS KING DIAMONDS FOUR,0.4092,0.0056,0.5852
SPADES ACE SPADES NINE,0.3448,0.0044,0.6508
HEARTS ACE DIAMONDS FOUR,0.397,0.0044,0.5986
SPADES KING SPADES NINE,0.3442,0.005,0.6508
SPADES QUEEN SPADES NINE,0.324,0.0082,0.6678
DIAMONDS THREE SPADES NINE,0.6296,0.0226,0.3478
DIAMONDS THREE SPADES EIGHT,0.6248,0.0256,0.3496
DIAMONDS THREE SPADES SEVEN,0.617,0.0288,0.3542
DIAMONDS THREE SPADES SIX,0.6702,0.0816,0.2482
CLUBS ACE DIAMONDS FOUR,0.3932,0.0058,0.601
DIAMONDS THREE CLUBS SEVEN,0.6302,0.0248,0.345
CLUBS FIVE CLUBS SEVEN,0.5696,0.0288,0.4016
DIAMONDS THREE CLUBS FOUR,0.6112,0.0278,0.361
DIAMONDS FOUR CLUBS QUEEN,0.389,0.0148,0.5962
DIAMONDS THREE CLUBS FIVE,0.6118,0.0308,0.3574
DIAMONDS FOUR CLUBS KING,0.3974,0.0062,0.5964
DIAMONDS THREE CLUBS TWO,0.6362,0.0266,0.3372
CLUBS TEN DIAMONDS FOUR,0.4004,0.3794,0.2202
DIAMONDS THREE CLUBS THREE,0.4192,0.0632,0.5176
CLUBS JACK DIAMONDS FOUR,0.4048,0.0178,0.5774
DIAMONDS THREE SPADES FOUR,0.6084,0.022,0.3696
DIAMONDS THREE SPADES FIVE,0.612,0.029,0.359
DIAMONDS THREE SPADES TWO,0.621,0.0274,0.3516
DIAMONDS THREE SPADES THREE,0.4198,0.0546,0.5256
CLUBS EIGHT DIAMONDS THREE,0.6252,0.032,0.3428
CLUBS NINE DIAMONDS THREE,0.6126,0.0242,0.3632
SPADES SEVEN CLUBS ACE,0.355,0.0048,0.6402
SPADES SEVEN CLUBS QUEEN,0.3674,0.0094,0.6232
SPADES SEVEN CLUBS KING,0.3562,0.0052,0.6386
CLUBS FIVE SPADES SEVEN,0.5838,0.029,0.3872
CLUBS TEN SPADES SEVEN,0.2138,0.2984,0.4878
CLUBS FIVE SPADES SIX,0.649,0.0756,0.2754
CLUBS JACK SPADES SEVEN,0.356,0.0174,0.6266
CLUBS FIVE SPADES NINE,0.6332,0.0272,0.3396
CLUBS FIVE SPADES EIGHT,0.6208,0.0266,0.3526
CLUBS FIVE SPADES THREE,0.6114,0.0294,0.3592
CLUBS FIVE SPADES TWO,0.621,0.029,0.35
CLUBS FIVE SPADES FIVE,0.408,0.062,0.53
CLUBS FIVE SPADES FOUR,0.6072,0.0286,0.3642
CLUBS NINE CLUBS FIVE,0.5774,0.0276,0.395
CLUBS EIGHT CLUBS FIVE,0.5752,0.022,0.4028
CLUBS ACE CLUBS QUEEN,0.3122,0.006,0.6818
CLUBS KING CLUBS QUEEN,0.3184,0.0064,0.6752
DIAMONDS TEN DIAMONDS FOUR,0.3752,0.3514,0.2734
CLUBS TEN DIAMONDS NINE,0.2172,0.1598,0.623
DIAMONDS JACK DIAMONDS FOUR,0.3904,0.017,0.5926
CLUBS JACK DIAMONDS NINE,0.3356,0.016,0.6484
CLUBS JACK SPADES NINE,0.335,0.0136,0.6514
CLUBS TEN SPADES NINE,0.2202,0.172,0.6078
DIAMONDS ACE DIAMONDS FOUR,0.3782,0.0046,0.6172
HEARTS FOUR DIAMONDS FOUR,0.4014,0.0614,0.5372
SPADES NINE CLUBS KING,0.358,0.0066,0.6354
DIAMONDS TWO SPADES TEN,0.3994,0.3742,0.2264
DIAMONDS NINE CLUBS ACE,0.3718,0.0028,0.6254
HEARTS FIVE DIAMONDS FOUR,0.6112,0.028,0.3608
DIAMONDS JACK HEARTS JACK,0.1618,0.0226,0.8156
SPADES NINE CLUBS QUEEN,0.3462,0.0108,0.643
DIAMONDS TWO SPADES JACK,0.411,0.018,0.571
DIAMONDS QUEEN DIAMONDS FOUR,0.3712,0.0118,0.617
HEARTS TWO DIAMONDS FOUR,0.6326,0.0306,0.3368
DIAMONDS NINE CLUBS QUEEN,0.3462,0.0084,0.6454
DIAMONDS KING DIAMONDS FOUR,0.3774,0.0072,0.6154
HEARTS THREE DIAMONDS FOUR,0.6008,0.0274,0.3718
SPADES NINE CLUBS ACE,0.3744,0.0048,0.6208
DIAMONDS NINE CLUBS KING,0.3638,0.006,0.6302
HEARTS ACE DIAMONDS JACK,0.3206,0.006,0.6734
SPADES ACE DIAMONDS TWO,0.4014,0.005,0.5936
HEARTS QUEEN DIAMONDS JACK,0.3002,0.0096,0.6902
SPADES QUEEN DIAMONDS TWO,0.402,0.0138,0.5842
DIAMONDS JACK HEARTS KING,0.3246,0.0078,0.6676
SPADES KING DIAMONDS TWO,0.4044,0.0088,0.5868
SPADES JACK SPADES SEVEN,0.3392,0.0156,0.6452
SPADES TEN SPADES SEVEN,0.2104,0.2858,0.5038
CLUBS SEVEN CLUBS THREE,0.5894,0.0274,0.3832
CLUBS FIVE CLUBS THREE,0.5824,0.0254,0.3922
CLUBS THREE CLUBS FOUR,0.5922,0.028,0.3798
CLUBS NINE CLUBS THREE,0.6048,0.024,0.3712
CLUBS EIGHT CLUBS THREE,0.5976,0.0256,0.3768
CLUBS THREE SPADES FIVE,0.625,0.0282,0.3468
CLUBS THREE SPADES FOUR,0.6112,0.0316,0.3572
CLUBS THREE SPADES THREE,0.4282,0.056,0.5158
CLUBS THREE SPADES TWO,0.634,0.0314,0.3346
CLUBS THREE SPADES SIX,0.6664,0.0844,0.2492
CLUBS THREE SPADES SEVEN,0.621,0.0288,0.3502
SPADES EIGHT CLUBS THREE,0.6266,0.025,0.3484
SPADES NINE CLUBS THREE,0.6228,0.0252,0.352
SPADES TWO DIAMONDS FOUR,0.6352,0.0306,0.3342
SPADES THREE DIAMONDS FOUR,0.5964,0.0286,0.375
SPADES FOUR DIAMONDS FOUR,0.3976,0.0596,0.5428
SPADES FIVE DIAMONDS FOUR,0.6086,0.0268,0.3646
SPADES SIX DIAMONDS FOUR,0.652,0.0802,0.2678
SPADES SEVEN DIAMONDS FOUR,0.6106,0.0226,0.3668
SPADES EIGHT DIAMONDS FOUR,0.6158,0.03,0.3542
SPADES NINE DIAMONDS FOUR,0.6294,0.025,0.3456
CLUBS FIVE DIAMONDS FOUR,0.6062,0.0274,0.3664
CLUBS FOUR DIAMONDS FOUR,0.4108,0.0584,0.5308
CLUBS SEVEN DIAMONDS FOUR,0.5998,0.0308,0.3694
CLUBS NINE DIAMONDS FOUR,0.6228,0.027,0.3502
CLUBS EIGHT DIAMONDS FOUR,0.6144,0.0248,0.3608
DIAMONDS FOUR HEARTS SEVEN,0.6106,0.033,0.3564
HEARTS SIX DIAMONDS FOUR,0.6586,0.0756,0.2658
HEARTS NINE DIAMONDS FOUR,0.6394,0.023,0.3376
DIAMONDS FOUR HEARTS EIGHT,0.6284,0.0288,0.3428
CLUBS THREE DIAMONDS FOUR,0.6216,0.0266,0.3518
CLUBS TWO DIAMONDS FOUR,0.6214,0.0292,0.3494
DIAMONDS TEN DIAMONDS FIVE,0.3722,0.366,0.2618
DIAMONDS JACK DIAMONDS FIVE,0.3738,0.015,0.6112
DIAMONDS NINE HEARTS QUEEN,0.3494,0.0108,0.6398
DIAMONDS NINE HEARTS KING,0.3516,0.008,0.6404
HEARTS ACE DIAMONDS NINE,0.3668,0.0044,0.6288
DIAMONDS NINE HEARTS JACK,0.3346,0.017,0.6484
CLUBS KING DIAMONDS SIX,0.2458,0.0332,0.721
CLUBS QUEEN DIAMONDS SIX,0.2492,0.0458,0.705
CLUBS ACE DIAMONDS SIX,0.2548,0.0248,0.7204
SPADES KING DIAMONDS FOUR,0.4032,0.007,0.5898
SPADES ACE SPADES SEVEN,0.3448,0.0044,0.6508
SPADES QUEEN DIAMONDS FOUR,0.4,0.0096,0.5904
SPADES QUEEN SPADES SEVEN,0.3526,0.0092,0.6382
CLUBS JACK DIAMONDS SIX,0.2366,0.0614,0.702
SPADES KING SPADES SEVEN,0.3488,0.0066,0.6446
SPADES ACE DIAMONDS FOUR,0.4106,0.0028,0.5866
CLUBS TEN DIAMONDS SIX,0.0112,0.9674,0.0214
CLUBS NINE CLUBS FOUR,0.6034,0.0238,0.3728
CLUBS EIGHT CLUBS FOUR,0.5754,0.0284,0.3962
SPADES JACK DIAMONDS FOUR,0.3992,0.0154,0.5854
SPADES TEN DIAMONDS FOUR,0.4132,0.3668,0.22
CLUBS FIVE CLUBS FOUR,0.5778,0.0292,0.393
CLUBS SEVEN CLUBS FOUR,0.5634,0.0254,0.4112
CLUBS SEVEN SPADES EIGHT,0.541,0.022,0.437
SPADES NINE CLUBS SEVEN,0.565,0.0236,0.4114
CLUBS SEVEN SPADES SIX,0.6408,0.076,0.2832
CLUBS SEVEN SPADES SEVEN,0.279,0.0526,0.6684
CLUBS SEVEN SPADES FIVE,0.6022,0.029,0.3688
CLUBS SEVEN SPADES FOUR,0.613,0.025,0.362
CLUBS SEVEN SPADES THREE,0.6216,0.0272,0.3512
CLUBS SEVEN SPADES TWO,0.639,0.0244,0.3366
CLUBS NINE CLUBS SEVEN,0.5354,0.0224,0.4422
CLUBS EIGHT CLUBS SEVEN,0.5216,0.0276,0.4508
HEARTS SIX DIAMONDS FIVE,0.6528,0.0804,0.2668
DIAMONDS FIVE HEARTS SEVEN,0.5958,0.0268,0.3774
DIAMONDS FIVE HEARTS EIGHT,0.614,0.0234,0.3626
HEARTS NINE DIAMONDS FIVE,0.627,0.0264,0.3466
DIAMONDS QUEEN DIAMONDS FIVE,0.3904,0.0104,0.5992
HEARTS TWO DIAMONDS FIVE,0.6422,0.0324,0.3254
HEARTS KING HEARTS EIGHT,0.3576,0.0062,0.6362
DIAMONDS KING DIAMONDS FIVE,0.3782,0.005,0.6168
HEARTS THREE DIAMONDS FIVE,0.621,0.031,0.348
HEARTS QUEEN HEARTS EIGHT,0.334,0.0104,0.6556
DIAMONDS ACE DIAMONDS FIVE,0.372,0.0052,0.6228
HEARTS FOUR DIAMONDS FIVE,0.6078,0.0296,0.3626
HEARTS FIVE DIAMONDS FIVE,0.4076,0.0582,0.5342
HEARTS ACE HEARTS EIGHT,0.3442,0.0062,0.6496
CLUBS FOUR DIAMONDS FIVE,0.6026,0.0304,0.367
CLUBS FIVE DIAMONDS FIVE,0.4096,0.0568,0.5336
CLUBS SEVEN DIAMONDS FIVE,0.592,0.0284,0.3796
CLUBS TWO DIAMONDS FIVE,0.629,0.0292,0.3418
CLUBS THREE DIAMONDS FIVE,0.6126,0.0306,0.3568
SPADES THREE DIAMONDS FIVE,0.6148,0.0296,0.3556
SPADES TWO DIAMONDS FIVE,0.6234,0.026,0.3506
SPADES JACK DIAMONDS EIGHT,0.3568,0.016,0.6272
SPADES FIVE DIAMONDS FIVE,0.409,0.0584,0.5326
CLUBS TEN HEARTS JACK,0.2222,0.055,0.7228
SPADES TEN DIAMONDS EIGHT,0.2258,0.2188,0.5554
SPADES FOUR DIAMONDS FIVE,0.593,0.0298,0.3772
CLUBS JACK HEARTS JACK,0.1448,0.0222,0.833
HEARTS JACK CLUBS QUEEN,0.3054,0.008,0.6866
CLUBS NINE DIAMONDS FIVE,0.6104,0.0286,0.361
CLUBS EIGHT DIAMONDS FIVE,0.6106,0.0316,0.3578
HEARTS JACK CLUBS KING,0.306,0.0078,0.6862
CLUBS ACE HEARTS JACK,0.317,0.0046,0.6784
SPADES SEVEN DIAMONDS FIVE,0.5938,0.0276,0.3786
SPADES KING DIAMONDS EIGHT,0.3662,0.005,0.6288
SPADES QUEEN DIAMONDS EIGHT,0.3548,0.0112,0.634
SPADES SIX DIAMONDS FIVE,0.6556,0.075,0.2694
SPADES NINE DIAMONDS FIVE,0.6224,0.0222,0.3554
SPADES EIGHT DIAMONDS FIVE,0.602,0.0242,0.3738
SPADES ACE DIAMONDS EIGHT,0.3548,0.0024,0.6428
DIAMONDS TEN DIAMONDS SIX,0.0198,0.9078,0.0724
HEARTS ACE DIAMONDS SEVEN,0.354,0.0018,0.6442
DIAMONDS JACK DIAMONDS SIX,0.2312,0.0532,0.7156
HEARTS QUEEN DIAMONDS SEVEN,0.3688,0.009,0.6222
HEARTS KING DIAMONDS SEVEN,0.3636,0.008,0.6284
DIAMONDS ACE DIAMONDS SIX,0.2488,0.0172,0.734
HEARTS FOUR DIAMONDS SIX,0.6534,0.0784,0.2682
SPADES TWO HEARTS JACK,0.4016,0.0158,0.5826
HEARTS FIVE DIAMONDS SIX,0.6394,0.0842,0.2764
DIAMONDS QUEEN DIAMONDS SIX,0.2348,0.0414,0.7238
HEARTS TWO DIAMONDS SIX,0.673,0.0912,0.2358
DIAMONDS KING DIAMONDS SIX,0.2368,0.0292,0.734
HEARTS THREE DIAMONDS SIX,0.6668,0.0876,0.2456
HEARTS EIGHT DIAMONDS SIX,0.6644,0.0732,0.2624
HEARTS NINE DIAMONDS SIX,0.6692,0.0786,0.2522
HEARTS SIX DIAMONDS SIX,0.3026,0.0526,0.6448
HEARTS SEVEN DIAMONDS SIX,0.6556,0.074,0.2704
CLUBS TWO DIAMONDS SIX,0.6846,0.0846,0.2308
HEARTS JACK DIAMONDS SEVEN,0.3506,0.017,0.6324
CLUBS THREE DIAMONDS SIX,0.6696,0.0874,0.243
CLUBS SEVEN DIAMONDS SIX,0.6348,0.0738,0.2914
CLUBS JACK DIAMONDS EIGHT,0.3482,0.0166,0.6352
CLUBS TEN DIAMONDS EIGHT,0.218,0.2242,0.5578
CLUBS FIVE DIAMONDS SIX,0.6664,0.074,0.2596
CLUBS FOUR DIAMONDS SIX,0.6544,0.0878,0.2578
HEARTS ACE HEARTS JACK,0.312,0.0056,0.6824
DIAMONDS EIGHT CLUBS ACE,0.3644,0.0034,0.6322
HEARTS QUEEN HEARTS JACK,0.2854,0.0106,0.704
DIAMONDS EIGHT CLUBS KING,0.3626,0.006,0.6314
CLUBS NINE DIAMONDS SIX,0.6662,0.076,0.2578
HEARTS KING HEARTS JACK,0.291,0.0078,0.7012
CLUBS EIGHT DIAMONDS SIX,0.6446,0.0792,0.2762
DIAMONDS EIGHT CLUBS QUEEN,0.3504,0.0094,0.6402
SPADES TEN HEARTS KING,0.2336,0.0362,0.7302
SPADES FIVE DIAMONDS SIX,0.6522,0.076,0.2718
HEARTS ACE SPADES TWO,0.4036,0.0042,0.5922
SPADES JACK HEARTS KING,0.3334,0.0068,0.6598
SPADES FOUR DIAMONDS SIX,0.6558,0.0784,0.2658
SPADES THREE DIAMONDS SIX,0.6668,0.0758,0.2574
HEARTS QUEEN SPADES TWO,0.413,0.0104,0.5766
SPADES ACE SPADES KING,0.3136,0.0038,0.6826
HEARTS KING SPADES TWO,0.4222,0.0092,0.5686
SPADES TWO DIAMONDS SIX,0.6698,0.0822,0.248
SPADES NINE DIAMONDS SIX,0.6762,0.0764,0.2474
HEARTS JACK HEARTS EIGHT,0.3306,0.019,0.6504
SPADES EIGHT DIAMONDS SIX,0.651,0.079,0.27
SPADES SEVEN DIAMONDS SIX,0.648,0.0784,0.2736
SPADES SIX DIAMONDS SIX,0.29,0.0554,0.6546
SPADES KING HEARTS KING,0.15,0.01,0.84
SPADES QUEEN HEARTS KING,0.3434,0.0062,0.6504
CLUBS ACE CLUBS KING,0.3148,0.0056,0.6796
SPADES ACE HEARTS KING,0.3458,0.0044,0.6498
SPADES ACE HEARTS JACK,0.3236,0.0048,0.6716
SPADES QUEEN HEARTS JACK,0.3132,0.008,0.6788
SPADES KING HEARTS JACK,0.331,0.008,0.661
SPADES TEN DIAMONDS TEN,0.1086,0.0532,0.8382
SPADES JACK DIAMONDS TEN,0.2364,0.0538,0.7098
SPADES ACE DIAMONDS TEN,0.2338,0.0206,0.7456
SPADES JACK HEARTS JACK,0.1566,0.0232,0.8202
SPADES TEN HEARTS JACK,0.2244,0.0556,0.72
SPADES QUEEN DIAMONDS TEN,0.2392,0.039,0.7218
SPADES KING DIAMONDS TEN,0.2294,0.0338,0.7368
SPADES NINE DIAMONDS SEVEN,0.5706,0.024,0.4054
SPADES EIGHT DIAMONDS SEVEN,0.5378,0.0272,0.435
SPADES SEVEN DIAMONDS SEVEN,0.298,0.0518,0.6502
SPADES SIX DIAMONDS SEVEN,0.6418,0.0688,0.2894
DIAMONDS KING DIAMONDS SEVEN,0.3532,0.0058,0.641
HEARTS THREE DIAMONDS SEVEN,0.616,0.0286,0.3554
HEARTS KING DIAMONDS FIVE,0.394,0.0068,0.5992
DIAMONDS QUEEN DIAMONDS SEVEN,0.347,0.0106,0.6424
HEARTS TWO DIAMONDS SEVEN,0.639,0.0288,0.3322
HEARTS QUEEN DIAMONDS FIVE,0.3932,0.0098,0.597
HEARTS FIVE DIAMONDS SEVEN,0.6148,0.0262,0.359
DIAMONDS ACE DIAMONDS SEVEN,0.3422,0.0036,0.6542
HEARTS FOUR DIAMONDS SEVEN,0.6052,0.0244,0.3704
HEARTS ACE DIAMONDS FIVE,0.387,0.0044,0.6086
HEARTS SEVEN DIAMONDS SEVEN,0.2886,0.06,0.6514
HEARTS SIX DIAMONDS SEVEN,0.6424,0.0776,0.28
HEARTS NINE DIAMONDS SEVEN,0.5626,0.0244,0.413
DIAMONDS SEVEN HEARTS EIGHT,0.555,0.0256,0.4194
DIAMONDS JACK DIAMONDS SEVEN,0.3472,0.0162,0.6366
DIAMONDS FIVE HEARTS JACK,0.3984,0.02,0.5816
DIAMONDS TEN DIAMONDS SEVEN,0.216,0.2774,0.5066
CLUBS EIGHT DIAMONDS SEVEN,0.5568,0.0248,0.4184
SPADES KING CLUBS TWO,0.4146,0.007,0.5784
HEARTS KING CLUBS KING,0.1404,0.0118,0.8478
SPADES QUEEN CLUBS TWO,0.3982,0.0084,0.5934
HEARTS KING CLUBS QUEEN,0.3166,0.0076,0.6758
CLUBS NINE DIAMONDS SEVEN,0.555,0.0262,0.4188
CLUBS JACK SPADES TWO,0.4014,0.0196,0.579
SPADES ACE CLUBS TWO,0.4012,0.0054,0.5934
CLUBS TEN SPADES TWO,0.3978,0.3726,0.2296
HEARTS KING CLUBS ACE,0.3232,0.006,0.6708
SPADES TWO CLUBS KING,0.4048,0.008,0.5872
SPADES TWO DIAMONDS SEVEN,0.6272,0.0218,0.351
SPADES THREE DIAMONDS SEVEN,0.6166,0.0276,0.3558
SPADES TWO CLUBS QUEEN,0.403,0.0126,0.5844
SPADES FOUR DIAMONDS SEVEN,0.6128,0.027,0.3602
CLUBS JACK HEARTS KING,0.321,0.0102,0.6688
SPADES FIVE DIAMONDS SEVEN,0.6048,0.0256,0.3696
SPADES TWO CLUBS ACE,0.4082,0.0044,0.5874
CLUBS TEN HEARTS KING,0.2382,0.035,0.7268
CLUBS TWO DIAMONDS SEVEN,0.6396,0.03,0.3304
CLUBS THREE DIAMONDS SEVEN,0.609,0.0284,0.3626
CLUBS FOUR DIAMONDS SEVEN,0.604,0.0272,0.3688
CLUBS FIVE DIAMONDS SEVEN,0.5998,0.0294,0.3708
SPADES JACK CLUBS TWO,0.4136,0.021,0.5654
CLUBS SEVEN DIAMONDS SEVEN,0.2902,0.0548,0.655
SPADES TEN CLUBS TWO,0.4186,0.3686,0.2128
CLUBS TWO CLUBS QUEEN,0.3764,0.0118,0.6118
CLUBS TWO CLUBS KING,0.3984,0.0098,0.5918
CLUBS THREE DIAMONDS EIGHT,0.6412,0.0238,0.335
CLUBS TWO CLUBS ACE,0.3806,0.0056,0.6138
CLUBS TWO DIAMONDS EIGHT,0.623,0.0272,0.3498
DIAMONDS EIGHT HEARTS SEVEN,0.5582,0.025,0.4168
HEARTS SIX DIAMONDS EIGHT,0.6578,0.071,0.2712
DIAMONDS EIGHT HEARTS NINE,0.556,0.0256,0.4184
CLUBS TEN CLUBS TWO,0.3738,0.376,0.2502
DIAMONDS EIGHT HEARTS EIGHT,0.2948,0.0414,0.6638
CLUBS JACK CLUBS TWO,0.3838,0.0166,0.5996
CLUBS NINE DIAMONDS EIGHT,0.5496,0.0264,0.424
CLUBS EIGHT DIAMONDS EIGHT,0.2794,0.047,0.6736
CLUBS FIVE DIAMONDS EIGHT,0.607,0.0282,0.3648
SPADES ACE SPADES THREE,0.3796,0.0044,0.616
CLUBS FOUR DIAMONDS EIGHT,0.6188,0.0264,0.3548
CLUBS SEVEN DIAMONDS EIGHT,0.5536,0.0254,0.421
SPADES QUEEN SPADES THREE,0.3774,0.0114,0.6112
SPADES KING SPADES THREE,0.3696,0.0098,0.6206
DIAMONDS QUEEN DIAMONDS EIGHT,0.3414,0.01,0.6486
HEARTS TWO DIAMONDS EIGHT,0.6314,0.0296,0.339
DIAMONDS KING DIAMONDS EIGHT,0.3484,0.006,0.6456
HEARTS THREE DIAMONDS EIGHT,0.643,0.0282,0.3288
DIAMONDS ACE DIAMONDS EIGHT,0.3398,0.004,0.6562
HEARTS FOUR DIAMONDS EIGHT,0.6148,0.0262,0.359
HEARTS FIVE DIAMONDS EIGHT,0.6056,0.0284,0.366
DIAMONDS EIGHT DIAMONDS TEN,0.2052,0.2092,0.5856
DIAMONDS EIGHT DIAMONDS JACK,0.3128,0.0206,0.6666
SPADES JACK SPADES THREE,0.3834,0.017,0.5996
SPADES TEN SPADES THREE,0.3664,0.3638,0.2698
CLUBS FOUR HEARTS ACE,0.3884,0.0046,0.607
CLUBS FOUR HEARTS QUEEN,0.412,0.0132,0.5748
CLUBS FOUR HEARTS KING,0.4016,0.0068,0.5916
DIAMONDS EIGHT SPADES FOUR,0.6022,0.0268,0.371
SPADES FIVE DIAMONDS EIGHT,0.5994,0.0294,0.3712
DIAMONDS EIGHT SPADES TWO,0.6244,0.0298,0.3458
DIAMONDS EIGHT SPADES THREE,0.6298,0.0298,0.3404
CLUBS FOUR HEARTS JACK,0.3894,0.019,0.5916
SPADES EIGHT DIAMONDS EIGHT,0.2806,0.0476,0.6718
SPADES TEN DIAMONDS QUEEN,0.24,0.0464,0.7136
SPADES TEN HEARTS TWO,0.4054,0.3792,0.2154
SPADES JACK HEARTS EIGHT,0.3478,0.015,0.6372
SPADES NINE DIAMONDS EIGHT,0.5498,0.025,0.4252
SPADES TEN HEARTS EIGHT,0.2168,0.229,0.5542
SPADES JACK HEARTS TWO,0.4102,0.0152,0.5746
SPADES JACK DIAMONDS QUEEN,0.3128,0.0096,0.6776
SPADES SIX DIAMONDS EIGHT,0.6556,0.0742,0.2702
SPADES SEVEN DIAMONDS EIGHT,0.553,0.0278,0.4192
SPADES ACE HEARTS TWO,0.4162,0.0042,0.5796
SPADES ACE DIAMONDS QUEEN,0.3334,0.004,0.6626
SPADES ACE HEARTS EIGHT,0.3692,0.004,0.6268
SPADES KING HEARTS EIGHT,0.366,0.0092,0.6248
SPADES QUEEN HEARTS TWO,0.423,0.0104,0.5666
SPADES QUEEN DIAMONDS QUEEN,0.1584,0.0164,0.8252
SPADES KING DIAMONDS QUEEN,0.3368,0.0038,0.6594
SPADES KING HEARTS TWO,0.4226,0.0078,0.5696
SPADES QUEEN HEARTS EIGHT,0.3642,0.0122,0.6236
CLUBS TWO HEARTS JACK,0.4028,0.0208,0.5764
SPADES SEVEN DIAMONDS NINE,0.5812,0.0266,0.3922
SPADES SIX DIAMONDS NINE,0.6808,0.073,0.2462
SPADES NINE DIAMONDS NINE,0.278,0.039,0.683
SPADES EIGHT DIAMONDS NINE,0.5352,0.0284,0.4364
SPADES TEN CLUBS KING,0.2472,0.0382,0.7146
DIAMONDS NINE SPADES THREE,0.6324,0.0252,0.3424
SPADES JACK CLUBS KING,0.3238,0.0058,0.6704
DIAMONDS NINE SPADES TWO,0.6146,0.0298,0.3556
DIAMONDS NINE SPADES FIVE,0.6174,0.0242,0.3584
DIAMONDS NINE SPADES FOUR,0.6332,0.0254,0.3414
CLUBS NINE DIAMONDS NINE,0.2804,0.0376,0.682
CLUBS EIGHT DIAMONDS NINE,0.5618,0.0238,0.4144
SPADES JACK CLUBS FOUR,0.4008,0.019,0.5802
CLUBS SEVEN DIAMONDS NINE,0.5596,0.0262,0.4142
SPADES TEN CLUBS FOUR,0.4064,0.3776,0.216
CLUBS FOUR DIAMONDS NINE,0.642,0.026,0.332
CLUBS FIVE DIAMONDS NINE,0.6028,0.0276,0.3696
DIAMONDS NINE CLUBS TWO,0.6296,0.0298,0.3406
CLUBS THREE DIAMONDS NINE,0.6156,0.0258,0.3586
DIAMONDS NINE HEARTS EIGHT,0.5404,0.0298,0.4298
DIAMONDS NINE HEARTS NINE,0.2824,0.045,0.6726
HEARTS SIX DIAMONDS NINE,0.68,0.0742,0.2458
DIAMONDS NINE HEARTS SEVEN,0.5728,0.0262,0.401
CLUBS EIGHT CLUBS NINE,0.5218,0.023,0.4552
DIAMONDS ACE DIAMONDS NINE,0.3356,0.0042,0.6602
HEARTS FOUR DIAMONDS NINE,0.6356,0.0258,0.3386
HEARTS FIVE DIAMONDS NINE,0.6254,0.0288,0.3458
HEARTS ACE CLUBS TWO,0.3998,0.0066,0.5936
SPADES ACE CLUBS FOUR,0.3984,0.0044,0.5972
DIAMONDS QUEEN DIAMONDS NINE,0.3422,0.0104,0.6474
HEARTS TWO DIAMONDS NINE,0.6356,0.0254,0.339
CLUBS TWO HEARTS KING,0.4086,0.0092,0.5822
SPADES KING CLUBS FOUR,0.404,0.0074,0.5886
DIAMONDS KING DIAMONDS NINE,0.3464,0.0088,0.6448
HEARTS THREE DIAMONDS NINE,0.6356,0.0252,0.3392
CLUBS TWO HEARTS QUEEN,0.4178,0.0102,0.572
SPADES QUEEN CLUBS FOUR,0.3936,0.0116,0.5948
DIAMONDS NINE DIAMONDS JACK,0.3266,0.0114,0.662
CLUBS EIGHT SPADES NINE,0.5438,0.023,0.4332
DIAMONDS NINE DIAMONDS TEN,0.2162,0.1574,0.6264
CLUBS EIGHT SPADES EIGHT,0.2772,0.0418,0.681
CLUBS EIGHT SPADES SEVEN,0.555,0.0292,0.4158
CLUBS EIGHT SPADES SIX,0.6606,0.0714,0.268
CLUBS EIGHT SPADES FIVE,0.6064,0.0276,0.366
CLUBS EIGHT SPADES FOUR,0.603,0.0248,0.3722
CLUBS EIGHT SPADES THREE,0.6216,0.0246,0.3538
CLUBS EIGHT SPADES TWO,0.6302,0.0294,0.3404
HEARTS SIX DIAMONDS TEN,0.0192,0.968,0.0128
DIAMONDS TEN HEARTS SEVEN,0.2186,0.3022,0.4792
DIAMONDS TEN HEARTS EIGHT,0.2256,0.2264,0.548
CLUBS JACK CLUBS FOUR,0.3832,0.0168,0.6
DIAMONDS TEN HEARTS NINE,0.2246,0.1742,0.6012
CLUBS TEN CLUBS FOUR,0.392,0.3546,0.2534
CLUBS FOUR CLUBS KING,0.394,0.0092,0.5968
CLUBS FOUR CLUBS QUEEN,0.3828,0.0106,0.6066
CLUBS TWO DIAMONDS TEN,0.4162,0.377,0.2068
CLUBS THREE DIAMONDS TEN,0.402,0.3876,0.2104
CLUBS FOUR CLUBS ACE,0.3884,0.005,0.6066
DIAMONDS JACK DIAMONDS TEN,0.2126,0.0556,0.7318
DIAMONDS QUEEN DIAMONDS TEN,0.223,0.0402,0.7368
HEARTS TWO DIAMONDS TEN,0.4196,0.3628,0.2176
DIAMONDS KING DIAMONDS TEN,0.2396,0.0324,0.728
HEARTS THREE DIAMONDS TEN,0.4028,0.3782,0.219
DIAMONDS ACE DIAMONDS TEN,0.2272,0.0198,0.753
HEARTS FOUR DIAMONDS TEN,0.4026,0.3798,0.2176
CLUBS EIGHT HEARTS JACK,0.3386,0.015,0.6464
HEARTS FIVE DIAMONDS TEN,0.4102,0.3828,0.207
CLUBS EIGHT HEARTS QUEEN,0.3482,0.01,0.6418
CLUBS EIGHT HEARTS KING,0.3574,0.0088,0.6338
CLUBS EIGHT HEARTS ACE,0.3644,0.0054,0.6302
CLUBS NINE SPADES THREE,0.629,0.0254,0.3456
CLUBS NINE SPADES TWO,0.6298,0.0256,0.3446
CLUBS NINE SPADES FIVE,0.6156,0.0266,0.3578
CLUBS NINE SPADES FOUR,0.617,0.0262,0.3568
CLUBS NINE SPADES SEVEN,0.5634,0.0256,0.411
CLUBS NINE SPADES SIX,0.6664,0.082,0.2516
CLUBS NINE SPADES NINE,0.2748,0.038,0.6872
CLUBS TEN HEARTS EIGHT,0.218,0.2252,0.5568
CLUBS NINE SPADES EIGHT,0.5544,0.0248,0.4208
CLUBS JACK HEARTS EIGHT,0.334,0.0172,0.6488
CLUBS QUEEN HEARTS EIGHT,0.3504,0.0094,0.6402
CLUBS KING HEARTS EIGHT,0.3562,0.0084,0.6354
CLUBS ACE HEARTS EIGHT,0.3584,0.0052,0.6364
SPADES KING CLUBS KING,0.1426,0.0112,0.8462
SPADES QUEEN CLUBS KING,0.3154,0.005,0.6796
SPADES ACE CLUBS KING,0.3286,0.0046,0.6668
DIAMONDS ACE HEARTS JACK,0.3204,0.0046,0.675
HEARTS FOUR HEARTS JACK,0.3784,0.0168,0.6048
SPADES KING CLUBS FIVE,0.3932,0.0064,0.6004
SPADES QUEEN CLUBS FIVE,0.4046,0.0124,0.583
SPADES ACE CLUBS FIVE,0.3992,0.0044,0.5964
DIAMONDS JACK HEARTS SEVEN,0.3714,0.0184,0.6102
HEARTS SIX DIAMONDS JACK,0.2534,0.0586,0.688
DIAMONDS JACK HEARTS NINE,0.3344,0.0186,0.647
DIAMONDS JACK HEARTS EIGHT,0.3458,0.016,0.6382
DIAMONDS KING DIAMONDS JACK,0.3062,0.0082,0.6856
HEARTS THREE DIAMONDS JACK,0.3984,0.0156,0.586
SPADES ACE SPADES SIX,0.236,0.0204,0.7436
HEARTS ACE SPADES FOUR,0.394,0.0044,0.6016
DIAMONDS QUEEN DIAMONDS JACK,0.2996,0.0094,0.691
HEARTS TWO DIAMONDS JACK,0.422,0.0196,0.5584
HEARTS FIVE DIAMONDS JACK,0.4064,0.0208,0.5728
SPADES QUEEN SPADES SIX,0.238,0.0428,0.7192
SPADES FOUR HEARTS QUEEN,0.3902,0.0118,0.598
DIAMONDS ACE DIAMONDS JACK,0.3,0.004,0.696
HEARTS FOUR DIAMONDS JACK,0.4,0.019,0.581
SPADES KING SPADES SIX,0.2414,0.0376,0.721
SPADES FOUR HEARTS KING,0.399,0.0084,0.5926
SPADES TEN SPADES SIX,0.0218,0.909,0.0692
SPADES JACK SPADES SIX,0.247,0.0526,0.7004
SPADES FOUR DIAMONDS JACK,0.4056,0.019,0.5754
SPADES FIVE DIAMONDS JACK,0.4072,0.016,0.5768
DIAMONDS JACK SPADES TWO,0.4086,0.0154,0.576
DIAMONDS JACK SPADES THREE,0.4078,0.0148,0.5774
SPADES ACE DIAMONDS THREE,0.3988,0.0034,0.5978
CLUBS EIGHT DIAMONDS JACK,0.3512,0.0202,0.6286
SPADES QUEEN DIAMONDS THREE,0.4188,0.0094,0.5718
SPADES KING DIAMONDS THREE,0.4126,0.0064,0.581
CLUBS NINE DIAMONDS JACK,0.3336,0.017,0.6494
CLUBS SEVEN DIAMONDS JACK,0.3552,0.0188,0.626
CLUBS FOUR DIAMONDS JACK,0.4174,0.0154,0.5672
CLUBS FIVE DIAMONDS JACK,0.4098,0.0172,0.573
CLUBS TWO DIAMONDS JACK,0.4164,0.018,0.5656
CLUBS THREE DIAMONDS JACK,0.4086,0.0186,0.5728
SPADES TEN CLUBS FIVE,0.4082,0.3802,0.2116
HEARTS SIX SPADES JACK,0.2578,0.0582,0.684
HEARTS SIX SPADES TEN,0.0164,0.9724,0.0112
SPADES JACK CLUBS FIVE,0.3874,0.0202,0.5924
SPADES JACK DIAMONDS THREE,0.4004,0.0188,0.5808
CLUBS SEVEN CLUBS ACE,0.3492,0.0046,0.6462
DIAMONDS THREE SPADES TEN,0.412,0.3612,0.2268
CLUBS SEVEN CLUBS QUEEN,0.3524,0.0144,0.6332
CLUBS SEVEN CLUBS KING,0.3536,0.0072,0.6392
SPADES NINE DIAMONDS JACK,0.3492,0.0138,0.637
CLUBS TEN CLUBS SEVEN,0.2214,0.2904,0.4882
DIAMONDS ACE HEARTS ACE,0.1404,0.0042,0.8554
HEARTS FOUR HEARTS ACE,0.3848,0.0064,0.6088
SPADES EIGHT DIAMONDS JACK,0.3434,0.0152,0.6414
SPADES ACE HEARTS SIX,0.2598,0.0254,0.7148
CLUBS JACK CLUBS SEVEN,0.3382,0.015,0.6468
DIAMONDS ACE HEARTS KING,0.3228,0.0034,0.6738
HEARTS FOUR HEARTS KING,0.3846,0.0084,0.607
SPADES SEVEN DIAMONDS JACK,0.367,0.0178,0.6152
SPADES KING HEARTS SIX,0.2576,0.0372,0.7052
DIAMONDS ACE HEARTS QUEEN,0.3346,0.0038,0.6616
HEARTS FOUR HEARTS QUEEN,0.38,0.0106,0.6094
SPADES QUEEN HEARTS SIX,0.25,0.0456,0.7044
SPADES SIX DIAMONDS JACK,0.2502,0.0554,0.6944
DIAMONDS TEN SPADES TWO,0.4002,0.376,0.2238
SPADES THREE DIAMONDS TEN,0.3988,0.3746,0.2266
SPADES FOUR DIAMONDS TEN,0.3982,0.3784,0.2234
SPADES FIVE DIAMONDS TEN,0.3986,0.3736,0.2278
SPADES SIX DIAMONDS TEN,0.0206,0.956,0.0234
SPADES SEVEN DIAMONDS TEN,0.2252,0.2916,0.4832
SPADES EIGHT DIAMONDS TEN,0.2278,0.2234,0.5488
SPADES NINE DIAMONDS TEN,0.2366,0.1668,0.5966
CLUBS FOUR DIAMONDS TEN,0.3874,0.3842,0.2284
CLUBS FIVE DIAMONDS TEN,0.3952,0.3846,0.2202
CLUBS SEVEN DIAMONDS TEN,0.224,0.293,0.483
CLUBS EIGHT DIAMONDS TEN,0.206,0.2248,0.5692
CLUBS NINE DIAMONDS TEN,0.22,0.171,0.609
CLUBS JACK DIAMONDS THREE,0.3944,0.0184,0.5872
CLUBS TEN DIAMONDS THREE,0.391,0.3842,0.2248
DIAMONDS THREE CLUBS KING,0.3958,0.0078,0.5964
DIAMONDS THREE CLUBS QUEEN,0.3958,0.0146,0.5896
DIAMONDS THREE CLUBS ACE,0.3932,0.0046,0.6022
SPADES FOUR HEARTS JACK,0.4144,0.0164,0.5692
SPADES FIVE SPADES TWO,0.5844,0.0342,0.3814
SPADES FOUR SPADES TWO,0.5908,0.024,0.3852
SPADES THREE SPADES TWO,0.5778,0.0274,0.3948
SPADES NINE SPADES TWO,0.5802,0.0248,0.395
SPADES EIGHT SPADES TWO,0.5896,0.0308,0.3796
SPADES SEVEN SPADES TWO,0.5798,0.0238,0.3964
SPADES SIX SPADES TWO,0.6362,0.0838,0.28
DIAMONDS QUEEN CLUBS THREE,0.41,0.011,0.579
CLUBS THREE HEARTS TWO,0.64,0.0308,0.3292
DIAMONDS QUEEN CLUBS TWO,0.4096,0.011,0.5794
HEARTS TWO CLUBS TWO,0.4226,0.0654,0.512
DIAMONDS QUEEN HEARTS SEVEN,0.3734,0.0098,0.6168
HEARTS TWO HEARTS SEVEN,0.6112,0.029,0.3598
HEARTS SIX DIAMONDS QUEEN,0.2604,0.0442,0.6954
HEARTS SIX HEARTS TWO,0.651,0.079,0.27
DIAMONDS QUEEN HEARTS NINE,0.3548,0.0106,0.6346
HEARTS TWO HEARTS NINE,0.6026,0.0262,0.3712
DIAMONDS QUEEN HEARTS EIGHT,0.3644,0.0136,0.622
HEARTS TWO HEARTS EIGHT,0.5954,0.0232,0.3814
CLUBS NINE HEARTS TWO,0.6294,0.0322,0.3384
CLUBS NINE DIAMONDS QUEEN,0.3446,0.0126,0.6428
CLUBS EIGHT DIAMONDS QUEEN,0.3558,0.0108,0.6334
CLUBS EIGHT HEARTS TWO,0.628,0.0282,0.3438
CLUBS FIVE DIAMONDS QUEEN,0.4096,0.0132,0.5772
CLUBS FIVE HEARTS TWO,0.6238,0.0354,0.3408
SPADES EIGHT HEARTS ACE,0.361,0.0026,0.6364
DIAMONDS QUEEN CLUBS FOUR,0.3964,0.0114,0.5922
HEARTS TWO CLUBS FOUR,0.636,0.0338,0.3302
CLUBS SEVEN DIAMONDS QUEEN,0.3666,0.0112,0.6222
CLUBS SEVEN HEARTS TWO,0.6392,0.0304,0.3304
SPADES EIGHT HEARTS QUEEN,0.3566,0.012,0.6314
SPADES EIGHT HEARTS KING,0.3636,0.008,0.6284
HEARTS TWO SPADES SIX,0.6816,0.0822,0.2362
DIAMONDS QUEEN SPADES SIX,0.2584,0.0472,0.6944
HEARTS FOUR CLUBS QUEEN,0.4102,0.0132,0.5766
DIAMONDS ACE CLUBS QUEEN,0.322,0.0036,0.6744
DIAMONDS QUEEN SPADES SEVEN,0.3642,0.0094,0.6264
HEARTS TWO SPADES SEVEN,0.6298,0.0294,0.3408
HEARTS FOUR CLUBS KING,0.3966,0.0084,0.595
DIAMONDS ACE CLUBS KING,0.3318,0.005,0.6632
DIAMONDS QUEEN SPADES EIGHT,0.3612,0.0112,0.6276
SPADES EIGHT HEARTS TWO,0.6326,0.026,0.3414
HEARTS FOUR CLUBS ACE,0.4102,0.0054,0.5844
DIAMONDS ACE CLUBS ACE,0.1524,0.0024,0.8452
SPADES NINE DIAMONDS QUEEN,0.3426,0.0082,0.6492
SPADES NINE HEARTS TWO,0.6348,0.0328,0.3324
HEARTS TWO SPADES TWO,0.4132,0.0638,0.523
DIAMONDS QUEEN SPADES TWO,0.4078,0.0132,0.579
HEARTS TWO SPADES THREE,0.6412,0.0316,0.3272
DIAMONDS QUEEN SPADES THREE,0.4102,0.0104,0.5794
HEARTS TWO SPADES FOUR,0.6302,0.0288,0.341
DIAMONDS QUEEN SPADES FOUR,0.3988,0.0096,0.5916
CLUBS TEN HEARTS FOUR,0.3954,0.3952,0.2094
CLUBS TEN DIAMONDS ACE,0.2356,0.0256,0.7388
HEARTS TWO SPADES FIVE,0.6314,0.0288,0.3398
DIAMONDS QUEEN SPADES FIVE,0.3914,0.0098,0.5988
HEARTS FOUR CLUBS JACK,0.406,0.0204,0.5736
CLUBS JACK DIAMONDS ACE,0.326,0.0042,0.6698
CLUBS FIVE CLUBS KING,0.3908,0.0082,0.601
CLUBS FIVE CLUBS QUEEN,0.3856,0.0136,0.6008
CLUBS FIVE CLUBS ACE,0.3748,0.0068,0.6184
CLUBS JACK CLUBS FIVE,0.3734,0.0156,0.611
CLUBS TEN CLUBS FIVE,0.3872,0.345,0.2678
SPADES KING CLUBS JACK,0.3266,0.0048,0.6686
CLUBS JACK SPADES QUEEN,0.3232,0.0094,0.6674
SPADES ACE CLUBS JACK,0.3246,0.0034,0.672
SPADES SIX CLUBS KING,0.258,0.036,0.706
SPADES SIX CLUBS QUEEN,0.247,0.044,0.709
SPADES EIGHT HEARTS JACK,0.3466,0.0164,0.637
SPADES SIX CLUBS ACE,0.2444,0.027,0.7286
CLUBS JACK SPADES SIX,0.242,0.0598,0.6982
CLUBS TEN SPADES SIX,0.0116,0.9716,0.0168
CLUBS JACK SPADES TEN,0.2144,0.0582,0.7274
CLUBS JACK SPADES JACK,0.1524,0.0208,0.8268
SPADES QUEEN CLUBS SEVEN,0.361,0.0128,0.6262
SPADES KING CLUBS SEVEN,0.3662,0.0074,0.6264
SPADES ACE CLUBS SEVEN,0.3596,0.0036,0.6368
SPADES SIX HEARTS JACK,0.2366,0.0578,0.7056
SPADES SIX HEARTS ACE,0.2496,0.021,0.7294
SPADES SIX HEARTS KING,0.2362,0.0384,0.7254
SPADES SIX HEARTS QUEEN,0.251,0.0474,0.7016
SPADES JACK CLUBS SEVEN,0.3592,0.0196,0.6212
SPADES TEN CLUBS SEVEN,0.216,0.2944,0.4896
CLUBS TEN HEARTS SIX,0.0084,0.9858,0.0058
CLUBS JACK HEARTS SIX,0.2486,0.0624,0.689
CLUBS JACK CLUBS ACE,0.3012,0.0042,0.6946
HEARTS SIX CLUBS QUEEN,0.25,0.047,0.703
HEARTS SIX CLUBS KING,0.2458,0.0396,0.7146
HEARTS SIX CLUBS ACE,0.2484,0.0302,0.7214
CLUBS JACK CLUBS QUEEN,0.297,0.0096,0.6934
CLUBS JACK CLUBS KING,0.3052,0.0064,0.6884
DIAMONDS THREE HEARTS ACE,0.3954,0.0036,0.601
DIAMONDS THREE HEARTS QUEEN,0.405,0.0118,0.5832
DIAMONDS THREE HEARTS KING,0.4014,0.006,0.5926
CLUBS FIVE HEARTS JACK,0.3946,0.0186,0.5868
SPADES TEN DIAMONDS ACE,0.2466,0.0236,0.7298
HEARTS FOUR SPADES TEN,0.4028,0.3798,0.2174
HEARTS FOUR SPADES JACK,0.4084,0.0178,0.5738
SPADES JACK DIAMONDS ACE,0.3314,0.0028,0.6658
SPADES ACE HEARTS FOUR,0.3986,0.006,0.5954
SPADES ACE DIAMONDS ACE,0.1434,0.0018,0.8548
CLUBS FIVE HEARTS ACE,0.3956,0.0056,0.5988
CLUBS FIVE HEARTS KING,0.3916,0.009,0.5994
HEARTS FOUR SPADES QUEEN,0.411,0.0138,0.5752
SPADES QUEEN DIAMONDS ACE,0.3348,0.003,0.6622
CLUBS JACK SPADES FOUR,0.397,0.0176,0.5854
CLUBS FIVE HEARTS QUEEN,0.4018,0.0134,0.5848
SPADES KING DIAMONDS ACE,0.3428,0.0042,0.653
HEARTS FOUR SPADES KING,0.4134,0.0068,0.5798
CLUBS TEN SPADES FOUR,0.3932,0.3834,0.2234
DIAMONDS QUEEN DIAMONDS ACE,0.305,0.004,0.691
HEARTS TWO DIAMONDS ACE,0.4088,0.0042,0.587
HEARTS FOUR DIAMONDS QUEEN,0.3922,0.0124,0.5954
HEARTS FOUR HEARTS TWO,0.5892,0.0282,0.3826
SPADES FOUR CLUBS KING,0.397,0.0086,0.5944
HEARTS FIVE DIAMONDS QUEEN,0.413,0.0126,0.5744
HEARTS FIVE HEARTS TWO,0.5922,0.0268,0.381
DIAMONDS THREE HEARTS JACK,0.4066,0.0202,0.5732
SPADES FOUR CLUBS QUEEN,0.3974,0.0124,0.5902
DIAMONDS QUEEN HEARTS TWO,0.4112,0.0122,0.5766
DIAMONDS KING DIAMONDS QUEEN,0.3094,0.0064,0.6842
DIAMONDS KING HEARTS TWO,0.4122,0.0072,0.5806
HEARTS THREE DIAMONDS QUEEN,0.4056,0.012,0.5824
HEARTS THREE HEARTS TWO,0.5924,0.0302,0.3774
SPADES FOUR CLUBS ACE,0.3878,0.005,0.6072
HEARTS TWO CLUBS ACE,0.3984,0.0058,0.5958
DIAMONDS QUEEN CLUBS ACE,0.3398,0.0024,0.6578
HEARTS TWO CLUBS QUEEN,0.404,0.0098,0.5862
DIAMONDS QUEEN CLUBS QUEEN,0.1456,0.0186,0.8358
HEARTS TWO CLUBS KING,0.407,0.0088,0.5842
DIAMONDS QUEEN CLUBS KING,0.3292,0.005,0.6658
SPADES EIGHT SPADES FIVE,0.5582,0.0284,0.4134
CLUBS TEN HEARTS TWO,0.408,0.377,0.215
CLUBS TEN DIAMONDS QUEEN,0.2416,0.0442,0.7142
SPADES NINE SPADES FIVE,0.5744,0.025,0.4006
CLUBS JACK HEARTS TWO,0.4002,0.0202,0.5796
CLUBS JACK DIAMONDS QUEEN,0.3026,0.0088,0.6886
SPADES SIX SPADES FIVE,0.6086,0.0808,0.3106
SPADES SEVEN SPADES FIVE,0.5602,0.0274,0.4124
DIAMONDS FIVE CLUBS QUEEN,0.4024,0.0116,0.586
SPADES EIGHT CLUBS ACE,0.361,0.005,0.634
DIAMONDS FIVE CLUBS KING,0.4002,0.0056,0.5942
SPADES EIGHT CLUBS KING,0.3726,0.0066,0.6208
DIAMONDS FIVE CLUBS ACE,0.3934,0.0046,0.602
SPADES EIGHT CLUBS QUEEN,0.3554,0.0112,0.6334
CLUBS JACK SPADES EIGHT,0.3484,0.0186,0.633
CLUBS TEN SPADES EIGHT,0.214,0.2244,0.5616
CLUBS TEN DIAMONDS FIVE,0.3928,0.3736,0.2336
CLUBS JACK DIAMONDS FIVE,0.4018,0.014,0.5842
DIAMONDS TEN HEARTS JACK,0.1998,0.0544,0.7458
SPADES ACE CLUBS NINE,0.361,0.003,0.636
SPADES QUEEN CLUBS NINE,0.3542,0.0086,0.6372
SPADES KING CLUBS NINE,0.3572,0.0058,0.637
HEARTS SIX HEARTS KING,0.2514,0.0362,0.7124
DIAMONDS KING SPADES SEVEN,0.369,0.0052,0.6258
HEARTS THREE SPADES SEVEN,0.619,0.0258,0.3552
SPADES KING DIAMONDS SEVEN,0.3706,0.0058,0.6236
HEARTS SIX HEARTS QUEEN,0.2418,0.0466,0.7116
SPADES QUEEN DIAMONDS SEVEN,0.3784,0.0072,0.6144
HEARTS THREE SPADES SIX,0.6728,0.0832,0.244
DIAMONDS KING SPADES SIX,0.2532,0.033,0.7138
DIAMONDS KING SPADES NINE,0.3578,0.005,0.6372
