opposingHand,winningChance,drawChance,lostChance
CLUBS TWO DIAMONDS SEVEN
HEARTS FIVE SPADES TEN,0.3492,0.0282,0.6226
HEARTS FIVE SPADES JACK,0.3504,0.0216,0.628
CLUBS JACK SPADES FIVE,0.3536,0.0194,0.627
CLUBS TEN SPADES FIVE,0.3318,0.0304,0.6378
CLUBS JACK CLUBS EIGHT,0.304,0.016,0.68
CLUBS TEN CLUBS EIGHT,0.279,0.0256,0.6954
CLUBS EIGHT CLUBS KING,0.3104,0.0074,0.6822
SPADES FIVE CLUBS ACE,0.3378,0.0058,0.6564
CLUBS EIGHT CLUBS QUEEN,0.2916,0.0136,0.6948
SPADES FIVE CLUBS KING,0.345,0.0092,0.6458
SPADES FIVE CLUBS QUEEN,0.3434,0.0146,0.642
CLUBS EIGHT CLUBS ACE,0.3028,0.0062,0.691
DIAMONDS TWO DIAMONDS THREE,0.5408,0.1842,0.275
DIAMONDS TWO DIAMONDS FIVE,0.5112,0.2006,0.2882
HEARTS FIVE SPADES KING,0.3468,0.0064,0.6468
DIAMONDS TWO DIAMONDS FOUR,0.5186,0.187,0.2944
HEARTS FIVE SPADES QUEEN,0.3474,0.013,0.6396
DIAMONDS TWO DIAMONDS SIX,0.5334,0.1856,0.281
SPADES ACE HEARTS FIVE,0.324,0.0038,0.6722
DIAMONDS TWO DIAMONDS NINE,0.228,0.0948,0.6772
DIAMONDS TWO DIAMONDS EIGHT,0.2308,0.1286,0.6406
DIAMONDS THREE DIAMONDS FOUR,0.4624,0.1054,0.4322
DIAMONDS THREE DIAMONDS FIVE,0.4606,0.0974,0.442
DIAMONDS THREE DIAMONDS EIGHT,0.3352,0.0652,0.5996
DIAMONDS THREE DIAMONDS NINE,0.3366,0.04,0.6234
DIAMONDS THREE DIAMONDS SIX,0.4762,0.0962,0.4276
CLUBS TEN CLUBS JACK,0.3012,0.013,0.6858
DIAMONDS FOUR DIAMONDS SIX,0.4678,0.102,0.4302
CLUBS TEN CLUBS QUEEN,0.301,0.0126,0.6864
CLUBS TEN CLUBS KING,0.304,0.0076,0.6884
CLUBS TEN CLUBS ACE,0.3124,0.004,0.6836
DIAMONDS FIVE DIAMONDS FOUR,0.4398,0.0996,0.4606
DIAMONDS NINE DIAMONDS FOUR,0.347,0.0398,0.6132
DIAMONDS FOUR DIAMONDS EIGHT,0.3298,0.0614,0.6088
DIAMONDS NINE DIAMONDS FIVE,0.326,0.0418,0.6322
CLUBS JACK DIAMONDS TWO,0.2394,0.0528,0.7078
DIAMONDS FIVE DIAMONDS EIGHT,0.2962,0.066,0.6378
CLUBS TEN DIAMONDS TWO,0.2256,0.0774,0.697
DIAMONDS FIVE DIAMONDS SIX,0.465,0.095,0.44
DIAMONDS TWO CLUBS ACE,0.2318,0.0112,0.757
DIAMONDS TWO CLUBS KING,0.2298,0.0276,0.7426
DIAMONDS TWO CLUBS QUEEN,0.2302,0.0376,0.7322
DIAMONDS EIGHT DIAMONDS SIX,0.2996,0.0666,0.6338
DIAMONDS NINE DIAMONDS SIX,0.305,0.0406,0.6544
HEARTS ACE SPADES THREE,0.3544,0.0062,0.6394
SPADES THREE HEARTS KING,0.3654,0.01,0.6246
HEARTS QUEEN SPADES THREE,0.3588,0.0142,0.627
SPADES THREE HEARTS JACK,0.3502,0.0236,0.6262
SPADES THREE HEARTS TEN,0.358,0.035,0.607
DIAMONDS NINE DIAMONDS EIGHT,0.276,0.0384,0.6856
DIAMONDS KING HEARTS TEN,0.3088,0.0088,0.6824
HEARTS THREE HEARTS TEN,0.3274,0.0284,0.6442
SPADES JACK CLUBS SIX,0.3446,0.023,0.6324
DIAMONDS KING HEARTS JACK,0.3186,0.007,0.6744
HEARTS THREE HEARTS JACK,0.3372,0.0244,0.6384
SPADES TEN CLUBS SIX,0.3434,0.0296,0.627
SPADES JACK SPADES FIVE,0.3146,0.0182,0.6672
SPADES TEN SPADES FIVE,0.3246,0.0312,0.6442
DIAMONDS KING HEARTS ACE,0.3156,0.0044,0.68
HEARTS THREE HEARTS ACE,0.3338,0.0074,0.6588
SPADES ACE CLUBS SIX,0.3486,0.0034,0.648
DIAMONDS KING HEARTS QUEEN,0.32,0.0066,0.6734
HEARTS THREE HEARTS QUEEN,0.334,0.0148,0.6512
SPADES KING CLUBS SIX,0.3448,0.0098,0.6454
DIAMONDS KING HEARTS KING,0.1256,0.0176,0.8568
HEARTS THREE HEARTS KING,0.327,0.0112,0.6618
SPADES QUEEN CLUBS SIX,0.3512,0.011,0.6378
SPADES NINE HEARTS TEN,0.2996,0.0212,0.6792
SPADES NINE HEARTS JACK,0.311,0.0158,0.6732
SPADES QUEEN SPADES FIVE,0.3208,0.0138,0.6654
SPADES KING SPADES FIVE,0.3348,0.0076,0.6576
SPADES ACE SPADES FIVE,0.3226,0.0058,0.6716
SPADES NINE HEARTS QUEEN,0.3274,0.0128,0.6598
SPADES NINE HEARTS KING,0.3184,0.0058,0.6758
SPADES NINE HEARTS ACE,0.3292,0.0042,0.6666
CLUBS TEN SPADES JACK,0.3062,0.0166,0.6772
CLUBS TEN SPADES TEN,0.1308,0.0552,0.814
SPADES ACE CLUBS TEN,0.3156,0.0072,0.6772
CLUBS TEN SPADES KING,0.3236,0.005,0.6714
CLUBS TEN SPADES QUEEN,0.3072,0.0114,0.6814
SPADES FIVE HEARTS QUEEN,0.3442,0.0148,0.641
SPADES FIVE HEARTS KING,0.3442,0.009,0.6468
HEARTS ACE SPADES FIVE,0.3412,0.0058,0.653
CLUBS EIGHT SPADES TEN,0.2892,0.028,0.6828
SPADES JACK HEARTS THREE,0.3434,0.0214,0.6352
SPADES JACK DIAMONDS KING,0.3178,0.0082,0.674
SPADES TEN DIAMONDS KING,0.314,0.0074,0.6786
SPADES TEN HEARTS THREE,0.3536,0.0302,0.6162
CLUBS EIGHT SPADES JACK,0.3244,0.0186,0.657
CLUBS SIX HEARTS ACE,0.3446,0.005,0.6504
SPADES ACE CLUBS EIGHT,0.3082,0.0042,0.6876
HEARTS FIVE CLUBS JACK,0.35,0.0172,0.6328
CLUBS TEN HEARTS FIVE,0.3446,0.0304,0.625
CLUBS SIX HEARTS QUEEN,0.3348,0.0134,0.6518
SPADES QUEEN CLUBS EIGHT,0.3154,0.014,0.6706
CLUBS TEN SPADES THREE,0.3426,0.0286,0.6288
CLUBS SIX HEARTS KING,0.3338,0.01,0.6562
SPADES KING CLUBS EIGHT,0.3172,0.0074,0.6754
CLUBS JACK SPADES THREE,0.3532,0.0224,0.6244
DIAMONDS TWO HEARTS JACK,0.2528,0.0484,0.6988
SPADES THREE CLUBS QUEEN,0.3448,0.0132,0.642
DIAMONDS TWO HEARTS TEN,0.2384,0.0694,0.6922
SPADES THREE CLUBS KING,0.3658,0.0096,0.6246
HEARTS FIVE CLUBS ACE,0.327,0.0054,0.6676
SPADES FIVE HEARTS TEN,0.3532,0.0326,0.6142
SPADES THREE CLUBS ACE,0.3454,0.0048,0.6498
HEARTS FIVE CLUBS KING,0.3454,0.0082,0.6464
SPADES FIVE HEARTS JACK,0.354,0.016,0.63
HEARTS FIVE CLUBS QUEEN,0.3392,0.0126,0.6482
HEARTS THREE CLUBS KING,0.352,0.0106,0.6374
DIAMONDS KING CLUBS KING,0.1062,0.0166,0.8772
HEARTS THREE CLUBS QUEEN,0.3534,0.0152,0.6314
DIAMONDS KING CLUBS QUEEN,0.313,0.006,0.681
HEARTS FIVE HEARTS JACK,0.3246,0.0168,0.6586
HEARTS FIVE HEARTS TEN,0.3286,0.0284,0.643
HEARTS THREE CLUBS ACE,0.339,0.0052,0.6558
DIAMONDS KING CLUBS ACE,0.3128,0.0058,0.6814
SPADES ACE CLUBS QUEEN,0.31,0.005,0.685
SPADES KING CLUBS QUEEN,0.3168,0.0072,0.676
CLUBS JACK HEARTS THREE,0.3578,0.0214,0.6208
CLUBS JACK DIAMONDS KING,0.3118,0.009,0.6792
SPADES QUEEN CLUBS QUEEN,0.1194,0.0278,0.8528
CLUBS TEN HEARTS THREE,0.3494,0.0302,0.6204
CLUBS TEN DIAMONDS KING,0.3096,0.0082,0.6822
SPADES JACK CLUBS QUEEN,0.3222,0.0106,0.6672
CLUBS SIX CLUBS QUEEN,0.33,0.0132,0.6568
SPADES TEN CLUBS QUEEN,0.3162,0.0122,0.6716
CLUBS SIX CLUBS KING,0.3408,0.0072,0.652
CLUBS SIX CLUBS ACE,0.3256,0.0072,0.6672
HEARTS FIVE HEARTS KING,0.3238,0.007,0.6692
HEARTS FIVE HEARTS QUEEN,0.3208,0.0128,0.6664
CLUBS TEN CLUBS SIX,0.3308,0.0282,0.641
HEARTS FIVE HEARTS ACE,0.3168,0.0058,0.6774
CLUBS JACK CLUBS SIX,0.3384,0.0184,0.6432
SPADES SEVEN HEARTS JACK,0.2334,0.0672,0.6994
SPADES SEVEN HEARTS TEN,0.2272,0.0784,0.6944
DIAMONDS TWO CLUBS THREE,0.5498,0.2016,0.2486
DIAMONDS TWO HEARTS SIX,0.5756,0.1788,0.2456
DIAMONDS TWO HEARTS QUEEN,0.2416,0.0352,0.7232
HEARTS SEVEN DIAMONDS TWO,0.0194,0.9688,0.0118
DIAMONDS TWO HEARTS KING,0.2448,0.0246,0.7306
DIAMONDS TWO HEARTS EIGHT,0.2312,0.14,0.6288
DIAMONDS TWO HEARTS ACE,0.2598,0.0142,0.726
DIAMONDS TWO HEARTS NINE,0.2386,0.0934,0.668
DIAMONDS TWO DIAMONDS QUEEN,0.2368,0.0356,0.7276
DIAMONDS TWO HEARTS TWO,0.2584,0.0814,0.6602
DIAMONDS TWO DIAMONDS KING,0.2378,0.0252,0.737
DIAMONDS TWO HEARTS THREE,0.5468,0.196,0.2572
DIAMONDS TWO DIAMONDS ACE,0.2264,0.0138,0.7598
HEARTS FOUR DIAMONDS TWO,0.543,0.2044,0.2526
HEARTS FIVE DIAMONDS TWO,0.5552,0.1948,0.25
SPADES SEVEN HEARTS ACE,0.2234,0.0298,0.7468
DIAMONDS TWO DIAMONDS TEN,0.2296,0.0732,0.6972
SPADES SEVEN HEARTS KING,0.2218,0.0384,0.7398
DIAMONDS TWO DIAMONDS JACK,0.238,0.048,0.714
SPADES SEVEN HEARTS QUEEN,0.2318,0.0482,0.72
DIAMONDS TWO SPADES NINE,0.232,0.0984,0.6696
DIAMONDS TWO SPADES EIGHT,0.2358,0.144,0.6202
DIAMONDS TWO SPADES SEVEN,0.0148,0.9764,0.0088
DIAMONDS TWO SPADES SIX,0.5668,0.196,0.2372
DIAMONDS TWO SPADES FIVE,0.5346,0.1956,0.2698
DIAMONDS TWO SPADES FOUR,0.5492,0.1938,0.257
DIAMONDS TWO SPADES THREE,0.5584,0.1924,0.2492
DIAMONDS TWO SPADES TWO,0.261,0.0846,0.6544
DIAMONDS TWO CLUBS NINE,0.2314,0.1092,0.6594
CLUBS EIGHT DIAMONDS TWO,0.233,0.14,0.627
DIAMONDS TWO CLUBS SEVEN,0.0064,0.9842,0.0094
DIAMONDS TWO CLUBS SIX,0.5678,0.199,0.2332
DIAMONDS TWO CLUBS FIVE,0.5358,0.202,0.2622
DIAMONDS TWO CLUBS FOUR,0.5466,0.1974,0.256
CLUBS FOUR SPADES FIVE,0.4614,0.1094,0.4292
CLUBS FOUR SPADES FOUR,0.2354,0.1248,0.6398
CLUBS FOUR SPADES THREE,0.4904,0.1092,0.4004
CLUBS FOUR SPADES TWO,0.5408,0.1986,0.2606
SPADES NINE CLUBS FOUR,0.3372,0.0462,0.6166
SPADES EIGHT CLUBS FOUR,0.3302,0.0666,0.6032
CLUBS FOUR SPADES SEVEN,0.2234,0.49,0.2866
CLUBS FOUR SPADES SIX,0.4782,0.1,0.4218
SPADES ACE DIAMONDS SIX,0.3632,0.006,0.6308
SPADES QUEEN DIAMONDS SIX,0.3514,0.0152,0.6334
SPADES KING DIAMONDS SIX,0.3574,0.0082,0.6344
SPADES TEN DIAMONDS SIX,0.3504,0.0292,0.6204
SPADES JACK DIAMONDS SIX,0.3648,0.0204,0.6148
SPADES QUEEN SPADES TWO,0.2352,0.0332,0.7316
SPADES KING SPADES TWO,0.2406,0.0208,0.7386
SPADES ACE SPADES TWO,0.2296,0.0166,0.7538
CLUBS JACK DIAMONDS JACK,0.1204,0.0462,0.8334
CLUBS TEN DIAMONDS JACK,0.2858,0.0156,0.6986
DIAMONDS JACK CLUBS KING,0.3202,0.0084,0.6714
DIAMONDS JACK CLUBS QUEEN,0.3064,0.0134,0.6802
DIAMONDS THREE DIAMONDS JACK,0.3438,0.0202,0.636
DIAMONDS THREE DIAMONDS TEN,0.3344,0.0278,0.6378
DIAMONDS JACK CLUBS ACE,0.3074,0.0038,0.6888
DIAMONDS THREE DIAMONDS KING,0.3346,0.0096,0.6558
DIAMONDS THREE HEARTS THREE,0.2516,0.1208,0.6276
DIAMONDS THREE DIAMONDS QUEEN,0.324,0.0156,0.6604
DIAMONDS THREE HEARTS TWO,0.5464,0.2016,0.252
HEARTS FIVE DIAMONDS THREE,0.4884,0.1026,0.409
DIAMONDS THREE DIAMONDS ACE,0.3286,0.006,0.6654
HEARTS FOUR DIAMONDS THREE,0.4804,0.1072,0.4124
HEARTS SEVEN DIAMONDS THREE,0.2144,0.5218,0.2638
SPADES TEN SPADES NINE,0.2896,0.0236,0.6868
HEARTS SIX DIAMONDS THREE,0.508,0.1044,0.3876
SPADES JACK SPADES NINE,0.2896,0.014,0.6964
DIAMONDS THREE HEARTS NINE,0.3568,0.045,0.5982
HEARTS JACK DIAMONDS FOUR,0.3612,0.0214,0.6174
HEARTS ACE HEARTS KING,0.308,0.006,0.686
SPADES TEN SPADES TWO,0.23,0.0654,0.7046
DIAMONDS THREE HEARTS EIGHT,0.341,0.0704,0.5886
HEARTS TEN DIAMONDS FOUR,0.3464,0.028,0.6256
SPADES JACK SPADES TWO,0.2322,0.0468,0.721
HEARTS QUEEN DIAMONDS FOUR,0.355,0.0146,0.6304
HEARTS KING DIAMONDS FOUR,0.3536,0.0092,0.6372
SPADES ACE SPADES NINE,0.2832,0.0054,0.7114
HEARTS ACE DIAMONDS FOUR,0.3388,0.0056,0.6556
SPADES KING SPADES NINE,0.2946,0.0068,0.6986
SPADES QUEEN SPADES NINE,0.2976,0.0124,0.69
DIAMONDS THREE SPADES NINE,0.3604,0.0474,0.5922
DIAMONDS THREE SPADES EIGHT,0.3572,0.0716,0.5712
DIAMONDS THREE SPADES SEVEN,0.2114,0.522,0.2666
DIAMONDS THREE SPADES SIX,0.4928,0.1022,0.405
DIAMONDS THREE CLUBS SIX,0.4912,0.1014,0.4074
CLUBS SIX CLUBS FIVE,0.4348,0.0952,0.47
CLUBS ACE DIAMONDS FOUR,0.3332,0.007,0.6598
DIAMONDS THREE CLUBS SEVEN,0.2034,0.5296,0.267
CLUBS SEVEN CLUBS FIVE,0.1972,0.4274,0.3754
DIAMONDS THREE CLUBS FOUR,0.483,0.1082,0.4088
DIAMONDS FOUR CLUBS QUEEN,0.3446,0.0136,0.6418
DIAMONDS THREE CLUBS FIVE,0.4902,0.105,0.4048
DIAMONDS FOUR CLUBS KING,0.3496,0.0114,0.639
CLUBS TEN DIAMONDS FOUR,0.3394,0.0314,0.6292
DIAMONDS THREE CLUBS THREE,0.2396,0.1294,0.631
CLUBS JACK DIAMONDS FOUR,0.3462,0.0232,0.6306
DIAMONDS THREE SPADES FOUR,0.472,0.1096,0.4184
DIAMONDS THREE SPADES FIVE,0.4736,0.1056,0.4208
DIAMONDS THREE SPADES TWO,0.5466,0.2046,0.2488
DIAMONDS THREE SPADES THREE,0.253,0.1282,0.6188
CLUBS EIGHT DIAMONDS THREE,0.3414,0.0756,0.583
CLUBS NINE DIAMONDS THREE,0.349,0.044,0.607
SPADES SEVEN CLUBS ACE,0.2064,0.033,0.7606
SPADES SEVEN CLUBS QUEEN,0.2114,0.0452,0.7434
SPADES SEVEN CLUBS KING,0.2242,0.045,0.7308
SPADES SEVEN CLUBS FIVE,0.2082,0.439,0.3528
CLUBS TEN SPADES SEVEN,0.2128,0.0858,0.7014
CLUBS FIVE SPADES SIX,0.4694,0.1066,0.424
CLUBS JACK SPADES SEVEN,0.2222,0.067,0.7108
SPADES NINE CLUBS FIVE,0.3372,0.0464,0.6164
SPADES EIGHT CLUBS FIVE,0.3168,0.0712,0.612
CLUBS FIVE SPADES THREE,0.476,0.1088,0.4152
CLUBS FIVE SPADES TWO,0.539,0.198,0.263
CLUBS FIVE SPADES FIVE,0.2298,0.1152,0.655
CLUBS FIVE SPADES FOUR,0.4564,0.1068,0.4368
CLUBS NINE CLUBS FIVE,0.3068,0.0398,0.6534
CLUBS EIGHT CLUBS FIVE,0.318,0.0684,0.6136
CLUBS ACE CLUBS QUEEN,0.308,0.0076,0.6844
CLUBS KING CLUBS QUEEN,0.2956,0.0058,0.6986
DIAMONDS TEN DIAMONDS FOUR,0.3304,0.0282,0.6414
CLUBS TEN DIAMONDS NINE,0.291,0.0248,0.6842
DIAMONDS JACK DIAMONDS FOUR,0.3366,0.0188,0.6446
CLUBS JACK DIAMONDS NINE,0.2992,0.0174,0.6834
CLUBS JACK SPADES NINE,0.3042,0.0166,0.6792
CLUBS TEN SPADES NINE,0.2892,0.024,0.6868
DIAMONDS ACE DIAMONDS FOUR,0.322,0.0056,0.6724
HEARTS FOUR DIAMONDS FOUR,0.2446,0.1144,0.641
DIAMONDS JACK HEARTS TEN,0.2942,0.0154,0.6904
SPADES NINE CLUBS KING,0.3222,0.0064,0.6714
DIAMONDS TWO SPADES TEN,0.2458,0.0708,0.6834
DIAMONDS NINE CLUBS ACE,0.3022,0.0042,0.6936
HEARTS FIVE DIAMONDS FOUR,0.4718,0.101,0.4272
DIAMONDS JACK HEARTS JACK,0.1136,0.0438,0.8426
SPADES NINE CLUBS QUEEN,0.3138,0.0092,0.677
DIAMONDS TWO SPADES JACK,0.2458,0.0484,0.7058
DIAMONDS QUEEN DIAMONDS FOUR,0.3278,0.013,0.6592
HEARTS TWO DIAMONDS FOUR,0.5446,0.1974,0.258
DIAMONDS NINE CLUBS QUEEN,0.3118,0.0118,0.6764
DIAMONDS KING DIAMONDS FOUR,0.3422,0.0104,0.6474
HEARTS THREE DIAMONDS FOUR,0.4864,0.106,0.4076
SPADES NINE CLUBS ACE,0.3058,0.0038,0.6904
DIAMONDS NINE CLUBS KING,0.311,0.0072,0.6818
HEARTS ACE DIAMONDS JACK,0.3194,0.0032,0.6774
SPADES ACE DIAMONDS TWO,0.2334,0.0122,0.7544
HEARTS QUEEN DIAMONDS JACK,0.3106,0.0108,0.6786
SPADES QUEEN DIAMONDS TWO,0.2408,0.0416,0.7176
HEARTS KING DIAMONDS JACK,0.3126,0.005,0.6824
SPADES KING DIAMONDS TWO,0.2478,0.022,0.7302
SPADES JACK SPADES SEVEN,0.2136,0.0594,0.727
SPADES TEN SPADES SEVEN,0.2072,0.0784,0.7144
CLUBS SEVEN CLUBS THREE,0.2074,0.4926,0.3
CLUBS SIX CLUBS THREE,0.4686,0.1062,0.4252
CLUBS FIVE CLUBS THREE,0.4648,0.0936,0.4416
CLUBS FOUR CLUBS THREE,0.4454,0.1058,0.4488
CLUBS NINE CLUBS THREE,0.3312,0.0462,0.6226
CLUBS EIGHT CLUBS THREE,0.3464,0.0642,0.5894
SPADES FIVE CLUBS THREE,0.4822,0.0996,0.4182
CLUBS THREE SPADES FOUR,0.4792,0.1082,0.4126
CLUBS THREE SPADES THREE,0.248,0.1226,0.6294
CLUBS THREE SPADES TWO,0.5296,0.2164,0.254
SPADES SIX CLUBS THREE,0.4936,0.1054,0.401
SPADES SEVEN CLUBS THREE,0.2074,0.5076,0.285
SPADES EIGHT CLUBS THREE,0.3548,0.0652,0.58
SPADES NINE CLUBS THREE,0.3514,0.0446,0.604
SPADES TWO DIAMONDS FOUR,0.5414,0.203,0.2556
SPADES THREE DIAMONDS FOUR,0.486,0.0982,0.4158
SPADES FOUR DIAMONDS FOUR,0.2472,0.1192,0.6336
SPADES FIVE DIAMONDS FOUR,0.4648,0.101,0.4342
SPADES SIX DIAMONDS FOUR,0.4784,0.1024,0.4192
SPADES SEVEN DIAMONDS FOUR,0.224,0.499,0.277
SPADES EIGHT DIAMONDS FOUR,0.3326,0.0734,0.594
SPADES NINE DIAMONDS FOUR,0.3472,0.0472,0.6056
CLUBS FIVE DIAMONDS FOUR,0.4664,0.1146,0.419
CLUBS FOUR DIAMONDS FOUR,0.2384,0.127,0.6346
CLUBS SEVEN DIAMONDS FOUR,0.2002,0.51,0.2898
CLUBS SIX DIAMONDS FOUR,0.481,0.101,0.418
CLUBS NINE DIAMONDS FOUR,0.3448,0.0442,0.611
CLUBS EIGHT DIAMONDS FOUR,0.3496,0.056,0.5944
HEARTS SEVEN DIAMONDS FOUR,0.2152,0.5044,0.2804
HEARTS SIX DIAMONDS FOUR,0.4776,0.1054,0.417
DIAMONDS FOUR HEARTS NINE,0.3578,0.0462,0.596
DIAMONDS FOUR HEARTS EIGHT,0.3404,0.0658,0.5938
CLUBS THREE DIAMONDS FOUR,0.4754,0.1044,0.4202
DIAMONDS TEN DIAMONDS FIVE,0.3354,0.027,0.6376
DIAMONDS JACK DIAMONDS FIVE,0.331,0.0194,0.6496
DIAMONDS NINE HEARTS QUEEN,0.3072,0.01,0.6828
DIAMONDS NINE HEARTS KING,0.3072,0.0088,0.684
HEARTS ACE DIAMONDS NINE,0.296,0.006,0.698
DIAMONDS NINE HEARTS TEN,0.2986,0.0256,0.6758
DIAMONDS NINE HEARTS JACK,0.3122,0.0178,0.67
CLUBS KING DIAMONDS SIX,0.3556,0.0104,0.634
CLUBS QUEEN DIAMONDS SIX,0.3406,0.0142,0.6452
CLUBS ACE DIAMONDS SIX,0.3438,0.0042,0.652
SPADES KING DIAMONDS FOUR,0.3626,0.0072,0.6302
SPADES ACE SPADES SEVEN,0.1972,0.0338,0.769
SPADES QUEEN DIAMONDS FOUR,0.3514,0.0134,0.6352
SPADES QUEEN SPADES SEVEN,0.205,0.0462,0.7488
CLUBS JACK DIAMONDS SIX,0.3594,0.0192,0.6214
SPADES KING SPADES SEVEN,0.2128,0.0418,0.7454
SPADES ACE DIAMONDS FOUR,0.346,0.007,0.647
CLUBS TEN DIAMONDS SIX,0.3324,0.0274,0.6402
CLUBS NINE CLUBS FOUR,0.3396,0.0422,0.6182
CLUBS EIGHT CLUBS FOUR,0.3252,0.0692,0.6056
SPADES JACK DIAMONDS FOUR,0.3508,0.022,0.6272
SPADES TEN DIAMONDS FOUR,0.3524,0.0334,0.6142
CLUBS FOUR CLUBS FIVE,0.4348,0.1022,0.463
CLUBS SEVEN CLUBS FOUR,0.206,0.478,0.316
CLUBS SIX CLUBS FOUR,0.4442,0.1022,0.4536
CLUBS SEVEN SPADES EIGHT,0.1978,0.1562,0.646
SPADES NINE CLUBS SEVEN,0.2148,0.1152,0.67
CLUBS SEVEN SPADES SIX,0.21,0.361,0.429
CLUBS SEVEN SPADES SEVEN,0.06,0.103,0.837
CLUBS SEVEN SPADES FIVE,0.2068,0.4476,0.3456
CLUBS SEVEN SPADES FOUR,0.2098,0.4876,0.3026
CLUBS SEVEN SPADES THREE,0.223,0.4986,0.2784
CLUBS SEVEN SPADES TWO,0.009,0.9758,0.0152
CLUBS NINE CLUBS SEVEN,0.2078,0.1144,0.6778
CLUBS EIGHT CLUBS SEVEN,0.2088,0.1354,0.6558
HEARTS SIX DIAMONDS FIVE,0.4754,0.0996,0.425
HEARTS SEVEN DIAMONDS FIVE,0.219,0.433,0.348
DIAMONDS FIVE HEARTS EIGHT,0.3326,0.0644,0.603
DIAMONDS FIVE HEARTS NINE,0.3328,0.0452,0.622
DIAMONDS QUEEN DIAMONDS FIVE,0.337,0.0168,0.6462
HEARTS TWO DIAMONDS FIVE,0.547,0.201,0.252
HEARTS KING HEARTS EIGHT,0.298,0.0072,0.6948
DIAMONDS KING DIAMONDS FIVE,0.3318,0.0084,0.6598
HEARTS THREE DIAMONDS FIVE,0.49,0.1006,0.4094
HEARTS QUEEN HEARTS EIGHT,0.2984,0.0132,0.6884
DIAMONDS ACE DIAMONDS FIVE,0.3136,0.0056,0.6808
HEARTS FOUR DIAMONDS FIVE,0.4676,0.1072,0.4252
HEARTS FIVE DIAMONDS FIVE,0.2304,0.12,0.6496
HEARTS ACE HEARTS EIGHT,0.3018,0.0042,0.694
CLUBS FOUR DIAMONDS FIVE,0.4688,0.1006,0.4306
CLUBS FIVE DIAMONDS FIVE,0.2278,0.1176,0.6546
CLUBS SIX DIAMONDS FIVE,0.4638,0.1054,0.4308
CLUBS SEVEN DIAMONDS FIVE,0.2034,0.4538,0.3428
CLUBS THREE DIAMONDS FIVE,0.4812,0.1162,0.4026
SPADES THREE DIAMONDS FIVE,0.499,0.1088,0.3922
SPADES TWO DIAMONDS FIVE,0.5446,0.1952,0.2602
SPADES JACK DIAMONDS EIGHT,0.316,0.0196,0.6644
SPADES FIVE DIAMONDS FIVE,0.2278,0.1214,0.6508
CLUBS TEN HEARTS JACK,0.3118,0.0154,0.6728
SPADES TEN DIAMONDS EIGHT,0.3038,0.026,0.6702
SPADES FOUR DIAMONDS FIVE,0.459,0.1008,0.4402
CLUBS JACK HEARTS JACK,0.1248,0.0412,0.834
HEARTS JACK CLUBS QUEEN,0.3158,0.0094,0.6748
CLUBS NINE DIAMONDS FIVE,0.3338,0.049,0.6172
CLUBS EIGHT DIAMONDS FIVE,0.3292,0.0642,0.6066
HEARTS JACK CLUBS KING,0.3076,0.0056,0.6868
CLUBS ACE HEARTS JACK,0.32,0.0058,0.6742
SPADES SEVEN DIAMONDS FIVE,0.2082,0.4462,0.3456
SPADES KING DIAMONDS EIGHT,0.3212,0.0072,0.6716
SPADES QUEEN DIAMONDS EIGHT,0.3152,0.0152,0.6696
SPADES SIX DIAMONDS FIVE,0.4558,0.105,0.4392
SPADES NINE DIAMONDS FIVE,0.3448,0.0438,0.6114
SPADES EIGHT DIAMONDS FIVE,0.3374,0.0642,0.5984
SPADES ACE DIAMONDS EIGHT,0.3122,0.0052,0.6826
DIAMONDS TEN DIAMONDS SIX,0.3268,0.0294,0.6438
DIAMONDS JACK DIAMONDS SIX,0.3326,0.0146,0.6528
DIAMONDS ACE DIAMONDS SIX,0.3294,0.0038,0.6668
HEARTS FOUR DIAMONDS SIX,0.491,0.1076,0.4014
SPADES TWO HEARTS JACK,0.2496,0.0518,0.6986
HEARTS FIVE DIAMONDS SIX,0.475,0.0962,0.4288
SPADES TWO HEARTS TEN,0.2564,0.0618,0.6818
DIAMONDS QUEEN DIAMONDS SIX,0.3278,0.0122,0.66
HEARTS TWO DIAMONDS SIX,0.566,0.202,0.232
DIAMONDS KING DIAMONDS SIX,0.3246,0.0096,0.6658
HEARTS THREE DIAMONDS SIX,0.488,0.113,0.399
HEARTS EIGHT DIAMONDS SIX,0.324,0.0666,0.6094
HEARTS NINE DIAMONDS SIX,0.327,0.044,0.629
HEARTS SIX DIAMONDS SIX,0.2364,0.1042,0.6594
HEARTS SEVEN DIAMONDS SIX,0.215,0.3684,0.4166
CLUBS THREE DIAMONDS SIX,0.4944,0.1054,0.4002
CLUBS SEVEN DIAMONDS SIX,0.2038,0.385,0.4112
CLUBS JACK DIAMONDS EIGHT,0.3078,0.0152,0.677
CLUBS SIX DIAMONDS SIX,0.2402,0.1086,0.6512
CLUBS TEN DIAMONDS EIGHT,0.2868,0.025,0.6882
CLUBS FIVE DIAMONDS SIX,0.4534,0.1076,0.439
CLUBS FOUR DIAMONDS SIX,0.4614,0.1116,0.427
HEARTS ACE HEARTS JACK,0.3018,0.005,0.6932
CLUBS ACE DIAMONDS EIGHT,0.299,0.0054,0.6956
HEARTS QUEEN HEARTS JACK,0.296,0.0092,0.6948
CLUBS KING DIAMONDS EIGHT,0.3062,0.0104,0.6834
CLUBS NINE DIAMONDS SIX,0.3358,0.0482,0.616
HEARTS KING HEARTS JACK,0.3026,0.0046,0.6928
CLUBS EIGHT DIAMONDS SIX,0.318,0.0658,0.6162
DIAMONDS EIGHT CLUBS QUEEN,0.3116,0.0132,0.6752
SPADES TEN HEARTS KING,0.3122,0.008,0.6798
SPADES FIVE DIAMONDS SIX,0.4672,0.1008,0.432
HEARTS ACE SPADES TWO,0.2508,0.0082,0.741
SPADES JACK HEARTS KING,0.319,0.0088,0.6722
SPADES FOUR DIAMONDS SIX,0.4836,0.0994,0.417
SPADES THREE DIAMONDS SIX,0.5018,0.113,0.3852
HEARTS QUEEN SPADES TWO,0.244,0.037,0.719
SPADES ACE SPADES KING,0.2998,0.0032,0.697
HEARTS KING SPADES TWO,0.2414,0.0256,0.733
SPADES TWO DIAMONDS SIX,0.5694,0.194,0.2366
HEARTS TEN HEARTS EIGHT,0.2824,0.0238,0.6938
SPADES NINE DIAMONDS SIX,0.3332,0.042,0.6248
HEARTS JACK HEARTS EIGHT,0.3074,0.016,0.6766
SPADES EIGHT DIAMONDS SIX,0.3236,0.0662,0.6102
SPADES SEVEN DIAMONDS SIX,0.2064,0.3738,0.4198
SPADES SIX DIAMONDS SIX,0.2294,0.1018,0.6688
SPADES KING HEARTS KING,0.1236,0.0206,0.8558
SPADES QUEEN HEARTS KING,0.3218,0.0078,0.6704
CLUBS ACE CLUBS KING,0.3078,0.0054,0.6868
SPADES ACE HEARTS KING,0.3294,0.0046,0.666
SPADES ACE HEARTS JACK,0.3232,0.0056,0.6712
SPADES QUEEN HEARTS JACK,0.321,0.0114,0.6676
SPADES KING HEARTS JACK,0.3364,0.0074,0.6562
SPADES TEN DIAMONDS TEN,0.1226,0.0582,0.8192
SPADES JACK DIAMONDS TEN,0.3038,0.017,0.6792
SPADES ACE DIAMONDS TEN,0.3196,0.0046,0.6758
SPADES JACK HEARTS JACK,0.1284,0.0418,0.8298
SPADES TEN HEARTS JACK,0.3142,0.0132,0.6726
SPADES QUEEN DIAMONDS TEN,0.3118,0.0098,0.6784
SPADES KING DIAMONDS TEN,0.3116,0.005,0.6834
HEARTS KING DIAMONDS FIVE,0.3578,0.007,0.6352
HEARTS QUEEN DIAMONDS FIVE,0.3412,0.0162,0.6426
HEARTS ACE DIAMONDS FIVE,0.3364,0.0048,0.6588
DIAMONDS FIVE HEARTS JACK,0.3382,0.0234,0.6384
HEARTS TEN DIAMONDS FIVE,0.3546,0.0266,0.6188
HEARTS KING CLUBS KING,0.1274,0.0152,0.8574
HEARTS KING CLUBS QUEEN,0.321,0.0078,0.6712
CLUBS JACK SPADES TWO,0.2328,0.056,0.7112
CLUBS SIX CLUBS SEVEN,0.2088,0.3448,0.4464
CLUBS TEN SPADES TWO,0.2342,0.0714,0.6944
HEARTS KING CLUBS ACE,0.3184,0.0052,0.6764
SPADES TWO CLUBS KING,0.2376,0.0254,0.737
CLUBS EIGHT CLUBS SIX,0.2984,0.064,0.6376
SPADES TWO CLUBS QUEEN,0.2374,0.0318,0.7308
CLUBS NINE CLUBS SIX,0.3114,0.0368,0.6518
CLUBS JACK HEARTS KING,0.3186,0.0088,0.6726
SPADES TWO CLUBS ACE,0.2406,0.0124,0.747
CLUBS TEN HEARTS KING,0.309,0.006,0.685
CLUBS SIX SPADES TWO,0.5526,0.1954,0.252
CLUBS SIX SPADES THREE,0.481,0.1098,0.4092
CLUBS SIX SPADES FOUR,0.4824,0.0972,0.4204
CLUBS SIX SPADES FIVE,0.4712,0.1068,0.422
CLUBS SIX SPADES SIX,0.2206,0.097,0.6824
CLUBS SIX SPADES SEVEN,0.1966,0.3782,0.4252
CLUBS SIX SPADES EIGHT,0.3104,0.0676,0.622
CLUBS SIX SPADES NINE,0.3134,0.0406,0.646
CLUBS THREE DIAMONDS EIGHT,0.3494,0.0666,0.584
HEARTS SEVEN DIAMONDS EIGHT,0.213,0.151,0.636
HEARTS SIX DIAMONDS EIGHT,0.3186,0.0638,0.6176
DIAMONDS EIGHT HEARTS NINE,0.2946,0.0384,0.667
HEARTS EIGHT DIAMONDS EIGHT,0.1268,0.0884,0.7848
CLUBS NINE DIAMONDS EIGHT,0.2788,0.0398,0.6814
CLUBS EIGHT DIAMONDS EIGHT,0.1168,0.0806,0.8026
CLUBS FIVE DIAMONDS EIGHT,0.3094,0.0684,0.6222
SPADES ACE SPADES THREE,0.3224,0.005,0.6726
CLUBS FOUR DIAMONDS EIGHT,0.3154,0.0716,0.613
CLUBS SEVEN DIAMONDS EIGHT,0.2088,0.1438,0.6474
SPADES QUEEN SPADES THREE,0.314,0.0142,0.6718
CLUBS SIX DIAMONDS EIGHT,0.313,0.0698,0.6172
SPADES KING SPADES THREE,0.3336,0.0094,0.657
DIAMONDS QUEEN DIAMONDS EIGHT,0.3072,0.013,0.6798
HEARTS TWO DIAMONDS EIGHT,0.2262,0.1378,0.636
DIAMONDS KING DIAMONDS EIGHT,0.3054,0.0086,0.686
HEARTS THREE DIAMONDS EIGHT,0.3432,0.0722,0.5846
DIAMONDS ACE DIAMONDS EIGHT,0.2944,0.0048,0.7008
HEARTS FOUR DIAMONDS EIGHT,0.3306,0.0728,0.5966
HEARTS FIVE DIAMONDS EIGHT,0.3318,0.07,0.5982
DIAMONDS TEN DIAMONDS EIGHT,0.2966,0.025,0.6784
DIAMONDS JACK DIAMONDS EIGHT,0.2934,0.0182,0.6884
SPADES JACK SPADES THREE,0.3222,0.02,0.6578
SPADES TEN SPADES THREE,0.3172,0.028,0.6548
CLUBS FOUR HEARTS ACE,0.3414,0.0046,0.654
CLUBS FOUR HEARTS QUEEN,0.3472,0.0148,0.638
CLUBS FOUR HEARTS KING,0.3454,0.0114,0.6432
CLUBS SIX HEARTS TEN,0.3376,0.029,0.6334
CLUBS SIX HEARTS JACK,0.3494,0.0206,0.63
SPADES FOUR DIAMONDS EIGHT,0.3386,0.0636,0.5978
SPADES FIVE DIAMONDS EIGHT,0.3064,0.0682,0.6254
SPADES TWO DIAMONDS EIGHT,0.234,0.1486,0.6174
SPADES THREE DIAMONDS EIGHT,0.3554,0.0656,0.579
CLUBS FOUR HEARTS JACK,0.3528,0.0202,0.627
SPADES EIGHT DIAMONDS EIGHT,0.1238,0.0836,0.7926
SPADES TEN DIAMONDS QUEEN,0.3072,0.0134,0.6794
SPADES TEN HEARTS TWO,0.2412,0.071,0.6878
SPADES JACK HEARTS EIGHT,0.3154,0.0178,0.6668
CLUBS FOUR HEARTS TEN,0.3462,0.0268,0.627
SPADES NINE DIAMONDS EIGHT,0.2996,0.0374,0.663
SPADES TEN HEARTS EIGHT,0.31,0.0286,0.6614
SPADES JACK HEARTS TWO,0.2484,0.0482,0.7034
SPADES JACK DIAMONDS QUEEN,0.3186,0.0094,0.672
SPADES SIX DIAMONDS EIGHT,0.3154,0.0606,0.624
SPADES SEVEN DIAMONDS EIGHT,0.2062,0.1468,0.647
SPADES ACE HEARTS TWO,0.237,0.0082,0.7548
SPADES ACE DIAMONDS QUEEN,0.3214,0.0044,0.6742
SPADES ACE HEARTS EIGHT,0.3062,0.0038,0.69
SPADES KING HEARTS EIGHT,0.3224,0.009,0.6686
SPADES QUEEN HEARTS TWO,0.2446,0.0326,0.7228
SPADES QUEEN DIAMONDS QUEEN,0.1186,0.0304,0.851
SPADES KING DIAMONDS QUEEN,0.3152,0.0066,0.6782
SPADES KING HEARTS TWO,0.2534,0.0218,0.7248
SPADES QUEEN HEARTS EIGHT,0.3256,0.0124,0.662
SPADES SEVEN DIAMONDS NINE,0.2112,0.1142,0.6746
SPADES SIX DIAMONDS NINE,0.3282,0.045,0.6268
SPADES NINE DIAMONDS NINE,0.1188,0.0684,0.8128
SPADES EIGHT DIAMONDS NINE,0.2872,0.0384,0.6744
SPADES TEN CLUBS KING,0.3092,0.0058,0.685
DIAMONDS NINE SPADES THREE,0.3594,0.0462,0.5944
SPADES JACK CLUBS KING,0.329,0.0072,0.6638
DIAMONDS NINE SPADES TWO,0.2414,0.1068,0.6518
SPADES FIVE DIAMONDS NINE,0.335,0.0388,0.6262
DIAMONDS NINE SPADES FOUR,0.3504,0.0454,0.6042
CLUBS NINE DIAMONDS NINE,0.1208,0.078,0.8012
CLUBS EIGHT DIAMONDS NINE,0.2868,0.0422,0.671
CLUBS SIX DIAMONDS NINE,0.3198,0.0458,0.6344
SPADES JACK CLUBS FOUR,0.3428,0.0178,0.6394
CLUBS SEVEN DIAMONDS NINE,0.2116,0.1108,0.6776
SPADES TEN CLUBS FOUR,0.3436,0.0248,0.6316
CLUBS FOUR DIAMONDS NINE,0.3298,0.0472,0.623
CLUBS FIVE DIAMONDS NINE,0.3332,0.0466,0.6202
CLUBS THREE DIAMONDS NINE,0.3376,0.046,0.6164
DIAMONDS NINE HEARTS EIGHT,0.2906,0.0342,0.6752
DIAMONDS NINE HEARTS NINE,0.1202,0.0642,0.8156
HEARTS SIX DIAMONDS NINE,0.336,0.0416,0.6224
HEARTS SEVEN DIAMONDS NINE,0.2122,0.1102,0.6776
CLUBS EIGHT CLUBS NINE,0.2826,0.0394,0.678
DIAMONDS ACE DIAMONDS NINE,0.3194,0.0034,0.6772
HEARTS FOUR DIAMONDS NINE,0.3472,0.0452,0.6076
HEARTS FIVE DIAMONDS NINE,0.3306,0.0426,0.6268
SPADES ACE CLUBS FOUR,0.3464,0.003,0.6506
DIAMONDS NINE DIAMONDS QUEEN,0.2926,0.0092,0.6982
HEARTS TWO DIAMONDS NINE,0.2288,0.0992,0.672
SPADES KING CLUBS FOUR,0.3474,0.011,0.6416
DIAMONDS KING DIAMONDS NINE,0.3104,0.0072,0.6824
HEARTS THREE DIAMONDS NINE,0.3502,0.0452,0.6046
SPADES QUEEN CLUBS FOUR,0.3522,0.0134,0.6344
DIAMONDS NINE DIAMONDS JACK,0.2914,0.0178,0.6908
CLUBS EIGHT SPADES NINE,0.2868,0.04,0.6732
DIAMONDS TEN DIAMONDS NINE,0.2818,0.0206,0.6976
CLUBS EIGHT SPADES EIGHT,0.1244,0.0836,0.792
CLUBS EIGHT SPADES SEVEN,0.2106,0.1406,0.6488
CLUBS EIGHT SPADES SIX,0.3248,0.0652,0.61
CLUBS EIGHT SPADES FIVE,0.3148,0.0612,0.624
CLUBS EIGHT SPADES FOUR,0.332,0.067,0.601
CLUBS EIGHT SPADES THREE,0.347,0.0726,0.5804
CLUBS EIGHT SPADES TWO,0.2298,0.1396,0.6306
HEARTS SIX DIAMONDS TEN,0.3402,0.027,0.6328
HEARTS SEVEN DIAMONDS TEN,0.2248,0.0838,0.6914
DIAMONDS TEN HEARTS EIGHT,0.3,0.0248,0.6752
CLUBS JACK CLUBS FOUR,0.3346,0.0222,0.6432
DIAMONDS TEN HEARTS NINE,0.2848,0.0246,0.6906
CLUBS TEN CLUBS FOUR,0.3242,0.03,0.6458
CLUBS FOUR CLUBS KING,0.335,0.0092,0.6558
CLUBS FOUR CLUBS QUEEN,0.3436,0.0152,0.6412
DIAMONDS TEN CLUBS THREE,0.3426,0.0318,0.6256
CLUBS FOUR CLUBS ACE,0.3254,0.005,0.6696
DIAMONDS TEN DIAMONDS JACK,0.2854,0.015,0.6996
DIAMONDS TEN DIAMONDS QUEEN,0.3022,0.0112,0.6866
HEARTS TWO DIAMONDS TEN,0.237,0.0738,0.6892
DIAMONDS KING DIAMONDS TEN,0.2994,0.007,0.6936
HEARTS THREE DIAMONDS TEN,0.351,0.0318,0.6172
DIAMONDS ACE DIAMONDS TEN,0.3072,0.0072,0.6856
HEARTS FOUR DIAMONDS TEN,0.3356,0.0288,0.6356
CLUBS EIGHT HEARTS JACK,0.2978,0.015,0.6872
HEARTS FIVE DIAMONDS TEN,0.3406,0.0298,0.6296
CLUBS EIGHT HEARTS TEN,0.303,0.0262,0.6708
CLUBS EIGHT HEARTS QUEEN,0.322,0.0102,0.6678
CLUBS EIGHT HEARTS KING,0.325,0.0084,0.6666
CLUBS EIGHT HEARTS ACE,0.3204,0.005,0.6746
CLUBS NINE SPADES THREE,0.3434,0.0454,0.6112
CLUBS NINE SPADES TWO,0.236,0.1028,0.6612
CLUBS NINE SPADES FIVE,0.3378,0.048,0.6142
CLUBS NINE SPADES FOUR,0.3406,0.041,0.6184
CLUBS NINE SPADES SEVEN,0.2236,0.1086,0.6678
CLUBS NINE SPADES SIX,0.3158,0.0466,0.6376
CLUBS NINE SPADES NINE,0.1164,0.065,0.8186
CLUBS TEN HEARTS EIGHT,0.3088,0.0256,0.6656
CLUBS NINE SPADES EIGHT,0.2788,0.0396,0.6816
CLUBS JACK HEARTS EIGHT,0.3158,0.0188,0.6654
HEARTS EIGHT CLUBS QUEEN,0.312,0.0108,0.6772
CLUBS KING HEARTS EIGHT,0.3214,0.0078,0.6708
CLUBS ACE HEARTS EIGHT,0.315,0.0048,0.6802
SPADES KING CLUBS KING,0.1276,0.0152,0.8572
SPADES QUEEN CLUBS KING,0.3214,0.0074,0.6712
SPADES ACE CLUBS KING,0.3116,0.005,0.6834
DIAMONDS ACE HEARTS TEN,0.3164,0.0028,0.6808
HEARTS FOUR HEARTS TEN,0.3366,0.0302,0.6332
DIAMONDS ACE HEARTS JACK,0.3136,0.0036,0.6828
HEARTS FOUR HEARTS JACK,0.3306,0.0188,0.6506
SPADES KING CLUBS FIVE,0.3432,0.0074,0.6494
SPADES QUEEN CLUBS FIVE,0.3464,0.013,0.6406
SPADES ACE CLUBS FIVE,0.3296,0.0044,0.666
HEARTS SEVEN DIAMONDS JACK,0.2274,0.063,0.7096
HEARTS SIX DIAMONDS JACK,0.3562,0.0202,0.6236
DIAMONDS JACK HEARTS NINE,0.3078,0.0188,0.6734
DIAMONDS JACK HEARTS EIGHT,0.3064,0.0224,0.6712
DIAMONDS KING DIAMONDS JACK,0.3076,0.0094,0.683
HEARTS THREE DIAMONDS JACK,0.3528,0.0186,0.6286
SPADES ACE SPADES SIX,0.3366,0.0064,0.657
HEARTS ACE SPADES FOUR,0.3422,0.005,0.6528
DIAMONDS QUEEN DIAMONDS JACK,0.2878,0.01,0.7022
HEARTS TWO DIAMONDS JACK,0.2404,0.0514,0.7082
HEARTS FIVE DIAMONDS JACK,0.3392,0.0178,0.643
SPADES QUEEN SPADES SIX,0.3242,0.0108,0.665
SPADES FOUR HEARTS QUEEN,0.3474,0.0134,0.6392
DIAMONDS ACE DIAMONDS JACK,0.2992,0.0072,0.6936
HEARTS FOUR DIAMONDS JACK,0.3272,0.021,0.6518
SPADES KING SPADES SIX,0.3426,0.0068,0.6506
SPADES FOUR HEARTS KING,0.358,0.0082,0.6338
SPADES TEN SPADES SIX,0.317,0.0232,0.6598
SPADES JACK SPADES SIX,0.326,0.0182,0.6558
SPADES FOUR DIAMONDS JACK,0.3398,0.0224,0.6378
SPADES FIVE DIAMONDS JACK,0.326,0.0188,0.6552
DIAMONDS JACK SPADES TWO,0.236,0.0542,0.7098
SPADES THREE DIAMONDS JACK,0.353,0.0198,0.6272
SPADES ACE DIAMONDS THREE,0.3392,0.005,0.6558
CLUBS EIGHT DIAMONDS JACK,0.2912,0.0212,0.6876
SPADES QUEEN DIAMONDS THREE,0.3566,0.0162,0.6272
SPADES KING DIAMONDS THREE,0.3546,0.0096,0.6358
CLUBS NINE DIAMONDS JACK,0.3008,0.0176,0.6816
CLUBS SIX DIAMONDS JACK,0.3406,0.02,0.6394
CLUBS SEVEN DIAMONDS JACK,0.2136,0.07,0.7164
CLUBS FOUR DIAMONDS JACK,0.3468,0.0216,0.6316
CLUBS FIVE DIAMONDS JACK,0.347,0.0218,0.6312
CLUBS THREE DIAMONDS JACK,0.337,0.023,0.64
SPADES TEN CLUBS FIVE,0.3418,0.028,0.6302
SPADES JACK HEARTS SIX,0.363,0.0212,0.6158
HEARTS SIX SPADES TEN,0.3366,0.0274,0.636
SPADES JACK CLUBS FIVE,0.3504,0.0242,0.6254
SPADES JACK DIAMONDS THREE,0.3534,0.0214,0.6252
CLUBS SEVEN CLUBS ACE,0.2006,0.03,0.7694
DIAMONDS THREE SPADES TEN,0.3506,0.0306,0.6188
CLUBS SEVEN CLUBS QUEEN,0.224,0.0522,0.7238
CLUBS SEVEN CLUBS KING,0.2036,0.039,0.7574
SPADES NINE DIAMONDS JACK,0.3096,0.0176,0.6728
CLUBS TEN CLUBS SEVEN,0.213,0.0806,0.7064
DIAMONDS ACE HEARTS ACE,0.1138,0.0044,0.8818
HEARTS FOUR HEARTS ACE,0.3098,0.0068,0.6834
SPADES EIGHT DIAMONDS JACK,0.3146,0.021,0.6644
SPADES ACE HEARTS SIX,0.341,0.0044,0.6546
CLUBS JACK CLUBS SEVEN,0.2176,0.063,0.7194
DIAMONDS ACE HEARTS KING,0.327,0.007,0.666
HEARTS FOUR HEARTS KING,0.3324,0.0106,0.657
SPADES SEVEN DIAMONDS JACK,0.2188,0.0686,0.7126
SPADES KING HEARTS SIX,0.3486,0.0084,0.643
DIAMONDS ACE HEARTS QUEEN,0.3222,0.0066,0.6712
HEARTS FOUR HEARTS QUEEN,0.3272,0.0142,0.6586
SPADES QUEEN HEARTS SIX,0.3508,0.011,0.6382
SPADES SIX DIAMONDS JACK,0.3466,0.018,0.6354
DIAMONDS TEN SPADES TWO,0.2338,0.0774,0.6888
DIAMONDS TEN SPADES THREE,0.3512,0.0296,0.6192
DIAMONDS TEN SPADES FOUR,0.3572,0.0276,0.6152
DIAMONDS TEN SPADES FIVE,0.3422,0.0292,0.6286
SPADES SIX DIAMONDS TEN,0.3326,0.0258,0.6416
SPADES SEVEN DIAMONDS TEN,0.2102,0.0832,0.7066
SPADES EIGHT DIAMONDS TEN,0.3032,0.0252,0.6716
SPADES NINE DIAMONDS TEN,0.2924,0.0258,0.6818
CLUBS FOUR DIAMONDS TEN,0.3276,0.0304,0.642
CLUBS FIVE DIAMONDS TEN,0.3382,0.024,0.6378
CLUBS SIX DIAMONDS TEN,0.3218,0.0304,0.6478
CLUBS SEVEN DIAMONDS TEN,0.2116,0.082,0.7064
CLUBS EIGHT DIAMONDS TEN,0.2888,0.0274,0.6838
CLUBS NINE DIAMONDS TEN,0.2868,0.0254,0.6878
CLUBS JACK DIAMONDS THREE,0.3478,0.021,0.6312
CLUBS TEN DIAMONDS THREE,0.3476,0.0328,0.6196
DIAMONDS THREE CLUBS KING,0.3672,0.0102,0.6226
DIAMONDS THREE CLUBS QUEEN,0.3554,0.015,0.6296
DIAMONDS THREE CLUBS ACE,0.3448,0.0066,0.6486
SPADES FOUR HEARTS JACK,0.3604,0.0212,0.6184
SPADES FOUR HEARTS TEN,0.353,0.0284,0.6186
SPADES FIVE SPADES TWO,0.5162,0.1822,0.3016
SPADES FOUR SPADES TWO,0.5028,0.189,0.3082
SPADES THREE SPADES TWO,0.5118,0.1902,0.298
SPADES NINE SPADES TWO,0.2222,0.0926,0.6852
SPADES EIGHT SPADES TWO,0.2196,0.1412,0.6392
SPADES SEVEN SPADES TWO,0.0218,0.9062,0.072
SPADES SIX SPADES TWO,0.5386,0.1792,0.2822
CLUBS THREE DIAMONDS QUEEN,0.3478,0.0164,0.6358
HEARTS TWO CLUBS THREE,0.5468,0.192,0.2612
HEARTS SEVEN DIAMONDS QUEEN,0.221,0.0516,0.7274
HEARTS SEVEN HEARTS TWO,0.0232,0.9008,0.076
HEARTS SIX DIAMONDS QUEEN,0.3402,0.0114,0.6484
HEARTS SIX HEARTS TWO,0.527,0.1852,0.2878
DIAMONDS QUEEN HEARTS NINE,0.3072,0.0122,0.6806
HEARTS TWO HEARTS NINE,0.2282,0.092,0.6798
DIAMONDS QUEEN HEARTS EIGHT,0.3214,0.0114,0.6672
HEARTS TWO HEARTS EIGHT,0.224,0.1224,0.6536
CLUBS NINE HEARTS TWO,0.2294,0.1036,0.667
CLUBS NINE DIAMONDS QUEEN,0.3034,0.013,0.6836
CLUBS EIGHT DIAMONDS QUEEN,0.3074,0.0134,0.6792
CLUBS EIGHT HEARTS TWO,0.23,0.1384,0.6316
CLUBS FIVE DIAMONDS QUEEN,0.337,0.0148,0.6482
CLUBS FIVE HEARTS TWO,0.5314,0.1998,0.2688
SPADES EIGHT HEARTS ACE,0.3196,0.0036,0.6768
CLUBS FOUR DIAMONDS QUEEN,0.339,0.0142,0.6468
CLUBS FOUR HEARTS TWO,0.5354,0.2024,0.2622
CLUBS SEVEN DIAMONDS QUEEN,0.2008,0.0516,0.7476
CLUBS SEVEN HEARTS TWO,0.0078,0.9746,0.0176
SPADES EIGHT HEARTS QUEEN,0.3206,0.0128,0.6666
CLUBS SIX DIAMONDS QUEEN,0.3378,0.0132,0.649
CLUBS SIX HEARTS TWO,0.557,0.1948,0.2482
SPADES EIGHT HEARTS KING,0.332,0.0056,0.6624
HEARTS TWO SPADES SIX,0.5684,0.1862,0.2454
SPADES SIX DIAMONDS QUEEN,0.3456,0.013,0.6414
HEARTS FOUR CLUBS QUEEN,0.3474,0.0146,0.638
DIAMONDS ACE CLUBS QUEEN,0.303,0.005,0.692
SPADES SEVEN DIAMONDS QUEEN,0.2264,0.0438,0.7298
SPADES SEVEN HEARTS TWO,0.0224,0.954,0.0236
HEARTS FOUR CLUBS KING,0.3466,0.0124,0.641
DIAMONDS ACE CLUBS KING,0.3172,0.0046,0.6782
SPADES EIGHT DIAMONDS QUEEN,0.319,0.0108,0.6702
SPADES EIGHT HEARTS TWO,0.2378,0.1402,0.622
HEARTS FOUR CLUBS ACE,0.33,0.0044,0.6656
DIAMONDS ACE CLUBS ACE,0.1016,0.0052,0.8932
SPADES NINE DIAMONDS QUEEN,0.3204,0.0134,0.6662
SPADES NINE HEARTS TWO,0.2434,0.099,0.6576
HEARTS TWO SPADES TWO,0.2502,0.0844,0.6654
DIAMONDS QUEEN SPADES TWO,0.2396,0.0324,0.728
HEARTS TWO SPADES THREE,0.5482,0.186,0.2658
DIAMONDS QUEEN SPADES THREE,0.349,0.0136,0.6374
HEARTS TWO SPADES FOUR,0.5434,0.1922,0.2644
SPADES FOUR DIAMONDS QUEEN,0.3434,0.017,0.6396
CLUBS TEN HEARTS FOUR,0.3452,0.0322,0.6226
CLUBS TEN DIAMONDS ACE,0.3078,0.0054,0.6868
HEARTS TWO SPADES FIVE,0.5392,0.1948,0.266
SPADES FIVE DIAMONDS QUEEN,0.337,0.0124,0.6506
CLUBS JACK HEARTS FOUR,0.352,0.0206,0.6274
CLUBS JACK DIAMONDS ACE,0.2952,0.0058,0.699
CLUBS FIVE CLUBS KING,0.3348,0.0064,0.6588
CLUBS FIVE CLUBS QUEEN,0.331,0.0164,0.6526
CLUBS FIVE CLUBS ACE,0.3174,0.0062,0.6764
CLUBS JACK CLUBS FIVE,0.3278,0.0186,0.6536
CLUBS TEN CLUBS FIVE,0.3424,0.032,0.6256
SPADES KING CLUBS JACK,0.3218,0.0082,0.67
CLUBS JACK SPADES QUEEN,0.2964,0.0106,0.693
SPADES ACE CLUBS JACK,0.3196,0.0038,0.6766
SPADES SIX CLUBS KING,0.3416,0.011,0.6474
SPADES SIX CLUBS QUEEN,0.3346,0.0108,0.6546
SPADES EIGHT HEARTS JACK,0.3208,0.0136,0.6656
SPADES SIX CLUBS ACE,0.3376,0.005,0.6574
SPADES EIGHT HEARTS TEN,0.3094,0.0268,0.6638
CLUBS JACK SPADES SIX,0.3484,0.0188,0.6328
CLUBS TEN SPADES SIX,0.3358,0.0256,0.6386
CLUBS JACK SPADES TEN,0.3128,0.0132,0.674
CLUBS JACK SPADES JACK,0.1202,0.047,0.8328
SPADES QUEEN CLUBS SEVEN,0.2194,0.0526,0.728
SPADES KING CLUBS SEVEN,0.2114,0.0422,0.7464
SPADES ACE CLUBS SEVEN,0.2214,0.0284,0.7502
SPADES SIX HEARTS TEN,0.3478,0.0252,0.627
SPADES SIX HEARTS JACK,0.3532,0.0178,0.629
SPADES SIX HEARTS ACE,0.342,0.003,0.655
SPADES SIX HEARTS KING,0.3598,0.0082,0.632
SPADES SIX HEARTS QUEEN,0.35,0.0116,0.6384
SPADES JACK CLUBS SEVEN,0.2206,0.0662,0.7132
SPADES TEN CLUBS SEVEN,0.2198,0.0856,0.6946
CLUBS TEN HEARTS SIX,0.341,0.0314,0.6276
CLUBS JACK HEARTS SIX,0.3446,0.0174,0.638
CLUBS JACK CLUBS ACE,0.3074,0.0054,0.6872
HEARTS SIX CLUBS QUEEN,0.3378,0.0116,0.6506
HEARTS SIX CLUBS KING,0.344,0.0088,0.6472
HEARTS SIX CLUBS ACE,0.3354,0.0044,0.6602
CLUBS JACK CLUBS QUEEN,0.2988,0.0132,0.688
CLUBS JACK CLUBS KING,0.3108,0.0092,0.68
DIAMONDS THREE HEARTS ACE,0.3464,0.0044,0.6492
DIAMONDS THREE HEARTS QUEEN,0.3502,0.014,0.6358
DIAMONDS THREE HEARTS KING,0.342,0.0082,0.6498
CLUBS FIVE HEARTS JACK,0.3396,0.0184,0.642
SPADES TEN DIAMONDS ACE,0.3134,0.0046,0.682
HEARTS FOUR SPADES TEN,0.329,0.0344,0.6366
CLUBS FIVE HEARTS TEN,0.3444,0.0314,0.6242
HEARTS FOUR SPADES JACK,0.3612,0.019,0.6198
SPADES JACK DIAMONDS ACE,0.316,0.0042,0.6798
SPADES ACE HEARTS FOUR,0.3476,0.0042,0.6482
SPADES ACE DIAMONDS ACE,0.116,0.0046,0.8794
CLUBS FIVE HEARTS ACE,0.3254,0.0062,0.6684
CLUBS FIVE HEARTS KING,0.339,0.0094,0.6516
HEARTS FOUR SPADES QUEEN,0.3508,0.013,0.6362
SPADES QUEEN DIAMONDS ACE,0.3078,0.0048,0.6874
CLUBS JACK SPADES FOUR,0.3484,0.0196,0.632
CLUBS FIVE HEARTS QUEEN,0.3408,0.0146,0.6446
SPADES KING DIAMONDS ACE,0.316,0.006,0.678
SPADES KING HEARTS FOUR,0.3574,0.008,0.6346
CLUBS TEN SPADES FOUR,0.3594,0.0266,0.614
DIAMONDS ACE DIAMONDS QUEEN,0.3068,0.0044,0.6888
DIAMONDS ACE HEARTS TWO,0.2296,0.0118,0.7586
HEARTS FOUR DIAMONDS QUEEN,0.352,0.0144,0.6336
HEARTS FOUR HEARTS TWO,0.511,0.1918,0.2972
DIAMONDS THREE HEARTS TEN,0.3604,0.0334,0.6062
SPADES FOUR CLUBS KING,0.3394,0.011,0.6496
HEARTS FIVE DIAMONDS QUEEN,0.3444,0.0122,0.6434
HEARTS FIVE HEARTS TWO,0.5128,0.1858,0.3014
DIAMONDS THREE HEARTS JACK,0.3554,0.0274,0.6172
SPADES FOUR CLUBS QUEEN,0.347,0.0134,0.6396
HEARTS TWO DIAMONDS QUEEN,0.2408,0.0354,0.7238
DIAMONDS KING DIAMONDS QUEEN,0.2982,0.0092,0.6926
DIAMONDS KING HEARTS TWO,0.2278,0.0244,0.7478
HEARTS THREE DIAMONDS QUEEN,0.3514,0.015,0.6336
HEARTS THREE HEARTS TWO,0.5064,0.178,0.3156
SPADES FOUR CLUBS ACE,0.3258,0.005,0.6692
HEARTS TWO CLUBS ACE,0.237,0.0112,0.7518
DIAMONDS QUEEN CLUBS ACE,0.3188,0.0056,0.6756
HEARTS TWO CLUBS QUEEN,0.246,0.0392,0.7148
DIAMONDS QUEEN CLUBS QUEEN,0.113,0.0372,0.8498
HEARTS TWO CLUBS KING,0.2394,0.021,0.7396
DIAMONDS QUEEN CLUBS KING,0.3156,0.0084,0.676
SPADES EIGHT SPADES FIVE,0.3036,0.0644,0.632
CLUBS TEN HEARTS TWO,0.235,0.0726,0.6924
CLUBS TEN DIAMONDS QUEEN,0.3006,0.0122,0.6872
SPADES NINE SPADES FIVE,0.32,0.0404,0.6396
CLUBS JACK HEARTS TWO,0.2334,0.0516,0.715
CLUBS JACK DIAMONDS QUEEN,0.313,0.0104,0.6766
SPADES SIX SPADES FIVE,0.4316,0.097,0.4714
SPADES SEVEN SPADES FIVE,0.2064,0.4184,0.3752
DIAMONDS FIVE CLUBS QUEEN,0.3436,0.0112,0.6452
SPADES EIGHT CLUBS ACE,0.312,0.0038,0.6842
DIAMONDS FIVE CLUBS KING,0.3504,0.0092,0.6404
SPADES EIGHT CLUBS KING,0.3136,0.009,0.6774
DIAMONDS FIVE CLUBS ACE,0.3286,0.006,0.6654
SPADES EIGHT CLUBS QUEEN,0.3266,0.0124,0.661
CLUBS JACK SPADES EIGHT,0.312,0.017,0.671
CLUBS TEN SPADES EIGHT,0.3074,0.024,0.6686
CLUBS TEN DIAMONDS FIVE,0.3478,0.029,0.6232
CLUBS JACK DIAMONDS FIVE,0.342,0.0248,0.6332
DIAMONDS TEN HEARTS JACK,0.3058,0.0142,0.68
DIAMONDS TEN HEARTS TEN,0.1238,0.0618,0.8144
SPADES ACE CLUBS NINE,0.3142,0.0032,0.6826
SPADES QUEEN CLUBS NINE,0.3182,0.0144,0.6674
SPADES KING CLUBS NINE,0.3132,0.01,0.6768
HEARTS SIX HEARTS KING,0.3258,0.0082,0.666
DIAMONDS KING SPADES SEVEN,0.2172,0.0408,0.742
HEARTS THREE SPADES SEVEN,0.2196,0.5036,0.2768
HEARTS SIX HEARTS QUEEN,0.3396,0.0124,0.648
HEARTS THREE SPADES SIX,0.5016,0.1106,0.3878
DIAMONDS KING SPADES SIX,0.3384,0.0094,0.6522
SPADES NINE DIAMONDS KING,0.3226,0.0098,0.6676
SPADES NINE HEARTS THREE,0.3518,0.0442,0.604
HEARTS SIX HEARTS ACE,0.3206,0.005,0.6744
DIAMONDS KING SPADES EIGHT,0.3112,0.0084,0.6804
SPADES EIGHT HEARTS THREE,0.3674,0.0676,0.565
CLUBS NINE HEARTS THREE,0.3444,0.0466,0.609
CLUBS NINE DIAMONDS KING,0.3082,0.0088,0.683
CLUBS EIGHT DIAMONDS KING,0.3148,0.0082,0.677
CLUBS EIGHT HEARTS THREE,0.3488,0.0694,0.5818
HEARTS THREE SPADES THREE,0.2548,0.1218,0.6234
DIAMONDS KING SPADES THREE,0.3574,0.0098,0.6328
HEARTS THREE SPADES TWO,0.5464,0.2002,0.2534
DIAMONDS KING SPADES TWO,0.248,0.0252,0.7268
HEARTS THREE SPADES FIVE,0.479,0.1076,0.4134
DIAMONDS KING SPADES FIVE,0.3436,0.0096,0.6468
HEARTS THREE SPADES FOUR,0.4894,0.1,0.4106
DIAMONDS KING SPADES FOUR,0.3454,0.009,0.6456
DIAMONDS KING CLUBS THREE,0.344,0.0114,0.6446
HEARTS THREE CLUBS THREE,0.2436,0.1296,0.6268
DIAMONDS KING CLUBS FOUR,0.3426,0.0104,0.647
CLUBS FOUR HEARTS THREE,0.4842,0.1088,0.407
