opposingHand,winningChance,drawChance,lostChance
CLUBS SEVEN CLUBS TWO
HEARTS FIVE SPADES TEN,0.3904,0.0252,0.5844
SPADES JACK HEARTS FIVE,0.3896,0.0198,0.5906
CLUBS JACK SPADES FIVE,0.3782,0.0182,0.6036
CLUBS TEN SPADES FIVE,0.3886,0.0294,0.582
CLUBS JACK CLUBS EIGHT,0.2988,0.0196,0.6816
CLUBS TEN CLUBS EIGHT,0.2814,0.0274,0.6912
CLUBS EIGHT CLUBS KING,0.2994,0.0096,0.691
SPADES FIVE CLUBS ACE,0.3508,0.0072,0.642
CLUBS EIGHT CLUBS QUEEN,0.3004,0.0156,0.684
SPADES FIVE CLUBS KING,0.3858,0.0068,0.6074
SPADES FIVE CLUBS QUEEN,0.375,0.0144,0.6106
CLUBS EIGHT CLUBS ACE,0.3032,0.0054,0.6914
DIAMONDS TWO DIAMONDS THREE,0.533,0.1832,0.2838
DIAMONDS TWO DIAMONDS FIVE,0.542,0.175,0.283
SPADES KING HEARTS FIVE,0.3886,0.008,0.6034
DIAMONDS TWO DIAMONDS FOUR,0.5326,0.1852,0.2822
SPADES QUEEN HEARTS FIVE,0.3974,0.014,0.5886
DIAMONDS TWO DIAMONDS SEVEN,0.0736,0.8532,0.0732
DIAMONDS TWO DIAMONDS SIX,0.566,0.162,0.272
SPADES ACE HEARTS FIVE,0.3816,0.006,0.6124
DIAMONDS TWO DIAMONDS NINE,0.264,0.088,0.648
DIAMONDS TWO DIAMONDS EIGHT,0.2678,0.1308,0.6014
DIAMONDS THREE DIAMONDS FOUR,0.4792,0.0966,0.4242
DIAMONDS THREE DIAMONDS FIVE,0.4734,0.0916,0.435
DIAMONDS THREE DIAMONDS EIGHT,0.3632,0.0644,0.5724
DIAMONDS THREE DIAMONDS NINE,0.3706,0.0432,0.5862
DIAMONDS THREE DIAMONDS SIX,0.495,0.0864,0.4186
DIAMONDS THREE DIAMONDS SEVEN,0.248,0.4494,0.3026
CLUBS TEN CLUBS JACK,0.2914,0.0194,0.6892
DIAMONDS FOUR DIAMONDS SIX,0.477,0.09,0.433
CLUBS TEN CLUBS QUEEN,0.2924,0.0144,0.6932
DIAMONDS FOUR DIAMONDS SEVEN,0.2474,0.4344,0.3182
CLUBS TEN CLUBS KING,0.3054,0.009,0.6856
CLUBS TEN CLUBS ACE,0.2964,0.0052,0.6984
DIAMONDS FIVE DIAMONDS FOUR,0.4586,0.1008,0.4406
DIAMONDS NINE DIAMONDS FOUR,0.3716,0.0412,0.5872
DIAMONDS EIGHT DIAMONDS FOUR,0.3602,0.062,0.5778
DIAMONDS NINE DIAMONDS FIVE,0.3628,0.032,0.6052
CLUBS JACK DIAMONDS TWO,0.275,0.0464,0.6786
DIAMONDS EIGHT DIAMONDS FIVE,0.352,0.0602,0.5878
CLUBS TEN DIAMONDS TWO,0.2674,0.0708,0.6618
DIAMONDS FIVE DIAMONDS SEVEN,0.2434,0.3946,0.362
DIAMONDS FIVE DIAMONDS SIX,0.4574,0.0874,0.4552
DIAMONDS TWO CLUBS ACE,0.2694,0.0148,0.7158
DIAMONDS TWO CLUBS KING,0.2522,0.0272,0.7206
DIAMONDS TWO CLUBS QUEEN,0.2664,0.0362,0.6974
DIAMONDS EIGHT DIAMONDS SIX,0.3318,0.0632,0.605
DIAMONDS NINE DIAMONDS SIX,0.3532,0.036,0.6108
HEARTS ACE SPADES THREE,0.3908,0.0038,0.6054
HEARTS KING SPADES THREE,0.3944,0.0104,0.5952
DIAMONDS SEVEN DIAMONDS SIX,0.243,0.3334,0.4236
SPADES THREE HEARTS QUEEN,0.403,0.015,0.582
HEARTS JACK SPADES THREE,0.4016,0.0198,0.5786
SPADES THREE HEARTS TEN,0.396,0.032,0.572
DIAMONDS EIGHT DIAMONDS SEVEN,0.2498,0.1314,0.6188
DIAMONDS NINE DIAMONDS SEVEN,0.2452,0.0948,0.66
DIAMONDS NINE DIAMONDS EIGHT,0.307,0.037,0.656
DIAMONDS KING HEARTS TEN,0.3596,0.0072,0.6332
HEARTS THREE HEARTS TEN,0.3716,0.0292,0.5992
SPADES JACK CLUBS SIX,0.3854,0.0188,0.5958
DIAMONDS KING HEARTS JACK,0.3512,0.0036,0.6452
HEARTS THREE HEARTS JACK,0.3634,0.0208,0.6158
SPADES TEN CLUBS SIX,0.377,0.0242,0.5988
SPADES JACK SPADES FIVE,0.3792,0.0176,0.6032
SPADES TEN SPADES FIVE,0.3574,0.0292,0.6134
DIAMONDS KING HEARTS ACE,0.363,0.0052,0.6318
HEARTS THREE HEARTS ACE,0.3652,0.007,0.6278
SPADES ACE CLUBS SIX,0.3872,0.0058,0.607
DIAMONDS KING HEARTS QUEEN,0.348,0.0078,0.6442
HEARTS THREE HEARTS QUEEN,0.3678,0.0152,0.617
SPADES KING CLUBS SIX,0.394,0.0082,0.5978
DIAMONDS KING HEARTS KING,0.1722,0.0154,0.8124
HEARTS THREE HEARTS KING,0.377,0.0084,0.6146
SPADES QUEEN CLUBS SIX,0.3834,0.0128,0.6038
SPADES NINE HEARTS TEN,0.3546,0.0238,0.6216
SPADES NINE HEARTS JACK,0.3412,0.0126,0.6462
SPADES QUEEN SPADES FIVE,0.3502,0.0132,0.6366
SPADES KING SPADES FIVE,0.3728,0.0106,0.6166
SPADES ACE SPADES FIVE,0.3564,0.0034,0.6402
SPADES NINE HEARTS QUEEN,0.3644,0.0114,0.6242
SPADES NINE HEARTS KING,0.3592,0.0092,0.6316
SPADES NINE HEARTS ACE,0.356,0.0046,0.6394
CLUBS TEN SPADES JACK,0.3446,0.0154,0.64
CLUBS TEN SPADES TEN,0.153,0.0494,0.7976
SPADES ACE CLUBS TEN,0.3404,0.006,0.6536
CLUBS TEN SPADES KING,0.3478,0.0054,0.6468
CLUBS TEN SPADES QUEEN,0.3362,0.0146,0.6492
SPADES FIVE HEARTS QUEEN,0.381,0.0132,0.6058
HEARTS KING SPADES FIVE,0.389,0.0082,0.6028
SPADES FIVE HEARTS ACE,0.3608,0.0044,0.6348
CLUBS EIGHT SPADES TEN,0.3316,0.0256,0.6428
HEARTS THREE SPADES JACK,0.3994,0.022,0.5786
SPADES JACK DIAMONDS KING,0.3632,0.0068,0.63
SPADES TEN DIAMONDS KING,0.3766,0.0076,0.6158
HEARTS THREE SPADES TEN,0.3842,0.0282,0.5876
CLUBS EIGHT SPADES JACK,0.3372,0.0168,0.646
CLUBS SIX HEARTS ACE,0.3742,0.0052,0.6206
SPADES ACE CLUBS EIGHT,0.3424,0.0038,0.6538
CLUBS JACK HEARTS FIVE,0.3802,0.0228,0.597
CLUBS TEN HEARTS FIVE,0.365,0.0238,0.6112
CLUBS SIX HEARTS QUEEN,0.3962,0.0144,0.5894
SPADES QUEEN CLUBS EIGHT,0.3448,0.0108,0.6444
CLUBS TEN SPADES THREE,0.3808,0.0302,0.589
CLUBS SIX HEARTS KING,0.372,0.009,0.619
SPADES KING CLUBS EIGHT,0.3538,0.0072,0.639
CLUBS JACK SPADES THREE,0.3816,0.0192,0.5992
DIAMONDS TWO HEARTS JACK,0.2822,0.0484,0.6694
SPADES THREE CLUBS QUEEN,0.3724,0.0144,0.6132
DIAMONDS TWO HEARTS TEN,0.2906,0.0708,0.6386
SPADES THREE CLUBS KING,0.3746,0.0136,0.6118
HEARTS FIVE CLUBS ACE,0.3774,0.0074,0.6152
SPADES FIVE HEARTS TEN,0.3942,0.0252,0.5806
SPADES THREE CLUBS ACE,0.3722,0.0064,0.6214
HEARTS FIVE CLUBS KING,0.3738,0.009,0.6172
SPADES FIVE HEARTS JACK,0.393,0.0186,0.5884
HEARTS FIVE CLUBS QUEEN,0.3702,0.0144,0.6154
HEARTS THREE CLUBS KING,0.3818,0.0122,0.606
DIAMONDS KING CLUBS KING,0.1576,0.0142,0.8282
HEARTS THREE CLUBS QUEEN,0.3854,0.016,0.5986
DIAMONDS KING CLUBS QUEEN,0.3488,0.0066,0.6446
HEARTS FIVE HEARTS JACK,0.3718,0.0196,0.6086
HEARTS FIVE HEARTS TEN,0.377,0.027,0.596
HEARTS THREE CLUBS ACE,0.365,0.0062,0.6288
DIAMONDS KING CLUBS ACE,0.349,0.0046,0.6464
SPADES ACE CLUBS QUEEN,0.3624,0.0054,0.6322
SPADES KING CLUBS QUEEN,0.358,0.0068,0.6352
CLUBS JACK HEARTS THREE,0.3764,0.02,0.6036
CLUBS JACK DIAMONDS KING,0.3542,0.009,0.6368
SPADES QUEEN CLUBS QUEEN,0.1572,0.0296,0.8132
CLUBS TEN HEARTS THREE,0.3834,0.0322,0.5844
CLUBS TEN DIAMONDS KING,0.3538,0.0064,0.6398
SPADES JACK CLUBS QUEEN,0.336,0.011,0.653
CLUBS SIX CLUBS QUEEN,0.326,0.0114,0.6626
SPADES TEN CLUBS QUEEN,0.3458,0.0128,0.6414
CLUBS SIX CLUBS KING,0.329,0.0106,0.6604
CLUBS SIX CLUBS ACE,0.3334,0.005,0.6616
HEARTS FIVE HEARTS KING,0.3696,0.0076,0.6228
HEARTS FIVE HEARTS QUEEN,0.376,0.0144,0.6096
CLUBS TEN CLUBS SIX,0.3202,0.024,0.6558
HEARTS FIVE HEARTS ACE,0.366,0.005,0.629
CLUBS JACK CLUBS SIX,0.3386,0.018,0.6434
SPADES SEVEN HEARTS JACK,0.2692,0.0616,0.6692
SPADES SEVEN HEARTS TEN,0.2722,0.0738,0.654
DIAMONDS TWO CLUBS THREE,0.5518,0.1952,0.253
HEARTS SIX DIAMONDS TWO,0.5916,0.18,0.2284
DIAMONDS TWO HEARTS QUEEN,0.2886,0.0366,0.6748
DIAMONDS TWO HEARTS SEVEN,0.0728,0.9028,0.0244
DIAMONDS TWO HEARTS KING,0.2866,0.0248,0.6886
DIAMONDS TWO HEARTS EIGHT,0.28,0.1288,0.5912
DIAMONDS TWO HEARTS ACE,0.282,0.0138,0.7042
DIAMONDS TWO HEARTS NINE,0.2868,0.0906,0.6226
DIAMONDS TWO DIAMONDS QUEEN,0.274,0.0372,0.6888
DIAMONDS TWO HEARTS TWO,0.2996,0.0838,0.6166
DIAMONDS TWO DIAMONDS KING,0.2648,0.024,0.7112
HEARTS THREE DIAMONDS TWO,0.5578,0.2026,0.2396
DIAMONDS TWO DIAMONDS ACE,0.2724,0.0142,0.7134
HEARTS FOUR DIAMONDS TWO,0.5722,0.1912,0.2366
DIAMONDS TWO HEARTS FIVE,0.5744,0.1846,0.241
SPADES SEVEN HEARTS ACE,0.276,0.027,0.697
DIAMONDS TWO DIAMONDS TEN,0.2734,0.0642,0.6624
SPADES SEVEN HEARTS KING,0.2698,0.0432,0.687
DIAMONDS TWO DIAMONDS JACK,0.274,0.0484,0.6776
SPADES SEVEN HEARTS QUEEN,0.2734,0.0436,0.683
DIAMONDS TWO SPADES NINE,0.2824,0.0988,0.6188
DIAMONDS TWO SPADES EIGHT,0.282,0.1292,0.5888
DIAMONDS TWO SPADES SEVEN,0.078,0.9032,0.0188
DIAMONDS TWO SPADES SIX,0.6076,0.1772,0.2152
DIAMONDS TWO SPADES FIVE,0.573,0.1828,0.2442
DIAMONDS TWO SPADES FOUR,0.5586,0.2002,0.2412
DIAMONDS TWO SPADES THREE,0.5726,0.188,0.2394
DIAMONDS TWO SPADES TWO,0.2872,0.0796,0.6332
DIAMONDS TWO CLUBS NINE,0.2676,0.098,0.6344
CLUBS EIGHT DIAMONDS TWO,0.2618,0.137,0.6012
DIAMONDS TWO CLUBS SIX,0.5868,0.1834,0.2298
DIAMONDS TWO CLUBS FIVE,0.5702,0.1842,0.2456
DIAMONDS TWO CLUBS FOUR,0.552,0.202,0.246
CLUBS FOUR SPADES FIVE,0.4898,0.0978,0.4124
CLUBS FOUR SPADES FOUR,0.2658,0.121,0.6132
CLUBS FOUR SPADES THREE,0.506,0.1032,0.3908
CLUBS FOUR SPADES TWO,0.5618,0.1846,0.2536
SPADES NINE CLUBS FOUR,0.381,0.044,0.575
SPADES EIGHT CLUBS FOUR,0.3792,0.0678,0.553
SPADES SEVEN CLUBS FOUR,0.2496,0.4672,0.2832
CLUBS FOUR SPADES SIX,0.502,0.098,0.4
SPADES ACE DIAMONDS SIX,0.3878,0.004,0.6082
SPADES QUEEN DIAMONDS SIX,0.3882,0.0112,0.6006
SPADES KING DIAMONDS SIX,0.3864,0.0082,0.6054
SPADES TEN DIAMONDS SIX,0.3966,0.0254,0.578
SPADES JACK DIAMONDS SIX,0.3924,0.0176,0.59
SPADES QUEEN SPADES TWO,0.2696,0.0316,0.6988
SPADES KING SPADES TWO,0.2676,0.0218,0.7106
SPADES ACE SPADES TWO,0.278,0.0106,0.7114
CLUBS JACK DIAMONDS JACK,0.1588,0.0426,0.7986
CLUBS TEN DIAMONDS JACK,0.3378,0.0126,0.6496
DIAMONDS JACK CLUBS KING,0.3468,0.0068,0.6464
DIAMONDS JACK CLUBS QUEEN,0.3362,0.0112,0.6526
DIAMONDS THREE DIAMONDS JACK,0.3668,0.0184,0.6148
DIAMONDS THREE DIAMONDS TEN,0.3778,0.028,0.5942
DIAMONDS JACK CLUBS ACE,0.3524,0.0046,0.643
DIAMONDS THREE DIAMONDS KING,0.373,0.0114,0.6156
HEARTS THREE DIAMONDS THREE,0.2974,0.1252,0.5774
DIAMONDS THREE DIAMONDS QUEEN,0.3858,0.0124,0.6018
DIAMONDS THREE HEARTS TWO,0.5662,0.1862,0.2476
HEARTS FIVE DIAMONDS THREE,0.505,0.0962,0.3988
DIAMONDS THREE DIAMONDS ACE,0.3626,0.0058,0.6316
HEARTS FOUR DIAMONDS THREE,0.5066,0.1018,0.3916
DIAMONDS THREE HEARTS SEVEN,0.2606,0.4806,0.2588
SPADES TEN SPADES NINE,0.3276,0.0218,0.6506
HEARTS SIX DIAMONDS THREE,0.5258,0.105,0.3692
SPADES JACK SPADES NINE,0.334,0.0144,0.6516
DIAMONDS THREE HEARTS NINE,0.3998,0.042,0.5582
HEARTS JACK DIAMONDS FOUR,0.3862,0.0184,0.5954
HEARTS KING HEARTS ACE,0.3546,0.0048,0.6406
SPADES TEN SPADES TWO,0.27,0.0632,0.6668
DIAMONDS THREE HEARTS EIGHT,0.3996,0.0646,0.5358
HEARTS TEN DIAMONDS FOUR,0.3938,0.0258,0.5804
SPADES JACK SPADES TWO,0.28,0.046,0.674
HEARTS QUEEN DIAMONDS FOUR,0.3942,0.0144,0.5914
HEARTS KING DIAMONDS FOUR,0.3898,0.0084,0.6018
SPADES ACE SPADES NINE,0.3414,0.0064,0.6522
HEARTS ACE DIAMONDS FOUR,0.379,0.0052,0.6158
SPADES KING SPADES NINE,0.3482,0.0078,0.644
SPADES QUEEN SPADES NINE,0.3426,0.0124,0.645
DIAMONDS THREE SPADES NINE,0.3886,0.044,0.5674
DIAMONDS THREE SPADES EIGHT,0.3918,0.0578,0.5504
DIAMONDS THREE SPADES SEVEN,0.2588,0.48,0.2612
DIAMONDS THREE SPADES SIX,0.5194,0.1038,0.3768
DIAMONDS THREE CLUBS SIX,0.5232,0.0972,0.3796
CLUBS FIVE CLUBS SIX,0.4762,0.101,0.4228
CLUBS ACE DIAMONDS FOUR,0.3672,0.0054,0.6274
DIAMONDS THREE CLUBS FOUR,0.4984,0.1064,0.3952
DIAMONDS FOUR CLUBS QUEEN,0.3816,0.0134,0.605
DIAMONDS THREE CLUBS FIVE,0.487,0.1114,0.4016
DIAMONDS FOUR CLUBS KING,0.3796,0.0118,0.6086
CLUBS TEN DIAMONDS FOUR,0.3814,0.0288,0.5898
DIAMONDS THREE CLUBS THREE,0.2804,0.1246,0.595
CLUBS JACK DIAMONDS FOUR,0.372,0.0186,0.6094
DIAMONDS THREE SPADES FOUR,0.5156,0.0986,0.3858
DIAMONDS THREE SPADES FIVE,0.5068,0.1062,0.387
DIAMONDS THREE SPADES TWO,0.5688,0.1908,0.2404
DIAMONDS THREE SPADES THREE,0.2878,0.1288,0.5834
CLUBS EIGHT DIAMONDS THREE,0.3874,0.0656,0.547
CLUBS NINE DIAMONDS THREE,0.3834,0.0428,0.5738
SPADES SEVEN CLUBS ACE,0.258,0.0296,0.7124
SPADES SEVEN CLUBS QUEEN,0.266,0.0484,0.6856
SPADES SEVEN CLUBS KING,0.254,0.038,0.708
CLUBS FIVE SPADES SEVEN,0.2378,0.4202,0.342
CLUBS TEN SPADES SEVEN,0.2518,0.0886,0.6596
CLUBS FIVE SPADES SIX,0.4866,0.0988,0.4146
CLUBS JACK SPADES SEVEN,0.2506,0.058,0.6914
CLUBS FIVE SPADES NINE,0.354,0.0392,0.6068
CLUBS FIVE SPADES EIGHT,0.3652,0.0672,0.5676
CLUBS FIVE SPADES THREE,0.5182,0.0936,0.3882
CLUBS FIVE SPADES TWO,0.5666,0.1884,0.245
CLUBS FIVE SPADES FIVE,0.2526,0.112,0.6354
CLUBS FIVE SPADES FOUR,0.4964,0.095,0.4086
CLUBS NINE CLUBS FIVE,0.3284,0.048,0.6236
CLUBS EIGHT CLUBS FIVE,0.3222,0.0664,0.6114
CLUBS ACE CLUBS QUEEN,0.3144,0.006,0.6796
CLUBS KING CLUBS QUEEN,0.3054,0.0084,0.6862
DIAMONDS TEN DIAMONDS FOUR,0.3726,0.0248,0.6026
CLUBS TEN DIAMONDS NINE,0.3226,0.028,0.6494
DIAMONDS JACK DIAMONDS FOUR,0.3724,0.0218,0.6058
CLUBS JACK DIAMONDS NINE,0.3502,0.0162,0.6336
CLUBS JACK SPADES NINE,0.34,0.0194,0.6406
CLUBS TEN SPADES NINE,0.3332,0.0212,0.6456
DIAMONDS ACE DIAMONDS FOUR,0.3608,0.0044,0.6348
HEARTS FOUR DIAMONDS FOUR,0.2788,0.1114,0.6098
DIAMONDS JACK HEARTS TEN,0.3504,0.0138,0.6358
SPADES NINE CLUBS KING,0.35,0.007,0.643
DIAMONDS TWO SPADES TEN,0.275,0.0652,0.6598
DIAMONDS NINE CLUBS ACE,0.3458,0.0048,0.6494
HEARTS FIVE DIAMONDS FOUR,0.4956,0.0998,0.4046
HEARTS JACK DIAMONDS JACK,0.1718,0.0384,0.7898
SPADES NINE CLUBS QUEEN,0.3324,0.011,0.6566
DIAMONDS TWO SPADES JACK,0.2908,0.054,0.6552
DIAMONDS QUEEN DIAMONDS FOUR,0.3674,0.0108,0.6218
HEARTS TWO DIAMONDS FOUR,0.5636,0.188,0.2484
DIAMONDS NINE CLUBS QUEEN,0.3316,0.0126,0.6558
DIAMONDS KING DIAMONDS FOUR,0.3628,0.0066,0.6306
HEARTS THREE DIAMONDS FOUR,0.5,0.0964,0.4036
SPADES NINE CLUBS ACE,0.3514,0.0044,0.6442
DIAMONDS NINE CLUBS KING,0.3486,0.0076,0.6438
HEARTS ACE DIAMONDS JACK,0.364,0.0044,0.6316
SPADES ACE DIAMONDS TWO,0.298,0.013,0.689
DIAMONDS JACK HEARTS QUEEN,0.3738,0.011,0.6152
SPADES QUEEN DIAMONDS TWO,0.2856,0.0308,0.6836
HEARTS KING DIAMONDS JACK,0.3612,0.0064,0.6324
SPADES KING DIAMONDS TWO,0.2808,0.0234,0.6958
SPADES JACK SPADES SEVEN,0.2544,0.0592,0.6864
SPADES TEN SPADES SEVEN,0.2532,0.0786,0.6682
CLUBS SIX CLUBS THREE,0.5118,0.0944,0.3938
CLUBS FIVE CLUBS THREE,0.4974,0.0974,0.4052
CLUBS THREE CLUBS FOUR,0.5046,0.1026,0.3928
CLUBS NINE CLUBS THREE,0.3386,0.0396,0.6218
CLUBS EIGHT CLUBS THREE,0.3422,0.0656,0.5922
CLUBS THREE SPADES FIVE,0.5086,0.101,0.3904
CLUBS THREE SPADES FOUR,0.5022,0.1016,0.3962
CLUBS THREE SPADES THREE,0.273,0.1276,0.5994
CLUBS THREE SPADES TWO,0.5722,0.192,0.2358
CLUBS THREE SPADES SIX,0.5188,0.1022,0.379
CLUBS THREE SPADES SEVEN,0.2624,0.4776,0.26
SPADES EIGHT CLUBS THREE,0.3806,0.0596,0.5598
SPADES NINE CLUBS THREE,0.3898,0.0448,0.5654
SPADES TWO DIAMONDS FOUR,0.562,0.1884,0.2496
SPADES THREE DIAMONDS FOUR,0.5052,0.1042,0.3906
SPADES FOUR DIAMONDS FOUR,0.2716,0.115,0.6134
SPADES FIVE DIAMONDS FOUR,0.4892,0.0994,0.4114
SPADES SIX DIAMONDS FOUR,0.5076,0.0978,0.3946
SPADES SEVEN DIAMONDS FOUR,0.2508,0.4628,0.2864
SPADES EIGHT DIAMONDS FOUR,0.3688,0.069,0.5622
SPADES NINE DIAMONDS FOUR,0.3932,0.0394,0.5674
CLUBS FIVE DIAMONDS FOUR,0.489,0.1032,0.4078
CLUBS FOUR DIAMONDS FOUR,0.2812,0.1188,0.6
CLUBS SIX DIAMONDS FOUR,0.5038,0.0992,0.397
CLUBS NINE DIAMONDS FOUR,0.3664,0.0428,0.5908
CLUBS EIGHT DIAMONDS FOUR,0.3618,0.069,0.5692
DIAMONDS FOUR HEARTS SEVEN,0.2582,0.47,0.2718
HEARTS SIX DIAMONDS FOUR,0.5142,0.0998,0.386
HEARTS NINE DIAMONDS FOUR,0.3982,0.0466,0.5552
DIAMONDS FOUR HEARTS EIGHT,0.388,0.0646,0.5474
CLUBS THREE DIAMONDS FOUR,0.5064,0.1032,0.3904
DIAMONDS TEN DIAMONDS FIVE,0.3856,0.0276,0.5868
DIAMONDS JACK DIAMONDS FIVE,0.368,0.0168,0.6152
DIAMONDS NINE HEARTS QUEEN,0.374,0.01,0.616
HEARTS KING DIAMONDS NINE,0.372,0.0078,0.6202
DIAMONDS NINE HEARTS ACE,0.358,0.0046,0.6374
DIAMONDS NINE HEARTS TEN,0.3656,0.0198,0.6146
DIAMONDS NINE HEARTS JACK,0.362,0.0144,0.6236
CLUBS KING DIAMONDS SIX,0.3752,0.01,0.6148
CLUBS QUEEN DIAMONDS SIX,0.3744,0.0136,0.612
CLUBS ACE DIAMONDS SIX,0.375,0.005,0.62
SPADES KING DIAMONDS FOUR,0.4046,0.0086,0.5868
SPADES ACE SPADES SEVEN,0.2542,0.0268,0.719
SPADES QUEEN DIAMONDS FOUR,0.392,0.0112,0.5968
SPADES QUEEN SPADES SEVEN,0.2576,0.0438,0.6986
CLUBS JACK DIAMONDS SIX,0.378,0.0168,0.6052
SPADES KING SPADES SEVEN,0.2476,0.0384,0.714
SPADES ACE DIAMONDS FOUR,0.3838,0.005,0.6112
CLUBS TEN DIAMONDS SIX,0.374,0.0278,0.5982
CLUBS NINE CLUBS FOUR,0.3378,0.0398,0.6224
CLUBS EIGHT CLUBS FOUR,0.3182,0.065,0.6168
SPADES JACK DIAMONDS FOUR,0.3834,0.019,0.5976
SPADES TEN DIAMONDS FOUR,0.3962,0.0268,0.577
CLUBS FIVE CLUBS FOUR,0.4808,0.1068,0.4124
CLUBS SIX CLUBS FOUR,0.4928,0.1004,0.4068
HEARTS SIX DIAMONDS FIVE,0.4978,0.0984,0.4038
DIAMONDS FIVE HEARTS SEVEN,0.2618,0.4192,0.319
DIAMONDS FIVE HEARTS EIGHT,0.358,0.0672,0.5748
HEARTS NINE DIAMONDS FIVE,0.3748,0.036,0.5892
DIAMONDS QUEEN DIAMONDS FIVE,0.365,0.0108,0.6242
HEARTS TWO DIAMONDS FIVE,0.5622,0.18,0.2578
HEARTS KING HEARTS EIGHT,0.3416,0.0088,0.6496
DIAMONDS KING DIAMONDS FIVE,0.3758,0.0088,0.6154
HEARTS THREE DIAMONDS FIVE,0.5082,0.0986,0.3932
HEARTS QUEEN HEARTS EIGHT,0.341,0.0134,0.6456
DIAMONDS ACE DIAMONDS FIVE,0.3652,0.0068,0.628
HEARTS FOUR DIAMONDS FIVE,0.4962,0.1004,0.4034
HEARTS FIVE DIAMONDS FIVE,0.2712,0.1124,0.6164
HEARTS ACE HEARTS EIGHT,0.339,0.0044,0.6566
CLUBS FOUR DIAMONDS FIVE,0.4934,0.0924,0.4142
CLUBS FIVE DIAMONDS FIVE,0.2786,0.1114,0.61
CLUBS SIX DIAMONDS FIVE,0.492,0.1008,0.4072
CLUBS THREE DIAMONDS FIVE,0.4998,0.1028,0.3974
SPADES THREE DIAMONDS FIVE,0.5118,0.1016,0.3866
SPADES TWO DIAMONDS FIVE,0.558,0.197,0.245
SPADES JACK DIAMONDS EIGHT,0.3568,0.0198,0.6234
SPADES FIVE DIAMONDS FIVE,0.275,0.1084,0.6166
CLUBS TEN HEARTS JACK,0.339,0.0142,0.6468
SPADES TEN DIAMONDS EIGHT,0.3472,0.0242,0.6286
SPADES FOUR DIAMONDS FIVE,0.4846,0.1054,0.41
CLUBS JACK HEARTS JACK,0.1596,0.0424,0.798
HEARTS JACK CLUBS QUEEN,0.335,0.0114,0.6536
CLUBS NINE DIAMONDS FIVE,0.3714,0.0384,0.5902
CLUBS EIGHT DIAMONDS FIVE,0.345,0.065,0.59
HEARTS JACK CLUBS KING,0.355,0.0066,0.6384
HEARTS JACK CLUBS ACE,0.3454,0.0038,0.6508
SPADES SEVEN DIAMONDS FIVE,0.2546,0.4088,0.3366
SPADES KING DIAMONDS EIGHT,0.3612,0.006,0.6328
SPADES QUEEN DIAMONDS EIGHT,0.3532,0.0102,0.6366
SPADES SIX DIAMONDS FIVE,0.4972,0.091,0.4118
SPADES NINE DIAMONDS FIVE,0.3878,0.04,0.5722
SPADES EIGHT DIAMONDS FIVE,0.3604,0.06,0.5796
SPADES ACE DIAMONDS EIGHT,0.3574,0.0044,0.6382
DIAMONDS TEN DIAMONDS SIX,0.3602,0.0236,0.6162
HEARTS ACE DIAMONDS SEVEN,0.256,0.028,0.716
DIAMONDS JACK DIAMONDS SIX,0.3734,0.0174,0.6092
HEARTS QUEEN DIAMONDS SEVEN,0.2764,0.0534,0.6702
HEARTS KING DIAMONDS SEVEN,0.2756,0.0392,0.6852
DIAMONDS ACE DIAMONDS SIX,0.3646,0.005,0.6304
HEARTS FOUR DIAMONDS SIX,0.5218,0.0972,0.381
HEARTS JACK SPADES TWO,0.2836,0.0492,0.6672
HEARTS FIVE DIAMONDS SIX,0.5096,0.098,0.3924
SPADES TWO HEARTS TEN,0.2906,0.068,0.6414
DIAMONDS QUEEN DIAMONDS SIX,0.3688,0.0122,0.619
HEARTS TWO DIAMONDS SIX,0.5954,0.1792,0.2254
DIAMONDS KING DIAMONDS SIX,0.3672,0.0078,0.625
HEARTS THREE DIAMONDS SIX,0.5272,0.0998,0.373
HEARTS EIGHT DIAMONDS SIX,0.3604,0.0636,0.576
HEARTS NINE DIAMONDS SIX,0.3728,0.0362,0.591
HEARTS SIX DIAMONDS SIX,0.2736,0.0992,0.6272
HEARTS SEVEN DIAMONDS SIX,0.2526,0.345,0.4024
HEARTS TEN DIAMONDS SEVEN,0.2602,0.0804,0.6594
HEARTS JACK DIAMONDS SEVEN,0.271,0.056,0.673
CLUBS THREE DIAMONDS SIX,0.5158,0.1044,0.3798
CLUBS JACK DIAMONDS EIGHT,0.3274,0.0134,0.6592
CLUBS SIX DIAMONDS SIX,0.2572,0.0998,0.643
CLUBS TEN DIAMONDS EIGHT,0.3306,0.0286,0.6408
CLUBS FIVE DIAMONDS SIX,0.4776,0.0948,0.4276
CLUBS FOUR DIAMONDS SIX,0.4902,0.0996,0.4102
HEARTS ACE HEARTS JACK,0.3306,0.0034,0.666
DIAMONDS EIGHT CLUBS ACE,0.3544,0.0064,0.6392
HEARTS JACK HEARTS QUEEN,0.3398,0.0122,0.648
DIAMONDS EIGHT CLUBS KING,0.3536,0.0082,0.6382
CLUBS NINE DIAMONDS SIX,0.354,0.0432,0.6028
HEARTS KING HEARTS JACK,0.3424,0.0074,0.6502
CLUBS EIGHT DIAMONDS SIX,0.34,0.0648,0.5952
DIAMONDS EIGHT CLUBS QUEEN,0.3478,0.0104,0.6418
SPADES TEN HEARTS KING,0.3524,0.008,0.6396
SPADES FIVE DIAMONDS SIX,0.5038,0.0958,0.4004
HEARTS ACE SPADES TWO,0.2976,0.0128,0.6896
SPADES JACK HEARTS KING,0.3598,0.0062,0.634
SPADES FOUR DIAMONDS SIX,0.5078,0.1,0.3922
SPADES THREE DIAMONDS SIX,0.5156,0.1074,0.377
HEARTS QUEEN SPADES TWO,0.2876,0.0348,0.6776
SPADES ACE SPADES KING,0.3454,0.007,0.6476
HEARTS KING SPADES TWO,0.2844,0.0254,0.6902
SPADES TWO DIAMONDS SIX,0.5778,0.1828,0.2394
HEARTS TEN HEARTS EIGHT,0.3274,0.0268,0.6458
SPADES NINE DIAMONDS SIX,0.3676,0.038,0.5944
HEARTS JACK HEARTS EIGHT,0.3402,0.02,0.6398
SPADES EIGHT DIAMONDS SIX,0.3436,0.0604,0.596
SPADES SEVEN DIAMONDS SIX,0.257,0.3532,0.3898
SPADES SIX DIAMONDS SIX,0.2754,0.107,0.6176
SPADES KING HEARTS KING,0.1724,0.018,0.8096
SPADES QUEEN HEARTS KING,0.3612,0.006,0.6328
CLUBS ACE CLUBS KING,0.3182,0.0058,0.676
SPADES ACE HEARTS KING,0.3596,0.0062,0.6342
SPADES ACE HEARTS JACK,0.3694,0.0044,0.6262
SPADES QUEEN HEARTS JACK,0.3562,0.0102,0.6336
SPADES KING HEARTS JACK,0.3734,0.005,0.6216
SPADES TEN DIAMONDS TEN,0.1618,0.0534,0.7848
SPADES JACK DIAMONDS TEN,0.3488,0.0126,0.6386
SPADES ACE DIAMONDS TEN,0.3542,0.004,0.6418
SPADES JACK HEARTS JACK,0.1648,0.0406,0.7946
SPADES TEN HEARTS JACK,0.3454,0.0132,0.6414
SPADES QUEEN DIAMONDS TEN,0.362,0.0114,0.6266
SPADES KING DIAMONDS TEN,0.3746,0.0084,0.617
SPADES NINE DIAMONDS SEVEN,0.2802,0.1046,0.6152
SPADES EIGHT DIAMONDS SEVEN,0.2608,0.1424,0.5968
SPADES SEVEN DIAMONDS SEVEN,0.112,0.0964,0.7916
SPADES SIX DIAMONDS SEVEN,0.2562,0.3518,0.392
DIAMONDS KING DIAMONDS SEVEN,0.247,0.0414,0.7116
HEARTS THREE DIAMONDS SEVEN,0.2626,0.4716,0.2658
HEARTS KING DIAMONDS FIVE,0.396,0.0068,0.5972
DIAMONDS QUEEN DIAMONDS SEVEN,0.2498,0.0476,0.7026
HEARTS TWO DIAMONDS SEVEN,0.0736,0.905,0.0214
HEARTS QUEEN DIAMONDS FIVE,0.392,0.011,0.597
HEARTS FIVE DIAMONDS SEVEN,0.2662,0.3998,0.334
DIAMONDS ACE DIAMONDS SEVEN,0.2522,0.031,0.7168
HEARTS FOUR DIAMONDS SEVEN,0.2478,0.4748,0.2774
HEARTS ACE DIAMONDS FIVE,0.3718,0.0042,0.624
HEARTS SEVEN DIAMONDS SEVEN,0.1182,0.0998,0.782
HEARTS SIX DIAMONDS SEVEN,0.2624,0.3522,0.3854
HEARTS NINE DIAMONDS SEVEN,0.2628,0.1092,0.628
DIAMONDS SEVEN HEARTS EIGHT,0.253,0.1404,0.6066
DIAMONDS JACK DIAMONDS SEVEN,0.2496,0.059,0.6914
HEARTS JACK DIAMONDS FIVE,0.3892,0.0182,0.5926
DIAMONDS TEN DIAMONDS SEVEN,0.253,0.078,0.669
DIAMONDS FIVE HEARTS TEN,0.3978,0.027,0.5752
CLUBS EIGHT DIAMONDS SEVEN,0.2422,0.1434,0.6144
HEARTS KING CLUBS KING,0.1546,0.0198,0.8256
HEARTS KING CLUBS QUEEN,0.3424,0.0068,0.6508
CLUBS NINE DIAMONDS SEVEN,0.2478,0.1102,0.642
CLUBS JACK SPADES TWO,0.2768,0.0522,0.671
CLUBS TEN SPADES TWO,0.2814,0.07,0.6486
HEARTS KING CLUBS ACE,0.3554,0.006,0.6386
SPADES TWO CLUBS KING,0.2684,0.0224,0.7092
SPADES TWO DIAMONDS SEVEN,0.0712,0.9076,0.0212
CLUBS EIGHT CLUBS SIX,0.3098,0.0662,0.624
SPADES THREE DIAMONDS SEVEN,0.2702,0.4668,0.263
SPADES TWO CLUBS QUEEN,0.2662,0.0342,0.6996
CLUBS NINE CLUBS SIX,0.3184,0.039,0.6426
SPADES FOUR DIAMONDS SEVEN,0.255,0.4688,0.2762
CLUBS JACK HEARTS KING,0.3504,0.0072,0.6424
SPADES FIVE DIAMONDS SEVEN,0.2532,0.41,0.3368
SPADES TWO CLUBS ACE,0.2676,0.016,0.7164
CLUBS TEN HEARTS KING,0.3568,0.0074,0.6358
CLUBS SIX SPADES TWO,0.5834,0.1854,0.2312
CLUBS SIX SPADES THREE,0.5188,0.1004,0.3808
CLUBS SIX SPADES FOUR,0.4982,0.1028,0.399
CLUBS THREE DIAMONDS SEVEN,0.2586,0.4946,0.2468
CLUBS SIX SPADES FIVE,0.4926,0.0956,0.4118
CLUBS FOUR DIAMONDS SEVEN,0.244,0.4652,0.2908
CLUBS SIX SPADES SIX,0.2652,0.1048,0.63
CLUBS FIVE DIAMONDS SEVEN,0.2502,0.4268,0.323
CLUBS SIX SPADES SEVEN,0.2544,0.3548,0.3908
CLUBS SIX DIAMONDS SEVEN,0.2486,0.3516,0.3998
CLUBS SIX SPADES EIGHT,0.3432,0.0606,0.5962
SPADES NINE CLUBS SIX,0.353,0.0448,0.6022
CLUBS THREE DIAMONDS EIGHT,0.3844,0.067,0.5486
DIAMONDS EIGHT HEARTS SEVEN,0.2748,0.1292,0.596
HEARTS SIX DIAMONDS EIGHT,0.3782,0.0582,0.5636
DIAMONDS EIGHT HEARTS NINE,0.3488,0.037,0.6142
DIAMONDS EIGHT HEARTS EIGHT,0.1652,0.0802,0.7546
CLUBS NINE DIAMONDS EIGHT,0.3186,0.0384,0.643
CLUBS EIGHT DIAMONDS EIGHT,0.1638,0.0796,0.7566
CLUBS FIVE DIAMONDS EIGHT,0.3528,0.0608,0.5864
SPADES ACE SPADES THREE,0.3622,0.0066,0.6312
CLUBS FOUR DIAMONDS EIGHT,0.3736,0.064,0.5624
SPADES QUEEN SPADES THREE,0.3726,0.0146,0.6128
CLUBS SIX DIAMONDS EIGHT,0.3442,0.0596,0.5962
SPADES KING SPADES THREE,0.382,0.0106,0.6074
DIAMONDS QUEEN DIAMONDS EIGHT,0.34,0.0124,0.6476
HEARTS TWO DIAMONDS EIGHT,0.28,0.1418,0.5782
DIAMONDS KING DIAMONDS EIGHT,0.3412,0.0094,0.6494
HEARTS THREE DIAMONDS EIGHT,0.3924,0.0656,0.542
DIAMONDS ACE DIAMONDS EIGHT,0.3408,0.0062,0.653
HEARTS FOUR DIAMONDS EIGHT,0.3812,0.0674,0.5514
HEARTS FIVE DIAMONDS EIGHT,0.3798,0.063,0.5572
DIAMONDS EIGHT DIAMONDS TEN,0.3308,0.0248,0.6444
DIAMONDS EIGHT DIAMONDS JACK,0.3326,0.013,0.6544
SPADES JACK SPADES THREE,0.3776,0.0208,0.6016
SPADES TEN SPADES THREE,0.3702,0.0302,0.5996
CLUBS FOUR HEARTS ACE,0.3738,0.0052,0.621
CLUBS FOUR HEARTS QUEEN,0.387,0.0142,0.5988
CLUBS FOUR HEARTS KING,0.389,0.0096,0.6014
CLUBS SIX HEARTS TEN,0.3752,0.0276,0.5972
CLUBS SIX HEARTS JACK,0.3852,0.018,0.5968
DIAMONDS EIGHT SPADES FOUR,0.3794,0.0638,0.5568
SPADES FIVE DIAMONDS EIGHT,0.363,0.0628,0.5742
DIAMONDS EIGHT SPADES TWO,0.2788,0.1342,0.587
DIAMONDS EIGHT SPADES THREE,0.397,0.0658,0.5372
CLUBS FOUR HEARTS JACK,0.386,0.019,0.595
SPADES EIGHT DIAMONDS EIGHT,0.1684,0.088,0.7436
SPADES TEN DIAMONDS QUEEN,0.3468,0.0106,0.6426
SPADES TEN HEARTS TWO,0.2918,0.0642,0.644
SPADES JACK HEARTS EIGHT,0.3682,0.0158,0.616
CLUBS FOUR HEARTS TEN,0.3842,0.027,0.5888
SPADES NINE DIAMONDS EIGHT,0.3326,0.0358,0.6316
SPADES TEN HEARTS EIGHT,0.345,0.0262,0.6288
SPADES JACK HEARTS TWO,0.2878,0.0484,0.6638
SPADES JACK DIAMONDS QUEEN,0.344,0.0112,0.6448
SPADES SIX DIAMONDS EIGHT,0.3524,0.0618,0.5858
SPADES SEVEN DIAMONDS EIGHT,0.2624,0.132,0.6056
SPADES ACE HEARTS TWO,0.2896,0.0116,0.6988
SPADES ACE DIAMONDS QUEEN,0.362,0.0044,0.6336
SPADES ACE HEARTS EIGHT,0.3572,0.0024,0.6404
SPADES KING HEARTS EIGHT,0.3668,0.0074,0.6258
SPADES QUEEN HEARTS TWO,0.2984,0.0324,0.6692
SPADES QUEEN DIAMONDS QUEEN,0.162,0.0308,0.8072
SPADES KING DIAMONDS QUEEN,0.3698,0.0054,0.6248
SPADES KING HEARTS TWO,0.2926,0.0248,0.6826
SPADES QUEEN HEARTS EIGHT,0.37,0.014,0.616
SPADES SEVEN DIAMONDS NINE,0.2604,0.1046,0.635
SPADES SIX DIAMONDS NINE,0.3722,0.0378,0.59
SPADES NINE DIAMONDS NINE,0.1724,0.071,0.7566
SPADES EIGHT DIAMONDS NINE,0.3302,0.0376,0.6322
SPADES TEN CLUBS KING,0.341,0.0082,0.6508
DIAMONDS NINE SPADES THREE,0.394,0.0424,0.5636
SPADES JACK CLUBS KING,0.3414,0.0072,0.6514
DIAMONDS NINE SPADES TWO,0.2806,0.0942,0.6252
DIAMONDS NINE SPADES FIVE,0.3808,0.0424,0.5768
DIAMONDS NINE SPADES FOUR,0.3826,0.0416,0.5758
CLUBS NINE DIAMONDS NINE,0.1588,0.0692,0.772
CLUBS EIGHT DIAMONDS NINE,0.3308,0.039,0.6302
CLUBS SIX DIAMONDS NINE,0.3708,0.0438,0.5854
SPADES JACK CLUBS FOUR,0.3766,0.0206,0.6028
SPADES TEN CLUBS FOUR,0.3882,0.0254,0.5864
CLUBS FOUR DIAMONDS NINE,0.3794,0.0424,0.5782
CLUBS FIVE DIAMONDS NINE,0.3804,0.0414,0.5782
CLUBS THREE DIAMONDS NINE,0.3878,0.043,0.5692
DIAMONDS NINE HEARTS EIGHT,0.3372,0.036,0.6268
DIAMONDS NINE HEARTS NINE,0.1832,0.0688,0.748
HEARTS SIX DIAMONDS NINE,0.3752,0.0398,0.585
DIAMONDS NINE HEARTS SEVEN,0.2636,0.1078,0.6286
CLUBS EIGHT CLUBS NINE,0.2844,0.0366,0.679
DIAMONDS ACE DIAMONDS NINE,0.3436,0.003,0.6534
HEARTS FOUR DIAMONDS NINE,0.4028,0.0408,0.5564
HEARTS FIVE DIAMONDS NINE,0.3844,0.044,0.5716
SPADES ACE CLUBS FOUR,0.3788,0.005,0.6162
DIAMONDS QUEEN DIAMONDS NINE,0.3408,0.011,0.6482
HEARTS TWO DIAMONDS NINE,0.2932,0.0986,0.6082
SPADES KING CLUBS FOUR,0.38,0.008,0.612
DIAMONDS KING DIAMONDS NINE,0.3334,0.0072,0.6594
HEARTS THREE DIAMONDS NINE,0.397,0.046,0.557
SPADES QUEEN CLUBS FOUR,0.392,0.0148,0.5932
DIAMONDS NINE DIAMONDS JACK,0.3214,0.0182,0.6604
CLUBS EIGHT SPADES NINE,0.331,0.0364,0.6326
DIAMONDS NINE DIAMONDS TEN,0.3284,0.0194,0.6522
CLUBS EIGHT SPADES EIGHT,0.1548,0.0854,0.7598
CLUBS EIGHT SPADES SEVEN,0.25,0.146,0.604
CLUBS EIGHT SPADES SIX,0.3404,0.064,0.5956
CLUBS EIGHT SPADES FIVE,0.3624,0.062,0.5756
CLUBS EIGHT SPADES FOUR,0.3552,0.065,0.5798
CLUBS EIGHT SPADES THREE,0.3716,0.0696,0.5588
CLUBS EIGHT SPADES TWO,0.2648,0.143,0.5922
HEARTS SIX DIAMONDS TEN,0.3744,0.0238,0.6018
DIAMONDS TEN HEARTS SEVEN,0.2584,0.0808,0.6608
DIAMONDS TEN HEARTS EIGHT,0.3416,0.028,0.6304
CLUBS JACK CLUBS FOUR,0.339,0.0224,0.6386
DIAMONDS TEN HEARTS NINE,0.3514,0.0246,0.624
CLUBS TEN CLUBS FOUR,0.326,0.0264,0.6476
CLUBS FOUR CLUBS KING,0.3226,0.0098,0.6676
CLUBS FOUR CLUBS QUEEN,0.3332,0.0128,0.654
CLUBS THREE DIAMONDS TEN,0.3862,0.031,0.5828
CLUBS FOUR CLUBS ACE,0.3262,0.0082,0.6656
DIAMONDS JACK DIAMONDS TEN,0.3356,0.0152,0.6492
DIAMONDS QUEEN DIAMONDS TEN,0.3442,0.0104,0.6454
HEARTS TWO DIAMONDS TEN,0.2912,0.0656,0.6432
DIAMONDS KING DIAMONDS TEN,0.3448,0.0046,0.6506
HEARTS THREE DIAMONDS TEN,0.3914,0.0292,0.5794
DIAMONDS ACE DIAMONDS TEN,0.3336,0.0038,0.6626
HEARTS FOUR DIAMONDS TEN,0.3882,0.0272,0.5846
CLUBS EIGHT HEARTS JACK,0.3396,0.0168,0.6436
HEARTS FIVE DIAMONDS TEN,0.3932,0.028,0.5788
CLUBS EIGHT HEARTS TEN,0.3354,0.0302,0.6344
CLUBS EIGHT HEARTS QUEEN,0.3346,0.0126,0.6528
CLUBS EIGHT HEARTS KING,0.3624,0.0088,0.6288
CLUBS EIGHT HEARTS ACE,0.332,0.005,0.663
CLUBS NINE SPADES THREE,0.3754,0.0482,0.5764
CLUBS NINE SPADES TWO,0.2636,0.1014,0.635
CLUBS NINE SPADES FIVE,0.3786,0.0404,0.581
CLUBS NINE SPADES FOUR,0.3718,0.0396,0.5886
CLUBS NINE SPADES SEVEN,0.2392,0.1046,0.6562
CLUBS NINE SPADES SIX,0.3576,0.0472,0.5952
CLUBS NINE SPADES NINE,0.159,0.0698,0.7712
CLUBS TEN HEARTS EIGHT,0.33,0.0236,0.6464
CLUBS NINE SPADES EIGHT,0.328,0.0386,0.6334
CLUBS JACK HEARTS EIGHT,0.3488,0.0186,0.6326
CLUBS QUEEN HEARTS EIGHT,0.3506,0.0116,0.6378
CLUBS KING HEARTS EIGHT,0.3602,0.0088,0.631
CLUBS ACE HEARTS EIGHT,0.346,0.0036,0.6504
SPADES KING CLUBS KING,0.1564,0.016,0.8276
SPADES QUEEN CLUBS KING,0.3474,0.0058,0.6468
SPADES ACE CLUBS KING,0.3512,0.0056,0.6432
DIAMONDS ACE HEARTS TEN,0.3624,0.004,0.6336
HEARTS FOUR HEARTS TEN,0.3738,0.0312,0.595
DIAMONDS ACE HEARTS JACK,0.3624,0.0046,0.633
HEARTS FOUR HEARTS JACK,0.3722,0.0196,0.6082
SPADES KING CLUBS FIVE,0.3774,0.0092,0.6134
SPADES QUEEN CLUBS FIVE,0.3842,0.011,0.6048
SPADES ACE CLUBS FIVE,0.3636,0.0062,0.6302
DIAMONDS JACK HEARTS SEVEN,0.2662,0.059,0.6748
HEARTS SIX DIAMONDS JACK,0.3972,0.0182,0.5846
DIAMONDS JACK HEARTS NINE,0.3616,0.0178,0.6206
DIAMONDS JACK HEARTS EIGHT,0.3572,0.017,0.6258
DIAMONDS KING DIAMONDS JACK,0.3556,0.0046,0.6398
HEARTS THREE DIAMONDS JACK,0.3982,0.0206,0.5812
SPADES ACE SPADES SIX,0.3688,0.0048,0.6264
HEARTS ACE SPADES FOUR,0.3974,0.0042,0.5984
DIAMONDS QUEEN DIAMONDS JACK,0.3344,0.0084,0.6572
HEARTS TWO DIAMONDS JACK,0.2808,0.0522,0.667
HEARTS FIVE DIAMONDS JACK,0.4048,0.0208,0.5744
SPADES QUEEN SPADES SIX,0.356,0.011,0.633
SPADES FOUR HEARTS QUEEN,0.3986,0.0134,0.588
DIAMONDS ACE DIAMONDS JACK,0.3382,0.0044,0.6574
HEARTS FOUR DIAMONDS JACK,0.399,0.0178,0.5832
SPADES KING SPADES SIX,0.3582,0.007,0.6348
HEARTS KING SPADES FOUR,0.4134,0.0086,0.578
SPADES TEN SPADES SIX,0.3556,0.0246,0.6198
SPADES JACK SPADES SIX,0.375,0.0182,0.6068
SPADES FOUR DIAMONDS JACK,0.4014,0.02,0.5786
SPADES FIVE DIAMONDS JACK,0.3896,0.0184,0.592
DIAMONDS JACK SPADES TWO,0.2992,0.0454,0.6554
DIAMONDS JACK SPADES THREE,0.3904,0.016,0.5936
SPADES ACE DIAMONDS THREE,0.3824,0.0056,0.612
CLUBS EIGHT DIAMONDS JACK,0.3428,0.0156,0.6416
SPADES QUEEN DIAMONDS THREE,0.4002,0.0128,0.587
SPADES KING DIAMONDS THREE,0.3902,0.0086,0.6012
CLUBS NINE DIAMONDS JACK,0.3366,0.019,0.6444
CLUBS SIX DIAMONDS JACK,0.3882,0.0178,0.594
CLUBS FOUR DIAMONDS JACK,0.3778,0.02,0.6022
CLUBS FIVE DIAMONDS JACK,0.3744,0.0218,0.6038
CLUBS THREE DIAMONDS JACK,0.4022,0.0196,0.5782
SPADES TEN CLUBS FIVE,0.3862,0.0338,0.58
HEARTS SIX SPADES JACK,0.3894,0.0174,0.5932
HEARTS SIX SPADES TEN,0.3788,0.0254,0.5958
SPADES JACK CLUBS FIVE,0.3922,0.0178,0.59
SPADES JACK DIAMONDS THREE,0.3972,0.021,0.5818
DIAMONDS THREE SPADES TEN,0.3912,0.031,0.5778
SPADES NINE DIAMONDS JACK,0.3548,0.0156,0.6296
DIAMONDS ACE HEARTS ACE,0.1718,0.0036,0.8246
HEARTS FOUR HEARTS ACE,0.3644,0.0066,0.629
SPADES EIGHT DIAMONDS JACK,0.3666,0.0194,0.614
SPADES ACE HEARTS SIX,0.3924,0.005,0.6026
DIAMONDS ACE HEARTS KING,0.3658,0.0038,0.6304
HEARTS FOUR HEARTS KING,0.3798,0.0084,0.6118
SPADES SEVEN DIAMONDS JACK,0.278,0.0638,0.6582
SPADES KING HEARTS SIX,0.3968,0.006,0.5972
DIAMONDS ACE HEARTS QUEEN,0.3586,0.006,0.6354
HEARTS FOUR HEARTS QUEEN,0.373,0.0152,0.6118
SPADES QUEEN HEARTS SIX,0.393,0.0112,0.5958
SPADES SIX DIAMONDS JACK,0.399,0.0188,0.5822
DIAMONDS TEN SPADES TWO,0.287,0.0662,0.6468
SPADES THREE DIAMONDS TEN,0.4082,0.0308,0.561
SPADES FOUR DIAMONDS TEN,0.3874,0.03,0.5826
SPADES FIVE DIAMONDS TEN,0.4114,0.0282,0.5604
SPADES SIX DIAMONDS TEN,0.3916,0.0296,0.5788
SPADES SEVEN DIAMONDS TEN,0.2704,0.0812,0.6484
SPADES EIGHT DIAMONDS TEN,0.3452,0.0186,0.6362
SPADES NINE DIAMONDS TEN,0.3566,0.0208,0.6226
CLUBS FOUR DIAMONDS TEN,0.3794,0.0308,0.5898
CLUBS FIVE DIAMONDS TEN,0.3778,0.0242,0.598
CLUBS SIX DIAMONDS TEN,0.3702,0.0336,0.5962
CLUBS EIGHT DIAMONDS TEN,0.3382,0.0274,0.6344
CLUBS NINE DIAMONDS TEN,0.344,0.0246,0.6314
CLUBS JACK DIAMONDS THREE,0.3922,0.0202,0.5876
CLUBS TEN DIAMONDS THREE,0.3778,0.0282,0.594
DIAMONDS THREE CLUBS KING,0.3822,0.0106,0.6072
DIAMONDS THREE CLUBS QUEEN,0.382,0.0152,0.6028
DIAMONDS THREE CLUBS ACE,0.37,0.006,0.624
SPADES FOUR HEARTS JACK,0.393,0.0192,0.5878
SPADES FOUR HEARTS TEN,0.3924,0.0298,0.5778
SPADES FIVE SPADES TWO,0.5504,0.1714,0.2782
SPADES FOUR SPADES TWO,0.5324,0.185,0.2826
SPADES THREE SPADES TWO,0.5496,0.1728,0.2776
SPADES NINE SPADES TWO,0.2766,0.0952,0.6282
SPADES EIGHT SPADES TWO,0.2744,0.1304,0.5952
SPADES SEVEN SPADES TWO,0.077,0.8454,0.0776
SPADES SIX SPADES TWO,0.5532,0.1726,0.2742
DIAMONDS QUEEN CLUBS THREE,0.3916,0.0206,0.5878
CLUBS THREE HEARTS TWO,0.5598,0.1904,0.2498
DIAMONDS QUEEN HEARTS SEVEN,0.2728,0.0476,0.6796
HEARTS TWO HEARTS SEVEN,0.0698,0.8588,0.0714
HEARTS SIX DIAMONDS QUEEN,0.3884,0.0114,0.6002
HEARTS SIX HEARTS TWO,0.5506,0.1704,0.279
DIAMONDS QUEEN HEARTS NINE,0.3658,0.0116,0.6226
HEARTS TWO HEARTS NINE,0.2666,0.0936,0.6398
DIAMONDS QUEEN HEARTS EIGHT,0.3666,0.011,0.6224
HEARTS TWO HEARTS EIGHT,0.2688,0.136,0.5952
CLUBS NINE HEARTS TWO,0.262,0.1002,0.6378
CLUBS NINE DIAMONDS QUEEN,0.3396,0.0132,0.6472
CLUBS EIGHT DIAMONDS QUEEN,0.3454,0.011,0.6436
CLUBS EIGHT HEARTS TWO,0.2618,0.1342,0.604
CLUBS FIVE DIAMONDS QUEEN,0.3788,0.0148,0.6064
CLUBS FIVE HEARTS TWO,0.5544,0.1878,0.2578
SPADES EIGHT HEARTS ACE,0.3626,0.0042,0.6332
DIAMONDS QUEEN CLUBS FOUR,0.3864,0.0148,0.5988
HEARTS TWO CLUBS FOUR,0.5592,0.1936,0.2472
SPADES EIGHT HEARTS QUEEN,0.3548,0.013,0.6322
CLUBS SIX DIAMONDS QUEEN,0.3904,0.0132,0.5964
CLUBS SIX HEARTS TWO,0.5802,0.1848,0.235
SPADES EIGHT HEARTS KING,0.3718,0.0096,0.6186
HEARTS TWO SPADES SIX,0.5768,0.1906,0.2326
DIAMONDS QUEEN SPADES SIX,0.3864,0.0132,0.6004
HEARTS FOUR CLUBS QUEEN,0.3848,0.012,0.6032
DIAMONDS ACE CLUBS QUEEN,0.348,0.0056,0.6464
DIAMONDS QUEEN SPADES SEVEN,0.2656,0.05,0.6844
HEARTS TWO SPADES SEVEN,0.07,0.9052,0.0248
HEARTS FOUR CLUBS KING,0.3862,0.01,0.6038
DIAMONDS ACE CLUBS KING,0.3478,0.0044,0.6478
DIAMONDS QUEEN SPADES EIGHT,0.3648,0.0096,0.6256
SPADES EIGHT HEARTS TWO,0.2788,0.1364,0.5848
HEARTS FOUR CLUBS ACE,0.3784,0.0046,0.617
DIAMONDS ACE CLUBS ACE,0.1514,0.0048,0.8438
SPADES NINE DIAMONDS QUEEN,0.3616,0.0088,0.6296
SPADES NINE HEARTS TWO,0.288,0.0984,0.6136
HEARTS TWO SPADES TWO,0.3018,0.086,0.6122
DIAMONDS QUEEN SPADES TWO,0.2976,0.0308,0.6716
HEARTS TWO SPADES THREE,0.5738,0.1826,0.2436
DIAMONDS QUEEN SPADES THREE,0.4008,0.0146,0.5846
HEARTS TWO SPADES FOUR,0.561,0.1888,0.2502
DIAMONDS QUEEN SPADES FOUR,0.3974,0.0132,0.5894
CLUBS TEN HEARTS FOUR,0.3824,0.0264,0.5912
CLUBS TEN DIAMONDS ACE,0.3424,0.0036,0.654
HEARTS TWO SPADES FIVE,0.5696,0.1924,0.238
DIAMONDS QUEEN SPADES FIVE,0.4008,0.0122,0.587
HEARTS FOUR CLUBS JACK,0.3794,0.0234,0.5972
CLUBS JACK DIAMONDS ACE,0.3496,0.0048,0.6456
CLUBS FIVE CLUBS KING,0.3308,0.008,0.6612
CLUBS FIVE CLUBS QUEEN,0.3368,0.0134,0.6498
CLUBS FIVE CLUBS ACE,0.3336,0.0064,0.66
CLUBS JACK CLUBS FIVE,0.3342,0.0242,0.6416
CLUBS TEN CLUBS FIVE,0.342,0.0278,0.6302
SPADES KING CLUBS JACK,0.3462,0.0094,0.6444
CLUBS JACK SPADES QUEEN,0.348,0.0082,0.6438
SPADES ACE CLUBS JACK,0.349,0.0042,0.6468
SPADES SIX CLUBS KING,0.3768,0.0082,0.615
SPADES SIX CLUBS QUEEN,0.3706,0.0114,0.618
SPADES EIGHT HEARTS JACK,0.357,0.019,0.624
SPADES SIX CLUBS ACE,0.37,0.0048,0.6252
SPADES EIGHT HEARTS TEN,0.3548,0.0244,0.6208
CLUBS JACK SPADES SIX,0.3896,0.021,0.5894
CLUBS TEN SPADES SIX,0.3756,0.0266,0.5978
CLUBS JACK SPADES TEN,0.3336,0.0162,0.6502
CLUBS JACK SPADES JACK,0.1572,0.0426,0.8002
SPADES SIX HEARTS TEN,0.383,0.0222,0.5948
SPADES SIX HEARTS JACK,0.3878,0.0168,0.5954
SPADES SIX HEARTS ACE,0.3856,0.0032,0.6112
SPADES SIX HEARTS KING,0.403,0.0064,0.5906
SPADES SIX HEARTS QUEEN,0.4034,0.0112,0.5854
CLUBS TEN HEARTS SIX,0.358,0.0282,0.6138
CLUBS JACK HEARTS SIX,0.3888,0.0164,0.5948
CLUBS JACK CLUBS ACE,0.297,0.0046,0.6984
HEARTS SIX CLUBS QUEEN,0.3704,0.0114,0.6182
HEARTS SIX CLUBS KING,0.3818,0.0078,0.6104
HEARTS SIX CLUBS ACE,0.377,0.004,0.619
CLUBS JACK CLUBS QUEEN,0.2926,0.0102,0.6972
CLUBS JACK CLUBS KING,0.301,0.0066,0.6924
DIAMONDS THREE HEARTS ACE,0.3842,0.0044,0.6114
DIAMONDS THREE HEARTS QUEEN,0.3932,0.0142,0.5926
DIAMONDS THREE HEARTS KING,0.406,0.0078,0.5862
CLUBS FIVE HEARTS JACK,0.3838,0.0194,0.5968
SPADES TEN DIAMONDS ACE,0.3544,0.004,0.6416
HEARTS FOUR SPADES TEN,0.3846,0.0306,0.5848
CLUBS FIVE HEARTS TEN,0.3792,0.0304,0.5904
HEARTS FOUR SPADES JACK,0.4024,0.0206,0.577
SPADES JACK DIAMONDS ACE,0.3588,0.005,0.6362
SPADES ACE HEARTS FOUR,0.3848,0.005,0.6102
SPADES ACE DIAMONDS ACE,0.1638,0.0044,0.8318
CLUBS FIVE HEARTS ACE,0.3668,0.0042,0.629
CLUBS FIVE HEARTS KING,0.3766,0.0088,0.6146
HEARTS FOUR SPADES QUEEN,0.3964,0.0122,0.5914
SPADES QUEEN DIAMONDS ACE,0.3652,0.0028,0.632
CLUBS JACK SPADES FOUR,0.3638,0.0172,0.619
CLUBS FIVE HEARTS QUEEN,0.3762,0.0148,0.609
SPADES KING DIAMONDS ACE,0.3764,0.0044,0.6192
HEARTS FOUR SPADES KING,0.3896,0.0076,0.6028
CLUBS TEN SPADES FOUR,0.3724,0.0272,0.6004
DIAMONDS QUEEN DIAMONDS ACE,0.3342,0.006,0.6598
HEARTS TWO DIAMONDS ACE,0.2814,0.0102,0.7084
HEARTS FOUR DIAMONDS QUEEN,0.3918,0.0114,0.5968
HEARTS FOUR HEARTS TWO,0.5306,0.175,0.2944
DIAMONDS THREE HEARTS TEN,0.3932,0.0294,0.5774
SPADES FOUR CLUBS KING,0.3692,0.0098,0.621
HEARTS FIVE DIAMONDS QUEEN,0.3918,0.0114,0.5968
HEARTS FIVE HEARTS TWO,0.5176,0.1852,0.2972
DIAMONDS THREE HEARTS JACK,0.3988,0.0172,0.584
SPADES FOUR CLUBS QUEEN,0.3744,0.0116,0.614
DIAMONDS QUEEN HEARTS TWO,0.2758,0.0346,0.6896
DIAMONDS KING DIAMONDS QUEEN,0.3378,0.0062,0.656
DIAMONDS KING HEARTS TWO,0.2898,0.024,0.6862
HEARTS THREE DIAMONDS QUEEN,0.3862,0.0146,0.5992
HEARTS THREE HEARTS TWO,0.5366,0.1792,0.2842
SPADES FOUR CLUBS ACE,0.3586,0.006,0.6354
HEARTS TWO CLUBS ACE,0.2644,0.014,0.7216
DIAMONDS QUEEN CLUBS ACE,0.354,0.0052,0.6408
HEARTS TWO CLUBS QUEEN,0.2738,0.0416,0.6846
DIAMONDS QUEEN CLUBS QUEEN,0.1542,0.0322,0.8136
HEARTS TWO CLUBS KING,0.2596,0.023,0.7174
DIAMONDS QUEEN CLUBS KING,0.3502,0.0086,0.6412
SPADES EIGHT SPADES FIVE,0.3536,0.0628,0.5836
CLUBS TEN HEARTS TWO,0.263,0.0638,0.6732
CLUBS TEN DIAMONDS QUEEN,0.3496,0.0134,0.637
SPADES NINE SPADES FIVE,0.3638,0.0418,0.5944
CLUBS JACK HEARTS TWO,0.2868,0.053,0.6602
CLUBS JACK DIAMONDS QUEEN,0.3356,0.0104,0.654
SPADES SIX SPADES FIVE,0.465,0.087,0.448
SPADES SEVEN SPADES FIVE,0.2554,0.39,0.3546
DIAMONDS FIVE CLUBS QUEEN,0.3788,0.0106,0.6106
SPADES EIGHT CLUBS ACE,0.35,0.005,0.645
DIAMONDS FIVE CLUBS KING,0.3706,0.0118,0.6176
SPADES EIGHT CLUBS KING,0.3606,0.0088,0.6306
DIAMONDS FIVE CLUBS ACE,0.3628,0.0058,0.6314
SPADES EIGHT CLUBS QUEEN,0.359,0.0126,0.6284
CLUBS JACK SPADES EIGHT,0.3454,0.0158,0.6388
CLUBS TEN SPADES EIGHT,0.3258,0.0258,0.6484
CLUBS TEN DIAMONDS FIVE,0.3656,0.0304,0.604
CLUBS JACK DIAMONDS FIVE,0.3756,0.0208,0.6036
HEARTS JACK DIAMONDS TEN,0.3544,0.0122,0.6334
DIAMONDS TEN HEARTS TEN,0.1802,0.054,0.7658
SPADES ACE CLUBS NINE,0.3514,0.0056,0.643
SPADES QUEEN CLUBS NINE,0.339,0.011,0.65
SPADES KING CLUBS NINE,0.3518,0.0084,0.6398
HEARTS SIX HEARTS KING,0.372,0.0072,0.6208
DIAMONDS KING SPADES SEVEN,0.2662,0.0398,0.694
HEARTS THREE SPADES SEVEN,0.2564,0.4808,0.2628
SPADES KING DIAMONDS SEVEN,0.2706,0.0388,0.6906
HEARTS SIX HEARTS QUEEN,0.3574,0.0112,0.6314
SPADES QUEEN DIAMONDS SEVEN,0.271,0.046,0.683
HEARTS THREE SPADES SIX,0.5276,0.0984,0.374
DIAMONDS KING SPADES SIX,0.3908,0.0072,0.602
DIAMONDS KING SPADES NINE,0.354,0.0086,0.6374
HEARTS THREE SPADES NINE,0.3974,0.0432,0.5594
HEARTS SIX HEARTS ACE,0.365,0.0052,0.6298
DIAMONDS KING SPADES EIGHT,0.3706,0.0062,0.6232
HEARTS THREE SPADES EIGHT,0.3946,0.0662,0.5392
SPADES ACE DIAMONDS SEVEN,0.2708,0.0328,0.6964
HEARTS THREE CLUBS NINE,0.3838,0.0462,0.57
CLUBS NINE DIAMONDS KING,0.3414,0.0084,0.6502
CLUBS EIGHT DIAMONDS KING,0.3506,0.0088,0.6406
HEARTS THREE CLUBS EIGHT,0.3688,0.0652,0.566
HEARTS THREE SPADES THREE,0.277,0.1206,0.6024
DIAMONDS KING SPADES THREE,0.4072,0.0092,0.5836
