opposingHand,winningChance,drawChance,lostChance
CLUBS KING HEARTS TEN
HEARTS FIVE SPADES TEN,0.7436,0.0382,0.2182
SPADES JACK HEARTS FIVE,0.6556,0.0088,0.3356
SPADES FIVE CLUBS JACK,0.6548,0.0074,0.3378
CLUBS TEN SPADES FIVE,0.7394,0.0344,0.2262
CLUBS EIGHT CLUBS JACK,0.6064,0.0054,0.3882
CLUBS TEN CLUBS EIGHT,0.692,0.035,0.273
SPADES FIVE CLUBS ACE,0.4102,0.0042,0.5856
CLUBS EIGHT CLUBS QUEEN,0.6178,0.0084,0.3738
SPADES FIVE CLUBS QUEEN,0.6612,0.0058,0.333
CLUBS EIGHT CLUBS ACE,0.4038,0.0038,0.5924
DIAMONDS TWO DIAMONDS THREE,0.6056,0.0068,0.3876
DIAMONDS TWO DIAMONDS FIVE,0.6112,0.0074,0.3814
SPADES KING HEARTS FIVE,0.6518,0.1216,0.2266
DIAMONDS TWO DIAMONDS FOUR,0.6078,0.0062,0.386
SPADES QUEEN HEARTS FIVE,0.6476,0.0066,0.3458
DIAMONDS TWO DIAMONDS SEVEN,0.6204,0.0076,0.372
DIAMONDS TWO DIAMONDS SIX,0.6046,0.0084,0.387
SPADES ACE HEARTS FIVE,0.421,0.0044,0.5746
DIAMONDS TWO DIAMONDS NINE,0.6462,0.004,0.3498
DIAMONDS TWO DIAMONDS EIGHT,0.621,0.0074,0.3716
DIAMONDS THREE DIAMONDS FOUR,0.5922,0.0078,0.4
CLUBS TWO SPADES FOUR,0.6548,0.0066,0.3386
DIAMONDS THREE DIAMONDS FIVE,0.594,0.0078,0.3982
SPADES FIVE CLUBS TWO,0.6538,0.008,0.3382
CLUBS TWO SPADES TWO,0.4792,0.0108,0.51
CLUBS TWO SPADES THREE,0.6442,0.008,0.3478
DIAMONDS THREE DIAMONDS EIGHT,0.6272,0.0042,0.3686
SPADES EIGHT CLUBS TWO,0.6802,0.008,0.3118
DIAMONDS THREE DIAMONDS NINE,0.626,0.0082,0.3658
SPADES NINE CLUBS TWO,0.6876,0.0076,0.3048
DIAMONDS THREE DIAMONDS SIX,0.6028,0.007,0.3902
SPADES SIX CLUBS TWO,0.6574,0.006,0.3366
DIAMONDS THREE DIAMONDS SEVEN,0.6088,0.0068,0.3844
SPADES SEVEN CLUBS TWO,0.683,0.006,0.311
CLUBS SIX CLUBS TWO,0.633,0.0086,0.3584
CLUBS SEVEN CLUBS TWO,0.6556,0.0074,0.337
CLUBS FOUR CLUBS TWO,0.6172,0.0084,0.3744
CLUBS FIVE CLUBS TWO,0.629,0.0074,0.3636
CLUBS TEN CLUBS JACK,0.6894,0.0262,0.2844
DIAMONDS FOUR DIAMONDS SIX,0.5908,0.007,0.4022
CLUBS TEN CLUBS QUEEN,0.6914,0.0308,0.2778
DIAMONDS FOUR DIAMONDS SEVEN,0.5922,0.008,0.3998
CLUBS TEN CLUBS ACE,0.2458,0.0174,0.7368
CLUBS EIGHT CLUBS TWO,0.6332,0.0076,0.3592
DIAMONDS FIVE DIAMONDS FOUR,0.5836,0.0096,0.4068
CLUBS NINE CLUBS TWO,0.656,0.007,0.337
DIAMONDS NINE DIAMONDS FOUR,0.6364,0.0076,0.356
DIAMONDS EIGHT DIAMONDS FOUR,0.622,0.006,0.372
CLUBS THREE CLUBS TWO,0.6368,0.0088,0.3544
DIAMONDS NINE DIAMONDS FIVE,0.6128,0.007,0.3802
DIAMONDS TWO CLUBS JACK,0.6764,0.0084,0.3152
DIAMONDS EIGHT DIAMONDS FIVE,0.6056,0.0056,0.3888
CLUBS TEN DIAMONDS TWO,0.7358,0.0354,0.2288
DIAMONDS FIVE DIAMONDS SEVEN,0.587,0.0068,0.4062
DIAMONDS FIVE DIAMONDS SIX,0.5688,0.0076,0.4236
DIAMONDS TWO CLUBS ACE,0.4208,0.0052,0.574
DIAMONDS TWO CLUBS QUEEN,0.6564,0.0074,0.3362
DIAMONDS EIGHT DIAMONDS SIX,0.6,0.0056,0.3944
DIAMONDS NINE DIAMONDS SIX,0.6132,0.0058,0.381
HEARTS ACE SPADES THREE,0.4086,0.005,0.5864
SPADES THREE HEARTS KING,0.6632,0.1086,0.2282
DIAMONDS SEVEN DIAMONDS SIX,0.5826,0.005,0.4124
HEARTS QUEEN SPADES THREE,0.654,0.0062,0.3398
SPADES THREE HEARTS JACK,0.648,0.0082,0.3438
DIAMONDS EIGHT DIAMONDS SEVEN,0.5916,0.0064,0.402
DIAMONDS NINE DIAMONDS SEVEN,0.598,0.0062,0.3958
DIAMONDS NINE DIAMONDS EIGHT,0.6002,0.0072,0.3926
SPADES JACK CLUBS SIX,0.6662,0.0072,0.3266
DIAMONDS KING HEARTS JACK,0.2356,0.084,0.6804
HEARTS THREE HEARTS JACK,0.6238,0.0064,0.3698
SPADES TEN CLUBS SIX,0.7284,0.032,0.2396
SPADES JACK SPADES FIVE,0.5972,0.0082,0.3946
SPADES TEN SPADES FIVE,0.6892,0.0314,0.2794
DIAMONDS KING HEARTS ACE,0.2466,0.0116,0.7418
HEARTS THREE HEARTS ACE,0.4108,0.0062,0.583
SPADES ACE CLUBS SIX,0.423,0.0052,0.5718
DIAMONDS KING HEARTS QUEEN,0.2508,0.0608,0.6884
HEARTS THREE HEARTS QUEEN,0.6196,0.008,0.3724
SPADES KING CLUBS SIX,0.6582,0.1196,0.2222
DIAMONDS KING HEARTS KING,0.102,0.0116,0.8864
HEARTS THREE HEARTS KING,0.6132,0.1142,0.2726
SPADES QUEEN CLUBS SIX,0.6592,0.007,0.3338
SPADES NINE HEARTS JACK,0.622,0.0072,0.3708
SPADES QUEEN SPADES FIVE,0.6154,0.0082,0.3764
SPADES KING SPADES FIVE,0.6026,0.1132,0.2842
SPADES ACE SPADES FIVE,0.3952,0.0042,0.6006
SPADES NINE HEARTS QUEEN,0.6348,0.0078,0.3574
SPADES NINE HEARTS KING,0.6644,0.1132,0.2224
SPADES NINE HEARTS ACE,0.4012,0.005,0.5938
CLUBS TEN SPADES JACK,0.705,0.0274,0.2676
CLUBS TEN SPADES TEN,0.3218,0.0212,0.657
SPADES ACE CLUBS TEN,0.2568,0.0188,0.7244
SPADES KING CLUBS TEN,0.0188,0.9692,0.012
CLUBS TEN SPADES QUEEN,0.728,0.0318,0.2402
SPADES FIVE HEARTS QUEEN,0.6454,0.006,0.3486
SPADES FIVE HEARTS KING,0.6396,0.1126,0.2478
HEARTS ACE SPADES FIVE,0.425,0.0044,0.5706
CLUBS EIGHT SPADES TEN,0.7188,0.0368,0.2444
HEARTS THREE SPADES JACK,0.6578,0.0044,0.3378
SPADES JACK DIAMONDS KING,0.2394,0.0828,0.6778
SPADES TEN DIAMONDS KING,0.0202,0.9566,0.0232
HEARTS THREE SPADES TEN,0.7358,0.036,0.2282
SPADES JACK CLUBS EIGHT,0.6346,0.0064,0.359
CLUBS SIX HEARTS ACE,0.4176,0.0064,0.576
SPADES ACE CLUBS EIGHT,0.4108,0.003,0.5862
HEARTS FIVE CLUBS JACK,0.6542,0.0102,0.3356
CLUBS TEN HEARTS FIVE,0.7392,0.0384,0.2224
CLUBS SIX HEARTS QUEEN,0.6482,0.0074,0.3444
SPADES QUEEN CLUBS EIGHT,0.6496,0.0054,0.345
CLUBS TEN SPADES THREE,0.7406,0.0362,0.2232
CLUBS SIX HEARTS KING,0.6494,0.1238,0.2268
SPADES KING CLUBS EIGHT,0.6648,0.116,0.2192
SPADES THREE CLUBS JACK,0.6434,0.0088,0.3478
DIAMONDS TWO HEARTS JACK,0.656,0.0072,0.3368
SPADES THREE CLUBS QUEEN,0.655,0.0078,0.3372
HEARTS FIVE CLUBS ACE,0.424,0.0062,0.5698
SPADES THREE CLUBS ACE,0.4158,0.0026,0.5816
SPADES FIVE HEARTS JACK,0.6394,0.0078,0.3528
HEARTS FIVE CLUBS QUEEN,0.6726,0.0096,0.3178
HEARTS THREE CLUBS QUEEN,0.6658,0.0086,0.3256
DIAMONDS KING CLUBS QUEEN,0.238,0.0622,0.6998
HEARTS FIVE HEARTS JACK,0.6106,0.0068,0.3826
HEARTS THREE CLUBS ACE,0.4262,0.0074,0.5664
DIAMONDS KING CLUBS ACE,0.2554,0.0102,0.7344
SPADES ACE CLUBS QUEEN,0.3836,0.006,0.6104
SPADES KING CLUBS QUEEN,0.2488,0.0576,0.6936
HEARTS THREE CLUBS JACK,0.6704,0.0082,0.3214
DIAMONDS KING CLUBS JACK,0.2342,0.0954,0.6704
SPADES QUEEN CLUBS QUEEN,0.301,0.0026,0.6964
CLUBS TEN HEARTS THREE,0.7484,0.0414,0.2102
CLUBS TEN DIAMONDS KING,0.0192,0.966,0.0148
SPADES JACK CLUBS QUEEN,0.5792,0.006,0.4148
CLUBS SIX CLUBS QUEEN,0.6366,0.008,0.3554
SPADES TEN CLUBS QUEEN,0.733,0.0306,0.2364
CLUBS SIX CLUBS ACE,0.3976,0.0066,0.5958
HEARTS FIVE HEARTS KING,0.614,0.114,0.272
HEARTS FIVE HEARTS QUEEN,0.6134,0.0084,0.3782
CLUBS TEN CLUBS SIX,0.6962,0.0394,0.2644
HEARTS FIVE HEARTS ACE,0.413,0.0042,0.5828
CLUBS SIX CLUBS JACK,0.6246,0.0102,0.3652
SPADES SEVEN HEARTS JACK,0.6354,0.0072,0.3574
DIAMONDS TWO CLUBS TWO,0.4744,0.0112,0.5144
DIAMONDS TWO CLUBS THREE,0.6638,0.0086,0.3276
HEARTS SIX DIAMONDS TWO,0.6632,0.0058,0.331
DIAMONDS TWO HEARTS QUEEN,0.6566,0.0068,0.3366
DIAMONDS TWO HEARTS SEVEN,0.6726,0.0088,0.3186
DIAMONDS TWO HEARTS KING,0.6606,0.1144,0.225
DIAMONDS TWO HEARTS EIGHT,0.6764,0.0048,0.3188
DIAMONDS TWO HEARTS ACE,0.4282,0.005,0.5668
DIAMONDS TWO HEARTS NINE,0.6832,0.0072,0.3096
DIAMONDS TWO DIAMONDS QUEEN,0.6176,0.0056,0.3768
DIAMONDS TWO HEARTS TWO,0.4816,0.0112,0.5072
DIAMONDS TWO DIAMONDS KING,0.6092,0.1034,0.2874
HEARTS THREE DIAMONDS TWO,0.6528,0.0074,0.3398
DIAMONDS TWO DIAMONDS ACE,0.3964,0.0044,0.5992
HEARTS FOUR DIAMONDS TWO,0.6548,0.0102,0.335
DIAMONDS TWO HEARTS FIVE,0.652,0.008,0.34
SPADES SEVEN HEARTS ACE,0.421,0.0038,0.5752
DIAMONDS TWO DIAMONDS TEN,0.6996,0.0336,0.2668
SPADES SEVEN HEARTS KING,0.6532,0.1128,0.234
DIAMONDS TWO DIAMONDS JACK,0.6162,0.0066,0.3772
SPADES SEVEN HEARTS QUEEN,0.6634,0.0076,0.329
DIAMONDS TWO SPADES NINE,0.6686,0.0072,0.3242
DIAMONDS TWO SPADES EIGHT,0.6842,0.0064,0.3094
DIAMONDS TWO SPADES SEVEN,0.6808,0.0068,0.3124
DIAMONDS TWO SPADES SIX,0.664,0.0058,0.3302
DIAMONDS TWO SPADES FIVE,0.6546,0.0096,0.3358
DIAMONDS TWO SPADES FOUR,0.639,0.0108,0.3502
DIAMONDS TWO SPADES THREE,0.6442,0.0102,0.3456
DIAMONDS TWO SPADES TWO,0.4782,0.0116,0.5102
CLUBS NINE DIAMONDS TWO,0.6874,0.0088,0.3038
DIAMONDS TWO CLUBS EIGHT,0.6764,0.009,0.3146
CLUBS SEVEN DIAMONDS TWO,0.6786,0.0074,0.314
DIAMONDS TWO CLUBS SIX,0.6616,0.0064,0.332
DIAMONDS TWO CLUBS FIVE,0.6506,0.0074,0.342
DIAMONDS TWO CLUBS FOUR,0.6528,0.0104,0.3368
CLUBS FOUR SPADES FIVE,0.628,0.0086,0.3634
CLUBS FOUR SPADES FOUR,0.475,0.0098,0.5152
CLUBS FOUR SPADES THREE,0.6448,0.0106,0.3446
CLUBS FOUR SPADES TWO,0.6606,0.0058,0.3336
SPADES NINE CLUBS FOUR,0.6892,0.007,0.3038
SPADES EIGHT CLUBS FOUR,0.661,0.0056,0.3334
SPADES SEVEN CLUBS FOUR,0.6466,0.0066,0.3468
CLUBS FOUR SPADES SIX,0.6438,0.0074,0.3488
SPADES ACE DIAMONDS SIX,0.4272,0.0044,0.5684
SPADES QUEEN DIAMONDS SIX,0.64,0.0048,0.3552
SPADES KING DIAMONDS SIX,0.6536,0.1098,0.2366
SPADES TEN DIAMONDS SIX,0.7198,0.036,0.2442
SPADES JACK DIAMONDS SIX,0.6572,0.0042,0.3386
SPADES QUEEN SPADES TWO,0.6046,0.008,0.3874
SPADES KING SPADES TWO,0.61,0.1176,0.2724
SPADES ACE SPADES TWO,0.406,0.0034,0.5906
DIAMONDS JACK CLUBS JACK,0.3042,0.0052,0.6906
CLUBS TEN DIAMONDS JACK,0.7048,0.0308,0.2644
DIAMONDS JACK CLUBS QUEEN,0.6054,0.0072,0.3874
DIAMONDS THREE DIAMONDS JACK,0.6166,0.0056,0.3778
DIAMONDS THREE DIAMONDS TEN,0.6852,0.0362,0.2786
DIAMONDS JACK CLUBS ACE,0.3676,0.0048,0.6276
DIAMONDS THREE DIAMONDS KING,0.6046,0.1104,0.285
HEARTS THREE DIAMONDS THREE,0.4778,0.0112,0.511
DIAMONDS THREE DIAMONDS QUEEN,0.617,0.007,0.376
DIAMONDS THREE HEARTS TWO,0.666,0.0102,0.3238
HEARTS FIVE DIAMONDS THREE,0.6284,0.009,0.3626
DIAMONDS THREE DIAMONDS ACE,0.4032,0.005,0.5918
HEARTS FOUR DIAMONDS THREE,0.628,0.009,0.363
DIAMONDS THREE HEARTS SEVEN,0.6632,0.0072,0.3296
SPADES TEN SPADES NINE,0.6586,0.033,0.3084
HEARTS SIX DIAMONDS THREE,0.64,0.0062,0.3538
SPADES JACK SPADES NINE,0.5848,0.0076,0.4076
DIAMONDS THREE HEARTS NINE,0.6682,0.008,0.3238
HEARTS JACK DIAMONDS FOUR,0.648,0.0044,0.3476
HEARTS ACE HEARTS KING,0.2404,0.0132,0.7464
SPADES TEN SPADES TWO,0.699,0.036,0.265
DIAMONDS THREE HEARTS EIGHT,0.6828,0.0044,0.3128
SPADES JACK SPADES TWO,0.6214,0.0072,0.3714
HEARTS QUEEN DIAMONDS FOUR,0.6384,0.006,0.3556
HEARTS KING DIAMONDS FOUR,0.6392,0.1142,0.2466
SPADES ACE SPADES NINE,0.3862,0.0046,0.6092
HEARTS ACE DIAMONDS FOUR,0.4112,0.0032,0.5856
SPADES KING SPADES NINE,0.6204,0.1056,0.274
SPADES QUEEN SPADES NINE,0.5946,0.005,0.4004
DIAMONDS THREE SPADES NINE,0.6794,0.007,0.3136
DIAMONDS THREE SPADES EIGHT,0.6724,0.0078,0.3198
DIAMONDS THREE SPADES SEVEN,0.6688,0.0046,0.3266
DIAMONDS THREE SPADES SIX,0.6376,0.0084,0.354
DIAMONDS THREE CLUBS SIX,0.6612,0.0086,0.3302
CLUBS FIVE CLUBS SIX,0.6148,0.008,0.3772
CLUBS ACE DIAMONDS FOUR,0.4248,0.0028,0.5724
CLUBS SEVEN DIAMONDS THREE,0.664,0.007,0.329
CLUBS SEVEN CLUBS FIVE,0.6038,0.0072,0.389
DIAMONDS THREE CLUBS FOUR,0.6378,0.0098,0.3524
DIAMONDS FOUR CLUBS QUEEN,0.6646,0.0078,0.3276
DIAMONDS THREE CLUBS FIVE,0.648,0.0082,0.3438
DIAMONDS THREE CLUBS TWO,0.65,0.0082,0.3418
CLUBS TEN DIAMONDS FOUR,0.7398,0.0336,0.2266
DIAMONDS THREE CLUBS THREE,0.47,0.0102,0.5198
DIAMONDS FOUR CLUBS JACK,0.6454,0.0062,0.3484
DIAMONDS THREE SPADES FOUR,0.6436,0.0098,0.3466
DIAMONDS THREE SPADES FIVE,0.6322,0.0074,0.3604
DIAMONDS THREE SPADES TWO,0.6458,0.0092,0.345
DIAMONDS THREE SPADES THREE,0.4702,0.0076,0.5222
CLUBS EIGHT DIAMONDS THREE,0.6852,0.0068,0.308
CLUBS NINE DIAMONDS THREE,0.6782,0.009,0.3128
SPADES SEVEN CLUBS ACE,0.4062,0.0056,0.5882
SPADES SEVEN CLUBS QUEEN,0.6652,0.007,0.3278
CLUBS FIVE SPADES SEVEN,0.6402,0.0064,0.3534
CLUBS TEN SPADES SEVEN,0.7154,0.0324,0.2522
CLUBS FIVE SPADES SIX,0.6304,0.0066,0.363
SPADES SEVEN CLUBS JACK,0.656,0.0048,0.3392
CLUBS FIVE SPADES NINE,0.6652,0.0058,0.329
CLUBS FIVE SPADES EIGHT,0.6482,0.0076,0.3442
CLUBS FIVE SPADES THREE,0.6416,0.0088,0.3496
CLUBS FIVE SPADES TWO,0.6612,0.007,0.3318
CLUBS FIVE SPADES FIVE,0.4884,0.01,0.5016
CLUBS FIVE SPADES FOUR,0.6198,0.0076,0.3726
CLUBS NINE CLUBS FIVE,0.6254,0.0076,0.367
CLUBS EIGHT CLUBS FIVE,0.6206,0.006,0.3734
CLUBS ACE CLUBS QUEEN,0.3664,0.005,0.6286
DIAMONDS TEN DIAMONDS FOUR,0.696,0.0306,0.2734
CLUBS TEN DIAMONDS NINE,0.6952,0.0344,0.2704
DIAMONDS JACK DIAMONDS FOUR,0.6166,0.005,0.3784
DIAMONDS NINE CLUBS JACK,0.627,0.007,0.366
SPADES NINE CLUBS JACK,0.6356,0.0068,0.3576
CLUBS TEN SPADES NINE,0.6978,0.0316,0.2706
DIAMONDS ACE DIAMONDS FOUR,0.4014,0.0038,0.5948
HEARTS FOUR DIAMONDS FOUR,0.484,0.008,0.508
DIAMONDS TWO SPADES TEN,0.7442,0.0356,0.2202
DIAMONDS NINE CLUBS ACE,0.4118,0.006,0.5822
HEARTS FIVE DIAMONDS FOUR,0.6354,0.0094,0.3552
DIAMONDS JACK HEARTS JACK,0.2914,0.0046,0.704
SPADES NINE CLUBS QUEEN,0.643,0.0054,0.3516
DIAMONDS TWO SPADES JACK,0.6546,0.007,0.3384
DIAMONDS QUEEN DIAMONDS FOUR,0.5956,0.0058,0.3986
HEARTS TWO DIAMONDS FOUR,0.6528,0.0098,0.3374
DIAMONDS NINE CLUBS QUEEN,0.6426,0.0058,0.3516
DIAMONDS KING DIAMONDS FOUR,0.612,0.1122,0.2758
HEARTS THREE DIAMONDS FOUR,0.6386,0.0082,0.3532
SPADES NINE CLUBS ACE,0.408,0.0038,0.5882
HEARTS ACE DIAMONDS JACK,0.3608,0.003,0.6362
SPADES ACE DIAMONDS TWO,0.425,0.0042,0.5708
HEARTS QUEEN DIAMONDS JACK,0.5818,0.006,0.4122
SPADES QUEEN DIAMONDS TWO,0.6496,0.0078,0.3426
DIAMONDS JACK HEARTS KING,0.2392,0.094,0.6668
SPADES KING DIAMONDS TWO,0.6428,0.1196,0.2376
SPADES JACK SPADES SEVEN,0.607,0.007,0.386
SPADES TEN SPADES SEVEN,0.675,0.0312,0.2938
CLUBS SEVEN CLUBS THREE,0.6332,0.0088,0.358
CLUBS SIX CLUBS THREE,0.6192,0.01,0.3708
CLUBS FIVE CLUBS THREE,0.6026,0.0082,0.3892
CLUBS THREE CLUBS FOUR,0.6146,0.0084,0.377
CLUBS NINE CLUBS THREE,0.6342,0.0076,0.3582
CLUBS EIGHT CLUBS THREE,0.6476,0.0068,0.3456
CLUBS THREE SPADES FIVE,0.6408,0.0082,0.351
CLUBS THREE SPADES FOUR,0.6468,0.0096,0.3436
CLUBS THREE SPADES THREE,0.4746,0.0118,0.5136
CLUBS THREE SPADES TWO,0.663,0.0134,0.3236
CLUBS THREE SPADES SIX,0.6486,0.0056,0.3458
CLUBS THREE SPADES SEVEN,0.6656,0.0066,0.3278
SPADES EIGHT CLUBS THREE,0.675,0.009,0.316
SPADES NINE CLUBS THREE,0.6786,0.0108,0.3106
SPADES TWO DIAMONDS FOUR,0.6578,0.0078,0.3344
SPADES THREE DIAMONDS FOUR,0.6284,0.0066,0.365
SPADES FOUR DIAMONDS FOUR,0.4794,0.0088,0.5118
SPADES FIVE DIAMONDS FOUR,0.624,0.0072,0.3688
SPADES SIX DIAMONDS FOUR,0.6178,0.0056,0.3766
SPADES SEVEN DIAMONDS FOUR,0.6494,0.0082,0.3424
SPADES EIGHT DIAMONDS FOUR,0.651,0.0062,0.3428
SPADES NINE DIAMONDS FOUR,0.664,0.0066,0.3294
CLUBS FIVE DIAMONDS FOUR,0.639,0.0086,0.3524
CLUBS FOUR DIAMONDS FOUR,0.4864,0.0092,0.5044
CLUBS SEVEN DIAMONDS FOUR,0.6444,0.0068,0.3488
CLUBS SIX DIAMONDS FOUR,0.6402,0.0068,0.353
CLUBS NINE DIAMONDS FOUR,0.6796,0.0072,0.3132
CLUBS EIGHT DIAMONDS FOUR,0.6676,0.0046,0.3278
DIAMONDS FOUR HEARTS SEVEN,0.6486,0.0058,0.3456
HEARTS SIX DIAMONDS FOUR,0.6396,0.0056,0.3548
HEARTS NINE DIAMONDS FOUR,0.68,0.0082,0.3118
DIAMONDS FOUR HEARTS EIGHT,0.6562,0.0084,0.3354
CLUBS THREE DIAMONDS FOUR,0.6346,0.0066,0.3588
CLUBS TWO DIAMONDS FOUR,0.651,0.009,0.34
DIAMONDS TEN DIAMONDS FIVE,0.6964,0.0324,0.2712
DIAMONDS JACK DIAMONDS FIVE,0.6054,0.0048,0.3898
DIAMONDS NINE HEARTS QUEEN,0.6328,0.0058,0.3614
DIAMONDS NINE HEARTS KING,0.6408,0.1304,0.2288
HEARTS ACE DIAMONDS NINE,0.4152,0.0032,0.5816
DIAMONDS NINE HEARTS JACK,0.6218,0.007,0.3712
CLUBS QUEEN DIAMONDS SIX,0.6528,0.0076,0.3396
CLUBS ACE DIAMONDS SIX,0.4268,0.0042,0.569
SPADES KING DIAMONDS FOUR,0.6638,0.1118,0.2244
SPADES ACE SPADES SEVEN,0.4014,0.0032,0.5954
SPADES QUEEN DIAMONDS FOUR,0.6416,0.0058,0.3526
SPADES QUEEN SPADES SEVEN,0.6286,0.004,0.3674
CLUBS JACK DIAMONDS SIX,0.662,0.005,0.333
SPADES KING SPADES SEVEN,0.625,0.1046,0.2704
SPADES ACE DIAMONDS FOUR,0.4244,0.0042,0.5714
CLUBS TEN DIAMONDS SIX,0.7446,0.0322,0.2232
CLUBS NINE CLUBS FOUR,0.651,0.0082,0.3408
CLUBS EIGHT CLUBS FOUR,0.6304,0.0068,0.3628
SPADES JACK DIAMONDS FOUR,0.6552,0.0074,0.3374
SPADES TEN DIAMONDS FOUR,0.7282,0.0364,0.2354
CLUBS FIVE CLUBS FOUR,0.6026,0.0076,0.3898
CLUBS SEVEN CLUBS FOUR,0.6228,0.0074,0.3698
CLUBS SIX CLUBS FOUR,0.605,0.0062,0.3888
CLUBS SEVEN SPADES EIGHT,0.6266,0.006,0.3674
CLUBS SEVEN SPADES NINE,0.6478,0.0084,0.3438
CLUBS SEVEN SPADES SIX,0.6312,0.0064,0.3624
CLUBS SEVEN SPADES SEVEN,0.468,0.0066,0.5254
CLUBS SEVEN SPADES FIVE,0.6338,0.0072,0.359
CLUBS SEVEN SPADES FOUR,0.6418,0.0074,0.3508
CLUBS SEVEN SPADES THREE,0.6658,0.0102,0.324
CLUBS SEVEN SPADES TWO,0.6838,0.0082,0.308
CLUBS NINE CLUBS SEVEN,0.6144,0.0082,0.3774
CLUBS SEVEN CLUBS EIGHT,0.6,0.0082,0.3918
HEARTS SIX DIAMONDS FIVE,0.625,0.0074,0.3676
DIAMONDS FIVE HEARTS SEVEN,0.6376,0.0062,0.3562
DIAMONDS FIVE HEARTS EIGHT,0.653,0.0066,0.3404
HEARTS NINE DIAMONDS FIVE,0.6744,0.0054,0.3202
DIAMONDS QUEEN DIAMONDS FIVE,0.6046,0.0068,0.3886
HEARTS TWO DIAMONDS FIVE,0.66,0.0074,0.3326
HEARTS KING HEARTS EIGHT,0.628,0.1082,0.2638
DIAMONDS KING DIAMONDS FIVE,0.6082,0.1084,0.2834
HEARTS THREE DIAMONDS FIVE,0.6408,0.009,0.3502
HEARTS QUEEN HEARTS EIGHT,0.6108,0.0064,0.3828
DIAMONDS ACE DIAMONDS FIVE,0.3982,0.0034,0.5984
HEARTS FOUR DIAMONDS FIVE,0.631,0.0086,0.3604
HEARTS FIVE DIAMONDS FIVE,0.4658,0.0076,0.5266
HEARTS ACE HEARTS EIGHT,0.4006,0.0038,0.5956
CLUBS FOUR DIAMONDS FIVE,0.6182,0.0094,0.3724
CLUBS FIVE DIAMONDS FIVE,0.4834,0.0088,0.5078
CLUBS SIX DIAMONDS FIVE,0.641,0.0072,0.3518
CLUBS SEVEN DIAMONDS FIVE,0.6312,0.0046,0.3642
CLUBS TWO DIAMONDS FIVE,0.6508,0.009,0.3402
CLUBS THREE DIAMONDS FIVE,0.634,0.0088,0.3572
SPADES THREE DIAMONDS FIVE,0.6338,0.0066,0.3596
SPADES TWO DIAMONDS FIVE,0.6598,0.0064,0.3338
SPADES JACK DIAMONDS EIGHT,0.628,0.0064,0.3656
SPADES FIVE DIAMONDS FIVE,0.4728,0.0074,0.5198
CLUBS TEN HEARTS JACK,0.7174,0.0278,0.2548
SPADES TEN DIAMONDS EIGHT,0.7116,0.0348,0.2536
SPADES FOUR DIAMONDS FIVE,0.6144,0.0072,0.3784
HEARTS JACK CLUBS JACK,0.3008,0.0082,0.691
HEARTS JACK CLUBS QUEEN,0.5926,0.0076,0.3998
CLUBS NINE DIAMONDS FIVE,0.665,0.0066,0.3284
CLUBS EIGHT DIAMONDS FIVE,0.6524,0.0068,0.3408
CLUBS ACE HEARTS JACK,0.3504,0.0068,0.6428
SPADES SEVEN DIAMONDS FIVE,0.6208,0.008,0.3712
SPADES KING DIAMONDS EIGHT,0.661,0.1182,0.2208
SPADES QUEEN DIAMONDS EIGHT,0.6438,0.0046,0.3516
SPADES SIX DIAMONDS FIVE,0.6332,0.0034,0.3634
SPADES NINE DIAMONDS FIVE,0.6584,0.0074,0.3342
SPADES EIGHT DIAMONDS FIVE,0.635,0.0054,0.3596
SPADES ACE DIAMONDS EIGHT,0.417,0.0026,0.5804
DIAMONDS TEN DIAMONDS SIX,0.6796,0.0316,0.2888
HEARTS ACE DIAMONDS SEVEN,0.4346,0.0046,0.5608
DIAMONDS JACK DIAMONDS SIX,0.6238,0.0048,0.3714
HEARTS QUEEN DIAMONDS SEVEN,0.6506,0.0072,0.3422
HEARTS KING DIAMONDS SEVEN,0.6506,0.118,0.2314
DIAMONDS ACE DIAMONDS SIX,0.392,0.0046,0.6034
HEARTS FOUR DIAMONDS SIX,0.6252,0.007,0.3678
SPADES TWO HEARTS JACK,0.6622,0.0072,0.3306
HEARTS FIVE DIAMONDS SIX,0.6182,0.0068,0.375
DIAMONDS QUEEN DIAMONDS SIX,0.6088,0.0062,0.385
HEARTS TWO DIAMONDS SIX,0.6626,0.0066,0.3308
DIAMONDS KING DIAMONDS SIX,0.6022,0.1046,0.2932
HEARTS THREE DIAMONDS SIX,0.6508,0.0082,0.341
HEARTS EIGHT DIAMONDS SIX,0.638,0.0074,0.3546
HEARTS NINE DIAMONDS SIX,0.6556,0.0048,0.3396
HEARTS SIX DIAMONDS SIX,0.4772,0.0076,0.5152
HEARTS SEVEN DIAMONDS SIX,0.6226,0.0068,0.3706
CLUBS TWO DIAMONDS SIX,0.6688,0.0092,0.322
HEARTS JACK DIAMONDS SEVEN,0.6482,0.0068,0.345
CLUBS THREE DIAMONDS SIX,0.669,0.0068,0.3242
CLUBS SEVEN DIAMONDS SIX,0.6398,0.0044,0.3558
DIAMONDS EIGHT CLUBS JACK,0.6452,0.0044,0.3504
CLUBS SIX DIAMONDS SIX,0.4844,0.0088,0.5068
CLUBS TEN DIAMONDS EIGHT,0.718,0.0328,0.2492
CLUBS FIVE DIAMONDS SIX,0.6364,0.0082,0.3554
CLUBS FOUR DIAMONDS SIX,0.6412,0.007,0.3518
HEARTS ACE HEARTS JACK,0.3518,0.0046,0.6436
DIAMONDS EIGHT CLUBS ACE,0.4298,0.004,0.5662
HEARTS QUEEN HEARTS JACK,0.5634,0.0064,0.4302
CLUBS NINE DIAMONDS SIX,0.6594,0.0056,0.335
HEARTS KING HEARTS JACK,0.2308,0.0764,0.6928
DIAMONDS EIGHT CLUBS QUEEN,0.6398,0.0076,0.3526
CLUBS EIGHT DIAMONDS SIX,0.6464,0.0056,0.348
SPADES TEN HEARTS KING,0.0096,0.971,0.0194
SPADES FIVE DIAMONDS SIX,0.6268,0.0064,0.3668
HEARTS ACE SPADES TWO,0.4172,0.0062,0.5766
SPADES JACK HEARTS KING,0.2284,0.0944,0.6772
SPADES FOUR DIAMONDS SIX,0.631,0.0074,0.3616
SPADES THREE DIAMONDS SIX,0.6516,0.0074,0.341
HEARTS QUEEN SPADES TWO,0.6662,0.0062,0.3276
SPADES ACE SPADES KING,0.2348,0.0116,0.7536
HEARTS KING SPADES TWO,0.6474,0.1244,0.2282
SPADES TWO DIAMONDS SIX,0.6682,0.0044,0.3274
SPADES NINE DIAMONDS SIX,0.6488,0.0062,0.345
HEARTS JACK HEARTS EIGHT,0.5944,0.0082,0.3974
SPADES EIGHT DIAMONDS SIX,0.6346,0.003,0.3624
SPADES SEVEN DIAMONDS SIX,0.6148,0.005,0.3802
SPADES SIX DIAMONDS SIX,0.478,0.0096,0.5124
SPADES KING HEARTS KING,0.1034,0.013,0.8836
SPADES QUEEN HEARTS KING,0.2414,0.063,0.6956
SPADES ACE HEARTS KING,0.244,0.0118,0.7442
SPADES ACE HEARTS JACK,0.3768,0.0058,0.6174
SPADES QUEEN HEARTS JACK,0.5848,0.0052,0.41
SPADES KING HEARTS JACK,0.2378,0.09,0.6722
SPADES TEN DIAMONDS TEN,0.3122,0.0218,0.666
SPADES JACK DIAMONDS TEN,0.7022,0.0312,0.2666
SPADES ACE DIAMONDS TEN,0.2564,0.0186,0.725
SPADES JACK HEARTS JACK,0.291,0.0038,0.7052
SPADES TEN HEARTS JACK,0.7048,0.028,0.2672
SPADES QUEEN DIAMONDS TEN,0.7156,0.029,0.2554
SPADES KING DIAMONDS TEN,0.0214,0.9602,0.0184
SPADES NINE DIAMONDS SEVEN,0.6362,0.0086,0.3552
SPADES EIGHT DIAMONDS SEVEN,0.6218,0.0044,0.3738
SPADES SEVEN DIAMONDS SEVEN,0.4612,0.0082,0.5306
SPADES SIX DIAMONDS SEVEN,0.627,0.0068,0.3662
DIAMONDS KING DIAMONDS SEVEN,0.6192,0.1054,0.2754
HEARTS THREE DIAMONDS SEVEN,0.67,0.0078,0.3222
HEARTS KING DIAMONDS FIVE,0.6404,0.116,0.2436
DIAMONDS QUEEN DIAMONDS SEVEN,0.6198,0.0076,0.3726
HEARTS TWO DIAMONDS SEVEN,0.6808,0.0066,0.3126
HEARTS QUEEN DIAMONDS FIVE,0.6474,0.0052,0.3474
HEARTS FIVE DIAMONDS SEVEN,0.6336,0.0094,0.357
DIAMONDS ACE DIAMONDS SEVEN,0.404,0.004,0.592
HEARTS FOUR DIAMONDS SEVEN,0.6546,0.0074,0.338
HEARTS ACE DIAMONDS FIVE,0.41,0.0046,0.5854
HEARTS SEVEN DIAMONDS SEVEN,0.4708,0.0098,0.5194
HEARTS SIX DIAMONDS SEVEN,0.6252,0.0064,0.3684
HEARTS NINE DIAMONDS SEVEN,0.6504,0.008,0.3416
DIAMONDS SEVEN HEARTS EIGHT,0.6236,0.0062,0.3702
DIAMONDS JACK DIAMONDS SEVEN,0.587,0.0048,0.4082
DIAMONDS FIVE HEARTS JACK,0.655,0.0068,0.3382
DIAMONDS TEN DIAMONDS SEVEN,0.6588,0.0282,0.313
SPADES KING CLUBS TWO,0.6654,0.118,0.2166
CLUBS EIGHT DIAMONDS SEVEN,0.6282,0.0068,0.365
SPADES QUEEN CLUBS TWO,0.653,0.01,0.337
HEARTS KING CLUBS QUEEN,0.2356,0.0624,0.702
CLUBS NINE DIAMONDS SEVEN,0.6512,0.0074,0.3414
SPADES TWO CLUBS JACK,0.668,0.009,0.323
SPADES ACE CLUBS TWO,0.4194,0.0068,0.5738
CLUBS TEN SPADES TWO,0.733,0.0382,0.2288
HEARTS KING CLUBS ACE,0.238,0.0114,0.7506
CLUBS SEVEN CLUBS SIX,0.5956,0.0068,0.3976
SPADES TWO DIAMONDS SEVEN,0.679,0.0078,0.3132
CLUBS EIGHT CLUBS SIX,0.6136,0.0052,0.3812
SPADES THREE DIAMONDS SEVEN,0.6664,0.0058,0.3278
SPADES TWO CLUBS QUEEN,0.6664,0.0082,0.3254
CLUBS NINE CLUBS SIX,0.632,0.0064,0.3616
SPADES FOUR DIAMONDS SEVEN,0.6338,0.006,0.3602
HEARTS KING CLUBS JACK,0.219,0.0878,0.6932
SPADES FIVE DIAMONDS SEVEN,0.6346,0.0084,0.357
SPADES TWO CLUBS ACE,0.4234,0.0052,0.5714
CLUBS TEN HEARTS KING,0.0068,0.9838,0.0094
CLUBS SIX SPADES TWO,0.6736,0.0066,0.3198
CLUBS SIX SPADES THREE,0.6572,0.0074,0.3354
CLUBS TWO DIAMONDS SEVEN,0.679,0.0062,0.3148
CLUBS SIX SPADES FOUR,0.6406,0.0074,0.352
CLUBS THREE DIAMONDS SEVEN,0.6616,0.0062,0.3322
CLUBS SIX SPADES FIVE,0.6288,0.0076,0.3636
CLUBS FOUR DIAMONDS SEVEN,0.6536,0.0064,0.34
CLUBS SIX SPADES SIX,0.4538,0.0094,0.5368
CLUBS FIVE DIAMONDS SEVEN,0.6326,0.0068,0.3606
CLUBS SIX SPADES SEVEN,0.6262,0.007,0.3668
CLUBS SIX DIAMONDS SEVEN,0.6278,0.0066,0.3656
CLUBS SIX SPADES EIGHT,0.6336,0.0072,0.3592
SPADES JACK CLUBS TWO,0.6726,0.0068,0.3206
CLUBS SEVEN DIAMONDS SEVEN,0.4706,0.009,0.5204
SPADES NINE CLUBS SIX,0.6508,0.0066,0.3426
SPADES TEN CLUBS TWO,0.7406,0.0336,0.2258
CLUBS TWO CLUBS QUEEN,0.6306,0.0062,0.3632
CLUBS THREE DIAMONDS EIGHT,0.682,0.0068,0.3112
CLUBS TWO CLUBS ACE,0.399,0.0048,0.5962
CLUBS TWO DIAMONDS EIGHT,0.6826,0.0054,0.312
DIAMONDS EIGHT HEARTS SEVEN,0.628,0.0046,0.3674
HEARTS SIX DIAMONDS EIGHT,0.6432,0.0062,0.3506
DIAMONDS EIGHT HEARTS NINE,0.6396,0.005,0.3554
CLUBS TEN CLUBS TWO,0.712,0.0326,0.2554
DIAMONDS EIGHT HEARTS EIGHT,0.4732,0.0096,0.5172
CLUBS TWO CLUBS JACK,0.6436,0.007,0.3494
CLUBS NINE DIAMONDS EIGHT,0.64,0.0088,0.3512
CLUBS EIGHT DIAMONDS EIGHT,0.4664,0.0094,0.5242
CLUBS FIVE DIAMONDS EIGHT,0.646,0.0074,0.3466
SPADES ACE SPADES THREE,0.3996,0.0048,0.5956
CLUBS FOUR DIAMONDS EIGHT,0.6576,0.0072,0.3352
CLUBS SEVEN DIAMONDS EIGHT,0.6246,0.0086,0.3668
SPADES QUEEN SPADES THREE,0.6152,0.0064,0.3784
CLUBS SIX DIAMONDS EIGHT,0.6336,0.0064,0.36
SPADES KING SPADES THREE,0.603,0.1074,0.2896
DIAMONDS QUEEN DIAMONDS EIGHT,0.6138,0.0084,0.3778
HEARTS TWO DIAMONDS EIGHT,0.6736,0.0086,0.3178
DIAMONDS KING DIAMONDS EIGHT,0.6206,0.1058,0.2736
HEARTS THREE DIAMONDS EIGHT,0.6818,0.0068,0.3114
DIAMONDS ACE DIAMONDS EIGHT,0.3852,0.0036,0.6112
HEARTS FOUR DIAMONDS EIGHT,0.6558,0.009,0.3352
HEARTS FIVE DIAMONDS EIGHT,0.6554,0.0072,0.3374
DIAMONDS EIGHT DIAMONDS TEN,0.6776,0.0292,0.2932
DIAMONDS EIGHT DIAMONDS JACK,0.5982,0.006,0.3958
SPADES JACK SPADES THREE,0.6194,0.007,0.3736
SPADES TEN SPADES THREE,0.6818,0.0412,0.277
CLUBS FOUR HEARTS ACE,0.4122,0.0034,0.5844
CLUBS FOUR HEARTS QUEEN,0.6458,0.0112,0.343
CLUBS FOUR HEARTS KING,0.6574,0.1112,0.2314
CLUBS SIX HEARTS JACK,0.6612,0.0052,0.3336
DIAMONDS EIGHT SPADES FOUR,0.6538,0.0066,0.3396
SPADES FIVE DIAMONDS EIGHT,0.638,0.0052,0.3568
DIAMONDS EIGHT SPADES TWO,0.6666,0.0088,0.3246
DIAMONDS EIGHT SPADES THREE,0.6754,0.0058,0.3188
CLUBS FOUR HEARTS JACK,0.6448,0.008,0.3472
SPADES EIGHT DIAMONDS EIGHT,0.4598,0.0076,0.5326
SPADES TEN DIAMONDS QUEEN,0.7216,0.032,0.2464
SPADES TEN HEARTS TWO,0.7524,0.0382,0.2094
SPADES JACK HEARTS EIGHT,0.6384,0.006,0.3556
SPADES NINE DIAMONDS EIGHT,0.6326,0.0066,0.3608
SPADES TEN HEARTS EIGHT,0.721,0.0296,0.2494
SPADES JACK HEARTS TWO,0.6552,0.0046,0.3402
SPADES JACK DIAMONDS QUEEN,0.5862,0.007,0.4068
SPADES SIX DIAMONDS EIGHT,0.6466,0.006,0.3474
SPADES SEVEN DIAMONDS EIGHT,0.6274,0.0046,0.368
SPADES ACE HEARTS TWO,0.4156,0.0046,0.5798
SPADES ACE DIAMONDS QUEEN,0.3854,0.0038,0.6108
SPADES ACE HEARTS EIGHT,0.4174,0.0042,0.5784
SPADES KING HEARTS EIGHT,0.6666,0.1124,0.221
SPADES QUEEN HEARTS TWO,0.6636,0.0068,0.3296
SPADES QUEEN DIAMONDS QUEEN,0.3028,0.0044,0.6928
SPADES KING DIAMONDS QUEEN,0.2428,0.0602,0.697
SPADES KING HEARTS TWO,0.6588,0.121,0.2202
SPADES QUEEN HEARTS EIGHT,0.6472,0.0074,0.3454
CLUBS TWO HEARTS JACK,0.6596,0.0064,0.334
SPADES SEVEN DIAMONDS NINE,0.6352,0.0058,0.359
SPADES SIX DIAMONDS NINE,0.649,0.0056,0.3454
SPADES NINE DIAMONDS NINE,0.457,0.0068,0.5362
SPADES EIGHT DIAMONDS NINE,0.6284,0.0056,0.366
DIAMONDS NINE SPADES THREE,0.6674,0.0064,0.3262
DIAMONDS NINE SPADES TWO,0.677,0.006,0.317
DIAMONDS NINE SPADES FIVE,0.6622,0.0066,0.3312
DIAMONDS NINE SPADES FOUR,0.681,0.0058,0.3132
CLUBS NINE DIAMONDS NINE,0.4452,0.0082,0.5466
CLUBS EIGHT DIAMONDS NINE,0.632,0.007,0.361
CLUBS SIX DIAMONDS NINE,0.6486,0.0068,0.3446
SPADES JACK CLUBS FOUR,0.6582,0.0064,0.3354
CLUBS SEVEN DIAMONDS NINE,0.6282,0.007,0.3648
SPADES TEN CLUBS FOUR,0.7346,0.0408,0.2246
CLUBS FOUR DIAMONDS NINE,0.6692,0.0074,0.3234
CLUBS FIVE DIAMONDS NINE,0.6548,0.0054,0.3398
DIAMONDS NINE CLUBS TWO,0.6668,0.008,0.3252
CLUBS THREE DIAMONDS NINE,0.675,0.0068,0.3182
DIAMONDS NINE HEARTS EIGHT,0.6346,0.0064,0.359
DIAMONDS NINE HEARTS NINE,0.4524,0.0084,0.5392
HEARTS SIX DIAMONDS NINE,0.6566,0.007,0.3364
DIAMONDS NINE HEARTS SEVEN,0.638,0.0054,0.3566
CLUBS NINE CLUBS EIGHT,0.6138,0.0066,0.3796
DIAMONDS ACE DIAMONDS NINE,0.4016,0.0034,0.595
HEARTS FOUR DIAMONDS NINE,0.6868,0.0068,0.3064
HEARTS FIVE DIAMONDS NINE,0.6658,0.0094,0.3248
HEARTS ACE CLUBS TWO,0.4274,0.0054,0.5672
SPADES ACE CLUBS FOUR,0.4296,0.0052,0.5652
DIAMONDS QUEEN DIAMONDS NINE,0.6064,0.0064,0.3872
HEARTS TWO DIAMONDS NINE,0.6834,0.007,0.3096
CLUBS TWO HEARTS KING,0.6588,0.1168,0.2244
SPADES KING CLUBS FOUR,0.6494,0.1174,0.2332
DIAMONDS KING DIAMONDS NINE,0.6224,0.1048,0.2728
HEARTS THREE DIAMONDS NINE,0.673,0.0078,0.3192
CLUBS TWO HEARTS QUEEN,0.6664,0.009,0.3246
SPADES QUEEN CLUBS FOUR,0.6554,0.0068,0.3378
DIAMONDS NINE DIAMONDS JACK,0.57,0.006,0.424
CLUBS EIGHT SPADES NINE,0.627,0.0062,0.3668
DIAMONDS NINE DIAMONDS TEN,0.666,0.0324,0.3016
CLUBS EIGHT SPADES EIGHT,0.4622,0.0072,0.5306
CLUBS EIGHT SPADES SEVEN,0.6328,0.0052,0.362
CLUBS EIGHT SPADES SIX,0.637,0.0084,0.3546
CLUBS EIGHT SPADES FIVE,0.66,0.007,0.333
CLUBS EIGHT SPADES FOUR,0.6528,0.0082,0.339
CLUBS EIGHT SPADES THREE,0.673,0.007,0.32
CLUBS EIGHT SPADES TWO,0.6824,0.0074,0.3102
HEARTS SIX DIAMONDS TEN,0.728,0.037,0.235
DIAMONDS TEN HEARTS SEVEN,0.706,0.0334,0.2606
DIAMONDS TEN HEARTS EIGHT,0.7108,0.0352,0.254
CLUBS FOUR CLUBS JACK,0.622,0.0064,0.3716
DIAMONDS TEN HEARTS NINE,0.709,0.0336,0.2574
CLUBS TEN CLUBS FOUR,0.7036,0.0364,0.26
CLUBS FOUR CLUBS QUEEN,0.6172,0.0098,0.373
CLUBS TWO DIAMONDS TEN,0.7524,0.0302,0.2174
CLUBS THREE DIAMONDS TEN,0.7468,0.0356,0.2176
CLUBS FOUR CLUBS ACE,0.4136,0.0064,0.58
DIAMONDS JACK DIAMONDS TEN,0.66,0.028,0.312
DIAMONDS QUEEN DIAMONDS TEN,0.6824,0.029,0.2886
HEARTS TWO DIAMONDS TEN,0.745,0.0348,0.2202
DIAMONDS KING DIAMONDS TEN,0.0214,0.909,0.0696
HEARTS THREE DIAMONDS TEN,0.74,0.0336,0.2264
DIAMONDS ACE DIAMONDS TEN,0.237,0.0144,0.7486
HEARTS FOUR DIAMONDS TEN,0.7426,0.036,0.2214
CLUBS EIGHT HEARTS JACK,0.6356,0.0084,0.356
HEARTS FIVE DIAMONDS TEN,0.7438,0.0358,0.2204
CLUBS EIGHT HEARTS QUEEN,0.653,0.0086,0.3384
CLUBS EIGHT HEARTS KING,0.654,0.1176,0.2284
CLUBS EIGHT HEARTS ACE,0.4064,0.0064,0.5872
CLUBS NINE SPADES THREE,0.6686,0.0084,0.323
CLUBS NINE SPADES TWO,0.6956,0.0078,0.2966
CLUBS NINE SPADES FIVE,0.6666,0.0078,0.3256
CLUBS NINE SPADES FOUR,0.6838,0.0068,0.3094
CLUBS NINE SPADES SEVEN,0.6472,0.0058,0.347
CLUBS NINE SPADES SIX,0.6496,0.0062,0.3442
CLUBS NINE SPADES NINE,0.459,0.0084,0.5326
CLUBS TEN HEARTS EIGHT,0.7198,0.0336,0.2466
CLUBS NINE SPADES EIGHT,0.6348,0.0052,0.36
CLUBS JACK HEARTS EIGHT,0.6442,0.0092,0.3466
CLUBS QUEEN HEARTS EIGHT,0.6566,0.0076,0.3358
CLUBS ACE HEARTS EIGHT,0.431,0.0064,0.5626
DIAMONDS ACE HEARTS JACK,0.3642,0.0048,0.631
HEARTS FOUR HEARTS JACK,0.611,0.007,0.382
SPADES KING CLUBS FIVE,0.6472,0.1218,0.231
SPADES QUEEN CLUBS FIVE,0.6564,0.0066,0.337
SPADES ACE CLUBS FIVE,0.4198,0.0028,0.5774
DIAMONDS JACK HEARTS SEVEN,0.6502,0.0054,0.3444
HEARTS SIX DIAMONDS JACK,0.668,0.0066,0.3254
DIAMONDS JACK HEARTS NINE,0.6284,0.008,0.3636
DIAMONDS JACK HEARTS EIGHT,0.6312,0.0056,0.3632
DIAMONDS KING DIAMONDS JACK,0.2272,0.086,0.6868
HEARTS THREE DIAMONDS JACK,0.657,0.0068,0.3362
SPADES ACE SPADES SIX,0.3982,0.0016,0.6002
HEARTS ACE SPADES FOUR,0.4108,0.0054,0.5838
DIAMONDS QUEEN DIAMONDS JACK,0.5436,0.0058,0.4506
HEARTS TWO DIAMONDS JACK,0.6556,0.007,0.3374
HEARTS FIVE DIAMONDS JACK,0.6564,0.0062,0.3374
SPADES QUEEN SPADES SIX,0.6028,0.0054,0.3918
SPADES FOUR HEARTS QUEEN,0.6548,0.0048,0.3404
DIAMONDS ACE DIAMONDS JACK,0.3332,0.0034,0.6634
HEARTS FOUR DIAMONDS JACK,0.6584,0.0076,0.334
SPADES KING SPADES SIX,0.6056,0.1046,0.2898
SPADES FOUR HEARTS KING,0.6604,0.1114,0.2282
SPADES TEN SPADES SIX,0.6824,0.0302,0.2874
SPADES JACK SPADES SIX,0.6048,0.0058,0.3894
SPADES FOUR DIAMONDS JACK,0.6462,0.0066,0.3472
SPADES FIVE DIAMONDS JACK,0.6484,0.007,0.3446
DIAMONDS JACK SPADES TWO,0.6552,0.0084,0.3364
DIAMONDS JACK SPADES THREE,0.653,0.0058,0.3412
SPADES ACE DIAMONDS THREE,0.4356,0.004,0.5604
SPADES QUEEN DIAMONDS THREE,0.6368,0.0068,0.3564
CLUBS EIGHT DIAMONDS JACK,0.6504,0.005,0.3446
SPADES KING DIAMONDS THREE,0.6554,0.1192,0.2254
CLUBS NINE DIAMONDS JACK,0.6242,0.0066,0.3692
CLUBS SIX DIAMONDS JACK,0.6576,0.0064,0.336
CLUBS SEVEN DIAMONDS JACK,0.6414,0.007,0.3516
CLUBS FOUR DIAMONDS JACK,0.6572,0.0082,0.3346
CLUBS FIVE DIAMONDS JACK,0.6488,0.0068,0.3444
CLUBS TWO DIAMONDS JACK,0.6646,0.0086,0.3268
CLUBS THREE DIAMONDS JACK,0.6668,0.0066,0.3266
SPADES TEN CLUBS FIVE,0.7446,0.0318,0.2236
HEARTS SIX SPADES JACK,0.654,0.0052,0.3408
HEARTS SIX SPADES TEN,0.7304,0.0364,0.2332
SPADES JACK CLUBS FIVE,0.6482,0.0078,0.344
SPADES JACK DIAMONDS THREE,0.6474,0.0078,0.3448
CLUBS SEVEN CLUBS ACE,0.411,0.005,0.584
DIAMONDS THREE SPADES TEN,0.736,0.029,0.235
CLUBS SEVEN CLUBS QUEEN,0.6296,0.0074,0.363
SPADES NINE DIAMONDS JACK,0.618,0.0062,0.3758
CLUBS TEN CLUBS SEVEN,0.6854,0.0386,0.276
DIAMONDS ACE HEARTS ACE,0.14,0.0058,0.8542
HEARTS FOUR HEARTS ACE,0.3904,0.0062,0.6034
SPADES EIGHT DIAMONDS JACK,0.6304,0.004,0.3656
SPADES ACE HEARTS SIX,0.404,0.0038,0.5922
CLUBS SEVEN CLUBS JACK,0.6168,0.0082,0.375
DIAMONDS ACE HEARTS KING,0.237,0.0122,0.7508
HEARTS FOUR HEARTS KING,0.623,0.1122,0.2648
SPADES SEVEN DIAMONDS JACK,0.6386,0.0078,0.3536
SPADES KING HEARTS SIX,0.6508,0.111,0.2382
DIAMONDS ACE HEARTS QUEEN,0.3584,0.0034,0.6382
HEARTS FOUR HEARTS QUEEN,0.6266,0.0066,0.3668
SPADES QUEEN HEARTS SIX,0.658,0.0058,0.3362
SPADES SIX DIAMONDS JACK,0.6564,0.007,0.3366
DIAMONDS TEN SPADES TWO,0.7378,0.0314,0.2308
SPADES THREE DIAMONDS TEN,0.7386,0.0342,0.2272
SPADES FOUR DIAMONDS TEN,0.7278,0.0324,0.2398
SPADES FIVE DIAMONDS TEN,0.7328,0.034,0.2332
SPADES SIX DIAMONDS TEN,0.7262,0.0306,0.2432
SPADES SEVEN DIAMONDS TEN,0.7074,0.0378,0.2548
SPADES EIGHT DIAMONDS TEN,0.7098,0.03,0.2602
SPADES NINE DIAMONDS TEN,0.7072,0.0328,0.26
CLUBS FOUR DIAMONDS TEN,0.737,0.0328,0.2302
CLUBS FIVE DIAMONDS TEN,0.737,0.0354,0.2276
CLUBS SIX DIAMONDS TEN,0.7224,0.0346,0.243
CLUBS SEVEN DIAMONDS TEN,0.7152,0.0332,0.2516
CLUBS EIGHT DIAMONDS TEN,0.7092,0.0322,0.2586
CLUBS NINE DIAMONDS TEN,0.7036,0.0316,0.2648
DIAMONDS THREE CLUBS JACK,0.6536,0.008,0.3384
CLUBS TEN DIAMONDS THREE,0.7498,0.0334,0.2168
DIAMONDS THREE CLUBS QUEEN,0.6654,0.0084,0.3262
DIAMONDS THREE CLUBS ACE,0.4176,0.0046,0.5778
SPADES FOUR HEARTS JACK,0.6442,0.0066,0.3492
SPADES FIVE SPADES TWO,0.6056,0.0098,0.3846
SPADES FOUR SPADES TWO,0.6,0.0076,0.3924
SPADES THREE SPADES TWO,0.6048,0.0078,0.3874
SPADES NINE SPADES TWO,0.6376,0.006,0.3564
SPADES EIGHT SPADES TWO,0.6306,0.0068,0.3626
SPADES SEVEN SPADES TWO,0.628,0.0072,0.3648
SPADES SIX SPADES TWO,0.6312,0.0062,0.3626
DIAMONDS QUEEN CLUBS THREE,0.663,0.006,0.331
CLUBS THREE HEARTS TWO,0.6638,0.007,0.3292
DIAMONDS QUEEN CLUBS TWO,0.6634,0.0074,0.3292
HEARTS TWO CLUBS TWO,0.483,0.0092,0.5078
DIAMONDS QUEEN HEARTS SEVEN,0.6614,0.0062,0.3324
HEARTS TWO HEARTS SEVEN,0.6374,0.0076,0.355
HEARTS SIX DIAMONDS QUEEN,0.656,0.0048,0.3392
HEARTS SIX HEARTS TWO,0.632,0.0072,0.3608
DIAMONDS QUEEN HEARTS NINE,0.6418,0.0074,0.3508
HEARTS TWO HEARTS NINE,0.6414,0.0072,0.3514
DIAMONDS QUEEN HEARTS EIGHT,0.6452,0.0064,0.3484
HEARTS TWO HEARTS EIGHT,0.6344,0.0074,0.3582
CLUBS NINE HEARTS TWO,0.6954,0.006,0.2986
CLUBS NINE DIAMONDS QUEEN,0.6424,0.0072,0.3504
CLUBS EIGHT HEARTS TWO,0.6736,0.0084,0.318
CLUBS EIGHT DIAMONDS QUEEN,0.6448,0.0052,0.35
CLUBS FIVE DIAMONDS QUEEN,0.643,0.0072,0.3498
CLUBS FIVE HEARTS TWO,0.6664,0.0082,0.3254
SPADES EIGHT HEARTS ACE,0.409,0.004,0.587
DIAMONDS QUEEN CLUBS FOUR,0.6486,0.0072,0.3442
HEARTS TWO CLUBS FOUR,0.6548,0.0062,0.339
CLUBS SEVEN DIAMONDS QUEEN,0.653,0.0074,0.3396
CLUBS SEVEN HEARTS TWO,0.6822,0.0084,0.3094
SPADES EIGHT HEARTS QUEEN,0.6522,0.008,0.3398
CLUBS SIX DIAMONDS QUEEN,0.6594,0.0062,0.3344
CLUBS SIX HEARTS TWO,0.6744,0.0062,0.3194
SPADES EIGHT HEARTS KING,0.6544,0.1072,0.2384
HEARTS TWO SPADES SIX,0.657,0.0078,0.3352
DIAMONDS QUEEN SPADES SIX,0.6476,0.0048,0.3476
HEARTS FOUR CLUBS QUEEN,0.6468,0.0094,0.3438
DIAMONDS ACE CLUBS QUEEN,0.3768,0.003,0.6202
DIAMONDS QUEEN SPADES SEVEN,0.6502,0.0058,0.344
HEARTS TWO SPADES SEVEN,0.6868,0.006,0.3072
DIAMONDS QUEEN SPADES EIGHT,0.6438,0.0056,0.3506
SPADES EIGHT HEARTS TWO,0.6776,0.007,0.3154
HEARTS FOUR CLUBS ACE,0.4216,0.0058,0.5726
DIAMONDS ACE CLUBS ACE,0.1438,0.0044,0.8518
SPADES NINE DIAMONDS QUEEN,0.6458,0.0074,0.3468
SPADES NINE HEARTS TWO,0.6862,0.0084,0.3054
HEARTS TWO SPADES TWO,0.4806,0.013,0.5064
DIAMONDS QUEEN SPADES TWO,0.6704,0.0072,0.3224
HEARTS TWO SPADES THREE,0.6642,0.0084,0.3274
DIAMONDS QUEEN SPADES THREE,0.6472,0.006,0.3468
HEARTS TWO SPADES FOUR,0.6564,0.0076,0.336
DIAMONDS QUEEN SPADES FOUR,0.649,0.0072,0.3438
HEARTS FOUR CLUBS TEN,0.7534,0.0362,0.2104
CLUBS TEN DIAMONDS ACE,0.2476,0.0196,0.7328
HEARTS TWO SPADES FIVE,0.646,0.0078,0.3462
DIAMONDS QUEEN SPADES FIVE,0.653,0.0058,0.3412
HEARTS FOUR CLUBS JACK,0.6618,0.007,0.3312
DIAMONDS ACE CLUBS JACK,0.3854,0.0028,0.6118
CLUBS FIVE CLUBS QUEEN,0.6192,0.0058,0.375
CLUBS FIVE CLUBS ACE,0.405,0.006,0.589
CLUBS FIVE CLUBS JACK,0.6236,0.0068,0.3696
CLUBS TEN CLUBS FIVE,0.6934,0.042,0.2646
SPADES KING CLUBS JACK,0.2394,0.0838,0.6768
SPADES QUEEN CLUBS JACK,0.5972,0.0074,0.3954
SPADES ACE CLUBS JACK,0.3706,0.0052,0.6242
SPADES SIX CLUBS QUEEN,0.6348,0.0058,0.3594
SPADES EIGHT HEARTS JACK,0.6312,0.0066,0.3622
SPADES SIX CLUBS ACE,0.4228,0.003,0.5742
SPADES SIX CLUBS JACK,0.6434,0.0056,0.351
CLUBS TEN SPADES SIX,0.726,0.035,0.239
SPADES TEN CLUBS JACK,0.7172,0.0246,0.2582
SPADES JACK CLUBS JACK,0.3072,0.0052,0.6876
SPADES QUEEN CLUBS SEVEN,0.6486,0.006,0.3454
SPADES KING CLUBS SEVEN,0.6618,0.119,0.2192
SPADES ACE CLUBS SEVEN,0.4248,0.005,0.5702
SPADES SIX HEARTS JACK,0.6548,0.0072,0.338
SPADES SIX HEARTS ACE,0.4278,0.0042,0.568
SPADES SIX HEARTS KING,0.6432,0.1118,0.245
SPADES SIX HEARTS QUEEN,0.6524,0.0054,0.3422
CLUBS SEVEN SPADES JACK,0.6448,0.0074,0.3478
CLUBS SEVEN SPADES TEN,0.714,0.0328,0.2532
CLUBS TEN HEARTS SIX,0.7288,0.0426,0.2286
HEARTS SIX CLUBS JACK,0.6628,0.0084,0.3288
CLUBS ACE CLUBS JACK,0.3518,0.0068,0.6414
HEARTS SIX CLUBS QUEEN,0.6664,0.0068,0.3268
HEARTS SIX CLUBS ACE,0.4308,0.0044,0.5648
CLUBS QUEEN CLUBS JACK,0.5654,0.0052,0.4294
DIAMONDS THREE HEARTS ACE,0.411,0.0056,0.5834
DIAMONDS THREE HEARTS QUEEN,0.658,0.0072,0.3348
DIAMONDS THREE HEARTS KING,0.6466,0.1132,0.2402
CLUBS FIVE HEARTS JACK,0.6506,0.0082,0.3412
SPADES TEN DIAMONDS ACE,0.2566,0.0202,0.7232
HEARTS FOUR SPADES TEN,0.7376,0.0322,0.2302
HEARTS FOUR SPADES JACK,0.6412,0.008,0.3508
SPADES JACK DIAMONDS ACE,0.3766,0.0038,0.6196
SPADES ACE HEARTS FOUR,0.4246,0.0036,0.5718
SPADES ACE DIAMONDS ACE,0.145,0.0026,0.8524
CLUBS FIVE HEARTS ACE,0.4282,0.005,0.5668
CLUBS FIVE HEARTS KING,0.6478,0.1218,0.2304
HEARTS FOUR SPADES QUEEN,0.6556,0.006,0.3384
SPADES QUEEN DIAMONDS ACE,0.3696,0.004,0.6264
SPADES FOUR CLUBS JACK,0.6494,0.0082,0.3424
CLUBS FIVE HEARTS QUEEN,0.656,0.0076,0.3364
SPADES KING DIAMONDS ACE,0.2636,0.009,0.7274
HEARTS FOUR SPADES KING,0.6534,0.119,0.2276
CLUBS TEN SPADES FOUR,0.7322,0.0342,0.2336
DIAMONDS QUEEN DIAMONDS ACE,0.3514,0.0032,0.6454
HEARTS TWO DIAMONDS ACE,0.432,0.0038,0.5642
HEARTS FOUR DIAMONDS QUEEN,0.6552,0.0084,0.3364
HEARTS FOUR HEARTS TWO,0.625,0.0086,0.3664
HEARTS FIVE DIAMONDS QUEEN,0.6574,0.0082,0.3344
HEARTS FIVE HEARTS TWO,0.6296,0.0086,0.3618
DIAMONDS THREE HEARTS JACK,0.6594,0.0074,0.3332
SPADES FOUR CLUBS QUEEN,0.6632,0.006,0.3308
DIAMONDS QUEEN HEARTS TWO,0.6608,0.0072,0.332
DIAMONDS KING DIAMONDS QUEEN,0.2272,0.0624,0.7104
DIAMONDS KING HEARTS TWO,0.6678,0.1096,0.2226
HEARTS THREE DIAMONDS QUEEN,0.658,0.0066,0.3354
HEARTS THREE HEARTS TWO,0.6218,0.0076,0.3706
SPADES FOUR CLUBS ACE,0.4158,0.0038,0.5804
HEARTS TWO CLUBS ACE,0.4148,0.0056,0.5796
DIAMONDS QUEEN CLUBS ACE,0.3704,0.0042,0.6254
HEARTS TWO CLUBS QUEEN,0.664,0.0104,0.3256
DIAMONDS QUEEN CLUBS QUEEN,0.294,0.0056,0.7004
SPADES EIGHT SPADES FIVE,0.601,0.0076,0.3914
CLUBS TEN HEARTS TWO,0.7544,0.0374,0.2082
CLUBS TEN DIAMONDS QUEEN,0.7234,0.0318,0.2448
SPADES NINE SPADES FIVE,0.6028,0.0062,0.391
HEARTS TWO CLUBS JACK,0.6654,0.0076,0.327
DIAMONDS QUEEN CLUBS JACK,0.6032,0.0062,0.3906
SPADES SIX SPADES FIVE,0.5932,0.0072,0.3996
SPADES SEVEN SPADES FIVE,0.5994,0.0066,0.394
DIAMONDS FIVE CLUBS QUEEN,0.6546,0.0068,0.3386
SPADES EIGHT CLUBS ACE,0.4092,0.0048,0.586
DIAMONDS FIVE CLUBS ACE,0.4194,0.003,0.5776
SPADES EIGHT CLUBS QUEEN,0.659,0.0048,0.3362
SPADES EIGHT CLUBS JACK,0.6308,0.0066,0.3626
CLUBS TEN SPADES EIGHT,0.7148,0.0336,0.2516
CLUBS TEN DIAMONDS FIVE,0.7436,0.0362,0.2202
DIAMONDS FIVE CLUBS JACK,0.6558,0.006,0.3382
DIAMONDS TEN HEARTS JACK,0.7014,0.028,0.2706
SPADES ACE CLUBS NINE,0.4208,0.0044,0.5748
CLUBS NINE SPADES QUEEN,0.6462,0.0068,0.347
CLUBS NINE SPADES KING,0.6542,0.1182,0.2276
HEARTS SIX HEARTS KING,0.6188,0.1062,0.275
DIAMONDS KING SPADES SEVEN,0.6456,0.1146,0.2398
HEARTS THREE SPADES SEVEN,0.6762,0.0056,0.3182
SPADES KING DIAMONDS SEVEN,0.6516,0.1146,0.2338
HEARTS SIX HEARTS QUEEN,0.6244,0.0058,0.3698
SPADES QUEEN DIAMONDS SEVEN,0.6528,0.0052,0.342
HEARTS THREE SPADES SIX,0.6504,0.0066,0.343
DIAMONDS KING SPADES SIX,0.6548,0.1134,0.2318
DIAMONDS KING SPADES NINE,0.6566,0.1206,0.2228
HEARTS THREE SPADES NINE,0.6774,0.0054,0.3172
HEARTS SIX HEARTS ACE,0.3942,0.006,0.5998
