opposingHand,winningChance,drawChance,lostChance
CLUBS SIX HEARTS QUEEN
HEARTS FIVE SPADES TEN,0.6276,0.011,0.3614
SPADES JACK HEARTS FIVE,0.6376,0.0108,0.3516
CLUBS JACK SPADES FIVE,0.6248,0.0108,0.3644
CLUBS TEN SPADES FIVE,0.6272,0.0124,0.3604
CLUBS JACK CLUBS EIGHT,0.5358,0.0124,0.4518
CLUBS TEN CLUBS EIGHT,0.531,0.0094,0.4596
CLUBS EIGHT CLUBS KING,0.3446,0.0072,0.6482
SPADES FIVE CLUBS ACE,0.3734,0.0044,0.6222
CLUBS EIGHT CLUBS QUEEN,0.2166,0.206,0.5774
SPADES FIVE CLUBS KING,0.3894,0.0086,0.602
SPADES FIVE CLUBS QUEEN,0.3814,0.397,0.2216
CLUBS EIGHT CLUBS ACE,0.3346,0.0036,0.6618
DIAMONDS TWO DIAMONDS THREE,0.5918,0.0156,0.3926
DIAMONDS TWO DIAMONDS FIVE,0.5974,0.0122,0.3904
SPADES KING HEARTS FIVE,0.3898,0.0074,0.6028
DIAMONDS TWO DIAMONDS FOUR,0.5768,0.011,0.4122
SPADES QUEEN HEARTS FIVE,0.3866,0.3888,0.2246
DIAMONDS TWO DIAMONDS SEVEN,0.59,0.01,0.4
DIAMONDS TWO DIAMONDS SIX,0.6656,0.0542,0.2802
SPADES ACE HEARTS FIVE,0.3924,0.004,0.6036
DIAMONDS TWO DIAMONDS NINE,0.58,0.0134,0.4066
DIAMONDS TWO DIAMONDS EIGHT,0.5944,0.0128,0.3928
DIAMONDS THREE DIAMONDS FOUR,0.5846,0.0114,0.404
CLUBS TWO SPADES FOUR,0.6302,0.013,0.3568
DIAMONDS THREE DIAMONDS FIVE,0.5768,0.01,0.4132
SPADES FIVE CLUBS TWO,0.6356,0.0114,0.353
CLUBS TWO SPADES TWO,0.436,0.0308,0.5332
CLUBS TWO SPADES THREE,0.639,0.0134,0.3476
DIAMONDS THREE DIAMONDS EIGHT,0.5922,0.0134,0.3944
SPADES EIGHT CLUBS TWO,0.6422,0.0132,0.3446
DIAMONDS THREE DIAMONDS NINE,0.5914,0.0124,0.3962
SPADES NINE CLUBS TWO,0.6338,0.0088,0.3574
DIAMONDS THREE DIAMONDS SIX,0.6412,0.0506,0.3082
SPADES SIX CLUBS TWO,0.716,0.0498,0.2342
DIAMONDS THREE DIAMONDS SEVEN,0.5966,0.0134,0.39
SPADES SEVEN CLUBS TWO,0.6514,0.0132,0.3354
CLUBS SEVEN CLUBS TWO,0.5992,0.0086,0.3922
CLUBS FOUR CLUBS TWO,0.619,0.0164,0.3646
CLUBS FIVE CLUBS TWO,0.607,0.0156,0.3774
CLUBS TEN CLUBS JACK,0.511,0.0094,0.4796
DIAMONDS FOUR DIAMONDS SIX,0.6468,0.047,0.3062
CLUBS TEN CLUBS QUEEN,0.2252,0.116,0.6588
DIAMONDS FOUR DIAMONDS SEVEN,0.5754,0.0082,0.4164
CLUBS TEN CLUBS KING,0.3298,0.0076,0.6626
CLUBS TEN CLUBS ACE,0.3172,0.0044,0.6784
CLUBS EIGHT CLUBS TWO,0.5986,0.0144,0.387
DIAMONDS FIVE DIAMONDS FOUR,0.5758,0.013,0.4112
CLUBS NINE CLUBS TWO,0.5978,0.0122,0.39
DIAMONDS NINE DIAMONDS FOUR,0.5978,0.0098,0.3924
DIAMONDS EIGHT DIAMONDS FOUR,0.5832,0.0134,0.4034
CLUBS THREE CLUBS TWO,0.619,0.0132,0.3678
DIAMONDS NINE DIAMONDS FIVE,0.5754,0.0124,0.4122
CLUBS JACK DIAMONDS TWO,0.6242,0.0136,0.3622
DIAMONDS EIGHT DIAMONDS FIVE,0.567,0.0108,0.4222
CLUBS TEN DIAMONDS TWO,0.6318,0.0108,0.3574
DIAMONDS FIVE DIAMONDS SEVEN,0.549,0.0104,0.4406
DIAMONDS FIVE DIAMONDS SIX,0.624,0.0464,0.3296
DIAMONDS TWO CLUBS ACE,0.4018,0.0032,0.595
DIAMONDS TWO CLUBS KING,0.3924,0.0094,0.5982
DIAMONDS TWO CLUBS QUEEN,0.3982,0.3698,0.232
DIAMONDS EIGHT DIAMONDS SIX,0.6436,0.0402,0.3162
DIAMONDS NINE DIAMONDS SIX,0.6516,0.044,0.3044
HEARTS ACE SPADES THREE,0.3884,0.0048,0.6068
SPADES THREE HEARTS KING,0.3818,0.0074,0.6108
DIAMONDS SEVEN DIAMONDS SIX,0.6196,0.0456,0.3348
HEARTS JACK SPADES THREE,0.6366,0.0104,0.353
SPADES THREE HEARTS TEN,0.629,0.0102,0.3608
DIAMONDS EIGHT DIAMONDS SEVEN,0.5198,0.0116,0.4686
DIAMONDS NINE DIAMONDS SEVEN,0.536,0.011,0.453
DIAMONDS NINE DIAMONDS EIGHT,0.5214,0.011,0.4676
DIAMONDS KING HEARTS TEN,0.3376,0.0078,0.6546
HEARTS THREE HEARTS TEN,0.5892,0.0116,0.3992
DIAMONDS KING HEARTS JACK,0.3538,0.0068,0.6394
HEARTS THREE HEARTS JACK,0.6072,0.0104,0.3824
SPADES JACK SPADES FIVE,0.5872,0.0102,0.4026
SPADES TEN SPADES FIVE,0.5834,0.0116,0.405
DIAMONDS KING HEARTS ACE,0.3228,0.0054,0.6718
HEARTS THREE HEARTS ACE,0.376,0.0038,0.6202
DIAMONDS KING HEARTS KING,0.1298,0.0054,0.8648
HEARTS THREE HEARTS KING,0.3794,0.0066,0.614
SPADES NINE HEARTS TEN,0.5642,0.0098,0.426
SPADES NINE HEARTS JACK,0.5618,0.009,0.4292
SPADES QUEEN SPADES FIVE,0.3622,0.3722,0.2656
SPADES KING SPADES FIVE,0.3626,0.008,0.6294
SPADES ACE SPADES FIVE,0.351,0.0028,0.6462
SPADES NINE HEARTS KING,0.355,0.0068,0.6382
SPADES NINE HEARTS ACE,0.3474,0.004,0.6486
CLUBS TEN SPADES JACK,0.5358,0.0096,0.4546
CLUBS TEN SPADES TEN,0.2806,0.0152,0.7042
SPADES ACE CLUBS TEN,0.3492,0.0038,0.647
CLUBS TEN SPADES KING,0.3422,0.0062,0.6516
CLUBS TEN SPADES QUEEN,0.229,0.1274,0.6436
SPADES FIVE HEARTS KING,0.3806,0.0082,0.6112
HEARTS ACE SPADES FIVE,0.3818,0.0048,0.6134
CLUBS EIGHT SPADES TEN,0.5762,0.0112,0.4126
HEARTS THREE SPADES JACK,0.6348,0.011,0.3542
SPADES JACK DIAMONDS KING,0.3456,0.008,0.6464
SPADES TEN DIAMONDS KING,0.3466,0.0048,0.6486
HEARTS THREE SPADES TEN,0.6278,0.01,0.3622
CLUBS EIGHT SPADES JACK,0.5804,0.0082,0.4114
SPADES ACE CLUBS EIGHT,0.3612,0.002,0.6368
CLUBS JACK HEARTS FIVE,0.6122,0.0126,0.3752
CLUBS TEN HEARTS FIVE,0.6264,0.0144,0.3592
SPADES QUEEN CLUBS EIGHT,0.2172,0.232,0.5508
CLUBS TEN SPADES THREE,0.6316,0.0158,0.3526
SPADES KING CLUBS EIGHT,0.3564,0.0048,0.6388
CLUBS JACK SPADES THREE,0.6354,0.0096,0.355
DIAMONDS TWO HEARTS JACK,0.6384,0.0136,0.348
SPADES THREE CLUBS QUEEN,0.382,0.386,0.232
DIAMONDS TWO HEARTS TEN,0.6354,0.01,0.3546
SPADES THREE CLUBS KING,0.3992,0.0074,0.5934
HEARTS FIVE CLUBS ACE,0.3738,0.0044,0.6218
SPADES FIVE HEARTS TEN,0.6296,0.0096,0.3608
SPADES THREE CLUBS ACE,0.3816,0.0022,0.6162
HEARTS FIVE CLUBS KING,0.3854,0.009,0.6056
SPADES FIVE HEARTS JACK,0.6246,0.0106,0.3648
HEARTS FIVE CLUBS QUEEN,0.3998,0.3884,0.2118
HEARTS THREE CLUBS KING,0.403,0.0082,0.5888
DIAMONDS KING CLUBS KING,0.1308,0.003,0.8662
HEARTS THREE CLUBS QUEEN,0.4046,0.3786,0.2168
DIAMONDS KING CLUBS QUEEN,0.2212,0.0266,0.7522
HEARTS FIVE HEARTS JACK,0.5954,0.013,0.3916
HEARTS FIVE HEARTS TEN,0.6098,0.0108,0.3794
HEARTS THREE CLUBS ACE,0.3948,0.005,0.6002
DIAMONDS KING CLUBS ACE,0.3152,0.0034,0.6814
SPADES ACE CLUBS QUEEN,0.2228,0.0174,0.7598
SPADES KING CLUBS QUEEN,0.237,0.026,0.737
CLUBS JACK HEARTS THREE,0.6402,0.0108,0.349
CLUBS JACK DIAMONDS KING,0.3382,0.005,0.6568
SPADES QUEEN CLUBS QUEEN,0.0844,0.0266,0.889
CLUBS TEN HEARTS THREE,0.632,0.013,0.355
CLUBS TEN DIAMONDS KING,0.3424,0.0066,0.651
SPADES JACK CLUBS QUEEN,0.2286,0.0938,0.6776
SPADES TEN CLUBS QUEEN,0.2362,0.118,0.6458
HEARTS FIVE HEARTS KING,0.3592,0.0064,0.6344
HEARTS FIVE HEARTS ACE,0.3714,0.0038,0.6248
SPADES SEVEN HEARTS JACK,0.5882,0.0084,0.4034
SPADES SEVEN HEARTS TEN,0.5816,0.0138,0.4046
DIAMONDS TWO CLUBS TWO,0.4528,0.027,0.5202
DIAMONDS TWO CLUBS THREE,0.651,0.013,0.336
HEARTS SIX DIAMONDS TWO,0.7124,0.054,0.2336
DIAMONDS TWO HEARTS SEVEN,0.6504,0.0156,0.334
DIAMONDS TWO HEARTS KING,0.4042,0.0066,0.5892
DIAMONDS TWO HEARTS EIGHT,0.6384,0.0114,0.3502
DIAMONDS TWO HEARTS ACE,0.39,0.006,0.604
DIAMONDS TWO HEARTS NINE,0.6358,0.0118,0.3524
DIAMONDS TWO DIAMONDS QUEEN,0.372,0.3462,0.2818
DIAMONDS TWO HEARTS TWO,0.4414,0.0334,0.5252
DIAMONDS TWO DIAMONDS KING,0.3812,0.0054,0.6134
HEARTS THREE DIAMONDS TWO,0.6392,0.014,0.3468
DIAMONDS TWO DIAMONDS ACE,0.3698,0.0032,0.627
HEARTS FOUR DIAMONDS TWO,0.6484,0.0144,0.3372
DIAMONDS TWO HEARTS FIVE,0.646,0.014,0.34
SPADES SEVEN HEARTS ACE,0.3622,0.004,0.6338
DIAMONDS TWO DIAMONDS TEN,0.5834,0.0112,0.4054
SPADES SEVEN HEARTS KING,0.3532,0.0074,0.6394
DIAMONDS TWO DIAMONDS JACK,0.5804,0.011,0.4086
DIAMONDS TWO SPADES NINE,0.6286,0.0096,0.3618
DIAMONDS TWO SPADES EIGHT,0.6356,0.0108,0.3536
DIAMONDS TWO SPADES SEVEN,0.6338,0.0124,0.3538
DIAMONDS TWO SPADES SIX,0.7062,0.0528,0.241
DIAMONDS TWO SPADES FIVE,0.6392,0.0126,0.3482
DIAMONDS TWO SPADES FOUR,0.626,0.015,0.359
DIAMONDS TWO SPADES THREE,0.6312,0.014,0.3548
DIAMONDS TWO SPADES TWO,0.422,0.028,0.55
DIAMONDS TWO CLUBS NINE,0.6398,0.0102,0.35
CLUBS EIGHT DIAMONDS TWO,0.6226,0.0124,0.365
DIAMONDS TWO CLUBS SEVEN,0.6306,0.0126,0.3568
DIAMONDS TWO CLUBS FIVE,0.648,0.0114,0.3406
DIAMONDS TWO CLUBS FOUR,0.6448,0.0146,0.3406
CLUBS FOUR SPADES FIVE,0.6256,0.0132,0.3612
CLUBS FOUR SPADES FOUR,0.4386,0.0272,0.5342
CLUBS FOUR SPADES THREE,0.6274,0.0168,0.3558
CLUBS FOUR SPADES TWO,0.6472,0.0104,0.3424
SPADES NINE CLUBS FOUR,0.6322,0.0102,0.3576
SPADES EIGHT CLUBS FOUR,0.6306,0.011,0.3584
SPADES SEVEN CLUBS FOUR,0.6246,0.0126,0.3628
CLUBS FOUR SPADES SIX,0.6906,0.0508,0.2586
SPADES ACE DIAMONDS SIX,0.2362,0.0258,0.738
SPADES QUEEN DIAMONDS SIX,0.0244,0.955,0.0206
SPADES KING DIAMONDS SIX,0.2382,0.0442,0.7176
SPADES TEN DIAMONDS SIX,0.695,0.046,0.259
SPADES JACK DIAMONDS SIX,0.7106,0.0448,0.2446
SPADES QUEEN SPADES TWO,0.3716,0.3496,0.2788
SPADES KING SPADES TWO,0.3716,0.0074,0.621
SPADES ACE SPADES TWO,0.354,0.0034,0.6426
CLUBS JACK DIAMONDS JACK,0.2846,0.01,0.7054
CLUBS TEN DIAMONDS JACK,0.5472,0.0072,0.4456
DIAMONDS JACK CLUBS KING,0.3338,0.008,0.6582
DIAMONDS JACK CLUBS QUEEN,0.2298,0.0896,0.6806
DIAMONDS THREE DIAMONDS JACK,0.5858,0.0098,0.4044
DIAMONDS THREE DIAMONDS TEN,0.5874,0.0122,0.4004
DIAMONDS JACK CLUBS ACE,0.3408,0.0038,0.6554
DIAMONDS THREE DIAMONDS KING,0.364,0.009,0.627
HEARTS THREE DIAMONDS THREE,0.4236,0.0284,0.548
DIAMONDS THREE DIAMONDS QUEEN,0.3762,0.3532,0.2706
DIAMONDS THREE HEARTS TWO,0.6428,0.012,0.3452
HEARTS FIVE DIAMONDS THREE,0.6178,0.0152,0.367
DIAMONDS THREE DIAMONDS ACE,0.349,0.0058,0.6452
HEARTS FOUR DIAMONDS THREE,0.6404,0.0116,0.348
DIAMONDS THREE HEARTS SEVEN,0.6304,0.016,0.3536
SPADES TEN SPADES NINE,0.508,0.0074,0.4846
HEARTS SIX DIAMONDS THREE,0.6944,0.0506,0.255
SPADES JACK SPADES NINE,0.523,0.0082,0.4688
DIAMONDS THREE HEARTS NINE,0.6226,0.013,0.3644
HEARTS JACK DIAMONDS FOUR,0.6172,0.0128,0.37
HEARTS ACE HEARTS KING,0.3118,0.0042,0.684
SPADES TEN SPADES TWO,0.5856,0.0112,0.4032
DIAMONDS THREE HEARTS EIGHT,0.6428,0.0122,0.345
HEARTS TEN DIAMONDS FOUR,0.6386,0.011,0.3504
SPADES JACK SPADES TWO,0.5958,0.0086,0.3956
HEARTS KING DIAMONDS FOUR,0.3958,0.0066,0.5976
SPADES ACE SPADES NINE,0.3386,0.0046,0.6568
HEARTS ACE DIAMONDS FOUR,0.3914,0.0038,0.6048
SPADES KING SPADES NINE,0.3356,0.0064,0.658
SPADES QUEEN SPADES NINE,0.2106,0.1546,0.6348
DIAMONDS THREE SPADES NINE,0.6372,0.0116,0.3512
DIAMONDS THREE SPADES EIGHT,0.638,0.0116,0.3504
DIAMONDS THREE SPADES SEVEN,0.6164,0.011,0.3726
DIAMONDS THREE SPADES SIX,0.683,0.0502,0.2668
CLUBS ACE DIAMONDS FOUR,0.3932,0.005,0.6018
DIAMONDS THREE CLUBS SEVEN,0.6152,0.0128,0.372
CLUBS FIVE CLUBS SEVEN,0.5718,0.0108,0.4174
DIAMONDS THREE CLUBS FOUR,0.6306,0.0162,0.3532
DIAMONDS FOUR CLUBS QUEEN,0.393,0.3816,0.2254
DIAMONDS THREE CLUBS FIVE,0.6298,0.013,0.3572
DIAMONDS FOUR CLUBS KING,0.3918,0.0058,0.6024
DIAMONDS THREE CLUBS TWO,0.642,0.0118,0.3462
CLUBS TEN DIAMONDS FOUR,0.6284,0.0128,0.3588
DIAMONDS THREE CLUBS THREE,0.4332,0.0288,0.538
CLUBS JACK DIAMONDS FOUR,0.6236,0.0102,0.3662
DIAMONDS THREE SPADES FOUR,0.6208,0.0114,0.3678
DIAMONDS THREE SPADES FIVE,0.6354,0.013,0.3516
DIAMONDS THREE SPADES TWO,0.6302,0.0132,0.3566
DIAMONDS THREE SPADES THREE,0.4312,0.0248,0.544
CLUBS EIGHT DIAMONDS THREE,0.64,0.0154,0.3446
CLUBS NINE DIAMONDS THREE,0.6276,0.0108,0.3616
SPADES SEVEN CLUBS ACE,0.349,0.0048,0.6462
SPADES SEVEN CLUBS QUEEN,0.217,0.311,0.472
SPADES SEVEN CLUBS KING,0.3646,0.006,0.6294
CLUBS FIVE SPADES SEVEN,0.6066,0.0104,0.383
CLUBS TEN SPADES SEVEN,0.579,0.0082,0.4128
CLUBS FIVE SPADES SIX,0.6778,0.048,0.2742
CLUBS JACK SPADES SEVEN,0.5858,0.0132,0.401
CLUBS FIVE SPADES NINE,0.6132,0.0122,0.3746
CLUBS FIVE SPADES EIGHT,0.5998,0.0132,0.387
CLUBS FIVE SPADES THREE,0.6176,0.013,0.3694
CLUBS FIVE SPADES TWO,0.645,0.0136,0.3414
CLUBS FIVE SPADES FIVE,0.4218,0.0306,0.5476
CLUBS FIVE SPADES FOUR,0.6162,0.0102,0.3736
CLUBS NINE CLUBS FIVE,0.5802,0.0126,0.4072
CLUBS EIGHT CLUBS FIVE,0.5784,0.014,0.4076
CLUBS ACE CLUBS QUEEN,0.226,0.0154,0.7586
CLUBS KING CLUBS QUEEN,0.2218,0.028,0.7502
DIAMONDS TEN DIAMONDS FOUR,0.5792,0.0096,0.4112
CLUBS TEN DIAMONDS NINE,0.5392,0.01,0.4508
DIAMONDS JACK DIAMONDS FOUR,0.584,0.0122,0.4038
CLUBS JACK DIAMONDS NINE,0.5538,0.0086,0.4376
CLUBS JACK SPADES NINE,0.5596,0.0122,0.4282
CLUBS TEN SPADES NINE,0.5402,0.0124,0.4474
DIAMONDS ACE DIAMONDS FOUR,0.3588,0.005,0.6362
HEARTS FOUR DIAMONDS FOUR,0.4228,0.0276,0.5496
DIAMONDS JACK HEARTS TEN,0.5326,0.0094,0.458
SPADES NINE CLUBS KING,0.3506,0.0074,0.642
DIAMONDS TWO SPADES TEN,0.6272,0.012,0.3608
DIAMONDS NINE CLUBS ACE,0.3696,0.0038,0.6266
HEARTS FIVE DIAMONDS FOUR,0.615,0.0138,0.3712
HEARTS JACK DIAMONDS JACK,0.283,0.0102,0.7068
SPADES NINE CLUBS QUEEN,0.2272,0.1708,0.602
DIAMONDS TWO SPADES JACK,0.6202,0.0114,0.3684
DIAMONDS QUEEN DIAMONDS FOUR,0.3774,0.3548,0.2678
HEARTS TWO DIAMONDS FOUR,0.642,0.0168,0.3412
DIAMONDS NINE CLUBS QUEEN,0.2306,0.1566,0.6128
DIAMONDS KING DIAMONDS FOUR,0.3672,0.0076,0.6252
HEARTS THREE DIAMONDS FOUR,0.6374,0.0132,0.3494
SPADES NINE CLUBS ACE,0.3588,0.0052,0.636
DIAMONDS NINE CLUBS KING,0.355,0.0066,0.6384
HEARTS ACE DIAMONDS JACK,0.348,0.006,0.646
SPADES ACE DIAMONDS TWO,0.3946,0.0038,0.6016
SPADES QUEEN DIAMONDS TWO,0.3956,0.3736,0.2308
DIAMONDS JACK HEARTS KING,0.341,0.0066,0.6524
SPADES KING DIAMONDS TWO,0.4052,0.0092,0.5856
SPADES JACK SPADES SEVEN,0.5476,0.0102,0.4422
SPADES TEN SPADES SEVEN,0.5488,0.0068,0.4444
CLUBS SEVEN CLUBS THREE,0.5956,0.014,0.3904
CLUBS FIVE CLUBS THREE,0.5956,0.0128,0.3916
CLUBS THREE CLUBS FOUR,0.598,0.0156,0.3864
CLUBS NINE CLUBS THREE,0.5908,0.0122,0.397
CLUBS EIGHT CLUBS THREE,0.6018,0.0122,0.386
CLUBS THREE SPADES FIVE,0.6192,0.0178,0.363
CLUBS THREE SPADES FOUR,0.6348,0.0116,0.3536
CLUBS THREE SPADES THREE,0.4278,0.0314,0.5408
CLUBS THREE SPADES TWO,0.6396,0.0132,0.3472
CLUBS THREE SPADES SIX,0.6998,0.0506,0.2496
CLUBS THREE SPADES SEVEN,0.6288,0.0088,0.3624
SPADES EIGHT CLUBS THREE,0.6516,0.0112,0.3372
SPADES NINE CLUBS THREE,0.6314,0.0146,0.354
SPADES TWO DIAMONDS FOUR,0.638,0.0116,0.3504
SPADES THREE DIAMONDS FOUR,0.6228,0.0114,0.3658
SPADES FOUR DIAMONDS FOUR,0.4302,0.0264,0.5434
SPADES FIVE DIAMONDS FOUR,0.6128,0.012,0.3752
SPADES SIX DIAMONDS FOUR,0.671,0.0498,0.2792
SPADES SEVEN DIAMONDS FOUR,0.6172,0.0098,0.373
SPADES EIGHT DIAMONDS FOUR,0.612,0.01,0.378
SPADES NINE DIAMONDS FOUR,0.626,0.009,0.365
CLUBS FIVE DIAMONDS FOUR,0.6186,0.0184,0.363
CLUBS FOUR DIAMONDS FOUR,0.4386,0.0286,0.5328
CLUBS SEVEN DIAMONDS FOUR,0.6226,0.0126,0.3648
CLUBS NINE DIAMONDS FOUR,0.6318,0.0124,0.3558
CLUBS EIGHT DIAMONDS FOUR,0.616,0.0116,0.3724
DIAMONDS FOUR HEARTS SEVEN,0.6116,0.0152,0.3732
HEARTS SIX DIAMONDS FOUR,0.6842,0.0478,0.268
HEARTS NINE DIAMONDS FOUR,0.639,0.0126,0.3484
DIAMONDS FOUR HEARTS EIGHT,0.621,0.0138,0.3652
CLUBS THREE DIAMONDS FOUR,0.6272,0.0148,0.358
CLUBS TWO DIAMONDS FOUR,0.644,0.0114,0.3446
DIAMONDS TEN DIAMONDS FIVE,0.6028,0.0102,0.387
DIAMONDS JACK DIAMONDS FIVE,0.5732,0.0084,0.4184
DIAMONDS NINE HEARTS KING,0.3592,0.0054,0.6354
HEARTS ACE DIAMONDS NINE,0.353,0.0032,0.6438
DIAMONDS NINE HEARTS TEN,0.5666,0.009,0.4244
DIAMONDS NINE HEARTS JACK,0.562,0.0092,0.4288
CLUBS KING DIAMONDS SIX,0.2288,0.0432,0.728
CLUBS QUEEN DIAMONDS SIX,0.0114,0.9678,0.0208
CLUBS ACE DIAMONDS SIX,0.2346,0.0322,0.7332
SPADES KING DIAMONDS FOUR,0.3916,0.007,0.6014
SPADES ACE SPADES SEVEN,0.337,0.0026,0.6604
SPADES QUEEN DIAMONDS FOUR,0.4044,0.3808,0.2148
SPADES QUEEN SPADES SEVEN,0.2168,0.2858,0.4974
CLUBS JACK DIAMONDS SIX,0.7076,0.0506,0.2418
SPADES KING SPADES SEVEN,0.3402,0.0062,0.6536
SPADES ACE DIAMONDS FOUR,0.388,0.0034,0.6086
CLUBS TEN DIAMONDS SIX,0.7018,0.049,0.2492
CLUBS NINE CLUBS FOUR,0.5976,0.0148,0.3876
CLUBS EIGHT CLUBS FOUR,0.592,0.0104,0.3976
SPADES JACK DIAMONDS FOUR,0.6194,0.0122,0.3684
SPADES TEN DIAMONDS FOUR,0.6232,0.012,0.3648
CLUBS FIVE CLUBS FOUR,0.59,0.0118,0.3982
CLUBS SEVEN CLUBS FOUR,0.6014,0.014,0.3846
CLUBS SEVEN SPADES EIGHT,0.5604,0.0136,0.426
SPADES NINE CLUBS SEVEN,0.5682,0.012,0.4198
CLUBS SEVEN SPADES SIX,0.6556,0.0488,0.2956
CLUBS SEVEN SPADES SEVEN,0.3108,0.0248,0.6644
CLUBS SEVEN SPADES FIVE,0.608,0.0126,0.3794
CLUBS SEVEN SPADES FOUR,0.6102,0.0134,0.3764
CLUBS SEVEN SPADES THREE,0.6112,0.014,0.3748
CLUBS SEVEN SPADES TWO,0.6438,0.0128,0.3434
CLUBS NINE CLUBS SEVEN,0.5494,0.0086,0.442
CLUBS EIGHT CLUBS SEVEN,0.532,0.0122,0.4558
HEARTS SIX DIAMONDS FIVE,0.6676,0.0524,0.28
DIAMONDS FIVE HEARTS SEVEN,0.6092,0.0116,0.3792
DIAMONDS FIVE HEARTS EIGHT,0.6078,0.0124,0.3798
HEARTS NINE DIAMONDS FIVE,0.6202,0.0114,0.3684
DIAMONDS QUEEN DIAMONDS FIVE,0.3646,0.3582,0.2772
HEARTS TWO DIAMONDS FIVE,0.6362,0.0138,0.35
HEARTS KING HEARTS EIGHT,0.3488,0.0052,0.646
DIAMONDS KING DIAMONDS FIVE,0.3548,0.007,0.6382
HEARTS THREE DIAMONDS FIVE,0.6304,0.0138,0.3558
DIAMONDS ACE DIAMONDS FIVE,0.3548,0.0042,0.641
HEARTS FOUR DIAMONDS FIVE,0.6166,0.0136,0.3698
HEARTS FIVE DIAMONDS FIVE,0.4166,0.0328,0.5506
HEARTS ACE HEARTS EIGHT,0.3484,0.0042,0.6474
CLUBS FOUR DIAMONDS FIVE,0.611,0.0096,0.3794
CLUBS FIVE DIAMONDS FIVE,0.4216,0.0264,0.552
CLUBS SEVEN DIAMONDS FIVE,0.5912,0.0146,0.3942
CLUBS TWO DIAMONDS FIVE,0.6588,0.0124,0.3288
CLUBS THREE DIAMONDS FIVE,0.6276,0.0126,0.3598
SPADES THREE DIAMONDS FIVE,0.6234,0.0112,0.3654
SPADES TWO DIAMONDS FIVE,0.646,0.0114,0.3426
SPADES JACK DIAMONDS EIGHT,0.587,0.0098,0.4032
SPADES FIVE DIAMONDS FIVE,0.4234,0.0282,0.5484
CLUBS TEN HEARTS JACK,0.5434,0.0122,0.4444
SPADES TEN DIAMONDS EIGHT,0.5618,0.0112,0.427
SPADES FOUR DIAMONDS FIVE,0.5944,0.0124,0.3932
CLUBS JACK HEARTS JACK,0.281,0.01,0.709
HEARTS JACK CLUBS QUEEN,0.2304,0.093,0.6766
CLUBS NINE DIAMONDS FIVE,0.6158,0.0124,0.3718
CLUBS EIGHT DIAMONDS FIVE,0.6022,0.0132,0.3846
HEARTS JACK CLUBS KING,0.3434,0.0064,0.6502
HEARTS JACK CLUBS ACE,0.3456,0.0058,0.6486
SPADES SEVEN DIAMONDS FIVE,0.6,0.0116,0.3884
SPADES KING DIAMONDS EIGHT,0.3586,0.0034,0.638
SPADES QUEEN DIAMONDS EIGHT,0.2186,0.2254,0.556
SPADES SIX DIAMONDS FIVE,0.66,0.049,0.291
SPADES NINE DIAMONDS FIVE,0.6162,0.0106,0.3732
SPADES EIGHT DIAMONDS FIVE,0.6172,0.011,0.3718
SPADES ACE DIAMONDS EIGHT,0.3632,0.0036,0.6332
DIAMONDS TEN DIAMONDS SIX,0.659,0.044,0.297
HEARTS ACE DIAMONDS SEVEN,0.3598,0.0028,0.6374
DIAMONDS JACK DIAMONDS SIX,0.671,0.042,0.287
HEARTS KING DIAMONDS SEVEN,0.363,0.007,0.63
DIAMONDS ACE DIAMONDS SIX,0.202,0.0246,0.7734
HEARTS FOUR DIAMONDS SIX,0.6758,0.0466,0.2776
HEARTS JACK SPADES TWO,0.6216,0.011,0.3674
HEARTS FIVE DIAMONDS SIX,0.662,0.0498,0.2882
SPADES TWO HEARTS TEN,0.6288,0.0114,0.3598
DIAMONDS QUEEN DIAMONDS SIX,0.0198,0.9082,0.072
HEARTS TWO DIAMONDS SIX,0.7194,0.0538,0.2268
DIAMONDS KING DIAMONDS SIX,0.217,0.0386,0.7444
HEARTS THREE DIAMONDS SIX,0.6986,0.0524,0.249
HEARTS EIGHT DIAMONDS SIX,0.6782,0.0468,0.275
HEARTS NINE DIAMONDS SIX,0.6848,0.048,0.2672
HEARTS SIX DIAMONDS SIX,0.2998,0.0346,0.6656
HEARTS SEVEN DIAMONDS SIX,0.6796,0.0448,0.2756
HEARTS TEN DIAMONDS SEVEN,0.5824,0.0076,0.41
CLUBS TWO DIAMONDS SIX,0.7196,0.0484,0.232
HEARTS JACK DIAMONDS SEVEN,0.5956,0.0092,0.3952
CLUBS THREE DIAMONDS SIX,0.7048,0.0526,0.2426
CLUBS SEVEN DIAMONDS SIX,0.6566,0.0436,0.2998
CLUBS JACK DIAMONDS EIGHT,0.5586,0.009,0.4324
CLUBS TEN DIAMONDS EIGHT,0.5574,0.0132,0.4294
CLUBS FIVE DIAMONDS SIX,0.6578,0.051,0.2912
CLUBS FOUR DIAMONDS SIX,0.6878,0.047,0.2652
HEARTS ACE HEARTS JACK,0.3268,0.0042,0.669
DIAMONDS EIGHT CLUBS ACE,0.3698,0.0032,0.627
DIAMONDS EIGHT CLUBS KING,0.3632,0.006,0.6308
CLUBS NINE DIAMONDS SIX,0.6812,0.049,0.2698
HEARTS JACK HEARTS KING,0.3194,0.007,0.6736
CLUBS EIGHT DIAMONDS SIX,0.6704,0.0448,0.2848
DIAMONDS EIGHT CLUBS QUEEN,0.2272,0.2218,0.551
SPADES TEN HEARTS KING,0.3372,0.0062,0.6566
SPADES FIVE DIAMONDS SIX,0.6464,0.05,0.3036
HEARTS ACE SPADES TWO,0.3976,0.0058,0.5966
SPADES JACK HEARTS KING,0.3318,0.0066,0.6616
SPADES FOUR DIAMONDS SIX,0.6784,0.0492,0.2724
SPADES THREE DIAMONDS SIX,0.6888,0.0532,0.258
SPADES ACE SPADES KING,0.3,0.0042,0.6958
HEARTS KING SPADES TWO,0.397,0.008,0.595
SPADES TWO DIAMONDS SIX,0.685,0.0532,0.2618
HEARTS TEN HEARTS EIGHT,0.536,0.0096,0.4544
SPADES NINE DIAMONDS SIX,0.6766,0.0476,0.2758
HEARTS JACK HEARTS EIGHT,0.56,0.01,0.43
SPADES EIGHT DIAMONDS SIX,0.68,0.0396,0.2804
SPADES SEVEN DIAMONDS SIX,0.6592,0.0418,0.299
SPADES SIX DIAMONDS SIX,0.2906,0.0384,0.671
SPADES KING HEARTS KING,0.1326,0.0036,0.8638
SPADES QUEEN HEARTS KING,0.224,0.027,0.749
CLUBS ACE CLUBS KING,0.3082,0.0058,0.686
SPADES ACE HEARTS KING,0.3242,0.0038,0.672
SPADES ACE HEARTS JACK,0.3534,0.0036,0.643
SPADES QUEEN HEARTS JACK,0.2238,0.0926,0.6836
SPADES KING HEARTS JACK,0.3574,0.0048,0.6378
SPADES TEN DIAMONDS TEN,0.2856,0.0146,0.6998
SPADES JACK DIAMONDS TEN,0.5418,0.0078,0.4504
SPADES ACE DIAMONDS TEN,0.3442,0.0026,0.6532
SPADES JACK HEARTS JACK,0.2856,0.0102,0.7042
SPADES TEN HEARTS JACK,0.5372,0.0082,0.4546
SPADES QUEEN DIAMONDS TEN,0.2262,0.1186,0.6552
SPADES KING DIAMONDS TEN,0.3406,0.0066,0.6528
SPADES NINE DIAMONDS SEVEN,0.5644,0.0104,0.4252
SPADES EIGHT DIAMONDS SEVEN,0.5642,0.012,0.4238
SPADES SEVEN DIAMONDS SEVEN,0.3278,0.0214,0.6508
SPADES SIX DIAMONDS SEVEN,0.6632,0.0422,0.2946
DIAMONDS KING DIAMONDS SEVEN,0.3288,0.0052,0.666
HEARTS THREE DIAMONDS SEVEN,0.637,0.0114,0.3516
HEARTS KING DIAMONDS FIVE,0.39,0.0084,0.6016
DIAMONDS QUEEN DIAMONDS SEVEN,0.2202,0.2798,0.5
HEARTS TWO DIAMONDS SEVEN,0.638,0.0134,0.3486
HEARTS FIVE DIAMONDS SEVEN,0.6052,0.015,0.3798
DIAMONDS ACE DIAMONDS SEVEN,0.34,0.0036,0.6564
HEARTS FOUR DIAMONDS SEVEN,0.6264,0.0124,0.3612
HEARTS ACE DIAMONDS FIVE,0.3892,0.0052,0.6056
HEARTS SEVEN DIAMONDS SEVEN,0.3216,0.0234,0.655
HEARTS SIX DIAMONDS SEVEN,0.6706,0.042,0.2874
HEARTS NINE DIAMONDS SEVEN,0.5758,0.0108,0.4134
DIAMONDS SEVEN HEARTS EIGHT,0.5778,0.0086,0.4136
DIAMONDS JACK DIAMONDS SEVEN,0.5496,0.011,0.4394
HEARTS JACK DIAMONDS FIVE,0.6208,0.0094,0.3698
DIAMONDS TEN DIAMONDS SEVEN,0.5458,0.0098,0.4444
DIAMONDS FIVE HEARTS TEN,0.6334,0.012,0.3546
CLUBS EIGHT DIAMONDS SEVEN,0.5684,0.0098,0.4218
SPADES KING CLUBS TWO,0.3878,0.008,0.6042
HEARTS KING CLUBS KING,0.1258,0.0054,0.8688
SPADES QUEEN CLUBS TWO,0.3962,0.3938,0.21
HEARTS KING CLUBS QUEEN,0.2188,0.0244,0.7568
CLUBS NINE DIAMONDS SEVEN,0.5648,0.013,0.4222
CLUBS JACK SPADES TWO,0.6202,0.0148,0.365
SPADES ACE CLUBS TWO,0.3974,0.0042,0.5984
CLUBS TEN SPADES TWO,0.6238,0.0108,0.3654
HEARTS KING CLUBS ACE,0.304,0.0056,0.6904
SPADES TWO CLUBS KING,0.3936,0.0084,0.598
SPADES TWO DIAMONDS SEVEN,0.6476,0.011,0.3414
SPADES THREE DIAMONDS SEVEN,0.6188,0.0122,0.369
SPADES TWO CLUBS QUEEN,0.3916,0.3802,0.2282
SPADES FOUR DIAMONDS SEVEN,0.609,0.0106,0.3804
CLUBS JACK HEARTS KING,0.3316,0.0104,0.658
SPADES FIVE DIAMONDS SEVEN,0.5934,0.013,0.3936
SPADES TWO CLUBS ACE,0.3916,0.004,0.6044
CLUBS TEN HEARTS KING,0.3356,0.0078,0.6566
CLUBS TWO DIAMONDS SEVEN,0.6484,0.0132,0.3384
CLUBS THREE DIAMONDS SEVEN,0.6376,0.0136,0.3488
CLUBS FOUR DIAMONDS SEVEN,0.6246,0.0096,0.3658
CLUBS FIVE DIAMONDS SEVEN,0.6158,0.013,0.3712
SPADES JACK CLUBS TWO,0.6256,0.0108,0.3636
CLUBS SEVEN DIAMONDS SEVEN,0.3224,0.0264,0.6512
SPADES TEN CLUBS TWO,0.623,0.0116,0.3654
CLUBS TWO CLUBS QUEEN,0.365,0.37,0.265
CLUBS TWO CLUBS KING,0.381,0.007,0.612
CLUBS THREE DIAMONDS EIGHT,0.6414,0.013,0.3456
CLUBS TWO CLUBS ACE,0.3662,0.0056,0.6282
CLUBS TWO DIAMONDS EIGHT,0.6442,0.01,0.3458
DIAMONDS EIGHT HEARTS SEVEN,0.5824,0.012,0.4056
HEARTS SIX DIAMONDS EIGHT,0.673,0.0474,0.2796
DIAMONDS EIGHT HEARTS NINE,0.567,0.0108,0.4222
CLUBS TEN CLUBS TWO,0.5936,0.014,0.3924
DIAMONDS EIGHT HEARTS EIGHT,0.31,0.0194,0.6706
CLUBS JACK CLUBS TWO,0.5884,0.0104,0.4012
CLUBS NINE DIAMONDS EIGHT,0.5598,0.0094,0.4308
CLUBS EIGHT DIAMONDS EIGHT,0.3126,0.0242,0.6632
CLUBS FIVE DIAMONDS EIGHT,0.6196,0.013,0.3674
SPADES ACE SPADES THREE,0.375,0.0028,0.6222
CLUBS FOUR DIAMONDS EIGHT,0.6338,0.0108,0.3554
CLUBS SEVEN DIAMONDS EIGHT,0.567,0.01,0.423
SPADES QUEEN SPADES THREE,0.3698,0.3662,0.264
SPADES KING SPADES THREE,0.3646,0.0084,0.627
DIAMONDS QUEEN DIAMONDS EIGHT,0.2092,0.2076,0.5832
HEARTS TWO DIAMONDS EIGHT,0.6472,0.0124,0.3404
DIAMONDS KING DIAMONDS EIGHT,0.3372,0.0072,0.6556
HEARTS THREE DIAMONDS EIGHT,0.6338,0.0118,0.3544
DIAMONDS ACE DIAMONDS EIGHT,0.334,0.004,0.662
HEARTS FOUR DIAMONDS EIGHT,0.6264,0.0148,0.3588
HEARTS FIVE DIAMONDS EIGHT,0.6062,0.0092,0.3846
DIAMONDS EIGHT DIAMONDS TEN,0.5378,0.0096,0.4526
DIAMONDS EIGHT DIAMONDS JACK,0.5354,0.0114,0.4532
SPADES JACK SPADES THREE,0.577,0.013,0.41
SPADES TEN SPADES THREE,0.5888,0.011,0.4002
CLUBS FOUR HEARTS ACE,0.3938,0.0038,0.6024
CLUBS FOUR HEARTS KING,0.3916,0.0082,0.6002
DIAMONDS EIGHT SPADES FOUR,0.6122,0.0096,0.3782
SPADES FIVE DIAMONDS EIGHT,0.6084,0.01,0.3816
DIAMONDS EIGHT SPADES TWO,0.6238,0.0114,0.3648
DIAMONDS EIGHT SPADES THREE,0.642,0.0118,0.3462
CLUBS FOUR HEARTS JACK,0.631,0.0122,0.3568
SPADES EIGHT DIAMONDS EIGHT,0.3006,0.0204,0.679
SPADES TEN DIAMONDS QUEEN,0.233,0.1146,0.6524
SPADES TEN HEARTS TWO,0.6352,0.0112,0.3536
SPADES JACK HEARTS EIGHT,0.566,0.0094,0.4246
CLUBS FOUR HEARTS TEN,0.6336,0.0132,0.3532
SPADES NINE DIAMONDS EIGHT,0.5508,0.0118,0.4374
SPADES TEN HEARTS EIGHT,0.565,0.0096,0.4254
SPADES JACK HEARTS TWO,0.637,0.0116,0.3514
SPADES JACK DIAMONDS QUEEN,0.247,0.092,0.661
SPADES SIX DIAMONDS EIGHT,0.6738,0.0446,0.2816
SPADES SEVEN DIAMONDS EIGHT,0.5644,0.0102,0.4254
SPADES ACE HEARTS TWO,0.4012,0.0048,0.594
SPADES ACE DIAMONDS QUEEN,0.2432,0.0158,0.741
SPADES ACE HEARTS EIGHT,0.3522,0.0046,0.6432
SPADES KING HEARTS EIGHT,0.3636,0.0066,0.6298
SPADES QUEEN HEARTS TWO,0.4058,0.373,0.2212
SPADES QUEEN DIAMONDS QUEEN,0.0896,0.0296,0.8808
SPADES KING DIAMONDS QUEEN,0.245,0.023,0.732
SPADES KING HEARTS TWO,0.3926,0.008,0.5994
SPADES QUEEN HEARTS EIGHT,0.2396,0.2188,0.5416
CLUBS TWO HEARTS TEN,0.6452,0.0116,0.3432
CLUBS TWO HEARTS JACK,0.6442,0.0132,0.3426
SPADES SEVEN DIAMONDS NINE,0.5794,0.0094,0.4112
SPADES SIX DIAMONDS NINE,0.681,0.0464,0.2726
SPADES NINE DIAMONDS NINE,0.2956,0.0172,0.6872
SPADES EIGHT DIAMONDS NINE,0.555,0.0106,0.4344
SPADES TEN CLUBS KING,0.3474,0.0064,0.6462
DIAMONDS NINE SPADES THREE,0.63,0.0104,0.3596
SPADES JACK CLUBS KING,0.3342,0.0056,0.6602
DIAMONDS NINE SPADES TWO,0.6224,0.014,0.3636
DIAMONDS NINE SPADES FIVE,0.6316,0.0092,0.3592
DIAMONDS NINE SPADES FOUR,0.6312,0.0086,0.3602
CLUBS NINE DIAMONDS NINE,0.2894,0.0216,0.689
CLUBS EIGHT DIAMONDS NINE,0.5502,0.0122,0.4376
SPADES JACK CLUBS FOUR,0.6374,0.0116,0.351
CLUBS SEVEN DIAMONDS NINE,0.5636,0.0114,0.425
SPADES TEN CLUBS FOUR,0.6266,0.0118,0.3616
CLUBS FOUR DIAMONDS NINE,0.6248,0.0112,0.364
CLUBS FIVE DIAMONDS NINE,0.6178,0.0112,0.371
DIAMONDS NINE CLUBS TWO,0.637,0.0132,0.3498
CLUBS THREE DIAMONDS NINE,0.6238,0.0108,0.3654
DIAMONDS NINE HEARTS EIGHT,0.5594,0.01,0.4306
DIAMONDS NINE HEARTS NINE,0.3082,0.0202,0.6716
HEARTS SIX DIAMONDS NINE,0.6762,0.0504,0.2734
DIAMONDS NINE HEARTS SEVEN,0.5638,0.0118,0.4244
CLUBS EIGHT CLUBS NINE,0.537,0.0118,0.4512
DIAMONDS ACE DIAMONDS NINE,0.3326,0.0036,0.6638
HEARTS FOUR DIAMONDS NINE,0.6304,0.0112,0.3584
HEARTS FIVE DIAMONDS NINE,0.6304,0.0126,0.357
HEARTS ACE CLUBS TWO,0.3994,0.0034,0.5972
SPADES ACE CLUBS FOUR,0.396,0.0034,0.6006
DIAMONDS QUEEN DIAMONDS NINE,0.2208,0.1642,0.615
HEARTS TWO DIAMONDS NINE,0.633,0.0126,0.3544
CLUBS TWO HEARTS KING,0.3862,0.01,0.6038
SPADES KING CLUBS FOUR,0.3998,0.007,0.5932
DIAMONDS KING DIAMONDS NINE,0.3312,0.006,0.6628
HEARTS THREE DIAMONDS NINE,0.6194,0.0124,0.3682
SPADES QUEEN CLUBS FOUR,0.4018,0.3776,0.2206
DIAMONDS NINE DIAMONDS JACK,0.5244,0.0102,0.4654
CLUBS EIGHT SPADES NINE,0.5598,0.0112,0.429
DIAMONDS NINE DIAMONDS TEN,0.5026,0.01,0.4874
CLUBS EIGHT SPADES EIGHT,0.3228,0.0204,0.6568
CLUBS EIGHT SPADES SEVEN,0.5714,0.0096,0.419
CLUBS EIGHT SPADES SIX,0.6672,0.0482,0.2846
CLUBS EIGHT SPADES FIVE,0.6078,0.0142,0.378
CLUBS EIGHT SPADES FOUR,0.6166,0.0124,0.371
CLUBS EIGHT SPADES THREE,0.64,0.0088,0.3512
CLUBS EIGHT SPADES TWO,0.632,0.0134,0.3546
HEARTS SIX DIAMONDS TEN,0.699,0.0476,0.2534
DIAMONDS TEN HEARTS SEVEN,0.5952,0.01,0.3948
DIAMONDS TEN HEARTS EIGHT,0.559,0.0144,0.4266
CLUBS JACK CLUBS FOUR,0.599,0.0134,0.3876
DIAMONDS TEN HEARTS NINE,0.5512,0.0106,0.4382
CLUBS TEN CLUBS FOUR,0.5998,0.013,0.3872
CLUBS FOUR CLUBS KING,0.3716,0.0066,0.6218
CLUBS FOUR CLUBS QUEEN,0.3766,0.3752,0.2482
CLUBS TWO DIAMONDS TEN,0.643,0.0134,0.3436
CLUBS THREE DIAMONDS TEN,0.631,0.011,0.358
CLUBS FOUR CLUBS ACE,0.3646,0.0056,0.6298
DIAMONDS JACK DIAMONDS TEN,0.4988,0.0102,0.491
DIAMONDS QUEEN DIAMONDS TEN,0.2192,0.1164,0.6644
HEARTS TWO DIAMONDS TEN,0.6238,0.0114,0.3648
DIAMONDS KING DIAMONDS TEN,0.326,0.0072,0.6668
HEARTS THREE DIAMONDS TEN,0.629,0.0148,0.3562
DIAMONDS ACE DIAMONDS TEN,0.3284,0.0032,0.6684
HEARTS FOUR DIAMONDS TEN,0.6404,0.0128,0.3468
CLUBS EIGHT HEARTS JACK,0.5658,0.0112,0.423
HEARTS FIVE DIAMONDS TEN,0.6258,0.013,0.3612
CLUBS EIGHT HEARTS TEN,0.5658,0.0106,0.4236
CLUBS EIGHT HEARTS KING,0.3556,0.0064,0.638
CLUBS EIGHT HEARTS ACE,0.35,0.0062,0.6438
CLUBS NINE SPADES THREE,0.6222,0.0136,0.3642
CLUBS NINE SPADES TWO,0.6258,0.0156,0.3586
CLUBS NINE SPADES FIVE,0.6136,0.0104,0.376
CLUBS NINE SPADES FOUR,0.6346,0.014,0.3514
CLUBS NINE SPADES SEVEN,0.5614,0.0112,0.4274
CLUBS NINE SPADES SIX,0.686,0.0498,0.2642
CLUBS NINE SPADES NINE,0.2948,0.0206,0.6846
CLUBS TEN HEARTS EIGHT,0.5666,0.0118,0.4216
CLUBS NINE SPADES EIGHT,0.5648,0.0094,0.4258
CLUBS JACK HEARTS EIGHT,0.576,0.0124,0.4116
CLUBS QUEEN HEARTS EIGHT,0.2162,0.2294,0.5544
CLUBS KING HEARTS EIGHT,0.3714,0.0068,0.6218
CLUBS ACE HEARTS EIGHT,0.3458,0.0042,0.65
SPADES KING CLUBS KING,0.1288,0.0026,0.8686
SPADES QUEEN CLUBS KING,0.232,0.0264,0.7416
SPADES ACE CLUBS KING,0.3184,0.0034,0.6782
DIAMONDS ACE HEARTS TEN,0.3612,0.0046,0.6342
HEARTS FOUR HEARTS TEN,0.6118,0.0096,0.3786
DIAMONDS ACE HEARTS JACK,0.351,0.002,0.647
HEARTS FOUR HEARTS JACK,0.5908,0.0098,0.3994
SPADES KING CLUBS FIVE,0.3964,0.0086,0.595
SPADES QUEEN CLUBS FIVE,0.3892,0.3878,0.223
SPADES ACE CLUBS FIVE,0.3862,0.0032,0.6106
DIAMONDS JACK HEARTS SEVEN,0.5866,0.0116,0.4018
HEARTS SIX DIAMONDS JACK,0.722,0.0484,0.2296
DIAMONDS JACK HEARTS NINE,0.5688,0.0104,0.4208
DIAMONDS JACK HEARTS EIGHT,0.579,0.0068,0.4142
DIAMONDS KING DIAMONDS JACK,0.3214,0.0046,0.674
HEARTS THREE DIAMONDS JACK,0.6234,0.0128,0.3638
SPADES ACE SPADES SIX,0.2198,0.027,0.7532
HEARTS ACE SPADES FOUR,0.3772,0.004,0.6188
DIAMONDS QUEEN DIAMONDS JACK,0.2244,0.0912,0.6844
HEARTS TWO DIAMONDS JACK,0.6362,0.0092,0.3546
HEARTS FIVE DIAMONDS JACK,0.632,0.0112,0.3568
SPADES QUEEN SPADES SIX,0.0204,0.9106,0.069
DIAMONDS ACE DIAMONDS JACK,0.3194,0.004,0.6766
HEARTS FOUR DIAMONDS JACK,0.6176,0.0104,0.372
SPADES KING SPADES SIX,0.214,0.04,0.746
SPADES FOUR HEARTS KING,0.3816,0.008,0.6104
SPADES TEN SPADES SIX,0.6648,0.0464,0.2888
SPADES JACK SPADES SIX,0.6696,0.0446,0.2858
SPADES FOUR DIAMONDS JACK,0.6176,0.008,0.3744
SPADES FIVE DIAMONDS JACK,0.6216,0.013,0.3654
DIAMONDS JACK SPADES TWO,0.6318,0.0096,0.3586
DIAMONDS JACK SPADES THREE,0.6344,0.009,0.3566
SPADES ACE DIAMONDS THREE,0.3922,0.0038,0.604
CLUBS EIGHT DIAMONDS JACK,0.563,0.011,0.426
SPADES QUEEN DIAMONDS THREE,0.3944,0.3746,0.231
SPADES KING DIAMONDS THREE,0.4104,0.008,0.5816
CLUBS NINE DIAMONDS JACK,0.5476,0.0098,0.4426
CLUBS SEVEN DIAMONDS JACK,0.5816,0.0128,0.4056
CLUBS FOUR DIAMONDS JACK,0.6392,0.0106,0.3502
CLUBS FIVE DIAMONDS JACK,0.626,0.0088,0.3652
CLUBS TWO DIAMONDS JACK,0.6314,0.0116,0.357
CLUBS THREE DIAMONDS JACK,0.6388,0.0118,0.3494
SPADES TEN CLUBS FIVE,0.6328,0.0132,0.354
HEARTS SIX SPADES JACK,0.7198,0.0474,0.2328
HEARTS SIX SPADES TEN,0.716,0.0504,0.2336
SPADES JACK CLUBS FIVE,0.6344,0.0094,0.3562
SPADES JACK DIAMONDS THREE,0.624,0.0108,0.3652
CLUBS SEVEN CLUBS ACE,0.3358,0.0056,0.6586
DIAMONDS THREE SPADES TEN,0.6198,0.0148,0.3654
CLUBS SEVEN CLUBS QUEEN,0.228,0.2748,0.4972
CLUBS SEVEN CLUBS KING,0.351,0.0076,0.6414
SPADES NINE DIAMONDS JACK,0.563,0.0086,0.4284
CLUBS TEN CLUBS SEVEN,0.5468,0.0092,0.444
DIAMONDS ACE HEARTS ACE,0.1266,0.0042,0.8692
HEARTS FOUR HEARTS ACE,0.3668,0.0052,0.628
SPADES EIGHT DIAMONDS JACK,0.5686,0.0084,0.423
SPADES ACE HEARTS SIX,0.2372,0.0322,0.7306
CLUBS JACK CLUBS SEVEN,0.5658,0.011,0.4232
DIAMONDS ACE HEARTS KING,0.3272,0.0048,0.668
HEARTS FOUR HEARTS KING,0.375,0.0056,0.6194
SPADES SEVEN DIAMONDS JACK,0.5828,0.01,0.4072
SPADES KING HEARTS SIX,0.2428,0.0372,0.72
SPADES QUEEN HEARTS SIX,0.0196,0.9696,0.0108
SPADES SIX DIAMONDS JACK,0.711,0.051,0.238
DIAMONDS TEN SPADES TWO,0.6146,0.0106,0.3748
SPADES THREE DIAMONDS TEN,0.6292,0.0118,0.359
SPADES FOUR DIAMONDS TEN,0.6334,0.0094,0.3572
SPADES FIVE DIAMONDS TEN,0.634,0.011,0.355
SPADES SIX DIAMONDS TEN,0.7176,0.0418,0.2406
SPADES SEVEN DIAMONDS TEN,0.5682,0.011,0.4208
SPADES EIGHT DIAMONDS TEN,0.5658,0.012,0.4222
SPADES NINE DIAMONDS TEN,0.5552,0.01,0.4348
CLUBS FOUR DIAMONDS TEN,0.6386,0.0096,0.3518
CLUBS FIVE DIAMONDS TEN,0.633,0.0106,0.3564
CLUBS SEVEN DIAMONDS TEN,0.5724,0.0134,0.4142
CLUBS EIGHT DIAMONDS TEN,0.5602,0.0108,0.429
CLUBS NINE DIAMONDS TEN,0.5574,0.0112,0.4314
CLUBS JACK DIAMONDS THREE,0.6186,0.0122,0.3692
CLUBS TEN DIAMONDS THREE,0.6254,0.0136,0.361
DIAMONDS THREE CLUBS KING,0.392,0.0096,0.5984
DIAMONDS THREE CLUBS QUEEN,0.3902,0.3824,0.2274
DIAMONDS THREE CLUBS ACE,0.3918,0.0044,0.6038
SPADES FOUR HEARTS JACK,0.6244,0.01,0.3656
SPADES FOUR HEARTS TEN,0.6282,0.0136,0.3582
SPADES FIVE SPADES TWO,0.5954,0.0112,0.3934
SPADES FOUR SPADES TWO,0.6098,0.011,0.3792
SPADES THREE SPADES TWO,0.5996,0.0146,0.3858
SPADES NINE SPADES TWO,0.5864,0.0124,0.4012
SPADES EIGHT SPADES TWO,0.576,0.0154,0.4086
SPADES SEVEN SPADES TWO,0.5916,0.0102,0.3982
SPADES SIX SPADES TWO,0.656,0.0546,0.2894
DIAMONDS QUEEN CLUBS THREE,0.417,0.3674,0.2156
CLUBS THREE HEARTS TWO,0.65,0.014,0.336
DIAMONDS QUEEN CLUBS TWO,0.4084,0.369,0.2226
HEARTS TWO CLUBS TWO,0.4456,0.034,0.5204
DIAMONDS QUEEN HEARTS SEVEN,0.232,0.2926,0.4754
HEARTS TWO HEARTS SEVEN,0.617,0.0114,0.3716
HEARTS SIX DIAMONDS QUEEN,0.0184,0.9724,0.0092
HEARTS SIX HEARTS TWO,0.672,0.0542,0.2738
DIAMONDS QUEEN HEARTS NINE,0.2248,0.1706,0.6046
HEARTS TWO HEARTS NINE,0.6066,0.0098,0.3836
DIAMONDS QUEEN HEARTS EIGHT,0.2364,0.2312,0.5324
HEARTS TWO HEARTS EIGHT,0.6006,0.0094,0.39
CLUBS NINE HEARTS TWO,0.628,0.0142,0.3578
CLUBS NINE DIAMONDS QUEEN,0.2274,0.1602,0.6124
CLUBS EIGHT DIAMONDS QUEEN,0.2252,0.2328,0.542
CLUBS EIGHT HEARTS TWO,0.6396,0.015,0.3454
CLUBS FIVE DIAMONDS QUEEN,0.3996,0.3816,0.2188
CLUBS FIVE HEARTS TWO,0.6464,0.0158,0.3378
SPADES EIGHT HEARTS ACE,0.3546,0.0036,0.6418
DIAMONDS QUEEN CLUBS FOUR,0.3894,0.3902,0.2204
HEARTS TWO CLUBS FOUR,0.656,0.0134,0.3306
CLUBS SEVEN DIAMONDS QUEEN,0.227,0.3074,0.4656
CLUBS SEVEN HEARTS TWO,0.6442,0.0152,0.3406
SPADES EIGHT HEARTS KING,0.358,0.004,0.638
HEARTS TWO SPADES SIX,0.7138,0.0524,0.2338
DIAMONDS QUEEN SPADES SIX,0.0178,0.9592,0.023
HEARTS FOUR CLUBS QUEEN,0.3976,0.3876,0.2148
DIAMONDS ACE CLUBS QUEEN,0.239,0.0172,0.7438
DIAMONDS QUEEN SPADES SEVEN,0.2248,0.3092,0.466
HEARTS TWO SPADES SEVEN,0.6436,0.0096,0.3468
HEARTS FOUR CLUBS KING,0.3974,0.0076,0.595
DIAMONDS ACE CLUBS KING,0.3168,0.0044,0.6788
DIAMONDS QUEEN SPADES EIGHT,0.2352,0.2176,0.5472
SPADES EIGHT HEARTS TWO,0.6384,0.0104,0.3512
HEARTS FOUR CLUBS ACE,0.3836,0.0054,0.611
DIAMONDS ACE CLUBS ACE,0.1136,0.0036,0.8828
SPADES NINE DIAMONDS QUEEN,0.2376,0.1608,0.6016
SPADES NINE HEARTS TWO,0.6304,0.0146,0.355
HEARTS TWO SPADES TWO,0.4396,0.0284,0.532
DIAMONDS QUEEN SPADES TWO,0.3992,0.3742,0.2266
HEARTS TWO SPADES THREE,0.6502,0.0142,0.3356
DIAMONDS QUEEN SPADES THREE,0.3924,0.3832,0.2244
HEARTS TWO SPADES FOUR,0.6454,0.015,0.3396
DIAMONDS QUEEN SPADES FOUR,0.3894,0.3752,0.2354
CLUBS TEN HEARTS FOUR,0.6216,0.0108,0.3676
CLUBS TEN DIAMONDS ACE,0.3476,0.006,0.6464
HEARTS TWO SPADES FIVE,0.645,0.0128,0.3422
DIAMONDS QUEEN SPADES FIVE,0.3758,0.397,0.2272
HEARTS FOUR CLUBS JACK,0.6342,0.0126,0.3532
CLUBS JACK DIAMONDS ACE,0.3402,0.0058,0.654
CLUBS FIVE CLUBS KING,0.3702,0.009,0.6208
CLUBS FIVE CLUBS QUEEN,0.3754,0.3474,0.2772
CLUBS FIVE CLUBS ACE,0.3672,0.0048,0.628
CLUBS JACK CLUBS FIVE,0.5928,0.0136,0.3936
CLUBS TEN CLUBS FIVE,0.6046,0.0132,0.3822
SPADES KING CLUBS JACK,0.3372,0.0048,0.658
CLUBS JACK SPADES QUEEN,0.2276,0.0964,0.676
SPADES ACE CLUBS JACK,0.3524,0.0046,0.643
SPADES SIX CLUBS KING,0.2284,0.0356,0.736
SPADES SIX CLUBS QUEEN,0.0112,0.97,0.0188
SPADES EIGHT HEARTS JACK,0.5768,0.0112,0.412
SPADES SIX CLUBS ACE,0.2308,0.0308,0.7384
SPADES EIGHT HEARTS TEN,0.5616,0.0118,0.4266
CLUBS JACK SPADES SIX,0.7108,0.0508,0.2384
CLUBS TEN SPADES SIX,0.7008,0.0444,0.2548
CLUBS JACK SPADES TEN,0.5298,0.0086,0.4616
CLUBS JACK SPADES JACK,0.2796,0.0094,0.711
SPADES QUEEN CLUBS SEVEN,0.2228,0.3132,0.464
SPADES KING CLUBS SEVEN,0.3622,0.0056,0.6322
SPADES ACE CLUBS SEVEN,0.3592,0.005,0.6358
SPADES SIX HEARTS TEN,0.7,0.0466,0.2534
SPADES SIX HEARTS JACK,0.7128,0.0468,0.2404
SPADES SIX HEARTS ACE,0.2298,0.0284,0.7418
SPADES SIX HEARTS KING,0.2342,0.0406,0.7252
SPADES JACK CLUBS SEVEN,0.5932,0.0086,0.3982
SPADES TEN CLUBS SEVEN,0.5686,0.0104,0.421
CLUBS TEN HEARTS SIX,0.7022,0.0472,0.2506
CLUBS JACK HEARTS SIX,0.732,0.047,0.221
CLUBS JACK CLUBS ACE,0.3196,0.005,0.6754
HEARTS SIX CLUBS QUEEN,0.0086,0.985,0.0064
HEARTS SIX CLUBS KING,0.2228,0.039,0.7382
HEARTS SIX CLUBS ACE,0.2364,0.031,0.7326
CLUBS JACK CLUBS QUEEN,0.22,0.0882,0.6918
CLUBS JACK CLUBS KING,0.329,0.0064,0.6646
DIAMONDS THREE HEARTS ACE,0.381,0.0062,0.6128
DIAMONDS THREE HEARTS KING,0.4052,0.0074,0.5874
CLUBS FIVE HEARTS JACK,0.6366,0.0134,0.35
SPADES TEN DIAMONDS ACE,0.3504,0.0028,0.6468
HEARTS FOUR SPADES TEN,0.6368,0.0106,0.3526
CLUBS FIVE HEARTS TEN,0.6482,0.0114,0.3404
HEARTS FOUR SPADES JACK,0.6356,0.0112,0.3532
SPADES JACK DIAMONDS ACE,0.3456,0.0016,0.6528
SPADES ACE HEARTS FOUR,0.3922,0.0052,0.6026
SPADES ACE DIAMONDS ACE,0.1178,0.0032,0.879
CLUBS FIVE HEARTS ACE,0.3938,0.0042,0.602
CLUBS FIVE HEARTS KING,0.382,0.0064,0.6116
HEARTS FOUR SPADES QUEEN,0.392,0.3824,0.2256
SPADES QUEEN DIAMONDS ACE,0.2274,0.0172,0.7554
CLUBS JACK SPADES FOUR,0.6252,0.012,0.3628
SPADES KING DIAMONDS ACE,0.3232,0.003,0.6738
HEARTS FOUR SPADES KING,0.3966,0.0058,0.5976
CLUBS TEN SPADES FOUR,0.6362,0.0102,0.3536
DIAMONDS QUEEN DIAMONDS ACE,0.2138,0.0126,0.7736
HEARTS TWO DIAMONDS ACE,0.4034,0.0058,0.5908
HEARTS FOUR DIAMONDS QUEEN,0.3956,0.3762,0.2282
HEARTS FOUR HEARTS TWO,0.6116,0.0174,0.371
DIAMONDS THREE HEARTS TEN,0.6372,0.0114,0.3514
SPADES FOUR CLUBS KING,0.3848,0.0082,0.607
HEARTS FIVE DIAMONDS QUEEN,0.3914,0.3946,0.214
HEARTS FIVE HEARTS TWO,0.612,0.0152,0.3728
DIAMONDS THREE HEARTS JACK,0.6234,0.0102,0.3664
SPADES FOUR CLUBS QUEEN,0.3882,0.3782,0.2336
DIAMONDS QUEEN HEARTS TWO,0.3956,0.3856,0.2188
DIAMONDS KING DIAMONDS QUEEN,0.2134,0.0278,0.7588
DIAMONDS KING HEARTS TWO,0.4004,0.0082,0.5914
HEARTS THREE DIAMONDS QUEEN,0.389,0.3848,0.2262
HEARTS THREE HEARTS TWO,0.6276,0.0138,0.3586
SPADES FOUR CLUBS ACE,0.3864,0.0046,0.609
HEARTS TWO CLUBS ACE,0.384,0.0054,0.6106
DIAMONDS QUEEN CLUBS ACE,0.225,0.017,0.758
HEARTS TWO CLUBS QUEEN,0.3964,0.3796,0.224
DIAMONDS QUEEN CLUBS QUEEN,0.0908,0.0262,0.883
HEARTS TWO CLUBS KING,0.4022,0.009,0.5888
DIAMONDS QUEEN CLUBS KING,0.2298,0.0266,0.7436
SPADES EIGHT SPADES FIVE,0.5704,0.01,0.4196
CLUBS TEN HEARTS TWO,0.6256,0.0106,0.3638
CLUBS TEN DIAMONDS QUEEN,0.2346,0.1186,0.6468
SPADES NINE SPADES FIVE,0.5764,0.0112,0.4124
CLUBS JACK HEARTS TWO,0.6376,0.009,0.3534
CLUBS JACK DIAMONDS QUEEN,0.2348,0.0914,0.6738
SPADES SIX SPADES FIVE,0.614,0.0502,0.3358
SPADES SEVEN SPADES FIVE,0.566,0.0104,0.4236
DIAMONDS FIVE CLUBS QUEEN,0.3896,0.379,0.2314
SPADES EIGHT CLUBS ACE,0.3482,0.0032,0.6486
DIAMONDS FIVE CLUBS KING,0.397,0.007,0.596
SPADES EIGHT CLUBS KING,0.353,0.0066,0.6404
DIAMONDS FIVE CLUBS ACE,0.3672,0.0038,0.629
SPADES EIGHT CLUBS QUEEN,0.2216,0.2302,0.5482
CLUBS JACK SPADES EIGHT,0.5656,0.0124,0.422
CLUBS TEN SPADES EIGHT,0.556,0.011,0.433
CLUBS TEN DIAMONDS FIVE,0.6378,0.0098,0.3524
CLUBS JACK DIAMONDS FIVE,0.6256,0.0126,0.3618
HEARTS JACK DIAMONDS TEN,0.5542,0.008,0.4378
DIAMONDS TEN HEARTS TEN,0.2868,0.011,0.7022
SPADES ACE CLUBS NINE,0.3542,0.0048,0.641
SPADES QUEEN CLUBS NINE,0.2284,0.1532,0.6184
SPADES KING CLUBS NINE,0.3488,0.0058,0.6454
HEARTS SIX HEARTS KING,0.227,0.0394,0.7336
DIAMONDS KING SPADES SEVEN,0.3644,0.006,0.6296
HEARTS THREE SPADES SEVEN,0.6238,0.015,0.3612
SPADES KING DIAMONDS SEVEN,0.357,0.006,0.637
SPADES QUEEN DIAMONDS SEVEN,0.2234,0.305,0.4716
HEARTS THREE SPADES SIX,0.6946,0.0546,0.2508
DIAMONDS KING SPADES SIX,0.2298,0.042,0.7282
DIAMONDS KING SPADES NINE,0.3574,0.0066,0.636
HEARTS THREE SPADES NINE,0.6308,0.013,0.3562
HEARTS SIX HEARTS ACE,0.2316,0.032,0.7364
DIAMONDS KING SPADES EIGHT,0.3702,0.0066,0.6232
HEARTS THREE SPADES EIGHT,0.643,0.0124,0.3446
