opposingHand,winningChance,drawChance,lostChance
CLUBS EIGHT DIAMONDS TWO
HEARTS SEVEN DIAMONDS ACE,0.3428,0.0046,0.6526
SPADES ACE SPADES JACK,0.3044,0.0034,0.6922
DIAMONDS ACE DIAMONDS SEVEN,0.333,0.0068,0.6602
CLUBS FOUR DIAMONDS ACE,0.3522,0.0066,0.6412
HEARTS KING SPADES TWO,0.2406,0.0272,0.7322
CLUBS TEN SPADES SEVEN,0.3242,0.0278,0.648
HEARTS SIX DIAMONDS NINE,0.3368,0.043,0.6202
SPADES TEN HEARTS JACK,0.3162,0.0148,0.669
DIAMONDS EIGHT HEARTS EIGHT,0.0694,0.0848,0.8458
HEARTS ACE SPADES TWO,0.2482,0.0154,0.7364
SPADES SEVEN DIAMONDS QUEEN,0.349,0.0112,0.6398
SPADES SEVEN HEARTS KING,0.3564,0.008,0.6356
SPADES KING CLUBS QUEEN,0.3382,0.0076,0.6542
HEARTS ACE CLUBS KING,0.3282,0.0056,0.6662
DIAMONDS FOUR SPADES TEN,0.3546,0.0292,0.6162
HEARTS TWO SPADES TWO,0.273,0.0742,0.6528
CLUBS JACK DIAMONDS ACE,0.3186,0.0058,0.6756
HEARTS SIX DIAMONDS QUEEN,0.3512,0.0104,0.6384
SPADES NINE DIAMONDS QUEEN,0.3074,0.0098,0.6828
SPADES EIGHT HEARTS NINE,0.223,0.1024,0.6746
DIAMONDS JACK CLUBS ACE,0.312,0.0042,0.6838
CLUBS FOUR DIAMONDS KING,0.3602,0.0098,0.63
SPADES ACE DIAMONDS ACE,0.1154,0.0042,0.8804
CLUBS JACK SPADES JACK,0.135,0.0392,0.8258
CLUBS TEN HEARTS FOUR,0.3528,0.0274,0.6198
DIAMONDS KING SPADES FIVE,0.3496,0.0098,0.6406
SPADES TEN SPADES TWO,0.2268,0.0748,0.6984
SPADES TEN DIAMONDS KING,0.312,0.0076,0.6804
SPADES EIGHT SPADES FIVE,0.192,0.4254,0.3826
DIAMONDS THREE SPADES SEVEN,0.5406,0.0664,0.393
SPADES QUEEN DIAMONDS TEN,0.3042,0.0114,0.6844
HEARTS QUEEN DIAMONDS SEVEN,0.3452,0.0098,0.645
CLUBS SIX DIAMONDS ACE,0.355,0.0048,0.6402
DIAMONDS QUEEN DIAMONDS NINE,0.2992,0.0112,0.6896
CLUBS FOUR CLUBS KING,0.344,0.0088,0.6472
CLUBS JACK SPADES SIX,0.3516,0.0192,0.6292
CLUBS THREE DIAMONDS KING,0.3596,0.011,0.6294
CLUBS TEN CLUBS THREE,0.356,0.0272,0.6168
HEARTS ACE DIAMONDS SEVEN,0.338,0.004,0.658
SPADES FOUR HEARTS KING,0.3718,0.0082,0.62
HEARTS FIVE SPADES TEN,0.3628,0.0252,0.612
SPADES TWO DIAMONDS FIVE,0.5926,0.1442,0.2632
CLUBS SEVEN CLUBS FOUR,0.4892,0.0708,0.44
CLUBS JACK DIAMONDS QUEEN,0.3126,0.0102,0.6772
CLUBS TEN HEARTS JACK,0.304,0.017,0.679
CLUBS FIVE HEARTS ACE,0.3506,0.005,0.6444
HEARTS FOUR SPADES NINE,0.3644,0.043,0.5926
HEARTS QUEEN CLUBS KING,0.315,0.007,0.678
CLUBS NINE DIAMONDS FIVE,0.3428,0.044,0.6132
HEARTS FIVE HEARTS TEN,0.3318,0.0278,0.6404
DIAMONDS QUEEN DIAMONDS TEN,0.2992,0.0122,0.6886
HEARTS TWO DIAMONDS TEN,0.2334,0.0674,0.6992
SPADES QUEEN HEARTS ACE,0.32,0.0032,0.6768
SPADES KING DIAMONDS JACK,0.3316,0.0072,0.6612
CLUBS SIX SPADES SEVEN,0.5024,0.0666,0.431
HEARTS FOUR SPADES THREE,0.5202,0.0766,0.4032
DIAMONDS ACE DIAMONDS FIVE,0.32,0.0042,0.6758
SPADES NINE HEARTS QUEEN,0.3228,0.0122,0.665
CLUBS FOUR DIAMONDS SEVEN,0.5328,0.0648,0.4024
CLUBS JACK CLUBS QUEEN,0.295,0.0136,0.6914
CLUBS JACK HEARTS JACK,0.1246,0.0382,0.8372
CLUBS FOUR HEARTS EIGHT,0.226,0.5092,0.2648
CLUBS SIX SPADES NINE,0.3368,0.0428,0.6204
SPADES JACK DIAMONDS JACK,0.1298,0.0358,0.8344
SPADES FIVE HEARTS EIGHT,0.2138,0.4492,0.337
CLUBS TEN CLUBS NINE,0.2736,0.0226,0.7038
CLUBS SIX CLUBS QUEEN,0.3398,0.0142,0.646
CLUBS TEN CLUBS QUEEN,0.3184,0.0102,0.6714
HEARTS SIX HEARTS TEN,0.3224,0.03,0.6476
CLUBS FOUR HEARTS QUEEN,0.363,0.0154,0.6216
SPADES SIX DIAMONDS TEN,0.3438,0.0278,0.6284
DIAMONDS THREE SPADES FOUR,0.5134,0.0734,0.4132
SPADES TWO DIAMONDS SEVEN,0.6288,0.1344,0.2368
CLUBS NINE SPADES NINE,0.133,0.061,0.806
HEARTS SEVEN CLUBS ACE,0.344,0.0044,0.6516
HEARTS KING HEARTS TEN,0.3012,0.0072,0.6916
DIAMONDS SEVEN HEARTS EIGHT,0.201,0.3038,0.4952
HEARTS SIX DIAMONDS KING,0.3462,0.01,0.6438
CLUBS TEN SPADES NINE,0.2896,0.0226,0.6878
HEARTS THREE SPADES SEVEN,0.5356,0.0694,0.395
SPADES ACE DIAMONDS THREE,0.3512,0.0072,0.6416
CLUBS JACK HEARTS FIVE,0.346,0.0194,0.6346
SPADES JACK HEARTS JACK,0.139,0.0416,0.8194
HEARTS TWO HEARTS NINE,0.2218,0.0956,0.6826
DIAMONDS THREE CLUBS SEVEN,0.5326,0.0682,0.3992
DIAMONDS KING SPADES FOUR,0.343,0.01,0.647
HEARTS KING DIAMONDS TEN,0.314,0.0076,0.6784
SPADES TWO HEARTS TEN,0.2326,0.0712,0.6962
HEARTS FIVE HEARTS KING,0.3332,0.0112,0.6556
CLUBS FOUR DIAMONDS NINE,0.3444,0.0482,0.6074
CLUBS NINE DIAMONDS KING,0.315,0.01,0.675
SPADES TEN DIAMONDS NINE,0.2978,0.024,0.6782
HEARTS SEVEN SPADES NINE,0.3172,0.041,0.6418
DIAMONDS KING SPADES THREE,0.3632,0.0088,0.628
SPADES KING CLUBS KING,0.1202,0.0144,0.8654
HEARTS THREE DIAMONDS FIVE,0.5196,0.0688,0.4116
DIAMONDS QUEEN HEARTS EIGHT,0.2232,0.0484,0.7284
HEARTS FIVE SPADES SIX,0.5188,0.0612,0.42
CLUBS TEN CLUBS TWO,0.229,0.0726,0.6984
SPADES SIX HEARTS NINE,0.3328,0.041,0.6262
SPADES TEN HEARTS QUEEN,0.3106,0.0104,0.679
DIAMONDS FOUR SPADES TWO,0.5966,0.1416,0.2618
HEARTS FOUR SPADES FIVE,0.5102,0.0666,0.4232
CLUBS FIVE DIAMONDS TEN,0.3506,0.0304,0.619
SPADES JACK DIAMONDS TEN,0.2898,0.0154,0.6948
CLUBS TEN CLUBS FIVE,0.3296,0.027,0.6434
HEARTS SIX HEARTS TWO,0.5786,0.1342,0.2872
HEARTS FOUR SPADES TEN,0.3528,0.0292,0.618
HEARTS SIX CLUBS KING,0.344,0.0074,0.6486
CLUBS JACK HEARTS THREE,0.3482,0.0216,0.6302
HEARTS FIVE DIAMONDS TEN,0.3522,0.0264,0.6214
SPADES KING HEARTS FOUR,0.3456,0.0098,0.6446
SPADES JACK HEARTS KING,0.3168,0.0068,0.6764
HEARTS ACE SPADES THREE,0.3526,0.006,0.6414
HEARTS SEVEN SPADES THREE,0.5406,0.057,0.4024
CLUBS SIX CLUBS ACE,0.3308,0.0054,0.6638
SPADES SEVEN HEARTS ACE,0.3556,0.005,0.6394
CLUBS THREE HEARTS NINE,0.364,0.0436,0.5924
DIAMONDS KING HEARTS EIGHT,0.2346,0.0362,0.7292
CLUBS TEN HEARTS QUEEN,0.3112,0.0124,0.6764
DIAMONDS NINE DIAMONDS FIVE,0.3318,0.0412,0.627
SPADES KING SPADES EIGHT,0.2162,0.0394,0.7444
DIAMONDS KING DIAMONDS EIGHT,0.22,0.0354,0.7446
CLUBS SIX DIAMONDS NINE,0.3414,0.0454,0.6132
HEARTS FOUR CLUBS FOUR,0.2688,0.0918,0.6394
SPADES KING SPADES FIVE,0.3248,0.0084,0.6668
SPADES TEN SPADES SIX,0.3262,0.0228,0.651
DIAMONDS JACK CLUBS KING,0.2998,0.007,0.6932
CLUBS TEN SPADES SIX,0.351,0.028,0.621
DIAMONDS NINE DIAMONDS SEVEN,0.306,0.0434,0.6506
CLUBS TEN SPADES TWO,0.2262,0.0744,0.6994
CLUBS TEN CLUBS SEVEN,0.3146,0.0278,0.6576
SPADES ACE HEARTS KING,0.3194,0.0054,0.6752
CLUBS TEN DIAMONDS JACK,0.3096,0.0126,0.6778
DIAMONDS KING DIAMONDS JACK,0.3044,0.0078,0.6878
SPADES QUEEN CLUBS FOUR,0.3644,0.0152,0.6204
SPADES EIGHT SPADES SIX,0.2096,0.3324,0.458
DIAMONDS KING HEARTS NINE,0.3152,0.0086,0.6762
DIAMONDS QUEEN SPADES FOUR,0.353,0.0128,0.6342
SPADES JACK SPADES NINE,0.288,0.0164,0.6956
SPADES FIVE HEARTS TEN,0.3574,0.0272,0.6154
SPADES SEVEN SPADES TWO,0.579,0.1366,0.2844
DIAMONDS EIGHT CLUBS QUEEN,0.2174,0.0522,0.7304
HEARTS FOUR CLUBS FIVE,0.5212,0.0638,0.415
CLUBS THREE DIAMONDS SIX,0.5272,0.0666,0.4062
HEARTS NINE DIAMONDS SIX,0.325,0.0432,0.6318
HEARTS THREE SPADES SIX,0.5384,0.061,0.4006
HEARTS FIVE HEARTS JACK,0.3372,0.0202,0.6426
SPADES NINE SPADES EIGHT,0.2082,0.0988,0.693
SPADES SEVEN CLUBS KING,0.3476,0.0084,0.644
HEARTS SEVEN DIAMONDS EIGHT,0.2082,0.2952,0.4966
HEARTS FOUR CLUBS THREE,0.541,0.0678,0.3912
SPADES ACE HEARTS THREE,0.346,0.0052,0.6488
HEARTS THREE CLUBS FOUR,0.5182,0.0722,0.4096
CLUBS FIVE SPADES SIX,0.5038,0.066,0.4302
HEARTS SEVEN SPADES TWO,0.617,0.1428,0.2402
DIAMONDS THREE HEARTS ACE,0.3514,0.0048,0.6438
SPADES JACK CLUBS KING,0.3034,0.0052,0.6914
SPADES EIGHT CLUBS TWO,0.0204,0.9692,0.0104
DIAMONDS QUEEN HEARTS NINE,0.3128,0.0118,0.6754
SPADES ACE HEARTS ACE,0.124,0.0032,0.8728
CLUBS TWO HEARTS NINE,0.2406,0.0998,0.6596
SPADES JACK SPADES FIVE,0.3266,0.0208,0.6526
SPADES JACK HEARTS QUEEN,0.3152,0.0114,0.6734
CLUBS SEVEN SPADES TEN,0.3368,0.028,0.6352
HEARTS TWO DIAMONDS FIVE,0.5988,0.1462,0.255
HEARTS FOUR DIAMONDS QUEEN,0.3638,0.0118,0.6244
CLUBS TEN DIAMONDS FIVE,0.3382,0.032,0.6298
SPADES EIGHT HEARTS QUEEN,0.225,0.0448,0.7302
HEARTS SIX HEARTS KING,0.3248,0.008,0.6672
HEARTS NINE DIAMONDS FIVE,0.336,0.0422,0.6218
CLUBS SIX DIAMONDS KING,0.3566,0.0064,0.637
SPADES NINE SPADES SEVEN,0.2996,0.0414,0.659
HEARTS FOUR DIAMONDS SEVEN,0.5156,0.0738,0.4106
DIAMONDS THREE CLUBS QUEEN,0.349,0.0144,0.6366
HEARTS TWO DIAMONDS SEVEN,0.621,0.1494,0.2296
DIAMONDS QUEEN SPADES TWO,0.2314,0.0356,0.733
HEARTS SEVEN CLUBS QUEEN,0.3522,0.0104,0.6374
DIAMONDS THREE DIAMONDS KING,0.3456,0.007,0.6474
SPADES KING DIAMONDS ACE,0.3216,0.0052,0.6732
CLUBS FIVE HEARTS TWO,0.5942,0.1482,0.2576
CLUBS TWO HEARTS ACE,0.2524,0.016,0.7316
CLUBS SEVEN DIAMONDS FIVE,0.5064,0.0672,0.4264
CLUBS THREE DIAMONDS SEVEN,0.5382,0.0702,0.3916
HEARTS FIVE DIAMONDS SIX,0.505,0.067,0.428
CLUBS FOUR CLUBS THREE,0.4954,0.0674,0.4372
CLUBS NINE HEARTS FIVE,0.334,0.0456,0.6204
DIAMONDS ACE SPADES THREE,0.3478,0.0058,0.6464
HEARTS SIX CLUBS SIX,0.2558,0.0912,0.653
HEARTS THREE HEARTS NINE,0.3294,0.0406,0.63
SPADES FOUR HEARTS NINE,0.3624,0.042,0.5956
SPADES THREE CLUBS QUEEN,0.3594,0.0128,0.6278
DIAMONDS QUEEN SPADES FIVE,0.3472,0.0116,0.6412
CLUBS JACK HEARTS ACE,0.3196,0.0042,0.6762
HEARTS FOUR DIAMONDS EIGHT,0.2078,0.5082,0.284
SPADES EIGHT DIAMONDS NINE,0.22,0.0992,0.6808
SPADES ACE CLUBS ACE,0.1134,0.0034,0.8832
HEARTS SIX CLUBS THREE,0.5358,0.0728,0.3914
DIAMONDS THREE HEARTS KING,0.3674,0.009,0.6236
DIAMONDS KING CLUBS ACE,0.3152,0.0048,0.68
DIAMONDS FOUR SPADES JACK,0.3502,0.0218,0.628
SPADES KING DIAMONDS SEVEN,0.3554,0.0076,0.637
HEARTS FIVE DIAMONDS SEVEN,0.5032,0.0644,0.4324
HEARTS TWO DIAMONDS SIX,0.6218,0.1394,0.2388
CLUBS FIVE DIAMONDS NINE,0.3424,0.0444,0.6132
CLUBS NINE DIAMONDS SIX,0.33,0.0444,0.6256
DIAMONDS FOUR SPADES NINE,0.3488,0.0464,0.6048
HEARTS THREE DIAMONDS ACE,0.354,0.0064,0.6396
SPADES QUEEN HEARTS FOUR,0.3692,0.0118,0.619
SPADES ACE DIAMONDS NINE,0.3186,0.0058,0.6756
SPADES SEVEN DIAMONDS NINE,0.3046,0.0398,0.6556
SPADES FOUR SPADES THREE,0.4826,0.0608,0.4566
HEARTS SEVEN SPADES KING,0.3558,0.008,0.6362
SPADES FIVE HEARTS ACE,0.3434,0.0038,0.6528
HEARTS SIX DIAMONDS SEVEN,0.4898,0.0646,0.4456
HEARTS THREE SPADES EIGHT,0.2202,0.5234,0.2564
CLUBS JACK HEARTS FOUR,0.3544,0.0192,0.6264
HEARTS SIX CLUBS SEVEN,0.502,0.064,0.434
DIAMONDS FOUR DIAMONDS SIX,0.4778,0.0636,0.4586
SPADES TWO CLUBS KING,0.24,0.0328,0.7272
DIAMONDS FOUR DIAMONDS ACE,0.3304,0.006,0.6636
CLUBS TWO HEARTS QUEEN,0.2416,0.0408,0.7176
SPADES EIGHT CLUBS FOUR,0.2168,0.514,0.2692
HEARTS SIX DIAMONDS EIGHT,0.2172,0.3592,0.4236
HEARTS SEVEN SPADES JACK,0.3522,0.0172,0.6306
CLUBS THREE SPADES FIVE,0.517,0.068,0.415
SPADES FOUR DIAMONDS FIVE,0.4974,0.0668,0.4358
HEARTS FIVE HEARTS QUEEN,0.3346,0.0134,0.652
HEARTS TWO HEARTS JACK,0.2254,0.0524,0.7222
DIAMONDS THREE DIAMONDS TEN,0.335,0.0278,0.6372
SPADES JACK DIAMONDS QUEEN,0.3186,0.0098,0.6716
DIAMONDS ACE DIAMONDS NINE,0.309,0.0048,0.6862
HEARTS SEVEN SPADES TEN,0.337,0.0216,0.6414
SPADES FIVE CLUBS QUEEN,0.3428,0.0118,0.6454
SPADES TEN SPADES EIGHT,0.2102,0.076,0.7138
CLUBS SIX HEARTS JACK,0.3602,0.0216,0.6182
CLUBS TEN CLUBS KING,0.3086,0.007,0.6844
DIAMONDS FOUR HEARTS EIGHT,0.2152,0.5132,0.2716
SPADES JACK SPADES EIGHT,0.2116,0.0598,0.7286
SPADES TEN HEARTS TWO,0.2348,0.0706,0.6946
CLUBS NINE HEARTS ACE,0.3184,0.0062,0.6754
SPADES EIGHT DIAMONDS QUEEN,0.2206,0.0448,0.7346
SPADES KING CLUBS SEVEN,0.3442,0.0096,0.6462
SPADES TEN DIAMONDS EIGHT,0.224,0.0812,0.6948
SPADES FIVE DIAMONDS NINE,0.3392,0.0442,0.6166
HEARTS SEVEN HEARTS KING,0.3306,0.0078,0.6616
HEARTS SEVEN DIAMONDS THREE,0.5416,0.0652,0.3932
DIAMONDS FOUR CLUBS TEN,0.3492,0.0298,0.621
CLUBS TWO SPADES THREE,0.6036,0.1428,0.2536
DIAMONDS TEN DIAMONDS EIGHT,0.218,0.0784,0.7036
DIAMONDS QUEEN HEARTS TEN,0.3152,0.0116,0.6732
CLUBS TEN HEARTS TWO,0.2336,0.0744,0.692
SPADES KING HEARTS TWO,0.2334,0.026,0.7406
CLUBS SIX HEARTS KING,0.3582,0.008,0.6338
HEARTS FIVE CLUBS FOUR,0.5088,0.0698,0.4214
SPADES TEN CLUBS SIX,0.3516,0.031,0.6174
HEARTS QUEEN SPADES TWO,0.2478,0.0404,0.7118
DIAMONDS FOUR DIAMONDS EIGHT,0.2094,0.486,0.3046
SPADES TEN CLUBS QUEEN,0.3098,0.0088,0.6814
DIAMONDS THREE CLUBS SIX,0.52,0.067,0.413
SPADES NINE CLUBS ACE,0.308,0.003,0.689
DIAMONDS THREE DIAMONDS EIGHT,0.2116,0.5014,0.287
CLUBS JACK SPADES FIVE,0.3442,0.0184,0.6374
DIAMONDS JACK HEARTS EIGHT,0.211,0.0674,0.7216
CLUBS THREE CLUBS QUEEN,0.3342,0.0158,0.65
DIAMONDS KING DIAMONDS NINE,0.3042,0.0076,0.6882
HEARTS EIGHT DIAMONDS FIVE,0.1984,0.4528,0.3488
SPADES JACK HEARTS TWO,0.236,0.0588,0.7052
SPADES SIX DIAMONDS SIX,0.245,0.092,0.663
HEARTS SEVEN HEARTS THREE,0.499,0.0646,0.4364
HEARTS TWO DIAMONDS KING,0.242,0.029,0.729
SPADES JACK DIAMONDS NINE,0.2942,0.016,0.6898
SPADES NINE SPADES FOUR,0.3408,0.0434,0.6158
CLUBS FIVE DIAMONDS KING,0.352,0.009,0.639
HEARTS SEVEN CLUBS TEN,0.3248,0.0224,0.6528
CLUBS ACE HEARTS NINE,0.3168,0.0062,0.677
CLUBS TEN SPADES JACK,0.294,0.016,0.69
DIAMONDS FOUR HEARTS JACK,0.3448,0.0202,0.635
HEARTS FIVE DIAMONDS KING,0.353,0.0092,0.6378
CLUBS NINE DIAMONDS SEVEN,0.3084,0.0404,0.6512
CLUBS THREE HEARTS TEN,0.3636,0.0314,0.605
SPADES QUEEN CLUBS ACE,0.3262,0.0036,0.6702
DIAMONDS ACE SPADES FOUR,0.3438,0.0062,0.65
HEARTS FOUR SPADES SIX,0.519,0.0696,0.4114
CLUBS TWO HEARTS KING,0.2364,0.032,0.7316
DIAMONDS KING HEARTS TEN,0.3242,0.0066,0.6692
CLUBS FIVE CLUBS THREE,0.4876,0.0644,0.448
CLUBS ACE DIAMONDS SIX,0.3386,0.006,0.6554
CLUBS TWO DIAMONDS TEN,0.2262,0.0852,0.6886
SPADES TEN SPADES SEVEN,0.3082,0.027,0.6648
DIAMONDS KING HEARTS QUEEN,0.3234,0.007,0.6696
HEARTS KING HEARTS EIGHT,0.2198,0.0372,0.743
DIAMONDS FOUR CLUBS SEVEN,0.5198,0.0636,0.4166
CLUBS NINE DIAMONDS QUEEN,0.3018,0.013,0.6852
HEARTS SIX DIAMONDS THREE,0.5152,0.0676,0.4172
HEARTS SEVEN SPADES FIVE,0.4984,0.0654,0.4362
CLUBS SIX SPADES FIVE,0.5082,0.0644,0.4274
CLUBS FIVE CLUBS TWO,0.5688,0.1548,0.2764
DIAMONDS EIGHT DIAMONDS FIVE,0.2058,0.4112,0.383
HEARTS TWO HEARTS KING,0.2258,0.0306,0.7436
HEARTS SEVEN HEARTS JACK,0.3226,0.0174,0.66
SPADES TWO CLUBS QUEEN,0.236,0.0426,0.7214
DIAMONDS KING CLUBS KING,0.1192,0.0134,0.8674
HEARTS FOUR DIAMONDS TEN,0.3552,0.03,0.6148
SPADES KING CLUBS TEN,0.3098,0.0062,0.684
SPADES SIX DIAMONDS NINE,0.3268,0.0384,0.6348
SPADES THREE HEARTS NINE,0.361,0.0422,0.5968
CLUBS NINE CLUBS SEVEN,0.3008,0.04,0.6592
DIAMONDS FOUR HEARTS KING,0.3572,0.0116,0.6312
SPADES TWO DIAMONDS EIGHT,0.0098,0.9708,0.0194
SPADES FOUR DIAMONDS SIX,0.5186,0.0686,0.4128
CLUBS FIVE HEARTS KING,0.3514,0.0088,0.6398
HEARTS SIX HEARTS EIGHT,0.1934,0.3574,0.4492
DIAMONDS QUEEN DIAMONDS SEVEN,0.3298,0.0124,0.6578
HEARTS FOUR DIAMONDS ACE,0.3544,0.0062,0.6394
CLUBS FOUR HEARTS TEN,0.3588,0.0314,0.6098
HEARTS SEVEN SPADES SEVEN,0.2414,0.0872,0.6714
HEARTS FIVE HEARTS FOUR,0.4678,0.0724,0.4598
SPADES JACK SPADES SIX,0.3396,0.0192,0.6412
HEARTS SEVEN DIAMONDS SEVEN,0.2322,0.0842,0.6836
CLUBS NINE DIAMONDS TEN,0.2844,0.0298,0.6858
CLUBS SEVEN HEARTS EIGHT,0.222,0.3024,0.4756
SPADES SIX HEARTS JACK,0.36,0.0182,0.6218
CLUBS NINE CLUBS KING,0.3036,0.0096,0.6868
CLUBS TWO HEARTS TEN,0.2458,0.0748,0.6794
DIAMONDS FOUR SPADES THREE,0.5242,0.0664,0.4094
HEARTS QUEEN DIAMONDS FIVE,0.3594,0.0132,0.6274
SPADES QUEEN HEARTS FIVE,0.3638,0.0126,0.6236
DIAMONDS FOUR SPADES FIVE,0.4966,0.0652,0.4382
SPADES QUEEN SPADES SIX,0.339,0.0122,0.6488
SPADES QUEEN DIAMONDS QUEEN,0.1296,0.0268,0.8436
HEARTS TEN DIAMONDS SIX,0.3392,0.0308,0.63
CLUBS SEVEN HEARTS ACE,0.3404,0.0054,0.6542
SPADES TEN HEARTS THREE,0.371,0.0212,0.6078
DIAMONDS THREE HEARTS EIGHT,0.2134,0.5244,0.2622
HEARTS SIX SPADES EIGHT,0.218,0.3676,0.4144
CLUBS NINE HEARTS EIGHT,0.2116,0.1126,0.6758
HEARTS ACE SPADES FOUR,0.3434,0.005,0.6516
HEARTS KING HEARTS NINE,0.299,0.0068,0.6942
DIAMONDS QUEEN DIAMONDS JACK,0.3082,0.0128,0.679
HEARTS KING CLUBS QUEEN,0.3142,0.0064,0.6794
DIAMONDS ACE DIAMONDS KING,0.305,0.0058,0.6892
SPADES QUEEN SPADES JACK,0.3086,0.0102,0.6812
HEARTS THREE SPADES NINE,0.3592,0.0412,0.5996
CLUBS TWO CLUBS KING,0.2264,0.0338,0.7398
CLUBS THREE SPADES THREE,0.2722,0.1116,0.6162
CLUBS QUEEN DIAMONDS FIVE,0.3548,0.0148,0.6304
SPADES ACE DIAMONDS FIVE,0.3432,0.0056,0.6512
SPADES SIX HEARTS QUEEN,0.3618,0.0124,0.6258
DIAMONDS FOUR DIAMONDS NINE,0.3404,0.0392,0.6204
DIAMONDS TEN HEARTS QUEEN,0.3088,0.009,0.6822
SPADES QUEEN DIAMONDS FIVE,0.349,0.0112,0.6398
SPADES SEVEN SPADES THREE,0.4998,0.0614,0.4388
HEARTS ACE HEARTS NINE,0.3126,0.0052,0.6822
DIAMONDS THREE SPADES QUEEN,0.3594,0.0122,0.6284
SPADES FIVE CLUBS ACE,0.3492,0.0042,0.6466
DIAMONDS FOUR CLUBS SIX,0.5214,0.069,0.4096
HEARTS FIVE HEARTS EIGHT,0.198,0.4164,0.3856
SPADES EIGHT DIAMONDS FIVE,0.2172,0.445,0.3378
SPADES NINE DIAMONDS FIVE,0.333,0.0438,0.6232
SPADES EIGHT DIAMONDS KING,0.2152,0.0374,0.7474
CLUBS SEVEN SPADES EIGHT,0.2052,0.3148,0.48
CLUBS JACK SPADES SEVEN,0.338,0.0178,0.6442
HEARTS FOUR HEARTS KING,0.3318,0.0086,0.6596
SPADES JACK DIAMONDS KING,0.322,0.0076,0.6704
SPADES NINE CLUBS KING,0.3156,0.0056,0.6788
CLUBS SEVEN CLUBS FIVE,0.4868,0.0658,0.4474
CLUBS THREE DIAMONDS QUEEN,0.3606,0.0162,0.6232
SPADES JACK CLUBS SEVEN,0.344,0.0186,0.6374
CLUBS THREE SPADES TWO,0.596,0.1464,0.2576
HEARTS KING CLUBS KING,0.1138,0.0152,0.871
DIAMONDS KING HEARTS KING,0.1232,0.014,0.8628
DIAMONDS THREE DIAMONDS SIX,0.4954,0.0634,0.4412
DIAMONDS KING DIAMONDS FIVE,0.327,0.0084,0.6646
CLUBS NINE SPADES TWO,0.2316,0.102,0.6664
DIAMONDS ACE HEARTS KING,0.3248,0.0034,0.6718
SPADES SIX HEARTS TEN,0.3432,0.0256,0.6312
DIAMONDS TEN SPADES THREE,0.3634,0.0278,0.6088
HEARTS SIX CLUBS NINE,0.3312,0.0426,0.6262
SPADES NINE CLUBS TWO,0.2304,0.1028,0.6668
HEARTS SIX SPADES TWO,0.6114,0.1428,0.2458
SPADES EIGHT HEARTS JACK,0.2254,0.0656,0.709
CLUBS JACK SPADES TWO,0.2368,0.053,0.7102
DIAMONDS JACK DIAMONDS FIVE,0.3262,0.0212,0.6526
DIAMONDS QUEEN SPADES THREE,0.3538,0.0128,0.6334
CLUBS FIVE DIAMONDS SIX,0.503,0.0704,0.4266
CLUBS TEN DIAMONDS NINE,0.2814,0.0312,0.6874
SPADES TEN SPADES FOUR,0.3244,0.024,0.6516
HEARTS SEVEN SPADES FOUR,0.5154,0.0734,0.4112
SPADES KING CLUBS TWO,0.2412,0.0342,0.7246
SPADES QUEEN CLUBS THREE,0.3594,0.0148,0.6258
DIAMONDS THREE DIAMONDS FIVE,0.4826,0.0732,0.4442
CLUBS NINE DIAMONDS NINE,0.117,0.0636,0.8194
CLUBS SEVEN CLUBS THREE,0.531,0.0646,0.4044
SPADES NINE DIAMONDS KING,0.3138,0.008,0.6782
DIAMONDS FOUR SPADES EIGHT,0.2076,0.5092,0.2832
DIAMONDS TEN CLUBS KING,0.3152,0.0066,0.6782
CLUBS THREE DIAMONDS FIVE,0.514,0.0736,0.4124
HEARTS THREE DIAMONDS JACK,0.3694,0.0218,0.6088
DIAMONDS ACE HEARTS TEN,0.321,0.0034,0.6756
SPADES ACE DIAMONDS EIGHT,0.2218,0.0314,0.7468
SPADES ACE CLUBS NINE,0.3192,0.0042,0.6766
CLUBS NINE CLUBS FIVE,0.326,0.0412,0.6328
SPADES NINE SPADES TWO,0.2288,0.1094,0.6618
CLUBS NINE SPADES TEN,0.2942,0.0204,0.6854
SPADES EIGHT CLUBS QUEEN,0.221,0.0514,0.7276
SPADES SIX HEARTS KING,0.3524,0.0078,0.6398
DIAMONDS JACK SPADES THREE,0.3572,0.0206,0.6222
CLUBS SEVEN DIAMONDS ACE,0.3486,0.006,0.6454
SPADES ACE HEARTS EIGHT,0.2298,0.0266,0.7436
SPADES EIGHT SPADES SEVEN,0.205,0.274,0.521
DIAMONDS KING CLUBS QUEEN,0.3138,0.0094,0.6768
SPADES SIX DIAMONDS QUEEN,0.3504,0.014,0.6356
SPADES FIVE HEARTS KING,0.3638,0.0066,0.6296
HEARTS THREE DIAMONDS KING,0.3564,0.0088,0.6348
DIAMONDS THREE DIAMONDS NINE,0.343,0.0408,0.6162
HEARTS THREE DIAMONDS EIGHT,0.217,0.519,0.264
SPADES QUEEN HEARTS EIGHT,0.2362,0.0518,0.712
HEARTS FOUR CLUBS SIX,0.511,0.066,0.423
HEARTS FOUR DIAMONDS KING,0.356,0.012,0.632
CLUBS NINE HEARTS TEN,0.2954,0.0268,0.6778
HEARTS FOUR HEARTS TWO,0.5522,0.1304,0.3174
DIAMONDS FOUR CLUBS FIVE,0.5018,0.0752,0.423
DIAMONDS SIX DIAMONDS FIVE,0.4752,0.0628,0.462
HEARTS ACE DIAMONDS SIX,0.3422,0.003,0.6548
DIAMONDS ACE CLUBS KING,0.321,0.0038,0.6752
SPADES EIGHT DIAMONDS JACK,0.2176,0.0588,0.7236
SPADES ACE HEARTS SEVEN,0.3382,0.0022,0.6596
CLUBS TEN CLUBS FOUR,0.3456,0.028,0.6264
HEARTS FOUR DIAMONDS NINE,0.3504,0.0462,0.6034
SPADES QUEEN DIAMONDS SEVEN,0.3614,0.0118,0.6268
CLUBS JACK HEARTS SIX,0.3586,0.0174,0.624
CLUBS SIX CLUBS FOUR,0.498,0.062,0.44
HEARTS ACE HEARTS QUEEN,0.3096,0.005,0.6854
CLUBS TEN DIAMONDS EIGHT,0.2044,0.0826,0.713
SPADES EIGHT SPADES THREE,0.2138,0.4778,0.3084
HEARTS FIVE CLUBS KING,0.355,0.0096,0.6354
HEARTS THREE CLUBS QUEEN,0.3666,0.0124,0.621
HEARTS ACE HEARTS TEN,0.3,0.0036,0.6964
CLUBS TEN SPADES QUEEN,0.3044,0.0104,0.6852
CLUBS TEN CLUBS SIX,0.3216,0.0286,0.6498
SPADES QUEEN CLUBS KING,0.3174,0.0078,0.6748
SPADES TEN DIAMONDS SEVEN,0.3246,0.0272,0.6482
HEARTS KING SPADES THREE,0.3634,0.01,0.6266
CLUBS SIX CLUBS KING,0.321,0.0074,0.6716
CLUBS QUEEN HEARTS EIGHT,0.2184,0.0512,0.7304
HEARTS FOUR HEARTS TEN,0.3388,0.0284,0.6328
SPADES NINE HEARTS KING,0.325,0.0058,0.6692
CLUBS SIX SPADES EIGHT,0.2256,0.3582,0.4162
HEARTS JACK HEARTS NINE,0.2882,0.0148,0.697
CLUBS KING HEARTS EIGHT,0.2208,0.0416,0.7376
HEARTS TWO HEARTS TEN,0.2342,0.072,0.6938
HEARTS SEVEN CLUBS FIVE,0.5078,0.073,0.4192
HEARTS QUEEN HEARTS EIGHT,0.2166,0.0428,0.7406
HEARTS SIX DIAMONDS JACK,0.367,0.0196,0.6134
HEARTS SIX CLUBS FIVE,0.4982,0.0716,0.4302
HEARTS SEVEN HEARTS ACE,0.3146,0.0036,0.6818
DIAMONDS JACK DIAMONDS TEN,0.295,0.014,0.691
CLUBS SEVEN CLUBS QUEEN,0.325,0.0098,0.6652
SPADES NINE CLUBS FOUR,0.3694,0.0424,0.5882
HEARTS FOUR SPADES FOUR,0.2566,0.099,0.6444
SPADES TEN CLUBS FOUR,0.362,0.0304,0.6076
SPADES KING HEARTS SIX,0.3564,0.007,0.6366
SPADES NINE CLUBS QUEEN,0.3126,0.0114,0.676
HEARTS THREE SPADES FIVE,0.5154,0.0678,0.4168
SPADES TWO HEARTS JACK,0.2518,0.0554,0.6928
CLUBS SEVEN HEARTS THREE,0.539,0.068,0.393
SPADES JACK SPADES FOUR,0.3184,0.0208,0.6608
SPADES TWO HEARTS EIGHT,0.0224,0.9546,0.023
SPADES JACK HEARTS FOUR,0.3526,0.024,0.6234
HEARTS SIX HEARTS JACK,0.3408,0.0176,0.6416
HEARTS SIX DIAMONDS SIX,0.2474,0.0924,0.6602
SPADES FIVE HEARTS QUEEN,0.3478,0.012,0.6402
SPADES QUEEN SPADES TWO,0.2272,0.0398,0.733
DIAMONDS FOUR HEARTS NINE,0.3504,0.046,0.6036
CLUBS FOUR DIAMONDS EIGHT,0.2142,0.506,0.2798
SPADES FIVE CLUBS KING,0.3484,0.008,0.6436
SPADES ACE DIAMONDS JACK,0.31,0.0042,0.6858
DIAMONDS FOUR HEARTS SIX,0.521,0.0644,0.4146
CLUBS SEVEN SPADES SIX,0.5078,0.064,0.4282
DIAMONDS JACK HEARTS KING,0.3112,0.0078,0.681
SPADES ACE CLUBS TEN,0.3194,0.0048,0.6758
SPADES SIX DIAMONDS JACK,0.363,0.0216,0.6154
HEARTS SEVEN DIAMONDS FOUR,0.5308,0.068,0.4012
CLUBS FIVE CLUBS QUEEN,0.3468,0.0142,0.639
HEARTS SEVEN HEARTS NINE,0.2896,0.0436,0.6668
CLUBS FIVE CLUBS FOUR,0.4756,0.0662,0.4582
SPADES KING CLUBS ACE,0.3256,0.0046,0.6698
HEARTS FIVE CLUBS SEVEN,0.511,0.0678,0.4212
DIAMONDS ACE CLUBS TWO,0.2416,0.019,0.7394
SPADES TEN CLUBS KING,0.3188,0.0092,0.672
HEARTS FIVE SPADES EIGHT,0.2134,0.4454,0.3412
DIAMONDS ACE HEARTS ACE,0.1278,0.0042,0.868
SPADES SEVEN HEARTS QUEEN,0.3514,0.0098,0.6388
SPADES ACE HEARTS JACK,0.3282,0.0032,0.6686
DIAMONDS TEN HEARTS TEN,0.1266,0.0512,0.8222
HEARTS FOUR SPADES SEVEN,0.5308,0.071,0.3982
CLUBS JACK SPADES NINE,0.2876,0.0164,0.696
SPADES QUEEN DIAMONDS EIGHT,0.2272,0.0492,0.7236
SPADES SIX CLUBS TWO,0.6126,0.1392,0.2482
HEARTS SEVEN DIAMONDS JACK,0.3426,0.0154,0.642
CLUBS FOUR CLUBS ACE,0.328,0.0076,0.6644
SPADES JACK CLUBS THREE,0.3576,0.015,0.6274
SPADES ACE DIAMONDS QUEEN,0.3156,0.0046,0.6798
CLUBS NINE SPADES FIVE,0.3356,0.04,0.6244
DIAMONDS THREE DIAMONDS SEVEN,0.52,0.068,0.412
DIAMONDS NINE SPADES TWO,0.224,0.107,0.669
SPADES SIX CLUBS ACE,0.353,0.004,0.643
HEARTS TWO CLUBS TWO,0.2686,0.0738,0.6576
HEARTS SEVEN SPADES EIGHT,0.2244,0.2774,0.4982
SPADES EIGHT HEARTS EIGHT,0.0742,0.083,0.8428
CLUBS NINE SPADES JACK,0.31,0.02,0.67
DIAMONDS ACE DIAMONDS JACK,0.3088,0.0042,0.687
SPADES TEN HEARTS TEN,0.1384,0.0486,0.813
HEARTS TEN CLUBS QUEEN,0.3092,0.0104,0.6804
HEARTS FOUR DIAMONDS JACK,0.3604,0.0174,0.6222
CLUBS JACK SPADES TEN,0.301,0.0172,0.6818
SPADES TEN CLUBS TWO,0.2318,0.0852,0.683
CLUBS SEVEN HEARTS FOUR,0.5122,0.0734,0.4144
DIAMONDS JACK SPADES FOUR,0.3518,0.0204,0.6278
DIAMONDS QUEEN DIAMONDS FIVE,0.3484,0.0124,0.6392
CLUBS TEN DIAMONDS SEVEN,0.3238,0.0246,0.6516
SPADES TWO HEARTS NINE,0.2376,0.1014,0.661
DIAMONDS QUEEN CLUBS KING,0.3126,0.0076,0.6798
SPADES KING SPADES TWO,0.222,0.0246,0.7534
SPADES SEVEN DIAMONDS KING,0.3398,0.0096,0.6506
CLUBS NINE DIAMONDS ACE,0.3058,0.005,0.6892
HEARTS TWO CLUBS KING,0.2438,0.03,0.7262
CLUBS JACK CLUBS TEN,0.2886,0.0176,0.6938
CLUBS SIX SPADES FOUR,0.519,0.0718,0.4092
CLUBS JACK CLUBS NINE,0.2912,0.0158,0.693
HEARTS FIVE SPADES NINE,0.353,0.0456,0.6014
HEARTS JACK HEARTS TEN,0.2944,0.013,0.6926
CLUBS SEVEN HEARTS NINE,0.3258,0.0412,0.633
HEARTS JACK DIAMONDS EIGHT,0.2162,0.0644,0.7194
SPADES SIX CLUBS QUEEN,0.3534,0.0144,0.6322
CLUBS SIX HEARTS NINE,0.3346,0.0392,0.6262
SPADES JACK CLUBS QUEEN,0.3136,0.011,0.6754
CLUBS SIX HEARTS QUEEN,0.3676,0.0132,0.6192
DIAMONDS KING DIAMONDS QUEEN,0.2996,0.0042,0.6962
CLUBS SIX HEARTS TEN,0.3628,0.0266,0.6106
DIAMONDS EIGHT HEARTS TEN,0.221,0.0826,0.6964
SPADES QUEEN CLUBS QUEEN,0.136,0.0278,0.8362
CLUBS FIVE HEARTS EIGHT,0.2184,0.4418,0.3398
SPADES FIVE HEARTS JACK,0.3554,0.0198,0.6248
CLUBS SEVEN DIAMONDS SIX,0.498,0.0652,0.4368
SPADES TEN HEARTS EIGHT,0.224,0.0762,0.6998
SPADES ACE SPADES FIVE,0.3164,0.0048,0.6788
SPADES ACE SPADES THREE,0.3392,0.0036,0.6572
HEARTS KING DIAMONDS FIVE,0.3514,0.008,0.6406
DIAMONDS FOUR DIAMONDS FIVE,0.47,0.0702,0.4598
HEARTS SEVEN DIAMONDS TEN,0.3354,0.0262,0.6384
SPADES SIX SPADES THREE,0.4842,0.0664,0.4494
HEARTS ACE DIAMONDS EIGHT,0.2214,0.0298,0.7488
HEARTS THREE HEARTS QUEEN,0.3472,0.0098,0.643
HEARTS QUEEN HEARTS TEN,0.298,0.0106,0.6914
DIAMONDS FOUR DIAMONDS QUEEN,0.3356,0.0142,0.6502
HEARTS TWO CLUBS FOUR,0.5892,0.146,0.2648
SPADES KING SPADES THREE,0.3436,0.0098,0.6466
SPADES SEVEN DIAMONDS JACK,0.3442,0.0162,0.6396
SPADES THREE DIAMONDS FIVE,0.5096,0.0708,0.4196
SPADES JACK HEARTS ACE,0.31,0.004,0.686
DIAMONDS JACK DIAMONDS EIGHT,0.2128,0.0622,0.725
SPADES SIX DIAMONDS EIGHT,0.2042,0.3654,0.4304
SPADES ACE HEARTS NINE,0.3108,0.0038,0.6854
CLUBS FIVE DIAMONDS JACK,0.3486,0.016,0.6354
SPADES TEN CLUBS ACE,0.3168,0.004,0.6792
SPADES NINE HEARTS TWO,0.2382,0.1056,0.6562
HEARTS KING HEARTS JACK,0.3008,0.0064,0.6928
DIAMONDS THREE CLUBS FOUR,0.526,0.0706,0.4034
DIAMONDS THREE SPADES NINE,0.359,0.0438,0.5972
CLUBS TWO SPADES FOUR,0.5954,0.1478,0.2568
CLUBS FIVE SPADES EIGHT,0.22,0.4364,0.3436
DIAMONDS KING HEARTS JACK,0.3324,0.0068,0.6608
CLUBS TEN CLUBS ACE,0.3014,0.0056,0.693
HEARTS SIX SPADES NINE,0.333,0.038,0.629
DIAMONDS FOUR SPADES FOUR,0.25,0.1046,0.6454
DIAMONDS KING DIAMONDS SIX,0.324,0.0096,0.6664
CLUBS SEVEN CLUBS ACE,0.3298,0.0064,0.6638
DIAMONDS JACK DIAMONDS SEVEN,0.3224,0.0176,0.66
SPADES QUEEN SPADES TEN,0.2858,0.0104,0.7038
CLUBS NINE CLUBS TWO,0.229,0.1024,0.6686
CLUBS NINE CLUBS ACE,0.298,0.0052,0.6968
DIAMONDS SEVEN CLUBS KING,0.3362,0.008,0.6558
HEARTS JACK DIAMONDS SEVEN,0.3404,0.0202,0.6394
CLUBS JACK SPADES FOUR,0.3526,0.021,0.6264
DIAMONDS THREE HEARTS TEN,0.358,0.0294,0.6126
CLUBS SEVEN CLUBS SIX,0.4714,0.0676,0.461
DIAMONDS THREE CLUBS TWO,0.5992,0.1454,0.2554
SPADES TEN DIAMONDS ACE,0.323,0.002,0.675
CLUBS FIVE SPADES TWO,0.5986,0.1436,0.2578
CLUBS JACK CLUBS SEVEN,0.3242,0.0218,0.654
DIAMONDS JACK CLUBS QUEEN,0.3096,0.0106,0.6798
DIAMONDS FOUR HEARTS TWO,0.5858,0.1508,0.2634
SPADES ACE CLUBS QUEEN,0.3256,0.0046,0.6698
SPADES JACK CLUBS TWO,0.2496,0.0532,0.6972
SPADES TEN DIAMONDS JACK,0.301,0.0122,0.6868
SPADES JACK HEARTS THREE,0.3598,0.0186,0.6216
SPADES ACE HEARTS FIVE,0.346,0.0032,0.6508
CLUBS FOUR HEARTS KING,0.3616,0.0108,0.6276
SPADES QUEEN DIAMONDS NINE,0.3132,0.012,0.6748
DIAMONDS FOUR CLUBS KING,0.3552,0.0082,0.6366
HEARTS FIVE CLUBS FIVE,0.2546,0.0934,0.652
HEARTS FIVE SPADES SEVEN,0.5094,0.0668,0.4238
DIAMONDS THREE HEARTS QUEEN,0.3574,0.0146,0.628
HEARTS THREE DIAMONDS NINE,0.365,0.0416,0.5934
SPADES EIGHT CLUBS KING,0.2218,0.044,0.7342
SPADES NINE CLUBS THREE,0.3646,0.042,0.5934
SPADES SEVEN CLUBS TWO,0.6366,0.1412,0.2222
DIAMONDS QUEEN HEARTS KING,0.3244,0.0072,0.6684
CLUBS SIX DIAMONDS EIGHT,0.2048,0.3914,0.4038
CLUBS TWO CLUBS ACE,0.227,0.0162,0.7568
CLUBS FOUR DIAMONDS JACK,0.348,0.0234,0.6286
CLUBS SEVEN SPADES THREE,0.5362,0.0618,0.402
CLUBS TEN DIAMONDS SIX,0.3344,0.0292,0.6364
DIAMONDS FOUR CLUBS TWO,0.595,0.149,0.256
SPADES NINE SPADES THREE,0.3342,0.0444,0.6214
SPADES TEN DIAMONDS SIX,0.3432,0.0274,0.6294
DIAMONDS QUEEN HEARTS ACE,0.3272,0.0042,0.6686
DIAMONDS NINE HEARTS TEN,0.2884,0.0226,0.689
HEARTS SIX DIAMONDS ACE,0.3448,0.0038,0.6514
CLUBS TEN HEARTS THREE,0.357,0.0238,0.6192
CLUBS JACK CLUBS TWO,0.2288,0.051,0.7202
DIAMONDS THREE HEARTS FOUR,0.5278,0.0744,0.3978
HEARTS QUEEN DIAMONDS NINE,0.306,0.0108,0.6832
HEARTS SEVEN SPADES SIX,0.4878,0.0646,0.4476
CLUBS NINE CLUBS THREE,0.3364,0.0468,0.6168
SPADES KING SPADES SIX,0.327,0.0094,0.6636
HEARTS SIX SPADES SEVEN,0.4952,0.0638,0.441
CLUBS SIX HEARTS TWO,0.6182,0.1432,0.2386
HEARTS THREE HEARTS KING,0.3352,0.0096,0.6552
HEARTS FIVE HEARTS THREE,0.4978,0.0646,0.4376
HEARTS SIX CLUBS QUEEN,0.3382,0.013,0.6488
CLUBS TEN HEARTS TEN,0.1396,0.0558,0.8046
HEARTS SEVEN HEARTS TWO,0.5876,0.138,0.2744
SPADES ACE DIAMONDS FOUR,0.3378,0.0058,0.6564
HEARTS THREE CLUBS ACE,0.3454,0.005,0.6496
DIAMONDS FOUR DIAMONDS KING,0.3302,0.0072,0.6626
CLUBS TWO DIAMONDS EIGHT,0.0074,0.9856,0.007
SPADES QUEEN SPADES FOUR,0.3344,0.0126,0.653
SPADES NINE HEARTS TEN,0.3022,0.0212,0.6766
CLUBS FIVE HEARTS QUEEN,0.3582,0.0132,0.6286
SPADES SEVEN CLUBS THREE,0.5312,0.0732,0.3956
SPADES FOUR HEARTS QUEEN,0.3624,0.0158,0.6218
HEARTS TWO SPADES FIVE,0.5908,0.1478,0.2614
SPADES FOUR HEARTS JACK,0.355,0.0174,0.6276
HEARTS THREE SPADES FOUR,0.515,0.0666,0.4184
DIAMONDS FOUR CLUBS FOUR,0.2554,0.1072,0.6374
HEARTS THREE DIAMONDS QUEEN,0.3538,0.0152,0.631
HEARTS ACE HEARTS KING,0.3104,0.0056,0.684
DIAMONDS TEN HEARTS NINE,0.2976,0.0232,0.6792
DIAMONDS FOUR SPADES QUEEN,0.357,0.013,0.63
SPADES SIX SPADES TWO,0.5756,0.1282,0.2962
CLUBS THREE CLUBS TWO,0.5736,0.1436,0.2828
SPADES KING HEARTS FIVE,0.3434,0.0082,0.6484
SPADES FIVE DIAMONDS FIVE,0.235,0.1058,0.6592
CLUBS TEN DIAMONDS THREE,0.349,0.0314,0.6196
SPADES EIGHT HEARTS KING,0.2364,0.0348,0.7288
HEARTS SEVEN HEARTS QUEEN,0.3304,0.0124,0.6572
SPADES SIX DIAMONDS FIVE,0.5078,0.0654,0.4268
HEARTS THREE DIAMONDS TEN,0.357,0.0302,0.6128
CLUBS NINE HEARTS QUEEN,0.2984,0.0102,0.6914
HEARTS SEVEN DIAMONDS NINE,0.3208,0.0432,0.636
HEARTS FOUR SPADES TWO,0.5828,0.1364,0.2808
SPADES KING DIAMONDS QUEEN,0.3124,0.0066,0.681
CLUBS TEN DIAMONDS QUEEN,0.3008,0.012,0.6872
SPADES JACK DIAMONDS ACE,0.3164,0.0042,0.6794
DIAMONDS ACE CLUBS ACE,0.1116,0.0028,0.8856
HEARTS FIVE SPADES TWO,0.606,0.1384,0.2556
CLUBS SIX DIAMONDS JACK,0.3552,0.0202,0.6246
DIAMONDS SIX HEARTS EIGHT,0.2154,0.3652,0.4194
DIAMONDS FOUR DIAMONDS TEN,0.3386,0.0278,0.6336
HEARTS SEVEN CLUBS FOUR,0.5192,0.0734,0.4074
DIAMONDS TEN DIAMONDS SEVEN,0.3144,0.0262,0.6594
CLUBS NINE CLUBS QUEEN,0.2934,0.0112,0.6954
CLUBS FOUR DIAMONDS QUEEN,0.3608,0.0136,0.6256
DIAMONDS TEN SPADES TWO,0.2372,0.0798,0.683
CLUBS JACK DIAMONDS JACK,0.1206,0.0394,0.84
HEARTS FIVE DIAMONDS ACE,0.3384,0.0056,0.656
SPADES KING HEARTS JACK,0.3246,0.0072,0.6682
SPADES QUEEN HEARTS JACK,0.3194,0.0116,0.669
HEARTS ACE DIAMONDS FIVE,0.338,0.0068,0.6552
DIAMONDS ACE HEARTS NINE,0.3148,0.0042,0.681
CLUBS TWO CLUBS QUEEN,0.2318,0.0416,0.7266
DIAMONDS QUEEN HEARTS QUEEN,0.1336,0.029,0.8374
DIAMONDS FOUR HEARTS ACE,0.3464,0.0052,0.6484
SPADES KING SPADES FOUR,0.3262,0.01,0.6638
SPADES SEVEN HEARTS TEN,0.3366,0.0244,0.639
HEARTS SIX SPADES TEN,0.353,0.0264,0.6206
SPADES NINE DIAMONDS EIGHT,0.2134,0.11,0.6766
SPADES ACE SPADES SEVEN,0.326,0.0064,0.6676
SPADES EIGHT SPADES TWO,0.0246,0.903,0.0724
CLUBS ACE CLUBS QUEEN,0.2974,0.006,0.6966
HEARTS FIVE HEARTS ACE,0.317,0.0052,0.6778
DIAMONDS NINE HEARTS EIGHT,0.2142,0.0982,0.6876
DIAMONDS THREE HEARTS TWO,0.6038,0.141,0.2552
SPADES QUEEN CLUBS FIVE,0.37,0.0118,0.6182
CLUBS ACE HEARTS TEN,0.321,0.005,0.674
CLUBS TEN HEARTS KING,0.3134,0.0072,0.6794
DIAMONDS KING CLUBS TWO,0.2258,0.0296,0.7446
SPADES FIVE HEARTS NINE,0.3438,0.047,0.6092
HEARTS SIX HEARTS ACE,0.329,0.004,0.667
CLUBS JACK HEARTS TWO,0.2346,0.0532,0.7122
HEARTS TWO HEARTS QUEEN,0.229,0.0386,0.7324
SPADES FIVE SPADES TWO,0.5606,0.1364,0.303
SPADES SEVEN DIAMONDS FIVE,0.5018,0.0608,0.4374
DIAMONDS KING DIAMONDS TEN,0.3038,0.0052,0.691
SPADES KING HEARTS EIGHT,0.222,0.0372,0.7408
SPADES QUEEN DIAMONDS ACE,0.3252,0.003,0.6718
CLUBS TEN SPADES TEN,0.1276,0.0536,0.8188
CLUBS SEVEN SPADES FOUR,0.526,0.0672,0.4068
SPADES SEVEN HEARTS NINE,0.3076,0.0428,0.6496
HEARTS FIVE CLUBS QUEEN,0.351,0.015,0.634
DIAMONDS ACE SPADES SIX,0.355,0.0062,0.6388
CLUBS JACK HEARTS TEN,0.3032,0.0164,0.6804
SPADES QUEEN HEARTS QUEEN,0.14,0.0248,0.8352
CLUBS JACK CLUBS SIX,0.3392,0.0204,0.6404
CLUBS FIVE HEARTS TEN,0.346,0.0288,0.6252
CLUBS THREE SPADES FOUR,0.5262,0.0648,0.409
CLUBS FIVE CLUBS ACE,0.3298,0.0058,0.6644
DIAMONDS TEN DIAMONDS SIX,0.3284,0.0268,0.6448
DIAMONDS SIX CLUBS QUEEN,0.3436,0.0144,0.642
SPADES TWO DIAMONDS SIX,0.6058,0.1406,0.2536
HEARTS THREE HEARTS TEN,0.3288,0.029,0.6422
CLUBS SEVEN HEARTS TWO,0.6374,0.1376,0.225
SPADES KING HEARTS KING,0.1332,0.0096,0.8572
CLUBS SIX CLUBS FIVE,0.4886,0.0664,0.445
DIAMONDS JACK SPADES TWO,0.2368,0.0568,0.7064
CLUBS TEN DIAMONDS ACE,0.3094,0.004,0.6866
CLUBS FIVE DIAMONDS FIVE,0.2632,0.097,0.6398
HEARTS SIX SPADES FIVE,0.501,0.0652,0.4338
SPADES TEN SPADES NINE,0.2876,0.026,0.6864
CLUBS THREE CLUBS KING,0.3472,0.0088,0.644
SPADES NINE DIAMONDS TEN,0.286,0.0264,0.6876
CLUBS FIVE SPADES FOUR,0.5056,0.0716,0.4228
DIAMONDS ACE DIAMONDS SIX,0.3468,0.0064,0.6468
DIAMONDS NINE DIAMONDS SIX,0.3204,0.0412,0.6384
HEARTS THREE SPADES TWO,0.598,0.142,0.26
DIAMONDS QUEEN HEARTS JACK,0.3132,0.0098,0.677
HEARTS SEVEN CLUBS SEVEN,0.249,0.0792,0.6718
CLUBS NINE HEARTS KING,0.307,0.0084,0.6846
DIAMONDS QUEEN CLUBS ACE,0.3088,0.004,0.6872
HEARTS SIX SPADES JACK,0.3536,0.0214,0.625
SPADES KING HEARTS QUEEN,0.337,0.0064,0.6566
SPADES TEN SPADES FIVE,0.3344,0.0228,0.6428
HEARTS FIVE DIAMONDS JACK,0.3586,0.016,0.6254
SPADES KING DIAMONDS SIX,0.3474,0.007,0.6456
CLUBS TEN HEARTS ACE,0.327,0.0034,0.6696
CLUBS FOUR DIAMONDS TEN,0.3502,0.0262,0.6236
SPADES KING SPADES QUEEN,0.3026,0.009,0.6884
SPADES SEVEN SPADES FIVE,0.4704,0.0634,0.4662
SPADES THREE DIAMONDS SIX,0.5268,0.0708,0.4024
SPADES SEVEN SPADES SIX,0.4666,0.0596,0.4738
CLUBS JACK DIAMONDS SIX,0.3454,0.0212,0.6334
CLUBS FOUR HEARTS JACK,0.372,0.0182,0.6098
CLUBS TWO DIAMONDS JACK,0.2374,0.057,0.7056
SPADES FOUR CLUBS QUEEN,0.3526,0.017,0.6304
CLUBS SEVEN DIAMONDS NINE,0.3204,0.041,0.6386
SPADES NINE SPADES SIX,0.3158,0.0422,0.642
HEARTS SEVEN CLUBS NINE,0.3136,0.0472,0.6392
DIAMONDS ACE DIAMONDS QUEEN,0.301,0.0044,0.6946
DIAMONDS FOUR SPADES SEVEN,0.5158,0.0594,0.4248
CLUBS TWO DIAMONDS SIX,0.6182,0.1398,0.242
HEARTS THREE CLUBS FIVE,0.5228,0.0708,0.4064
DIAMONDS TEN HEARTS EIGHT,0.2184,0.0798,0.7018
DIAMONDS THREE SPADES SIX,0.5222,0.0676,0.4102
CLUBS FOUR CLUBS TWO,0.5718,0.1428,0.2854
HEARTS THREE CLUBS TWO,0.5974,0.1502,0.2524
HEARTS FOUR CLUBS ACE,0.3416,0.006,0.6524
DIAMONDS THREE DIAMONDS ACE,0.3336,0.0046,0.6618
DIAMONDS KING DIAMONDS SEVEN,0.3418,0.0078,0.6504
SPADES QUEEN HEARTS NINE,0.3126,0.0132,0.6742
CLUBS JACK HEARTS KING,0.3196,0.0058,0.6746
CLUBS FIVE SPADES THREE,0.513,0.0694,0.4176
CLUBS SIX HEARTS EIGHT,0.2134,0.377,0.4096
DIAMONDS EIGHT HEARTS NINE,0.2128,0.1082,0.679
CLUBS SIX SPADES SIX,0.2454,0.0908,0.6638
DIAMONDS ACE HEARTS EIGHT,0.2122,0.0288,0.759
HEARTS THREE DIAMONDS SIX,0.5362,0.0674,0.3964
CLUBS JACK HEARTS QUEEN,0.3,0.0106,0.6894
HEARTS JACK CLUBS KING,0.3144,0.0066,0.679
CLUBS TEN HEARTS NINE,0.2942,0.0248,0.681
DIAMONDS JACK HEARTS QUEEN,0.3038,0.012,0.6842
HEARTS KING DIAMONDS SEVEN,0.3504,0.0062,0.6434
SPADES ACE CLUBS TWO,0.2436,0.0188,0.7376
CLUBS SIX DIAMONDS FIVE,0.4984,0.0702,0.4314
HEARTS QUEEN DIAMONDS EIGHT,0.2192,0.0424,0.7384
DIAMONDS FOUR SPADES KING,0.3586,0.0098,0.6316
HEARTS ACE DIAMONDS JACK,0.3166,0.0028,0.6806
HEARTS QUEEN HEARTS NINE,0.291,0.0108,0.6982
SPADES SIX HEARTS ACE,0.3512,0.0022,0.6466
SPADES ACE SPADES TWO,0.2338,0.0142,0.752
SPADES ACE HEARTS TWO,0.2462,0.0196,0.7342
SPADES KING SPADES SEVEN,0.329,0.0078,0.6632
DIAMONDS NINE CLUBS QUEEN,0.3102,0.0104,0.6794
SPADES QUEEN HEARTS THREE,0.3718,0.0142,0.614
SPADES TWO CLUBS ACE,0.2332,0.0164,0.7504
CLUBS TEN SPADES THREE,0.35,0.0322,0.6178
CLUBS TWO DIAMONDS QUEEN,0.2352,0.0382,0.7266
CLUBS SEVEN HEARTS KING,0.352,0.0102,0.6378
SPADES THREE DIAMONDS NINE,0.355,0.044,0.601
DIAMONDS QUEEN DIAMONDS SIX,0.3436,0.013,0.6434
CLUBS SEVEN SPADES FIVE,0.4966,0.0702,0.4332
SPADES JACK SPADES THREE,0.342,0.0196,0.6384
DIAMONDS THREE CLUBS THREE,0.2564,0.104,0.6396
SPADES NINE DIAMONDS SEVEN,0.3128,0.0364,0.6508
SPADES QUEEN SPADES THREE,0.3412,0.009,0.6498
CLUBS NINE CLUBS SIX,0.321,0.0366,0.6424
HEARTS FOUR HEARTS QUEEN,0.3206,0.0118,0.6676
SPADES QUEEN CLUBS NINE,0.317,0.0098,0.6732
SPADES SIX CLUBS KING,0.3428,0.008,0.6492
HEARTS THREE HEARTS JACK,0.3286,0.0186,0.6528
SPADES NINE DIAMONDS JACK,0.305,0.0168,0.6782
CLUBS KING DIAMONDS FIVE,0.3412,0.0084,0.6504
CLUBS JACK CLUBS THREE,0.3424,0.0222,0.6354
DIAMONDS TEN DIAMONDS FIVE,0.3396,0.0304,0.63
DIAMONDS FOUR CLUBS QUEEN,0.3462,0.0164,0.6374
HEARTS JACK DIAMONDS SIX,0.3582,0.0158,0.626
CLUBS FIVE HEARTS NINE,0.3374,0.0434,0.6192
SPADES TEN DIAMONDS TEN,0.1374,0.0526,0.81
CLUBS NINE SPADES SIX,0.3396,0.0442,0.6162
SPADES FOUR SPADES TWO,0.549,0.1434,0.3076
DIAMONDS FOUR CLUBS THREE,0.5214,0.0674,0.4112
SPADES ACE DIAMONDS TEN,0.311,0.0056,0.6834
DIAMONDS EIGHT CLUBS ACE,0.2096,0.0306,0.7598
HEARTS FOUR CLUBS TWO,0.5956,0.1426,0.2618
HEARTS KING CLUBS ACE,0.3144,0.0042,0.6814
SPADES JACK SPADES TEN,0.284,0.0146,0.7014
DIAMONDS KING HEARTS ACE,0.3158,0.0046,0.6796
HEARTS SIX CLUBS FOUR,0.5186,0.0738,0.4076
HEARTS KING DIAMONDS SIX,0.3546,0.008,0.6374
SPADES JACK DIAMONDS SIX,0.3454,0.0178,0.6368
HEARTS SEVEN HEARTS FOUR,0.5028,0.0588,0.4384
HEARTS SIX DIAMONDS TEN,0.3618,0.0254,0.6128
SPADES TEN HEARTS ACE,0.3212,0.0046,0.6742
DIAMONDS QUEEN DIAMONDS EIGHT,0.2188,0.0476,0.7336
SPADES ACE HEARTS FOUR,0.346,0.005,0.649
SPADES KING CLUBS THREE,0.3634,0.0082,0.6284
SPADES KING HEARTS TEN,0.3226,0.0052,0.6722
HEARTS SIX HEARTS FOUR,0.4748,0.068,0.4572
SPADES ACE SPADES NINE,0.3026,0.0054,0.692
CLUBS SIX SPADES TWO,0.6248,0.1392,0.236
DIAMONDS FOUR HEARTS QUEEN,0.341,0.0116,0.6474
SPADES NINE HEARTS ACE,0.3264,0.0036,0.67
DIAMONDS THREE CLUBS ACE,0.3254,0.008,0.6666
SPADES NINE DIAMONDS SIX,0.325,0.0434,0.6316
HEARTS SEVEN DIAMONDS FIVE,0.5166,0.0686,0.4148
HEARTS FOUR HEARTS ACE,0.3374,0.0038,0.6588
CLUBS THREE DIAMONDS EIGHT,0.2068,0.5422,0.251
CLUBS SIX CLUBS THREE,0.5054,0.072,0.4226
CLUBS TEN HEARTS FIVE,0.346,0.0304,0.6236
HEARTS ACE CLUBS QUEEN,0.314,0.0068,0.6792
DIAMONDS TEN CLUBS QUEEN,0.298,0.013,0.689
CLUBS THREE DIAMONDS NINE,0.3514,0.0468,0.6018
HEARTS SEVEN DIAMONDS QUEEN,0.3562,0.011,0.6328
SPADES ACE HEARTS SIX,0.3602,0.004,0.6358
CLUBS NINE HEARTS THREE,0.3498,0.048,0.6022
HEARTS QUEEN DIAMONDS SIX,0.352,0.0122,0.6358
SPADES NINE HEARTS EIGHT,0.2216,0.1016,0.6768
HEARTS TWO CLUBS THREE,0.6056,0.1438,0.2506
DIAMONDS TEN DIAMONDS NINE,0.2832,0.0272,0.6896
CLUBS TWO SPADES TWO,0.2574,0.0698,0.6728
DIAMONDS TEN HEARTS JACK,0.298,0.0152,0.6868
DIAMONDS SEVEN DIAMONDS SIX,0.472,0.0612,0.4668
SPADES KING DIAMONDS EIGHT,0.232,0.0404,0.7276
SPADES ACE SPADES TEN,0.3066,0.0054,0.688
HEARTS FOUR CLUBS KING,0.3558,0.0088,0.6354
DIAMONDS ACE HEARTS QUEEN,0.323,0.0048,0.6722
CLUBS JACK HEARTS SEVEN,0.331,0.0168,0.6522
HEARTS TWO HEARTS EIGHT,0.0208,0.9064,0.0728
SPADES SEVEN SPADES FOUR,0.4986,0.0724,0.429
SPADES KING SPADES TEN,0.2972,0.007,0.6958
SPADES QUEEN CLUBS TWO,0.2476,0.0366,0.7158
DIAMONDS FOUR HEARTS FIVE,0.5018,0.0686,0.4296
DIAMONDS NINE DIAMONDS EIGHT,0.2138,0.0932,0.693
SPADES ACE CLUBS THREE,0.363,0.0054,0.6316
CLUBS FIVE DIAMONDS QUEEN,0.3518,0.0128,0.6354
DIAMONDS ACE SPADES SEVEN,0.3454,0.0044,0.6502
CLUBS SIX DIAMONDS SEVEN,0.5016,0.0628,0.4356
CLUBS NINE SPADES THREE,0.3646,0.041,0.5944
SPADES JACK SPADES TWO,0.2296,0.0532,0.7172
DIAMONDS KING SPADES TWO,0.2418,0.0258,0.7324
CLUBS TWO DIAMONDS FIVE,0.5968,0.1434,0.2598
SPADES TEN HEARTS KING,0.313,0.0076,0.6794
HEARTS ACE DIAMONDS TEN,0.3266,0.0044,0.669
HEARTS SEVEN DIAMONDS SIX,0.4954,0.062,0.4426
CLUBS NINE DIAMONDS JACK,0.3064,0.0184,0.6752
DIAMONDS FOUR HEARTS FOUR,0.2578,0.0996,0.6426
CLUBS THREE CLUBS ACE,0.3272,0.007,0.6658
DIAMONDS EIGHT CLUBS KING,0.2214,0.0424,0.7362
SPADES QUEEN HEARTS TEN,0.324,0.0094,0.6666
