opposingHand,winningChance,drawChance,lostChance
CLUBS FOUR HEARTS FOUR
HEARTS FIVE SPADES TEN,0.554,0.065,0.381
HEARTS FIVE SPADES JACK,0.536,0.0472,0.4168
CLUBS JACK SPADES FIVE,0.55,0.0478,0.4022
CLUBS TEN SPADES FIVE,0.541,0.0586,0.4004
CLUBS JACK CLUBS EIGHT,0.502,0.037,0.461
CLUBS TEN CLUBS EIGHT,0.4794,0.0452,0.4754
CLUBS EIGHT CLUBS KING,0.5114,0.014,0.4746
SPADES FIVE CLUBS ACE,0.5296,0.0056,0.4648
CLUBS EIGHT CLUBS QUEEN,0.5002,0.0226,0.4772
SPADES FIVE CLUBS KING,0.5494,0.0188,0.4318
SPADES FIVE CLUBS QUEEN,0.541,0.0322,0.4268
CLUBS EIGHT CLUBS ACE,0.5058,0.0042,0.49
DIAMONDS TWO DIAMONDS THREE,0.6736,0.158,0.1684
DIAMONDS TWO DIAMONDS FIVE,0.5844,0.1578,0.2578
HEARTS FIVE SPADES KING,0.5476,0.021,0.4314
DIAMONDS TWO DIAMONDS FOUR,0.7402,0.1314,0.1284
HEARTS FIVE SPADES QUEEN,0.5362,0.0294,0.4344
DIAMONDS TWO DIAMONDS SEVEN,0.596,0.1198,0.2842
DIAMONDS TWO DIAMONDS SIX,0.5984,0.1302,0.2714
SPADES ACE HEARTS FIVE,0.5368,0.0058,0.4574
DIAMONDS TWO DIAMONDS NINE,0.6008,0.086,0.3132
DIAMONDS TWO DIAMONDS EIGHT,0.6074,0.1088,0.2838
DIAMONDS THREE DIAMONDS FOUR,0.7152,0.1428,0.142
CLUBS TWO SPADES FOUR,0.7794,0.1476,0.073
DIAMONDS THREE DIAMONDS FIVE,0.5866,0.1392,0.2742
SPADES FIVE CLUBS TWO,0.6326,0.1526,0.2148
CLUBS TWO SPADES TWO,0.5124,0.312,0.1756
CLUBS TWO SPADES THREE,0.7194,0.1728,0.1078
DIAMONDS THREE DIAMONDS EIGHT,0.6048,0.0976,0.2976
SPADES EIGHT CLUBS TWO,0.641,0.1054,0.2536
DIAMONDS THREE DIAMONDS NINE,0.5866,0.0866,0.3268
SPADES NINE CLUBS TWO,0.6396,0.0902,0.2702
DIAMONDS THREE DIAMONDS SIX,0.596,0.1354,0.2686
SPADES SIX CLUBS TWO,0.6388,0.145,0.2162
DIAMONDS THREE DIAMONDS SEVEN,0.598,0.1188,0.2832
SPADES SEVEN CLUBS TWO,0.6382,0.1214,0.2404
CLUBS SIX CLUBS TWO,0.6116,0.1274,0.261
CLUBS SEVEN CLUBS TWO,0.6084,0.1196,0.272
CLUBS FIVE CLUBS TWO,0.5874,0.1426,0.27
CLUBS TEN CLUBS JACK,0.475,0.0254,0.4996
DIAMONDS FOUR DIAMONDS SIX,0.5944,0.0952,0.3104
CLUBS TEN CLUBS QUEEN,0.4862,0.0172,0.4966
DIAMONDS FOUR DIAMONDS SEVEN,0.6062,0.0848,0.309
CLUBS TEN CLUBS KING,0.4922,0.008,0.4998
CLUBS TEN CLUBS ACE,0.4914,0.0054,0.5032
CLUBS EIGHT CLUBS TWO,0.6032,0.1018,0.295
DIAMONDS FIVE DIAMONDS FOUR,0.5734,0.1166,0.31
CLUBS NINE CLUBS TWO,0.6092,0.0808,0.31
DIAMONDS NINE DIAMONDS FOUR,0.6286,0.0608,0.3106
DIAMONDS EIGHT DIAMONDS FOUR,0.6254,0.0714,0.3032
CLUBS THREE CLUBS TWO,0.7058,0.1498,0.1444
DIAMONDS NINE DIAMONDS FIVE,0.4942,0.073,0.4328
CLUBS JACK DIAMONDS TWO,0.6188,0.0546,0.3266
DIAMONDS EIGHT DIAMONDS FIVE,0.4934,0.0986,0.408
CLUBS TEN DIAMONDS TWO,0.6308,0.0696,0.2996
DIAMONDS FIVE DIAMONDS SEVEN,0.4944,0.108,0.3976
DIAMONDS FIVE DIAMONDS SIX,0.461,0.1242,0.4148
DIAMONDS TWO CLUBS ACE,0.623,0.008,0.369
DIAMONDS TWO CLUBS KING,0.642,0.018,0.34
DIAMONDS TWO CLUBS QUEEN,0.6398,0.0418,0.3184
DIAMONDS EIGHT DIAMONDS SIX,0.493,0.0818,0.4252
DIAMONDS NINE DIAMONDS SIX,0.4814,0.0768,0.4418
HEARTS ACE SPADES THREE,0.6376,0.0056,0.3568
SPADES THREE HEARTS KING,0.6214,0.0238,0.3548
DIAMONDS SEVEN DIAMONDS SIX,0.4738,0.1,0.4262
HEARTS QUEEN SPADES THREE,0.6338,0.029,0.3372
SPADES THREE HEARTS JACK,0.6434,0.0528,0.3038
SPADES THREE HEARTS TEN,0.62,0.0624,0.3176
DIAMONDS EIGHT DIAMONDS SEVEN,0.4844,0.08,0.4356
DIAMONDS NINE DIAMONDS SEVEN,0.484,0.061,0.455
DIAMONDS NINE DIAMONDS EIGHT,0.4658,0.0572,0.477
DIAMONDS KING HEARTS TEN,0.5162,0.01,0.4738
HEARTS THREE HEARTS TEN,0.6024,0.0692,0.3284
SPADES JACK CLUBS SIX,0.5504,0.0458,0.4038
DIAMONDS KING HEARTS JACK,0.5244,0.0098,0.4658
HEARTS THREE HEARTS JACK,0.619,0.0454,0.3356
SPADES TEN CLUBS SIX,0.5324,0.0554,0.4122
SPADES JACK SPADES FIVE,0.5058,0.0454,0.4488
SPADES TEN SPADES FIVE,0.5166,0.0658,0.4176
DIAMONDS KING HEARTS ACE,0.5288,0.0048,0.4664
HEARTS THREE HEARTS ACE,0.6012,0.0062,0.3926
SPADES ACE CLUBS SIX,0.5442,0.0048,0.451
DIAMONDS KING HEARTS QUEEN,0.5302,0.0068,0.463
HEARTS THREE HEARTS QUEEN,0.6048,0.0324,0.3628
SPADES KING CLUBS SIX,0.535,0.0164,0.4486
DIAMONDS KING HEARTS KING,0.1788,0.0344,0.7868
HEARTS THREE HEARTS KING,0.6022,0.0166,0.3812
SPADES QUEEN CLUBS SIX,0.5394,0.0282,0.4324
SPADES NINE HEARTS TEN,0.4836,0.0444,0.472
SPADES NINE HEARTS JACK,0.4926,0.0332,0.4742
SPADES QUEEN SPADES FIVE,0.5164,0.031,0.4526
SPADES KING SPADES FIVE,0.5156,0.0194,0.465
SPADES ACE SPADES FIVE,0.5028,0.0048,0.4924
SPADES NINE HEARTS QUEEN,0.5138,0.023,0.4632
SPADES NINE HEARTS KING,0.5276,0.0136,0.4588
SPADES NINE HEARTS ACE,0.544,0.0034,0.4526
CLUBS TEN SPADES JACK,0.498,0.025,0.477
CLUBS TEN SPADES TEN,0.1766,0.124,0.6994
SPADES ACE CLUBS TEN,0.5086,0.004,0.4874
CLUBS TEN SPADES KING,0.5094,0.0076,0.483
CLUBS TEN SPADES QUEEN,0.5028,0.0182,0.479
SPADES FIVE HEARTS QUEEN,0.546,0.0316,0.4224
SPADES FIVE HEARTS KING,0.5498,0.015,0.4352
HEARTS ACE SPADES FIVE,0.533,0.0046,0.4624
CLUBS EIGHT SPADES TEN,0.503,0.0514,0.4456
HEARTS THREE SPADES JACK,0.6446,0.0482,0.3072
SPADES JACK DIAMONDS KING,0.523,0.0086,0.4684
SPADES TEN DIAMONDS KING,0.5242,0.0106,0.4652
HEARTS THREE SPADES TEN,0.6348,0.0704,0.2948
CLUBS EIGHT SPADES JACK,0.5226,0.037,0.4404
CLUBS SIX HEARTS ACE,0.53,0.006,0.464
SPADES ACE CLUBS EIGHT,0.5364,0.0042,0.4594
HEARTS FIVE CLUBS JACK,0.5368,0.0496,0.4136
CLUBS TEN HEARTS FIVE,0.5304,0.0676,0.402
CLUBS SIX HEARTS QUEEN,0.5368,0.0292,0.434
SPADES QUEEN CLUBS EIGHT,0.5182,0.0248,0.457
CLUBS TEN SPADES THREE,0.6318,0.07,0.2982
CLUBS SIX HEARTS KING,0.5372,0.0158,0.447
SPADES KING CLUBS EIGHT,0.5336,0.013,0.4534
CLUBS JACK SPADES THREE,0.6438,0.0504,0.3058
DIAMONDS TWO HEARTS JACK,0.6348,0.0528,0.3124
SPADES THREE CLUBS QUEEN,0.6434,0.034,0.3226
DIAMONDS TWO HEARTS TEN,0.6244,0.0678,0.3078
SPADES THREE CLUBS KING,0.6358,0.0156,0.3486
HEARTS FIVE CLUBS ACE,0.5292,0.0068,0.464
SPADES FIVE HEARTS TEN,0.5492,0.0632,0.3876
SPADES THREE CLUBS ACE,0.6378,0.0066,0.3556
HEARTS FIVE CLUBS KING,0.5284,0.0184,0.4532
SPADES FIVE HEARTS JACK,0.5438,0.0476,0.4086
HEARTS FIVE CLUBS QUEEN,0.5472,0.0346,0.4182
HEARTS THREE CLUBS KING,0.6302,0.0194,0.3504
DIAMONDS KING CLUBS KING,0.1878,0.0334,0.7788
HEARTS THREE CLUBS QUEEN,0.6388,0.0392,0.322
DIAMONDS KING CLUBS QUEEN,0.5104,0.0066,0.483
HEARTS FIVE HEARTS JACK,0.524,0.0424,0.4336
HEARTS FIVE HEARTS TEN,0.5132,0.0578,0.429
HEARTS THREE CLUBS ACE,0.6294,0.0064,0.3642
DIAMONDS KING CLUBS ACE,0.5272,0.007,0.4658
SPADES ACE CLUBS QUEEN,0.526,0.0056,0.4684
SPADES KING CLUBS QUEEN,0.5122,0.0102,0.4776
CLUBS JACK HEARTS THREE,0.6346,0.05,0.3154
CLUBS JACK DIAMONDS KING,0.5088,0.0094,0.4818
SPADES QUEEN CLUBS QUEEN,0.192,0.0608,0.7472
CLUBS TEN HEARTS THREE,0.644,0.0644,0.2916
CLUBS TEN DIAMONDS KING,0.5078,0.0112,0.481
SPADES JACK CLUBS QUEEN,0.5042,0.0134,0.4824
CLUBS SIX CLUBS QUEEN,0.5062,0.0302,0.4636
SPADES TEN CLUBS QUEEN,0.5056,0.0166,0.4778
CLUBS SIX CLUBS KING,0.514,0.017,0.469
CLUBS SIX CLUBS ACE,0.5196,0.006,0.4744
HEARTS FIVE HEARTS KING,0.5246,0.014,0.4614
HEARTS FIVE HEARTS QUEEN,0.5224,0.039,0.4386
CLUBS TEN CLUBS SIX,0.5034,0.0612,0.4354
HEARTS FIVE HEARTS ACE,0.4966,0.005,0.4984
CLUBS JACK CLUBS SIX,0.5138,0.0466,0.4396
SPADES SEVEN HEARTS JACK,0.5362,0.0368,0.427
SPADES SEVEN HEARTS TEN,0.5166,0.0538,0.4296
DIAMONDS TWO CLUBS TWO,0.5136,0.3122,0.1742
DIAMONDS TWO CLUBS THREE,0.7208,0.1696,0.1096
DIAMONDS TWO HEARTS SIX,0.6246,0.1384,0.237
DIAMONDS TWO HEARTS QUEEN,0.6404,0.0356,0.324
HEARTS SEVEN DIAMONDS TWO,0.6284,0.1246,0.247
DIAMONDS TWO HEARTS KING,0.6404,0.0156,0.344
DIAMONDS TWO HEARTS EIGHT,0.631,0.102,0.267
DIAMONDS TWO HEARTS ACE,0.6268,0.0062,0.367
DIAMONDS TWO HEARTS NINE,0.6292,0.0966,0.2742
DIAMONDS TWO DIAMONDS QUEEN,0.6006,0.0352,0.3642
DIAMONDS TWO HEARTS TWO,0.5232,0.3052,0.1716
DIAMONDS TWO DIAMONDS KING,0.594,0.0166,0.3894
HEARTS THREE DIAMONDS TWO,0.729,0.1626,0.1084
DIAMONDS TWO DIAMONDS ACE,0.5882,0.005,0.4068
HEARTS FIVE DIAMONDS TWO,0.6256,0.1488,0.2256
SPADES SEVEN HEARTS ACE,0.53,0.0074,0.4626
DIAMONDS TWO DIAMONDS TEN,0.6272,0.0598,0.313
SPADES SEVEN HEARTS KING,0.5338,0.0138,0.4524
DIAMONDS TWO DIAMONDS JACK,0.601,0.053,0.346
SPADES SEVEN HEARTS QUEEN,0.539,0.0294,0.4316
DIAMONDS TWO SPADES NINE,0.6238,0.085,0.2912
DIAMONDS TWO SPADES EIGHT,0.6398,0.0968,0.2634
DIAMONDS TWO SPADES SEVEN,0.6386,0.1196,0.2418
DIAMONDS TWO SPADES SIX,0.6376,0.1362,0.2262
DIAMONDS TWO SPADES FIVE,0.6166,0.155,0.2284
DIAMONDS TWO SPADES FOUR,0.7872,0.1354,0.0774
DIAMONDS TWO SPADES THREE,0.7092,0.1622,0.1286
DIAMONDS TWO SPADES TWO,0.5144,0.309,0.1766
DIAMONDS TWO CLUBS NINE,0.6404,0.0822,0.2774
CLUBS EIGHT DIAMONDS TWO,0.6256,0.1132,0.2612
DIAMONDS TWO CLUBS SEVEN,0.6302,0.1254,0.2444
DIAMONDS TWO CLUBS SIX,0.634,0.1474,0.2186
DIAMONDS TWO CLUBS FIVE,0.6252,0.1496,0.2252
SPADES ACE DIAMONDS SIX,0.5548,0.0028,0.4424
SPADES QUEEN DIAMONDS SIX,0.5482,0.0236,0.4282
SPADES KING DIAMONDS SIX,0.5432,0.0154,0.4414
SPADES TEN DIAMONDS SIX,0.5296,0.0606,0.4098
SPADES JACK DIAMONDS SIX,0.5436,0.0442,0.4122
SPADES QUEEN SPADES TWO,0.6024,0.0312,0.3664
SPADES KING SPADES TWO,0.598,0.017,0.385
SPADES ACE SPADES TWO,0.5994,0.0058,0.3948
CLUBS JACK DIAMONDS JACK,0.1898,0.09,0.7202
CLUBS TEN DIAMONDS JACK,0.486,0.0278,0.4862
DIAMONDS JACK CLUBS KING,0.5118,0.0098,0.4784
DIAMONDS JACK CLUBS QUEEN,0.5126,0.0122,0.4752
DIAMONDS THREE DIAMONDS JACK,0.6164,0.045,0.3386
DIAMONDS THREE DIAMONDS TEN,0.6022,0.0652,0.3326
DIAMONDS JACK CLUBS ACE,0.5052,0.0042,0.4906
DIAMONDS THREE DIAMONDS KING,0.61,0.0186,0.3714
HEARTS THREE DIAMONDS THREE,0.5224,0.305,0.1726
DIAMONDS THREE DIAMONDS QUEEN,0.5996,0.0354,0.365
DIAMONDS THREE HEARTS TWO,0.715,0.169,0.116
HEARTS FIVE DIAMONDS THREE,0.6184,0.1522,0.2294
DIAMONDS THREE DIAMONDS ACE,0.596,0.006,0.398
HEARTS SEVEN DIAMONDS THREE,0.6352,0.1174,0.2474
SPADES TEN SPADES NINE,0.4566,0.0442,0.4992
HEARTS SIX DIAMONDS THREE,0.6268,0.136,0.2372
SPADES JACK SPADES NINE,0.489,0.0282,0.4828
DIAMONDS THREE HEARTS NINE,0.6388,0.0778,0.2834
HEARTS JACK DIAMONDS FOUR,0.6642,0.0458,0.29
HEARTS ACE HEARTS KING,0.507,0.0052,0.4878
SPADES TEN SPADES TWO,0.6008,0.0644,0.3348
DIAMONDS THREE HEARTS EIGHT,0.6406,0.105,0.2544
HEARTS TEN DIAMONDS FOUR,0.674,0.0546,0.2714
SPADES JACK SPADES TWO,0.6022,0.0474,0.3504
HEARTS QUEEN DIAMONDS FOUR,0.6658,0.0358,0.2984
HEARTS KING DIAMONDS FOUR,0.657,0.0266,0.3164
SPADES ACE SPADES NINE,0.4964,0.0044,0.4992
HEARTS ACE DIAMONDS FOUR,0.6422,0.021,0.3368
SPADES KING SPADES NINE,0.4816,0.0124,0.506
SPADES QUEEN SPADES NINE,0.4892,0.02,0.4908
DIAMONDS THREE SPADES NINE,0.635,0.0906,0.2744
DIAMONDS THREE SPADES EIGHT,0.6458,0.1058,0.2484
DIAMONDS THREE SPADES SEVEN,0.6356,0.1268,0.2376
DIAMONDS THREE SPADES SIX,0.6256,0.131,0.2434
DIAMONDS THREE CLUBS SIX,0.6278,0.1408,0.2314
CLUBS SIX CLUBS FIVE,0.4984,0.1172,0.3844
CLUBS ACE DIAMONDS FOUR,0.6502,0.02,0.3298
DIAMONDS THREE CLUBS SEVEN,0.6266,0.1162,0.2572
CLUBS SEVEN CLUBS FIVE,0.4986,0.1072,0.3942
DIAMONDS FOUR CLUBS QUEEN,0.6738,0.0338,0.2924
DIAMONDS THREE CLUBS FIVE,0.6246,0.1538,0.2216
DIAMONDS FOUR CLUBS KING,0.6706,0.0266,0.3028
DIAMONDS THREE CLUBS TWO,0.7136,0.1736,0.1128
CLUBS TEN DIAMONDS FOUR,0.6544,0.0578,0.2878
DIAMONDS THREE CLUBS THREE,0.5242,0.3024,0.1734
CLUBS JACK DIAMONDS FOUR,0.672,0.0452,0.2828
DIAMONDS THREE SPADES FOUR,0.755,0.1374,0.1076
DIAMONDS THREE SPADES FIVE,0.6234,0.1428,0.2338
DIAMONDS THREE SPADES TWO,0.7168,0.1734,0.1098
DIAMONDS THREE SPADES THREE,0.5236,0.296,0.1804
CLUBS EIGHT DIAMONDS THREE,0.6404,0.101,0.2586
CLUBS NINE DIAMONDS THREE,0.6224,0.0918,0.2858
SPADES SEVEN CLUBS ACE,0.5246,0.007,0.4684
SPADES SEVEN CLUBS QUEEN,0.5414,0.0278,0.4308
SPADES SEVEN CLUBS KING,0.5314,0.016,0.4526
SPADES SEVEN CLUBS FIVE,0.5252,0.1138,0.361
CLUBS TEN SPADES SEVEN,0.518,0.0538,0.4282
CLUBS FIVE SPADES SIX,0.5102,0.1294,0.3604
CLUBS JACK SPADES SEVEN,0.5342,0.04,0.4258
SPADES NINE CLUBS FIVE,0.527,0.0796,0.3934
SPADES EIGHT CLUBS FIVE,0.5132,0.0978,0.389
CLUBS FIVE SPADES THREE,0.6304,0.1474,0.2222
CLUBS FIVE SPADES TWO,0.615,0.1588,0.2262
CLUBS FIVE SPADES FIVE,0.1646,0.2772,0.5582
CLUBS FIVE SPADES FOUR,0.602,0.1178,0.2802
CLUBS NINE CLUBS FIVE,0.5086,0.0776,0.4138
CLUBS EIGHT CLUBS FIVE,0.5154,0.0882,0.3964
CLUBS ACE CLUBS QUEEN,0.5046,0.0066,0.4888
CLUBS KING CLUBS QUEEN,0.4974,0.0072,0.4954
DIAMONDS TEN DIAMONDS FOUR,0.6208,0.0498,0.3294
CLUBS TEN DIAMONDS NINE,0.4826,0.0492,0.4682
DIAMONDS JACK DIAMONDS FOUR,0.625,0.0452,0.3298
CLUBS JACK DIAMONDS NINE,0.506,0.0328,0.4612
CLUBS JACK SPADES NINE,0.502,0.0314,0.4666
CLUBS TEN SPADES NINE,0.4954,0.0442,0.4604
DIAMONDS ACE DIAMONDS FOUR,0.6256,0.0202,0.3542
DIAMONDS JACK HEARTS TEN,0.4964,0.0248,0.4788
SPADES NINE CLUBS KING,0.522,0.0126,0.4654
DIAMONDS TWO SPADES TEN,0.6484,0.0636,0.288
DIAMONDS NINE CLUBS ACE,0.5142,0.0052,0.4806
HEARTS FIVE DIAMONDS FOUR,0.6018,0.1218,0.2764
DIAMONDS JACK HEARTS JACK,0.194,0.0958,0.7102
SPADES NINE CLUBS QUEEN,0.5178,0.0206,0.4616
DIAMONDS TWO SPADES JACK,0.6426,0.048,0.3094
DIAMONDS QUEEN DIAMONDS FOUR,0.6268,0.0294,0.3438
HEARTS TWO DIAMONDS FOUR,0.79,0.141,0.069
DIAMONDS NINE CLUBS QUEEN,0.512,0.0206,0.4674
DIAMONDS KING DIAMONDS FOUR,0.6288,0.0258,0.3454
HEARTS THREE DIAMONDS FOUR,0.7678,0.1412,0.091
SPADES NINE CLUBS ACE,0.513,0.0066,0.4804
DIAMONDS NINE CLUBS KING,0.523,0.0128,0.4642
HEARTS ACE DIAMONDS JACK,0.5288,0.0036,0.4676
SPADES ACE DIAMONDS TWO,0.6404,0.0038,0.3558
HEARTS QUEEN DIAMONDS JACK,0.5006,0.013,0.4864
SPADES QUEEN DIAMONDS TWO,0.6324,0.0352,0.3324
DIAMONDS JACK HEARTS KING,0.5132,0.0074,0.4794
SPADES KING DIAMONDS TWO,0.6306,0.0188,0.3506
SPADES JACK SPADES SEVEN,0.499,0.044,0.457
SPADES TEN SPADES SEVEN,0.4888,0.0548,0.4564
CLUBS SEVEN CLUBS THREE,0.6018,0.118,0.2802
CLUBS SIX CLUBS THREE,0.6036,0.1286,0.2678
CLUBS THREE CLUBS FIVE,0.6006,0.144,0.2554
CLUBS NINE CLUBS THREE,0.6152,0.0924,0.2924
CLUBS EIGHT CLUBS THREE,0.6066,0.1048,0.2886
CLUBS THREE SPADES FIVE,0.6296,0.1482,0.2222
CLUBS THREE SPADES FOUR,0.7588,0.1426,0.0986
CLUBS THREE SPADES THREE,0.5192,0.313,0.1678
CLUBS THREE SPADES TWO,0.7196,0.1706,0.1098
CLUBS THREE SPADES SIX,0.6342,0.135,0.2308
CLUBS THREE SPADES SEVEN,0.6348,0.122,0.2432
SPADES EIGHT CLUBS THREE,0.6424,0.113,0.2446
SPADES NINE CLUBS THREE,0.6228,0.0976,0.2796
SPADES TWO DIAMONDS FOUR,0.7724,0.1452,0.0824
SPADES THREE DIAMONDS FOUR,0.7584,0.1358,0.1058
SPADES FOUR DIAMONDS FOUR,0.0236,0.955,0.0214
SPADES FIVE DIAMONDS FOUR,0.6088,0.1144,0.2768
SPADES SIX DIAMONDS FOUR,0.622,0.096,0.282
SPADES SEVEN DIAMONDS FOUR,0.6504,0.0792,0.2704
SPADES EIGHT DIAMONDS FOUR,0.6542,0.0708,0.275
SPADES NINE DIAMONDS FOUR,0.6602,0.0638,0.276
CLUBS FIVE DIAMONDS FOUR,0.5908,0.1206,0.2886
CLUBS SEVEN DIAMONDS FOUR,0.6368,0.0926,0.2706
CLUBS SIX DIAMONDS FOUR,0.62,0.1038,0.2762
CLUBS NINE DIAMONDS FOUR,0.661,0.0602,0.2788
CLUBS EIGHT DIAMONDS FOUR,0.6478,0.0784,0.2738
HEARTS SEVEN DIAMONDS FOUR,0.63,0.088,0.282
HEARTS SIX DIAMONDS FOUR,0.6266,0.103,0.2704
DIAMONDS FOUR HEARTS NINE,0.6604,0.0638,0.2758
DIAMONDS FOUR HEARTS EIGHT,0.6508,0.0754,0.2738
CLUBS THREE DIAMONDS FOUR,0.7704,0.1366,0.093
CLUBS TWO DIAMONDS FOUR,0.7882,0.1342,0.0776
DIAMONDS TEN DIAMONDS FIVE,0.5206,0.0638,0.4156
DIAMONDS JACK DIAMONDS FIVE,0.5136,0.0502,0.4362
DIAMONDS NINE HEARTS QUEEN,0.5056,0.0192,0.4752
DIAMONDS NINE HEARTS KING,0.5338,0.0078,0.4584
HEARTS ACE DIAMONDS NINE,0.5306,0.0056,0.4638
DIAMONDS NINE HEARTS TEN,0.4918,0.0444,0.4638
DIAMONDS NINE HEARTS JACK,0.5086,0.032,0.4594
CLUBS KING DIAMONDS SIX,0.5298,0.014,0.4562
CLUBS QUEEN DIAMONDS SIX,0.5388,0.033,0.4282
CLUBS ACE DIAMONDS SIX,0.5378,0.0054,0.4568
SPADES KING DIAMONDS FOUR,0.6656,0.031,0.3034
SPADES ACE SPADES SEVEN,0.502,0.0058,0.4922
SPADES QUEEN DIAMONDS FOUR,0.658,0.0318,0.3102
SPADES QUEEN SPADES SEVEN,0.5208,0.0266,0.4526
CLUBS JACK DIAMONDS SIX,0.5458,0.0378,0.4164
SPADES KING SPADES SEVEN,0.506,0.0136,0.4804
SPADES ACE DIAMONDS FOUR,0.6464,0.0224,0.3312
CLUBS TEN DIAMONDS SIX,0.5348,0.0646,0.4006
SPADES JACK DIAMONDS FOUR,0.653,0.0418,0.3052
SPADES TEN DIAMONDS FOUR,0.667,0.05,0.283
CLUBS SEVEN SPADES EIGHT,0.5026,0.0806,0.4168
SPADES NINE CLUBS SEVEN,0.5038,0.068,0.4282
CLUBS SEVEN SPADES SIX,0.5084,0.1076,0.384
CLUBS SEVEN SPADES SEVEN,0.1892,0.2214,0.5894
CLUBS SEVEN SPADES FIVE,0.5336,0.1152,0.3512
CLUBS SEVEN SPADES FOUR,0.6326,0.09,0.2774
CLUBS SEVEN SPADES THREE,0.6488,0.1172,0.234
CLUBS SEVEN SPADES TWO,0.6316,0.1202,0.2482
CLUBS NINE CLUBS SEVEN,0.4752,0.0682,0.4566
CLUBS EIGHT CLUBS SEVEN,0.4738,0.0862,0.44
HEARTS SIX DIAMONDS FIVE,0.5092,0.1328,0.358
HEARTS SEVEN DIAMONDS FIVE,0.5078,0.1194,0.3728
DIAMONDS FIVE HEARTS EIGHT,0.5214,0.0984,0.3802
DIAMONDS FIVE HEARTS NINE,0.5216,0.0766,0.4018
DIAMONDS QUEEN DIAMONDS FIVE,0.508,0.033,0.459
HEARTS TWO DIAMONDS FIVE,0.6284,0.1532,0.2184
HEARTS KING HEARTS EIGHT,0.5154,0.0152,0.4694
DIAMONDS KING DIAMONDS FIVE,0.506,0.0172,0.4768
HEARTS THREE DIAMONDS FIVE,0.6198,0.1612,0.219
HEARTS QUEEN HEARTS EIGHT,0.4978,0.0228,0.4794
DIAMONDS ACE DIAMONDS FIVE,0.5034,0.0048,0.4918
HEARTS FIVE DIAMONDS FIVE,0.1704,0.2838,0.5458
HEARTS ACE HEARTS EIGHT,0.5108,0.0054,0.4838
CLUBS FIVE DIAMONDS FIVE,0.1892,0.2652,0.5456
CLUBS SIX DIAMONDS FIVE,0.5192,0.1354,0.3454
CLUBS SEVEN DIAMONDS FIVE,0.5106,0.114,0.3754
CLUBS TWO DIAMONDS FIVE,0.6322,0.1462,0.2216
CLUBS THREE DIAMONDS FIVE,0.6186,0.1526,0.2288
SPADES THREE DIAMONDS FIVE,0.6302,0.1438,0.226
SPADES TWO DIAMONDS FIVE,0.6302,0.1496,0.2202
SPADES JACK DIAMONDS EIGHT,0.512,0.0374,0.4506
SPADES FIVE DIAMONDS FIVE,0.182,0.279,0.539
CLUBS TEN HEARTS JACK,0.4988,0.026,0.4752
SPADES TEN DIAMONDS EIGHT,0.5174,0.045,0.4376
SPADES FOUR DIAMONDS FIVE,0.6146,0.1158,0.2696
CLUBS JACK HEARTS JACK,0.1848,0.0954,0.7198
HEARTS JACK CLUBS QUEEN,0.507,0.0166,0.4764
CLUBS NINE DIAMONDS FIVE,0.5326,0.0768,0.3906
CLUBS EIGHT DIAMONDS FIVE,0.531,0.0882,0.3808
HEARTS JACK CLUBS KING,0.5142,0.0072,0.4786
CLUBS ACE HEARTS JACK,0.5106,0.0064,0.483
SPADES SEVEN DIAMONDS FIVE,0.5258,0.1102,0.364
SPADES KING DIAMONDS EIGHT,0.54,0.0098,0.4502
SPADES QUEEN DIAMONDS EIGHT,0.528,0.0234,0.4486
SPADES SIX DIAMONDS FIVE,0.5042,0.1356,0.3602
SPADES NINE DIAMONDS FIVE,0.5292,0.0838,0.387
SPADES EIGHT DIAMONDS FIVE,0.5208,0.0968,0.3824
SPADES ACE DIAMONDS EIGHT,0.5242,0.004,0.4718
DIAMONDS TEN DIAMONDS SIX,0.5034,0.0542,0.4424
HEARTS ACE DIAMONDS SEVEN,0.5254,0.0056,0.469
DIAMONDS JACK DIAMONDS SIX,0.5216,0.0376,0.4408
HEARTS QUEEN DIAMONDS SEVEN,0.5416,0.0246,0.4338
HEARTS KING DIAMONDS SEVEN,0.5266,0.0128,0.4606
DIAMONDS ACE DIAMONDS SIX,0.5098,0.0044,0.4858
SPADES TWO HEARTS JACK,0.6434,0.0536,0.303
HEARTS FIVE DIAMONDS SIX,0.507,0.1246,0.3684
SPADES TWO HEARTS TEN,0.6388,0.0738,0.2874
DIAMONDS QUEEN DIAMONDS SIX,0.507,0.0266,0.4664
HEARTS TWO DIAMONDS SIX,0.638,0.1384,0.2236
DIAMONDS KING DIAMONDS SIX,0.5178,0.0114,0.4708
HEARTS THREE DIAMONDS SIX,0.642,0.1324,0.2256
HEARTS EIGHT DIAMONDS SIX,0.5074,0.0912,0.4014
HEARTS NINE DIAMONDS SIX,0.5256,0.0764,0.398
HEARTS SIX DIAMONDS SIX,0.181,0.2526,0.5664
HEARTS SEVEN DIAMONDS SIX,0.5052,0.111,0.3838
HEARTS TEN DIAMONDS SEVEN,0.5188,0.051,0.4302
CLUBS TWO DIAMONDS SIX,0.644,0.1328,0.2232
HEARTS JACK DIAMONDS SEVEN,0.5284,0.042,0.4296
CLUBS THREE DIAMONDS SIX,0.626,0.1396,0.2344
CLUBS SEVEN DIAMONDS SIX,0.493,0.1132,0.3938
CLUBS JACK DIAMONDS EIGHT,0.525,0.0346,0.4404
CLUBS SIX DIAMONDS SIX,0.1784,0.2448,0.5768
CLUBS TEN DIAMONDS EIGHT,0.5026,0.0458,0.4516
CLUBS FIVE DIAMONDS SIX,0.4976,0.1324,0.37
HEARTS ACE HEARTS JACK,0.4974,0.0048,0.4978
DIAMONDS EIGHT CLUBS ACE,0.5292,0.0036,0.4672
HEARTS QUEEN HEARTS JACK,0.495,0.0186,0.4864
DIAMONDS EIGHT CLUBS KING,0.535,0.0132,0.4518
CLUBS NINE DIAMONDS SIX,0.5112,0.0824,0.4064
HEARTS KING HEARTS JACK,0.486,0.0064,0.5076
CLUBS EIGHT DIAMONDS SIX,0.5284,0.0844,0.3872
DIAMONDS EIGHT CLUBS QUEEN,0.524,0.0222,0.4538
SPADES TEN HEARTS KING,0.5,0.0122,0.4878
SPADES FIVE DIAMONDS SIX,0.5128,0.126,0.3612
HEARTS ACE SPADES TWO,0.626,0.0054,0.3686
SPADES JACK HEARTS KING,0.5148,0.0072,0.478
SPADES FOUR DIAMONDS SIX,0.6364,0.0962,0.2674
SPADES THREE DIAMONDS SIX,0.6226,0.1418,0.2356
HEARTS QUEEN SPADES TWO,0.6412,0.037,0.3218
SPADES ACE SPADES KING,0.494,0.0056,0.5004
HEARTS KING SPADES TWO,0.637,0.0188,0.3442
SPADES TWO DIAMONDS SIX,0.6308,0.133,0.2362
HEARTS TEN HEARTS EIGHT,0.4768,0.0444,0.4788
SPADES NINE DIAMONDS SIX,0.5316,0.0694,0.399
HEARTS JACK HEARTS EIGHT,0.4938,0.0352,0.471
SPADES EIGHT DIAMONDS SIX,0.519,0.0872,0.3938
SPADES SEVEN DIAMONDS SIX,0.509,0.101,0.39
SPADES SIX DIAMONDS SIX,0.1954,0.2452,0.5594
SPADES KING HEARTS KING,0.1902,0.033,0.7768
SPADES QUEEN HEARTS KING,0.5106,0.0072,0.4822
CLUBS ACE CLUBS KING,0.5048,0.0038,0.4914
SPADES ACE HEARTS KING,0.536,0.0054,0.4586
SPADES ACE HEARTS JACK,0.528,0.0038,0.4682
SPADES QUEEN HEARTS JACK,0.5102,0.0164,0.4734
SPADES KING HEARTS JACK,0.5142,0.0076,0.4782
SPADES TEN DIAMONDS TEN,0.2032,0.1216,0.6752
SPADES JACK DIAMONDS TEN,0.5136,0.029,0.4574
SPADES ACE DIAMONDS TEN,0.5266,0.0054,0.468
SPADES JACK HEARTS JACK,0.1808,0.097,0.7222
SPADES TEN HEARTS JACK,0.5016,0.0292,0.4692
SPADES QUEEN DIAMONDS TEN,0.4976,0.0164,0.486
SPADES KING DIAMONDS TEN,0.5062,0.0078,0.486
SPADES NINE DIAMONDS SEVEN,0.4994,0.0668,0.4338
SPADES EIGHT DIAMONDS SEVEN,0.507,0.08,0.413
SPADES SEVEN DIAMONDS SEVEN,0.1834,0.211,0.6056
SPADES SIX DIAMONDS SEVEN,0.517,0.1022,0.3808
DIAMONDS KING DIAMONDS SEVEN,0.5088,0.0168,0.4744
HEARTS THREE DIAMONDS SEVEN,0.636,0.123,0.241
HEARTS KING DIAMONDS FIVE,0.5548,0.0186,0.4266
DIAMONDS QUEEN DIAMONDS SEVEN,0.5094,0.0248,0.4658
HEARTS TWO DIAMONDS SEVEN,0.6434,0.1336,0.223
HEARTS QUEEN DIAMONDS FIVE,0.5436,0.033,0.4234
HEARTS FIVE DIAMONDS SEVEN,0.5194,0.1112,0.3694
DIAMONDS ACE DIAMONDS SEVEN,0.5098,0.0044,0.4858
HEARTS ACE DIAMONDS FIVE,0.5316,0.0076,0.4608
HEARTS SEVEN DIAMONDS SEVEN,0.173,0.2156,0.6114
HEARTS SIX DIAMONDS SEVEN,0.506,0.1062,0.3878
DIAMONDS SEVEN HEARTS NINE,0.501,0.0728,0.4262
HEARTS EIGHT DIAMONDS SEVEN,0.4932,0.0794,0.4274
DIAMONDS JACK DIAMONDS SEVEN,0.5122,0.0374,0.4504
DIAMONDS FIVE HEARTS JACK,0.5328,0.0522,0.415
DIAMONDS TEN DIAMONDS SEVEN,0.492,0.0484,0.4596
HEARTS TEN DIAMONDS FIVE,0.5376,0.0602,0.4022
CLUBS EIGHT DIAMONDS SEVEN,0.5096,0.0842,0.4062
SPADES KING CLUBS TWO,0.6448,0.0196,0.3356
HEARTS KING CLUBS KING,0.1894,0.0316,0.779
SPADES QUEEN CLUBS TWO,0.6414,0.035,0.3236
HEARTS KING CLUBS QUEEN,0.5076,0.0082,0.4842
CLUBS NINE DIAMONDS SEVEN,0.5144,0.0666,0.419
CLUBS JACK SPADES TWO,0.6364,0.0528,0.3108
CLUBS SIX CLUBS SEVEN,0.475,0.1054,0.4196
SPADES ACE CLUBS TWO,0.6322,0.0062,0.3616
CLUBS TEN SPADES TWO,0.629,0.071,0.3
HEARTS KING CLUBS ACE,0.5212,0.0076,0.4712
SPADES TWO CLUBS KING,0.6346,0.0178,0.3476
SPADES TWO DIAMONDS SEVEN,0.6414,0.1194,0.2392
CLUBS EIGHT CLUBS SIX,0.4886,0.0868,0.4246
SPADES THREE DIAMONDS SEVEN,0.635,0.1296,0.2354
SPADES TWO CLUBS QUEEN,0.6544,0.0318,0.3138
CLUBS NINE CLUBS SIX,0.505,0.0688,0.4262
SPADES FOUR DIAMONDS SEVEN,0.6474,0.089,0.2636
CLUBS JACK HEARTS KING,0.5122,0.0074,0.4804
SPADES FIVE DIAMONDS SEVEN,0.5296,0.1092,0.3612
SPADES TWO CLUBS ACE,0.6166,0.0068,0.3766
CLUBS TEN HEARTS KING,0.501,0.0098,0.4892
CLUBS SIX SPADES TWO,0.6318,0.1366,0.2316
CLUBS SIX SPADES THREE,0.6236,0.134,0.2424
CLUBS TWO DIAMONDS SEVEN,0.6542,0.1172,0.2286
CLUBS SIX SPADES FOUR,0.6328,0.1016,0.2656
CLUBS THREE DIAMONDS SEVEN,0.6392,0.119,0.2418
CLUBS SIX SPADES FIVE,0.5206,0.1236,0.3558
CLUBS SIX SPADES SIX,0.174,0.2498,0.5762
CLUBS FIVE DIAMONDS SEVEN,0.5164,0.1146,0.369
CLUBS SIX SPADES SEVEN,0.519,0.0954,0.3856
CLUBS SIX DIAMONDS SEVEN,0.512,0.104,0.384
CLUBS SIX SPADES EIGHT,0.5194,0.0924,0.3882
SPADES JACK CLUBS TWO,0.6474,0.045,0.3076
CLUBS SEVEN DIAMONDS SEVEN,0.1852,0.2212,0.5936
CLUBS SIX SPADES NINE,0.5124,0.0776,0.41
SPADES TEN CLUBS TWO,0.6328,0.068,0.2992
CLUBS TWO CLUBS QUEEN,0.612,0.0332,0.3548
CLUBS TWO CLUBS KING,0.6164,0.0156,0.368
CLUBS THREE DIAMONDS EIGHT,0.6366,0.1096,0.2538
CLUBS TWO CLUBS ACE,0.6068,0.007,0.3862
CLUBS TWO DIAMONDS EIGHT,0.6356,0.1026,0.2618
HEARTS SEVEN DIAMONDS EIGHT,0.5014,0.0792,0.4194
HEARTS SIX DIAMONDS EIGHT,0.5096,0.0918,0.3986
DIAMONDS EIGHT HEARTS NINE,0.4936,0.0644,0.442
CLUBS TEN CLUBS TWO,0.6092,0.0668,0.324
DIAMONDS EIGHT HEARTS EIGHT,0.1858,0.1884,0.6258
CLUBS JACK CLUBS TWO,0.6182,0.049,0.3328
CLUBS NINE DIAMONDS EIGHT,0.4862,0.0596,0.4542
CLUBS EIGHT DIAMONDS EIGHT,0.1878,0.1768,0.6354
CLUBS FIVE DIAMONDS EIGHT,0.5328,0.0984,0.3688
SPADES ACE SPADES THREE,0.595,0.0046,0.4004
CLUBS SEVEN DIAMONDS EIGHT,0.5068,0.0872,0.406
SPADES QUEEN SPADES THREE,0.6082,0.0332,0.3586
CLUBS SIX DIAMONDS EIGHT,0.5248,0.0892,0.386
SPADES KING SPADES THREE,0.6028,0.0172,0.38
DIAMONDS QUEEN DIAMONDS EIGHT,0.496,0.0266,0.4774
HEARTS TWO DIAMONDS EIGHT,0.6476,0.1028,0.2496
DIAMONDS KING DIAMONDS EIGHT,0.5062,0.0132,0.4806
HEARTS THREE DIAMONDS EIGHT,0.6394,0.1032,0.2574
DIAMONDS ACE DIAMONDS EIGHT,0.5016,0.0042,0.4942
HEARTS FIVE DIAMONDS EIGHT,0.5262,0.094,0.3798
DIAMONDS EIGHT DIAMONDS TEN,0.479,0.0476,0.4734
DIAMONDS EIGHT DIAMONDS JACK,0.4924,0.0358,0.4718
SPADES JACK SPADES THREE,0.5876,0.0544,0.358
SPADES TEN SPADES THREE,0.5954,0.066,0.3386
CLUBS SIX HEARTS TEN,0.5304,0.0656,0.404
CLUBS SIX HEARTS JACK,0.5432,0.0436,0.4132
DIAMONDS EIGHT SPADES FOUR,0.653,0.0776,0.2694
SPADES FIVE DIAMONDS EIGHT,0.5418,0.0918,0.3664
DIAMONDS EIGHT SPADES TWO,0.6254,0.1114,0.2632
DIAMONDS EIGHT SPADES THREE,0.6406,0.102,0.2574
SPADES EIGHT DIAMONDS EIGHT,0.1968,0.1772,0.626
SPADES TEN DIAMONDS QUEEN,0.5086,0.0152,0.4762
SPADES TEN HEARTS TWO,0.6406,0.0688,0.2906
SPADES JACK HEARTS EIGHT,0.5134,0.0378,0.4488
SPADES NINE DIAMONDS EIGHT,0.4864,0.068,0.4456
SPADES TEN HEARTS EIGHT,0.4968,0.0504,0.4528
SPADES JACK HEARTS TWO,0.645,0.0518,0.3032
SPADES JACK DIAMONDS QUEEN,0.4964,0.016,0.4876
SPADES SIX DIAMONDS EIGHT,0.5178,0.0916,0.3906
SPADES SEVEN DIAMONDS EIGHT,0.5056,0.0816,0.4128
SPADES ACE HEARTS TWO,0.6278,0.005,0.3672
SPADES ACE DIAMONDS QUEEN,0.5302,0.004,0.4658
SPADES ACE HEARTS EIGHT,0.5176,0.0042,0.4782
SPADES KING HEARTS EIGHT,0.539,0.0116,0.4494
SPADES QUEEN HEARTS TWO,0.644,0.0388,0.3172
SPADES QUEEN DIAMONDS QUEEN,0.1962,0.0622,0.7416
SPADES KING DIAMONDS QUEEN,0.517,0.0072,0.4758
SPADES KING HEARTS TWO,0.6356,0.0222,0.3422
SPADES QUEEN HEARTS EIGHT,0.5314,0.0248,0.4438
CLUBS TWO HEARTS TEN,0.6348,0.0734,0.2918
CLUBS TWO HEARTS JACK,0.6396,0.057,0.3034
SPADES SEVEN DIAMONDS NINE,0.507,0.0698,0.4232
SPADES SIX DIAMONDS NINE,0.5204,0.0724,0.4072
SPADES NINE DIAMONDS NINE,0.1966,0.1476,0.6558
SPADES EIGHT DIAMONDS NINE,0.4808,0.064,0.4552
SPADES TEN CLUBS KING,0.5008,0.0096,0.4896
DIAMONDS NINE SPADES THREE,0.63,0.0824,0.2876
SPADES JACK CLUBS KING,0.5106,0.0104,0.479
DIAMONDS NINE SPADES TWO,0.6176,0.0888,0.2936
DIAMONDS NINE SPADES FIVE,0.5388,0.0724,0.3888
DIAMONDS NINE SPADES FOUR,0.6476,0.069,0.2834
CLUBS NINE DIAMONDS NINE,0.1854,0.149,0.6656
CLUBS EIGHT DIAMONDS NINE,0.4928,0.0608,0.4464
CLUBS SIX DIAMONDS NINE,0.511,0.0782,0.4108
CLUBS SEVEN DIAMONDS NINE,0.5152,0.0724,0.4124
CLUBS FIVE DIAMONDS NINE,0.5292,0.0824,0.3884
DIAMONDS NINE CLUBS TWO,0.63,0.081,0.289
CLUBS THREE DIAMONDS NINE,0.6312,0.0912,0.2776
DIAMONDS NINE HEARTS EIGHT,0.491,0.0676,0.4414
DIAMONDS NINE HEARTS NINE,0.1708,0.152,0.6772
HEARTS SIX DIAMONDS NINE,0.516,0.0756,0.4084
HEARTS SEVEN DIAMONDS NINE,0.501,0.074,0.425
CLUBS EIGHT CLUBS NINE,0.464,0.0658,0.4702
DIAMONDS ACE DIAMONDS NINE,0.5086,0.0048,0.4866
HEARTS FIVE DIAMONDS NINE,0.5248,0.0816,0.3936
HEARTS ACE CLUBS TWO,0.6332,0.0068,0.36
DIAMONDS QUEEN DIAMONDS NINE,0.495,0.0192,0.4858
HEARTS TWO DIAMONDS NINE,0.6388,0.082,0.2792
CLUBS TWO HEARTS KING,0.6364,0.0218,0.3418
DIAMONDS KING DIAMONDS NINE,0.4914,0.011,0.4976
HEARTS THREE DIAMONDS NINE,0.6336,0.0846,0.2818
CLUBS TWO HEARTS QUEEN,0.6396,0.0382,0.3222
DIAMONDS NINE DIAMONDS JACK,0.4768,0.0336,0.4896
CLUBS EIGHT SPADES NINE,0.4898,0.063,0.4472
DIAMONDS NINE DIAMONDS TEN,0.4814,0.0402,0.4784
CLUBS EIGHT SPADES EIGHT,0.1956,0.1912,0.6132
CLUBS EIGHT SPADES SEVEN,0.499,0.0884,0.4126
CLUBS EIGHT SPADES SIX,0.5232,0.0952,0.3816
CLUBS EIGHT SPADES FIVE,0.5226,0.0996,0.3778
CLUBS EIGHT SPADES FOUR,0.6466,0.077,0.2764
CLUBS EIGHT SPADES THREE,0.6232,0.1102,0.2666
CLUBS EIGHT SPADES TWO,0.633,0.1046,0.2624
HEARTS SIX DIAMONDS TEN,0.5198,0.0684,0.4118
HEARTS SEVEN DIAMONDS TEN,0.5166,0.0534,0.43
DIAMONDS TEN HEARTS EIGHT,0.4958,0.0504,0.4538
DIAMONDS TEN HEARTS NINE,0.4926,0.0424,0.465
CLUBS TWO DIAMONDS TEN,0.6472,0.0644,0.2884
CLUBS THREE DIAMONDS TEN,0.6362,0.0674,0.2964
DIAMONDS JACK DIAMONDS TEN,0.4596,0.03,0.5104
DIAMONDS QUEEN DIAMONDS TEN,0.471,0.016,0.513
HEARTS TWO DIAMONDS TEN,0.6318,0.0662,0.302
DIAMONDS KING DIAMONDS TEN,0.4856,0.0094,0.505
HEARTS THREE DIAMONDS TEN,0.6432,0.0666,0.2902
DIAMONDS ACE DIAMONDS TEN,0.4848,0.0044,0.5108
CLUBS EIGHT HEARTS JACK,0.5024,0.0374,0.4602
HEARTS FIVE DIAMONDS TEN,0.542,0.0676,0.3904
CLUBS EIGHT HEARTS TEN,0.4932,0.0522,0.4546
CLUBS EIGHT HEARTS QUEEN,0.5256,0.0248,0.4496
CLUBS EIGHT HEARTS KING,0.542,0.014,0.444
CLUBS EIGHT HEARTS ACE,0.5286,0.0046,0.4668
CLUBS NINE SPADES THREE,0.634,0.0824,0.2836
CLUBS NINE SPADES TWO,0.622,0.0864,0.2916
CLUBS NINE SPADES FIVE,0.5304,0.081,0.3886
CLUBS NINE SPADES FOUR,0.6546,0.0658,0.2796
CLUBS NINE SPADES SEVEN,0.4878,0.0696,0.4426
CLUBS NINE SPADES SIX,0.5188,0.0696,0.4116
CLUBS NINE SPADES NINE,0.1846,0.1582,0.6572
CLUBS TEN HEARTS EIGHT,0.4928,0.0564,0.4508
CLUBS NINE SPADES EIGHT,0.4968,0.0666,0.4366
CLUBS JACK HEARTS EIGHT,0.5146,0.0404,0.445
HEARTS EIGHT CLUBS QUEEN,0.5262,0.0246,0.4492
CLUBS KING HEARTS EIGHT,0.533,0.015,0.452
CLUBS ACE HEARTS EIGHT,0.5226,0.004,0.4734
SPADES KING CLUBS KING,0.184,0.0328,0.7832
SPADES QUEEN CLUBS KING,0.5264,0.0074,0.4662
SPADES ACE CLUBS KING,0.5268,0.0042,0.469
DIAMONDS ACE HEARTS TEN,0.515,0.0044,0.4806
DIAMONDS ACE HEARTS JACK,0.5238,0.004,0.4722
SPADES KING CLUBS FIVE,0.544,0.0226,0.4334
SPADES QUEEN CLUBS FIVE,0.548,0.0372,0.4148
SPADES ACE CLUBS FIVE,0.5414,0.0066,0.452
HEARTS SEVEN DIAMONDS JACK,0.5338,0.041,0.4252
HEARTS SIX DIAMONDS JACK,0.537,0.041,0.422
DIAMONDS JACK HEARTS NINE,0.5078,0.0322,0.46
DIAMONDS JACK HEARTS EIGHT,0.5212,0.0362,0.4426
DIAMONDS KING DIAMONDS JACK,0.494,0.0082,0.4978
HEARTS THREE DIAMONDS JACK,0.6534,0.0456,0.301
SPADES ACE SPADES SIX,0.5102,0.0048,0.485
HEARTS ACE SPADES FOUR,0.6496,0.0222,0.3282
DIAMONDS QUEEN DIAMONDS JACK,0.486,0.0174,0.4966
HEARTS TWO DIAMONDS JACK,0.6458,0.0542,0.3
HEARTS FIVE DIAMONDS JACK,0.553,0.0466,0.4004
SPADES QUEEN SPADES SIX,0.506,0.028,0.466
SPADES FOUR HEARTS QUEEN,0.6616,0.035,0.3034
DIAMONDS ACE DIAMONDS JACK,0.4922,0.0046,0.5032
SPADES KING SPADES SIX,0.5026,0.0156,0.4818
SPADES FOUR HEARTS KING,0.6538,0.031,0.3152
SPADES TEN SPADES SIX,0.5036,0.0534,0.443
SPADES JACK SPADES SIX,0.511,0.0464,0.4426
SPADES FOUR DIAMONDS JACK,0.6714,0.0422,0.2864
SPADES FIVE DIAMONDS JACK,0.5592,0.0428,0.398
DIAMONDS JACK SPADES TWO,0.6338,0.0538,0.3124
DIAMONDS JACK SPADES THREE,0.6282,0.0524,0.3194
SPADES ACE DIAMONDS THREE,0.6286,0.0046,0.3668
CLUBS EIGHT DIAMONDS JACK,0.5104,0.0372,0.4524
SPADES QUEEN DIAMONDS THREE,0.6372,0.0314,0.3314
SPADES KING DIAMONDS THREE,0.6266,0.0178,0.3556
CLUBS NINE DIAMONDS JACK,0.5032,0.0284,0.4684
CLUBS SIX DIAMONDS JACK,0.542,0.041,0.417
CLUBS SEVEN DIAMONDS JACK,0.5356,0.0442,0.4202
CLUBS FIVE DIAMONDS JACK,0.544,0.0466,0.4094
CLUBS TWO DIAMONDS JACK,0.648,0.0542,0.2978
CLUBS THREE DIAMONDS JACK,0.6536,0.0532,0.2932
SPADES TEN CLUBS FIVE,0.5452,0.0594,0.3954
SPADES JACK HEARTS SIX,0.5452,0.042,0.4128
HEARTS SIX SPADES TEN,0.5156,0.0508,0.4336
SPADES JACK CLUBS FIVE,0.5422,0.0454,0.4124
SPADES JACK DIAMONDS THREE,0.642,0.0526,0.3054
CLUBS SEVEN CLUBS ACE,0.5038,0.0058,0.4904
DIAMONDS THREE SPADES TEN,0.6326,0.065,0.3024
CLUBS SEVEN CLUBS QUEEN,0.5114,0.0228,0.4658
CLUBS SEVEN CLUBS KING,0.521,0.0156,0.4634
SPADES NINE DIAMONDS JACK,0.5088,0.0274,0.4638
CLUBS TEN CLUBS SEVEN,0.5044,0.049,0.4466
DIAMONDS ACE HEARTS ACE,0.2032,0.0032,0.7936
SPADES EIGHT DIAMONDS JACK,0.5376,0.035,0.4274
SPADES ACE HEARTS SIX,0.537,0.0046,0.4584
CLUBS JACK CLUBS SEVEN,0.5062,0.0406,0.4532
DIAMONDS ACE HEARTS KING,0.5316,0.004,0.4644
SPADES SEVEN DIAMONDS JACK,0.525,0.0372,0.4378
SPADES KING HEARTS SIX,0.5284,0.0126,0.459
DIAMONDS ACE HEARTS QUEEN,0.521,0.0038,0.4752
SPADES QUEEN HEARTS SIX,0.5284,0.0316,0.44
SPADES SIX DIAMONDS JACK,0.5366,0.041,0.4224
DIAMONDS TEN SPADES TWO,0.6286,0.0676,0.3038
SPADES THREE DIAMONDS TEN,0.6326,0.0718,0.2956
SPADES FOUR DIAMONDS TEN,0.6594,0.0524,0.2882
SPADES FIVE DIAMONDS TEN,0.5502,0.0642,0.3856
SPADES SIX DIAMONDS TEN,0.5326,0.0582,0.4092
SPADES SEVEN DIAMONDS TEN,0.5192,0.0562,0.4246
SPADES EIGHT DIAMONDS TEN,0.5096,0.047,0.4434
SPADES NINE DIAMONDS TEN,0.4936,0.0452,0.4612
CLUBS FIVE DIAMONDS TEN,0.5496,0.0592,0.3912
CLUBS SIX DIAMONDS TEN,0.5352,0.0538,0.411
CLUBS SEVEN DIAMONDS TEN,0.5116,0.0592,0.4292
CLUBS EIGHT DIAMONDS TEN,0.5144,0.0496,0.436
CLUBS NINE DIAMONDS TEN,0.4954,0.0404,0.4642
CLUBS JACK DIAMONDS THREE,0.6308,0.0484,0.3208
CLUBS TEN DIAMONDS THREE,0.6346,0.0642,0.3012
DIAMONDS THREE CLUBS KING,0.6258,0.0202,0.354
DIAMONDS THREE CLUBS QUEEN,0.6382,0.0334,0.3284
DIAMONDS THREE CLUBS ACE,0.6324,0.0058,0.3618
SPADES FOUR HEARTS JACK,0.6576,0.047,0.2954
SPADES FOUR HEARTS TEN,0.6526,0.0556,0.2918
SPADES FIVE SPADES TWO,0.6,0.1512,0.2488
SPADES FOUR SPADES TWO,0.7332,0.1354,0.1314
SPADES THREE SPADES TWO,0.686,0.1556,0.1584
SPADES NINE SPADES TWO,0.5988,0.085,0.3162
SPADES EIGHT SPADES TWO,0.6078,0.0964,0.2958
SPADES SEVEN SPADES TWO,0.5972,0.1136,0.2892
SPADES SIX SPADES TWO,0.5978,0.1264,0.2758
DIAMONDS QUEEN CLUBS THREE,0.6356,0.035,0.3294
CLUBS THREE HEARTS TWO,0.7388,0.1568,0.1044
DIAMONDS QUEEN CLUBS TWO,0.6502,0.0314,0.3184
HEARTS TWO CLUBS TWO,0.5186,0.3122,0.1692
HEARTS SEVEN DIAMONDS QUEEN,0.5388,0.0246,0.4366
HEARTS SEVEN HEARTS TWO,0.6096,0.1222,0.2682
HEARTS SIX DIAMONDS QUEEN,0.5446,0.0278,0.4276
HEARTS SIX HEARTS TWO,0.6116,0.1322,0.2562
DIAMONDS QUEEN HEARTS NINE,0.5076,0.021,0.4714
HEARTS TWO HEARTS NINE,0.5992,0.0938,0.307
DIAMONDS QUEEN HEARTS EIGHT,0.5214,0.0206,0.458
HEARTS TWO HEARTS EIGHT,0.6064,0.107,0.2866
CLUBS NINE HEARTS TWO,0.6444,0.0826,0.273
CLUBS NINE DIAMONDS QUEEN,0.5178,0.0194,0.4628
CLUBS EIGHT DIAMONDS QUEEN,0.5196,0.0226,0.4578
CLUBS EIGHT HEARTS TWO,0.6398,0.1052,0.255
DIAMONDS QUEEN CLUBS FIVE,0.553,0.0306,0.4164
HEARTS TWO CLUBS FIVE,0.6456,0.1418,0.2126
SPADES EIGHT HEARTS ACE,0.5282,0.0042,0.4676
CLUBS SEVEN DIAMONDS QUEEN,0.5312,0.0246,0.4442
CLUBS SEVEN HEARTS TWO,0.63,0.1282,0.2418
SPADES EIGHT HEARTS QUEEN,0.5338,0.0238,0.4424
CLUBS SIX DIAMONDS QUEEN,0.5502,0.0272,0.4226
CLUBS SIX HEARTS TWO,0.6426,0.1422,0.2152
SPADES EIGHT HEARTS KING,0.538,0.0132,0.4488
HEARTS TWO SPADES SIX,0.6326,0.136,0.2314
DIAMONDS QUEEN SPADES SIX,0.5282,0.028,0.4438
DIAMONDS ACE CLUBS QUEEN,0.5338,0.0054,0.4608
DIAMONDS QUEEN SPADES SEVEN,0.5408,0.0256,0.4336
HEARTS TWO SPADES SEVEN,0.641,0.1282,0.2308
DIAMONDS ACE CLUBS KING,0.5308,0.0036,0.4656
DIAMONDS QUEEN SPADES EIGHT,0.536,0.0258,0.4382
SPADES EIGHT HEARTS TWO,0.6422,0.0962,0.2616
DIAMONDS ACE CLUBS ACE,0.1908,0.0026,0.8066
SPADES NINE DIAMONDS QUEEN,0.5164,0.021,0.4626
SPADES NINE HEARTS TWO,0.6348,0.0868,0.2784
HEARTS TWO SPADES TWO,0.528,0.3022,0.1698
DIAMONDS QUEEN SPADES TWO,0.6452,0.0332,0.3216
HEARTS TWO SPADES THREE,0.7302,0.155,0.1148
DIAMONDS QUEEN SPADES THREE,0.6388,0.0324,0.3288
HEARTS TWO SPADES FOUR,0.7942,0.133,0.0728
DIAMONDS QUEEN SPADES FOUR,0.6578,0.0338,0.3084
CLUBS TEN DIAMONDS ACE,0.516,0.005,0.479
HEARTS TWO SPADES FIVE,0.634,0.1504,0.2156
DIAMONDS QUEEN SPADES FIVE,0.5534,0.0254,0.4212
CLUBS JACK DIAMONDS ACE,0.5166,0.003,0.4804
CLUBS FIVE CLUBS KING,0.5222,0.0146,0.4632
CLUBS FIVE CLUBS QUEEN,0.5104,0.0332,0.4564
CLUBS FIVE CLUBS ACE,0.4982,0.0058,0.496
CLUBS JACK CLUBS FIVE,0.5256,0.0468,0.4276
CLUBS TEN CLUBS FIVE,0.5192,0.061,0.4198
SPADES KING CLUBS JACK,0.5176,0.0092,0.4732
CLUBS JACK SPADES QUEEN,0.4988,0.0158,0.4854
SPADES ACE CLUBS JACK,0.5214,0.0066,0.472
SPADES SIX CLUBS KING,0.537,0.0164,0.4466
SPADES SIX CLUBS QUEEN,0.536,0.0312,0.4328
SPADES EIGHT HEARTS JACK,0.511,0.0332,0.4558
SPADES SIX CLUBS ACE,0.5472,0.0048,0.448
SPADES EIGHT HEARTS TEN,0.5106,0.046,0.4434
CLUBS JACK SPADES SIX,0.5322,0.0436,0.4242
CLUBS TEN SPADES SIX,0.5384,0.0542,0.4074
CLUBS JACK SPADES TEN,0.4876,0.0268,0.4856
CLUBS JACK SPADES JACK,0.1892,0.096,0.7148
SPADES QUEEN CLUBS SEVEN,0.5252,0.0272,0.4476
SPADES KING CLUBS SEVEN,0.5412,0.0136,0.4452
SPADES ACE CLUBS SEVEN,0.5232,0.0056,0.4712
SPADES SIX HEARTS TEN,0.527,0.0564,0.4166
SPADES SIX HEARTS JACK,0.5482,0.046,0.4058
SPADES SIX HEARTS ACE,0.5456,0.0046,0.4498
SPADES SIX HEARTS KING,0.5256,0.016,0.4584
SPADES SIX HEARTS QUEEN,0.5416,0.0282,0.4302
SPADES JACK CLUBS SEVEN,0.537,0.0396,0.4234
SPADES TEN CLUBS SEVEN,0.522,0.0582,0.4198
CLUBS TEN HEARTS SIX,0.5262,0.0604,0.4134
CLUBS JACK HEARTS SIX,0.5388,0.0436,0.4176
CLUBS JACK CLUBS ACE,0.4974,0.0054,0.4972
HEARTS SIX CLUBS QUEEN,0.5322,0.0332,0.4346
HEARTS SIX CLUBS KING,0.5306,0.017,0.4524
HEARTS SIX CLUBS ACE,0.5326,0.0072,0.4602
CLUBS JACK CLUBS QUEEN,0.4984,0.0178,0.4838
CLUBS JACK CLUBS KING,0.4842,0.0084,0.5074
DIAMONDS THREE HEARTS ACE,0.6312,0.0052,0.3636
DIAMONDS THREE HEARTS QUEEN,0.6488,0.032,0.3192
DIAMONDS THREE HEARTS KING,0.6316,0.0186,0.3498
CLUBS FIVE HEARTS JACK,0.5342,0.047,0.4188
SPADES TEN DIAMONDS ACE,0.5062,0.0056,0.4882
CLUBS FIVE HEARTS TEN,0.5594,0.0648,0.3758
SPADES JACK DIAMONDS ACE,0.5198,0.0038,0.4764
SPADES ACE DIAMONDS ACE,0.1908,0.0046,0.8046
CLUBS FIVE HEARTS ACE,0.5278,0.0066,0.4656
CLUBS FIVE HEARTS KING,0.543,0.0164,0.4406
SPADES QUEEN DIAMONDS ACE,0.5176,0.0048,0.4776
CLUBS JACK SPADES FOUR,0.6632,0.0456,0.2912
CLUBS FIVE HEARTS QUEEN,0.5426,0.0344,0.423
SPADES KING DIAMONDS ACE,0.5392,0.0048,0.456
CLUBS TEN SPADES FOUR,0.6516,0.0608,0.2876
DIAMONDS QUEEN DIAMONDS ACE,0.4988,0.0064,0.4948
HEARTS TWO DIAMONDS ACE,0.6292,0.0064,0.3644
DIAMONDS THREE HEARTS TEN,0.6326,0.069,0.2984
SPADES FOUR CLUBS KING,0.649,0.0312,0.3198
HEARTS FIVE DIAMONDS QUEEN,0.552,0.0306,0.4174
HEARTS FIVE HEARTS TWO,0.596,0.1488,0.2552
DIAMONDS THREE HEARTS JACK,0.632,0.0502,0.3178
SPADES FOUR CLUBS QUEEN,0.6714,0.0342,0.2944
DIAMONDS QUEEN HEARTS TWO,0.6426,0.0304,0.327
DIAMONDS KING DIAMONDS QUEEN,0.4826,0.0066,0.5108
DIAMONDS KING HEARTS TWO,0.6374,0.0198,0.3428
HEARTS THREE DIAMONDS QUEEN,0.6374,0.033,0.3296
HEARTS THREE HEARTS TWO,0.6948,0.1634,0.1418
SPADES FOUR CLUBS ACE,0.6384,0.0222,0.3394
HEARTS TWO CLUBS ACE,0.622,0.005,0.373
DIAMONDS QUEEN CLUBS ACE,0.519,0.0044,0.4766
HEARTS TWO CLUBS QUEEN,0.638,0.0356,0.3264
DIAMONDS QUEEN CLUBS QUEEN,0.1914,0.0618,0.7468
HEARTS TWO CLUBS KING,0.6414,0.0226,0.336
DIAMONDS QUEEN CLUBS KING,0.514,0.0072,0.4788
SPADES EIGHT SPADES FIVE,0.498,0.0952,0.4068
CLUBS TEN HEARTS TWO,0.6286,0.0664,0.305
CLUBS TEN DIAMONDS QUEEN,0.5046,0.0156,0.4798
SPADES NINE SPADES FIVE,0.489,0.0832,0.4278
CLUBS JACK HEARTS TWO,0.6288,0.0514,0.3198
CLUBS JACK DIAMONDS QUEEN,0.5124,0.0124,0.4752
SPADES SIX SPADES FIVE,0.4822,0.1264,0.3914
SPADES SEVEN SPADES FIVE,0.4794,0.1148,0.4058
DIAMONDS FIVE CLUBS QUEEN,0.5348,0.0296,0.4356
SPADES EIGHT CLUBS ACE,0.5228,0.0054,0.4718
DIAMONDS FIVE CLUBS KING,0.5438,0.0178,0.4384
SPADES EIGHT CLUBS KING,0.549,0.0138,0.4372
DIAMONDS FIVE CLUBS ACE,0.5366,0.006,0.4574
SPADES EIGHT CLUBS QUEEN,0.5248,0.0242,0.451
CLUBS JACK SPADES EIGHT,0.5194,0.0364,0.4442
CLUBS TEN SPADES EIGHT,0.5062,0.0464,0.4474
CLUBS TEN DIAMONDS FIVE,0.5314,0.0728,0.3958
CLUBS JACK DIAMONDS FIVE,0.5488,0.0456,0.4056
DIAMONDS TEN HEARTS JACK,0.4944,0.0264,0.4792
DIAMONDS TEN HEARTS TEN,0.192,0.117,0.691
SPADES ACE CLUBS NINE,0.5122,0.0046,0.4832
SPADES QUEEN CLUBS NINE,0.5128,0.0232,0.464
SPADES KING CLUBS NINE,0.5224,0.0108,0.4668
HEARTS SIX HEARTS KING,0.5102,0.0158,0.474
DIAMONDS KING SPADES SEVEN,0.5342,0.013,0.4528
HEARTS THREE SPADES SEVEN,0.632,0.1204,0.2476
SPADES KING DIAMONDS SEVEN,0.5512,0.0144,0.4344
HEARTS SIX HEARTS QUEEN,0.5086,0.0286,0.4628
SPADES QUEEN DIAMONDS SEVEN,0.5412,0.029,0.4298
HEARTS THREE SPADES SIX,0.6294,0.1332,0.2374
DIAMONDS KING SPADES SIX,0.5394,0.0164,0.4442
DIAMONDS KING SPADES NINE,0.5322,0.011,0.4568
HEARTS THREE SPADES NINE,0.635,0.084,0.281
HEARTS SIX HEARTS ACE,0.5242,0.0056,0.4702
DIAMONDS KING SPADES EIGHT,0.5374,0.0126,0.45
