opposingHand,winningChance,drawChance,lostChance
CLUBS NINE CLUBS ACE
HEARTS FIVE SPADES TEN,0.6636,0.0028,0.3336
SPADES JACK HEARTS FIVE,0.6606,0.0022,0.3372
SPADES FIVE CLUBS JACK,0.6536,0.005,0.3414
CLUBS TEN SPADES FIVE,0.6624,0.0046,0.333
CLUBS EIGHT CLUBS JACK,0.6244,0.0044,0.3712
CLUBS EIGHT CLUBS TEN,0.6268,0.0052,0.368
CLUBS EIGHT CLUBS KING,0.6508,0.0062,0.343
CLUBS EIGHT CLUBS QUEEN,0.6328,0.0066,0.3606
SPADES FIVE CLUBS KING,0.6518,0.006,0.3422
SPADES FIVE CLUBS QUEEN,0.651,0.004,0.345
DIAMONDS TWO DIAMONDS THREE,0.647,0.0066,0.3464
DIAMONDS TWO DIAMONDS FIVE,0.6286,0.0072,0.3642
SPADES KING HEARTS FIVE,0.6564,0.0034,0.3402
DIAMONDS TWO DIAMONDS FOUR,0.6286,0.0048,0.3666
SPADES QUEEN HEARTS FIVE,0.6526,0.0038,0.3436
DIAMONDS TWO DIAMONDS SEVEN,0.6502,0.0056,0.3442
DIAMONDS TWO DIAMONDS SIX,0.6418,0.0048,0.3534
SPADES ACE HEARTS FIVE,0.6028,0.1644,0.2328
DIAMONDS TWO DIAMONDS NINE,0.724,0.0208,0.2552
DIAMONDS TWO DIAMONDS EIGHT,0.6566,0.005,0.3384
DIAMONDS THREE DIAMONDS FOUR,0.6082,0.0064,0.3854
CLUBS TWO SPADES FOUR,0.6616,0.008,0.3304
DIAMONDS THREE DIAMONDS FIVE,0.6106,0.0048,0.3846
CLUBS TWO SPADES FIVE,0.6634,0.005,0.3316
CLUBS TWO SPADES TWO,0.4982,0.0072,0.4946
CLUBS TWO SPADES THREE,0.6726,0.0052,0.3222
DIAMONDS THREE DIAMONDS EIGHT,0.6468,0.0044,0.3488
SPADES EIGHT CLUBS TWO,0.6966,0.005,0.2984
DIAMONDS THREE DIAMONDS NINE,0.7254,0.0238,0.2508
SPADES NINE CLUBS TWO,0.7608,0.0228,0.2164
DIAMONDS THREE DIAMONDS SIX,0.6324,0.0054,0.3622
CLUBS TWO SPADES SIX,0.6906,0.0056,0.3038
DIAMONDS THREE DIAMONDS SEVEN,0.6428,0.0044,0.3528
CLUBS TWO SPADES SEVEN,0.6988,0.0066,0.2946
CLUBS SIX CLUBS TWO,0.6754,0.0068,0.3178
CLUBS SEVEN CLUBS TWO,0.6886,0.0056,0.3058
CLUBS FOUR CLUBS TWO,0.661,0.0072,0.3318
CLUBS FIVE CLUBS TWO,0.6636,0.0078,0.3286
CLUBS TEN CLUBS JACK,0.5702,0.0032,0.4266
DIAMONDS FOUR DIAMONDS SIX,0.621,0.005,0.374
CLUBS TEN CLUBS QUEEN,0.5744,0.0062,0.4194
DIAMONDS FOUR DIAMONDS SEVEN,0.6296,0.0046,0.3658
CLUBS TEN CLUBS KING,0.6058,0.0058,0.3884
CLUBS EIGHT CLUBS TWO,0.6926,0.0064,0.301
DIAMONDS FIVE DIAMONDS FOUR,0.6068,0.0032,0.39
DIAMONDS NINE DIAMONDS FOUR,0.7152,0.0256,0.2592
DIAMONDS EIGHT DIAMONDS FOUR,0.6448,0.0046,0.3506
CLUBS TWO CLUBS THREE,0.665,0.0078,0.3272
DIAMONDS NINE DIAMONDS FIVE,0.7078,0.023,0.2692
DIAMONDS TWO CLUBS JACK,0.6634,0.0038,0.3328
DIAMONDS EIGHT DIAMONDS FIVE,0.6254,0.0036,0.371
CLUBS TEN DIAMONDS TWO,0.6426,0.005,0.3524
DIAMONDS FIVE DIAMONDS SEVEN,0.621,0.0028,0.3762
DIAMONDS FIVE DIAMONDS SIX,0.6178,0.005,0.3772
DIAMONDS TWO CLUBS KING,0.6484,0.0084,0.3432
DIAMONDS TWO CLUBS QUEEN,0.662,0.0054,0.3326
DIAMONDS EIGHT DIAMONDS SIX,0.6152,0.0054,0.3794
DIAMONDS NINE DIAMONDS SIX,0.702,0.0224,0.2756
HEARTS ACE SPADES THREE,0.6182,0.1646,0.2172
HEARTS KING SPADES THREE,0.6666,0.0038,0.3296
DIAMONDS SEVEN DIAMONDS SIX,0.6182,0.0036,0.3782
SPADES THREE HEARTS QUEEN,0.6538,0.006,0.3402
HEARTS JACK SPADES THREE,0.658,0.0044,0.3376
SPADES THREE HEARTS TEN,0.6612,0.0034,0.3354
DIAMONDS EIGHT DIAMONDS SEVEN,0.6106,0.004,0.3854
DIAMONDS NINE DIAMONDS SEVEN,0.6872,0.0214,0.2914
DIAMONDS NINE DIAMONDS EIGHT,0.6636,0.0176,0.3188
DIAMONDS KING HEARTS TEN,0.6002,0.0036,0.3962
HEARTS THREE HEARTS TEN,0.6176,0.0052,0.3772
CLUBS SIX SPADES JACK,0.652,0.0058,0.3422
DIAMONDS KING HEARTS JACK,0.5972,0.004,0.3988
HEARTS THREE HEARTS JACK,0.6162,0.005,0.3788
CLUBS SIX SPADES TEN,0.6508,0.0046,0.3446
SPADES JACK SPADES FIVE,0.6104,0.006,0.3836
SPADES TEN SPADES FIVE,0.6264,0.0036,0.37
DIAMONDS KING HEARTS ACE,0.2858,0.051,0.6632
HEARTS THREE HEARTS ACE,0.5638,0.1604,0.2758
SPADES ACE CLUBS SIX,0.605,0.1654,0.2296
DIAMONDS KING HEARTS QUEEN,0.6032,0.003,0.3938
HEARTS THREE HEARTS QUEEN,0.621,0.0028,0.3762
SPADES KING CLUBS SIX,0.6626,0.0064,0.331
DIAMONDS KING HEARTS KING,0.3232,0.0022,0.6746
HEARTS THREE HEARTS KING,0.6154,0.0048,0.3798
SPADES QUEEN CLUBS SIX,0.6464,0.0046,0.349
SPADES NINE HEARTS TEN,0.7074,0.0208,0.2718
SPADES NINE HEARTS JACK,0.7028,0.021,0.2762
SPADES QUEEN SPADES FIVE,0.6028,0.006,0.3912
SPADES KING SPADES FIVE,0.6066,0.0044,0.389
SPADES ACE SPADES FIVE,0.5576,0.1514,0.291
SPADES NINE HEARTS QUEEN,0.7468,0.0166,0.2366
SPADES NINE HEARTS KING,0.7338,0.0198,0.2464
SPADES NINE HEARTS ACE,0.0698,0.9078,0.0224
CLUBS TEN SPADES JACK,0.5814,0.0064,0.4122
CLUBS TEN SPADES TEN,0.35,0.0048,0.6452
SPADES ACE CLUBS TEN,0.259,0.1148,0.6262
SPADES KING CLUBS TEN,0.599,0.0056,0.3954
CLUBS TEN SPADES QUEEN,0.5908,0.0046,0.4046
SPADES FIVE HEARTS QUEEN,0.657,0.0046,0.3384
HEARTS KING SPADES FIVE,0.6538,0.0036,0.3426
SPADES FIVE HEARTS ACE,0.6124,0.161,0.2266
CLUBS EIGHT SPADES TEN,0.6248,0.006,0.3692
HEARTS THREE SPADES JACK,0.6558,0.0032,0.341
SPADES JACK DIAMONDS KING,0.602,0.0032,0.3948
SPADES TEN DIAMONDS KING,0.6024,0.0054,0.3922
HEARTS THREE SPADES TEN,0.6628,0.0036,0.3336
CLUBS EIGHT SPADES JACK,0.6328,0.0038,0.3634
SPADES ACE CLUBS EIGHT,0.6246,0.1592,0.2162
HEARTS FIVE CLUBS JACK,0.6402,0.0042,0.3556
CLUBS SIX HEARTS ACE,0.6172,0.1526,0.2302
CLUBS TEN HEARTS FIVE,0.658,0.0048,0.3372
CLUBS EIGHT SPADES QUEEN,0.651,0.0062,0.3428
CLUBS TEN SPADES THREE,0.6462,0.0046,0.3492
CLUBS SIX HEARTS QUEEN,0.6586,0.003,0.3384
CLUBS EIGHT SPADES KING,0.6562,0.0066,0.3372
SPADES THREE CLUBS JACK,0.6588,0.0074,0.3338
CLUBS SIX HEARTS KING,0.6458,0.0076,0.3466
DIAMONDS TWO HEARTS JACK,0.6614,0.005,0.3336
SPADES THREE CLUBS QUEEN,0.6584,0.0058,0.3358
DIAMONDS TWO HEARTS TEN,0.659,0.0052,0.3358
SPADES THREE CLUBS KING,0.6482,0.0042,0.3476
SPADES FIVE HEARTS TEN,0.655,0.0028,0.3422
HEARTS FIVE CLUBS KING,0.6484,0.0062,0.3454
SPADES FIVE HEARTS JACK,0.6496,0.0032,0.3472
HEARTS FIVE CLUBS QUEEN,0.6444,0.005,0.3506
HEARTS THREE CLUBS KING,0.644,0.004,0.352
DIAMONDS KING CLUBS KING,0.3112,0.0036,0.6852
HEARTS THREE CLUBS QUEEN,0.647,0.0066,0.3464
DIAMONDS KING CLUBS QUEEN,0.5946,0.0054,0.4
HEARTS FIVE HEARTS JACK,0.6128,0.0034,0.3838
HEARTS FIVE HEARTS TEN,0.6086,0.0058,0.3856
SPADES ACE CLUBS QUEEN,0.2822,0.0618,0.656
SPADES KING CLUBS QUEEN,0.5938,0.005,0.4012
HEARTS THREE CLUBS JACK,0.6592,0.0062,0.3346
DIAMONDS KING CLUBS JACK,0.5878,0.0048,0.4074
SPADES QUEEN CLUBS QUEEN,0.3276,0.006,0.6664
CLUBS TEN HEARTS THREE,0.6458,0.004,0.3502
CLUBS TEN DIAMONDS KING,0.5924,0.0044,0.4032
SPADES JACK CLUBS QUEEN,0.5852,0.0046,0.4102
CLUBS SIX CLUBS QUEEN,0.6406,0.0066,0.3528
SPADES TEN CLUBS QUEEN,0.586,0.0044,0.4096
CLUBS SIX CLUBS KING,0.6598,0.0056,0.3346
HEARTS FIVE HEARTS KING,0.6012,0.0056,0.3932
HEARTS FIVE HEARTS QUEEN,0.61,0.0046,0.3854
CLUBS TEN CLUBS SIX,0.6402,0.0066,0.3532
HEARTS FIVE HEARTS ACE,0.561,0.1584,0.2806
CLUBS SIX CLUBS JACK,0.636,0.005,0.359
SPADES SEVEN HEARTS JACK,0.6538,0.0048,0.3414
SPADES SEVEN HEARTS TEN,0.6384,0.002,0.3596
DIAMONDS TWO CLUBS TWO,0.4846,0.0076,0.5078
DIAMONDS TWO CLUBS THREE,0.6586,0.0066,0.3348
HEARTS SIX DIAMONDS TWO,0.6966,0.0054,0.298
DIAMONDS TWO HEARTS QUEEN,0.6518,0.0062,0.342
DIAMONDS TWO HEARTS SEVEN,0.6952,0.004,0.3008
DIAMONDS TWO HEARTS KING,0.664,0.004,0.332
DIAMONDS TWO HEARTS EIGHT,0.7016,0.0034,0.295
DIAMONDS TWO HEARTS ACE,0.6046,0.1616,0.2338
DIAMONDS TWO HEARTS NINE,0.7628,0.0256,0.2116
DIAMONDS TWO DIAMONDS QUEEN,0.6182,0.004,0.3778
DIAMONDS TWO HEARTS TWO,0.5108,0.0066,0.4826
DIAMONDS TWO DIAMONDS KING,0.6186,0.004,0.3774
HEARTS THREE DIAMONDS TWO,0.681,0.0046,0.3144
DIAMONDS TWO DIAMONDS ACE,0.5666,0.1542,0.2792
HEARTS FOUR DIAMONDS TWO,0.6768,0.0054,0.3178
DIAMONDS TWO HEARTS FIVE,0.6758,0.0054,0.3188
SPADES SEVEN HEARTS ACE,0.618,0.1628,0.2192
DIAMONDS TWO DIAMONDS TEN,0.6246,0.0044,0.371
SPADES SEVEN HEARTS KING,0.6384,0.0042,0.3574
DIAMONDS TWO DIAMONDS JACK,0.621,0.0044,0.3746
SPADES SEVEN HEARTS QUEEN,0.6644,0.004,0.3316
DIAMONDS TWO SPADES NINE,0.7796,0.0212,0.1992
DIAMONDS TWO SPADES EIGHT,0.687,0.005,0.308
DIAMONDS TWO SPADES SEVEN,0.701,0.005,0.294
DIAMONDS TWO SPADES SIX,0.689,0.004,0.307
DIAMONDS TWO SPADES FIVE,0.6618,0.0072,0.331
DIAMONDS TWO SPADES FOUR,0.6782,0.0048,0.317
DIAMONDS TWO SPADES THREE,0.6714,0.0042,0.3244
DIAMONDS TWO SPADES TWO,0.491,0.0048,0.5042
CLUBS EIGHT DIAMONDS TWO,0.6992,0.0068,0.294
DIAMONDS TWO CLUBS SEVEN,0.6954,0.0058,0.2988
CLUBS SIX DIAMONDS TWO,0.6772,0.0052,0.3176
DIAMONDS TWO CLUBS FIVE,0.6662,0.0054,0.3284
DIAMONDS TWO CLUBS FOUR,0.6526,0.0066,0.3408
CLUBS FOUR SPADES FIVE,0.6362,0.0058,0.358
CLUBS FOUR SPADES FOUR,0.4996,0.0056,0.4948
CLUBS FOUR SPADES THREE,0.6646,0.007,0.3284
CLUBS FOUR SPADES TWO,0.671,0.0082,0.3208
CLUBS FOUR SPADES NINE,0.7506,0.0272,0.2222
CLUBS FOUR SPADES EIGHT,0.6752,0.0058,0.319
CLUBS FOUR SPADES SEVEN,0.661,0.005,0.334
CLUBS FOUR SPADES SIX,0.66,0.0048,0.3352
SPADES ACE DIAMONDS SIX,0.6148,0.1622,0.223
SPADES QUEEN DIAMONDS SIX,0.666,0.004,0.33
SPADES KING DIAMONDS SIX,0.6592,0.0038,0.337
SPADES TEN DIAMONDS SIX,0.655,0.0046,0.3404
SPADES JACK DIAMONDS SIX,0.6718,0.0036,0.3246
SPADES QUEEN SPADES TWO,0.6278,0.004,0.3682
SPADES KING SPADES TWO,0.6154,0.0056,0.379
SPADES ACE SPADES TWO,0.5858,0.154,0.2602
DIAMONDS JACK CLUBS JACK,0.3336,0.0036,0.6628
CLUBS TEN DIAMONDS JACK,0.576,0.004,0.42
DIAMONDS JACK CLUBS KING,0.6034,0.0054,0.3912
DIAMONDS JACK CLUBS QUEEN,0.5918,0.005,0.4032
DIAMONDS THREE DIAMONDS JACK,0.6186,0.0024,0.379
DIAMONDS THREE DIAMONDS TEN,0.6232,0.005,0.3718
DIAMONDS THREE DIAMONDS KING,0.6192,0.0042,0.3766
HEARTS THREE DIAMONDS THREE,0.4922,0.0052,0.5026
DIAMONDS THREE DIAMONDS QUEEN,0.619,0.0066,0.3744
DIAMONDS THREE HEARTS TWO,0.6664,0.0046,0.329
HEARTS FIVE DIAMONDS THREE,0.6502,0.0052,0.3446
DIAMONDS THREE DIAMONDS ACE,0.5646,0.158,0.2774
HEARTS FOUR DIAMONDS THREE,0.6564,0.0064,0.3372
DIAMONDS THREE HEARTS SEVEN,0.6864,0.0046,0.309
SPADES TEN SPADES NINE,0.6596,0.0176,0.3228
HEARTS SIX DIAMONDS THREE,0.6604,0.0054,0.3342
SPADES JACK SPADES NINE,0.6818,0.017,0.3012
DIAMONDS THREE HEARTS NINE,0.7578,0.024,0.2182
HEARTS JACK DIAMONDS FOUR,0.657,0.0048,0.3382
HEARTS KING HEARTS ACE,0.2742,0.0414,0.6844
SPADES TEN SPADES TWO,0.6222,0.0048,0.373
DIAMONDS THREE HEARTS EIGHT,0.6882,0.0042,0.3076
HEARTS TEN DIAMONDS FOUR,0.6606,0.0058,0.3336
SPADES JACK SPADES TWO,0.6138,0.0058,0.3804
HEARTS QUEEN DIAMONDS FOUR,0.6544,0.0048,0.3408
HEARTS KING DIAMONDS FOUR,0.6536,0.0052,0.3412
SPADES ACE SPADES NINE,0.0708,0.8544,0.0748
HEARTS ACE DIAMONDS FOUR,0.6162,0.1534,0.2304
SPADES KING SPADES NINE,0.688,0.021,0.291
SPADES QUEEN SPADES NINE,0.6912,0.0212,0.2876
DIAMONDS THREE SPADES NINE,0.7664,0.0256,0.208
DIAMONDS THREE SPADES EIGHT,0.6972,0.0044,0.2984
DIAMONDS THREE SPADES SEVEN,0.6744,0.0054,0.3202
DIAMONDS THREE SPADES SIX,0.6702,0.0022,0.3276
CLUBS SIX DIAMONDS THREE,0.683,0.0024,0.3146
CLUBS SIX CLUBS FIVE,0.6362,0.0078,0.356
CLUBS SEVEN CLUBS FIVE,0.6414,0.0066,0.352
CLUBS SEVEN DIAMONDS THREE,0.6786,0.0058,0.3156
DIAMONDS THREE CLUBS FOUR,0.6532,0.0046,0.3422
DIAMONDS FOUR CLUBS QUEEN,0.6588,0.0044,0.3368
DIAMONDS THREE CLUBS FIVE,0.646,0.0068,0.3472
CLUBS KING DIAMONDS FOUR,0.6504,0.0054,0.3442
DIAMONDS THREE CLUBS TWO,0.6706,0.005,0.3244
CLUBS TEN DIAMONDS FOUR,0.6562,0.0048,0.339
DIAMONDS THREE CLUBS THREE,0.4952,0.0052,0.4996
DIAMONDS FOUR CLUBS JACK,0.6588,0.0048,0.3364
DIAMONDS THREE SPADES FOUR,0.651,0.0048,0.3442
DIAMONDS THREE SPADES FIVE,0.6546,0.0054,0.34
DIAMONDS THREE SPADES TWO,0.6794,0.0058,0.3148
DIAMONDS THREE SPADES THREE,0.4994,0.003,0.4976
CLUBS EIGHT DIAMONDS THREE,0.7004,0.0034,0.2962
SPADES SEVEN CLUBS QUEEN,0.6596,0.0048,0.3356
SPADES SEVEN CLUBS KING,0.6572,0.0044,0.3384
CLUBS FIVE SPADES SEVEN,0.6544,0.005,0.3406
CLUBS TEN SPADES SEVEN,0.6366,0.0034,0.36
CLUBS FIVE SPADES SIX,0.6326,0.0064,0.361
SPADES SEVEN CLUBS JACK,0.6464,0.005,0.3486
SPADES NINE CLUBS FIVE,0.7416,0.0298,0.2286
CLUBS FIVE SPADES EIGHT,0.6646,0.0046,0.3308
CLUBS FIVE SPADES THREE,0.6458,0.0062,0.348
CLUBS FIVE SPADES TWO,0.6614,0.0058,0.3328
CLUBS FIVE SPADES FIVE,0.4822,0.004,0.5138
CLUBS FIVE SPADES FOUR,0.6414,0.0046,0.354
CLUBS EIGHT CLUBS FIVE,0.6504,0.0052,0.3444
CLUBS KING CLUBS QUEEN,0.5836,0.0056,0.4108
DIAMONDS TEN DIAMONDS FOUR,0.6112,0.0044,0.3844
CLUBS TEN DIAMONDS NINE,0.7016,0.0176,0.2808
DIAMONDS JACK DIAMONDS FOUR,0.6142,0.0044,0.3814
DIAMONDS NINE CLUBS JACK,0.7118,0.019,0.2692
SPADES NINE CLUBS JACK,0.7142,0.0192,0.2666
CLUBS TEN SPADES NINE,0.7116,0.017,0.2714
DIAMONDS ACE DIAMONDS FOUR,0.5676,0.1584,0.274
HEARTS FOUR DIAMONDS FOUR,0.4918,0.0048,0.5034
DIAMONDS JACK HEARTS TEN,0.5842,0.0036,0.4122
SPADES NINE CLUBS KING,0.7302,0.0212,0.2486
DIAMONDS TWO SPADES TEN,0.6564,0.0056,0.338
HEARTS FIVE DIAMONDS FOUR,0.6488,0.0058,0.3454
HEARTS JACK DIAMONDS JACK,0.3402,0.0032,0.6566
SPADES NINE CLUBS QUEEN,0.7208,0.0234,0.2558
DIAMONDS TWO SPADES JACK,0.6678,0.0048,0.3274
DIAMONDS QUEEN DIAMONDS FOUR,0.616,0.006,0.378
HEARTS TWO DIAMONDS FOUR,0.6628,0.005,0.3322
DIAMONDS NINE CLUBS QUEEN,0.7376,0.0194,0.243
DIAMONDS KING DIAMONDS FOUR,0.6142,0.0042,0.3816
HEARTS THREE DIAMONDS FOUR,0.6576,0.0048,0.3376
DIAMONDS NINE CLUBS KING,0.754,0.0172,0.2288
HEARTS ACE DIAMONDS JACK,0.274,0.077,0.649
SPADES ACE DIAMONDS TWO,0.607,0.166,0.227
DIAMONDS JACK HEARTS QUEEN,0.598,0.005,0.397
SPADES QUEEN DIAMONDS TWO,0.655,0.0042,0.3408
HEARTS KING DIAMONDS JACK,0.6116,0.0034,0.385
SPADES KING DIAMONDS TWO,0.6714,0.0082,0.3204
SPADES JACK SPADES SEVEN,0.6056,0.0036,0.3908
SPADES TEN SPADES SEVEN,0.5888,0.005,0.4062
CLUBS SEVEN CLUBS THREE,0.6676,0.006,0.3264
CLUBS SIX CLUBS THREE,0.6678,0.0044,0.3278
CLUBS FIVE CLUBS THREE,0.6434,0.0054,0.3512
CLUBS FOUR CLUBS THREE,0.6518,0.0066,0.3416
CLUBS EIGHT CLUBS THREE,0.6888,0.0068,0.3044
CLUBS THREE SPADES FIVE,0.6556,0.0068,0.3376
CLUBS THREE SPADES FOUR,0.66,0.0062,0.3338
CLUBS THREE SPADES THREE,0.4878,0.0056,0.5066
CLUBS THREE SPADES TWO,0.6674,0.007,0.3256
CLUBS THREE SPADES SIX,0.6654,0.0056,0.329
SPADES SEVEN CLUBS THREE,0.6842,0.0046,0.3112
SPADES EIGHT CLUBS THREE,0.6848,0.0054,0.3098
SPADES NINE CLUBS THREE,0.7536,0.0292,0.2172
SPADES TWO DIAMONDS FOUR,0.6742,0.0056,0.3202
SPADES THREE DIAMONDS FOUR,0.6656,0.0046,0.3298
SPADES FOUR DIAMONDS FOUR,0.5014,0.0052,0.4934
SPADES FIVE DIAMONDS FOUR,0.6386,0.0036,0.3578
SPADES SIX DIAMONDS FOUR,0.658,0.0052,0.3368
SPADES SEVEN DIAMONDS FOUR,0.6706,0.004,0.3254
SPADES EIGHT DIAMONDS FOUR,0.6922,0.0042,0.3036
SPADES NINE DIAMONDS FOUR,0.763,0.0234,0.2136
CLUBS FIVE DIAMONDS FOUR,0.657,0.0054,0.3376
CLUBS FOUR DIAMONDS FOUR,0.4828,0.004,0.5132
CLUBS SEVEN DIAMONDS FOUR,0.6686,0.0056,0.3258
CLUBS SIX DIAMONDS FOUR,0.6566,0.003,0.3404
CLUBS EIGHT DIAMONDS FOUR,0.674,0.0054,0.3206
DIAMONDS FOUR HEARTS SEVEN,0.6758,0.0032,0.321
HEARTS SIX DIAMONDS FOUR,0.6674,0.003,0.3296
HEARTS NINE DIAMONDS FOUR,0.763,0.0254,0.2116
DIAMONDS FOUR HEARTS EIGHT,0.6884,0.0024,0.3092
CLUBS THREE DIAMONDS FOUR,0.6574,0.0058,0.3368
CLUBS TWO DIAMONDS FOUR,0.6644,0.0058,0.3298
DIAMONDS TEN DIAMONDS FIVE,0.6174,0.0054,0.3772
DIAMONDS JACK DIAMONDS FIVE,0.6126,0.0044,0.383
DIAMONDS NINE HEARTS QUEEN,0.7278,0.0186,0.2536
HEARTS KING DIAMONDS NINE,0.7336,0.019,0.2474
DIAMONDS NINE HEARTS ACE,0.074,0.9066,0.0194
DIAMONDS NINE HEARTS TEN,0.7084,0.0174,0.2742
DIAMONDS NINE HEARTS JACK,0.7176,0.0174,0.265
CLUBS KING DIAMONDS SIX,0.6462,0.0054,0.3484
CLUBS QUEEN DIAMONDS SIX,0.6552,0.0052,0.3396
SPADES KING DIAMONDS FOUR,0.6494,0.0032,0.3474
SPADES ACE SPADES SEVEN,0.5774,0.163,0.2596
SPADES QUEEN DIAMONDS FOUR,0.6576,0.0046,0.3378
SPADES QUEEN SPADES SEVEN,0.6318,0.0048,0.3634
CLUBS JACK DIAMONDS SIX,0.6586,0.005,0.3364
SPADES KING SPADES SEVEN,0.6234,0.0038,0.3728
SPADES ACE DIAMONDS FOUR,0.6102,0.1692,0.2206
CLUBS TEN DIAMONDS SIX,0.6368,0.0046,0.3586
CLUBS EIGHT CLUBS FOUR,0.673,0.0032,0.3238
SPADES JACK DIAMONDS FOUR,0.6554,0.0034,0.3412
SPADES TEN DIAMONDS FOUR,0.6562,0.0028,0.341
CLUBS FOUR CLUBS FIVE,0.6432,0.0056,0.3512
CLUBS SEVEN CLUBS FOUR,0.67,0.006,0.324
CLUBS SIX CLUBS FOUR,0.6518,0.0064,0.3418
CLUBS SEVEN SPADES EIGHT,0.629,0.0034,0.3676
CLUBS SEVEN SPADES NINE,0.7068,0.023,0.2702
CLUBS SEVEN SPADES SIX,0.6366,0.0052,0.3582
CLUBS SEVEN SPADES SEVEN,0.4716,0.0046,0.5238
CLUBS SEVEN SPADES FIVE,0.6536,0.0034,0.343
CLUBS SEVEN SPADES FOUR,0.6654,0.0042,0.3304
CLUBS SEVEN SPADES THREE,0.6808,0.0066,0.3126
CLUBS SEVEN SPADES TWO,0.6948,0.0032,0.302
CLUBS EIGHT CLUBS SEVEN,0.641,0.0052,0.3538
HEARTS SIX DIAMONDS FIVE,0.6368,0.0048,0.3584
DIAMONDS FIVE HEARTS SEVEN,0.6458,0.0052,0.349
DIAMONDS FIVE HEARTS EIGHT,0.6662,0.004,0.3298
HEARTS NINE DIAMONDS FIVE,0.7522,0.027,0.2208
DIAMONDS QUEEN DIAMONDS FIVE,0.6232,0.004,0.3728
HEARTS TWO DIAMONDS FIVE,0.668,0.0052,0.3268
HEARTS KING HEARTS EIGHT,0.633,0.0044,0.3626
DIAMONDS KING DIAMONDS FIVE,0.613,0.0044,0.3826
HEARTS THREE DIAMONDS FIVE,0.6572,0.006,0.3368
HEARTS QUEEN HEARTS EIGHT,0.6106,0.004,0.3854
DIAMONDS ACE DIAMONDS FIVE,0.5636,0.1496,0.2868
HEARTS FOUR DIAMONDS FIVE,0.6394,0.0046,0.356
HEARTS FIVE DIAMONDS FIVE,0.4926,0.005,0.5024
HEARTS ACE HEARTS EIGHT,0.5918,0.156,0.2522
CLUBS FOUR DIAMONDS FIVE,0.6454,0.0052,0.3494
CLUBS FIVE DIAMONDS FIVE,0.4872,0.0052,0.5076
CLUBS SIX DIAMONDS FIVE,0.6626,0.0056,0.3318
CLUBS SEVEN DIAMONDS FIVE,0.6532,0.0058,0.341
CLUBS TWO DIAMONDS FIVE,0.6596,0.0046,0.3358
CLUBS THREE DIAMONDS FIVE,0.6402,0.0042,0.3556
SPADES THREE DIAMONDS FIVE,0.6576,0.0062,0.3362
SPADES TWO DIAMONDS FIVE,0.6688,0.0032,0.328
SPADES JACK DIAMONDS EIGHT,0.6532,0.0038,0.343
SPADES FIVE DIAMONDS FIVE,0.497,0.0036,0.4994
CLUBS TEN HEARTS JACK,0.5706,0.0056,0.4238
SPADES TEN DIAMONDS EIGHT,0.63,0.0036,0.3664
SPADES FOUR DIAMONDS FIVE,0.6422,0.0038,0.354
HEARTS JACK CLUBS JACK,0.3346,0.0042,0.6612
HEARTS JACK CLUBS QUEEN,0.5944,0.006,0.3996
HEARTS JACK CLUBS KING,0.6144,0.0044,0.3812
CLUBS EIGHT DIAMONDS FIVE,0.6554,0.0062,0.3384
SPADES SEVEN DIAMONDS FIVE,0.6568,0.0042,0.339
SPADES KING DIAMONDS EIGHT,0.6608,0.0028,0.3364
SPADES QUEEN DIAMONDS EIGHT,0.6472,0.0048,0.348
SPADES SIX DIAMONDS FIVE,0.6304,0.0052,0.3644
SPADES NINE DIAMONDS FIVE,0.754,0.0192,0.2268
SPADES EIGHT DIAMONDS FIVE,0.6698,0.0056,0.3246
SPADES ACE DIAMONDS EIGHT,0.6164,0.1676,0.216
DIAMONDS TEN DIAMONDS SIX,0.6136,0.0054,0.381
HEARTS ACE DIAMONDS SEVEN,0.6138,0.161,0.2252
DIAMONDS JACK DIAMONDS SIX,0.6232,0.004,0.3728
HEARTS QUEEN DIAMONDS SEVEN,0.6584,0.0032,0.3384
HEARTS KING DIAMONDS SEVEN,0.6664,0.0054,0.3282
DIAMONDS ACE DIAMONDS SIX,0.5866,0.1516,0.2618
HEARTS FOUR DIAMONDS SIX,0.6446,0.0052,0.3502
HEARTS JACK SPADES TWO,0.653,0.0048,0.3422
HEARTS FIVE DIAMONDS SIX,0.6554,0.0034,0.3412
SPADES TWO HEARTS TEN,0.6602,0.0034,0.3364
DIAMONDS QUEEN DIAMONDS SIX,0.6132,0.0054,0.3814
HEARTS TWO DIAMONDS SIX,0.669,0.0058,0.3252
DIAMONDS KING DIAMONDS SIX,0.6262,0.0054,0.3684
HEARTS THREE DIAMONDS SIX,0.6776,0.0044,0.318
HEARTS EIGHT DIAMONDS SIX,0.6578,0.004,0.3382
HEARTS NINE DIAMONDS SIX,0.7308,0.0222,0.247
HEARTS SIX DIAMONDS SIX,0.4932,0.0034,0.5034
HEARTS SEVEN DIAMONDS SIX,0.6538,0.0052,0.341
HEARTS TEN DIAMONDS SEVEN,0.6346,0.0032,0.3622
CLUBS TWO DIAMONDS SIX,0.6894,0.0058,0.3048
HEARTS JACK DIAMONDS SEVEN,0.639,0.0038,0.3572
CLUBS THREE DIAMONDS SIX,0.6724,0.0054,0.3222
DIAMONDS EIGHT CLUBS JACK,0.643,0.0036,0.3534
CLUBS SEVEN DIAMONDS SIX,0.6448,0.0046,0.3506
CLUBS SIX DIAMONDS SIX,0.4892,0.005,0.5058
CLUBS TEN DIAMONDS EIGHT,0.6226,0.0034,0.374
CLUBS FIVE DIAMONDS SIX,0.6426,0.006,0.3514
CLUBS FOUR DIAMONDS SIX,0.6516,0.0066,0.3418
HEARTS ACE HEARTS JACK,0.279,0.0838,0.6372
HEARTS JACK HEARTS QUEEN,0.5574,0.0064,0.4362
DIAMONDS EIGHT CLUBS KING,0.6722,0.005,0.3228
HEARTS KING HEARTS JACK,0.5618,0.0038,0.4344
DIAMONDS EIGHT CLUBS QUEEN,0.648,0.0062,0.3458
CLUBS EIGHT DIAMONDS SIX,0.6604,0.0042,0.3354
SPADES TEN HEARTS KING,0.5988,0.0042,0.397
SPADES FIVE DIAMONDS SIX,0.6458,0.0042,0.35
HEARTS ACE SPADES TWO,0.5992,0.1716,0.2292
SPADES JACK HEARTS KING,0.609,0.003,0.388
SPADES FOUR DIAMONDS SIX,0.6524,0.0052,0.3424
SPADES THREE DIAMONDS SIX,0.6758,0.004,0.3202
HEARTS QUEEN SPADES TWO,0.654,0.0058,0.3402
SPADES ACE SPADES KING,0.2754,0.0444,0.6802
HEARTS KING SPADES TWO,0.6606,0.005,0.3344
SPADES TWO DIAMONDS SIX,0.7064,0.0042,0.2894
HEARTS TEN HEARTS EIGHT,0.5832,0.0056,0.4112
SPADES NINE DIAMONDS SIX,0.7218,0.0246,0.2536
HEARTS JACK HEARTS EIGHT,0.5968,0.0048,0.3984
SPADES EIGHT DIAMONDS SIX,0.662,0.0048,0.3332
SPADES SEVEN DIAMONDS SIX,0.6446,0.004,0.3514
SPADES SIX DIAMONDS SIX,0.4986,0.0042,0.4972
SPADES KING HEARTS KING,0.3218,0.0048,0.6734
SPADES QUEEN HEARTS KING,0.6036,0.004,0.3924
SPADES ACE HEARTS KING,0.2986,0.0466,0.6548
SPADES ACE HEARTS JACK,0.2858,0.0878,0.6264
SPADES QUEEN HEARTS JACK,0.601,0.0038,0.3952
SPADES KING HEARTS JACK,0.6058,0.003,0.3912
SPADES TEN DIAMONDS TEN,0.354,0.0042,0.6418
SPADES JACK DIAMONDS TEN,0.5928,0.0034,0.4038
SPADES ACE DIAMONDS TEN,0.2762,0.1068,0.617
SPADES JACK HEARTS JACK,0.334,0.004,0.662
SPADES TEN HEARTS JACK,0.5842,0.003,0.4128
SPADES QUEEN DIAMONDS TEN,0.596,0.0034,0.4006
SPADES KING DIAMONDS TEN,0.609,0.0052,0.3858
SPADES NINE DIAMONDS SEVEN,0.7182,0.02,0.2618
SPADES EIGHT DIAMONDS SEVEN,0.6364,0.004,0.3596
SPADES SEVEN DIAMONDS SEVEN,0.4684,0.004,0.5276
SPADES SIX DIAMONDS SEVEN,0.6478,0.003,0.3492
DIAMONDS KING DIAMONDS SEVEN,0.6182,0.0054,0.3764
HEARTS THREE DIAMONDS SEVEN,0.6772,0.0054,0.3174
HEARTS KING DIAMONDS FIVE,0.6536,0.005,0.3414
DIAMONDS QUEEN DIAMONDS SEVEN,0.6096,0.0048,0.3856
HEARTS TWO DIAMONDS SEVEN,0.716,0.0056,0.2784
HEARTS QUEEN DIAMONDS FIVE,0.6466,0.0052,0.3482
HEARTS FIVE DIAMONDS SEVEN,0.6566,0.0018,0.3416
DIAMONDS ACE DIAMONDS SEVEN,0.5752,0.1558,0.269
HEARTS FOUR DIAMONDS SEVEN,0.6722,0.0058,0.322
HEARTS ACE DIAMONDS FIVE,0.6024,0.1592,0.2384
HEARTS SEVEN DIAMONDS SEVEN,0.4736,0.003,0.5234
HEARTS SIX DIAMONDS SEVEN,0.6458,0.0036,0.3506
HEARTS NINE DIAMONDS SEVEN,0.7356,0.0182,0.2462
DIAMONDS SEVEN HEARTS EIGHT,0.645,0.0048,0.3502
DIAMONDS JACK DIAMONDS SEVEN,0.6124,0.0054,0.3822
HEARTS JACK DIAMONDS FIVE,0.6506,0.003,0.3464
DIAMONDS TEN DIAMONDS SEVEN,0.6022,0.005,0.3928
DIAMONDS FIVE HEARTS TEN,0.6592,0.0034,0.3374
SPADES KING CLUBS TWO,0.6662,0.0046,0.3292
HEARTS KING CLUBS KING,0.3114,0.0026,0.686
CLUBS EIGHT DIAMONDS SEVEN,0.6252,0.0038,0.371
SPADES QUEEN CLUBS TWO,0.655,0.0044,0.3406
HEARTS KING CLUBS QUEEN,0.5952,0.003,0.4018
SPADES TWO CLUBS JACK,0.645,0.006,0.349
SPADES ACE CLUBS TWO,0.6108,0.1628,0.2264
CLUBS TEN SPADES TWO,0.655,0.0042,0.3408
CLUBS SIX CLUBS SEVEN,0.6402,0.0054,0.3544
SPADES TWO CLUBS KING,0.6502,0.0054,0.3444
SPADES TWO DIAMONDS SEVEN,0.6718,0.0048,0.3234
CLUBS EIGHT CLUBS SIX,0.6554,0.0062,0.3384
SPADES THREE DIAMONDS SEVEN,0.6862,0.0034,0.3104
SPADES TWO CLUBS QUEEN,0.652,0.0048,0.3432
SPADES FOUR DIAMONDS SEVEN,0.6638,0.005,0.3312
HEARTS KING CLUBS JACK,0.5982,0.0056,0.3962
SPADES FIVE DIAMONDS SEVEN,0.6546,0.0042,0.3412
CLUBS TEN HEARTS KING,0.594,0.0046,0.4014
CLUBS SIX SPADES TWO,0.6838,0.0044,0.3118
CLUBS SIX SPADES THREE,0.6662,0.0072,0.3266
CLUBS TWO DIAMONDS SEVEN,0.6924,0.0034,0.3042
CLUBS SIX SPADES FOUR,0.651,0.005,0.344
CLUBS THREE DIAMONDS SEVEN,0.682,0.0074,0.3106
CLUBS SIX SPADES FIVE,0.6384,0.0042,0.3574
CLUBS FOUR DIAMONDS SEVEN,0.663,0.0052,0.3318
CLUBS SIX SPADES SIX,0.4768,0.0052,0.518
CLUBS FIVE DIAMONDS SEVEN,0.6462,0.005,0.3488
CLUBS SIX SPADES SEVEN,0.6462,0.0042,0.3496
CLUBS SIX DIAMONDS SEVEN,0.644,0.0044,0.3516
CLUBS SIX SPADES EIGHT,0.6558,0.0082,0.336
SPADES JACK CLUBS TWO,0.657,0.0076,0.3354
CLUBS SIX SPADES NINE,0.7358,0.0222,0.242
SPADES TEN CLUBS TWO,0.6674,0.0046,0.328
CLUBS SEVEN DIAMONDS SEVEN,0.4654,0.0036,0.531
CLUBS TWO CLUBS QUEEN,0.6516,0.0072,0.3412
CLUBS TWO CLUBS KING,0.6428,0.0084,0.3488
CLUBS THREE DIAMONDS EIGHT,0.691,0.0038,0.3052
CLUBS TWO DIAMONDS EIGHT,0.686,0.006,0.308
DIAMONDS EIGHT HEARTS SEVEN,0.6336,0.005,0.3614
HEARTS SIX DIAMONDS EIGHT,0.6594,0.0024,0.3382
DIAMONDS EIGHT HEARTS NINE,0.7076,0.02,0.2724
CLUBS TEN CLUBS TWO,0.6554,0.0058,0.3388
DIAMONDS EIGHT HEARTS EIGHT,0.4692,0.0048,0.526
CLUBS TWO CLUBS JACK,0.6654,0.0044,0.3302
CLUBS EIGHT DIAMONDS EIGHT,0.4816,0.0042,0.5142
CLUBS FIVE DIAMONDS EIGHT,0.6662,0.005,0.3288
SPADES ACE SPADES THREE,0.5644,0.1546,0.281
CLUBS FOUR DIAMONDS EIGHT,0.6836,0.005,0.3114
SPADES QUEEN SPADES THREE,0.6064,0.006,0.3876
CLUBS SEVEN DIAMONDS EIGHT,0.6298,0.0076,0.3626
CLUBS SIX DIAMONDS EIGHT,0.6488,0.0032,0.348
SPADES KING SPADES THREE,0.6274,0.0042,0.3684
DIAMONDS QUEEN DIAMONDS EIGHT,0.6096,0.0056,0.3848
HEARTS TWO DIAMONDS EIGHT,0.695,0.0048,0.3002
DIAMONDS KING DIAMONDS EIGHT,0.6156,0.005,0.3794
HEARTS THREE DIAMONDS EIGHT,0.697,0.0036,0.2994
DIAMONDS ACE DIAMONDS EIGHT,0.5846,0.159,0.2564
HEARTS FOUR DIAMONDS EIGHT,0.6746,0.0048,0.3206
HEARTS FIVE DIAMONDS EIGHT,0.677,0.0038,0.3192
DIAMONDS EIGHT DIAMONDS TEN,0.5944,0.0048,0.4008
DIAMONDS EIGHT DIAMONDS JACK,0.6012,0.0046,0.3942
SPADES JACK SPADES THREE,0.6162,0.0058,0.378
SPADES TEN SPADES THREE,0.6174,0.0038,0.3788
CLUBS FOUR HEARTS ACE,0.5888,0.1684,0.2428
CLUBS FOUR HEARTS QUEEN,0.6656,0.004,0.3304
CLUBS FOUR HEARTS KING,0.6536,0.006,0.3404
CLUBS SIX HEARTS TEN,0.6382,0.0036,0.3582
CLUBS SIX HEARTS JACK,0.662,0.0036,0.3344
DIAMONDS EIGHT SPADES FOUR,0.6712,0.003,0.3258
SPADES FIVE DIAMONDS EIGHT,0.668,0.0056,0.3264
DIAMONDS EIGHT SPADES TWO,0.6878,0.005,0.3072
DIAMONDS EIGHT SPADES THREE,0.69,0.003,0.307
CLUBS FOUR HEARTS JACK,0.6612,0.0056,0.3332
SPADES EIGHT DIAMONDS EIGHT,0.4612,0.0034,0.5354
SPADES TEN DIAMONDS QUEEN,0.5984,0.003,0.3986
SPADES TEN HEARTS TWO,0.6654,0.0042,0.3304
SPADES JACK HEARTS EIGHT,0.6442,0.0044,0.3514
CLUBS FOUR HEARTS TEN,0.6642,0.0042,0.3316
SPADES NINE DIAMONDS EIGHT,0.7072,0.0226,0.2702
SPADES TEN HEARTS EIGHT,0.6338,0.0058,0.3604
SPADES JACK HEARTS TWO,0.656,0.0048,0.3392
SPADES JACK DIAMONDS QUEEN,0.5964,0.0042,0.3994
SPADES SIX DIAMONDS EIGHT,0.6566,0.0038,0.3396
SPADES SEVEN DIAMONDS EIGHT,0.6498,0.004,0.3462
SPADES ACE HEARTS TWO,0.6202,0.1584,0.2214
SPADES ACE DIAMONDS QUEEN,0.2872,0.0596,0.6532
SPADES ACE HEARTS EIGHT,0.621,0.1682,0.2108
SPADES KING HEARTS EIGHT,0.655,0.005,0.34
SPADES QUEEN HEARTS TWO,0.6688,0.003,0.3282
SPADES QUEEN DIAMONDS QUEEN,0.333,0.0028,0.6642
SPADES KING DIAMONDS QUEEN,0.6136,0.005,0.3814
SPADES KING HEARTS TWO,0.6584,0.006,0.3356
SPADES QUEEN HEARTS EIGHT,0.6504,0.004,0.3456
CLUBS TWO HEARTS TEN,0.6602,0.0042,0.3356
CLUBS TWO HEARTS JACK,0.6662,0.0046,0.3292
SPADES SEVEN DIAMONDS NINE,0.7294,0.0186,0.252
SPADES SIX DIAMONDS NINE,0.7402,0.0226,0.2372
SPADES NINE DIAMONDS NINE,0.3528,0.0188,0.6284
SPADES EIGHT DIAMONDS NINE,0.717,0.0156,0.2674
SPADES TEN CLUBS KING,0.5984,0.0054,0.3962
DIAMONDS NINE SPADES THREE,0.757,0.0246,0.2184
SPADES JACK CLUBS KING,0.5884,0.004,0.4076
DIAMONDS NINE SPADES TWO,0.7614,0.0236,0.215
DIAMONDS NINE SPADES FIVE,0.745,0.0222,0.2328
DIAMONDS NINE SPADES FOUR,0.7676,0.0224,0.21
CLUBS EIGHT DIAMONDS NINE,0.703,0.0248,0.2722
CLUBS SIX DIAMONDS NINE,0.7312,0.029,0.2398
SPADES JACK CLUBS FOUR,0.6566,0.0056,0.3378
SPADES TEN CLUBS FOUR,0.6482,0.0072,0.3446
CLUBS SEVEN DIAMONDS NINE,0.7088,0.0244,0.2668
CLUBS FOUR DIAMONDS NINE,0.7774,0.0246,0.198
CLUBS FIVE DIAMONDS NINE,0.7388,0.0242,0.237
CLUBS TWO DIAMONDS NINE,0.7674,0.027,0.2056
CLUBS THREE DIAMONDS NINE,0.7588,0.0236,0.2176
DIAMONDS NINE HEARTS EIGHT,0.7108,0.0174,0.2718
DIAMONDS NINE HEARTS NINE,0.355,0.02,0.625
HEARTS SIX DIAMONDS NINE,0.7354,0.0222,0.2424
DIAMONDS NINE HEARTS SEVEN,0.7182,0.0208,0.261
DIAMONDS ACE DIAMONDS NINE,0.0736,0.8546,0.0718
HEARTS FOUR DIAMONDS NINE,0.7618,0.0248,0.2134
HEARTS FIVE DIAMONDS NINE,0.7328,0.0228,0.2444
CLUBS TWO HEARTS ACE,0.5984,0.1736,0.228
SPADES ACE CLUBS FOUR,0.6052,0.1538,0.241
DIAMONDS QUEEN DIAMONDS NINE,0.6854,0.0182,0.2964
HEARTS TWO DIAMONDS NINE,0.76,0.0242,0.2158
CLUBS TWO HEARTS KING,0.6482,0.0056,0.3462
SPADES KING CLUBS FOUR,0.653,0.0056,0.3414
DIAMONDS KING DIAMONDS NINE,0.7028,0.0194,0.2778
HEARTS THREE DIAMONDS NINE,0.7618,0.0246,0.2136
CLUBS TWO HEARTS QUEEN,0.6456,0.0062,0.3482
SPADES QUEEN CLUBS FOUR,0.6488,0.0062,0.345
DIAMONDS NINE DIAMONDS JACK,0.6732,0.0206,0.3062
CLUBS EIGHT SPADES NINE,0.708,0.0212,0.2708
DIAMONDS NINE DIAMONDS TEN,0.654,0.0174,0.3286
CLUBS EIGHT SPADES EIGHT,0.4708,0.0046,0.5246
CLUBS EIGHT SPADES SEVEN,0.6312,0.0062,0.3626
CLUBS EIGHT SPADES SIX,0.6526,0.0028,0.3446
CLUBS EIGHT SPADES FIVE,0.6704,0.0052,0.3244
CLUBS EIGHT SPADES FOUR,0.6686,0.0058,0.3256
CLUBS EIGHT SPADES THREE,0.6986,0.0044,0.297
CLUBS EIGHT SPADES TWO,0.6774,0.005,0.3176
HEARTS SIX DIAMONDS TEN,0.6572,0.0022,0.3406
DIAMONDS TEN HEARTS SEVEN,0.6254,0.0052,0.3694
DIAMONDS TEN HEARTS EIGHT,0.6288,0.0028,0.3684
CLUBS FOUR CLUBS JACK,0.647,0.0068,0.3462
DIAMONDS TEN HEARTS NINE,0.7168,0.017,0.2662
CLUBS TEN CLUBS FOUR,0.6538,0.0054,0.3408
CLUBS FOUR CLUBS KING,0.6546,0.005,0.3404
CLUBS FOUR CLUBS QUEEN,0.6396,0.006,0.3544
CLUBS TWO DIAMONDS TEN,0.6578,0.0048,0.3374
CLUBS THREE DIAMONDS TEN,0.6608,0.005,0.3342
DIAMONDS JACK DIAMONDS TEN,0.548,0.0038,0.4482
DIAMONDS QUEEN DIAMONDS TEN,0.5614,0.0044,0.4342
HEARTS TWO DIAMONDS TEN,0.6566,0.0046,0.3388
DIAMONDS KING DIAMONDS TEN,0.5778,0.0052,0.417
HEARTS THREE DIAMONDS TEN,0.6546,0.0038,0.3416
DIAMONDS ACE DIAMONDS TEN,0.269,0.1072,0.6238
HEARTS FOUR DIAMONDS TEN,0.6532,0.0042,0.3426
CLUBS EIGHT HEARTS JACK,0.634,0.0034,0.3626
HEARTS FIVE DIAMONDS TEN,0.6466,0.0046,0.3488
CLUBS EIGHT HEARTS TEN,0.6206,0.0054,0.374
CLUBS EIGHT HEARTS QUEEN,0.6396,0.0064,0.354
CLUBS EIGHT HEARTS KING,0.6564,0.0038,0.3398
CLUBS EIGHT HEARTS ACE,0.6074,0.1672,0.2254
CLUBS TEN HEARTS EIGHT,0.6194,0.0036,0.377
CLUBS JACK HEARTS EIGHT,0.6296,0.0062,0.3642
CLUBS QUEEN HEARTS EIGHT,0.6374,0.0042,0.3584
CLUBS KING HEARTS EIGHT,0.64,0.0056,0.3544
SPADES KING CLUBS KING,0.3188,0.0042,0.677
SPADES QUEEN CLUBS KING,0.5984,0.0052,0.3964
SPADES ACE CLUBS KING,0.2808,0.045,0.6742
DIAMONDS ACE HEARTS TEN,0.2622,0.1148,0.623
HEARTS FOUR HEARTS TEN,0.6084,0.0054,0.3862
DIAMONDS ACE HEARTS JACK,0.2972,0.0832,0.6196
HEARTS FOUR HEARTS JACK,0.615,0.0058,0.3792
SPADES KING CLUBS FIVE,0.6552,0.005,0.3398
SPADES QUEEN CLUBS FIVE,0.6468,0.0062,0.347
SPADES ACE CLUBS FIVE,0.5842,0.1658,0.25
DIAMONDS JACK HEARTS SEVEN,0.6504,0.0026,0.347
HEARTS SIX DIAMONDS JACK,0.6666,0.0034,0.33
DIAMONDS JACK HEARTS NINE,0.7134,0.0162,0.2704
DIAMONDS JACK HEARTS EIGHT,0.6376,0.004,0.3584
DIAMONDS KING DIAMONDS JACK,0.569,0.0074,0.4236
HEARTS THREE DIAMONDS JACK,0.6542,0.0024,0.3434
SPADES ACE SPADES SIX,0.5876,0.1462,0.2662
HEARTS ACE SPADES FOUR,0.6054,0.1616,0.233
DIAMONDS QUEEN DIAMONDS JACK,0.5592,0.0054,0.4354
HEARTS TWO DIAMONDS JACK,0.6594,0.0054,0.3352
HEARTS FIVE DIAMONDS JACK,0.6562,0.005,0.3388
SPADES QUEEN SPADES SIX,0.6148,0.0042,0.381
SPADES FOUR HEARTS QUEEN,0.66,0.0042,0.3358
DIAMONDS ACE DIAMONDS JACK,0.2696,0.0782,0.6522
HEARTS FOUR DIAMONDS JACK,0.6574,0.0032,0.3394
SPADES KING SPADES SIX,0.6118,0.0038,0.3844
HEARTS KING SPADES FOUR,0.6682,0.0036,0.3282
SPADES TEN SPADES SIX,0.6136,0.0034,0.383
SPADES JACK SPADES SIX,0.6232,0.005,0.3718
SPADES FOUR DIAMONDS JACK,0.6534,0.0044,0.3422
SPADES FIVE DIAMONDS JACK,0.6492,0.0032,0.3476
DIAMONDS JACK SPADES TWO,0.6508,0.005,0.3442
DIAMONDS JACK SPADES THREE,0.6536,0.0032,0.3432
SPADES ACE DIAMONDS THREE,0.5982,0.1668,0.235
SPADES QUEEN DIAMONDS THREE,0.6516,0.0038,0.3446
CLUBS EIGHT DIAMONDS JACK,0.6252,0.0042,0.3706
SPADES KING DIAMONDS THREE,0.6692,0.0048,0.326
CLUBS SIX DIAMONDS JACK,0.6612,0.006,0.3328
CLUBS SEVEN DIAMONDS JACK,0.6444,0.0062,0.3494
CLUBS FOUR DIAMONDS JACK,0.6492,0.0058,0.345
CLUBS FIVE DIAMONDS JACK,0.6506,0.0042,0.3452
CLUBS TWO DIAMONDS JACK,0.6602,0.0064,0.3334
CLUBS THREE DIAMONDS JACK,0.6474,0.0038,0.3488
SPADES TEN CLUBS FIVE,0.6434,0.0058,0.3508
HEARTS SIX SPADES JACK,0.658,0.0028,0.3392
HEARTS SIX SPADES TEN,0.6566,0.0038,0.3396
SPADES JACK CLUBS FIVE,0.6448,0.004,0.3512
SPADES JACK DIAMONDS THREE,0.6658,0.003,0.3312
DIAMONDS THREE SPADES TEN,0.6494,0.006,0.3446
CLUBS SEVEN CLUBS QUEEN,0.6424,0.0046,0.353
CLUBS SEVEN CLUBS KING,0.6524,0.0066,0.341
SPADES NINE DIAMONDS JACK,0.7202,0.0214,0.2584
CLUBS TEN CLUBS SEVEN,0.6292,0.0058,0.365
DIAMONDS ACE HEARTS ACE,0.1114,0.0146,0.874
HEARTS FOUR HEARTS ACE,0.56,0.1534,0.2866
SPADES EIGHT DIAMONDS JACK,0.64,0.0046,0.3554
SPADES ACE HEARTS SIX,0.6122,0.167,0.2208
CLUBS SEVEN CLUBS JACK,0.6412,0.0054,0.3534
DIAMONDS ACE HEARTS KING,0.2964,0.0452,0.6584
HEARTS FOUR HEARTS KING,0.6168,0.0042,0.379
SPADES SEVEN DIAMONDS JACK,0.6436,0.0034,0.353
SPADES KING HEARTS SIX,0.659,0.0038,0.3372
DIAMONDS ACE HEARTS QUEEN,0.2822,0.0638,0.654
HEARTS FOUR HEARTS QUEEN,0.6074,0.0048,0.3878
SPADES QUEEN HEARTS SIX,0.6626,0.0036,0.3338
SPADES SIX DIAMONDS JACK,0.657,0.0034,0.3396
DIAMONDS TEN SPADES TWO,0.6592,0.006,0.3348
SPADES THREE DIAMONDS TEN,0.6552,0.006,0.3388
SPADES FOUR DIAMONDS TEN,0.6578,0.0046,0.3376
SPADES FIVE DIAMONDS TEN,0.6528,0.004,0.3432
SPADES SIX DIAMONDS TEN,0.6612,0.0038,0.335
SPADES SEVEN DIAMONDS TEN,0.6474,0.0042,0.3484
SPADES EIGHT DIAMONDS TEN,0.6176,0.0042,0.3782
SPADES NINE DIAMONDS TEN,0.7012,0.0174,0.2814
CLUBS FOUR DIAMONDS TEN,0.6608,0.0036,0.3356
CLUBS FIVE DIAMONDS TEN,0.6494,0.005,0.3456
CLUBS SIX DIAMONDS TEN,0.6414,0.005,0.3536
CLUBS SEVEN DIAMONDS TEN,0.6346,0.0038,0.3616
CLUBS EIGHT DIAMONDS TEN,0.6184,0.0042,0.3774
DIAMONDS THREE CLUBS JACK,0.6574,0.0052,0.3374
CLUBS TEN DIAMONDS THREE,0.655,0.004,0.341
DIAMONDS THREE CLUBS KING,0.648,0.0046,0.3474
DIAMONDS THREE CLUBS QUEEN,0.6502,0.0072,0.3426
SPADES FOUR HEARTS JACK,0.646,0.0048,0.3492
SPADES FOUR HEARTS TEN,0.6644,0.0038,0.3318
SPADES FIVE SPADES TWO,0.6466,0.006,0.3474
SPADES FOUR SPADES TWO,0.6382,0.0056,0.3562
SPADES THREE SPADES TWO,0.634,0.005,0.361
SPADES NINE SPADES TWO,0.7256,0.0232,0.2512
SPADES EIGHT SPADES TWO,0.6374,0.0044,0.3582
SPADES SEVEN SPADES TWO,0.6536,0.0038,0.3426
SPADES SIX SPADES TWO,0.6424,0.0062,0.3514
DIAMONDS QUEEN CLUBS THREE,0.6622,0.0054,0.3324
HEARTS TWO CLUBS THREE,0.6644,0.0054,0.3302
DIAMONDS QUEEN CLUBS TWO,0.6534,0.0036,0.343
CLUBS TWO HEARTS TWO,0.4884,0.0052,0.5064
DIAMONDS QUEEN HEARTS SEVEN,0.6704,0.0046,0.325
HEARTS TWO HEARTS SEVEN,0.661,0.0046,0.3344
HEARTS SIX DIAMONDS QUEEN,0.6596,0.0048,0.3356
HEARTS SIX HEARTS TWO,0.64,0.0058,0.3542
DIAMONDS QUEEN HEARTS NINE,0.729,0.0198,0.2512
HEARTS TWO HEARTS NINE,0.7234,0.0242,0.2524
DIAMONDS QUEEN HEARTS EIGHT,0.6434,0.003,0.3536
HEARTS TWO HEARTS EIGHT,0.66,0.0064,0.3336
CLUBS EIGHT HEARTS TWO,0.6848,0.0086,0.3066
CLUBS EIGHT DIAMONDS QUEEN,0.6466,0.0052,0.3482
CLUBS FIVE DIAMONDS QUEEN,0.6514,0.0048,0.3438
CLUBS FIVE HEARTS TWO,0.6668,0.0046,0.3286
SPADES EIGHT HEARTS ACE,0.6102,0.167,0.2228
CLUBS FOUR DIAMONDS QUEEN,0.653,0.003,0.344
CLUBS FOUR HEARTS TWO,0.6686,0.0048,0.3266
SPADES EIGHT HEARTS QUEEN,0.6716,0.0026,0.3258
CLUBS SEVEN HEARTS TWO,0.6974,0.007,0.2956
CLUBS SEVEN DIAMONDS QUEEN,0.6578,0.0042,0.338
CLUBS SIX DIAMONDS QUEEN,0.6512,0.0064,0.3424
CLUBS SIX HEARTS TWO,0.6662,0.006,0.3278
SPADES EIGHT HEARTS KING,0.6584,0.0038,0.3378
HEARTS TWO SPADES SIX,0.6862,0.0034,0.3104
DIAMONDS QUEEN SPADES SIX,0.6586,0.0034,0.338
HEARTS FOUR CLUBS QUEEN,0.6564,0.0066,0.337
DIAMONDS ACE CLUBS QUEEN,0.2756,0.0674,0.657
DIAMONDS QUEEN SPADES SEVEN,0.6624,0.0042,0.3334
HEARTS TWO SPADES SEVEN,0.6884,0.0058,0.3058
HEARTS FOUR CLUBS KING,0.655,0.0062,0.3388
DIAMONDS ACE CLUBS KING,0.271,0.045,0.684
DIAMONDS QUEEN SPADES EIGHT,0.6472,0.0058,0.347
SPADES EIGHT HEARTS TWO,0.6874,0.0048,0.3078
SPADES NINE DIAMONDS QUEEN,0.7344,0.0176,0.248
SPADES NINE HEARTS TWO,0.7602,0.0232,0.2166
HEARTS TWO SPADES TWO,0.5038,0.006,0.4902
DIAMONDS QUEEN SPADES TWO,0.655,0.005,0.34
HEARTS TWO SPADES THREE,0.6664,0.0054,0.3282
DIAMONDS QUEEN SPADES THREE,0.6528,0.0054,0.3418
HEARTS TWO SPADES FOUR,0.6772,0.0042,0.3186
DIAMONDS QUEEN SPADES FOUR,0.6588,0.0048,0.3364
HEARTS FOUR CLUBS TEN,0.6588,0.0066,0.3346
CLUBS TEN DIAMONDS ACE,0.2648,0.124,0.6112
HEARTS TWO SPADES FIVE,0.6732,0.006,0.3208
DIAMONDS QUEEN SPADES FIVE,0.653,0.0062,0.3408
HEARTS FOUR CLUBS JACK,0.6422,0.0036,0.3542
DIAMONDS ACE CLUBS JACK,0.2806,0.0774,0.642
CLUBS FIVE CLUBS KING,0.6482,0.0056,0.3462
CLUBS FIVE CLUBS QUEEN,0.645,0.005,0.35
CLUBS FIVE CLUBS JACK,0.6446,0.0066,0.3488
CLUBS TEN CLUBS FIVE,0.6432,0.0072,0.3496
SPADES KING CLUBS JACK,0.5986,0.0048,0.3966
SPADES QUEEN CLUBS JACK,0.586,0.0028,0.4112
SPADES ACE CLUBS JACK,0.2794,0.0842,0.6364
SPADES SIX CLUBS KING,0.65,0.0036,0.3464
SPADES SIX CLUBS QUEEN,0.6486,0.0036,0.3478
SPADES EIGHT HEARTS JACK,0.6436,0.0022,0.3542
SPADES EIGHT HEARTS TEN,0.6382,0.0032,0.3586
SPADES SIX CLUBS JACK,0.665,0.0036,0.3314
CLUBS TEN SPADES SIX,0.6428,0.004,0.3532
SPADES TEN CLUBS JACK,0.5772,0.007,0.4158
SPADES JACK CLUBS JACK,0.335,0.0058,0.6592
SPADES QUEEN CLUBS SEVEN,0.6596,0.0042,0.3362
SPADES KING CLUBS SEVEN,0.6466,0.0062,0.3472
SPADES ACE CLUBS SEVEN,0.618,0.1562,0.2258
SPADES SIX HEARTS TEN,0.6572,0.0036,0.3392
SPADES SIX HEARTS JACK,0.6632,0.0044,0.3324
SPADES SIX HEARTS ACE,0.634,0.148,0.218
SPADES SIX HEARTS KING,0.6604,0.0036,0.336
SPADES SIX HEARTS QUEEN,0.6506,0.004,0.3454
SPADES JACK CLUBS SEVEN,0.6454,0.0042,0.3504
CLUBS SEVEN SPADES TEN,0.6336,0.0046,0.3618
CLUBS TEN HEARTS SIX,0.6388,0.0052,0.356
HEARTS SIX CLUBS JACK,0.6716,0.002,0.3264
HEARTS SIX CLUBS QUEEN,0.6458,0.0052,0.349
HEARTS SIX CLUBS KING,0.648,0.0056,0.3464
CLUBS QUEEN CLUBS JACK,0.5766,0.0066,0.4168
CLUBS KING CLUBS JACK,0.5934,0.0058,0.4008
DIAMONDS THREE HEARTS ACE,0.5868,0.1698,0.2434
DIAMONDS THREE HEARTS QUEEN,0.6642,0.0046,0.3312
DIAMONDS THREE HEARTS KING,0.653,0.0044,0.3426
CLUBS FIVE HEARTS JACK,0.6362,0.0058,0.358
SPADES TEN DIAMONDS ACE,0.2846,0.1126,0.6028
HEARTS FOUR SPADES TEN,0.6698,0.0042,0.326
CLUBS FIVE HEARTS TEN,0.6588,0.004,0.3372
HEARTS FOUR SPADES JACK,0.6542,0.004,0.3418
SPADES JACK DIAMONDS ACE,0.282,0.0812,0.6368
SPADES ACE HEARTS FOUR,0.6038,0.1564,0.2398
SPADES ACE DIAMONDS ACE,0.1032,0.0122,0.8846
CLUBS FIVE HEARTS ACE,0.6,0.1612,0.2388
CLUBS FIVE HEARTS KING,0.6408,0.0054,0.3538
HEARTS FOUR SPADES QUEEN,0.6582,0.0056,0.3362
SPADES QUEEN DIAMONDS ACE,0.281,0.0594,0.6596
SPADES FOUR CLUBS JACK,0.652,0.0056,0.3424
CLUBS FIVE HEARTS QUEEN,0.6492,0.004,0.3468
SPADES KING DIAMONDS ACE,0.296,0.0494,0.6546
HEARTS FOUR SPADES KING,0.6618,0.0044,0.3338
CLUBS TEN SPADES FOUR,0.653,0.0044,0.3426
DIAMONDS QUEEN DIAMONDS ACE,0.2704,0.065,0.6646
HEARTS TWO DIAMONDS ACE,0.6062,0.169,0.2248
HEARTS FOUR DIAMONDS QUEEN,0.6548,0.0034,0.3418
HEARTS FOUR HEARTS TWO,0.634,0.0048,0.3612
DIAMONDS THREE HEARTS TEN,0.6666,0.0032,0.3302
SPADES FOUR CLUBS KING,0.657,0.0068,0.3362
HEARTS FIVE DIAMONDS QUEEN,0.6584,0.0034,0.3382
HEARTS FIVE HEARTS TWO,0.6246,0.005,0.3704
DIAMONDS THREE HEARTS JACK,0.6588,0.004,0.3372
SPADES FOUR CLUBS QUEEN,0.6466,0.0044,0.349
DIAMONDS QUEEN HEARTS TWO,0.65,0.0036,0.3464
DIAMONDS KING DIAMONDS QUEEN,0.5714,0.0044,0.4242
DIAMONDS KING HEARTS TWO,0.6666,0.005,0.3284
HEARTS THREE DIAMONDS QUEEN,0.646,0.0046,0.3494
HEARTS THREE HEARTS TWO,0.639,0.005,0.356
HEARTS TWO CLUBS QUEEN,0.6582,0.005,0.3368
DIAMONDS QUEEN CLUBS QUEEN,0.336,0.0068,0.6572
HEARTS TWO CLUBS KING,0.6546,0.0054,0.34
DIAMONDS QUEEN CLUBS KING,0.5924,0.0042,0.4034
SPADES EIGHT SPADES FIVE,0.641,0.0056,0.3534
CLUBS TEN HEARTS TWO,0.6644,0.0066,0.329
CLUBS TEN DIAMONDS QUEEN,0.5952,0.0032,0.4016
SPADES NINE SPADES FIVE,0.711,0.0268,0.2622
HEARTS TWO CLUBS JACK,0.6548,0.0068,0.3384
DIAMONDS QUEEN CLUBS JACK,0.5946,0.005,0.4004
SPADES SIX SPADES FIVE,0.6064,0.0042,0.3894
SPADES SEVEN SPADES FIVE,0.6194,0.0068,0.3738
DIAMONDS FIVE CLUBS QUEEN,0.6456,0.0068,0.3476
DIAMONDS FIVE CLUBS KING,0.6554,0.0042,0.3404
SPADES EIGHT CLUBS KING,0.656,0.0032,0.3408
SPADES EIGHT CLUBS QUEEN,0.645,0.005,0.35
SPADES EIGHT CLUBS JACK,0.6264,0.0044,0.3692
CLUBS TEN SPADES EIGHT,0.62,0.006,0.374
CLUBS TEN DIAMONDS FIVE,0.6526,0.0056,0.3418
DIAMONDS FIVE CLUBS JACK,0.6504,0.0046,0.345
HEARTS JACK DIAMONDS TEN,0.5986,0.0044,0.397
DIAMONDS TEN HEARTS TEN,0.3492,0.0038,0.647
HEARTS SIX HEARTS KING,0.6076,0.0026,0.3898
DIAMONDS KING SPADES SEVEN,0.6618,0.0042,0.334
HEARTS THREE SPADES SEVEN,0.6872,0.0038,0.309
SPADES KING DIAMONDS SEVEN,0.652,0.0022,0.3458
HEARTS SIX HEARTS QUEEN,0.6352,0.004,0.3608
SPADES QUEEN DIAMONDS SEVEN,0.66,0.0036,0.3364
HEARTS THREE SPADES SIX,0.6756,0.0062,0.3182
DIAMONDS KING SPADES SIX,0.6526,0.0042,0.3432
DIAMONDS KING SPADES NINE,0.7454,0.0178,0.2368
