opposingHand,winningChance,drawChance,lostChance
CLUBS SEVEN HEARTS JACK
HEARTS FIVE SPADES TEN,0.6428,0.0158,0.3414
SPADES JACK HEARTS FIVE,0.4826,0.2966,0.2208
CLUBS JACK SPADES FIVE,0.471,0.299,0.23
CLUBS TEN SPADES FIVE,0.6344,0.0206,0.345
CLUBS JACK CLUBS EIGHT,0.2224,0.2168,0.5608
CLUBS TEN CLUBS EIGHT,0.5426,0.0164,0.441
CLUBS EIGHT CLUBS KING,0.3586,0.006,0.6354
SPADES FIVE CLUBS ACE,0.4074,0.0058,0.5868
CLUBS EIGHT CLUBS QUEEN,0.3412,0.013,0.6458
SPADES FIVE CLUBS KING,0.396,0.0052,0.5988
SPADES FIVE CLUBS QUEEN,0.4072,0.013,0.5798
CLUBS EIGHT CLUBS ACE,0.351,0.0044,0.6446
DIAMONDS TWO DIAMONDS THREE,0.6024,0.0196,0.378
DIAMONDS TWO DIAMONDS FIVE,0.5906,0.0184,0.391
SPADES KING HEARTS FIVE,0.4048,0.0072,0.588
DIAMONDS TWO DIAMONDS FOUR,0.6028,0.019,0.3782
SPADES QUEEN HEARTS FIVE,0.411,0.0104,0.5786
DIAMONDS TWO DIAMONDS SEVEN,0.6732,0.054,0.2728
DIAMONDS TWO DIAMONDS SIX,0.6076,0.018,0.3744
SPADES ACE HEARTS FIVE,0.4004,0.0038,0.5958
DIAMONDS TWO DIAMONDS NINE,0.5966,0.0146,0.3888
DIAMONDS TWO DIAMONDS EIGHT,0.6042,0.0156,0.3802
DIAMONDS THREE DIAMONDS FOUR,0.5804,0.0148,0.4048
CLUBS TWO SPADES FOUR,0.638,0.0176,0.3444
DIAMONDS THREE DIAMONDS FIVE,0.5806,0.0188,0.4006
SPADES FIVE CLUBS TWO,0.6422,0.018,0.3398
CLUBS TWO SPADES TWO,0.4412,0.0428,0.516
CLUBS TWO SPADES THREE,0.6404,0.0202,0.3394
DIAMONDS THREE DIAMONDS EIGHT,0.5952,0.016,0.3888
SPADES EIGHT CLUBS TWO,0.6372,0.0172,0.3456
DIAMONDS THREE DIAMONDS NINE,0.591,0.0144,0.3946
SPADES NINE CLUBS TWO,0.6416,0.019,0.3394
DIAMONDS THREE DIAMONDS SIX,0.6054,0.0172,0.3774
SPADES SIX CLUBS TWO,0.6598,0.0184,0.3218
DIAMONDS THREE DIAMONDS SEVEN,0.6586,0.0578,0.2836
SPADES SEVEN CLUBS TWO,0.7238,0.0636,0.2126
CLUBS SIX CLUBS TWO,0.6254,0.0154,0.3592
CLUBS FOUR CLUBS TWO,0.5988,0.0172,0.384
CLUBS FIVE CLUBS TWO,0.61,0.0188,0.3712
CLUBS TEN CLUBS JACK,0.2166,0.1226,0.6608
DIAMONDS FOUR DIAMONDS SIX,0.5768,0.0128,0.4104
CLUBS TEN CLUBS QUEEN,0.3302,0.01,0.6598
DIAMONDS FOUR DIAMONDS SEVEN,0.6246,0.0578,0.3176
CLUBS TEN CLUBS KING,0.3252,0.0086,0.6662
CLUBS TEN CLUBS ACE,0.3432,0.004,0.6528
CLUBS EIGHT CLUBS TWO,0.606,0.0192,0.3748
DIAMONDS FIVE DIAMONDS FOUR,0.5666,0.0204,0.413
CLUBS NINE CLUBS TWO,0.5996,0.0176,0.3828
DIAMONDS NINE DIAMONDS FOUR,0.5934,0.0108,0.3958
DIAMONDS EIGHT DIAMONDS FOUR,0.5878,0.0178,0.3944
CLUBS THREE CLUBS TWO,0.6068,0.0204,0.3728
DIAMONDS NINE DIAMONDS FIVE,0.5804,0.0162,0.4034
CLUBS JACK DIAMONDS TWO,0.4758,0.3012,0.223
DIAMONDS EIGHT DIAMONDS FIVE,0.5658,0.0164,0.4178
CLUBS TEN DIAMONDS TWO,0.6358,0.0174,0.3468
DIAMONDS FIVE DIAMONDS SEVEN,0.6236,0.0576,0.3188
DIAMONDS FIVE DIAMONDS SIX,0.5698,0.0184,0.4118
DIAMONDS TWO CLUBS ACE,0.411,0.0064,0.5826
DIAMONDS TWO CLUBS KING,0.4102,0.0068,0.583
DIAMONDS TWO CLUBS QUEEN,0.4076,0.0112,0.5812
DIAMONDS EIGHT DIAMONDS SIX,0.5682,0.0164,0.4154
DIAMONDS NINE DIAMONDS SIX,0.5794,0.0154,0.4052
HEARTS ACE SPADES THREE,0.3904,0.0048,0.6048
SPADES THREE HEARTS KING,0.3974,0.01,0.5926
DIAMONDS SEVEN DIAMONDS SIX,0.6294,0.0558,0.3148
HEARTS QUEEN SPADES THREE,0.4028,0.0126,0.5846
SPADES THREE HEARTS TEN,0.63,0.0182,0.3518
DIAMONDS EIGHT DIAMONDS SEVEN,0.6276,0.048,0.3244
DIAMONDS NINE DIAMONDS SEVEN,0.646,0.05,0.304
DIAMONDS NINE DIAMONDS EIGHT,0.5276,0.0162,0.4562
DIAMONDS KING HEARTS TEN,0.3528,0.0044,0.6428
HEARTS THREE HEARTS TEN,0.6204,0.0136,0.366
SPADES JACK CLUBS SIX,0.4928,0.2964,0.2108
SPADES TEN CLUBS SIX,0.6278,0.0156,0.3566
SPADES JACK SPADES FIVE,0.4522,0.278,0.2698
SPADES TEN SPADES FIVE,0.5998,0.0148,0.3854
DIAMONDS KING HEARTS ACE,0.323,0.0056,0.6714
HEARTS THREE HEARTS ACE,0.3886,0.0056,0.6058
SPADES ACE CLUBS SIX,0.4084,0.004,0.5876
DIAMONDS KING HEARTS QUEEN,0.3234,0.0072,0.6694
HEARTS THREE HEARTS QUEEN,0.3838,0.013,0.6032
SPADES KING CLUBS SIX,0.4072,0.0062,0.5866
DIAMONDS KING HEARTS KING,0.139,0.0082,0.8528
HEARTS THREE HEARTS KING,0.3926,0.0066,0.6008
SPADES QUEEN CLUBS SIX,0.3994,0.0098,0.5908
SPADES NINE HEARTS TEN,0.56,0.0156,0.4244
SPADES QUEEN SPADES FIVE,0.3722,0.0072,0.6206
SPADES KING SPADES FIVE,0.3884,0.0084,0.6032
SPADES ACE SPADES FIVE,0.38,0.0032,0.6168
SPADES NINE HEARTS QUEEN,0.3426,0.0118,0.6456
SPADES NINE HEARTS KING,0.3546,0.007,0.6384
SPADES NINE HEARTS ACE,0.3706,0.004,0.6254
CLUBS TEN SPADES JACK,0.222,0.125,0.653
CLUBS TEN SPADES TEN,0.2758,0.0244,0.6998
SPADES ACE CLUBS TEN,0.354,0.0032,0.6428
CLUBS TEN SPADES KING,0.3388,0.0066,0.6546
CLUBS TEN SPADES QUEEN,0.3242,0.0108,0.665
SPADES FIVE HEARTS QUEEN,0.3998,0.011,0.5892
SPADES FIVE HEARTS KING,0.3968,0.0048,0.5984
HEARTS ACE SPADES FIVE,0.3884,0.0038,0.6078
CLUBS EIGHT SPADES TEN,0.5686,0.0172,0.4142
HEARTS THREE SPADES JACK,0.4954,0.2908,0.2138
SPADES JACK DIAMONDS KING,0.2282,0.033,0.7388
SPADES TEN DIAMONDS KING,0.357,0.006,0.637
HEARTS THREE SPADES TEN,0.6318,0.0186,0.3496
CLUBS EIGHT SPADES JACK,0.2286,0.2272,0.5442
CLUBS SIX HEARTS ACE,0.4054,0.0048,0.5898
SPADES ACE CLUBS EIGHT,0.353,0.004,0.643
CLUBS JACK HEARTS FIVE,0.4862,0.2958,0.218
CLUBS TEN HEARTS FIVE,0.6254,0.0246,0.35
CLUBS SIX HEARTS QUEEN,0.4108,0.0124,0.5768
SPADES QUEEN CLUBS EIGHT,0.3456,0.01,0.6444
CLUBS TEN SPADES THREE,0.6368,0.0152,0.348
CLUBS SIX HEARTS KING,0.4098,0.0076,0.5826
SPADES KING CLUBS EIGHT,0.356,0.007,0.637
CLUBS JACK SPADES THREE,0.4814,0.2944,0.2242
SPADES THREE CLUBS QUEEN,0.3972,0.0106,0.5922
DIAMONDS TWO HEARTS TEN,0.6314,0.0212,0.3474
SPADES THREE CLUBS KING,0.3922,0.0066,0.6012
HEARTS FIVE CLUBS ACE,0.4082,0.0064,0.5854
SPADES FIVE HEARTS TEN,0.6358,0.0176,0.3466
SPADES THREE CLUBS ACE,0.4026,0.0054,0.592
HEARTS FIVE CLUBS KING,0.4036,0.0074,0.589
HEARTS FIVE CLUBS QUEEN,0.4018,0.0104,0.5878
HEARTS THREE CLUBS KING,0.4098,0.0058,0.5844
DIAMONDS KING CLUBS KING,0.1398,0.0086,0.8516
HEARTS THREE CLUBS QUEEN,0.3966,0.0122,0.5912
DIAMONDS KING CLUBS QUEEN,0.3252,0.0056,0.6692
HEARTS FIVE HEARTS TEN,0.6052,0.019,0.3758
HEARTS THREE CLUBS ACE,0.4068,0.0046,0.5886
DIAMONDS KING CLUBS ACE,0.3274,0.0034,0.6692
SPADES ACE CLUBS QUEEN,0.3238,0.0038,0.6724
SPADES KING CLUBS QUEEN,0.326,0.0058,0.6682
CLUBS JACK HEARTS THREE,0.4818,0.2986,0.2196
CLUBS JACK DIAMONDS KING,0.2404,0.0316,0.728
SPADES QUEEN CLUBS QUEEN,0.1578,0.01,0.8322
CLUBS TEN HEARTS THREE,0.646,0.0132,0.3408
CLUBS TEN DIAMONDS KING,0.3312,0.0078,0.661
SPADES JACK CLUBS QUEEN,0.2036,0.0406,0.7558
CLUBS SIX CLUBS QUEEN,0.388,0.0136,0.5984
SPADES TEN CLUBS QUEEN,0.3316,0.0106,0.6578
CLUBS SIX CLUBS KING,0.3974,0.0088,0.5938
CLUBS SIX CLUBS ACE,0.3798,0.0042,0.616
HEARTS FIVE HEARTS KING,0.383,0.0066,0.6104
HEARTS FIVE HEARTS QUEEN,0.3814,0.0102,0.6084
CLUBS TEN CLUBS SIX,0.5888,0.0138,0.3974
HEARTS FIVE HEARTS ACE,0.3778,0.0032,0.619
CLUBS JACK CLUBS SIX,0.4512,0.2878,0.261
SPADES SEVEN HEARTS TEN,0.6884,0.0508,0.2608
DIAMONDS TWO CLUBS TWO,0.4548,0.039,0.5062
DIAMONDS TWO CLUBS THREE,0.6428,0.022,0.3352
HEARTS SIX DIAMONDS TWO,0.6608,0.0182,0.321
DIAMONDS TWO HEARTS QUEEN,0.3966,0.0112,0.5922
DIAMONDS TWO HEARTS SEVEN,0.7118,0.0626,0.2256
DIAMONDS TWO HEARTS KING,0.4122,0.0088,0.579
DIAMONDS TWO HEARTS EIGHT,0.6296,0.0208,0.3496
DIAMONDS TWO HEARTS ACE,0.4026,0.005,0.5924
DIAMONDS TWO HEARTS NINE,0.6476,0.0188,0.3336
DIAMONDS TWO DIAMONDS QUEEN,0.3864,0.0104,0.6032
DIAMONDS TWO HEARTS TWO,0.4288,0.0414,0.5298
DIAMONDS TWO DIAMONDS KING,0.391,0.009,0.6
HEARTS THREE DIAMONDS TWO,0.6588,0.016,0.3252
DIAMONDS TWO DIAMONDS ACE,0.3964,0.0036,0.6
HEARTS FOUR DIAMONDS TWO,0.6364,0.021,0.3426
DIAMONDS TWO HEARTS FIVE,0.6488,0.0162,0.335
SPADES SEVEN HEARTS ACE,0.2522,0.025,0.7228
DIAMONDS TWO DIAMONDS TEN,0.5962,0.0194,0.3844
SPADES SEVEN HEARTS KING,0.2438,0.0368,0.7194
DIAMONDS TWO DIAMONDS JACK,0.455,0.282,0.263
SPADES SEVEN HEARTS QUEEN,0.2484,0.0424,0.7092
DIAMONDS TWO SPADES NINE,0.6274,0.016,0.3566
DIAMONDS TWO SPADES EIGHT,0.635,0.0164,0.3486
DIAMONDS TWO SPADES SEVEN,0.7036,0.0636,0.2328
DIAMONDS TWO SPADES SIX,0.6548,0.0166,0.3286
DIAMONDS TWO SPADES FIVE,0.6302,0.0166,0.3532
DIAMONDS TWO SPADES FOUR,0.632,0.0186,0.3494
DIAMONDS TWO SPADES THREE,0.6392,0.0136,0.3472
DIAMONDS TWO SPADES TWO,0.437,0.0398,0.5232
DIAMONDS TWO CLUBS NINE,0.6392,0.0166,0.3442
CLUBS EIGHT DIAMONDS TWO,0.6346,0.0184,0.347
DIAMONDS TWO CLUBS SIX,0.6588,0.019,0.3222
DIAMONDS TWO CLUBS FIVE,0.6382,0.018,0.3438
DIAMONDS TWO CLUBS FOUR,0.6306,0.0192,0.3502
CLUBS FOUR SPADES FIVE,0.6008,0.0202,0.379
CLUBS FOUR SPADES FOUR,0.4192,0.0354,0.5454
CLUBS FOUR SPADES THREE,0.6302,0.0158,0.354
CLUBS FOUR SPADES TWO,0.647,0.0188,0.3342
SPADES NINE CLUBS FOUR,0.64,0.0176,0.3424
SPADES EIGHT CLUBS FOUR,0.636,0.0164,0.3476
SPADES SEVEN CLUBS FOUR,0.6812,0.0592,0.2596
CLUBS FOUR SPADES SIX,0.6364,0.017,0.3466
SPADES ACE DIAMONDS SIX,0.3864,0.0044,0.6092
SPADES QUEEN DIAMONDS SIX,0.4032,0.0086,0.5882
SPADES KING DIAMONDS SIX,0.4062,0.0044,0.5894
SPADES TEN DIAMONDS SIX,0.6192,0.0136,0.3672
SPADES JACK DIAMONDS SIX,0.4928,0.2868,0.2204
SPADES QUEEN SPADES TWO,0.377,0.0104,0.6126
SPADES KING SPADES TWO,0.3962,0.0078,0.596
SPADES ACE SPADES TWO,0.3794,0.003,0.6176
CLUBS JACK DIAMONDS JACK,0.0942,0.0414,0.8644
CLUBS TEN DIAMONDS JACK,0.2296,0.1208,0.6496
DIAMONDS JACK CLUBS KING,0.2424,0.0256,0.732
DIAMONDS JACK CLUBS QUEEN,0.2118,0.039,0.7492
DIAMONDS THREE DIAMONDS JACK,0.4512,0.2792,0.2696
DIAMONDS THREE DIAMONDS TEN,0.5846,0.0184,0.397
DIAMONDS JACK CLUBS ACE,0.2372,0.0172,0.7456
DIAMONDS THREE DIAMONDS KING,0.3868,0.0068,0.6064
HEARTS THREE DIAMONDS THREE,0.4306,0.039,0.5304
DIAMONDS THREE DIAMONDS QUEEN,0.3846,0.0092,0.6062
DIAMONDS THREE HEARTS TWO,0.6428,0.024,0.3332
HEARTS FIVE DIAMONDS THREE,0.6278,0.0182,0.354
DIAMONDS THREE DIAMONDS ACE,0.3774,0.0042,0.6184
HEARTS FOUR DIAMONDS THREE,0.6278,0.0192,0.353
DIAMONDS THREE HEARTS SEVEN,0.7082,0.0606,0.2312
SPADES TEN SPADES NINE,0.5298,0.0164,0.4538
HEARTS SIX DIAMONDS THREE,0.6524,0.0168,0.3308
SPADES JACK SPADES NINE,0.2288,0.1476,0.6236
DIAMONDS THREE HEARTS NINE,0.6322,0.0198,0.348
HEARTS ACE HEARTS KING,0.3192,0.0054,0.6754
SPADES TEN SPADES TWO,0.6014,0.0162,0.3824
DIAMONDS THREE HEARTS EIGHT,0.6436,0.02,0.3364
HEARTS TEN DIAMONDS FOUR,0.6344,0.0208,0.3448
SPADES JACK SPADES TWO,0.4668,0.2718,0.2614
HEARTS QUEEN DIAMONDS FOUR,0.414,0.011,0.575
HEARTS KING DIAMONDS FOUR,0.3996,0.007,0.5934
SPADES ACE SPADES NINE,0.3436,0.004,0.6524
HEARTS ACE DIAMONDS FOUR,0.3944,0.004,0.6016
SPADES KING SPADES NINE,0.344,0.0062,0.6498
SPADES QUEEN SPADES NINE,0.3264,0.0082,0.6654
DIAMONDS THREE SPADES NINE,0.639,0.0156,0.3454
DIAMONDS THREE SPADES EIGHT,0.6334,0.023,0.3436
DIAMONDS THREE SPADES SEVEN,0.7072,0.0562,0.2366
DIAMONDS THREE SPADES SIX,0.626,0.0184,0.3556
DIAMONDS THREE CLUBS SIX,0.6462,0.018,0.3358
CLUBS FIVE CLUBS SIX,0.5784,0.0184,0.4032
CLUBS ACE DIAMONDS FOUR,0.403,0.0068,0.5902
DIAMONDS THREE CLUBS FOUR,0.6244,0.0184,0.3572
DIAMONDS FOUR CLUBS QUEEN,0.4048,0.0098,0.5854
DIAMONDS THREE CLUBS FIVE,0.6276,0.0186,0.3538
DIAMONDS FOUR CLUBS KING,0.3938,0.0092,0.597
DIAMONDS THREE CLUBS TWO,0.65,0.017,0.333
CLUBS TEN DIAMONDS FOUR,0.6242,0.0176,0.3582
DIAMONDS THREE CLUBS THREE,0.4542,0.0402,0.5056
CLUBS JACK DIAMONDS FOUR,0.4828,0.2988,0.2184
DIAMONDS THREE SPADES FOUR,0.6128,0.0188,0.3684
DIAMONDS THREE SPADES FIVE,0.629,0.0162,0.3548
DIAMONDS THREE SPADES TWO,0.6378,0.0214,0.3408
DIAMONDS THREE SPADES THREE,0.4382,0.0404,0.5214
CLUBS EIGHT DIAMONDS THREE,0.6496,0.0142,0.3362
CLUBS NINE DIAMONDS THREE,0.6316,0.0158,0.3526
SPADES SEVEN CLUBS ACE,0.2406,0.0288,0.7306
SPADES SEVEN CLUBS QUEEN,0.2436,0.044,0.7124
SPADES SEVEN CLUBS KING,0.241,0.0344,0.7246
CLUBS FIVE SPADES SEVEN,0.6804,0.0652,0.2544
CLUBS TEN SPADES SEVEN,0.6848,0.0536,0.2616
CLUBS FIVE SPADES SIX,0.6108,0.0168,0.3724
CLUBS JACK SPADES SEVEN,0.0106,0.9724,0.017
CLUBS FIVE SPADES NINE,0.6248,0.0198,0.3554
CLUBS FIVE SPADES EIGHT,0.6126,0.0202,0.3672
CLUBS FIVE SPADES THREE,0.619,0.0172,0.3638
CLUBS FIVE SPADES TWO,0.6342,0.0212,0.3446
CLUBS FIVE SPADES FIVE,0.4306,0.039,0.5304
CLUBS FIVE SPADES FOUR,0.6096,0.0154,0.375
CLUBS NINE CLUBS FIVE,0.5866,0.0176,0.3958
CLUBS EIGHT CLUBS FIVE,0.5756,0.015,0.4094
CLUBS ACE CLUBS QUEEN,0.3072,0.006,0.6868
CLUBS KING CLUBS QUEEN,0.3112,0.007,0.6818
DIAMONDS TEN DIAMONDS FOUR,0.5908,0.015,0.3942
CLUBS TEN DIAMONDS NINE,0.5638,0.0152,0.421
DIAMONDS JACK DIAMONDS FOUR,0.4364,0.2818,0.2818
CLUBS JACK DIAMONDS NINE,0.2164,0.165,0.6186
CLUBS JACK SPADES NINE,0.2126,0.1706,0.6168
CLUBS TEN SPADES NINE,0.564,0.0166,0.4194
DIAMONDS ACE DIAMONDS FOUR,0.3768,0.006,0.6172
HEARTS FOUR DIAMONDS FOUR,0.4398,0.0372,0.523
DIAMONDS JACK HEARTS TEN,0.2358,0.117,0.6472
SPADES NINE CLUBS KING,0.3504,0.0088,0.6408
DIAMONDS TWO SPADES TEN,0.6412,0.0182,0.3406
DIAMONDS NINE CLUBS ACE,0.3642,0.0046,0.6312
HEARTS FIVE DIAMONDS FOUR,0.617,0.016,0.367
SPADES NINE CLUBS QUEEN,0.3448,0.0088,0.6464
DIAMONDS TWO SPADES JACK,0.4936,0.2958,0.2106
DIAMONDS QUEEN DIAMONDS FOUR,0.3782,0.0108,0.611
HEARTS TWO DIAMONDS FOUR,0.637,0.0192,0.3438
DIAMONDS NINE CLUBS QUEEN,0.3516,0.009,0.6394
DIAMONDS KING DIAMONDS FOUR,0.3798,0.0078,0.6124
HEARTS THREE DIAMONDS FOUR,0.6252,0.022,0.3528
SPADES NINE CLUBS ACE,0.362,0.0028,0.6352
DIAMONDS NINE CLUBS KING,0.3558,0.0056,0.6386
HEARTS ACE DIAMONDS JACK,0.2356,0.0214,0.743
SPADES ACE DIAMONDS TWO,0.4018,0.0034,0.5948
HEARTS QUEEN DIAMONDS JACK,0.2266,0.0398,0.7336
SPADES QUEEN DIAMONDS TWO,0.4146,0.0114,0.574
DIAMONDS JACK HEARTS KING,0.238,0.0308,0.7312
SPADES KING DIAMONDS TWO,0.4196,0.0078,0.5726
SPADES JACK SPADES SEVEN,0.0226,0.9102,0.0672
SPADES TEN SPADES SEVEN,0.646,0.0538,0.3002
CLUBS SIX CLUBS THREE,0.609,0.0132,0.3778
CLUBS FIVE CLUBS THREE,0.5852,0.0192,0.3956
CLUBS THREE CLUBS FOUR,0.6014,0.018,0.3806
CLUBS NINE CLUBS THREE,0.5974,0.019,0.3836
CLUBS EIGHT CLUBS THREE,0.6074,0.0198,0.3728
CLUBS THREE SPADES FIVE,0.63,0.0168,0.3532
CLUBS THREE SPADES FOUR,0.6108,0.0224,0.3668
CLUBS THREE SPADES THREE,0.434,0.0416,0.5244
CLUBS THREE SPADES TWO,0.6336,0.0238,0.3426
CLUBS THREE SPADES SIX,0.634,0.0206,0.3454
CLUBS THREE SPADES SEVEN,0.696,0.0642,0.2398
SPADES EIGHT CLUBS THREE,0.6426,0.0158,0.3416
SPADES NINE CLUBS THREE,0.6408,0.0182,0.341
SPADES TWO DIAMONDS FOUR,0.6384,0.0202,0.3414
SPADES THREE DIAMONDS FOUR,0.622,0.0198,0.3582
SPADES FOUR DIAMONDS FOUR,0.4246,0.041,0.5344
SPADES FIVE DIAMONDS FOUR,0.6088,0.02,0.3712
SPADES SIX DIAMONDS FOUR,0.6244,0.0208,0.3548
SPADES SEVEN DIAMONDS FOUR,0.6684,0.0668,0.2648
SPADES EIGHT DIAMONDS FOUR,0.6378,0.0164,0.3458
SPADES NINE DIAMONDS FOUR,0.6346,0.0162,0.3492
CLUBS FIVE DIAMONDS FOUR,0.6056,0.0218,0.3726
CLUBS FOUR DIAMONDS FOUR,0.4298,0.0354,0.5348
CLUBS SIX DIAMONDS FOUR,0.6304,0.0218,0.3478
CLUBS NINE DIAMONDS FOUR,0.6412,0.0182,0.3406
CLUBS EIGHT DIAMONDS FOUR,0.6238,0.0148,0.3614
DIAMONDS FOUR HEARTS SEVEN,0.6788,0.0706,0.2506
HEARTS SIX DIAMONDS FOUR,0.6256,0.017,0.3574
HEARTS NINE DIAMONDS FOUR,0.6382,0.017,0.3448
DIAMONDS FOUR HEARTS EIGHT,0.6404,0.0158,0.3438
CLUBS THREE DIAMONDS FOUR,0.6282,0.0166,0.3552
CLUBS TWO DIAMONDS FOUR,0.6288,0.0166,0.3546
DIAMONDS TEN DIAMONDS FIVE,0.5958,0.016,0.3882
DIAMONDS JACK DIAMONDS FIVE,0.4402,0.2838,0.276
DIAMONDS NINE HEARTS QUEEN,0.3446,0.0118,0.6436
DIAMONDS NINE HEARTS KING,0.3554,0.0064,0.6382
HEARTS ACE DIAMONDS NINE,0.372,0.0036,0.6244
DIAMONDS NINE HEARTS TEN,0.5596,0.0176,0.4228
CLUBS KING DIAMONDS SIX,0.3972,0.0052,0.5976
CLUBS QUEEN DIAMONDS SIX,0.4022,0.0092,0.5886
CLUBS ACE DIAMONDS SIX,0.3966,0.005,0.5984
SPADES KING DIAMONDS FOUR,0.4224,0.0086,0.569
SPADES ACE SPADES SEVEN,0.2322,0.028,0.7398
SPADES QUEEN DIAMONDS FOUR,0.4,0.0122,0.5878
SPADES QUEEN SPADES SEVEN,0.2366,0.0416,0.7218
CLUBS JACK DIAMONDS SIX,0.4908,0.288,0.2212
SPADES KING SPADES SEVEN,0.2332,0.0308,0.736
SPADES ACE DIAMONDS FOUR,0.4114,0.0026,0.586
CLUBS TEN DIAMONDS SIX,0.6246,0.0156,0.3598
CLUBS NINE CLUBS FOUR,0.6016,0.018,0.3804
CLUBS EIGHT CLUBS FOUR,0.5916,0.0186,0.3898
SPADES JACK DIAMONDS FOUR,0.4718,0.2986,0.2296
SPADES TEN DIAMONDS FOUR,0.6344,0.016,0.3496
CLUBS FIVE CLUBS FOUR,0.5842,0.0186,0.3972
CLUBS SIX CLUBS FOUR,0.5956,0.0184,0.386
HEARTS SIX DIAMONDS FIVE,0.6164,0.017,0.3666
DIAMONDS FIVE HEARTS SEVEN,0.676,0.0616,0.2624
DIAMONDS FIVE HEARTS EIGHT,0.6104,0.017,0.3726
HEARTS NINE DIAMONDS FIVE,0.628,0.0182,0.3538
DIAMONDS QUEEN DIAMONDS FIVE,0.382,0.0094,0.6086
HEARTS TWO DIAMONDS FIVE,0.6404,0.019,0.3406
HEARTS KING HEARTS EIGHT,0.3592,0.0068,0.634
DIAMONDS KING DIAMONDS FIVE,0.3828,0.0068,0.6104
HEARTS THREE DIAMONDS FIVE,0.618,0.0166,0.3654
HEARTS QUEEN HEARTS EIGHT,0.339,0.0116,0.6494
DIAMONDS ACE DIAMONDS FIVE,0.3608,0.0018,0.6374
HEARTS FOUR DIAMONDS FIVE,0.605,0.018,0.377
HEARTS FIVE DIAMONDS FIVE,0.4272,0.0408,0.532
HEARTS ACE HEARTS EIGHT,0.3452,0.0038,0.651
CLUBS FOUR DIAMONDS FIVE,0.615,0.0174,0.3676
CLUBS FIVE DIAMONDS FIVE,0.4138,0.038,0.5482
CLUBS SIX DIAMONDS FIVE,0.611,0.0222,0.3668
CLUBS TWO DIAMONDS FIVE,0.6324,0.023,0.3446
CLUBS THREE DIAMONDS FIVE,0.629,0.0206,0.3504
SPADES THREE DIAMONDS FIVE,0.6094,0.0176,0.373
SPADES TWO DIAMONDS FIVE,0.6356,0.02,0.3444
SPADES JACK DIAMONDS EIGHT,0.2202,0.226,0.5538
SPADES FIVE DIAMONDS FIVE,0.4338,0.0398,0.5264
SPADES TEN DIAMONDS EIGHT,0.5756,0.0152,0.4092
SPADES FOUR DIAMONDS FIVE,0.6048,0.0198,0.3754
CLUBS NINE DIAMONDS FIVE,0.6172,0.014,0.3688
CLUBS EIGHT DIAMONDS FIVE,0.607,0.0214,0.3716
SPADES SEVEN DIAMONDS FIVE,0.6578,0.0594,0.2828
SPADES KING DIAMONDS EIGHT,0.3762,0.0044,0.6194
SPADES QUEEN DIAMONDS EIGHT,0.358,0.0078,0.6342
SPADES SIX DIAMONDS FIVE,0.602,0.0152,0.3828
SPADES NINE DIAMONDS FIVE,0.6244,0.0162,0.3594
SPADES EIGHT DIAMONDS FIVE,0.6176,0.0148,0.3676
SPADES ACE DIAMONDS EIGHT,0.3744,0.003,0.6226
DIAMONDS TEN DIAMONDS SIX,0.5932,0.0196,0.3872
HEARTS ACE DIAMONDS SEVEN,0.2402,0.0278,0.732
DIAMONDS JACK DIAMONDS SIX,0.452,0.2834,0.2646
HEARTS QUEEN DIAMONDS SEVEN,0.2512,0.037,0.7118
HEARTS KING DIAMONDS SEVEN,0.2528,0.0352,0.712
DIAMONDS ACE DIAMONDS SIX,0.3804,0.0026,0.617
HEARTS FOUR DIAMONDS SIX,0.629,0.0182,0.3528
HEARTS FIVE DIAMONDS SIX,0.6176,0.0182,0.3642
SPADES TWO HEARTS TEN,0.64,0.016,0.344
DIAMONDS QUEEN DIAMONDS SIX,0.3892,0.0116,0.5992
HEARTS TWO DIAMONDS SIX,0.6468,0.0182,0.335
DIAMONDS KING DIAMONDS SIX,0.3948,0.0056,0.5996
HEARTS THREE DIAMONDS SIX,0.6448,0.0208,0.3344
HEARTS EIGHT DIAMONDS SIX,0.6104,0.0182,0.3714
HEARTS NINE DIAMONDS SIX,0.6212,0.0158,0.363
HEARTS SIX DIAMONDS SIX,0.418,0.0386,0.5434
HEARTS SEVEN DIAMONDS SIX,0.6752,0.0564,0.2684
HEARTS TEN DIAMONDS SEVEN,0.7028,0.0486,0.2486
CLUBS TWO DIAMONDS SIX,0.6566,0.0174,0.326
CLUBS THREE DIAMONDS SIX,0.6496,0.0218,0.3286
CLUBS JACK DIAMONDS EIGHT,0.2196,0.2286,0.5518
CLUBS SIX DIAMONDS SIX,0.427,0.0376,0.5354
CLUBS TEN DIAMONDS EIGHT,0.5658,0.0152,0.419
CLUBS FIVE DIAMONDS SIX,0.6082,0.0174,0.3744
CLUBS FOUR DIAMONDS SIX,0.623,0.0162,0.3608
DIAMONDS EIGHT CLUBS ACE,0.3644,0.0038,0.6318
DIAMONDS EIGHT CLUBS KING,0.3638,0.0034,0.6328
CLUBS NINE DIAMONDS SIX,0.6092,0.017,0.3738
CLUBS EIGHT DIAMONDS SIX,0.5956,0.0158,0.3886
DIAMONDS EIGHT CLUBS QUEEN,0.3576,0.0088,0.6336
SPADES TEN HEARTS KING,0.3484,0.0066,0.645
SPADES FIVE DIAMONDS SIX,0.6076,0.0192,0.3732
HEARTS ACE SPADES TWO,0.4022,0.0056,0.5922
SPADES JACK HEARTS KING,0.2432,0.0288,0.728
SPADES FOUR DIAMONDS SIX,0.6132,0.0204,0.3664
SPADES THREE DIAMONDS SIX,0.6352,0.0206,0.3442
HEARTS QUEEN SPADES TWO,0.403,0.0132,0.5838
SPADES ACE SPADES KING,0.3118,0.0032,0.685
HEARTS KING SPADES TWO,0.4084,0.0078,0.5838
SPADES TWO DIAMONDS SIX,0.6552,0.0176,0.3272
HEARTS TEN HEARTS EIGHT,0.542,0.0164,0.4416
SPADES NINE DIAMONDS SIX,0.6126,0.0142,0.3732
SPADES EIGHT DIAMONDS SIX,0.607,0.0174,0.3756
SPADES SEVEN DIAMONDS SIX,0.6698,0.059,0.2712
SPADES SIX DIAMONDS SIX,0.4178,0.0374,0.5448
SPADES KING HEARTS KING,0.1518,0.0056,0.8426
SPADES QUEEN HEARTS KING,0.3112,0.007,0.6818
CLUBS ACE CLUBS KING,0.3062,0.0046,0.6892
SPADES ACE HEARTS KING,0.331,0.004,0.665
SPADES TEN DIAMONDS TEN,0.287,0.0202,0.6928
SPADES JACK DIAMONDS TEN,0.24,0.1152,0.6448
SPADES ACE DIAMONDS TEN,0.352,0.002,0.646
SPADES QUEEN DIAMONDS TEN,0.3272,0.0084,0.6644
SPADES KING DIAMONDS TEN,0.3562,0.0058,0.638
SPADES NINE DIAMONDS SEVEN,0.6816,0.0504,0.268
SPADES EIGHT DIAMONDS SEVEN,0.6494,0.0548,0.2958
SPADES SEVEN DIAMONDS SEVEN,0.3044,0.0392,0.6564
SPADES SIX DIAMONDS SEVEN,0.6586,0.0596,0.2818
DIAMONDS KING DIAMONDS SEVEN,0.243,0.0318,0.7252
HEARTS THREE DIAMONDS SEVEN,0.7092,0.064,0.2268
HEARTS KING DIAMONDS FIVE,0.4058,0.0042,0.59
DIAMONDS QUEEN DIAMONDS SEVEN,0.2372,0.0398,0.723
HEARTS TWO DIAMONDS SEVEN,0.7234,0.0678,0.2088
HEARTS QUEEN DIAMONDS FIVE,0.4038,0.0102,0.586
HEARTS FIVE DIAMONDS SEVEN,0.6764,0.059,0.2646
DIAMONDS ACE DIAMONDS SEVEN,0.238,0.0246,0.7374
HEARTS FOUR DIAMONDS SEVEN,0.6794,0.0656,0.255
HEARTS ACE DIAMONDS FIVE,0.3976,0.0048,0.5976
HEARTS SEVEN DIAMONDS SEVEN,0.2994,0.0398,0.6608
HEARTS SIX DIAMONDS SEVEN,0.6822,0.057,0.2608
HEARTS NINE DIAMONDS SEVEN,0.6816,0.0564,0.262
DIAMONDS SEVEN HEARTS EIGHT,0.6794,0.0518,0.2688
DIAMONDS JACK DIAMONDS SEVEN,0.021,0.9076,0.0714
DIAMONDS TEN DIAMONDS SEVEN,0.6544,0.047,0.2986
DIAMONDS FIVE HEARTS TEN,0.6334,0.0164,0.3502
CLUBS EIGHT DIAMONDS SEVEN,0.664,0.0512,0.2848
SPADES KING CLUBS TWO,0.4184,0.0062,0.5754
HEARTS KING CLUBS KING,0.1448,0.0098,0.8454
SPADES QUEEN CLUBS TWO,0.414,0.0126,0.5734
HEARTS KING CLUBS QUEEN,0.3094,0.0068,0.6838
CLUBS NINE DIAMONDS SEVEN,0.6864,0.0566,0.257
CLUBS JACK SPADES TWO,0.474,0.3026,0.2234
SPADES ACE CLUBS TWO,0.4248,0.004,0.5712
CLUBS TEN SPADES TWO,0.6314,0.018,0.3506
HEARTS KING CLUBS ACE,0.323,0.003,0.674
SPADES TWO CLUBS KING,0.4156,0.007,0.5774
SPADES TWO DIAMONDS SEVEN,0.7098,0.062,0.2282
CLUBS EIGHT CLUBS SIX,0.579,0.0194,0.4016
SPADES THREE DIAMONDS SEVEN,0.7078,0.0574,0.2348
SPADES TWO CLUBS QUEEN,0.402,0.011,0.587
CLUBS NINE CLUBS SIX,0.5838,0.0166,0.3996
SPADES FOUR DIAMONDS SEVEN,0.6848,0.0626,0.2526
CLUBS JACK HEARTS KING,0.2306,0.0288,0.7406
SPADES FIVE DIAMONDS SEVEN,0.6596,0.059,0.2814
SPADES TWO CLUBS ACE,0.4106,0.0036,0.5858
CLUBS TEN HEARTS KING,0.3472,0.0066,0.6462
CLUBS SIX SPADES TWO,0.648,0.0202,0.3318
CLUBS SIX SPADES THREE,0.6434,0.0172,0.3394
CLUBS TWO DIAMONDS SEVEN,0.7296,0.0614,0.209
CLUBS SIX SPADES FOUR,0.6216,0.0192,0.3592
CLUBS THREE DIAMONDS SEVEN,0.7078,0.0638,0.2284
CLUBS SIX SPADES FIVE,0.6082,0.0196,0.3722
CLUBS FOUR DIAMONDS SEVEN,0.6842,0.0644,0.2514
CLUBS SIX SPADES SIX,0.432,0.0368,0.5312
CLUBS FIVE DIAMONDS SEVEN,0.668,0.0658,0.2662
CLUBS SIX SPADES SEVEN,0.6654,0.0572,0.2774
CLUBS SIX DIAMONDS SEVEN,0.6768,0.058,0.2652
CLUBS SIX SPADES EIGHT,0.609,0.0196,0.3714
SPADES JACK CLUBS TWO,0.4986,0.2916,0.2098
SPADES NINE CLUBS SIX,0.6066,0.015,0.3784
SPADES TEN CLUBS TWO,0.6548,0.016,0.3292
CLUBS TWO CLUBS QUEEN,0.3904,0.0116,0.598
CLUBS TWO CLUBS KING,0.3896,0.0084,0.602
CLUBS THREE DIAMONDS EIGHT,0.6382,0.0156,0.3462
CLUBS TWO CLUBS ACE,0.3906,0.006,0.6034
CLUBS TWO DIAMONDS EIGHT,0.6468,0.017,0.3362
DIAMONDS EIGHT HEARTS SEVEN,0.6802,0.0478,0.272
HEARTS SIX DIAMONDS EIGHT,0.611,0.02,0.369
DIAMONDS EIGHT HEARTS NINE,0.5778,0.0154,0.4068
CLUBS TEN CLUBS TWO,0.6096,0.0156,0.3748
DIAMONDS EIGHT HEARTS EIGHT,0.3024,0.0318,0.6658
CLUBS JACK CLUBS TWO,0.4668,0.2846,0.2486
CLUBS NINE DIAMONDS EIGHT,0.5518,0.0162,0.432
CLUBS EIGHT DIAMONDS EIGHT,0.2912,0.03,0.6788
CLUBS FIVE DIAMONDS EIGHT,0.6122,0.0202,0.3676
SPADES ACE SPADES THREE,0.375,0.005,0.62
CLUBS FOUR DIAMONDS EIGHT,0.6212,0.0182,0.3606
SPADES QUEEN SPADES THREE,0.3862,0.0116,0.6022
CLUBS SIX DIAMONDS EIGHT,0.5996,0.0142,0.3862
SPADES KING SPADES THREE,0.3918,0.008,0.6002
DIAMONDS QUEEN DIAMONDS EIGHT,0.3394,0.0082,0.6524
HEARTS TWO DIAMONDS EIGHT,0.6366,0.019,0.3444
DIAMONDS KING DIAMONDS EIGHT,0.3498,0.0076,0.6426
HEARTS THREE DIAMONDS EIGHT,0.6472,0.0188,0.334
DIAMONDS ACE DIAMONDS EIGHT,0.336,0.003,0.661
HEARTS FOUR DIAMONDS EIGHT,0.6272,0.0164,0.3564
HEARTS FIVE DIAMONDS EIGHT,0.6174,0.014,0.3686
DIAMONDS EIGHT DIAMONDS TEN,0.5334,0.0166,0.45
DIAMONDS EIGHT DIAMONDS JACK,0.2096,0.2092,0.5812
SPADES JACK SPADES THREE,0.454,0.2692,0.2768
SPADES TEN SPADES THREE,0.6014,0.0186,0.38
CLUBS FOUR HEARTS ACE,0.404,0.0056,0.5904
CLUBS FOUR HEARTS QUEEN,0.3994,0.0114,0.5892
CLUBS FOUR HEARTS KING,0.3942,0.0074,0.5984
CLUBS SIX HEARTS TEN,0.6268,0.0176,0.3556
DIAMONDS EIGHT SPADES FOUR,0.614,0.0182,0.3678
SPADES FIVE DIAMONDS EIGHT,0.611,0.0172,0.3718
DIAMONDS EIGHT SPADES TWO,0.6326,0.0186,0.3488
DIAMONDS EIGHT SPADES THREE,0.6344,0.019,0.3466
SPADES EIGHT DIAMONDS EIGHT,0.2972,0.036,0.6668
SPADES TEN DIAMONDS QUEEN,0.3458,0.0086,0.6456
SPADES TEN HEARTS TWO,0.6438,0.0172,0.339
SPADES JACK HEARTS EIGHT,0.2344,0.2142,0.5514
CLUBS FOUR HEARTS TEN,0.632,0.0166,0.3514
SPADES NINE DIAMONDS EIGHT,0.5594,0.017,0.4236
SPADES TEN HEARTS EIGHT,0.5792,0.016,0.4048
SPADES JACK HEARTS TWO,0.4902,0.2934,0.2164
SPADES JACK DIAMONDS QUEEN,0.2256,0.043,0.7314
SPADES SIX DIAMONDS EIGHT,0.6018,0.017,0.3812
SPADES SEVEN DIAMONDS EIGHT,0.6636,0.0556,0.2808
SPADES ACE HEARTS TWO,0.4238,0.0038,0.5724
SPADES ACE DIAMONDS QUEEN,0.33,0.0034,0.6666
SPADES ACE HEARTS EIGHT,0.3698,0.0038,0.6264
SPADES KING HEARTS EIGHT,0.3722,0.007,0.6208
SPADES QUEEN HEARTS TWO,0.405,0.011,0.584
SPADES QUEEN DIAMONDS QUEEN,0.156,0.0092,0.8348
SPADES KING DIAMONDS QUEEN,0.3236,0.0056,0.6708
SPADES KING HEARTS TWO,0.4166,0.0076,0.5758
SPADES QUEEN HEARTS EIGHT,0.3616,0.011,0.6274
CLUBS TWO HEARTS TEN,0.649,0.0156,0.3354
SPADES SEVEN DIAMONDS NINE,0.6742,0.0542,0.2716
SPADES SIX DIAMONDS NINE,0.606,0.0184,0.3756
SPADES NINE DIAMONDS NINE,0.2886,0.0258,0.6856
SPADES EIGHT DIAMONDS NINE,0.5782,0.0128,0.409
SPADES TEN CLUBS KING,0.3418,0.007,0.6512
DIAMONDS NINE SPADES THREE,0.6338,0.018,0.3482
SPADES JACK CLUBS KING,0.2368,0.0258,0.7374
DIAMONDS NINE SPADES TWO,0.639,0.0186,0.3424
DIAMONDS NINE SPADES FIVE,0.6246,0.0152,0.3602
DIAMONDS NINE SPADES FOUR,0.6324,0.0178,0.3498
CLUBS NINE DIAMONDS NINE,0.2826,0.0288,0.6886
CLUBS EIGHT DIAMONDS NINE,0.556,0.015,0.429
CLUBS SIX DIAMONDS NINE,0.6194,0.0188,0.3618
SPADES JACK CLUBS FOUR,0.4766,0.3056,0.2178
SPADES TEN CLUBS FOUR,0.6374,0.0158,0.3468
CLUBS FOUR DIAMONDS NINE,0.6484,0.0162,0.3354
CLUBS FIVE DIAMONDS NINE,0.626,0.0156,0.3584
DIAMONDS NINE CLUBS TWO,0.6438,0.0188,0.3374
CLUBS THREE DIAMONDS NINE,0.6268,0.019,0.3542
DIAMONDS NINE HEARTS EIGHT,0.5508,0.0162,0.433
DIAMONDS NINE HEARTS NINE,0.2936,0.031,0.6754
HEARTS SIX DIAMONDS NINE,0.6168,0.0212,0.362
DIAMONDS NINE HEARTS SEVEN,0.679,0.0538,0.2672
CLUBS EIGHT CLUBS NINE,0.5316,0.0182,0.4502
DIAMONDS ACE DIAMONDS NINE,0.3626,0.0036,0.6338
HEARTS FOUR DIAMONDS NINE,0.6338,0.0174,0.3488
HEARTS FIVE DIAMONDS NINE,0.6272,0.018,0.3548
HEARTS ACE CLUBS TWO,0.412,0.0056,0.5824
SPADES ACE CLUBS FOUR,0.396,0.0058,0.5982
DIAMONDS QUEEN DIAMONDS NINE,0.3366,0.0104,0.653
HEARTS TWO DIAMONDS NINE,0.6318,0.0196,0.3486
CLUBS TWO HEARTS KING,0.4092,0.0072,0.5836
SPADES KING CLUBS FOUR,0.4164,0.0082,0.5754
DIAMONDS KING DIAMONDS NINE,0.3364,0.0056,0.658
HEARTS THREE DIAMONDS NINE,0.6392,0.0138,0.347
CLUBS TWO HEARTS QUEEN,0.4114,0.0094,0.5792
SPADES QUEEN CLUBS FOUR,0.4118,0.0096,0.5786
DIAMONDS NINE DIAMONDS JACK,0.2132,0.16,0.6268
CLUBS EIGHT SPADES NINE,0.5544,0.0172,0.4284
DIAMONDS NINE DIAMONDS TEN,0.5192,0.0158,0.465
CLUBS EIGHT SPADES EIGHT,0.2864,0.0354,0.6782
CLUBS EIGHT SPADES SEVEN,0.6454,0.0574,0.2972
CLUBS EIGHT SPADES SIX,0.5938,0.0172,0.389
CLUBS EIGHT SPADES FIVE,0.608,0.0174,0.3746
CLUBS EIGHT SPADES FOUR,0.6216,0.0184,0.36
CLUBS EIGHT SPADES THREE,0.639,0.0148,0.3462
CLUBS EIGHT SPADES TWO,0.6406,0.0192,0.3402
HEARTS SIX DIAMONDS TEN,0.6374,0.0172,0.3454
DIAMONDS TEN HEARTS SEVEN,0.68,0.0676,0.2524
DIAMONDS TEN HEARTS EIGHT,0.5794,0.0182,0.4024
CLUBS JACK CLUBS FOUR,0.4442,0.283,0.2728
DIAMONDS TEN HEARTS NINE,0.554,0.0154,0.4306
CLUBS TEN CLUBS FOUR,0.5904,0.017,0.3926
CLUBS FOUR CLUBS KING,0.3808,0.009,0.6102
CLUBS FOUR CLUBS QUEEN,0.3876,0.014,0.5984
CLUBS TWO DIAMONDS TEN,0.6338,0.02,0.3462
CLUBS THREE DIAMONDS TEN,0.6266,0.0172,0.3562
CLUBS FOUR CLUBS ACE,0.3862,0.0054,0.6084
DIAMONDS JACK DIAMONDS TEN,0.2122,0.1128,0.675
DIAMONDS QUEEN DIAMONDS TEN,0.3262,0.0084,0.6654
HEARTS TWO DIAMONDS TEN,0.6324,0.0168,0.3508
DIAMONDS KING DIAMONDS TEN,0.321,0.0074,0.6716
HEARTS THREE DIAMONDS TEN,0.6422,0.0182,0.3396
DIAMONDS ACE DIAMONDS TEN,0.3302,0.0034,0.6664
HEARTS FOUR DIAMONDS TEN,0.639,0.0158,0.3452
HEARTS FIVE DIAMONDS TEN,0.634,0.0182,0.3478
CLUBS EIGHT HEARTS TEN,0.5716,0.018,0.4104
CLUBS EIGHT HEARTS QUEEN,0.3462,0.012,0.6418
CLUBS EIGHT HEARTS KING,0.3578,0.0058,0.6364
CLUBS EIGHT HEARTS ACE,0.3624,0.0048,0.6328
CLUBS NINE SPADES THREE,0.633,0.016,0.351
CLUBS NINE SPADES TWO,0.6268,0.0164,0.3568
CLUBS NINE SPADES FIVE,0.6038,0.0156,0.3806
CLUBS NINE SPADES FOUR,0.628,0.017,0.355
CLUBS NINE SPADES SEVEN,0.678,0.0524,0.2696
CLUBS NINE SPADES SIX,0.6034,0.0176,0.379
CLUBS NINE SPADES NINE,0.2848,0.0316,0.6836
CLUBS TEN HEARTS EIGHT,0.5724,0.016,0.4116
CLUBS NINE SPADES EIGHT,0.5586,0.0156,0.4258
CLUBS JACK HEARTS EIGHT,0.2142,0.233,0.5528
CLUBS QUEEN HEARTS EIGHT,0.3624,0.0084,0.6292
CLUBS KING HEARTS EIGHT,0.377,0.0068,0.6162
CLUBS ACE HEARTS EIGHT,0.3646,0.0038,0.6316
SPADES KING CLUBS KING,0.1444,0.006,0.8496
SPADES QUEEN CLUBS KING,0.322,0.0058,0.6722
SPADES ACE CLUBS KING,0.3404,0.0038,0.6558
DIAMONDS ACE HEARTS TEN,0.3608,0.003,0.6362
HEARTS FOUR HEARTS TEN,0.5954,0.0184,0.3862
SPADES KING CLUBS FIVE,0.4092,0.0066,0.5842
SPADES QUEEN CLUBS FIVE,0.4022,0.0096,0.5882
SPADES ACE CLUBS FIVE,0.4004,0.0058,0.5938
DIAMONDS JACK HEARTS SEVEN,0.0172,0.973,0.0098
HEARTS SIX DIAMONDS JACK,0.484,0.2896,0.2264
DIAMONDS JACK HEARTS NINE,0.233,0.1656,0.6014
DIAMONDS JACK HEARTS EIGHT,0.2344,0.2226,0.543
DIAMONDS KING DIAMONDS JACK,0.2236,0.0278,0.7486
HEARTS THREE DIAMONDS JACK,0.495,0.2882,0.2168
SPADES ACE SPADES SIX,0.3736,0.004,0.6224
HEARTS ACE SPADES FOUR,0.4032,0.0038,0.593
DIAMONDS QUEEN DIAMONDS JACK,0.2018,0.0418,0.7564
HEARTS TWO DIAMONDS JACK,0.4932,0.2894,0.2174
HEARTS FIVE DIAMONDS JACK,0.4742,0.3012,0.2246
SPADES QUEEN SPADES SIX,0.3832,0.0086,0.6082
SPADES FOUR HEARTS QUEEN,0.4086,0.0118,0.5796
DIAMONDS ACE DIAMONDS JACK,0.2294,0.0168,0.7538
HEARTS FOUR DIAMONDS JACK,0.4782,0.2984,0.2234
SPADES KING SPADES SIX,0.3758,0.0068,0.6174
SPADES FOUR HEARTS KING,0.4026,0.0068,0.5906
SPADES TEN SPADES SIX,0.586,0.0146,0.3994
SPADES JACK SPADES SIX,0.4468,0.2832,0.27
SPADES FOUR DIAMONDS JACK,0.4806,0.2946,0.2248
SPADES FIVE DIAMONDS JACK,0.4878,0.2902,0.222
DIAMONDS JACK SPADES TWO,0.4802,0.2996,0.2202
DIAMONDS JACK SPADES THREE,0.4704,0.2994,0.2302
SPADES ACE DIAMONDS THREE,0.409,0.0036,0.5874
CLUBS EIGHT DIAMONDS JACK,0.2238,0.224,0.5522
SPADES QUEEN DIAMONDS THREE,0.4084,0.0108,0.5808
SPADES KING DIAMONDS THREE,0.4086,0.0072,0.5842
CLUBS NINE DIAMONDS JACK,0.2166,0.1642,0.6192
CLUBS SIX DIAMONDS JACK,0.4856,0.3016,0.2128
CLUBS FOUR DIAMONDS JACK,0.4884,0.2876,0.224
CLUBS FIVE DIAMONDS JACK,0.4722,0.3036,0.2242
CLUBS TWO DIAMONDS JACK,0.483,0.3098,0.2072
CLUBS THREE DIAMONDS JACK,0.4858,0.3004,0.2138
SPADES TEN CLUBS FIVE,0.6274,0.015,0.3576
HEARTS SIX SPADES JACK,0.4796,0.302,0.2184
HEARTS SIX SPADES TEN,0.6318,0.018,0.3502
SPADES JACK CLUBS FIVE,0.4814,0.3,0.2186
SPADES JACK DIAMONDS THREE,0.4882,0.2858,0.226
DIAMONDS THREE SPADES TEN,0.6316,0.019,0.3494
SPADES NINE DIAMONDS JACK,0.236,0.1584,0.6056
DIAMONDS ACE HEARTS ACE,0.1444,0.0038,0.8518
HEARTS FOUR HEARTS ACE,0.3856,0.0046,0.6098
SPADES EIGHT DIAMONDS JACK,0.231,0.2222,0.5468
SPADES ACE HEARTS SIX,0.4174,0.0044,0.5782
DIAMONDS ACE HEARTS KING,0.3252,0.0042,0.6706
HEARTS FOUR HEARTS KING,0.3888,0.0074,0.6038
SPADES SEVEN DIAMONDS JACK,0.0222,0.9552,0.0226
SPADES KING HEARTS SIX,0.4078,0.0056,0.5866
DIAMONDS ACE HEARTS QUEEN,0.3246,0.0032,0.6722
HEARTS FOUR HEARTS QUEEN,0.385,0.0118,0.6032
SPADES QUEEN HEARTS SIX,0.4202,0.011,0.5688
SPADES SIX DIAMONDS JACK,0.4814,0.2964,0.2222
DIAMONDS TEN SPADES TWO,0.6536,0.0154,0.331
SPADES THREE DIAMONDS TEN,0.6216,0.0164,0.362
SPADES FOUR DIAMONDS TEN,0.6262,0.0178,0.356
SPADES FIVE DIAMONDS TEN,0.6378,0.0174,0.3448
SPADES SIX DIAMONDS TEN,0.62,0.0154,0.3646
SPADES SEVEN DIAMONDS TEN,0.6864,0.0558,0.2578
SPADES EIGHT DIAMONDS TEN,0.5826,0.0162,0.4012
SPADES NINE DIAMONDS TEN,0.5656,0.0138,0.4206
CLUBS FOUR DIAMONDS TEN,0.6474,0.0146,0.338
CLUBS FIVE DIAMONDS TEN,0.6356,0.0162,0.3482
CLUBS SIX DIAMONDS TEN,0.6324,0.0164,0.3512
CLUBS EIGHT DIAMONDS TEN,0.5538,0.014,0.4322
CLUBS NINE DIAMONDS TEN,0.557,0.0158,0.4272
CLUBS JACK DIAMONDS THREE,0.476,0.289,0.235
CLUBS TEN DIAMONDS THREE,0.6278,0.0202,0.352
DIAMONDS THREE CLUBS KING,0.41,0.0088,0.5812
DIAMONDS THREE CLUBS QUEEN,0.4052,0.01,0.5848
DIAMONDS THREE CLUBS ACE,0.398,0.0042,0.5978
SPADES FOUR HEARTS TEN,0.6282,0.021,0.3508
SPADES FIVE SPADES TWO,0.5906,0.0216,0.3878
SPADES FOUR SPADES TWO,0.6084,0.0152,0.3764
SPADES THREE SPADES TWO,0.5942,0.017,0.3888
SPADES NINE SPADES TWO,0.6064,0.0168,0.3768
SPADES EIGHT SPADES TWO,0.5932,0.0176,0.3892
SPADES SEVEN SPADES TWO,0.6738,0.0558,0.2704
SPADES SIX SPADES TWO,0.6116,0.0206,0.3678
DIAMONDS QUEEN CLUBS THREE,0.4146,0.0114,0.574
CLUBS THREE HEARTS TWO,0.6534,0.0226,0.324
DIAMONDS QUEEN CLUBS TWO,0.4146,0.0122,0.5732
HEARTS TWO CLUBS TWO,0.4492,0.0396,0.5112
DIAMONDS QUEEN HEARTS SEVEN,0.2522,0.0454,0.7024
HEARTS TWO HEARTS SEVEN,0.6852,0.0628,0.252
HEARTS SIX DIAMONDS QUEEN,0.4136,0.012,0.5744
HEARTS SIX HEARTS TWO,0.624,0.022,0.354
DIAMONDS QUEEN HEARTS NINE,0.353,0.0124,0.6346
HEARTS TWO HEARTS NINE,0.6112,0.0194,0.3694
DIAMONDS QUEEN HEARTS EIGHT,0.3724,0.0102,0.6174
HEARTS TWO HEARTS EIGHT,0.6016,0.0128,0.3856
CLUBS NINE HEARTS TWO,0.64,0.0176,0.3424
CLUBS NINE DIAMONDS QUEEN,0.3478,0.0138,0.6384
CLUBS EIGHT DIAMONDS QUEEN,0.3536,0.0112,0.6352
CLUBS EIGHT HEARTS TWO,0.6498,0.0198,0.3304
CLUBS FIVE DIAMONDS QUEEN,0.4008,0.0074,0.5918
CLUBS FIVE HEARTS TWO,0.6378,0.0182,0.344
SPADES EIGHT HEARTS ACE,0.3684,0.003,0.6286
DIAMONDS QUEEN CLUBS FOUR,0.4042,0.0104,0.5854
HEARTS TWO CLUBS FOUR,0.656,0.0186,0.3254
SPADES EIGHT HEARTS QUEEN,0.3566,0.0106,0.6328
CLUBS SIX DIAMONDS QUEEN,0.3984,0.0108,0.5908
CLUBS SIX HEARTS TWO,0.6644,0.0182,0.3174
SPADES EIGHT HEARTS KING,0.3704,0.0078,0.6218
HEARTS TWO SPADES SIX,0.6736,0.0188,0.3076
DIAMONDS QUEEN SPADES SIX,0.4008,0.0096,0.5896
HEARTS FOUR CLUBS QUEEN,0.4026,0.0116,0.5858
DIAMONDS ACE CLUBS QUEEN,0.3262,0.004,0.6698
DIAMONDS QUEEN SPADES SEVEN,0.2454,0.0434,0.7112
HEARTS TWO SPADES SEVEN,0.7076,0.0692,0.2232
HEARTS FOUR CLUBS KING,0.4026,0.0068,0.5906
DIAMONDS ACE CLUBS KING,0.3234,0.0054,0.6712
DIAMONDS QUEEN SPADES EIGHT,0.3484,0.0102,0.6414
SPADES EIGHT HEARTS TWO,0.6548,0.0218,0.3234
HEARTS FOUR CLUBS ACE,0.4,0.0052,0.5948
DIAMONDS ACE CLUBS ACE,0.1376,0.003,0.8594
SPADES NINE DIAMONDS QUEEN,0.3478,0.0102,0.642
SPADES NINE HEARTS TWO,0.6398,0.0184,0.3418
HEARTS TWO SPADES TWO,0.4618,0.0428,0.4954
DIAMONDS QUEEN SPADES TWO,0.412,0.0088,0.5792
HEARTS TWO SPADES THREE,0.6466,0.02,0.3334
DIAMONDS QUEEN SPADES THREE,0.41,0.0076,0.5824
HEARTS TWO SPADES FOUR,0.6406,0.0216,0.3378
DIAMONDS QUEEN SPADES FOUR,0.4152,0.0092,0.5756
CLUBS TEN HEARTS FOUR,0.6396,0.0164,0.344
CLUBS TEN DIAMONDS ACE,0.3492,0.0022,0.6486
HEARTS TWO SPADES FIVE,0.6526,0.0188,0.3286
DIAMONDS QUEEN SPADES FIVE,0.4074,0.0094,0.5832
HEARTS FOUR CLUBS JACK,0.4758,0.3044,0.2198
CLUBS JACK DIAMONDS ACE,0.2444,0.0178,0.7378
CLUBS FIVE CLUBS KING,0.379,0.0062,0.6148
CLUBS FIVE CLUBS QUEEN,0.3872,0.0122,0.6006
CLUBS FIVE CLUBS ACE,0.3834,0.006,0.6106
CLUBS JACK CLUBS FIVE,0.4486,0.279,0.2724
CLUBS TEN CLUBS FIVE,0.6068,0.0164,0.3768
SPADES KING CLUBS JACK,0.2332,0.0314,0.7354
CLUBS JACK SPADES QUEEN,0.2256,0.046,0.7284
SPADES ACE CLUBS JACK,0.2474,0.018,0.7346
SPADES SIX CLUBS KING,0.3962,0.0074,0.5964
SPADES SIX CLUBS QUEEN,0.3966,0.0106,0.5928
SPADES SIX CLUBS ACE,0.408,0.0036,0.5884
SPADES EIGHT HEARTS TEN,0.5696,0.015,0.4154
CLUBS JACK SPADES SIX,0.4736,0.308,0.2184
CLUBS TEN SPADES SIX,0.6266,0.0154,0.358
CLUBS JACK SPADES TEN,0.2174,0.1202,0.6624
CLUBS JACK SPADES JACK,0.101,0.0398,0.8592
SPADES SIX HEARTS TEN,0.636,0.0172,0.3468
SPADES SIX HEARTS ACE,0.3906,0.005,0.6044
SPADES SIX HEARTS KING,0.3984,0.0076,0.594
SPADES SIX HEARTS QUEEN,0.3926,0.0096,0.5978
CLUBS TEN HEARTS SIX,0.629,0.0176,0.3534
CLUBS JACK HEARTS SIX,0.489,0.2938,0.2172
CLUBS JACK CLUBS ACE,0.228,0.0204,0.7516
HEARTS SIX CLUBS QUEEN,0.406,0.0104,0.5836
HEARTS SIX CLUBS KING,0.3976,0.0064,0.596
HEARTS SIX CLUBS ACE,0.4006,0.0036,0.5958
CLUBS JACK CLUBS QUEEN,0.2064,0.0452,0.7484
CLUBS JACK CLUBS KING,0.2256,0.0322,0.7422
DIAMONDS THREE HEARTS ACE,0.3982,0.0038,0.598
DIAMONDS THREE HEARTS QUEEN,0.4136,0.0134,0.573
DIAMONDS THREE HEARTS KING,0.4022,0.0072,0.5906
SPADES TEN DIAMONDS ACE,0.3496,0.0024,0.648
HEARTS FOUR SPADES TEN,0.6238,0.0174,0.3588
CLUBS FIVE HEARTS TEN,0.635,0.0208,0.3442
HEARTS FOUR SPADES JACK,0.4788,0.29,0.2312
SPADES JACK DIAMONDS ACE,0.2492,0.0178,0.733
SPADES ACE HEARTS FOUR,0.4042,0.0026,0.5932
SPADES ACE DIAMONDS ACE,0.1494,0.0028,0.8478
CLUBS FIVE HEARTS ACE,0.4024,0.005,0.5926
CLUBS FIVE HEARTS KING,0.3928,0.01,0.5972
HEARTS FOUR SPADES QUEEN,0.397,0.0112,0.5918
SPADES QUEEN DIAMONDS ACE,0.3438,0.0054,0.6508
CLUBS JACK SPADES FOUR,0.4598,0.3064,0.2338
CLUBS FIVE HEARTS QUEEN,0.3928,0.012,0.5952
SPADES KING DIAMONDS ACE,0.3542,0.0012,0.6446
HEARTS FOUR SPADES KING,0.4194,0.0076,0.573
CLUBS TEN SPADES FOUR,0.6198,0.0196,0.3606
DIAMONDS QUEEN DIAMONDS ACE,0.315,0.002,0.683
HEARTS TWO DIAMONDS ACE,0.418,0.0044,0.5776
HEARTS FOUR DIAMONDS QUEEN,0.4158,0.012,0.5722
HEARTS FOUR HEARTS TWO,0.6054,0.0212,0.3734
DIAMONDS THREE HEARTS TEN,0.626,0.0192,0.3548
SPADES FOUR CLUBS KING,0.4072,0.0068,0.586
HEARTS FIVE DIAMONDS QUEEN,0.399,0.0118,0.5892
HEARTS FIVE HEARTS TWO,0.5986,0.0206,0.3808
SPADES FOUR CLUBS QUEEN,0.3968,0.0088,0.5944
DIAMONDS QUEEN HEARTS TWO,0.4146,0.013,0.5724
DIAMONDS KING DIAMONDS QUEEN,0.3138,0.0058,0.6804
DIAMONDS KING HEARTS TWO,0.4022,0.009,0.5888
HEARTS THREE DIAMONDS QUEEN,0.4216,0.0142,0.5642
HEARTS THREE HEARTS TWO,0.596,0.0198,0.3842
SPADES FOUR CLUBS ACE,0.3978,0.0034,0.5988
HEARTS TWO CLUBS ACE,0.4088,0.0038,0.5874
DIAMONDS QUEEN CLUBS ACE,0.3324,0.0026,0.665
HEARTS TWO CLUBS QUEEN,0.4094,0.011,0.5796
DIAMONDS QUEEN CLUBS QUEEN,0.15,0.0118,0.8382
HEARTS TWO CLUBS KING,0.417,0.0058,0.5772
DIAMONDS QUEEN CLUBS KING,0.3116,0.0068,0.6816
SPADES EIGHT SPADES FIVE,0.5696,0.0172,0.4132
CLUBS TEN HEARTS TWO,0.6262,0.014,0.3598
CLUBS TEN DIAMONDS QUEEN,0.3366,0.0108,0.6526
SPADES NINE SPADES FIVE,0.5874,0.0156,0.397
CLUBS JACK HEARTS TWO,0.4864,0.2952,0.2184
CLUBS JACK DIAMONDS QUEEN,0.2282,0.0408,0.731
SPADES SIX SPADES FIVE,0.5636,0.0198,0.4166
SPADES SEVEN SPADES FIVE,0.6268,0.0586,0.3146
DIAMONDS FIVE CLUBS QUEEN,0.4092,0.0088,0.582
SPADES EIGHT CLUBS ACE,0.3694,0.004,0.6266
DIAMONDS FIVE CLUBS KING,0.4114,0.0086,0.58
SPADES EIGHT CLUBS KING,0.3668,0.0068,0.6264
DIAMONDS FIVE CLUBS ACE,0.4088,0.0024,0.5888
SPADES EIGHT CLUBS QUEEN,0.3568,0.0122,0.631
CLUBS JACK SPADES EIGHT,0.2136,0.229,0.5574
CLUBS TEN SPADES EIGHT,0.5698,0.014,0.4162
CLUBS TEN DIAMONDS FIVE,0.6354,0.0182,0.3464
CLUBS JACK DIAMONDS FIVE,0.4754,0.2976,0.227
DIAMONDS TEN HEARTS TEN,0.2846,0.0238,0.6916
SPADES ACE CLUBS NINE,0.3752,0.0036,0.6212
SPADES QUEEN CLUBS NINE,0.3542,0.0104,0.6354
SPADES KING CLUBS NINE,0.3606,0.0068,0.6326
HEARTS SIX HEARTS KING,0.3844,0.0072,0.6084
DIAMONDS KING SPADES SEVEN,0.2432,0.0318,0.725
HEARTS THREE SPADES SEVEN,0.7034,0.0554,0.2412
SPADES KING DIAMONDS SEVEN,0.258,0.0318,0.7102
HEARTS SIX HEARTS QUEEN,0.3848,0.0132,0.602
SPADES QUEEN DIAMONDS SEVEN,0.256,0.04,0.704
HEARTS THREE SPADES SIX,0.6442,0.0176,0.3382
DIAMONDS KING SPADES SIX,0.4096,0.0056,0.5848
DIAMONDS KING SPADES NINE,0.3796,0.0054,0.615
HEARTS THREE SPADES NINE,0.6316,0.0212,0.3472
HEARTS SIX HEARTS ACE,0.3808,0.004,0.6152
DIAMONDS KING SPADES EIGHT,0.375,0.0064,0.6186
HEARTS THREE SPADES EIGHT,0.6436,0.0208,0.3356
SPADES ACE DIAMONDS SEVEN,0.251,0.0242,0.7248
HEARTS THREE CLUBS NINE,0.6272,0.0184,0.3544
CLUBS NINE DIAMONDS KING,0.3574,0.005,0.6376
CLUBS EIGHT DIAMONDS KING,0.3644,0.006,0.6296
HEARTS THREE CLUBS EIGHT,0.6358,0.0214,0.3428
HEARTS THREE SPADES THREE,0.4368,0.0358,0.5274
DIAMONDS KING SPADES THREE,0.4192,0.0074,0.5734
