opposingHand,winningChance,drawChance,lostChance
CLUBS TEN HEARTS FIVE
CLUBS JACK SPADES FIVE,0.2344,0.069,0.6966
CLUBS JACK CLUBS EIGHT,0.3362,0.0168,0.647
CLUBS EIGHT CLUBS KING,0.338,0.0088,0.6532
SPADES FIVE CLUBS ACE,0.2418,0.0242,0.734
CLUBS EIGHT CLUBS QUEEN,0.328,0.0096,0.6624
SPADES FIVE CLUBS KING,0.2436,0.0378,0.7186
SPADES FIVE CLUBS QUEEN,0.2356,0.0488,0.7156
CLUBS EIGHT CLUBS ACE,0.3512,0.0046,0.6442
DIAMONDS TWO DIAMONDS THREE,0.5852,0.0268,0.388
DIAMONDS TWO DIAMONDS FIVE,0.615,0.0816,0.3034
DIAMONDS TWO DIAMONDS FOUR,0.5828,0.0278,0.3894
DIAMONDS TWO DIAMONDS SEVEN,0.5772,0.0276,0.3952
DIAMONDS TWO DIAMONDS SIX,0.5748,0.0268,0.3984
DIAMONDS TWO DIAMONDS NINE,0.5726,0.0278,0.3996
DIAMONDS TWO DIAMONDS EIGHT,0.5832,0.026,0.3908
DIAMONDS THREE DIAMONDS FOUR,0.5728,0.0334,0.3938
CLUBS TWO SPADES FOUR,0.6302,0.0322,0.3376
DIAMONDS THREE DIAMONDS FIVE,0.5948,0.086,0.3192
SPADES FIVE CLUBS TWO,0.656,0.0876,0.2564
CLUBS TWO SPADES TWO,0.4074,0.066,0.5266
CLUBS TWO SPADES THREE,0.6418,0.0288,0.3294
DIAMONDS THREE DIAMONDS EIGHT,0.5932,0.027,0.3798
SPADES EIGHT CLUBS TWO,0.6118,0.0286,0.3596
DIAMONDS THREE DIAMONDS NINE,0.579,0.0272,0.3938
SPADES NINE CLUBS TWO,0.6196,0.0296,0.3508
DIAMONDS THREE DIAMONDS SIX,0.5564,0.0272,0.4164
SPADES SIX CLUBS TWO,0.618,0.0286,0.3534
DIAMONDS THREE DIAMONDS SEVEN,0.5634,0.0258,0.4108
SPADES SEVEN CLUBS TWO,0.6194,0.0312,0.3494
CLUBS SIX CLUBS TWO,0.5874,0.0254,0.3872
CLUBS SEVEN CLUBS TWO,0.5914,0.0236,0.385
CLUBS FOUR CLUBS TWO,0.6116,0.0272,0.3612
CLUBS FIVE CLUBS TWO,0.644,0.0794,0.2766
DIAMONDS FOUR DIAMONDS SIX,0.55,0.0306,0.4194
DIAMONDS FOUR DIAMONDS SEVEN,0.5536,0.0264,0.42
CLUBS EIGHT CLUBS TWO,0.595,0.029,0.376
DIAMONDS FIVE DIAMONDS FOUR,0.5884,0.078,0.3336
CLUBS NINE CLUBS TWO,0.5836,0.0262,0.3902
DIAMONDS NINE DIAMONDS FOUR,0.582,0.0292,0.3888
DIAMONDS EIGHT DIAMONDS FOUR,0.585,0.0228,0.3922
CLUBS THREE CLUBS TWO,0.586,0.0336,0.3804
DIAMONDS NINE DIAMONDS FIVE,0.6292,0.0776,0.2932
CLUBS JACK DIAMONDS TWO,0.396,0.021,0.583
DIAMONDS EIGHT DIAMONDS FIVE,0.6142,0.0804,0.3054
DIAMONDS FIVE DIAMONDS SEVEN,0.6128,0.0736,0.3136
DIAMONDS FIVE DIAMONDS SIX,0.5922,0.0796,0.3282
DIAMONDS TWO CLUBS ACE,0.3808,0.004,0.6152
DIAMONDS TWO CLUBS KING,0.397,0.0078,0.5952
DIAMONDS TWO CLUBS QUEEN,0.3992,0.015,0.5858
DIAMONDS EIGHT DIAMONDS SIX,0.5336,0.0232,0.4432
DIAMONDS NINE DIAMONDS SIX,0.5478,0.0246,0.4276
HEARTS ACE SPADES THREE,0.3804,0.0036,0.616
SPADES THREE HEARTS KING,0.3894,0.0076,0.603
DIAMONDS SEVEN DIAMONDS SIX,0.5208,0.024,0.4552
HEARTS QUEEN SPADES THREE,0.3844,0.0118,0.6038
SPADES THREE HEARTS JACK,0.3842,0.0192,0.5966
SPADES THREE HEARTS TEN,0.3164,0.4674,0.2162
DIAMONDS EIGHT DIAMONDS SEVEN,0.5112,0.0232,0.4656
DIAMONDS NINE DIAMONDS SEVEN,0.515,0.0282,0.4568
DIAMONDS NINE DIAMONDS EIGHT,0.5056,0.0214,0.473
DIAMONDS KING HEARTS TEN,0.2386,0.0374,0.724
HEARTS THREE HEARTS TEN,0.3002,0.4474,0.2524
SPADES JACK CLUBS SIX,0.3676,0.0172,0.6152
DIAMONDS KING HEARTS JACK,0.3106,0.006,0.6834
HEARTS THREE HEARTS JACK,0.3746,0.0156,0.6098
SPADES TEN CLUBS SIX,0.2196,0.3736,0.4068
SPADES JACK SPADES FIVE,0.225,0.0586,0.7164
SPADES TEN SPADES FIVE,0.0228,0.9038,0.0734
DIAMONDS KING HEARTS ACE,0.3126,0.0044,0.683
HEARTS THREE HEARTS ACE,0.3476,0.0042,0.6482
SPADES ACE CLUBS SIX,0.357,0.0028,0.6402
DIAMONDS KING HEARTS QUEEN,0.317,0.0074,0.6756
HEARTS THREE HEARTS QUEEN,0.363,0.0124,0.6246
SPADES KING CLUBS SIX,0.3664,0.0056,0.628
DIAMONDS KING HEARTS KING,0.1278,0.009,0.8632
HEARTS THREE HEARTS KING,0.379,0.0076,0.6134
SPADES QUEEN CLUBS SIX,0.3598,0.0122,0.628
SPADES NINE HEARTS TEN,0.2186,0.1828,0.5986
SPADES NINE HEARTS JACK,0.3208,0.015,0.6642
SPADES QUEEN SPADES FIVE,0.2222,0.0504,0.7274
SPADES KING SPADES FIVE,0.2294,0.0322,0.7384
SPADES ACE SPADES FIVE,0.2238,0.021,0.7552
SPADES NINE HEARTS QUEEN,0.3306,0.0102,0.6592
SPADES NINE HEARTS KING,0.349,0.0076,0.6434
SPADES NINE HEARTS ACE,0.3598,0.0038,0.6364
SPADES FIVE HEARTS QUEEN,0.2338,0.0452,0.721
SPADES FIVE HEARTS KING,0.2288,0.039,0.7322
HEARTS ACE SPADES FIVE,0.2362,0.0244,0.7394
CLUBS EIGHT SPADES TEN,0.2232,0.2288,0.548
HEARTS THREE SPADES JACK,0.391,0.0156,0.5934
SPADES JACK DIAMONDS KING,0.3286,0.0048,0.6666
SPADES TEN DIAMONDS KING,0.2298,0.038,0.7322
HEARTS THREE SPADES TEN,0.318,0.4696,0.2124
SPADES JACK CLUBS EIGHT,0.336,0.0162,0.6478
CLUBS SIX HEARTS ACE,0.3696,0.0056,0.6248
SPADES ACE CLUBS EIGHT,0.3618,0.0038,0.6344
CLUBS SIX HEARTS QUEEN,0.3606,0.0114,0.628
SPADES QUEEN CLUBS EIGHT,0.3682,0.011,0.6208
CLUBS SIX HEARTS KING,0.3476,0.007,0.6454
SPADES KING CLUBS EIGHT,0.3622,0.008,0.6298
CLUBS JACK SPADES THREE,0.386,0.0176,0.5964
DIAMONDS TWO HEARTS JACK,0.4018,0.015,0.5832
SPADES THREE CLUBS QUEEN,0.3882,0.0122,0.5996
DIAMONDS TWO HEARTS TEN,0.3184,0.4596,0.222
SPADES THREE CLUBS KING,0.3944,0.0088,0.5968
SPADES FIVE HEARTS TEN,0.0092,0.972,0.0188
SPADES THREE CLUBS ACE,0.3842,0.0056,0.6102
SPADES FIVE HEARTS JACK,0.2314,0.0612,0.7074
HEARTS THREE CLUBS KING,0.397,0.0084,0.5946
DIAMONDS KING CLUBS KING,0.1372,0.0094,0.8534
HEARTS THREE CLUBS QUEEN,0.4,0.0132,0.5868
DIAMONDS KING CLUBS QUEEN,0.2982,0.0054,0.6964
HEARTS THREE CLUBS ACE,0.3826,0.0044,0.613
DIAMONDS KING CLUBS ACE,0.3334,0.0038,0.6628
SPADES ACE CLUBS QUEEN,0.3288,0.003,0.6682
SPADES KING CLUBS QUEEN,0.3198,0.0054,0.6748
CLUBS JACK HEARTS THREE,0.3866,0.0218,0.5916
CLUBS JACK DIAMONDS KING,0.3142,0.0074,0.6784
SPADES QUEEN CLUBS QUEEN,0.1402,0.0194,0.8404
SPADES JACK CLUBS QUEEN,0.3036,0.0092,0.6872
CLUBS SIX CLUBS QUEEN,0.3462,0.0152,0.6386
SPADES TEN CLUBS QUEEN,0.231,0.0476,0.7214
CLUBS SIX CLUBS KING,0.351,0.008,0.641
CLUBS SIX CLUBS ACE,0.3454,0.0048,0.6498
CLUBS JACK CLUBS SIX,0.3506,0.016,0.6334
SPADES SEVEN HEARTS JACK,0.3484,0.0182,0.6334
SPADES SEVEN HEARTS TEN,0.2168,0.292,0.4912
DIAMONDS TWO CLUBS TWO,0.413,0.059,0.528
DIAMONDS TWO CLUBS THREE,0.6136,0.033,0.3534
DIAMONDS TWO HEARTS SIX,0.6038,0.026,0.3702
DIAMONDS TWO HEARTS QUEEN,0.3928,0.0122,0.595
HEARTS SEVEN DIAMONDS TWO,0.6274,0.0308,0.3418
DIAMONDS TWO HEARTS KING,0.3874,0.0086,0.604
DIAMONDS TWO HEARTS EIGHT,0.6102,0.0262,0.3636
DIAMONDS TWO HEARTS ACE,0.3858,0.0046,0.6096
DIAMONDS TWO HEARTS NINE,0.6032,0.0328,0.364
DIAMONDS TWO DIAMONDS QUEEN,0.3672,0.0116,0.6212
DIAMONDS TWO HEARTS TWO,0.3962,0.0626,0.5412
DIAMONDS TWO DIAMONDS KING,0.367,0.0076,0.6254
HEARTS THREE DIAMONDS TWO,0.6186,0.0282,0.3532
DIAMONDS TWO DIAMONDS ACE,0.3682,0.003,0.6288
HEARTS FOUR DIAMONDS TWO,0.6254,0.0316,0.343
SPADES SEVEN HEARTS ACE,0.3452,0.0042,0.6506
DIAMONDS TWO DIAMONDS TEN,0.3112,0.4268,0.262
SPADES SEVEN HEARTS KING,0.3544,0.0072,0.6384
DIAMONDS TWO DIAMONDS JACK,0.369,0.021,0.61
SPADES SEVEN HEARTS QUEEN,0.3468,0.0156,0.6376
DIAMONDS TWO SPADES NINE,0.6198,0.0268,0.3534
DIAMONDS TWO SPADES EIGHT,0.6192,0.0292,0.3516
DIAMONDS TWO SPADES SEVEN,0.631,0.0266,0.3424
DIAMONDS TWO SPADES SIX,0.6148,0.0234,0.3618
DIAMONDS TWO SPADES FIVE,0.657,0.086,0.257
DIAMONDS TWO SPADES FOUR,0.6274,0.0302,0.3424
DIAMONDS TWO SPADES THREE,0.628,0.0288,0.3432
DIAMONDS TWO SPADES TWO,0.392,0.0556,0.5524
CLUBS NINE DIAMONDS TWO,0.6302,0.0298,0.34
DIAMONDS TWO CLUBS EIGHT,0.6248,0.0348,0.3404
CLUBS SEVEN DIAMONDS TWO,0.6312,0.026,0.3428
DIAMONDS TWO CLUBS SIX,0.6164,0.0288,0.3548
DIAMONDS TWO CLUBS FIVE,0.6694,0.0776,0.253
DIAMONDS TWO CLUBS FOUR,0.6316,0.0318,0.3366
CLUBS FOUR SPADES FIVE,0.6494,0.0728,0.2778
CLUBS FOUR SPADES FOUR,0.387,0.0604,0.5526
CLUBS FOUR SPADES THREE,0.6122,0.0278,0.36
CLUBS FOUR SPADES TWO,0.6276,0.0314,0.341
SPADES NINE CLUBS FOUR,0.6318,0.0294,0.3388
SPADES EIGHT CLUBS FOUR,0.6088,0.0286,0.3626
SPADES SEVEN CLUBS FOUR,0.6034,0.026,0.3706
CLUBS FOUR SPADES SIX,0.5918,0.0266,0.3816
SPADES ACE DIAMONDS SIX,0.3522,0.0034,0.6444
SPADES QUEEN DIAMONDS SIX,0.3568,0.0096,0.6336
SPADES KING DIAMONDS SIX,0.3566,0.0062,0.6372
SPADES TEN DIAMONDS SIX,0.2228,0.3664,0.4108
SPADES JACK DIAMONDS SIX,0.3506,0.0208,0.6286
SPADES QUEEN SPADES TWO,0.3706,0.0104,0.619
SPADES KING SPADES TWO,0.375,0.0066,0.6184
SPADES ACE SPADES TWO,0.3486,0.0042,0.6472
CLUBS JACK DIAMONDS JACK,0.1476,0.0224,0.83
DIAMONDS JACK CLUBS KING,0.3024,0.0072,0.6904
DIAMONDS JACK CLUBS QUEEN,0.3028,0.011,0.6862
DIAMONDS THREE DIAMONDS JACK,0.3542,0.0176,0.6282
DIAMONDS THREE DIAMONDS TEN,0.3116,0.434,0.2544
DIAMONDS JACK CLUBS ACE,0.3078,0.0038,0.6884
DIAMONDS THREE DIAMONDS KING,0.3822,0.0076,0.6102
HEARTS THREE DIAMONDS THREE,0.4148,0.0678,0.5174
DIAMONDS THREE DIAMONDS QUEEN,0.3596,0.0084,0.632
DIAMONDS THREE HEARTS TWO,0.6326,0.027,0.3404
DIAMONDS THREE DIAMONDS ACE,0.3464,0.0044,0.6492
HEARTS FOUR DIAMONDS THREE,0.6014,0.0324,0.3662
HEARTS SEVEN DIAMONDS THREE,0.6122,0.0294,0.3584
SPADES TEN SPADES NINE,0.2112,0.1612,0.6276
HEARTS SIX DIAMONDS THREE,0.594,0.034,0.372
SPADES JACK SPADES NINE,0.3074,0.015,0.6776
DIAMONDS THREE HEARTS NINE,0.616,0.0268,0.3572
HEARTS JACK DIAMONDS FOUR,0.3814,0.02,0.5986
HEARTS ACE HEARTS KING,0.3054,0.0046,0.69
SPADES TEN SPADES TWO,0.2986,0.4288,0.2726
DIAMONDS THREE HEARTS EIGHT,0.6192,0.0298,0.351
HEARTS TEN DIAMONDS FOUR,0.3042,0.4624,0.2334
SPADES JACK SPADES TWO,0.379,0.0178,0.6032
HEARTS QUEEN DIAMONDS FOUR,0.3826,0.0116,0.6058
HEARTS KING DIAMONDS FOUR,0.3868,0.0078,0.6054
SPADES ACE SPADES NINE,0.3336,0.0028,0.6636
HEARTS ACE DIAMONDS FOUR,0.3692,0.0048,0.626
SPADES KING SPADES NINE,0.3334,0.0068,0.6598
SPADES QUEEN SPADES NINE,0.3218,0.011,0.6672
DIAMONDS THREE SPADES NINE,0.6118,0.0266,0.3616
DIAMONDS THREE SPADES EIGHT,0.6214,0.0274,0.3512
DIAMONDS THREE SPADES SEVEN,0.608,0.0278,0.3642
DIAMONDS THREE SPADES SIX,0.5946,0.0282,0.3772
DIAMONDS THREE CLUBS SIX,0.6046,0.0284,0.367
CLUBS FIVE CLUBS SIX,0.6096,0.0774,0.313
CLUBS ACE DIAMONDS FOUR,0.3712,0.0046,0.6242
CLUBS SEVEN DIAMONDS THREE,0.6168,0.027,0.3562
CLUBS SEVEN CLUBS FIVE,0.6154,0.0772,0.3074
DIAMONDS THREE CLUBS FOUR,0.6132,0.0322,0.3546
DIAMONDS FOUR CLUBS QUEEN,0.3894,0.0114,0.5992
DIAMONDS THREE CLUBS FIVE,0.6454,0.079,0.2756
DIAMONDS FOUR CLUBS KING,0.3908,0.007,0.6022
DIAMONDS THREE CLUBS TWO,0.6314,0.0306,0.338
DIAMONDS THREE CLUBS THREE,0.3942,0.068,0.5378
CLUBS JACK DIAMONDS FOUR,0.392,0.0176,0.5904
DIAMONDS THREE SPADES FOUR,0.6032,0.0312,0.3656
DIAMONDS THREE SPADES FIVE,0.6594,0.0778,0.2628
DIAMONDS THREE SPADES TWO,0.6292,0.0278,0.343
DIAMONDS THREE SPADES THREE,0.4082,0.0676,0.5242
CLUBS EIGHT DIAMONDS THREE,0.6206,0.0304,0.349
CLUBS NINE DIAMONDS THREE,0.617,0.029,0.354
SPADES SEVEN CLUBS ACE,0.3502,0.0034,0.6464
SPADES SEVEN CLUBS QUEEN,0.3598,0.0112,0.629
SPADES SEVEN CLUBS KING,0.3566,0.0066,0.6368
CLUBS FIVE SPADES SEVEN,0.6508,0.0748,0.2744
CLUBS FIVE SPADES SIX,0.6448,0.0806,0.2746
CLUBS JACK SPADES SEVEN,0.343,0.0168,0.6402
CLUBS FIVE SPADES NINE,0.675,0.0744,0.2506
CLUBS FIVE SPADES EIGHT,0.66,0.0814,0.2586
CLUBS FIVE SPADES THREE,0.658,0.0774,0.2646
CLUBS FIVE SPADES TWO,0.675,0.0796,0.2454
CLUBS FIVE SPADES FIVE,0.2882,0.0564,0.6554
CLUBS FIVE SPADES FOUR,0.624,0.081,0.295
CLUBS NINE CLUBS FIVE,0.6462,0.0722,0.2816
CLUBS EIGHT CLUBS FIVE,0.6338,0.0704,0.2958
CLUBS ACE CLUBS QUEEN,0.2968,0.0052,0.698
CLUBS KING CLUBS QUEEN,0.3018,0.0054,0.6928
DIAMONDS TEN DIAMONDS FOUR,0.3042,0.4406,0.2552
DIAMONDS JACK DIAMONDS FOUR,0.3622,0.0212,0.6166
CLUBS JACK DIAMONDS NINE,0.3294,0.0158,0.6548
CLUBS JACK SPADES NINE,0.327,0.016,0.657
DIAMONDS ACE DIAMONDS FOUR,0.3604,0.0024,0.6372
HEARTS FOUR DIAMONDS FOUR,0.3896,0.0648,0.5456
DIAMONDS JACK HEARTS TEN,0.219,0.0554,0.7256
SPADES NINE CLUBS KING,0.3448,0.0056,0.6496
DIAMONDS TWO SPADES TEN,0.316,0.472,0.212
DIAMONDS NINE CLUBS ACE,0.3676,0.0036,0.6288
DIAMONDS JACK HEARTS JACK,0.142,0.0226,0.8354
SPADES NINE CLUBS QUEEN,0.344,0.0134,0.6426
DIAMONDS TWO SPADES JACK,0.3956,0.0198,0.5846
DIAMONDS QUEEN DIAMONDS FOUR,0.377,0.0104,0.6126
HEARTS TWO DIAMONDS FOUR,0.6362,0.0278,0.336
DIAMONDS NINE CLUBS QUEEN,0.3422,0.0104,0.6474
DIAMONDS KING DIAMONDS FOUR,0.3704,0.0048,0.6248
HEARTS THREE DIAMONDS FOUR,0.6124,0.0332,0.3544
SPADES NINE CLUBS ACE,0.3514,0.0062,0.6424
DIAMONDS NINE CLUBS KING,0.35,0.0064,0.6436
HEARTS ACE DIAMONDS JACK,0.3134,0.005,0.6816
SPADES ACE DIAMONDS TWO,0.4048,0.0038,0.5914
HEARTS QUEEN DIAMONDS JACK,0.3096,0.0098,0.6806
SPADES QUEEN DIAMONDS TWO,0.3928,0.0134,0.5938
DIAMONDS JACK HEARTS KING,0.3168,0.0066,0.6766
SPADES KING DIAMONDS TWO,0.405,0.0074,0.5876
SPADES JACK SPADES SEVEN,0.339,0.0186,0.6424
SPADES TEN SPADES SEVEN,0.2136,0.2734,0.513
CLUBS SEVEN CLUBS THREE,0.5756,0.0288,0.3956
CLUBS SIX CLUBS THREE,0.569,0.029,0.402
CLUBS FIVE CLUBS THREE,0.617,0.0764,0.3066
CLUBS THREE CLUBS FOUR,0.5824,0.0274,0.3902
CLUBS NINE CLUBS THREE,0.5964,0.0272,0.3764
CLUBS EIGHT CLUBS THREE,0.599,0.0268,0.3742
CLUBS THREE SPADES FIVE,0.64,0.0852,0.2748
CLUBS THREE SPADES FOUR,0.6142,0.028,0.3578
CLUBS THREE SPADES THREE,0.3898,0.0684,0.5418
CLUBS THREE SPADES TWO,0.6262,0.0322,0.3416
CLUBS THREE SPADES SIX,0.612,0.0296,0.3584
CLUBS THREE SPADES SEVEN,0.623,0.0282,0.3488
SPADES EIGHT CLUBS THREE,0.6264,0.0288,0.3448
SPADES NINE CLUBS THREE,0.6212,0.0288,0.35
SPADES TWO DIAMONDS FOUR,0.618,0.0286,0.3534
SPADES THREE DIAMONDS FOUR,0.6188,0.028,0.3532
SPADES FOUR DIAMONDS FOUR,0.3854,0.0644,0.5502
SPADES FIVE DIAMONDS FOUR,0.6226,0.0782,0.2992
SPADES SIX DIAMONDS FOUR,0.579,0.0282,0.3928
SPADES SEVEN DIAMONDS FOUR,0.6048,0.027,0.3682
SPADES EIGHT DIAMONDS FOUR,0.607,0.0254,0.3676
SPADES NINE DIAMONDS FOUR,0.6234,0.0254,0.3512
CLUBS FIVE DIAMONDS FOUR,0.6296,0.0888,0.2816
CLUBS FOUR DIAMONDS FOUR,0.3934,0.0636,0.543
CLUBS SEVEN DIAMONDS FOUR,0.5948,0.028,0.3772
CLUBS SIX DIAMONDS FOUR,0.597,0.0266,0.3764
CLUBS NINE DIAMONDS FOUR,0.6186,0.026,0.3554
CLUBS EIGHT DIAMONDS FOUR,0.6076,0.0294,0.363
HEARTS SEVEN DIAMONDS FOUR,0.6012,0.0272,0.3716
HEARTS SIX DIAMONDS FOUR,0.58,0.029,0.391
DIAMONDS FOUR HEARTS NINE,0.6132,0.0304,0.3564
DIAMONDS FOUR HEARTS EIGHT,0.6098,0.0262,0.364
CLUBS THREE DIAMONDS FOUR,0.62,0.0272,0.3528
CLUBS TWO DIAMONDS FOUR,0.6284,0.031,0.3406
DIAMONDS TEN DIAMONDS FIVE,0.0194,0.9166,0.064
DIAMONDS JACK DIAMONDS FIVE,0.2132,0.0572,0.7296
DIAMONDS NINE HEARTS QUEEN,0.334,0.0112,0.6548
DIAMONDS NINE HEARTS KING,0.3396,0.0062,0.6542
HEARTS ACE DIAMONDS NINE,0.3614,0.0054,0.6332
DIAMONDS NINE HEARTS TEN,0.2272,0.1734,0.5994
DIAMONDS NINE HEARTS JACK,0.3234,0.0168,0.6598
CLUBS KING DIAMONDS SIX,0.3504,0.0082,0.6414
CLUBS QUEEN DIAMONDS SIX,0.352,0.0122,0.6358
CLUBS ACE DIAMONDS SIX,0.3608,0.0038,0.6354
SPADES KING DIAMONDS FOUR,0.3896,0.0068,0.6036
SPADES ACE SPADES SEVEN,0.33,0.0028,0.6672
SPADES QUEEN DIAMONDS FOUR,0.378,0.0138,0.6082
SPADES QUEEN SPADES SEVEN,0.3384,0.0106,0.651
CLUBS JACK DIAMONDS SIX,0.3484,0.0178,0.6338
SPADES KING SPADES SEVEN,0.34,0.0074,0.6526
SPADES ACE DIAMONDS FOUR,0.3796,0.0036,0.6168
CLUBS NINE CLUBS FOUR,0.603,0.027,0.37
CLUBS EIGHT CLUBS FOUR,0.5834,0.0262,0.3904
SPADES JACK DIAMONDS FOUR,0.4024,0.0148,0.5828
SPADES TEN DIAMONDS FOUR,0.313,0.4584,0.2286
CLUBS FIVE CLUBS FOUR,0.6028,0.0812,0.316
CLUBS SEVEN CLUBS FOUR,0.573,0.0264,0.4006
CLUBS SIX CLUBS FOUR,0.5656,0.0272,0.4072
CLUBS SEVEN SPADES EIGHT,0.5394,0.0262,0.4344
CLUBS SEVEN SPADES NINE,0.5574,0.0266,0.416
CLUBS SEVEN SPADES SIX,0.551,0.0296,0.4194
CLUBS SEVEN SPADES SEVEN,0.2982,0.0458,0.656
CLUBS SEVEN SPADES FIVE,0.6562,0.0828,0.261
CLUBS SEVEN SPADES FOUR,0.5904,0.032,0.3776
CLUBS SEVEN SPADES THREE,0.6112,0.0288,0.36
CLUBS SEVEN SPADES TWO,0.6288,0.0266,0.3446
CLUBS NINE CLUBS SEVEN,0.5164,0.0242,0.4594
CLUBS SEVEN CLUBS EIGHT,0.53,0.0242,0.4458
HEARTS SIX DIAMONDS FIVE,0.6208,0.0776,0.3016
HEARTS SEVEN DIAMONDS FIVE,0.634,0.081,0.285
DIAMONDS FIVE HEARTS EIGHT,0.6504,0.0792,0.2704
DIAMONDS FIVE HEARTS NINE,0.6626,0.0814,0.256
DIAMONDS QUEEN DIAMONDS FIVE,0.2206,0.0504,0.729
HEARTS TWO DIAMONDS FIVE,0.6674,0.0814,0.2512
HEARTS KING HEARTS EIGHT,0.333,0.0058,0.6612
DIAMONDS KING DIAMONDS FIVE,0.2104,0.036,0.7536
HEARTS THREE DIAMONDS FIVE,0.6488,0.0768,0.2744
HEARTS QUEEN HEARTS EIGHT,0.3288,0.0128,0.6584
DIAMONDS ACE DIAMONDS FIVE,0.225,0.0234,0.7516
HEARTS FOUR DIAMONDS FIVE,0.6238,0.0858,0.2904
HEARTS ACE HEARTS EIGHT,0.3376,0.0046,0.6578
CLUBS FOUR DIAMONDS FIVE,0.6358,0.0834,0.2808
CLUBS FIVE DIAMONDS FIVE,0.2844,0.0532,0.6624
CLUBS SIX DIAMONDS FIVE,0.6342,0.0744,0.2914
CLUBS SEVEN DIAMONDS FIVE,0.6448,0.0736,0.2816
CLUBS TWO DIAMONDS FIVE,0.6672,0.0764,0.2564
CLUBS THREE DIAMONDS FIVE,0.6606,0.0772,0.2622
SPADES THREE DIAMONDS FIVE,0.651,0.0794,0.2696
SPADES TWO DIAMONDS FIVE,0.6562,0.0894,0.2544
SPADES JACK DIAMONDS EIGHT,0.3334,0.017,0.6496
SPADES FIVE DIAMONDS FIVE,0.2976,0.0508,0.6516
SPADES TEN DIAMONDS EIGHT,0.23,0.2194,0.5506
SPADES FOUR DIAMONDS FIVE,0.629,0.078,0.293
CLUBS JACK HEARTS JACK,0.1286,0.0238,0.8476
HEARTS JACK CLUBS QUEEN,0.2996,0.0118,0.6886
CLUBS NINE DIAMONDS FIVE,0.6616,0.0838,0.2546
HEARTS JACK CLUBS KING,0.313,0.0072,0.6798
CLUBS EIGHT DIAMONDS FIVE,0.6648,0.0766,0.2586
CLUBS ACE HEARTS JACK,0.3158,0.0056,0.6786
SPADES SEVEN DIAMONDS FIVE,0.6444,0.0742,0.2814
SPADES KING DIAMONDS EIGHT,0.3602,0.0076,0.6322
SPADES QUEEN DIAMONDS EIGHT,0.3444,0.0118,0.6438
SPADES SIX DIAMONDS FIVE,0.6402,0.07,0.2898
SPADES NINE DIAMONDS FIVE,0.6668,0.082,0.2512
SPADES EIGHT DIAMONDS FIVE,0.6466,0.0772,0.2762
SPADES ACE DIAMONDS EIGHT,0.3708,0.0034,0.6258
DIAMONDS TEN DIAMONDS SIX,0.2172,0.3522,0.4306
HEARTS ACE DIAMONDS SEVEN,0.358,0.0032,0.6388
DIAMONDS JACK DIAMONDS SIX,0.3264,0.0192,0.6544
HEARTS QUEEN DIAMONDS SEVEN,0.3606,0.0104,0.629
HEARTS KING DIAMONDS SEVEN,0.3598,0.0076,0.6326
DIAMONDS ACE DIAMONDS SIX,0.3272,0.004,0.6688
HEARTS FOUR DIAMONDS SIX,0.5872,0.0258,0.387
SPADES TWO HEARTS JACK,0.4008,0.0178,0.5814
SPADES TWO HEARTS TEN,0.3098,0.4672,0.223
DIAMONDS QUEEN DIAMONDS SIX,0.3424,0.0084,0.6492
HEARTS TWO DIAMONDS SIX,0.6162,0.0306,0.3532
DIAMONDS KING DIAMONDS SIX,0.3328,0.0058,0.6614
HEARTS THREE DIAMONDS SIX,0.5966,0.0274,0.376
HEARTS EIGHT DIAMONDS SIX,0.5468,0.0288,0.4244
HEARTS NINE DIAMONDS SIX,0.5604,0.0282,0.4114
HEARTS SIX DIAMONDS SIX,0.2886,0.0568,0.6546
HEARTS SEVEN DIAMONDS SIX,0.5434,0.0292,0.4274
HEARTS TEN DIAMONDS SEVEN,0.205,0.292,0.503
CLUBS TWO DIAMONDS SIX,0.622,0.0296,0.3484
HEARTS JACK DIAMONDS SEVEN,0.3558,0.0152,0.629
CLUBS THREE DIAMONDS SIX,0.6008,0.0292,0.37
CLUBS SEVEN DIAMONDS SIX,0.5532,0.0244,0.4224
CLUBS JACK DIAMONDS EIGHT,0.3364,0.014,0.6496
CLUBS SIX DIAMONDS SIX,0.3016,0.0586,0.6398
CLUBS FIVE DIAMONDS SIX,0.6386,0.0794,0.282
CLUBS FOUR DIAMONDS SIX,0.5872,0.0262,0.3866
HEARTS ACE HEARTS JACK,0.2972,0.0042,0.6986
DIAMONDS EIGHT CLUBS ACE,0.351,0.0044,0.6446
HEARTS QUEEN HEARTS JACK,0.296,0.0076,0.6964
DIAMONDS EIGHT CLUBS KING,0.36,0.0122,0.6278
CLUBS NINE DIAMONDS SIX,0.573,0.0276,0.3994
HEARTS KING HEARTS JACK,0.2922,0.0094,0.6984
DIAMONDS EIGHT CLUBS QUEEN,0.344,0.0108,0.6452
CLUBS EIGHT DIAMONDS SIX,0.5524,0.0274,0.4202
SPADES TEN HEARTS KING,0.232,0.0372,0.7308
SPADES FIVE DIAMONDS SIX,0.6448,0.0774,0.2778
HEARTS ACE SPADES TWO,0.3778,0.006,0.6162
SPADES JACK HEARTS KING,0.3006,0.0074,0.692
SPADES FOUR DIAMONDS SIX,0.5844,0.0292,0.3864
SPADES THREE DIAMONDS SIX,0.6064,0.0276,0.366
HEARTS QUEEN SPADES TWO,0.3816,0.0126,0.6058
SPADES ACE SPADES KING,0.301,0.0038,0.6952
HEARTS KING SPADES TWO,0.399,0.011,0.59
SPADES TWO DIAMONDS SIX,0.6144,0.0268,0.3588
HEARTS TEN HEARTS EIGHT,0.2208,0.2086,0.5706
SPADES NINE DIAMONDS SIX,0.5696,0.0246,0.4058
HEARTS JACK HEARTS EIGHT,0.326,0.0154,0.6586
SPADES EIGHT DIAMONDS SIX,0.5548,0.03,0.4152
SPADES SEVEN DIAMONDS SIX,0.549,0.024,0.427
SPADES SIX DIAMONDS SIX,0.3014,0.06,0.6386
SPADES KING HEARTS KING,0.1478,0.0106,0.8416
SPADES QUEEN HEARTS KING,0.314,0.0086,0.6774
CLUBS ACE CLUBS KING,0.3174,0.0038,0.6788
SPADES ACE HEARTS KING,0.3186,0.0038,0.6776
SPADES ACE HEARTS JACK,0.3134,0.0046,0.682
SPADES QUEEN HEARTS JACK,0.2936,0.0116,0.6948
SPADES KING HEARTS JACK,0.3038,0.0068,0.6894
SPADES TEN DIAMONDS TEN,0.095,0.0536,0.8514
SPADES JACK DIAMONDS TEN,0.2292,0.0518,0.719
SPADES ACE DIAMONDS TEN,0.2374,0.023,0.7396
SPADES JACK HEARTS JACK,0.15,0.0212,0.8288
SPADES TEN HEARTS JACK,0.2234,0.0596,0.717
SPADES QUEEN DIAMONDS TEN,0.2458,0.0478,0.7064
SPADES KING DIAMONDS TEN,0.238,0.0388,0.7232
SPADES NINE DIAMONDS SEVEN,0.5504,0.026,0.4236
SPADES EIGHT DIAMONDS SEVEN,0.5546,0.0268,0.4186
SPADES SEVEN DIAMONDS SEVEN,0.285,0.0474,0.6676
SPADES SIX DIAMONDS SEVEN,0.5528,0.026,0.4212
DIAMONDS KING DIAMONDS SEVEN,0.3492,0.0058,0.645
HEARTS THREE DIAMONDS SEVEN,0.6202,0.0276,0.3522
HEARTS KING DIAMONDS FIVE,0.2452,0.0358,0.719
DIAMONDS QUEEN DIAMONDS SEVEN,0.3458,0.01,0.6442
HEARTS TWO DIAMONDS SEVEN,0.6284,0.0328,0.3388
HEARTS QUEEN DIAMONDS FIVE,0.238,0.0488,0.7132
DIAMONDS ACE DIAMONDS SEVEN,0.336,0.0052,0.6588
HEARTS FOUR DIAMONDS SEVEN,0.604,0.0244,0.3716
HEARTS ACE DIAMONDS FIVE,0.2304,0.0232,0.7464
HEARTS SEVEN DIAMONDS SEVEN,0.2792,0.0578,0.663
HEARTS SIX DIAMONDS SEVEN,0.5504,0.032,0.4176
DIAMONDS SEVEN HEARTS NINE,0.5422,0.0242,0.4336
HEARTS EIGHT DIAMONDS SEVEN,0.5288,0.024,0.4472
DIAMONDS JACK DIAMONDS SEVEN,0.3318,0.0168,0.6514
DIAMONDS FIVE HEARTS JACK,0.2306,0.06,0.7094
DIAMONDS TEN DIAMONDS SEVEN,0.2052,0.285,0.5098
HEARTS TEN DIAMONDS FIVE,0.0098,0.976,0.0142
SPADES KING CLUBS TWO,0.407,0.0094,0.5836
HEARTS KING CLUBS KING,0.1298,0.012,0.8582
CLUBS EIGHT DIAMONDS SEVEN,0.564,0.0238,0.4122
SPADES QUEEN CLUBS TWO,0.3944,0.0108,0.5948
HEARTS KING CLUBS QUEEN,0.311,0.0082,0.6808
CLUBS NINE DIAMONDS SEVEN,0.553,0.0298,0.4172
CLUBS JACK SPADES TWO,0.4036,0.0192,0.5772
SPADES ACE CLUBS TWO,0.3956,0.006,0.5984
HEARTS KING CLUBS ACE,0.31,0.0058,0.6842
CLUBS SEVEN CLUBS SIX,0.5346,0.0288,0.4366
SPADES TWO CLUBS KING,0.3946,0.0118,0.5936
SPADES TWO DIAMONDS SEVEN,0.611,0.0266,0.3624
CLUBS EIGHT CLUBS SIX,0.531,0.0258,0.4432
SPADES THREE DIAMONDS SEVEN,0.6198,0.0238,0.3564
SPADES TWO CLUBS QUEEN,0.3962,0.0148,0.589
CLUBS NINE CLUBS SIX,0.5392,0.0268,0.434
SPADES FOUR DIAMONDS SEVEN,0.5862,0.03,0.3838
CLUBS JACK HEARTS KING,0.2976,0.0064,0.696
SPADES FIVE DIAMONDS SEVEN,0.6414,0.0716,0.287
SPADES TWO CLUBS ACE,0.388,0.0042,0.6078
CLUBS SIX SPADES TWO,0.6214,0.0272,0.3514
CLUBS SIX SPADES THREE,0.6024,0.0304,0.3672
CLUBS TWO DIAMONDS SEVEN,0.6272,0.0286,0.3442
CLUBS SIX SPADES FOUR,0.5898,0.0316,0.3786
CLUBS THREE DIAMONDS SEVEN,0.614,0.0296,0.3564
CLUBS SIX SPADES FIVE,0.6364,0.0764,0.2872
CLUBS FOUR DIAMONDS SEVEN,0.6078,0.0248,0.3674
CLUBS SIX SPADES SIX,0.3036,0.0554,0.641
CLUBS FIVE DIAMONDS SEVEN,0.6614,0.0802,0.2584
CLUBS SIX SPADES SEVEN,0.5482,0.0266,0.4252
CLUBS SIX DIAMONDS SEVEN,0.551,0.033,0.416
CLUBS SIX SPADES EIGHT,0.5562,0.0276,0.4162
SPADES JACK CLUBS TWO,0.393,0.0152,0.5918
CLUBS SEVEN DIAMONDS SEVEN,0.2962,0.054,0.6498
SPADES NINE CLUBS SIX,0.5842,0.0258,0.39
SPADES TEN CLUBS TWO,0.3284,0.4678,0.2038
CLUBS TWO CLUBS QUEEN,0.3802,0.0126,0.6072
CLUBS TWO CLUBS KING,0.3724,0.0064,0.6212
CLUBS THREE DIAMONDS EIGHT,0.6208,0.0322,0.347
CLUBS TWO CLUBS ACE,0.363,0.0048,0.6322
CLUBS TWO DIAMONDS EIGHT,0.6134,0.0278,0.3588
HEARTS SEVEN DIAMONDS EIGHT,0.527,0.0266,0.4464
HEARTS SIX DIAMONDS EIGHT,0.563,0.0264,0.4106
DIAMONDS EIGHT HEARTS NINE,0.5488,0.024,0.4272
DIAMONDS EIGHT HEARTS EIGHT,0.2594,0.0442,0.6964
CLUBS JACK CLUBS TWO,0.387,0.016,0.597
CLUBS NINE DIAMONDS EIGHT,0.5474,0.0196,0.433
CLUBS EIGHT DIAMONDS EIGHT,0.2948,0.0496,0.6556
CLUBS FIVE DIAMONDS EIGHT,0.667,0.072,0.261
SPADES ACE SPADES THREE,0.3658,0.0048,0.6294
CLUBS FOUR DIAMONDS EIGHT,0.613,0.0278,0.3592
CLUBS SEVEN DIAMONDS EIGHT,0.5548,0.0262,0.419
SPADES QUEEN SPADES THREE,0.381,0.0124,0.6066
CLUBS SIX DIAMONDS EIGHT,0.5638,0.0278,0.4084
SPADES KING SPADES THREE,0.3724,0.0106,0.617
DIAMONDS QUEEN DIAMONDS EIGHT,0.3166,0.013,0.6704
HEARTS TWO DIAMONDS EIGHT,0.6182,0.0332,0.3486
DIAMONDS KING DIAMONDS EIGHT,0.3496,0.0062,0.6442
HEARTS THREE DIAMONDS EIGHT,0.617,0.0292,0.3538
DIAMONDS ACE DIAMONDS EIGHT,0.3286,0.0044,0.667
HEARTS FOUR DIAMONDS EIGHT,0.6062,0.0234,0.3704
DIAMONDS EIGHT DIAMONDS TEN,0.212,0.2166,0.5714
DIAMONDS EIGHT DIAMONDS JACK,0.3192,0.0186,0.6622
SPADES JACK SPADES THREE,0.3664,0.0174,0.6162
SPADES TEN SPADES THREE,0.3132,0.4366,0.2502
CLUBS FOUR HEARTS ACE,0.3796,0.0044,0.616
CLUBS FOUR HEARTS QUEEN,0.3916,0.014,0.5944
CLUBS FOUR HEARTS KING,0.3926,0.008,0.5994
CLUBS SIX HEARTS TEN,0.216,0.3752,0.4088
CLUBS SIX HEARTS JACK,0.348,0.0188,0.6332
DIAMONDS EIGHT SPADES FOUR,0.6062,0.0304,0.3634
SPADES FIVE DIAMONDS EIGHT,0.6656,0.0762,0.2582
DIAMONDS EIGHT SPADES TWO,0.6136,0.0286,0.3578
DIAMONDS EIGHT SPADES THREE,0.6226,0.0272,0.3502
CLUBS FOUR HEARTS JACK,0.3788,0.0182,0.603
SPADES EIGHT DIAMONDS EIGHT,0.2866,0.0504,0.663
SPADES TEN DIAMONDS QUEEN,0.2416,0.0418,0.7166
SPADES TEN HEARTS TWO,0.3108,0.4704,0.2188
SPADES JACK HEARTS EIGHT,0.3422,0.015,0.6428
CLUBS FOUR HEARTS TEN,0.309,0.4846,0.2064
SPADES NINE DIAMONDS EIGHT,0.5374,0.027,0.4356
SPADES TEN HEARTS EIGHT,0.2154,0.2132,0.5714
SPADES JACK HEARTS TWO,0.3988,0.0218,0.5794
SPADES JACK DIAMONDS QUEEN,0.2992,0.0106,0.6902
SPADES SIX DIAMONDS EIGHT,0.5592,0.0258,0.415
SPADES SEVEN DIAMONDS EIGHT,0.5428,0.0288,0.4284
SPADES ACE HEARTS TWO,0.4052,0.0064,0.5884
SPADES ACE DIAMONDS QUEEN,0.3244,0.0028,0.6728
SPADES ACE HEARTS EIGHT,0.3522,0.0054,0.6424
SPADES KING HEARTS EIGHT,0.349,0.0084,0.6426
SPADES QUEEN HEARTS TWO,0.3942,0.0092,0.5966
SPADES QUEEN DIAMONDS QUEEN,0.1472,0.0158,0.837
SPADES KING DIAMONDS QUEEN,0.324,0.007,0.669
SPADES KING HEARTS TWO,0.4036,0.009,0.5874
SPADES QUEEN HEARTS EIGHT,0.341,0.0096,0.6494
CLUBS TWO HEARTS TEN,0.3288,0.4594,0.2118
CLUBS TWO HEARTS JACK,0.3898,0.0208,0.5894
SPADES SEVEN DIAMONDS NINE,0.5514,0.0228,0.4258
SPADES SIX DIAMONDS NINE,0.5706,0.0266,0.4028
SPADES NINE DIAMONDS NINE,0.281,0.0382,0.6808
SPADES EIGHT DIAMONDS NINE,0.5338,0.0258,0.4404
SPADES TEN CLUBS KING,0.2218,0.0356,0.7426
DIAMONDS NINE SPADES THREE,0.6052,0.0254,0.3694
SPADES JACK CLUBS KING,0.3112,0.0064,0.6824
DIAMONDS NINE SPADES TWO,0.6114,0.0328,0.3558
DIAMONDS NINE SPADES FIVE,0.6714,0.0824,0.2462
DIAMONDS NINE SPADES FOUR,0.603,0.0298,0.3672
CLUBS NINE DIAMONDS NINE,0.2752,0.0416,0.6832
CLUBS EIGHT DIAMONDS NINE,0.5476,0.0266,0.4258
CLUBS SIX DIAMONDS NINE,0.569,0.0246,0.4064
SPADES JACK CLUBS FOUR,0.3976,0.0166,0.5858
CLUBS SEVEN DIAMONDS NINE,0.5588,0.0224,0.4188
SPADES TEN CLUBS FOUR,0.3084,0.4746,0.217
CLUBS FOUR DIAMONDS NINE,0.6148,0.029,0.3562
CLUBS FIVE DIAMONDS NINE,0.6652,0.081,0.2538
DIAMONDS NINE CLUBS TWO,0.623,0.0284,0.3486
CLUBS THREE DIAMONDS NINE,0.6024,0.0296,0.368
DIAMONDS NINE HEARTS EIGHT,0.5394,0.027,0.4336
DIAMONDS NINE HEARTS NINE,0.2684,0.0392,0.6924
HEARTS SIX DIAMONDS NINE,0.5654,0.026,0.4086
HEARTS SEVEN DIAMONDS NINE,0.5508,0.0258,0.4234
CLUBS NINE CLUBS EIGHT,0.5128,0.0238,0.4634
DIAMONDS ACE DIAMONDS NINE,0.3334,0.0042,0.6624
HEARTS FOUR DIAMONDS NINE,0.6234,0.031,0.3456
HEARTS ACE CLUBS TWO,0.3852,0.0066,0.6082
SPADES ACE CLUBS FOUR,0.388,0.0044,0.6076
DIAMONDS QUEEN DIAMONDS NINE,0.3184,0.0112,0.6704
HEARTS TWO DIAMONDS NINE,0.613,0.0316,0.3554
CLUBS TWO HEARTS KING,0.3846,0.0088,0.6066
SPADES KING CLUBS FOUR,0.3834,0.0074,0.6092
DIAMONDS KING DIAMONDS NINE,0.3458,0.0064,0.6478
HEARTS THREE DIAMONDS NINE,0.6078,0.0234,0.3688
CLUBS TWO HEARTS QUEEN,0.3964,0.0102,0.5934
SPADES QUEEN CLUBS FOUR,0.382,0.0144,0.6036
DIAMONDS NINE DIAMONDS JACK,0.3174,0.0124,0.6702
CLUBS EIGHT SPADES NINE,0.5376,0.024,0.4384
DIAMONDS NINE DIAMONDS TEN,0.204,0.163,0.633
CLUBS EIGHT SPADES EIGHT,0.2674,0.0446,0.688
CLUBS EIGHT SPADES SEVEN,0.5536,0.0284,0.418
CLUBS EIGHT SPADES SIX,0.5616,0.0258,0.4126
CLUBS EIGHT SPADES FIVE,0.6506,0.084,0.2654
CLUBS EIGHT SPADES FOUR,0.5994,0.0296,0.371
CLUBS EIGHT SPADES THREE,0.6254,0.0346,0.34
CLUBS EIGHT SPADES TWO,0.6204,0.0246,0.355
HEARTS SIX DIAMONDS TEN,0.2138,0.3832,0.403
HEARTS SEVEN DIAMONDS TEN,0.2232,0.3014,0.4754
DIAMONDS TEN HEARTS EIGHT,0.2208,0.224,0.5552
CLUBS JACK CLUBS FOUR,0.3752,0.0166,0.6082
DIAMONDS TEN HEARTS NINE,0.2058,0.1746,0.6196
CLUBS FOUR CLUBS KING,0.3824,0.0056,0.612
CLUBS FOUR CLUBS QUEEN,0.3664,0.0114,0.6222
CLUBS TWO DIAMONDS TEN,0.3178,0.4612,0.221
CLUBS THREE DIAMONDS TEN,0.3222,0.4702,0.2076
CLUBS FOUR CLUBS ACE,0.3552,0.0042,0.6406
DIAMONDS JACK DIAMONDS TEN,0.2186,0.0574,0.724
DIAMONDS QUEEN DIAMONDS TEN,0.2138,0.0448,0.7414
HEARTS TWO DIAMONDS TEN,0.3108,0.4742,0.215
DIAMONDS KING DIAMONDS TEN,0.2214,0.034,0.7446
HEARTS THREE DIAMONDS TEN,0.3242,0.4716,0.2042
DIAMONDS ACE DIAMONDS TEN,0.2172,0.0226,0.7602
HEARTS FOUR DIAMONDS TEN,0.3098,0.4828,0.2074
CLUBS EIGHT HEARTS JACK,0.3332,0.0172,0.6496
CLUBS EIGHT HEARTS TEN,0.229,0.2312,0.5398
CLUBS EIGHT HEARTS QUEEN,0.3506,0.0098,0.6396
CLUBS EIGHT HEARTS KING,0.3582,0.0076,0.6342
CLUBS EIGHT HEARTS ACE,0.3518,0.0034,0.6448
CLUBS NINE SPADES THREE,0.6186,0.029,0.3524
CLUBS NINE SPADES TWO,0.6128,0.0278,0.3594
CLUBS NINE SPADES FIVE,0.6702,0.0746,0.2552
CLUBS NINE SPADES FOUR,0.614,0.0284,0.3576
CLUBS NINE SPADES SEVEN,0.5586,0.0274,0.414
CLUBS NINE SPADES SIX,0.5782,0.0306,0.3912
CLUBS NINE SPADES NINE,0.2608,0.045,0.6942
CLUBS NINE SPADES EIGHT,0.545,0.0284,0.4266
CLUBS JACK HEARTS EIGHT,0.326,0.0212,0.6528
HEARTS EIGHT CLUBS QUEEN,0.3252,0.0136,0.6612
CLUBS KING HEARTS EIGHT,0.3568,0.0064,0.6368
CLUBS ACE HEARTS EIGHT,0.3558,0.004,0.6402
SPADES KING CLUBS KING,0.1388,0.0094,0.8518
SPADES QUEEN CLUBS KING,0.3134,0.006,0.6806
SPADES ACE CLUBS KING,0.3202,0.004,0.6758
DIAMONDS ACE HEARTS TEN,0.2152,0.027,0.7578
HEARTS FOUR HEARTS TEN,0.298,0.4424,0.2596
DIAMONDS ACE HEARTS JACK,0.322,0.0046,0.6734
HEARTS FOUR HEARTS JACK,0.373,0.0186,0.6084
SPADES KING CLUBS FIVE,0.2406,0.0396,0.7198
SPADES QUEEN CLUBS FIVE,0.241,0.0518,0.7072
SPADES ACE CLUBS FIVE,0.238,0.023,0.739
HEARTS SEVEN DIAMONDS JACK,0.3434,0.017,0.6396
HEARTS SIX DIAMONDS JACK,0.3578,0.0204,0.6218
DIAMONDS JACK HEARTS NINE,0.3258,0.0104,0.6638
DIAMONDS JACK HEARTS EIGHT,0.3424,0.0194,0.6382
DIAMONDS KING DIAMONDS JACK,0.2976,0.0044,0.698
HEARTS THREE DIAMONDS JACK,0.3924,0.0206,0.587
SPADES ACE SPADES SIX,0.3428,0.003,0.6542
HEARTS ACE SPADES FOUR,0.3688,0.0048,0.6264
DIAMONDS QUEEN DIAMONDS JACK,0.2944,0.009,0.6966
HEARTS TWO DIAMONDS JACK,0.4086,0.0164,0.575
SPADES QUEEN SPADES SIX,0.3416,0.0112,0.6472
SPADES FOUR HEARTS QUEEN,0.384,0.0108,0.6052
DIAMONDS ACE DIAMONDS JACK,0.3006,0.0036,0.6958
HEARTS FOUR DIAMONDS JACK,0.405,0.0172,0.5778
SPADES KING SPADES SIX,0.3412,0.0084,0.6504
SPADES FOUR HEARTS KING,0.3782,0.007,0.6148
SPADES TEN SPADES SIX,0.2114,0.3504,0.4382
SPADES JACK SPADES SIX,0.3414,0.0156,0.643
SPADES FOUR DIAMONDS JACK,0.3818,0.0164,0.6018
SPADES FIVE DIAMONDS JACK,0.2402,0.0608,0.699
DIAMONDS JACK SPADES TWO,0.4084,0.0136,0.578
DIAMONDS JACK SPADES THREE,0.395,0.0146,0.5904
SPADES ACE DIAMONDS THREE,0.3762,0.0058,0.618
SPADES QUEEN DIAMONDS THREE,0.3928,0.013,0.5942
CLUBS EIGHT DIAMONDS JACK,0.3444,0.0196,0.636
SPADES KING DIAMONDS THREE,0.3934,0.0092,0.5974
CLUBS NINE DIAMONDS JACK,0.322,0.0156,0.6624
CLUBS SIX DIAMONDS JACK,0.363,0.0168,0.6202
CLUBS SEVEN DIAMONDS JACK,0.3538,0.0114,0.6348
CLUBS FOUR DIAMONDS JACK,0.3872,0.0188,0.594
CLUBS FIVE DIAMONDS JACK,0.2312,0.064,0.7048
CLUBS TWO DIAMONDS JACK,0.3998,0.0194,0.5808
CLUBS THREE DIAMONDS JACK,0.3908,0.0168,0.5924
SPADES TEN CLUBS FIVE,0.0152,0.9758,0.009
SPADES JACK HEARTS SIX,0.345,0.016,0.639
HEARTS SIX SPADES TEN,0.2134,0.3818,0.4048
SPADES JACK CLUBS FIVE,0.232,0.0628,0.7052
SPADES JACK DIAMONDS THREE,0.3954,0.0184,0.5862
CLUBS SEVEN CLUBS ACE,0.3504,0.0044,0.6452
DIAMONDS THREE SPADES TEN,0.3098,0.4618,0.2284
CLUBS SEVEN CLUBS QUEEN,0.3442,0.0102,0.6456
CLUBS SEVEN CLUBS KING,0.3386,0.0062,0.6552
SPADES NINE DIAMONDS JACK,0.3314,0.0168,0.6518
DIAMONDS ACE HEARTS ACE,0.1358,0.0052,0.859
HEARTS FOUR HEARTS ACE,0.359,0.0056,0.6354
SPADES EIGHT DIAMONDS JACK,0.3354,0.017,0.6476
SPADES ACE HEARTS SIX,0.358,0.0052,0.6368
CLUBS JACK CLUBS SEVEN,0.3302,0.018,0.6518
DIAMONDS ACE HEARTS KING,0.3212,0.0038,0.675
HEARTS FOUR HEARTS KING,0.3776,0.0082,0.6142
SPADES SEVEN DIAMONDS JACK,0.3516,0.018,0.6304
SPADES KING HEARTS SIX,0.3554,0.0092,0.6354
DIAMONDS ACE HEARTS QUEEN,0.314,0.0036,0.6824
HEARTS FOUR HEARTS QUEEN,0.3706,0.0098,0.6196
SPADES QUEEN HEARTS SIX,0.3646,0.0114,0.624
SPADES SIX DIAMONDS JACK,0.3708,0.0152,0.614
DIAMONDS TEN SPADES TWO,0.3246,0.449,0.2264
SPADES THREE DIAMONDS TEN,0.3104,0.4618,0.2278
SPADES FOUR DIAMONDS TEN,0.315,0.456,0.229
SPADES FIVE DIAMONDS TEN,0.0208,0.9556,0.0236
SPADES SIX DIAMONDS TEN,0.219,0.3808,0.4002
SPADES SEVEN DIAMONDS TEN,0.2174,0.2926,0.49
SPADES EIGHT DIAMONDS TEN,0.2432,0.2184,0.5384
SPADES NINE DIAMONDS TEN,0.2392,0.1638,0.597
CLUBS FOUR DIAMONDS TEN,0.3142,0.4826,0.2032
CLUBS FIVE DIAMONDS TEN,0.0228,0.968,0.0092
CLUBS SIX DIAMONDS TEN,0.2238,0.3804,0.3958
CLUBS SEVEN DIAMONDS TEN,0.2248,0.291,0.4842
CLUBS EIGHT DIAMONDS TEN,0.223,0.2284,0.5486
CLUBS NINE DIAMONDS TEN,0.2194,0.1742,0.6064
CLUBS JACK DIAMONDS THREE,0.3872,0.0202,0.5926
DIAMONDS THREE CLUBS KING,0.395,0.009,0.596
DIAMONDS THREE CLUBS QUEEN,0.3894,0.0158,0.5948
DIAMONDS THREE CLUBS ACE,0.3704,0.0034,0.6262
SPADES FOUR HEARTS JACK,0.386,0.0152,0.5988
SPADES FOUR HEARTS TEN,0.3212,0.4646,0.2142
SPADES FIVE SPADES TWO,0.6172,0.084,0.2988
SPADES FOUR SPADES TWO,0.5848,0.0286,0.3866
SPADES THREE SPADES TWO,0.5848,0.0302,0.385
SPADES NINE SPADES TWO,0.5688,0.025,0.4062
SPADES EIGHT SPADES TWO,0.5776,0.0266,0.3958
SPADES SEVEN SPADES TWO,0.57,0.0286,0.4014
SPADES SIX SPADES TWO,0.5648,0.0288,0.4064
DIAMONDS QUEEN CLUBS THREE,0.3932,0.0118,0.595
CLUBS THREE HEARTS TWO,0.6362,0.032,0.3318
DIAMONDS QUEEN CLUBS TWO,0.4086,0.009,0.5824
HEARTS TWO CLUBS TWO,0.4006,0.0648,0.5346
HEARTS SEVEN DIAMONDS QUEEN,0.3636,0.012,0.6244
HEARTS SEVEN HEARTS TWO,0.5936,0.0244,0.382
HEARTS SIX DIAMONDS QUEEN,0.3476,0.0102,0.6422
HEARTS SIX HEARTS TWO,0.5838,0.0322,0.384
DIAMONDS QUEEN HEARTS NINE,0.3486,0.009,0.6424
HEARTS TWO HEARTS NINE,0.5946,0.0274,0.378
DIAMONDS QUEEN HEARTS EIGHT,0.341,0.0106,0.6484
HEARTS TWO HEARTS EIGHT,0.5886,0.0296,0.3818
CLUBS NINE HEARTS TWO,0.6316,0.028,0.3404
CLUBS NINE DIAMONDS QUEEN,0.3542,0.0098,0.636
CLUBS EIGHT HEARTS TWO,0.6202,0.0286,0.3512
CLUBS EIGHT DIAMONDS QUEEN,0.3576,0.013,0.6294
CLUBS FIVE DIAMONDS QUEEN,0.2368,0.0434,0.7198
CLUBS FIVE HEARTS TWO,0.683,0.0778,0.2392
SPADES EIGHT HEARTS ACE,0.345,0.0044,0.6506
DIAMONDS QUEEN CLUBS FOUR,0.3826,0.0132,0.6042
HEARTS TWO CLUBS FOUR,0.6202,0.036,0.3438
CLUBS SEVEN DIAMONDS QUEEN,0.357,0.0132,0.6298
CLUBS SEVEN HEARTS TWO,0.629,0.029,0.342
SPADES EIGHT HEARTS QUEEN,0.3498,0.01,0.6402
CLUBS SIX DIAMONDS QUEEN,0.3616,0.0142,0.6242
CLUBS SIX HEARTS TWO,0.6194,0.0274,0.3532
SPADES EIGHT HEARTS KING,0.3606,0.0076,0.6318
HEARTS TWO SPADES SIX,0.6154,0.0268,0.3578
DIAMONDS QUEEN SPADES SIX,0.3562,0.0112,0.6326
HEARTS FOUR CLUBS QUEEN,0.391,0.0118,0.5972
DIAMONDS ACE CLUBS QUEEN,0.3182,0.0054,0.6764
DIAMONDS QUEEN SPADES SEVEN,0.3782,0.0114,0.6104
HEARTS TWO SPADES SEVEN,0.6326,0.0278,0.3396
HEARTS FOUR CLUBS KING,0.3728,0.0076,0.6196
DIAMONDS ACE CLUBS KING,0.3166,0.0036,0.6798
DIAMONDS QUEEN SPADES EIGHT,0.3452,0.009,0.6458
SPADES EIGHT HEARTS TWO,0.6252,0.0308,0.344
HEARTS FOUR CLUBS ACE,0.3724,0.0036,0.624
DIAMONDS ACE CLUBS ACE,0.137,0.0044,0.8586
SPADES NINE DIAMONDS QUEEN,0.3394,0.0086,0.652
SPADES NINE HEARTS TWO,0.615,0.0314,0.3536
HEARTS TWO SPADES TWO,0.3978,0.061,0.5412
DIAMONDS QUEEN SPADES TWO,0.397,0.0084,0.5946
HEARTS TWO SPADES THREE,0.6296,0.0336,0.3368
DIAMONDS QUEEN SPADES THREE,0.3994,0.0112,0.5894
HEARTS TWO SPADES FOUR,0.6302,0.0316,0.3382
DIAMONDS QUEEN SPADES FOUR,0.3944,0.0116,0.594
HEARTS TWO SPADES FIVE,0.6688,0.0756,0.2556
DIAMONDS QUEEN SPADES FIVE,0.225,0.0506,0.7244
HEARTS FOUR CLUBS JACK,0.3878,0.0194,0.5928
CLUBS JACK DIAMONDS ACE,0.3194,0.0052,0.6754
CLUBS FIVE CLUBS KING,0.2142,0.0402,0.7456
CLUBS FIVE CLUBS QUEEN,0.243,0.0446,0.7124
CLUBS FIVE CLUBS ACE,0.2386,0.0246,0.7368
CLUBS JACK CLUBS FIVE,0.2296,0.0618,0.7086
SPADES KING CLUBS JACK,0.3106,0.0084,0.681
CLUBS JACK SPADES QUEEN,0.3092,0.011,0.6798
SPADES ACE CLUBS JACK,0.3192,0.0042,0.6766
SPADES SIX CLUBS KING,0.3618,0.01,0.6282
SPADES SIX CLUBS QUEEN,0.3526,0.0126,0.6348
SPADES EIGHT HEARTS JACK,0.3356,0.0188,0.6456
SPADES SIX CLUBS ACE,0.3502,0.0048,0.645
SPADES EIGHT HEARTS TEN,0.2154,0.2196,0.565
CLUBS JACK SPADES SIX,0.3548,0.016,0.6292
CLUBS JACK SPADES TEN,0.238,0.0534,0.7086
CLUBS JACK SPADES JACK,0.1374,0.0232,0.8394
SPADES QUEEN CLUBS SEVEN,0.374,0.0102,0.6158
SPADES KING CLUBS SEVEN,0.356,0.0078,0.6362
SPADES ACE CLUBS SEVEN,0.362,0.0042,0.6338
SPADES SIX HEARTS TEN,0.214,0.3812,0.4048
SPADES SIX HEARTS JACK,0.3664,0.02,0.6136
SPADES SIX HEARTS ACE,0.358,0.0062,0.6358
SPADES SIX HEARTS KING,0.3548,0.007,0.6382
SPADES SIX HEARTS QUEEN,0.3454,0.015,0.6396
CLUBS SEVEN SPADES JACK,0.3532,0.0162,0.6306
CLUBS SEVEN SPADES TEN,0.2186,0.3026,0.4788
CLUBS JACK HEARTS SIX,0.35,0.018,0.632
CLUBS JACK CLUBS ACE,0.309,0.0032,0.6878
HEARTS SIX CLUBS QUEEN,0.366,0.0136,0.6204
HEARTS SIX CLUBS KING,0.3574,0.0068,0.6358
HEARTS SIX CLUBS ACE,0.3582,0.0064,0.6354
CLUBS JACK CLUBS QUEEN,0.288,0.0088,0.7032
CLUBS JACK CLUBS KING,0.3124,0.0082,0.6794
DIAMONDS THREE HEARTS ACE,0.3868,0.0056,0.6076
DIAMONDS THREE HEARTS QUEEN,0.3852,0.011,0.6038
DIAMONDS THREE HEARTS KING,0.3972,0.0062,0.5966
CLUBS FIVE HEARTS JACK,0.2254,0.0696,0.705
SPADES TEN DIAMONDS ACE,0.2238,0.024,0.7522
HEARTS FOUR SPADES TEN,0.3066,0.4848,0.2086
CLUBS FIVE HEARTS TEN,0.0086,0.9864,0.005
HEARTS FOUR SPADES JACK,0.3834,0.0174,0.5992
SPADES JACK DIAMONDS ACE,0.3264,0.002,0.6716
SPADES ACE HEARTS FOUR,0.3862,0.004,0.6098
SPADES ACE DIAMONDS ACE,0.138,0.0026,0.8594
CLUBS FIVE HEARTS ACE,0.2304,0.0268,0.7428
CLUBS FIVE HEARTS KING,0.2374,0.0352,0.7274
HEARTS FOUR SPADES QUEEN,0.39,0.014,0.596
SPADES QUEEN DIAMONDS ACE,0.3202,0.0054,0.6744
CLUBS JACK SPADES FOUR,0.3908,0.0196,0.5896
CLUBS FIVE HEARTS QUEEN,0.2274,0.0472,0.7254
SPADES KING DIAMONDS ACE,0.325,0.0044,0.6706
HEARTS FOUR SPADES KING,0.4018,0.0066,0.5916
DIAMONDS QUEEN DIAMONDS ACE,0.2906,0.0058,0.7036
HEARTS TWO DIAMONDS ACE,0.382,0.0052,0.6128
HEARTS FOUR DIAMONDS QUEEN,0.3982,0.0116,0.5902
HEARTS FOUR HEARTS TWO,0.5998,0.03,0.3702
DIAMONDS THREE HEARTS TEN,0.3108,0.467,0.2222
SPADES FOUR CLUBS KING,0.3832,0.0092,0.6076
DIAMONDS THREE HEARTS JACK,0.3822,0.0172,0.6006
SPADES FOUR CLUBS QUEEN,0.38,0.0124,0.6076
DIAMONDS QUEEN HEARTS TWO,0.3984,0.0126,0.589
DIAMONDS KING DIAMONDS QUEEN,0.288,0.006,0.706
DIAMONDS KING HEARTS TWO,0.384,0.0096,0.6064
HEARTS THREE DIAMONDS QUEEN,0.3958,0.01,0.5942
HEARTS THREE HEARTS TWO,0.5816,0.0308,0.3876
SPADES FOUR CLUBS ACE,0.374,0.0058,0.6202
HEARTS TWO CLUBS ACE,0.3826,0.0042,0.6132
DIAMONDS QUEEN CLUBS ACE,0.3234,0.0046,0.672
HEARTS TWO CLUBS QUEEN,0.3966,0.0104,0.593
DIAMONDS QUEEN CLUBS QUEEN,0.14,0.0112,0.8488
HEARTS TWO CLUBS KING,0.3978,0.01,0.5922
DIAMONDS QUEEN CLUBS KING,0.3154,0.0058,0.6788
SPADES EIGHT SPADES FIVE,0.6046,0.083,0.3124
SPADES NINE SPADES FIVE,0.6196,0.0792,0.3012
CLUBS JACK HEARTS TWO,0.3842,0.0216,0.5942
CLUBS JACK DIAMONDS QUEEN,0.3058,0.0088,0.6854
SPADES SIX SPADES FIVE,0.5922,0.0718,0.336
SPADES SEVEN SPADES FIVE,0.6132,0.0738,0.313
DIAMONDS FIVE CLUBS QUEEN,0.239,0.0486,0.7124
SPADES EIGHT CLUBS ACE,0.35,0.005,0.645
DIAMONDS FIVE CLUBS KING,0.233,0.032,0.735
SPADES EIGHT CLUBS KING,0.352,0.0064,0.6416
DIAMONDS FIVE CLUBS ACE,0.2422,0.0228,0.735
SPADES EIGHT CLUBS QUEEN,0.357,0.011,0.632
CLUBS JACK SPADES EIGHT,0.3316,0.0192,0.6492
CLUBS JACK DIAMONDS FIVE,0.2224,0.063,0.7146
DIAMONDS TEN HEARTS JACK,0.2188,0.0504,0.7308
DIAMONDS TEN HEARTS TEN,0.0746,0.058,0.8674
SPADES ACE CLUBS NINE,0.3614,0.004,0.6346
CLUBS NINE SPADES QUEEN,0.3504,0.0104,0.6392
CLUBS NINE SPADES KING,0.3586,0.006,0.6354
HEARTS SIX HEARTS KING,0.3444,0.0076,0.648
DIAMONDS KING SPADES SEVEN,0.3678,0.0048,0.6274
HEARTS THREE SPADES SEVEN,0.6184,0.0244,0.3572
SPADES KING DIAMONDS SEVEN,0.3638,0.0086,0.6276
HEARTS SIX HEARTS QUEEN,0.3422,0.012,0.6458
SPADES QUEEN DIAMONDS SEVEN,0.3526,0.011,0.6364
HEARTS THREE SPADES SIX,0.6064,0.025,0.3686
DIAMONDS KING SPADES SIX,0.3754,0.0062,0.6184
DIAMONDS KING SPADES NINE,0.358,0.0058,0.6362
HEARTS THREE SPADES NINE,0.621,0.0232,0.3558
HEARTS SIX HEARTS ACE,0.3462,0.004,0.6498
