opposingHand,winningChance,drawChance,lostChance
CLUBS TEN HEARTS ACE
HEARTS FIVE SPADES TEN,0.7534,0.025,0.2216
SPADES JACK HEARTS FIVE,0.6456,0.006,0.3484
CLUBS JACK SPADES FIVE,0.6496,0.0036,0.3468
CLUBS JACK CLUBS EIGHT,0.5878,0.0058,0.4064
CLUBS EIGHT CLUBS KING,0.619,0.0048,0.3762
SPADES FIVE CLUBS ACE,0.6192,0.1276,0.2532
CLUBS EIGHT CLUBS QUEEN,0.6036,0.005,0.3914
SPADES FIVE CLUBS KING,0.6368,0.0042,0.359
SPADES FIVE CLUBS QUEEN,0.6398,0.0038,0.3564
CLUBS EIGHT CLUBS ACE,0.622,0.1124,0.2656
DIAMONDS TWO DIAMONDS THREE,0.6198,0.006,0.3742
DIAMONDS TWO DIAMONDS FIVE,0.6152,0.0042,0.3806
SPADES KING HEARTS FIVE,0.6572,0.0048,0.338
DIAMONDS TWO DIAMONDS FOUR,0.6158,0.0052,0.379
SPADES QUEEN HEARTS FIVE,0.6406,0.004,0.3554
DIAMONDS TWO DIAMONDS SEVEN,0.6482,0.003,0.3488
DIAMONDS TWO DIAMONDS SIX,0.6338,0.0056,0.3606
SPADES ACE HEARTS FIVE,0.6194,0.1248,0.2558
DIAMONDS TWO DIAMONDS NINE,0.645,0.0036,0.3514
DIAMONDS TWO DIAMONDS EIGHT,0.6422,0.0044,0.3534
DIAMONDS THREE DIAMONDS FOUR,0.5874,0.0048,0.4078
CLUBS TWO SPADES FOUR,0.6666,0.0044,0.329
DIAMONDS THREE DIAMONDS FIVE,0.5854,0.0032,0.4114
SPADES FIVE CLUBS TWO,0.6572,0.0042,0.3386
CLUBS TWO SPADES TWO,0.4898,0.003,0.5072
CLUBS TWO SPADES THREE,0.6564,0.0048,0.3388
DIAMONDS THREE DIAMONDS EIGHT,0.634,0.0034,0.3626
SPADES EIGHT CLUBS TWO,0.6828,0.0052,0.312
DIAMONDS THREE DIAMONDS NINE,0.6372,0.0034,0.3594
SPADES NINE CLUBS TWO,0.677,0.005,0.318
DIAMONDS THREE DIAMONDS SIX,0.6202,0.0026,0.3772
SPADES SIX CLUBS TWO,0.67,0.0056,0.3244
DIAMONDS THREE DIAMONDS SEVEN,0.6246,0.0032,0.3722
SPADES SEVEN CLUBS TWO,0.6764,0.0052,0.3184
CLUBS SIX CLUBS TWO,0.6386,0.0054,0.356
CLUBS SEVEN CLUBS TWO,0.6506,0.0068,0.3426
CLUBS FOUR CLUBS TWO,0.617,0.0052,0.3778
CLUBS FIVE CLUBS TWO,0.628,0.0076,0.3644
DIAMONDS FOUR DIAMONDS SIX,0.5918,0.004,0.4042
DIAMONDS FOUR DIAMONDS SEVEN,0.612,0.005,0.383
CLUBS EIGHT CLUBS TWO,0.6544,0.0056,0.34
DIAMONDS FIVE DIAMONDS FOUR,0.6,0.0042,0.3958
CLUBS NINE CLUBS TWO,0.6482,0.0042,0.3476
DIAMONDS NINE DIAMONDS FOUR,0.6346,0.003,0.3624
DIAMONDS EIGHT DIAMONDS FOUR,0.6238,0.004,0.3722
CLUBS THREE CLUBS TWO,0.6272,0.0074,0.3654
DIAMONDS NINE DIAMONDS FIVE,0.6188,0.0044,0.3768
CLUBS JACK DIAMONDS TWO,0.6414,0.0088,0.3498
DIAMONDS EIGHT DIAMONDS FIVE,0.6072,0.0046,0.3882
DIAMONDS FIVE DIAMONDS SEVEN,0.5994,0.0044,0.3962
DIAMONDS FIVE DIAMONDS SIX,0.603,0.0054,0.3916
DIAMONDS TWO CLUBS ACE,0.6358,0.1156,0.2486
DIAMONDS TWO CLUBS KING,0.659,0.0044,0.3366
DIAMONDS TWO CLUBS QUEEN,0.666,0.0052,0.3288
DIAMONDS EIGHT DIAMONDS SIX,0.5978,0.0036,0.3986
DIAMONDS NINE DIAMONDS SIX,0.6046,0.002,0.3934
HEARTS KING SPADES THREE,0.657,0.0038,0.3392
DIAMONDS SEVEN DIAMONDS SIX,0.5822,0.004,0.4138
SPADES THREE HEARTS QUEEN,0.648,0.0066,0.3454
HEARTS JACK SPADES THREE,0.6604,0.0054,0.3342
SPADES THREE HEARTS TEN,0.7612,0.0248,0.214
DIAMONDS EIGHT DIAMONDS SEVEN,0.5834,0.004,0.4126
DIAMONDS NINE DIAMONDS SEVEN,0.5976,0.0026,0.3998
DIAMONDS NINE DIAMONDS EIGHT,0.585,0.0036,0.4114
DIAMONDS KING HEARTS TEN,0.7292,0.0208,0.25
HEARTS THREE HEARTS TEN,0.7154,0.0244,0.2602
SPADES JACK CLUBS SIX,0.6632,0.0032,0.3336
DIAMONDS KING HEARTS JACK,0.601,0.0046,0.3944
HEARTS THREE HEARTS JACK,0.6416,0.0034,0.355
SPADES TEN CLUBS SIX,0.7264,0.0256,0.248
SPADES JACK SPADES FIVE,0.6116,0.004,0.3844
SPADES TEN SPADES FIVE,0.6954,0.0246,0.28
SPADES ACE CLUBS SIX,0.6622,0.1108,0.227
DIAMONDS KING HEARTS QUEEN,0.5908,0.0048,0.4044
HEARTS THREE HEARTS QUEEN,0.6236,0.005,0.3714
SPADES KING CLUBS SIX,0.652,0.0052,0.3428
DIAMONDS KING HEARTS KING,0.2892,0.0036,0.7072
HEARTS THREE HEARTS KING,0.621,0.0058,0.3732
SPADES QUEEN CLUBS SIX,0.6516,0.0034,0.345
SPADES NINE HEARTS TEN,0.7214,0.0188,0.2598
SPADES NINE HEARTS JACK,0.6224,0.0054,0.3722
SPADES QUEEN SPADES FIVE,0.6092,0.0052,0.3856
SPADES KING SPADES FIVE,0.6142,0.0036,0.3822
SPADES ACE SPADES FIVE,0.5756,0.1106,0.3138
SPADES NINE HEARTS QUEEN,0.6278,0.0068,0.3654
SPADES NINE HEARTS KING,0.6642,0.0046,0.3312
SPADES FIVE HEARTS QUEEN,0.6562,0.0056,0.3382
HEARTS KING SPADES FIVE,0.6556,0.0034,0.341
CLUBS EIGHT SPADES TEN,0.7156,0.0176,0.2668
HEARTS THREE SPADES JACK,0.6554,0.0048,0.3398
SPADES JACK DIAMONDS KING,0.6038,0.0036,0.3926
SPADES TEN DIAMONDS KING,0.7226,0.0172,0.2602
HEARTS THREE SPADES TEN,0.7618,0.0206,0.2176
SPADES JACK CLUBS EIGHT,0.6252,0.004,0.3708
SPADES ACE CLUBS EIGHT,0.6424,0.1296,0.228
CLUBS JACK HEARTS FIVE,0.6634,0.0064,0.3302
CLUBS SIX HEARTS QUEEN,0.6506,0.0038,0.3456
SPADES QUEEN CLUBS EIGHT,0.6554,0.003,0.3416
CLUBS SIX HEARTS KING,0.6576,0.0042,0.3382
SPADES KING CLUBS EIGHT,0.655,0.0026,0.3424
CLUBS JACK SPADES THREE,0.6526,0.0036,0.3438
DIAMONDS TWO HEARTS JACK,0.6644,0.0068,0.3288
SPADES THREE CLUBS QUEEN,0.644,0.0042,0.3518
DIAMONDS TWO HEARTS TEN,0.755,0.0272,0.2178
SPADES THREE CLUBS KING,0.657,0.005,0.338
HEARTS FIVE CLUBS ACE,0.6484,0.1176,0.234
SPADES FIVE HEARTS TEN,0.7644,0.022,0.2136
SPADES THREE CLUBS ACE,0.6202,0.131,0.2488
HEARTS FIVE CLUBS KING,0.6518,0.0072,0.341
SPADES FIVE HEARTS JACK,0.6498,0.0036,0.3466
HEARTS FIVE CLUBS QUEEN,0.6504,0.0046,0.345
HEARTS THREE CLUBS KING,0.6522,0.0054,0.3424
DIAMONDS KING CLUBS KING,0.2852,0.0028,0.712
HEARTS THREE CLUBS QUEEN,0.6512,0.0048,0.344
DIAMONDS KING CLUBS QUEEN,0.597,0.0052,0.3978
HEARTS FIVE HEARTS JACK,0.63,0.0046,0.3654
HEARTS FIVE HEARTS TEN,0.717,0.024,0.259
HEARTS THREE CLUBS ACE,0.6376,0.1228,0.2396
DIAMONDS KING CLUBS ACE,0.2452,0.0476,0.7072
SPADES ACE CLUBS QUEEN,0.2316,0.0628,0.7056
SPADES KING CLUBS QUEEN,0.5936,0.0028,0.4036
CLUBS JACK HEARTS THREE,0.6498,0.0054,0.3448
CLUBS JACK DIAMONDS KING,0.5998,0.0034,0.3968
SPADES QUEEN CLUBS QUEEN,0.2966,0.004,0.6994
SPADES JACK CLUBS QUEEN,0.587,0.0046,0.4084
CLUBS SIX CLUBS QUEEN,0.6218,0.0046,0.3736
SPADES TEN CLUBS QUEEN,0.7106,0.0178,0.2716
CLUBS SIX CLUBS KING,0.6118,0.0062,0.382
CLUBS SIX CLUBS ACE,0.6264,0.1056,0.268
HEARTS FIVE HEARTS KING,0.619,0.0052,0.3758
HEARTS FIVE HEARTS QUEEN,0.621,0.0064,0.3726
CLUBS JACK CLUBS SIX,0.62,0.0046,0.3754
SPADES SEVEN HEARTS JACK,0.6342,0.0052,0.3606
SPADES SEVEN HEARTS TEN,0.7212,0.021,0.2578
DIAMONDS TWO CLUBS TWO,0.476,0.0064,0.5176
DIAMONDS TWO CLUBS THREE,0.6606,0.0054,0.334
HEARTS SIX DIAMONDS TWO,0.6646,0.0054,0.33
DIAMONDS TWO HEARTS QUEEN,0.6502,0.0074,0.3424
DIAMONDS TWO HEARTS SEVEN,0.691,0.0054,0.3036
DIAMONDS TWO HEARTS KING,0.654,0.0072,0.3388
DIAMONDS TWO HEARTS EIGHT,0.6842,0.0044,0.3114
DIAMONDS TWO HEARTS NINE,0.6874,0.0046,0.308
DIAMONDS TWO DIAMONDS QUEEN,0.6156,0.0044,0.38
DIAMONDS TWO HEARTS TWO,0.493,0.0044,0.5026
DIAMONDS TWO DIAMONDS KING,0.6162,0.0044,0.3794
HEARTS THREE DIAMONDS TWO,0.6548,0.0036,0.3416
DIAMONDS TWO DIAMONDS ACE,0.5932,0.1206,0.2862
HEARTS FOUR DIAMONDS TWO,0.6506,0.0054,0.344
DIAMONDS TWO HEARTS FIVE,0.654,0.005,0.341
DIAMONDS TWO DIAMONDS TEN,0.7204,0.0258,0.2538
SPADES SEVEN HEARTS KING,0.6414,0.0032,0.3554
DIAMONDS TWO DIAMONDS JACK,0.6162,0.0036,0.3802
SPADES SEVEN HEARTS QUEEN,0.6522,0.005,0.3428
DIAMONDS TWO SPADES NINE,0.6854,0.0048,0.3098
DIAMONDS TWO SPADES EIGHT,0.6766,0.0028,0.3206
DIAMONDS TWO SPADES SEVEN,0.669,0.0042,0.3268
DIAMONDS TWO SPADES SIX,0.6616,0.0048,0.3336
DIAMONDS TWO SPADES FIVE,0.6368,0.0028,0.3604
DIAMONDS TWO SPADES FOUR,0.6494,0.0032,0.3474
DIAMONDS TWO SPADES THREE,0.6622,0.005,0.3328
DIAMONDS TWO SPADES TWO,0.478,0.0048,0.5172
CLUBS NINE DIAMONDS TWO,0.6812,0.005,0.3138
DIAMONDS TWO CLUBS EIGHT,0.681,0.0034,0.3156
CLUBS SEVEN DIAMONDS TWO,0.6924,0.0038,0.3038
DIAMONDS TWO CLUBS SIX,0.6744,0.0034,0.3222
DIAMONDS TWO CLUBS FIVE,0.65,0.0072,0.3428
DIAMONDS TWO CLUBS FOUR,0.67,0.0052,0.3248
CLUBS FOUR SPADES FIVE,0.633,0.0044,0.3626
CLUBS FOUR SPADES FOUR,0.4686,0.0038,0.5276
CLUBS FOUR SPADES THREE,0.6442,0.0062,0.3496
CLUBS FOUR SPADES TWO,0.6616,0.0052,0.3332
SPADES NINE CLUBS FOUR,0.6792,0.0036,0.3172
SPADES EIGHT CLUBS FOUR,0.67,0.004,0.326
SPADES SEVEN CLUBS FOUR,0.6606,0.0038,0.3356
CLUBS FOUR SPADES SIX,0.6496,0.0056,0.3448
SPADES ACE DIAMONDS SIX,0.652,0.1082,0.2398
SPADES QUEEN DIAMONDS SIX,0.643,0.0036,0.3534
SPADES KING DIAMONDS SIX,0.6412,0.0022,0.3566
SPADES TEN DIAMONDS SIX,0.7382,0.0242,0.2376
SPADES JACK DIAMONDS SIX,0.6502,0.0032,0.3466
SPADES QUEEN SPADES TWO,0.6106,0.006,0.3834
SPADES KING SPADES TWO,0.6106,0.0054,0.384
SPADES ACE SPADES TWO,0.6038,0.1126,0.2836
CLUBS JACK DIAMONDS JACK,0.2982,0.0044,0.6974
DIAMONDS JACK CLUBS KING,0.593,0.0056,0.4014
DIAMONDS JACK CLUBS QUEEN,0.576,0.0042,0.4198
DIAMONDS THREE DIAMONDS JACK,0.6196,0.004,0.3764
DIAMONDS THREE DIAMONDS TEN,0.7148,0.0206,0.2646
DIAMONDS JACK CLUBS ACE,0.222,0.089,0.689
DIAMONDS THREE DIAMONDS KING,0.611,0.003,0.386
HEARTS THREE DIAMONDS THREE,0.4846,0.0048,0.5106
DIAMONDS THREE DIAMONDS QUEEN,0.608,0.0044,0.3876
DIAMONDS THREE HEARTS TWO,0.6676,0.0052,0.3272
HEARTS FIVE DIAMONDS THREE,0.6248,0.0048,0.3704
DIAMONDS THREE DIAMONDS ACE,0.5896,0.1072,0.3032
HEARTS FOUR DIAMONDS THREE,0.6432,0.006,0.3508
DIAMONDS THREE HEARTS SEVEN,0.672,0.0042,0.3238
SPADES TEN SPADES NINE,0.6812,0.0172,0.3016
HEARTS SIX DIAMONDS THREE,0.6572,0.0048,0.338
SPADES JACK SPADES NINE,0.5796,0.0044,0.416
DIAMONDS THREE HEARTS NINE,0.691,0.0042,0.3048
HEARTS JACK DIAMONDS FOUR,0.6564,0.0024,0.3412
SPADES TEN SPADES TWO,0.7142,0.0252,0.2606
DIAMONDS THREE HEARTS EIGHT,0.681,0.0048,0.3142
HEARTS TEN DIAMONDS FOUR,0.7482,0.0276,0.2242
SPADES JACK SPADES TWO,0.622,0.005,0.373
HEARTS QUEEN DIAMONDS FOUR,0.6494,0.0046,0.346
HEARTS KING DIAMONDS FOUR,0.651,0.0038,0.3452
SPADES ACE SPADES NINE,0.5954,0.1218,0.2828
SPADES KING SPADES NINE,0.5922,0.0056,0.4022
SPADES QUEEN SPADES NINE,0.5858,0.0026,0.4116
DIAMONDS THREE SPADES NINE,0.6808,0.0028,0.3164
DIAMONDS THREE SPADES EIGHT,0.6696,0.0034,0.327
DIAMONDS THREE SPADES SEVEN,0.6772,0.0046,0.3182
DIAMONDS THREE SPADES SIX,0.639,0.0044,0.3566
DIAMONDS THREE CLUBS SIX,0.6814,0.004,0.3146
CLUBS FIVE CLUBS SIX,0.5976,0.0048,0.3976
CLUBS ACE DIAMONDS FOUR,0.624,0.1252,0.2508
CLUBS SEVEN DIAMONDS THREE,0.6706,0.0054,0.324
CLUBS SEVEN CLUBS FIVE,0.6098,0.004,0.3862
DIAMONDS THREE CLUBS FOUR,0.6336,0.0054,0.361
DIAMONDS FOUR CLUBS QUEEN,0.642,0.006,0.352
DIAMONDS THREE CLUBS FIVE,0.6454,0.0052,0.3494
DIAMONDS FOUR CLUBS KING,0.657,0.0046,0.3384
DIAMONDS THREE CLUBS TWO,0.6672,0.006,0.3268
DIAMONDS THREE CLUBS THREE,0.4776,0.005,0.5174
CLUBS JACK DIAMONDS FOUR,0.6476,0.0052,0.3472
DIAMONDS THREE SPADES FOUR,0.6392,0.0038,0.357
DIAMONDS THREE SPADES FIVE,0.6372,0.0034,0.3594
DIAMONDS THREE SPADES TWO,0.6464,0.0054,0.3482
DIAMONDS THREE SPADES THREE,0.474,0.0062,0.5198
CLUBS EIGHT DIAMONDS THREE,0.6734,0.0024,0.3242
CLUBS NINE DIAMONDS THREE,0.673,0.0032,0.3238
SPADES SEVEN CLUBS ACE,0.6514,0.1198,0.2288
SPADES SEVEN CLUBS QUEEN,0.654,0.0036,0.3424
SPADES SEVEN CLUBS KING,0.6392,0.0046,0.3562
CLUBS FIVE SPADES SEVEN,0.6466,0.0036,0.3498
CLUBS FIVE SPADES SIX,0.6344,0.0032,0.3624
CLUBS JACK SPADES SEVEN,0.6434,0.0036,0.353
CLUBS FIVE SPADES NINE,0.6692,0.0024,0.3284
CLUBS FIVE SPADES EIGHT,0.6494,0.005,0.3456
CLUBS FIVE SPADES THREE,0.6392,0.0074,0.3534
CLUBS FIVE SPADES TWO,0.6492,0.0062,0.3446
CLUBS FIVE SPADES FIVE,0.4658,0.0036,0.5306
CLUBS FIVE SPADES FOUR,0.6378,0.0042,0.358
CLUBS NINE CLUBS FIVE,0.6342,0.0034,0.3624
CLUBS EIGHT CLUBS FIVE,0.6292,0.0054,0.3654
CLUBS ACE CLUBS QUEEN,0.234,0.0596,0.7064
CLUBS KING CLUBS QUEEN,0.5606,0.0062,0.4332
DIAMONDS TEN DIAMONDS FOUR,0.7032,0.0242,0.2726
DIAMONDS JACK DIAMONDS FOUR,0.5894,0.0046,0.406
CLUBS JACK DIAMONDS NINE,0.6202,0.003,0.3768
CLUBS JACK SPADES NINE,0.61,0.0018,0.3882
DIAMONDS ACE DIAMONDS FOUR,0.5894,0.122,0.2886
HEARTS FOUR DIAMONDS FOUR,0.4744,0.0036,0.522
DIAMONDS JACK HEARTS TEN,0.7018,0.021,0.2772
SPADES NINE CLUBS KING,0.6448,0.004,0.3512
DIAMONDS TWO SPADES TEN,0.7648,0.0236,0.2116
DIAMONDS NINE CLUBS ACE,0.6456,0.1298,0.2246
HEARTS FIVE DIAMONDS FOUR,0.629,0.0046,0.3664
HEARTS JACK DIAMONDS JACK,0.3184,0.0038,0.6778
SPADES NINE CLUBS QUEEN,0.6274,0.004,0.3686
DIAMONDS TWO SPADES JACK,0.651,0.0024,0.3466
DIAMONDS QUEEN DIAMONDS FOUR,0.6048,0.0042,0.391
HEARTS TWO DIAMONDS FOUR,0.647,0.0052,0.3478
DIAMONDS NINE CLUBS QUEEN,0.6336,0.004,0.3624
DIAMONDS KING DIAMONDS FOUR,0.6068,0.0046,0.3886
HEARTS THREE DIAMONDS FOUR,0.6496,0.0058,0.3446
SPADES NINE CLUBS ACE,0.6396,0.1314,0.229
DIAMONDS NINE CLUBS KING,0.645,0.0062,0.3488
SPADES ACE DIAMONDS TWO,0.6218,0.126,0.2522
DIAMONDS JACK HEARTS QUEEN,0.592,0.0058,0.4022
SPADES QUEEN DIAMONDS TWO,0.6522,0.0042,0.3436
HEARTS KING DIAMONDS JACK,0.6064,0.004,0.3896
SPADES KING DIAMONDS TWO,0.6424,0.0044,0.3532
SPADES JACK SPADES SEVEN,0.5988,0.0046,0.3966
SPADES TEN SPADES SEVEN,0.6726,0.0236,0.3038
CLUBS SEVEN CLUBS THREE,0.6412,0.0038,0.355
CLUBS SIX CLUBS THREE,0.613,0.0056,0.3814
CLUBS FIVE CLUBS THREE,0.6026,0.0068,0.3906
CLUBS THREE CLUBS FOUR,0.6142,0.0046,0.3812
CLUBS NINE CLUBS THREE,0.6572,0.0056,0.3372
CLUBS EIGHT CLUBS THREE,0.6464,0.0048,0.3488
CLUBS THREE SPADES FIVE,0.6532,0.0054,0.3414
CLUBS THREE SPADES FOUR,0.6368,0.0044,0.3588
CLUBS THREE SPADES THREE,0.4806,0.0052,0.5142
CLUBS THREE SPADES TWO,0.6742,0.0058,0.32
CLUBS THREE SPADES SIX,0.6592,0.0036,0.3372
CLUBS THREE SPADES SEVEN,0.6682,0.004,0.3278
SPADES EIGHT CLUBS THREE,0.6792,0.0052,0.3156
SPADES NINE CLUBS THREE,0.6658,0.0032,0.331
SPADES TWO DIAMONDS FOUR,0.646,0.0042,0.3498
SPADES THREE DIAMONDS FOUR,0.6308,0.0054,0.3638
SPADES FOUR DIAMONDS FOUR,0.469,0.004,0.527
SPADES FIVE DIAMONDS FOUR,0.6242,0.0042,0.3716
SPADES SIX DIAMONDS FOUR,0.6396,0.0042,0.3562
SPADES SEVEN DIAMONDS FOUR,0.6396,0.0032,0.3572
SPADES EIGHT DIAMONDS FOUR,0.667,0.0044,0.3286
SPADES NINE DIAMONDS FOUR,0.673,0.0034,0.3236
CLUBS FIVE DIAMONDS FOUR,0.6292,0.0042,0.3666
CLUBS FOUR DIAMONDS FOUR,0.4806,0.0052,0.5142
CLUBS SEVEN DIAMONDS FOUR,0.6628,0.0038,0.3334
CLUBS SIX DIAMONDS FOUR,0.645,0.0046,0.3504
CLUBS NINE DIAMONDS FOUR,0.6834,0.0026,0.314
CLUBS EIGHT DIAMONDS FOUR,0.6578,0.0044,0.3378
DIAMONDS FOUR HEARTS SEVEN,0.669,0.0046,0.3264
HEARTS SIX DIAMONDS FOUR,0.6628,0.0034,0.3338
HEARTS NINE DIAMONDS FOUR,0.6862,0.0068,0.307
DIAMONDS FOUR HEARTS EIGHT,0.6662,0.0048,0.329
CLUBS THREE DIAMONDS FOUR,0.6424,0.0054,0.3522
CLUBS TWO DIAMONDS FOUR,0.6608,0.0058,0.3334
DIAMONDS TEN DIAMONDS FIVE,0.7094,0.0242,0.2664
DIAMONDS JACK DIAMONDS FIVE,0.6018,0.0028,0.3954
DIAMONDS NINE HEARTS QUEEN,0.637,0.0038,0.3592
HEARTS KING DIAMONDS NINE,0.64,0.0036,0.3564
DIAMONDS NINE HEARTS TEN,0.7096,0.0216,0.2688
DIAMONDS NINE HEARTS JACK,0.6244,0.0042,0.3714
CLUBS KING DIAMONDS SIX,0.6348,0.0046,0.3606
CLUBS QUEEN DIAMONDS SIX,0.6578,0.0046,0.3376
CLUBS ACE DIAMONDS SIX,0.6512,0.1218,0.227
SPADES KING DIAMONDS FOUR,0.6412,0.0034,0.3554
SPADES ACE SPADES SEVEN,0.6106,0.1064,0.283
SPADES QUEEN DIAMONDS FOUR,0.652,0.0022,0.3458
SPADES QUEEN SPADES SEVEN,0.6112,0.003,0.3858
CLUBS JACK DIAMONDS SIX,0.6562,0.003,0.3408
SPADES KING SPADES SEVEN,0.606,0.0038,0.3902
SPADES ACE DIAMONDS FOUR,0.6364,0.1156,0.248
CLUBS NINE CLUBS FOUR,0.6428,0.0054,0.3518
CLUBS EIGHT CLUBS FOUR,0.6366,0.004,0.3594
SPADES JACK DIAMONDS FOUR,0.6478,0.0026,0.3496
SPADES TEN DIAMONDS FOUR,0.7404,0.0246,0.235
CLUBS FIVE CLUBS FOUR,0.5954,0.0056,0.399
CLUBS SEVEN CLUBS FOUR,0.6266,0.0038,0.3696
CLUBS SIX CLUBS FOUR,0.6128,0.0024,0.3848
CLUBS SEVEN SPADES EIGHT,0.6334,0.0042,0.3624
CLUBS SEVEN SPADES NINE,0.6474,0.0038,0.3488
CLUBS SEVEN SPADES SIX,0.6396,0.0034,0.357
CLUBS SEVEN SPADES SEVEN,0.4632,0.0032,0.5336
CLUBS SEVEN SPADES FIVE,0.651,0.0048,0.3442
CLUBS SEVEN SPADES FOUR,0.6464,0.0056,0.348
CLUBS SEVEN SPADES THREE,0.6588,0.0038,0.3374
CLUBS SEVEN SPADES TWO,0.6864,0.0046,0.309
CLUBS NINE CLUBS SEVEN,0.6,0.0044,0.3956
CLUBS SEVEN CLUBS EIGHT,0.587,0.0042,0.4088
HEARTS SIX DIAMONDS FIVE,0.6412,0.0032,0.3556
DIAMONDS FIVE HEARTS SEVEN,0.6378,0.0058,0.3564
DIAMONDS FIVE HEARTS EIGHT,0.6446,0.0044,0.351
HEARTS NINE DIAMONDS FIVE,0.6652,0.003,0.3318
DIAMONDS QUEEN DIAMONDS FIVE,0.6106,0.0032,0.3862
HEARTS TWO DIAMONDS FIVE,0.645,0.0062,0.3488
HEARTS KING HEARTS EIGHT,0.621,0.0058,0.3732
DIAMONDS KING DIAMONDS FIVE,0.6104,0.003,0.3866
HEARTS THREE DIAMONDS FIVE,0.642,0.0046,0.3534
HEARTS QUEEN HEARTS EIGHT,0.6206,0.0052,0.3742
DIAMONDS ACE DIAMONDS FIVE,0.581,0.116,0.303
HEARTS FOUR DIAMONDS FIVE,0.6332,0.0048,0.362
HEARTS FIVE DIAMONDS FIVE,0.4656,0.004,0.5304
CLUBS FOUR DIAMONDS FIVE,0.6184,0.0066,0.375
CLUBS FIVE DIAMONDS FIVE,0.4896,0.003,0.5074
CLUBS SIX DIAMONDS FIVE,0.6326,0.0038,0.3636
CLUBS SEVEN DIAMONDS FIVE,0.634,0.0048,0.3612
CLUBS TWO DIAMONDS FIVE,0.664,0.0044,0.3316
CLUBS THREE DIAMONDS FIVE,0.6476,0.0024,0.35
SPADES THREE DIAMONDS FIVE,0.642,0.0044,0.3536
SPADES TWO DIAMONDS FIVE,0.6486,0.0046,0.3468
SPADES JACK DIAMONDS EIGHT,0.6318,0.0032,0.365
SPADES FIVE DIAMONDS FIVE,0.488,0.0024,0.5096
SPADES TEN DIAMONDS EIGHT,0.7034,0.0238,0.2728
SPADES FOUR DIAMONDS FIVE,0.6246,0.0046,0.3708
CLUBS JACK HEARTS JACK,0.2936,0.0052,0.7012
HEARTS JACK CLUBS QUEEN,0.5966,0.0038,0.3996
CLUBS NINE DIAMONDS FIVE,0.6676,0.0044,0.328
HEARTS JACK CLUBS KING,0.604,0.0044,0.3916
CLUBS EIGHT DIAMONDS FIVE,0.6522,0.004,0.3438
HEARTS JACK CLUBS ACE,0.2248,0.0932,0.682
SPADES SEVEN DIAMONDS FIVE,0.647,0.0022,0.3508
SPADES KING DIAMONDS EIGHT,0.6366,0.0032,0.3602
SPADES QUEEN DIAMONDS EIGHT,0.6308,0.0032,0.366
SPADES SIX DIAMONDS FIVE,0.6434,0.002,0.3546
SPADES NINE DIAMONDS FIVE,0.6592,0.0036,0.3372
SPADES EIGHT DIAMONDS FIVE,0.6484,0.0032,0.3484
SPADES ACE DIAMONDS EIGHT,0.6358,0.1228,0.2414
DIAMONDS TEN DIAMONDS SIX,0.6976,0.0242,0.2782
DIAMONDS JACK DIAMONDS SIX,0.609,0.004,0.387
HEARTS QUEEN DIAMONDS SEVEN,0.6578,0.0044,0.3378
HEARTS KING DIAMONDS SEVEN,0.6618,0.0032,0.335
DIAMONDS ACE DIAMONDS SIX,0.607,0.1134,0.2796
HEARTS FOUR DIAMONDS SIX,0.647,0.004,0.349
HEARTS JACK SPADES TWO,0.6516,0.0058,0.3426
HEARTS FIVE DIAMONDS SIX,0.6278,0.0052,0.367
SPADES TWO HEARTS TEN,0.7608,0.0252,0.214
DIAMONDS QUEEN DIAMONDS SIX,0.6156,0.004,0.3804
HEARTS TWO DIAMONDS SIX,0.6784,0.004,0.3176
DIAMONDS KING DIAMONDS SIX,0.6014,0.0046,0.394
HEARTS THREE DIAMONDS SIX,0.6534,0.005,0.3416
HEARTS EIGHT DIAMONDS SIX,0.6458,0.0046,0.3496
HEARTS NINE DIAMONDS SIX,0.6554,0.003,0.3416
HEARTS SIX DIAMONDS SIX,0.472,0.003,0.525
HEARTS SEVEN DIAMONDS SIX,0.6294,0.0024,0.3682
HEARTS TEN DIAMONDS SEVEN,0.719,0.0244,0.2566
CLUBS TWO DIAMONDS SIX,0.6672,0.0044,0.3284
HEARTS JACK DIAMONDS SEVEN,0.6516,0.0032,0.3452
CLUBS THREE DIAMONDS SIX,0.6654,0.006,0.3286
CLUBS SEVEN DIAMONDS SIX,0.6432,0.0046,0.3522
CLUBS JACK DIAMONDS EIGHT,0.6214,0.0042,0.3744
CLUBS SIX DIAMONDS SIX,0.4744,0.0048,0.5208
CLUBS FIVE DIAMONDS SIX,0.6384,0.0048,0.3568
CLUBS FOUR DIAMONDS SIX,0.6454,0.0028,0.3518
DIAMONDS EIGHT CLUBS ACE,0.641,0.124,0.235
HEARTS JACK HEARTS QUEEN,0.559,0.005,0.436
DIAMONDS EIGHT CLUBS KING,0.6582,0.0044,0.3374
CLUBS NINE DIAMONDS SIX,0.6684,0.0034,0.3282
HEARTS KING HEARTS JACK,0.574,0.006,0.42
DIAMONDS EIGHT CLUBS QUEEN,0.6468,0.0032,0.35
CLUBS EIGHT DIAMONDS SIX,0.636,0.0038,0.3602
SPADES TEN HEARTS KING,0.7362,0.0216,0.2422
SPADES FIVE DIAMONDS SIX,0.631,0.0034,0.3656
SPADES JACK HEARTS KING,0.6,0.0046,0.3954
SPADES FOUR DIAMONDS SIX,0.6372,0.0026,0.3602
SPADES THREE DIAMONDS SIX,0.66,0.0056,0.3344
HEARTS QUEEN SPADES TWO,0.6526,0.0048,0.3426
SPADES ACE SPADES KING,0.2368,0.0492,0.714
HEARTS KING SPADES TWO,0.6578,0.0046,0.3376
SPADES TWO DIAMONDS SIX,0.6656,0.004,0.3304
HEARTS TEN HEARTS EIGHT,0.6786,0.0204,0.301
SPADES NINE DIAMONDS SIX,0.6572,0.0032,0.3396
HEARTS JACK HEARTS EIGHT,0.606,0.0046,0.3894
SPADES EIGHT DIAMONDS SIX,0.6374,0.0026,0.36
SPADES SEVEN DIAMONDS SIX,0.6342,0.0024,0.3634
SPADES SIX DIAMONDS SIX,0.476,0.002,0.522
SPADES KING HEARTS KING,0.282,0.004,0.714
SPADES QUEEN HEARTS KING,0.601,0.0058,0.3932
CLUBS ACE CLUBS KING,0.2458,0.048,0.7062
SPADES ACE HEARTS KING,0.246,0.047,0.707
SPADES ACE HEARTS JACK,0.2344,0.087,0.6786
SPADES QUEEN HEARTS JACK,0.5804,0.004,0.4156
SPADES KING HEARTS JACK,0.5978,0.0058,0.3964
SPADES TEN DIAMONDS TEN,0.3244,0.0198,0.6558
SPADES JACK DIAMONDS TEN,0.6992,0.0154,0.2854
SPADES ACE DIAMONDS TEN,0.0208,0.9568,0.0224
SPADES JACK HEARTS JACK,0.3148,0.0052,0.68
SPADES TEN HEARTS JACK,0.705,0.0186,0.2764
SPADES QUEEN DIAMONDS TEN,0.7158,0.019,0.2652
SPADES KING DIAMONDS TEN,0.7238,0.0186,0.2576
SPADES NINE DIAMONDS SEVEN,0.6252,0.0024,0.3724
SPADES EIGHT DIAMONDS SEVEN,0.628,0.0012,0.3708
SPADES SEVEN DIAMONDS SEVEN,0.4674,0.0014,0.5312
SPADES SIX DIAMONDS SEVEN,0.6304,0.0036,0.366
DIAMONDS KING DIAMONDS SEVEN,0.5916,0.0046,0.4038
HEARTS THREE DIAMONDS SEVEN,0.676,0.0074,0.3166
HEARTS KING DIAMONDS FIVE,0.6576,0.0036,0.3388
DIAMONDS QUEEN DIAMONDS SEVEN,0.6074,0.0026,0.39
HEARTS TWO DIAMONDS SEVEN,0.6844,0.0034,0.3122
HEARTS QUEEN DIAMONDS FIVE,0.671,0.0038,0.3252
HEARTS FIVE DIAMONDS SEVEN,0.6386,0.0048,0.3566
DIAMONDS ACE DIAMONDS SEVEN,0.607,0.1128,0.2802
HEARTS FOUR DIAMONDS SEVEN,0.6496,0.0044,0.346
HEARTS SEVEN DIAMONDS SEVEN,0.475,0.0022,0.5228
HEARTS SIX DIAMONDS SEVEN,0.633,0.0026,0.3644
HEARTS NINE DIAMONDS SEVEN,0.6386,0.0052,0.3562
DIAMONDS SEVEN HEARTS EIGHT,0.625,0.0024,0.3726
DIAMONDS JACK DIAMONDS SEVEN,0.5882,0.0046,0.4072
HEARTS JACK DIAMONDS FIVE,0.6454,0.0042,0.3504
DIAMONDS TEN DIAMONDS SEVEN,0.679,0.0216,0.2994
DIAMONDS FIVE HEARTS TEN,0.7516,0.025,0.2234
SPADES KING CLUBS TWO,0.656,0.0042,0.3398
HEARTS KING CLUBS KING,0.3014,0.0052,0.6934
CLUBS EIGHT DIAMONDS SEVEN,0.6324,0.0038,0.3638
SPADES QUEEN CLUBS TWO,0.6616,0.0044,0.334
HEARTS KING CLUBS QUEEN,0.5892,0.0062,0.4046
CLUBS NINE DIAMONDS SEVEN,0.6558,0.0046,0.3396
CLUBS JACK SPADES TWO,0.6362,0.0068,0.357
SPADES ACE CLUBS TWO,0.6526,0.1158,0.2316
HEARTS KING CLUBS ACE,0.2352,0.0524,0.7124
CLUBS SEVEN CLUBS SIX,0.6038,0.0044,0.3918
SPADES TWO CLUBS KING,0.6516,0.0052,0.3432
SPADES TWO DIAMONDS SEVEN,0.688,0.0048,0.3072
CLUBS EIGHT CLUBS SIX,0.6152,0.0064,0.3784
SPADES THREE DIAMONDS SEVEN,0.6654,0.0028,0.3318
SPADES TWO CLUBS QUEEN,0.6546,0.005,0.3404
CLUBS NINE CLUBS SIX,0.6292,0.0046,0.3662
SPADES FOUR DIAMONDS SEVEN,0.643,0.004,0.353
CLUBS JACK HEARTS KING,0.5984,0.0054,0.3962
SPADES FIVE DIAMONDS SEVEN,0.6414,0.0038,0.3548
SPADES TWO CLUBS ACE,0.6464,0.109,0.2446
CLUBS SIX SPADES TWO,0.671,0.0056,0.3234
CLUBS SIX SPADES THREE,0.6604,0.0042,0.3354
CLUBS TWO DIAMONDS SEVEN,0.6694,0.0042,0.3264
CLUBS SIX SPADES FOUR,0.6452,0.0044,0.3504
CLUBS THREE DIAMONDS SEVEN,0.6574,0.0042,0.3384
CLUBS SIX SPADES FIVE,0.6294,0.0048,0.3658
CLUBS FOUR DIAMONDS SEVEN,0.6546,0.0032,0.3422
CLUBS SIX SPADES SIX,0.4894,0.0042,0.5064
CLUBS FIVE DIAMONDS SEVEN,0.6408,0.004,0.3552
CLUBS SIX SPADES SEVEN,0.6418,0.0034,0.3548
CLUBS SIX DIAMONDS SEVEN,0.6244,0.005,0.3706
CLUBS SIX SPADES EIGHT,0.6436,0.004,0.3524
SPADES JACK CLUBS TWO,0.6618,0.0034,0.3348
CLUBS SEVEN DIAMONDS SEVEN,0.462,0.004,0.534
SPADES NINE CLUBS SIX,0.6598,0.003,0.3372
SPADES TEN CLUBS TWO,0.7542,0.0252,0.2206
CLUBS TWO CLUBS QUEEN,0.613,0.006,0.381
CLUBS TWO CLUBS KING,0.6132,0.0072,0.3796
CLUBS THREE DIAMONDS EIGHT,0.6774,0.0038,0.3188
CLUBS TWO CLUBS ACE,0.6122,0.1226,0.2652
CLUBS TWO DIAMONDS EIGHT,0.7002,0.0048,0.295
DIAMONDS EIGHT HEARTS SEVEN,0.6378,0.0046,0.3576
HEARTS SIX DIAMONDS EIGHT,0.6394,0.004,0.3566
DIAMONDS EIGHT HEARTS NINE,0.622,0.0034,0.3746
DIAMONDS EIGHT HEARTS EIGHT,0.4546,0.0022,0.5432
CLUBS JACK CLUBS TWO,0.6242,0.0068,0.369
CLUBS NINE DIAMONDS EIGHT,0.6404,0.003,0.3566
CLUBS EIGHT DIAMONDS EIGHT,0.4594,0.0016,0.539
CLUBS FIVE DIAMONDS EIGHT,0.6534,0.0042,0.3424
SPADES ACE SPADES THREE,0.5996,0.1108,0.2896
CLUBS FOUR DIAMONDS EIGHT,0.6714,0.0032,0.3254
CLUBS SEVEN DIAMONDS EIGHT,0.6226,0.0028,0.3746
SPADES QUEEN SPADES THREE,0.6122,0.0032,0.3846
CLUBS SIX DIAMONDS EIGHT,0.639,0.0048,0.3562
SPADES KING SPADES THREE,0.6114,0.0048,0.3838
DIAMONDS QUEEN DIAMONDS EIGHT,0.59,0.0032,0.4068
HEARTS TWO DIAMONDS EIGHT,0.68,0.0034,0.3166
DIAMONDS KING DIAMONDS EIGHT,0.6042,0.004,0.3918
HEARTS THREE DIAMONDS EIGHT,0.6846,0.005,0.3104
DIAMONDS ACE DIAMONDS EIGHT,0.608,0.1136,0.2784
HEARTS FOUR DIAMONDS EIGHT,0.655,0.0034,0.3416
HEARTS FIVE DIAMONDS EIGHT,0.6504,0.005,0.3446
DIAMONDS EIGHT DIAMONDS TEN,0.6574,0.0224,0.3202
DIAMONDS EIGHT DIAMONDS JACK,0.5882,0.0042,0.4076
SPADES JACK SPADES THREE,0.606,0.0034,0.3906
SPADES TEN SPADES THREE,0.7076,0.0242,0.2682
CLUBS FOUR HEARTS QUEEN,0.6646,0.0064,0.329
CLUBS FOUR HEARTS KING,0.6572,0.0062,0.3366
CLUBS SIX HEARTS TEN,0.745,0.0238,0.2312
CLUBS SIX HEARTS JACK,0.6648,0.004,0.3312
DIAMONDS EIGHT SPADES FOUR,0.6606,0.004,0.3354
SPADES FIVE DIAMONDS EIGHT,0.657,0.0034,0.3396
DIAMONDS EIGHT SPADES TWO,0.6772,0.0036,0.3192
DIAMONDS EIGHT SPADES THREE,0.6706,0.0026,0.3268
CLUBS FOUR HEARTS JACK,0.6566,0.0046,0.3388
SPADES EIGHT DIAMONDS EIGHT,0.4604,0.002,0.5376
SPADES TEN DIAMONDS QUEEN,0.7088,0.019,0.2722
SPADES TEN HEARTS TWO,0.7672,0.023,0.2098
SPADES JACK HEARTS EIGHT,0.6314,0.0036,0.365
CLUBS FOUR HEARTS TEN,0.761,0.0258,0.2132
SPADES NINE DIAMONDS EIGHT,0.6222,0.003,0.3748
SPADES TEN HEARTS EIGHT,0.7126,0.0236,0.2638
SPADES JACK HEARTS TWO,0.6592,0.0036,0.3372
SPADES JACK DIAMONDS QUEEN,0.5828,0.0038,0.4134
SPADES SIX DIAMONDS EIGHT,0.632,0.0022,0.3658
SPADES SEVEN DIAMONDS EIGHT,0.6226,0.0018,0.3756
SPADES ACE HEARTS TWO,0.6436,0.1188,0.2376
SPADES ACE DIAMONDS QUEEN,0.2472,0.0598,0.693
SPADES ACE HEARTS EIGHT,0.6604,0.116,0.2236
SPADES KING HEARTS EIGHT,0.661,0.0036,0.3354
SPADES QUEEN HEARTS TWO,0.6512,0.0048,0.344
SPADES QUEEN DIAMONDS QUEEN,0.2992,0.002,0.6988
SPADES KING DIAMONDS QUEEN,0.5936,0.0034,0.403
SPADES KING HEARTS TWO,0.6584,0.0028,0.3388
SPADES QUEEN HEARTS EIGHT,0.6438,0.005,0.3512
CLUBS TWO HEARTS TEN,0.7588,0.0264,0.2148
CLUBS TWO HEARTS JACK,0.671,0.0042,0.3248
SPADES SEVEN DIAMONDS NINE,0.6204,0.0026,0.377
SPADES SIX DIAMONDS NINE,0.6408,0.0028,0.3564
SPADES NINE DIAMONDS NINE,0.459,0.0022,0.5388
SPADES EIGHT DIAMONDS NINE,0.6352,0.0028,0.362
SPADES TEN CLUBS KING,0.7412,0.0202,0.2386
DIAMONDS NINE SPADES THREE,0.6718,0.0032,0.325
SPADES JACK CLUBS KING,0.5942,0.0056,0.4002
DIAMONDS NINE SPADES TWO,0.673,0.0038,0.3232
DIAMONDS NINE SPADES FIVE,0.6644,0.0028,0.3328
DIAMONDS NINE SPADES FOUR,0.6798,0.0014,0.3188
CLUBS NINE DIAMONDS NINE,0.459,0.0034,0.5376
CLUBS EIGHT DIAMONDS NINE,0.6222,0.0036,0.3742
CLUBS SIX DIAMONDS NINE,0.6504,0.0032,0.3464
SPADES JACK CLUBS FOUR,0.6522,0.0034,0.3444
CLUBS SEVEN DIAMONDS NINE,0.6464,0.0046,0.349
SPADES TEN CLUBS FOUR,0.75,0.0268,0.2232
CLUBS FOUR DIAMONDS NINE,0.6746,0.003,0.3224
CLUBS FIVE DIAMONDS NINE,0.6746,0.0036,0.3218
DIAMONDS NINE CLUBS TWO,0.6782,0.005,0.3168
CLUBS THREE DIAMONDS NINE,0.6746,0.0064,0.319
DIAMONDS NINE HEARTS EIGHT,0.6286,0.0042,0.3672
DIAMONDS NINE HEARTS NINE,0.4608,0.0038,0.5354
HEARTS SIX DIAMONDS NINE,0.6718,0.0038,0.3244
DIAMONDS NINE HEARTS SEVEN,0.6486,0.002,0.3494
CLUBS NINE CLUBS EIGHT,0.5904,0.0056,0.404
DIAMONDS ACE DIAMONDS NINE,0.6126,0.1116,0.2758
HEARTS FOUR DIAMONDS NINE,0.6784,0.0046,0.317
HEARTS FIVE DIAMONDS NINE,0.665,0.005,0.33
SPADES ACE CLUBS FOUR,0.6384,0.1194,0.2422
DIAMONDS QUEEN DIAMONDS NINE,0.5916,0.0032,0.4052
HEARTS TWO DIAMONDS NINE,0.6774,0.0042,0.3184
HEARTS KING CLUBS TWO,0.657,0.0046,0.3384
SPADES KING CLUBS FOUR,0.6562,0.0044,0.3394
DIAMONDS KING DIAMONDS NINE,0.597,0.0044,0.3986
HEARTS THREE DIAMONDS NINE,0.6826,0.0032,0.3142
CLUBS TWO HEARTS QUEEN,0.659,0.0058,0.3352
SPADES QUEEN CLUBS FOUR,0.6506,0.0052,0.3442
DIAMONDS NINE DIAMONDS JACK,0.5752,0.0046,0.4202
CLUBS EIGHT SPADES NINE,0.6288,0.0028,0.3684
DIAMONDS NINE DIAMONDS TEN,0.664,0.0218,0.3142
CLUBS EIGHT SPADES EIGHT,0.4602,0.003,0.5368
CLUBS EIGHT SPADES SEVEN,0.6298,0.0042,0.366
CLUBS EIGHT SPADES SIX,0.6506,0.0042,0.3452
CLUBS EIGHT SPADES FIVE,0.6416,0.004,0.3544
CLUBS EIGHT SPADES FOUR,0.678,0.0046,0.3174
CLUBS EIGHT SPADES THREE,0.6868,0.0034,0.3098
CLUBS EIGHT SPADES TWO,0.678,0.0044,0.3176
HEARTS SIX DIAMONDS TEN,0.7526,0.0214,0.226
DIAMONDS TEN HEARTS SEVEN,0.724,0.0216,0.2544
DIAMONDS TEN HEARTS EIGHT,0.719,0.0204,0.2606
CLUBS JACK CLUBS FOUR,0.6148,0.004,0.3812
DIAMONDS TEN HEARTS NINE,0.7168,0.0236,0.2596
CLUBS FOUR CLUBS KING,0.6232,0.004,0.3728
CLUBS FOUR CLUBS QUEEN,0.6084,0.0052,0.3864
CLUBS TWO DIAMONDS TEN,0.7642,0.0252,0.2106
CLUBS THREE DIAMONDS TEN,0.7576,0.0258,0.2166
CLUBS FOUR CLUBS ACE,0.587,0.1196,0.2934
DIAMONDS JACK DIAMONDS TEN,0.659,0.0166,0.3244
DIAMONDS QUEEN DIAMONDS TEN,0.6838,0.0178,0.2984
HEARTS TWO DIAMONDS TEN,0.7466,0.0254,0.228
DIAMONDS KING DIAMONDS TEN,0.6844,0.0192,0.2964
HEARTS THREE DIAMONDS TEN,0.754,0.0268,0.2192
DIAMONDS ACE DIAMONDS TEN,0.0222,0.9056,0.0722
HEARTS FOUR DIAMONDS TEN,0.7626,0.0242,0.2132
CLUBS EIGHT HEARTS JACK,0.6378,0.0044,0.3578
HEARTS FIVE DIAMONDS TEN,0.746,0.0254,0.2286
CLUBS EIGHT HEARTS TEN,0.7254,0.0198,0.2548
CLUBS EIGHT HEARTS QUEEN,0.6502,0.0044,0.3454
CLUBS EIGHT HEARTS KING,0.6632,0.005,0.3318
CLUBS NINE SPADES THREE,0.6718,0.0036,0.3246
CLUBS NINE SPADES TWO,0.6852,0.005,0.3098
CLUBS NINE SPADES FIVE,0.6692,0.0028,0.328
CLUBS NINE SPADES FOUR,0.6746,0.004,0.3214
CLUBS NINE SPADES SEVEN,0.6414,0.005,0.3536
CLUBS NINE SPADES SIX,0.6466,0.0034,0.35
CLUBS NINE SPADES NINE,0.4688,0.0038,0.5274
CLUBS NINE SPADES EIGHT,0.6344,0.0028,0.3628
CLUBS JACK HEARTS EIGHT,0.6278,0.0048,0.3674
CLUBS QUEEN HEARTS EIGHT,0.6442,0.0042,0.3516
CLUBS KING HEARTS EIGHT,0.6606,0.0054,0.334
CLUBS ACE HEARTS EIGHT,0.6428,0.1262,0.231
SPADES KING CLUBS KING,0.2872,0.0028,0.71
SPADES QUEEN CLUBS KING,0.6016,0.0048,0.3936
SPADES ACE CLUBS KING,0.2548,0.0498,0.6954
DIAMONDS ACE HEARTS TEN,0.0206,0.9688,0.0106
HEARTS FOUR HEARTS TEN,0.7108,0.0266,0.2626
DIAMONDS ACE HEARTS JACK,0.2362,0.0888,0.675
HEARTS FOUR HEARTS JACK,0.6168,0.0052,0.378
SPADES KING CLUBS FIVE,0.653,0.0026,0.3444
SPADES QUEEN CLUBS FIVE,0.6558,0.0038,0.3404
SPADES ACE CLUBS FIVE,0.633,0.1202,0.2468
DIAMONDS JACK HEARTS SEVEN,0.641,0.0044,0.3546
HEARTS SIX DIAMONDS JACK,0.6586,0.0046,0.3368
DIAMONDS JACK HEARTS NINE,0.624,0.0048,0.3712
DIAMONDS JACK HEARTS EIGHT,0.635,0.0036,0.3614
DIAMONDS KING DIAMONDS JACK,0.5706,0.0056,0.4238
HEARTS THREE DIAMONDS JACK,0.6464,0.004,0.3496
SPADES ACE SPADES SIX,0.611,0.1124,0.2766
DIAMONDS QUEEN DIAMONDS JACK,0.5444,0.0048,0.4508
HEARTS TWO DIAMONDS JACK,0.6542,0.0036,0.3422
HEARTS FIVE DIAMONDS JACK,0.653,0.0038,0.3432
SPADES QUEEN SPADES SIX,0.6138,0.0032,0.383
SPADES FOUR HEARTS QUEEN,0.6502,0.0044,0.3454
DIAMONDS ACE DIAMONDS JACK,0.229,0.0816,0.6894
HEARTS FOUR DIAMONDS JACK,0.6528,0.0038,0.3434
SPADES KING SPADES SIX,0.6104,0.003,0.3866
HEARTS KING SPADES FOUR,0.6666,0.0068,0.3266
SPADES TEN SPADES SIX,0.6944,0.0228,0.2828
SPADES JACK SPADES SIX,0.6086,0.0044,0.387
SPADES FOUR DIAMONDS JACK,0.6462,0.0038,0.35
SPADES FIVE DIAMONDS JACK,0.6406,0.0044,0.355
DIAMONDS JACK SPADES TWO,0.6532,0.0038,0.343
DIAMONDS JACK SPADES THREE,0.655,0.0048,0.3402
SPADES ACE DIAMONDS THREE,0.6254,0.1118,0.2628
SPADES QUEEN DIAMONDS THREE,0.6576,0.0046,0.3378
CLUBS EIGHT DIAMONDS JACK,0.6296,0.0044,0.366
SPADES KING DIAMONDS THREE,0.6608,0.0026,0.3366
CLUBS NINE DIAMONDS JACK,0.624,0.0044,0.3716
CLUBS SIX DIAMONDS JACK,0.6628,0.0026,0.3346
CLUBS SEVEN DIAMONDS JACK,0.6428,0.0042,0.353
CLUBS FOUR DIAMONDS JACK,0.6488,0.0056,0.3456
CLUBS FIVE DIAMONDS JACK,0.6614,0.0048,0.3338
CLUBS TWO DIAMONDS JACK,0.6592,0.0062,0.3346
CLUBS THREE DIAMONDS JACK,0.6486,0.0034,0.348
SPADES TEN CLUBS FIVE,0.7564,0.0284,0.2152
HEARTS SIX SPADES JACK,0.6574,0.005,0.3376
HEARTS SIX SPADES TEN,0.741,0.0238,0.2352
SPADES JACK CLUBS FIVE,0.6394,0.0046,0.356
SPADES JACK DIAMONDS THREE,0.6472,0.0054,0.3474
CLUBS SEVEN CLUBS ACE,0.6194,0.118,0.2626
DIAMONDS THREE SPADES TEN,0.7492,0.022,0.2288
CLUBS SEVEN CLUBS QUEEN,0.615,0.0052,0.3798
CLUBS SEVEN CLUBS KING,0.6092,0.0056,0.3852
SPADES NINE DIAMONDS JACK,0.6138,0.0016,0.3846
SPADES EIGHT DIAMONDS JACK,0.644,0.0032,0.3528
SPADES ACE HEARTS SIX,0.6504,0.1114,0.2382
CLUBS JACK CLUBS SEVEN,0.6026,0.0044,0.393
DIAMONDS ACE HEARTS KING,0.2598,0.0514,0.6888
HEARTS FOUR HEARTS KING,0.614,0.0056,0.3804
SPADES SEVEN DIAMONDS JACK,0.6376,0.0038,0.3586
SPADES KING HEARTS SIX,0.6388,0.006,0.3552
DIAMONDS ACE HEARTS QUEEN,0.2508,0.063,0.6862
HEARTS FOUR HEARTS QUEEN,0.6226,0.004,0.3734
SPADES QUEEN HEARTS SIX,0.6632,0.0044,0.3324
SPADES SIX DIAMONDS JACK,0.6604,0.004,0.3356
DIAMONDS TEN SPADES TWO,0.7534,0.0254,0.2212
SPADES THREE DIAMONDS TEN,0.7418,0.026,0.2322
SPADES FOUR DIAMONDS TEN,0.7482,0.0246,0.2272
SPADES FIVE DIAMONDS TEN,0.747,0.0288,0.2242
SPADES SIX DIAMONDS TEN,0.738,0.0194,0.2426
SPADES SEVEN DIAMONDS TEN,0.7214,0.0226,0.256
SPADES EIGHT DIAMONDS TEN,0.7062,0.025,0.2688
SPADES NINE DIAMONDS TEN,0.7082,0.0216,0.2702
CLUBS FOUR DIAMONDS TEN,0.753,0.0272,0.2198
CLUBS FIVE DIAMONDS TEN,0.7508,0.025,0.2242
CLUBS SIX DIAMONDS TEN,0.7458,0.028,0.2262
CLUBS SEVEN DIAMONDS TEN,0.7242,0.0242,0.2516
CLUBS EIGHT DIAMONDS TEN,0.7066,0.0212,0.2722
CLUBS NINE DIAMONDS TEN,0.7112,0.019,0.2698
CLUBS JACK DIAMONDS THREE,0.6504,0.0048,0.3448
DIAMONDS THREE CLUBS KING,0.6582,0.005,0.3368
DIAMONDS THREE CLUBS QUEEN,0.637,0.007,0.356
DIAMONDS THREE CLUBS ACE,0.6302,0.1232,0.2466
SPADES FOUR HEARTS JACK,0.6502,0.0034,0.3464
SPADES FOUR HEARTS TEN,0.749,0.0252,0.2258
SPADES FIVE SPADES TWO,0.616,0.0052,0.3788
SPADES FOUR SPADES TWO,0.6008,0.0052,0.394
SPADES THREE SPADES TWO,0.619,0.0042,0.3768
SPADES NINE SPADES TWO,0.647,0.0044,0.3486
SPADES EIGHT SPADES TWO,0.6278,0.0046,0.3676
SPADES SEVEN SPADES TWO,0.6418,0.0042,0.354
SPADES SIX SPADES TWO,0.6252,0.0036,0.3712
DIAMONDS QUEEN CLUBS THREE,0.6616,0.0026,0.3358
CLUBS THREE HEARTS TWO,0.674,0.005,0.321
DIAMONDS QUEEN CLUBS TWO,0.6632,0.0056,0.3312
HEARTS TWO CLUBS TWO,0.4876,0.008,0.5044
DIAMONDS QUEEN HEARTS SEVEN,0.651,0.0038,0.3452
HEARTS TWO HEARTS SEVEN,0.6548,0.0054,0.3398
HEARTS SIX DIAMONDS QUEEN,0.6482,0.0036,0.3482
HEARTS SIX HEARTS TWO,0.6352,0.0052,0.3596
DIAMONDS QUEEN HEARTS NINE,0.6172,0.0048,0.378
HEARTS TWO HEARTS NINE,0.642,0.0034,0.3546
DIAMONDS QUEEN HEARTS EIGHT,0.6552,0.0028,0.342
HEARTS TWO HEARTS EIGHT,0.6492,0.0044,0.3464
CLUBS NINE HEARTS TWO,0.6858,0.0068,0.3074
CLUBS NINE DIAMONDS QUEEN,0.6344,0.0046,0.361
CLUBS EIGHT HEARTS TWO,0.6742,0.006,0.3198
CLUBS EIGHT DIAMONDS QUEEN,0.6476,0.0052,0.3472
CLUBS FIVE DIAMONDS QUEEN,0.6544,0.0048,0.3408
CLUBS FIVE HEARTS TWO,0.6542,0.005,0.3408
DIAMONDS QUEEN CLUBS FOUR,0.648,0.0038,0.3482
HEARTS TWO CLUBS FOUR,0.6686,0.0056,0.3258
CLUBS SEVEN DIAMONDS QUEEN,0.6486,0.0044,0.347
CLUBS SEVEN HEARTS TWO,0.6896,0.0052,0.3052
SPADES EIGHT HEARTS QUEEN,0.6436,0.0034,0.353
CLUBS SIX DIAMONDS QUEEN,0.6614,0.0038,0.3348
CLUBS SIX HEARTS TWO,0.6732,0.0046,0.3222
SPADES EIGHT HEARTS KING,0.6628,0.0042,0.333
HEARTS TWO SPADES SIX,0.6778,0.0044,0.3178
DIAMONDS QUEEN SPADES SIX,0.6396,0.0032,0.3572
HEARTS FOUR CLUBS QUEEN,0.6504,0.005,0.3446
DIAMONDS ACE CLUBS QUEEN,0.2482,0.066,0.6858
DIAMONDS QUEEN SPADES SEVEN,0.6486,0.0024,0.349
HEARTS TWO SPADES SEVEN,0.6756,0.0048,0.3196
HEARTS FOUR CLUBS KING,0.6484,0.0044,0.3472
DIAMONDS ACE CLUBS KING,0.2386,0.0476,0.7138
DIAMONDS QUEEN SPADES EIGHT,0.6416,0.0024,0.356
SPADES EIGHT HEARTS TWO,0.6774,0.003,0.3196
HEARTS FOUR CLUBS ACE,0.6258,0.1142,0.26
DIAMONDS ACE CLUBS ACE,0.0706,0.0156,0.9138
SPADES NINE DIAMONDS QUEEN,0.6238,0.0036,0.3726
SPADES NINE HEARTS TWO,0.6844,0.0048,0.3108
HEARTS TWO SPADES TWO,0.4824,0.0066,0.511
DIAMONDS QUEEN SPADES TWO,0.6474,0.0036,0.349
HEARTS TWO SPADES THREE,0.659,0.004,0.337
DIAMONDS QUEEN SPADES THREE,0.6476,0.0038,0.3486
HEARTS TWO SPADES FOUR,0.6566,0.006,0.3374
DIAMONDS QUEEN SPADES FOUR,0.654,0.0028,0.3432
HEARTS TWO SPADES FIVE,0.6512,0.0036,0.3452
DIAMONDS QUEEN SPADES FIVE,0.6478,0.004,0.3482
HEARTS FOUR CLUBS JACK,0.6536,0.004,0.3424
CLUBS JACK DIAMONDS ACE,0.2418,0.0824,0.6758
CLUBS FIVE CLUBS KING,0.62,0.0056,0.3744
CLUBS FIVE CLUBS QUEEN,0.6112,0.0042,0.3846
CLUBS FIVE CLUBS ACE,0.5922,0.1144,0.2934
CLUBS JACK CLUBS FIVE,0.6064,0.0066,0.387
SPADES KING CLUBS JACK,0.5854,0.0056,0.409
CLUBS JACK SPADES QUEEN,0.5882,0.0042,0.4076
SPADES ACE CLUBS JACK,0.2362,0.0856,0.6782
SPADES SIX CLUBS KING,0.6404,0.003,0.3566
SPADES SIX CLUBS QUEEN,0.638,0.0038,0.3582
SPADES EIGHT HEARTS JACK,0.6248,0.0046,0.3706
SPADES SIX CLUBS ACE,0.6562,0.115,0.2288
SPADES EIGHT HEARTS TEN,0.7156,0.0214,0.263
CLUBS JACK SPADES SIX,0.6514,0.0042,0.3444
CLUBS JACK SPADES TEN,0.6912,0.0204,0.2884
CLUBS JACK SPADES JACK,0.2986,0.0036,0.6978
SPADES QUEEN CLUBS SEVEN,0.6566,0.0034,0.34
SPADES KING CLUBS SEVEN,0.6592,0.0048,0.336
SPADES ACE CLUBS SEVEN,0.6512,0.1168,0.232
SPADES SIX HEARTS TEN,0.746,0.022,0.232
SPADES SIX HEARTS JACK,0.6656,0.005,0.3294
SPADES SIX HEARTS KING,0.6506,0.0038,0.3456
SPADES SIX HEARTS QUEEN,0.6498,0.0038,0.3464
CLUBS SEVEN SPADES JACK,0.6476,0.0034,0.349
CLUBS SEVEN SPADES TEN,0.72,0.0274,0.2526
CLUBS JACK HEARTS SIX,0.6498,0.0056,0.3446
CLUBS JACK CLUBS ACE,0.2308,0.0858,0.6834
HEARTS SIX CLUBS QUEEN,0.6534,0.0048,0.3418
HEARTS SIX CLUBS KING,0.6438,0.005,0.3512
HEARTS SIX CLUBS ACE,0.6572,0.1132,0.2296
CLUBS JACK CLUBS QUEEN,0.5438,0.0052,0.451
CLUBS JACK CLUBS KING,0.5716,0.005,0.4234
DIAMONDS THREE HEARTS QUEEN,0.6618,0.005,0.3332
DIAMONDS THREE HEARTS KING,0.6518,0.0054,0.3428
CLUBS FIVE HEARTS JACK,0.6688,0.0036,0.3276
SPADES TEN DIAMONDS ACE,0.0186,0.9576,0.0238
HEARTS FOUR SPADES TEN,0.7408,0.0276,0.2316
CLUBS FIVE HEARTS TEN,0.762,0.0304,0.2076
HEARTS FOUR SPADES JACK,0.6564,0.006,0.3376
SPADES JACK DIAMONDS ACE,0.2448,0.087,0.6682
SPADES ACE HEARTS FOUR,0.642,0.119,0.239
SPADES ACE DIAMONDS ACE,0.0852,0.0094,0.9054
CLUBS FIVE HEARTS KING,0.6588,0.0044,0.3368
HEARTS FOUR SPADES QUEEN,0.6612,0.0036,0.3352
SPADES QUEEN DIAMONDS ACE,0.239,0.0646,0.6964
CLUBS JACK SPADES FOUR,0.6428,0.0036,0.3536
CLUBS FIVE HEARTS QUEEN,0.6652,0.006,0.3288
SPADES KING DIAMONDS ACE,0.2458,0.0434,0.7108
HEARTS FOUR SPADES KING,0.6466,0.0034,0.35
DIAMONDS QUEEN DIAMONDS ACE,0.2462,0.0522,0.7016
HEARTS TWO DIAMONDS ACE,0.648,0.1202,0.2318
HEARTS FOUR DIAMONDS QUEEN,0.647,0.0046,0.3484
HEARTS FOUR HEARTS TWO,0.6278,0.0062,0.366
DIAMONDS THREE HEARTS TEN,0.7642,0.0274,0.2084
SPADES FOUR CLUBS KING,0.6474,0.005,0.3476
HEARTS FIVE DIAMONDS QUEEN,0.6526,0.0056,0.3418
HEARTS FIVE HEARTS TWO,0.6242,0.006,0.3698
DIAMONDS THREE HEARTS JACK,0.651,0.004,0.345
SPADES FOUR CLUBS QUEEN,0.6378,0.0044,0.3578
DIAMONDS QUEEN HEARTS TWO,0.6556,0.0036,0.3408
DIAMONDS KING DIAMONDS QUEEN,0.5544,0.005,0.4406
DIAMONDS KING HEARTS TWO,0.6616,0.0032,0.3352
HEARTS THREE DIAMONDS QUEEN,0.6558,0.0044,0.3398
HEARTS THREE HEARTS TWO,0.6342,0.0058,0.36
SPADES FOUR CLUBS ACE,0.6146,0.1258,0.2596
HEARTS TWO CLUBS ACE,0.6428,0.117,0.2402
DIAMONDS QUEEN CLUBS ACE,0.2406,0.0646,0.6948
HEARTS TWO CLUBS QUEEN,0.66,0.0066,0.3334
DIAMONDS QUEEN CLUBS QUEEN,0.2926,0.0034,0.704
HEARTS TWO CLUBS KING,0.6528,0.007,0.3402
DIAMONDS QUEEN CLUBS KING,0.5882,0.0056,0.4062
SPADES EIGHT SPADES FIVE,0.6,0.005,0.395
SPADES NINE SPADES FIVE,0.6068,0.0032,0.39
CLUBS JACK HEARTS TWO,0.6632,0.005,0.3318
CLUBS JACK DIAMONDS QUEEN,0.5902,0.003,0.4068
SPADES SIX SPADES FIVE,0.593,0.004,0.403
SPADES SEVEN SPADES FIVE,0.5926,0.004,0.4034
DIAMONDS FIVE CLUBS QUEEN,0.6436,0.004,0.3524
SPADES EIGHT CLUBS ACE,0.6374,0.119,0.2436
DIAMONDS FIVE CLUBS KING,0.6408,0.0038,0.3554
SPADES EIGHT CLUBS KING,0.6478,0.0046,0.3476
DIAMONDS FIVE CLUBS ACE,0.6194,0.1282,0.2524
SPADES EIGHT CLUBS QUEEN,0.6386,0.0048,0.3566
CLUBS JACK SPADES EIGHT,0.6384,0.0034,0.3582
CLUBS JACK DIAMONDS FIVE,0.649,0.0052,0.3458
HEARTS JACK DIAMONDS TEN,0.7102,0.017,0.2728
DIAMONDS TEN HEARTS TEN,0.3244,0.0238,0.6518
SPADES ACE CLUBS NINE,0.6576,0.1182,0.2242
CLUBS NINE SPADES QUEEN,0.6384,0.0034,0.3582
CLUBS NINE SPADES KING,0.6486,0.0046,0.3468
HEARTS SIX HEARTS KING,0.617,0.0038,0.3792
DIAMONDS KING SPADES SEVEN,0.6378,0.0044,0.3578
HEARTS THREE SPADES SEVEN,0.6686,0.003,0.3284
SPADES KING DIAMONDS SEVEN,0.6484,0.0034,0.3482
HEARTS SIX HEARTS QUEEN,0.6164,0.004,0.3796
SPADES QUEEN DIAMONDS SEVEN,0.6598,0.0034,0.3368
HEARTS THREE SPADES SIX,0.645,0.004,0.351
DIAMONDS KING SPADES SIX,0.6512,0.0034,0.3454
DIAMONDS KING SPADES NINE,0.6364,0.003,0.3606
HEARTS THREE SPADES NINE,0.6802,0.0058,0.314
DIAMONDS KING SPADES EIGHT,0.6566,0.0018,0.3416
HEARTS THREE SPADES EIGHT,0.6732,0.0048,0.322
