opposingHand,winningChance,drawChance,lostChance
CLUBS TEN HEARTS TWO
HEARTS FIVE SPADES TEN,0.2104,0.4734,0.3162
HEARTS FIVE SPADES JACK,0.3592,0.0196,0.6212
CLUBS JACK SPADES FIVE,0.353,0.0158,0.6312
CLUBS JACK CLUBS EIGHT,0.3172,0.0176,0.6652
CLUBS EIGHT CLUBS KING,0.3492,0.0066,0.6442
SPADES FIVE CLUBS ACE,0.352,0.0046,0.6434
CLUBS EIGHT CLUBS QUEEN,0.344,0.0112,0.6448
SPADES FIVE CLUBS KING,0.3554,0.0114,0.6332
SPADES FIVE CLUBS QUEEN,0.356,0.0124,0.6316
CLUBS EIGHT CLUBS ACE,0.3308,0.0048,0.6644
DIAMONDS TWO DIAMONDS THREE,0.6244,0.07,0.3056
DIAMONDS TWO DIAMONDS FIVE,0.6104,0.0716,0.318
HEARTS FIVE SPADES KING,0.3588,0.0068,0.6344
DIAMONDS TWO DIAMONDS FOUR,0.63,0.0696,0.3004
HEARTS FIVE SPADES QUEEN,0.3544,0.0116,0.634
DIAMONDS TWO DIAMONDS SEVEN,0.6464,0.0704,0.2832
DIAMONDS TWO DIAMONDS SIX,0.638,0.065,0.297
SPADES ACE HEARTS FIVE,0.3496,0.0054,0.645
DIAMONDS TWO DIAMONDS NINE,0.6316,0.0772,0.2912
DIAMONDS TWO DIAMONDS EIGHT,0.6502,0.0744,0.2754
DIAMONDS THREE DIAMONDS FOUR,0.5298,0.0294,0.4408
CLUBS TWO SPADES FOUR,0.6566,0.0784,0.265
DIAMONDS THREE DIAMONDS FIVE,0.5152,0.0292,0.4556
SPADES FIVE CLUBS TWO,0.663,0.075,0.262
CLUBS TWO SPADES TWO,0.2896,0.052,0.6584
CLUBS TWO SPADES THREE,0.657,0.08,0.263
DIAMONDS THREE DIAMONDS EIGHT,0.5418,0.0326,0.4256
SPADES EIGHT CLUBS TWO,0.7024,0.0714,0.2262
DIAMONDS THREE DIAMONDS NINE,0.5428,0.0278,0.4294
SPADES NINE CLUBS TWO,0.704,0.0706,0.2254
DIAMONDS THREE DIAMONDS SIX,0.516,0.028,0.456
SPADES SIX CLUBS TWO,0.6824,0.0732,0.2444
DIAMONDS THREE DIAMONDS SEVEN,0.5258,0.0308,0.4434
SPADES SEVEN CLUBS TWO,0.6912,0.077,0.2318
CLUBS SIX CLUBS TWO,0.654,0.0688,0.2772
CLUBS SEVEN CLUBS TWO,0.6684,0.0658,0.2658
CLUBS FOUR CLUBS TWO,0.637,0.0704,0.2926
CLUBS FIVE CLUBS TWO,0.6232,0.0754,0.3014
DIAMONDS FOUR DIAMONDS SIX,0.5096,0.0328,0.4576
DIAMONDS FOUR DIAMONDS SEVEN,0.5214,0.0266,0.452
CLUBS EIGHT CLUBS TWO,0.6562,0.0824,0.2614
DIAMONDS FIVE DIAMONDS FOUR,0.4994,0.0316,0.469
CLUBS NINE CLUBS TWO,0.6534,0.0804,0.2662
DIAMONDS NINE DIAMONDS FOUR,0.5362,0.0294,0.4344
DIAMONDS EIGHT DIAMONDS FOUR,0.5336,0.0326,0.4338
CLUBS THREE CLUBS TWO,0.6348,0.0662,0.299
DIAMONDS NINE DIAMONDS FIVE,0.5342,0.0296,0.4362
CLUBS JACK DIAMONDS TWO,0.2296,0.0568,0.7136
DIAMONDS EIGHT DIAMONDS FIVE,0.5172,0.0286,0.4542
DIAMONDS FIVE DIAMONDS SEVEN,0.507,0.0236,0.4694
DIAMONDS FIVE DIAMONDS SIX,0.506,0.0252,0.4688
DIAMONDS TWO CLUBS ACE,0.2266,0.0212,0.7522
DIAMONDS TWO CLUBS KING,0.2356,0.032,0.7324
DIAMONDS TWO CLUBS QUEEN,0.2242,0.0424,0.7334
DIAMONDS EIGHT DIAMONDS SIX,0.5144,0.0256,0.46
DIAMONDS NINE DIAMONDS SIX,0.529,0.0238,0.4472
HEARTS ACE SPADES THREE,0.3432,0.0046,0.6522
SPADES THREE HEARTS KING,0.3538,0.0086,0.6376
DIAMONDS SEVEN DIAMONDS SIX,0.503,0.0284,0.4686
HEARTS QUEEN SPADES THREE,0.3648,0.016,0.6192
SPADES THREE HEARTS JACK,0.361,0.0194,0.6196
SPADES THREE HEARTS TEN,0.2006,0.5342,0.2652
DIAMONDS EIGHT DIAMONDS SEVEN,0.4972,0.0242,0.4786
DIAMONDS NINE DIAMONDS SEVEN,0.5126,0.0202,0.4672
DIAMONDS NINE DIAMONDS EIGHT,0.4976,0.0198,0.4826
DIAMONDS KING HEARTS TEN,0.2212,0.0376,0.7412
HEARTS THREE HEARTS TEN,0.205,0.5006,0.2944
SPADES JACK CLUBS SIX,0.3684,0.0188,0.6128
DIAMONDS KING HEARTS JACK,0.3114,0.0072,0.6814
HEARTS THREE HEARTS JACK,0.3376,0.0212,0.6412
SPADES TEN CLUBS SIX,0.2192,0.3888,0.392
SPADES JACK SPADES FIVE,0.325,0.0182,0.6568
SPADES TEN SPADES FIVE,0.2016,0.4538,0.3446
DIAMONDS KING HEARTS ACE,0.3202,0.0048,0.675
HEARTS THREE HEARTS ACE,0.3396,0.006,0.6544
SPADES ACE CLUBS SIX,0.3686,0.0052,0.6262
DIAMONDS KING HEARTS QUEEN,0.308,0.0072,0.6848
HEARTS THREE HEARTS QUEEN,0.3382,0.0146,0.6472
SPADES KING CLUBS SIX,0.3694,0.0074,0.6232
DIAMONDS KING HEARTS KING,0.1254,0.007,0.8676
HEARTS THREE HEARTS KING,0.3378,0.0078,0.6544
SPADES QUEEN CLUBS SIX,0.357,0.0102,0.6328
SPADES NINE HEARTS TEN,0.2088,0.1726,0.6186
SPADES NINE HEARTS JACK,0.316,0.0134,0.6706
SPADES QUEEN SPADES FIVE,0.33,0.0094,0.6606
SPADES KING SPADES FIVE,0.335,0.0088,0.6562
SPADES ACE SPADES FIVE,0.3222,0.0036,0.6742
SPADES NINE HEARTS QUEEN,0.3416,0.0112,0.6472
SPADES NINE HEARTS KING,0.353,0.0098,0.6372
SPADES NINE HEARTS ACE,0.3526,0.005,0.6424
SPADES FIVE HEARTS QUEEN,0.346,0.0154,0.6386
SPADES FIVE HEARTS KING,0.3508,0.0078,0.6414
HEARTS ACE SPADES FIVE,0.3434,0.0048,0.6518
CLUBS EIGHT SPADES TEN,0.2164,0.2334,0.5502
SPADES JACK HEARTS THREE,0.355,0.0178,0.6272
SPADES JACK DIAMONDS KING,0.3114,0.0082,0.6804
SPADES TEN DIAMONDS KING,0.2238,0.0374,0.7388
SPADES TEN HEARTS THREE,0.2124,0.5268,0.2608
SPADES JACK CLUBS EIGHT,0.3584,0.0174,0.6242
CLUBS SIX HEARTS ACE,0.3444,0.0044,0.6512
SPADES ACE CLUBS EIGHT,0.3534,0.004,0.6426
HEARTS FIVE CLUBS JACK,0.346,0.0204,0.6336
CLUBS SIX HEARTS QUEEN,0.3634,0.0126,0.624
SPADES QUEEN CLUBS EIGHT,0.3574,0.0138,0.6288
CLUBS SIX HEARTS KING,0.3502,0.0092,0.6406
SPADES KING CLUBS EIGHT,0.3818,0.0074,0.6108
CLUBS JACK SPADES THREE,0.3628,0.0168,0.6204
DIAMONDS TWO HEARTS JACK,0.2282,0.0544,0.7174
SPADES THREE CLUBS QUEEN,0.3514,0.0126,0.636
DIAMONDS TWO HEARTS TEN,0.0124,0.9712,0.0164
SPADES THREE CLUBS KING,0.3606,0.009,0.6304
HEARTS FIVE CLUBS ACE,0.3512,0.0066,0.6422
SPADES FIVE HEARTS TEN,0.2156,0.4658,0.3186
SPADES THREE CLUBS ACE,0.339,0.0062,0.6548
HEARTS FIVE CLUBS KING,0.3496,0.0078,0.6426
SPADES FIVE HEARTS JACK,0.3508,0.0152,0.634
HEARTS FIVE CLUBS QUEEN,0.3588,0.0112,0.63
HEARTS THREE CLUBS KING,0.345,0.0086,0.6464
DIAMONDS KING CLUBS KING,0.1204,0.0108,0.8688
HEARTS THREE CLUBS QUEEN,0.351,0.0132,0.6358
DIAMONDS KING CLUBS QUEEN,0.3064,0.0068,0.6868
HEARTS FIVE HEARTS JACK,0.3442,0.0176,0.6382
HEARTS FIVE HEARTS TEN,0.2064,0.4374,0.3562
HEARTS THREE CLUBS ACE,0.341,0.0054,0.6536
DIAMONDS KING CLUBS ACE,0.327,0.0056,0.6674
SPADES ACE CLUBS QUEEN,0.3042,0.0046,0.6912
SPADES KING CLUBS QUEEN,0.2994,0.0076,0.693
CLUBS JACK HEARTS THREE,0.3468,0.02,0.6332
CLUBS JACK DIAMONDS KING,0.303,0.0054,0.6916
SPADES QUEEN CLUBS QUEEN,0.1296,0.0196,0.8508
SPADES JACK CLUBS QUEEN,0.2898,0.0122,0.698
CLUBS SIX CLUBS QUEEN,0.3524,0.0126,0.635
SPADES TEN CLUBS QUEEN,0.209,0.0554,0.7356
CLUBS SIX CLUBS KING,0.3414,0.008,0.6506
CLUBS SIX CLUBS ACE,0.3424,0.0046,0.653
HEARTS FIVE HEARTS KING,0.344,0.0088,0.6472
HEARTS FIVE HEARTS QUEEN,0.3546,0.0116,0.6338
HEARTS FIVE HEARTS ACE,0.3202,0.0076,0.6722
CLUBS JACK CLUBS SIX,0.34,0.0182,0.6418
SPADES SEVEN HEARTS JACK,0.3362,0.0178,0.646
SPADES SEVEN HEARTS TEN,0.2068,0.298,0.4952
DIAMONDS TWO CLUBS TWO,0.2888,0.0482,0.663
DIAMONDS TWO CLUBS THREE,0.6748,0.0722,0.253
DIAMONDS TWO HEARTS SIX,0.6712,0.071,0.2578
DIAMONDS TWO HEARTS QUEEN,0.2366,0.0374,0.726
HEARTS SEVEN DIAMONDS TWO,0.6694,0.073,0.2576
DIAMONDS TWO HEARTS KING,0.231,0.0306,0.7384
DIAMONDS TWO HEARTS EIGHT,0.68,0.0726,0.2474
DIAMONDS TWO HEARTS ACE,0.2338,0.0174,0.7488
DIAMONDS TWO HEARTS NINE,0.6946,0.0748,0.2306
DIAMONDS TWO DIAMONDS QUEEN,0.2284,0.0438,0.7278
DIAMONDS TWO DIAMONDS KING,0.2306,0.027,0.7424
DIAMONDS TWO HEARTS THREE,0.6736,0.0746,0.2518
DIAMONDS TWO DIAMONDS ACE,0.2276,0.0158,0.7566
HEARTS FOUR DIAMONDS TWO,0.658,0.0742,0.2678
HEARTS FIVE DIAMONDS TWO,0.6524,0.0702,0.2774
SPADES SEVEN HEARTS ACE,0.346,0.0062,0.6478
DIAMONDS TWO DIAMONDS TEN,0.0236,0.9104,0.066
SPADES SEVEN HEARTS KING,0.3514,0.0092,0.6394
DIAMONDS TWO DIAMONDS JACK,0.2182,0.0584,0.7234
SPADES SEVEN HEARTS QUEEN,0.3566,0.0114,0.632
DIAMONDS TWO SPADES NINE,0.6888,0.076,0.2352
DIAMONDS TWO SPADES EIGHT,0.6834,0.0674,0.2492
DIAMONDS TWO SPADES SEVEN,0.6952,0.0692,0.2356
DIAMONDS TWO SPADES SIX,0.6704,0.0734,0.2562
DIAMONDS TWO SPADES FIVE,0.6502,0.0752,0.2746
DIAMONDS TWO SPADES FOUR,0.6592,0.0736,0.2672
DIAMONDS TWO SPADES THREE,0.6712,0.0756,0.2532
DIAMONDS TWO SPADES TWO,0.267,0.0474,0.6856
CLUBS NINE DIAMONDS TWO,0.6934,0.0786,0.228
DIAMONDS TWO CLUBS EIGHT,0.694,0.0778,0.2282
CLUBS SEVEN DIAMONDS TWO,0.6912,0.0756,0.2332
DIAMONDS TWO CLUBS SIX,0.682,0.069,0.249
DIAMONDS TWO CLUBS FIVE,0.6624,0.0722,0.2654
DIAMONDS TWO CLUBS FOUR,0.6596,0.0746,0.2658
CLUBS FOUR SPADES FIVE,0.5424,0.0296,0.428
CLUBS FOUR SPADES FOUR,0.3058,0.0674,0.6268
CLUBS FOUR SPADES THREE,0.5628,0.0338,0.4034
CLUBS FOUR SPADES TWO,0.6644,0.0746,0.261
SPADES NINE CLUBS FOUR,0.58,0.0272,0.3928
SPADES EIGHT CLUBS FOUR,0.5622,0.0316,0.4062
SPADES SEVEN CLUBS FOUR,0.5628,0.0286,0.4086
CLUBS FOUR SPADES SIX,0.5452,0.0362,0.4186
SPADES ACE DIAMONDS SIX,0.3612,0.0044,0.6344
SPADES QUEEN DIAMONDS SIX,0.3668,0.0098,0.6234
SPADES KING DIAMONDS SIX,0.3684,0.006,0.6256
SPADES TEN DIAMONDS SIX,0.218,0.376,0.406
SPADES JACK DIAMONDS SIX,0.3628,0.015,0.6222
SPADES QUEEN SPADES TWO,0.2248,0.0394,0.7358
SPADES KING SPADES TWO,0.2206,0.0322,0.7472
SPADES ACE SPADES TWO,0.2302,0.016,0.7538
CLUBS JACK DIAMONDS JACK,0.1364,0.0208,0.8428
DIAMONDS JACK CLUBS KING,0.2984,0.0058,0.6958
DIAMONDS JACK CLUBS QUEEN,0.2934,0.0096,0.697
DIAMONDS THREE DIAMONDS JACK,0.3336,0.0184,0.648
DIAMONDS THREE DIAMONDS TEN,0.1944,0.4902,0.3154
DIAMONDS JACK CLUBS ACE,0.306,0.006,0.688
DIAMONDS THREE DIAMONDS KING,0.33,0.0074,0.6626
DIAMONDS THREE HEARTS THREE,0.2918,0.0676,0.6406
DIAMONDS THREE DIAMONDS QUEEN,0.335,0.013,0.652
HEARTS FIVE DIAMONDS THREE,0.551,0.0318,0.4172
DIAMONDS THREE DIAMONDS ACE,0.3274,0.0054,0.6672
HEARTS FOUR DIAMONDS THREE,0.5544,0.0334,0.4122
HEARTS SEVEN DIAMONDS THREE,0.5712,0.0266,0.4022
SPADES TEN SPADES NINE,0.2098,0.1638,0.6264
HEARTS SIX DIAMONDS THREE,0.5666,0.032,0.4014
SPADES JACK SPADES NINE,0.3108,0.0114,0.6778
DIAMONDS THREE HEARTS NINE,0.5682,0.0276,0.4042
HEARTS JACK DIAMONDS FOUR,0.3438,0.0172,0.639
HEARTS ACE HEARTS KING,0.3084,0.0062,0.6854
SPADES TEN SPADES TWO,0.0188,0.912,0.0692
DIAMONDS THREE HEARTS EIGHT,0.5748,0.029,0.3962
HEARTS TEN DIAMONDS FOUR,0.2058,0.5264,0.2678
SPADES JACK SPADES TWO,0.2238,0.052,0.7242
HEARTS QUEEN DIAMONDS FOUR,0.3572,0.0126,0.6302
HEARTS KING DIAMONDS FOUR,0.3676,0.01,0.6224
SPADES ACE SPADES NINE,0.3242,0.003,0.6728
HEARTS ACE DIAMONDS FOUR,0.3426,0.0062,0.6512
SPADES KING SPADES NINE,0.3218,0.0064,0.6718
SPADES QUEEN SPADES NINE,0.3266,0.012,0.6614
DIAMONDS THREE SPADES NINE,0.5796,0.0244,0.396
DIAMONDS THREE SPADES EIGHT,0.5736,0.028,0.3984
DIAMONDS THREE SPADES SEVEN,0.5716,0.0336,0.3948
DIAMONDS THREE SPADES SIX,0.566,0.0292,0.4048
DIAMONDS THREE CLUBS SIX,0.5544,0.0314,0.4142
CLUBS FIVE CLUBS SIX,0.5216,0.0284,0.45
CLUBS ACE DIAMONDS FOUR,0.3442,0.0064,0.6494
CLUBS SEVEN DIAMONDS THREE,0.5776,0.031,0.3914
CLUBS SEVEN CLUBS FIVE,0.5218,0.0272,0.451
DIAMONDS THREE CLUBS FOUR,0.5638,0.035,0.4012
DIAMONDS FOUR CLUBS QUEEN,0.342,0.0156,0.6424
DIAMONDS THREE CLUBS FIVE,0.5456,0.0338,0.4206
DIAMONDS FOUR CLUBS KING,0.3426,0.008,0.6494
DIAMONDS THREE CLUBS TWO,0.6616,0.0782,0.2602
DIAMONDS THREE CLUBS THREE,0.3038,0.074,0.6222
CLUBS JACK DIAMONDS FOUR,0.343,0.0212,0.6358
DIAMONDS THREE SPADES FOUR,0.5502,0.031,0.4188
DIAMONDS THREE SPADES FIVE,0.5636,0.029,0.4074
DIAMONDS THREE SPADES TWO,0.6544,0.0804,0.2652
DIAMONDS THREE SPADES THREE,0.2982,0.066,0.6358
CLUBS EIGHT DIAMONDS THREE,0.5834,0.0254,0.3912
CLUBS NINE DIAMONDS THREE,0.5912,0.0288,0.38
SPADES SEVEN CLUBS ACE,0.3484,0.004,0.6476
SPADES SEVEN CLUBS QUEEN,0.353,0.013,0.634
SPADES SEVEN CLUBS KING,0.3492,0.0092,0.6416
CLUBS FIVE SPADES SEVEN,0.553,0.0294,0.4176
CLUBS FIVE SPADES SIX,0.541,0.03,0.429
CLUBS JACK SPADES SEVEN,0.3396,0.018,0.6424
CLUBS FIVE SPADES NINE,0.57,0.0276,0.4024
CLUBS FIVE SPADES EIGHT,0.564,0.0288,0.4072
CLUBS FIVE SPADES THREE,0.5596,0.0308,0.4096
CLUBS FIVE SPADES TWO,0.6694,0.0706,0.26
CLUBS FIVE SPADES FIVE,0.3048,0.068,0.6272
CLUBS FIVE SPADES FOUR,0.543,0.0354,0.4216
CLUBS NINE CLUBS FIVE,0.5366,0.0266,0.4368
CLUBS EIGHT CLUBS FIVE,0.5282,0.0248,0.447
CLUBS ACE CLUBS QUEEN,0.2986,0.0058,0.6956
CLUBS KING CLUBS QUEEN,0.2954,0.0074,0.6972
DIAMONDS TEN DIAMONDS FOUR,0.2052,0.4908,0.304
DIAMONDS JACK DIAMONDS FOUR,0.3296,0.0188,0.6516
CLUBS JACK DIAMONDS NINE,0.3234,0.0168,0.6598
CLUBS JACK SPADES NINE,0.3188,0.0144,0.6668
DIAMONDS ACE DIAMONDS FOUR,0.3348,0.0044,0.6608
HEARTS FOUR DIAMONDS FOUR,0.2924,0.072,0.6356
DIAMONDS JACK HEARTS TEN,0.2208,0.0558,0.7234
SPADES NINE CLUBS KING,0.342,0.007,0.651
DIAMONDS TWO SPADES TEN,0.0192,0.9594,0.0214
DIAMONDS NINE CLUBS ACE,0.3442,0.0046,0.6512
HEARTS FIVE DIAMONDS FOUR,0.5406,0.0326,0.4268
DIAMONDS JACK HEARTS JACK,0.1324,0.0226,0.845
SPADES NINE CLUBS QUEEN,0.338,0.0134,0.6486
DIAMONDS TWO SPADES JACK,0.2366,0.057,0.7064
DIAMONDS QUEEN DIAMONDS FOUR,0.3386,0.0104,0.651
DIAMONDS NINE CLUBS QUEEN,0.3224,0.0126,0.665
DIAMONDS KING DIAMONDS FOUR,0.3396,0.0078,0.6526
HEARTS THREE DIAMONDS FOUR,0.5536,0.0276,0.4188
SPADES NINE CLUBS ACE,0.3556,0.0052,0.6392
DIAMONDS NINE CLUBS KING,0.3336,0.0094,0.657
HEARTS ACE DIAMONDS JACK,0.323,0.0032,0.6738
SPADES ACE DIAMONDS TWO,0.2406,0.0168,0.7426
HEARTS QUEEN DIAMONDS JACK,0.297,0.0098,0.6932
SPADES QUEEN DIAMONDS TWO,0.241,0.0406,0.7184
DIAMONDS JACK HEARTS KING,0.3198,0.0038,0.6764
SPADES KING DIAMONDS TWO,0.2404,0.0284,0.7312
SPADES JACK SPADES SEVEN,0.3258,0.0182,0.656
SPADES TEN SPADES SEVEN,0.2186,0.282,0.4994
CLUBS SEVEN CLUBS THREE,0.54,0.0302,0.4298
CLUBS SIX CLUBS THREE,0.5388,0.0298,0.4314
CLUBS FIVE CLUBS THREE,0.5318,0.035,0.4332
CLUBS THREE CLUBS FOUR,0.546,0.0306,0.4234
CLUBS NINE CLUBS THREE,0.5644,0.0278,0.4078
CLUBS EIGHT CLUBS THREE,0.5736,0.026,0.4004
CLUBS THREE SPADES FIVE,0.5614,0.0298,0.4088
CLUBS THREE SPADES FOUR,0.5688,0.032,0.3992
CLUBS THREE SPADES THREE,0.31,0.0724,0.6176
CLUBS THREE SPADES TWO,0.6594,0.079,0.2616
CLUBS THREE SPADES SIX,0.5754,0.0242,0.4004
CLUBS THREE SPADES SEVEN,0.5766,0.0302,0.3932
SPADES EIGHT CLUBS THREE,0.5904,0.03,0.3796
SPADES NINE CLUBS THREE,0.5814,0.0296,0.389
SPADES TWO DIAMONDS FOUR,0.6488,0.0772,0.274
SPADES THREE DIAMONDS FOUR,0.5426,0.0308,0.4266
SPADES FOUR DIAMONDS FOUR,0.297,0.0654,0.6376
SPADES FIVE DIAMONDS FOUR,0.5386,0.0276,0.4338
SPADES SIX DIAMONDS FOUR,0.5616,0.0246,0.4138
SPADES SEVEN DIAMONDS FOUR,0.545,0.03,0.425
SPADES EIGHT DIAMONDS FOUR,0.5828,0.0276,0.3896
SPADES NINE DIAMONDS FOUR,0.583,0.0276,0.3894
CLUBS FIVE DIAMONDS FOUR,0.5482,0.0306,0.4212
CLUBS FOUR DIAMONDS FOUR,0.2994,0.0638,0.6368
CLUBS SEVEN DIAMONDS FOUR,0.5746,0.0278,0.3976
CLUBS SIX DIAMONDS FOUR,0.5512,0.031,0.4178
CLUBS NINE DIAMONDS FOUR,0.5872,0.027,0.3858
CLUBS EIGHT DIAMONDS FOUR,0.5772,0.0248,0.398
HEARTS SEVEN DIAMONDS FOUR,0.5512,0.0312,0.4176
HEARTS SIX DIAMONDS FOUR,0.5574,0.027,0.4156
DIAMONDS FOUR HEARTS NINE,0.5706,0.0318,0.3976
DIAMONDS FOUR HEARTS EIGHT,0.5604,0.0294,0.4102
CLUBS THREE DIAMONDS FOUR,0.5514,0.0344,0.4142
CLUBS TWO DIAMONDS FOUR,0.6718,0.078,0.2502
DIAMONDS TEN DIAMONDS FIVE,0.2118,0.4418,0.3464
DIAMONDS JACK DIAMONDS FIVE,0.3298,0.0174,0.6528
DIAMONDS NINE HEARTS QUEEN,0.3354,0.0092,0.6554
DIAMONDS NINE HEARTS KING,0.3472,0.0064,0.6464
HEARTS ACE DIAMONDS NINE,0.3488,0.0032,0.648
DIAMONDS NINE HEARTS TEN,0.2188,0.1614,0.6198
DIAMONDS NINE HEARTS JACK,0.315,0.0186,0.6664
CLUBS KING DIAMONDS SIX,0.3524,0.0082,0.6394
CLUBS QUEEN DIAMONDS SIX,0.3496,0.0108,0.6396
CLUBS ACE DIAMONDS SIX,0.3622,0.0066,0.6312
SPADES KING DIAMONDS FOUR,0.3696,0.007,0.6234
SPADES ACE SPADES SEVEN,0.3328,0.0056,0.6616
SPADES QUEEN DIAMONDS FOUR,0.3664,0.0116,0.622
SPADES QUEEN SPADES SEVEN,0.3284,0.0102,0.6614
CLUBS JACK DIAMONDS SIX,0.3664,0.0178,0.6158
SPADES KING SPADES SEVEN,0.33,0.0066,0.6634
SPADES ACE DIAMONDS FOUR,0.3564,0.0046,0.639
CLUBS NINE CLUBS FOUR,0.5636,0.0266,0.4098
CLUBS EIGHT CLUBS FOUR,0.5468,0.0288,0.4244
SPADES JACK DIAMONDS FOUR,0.3642,0.0166,0.6192
SPADES TEN DIAMONDS FOUR,0.2172,0.5126,0.2702
CLUBS FIVE CLUBS FOUR,0.5324,0.028,0.4396
CLUBS SEVEN CLUBS FOUR,0.5238,0.0254,0.4508
CLUBS SIX CLUBS FOUR,0.534,0.032,0.434
CLUBS SEVEN SPADES EIGHT,0.5294,0.0298,0.4408
CLUBS SEVEN SPADES NINE,0.5438,0.0246,0.4316
CLUBS SEVEN SPADES SIX,0.5248,0.0278,0.4474
CLUBS SEVEN SPADES SEVEN,0.2868,0.0602,0.653
CLUBS SEVEN SPADES FIVE,0.5452,0.0348,0.42
CLUBS SEVEN SPADES FOUR,0.5566,0.0336,0.4098
CLUBS SEVEN SPADES THREE,0.5722,0.0336,0.3942
CLUBS SEVEN SPADES TWO,0.6866,0.0764,0.237
CLUBS NINE CLUBS SEVEN,0.5084,0.0302,0.4614
CLUBS SEVEN CLUBS EIGHT,0.5058,0.0282,0.466
HEARTS SIX DIAMONDS FIVE,0.5444,0.0298,0.4258
HEARTS SEVEN DIAMONDS FIVE,0.5376,0.0312,0.4312
DIAMONDS FIVE HEARTS EIGHT,0.5544,0.0248,0.4208
DIAMONDS FIVE HEARTS NINE,0.5726,0.0304,0.397
DIAMONDS QUEEN DIAMONDS FIVE,0.3284,0.015,0.6566
HEARTS KING HEARTS EIGHT,0.3444,0.008,0.6476
DIAMONDS KING DIAMONDS FIVE,0.3334,0.007,0.6596
HEARTS THREE DIAMONDS FIVE,0.5424,0.0322,0.4254
HEARTS QUEEN HEARTS EIGHT,0.3334,0.0098,0.6568
DIAMONDS ACE DIAMONDS FIVE,0.329,0.0054,0.6656
HEARTS FOUR DIAMONDS FIVE,0.5366,0.034,0.4294
HEARTS FIVE DIAMONDS FIVE,0.2796,0.063,0.6574
HEARTS ACE HEARTS EIGHT,0.3402,0.0068,0.653
CLUBS FOUR DIAMONDS FIVE,0.5418,0.0326,0.4256
CLUBS FIVE DIAMONDS FIVE,0.3022,0.0644,0.6334
CLUBS SIX DIAMONDS FIVE,0.5398,0.0318,0.4284
CLUBS SEVEN DIAMONDS FIVE,0.555,0.0318,0.4132
CLUBS TWO DIAMONDS FIVE,0.669,0.0736,0.2574
CLUBS THREE DIAMONDS FIVE,0.5526,0.034,0.4134
SPADES THREE DIAMONDS FIVE,0.5456,0.0294,0.425
SPADES TWO DIAMONDS FIVE,0.6622,0.0754,0.2624
SPADES JACK DIAMONDS EIGHT,0.3348,0.0106,0.6546
SPADES FIVE DIAMONDS FIVE,0.292,0.0656,0.6424
SPADES TEN DIAMONDS EIGHT,0.2102,0.225,0.5648
SPADES FOUR DIAMONDS FIVE,0.544,0.0318,0.4242
CLUBS JACK HEARTS JACK,0.1382,0.0242,0.8376
HEARTS JACK CLUBS QUEEN,0.2808,0.0138,0.7054
CLUBS NINE DIAMONDS FIVE,0.5828,0.0294,0.3878
HEARTS JACK CLUBS KING,0.2996,0.0076,0.6928
CLUBS EIGHT DIAMONDS FIVE,0.544,0.0312,0.4248
CLUBS ACE HEARTS JACK,0.3074,0.0042,0.6884
SPADES SEVEN DIAMONDS FIVE,0.53,0.0262,0.4438
SPADES KING DIAMONDS EIGHT,0.3704,0.006,0.6236
SPADES QUEEN DIAMONDS EIGHT,0.342,0.0134,0.6446
SPADES SIX DIAMONDS FIVE,0.545,0.029,0.426
SPADES NINE DIAMONDS FIVE,0.5628,0.027,0.4102
SPADES EIGHT DIAMONDS FIVE,0.5598,0.0296,0.4106
SPADES ACE DIAMONDS EIGHT,0.3426,0.0044,0.653
DIAMONDS TEN DIAMONDS SIX,0.2144,0.3432,0.4424
HEARTS ACE DIAMONDS SEVEN,0.3542,0.004,0.6418
DIAMONDS JACK DIAMONDS SIX,0.3342,0.0174,0.6484
HEARTS QUEEN DIAMONDS SEVEN,0.3474,0.0132,0.6394
HEARTS KING DIAMONDS SEVEN,0.344,0.007,0.649
DIAMONDS ACE DIAMONDS SIX,0.342,0.0032,0.6548
HEARTS FOUR DIAMONDS SIX,0.5464,0.0274,0.4262
SPADES TWO HEARTS JACK,0.2292,0.0528,0.718
HEARTS FIVE DIAMONDS SIX,0.5386,0.023,0.4384
SPADES TWO HEARTS TEN,0.0114,0.9678,0.0208
DIAMONDS QUEEN DIAMONDS SIX,0.325,0.0108,0.6642
DIAMONDS KING DIAMONDS SIX,0.3288,0.0074,0.6638
HEARTS THREE DIAMONDS SIX,0.5584,0.0292,0.4124
HEARTS EIGHT DIAMONDS SIX,0.5382,0.0268,0.435
HEARTS NINE DIAMONDS SIX,0.5468,0.027,0.4262
HEARTS SIX DIAMONDS SIX,0.2852,0.0676,0.6472
HEARTS SEVEN DIAMONDS SIX,0.537,0.0242,0.4388
HEARTS TEN DIAMONDS SEVEN,0.2076,0.2986,0.4938
CLUBS TWO DIAMONDS SIX,0.6788,0.0706,0.2506
HEARTS JACK DIAMONDS SEVEN,0.343,0.0166,0.6404
CLUBS THREE DIAMONDS SIX,0.5614,0.033,0.4056
CLUBS SEVEN DIAMONDS SIX,0.5294,0.0296,0.441
CLUBS JACK DIAMONDS EIGHT,0.3354,0.0138,0.6508
CLUBS SIX DIAMONDS SIX,0.3014,0.0602,0.6384
CLUBS FIVE DIAMONDS SIX,0.5434,0.0288,0.4278
CLUBS FOUR DIAMONDS SIX,0.5542,0.027,0.4188
HEARTS ACE HEARTS JACK,0.3036,0.0052,0.6912
DIAMONDS EIGHT CLUBS ACE,0.3492,0.0046,0.6462
HEARTS QUEEN HEARTS JACK,0.2854,0.0118,0.7028
DIAMONDS EIGHT CLUBS KING,0.3522,0.0054,0.6424
CLUBS NINE DIAMONDS SIX,0.5592,0.025,0.4158
HEARTS KING HEARTS JACK,0.2972,0.0072,0.6956
DIAMONDS EIGHT CLUBS QUEEN,0.3354,0.0114,0.6532
CLUBS EIGHT DIAMONDS SIX,0.5374,0.0252,0.4374
SPADES TEN HEARTS KING,0.2074,0.0408,0.7518
SPADES FIVE DIAMONDS SIX,0.5442,0.0282,0.4276
HEARTS ACE SPADES TWO,0.2444,0.018,0.7376
SPADES JACK HEARTS KING,0.3036,0.0054,0.691
SPADES FOUR DIAMONDS SIX,0.5538,0.0314,0.4148
SPADES THREE DIAMONDS SIX,0.5674,0.029,0.4036
HEARTS QUEEN SPADES TWO,0.2406,0.0364,0.723
SPADES ACE SPADES KING,0.2938,0.0048,0.7014
HEARTS KING SPADES TWO,0.2314,0.0326,0.736
SPADES TWO DIAMONDS SIX,0.6666,0.0748,0.2586
HEARTS TEN HEARTS EIGHT,0.206,0.218,0.576
SPADES NINE DIAMONDS SIX,0.5566,0.03,0.4134
HEARTS JACK HEARTS EIGHT,0.3136,0.0204,0.666
SPADES EIGHT DIAMONDS SIX,0.552,0.026,0.422
SPADES SEVEN DIAMONDS SIX,0.5438,0.029,0.4272
SPADES SIX DIAMONDS SIX,0.2934,0.0532,0.6534
SPADES KING HEARTS KING,0.123,0.0118,0.8652
SPADES QUEEN HEARTS KING,0.3044,0.008,0.6876
CLUBS ACE CLUBS KING,0.3004,0.004,0.6956
SPADES ACE HEARTS KING,0.3208,0.0046,0.6746
SPADES ACE HEARTS JACK,0.3022,0.005,0.6928
SPADES QUEEN HEARTS JACK,0.297,0.0132,0.6898
SPADES KING HEARTS JACK,0.3082,0.0094,0.6824
SPADES TEN DIAMONDS TEN,0.078,0.0576,0.8644
SPADES JACK DIAMONDS TEN,0.2198,0.054,0.7262
SPADES ACE DIAMONDS TEN,0.2138,0.026,0.7602
SPADES JACK HEARTS JACK,0.1352,0.0234,0.8414
SPADES TEN HEARTS JACK,0.2164,0.0498,0.7338
SPADES QUEEN DIAMONDS TEN,0.2342,0.0412,0.7246
SPADES KING DIAMONDS TEN,0.234,0.0336,0.7324
SPADES NINE DIAMONDS SEVEN,0.5358,0.0286,0.4356
SPADES EIGHT DIAMONDS SEVEN,0.5216,0.0308,0.4476
SPADES SEVEN DIAMONDS SEVEN,0.2872,0.0494,0.6634
SPADES SIX DIAMONDS SEVEN,0.5394,0.0286,0.432
DIAMONDS KING DIAMONDS SEVEN,0.3336,0.0084,0.658
HEARTS THREE DIAMONDS SEVEN,0.5636,0.0308,0.4056
HEARTS KING DIAMONDS FIVE,0.3704,0.007,0.6226
DIAMONDS QUEEN DIAMONDS SEVEN,0.333,0.0112,0.6558
HEARTS QUEEN DIAMONDS FIVE,0.3608,0.0116,0.6276
HEARTS FIVE DIAMONDS SEVEN,0.5344,0.0266,0.439
DIAMONDS ACE DIAMONDS SEVEN,0.3354,0.0038,0.6608
HEARTS FOUR DIAMONDS SEVEN,0.55,0.0312,0.4188
HEARTS ACE DIAMONDS FIVE,0.333,0.0036,0.6634
HEARTS SEVEN DIAMONDS SEVEN,0.2776,0.057,0.6654
HEARTS SIX DIAMONDS SEVEN,0.5284,0.028,0.4436
DIAMONDS SEVEN HEARTS NINE,0.544,0.022,0.434
HEARTS EIGHT DIAMONDS SEVEN,0.5338,0.027,0.4392
DIAMONDS JACK DIAMONDS SEVEN,0.3208,0.0176,0.6616
DIAMONDS FIVE HEARTS JACK,0.363,0.0192,0.6178
DIAMONDS TEN DIAMONDS SEVEN,0.2074,0.2886,0.504
HEARTS TEN DIAMONDS FIVE,0.2132,0.4584,0.3284
SPADES KING CLUBS TWO,0.2392,0.0306,0.7302
HEARTS KING CLUBS KING,0.1212,0.0086,0.8702
CLUBS EIGHT DIAMONDS SEVEN,0.5374,0.029,0.4336
SPADES QUEEN CLUBS TWO,0.237,0.0358,0.7272
HEARTS KING CLUBS QUEEN,0.2932,0.006,0.7008
CLUBS NINE DIAMONDS SEVEN,0.5432,0.028,0.4288
CLUBS JACK SPADES TWO,0.2348,0.0518,0.7134
SPADES ACE CLUBS TWO,0.2344,0.018,0.7476
HEARTS KING CLUBS ACE,0.301,0.0054,0.6936
CLUBS SEVEN CLUBS SIX,0.5076,0.0296,0.4628
SPADES TWO CLUBS KING,0.238,0.0324,0.7296
SPADES TWO DIAMONDS SEVEN,0.6964,0.0742,0.2294
CLUBS EIGHT CLUBS SIX,0.528,0.0308,0.4412
SPADES THREE DIAMONDS SEVEN,0.5668,0.0294,0.4038
SPADES TWO CLUBS QUEEN,0.236,0.0382,0.7258
CLUBS NINE CLUBS SIX,0.5296,0.0266,0.4438
SPADES FOUR DIAMONDS SEVEN,0.5568,0.0332,0.41
CLUBS JACK HEARTS KING,0.2992,0.0092,0.6916
SPADES FIVE DIAMONDS SEVEN,0.5518,0.0256,0.4226
SPADES TWO CLUBS ACE,0.232,0.0166,0.7514
CLUBS SIX SPADES TWO,0.6804,0.068,0.2516
CLUBS SIX SPADES THREE,0.5726,0.034,0.3934
CLUBS TWO DIAMONDS SEVEN,0.6952,0.0686,0.2362
CLUBS SIX SPADES FOUR,0.5564,0.0326,0.411
CLUBS THREE DIAMONDS SEVEN,0.5748,0.0294,0.3958
CLUBS SIX SPADES FIVE,0.5558,0.0308,0.4134
CLUBS FOUR DIAMONDS SEVEN,0.5606,0.0304,0.409
CLUBS SIX SPADES SIX,0.2918,0.0522,0.656
CLUBS FIVE DIAMONDS SEVEN,0.5526,0.0282,0.4192
CLUBS SIX SPADES SEVEN,0.5288,0.0296,0.4416
CLUBS SIX DIAMONDS SEVEN,0.5486,0.0308,0.4206
CLUBS SIX SPADES EIGHT,0.5426,0.0294,0.428
SPADES JACK CLUBS TWO,0.2428,0.0518,0.7054
CLUBS SEVEN DIAMONDS SEVEN,0.2874,0.056,0.6566
SPADES NINE CLUBS SIX,0.548,0.028,0.424
SPADES TEN CLUBS TWO,0.0154,0.9754,0.0092
CLUBS TWO CLUBS QUEEN,0.2318,0.0388,0.7294
CLUBS TWO CLUBS KING,0.219,0.0242,0.7568
CLUBS THREE DIAMONDS EIGHT,0.5942,0.0288,0.377
CLUBS TWO CLUBS ACE,0.226,0.0144,0.7596
CLUBS TWO DIAMONDS EIGHT,0.686,0.0804,0.2336
HEARTS SEVEN DIAMONDS EIGHT,0.5176,0.0258,0.4566
HEARTS SIX DIAMONDS EIGHT,0.5428,0.025,0.4322
DIAMONDS EIGHT HEARTS NINE,0.5158,0.024,0.4602
DIAMONDS EIGHT HEARTS EIGHT,0.272,0.05,0.678
CLUBS JACK CLUBS TWO,0.2274,0.0524,0.7202
CLUBS NINE DIAMONDS EIGHT,0.5316,0.0308,0.4376
CLUBS EIGHT DIAMONDS EIGHT,0.275,0.0464,0.6786
CLUBS FIVE DIAMONDS EIGHT,0.5604,0.0272,0.4124
SPADES ACE SPADES THREE,0.3304,0.0048,0.6648
CLUBS FOUR DIAMONDS EIGHT,0.578,0.0266,0.3954
CLUBS SEVEN DIAMONDS EIGHT,0.5202,0.0254,0.4544
SPADES QUEEN SPADES THREE,0.3502,0.0122,0.6376
CLUBS SIX DIAMONDS EIGHT,0.5346,0.0248,0.4406
SPADES KING SPADES THREE,0.3374,0.0084,0.6542
DIAMONDS QUEEN DIAMONDS EIGHT,0.315,0.009,0.676
DIAMONDS KING DIAMONDS EIGHT,0.3358,0.0058,0.6584
HEARTS THREE DIAMONDS EIGHT,0.5742,0.0276,0.3982
DIAMONDS ACE DIAMONDS EIGHT,0.3294,0.005,0.6656
HEARTS FOUR DIAMONDS EIGHT,0.5718,0.0298,0.3984
HEARTS FIVE DIAMONDS EIGHT,0.5496,0.028,0.4224
DIAMONDS EIGHT DIAMONDS TEN,0.2192,0.2104,0.5704
DIAMONDS EIGHT DIAMONDS JACK,0.3134,0.017,0.6696
SPADES JACK SPADES THREE,0.3368,0.0192,0.644
SPADES TEN SPADES THREE,0.195,0.4982,0.3068
CLUBS FOUR HEARTS ACE,0.3432,0.0058,0.651
CLUBS FOUR HEARTS QUEEN,0.351,0.0116,0.6374
CLUBS FOUR HEARTS KING,0.3514,0.0078,0.6408
CLUBS SIX HEARTS TEN,0.2138,0.3734,0.4128
CLUBS SIX HEARTS JACK,0.3666,0.0198,0.6136
DIAMONDS EIGHT SPADES FOUR,0.5828,0.0256,0.3916
SPADES FIVE DIAMONDS EIGHT,0.5518,0.0276,0.4206
DIAMONDS EIGHT SPADES TWO,0.6816,0.0746,0.2438
DIAMONDS EIGHT SPADES THREE,0.5752,0.0326,0.3922
CLUBS FOUR HEARTS JACK,0.3574,0.0208,0.6218
SPADES EIGHT DIAMONDS EIGHT,0.2748,0.0394,0.6858
SPADES TEN DIAMONDS QUEEN,0.2254,0.0418,0.7328
SPADES JACK HEARTS EIGHT,0.3288,0.0188,0.6524
CLUBS FOUR HEARTS TEN,0.2086,0.5242,0.2672
SPADES NINE DIAMONDS EIGHT,0.5304,0.0246,0.445
SPADES TEN HEARTS EIGHT,0.217,0.224,0.559
SPADES JACK DIAMONDS QUEEN,0.2938,0.0092,0.697
SPADES SIX DIAMONDS EIGHT,0.5484,0.025,0.4266
SPADES SEVEN DIAMONDS EIGHT,0.514,0.0256,0.4604
SPADES ACE DIAMONDS QUEEN,0.3186,0.0052,0.6762
SPADES ACE HEARTS EIGHT,0.3628,0.0042,0.633
SPADES KING HEARTS EIGHT,0.3506,0.0082,0.6412
SPADES QUEEN DIAMONDS QUEEN,0.138,0.0144,0.8476
SPADES KING DIAMONDS QUEEN,0.318,0.0098,0.6722
SPADES QUEEN HEARTS EIGHT,0.3484,0.0112,0.6404
CLUBS TWO HEARTS TEN,0.007,0.983,0.01
CLUBS TWO HEARTS JACK,0.2378,0.058,0.7042
SPADES SEVEN DIAMONDS NINE,0.5428,0.0296,0.4276
SPADES SIX DIAMONDS NINE,0.5592,0.0294,0.4114
SPADES NINE DIAMONDS NINE,0.2726,0.0406,0.6868
SPADES EIGHT DIAMONDS NINE,0.534,0.0242,0.4418
SPADES TEN CLUBS KING,0.216,0.0324,0.7516
DIAMONDS NINE SPADES THREE,0.5806,0.029,0.3904
SPADES JACK CLUBS KING,0.3106,0.0084,0.681
DIAMONDS NINE SPADES TWO,0.6814,0.0812,0.2374
DIAMONDS NINE SPADES FIVE,0.5806,0.03,0.3894
DIAMONDS NINE SPADES FOUR,0.5812,0.0282,0.3906
CLUBS NINE DIAMONDS NINE,0.2728,0.0404,0.6868
CLUBS EIGHT DIAMONDS NINE,0.5228,0.022,0.4552
CLUBS SIX DIAMONDS NINE,0.5642,0.0298,0.406
SPADES JACK CLUBS FOUR,0.3552,0.0226,0.6222
CLUBS SEVEN DIAMONDS NINE,0.5354,0.0232,0.4414
SPADES TEN CLUBS FOUR,0.2326,0.511,0.2564
CLUBS FOUR DIAMONDS NINE,0.5846,0.0306,0.3848
CLUBS FIVE DIAMONDS NINE,0.565,0.0272,0.4078
DIAMONDS NINE CLUBS TWO,0.6906,0.0724,0.237
CLUBS THREE DIAMONDS NINE,0.5826,0.0288,0.3886
DIAMONDS NINE HEARTS EIGHT,0.5246,0.026,0.4494
DIAMONDS NINE HEARTS NINE,0.2672,0.0368,0.696
HEARTS SIX DIAMONDS NINE,0.5392,0.029,0.4318
HEARTS SEVEN DIAMONDS NINE,0.5398,0.0236,0.4366
CLUBS NINE CLUBS EIGHT,0.5026,0.0266,0.4708
DIAMONDS ACE DIAMONDS NINE,0.331,0.0042,0.6648
HEARTS FOUR DIAMONDS NINE,0.591,0.0224,0.3866
HEARTS FIVE DIAMONDS NINE,0.5628,0.0252,0.412
HEARTS ACE CLUBS TWO,0.2384,0.016,0.7456
SPADES ACE CLUBS FOUR,0.3496,0.0042,0.6462
DIAMONDS QUEEN DIAMONDS NINE,0.3322,0.0078,0.66
CLUBS TWO HEARTS KING,0.2288,0.0288,0.7424
SPADES KING CLUBS FOUR,0.3608,0.007,0.6322
DIAMONDS KING DIAMONDS NINE,0.329,0.006,0.665
HEARTS THREE DIAMONDS NINE,0.5852,0.0252,0.3896
CLUBS TWO HEARTS QUEEN,0.2326,0.0422,0.7252
SPADES QUEEN CLUBS FOUR,0.3614,0.014,0.6246
DIAMONDS NINE DIAMONDS JACK,0.3084,0.0168,0.6748
CLUBS EIGHT SPADES NINE,0.535,0.0244,0.4406
DIAMONDS NINE DIAMONDS TEN,0.206,0.1566,0.6374
CLUBS EIGHT SPADES EIGHT,0.269,0.0434,0.6876
CLUBS EIGHT SPADES SEVEN,0.5444,0.0258,0.4298
CLUBS EIGHT SPADES SIX,0.5384,0.028,0.4336
CLUBS EIGHT SPADES FIVE,0.5664,0.031,0.4026
CLUBS EIGHT SPADES FOUR,0.5704,0.0288,0.4008
CLUBS EIGHT SPADES THREE,0.5898,0.027,0.3832
CLUBS EIGHT SPADES TWO,0.6842,0.0772,0.2386
HEARTS SIX DIAMONDS TEN,0.2116,0.3804,0.408
HEARTS SEVEN DIAMONDS TEN,0.2076,0.2924,0.5
DIAMONDS TEN HEARTS EIGHT,0.2142,0.2188,0.567
CLUBS JACK CLUBS FOUR,0.3414,0.0204,0.6382
DIAMONDS TEN HEARTS NINE,0.219,0.1808,0.6002
CLUBS FOUR CLUBS KING,0.3392,0.0102,0.6506
CLUBS FOUR CLUBS QUEEN,0.3482,0.013,0.6388
CLUBS TWO DIAMONDS TEN,0.0162,0.9744,0.0094
CLUBS THREE DIAMONDS TEN,0.2154,0.525,0.2596
CLUBS FOUR CLUBS ACE,0.3364,0.0082,0.6554
DIAMONDS JACK DIAMONDS TEN,0.206,0.0572,0.7368
DIAMONDS QUEEN DIAMONDS TEN,0.2002,0.0442,0.7556
DIAMONDS KING DIAMONDS TEN,0.2044,0.0306,0.765
HEARTS THREE DIAMONDS TEN,0.2138,0.5218,0.2644
DIAMONDS ACE DIAMONDS TEN,0.2068,0.022,0.7712
HEARTS FOUR DIAMONDS TEN,0.2164,0.5206,0.263
CLUBS EIGHT HEARTS JACK,0.3354,0.0178,0.6468
HEARTS FIVE DIAMONDS TEN,0.2152,0.4686,0.3162
CLUBS EIGHT HEARTS TEN,0.2152,0.2422,0.5426
CLUBS EIGHT HEARTS QUEEN,0.3498,0.0136,0.6366
CLUBS EIGHT HEARTS KING,0.3536,0.006,0.6404
CLUBS EIGHT HEARTS ACE,0.3438,0.0056,0.6506
CLUBS NINE SPADES THREE,0.587,0.0296,0.3834
CLUBS NINE SPADES TWO,0.688,0.0792,0.2328
CLUBS NINE SPADES FIVE,0.5638,0.0276,0.4086
CLUBS NINE SPADES FOUR,0.5814,0.0272,0.3914
CLUBS NINE SPADES SEVEN,0.5398,0.0274,0.4328
CLUBS NINE SPADES SIX,0.5494,0.0262,0.4244
CLUBS NINE SPADES NINE,0.2686,0.0426,0.6888
CLUBS NINE SPADES EIGHT,0.533,0.0246,0.4424
CLUBS JACK HEARTS EIGHT,0.3204,0.0198,0.6598
HEARTS EIGHT CLUBS QUEEN,0.3432,0.0116,0.6452
CLUBS KING HEARTS EIGHT,0.3568,0.0098,0.6334
CLUBS ACE HEARTS EIGHT,0.3362,0.0048,0.659
SPADES KING CLUBS KING,0.1316,0.0088,0.8596
SPADES QUEEN CLUBS KING,0.3058,0.0064,0.6878
SPADES ACE CLUBS KING,0.3044,0.007,0.6886
DIAMONDS ACE HEARTS TEN,0.2124,0.0264,0.7612
HEARTS FOUR HEARTS TEN,0.2124,0.4934,0.2942
DIAMONDS ACE HEARTS JACK,0.3096,0.0036,0.6868
HEARTS FOUR HEARTS JACK,0.3392,0.018,0.6428
SPADES KING CLUBS FIVE,0.3578,0.0062,0.636
SPADES QUEEN CLUBS FIVE,0.3638,0.0132,0.623
SPADES ACE CLUBS FIVE,0.353,0.005,0.642
HEARTS SEVEN DIAMONDS JACK,0.3348,0.0162,0.649
HEARTS SIX DIAMONDS JACK,0.3522,0.0178,0.63
DIAMONDS JACK HEARTS NINE,0.3312,0.015,0.6538
DIAMONDS JACK HEARTS EIGHT,0.3348,0.0178,0.6474
DIAMONDS KING DIAMONDS JACK,0.293,0.0064,0.7006
HEARTS THREE DIAMONDS JACK,0.3488,0.019,0.6322
SPADES ACE SPADES SIX,0.3372,0.006,0.6568
HEARTS ACE SPADES FOUR,0.3366,0.0054,0.658
DIAMONDS QUEEN DIAMONDS JACK,0.2802,0.0124,0.7074
HEARTS FIVE DIAMONDS JACK,0.354,0.017,0.629
SPADES QUEEN SPADES SIX,0.3522,0.0128,0.635
SPADES FOUR HEARTS QUEEN,0.3566,0.014,0.6294
DIAMONDS ACE DIAMONDS JACK,0.3056,0.0042,0.6902
HEARTS FOUR DIAMONDS JACK,0.363,0.0198,0.6172
SPADES KING SPADES SIX,0.3472,0.0058,0.647
SPADES FOUR HEARTS KING,0.3534,0.0074,0.6392
SPADES TEN SPADES SIX,0.2092,0.3604,0.4304
SPADES JACK SPADES SIX,0.3266,0.0142,0.6592
SPADES FOUR DIAMONDS JACK,0.3462,0.0188,0.635
SPADES FIVE DIAMONDS JACK,0.3576,0.017,0.6254
DIAMONDS JACK SPADES TWO,0.2362,0.0582,0.7056
DIAMONDS JACK SPADES THREE,0.372,0.0172,0.6108
SPADES ACE DIAMONDS THREE,0.3512,0.0042,0.6446
SPADES QUEEN DIAMONDS THREE,0.3596,0.011,0.6294
CLUBS EIGHT DIAMONDS JACK,0.3358,0.0208,0.6434
SPADES KING DIAMONDS THREE,0.3444,0.0066,0.649
CLUBS NINE DIAMONDS JACK,0.3206,0.0204,0.659
CLUBS SIX DIAMONDS JACK,0.346,0.0186,0.6354
CLUBS SEVEN DIAMONDS JACK,0.3534,0.0192,0.6274
CLUBS FOUR DIAMONDS JACK,0.3464,0.0182,0.6354
CLUBS FIVE DIAMONDS JACK,0.3684,0.0188,0.6128
CLUBS TWO DIAMONDS JACK,0.2414,0.054,0.7046
CLUBS THREE DIAMONDS JACK,0.3568,0.0176,0.6256
SPADES TEN CLUBS FIVE,0.2156,0.467,0.3174
SPADES JACK HEARTS SIX,0.354,0.0182,0.6278
HEARTS SIX SPADES TEN,0.2182,0.38,0.4018
SPADES JACK CLUBS FIVE,0.368,0.0168,0.6152
SPADES JACK DIAMONDS THREE,0.367,0.0174,0.6156
CLUBS SEVEN CLUBS ACE,0.3416,0.0044,0.654
DIAMONDS THREE SPADES TEN,0.2274,0.5196,0.253
CLUBS SEVEN CLUBS QUEEN,0.3316,0.0118,0.6566
CLUBS SEVEN CLUBS KING,0.3392,0.0086,0.6522
SPADES NINE DIAMONDS JACK,0.3246,0.0154,0.66
DIAMONDS ACE HEARTS ACE,0.1238,0.0048,0.8714
HEARTS FOUR HEARTS ACE,0.3274,0.0052,0.6674
SPADES EIGHT DIAMONDS JACK,0.3442,0.0158,0.64
SPADES ACE HEARTS SIX,0.3524,0.0054,0.6422
CLUBS JACK CLUBS SEVEN,0.3248,0.017,0.6582
DIAMONDS ACE HEARTS KING,0.32,0.0038,0.6762
HEARTS FOUR HEARTS KING,0.3292,0.0092,0.6616
SPADES SEVEN DIAMONDS JACK,0.3382,0.0144,0.6474
SPADES KING HEARTS SIX,0.3688,0.009,0.6222
DIAMONDS ACE HEARTS QUEEN,0.3094,0.0038,0.6868
HEARTS FOUR HEARTS QUEEN,0.341,0.0082,0.6508
SPADES QUEEN HEARTS SIX,0.3664,0.011,0.6226
SPADES SIX DIAMONDS JACK,0.3538,0.0174,0.6288
DIAMONDS TEN SPADES TWO,0.0222,0.9576,0.0202
SPADES THREE DIAMONDS TEN,0.2094,0.5242,0.2664
SPADES FOUR DIAMONDS TEN,0.2254,0.5082,0.2664
SPADES FIVE DIAMONDS TEN,0.2302,0.4458,0.324
SPADES SIX DIAMONDS TEN,0.2208,0.3726,0.4066
SPADES SEVEN DIAMONDS TEN,0.221,0.2892,0.4898
SPADES EIGHT DIAMONDS TEN,0.2348,0.218,0.5472
SPADES NINE DIAMONDS TEN,0.2244,0.1698,0.6058
CLUBS FOUR DIAMONDS TEN,0.2244,0.5226,0.253
CLUBS FIVE DIAMONDS TEN,0.2216,0.4598,0.3186
CLUBS SIX DIAMONDS TEN,0.2292,0.3758,0.395
CLUBS SEVEN DIAMONDS TEN,0.2062,0.3076,0.4862
CLUBS EIGHT DIAMONDS TEN,0.2116,0.2306,0.5578
CLUBS NINE DIAMONDS TEN,0.2312,0.1686,0.6002
CLUBS JACK DIAMONDS THREE,0.3398,0.0198,0.6404
DIAMONDS THREE CLUBS KING,0.3614,0.0114,0.6272
DIAMONDS THREE CLUBS QUEEN,0.3648,0.0142,0.621
DIAMONDS THREE CLUBS ACE,0.3444,0.0056,0.65
SPADES FOUR HEARTS JACK,0.3576,0.0206,0.6218
SPADES FOUR HEARTS TEN,0.2052,0.5268,0.268
SPADES FIVE SPADES TWO,0.6066,0.0776,0.3158
SPADES FOUR SPADES TWO,0.6218,0.067,0.3112
SPADES THREE SPADES TWO,0.6306,0.071,0.2984
SPADES NINE SPADES TWO,0.651,0.0698,0.2792
SPADES EIGHT SPADES TWO,0.64,0.076,0.284
SPADES SEVEN SPADES TWO,0.6442,0.0712,0.2846
SPADES SIX SPADES TWO,0.642,0.07,0.288
DIAMONDS QUEEN CLUBS THREE,0.3656,0.0134,0.621
DIAMONDS QUEEN CLUBS TWO,0.242,0.0402,0.7178
HEARTS SEVEN DIAMONDS QUEEN,0.3448,0.0148,0.6404
HEARTS SIX DIAMONDS QUEEN,0.3656,0.0104,0.624
DIAMONDS QUEEN HEARTS NINE,0.3344,0.0122,0.6534
DIAMONDS QUEEN HEARTS EIGHT,0.3524,0.0094,0.6382
CLUBS NINE DIAMONDS QUEEN,0.333,0.0098,0.6572
CLUBS EIGHT DIAMONDS QUEEN,0.353,0.01,0.637
CLUBS FIVE DIAMONDS QUEEN,0.3608,0.0104,0.6288
SPADES EIGHT HEARTS ACE,0.3436,0.0038,0.6526
DIAMONDS QUEEN CLUBS FOUR,0.3608,0.012,0.6272
CLUBS SEVEN DIAMONDS QUEEN,0.3618,0.0124,0.6258
SPADES EIGHT HEARTS QUEEN,0.3464,0.0118,0.6418
CLUBS SIX DIAMONDS QUEEN,0.357,0.0148,0.6282
SPADES EIGHT HEARTS KING,0.3516,0.0072,0.6412
DIAMONDS QUEEN SPADES SIX,0.3592,0.012,0.6288
HEARTS FOUR CLUBS QUEEN,0.3514,0.0134,0.6352
DIAMONDS ACE CLUBS QUEEN,0.311,0.0046,0.6844
DIAMONDS QUEEN SPADES SEVEN,0.357,0.0096,0.6334
HEARTS FOUR CLUBS KING,0.346,0.0104,0.6436
DIAMONDS ACE CLUBS KING,0.306,0.0062,0.6878
DIAMONDS QUEEN SPADES EIGHT,0.3532,0.011,0.6358
HEARTS FOUR CLUBS ACE,0.332,0.0058,0.6622
DIAMONDS ACE CLUBS ACE,0.1182,0.0042,0.8776
SPADES NINE DIAMONDS QUEEN,0.3344,0.0096,0.656
DIAMONDS QUEEN SPADES TWO,0.241,0.0382,0.7208
DIAMONDS QUEEN SPADES THREE,0.3686,0.0134,0.618
DIAMONDS QUEEN SPADES FOUR,0.3518,0.0118,0.6364
DIAMONDS QUEEN SPADES FIVE,0.365,0.0126,0.6224
CLUBS JACK HEARTS FOUR,0.3382,0.0198,0.642
CLUBS JACK DIAMONDS ACE,0.3086,0.0052,0.6862
CLUBS FIVE CLUBS KING,0.3466,0.0072,0.6462
CLUBS FIVE CLUBS QUEEN,0.3298,0.0146,0.6556
CLUBS FIVE CLUBS ACE,0.33,0.0074,0.6626
CLUBS JACK CLUBS FIVE,0.335,0.0194,0.6456
SPADES KING CLUBS JACK,0.3132,0.0066,0.6802
CLUBS JACK SPADES QUEEN,0.3048,0.0114,0.6838
SPADES ACE CLUBS JACK,0.304,0.0052,0.6908
SPADES SIX CLUBS KING,0.3588,0.0076,0.6336
SPADES SIX CLUBS QUEEN,0.3574,0.0124,0.6302
SPADES EIGHT HEARTS JACK,0.3408,0.0164,0.6428
SPADES SIX CLUBS ACE,0.3652,0.0056,0.6292
SPADES EIGHT HEARTS TEN,0.2212,0.2218,0.557
CLUBS JACK SPADES SIX,0.3466,0.0212,0.6322
CLUBS JACK SPADES TEN,0.208,0.0564,0.7356
CLUBS JACK SPADES JACK,0.1404,0.0226,0.837
SPADES QUEEN CLUBS SEVEN,0.3574,0.0114,0.6312
SPADES KING CLUBS SEVEN,0.3668,0.0072,0.626
SPADES ACE CLUBS SEVEN,0.36,0.0064,0.6336
SPADES SIX HEARTS TEN,0.2102,0.3796,0.4102
SPADES SIX HEARTS JACK,0.3574,0.0148,0.6278
SPADES SIX HEARTS ACE,0.3582,0.004,0.6378
SPADES SIX HEARTS KING,0.3532,0.0086,0.6382
SPADES SIX HEARTS QUEEN,0.3582,0.013,0.6288
CLUBS SEVEN SPADES JACK,0.35,0.0198,0.6302
CLUBS SEVEN SPADES TEN,0.2316,0.298,0.4704
CLUBS JACK HEARTS SIX,0.363,0.0178,0.6192
CLUBS JACK CLUBS ACE,0.2894,0.006,0.7046
HEARTS SIX CLUBS QUEEN,0.3482,0.0132,0.6386
HEARTS SIX CLUBS KING,0.3552,0.0066,0.6382
HEARTS SIX CLUBS ACE,0.3524,0.005,0.6426
CLUBS JACK CLUBS QUEEN,0.2772,0.0108,0.712
CLUBS JACK CLUBS KING,0.2856,0.0084,0.706
DIAMONDS THREE HEARTS ACE,0.3416,0.006,0.6524
DIAMONDS THREE HEARTS QUEEN,0.3712,0.011,0.6178
DIAMONDS THREE HEARTS KING,0.3682,0.0102,0.6216
CLUBS FIVE HEARTS JACK,0.3522,0.0222,0.6256
SPADES TEN DIAMONDS ACE,0.2264,0.0226,0.751
HEARTS FOUR SPADES TEN,0.2144,0.524,0.2616
CLUBS FIVE HEARTS TEN,0.218,0.4686,0.3134
HEARTS FOUR SPADES JACK,0.3588,0.0182,0.623
SPADES JACK DIAMONDS ACE,0.3076,0.0038,0.6886
SPADES ACE HEARTS FOUR,0.348,0.0034,0.6486
SPADES ACE DIAMONDS ACE,0.1274,0.0034,0.8692
CLUBS FIVE HEARTS ACE,0.3588,0.0074,0.6338
CLUBS FIVE HEARTS KING,0.3536,0.008,0.6384
HEARTS FOUR SPADES QUEEN,0.368,0.013,0.619
SPADES QUEEN DIAMONDS ACE,0.3132,0.0036,0.6832
CLUBS JACK SPADES FOUR,0.3632,0.0202,0.6166
CLUBS FIVE HEARTS QUEEN,0.3526,0.0118,0.6356
SPADES KING DIAMONDS ACE,0.3256,0.005,0.6694
SPADES KING HEARTS FOUR,0.3506,0.0076,0.6418
DIAMONDS QUEEN DIAMONDS ACE,0.2984,0.005,0.6966
HEARTS FOUR DIAMONDS QUEEN,0.358,0.0098,0.6322
DIAMONDS THREE HEARTS TEN,0.2092,0.5348,0.256
SPADES FOUR CLUBS KING,0.3696,0.0076,0.6228
HEARTS FIVE DIAMONDS QUEEN,0.3448,0.017,0.6382
DIAMONDS THREE HEARTS JACK,0.3432,0.0206,0.6362
SPADES FOUR CLUBS QUEEN,0.3666,0.0116,0.6218
DIAMONDS KING DIAMONDS QUEEN,0.294,0.007,0.699
DIAMONDS QUEEN HEARTS THREE,0.3518,0.0126,0.6356
SPADES FOUR CLUBS ACE,0.3456,0.007,0.6474
DIAMONDS QUEEN CLUBS ACE,0.3276,0.0038,0.6686
DIAMONDS QUEEN CLUBS QUEEN,0.1308,0.0206,0.8486
DIAMONDS QUEEN CLUBS KING,0.3042,0.0072,0.6886
SPADES EIGHT SPADES FIVE,0.5196,0.029,0.4514
SPADES NINE SPADES FIVE,0.5266,0.0262,0.4472
CLUBS JACK DIAMONDS QUEEN,0.2988,0.0136,0.6876
SPADES SIX SPADES FIVE,0.5076,0.0298,0.4626
SPADES SEVEN SPADES FIVE,0.5122,0.0292,0.4586
DIAMONDS FIVE CLUBS QUEEN,0.3526,0.0138,0.6336
SPADES EIGHT CLUBS ACE,0.346,0.0052,0.6488
DIAMONDS FIVE CLUBS KING,0.3612,0.0088,0.63
SPADES EIGHT CLUBS KING,0.3574,0.0066,0.636
DIAMONDS FIVE CLUBS ACE,0.3416,0.006,0.6524
SPADES EIGHT CLUBS QUEEN,0.334,0.0112,0.6548
CLUBS JACK SPADES EIGHT,0.3236,0.0176,0.6588
CLUBS JACK DIAMONDS FIVE,0.3582,0.0212,0.6206
DIAMONDS TEN HEARTS JACK,0.2122,0.0498,0.738
DIAMONDS TEN HEARTS TEN,0.074,0.0564,0.8696
SPADES ACE CLUBS NINE,0.3592,0.0044,0.6364
CLUBS NINE SPADES QUEEN,0.3508,0.0118,0.6374
CLUBS NINE SPADES KING,0.3442,0.0084,0.6474
HEARTS SIX HEARTS KING,0.3374,0.0072,0.6554
DIAMONDS KING SPADES SEVEN,0.3658,0.0066,0.6276
HEARTS THREE SPADES SEVEN,0.57,0.026,0.404
SPADES KING DIAMONDS SEVEN,0.3732,0.009,0.6178
HEARTS SIX HEARTS QUEEN,0.3474,0.0126,0.64
SPADES QUEEN DIAMONDS SEVEN,0.3506,0.01,0.6394
HEARTS THREE SPADES SIX,0.5596,0.0318,0.4086
DIAMONDS KING SPADES SIX,0.3594,0.0058,0.6348
DIAMONDS KING SPADES NINE,0.3404,0.0078,0.6518
SPADES NINE HEARTS THREE,0.584,0.0246,0.3914
HEARTS SIX HEARTS ACE,0.3396,0.004,0.6564
DIAMONDS KING SPADES EIGHT,0.372,0.0076,0.6204
SPADES EIGHT HEARTS THREE,0.6076,0.0246,0.3678
SPADES ACE DIAMONDS SEVEN,0.346,0.003,0.651
CLUBS NINE HEARTS THREE,0.581,0.0292,0.3898
CLUBS NINE DIAMONDS KING,0.3514,0.0084,0.6402
CLUBS EIGHT HEARTS THREE,0.5862,0.0276,0.3862
CLUBS EIGHT DIAMONDS KING,0.3592,0.006,0.6348
HEARTS THREE SPADES THREE,0.298,0.0692,0.6328
DIAMONDS KING SPADES THREE,0.3644,0.0092,0.6264
HEARTS THREE SPADES TWO,0.6552,0.0778,0.267
DIAMONDS KING SPADES TWO,0.2424,0.0268,0.7308
HEARTS THREE SPADES FIVE,0.574,0.0278,0.3982
DIAMONDS KING SPADES FIVE,0.3644,0.0096,0.626
HEARTS THREE SPADES FOUR,0.5534,0.0346,0.412
DIAMONDS KING SPADES FOUR,0.357,0.0086,0.6344
DIAMONDS KING CLUBS TWO,0.2516,0.0322,0.7162
HEARTS THREE CLUBS TWO,0.6782,0.0754,0.2464
