opposingHand,winningChance,drawChance,lostChance
CLUBS SIX CLUBS TWO
HEARTS FIVE SPADES TEN,0.4058,0.027,0.5672
SPADES JACK HEARTS FIVE,0.3926,0.0182,0.5892
CLUBS JACK SPADES FIVE,0.3918,0.0192,0.589
CLUBS TEN SPADES FIVE,0.3844,0.0314,0.5842
CLUBS JACK CLUBS EIGHT,0.3202,0.0164,0.6634
CLUBS TEN CLUBS EIGHT,0.3204,0.0252,0.6544
CLUBS EIGHT CLUBS KING,0.3144,0.0074,0.6782
SPADES FIVE CLUBS ACE,0.368,0.0056,0.6264
CLUBS EIGHT CLUBS QUEEN,0.3248,0.0136,0.6616
SPADES FIVE CLUBS KING,0.3832,0.0102,0.6066
SPADES FIVE CLUBS QUEEN,0.3832,0.0142,0.6026
CLUBS EIGHT CLUBS ACE,0.3152,0.0068,0.678
DIAMONDS TWO DIAMONDS THREE,0.4732,0.2524,0.2744
DIAMONDS TWO DIAMONDS FIVE,0.4748,0.24,0.2852
SPADES KING HEARTS FIVE,0.3992,0.0092,0.5916
DIAMONDS TWO DIAMONDS FOUR,0.482,0.2426,0.2754
SPADES QUEEN HEARTS FIVE,0.3998,0.0142,0.586
DIAMONDS TWO DIAMONDS SEVEN,0.2758,0.177,0.5472
DIAMONDS TWO DIAMONDS SIX,0.076,0.851,0.073
SPADES ACE HEARTS FIVE,0.3668,0.0052,0.628
DIAMONDS TWO DIAMONDS NINE,0.2814,0.0886,0.63
DIAMONDS TWO DIAMONDS EIGHT,0.274,0.135,0.591
DIAMONDS THREE DIAMONDS FOUR,0.4296,0.147,0.4234
DIAMONDS THREE DIAMONDS FIVE,0.4438,0.1454,0.4108
DIAMONDS THREE DIAMONDS EIGHT,0.3848,0.0572,0.558
DIAMONDS THREE DIAMONDS NINE,0.3868,0.046,0.5672
DIAMONDS THREE DIAMONDS SIX,0.2552,0.4506,0.2942
DIAMONDS THREE DIAMONDS SEVEN,0.3612,0.0962,0.5426
CLUBS TEN CLUBS JACK,0.298,0.0192,0.6828
DIAMONDS FOUR DIAMONDS SIX,0.2548,0.4326,0.3126
CLUBS TEN CLUBS QUEEN,0.326,0.0096,0.6644
DIAMONDS FOUR DIAMONDS SEVEN,0.362,0.0904,0.5476
CLUBS TEN CLUBS KING,0.314,0.0082,0.6778
CLUBS TEN CLUBS ACE,0.3152,0.0072,0.6776
DIAMONDS FIVE DIAMONDS FOUR,0.4392,0.1454,0.4154
DIAMONDS NINE DIAMONDS FOUR,0.3822,0.0418,0.576
DIAMONDS EIGHT DIAMONDS FOUR,0.367,0.0624,0.5706
DIAMONDS NINE DIAMONDS FIVE,0.372,0.0386,0.5894
CLUBS JACK DIAMONDS TWO,0.2764,0.0516,0.672
DIAMONDS EIGHT DIAMONDS FIVE,0.354,0.06,0.586
CLUBS TEN DIAMONDS TWO,0.2842,0.0682,0.6476
DIAMONDS FIVE DIAMONDS SEVEN,0.3528,0.091,0.5562
DIAMONDS FIVE DIAMONDS SIX,0.2468,0.3946,0.3586
DIAMONDS TWO CLUBS ACE,0.2564,0.0164,0.7272
DIAMONDS TWO CLUBS KING,0.2736,0.0266,0.6998
DIAMONDS TWO CLUBS QUEEN,0.2802,0.041,0.6788
DIAMONDS EIGHT DIAMONDS SIX,0.2738,0.1324,0.5938
DIAMONDS NINE DIAMONDS SIX,0.2626,0.1086,0.6288
HEARTS ACE SPADES THREE,0.398,0.0054,0.5966
HEARTS KING SPADES THREE,0.3876,0.009,0.6034
DIAMONDS SEVEN DIAMONDS SIX,0.2526,0.1774,0.57
SPADES THREE HEARTS QUEEN,0.4092,0.0144,0.5764
HEARTS JACK SPADES THREE,0.3946,0.0186,0.5868
SPADES THREE HEARTS TEN,0.421,0.0248,0.5542
DIAMONDS EIGHT DIAMONDS SEVEN,0.3158,0.0554,0.6288
DIAMONDS NINE DIAMONDS SEVEN,0.3342,0.0432,0.6226
DIAMONDS NINE DIAMONDS EIGHT,0.334,0.034,0.632
DIAMONDS KING HEARTS TEN,0.381,0.0064,0.6126
HEARTS THREE HEARTS TEN,0.3806,0.0268,0.5926
DIAMONDS KING HEARTS JACK,0.375,0.0092,0.6158
HEARTS THREE HEARTS JACK,0.3862,0.0182,0.5956
SPADES JACK SPADES FIVE,0.3546,0.0182,0.6272
SPADES TEN SPADES FIVE,0.3786,0.0236,0.5978
DIAMONDS KING HEARTS ACE,0.3758,0.007,0.6172
HEARTS THREE HEARTS ACE,0.3448,0.0044,0.6508
DIAMONDS KING HEARTS QUEEN,0.383,0.0052,0.6118
HEARTS THREE HEARTS QUEEN,0.3736,0.0132,0.6132
DIAMONDS KING HEARTS KING,0.1782,0.0164,0.8054
HEARTS THREE HEARTS KING,0.3846,0.0092,0.6062
SPADES NINE HEARTS TEN,0.3666,0.0262,0.6072
SPADES NINE HEARTS JACK,0.3722,0.0158,0.612
SPADES QUEEN SPADES FIVE,0.3704,0.013,0.6166
SPADES KING SPADES FIVE,0.3724,0.0082,0.6194
SPADES ACE SPADES FIVE,0.3478,0.007,0.6452
SPADES NINE HEARTS QUEEN,0.3752,0.0108,0.614
SPADES NINE HEARTS KING,0.376,0.009,0.615
SPADES NINE HEARTS ACE,0.376,0.0032,0.6208
CLUBS TEN SPADES JACK,0.352,0.0144,0.6336
CLUBS TEN SPADES TEN,0.1704,0.056,0.7736
SPADES ACE CLUBS TEN,0.3642,0.0048,0.631
CLUBS TEN SPADES KING,0.3622,0.0068,0.631
CLUBS TEN SPADES QUEEN,0.3616,0.0116,0.6268
SPADES FIVE HEARTS QUEEN,0.4012,0.0138,0.585
HEARTS KING SPADES FIVE,0.3942,0.0084,0.5974
SPADES FIVE HEARTS ACE,0.363,0.0032,0.6338
CLUBS EIGHT SPADES TEN,0.346,0.028,0.626
HEARTS THREE SPADES JACK,0.4048,0.0214,0.5738
SPADES JACK DIAMONDS KING,0.3778,0.007,0.6152
SPADES TEN DIAMONDS KING,0.3722,0.0064,0.6214
HEARTS THREE SPADES TEN,0.3892,0.03,0.5808
CLUBS EIGHT SPADES JACK,0.3604,0.0182,0.6214
SPADES ACE CLUBS EIGHT,0.3518,0.0032,0.645
CLUBS JACK HEARTS FIVE,0.3932,0.0212,0.5856
CLUBS TEN HEARTS FIVE,0.389,0.0264,0.5846
SPADES QUEEN CLUBS EIGHT,0.3638,0.0116,0.6246
CLUBS TEN SPADES THREE,0.3846,0.036,0.5794
SPADES KING CLUBS EIGHT,0.3496,0.007,0.6434
CLUBS JACK SPADES THREE,0.3766,0.024,0.5994
DIAMONDS TWO HEARTS JACK,0.2884,0.0486,0.663
SPADES THREE CLUBS QUEEN,0.3876,0.0144,0.598
DIAMONDS TWO HEARTS TEN,0.2894,0.0686,0.642
SPADES THREE CLUBS KING,0.3922,0.011,0.5968
HEARTS FIVE CLUBS ACE,0.3704,0.0068,0.6228
SPADES FIVE HEARTS TEN,0.396,0.0292,0.5748
SPADES THREE CLUBS ACE,0.3764,0.0062,0.6174
HEARTS FIVE CLUBS KING,0.3814,0.0094,0.6092
SPADES FIVE HEARTS JACK,0.3924,0.0212,0.5864
HEARTS FIVE CLUBS QUEEN,0.3878,0.0132,0.599
HEARTS THREE CLUBS KING,0.3708,0.0078,0.6214
DIAMONDS KING CLUBS KING,0.1648,0.022,0.8132
HEARTS THREE CLUBS QUEEN,0.3952,0.0148,0.59
DIAMONDS KING CLUBS QUEEN,0.3602,0.0092,0.6306
HEARTS FIVE HEARTS JACK,0.3656,0.0202,0.6142
HEARTS FIVE HEARTS TEN,0.3818,0.0254,0.5928
HEARTS THREE CLUBS ACE,0.3654,0.0052,0.6294
DIAMONDS KING CLUBS ACE,0.3586,0.005,0.6364
SPADES ACE CLUBS QUEEN,0.3728,0.0054,0.6218
SPADES KING CLUBS QUEEN,0.3544,0.006,0.6396
CLUBS JACK HEARTS THREE,0.3766,0.0186,0.6048
CLUBS JACK DIAMONDS KING,0.3578,0.0086,0.6336
SPADES QUEEN CLUBS QUEEN,0.1644,0.031,0.8046
CLUBS TEN HEARTS THREE,0.3898,0.0312,0.579
CLUBS TEN DIAMONDS KING,0.3554,0.0096,0.635
SPADES JACK CLUBS QUEEN,0.3624,0.009,0.6286
SPADES TEN CLUBS QUEEN,0.3494,0.013,0.6376
HEARTS FIVE HEARTS KING,0.374,0.0088,0.6172
HEARTS FIVE HEARTS QUEEN,0.3718,0.0122,0.616
HEARTS FIVE HEARTS ACE,0.3616,0.005,0.6334
SPADES SEVEN HEARTS JACK,0.372,0.0196,0.6084
SPADES SEVEN HEARTS TEN,0.3696,0.0266,0.6038
DIAMONDS TWO CLUBS THREE,0.4918,0.2702,0.238
HEARTS SIX DIAMONDS TWO,0.0716,0.9064,0.022
DIAMONDS TWO HEARTS QUEEN,0.3054,0.0334,0.6612
DIAMONDS TWO HEARTS SEVEN,0.3034,0.1834,0.5132
DIAMONDS TWO HEARTS KING,0.302,0.021,0.677
DIAMONDS TWO HEARTS EIGHT,0.295,0.133,0.572
DIAMONDS TWO HEARTS ACE,0.2738,0.0124,0.7138
DIAMONDS TWO HEARTS NINE,0.2938,0.0966,0.6096
DIAMONDS TWO DIAMONDS QUEEN,0.2948,0.0298,0.6754
DIAMONDS TWO HEARTS TWO,0.2886,0.099,0.6124
DIAMONDS TWO DIAMONDS KING,0.2838,0.024,0.6922
HEARTS THREE DIAMONDS TWO,0.495,0.269,0.236
DIAMONDS TWO DIAMONDS ACE,0.2614,0.015,0.7236
HEARTS FOUR DIAMONDS TWO,0.5094,0.2574,0.2332
DIAMONDS TWO HEARTS FIVE,0.499,0.2626,0.2384
SPADES SEVEN HEARTS ACE,0.3782,0.0034,0.6184
DIAMONDS TWO DIAMONDS TEN,0.2818,0.0646,0.6536
SPADES SEVEN HEARTS KING,0.3702,0.0066,0.6232
DIAMONDS TWO DIAMONDS JACK,0.2672,0.0506,0.6822
SPADES SEVEN HEARTS QUEEN,0.3716,0.0108,0.6176
DIAMONDS TWO SPADES NINE,0.2804,0.0952,0.6244
DIAMONDS TWO SPADES EIGHT,0.2866,0.1322,0.5812
DIAMONDS TWO SPADES SEVEN,0.2762,0.1864,0.5374
DIAMONDS TWO SPADES SIX,0.0732,0.9016,0.0252
DIAMONDS TWO SPADES FIVE,0.514,0.244,0.242
DIAMONDS TWO SPADES FOUR,0.508,0.2498,0.2422
DIAMONDS TWO SPADES THREE,0.506,0.2602,0.2338
DIAMONDS TWO SPADES TWO,0.2832,0.094,0.6228
DIAMONDS TWO CLUBS NINE,0.278,0.0948,0.6272
CLUBS EIGHT DIAMONDS TWO,0.2794,0.1316,0.589
DIAMONDS TWO CLUBS SEVEN,0.2762,0.1854,0.5384
DIAMONDS TWO CLUBS FIVE,0.4878,0.2716,0.2406
DIAMONDS TWO CLUBS FOUR,0.4896,0.2686,0.2418
CLUBS FOUR SPADES FIVE,0.4518,0.1456,0.4026
CLUBS FOUR SPADES FOUR,0.2818,0.1244,0.5938
CLUBS FOUR SPADES THREE,0.4538,0.1656,0.3806
CLUBS FOUR SPADES TWO,0.4974,0.262,0.2406
SPADES NINE CLUBS FOUR,0.3882,0.039,0.5728
SPADES EIGHT CLUBS FOUR,0.3704,0.0616,0.568
SPADES SEVEN CLUBS FOUR,0.3642,0.097,0.5388
CLUBS FOUR SPADES SIX,0.2446,0.4794,0.276
SPADES ACE DIAMONDS SIX,0.2862,0.0286,0.6852
SPADES QUEEN DIAMONDS SIX,0.2882,0.044,0.6678
SPADES KING DIAMONDS SIX,0.2878,0.0414,0.6708
SPADES TEN DIAMONDS SIX,0.2778,0.0784,0.6438
SPADES JACK DIAMONDS SIX,0.2984,0.0574,0.6442
SPADES QUEEN SPADES TWO,0.2872,0.0316,0.6812
SPADES KING SPADES TWO,0.2848,0.0274,0.6878
SPADES ACE SPADES TWO,0.263,0.0126,0.7244
CLUBS JACK DIAMONDS JACK,0.1544,0.0496,0.796
CLUBS TEN DIAMONDS JACK,0.3562,0.0112,0.6326
DIAMONDS JACK CLUBS KING,0.3526,0.0052,0.6422
DIAMONDS JACK CLUBS QUEEN,0.3534,0.0116,0.635
DIAMONDS THREE DIAMONDS JACK,0.363,0.018,0.619
DIAMONDS THREE DIAMONDS TEN,0.3804,0.0314,0.5882
DIAMONDS JACK CLUBS ACE,0.3552,0.0052,0.6396
DIAMONDS THREE DIAMONDS KING,0.374,0.008,0.618
HEARTS THREE DIAMONDS THREE,0.2726,0.1264,0.601
DIAMONDS THREE DIAMONDS QUEEN,0.3742,0.013,0.6128
DIAMONDS THREE HEARTS TWO,0.5164,0.2512,0.2324
HEARTS FIVE DIAMONDS THREE,0.4772,0.1448,0.378
DIAMONDS THREE DIAMONDS ACE,0.3608,0.004,0.6352
HEARTS FOUR DIAMONDS THREE,0.4606,0.1528,0.3866
DIAMONDS THREE HEARTS SEVEN,0.391,0.101,0.508
SPADES TEN SPADES NINE,0.3444,0.0198,0.6358
HEARTS SIX DIAMONDS THREE,0.2596,0.4894,0.251
SPADES JACK SPADES NINE,0.3476,0.0172,0.6352
DIAMONDS THREE HEARTS NINE,0.405,0.0462,0.5488
HEARTS JACK DIAMONDS FOUR,0.4022,0.0168,0.581
HEARTS KING HEARTS ACE,0.3492,0.0038,0.647
SPADES TEN SPADES TWO,0.2768,0.0668,0.6564
DIAMONDS THREE HEARTS EIGHT,0.407,0.0646,0.5284
HEARTS TEN DIAMONDS FOUR,0.4016,0.0322,0.5662
SPADES JACK SPADES TWO,0.2806,0.0398,0.6796
HEARTS QUEEN DIAMONDS FOUR,0.3952,0.0134,0.5914
HEARTS KING DIAMONDS FOUR,0.4114,0.0062,0.5824
SPADES ACE SPADES NINE,0.357,0.0048,0.6382
HEARTS ACE DIAMONDS FOUR,0.385,0.0054,0.6096
SPADES KING SPADES NINE,0.3526,0.0082,0.6392
SPADES QUEEN SPADES NINE,0.3572,0.0116,0.6312
DIAMONDS THREE SPADES NINE,0.3922,0.0418,0.566
DIAMONDS THREE SPADES EIGHT,0.4042,0.0622,0.5336
DIAMONDS THREE SPADES SEVEN,0.3906,0.1032,0.5062
DIAMONDS THREE SPADES SIX,0.2722,0.4654,0.2624
CLUBS ACE DIAMONDS FOUR,0.37,0.0068,0.6232
DIAMONDS THREE CLUBS SEVEN,0.369,0.0988,0.5322
CLUBS FIVE CLUBS SEVEN,0.3018,0.1038,0.5944
DIAMONDS THREE CLUBS FOUR,0.4702,0.1556,0.3742
DIAMONDS FOUR CLUBS QUEEN,0.3838,0.0132,0.603
DIAMONDS THREE CLUBS FIVE,0.4674,0.1486,0.384
DIAMONDS FOUR CLUBS KING,0.3874,0.0106,0.602
CLUBS TEN DIAMONDS FOUR,0.3854,0.031,0.5836
DIAMONDS THREE CLUBS THREE,0.2674,0.143,0.5896
CLUBS JACK DIAMONDS FOUR,0.3772,0.0194,0.6034
DIAMONDS THREE SPADES FOUR,0.4838,0.1538,0.3624
DIAMONDS THREE SPADES FIVE,0.4672,0.15,0.3828
DIAMONDS THREE SPADES TWO,0.5028,0.2576,0.2396
DIAMONDS THREE SPADES THREE,0.2754,0.1364,0.5882
CLUBS EIGHT DIAMONDS THREE,0.3966,0.0692,0.5342
CLUBS NINE DIAMONDS THREE,0.3982,0.0438,0.558
SPADES SEVEN CLUBS ACE,0.3434,0.005,0.6516
SPADES SEVEN CLUBS QUEEN,0.355,0.0148,0.6302
SPADES SEVEN CLUBS KING,0.3614,0.0096,0.629
CLUBS FIVE SPADES SEVEN,0.3556,0.0952,0.5492
CLUBS TEN SPADES SEVEN,0.3532,0.0234,0.6234
CLUBS FIVE SPADES SIX,0.2464,0.4438,0.3098
CLUBS JACK SPADES SEVEN,0.349,0.0198,0.6312
CLUBS FIVE SPADES NINE,0.3714,0.0444,0.5842
CLUBS FIVE SPADES EIGHT,0.3666,0.0682,0.5652
CLUBS FIVE SPADES THREE,0.4814,0.1468,0.3718
CLUBS FIVE SPADES TWO,0.4956,0.266,0.2384
CLUBS FIVE SPADES FIVE,0.259,0.1298,0.6112
CLUBS FIVE SPADES FOUR,0.449,0.1434,0.4076
CLUBS NINE CLUBS FIVE,0.3294,0.0418,0.6288
CLUBS EIGHT CLUBS FIVE,0.321,0.0642,0.6148
CLUBS ACE CLUBS QUEEN,0.3128,0.0084,0.6788
CLUBS KING CLUBS QUEEN,0.3146,0.0086,0.6768
DIAMONDS TEN DIAMONDS FOUR,0.3792,0.0256,0.5952
CLUBS TEN DIAMONDS NINE,0.358,0.0276,0.6144
DIAMONDS JACK DIAMONDS FOUR,0.3758,0.0226,0.6016
CLUBS JACK DIAMONDS NINE,0.356,0.0168,0.6272
CLUBS JACK SPADES NINE,0.354,0.02,0.626
CLUBS TEN SPADES NINE,0.3446,0.0214,0.634
DIAMONDS ACE DIAMONDS FOUR,0.37,0.0044,0.6256
HEARTS FOUR DIAMONDS FOUR,0.2666,0.1322,0.6012
DIAMONDS JACK HEARTS TEN,0.3682,0.015,0.6168
SPADES NINE CLUBS KING,0.3598,0.007,0.6332
DIAMONDS TWO SPADES TEN,0.2952,0.0706,0.6342
DIAMONDS NINE CLUBS ACE,0.36,0.0058,0.6342
HEARTS FIVE DIAMONDS FOUR,0.4444,0.1596,0.396
HEARTS JACK DIAMONDS JACK,0.1774,0.0484,0.7742
SPADES NINE CLUBS QUEEN,0.3648,0.0118,0.6234
DIAMONDS TWO SPADES JACK,0.2898,0.0512,0.659
DIAMONDS QUEEN DIAMONDS FOUR,0.3906,0.0126,0.5968
HEARTS TWO DIAMONDS FOUR,0.5068,0.2504,0.2428
DIAMONDS NINE CLUBS QUEEN,0.3658,0.012,0.6222
DIAMONDS KING DIAMONDS FOUR,0.3796,0.0116,0.6088
HEARTS THREE DIAMONDS FOUR,0.4708,0.162,0.3672
SPADES NINE CLUBS ACE,0.3566,0.0058,0.6376
DIAMONDS NINE CLUBS KING,0.3584,0.009,0.6326
HEARTS ACE DIAMONDS JACK,0.3756,0.0044,0.62
SPADES ACE DIAMONDS TWO,0.2766,0.0128,0.7106
DIAMONDS JACK HEARTS QUEEN,0.3762,0.0094,0.6144
SPADES QUEEN DIAMONDS TWO,0.302,0.0334,0.6646
HEARTS KING DIAMONDS JACK,0.3712,0.005,0.6238
SPADES KING DIAMONDS TWO,0.2988,0.026,0.6752
SPADES JACK SPADES SEVEN,0.3502,0.015,0.6348
SPADES TEN SPADES SEVEN,0.343,0.021,0.636
CLUBS SEVEN CLUBS THREE,0.3256,0.0996,0.5748
CLUBS FIVE CLUBS THREE,0.4498,0.1594,0.3908
CLUBS THREE CLUBS FOUR,0.4662,0.1534,0.3804
CLUBS NINE CLUBS THREE,0.3374,0.0452,0.6174
CLUBS EIGHT CLUBS THREE,0.3526,0.0696,0.5778
CLUBS THREE SPADES FIVE,0.4592,0.1514,0.3894
CLUBS THREE SPADES FOUR,0.4728,0.1542,0.373
CLUBS THREE SPADES THREE,0.2678,0.14,0.5922
CLUBS THREE SPADES TWO,0.5058,0.2486,0.2456
CLUBS THREE SPADES SIX,0.2578,0.4766,0.2656
CLUBS THREE SPADES SEVEN,0.3776,0.103,0.5194
SPADES EIGHT CLUBS THREE,0.3976,0.0674,0.535
SPADES NINE CLUBS THREE,0.3868,0.0432,0.57
SPADES TWO DIAMONDS FOUR,0.518,0.254,0.228
SPADES THREE DIAMONDS FOUR,0.4782,0.1426,0.3792
SPADES FOUR DIAMONDS FOUR,0.2746,0.1418,0.5836
SPADES FIVE DIAMONDS FOUR,0.4556,0.1574,0.387
SPADES SIX DIAMONDS FOUR,0.2756,0.4558,0.2686
SPADES SEVEN DIAMONDS FOUR,0.3698,0.1,0.5302
SPADES EIGHT DIAMONDS FOUR,0.3924,0.0648,0.5428
SPADES NINE DIAMONDS FOUR,0.4036,0.044,0.5524
CLUBS FIVE DIAMONDS FOUR,0.4512,0.144,0.4048
CLUBS FOUR DIAMONDS FOUR,0.2624,0.1366,0.601
CLUBS SEVEN DIAMONDS FOUR,0.3562,0.104,0.5398
CLUBS NINE DIAMONDS FOUR,0.3906,0.0444,0.565
CLUBS EIGHT DIAMONDS FOUR,0.3852,0.0622,0.5526
DIAMONDS FOUR HEARTS SEVEN,0.3728,0.1018,0.5254
HEARTS SIX DIAMONDS FOUR,0.2536,0.465,0.2814
HEARTS NINE DIAMONDS FOUR,0.4088,0.0414,0.5498
DIAMONDS FOUR HEARTS EIGHT,0.3936,0.0634,0.543
CLUBS THREE DIAMONDS FOUR,0.4618,0.1528,0.3854
DIAMONDS TEN DIAMONDS FIVE,0.3746,0.027,0.5984
DIAMONDS JACK DIAMONDS FIVE,0.3766,0.0192,0.6042
DIAMONDS NINE HEARTS QUEEN,0.3856,0.0104,0.604
HEARTS KING DIAMONDS NINE,0.3744,0.0068,0.6188
DIAMONDS NINE HEARTS ACE,0.377,0.0038,0.6192
DIAMONDS NINE HEARTS TEN,0.3612,0.0232,0.6156
DIAMONDS NINE HEARTS JACK,0.3722,0.0156,0.6122
CLUBS KING DIAMONDS SIX,0.2674,0.0422,0.6904
CLUBS QUEEN DIAMONDS SIX,0.2638,0.0518,0.6844
CLUBS ACE DIAMONDS SIX,0.2682,0.0258,0.706
SPADES KING DIAMONDS FOUR,0.3882,0.0088,0.603
SPADES ACE SPADES SEVEN,0.3498,0.0056,0.6446
SPADES QUEEN DIAMONDS FOUR,0.396,0.0134,0.5906
SPADES QUEEN SPADES SEVEN,0.3482,0.0108,0.641
CLUBS JACK DIAMONDS SIX,0.2642,0.06,0.6758
SPADES KING SPADES SEVEN,0.3496,0.0078,0.6426
SPADES ACE DIAMONDS FOUR,0.3766,0.003,0.6204
CLUBS TEN DIAMONDS SIX,0.268,0.0774,0.6546
CLUBS NINE CLUBS FOUR,0.3462,0.0476,0.6062
CLUBS EIGHT CLUBS FOUR,0.3338,0.0662,0.6
SPADES JACK DIAMONDS FOUR,0.3998,0.0184,0.5818
SPADES TEN DIAMONDS FOUR,0.3934,0.0258,0.5808
CLUBS FIVE CLUBS FOUR,0.4284,0.1636,0.408
CLUBS SEVEN CLUBS FOUR,0.3202,0.1018,0.578
CLUBS SEVEN SPADES EIGHT,0.346,0.0576,0.5964
SPADES NINE CLUBS SEVEN,0.3412,0.0406,0.6182
CLUBS SEVEN SPADES SIX,0.239,0.1834,0.5776
CLUBS SEVEN SPADES SEVEN,0.1682,0.102,0.7298
CLUBS SEVEN SPADES FIVE,0.3464,0.0952,0.5584
CLUBS SEVEN SPADES FOUR,0.3568,0.102,0.5412
CLUBS SEVEN SPADES THREE,0.3748,0.0974,0.5278
CLUBS SEVEN SPADES TWO,0.265,0.1946,0.5404
CLUBS NINE CLUBS SEVEN,0.3002,0.0466,0.6532
CLUBS EIGHT CLUBS SEVEN,0.2998,0.0692,0.631
HEARTS SIX DIAMONDS FIVE,0.25,0.4164,0.3336
DIAMONDS FIVE HEARTS SEVEN,0.3584,0.0968,0.5448
DIAMONDS FIVE HEARTS EIGHT,0.3776,0.0678,0.5546
HEARTS NINE DIAMONDS FIVE,0.3906,0.0438,0.5656
DIAMONDS QUEEN DIAMONDS FIVE,0.3768,0.0124,0.6108
HEARTS TWO DIAMONDS FIVE,0.508,0.2568,0.2352
HEARTS KING HEARTS EIGHT,0.3564,0.009,0.6346
DIAMONDS KING DIAMONDS FIVE,0.3588,0.0072,0.634
HEARTS THREE DIAMONDS FIVE,0.4636,0.1526,0.3838
HEARTS QUEEN HEARTS EIGHT,0.3476,0.012,0.6404
DIAMONDS ACE DIAMONDS FIVE,0.3578,0.007,0.6352
HEARTS FOUR DIAMONDS FIVE,0.4538,0.1522,0.394
HEARTS FIVE DIAMONDS FIVE,0.2612,0.1246,0.6142
HEARTS ACE HEARTS EIGHT,0.3442,0.0048,0.651
CLUBS FOUR DIAMONDS FIVE,0.4498,0.1524,0.3978
CLUBS FIVE DIAMONDS FIVE,0.254,0.127,0.619
CLUBS SEVEN DIAMONDS FIVE,0.348,0.1004,0.5516
CLUBS THREE DIAMONDS FIVE,0.4516,0.1604,0.388
SPADES THREE DIAMONDS FIVE,0.4722,0.1576,0.3702
SPADES TWO DIAMONDS FIVE,0.514,0.2398,0.2462
SPADES JACK DIAMONDS EIGHT,0.372,0.018,0.61
SPADES FIVE DIAMONDS FIVE,0.255,0.1316,0.6134
CLUBS TEN HEARTS JACK,0.3468,0.0152,0.638
SPADES TEN DIAMONDS EIGHT,0.3642,0.0244,0.6114
SPADES FOUR DIAMONDS FIVE,0.4536,0.1542,0.3922
CLUBS JACK HEARTS JACK,0.1676,0.0446,0.7878
HEARTS JACK CLUBS QUEEN,0.3534,0.0112,0.6354
CLUBS NINE DIAMONDS FIVE,0.3722,0.0482,0.5796
CLUBS EIGHT DIAMONDS FIVE,0.3652,0.0636,0.5712
HEARTS JACK CLUBS KING,0.356,0.006,0.638
HEARTS JACK CLUBS ACE,0.353,0.0058,0.6412
SPADES SEVEN DIAMONDS FIVE,0.3688,0.0998,0.5314
SPADES KING DIAMONDS EIGHT,0.3732,0.0068,0.62
SPADES QUEEN DIAMONDS EIGHT,0.3668,0.0094,0.6238
SPADES SIX DIAMONDS FIVE,0.2506,0.424,0.3254
SPADES NINE DIAMONDS FIVE,0.3892,0.0392,0.5716
SPADES EIGHT DIAMONDS FIVE,0.373,0.061,0.566
SPADES ACE DIAMONDS EIGHT,0.365,0.0042,0.6308
DIAMONDS TEN DIAMONDS SIX,0.273,0.0728,0.6542
HEARTS ACE DIAMONDS SEVEN,0.369,0.0034,0.6276
DIAMONDS JACK DIAMONDS SIX,0.273,0.0536,0.6734
HEARTS QUEEN DIAMONDS SEVEN,0.3802,0.0116,0.6082
HEARTS KING DIAMONDS SEVEN,0.3676,0.0056,0.6268
DIAMONDS ACE DIAMONDS SIX,0.2716,0.0288,0.6996
HEARTS FOUR DIAMONDS SIX,0.257,0.4674,0.2756
HEARTS JACK SPADES TWO,0.299,0.0474,0.6536
HEARTS FIVE DIAMONDS SIX,0.2632,0.423,0.3138
SPADES TWO HEARTS TEN,0.3072,0.06,0.6328
DIAMONDS QUEEN DIAMONDS SIX,0.2674,0.05,0.6826
HEARTS TWO DIAMONDS SIX,0.0696,0.91,0.0204
DIAMONDS KING DIAMONDS SIX,0.2632,0.0408,0.696
HEARTS THREE DIAMONDS SIX,0.267,0.4736,0.2594
HEARTS EIGHT DIAMONDS SIX,0.2964,0.1324,0.5712
HEARTS NINE DIAMONDS SIX,0.2802,0.1104,0.6094
HEARTS SIX DIAMONDS SIX,0.117,0.1078,0.7752
HEARTS SEVEN DIAMONDS SIX,0.2648,0.1732,0.562
HEARTS TEN DIAMONDS SEVEN,0.3592,0.0248,0.616
HEARTS JACK DIAMONDS SEVEN,0.3732,0.0188,0.608
CLUBS THREE DIAMONDS SIX,0.2446,0.495,0.2604
CLUBS SEVEN DIAMONDS SIX,0.2344,0.192,0.5736
CLUBS JACK DIAMONDS EIGHT,0.3624,0.02,0.6176
CLUBS TEN DIAMONDS EIGHT,0.3546,0.0262,0.6192
CLUBS FIVE DIAMONDS SIX,0.2426,0.425,0.3324
CLUBS FOUR DIAMONDS SIX,0.239,0.4852,0.2758
HEARTS ACE HEARTS JACK,0.3496,0.0046,0.6458
DIAMONDS EIGHT CLUBS ACE,0.361,0.0078,0.6312
HEARTS JACK HEARTS QUEEN,0.3538,0.0092,0.637
DIAMONDS EIGHT CLUBS KING,0.3448,0.0068,0.6484
CLUBS NINE DIAMONDS SIX,0.263,0.1066,0.6304
HEARTS KING HEARTS JACK,0.3586,0.0084,0.633
CLUBS EIGHT DIAMONDS SIX,0.2578,0.1476,0.5946
DIAMONDS EIGHT CLUBS QUEEN,0.3606,0.0108,0.6286
SPADES TEN HEARTS KING,0.3738,0.007,0.6192
SPADES FIVE DIAMONDS SIX,0.252,0.4276,0.3204
HEARTS ACE SPADES TWO,0.2702,0.0128,0.717
SPADES JACK HEARTS KING,0.379,0.0072,0.6138
SPADES FOUR DIAMONDS SIX,0.2606,0.4616,0.2778
SPADES THREE DIAMONDS SIX,0.2554,0.4874,0.2572
HEARTS QUEEN SPADES TWO,0.303,0.0346,0.6624
SPADES ACE SPADES KING,0.3476,0.0048,0.6476
HEARTS KING SPADES TWO,0.2956,0.0246,0.6798
SPADES TWO DIAMONDS SIX,0.0722,0.9038,0.024
HEARTS TEN HEARTS EIGHT,0.341,0.0232,0.6358
SPADES NINE DIAMONDS SIX,0.2768,0.1142,0.609
HEARTS JACK HEARTS EIGHT,0.354,0.018,0.628
SPADES EIGHT DIAMONDS SIX,0.2776,0.1446,0.5778
SPADES SEVEN DIAMONDS SIX,0.2634,0.1916,0.545
SPADES SIX DIAMONDS SIX,0.1152,0.1106,0.7742
SPADES KING HEARTS KING,0.176,0.02,0.804
SPADES QUEEN HEARTS KING,0.3738,0.0068,0.6194
CLUBS ACE CLUBS KING,0.327,0.0054,0.6676
SPADES ACE HEARTS KING,0.37,0.0024,0.6276
SPADES ACE HEARTS JACK,0.3766,0.0036,0.6198
SPADES QUEEN HEARTS JACK,0.387,0.0084,0.6046
SPADES KING HEARTS JACK,0.3742,0.006,0.6198
SPADES TEN DIAMONDS TEN,0.1742,0.0586,0.7672
SPADES JACK DIAMONDS TEN,0.3626,0.0152,0.6222
SPADES ACE DIAMONDS TEN,0.3672,0.0032,0.6296
SPADES JACK HEARTS JACK,0.1824,0.0426,0.775
SPADES TEN HEARTS JACK,0.35,0.014,0.636
SPADES QUEEN DIAMONDS TEN,0.3648,0.0096,0.6256
SPADES KING DIAMONDS TEN,0.3628,0.0048,0.6324
SPADES NINE DIAMONDS SEVEN,0.3458,0.0438,0.6104
SPADES EIGHT DIAMONDS SEVEN,0.3544,0.0616,0.584
SPADES SEVEN DIAMONDS SEVEN,0.1794,0.1002,0.7204
SPADES SIX DIAMONDS SEVEN,0.2666,0.1702,0.5632
DIAMONDS KING DIAMONDS SEVEN,0.3658,0.0098,0.6244
HEARTS THREE DIAMONDS SEVEN,0.3904,0.0942,0.5154
HEARTS KING DIAMONDS FIVE,0.3988,0.0096,0.5916
DIAMONDS QUEEN DIAMONDS SEVEN,0.3512,0.009,0.6398
HEARTS TWO DIAMONDS SEVEN,0.2994,0.1698,0.5308
HEARTS QUEEN DIAMONDS FIVE,0.4104,0.0134,0.5762
HEARTS FIVE DIAMONDS SEVEN,0.3784,0.0898,0.5318
DIAMONDS ACE DIAMONDS SEVEN,0.3574,0.005,0.6376
HEARTS FOUR DIAMONDS SEVEN,0.3722,0.0974,0.5304
HEARTS ACE DIAMONDS FIVE,0.395,0.0044,0.6006
HEARTS SEVEN DIAMONDS SEVEN,0.1784,0.092,0.7296
HEARTS SIX DIAMONDS SEVEN,0.261,0.1872,0.5518
HEARTS NINE DIAMONDS SEVEN,0.3574,0.0396,0.603
DIAMONDS SEVEN HEARTS EIGHT,0.3506,0.0582,0.5912
DIAMONDS JACK DIAMONDS SEVEN,0.3512,0.019,0.6298
HEARTS JACK DIAMONDS FIVE,0.4102,0.0228,0.567
DIAMONDS TEN DIAMONDS SEVEN,0.348,0.0268,0.6252
DIAMONDS FIVE HEARTS TEN,0.4024,0.03,0.5676
CLUBS EIGHT DIAMONDS SEVEN,0.328,0.0572,0.6148
HEARTS KING CLUBS KING,0.1588,0.021,0.8202
HEARTS KING CLUBS QUEEN,0.352,0.007,0.641
CLUBS NINE DIAMONDS SEVEN,0.3374,0.0428,0.6198
CLUBS JACK SPADES TWO,0.2866,0.0518,0.6616
CLUBS TEN SPADES TWO,0.2766,0.0682,0.6552
HEARTS KING CLUBS ACE,0.3474,0.0046,0.648
SPADES TWO CLUBS KING,0.285,0.0228,0.6922
SPADES TWO DIAMONDS SEVEN,0.2856,0.1826,0.5318
SPADES THREE DIAMONDS SEVEN,0.3956,0.0874,0.517
SPADES TWO CLUBS QUEEN,0.2836,0.0322,0.6842
SPADES FOUR DIAMONDS SEVEN,0.3818,0.1068,0.5114
CLUBS JACK HEARTS KING,0.3602,0.0066,0.6332
SPADES FIVE DIAMONDS SEVEN,0.3634,0.094,0.5426
SPADES TWO CLUBS ACE,0.2658,0.0114,0.7228
CLUBS TEN HEARTS KING,0.3578,0.0064,0.6358
CLUBS THREE DIAMONDS SEVEN,0.383,0.1008,0.5162
CLUBS FOUR DIAMONDS SEVEN,0.375,0.1044,0.5206
CLUBS FIVE DIAMONDS SEVEN,0.344,0.0918,0.5642
CLUBS SEVEN DIAMONDS SEVEN,0.1662,0.0962,0.7376
CLUBS THREE DIAMONDS EIGHT,0.3974,0.064,0.5386
DIAMONDS EIGHT HEARTS SEVEN,0.3528,0.0576,0.5896
HEARTS SIX DIAMONDS EIGHT,0.2734,0.1366,0.59
DIAMONDS EIGHT HEARTS NINE,0.3566,0.0386,0.6048
DIAMONDS EIGHT HEARTS EIGHT,0.1792,0.0948,0.726
CLUBS NINE DIAMONDS EIGHT,0.3362,0.0408,0.623
CLUBS EIGHT DIAMONDS EIGHT,0.1684,0.0874,0.7442
CLUBS FIVE DIAMONDS EIGHT,0.3696,0.068,0.5624
SPADES ACE SPADES THREE,0.355,0.0062,0.6388
CLUBS FOUR DIAMONDS EIGHT,0.3778,0.061,0.5612
CLUBS SEVEN DIAMONDS EIGHT,0.3406,0.061,0.5984
SPADES QUEEN SPADES THREE,0.3818,0.0152,0.603
SPADES KING SPADES THREE,0.384,0.0098,0.6062
DIAMONDS QUEEN DIAMONDS EIGHT,0.3518,0.0122,0.636
HEARTS TWO DIAMONDS EIGHT,0.299,0.1316,0.5694
DIAMONDS KING DIAMONDS EIGHT,0.3454,0.0066,0.648
HEARTS THREE DIAMONDS EIGHT,0.3934,0.072,0.5346
DIAMONDS ACE DIAMONDS EIGHT,0.3482,0.005,0.6468
HEARTS FOUR DIAMONDS EIGHT,0.3832,0.0674,0.5494
HEARTS FIVE DIAMONDS EIGHT,0.3704,0.061,0.5686
DIAMONDS EIGHT DIAMONDS TEN,0.3372,0.022,0.6408
DIAMONDS EIGHT DIAMONDS JACK,0.3504,0.0156,0.634
SPADES JACK SPADES THREE,0.3824,0.0186,0.599
SPADES TEN SPADES THREE,0.3938,0.0272,0.579
CLUBS FOUR HEARTS ACE,0.3648,0.0034,0.6318
CLUBS FOUR HEARTS QUEEN,0.3852,0.0148,0.6
CLUBS FOUR HEARTS KING,0.3842,0.0074,0.6084
DIAMONDS EIGHT SPADES FOUR,0.3938,0.0638,0.5424
SPADES FIVE DIAMONDS EIGHT,0.3844,0.0628,0.5528
DIAMONDS EIGHT SPADES TWO,0.2876,0.1302,0.5822
DIAMONDS EIGHT SPADES THREE,0.405,0.0664,0.5286
CLUBS FOUR HEARTS JACK,0.4002,0.0176,0.5822
SPADES EIGHT DIAMONDS EIGHT,0.1756,0.0834,0.741
SPADES TEN DIAMONDS QUEEN,0.3668,0.0112,0.622
SPADES TEN HEARTS TWO,0.3058,0.071,0.6232
SPADES JACK HEARTS EIGHT,0.364,0.0212,0.6148
CLUBS FOUR HEARTS TEN,0.3928,0.0242,0.583
SPADES NINE DIAMONDS EIGHT,0.345,0.0388,0.6162
SPADES TEN HEARTS EIGHT,0.3678,0.0224,0.6098
SPADES JACK HEARTS TWO,0.2908,0.0526,0.6566
SPADES JACK DIAMONDS QUEEN,0.3696,0.0088,0.6216
SPADES SIX DIAMONDS EIGHT,0.278,0.1422,0.5798
SPADES SEVEN DIAMONDS EIGHT,0.3418,0.0562,0.602
SPADES ACE HEARTS TWO,0.278,0.0116,0.7104
SPADES ACE DIAMONDS QUEEN,0.3872,0.0038,0.609
SPADES ACE HEARTS EIGHT,0.361,0.005,0.634
SPADES KING HEARTS EIGHT,0.3658,0.0064,0.6278
SPADES QUEEN HEARTS TWO,0.3028,0.038,0.6592
SPADES QUEEN DIAMONDS QUEEN,0.187,0.0328,0.7802
SPADES KING DIAMONDS QUEEN,0.3818,0.0056,0.6126
SPADES KING HEARTS TWO,0.2992,0.0242,0.6766
SPADES QUEEN HEARTS EIGHT,0.373,0.0136,0.6134
SPADES SEVEN DIAMONDS NINE,0.3446,0.0492,0.6062
SPADES SIX DIAMONDS NINE,0.2952,0.109,0.5958
SPADES NINE DIAMONDS NINE,0.1784,0.0702,0.7514
SPADES EIGHT DIAMONDS NINE,0.3582,0.0348,0.607
SPADES TEN CLUBS KING,0.3572,0.0068,0.636
DIAMONDS NINE SPADES THREE,0.4044,0.0424,0.5532
SPADES JACK CLUBS KING,0.3732,0.0068,0.62
DIAMONDS NINE SPADES TWO,0.293,0.0952,0.6118
DIAMONDS NINE SPADES FIVE,0.397,0.0348,0.5682
DIAMONDS NINE SPADES FOUR,0.3932,0.04,0.5668
CLUBS NINE DIAMONDS NINE,0.1582,0.0718,0.77
CLUBS EIGHT DIAMONDS NINE,0.3398,0.0354,0.6248
SPADES JACK CLUBS FOUR,0.383,0.0192,0.5978
CLUBS SEVEN DIAMONDS NINE,0.3352,0.045,0.6198
SPADES TEN CLUBS FOUR,0.391,0.0278,0.5812
CLUBS FOUR DIAMONDS NINE,0.3888,0.0448,0.5664
CLUBS FIVE DIAMONDS NINE,0.3816,0.0424,0.576
CLUBS THREE DIAMONDS NINE,0.395,0.0492,0.5558
DIAMONDS NINE HEARTS EIGHT,0.3566,0.0356,0.6078
DIAMONDS NINE HEARTS NINE,0.1786,0.0706,0.7508
HEARTS SIX DIAMONDS NINE,0.2904,0.1016,0.608
DIAMONDS NINE HEARTS SEVEN,0.3524,0.0362,0.6114
CLUBS EIGHT CLUBS NINE,0.2918,0.041,0.6672
DIAMONDS ACE DIAMONDS NINE,0.3558,0.0054,0.6388
HEARTS FOUR DIAMONDS NINE,0.4152,0.035,0.5498
HEARTS FIVE DIAMONDS NINE,0.3966,0.0458,0.5576
SPADES ACE CLUBS FOUR,0.3852,0.0074,0.6074
DIAMONDS QUEEN DIAMONDS NINE,0.3458,0.0112,0.643
HEARTS TWO DIAMONDS NINE,0.2904,0.0822,0.6274
SPADES KING CLUBS FOUR,0.3976,0.009,0.5934
DIAMONDS KING DIAMONDS NINE,0.3532,0.0102,0.6366
HEARTS THREE DIAMONDS NINE,0.3934,0.0444,0.5622
SPADES QUEEN CLUBS FOUR,0.4124,0.0126,0.575
DIAMONDS NINE DIAMONDS JACK,0.3418,0.0164,0.6418
CLUBS EIGHT SPADES NINE,0.3434,0.0362,0.6204
DIAMONDS NINE DIAMONDS TEN,0.3478,0.0224,0.6298
CLUBS EIGHT SPADES EIGHT,0.1618,0.0892,0.749
CLUBS EIGHT SPADES SEVEN,0.3218,0.062,0.6162
CLUBS EIGHT SPADES SIX,0.251,0.15,0.599
CLUBS EIGHT SPADES FIVE,0.3642,0.0676,0.5682
CLUBS EIGHT SPADES FOUR,0.378,0.065,0.557
CLUBS EIGHT SPADES THREE,0.3912,0.0634,0.5454
CLUBS EIGHT SPADES TWO,0.2708,0.1296,0.5996
HEARTS SIX DIAMONDS TEN,0.287,0.0796,0.6334
DIAMONDS TEN HEARTS SEVEN,0.3756,0.025,0.5994
DIAMONDS TEN HEARTS EIGHT,0.349,0.0294,0.6216
CLUBS JACK CLUBS FOUR,0.3496,0.0212,0.6292
DIAMONDS TEN HEARTS NINE,0.3608,0.0254,0.6138
CLUBS TEN CLUBS FOUR,0.3384,0.0304,0.6312
CLUBS FOUR CLUBS KING,0.3426,0.0096,0.6478
CLUBS FOUR CLUBS QUEEN,0.3562,0.0156,0.6282
CLUBS THREE DIAMONDS TEN,0.3932,0.0322,0.5746
CLUBS FOUR CLUBS ACE,0.335,0.0052,0.6598
DIAMONDS JACK DIAMONDS TEN,0.3414,0.0156,0.643
DIAMONDS QUEEN DIAMONDS TEN,0.3426,0.009,0.6484
HEARTS TWO DIAMONDS TEN,0.307,0.0672,0.6258
DIAMONDS KING DIAMONDS TEN,0.3514,0.005,0.6436
HEARTS THREE DIAMONDS TEN,0.4012,0.0286,0.5702
DIAMONDS ACE DIAMONDS TEN,0.3422,0.005,0.6528
HEARTS FOUR DIAMONDS TEN,0.4012,0.0262,0.5726
CLUBS EIGHT HEARTS JACK,0.3438,0.018,0.6382
HEARTS FIVE DIAMONDS TEN,0.3982,0.0318,0.57
CLUBS EIGHT HEARTS TEN,0.35,0.026,0.624
CLUBS EIGHT HEARTS QUEEN,0.3628,0.0102,0.627
CLUBS EIGHT HEARTS KING,0.3562,0.01,0.6338
CLUBS EIGHT HEARTS ACE,0.3602,0.0054,0.6344
CLUBS NINE SPADES THREE,0.3842,0.0454,0.5704
CLUBS NINE SPADES TWO,0.2718,0.0948,0.6334
CLUBS NINE SPADES FIVE,0.3716,0.0394,0.589
CLUBS NINE SPADES FOUR,0.3832,0.0446,0.5722
CLUBS NINE SPADES SEVEN,0.3374,0.0398,0.6228
CLUBS NINE SPADES SIX,0.2616,0.108,0.6304
CLUBS NINE SPADES NINE,0.1718,0.0766,0.7516
CLUBS TEN HEARTS EIGHT,0.3406,0.0294,0.63
CLUBS NINE SPADES EIGHT,0.3468,0.0388,0.6144
CLUBS JACK HEARTS EIGHT,0.3666,0.0164,0.617
CLUBS QUEEN HEARTS EIGHT,0.3676,0.0128,0.6196
CLUBS KING HEARTS EIGHT,0.3588,0.0064,0.6348
CLUBS ACE HEARTS EIGHT,0.3586,0.0056,0.6358
SPADES KING CLUBS KING,0.1686,0.0208,0.8106
SPADES QUEEN CLUBS KING,0.3618,0.0076,0.6306
SPADES ACE CLUBS KING,0.3572,0.006,0.6368
DIAMONDS ACE HEARTS TEN,0.3618,0.0034,0.6348
HEARTS FOUR HEARTS TEN,0.3822,0.0256,0.5922
DIAMONDS ACE HEARTS JACK,0.3654,0.0044,0.6302
HEARTS FOUR HEARTS JACK,0.3648,0.0174,0.6178
SPADES KING CLUBS FIVE,0.3958,0.0106,0.5936
SPADES QUEEN CLUBS FIVE,0.3888,0.0132,0.598
SPADES ACE CLUBS FIVE,0.3716,0.0058,0.6226
DIAMONDS JACK HEARTS SEVEN,0.374,0.0156,0.6104
HEARTS SIX DIAMONDS JACK,0.2812,0.06,0.6588
DIAMONDS JACK HEARTS NINE,0.369,0.0138,0.6172
DIAMONDS JACK HEARTS EIGHT,0.3782,0.0162,0.6056
DIAMONDS KING DIAMONDS JACK,0.3448,0.0078,0.6474
HEARTS THREE DIAMONDS JACK,0.4056,0.0222,0.5722
SPADES ACE SPADES SIX,0.2692,0.0244,0.7064
HEARTS ACE SPADES FOUR,0.3884,0.0026,0.609
DIAMONDS QUEEN DIAMONDS JACK,0.3424,0.008,0.6496
HEARTS TWO DIAMONDS JACK,0.2928,0.0472,0.66
HEARTS FIVE DIAMONDS JACK,0.3986,0.0152,0.5862
SPADES QUEEN SPADES SIX,0.2754,0.053,0.6716
SPADES FOUR HEARTS QUEEN,0.4036,0.0136,0.5828
DIAMONDS ACE DIAMONDS JACK,0.3632,0.0056,0.6312
HEARTS FOUR DIAMONDS JACK,0.4006,0.0204,0.579
SPADES KING SPADES SIX,0.2596,0.039,0.7014
HEARTS KING SPADES FOUR,0.3922,0.0096,0.5982
SPADES TEN SPADES SIX,0.2728,0.0722,0.655
SPADES JACK SPADES SIX,0.275,0.0594,0.6656
SPADES FOUR DIAMONDS JACK,0.3956,0.0184,0.586
SPADES FIVE DIAMONDS JACK,0.3992,0.019,0.5818
DIAMONDS JACK SPADES TWO,0.2948,0.0472,0.658
DIAMONDS JACK SPADES THREE,0.415,0.0202,0.5648
SPADES ACE DIAMONDS THREE,0.3872,0.0038,0.609
CLUBS EIGHT DIAMONDS JACK,0.355,0.017,0.628
SPADES QUEEN DIAMONDS THREE,0.4194,0.0122,0.5684
SPADES KING DIAMONDS THREE,0.4094,0.0114,0.5792
CLUBS NINE DIAMONDS JACK,0.3538,0.0168,0.6294
CLUBS SEVEN DIAMONDS JACK,0.3482,0.0174,0.6344
CLUBS FOUR DIAMONDS JACK,0.3824,0.0244,0.5932
CLUBS FIVE DIAMONDS JACK,0.389,0.021,0.59
CLUBS THREE DIAMONDS JACK,0.3926,0.0214,0.586
SPADES TEN CLUBS FIVE,0.3986,0.0312,0.5702
HEARTS SIX SPADES JACK,0.282,0.0612,0.6568
HEARTS SIX SPADES TEN,0.2866,0.0812,0.6322
SPADES JACK CLUBS FIVE,0.3924,0.023,0.5846
SPADES JACK DIAMONDS THREE,0.4044,0.0212,0.5744
CLUBS SEVEN CLUBS ACE,0.3106,0.0054,0.684
DIAMONDS THREE SPADES TEN,0.3944,0.031,0.5746
CLUBS SEVEN CLUBS QUEEN,0.3098,0.0132,0.677
CLUBS SEVEN CLUBS KING,0.3144,0.0112,0.6744
SPADES NINE DIAMONDS JACK,0.3676,0.0154,0.617
CLUBS TEN CLUBS SEVEN,0.311,0.0286,0.6604
DIAMONDS ACE HEARTS ACE,0.1778,0.0034,0.8188
HEARTS FOUR HEARTS ACE,0.3768,0.005,0.6182
SPADES EIGHT DIAMONDS JACK,0.3668,0.0156,0.6176
SPADES ACE HEARTS SIX,0.2748,0.0278,0.6974
CLUBS JACK CLUBS SEVEN,0.316,0.0176,0.6664
DIAMONDS ACE HEARTS KING,0.3752,0.0042,0.6206
HEARTS FOUR HEARTS KING,0.3782,0.009,0.6128
SPADES SEVEN DIAMONDS JACK,0.3722,0.0166,0.6112
SPADES KING HEARTS SIX,0.2826,0.0364,0.681
DIAMONDS ACE HEARTS QUEEN,0.3724,0.0048,0.6228
HEARTS FOUR HEARTS QUEEN,0.3786,0.0134,0.608
SPADES QUEEN HEARTS SIX,0.2788,0.0528,0.6684
SPADES SIX DIAMONDS JACK,0.2826,0.059,0.6584
DIAMONDS TEN SPADES TWO,0.2996,0.0688,0.6316
SPADES THREE DIAMONDS TEN,0.41,0.0292,0.5608
SPADES FOUR DIAMONDS TEN,0.3962,0.0294,0.5744
SPADES FIVE DIAMONDS TEN,0.4054,0.0278,0.5668
SPADES SIX DIAMONDS TEN,0.2836,0.086,0.6304
SPADES SEVEN DIAMONDS TEN,0.3668,0.0248,0.6084
SPADES EIGHT DIAMONDS TEN,0.3444,0.025,0.6306
SPADES NINE DIAMONDS TEN,0.367,0.0228,0.6102
CLUBS FOUR DIAMONDS TEN,0.3962,0.0304,0.5734
CLUBS FIVE DIAMONDS TEN,0.393,0.023,0.584
CLUBS SEVEN DIAMONDS TEN,0.3474,0.0274,0.6252
CLUBS EIGHT DIAMONDS TEN,0.3434,0.0246,0.632
CLUBS NINE DIAMONDS TEN,0.335,0.0252,0.6398
CLUBS JACK DIAMONDS THREE,0.4016,0.0204,0.578
CLUBS TEN DIAMONDS THREE,0.3862,0.031,0.5828
DIAMONDS THREE CLUBS KING,0.391,0.0092,0.5998
DIAMONDS THREE CLUBS QUEEN,0.3746,0.0184,0.607
DIAMONDS THREE CLUBS ACE,0.3682,0.006,0.6258
SPADES FOUR HEARTS JACK,0.398,0.0194,0.5826
SPADES FOUR HEARTS TEN,0.3974,0.0288,0.5738
SPADES FIVE SPADES TWO,0.4746,0.2472,0.2782
SPADES FOUR SPADES TWO,0.476,0.2454,0.2786
SPADES THREE SPADES TWO,0.4914,0.2404,0.2682
SPADES NINE SPADES TWO,0.2832,0.0926,0.6242
SPADES EIGHT SPADES TWO,0.2672,0.1324,0.6004
SPADES SEVEN SPADES TWO,0.274,0.1742,0.5518
SPADES SIX SPADES TWO,0.0716,0.857,0.0714
DIAMONDS QUEEN CLUBS THREE,0.4082,0.0124,0.5794
CLUBS THREE HEARTS TWO,0.4986,0.261,0.2404
DIAMONDS QUEEN HEARTS SEVEN,0.3842,0.0118,0.604
HEARTS TWO HEARTS SEVEN,0.27,0.1818,0.5482
HEARTS SIX DIAMONDS QUEEN,0.2898,0.0536,0.6566
HEARTS SIX HEARTS TWO,0.07,0.8596,0.0704
DIAMONDS QUEEN HEARTS NINE,0.378,0.0078,0.6142
HEARTS TWO HEARTS NINE,0.2724,0.093,0.6346
DIAMONDS QUEEN HEARTS EIGHT,0.3808,0.0106,0.6086
HEARTS TWO HEARTS EIGHT,0.2768,0.1262,0.597
CLUBS NINE HEARTS TWO,0.2776,0.1022,0.6202
CLUBS NINE DIAMONDS QUEEN,0.3706,0.0122,0.6172
CLUBS EIGHT DIAMONDS QUEEN,0.3582,0.012,0.6298
CLUBS EIGHT HEARTS TWO,0.2706,0.1432,0.5862
CLUBS FIVE DIAMONDS QUEEN,0.3896,0.0158,0.5946
CLUBS FIVE HEARTS TWO,0.5068,0.2588,0.2344
SPADES EIGHT HEARTS ACE,0.365,0.005,0.63
DIAMONDS QUEEN CLUBS FOUR,0.4032,0.0154,0.5814
HEARTS TWO CLUBS FOUR,0.5024,0.2576,0.24
CLUBS SEVEN DIAMONDS QUEEN,0.3586,0.0132,0.6282
CLUBS SEVEN HEARTS TWO,0.2792,0.1868,0.534
SPADES EIGHT HEARTS QUEEN,0.3672,0.0106,0.6222
SPADES EIGHT HEARTS KING,0.3842,0.0064,0.6094
HEARTS TWO SPADES SIX,0.0666,0.9136,0.0198
DIAMONDS QUEEN SPADES SIX,0.2824,0.0488,0.6688
HEARTS FOUR CLUBS QUEEN,0.3944,0.014,0.5916
DIAMONDS ACE CLUBS QUEEN,0.354,0.0044,0.6416
DIAMONDS QUEEN SPADES SEVEN,0.3862,0.0096,0.6042
HEARTS TWO SPADES SEVEN,0.3022,0.1766,0.5212
HEARTS FOUR CLUBS KING,0.3954,0.0074,0.5972
DIAMONDS ACE CLUBS KING,0.3538,0.0068,0.6394
DIAMONDS QUEEN SPADES EIGHT,0.3744,0.012,0.6136
SPADES EIGHT HEARTS TWO,0.312,0.1288,0.5592
HEARTS FOUR CLUBS ACE,0.364,0.0054,0.6306
DIAMONDS ACE CLUBS ACE,0.1622,0.0038,0.834
SPADES NINE DIAMONDS QUEEN,0.3826,0.0096,0.6078
SPADES NINE HEARTS TWO,0.291,0.0946,0.6144
HEARTS TWO SPADES TWO,0.2954,0.0882,0.6164
DIAMONDS QUEEN SPADES TWO,0.3016,0.0324,0.666
HEARTS TWO SPADES THREE,0.5054,0.2568,0.2378
DIAMONDS QUEEN SPADES THREE,0.41,0.0124,0.5776
HEARTS TWO SPADES FOUR,0.5144,0.2496,0.236
DIAMONDS QUEEN SPADES FOUR,0.393,0.013,0.594
CLUBS TEN HEARTS FOUR,0.387,0.0286,0.5844
CLUBS TEN DIAMONDS ACE,0.3632,0.0068,0.63
HEARTS TWO SPADES FIVE,0.5008,0.2628,0.2364
DIAMONDS QUEEN SPADES FIVE,0.4048,0.0148,0.5804
HEARTS FOUR CLUBS JACK,0.3832,0.0206,0.5962
CLUBS JACK DIAMONDS ACE,0.3578,0.0048,0.6374
CLUBS FIVE CLUBS KING,0.3282,0.0098,0.662
CLUBS FIVE CLUBS QUEEN,0.349,0.014,0.637
CLUBS FIVE CLUBS ACE,0.318,0.0084,0.6736
CLUBS JACK CLUBS FIVE,0.3404,0.02,0.6396
CLUBS TEN CLUBS FIVE,0.3458,0.0296,0.6246
SPADES KING CLUBS JACK,0.3662,0.006,0.6278
CLUBS JACK SPADES QUEEN,0.3578,0.0106,0.6316
SPADES ACE CLUBS JACK,0.3602,0.0056,0.6342
SPADES SIX CLUBS KING,0.276,0.0396,0.6844
SPADES SIX CLUBS QUEEN,0.2732,0.0496,0.6772
SPADES EIGHT HEARTS JACK,0.3728,0.0172,0.61
SPADES SIX CLUBS ACE,0.2718,0.0282,0.7
SPADES EIGHT HEARTS TEN,0.3578,0.0256,0.6166
CLUBS JACK SPADES SIX,0.2722,0.0654,0.6624
CLUBS TEN SPADES SIX,0.2578,0.0814,0.6608
CLUBS JACK SPADES TEN,0.3554,0.0136,0.631
CLUBS JACK SPADES JACK,0.1594,0.047,0.7936
SPADES QUEEN CLUBS SEVEN,0.3574,0.0164,0.6262
SPADES KING CLUBS SEVEN,0.3436,0.0116,0.6448
SPADES ACE CLUBS SEVEN,0.3562,0.005,0.6388
SPADES SIX HEARTS TEN,0.2712,0.0826,0.6462
SPADES SIX HEARTS JACK,0.2774,0.0614,0.6612
SPADES SIX HEARTS ACE,0.2814,0.031,0.6876
SPADES SIX HEARTS KING,0.2816,0.0368,0.6816
SPADES SIX HEARTS QUEEN,0.2852,0.0522,0.6626
SPADES JACK CLUBS SEVEN,0.3556,0.0198,0.6246
SPADES TEN CLUBS SEVEN,0.347,0.0262,0.6268
CLUBS TEN HEARTS SIX,0.2712,0.0844,0.6444
CLUBS JACK HEARTS SIX,0.2688,0.063,0.6682
CLUBS JACK CLUBS ACE,0.3154,0.0068,0.6778
HEARTS SIX CLUBS QUEEN,0.2554,0.054,0.6906
HEARTS SIX CLUBS KING,0.27,0.0438,0.6862
HEARTS SIX CLUBS ACE,0.2492,0.025,0.7258
CLUBS JACK CLUBS QUEEN,0.3144,0.0112,0.6744
CLUBS JACK CLUBS KING,0.3194,0.0086,0.672
DIAMONDS THREE HEARTS ACE,0.3918,0.0046,0.6036
DIAMONDS THREE HEARTS QUEEN,0.401,0.0114,0.5876
DIAMONDS THREE HEARTS KING,0.4044,0.01,0.5856
CLUBS FIVE HEARTS JACK,0.3794,0.0188,0.6018
SPADES TEN DIAMONDS ACE,0.3684,0.0036,0.628
HEARTS FOUR SPADES TEN,0.401,0.0282,0.5708
CLUBS FIVE HEARTS TEN,0.3996,0.0284,0.572
HEARTS FOUR SPADES JACK,0.4052,0.018,0.5768
SPADES JACK DIAMONDS ACE,0.3654,0.0028,0.6318
SPADES ACE HEARTS FOUR,0.3994,0.0046,0.596
SPADES ACE DIAMONDS ACE,0.1788,0.0036,0.8176
CLUBS FIVE HEARTS ACE,0.37,0.0048,0.6252
CLUBS FIVE HEARTS KING,0.389,0.0082,0.6028
HEARTS FOUR SPADES QUEEN,0.4046,0.0162,0.5792
SPADES QUEEN DIAMONDS ACE,0.3756,0.0058,0.6186
CLUBS JACK SPADES FOUR,0.379,0.0192,0.6018
CLUBS FIVE HEARTS QUEEN,0.3884,0.0116,0.6
SPADES KING DIAMONDS ACE,0.3802,0.0052,0.6146
HEARTS FOUR SPADES KING,0.3968,0.0112,0.592
CLUBS TEN SPADES FOUR,0.3858,0.0276,0.5866
DIAMONDS QUEEN DIAMONDS ACE,0.354,0.0062,0.6398
HEARTS TWO DIAMONDS ACE,0.2754,0.009,0.7156
HEARTS FOUR DIAMONDS QUEEN,0.4034,0.016,0.5806
HEARTS FOUR HEARTS TWO,0.474,0.2372,0.2888
DIAMONDS THREE HEARTS TEN,0.402,0.033,0.565
SPADES FOUR CLUBS KING,0.3956,0.0088,0.5956
HEARTS FIVE DIAMONDS QUEEN,0.3976,0.0092,0.5932
HEARTS FIVE HEARTS TWO,0.4832,0.2388,0.278
DIAMONDS THREE HEARTS JACK,0.3924,0.019,0.5886
SPADES FOUR CLUBS QUEEN,0.3932,0.0142,0.5926
DIAMONDS QUEEN HEARTS TWO,0.3106,0.0292,0.6602
DIAMONDS KING DIAMONDS QUEEN,0.3516,0.009,0.6394
DIAMONDS KING HEARTS TWO,0.2888,0.0242,0.687
HEARTS THREE DIAMONDS QUEEN,0.4076,0.0134,0.579
HEARTS THREE HEARTS TWO,0.4764,0.241,0.2826
SPADES FOUR CLUBS ACE,0.3742,0.005,0.6208
HEARTS TWO CLUBS ACE,0.2574,0.0116,0.731
DIAMONDS QUEEN CLUBS ACE,0.374,0.005,0.621
HEARTS TWO CLUBS QUEEN,0.2762,0.033,0.6908
DIAMONDS QUEEN CLUBS QUEEN,0.1708,0.0334,0.7958
HEARTS TWO CLUBS KING,0.2782,0.0268,0.695
DIAMONDS QUEEN CLUBS KING,0.3576,0.0084,0.634
SPADES EIGHT SPADES FIVE,0.3526,0.0602,0.5872
CLUBS TEN HEARTS TWO,0.2724,0.0736,0.654
CLUBS TEN DIAMONDS QUEEN,0.3522,0.0112,0.6366
SPADES NINE SPADES FIVE,0.364,0.0414,0.5946
CLUBS JACK HEARTS TWO,0.275,0.0516,0.6734
CLUBS JACK DIAMONDS QUEEN,0.364,0.0106,0.6254
SPADES SIX SPADES FIVE,0.247,0.396,0.357
SPADES SEVEN SPADES FIVE,0.3344,0.0944,0.5712
DIAMONDS FIVE CLUBS QUEEN,0.3872,0.0148,0.598
SPADES EIGHT CLUBS ACE,0.356,0.0068,0.6372
DIAMONDS FIVE CLUBS KING,0.3998,0.0104,0.5898
SPADES EIGHT CLUBS KING,0.3618,0.0108,0.6274
DIAMONDS FIVE CLUBS ACE,0.365,0.0046,0.6304
SPADES EIGHT CLUBS QUEEN,0.36,0.0114,0.6286
CLUBS JACK SPADES EIGHT,0.341,0.0184,0.6406
CLUBS TEN SPADES EIGHT,0.3492,0.0288,0.622
CLUBS TEN DIAMONDS FIVE,0.3914,0.0284,0.5802
CLUBS JACK DIAMONDS FIVE,0.3708,0.018,0.6112
HEARTS JACK DIAMONDS TEN,0.3584,0.012,0.6296
DIAMONDS TEN HEARTS TEN,0.181,0.0634,0.7556
SPADES ACE CLUBS NINE,0.3552,0.0038,0.641
SPADES QUEEN CLUBS NINE,0.3502,0.0114,0.6384
SPADES KING CLUBS NINE,0.359,0.0058,0.6352
HEARTS SIX HEARTS KING,0.2798,0.0388,0.6814
DIAMONDS KING SPADES SEVEN,0.371,0.0074,0.6216
HEARTS THREE SPADES SEVEN,0.3914,0.0918,0.5168
SPADES KING DIAMONDS SEVEN,0.3656,0.0084,0.626
HEARTS SIX HEARTS QUEEN,0.2648,0.0536,0.6816
SPADES QUEEN DIAMONDS SEVEN,0.3844,0.0128,0.6028
HEARTS THREE SPADES SIX,0.2576,0.479,0.2634
DIAMONDS KING SPADES SIX,0.2824,0.04,0.6776
DIAMONDS KING SPADES NINE,0.3796,0.0082,0.6122
HEARTS THREE SPADES NINE,0.4016,0.041,0.5574
HEARTS SIX HEARTS ACE,0.2626,0.027,0.7104
DIAMONDS KING SPADES EIGHT,0.3744,0.0064,0.6192
HEARTS THREE SPADES EIGHT,0.4046,0.0654,0.53
SPADES ACE DIAMONDS SEVEN,0.3688,0.003,0.6282
HEARTS THREE CLUBS NINE,0.3942,0.0396,0.5662
CLUBS NINE DIAMONDS KING,0.3714,0.0116,0.617
CLUBS EIGHT DIAMONDS KING,0.3622,0.0082,0.6296
HEARTS THREE CLUBS EIGHT,0.389,0.0636,0.5474
HEARTS THREE SPADES THREE,0.2764,0.1314,0.5922
DIAMONDS KING SPADES THREE,0.4136,0.0082,0.5782
HEARTS THREE SPADES TWO,0.5246,0.2562,0.2192
DIAMONDS KING SPADES TWO,0.281,0.02,0.699
HEARTS THREE SPADES FIVE,0.4758,0.142,0.3822
DIAMONDS KING SPADES FIVE,0.4026,0.0082,0.5892
