opposingHand,winningChance,drawChance,lostChance
CLUBS FIVE HEARTS QUEEN
HEARTS FIVE SPADES TEN,0.7194,0.047,0.2336
SPADES JACK HEARTS FIVE,0.7192,0.0496,0.2312
CLUBS JACK SPADES FIVE,0.7024,0.0494,0.2482
CLUBS TEN SPADES FIVE,0.7116,0.0504,0.238
CLUBS JACK CLUBS EIGHT,0.5472,0.0114,0.4414
CLUBS TEN CLUBS EIGHT,0.5318,0.0108,0.4574
CLUBS EIGHT CLUBS KING,0.3586,0.0066,0.6348
SPADES FIVE CLUBS ACE,0.2244,0.031,0.7446
CLUBS EIGHT CLUBS QUEEN,0.2154,0.22,0.5646
SPADES FIVE CLUBS KING,0.216,0.0412,0.7428
SPADES FIVE CLUBS QUEEN,0.01,0.9706,0.0194
CLUBS EIGHT CLUBS ACE,0.3512,0.0046,0.6442
DIAMONDS TWO DIAMONDS THREE,0.605,0.0138,0.3812
DIAMONDS TWO DIAMONDS FIVE,0.6618,0.051,0.2872
SPADES KING HEARTS FIVE,0.2348,0.0438,0.7214
DIAMONDS TWO DIAMONDS FOUR,0.5906,0.013,0.3964
SPADES QUEEN HEARTS FIVE,0.0204,0.9688,0.0108
DIAMONDS TWO DIAMONDS SEVEN,0.5962,0.0136,0.3902
DIAMONDS TWO DIAMONDS SIX,0.603,0.0132,0.3838
SPADES ACE HEARTS FIVE,0.2316,0.031,0.7374
DIAMONDS TWO DIAMONDS NINE,0.6012,0.0104,0.3884
DIAMONDS TWO DIAMONDS EIGHT,0.588,0.0102,0.4018
DIAMONDS THREE DIAMONDS FOUR,0.5916,0.015,0.3934
CLUBS TWO SPADES FOUR,0.655,0.0134,0.3316
DIAMONDS THREE DIAMONDS FIVE,0.6328,0.05,0.3172
SPADES FIVE CLUBS TWO,0.6994,0.0478,0.2528
CLUBS TWO SPADES TWO,0.4406,0.0322,0.5272
CLUBS TWO SPADES THREE,0.6386,0.0142,0.3472
DIAMONDS THREE DIAMONDS EIGHT,0.605,0.0132,0.3818
SPADES EIGHT CLUBS TWO,0.6344,0.0122,0.3534
DIAMONDS THREE DIAMONDS NINE,0.5842,0.0134,0.4024
SPADES NINE CLUBS TWO,0.6278,0.0118,0.3604
DIAMONDS THREE DIAMONDS SIX,0.5964,0.0132,0.3904
SPADES SIX CLUBS TWO,0.6264,0.016,0.3576
DIAMONDS THREE DIAMONDS SEVEN,0.5902,0.0112,0.3986
SPADES SEVEN CLUBS TWO,0.6542,0.0136,0.3322
CLUBS SIX CLUBS TWO,0.5938,0.016,0.3902
CLUBS SEVEN CLUBS TWO,0.5978,0.012,0.3902
CLUBS FOUR CLUBS TWO,0.6218,0.0132,0.365
CLUBS TEN CLUBS JACK,0.4974,0.0108,0.4918
DIAMONDS FOUR DIAMONDS SIX,0.5694,0.013,0.4176
CLUBS TEN CLUBS QUEEN,0.2258,0.1136,0.6606
DIAMONDS FOUR DIAMONDS SEVEN,0.578,0.0156,0.4064
CLUBS TEN CLUBS KING,0.3174,0.0086,0.674
CLUBS TEN CLUBS ACE,0.3274,0.0052,0.6674
CLUBS EIGHT CLUBS TWO,0.6046,0.0122,0.3832
DIAMONDS FIVE DIAMONDS FOUR,0.6178,0.0538,0.3284
CLUBS NINE CLUBS TWO,0.5912,0.012,0.3968
DIAMONDS NINE DIAMONDS FOUR,0.5972,0.0108,0.392
DIAMONDS EIGHT DIAMONDS FOUR,0.5758,0.0126,0.4116
CLUBS THREE CLUBS TWO,0.6054,0.014,0.3806
DIAMONDS NINE DIAMONDS FIVE,0.6602,0.047,0.2928
CLUBS JACK DIAMONDS TWO,0.6332,0.0114,0.3554
DIAMONDS EIGHT DIAMONDS FIVE,0.6418,0.0454,0.3128
CLUBS TEN DIAMONDS TWO,0.6288,0.0178,0.3534
DIAMONDS FIVE DIAMONDS SEVEN,0.6236,0.0446,0.3318
DIAMONDS FIVE DIAMONDS SIX,0.6282,0.04,0.3318
DIAMONDS TWO CLUBS ACE,0.3896,0.0042,0.6062
DIAMONDS TWO CLUBS KING,0.3868,0.0096,0.6036
DIAMONDS TWO CLUBS QUEEN,0.3054,0.4738,0.2208
DIAMONDS EIGHT DIAMONDS SIX,0.5356,0.0086,0.4558
DIAMONDS NINE DIAMONDS SIX,0.5406,0.01,0.4494
HEARTS ACE SPADES THREE,0.3836,0.003,0.6134
SPADES THREE HEARTS KING,0.402,0.0082,0.5898
DIAMONDS SEVEN DIAMONDS SIX,0.517,0.011,0.472
HEARTS JACK SPADES THREE,0.635,0.013,0.352
SPADES THREE HEARTS TEN,0.6208,0.0126,0.3666
DIAMONDS EIGHT DIAMONDS SEVEN,0.5082,0.0108,0.481
DIAMONDS NINE DIAMONDS SEVEN,0.5216,0.0096,0.4688
DIAMONDS NINE DIAMONDS EIGHT,0.5146,0.0098,0.4756
DIAMONDS KING HEARTS TEN,0.3448,0.0068,0.6484
HEARTS THREE HEARTS TEN,0.5986,0.012,0.3894
SPADES JACK CLUBS SIX,0.589,0.0102,0.4008
DIAMONDS KING HEARTS JACK,0.3524,0.0072,0.6404
HEARTS THREE HEARTS JACK,0.6062,0.0116,0.3822
SPADES TEN CLUBS SIX,0.5832,0.0116,0.4052
SPADES JACK SPADES FIVE,0.6682,0.0452,0.2866
SPADES TEN SPADES FIVE,0.6834,0.045,0.2716
DIAMONDS KING HEARTS ACE,0.3126,0.0086,0.6788
HEARTS THREE HEARTS ACE,0.3706,0.004,0.6254
SPADES ACE CLUBS SIX,0.3548,0.0052,0.64
SPADES KING CLUBS SIX,0.36,0.0088,0.6312
DIAMONDS KING HEARTS KING,0.1366,0.0048,0.8586
HEARTS THREE HEARTS KING,0.3692,0.0094,0.6214
SPADES QUEEN CLUBS SIX,0.2222,0.3734,0.4044
SPADES NINE HEARTS TEN,0.5382,0.0098,0.452
SPADES NINE HEARTS JACK,0.5526,0.0102,0.4372
SPADES QUEEN SPADES FIVE,0.021,0.9058,0.0732
SPADES KING SPADES FIVE,0.2146,0.0432,0.7422
SPADES ACE SPADES FIVE,0.2188,0.0284,0.7528
SPADES NINE HEARTS KING,0.3536,0.007,0.6394
SPADES NINE HEARTS ACE,0.3578,0.0044,0.6378
CLUBS TEN SPADES JACK,0.5352,0.0096,0.4552
CLUBS TEN SPADES TEN,0.2784,0.015,0.7066
SPADES ACE CLUBS TEN,0.3462,0.0072,0.6466
CLUBS TEN SPADES KING,0.3338,0.007,0.6592
CLUBS TEN SPADES QUEEN,0.22,0.1232,0.6568
SPADES FIVE HEARTS KING,0.2224,0.0428,0.7348
HEARTS ACE SPADES FIVE,0.2296,0.0298,0.7406
CLUBS EIGHT SPADES TEN,0.5474,0.0116,0.441
HEARTS THREE SPADES JACK,0.6454,0.011,0.3436
SPADES JACK DIAMONDS KING,0.3472,0.006,0.6468
SPADES TEN DIAMONDS KING,0.3458,0.006,0.6482
HEARTS THREE SPADES TEN,0.6262,0.0096,0.3642
CLUBS EIGHT SPADES JACK,0.575,0.01,0.415
CLUBS SIX HEARTS ACE,0.3614,0.0044,0.6342
SPADES ACE CLUBS EIGHT,0.3568,0.0034,0.6398
CLUBS JACK HEARTS FIVE,0.7184,0.0544,0.2272
CLUBS TEN HEARTS FIVE,0.7114,0.0498,0.2388
SPADES QUEEN CLUBS EIGHT,0.2262,0.2168,0.557
CLUBS TEN SPADES THREE,0.6204,0.0126,0.367
CLUBS SIX HEARTS KING,0.3542,0.0078,0.638
SPADES KING CLUBS EIGHT,0.3584,0.0074,0.6342
CLUBS JACK SPADES THREE,0.6288,0.0132,0.358
DIAMONDS TWO HEARTS JACK,0.632,0.012,0.356
SPADES THREE CLUBS QUEEN,0.3076,0.4722,0.2202
DIAMONDS TWO HEARTS TEN,0.6306,0.0118,0.3576
SPADES THREE CLUBS KING,0.383,0.009,0.608
HEARTS FIVE CLUBS ACE,0.2258,0.0292,0.745
SPADES FIVE HEARTS TEN,0.7188,0.0522,0.229
SPADES THREE CLUBS ACE,0.3772,0.003,0.6198
HEARTS FIVE CLUBS KING,0.2328,0.0464,0.7208
SPADES FIVE HEARTS JACK,0.72,0.0514,0.2286
HEARTS FIVE CLUBS QUEEN,0.0068,0.9858,0.0074
HEARTS THREE CLUBS KING,0.394,0.0104,0.5956
DIAMONDS KING CLUBS KING,0.1386,0.0034,0.858
HEARTS THREE CLUBS QUEEN,0.3056,0.4874,0.207
DIAMONDS KING CLUBS QUEEN,0.2152,0.0282,0.7566
HEARTS FIVE HEARTS JACK,0.6874,0.0468,0.2658
HEARTS FIVE HEARTS TEN,0.6936,0.043,0.2634
HEARTS THREE CLUBS ACE,0.3826,0.005,0.6124
DIAMONDS KING CLUBS ACE,0.3164,0.005,0.6786
SPADES ACE CLUBS QUEEN,0.2232,0.018,0.7588
SPADES KING CLUBS QUEEN,0.2312,0.031,0.7378
CLUBS JACK HEARTS THREE,0.6206,0.016,0.3634
CLUBS JACK DIAMONDS KING,0.3374,0.0066,0.656
SPADES QUEEN CLUBS QUEEN,0.0856,0.0278,0.8866
CLUBS TEN HEARTS THREE,0.6334,0.015,0.3516
CLUBS TEN DIAMONDS KING,0.3336,0.0084,0.658
SPADES JACK CLUBS QUEEN,0.2354,0.096,0.6686
CLUBS SIX CLUBS QUEEN,0.2096,0.3742,0.4162
SPADES TEN CLUBS QUEEN,0.2266,0.1176,0.6558
CLUBS SIX CLUBS KING,0.35,0.0086,0.6414
CLUBS SIX CLUBS ACE,0.3432,0.0044,0.6524
HEARTS FIVE HEARTS KING,0.223,0.0392,0.7378
CLUBS TEN CLUBS SIX,0.5588,0.014,0.4272
HEARTS FIVE HEARTS ACE,0.2274,0.0262,0.7464
CLUBS JACK CLUBS SIX,0.5736,0.0144,0.412
SPADES SEVEN HEARTS JACK,0.5822,0.012,0.4058
SPADES SEVEN HEARTS TEN,0.571,0.0114,0.4176
DIAMONDS TWO CLUBS TWO,0.4322,0.032,0.5358
DIAMONDS TWO CLUBS THREE,0.6498,0.017,0.3332
HEARTS SIX DIAMONDS TWO,0.6306,0.0142,0.3552
DIAMONDS TWO HEARTS SEVEN,0.6484,0.0152,0.3364
DIAMONDS TWO HEARTS KING,0.3924,0.0106,0.597
DIAMONDS TWO HEARTS EIGHT,0.6384,0.0134,0.3482
DIAMONDS TWO HEARTS ACE,0.383,0.0044,0.6126
DIAMONDS TWO HEARTS NINE,0.631,0.0132,0.3558
DIAMONDS TWO DIAMONDS QUEEN,0.3052,0.4298,0.265
DIAMONDS TWO HEARTS TWO,0.422,0.0334,0.5446
DIAMONDS TWO DIAMONDS KING,0.3566,0.0076,0.6358
HEARTS THREE DIAMONDS TWO,0.647,0.014,0.339
DIAMONDS TWO DIAMONDS ACE,0.346,0.0034,0.6506
HEARTS FOUR DIAMONDS TWO,0.6396,0.0134,0.347
DIAMONDS TWO HEARTS FIVE,0.6926,0.0464,0.261
SPADES SEVEN HEARTS ACE,0.3574,0.0034,0.6392
DIAMONDS TWO DIAMONDS TEN,0.5968,0.0106,0.3926
SPADES SEVEN HEARTS KING,0.3574,0.0076,0.635
DIAMONDS TWO DIAMONDS JACK,0.584,0.0122,0.4038
DIAMONDS TWO SPADES NINE,0.6298,0.0164,0.3538
DIAMONDS TWO SPADES EIGHT,0.631,0.0104,0.3586
DIAMONDS TWO SPADES SEVEN,0.637,0.011,0.352
DIAMONDS TWO SPADES SIX,0.6348,0.0118,0.3534
DIAMONDS TWO SPADES FIVE,0.677,0.054,0.269
DIAMONDS TWO SPADES FOUR,0.6428,0.0134,0.3438
DIAMONDS TWO SPADES THREE,0.644,0.0124,0.3436
DIAMONDS TWO SPADES TWO,0.4234,0.0316,0.545
DIAMONDS TWO CLUBS NINE,0.6218,0.0158,0.3624
CLUBS EIGHT DIAMONDS TWO,0.635,0.0132,0.3518
DIAMONDS TWO CLUBS SEVEN,0.6382,0.016,0.3458
DIAMONDS TWO CLUBS SIX,0.6336,0.0162,0.3502
DIAMONDS TWO CLUBS FOUR,0.646,0.0128,0.3412
CLUBS FOUR SPADES FIVE,0.6828,0.053,0.2642
CLUBS FOUR SPADES FOUR,0.4086,0.0306,0.5608
CLUBS FOUR SPADES THREE,0.6326,0.0104,0.357
CLUBS FOUR SPADES TWO,0.6324,0.0146,0.353
SPADES NINE CLUBS FOUR,0.632,0.0112,0.3568
SPADES EIGHT CLUBS FOUR,0.625,0.0138,0.3612
SPADES SEVEN CLUBS FOUR,0.626,0.011,0.363
CLUBS FOUR SPADES SIX,0.6074,0.0098,0.3828
SPADES ACE DIAMONDS SIX,0.363,0.0026,0.6344
SPADES QUEEN DIAMONDS SIX,0.2288,0.3826,0.3886
SPADES KING DIAMONDS SIX,0.3554,0.0064,0.6382
SPADES TEN DIAMONDS SIX,0.5738,0.0102,0.416
SPADES JACK DIAMONDS SIX,0.61,0.01,0.38
SPADES QUEEN SPADES TWO,0.3186,0.417,0.2644
SPADES KING SPADES TWO,0.375,0.008,0.617
SPADES ACE SPADES TWO,0.3452,0.0056,0.6492
CLUBS JACK DIAMONDS JACK,0.2712,0.0122,0.7166
CLUBS TEN DIAMONDS JACK,0.54,0.0096,0.4504
DIAMONDS JACK CLUBS KING,0.3342,0.0054,0.6604
DIAMONDS JACK CLUBS QUEEN,0.246,0.091,0.663
DIAMONDS THREE DIAMONDS JACK,0.5864,0.0096,0.404
DIAMONDS THREE DIAMONDS TEN,0.5952,0.0132,0.3916
DIAMONDS JACK CLUBS ACE,0.3494,0.003,0.6476
DIAMONDS THREE DIAMONDS KING,0.3728,0.0074,0.6198
HEARTS THREE DIAMONDS THREE,0.4232,0.0316,0.5452
DIAMONDS THREE DIAMONDS QUEEN,0.3028,0.4314,0.2658
DIAMONDS THREE HEARTS TWO,0.6502,0.0148,0.335
HEARTS FIVE DIAMONDS THREE,0.6866,0.0522,0.2612
DIAMONDS THREE DIAMONDS ACE,0.3616,0.0064,0.632
HEARTS FOUR DIAMONDS THREE,0.6324,0.0116,0.356
DIAMONDS THREE HEARTS SEVEN,0.6388,0.0134,0.3478
SPADES TEN SPADES NINE,0.5056,0.0098,0.4846
HEARTS SIX DIAMONDS THREE,0.6242,0.0148,0.361
SPADES JACK SPADES NINE,0.5196,0.0098,0.4706
DIAMONDS THREE HEARTS NINE,0.6362,0.0142,0.3496
HEARTS JACK DIAMONDS FOUR,0.6336,0.0108,0.3556
HEARTS ACE HEARTS KING,0.3026,0.0058,0.6916
SPADES TEN SPADES TWO,0.5922,0.0116,0.3962
DIAMONDS THREE HEARTS EIGHT,0.6374,0.0134,0.3492
HEARTS TEN DIAMONDS FOUR,0.6226,0.0132,0.3642
SPADES JACK SPADES TWO,0.5882,0.0138,0.398
HEARTS KING DIAMONDS FOUR,0.3942,0.0088,0.597
SPADES ACE SPADES NINE,0.3388,0.0032,0.658
HEARTS ACE DIAMONDS FOUR,0.3876,0.0058,0.6066
SPADES KING SPADES NINE,0.333,0.0064,0.6606
SPADES QUEEN SPADES NINE,0.2254,0.1598,0.6148
DIAMONDS THREE SPADES NINE,0.6282,0.0108,0.361
DIAMONDS THREE SPADES EIGHT,0.6338,0.0126,0.3536
DIAMONDS THREE SPADES SEVEN,0.626,0.0144,0.3596
DIAMONDS THREE SPADES SIX,0.621,0.0128,0.3662
DIAMONDS THREE CLUBS SIX,0.6182,0.0134,0.3684
CLUBS ACE DIAMONDS FOUR,0.3854,0.004,0.6106
DIAMONDS THREE CLUBS SEVEN,0.627,0.013,0.36
DIAMONDS THREE CLUBS FOUR,0.6342,0.0116,0.3542
DIAMONDS FOUR CLUBS QUEEN,0.3108,0.4648,0.2244
DIAMONDS FOUR CLUBS KING,0.3896,0.0078,0.6026
DIAMONDS THREE CLUBS TWO,0.6392,0.0152,0.3456
CLUBS TEN DIAMONDS FOUR,0.6292,0.0114,0.3594
DIAMONDS THREE CLUBS THREE,0.4292,0.0292,0.5416
CLUBS JACK DIAMONDS FOUR,0.6176,0.0114,0.371
DIAMONDS THREE SPADES FOUR,0.6242,0.0142,0.3616
DIAMONDS THREE SPADES FIVE,0.6714,0.0556,0.273
DIAMONDS THREE SPADES TWO,0.644,0.0132,0.3428
DIAMONDS THREE SPADES THREE,0.4328,0.0298,0.5374
CLUBS EIGHT DIAMONDS THREE,0.6378,0.0164,0.3458
CLUBS NINE DIAMONDS THREE,0.6252,0.0134,0.3614
SPADES SEVEN CLUBS ACE,0.345,0.0032,0.6518
SPADES SEVEN CLUBS QUEEN,0.2268,0.309,0.4642
SPADES SEVEN CLUBS KING,0.3614,0.0078,0.6308
CLUBS TEN SPADES SEVEN,0.5626,0.0106,0.4268
CLUBS JACK SPADES SEVEN,0.5862,0.0084,0.4054
CLUBS ACE CLUBS QUEEN,0.2228,0.019,0.7582
CLUBS KING CLUBS QUEEN,0.226,0.0274,0.7466
DIAMONDS TEN DIAMONDS FOUR,0.5962,0.0116,0.3922
CLUBS TEN DIAMONDS NINE,0.5386,0.0092,0.4522
DIAMONDS JACK DIAMONDS FOUR,0.6068,0.009,0.3842
CLUBS JACK DIAMONDS NINE,0.558,0.0096,0.4324
CLUBS JACK SPADES NINE,0.549,0.012,0.439
CLUBS TEN SPADES NINE,0.5444,0.0118,0.4438
DIAMONDS ACE DIAMONDS FOUR,0.3676,0.0042,0.6282
HEARTS FOUR DIAMONDS FOUR,0.4196,0.032,0.5484
DIAMONDS JACK HEARTS TEN,0.5392,0.0104,0.4504
SPADES NINE CLUBS KING,0.362,0.0068,0.6312
DIAMONDS TWO SPADES TEN,0.6266,0.0126,0.3608
DIAMONDS NINE CLUBS ACE,0.364,0.0048,0.6312
HEARTS FIVE DIAMONDS FOUR,0.6624,0.0554,0.2822
HEARTS JACK DIAMONDS JACK,0.2862,0.0084,0.7054
SPADES NINE CLUBS QUEEN,0.2188,0.1718,0.6094
DIAMONDS TWO SPADES JACK,0.631,0.0102,0.3588
DIAMONDS QUEEN DIAMONDS FOUR,0.2978,0.432,0.2702
HEARTS TWO DIAMONDS FOUR,0.6566,0.0136,0.3298
DIAMONDS NINE CLUBS QUEEN,0.2332,0.1668,0.6
DIAMONDS KING DIAMONDS FOUR,0.374,0.0066,0.6194
HEARTS THREE DIAMONDS FOUR,0.617,0.015,0.368
SPADES NINE CLUBS ACE,0.36,0.0046,0.6354
DIAMONDS NINE CLUBS KING,0.3542,0.009,0.6368
HEARTS ACE DIAMONDS JACK,0.3434,0.0028,0.6538
SPADES ACE DIAMONDS TWO,0.3852,0.0034,0.6114
SPADES QUEEN DIAMONDS TWO,0.3218,0.4502,0.228
DIAMONDS JACK HEARTS KING,0.3394,0.0078,0.6528
SPADES KING DIAMONDS TWO,0.4012,0.0042,0.5946
SPADES JACK SPADES SEVEN,0.5514,0.0088,0.4398
SPADES TEN SPADES SEVEN,0.5356,0.0116,0.4528
CLUBS SEVEN CLUBS THREE,0.5854,0.0136,0.401
CLUBS SIX CLUBS THREE,0.5848,0.014,0.4012
CLUBS THREE CLUBS FOUR,0.6038,0.0136,0.3826
CLUBS NINE CLUBS THREE,0.6,0.0148,0.3852
CLUBS EIGHT CLUBS THREE,0.6004,0.0126,0.387
CLUBS THREE SPADES FIVE,0.6864,0.0504,0.2632
CLUBS THREE SPADES FOUR,0.6392,0.0144,0.3464
CLUBS THREE SPADES THREE,0.4322,0.0308,0.537
CLUBS THREE SPADES TWO,0.6548,0.0142,0.331
CLUBS THREE SPADES SIX,0.6214,0.017,0.3616
CLUBS THREE SPADES SEVEN,0.6388,0.0136,0.3476
SPADES EIGHT CLUBS THREE,0.6338,0.0146,0.3516
SPADES NINE CLUBS THREE,0.6432,0.0116,0.3452
SPADES TWO DIAMONDS FOUR,0.6506,0.01,0.3394
SPADES THREE DIAMONDS FOUR,0.635,0.0174,0.3476
SPADES FOUR DIAMONDS FOUR,0.4242,0.0326,0.5432
SPADES FIVE DIAMONDS FOUR,0.6756,0.048,0.2764
SPADES SIX DIAMONDS FOUR,0.607,0.0132,0.3798
SPADES SEVEN DIAMONDS FOUR,0.6166,0.016,0.3674
SPADES EIGHT DIAMONDS FOUR,0.6248,0.013,0.3622
SPADES NINE DIAMONDS FOUR,0.6334,0.0136,0.353
CLUBS FOUR DIAMONDS FOUR,0.419,0.035,0.546
CLUBS SEVEN DIAMONDS FOUR,0.6086,0.011,0.3804
CLUBS SIX DIAMONDS FOUR,0.5992,0.0112,0.3896
CLUBS NINE DIAMONDS FOUR,0.6198,0.0152,0.365
CLUBS EIGHT DIAMONDS FOUR,0.6266,0.0136,0.3598
DIAMONDS FOUR HEARTS SEVEN,0.6148,0.0132,0.372
HEARTS SIX DIAMONDS FOUR,0.6096,0.0128,0.3776
HEARTS NINE DIAMONDS FOUR,0.6362,0.0112,0.3526
DIAMONDS FOUR HEARTS EIGHT,0.6272,0.0124,0.3604
CLUBS THREE DIAMONDS FOUR,0.6168,0.015,0.3682
CLUBS TWO DIAMONDS FOUR,0.6428,0.0152,0.342
DIAMONDS TEN DIAMONDS FIVE,0.6664,0.044,0.2896
DIAMONDS JACK DIAMONDS FIVE,0.671,0.0444,0.2846
DIAMONDS NINE HEARTS KING,0.356,0.0074,0.6366
HEARTS ACE DIAMONDS NINE,0.347,0.0042,0.6488
DIAMONDS NINE HEARTS TEN,0.5458,0.011,0.4432
DIAMONDS NINE HEARTS JACK,0.5604,0.01,0.4296
CLUBS KING DIAMONDS SIX,0.3554,0.0048,0.6398
CLUBS QUEEN DIAMONDS SIX,0.2246,0.3902,0.3852
CLUBS ACE DIAMONDS SIX,0.358,0.0028,0.6392
SPADES KING DIAMONDS FOUR,0.3928,0.0058,0.6014
SPADES ACE SPADES SEVEN,0.3452,0.0042,0.6506
SPADES QUEEN DIAMONDS FOUR,0.3214,0.4518,0.2268
SPADES QUEEN SPADES SEVEN,0.2178,0.2814,0.5008
CLUBS JACK DIAMONDS SIX,0.6096,0.0088,0.3816
SPADES KING SPADES SEVEN,0.3468,0.008,0.6452
SPADES ACE DIAMONDS FOUR,0.3786,0.004,0.6174
CLUBS TEN DIAMONDS SIX,0.5914,0.0106,0.398
CLUBS NINE CLUBS FOUR,0.5876,0.013,0.3994
CLUBS EIGHT CLUBS FOUR,0.5874,0.012,0.4006
SPADES JACK DIAMONDS FOUR,0.6224,0.0104,0.3672
SPADES TEN DIAMONDS FOUR,0.625,0.0144,0.3606
CLUBS SEVEN CLUBS FOUR,0.5772,0.0136,0.4092
CLUBS SIX CLUBS FOUR,0.5636,0.0124,0.424
CLUBS SEVEN SPADES EIGHT,0.5558,0.0146,0.4296
SPADES NINE CLUBS SEVEN,0.5558,0.0106,0.4336
CLUBS SEVEN SPADES SIX,0.5614,0.0118,0.4268
CLUBS SEVEN SPADES SEVEN,0.327,0.0242,0.6488
CLUBS SEVEN SPADES FIVE,0.6784,0.0476,0.274
CLUBS SEVEN SPADES FOUR,0.605,0.013,0.382
CLUBS SEVEN SPADES THREE,0.6266,0.0128,0.3606
CLUBS SEVEN SPADES TWO,0.63,0.0132,0.3568
CLUBS NINE CLUBS SEVEN,0.5308,0.0106,0.4586
CLUBS EIGHT CLUBS SEVEN,0.5294,0.012,0.4586
HEARTS SIX DIAMONDS FIVE,0.6556,0.044,0.3004
DIAMONDS FIVE HEARTS SEVEN,0.6738,0.0448,0.2814
DIAMONDS FIVE HEARTS EIGHT,0.6902,0.0504,0.2594
HEARTS NINE DIAMONDS FIVE,0.7146,0.0438,0.2416
DIAMONDS QUEEN DIAMONDS FIVE,0.0206,0.9088,0.0706
HEARTS TWO DIAMONDS FIVE,0.6944,0.0528,0.2528
HEARTS KING HEARTS EIGHT,0.361,0.0058,0.6332
DIAMONDS KING DIAMONDS FIVE,0.2312,0.0362,0.7326
HEARTS THREE DIAMONDS FIVE,0.686,0.0478,0.2662
DIAMONDS ACE DIAMONDS FIVE,0.2216,0.0296,0.7488
HEARTS FOUR DIAMONDS FIVE,0.6638,0.0564,0.2798
HEARTS FIVE DIAMONDS FIVE,0.3084,0.042,0.6496
HEARTS ACE HEARTS EIGHT,0.3538,0.003,0.6432
CLUBS FOUR DIAMONDS FIVE,0.6696,0.048,0.2824
CLUBS SIX DIAMONDS FIVE,0.6628,0.045,0.2922
CLUBS SEVEN DIAMONDS FIVE,0.6806,0.0432,0.2762
CLUBS TWO DIAMONDS FIVE,0.695,0.0584,0.2466
CLUBS THREE DIAMONDS FIVE,0.685,0.049,0.266
SPADES THREE DIAMONDS FIVE,0.6744,0.0506,0.275
SPADES TWO DIAMONDS FIVE,0.7002,0.0522,0.2476
SPADES JACK DIAMONDS EIGHT,0.5684,0.0086,0.423
SPADES FIVE DIAMONDS FIVE,0.2966,0.0352,0.6682
CLUBS TEN HEARTS JACK,0.5412,0.0118,0.447
SPADES TEN DIAMONDS EIGHT,0.5438,0.0112,0.445
SPADES FOUR DIAMONDS FIVE,0.6606,0.0524,0.287
CLUBS JACK HEARTS JACK,0.2862,0.0106,0.7032
HEARTS JACK CLUBS QUEEN,0.2416,0.0962,0.6622
CLUBS NINE DIAMONDS FIVE,0.7106,0.0516,0.2378
CLUBS EIGHT DIAMONDS FIVE,0.6892,0.0456,0.2652
HEARTS JACK CLUBS KING,0.3516,0.008,0.6404
HEARTS JACK CLUBS ACE,0.3534,0.0048,0.6418
SPADES SEVEN DIAMONDS FIVE,0.6722,0.0516,0.2762
SPADES KING DIAMONDS EIGHT,0.377,0.0062,0.6168
SPADES QUEEN DIAMONDS EIGHT,0.2288,0.2138,0.5574
SPADES SIX DIAMONDS FIVE,0.6738,0.0438,0.2824
SPADES NINE DIAMONDS FIVE,0.69,0.0458,0.2642
SPADES EIGHT DIAMONDS FIVE,0.6908,0.0474,0.2618
SPADES ACE DIAMONDS EIGHT,0.3608,0.0042,0.635
DIAMONDS TEN DIAMONDS SIX,0.5364,0.012,0.4516
HEARTS ACE DIAMONDS SEVEN,0.3608,0.0044,0.6348
DIAMONDS JACK DIAMONDS SIX,0.5634,0.011,0.4256
HEARTS KING DIAMONDS SEVEN,0.3648,0.0088,0.6264
DIAMONDS ACE DIAMONDS SIX,0.3436,0.0046,0.6518
HEARTS FOUR DIAMONDS SIX,0.6138,0.0118,0.3744
HEARTS JACK SPADES TWO,0.638,0.0108,0.3512
HEARTS FIVE DIAMONDS SIX,0.6722,0.0468,0.281
SPADES TWO HEARTS TEN,0.6336,0.0122,0.3542
DIAMONDS QUEEN DIAMONDS SIX,0.204,0.3626,0.4334
HEARTS TWO DIAMONDS SIX,0.6208,0.0134,0.3658
DIAMONDS KING DIAMONDS SIX,0.3356,0.0064,0.658
HEARTS THREE DIAMONDS SIX,0.6142,0.0136,0.3722
HEARTS EIGHT DIAMONDS SIX,0.584,0.0136,0.4024
HEARTS NINE DIAMONDS SIX,0.5894,0.0116,0.399
HEARTS SIX DIAMONDS SIX,0.3392,0.0254,0.6354
HEARTS SEVEN DIAMONDS SIX,0.5608,0.0118,0.4274
HEARTS TEN DIAMONDS SEVEN,0.5858,0.0114,0.4028
CLUBS TWO DIAMONDS SIX,0.6306,0.0102,0.3592
HEARTS JACK DIAMONDS SEVEN,0.5854,0.013,0.4016
CLUBS THREE DIAMONDS SIX,0.6128,0.0126,0.3746
CLUBS SEVEN DIAMONDS SIX,0.5554,0.0116,0.433
CLUBS JACK DIAMONDS EIGHT,0.5588,0.0102,0.431
CLUBS SIX DIAMONDS SIX,0.3216,0.0288,0.6496
CLUBS TEN DIAMONDS EIGHT,0.55,0.0092,0.4408
CLUBS FOUR DIAMONDS SIX,0.6022,0.0126,0.3852
HEARTS ACE HEARTS JACK,0.335,0.0054,0.6596
DIAMONDS EIGHT CLUBS ACE,0.3688,0.0038,0.6274
DIAMONDS EIGHT CLUBS KING,0.3622,0.008,0.6298
CLUBS NINE DIAMONDS SIX,0.5828,0.013,0.4042
HEARTS JACK HEARTS KING,0.3218,0.007,0.6712
CLUBS EIGHT DIAMONDS SIX,0.5672,0.0126,0.4202
DIAMONDS EIGHT CLUBS QUEEN,0.2244,0.2244,0.5512
SPADES TEN HEARTS KING,0.328,0.009,0.663
SPADES FIVE DIAMONDS SIX,0.67,0.042,0.288
HEARTS ACE SPADES TWO,0.3816,0.0064,0.612
SPADES JACK HEARTS KING,0.3324,0.0064,0.6612
SPADES FOUR DIAMONDS SIX,0.6012,0.0132,0.3856
SPADES THREE DIAMONDS SIX,0.6016,0.0136,0.3848
SPADES ACE SPADES KING,0.3004,0.0054,0.6942
HEARTS KING SPADES TWO,0.3944,0.009,0.5966
SPADES TWO DIAMONDS SIX,0.6228,0.0152,0.362
HEARTS TEN HEARTS EIGHT,0.5324,0.0126,0.455
SPADES NINE DIAMONDS SIX,0.5724,0.0094,0.4182
HEARTS JACK HEARTS EIGHT,0.5612,0.0092,0.4296
SPADES EIGHT DIAMONDS SIX,0.5624,0.011,0.4266
SPADES SEVEN DIAMONDS SIX,0.562,0.0134,0.4246
SPADES SIX DIAMONDS SIX,0.3186,0.0282,0.6532
SPADES KING HEARTS KING,0.1366,0.004,0.8594
SPADES QUEEN HEARTS KING,0.2464,0.0298,0.7238
CLUBS ACE CLUBS KING,0.311,0.0042,0.6848
SPADES ACE HEARTS KING,0.3282,0.0052,0.6666
SPADES ACE HEARTS JACK,0.3512,0.0038,0.645
SPADES QUEEN HEARTS JACK,0.2326,0.0902,0.6772
SPADES KING HEARTS JACK,0.3466,0.0056,0.6478
SPADES TEN DIAMONDS TEN,0.3014,0.0138,0.6848
SPADES JACK DIAMONDS TEN,0.5346,0.011,0.4544
SPADES ACE DIAMONDS TEN,0.3482,0.004,0.6478
SPADES JACK HEARTS JACK,0.2758,0.0122,0.712
SPADES TEN HEARTS JACK,0.5548,0.0096,0.4356
SPADES QUEEN DIAMONDS TEN,0.2298,0.122,0.6482
SPADES KING DIAMONDS TEN,0.3352,0.005,0.6598
SPADES NINE DIAMONDS SEVEN,0.5652,0.0086,0.4262
SPADES EIGHT DIAMONDS SEVEN,0.5566,0.0108,0.4326
SPADES SEVEN DIAMONDS SEVEN,0.3242,0.0222,0.6536
SPADES SIX DIAMONDS SEVEN,0.5802,0.0118,0.408
DIAMONDS KING DIAMONDS SEVEN,0.3466,0.0068,0.6466
HEARTS THREE DIAMONDS SEVEN,0.6346,0.0118,0.3536
HEARTS KING DIAMONDS FIVE,0.2334,0.039,0.7276
DIAMONDS QUEEN DIAMONDS SEVEN,0.2162,0.2828,0.501
HEARTS TWO DIAMONDS SEVEN,0.637,0.011,0.352
HEARTS FIVE DIAMONDS SEVEN,0.683,0.0418,0.2752
DIAMONDS ACE DIAMONDS SEVEN,0.3294,0.005,0.6656
HEARTS FOUR DIAMONDS SEVEN,0.6228,0.0124,0.3648
HEARTS ACE DIAMONDS FIVE,0.2352,0.03,0.7348
HEARTS SEVEN DIAMONDS SEVEN,0.3186,0.0234,0.658
HEARTS SIX DIAMONDS SEVEN,0.5666,0.0146,0.4188
HEARTS NINE DIAMONDS SEVEN,0.576,0.0124,0.4116
DIAMONDS SEVEN HEARTS EIGHT,0.5744,0.0138,0.4118
DIAMONDS JACK DIAMONDS SEVEN,0.5602,0.0108,0.429
HEARTS JACK DIAMONDS FIVE,0.7118,0.0508,0.2374
DIAMONDS TEN DIAMONDS SEVEN,0.539,0.0096,0.4514
DIAMONDS FIVE HEARTS TEN,0.715,0.0506,0.2344
CLUBS EIGHT DIAMONDS SEVEN,0.5676,0.0112,0.4212
SPADES KING CLUBS TWO,0.4096,0.0086,0.5818
HEARTS KING CLUBS KING,0.124,0.0068,0.8692
SPADES QUEEN CLUBS TWO,0.3192,0.4558,0.225
HEARTS KING CLUBS QUEEN,0.2254,0.0278,0.7468
CLUBS NINE DIAMONDS SEVEN,0.5682,0.0096,0.4222
CLUBS JACK SPADES TWO,0.6312,0.0104,0.3584
CLUBS SIX CLUBS SEVEN,0.5308,0.0156,0.4536
SPADES ACE CLUBS TWO,0.398,0.0042,0.5978
CLUBS TEN SPADES TWO,0.6236,0.0138,0.3626
HEARTS KING CLUBS ACE,0.3136,0.0066,0.6798
SPADES TWO CLUBS KING,0.4006,0.011,0.5884
SPADES TWO DIAMONDS SEVEN,0.6332,0.0148,0.352
CLUBS EIGHT CLUBS SIX,0.5504,0.0124,0.4372
SPADES THREE DIAMONDS SEVEN,0.6316,0.013,0.3554
SPADES TWO CLUBS QUEEN,0.3182,0.4554,0.2264
CLUBS NINE CLUBS SIX,0.554,0.0112,0.4348
SPADES FOUR DIAMONDS SEVEN,0.6198,0.0122,0.368
CLUBS JACK HEARTS KING,0.3378,0.0076,0.6546
SPADES FIVE DIAMONDS SEVEN,0.6662,0.0454,0.2884
SPADES TWO CLUBS ACE,0.3834,0.0048,0.6118
CLUBS TEN HEARTS KING,0.3388,0.0072,0.654
CLUBS SIX SPADES TWO,0.6302,0.0132,0.3566
CLUBS SIX SPADES THREE,0.6104,0.0136,0.376
CLUBS TWO DIAMONDS SEVEN,0.6492,0.0146,0.3362
CLUBS SIX SPADES FOUR,0.5982,0.0146,0.3872
CLUBS THREE DIAMONDS SEVEN,0.6374,0.0124,0.3502
CLUBS SIX SPADES FIVE,0.6636,0.0414,0.295
CLUBS FOUR DIAMONDS SEVEN,0.6164,0.0156,0.368
CLUBS SIX SPADES SIX,0.3214,0.0236,0.655
CLUBS SIX SPADES SEVEN,0.5692,0.0122,0.4186
CLUBS SIX DIAMONDS SEVEN,0.5682,0.0104,0.4214
CLUBS SIX SPADES EIGHT,0.5736,0.0108,0.4156
SPADES JACK CLUBS TWO,0.6356,0.0118,0.3526
CLUBS SEVEN DIAMONDS SEVEN,0.3148,0.0242,0.661
CLUBS SIX SPADES NINE,0.5762,0.011,0.4128
SPADES TEN CLUBS TWO,0.6298,0.0118,0.3584
CLUBS TWO CLUBS QUEEN,0.3008,0.4478,0.2514
CLUBS TWO CLUBS KING,0.374,0.009,0.617
CLUBS THREE DIAMONDS EIGHT,0.6374,0.0126,0.35
CLUBS TWO CLUBS ACE,0.3532,0.0074,0.6394
CLUBS TWO DIAMONDS EIGHT,0.6456,0.0132,0.3412
DIAMONDS EIGHT HEARTS SEVEN,0.5702,0.0098,0.42
HEARTS SIX DIAMONDS EIGHT,0.5892,0.0114,0.3994
DIAMONDS EIGHT HEARTS NINE,0.565,0.0094,0.4256
CLUBS TEN CLUBS TWO,0.5886,0.0122,0.3992
DIAMONDS EIGHT HEARTS EIGHT,0.3186,0.0192,0.6622
CLUBS JACK CLUBS TWO,0.6026,0.0152,0.3822
CLUBS NINE DIAMONDS EIGHT,0.5446,0.0104,0.445
CLUBS EIGHT DIAMONDS EIGHT,0.3186,0.0234,0.658
SPADES ACE SPADES THREE,0.3536,0.0024,0.644
CLUBS FOUR DIAMONDS EIGHT,0.6244,0.0124,0.3632
CLUBS SEVEN DIAMONDS EIGHT,0.5642,0.0118,0.424
SPADES QUEEN SPADES THREE,0.297,0.4354,0.2676
CLUBS SIX DIAMONDS EIGHT,0.5636,0.0112,0.4252
SPADES KING SPADES THREE,0.373,0.0064,0.6206
DIAMONDS QUEEN DIAMONDS EIGHT,0.2154,0.227,0.5576
HEARTS TWO DIAMONDS EIGHT,0.6452,0.0112,0.3436
DIAMONDS KING DIAMONDS EIGHT,0.3442,0.0066,0.6492
HEARTS THREE DIAMONDS EIGHT,0.6326,0.0134,0.354
DIAMONDS ACE DIAMONDS EIGHT,0.3422,0.0054,0.6524
HEARTS FOUR DIAMONDS EIGHT,0.6326,0.0132,0.3542
HEARTS FIVE DIAMONDS EIGHT,0.702,0.047,0.251
DIAMONDS EIGHT DIAMONDS TEN,0.5162,0.0084,0.4754
DIAMONDS EIGHT DIAMONDS JACK,0.5234,0.01,0.4666
SPADES JACK SPADES THREE,0.5898,0.011,0.3992
SPADES TEN SPADES THREE,0.5796,0.0134,0.407
CLUBS FOUR HEARTS ACE,0.3828,0.0034,0.6138
CLUBS FOUR HEARTS KING,0.3826,0.0088,0.6086
CLUBS SIX HEARTS TEN,0.5792,0.0114,0.4094
CLUBS SIX HEARTS JACK,0.603,0.0122,0.3848
DIAMONDS EIGHT SPADES FOUR,0.637,0.0132,0.3498
SPADES FIVE DIAMONDS EIGHT,0.6798,0.0448,0.2754
DIAMONDS EIGHT SPADES TWO,0.6432,0.01,0.3468
DIAMONDS EIGHT SPADES THREE,0.6372,0.0108,0.352
CLUBS FOUR HEARTS JACK,0.6322,0.0128,0.355
SPADES EIGHT DIAMONDS EIGHT,0.3104,0.0232,0.6664
SPADES TEN DIAMONDS QUEEN,0.2278,0.1182,0.654
SPADES TEN HEARTS TWO,0.6404,0.0114,0.3482
SPADES JACK HEARTS EIGHT,0.571,0.0134,0.4156
CLUBS FOUR HEARTS TEN,0.6418,0.0108,0.3474
SPADES NINE DIAMONDS EIGHT,0.5538,0.0074,0.4388
SPADES TEN HEARTS EIGHT,0.5578,0.0116,0.4306
SPADES JACK HEARTS TWO,0.6422,0.0126,0.3452
SPADES JACK DIAMONDS QUEEN,0.2384,0.0908,0.6708
SPADES SIX DIAMONDS EIGHT,0.5788,0.0102,0.411
SPADES SEVEN DIAMONDS EIGHT,0.5648,0.0104,0.4248
SPADES ACE HEARTS TWO,0.39,0.0084,0.6016
SPADES ACE DIAMONDS QUEEN,0.2244,0.017,0.7586
SPADES ACE HEARTS EIGHT,0.371,0.0034,0.6256
SPADES KING HEARTS EIGHT,0.3708,0.007,0.6222
SPADES QUEEN HEARTS TWO,0.3312,0.463,0.2058
SPADES QUEEN DIAMONDS QUEEN,0.0876,0.0272,0.8852
SPADES KING DIAMONDS QUEEN,0.244,0.0322,0.7238
SPADES KING HEARTS TWO,0.3984,0.0076,0.594
SPADES QUEEN HEARTS EIGHT,0.2218,0.232,0.5462
CLUBS TWO HEARTS TEN,0.642,0.0122,0.3458
CLUBS TWO HEARTS JACK,0.6296,0.0146,0.3558
SPADES SEVEN DIAMONDS NINE,0.5766,0.0074,0.416
SPADES SIX DIAMONDS NINE,0.5746,0.0116,0.4138
SPADES NINE DIAMONDS NINE,0.302,0.0158,0.6822
SPADES EIGHT DIAMONDS NINE,0.5648,0.0112,0.424
SPADES TEN CLUBS KING,0.336,0.0058,0.6582
DIAMONDS NINE SPADES THREE,0.631,0.0112,0.3578
SPADES JACK CLUBS KING,0.3496,0.0072,0.6432
DIAMONDS NINE SPADES TWO,0.6178,0.0116,0.3706
DIAMONDS NINE SPADES FIVE,0.7028,0.0442,0.253
DIAMONDS NINE SPADES FOUR,0.635,0.011,0.354
CLUBS NINE DIAMONDS NINE,0.298,0.0176,0.6844
CLUBS EIGHT DIAMONDS NINE,0.5484,0.0104,0.4412
CLUBS SIX DIAMONDS NINE,0.5824,0.0138,0.4038
SPADES JACK CLUBS FOUR,0.6324,0.0108,0.3568
CLUBS SEVEN DIAMONDS NINE,0.5596,0.0124,0.428
SPADES TEN CLUBS FOUR,0.6234,0.0142,0.3624
CLUBS FOUR DIAMONDS NINE,0.6402,0.0144,0.3454
DIAMONDS NINE CLUBS TWO,0.6342,0.0118,0.354
CLUBS THREE DIAMONDS NINE,0.641,0.0134,0.3456
DIAMONDS NINE HEARTS EIGHT,0.551,0.0102,0.4388
DIAMONDS NINE HEARTS NINE,0.3052,0.0142,0.6806
HEARTS SIX DIAMONDS NINE,0.5856,0.011,0.4034
DIAMONDS NINE HEARTS SEVEN,0.58,0.0086,0.4114
CLUBS EIGHT CLUBS NINE,0.5212,0.0132,0.4656
DIAMONDS ACE DIAMONDS NINE,0.344,0.0052,0.6508
HEARTS FOUR DIAMONDS NINE,0.6334,0.0132,0.3534
HEARTS FIVE DIAMONDS NINE,0.7066,0.05,0.2434
HEARTS ACE CLUBS TWO,0.3946,0.0074,0.598
SPADES ACE CLUBS FOUR,0.3792,0.0046,0.6162
DIAMONDS QUEEN DIAMONDS NINE,0.2216,0.1476,0.6308
HEARTS TWO DIAMONDS NINE,0.6374,0.0114,0.3512
CLUBS TWO HEARTS KING,0.3982,0.009,0.5928
SPADES KING CLUBS FOUR,0.3948,0.0076,0.5976
DIAMONDS KING DIAMONDS NINE,0.3348,0.0054,0.6598
HEARTS THREE DIAMONDS NINE,0.6366,0.0126,0.3508
SPADES QUEEN CLUBS FOUR,0.3234,0.4668,0.2098
DIAMONDS NINE DIAMONDS JACK,0.5202,0.0108,0.469
CLUBS EIGHT SPADES NINE,0.5452,0.0116,0.4432
DIAMONDS NINE DIAMONDS TEN,0.5034,0.0094,0.4872
CLUBS EIGHT SPADES EIGHT,0.3102,0.0188,0.671
CLUBS EIGHT SPADES SEVEN,0.567,0.0118,0.4212
CLUBS EIGHT SPADES SIX,0.5792,0.0128,0.408
CLUBS EIGHT SPADES FIVE,0.6926,0.0456,0.2618
CLUBS EIGHT SPADES FOUR,0.614,0.012,0.374
CLUBS EIGHT SPADES THREE,0.6222,0.0154,0.3624
CLUBS EIGHT SPADES TWO,0.6232,0.0112,0.3656
HEARTS SIX DIAMONDS TEN,0.5872,0.0122,0.4006
DIAMONDS TEN HEARTS SEVEN,0.5788,0.0136,0.4076
DIAMONDS TEN HEARTS EIGHT,0.5656,0.0118,0.4226
CLUBS JACK CLUBS FOUR,0.5978,0.0104,0.3918
DIAMONDS TEN HEARTS NINE,0.5356,0.0086,0.4558
CLUBS TEN CLUBS FOUR,0.6056,0.0128,0.3816
CLUBS FOUR CLUBS KING,0.3686,0.0082,0.6232
CLUBS FOUR CLUBS QUEEN,0.2944,0.4506,0.255
CLUBS TWO DIAMONDS TEN,0.6368,0.0116,0.3516
CLUBS THREE DIAMONDS TEN,0.6356,0.0124,0.352
CLUBS FOUR CLUBS ACE,0.3602,0.005,0.6348
DIAMONDS JACK DIAMONDS TEN,0.49,0.0094,0.5006
DIAMONDS QUEEN DIAMONDS TEN,0.2216,0.1094,0.669
HEARTS TWO DIAMONDS TEN,0.6274,0.011,0.3616
DIAMONDS KING DIAMONDS TEN,0.3248,0.0062,0.669
HEARTS THREE DIAMONDS TEN,0.632,0.0134,0.3546
DIAMONDS ACE DIAMONDS TEN,0.33,0.0032,0.6668
HEARTS FOUR DIAMONDS TEN,0.643,0.013,0.344
CLUBS EIGHT HEARTS JACK,0.575,0.013,0.412
HEARTS FIVE DIAMONDS TEN,0.7142,0.0466,0.2392
CLUBS EIGHT HEARTS TEN,0.5674,0.0122,0.4204
CLUBS EIGHT HEARTS KING,0.3564,0.0086,0.635
CLUBS EIGHT HEARTS ACE,0.3514,0.0058,0.6428
CLUBS NINE SPADES THREE,0.6296,0.0158,0.3546
CLUBS NINE SPADES TWO,0.625,0.012,0.363
CLUBS NINE SPADES FIVE,0.7058,0.047,0.2472
CLUBS NINE SPADES FOUR,0.6306,0.013,0.3564
CLUBS NINE SPADES SEVEN,0.5632,0.0102,0.4266
CLUBS NINE SPADES SIX,0.5842,0.0124,0.4034
CLUBS NINE SPADES NINE,0.304,0.0186,0.6774
CLUBS TEN HEARTS EIGHT,0.5584,0.0136,0.428
CLUBS NINE SPADES EIGHT,0.55,0.0108,0.4392
CLUBS JACK HEARTS EIGHT,0.5702,0.0118,0.418
CLUBS QUEEN HEARTS EIGHT,0.234,0.228,0.538
CLUBS KING HEARTS EIGHT,0.3532,0.0086,0.6382
CLUBS ACE HEARTS EIGHT,0.3514,0.005,0.6436
SPADES KING CLUBS KING,0.1392,0.0036,0.8572
SPADES QUEEN CLUBS KING,0.225,0.0286,0.7464
SPADES ACE CLUBS KING,0.3214,0.0018,0.6768
DIAMONDS ACE HEARTS TEN,0.351,0.0052,0.6438
HEARTS FOUR HEARTS TEN,0.6114,0.013,0.3756
DIAMONDS ACE HEARTS JACK,0.3494,0.004,0.6466
HEARTS FOUR HEARTS JACK,0.6064,0.0146,0.379
DIAMONDS JACK HEARTS SEVEN,0.5946,0.012,0.3934
HEARTS SIX DIAMONDS JACK,0.6228,0.01,0.3672
DIAMONDS JACK HEARTS NINE,0.563,0.0124,0.4246
DIAMONDS JACK HEARTS EIGHT,0.57,0.0106,0.4194
DIAMONDS KING DIAMONDS JACK,0.3182,0.0052,0.6766
HEARTS THREE DIAMONDS JACK,0.642,0.0124,0.3456
SPADES ACE SPADES SIX,0.3356,0.0048,0.6596
HEARTS ACE SPADES FOUR,0.372,0.0048,0.6232
DIAMONDS QUEEN DIAMONDS JACK,0.229,0.082,0.689
HEARTS TWO DIAMONDS JACK,0.6486,0.0114,0.34
HEARTS FIVE DIAMONDS JACK,0.723,0.0532,0.2238
SPADES QUEEN SPADES SIX,0.214,0.3622,0.4238
DIAMONDS ACE DIAMONDS JACK,0.348,0.0032,0.6488
HEARTS FOUR DIAMONDS JACK,0.6334,0.0136,0.353
SPADES KING SPADES SIX,0.3476,0.0076,0.6448
SPADES FOUR HEARTS KING,0.3882,0.0076,0.6042
SPADES TEN SPADES SIX,0.5404,0.01,0.4496
SPADES JACK SPADES SIX,0.564,0.008,0.428
SPADES FOUR DIAMONDS JACK,0.64,0.0134,0.3466
SPADES FIVE DIAMONDS JACK,0.7162,0.0502,0.2336
DIAMONDS JACK SPADES TWO,0.6392,0.0104,0.3504
DIAMONDS JACK SPADES THREE,0.6154,0.011,0.3736
SPADES ACE DIAMONDS THREE,0.3822,0.0038,0.614
CLUBS EIGHT DIAMONDS JACK,0.5774,0.0112,0.4114
SPADES QUEEN DIAMONDS THREE,0.312,0.4656,0.2224
SPADES KING DIAMONDS THREE,0.3958,0.0066,0.5976
CLUBS NINE DIAMONDS JACK,0.567,0.0108,0.4222
CLUBS SIX DIAMONDS JACK,0.601,0.0098,0.3892
CLUBS SEVEN DIAMONDS JACK,0.5858,0.0084,0.4058
CLUBS FOUR DIAMONDS JACK,0.6332,0.0112,0.3556
CLUBS TWO DIAMONDS JACK,0.6412,0.0108,0.348
CLUBS THREE DIAMONDS JACK,0.6372,0.0102,0.3526
HEARTS SIX SPADES JACK,0.6108,0.01,0.3792
HEARTS SIX SPADES TEN,0.5962,0.0122,0.3916
SPADES JACK DIAMONDS THREE,0.6252,0.011,0.3638
CLUBS SEVEN CLUBS ACE,0.3432,0.0034,0.6534
DIAMONDS THREE SPADES TEN,0.6318,0.0128,0.3554
CLUBS SEVEN CLUBS QUEEN,0.2114,0.2958,0.4928
CLUBS SEVEN CLUBS KING,0.3514,0.0092,0.6394
SPADES NINE DIAMONDS JACK,0.5526,0.012,0.4354
CLUBS TEN CLUBS SEVEN,0.5452,0.0108,0.444
DIAMONDS ACE HEARTS ACE,0.1292,0.003,0.8678
HEARTS FOUR HEARTS ACE,0.3688,0.005,0.6262
SPADES EIGHT DIAMONDS JACK,0.5706,0.01,0.4194
SPADES ACE HEARTS SIX,0.358,0.0036,0.6384
CLUBS JACK CLUBS SEVEN,0.5462,0.011,0.4428
DIAMONDS ACE HEARTS KING,0.3152,0.0032,0.6816
HEARTS FOUR HEARTS KING,0.3788,0.0082,0.613
SPADES SEVEN DIAMONDS JACK,0.5784,0.0104,0.4112
SPADES KING HEARTS SIX,0.3714,0.0082,0.6204
SPADES QUEEN HEARTS SIX,0.2288,0.3906,0.3806
SPADES SIX DIAMONDS JACK,0.604,0.0096,0.3864
DIAMONDS TEN SPADES TWO,0.6134,0.016,0.3706
SPADES THREE DIAMONDS TEN,0.6192,0.0116,0.3692
SPADES FOUR DIAMONDS TEN,0.6398,0.0128,0.3474
SPADES FIVE DIAMONDS TEN,0.717,0.0454,0.2376
SPADES SIX DIAMONDS TEN,0.5866,0.0096,0.4038
SPADES SEVEN DIAMONDS TEN,0.5688,0.0096,0.4216
SPADES EIGHT DIAMONDS TEN,0.5594,0.0098,0.4308
SPADES NINE DIAMONDS TEN,0.5414,0.0094,0.4492
CLUBS FOUR DIAMONDS TEN,0.6316,0.0162,0.3522
CLUBS SIX DIAMONDS TEN,0.5856,0.013,0.4014
CLUBS SEVEN DIAMONDS TEN,0.5806,0.0108,0.4086
CLUBS EIGHT DIAMONDS TEN,0.5552,0.011,0.4338
CLUBS NINE DIAMONDS TEN,0.5464,0.0094,0.4442
CLUBS JACK DIAMONDS THREE,0.627,0.0124,0.3606
CLUBS TEN DIAMONDS THREE,0.6214,0.0126,0.366
DIAMONDS THREE CLUBS KING,0.3882,0.0076,0.6042
DIAMONDS THREE CLUBS QUEEN,0.3188,0.468,0.2132
DIAMONDS THREE CLUBS ACE,0.3846,0.006,0.6094
SPADES FOUR HEARTS JACK,0.6322,0.0118,0.356
SPADES FOUR HEARTS TEN,0.621,0.0136,0.3654
SPADES FIVE SPADES TWO,0.6526,0.0492,0.2982
SPADES FOUR SPADES TWO,0.5988,0.0128,0.3884
SPADES THREE SPADES TWO,0.5936,0.0146,0.3918
SPADES NINE SPADES TWO,0.5788,0.013,0.4082
SPADES EIGHT SPADES TWO,0.5884,0.0126,0.399
SPADES SEVEN SPADES TWO,0.604,0.0106,0.3854
SPADES SIX SPADES TWO,0.5892,0.0098,0.401
DIAMONDS QUEEN CLUBS THREE,0.33,0.4618,0.2082
CLUBS THREE HEARTS TWO,0.6446,0.0152,0.3402
DIAMONDS QUEEN CLUBS TWO,0.325,0.4606,0.2144
HEARTS TWO CLUBS TWO,0.4378,0.0312,0.531
DIAMONDS QUEEN HEARTS SEVEN,0.2272,0.3112,0.4616
HEARTS TWO HEARTS SEVEN,0.6064,0.0144,0.3792
HEARTS SIX DIAMONDS QUEEN,0.2298,0.3738,0.3964
HEARTS SIX HEARTS TWO,0.6144,0.0136,0.372
DIAMONDS QUEEN HEARTS NINE,0.2318,0.1646,0.6036
HEARTS TWO HEARTS NINE,0.6002,0.0104,0.3894
DIAMONDS QUEEN HEARTS EIGHT,0.2334,0.226,0.5406
HEARTS TWO HEARTS EIGHT,0.6028,0.013,0.3842
CLUBS NINE HEARTS TWO,0.6332,0.0154,0.3514
CLUBS NINE DIAMONDS QUEEN,0.2322,0.1666,0.6012
CLUBS EIGHT DIAMONDS QUEEN,0.2186,0.2252,0.5562
CLUBS EIGHT HEARTS TWO,0.6278,0.0146,0.3576
SPADES EIGHT HEARTS ACE,0.3642,0.0044,0.6314
DIAMONDS QUEEN CLUBS FOUR,0.3268,0.4646,0.2086
HEARTS TWO CLUBS FOUR,0.6482,0.018,0.3338
CLUBS SEVEN DIAMONDS QUEEN,0.221,0.308,0.471
CLUBS SEVEN HEARTS TWO,0.6452,0.0154,0.3394
CLUBS SIX DIAMONDS QUEEN,0.2208,0.3814,0.3978
CLUBS SIX HEARTS TWO,0.634,0.0182,0.3478
SPADES EIGHT HEARTS KING,0.374,0.008,0.618
HEARTS TWO SPADES SIX,0.633,0.0162,0.3508
DIAMONDS QUEEN SPADES SIX,0.2198,0.3824,0.3978
HEARTS FOUR CLUBS QUEEN,0.3098,0.482,0.2082
DIAMONDS ACE CLUBS QUEEN,0.2248,0.0194,0.7558
DIAMONDS QUEEN SPADES SEVEN,0.2284,0.3062,0.4654
HEARTS TWO SPADES SEVEN,0.6488,0.0124,0.3388
HEARTS FOUR CLUBS KING,0.3904,0.0086,0.601
DIAMONDS ACE CLUBS KING,0.329,0.0046,0.6664
DIAMONDS QUEEN SPADES EIGHT,0.2388,0.217,0.5442
SPADES EIGHT HEARTS TWO,0.6318,0.0134,0.3548
HEARTS FOUR CLUBS ACE,0.3774,0.004,0.6186
DIAMONDS ACE CLUBS ACE,0.1162,0.0032,0.8806
SPADES NINE DIAMONDS QUEEN,0.237,0.1698,0.5932
SPADES NINE HEARTS TWO,0.6302,0.0106,0.3592
HEARTS TWO SPADES TWO,0.4424,0.0364,0.5212
DIAMONDS QUEEN SPADES TWO,0.3412,0.4428,0.216
HEARTS TWO SPADES THREE,0.6414,0.0136,0.345
DIAMONDS QUEEN SPADES THREE,0.3242,0.4592,0.2166
HEARTS TWO SPADES FOUR,0.6468,0.0152,0.338
DIAMONDS QUEEN SPADES FOUR,0.3362,0.4468,0.217
CLUBS TEN HEARTS FOUR,0.641,0.0122,0.3468
CLUBS TEN DIAMONDS ACE,0.3524,0.0038,0.6438
HEARTS TWO SPADES FIVE,0.6968,0.0522,0.251
DIAMONDS QUEEN SPADES FIVE,0.0238,0.9562,0.02
HEARTS FOUR CLUBS JACK,0.636,0.0114,0.3526
CLUBS JACK DIAMONDS ACE,0.3456,0.0036,0.6508
SPADES KING CLUBS JACK,0.3492,0.0082,0.6426
CLUBS JACK SPADES QUEEN,0.2418,0.0944,0.6638
SPADES ACE CLUBS JACK,0.346,0.0038,0.6502
SPADES SIX CLUBS KING,0.3562,0.0068,0.637
SPADES SIX CLUBS QUEEN,0.2126,0.3976,0.3898
SPADES EIGHT HEARTS JACK,0.5838,0.0118,0.4044
SPADES SIX CLUBS ACE,0.3658,0.0024,0.6318
SPADES EIGHT HEARTS TEN,0.5584,0.0094,0.4322
CLUBS JACK SPADES SIX,0.617,0.0114,0.3716
CLUBS TEN SPADES SIX,0.5868,0.007,0.4062
CLUBS JACK SPADES TEN,0.534,0.0092,0.4568
CLUBS JACK SPADES JACK,0.2808,0.0128,0.7064
SPADES QUEEN CLUBS SEVEN,0.2284,0.3102,0.4614
SPADES KING CLUBS SEVEN,0.3708,0.0078,0.6214
SPADES ACE CLUBS SEVEN,0.36,0.0066,0.6334
SPADES SIX HEARTS TEN,0.5956,0.0102,0.3942
SPADES SIX HEARTS JACK,0.5946,0.0118,0.3936
SPADES SIX HEARTS ACE,0.3444,0.0042,0.6514
SPADES SIX HEARTS KING,0.3556,0.0078,0.6366
SPADES JACK CLUBS SEVEN,0.5882,0.0096,0.4022
SPADES TEN CLUBS SEVEN,0.5522,0.0112,0.4366
CLUBS TEN HEARTS SIX,0.5958,0.0104,0.3938
CLUBS JACK HEARTS SIX,0.6074,0.0094,0.3832
CLUBS JACK CLUBS ACE,0.3422,0.0042,0.6536
HEARTS SIX CLUBS QUEEN,0.2116,0.403,0.3854
HEARTS SIX CLUBS KING,0.3548,0.0084,0.6368
HEARTS SIX CLUBS ACE,0.3568,0.0044,0.6388
CLUBS JACK CLUBS QUEEN,0.216,0.0916,0.6924
CLUBS JACK CLUBS KING,0.3276,0.0076,0.6648
DIAMONDS THREE HEARTS ACE,0.3858,0.0052,0.609
DIAMONDS THREE HEARTS KING,0.383,0.0098,0.6072
SPADES TEN DIAMONDS ACE,0.3358,0.0024,0.6618
HEARTS FOUR SPADES TEN,0.6306,0.011,0.3584
HEARTS FOUR SPADES JACK,0.6394,0.0122,0.3484
SPADES JACK DIAMONDS ACE,0.3422,0.0042,0.6536
SPADES ACE HEARTS FOUR,0.3704,0.0042,0.6254
SPADES ACE DIAMONDS ACE,0.1268,0.0026,0.8706
HEARTS FOUR SPADES QUEEN,0.3216,0.46,0.2184
SPADES QUEEN DIAMONDS ACE,0.2288,0.0188,0.7524
CLUBS JACK SPADES FOUR,0.6382,0.0116,0.3502
SPADES KING DIAMONDS ACE,0.3282,0.0042,0.6676
HEARTS FOUR SPADES KING,0.3856,0.0098,0.6046
CLUBS TEN SPADES FOUR,0.6308,0.0136,0.3556
DIAMONDS QUEEN DIAMONDS ACE,0.2204,0.0158,0.7638
HEARTS TWO DIAMONDS ACE,0.3836,0.0048,0.6116
HEARTS FOUR DIAMONDS QUEEN,0.3112,0.4728,0.216
HEARTS FOUR HEARTS TWO,0.6088,0.0166,0.3746
DIAMONDS THREE HEARTS TEN,0.6386,0.0104,0.351
SPADES FOUR CLUBS KING,0.3774,0.009,0.6136
HEARTS FIVE DIAMONDS QUEEN,0.0178,0.9708,0.0114
HEARTS FIVE HEARTS TWO,0.6672,0.0526,0.2802
DIAMONDS THREE HEARTS JACK,0.6286,0.0126,0.3588
SPADES FOUR CLUBS QUEEN,0.3096,0.4658,0.2246
DIAMONDS QUEEN HEARTS TWO,0.3322,0.451,0.2168
DIAMONDS KING DIAMONDS QUEEN,0.2262,0.0248,0.749
DIAMONDS KING HEARTS TWO,0.4076,0.0078,0.5846
HEARTS THREE DIAMONDS QUEEN,0.3302,0.4584,0.2114
HEARTS THREE HEARTS TWO,0.6162,0.0148,0.369
SPADES FOUR CLUBS ACE,0.3746,0.0054,0.62
HEARTS TWO CLUBS ACE,0.3836,0.008,0.6084
DIAMONDS QUEEN CLUBS ACE,0.2372,0.0164,0.7464
HEARTS TWO CLUBS QUEEN,0.3196,0.4652,0.2152
DIAMONDS QUEEN CLUBS QUEEN,0.081,0.0226,0.8964
HEARTS TWO CLUBS KING,0.3914,0.0076,0.601
DIAMONDS QUEEN CLUBS KING,0.2266,0.0256,0.7478
SPADES EIGHT SPADES FIVE,0.636,0.0436,0.3204
CLUBS TEN HEARTS TWO,0.6358,0.0144,0.3498
CLUBS TEN DIAMONDS QUEEN,0.2278,0.1142,0.658
SPADES NINE SPADES FIVE,0.6538,0.0452,0.301
CLUBS JACK HEARTS TWO,0.6408,0.0146,0.3446
CLUBS JACK DIAMONDS QUEEN,0.2216,0.0918,0.6866
SPADES SIX SPADES FIVE,0.6288,0.0424,0.3288
SPADES SEVEN SPADES FIVE,0.6384,0.043,0.3186
DIAMONDS FIVE CLUBS QUEEN,0.0118,0.968,0.0202
SPADES EIGHT CLUBS ACE,0.362,0.0048,0.6332
DIAMONDS FIVE CLUBS KING,0.2276,0.04,0.7324
SPADES EIGHT CLUBS KING,0.3758,0.0072,0.617
DIAMONDS FIVE CLUBS ACE,0.23,0.0298,0.7402
SPADES EIGHT CLUBS QUEEN,0.228,0.216,0.556
CLUBS JACK SPADES EIGHT,0.5772,0.0104,0.4124
CLUBS TEN SPADES EIGHT,0.5616,0.0104,0.428
CLUBS TEN DIAMONDS FIVE,0.718,0.044,0.238
CLUBS JACK DIAMONDS FIVE,0.7074,0.0618,0.2308
HEARTS JACK DIAMONDS TEN,0.5464,0.0092,0.4444
DIAMONDS TEN HEARTS TEN,0.2814,0.0118,0.7068
SPADES ACE CLUBS NINE,0.3582,0.0042,0.6376
SPADES QUEEN CLUBS NINE,0.221,0.1742,0.6048
SPADES KING CLUBS NINE,0.3378,0.009,0.6532
HEARTS SIX HEARTS KING,0.345,0.0086,0.6464
DIAMONDS KING SPADES SEVEN,0.3588,0.0064,0.6348
HEARTS THREE SPADES SEVEN,0.6342,0.0118,0.354
SPADES KING DIAMONDS SEVEN,0.3646,0.0072,0.6282
SPADES QUEEN DIAMONDS SEVEN,0.2418,0.2952,0.463
HEARTS THREE SPADES SIX,0.6106,0.0122,0.3772
DIAMONDS KING SPADES SIX,0.363,0.0072,0.6298
DIAMONDS KING SPADES NINE,0.355,0.0066,0.6384
HEARTS THREE SPADES NINE,0.6392,0.0126,0.3482
HEARTS SIX HEARTS ACE,0.3488,0.0044,0.6468
DIAMONDS KING SPADES EIGHT,0.3666,0.0076,0.6258
HEARTS THREE SPADES EIGHT,0.6262,0.0142,0.3596
