opposingHand,winningChance,drawChance,lostChance
CLUBS THREE CLUBS ACE
HEARTS FIVE SPADES TEN,0.6356,0.0038,0.3606
SPADES JACK HEARTS FIVE,0.6348,0.0036,0.3616
SPADES FIVE CLUBS JACK,0.6192,0.005,0.3758
CLUBS TEN SPADES FIVE,0.6248,0.005,0.3702
CLUBS EIGHT CLUBS JACK,0.5818,0.0044,0.4138
CLUBS TEN CLUBS EIGHT,0.5934,0.0054,0.4012
CLUBS EIGHT CLUBS KING,0.6066,0.0058,0.3876
CLUBS EIGHT CLUBS QUEEN,0.607,0.0072,0.3858
SPADES FIVE CLUBS KING,0.6312,0.0062,0.3626
SPADES FIVE CLUBS QUEEN,0.6262,0.0056,0.3682
DIAMONDS TWO DIAMONDS THREE,0.7228,0.0196,0.2576
DIAMONDS TWO DIAMONDS FIVE,0.6138,0.0072,0.379
SPADES KING HEARTS FIVE,0.6334,0.005,0.3616
DIAMONDS TWO DIAMONDS FOUR,0.6268,0.0046,0.3686
SPADES QUEEN HEARTS FIVE,0.6444,0.0062,0.3494
DIAMONDS TWO DIAMONDS SEVEN,0.631,0.0058,0.3632
DIAMONDS TWO DIAMONDS SIX,0.6362,0.0046,0.3592
SPADES ACE HEARTS FIVE,0.2634,0.4332,0.3034
DIAMONDS TWO DIAMONDS NINE,0.6372,0.0046,0.3582
DIAMONDS TWO DIAMONDS EIGHT,0.6258,0.005,0.3692
DIAMONDS THREE DIAMONDS FOUR,0.689,0.0186,0.2924
CLUBS TWO SPADES FOUR,0.6618,0.0058,0.3324
DIAMONDS THREE DIAMONDS FIVE,0.6884,0.0172,0.2944
CLUBS TWO SPADES FIVE,0.6538,0.0052,0.341
CLUBS TWO SPADES TWO,0.4934,0.008,0.4986
CLUBS TWO SPADES THREE,0.7568,0.0198,0.2234
DIAMONDS THREE DIAMONDS EIGHT,0.7136,0.015,0.2714
SPADES EIGHT CLUBS TWO,0.6608,0.0056,0.3336
DIAMONDS THREE DIAMONDS NINE,0.7142,0.0216,0.2642
SPADES NINE CLUBS TWO,0.667,0.0042,0.3288
DIAMONDS THREE DIAMONDS SIX,0.7188,0.0134,0.2678
CLUBS TWO SPADES SIX,0.6586,0.006,0.3354
DIAMONDS THREE DIAMONDS SEVEN,0.713,0.0162,0.2708
CLUBS TWO SPADES SEVEN,0.6632,0.0052,0.3316
CLUBS SIX CLUBS TWO,0.665,0.0062,0.3288
CLUBS SEVEN CLUBS TWO,0.666,0.0054,0.3286
CLUBS TWO CLUBS FOUR,0.6492,0.0062,0.3446
CLUBS FIVE CLUBS TWO,0.6452,0.0042,0.3506
CLUBS TEN CLUBS JACK,0.5724,0.0044,0.4232
DIAMONDS FOUR DIAMONDS SIX,0.5878,0.0058,0.4064
CLUBS TEN CLUBS QUEEN,0.5802,0.0066,0.4132
DIAMONDS FOUR DIAMONDS SEVEN,0.571,0.0052,0.4238
CLUBS TEN CLUBS KING,0.5912,0.0058,0.403
CLUBS EIGHT CLUBS TWO,0.6628,0.0044,0.3328
DIAMONDS FIVE DIAMONDS FOUR,0.5656,0.0072,0.4272
CLUBS NINE CLUBS TWO,0.6598,0.008,0.3322
DIAMONDS NINE DIAMONDS FOUR,0.6008,0.0048,0.3944
DIAMONDS EIGHT DIAMONDS FOUR,0.5998,0.0062,0.394
DIAMONDS NINE DIAMONDS FIVE,0.5888,0.0046,0.4066
DIAMONDS TWO CLUBS JACK,0.6608,0.0064,0.3328
DIAMONDS EIGHT DIAMONDS FIVE,0.5796,0.0048,0.4156
CLUBS TEN DIAMONDS TWO,0.6602,0.0068,0.333
DIAMONDS FIVE DIAMONDS SEVEN,0.58,0.0062,0.4138
DIAMONDS FIVE DIAMONDS SIX,0.574,0.0048,0.4212
DIAMONDS TWO CLUBS KING,0.6608,0.0072,0.332
DIAMONDS TWO CLUBS QUEEN,0.6608,0.006,0.3332
DIAMONDS EIGHT DIAMONDS SIX,0.565,0.0042,0.4308
DIAMONDS NINE DIAMONDS SIX,0.574,0.0028,0.4232
HEARTS ACE SPADES THREE,0.0752,0.9046,0.0202
HEARTS KING SPADES THREE,0.7674,0.0212,0.2114
DIAMONDS SEVEN DIAMONDS SIX,0.5542,0.005,0.4408
SPADES THREE HEARTS QUEEN,0.7568,0.021,0.2222
HEARTS JACK SPADES THREE,0.749,0.0188,0.2322
SPADES THREE HEARTS TEN,0.7546,0.0184,0.227
DIAMONDS EIGHT DIAMONDS SEVEN,0.5532,0.0044,0.4424
DIAMONDS NINE DIAMONDS SEVEN,0.5672,0.0046,0.4282
DIAMONDS NINE DIAMONDS EIGHT,0.546,0.0048,0.4492
DIAMONDS KING HEARTS TEN,0.5912,0.0048,0.404
HEARTS THREE HEARTS TEN,0.7128,0.0206,0.2666
SPADES JACK CLUBS SIX,0.6194,0.0046,0.376
DIAMONDS KING HEARTS JACK,0.5986,0.006,0.3954
HEARTS THREE HEARTS JACK,0.7122,0.0198,0.268
SPADES TEN CLUBS SIX,0.615,0.0054,0.3796
SPADES JACK SPADES FIVE,0.6026,0.006,0.3914
SPADES TEN SPADES FIVE,0.6,0.006,0.394
DIAMONDS KING HEARTS ACE,0.3096,0.0522,0.6382
HEARTS THREE HEARTS ACE,0.0718,0.8588,0.0694
SPADES ACE CLUBS SIX,0.2756,0.355,0.3694
DIAMONDS KING HEARTS QUEEN,0.5888,0.0056,0.4056
HEARTS THREE HEARTS QUEEN,0.711,0.0226,0.2664
SPADES KING CLUBS SIX,0.6236,0.003,0.3734
DIAMONDS KING HEARTS KING,0.3326,0.004,0.6634
HEARTS THREE HEARTS KING,0.7256,0.0192,0.2552
SPADES QUEEN CLUBS SIX,0.6152,0.0048,0.38
SPADES NINE HEARTS TEN,0.599,0.004,0.397
SPADES NINE HEARTS JACK,0.5922,0.0048,0.403
SPADES QUEEN SPADES FIVE,0.592,0.005,0.403
SPADES KING SPADES FIVE,0.5962,0.0032,0.4006
SPADES ACE SPADES FIVE,0.2538,0.4136,0.3326
SPADES NINE HEARTS QUEEN,0.5992,0.0034,0.3974
SPADES NINE HEARTS KING,0.6066,0.005,0.3884
SPADES NINE HEARTS ACE,0.2968,0.1544,0.5488
CLUBS TEN SPADES JACK,0.5656,0.0044,0.43
CLUBS TEN SPADES TEN,0.3544,0.0052,0.6404
SPADES ACE CLUBS TEN,0.2774,0.1128,0.6098
SPADES KING CLUBS TEN,0.5914,0.0062,0.4024
CLUBS TEN SPADES QUEEN,0.5766,0.0078,0.4156
SPADES FIVE HEARTS QUEEN,0.6372,0.0036,0.3592
HEARTS KING SPADES FIVE,0.6284,0.0032,0.3684
SPADES FIVE HEARTS ACE,0.277,0.4172,0.3058
CLUBS EIGHT SPADES TEN,0.5892,0.0044,0.4064
HEARTS THREE SPADES JACK,0.7472,0.023,0.2298
SPADES JACK DIAMONDS KING,0.6026,0.0064,0.391
SPADES TEN DIAMONDS KING,0.596,0.0044,0.3996
HEARTS THREE SPADES TEN,0.76,0.0146,0.2254
SPADES JACK CLUBS EIGHT,0.5872,0.0052,0.4076
CLUBS SIX HEARTS ACE,0.2728,0.3674,0.3598
SPADES ACE CLUBS EIGHT,0.276,0.21,0.514
HEARTS FIVE CLUBS JACK,0.616,0.0056,0.3784
CLUBS TEN HEARTS FIVE,0.6354,0.0052,0.3594
CLUBS SIX HEARTS QUEEN,0.6278,0.0066,0.3656
SPADES QUEEN CLUBS EIGHT,0.6022,0.0048,0.393
CLUBS TEN SPADES THREE,0.7484,0.0194,0.2322
CLUBS SIX HEARTS KING,0.6372,0.0068,0.356
SPADES KING CLUBS EIGHT,0.6232,0.0038,0.373
SPADES THREE CLUBS JACK,0.7502,0.0228,0.227
DIAMONDS TWO HEARTS JACK,0.6704,0.0042,0.3254
SPADES THREE CLUBS QUEEN,0.7544,0.0258,0.2198
DIAMONDS TWO HEARTS TEN,0.6632,0.0042,0.3326
SPADES THREE CLUBS KING,0.756,0.0202,0.2238
SPADES FIVE HEARTS TEN,0.633,0.0042,0.3628
HEARTS FIVE CLUBS KING,0.6264,0.0046,0.369
SPADES FIVE HEARTS JACK,0.6278,0.003,0.3692
HEARTS FIVE CLUBS QUEEN,0.6326,0.0038,0.3636
HEARTS THREE CLUBS KING,0.7484,0.0206,0.231
DIAMONDS KING CLUBS KING,0.3196,0.0048,0.6756
HEARTS THREE CLUBS QUEEN,0.7546,0.0196,0.2258
DIAMONDS KING CLUBS QUEEN,0.584,0.0058,0.4102
HEARTS FIVE HEARTS JACK,0.5866,0.005,0.4084
HEARTS FIVE HEARTS TEN,0.6036,0.0054,0.391
SPADES ACE CLUBS QUEEN,0.296,0.0596,0.6444
SPADES KING CLUBS QUEEN,0.5826,0.0066,0.4108
HEARTS THREE CLUBS JACK,0.7448,0.0216,0.2336
DIAMONDS KING CLUBS JACK,0.601,0.0054,0.3936
SPADES QUEEN CLUBS QUEEN,0.341,0.0058,0.6532
CLUBS TEN HEARTS THREE,0.7472,0.0218,0.231
CLUBS TEN DIAMONDS KING,0.589,0.007,0.404
SPADES JACK CLUBS QUEEN,0.5914,0.0062,0.4024
CLUBS SIX CLUBS QUEEN,0.6118,0.0044,0.3838
SPADES TEN CLUBS QUEEN,0.5688,0.007,0.4242
CLUBS SIX CLUBS KING,0.6108,0.0048,0.3844
HEARTS FIVE HEARTS KING,0.6034,0.0064,0.3902
HEARTS FIVE HEARTS QUEEN,0.602,0.005,0.393
CLUBS TEN CLUBS SIX,0.6066,0.0042,0.3892
HEARTS FIVE HEARTS ACE,0.2566,0.4062,0.3372
CLUBS SIX CLUBS JACK,0.6282,0.007,0.3648
SPADES SEVEN HEARTS JACK,0.627,0.0028,0.3702
SPADES SEVEN HEARTS TEN,0.6096,0.0054,0.385
DIAMONDS TWO CLUBS TWO,0.499,0.0056,0.4954
HEARTS SIX DIAMONDS TWO,0.664,0.0066,0.3294
DIAMONDS TWO HEARTS QUEEN,0.6724,0.006,0.3216
DIAMONDS TWO HEARTS SEVEN,0.6654,0.0048,0.3298
DIAMONDS TWO HEARTS KING,0.6678,0.0052,0.327
DIAMONDS TWO HEARTS EIGHT,0.667,0.0074,0.3256
DIAMONDS TWO HEARTS ACE,0.3006,0.4872,0.2122
DIAMONDS TWO HEARTS NINE,0.6672,0.0054,0.3274
DIAMONDS TWO DIAMONDS QUEEN,0.6286,0.0072,0.3642
DIAMONDS TWO HEARTS TWO,0.4916,0.0068,0.5016
DIAMONDS TWO DIAMONDS KING,0.614,0.0054,0.3806
HEARTS THREE DIAMONDS TWO,0.7578,0.0202,0.222
DIAMONDS TWO DIAMONDS ACE,0.294,0.4482,0.2578
HEARTS FOUR DIAMONDS TWO,0.6698,0.0056,0.3246
DIAMONDS TWO HEARTS FIVE,0.67,0.0042,0.3258
SPADES SEVEN HEARTS ACE,0.287,0.2774,0.4356
DIAMONDS TWO DIAMONDS TEN,0.6208,0.0046,0.3746
SPADES SEVEN HEARTS KING,0.6248,0.0044,0.3708
DIAMONDS TWO DIAMONDS JACK,0.6238,0.0056,0.3706
SPADES SEVEN HEARTS QUEEN,0.6234,0.0054,0.3712
DIAMONDS TWO SPADES NINE,0.6628,0.0062,0.331
DIAMONDS TWO SPADES EIGHT,0.6594,0.006,0.3346
DIAMONDS TWO SPADES SEVEN,0.6672,0.007,0.3258
DIAMONDS TWO SPADES SIX,0.6604,0.0058,0.3338
DIAMONDS TWO SPADES FIVE,0.6516,0.0054,0.343
DIAMONDS TWO SPADES FOUR,0.6658,0.0046,0.3296
DIAMONDS TWO SPADES THREE,0.7492,0.0194,0.2314
DIAMONDS TWO SPADES TWO,0.5004,0.006,0.4936
CLUBS NINE DIAMONDS TWO,0.6644,0.0042,0.3314
DIAMONDS TWO CLUBS EIGHT,0.6644,0.0046,0.331
CLUBS SEVEN DIAMONDS TWO,0.6622,0.0046,0.3332
DIAMONDS TWO CLUBS SIX,0.6622,0.0052,0.3326
DIAMONDS TWO CLUBS FIVE,0.6488,0.0062,0.345
DIAMONDS TWO CLUBS FOUR,0.657,0.005,0.338
CLUBS FOUR SPADES FIVE,0.6038,0.0074,0.3888
CLUBS FOUR SPADES FOUR,0.4058,0.0074,0.5868
CLUBS FOUR SPADES THREE,0.7404,0.0178,0.2418
CLUBS FOUR SPADES TWO,0.6504,0.0076,0.342
SPADES NINE CLUBS FOUR,0.6522,0.0054,0.3424
SPADES EIGHT CLUBS FOUR,0.622,0.0058,0.3722
SPADES SEVEN CLUBS FOUR,0.626,0.0038,0.3702
CLUBS FOUR SPADES SIX,0.6182,0.0058,0.376
SPADES ACE DIAMONDS SIX,0.2838,0.361,0.3552
SPADES QUEEN DIAMONDS SIX,0.63,0.0036,0.3664
SPADES KING DIAMONDS SIX,0.6214,0.0032,0.3754
SPADES TEN DIAMONDS SIX,0.617,0.006,0.377
SPADES JACK DIAMONDS SIX,0.6222,0.005,0.3728
SPADES QUEEN SPADES TWO,0.625,0.0046,0.3704
SPADES KING SPADES TWO,0.6234,0.0058,0.3708
SPADES ACE SPADES TWO,0.2924,0.4604,0.2472
DIAMONDS JACK CLUBS JACK,0.3508,0.0036,0.6456
CLUBS TEN DIAMONDS JACK,0.5688,0.0056,0.4256
DIAMONDS JACK CLUBS KING,0.5914,0.0068,0.4018
DIAMONDS JACK CLUBS QUEEN,0.5814,0.004,0.4146
DIAMONDS THREE DIAMONDS JACK,0.7214,0.0184,0.2602
DIAMONDS THREE DIAMONDS TEN,0.7088,0.0212,0.27
DIAMONDS THREE DIAMONDS KING,0.7122,0.0218,0.266
HEARTS THREE DIAMONDS THREE,0.37,0.0164,0.6136
DIAMONDS THREE DIAMONDS QUEEN,0.7206,0.019,0.2604
DIAMONDS THREE HEARTS TWO,0.7416,0.0206,0.2378
HEARTS FIVE DIAMONDS THREE,0.7394,0.018,0.2426
DIAMONDS THREE DIAMONDS ACE,0.0734,0.8544,0.0722
HEARTS FOUR DIAMONDS THREE,0.749,0.0164,0.2346
DIAMONDS THREE HEARTS SEVEN,0.7438,0.0172,0.239
SPADES TEN SPADES NINE,0.5324,0.0048,0.4628
HEARTS SIX DIAMONDS THREE,0.7614,0.0164,0.2222
SPADES JACK SPADES NINE,0.5594,0.0058,0.4348
DIAMONDS THREE HEARTS NINE,0.7568,0.0212,0.222
HEARTS JACK DIAMONDS FOUR,0.644,0.0056,0.3504
HEARTS KING HEARTS ACE,0.29,0.0466,0.6634
SPADES TEN SPADES TWO,0.624,0.0052,0.3708
DIAMONDS THREE HEARTS EIGHT,0.7644,0.0138,0.2218
HEARTS TEN DIAMONDS FOUR,0.6398,0.0026,0.3576
SPADES JACK SPADES TWO,0.6178,0.0046,0.3776
HEARTS QUEEN DIAMONDS FOUR,0.643,0.0036,0.3534
HEARTS KING DIAMONDS FOUR,0.6474,0.0044,0.3482
SPADES ACE SPADES NINE,0.2802,0.1712,0.5486
HEARTS ACE DIAMONDS FOUR,0.2604,0.4922,0.2474
SPADES KING SPADES NINE,0.5832,0.0052,0.4116
SPADES QUEEN SPADES NINE,0.5662,0.005,0.4288
DIAMONDS THREE SPADES NINE,0.7616,0.0172,0.2212
DIAMONDS THREE SPADES EIGHT,0.7528,0.0146,0.2326
DIAMONDS THREE SPADES SEVEN,0.7434,0.0146,0.242
DIAMONDS THREE SPADES SIX,0.7738,0.013,0.2132
DIAMONDS THREE CLUBS SIX,0.75,0.0148,0.2352
CLUBS FIVE CLUBS SIX,0.6018,0.007,0.3912
CLUBS SEVEN DIAMONDS THREE,0.7458,0.014,0.2402
CLUBS SEVEN CLUBS FIVE,0.5966,0.0046,0.3988
DIAMONDS THREE CLUBS FOUR,0.7396,0.0178,0.2426
DIAMONDS FOUR CLUBS QUEEN,0.642,0.006,0.352
DIAMONDS THREE CLUBS FIVE,0.7384,0.0188,0.2428
CLUBS KING DIAMONDS FOUR,0.6374,0.006,0.3566
DIAMONDS THREE CLUBS TWO,0.7524,0.0206,0.227
CLUBS TEN DIAMONDS FOUR,0.6298,0.0054,0.3648
DIAMONDS FOUR CLUBS JACK,0.6308,0.005,0.3642
DIAMONDS THREE SPADES FOUR,0.7352,0.0164,0.2484
DIAMONDS THREE SPADES FIVE,0.7266,0.0184,0.255
DIAMONDS THREE SPADES TWO,0.7632,0.0174,0.2194
DIAMONDS THREE SPADES THREE,0.3756,0.0172,0.6072
CLUBS EIGHT DIAMONDS THREE,0.753,0.0148,0.2322
CLUBS NINE DIAMONDS THREE,0.7466,0.0234,0.23
SPADES SEVEN CLUBS QUEEN,0.634,0.0046,0.3614
SPADES SEVEN CLUBS KING,0.6284,0.004,0.3676
CLUBS FIVE SPADES SEVEN,0.609,0.0052,0.3858
CLUBS TEN SPADES SEVEN,0.5964,0.007,0.3966
CLUBS FIVE SPADES SIX,0.6018,0.0084,0.3898
SPADES SEVEN CLUBS JACK,0.6128,0.0046,0.3826
CLUBS FIVE SPADES NINE,0.6202,0.006,0.3738
CLUBS FIVE SPADES EIGHT,0.6116,0.0056,0.3828
CLUBS FIVE SPADES THREE,0.7372,0.0218,0.241
CLUBS FIVE SPADES TWO,0.6482,0.0072,0.3446
CLUBS FIVE SPADES FIVE,0.3892,0.0068,0.604
CLUBS FIVE SPADES FOUR,0.61,0.0076,0.3824
CLUBS NINE CLUBS FIVE,0.6178,0.0082,0.374
CLUBS EIGHT CLUBS FIVE,0.5974,0.0072,0.3954
CLUBS KING CLUBS QUEEN,0.5896,0.007,0.4034
DIAMONDS TEN DIAMONDS FOUR,0.5966,0.0052,0.3982
CLUBS TEN DIAMONDS NINE,0.5844,0.0046,0.411
DIAMONDS JACK DIAMONDS FOUR,0.5984,0.0042,0.3974
DIAMONDS NINE CLUBS JACK,0.5916,0.0052,0.4032
SPADES NINE CLUBS JACK,0.5984,0.0046,0.397
CLUBS TEN SPADES NINE,0.5742,0.005,0.4208
DIAMONDS ACE DIAMONDS FOUR,0.2526,0.46,0.2874
HEARTS FOUR DIAMONDS FOUR,0.4032,0.007,0.5898
DIAMONDS JACK HEARTS TEN,0.5714,0.0034,0.4252
SPADES NINE CLUBS KING,0.6204,0.0054,0.3742
DIAMONDS TWO SPADES TEN,0.6674,0.0056,0.327
HEARTS FIVE DIAMONDS FOUR,0.6136,0.0064,0.38
HEARTS JACK DIAMONDS JACK,0.3516,0.0036,0.6448
SPADES NINE CLUBS QUEEN,0.594,0.0048,0.4012
DIAMONDS TWO SPADES JACK,0.673,0.0058,0.3212
DIAMONDS QUEEN DIAMONDS FOUR,0.595,0.0058,0.3992
HEARTS TWO DIAMONDS FOUR,0.654,0.007,0.339
DIAMONDS NINE CLUBS QUEEN,0.6024,0.0034,0.3942
DIAMONDS KING DIAMONDS FOUR,0.5854,0.0062,0.4084
HEARTS THREE DIAMONDS FOUR,0.7348,0.0176,0.2476
DIAMONDS NINE CLUBS KING,0.6124,0.0028,0.3848
HEARTS ACE DIAMONDS JACK,0.2952,0.0876,0.6172
SPADES ACE DIAMONDS TWO,0.3178,0.4838,0.1984
DIAMONDS JACK HEARTS QUEEN,0.5888,0.0056,0.4056
SPADES QUEEN DIAMONDS TWO,0.6774,0.0052,0.3174
HEARTS KING DIAMONDS JACK,0.5962,0.0042,0.3996
SPADES KING DIAMONDS TWO,0.6758,0.0052,0.319
SPADES JACK SPADES SEVEN,0.5766,0.004,0.4194
SPADES TEN SPADES SEVEN,0.5556,0.0032,0.4412
SPADES TWO DIAMONDS FOUR,0.6518,0.007,0.3412
SPADES THREE DIAMONDS FOUR,0.7358,0.0162,0.248
SPADES FOUR DIAMONDS FOUR,0.392,0.007,0.601
SPADES FIVE DIAMONDS FOUR,0.611,0.006,0.383
SPADES SIX DIAMONDS FOUR,0.6254,0.0054,0.3692
SPADES SEVEN DIAMONDS FOUR,0.6234,0.006,0.3706
SPADES EIGHT DIAMONDS FOUR,0.6362,0.0062,0.3576
SPADES NINE DIAMONDS FOUR,0.6426,0.0046,0.3528
CLUBS FIVE DIAMONDS FOUR,0.596,0.0072,0.3968
CLUBS FOUR DIAMONDS FOUR,0.3888,0.0058,0.6054
CLUBS SEVEN DIAMONDS FOUR,0.6288,0.005,0.3662
CLUBS SIX DIAMONDS FOUR,0.609,0.0064,0.3846
CLUBS NINE DIAMONDS FOUR,0.6366,0.0062,0.3572
CLUBS EIGHT DIAMONDS FOUR,0.6208,0.0042,0.375
DIAMONDS FOUR HEARTS SEVEN,0.6234,0.0052,0.3714
HEARTS SIX DIAMONDS FOUR,0.61,0.0052,0.3848
HEARTS NINE DIAMONDS FOUR,0.64,0.0044,0.3556
DIAMONDS FOUR HEARTS EIGHT,0.6342,0.0042,0.3616
CLUBS TWO DIAMONDS FOUR,0.664,0.007,0.329
DIAMONDS TEN DIAMONDS FIVE,0.5828,0.004,0.4132
DIAMONDS JACK DIAMONDS FIVE,0.6034,0.005,0.3916
DIAMONDS NINE HEARTS QUEEN,0.6068,0.0042,0.389
HEARTS KING DIAMONDS NINE,0.6074,0.0044,0.3882
DIAMONDS NINE HEARTS ACE,0.2866,0.1716,0.5418
DIAMONDS NINE HEARTS TEN,0.5744,0.0026,0.423
DIAMONDS NINE HEARTS JACK,0.5982,0.0048,0.397
CLUBS KING DIAMONDS SIX,0.6168,0.0044,0.3788
CLUBS QUEEN DIAMONDS SIX,0.6304,0.0046,0.365
SPADES KING DIAMONDS FOUR,0.626,0.0034,0.3706
SPADES ACE SPADES SEVEN,0.2708,0.2712,0.458
SPADES QUEEN DIAMONDS FOUR,0.6488,0.0056,0.3456
SPADES QUEEN SPADES SEVEN,0.582,0.0048,0.4132
CLUBS JACK DIAMONDS SIX,0.6312,0.0062,0.3626
SPADES KING SPADES SEVEN,0.5816,0.0046,0.4138
SPADES ACE DIAMONDS FOUR,0.2692,0.4798,0.251
CLUBS TEN DIAMONDS SIX,0.6232,0.0042,0.3726
CLUBS NINE CLUBS FOUR,0.6238,0.0072,0.369
CLUBS EIGHT CLUBS FOUR,0.6132,0.009,0.3778
SPADES JACK DIAMONDS FOUR,0.6486,0.0036,0.3478
SPADES TEN DIAMONDS FOUR,0.6354,0.0052,0.3594
CLUBS FIVE CLUBS FOUR,0.5958,0.0062,0.398
CLUBS SEVEN CLUBS FOUR,0.607,0.0046,0.3884
CLUBS SIX CLUBS FOUR,0.5998,0.006,0.3942
CLUBS SEVEN SPADES EIGHT,0.5748,0.0048,0.4204
CLUBS SEVEN SPADES NINE,0.5964,0.0052,0.3984
CLUBS SEVEN SPADES SIX,0.5896,0.0058,0.4046
CLUBS SEVEN SPADES SEVEN,0.3854,0.004,0.6106
CLUBS SEVEN SPADES FIVE,0.6088,0.005,0.3862
CLUBS SEVEN SPADES FOUR,0.623,0.0056,0.3714
CLUBS SEVEN SPADES THREE,0.75,0.0154,0.2346
CLUBS SEVEN SPADES TWO,0.6718,0.0064,0.3218
CLUBS NINE CLUBS SEVEN,0.5792,0.0056,0.4152
CLUBS SEVEN CLUBS EIGHT,0.5674,0.0048,0.4278
HEARTS SIX DIAMONDS FIVE,0.6118,0.0048,0.3834
DIAMONDS FIVE HEARTS SEVEN,0.615,0.0036,0.3814
DIAMONDS FIVE HEARTS EIGHT,0.6084,0.0034,0.3882
HEARTS NINE DIAMONDS FIVE,0.6256,0.0038,0.3706
DIAMONDS QUEEN DIAMONDS FIVE,0.5872,0.0068,0.406
HEARTS TWO DIAMONDS FIVE,0.6602,0.006,0.3338
HEARTS KING HEARTS EIGHT,0.5806,0.0068,0.4126
DIAMONDS KING DIAMONDS FIVE,0.5936,0.0054,0.401
HEARTS THREE DIAMONDS FIVE,0.7304,0.0196,0.25
HEARTS QUEEN HEARTS EIGHT,0.5854,0.0054,0.4092
DIAMONDS ACE DIAMONDS FIVE,0.2518,0.4118,0.3364
HEARTS FOUR DIAMONDS FIVE,0.6106,0.0052,0.3842
HEARTS FIVE DIAMONDS FIVE,0.3852,0.0048,0.61
HEARTS ACE HEARTS EIGHT,0.2734,0.2092,0.5174
CLUBS FOUR DIAMONDS FIVE,0.599,0.0054,0.3956
CLUBS FIVE DIAMONDS FIVE,0.3816,0.0054,0.613
CLUBS SIX DIAMONDS FIVE,0.5978,0.005,0.3972
CLUBS SEVEN DIAMONDS FIVE,0.6144,0.0044,0.3812
CLUBS TWO DIAMONDS FIVE,0.6538,0.0046,0.3416
SPADES THREE DIAMONDS FIVE,0.7342,0.0178,0.248
SPADES TWO DIAMONDS FIVE,0.6496,0.0056,0.3448
SPADES JACK DIAMONDS EIGHT,0.6074,0.0046,0.388
SPADES FIVE DIAMONDS FIVE,0.3896,0.0052,0.6052
CLUBS TEN HEARTS JACK,0.5732,0.0058,0.421
SPADES TEN DIAMONDS EIGHT,0.5946,0.0044,0.401
SPADES FOUR DIAMONDS FIVE,0.6036,0.0054,0.391
HEARTS JACK CLUBS JACK,0.3342,0.0064,0.6594
HEARTS JACK CLUBS QUEEN,0.5924,0.0052,0.4024
CLUBS NINE DIAMONDS FIVE,0.625,0.0052,0.3698
HEARTS JACK CLUBS KING,0.5804,0.005,0.4146
CLUBS EIGHT DIAMONDS FIVE,0.6128,0.0052,0.382
SPADES SEVEN DIAMONDS FIVE,0.6226,0.0058,0.3716
SPADES KING DIAMONDS EIGHT,0.6254,0.0048,0.3698
SPADES QUEEN DIAMONDS EIGHT,0.6092,0.0046,0.3862
SPADES SIX DIAMONDS FIVE,0.6036,0.0058,0.3906
SPADES NINE DIAMONDS FIVE,0.6382,0.0042,0.3576
SPADES EIGHT DIAMONDS FIVE,0.6156,0.0036,0.3808
SPADES ACE DIAMONDS EIGHT,0.287,0.2144,0.4986
DIAMONDS TEN DIAMONDS SIX,0.5792,0.007,0.4138
HEARTS ACE DIAMONDS SEVEN,0.2846,0.277,0.4384
DIAMONDS JACK DIAMONDS SIX,0.5998,0.0054,0.3948
HEARTS QUEEN DIAMONDS SEVEN,0.6248,0.0054,0.3698
HEARTS KING DIAMONDS SEVEN,0.6146,0.0058,0.3796
DIAMONDS ACE DIAMONDS SIX,0.2708,0.3348,0.3944
HEARTS FOUR DIAMONDS SIX,0.6166,0.005,0.3784
HEARTS JACK SPADES TWO,0.6688,0.0066,0.3246
HEARTS FIVE DIAMONDS SIX,0.595,0.003,0.402
SPADES TWO HEARTS TEN,0.6626,0.0058,0.3316
DIAMONDS QUEEN DIAMONDS SIX,0.5856,0.0048,0.4096
HEARTS TWO DIAMONDS SIX,0.6582,0.0054,0.3364
DIAMONDS KING DIAMONDS SIX,0.5844,0.005,0.4106
HEARTS THREE DIAMONDS SIX,0.7602,0.0158,0.224
HEARTS EIGHT DIAMONDS SIX,0.6186,0.0038,0.3776
HEARTS NINE DIAMONDS SIX,0.6254,0.0046,0.37
HEARTS SIX DIAMONDS SIX,0.396,0.0054,0.5986
HEARTS SEVEN DIAMONDS SIX,0.5992,0.0038,0.397
HEARTS TEN DIAMONDS SEVEN,0.6168,0.0032,0.38
CLUBS TWO DIAMONDS SIX,0.6692,0.0082,0.3226
HEARTS JACK DIAMONDS SEVEN,0.6268,0.002,0.3712
CLUBS SEVEN DIAMONDS SIX,0.5948,0.0046,0.4006
DIAMONDS EIGHT CLUBS JACK,0.6096,0.0048,0.3856
CLUBS SIX DIAMONDS SIX,0.3918,0.006,0.6022
CLUBS TEN DIAMONDS EIGHT,0.5916,0.0036,0.4048
CLUBS FIVE DIAMONDS SIX,0.6,0.0068,0.3932
CLUBS FOUR DIAMONDS SIX,0.6374,0.0042,0.3584
HEARTS ACE HEARTS JACK,0.2736,0.0828,0.6436
HEARTS JACK HEARTS QUEEN,0.5578,0.0048,0.4374
DIAMONDS EIGHT CLUBS KING,0.61,0.0062,0.3838
CLUBS NINE DIAMONDS SIX,0.6136,0.0038,0.3826
HEARTS KING HEARTS JACK,0.5592,0.0054,0.4354
DIAMONDS EIGHT CLUBS QUEEN,0.6046,0.005,0.3904
CLUBS EIGHT DIAMONDS SIX,0.5858,0.0062,0.408
SPADES TEN HEARTS KING,0.6092,0.0058,0.385
SPADES FIVE DIAMONDS SIX,0.6104,0.006,0.3836
HEARTS ACE SPADES TWO,0.2992,0.4972,0.2036
SPADES JACK HEARTS KING,0.588,0.004,0.408
SPADES FOUR DIAMONDS SIX,0.6196,0.0044,0.376
SPADES THREE DIAMONDS SIX,0.7656,0.014,0.2204
HEARTS QUEEN SPADES TWO,0.6662,0.0052,0.3286
SPADES ACE SPADES KING,0.2822,0.0424,0.6754
HEARTS KING SPADES TWO,0.6832,0.0044,0.3124
SPADES TWO DIAMONDS SIX,0.6724,0.004,0.3236
HEARTS TEN HEARTS EIGHT,0.5598,0.0052,0.435
SPADES NINE DIAMONDS SIX,0.6158,0.0024,0.3818
HEARTS JACK HEARTS EIGHT,0.5784,0.0046,0.417
SPADES EIGHT DIAMONDS SIX,0.6,0.003,0.397
SPADES SEVEN DIAMONDS SIX,0.607,0.0054,0.3876
SPADES SIX DIAMONDS SIX,0.4196,0.0044,0.576
SPADES KING HEARTS KING,0.3174,0.0048,0.6778
SPADES QUEEN HEARTS KING,0.6076,0.0046,0.3878
SPADES ACE HEARTS KING,0.3102,0.0498,0.64
SPADES ACE HEARTS JACK,0.296,0.083,0.621
SPADES QUEEN HEARTS JACK,0.588,0.0046,0.4074
SPADES KING HEARTS JACK,0.6036,0.0038,0.3926
SPADES TEN DIAMONDS TEN,0.3594,0.0046,0.636
SPADES JACK DIAMONDS TEN,0.5764,0.0048,0.4188
SPADES ACE DIAMONDS TEN,0.2932,0.1182,0.5886
SPADES JACK HEARTS JACK,0.3648,0.0032,0.632
SPADES TEN HEARTS JACK,0.5854,0.0056,0.409
SPADES QUEEN DIAMONDS TEN,0.573,0.0042,0.4228
SPADES KING DIAMONDS TEN,0.5994,0.0046,0.396
SPADES NINE DIAMONDS SEVEN,0.6044,0.0044,0.3912
SPADES EIGHT DIAMONDS SEVEN,0.583,0.0052,0.4118
SPADES SEVEN DIAMONDS SEVEN,0.3886,0.0032,0.6082
SPADES SIX DIAMONDS SEVEN,0.5898,0.0056,0.4046
DIAMONDS KING DIAMONDS SEVEN,0.5864,0.0076,0.406
HEARTS THREE DIAMONDS SEVEN,0.7534,0.013,0.2336
HEARTS KING DIAMONDS FIVE,0.6314,0.0062,0.3624
DIAMONDS QUEEN DIAMONDS SEVEN,0.6004,0.0058,0.3938
HEARTS TWO DIAMONDS SEVEN,0.6668,0.0042,0.329
HEARTS QUEEN DIAMONDS FIVE,0.628,0.0042,0.3678
HEARTS FIVE DIAMONDS SEVEN,0.612,0.0044,0.3836
DIAMONDS ACE DIAMONDS SEVEN,0.2696,0.2658,0.4646
HEARTS FOUR DIAMONDS SEVEN,0.6336,0.0042,0.3622
HEARTS ACE DIAMONDS FIVE,0.2664,0.4198,0.3138
HEARTS SEVEN DIAMONDS SEVEN,0.3782,0.0034,0.6184
HEARTS SIX DIAMONDS SEVEN,0.5932,0.0052,0.4016
HEARTS NINE DIAMONDS SEVEN,0.605,0.0032,0.3918
DIAMONDS SEVEN HEARTS EIGHT,0.5872,0.0034,0.4094
DIAMONDS JACK DIAMONDS SEVEN,0.5746,0.0048,0.4206
HEARTS JACK DIAMONDS FIVE,0.6262,0.0052,0.3686
DIAMONDS TEN DIAMONDS SEVEN,0.5586,0.0056,0.4358
DIAMONDS FIVE HEARTS TEN,0.62,0.0048,0.3752
SPADES KING CLUBS TWO,0.6688,0.0046,0.3266
HEARTS KING CLUBS KING,0.3282,0.0058,0.666
CLUBS EIGHT DIAMONDS SEVEN,0.5738,0.0056,0.4206
SPADES QUEEN CLUBS TWO,0.666,0.004,0.33
HEARTS KING CLUBS QUEEN,0.5914,0.0056,0.403
CLUBS NINE DIAMONDS SEVEN,0.595,0.0056,0.3994
SPADES TWO CLUBS JACK,0.649,0.0088,0.3422
SPADES ACE CLUBS TWO,0.298,0.4966,0.2054
CLUBS TEN SPADES TWO,0.6612,0.0054,0.3334
CLUBS SEVEN CLUBS SIX,0.5836,0.0064,0.41
SPADES TWO CLUBS KING,0.6716,0.006,0.3224
SPADES TWO DIAMONDS SEVEN,0.6726,0.0046,0.3228
CLUBS EIGHT CLUBS SIX,0.5902,0.0044,0.4054
SPADES THREE DIAMONDS SEVEN,0.7436,0.0166,0.2398
SPADES TWO CLUBS QUEEN,0.665,0.0054,0.3296
CLUBS NINE CLUBS SIX,0.5906,0.0062,0.4032
SPADES FOUR DIAMONDS SEVEN,0.6258,0.0042,0.37
HEARTS KING CLUBS JACK,0.5796,0.0054,0.415
SPADES FIVE DIAMONDS SEVEN,0.6054,0.0048,0.3898
CLUBS TEN HEARTS KING,0.5884,0.005,0.4066
CLUBS SIX SPADES TWO,0.6692,0.0074,0.3234
CLUBS SIX SPADES THREE,0.758,0.0172,0.2248
CLUBS TWO DIAMONDS SEVEN,0.6616,0.0072,0.3312
CLUBS SIX SPADES FOUR,0.6102,0.006,0.3838
CLUBS SIX SPADES FIVE,0.6188,0.0068,0.3744
CLUBS FOUR DIAMONDS SEVEN,0.6272,0.0038,0.369
CLUBS SIX SPADES SIX,0.3938,0.0042,0.602
CLUBS FIVE DIAMONDS SEVEN,0.619,0.0044,0.3766
CLUBS SIX SPADES SEVEN,0.5934,0.0052,0.4014
CLUBS SIX DIAMONDS SEVEN,0.5906,0.008,0.4014
CLUBS SIX SPADES EIGHT,0.5872,0.0048,0.408
SPADES JACK CLUBS TWO,0.6636,0.0058,0.3306
CLUBS SEVEN DIAMONDS SEVEN,0.3886,0.0044,0.607
SPADES NINE CLUBS SIX,0.6028,0.0054,0.3918
SPADES TEN CLUBS TWO,0.659,0.0058,0.3352
CLUBS TWO CLUBS QUEEN,0.6768,0.0082,0.315
CLUBS TWO CLUBS KING,0.6626,0.0052,0.3322
CLUBS TWO DIAMONDS EIGHT,0.6748,0.0044,0.3208
DIAMONDS EIGHT HEARTS SEVEN,0.5894,0.0052,0.4054
HEARTS SIX DIAMONDS EIGHT,0.612,0.0048,0.3832
DIAMONDS EIGHT HEARTS NINE,0.5838,0.0038,0.4124
CLUBS TEN CLUBS TWO,0.648,0.008,0.344
DIAMONDS EIGHT HEARTS EIGHT,0.3764,0.005,0.6186
CLUBS TWO CLUBS JACK,0.645,0.0076,0.3474
CLUBS NINE DIAMONDS EIGHT,0.5792,0.0044,0.4164
CLUBS EIGHT DIAMONDS EIGHT,0.3892,0.0048,0.606
CLUBS FIVE DIAMONDS EIGHT,0.6136,0.0052,0.3812
SPADES ACE SPADES THREE,0.0666,0.8542,0.0792
CLUBS FOUR DIAMONDS EIGHT,0.6166,0.0066,0.3768
CLUBS SEVEN DIAMONDS EIGHT,0.5664,0.0054,0.4282
SPADES QUEEN SPADES THREE,0.7036,0.0214,0.275
CLUBS SIX DIAMONDS EIGHT,0.5946,0.0064,0.399
SPADES KING SPADES THREE,0.7128,0.0226,0.2646
DIAMONDS QUEEN DIAMONDS EIGHT,0.5782,0.006,0.4158
HEARTS TWO DIAMONDS EIGHT,0.6738,0.0068,0.3194
DIAMONDS KING DIAMONDS EIGHT,0.5892,0.0048,0.406
HEARTS THREE DIAMONDS EIGHT,0.7694,0.0126,0.218
DIAMONDS ACE DIAMONDS EIGHT,0.2688,0.2034,0.5278
HEARTS FOUR DIAMONDS EIGHT,0.634,0.0066,0.3594
HEARTS FIVE DIAMONDS EIGHT,0.607,0.0036,0.3894
DIAMONDS EIGHT DIAMONDS TEN,0.5406,0.0054,0.454
DIAMONDS EIGHT DIAMONDS JACK,0.5634,0.0066,0.43
SPADES JACK SPADES THREE,0.7194,0.0222,0.2584
SPADES TEN SPADES THREE,0.7076,0.017,0.2754
CLUBS FOUR HEARTS ACE,0.2588,0.5016,0.2396
CLUBS FOUR HEARTS QUEEN,0.6348,0.0052,0.36
CLUBS FOUR HEARTS KING,0.6406,0.005,0.3544
CLUBS SIX HEARTS TEN,0.6116,0.0064,0.382
CLUBS SIX HEARTS JACK,0.625,0.0048,0.3702
DIAMONDS EIGHT SPADES FOUR,0.6224,0.0038,0.3738
SPADES FIVE DIAMONDS EIGHT,0.6254,0.0048,0.3698
DIAMONDS EIGHT SPADES TWO,0.6598,0.0062,0.334
DIAMONDS EIGHT SPADES THREE,0.7592,0.0146,0.2262
CLUBS FOUR HEARTS JACK,0.6348,0.0042,0.361
SPADES EIGHT DIAMONDS EIGHT,0.3782,0.005,0.6168
SPADES TEN DIAMONDS QUEEN,0.5962,0.005,0.3988
SPADES TEN HEARTS TWO,0.6742,0.0084,0.3174
SPADES JACK HEARTS EIGHT,0.6032,0.0044,0.3924
CLUBS FOUR HEARTS TEN,0.639,0.0066,0.3544
SPADES NINE DIAMONDS EIGHT,0.5874,0.0048,0.4078
SPADES TEN HEARTS EIGHT,0.5836,0.0026,0.4138
SPADES JACK HEARTS TWO,0.6574,0.0042,0.3384
SPADES JACK DIAMONDS QUEEN,0.5886,0.0048,0.4066
SPADES SIX DIAMONDS EIGHT,0.6086,0.0044,0.387
SPADES SEVEN DIAMONDS EIGHT,0.5908,0.0028,0.4064
SPADES ACE HEARTS TWO,0.3004,0.4864,0.2132
SPADES ACE DIAMONDS QUEEN,0.2934,0.0622,0.6444
SPADES ACE HEARTS EIGHT,0.2864,0.2096,0.504
SPADES KING HEARTS EIGHT,0.6288,0.0044,0.3668
SPADES QUEEN HEARTS TWO,0.665,0.0056,0.3294
SPADES QUEEN DIAMONDS QUEEN,0.334,0.004,0.662
SPADES KING DIAMONDS QUEEN,0.5972,0.0074,0.3954
SPADES KING HEARTS TWO,0.6762,0.0058,0.318
SPADES QUEEN HEARTS EIGHT,0.615,0.0034,0.3816
CLUBS TWO HEARTS TEN,0.6672,0.0054,0.3274
CLUBS TWO HEARTS JACK,0.6738,0.0076,0.3186
SPADES SEVEN DIAMONDS NINE,0.6022,0.003,0.3948
SPADES SIX DIAMONDS NINE,0.6086,0.0046,0.3868
SPADES NINE DIAMONDS NINE,0.3826,0.0048,0.6126
SPADES EIGHT DIAMONDS NINE,0.5778,0.004,0.4182
SPADES TEN CLUBS KING,0.5966,0.0048,0.3986
DIAMONDS NINE SPADES THREE,0.7572,0.0186,0.2242
SPADES JACK CLUBS KING,0.5866,0.005,0.4084
DIAMONDS NINE SPADES TWO,0.6622,0.005,0.3328
DIAMONDS NINE SPADES FIVE,0.624,0.0044,0.3716
DIAMONDS NINE SPADES FOUR,0.6506,0.0068,0.3426
CLUBS NINE DIAMONDS NINE,0.364,0.0066,0.6294
CLUBS EIGHT DIAMONDS NINE,0.576,0.0058,0.4182
CLUBS SIX DIAMONDS NINE,0.627,0.0052,0.3678
SPADES JACK CLUBS FOUR,0.6328,0.0046,0.3626
CLUBS SEVEN DIAMONDS NINE,0.6048,0.0048,0.3904
SPADES TEN CLUBS FOUR,0.6368,0.0048,0.3584
CLUBS FOUR DIAMONDS NINE,0.6492,0.0052,0.3456
CLUBS FIVE DIAMONDS NINE,0.6202,0.0068,0.373
CLUBS TWO DIAMONDS NINE,0.6738,0.007,0.3192
DIAMONDS NINE HEARTS EIGHT,0.5764,0.0032,0.4204
DIAMONDS NINE HEARTS NINE,0.3768,0.0042,0.619
HEARTS SIX DIAMONDS NINE,0.6182,0.005,0.3768
DIAMONDS NINE HEARTS SEVEN,0.6048,0.0048,0.3904
CLUBS NINE CLUBS EIGHT,0.5812,0.0056,0.4132
DIAMONDS ACE DIAMONDS NINE,0.2704,0.1508,0.5788
HEARTS FOUR DIAMONDS NINE,0.636,0.0054,0.3586
HEARTS FIVE DIAMONDS NINE,0.6248,0.0046,0.3706
CLUBS TWO HEARTS ACE,0.3012,0.4882,0.2106
SPADES ACE CLUBS FOUR,0.2488,0.4864,0.2648
DIAMONDS QUEEN DIAMONDS NINE,0.558,0.0042,0.4378
HEARTS TWO DIAMONDS NINE,0.6762,0.004,0.3198
CLUBS TWO HEARTS KING,0.6736,0.0056,0.3208
SPADES KING CLUBS FOUR,0.647,0.0058,0.3472
DIAMONDS KING DIAMONDS NINE,0.5734,0.0062,0.4204
HEARTS THREE DIAMONDS NINE,0.7594,0.0194,0.2212
CLUBS TWO HEARTS QUEEN,0.6674,0.0066,0.326
SPADES QUEEN CLUBS FOUR,0.6442,0.0052,0.3506
DIAMONDS NINE DIAMONDS JACK,0.5568,0.0042,0.439
CLUBS EIGHT SPADES NINE,0.5868,0.0034,0.4098
DIAMONDS NINE DIAMONDS TEN,0.5528,0.0054,0.4418
CLUBS EIGHT SPADES EIGHT,0.3804,0.0038,0.6158
CLUBS EIGHT SPADES SEVEN,0.5732,0.0048,0.422
CLUBS EIGHT SPADES SIX,0.5856,0.0082,0.4062
CLUBS EIGHT SPADES FIVE,0.6044,0.0048,0.3908
CLUBS EIGHT SPADES FOUR,0.6138,0.0076,0.3786
CLUBS EIGHT SPADES THREE,0.751,0.0156,0.2334
CLUBS EIGHT SPADES TWO,0.6738,0.0054,0.3208
HEARTS SIX DIAMONDS TEN,0.6238,0.005,0.3712
DIAMONDS TEN HEARTS SEVEN,0.6148,0.0036,0.3816
DIAMONDS TEN HEARTS EIGHT,0.5936,0.004,0.4024
CLUBS FOUR CLUBS JACK,0.6354,0.0076,0.357
DIAMONDS TEN HEARTS NINE,0.5996,0.004,0.3964
CLUBS TEN CLUBS FOUR,0.6414,0.0062,0.3524
CLUBS FOUR CLUBS KING,0.6324,0.0064,0.3612
CLUBS FOUR CLUBS QUEEN,0.6308,0.0078,0.3614
CLUBS TWO DIAMONDS TEN,0.657,0.0052,0.3378
DIAMONDS JACK DIAMONDS TEN,0.5432,0.0054,0.4514
DIAMONDS QUEEN DIAMONDS TEN,0.5462,0.0042,0.4496
HEARTS TWO DIAMONDS TEN,0.67,0.005,0.325
DIAMONDS KING DIAMONDS TEN,0.5708,0.004,0.4252
HEARTS THREE DIAMONDS TEN,0.7606,0.0174,0.222
DIAMONDS ACE DIAMONDS TEN,0.2626,0.115,0.6224
HEARTS FOUR DIAMONDS TEN,0.6336,0.0042,0.3622
CLUBS EIGHT HEARTS JACK,0.5904,0.0048,0.4048
HEARTS FIVE DIAMONDS TEN,0.6448,0.0042,0.351
CLUBS EIGHT HEARTS TEN,0.5832,0.0064,0.4104
CLUBS EIGHT HEARTS QUEEN,0.6036,0.0052,0.3912
CLUBS EIGHT HEARTS KING,0.6104,0.0048,0.3848
CLUBS EIGHT HEARTS ACE,0.2776,0.2204,0.502
CLUBS NINE SPADES THREE,0.7572,0.0206,0.2222
CLUBS NINE SPADES TWO,0.6678,0.006,0.3262
CLUBS NINE SPADES FIVE,0.627,0.0044,0.3686
CLUBS NINE SPADES FOUR,0.6372,0.0056,0.3572
CLUBS NINE SPADES SEVEN,0.5942,0.0048,0.401
CLUBS NINE SPADES SIX,0.6156,0.0036,0.3808
CLUBS NINE SPADES NINE,0.374,0.0052,0.6208
CLUBS TEN HEARTS EIGHT,0.5808,0.0052,0.414
CLUBS NINE SPADES EIGHT,0.5856,0.004,0.4104
CLUBS JACK HEARTS EIGHT,0.6066,0.0058,0.3876
CLUBS QUEEN HEARTS EIGHT,0.604,0.0056,0.3904
CLUBS KING HEARTS EIGHT,0.6268,0.005,0.3682
SPADES KING CLUBS KING,0.3248,0.0034,0.6718
SPADES QUEEN CLUBS KING,0.5914,0.0054,0.4032
SPADES ACE CLUBS KING,0.2842,0.045,0.6708
DIAMONDS ACE HEARTS TEN,0.2846,0.111,0.6044
HEARTS FOUR HEARTS TEN,0.5912,0.0046,0.4042
DIAMONDS ACE HEARTS JACK,0.2794,0.0874,0.6332
HEARTS FOUR HEARTS JACK,0.6016,0.006,0.3924
SPADES KING CLUBS FIVE,0.64,0.0056,0.3544
SPADES QUEEN CLUBS FIVE,0.6252,0.0074,0.3674
SPADES ACE CLUBS FIVE,0.2496,0.436,0.3144
DIAMONDS JACK HEARTS SEVEN,0.6088,0.0048,0.3864
HEARTS SIX DIAMONDS JACK,0.6178,0.0056,0.3766
DIAMONDS JACK HEARTS NINE,0.5994,0.0032,0.3974
DIAMONDS JACK HEARTS EIGHT,0.6,0.0048,0.3952
DIAMONDS KING DIAMONDS JACK,0.5578,0.0056,0.4366
HEARTS THREE DIAMONDS JACK,0.7508,0.0212,0.228
SPADES ACE SPADES SIX,0.2688,0.35,0.3812
HEARTS ACE SPADES FOUR,0.2678,0.482,0.2502
DIAMONDS QUEEN DIAMONDS JACK,0.5536,0.005,0.4414
HEARTS TWO DIAMONDS JACK,0.6888,0.0036,0.3076
HEARTS FIVE DIAMONDS JACK,0.632,0.0044,0.3636
SPADES QUEEN SPADES SIX,0.5876,0.0044,0.408
SPADES FOUR HEARTS QUEEN,0.6332,0.0066,0.3602
DIAMONDS ACE DIAMONDS JACK,0.275,0.0746,0.6504
HEARTS FOUR DIAMONDS JACK,0.6496,0.0046,0.3458
SPADES KING SPADES SIX,0.5886,0.0046,0.4068
HEARTS KING SPADES FOUR,0.6462,0.0034,0.3504
SPADES TEN SPADES SIX,0.575,0.0042,0.4208
SPADES JACK SPADES SIX,0.5842,0.0066,0.4092
SPADES FOUR DIAMONDS JACK,0.6364,0.005,0.3586
SPADES FIVE DIAMONDS JACK,0.6344,0.0038,0.3618
DIAMONDS JACK SPADES TWO,0.6742,0.0072,0.3186
DIAMONDS JACK SPADES THREE,0.7566,0.0228,0.2206
SPADES ACE DIAMONDS THREE,0.0776,0.9006,0.0218
SPADES QUEEN DIAMONDS THREE,0.7558,0.0208,0.2234
CLUBS EIGHT DIAMONDS JACK,0.599,0.0064,0.3946
SPADES KING DIAMONDS THREE,0.7678,0.022,0.2102
CLUBS NINE DIAMONDS JACK,0.5758,0.0064,0.4178
CLUBS SIX DIAMONDS JACK,0.6318,0.006,0.3622
CLUBS SEVEN DIAMONDS JACK,0.615,0.005,0.38
CLUBS FOUR DIAMONDS JACK,0.6324,0.0074,0.3602
CLUBS FIVE DIAMONDS JACK,0.6378,0.0048,0.3574
CLUBS TWO DIAMONDS JACK,0.6704,0.0062,0.3234
SPADES TEN CLUBS FIVE,0.6394,0.0046,0.356
HEARTS SIX SPADES JACK,0.6274,0.0038,0.3688
HEARTS SIX SPADES TEN,0.6134,0.0026,0.384
SPADES JACK CLUBS FIVE,0.6322,0.006,0.3618
SPADES JACK DIAMONDS THREE,0.767,0.0206,0.2124
DIAMONDS THREE SPADES TEN,0.7574,0.0202,0.2224
CLUBS SEVEN CLUBS QUEEN,0.6208,0.006,0.3732
CLUBS SEVEN CLUBS KING,0.6204,0.0058,0.3738
SPADES NINE DIAMONDS JACK,0.59,0.0024,0.4076
CLUBS TEN CLUBS SEVEN,0.5816,0.0062,0.4122
DIAMONDS ACE HEARTS ACE,0.1192,0.0162,0.8646
HEARTS FOUR HEARTS ACE,0.251,0.461,0.288
SPADES EIGHT DIAMONDS JACK,0.6006,0.003,0.3964
SPADES ACE HEARTS SIX,0.2876,0.3538,0.3586
CLUBS SEVEN CLUBS JACK,0.5978,0.0052,0.397
DIAMONDS ACE HEARTS KING,0.2986,0.0448,0.6566
HEARTS FOUR HEARTS KING,0.5984,0.0054,0.3962
SPADES SEVEN DIAMONDS JACK,0.6164,0.0028,0.3808
SPADES KING HEARTS SIX,0.63,0.0052,0.3648
DIAMONDS ACE HEARTS QUEEN,0.299,0.0666,0.6344
HEARTS FOUR HEARTS QUEEN,0.604,0.0056,0.3904
SPADES QUEEN HEARTS SIX,0.6248,0.0036,0.3716
SPADES SIX DIAMONDS JACK,0.63,0.0052,0.3648
DIAMONDS TEN SPADES TWO,0.6624,0.0062,0.3314
SPADES THREE DIAMONDS TEN,0.7442,0.0196,0.2362
SPADES FOUR DIAMONDS TEN,0.631,0.0044,0.3646
SPADES FIVE DIAMONDS TEN,0.6456,0.005,0.3494
SPADES SIX DIAMONDS TEN,0.6246,0.0046,0.3708
SPADES SEVEN DIAMONDS TEN,0.605,0.0044,0.3906
SPADES EIGHT DIAMONDS TEN,0.591,0.0046,0.4044
SPADES NINE DIAMONDS TEN,0.5752,0.0044,0.4204
CLUBS FOUR DIAMONDS TEN,0.6192,0.007,0.3738
CLUBS FIVE DIAMONDS TEN,0.633,0.0054,0.3616
CLUBS SIX DIAMONDS TEN,0.6026,0.0038,0.3936
CLUBS SEVEN DIAMONDS TEN,0.6056,0.005,0.3894
CLUBS EIGHT DIAMONDS TEN,0.5936,0.0058,0.4006
CLUBS NINE DIAMONDS TEN,0.5748,0.0038,0.4214
DIAMONDS THREE CLUBS JACK,0.7488,0.0214,0.2298
CLUBS TEN DIAMONDS THREE,0.7558,0.0148,0.2294
DIAMONDS THREE CLUBS KING,0.7592,0.0226,0.2182
DIAMONDS THREE CLUBS QUEEN,0.7604,0.0206,0.219
SPADES FOUR HEARTS JACK,0.6438,0.0034,0.3528
SPADES FOUR HEARTS TEN,0.6258,0.004,0.3702
SPADES FIVE SPADES TWO,0.6062,0.0054,0.3884
SPADES FOUR SPADES TWO,0.636,0.0062,0.3578
SPADES THREE SPADES TWO,0.7066,0.017,0.2764
SPADES NINE SPADES TWO,0.6354,0.003,0.3616
SPADES EIGHT SPADES TWO,0.6288,0.0046,0.3666
SPADES SEVEN SPADES TWO,0.631,0.0036,0.3654
SPADES SIX SPADES TWO,0.6308,0.003,0.3662
DIAMONDS QUEEN CLUBS TWO,0.6628,0.0058,0.3314
CLUBS TWO HEARTS TWO,0.501,0.0068,0.4922
DIAMONDS QUEEN HEARTS SEVEN,0.622,0.0044,0.3736
HEARTS TWO HEARTS SEVEN,0.6162,0.0054,0.3784
HEARTS SIX DIAMONDS QUEEN,0.6326,0.0058,0.3616
HEARTS SIX HEARTS TWO,0.6234,0.0044,0.3722
DIAMONDS QUEEN HEARTS NINE,0.5946,0.0026,0.4028
HEARTS TWO HEARTS NINE,0.6344,0.0056,0.36
DIAMONDS QUEEN HEARTS EIGHT,0.6112,0.0046,0.3842
HEARTS TWO HEARTS EIGHT,0.622,0.0044,0.3736
CLUBS NINE HEARTS TWO,0.6722,0.0066,0.3212
CLUBS NINE DIAMONDS QUEEN,0.598,0.0036,0.3984
CLUBS EIGHT HEARTS TWO,0.6704,0.0046,0.325
CLUBS EIGHT DIAMONDS QUEEN,0.6076,0.0064,0.386
CLUBS FIVE DIAMONDS QUEEN,0.6318,0.0064,0.3618
CLUBS FIVE HEARTS TWO,0.6518,0.0066,0.3416
SPADES EIGHT HEARTS ACE,0.2894,0.211,0.4996
DIAMONDS QUEEN CLUBS FOUR,0.633,0.0068,0.3602
HEARTS TWO CLUBS FOUR,0.6504,0.0074,0.3422
CLUBS SEVEN DIAMONDS QUEEN,0.6302,0.0052,0.3646
CLUBS SEVEN HEARTS TWO,0.6586,0.0082,0.3332
SPADES EIGHT HEARTS QUEEN,0.6154,0.003,0.3816
CLUBS SIX DIAMONDS QUEEN,0.6278,0.0038,0.3684
CLUBS SIX HEARTS TWO,0.6728,0.0076,0.3196
SPADES EIGHT HEARTS KING,0.627,0.0044,0.3686
HEARTS TWO SPADES SIX,0.6708,0.005,0.3242
DIAMONDS QUEEN SPADES SIX,0.6198,0.0036,0.3766
HEARTS FOUR CLUBS QUEEN,0.64,0.0068,0.3532
DIAMONDS ACE CLUBS QUEEN,0.2802,0.066,0.6538
DIAMONDS QUEEN SPADES SEVEN,0.6298,0.0032,0.367
HEARTS TWO SPADES SEVEN,0.6764,0.0042,0.3194
HEARTS FOUR CLUBS KING,0.6476,0.0054,0.347
DIAMONDS ACE CLUBS KING,0.2934,0.048,0.6586
DIAMONDS QUEEN SPADES EIGHT,0.6098,0.0034,0.3868
SPADES EIGHT HEARTS TWO,0.6624,0.005,0.3326
SPADES NINE DIAMONDS QUEEN,0.5976,0.0056,0.3968
SPADES NINE HEARTS TWO,0.6662,0.0052,0.3286
HEARTS TWO SPADES TWO,0.4896,0.0084,0.502
DIAMONDS QUEEN SPADES TWO,0.6702,0.007,0.3228
HEARTS TWO SPADES THREE,0.764,0.0208,0.2152
DIAMONDS QUEEN SPADES THREE,0.756,0.0234,0.2206
HEARTS TWO SPADES FOUR,0.6592,0.0064,0.3344
DIAMONDS QUEEN SPADES FOUR,0.6354,0.0058,0.3588
HEARTS FOUR CLUBS TEN,0.6356,0.0038,0.3606
CLUBS TEN DIAMONDS ACE,0.273,0.12,0.607
HEARTS TWO SPADES FIVE,0.6576,0.0072,0.3352
DIAMONDS QUEEN SPADES FIVE,0.6334,0.006,0.3606
HEARTS FOUR CLUBS JACK,0.6294,0.006,0.3646
DIAMONDS ACE CLUBS JACK,0.2882,0.0838,0.628
CLUBS FIVE CLUBS KING,0.6358,0.0058,0.3584
CLUBS FIVE CLUBS QUEEN,0.6154,0.0066,0.378
CLUBS FIVE CLUBS JACK,0.6178,0.0058,0.3764
CLUBS TEN CLUBS FIVE,0.6294,0.005,0.3656
SPADES KING CLUBS JACK,0.5938,0.0052,0.401
SPADES QUEEN CLUBS JACK,0.5694,0.0046,0.426
SPADES ACE CLUBS JACK,0.27,0.082,0.648
SPADES SIX CLUBS KING,0.6394,0.005,0.3556
SPADES SIX CLUBS QUEEN,0.6318,0.0046,0.3636
SPADES EIGHT HEARTS JACK,0.597,0.005,0.398
SPADES EIGHT HEARTS TEN,0.582,0.0044,0.4136
SPADES SIX CLUBS JACK,0.6178,0.0066,0.3756
CLUBS TEN SPADES SIX,0.6024,0.0062,0.3914
SPADES TEN CLUBS JACK,0.5632,0.003,0.4338
SPADES JACK CLUBS JACK,0.3518,0.0036,0.6446
SPADES QUEEN CLUBS SEVEN,0.6128,0.0056,0.3816
SPADES KING CLUBS SEVEN,0.6128,0.0044,0.3828
SPADES ACE CLUBS SEVEN,0.269,0.2928,0.4382
SPADES SIX HEARTS TEN,0.611,0.0046,0.3844
SPADES SIX HEARTS JACK,0.6264,0.0034,0.3702
SPADES SIX HEARTS ACE,0.2828,0.3572,0.36
SPADES SIX HEARTS KING,0.6444,0.0038,0.3518
SPADES SIX HEARTS QUEEN,0.6414,0.0044,0.3542
CLUBS SEVEN SPADES JACK,0.5992,0.004,0.3968
CLUBS SEVEN SPADES TEN,0.598,0.0032,0.3988
CLUBS TEN HEARTS SIX,0.6028,0.0066,0.3906
HEARTS SIX CLUBS JACK,0.6272,0.005,0.3678
HEARTS SIX CLUBS QUEEN,0.6352,0.0056,0.3592
HEARTS SIX CLUBS KING,0.6184,0.005,0.3766
CLUBS QUEEN CLUBS JACK,0.5814,0.0064,0.4122
CLUBS KING CLUBS JACK,0.5922,0.008,0.3998
DIAMONDS THREE HEARTS ACE,0.0678,0.9114,0.0208
DIAMONDS THREE HEARTS QUEEN,0.7638,0.0204,0.2158
DIAMONDS THREE HEARTS KING,0.7576,0.0212,0.2212
CLUBS FIVE HEARTS JACK,0.6196,0.0064,0.374
SPADES TEN DIAMONDS ACE,0.3022,0.1082,0.5896
HEARTS FOUR SPADES TEN,0.6356,0.0052,0.3592
CLUBS FIVE HEARTS TEN,0.6366,0.0064,0.357
HEARTS FOUR SPADES JACK,0.6562,0.0036,0.3402
SPADES JACK DIAMONDS ACE,0.2936,0.0796,0.6268
SPADES ACE HEARTS FOUR,0.2624,0.4754,0.2622
SPADES ACE DIAMONDS ACE,0.1226,0.014,0.8634
CLUBS FIVE HEARTS ACE,0.2644,0.4338,0.3018
CLUBS FIVE HEARTS KING,0.628,0.0064,0.3656
HEARTS FOUR SPADES QUEEN,0.639,0.0042,0.3568
SPADES QUEEN DIAMONDS ACE,0.3038,0.0654,0.6308
SPADES FOUR CLUBS JACK,0.6174,0.0066,0.376
CLUBS FIVE HEARTS QUEEN,0.6272,0.005,0.3678
SPADES KING DIAMONDS ACE,0.3024,0.0474,0.6502
HEARTS FOUR SPADES KING,0.6414,0.0042,0.3544
CLUBS TEN SPADES FOUR,0.6336,0.005,0.3614
DIAMONDS QUEEN DIAMONDS ACE,0.2752,0.0616,0.6632
HEARTS TWO DIAMONDS ACE,0.3042,0.4814,0.2144
HEARTS FOUR DIAMONDS QUEEN,0.6466,0.0044,0.349
HEARTS FOUR HEARTS TWO,0.6186,0.0076,0.3738
DIAMONDS THREE HEARTS TEN,0.7442,0.0192,0.2366
SPADES FOUR CLUBS KING,0.6336,0.0058,0.3606
HEARTS FIVE DIAMONDS QUEEN,0.636,0.0052,0.3588
HEARTS FIVE HEARTS TWO,0.6166,0.0054,0.378
DIAMONDS THREE HEARTS JACK,0.7558,0.0202,0.224
SPADES FOUR CLUBS QUEEN,0.6342,0.003,0.3628
DIAMONDS QUEEN HEARTS TWO,0.672,0.0066,0.3214
DIAMONDS KING DIAMONDS QUEEN,0.5554,0.0036,0.441
DIAMONDS KING HEARTS TWO,0.6702,0.0058,0.324
HEARTS THREE DIAMONDS QUEEN,0.7518,0.019,0.2292
HEARTS THREE HEARTS TWO,0.71,0.0198,0.2702
HEARTS TWO CLUBS QUEEN,0.6634,0.006,0.3306
DIAMONDS QUEEN CLUBS QUEEN,0.333,0.0056,0.6614
HEARTS TWO CLUBS KING,0.6542,0.0072,0.3386
DIAMONDS QUEEN CLUBS KING,0.598,0.0056,0.3964
SPADES EIGHT SPADES FIVE,0.5698,0.007,0.4232
CLUBS TEN HEARTS TWO,0.6622,0.005,0.3328
CLUBS TEN DIAMONDS QUEEN,0.584,0.004,0.412
SPADES NINE SPADES FIVE,0.5874,0.0042,0.4084
HEARTS TWO CLUBS JACK,0.6648,0.0054,0.3298
DIAMONDS QUEEN CLUBS JACK,0.5826,0.0052,0.4122
SPADES SIX SPADES FIVE,0.5702,0.003,0.4268
SPADES SEVEN SPADES FIVE,0.5638,0.006,0.4302
DIAMONDS FIVE CLUBS QUEEN,0.6388,0.0064,0.3548
DIAMONDS FIVE CLUBS KING,0.6128,0.0066,0.3806
SPADES EIGHT CLUBS KING,0.6134,0.0024,0.3842
SPADES EIGHT CLUBS QUEEN,0.6012,0.0068,0.392
SPADES EIGHT CLUBS JACK,0.5988,0.0054,0.3958
CLUBS TEN SPADES EIGHT,0.5846,0.0056,0.4098
CLUBS TEN DIAMONDS FIVE,0.6408,0.0048,0.3544
DIAMONDS FIVE CLUBS JACK,0.6302,0.0048,0.365
HEARTS JACK DIAMONDS TEN,0.5768,0.0046,0.4186
DIAMONDS TEN HEARTS TEN,0.3774,0.0028,0.6198
SPADES ACE CLUBS NINE,0.2802,0.1658,0.554
CLUBS NINE SPADES QUEEN,0.5962,0.0056,0.3982
CLUBS NINE SPADES KING,0.624,0.0052,0.3708
HEARTS SIX HEARTS KING,0.5868,0.005,0.4082
DIAMONDS KING SPADES SEVEN,0.634,0.005,0.361
HEARTS THREE SPADES SEVEN,0.7554,0.0122,0.2324
SPADES KING DIAMONDS SEVEN,0.6172,0.0036,0.3792
HEARTS SIX HEARTS QUEEN,0.579,0.0056,0.4154
SPADES QUEEN DIAMONDS SEVEN,0.627,0.005,0.368
