opposingHand,winningChance,drawChance,lostChance
CLUBS TEN SPADES KING
SPADES TEN HEARTS FIVE,0.7404,0.0336,0.226
SPADES JACK HEARTS FIVE,0.6624,0.0096,0.328
SPADES FIVE CLUBS JACK,0.6572,0.0074,0.3354
CLUBS EIGHT CLUBS JACK,0.5914,0.0084,0.4002
CLUBS EIGHT CLUBS KING,0.6166,0.114,0.2694
SPADES FIVE CLUBS ACE,0.4146,0.0048,0.5806
CLUBS EIGHT CLUBS QUEEN,0.6154,0.0074,0.3772
SPADES FIVE CLUBS KING,0.6576,0.1162,0.2262
SPADES FIVE CLUBS QUEEN,0.6434,0.01,0.3466
CLUBS EIGHT CLUBS ACE,0.3946,0.0038,0.6016
DIAMONDS TWO DIAMONDS THREE,0.6078,0.0112,0.381
DIAMONDS TWO DIAMONDS FIVE,0.6144,0.0066,0.379
DIAMONDS TWO DIAMONDS FOUR,0.6058,0.0066,0.3876
SPADES QUEEN HEARTS FIVE,0.6526,0.0084,0.339
DIAMONDS TWO DIAMONDS SEVEN,0.6358,0.0074,0.3568
DIAMONDS TWO DIAMONDS SIX,0.617,0.007,0.376
SPADES ACE HEARTS FIVE,0.413,0.0032,0.5838
DIAMONDS TWO DIAMONDS NINE,0.6382,0.0088,0.353
DIAMONDS TWO DIAMONDS EIGHT,0.6434,0.0066,0.35
DIAMONDS THREE DIAMONDS FOUR,0.6018,0.0094,0.3888
CLUBS TWO SPADES FOUR,0.6498,0.0094,0.3408
DIAMONDS THREE DIAMONDS FIVE,0.5974,0.0054,0.3972
CLUBS TWO SPADES FIVE,0.6556,0.0088,0.3356
CLUBS TWO SPADES TWO,0.4816,0.0108,0.5076
CLUBS TWO SPADES THREE,0.67,0.0072,0.3228
DIAMONDS THREE DIAMONDS EIGHT,0.634,0.0064,0.3596
SPADES EIGHT CLUBS TWO,0.6808,0.0092,0.31
DIAMONDS THREE DIAMONDS NINE,0.6418,0.0072,0.351
SPADES NINE CLUBS TWO,0.685,0.0078,0.3072
DIAMONDS THREE DIAMONDS SIX,0.5996,0.0068,0.3936
CLUBS TWO SPADES SIX,0.6622,0.0078,0.33
DIAMONDS THREE DIAMONDS SEVEN,0.611,0.0078,0.3812
SPADES SEVEN CLUBS TWO,0.6862,0.0088,0.305
CLUBS SIX CLUBS TWO,0.6438,0.0072,0.349
CLUBS SEVEN CLUBS TWO,0.6502,0.0056,0.3442
CLUBS FOUR CLUBS TWO,0.6312,0.0074,0.3614
CLUBS FIVE CLUBS TWO,0.6258,0.0094,0.3648
DIAMONDS FOUR DIAMONDS SIX,0.6046,0.0066,0.3888
DIAMONDS FOUR DIAMONDS SEVEN,0.6092,0.0068,0.384
CLUBS EIGHT CLUBS TWO,0.6494,0.0066,0.344
DIAMONDS FIVE DIAMONDS FOUR,0.5866,0.0068,0.4066
CLUBS NINE CLUBS TWO,0.6658,0.0064,0.3278
DIAMONDS NINE DIAMONDS FOUR,0.6238,0.0062,0.37
DIAMONDS EIGHT DIAMONDS FOUR,0.62,0.0068,0.3732
CLUBS TWO CLUBS THREE,0.629,0.0076,0.3634
DIAMONDS NINE DIAMONDS FIVE,0.6158,0.0054,0.3788
DIAMONDS TWO CLUBS JACK,0.65,0.0068,0.3432
DIAMONDS EIGHT DIAMONDS FIVE,0.6134,0.0076,0.379
DIAMONDS FIVE DIAMONDS SEVEN,0.6052,0.0078,0.387
DIAMONDS FIVE DIAMONDS SIX,0.5794,0.0076,0.413
DIAMONDS TWO CLUBS ACE,0.4226,0.003,0.5744
DIAMONDS TWO CLUBS KING,0.6546,0.1224,0.223
DIAMONDS TWO CLUBS QUEEN,0.646,0.0074,0.3466
DIAMONDS EIGHT DIAMONDS SIX,0.5824,0.0054,0.4122
DIAMONDS NINE DIAMONDS SIX,0.6098,0.006,0.3842
HEARTS ACE SPADES THREE,0.4132,0.0048,0.582
HEARTS KING SPADES THREE,0.6694,0.1108,0.2198
DIAMONDS SEVEN DIAMONDS SIX,0.5958,0.0058,0.3984
SPADES THREE HEARTS QUEEN,0.6638,0.0078,0.3284
SPADES THREE HEARTS JACK,0.6562,0.006,0.3378
SPADES THREE HEARTS TEN,0.7422,0.0374,0.2204
DIAMONDS EIGHT DIAMONDS SEVEN,0.5894,0.007,0.4036
DIAMONDS NINE DIAMONDS SEVEN,0.6006,0.0062,0.3932
DIAMONDS NINE DIAMONDS EIGHT,0.592,0.006,0.402
DIAMONDS KING HEARTS TEN,0.0234,0.9528,0.0238
HEARTS THREE HEARTS TEN,0.691,0.0372,0.2718
SPADES JACK CLUBS SIX,0.6724,0.0082,0.3194
DIAMONDS KING HEARTS JACK,0.2366,0.0864,0.677
HEARTS THREE HEARTS JACK,0.6122,0.0062,0.3816
CLUBS SIX SPADES TEN,0.7418,0.0328,0.2254
SPADES JACK SPADES FIVE,0.6332,0.0086,0.3582
SPADES TEN SPADES FIVE,0.7054,0.0318,0.2628
DIAMONDS KING HEARTS ACE,0.2484,0.0102,0.7414
HEARTS THREE HEARTS ACE,0.3984,0.002,0.5996
SPADES ACE CLUBS SIX,0.416,0.0068,0.5772
DIAMONDS KING HEARTS QUEEN,0.2436,0.0592,0.6972
HEARTS THREE HEARTS QUEEN,0.613,0.0048,0.3822
DIAMONDS KING HEARTS KING,0.107,0.0096,0.8834
HEARTS THREE HEARTS KING,0.62,0.1054,0.2746
SPADES QUEEN CLUBS SIX,0.6642,0.0094,0.3264
SPADES NINE HEARTS TEN,0.706,0.0348,0.2592
SPADES NINE HEARTS JACK,0.627,0.0066,0.3664
SPADES QUEEN SPADES FIVE,0.6248,0.0066,0.3686
SPADES ACE SPADES FIVE,0.3988,0.0048,0.5964
SPADES NINE HEARTS QUEEN,0.6298,0.0058,0.3644
SPADES NINE HEARTS KING,0.671,0.1076,0.2214
SPADES NINE HEARTS ACE,0.4172,0.003,0.5798
SPADES FIVE HEARTS QUEEN,0.6378,0.008,0.3542
SPADES FIVE HEARTS KING,0.6572,0.118,0.2248
SPADES FIVE HEARTS ACE,0.4226,0.004,0.5734
HEARTS THREE SPADES JACK,0.6614,0.0074,0.3312
SPADES JACK DIAMONDS KING,0.2416,0.0908,0.6676
CLUBS EIGHT SPADES TEN,0.7238,0.0332,0.243
CLUBS EIGHT SPADES JACK,0.6378,0.005,0.3572
HEARTS THREE SPADES TEN,0.7332,0.037,0.2298
SPADES TEN DIAMONDS KING,0.0174,0.971,0.0116
SPADES ACE CLUBS EIGHT,0.4238,0.005,0.5712
HEARTS FIVE CLUBS JACK,0.6556,0.0094,0.335
CLUBS SIX HEARTS ACE,0.4292,0.0034,0.5674
CLUBS EIGHT SPADES QUEEN,0.6514,0.0068,0.3418
CLUBS SIX HEARTS QUEEN,0.6548,0.0058,0.3394
SPADES THREE CLUBS JACK,0.6556,0.0086,0.3358
CLUBS SIX HEARTS KING,0.6514,0.121,0.2276
DIAMONDS TWO HEARTS JACK,0.6614,0.0072,0.3314
SPADES THREE CLUBS QUEEN,0.646,0.0082,0.3458
DIAMONDS TWO HEARTS TEN,0.7472,0.032,0.2208
SPADES THREE CLUBS KING,0.649,0.1252,0.2258
HEARTS FIVE CLUBS ACE,0.4274,0.006,0.5666
SPADES FIVE HEARTS TEN,0.744,0.0402,0.2158
SPADES THREE CLUBS ACE,0.4208,0.0052,0.574
HEARTS FIVE CLUBS KING,0.6484,0.113,0.2386
SPADES FIVE HEARTS JACK,0.6428,0.0058,0.3514
HEARTS FIVE CLUBS QUEEN,0.6534,0.0068,0.3398
HEARTS THREE CLUBS KING,0.6532,0.1166,0.2302
DIAMONDS KING CLUBS KING,0.106,0.0126,0.8814
HEARTS THREE CLUBS QUEEN,0.6438,0.0068,0.3494
DIAMONDS KING CLUBS QUEEN,0.2306,0.0616,0.7078
HEARTS FIVE HEARTS JACK,0.6172,0.0046,0.3782
HEARTS FIVE HEARTS TEN,0.6838,0.0388,0.2774
HEARTS THREE CLUBS ACE,0.4288,0.005,0.5662
DIAMONDS KING CLUBS ACE,0.2444,0.0094,0.7462
SPADES ACE CLUBS QUEEN,0.359,0.0034,0.6376
HEARTS THREE CLUBS JACK,0.6524,0.007,0.3406
DIAMONDS KING CLUBS JACK,0.2366,0.086,0.6774
SPADES QUEEN CLUBS QUEEN,0.294,0.0048,0.7012
SPADES JACK CLUBS QUEEN,0.5826,0.007,0.4104
CLUBS SIX CLUBS QUEEN,0.6164,0.0076,0.376
SPADES TEN CLUBS QUEEN,0.7238,0.0284,0.2478
CLUBS SIX CLUBS KING,0.616,0.1146,0.2694
CLUBS SIX CLUBS ACE,0.4088,0.004,0.5872
HEARTS FIVE HEARTS KING,0.6068,0.1078,0.2854
HEARTS FIVE HEARTS QUEEN,0.6126,0.0082,0.3792
HEARTS FIVE HEARTS ACE,0.3892,0.002,0.6088
CLUBS SIX CLUBS JACK,0.6198,0.0064,0.3738
SPADES SEVEN HEARTS JACK,0.6426,0.0066,0.3508
SPADES SEVEN HEARTS TEN,0.7254,0.0316,0.243
DIAMONDS TWO CLUBS TWO,0.4898,0.011,0.4992
DIAMONDS TWO CLUBS THREE,0.6466,0.0086,0.3448
HEARTS SIX DIAMONDS TWO,0.6648,0.0076,0.3276
DIAMONDS TWO HEARTS QUEEN,0.67,0.0064,0.3236
DIAMONDS TWO HEARTS SEVEN,0.6728,0.0078,0.3194
DIAMONDS TWO HEARTS KING,0.648,0.12,0.232
DIAMONDS TWO HEARTS EIGHT,0.671,0.0068,0.3222
DIAMONDS TWO HEARTS ACE,0.4166,0.004,0.5794
DIAMONDS TWO HEARTS NINE,0.675,0.0066,0.3184
DIAMONDS TWO DIAMONDS QUEEN,0.6082,0.0072,0.3846
DIAMONDS TWO HEARTS TWO,0.4826,0.012,0.5054
DIAMONDS TWO DIAMONDS KING,0.6068,0.1108,0.2824
HEARTS THREE DIAMONDS TWO,0.6428,0.0086,0.3486
DIAMONDS TWO DIAMONDS ACE,0.395,0.004,0.601
HEARTS FOUR DIAMONDS TWO,0.6434,0.0098,0.3468
DIAMONDS TWO HEARTS FIVE,0.6574,0.0072,0.3354
SPADES SEVEN HEARTS ACE,0.423,0.0034,0.5736
DIAMONDS TWO DIAMONDS TEN,0.6884,0.0328,0.2788
SPADES SEVEN HEARTS KING,0.6336,0.136,0.2304
DIAMONDS TWO DIAMONDS JACK,0.6106,0.0074,0.382
SPADES SEVEN HEARTS QUEEN,0.6662,0.0082,0.3256
DIAMONDS TWO SPADES NINE,0.6856,0.006,0.3084
DIAMONDS TWO SPADES EIGHT,0.677,0.0066,0.3164
DIAMONDS TWO SPADES SEVEN,0.6742,0.008,0.3178
DIAMONDS TWO SPADES SIX,0.6754,0.0066,0.318
DIAMONDS TWO SPADES FIVE,0.6556,0.0072,0.3372
DIAMONDS TWO SPADES FOUR,0.651,0.01,0.339
DIAMONDS TWO SPADES THREE,0.665,0.009,0.326
DIAMONDS TWO SPADES TWO,0.4666,0.0108,0.5226
CLUBS NINE DIAMONDS TWO,0.6844,0.0068,0.3088
CLUBS EIGHT DIAMONDS TWO,0.6706,0.009,0.3204
DIAMONDS TWO CLUBS SEVEN,0.6736,0.0058,0.3206
CLUBS SIX DIAMONDS TWO,0.6658,0.008,0.3262
DIAMONDS TWO CLUBS FIVE,0.6584,0.0086,0.333
DIAMONDS TWO CLUBS FOUR,0.6676,0.0064,0.326
CLUBS FOUR SPADES FIVE,0.6282,0.0076,0.3642
CLUBS FOUR SPADES FOUR,0.4808,0.0074,0.5118
CLUBS FOUR SPADES THREE,0.644,0.0078,0.3482
CLUBS FOUR SPADES TWO,0.6494,0.0102,0.3404
SPADES NINE CLUBS FOUR,0.6954,0.0072,0.2974
CLUBS FOUR SPADES EIGHT,0.6736,0.007,0.3194
CLUBS FOUR SPADES SEVEN,0.6694,0.0066,0.324
CLUBS FOUR SPADES SIX,0.6444,0.0068,0.3488
SPADES ACE DIAMONDS SIX,0.4116,0.0036,0.5848
SPADES QUEEN DIAMONDS SIX,0.662,0.005,0.333
SPADES TEN DIAMONDS SIX,0.7284,0.0288,0.2428
SPADES JACK DIAMONDS SIX,0.6502,0.0084,0.3414
SPADES QUEEN SPADES TWO,0.6352,0.0054,0.3594
SPADES ACE SPADES TWO,0.4028,0.0038,0.5934
DIAMONDS JACK CLUBS JACK,0.2962,0.0072,0.6966
DIAMONDS JACK CLUBS KING,0.2338,0.0906,0.6756
DIAMONDS JACK CLUBS QUEEN,0.604,0.007,0.389
DIAMONDS THREE DIAMONDS JACK,0.6146,0.0048,0.3806
DIAMONDS THREE DIAMONDS TEN,0.7012,0.0334,0.2654
DIAMONDS JACK CLUBS ACE,0.374,0.0032,0.6228
DIAMONDS THREE DIAMONDS KING,0.6152,0.1074,0.2774
HEARTS THREE DIAMONDS THREE,0.4838,0.0112,0.505
DIAMONDS THREE DIAMONDS QUEEN,0.6076,0.0062,0.3862
DIAMONDS THREE HEARTS TWO,0.6562,0.0046,0.3392
HEARTS FIVE DIAMONDS THREE,0.6194,0.0066,0.374
DIAMONDS THREE DIAMONDS ACE,0.4006,0.0032,0.5962
HEARTS FOUR DIAMONDS THREE,0.6328,0.006,0.3612
DIAMONDS THREE HEARTS SEVEN,0.6584,0.0078,0.3338
SPADES TEN SPADES NINE,0.6804,0.0324,0.2872
HEARTS SIX DIAMONDS THREE,0.6476,0.0064,0.346
SPADES JACK SPADES NINE,0.5832,0.0046,0.4122
DIAMONDS THREE HEARTS NINE,0.6692,0.0058,0.325
HEARTS JACK DIAMONDS FOUR,0.6494,0.0084,0.3422
HEARTS KING HEARTS ACE,0.232,0.0116,0.7564
SPADES TEN SPADES TWO,0.7086,0.0426,0.2488
DIAMONDS THREE HEARTS EIGHT,0.6854,0.007,0.3076
HEARTS TEN DIAMONDS FOUR,0.7142,0.0356,0.2502
SPADES JACK SPADES TWO,0.6416,0.0064,0.352
HEARTS QUEEN DIAMONDS FOUR,0.6474,0.006,0.3466
HEARTS KING DIAMONDS FOUR,0.6318,0.1216,0.2466
SPADES ACE SPADES NINE,0.3986,0.0048,0.5966
HEARTS ACE DIAMONDS FOUR,0.4202,0.0024,0.5774
SPADES QUEEN SPADES NINE,0.6042,0.0092,0.3866
DIAMONDS THREE SPADES NINE,0.6738,0.0104,0.3158
DIAMONDS THREE SPADES EIGHT,0.679,0.0066,0.3144
DIAMONDS THREE SPADES SEVEN,0.675,0.0064,0.3186
DIAMONDS THREE SPADES SIX,0.6478,0.0076,0.3446
CLUBS SIX DIAMONDS THREE,0.643,0.0066,0.3504
CLUBS ACE DIAMONDS FOUR,0.4046,0.0054,0.59
CLUBS SIX CLUBS FIVE,0.5948,0.008,0.3972
CLUBS SEVEN CLUBS FIVE,0.6012,0.0096,0.3892
CLUBS SEVEN DIAMONDS THREE,0.6648,0.0074,0.3278
DIAMONDS THREE CLUBS FOUR,0.6398,0.008,0.3522
DIAMONDS FOUR CLUBS QUEEN,0.647,0.0076,0.3454
DIAMONDS THREE CLUBS FIVE,0.6448,0.0096,0.3456
CLUBS KING DIAMONDS FOUR,0.638,0.127,0.235
DIAMONDS THREE CLUBS TWO,0.656,0.0096,0.3344
DIAMONDS THREE CLUBS THREE,0.4826,0.0112,0.5062
DIAMONDS FOUR CLUBS JACK,0.6496,0.0054,0.345
DIAMONDS THREE SPADES FOUR,0.6364,0.0092,0.3544
DIAMONDS THREE SPADES FIVE,0.6494,0.009,0.3416
DIAMONDS THREE SPADES TWO,0.643,0.0078,0.3492
DIAMONDS THREE SPADES THREE,0.476,0.009,0.515
CLUBS EIGHT DIAMONDS THREE,0.6852,0.0062,0.3086
CLUBS NINE DIAMONDS THREE,0.6798,0.0072,0.313
SPADES SEVEN CLUBS ACE,0.4142,0.0046,0.5812
SPADES SEVEN CLUBS QUEEN,0.6514,0.0066,0.342
SPADES SEVEN CLUBS KING,0.6578,0.1198,0.2224
CLUBS FIVE SPADES SEVEN,0.6362,0.0092,0.3546
CLUBS FIVE SPADES SIX,0.6324,0.009,0.3586
SPADES SEVEN CLUBS JACK,0.6388,0.0082,0.353
SPADES NINE CLUBS FIVE,0.6624,0.0076,0.33
SPADES EIGHT CLUBS FIVE,0.664,0.0122,0.3238
CLUBS FIVE SPADES THREE,0.6438,0.009,0.3472
CLUBS FIVE SPADES TWO,0.6598,0.008,0.3322
CLUBS FIVE SPADES FIVE,0.489,0.013,0.498
CLUBS FIVE SPADES FOUR,0.6448,0.012,0.3432
CLUBS NINE CLUBS FIVE,0.641,0.01,0.349
CLUBS EIGHT CLUBS FIVE,0.6212,0.0082,0.3706
CLUBS ACE CLUBS QUEEN,0.3486,0.0046,0.6468
CLUBS KING CLUBS QUEEN,0.2386,0.0522,0.7092
DIAMONDS TEN DIAMONDS FOUR,0.6912,0.0332,0.2756
DIAMONDS JACK DIAMONDS FOUR,0.6132,0.0056,0.3812
DIAMONDS NINE CLUBS JACK,0.6194,0.0066,0.374
SPADES NINE CLUBS JACK,0.638,0.0054,0.3566
DIAMONDS ACE DIAMONDS FOUR,0.3864,0.0054,0.6082
HEARTS FOUR DIAMONDS FOUR,0.4708,0.0098,0.5194
DIAMONDS JACK HEARTS TEN,0.697,0.0282,0.2748
SPADES NINE CLUBS KING,0.6652,0.1124,0.2224
DIAMONDS TWO SPADES TEN,0.7326,0.0346,0.2328
DIAMONDS NINE CLUBS ACE,0.405,0.0036,0.5914
HEARTS FIVE DIAMONDS FOUR,0.6218,0.006,0.3722
HEARTS JACK DIAMONDS JACK,0.2952,0.0046,0.7002
SPADES NINE CLUBS QUEEN,0.6386,0.006,0.3554
SPADES JACK DIAMONDS TWO,0.659,0.0076,0.3334
DIAMONDS QUEEN DIAMONDS FOUR,0.6096,0.0086,0.3818
HEARTS TWO DIAMONDS FOUR,0.6432,0.0074,0.3494
DIAMONDS NINE CLUBS QUEEN,0.6306,0.0076,0.3618
DIAMONDS KING DIAMONDS FOUR,0.6204,0.1112,0.2684
HEARTS THREE DIAMONDS FOUR,0.6364,0.0074,0.3562
SPADES NINE CLUBS ACE,0.4178,0.003,0.5792
DIAMONDS NINE CLUBS KING,0.6448,0.1224,0.2328
HEARTS ACE DIAMONDS JACK,0.3632,0.0024,0.6344
SPADES ACE DIAMONDS TWO,0.4156,0.0054,0.579
DIAMONDS JACK HEARTS QUEEN,0.5976,0.0058,0.3966
SPADES QUEEN DIAMONDS TWO,0.6604,0.0086,0.331
HEARTS KING DIAMONDS JACK,0.2386,0.0872,0.6742
SPADES JACK SPADES SEVEN,0.615,0.0068,0.3782
SPADES TEN SPADES SEVEN,0.6894,0.0298,0.2808
CLUBS SEVEN CLUBS THREE,0.633,0.0074,0.3596
CLUBS SIX CLUBS THREE,0.6096,0.0072,0.3832
CLUBS FIVE CLUBS THREE,0.6116,0.0074,0.381
CLUBS FOUR CLUBS THREE,0.6146,0.0084,0.377
CLUBS NINE CLUBS THREE,0.6332,0.0052,0.3616
CLUBS EIGHT CLUBS THREE,0.6436,0.0058,0.3506
CLUBS THREE SPADES FIVE,0.648,0.009,0.343
CLUBS THREE SPADES FOUR,0.6464,0.008,0.3456
CLUBS THREE SPADES THREE,0.4838,0.012,0.5042
CLUBS THREE SPADES TWO,0.6538,0.0104,0.3358
SPADES SIX CLUBS THREE,0.6532,0.0076,0.3392
SPADES SEVEN CLUBS THREE,0.6692,0.0088,0.322
SPADES EIGHT CLUBS THREE,0.6886,0.008,0.3034
SPADES NINE CLUBS THREE,0.6896,0.0072,0.3032
SPADES TWO DIAMONDS FOUR,0.6504,0.008,0.3416
SPADES THREE DIAMONDS FOUR,0.6352,0.0082,0.3566
SPADES FOUR DIAMONDS FOUR,0.4746,0.0084,0.517
SPADES FIVE DIAMONDS FOUR,0.625,0.0072,0.3678
SPADES SIX DIAMONDS FOUR,0.64,0.0082,0.3518
SPADES SEVEN DIAMONDS FOUR,0.656,0.0078,0.3362
SPADES EIGHT DIAMONDS FOUR,0.659,0.0062,0.3348
SPADES NINE DIAMONDS FOUR,0.6722,0.0092,0.3186
CLUBS FIVE DIAMONDS FOUR,0.6362,0.0068,0.357
CLUBS FOUR DIAMONDS FOUR,0.4778,0.0116,0.5106
CLUBS SEVEN DIAMONDS FOUR,0.6496,0.008,0.3424
CLUBS SIX DIAMONDS FOUR,0.6374,0.005,0.3576
CLUBS NINE DIAMONDS FOUR,0.6832,0.0086,0.3082
CLUBS EIGHT DIAMONDS FOUR,0.6624,0.0056,0.332
DIAMONDS FOUR HEARTS SEVEN,0.646,0.0064,0.3476
HEARTS SIX DIAMONDS FOUR,0.6356,0.005,0.3594
HEARTS NINE DIAMONDS FOUR,0.672,0.0046,0.3234
DIAMONDS FOUR HEARTS EIGHT,0.6552,0.0054,0.3394
CLUBS THREE DIAMONDS FOUR,0.6484,0.0068,0.3448
CLUBS TWO DIAMONDS FOUR,0.655,0.0068,0.3382
DIAMONDS TEN DIAMONDS FIVE,0.7,0.0364,0.2636
DIAMONDS JACK DIAMONDS FIVE,0.6024,0.007,0.3906
DIAMONDS NINE HEARTS QUEEN,0.6386,0.0048,0.3566
HEARTS KING DIAMONDS NINE,0.6456,0.1214,0.233
DIAMONDS NINE HEARTS ACE,0.409,0.0036,0.5874
DIAMONDS NINE HEARTS TEN,0.692,0.0312,0.2768
DIAMONDS NINE HEARTS JACK,0.6282,0.0036,0.3682
CLUBS KING DIAMONDS SIX,0.644,0.119,0.237
CLUBS QUEEN DIAMONDS SIX,0.6456,0.0056,0.3488
CLUBS ACE DIAMONDS SIX,0.4274,0.0038,0.5688
SPADES ACE SPADES SEVEN,0.4066,0.004,0.5894
SPADES QUEEN DIAMONDS FOUR,0.65,0.0064,0.3436
SPADES QUEEN SPADES SEVEN,0.6344,0.008,0.3576
CLUBS JACK DIAMONDS SIX,0.6456,0.008,0.3464
SPADES ACE DIAMONDS FOUR,0.422,0.0076,0.5704
CLUBS NINE CLUBS FOUR,0.6488,0.0068,0.3444
CLUBS EIGHT CLUBS FOUR,0.6384,0.0066,0.355
SPADES JACK DIAMONDS FOUR,0.654,0.01,0.336
SPADES TEN DIAMONDS FOUR,0.742,0.0366,0.2214
CLUBS FOUR CLUBS FIVE,0.5976,0.0078,0.3946
CLUBS SEVEN CLUBS FOUR,0.6176,0.0076,0.3748
CLUBS SIX CLUBS FOUR,0.618,0.0078,0.3742
CLUBS SEVEN SPADES EIGHT,0.6304,0.0064,0.3632
CLUBS SEVEN SPADES NINE,0.6408,0.0052,0.354
CLUBS SEVEN SPADES SIX,0.6288,0.0094,0.3618
CLUBS SEVEN SPADES SEVEN,0.4542,0.0088,0.537
CLUBS SEVEN SPADES FIVE,0.6424,0.0072,0.3504
CLUBS SEVEN SPADES FOUR,0.6556,0.0072,0.3372
CLUBS SEVEN SPADES THREE,0.6562,0.0102,0.3336
CLUBS SEVEN SPADES TWO,0.6836,0.0108,0.3056
CLUBS NINE CLUBS SEVEN,0.6106,0.0084,0.381
CLUBS EIGHT CLUBS SEVEN,0.5956,0.0068,0.3976
HEARTS SIX DIAMONDS FIVE,0.6312,0.0084,0.3604
DIAMONDS FIVE HEARTS SEVEN,0.6286,0.0068,0.3646
DIAMONDS FIVE HEARTS EIGHT,0.655,0.007,0.338
HEARTS NINE DIAMONDS FIVE,0.6616,0.0064,0.332
DIAMONDS QUEEN DIAMONDS FIVE,0.6022,0.007,0.3908
HEARTS TWO DIAMONDS FIVE,0.6588,0.0076,0.3336
HEARTS KING HEARTS EIGHT,0.6182,0.105,0.2768
DIAMONDS KING DIAMONDS FIVE,0.6068,0.1052,0.288
HEARTS THREE DIAMONDS FIVE,0.6338,0.0072,0.359
HEARTS QUEEN HEARTS EIGHT,0.6124,0.0062,0.3814
DIAMONDS ACE DIAMONDS FIVE,0.3968,0.0054,0.5978
HEARTS FOUR DIAMONDS FIVE,0.624,0.0064,0.3696
HEARTS FIVE DIAMONDS FIVE,0.4772,0.0094,0.5134
HEARTS ACE HEARTS EIGHT,0.395,0.0028,0.6022
CLUBS FOUR DIAMONDS FIVE,0.6448,0.01,0.3452
CLUBS FIVE DIAMONDS FIVE,0.4828,0.0092,0.508
CLUBS SIX DIAMONDS FIVE,0.6302,0.0068,0.363
CLUBS SEVEN DIAMONDS FIVE,0.6304,0.0062,0.3634
CLUBS TWO DIAMONDS FIVE,0.65,0.0068,0.3432
CLUBS THREE DIAMONDS FIVE,0.6486,0.0084,0.343
SPADES THREE DIAMONDS FIVE,0.6444,0.0092,0.3464
SPADES TWO DIAMONDS FIVE,0.6656,0.0088,0.3256
SPADES JACK DIAMONDS EIGHT,0.6364,0.0062,0.3574
SPADES FIVE DIAMONDS FIVE,0.4732,0.0092,0.5176
SPADES TEN DIAMONDS EIGHT,0.7152,0.0338,0.251
SPADES FOUR DIAMONDS FIVE,0.6156,0.008,0.3764
HEARTS JACK CLUBS JACK,0.2908,0.0052,0.704
HEARTS JACK CLUBS QUEEN,0.6026,0.005,0.3924
CLUBS NINE DIAMONDS FIVE,0.6676,0.0076,0.3248
HEARTS JACK CLUBS KING,0.2308,0.0936,0.6756
CLUBS EIGHT DIAMONDS FIVE,0.654,0.0064,0.3396
HEARTS JACK CLUBS ACE,0.3636,0.0054,0.631
SPADES SEVEN DIAMONDS FIVE,0.6492,0.004,0.3468
SPADES SIX DIAMONDS FIVE,0.6248,0.0082,0.367
SPADES QUEEN DIAMONDS EIGHT,0.643,0.0096,0.3474
SPADES NINE DIAMONDS FIVE,0.6612,0.0054,0.3334
SPADES EIGHT DIAMONDS FIVE,0.6386,0.0068,0.3546
SPADES ACE DIAMONDS EIGHT,0.4088,0.0032,0.588
DIAMONDS TEN DIAMONDS SIX,0.6746,0.029,0.2964
HEARTS ACE DIAMONDS SEVEN,0.4166,0.0036,0.5798
DIAMONDS JACK DIAMONDS SIX,0.6148,0.0052,0.38
HEARTS QUEEN DIAMONDS SEVEN,0.6528,0.0064,0.3408
HEARTS KING DIAMONDS SEVEN,0.6452,0.112,0.2428
DIAMONDS ACE DIAMONDS SIX,0.3986,0.0036,0.5978
HEARTS FOUR DIAMONDS SIX,0.633,0.0076,0.3594
HEARTS JACK SPADES TWO,0.6702,0.0048,0.325
HEARTS FIVE DIAMONDS SIX,0.6106,0.0068,0.3826
SPADES TWO HEARTS TEN,0.7456,0.033,0.2214
DIAMONDS QUEEN DIAMONDS SIX,0.597,0.0074,0.3956
HEARTS TWO DIAMONDS SIX,0.662,0.0048,0.3332
DIAMONDS KING DIAMONDS SIX,0.6138,0.1098,0.2764
HEARTS THREE DIAMONDS SIX,0.6572,0.0078,0.335
HEARTS EIGHT DIAMONDS SIX,0.6458,0.0046,0.3496
HEARTS NINE DIAMONDS SIX,0.6564,0.0068,0.3368
HEARTS SIX DIAMONDS SIX,0.473,0.0078,0.5192
HEARTS SEVEN DIAMONDS SIX,0.624,0.0044,0.3716
HEARTS TEN DIAMONDS SEVEN,0.7156,0.0304,0.254
CLUBS TWO DIAMONDS SIX,0.6644,0.0066,0.329
HEARTS JACK DIAMONDS SEVEN,0.631,0.0066,0.3624
CLUBS THREE DIAMONDS SIX,0.6506,0.0066,0.3428
DIAMONDS EIGHT CLUBS JACK,0.642,0.0056,0.3524
CLUBS SEVEN DIAMONDS SIX,0.6428,0.0064,0.3508
CLUBS SIX DIAMONDS SIX,0.479,0.0092,0.5118
CLUBS FIVE DIAMONDS SIX,0.6178,0.006,0.3762
CLUBS FOUR DIAMONDS SIX,0.6398,0.008,0.3522
HEARTS ACE HEARTS JACK,0.3486,0.0046,0.6468
DIAMONDS EIGHT CLUBS ACE,0.416,0.0044,0.5796
HEARTS JACK HEARTS QUEEN,0.542,0.0054,0.4526
DIAMONDS EIGHT CLUBS KING,0.6466,0.121,0.2324
CLUBS NINE DIAMONDS SIX,0.666,0.008,0.326
HEARTS KING HEARTS JACK,0.22,0.0792,0.7008
DIAMONDS EIGHT CLUBS QUEEN,0.6562,0.0058,0.338
CLUBS EIGHT DIAMONDS SIX,0.645,0.0064,0.3486
SPADES TEN HEARTS KING,0.0176,0.972,0.0104
SPADES FIVE DIAMONDS SIX,0.6408,0.0052,0.354
HEARTS ACE SPADES TWO,0.43,0.004,0.566
SPADES JACK HEARTS KING,0.2324,0.0924,0.6752
SPADES FOUR DIAMONDS SIX,0.643,0.0072,0.3498
SPADES THREE DIAMONDS SIX,0.657,0.008,0.335
SPADES TWO HEARTS QUEEN,0.6734,0.0084,0.3182
HEARTS KING SPADES TWO,0.6636,0.1148,0.2216
SPADES TWO DIAMONDS SIX,0.6728,0.0048,0.3224
HEARTS TEN HEARTS EIGHT,0.667,0.0308,0.3022
SPADES NINE DIAMONDS SIX,0.6534,0.0072,0.3394
HEARTS JACK HEARTS EIGHT,0.5994,0.0054,0.3952
SPADES EIGHT DIAMONDS SIX,0.6382,0.007,0.3548
SPADES SEVEN DIAMONDS SIX,0.6326,0.0064,0.361
SPADES SIX DIAMONDS SIX,0.484,0.009,0.507
SPADES QUEEN HEARTS KING,0.2398,0.0644,0.6958
CLUBS ACE CLUBS KING,0.2414,0.014,0.7446
SPADES ACE HEARTS KING,0.2398,0.0114,0.7488
SPADES ACE HEARTS JACK,0.375,0.0056,0.6194
SPADES QUEEN HEARTS JACK,0.6,0.0066,0.3934
SPADES TEN DIAMONDS TEN,0.3266,0.0216,0.6518
SPADES JACK DIAMONDS TEN,0.711,0.0246,0.2644
SPADES ACE DIAMONDS TEN,0.244,0.0204,0.7356
SPADES JACK HEARTS JACK,0.2998,0.0062,0.694
SPADES TEN HEARTS JACK,0.7084,0.026,0.2656
SPADES QUEEN DIAMONDS TEN,0.7348,0.0296,0.2356
SPADES NINE DIAMONDS SEVEN,0.629,0.0076,0.3634
SPADES EIGHT DIAMONDS SEVEN,0.6172,0.0096,0.3732
SPADES SEVEN DIAMONDS SEVEN,0.4706,0.0072,0.5222
SPADES SIX DIAMONDS SEVEN,0.6238,0.0066,0.3696
DIAMONDS KING DIAMONDS SEVEN,0.603,0.1058,0.2912
HEARTS THREE DIAMONDS SEVEN,0.6528,0.0064,0.3408
HEARTS KING DIAMONDS FIVE,0.6462,0.1174,0.2364
DIAMONDS QUEEN DIAMONDS SEVEN,0.6122,0.006,0.3818
HEARTS TWO DIAMONDS SEVEN,0.6738,0.0066,0.3196
HEARTS QUEEN DIAMONDS FIVE,0.6408,0.006,0.3532
HEARTS FIVE DIAMONDS SEVEN,0.6316,0.0076,0.3608
DIAMONDS ACE DIAMONDS SEVEN,0.4026,0.006,0.5914
HEARTS FOUR DIAMONDS SEVEN,0.6408,0.0056,0.3536
HEARTS ACE DIAMONDS FIVE,0.4296,0.003,0.5674
HEARTS SEVEN DIAMONDS SEVEN,0.4578,0.0066,0.5356
HEARTS SIX DIAMONDS SEVEN,0.6276,0.007,0.3654
HEARTS NINE DIAMONDS SEVEN,0.634,0.0064,0.3596
DIAMONDS SEVEN HEARTS EIGHT,0.6242,0.0062,0.3696
DIAMONDS JACK DIAMONDS SEVEN,0.599,0.0078,0.3932
HEARTS JACK DIAMONDS FIVE,0.6446,0.005,0.3504
DIAMONDS TEN DIAMONDS SEVEN,0.6712,0.033,0.2958
DIAMONDS FIVE HEARTS TEN,0.7338,0.0374,0.2288
HEARTS KING CLUBS KING,0.1024,0.0148,0.8828
CLUBS EIGHT DIAMONDS SEVEN,0.6364,0.0052,0.3584
SPADES QUEEN CLUBS TWO,0.6536,0.0088,0.3376
HEARTS KING CLUBS QUEEN,0.2448,0.0632,0.692
CLUBS NINE DIAMONDS SEVEN,0.6398,0.0066,0.3536
SPADES TWO CLUBS JACK,0.6598,0.0092,0.331
SPADES ACE CLUBS TWO,0.4278,0.0064,0.5658
HEARTS KING CLUBS ACE,0.2492,0.008,0.7428
CLUBS SIX CLUBS SEVEN,0.6068,0.0084,0.3848
SPADES TWO CLUBS KING,0.6692,0.1148,0.216
SPADES TWO DIAMONDS SEVEN,0.6866,0.007,0.3064
CLUBS EIGHT CLUBS SIX,0.614,0.0088,0.3772
SPADES THREE DIAMONDS SEVEN,0.6712,0.007,0.3218
SPADES TWO CLUBS QUEEN,0.664,0.0078,0.3282
CLUBS NINE CLUBS SIX,0.6226,0.0054,0.372
SPADES FOUR DIAMONDS SEVEN,0.6536,0.0076,0.3388
HEARTS KING CLUBS JACK,0.2358,0.0894,0.6748
SPADES FIVE DIAMONDS SEVEN,0.6316,0.0074,0.361
SPADES TWO CLUBS ACE,0.421,0.007,0.572
CLUBS SIX SPADES TWO,0.6712,0.0072,0.3216
CLUBS SIX SPADES THREE,0.6596,0.0066,0.3338
CLUBS TWO DIAMONDS SEVEN,0.6762,0.009,0.3148
CLUBS SIX SPADES FOUR,0.6332,0.01,0.3568
CLUBS THREE DIAMONDS SEVEN,0.6648,0.0068,0.3284
CLUBS SIX SPADES FIVE,0.64,0.0082,0.3518
CLUBS FOUR DIAMONDS SEVEN,0.6562,0.0062,0.3376
CLUBS SIX SPADES SIX,0.4738,0.008,0.5182
CLUBS FIVE DIAMONDS SEVEN,0.6404,0.007,0.3526
CLUBS SIX SPADES SEVEN,0.639,0.0066,0.3544
CLUBS SIX DIAMONDS SEVEN,0.6194,0.0064,0.3742
CLUBS SIX SPADES EIGHT,0.638,0.0068,0.3552
SPADES JACK CLUBS TWO,0.6732,0.008,0.3188
CLUBS SIX SPADES NINE,0.668,0.0084,0.3236
SPADES TEN CLUBS TWO,0.7624,0.0352,0.2024
CLUBS SEVEN DIAMONDS SEVEN,0.4614,0.0068,0.5318
CLUBS TWO CLUBS QUEEN,0.628,0.0066,0.3654
CLUBS TWO CLUBS KING,0.6212,0.1172,0.2616
CLUBS THREE DIAMONDS EIGHT,0.6878,0.007,0.3052
CLUBS TWO CLUBS ACE,0.4024,0.0064,0.5912
CLUBS TWO DIAMONDS EIGHT,0.6786,0.0056,0.3158
DIAMONDS EIGHT HEARTS SEVEN,0.6266,0.0072,0.3662
HEARTS SIX DIAMONDS EIGHT,0.6342,0.005,0.3608
DIAMONDS EIGHT HEARTS NINE,0.6368,0.0058,0.3574
DIAMONDS EIGHT HEARTS EIGHT,0.442,0.0078,0.5502
CLUBS TWO CLUBS JACK,0.6268,0.0078,0.3654
CLUBS NINE DIAMONDS EIGHT,0.6464,0.0052,0.3484
CLUBS EIGHT DIAMONDS EIGHT,0.4612,0.0068,0.532
CLUBS FIVE DIAMONDS EIGHT,0.649,0.0094,0.3416
SPADES ACE SPADES THREE,0.4086,0.0066,0.5848
CLUBS FOUR DIAMONDS EIGHT,0.659,0.0078,0.3332
SPADES QUEEN SPADES THREE,0.6278,0.008,0.3642
CLUBS SEVEN DIAMONDS EIGHT,0.6342,0.0054,0.3604
CLUBS SIX DIAMONDS EIGHT,0.6388,0.0064,0.3548
DIAMONDS QUEEN DIAMONDS EIGHT,0.5988,0.0082,0.393
HEARTS TWO DIAMONDS EIGHT,0.6674,0.0074,0.3252
DIAMONDS KING DIAMONDS EIGHT,0.6252,0.1024,0.2724
HEARTS THREE DIAMONDS EIGHT,0.671,0.0076,0.3214
DIAMONDS ACE DIAMONDS EIGHT,0.3842,0.0048,0.611
HEARTS FOUR DIAMONDS EIGHT,0.6522,0.0082,0.3396
HEARTS FIVE DIAMONDS EIGHT,0.6442,0.0068,0.349
DIAMONDS EIGHT DIAMONDS TEN,0.6672,0.027,0.3058
DIAMONDS EIGHT DIAMONDS JACK,0.5976,0.0046,0.3978
SPADES JACK SPADES THREE,0.6252,0.0108,0.364
SPADES TEN SPADES THREE,0.7128,0.0362,0.251
CLUBS FOUR HEARTS ACE,0.4268,0.0044,0.5688
CLUBS FOUR HEARTS QUEEN,0.6408,0.0068,0.3524
CLUBS FOUR HEARTS KING,0.6518,0.1222,0.226
CLUBS SIX HEARTS TEN,0.73,0.035,0.235
CLUBS SIX HEARTS JACK,0.6746,0.0076,0.3178
SPADES FOUR DIAMONDS EIGHT,0.647,0.0078,0.3452
SPADES FIVE DIAMONDS EIGHT,0.656,0.0076,0.3364
DIAMONDS EIGHT SPADES TWO,0.677,0.0066,0.3164
DIAMONDS EIGHT SPADES THREE,0.6824,0.0064,0.3112
CLUBS FOUR HEARTS JACK,0.6604,0.0066,0.333
SPADES EIGHT DIAMONDS EIGHT,0.4602,0.0084,0.5314
SPADES JACK HEARTS EIGHT,0.6434,0.0064,0.3502
SPADES TEN HEARTS TWO,0.7502,0.0318,0.218
SPADES TEN DIAMONDS QUEEN,0.7214,0.0294,0.2492
CLUBS FOUR HEARTS TEN,0.7332,0.0378,0.229
SPADES NINE DIAMONDS EIGHT,0.636,0.0074,0.3566
SPADES JACK HEARTS TWO,0.6706,0.0074,0.322
SPADES JACK DIAMONDS QUEEN,0.5948,0.0054,0.3998
SPADES TEN HEARTS EIGHT,0.7156,0.0374,0.247
SPADES SIX DIAMONDS EIGHT,0.639,0.007,0.354
SPADES SEVEN DIAMONDS EIGHT,0.6296,0.0052,0.3652
SPADES ACE HEARTS TWO,0.4196,0.0082,0.5722
SPADES ACE DIAMONDS QUEEN,0.3806,0.0044,0.615
SPADES ACE HEARTS EIGHT,0.4292,0.0044,0.5664
SPADES QUEEN DIAMONDS QUEEN,0.2968,0.0042,0.699
SPADES QUEEN HEARTS TWO,0.6564,0.0092,0.3344
SPADES QUEEN HEARTS EIGHT,0.6586,0.0068,0.3346
CLUBS TWO HEARTS TEN,0.7522,0.0334,0.2144
CLUBS TWO HEARTS JACK,0.659,0.0072,0.3338
SPADES SEVEN DIAMONDS NINE,0.6374,0.0072,0.3554
SPADES SIX DIAMONDS NINE,0.6584,0.0072,0.3344
SPADES NINE DIAMONDS NINE,0.4492,0.0096,0.5412
SPADES EIGHT DIAMONDS NINE,0.6282,0.0064,0.3654
SPADES TEN CLUBS KING,0.0056,0.9874,0.007
DIAMONDS NINE SPADES THREE,0.683,0.0068,0.3102
SPADES JACK CLUBS KING,0.2398,0.0864,0.6738
DIAMONDS NINE SPADES TWO,0.6862,0.008,0.3058
SPADES FIVE DIAMONDS NINE,0.6662,0.0078,0.326
DIAMONDS NINE SPADES FOUR,0.6836,0.0076,0.3088
CLUBS NINE DIAMONDS NINE,0.439,0.0076,0.5534
CLUBS EIGHT DIAMONDS NINE,0.637,0.0072,0.3558
CLUBS SIX DIAMONDS NINE,0.655,0.0088,0.3362
SPADES JACK CLUBS FOUR,0.6564,0.007,0.3366
SPADES TEN CLUBS FOUR,0.7514,0.0364,0.2122
CLUBS SEVEN DIAMONDS NINE,0.646,0.0076,0.3464
CLUBS FOUR DIAMONDS NINE,0.6758,0.0066,0.3176
CLUBS FIVE DIAMONDS NINE,0.6696,0.0066,0.3238
CLUBS TWO DIAMONDS NINE,0.6832,0.008,0.3088
CLUBS THREE DIAMONDS NINE,0.6886,0.008,0.3034
DIAMONDS NINE HEARTS EIGHT,0.6268,0.005,0.3682
DIAMONDS NINE HEARTS NINE,0.4504,0.0072,0.5424
HEARTS SIX DIAMONDS NINE,0.66,0.0034,0.3366
DIAMONDS NINE HEARTS SEVEN,0.6432,0.0048,0.352
CLUBS EIGHT CLUBS NINE,0.61,0.0074,0.3826
DIAMONDS ACE DIAMONDS NINE,0.393,0.0048,0.6022
HEARTS FOUR DIAMONDS NINE,0.6674,0.006,0.3266
HEARTS FIVE DIAMONDS NINE,0.6692,0.0058,0.325
CLUBS TWO HEARTS ACE,0.4156,0.0072,0.5772
SPADES ACE CLUBS FOUR,0.4088,0.0042,0.587
DIAMONDS QUEEN DIAMONDS NINE,0.5896,0.0052,0.4052
HEARTS TWO DIAMONDS NINE,0.6784,0.0078,0.3138
CLUBS TWO HEARTS KING,0.6688,0.1098,0.2214
DIAMONDS KING DIAMONDS NINE,0.619,0.1096,0.2714
HEARTS THREE DIAMONDS NINE,0.676,0.0094,0.3146
CLUBS TWO HEARTS QUEEN,0.6584,0.0056,0.336
SPADES QUEEN CLUBS FOUR,0.6652,0.007,0.3278
DIAMONDS NINE DIAMONDS JACK,0.5876,0.0084,0.404
CLUBS EIGHT SPADES NINE,0.6474,0.0066,0.346
DIAMONDS NINE DIAMONDS TEN,0.6538,0.0312,0.315
CLUBS EIGHT SPADES EIGHT,0.4522,0.0104,0.5374
CLUBS EIGHT SPADES SEVEN,0.6358,0.0056,0.3586
CLUBS EIGHT SPADES SIX,0.653,0.0052,0.3418
CLUBS EIGHT SPADES FIVE,0.6542,0.0106,0.3352
CLUBS EIGHT SPADES FOUR,0.663,0.0084,0.3286
CLUBS EIGHT SPADES THREE,0.6766,0.0068,0.3166
CLUBS EIGHT SPADES TWO,0.6824,0.0064,0.3112
HEARTS SIX DIAMONDS TEN,0.716,0.035,0.249
DIAMONDS TEN HEARTS SEVEN,0.714,0.032,0.254
DIAMONDS TEN HEARTS EIGHT,0.7126,0.0304,0.257
CLUBS FOUR CLUBS JACK,0.6238,0.0086,0.3676
DIAMONDS TEN HEARTS NINE,0.6932,0.0304,0.2764
CLUBS FOUR CLUBS KING,0.6112,0.116,0.2728
CLUBS FOUR CLUBS QUEEN,0.6146,0.0072,0.3782
CLUBS TWO DIAMONDS TEN,0.7512,0.0376,0.2112
CLUBS THREE DIAMONDS TEN,0.745,0.0338,0.2212
CLUBS FOUR CLUBS ACE,0.4104,0.0042,0.5854
DIAMONDS JACK DIAMONDS TEN,0.6638,0.0314,0.3048
DIAMONDS QUEEN DIAMONDS TEN,0.6688,0.027,0.3042
HEARTS TWO DIAMONDS TEN,0.7376,0.033,0.2294
DIAMONDS KING DIAMONDS TEN,0.0196,0.9092,0.0712
HEARTS THREE DIAMONDS TEN,0.7328,0.0374,0.2298
DIAMONDS ACE DIAMONDS TEN,0.2474,0.021,0.7316
HEARTS FOUR DIAMONDS TEN,0.7358,0.0278,0.2364
CLUBS EIGHT HEARTS JACK,0.6434,0.0072,0.3494
HEARTS FIVE DIAMONDS TEN,0.719,0.0404,0.2406
CLUBS EIGHT HEARTS TEN,0.7056,0.0346,0.2598
CLUBS EIGHT HEARTS QUEEN,0.644,0.0062,0.3498
CLUBS EIGHT HEARTS KING,0.667,0.117,0.216
CLUBS EIGHT HEARTS ACE,0.4278,0.003,0.5692
CLUBS NINE SPADES THREE,0.6968,0.0064,0.2968
CLUBS NINE SPADES TWO,0.7024,0.0064,0.2912
CLUBS NINE SPADES FIVE,0.6566,0.0068,0.3366
CLUBS NINE SPADES FOUR,0.6826,0.0064,0.311
CLUBS NINE SPADES SEVEN,0.6558,0.0052,0.339
CLUBS NINE SPADES SIX,0.6578,0.0082,0.334
CLUBS NINE SPADES NINE,0.4508,0.0068,0.5424
CLUBS NINE SPADES EIGHT,0.6632,0.0068,0.33
CLUBS JACK HEARTS EIGHT,0.63,0.0074,0.3626
CLUBS QUEEN HEARTS EIGHT,0.6384,0.0072,0.3544
CLUBS KING HEARTS EIGHT,0.6466,0.1226,0.2308
CLUBS ACE HEARTS EIGHT,0.417,0.0034,0.5796
SPADES QUEEN CLUBS KING,0.2414,0.0598,0.6988
SPADES ACE CLUBS KING,0.2338,0.0106,0.7556
DIAMONDS ACE HEARTS TEN,0.2654,0.0182,0.7164
HEARTS FOUR HEARTS TEN,0.6796,0.0368,0.2836
DIAMONDS ACE HEARTS JACK,0.3692,0.0022,0.6286
HEARTS FOUR HEARTS JACK,0.6032,0.008,0.3888
SPADES QUEEN CLUBS FIVE,0.6466,0.0078,0.3456
SPADES ACE CLUBS FIVE,0.4148,0.0054,0.5798
DIAMONDS JACK HEARTS SEVEN,0.637,0.006,0.357
HEARTS SIX DIAMONDS JACK,0.6548,0.0058,0.3394
DIAMONDS JACK HEARTS NINE,0.6258,0.0052,0.369
DIAMONDS JACK HEARTS EIGHT,0.6322,0.0056,0.3622
DIAMONDS KING DIAMONDS JACK,0.2274,0.0814,0.6912
HEARTS THREE DIAMONDS JACK,0.6444,0.0066,0.349
SPADES ACE SPADES SIX,0.4076,0.0038,0.5886
SPADES FOUR HEARTS ACE,0.4192,0.0042,0.5766
DIAMONDS QUEEN DIAMONDS JACK,0.5676,0.0066,0.4258
HEARTS TWO DIAMONDS JACK,0.6616,0.0048,0.3336
HEARTS FIVE DIAMONDS JACK,0.6514,0.0078,0.3408
SPADES QUEEN SPADES SIX,0.6288,0.0048,0.3664
SPADES FOUR HEARTS QUEEN,0.6528,0.0062,0.341
DIAMONDS ACE DIAMONDS JACK,0.355,0.004,0.641
HEARTS FOUR DIAMONDS JACK,0.6506,0.0056,0.3438
HEARTS KING SPADES FOUR,0.664,0.1102,0.2258
SPADES TEN SPADES SIX,0.6998,0.033,0.2672
SPADES JACK SPADES SIX,0.6308,0.007,0.3622
SPADES FOUR DIAMONDS JACK,0.6512,0.0056,0.3432
SPADES FIVE DIAMONDS JACK,0.6638,0.0056,0.3306
DIAMONDS JACK SPADES TWO,0.6624,0.0062,0.3314
SPADES THREE DIAMONDS JACK,0.666,0.008,0.326
SPADES ACE DIAMONDS THREE,0.42,0.0026,0.5774
SPADES QUEEN DIAMONDS THREE,0.6546,0.0074,0.338
CLUBS EIGHT DIAMONDS JACK,0.6328,0.009,0.3582
CLUBS NINE DIAMONDS JACK,0.6256,0.0082,0.3662
CLUBS SIX DIAMONDS JACK,0.6472,0.0062,0.3466
CLUBS SEVEN DIAMONDS JACK,0.6604,0.0058,0.3338
CLUBS FOUR DIAMONDS JACK,0.6562,0.009,0.3348
CLUBS FIVE DIAMONDS JACK,0.656,0.008,0.336
CLUBS TWO DIAMONDS JACK,0.6706,0.0058,0.3236
CLUBS THREE DIAMONDS JACK,0.6638,0.009,0.3272
SPADES JACK HEARTS SIX,0.6576,0.0044,0.338
SPADES TEN CLUBS FIVE,0.7372,0.0422,0.2206
SPADES JACK CLUBS FIVE,0.6578,0.0078,0.3344
HEARTS SIX SPADES TEN,0.7218,0.039,0.2392
SPADES JACK DIAMONDS THREE,0.667,0.0066,0.3264
CLUBS SEVEN CLUBS ACE,0.399,0.0038,0.5972
SPADES TEN DIAMONDS THREE,0.7452,0.035,0.2198
CLUBS SEVEN CLUBS QUEEN,0.6298,0.0058,0.3644
CLUBS SEVEN CLUBS KING,0.6242,0.1064,0.2694
SPADES NINE DIAMONDS JACK,0.6318,0.0054,0.3628
DIAMONDS ACE HEARTS ACE,0.1414,0.0022,0.8564
HEARTS FOUR HEARTS ACE,0.4022,0.0044,0.5934
SPADES EIGHT DIAMONDS JACK,0.6392,0.0074,0.3534
SPADES ACE HEARTS SIX,0.4232,0.0064,0.5704
CLUBS SEVEN CLUBS JACK,0.5968,0.0068,0.3964
DIAMONDS ACE HEARTS KING,0.264,0.008,0.728
HEARTS FOUR HEARTS KING,0.6112,0.1122,0.2766
SPADES SEVEN DIAMONDS JACK,0.6478,0.0046,0.3476
DIAMONDS ACE HEARTS QUEEN,0.3634,0.0038,0.6328
HEARTS FOUR HEARTS QUEEN,0.6124,0.0088,0.3788
SPADES SIX DIAMONDS JACK,0.6608,0.005,0.3342
SPADES QUEEN HEARTS SIX,0.6586,0.0056,0.3358
SPADES TWO DIAMONDS TEN,0.7448,0.0368,0.2184
SPADES THREE DIAMONDS TEN,0.7468,0.0368,0.2164
SPADES FOUR DIAMONDS TEN,0.7414,0.0388,0.2198
SPADES FIVE DIAMONDS TEN,0.7336,0.0394,0.227
SPADES SIX DIAMONDS TEN,0.7304,0.033,0.2366
SPADES SEVEN DIAMONDS TEN,0.7224,0.0342,0.2434
SPADES EIGHT DIAMONDS TEN,0.7226,0.0392,0.2382
SPADES NINE DIAMONDS TEN,0.7046,0.0332,0.2622
CLUBS FOUR DIAMONDS TEN,0.7418,0.0366,0.2216
CLUBS FIVE DIAMONDS TEN,0.7348,0.036,0.2292
CLUBS SIX DIAMONDS TEN,0.736,0.035,0.229
CLUBS SEVEN DIAMONDS TEN,0.7052,0.0386,0.2562
CLUBS EIGHT DIAMONDS TEN,0.7298,0.0336,0.2366
CLUBS NINE DIAMONDS TEN,0.6956,0.0302,0.2742
DIAMONDS THREE CLUBS JACK,0.6448,0.0066,0.3486
DIAMONDS THREE CLUBS KING,0.6532,0.1262,0.2206
DIAMONDS THREE CLUBS QUEEN,0.647,0.0082,0.3448
DIAMONDS THREE CLUBS ACE,0.4174,0.0046,0.578
SPADES FOUR HEARTS JACK,0.6602,0.0068,0.333
SPADES FOUR HEARTS TEN,0.7422,0.0334,0.2244
SPADES FIVE SPADES TWO,0.6194,0.0086,0.372
SPADES FOUR SPADES TWO,0.6234,0.0096,0.367
SPADES THREE SPADES TWO,0.6196,0.0092,0.3712
SPADES NINE SPADES TWO,0.6408,0.0068,0.3524
SPADES EIGHT SPADES TWO,0.6446,0.009,0.3464
SPADES SEVEN SPADES TWO,0.6488,0.0074,0.3438
SPADES SIX SPADES TWO,0.631,0.008,0.361
DIAMONDS QUEEN CLUBS THREE,0.664,0.0062,0.3298
HEARTS TWO CLUBS THREE,0.6626,0.0094,0.328
DIAMONDS QUEEN CLUBS TWO,0.645,0.0064,0.3486
CLUBS TWO HEARTS TWO,0.4774,0.0104,0.5122
DIAMONDS QUEEN HEARTS SEVEN,0.659,0.0082,0.3328
HEARTS TWO HEARTS SEVEN,0.6406,0.0084,0.351
HEARTS SIX DIAMONDS QUEEN,0.6616,0.005,0.3334
HEARTS SIX HEARTS TWO,0.6184,0.007,0.3746
DIAMONDS QUEEN HEARTS NINE,0.633,0.0064,0.3606
HEARTS TWO HEARTS NINE,0.6454,0.0056,0.349
DIAMONDS QUEEN HEARTS EIGHT,0.6462,0.0056,0.3482
HEARTS TWO HEARTS EIGHT,0.6364,0.0062,0.3574
CLUBS NINE HEARTS TWO,0.68,0.0076,0.3124
CLUBS NINE DIAMONDS QUEEN,0.6422,0.0066,0.3512
CLUBS EIGHT HEARTS TWO,0.6804,0.007,0.3126
CLUBS EIGHT DIAMONDS QUEEN,0.6508,0.0066,0.3426
CLUBS FIVE DIAMONDS QUEEN,0.6588,0.0064,0.3348
CLUBS FIVE HEARTS TWO,0.6722,0.0072,0.3206
SPADES EIGHT HEARTS ACE,0.4262,0.0044,0.5694
CLUBS FOUR DIAMONDS QUEEN,0.6492,0.0076,0.3432
CLUBS FOUR HEARTS TWO,0.6532,0.0102,0.3366
SPADES EIGHT HEARTS QUEEN,0.648,0.0058,0.3462
CLUBS SEVEN HEARTS TWO,0.6748,0.0048,0.3204
CLUBS SEVEN DIAMONDS QUEEN,0.6562,0.0046,0.3392
CLUBS SIX DIAMONDS QUEEN,0.644,0.0058,0.3502
CLUBS SIX HEARTS TWO,0.6734,0.0068,0.3198
SPADES EIGHT HEARTS KING,0.6654,0.113,0.2216
DIAMONDS QUEEN SPADES SIX,0.6486,0.007,0.3444
HEARTS TWO SPADES SIX,0.653,0.0074,0.3396
HEARTS FOUR CLUBS QUEEN,0.6444,0.0064,0.3492
DIAMONDS ACE CLUBS QUEEN,0.381,0.003,0.616
DIAMONDS QUEEN SPADES SEVEN,0.6602,0.0072,0.3326
SPADES SEVEN HEARTS TWO,0.6764,0.0064,0.3172
HEARTS FOUR CLUBS KING,0.6448,0.1158,0.2394
DIAMONDS ACE CLUBS KING,0.259,0.009,0.732
SPADES EIGHT DIAMONDS QUEEN,0.6546,0.0068,0.3386
SPADES EIGHT HEARTS TWO,0.6702,0.0082,0.3216
HEARTS FOUR CLUBS ACE,0.42,0.0032,0.5768
DIAMONDS ACE CLUBS ACE,0.1382,0.0056,0.8562
SPADES NINE DIAMONDS QUEEN,0.638,0.0086,0.3534
SPADES NINE HEARTS TWO,0.6822,0.0078,0.31
HEARTS TWO SPADES TWO,0.4902,0.0102,0.4996
DIAMONDS QUEEN SPADES TWO,0.6618,0.0082,0.33
HEARTS TWO SPADES THREE,0.6534,0.0092,0.3374
DIAMONDS QUEEN SPADES THREE,0.6662,0.0074,0.3264
HEARTS TWO SPADES FOUR,0.657,0.0086,0.3344
DIAMONDS QUEEN SPADES FOUR,0.6634,0.008,0.3286
HEARTS TWO SPADES FIVE,0.6466,0.0114,0.342
DIAMONDS QUEEN SPADES FIVE,0.6426,0.0088,0.3486
HEARTS FOUR CLUBS JACK,0.6524,0.0064,0.3412
DIAMONDS ACE CLUBS JACK,0.359,0.0074,0.6336
CLUBS FIVE CLUBS KING,0.6178,0.1156,0.2666
CLUBS FIVE CLUBS QUEEN,0.6148,0.0068,0.3784
CLUBS FIVE CLUBS ACE,0.3994,0.006,0.5946
CLUBS FIVE CLUBS JACK,0.6162,0.0058,0.378
SPADES QUEEN CLUBS JACK,0.5852,0.0076,0.4072
SPADES ACE CLUBS JACK,0.368,0.004,0.628
SPADES SIX CLUBS KING,0.651,0.1082,0.2408
SPADES SIX CLUBS QUEEN,0.6486,0.0056,0.3458
SPADES EIGHT HEARTS JACK,0.636,0.0064,0.3576
SPADES SIX CLUBS ACE,0.4242,0.0046,0.5712
SPADES EIGHT HEARTS TEN,0.7072,0.0312,0.2616
SPADES SIX CLUBS JACK,0.6506,0.0054,0.344
SPADES TEN CLUBS JACK,0.709,0.0268,0.2642
SPADES JACK CLUBS JACK,0.2916,0.0052,0.7032
SPADES QUEEN CLUBS SEVEN,0.6656,0.0048,0.3296
SPADES ACE CLUBS SEVEN,0.4254,0.0036,0.571
SPADES SIX HEARTS TEN,0.7232,0.0388,0.238
SPADES SIX HEARTS JACK,0.661,0.0056,0.3334
SPADES SIX HEARTS ACE,0.4264,0.0032,0.5704
SPADES SIX HEARTS KING,0.6522,0.1204,0.2274
SPADES SIX HEARTS QUEEN,0.6562,0.0044,0.3394
SPADES JACK CLUBS SEVEN,0.6612,0.0086,0.3302
SPADES TEN CLUBS SEVEN,0.7276,0.0338,0.2386
HEARTS SIX CLUBS JACK,0.6558,0.0076,0.3366
CLUBS ACE CLUBS JACK,0.3636,0.0042,0.6322
HEARTS SIX CLUBS QUEEN,0.6448,0.005,0.3502
HEARTS SIX CLUBS KING,0.6324,0.1242,0.2434
HEARTS SIX CLUBS ACE,0.4192,0.003,0.5778
CLUBS QUEEN CLUBS JACK,0.5694,0.0076,0.423
CLUBS KING CLUBS JACK,0.2268,0.0818,0.6914
DIAMONDS THREE HEARTS ACE,0.4236,0.0042,0.5722
DIAMONDS THREE HEARTS QUEEN,0.6516,0.0086,0.3398
DIAMONDS THREE HEARTS KING,0.6428,0.1208,0.2364
CLUBS FIVE HEARTS JACK,0.6574,0.0046,0.338
HEARTS FOUR SPADES TEN,0.7432,0.0376,0.2192
SPADES TEN DIAMONDS ACE,0.2562,0.0198,0.724
CLUBS FIVE HEARTS TEN,0.7344,0.0374,0.2282
HEARTS FOUR SPADES JACK,0.654,0.0082,0.3378
SPADES JACK DIAMONDS ACE,0.3644,0.005,0.6306
SPADES ACE HEARTS FOUR,0.4116,0.0062,0.5822
SPADES ACE DIAMONDS ACE,0.1274,0.0036,0.869
CLUBS FIVE HEARTS ACE,0.4238,0.0064,0.5698
CLUBS FIVE HEARTS KING,0.6532,0.118,0.2288
SPADES QUEEN DIAMONDS ACE,0.3778,0.005,0.6172
HEARTS FOUR SPADES QUEEN,0.656,0.0072,0.3368
SPADES FOUR CLUBS JACK,0.6494,0.0068,0.3438
CLUBS FIVE HEARTS QUEEN,0.6502,0.0064,0.3434
DIAMONDS QUEEN DIAMONDS ACE,0.3424,0.0046,0.653
HEARTS TWO DIAMONDS ACE,0.4312,0.003,0.5658
HEARTS FOUR DIAMONDS QUEEN,0.6584,0.0054,0.3362
HEARTS FOUR HEARTS TWO,0.6106,0.0078,0.3816
DIAMONDS THREE HEARTS TEN,0.7414,0.0338,0.2248
SPADES FOUR CLUBS KING,0.651,0.1236,0.2254
HEARTS FIVE DIAMONDS QUEEN,0.652,0.0058,0.3422
HEARTS FIVE HEARTS TWO,0.5952,0.0088,0.396
DIAMONDS THREE HEARTS JACK,0.6582,0.0054,0.3364
SPADES FOUR CLUBS QUEEN,0.647,0.0092,0.3438
DIAMONDS QUEEN HEARTS TWO,0.6554,0.0066,0.338
DIAMONDS KING DIAMONDS QUEEN,0.2358,0.0586,0.7056
DIAMONDS KING HEARTS TWO,0.6562,0.1264,0.2174
HEARTS THREE DIAMONDS QUEEN,0.6518,0.0056,0.3426
HEARTS THREE HEARTS TWO,0.6106,0.01,0.3794
SPADES FOUR CLUBS ACE,0.4122,0.004,0.5838
HEARTS TWO CLUBS ACE,0.4202,0.0066,0.5732
DIAMONDS QUEEN CLUBS ACE,0.3584,0.0052,0.6364
HEARTS TWO CLUBS QUEEN,0.6506,0.0074,0.342
DIAMONDS QUEEN CLUBS QUEEN,0.2818,0.0042,0.714
HEARTS TWO CLUBS KING,0.6662,0.1186,0.2152
DIAMONDS QUEEN CLUBS KING,0.232,0.0622,0.7058
SPADES EIGHT SPADES FIVE,0.6284,0.0078,0.3638
SPADES NINE SPADES FIVE,0.6276,0.0082,0.3642
HEARTS TWO CLUBS JACK,0.6552,0.009,0.3358
DIAMONDS QUEEN CLUBS JACK,0.5878,0.0064,0.4058
SPADES SIX SPADES FIVE,0.6104,0.0052,0.3844
SPADES SEVEN SPADES FIVE,0.6076,0.007,0.3854
DIAMONDS FIVE CLUBS QUEEN,0.6492,0.0068,0.344
SPADES EIGHT CLUBS ACE,0.4256,0.0054,0.569
DIAMONDS FIVE CLUBS KING,0.6482,0.1122,0.2396
SPADES EIGHT CLUBS KING,0.6502,0.119,0.2308
CLUBS ACE DIAMONDS FIVE,0.4262,0.003,0.5708
SPADES EIGHT CLUBS QUEEN,0.6496,0.0052,0.3452
SPADES EIGHT CLUBS JACK,0.6232,0.0068,0.37
DIAMONDS FIVE CLUBS JACK,0.6438,0.0058,0.3504
HEARTS JACK DIAMONDS TEN,0.7128,0.0272,0.26
DIAMONDS TEN HEARTS TEN,0.3268,0.02,0.6532
SPADES ACE CLUBS NINE,0.4166,0.0058,0.5776
SPADES QUEEN CLUBS NINE,0.6448,0.008,0.3472
HEARTS SIX HEARTS KING,0.6128,0.1052,0.282
DIAMONDS KING SPADES SEVEN,0.65,0.1174,0.2326
HEARTS THREE SPADES SEVEN,0.663,0.0058,0.3312
HEARTS SIX HEARTS QUEEN,0.6088,0.0048,0.3864
DIAMONDS KING SPADES SIX,0.6648,0.1092,0.226
HEARTS THREE SPADES SIX,0.6392,0.0056,0.3552
SPADES QUEEN DIAMONDS SEVEN,0.6546,0.0064,0.339
SPADES NINE DIAMONDS KING,0.6652,0.1142,0.2206
HEARTS THREE SPADES NINE,0.6758,0.009,0.3152
HEARTS SIX HEARTS ACE,0.4016,0.0038,0.5946
DIAMONDS KING SPADES EIGHT,0.6738,0.112,0.2142
HEARTS THREE SPADES EIGHT,0.6732,0.0096,0.3172
SPADES ACE DIAMONDS SEVEN,0.4124,0.003,0.5846
CLUBS NINE HEARTS THREE,0.6836,0.006,0.3104
CLUBS NINE DIAMONDS KING,0.6598,0.1178,0.2224
CLUBS EIGHT HEARTS THREE,0.6822,0.0044,0.3134
