opposingHand,winningChance,drawChance,lostChance
CLUBS JACK HEARTS NINE
HEARTS FIVE SPADES TEN,0.652,0.0178,0.3302
SPADES JACK HEARTS FIVE,0.613,0.1668,0.2202
CLUBS TEN SPADES FIVE,0.6586,0.016,0.3254
CLUBS TEN CLUBS EIGHT,0.6046,0.018,0.3774
CLUBS EIGHT CLUBS KING,0.3996,0.008,0.5924
SPADES FIVE CLUBS ACE,0.4102,0.0032,0.5866
CLUBS EIGHT CLUBS QUEEN,0.3916,0.0102,0.5982
SPADES FIVE CLUBS KING,0.4354,0.005,0.5596
SPADES FIVE CLUBS QUEEN,0.4422,0.0092,0.5486
CLUBS EIGHT CLUBS ACE,0.407,0.005,0.588
DIAMONDS TWO DIAMONDS THREE,0.5946,0.0164,0.389
DIAMONDS TWO DIAMONDS FIVE,0.6004,0.0142,0.3854
SPADES KING HEARTS FIVE,0.4262,0.0086,0.5652
DIAMONDS TWO DIAMONDS FOUR,0.5994,0.0172,0.3834
SPADES QUEEN HEARTS FIVE,0.449,0.0088,0.5422
DIAMONDS TWO DIAMONDS SEVEN,0.6486,0.0142,0.3372
DIAMONDS TWO DIAMONDS SIX,0.6138,0.0184,0.3678
SPADES ACE HEARTS FIVE,0.42,0.0052,0.5748
DIAMONDS TWO DIAMONDS NINE,0.6632,0.062,0.2748
DIAMONDS TWO DIAMONDS EIGHT,0.6376,0.0144,0.348
DIAMONDS THREE DIAMONDS FOUR,0.5848,0.0148,0.4004
CLUBS TWO SPADES FOUR,0.6382,0.0172,0.3446
DIAMONDS THREE DIAMONDS FIVE,0.5952,0.0168,0.388
SPADES FIVE CLUBS TWO,0.64,0.0166,0.3434
CLUBS TWO SPADES TWO,0.4588,0.0356,0.5056
CLUBS TWO SPADES THREE,0.637,0.0178,0.3452
DIAMONDS THREE DIAMONDS EIGHT,0.6294,0.0186,0.352
SPADES EIGHT CLUBS TWO,0.6904,0.0142,0.2954
DIAMONDS THREE DIAMONDS NINE,0.6708,0.0566,0.2726
SPADES NINE CLUBS TWO,0.7226,0.0606,0.2168
DIAMONDS THREE DIAMONDS SIX,0.6032,0.0176,0.3792
SPADES SIX CLUBS TWO,0.6582,0.0206,0.3212
DIAMONDS THREE DIAMONDS SEVEN,0.6228,0.0178,0.3594
SPADES SEVEN CLUBS TWO,0.663,0.017,0.32
CLUBS SIX CLUBS TWO,0.6308,0.017,0.3522
CLUBS SEVEN CLUBS TWO,0.6412,0.0162,0.3426
CLUBS FOUR CLUBS TWO,0.6074,0.0188,0.3738
CLUBS FIVE CLUBS TWO,0.6188,0.017,0.3642
DIAMONDS FOUR DIAMONDS SIX,0.5842,0.0158,0.4
CLUBS TEN CLUBS QUEEN,0.3356,0.0118,0.6526
DIAMONDS FOUR DIAMONDS SEVEN,0.6166,0.0176,0.3658
CLUBS TEN CLUBS KING,0.3478,0.0062,0.646
CLUBS TEN CLUBS ACE,0.3644,0.0054,0.6302
CLUBS EIGHT CLUBS TWO,0.6596,0.0162,0.3242
DIAMONDS FIVE DIAMONDS FOUR,0.5782,0.0152,0.4066
CLUBS NINE CLUBS TWO,0.6796,0.066,0.2544
DIAMONDS NINE DIAMONDS FOUR,0.6684,0.0592,0.2724
DIAMONDS EIGHT DIAMONDS FOUR,0.6216,0.0166,0.3618
CLUBS THREE CLUBS TWO,0.625,0.0146,0.3604
DIAMONDS NINE DIAMONDS FIVE,0.6436,0.0674,0.289
DIAMONDS EIGHT DIAMONDS FIVE,0.6102,0.015,0.3748
CLUBS TEN DIAMONDS TWO,0.6628,0.0184,0.3188
DIAMONDS FIVE DIAMONDS SEVEN,0.5748,0.0166,0.4086
DIAMONDS FIVE DIAMONDS SIX,0.5796,0.0164,0.404
DIAMONDS TWO CLUBS ACE,0.4398,0.0046,0.5556
DIAMONDS TWO CLUBS KING,0.4284,0.006,0.5656
DIAMONDS TWO CLUBS QUEEN,0.443,0.0146,0.5424
DIAMONDS EIGHT DIAMONDS SIX,0.585,0.017,0.398
DIAMONDS NINE DIAMONDS SIX,0.6592,0.0546,0.2862
HEARTS ACE SPADES THREE,0.4268,0.0064,0.5668
SPADES THREE HEARTS KING,0.4354,0.0088,0.5558
DIAMONDS SEVEN DIAMONDS SIX,0.5842,0.0154,0.4004
HEARTS QUEEN SPADES THREE,0.4402,0.0104,0.5494
SPADES THREE HEARTS JACK,0.61,0.1648,0.2252
SPADES THREE HEARTS TEN,0.6492,0.0134,0.3374
DIAMONDS EIGHT DIAMONDS SEVEN,0.5958,0.0134,0.3908
DIAMONDS NINE DIAMONDS SEVEN,0.6468,0.0528,0.3004
DIAMONDS NINE DIAMONDS EIGHT,0.6456,0.0558,0.2986
DIAMONDS KING HEARTS TEN,0.3436,0.0066,0.6498
HEARTS THREE HEARTS TEN,0.6184,0.0156,0.366
SPADES JACK CLUBS SIX,0.6076,0.1744,0.218
DIAMONDS KING HEARTS JACK,0.2488,0.0268,0.7244
HEARTS THREE HEARTS JACK,0.589,0.1532,0.2578
SPADES TEN CLUBS SIX,0.6542,0.0162,0.3296
SPADES JACK SPADES FIVE,0.5564,0.167,0.2766
SPADES TEN SPADES FIVE,0.6168,0.0168,0.3664
DIAMONDS KING HEARTS ACE,0.362,0.0038,0.6342
HEARTS THREE HEARTS ACE,0.4008,0.0048,0.5944
SPADES ACE CLUBS SIX,0.4386,0.003,0.5584
DIAMONDS KING HEARTS QUEEN,0.3416,0.005,0.6534
HEARTS THREE HEARTS QUEEN,0.4172,0.009,0.5738
SPADES KING CLUBS SIX,0.4394,0.007,0.5536
DIAMONDS KING HEARTS KING,0.1634,0.008,0.8286
HEARTS THREE HEARTS KING,0.4212,0.006,0.5728
SPADES QUEEN CLUBS SIX,0.4384,0.0094,0.5522
SPADES NINE HEARTS TEN,0.6926,0.0502,0.2572
SPADES NINE HEARTS JACK,0.011,0.9716,0.0174
SPADES QUEEN SPADES FIVE,0.4088,0.0094,0.5818
SPADES KING SPADES FIVE,0.4012,0.0064,0.5924
SPADES ACE SPADES FIVE,0.3988,0.0038,0.5974
SPADES NINE HEARTS QUEEN,0.245,0.0348,0.7202
SPADES NINE HEARTS KING,0.2706,0.029,0.7004
SPADES NINE HEARTS ACE,0.2906,0.0164,0.693
CLUBS TEN SPADES JACK,0.2284,0.1248,0.6468
CLUBS TEN SPADES TEN,0.2974,0.0218,0.6808
SPADES ACE CLUBS TEN,0.3624,0.0044,0.6332
SPADES KING CLUBS TEN,0.3626,0.006,0.6314
CLUBS TEN SPADES QUEEN,0.3476,0.0096,0.6428
SPADES FIVE HEARTS QUEEN,0.423,0.0108,0.5662
SPADES FIVE HEARTS KING,0.4298,0.0078,0.5624
HEARTS ACE SPADES FIVE,0.4246,0.0054,0.57
CLUBS EIGHT SPADES TEN,0.633,0.0204,0.3466
HEARTS THREE SPADES JACK,0.6136,0.1656,0.2208
SPADES JACK DIAMONDS KING,0.2524,0.0298,0.7178
SPADES TEN DIAMONDS KING,0.3748,0.0048,0.6204
HEARTS THREE SPADES TEN,0.6558,0.0176,0.3266
SPADES JACK CLUBS EIGHT,0.6056,0.1658,0.2286
CLUBS SIX HEARTS ACE,0.426,0.0036,0.5704
SPADES ACE CLUBS EIGHT,0.4082,0.0032,0.5886
CLUBS TEN HEARTS FIVE,0.663,0.0166,0.3204
CLUBS SIX HEARTS QUEEN,0.4398,0.0086,0.5516
SPADES QUEEN CLUBS EIGHT,0.4024,0.0096,0.588
CLUBS TEN SPADES THREE,0.645,0.014,0.341
CLUBS SIX HEARTS KING,0.4348,0.0064,0.5588
SPADES KING CLUBS EIGHT,0.4292,0.0068,0.564
DIAMONDS TWO HEARTS JACK,0.6036,0.1686,0.2278
SPADES THREE CLUBS QUEEN,0.4264,0.0114,0.5622
DIAMONDS TWO HEARTS TEN,0.6484,0.0146,0.337
SPADES THREE CLUBS KING,0.4348,0.0088,0.5564
HEARTS FIVE CLUBS ACE,0.4314,0.0046,0.564
SPADES FIVE HEARTS TEN,0.6568,0.0168,0.3264
SPADES THREE CLUBS ACE,0.4318,0.0042,0.564
HEARTS FIVE CLUBS KING,0.4328,0.0068,0.5604
SPADES FIVE HEARTS JACK,0.5972,0.1634,0.2394
HEARTS FIVE CLUBS QUEEN,0.4232,0.0128,0.564
HEARTS THREE CLUBS KING,0.4452,0.0092,0.5456
DIAMONDS KING CLUBS KING,0.1602,0.007,0.8328
HEARTS THREE CLUBS QUEEN,0.4388,0.0102,0.551
DIAMONDS KING CLUBS QUEEN,0.3388,0.0056,0.6556
HEARTS FIVE HEARTS JACK,0.5734,0.1638,0.2628
HEARTS FIVE HEARTS TEN,0.6244,0.014,0.3616
HEARTS THREE CLUBS ACE,0.4292,0.0042,0.5666
DIAMONDS KING CLUBS ACE,0.3448,0.0028,0.6524
SPADES ACE CLUBS QUEEN,0.3534,0.0048,0.6418
SPADES KING CLUBS QUEEN,0.343,0.007,0.65
SPADES QUEEN CLUBS QUEEN,0.157,0.0098,0.8332
CLUBS TEN HEARTS THREE,0.6698,0.0178,0.3124
CLUBS TEN DIAMONDS KING,0.3694,0.0052,0.6254
SPADES JACK CLUBS QUEEN,0.2254,0.0422,0.7324
CLUBS SIX CLUBS QUEEN,0.4278,0.009,0.5632
SPADES TEN CLUBS QUEEN,0.3602,0.0088,0.631
CLUBS SIX CLUBS KING,0.4144,0.0064,0.5792
CLUBS SIX CLUBS ACE,0.4042,0.0042,0.5916
HEARTS FIVE HEARTS KING,0.4094,0.008,0.5826
HEARTS FIVE HEARTS QUEEN,0.4194,0.0102,0.5704
CLUBS TEN CLUBS SIX,0.6146,0.0188,0.3666
HEARTS FIVE HEARTS ACE,0.3952,0.0046,0.6002
SPADES SEVEN HEARTS JACK,0.6002,0.1632,0.2366
SPADES SEVEN HEARTS TEN,0.6392,0.0172,0.3436
DIAMONDS TWO CLUBS TWO,0.4608,0.0312,0.508
DIAMONDS TWO CLUBS THREE,0.6542,0.0156,0.3302
HEARTS SIX DIAMONDS TWO,0.6648,0.0152,0.32
DIAMONDS TWO HEARTS QUEEN,0.4314,0.0104,0.5582
DIAMONDS TWO HEARTS SEVEN,0.678,0.0198,0.3022
DIAMONDS TWO HEARTS KING,0.437,0.0074,0.5556
DIAMONDS TWO HEARTS EIGHT,0.6798,0.016,0.3042
DIAMONDS TWO HEARTS ACE,0.4362,0.0044,0.5594
DIAMONDS TWO DIAMONDS QUEEN,0.407,0.008,0.585
DIAMONDS TWO HEARTS TWO,0.4698,0.0332,0.497
DIAMONDS TWO DIAMONDS KING,0.401,0.008,0.591
HEARTS THREE DIAMONDS TWO,0.6394,0.0162,0.3444
DIAMONDS TWO DIAMONDS ACE,0.4112,0.005,0.5838
HEARTS FOUR DIAMONDS TWO,0.6562,0.0164,0.3274
DIAMONDS TWO HEARTS FIVE,0.6498,0.016,0.3342
SPADES SEVEN HEARTS ACE,0.4188,0.0036,0.5776
DIAMONDS TWO DIAMONDS TEN,0.6062,0.0138,0.38
SPADES SEVEN HEARTS KING,0.4232,0.006,0.5708
DIAMONDS TWO DIAMONDS JACK,0.571,0.156,0.273
SPADES SEVEN HEARTS QUEEN,0.4232,0.0086,0.5682
DIAMONDS TWO SPADES NINE,0.713,0.0584,0.2286
DIAMONDS TWO SPADES EIGHT,0.6746,0.016,0.3094
DIAMONDS TWO SPADES SEVEN,0.669,0.0158,0.3152
DIAMONDS TWO SPADES SIX,0.6478,0.0162,0.336
DIAMONDS TWO SPADES FIVE,0.6284,0.0176,0.354
DIAMONDS TWO SPADES FOUR,0.6358,0.0156,0.3486
DIAMONDS TWO SPADES THREE,0.6476,0.0154,0.337
DIAMONDS TWO SPADES TWO,0.464,0.0336,0.5024
CLUBS NINE DIAMONDS TWO,0.7246,0.0634,0.212
DIAMONDS TWO CLUBS EIGHT,0.6742,0.0164,0.3094
CLUBS SEVEN DIAMONDS TWO,0.6774,0.0198,0.3028
DIAMONDS TWO CLUBS SIX,0.6514,0.0192,0.3294
DIAMONDS TWO CLUBS FIVE,0.6526,0.0174,0.33
DIAMONDS TWO CLUBS FOUR,0.64,0.0146,0.3454
CLUBS FOUR SPADES FIVE,0.6128,0.0184,0.3688
CLUBS FOUR SPADES FOUR,0.4614,0.0298,0.5088
CLUBS FOUR SPADES THREE,0.6338,0.0222,0.344
CLUBS FOUR SPADES TWO,0.6478,0.0196,0.3326
SPADES NINE CLUBS FOUR,0.7166,0.0596,0.2238
SPADES EIGHT CLUBS FOUR,0.6722,0.0144,0.3134
SPADES SEVEN CLUBS FOUR,0.6516,0.0142,0.3342
CLUBS FOUR SPADES SIX,0.6364,0.0168,0.3468
SPADES ACE DIAMONDS SIX,0.4272,0.005,0.5678
SPADES QUEEN DIAMONDS SIX,0.423,0.0068,0.5702
SPADES KING DIAMONDS SIX,0.433,0.0062,0.5608
SPADES TEN DIAMONDS SIX,0.6378,0.0146,0.3476
SPADES JACK DIAMONDS SIX,0.5992,0.1704,0.2304
SPADES QUEEN SPADES TWO,0.3994,0.0106,0.59
SPADES KING SPADES TWO,0.4036,0.0088,0.5876
SPADES ACE SPADES TWO,0.4022,0.005,0.5928
CLUBS TEN DIAMONDS JACK,0.2296,0.1154,0.655
DIAMONDS JACK CLUBS KING,0.2484,0.0316,0.72
DIAMONDS JACK CLUBS QUEEN,0.2464,0.0408,0.7128
DIAMONDS THREE DIAMONDS JACK,0.5578,0.1626,0.2796
DIAMONDS THREE DIAMONDS TEN,0.6086,0.0182,0.3732
DIAMONDS JACK CLUBS ACE,0.251,0.0188,0.7302
DIAMONDS THREE DIAMONDS KING,0.415,0.0088,0.5762
HEARTS THREE DIAMONDS THREE,0.4626,0.0322,0.5052
DIAMONDS THREE DIAMONDS QUEEN,0.4074,0.0096,0.583
DIAMONDS THREE HEARTS TWO,0.6422,0.0204,0.3374
HEARTS FIVE DIAMONDS THREE,0.6324,0.0156,0.352
DIAMONDS THREE DIAMONDS ACE,0.3982,0.0036,0.5982
HEARTS FOUR DIAMONDS THREE,0.6332,0.0176,0.3492
DIAMONDS THREE HEARTS SEVEN,0.6578,0.0202,0.322
SPADES TEN SPADES NINE,0.654,0.0466,0.2994
HEARTS SIX DIAMONDS THREE,0.6442,0.0184,0.3374
SPADES JACK SPADES NINE,0.0228,0.908,0.0692
HEARTS JACK DIAMONDS FOUR,0.6058,0.1602,0.234
HEARTS ACE HEARTS KING,0.3266,0.0038,0.6696
SPADES TEN SPADES TWO,0.621,0.0156,0.3634
DIAMONDS THREE HEARTS EIGHT,0.6796,0.0134,0.307
HEARTS TEN DIAMONDS FOUR,0.6532,0.014,0.3328
SPADES JACK SPADES TWO,0.58,0.159,0.261
HEARTS QUEEN DIAMONDS FOUR,0.4184,0.0128,0.5688
HEARTS KING DIAMONDS FOUR,0.4424,0.0056,0.552
SPADES ACE SPADES NINE,0.2682,0.0136,0.7182
HEARTS ACE DIAMONDS FOUR,0.436,0.005,0.559
SPADES KING SPADES NINE,0.257,0.0256,0.7174
SPADES QUEEN SPADES NINE,0.2476,0.042,0.7104
DIAMONDS THREE SPADES NINE,0.7268,0.0558,0.2174
DIAMONDS THREE SPADES EIGHT,0.6892,0.0124,0.2984
DIAMONDS THREE SPADES SEVEN,0.6368,0.0186,0.3446
DIAMONDS THREE SPADES SIX,0.6472,0.0178,0.335
DIAMONDS THREE CLUBS SIX,0.6486,0.0178,0.3336
CLUBS FIVE CLUBS SIX,0.5948,0.0164,0.3888
CLUBS ACE DIAMONDS FOUR,0.419,0.0068,0.5742
CLUBS SEVEN DIAMONDS THREE,0.6644,0.0144,0.3212
CLUBS SEVEN CLUBS FIVE,0.6038,0.016,0.3802
DIAMONDS THREE CLUBS FOUR,0.6404,0.0168,0.3428
DIAMONDS FOUR CLUBS QUEEN,0.4356,0.0104,0.554
DIAMONDS THREE CLUBS FIVE,0.6296,0.0146,0.3558
DIAMONDS FOUR CLUBS KING,0.4352,0.0064,0.5584
DIAMONDS THREE CLUBS TWO,0.6536,0.0184,0.328
CLUBS TEN DIAMONDS FOUR,0.654,0.0198,0.3262
DIAMONDS THREE CLUBS THREE,0.4658,0.0334,0.5008
DIAMONDS THREE SPADES FOUR,0.6322,0.016,0.3518
DIAMONDS THREE SPADES FIVE,0.6284,0.019,0.3526
DIAMONDS THREE SPADES TWO,0.6434,0.0166,0.34
DIAMONDS THREE SPADES THREE,0.4672,0.03,0.5028
CLUBS EIGHT DIAMONDS THREE,0.6788,0.0156,0.3056
CLUBS NINE DIAMONDS THREE,0.716,0.0598,0.2242
SPADES SEVEN CLUBS ACE,0.4132,0.0038,0.583
SPADES SEVEN CLUBS QUEEN,0.4166,0.0082,0.5752
SPADES SEVEN CLUBS KING,0.41,0.0076,0.5824
CLUBS FIVE SPADES SEVEN,0.6358,0.0136,0.3506
CLUBS TEN SPADES SEVEN,0.6278,0.0156,0.3566
CLUBS FIVE SPADES SIX,0.6326,0.0176,0.3498
CLUBS FIVE SPADES NINE,0.7004,0.0618,0.2378
CLUBS FIVE SPADES EIGHT,0.6526,0.0192,0.3282
CLUBS FIVE SPADES THREE,0.6378,0.0156,0.3466
CLUBS FIVE SPADES TWO,0.6574,0.0136,0.329
CLUBS FIVE SPADES FIVE,0.4592,0.0316,0.5092
CLUBS FIVE SPADES FOUR,0.6214,0.0142,0.3644
CLUBS NINE CLUBS FIVE,0.6718,0.0508,0.2774
CLUBS EIGHT CLUBS FIVE,0.623,0.018,0.359
CLUBS ACE CLUBS QUEEN,0.338,0.0068,0.6552
CLUBS KING CLUBS QUEEN,0.3128,0.0064,0.6808
DIAMONDS TEN DIAMONDS FOUR,0.6048,0.0148,0.3804
CLUBS TEN DIAMONDS NINE,0.7,0.059,0.241
DIAMONDS JACK DIAMONDS FOUR,0.5696,0.155,0.2754
CLUBS TEN SPADES NINE,0.708,0.0492,0.2428
DIAMONDS ACE DIAMONDS FOUR,0.4174,0.0042,0.5784
HEARTS FOUR DIAMONDS FOUR,0.4704,0.0338,0.4958
DIAMONDS JACK HEARTS TEN,0.2182,0.1196,0.6622
SPADES NINE CLUBS KING,0.2564,0.0274,0.7162
DIAMONDS TWO SPADES TEN,0.6646,0.0154,0.32
DIAMONDS NINE CLUBS ACE,0.2778,0.019,0.7032
HEARTS FIVE DIAMONDS FOUR,0.6202,0.0178,0.362
DIAMONDS JACK HEARTS JACK,0.1202,0.0332,0.8466
SPADES NINE CLUBS QUEEN,0.2488,0.0394,0.7118
DIAMONDS TWO SPADES JACK,0.6154,0.1634,0.2212
DIAMONDS QUEEN DIAMONDS FOUR,0.4164,0.0104,0.5732
HEARTS TWO DIAMONDS FOUR,0.6498,0.018,0.3322
DIAMONDS NINE CLUBS QUEEN,0.252,0.0384,0.7096
DIAMONDS KING DIAMONDS FOUR,0.4034,0.008,0.5886
HEARTS THREE DIAMONDS FOUR,0.6366,0.0166,0.3468
SPADES NINE CLUBS ACE,0.2834,0.0182,0.6984
DIAMONDS NINE CLUBS KING,0.2578,0.0286,0.7136
HEARTS ACE DIAMONDS JACK,0.2484,0.022,0.7296
SPADES ACE DIAMONDS TWO,0.4236,0.0026,0.5738
HEARTS QUEEN DIAMONDS JACK,0.2478,0.0382,0.714
SPADES QUEEN DIAMONDS TWO,0.445,0.01,0.545
DIAMONDS JACK HEARTS KING,0.2574,0.0282,0.7144
SPADES KING DIAMONDS TWO,0.4382,0.0082,0.5536
SPADES JACK SPADES SEVEN,0.5672,0.1606,0.2722
SPADES TEN SPADES SEVEN,0.598,0.015,0.387
CLUBS SEVEN CLUBS THREE,0.626,0.0176,0.3564
CLUBS SIX CLUBS THREE,0.6296,0.0156,0.3548
CLUBS FIVE CLUBS THREE,0.604,0.0152,0.3808
CLUBS THREE CLUBS FOUR,0.5966,0.02,0.3834
CLUBS NINE CLUBS THREE,0.6944,0.0604,0.2452
CLUBS EIGHT CLUBS THREE,0.6542,0.0166,0.3292
CLUBS THREE SPADES FIVE,0.6292,0.0204,0.3504
CLUBS THREE SPADES FOUR,0.6312,0.0202,0.3486
CLUBS THREE SPADES THREE,0.4624,0.0354,0.5022
CLUBS THREE SPADES TWO,0.6494,0.0166,0.334
CLUBS THREE SPADES SIX,0.6434,0.0194,0.3372
CLUBS THREE SPADES SEVEN,0.6586,0.0192,0.3222
SPADES EIGHT CLUBS THREE,0.6792,0.0144,0.3064
SPADES NINE CLUBS THREE,0.7142,0.0596,0.2262
SPADES TWO DIAMONDS FOUR,0.6408,0.0172,0.342
SPADES THREE DIAMONDS FOUR,0.6368,0.0158,0.3474
SPADES FOUR DIAMONDS FOUR,0.4612,0.0306,0.5082
SPADES FIVE DIAMONDS FOUR,0.6248,0.0138,0.3614
SPADES SIX DIAMONDS FOUR,0.6256,0.0128,0.3616
SPADES SEVEN DIAMONDS FOUR,0.6292,0.0174,0.3534
SPADES EIGHT DIAMONDS FOUR,0.6536,0.0152,0.3312
SPADES NINE DIAMONDS FOUR,0.719,0.0586,0.2224
CLUBS FIVE DIAMONDS FOUR,0.6234,0.0138,0.3628
CLUBS FOUR DIAMONDS FOUR,0.4652,0.034,0.5008
CLUBS SEVEN DIAMONDS FOUR,0.6562,0.013,0.3308
CLUBS SIX DIAMONDS FOUR,0.6476,0.0166,0.3358
CLUBS NINE DIAMONDS FOUR,0.715,0.0634,0.2216
CLUBS EIGHT DIAMONDS FOUR,0.65,0.019,0.331
DIAMONDS FOUR HEARTS SEVEN,0.654,0.018,0.328
HEARTS SIX DIAMONDS FOUR,0.6402,0.0144,0.3454
DIAMONDS FOUR HEARTS EIGHT,0.66,0.0154,0.3246
CLUBS THREE DIAMONDS FOUR,0.636,0.0176,0.3464
CLUBS TWO DIAMONDS FOUR,0.6478,0.0188,0.3334
DIAMONDS TEN DIAMONDS FIVE,0.62,0.0148,0.3652
DIAMONDS JACK DIAMONDS FIVE,0.5588,0.1636,0.2776
DIAMONDS NINE HEARTS QUEEN,0.2394,0.037,0.7236
DIAMONDS NINE HEARTS KING,0.2684,0.0276,0.704
HEARTS ACE DIAMONDS NINE,0.2632,0.0182,0.7186
DIAMONDS NINE HEARTS TEN,0.6928,0.051,0.2562
DIAMONDS NINE HEARTS JACK,0.011,0.9706,0.0184
CLUBS KING DIAMONDS SIX,0.4248,0.0078,0.5674
CLUBS QUEEN DIAMONDS SIX,0.4422,0.0076,0.5502
CLUBS ACE DIAMONDS SIX,0.427,0.0032,0.5698
SPADES KING DIAMONDS FOUR,0.4322,0.0082,0.5596
SPADES ACE SPADES SEVEN,0.3992,0.0026,0.5982
SPADES QUEEN DIAMONDS FOUR,0.432,0.0104,0.5576
SPADES QUEEN SPADES SEVEN,0.4008,0.0132,0.586
SPADES KING SPADES SEVEN,0.396,0.007,0.597
SPADES ACE DIAMONDS FOUR,0.4318,0.0046,0.5636
CLUBS TEN DIAMONDS SIX,0.6448,0.0164,0.3388
CLUBS NINE CLUBS FOUR,0.6878,0.0614,0.2508
CLUBS EIGHT CLUBS FOUR,0.6418,0.0186,0.3396
SPADES JACK DIAMONDS FOUR,0.6058,0.1698,0.2244
SPADES TEN DIAMONDS FOUR,0.6518,0.0182,0.33
CLUBS FIVE CLUBS FOUR,0.602,0.0208,0.3772
CLUBS SEVEN CLUBS FOUR,0.609,0.0138,0.3772
CLUBS SIX CLUBS FOUR,0.6078,0.017,0.3752
CLUBS SEVEN SPADES EIGHT,0.6268,0.0134,0.3598
CLUBS SEVEN SPADES NINE,0.6872,0.06,0.2528
CLUBS SEVEN SPADES SIX,0.6276,0.015,0.3574
CLUBS SEVEN SPADES SEVEN,0.4372,0.0282,0.5346
CLUBS SEVEN SPADES FIVE,0.6324,0.0186,0.349
CLUBS SEVEN SPADES FOUR,0.6532,0.0154,0.3314
CLUBS SEVEN SPADES THREE,0.6556,0.016,0.3284
CLUBS SEVEN SPADES TWO,0.678,0.0218,0.3002
CLUBS NINE CLUBS SEVEN,0.6656,0.0596,0.2748
CLUBS SEVEN CLUBS EIGHT,0.5944,0.0156,0.39
HEARTS SIX DIAMONDS FIVE,0.6148,0.0214,0.3638
DIAMONDS FIVE HEARTS SEVEN,0.6428,0.0162,0.341
DIAMONDS FIVE HEARTS EIGHT,0.6402,0.017,0.3428
DIAMONDS QUEEN DIAMONDS FIVE,0.4106,0.0114,0.578
HEARTS TWO DIAMONDS FIVE,0.6428,0.0178,0.3394
HEARTS KING HEARTS EIGHT,0.416,0.0074,0.5766
DIAMONDS KING DIAMONDS FIVE,0.4062,0.0072,0.5866
HEARTS THREE DIAMONDS FIVE,0.6264,0.0188,0.3548
HEARTS QUEEN HEARTS EIGHT,0.39,0.0138,0.5962
DIAMONDS ACE DIAMONDS FIVE,0.3966,0.0032,0.6002
HEARTS FOUR DIAMONDS FIVE,0.6238,0.014,0.3622
HEARTS FIVE DIAMONDS FIVE,0.4648,0.0284,0.5068
HEARTS ACE HEARTS EIGHT,0.396,0.0066,0.5974
CLUBS FOUR DIAMONDS FIVE,0.6224,0.0176,0.36
CLUBS FIVE DIAMONDS FIVE,0.4618,0.0322,0.506
CLUBS SIX DIAMONDS FIVE,0.6202,0.0178,0.362
CLUBS SEVEN DIAMONDS FIVE,0.6378,0.0134,0.3488
CLUBS TWO DIAMONDS FIVE,0.6382,0.0174,0.3444
CLUBS THREE DIAMONDS FIVE,0.6198,0.0194,0.3608
SPADES THREE DIAMONDS FIVE,0.6138,0.0176,0.3686
SPADES TWO DIAMONDS FIVE,0.647,0.0192,0.3338
SPADES JACK DIAMONDS EIGHT,0.6104,0.1598,0.2298
SPADES FIVE DIAMONDS FIVE,0.4544,0.0312,0.5144
CLUBS TEN HEARTS JACK,0.2182,0.1184,0.6634
SPADES TEN DIAMONDS EIGHT,0.614,0.013,0.373
SPADES FOUR DIAMONDS FIVE,0.6134,0.0156,0.371
HEARTS JACK CLUBS QUEEN,0.217,0.036,0.747
CLUBS NINE DIAMONDS FIVE,0.7,0.0578,0.2422
HEARTS JACK CLUBS KING,0.242,0.0342,0.7238
CLUBS EIGHT DIAMONDS FIVE,0.647,0.0156,0.3374
CLUBS ACE HEARTS JACK,0.2382,0.0192,0.7426
SPADES SEVEN DIAMONDS FIVE,0.6372,0.0166,0.3462
SPADES KING DIAMONDS EIGHT,0.419,0.0072,0.5738
SPADES QUEEN DIAMONDS EIGHT,0.414,0.0096,0.5764
SPADES SIX DIAMONDS FIVE,0.6236,0.0146,0.3618
SPADES NINE DIAMONDS FIVE,0.694,0.0584,0.2476
SPADES EIGHT DIAMONDS FIVE,0.6518,0.017,0.3312
SPADES ACE DIAMONDS EIGHT,0.4054,0.0036,0.591
DIAMONDS TEN DIAMONDS SIX,0.6034,0.0154,0.3812
HEARTS ACE DIAMONDS SEVEN,0.4284,0.0036,0.568
DIAMONDS JACK DIAMONDS SIX,0.561,0.1604,0.2786
HEARTS QUEEN DIAMONDS SEVEN,0.419,0.0098,0.5712
HEARTS KING DIAMONDS SEVEN,0.4156,0.0078,0.5766
DIAMONDS ACE DIAMONDS SIX,0.4034,0.0022,0.5944
HEARTS FOUR DIAMONDS SIX,0.6442,0.0162,0.3396
SPADES TWO HEARTS JACK,0.6126,0.1628,0.2246
HEARTS FIVE DIAMONDS SIX,0.6242,0.0156,0.3602
SPADES TWO HEARTS TEN,0.645,0.0166,0.3384
DIAMONDS QUEEN DIAMONDS SIX,0.3994,0.0098,0.5908
HEARTS TWO DIAMONDS SIX,0.6544,0.0168,0.3288
DIAMONDS KING DIAMONDS SIX,0.4222,0.0066,0.5712
HEARTS THREE DIAMONDS SIX,0.6408,0.0142,0.345
HEARTS EIGHT DIAMONDS SIX,0.6386,0.0178,0.3436
HEARTS SIX DIAMONDS SIX,0.4586,0.0266,0.5148
HEARTS SEVEN DIAMONDS SIX,0.6204,0.018,0.3616
HEARTS TEN DIAMONDS SEVEN,0.6272,0.0112,0.3616
CLUBS TWO DIAMONDS SIX,0.67,0.0172,0.3128
HEARTS JACK DIAMONDS SEVEN,0.608,0.1596,0.2324
CLUBS THREE DIAMONDS SIX,0.6576,0.0186,0.3238
CLUBS SEVEN DIAMONDS SIX,0.615,0.0152,0.3698
CLUBS SIX DIAMONDS SIX,0.4548,0.0296,0.5156
CLUBS TEN DIAMONDS EIGHT,0.6206,0.0184,0.361
CLUBS FIVE DIAMONDS SIX,0.618,0.0158,0.3662
CLUBS FOUR DIAMONDS SIX,0.6292,0.019,0.3518
HEARTS ACE HEARTS JACK,0.2382,0.0246,0.7372
DIAMONDS EIGHT CLUBS ACE,0.4058,0.0036,0.5906
HEARTS QUEEN HEARTS JACK,0.241,0.0394,0.7196
DIAMONDS EIGHT CLUBS KING,0.4078,0.009,0.5832
CLUBS NINE DIAMONDS SIX,0.7118,0.0532,0.235
HEARTS KING HEARTS JACK,0.2368,0.0298,0.7334
DIAMONDS EIGHT CLUBS QUEEN,0.416,0.0092,0.5748
CLUBS EIGHT DIAMONDS SIX,0.638,0.0142,0.3478
SPADES TEN HEARTS KING,0.3732,0.006,0.6208
SPADES FIVE DIAMONDS SIX,0.6176,0.0164,0.366
HEARTS ACE SPADES TWO,0.4278,0.007,0.5652
SPADES JACK HEARTS KING,0.2484,0.0318,0.7198
SPADES FOUR DIAMONDS SIX,0.6366,0.0152,0.3482
SPADES THREE DIAMONDS SIX,0.655,0.0156,0.3294
HEARTS QUEEN SPADES TWO,0.432,0.0122,0.5558
SPADES ACE SPADES KING,0.3338,0.004,0.6622
HEARTS KING SPADES TWO,0.4342,0.0064,0.5594
SPADES TWO DIAMONDS SIX,0.661,0.0168,0.3222
HEARTS TEN HEARTS EIGHT,0.589,0.0166,0.3944
SPADES NINE DIAMONDS SIX,0.7046,0.0536,0.2418
HEARTS JACK HEARTS EIGHT,0.5776,0.1688,0.2536
SPADES EIGHT DIAMONDS SIX,0.6556,0.0176,0.3268
SPADES SEVEN DIAMONDS SIX,0.6206,0.0138,0.3656
SPADES SIX DIAMONDS SIX,0.449,0.0324,0.5186
SPADES KING HEARTS KING,0.1592,0.0072,0.8336
SPADES QUEEN HEARTS KING,0.3414,0.0066,0.652
CLUBS ACE CLUBS KING,0.3424,0.0038,0.6538
SPADES ACE HEARTS KING,0.355,0.0046,0.6404
SPADES ACE HEARTS JACK,0.2408,0.0196,0.7396
SPADES QUEEN HEARTS JACK,0.2438,0.0376,0.7186
SPADES KING HEARTS JACK,0.2502,0.0244,0.7254
SPADES TEN DIAMONDS TEN,0.2826,0.022,0.6954
SPADES JACK DIAMONDS TEN,0.232,0.1206,0.6474
SPADES ACE DIAMONDS TEN,0.3792,0.0034,0.6174
SPADES JACK HEARTS JACK,0.128,0.034,0.838
SPADES TEN HEARTS JACK,0.2232,0.127,0.6498
SPADES QUEEN DIAMONDS TEN,0.3634,0.011,0.6256
SPADES KING DIAMONDS TEN,0.3592,0.0048,0.636
SPADES NINE DIAMONDS SEVEN,0.6786,0.06,0.2614
SPADES EIGHT DIAMONDS SEVEN,0.6368,0.0154,0.3478
SPADES SEVEN DIAMONDS SEVEN,0.4458,0.0206,0.5336
SPADES SIX DIAMONDS SEVEN,0.6174,0.0186,0.364
DIAMONDS KING DIAMONDS SEVEN,0.4044,0.0048,0.5908
HEARTS THREE DIAMONDS SEVEN,0.659,0.0156,0.3254
HEARTS KING DIAMONDS FIVE,0.4336,0.0066,0.5598
DIAMONDS QUEEN DIAMONDS SEVEN,0.3936,0.0084,0.598
HEARTS TWO DIAMONDS SEVEN,0.6622,0.0178,0.32
HEARTS QUEEN DIAMONDS FIVE,0.4318,0.0074,0.5608
HEARTS FIVE DIAMONDS SEVEN,0.6144,0.0198,0.3658
DIAMONDS ACE DIAMONDS SEVEN,0.4018,0.0018,0.5964
HEARTS FOUR DIAMONDS SEVEN,0.6378,0.0174,0.3448
HEARTS ACE DIAMONDS FIVE,0.43,0.0052,0.5648
HEARTS SEVEN DIAMONDS SEVEN,0.4452,0.0266,0.5282
HEARTS SIX DIAMONDS SEVEN,0.6306,0.0178,0.3516
DIAMONDS SEVEN HEARTS EIGHT,0.6418,0.0166,0.3416
DIAMONDS JACK DIAMONDS SEVEN,0.567,0.1648,0.2682
DIAMONDS FIVE HEARTS JACK,0.6084,0.1632,0.2284
DIAMONDS TEN DIAMONDS SEVEN,0.5864,0.0082,0.4054
HEARTS TEN DIAMONDS FIVE,0.655,0.0138,0.3312
SPADES KING CLUBS TWO,0.4416,0.0076,0.5508
HEARTS KING CLUBS KING,0.1546,0.01,0.8354
CLUBS EIGHT DIAMONDS SEVEN,0.629,0.0142,0.3568
SPADES QUEEN CLUBS TWO,0.4366,0.01,0.5534
HEARTS KING CLUBS QUEEN,0.3306,0.0098,0.6596
CLUBS NINE DIAMONDS SEVEN,0.6904,0.0542,0.2554
SPADES ACE CLUBS TWO,0.4254,0.0062,0.5684
CLUBS TEN SPADES TWO,0.6594,0.0164,0.3242
HEARTS KING CLUBS ACE,0.3334,0.0042,0.6624
CLUBS SEVEN CLUBS SIX,0.6074,0.013,0.3796
SPADES TWO CLUBS KING,0.428,0.0068,0.5652
SPADES TWO DIAMONDS SEVEN,0.6662,0.016,0.3178
CLUBS EIGHT CLUBS SIX,0.6162,0.0192,0.3646
SPADES THREE DIAMONDS SEVEN,0.6602,0.0158,0.324
SPADES TWO CLUBS QUEEN,0.4376,0.0118,0.5506
CLUBS NINE CLUBS SIX,0.6748,0.0578,0.2674
SPADES FOUR DIAMONDS SEVEN,0.6442,0.0154,0.3404
SPADES FIVE DIAMONDS SEVEN,0.6284,0.0168,0.3548
SPADES TWO CLUBS ACE,0.425,0.0056,0.5694
CLUBS TEN HEARTS KING,0.3658,0.0056,0.6286
CLUBS SIX SPADES TWO,0.6628,0.0196,0.3176
CLUBS SIX SPADES THREE,0.6406,0.0186,0.3408
CLUBS TWO DIAMONDS SEVEN,0.6712,0.0144,0.3144
CLUBS SIX SPADES FOUR,0.638,0.0158,0.3462
CLUBS THREE DIAMONDS SEVEN,0.6668,0.0166,0.3166
CLUBS SIX SPADES FIVE,0.6156,0.0168,0.3676
CLUBS FOUR DIAMONDS SEVEN,0.6432,0.0184,0.3384
CLUBS SIX SPADES SIX,0.4634,0.0296,0.507
CLUBS FIVE DIAMONDS SEVEN,0.6416,0.0136,0.3448
CLUBS SIX SPADES SEVEN,0.624,0.0186,0.3574
CLUBS SIX DIAMONDS SEVEN,0.6374,0.0154,0.3472
CLUBS SIX SPADES EIGHT,0.6384,0.0158,0.3458
SPADES JACK CLUBS TWO,0.62,0.1664,0.2136
CLUBS SEVEN DIAMONDS SEVEN,0.4478,0.0254,0.5268
SPADES NINE CLUBS SIX,0.7102,0.0618,0.228
SPADES TEN CLUBS TWO,0.6564,0.0172,0.3264
CLUBS TWO CLUBS QUEEN,0.42,0.0118,0.5682
CLUBS TWO CLUBS KING,0.4206,0.0064,0.573
CLUBS THREE DIAMONDS EIGHT,0.6748,0.0162,0.309
CLUBS TWO CLUBS ACE,0.4066,0.006,0.5874
CLUBS TWO DIAMONDS EIGHT,0.6888,0.0164,0.2948
DIAMONDS EIGHT HEARTS SEVEN,0.6288,0.0166,0.3546
HEARTS SIX DIAMONDS EIGHT,0.6388,0.0172,0.344
CLUBS TEN CLUBS TWO,0.631,0.0158,0.3532
DIAMONDS EIGHT HEARTS EIGHT,0.427,0.0282,0.5448
CLUBS NINE DIAMONDS EIGHT,0.6926,0.0574,0.25
CLUBS EIGHT DIAMONDS EIGHT,0.4356,0.03,0.5344
CLUBS FIVE DIAMONDS EIGHT,0.653,0.016,0.331
SPADES ACE SPADES THREE,0.4066,0.0046,0.5888
CLUBS FOUR DIAMONDS EIGHT,0.6546,0.0168,0.3286
CLUBS SEVEN DIAMONDS EIGHT,0.6288,0.0182,0.353
SPADES QUEEN SPADES THREE,0.4144,0.01,0.5756
CLUBS SIX DIAMONDS EIGHT,0.6458,0.0148,0.3394
SPADES KING SPADES THREE,0.4094,0.0064,0.5842
DIAMONDS QUEEN DIAMONDS EIGHT,0.382,0.0102,0.6078
HEARTS TWO DIAMONDS EIGHT,0.6824,0.0166,0.301
DIAMONDS KING DIAMONDS EIGHT,0.4014,0.008,0.5906
HEARTS THREE DIAMONDS EIGHT,0.6754,0.0148,0.3098
DIAMONDS ACE DIAMONDS EIGHT,0.3844,0.0034,0.6122
HEARTS FOUR DIAMONDS EIGHT,0.6678,0.0158,0.3164
HEARTS FIVE DIAMONDS EIGHT,0.653,0.018,0.329
DIAMONDS EIGHT DIAMONDS TEN,0.578,0.0152,0.4068
DIAMONDS EIGHT DIAMONDS JACK,0.5738,0.1534,0.2728
SPADES JACK SPADES THREE,0.5674,0.1596,0.273
SPADES TEN SPADES THREE,0.619,0.0144,0.3666
CLUBS FOUR HEARTS ACE,0.4226,0.007,0.5704
CLUBS FOUR HEARTS QUEEN,0.4378,0.0116,0.5506
CLUBS FOUR HEARTS KING,0.4334,0.0072,0.5594
CLUBS SIX HEARTS TEN,0.6436,0.0182,0.3382
CLUBS SIX HEARTS JACK,0.6102,0.1776,0.2122
DIAMONDS EIGHT SPADES FOUR,0.6626,0.0156,0.3218
SPADES FIVE DIAMONDS EIGHT,0.656,0.0166,0.3274
DIAMONDS EIGHT SPADES TWO,0.6742,0.0158,0.31
DIAMONDS EIGHT SPADES THREE,0.677,0.0182,0.3048
CLUBS FOUR HEARTS JACK,0.6014,0.1664,0.2322
SPADES EIGHT DIAMONDS EIGHT,0.4294,0.0252,0.5454
SPADES TEN DIAMONDS QUEEN,0.3638,0.0092,0.627
SPADES TEN HEARTS TWO,0.659,0.0192,0.3218
SPADES JACK HEARTS EIGHT,0.6212,0.1568,0.222
CLUBS FOUR HEARTS TEN,0.6522,0.0176,0.3302
SPADES NINE DIAMONDS EIGHT,0.6738,0.0568,0.2694
SPADES TEN HEARTS EIGHT,0.6292,0.0114,0.3594
SPADES JACK HEARTS TWO,0.61,0.1684,0.2216
SPADES JACK DIAMONDS QUEEN,0.253,0.0376,0.7094
SPADES SIX DIAMONDS EIGHT,0.6284,0.0168,0.3548
SPADES SEVEN DIAMONDS EIGHT,0.6262,0.016,0.3578
SPADES ACE HEARTS TWO,0.4326,0.0046,0.5628
SPADES ACE DIAMONDS QUEEN,0.342,0.004,0.654
SPADES ACE HEARTS EIGHT,0.4242,0.0046,0.5712
SPADES KING HEARTS EIGHT,0.4222,0.0058,0.572
SPADES QUEEN HEARTS TWO,0.4492,0.0118,0.539
SPADES QUEEN DIAMONDS QUEEN,0.1658,0.008,0.8262
SPADES KING DIAMONDS QUEEN,0.3464,0.0054,0.6482
SPADES KING HEARTS TWO,0.44,0.0078,0.5522
SPADES QUEEN HEARTS EIGHT,0.4158,0.0122,0.572
CLUBS TWO HEARTS TEN,0.6514,0.0206,0.328
CLUBS TWO HEARTS JACK,0.6172,0.1722,0.2106
SPADES SEVEN DIAMONDS NINE,0.6854,0.0552,0.2594
SPADES SIX DIAMONDS NINE,0.708,0.0512,0.2408
SPADES NINE DIAMONDS NINE,0.3166,0.036,0.6474
SPADES EIGHT DIAMONDS NINE,0.6792,0.0586,0.2622
SPADES TEN CLUBS KING,0.37,0.0056,0.6244
DIAMONDS NINE SPADES THREE,0.7156,0.0582,0.2262
SPADES JACK CLUBS KING,0.2534,0.0306,0.716
DIAMONDS NINE SPADES TWO,0.7178,0.0592,0.223
DIAMONDS NINE SPADES FIVE,0.6894,0.0648,0.2458
DIAMONDS NINE SPADES FOUR,0.7106,0.0574,0.232
CLUBS NINE DIAMONDS NINE,0.314,0.0332,0.6528
CLUBS EIGHT DIAMONDS NINE,0.6896,0.0574,0.253
CLUBS SIX DIAMONDS NINE,0.703,0.064,0.233
SPADES JACK CLUBS FOUR,0.6086,0.1618,0.2296
CLUBS SEVEN DIAMONDS NINE,0.6866,0.0572,0.2562
SPADES TEN CLUBS FOUR,0.6584,0.0158,0.3258
CLUBS FOUR DIAMONDS NINE,0.7146,0.0652,0.2202
CLUBS FIVE DIAMONDS NINE,0.7034,0.058,0.2386
DIAMONDS NINE CLUBS TWO,0.7236,0.0628,0.2136
CLUBS THREE DIAMONDS NINE,0.7232,0.0574,0.2194
DIAMONDS NINE HEARTS EIGHT,0.6984,0.0574,0.2442
HEARTS SIX DIAMONDS NINE,0.7014,0.0636,0.235
DIAMONDS NINE HEARTS SEVEN,0.6996,0.056,0.2444
CLUBS NINE CLUBS EIGHT,0.6548,0.0516,0.2936
DIAMONDS ACE DIAMONDS NINE,0.2658,0.0184,0.7158
HEARTS FOUR DIAMONDS NINE,0.721,0.0604,0.2186
HEARTS FIVE DIAMONDS NINE,0.693,0.0588,0.2482
HEARTS ACE CLUBS TWO,0.4182,0.0044,0.5774
SPADES ACE CLUBS FOUR,0.439,0.0034,0.5576
DIAMONDS QUEEN DIAMONDS NINE,0.2394,0.04,0.7206
HEARTS TWO DIAMONDS NINE,0.7136,0.0638,0.2226
CLUBS TWO HEARTS KING,0.4476,0.008,0.5444
SPADES KING CLUBS FOUR,0.4394,0.007,0.5536
DIAMONDS KING DIAMONDS NINE,0.2626,0.0252,0.7122
HEARTS THREE DIAMONDS NINE,0.7042,0.0604,0.2354
CLUBS TWO HEARTS QUEEN,0.4368,0.0134,0.5498
SPADES QUEEN CLUBS FOUR,0.457,0.0122,0.5308
DIAMONDS NINE DIAMONDS JACK,0.0202,0.9106,0.0692
CLUBS EIGHT SPADES NINE,0.681,0.062,0.257
DIAMONDS NINE DIAMONDS TEN,0.6594,0.0488,0.2918
CLUBS EIGHT SPADES EIGHT,0.4296,0.0284,0.542
CLUBS EIGHT SPADES SEVEN,0.6348,0.0194,0.3458
CLUBS EIGHT SPADES SIX,0.6574,0.0126,0.33
CLUBS EIGHT SPADES FIVE,0.659,0.0148,0.3262
CLUBS EIGHT SPADES FOUR,0.6796,0.017,0.3034
CLUBS EIGHT SPADES THREE,0.677,0.0182,0.3048
CLUBS EIGHT SPADES TWO,0.6828,0.0198,0.2974
HEARTS SIX DIAMONDS TEN,0.6512,0.0136,0.3352
DIAMONDS TEN HEARTS SEVEN,0.6358,0.017,0.3472
DIAMONDS TEN HEARTS EIGHT,0.628,0.0166,0.3554
CLUBS TEN CLUBS FOUR,0.6228,0.0164,0.3608
CLUBS FOUR CLUBS KING,0.4064,0.0086,0.585
CLUBS FOUR CLUBS QUEEN,0.4108,0.0108,0.5784
CLUBS TWO DIAMONDS TEN,0.6604,0.016,0.3236
CLUBS THREE DIAMONDS TEN,0.6568,0.0154,0.3278
CLUBS FOUR CLUBS ACE,0.411,0.0046,0.5844
DIAMONDS JACK DIAMONDS TEN,0.2196,0.1178,0.6626
DIAMONDS QUEEN DIAMONDS TEN,0.3418,0.0092,0.649
HEARTS TWO DIAMONDS TEN,0.6672,0.0144,0.3184
DIAMONDS KING DIAMONDS TEN,0.3488,0.0056,0.6456
HEARTS THREE DIAMONDS TEN,0.66,0.0172,0.3228
DIAMONDS ACE DIAMONDS TEN,0.3526,0.0046,0.6428
HEARTS FOUR DIAMONDS TEN,0.6562,0.0176,0.3262
CLUBS EIGHT HEARTS JACK,0.613,0.1702,0.2168
HEARTS FIVE DIAMONDS TEN,0.6552,0.017,0.3278
CLUBS EIGHT HEARTS TEN,0.618,0.0164,0.3656
CLUBS EIGHT HEARTS QUEEN,0.424,0.0116,0.5644
CLUBS EIGHT HEARTS KING,0.4178,0.0068,0.5754
CLUBS EIGHT HEARTS ACE,0.413,0.0044,0.5826
CLUBS NINE SPADES THREE,0.714,0.0556,0.2304
CLUBS NINE SPADES TWO,0.714,0.0618,0.2242
CLUBS NINE SPADES FIVE,0.6922,0.0652,0.2426
CLUBS NINE SPADES FOUR,0.7078,0.0626,0.2296
CLUBS NINE SPADES SEVEN,0.6794,0.0622,0.2584
CLUBS NINE SPADES SIX,0.6888,0.0636,0.2476
CLUBS NINE SPADES NINE,0.3214,0.0332,0.6454
CLUBS TEN HEARTS EIGHT,0.6332,0.019,0.3478
CLUBS NINE SPADES EIGHT,0.684,0.0592,0.2568
CLUBS QUEEN HEARTS EIGHT,0.4116,0.0104,0.578
CLUBS KING HEARTS EIGHT,0.4156,0.0088,0.5756
CLUBS ACE HEARTS EIGHT,0.4044,0.007,0.5886
SPADES KING CLUBS KING,0.1646,0.0068,0.8286
SPADES QUEEN CLUBS KING,0.336,0.0058,0.6582
SPADES ACE CLUBS KING,0.3652,0.0052,0.6296
DIAMONDS ACE HEARTS TEN,0.3752,0.0036,0.6212
HEARTS FOUR HEARTS TEN,0.6274,0.0118,0.3608
DIAMONDS ACE HEARTS JACK,0.2444,0.018,0.7376
HEARTS FOUR HEARTS JACK,0.5678,0.1664,0.2658
SPADES KING CLUBS FIVE,0.4358,0.008,0.5562
SPADES QUEEN CLUBS FIVE,0.43,0.0112,0.5588
SPADES ACE CLUBS FIVE,0.427,0.005,0.568
DIAMONDS JACK HEARTS SEVEN,0.609,0.174,0.217
HEARTS SIX DIAMONDS JACK,0.6196,0.164,0.2164
DIAMONDS JACK HEARTS EIGHT,0.6198,0.154,0.2262
DIAMONDS KING DIAMONDS JACK,0.236,0.0264,0.7376
HEARTS THREE DIAMONDS JACK,0.6,0.1684,0.2316
SPADES ACE SPADES SIX,0.4142,0.0036,0.5822
HEARTS ACE SPADES FOUR,0.4256,0.0032,0.5712
DIAMONDS QUEEN DIAMONDS JACK,0.2388,0.0388,0.7224
HEARTS TWO DIAMONDS JACK,0.6158,0.1592,0.225
HEARTS FIVE DIAMONDS JACK,0.6006,0.1716,0.2278
SPADES QUEEN SPADES SIX,0.4122,0.0122,0.5756
SPADES FOUR HEARTS QUEEN,0.4346,0.0118,0.5536
DIAMONDS ACE DIAMONDS JACK,0.2502,0.0204,0.7294
HEARTS FOUR DIAMONDS JACK,0.6116,0.1646,0.2238
SPADES KING SPADES SIX,0.4014,0.0062,0.5924
SPADES FOUR HEARTS KING,0.4392,0.0072,0.5536
SPADES TEN SPADES SIX,0.6014,0.0166,0.382
SPADES JACK SPADES SIX,0.554,0.1622,0.2838
SPADES FOUR DIAMONDS JACK,0.6098,0.1632,0.227
SPADES FIVE DIAMONDS JACK,0.6084,0.1614,0.2302
DIAMONDS JACK SPADES TWO,0.6016,0.1652,0.2332
DIAMONDS JACK SPADES THREE,0.5988,0.1704,0.2308
SPADES ACE DIAMONDS THREE,0.4288,0.0038,0.5674
SPADES QUEEN DIAMONDS THREE,0.4342,0.0094,0.5564
CLUBS EIGHT DIAMONDS JACK,0.6012,0.1738,0.225
SPADES KING DIAMONDS THREE,0.4316,0.008,0.5604
CLUBS NINE DIAMONDS JACK,0.0194,0.9692,0.0114
CLUBS SIX DIAMONDS JACK,0.6186,0.171,0.2104
CLUBS SEVEN DIAMONDS JACK,0.604,0.1664,0.2296
CLUBS FOUR DIAMONDS JACK,0.6244,0.1694,0.2062
CLUBS FIVE DIAMONDS JACK,0.6204,0.1622,0.2174
CLUBS TWO DIAMONDS JACK,0.6142,0.1696,0.2162
CLUBS THREE DIAMONDS JACK,0.6152,0.1718,0.213
SPADES TEN CLUBS FIVE,0.6516,0.0184,0.33
HEARTS SIX SPADES JACK,0.6096,0.173,0.2174
HEARTS SIX SPADES TEN,0.6352,0.016,0.3488
SPADES JACK CLUBS FIVE,0.6078,0.1662,0.226
SPADES JACK DIAMONDS THREE,0.602,0.1658,0.2322
CLUBS SEVEN CLUBS ACE,0.4046,0.005,0.5904
DIAMONDS THREE SPADES TEN,0.6422,0.018,0.3398
CLUBS SEVEN CLUBS QUEEN,0.407,0.0078,0.5852
CLUBS SEVEN CLUBS KING,0.4078,0.0076,0.5846
SPADES NINE DIAMONDS JACK,0.017,0.9594,0.0236
CLUBS TEN CLUBS SEVEN,0.6206,0.0138,0.3656
DIAMONDS ACE HEARTS ACE,0.1634,0.0026,0.834
HEARTS FOUR HEARTS ACE,0.4074,0.0036,0.589
SPADES EIGHT DIAMONDS JACK,0.5998,0.1642,0.236
SPADES ACE HEARTS SIX,0.4454,0.0026,0.552
DIAMONDS ACE HEARTS KING,0.3524,0.0032,0.6444
HEARTS FOUR HEARTS KING,0.4058,0.007,0.5872
SPADES SEVEN DIAMONDS JACK,0.6072,0.167,0.2258
SPADES KING HEARTS SIX,0.4374,0.0066,0.556
DIAMONDS ACE HEARTS QUEEN,0.3516,0.005,0.6434
HEARTS FOUR HEARTS QUEEN,0.4254,0.0102,0.5644
SPADES QUEEN HEARTS SIX,0.4386,0.0082,0.5532
SPADES SIX DIAMONDS JACK,0.6122,0.167,0.2208
DIAMONDS TEN SPADES TWO,0.6604,0.0138,0.3258
SPADES THREE DIAMONDS TEN,0.6456,0.0148,0.3396
SPADES FOUR DIAMONDS TEN,0.6602,0.0188,0.321
SPADES FIVE DIAMONDS TEN,0.6548,0.0176,0.3276
SPADES SIX DIAMONDS TEN,0.6452,0.015,0.3398
SPADES SEVEN DIAMONDS TEN,0.6312,0.016,0.3528
SPADES EIGHT DIAMONDS TEN,0.6166,0.0118,0.3716
SPADES NINE DIAMONDS TEN,0.694,0.0522,0.2538
CLUBS FOUR DIAMONDS TEN,0.6722,0.018,0.3098
CLUBS FIVE DIAMONDS TEN,0.6646,0.0172,0.3182
CLUBS SIX DIAMONDS TEN,0.6424,0.014,0.3436
CLUBS SEVEN DIAMONDS TEN,0.6322,0.0184,0.3494
CLUBS EIGHT DIAMONDS TEN,0.6292,0.0126,0.3582
CLUBS NINE DIAMONDS TEN,0.7032,0.048,0.2488
CLUBS TEN DIAMONDS THREE,0.6568,0.018,0.3252
DIAMONDS THREE CLUBS KING,0.4424,0.0066,0.551
DIAMONDS THREE CLUBS QUEEN,0.4328,0.0118,0.5554
DIAMONDS THREE CLUBS ACE,0.4228,0.0042,0.573
SPADES FOUR HEARTS JACK,0.5968,0.1716,0.2316
SPADES FOUR HEARTS TEN,0.647,0.016,0.337
SPADES FIVE SPADES TWO,0.5942,0.016,0.3898
SPADES FOUR SPADES TWO,0.6006,0.0174,0.382
SPADES THREE SPADES TWO,0.6108,0.0182,0.371
SPADES NINE SPADES TWO,0.6632,0.0608,0.276
SPADES EIGHT SPADES TWO,0.626,0.0184,0.3556
SPADES SEVEN SPADES TWO,0.6294,0.0206,0.35
SPADES SIX SPADES TWO,0.6028,0.0164,0.3808
DIAMONDS QUEEN CLUBS THREE,0.4354,0.0108,0.5538
CLUBS THREE HEARTS TWO,0.66,0.0168,0.3232
DIAMONDS QUEEN CLUBS TWO,0.4436,0.0124,0.544
HEARTS TWO CLUBS TWO,0.4688,0.034,0.4972
DIAMONDS QUEEN HEARTS SEVEN,0.433,0.0098,0.5572
HEARTS TWO HEARTS SEVEN,0.626,0.0164,0.3576
HEARTS SIX DIAMONDS QUEEN,0.4386,0.0094,0.552
HEARTS SIX HEARTS TWO,0.6248,0.0164,0.3588
DIAMONDS QUEEN HEARTS EIGHT,0.4226,0.0126,0.5648
HEARTS TWO HEARTS EIGHT,0.652,0.0176,0.3304
CLUBS NINE HEARTS TWO,0.7176,0.0706,0.2118
CLUBS NINE DIAMONDS QUEEN,0.2716,0.0374,0.691
CLUBS EIGHT HEARTS TWO,0.6926,0.0202,0.2872
CLUBS EIGHT DIAMONDS QUEEN,0.4166,0.0114,0.572
CLUBS FIVE DIAMONDS QUEEN,0.4354,0.0122,0.5524
CLUBS FIVE HEARTS TWO,0.6514,0.0224,0.3262
SPADES EIGHT HEARTS ACE,0.4004,0.0042,0.5954
DIAMONDS QUEEN CLUBS FOUR,0.433,0.011,0.556
HEARTS TWO CLUBS FOUR,0.6576,0.0196,0.3228
CLUBS SEVEN DIAMONDS QUEEN,0.4338,0.0074,0.5588
CLUBS SEVEN HEARTS TWO,0.6932,0.0168,0.29
SPADES EIGHT HEARTS QUEEN,0.4104,0.0106,0.579
CLUBS SIX DIAMONDS QUEEN,0.4288,0.0118,0.5594
CLUBS SIX HEARTS TWO,0.6662,0.0204,0.3134
SPADES EIGHT HEARTS KING,0.4228,0.0052,0.572
HEARTS TWO SPADES SIX,0.6652,0.0168,0.318
DIAMONDS QUEEN SPADES SIX,0.4338,0.0098,0.5564
HEARTS FOUR CLUBS QUEEN,0.44,0.0122,0.5478
DIAMONDS ACE CLUBS QUEEN,0.3572,0.0052,0.6376
DIAMONDS QUEEN SPADES SEVEN,0.4222,0.0092,0.5686
HEARTS TWO SPADES SEVEN,0.6772,0.0194,0.3034
HEARTS FOUR CLUBS KING,0.4304,0.0074,0.5622
DIAMONDS ACE CLUBS KING,0.3382,0.005,0.6568
DIAMONDS QUEEN SPADES EIGHT,0.4202,0.008,0.5718
SPADES EIGHT HEARTS TWO,0.6812,0.0162,0.3026
HEARTS FOUR CLUBS ACE,0.4288,0.0052,0.566
DIAMONDS ACE CLUBS ACE,0.1616,0.0036,0.8348
SPADES NINE DIAMONDS QUEEN,0.2534,0.0374,0.7092
SPADES NINE HEARTS TWO,0.721,0.0598,0.2192
HEARTS TWO SPADES TWO,0.4678,0.0352,0.497
DIAMONDS QUEEN SPADES TWO,0.4384,0.0118,0.5498
HEARTS TWO SPADES THREE,0.6386,0.0194,0.342
DIAMONDS QUEEN SPADES THREE,0.4424,0.0088,0.5488
HEARTS TWO SPADES FOUR,0.6486,0.0164,0.335
DIAMONDS QUEEN SPADES FOUR,0.4294,0.01,0.5606
HEARTS FOUR CLUBS TEN,0.6572,0.019,0.3238
CLUBS TEN DIAMONDS ACE,0.3742,0.0052,0.6206
HEARTS TWO SPADES FIVE,0.645,0.0148,0.3402
DIAMONDS QUEEN SPADES FIVE,0.4356,0.0106,0.5538
CLUBS FIVE CLUBS KING,0.4104,0.007,0.5826
CLUBS FIVE CLUBS QUEEN,0.416,0.0096,0.5744
CLUBS FIVE CLUBS ACE,0.3924,0.0052,0.6024
CLUBS TEN CLUBS FIVE,0.6332,0.016,0.3508
SPADES SIX CLUBS KING,0.4278,0.0086,0.5636
SPADES SIX CLUBS QUEEN,0.431,0.0118,0.5572
SPADES EIGHT HEARTS JACK,0.607,0.1682,0.2248
SPADES SIX CLUBS ACE,0.432,0.0038,0.5642
SPADES EIGHT HEARTS TEN,0.6304,0.0166,0.353
CLUBS TEN SPADES SIX,0.663,0.0148,0.3222
SPADES QUEEN CLUBS SEVEN,0.4242,0.0106,0.5652
SPADES KING CLUBS SEVEN,0.4286,0.007,0.5644
SPADES ACE CLUBS SEVEN,0.4214,0.003,0.5756
SPADES SIX HEARTS TEN,0.6212,0.0168,0.362
SPADES SIX HEARTS JACK,0.6142,0.1598,0.226
SPADES SIX HEARTS ACE,0.4238,0.004,0.5722
SPADES SIX HEARTS KING,0.4358,0.0066,0.5576
SPADES SIX HEARTS QUEEN,0.4236,0.0102,0.5662
CLUBS SEVEN SPADES JACK,0.6014,0.1688,0.2298
CLUBS SEVEN SPADES TEN,0.6342,0.0176,0.3482
CLUBS TEN HEARTS SIX,0.6506,0.0166,0.3328
HEARTS SIX CLUBS QUEEN,0.4332,0.013,0.5538
HEARTS SIX CLUBS KING,0.4234,0.0074,0.5692
HEARTS SIX CLUBS ACE,0.4222,0.0062,0.5716
DIAMONDS THREE HEARTS ACE,0.4294,0.0056,0.565
DIAMONDS THREE HEARTS QUEEN,0.4208,0.0096,0.5696
DIAMONDS THREE HEARTS KING,0.4358,0.0072,0.557
CLUBS FIVE HEARTS JACK,0.6092,0.1664,0.2244
SPADES TEN DIAMONDS ACE,0.365,0.0036,0.6314
HEARTS FOUR SPADES TEN,0.665,0.0156,0.3194
CLUBS FIVE HEARTS TEN,0.648,0.0188,0.3332
HEARTS FOUR SPADES JACK,0.6092,0.1652,0.2256
SPADES JACK DIAMONDS ACE,0.2534,0.0166,0.73
SPADES ACE HEARTS FOUR,0.4296,0.0038,0.5666
SPADES ACE DIAMONDS ACE,0.1736,0.003,0.8234
CLUBS FIVE HEARTS ACE,0.4286,0.004,0.5674
CLUBS FIVE HEARTS KING,0.432,0.0068,0.5612
HEARTS FOUR SPADES QUEEN,0.4364,0.0114,0.5522
SPADES QUEEN DIAMONDS ACE,0.3526,0.004,0.6434
CLUBS FIVE HEARTS QUEEN,0.43,0.0122,0.5578
SPADES KING DIAMONDS ACE,0.3478,0.0016,0.6506
HEARTS FOUR SPADES KING,0.4424,0.0086,0.549
CLUBS TEN SPADES FOUR,0.6538,0.0148,0.3314
DIAMONDS QUEEN DIAMONDS ACE,0.3284,0.005,0.6666
HEARTS TWO DIAMONDS ACE,0.4306,0.0054,0.564
HEARTS FOUR DIAMONDS QUEEN,0.4304,0.0106,0.559
HEARTS FOUR HEARTS TWO,0.6292,0.0152,0.3556
DIAMONDS THREE HEARTS TEN,0.642,0.0174,0.3406
SPADES FOUR CLUBS KING,0.4192,0.0072,0.5736
HEARTS FIVE DIAMONDS QUEEN,0.4334,0.01,0.5566
HEARTS FIVE HEARTS TWO,0.609,0.0164,0.3746
DIAMONDS THREE HEARTS JACK,0.6052,0.1662,0.2286
SPADES FOUR CLUBS QUEEN,0.4214,0.0074,0.5712
DIAMONDS QUEEN HEARTS TWO,0.4316,0.0096,0.5588
DIAMONDS KING DIAMONDS QUEEN,0.3266,0.0052,0.6682
DIAMONDS KING HEARTS TWO,0.4454,0.0098,0.5448
HEARTS THREE DIAMONDS QUEEN,0.4258,0.0114,0.5628
HEARTS THREE HEARTS TWO,0.6092,0.0172,0.3736
SPADES FOUR CLUBS ACE,0.4298,0.0056,0.5646
HEARTS TWO CLUBS ACE,0.429,0.0076,0.5634
DIAMONDS QUEEN CLUBS ACE,0.36,0.0044,0.6356
HEARTS TWO CLUBS QUEEN,0.4224,0.0104,0.5672
DIAMONDS QUEEN CLUBS QUEEN,0.1498,0.0098,0.8404
HEARTS TWO CLUBS KING,0.435,0.011,0.554
DIAMONDS QUEEN CLUBS KING,0.3506,0.007,0.6424
SPADES EIGHT SPADES FIVE,0.6118,0.0166,0.3716
CLUBS TEN HEARTS TWO,0.6644,0.0156,0.32
CLUBS TEN DIAMONDS QUEEN,0.3576,0.0094,0.633
SPADES NINE SPADES FIVE,0.6632,0.0586,0.2782
SPADES SIX SPADES FIVE,0.5804,0.0146,0.405
SPADES SEVEN SPADES FIVE,0.598,0.0146,0.3874
DIAMONDS FIVE CLUBS QUEEN,0.437,0.0096,0.5534
SPADES EIGHT CLUBS ACE,0.4114,0.0042,0.5844
DIAMONDS FIVE CLUBS KING,0.4338,0.0068,0.5594
SPADES EIGHT CLUBS KING,0.4276,0.006,0.5664
DIAMONDS FIVE CLUBS ACE,0.4114,0.0036,0.585
SPADES EIGHT CLUBS QUEEN,0.4082,0.009,0.5828
CLUBS TEN SPADES EIGHT,0.6302,0.0156,0.3542
CLUBS TEN DIAMONDS FIVE,0.657,0.0152,0.3278
DIAMONDS TEN HEARTS JACK,0.2246,0.1194,0.656
DIAMONDS TEN HEARTS TEN,0.2758,0.0234,0.7008
SPADES ACE CLUBS NINE,0.2834,0.0184,0.6982
