opposingHand,winningChance,drawChance,lostChance
CLUBS JACK DIAMONDS SIX
HEARTS FIVE SPADES TEN,0.6234,0.0158,0.3608
HEARTS FIVE SPADES JACK,0.383,0.3946,0.2224
CLUBS TEN SPADES FIVE,0.6172,0.0198,0.363
CLUBS TEN CLUBS EIGHT,0.5298,0.0176,0.4526
CLUBS EIGHT CLUBS KING,0.3424,0.008,0.6496
SPADES FIVE CLUBS ACE,0.3686,0.0032,0.6282
CLUBS EIGHT CLUBS QUEEN,0.3298,0.0104,0.6598
SPADES FIVE CLUBS KING,0.3822,0.0068,0.611
SPADES FIVE CLUBS QUEEN,0.3876,0.0098,0.6026
CLUBS EIGHT CLUBS ACE,0.3382,0.0048,0.657
DIAMONDS TWO DIAMONDS THREE,0.6024,0.0192,0.3784
DIAMONDS TWO DIAMONDS FIVE,0.5928,0.0212,0.386
HEARTS FIVE SPADES KING,0.3846,0.008,0.6074
DIAMONDS TWO DIAMONDS FOUR,0.6082,0.019,0.3728
HEARTS FIVE SPADES QUEEN,0.3836,0.009,0.6074
DIAMONDS TWO DIAMONDS SEVEN,0.5944,0.0198,0.3858
SPADES ACE HEARTS FIVE,0.3738,0.0032,0.623
DIAMONDS TWO DIAMONDS NINE,0.5848,0.0186,0.3966
DIAMONDS TWO DIAMONDS EIGHT,0.5946,0.0206,0.3848
DIAMONDS THREE DIAMONDS FOUR,0.584,0.0196,0.3964
CLUBS TWO SPADES FOUR,0.6396,0.0194,0.341
DIAMONDS THREE DIAMONDS FIVE,0.5948,0.0184,0.3868
SPADES FIVE CLUBS TWO,0.6338,0.0196,0.3466
CLUBS TWO SPADES TWO,0.4118,0.043,0.5452
CLUBS TWO SPADES THREE,0.6302,0.021,0.3488
DIAMONDS THREE DIAMONDS EIGHT,0.5928,0.0182,0.389
SPADES EIGHT CLUBS TWO,0.6194,0.019,0.3616
DIAMONDS THREE DIAMONDS NINE,0.5774,0.0176,0.405
SPADES NINE CLUBS TWO,0.6222,0.0194,0.3584
SPADES SIX CLUBS TWO,0.7066,0.0636,0.2298
DIAMONDS THREE DIAMONDS SEVEN,0.578,0.0198,0.4022
SPADES SEVEN CLUBS TWO,0.6338,0.0188,0.3474
CLUBS SIX CLUBS TWO,0.6688,0.0686,0.2626
CLUBS SEVEN CLUBS TWO,0.598,0.0202,0.3818
CLUBS FOUR CLUBS TWO,0.6056,0.0214,0.373
CLUBS FIVE CLUBS TWO,0.6146,0.018,0.3674
CLUBS TEN CLUBS QUEEN,0.3118,0.0108,0.6774
DIAMONDS FOUR DIAMONDS SEVEN,0.5706,0.0186,0.4108
CLUBS TEN CLUBS KING,0.3188,0.006,0.6752
CLUBS TEN CLUBS ACE,0.3338,0.004,0.6622
CLUBS EIGHT CLUBS TWO,0.5976,0.0152,0.3872
DIAMONDS FIVE DIAMONDS FOUR,0.581,0.021,0.398
CLUBS NINE CLUBS TWO,0.604,0.019,0.377
DIAMONDS NINE DIAMONDS FOUR,0.5848,0.0166,0.3986
DIAMONDS FOUR DIAMONDS EIGHT,0.5788,0.0174,0.4038
CLUBS THREE CLUBS TWO,0.6136,0.0204,0.366
DIAMONDS NINE DIAMONDS FIVE,0.5844,0.0192,0.3964
DIAMONDS FIVE DIAMONDS EIGHT,0.5572,0.0214,0.4214
CLUBS TEN DIAMONDS TWO,0.6202,0.0182,0.3616
DIAMONDS FIVE DIAMONDS SEVEN,0.5632,0.019,0.4178
DIAMONDS TWO CLUBS ACE,0.3774,0.0058,0.6168
DIAMONDS TWO CLUBS KING,0.3986,0.007,0.5944
DIAMONDS TWO CLUBS QUEEN,0.4002,0.0116,0.5882
HEARTS ACE SPADES THREE,0.3886,0.0042,0.6072
SPADES THREE HEARTS KING,0.3926,0.0072,0.6002
HEARTS QUEEN SPADES THREE,0.3998,0.0108,0.5894
SPADES THREE HEARTS JACK,0.3956,0.3794,0.225
SPADES THREE HEARTS TEN,0.6112,0.0152,0.3736
DIAMONDS EIGHT DIAMONDS SEVEN,0.5256,0.0176,0.4568
DIAMONDS NINE DIAMONDS SEVEN,0.5388,0.0192,0.442
DIAMONDS NINE DIAMONDS EIGHT,0.5146,0.0182,0.4672
DIAMONDS KING HEARTS TEN,0.3352,0.0042,0.6606
HEARTS THREE HEARTS TEN,0.595,0.0166,0.3884
SPADES JACK CLUBS SIX,0.016,0.9726,0.0114
DIAMONDS KING HEARTS JACK,0.2346,0.0318,0.7336
HEARTS THREE HEARTS JACK,0.3754,0.3464,0.2782
SPADES TEN CLUBS SIX,0.688,0.0656,0.2464
SPADES JACK SPADES FIVE,0.3472,0.3804,0.2724
SPADES TEN SPADES FIVE,0.5862,0.0162,0.3976
DIAMONDS KING HEARTS ACE,0.3208,0.0042,0.675
HEARTS THREE HEARTS ACE,0.3526,0.0032,0.6442
SPADES ACE CLUBS SIX,0.2354,0.0226,0.742
DIAMONDS KING HEARTS QUEEN,0.3086,0.0058,0.6856
HEARTS THREE HEARTS QUEEN,0.3762,0.0108,0.613
SPADES KING CLUBS SIX,0.2352,0.036,0.7288
DIAMONDS KING HEARTS KING,0.1354,0.0068,0.8578
HEARTS THREE HEARTS KING,0.3682,0.008,0.6238
SPADES QUEEN CLUBS SIX,0.2432,0.049,0.7078
SPADES NINE HEARTS TEN,0.53,0.0126,0.4574
SPADES NINE HEARTS JACK,0.2342,0.1694,0.5964
SPADES QUEEN SPADES FIVE,0.372,0.01,0.618
SPADES KING SPADES FIVE,0.3618,0.007,0.6312
SPADES ACE SPADES FIVE,0.372,0.0036,0.6244
SPADES NINE HEARTS QUEEN,0.3408,0.0096,0.6496
SPADES NINE HEARTS KING,0.3518,0.0044,0.6438
SPADES NINE HEARTS ACE,0.3654,0.0026,0.632
CLUBS TEN SPADES JACK,0.2186,0.131,0.6504
CLUBS TEN SPADES TEN,0.2746,0.0238,0.7016
SPADES ACE CLUBS TEN,0.3558,0.0052,0.639
SPADES KING CLUBS TEN,0.332,0.0048,0.6632
CLUBS TEN SPADES QUEEN,0.3338,0.008,0.6582
SPADES FIVE HEARTS QUEEN,0.3852,0.011,0.6038
SPADES FIVE HEARTS KING,0.3944,0.0066,0.599
HEARTS ACE SPADES FIVE,0.3844,0.0038,0.6118
CLUBS EIGHT SPADES TEN,0.5516,0.0194,0.429
SPADES JACK HEARTS THREE,0.3892,0.3776,0.2332
SPADES JACK DIAMONDS KING,0.2194,0.0306,0.75
SPADES TEN DIAMONDS KING,0.3306,0.0054,0.664
SPADES TEN HEARTS THREE,0.62,0.0188,0.3612
SPADES JACK CLUBS EIGHT,0.234,0.2244,0.5416
CLUBS SIX HEARTS ACE,0.2392,0.0294,0.7314
SPADES ACE CLUBS EIGHT,0.3428,0.0028,0.6544
HEARTS FIVE CLUBS TEN,0.6298,0.0172,0.353
CLUBS SIX HEARTS QUEEN,0.226,0.048,0.726
SPADES QUEEN CLUBS EIGHT,0.3504,0.0102,0.6394
CLUBS TEN SPADES THREE,0.6158,0.015,0.3692
CLUBS SIX HEARTS KING,0.2352,0.0402,0.7246
SPADES KING CLUBS EIGHT,0.3644,0.0076,0.628
DIAMONDS TWO HEARTS JACK,0.397,0.3786,0.2244
SPADES THREE CLUBS QUEEN,0.3998,0.0106,0.5896
DIAMONDS TWO HEARTS TEN,0.6292,0.017,0.3538
SPADES THREE CLUBS KING,0.39,0.008,0.602
HEARTS FIVE CLUBS ACE,0.3592,0.0054,0.6354
SPADES FIVE HEARTS TEN,0.6294,0.0168,0.3538
SPADES THREE CLUBS ACE,0.3954,0.0046,0.6
HEARTS FIVE CLUBS KING,0.3868,0.0074,0.6058
SPADES FIVE HEARTS JACK,0.3884,0.3862,0.2254
HEARTS FIVE CLUBS QUEEN,0.3804,0.0104,0.6092
HEARTS THREE CLUBS KING,0.3976,0.0072,0.5952
DIAMONDS KING CLUBS KING,0.1236,0.0072,0.8692
HEARTS THREE CLUBS QUEEN,0.3966,0.0138,0.5896
DIAMONDS KING CLUBS QUEEN,0.3012,0.0088,0.69
HEARTS FIVE HEARTS JACK,0.3552,0.3702,0.2746
HEARTS FIVE HEARTS TEN,0.5854,0.0198,0.3948
HEARTS THREE CLUBS ACE,0.3876,0.0042,0.6082
DIAMONDS KING CLUBS ACE,0.3044,0.005,0.6906
SPADES ACE CLUBS QUEEN,0.3158,0.0038,0.6804
SPADES KING CLUBS QUEEN,0.3036,0.006,0.6904
SPADES QUEEN CLUBS QUEEN,0.137,0.0104,0.8526
CLUBS TEN HEARTS THREE,0.616,0.0202,0.3638
CLUBS TEN DIAMONDS KING,0.3346,0.0074,0.658
SPADES JACK CLUBS QUEEN,0.2192,0.0436,0.7372
CLUBS SIX CLUBS QUEEN,0.2276,0.0448,0.7276
SPADES TEN CLUBS QUEEN,0.3268,0.0068,0.6664
CLUBS SIX CLUBS KING,0.2318,0.0376,0.7306
CLUBS SIX CLUBS ACE,0.241,0.026,0.733
HEARTS FIVE HEARTS KING,0.3712,0.0064,0.6224
HEARTS FIVE HEARTS QUEEN,0.372,0.012,0.616
CLUBS TEN CLUBS SIX,0.6648,0.0594,0.2758
HEARTS FIVE HEARTS ACE,0.3488,0.0056,0.6456
SPADES SEVEN HEARTS JACK,0.2228,0.2838,0.4934
SPADES SEVEN HEARTS TEN,0.5782,0.0164,0.4054
DIAMONDS TWO CLUBS TWO,0.4274,0.0454,0.5272
DIAMONDS TWO CLUBS THREE,0.64,0.022,0.338
DIAMONDS TWO HEARTS SIX,0.7102,0.0592,0.2306
DIAMONDS TWO HEARTS QUEEN,0.402,0.0104,0.5876
HEARTS SEVEN DIAMONDS TWO,0.6318,0.0186,0.3496
DIAMONDS TWO HEARTS KING,0.406,0.0098,0.5842
DIAMONDS TWO HEARTS EIGHT,0.637,0.0198,0.3432
DIAMONDS TWO HEARTS ACE,0.3834,0.003,0.6136
DIAMONDS TWO HEARTS NINE,0.6286,0.018,0.3534
DIAMONDS TWO DIAMONDS QUEEN,0.3724,0.0128,0.6148
DIAMONDS TWO HEARTS TWO,0.4034,0.0488,0.5478
DIAMONDS TWO DIAMONDS KING,0.3804,0.0064,0.6132
DIAMONDS TWO HEARTS THREE,0.6302,0.0226,0.3472
DIAMONDS TWO DIAMONDS ACE,0.3716,0.0044,0.624
HEARTS FOUR DIAMONDS TWO,0.6556,0.0166,0.3278
HEARTS FIVE DIAMONDS TWO,0.6494,0.0184,0.3322
SPADES SEVEN HEARTS ACE,0.3454,0.0042,0.6504
DIAMONDS TWO DIAMONDS TEN,0.6014,0.0154,0.3832
SPADES SEVEN HEARTS KING,0.361,0.0066,0.6324
DIAMONDS TWO DIAMONDS JACK,0.3658,0.37,0.2642
SPADES SEVEN HEARTS QUEEN,0.347,0.0088,0.6442
DIAMONDS TWO SPADES NINE,0.633,0.0158,0.3512
DIAMONDS TWO SPADES EIGHT,0.626,0.0204,0.3536
DIAMONDS TWO SPADES SEVEN,0.6368,0.0156,0.3476
DIAMONDS TWO SPADES SIX,0.7066,0.0628,0.2306
DIAMONDS TWO SPADES FIVE,0.6388,0.0172,0.344
DIAMONDS TWO SPADES FOUR,0.6398,0.0208,0.3394
DIAMONDS TWO SPADES THREE,0.6286,0.0226,0.3488
DIAMONDS TWO SPADES TWO,0.4114,0.0454,0.5432
CLUBS NINE DIAMONDS TWO,0.6304,0.018,0.3516
DIAMONDS TWO CLUBS EIGHT,0.6238,0.0196,0.3566
CLUBS SEVEN DIAMONDS TWO,0.6384,0.0168,0.3448
DIAMONDS TWO CLUBS SIX,0.716,0.0652,0.2188
DIAMONDS TWO CLUBS FIVE,0.633,0.0216,0.3454
DIAMONDS TWO CLUBS FOUR,0.651,0.0176,0.3314
CLUBS FOUR SPADES FIVE,0.6078,0.0214,0.3708
CLUBS FOUR SPADES FOUR,0.4242,0.0374,0.5384
CLUBS FOUR SPADES THREE,0.6248,0.0182,0.357
CLUBS FOUR SPADES TWO,0.6486,0.0186,0.3328
SPADES NINE CLUBS FOUR,0.6138,0.0184,0.3678
SPADES EIGHT CLUBS FOUR,0.6322,0.0202,0.3476
SPADES SEVEN CLUBS FOUR,0.6056,0.0184,0.376
CLUBS FOUR SPADES SIX,0.6776,0.0636,0.2588
SPADES QUEEN SPADES TWO,0.384,0.0116,0.6044
SPADES KING SPADES TWO,0.3796,0.0068,0.6136
SPADES ACE SPADES TWO,0.3796,0.005,0.6154
CLUBS TEN DIAMONDS JACK,0.2174,0.1224,0.6602
DIAMONDS JACK CLUBS KING,0.2218,0.0346,0.7436
DIAMONDS JACK CLUBS QUEEN,0.2194,0.0446,0.736
DIAMONDS THREE DIAMONDS JACK,0.3878,0.3616,0.2506
DIAMONDS THREE DIAMONDS TEN,0.5888,0.0178,0.3934
DIAMONDS JACK CLUBS ACE,0.2032,0.0234,0.7734
DIAMONDS THREE DIAMONDS KING,0.3918,0.0076,0.6006
DIAMONDS THREE HEARTS THREE,0.4094,0.0464,0.5442
DIAMONDS THREE DIAMONDS QUEEN,0.3786,0.011,0.6104
DIAMONDS THREE HEARTS TWO,0.6394,0.0198,0.3408
HEARTS FIVE DIAMONDS THREE,0.6182,0.0216,0.3602
DIAMONDS THREE DIAMONDS ACE,0.3668,0.0054,0.6278
HEARTS FOUR DIAMONDS THREE,0.6236,0.0218,0.3546
HEARTS SEVEN DIAMONDS THREE,0.632,0.015,0.353
SPADES TEN SPADES NINE,0.5064,0.0164,0.4772
HEARTS SIX DIAMONDS THREE,0.68,0.0638,0.2562
SPADES JACK SPADES NINE,0.221,0.1574,0.6216
DIAMONDS THREE HEARTS NINE,0.6338,0.0176,0.3486
HEARTS JACK DIAMONDS FOUR,0.385,0.3882,0.2268
HEARTS ACE HEARTS KING,0.2978,0.0026,0.6996
SPADES TEN SPADES TWO,0.5746,0.0182,0.4072
DIAMONDS THREE HEARTS EIGHT,0.6242,0.0208,0.355
HEARTS TEN DIAMONDS FOUR,0.6236,0.0192,0.3572
SPADES JACK SPADES TWO,0.3656,0.356,0.2784
HEARTS QUEEN DIAMONDS FOUR,0.398,0.0118,0.5902
HEARTS KING DIAMONDS FOUR,0.3992,0.0088,0.592
SPADES ACE SPADES NINE,0.3374,0.0036,0.659
HEARTS ACE DIAMONDS FOUR,0.3764,0.0042,0.6194
SPADES KING SPADES NINE,0.3234,0.0058,0.6708
SPADES QUEEN SPADES NINE,0.329,0.0106,0.6604
DIAMONDS THREE SPADES NINE,0.6282,0.0222,0.3496
DIAMONDS THREE SPADES EIGHT,0.6264,0.0176,0.356
DIAMONDS THREE SPADES SEVEN,0.6094,0.0212,0.3694
DIAMONDS THREE SPADES SIX,0.684,0.0616,0.2544
DIAMONDS THREE CLUBS SIX,0.6822,0.0636,0.2542
CLUBS FIVE CLUBS SIX,0.6268,0.0624,0.3108
CLUBS ACE DIAMONDS FOUR,0.3852,0.0036,0.6112
CLUBS SEVEN DIAMONDS THREE,0.6312,0.0192,0.3496
CLUBS SEVEN CLUBS FIVE,0.5704,0.0216,0.408
DIAMONDS THREE CLUBS FOUR,0.6268,0.0188,0.3544
DIAMONDS FOUR CLUBS QUEEN,0.3922,0.013,0.5948
DIAMONDS THREE CLUBS FIVE,0.6194,0.021,0.3596
DIAMONDS FOUR CLUBS KING,0.39,0.0088,0.6012
DIAMONDS THREE CLUBS TWO,0.6302,0.0218,0.348
CLUBS TEN DIAMONDS FOUR,0.6246,0.02,0.3554
DIAMONDS THREE CLUBS THREE,0.425,0.0412,0.5338
DIAMONDS THREE SPADES FOUR,0.6248,0.0208,0.3544
DIAMONDS THREE SPADES FIVE,0.62,0.02,0.36
DIAMONDS THREE SPADES TWO,0.627,0.0178,0.3552
DIAMONDS THREE SPADES THREE,0.4092,0.0454,0.5454
CLUBS EIGHT DIAMONDS THREE,0.6434,0.0182,0.3384
CLUBS NINE DIAMONDS THREE,0.6252,0.0194,0.3554
SPADES SEVEN CLUBS ACE,0.3458,0.0038,0.6504
SPADES SEVEN CLUBS QUEEN,0.3608,0.011,0.6282
SPADES SEVEN CLUBS KING,0.3408,0.008,0.6512
CLUBS FIVE SPADES SEVEN,0.5928,0.0226,0.3846
CLUBS TEN SPADES SEVEN,0.5802,0.0152,0.4046
CLUBS FIVE SPADES SIX,0.6586,0.0636,0.2778
CLUBS FIVE SPADES NINE,0.6144,0.0154,0.3702
CLUBS FIVE SPADES EIGHT,0.609,0.0164,0.3746
CLUBS FIVE SPADES THREE,0.6208,0.018,0.3612
CLUBS FIVE SPADES TWO,0.6376,0.0194,0.343
CLUBS FIVE SPADES FIVE,0.4074,0.0414,0.5512
CLUBS FIVE SPADES FOUR,0.6062,0.019,0.3748
CLUBS NINE CLUBS FIVE,0.5934,0.0186,0.388
CLUBS EIGHT CLUBS FIVE,0.5794,0.017,0.4036
CLUBS ACE CLUBS QUEEN,0.3038,0.0048,0.6914
CLUBS KING CLUBS QUEEN,0.29,0.0056,0.7044
DIAMONDS TEN DIAMONDS FOUR,0.5804,0.0196,0.4
CLUBS TEN DIAMONDS NINE,0.5412,0.018,0.4408
DIAMONDS JACK DIAMONDS FOUR,0.3708,0.3624,0.2668
CLUBS TEN SPADES NINE,0.554,0.015,0.431
DIAMONDS ACE DIAMONDS FOUR,0.3728,0.0058,0.6214
HEARTS FOUR DIAMONDS FOUR,0.4042,0.0444,0.5514
DIAMONDS JACK HEARTS TEN,0.2144,0.1208,0.6648
SPADES NINE CLUBS KING,0.3452,0.0062,0.6486
DIAMONDS TWO SPADES TEN,0.6278,0.017,0.3552
DIAMONDS NINE CLUBS ACE,0.348,0.0028,0.6492
HEARTS FIVE DIAMONDS FOUR,0.6022,0.0256,0.3722
DIAMONDS JACK HEARTS JACK,0.0842,0.0388,0.877
SPADES NINE CLUBS QUEEN,0.3208,0.01,0.6692
DIAMONDS TWO SPADES JACK,0.381,0.4024,0.2166
DIAMONDS QUEEN DIAMONDS FOUR,0.3634,0.014,0.6226
HEARTS TWO DIAMONDS FOUR,0.6274,0.0188,0.3538
DIAMONDS NINE CLUBS QUEEN,0.3264,0.0102,0.6634
DIAMONDS KING DIAMONDS FOUR,0.374,0.007,0.619
HEARTS THREE DIAMONDS FOUR,0.6202,0.02,0.3598
SPADES NINE CLUBS ACE,0.3462,0.0046,0.6492
DIAMONDS NINE CLUBS KING,0.3472,0.0066,0.6462
HEARTS ACE DIAMONDS JACK,0.2208,0.021,0.7582
SPADES ACE DIAMONDS TWO,0.4024,0.0046,0.593
HEARTS QUEEN DIAMONDS JACK,0.2182,0.0408,0.741
SPADES QUEEN DIAMONDS TWO,0.41,0.0132,0.5768
HEARTS KING DIAMONDS JACK,0.2286,0.0274,0.744
SPADES KING DIAMONDS TWO,0.3886,0.008,0.6034
SPADES JACK SPADES SEVEN,0.2204,0.275,0.5046
SPADES TEN SPADES SEVEN,0.5264,0.0172,0.4564
CLUBS SEVEN CLUBS THREE,0.5828,0.0174,0.3998
CLUBS SIX CLUBS THREE,0.6486,0.0654,0.286
CLUBS FIVE CLUBS THREE,0.592,0.018,0.39
CLUBS THREE CLUBS FOUR,0.589,0.0178,0.3932
CLUBS NINE CLUBS THREE,0.596,0.0172,0.3868
CLUBS EIGHT CLUBS THREE,0.595,0.0188,0.3862
CLUBS THREE SPADES FIVE,0.6116,0.0166,0.3718
CLUBS THREE SPADES FOUR,0.6104,0.0216,0.368
CLUBS THREE SPADES THREE,0.4234,0.0384,0.5382
CLUBS THREE SPADES TWO,0.6402,0.019,0.3408
CLUBS THREE SPADES SIX,0.6872,0.0696,0.2432
CLUBS THREE SPADES SEVEN,0.614,0.0188,0.3672
SPADES EIGHT CLUBS THREE,0.6286,0.0136,0.3578
SPADES NINE CLUBS THREE,0.6212,0.0166,0.3622
SPADES TWO DIAMONDS FOUR,0.6426,0.0202,0.3372
SPADES THREE DIAMONDS FOUR,0.6202,0.0198,0.36
SPADES FOUR DIAMONDS FOUR,0.405,0.0454,0.5496
SPADES FIVE DIAMONDS FOUR,0.5996,0.02,0.3804
SPADES SIX DIAMONDS FOUR,0.6764,0.0582,0.2654
SPADES SEVEN DIAMONDS FOUR,0.6154,0.0154,0.3692
SPADES EIGHT DIAMONDS FOUR,0.6244,0.0136,0.362
SPADES NINE DIAMONDS FOUR,0.6344,0.0194,0.3462
CLUBS FIVE DIAMONDS FOUR,0.6004,0.019,0.3806
CLUBS FOUR DIAMONDS FOUR,0.4156,0.0466,0.5378
CLUBS SEVEN DIAMONDS FOUR,0.6148,0.017,0.3682
CLUBS SIX DIAMONDS FOUR,0.6752,0.0694,0.2554
CLUBS NINE DIAMONDS FOUR,0.6276,0.022,0.3504
CLUBS EIGHT DIAMONDS FOUR,0.6134,0.02,0.3666
HEARTS SEVEN DIAMONDS FOUR,0.6228,0.0152,0.362
HEARTS SIX DIAMONDS FOUR,0.6646,0.0616,0.2738
DIAMONDS FOUR HEARTS NINE,0.63,0.017,0.353
DIAMONDS FOUR HEARTS EIGHT,0.6182,0.0184,0.3634
CLUBS THREE DIAMONDS FOUR,0.619,0.0204,0.3606
CLUBS TWO DIAMONDS FOUR,0.6312,0.0196,0.3492
DIAMONDS TEN DIAMONDS FIVE,0.5982,0.0182,0.3836
DIAMONDS JACK DIAMONDS FIVE,0.366,0.3736,0.2604
DIAMONDS NINE HEARTS QUEEN,0.337,0.011,0.652
DIAMONDS NINE HEARTS KING,0.3596,0.006,0.6344
HEARTS ACE DIAMONDS NINE,0.3474,0.0046,0.648
DIAMONDS NINE HEARTS TEN,0.5568,0.0146,0.4286
DIAMONDS NINE HEARTS JACK,0.2172,0.161,0.6218
SPADES KING DIAMONDS FOUR,0.3892,0.0076,0.6032
SPADES ACE SPADES SEVEN,0.328,0.0024,0.6696
SPADES QUEEN DIAMONDS FOUR,0.386,0.0136,0.6004
SPADES QUEEN SPADES SEVEN,0.3248,0.0106,0.6646
SPADES KING SPADES SEVEN,0.331,0.0058,0.6632
SPADES ACE DIAMONDS FOUR,0.4002,0.0042,0.5956
CLUBS NINE CLUBS FOUR,0.6074,0.0152,0.3774
CLUBS EIGHT CLUBS FOUR,0.5966,0.021,0.3824
SPADES JACK DIAMONDS FOUR,0.3984,0.3904,0.2112
SPADES TEN DIAMONDS FOUR,0.6362,0.0178,0.346
CLUBS FIVE CLUBS FOUR,0.5656,0.0214,0.413
CLUBS SEVEN CLUBS FOUR,0.5834,0.0176,0.399
CLUBS SIX CLUBS FOUR,0.6368,0.0636,0.2996
CLUBS SEVEN SPADES EIGHT,0.5528,0.0186,0.4286
CLUBS SEVEN SPADES NINE,0.5664,0.0172,0.4164
CLUBS SEVEN SPADES SIX,0.6586,0.0544,0.287
CLUBS SEVEN SPADES SEVEN,0.3084,0.0382,0.6534
CLUBS SEVEN SPADES FIVE,0.6018,0.02,0.3782
CLUBS SEVEN SPADES FOUR,0.6094,0.0216,0.369
CLUBS SEVEN SPADES THREE,0.6228,0.0208,0.3564
CLUBS SEVEN SPADES TWO,0.6272,0.0202,0.3526
CLUBS NINE CLUBS SEVEN,0.5392,0.0174,0.4434
CLUBS SEVEN CLUBS EIGHT,0.53,0.0218,0.4482
HEARTS SIX DIAMONDS FIVE,0.662,0.061,0.277
HEARTS SEVEN DIAMONDS FIVE,0.598,0.0162,0.3858
DIAMONDS FIVE HEARTS EIGHT,0.5968,0.0172,0.386
DIAMONDS FIVE HEARTS NINE,0.612,0.0198,0.3682
DIAMONDS QUEEN DIAMONDS FIVE,0.3658,0.0144,0.6198
HEARTS TWO DIAMONDS FIVE,0.633,0.0178,0.3492
HEARTS KING HEARTS EIGHT,0.3396,0.0052,0.6552
DIAMONDS KING DIAMONDS FIVE,0.3808,0.0084,0.6108
HEARTS THREE DIAMONDS FIVE,0.6256,0.0196,0.3548
HEARTS QUEEN HEARTS EIGHT,0.3366,0.0114,0.652
DIAMONDS ACE DIAMONDS FIVE,0.3618,0.0056,0.6326
HEARTS FOUR DIAMONDS FIVE,0.6064,0.0216,0.372
HEARTS FIVE DIAMONDS FIVE,0.4042,0.0458,0.55
HEARTS ACE HEARTS EIGHT,0.3436,0.0038,0.6526
CLUBS FOUR DIAMONDS FIVE,0.6074,0.0208,0.3718
CLUBS FIVE DIAMONDS FIVE,0.4362,0.0406,0.5232
CLUBS SIX DIAMONDS FIVE,0.6716,0.0582,0.2702
CLUBS SEVEN DIAMONDS FIVE,0.5908,0.0192,0.39
CLUBS TWO DIAMONDS FIVE,0.6548,0.0208,0.3244
CLUBS THREE DIAMONDS FIVE,0.622,0.0178,0.3602
SPADES THREE DIAMONDS FIVE,0.6264,0.0186,0.355
SPADES TWO DIAMONDS FIVE,0.6388,0.0214,0.3398
SPADES JACK DIAMONDS EIGHT,0.216,0.2218,0.5622
SPADES FIVE DIAMONDS FIVE,0.4058,0.0466,0.5476
CLUBS TEN HEARTS JACK,0.2244,0.1136,0.662
SPADES TEN DIAMONDS EIGHT,0.5602,0.0164,0.4234
SPADES FOUR DIAMONDS FIVE,0.597,0.021,0.382
HEARTS JACK CLUBS QUEEN,0.2248,0.0422,0.733
CLUBS NINE DIAMONDS FIVE,0.626,0.0172,0.3568
HEARTS JACK CLUBS KING,0.2356,0.0328,0.7316
CLUBS EIGHT DIAMONDS FIVE,0.6208,0.0182,0.361
CLUBS ACE HEARTS JACK,0.23,0.017,0.753
SPADES SEVEN DIAMONDS FIVE,0.5952,0.0178,0.387
SPADES KING DIAMONDS EIGHT,0.3572,0.0072,0.6356
SPADES QUEEN DIAMONDS EIGHT,0.3496,0.01,0.6404
SPADES SIX DIAMONDS FIVE,0.647,0.0604,0.2926
SPADES NINE DIAMONDS FIVE,0.5994,0.0186,0.382
SPADES EIGHT DIAMONDS FIVE,0.6096,0.0132,0.3772
SPADES ACE DIAMONDS EIGHT,0.3474,0.0034,0.6492
HEARTS ACE DIAMONDS SEVEN,0.3502,0.0034,0.6464
HEARTS QUEEN DIAMONDS SEVEN,0.3566,0.0098,0.6336
HEARTS KING DIAMONDS SEVEN,0.362,0.004,0.634
SPADES TWO HEARTS JACK,0.402,0.3726,0.2254
SPADES TWO HEARTS TEN,0.6128,0.0182,0.369
HEARTS TEN DIAMONDS SEVEN,0.5754,0.0172,0.4074
HEARTS JACK DIAMONDS SEVEN,0.2134,0.308,0.4786
CLUBS TEN DIAMONDS EIGHT,0.5632,0.0154,0.4214
HEARTS ACE HEARTS JACK,0.216,0.0212,0.7628
CLUBS ACE DIAMONDS EIGHT,0.3496,0.0058,0.6446
HEARTS QUEEN HEARTS JACK,0.2188,0.0428,0.7384
CLUBS KING DIAMONDS EIGHT,0.3552,0.0088,0.636
HEARTS KING HEARTS JACK,0.218,0.0358,0.7462
DIAMONDS EIGHT CLUBS QUEEN,0.3382,0.0124,0.6494
SPADES TEN HEARTS KING,0.335,0.006,0.659
HEARTS ACE SPADES TWO,0.4066,0.0044,0.589
SPADES JACK HEARTS KING,0.2282,0.0302,0.7416
HEARTS QUEEN SPADES TWO,0.4,0.0108,0.5892
SPADES ACE SPADES KING,0.295,0.0044,0.7006
HEARTS KING SPADES TWO,0.3942,0.0084,0.5974
HEARTS TEN HEARTS EIGHT,0.5178,0.017,0.4652
HEARTS JACK HEARTS EIGHT,0.2152,0.2066,0.5782
SPADES KING HEARTS KING,0.1428,0.0058,0.8514
SPADES QUEEN HEARTS KING,0.323,0.007,0.67
CLUBS ACE CLUBS KING,0.3128,0.0054,0.6818
SPADES ACE HEARTS KING,0.3194,0.0034,0.6772
SPADES ACE HEARTS JACK,0.2322,0.019,0.7488
SPADES QUEEN HEARTS JACK,0.2356,0.039,0.7254
SPADES KING HEARTS JACK,0.2278,0.0302,0.742
SPADES TEN DIAMONDS TEN,0.2704,0.0194,0.7102
SPADES JACK DIAMONDS TEN,0.2152,0.1204,0.6644
SPADES ACE DIAMONDS TEN,0.3416,0.0046,0.6538
SPADES JACK HEARTS JACK,0.0924,0.037,0.8706
SPADES TEN HEARTS JACK,0.2246,0.1196,0.6558
SPADES QUEEN DIAMONDS TEN,0.3234,0.0092,0.6674
SPADES KING DIAMONDS TEN,0.326,0.0048,0.6692
SPADES NINE DIAMONDS SEVEN,0.5614,0.0212,0.4174
SPADES EIGHT DIAMONDS SEVEN,0.5482,0.0172,0.4346
SPADES SEVEN DIAMONDS SEVEN,0.2962,0.04,0.6638
SPADES SIX DIAMONDS SEVEN,0.6498,0.0546,0.2956
DIAMONDS KING DIAMONDS SEVEN,0.325,0.0078,0.6672
HEARTS THREE DIAMONDS SEVEN,0.6116,0.0218,0.3666
HEARTS KING DIAMONDS FIVE,0.3932,0.0088,0.598
DIAMONDS QUEEN DIAMONDS SEVEN,0.335,0.0096,0.6554
HEARTS TWO DIAMONDS SEVEN,0.6302,0.0174,0.3524
HEARTS QUEEN DIAMONDS FIVE,0.4,0.011,0.589
HEARTS FIVE DIAMONDS SEVEN,0.5866,0.0156,0.3978
DIAMONDS ACE DIAMONDS SEVEN,0.3398,0.0042,0.656
HEARTS FOUR DIAMONDS SEVEN,0.6096,0.0192,0.3712
HEARTS ACE DIAMONDS FIVE,0.4006,0.0028,0.5966
HEARTS SEVEN DIAMONDS SEVEN,0.303,0.0378,0.6592
HEARTS SIX DIAMONDS SEVEN,0.6396,0.0526,0.3078
HEARTS NINE DIAMONDS SEVEN,0.5498,0.0176,0.4326
HEARTS EIGHT DIAMONDS SEVEN,0.542,0.0158,0.4422
DIAMONDS JACK DIAMONDS SEVEN,0.2112,0.2698,0.519
DIAMONDS FIVE HEARTS JACK,0.3876,0.3988,0.2136
DIAMONDS TEN DIAMONDS SEVEN,0.5372,0.022,0.4408
HEARTS TEN DIAMONDS FIVE,0.6194,0.0162,0.3644
SPADES KING CLUBS TWO,0.3932,0.0064,0.6004
HEARTS KING CLUBS KING,0.1354,0.0064,0.8582
CLUBS EIGHT DIAMONDS SEVEN,0.5488,0.0176,0.4336
SPADES QUEEN CLUBS TWO,0.3972,0.0102,0.5926
HEARTS KING CLUBS QUEEN,0.3004,0.0058,0.6938
CLUBS NINE DIAMONDS SEVEN,0.559,0.0182,0.4228
SPADES ACE CLUBS TWO,0.3952,0.0052,0.5996
CLUBS TEN SPADES TWO,0.613,0.018,0.369
HEARTS KING CLUBS ACE,0.3166,0.0044,0.679
CLUBS SEVEN CLUBS SIX,0.6298,0.0548,0.3154
SPADES TWO CLUBS KING,0.3954,0.008,0.5966
SPADES TWO DIAMONDS SEVEN,0.6324,0.0202,0.3474
CLUBS EIGHT CLUBS SIX,0.6302,0.061,0.3088
SPADES THREE DIAMONDS SEVEN,0.6064,0.0214,0.3722
SPADES TWO CLUBS QUEEN,0.3878,0.0126,0.5996
CLUBS NINE CLUBS SIX,0.6438,0.0602,0.296
SPADES FOUR DIAMONDS SEVEN,0.6016,0.0176,0.3808
SPADES FIVE DIAMONDS SEVEN,0.5936,0.0168,0.3896
SPADES TWO CLUBS ACE,0.3876,0.0064,0.606
CLUBS TEN HEARTS KING,0.3464,0.0068,0.6468
CLUBS SIX SPADES TWO,0.7006,0.0668,0.2326
CLUBS SIX SPADES THREE,0.6932,0.0668,0.24
CLUBS TWO DIAMONDS SEVEN,0.6284,0.0192,0.3524
CLUBS SIX SPADES FOUR,0.6662,0.0634,0.2704
CLUBS THREE DIAMONDS SEVEN,0.6162,0.0182,0.3656
CLUBS SIX SPADES FIVE,0.6522,0.0618,0.286
CLUBS FOUR DIAMONDS SEVEN,0.6032,0.02,0.3768
CLUBS SIX SPADES SIX,0.2758,0.0426,0.6816
CLUBS FIVE DIAMONDS SEVEN,0.584,0.018,0.398
CLUBS SIX SPADES SEVEN,0.654,0.0554,0.2906
CLUBS SIX DIAMONDS SEVEN,0.654,0.0584,0.2876
CLUBS SIX SPADES EIGHT,0.6628,0.0558,0.2814
SPADES JACK CLUBS TWO,0.3904,0.3926,0.217
CLUBS SEVEN DIAMONDS SEVEN,0.3052,0.0406,0.6542
SPADES NINE CLUBS SIX,0.6756,0.0604,0.264
SPADES TEN CLUBS TWO,0.6234,0.015,0.3616
CLUBS TWO CLUBS QUEEN,0.38,0.0098,0.6102
CLUBS TWO CLUBS KING,0.383,0.0078,0.6092
CLUBS THREE DIAMONDS EIGHT,0.6338,0.0184,0.3478
CLUBS TWO CLUBS ACE,0.3658,0.006,0.6282
CLUBS TWO DIAMONDS EIGHT,0.6156,0.0176,0.3668
HEARTS SEVEN DIAMONDS EIGHT,0.5514,0.0174,0.4312
HEARTS SIX DIAMONDS EIGHT,0.663,0.0538,0.2832
DIAMONDS EIGHT HEARTS NINE,0.5304,0.016,0.4536
CLUBS TEN CLUBS TWO,0.6028,0.0164,0.3808
HEARTS EIGHT DIAMONDS EIGHT,0.281,0.0356,0.6834
CLUBS NINE DIAMONDS EIGHT,0.5504,0.017,0.4326
CLUBS EIGHT DIAMONDS EIGHT,0.2866,0.0336,0.6798
CLUBS FIVE DIAMONDS EIGHT,0.5982,0.02,0.3818
SPADES ACE SPADES THREE,0.3768,0.0038,0.6194
CLUBS FOUR DIAMONDS EIGHT,0.622,0.017,0.361
CLUBS SEVEN DIAMONDS EIGHT,0.547,0.02,0.433
SPADES QUEEN SPADES THREE,0.364,0.0096,0.6264
CLUBS SIX DIAMONDS EIGHT,0.6696,0.0554,0.275
SPADES KING SPADES THREE,0.3718,0.0058,0.6224
DIAMONDS QUEEN DIAMONDS EIGHT,0.3196,0.0122,0.6682
HEARTS TWO DIAMONDS EIGHT,0.6138,0.0196,0.3666
DIAMONDS KING DIAMONDS EIGHT,0.345,0.0086,0.6464
HEARTS THREE DIAMONDS EIGHT,0.6182,0.0174,0.3644
DIAMONDS ACE DIAMONDS EIGHT,0.344,0.0046,0.6514
HEARTS FOUR DIAMONDS EIGHT,0.6022,0.0202,0.3776
HEARTS FIVE DIAMONDS EIGHT,0.5992,0.0192,0.3816
DIAMONDS TEN DIAMONDS EIGHT,0.5244,0.0196,0.456
DIAMONDS JACK DIAMONDS EIGHT,0.205,0.2256,0.5694
SPADES JACK SPADES THREE,0.3804,0.3472,0.2724
SPADES TEN SPADES THREE,0.5918,0.0164,0.3918
CLUBS FOUR HEARTS ACE,0.3804,0.005,0.6146
CLUBS FOUR HEARTS QUEEN,0.395,0.0132,0.5918
CLUBS FOUR HEARTS KING,0.4004,0.0082,0.5914
CLUBS SIX HEARTS TEN,0.6934,0.061,0.2456
CLUBS SIX HEARTS JACK,0.0192,0.971,0.0098
SPADES FOUR DIAMONDS EIGHT,0.6096,0.0158,0.3746
SPADES FIVE DIAMONDS EIGHT,0.6064,0.0192,0.3744
SPADES TWO DIAMONDS EIGHT,0.6158,0.0186,0.3656
SPADES THREE DIAMONDS EIGHT,0.6148,0.0186,0.3666
CLUBS FOUR HEARTS JACK,0.399,0.381,0.22
SPADES EIGHT DIAMONDS EIGHT,0.2922,0.03,0.6778
SPADES TEN DIAMONDS QUEEN,0.3388,0.0082,0.653
SPADES TEN HEARTS TWO,0.6214,0.018,0.3606
SPADES JACK HEARTS EIGHT,0.2316,0.2082,0.5602
CLUBS FOUR HEARTS TEN,0.6296,0.014,0.3564
SPADES NINE DIAMONDS EIGHT,0.5508,0.0176,0.4316
SPADES TEN HEARTS EIGHT,0.5674,0.0144,0.4182
SPADES JACK HEARTS TWO,0.392,0.387,0.221
SPADES JACK DIAMONDS QUEEN,0.2356,0.046,0.7184
SPADES SIX DIAMONDS EIGHT,0.6488,0.0542,0.297
SPADES SEVEN DIAMONDS EIGHT,0.5512,0.0194,0.4294
SPADES ACE HEARTS TWO,0.3826,0.0046,0.6128
SPADES ACE DIAMONDS QUEEN,0.3192,0.0032,0.6776
SPADES ACE HEARTS EIGHT,0.3614,0.0036,0.635
SPADES KING HEARTS EIGHT,0.3636,0.0078,0.6286
SPADES QUEEN HEARTS TWO,0.4052,0.0108,0.584
SPADES QUEEN DIAMONDS QUEEN,0.1344,0.0112,0.8544
SPADES KING DIAMONDS QUEEN,0.3222,0.0066,0.6712
SPADES KING HEARTS TWO,0.3852,0.0098,0.605
SPADES QUEEN HEARTS EIGHT,0.348,0.0118,0.6402
CLUBS TWO HEARTS TEN,0.6226,0.0156,0.3618
CLUBS TWO HEARTS JACK,0.3962,0.391,0.2128
SPADES SEVEN DIAMONDS NINE,0.5532,0.0182,0.4286
SPADES SIX DIAMONDS NINE,0.6678,0.0576,0.2746
SPADES NINE DIAMONDS NINE,0.2792,0.0278,0.693
SPADES EIGHT DIAMONDS NINE,0.5468,0.0176,0.4356
SPADES TEN CLUBS KING,0.326,0.0066,0.6674
DIAMONDS NINE SPADES THREE,0.628,0.0156,0.3564
SPADES JACK CLUBS KING,0.2276,0.028,0.7444
DIAMONDS NINE SPADES TWO,0.616,0.0186,0.3654
SPADES FIVE DIAMONDS NINE,0.6094,0.0142,0.3764
DIAMONDS NINE SPADES FOUR,0.6384,0.0154,0.3462
CLUBS NINE DIAMONDS NINE,0.2782,0.03,0.6918
CLUBS EIGHT DIAMONDS NINE,0.5592,0.0192,0.4216
CLUBS SIX DIAMONDS NINE,0.6738,0.054,0.2722
SPADES JACK CLUBS FOUR,0.3818,0.3956,0.2226
CLUBS SEVEN DIAMONDS NINE,0.559,0.0188,0.4222
SPADES TEN CLUBS FOUR,0.6266,0.0182,0.3552
CLUBS FOUR DIAMONDS NINE,0.6312,0.0162,0.3526
CLUBS FIVE DIAMONDS NINE,0.6082,0.0194,0.3724
CLUBS TWO DIAMONDS NINE,0.6292,0.0226,0.3482
CLUBS THREE DIAMONDS NINE,0.6122,0.018,0.3698
DIAMONDS NINE HEARTS EIGHT,0.5504,0.019,0.4306
DIAMONDS NINE HEARTS NINE,0.275,0.0278,0.6972
HEARTS SIX DIAMONDS NINE,0.6738,0.0564,0.2698
HEARTS SEVEN DIAMONDS NINE,0.5656,0.0176,0.4168
CLUBS NINE CLUBS EIGHT,0.5344,0.0186,0.447
DIAMONDS ACE DIAMONDS NINE,0.3414,0.0028,0.6558
HEARTS FOUR DIAMONDS NINE,0.615,0.0182,0.3668
HEARTS FIVE DIAMONDS NINE,0.6146,0.0192,0.3662
HEARTS ACE CLUBS TWO,0.3916,0.0058,0.6026
SPADES ACE CLUBS FOUR,0.396,0.0028,0.6012
DIAMONDS NINE DIAMONDS QUEEN,0.3198,0.011,0.6692
HEARTS TWO DIAMONDS NINE,0.6186,0.0186,0.3628
CLUBS TWO HEARTS KING,0.4026,0.0094,0.588
SPADES KING CLUBS FOUR,0.3946,0.007,0.5984
DIAMONDS KING DIAMONDS NINE,0.3344,0.0056,0.66
HEARTS THREE DIAMONDS NINE,0.6182,0.0176,0.3642
CLUBS TWO HEARTS QUEEN,0.404,0.0126,0.5834
SPADES QUEEN CLUBS FOUR,0.385,0.009,0.606
DIAMONDS NINE DIAMONDS JACK,0.2234,0.1608,0.6158
CLUBS EIGHT SPADES NINE,0.5556,0.0158,0.4286
DIAMONDS TEN DIAMONDS NINE,0.5166,0.0144,0.469
CLUBS EIGHT SPADES EIGHT,0.293,0.0356,0.6714
CLUBS EIGHT SPADES SEVEN,0.5666,0.0196,0.4138
CLUBS EIGHT SPADES SIX,0.6722,0.0528,0.275
CLUBS EIGHT SPADES FIVE,0.6096,0.0204,0.37
CLUBS EIGHT SPADES FOUR,0.6236,0.0192,0.3572
CLUBS EIGHT SPADES THREE,0.6352,0.017,0.3478
CLUBS EIGHT SPADES TWO,0.6296,0.019,0.3514
HEARTS SIX DIAMONDS TEN,0.6918,0.0534,0.2548
HEARTS SEVEN DIAMONDS TEN,0.575,0.0164,0.4086
DIAMONDS TEN HEARTS EIGHT,0.5632,0.0148,0.422
DIAMONDS TEN HEARTS NINE,0.5442,0.013,0.4428
CLUBS TEN CLUBS FOUR,0.5968,0.0196,0.3836
CLUBS FOUR CLUBS KING,0.377,0.0098,0.6132
CLUBS FOUR CLUBS QUEEN,0.3674,0.0124,0.6202
DIAMONDS TEN CLUBS TWO,0.6292,0.0204,0.3504
CLUBS THREE DIAMONDS TEN,0.6274,0.0158,0.3568
CLUBS FOUR CLUBS ACE,0.3656,0.0042,0.6302
DIAMONDS TEN DIAMONDS JACK,0.2168,0.1222,0.661
DIAMONDS TEN DIAMONDS QUEEN,0.2994,0.012,0.6886
HEARTS TWO DIAMONDS TEN,0.6102,0.0218,0.368
DIAMONDS KING DIAMONDS TEN,0.327,0.0064,0.6666
HEARTS THREE DIAMONDS TEN,0.6274,0.0162,0.3564
DIAMONDS ACE DIAMONDS TEN,0.3322,0.0036,0.6642
HEARTS FOUR DIAMONDS TEN,0.606,0.0174,0.3766
CLUBS EIGHT HEARTS JACK,0.2234,0.229,0.5476
HEARTS FIVE DIAMONDS TEN,0.6166,0.0174,0.366
CLUBS EIGHT HEARTS TEN,0.5776,0.0126,0.4098
CLUBS EIGHT HEARTS QUEEN,0.353,0.0086,0.6384
CLUBS EIGHT HEARTS KING,0.3622,0.0074,0.6304
CLUBS EIGHT HEARTS ACE,0.357,0.003,0.64
CLUBS NINE SPADES THREE,0.6188,0.02,0.3612
CLUBS NINE SPADES TWO,0.63,0.0206,0.3494
CLUBS NINE SPADES FIVE,0.6238,0.0168,0.3594
CLUBS NINE SPADES FOUR,0.6308,0.0194,0.3498
CLUBS NINE SPADES SEVEN,0.5848,0.0144,0.4008
CLUBS NINE SPADES SIX,0.6848,0.054,0.2612
CLUBS NINE SPADES NINE,0.297,0.0296,0.6734
CLUBS TEN HEARTS EIGHT,0.5708,0.0182,0.411
CLUBS NINE SPADES EIGHT,0.5546,0.0146,0.4308
HEARTS EIGHT CLUBS QUEEN,0.3454,0.0104,0.6442
CLUBS KING HEARTS EIGHT,0.3464,0.0084,0.6452
CLUBS ACE HEARTS EIGHT,0.3428,0.0046,0.6526
SPADES KING CLUBS KING,0.1396,0.0076,0.8528
SPADES QUEEN CLUBS KING,0.308,0.0086,0.6834
SPADES ACE CLUBS KING,0.319,0.0072,0.6738
DIAMONDS ACE HEARTS TEN,0.344,0.003,0.653
HEARTS FOUR HEARTS TEN,0.5866,0.0206,0.3928
DIAMONDS ACE HEARTS JACK,0.2224,0.0226,0.755
HEARTS FOUR HEARTS JACK,0.3726,0.3562,0.2712
SPADES KING CLUBS FIVE,0.3814,0.008,0.6106
SPADES QUEEN CLUBS FIVE,0.3902,0.0064,0.6034
SPADES ACE CLUBS FIVE,0.3826,0.0044,0.613
HEARTS SEVEN DIAMONDS JACK,0.2178,0.2978,0.4844
HEARTS SIX DIAMONDS JACK,0.007,0.9746,0.0184
DIAMONDS JACK HEARTS NINE,0.2212,0.1644,0.6144
DIAMONDS JACK HEARTS EIGHT,0.2154,0.2306,0.554
DIAMONDS KING DIAMONDS JACK,0.2248,0.0292,0.746
HEARTS THREE DIAMONDS JACK,0.3976,0.3836,0.2188
SPADES ACE SPADES SIX,0.2202,0.028,0.7518
HEARTS ACE SPADES FOUR,0.3808,0.0026,0.6166
DIAMONDS QUEEN DIAMONDS JACK,0.2206,0.0428,0.7366
HEARTS TWO DIAMONDS JACK,0.3918,0.3754,0.2328
HEARTS FIVE DIAMONDS JACK,0.3886,0.374,0.2374
SPADES QUEEN SPADES SIX,0.213,0.0442,0.7428
SPADES FOUR HEARTS QUEEN,0.3926,0.008,0.5994
DIAMONDS ACE DIAMONDS JACK,0.2148,0.0158,0.7694
HEARTS FOUR DIAMONDS JACK,0.3754,0.4,0.2246
SPADES KING SPADES SIX,0.2266,0.031,0.7424
SPADES FOUR HEARTS KING,0.394,0.0054,0.6006
SPADES TEN SPADES SIX,0.6472,0.0602,0.2926
SPADES JACK SPADES SIX,0.0196,0.9064,0.074
SPADES FOUR DIAMONDS JACK,0.385,0.3934,0.2216
SPADES FIVE DIAMONDS JACK,0.3678,0.3988,0.2334
DIAMONDS JACK SPADES TWO,0.391,0.3764,0.2326
SPADES THREE DIAMONDS JACK,0.384,0.3956,0.2204
SPADES ACE DIAMONDS THREE,0.3932,0.0038,0.603
SPADES QUEEN DIAMONDS THREE,0.4074,0.013,0.5796
CLUBS EIGHT DIAMONDS JACK,0.2278,0.2182,0.554
SPADES KING DIAMONDS THREE,0.4002,0.0096,0.5902
CLUBS NINE DIAMONDS JACK,0.2258,0.1806,0.5936
CLUBS SIX DIAMONDS JACK,0.0078,0.9858,0.0064
CLUBS SEVEN DIAMONDS JACK,0.22,0.2994,0.4806
CLUBS FOUR DIAMONDS JACK,0.3768,0.4072,0.216
CLUBS FIVE DIAMONDS JACK,0.3808,0.3854,0.2338
CLUBS TWO DIAMONDS JACK,0.397,0.3778,0.2252
CLUBS THREE DIAMONDS JACK,0.3928,0.3958,0.2114
SPADES TEN CLUBS FIVE,0.6284,0.019,0.3526
SPADES JACK HEARTS SIX,0.0282,0.9492,0.0226
HEARTS SIX SPADES TEN,0.6902,0.0604,0.2494
SPADES JACK CLUBS FIVE,0.391,0.3884,0.2206
SPADES JACK DIAMONDS THREE,0.3954,0.3914,0.2132
CLUBS SEVEN CLUBS ACE,0.3244,0.0052,0.6704
DIAMONDS THREE SPADES TEN,0.6208,0.0156,0.3636
CLUBS SEVEN CLUBS QUEEN,0.336,0.0118,0.6522
CLUBS SEVEN CLUBS KING,0.3468,0.0054,0.6478
SPADES NINE DIAMONDS JACK,0.2218,0.1704,0.6078
CLUBS TEN CLUBS SEVEN,0.542,0.018,0.44
DIAMONDS ACE HEARTS ACE,0.1354,0.004,0.8606
HEARTS FOUR HEARTS ACE,0.3624,0.004,0.6336
SPADES EIGHT DIAMONDS JACK,0.2092,0.2262,0.5646
SPADES ACE HEARTS SIX,0.2472,0.0258,0.727
DIAMONDS ACE HEARTS KING,0.3278,0.0048,0.6674
HEARTS FOUR HEARTS KING,0.3546,0.0066,0.6388
SPADES SEVEN DIAMONDS JACK,0.2178,0.3004,0.4818
SPADES KING HEARTS SIX,0.24,0.0344,0.7256
DIAMONDS ACE HEARTS QUEEN,0.3122,0.0044,0.6834
HEARTS FOUR HEARTS QUEEN,0.3596,0.0088,0.6316
SPADES QUEEN HEARTS SIX,0.2406,0.048,0.7114
SPADES SIX DIAMONDS JACK,0.0122,0.9676,0.0202
DIAMONDS TEN SPADES TWO,0.6244,0.0162,0.3594
DIAMONDS TEN SPADES THREE,0.6184,0.0226,0.359
DIAMONDS TEN SPADES FOUR,0.6024,0.0198,0.3778
DIAMONDS TEN SPADES FIVE,0.6282,0.0168,0.355
SPADES SIX DIAMONDS TEN,0.6874,0.059,0.2536
SPADES SEVEN DIAMONDS TEN,0.5762,0.016,0.4078
SPADES EIGHT DIAMONDS TEN,0.5588,0.0152,0.426
SPADES NINE DIAMONDS TEN,0.5466,0.0168,0.4366
CLUBS FOUR DIAMONDS TEN,0.6228,0.0182,0.359
CLUBS FIVE DIAMONDS TEN,0.6154,0.0194,0.3652
CLUBS SIX DIAMONDS TEN,0.688,0.0624,0.2496
CLUBS SEVEN DIAMONDS TEN,0.5676,0.0164,0.416
CLUBS EIGHT DIAMONDS TEN,0.5502,0.019,0.4308
CLUBS NINE DIAMONDS TEN,0.5324,0.016,0.4516
CLUBS TEN DIAMONDS THREE,0.6324,0.0232,0.3444
DIAMONDS THREE CLUBS KING,0.4,0.0086,0.5914
DIAMONDS THREE CLUBS QUEEN,0.3828,0.011,0.6062
DIAMONDS THREE CLUBS ACE,0.3852,0.0046,0.6102
SPADES FOUR HEARTS JACK,0.3856,0.395,0.2194
SPADES FOUR HEARTS TEN,0.6184,0.019,0.3626
SPADES FIVE SPADES TWO,0.586,0.015,0.399
SPADES FOUR SPADES TWO,0.5952,0.0204,0.3844
SPADES THREE SPADES TWO,0.5928,0.0188,0.3884
SPADES NINE SPADES TWO,0.59,0.016,0.394
SPADES EIGHT SPADES TWO,0.5748,0.018,0.4072
SPADES SEVEN SPADES TWO,0.5916,0.0178,0.3906
SPADES SIX SPADES TWO,0.655,0.0606,0.2844
CLUBS THREE DIAMONDS QUEEN,0.394,0.0112,0.5948
CLUBS THREE HEARTS TWO,0.6368,0.0166,0.3466
CLUBS TWO DIAMONDS QUEEN,0.3936,0.0094,0.597
HEARTS TWO CLUBS TWO,0.41,0.0392,0.5508
HEARTS SEVEN DIAMONDS QUEEN,0.3582,0.0118,0.63
HEARTS SEVEN HEARTS TWO,0.5906,0.019,0.3904
HEARTS SIX DIAMONDS QUEEN,0.2246,0.053,0.7224
HEARTS SIX HEARTS TWO,0.642,0.0608,0.2972
DIAMONDS QUEEN HEARTS NINE,0.3372,0.01,0.6528
HEARTS TWO HEARTS NINE,0.5934,0.015,0.3916
DIAMONDS QUEEN HEARTS EIGHT,0.3438,0.0092,0.647
HEARTS TWO HEARTS EIGHT,0.5824,0.016,0.4016
CLUBS NINE HEARTS TWO,0.627,0.0172,0.3558
CLUBS NINE DIAMONDS QUEEN,0.3464,0.0106,0.643
CLUBS EIGHT HEARTS TWO,0.6302,0.0154,0.3544
CLUBS EIGHT DIAMONDS QUEEN,0.3538,0.0112,0.635
CLUBS FIVE DIAMONDS QUEEN,0.3804,0.0132,0.6064
CLUBS FIVE HEARTS TWO,0.6362,0.021,0.3428
SPADES EIGHT HEARTS ACE,0.3564,0.0022,0.6414
CLUBS FOUR DIAMONDS QUEEN,0.386,0.011,0.603
CLUBS FOUR HEARTS TWO,0.642,0.0208,0.3372
CLUBS SEVEN DIAMONDS QUEEN,0.3408,0.0122,0.647
CLUBS SEVEN HEARTS TWO,0.6234,0.0212,0.3554
SPADES EIGHT HEARTS QUEEN,0.3424,0.0104,0.6472
CLUBS SIX DIAMONDS QUEEN,0.2312,0.0514,0.7174
CLUBS SIX HEARTS TWO,0.7048,0.066,0.2292
SPADES EIGHT HEARTS KING,0.364,0.0058,0.6302
HEARTS TWO SPADES SIX,0.6846,0.0596,0.2558
SPADES SIX DIAMONDS QUEEN,0.232,0.0504,0.7176
HEARTS FOUR CLUBS QUEEN,0.3832,0.009,0.6078
DIAMONDS ACE CLUBS QUEEN,0.302,0.0032,0.6948
SPADES SEVEN DIAMONDS QUEEN,0.3464,0.01,0.6436
SPADES SEVEN HEARTS TWO,0.634,0.017,0.349
HEARTS FOUR CLUBS KING,0.3864,0.0074,0.6062
DIAMONDS ACE CLUBS KING,0.3184,0.006,0.6756
SPADES EIGHT DIAMONDS QUEEN,0.3462,0.0094,0.6444
SPADES EIGHT HEARTS TWO,0.6274,0.0168,0.3558
HEARTS FOUR CLUBS ACE,0.3858,0.005,0.6092
DIAMONDS ACE CLUBS ACE,0.1126,0.0034,0.884
SPADES NINE DIAMONDS QUEEN,0.3348,0.0106,0.6546
SPADES NINE HEARTS TWO,0.6264,0.0178,0.3558
HEARTS TWO SPADES TWO,0.4168,0.0472,0.536
DIAMONDS QUEEN SPADES TWO,0.3984,0.012,0.5896
HEARTS TWO SPADES THREE,0.6168,0.021,0.3622
DIAMONDS QUEEN SPADES THREE,0.3894,0.0108,0.5998
HEARTS TWO SPADES FOUR,0.6348,0.0228,0.3424
SPADES FOUR DIAMONDS QUEEN,0.3938,0.0128,0.5934
CLUBS TEN HEARTS FOUR,0.6242,0.0192,0.3566
CLUBS TEN DIAMONDS ACE,0.3282,0.0044,0.6674
HEARTS TWO SPADES FIVE,0.6236,0.0186,0.3578
SPADES FIVE DIAMONDS QUEEN,0.387,0.0118,0.6012
CLUBS FIVE CLUBS KING,0.3724,0.0076,0.62
CLUBS FIVE CLUBS QUEEN,0.3736,0.0122,0.6142
CLUBS FIVE CLUBS ACE,0.3708,0.0058,0.6234
CLUBS TEN CLUBS FIVE,0.5928,0.0184,0.3888
SPADES SIX CLUBS KING,0.2458,0.0368,0.7174
SPADES SIX CLUBS QUEEN,0.223,0.0522,0.7248
SPADES EIGHT HEARTS JACK,0.2172,0.2184,0.5644
SPADES SIX CLUBS ACE,0.242,0.0248,0.7332
SPADES EIGHT HEARTS TEN,0.547,0.017,0.436
CLUBS TEN SPADES SIX,0.6948,0.06,0.2452
SPADES QUEEN CLUBS SEVEN,0.3548,0.0088,0.6364
SPADES KING CLUBS SEVEN,0.3584,0.0066,0.635
SPADES ACE CLUBS SEVEN,0.3486,0.0052,0.6462
SPADES SIX HEARTS TEN,0.696,0.0548,0.2492
SPADES SIX HEARTS JACK,0.0216,0.9556,0.0228
SPADES SIX HEARTS ACE,0.248,0.0238,0.7282
SPADES SIX HEARTS KING,0.2532,0.0362,0.7106
SPADES SIX HEARTS QUEEN,0.2284,0.05,0.7216
CLUBS SEVEN SPADES JACK,0.2272,0.291,0.4818
CLUBS SEVEN SPADES TEN,0.576,0.0174,0.4066
CLUBS TEN HEARTS SIX,0.6976,0.059,0.2434
HEARTS SIX CLUBS QUEEN,0.2298,0.0428,0.7274
HEARTS SIX CLUBS KING,0.2308,0.0362,0.733
HEARTS SIX CLUBS ACE,0.2274,0.0224,0.7502
DIAMONDS THREE HEARTS ACE,0.393,0.005,0.602
DIAMONDS THREE HEARTS QUEEN,0.387,0.0114,0.6016
DIAMONDS THREE HEARTS KING,0.4042,0.0088,0.587
CLUBS FIVE HEARTS JACK,0.3882,0.3974,0.2144
SPADES TEN DIAMONDS ACE,0.3472,0.0036,0.6492
HEARTS FOUR SPADES TEN,0.6166,0.0152,0.3682
CLUBS FIVE HEARTS TEN,0.63,0.0186,0.3514
HEARTS FOUR SPADES JACK,0.3858,0.3994,0.2148
SPADES JACK DIAMONDS ACE,0.2172,0.0206,0.7622
SPADES ACE HEARTS FOUR,0.3792,0.0044,0.6164
SPADES ACE DIAMONDS ACE,0.1166,0.0036,0.8798
CLUBS FIVE HEARTS ACE,0.378,0.005,0.617
CLUBS FIVE HEARTS KING,0.3972,0.0074,0.5954
HEARTS FOUR SPADES QUEEN,0.399,0.0108,0.5902
SPADES QUEEN DIAMONDS ACE,0.311,0.0034,0.6856
CLUBS FIVE HEARTS QUEEN,0.3952,0.0108,0.594
SPADES KING DIAMONDS ACE,0.314,0.004,0.682
SPADES KING HEARTS FOUR,0.3878,0.0068,0.6054
CLUBS TEN SPADES FOUR,0.6206,0.0182,0.3612
DIAMONDS ACE DIAMONDS QUEEN,0.3028,0.0052,0.692
DIAMONDS ACE HEARTS TWO,0.3878,0.004,0.6082
HEARTS FOUR DIAMONDS QUEEN,0.3996,0.0116,0.5888
HEARTS FOUR HEARTS TWO,0.5918,0.0216,0.3866
DIAMONDS THREE HEARTS TEN,0.6278,0.019,0.3532
SPADES FOUR CLUBS KING,0.376,0.0078,0.6162
HEARTS FIVE DIAMONDS QUEEN,0.3942,0.0108,0.595
HEARTS FIVE HEARTS TWO,0.5836,0.0184,0.398
DIAMONDS THREE HEARTS JACK,0.4076,0.3802,0.2122
SPADES FOUR CLUBS QUEEN,0.3824,0.0118,0.6058
HEARTS TWO DIAMONDS QUEEN,0.3866,0.0118,0.6016
DIAMONDS KING DIAMONDS QUEEN,0.302,0.009,0.689
DIAMONDS KING HEARTS TWO,0.3934,0.0102,0.5964
HEARTS THREE DIAMONDS QUEEN,0.386,0.01,0.604
HEARTS THREE HEARTS TWO,0.5892,0.02,0.3908
SPADES FOUR CLUBS ACE,0.3752,0.002,0.6228
HEARTS TWO CLUBS ACE,0.3934,0.0044,0.6022
DIAMONDS QUEEN CLUBS ACE,0.3186,0.0048,0.6766
HEARTS TWO CLUBS QUEEN,0.3868,0.0104,0.6028
DIAMONDS QUEEN CLUBS QUEEN,0.142,0.0108,0.8472
HEARTS TWO CLUBS KING,0.4056,0.0086,0.5858
DIAMONDS QUEEN CLUBS KING,0.3062,0.0084,0.6854
SPADES EIGHT SPADES FIVE,0.5568,0.017,0.4262
CLUBS TEN HEARTS TWO,0.6298,0.0166,0.3536
CLUBS TEN DIAMONDS QUEEN,0.3236,0.0112,0.6652
SPADES NINE SPADES FIVE,0.5826,0.0166,0.4008
SPADES SIX SPADES FIVE,0.624,0.0558,0.3202
SPADES SEVEN SPADES FIVE,0.5492,0.0196,0.4312
DIAMONDS FIVE CLUBS QUEEN,0.398,0.0134,0.5886
SPADES EIGHT CLUBS ACE,0.3504,0.0048,0.6448
DIAMONDS FIVE CLUBS KING,0.3814,0.0096,0.609
SPADES EIGHT CLUBS KING,0.3608,0.0078,0.6314
DIAMONDS FIVE CLUBS ACE,0.3788,0.0032,0.618
SPADES EIGHT CLUBS QUEEN,0.3498,0.012,0.6382
CLUBS TEN SPADES EIGHT,0.5572,0.0146,0.4282
CLUBS TEN DIAMONDS FIVE,0.6238,0.0174,0.3588
DIAMONDS TEN HEARTS JACK,0.226,0.1196,0.6544
DIAMONDS TEN HEARTS TEN,0.2748,0.02,0.7052
SPADES ACE CLUBS NINE,0.3598,0.0024,0.6378
CLUBS NINE SPADES QUEEN,0.3358,0.011,0.6532
CLUBS NINE SPADES KING,0.369,0.0076,0.6234
HEARTS SIX HEARTS KING,0.222,0.0314,0.7466
DIAMONDS KING SPADES SEVEN,0.3584,0.0044,0.6372
HEARTS THREE SPADES SEVEN,0.6126,0.0184,0.369
SPADES KING DIAMONDS SEVEN,0.3514,0.005,0.6436
HEARTS SIX HEARTS QUEEN,0.22,0.0422,0.7378
SPADES QUEEN DIAMONDS SEVEN,0.355,0.0114,0.6336
HEARTS THREE SPADES SIX,0.6794,0.056,0.2646
DIAMONDS KING SPADES SIX,0.2396,0.0338,0.7266
SPADES NINE DIAMONDS KING,0.3534,0.0038,0.6428
SPADES NINE HEARTS THREE,0.6228,0.0144,0.3628
HEARTS SIX HEARTS ACE,0.234,0.0232,0.7428
DIAMONDS KING SPADES EIGHT,0.3524,0.0066,0.641
SPADES EIGHT HEARTS THREE,0.6176,0.0192,0.3632
SPADES ACE DIAMONDS SEVEN,0.3662,0.0042,0.6296
CLUBS NINE HEARTS THREE,0.628,0.0172,0.3548
CLUBS NINE DIAMONDS KING,0.3432,0.0082,0.6486
CLUBS EIGHT HEARTS THREE,0.6388,0.0166,0.3446
CLUBS EIGHT DIAMONDS KING,0.3596,0.0064,0.634
HEARTS THREE SPADES THREE,0.4096,0.0428,0.5476
DIAMONDS KING SPADES THREE,0.3948,0.01,0.5952
HEARTS THREE SPADES TWO,0.6296,0.0212,0.3492
DIAMONDS KING SPADES TWO,0.3946,0.0088,0.5966
HEARTS THREE SPADES FIVE,0.6136,0.019,0.3674
DIAMONDS KING SPADES FIVE,0.381,0.0076,0.6114
HEARTS THREE SPADES FOUR,0.623,0.0186,0.3584
DIAMONDS KING SPADES FOUR,0.3936,0.008,0.5984
DIAMONDS KING CLUBS TWO,0.3966,0.008,0.5954
HEARTS THREE CLUBS TWO,0.6388,0.0194,0.3418
DIAMONDS KING CLUBS THREE,0.3968,0.007,0.5962
CLUBS THREE HEARTS THREE,0.4162,0.0422,0.5416
DIAMONDS KING CLUBS FOUR,0.3786,0.0084,0.613
