opposingHand,winningChance,drawChance,lostChance
CLUBS SEVEN CLUBS THREE
HEARTS FIVE SPADES TEN,0.409,0.0284,0.5626
SPADES JACK HEARTS FIVE,0.4026,0.0204,0.577
CLUBS JACK SPADES FIVE,0.383,0.0204,0.5966
CLUBS TEN SPADES FIVE,0.3794,0.0238,0.5968
CLUBS JACK CLUBS EIGHT,0.3088,0.0168,0.6744
CLUBS TEN CLUBS EIGHT,0.299,0.0208,0.6802
CLUBS EIGHT CLUBS KING,0.3234,0.0076,0.669
SPADES FIVE CLUBS ACE,0.389,0.004,0.607
CLUBS EIGHT CLUBS QUEEN,0.308,0.012,0.68
SPADES FIVE CLUBS KING,0.3856,0.0102,0.6042
SPADES FIVE CLUBS QUEEN,0.39,0.0156,0.5944
CLUBS EIGHT CLUBS ACE,0.3104,0.0064,0.6832
DIAMONDS TWO DIAMONDS THREE,0.548,0.1778,0.2742
DIAMONDS TWO DIAMONDS FIVE,0.5236,0.0984,0.378
SPADES KING HEARTS FIVE,0.3944,0.007,0.5986
DIAMONDS TWO DIAMONDS FOUR,0.541,0.0882,0.3708
SPADES QUEEN HEARTS FIVE,0.4032,0.0124,0.5844
DIAMONDS TWO DIAMONDS SEVEN,0.2976,0.4566,0.2458
DIAMONDS TWO DIAMONDS SIX,0.5328,0.0974,0.3698
SPADES ACE HEARTS FIVE,0.395,0.0062,0.5988
DIAMONDS TWO DIAMONDS NINE,0.416,0.035,0.549
DIAMONDS TWO DIAMONDS EIGHT,0.4054,0.0598,0.5348
DIAMONDS THREE DIAMONDS FOUR,0.5198,0.1814,0.2988
CLUBS TWO SPADES FOUR,0.5488,0.104,0.3472
DIAMONDS THREE DIAMONDS FIVE,0.5258,0.1874,0.2868
CLUBS TWO SPADES FIVE,0.5656,0.0968,0.3376
CLUBS TWO SPADES TWO,0.3826,0.1228,0.4946
CLUBS TWO SPADES THREE,0.5844,0.195,0.2206
DIAMONDS THREE DIAMONDS EIGHT,0.2842,0.1284,0.5874
SPADES EIGHT CLUBS TWO,0.437,0.0662,0.4968
DIAMONDS THREE DIAMONDS NINE,0.2736,0.1002,0.6262
SPADES NINE CLUBS TWO,0.4306,0.0468,0.5226
DIAMONDS THREE DIAMONDS SIX,0.5434,0.1774,0.2792
CLUBS TWO SPADES SIX,0.562,0.1104,0.3276
DIAMONDS THREE DIAMONDS SEVEN,0.0668,0.8594,0.0738
CLUBS TWO SPADES SEVEN,0.3124,0.4826,0.205
CLUBS SIX CLUBS TWO,0.5746,0.093,0.3324
CLUBS TWO CLUBS FOUR,0.5516,0.1068,0.3416
CLUBS FIVE CLUBS TWO,0.5458,0.1038,0.3504
CLUBS TEN CLUBS JACK,0.3122,0.0174,0.6704
DIAMONDS FOUR DIAMONDS SIX,0.4938,0.0916,0.4146
CLUBS TEN CLUBS QUEEN,0.305,0.0102,0.6848
DIAMONDS FOUR DIAMONDS SEVEN,0.2486,0.4562,0.2952
CLUBS TEN CLUBS KING,0.3094,0.0106,0.68
CLUBS TEN CLUBS ACE,0.3144,0.0078,0.6778
CLUBS EIGHT CLUBS TWO,0.3814,0.0666,0.552
DIAMONDS FIVE DIAMONDS FOUR,0.4786,0.0962,0.4252
CLUBS NINE CLUBS TWO,0.3746,0.0466,0.5788
DIAMONDS NINE DIAMONDS FOUR,0.388,0.0426,0.5694
DIAMONDS EIGHT DIAMONDS FOUR,0.3802,0.062,0.5578
DIAMONDS NINE DIAMONDS FIVE,0.3762,0.0388,0.585
CLUBS JACK DIAMONDS TWO,0.4262,0.0172,0.5566
DIAMONDS EIGHT DIAMONDS FIVE,0.3662,0.0556,0.5782
CLUBS TEN DIAMONDS TWO,0.4256,0.0312,0.5432
DIAMONDS FIVE DIAMONDS SEVEN,0.246,0.3962,0.3578
DIAMONDS FIVE DIAMONDS SIX,0.4872,0.0876,0.4252
DIAMONDS TWO CLUBS ACE,0.4182,0.0064,0.5754
DIAMONDS TWO CLUBS KING,0.4326,0.0104,0.557
DIAMONDS TWO CLUBS QUEEN,0.432,0.0142,0.5538
DIAMONDS EIGHT DIAMONDS SIX,0.3446,0.0616,0.5938
DIAMONDS NINE DIAMONDS SIX,0.3706,0.036,0.5934
HEARTS ACE SPADES THREE,0.3014,0.0154,0.6832
HEARTS KING SPADES THREE,0.3086,0.0268,0.6646
DIAMONDS SEVEN DIAMONDS SIX,0.2524,0.3228,0.4248
SPADES THREE HEARTS QUEEN,0.298,0.0444,0.6576
HEARTS JACK SPADES THREE,0.3082,0.0504,0.6414
SPADES THREE HEARTS TEN,0.291,0.0782,0.6308
DIAMONDS EIGHT DIAMONDS SEVEN,0.2582,0.138,0.6038
DIAMONDS NINE DIAMONDS SEVEN,0.2666,0.1006,0.6328
DIAMONDS NINE DIAMONDS EIGHT,0.328,0.033,0.639
DIAMONDS KING HEARTS TEN,0.3826,0.0054,0.612
HEARTS THREE HEARTS TEN,0.2932,0.0606,0.6462
SPADES JACK CLUBS SIX,0.394,0.0186,0.5874
DIAMONDS KING HEARTS JACK,0.3702,0.0076,0.6222
HEARTS THREE HEARTS JACK,0.2788,0.0508,0.6704
SPADES TEN CLUBS SIX,0.3802,0.0284,0.5914
SPADES JACK SPADES FIVE,0.3688,0.0184,0.6128
SPADES TEN SPADES FIVE,0.3832,0.0232,0.5936
DIAMONDS KING HEARTS ACE,0.3784,0.0022,0.6194
HEARTS THREE HEARTS ACE,0.2822,0.0152,0.7026
SPADES ACE CLUBS SIX,0.4022,0.0036,0.5942
DIAMONDS KING HEARTS QUEEN,0.3784,0.005,0.6166
HEARTS THREE HEARTS QUEEN,0.2822,0.035,0.6828
SPADES KING CLUBS SIX,0.4016,0.0072,0.5912
DIAMONDS KING HEARTS KING,0.1832,0.017,0.7998
HEARTS THREE HEARTS KING,0.2782,0.0242,0.6976
SPADES QUEEN CLUBS SIX,0.3884,0.013,0.5986
SPADES NINE HEARTS TEN,0.3494,0.022,0.6286
SPADES NINE HEARTS JACK,0.3646,0.0154,0.62
SPADES QUEEN SPADES FIVE,0.3738,0.0114,0.6148
SPADES KING SPADES FIVE,0.3778,0.0072,0.615
SPADES ACE SPADES FIVE,0.368,0.004,0.628
SPADES NINE HEARTS QUEEN,0.38,0.0092,0.6108
SPADES NINE HEARTS KING,0.3842,0.0074,0.6084
SPADES NINE HEARTS ACE,0.3758,0.004,0.6202
CLUBS TEN SPADES JACK,0.353,0.0128,0.6342
CLUBS TEN SPADES TEN,0.1762,0.0596,0.7642
SPADES ACE CLUBS TEN,0.3658,0.0056,0.6286
CLUBS TEN SPADES KING,0.3568,0.0068,0.6364
CLUBS TEN SPADES QUEEN,0.3684,0.0106,0.621
SPADES FIVE HEARTS QUEEN,0.409,0.0116,0.5794
HEARTS KING SPADES FIVE,0.4122,0.0062,0.5816
SPADES FIVE HEARTS ACE,0.3954,0.0054,0.5992
CLUBS EIGHT SPADES TEN,0.3472,0.0306,0.6222
HEARTS THREE SPADES JACK,0.2954,0.0488,0.6558
SPADES JACK DIAMONDS KING,0.382,0.0088,0.6092
SPADES TEN DIAMONDS KING,0.3676,0.0082,0.6242
HEARTS THREE SPADES TEN,0.295,0.0736,0.6314
CLUBS EIGHT SPADES JACK,0.3534,0.0164,0.6302
CLUBS SIX HEARTS ACE,0.392,0.0034,0.6046
SPADES ACE CLUBS EIGHT,0.366,0.0044,0.6296
CLUBS JACK HEARTS FIVE,0.393,0.0168,0.5902
CLUBS TEN HEARTS FIVE,0.3888,0.0266,0.5846
CLUBS SIX HEARTS QUEEN,0.3932,0.0124,0.5944
SPADES QUEEN CLUBS EIGHT,0.3614,0.0108,0.6278
CLUBS TEN SPADES THREE,0.2808,0.0728,0.6464
CLUBS SIX HEARTS KING,0.3972,0.0108,0.592
SPADES KING CLUBS EIGHT,0.3696,0.0104,0.62
CLUBS JACK SPADES THREE,0.2866,0.0496,0.6638
DIAMONDS TWO HEARTS JACK,0.4504,0.0204,0.5292
SPADES THREE CLUBS QUEEN,0.2954,0.033,0.6716
DIAMONDS TWO HEARTS TEN,0.4508,0.0276,0.5216
SPADES THREE CLUBS KING,0.2762,0.0264,0.6974
HEARTS FIVE CLUBS ACE,0.3782,0.005,0.6168
SPADES FIVE HEARTS TEN,0.4008,0.026,0.5732
SPADES THREE CLUBS ACE,0.272,0.0168,0.7112
HEARTS FIVE CLUBS KING,0.3902,0.0118,0.598
SPADES FIVE HEARTS JACK,0.3966,0.016,0.5874
HEARTS FIVE CLUBS QUEEN,0.3814,0.0126,0.606
HEARTS THREE CLUBS KING,0.2842,0.0294,0.6864
DIAMONDS KING CLUBS KING,0.1736,0.018,0.8084
HEARTS THREE CLUBS QUEEN,0.2852,0.0362,0.6786
DIAMONDS KING CLUBS QUEEN,0.375,0.0066,0.6184
HEARTS FIVE HEARTS JACK,0.3598,0.0222,0.618
HEARTS FIVE HEARTS TEN,0.3718,0.0276,0.6006
HEARTS THREE CLUBS ACE,0.2766,0.0138,0.7096
DIAMONDS KING CLUBS ACE,0.3618,0.0046,0.6336
SPADES ACE CLUBS QUEEN,0.3736,0.0046,0.6218
SPADES KING CLUBS QUEEN,0.3512,0.0066,0.6422
CLUBS JACK HEARTS THREE,0.276,0.054,0.67
CLUBS JACK DIAMONDS KING,0.3656,0.0074,0.627
SPADES QUEEN CLUBS QUEEN,0.1778,0.03,0.7922
CLUBS TEN HEARTS THREE,0.2888,0.0626,0.6486
CLUBS TEN DIAMONDS KING,0.36,0.0076,0.6324
SPADES JACK CLUBS QUEEN,0.3648,0.0108,0.6244
CLUBS SIX CLUBS QUEEN,0.3332,0.0148,0.652
SPADES TEN CLUBS QUEEN,0.3644,0.011,0.6246
CLUBS SIX CLUBS KING,0.3346,0.009,0.6564
CLUBS SIX CLUBS ACE,0.3406,0.005,0.6544
HEARTS FIVE HEARTS KING,0.3804,0.006,0.6136
HEARTS FIVE HEARTS QUEEN,0.3926,0.0122,0.5952
CLUBS TEN CLUBS SIX,0.3352,0.0322,0.6326
HEARTS FIVE HEARTS ACE,0.3742,0.0054,0.6204
CLUBS JACK CLUBS SIX,0.3394,0.021,0.6396
SPADES SEVEN HEARTS JACK,0.2852,0.0608,0.654
SPADES SEVEN HEARTS TEN,0.2764,0.0824,0.6412
DIAMONDS TWO CLUBS TWO,0.3686,0.128,0.5034
HEARTS SIX DIAMONDS TWO,0.5726,0.108,0.3194
DIAMONDS TWO HEARTS QUEEN,0.4296,0.015,0.5554
DIAMONDS TWO HEARTS SEVEN,0.3208,0.4842,0.195
DIAMONDS TWO HEARTS KING,0.4454,0.0104,0.5442
DIAMONDS TWO HEARTS EIGHT,0.4462,0.0628,0.491
DIAMONDS TWO HEARTS ACE,0.4254,0.007,0.5676
DIAMONDS TWO HEARTS NINE,0.434,0.0414,0.5246
DIAMONDS TWO DIAMONDS QUEEN,0.416,0.011,0.573
DIAMONDS TWO HEARTS TWO,0.3766,0.1266,0.4968
DIAMONDS TWO DIAMONDS KING,0.401,0.009,0.59
HEARTS THREE DIAMONDS TWO,0.5884,0.1922,0.2194
DIAMONDS TWO DIAMONDS ACE,0.4104,0.007,0.5826
HEARTS FOUR DIAMONDS TWO,0.5718,0.1014,0.3268
DIAMONDS TWO HEARTS FIVE,0.5576,0.101,0.3414
SPADES SEVEN HEARTS ACE,0.2838,0.0256,0.6906
DIAMONDS TWO DIAMONDS TEN,0.4162,0.0278,0.556
SPADES SEVEN HEARTS KING,0.2908,0.0362,0.673
DIAMONDS TWO DIAMONDS JACK,0.4018,0.0176,0.5806
SPADES SEVEN HEARTS QUEEN,0.2928,0.0428,0.6644
DIAMONDS TWO SPADES NINE,0.439,0.0394,0.5216
DIAMONDS TWO SPADES EIGHT,0.4256,0.0708,0.5036
DIAMONDS TWO SPADES SEVEN,0.3044,0.4884,0.2072
DIAMONDS TWO SPADES SIX,0.5756,0.0956,0.3288
DIAMONDS TWO SPADES FIVE,0.5536,0.1032,0.3432
DIAMONDS TWO SPADES FOUR,0.5642,0.1014,0.3344
DIAMONDS TWO SPADES THREE,0.595,0.1866,0.2184
DIAMONDS TWO SPADES TWO,0.3758,0.127,0.4972
DIAMONDS TWO CLUBS NINE,0.4208,0.046,0.5332
CLUBS EIGHT DIAMONDS TWO,0.4312,0.0644,0.5044
DIAMONDS TWO CLUBS SIX,0.5748,0.1082,0.317
DIAMONDS TWO CLUBS FIVE,0.5662,0.1048,0.329
DIAMONDS TWO CLUBS FOUR,0.5594,0.0996,0.341
CLUBS FOUR SPADES FIVE,0.5108,0.0938,0.3954
CLUBS FOUR SPADES FOUR,0.2832,0.114,0.6028
CLUBS FOUR SPADES THREE,0.5484,0.1916,0.26
CLUBS FOUR SPADES TWO,0.5526,0.105,0.3424
SPADES NINE CLUBS FOUR,0.4008,0.0444,0.5548
SPADES EIGHT CLUBS FOUR,0.3854,0.06,0.5546
SPADES SEVEN CLUBS FOUR,0.2478,0.49,0.2622
CLUBS FOUR SPADES SIX,0.5142,0.1026,0.3832
SPADES ACE DIAMONDS SIX,0.3986,0.0044,0.597
SPADES QUEEN DIAMONDS SIX,0.4076,0.014,0.5784
SPADES KING DIAMONDS SIX,0.4006,0.0082,0.5912
SPADES TEN DIAMONDS SIX,0.397,0.0308,0.5722
SPADES JACK DIAMONDS SIX,0.4188,0.0194,0.5618
SPADES QUEEN SPADES TWO,0.4162,0.015,0.5688
SPADES KING SPADES TWO,0.411,0.0068,0.5822
SPADES ACE SPADES TWO,0.4158,0.0056,0.5786
CLUBS JACK DIAMONDS JACK,0.178,0.0424,0.7796
CLUBS TEN DIAMONDS JACK,0.3496,0.012,0.6384
DIAMONDS JACK CLUBS KING,0.358,0.0072,0.6348
DIAMONDS JACK CLUBS QUEEN,0.358,0.0104,0.6316
DIAMONDS THREE DIAMONDS JACK,0.2826,0.054,0.6634
DIAMONDS THREE DIAMONDS TEN,0.2866,0.0668,0.6466
DIAMONDS JACK CLUBS ACE,0.3592,0.0048,0.636
DIAMONDS THREE DIAMONDS KING,0.2976,0.0274,0.675
HEARTS THREE DIAMONDS THREE,0.3106,0.0826,0.6068
DIAMONDS THREE DIAMONDS QUEEN,0.275,0.0384,0.6866
DIAMONDS THREE HEARTS TWO,0.5858,0.1904,0.2238
HEARTS FIVE DIAMONDS THREE,0.5672,0.19,0.2428
DIAMONDS THREE DIAMONDS ACE,0.2762,0.0118,0.712
HEARTS FOUR DIAMONDS THREE,0.5546,0.1926,0.2528
DIAMONDS THREE HEARTS SEVEN,0.0746,0.9052,0.0202
SPADES TEN SPADES NINE,0.3454,0.0216,0.633
HEARTS SIX DIAMONDS THREE,0.583,0.1796,0.2374
SPADES JACK SPADES NINE,0.3394,0.0166,0.644
DIAMONDS THREE HEARTS NINE,0.308,0.1036,0.5884
HEARTS JACK DIAMONDS FOUR,0.3982,0.0206,0.5812
HEARTS KING HEARTS ACE,0.351,0.0048,0.6442
SPADES TEN SPADES TWO,0.4082,0.0304,0.5614
DIAMONDS THREE HEARTS EIGHT,0.2998,0.1338,0.5664
HEARTS TEN DIAMONDS FOUR,0.3978,0.0248,0.5774
SPADES JACK SPADES TWO,0.4138,0.0198,0.5664
HEARTS QUEEN DIAMONDS FOUR,0.4034,0.011,0.5856
HEARTS KING DIAMONDS FOUR,0.4108,0.0074,0.5818
SPADES ACE SPADES NINE,0.3452,0.0048,0.65
HEARTS ACE DIAMONDS FOUR,0.3956,0.006,0.5984
SPADES KING SPADES NINE,0.351,0.0082,0.6408
SPADES QUEEN SPADES NINE,0.3492,0.0128,0.638
DIAMONDS THREE SPADES NINE,0.2898,0.107,0.6032
DIAMONDS THREE SPADES EIGHT,0.2904,0.135,0.5746
DIAMONDS THREE SPADES SEVEN,0.0682,0.9124,0.0194
DIAMONDS THREE SPADES SIX,0.5816,0.1782,0.2402
DIAMONDS THREE CLUBS SIX,0.5818,0.184,0.2342
CLUBS FIVE CLUBS SIX,0.4996,0.0966,0.4038
CLUBS ACE DIAMONDS FOUR,0.3786,0.0054,0.616
DIAMONDS THREE CLUBS FOUR,0.5616,0.191,0.2474
DIAMONDS FOUR CLUBS QUEEN,0.3918,0.0144,0.5938
DIAMONDS THREE CLUBS FIVE,0.5614,0.1914,0.2472
DIAMONDS FOUR CLUBS KING,0.3984,0.0108,0.5908
DIAMONDS THREE CLUBS TWO,0.5704,0.1998,0.2298
CLUBS TEN DIAMONDS FOUR,0.3866,0.0274,0.586
CLUBS JACK DIAMONDS FOUR,0.381,0.018,0.601
DIAMONDS THREE SPADES FOUR,0.5548,0.1902,0.255
DIAMONDS THREE SPADES FIVE,0.5552,0.1886,0.2562
DIAMONDS THREE SPADES TWO,0.599,0.1898,0.2112
DIAMONDS THREE SPADES THREE,0.3084,0.076,0.6156
CLUBS EIGHT DIAMONDS THREE,0.2782,0.139,0.5828
CLUBS NINE DIAMONDS THREE,0.2668,0.1062,0.627
SPADES SEVEN CLUBS ACE,0.2614,0.0252,0.7134
SPADES SEVEN CLUBS QUEEN,0.2664,0.0472,0.6864
SPADES SEVEN CLUBS KING,0.2718,0.0372,0.691
CLUBS FIVE SPADES SEVEN,0.2348,0.4354,0.3298
CLUBS TEN SPADES SEVEN,0.2712,0.075,0.6538
CLUBS FIVE SPADES SIX,0.505,0.102,0.393
CLUBS JACK SPADES SEVEN,0.2626,0.0636,0.6738
CLUBS FIVE SPADES NINE,0.3806,0.037,0.5824
CLUBS FIVE SPADES EIGHT,0.3706,0.0622,0.5672
CLUBS FIVE SPADES THREE,0.5536,0.1866,0.2598
CLUBS FIVE SPADES TWO,0.5602,0.1068,0.333
CLUBS FIVE SPADES FIVE,0.28,0.1108,0.6092
CLUBS FIVE SPADES FOUR,0.505,0.0996,0.3954
CLUBS NINE CLUBS FIVE,0.3462,0.04,0.6138
CLUBS EIGHT CLUBS FIVE,0.3192,0.071,0.6098
CLUBS ACE CLUBS QUEEN,0.3004,0.0064,0.6932
CLUBS KING CLUBS QUEEN,0.3174,0.0088,0.6738
DIAMONDS TEN DIAMONDS FOUR,0.3754,0.0266,0.598
CLUBS TEN DIAMONDS NINE,0.3524,0.023,0.6246
DIAMONDS JACK DIAMONDS FOUR,0.3866,0.0182,0.5952
CLUBS JACK DIAMONDS NINE,0.3588,0.0128,0.6284
CLUBS JACK SPADES NINE,0.3478,0.019,0.6332
CLUBS TEN SPADES NINE,0.3432,0.0256,0.6312
DIAMONDS ACE DIAMONDS FOUR,0.3666,0.0042,0.6292
HEARTS FOUR DIAMONDS FOUR,0.2884,0.1168,0.5948
DIAMONDS JACK HEARTS TEN,0.3666,0.0122,0.6212
SPADES NINE CLUBS KING,0.3616,0.0084,0.63
DIAMONDS TWO SPADES TEN,0.4362,0.0302,0.5336
DIAMONDS NINE CLUBS ACE,0.378,0.0048,0.6172
HEARTS FIVE DIAMONDS FOUR,0.5076,0.0954,0.397
HEARTS JACK DIAMONDS JACK,0.1788,0.043,0.7782
SPADES NINE CLUBS QUEEN,0.36,0.012,0.628
DIAMONDS TWO SPADES JACK,0.4406,0.0192,0.5402
DIAMONDS QUEEN DIAMONDS FOUR,0.3742,0.0148,0.611
HEARTS TWO DIAMONDS FOUR,0.5478,0.105,0.3472
DIAMONDS NINE CLUBS QUEEN,0.3606,0.0104,0.629
DIAMONDS KING DIAMONDS FOUR,0.3796,0.0094,0.611
HEARTS THREE DIAMONDS FOUR,0.5542,0.1962,0.2496
SPADES NINE CLUBS ACE,0.3584,0.0058,0.6358
DIAMONDS NINE CLUBS KING,0.3594,0.0076,0.633
HEARTS ACE DIAMONDS JACK,0.3852,0.0044,0.6104
SPADES ACE DIAMONDS TWO,0.4394,0.0042,0.5564
DIAMONDS JACK HEARTS QUEEN,0.3652,0.0068,0.628
SPADES QUEEN DIAMONDS TWO,0.4462,0.0116,0.5422
HEARTS KING DIAMONDS JACK,0.3876,0.006,0.6064
SPADES KING DIAMONDS TWO,0.4382,0.0086,0.5532
SPADES JACK SPADES SEVEN,0.2726,0.0546,0.6728
SPADES TEN SPADES SEVEN,0.2734,0.069,0.6576
SPADES TWO DIAMONDS FOUR,0.5638,0.0976,0.3386
SPADES THREE DIAMONDS FOUR,0.566,0.1894,0.2446
SPADES FOUR DIAMONDS FOUR,0.2836,0.123,0.5934
SPADES FIVE DIAMONDS FOUR,0.4998,0.0974,0.4028
SPADES SIX DIAMONDS FOUR,0.5356,0.0956,0.3688
SPADES SEVEN DIAMONDS FOUR,0.2574,0.476,0.2666
SPADES EIGHT DIAMONDS FOUR,0.385,0.0706,0.5444
SPADES NINE DIAMONDS FOUR,0.416,0.043,0.541
CLUBS FIVE DIAMONDS FOUR,0.4982,0.1044,0.3974
CLUBS FOUR DIAMONDS FOUR,0.269,0.1182,0.6128
CLUBS SIX DIAMONDS FOUR,0.5136,0.0972,0.3892
CLUBS NINE DIAMONDS FOUR,0.4,0.0446,0.5554
CLUBS EIGHT DIAMONDS FOUR,0.3734,0.0696,0.557
DIAMONDS FOUR HEARTS SEVEN,0.2684,0.4768,0.2548
HEARTS SIX DIAMONDS FOUR,0.52,0.0968,0.3832
HEARTS NINE DIAMONDS FOUR,0.4058,0.043,0.5512
DIAMONDS FOUR HEARTS EIGHT,0.3884,0.0644,0.5472
CLUBS TWO DIAMONDS FOUR,0.5522,0.11,0.3378
DIAMONDS TEN DIAMONDS FIVE,0.3764,0.0292,0.5944
DIAMONDS JACK DIAMONDS FIVE,0.3766,0.0184,0.605
DIAMONDS NINE HEARTS QUEEN,0.3802,0.0126,0.6072
HEARTS KING DIAMONDS NINE,0.372,0.0058,0.6222
DIAMONDS NINE HEARTS ACE,0.3698,0.0036,0.6266
DIAMONDS NINE HEARTS TEN,0.3608,0.0248,0.6144
DIAMONDS NINE HEARTS JACK,0.3744,0.0142,0.6114
CLUBS KING DIAMONDS SIX,0.3942,0.0068,0.599
CLUBS QUEEN DIAMONDS SIX,0.4008,0.0124,0.5868
CLUBS ACE DIAMONDS SIX,0.376,0.0056,0.6184
SPADES KING DIAMONDS FOUR,0.4046,0.0082,0.5872
SPADES ACE SPADES SEVEN,0.2634,0.022,0.7146
SPADES QUEEN DIAMONDS FOUR,0.4052,0.012,0.5828
SPADES QUEEN SPADES SEVEN,0.2708,0.0442,0.685
CLUBS JACK DIAMONDS SIX,0.3906,0.0194,0.59
SPADES KING SPADES SEVEN,0.2624,0.0356,0.702
SPADES ACE DIAMONDS FOUR,0.3906,0.0034,0.606
CLUBS TEN DIAMONDS SIX,0.3878,0.0262,0.586
CLUBS NINE CLUBS FOUR,0.3476,0.0412,0.6112
CLUBS EIGHT CLUBS FOUR,0.338,0.0684,0.5936
SPADES JACK DIAMONDS FOUR,0.4148,0.0168,0.5684
SPADES TEN DIAMONDS FOUR,0.4044,0.0266,0.569
CLUBS FIVE CLUBS FOUR,0.4954,0.0912,0.4134
CLUBS SIX CLUBS FOUR,0.5078,0.1006,0.3916
HEARTS SIX DIAMONDS FIVE,0.519,0.0942,0.3868
DIAMONDS FIVE HEARTS SEVEN,0.2586,0.4196,0.3218
DIAMONDS FIVE HEARTS EIGHT,0.3726,0.0596,0.5678
HEARTS NINE DIAMONDS FIVE,0.405,0.0396,0.5554
DIAMONDS QUEEN DIAMONDS FIVE,0.3638,0.015,0.6212
HEARTS TWO DIAMONDS FIVE,0.5648,0.1018,0.3334
HEARTS KING HEARTS EIGHT,0.3548,0.007,0.6382
DIAMONDS KING DIAMONDS FIVE,0.3752,0.0084,0.6164
HEARTS THREE DIAMONDS FIVE,0.567,0.1902,0.2428
HEARTS QUEEN HEARTS EIGHT,0.355,0.0126,0.6324
DIAMONDS ACE DIAMONDS FIVE,0.3672,0.0038,0.629
HEARTS FOUR DIAMONDS FIVE,0.5152,0.0938,0.391
HEARTS FIVE DIAMONDS FIVE,0.2832,0.1086,0.6082
HEARTS ACE HEARTS EIGHT,0.3558,0.0042,0.64
CLUBS FOUR DIAMONDS FIVE,0.5058,0.0976,0.3966
CLUBS FIVE DIAMONDS FIVE,0.2796,0.1094,0.611
CLUBS SIX DIAMONDS FIVE,0.4994,0.096,0.4046
CLUBS TWO DIAMONDS FIVE,0.5572,0.1004,0.3424
SPADES THREE DIAMONDS FIVE,0.5666,0.1782,0.2552
SPADES TWO DIAMONDS FIVE,0.5652,0.0938,0.341
SPADES JACK DIAMONDS EIGHT,0.3702,0.0192,0.6106
SPADES FIVE DIAMONDS FIVE,0.2824,0.1116,0.606
CLUBS TEN HEARTS JACK,0.3422,0.0146,0.6432
SPADES TEN DIAMONDS EIGHT,0.3704,0.0236,0.606
SPADES FOUR DIAMONDS FIVE,0.5202,0.1036,0.3762
CLUBS JACK HEARTS JACK,0.1788,0.0442,0.777
HEARTS JACK CLUBS QUEEN,0.3452,0.0118,0.643
CLUBS NINE DIAMONDS FIVE,0.3744,0.0444,0.5812
CLUBS EIGHT DIAMONDS FIVE,0.3634,0.0664,0.5702
HEARTS JACK CLUBS KING,0.3554,0.008,0.6366
HEARTS JACK CLUBS ACE,0.3572,0.0062,0.6366
SPADES SEVEN DIAMONDS FIVE,0.2652,0.4178,0.317
SPADES KING DIAMONDS EIGHT,0.3812,0.0056,0.6132
SPADES QUEEN DIAMONDS EIGHT,0.3796,0.014,0.6064
SPADES SIX DIAMONDS FIVE,0.5146,0.0976,0.3878
SPADES NINE DIAMONDS FIVE,0.3972,0.0408,0.562
SPADES EIGHT DIAMONDS FIVE,0.3738,0.071,0.5552
SPADES ACE DIAMONDS EIGHT,0.385,0.0046,0.6104
DIAMONDS TEN DIAMONDS SIX,0.372,0.0232,0.6048
HEARTS ACE DIAMONDS SEVEN,0.287,0.0236,0.6894
DIAMONDS JACK DIAMONDS SIX,0.3758,0.0182,0.606
HEARTS QUEEN DIAMONDS SEVEN,0.2878,0.0472,0.665
HEARTS KING DIAMONDS SEVEN,0.2894,0.0406,0.67
DIAMONDS ACE DIAMONDS SIX,0.372,0.0042,0.6238
HEARTS FOUR DIAMONDS SIX,0.5228,0.1038,0.3734
HEARTS JACK SPADES TWO,0.4518,0.0162,0.532
HEARTS FIVE DIAMONDS SIX,0.5004,0.1052,0.3944
SPADES TWO HEARTS TEN,0.444,0.0278,0.5282
DIAMONDS QUEEN DIAMONDS SIX,0.3726,0.0122,0.6152
HEARTS TWO DIAMONDS SIX,0.5694,0.0992,0.3314
DIAMONDS KING DIAMONDS SIX,0.3812,0.007,0.6118
HEARTS THREE DIAMONDS SIX,0.59,0.1802,0.2298
HEARTS EIGHT DIAMONDS SIX,0.3648,0.0638,0.5714
HEARTS NINE DIAMONDS SIX,0.3816,0.0386,0.5798
HEARTS SIX DIAMONDS SIX,0.2726,0.1006,0.6268
HEARTS SEVEN DIAMONDS SIX,0.258,0.3514,0.3906
HEARTS TEN DIAMONDS SEVEN,0.28,0.0752,0.6448
CLUBS TWO DIAMONDS SIX,0.5702,0.1046,0.3252
HEARTS JACK DIAMONDS SEVEN,0.2958,0.0554,0.6488
CLUBS JACK DIAMONDS EIGHT,0.3432,0.0182,0.6386
CLUBS SIX DIAMONDS SIX,0.2764,0.1038,0.6198
CLUBS TEN DIAMONDS EIGHT,0.3484,0.0256,0.626
CLUBS FIVE DIAMONDS SIX,0.5094,0.1002,0.3904
CLUBS FOUR DIAMONDS SIX,0.5204,0.0996,0.38
HEARTS ACE HEARTS JACK,0.3596,0.005,0.6354
DIAMONDS EIGHT CLUBS ACE,0.3552,0.0046,0.6402
HEARTS JACK HEARTS QUEEN,0.3546,0.0104,0.635
DIAMONDS EIGHT CLUBS KING,0.3656,0.0088,0.6256
CLUBS NINE DIAMONDS SIX,0.3686,0.04,0.5914
HEARTS KING HEARTS JACK,0.3454,0.008,0.6466
CLUBS EIGHT DIAMONDS SIX,0.3608,0.0636,0.5756
DIAMONDS EIGHT CLUBS QUEEN,0.3496,0.013,0.6374
SPADES TEN HEARTS KING,0.3858,0.0064,0.6078
SPADES FIVE DIAMONDS SIX,0.5124,0.0902,0.3974
HEARTS ACE SPADES TWO,0.4234,0.0052,0.5714
SPADES JACK HEARTS KING,0.3688,0.0088,0.6224
SPADES FOUR DIAMONDS SIX,0.5262,0.1014,0.3724
SPADES THREE DIAMONDS SIX,0.5756,0.1838,0.2406
HEARTS QUEEN SPADES TWO,0.4502,0.0108,0.539
SPADES ACE SPADES KING,0.3604,0.0064,0.6332
HEARTS KING SPADES TWO,0.434,0.0102,0.5558
SPADES TWO DIAMONDS SIX,0.573,0.109,0.318
HEARTS TEN HEARTS EIGHT,0.3388,0.0208,0.6404
SPADES NINE DIAMONDS SIX,0.3748,0.0398,0.5854
HEARTS JACK HEARTS EIGHT,0.3486,0.0178,0.6336
SPADES EIGHT DIAMONDS SIX,0.372,0.0602,0.5678
SPADES SEVEN DIAMONDS SIX,0.2618,0.3544,0.3838
SPADES SIX DIAMONDS SIX,0.2774,0.0966,0.626
SPADES KING HEARTS KING,0.1868,0.0198,0.7934
SPADES QUEEN HEARTS KING,0.3722,0.0068,0.621
CLUBS ACE CLUBS KING,0.3148,0.008,0.6772
SPADES ACE HEARTS KING,0.3858,0.0036,0.6106
SPADES ACE HEARTS JACK,0.3936,0.0034,0.603
SPADES QUEEN HEARTS JACK,0.3694,0.0102,0.6204
SPADES KING HEARTS JACK,0.376,0.0048,0.6192
SPADES TEN DIAMONDS TEN,0.1868,0.06,0.7532
SPADES JACK DIAMONDS TEN,0.3706,0.0136,0.6158
SPADES ACE DIAMONDS TEN,0.3704,0.0032,0.6264
SPADES JACK HEARTS JACK,0.1864,0.0392,0.7744
SPADES TEN HEARTS JACK,0.3652,0.0148,0.62
SPADES QUEEN DIAMONDS TEN,0.3704,0.0102,0.6194
SPADES KING DIAMONDS TEN,0.3674,0.0062,0.6264
SPADES NINE DIAMONDS SEVEN,0.279,0.1056,0.6154
SPADES EIGHT DIAMONDS SEVEN,0.2594,0.1352,0.6054
SPADES SEVEN DIAMONDS SEVEN,0.1362,0.0944,0.7694
SPADES SIX DIAMONDS SEVEN,0.2648,0.3448,0.3904
DIAMONDS KING DIAMONDS SEVEN,0.278,0.0352,0.6868
HEARTS THREE DIAMONDS SEVEN,0.0688,0.9118,0.0194
HEARTS KING DIAMONDS FIVE,0.4068,0.0084,0.5848
DIAMONDS QUEEN DIAMONDS SEVEN,0.2636,0.047,0.6894
HEARTS TWO DIAMONDS SEVEN,0.3108,0.4864,0.2028
HEARTS QUEEN DIAMONDS FIVE,0.415,0.0108,0.5742
HEARTS FIVE DIAMONDS SEVEN,0.2606,0.4114,0.328
DIAMONDS ACE DIAMONDS SEVEN,0.2606,0.0256,0.7138
HEARTS FOUR DIAMONDS SEVEN,0.2588,0.4802,0.261
HEARTS ACE DIAMONDS FIVE,0.386,0.0026,0.6114
HEARTS SEVEN DIAMONDS SEVEN,0.1262,0.096,0.7778
HEARTS SIX DIAMONDS SEVEN,0.2486,0.362,0.3894
HEARTS NINE DIAMONDS SEVEN,0.2938,0.1028,0.6034
DIAMONDS SEVEN HEARTS EIGHT,0.262,0.1438,0.5942
DIAMONDS JACK DIAMONDS SEVEN,0.267,0.0632,0.6698
HEARTS JACK DIAMONDS FIVE,0.3904,0.018,0.5916
DIAMONDS TEN DIAMONDS SEVEN,0.2642,0.0774,0.6584
DIAMONDS FIVE HEARTS TEN,0.3812,0.0274,0.5914
CLUBS EIGHT DIAMONDS SEVEN,0.2456,0.1342,0.6202
SPADES KING CLUBS TWO,0.4314,0.0078,0.5608
HEARTS KING CLUBS KING,0.1694,0.0144,0.8162
SPADES QUEEN CLUBS TWO,0.4278,0.0158,0.5564
HEARTS KING CLUBS QUEEN,0.3536,0.008,0.6384
CLUBS NINE DIAMONDS SEVEN,0.2696,0.1106,0.6198
CLUBS JACK SPADES TWO,0.4256,0.0184,0.556
SPADES ACE CLUBS TWO,0.414,0.0054,0.5806
CLUBS TEN SPADES TWO,0.4324,0.0278,0.5398
HEARTS KING CLUBS ACE,0.3502,0.0052,0.6446
SPADES TWO CLUBS KING,0.4266,0.0116,0.5618
SPADES TWO DIAMONDS SEVEN,0.315,0.483,0.202
CLUBS EIGHT CLUBS SIX,0.3166,0.0586,0.6248
SPADES THREE DIAMONDS SEVEN,0.0744,0.9038,0.0218
SPADES TWO CLUBS QUEEN,0.4224,0.0154,0.5622
CLUBS NINE CLUBS SIX,0.3302,0.0434,0.6264
SPADES FOUR DIAMONDS SEVEN,0.2594,0.4782,0.2624
CLUBS JACK HEARTS KING,0.3558,0.0088,0.6354
SPADES FIVE DIAMONDS SEVEN,0.2566,0.4188,0.3246
SPADES TWO CLUBS ACE,0.4112,0.0048,0.584
CLUBS TEN HEARTS KING,0.3634,0.0074,0.6292
CLUBS SIX SPADES TWO,0.5846,0.101,0.3144
CLUBS SIX SPADES THREE,0.574,0.1948,0.2312
CLUBS TWO DIAMONDS SEVEN,0.3072,0.4888,0.204
CLUBS SIX SPADES FOUR,0.507,0.1024,0.3906
CLUBS SIX SPADES FIVE,0.4988,0.0966,0.4046
CLUBS FOUR DIAMONDS SEVEN,0.2566,0.4808,0.2626
CLUBS SIX SPADES SIX,0.2878,0.1044,0.6078
CLUBS FIVE DIAMONDS SEVEN,0.2472,0.4276,0.3252
CLUBS SIX SPADES SEVEN,0.2496,0.3438,0.4066
CLUBS SIX DIAMONDS SEVEN,0.2524,0.3572,0.3904
CLUBS SIX SPADES EIGHT,0.3676,0.055,0.5774
SPADES JACK CLUBS TWO,0.4358,0.0188,0.5454
SPADES NINE CLUBS SIX,0.3768,0.043,0.5802
SPADES TEN CLUBS TWO,0.419,0.0304,0.5506
CLUBS TWO CLUBS QUEEN,0.3906,0.0138,0.5956
CLUBS TWO CLUBS KING,0.3942,0.0114,0.5944
CLUBS TWO CLUBS ACE,0.3808,0.0054,0.6138
CLUBS TWO DIAMONDS EIGHT,0.4364,0.0648,0.4988
DIAMONDS EIGHT HEARTS SEVEN,0.2532,0.1386,0.6082
HEARTS SIX DIAMONDS EIGHT,0.3662,0.0568,0.577
DIAMONDS EIGHT HEARTS NINE,0.3588,0.037,0.6042
CLUBS TEN CLUBS TWO,0.3884,0.028,0.5836
DIAMONDS EIGHT HEARTS EIGHT,0.1788,0.0826,0.7386
CLUBS JACK CLUBS TWO,0.3938,0.0216,0.5846
CLUBS NINE DIAMONDS EIGHT,0.3374,0.0418,0.6208
CLUBS EIGHT DIAMONDS EIGHT,0.1702,0.0802,0.7496
CLUBS FIVE DIAMONDS EIGHT,0.375,0.0676,0.5574
SPADES ACE SPADES THREE,0.2832,0.0152,0.7016
CLUBS FOUR DIAMONDS EIGHT,0.392,0.0718,0.5362
SPADES QUEEN SPADES THREE,0.2814,0.037,0.6816
CLUBS SIX DIAMONDS EIGHT,0.3588,0.0642,0.577
SPADES KING SPADES THREE,0.2818,0.0242,0.694
DIAMONDS QUEEN DIAMONDS EIGHT,0.3482,0.0116,0.6402
HEARTS TWO DIAMONDS EIGHT,0.4402,0.0706,0.4892
DIAMONDS KING DIAMONDS EIGHT,0.355,0.0066,0.6384
HEARTS THREE DIAMONDS EIGHT,0.298,0.135,0.567
DIAMONDS ACE DIAMONDS EIGHT,0.344,0.0062,0.6498
HEARTS FOUR DIAMONDS EIGHT,0.3874,0.0608,0.5518
HEARTS FIVE DIAMONDS EIGHT,0.3754,0.0652,0.5594
DIAMONDS EIGHT DIAMONDS TEN,0.3204,0.0262,0.6534
DIAMONDS EIGHT DIAMONDS JACK,0.3436,0.0152,0.6412
SPADES JACK SPADES THREE,0.287,0.0528,0.6602
SPADES TEN SPADES THREE,0.2866,0.069,0.6444
CLUBS FOUR HEARTS ACE,0.3888,0.0044,0.6068
CLUBS FOUR HEARTS QUEEN,0.4028,0.0142,0.583
CLUBS FOUR HEARTS KING,0.397,0.0096,0.5934
CLUBS SIX HEARTS TEN,0.3872,0.0276,0.5852
CLUBS SIX HEARTS JACK,0.3854,0.0206,0.594
DIAMONDS EIGHT SPADES FOUR,0.3972,0.0674,0.5354
SPADES FIVE DIAMONDS EIGHT,0.3888,0.0626,0.5486
DIAMONDS EIGHT SPADES TWO,0.4478,0.0628,0.4894
DIAMONDS EIGHT SPADES THREE,0.288,0.1338,0.5782
CLUBS FOUR HEARTS JACK,0.3994,0.02,0.5806
SPADES EIGHT DIAMONDS EIGHT,0.185,0.076,0.739
SPADES TEN DIAMONDS QUEEN,0.385,0.009,0.606
SPADES TEN HEARTS TWO,0.4454,0.039,0.5156
SPADES JACK HEARTS EIGHT,0.3604,0.0182,0.6214
CLUBS FOUR HEARTS TEN,0.4026,0.0268,0.5706
SPADES NINE DIAMONDS EIGHT,0.3506,0.0372,0.6122
SPADES TEN HEARTS EIGHT,0.3468,0.0248,0.6284
SPADES JACK HEARTS TWO,0.437,0.0204,0.5426
SPADES JACK DIAMONDS QUEEN,0.3712,0.0102,0.6186
SPADES SIX DIAMONDS EIGHT,0.375,0.0624,0.5626
SPADES SEVEN DIAMONDS EIGHT,0.2636,0.1428,0.5936
SPADES ACE HEARTS TWO,0.4302,0.0048,0.565
SPADES ACE DIAMONDS QUEEN,0.3826,0.0052,0.6122
SPADES ACE HEARTS EIGHT,0.3716,0.003,0.6254
SPADES KING HEARTS EIGHT,0.3798,0.0072,0.613
SPADES QUEEN HEARTS TWO,0.4408,0.0106,0.5486
SPADES QUEEN DIAMONDS QUEEN,0.1828,0.0286,0.7886
SPADES KING DIAMONDS QUEEN,0.3786,0.0064,0.615
SPADES KING HEARTS TWO,0.441,0.0076,0.5514
SPADES QUEEN HEARTS EIGHT,0.3652,0.0104,0.6244
CLUBS TWO HEARTS TEN,0.4378,0.0296,0.5326
CLUBS TWO HEARTS JACK,0.4086,0.0194,0.572
SPADES SEVEN DIAMONDS NINE,0.2728,0.1122,0.615
SPADES SIX DIAMONDS NINE,0.3906,0.039,0.5704
SPADES NINE DIAMONDS NINE,0.2002,0.061,0.7388
SPADES EIGHT DIAMONDS NINE,0.3492,0.0402,0.6106
SPADES TEN CLUBS KING,0.3628,0.0084,0.6288
DIAMONDS NINE SPADES THREE,0.2928,0.1006,0.6066
SPADES JACK CLUBS KING,0.3516,0.0086,0.6398
DIAMONDS NINE SPADES TWO,0.4448,0.0424,0.5128
DIAMONDS NINE SPADES FIVE,0.3868,0.0376,0.5756
DIAMONDS NINE SPADES FOUR,0.4032,0.0392,0.5576
CLUBS NINE DIAMONDS NINE,0.1666,0.0694,0.764
CLUBS EIGHT DIAMONDS NINE,0.3376,0.0402,0.6222
CLUBS SIX DIAMONDS NINE,0.3596,0.0466,0.5938
SPADES JACK CLUBS FOUR,0.3934,0.0182,0.5884
SPADES TEN CLUBS FOUR,0.398,0.0314,0.5706
CLUBS FOUR DIAMONDS NINE,0.3978,0.0448,0.5574
CLUBS FIVE DIAMONDS NINE,0.3892,0.041,0.5698
CLUBS TWO DIAMONDS NINE,0.4414,0.043,0.5156
DIAMONDS NINE HEARTS EIGHT,0.358,0.0386,0.6034
DIAMONDS NINE HEARTS NINE,0.189,0.0714,0.7396
HEARTS SIX DIAMONDS NINE,0.383,0.0386,0.5784
DIAMONDS NINE HEARTS SEVEN,0.2894,0.0996,0.611
CLUBS EIGHT CLUBS NINE,0.29,0.0386,0.6714
DIAMONDS ACE DIAMONDS NINE,0.3596,0.004,0.6364
HEARTS FOUR DIAMONDS NINE,0.3994,0.0444,0.5562
HEARTS FIVE DIAMONDS NINE,0.398,0.0412,0.5608
CLUBS TWO HEARTS ACE,0.4212,0.007,0.5718
SPADES ACE CLUBS FOUR,0.3812,0.006,0.6128
DIAMONDS QUEEN DIAMONDS NINE,0.3414,0.0094,0.6492
HEARTS TWO DIAMONDS NINE,0.4368,0.0426,0.5206
CLUBS TWO HEARTS KING,0.4252,0.0098,0.565
SPADES KING CLUBS FOUR,0.4154,0.01,0.5746
DIAMONDS KING DIAMONDS NINE,0.367,0.0068,0.6262
HEARTS THREE DIAMONDS NINE,0.291,0.0952,0.6138
CLUBS TWO HEARTS QUEEN,0.4316,0.0152,0.5532
SPADES QUEEN CLUBS FOUR,0.3892,0.014,0.5968
DIAMONDS NINE DIAMONDS JACK,0.342,0.0184,0.6396
CLUBS EIGHT SPADES NINE,0.3398,0.0354,0.6248
DIAMONDS NINE DIAMONDS TEN,0.3298,0.0262,0.644
CLUBS EIGHT SPADES EIGHT,0.1702,0.0824,0.7474
CLUBS EIGHT SPADES SEVEN,0.251,0.1328,0.6162
CLUBS EIGHT SPADES SIX,0.3582,0.0664,0.5754
CLUBS EIGHT SPADES FIVE,0.3736,0.0578,0.5686
CLUBS EIGHT SPADES FOUR,0.3776,0.0686,0.5538
CLUBS EIGHT SPADES THREE,0.2748,0.1374,0.5878
CLUBS EIGHT SPADES TWO,0.4268,0.0696,0.5036
HEARTS SIX DIAMONDS TEN,0.4002,0.025,0.5748
DIAMONDS TEN HEARTS SEVEN,0.2936,0.0826,0.6238
DIAMONDS TEN HEARTS EIGHT,0.3704,0.0248,0.6048
CLUBS JACK CLUBS FOUR,0.3522,0.0194,0.6284
DIAMONDS TEN HEARTS NINE,0.3484,0.0246,0.627
CLUBS TEN CLUBS FOUR,0.3474,0.033,0.6196
CLUBS FOUR CLUBS KING,0.3614,0.0104,0.6282
CLUBS FOUR CLUBS QUEEN,0.3426,0.0136,0.6438
CLUBS TWO DIAMONDS TEN,0.4332,0.0258,0.541
CLUBS FOUR CLUBS ACE,0.334,0.0074,0.6586
DIAMONDS JACK DIAMONDS TEN,0.347,0.0116,0.6414
DIAMONDS QUEEN DIAMONDS TEN,0.3492,0.0126,0.6382
HEARTS TWO DIAMONDS TEN,0.44,0.0282,0.5318
DIAMONDS KING DIAMONDS TEN,0.3462,0.0088,0.645
HEARTS THREE DIAMONDS TEN,0.2982,0.072,0.6298
DIAMONDS ACE DIAMONDS TEN,0.34,0.0048,0.6552
HEARTS FOUR DIAMONDS TEN,0.3902,0.035,0.5748
CLUBS EIGHT HEARTS JACK,0.35,0.0224,0.6276
HEARTS FIVE DIAMONDS TEN,0.3954,0.0274,0.5772
CLUBS EIGHT HEARTS TEN,0.335,0.026,0.639
CLUBS EIGHT HEARTS QUEEN,0.3542,0.0098,0.636
CLUBS EIGHT HEARTS KING,0.36,0.009,0.631
CLUBS EIGHT HEARTS ACE,0.3642,0.0052,0.6306
CLUBS NINE SPADES THREE,0.2702,0.1032,0.6266
CLUBS NINE SPADES TWO,0.4292,0.046,0.5248
CLUBS NINE SPADES FIVE,0.3668,0.0414,0.5918
CLUBS NINE SPADES FOUR,0.3934,0.0442,0.5624
CLUBS NINE SPADES SEVEN,0.2758,0.1008,0.6234
CLUBS NINE SPADES SIX,0.3732,0.0374,0.5894
CLUBS NINE SPADES NINE,0.1726,0.064,0.7634
CLUBS TEN HEARTS EIGHT,0.3424,0.024,0.6336
CLUBS NINE SPADES EIGHT,0.333,0.036,0.631
CLUBS JACK HEARTS EIGHT,0.3522,0.0186,0.6292
CLUBS QUEEN HEARTS EIGHT,0.3488,0.014,0.6372
CLUBS KING HEARTS EIGHT,0.3626,0.0076,0.6298
CLUBS ACE HEARTS EIGHT,0.3552,0.0048,0.64
SPADES KING CLUBS KING,0.1786,0.0162,0.8052
SPADES QUEEN CLUBS KING,0.3606,0.0094,0.63
SPADES ACE CLUBS KING,0.3676,0.0052,0.6272
DIAMONDS ACE HEARTS TEN,0.3812,0.0032,0.6156
HEARTS FOUR HEARTS TEN,0.3916,0.027,0.5814
DIAMONDS ACE HEARTS JACK,0.3662,0.0048,0.629
HEARTS FOUR HEARTS JACK,0.3856,0.0176,0.5968
SPADES KING CLUBS FIVE,0.396,0.008,0.596
SPADES QUEEN CLUBS FIVE,0.3886,0.0094,0.602
SPADES ACE CLUBS FIVE,0.3794,0.0046,0.616
DIAMONDS JACK HEARTS SEVEN,0.2866,0.0582,0.6552
HEARTS SIX DIAMONDS JACK,0.4052,0.016,0.5788
DIAMONDS JACK HEARTS NINE,0.3512,0.0182,0.6306
DIAMONDS JACK HEARTS EIGHT,0.3594,0.0162,0.6244
DIAMONDS KING DIAMONDS JACK,0.3594,0.007,0.6336
HEARTS THREE DIAMONDS JACK,0.2996,0.0538,0.6466
SPADES ACE SPADES SIX,0.3952,0.0054,0.5994
HEARTS ACE SPADES FOUR,0.3946,0.0052,0.6002
DIAMONDS QUEEN DIAMONDS JACK,0.3364,0.0082,0.6554
HEARTS TWO DIAMONDS JACK,0.4442,0.018,0.5378
HEARTS FIVE DIAMONDS JACK,0.4064,0.014,0.5796
SPADES QUEEN SPADES SIX,0.3816,0.0086,0.6098
SPADES FOUR HEARTS QUEEN,0.4032,0.0124,0.5844
DIAMONDS ACE DIAMONDS JACK,0.3578,0.004,0.6382
HEARTS FOUR DIAMONDS JACK,0.4,0.017,0.583
SPADES KING SPADES SIX,0.3768,0.007,0.6162
HEARTS KING SPADES FOUR,0.4046,0.0108,0.5846
SPADES TEN SPADES SIX,0.3646,0.0236,0.6118
SPADES JACK SPADES SIX,0.3914,0.0156,0.593
SPADES FOUR DIAMONDS JACK,0.4022,0.0186,0.5792
SPADES FIVE DIAMONDS JACK,0.411,0.0182,0.5708
DIAMONDS JACK SPADES TWO,0.449,0.0206,0.5304
DIAMONDS JACK SPADES THREE,0.305,0.0514,0.6436
SPADES ACE DIAMONDS THREE,0.2888,0.0156,0.6956
CLUBS EIGHT DIAMONDS JACK,0.3554,0.0198,0.6248
SPADES QUEEN DIAMONDS THREE,0.2972,0.0366,0.6662
SPADES KING DIAMONDS THREE,0.3022,0.0242,0.6736
CLUBS NINE DIAMONDS JACK,0.3648,0.0206,0.6146
CLUBS SIX DIAMONDS JACK,0.4036,0.0202,0.5762
CLUBS FOUR DIAMONDS JACK,0.3826,0.0224,0.595
CLUBS FIVE DIAMONDS JACK,0.3956,0.0214,0.583
CLUBS TWO DIAMONDS JACK,0.4382,0.0194,0.5424
SPADES TEN CLUBS FIVE,0.402,0.0302,0.5678
HEARTS SIX SPADES JACK,0.4126,0.016,0.5714
HEARTS SIX SPADES TEN,0.3954,0.0266,0.578
SPADES JACK CLUBS FIVE,0.3986,0.0202,0.5812
SPADES JACK DIAMONDS THREE,0.3052,0.0522,0.6426
DIAMONDS THREE SPADES TEN,0.2948,0.0654,0.6398
SPADES NINE DIAMONDS JACK,0.366,0.0168,0.6172
DIAMONDS ACE HEARTS ACE,0.1776,0.0032,0.8192
HEARTS FOUR HEARTS ACE,0.372,0.0056,0.6224
SPADES EIGHT DIAMONDS JACK,0.3568,0.0172,0.626
SPADES ACE HEARTS SIX,0.4052,0.0046,0.5902
DIAMONDS ACE HEARTS KING,0.3814,0.0042,0.6144
HEARTS FOUR HEARTS KING,0.3884,0.008,0.6036
SPADES SEVEN DIAMONDS JACK,0.2914,0.0596,0.649
SPADES KING HEARTS SIX,0.3994,0.0066,0.594
DIAMONDS ACE HEARTS QUEEN,0.3712,0.0034,0.6254
HEARTS FOUR HEARTS QUEEN,0.3838,0.012,0.6042
SPADES QUEEN HEARTS SIX,0.402,0.0102,0.5878
SPADES SIX DIAMONDS JACK,0.3902,0.0158,0.594
DIAMONDS TEN SPADES TWO,0.4418,0.025,0.5332
SPADES THREE DIAMONDS TEN,0.3028,0.0704,0.6268
SPADES FOUR DIAMONDS TEN,0.3906,0.026,0.5834
SPADES FIVE DIAMONDS TEN,0.4054,0.0242,0.5704
SPADES SIX DIAMONDS TEN,0.404,0.0242,0.5718
SPADES SEVEN DIAMONDS TEN,0.287,0.0832,0.6298
SPADES EIGHT DIAMONDS TEN,0.3526,0.0292,0.6182
SPADES NINE DIAMONDS TEN,0.3498,0.0204,0.6298
CLUBS FOUR DIAMONDS TEN,0.3782,0.033,0.5888
CLUBS FIVE DIAMONDS TEN,0.392,0.0302,0.5778
CLUBS SIX DIAMONDS TEN,0.3872,0.0298,0.583
CLUBS EIGHT DIAMONDS TEN,0.3468,0.0264,0.6268
CLUBS NINE DIAMONDS TEN,0.3432,0.0222,0.6346
CLUBS JACK DIAMONDS THREE,0.2868,0.0524,0.6608
CLUBS TEN DIAMONDS THREE,0.284,0.0692,0.6468
DIAMONDS THREE CLUBS KING,0.2786,0.0242,0.6972
DIAMONDS THREE CLUBS QUEEN,0.2866,0.0428,0.6706
DIAMONDS THREE CLUBS ACE,0.2718,0.0134,0.7148
SPADES FOUR HEARTS JACK,0.4158,0.02,0.5642
SPADES FOUR HEARTS TEN,0.401,0.0254,0.5736
SPADES FIVE SPADES TWO,0.5286,0.1008,0.3706
SPADES FOUR SPADES TWO,0.5218,0.0896,0.3886
SPADES THREE SPADES TWO,0.5538,0.1834,0.2628
SPADES NINE SPADES TWO,0.4028,0.044,0.5532
SPADES EIGHT SPADES TWO,0.4096,0.0562,0.5342
SPADES SEVEN SPADES TWO,0.2924,0.455,0.2526
SPADES SIX SPADES TWO,0.5404,0.094,0.3656
DIAMONDS QUEEN CLUBS TWO,0.4278,0.0152,0.557
CLUBS TWO HEARTS TWO,0.388,0.1282,0.4838
DIAMONDS QUEEN HEARTS SEVEN,0.2922,0.0478,0.66
HEARTS TWO HEARTS SEVEN,0.2958,0.4534,0.2508
HEARTS SIX DIAMONDS QUEEN,0.399,0.0112,0.5898
HEARTS SIX HEARTS TWO,0.5376,0.0886,0.3738
DIAMONDS QUEEN HEARTS NINE,0.3714,0.011,0.6176
HEARTS TWO HEARTS NINE,0.415,0.0364,0.5486
DIAMONDS QUEEN HEARTS EIGHT,0.369,0.011,0.62
HEARTS TWO HEARTS EIGHT,0.4224,0.06,0.5176
CLUBS NINE HEARTS TWO,0.425,0.042,0.533
CLUBS NINE DIAMONDS QUEEN,0.3494,0.0124,0.6382
CLUBS EIGHT DIAMONDS QUEEN,0.3606,0.0132,0.6262
CLUBS EIGHT HEARTS TWO,0.4316,0.0644,0.504
CLUBS FIVE DIAMONDS QUEEN,0.3756,0.0132,0.6112
CLUBS FIVE HEARTS TWO,0.5428,0.0992,0.358
SPADES EIGHT HEARTS ACE,0.3628,0.0038,0.6334
DIAMONDS QUEEN CLUBS FOUR,0.3914,0.0128,0.5958
HEARTS TWO CLUBS FOUR,0.553,0.1044,0.3426
SPADES EIGHT HEARTS QUEEN,0.3706,0.0106,0.6188
CLUBS SIX DIAMONDS QUEEN,0.4036,0.0132,0.5832
CLUBS SIX HEARTS TWO,0.567,0.0992,0.3338
SPADES EIGHT HEARTS KING,0.3828,0.0054,0.6118
HEARTS TWO SPADES SIX,0.577,0.0996,0.3234
DIAMONDS QUEEN SPADES SIX,0.3976,0.013,0.5894
HEARTS FOUR CLUBS QUEEN,0.3792,0.0134,0.6074
DIAMONDS ACE CLUBS QUEEN,0.3458,0.0036,0.6506
DIAMONDS QUEEN SPADES SEVEN,0.2896,0.0438,0.6666
HEARTS TWO SPADES SEVEN,0.3242,0.4756,0.2002
HEARTS FOUR CLUBS KING,0.3894,0.0086,0.602
DIAMONDS ACE CLUBS KING,0.3606,0.0048,0.6346
DIAMONDS QUEEN SPADES EIGHT,0.3694,0.0108,0.6198
SPADES EIGHT HEARTS TWO,0.43,0.0656,0.5044
HEARTS FOUR CLUBS ACE,0.3724,0.005,0.6226
DIAMONDS ACE CLUBS ACE,0.1706,0.005,0.8244
SPADES NINE DIAMONDS QUEEN,0.3886,0.0094,0.602
SPADES NINE HEARTS TWO,0.4354,0.0454,0.5192
HEARTS TWO SPADES TWO,0.3936,0.124,0.4824
DIAMONDS QUEEN SPADES TWO,0.4292,0.013,0.5578
HEARTS TWO SPADES THREE,0.5774,0.1898,0.2328
DIAMONDS QUEEN SPADES THREE,0.3054,0.0368,0.6578
HEARTS TWO SPADES FOUR,0.5612,0.1034,0.3354
DIAMONDS QUEEN SPADES FOUR,0.399,0.0142,0.5868
CLUBS TEN HEARTS FOUR,0.3782,0.032,0.5898
CLUBS TEN DIAMONDS ACE,0.3604,0.0054,0.6342
HEARTS TWO SPADES FIVE,0.573,0.1034,0.3236
DIAMONDS QUEEN SPADES FIVE,0.4066,0.0132,0.5802
HEARTS FOUR CLUBS JACK,0.37,0.0172,0.6128
CLUBS JACK DIAMONDS ACE,0.3576,0.0048,0.6376
CLUBS FIVE CLUBS KING,0.3432,0.0092,0.6476
CLUBS FIVE CLUBS QUEEN,0.3456,0.0148,0.6396
CLUBS FIVE CLUBS ACE,0.332,0.006,0.662
CLUBS JACK CLUBS FIVE,0.349,0.0216,0.6294
CLUBS TEN CLUBS FIVE,0.3572,0.0332,0.6096
SPADES KING CLUBS JACK,0.3586,0.0064,0.635
CLUBS JACK SPADES QUEEN,0.3522,0.009,0.6388
SPADES ACE CLUBS JACK,0.357,0.005,0.638
SPADES SIX CLUBS KING,0.387,0.0068,0.6062
SPADES SIX CLUBS QUEEN,0.3972,0.0124,0.5904
SPADES EIGHT HEARTS JACK,0.3584,0.0174,0.6242
SPADES SIX CLUBS ACE,0.3904,0.006,0.6036
SPADES EIGHT HEARTS TEN,0.355,0.0214,0.6236
CLUBS JACK SPADES SIX,0.3958,0.019,0.5852
CLUBS TEN SPADES SIX,0.3714,0.0274,0.6012
CLUBS JACK SPADES TEN,0.3532,0.0154,0.6314
CLUBS JACK SPADES JACK,0.1724,0.0384,0.7892
SPADES SIX HEARTS TEN,0.3988,0.0284,0.5728
SPADES SIX HEARTS JACK,0.4144,0.0146,0.571
SPADES SIX HEARTS ACE,0.3998,0.0042,0.596
SPADES SIX HEARTS KING,0.3994,0.0062,0.5944
SPADES SIX HEARTS QUEEN,0.4002,0.0118,0.588
CLUBS TEN HEARTS SIX,0.3878,0.03,0.5822
CLUBS JACK HEARTS SIX,0.4012,0.0198,0.579
CLUBS JACK CLUBS ACE,0.3116,0.0064,0.682
HEARTS SIX CLUBS QUEEN,0.3904,0.0142,0.5954
HEARTS SIX CLUBS KING,0.3858,0.0088,0.6054
HEARTS SIX CLUBS ACE,0.392,0.0046,0.6034
CLUBS JACK CLUBS QUEEN,0.3092,0.0116,0.6792
CLUBS JACK CLUBS KING,0.312,0.0086,0.6794
DIAMONDS THREE HEARTS ACE,0.2878,0.015,0.6972
DIAMONDS THREE HEARTS QUEEN,0.2978,0.0346,0.6676
DIAMONDS THREE HEARTS KING,0.2988,0.028,0.6732
CLUBS FIVE HEARTS JACK,0.389,0.0194,0.5916
SPADES TEN DIAMONDS ACE,0.37,0.006,0.624
HEARTS FOUR SPADES TEN,0.3908,0.0266,0.5826
CLUBS FIVE HEARTS TEN,0.3924,0.0302,0.5774
HEARTS FOUR SPADES JACK,0.4084,0.0166,0.575
SPADES JACK DIAMONDS ACE,0.3768,0.0026,0.6206
SPADES ACE HEARTS FOUR,0.3932,0.0052,0.6016
SPADES ACE DIAMONDS ACE,0.1796,0.0034,0.817
CLUBS FIVE HEARTS ACE,0.3858,0.0048,0.6094
CLUBS FIVE HEARTS KING,0.3876,0.01,0.6024
HEARTS FOUR SPADES QUEEN,0.3918,0.0106,0.5976
SPADES QUEEN DIAMONDS ACE,0.3798,0.0056,0.6146
CLUBS JACK SPADES FOUR,0.3926,0.023,0.5844
CLUBS FIVE HEARTS QUEEN,0.3962,0.0132,0.5906
SPADES KING DIAMONDS ACE,0.3756,0.0048,0.6196
HEARTS FOUR SPADES KING,0.41,0.0084,0.5816
CLUBS TEN SPADES FOUR,0.3874,0.0266,0.586
DIAMONDS QUEEN DIAMONDS ACE,0.3528,0.0048,0.6424
HEARTS TWO DIAMONDS ACE,0.4308,0.007,0.5622
HEARTS FOUR DIAMONDS QUEEN,0.401,0.0122,0.5868
HEARTS FOUR HEARTS TWO,0.5294,0.0982,0.3724
DIAMONDS THREE HEARTS TEN,0.2944,0.0682,0.6374
SPADES FOUR CLUBS KING,0.3858,0.0084,0.6058
HEARTS FIVE DIAMONDS QUEEN,0.3924,0.0138,0.5938
HEARTS FIVE HEARTS TWO,0.5222,0.0992,0.3786
DIAMONDS THREE HEARTS JACK,0.3006,0.0508,0.6486
SPADES FOUR CLUBS QUEEN,0.3826,0.0102,0.6072
DIAMONDS QUEEN HEARTS TWO,0.441,0.015,0.544
DIAMONDS KING DIAMONDS QUEEN,0.3374,0.0078,0.6548
DIAMONDS KING HEARTS TWO,0.4408,0.0092,0.55
HEARTS THREE DIAMONDS QUEEN,0.3,0.0368,0.6632
HEARTS THREE HEARTS TWO,0.5406,0.1872,0.2722
SPADES FOUR CLUBS ACE,0.3824,0.0062,0.6114
HEARTS TWO CLUBS ACE,0.4128,0.0062,0.581
DIAMONDS QUEEN CLUBS ACE,0.3562,0.006,0.6378
HEARTS TWO CLUBS QUEEN,0.4274,0.0132,0.5594
DIAMONDS QUEEN CLUBS QUEEN,0.1696,0.0282,0.8022
HEARTS TWO CLUBS KING,0.429,0.01,0.561
DIAMONDS QUEEN CLUBS KING,0.3654,0.0066,0.628
SPADES EIGHT SPADES FIVE,0.3468,0.0586,0.5946
CLUBS TEN HEARTS TWO,0.4182,0.0266,0.5552
CLUBS TEN DIAMONDS QUEEN,0.3468,0.0138,0.6394
SPADES NINE SPADES FIVE,0.371,0.0394,0.5896
CLUBS JACK HEARTS TWO,0.4278,0.0216,0.5506
CLUBS JACK DIAMONDS QUEEN,0.365,0.0136,0.6214
SPADES SIX SPADES FIVE,0.4724,0.0942,0.4334
SPADES SEVEN SPADES FIVE,0.2394,0.4034,0.3572
DIAMONDS FIVE CLUBS QUEEN,0.3928,0.0112,0.596
SPADES EIGHT CLUBS ACE,0.3562,0.006,0.6378
DIAMONDS FIVE CLUBS KING,0.391,0.0082,0.6008
SPADES EIGHT CLUBS KING,0.3658,0.0066,0.6276
DIAMONDS FIVE CLUBS ACE,0.3762,0.0068,0.617
SPADES EIGHT CLUBS QUEEN,0.3582,0.0114,0.6304
CLUBS JACK SPADES EIGHT,0.3442,0.018,0.6378
CLUBS TEN SPADES EIGHT,0.3408,0.0264,0.6328
CLUBS TEN DIAMONDS FIVE,0.3928,0.0246,0.5826
CLUBS JACK DIAMONDS FIVE,0.3928,0.023,0.5842
HEARTS JACK DIAMONDS TEN,0.3674,0.0124,0.6202
DIAMONDS TEN HEARTS TEN,0.1862,0.0548,0.759
SPADES ACE CLUBS NINE,0.367,0.0048,0.6282
SPADES QUEEN CLUBS NINE,0.3656,0.0124,0.622
SPADES KING CLUBS NINE,0.3672,0.0076,0.6252
HEARTS SIX HEARTS KING,0.3808,0.0062,0.613
DIAMONDS KING SPADES SEVEN,0.287,0.0406,0.6724
HEARTS THREE SPADES SEVEN,0.0646,0.9108,0.0246
SPADES KING DIAMONDS SEVEN,0.2838,0.039,0.6772
HEARTS SIX HEARTS QUEEN,0.3672,0.0134,0.6194
SPADES QUEEN DIAMONDS SEVEN,0.3008,0.0394,0.6598
HEARTS THREE SPADES SIX,0.584,0.1886,0.2274
