opposingHand,winningChance,drawChance,lostChance
CLUBS TEN CLUBS FOUR
HEARTS FIVE SPADES TEN,0.2742,0.4382,0.2876
SPADES JACK HEARTS FIVE,0.4042,0.018,0.5778
CLUBS JACK SPADES FIVE,0.3822,0.0188,0.599
CLUBS JACK CLUBS EIGHT,0.3356,0.0164,0.648
CLUBS EIGHT CLUBS KING,0.3578,0.0108,0.6314
SPADES FIVE CLUBS ACE,0.3886,0.0042,0.6072
CLUBS EIGHT CLUBS QUEEN,0.3392,0.011,0.6498
SPADES FIVE CLUBS KING,0.3808,0.0116,0.6076
SPADES FIVE CLUBS QUEEN,0.391,0.0114,0.5976
CLUBS EIGHT CLUBS ACE,0.3434,0.0068,0.6498
DIAMONDS TWO DIAMONDS THREE,0.602,0.03,0.368
DIAMONDS TWO DIAMONDS FIVE,0.5886,0.028,0.3834
SPADES KING HEARTS FIVE,0.4042,0.0086,0.5872
DIAMONDS TWO DIAMONDS FOUR,0.6294,0.0802,0.2904
SPADES QUEEN HEARTS FIVE,0.3948,0.0104,0.5948
DIAMONDS TWO DIAMONDS SEVEN,0.6078,0.0292,0.363
DIAMONDS TWO DIAMONDS SIX,0.5892,0.0272,0.3836
SPADES ACE HEARTS FIVE,0.3978,0.0056,0.5966
DIAMONDS TWO DIAMONDS NINE,0.6076,0.0242,0.3682
DIAMONDS TWO DIAMONDS EIGHT,0.5956,0.0236,0.3808
DIAMONDS THREE DIAMONDS FOUR,0.6252,0.0736,0.3012
CLUBS TWO SPADES FOUR,0.6722,0.08,0.2478
DIAMONDS THREE DIAMONDS FIVE,0.5724,0.0328,0.3948
CLUBS TWO SPADES FIVE,0.6202,0.0312,0.3486
CLUBS TWO SPADES TWO,0.4324,0.0676,0.5
CLUBS TWO SPADES THREE,0.6408,0.0324,0.3268
DIAMONDS THREE DIAMONDS EIGHT,0.6032,0.026,0.3708
SPADES EIGHT CLUBS TWO,0.6372,0.0282,0.3346
DIAMONDS THREE DIAMONDS NINE,0.5794,0.0252,0.3954
SPADES NINE CLUBS TWO,0.6276,0.03,0.3424
DIAMONDS THREE DIAMONDS SIX,0.585,0.0256,0.3894
CLUBS TWO SPADES SIX,0.6452,0.0274,0.3274
DIAMONDS THREE DIAMONDS SEVEN,0.5926,0.0322,0.3752
CLUBS TWO SPADES SEVEN,0.649,0.0306,0.3204
CLUBS SIX CLUBS TWO,0.6308,0.0308,0.3384
CLUBS SEVEN CLUBS TWO,0.6286,0.0342,0.3372
CLUBS FIVE CLUBS TWO,0.6116,0.0338,0.3546
DIAMONDS FOUR DIAMONDS SIX,0.6152,0.0762,0.3086
DIAMONDS FOUR DIAMONDS SEVEN,0.6356,0.0704,0.294
CLUBS EIGHT CLUBS TWO,0.6266,0.0258,0.3476
DIAMONDS FIVE DIAMONDS FOUR,0.6242,0.0762,0.2996
CLUBS NINE CLUBS TWO,0.6276,0.0306,0.3418
DIAMONDS NINE DIAMONDS FOUR,0.656,0.076,0.268
DIAMONDS EIGHT DIAMONDS FOUR,0.6584,0.0694,0.2722
CLUBS TWO CLUBS THREE,0.65,0.0266,0.3234
DIAMONDS NINE DIAMONDS FIVE,0.5546,0.0262,0.4192
CLUBS JACK DIAMONDS TWO,0.4224,0.0182,0.5594
DIAMONDS EIGHT DIAMONDS FIVE,0.5542,0.0208,0.425
DIAMONDS FIVE DIAMONDS SEVEN,0.5516,0.0242,0.4242
DIAMONDS FIVE DIAMONDS SIX,0.5432,0.0284,0.4284
DIAMONDS TWO CLUBS ACE,0.4088,0.006,0.5852
DIAMONDS TWO CLUBS KING,0.4264,0.0086,0.565
DIAMONDS TWO CLUBS QUEEN,0.4158,0.0134,0.5708
DIAMONDS EIGHT DIAMONDS SIX,0.5418,0.0262,0.432
DIAMONDS NINE DIAMONDS SIX,0.549,0.0222,0.4288
HEARTS ACE SPADES THREE,0.4342,0.0034,0.5624
HEARTS KING SPADES THREE,0.4424,0.0106,0.547
DIAMONDS SEVEN DIAMONDS SIX,0.5386,0.0292,0.4322
SPADES THREE HEARTS QUEEN,0.432,0.013,0.555
HEARTS JACK SPADES THREE,0.4332,0.0146,0.5522
SPADES THREE HEARTS TEN,0.3026,0.4796,0.2178
DIAMONDS EIGHT DIAMONDS SEVEN,0.542,0.0236,0.4344
DIAMONDS NINE DIAMONDS SEVEN,0.537,0.023,0.44
DIAMONDS NINE DIAMONDS EIGHT,0.524,0.0198,0.4562
DIAMONDS KING HEARTS TEN,0.2664,0.0342,0.6994
HEARTS THREE HEARTS TEN,0.293,0.4606,0.2464
SPADES JACK CLUBS SIX,0.3958,0.0156,0.5886
DIAMONDS KING HEARTS JACK,0.3648,0.0066,0.6286
HEARTS THREE HEARTS JACK,0.4092,0.0186,0.5722
SPADES TEN CLUBS SIX,0.2394,0.3668,0.3938
SPADES JACK SPADES FIVE,0.3866,0.0184,0.595
SPADES TEN SPADES FIVE,0.2502,0.4098,0.34
DIAMONDS KING HEARTS ACE,0.3622,0.0042,0.6336
HEARTS THREE HEARTS ACE,0.4024,0.0058,0.5918
SPADES ACE CLUBS SIX,0.3882,0.005,0.6068
DIAMONDS KING HEARTS QUEEN,0.3646,0.0082,0.6272
HEARTS THREE HEARTS QUEEN,0.4236,0.0102,0.5662
SPADES KING CLUBS SIX,0.3912,0.0084,0.6004
DIAMONDS KING HEARTS KING,0.1836,0.0098,0.8066
HEARTS THREE HEARTS KING,0.3968,0.0074,0.5958
SPADES QUEEN CLUBS SIX,0.3904,0.0138,0.5958
SPADES NINE HEARTS TEN,0.2752,0.152,0.5728
SPADES NINE HEARTS JACK,0.3746,0.0168,0.6086
SPADES QUEEN SPADES FIVE,0.3684,0.0096,0.622
SPADES KING SPADES FIVE,0.379,0.0076,0.6134
SPADES ACE SPADES FIVE,0.3634,0.007,0.6296
SPADES NINE HEARTS QUEEN,0.384,0.0092,0.6068
SPADES NINE HEARTS KING,0.3876,0.0088,0.6036
SPADES NINE HEARTS ACE,0.397,0.0026,0.6004
SPADES FIVE HEARTS QUEEN,0.4046,0.0096,0.5858
HEARTS KING SPADES FIVE,0.4252,0.007,0.5678
SPADES FIVE HEARTS ACE,0.3916,0.005,0.6034
CLUBS EIGHT SPADES TEN,0.2548,0.2212,0.524
HEARTS THREE SPADES JACK,0.427,0.0154,0.5576
SPADES JACK DIAMONDS KING,0.3604,0.0068,0.6328
SPADES TEN DIAMONDS KING,0.2772,0.0368,0.686
HEARTS THREE SPADES TEN,0.3046,0.486,0.2094
SPADES JACK CLUBS EIGHT,0.3836,0.0154,0.601
CLUBS SIX HEARTS ACE,0.4048,0.0048,0.5904
SPADES ACE CLUBS EIGHT,0.3922,0.006,0.6018
CLUBS JACK HEARTS FIVE,0.3948,0.0176,0.5876
CLUBS SIX HEARTS QUEEN,0.4024,0.0096,0.588
SPADES QUEEN CLUBS EIGHT,0.3802,0.0126,0.6072
CLUBS SIX HEARTS KING,0.3938,0.0076,0.5986
SPADES KING CLUBS EIGHT,0.3882,0.0058,0.606
CLUBS JACK SPADES THREE,0.414,0.0194,0.5666
DIAMONDS TWO HEARTS JACK,0.4426,0.0172,0.5402
SPADES THREE CLUBS QUEEN,0.4086,0.013,0.5784
DIAMONDS TWO HEARTS TEN,0.3158,0.4698,0.2144
SPADES THREE CLUBS KING,0.4252,0.0066,0.5682
HEARTS FIVE CLUBS ACE,0.385,0.006,0.609
SPADES FIVE HEARTS TEN,0.2632,0.4442,0.2926
SPADES THREE CLUBS ACE,0.3984,0.0046,0.597
HEARTS FIVE CLUBS KING,0.3988,0.0102,0.591
SPADES FIVE HEARTS JACK,0.4002,0.0184,0.5814
HEARTS FIVE CLUBS QUEEN,0.3932,0.0116,0.5952
HEARTS THREE CLUBS KING,0.4186,0.0096,0.5718
DIAMONDS KING CLUBS KING,0.1676,0.0104,0.822
HEARTS THREE CLUBS QUEEN,0.4076,0.0122,0.5802
DIAMONDS KING CLUBS QUEEN,0.3502,0.0086,0.6412
HEARTS FIVE HEARTS JACK,0.3804,0.018,0.6016
HEARTS FIVE HEARTS TEN,0.2464,0.4202,0.3334
HEARTS THREE CLUBS ACE,0.395,0.0082,0.5968
DIAMONDS KING CLUBS ACE,0.3404,0.0062,0.6534
SPADES ACE CLUBS QUEEN,0.338,0.0068,0.6552
SPADES KING CLUBS QUEEN,0.3512,0.0066,0.6422
CLUBS JACK HEARTS THREE,0.414,0.0196,0.5664
CLUBS JACK DIAMONDS KING,0.352,0.01,0.638
SPADES QUEEN CLUBS QUEEN,0.1746,0.0202,0.8052
SPADES JACK CLUBS QUEEN,0.3356,0.0112,0.6532
CLUBS SIX CLUBS QUEEN,0.3476,0.0134,0.639
SPADES TEN CLUBS QUEEN,0.253,0.0464,0.7006
CLUBS SIX CLUBS KING,0.3428,0.0086,0.6486
CLUBS SIX CLUBS ACE,0.35,0.0056,0.6444
HEARTS FIVE HEARTS KING,0.3928,0.0076,0.5996
HEARTS FIVE HEARTS QUEEN,0.376,0.0144,0.6096
HEARTS FIVE HEARTS ACE,0.3706,0.0026,0.6268
CLUBS JACK CLUBS SIX,0.343,0.0184,0.6386
SPADES SEVEN HEARTS JACK,0.382,0.0138,0.6042
SPADES SEVEN HEARTS TEN,0.2664,0.272,0.4616
DIAMONDS TWO CLUBS TWO,0.428,0.0698,0.5022
DIAMONDS TWO CLUBS THREE,0.6414,0.0334,0.3252
HEARTS SIX DIAMONDS TWO,0.6352,0.0278,0.337
DIAMONDS TWO HEARTS QUEEN,0.4318,0.0134,0.5548
DIAMONDS TWO HEARTS SEVEN,0.6366,0.0292,0.3342
DIAMONDS TWO HEARTS KING,0.44,0.0072,0.5528
DIAMONDS TWO HEARTS EIGHT,0.634,0.0286,0.3374
DIAMONDS TWO HEARTS ACE,0.43,0.0042,0.5658
DIAMONDS TWO HEARTS NINE,0.6352,0.0258,0.339
DIAMONDS TWO DIAMONDS QUEEN,0.4162,0.0162,0.5676
DIAMONDS TWO HEARTS TWO,0.4238,0.0692,0.507
DIAMONDS TWO DIAMONDS KING,0.4164,0.0092,0.5744
HEARTS THREE DIAMONDS TWO,0.6412,0.0312,0.3276
DIAMONDS TWO DIAMONDS ACE,0.4052,0.005,0.5898
HEARTS FOUR DIAMONDS TWO,0.6704,0.0778,0.2518
DIAMONDS TWO HEARTS FIVE,0.6248,0.0276,0.3476
SPADES SEVEN HEARTS ACE,0.3934,0.0048,0.6018
DIAMONDS TWO DIAMONDS TEN,0.2866,0.4608,0.2526
SPADES SEVEN HEARTS KING,0.4132,0.0084,0.5784
DIAMONDS TWO DIAMONDS JACK,0.4014,0.0212,0.5774
SPADES SEVEN HEARTS QUEEN,0.4116,0.009,0.5794
DIAMONDS TWO SPADES NINE,0.631,0.0256,0.3434
DIAMONDS TWO SPADES EIGHT,0.6334,0.0306,0.336
DIAMONDS TWO SPADES SEVEN,0.645,0.03,0.325
DIAMONDS TWO SPADES SIX,0.6396,0.03,0.3304
DIAMONDS TWO SPADES FIVE,0.6266,0.0292,0.3442
DIAMONDS TWO SPADES FOUR,0.6768,0.0736,0.2496
DIAMONDS TWO SPADES THREE,0.6418,0.027,0.3312
DIAMONDS TWO SPADES TWO,0.4272,0.0714,0.5014
CLUBS NINE DIAMONDS TWO,0.625,0.0256,0.3494
DIAMONDS TWO CLUBS EIGHT,0.6358,0.031,0.3332
CLUBS SEVEN DIAMONDS TWO,0.6434,0.0304,0.3262
DIAMONDS TWO CLUBS SIX,0.6364,0.0246,0.339
DIAMONDS TWO CLUBS FIVE,0.6118,0.0326,0.3556
SPADES ACE DIAMONDS SIX,0.417,0.0034,0.5796
SPADES QUEEN DIAMONDS SIX,0.4116,0.0086,0.5798
SPADES KING DIAMONDS SIX,0.3998,0.0088,0.5914
SPADES TEN DIAMONDS SIX,0.276,0.3454,0.3786
SPADES JACK DIAMONDS SIX,0.396,0.0184,0.5856
SPADES QUEEN SPADES TWO,0.4102,0.0144,0.5754
SPADES KING SPADES TWO,0.4064,0.0076,0.586
SPADES ACE SPADES TWO,0.403,0.006,0.591
CLUBS JACK DIAMONDS JACK,0.172,0.0208,0.8072
DIAMONDS JACK CLUBS KING,0.3436,0.0068,0.6496
DIAMONDS JACK CLUBS QUEEN,0.3346,0.0116,0.6538
DIAMONDS THREE DIAMONDS JACK,0.3988,0.0206,0.5806
DIAMONDS THREE DIAMONDS TEN,0.2884,0.4694,0.2422
DIAMONDS JACK CLUBS ACE,0.3486,0.0038,0.6476
DIAMONDS THREE DIAMONDS KING,0.402,0.0092,0.5888
HEARTS THREE DIAMONDS THREE,0.4322,0.0602,0.5076
DIAMONDS THREE DIAMONDS QUEEN,0.3942,0.0122,0.5936
DIAMONDS THREE HEARTS TWO,0.6406,0.0312,0.3282
HEARTS FIVE DIAMONDS THREE,0.6236,0.0268,0.3496
DIAMONDS THREE DIAMONDS ACE,0.3918,0.0052,0.603
HEARTS FOUR DIAMONDS THREE,0.6702,0.0726,0.2572
DIAMONDS THREE HEARTS SEVEN,0.6338,0.0288,0.3374
SPADES TEN SPADES NINE,0.2578,0.1552,0.587
HEARTS SIX DIAMONDS THREE,0.6188,0.0314,0.3498
SPADES JACK SPADES NINE,0.3454,0.0134,0.6412
DIAMONDS THREE HEARTS NINE,0.6396,0.03,0.3304
HEARTS JACK DIAMONDS FOUR,0.2784,0.057,0.6646
HEARTS KING HEARTS ACE,0.3434,0.0044,0.6522
SPADES TEN SPADES TWO,0.3072,0.4434,0.2494
DIAMONDS THREE HEARTS EIGHT,0.6332,0.0316,0.3352
HEARTS TEN DIAMONDS FOUR,0.0806,0.8992,0.0202
SPADES JACK SPADES TWO,0.3938,0.0184,0.5878
HEARTS QUEEN DIAMONDS FOUR,0.2828,0.0502,0.667
HEARTS KING DIAMONDS FOUR,0.2884,0.0348,0.6768
SPADES ACE SPADES NINE,0.3766,0.005,0.6184
HEARTS ACE DIAMONDS FOUR,0.2828,0.02,0.6972
SPADES KING SPADES NINE,0.3696,0.006,0.6244
SPADES QUEEN SPADES NINE,0.3676,0.0086,0.6238
DIAMONDS THREE SPADES NINE,0.6366,0.0222,0.3412
DIAMONDS THREE SPADES EIGHT,0.6458,0.0266,0.3276
DIAMONDS THREE SPADES SEVEN,0.6286,0.0324,0.339
DIAMONDS THREE SPADES SIX,0.6232,0.0306,0.3462
DIAMONDS THREE CLUBS SIX,0.6214,0.028,0.3506
CLUBS FIVE CLUBS SIX,0.5634,0.0302,0.4064
CLUBS ACE DIAMONDS FOUR,0.2726,0.025,0.7024
CLUBS SEVEN DIAMONDS THREE,0.63,0.0258,0.3442
CLUBS SEVEN CLUBS FIVE,0.5746,0.0288,0.3966
DIAMONDS FOUR CLUBS QUEEN,0.2634,0.0486,0.688
DIAMONDS THREE CLUBS FIVE,0.607,0.0292,0.3638
DIAMONDS FOUR CLUBS KING,0.2672,0.0464,0.6864
DIAMONDS THREE CLUBS TWO,0.643,0.031,0.326
DIAMONDS THREE CLUBS THREE,0.4172,0.0692,0.5136
CLUBS JACK DIAMONDS FOUR,0.262,0.0616,0.6764
DIAMONDS THREE SPADES FOUR,0.6614,0.0754,0.2632
DIAMONDS THREE SPADES FIVE,0.61,0.0242,0.3658
DIAMONDS THREE SPADES TWO,0.6458,0.029,0.3252
DIAMONDS THREE SPADES THREE,0.4274,0.063,0.5096
CLUBS EIGHT DIAMONDS THREE,0.6398,0.0226,0.3376
CLUBS NINE DIAMONDS THREE,0.6474,0.031,0.3216
SPADES SEVEN CLUBS ACE,0.3854,0.0042,0.6104
SPADES SEVEN CLUBS QUEEN,0.399,0.0124,0.5886
SPADES SEVEN CLUBS KING,0.3994,0.006,0.5946
CLUBS FIVE SPADES SEVEN,0.577,0.0292,0.3938
CLUBS FIVE SPADES SIX,0.5582,0.032,0.4098
CLUBS JACK SPADES SEVEN,0.391,0.0168,0.5922
CLUBS FIVE SPADES NINE,0.5992,0.0262,0.3746
CLUBS FIVE SPADES EIGHT,0.5932,0.0242,0.3826
CLUBS FIVE SPADES THREE,0.6066,0.0316,0.3618
CLUBS FIVE SPADES TWO,0.6016,0.0332,0.3652
CLUBS FIVE SPADES FIVE,0.3274,0.0636,0.609
CLUBS FIVE SPADES FOUR,0.6434,0.0772,0.2794
CLUBS NINE CLUBS FIVE,0.5902,0.0314,0.3784
CLUBS EIGHT CLUBS FIVE,0.5842,0.0302,0.3856
CLUBS ACE CLUBS QUEEN,0.2918,0.005,0.7032
CLUBS KING CLUBS QUEEN,0.3142,0.0076,0.6782
DIAMONDS TEN DIAMONDS FOUR,0.0754,0.854,0.0706
DIAMONDS JACK DIAMONDS FOUR,0.2644,0.0638,0.6718
CLUBS JACK DIAMONDS NINE,0.3538,0.0174,0.6288
CLUBS JACK SPADES NINE,0.3512,0.0132,0.6356
DIAMONDS ACE DIAMONDS FOUR,0.2682,0.0236,0.7082
HEARTS FOUR DIAMONDS FOUR,0.3276,0.0498,0.6226
DIAMONDS JACK HEARTS TEN,0.283,0.058,0.659
SPADES NINE CLUBS KING,0.389,0.0092,0.6018
DIAMONDS TWO SPADES TEN,0.317,0.4874,0.1956
DIAMONDS NINE CLUBS ACE,0.3784,0.004,0.6176
HEARTS FIVE DIAMONDS FOUR,0.6566,0.0764,0.267
HEARTS JACK DIAMONDS JACK,0.191,0.0196,0.7894
SPADES NINE CLUBS QUEEN,0.374,0.0122,0.6138
DIAMONDS TWO SPADES JACK,0.4324,0.0174,0.5502
DIAMONDS QUEEN DIAMONDS FOUR,0.2632,0.0432,0.6936
HEARTS TWO DIAMONDS FOUR,0.681,0.078,0.241
DIAMONDS NINE CLUBS QUEEN,0.3692,0.0082,0.6226
DIAMONDS KING DIAMONDS FOUR,0.269,0.031,0.7
HEARTS THREE DIAMONDS FOUR,0.6702,0.0772,0.2526
SPADES NINE CLUBS ACE,0.3776,0.0054,0.617
DIAMONDS NINE CLUBS KING,0.3734,0.008,0.6186
HEARTS ACE DIAMONDS JACK,0.3658,0.0044,0.6298
SPADES ACE DIAMONDS TWO,0.4254,0.0044,0.5702
DIAMONDS JACK HEARTS QUEEN,0.3532,0.0092,0.6376
SPADES QUEEN DIAMONDS TWO,0.4276,0.0112,0.5612
HEARTS KING DIAMONDS JACK,0.363,0.008,0.629
SPADES KING DIAMONDS TWO,0.444,0.0082,0.5478
SPADES JACK SPADES SEVEN,0.3718,0.0182,0.61
SPADES TEN SPADES SEVEN,0.2682,0.2586,0.4732
CLUBS SEVEN CLUBS THREE,0.6224,0.0272,0.3504
CLUBS SIX CLUBS THREE,0.6188,0.0302,0.351
CLUBS FIVE CLUBS THREE,0.6014,0.0292,0.3694
CLUBS NINE CLUBS THREE,0.6334,0.0252,0.3414
CLUBS EIGHT CLUBS THREE,0.6122,0.032,0.3558
CLUBS THREE SPADES FIVE,0.6006,0.0338,0.3656
CLUBS THREE SPADES FOUR,0.665,0.0834,0.2516
CLUBS THREE SPADES THREE,0.4216,0.0674,0.511
CLUBS THREE SPADES TWO,0.6494,0.0286,0.322
CLUBS THREE SPADES SIX,0.6072,0.0294,0.3634
SPADES SEVEN CLUBS THREE,0.625,0.0268,0.3482
SPADES EIGHT CLUBS THREE,0.6284,0.0296,0.342
SPADES NINE CLUBS THREE,0.6456,0.0282,0.3262
SPADES TWO DIAMONDS FOUR,0.6822,0.0766,0.2412
SPADES THREE DIAMONDS FOUR,0.677,0.0782,0.2448
SPADES FOUR DIAMONDS FOUR,0.3294,0.0548,0.6158
SPADES FIVE DIAMONDS FOUR,0.6466,0.0782,0.2752
SPADES SIX DIAMONDS FOUR,0.6672,0.0648,0.268
SPADES SEVEN DIAMONDS FOUR,0.671,0.0702,0.2588
SPADES EIGHT DIAMONDS FOUR,0.6822,0.0728,0.245
SPADES NINE DIAMONDS FOUR,0.6932,0.0814,0.2254
CLUBS FIVE DIAMONDS FOUR,0.6432,0.082,0.2748
CLUBS SEVEN DIAMONDS FOUR,0.6546,0.082,0.2634
CLUBS SIX DIAMONDS FOUR,0.657,0.071,0.272
CLUBS NINE DIAMONDS FOUR,0.692,0.077,0.231
CLUBS EIGHT DIAMONDS FOUR,0.6766,0.0812,0.2422
DIAMONDS FOUR HEARTS SEVEN,0.679,0.0678,0.2532
HEARTS SIX DIAMONDS FOUR,0.6582,0.0742,0.2676
HEARTS NINE DIAMONDS FOUR,0.7094,0.072,0.2186
DIAMONDS FOUR HEARTS EIGHT,0.681,0.0786,0.2404
CLUBS THREE DIAMONDS FOUR,0.6686,0.0754,0.256
CLUBS TWO DIAMONDS FOUR,0.6778,0.0798,0.2424
DIAMONDS TEN DIAMONDS FIVE,0.2574,0.4208,0.3218
DIAMONDS JACK DIAMONDS FIVE,0.3606,0.0156,0.6238
DIAMONDS NINE HEARTS QUEEN,0.3912,0.0118,0.597
HEARTS KING DIAMONDS NINE,0.3912,0.005,0.6038
DIAMONDS NINE HEARTS ACE,0.4008,0.0024,0.5968
DIAMONDS NINE HEARTS TEN,0.2664,0.1648,0.5688
DIAMONDS NINE HEARTS JACK,0.3722,0.0152,0.6126
CLUBS KING DIAMONDS SIX,0.3798,0.0076,0.6126
CLUBS QUEEN DIAMONDS SIX,0.381,0.0138,0.6052
CLUBS ACE DIAMONDS SIX,0.3944,0.0052,0.6004
SPADES KING DIAMONDS FOUR,0.281,0.0382,0.6808
SPADES ACE SPADES SEVEN,0.3652,0.004,0.6308
SPADES QUEEN DIAMONDS FOUR,0.2758,0.04,0.6842
SPADES QUEEN SPADES SEVEN,0.3782,0.0108,0.611
CLUBS JACK DIAMONDS SIX,0.3978,0.0186,0.5836
SPADES KING SPADES SEVEN,0.37,0.007,0.623
SPADES ACE DIAMONDS FOUR,0.295,0.0218,0.6832
SPADES JACK DIAMONDS FOUR,0.2798,0.0568,0.6634
SPADES TEN DIAMONDS FOUR,0.0724,0.9094,0.0182
CLUBS SEVEN SPADES EIGHT,0.5586,0.0268,0.4146
CLUBS SEVEN SPADES NINE,0.5686,0.026,0.4054
CLUBS SEVEN SPADES SIX,0.564,0.0314,0.4046
CLUBS SEVEN SPADES SEVEN,0.317,0.0554,0.6276
CLUBS SEVEN SPADES FIVE,0.5768,0.0268,0.3964
CLUBS SEVEN SPADES FOUR,0.6702,0.0818,0.248
CLUBS SEVEN SPADES THREE,0.635,0.029,0.336
CLUBS SEVEN SPADES TWO,0.6396,0.0276,0.3328
CLUBS NINE CLUBS SEVEN,0.5588,0.0272,0.414
CLUBS SEVEN CLUBS EIGHT,0.5414,0.029,0.4296
HEARTS SIX DIAMONDS FIVE,0.5748,0.0272,0.398
DIAMONDS FIVE HEARTS SEVEN,0.585,0.0278,0.3872
DIAMONDS FIVE HEARTS EIGHT,0.581,0.0268,0.3922
HEARTS NINE DIAMONDS FIVE,0.5974,0.0232,0.3794
DIAMONDS QUEEN DIAMONDS FIVE,0.3824,0.0094,0.6082
HEARTS TWO DIAMONDS FIVE,0.6198,0.0288,0.3514
HEARTS KING HEARTS EIGHT,0.3934,0.0078,0.5988
DIAMONDS KING DIAMONDS FIVE,0.3648,0.01,0.6252
HEARTS THREE DIAMONDS FIVE,0.6106,0.0338,0.3556
HEARTS QUEEN HEARTS EIGHT,0.3646,0.011,0.6244
DIAMONDS ACE DIAMONDS FIVE,0.3716,0.0058,0.6226
HEARTS FOUR DIAMONDS FIVE,0.6616,0.0716,0.2668
HEARTS FIVE DIAMONDS FIVE,0.3484,0.0562,0.5954
HEARTS ACE HEARTS EIGHT,0.3758,0.0052,0.619
CLUBS FIVE DIAMONDS FIVE,0.3242,0.0596,0.6162
CLUBS SIX DIAMONDS FIVE,0.5772,0.029,0.3938
CLUBS SEVEN DIAMONDS FIVE,0.5758,0.0288,0.3954
CLUBS TWO DIAMONDS FIVE,0.6096,0.035,0.3554
CLUBS THREE DIAMONDS FIVE,0.6126,0.0322,0.3552
SPADES THREE DIAMONDS FIVE,0.612,0.0298,0.3582
SPADES TWO DIAMONDS FIVE,0.6122,0.0308,0.357
SPADES JACK DIAMONDS EIGHT,0.3752,0.0156,0.6092
SPADES FIVE DIAMONDS FIVE,0.336,0.0618,0.6022
SPADES TEN DIAMONDS EIGHT,0.2734,0.208,0.5186
SPADES FOUR DIAMONDS FIVE,0.6512,0.076,0.2728
CLUBS JACK HEARTS JACK,0.1742,0.0246,0.8012
HEARTS JACK CLUBS QUEEN,0.3346,0.0098,0.6556
CLUBS NINE DIAMONDS FIVE,0.5834,0.025,0.3916
HEARTS JACK CLUBS KING,0.3398,0.0076,0.6526
CLUBS EIGHT DIAMONDS FIVE,0.591,0.0264,0.3826
HEARTS JACK CLUBS ACE,0.357,0.0042,0.6388
SPADES SEVEN DIAMONDS FIVE,0.5662,0.0296,0.4042
SPADES KING DIAMONDS EIGHT,0.4088,0.0088,0.5824
SPADES QUEEN DIAMONDS EIGHT,0.4004,0.0102,0.5894
SPADES SIX DIAMONDS FIVE,0.579,0.0284,0.3926
SPADES NINE DIAMONDS FIVE,0.6042,0.0234,0.3724
SPADES EIGHT DIAMONDS FIVE,0.6032,0.0258,0.371
SPADES ACE DIAMONDS EIGHT,0.4038,0.0028,0.5934
DIAMONDS TEN DIAMONDS SIX,0.2566,0.3352,0.4082
HEARTS ACE DIAMONDS SEVEN,0.4044,0.0044,0.5912
DIAMONDS JACK DIAMONDS SIX,0.3814,0.0162,0.6024
HEARTS QUEEN DIAMONDS SEVEN,0.4112,0.0138,0.575
HEARTS KING DIAMONDS SEVEN,0.4004,0.0074,0.5922
DIAMONDS ACE DIAMONDS SIX,0.3906,0.004,0.6054
HEARTS FOUR DIAMONDS SIX,0.6794,0.0694,0.2512
HEARTS JACK SPADES TWO,0.4374,0.0162,0.5464
HEARTS FIVE DIAMONDS SIX,0.5698,0.029,0.4012
SPADES TWO HEARTS TEN,0.3028,0.4986,0.1986
DIAMONDS QUEEN DIAMONDS SIX,0.3692,0.013,0.6178
HEARTS TWO DIAMONDS SIX,0.6368,0.0244,0.3388
DIAMONDS KING DIAMONDS SIX,0.3798,0.007,0.6132
HEARTS THREE DIAMONDS SIX,0.624,0.0296,0.3464
HEARTS EIGHT DIAMONDS SIX,0.5758,0.0284,0.3958
HEARTS NINE DIAMONDS SIX,0.5744,0.029,0.3966
HEARTS SIX DIAMONDS SIX,0.3278,0.0614,0.6108
HEARTS SEVEN DIAMONDS SIX,0.5876,0.0244,0.388
HEARTS TEN DIAMONDS SEVEN,0.2772,0.277,0.4458
CLUBS TWO DIAMONDS SIX,0.628,0.0286,0.3434
HEARTS JACK DIAMONDS SEVEN,0.3914,0.0194,0.5892
CLUBS THREE DIAMONDS SIX,0.6042,0.0322,0.3636
CLUBS SEVEN DIAMONDS SIX,0.5822,0.026,0.3918
CLUBS JACK DIAMONDS EIGHT,0.3624,0.0176,0.62
CLUBS SIX DIAMONDS SIX,0.3088,0.0572,0.634
CLUBS FIVE DIAMONDS SIX,0.5558,0.0316,0.4126
HEARTS ACE HEARTS JACK,0.3248,0.0042,0.671
DIAMONDS EIGHT CLUBS ACE,0.394,0.0052,0.6008
HEARTS JACK HEARTS QUEEN,0.3314,0.009,0.6596
DIAMONDS EIGHT CLUBS KING,0.3888,0.0088,0.6024
CLUBS NINE DIAMONDS SIX,0.5834,0.025,0.3916
HEARTS KING HEARTS JACK,0.3342,0.006,0.6598
DIAMONDS EIGHT CLUBS QUEEN,0.3832,0.0128,0.604
CLUBS EIGHT DIAMONDS SIX,0.5772,0.0246,0.3982
SPADES TEN HEARTS KING,0.2786,0.0342,0.6872
SPADES FIVE DIAMONDS SIX,0.5822,0.031,0.3868
HEARTS ACE SPADES TWO,0.4308,0.0054,0.5638
SPADES JACK HEARTS KING,0.354,0.0066,0.6394
SPADES FOUR DIAMONDS SIX,0.6658,0.0762,0.258
SPADES THREE DIAMONDS SIX,0.6164,0.027,0.3566
HEARTS QUEEN SPADES TWO,0.437,0.0126,0.5504
SPADES ACE SPADES KING,0.345,0.004,0.651
HEARTS KING SPADES TWO,0.4236,0.0108,0.5656
SPADES TWO DIAMONDS SIX,0.64,0.0304,0.3296
HEARTS TEN HEARTS EIGHT,0.2608,0.2072,0.532
SPADES NINE DIAMONDS SIX,0.586,0.028,0.386
HEARTS JACK HEARTS EIGHT,0.363,0.0162,0.6208
SPADES EIGHT DIAMONDS SIX,0.5904,0.0268,0.3828
SPADES SEVEN DIAMONDS SIX,0.5742,0.0262,0.3996
SPADES SIX DIAMONDS SIX,0.326,0.0508,0.6232
SPADES KING HEARTS KING,0.175,0.0084,0.8166
SPADES QUEEN HEARTS KING,0.3562,0.0064,0.6374
CLUBS ACE CLUBS KING,0.295,0.0058,0.6992
SPADES ACE HEARTS KING,0.3684,0.0036,0.628
SPADES ACE HEARTS JACK,0.357,0.0028,0.6402
SPADES QUEEN HEARTS JACK,0.3512,0.007,0.6418
SPADES KING HEARTS JACK,0.3604,0.0066,0.633
SPADES TEN DIAMONDS TEN,0.1352,0.0544,0.8104
SPADES JACK DIAMONDS TEN,0.2638,0.051,0.6852
SPADES ACE DIAMONDS TEN,0.265,0.0222,0.7128
SPADES JACK HEARTS JACK,0.1928,0.024,0.7832
SPADES TEN HEARTS JACK,0.2702,0.0524,0.6774
SPADES QUEEN DIAMONDS TEN,0.2702,0.043,0.6868
SPADES KING DIAMONDS TEN,0.2724,0.0372,0.6904
SPADES NINE DIAMONDS SEVEN,0.5646,0.0244,0.411
SPADES EIGHT DIAMONDS SEVEN,0.5628,0.0302,0.407
SPADES SEVEN DIAMONDS SEVEN,0.313,0.0488,0.6382
SPADES SIX DIAMONDS SEVEN,0.5714,0.0272,0.4014
DIAMONDS KING DIAMONDS SEVEN,0.388,0.0056,0.6064
HEARTS THREE DIAMONDS SEVEN,0.6238,0.0296,0.3466
HEARTS KING DIAMONDS FIVE,0.3982,0.0076,0.5942
DIAMONDS QUEEN DIAMONDS SEVEN,0.3782,0.0126,0.6092
HEARTS TWO DIAMONDS SEVEN,0.6508,0.0326,0.3166
HEARTS QUEEN DIAMONDS FIVE,0.402,0.0126,0.5854
HEARTS FIVE DIAMONDS SEVEN,0.594,0.0232,0.3828
DIAMONDS ACE DIAMONDS SEVEN,0.3846,0.0038,0.6116
HEARTS FOUR DIAMONDS SEVEN,0.6656,0.0764,0.258
HEARTS ACE DIAMONDS FIVE,0.3926,0.0034,0.604
HEARTS SEVEN DIAMONDS SEVEN,0.3266,0.051,0.6224
HEARTS SIX DIAMONDS SEVEN,0.5726,0.0282,0.3992
HEARTS NINE DIAMONDS SEVEN,0.5768,0.0238,0.3994
DIAMONDS SEVEN HEARTS EIGHT,0.5636,0.0206,0.4158
DIAMONDS JACK DIAMONDS SEVEN,0.3852,0.0152,0.5996
HEARTS JACK DIAMONDS FIVE,0.3988,0.0126,0.5886
DIAMONDS TEN DIAMONDS SEVEN,0.2466,0.2666,0.4868
DIAMONDS FIVE HEARTS TEN,0.2696,0.4304,0.3
SPADES KING CLUBS TWO,0.4256,0.0086,0.5658
HEARTS KING CLUBS KING,0.1696,0.0078,0.8226
CLUBS EIGHT DIAMONDS SEVEN,0.5536,0.0264,0.42
SPADES QUEEN CLUBS TWO,0.4126,0.0128,0.5746
HEARTS KING CLUBS QUEEN,0.336,0.006,0.658
CLUBS NINE DIAMONDS SEVEN,0.5554,0.0262,0.4184
CLUBS JACK SPADES TWO,0.406,0.0202,0.5738
SPADES ACE CLUBS TWO,0.4108,0.0038,0.5854
HEARTS KING CLUBS ACE,0.3556,0.0062,0.6382
CLUBS SEVEN CLUBS SIX,0.5594,0.0278,0.4128
SPADES TWO CLUBS KING,0.413,0.0102,0.5768
SPADES TWO DIAMONDS SEVEN,0.6488,0.0284,0.3228
CLUBS EIGHT CLUBS SIX,0.5672,0.0274,0.4054
SPADES THREE DIAMONDS SEVEN,0.6392,0.0332,0.3276
SPADES TWO CLUBS QUEEN,0.42,0.0114,0.5686
CLUBS NINE CLUBS SIX,0.5844,0.0306,0.385
SPADES FOUR DIAMONDS SEVEN,0.6804,0.0702,0.2494
CLUBS JACK HEARTS KING,0.3374,0.01,0.6526
SPADES FIVE DIAMONDS SEVEN,0.592,0.0238,0.3842
SPADES TWO CLUBS ACE,0.4186,0.0042,0.5772
CLUBS SIX SPADES TWO,0.6316,0.0304,0.338
CLUBS SIX SPADES THREE,0.623,0.029,0.348
CLUBS TWO DIAMONDS SEVEN,0.631,0.0304,0.3386
CLUBS SIX SPADES FOUR,0.6676,0.0736,0.2588
CLUBS THREE DIAMONDS SEVEN,0.6188,0.0288,0.3524
CLUBS SIX SPADES FIVE,0.5712,0.0272,0.4016
CLUBS SIX SPADES SIX,0.3306,0.0584,0.611
CLUBS FIVE DIAMONDS SEVEN,0.5718,0.0312,0.397
CLUBS SIX SPADES SEVEN,0.5582,0.026,0.4158
CLUBS SIX DIAMONDS SEVEN,0.5572,0.0242,0.4186
CLUBS SIX SPADES EIGHT,0.5692,0.0294,0.4014
SPADES JACK CLUBS TWO,0.4316,0.0198,0.5486
CLUBS SEVEN DIAMONDS SEVEN,0.3152,0.0478,0.637
SPADES NINE CLUBS SIX,0.5734,0.022,0.4046
SPADES TEN CLUBS TWO,0.2968,0.4904,0.2128
CLUBS TWO CLUBS QUEEN,0.3816,0.014,0.6044
CLUBS TWO CLUBS KING,0.3718,0.0086,0.6196
CLUBS THREE DIAMONDS EIGHT,0.637,0.0284,0.3346
CLUBS TWO CLUBS ACE,0.3702,0.0058,0.624
CLUBS TWO DIAMONDS EIGHT,0.6364,0.0264,0.3372
DIAMONDS EIGHT HEARTS SEVEN,0.5696,0.0246,0.4058
HEARTS SIX DIAMONDS EIGHT,0.5846,0.026,0.3894
DIAMONDS EIGHT HEARTS NINE,0.5578,0.022,0.4202
DIAMONDS EIGHT HEARTS EIGHT,0.3068,0.0472,0.646
CLUBS JACK CLUBS TWO,0.382,0.018,0.6
CLUBS NINE DIAMONDS EIGHT,0.5564,0.0286,0.415
CLUBS EIGHT DIAMONDS EIGHT,0.308,0.0462,0.6458
CLUBS FIVE DIAMONDS EIGHT,0.5904,0.0272,0.3824
SPADES ACE SPADES THREE,0.402,0.0044,0.5936
CLUBS SEVEN DIAMONDS EIGHT,0.5586,0.0266,0.4148
SPADES QUEEN SPADES THREE,0.4088,0.0118,0.5794
CLUBS SIX DIAMONDS EIGHT,0.572,0.0252,0.4028
SPADES KING SPADES THREE,0.412,0.0068,0.5812
DIAMONDS QUEEN DIAMONDS EIGHT,0.3578,0.009,0.6332
HEARTS TWO DIAMONDS EIGHT,0.6444,0.026,0.3296
DIAMONDS KING DIAMONDS EIGHT,0.3694,0.0076,0.623
HEARTS THREE DIAMONDS EIGHT,0.6462,0.0264,0.3274
DIAMONDS ACE DIAMONDS EIGHT,0.3654,0.0042,0.6304
HEARTS FOUR DIAMONDS EIGHT,0.6848,0.0748,0.2404
HEARTS FIVE DIAMONDS EIGHT,0.5772,0.0268,0.396
DIAMONDS EIGHT DIAMONDS TEN,0.2682,0.1986,0.5332
DIAMONDS EIGHT DIAMONDS JACK,0.3724,0.0148,0.6128
SPADES JACK SPADES THREE,0.397,0.0156,0.5874
SPADES TEN SPADES THREE,0.2932,0.4522,0.2546
CLUBS SIX HEARTS TEN,0.2574,0.3602,0.3824
CLUBS SIX HEARTS JACK,0.396,0.0168,0.5872
DIAMONDS EIGHT SPADES FOUR,0.6956,0.0786,0.2258
SPADES FIVE DIAMONDS EIGHT,0.592,0.03,0.378
DIAMONDS EIGHT SPADES TWO,0.6414,0.0254,0.3332
DIAMONDS EIGHT SPADES THREE,0.65,0.0264,0.3236
SPADES EIGHT DIAMONDS EIGHT,0.319,0.0476,0.6334
SPADES TEN DIAMONDS QUEEN,0.2744,0.0386,0.687
SPADES TEN HEARTS TWO,0.3104,0.4898,0.1998
SPADES JACK HEARTS EIGHT,0.3852,0.0148,0.6
SPADES NINE DIAMONDS EIGHT,0.5534,0.0248,0.4218
SPADES TEN HEARTS EIGHT,0.2816,0.2112,0.5072
SPADES JACK HEARTS TWO,0.4332,0.025,0.5418
SPADES JACK DIAMONDS QUEEN,0.354,0.0082,0.6378
SPADES SIX DIAMONDS EIGHT,0.5772,0.0254,0.3974
SPADES SEVEN DIAMONDS EIGHT,0.5594,0.0244,0.4162
SPADES ACE HEARTS TWO,0.4268,0.0064,0.5668
SPADES ACE DIAMONDS QUEEN,0.359,0.0044,0.6366
SPADES ACE HEARTS EIGHT,0.4002,0.0026,0.5972
SPADES KING HEARTS EIGHT,0.4062,0.0064,0.5874
SPADES QUEEN HEARTS TWO,0.4322,0.0114,0.5564
SPADES QUEEN DIAMONDS QUEEN,0.1984,0.0144,0.7872
SPADES KING DIAMONDS QUEEN,0.366,0.0064,0.6276
SPADES KING HEARTS TWO,0.4404,0.0062,0.5534
SPADES QUEEN HEARTS EIGHT,0.4024,0.0094,0.5882
CLUBS TWO HEARTS TEN,0.32,0.476,0.204
CLUBS TWO HEARTS JACK,0.4266,0.0202,0.5532
SPADES SEVEN DIAMONDS NINE,0.5728,0.0244,0.4028
SPADES SIX DIAMONDS NINE,0.5922,0.0218,0.386
SPADES NINE DIAMONDS NINE,0.3074,0.0364,0.6562
SPADES EIGHT DIAMONDS NINE,0.5566,0.0236,0.4198
SPADES TEN CLUBS KING,0.2624,0.0408,0.6968
DIAMONDS NINE SPADES THREE,0.63,0.0274,0.3426
SPADES JACK CLUBS KING,0.3474,0.0072,0.6454
DIAMONDS NINE SPADES TWO,0.6342,0.0284,0.3374
DIAMONDS NINE SPADES FIVE,0.6006,0.0268,0.3726
DIAMONDS NINE SPADES FOUR,0.7008,0.0758,0.2234
CLUBS NINE DIAMONDS NINE,0.2978,0.0374,0.6648
CLUBS EIGHT DIAMONDS NINE,0.549,0.0278,0.4232
CLUBS SIX DIAMONDS NINE,0.584,0.024,0.392
CLUBS SEVEN DIAMONDS NINE,0.5646,0.0266,0.4088
CLUBS FIVE DIAMONDS NINE,0.5906,0.0274,0.382
CLUBS TWO DIAMONDS NINE,0.6446,0.026,0.3294
CLUBS THREE DIAMONDS NINE,0.6306,0.0284,0.341
DIAMONDS NINE HEARTS EIGHT,0.5438,0.0246,0.4316
DIAMONDS NINE HEARTS NINE,0.3118,0.0384,0.6498
HEARTS SIX DIAMONDS NINE,0.571,0.0258,0.4032
DIAMONDS NINE HEARTS SEVEN,0.5758,0.0242,0.4
CLUBS NINE CLUBS EIGHT,0.5368,0.025,0.4382
DIAMONDS ACE DIAMONDS NINE,0.3718,0.0038,0.6244
HEARTS FOUR DIAMONDS NINE,0.696,0.0742,0.2298
HEARTS FIVE DIAMONDS NINE,0.5884,0.0322,0.3794
CLUBS TWO HEARTS ACE,0.4186,0.0044,0.577
DIAMONDS QUEEN DIAMONDS NINE,0.3634,0.0094,0.6272
HEARTS TWO DIAMONDS NINE,0.6432,0.0286,0.3282
CLUBS TWO HEARTS KING,0.4164,0.0094,0.5742
DIAMONDS KING DIAMONDS NINE,0.37,0.0078,0.6222
HEARTS THREE DIAMONDS NINE,0.6398,0.0282,0.332
CLUBS TWO HEARTS QUEEN,0.4212,0.0154,0.5634
DIAMONDS NINE DIAMONDS JACK,0.3394,0.0156,0.645
CLUBS EIGHT SPADES NINE,0.5502,0.0266,0.4232
DIAMONDS NINE DIAMONDS TEN,0.2542,0.156,0.5898
CLUBS EIGHT SPADES EIGHT,0.313,0.0432,0.6438
CLUBS EIGHT SPADES SEVEN,0.5602,0.0206,0.4192
CLUBS EIGHT SPADES SIX,0.5634,0.0288,0.4078
CLUBS EIGHT SPADES FIVE,0.5902,0.0242,0.3856
CLUBS EIGHT SPADES FOUR,0.6812,0.0752,0.2436
CLUBS EIGHT SPADES THREE,0.6198,0.0306,0.3496
CLUBS EIGHT SPADES TWO,0.6334,0.03,0.3366
HEARTS SIX DIAMONDS TEN,0.2718,0.349,0.3792
DIAMONDS TEN HEARTS SEVEN,0.265,0.2802,0.4548
DIAMONDS TEN HEARTS EIGHT,0.2704,0.2098,0.5198
DIAMONDS TEN HEARTS NINE,0.2682,0.1664,0.5654
CLUBS TWO DIAMONDS TEN,0.297,0.4882,0.2148
CLUBS THREE DIAMONDS TEN,0.3002,0.4884,0.2114
DIAMONDS JACK DIAMONDS TEN,0.2584,0.0508,0.6908
DIAMONDS QUEEN DIAMONDS TEN,0.257,0.0432,0.6998
HEARTS TWO DIAMONDS TEN,0.3056,0.4902,0.2042
DIAMONDS KING DIAMONDS TEN,0.2604,0.0328,0.7068
HEARTS THREE DIAMONDS TEN,0.2996,0.4978,0.2026
DIAMONDS ACE DIAMONDS TEN,0.2588,0.02,0.7212
HEARTS FOUR DIAMONDS TEN,0.0726,0.9064,0.021
CLUBS EIGHT HEARTS JACK,0.3786,0.0182,0.6032
HEARTS FIVE DIAMONDS TEN,0.2716,0.4264,0.302
CLUBS EIGHT HEARTS TEN,0.2606,0.2076,0.5318
CLUBS EIGHT HEARTS QUEEN,0.394,0.011,0.595
CLUBS EIGHT HEARTS KING,0.4004,0.0084,0.5912
CLUBS EIGHT HEARTS ACE,0.3956,0.0044,0.6
CLUBS NINE SPADES THREE,0.633,0.0242,0.3428
CLUBS NINE SPADES TWO,0.6274,0.027,0.3456
CLUBS NINE SPADES FIVE,0.5826,0.0268,0.3906
CLUBS NINE SPADES FOUR,0.7024,0.07,0.2276
CLUBS NINE SPADES SEVEN,0.5676,0.0268,0.4056
CLUBS NINE SPADES SIX,0.5828,0.0236,0.3936
CLUBS NINE SPADES NINE,0.299,0.039,0.662
CLUBS NINE SPADES EIGHT,0.5454,0.023,0.4316
CLUBS JACK HEARTS EIGHT,0.3718,0.0182,0.61
CLUBS QUEEN HEARTS EIGHT,0.3864,0.0116,0.602
CLUBS KING HEARTS EIGHT,0.4,0.007,0.593
CLUBS ACE HEARTS EIGHT,0.3754,0.0048,0.6198
SPADES KING CLUBS KING,0.1772,0.0094,0.8134
SPADES QUEEN CLUBS KING,0.3424,0.008,0.6496
SPADES ACE CLUBS KING,0.3584,0.0048,0.6368
DIAMONDS ACE HEARTS TEN,0.2796,0.0236,0.6968
HEARTS FOUR HEARTS TEN,0.0768,0.8508,0.0724
DIAMONDS ACE HEARTS JACK,0.3472,0.003,0.6498
HEARTS FOUR HEARTS JACK,0.264,0.0504,0.6856
SPADES KING CLUBS FIVE,0.3874,0.011,0.6016
SPADES QUEEN CLUBS FIVE,0.3904,0.0142,0.5954
SPADES ACE CLUBS FIVE,0.388,0.0038,0.6082
DIAMONDS JACK HEARTS SEVEN,0.3882,0.018,0.5938
HEARTS SIX DIAMONDS JACK,0.4034,0.0152,0.5814
DIAMONDS JACK HEARTS NINE,0.3822,0.0128,0.605
DIAMONDS JACK HEARTS EIGHT,0.387,0.0142,0.5988
DIAMONDS KING DIAMONDS JACK,0.3416,0.0084,0.65
HEARTS THREE DIAMONDS JACK,0.438,0.0194,0.5426
SPADES ACE SPADES SIX,0.3836,0.003,0.6134
HEARTS ACE SPADES FOUR,0.2834,0.0242,0.6924
DIAMONDS QUEEN DIAMONDS JACK,0.3398,0.0104,0.6498
HEARTS TWO DIAMONDS JACK,0.4264,0.0166,0.557
HEARTS FIVE DIAMONDS JACK,0.3998,0.0124,0.5878
SPADES QUEEN SPADES SIX,0.3832,0.0122,0.6046
SPADES FOUR HEARTS QUEEN,0.2876,0.0446,0.6678
DIAMONDS ACE DIAMONDS JACK,0.3482,0.003,0.6488
HEARTS FOUR DIAMONDS JACK,0.277,0.0636,0.6594
SPADES KING SPADES SIX,0.3696,0.0074,0.623
HEARTS KING SPADES FOUR,0.2796,0.0348,0.6856
SPADES TEN SPADES SIX,0.2418,0.3346,0.4236
SPADES JACK SPADES SIX,0.3862,0.0168,0.597
SPADES FOUR DIAMONDS JACK,0.2752,0.0624,0.6624
SPADES FIVE DIAMONDS JACK,0.404,0.0172,0.5788
DIAMONDS JACK SPADES TWO,0.4306,0.0158,0.5536
DIAMONDS JACK SPADES THREE,0.4392,0.0166,0.5442
SPADES ACE DIAMONDS THREE,0.4302,0.0048,0.565
SPADES QUEEN DIAMONDS THREE,0.4276,0.0104,0.562
CLUBS EIGHT DIAMONDS JACK,0.3624,0.0152,0.6224
SPADES KING DIAMONDS THREE,0.428,0.0076,0.5644
CLUBS NINE DIAMONDS JACK,0.362,0.015,0.623
CLUBS SIX DIAMONDS JACK,0.3994,0.0192,0.5814
CLUBS SEVEN DIAMONDS JACK,0.3812,0.0148,0.604
CLUBS FIVE DIAMONDS JACK,0.3858,0.02,0.5942
CLUBS TWO DIAMONDS JACK,0.4222,0.0204,0.5574
CLUBS THREE DIAMONDS JACK,0.415,0.0186,0.5664
SPADES TEN CLUBS FIVE,0.2522,0.4434,0.3044
HEARTS SIX SPADES JACK,0.4134,0.0142,0.5724
HEARTS SIX SPADES TEN,0.2676,0.3598,0.3726
SPADES JACK CLUBS FIVE,0.3964,0.0188,0.5848
SPADES JACK DIAMONDS THREE,0.4294,0.0184,0.5522
CLUBS SEVEN CLUBS ACE,0.3448,0.0074,0.6478
DIAMONDS THREE SPADES TEN,0.3164,0.4738,0.2098
CLUBS SEVEN CLUBS QUEEN,0.3542,0.0124,0.6334
CLUBS SEVEN CLUBS KING,0.35,0.008,0.642
SPADES NINE DIAMONDS JACK,0.3736,0.0158,0.6106
DIAMONDS ACE HEARTS ACE,0.1662,0.002,0.8318
HEARTS FOUR HEARTS ACE,0.2692,0.0232,0.7076
SPADES EIGHT DIAMONDS JACK,0.3786,0.014,0.6074
SPADES ACE HEARTS SIX,0.403,0.0032,0.5938
CLUBS JACK CLUBS SEVEN,0.3436,0.0162,0.6402
DIAMONDS ACE HEARTS KING,0.3776,0.0048,0.6176
HEARTS FOUR HEARTS KING,0.2764,0.0356,0.688
SPADES SEVEN DIAMONDS JACK,0.3926,0.0162,0.5912
SPADES KING HEARTS SIX,0.4076,0.005,0.5874
DIAMONDS ACE HEARTS QUEEN,0.3708,0.0038,0.6254
HEARTS FOUR HEARTS QUEEN,0.2778,0.0428,0.6794
SPADES QUEEN HEARTS SIX,0.4034,0.0114,0.5852
SPADES SIX DIAMONDS JACK,0.4006,0.014,0.5854
DIAMONDS TEN SPADES TWO,0.31,0.4832,0.2068
SPADES THREE DIAMONDS TEN,0.3032,0.4908,0.206
SPADES FOUR DIAMONDS TEN,0.0708,0.9106,0.0186
SPADES FIVE DIAMONDS TEN,0.2712,0.4324,0.2964
SPADES SIX DIAMONDS TEN,0.2742,0.3478,0.378
SPADES SEVEN DIAMONDS TEN,0.2676,0.2758,0.4566
SPADES EIGHT DIAMONDS TEN,0.2718,0.199,0.5292
SPADES NINE DIAMONDS TEN,0.2662,0.1576,0.5762
CLUBS FIVE DIAMONDS TEN,0.262,0.4344,0.3036
CLUBS SIX DIAMONDS TEN,0.2474,0.3718,0.3808
CLUBS SEVEN DIAMONDS TEN,0.2508,0.2876,0.4616
CLUBS EIGHT DIAMONDS TEN,0.2524,0.2216,0.526
CLUBS NINE DIAMONDS TEN,0.2632,0.162,0.5748
CLUBS JACK DIAMONDS THREE,0.4138,0.0244,0.5618
DIAMONDS THREE CLUBS KING,0.4062,0.0108,0.583
DIAMONDS THREE CLUBS QUEEN,0.4326,0.0132,0.5542
DIAMONDS THREE CLUBS ACE,0.4144,0.0048,0.5808
SPADES FOUR HEARTS JACK,0.2808,0.0614,0.6578
SPADES FOUR HEARTS TEN,0.065,0.9146,0.0204
SPADES FIVE SPADES TWO,0.5812,0.0256,0.3932
SPADES FOUR SPADES TWO,0.615,0.0808,0.3042
SPADES THREE SPADES TWO,0.6076,0.0276,0.3648
SPADES NINE SPADES TWO,0.6046,0.0252,0.3702
SPADES EIGHT SPADES TWO,0.6052,0.0274,0.3674
SPADES SEVEN SPADES TWO,0.6112,0.0256,0.3632
SPADES SIX SPADES TWO,0.579,0.0278,0.3932
DIAMONDS QUEEN CLUBS THREE,0.423,0.0166,0.5604
HEARTS TWO CLUBS THREE,0.6442,0.0326,0.3232
DIAMONDS QUEEN CLUBS TWO,0.4342,0.0104,0.5554
CLUBS TWO HEARTS TWO,0.42,0.067,0.513
DIAMONDS QUEEN HEARTS SEVEN,0.4054,0.0122,0.5824
HEARTS TWO HEARTS SEVEN,0.6072,0.0242,0.3686
HEARTS SIX DIAMONDS QUEEN,0.4018,0.0124,0.5858
HEARTS SIX HEARTS TWO,0.604,0.0292,0.3668
DIAMONDS QUEEN HEARTS NINE,0.3836,0.0096,0.6068
HEARTS TWO HEARTS NINE,0.601,0.0262,0.3728
DIAMONDS QUEEN HEARTS EIGHT,0.3874,0.0114,0.6012
HEARTS TWO HEARTS EIGHT,0.6046,0.0286,0.3668
CLUBS NINE HEARTS TWO,0.6242,0.0254,0.3504
CLUBS NINE DIAMONDS QUEEN,0.3714,0.0098,0.6188
CLUBS EIGHT HEARTS TWO,0.6272,0.0282,0.3446
CLUBS EIGHT DIAMONDS QUEEN,0.3804,0.0116,0.608
CLUBS FIVE DIAMONDS QUEEN,0.3986,0.0136,0.5878
CLUBS FIVE HEARTS TWO,0.6152,0.0294,0.3554
SPADES EIGHT HEARTS ACE,0.3906,0.005,0.6044
CLUBS SEVEN DIAMONDS QUEEN,0.3914,0.0116,0.597
CLUBS SEVEN HEARTS TWO,0.6406,0.0296,0.3298
SPADES EIGHT HEARTS QUEEN,0.3892,0.014,0.5968
CLUBS SIX DIAMONDS QUEEN,0.4008,0.0106,0.5886
CLUBS SIX HEARTS TWO,0.6318,0.0278,0.3404
SPADES EIGHT HEARTS KING,0.4044,0.0072,0.5884
HEARTS TWO SPADES SIX,0.631,0.0266,0.3424
DIAMONDS QUEEN SPADES SIX,0.404,0.011,0.585
HEARTS FOUR CLUBS QUEEN,0.2672,0.0424,0.6904
DIAMONDS ACE CLUBS QUEEN,0.343,0.007,0.65
DIAMONDS QUEEN SPADES SEVEN,0.3896,0.0118,0.5986
HEARTS TWO SPADES SEVEN,0.64,0.0254,0.3346
HEARTS FOUR CLUBS KING,0.2686,0.0362,0.6952
DIAMONDS ACE CLUBS KING,0.3602,0.0062,0.6336
DIAMONDS QUEEN SPADES EIGHT,0.3852,0.0112,0.6036
SPADES EIGHT HEARTS TWO,0.648,0.0274,0.3246
HEARTS FOUR CLUBS ACE,0.2518,0.0242,0.724
DIAMONDS ACE CLUBS ACE,0.16,0.0044,0.8356
SPADES NINE DIAMONDS QUEEN,0.3806,0.0088,0.6106
SPADES NINE HEARTS TWO,0.6344,0.0296,0.336
HEARTS TWO SPADES TWO,0.433,0.063,0.504
DIAMONDS QUEEN SPADES TWO,0.4364,0.0126,0.551
HEARTS TWO SPADES THREE,0.6452,0.0346,0.3202
DIAMONDS QUEEN SPADES THREE,0.431,0.014,0.555
HEARTS TWO SPADES FOUR,0.681,0.0776,0.2414
DIAMONDS QUEEN SPADES FOUR,0.2656,0.0444,0.69
HEARTS TWO SPADES FIVE,0.619,0.0256,0.3554
DIAMONDS QUEEN SPADES FIVE,0.406,0.0102,0.5838
HEARTS FOUR CLUBS JACK,0.2634,0.0554,0.6812
CLUBS JACK DIAMONDS ACE,0.3456,0.006,0.6484
CLUBS FIVE CLUBS KING,0.3588,0.0082,0.633
CLUBS FIVE CLUBS QUEEN,0.3512,0.0148,0.634
CLUBS FIVE CLUBS ACE,0.329,0.0082,0.6628
CLUBS JACK CLUBS FIVE,0.3464,0.017,0.6366
SPADES KING CLUBS JACK,0.3346,0.0102,0.6552
CLUBS JACK SPADES QUEEN,0.3412,0.0088,0.65
SPADES ACE CLUBS JACK,0.349,0.0038,0.6472
SPADES SIX CLUBS KING,0.3896,0.0074,0.603
SPADES SIX CLUBS QUEEN,0.386,0.0116,0.6024
SPADES EIGHT HEARTS JACK,0.3862,0.0152,0.5986
SPADES SIX CLUBS ACE,0.3872,0.0056,0.6072
SPADES EIGHT HEARTS TEN,0.261,0.2176,0.5214
CLUBS JACK SPADES SIX,0.3806,0.017,0.6024
CLUBS JACK SPADES TEN,0.2564,0.0514,0.6922
CLUBS JACK SPADES JACK,0.182,0.0222,0.7958
SPADES QUEEN CLUBS SEVEN,0.3896,0.0126,0.5978
SPADES KING CLUBS SEVEN,0.3756,0.0072,0.6172
SPADES ACE CLUBS SEVEN,0.3996,0.0076,0.5928
SPADES SIX HEARTS TEN,0.2632,0.3574,0.3794
SPADES SIX HEARTS JACK,0.4146,0.0154,0.57
SPADES SIX HEARTS ACE,0.4058,0.0032,0.591
SPADES SIX HEARTS KING,0.41,0.0084,0.5816
SPADES SIX HEARTS QUEEN,0.4082,0.0096,0.5822
CLUBS SEVEN SPADES JACK,0.381,0.015,0.604
CLUBS SEVEN SPADES TEN,0.249,0.2838,0.4672
CLUBS JACK HEARTS SIX,0.3946,0.017,0.5884
CLUBS JACK CLUBS ACE,0.2986,0.0054,0.696
HEARTS SIX CLUBS QUEEN,0.3826,0.0132,0.6042
HEARTS SIX CLUBS KING,0.3856,0.0072,0.6072
HEARTS SIX CLUBS ACE,0.3974,0.0046,0.598
CLUBS JACK CLUBS QUEEN,0.2918,0.0092,0.699
CLUBS JACK CLUBS KING,0.2904,0.0108,0.6988
DIAMONDS THREE HEARTS ACE,0.4258,0.0048,0.5694
DIAMONDS THREE HEARTS QUEEN,0.4318,0.0088,0.5594
DIAMONDS THREE HEARTS KING,0.4406,0.0056,0.5538
CLUBS FIVE HEARTS JACK,0.3908,0.0174,0.5918
SPADES TEN DIAMONDS ACE,0.2836,0.0276,0.6888
HEARTS FOUR SPADES TEN,0.0734,0.9084,0.0182
CLUBS FIVE HEARTS TEN,0.2588,0.4432,0.298
HEARTS FOUR SPADES JACK,0.2868,0.0628,0.6504
SPADES JACK DIAMONDS ACE,0.3658,0.004,0.6302
SPADES ACE HEARTS FOUR,0.2938,0.0212,0.685
SPADES ACE DIAMONDS ACE,0.1754,0.0036,0.821
CLUBS FIVE HEARTS ACE,0.3742,0.006,0.6198
CLUBS FIVE HEARTS KING,0.387,0.0096,0.6034
HEARTS FOUR SPADES QUEEN,0.2952,0.043,0.6618
SPADES QUEEN DIAMONDS ACE,0.3648,0.0038,0.6314
CLUBS JACK SPADES FOUR,0.281,0.0574,0.6616
CLUBS FIVE HEARTS QUEEN,0.4022,0.012,0.5858
SPADES KING DIAMONDS ACE,0.372,0.0064,0.6216
HEARTS FOUR SPADES KING,0.2914,0.033,0.6756
DIAMONDS QUEEN DIAMONDS ACE,0.3438,0.0054,0.6508
HEARTS TWO DIAMONDS ACE,0.4278,0.0058,0.5664
HEARTS FOUR DIAMONDS QUEEN,0.277,0.0506,0.6724
HEARTS FOUR HEARTS TWO,0.643,0.0714,0.2856
DIAMONDS THREE HEARTS TEN,0.3086,0.4856,0.2058
SPADES FOUR CLUBS KING,0.2578,0.0388,0.7034
HEARTS FIVE DIAMONDS QUEEN,0.401,0.0102,0.5888
HEARTS FIVE HEARTS TWO,0.5858,0.0322,0.382
DIAMONDS THREE HEARTS JACK,0.4308,0.0228,0.5464
SPADES FOUR CLUBS QUEEN,0.2642,0.0508,0.685
DIAMONDS QUEEN HEARTS TWO,0.431,0.0118,0.5572
DIAMONDS KING DIAMONDS QUEEN,0.3464,0.006,0.6476
DIAMONDS KING HEARTS TWO,0.437,0.0052,0.5578
HEARTS THREE DIAMONDS QUEEN,0.431,0.0096,0.5594
HEARTS THREE HEARTS TWO,0.5872,0.0322,0.3806
SPADES FOUR CLUBS ACE,0.2738,0.0246,0.7016
HEARTS TWO CLUBS ACE,0.4142,0.007,0.5788
DIAMONDS QUEEN CLUBS ACE,0.36,0.0038,0.6362
HEARTS TWO CLUBS QUEEN,0.4222,0.0112,0.5666
DIAMONDS QUEEN CLUBS QUEEN,0.1682,0.02,0.8118
HEARTS TWO CLUBS KING,0.424,0.0098,0.5662
DIAMONDS QUEEN CLUBS KING,0.3476,0.0054,0.647
SPADES EIGHT SPADES FIVE,0.5482,0.0306,0.4212
SPADES NINE SPADES FIVE,0.5674,0.0276,0.405
CLUBS JACK HEARTS TWO,0.424,0.0186,0.5574
CLUBS JACK DIAMONDS QUEEN,0.3314,0.0108,0.6578
SPADES SIX SPADES FIVE,0.534,0.0288,0.4372
SPADES SEVEN SPADES FIVE,0.545,0.026,0.429
DIAMONDS FIVE CLUBS QUEEN,0.3872,0.0126,0.6002
SPADES EIGHT CLUBS ACE,0.3812,0.0054,0.6134
DIAMONDS FIVE CLUBS KING,0.3788,0.008,0.6132
SPADES EIGHT CLUBS KING,0.391,0.007,0.602
DIAMONDS FIVE CLUBS ACE,0.382,0.0056,0.6124
SPADES EIGHT CLUBS QUEEN,0.3818,0.0112,0.607
CLUBS JACK SPADES EIGHT,0.3718,0.0156,0.6126
CLUBS JACK DIAMONDS FIVE,0.3894,0.0188,0.5918
HEARTS JACK DIAMONDS TEN,0.2858,0.0502,0.664
DIAMONDS TEN HEARTS TEN,0.1408,0.051,0.8082
SPADES ACE CLUBS NINE,0.3972,0.0064,0.5964
CLUBS NINE SPADES QUEEN,0.3852,0.0102,0.6046
CLUBS NINE SPADES KING,0.3852,0.0074,0.6074
HEARTS SIX HEARTS KING,0.382,0.0078,0.6102
DIAMONDS KING SPADES SEVEN,0.404,0.006,0.59
HEARTS THREE SPADES SEVEN,0.642,0.0264,0.3316
SPADES KING DIAMONDS SEVEN,0.4046,0.0058,0.5896
HEARTS SIX HEARTS QUEEN,0.3714,0.013,0.6156
SPADES QUEEN DIAMONDS SEVEN,0.3846,0.008,0.6074
HEARTS THREE SPADES SIX,0.629,0.0304,0.3406
DIAMONDS KING SPADES SIX,0.393,0.0086,0.5984
DIAMONDS KING SPADES NINE,0.3928,0.0082,0.599
HEARTS THREE SPADES NINE,0.6374,0.0258,0.3368
HEARTS SIX HEARTS ACE,0.3694,0.0046,0.626
DIAMONDS KING SPADES EIGHT,0.4116,0.0072,0.5812
HEARTS THREE SPADES EIGHT,0.6542,0.0328,0.313
SPADES ACE DIAMONDS SEVEN,0.4026,0.003,0.5944
CLUBS NINE HEARTS THREE,0.64,0.0284,0.3316
CLUBS NINE DIAMONDS KING,0.393,0.0046,0.6024
HEARTS THREE CLUBS EIGHT,0.6374,0.0268,0.3358
CLUBS EIGHT DIAMONDS KING,0.3938,0.0074,0.5988
HEARTS THREE SPADES THREE,0.4322,0.0658,0.502
DIAMONDS KING SPADES THREE,0.4436,0.0074,0.549
HEARTS THREE SPADES TWO,0.6518,0.034,0.3142
DIAMONDS KING SPADES TWO,0.429,0.0088,0.5622
HEARTS THREE SPADES FIVE,0.6016,0.0268,0.3716
DIAMONDS KING SPADES FIVE,0.3934,0.008,0.5986
