opposingHand,winningChance,drawChance,lostChance
CLUBS TEN CLUBS NINE
HEARTS FIVE SPADES TEN,0.6186,0.1608,0.2206
SPADES JACK HEARTS FIVE,0.4824,0.0178,0.4998
CLUBS JACK SPADES FIVE,0.4638,0.0158,0.5204
CLUBS EIGHT CLUBS JACK,0.412,0.0182,0.5698
CLUBS EIGHT CLUBS KING,0.4092,0.0082,0.5826
SPADES FIVE CLUBS ACE,0.4614,0.0042,0.5344
CLUBS EIGHT CLUBS QUEEN,0.3984,0.013,0.5886
SPADES FIVE CLUBS KING,0.488,0.0074,0.5046
SPADES FIVE CLUBS QUEEN,0.4636,0.0118,0.5246
CLUBS EIGHT CLUBS ACE,0.4124,0.0052,0.5824
DIAMONDS TWO DIAMONDS THREE,0.6226,0.0212,0.3562
DIAMONDS TWO DIAMONDS FIVE,0.6282,0.0214,0.3504
SPADES KING HEARTS FIVE,0.479,0.0082,0.5128
DIAMONDS TWO DIAMONDS FOUR,0.6162,0.0224,0.3614
SPADES QUEEN HEARTS FIVE,0.4874,0.0104,0.5022
DIAMONDS TWO DIAMONDS SEVEN,0.6482,0.0216,0.3302
DIAMONDS TWO DIAMONDS SIX,0.642,0.022,0.336
SPADES ACE HEARTS FIVE,0.476,0.005,0.519
DIAMONDS TWO DIAMONDS NINE,0.6834,0.0744,0.2422
DIAMONDS TWO DIAMONDS EIGHT,0.6546,0.023,0.3224
DIAMONDS THREE DIAMONDS FOUR,0.605,0.0256,0.3694
CLUBS TWO SPADES FOUR,0.6564,0.0246,0.319
DIAMONDS THREE DIAMONDS FIVE,0.6186,0.0206,0.3608
CLUBS TWO SPADES FIVE,0.6576,0.024,0.3184
CLUBS TWO SPADES TWO,0.4726,0.0504,0.477
CLUBS TWO SPADES THREE,0.6556,0.0256,0.3188
DIAMONDS THREE DIAMONDS EIGHT,0.6432,0.02,0.3368
SPADES EIGHT CLUBS TWO,0.6888,0.0226,0.2886
DIAMONDS THREE DIAMONDS NINE,0.6796,0.0724,0.248
SPADES NINE CLUBS TWO,0.716,0.0738,0.2102
DIAMONDS THREE DIAMONDS SIX,0.6306,0.0246,0.3448
CLUBS TWO SPADES SIX,0.6696,0.027,0.3034
DIAMONDS THREE DIAMONDS SEVEN,0.6408,0.023,0.3362
CLUBS TWO SPADES SEVEN,0.6874,0.0186,0.294
CLUBS SIX CLUBS TWO,0.6704,0.0224,0.3072
CLUBS SEVEN CLUBS TWO,0.6924,0.0244,0.2832
CLUBS FOUR CLUBS TWO,0.658,0.0312,0.3108
CLUBS FIVE CLUBS TWO,0.657,0.0218,0.3212
DIAMONDS FOUR DIAMONDS SIX,0.6118,0.0218,0.3664
DIAMONDS FOUR DIAMONDS SEVEN,0.6354,0.0208,0.3438
CLUBS EIGHT CLUBS TWO,0.689,0.0234,0.2876
DIAMONDS FIVE DIAMONDS FOUR,0.616,0.0238,0.3602
DIAMONDS NINE DIAMONDS FOUR,0.6626,0.0732,0.2642
DIAMONDS EIGHT DIAMONDS FOUR,0.6436,0.0204,0.336
CLUBS TWO CLUBS THREE,0.6542,0.0228,0.323
DIAMONDS NINE DIAMONDS FIVE,0.6764,0.0712,0.2524
CLUBS JACK DIAMONDS TWO,0.49,0.0184,0.4916
DIAMONDS EIGHT DIAMONDS FIVE,0.6378,0.0232,0.339
DIAMONDS FIVE DIAMONDS SEVEN,0.6186,0.022,0.3594
DIAMONDS FIVE DIAMONDS SIX,0.6104,0.0228,0.3668
DIAMONDS TWO CLUBS ACE,0.4786,0.0074,0.514
DIAMONDS TWO CLUBS KING,0.4764,0.0084,0.5152
DIAMONDS TWO CLUBS QUEEN,0.4684,0.0106,0.521
DIAMONDS EIGHT DIAMONDS SIX,0.6286,0.022,0.3494
DIAMONDS NINE DIAMONDS SIX,0.6624,0.0718,0.2658
HEARTS ACE SPADES THREE,0.479,0.0034,0.5176
HEARTS KING SPADES THREE,0.4816,0.0082,0.5102
DIAMONDS SEVEN DIAMONDS SIX,0.6172,0.019,0.3638
SPADES THREE HEARTS QUEEN,0.486,0.0106,0.5034
HEARTS JACK SPADES THREE,0.4912,0.0164,0.4924
SPADES THREE HEARTS TEN,0.6228,0.1638,0.2134
DIAMONDS EIGHT DIAMONDS SEVEN,0.6202,0.0202,0.3596
DIAMONDS NINE DIAMONDS SEVEN,0.646,0.0738,0.2802
DIAMONDS NINE DIAMONDS EIGHT,0.6524,0.072,0.2756
DIAMONDS KING HEARTS TEN,0.3148,0.0334,0.6518
HEARTS THREE HEARTS TEN,0.5942,0.1544,0.2514
CLUBS SIX SPADES JACK,0.4648,0.016,0.5192
DIAMONDS KING HEARTS JACK,0.3908,0.006,0.6032
HEARTS THREE HEARTS JACK,0.4696,0.0126,0.5178
CLUBS SIX SPADES TEN,0.6124,0.1658,0.2218
SPADES JACK SPADES FIVE,0.4614,0.0148,0.5238
SPADES TEN SPADES FIVE,0.5846,0.1612,0.2542
DIAMONDS KING HEARTS ACE,0.4196,0.0046,0.5758
HEARTS THREE HEARTS ACE,0.4348,0.0056,0.5596
SPADES ACE CLUBS SIX,0.4626,0.0042,0.5332
DIAMONDS KING HEARTS QUEEN,0.4048,0.0068,0.5884
HEARTS THREE HEARTS QUEEN,0.4464,0.0102,0.5434
SPADES KING CLUBS SIX,0.4722,0.0078,0.52
DIAMONDS KING HEARTS KING,0.2224,0.0108,0.7668
HEARTS THREE HEARTS KING,0.4462,0.0082,0.5456
SPADES QUEEN CLUBS SIX,0.4768,0.0082,0.515
SPADES NINE HEARTS TEN,0.081,0.9006,0.0184
SPADES NINE HEARTS JACK,0.286,0.0564,0.6576
SPADES QUEEN SPADES FIVE,0.46,0.011,0.529
SPADES KING SPADES FIVE,0.45,0.0072,0.5428
SPADES ACE SPADES FIVE,0.441,0.005,0.554
SPADES NINE HEARTS QUEEN,0.3038,0.0424,0.6538
SPADES NINE HEARTS KING,0.3278,0.0306,0.6416
SPADES NINE HEARTS ACE,0.3332,0.019,0.6478
SPADES FIVE HEARTS QUEEN,0.479,0.011,0.51
HEARTS KING SPADES FIVE,0.482,0.0088,0.5092
SPADES FIVE HEARTS ACE,0.4778,0.0052,0.517
CLUBS EIGHT SPADES TEN,0.625,0.164,0.211
HEARTS THREE SPADES JACK,0.4816,0.0172,0.5012
SPADES JACK DIAMONDS KING,0.4,0.005,0.595
SPADES TEN DIAMONDS KING,0.3186,0.0316,0.6498
HEARTS THREE SPADES TEN,0.6212,0.1646,0.2142
CLUBS EIGHT SPADES JACK,0.4444,0.0144,0.5412
SPADES ACE CLUBS EIGHT,0.4624,0.0048,0.5328
CLUBS JACK HEARTS FIVE,0.4676,0.0156,0.5168
CLUBS SIX HEARTS ACE,0.4708,0.0064,0.5228
CLUBS EIGHT SPADES QUEEN,0.4568,0.011,0.5322
CLUBS SIX HEARTS QUEEN,0.4758,0.0112,0.513
CLUBS EIGHT SPADES KING,0.4646,0.0052,0.5302
CLUBS JACK SPADES THREE,0.468,0.0174,0.5146
CLUBS SIX HEARTS KING,0.4758,0.0084,0.5158
DIAMONDS TWO HEARTS JACK,0.4944,0.015,0.4906
SPADES THREE CLUBS QUEEN,0.4664,0.0116,0.522
DIAMONDS TWO HEARTS TEN,0.6256,0.1632,0.2112
SPADES THREE CLUBS KING,0.4772,0.0086,0.5142
HEARTS FIVE CLUBS ACE,0.47,0.0032,0.5268
SPADES FIVE HEARTS TEN,0.6298,0.1698,0.2004
SPADES THREE CLUBS ACE,0.479,0.0056,0.5154
HEARTS FIVE CLUBS KING,0.4734,0.0082,0.5184
SPADES FIVE HEARTS JACK,0.4908,0.0162,0.493
HEARTS FIVE CLUBS QUEEN,0.4692,0.0122,0.5186
HEARTS THREE CLUBS KING,0.4672,0.007,0.5258
DIAMONDS KING CLUBS KING,0.214,0.0068,0.7792
HEARTS THREE CLUBS QUEEN,0.4582,0.0118,0.53
DIAMONDS KING CLUBS QUEEN,0.3914,0.008,0.6006
HEARTS FIVE HEARTS JACK,0.4594,0.0162,0.5244
HEARTS FIVE HEARTS TEN,0.5972,0.1504,0.2524
HEARTS THREE CLUBS ACE,0.4606,0.0054,0.534
DIAMONDS KING CLUBS ACE,0.3932,0.0054,0.6014
SPADES ACE CLUBS QUEEN,0.3892,0.0052,0.6056
SPADES KING CLUBS QUEEN,0.3878,0.0066,0.6056
CLUBS JACK HEARTS THREE,0.4788,0.0142,0.507
CLUBS JACK DIAMONDS KING,0.3758,0.0086,0.6156
SPADES QUEEN CLUBS QUEEN,0.2006,0.0176,0.7818
SPADES JACK CLUBS QUEEN,0.3784,0.0128,0.6088
CLUBS SIX CLUBS QUEEN,0.4346,0.0114,0.554
SPADES TEN CLUBS QUEEN,0.287,0.042,0.671
CLUBS SIX CLUBS KING,0.4244,0.0074,0.5682
CLUBS SIX CLUBS ACE,0.4358,0.0052,0.559
HEARTS FIVE HEARTS KING,0.4554,0.0072,0.5374
HEARTS FIVE HEARTS QUEEN,0.4536,0.0106,0.5358
HEARTS FIVE HEARTS ACE,0.4508,0.0044,0.5448
CLUBS JACK CLUBS SIX,0.4256,0.0148,0.5596
SPADES SEVEN HEARTS JACK,0.4604,0.017,0.5226
SPADES SEVEN HEARTS TEN,0.6248,0.158,0.2172
DIAMONDS TWO CLUBS TWO,0.4784,0.0504,0.4712
DIAMONDS TWO CLUBS THREE,0.6644,0.0256,0.31
HEARTS SIX DIAMONDS TWO,0.6808,0.0226,0.2966
DIAMONDS TWO HEARTS QUEEN,0.4854,0.0126,0.502
DIAMONDS TWO HEARTS SEVEN,0.69,0.0266,0.2834
DIAMONDS TWO HEARTS KING,0.4804,0.0092,0.5104
DIAMONDS TWO HEARTS EIGHT,0.695,0.0252,0.2798
DIAMONDS TWO HEARTS ACE,0.4696,0.0056,0.5248
DIAMONDS TWO HEARTS NINE,0.7102,0.0698,0.22
DIAMONDS TWO DIAMONDS QUEEN,0.4488,0.0116,0.5396
DIAMONDS TWO HEARTS TWO,0.4976,0.0412,0.4612
DIAMONDS TWO DIAMONDS KING,0.47,0.007,0.523
HEARTS THREE DIAMONDS TWO,0.6696,0.0238,0.3066
DIAMONDS TWO DIAMONDS ACE,0.4404,0.0038,0.5558
HEARTS FOUR DIAMONDS TWO,0.6608,0.0218,0.3174
DIAMONDS TWO HEARTS FIVE,0.6658,0.022,0.3122
SPADES SEVEN HEARTS ACE,0.4742,0.0032,0.5226
DIAMONDS TWO DIAMONDS TEN,0.592,0.156,0.252
SPADES SEVEN HEARTS KING,0.4678,0.0058,0.5264
DIAMONDS TWO DIAMONDS JACK,0.4626,0.0108,0.5266
SPADES SEVEN HEARTS QUEEN,0.4798,0.0102,0.51
DIAMONDS TWO SPADES NINE,0.7236,0.0732,0.2032
DIAMONDS TWO SPADES EIGHT,0.6996,0.0242,0.2762
DIAMONDS TWO SPADES SEVEN,0.6918,0.0222,0.286
DIAMONDS TWO SPADES SIX,0.673,0.0222,0.3048
DIAMONDS TWO SPADES FIVE,0.6706,0.022,0.3074
DIAMONDS TWO SPADES FOUR,0.6578,0.026,0.3162
DIAMONDS TWO SPADES THREE,0.6552,0.0238,0.321
DIAMONDS TWO SPADES TWO,0.499,0.0424,0.4586
CLUBS EIGHT DIAMONDS TWO,0.6844,0.0224,0.2932
DIAMONDS TWO CLUBS SEVEN,0.6978,0.0248,0.2774
CLUBS SIX DIAMONDS TWO,0.6784,0.0246,0.297
DIAMONDS TWO CLUBS FIVE,0.6666,0.0252,0.3082
DIAMONDS TWO CLUBS FOUR,0.6562,0.0238,0.32
CLUBS FOUR SPADES FIVE,0.6452,0.0318,0.323
CLUBS FOUR SPADES FOUR,0.4878,0.041,0.4712
CLUBS FOUR SPADES THREE,0.631,0.0248,0.3442
CLUBS FOUR SPADES TWO,0.6538,0.0264,0.3198
CLUBS FOUR SPADES NINE,0.6984,0.076,0.2256
CLUBS FOUR SPADES EIGHT,0.6854,0.024,0.2906
CLUBS FOUR SPADES SEVEN,0.6628,0.0264,0.3108
CLUBS FOUR SPADES SIX,0.664,0.0214,0.3146
SPADES ACE DIAMONDS SIX,0.472,0.0046,0.5234
SPADES QUEEN DIAMONDS SIX,0.4644,0.0088,0.5268
SPADES KING DIAMONDS SIX,0.4746,0.0074,0.518
SPADES TEN DIAMONDS SIX,0.6322,0.1592,0.2086
SPADES JACK DIAMONDS SIX,0.4796,0.0124,0.508
SPADES QUEEN SPADES TWO,0.4648,0.0114,0.5238
SPADES KING SPADES TWO,0.4596,0.0078,0.5326
SPADES ACE SPADES TWO,0.4484,0.005,0.5466
CLUBS JACK DIAMONDS JACK,0.1984,0.0222,0.7794
DIAMONDS JACK CLUBS KING,0.3738,0.0058,0.6204
DIAMONDS JACK CLUBS QUEEN,0.3644,0.0096,0.626
DIAMONDS THREE DIAMONDS JACK,0.4592,0.0178,0.523
DIAMONDS THREE DIAMONDS TEN,0.6038,0.144,0.2522
DIAMONDS JACK CLUBS ACE,0.3866,0.003,0.6104
DIAMONDS THREE DIAMONDS KING,0.4622,0.0068,0.531
HEARTS THREE DIAMONDS THREE,0.4844,0.0436,0.472
DIAMONDS THREE DIAMONDS QUEEN,0.4556,0.0106,0.5338
DIAMONDS THREE HEARTS TWO,0.6616,0.0238,0.3146
HEARTS FIVE DIAMONDS THREE,0.647,0.0204,0.3326
DIAMONDS THREE DIAMONDS ACE,0.457,0.0032,0.5398
HEARTS FOUR DIAMONDS THREE,0.6568,0.0202,0.323
DIAMONDS THREE HEARTS SEVEN,0.6722,0.0236,0.3042
SPADES TEN SPADES NINE,0.0692,0.8584,0.0724
HEARTS SIX DIAMONDS THREE,0.6692,0.0212,0.3096
SPADES JACK SPADES NINE,0.2792,0.0482,0.6726
DIAMONDS THREE HEARTS NINE,0.7218,0.066,0.2122
HEARTS JACK DIAMONDS FOUR,0.4884,0.0166,0.495
HEARTS KING HEARTS ACE,0.3818,0.0032,0.615
SPADES TEN SPADES TWO,0.5904,0.1578,0.2518
DIAMONDS THREE HEARTS EIGHT,0.6982,0.0226,0.2792
HEARTS TEN DIAMONDS FOUR,0.6312,0.1634,0.2054
SPADES JACK SPADES TWO,0.4464,0.0152,0.5384
HEARTS QUEEN DIAMONDS FOUR,0.4754,0.0116,0.513
HEARTS KING DIAMONDS FOUR,0.4866,0.0102,0.5032
SPADES ACE SPADES NINE,0.3184,0.0164,0.6652
HEARTS ACE DIAMONDS FOUR,0.483,0.0042,0.5128
SPADES KING SPADES NINE,0.308,0.0276,0.6644
SPADES QUEEN SPADES NINE,0.2916,0.0334,0.675
DIAMONDS THREE SPADES NINE,0.709,0.08,0.211
DIAMONDS THREE SPADES EIGHT,0.6978,0.025,0.2772
DIAMONDS THREE SPADES SEVEN,0.676,0.0234,0.3006
DIAMONDS THREE SPADES SIX,0.663,0.0224,0.3146
CLUBS SIX DIAMONDS THREE,0.68,0.0196,0.3004
CLUBS ACE DIAMONDS FOUR,0.4648,0.0044,0.5308
CLUBS SIX CLUBS FIVE,0.6352,0.028,0.3368
CLUBS SEVEN CLUBS FIVE,0.652,0.0226,0.3254
CLUBS SEVEN DIAMONDS THREE,0.6776,0.0246,0.2978
DIAMONDS THREE CLUBS FOUR,0.6582,0.0248,0.317
DIAMONDS FOUR CLUBS QUEEN,0.4762,0.0098,0.514
DIAMONDS THREE CLUBS FIVE,0.643,0.0238,0.3332
DIAMONDS FOUR CLUBS KING,0.4522,0.0074,0.5404
DIAMONDS THREE CLUBS TWO,0.6654,0.0232,0.3114
DIAMONDS THREE CLUBS THREE,0.4684,0.0464,0.4852
CLUBS JACK DIAMONDS FOUR,0.4804,0.0144,0.5052
DIAMONDS THREE SPADES FOUR,0.6602,0.024,0.3158
DIAMONDS THREE SPADES FIVE,0.6478,0.0228,0.3294
DIAMONDS THREE SPADES TWO,0.6574,0.0246,0.318
DIAMONDS THREE SPADES THREE,0.4922,0.0428,0.465
CLUBS EIGHT DIAMONDS THREE,0.6912,0.0208,0.288
SPADES SEVEN CLUBS ACE,0.4666,0.0036,0.5298
SPADES SEVEN CLUBS QUEEN,0.466,0.0108,0.5232
SPADES SEVEN CLUBS KING,0.466,0.0072,0.5268
CLUBS FIVE SPADES SEVEN,0.6462,0.0206,0.3332
CLUBS FIVE SPADES SIX,0.6452,0.021,0.3338
CLUBS JACK SPADES SEVEN,0.4552,0.0156,0.5292
SPADES NINE CLUBS FIVE,0.713,0.0754,0.2116
CLUBS FIVE SPADES EIGHT,0.66,0.0206,0.3194
CLUBS FIVE SPADES THREE,0.638,0.023,0.339
CLUBS FIVE SPADES TWO,0.6518,0.0234,0.3248
CLUBS FIVE SPADES FIVE,0.4912,0.0424,0.4664
CLUBS FIVE SPADES FOUR,0.639,0.0216,0.3394
CLUBS EIGHT CLUBS FIVE,0.6716,0.023,0.3054
CLUBS ACE CLUBS QUEEN,0.3358,0.0056,0.6586
CLUBS KING CLUBS QUEEN,0.3454,0.0064,0.6482
DIAMONDS TEN DIAMONDS FOUR,0.5808,0.1572,0.262
DIAMONDS JACK DIAMONDS FOUR,0.4422,0.0152,0.5426
CLUBS JACK DIAMONDS NINE,0.2886,0.0502,0.6612
CLUBS JACK SPADES NINE,0.2742,0.0474,0.6784
DIAMONDS ACE DIAMONDS FOUR,0.4362,0.006,0.5578
HEARTS FOUR DIAMONDS FOUR,0.4912,0.0418,0.467
DIAMONDS JACK HEARTS TEN,0.2832,0.0488,0.668
SPADES NINE CLUBS KING,0.315,0.0322,0.6528
DIAMONDS TWO SPADES TEN,0.628,0.159,0.213
DIAMONDS NINE CLUBS ACE,0.318,0.0206,0.6614
HEARTS FIVE DIAMONDS FOUR,0.6574,0.0226,0.32
HEARTS JACK DIAMONDS JACK,0.2028,0.0222,0.775
SPADES NINE CLUBS QUEEN,0.3006,0.0424,0.657
DIAMONDS TWO SPADES JACK,0.4846,0.0158,0.4996
DIAMONDS QUEEN DIAMONDS FOUR,0.4574,0.0092,0.5334
HEARTS TWO DIAMONDS FOUR,0.6636,0.023,0.3134
DIAMONDS NINE CLUBS QUEEN,0.2904,0.0402,0.6694
DIAMONDS KING DIAMONDS FOUR,0.4558,0.008,0.5362
HEARTS THREE DIAMONDS FOUR,0.6452,0.0236,0.3312
SPADES NINE CLUBS ACE,0.3054,0.02,0.6746
DIAMONDS NINE CLUBS KING,0.3158,0.0302,0.654
HEARTS ACE DIAMONDS JACK,0.4098,0.005,0.5852
SPADES ACE DIAMONDS TWO,0.4724,0.004,0.5236
DIAMONDS JACK HEARTS QUEEN,0.3952,0.0094,0.5954
SPADES QUEEN DIAMONDS TWO,0.4784,0.0136,0.508
HEARTS KING DIAMONDS JACK,0.3932,0.0064,0.6004
SPADES KING DIAMONDS TWO,0.4908,0.0058,0.5034
SPADES JACK SPADES SEVEN,0.4238,0.0144,0.5618
SPADES TEN SPADES SEVEN,0.5842,0.146,0.2698
CLUBS SEVEN CLUBS THREE,0.6732,0.024,0.3028
CLUBS SIX CLUBS THREE,0.6602,0.0246,0.3152
CLUBS FIVE CLUBS THREE,0.6464,0.0232,0.3304
CLUBS FOUR CLUBS THREE,0.6482,0.0196,0.3322
CLUBS EIGHT CLUBS THREE,0.6842,0.028,0.2878
CLUBS THREE SPADES FIVE,0.6482,0.0298,0.322
CLUBS THREE SPADES FOUR,0.6324,0.0256,0.342
CLUBS THREE SPADES THREE,0.482,0.0428,0.4752
CLUBS THREE SPADES TWO,0.6654,0.0224,0.3122
CLUBS THREE SPADES SIX,0.6622,0.0258,0.312
SPADES SEVEN CLUBS THREE,0.6704,0.0228,0.3068
SPADES EIGHT CLUBS THREE,0.6898,0.0244,0.2858
SPADES NINE CLUBS THREE,0.7108,0.071,0.2182
SPADES TWO DIAMONDS FOUR,0.6584,0.0262,0.3154
SPADES THREE DIAMONDS FOUR,0.6574,0.0238,0.3188
SPADES FOUR DIAMONDS FOUR,0.4848,0.0428,0.4724
SPADES FIVE DIAMONDS FOUR,0.6598,0.0192,0.321
SPADES SIX DIAMONDS FOUR,0.6574,0.0216,0.321
SPADES SEVEN DIAMONDS FOUR,0.661,0.0232,0.3158
SPADES EIGHT DIAMONDS FOUR,0.6834,0.0238,0.2928
SPADES NINE DIAMONDS FOUR,0.7024,0.0722,0.2254
CLUBS FIVE DIAMONDS FOUR,0.6454,0.0222,0.3324
CLUBS FOUR DIAMONDS FOUR,0.4904,0.0438,0.4658
CLUBS SEVEN DIAMONDS FOUR,0.6692,0.026,0.3048
CLUBS SIX DIAMONDS FOUR,0.648,0.0256,0.3264
CLUBS EIGHT DIAMONDS FOUR,0.69,0.021,0.289
DIAMONDS FOUR HEARTS SEVEN,0.679,0.0196,0.3014
HEARTS SIX DIAMONDS FOUR,0.6626,0.0182,0.3192
HEARTS NINE DIAMONDS FOUR,0.7098,0.07,0.2202
DIAMONDS FOUR HEARTS EIGHT,0.6758,0.0224,0.3018
CLUBS THREE DIAMONDS FOUR,0.643,0.0266,0.3304
CLUBS TWO DIAMONDS FOUR,0.6502,0.0246,0.3252
DIAMONDS TEN DIAMONDS FIVE,0.5814,0.1558,0.2628
DIAMONDS JACK DIAMONDS FIVE,0.4518,0.0154,0.5328
DIAMONDS NINE HEARTS QUEEN,0.3052,0.0366,0.6582
HEARTS KING DIAMONDS NINE,0.3298,0.0276,0.6426
DIAMONDS NINE HEARTS ACE,0.3284,0.0144,0.6572
DIAMONDS NINE HEARTS TEN,0.065,0.9152,0.0198
DIAMONDS NINE HEARTS JACK,0.2936,0.0516,0.6548
CLUBS KING DIAMONDS SIX,0.4528,0.007,0.5402
CLUBS QUEEN DIAMONDS SIX,0.4526,0.0116,0.5358
CLUBS ACE DIAMONDS SIX,0.4622,0.0046,0.5332
SPADES KING DIAMONDS FOUR,0.4994,0.0054,0.4952
SPADES ACE SPADES SEVEN,0.4488,0.0026,0.5486
SPADES QUEEN DIAMONDS FOUR,0.4862,0.0106,0.5032
SPADES QUEEN SPADES SEVEN,0.4448,0.0118,0.5434
CLUBS JACK DIAMONDS SIX,0.4672,0.0152,0.5176
SPADES KING SPADES SEVEN,0.4388,0.0078,0.5534
SPADES ACE DIAMONDS FOUR,0.48,0.005,0.515
CLUBS EIGHT CLUBS FOUR,0.6864,0.0234,0.2902
SPADES JACK DIAMONDS FOUR,0.4662,0.0184,0.5154
SPADES TEN DIAMONDS FOUR,0.6184,0.1634,0.2182
CLUBS FOUR CLUBS FIVE,0.6418,0.025,0.3332
CLUBS SEVEN CLUBS FOUR,0.6622,0.0264,0.3114
CLUBS SIX CLUBS FOUR,0.6484,0.022,0.3296
CLUBS SEVEN SPADES EIGHT,0.654,0.0274,0.3186
CLUBS SEVEN SPADES NINE,0.6954,0.0718,0.2328
CLUBS SEVEN SPADES SIX,0.6406,0.0244,0.335
CLUBS SEVEN SPADES SEVEN,0.4654,0.0372,0.4974
CLUBS SEVEN SPADES FIVE,0.6446,0.0262,0.3292
CLUBS SEVEN SPADES FOUR,0.663,0.0238,0.3132
CLUBS SEVEN SPADES THREE,0.6794,0.0256,0.295
CLUBS SEVEN SPADES TWO,0.6942,0.0246,0.2812
CLUBS EIGHT CLUBS SEVEN,0.642,0.027,0.331
HEARTS SIX DIAMONDS FIVE,0.6452,0.0232,0.3316
DIAMONDS FIVE HEARTS SEVEN,0.6548,0.0184,0.3268
DIAMONDS FIVE HEARTS EIGHT,0.6706,0.0218,0.3076
HEARTS NINE DIAMONDS FIVE,0.7088,0.078,0.2132
DIAMONDS QUEEN DIAMONDS FIVE,0.4546,0.0096,0.5358
HEARTS TWO DIAMONDS FIVE,0.6734,0.0232,0.3034
HEARTS KING HEARTS EIGHT,0.4306,0.0076,0.5618
DIAMONDS KING DIAMONDS FIVE,0.4532,0.0094,0.5374
HEARTS THREE DIAMONDS FIVE,0.6458,0.0244,0.3298
HEARTS QUEEN HEARTS EIGHT,0.432,0.009,0.559
DIAMONDS ACE DIAMONDS FIVE,0.4472,0.0038,0.549
HEARTS FOUR DIAMONDS FIVE,0.6428,0.023,0.3342
HEARTS FIVE DIAMONDS FIVE,0.4786,0.0406,0.4808
HEARTS ACE HEARTS EIGHT,0.4452,0.0038,0.551
CLUBS FOUR DIAMONDS FIVE,0.6526,0.0282,0.3192
CLUBS FIVE DIAMONDS FIVE,0.4726,0.0398,0.4876
CLUBS SIX DIAMONDS FIVE,0.6396,0.0248,0.3356
CLUBS SEVEN DIAMONDS FIVE,0.6588,0.0238,0.3174
CLUBS TWO DIAMONDS FIVE,0.6612,0.025,0.3138
CLUBS THREE DIAMONDS FIVE,0.6526,0.0234,0.324
SPADES THREE DIAMONDS FIVE,0.648,0.022,0.33
SPADES TWO DIAMONDS FIVE,0.6646,0.0252,0.3102
SPADES JACK DIAMONDS EIGHT,0.4456,0.0162,0.5382
SPADES FIVE DIAMONDS FIVE,0.4856,0.0414,0.473
SPADES TEN DIAMONDS EIGHT,0.6204,0.165,0.2146
SPADES FOUR DIAMONDS FIVE,0.6488,0.0232,0.328
CLUBS JACK HEARTS JACK,0.2034,0.0228,0.7738
HEARTS JACK CLUBS QUEEN,0.3562,0.01,0.6338
HEARTS JACK CLUBS KING,0.3784,0.006,0.6156
CLUBS EIGHT DIAMONDS FIVE,0.67,0.0236,0.3064
HEARTS JACK CLUBS ACE,0.394,0.006,0.6
SPADES SEVEN DIAMONDS FIVE,0.6498,0.0248,0.3254
SPADES KING DIAMONDS EIGHT,0.463,0.0066,0.5304
SPADES QUEEN DIAMONDS EIGHT,0.4682,0.0082,0.5236
SPADES SIX DIAMONDS FIVE,0.648,0.022,0.33
SPADES NINE DIAMONDS FIVE,0.7096,0.0764,0.214
SPADES EIGHT DIAMONDS FIVE,0.6616,0.027,0.3114
SPADES ACE DIAMONDS EIGHT,0.4428,0.0046,0.5526
DIAMONDS TEN DIAMONDS SIX,0.5782,0.1532,0.2686
HEARTS ACE DIAMONDS SEVEN,0.467,0.003,0.53
DIAMONDS JACK DIAMONDS SIX,0.443,0.0166,0.5404
HEARTS QUEEN DIAMONDS SEVEN,0.4778,0.0086,0.5136
HEARTS KING DIAMONDS SEVEN,0.4628,0.005,0.5322
DIAMONDS ACE DIAMONDS SIX,0.4472,0.006,0.5468
HEARTS FOUR DIAMONDS SIX,0.6538,0.0222,0.324
HEARTS JACK SPADES TWO,0.479,0.0126,0.5084
HEARTS FIVE DIAMONDS SIX,0.6642,0.019,0.3168
SPADES TWO HEARTS TEN,0.6286,0.1614,0.21
DIAMONDS QUEEN DIAMONDS SIX,0.4468,0.0086,0.5446
HEARTS TWO DIAMONDS SIX,0.6698,0.02,0.3102
DIAMONDS KING DIAMONDS SIX,0.4448,0.0096,0.5456
HEARTS THREE DIAMONDS SIX,0.6624,0.0218,0.3158
HEARTS EIGHT DIAMONDS SIX,0.6554,0.0222,0.3224
HEARTS NINE DIAMONDS SIX,0.6936,0.076,0.2304
HEARTS SIX DIAMONDS SIX,0.4726,0.0396,0.4878
HEARTS SEVEN DIAMONDS SIX,0.6462,0.0206,0.3332
HEARTS TEN DIAMONDS SEVEN,0.6226,0.1634,0.214
CLUBS TWO DIAMONDS SIX,0.6704,0.0236,0.306
HEARTS JACK DIAMONDS SEVEN,0.4644,0.0146,0.521
CLUBS THREE DIAMONDS SIX,0.656,0.0298,0.3142
CLUBS JACK DIAMONDS EIGHT,0.4388,0.016,0.5452
CLUBS SEVEN DIAMONDS SIX,0.6422,0.0282,0.3296
CLUBS SIX DIAMONDS SIX,0.47,0.0406,0.4894
CLUBS FIVE DIAMONDS SIX,0.643,0.0266,0.3304
CLUBS FOUR DIAMONDS SIX,0.648,0.0274,0.3246
HEARTS ACE HEARTS JACK,0.3816,0.0042,0.6142
DIAMONDS EIGHT CLUBS ACE,0.452,0.0042,0.5438
HEARTS JACK HEARTS QUEEN,0.37,0.009,0.621
DIAMONDS EIGHT CLUBS KING,0.4608,0.0084,0.5308
HEARTS KING HEARTS JACK,0.3706,0.0054,0.624
DIAMONDS EIGHT CLUBS QUEEN,0.449,0.012,0.539
CLUBS EIGHT DIAMONDS SIX,0.663,0.023,0.314
SPADES TEN HEARTS KING,0.3106,0.0314,0.658
SPADES FIVE DIAMONDS SIX,0.6528,0.0218,0.3254
HEARTS ACE SPADES TWO,0.484,0.0052,0.5108
SPADES JACK HEARTS KING,0.3984,0.0072,0.5944
SPADES FOUR DIAMONDS SIX,0.6524,0.024,0.3236
SPADES THREE DIAMONDS SIX,0.6576,0.0218,0.3206
HEARTS QUEEN SPADES TWO,0.4734,0.01,0.5166
SPADES ACE SPADES KING,0.3896,0.0062,0.6042
HEARTS KING SPADES TWO,0.4772,0.0098,0.513
SPADES TWO DIAMONDS SIX,0.6726,0.0206,0.3068
HEARTS TEN HEARTS EIGHT,0.5792,0.1524,0.2684
SPADES NINE DIAMONDS SIX,0.7042,0.0678,0.228
HEARTS JACK HEARTS EIGHT,0.4314,0.0108,0.5578
SPADES EIGHT DIAMONDS SIX,0.6598,0.021,0.3192
SPADES SEVEN DIAMONDS SIX,0.6504,0.021,0.3286
SPADES SIX DIAMONDS SIX,0.4614,0.0406,0.498
SPADES KING HEARTS KING,0.2202,0.0106,0.7692
SPADES QUEEN HEARTS KING,0.3972,0.0066,0.5962
CLUBS ACE CLUBS KING,0.357,0.0042,0.6388
SPADES ACE HEARTS KING,0.4142,0.004,0.5818
SPADES ACE HEARTS JACK,0.4128,0.0042,0.583
SPADES QUEEN HEARTS JACK,0.3878,0.0086,0.6036
SPADES KING HEARTS JACK,0.3878,0.0036,0.6086
SPADES TEN DIAMONDS TEN,0.1936,0.048,0.7584
SPADES JACK DIAMONDS TEN,0.301,0.0612,0.6378
SPADES ACE DIAMONDS TEN,0.3104,0.0208,0.6688
SPADES JACK HEARTS JACK,0.209,0.025,0.766
SPADES TEN HEARTS JACK,0.284,0.0498,0.6662
SPADES QUEEN DIAMONDS TEN,0.2968,0.0408,0.6624
SPADES KING DIAMONDS TEN,0.3118,0.0294,0.6588
SPADES NINE DIAMONDS SEVEN,0.6926,0.075,0.2324
SPADES EIGHT DIAMONDS SEVEN,0.6662,0.0194,0.3144
SPADES SEVEN DIAMONDS SEVEN,0.4718,0.0386,0.4896
SPADES SIX DIAMONDS SEVEN,0.6392,0.023,0.3378
DIAMONDS KING DIAMONDS SEVEN,0.451,0.0074,0.5416
HEARTS THREE DIAMONDS SEVEN,0.6836,0.022,0.2944
HEARTS KING DIAMONDS FIVE,0.4832,0.0066,0.5102
DIAMONDS QUEEN DIAMONDS SEVEN,0.4516,0.0106,0.5378
HEARTS TWO DIAMONDS SEVEN,0.6984,0.0242,0.2774
HEARTS QUEEN DIAMONDS FIVE,0.477,0.008,0.515
HEARTS FIVE DIAMONDS SEVEN,0.651,0.023,0.326
DIAMONDS ACE DIAMONDS SEVEN,0.4336,0.0036,0.5628
HEARTS FOUR DIAMONDS SEVEN,0.6624,0.0236,0.314
HEARTS ACE DIAMONDS FIVE,0.4844,0.0044,0.5112
HEARTS SEVEN DIAMONDS SEVEN,0.4574,0.0334,0.5092
HEARTS SIX DIAMONDS SEVEN,0.6442,0.024,0.3318
HEARTS NINE DIAMONDS SEVEN,0.7012,0.069,0.2298
DIAMONDS SEVEN HEARTS EIGHT,0.6658,0.019,0.3152
DIAMONDS JACK DIAMONDS SEVEN,0.4302,0.016,0.5538
HEARTS JACK DIAMONDS FIVE,0.4758,0.0158,0.5084
DIAMONDS TEN DIAMONDS SEVEN,0.5848,0.1512,0.264
DIAMONDS FIVE HEARTS TEN,0.6334,0.1716,0.195
SPADES KING CLUBS TWO,0.482,0.0074,0.5106
HEARTS KING CLUBS KING,0.2134,0.0098,0.7768
CLUBS EIGHT DIAMONDS SEVEN,0.646,0.0272,0.3268
SPADES QUEEN CLUBS TWO,0.4772,0.0104,0.5124
HEARTS KING CLUBS QUEEN,0.3952,0.0078,0.597
CLUBS JACK SPADES TWO,0.4726,0.017,0.5104
SPADES ACE CLUBS TWO,0.4714,0.0056,0.523
HEARTS KING CLUBS ACE,0.3932,0.0056,0.6012
CLUBS SIX CLUBS SEVEN,0.6504,0.0246,0.325
SPADES TWO CLUBS KING,0.4612,0.0104,0.5284
SPADES TWO DIAMONDS SEVEN,0.7008,0.023,0.2762
CLUBS EIGHT CLUBS SIX,0.6584,0.0252,0.3164
SPADES THREE DIAMONDS SEVEN,0.6904,0.023,0.2866
SPADES TWO CLUBS QUEEN,0.4686,0.0106,0.5208
SPADES FOUR DIAMONDS SEVEN,0.6722,0.024,0.3038
CLUBS JACK HEARTS KING,0.3706,0.0082,0.6212
SPADES FIVE DIAMONDS SEVEN,0.6554,0.0234,0.3212
SPADES TWO CLUBS ACE,0.4638,0.004,0.5322
CLUBS SIX SPADES TWO,0.6638,0.0252,0.311
CLUBS SIX SPADES THREE,0.6614,0.0208,0.3178
CLUBS TWO DIAMONDS SEVEN,0.6786,0.0264,0.295
CLUBS SIX SPADES FOUR,0.651,0.0216,0.3274
CLUBS THREE DIAMONDS SEVEN,0.6638,0.0254,0.3108
CLUBS SIX SPADES FIVE,0.6358,0.0256,0.3386
CLUBS FOUR DIAMONDS SEVEN,0.6652,0.0238,0.311
CLUBS SIX SPADES SIX,0.4882,0.041,0.4708
CLUBS FIVE DIAMONDS SEVEN,0.6602,0.0238,0.316
CLUBS SIX SPADES SEVEN,0.6536,0.0234,0.323
CLUBS SIX DIAMONDS SEVEN,0.6532,0.0258,0.321
CLUBS SIX SPADES EIGHT,0.6546,0.0242,0.3212
SPADES JACK CLUBS TWO,0.477,0.0178,0.5052
CLUBS SIX SPADES NINE,0.6996,0.0766,0.2238
SPADES TEN CLUBS TWO,0.627,0.1642,0.2088
CLUBS SEVEN DIAMONDS SEVEN,0.4752,0.0352,0.4896
CLUBS TWO CLUBS QUEEN,0.4358,0.0112,0.553
CLUBS TWO CLUBS KING,0.43,0.008,0.562
CLUBS THREE DIAMONDS EIGHT,0.7014,0.0236,0.275
CLUBS TWO CLUBS ACE,0.426,0.005,0.569
CLUBS TWO DIAMONDS EIGHT,0.6964,0.022,0.2816
DIAMONDS EIGHT HEARTS SEVEN,0.6478,0.0182,0.334
HEARTS SIX DIAMONDS EIGHT,0.6604,0.02,0.3196
DIAMONDS EIGHT HEARTS NINE,0.6966,0.0698,0.2336
DIAMONDS EIGHT HEARTS EIGHT,0.4454,0.0388,0.5158
CLUBS JACK CLUBS TWO,0.4386,0.0192,0.5422
CLUBS EIGHT DIAMONDS EIGHT,0.4556,0.0402,0.5042
CLUBS FIVE DIAMONDS EIGHT,0.6582,0.0232,0.3186
SPADES ACE SPADES THREE,0.4374,0.0048,0.5578
CLUBS FOUR DIAMONDS EIGHT,0.681,0.0244,0.2946
SPADES QUEEN SPADES THREE,0.4512,0.0094,0.5394
CLUBS SEVEN DIAMONDS EIGHT,0.6504,0.0238,0.3258
CLUBS SIX DIAMONDS EIGHT,0.6474,0.0224,0.3302
SPADES KING SPADES THREE,0.457,0.0086,0.5344
DIAMONDS QUEEN DIAMONDS EIGHT,0.4284,0.0074,0.5642
HEARTS TWO DIAMONDS EIGHT,0.698,0.0244,0.2776
DIAMONDS KING DIAMONDS EIGHT,0.4312,0.0066,0.5622
HEARTS THREE DIAMONDS EIGHT,0.6984,0.0216,0.28
DIAMONDS ACE DIAMONDS EIGHT,0.4346,0.0048,0.5606
HEARTS FOUR DIAMONDS EIGHT,0.6936,0.0204,0.286
HEARTS FIVE DIAMONDS EIGHT,0.6698,0.023,0.3072
DIAMONDS EIGHT DIAMONDS TEN,0.5918,0.1548,0.2534
DIAMONDS EIGHT DIAMONDS JACK,0.4238,0.0158,0.5604
SPADES JACK SPADES THREE,0.449,0.0184,0.5326
SPADES TEN SPADES THREE,0.597,0.1554,0.2476
CLUBS FOUR HEARTS ACE,0.4776,0.0038,0.5186
CLUBS FOUR HEARTS QUEEN,0.4682,0.011,0.5208
CLUBS FOUR HEARTS KING,0.4868,0.0064,0.5068
CLUBS SIX HEARTS TEN,0.6212,0.1602,0.2186
CLUBS SIX HEARTS JACK,0.469,0.014,0.517
DIAMONDS EIGHT SPADES FOUR,0.6852,0.024,0.2908
SPADES FIVE DIAMONDS EIGHT,0.677,0.0204,0.3026
DIAMONDS EIGHT SPADES TWO,0.6878,0.0222,0.29
DIAMONDS EIGHT SPADES THREE,0.6902,0.022,0.2878
CLUBS FOUR HEARTS JACK,0.4734,0.0152,0.5114
SPADES EIGHT DIAMONDS EIGHT,0.4618,0.035,0.5032
SPADES TEN DIAMONDS QUEEN,0.3058,0.0452,0.649
SPADES TEN HEARTS TWO,0.6176,0.1722,0.2102
SPADES JACK HEARTS EIGHT,0.444,0.0156,0.5404
CLUBS FOUR HEARTS TEN,0.6286,0.1628,0.2086
SPADES NINE DIAMONDS EIGHT,0.6944,0.0784,0.2272
SPADES TEN HEARTS EIGHT,0.6208,0.1582,0.221
SPADES JACK HEARTS TWO,0.4896,0.0146,0.4958
SPADES JACK DIAMONDS QUEEN,0.3844,0.011,0.6046
SPADES SIX DIAMONDS EIGHT,0.663,0.0242,0.3128
SPADES SEVEN DIAMONDS EIGHT,0.6452,0.0236,0.3312
SPADES ACE HEARTS TWO,0.4854,0.0052,0.5094
SPADES ACE DIAMONDS QUEEN,0.4038,0.005,0.5912
SPADES ACE HEARTS EIGHT,0.4654,0.0052,0.5294
SPADES KING HEARTS EIGHT,0.4608,0.007,0.5322
SPADES QUEEN HEARTS TWO,0.4896,0.011,0.4994
SPADES QUEEN DIAMONDS QUEEN,0.2192,0.0156,0.7652
SPADES KING DIAMONDS QUEEN,0.4084,0.0068,0.5848
SPADES KING HEARTS TWO,0.4808,0.0072,0.512
SPADES QUEEN HEARTS EIGHT,0.4618,0.0084,0.5298
CLUBS TWO HEARTS TEN,0.6238,0.1648,0.2114
CLUBS TWO HEARTS JACK,0.4756,0.0136,0.5108
SPADES SEVEN DIAMONDS NINE,0.703,0.0696,0.2274
SPADES SIX DIAMONDS NINE,0.7108,0.0656,0.2236
SPADES NINE DIAMONDS NINE,0.3576,0.0394,0.603
SPADES EIGHT DIAMONDS NINE,0.695,0.0744,0.2306
SPADES TEN CLUBS KING,0.3026,0.0272,0.6702
DIAMONDS NINE SPADES THREE,0.7186,0.076,0.2054
SPADES JACK CLUBS KING,0.3798,0.0086,0.6116
DIAMONDS NINE SPADES TWO,0.7136,0.0788,0.2076
DIAMONDS NINE SPADES FIVE,0.7042,0.0738,0.222
DIAMONDS NINE SPADES FOUR,0.7094,0.0708,0.2198
CLUBS EIGHT DIAMONDS NINE,0.6896,0.068,0.2424
CLUBS SIX DIAMONDS NINE,0.698,0.0742,0.2278
SPADES JACK CLUBS FOUR,0.4672,0.0166,0.5162
SPADES TEN CLUBS FOUR,0.6242,0.161,0.2148
CLUBS SEVEN DIAMONDS NINE,0.7,0.0716,0.2284
CLUBS FOUR DIAMONDS NINE,0.7022,0.0766,0.2212
CLUBS FIVE DIAMONDS NINE,0.7106,0.0758,0.2136
CLUBS TWO DIAMONDS NINE,0.7098,0.0724,0.2178
CLUBS THREE DIAMONDS NINE,0.7064,0.0766,0.217
DIAMONDS NINE HEARTS EIGHT,0.6996,0.0746,0.2258
DIAMONDS NINE HEARTS NINE,0.3706,0.0336,0.5958
HEARTS SIX DIAMONDS NINE,0.7022,0.0764,0.2214
DIAMONDS NINE HEARTS SEVEN,0.6858,0.0752,0.239
DIAMONDS ACE DIAMONDS NINE,0.3142,0.0184,0.6674
HEARTS FOUR DIAMONDS NINE,0.7112,0.077,0.2118
HEARTS FIVE DIAMONDS NINE,0.7088,0.0802,0.211
CLUBS TWO HEARTS ACE,0.4778,0.0058,0.5164
SPADES ACE CLUBS FOUR,0.4662,0.0062,0.5276
DIAMONDS QUEEN DIAMONDS NINE,0.2976,0.0364,0.666
HEARTS TWO DIAMONDS NINE,0.717,0.0806,0.2024
CLUBS TWO HEARTS KING,0.4704,0.0086,0.521
SPADES KING CLUBS FOUR,0.4784,0.006,0.5156
DIAMONDS KING DIAMONDS NINE,0.31,0.0294,0.6606
HEARTS THREE DIAMONDS NINE,0.709,0.0672,0.2238
CLUBS TWO HEARTS QUEEN,0.4806,0.0118,0.5076
SPADES QUEEN CLUBS FOUR,0.4796,0.0116,0.5088
DIAMONDS NINE DIAMONDS JACK,0.2838,0.0458,0.6704
CLUBS EIGHT SPADES NINE,0.6988,0.0732,0.228
DIAMONDS NINE DIAMONDS TEN,0.068,0.861,0.071
CLUBS EIGHT SPADES EIGHT,0.4436,0.0406,0.5158
CLUBS EIGHT SPADES SEVEN,0.6488,0.029,0.3222
CLUBS EIGHT SPADES SIX,0.663,0.0234,0.3136
CLUBS EIGHT SPADES FIVE,0.6732,0.0234,0.3034
CLUBS EIGHT SPADES FOUR,0.6768,0.0268,0.2964
CLUBS EIGHT SPADES THREE,0.6916,0.021,0.2874
CLUBS EIGHT SPADES TWO,0.696,0.0272,0.2768
HEARTS SIX DIAMONDS TEN,0.6082,0.1692,0.2226
DIAMONDS TEN HEARTS SEVEN,0.622,0.1544,0.2236
DIAMONDS TEN HEARTS EIGHT,0.6336,0.162,0.2044
CLUBS JACK CLUBS FOUR,0.4394,0.0172,0.5434
DIAMONDS TEN HEARTS NINE,0.0738,0.907,0.0192
CLUBS FOUR CLUBS KING,0.436,0.0082,0.5558
CLUBS FOUR CLUBS QUEEN,0.4306,0.011,0.5584
CLUBS TWO DIAMONDS TEN,0.6222,0.1668,0.211
CLUBS THREE DIAMONDS TEN,0.6192,0.1704,0.2104
CLUBS FOUR CLUBS ACE,0.4208,0.0054,0.5738
DIAMONDS JACK DIAMONDS TEN,0.276,0.0504,0.6736
DIAMONDS QUEEN DIAMONDS TEN,0.2938,0.0394,0.6668
HEARTS TWO DIAMONDS TEN,0.6294,0.1606,0.21
DIAMONDS KING DIAMONDS TEN,0.2908,0.032,0.6772
HEARTS THREE DIAMONDS TEN,0.6372,0.1496,0.2132
DIAMONDS ACE DIAMONDS TEN,0.2934,0.0186,0.688
HEARTS FOUR DIAMONDS TEN,0.6212,0.1574,0.2214
CLUBS EIGHT HEARTS JACK,0.434,0.0198,0.5462
HEARTS FIVE DIAMONDS TEN,0.6252,0.1528,0.222
CLUBS EIGHT HEARTS TEN,0.5988,0.1684,0.2328
CLUBS EIGHT HEARTS QUEEN,0.4572,0.009,0.5338
CLUBS EIGHT HEARTS KING,0.46,0.006,0.534
CLUBS EIGHT HEARTS ACE,0.4524,0.0038,0.5438
CLUBS JACK HEARTS EIGHT,0.4292,0.014,0.5568
CLUBS QUEEN HEARTS EIGHT,0.435,0.0092,0.5558
CLUBS KING HEARTS EIGHT,0.4536,0.0068,0.5396
CLUBS ACE HEARTS EIGHT,0.4458,0.0058,0.5484
SPADES KING CLUBS KING,0.2078,0.0106,0.7816
SPADES QUEEN CLUBS KING,0.3794,0.0076,0.613
SPADES ACE CLUBS KING,0.3834,0.0048,0.6118
DIAMONDS ACE HEARTS TEN,0.317,0.0208,0.6622
HEARTS FOUR HEARTS TEN,0.5936,0.146,0.2604
DIAMONDS ACE HEARTS JACK,0.4066,0.0032,0.5902
HEARTS FOUR HEARTS JACK,0.4692,0.018,0.5128
SPADES KING CLUBS FIVE,0.4704,0.008,0.5216
SPADES QUEEN CLUBS FIVE,0.4786,0.0126,0.5088
SPADES ACE CLUBS FIVE,0.4692,0.0048,0.526
DIAMONDS JACK HEARTS SEVEN,0.4624,0.015,0.5226
HEARTS SIX DIAMONDS JACK,0.481,0.0154,0.5036
DIAMONDS JACK HEARTS NINE,0.3042,0.0554,0.6404
DIAMONDS JACK HEARTS EIGHT,0.4436,0.0168,0.5396
DIAMONDS KING DIAMONDS JACK,0.3708,0.0062,0.623
HEARTS THREE DIAMONDS JACK,0.4758,0.0148,0.5094
SPADES ACE SPADES SIX,0.4488,0.0058,0.5454
HEARTS ACE SPADES FOUR,0.4848,0.004,0.5112
DIAMONDS QUEEN DIAMONDS JACK,0.3642,0.0086,0.6272
HEARTS TWO DIAMONDS JACK,0.4818,0.0112,0.507
HEARTS FIVE DIAMONDS JACK,0.4856,0.0144,0.5
SPADES QUEEN SPADES SIX,0.4608,0.01,0.5292
SPADES FOUR HEARTS QUEEN,0.491,0.012,0.497
DIAMONDS ACE DIAMONDS JACK,0.386,0.0036,0.6104
HEARTS FOUR DIAMONDS JACK,0.485,0.0154,0.4996
SPADES KING SPADES SIX,0.4382,0.008,0.5538
HEARTS KING SPADES FOUR,0.4762,0.0072,0.5166
SPADES TEN SPADES SIX,0.5906,0.1576,0.2518
SPADES JACK SPADES SIX,0.4406,0.0154,0.544
SPADES FOUR DIAMONDS JACK,0.4782,0.0166,0.5052
SPADES FIVE DIAMONDS JACK,0.4788,0.0196,0.5016
DIAMONDS JACK SPADES TWO,0.4816,0.015,0.5034
DIAMONDS JACK SPADES THREE,0.4756,0.015,0.5094
SPADES ACE DIAMONDS THREE,0.4868,0.0046,0.5086
SPADES QUEEN DIAMONDS THREE,0.4858,0.0116,0.5026
CLUBS EIGHT DIAMONDS JACK,0.4542,0.017,0.5288
SPADES KING DIAMONDS THREE,0.4926,0.0058,0.5016
CLUBS SIX DIAMONDS JACK,0.4632,0.0156,0.5212
CLUBS SEVEN DIAMONDS JACK,0.4688,0.014,0.5172
CLUBS FOUR DIAMONDS JACK,0.4744,0.013,0.5126
CLUBS FIVE DIAMONDS JACK,0.4832,0.018,0.4988
CLUBS TWO DIAMONDS JACK,0.4812,0.0158,0.503
CLUBS THREE DIAMONDS JACK,0.4714,0.0186,0.51
SPADES TEN CLUBS FIVE,0.6056,0.1702,0.2242
HEARTS SIX SPADES JACK,0.4714,0.0174,0.5112
HEARTS SIX SPADES TEN,0.632,0.1564,0.2116
SPADES JACK CLUBS FIVE,0.4598,0.0192,0.521
SPADES JACK DIAMONDS THREE,0.4724,0.016,0.5116
CLUBS SEVEN CLUBS ACE,0.4248,0.0066,0.5686
DIAMONDS THREE SPADES TEN,0.617,0.1754,0.2076
CLUBS SEVEN CLUBS QUEEN,0.4192,0.0142,0.5666
CLUBS SEVEN CLUBS KING,0.4192,0.0086,0.5722
SPADES NINE DIAMONDS JACK,0.2982,0.0494,0.6524
DIAMONDS ACE HEARTS ACE,0.2314,0.0026,0.766
HEARTS FOUR HEARTS ACE,0.4594,0.0036,0.537
SPADES EIGHT DIAMONDS JACK,0.447,0.014,0.539
SPADES ACE HEARTS SIX,0.4892,0.0036,0.5072
CLUBS JACK CLUBS SEVEN,0.4026,0.0114,0.586
DIAMONDS ACE HEARTS KING,0.4066,0.0042,0.5892
HEARTS FOUR HEARTS KING,0.4526,0.0086,0.5388
SPADES SEVEN DIAMONDS JACK,0.471,0.0148,0.5142
SPADES KING HEARTS SIX,0.4792,0.0068,0.514
DIAMONDS ACE HEARTS QUEEN,0.407,0.0032,0.5898
HEARTS FOUR HEARTS QUEEN,0.4602,0.0114,0.5284
SPADES QUEEN HEARTS SIX,0.4808,0.0092,0.51
SPADES SIX DIAMONDS JACK,0.4862,0.0122,0.5016
DIAMONDS TEN SPADES TWO,0.6462,0.1494,0.2044
SPADES THREE DIAMONDS TEN,0.6334,0.1608,0.2058
SPADES FOUR DIAMONDS TEN,0.6398,0.1558,0.2044
SPADES FIVE DIAMONDS TEN,0.621,0.1694,0.2096
SPADES SIX DIAMONDS TEN,0.626,0.1542,0.2198
SPADES SEVEN DIAMONDS TEN,0.6112,0.1646,0.2242
SPADES EIGHT DIAMONDS TEN,0.6392,0.1578,0.203
SPADES NINE DIAMONDS TEN,0.0692,0.9016,0.0292
CLUBS FOUR DIAMONDS TEN,0.6252,0.1676,0.2072
CLUBS FIVE DIAMONDS TEN,0.6106,0.1714,0.218
CLUBS SIX DIAMONDS TEN,0.624,0.1584,0.2176
CLUBS SEVEN DIAMONDS TEN,0.6132,0.1692,0.2176
CLUBS EIGHT DIAMONDS TEN,0.6314,0.1606,0.208
CLUBS JACK DIAMONDS THREE,0.4816,0.0164,0.502
DIAMONDS THREE CLUBS KING,0.4722,0.0076,0.5202
DIAMONDS THREE CLUBS QUEEN,0.4624,0.0116,0.526
DIAMONDS THREE CLUBS ACE,0.4658,0.0052,0.529
SPADES FOUR HEARTS JACK,0.4878,0.015,0.4972
SPADES FOUR HEARTS TEN,0.6296,0.1572,0.2132
SPADES FIVE SPADES TWO,0.6278,0.0262,0.346
SPADES FOUR SPADES TWO,0.6226,0.0246,0.3528
SPADES THREE SPADES TWO,0.627,0.0232,0.3498
SPADES NINE SPADES TWO,0.6626,0.0724,0.265
SPADES EIGHT SPADES TWO,0.6554,0.0222,0.3224
SPADES SEVEN SPADES TWO,0.65,0.0216,0.3284
SPADES SIX SPADES TWO,0.6258,0.0256,0.3486
DIAMONDS QUEEN CLUBS THREE,0.487,0.0122,0.5008
HEARTS TWO CLUBS THREE,0.6576,0.0264,0.316
DIAMONDS QUEEN CLUBS TWO,0.4824,0.0122,0.5054
CLUBS TWO HEARTS TWO,0.4946,0.0416,0.4638
DIAMONDS QUEEN HEARTS SEVEN,0.4764,0.0102,0.5134
HEARTS TWO HEARTS SEVEN,0.6474,0.0242,0.3284
HEARTS SIX DIAMONDS QUEEN,0.4832,0.0094,0.5074
HEARTS SIX HEARTS TWO,0.6228,0.0232,0.354
DIAMONDS QUEEN HEARTS NINE,0.3148,0.035,0.6502
HEARTS TWO HEARTS NINE,0.6804,0.0664,0.2532
DIAMONDS QUEEN HEARTS EIGHT,0.4592,0.0134,0.5274
HEARTS TWO HEARTS EIGHT,0.649,0.0238,0.3272
CLUBS EIGHT HEARTS TWO,0.6918,0.0276,0.2806
CLUBS EIGHT DIAMONDS QUEEN,0.4656,0.009,0.5254
CLUBS FIVE DIAMONDS QUEEN,0.4748,0.0116,0.5136
CLUBS FIVE HEARTS TWO,0.656,0.0254,0.3186
SPADES EIGHT HEARTS ACE,0.4602,0.0042,0.5356
CLUBS FOUR DIAMONDS QUEEN,0.4652,0.0116,0.5232
CLUBS FOUR HEARTS TWO,0.6712,0.0238,0.305
SPADES EIGHT HEARTS QUEEN,0.4518,0.0106,0.5376
CLUBS SEVEN HEARTS TWO,0.6784,0.0258,0.2958
CLUBS SEVEN DIAMONDS QUEEN,0.4556,0.0116,0.5328
CLUBS SIX DIAMONDS QUEEN,0.4834,0.0084,0.5082
CLUBS SIX HEARTS TWO,0.6754,0.0262,0.2984
SPADES EIGHT HEARTS KING,0.4666,0.0072,0.5262
HEARTS TWO SPADES SIX,0.6736,0.0212,0.3052
DIAMONDS QUEEN SPADES SIX,0.4694,0.0076,0.523
HEARTS FOUR CLUBS QUEEN,0.4822,0.0112,0.5066
DIAMONDS ACE CLUBS QUEEN,0.3906,0.0046,0.6048
DIAMONDS QUEEN SPADES SEVEN,0.4648,0.0078,0.5274
HEARTS TWO SPADES SEVEN,0.7008,0.0254,0.2738
HEARTS FOUR CLUBS KING,0.4816,0.0096,0.5088
DIAMONDS ACE CLUBS KING,0.3924,0.0048,0.6028
DIAMONDS QUEEN SPADES EIGHT,0.4528,0.011,0.5362
SPADES EIGHT HEARTS TWO,0.7002,0.0256,0.2742
HEARTS FOUR CLUBS ACE,0.4572,0.0046,0.5382
DIAMONDS ACE CLUBS ACE,0.2052,0.0052,0.7896
SPADES NINE DIAMONDS QUEEN,0.31,0.036,0.654
SPADES NINE HEARTS TWO,0.7166,0.0736,0.2098
HEARTS TWO SPADES TWO,0.486,0.0442,0.4698
DIAMONDS QUEEN SPADES TWO,0.4812,0.0124,0.5064
HEARTS TWO SPADES THREE,0.65,0.0256,0.3244
DIAMONDS QUEEN SPADES THREE,0.4734,0.015,0.5116
HEARTS TWO SPADES FOUR,0.664,0.0214,0.3146
DIAMONDS QUEEN SPADES FOUR,0.4862,0.0118,0.502
HEARTS TWO SPADES FIVE,0.6664,0.0238,0.3098
DIAMONDS QUEEN SPADES FIVE,0.4834,0.0114,0.5052
HEARTS FOUR CLUBS JACK,0.4682,0.0166,0.5152
CLUBS JACK DIAMONDS ACE,0.395,0.005,0.6
CLUBS FIVE CLUBS KING,0.4274,0.0094,0.5632
CLUBS FIVE CLUBS QUEEN,0.4176,0.0102,0.5722
CLUBS FIVE CLUBS ACE,0.4282,0.0068,0.565
CLUBS JACK CLUBS FIVE,0.4316,0.0162,0.5522
SPADES KING CLUBS JACK,0.3832,0.0092,0.6076
CLUBS JACK SPADES QUEEN,0.3628,0.0114,0.6258
SPADES ACE CLUBS JACK,0.3886,0.0036,0.6078
SPADES SIX CLUBS KING,0.4738,0.0078,0.5184
SPADES SIX CLUBS QUEEN,0.4638,0.0118,0.5244
SPADES EIGHT HEARTS JACK,0.4508,0.0164,0.5328
SPADES SIX CLUBS ACE,0.4696,0.0052,0.5252
SPADES EIGHT HEARTS TEN,0.616,0.1666,0.2174
CLUBS JACK SPADES SIX,0.4678,0.0138,0.5184
CLUBS JACK SPADES TEN,0.2732,0.0552,0.6716
CLUBS JACK SPADES JACK,0.1938,0.024,0.7822
SPADES QUEEN CLUBS SEVEN,0.4608,0.0112,0.528
SPADES KING CLUBS SEVEN,0.4638,0.0068,0.5294
SPADES ACE CLUBS SEVEN,0.4596,0.0038,0.5366
SPADES SIX HEARTS TEN,0.6176,0.1584,0.224
SPADES SIX HEARTS JACK,0.478,0.0144,0.5076
SPADES SIX HEARTS ACE,0.4644,0.0032,0.5324
SPADES SIX HEARTS KING,0.4956,0.0074,0.497
SPADES SIX HEARTS QUEEN,0.478,0.0078,0.5142
SPADES JACK CLUBS SEVEN,0.4554,0.016,0.5286
CLUBS SEVEN SPADES TEN,0.6154,0.1678,0.2168
CLUBS JACK HEARTS SIX,0.4592,0.0166,0.5242
CLUBS JACK CLUBS ACE,0.339,0.0074,0.6536
HEARTS SIX CLUBS QUEEN,0.4658,0.01,0.5242
HEARTS SIX CLUBS KING,0.4512,0.0082,0.5406
HEARTS SIX CLUBS ACE,0.4744,0.003,0.5226
CLUBS JACK CLUBS QUEEN,0.3298,0.01,0.6602
CLUBS JACK CLUBS KING,0.3466,0.0076,0.6458
DIAMONDS THREE HEARTS ACE,0.4796,0.0046,0.5158
DIAMONDS THREE HEARTS QUEEN,0.484,0.0088,0.5072
DIAMONDS THREE HEARTS KING,0.4894,0.0072,0.5034
CLUBS FIVE HEARTS JACK,0.4666,0.014,0.5194
SPADES TEN DIAMONDS ACE,0.3052,0.0236,0.6712
HEARTS FOUR SPADES TEN,0.6338,0.1568,0.2094
CLUBS FIVE HEARTS TEN,0.621,0.1636,0.2154
HEARTS FOUR SPADES JACK,0.4792,0.0142,0.5066
SPADES JACK DIAMONDS ACE,0.4002,0.0036,0.5962
SPADES ACE HEARTS FOUR,0.4708,0.0048,0.5244
SPADES ACE DIAMONDS ACE,0.2258,0.003,0.7712
CLUBS FIVE HEARTS ACE,0.4608,0.0054,0.5338
CLUBS FIVE HEARTS KING,0.477,0.008,0.515
HEARTS FOUR SPADES QUEEN,0.4904,0.0118,0.4978
SPADES QUEEN DIAMONDS ACE,0.405,0.0026,0.5924
CLUBS JACK SPADES FOUR,0.4754,0.017,0.5076
CLUBS FIVE HEARTS QUEEN,0.4872,0.011,0.5018
SPADES KING DIAMONDS ACE,0.404,0.0046,0.5914
HEARTS FOUR SPADES KING,0.4806,0.0078,0.5116
DIAMONDS QUEEN DIAMONDS ACE,0.3812,0.0056,0.6132
HEARTS TWO DIAMONDS ACE,0.4788,0.004,0.5172
HEARTS FOUR DIAMONDS QUEEN,0.485,0.009,0.506
HEARTS FOUR HEARTS TWO,0.6178,0.0212,0.361
DIAMONDS THREE HEARTS TEN,0.6188,0.1646,0.2166
SPADES FOUR CLUBS KING,0.4656,0.0078,0.5266
HEARTS FIVE DIAMONDS QUEEN,0.4746,0.0094,0.516
HEARTS FIVE HEARTS TWO,0.6124,0.0208,0.3668
DIAMONDS THREE HEARTS JACK,0.487,0.0132,0.4998
SPADES FOUR CLUBS QUEEN,0.4642,0.0122,0.5236
DIAMONDS QUEEN HEARTS TWO,0.4972,0.0114,0.4914
DIAMONDS KING DIAMONDS QUEEN,0.3774,0.0058,0.6168
DIAMONDS KING HEARTS TWO,0.4852,0.0068,0.508
HEARTS THREE DIAMONDS QUEEN,0.4876,0.0126,0.4998
HEARTS THREE HEARTS TWO,0.6302,0.0238,0.346
SPADES FOUR CLUBS ACE,0.471,0.0064,0.5226
HEARTS TWO CLUBS ACE,0.4624,0.0058,0.5318
DIAMONDS QUEEN CLUBS ACE,0.3904,0.0054,0.6042
HEARTS TWO CLUBS QUEEN,0.47,0.0108,0.5192
DIAMONDS QUEEN CLUBS QUEEN,0.2002,0.0156,0.7842
HEARTS TWO CLUBS KING,0.4726,0.0078,0.5196
DIAMONDS QUEEN CLUBS KING,0.3906,0.0056,0.6038
SPADES EIGHT SPADES FIVE,0.6394,0.0228,0.3378
SPADES NINE SPADES FIVE,0.668,0.0752,0.2568
CLUBS JACK HEARTS TWO,0.4706,0.0208,0.5086
CLUBS JACK DIAMONDS QUEEN,0.3602,0.0106,0.6292
SPADES SIX SPADES FIVE,0.6114,0.021,0.3676
SPADES SEVEN SPADES FIVE,0.6286,0.0228,0.3486
DIAMONDS FIVE CLUBS QUEEN,0.4692,0.0124,0.5184
SPADES EIGHT CLUBS ACE,0.4364,0.004,0.5596
DIAMONDS FIVE CLUBS KING,0.4654,0.0088,0.5258
SPADES EIGHT CLUBS KING,0.4524,0.0072,0.5404
DIAMONDS FIVE CLUBS ACE,0.4612,0.0036,0.5352
SPADES EIGHT CLUBS QUEEN,0.45,0.0088,0.5412
CLUBS JACK SPADES EIGHT,0.4336,0.0166,0.5498
CLUBS JACK DIAMONDS FIVE,0.4702,0.0178,0.512
HEARTS JACK DIAMONDS TEN,0.2744,0.0516,0.674
DIAMONDS TEN HEARTS TEN,0.193,0.049,0.758
HEARTS SIX HEARTS KING,0.4468,0.0054,0.5478
DIAMONDS KING SPADES SEVEN,0.4658,0.007,0.5272
HEARTS THREE SPADES SEVEN,0.6824,0.0216,0.296
SPADES KING DIAMONDS SEVEN,0.4676,0.0098,0.5226
HEARTS SIX HEARTS QUEEN,0.4474,0.0098,0.5428
SPADES QUEEN DIAMONDS SEVEN,0.466,0.0098,0.5242
HEARTS THREE SPADES SIX,0.6568,0.0236,0.3196
DIAMONDS KING SPADES SIX,0.4774,0.0054,0.5172
DIAMONDS KING SPADES NINE,0.3242,0.0256,0.6502
HEARTS THREE SPADES NINE,0.7184,0.0746,0.207
HEARTS SIX HEARTS ACE,0.4436,0.0036,0.5528
DIAMONDS KING SPADES EIGHT,0.475,0.0078,0.5172
HEARTS THREE SPADES EIGHT,0.6936,0.0244,0.282
SPADES ACE DIAMONDS SEVEN,0.476,0.0042,0.5198
