opposingHand,winningChance,drawChance,lostChance
CLUBS JACK CLUBS QUEEN
HEARTS FIVE SPADES TEN,0.6988,0.0086,0.2926
SPADES JACK HEARTS FIVE,0.7416,0.037,0.2214
SPADES FIVE CLUBS TEN,0.6982,0.0116,0.2902
CLUBS EIGHT CLUBS TEN,0.6662,0.0088,0.325
CLUBS EIGHT CLUBS KING,0.4118,0.0082,0.58
SPADES FIVE CLUBS ACE,0.4652,0.0058,0.529
SPADES FIVE CLUBS KING,0.462,0.0066,0.5314
CLUBS EIGHT CLUBS ACE,0.408,0.006,0.586
DIAMONDS TWO DIAMONDS THREE,0.6248,0.0136,0.3616
DIAMONDS TWO DIAMONDS FIVE,0.6332,0.0134,0.3534
SPADES KING HEARTS FIVE,0.4714,0.0072,0.5214
DIAMONDS TWO DIAMONDS FOUR,0.6338,0.0092,0.357
SPADES QUEEN HEARTS FIVE,0.688,0.0882,0.2238
DIAMONDS TWO DIAMONDS SEVEN,0.6624,0.0104,0.3272
DIAMONDS TWO DIAMONDS SIX,0.6376,0.009,0.3534
SPADES ACE HEARTS FIVE,0.459,0.0046,0.5364
DIAMONDS TWO DIAMONDS NINE,0.6674,0.0094,0.3232
DIAMONDS TWO DIAMONDS EIGHT,0.65,0.0098,0.3402
DIAMONDS THREE DIAMONDS FOUR,0.625,0.0106,0.3644
CLUBS TWO SPADES FOUR,0.6692,0.0094,0.3214
DIAMONDS THREE DIAMONDS FIVE,0.6166,0.0114,0.372
CLUBS TWO SPADES FIVE,0.6528,0.0112,0.336
CLUBS TWO SPADES TWO,0.4998,0.018,0.4822
CLUBS TWO SPADES THREE,0.6664,0.0106,0.323
DIAMONDS THREE DIAMONDS EIGHT,0.6446,0.0104,0.345
SPADES EIGHT CLUBS TWO,0.6988,0.0124,0.2888
DIAMONDS THREE DIAMONDS NINE,0.6452,0.0094,0.3454
SPADES NINE CLUBS TWO,0.6896,0.0088,0.3016
DIAMONDS THREE DIAMONDS SIX,0.63,0.0104,0.3596
CLUBS TWO SPADES SIX,0.6906,0.01,0.2994
DIAMONDS THREE DIAMONDS SEVEN,0.6402,0.0086,0.3512
CLUBS TWO SPADES SEVEN,0.6924,0.0102,0.2974
CLUBS SIX CLUBS TWO,0.6828,0.011,0.3062
CLUBS SEVEN CLUBS TWO,0.6936,0.0108,0.2956
CLUBS FOUR CLUBS TWO,0.6648,0.0106,0.3246
CLUBS FIVE CLUBS TWO,0.6548,0.0112,0.334
DIAMONDS FOUR DIAMONDS SIX,0.6142,0.01,0.3758
DIAMONDS FOUR DIAMONDS SEVEN,0.63,0.0088,0.3612
CLUBS KING CLUBS TEN,0.3836,0.0084,0.608
CLUBS ACE CLUBS TEN,0.3906,0.0052,0.6042
CLUBS EIGHT CLUBS TWO,0.687,0.0108,0.3022
DIAMONDS FIVE DIAMONDS FOUR,0.5988,0.0104,0.3908
CLUBS NINE CLUBS TWO,0.6924,0.0108,0.2968
DIAMONDS NINE DIAMONDS FOUR,0.6582,0.009,0.3328
DIAMONDS EIGHT DIAMONDS FOUR,0.6398,0.0094,0.3508
CLUBS TWO CLUBS THREE,0.6658,0.0132,0.321
DIAMONDS NINE DIAMONDS FIVE,0.6512,0.009,0.3398
DIAMONDS EIGHT DIAMONDS FIVE,0.636,0.009,0.355
DIAMONDS TWO CLUBS TEN,0.6986,0.0116,0.2898
DIAMONDS FIVE DIAMONDS SEVEN,0.6254,0.0078,0.3668
DIAMONDS FIVE DIAMONDS SIX,0.59,0.0098,0.4002
DIAMONDS TWO CLUBS ACE,0.4594,0.0054,0.5352
DIAMONDS TWO CLUBS KING,0.466,0.0074,0.5266
DIAMONDS EIGHT DIAMONDS SIX,0.6078,0.0092,0.383
DIAMONDS NINE DIAMONDS SIX,0.6314,0.01,0.3586
HEARTS ACE SPADES THREE,0.4572,0.0048,0.538
HEARTS KING SPADES THREE,0.483,0.0074,0.5096
DIAMONDS SEVEN DIAMONDS SIX,0.6214,0.0076,0.371
SPADES THREE HEARTS QUEEN,0.694,0.0944,0.2116
HEARTS JACK SPADES THREE,0.751,0.0356,0.2134
SPADES THREE HEARTS TEN,0.7136,0.0098,0.2766
DIAMONDS EIGHT DIAMONDS SEVEN,0.6146,0.0088,0.3766
DIAMONDS NINE DIAMONDS SEVEN,0.626,0.0092,0.3648
DIAMONDS NINE DIAMONDS EIGHT,0.6124,0.0082,0.3794
DIAMONDS KING HEARTS TEN,0.434,0.0092,0.5568
HEARTS THREE HEARTS TEN,0.6678,0.0094,0.3228
CLUBS SIX SPADES JACK,0.7362,0.0396,0.2242
DIAMONDS KING HEARTS JACK,0.3064,0.0296,0.664
HEARTS THREE HEARTS JACK,0.7088,0.0388,0.2524
CLUBS SIX SPADES TEN,0.6798,0.0104,0.3098
SPADES JACK SPADES FIVE,0.7018,0.0408,0.2574
SPADES TEN SPADES FIVE,0.6608,0.0108,0.3284
DIAMONDS KING HEARTS ACE,0.395,0.0044,0.6006
HEARTS THREE HEARTS ACE,0.4546,0.0048,0.5406
SPADES ACE CLUBS SIX,0.4804,0.0042,0.5154
DIAMONDS KING HEARTS QUEEN,0.2924,0.0246,0.683
HEARTS THREE HEARTS QUEEN,0.6584,0.0822,0.2594
SPADES KING CLUBS SIX,0.4666,0.0066,0.5268
DIAMONDS KING HEARTS KING,0.1878,0.003,0.8092
HEARTS THREE HEARTS KING,0.4536,0.0094,0.537
SPADES QUEEN CLUBS SIX,0.6868,0.0856,0.2276
SPADES NINE HEARTS TEN,0.6732,0.0098,0.317
SPADES NINE HEARTS JACK,0.7266,0.0434,0.23
SPADES QUEEN SPADES FIVE,0.64,0.0872,0.2728
SPADES KING SPADES FIVE,0.4506,0.0068,0.5426
SPADES ACE SPADES FIVE,0.4446,0.0054,0.55
SPADES NINE HEARTS QUEEN,0.6924,0.0852,0.2224
SPADES NINE HEARTS KING,0.4522,0.0054,0.5424
SPADES NINE HEARTS ACE,0.4802,0.0032,0.5166
SPADES JACK CLUBS TEN,0.73,0.0378,0.2322
SPADES TEN CLUBS TEN,0.469,0.0116,0.5194
SPADES ACE CLUBS TEN,0.4472,0.006,0.5468
SPADES KING CLUBS TEN,0.4334,0.0092,0.5574
SPADES QUEEN CLUBS TEN,0.6892,0.0816,0.2292
SPADES FIVE HEARTS QUEEN,0.6862,0.0892,0.2246
HEARTS KING SPADES FIVE,0.4786,0.0052,0.5162
SPADES FIVE HEARTS ACE,0.469,0.0044,0.5266
CLUBS EIGHT SPADES TEN,0.6766,0.0094,0.314
HEARTS THREE SPADES JACK,0.7464,0.0424,0.2112
SPADES JACK DIAMONDS KING,0.2794,0.0224,0.6982
SPADES TEN DIAMONDS KING,0.4366,0.006,0.5574
HEARTS THREE SPADES TEN,0.709,0.0114,0.2796
CLUBS EIGHT SPADES JACK,0.7284,0.0392,0.2324
SPADES ACE CLUBS EIGHT,0.4574,0.0042,0.5384
CLUBS SIX HEARTS ACE,0.4704,0.0038,0.5258
HEARTS FIVE CLUBS TEN,0.6928,0.009,0.2982
CLUBS EIGHT SPADES QUEEN,0.6964,0.0824,0.2212
SPADES THREE CLUBS TEN,0.7084,0.0118,0.2798
CLUBS SIX HEARTS QUEEN,0.702,0.0858,0.2122
CLUBS EIGHT SPADES KING,0.4674,0.0072,0.5254
CLUBS SIX HEARTS KING,0.4622,0.0088,0.529
DIAMONDS TWO HEARTS JACK,0.7486,0.0438,0.2076
DIAMONDS TWO HEARTS TEN,0.7022,0.0108,0.287
SPADES THREE CLUBS KING,0.4694,0.0078,0.5228
HEARTS FIVE CLUBS ACE,0.454,0.0058,0.5402
SPADES FIVE HEARTS TEN,0.7042,0.0088,0.287
SPADES THREE CLUBS ACE,0.4502,0.004,0.5458
HEARTS FIVE CLUBS KING,0.4652,0.0066,0.5282
SPADES FIVE HEARTS JACK,0.7344,0.044,0.2216
HEARTS THREE CLUBS KING,0.4444,0.0078,0.5478
DIAMONDS KING CLUBS KING,0.1824,0.0048,0.8128
HEARTS FIVE HEARTS JACK,0.6906,0.0394,0.27
HEARTS FIVE HEARTS TEN,0.6644,0.0124,0.3232
HEARTS THREE CLUBS ACE,0.454,0.0058,0.5402
DIAMONDS KING CLUBS ACE,0.3802,0.0042,0.6156
HEARTS THREE CLUBS TEN,0.7178,0.0122,0.27
DIAMONDS KING CLUBS TEN,0.4364,0.0064,0.5572
CLUBS SIX CLUBS KING,0.4352,0.0066,0.5582
CLUBS SIX CLUBS ACE,0.4206,0.0052,0.5742
HEARTS FIVE HEARTS KING,0.4478,0.0082,0.544
HEARTS FIVE HEARTS QUEEN,0.6354,0.084,0.2806
CLUBS SIX CLUBS TEN,0.6892,0.0128,0.298
HEARTS FIVE HEARTS ACE,0.4358,0.004,0.5602
SPADES SEVEN HEARTS JACK,0.739,0.0408,0.2202
SPADES SEVEN HEARTS TEN,0.6864,0.01,0.3036
DIAMONDS TWO CLUBS TWO,0.5018,0.0178,0.4804
DIAMONDS TWO CLUBS THREE,0.6542,0.0142,0.3316
HEARTS SIX DIAMONDS TWO,0.6874,0.0096,0.303
DIAMONDS TWO HEARTS QUEEN,0.6918,0.0848,0.2234
DIAMONDS TWO HEARTS SEVEN,0.6896,0.0112,0.2992
DIAMONDS TWO HEARTS KING,0.4804,0.007,0.5126
DIAMONDS TWO HEARTS EIGHT,0.7078,0.0098,0.2824
DIAMONDS TWO HEARTS ACE,0.4688,0.0052,0.526
DIAMONDS TWO HEARTS NINE,0.7036,0.0088,0.2876
DIAMONDS TWO DIAMONDS QUEEN,0.6574,0.083,0.2596
DIAMONDS TWO HEARTS TWO,0.5138,0.0152,0.471
DIAMONDS TWO DIAMONDS KING,0.4694,0.0066,0.524
HEARTS THREE DIAMONDS TWO,0.667,0.0124,0.3206
DIAMONDS TWO DIAMONDS ACE,0.423,0.0048,0.5722
HEARTS FOUR DIAMONDS TWO,0.6678,0.0118,0.3204
DIAMONDS TWO HEARTS FIVE,0.676,0.007,0.317
SPADES SEVEN HEARTS ACE,0.4676,0.0026,0.5298
DIAMONDS TWO DIAMONDS TEN,0.67,0.009,0.321
SPADES SEVEN HEARTS KING,0.4776,0.0046,0.5178
DIAMONDS TWO DIAMONDS JACK,0.6964,0.0428,0.2608
SPADES SEVEN HEARTS QUEEN,0.6842,0.0864,0.2294
DIAMONDS TWO SPADES NINE,0.6984,0.0102,0.2914
DIAMONDS TWO SPADES EIGHT,0.691,0.0096,0.2994
DIAMONDS TWO SPADES SEVEN,0.7046,0.0132,0.2822
DIAMONDS TWO SPADES SIX,0.681,0.008,0.311
DIAMONDS TWO SPADES FIVE,0.658,0.01,0.332
DIAMONDS TWO SPADES FOUR,0.6714,0.0138,0.3148
DIAMONDS TWO SPADES THREE,0.6712,0.011,0.3178
DIAMONDS TWO SPADES TWO,0.5002,0.0174,0.4824
CLUBS NINE DIAMONDS TWO,0.7038,0.0108,0.2854
CLUBS EIGHT DIAMONDS TWO,0.6906,0.0116,0.2978
DIAMONDS TWO CLUBS SEVEN,0.6952,0.0092,0.2956
CLUBS SIX DIAMONDS TWO,0.693,0.0124,0.2946
DIAMONDS TWO CLUBS FIVE,0.6748,0.0132,0.312
DIAMONDS TWO CLUBS FOUR,0.6798,0.0098,0.3104
CLUBS FOUR SPADES FIVE,0.6368,0.0096,0.3536
CLUBS FOUR SPADES FOUR,0.5044,0.014,0.4816
CLUBS FOUR SPADES THREE,0.6518,0.0132,0.335
CLUBS FOUR SPADES TWO,0.6694,0.0122,0.3184
CLUBS FOUR SPADES NINE,0.691,0.0096,0.2994
CLUBS FOUR SPADES EIGHT,0.6706,0.01,0.3194
CLUBS FOUR SPADES SEVEN,0.6608,0.0098,0.3294
CLUBS FOUR SPADES SIX,0.659,0.0104,0.3306
SPADES ACE DIAMONDS SIX,0.476,0.0054,0.5186
SPADES QUEEN DIAMONDS SIX,0.6854,0.0858,0.2288
SPADES KING DIAMONDS SIX,0.4742,0.0078,0.518
SPADES TEN DIAMONDS SIX,0.689,0.0082,0.3028
SPADES JACK DIAMONDS SIX,0.7438,0.0382,0.218
SPADES QUEEN SPADES TWO,0.652,0.0874,0.2606
SPADES KING SPADES TWO,0.4528,0.0084,0.5388
SPADES ACE SPADES TWO,0.4472,0.0064,0.5464
DIAMONDS JACK CLUBS TEN,0.722,0.031,0.247
DIAMONDS JACK CLUBS KING,0.281,0.023,0.696
DIAMONDS THREE DIAMONDS JACK,0.7058,0.0416,0.2526
DIAMONDS THREE DIAMONDS TEN,0.6604,0.0104,0.3292
DIAMONDS JACK CLUBS ACE,0.2946,0.0178,0.6876
DIAMONDS THREE DIAMONDS KING,0.4458,0.0076,0.5466
HEARTS THREE DIAMONDS THREE,0.5132,0.0142,0.4726
DIAMONDS THREE DIAMONDS QUEEN,0.6568,0.0814,0.2618
DIAMONDS THREE HEARTS TWO,0.6744,0.0118,0.3138
HEARTS FIVE DIAMONDS THREE,0.652,0.0092,0.3388
DIAMONDS THREE DIAMONDS ACE,0.4358,0.0074,0.5568
HEARTS FOUR DIAMONDS THREE,0.663,0.0112,0.3258
DIAMONDS THREE HEARTS SEVEN,0.6796,0.012,0.3084
SPADES TEN SPADES NINE,0.6354,0.0082,0.3564
HEARTS SIX DIAMONDS THREE,0.6702,0.0112,0.3186
SPADES JACK SPADES NINE,0.6778,0.0396,0.2826
DIAMONDS THREE HEARTS NINE,0.6934,0.0088,0.2978
HEARTS JACK DIAMONDS FOUR,0.7326,0.0454,0.222
HEARTS KING HEARTS ACE,0.3678,0.0044,0.6278
SPADES TEN SPADES TWO,0.654,0.0098,0.3362
DIAMONDS THREE HEARTS EIGHT,0.6844,0.0098,0.3058
HEARTS TEN DIAMONDS FOUR,0.712,0.01,0.278
SPADES JACK SPADES TWO,0.7124,0.0356,0.252
HEARTS QUEEN DIAMONDS FOUR,0.6864,0.085,0.2286
HEARTS KING DIAMONDS FOUR,0.4758,0.0062,0.518
SPADES ACE SPADES NINE,0.4384,0.005,0.5566
HEARTS ACE DIAMONDS FOUR,0.4698,0.0028,0.5274
SPADES KING SPADES NINE,0.4258,0.0066,0.5676
SPADES QUEEN SPADES NINE,0.652,0.085,0.263
DIAMONDS THREE SPADES NINE,0.6906,0.0106,0.2988
DIAMONDS THREE SPADES EIGHT,0.6974,0.01,0.2926
DIAMONDS THREE SPADES SEVEN,0.6778,0.01,0.3122
DIAMONDS THREE SPADES SIX,0.662,0.0084,0.3296
CLUBS SIX DIAMONDS THREE,0.6606,0.0118,0.3276
CLUBS ACE DIAMONDS FOUR,0.4454,0.0056,0.549
CLUBS SIX CLUBS FIVE,0.636,0.0092,0.3548
CLUBS SEVEN CLUBS FIVE,0.6462,0.0102,0.3436
CLUBS SEVEN DIAMONDS THREE,0.6732,0.0142,0.3126
DIAMONDS THREE CLUBS FOUR,0.6444,0.0138,0.3418
DIAMONDS THREE CLUBS FIVE,0.655,0.012,0.333
DIAMONDS FOUR CLUBS KING,0.4726,0.006,0.5214
DIAMONDS THREE CLUBS TWO,0.6722,0.0112,0.3166
DIAMONDS FOUR CLUBS TEN,0.7118,0.0084,0.2798
DIAMONDS THREE CLUBS THREE,0.494,0.0192,0.4868
DIAMONDS THREE SPADES FOUR,0.6546,0.0108,0.3346
DIAMONDS THREE SPADES FIVE,0.662,0.0098,0.3282
DIAMONDS THREE SPADES TWO,0.6818,0.0086,0.3096
DIAMONDS THREE SPADES THREE,0.4892,0.0186,0.4922
CLUBS EIGHT DIAMONDS THREE,0.6908,0.0136,0.2956
CLUBS NINE DIAMONDS THREE,0.7084,0.009,0.2826
SPADES SEVEN CLUBS ACE,0.4566,0.0042,0.5392
SPADES SEVEN CLUBS KING,0.4696,0.0082,0.5222
CLUBS FIVE SPADES SEVEN,0.6462,0.0114,0.3424
SPADES SEVEN CLUBS TEN,0.6692,0.0096,0.3212
CLUBS FIVE SPADES SIX,0.6472,0.0096,0.3432
SPADES NINE CLUBS FIVE,0.6866,0.01,0.3034
CLUBS FIVE SPADES EIGHT,0.6628,0.0094,0.3278
CLUBS FIVE SPADES THREE,0.65,0.0108,0.3392
CLUBS FIVE SPADES TWO,0.6576,0.0134,0.329
CLUBS FIVE SPADES FIVE,0.4922,0.0166,0.4912
CLUBS FIVE SPADES FOUR,0.6276,0.0096,0.3628
CLUBS NINE CLUBS FIVE,0.6804,0.013,0.3066
CLUBS EIGHT CLUBS FIVE,0.6598,0.011,0.3292
DIAMONDS TEN DIAMONDS FOUR,0.6636,0.0062,0.3302
DIAMONDS NINE CLUBS TEN,0.6634,0.0108,0.3258
DIAMONDS JACK DIAMONDS FOUR,0.7008,0.0372,0.262
SPADES NINE CLUBS TEN,0.6798,0.0084,0.3118
DIAMONDS ACE DIAMONDS FOUR,0.4478,0.0048,0.5474
HEARTS FOUR DIAMONDS FOUR,0.511,0.0144,0.4746
DIAMONDS JACK HEARTS TEN,0.7326,0.041,0.2264
SPADES NINE CLUBS KING,0.4372,0.0054,0.5574
DIAMONDS TWO SPADES TEN,0.7172,0.0106,0.2722
DIAMONDS NINE CLUBS ACE,0.4414,0.0032,0.5554
HEARTS FIVE DIAMONDS FOUR,0.6398,0.009,0.3512
HEARTS JACK DIAMONDS JACK,0.363,0.0172,0.6198
DIAMONDS TWO SPADES JACK,0.7362,0.045,0.2188
DIAMONDS QUEEN DIAMONDS FOUR,0.648,0.0872,0.2648
HEARTS TWO DIAMONDS FOUR,0.6666,0.0104,0.323
DIAMONDS KING DIAMONDS FOUR,0.447,0.0082,0.5448
HEARTS THREE DIAMONDS FOUR,0.6636,0.0102,0.3262
SPADES NINE CLUBS ACE,0.4498,0.0046,0.5456
DIAMONDS NINE CLUBS KING,0.4396,0.0062,0.5542
HEARTS ACE DIAMONDS JACK,0.3088,0.0158,0.6754
SPADES ACE DIAMONDS TWO,0.4806,0.006,0.5134
DIAMONDS JACK HEARTS QUEEN,0.0728,0.9044,0.0228
SPADES QUEEN DIAMONDS TWO,0.7006,0.0802,0.2192
HEARTS KING DIAMONDS JACK,0.2924,0.0228,0.6848
SPADES KING DIAMONDS TWO,0.4814,0.0074,0.5112
SPADES JACK SPADES SEVEN,0.6982,0.038,0.2638
SPADES TEN SPADES SEVEN,0.6384,0.0102,0.3514
CLUBS SEVEN CLUBS THREE,0.6884,0.013,0.2986
CLUBS SIX CLUBS THREE,0.6594,0.0098,0.3308
CLUBS FIVE CLUBS THREE,0.6274,0.0126,0.36
CLUBS FOUR CLUBS THREE,0.6524,0.0124,0.3352
CLUBS NINE CLUBS THREE,0.6878,0.0112,0.301
CLUBS EIGHT CLUBS THREE,0.6926,0.0088,0.2986
CLUBS THREE SPADES FIVE,0.6584,0.0112,0.3304
CLUBS THREE SPADES FOUR,0.662,0.0098,0.3282
CLUBS THREE SPADES THREE,0.5064,0.014,0.4796
CLUBS THREE SPADES TWO,0.665,0.0114,0.3236
CLUBS THREE SPADES SIX,0.6694,0.0132,0.3174
SPADES SEVEN CLUBS THREE,0.681,0.0104,0.3086
SPADES EIGHT CLUBS THREE,0.6954,0.01,0.2946
SPADES NINE CLUBS THREE,0.6938,0.0118,0.2944
SPADES TWO DIAMONDS FOUR,0.671,0.0116,0.3174
SPADES THREE DIAMONDS FOUR,0.6554,0.0094,0.3352
SPADES FOUR DIAMONDS FOUR,0.4886,0.0144,0.497
SPADES FIVE DIAMONDS FOUR,0.637,0.01,0.353
SPADES SIX DIAMONDS FOUR,0.6474,0.0098,0.3428
SPADES SEVEN DIAMONDS FOUR,0.6772,0.0094,0.3134
SPADES EIGHT DIAMONDS FOUR,0.6868,0.0108,0.3024
SPADES NINE DIAMONDS FOUR,0.6966,0.009,0.2944
CLUBS FIVE DIAMONDS FOUR,0.653,0.0088,0.3382
CLUBS FOUR DIAMONDS FOUR,0.4938,0.0146,0.4916
CLUBS SEVEN DIAMONDS FOUR,0.6746,0.01,0.3154
CLUBS SIX DIAMONDS FOUR,0.6626,0.0116,0.3258
CLUBS NINE DIAMONDS FOUR,0.6944,0.0114,0.2942
CLUBS EIGHT DIAMONDS FOUR,0.6756,0.013,0.3114
DIAMONDS FOUR HEARTS SEVEN,0.6788,0.009,0.3122
HEARTS SIX DIAMONDS FOUR,0.6588,0.0112,0.33
HEARTS NINE DIAMONDS FOUR,0.692,0.0086,0.2994
DIAMONDS FOUR HEARTS EIGHT,0.665,0.0132,0.3218
CLUBS THREE DIAMONDS FOUR,0.6496,0.0092,0.3412
CLUBS TWO DIAMONDS FOUR,0.6716,0.0128,0.3156
DIAMONDS TEN DIAMONDS FIVE,0.6678,0.008,0.3242
DIAMONDS JACK DIAMONDS FIVE,0.6994,0.0386,0.262
DIAMONDS NINE HEARTS QUEEN,0.6954,0.0738,0.2308
HEARTS KING DIAMONDS NINE,0.454,0.0066,0.5394
DIAMONDS NINE HEARTS ACE,0.4658,0.0034,0.5308
DIAMONDS NINE HEARTS TEN,0.6734,0.0084,0.3182
DIAMONDS NINE HEARTS JACK,0.7276,0.0356,0.2368
CLUBS KING DIAMONDS SIX,0.4582,0.0058,0.536
CLUBS ACE DIAMONDS SIX,0.4714,0.0054,0.5232
SPADES KING DIAMONDS FOUR,0.462,0.0098,0.5282
SPADES ACE SPADES SEVEN,0.442,0.005,0.553
SPADES QUEEN DIAMONDS FOUR,0.7008,0.0868,0.2124
SPADES QUEEN SPADES SEVEN,0.6652,0.0796,0.2552
SPADES KING SPADES SEVEN,0.4378,0.008,0.5542
SPADES ACE DIAMONDS FOUR,0.4604,0.0034,0.5362
CLUBS TEN DIAMONDS SIX,0.694,0.0092,0.2968
CLUBS NINE CLUBS FOUR,0.68,0.0116,0.3084
CLUBS EIGHT CLUBS FOUR,0.6782,0.0098,0.312
SPADES JACK DIAMONDS FOUR,0.7374,0.0408,0.2218
SPADES TEN DIAMONDS FOUR,0.6954,0.0094,0.2952
CLUBS FOUR CLUBS FIVE,0.6418,0.0124,0.3458
CLUBS SEVEN CLUBS FOUR,0.6626,0.0106,0.3268
CLUBS SIX CLUBS FOUR,0.655,0.012,0.333
CLUBS SEVEN SPADES EIGHT,0.6564,0.0098,0.3338
CLUBS SEVEN SPADES NINE,0.6574,0.0098,0.3328
CLUBS SEVEN SPADES SIX,0.6612,0.0084,0.3304
CLUBS SEVEN SPADES SEVEN,0.5036,0.0138,0.4826
CLUBS SEVEN SPADES FIVE,0.6482,0.0104,0.3414
CLUBS SEVEN SPADES FOUR,0.6612,0.0106,0.3282
CLUBS SEVEN SPADES THREE,0.6774,0.0134,0.3092
CLUBS SEVEN SPADES TWO,0.6966,0.0086,0.2948
CLUBS NINE CLUBS SEVEN,0.6606,0.0086,0.3308
CLUBS EIGHT CLUBS SEVEN,0.6462,0.0114,0.3424
HEARTS SIX DIAMONDS FIVE,0.6462,0.0116,0.3422
DIAMONDS FIVE HEARTS SEVEN,0.6624,0.0106,0.327
DIAMONDS FIVE HEARTS EIGHT,0.6844,0.0098,0.3058
HEARTS NINE DIAMONDS FIVE,0.6846,0.01,0.3054
DIAMONDS QUEEN DIAMONDS FIVE,0.6458,0.0866,0.2676
HEARTS TWO DIAMONDS FIVE,0.6696,0.0114,0.319
HEARTS KING HEARTS EIGHT,0.4438,0.0068,0.5494
DIAMONDS KING DIAMONDS FIVE,0.4486,0.008,0.5434
HEARTS THREE DIAMONDS FIVE,0.6422,0.0104,0.3474
HEARTS QUEEN HEARTS EIGHT,0.6556,0.0838,0.2606
DIAMONDS ACE DIAMONDS FIVE,0.4426,0.0044,0.553
HEARTS FOUR DIAMONDS FIVE,0.6498,0.009,0.3412
HEARTS FIVE DIAMONDS FIVE,0.5094,0.0128,0.4778
HEARTS ACE HEARTS EIGHT,0.4482,0.0038,0.548
CLUBS FOUR DIAMONDS FIVE,0.6492,0.011,0.3398
CLUBS FIVE DIAMONDS FIVE,0.4972,0.0164,0.4864
CLUBS SIX DIAMONDS FIVE,0.6496,0.0094,0.341
CLUBS SEVEN DIAMONDS FIVE,0.6518,0.0104,0.3378
CLUBS TWO DIAMONDS FIVE,0.6728,0.0098,0.3174
CLUBS THREE DIAMONDS FIVE,0.648,0.0124,0.3396
SPADES THREE DIAMONDS FIVE,0.6624,0.0128,0.3248
SPADES TWO DIAMONDS FIVE,0.6774,0.0126,0.31
SPADES JACK DIAMONDS EIGHT,0.7292,0.0368,0.234
SPADES FIVE DIAMONDS FIVE,0.5052,0.0162,0.4786
HEARTS JACK CLUBS TEN,0.7284,0.04,0.2316
SPADES TEN DIAMONDS EIGHT,0.6696,0.008,0.3224
SPADES FOUR DIAMONDS FIVE,0.6332,0.0116,0.3552
CLUBS NINE DIAMONDS FIVE,0.6726,0.0108,0.3166
HEARTS JACK CLUBS KING,0.2858,0.0262,0.688
CLUBS EIGHT DIAMONDS FIVE,0.6606,0.0108,0.3286
HEARTS JACK CLUBS ACE,0.2944,0.0166,0.689
SPADES SEVEN DIAMONDS FIVE,0.6568,0.0074,0.3358
SPADES KING DIAMONDS EIGHT,0.4858,0.006,0.5082
SPADES QUEEN DIAMONDS EIGHT,0.695,0.0802,0.2248
SPADES SIX DIAMONDS FIVE,0.6518,0.0084,0.3398
SPADES NINE DIAMONDS FIVE,0.6832,0.0098,0.307
SPADES EIGHT DIAMONDS FIVE,0.6754,0.0108,0.3138
SPADES ACE DIAMONDS EIGHT,0.4706,0.0044,0.525
DIAMONDS TEN DIAMONDS SIX,0.6564,0.0074,0.3362
HEARTS ACE DIAMONDS SEVEN,0.4646,0.004,0.5314
DIAMONDS JACK DIAMONDS SIX,0.6826,0.042,0.2754
HEARTS QUEEN DIAMONDS SEVEN,0.7018,0.0818,0.2164
HEARTS KING DIAMONDS SEVEN,0.4754,0.0078,0.5168
DIAMONDS ACE DIAMONDS SIX,0.4426,0.0022,0.5552
HEARTS FOUR DIAMONDS SIX,0.6672,0.0102,0.3226
HEARTS JACK SPADES TWO,0.7496,0.0414,0.209
HEARTS FIVE DIAMONDS SIX,0.6416,0.009,0.3494
SPADES TWO HEARTS TEN,0.71,0.0096,0.2804
DIAMONDS QUEEN DIAMONDS SIX,0.6528,0.087,0.2602
HEARTS TWO DIAMONDS SIX,0.6734,0.0102,0.3164
DIAMONDS KING DIAMONDS SIX,0.4334,0.0064,0.5602
HEARTS THREE DIAMONDS SIX,0.6708,0.0104,0.3188
HEARTS EIGHT DIAMONDS SIX,0.662,0.0124,0.3256
HEARTS NINE DIAMONDS SIX,0.6738,0.012,0.3142
HEARTS SIX DIAMONDS SIX,0.5106,0.0132,0.4762
HEARTS SEVEN DIAMONDS SIX,0.6552,0.0092,0.3356
HEARTS TEN DIAMONDS SEVEN,0.6882,0.0078,0.304
CLUBS TWO DIAMONDS SIX,0.6918,0.012,0.2962
HEARTS JACK DIAMONDS SEVEN,0.7498,0.0398,0.2104
CLUBS THREE DIAMONDS SIX,0.6604,0.0114,0.3282
CLUBS SEVEN DIAMONDS SIX,0.657,0.0096,0.3334
CLUBS SIX DIAMONDS SIX,0.5044,0.011,0.4846
DIAMONDS EIGHT CLUBS TEN,0.6858,0.0086,0.3056
CLUBS FIVE DIAMONDS SIX,0.651,0.0104,0.3386
CLUBS FOUR DIAMONDS SIX,0.6484,0.0084,0.3432
HEARTS ACE HEARTS JACK,0.2978,0.015,0.6872
DIAMONDS EIGHT CLUBS ACE,0.4614,0.0054,0.5332
HEARTS JACK HEARTS QUEEN,0.0668,0.8598,0.0734
DIAMONDS EIGHT CLUBS KING,0.455,0.0074,0.5376
CLUBS NINE DIAMONDS SIX,0.6762,0.0092,0.3146
HEARTS KING HEARTS JACK,0.2776,0.0248,0.6976
CLUBS EIGHT DIAMONDS SIX,0.6554,0.013,0.3316
SPADES TEN HEARTS KING,0.4376,0.005,0.5574
SPADES FIVE DIAMONDS SIX,0.641,0.0082,0.3508
HEARTS ACE SPADES TWO,0.4712,0.0062,0.5226
SPADES JACK HEARTS KING,0.2988,0.0252,0.676
SPADES FOUR DIAMONDS SIX,0.6612,0.0112,0.3276
SPADES THREE DIAMONDS SIX,0.6562,0.0066,0.3372
HEARTS QUEEN SPADES TWO,0.698,0.0842,0.2178
SPADES ACE SPADES KING,0.3714,0.0056,0.623
HEARTS KING SPADES TWO,0.4806,0.0052,0.5142
SPADES TWO DIAMONDS SIX,0.679,0.0096,0.3114
HEARTS TEN HEARTS EIGHT,0.6384,0.007,0.3546
SPADES NINE DIAMONDS SIX,0.6712,0.0078,0.321
HEARTS JACK HEARTS EIGHT,0.6982,0.0392,0.2626
SPADES EIGHT DIAMONDS SIX,0.6694,0.0072,0.3234
SPADES SEVEN DIAMONDS SIX,0.6558,0.0074,0.3368
SPADES SIX DIAMONDS SIX,0.5022,0.014,0.4838
SPADES KING HEARTS KING,0.1918,0.0036,0.8046
SPADES QUEEN HEARTS KING,0.2834,0.0246,0.692
CLUBS ACE CLUBS KING,0.3546,0.0062,0.6392
SPADES ACE HEARTS KING,0.3992,0.0034,0.5974
SPADES ACE HEARTS JACK,0.3218,0.0118,0.6664
SPADES QUEEN HEARTS JACK,0.0688,0.9058,0.0254
SPADES KING HEARTS JACK,0.2946,0.027,0.6784
SPADES TEN DIAMONDS TEN,0.4676,0.0108,0.5216
SPADES JACK DIAMONDS TEN,0.7394,0.0416,0.219
SPADES ACE DIAMONDS TEN,0.4382,0.004,0.5578
SPADES JACK HEARTS JACK,0.3688,0.022,0.6092
SPADES TEN HEARTS JACK,0.737,0.0344,0.2286
SPADES QUEEN DIAMONDS TEN,0.6842,0.0878,0.228
SPADES KING DIAMONDS TEN,0.4328,0.0054,0.5618
SPADES NINE DIAMONDS SEVEN,0.6748,0.0106,0.3146
SPADES EIGHT DIAMONDS SEVEN,0.6512,0.0096,0.3392
SPADES SEVEN DIAMONDS SEVEN,0.4998,0.014,0.4862
SPADES SIX DIAMONDS SEVEN,0.669,0.0084,0.3226
DIAMONDS KING DIAMONDS SEVEN,0.4536,0.0056,0.5408
HEARTS THREE DIAMONDS SEVEN,0.6936,0.0102,0.2962
HEARTS KING DIAMONDS FIVE,0.4666,0.0046,0.5288
DIAMONDS QUEEN DIAMONDS SEVEN,0.6572,0.08,0.2628
HEARTS TWO DIAMONDS SEVEN,0.6906,0.0104,0.299
HEARTS QUEEN DIAMONDS FIVE,0.6886,0.0876,0.2238
HEARTS FIVE DIAMONDS SEVEN,0.6454,0.0104,0.3442
DIAMONDS ACE DIAMONDS SEVEN,0.4532,0.0054,0.5414
HEARTS FOUR DIAMONDS SEVEN,0.6684,0.0106,0.321
HEARTS ACE DIAMONDS FIVE,0.4624,0.002,0.5356
HEARTS SEVEN DIAMONDS SEVEN,0.503,0.0102,0.4868
HEARTS SIX DIAMONDS SEVEN,0.6642,0.0116,0.3242
HEARTS NINE DIAMONDS SEVEN,0.6636,0.01,0.3264
DIAMONDS SEVEN HEARTS EIGHT,0.6564,0.0086,0.335
DIAMONDS JACK DIAMONDS SEVEN,0.7036,0.0404,0.256
HEARTS JACK DIAMONDS FIVE,0.7412,0.0414,0.2174
DIAMONDS TEN DIAMONDS SEVEN,0.6408,0.0058,0.3534
DIAMONDS FIVE HEARTS TEN,0.7096,0.0088,0.2816
SPADES KING CLUBS TWO,0.466,0.007,0.527
HEARTS KING CLUBS KING,0.1864,0.0036,0.81
CLUBS EIGHT DIAMONDS SEVEN,0.6628,0.0094,0.3278
SPADES QUEEN CLUBS TWO,0.6922,0.0912,0.2166
CLUBS NINE DIAMONDS SEVEN,0.6672,0.0098,0.323
SPADES ACE CLUBS TWO,0.4552,0.0054,0.5394
SPADES TWO CLUBS TEN,0.7048,0.0096,0.2856
HEARTS KING CLUBS ACE,0.365,0.0042,0.6308
CLUBS SIX CLUBS SEVEN,0.6582,0.0104,0.3314
SPADES TWO CLUBS KING,0.474,0.0068,0.5192
SPADES TWO DIAMONDS SEVEN,0.6994,0.0134,0.2872
CLUBS EIGHT CLUBS SIX,0.654,0.0088,0.3372
SPADES THREE DIAMONDS SEVEN,0.694,0.0102,0.2958
CLUBS NINE CLUBS SIX,0.6748,0.0118,0.3134
SPADES FOUR DIAMONDS SEVEN,0.675,0.0082,0.3168
SPADES FIVE DIAMONDS SEVEN,0.6588,0.011,0.3302
SPADES TWO CLUBS ACE,0.465,0.0046,0.5304
HEARTS KING CLUBS TEN,0.4316,0.0066,0.5618
CLUBS SIX SPADES TWO,0.6894,0.0118,0.2988
CLUBS SIX SPADES THREE,0.6738,0.0112,0.315
CLUBS TWO DIAMONDS SEVEN,0.7012,0.0096,0.2892
CLUBS SIX SPADES FOUR,0.6642,0.0104,0.3254
CLUBS THREE DIAMONDS SEVEN,0.684,0.0084,0.3076
CLUBS SIX SPADES FIVE,0.6322,0.011,0.3568
CLUBS FOUR DIAMONDS SEVEN,0.6552,0.0112,0.3336
CLUBS SIX SPADES SIX,0.4902,0.0162,0.4936
CLUBS FIVE DIAMONDS SEVEN,0.6686,0.009,0.3224
CLUBS SIX SPADES SEVEN,0.6586,0.0102,0.3312
CLUBS SIX DIAMONDS SEVEN,0.6424,0.0106,0.347
CLUBS SIX SPADES EIGHT,0.6604,0.0106,0.329
SPADES JACK CLUBS TWO,0.7418,0.0404,0.2178
CLUBS SIX SPADES NINE,0.6622,0.0082,0.3296
SPADES TEN CLUBS TWO,0.7136,0.01,0.2764
CLUBS SEVEN DIAMONDS SEVEN,0.504,0.0126,0.4834
CLUBS TWO CLUBS KING,0.4178,0.0098,0.5724
CLUBS THREE DIAMONDS EIGHT,0.6794,0.0102,0.3104
CLUBS TWO CLUBS ACE,0.4234,0.008,0.5686
CLUBS TWO DIAMONDS EIGHT,0.6814,0.012,0.3066
DIAMONDS EIGHT HEARTS SEVEN,0.6668,0.0062,0.327
HEARTS SIX DIAMONDS EIGHT,0.6544,0.0112,0.3344
DIAMONDS EIGHT HEARTS NINE,0.6572,0.0106,0.3322
CLUBS TWO CLUBS TEN,0.709,0.01,0.281
DIAMONDS EIGHT HEARTS EIGHT,0.5014,0.011,0.4876
CLUBS NINE DIAMONDS EIGHT,0.6558,0.01,0.3342
CLUBS EIGHT DIAMONDS EIGHT,0.4756,0.0124,0.512
CLUBS FIVE DIAMONDS EIGHT,0.6704,0.0112,0.3184
SPADES ACE SPADES THREE,0.4382,0.0044,0.5574
CLUBS FOUR DIAMONDS EIGHT,0.6934,0.0078,0.2988
SPADES QUEEN SPADES THREE,0.6422,0.0772,0.2806
CLUBS SEVEN DIAMONDS EIGHT,0.6606,0.009,0.3304
CLUBS SIX DIAMONDS EIGHT,0.6636,0.009,0.3274
SPADES KING SPADES THREE,0.4406,0.008,0.5514
DIAMONDS QUEEN DIAMONDS EIGHT,0.6564,0.0782,0.2654
HEARTS TWO DIAMONDS EIGHT,0.6818,0.0104,0.3078
DIAMONDS KING DIAMONDS EIGHT,0.4432,0.008,0.5488
HEARTS THREE DIAMONDS EIGHT,0.693,0.009,0.298
DIAMONDS ACE DIAMONDS EIGHT,0.4416,0.0034,0.555
HEARTS FOUR DIAMONDS EIGHT,0.69,0.009,0.301
HEARTS FIVE DIAMONDS EIGHT,0.6702,0.0106,0.3192
DIAMONDS EIGHT DIAMONDS TEN,0.64,0.0092,0.3508
DIAMONDS EIGHT DIAMONDS JACK,0.693,0.0412,0.2658
SPADES JACK SPADES THREE,0.7084,0.0392,0.2524
SPADES TEN SPADES THREE,0.6634,0.0098,0.3268
CLUBS FOUR HEARTS ACE,0.4568,0.0066,0.5366
CLUBS FOUR HEARTS QUEEN,0.6796,0.0848,0.2356
CLUBS FOUR HEARTS KING,0.468,0.007,0.525
CLUBS SIX HEARTS TEN,0.6796,0.0114,0.309
CLUBS SIX HEARTS JACK,0.7466,0.0378,0.2156
DIAMONDS EIGHT SPADES FOUR,0.6838,0.009,0.3072
SPADES FIVE DIAMONDS EIGHT,0.6734,0.0104,0.3162
DIAMONDS EIGHT SPADES TWO,0.6902,0.0086,0.3012
DIAMONDS EIGHT SPADES THREE,0.6908,0.01,0.2992
CLUBS FOUR HEARTS JACK,0.7396,0.0446,0.2158
SPADES EIGHT DIAMONDS EIGHT,0.4896,0.0106,0.4998
SPADES TEN DIAMONDS QUEEN,0.6868,0.085,0.2282
SPADES TEN HEARTS TWO,0.7038,0.0088,0.2874
SPADES JACK HEARTS EIGHT,0.7258,0.0414,0.2328
CLUBS FOUR HEARTS TEN,0.6978,0.0116,0.2906
SPADES NINE DIAMONDS EIGHT,0.6656,0.01,0.3244
SPADES TEN HEARTS EIGHT,0.666,0.0094,0.3246
SPADES JACK HEARTS TWO,0.7624,0.0382,0.1994
SPADES JACK DIAMONDS QUEEN,0.0688,0.9102,0.021
SPADES SIX DIAMONDS EIGHT,0.6682,0.01,0.3218
SPADES SEVEN DIAMONDS EIGHT,0.65,0.0068,0.3432
SPADES ACE HEARTS TWO,0.4684,0.0042,0.5274
SPADES ACE DIAMONDS QUEEN,0.3146,0.0152,0.6702
SPADES ACE HEARTS EIGHT,0.453,0.0044,0.5426
SPADES KING HEARTS EIGHT,0.4542,0.0058,0.54
SPADES QUEEN HEARTS TWO,0.7018,0.0782,0.22
SPADES QUEEN DIAMONDS QUEEN,0.1854,0.0216,0.793
SPADES KING DIAMONDS QUEEN,0.29,0.0262,0.6838
SPADES KING HEARTS TWO,0.4708,0.0076,0.5216
SPADES QUEEN HEARTS EIGHT,0.692,0.0796,0.2284
CLUBS TWO HEARTS TEN,0.6928,0.0126,0.2946
CLUBS TWO HEARTS JACK,0.7414,0.041,0.2176
SPADES SEVEN DIAMONDS NINE,0.6638,0.0106,0.3256
SPADES SIX DIAMONDS NINE,0.6718,0.01,0.3182
SPADES NINE DIAMONDS NINE,0.467,0.01,0.523
SPADES EIGHT DIAMONDS NINE,0.6554,0.0096,0.335
SPADES TEN CLUBS KING,0.43,0.0074,0.5626
DIAMONDS NINE SPADES THREE,0.691,0.0108,0.2982
SPADES JACK CLUBS KING,0.2752,0.024,0.7008
DIAMONDS NINE SPADES TWO,0.6952,0.0108,0.294
DIAMONDS NINE SPADES FIVE,0.687,0.0122,0.3008
DIAMONDS NINE SPADES FOUR,0.691,0.0104,0.2986
CLUBS NINE DIAMONDS NINE,0.4736,0.0136,0.5128
CLUBS EIGHT DIAMONDS NINE,0.6508,0.0104,0.3388
CLUBS SIX DIAMONDS NINE,0.6668,0.0116,0.3216
SPADES JACK CLUBS FOUR,0.7444,0.041,0.2146
SPADES TEN CLUBS FOUR,0.6944,0.0114,0.2942
CLUBS SEVEN DIAMONDS NINE,0.6588,0.0096,0.3316
CLUBS FOUR DIAMONDS NINE,0.6932,0.0118,0.295
CLUBS FIVE DIAMONDS NINE,0.6864,0.0076,0.306
CLUBS TWO DIAMONDS NINE,0.6904,0.0102,0.2994
CLUBS THREE DIAMONDS NINE,0.6884,0.0134,0.2982
DIAMONDS NINE HEARTS EIGHT,0.6578,0.0082,0.334
DIAMONDS NINE HEARTS NINE,0.4858,0.0084,0.5058
HEARTS SIX DIAMONDS NINE,0.6836,0.0092,0.3072
DIAMONDS NINE HEARTS SEVEN,0.6664,0.0088,0.3248
CLUBS EIGHT CLUBS NINE,0.6526,0.0146,0.3328
DIAMONDS ACE DIAMONDS NINE,0.4286,0.006,0.5654
HEARTS FOUR DIAMONDS NINE,0.707,0.0082,0.2848
HEARTS FIVE DIAMONDS NINE,0.6916,0.0098,0.2986
CLUBS TWO HEARTS ACE,0.4698,0.0046,0.5256
SPADES ACE CLUBS FOUR,0.466,0.0046,0.5294
DIAMONDS QUEEN DIAMONDS NINE,0.6628,0.0764,0.2608
HEARTS TWO DIAMONDS NINE,0.6992,0.0094,0.2914
CLUBS TWO HEARTS KING,0.4658,0.008,0.5262
SPADES KING CLUBS FOUR,0.47,0.0046,0.5254
DIAMONDS KING DIAMONDS NINE,0.429,0.004,0.567
HEARTS THREE DIAMONDS NINE,0.6934,0.0102,0.2964
CLUBS TWO HEARTS QUEEN,0.6934,0.0864,0.2202
SPADES QUEEN CLUBS FOUR,0.6882,0.0848,0.227
DIAMONDS NINE DIAMONDS JACK,0.6722,0.0422,0.2856
CLUBS EIGHT SPADES NINE,0.657,0.009,0.334
DIAMONDS NINE DIAMONDS TEN,0.6256,0.0074,0.367
CLUBS EIGHT SPADES EIGHT,0.4858,0.0132,0.501
CLUBS EIGHT SPADES SEVEN,0.6658,0.0092,0.325
CLUBS EIGHT SPADES SIX,0.6644,0.0106,0.325
CLUBS EIGHT SPADES FIVE,0.656,0.009,0.335
CLUBS EIGHT SPADES FOUR,0.6846,0.0082,0.3072
CLUBS EIGHT SPADES THREE,0.676,0.0096,0.3144
CLUBS EIGHT SPADES TWO,0.6936,0.0134,0.293
HEARTS SIX DIAMONDS TEN,0.6906,0.0092,0.3002
DIAMONDS TEN HEARTS SEVEN,0.6758,0.009,0.3152
DIAMONDS TEN HEARTS EIGHT,0.6752,0.0112,0.3136
DIAMONDS TEN HEARTS NINE,0.664,0.008,0.328
CLUBS FOUR CLUBS TEN,0.7078,0.012,0.2802
CLUBS FOUR CLUBS KING,0.427,0.0074,0.5656
CLUBS TWO DIAMONDS TEN,0.7186,0.0102,0.2712
CLUBS THREE DIAMONDS TEN,0.6914,0.0114,0.2972
CLUBS FOUR CLUBS ACE,0.425,0.006,0.569
DIAMONDS JACK DIAMONDS TEN,0.6792,0.0394,0.2814
DIAMONDS QUEEN DIAMONDS TEN,0.6492,0.0852,0.2656
HEARTS TWO DIAMONDS TEN,0.6996,0.0114,0.289
DIAMONDS KING DIAMONDS TEN,0.3976,0.0058,0.5966
HEARTS THREE DIAMONDS TEN,0.7012,0.0134,0.2854
DIAMONDS ACE DIAMONDS TEN,0.4316,0.0032,0.5652
HEARTS FOUR DIAMONDS TEN,0.708,0.0136,0.2784
CLUBS EIGHT HEARTS JACK,0.7284,0.0464,0.2252
HEARTS FIVE DIAMONDS TEN,0.704,0.0086,0.2874
CLUBS EIGHT HEARTS TEN,0.6788,0.0092,0.312
CLUBS EIGHT HEARTS QUEEN,0.6888,0.0944,0.2168
CLUBS EIGHT HEARTS KING,0.4558,0.0056,0.5386
CLUBS EIGHT HEARTS ACE,0.4708,0.0044,0.5248
CLUBS NINE SPADES THREE,0.6904,0.0124,0.2972
CLUBS NINE SPADES TWO,0.7122,0.0096,0.2782
CLUBS NINE SPADES FIVE,0.67,0.0116,0.3184
CLUBS NINE SPADES FOUR,0.693,0.0094,0.2976
CLUBS NINE SPADES SEVEN,0.6628,0.0114,0.3258
CLUBS NINE SPADES SIX,0.6606,0.0106,0.3288
CLUBS NINE SPADES NINE,0.4674,0.0102,0.5224
CLUBS TEN HEARTS EIGHT,0.6676,0.007,0.3254
CLUBS NINE SPADES EIGHT,0.6538,0.0128,0.3334
CLUBS KING HEARTS EIGHT,0.4526,0.007,0.5404
CLUBS ACE HEARTS EIGHT,0.4568,0.0058,0.5374
SPADES KING CLUBS KING,0.1766,0.0038,0.8196
SPADES QUEEN CLUBS KING,0.2762,0.0266,0.6972
SPADES ACE CLUBS KING,0.3762,0.0052,0.6186
DIAMONDS ACE HEARTS TEN,0.441,0.004,0.555
HEARTS FOUR HEARTS TEN,0.6566,0.0092,0.3342
DIAMONDS ACE HEARTS JACK,0.3024,0.013,0.6846
HEARTS FOUR HEARTS JACK,0.695,0.0376,0.2674
SPADES KING CLUBS FIVE,0.4642,0.0086,0.5272
SPADES QUEEN CLUBS FIVE,0.6788,0.0882,0.233
SPADES ACE CLUBS FIVE,0.474,0.0044,0.5216
DIAMONDS JACK HEARTS SEVEN,0.7408,0.0416,0.2176
HEARTS SIX DIAMONDS JACK,0.7462,0.0438,0.21
DIAMONDS JACK HEARTS NINE,0.7184,0.0396,0.242
DIAMONDS JACK HEARTS EIGHT,0.7312,0.036,0.2328
DIAMONDS KING DIAMONDS JACK,0.2842,0.0218,0.694
HEARTS THREE DIAMONDS JACK,0.7376,0.0328,0.2296
SPADES ACE SPADES SIX,0.4578,0.005,0.5372
HEARTS ACE SPADES FOUR,0.4466,0.0038,0.5496
DIAMONDS QUEEN DIAMONDS JACK,0.078,0.8484,0.0736
HEARTS TWO DIAMONDS JACK,0.7526,0.0378,0.2096
HEARTS FIVE DIAMONDS JACK,0.7444,0.042,0.2136
SPADES QUEEN SPADES SIX,0.6414,0.082,0.2766
SPADES FOUR HEARTS QUEEN,0.697,0.0852,0.2178
DIAMONDS ACE DIAMONDS JACK,0.2884,0.0124,0.6992
HEARTS FOUR DIAMONDS JACK,0.7474,0.0422,0.2104
SPADES KING SPADES SIX,0.4438,0.0084,0.5478
HEARTS KING SPADES FOUR,0.4874,0.0062,0.5064
SPADES TEN SPADES SIX,0.646,0.0072,0.3468
SPADES JACK SPADES SIX,0.7164,0.0414,0.2422
SPADES FOUR DIAMONDS JACK,0.7316,0.0432,0.2252
SPADES FIVE DIAMONDS JACK,0.739,0.0362,0.2248
DIAMONDS JACK SPADES TWO,0.7436,0.041,0.2154
DIAMONDS JACK SPADES THREE,0.749,0.0342,0.2168
SPADES ACE DIAMONDS THREE,0.4748,0.0052,0.52
SPADES QUEEN DIAMONDS THREE,0.705,0.0916,0.2034
CLUBS EIGHT DIAMONDS JACK,0.7302,0.0414,0.2284
SPADES KING DIAMONDS THREE,0.4704,0.0068,0.5228
CLUBS NINE DIAMONDS JACK,0.7308,0.0396,0.2296
CLUBS SIX DIAMONDS JACK,0.7342,0.0442,0.2216
CLUBS SEVEN DIAMONDS JACK,0.742,0.0392,0.2188
CLUBS FOUR DIAMONDS JACK,0.7474,0.0412,0.2114
CLUBS FIVE DIAMONDS JACK,0.725,0.0388,0.2362
CLUBS TWO DIAMONDS JACK,0.7384,0.0378,0.2238
CLUBS THREE DIAMONDS JACK,0.7408,0.0438,0.2154
SPADES TEN CLUBS FIVE,0.6928,0.0116,0.2956
HEARTS SIX SPADES JACK,0.7396,0.0402,0.2202
HEARTS SIX SPADES TEN,0.6888,0.0092,0.302
SPADES JACK CLUBS FIVE,0.7338,0.0396,0.2266
SPADES JACK DIAMONDS THREE,0.7526,0.04,0.2074
CLUBS SEVEN CLUBS ACE,0.4156,0.0054,0.579
DIAMONDS THREE SPADES TEN,0.703,0.011,0.286
CLUBS SEVEN CLUBS KING,0.419,0.008,0.573
SPADES NINE DIAMONDS JACK,0.7294,0.0428,0.2278
CLUBS SEVEN CLUBS TEN,0.6784,0.0108,0.3108
DIAMONDS ACE HEARTS ACE,0.195,0.003,0.802
HEARTS FOUR HEARTS ACE,0.4464,0.0056,0.548
SPADES EIGHT DIAMONDS JACK,0.7348,0.037,0.2282
SPADES ACE HEARTS SIX,0.4652,0.0022,0.5326
DIAMONDS ACE HEARTS KING,0.3832,0.005,0.6118
HEARTS FOUR HEARTS KING,0.4546,0.0064,0.539
SPADES SEVEN DIAMONDS JACK,0.745,0.0392,0.2158
SPADES KING HEARTS SIX,0.479,0.0058,0.5152
DIAMONDS ACE HEARTS QUEEN,0.3002,0.0142,0.6856
HEARTS FOUR HEARTS QUEEN,0.639,0.0884,0.2726
SPADES QUEEN HEARTS SIX,0.697,0.084,0.219
SPADES SIX DIAMONDS JACK,0.748,0.0414,0.2106
DIAMONDS TEN SPADES TWO,0.716,0.0112,0.2728
SPADES THREE DIAMONDS TEN,0.7068,0.0074,0.2858
SPADES FOUR DIAMONDS TEN,0.6866,0.0088,0.3046
SPADES FIVE DIAMONDS TEN,0.7134,0.0104,0.2762
SPADES SIX DIAMONDS TEN,0.7092,0.0094,0.2814
SPADES SEVEN DIAMONDS TEN,0.6936,0.011,0.2954
SPADES EIGHT DIAMONDS TEN,0.684,0.009,0.307
SPADES NINE DIAMONDS TEN,0.6694,0.0078,0.3228
CLUBS FOUR DIAMONDS TEN,0.7072,0.0088,0.284
CLUBS FIVE DIAMONDS TEN,0.696,0.013,0.291
CLUBS SIX DIAMONDS TEN,0.6962,0.009,0.2948
CLUBS SEVEN DIAMONDS TEN,0.6738,0.007,0.3192
CLUBS EIGHT DIAMONDS TEN,0.679,0.0144,0.3066
CLUBS NINE DIAMONDS TEN,0.6626,0.0122,0.3252
DIAMONDS THREE CLUBS TEN,0.707,0.0124,0.2806
DIAMONDS THREE CLUBS KING,0.4648,0.0074,0.5278
DIAMONDS THREE CLUBS ACE,0.4566,0.0048,0.5386
SPADES FOUR HEARTS JACK,0.7404,0.0418,0.2178
SPADES FOUR HEARTS TEN,0.7118,0.0074,0.2808
SPADES FIVE SPADES TWO,0.6234,0.0138,0.3628
SPADES FOUR SPADES TWO,0.624,0.009,0.367
SPADES THREE SPADES TWO,0.6242,0.0106,0.3652
SPADES NINE SPADES TWO,0.655,0.0122,0.3328
SPADES EIGHT SPADES TWO,0.651,0.011,0.338
SPADES SEVEN SPADES TWO,0.651,0.0096,0.3394
SPADES SIX SPADES TWO,0.6526,0.008,0.3394
DIAMONDS QUEEN CLUBS THREE,0.6872,0.0942,0.2186
HEARTS TWO CLUBS THREE,0.6652,0.01,0.3248
DIAMONDS QUEEN CLUBS TWO,0.6952,0.0886,0.2162
CLUBS TWO HEARTS TWO,0.5046,0.0188,0.4766
DIAMONDS QUEEN HEARTS SEVEN,0.6962,0.0848,0.219
HEARTS TWO HEARTS SEVEN,0.6518,0.0078,0.3404
HEARTS SIX DIAMONDS QUEEN,0.696,0.083,0.221
HEARTS SIX HEARTS TWO,0.6448,0.0094,0.3458
DIAMONDS QUEEN HEARTS NINE,0.6952,0.0852,0.2196
HEARTS TWO HEARTS NINE,0.655,0.0092,0.3358
DIAMONDS QUEEN HEARTS EIGHT,0.703,0.0848,0.2122
HEARTS TWO HEARTS EIGHT,0.6594,0.0118,0.3288
CLUBS NINE HEARTS TWO,0.7012,0.0116,0.2872
CLUBS NINE DIAMONDS QUEEN,0.683,0.0846,0.2324
CLUBS EIGHT HEARTS TWO,0.6916,0.011,0.2974
CLUBS EIGHT DIAMONDS QUEEN,0.697,0.089,0.214
CLUBS FIVE DIAMONDS QUEEN,0.6854,0.0888,0.2258
CLUBS FIVE HEARTS TWO,0.6674,0.01,0.3226
SPADES EIGHT HEARTS ACE,0.4634,0.0052,0.5314
CLUBS FOUR DIAMONDS QUEEN,0.6788,0.0876,0.2336
CLUBS FOUR HEARTS TWO,0.6708,0.012,0.3172
SPADES EIGHT HEARTS QUEEN,0.6914,0.0866,0.222
CLUBS SEVEN HEARTS TWO,0.6998,0.0116,0.2886
CLUBS SEVEN DIAMONDS QUEEN,0.6998,0.0888,0.2114
CLUBS SIX DIAMONDS QUEEN,0.6828,0.0906,0.2266
CLUBS SIX HEARTS TWO,0.6774,0.0128,0.3098
SPADES EIGHT HEARTS KING,0.479,0.008,0.513
HEARTS TWO SPADES SIX,0.6796,0.0078,0.3126
DIAMONDS QUEEN SPADES SIX,0.7008,0.09,0.2092
DIAMONDS QUEEN SPADES SEVEN,0.6916,0.0886,0.2198
HEARTS TWO SPADES SEVEN,0.6844,0.0102,0.3054
HEARTS FOUR CLUBS KING,0.4512,0.01,0.5388
DIAMONDS ACE CLUBS KING,0.3788,0.0058,0.6154
DIAMONDS QUEEN SPADES EIGHT,0.6824,0.0938,0.2238
SPADES EIGHT HEARTS TWO,0.6842,0.0086,0.3072
HEARTS FOUR CLUBS ACE,0.456,0.005,0.539
DIAMONDS ACE CLUBS ACE,0.1812,0.0028,0.816
SPADES NINE DIAMONDS QUEEN,0.6988,0.0754,0.2258
SPADES NINE HEARTS TWO,0.7104,0.012,0.2776
HEARTS TWO SPADES TWO,0.5194,0.014,0.4666
DIAMONDS QUEEN SPADES TWO,0.6898,0.0822,0.228
HEARTS TWO SPADES THREE,0.6712,0.0144,0.3144
DIAMONDS QUEEN SPADES THREE,0.6864,0.0882,0.2254
HEARTS TWO SPADES FOUR,0.6712,0.011,0.3178
DIAMONDS QUEEN SPADES FOUR,0.6922,0.09,0.2178
HEARTS FOUR CLUBS TEN,0.6914,0.0112,0.2974
DIAMONDS ACE CLUBS TEN,0.4394,0.004,0.5566
HEARTS TWO SPADES FIVE,0.666,0.0116,0.3224
DIAMONDS QUEEN SPADES FIVE,0.6828,0.088,0.2292
CLUBS FIVE CLUBS KING,0.4264,0.007,0.5666
CLUBS FIVE CLUBS ACE,0.407,0.0062,0.5868
CLUBS FIVE CLUBS TEN,0.699,0.0094,0.2916
SPADES SIX CLUBS KING,0.4664,0.007,0.5266
SPADES EIGHT HEARTS JACK,0.715,0.0418,0.2432
SPADES SIX CLUBS ACE,0.468,0.0068,0.5252
SPADES EIGHT HEARTS TEN,0.6794,0.0066,0.314
SPADES SIX CLUBS TEN,0.6916,0.0098,0.2986
SPADES QUEEN CLUBS SEVEN,0.701,0.088,0.211
SPADES KING CLUBS SEVEN,0.4826,0.008,0.5094
SPADES ACE CLUBS SEVEN,0.461,0.006,0.533
SPADES SIX HEARTS TEN,0.688,0.0084,0.3036
SPADES SIX HEARTS JACK,0.751,0.037,0.212
SPADES SIX HEARTS ACE,0.4676,0.0042,0.5282
SPADES SIX HEARTS KING,0.4718,0.0064,0.5218
SPADES SIX HEARTS QUEEN,0.694,0.0824,0.2236
SPADES JACK CLUBS SEVEN,0.7488,0.0368,0.2144
CLUBS SEVEN SPADES TEN,0.686,0.0086,0.3054
HEARTS SIX CLUBS TEN,0.6944,0.0092,0.2964
HEARTS SIX CLUBS KING,0.4634,0.007,0.5296
HEARTS SIX CLUBS ACE,0.4518,0.005,0.5432
DIAMONDS THREE HEARTS ACE,0.4698,0.0044,0.5258
DIAMONDS THREE HEARTS QUEEN,0.6878,0.0884,0.2238
DIAMONDS THREE HEARTS KING,0.4742,0.0068,0.519
CLUBS FIVE HEARTS JACK,0.7208,0.0436,0.2356
SPADES TEN DIAMONDS ACE,0.4502,0.0032,0.5466
HEARTS FOUR SPADES TEN,0.7066,0.0072,0.2862
CLUBS FIVE HEARTS TEN,0.7036,0.0106,0.2858
HEARTS FOUR SPADES JACK,0.7494,0.0392,0.2114
SPADES JACK DIAMONDS ACE,0.313,0.015,0.672
SPADES ACE HEARTS FOUR,0.4692,0.0034,0.5274
SPADES ACE DIAMONDS ACE,0.1788,0.0016,0.8196
CLUBS FIVE HEARTS ACE,0.4782,0.0028,0.519
CLUBS FIVE HEARTS KING,0.4676,0.0084,0.524
HEARTS FOUR SPADES QUEEN,0.7032,0.0838,0.213
SPADES QUEEN DIAMONDS ACE,0.298,0.0124,0.6896
CLUBS FIVE HEARTS QUEEN,0.6776,0.0928,0.2296
SPADES KING DIAMONDS ACE,0.3978,0.0056,0.5966
HEARTS FOUR SPADES KING,0.472,0.0076,0.5204
SPADES FOUR CLUBS TEN,0.6998,0.013,0.2872
DIAMONDS QUEEN DIAMONDS ACE,0.294,0.014,0.692
HEARTS TWO DIAMONDS ACE,0.4678,0.0046,0.5276
HEARTS FOUR DIAMONDS QUEEN,0.6812,0.0916,0.2272
HEARTS FOUR HEARTS TWO,0.6328,0.0134,0.3538
DIAMONDS THREE HEARTS TEN,0.6972,0.011,0.2918
SPADES FOUR CLUBS KING,0.4636,0.0066,0.5298
HEARTS FIVE DIAMONDS QUEEN,0.6962,0.0796,0.2242
HEARTS FIVE HEARTS TWO,0.6246,0.0102,0.3652
DIAMONDS THREE HEARTS JACK,0.7362,0.0456,0.2182
DIAMONDS QUEEN HEARTS TWO,0.7032,0.089,0.2078
DIAMONDS KING DIAMONDS QUEEN,0.2644,0.0232,0.7124
DIAMONDS KING HEARTS TWO,0.4728,0.0052,0.522
HEARTS THREE DIAMONDS QUEEN,0.6928,0.0844,0.2228
HEARTS THREE HEARTS TWO,0.6336,0.0116,0.3548
SPADES FOUR CLUBS ACE,0.4592,0.0042,0.5366
HEARTS TWO CLUBS ACE,0.4588,0.0062,0.535
DIAMONDS QUEEN CLUBS ACE,0.272,0.0174,0.7106
HEARTS TWO CLUBS KING,0.4546,0.008,0.5374
DIAMONDS QUEEN CLUBS KING,0.2804,0.0262,0.6934
SPADES EIGHT SPADES FIVE,0.6148,0.0118,0.3734
HEARTS TWO CLUBS TEN,0.7018,0.0112,0.287
DIAMONDS QUEEN CLUBS TEN,0.6822,0.0868,0.231
SPADES NINE SPADES FIVE,0.633,0.0114,0.3556
SPADES SIX SPADES FIVE,0.6166,0.009,0.3744
SPADES SEVEN SPADES FIVE,0.6174,0.01,0.3726
SPADES EIGHT CLUBS ACE,0.4546,0.0056,0.5398
DIAMONDS FIVE CLUBS KING,0.4492,0.0094,0.5414
SPADES EIGHT CLUBS KING,0.4548,0.0072,0.538
DIAMONDS FIVE CLUBS ACE,0.453,0.007,0.54
SPADES EIGHT CLUBS TEN,0.6816,0.0108,0.3076
DIAMONDS FIVE CLUBS TEN,0.7112,0.0078,0.281
HEARTS JACK DIAMONDS TEN,0.7232,0.035,0.2418
DIAMONDS TEN HEARTS TEN,0.4588,0.0078,0.5334
SPADES ACE CLUBS NINE,0.4526,0.0054,0.542
CLUBS NINE SPADES QUEEN,0.6882,0.0812,0.2306
SPADES KING CLUBS NINE,0.444,0.0068,0.5492
HEARTS SIX HEARTS KING,0.4458,0.0072,0.547
DIAMONDS KING SPADES SEVEN,0.4834,0.0062,0.5104
HEARTS THREE SPADES SEVEN,0.6822,0.009,0.3088
SPADES KING DIAMONDS SEVEN,0.4676,0.0072,0.5252
HEARTS SIX HEARTS QUEEN,0.6402,0.0868,0.273
SPADES QUEEN DIAMONDS SEVEN,0.6906,0.0856,0.2238
HEARTS THREE SPADES SIX,0.6664,0.0094,0.3242
DIAMONDS KING SPADES SIX,0.4816,0.006,0.5124
DIAMONDS KING SPADES NINE,0.4524,0.0058,0.5418
HEARTS THREE SPADES NINE,0.7028,0.0098,0.2874
HEARTS SIX HEARTS ACE,0.4536,0.0032,0.5432
DIAMONDS KING SPADES EIGHT,0.4726,0.0066,0.5208
HEARTS THREE SPADES EIGHT,0.7062,0.0112,0.2826
SPADES ACE DIAMONDS SEVEN,0.4692,0.0046,0.5262
CLUBS NINE HEARTS THREE,0.684,0.0126,0.3034
CLUBS NINE DIAMONDS KING,0.4404,0.0078,0.5518
CLUBS EIGHT HEARTS THREE,0.6846,0.0106,0.3048
CLUBS EIGHT DIAMONDS KING,0.4568,0.01,0.5332
HEARTS THREE SPADES THREE,0.5218,0.0166,0.4616
DIAMONDS KING SPADES THREE,0.4806,0.0088,0.5106
HEARTS THREE SPADES TWO,0.665,0.0118,0.3232
DIAMONDS KING SPADES TWO,0.4908,0.0064,0.5028
HEARTS THREE SPADES FIVE,0.6576,0.0114,0.331
DIAMONDS KING SPADES FIVE,0.4744,0.0036,0.522
HEARTS THREE SPADES FOUR,0.6426,0.0116,0.3458
DIAMONDS KING SPADES FOUR,0.4656,0.0072,0.5272
