opposingHand,winningChance,drawChance,lostChance
CLUBS SIX DIAMONDS SEVEN
HEARTS FIVE SPADES TEN,0.4386,0.0236,0.5378
HEARTS FIVE SPADES JACK,0.4224,0.0204,0.5572
CLUBS JACK SPADES FIVE,0.421,0.0184,0.5606
CLUBS TEN SPADES FIVE,0.4142,0.0242,0.5616
CLUBS JACK CLUBS EIGHT,0.3366,0.019,0.6444
CLUBS TEN CLUBS EIGHT,0.3348,0.0248,0.6404
CLUBS EIGHT CLUBS KING,0.3596,0.0058,0.6346
SPADES FIVE CLUBS ACE,0.4118,0.0038,0.5844
CLUBS EIGHT CLUBS QUEEN,0.3594,0.0126,0.628
SPADES FIVE CLUBS KING,0.4304,0.0092,0.5604
SPADES FIVE CLUBS QUEEN,0.4178,0.013,0.5692
CLUBS EIGHT CLUBS ACE,0.351,0.0064,0.6426
DIAMONDS TWO DIAMONDS THREE,0.5494,0.0932,0.3574
DIAMONDS TWO DIAMONDS FIVE,0.5558,0.0994,0.3448
HEARTS FIVE SPADES KING,0.4322,0.0074,0.5604
DIAMONDS TWO DIAMONDS FOUR,0.5628,0.0952,0.342
HEARTS FIVE SPADES QUEEN,0.4164,0.0118,0.5718
DIAMONDS TWO DIAMONDS SIX,0.5538,0.2046,0.2416
SPADES ACE HEARTS FIVE,0.404,0.0052,0.5908
DIAMONDS TWO DIAMONDS NINE,0.4202,0.0392,0.5406
DIAMONDS TWO DIAMONDS EIGHT,0.4144,0.0618,0.5238
DIAMONDS THREE DIAMONDS FOUR,0.5348,0.0884,0.3768
CLUBS TWO SPADES FOUR,0.5894,0.0968,0.3138
DIAMONDS THREE DIAMONDS FIVE,0.5416,0.096,0.3624
SPADES FIVE CLUBS TWO,0.583,0.104,0.313
CLUBS TWO SPADES TWO,0.4034,0.109,0.4876
CLUBS TWO SPADES THREE,0.583,0.1016,0.3154
DIAMONDS THREE DIAMONDS EIGHT,0.4166,0.0596,0.5238
SPADES EIGHT CLUBS TWO,0.4376,0.07,0.4924
DIAMONDS THREE DIAMONDS NINE,0.4164,0.0412,0.5424
SPADES NINE CLUBS TWO,0.4568,0.0424,0.5008
DIAMONDS THREE DIAMONDS SIX,0.5516,0.1806,0.2678
SPADES SIX CLUBS TWO,0.6096,0.1896,0.2008
SPADES SEVEN CLUBS TWO,0.433,0.355,0.212
CLUBS SEVEN CLUBS TWO,0.4014,0.3586,0.24
CLUBS FOUR CLUBS TWO,0.5588,0.0938,0.3474
CLUBS FIVE CLUBS TWO,0.576,0.091,0.333
CLUBS TEN CLUBS JACK,0.3274,0.0142,0.6584
DIAMONDS FOUR DIAMONDS SIX,0.547,0.1898,0.2632
CLUBS TEN CLUBS QUEEN,0.3462,0.0084,0.6454
CLUBS TEN CLUBS KING,0.3512,0.0096,0.6392
CLUBS TEN CLUBS ACE,0.3472,0.0042,0.6486
CLUBS EIGHT CLUBS TWO,0.4208,0.0674,0.5118
DIAMONDS FIVE DIAMONDS FOUR,0.5536,0.0924,0.354
CLUBS NINE CLUBS TWO,0.4088,0.0414,0.5498
DIAMONDS NINE DIAMONDS FOUR,0.4088,0.046,0.5452
DIAMONDS FOUR DIAMONDS EIGHT,0.3972,0.0624,0.5404
CLUBS THREE CLUBS TWO,0.5518,0.0888,0.3594
DIAMONDS NINE DIAMONDS FIVE,0.4024,0.038,0.5596
CLUBS JACK DIAMONDS TWO,0.435,0.0194,0.5456
DIAMONDS FIVE DIAMONDS EIGHT,0.3816,0.0596,0.5588
CLUBS TEN DIAMONDS TWO,0.4322,0.0274,0.5404
DIAMONDS FIVE DIAMONDS SIX,0.5364,0.195,0.2686
DIAMONDS TWO CLUBS ACE,0.4016,0.0044,0.594
DIAMONDS TWO CLUBS KING,0.4364,0.009,0.5546
DIAMONDS TWO CLUBS QUEEN,0.4344,0.011,0.5546
DIAMONDS EIGHT DIAMONDS SIX,0.2342,0.1336,0.6322
DIAMONDS NINE DIAMONDS SIX,0.258,0.098,0.644
HEARTS ACE SPADES THREE,0.426,0.0058,0.5682
SPADES THREE HEARTS KING,0.4286,0.008,0.5634
HEARTS QUEEN SPADES THREE,0.4266,0.0138,0.5596
SPADES THREE HEARTS JACK,0.4378,0.0198,0.5424
SPADES THREE HEARTS TEN,0.434,0.027,0.539
DIAMONDS NINE DIAMONDS EIGHT,0.3104,0.0386,0.651
DIAMONDS KING HEARTS TEN,0.3538,0.0094,0.6368
HEARTS THREE HEARTS TEN,0.4126,0.024,0.5634
DIAMONDS KING HEARTS JACK,0.357,0.0052,0.6378
HEARTS THREE HEARTS JACK,0.4028,0.0202,0.577
SPADES JACK SPADES FIVE,0.3844,0.019,0.5966
SPADES TEN SPADES FIVE,0.3936,0.0288,0.5776
DIAMONDS KING HEARTS ACE,0.3834,0.0028,0.6138
HEARTS THREE HEARTS ACE,0.3844,0.0036,0.612
DIAMONDS KING HEARTS QUEEN,0.3742,0.0064,0.6194
HEARTS THREE HEARTS QUEEN,0.4054,0.0116,0.583
DIAMONDS KING HEARTS KING,0.184,0.0156,0.8004
HEARTS THREE HEARTS KING,0.4024,0.0054,0.5922
SPADES NINE HEARTS TEN,0.346,0.024,0.63
SPADES NINE HEARTS JACK,0.3592,0.0202,0.6206
SPADES QUEEN SPADES FIVE,0.3988,0.014,0.5872
SPADES KING SPADES FIVE,0.418,0.0082,0.5738
SPADES ACE SPADES FIVE,0.3942,0.0032,0.6026
SPADES NINE HEARTS QUEEN,0.3722,0.009,0.6188
SPADES NINE HEARTS KING,0.3864,0.0048,0.6088
SPADES NINE HEARTS ACE,0.3748,0.002,0.6232
CLUBS TEN SPADES JACK,0.346,0.0174,0.6366
CLUBS TEN SPADES TEN,0.1722,0.0554,0.7724
SPADES ACE CLUBS TEN,0.377,0.0042,0.6188
CLUBS TEN SPADES KING,0.3674,0.0068,0.6258
CLUBS TEN SPADES QUEEN,0.3474,0.0094,0.6432
SPADES FIVE HEARTS QUEEN,0.4188,0.0114,0.5698
SPADES FIVE HEARTS KING,0.417,0.0082,0.5748
HEARTS ACE SPADES FIVE,0.412,0.004,0.584
CLUBS EIGHT SPADES TEN,0.3494,0.0236,0.627
SPADES JACK HEARTS THREE,0.4222,0.019,0.5588
SPADES JACK DIAMONDS KING,0.35,0.0078,0.6422
SPADES TEN DIAMONDS KING,0.3618,0.007,0.6312
SPADES TEN HEARTS THREE,0.4378,0.0272,0.535
CLUBS EIGHT SPADES JACK,0.366,0.0172,0.6168
SPADES ACE CLUBS EIGHT,0.371,0.003,0.626
HEARTS FIVE CLUBS JACK,0.4042,0.0212,0.5746
CLUBS TEN HEARTS FIVE,0.4192,0.0274,0.5534
SPADES QUEEN CLUBS EIGHT,0.3696,0.0074,0.623
CLUBS TEN SPADES THREE,0.4414,0.0266,0.532
SPADES KING CLUBS EIGHT,0.376,0.0062,0.6178
CLUBS JACK SPADES THREE,0.4354,0.0184,0.5462
DIAMONDS TWO HEARTS JACK,0.4224,0.0174,0.5602
SPADES THREE CLUBS QUEEN,0.4306,0.0108,0.5586
DIAMONDS TWO HEARTS TEN,0.4394,0.0278,0.5328
SPADES THREE CLUBS KING,0.4418,0.0068,0.5514
HEARTS FIVE CLUBS ACE,0.4114,0.0048,0.5838
SPADES FIVE HEARTS TEN,0.4304,0.027,0.5426
SPADES THREE CLUBS ACE,0.4096,0.0044,0.586
HEARTS FIVE CLUBS KING,0.4298,0.0084,0.5618
SPADES FIVE HEARTS JACK,0.4074,0.019,0.5736
HEARTS FIVE CLUBS QUEEN,0.4146,0.0126,0.5728
HEARTS THREE CLUBS KING,0.427,0.0068,0.5662
DIAMONDS KING CLUBS KING,0.1752,0.0156,0.8092
HEARTS THREE CLUBS QUEEN,0.4328,0.0138,0.5534
DIAMONDS KING CLUBS QUEEN,0.369,0.0078,0.6232
HEARTS FIVE HEARTS JACK,0.3812,0.019,0.5998
HEARTS FIVE HEARTS TEN,0.3986,0.0254,0.576
HEARTS THREE CLUBS ACE,0.4212,0.0044,0.5744
DIAMONDS KING CLUBS ACE,0.3602,0.0042,0.6356
SPADES ACE CLUBS QUEEN,0.3588,0.0034,0.6378
SPADES KING CLUBS QUEEN,0.3644,0.0046,0.631
CLUBS JACK HEARTS THREE,0.4178,0.0208,0.5614
CLUBS JACK DIAMONDS KING,0.3604,0.007,0.6326
SPADES QUEEN CLUBS QUEEN,0.1864,0.0312,0.7824
CLUBS TEN HEARTS THREE,0.4294,0.027,0.5436
CLUBS TEN DIAMONDS KING,0.35,0.0092,0.6408
SPADES JACK CLUBS QUEEN,0.3548,0.0082,0.637
SPADES TEN CLUBS QUEEN,0.3682,0.007,0.6248
HEARTS FIVE HEARTS KING,0.403,0.0058,0.5912
HEARTS FIVE HEARTS QUEEN,0.3914,0.0132,0.5954
HEARTS FIVE HEARTS ACE,0.389,0.0034,0.6076
SPADES SEVEN HEARTS JACK,0.269,0.0636,0.6674
SPADES SEVEN HEARTS TEN,0.2614,0.083,0.6556
DIAMONDS TWO CLUBS TWO,0.402,0.107,0.491
DIAMONDS TWO CLUBS THREE,0.5732,0.1008,0.326
DIAMONDS TWO HEARTS SIX,0.593,0.1922,0.2148
DIAMONDS TWO HEARTS QUEEN,0.445,0.013,0.542
HEARTS SEVEN DIAMONDS TWO,0.4246,0.3714,0.204
DIAMONDS TWO HEARTS KING,0.4374,0.0074,0.5552
DIAMONDS TWO HEARTS EIGHT,0.443,0.0636,0.4934
DIAMONDS TWO HEARTS ACE,0.4136,0.0056,0.5808
DIAMONDS TWO HEARTS NINE,0.4356,0.0356,0.5288
DIAMONDS TWO DIAMONDS QUEEN,0.4214,0.01,0.5686
DIAMONDS TWO HEARTS TWO,0.4046,0.1146,0.4808
DIAMONDS TWO DIAMONDS KING,0.426,0.0076,0.5664
DIAMONDS TWO HEARTS THREE,0.5782,0.099,0.3228
DIAMONDS TWO DIAMONDS ACE,0.4028,0.0048,0.5924
HEARTS FOUR DIAMONDS TWO,0.5908,0.1036,0.3056
HEARTS FIVE DIAMONDS TWO,0.5982,0.0954,0.3064
SPADES SEVEN HEARTS ACE,0.283,0.0254,0.6916
DIAMONDS TWO DIAMONDS TEN,0.421,0.0244,0.5546
SPADES SEVEN HEARTS KING,0.289,0.0342,0.6768
DIAMONDS TWO DIAMONDS JACK,0.4216,0.0136,0.5648
SPADES SEVEN HEARTS QUEEN,0.2958,0.0416,0.6626
DIAMONDS TWO SPADES NINE,0.4344,0.0404,0.5252
DIAMONDS TWO SPADES EIGHT,0.4356,0.0658,0.4986
DIAMONDS TWO SPADES SEVEN,0.4266,0.3794,0.194
DIAMONDS TWO SPADES SIX,0.5994,0.1926,0.208
DIAMONDS TWO SPADES FIVE,0.5768,0.1086,0.3146
DIAMONDS TWO SPADES FOUR,0.593,0.0964,0.3106
DIAMONDS TWO SPADES THREE,0.5784,0.1024,0.3192
DIAMONDS TWO SPADES TWO,0.3936,0.108,0.4984
DIAMONDS TWO CLUBS NINE,0.4454,0.0442,0.5104
CLUBS EIGHT DIAMONDS TWO,0.4396,0.066,0.4944
DIAMONDS TWO CLUBS SEVEN,0.4134,0.383,0.2036
DIAMONDS TWO CLUBS FIVE,0.5868,0.1052,0.308
DIAMONDS TWO CLUBS FOUR,0.5928,0.0956,0.3116
CLUBS FOUR SPADES FIVE,0.5612,0.0958,0.343
CLUBS FOUR SPADES FOUR,0.3856,0.1072,0.5072
CLUBS FOUR SPADES THREE,0.588,0.0898,0.3222
CLUBS FOUR SPADES TWO,0.5732,0.0962,0.3306
SPADES NINE CLUBS FOUR,0.433,0.0448,0.5222
SPADES EIGHT CLUBS FOUR,0.422,0.0698,0.5082
SPADES SEVEN CLUBS FOUR,0.403,0.3716,0.2254
CLUBS FOUR SPADES SIX,0.571,0.2004,0.2286
SPADES ACE DIAMONDS SIX,0.298,0.0202,0.6818
SPADES QUEEN DIAMONDS SIX,0.3,0.0446,0.6554
SPADES KING DIAMONDS SIX,0.2948,0.028,0.6772
SPADES TEN DIAMONDS SIX,0.284,0.0786,0.6374
SPADES JACK DIAMONDS SIX,0.2942,0.0516,0.6542
SPADES QUEEN SPADES TWO,0.409,0.01,0.581
SPADES KING SPADES TWO,0.4056,0.0084,0.586
SPADES ACE SPADES TWO,0.3906,0.0048,0.6046
CLUBS JACK DIAMONDS JACK,0.1744,0.0426,0.783
CLUBS TEN DIAMONDS JACK,0.3376,0.017,0.6454
DIAMONDS JACK CLUBS KING,0.3544,0.0082,0.6374
DIAMONDS JACK CLUBS QUEEN,0.3404,0.0094,0.6502
DIAMONDS THREE DIAMONDS JACK,0.4066,0.022,0.5714
DIAMONDS THREE DIAMONDS TEN,0.412,0.026,0.562
DIAMONDS JACK CLUBS ACE,0.3648,0.0064,0.6288
DIAMONDS THREE DIAMONDS KING,0.4196,0.01,0.5704
DIAMONDS THREE HEARTS THREE,0.393,0.111,0.496
DIAMONDS THREE DIAMONDS QUEEN,0.4132,0.0142,0.5726
DIAMONDS THREE HEARTS TWO,0.581,0.105,0.314
HEARTS FIVE DIAMONDS THREE,0.572,0.0916,0.3364
DIAMONDS THREE DIAMONDS ACE,0.407,0.0044,0.5886
HEARTS FOUR DIAMONDS THREE,0.5672,0.0966,0.3362
HEARTS SEVEN DIAMONDS THREE,0.4224,0.3684,0.2092
SPADES TEN SPADES NINE,0.3326,0.0254,0.642
HEARTS SIX DIAMONDS THREE,0.568,0.202,0.23
SPADES JACK SPADES NINE,0.3412,0.0142,0.6446
DIAMONDS THREE HEARTS NINE,0.4346,0.0476,0.5178
HEARTS JACK DIAMONDS FOUR,0.4384,0.0216,0.54
HEARTS ACE HEARTS KING,0.3354,0.0036,0.661
SPADES TEN SPADES TWO,0.4166,0.0262,0.5572
DIAMONDS THREE HEARTS EIGHT,0.4432,0.0666,0.4902
HEARTS TEN DIAMONDS FOUR,0.44,0.026,0.534
SPADES JACK SPADES TWO,0.4066,0.0166,0.5768
HEARTS QUEEN DIAMONDS FOUR,0.4338,0.0118,0.5544
HEARTS KING DIAMONDS FOUR,0.4366,0.009,0.5544
SPADES ACE SPADES NINE,0.3478,0.0038,0.6484
HEARTS ACE DIAMONDS FOUR,0.4202,0.0064,0.5734
SPADES KING SPADES NINE,0.3488,0.0062,0.645
SPADES QUEEN SPADES NINE,0.3444,0.0114,0.6442
DIAMONDS THREE SPADES NINE,0.4286,0.046,0.5254
DIAMONDS THREE SPADES EIGHT,0.4424,0.0698,0.4878
DIAMONDS THREE SPADES SEVEN,0.4238,0.3788,0.1974
DIAMONDS THREE SPADES SIX,0.5712,0.1918,0.237
CLUBS ACE DIAMONDS FOUR,0.4092,0.005,0.5858
DIAMONDS THREE CLUBS SEVEN,0.422,0.3814,0.1966
CLUBS FIVE CLUBS SEVEN,0.3752,0.3538,0.271
DIAMONDS THREE CLUBS FOUR,0.5744,0.1072,0.3184
DIAMONDS FOUR CLUBS QUEEN,0.4324,0.0118,0.5558
DIAMONDS THREE CLUBS FIVE,0.595,0.0938,0.3112
DIAMONDS FOUR CLUBS KING,0.4278,0.0064,0.5658
DIAMONDS THREE CLUBS TWO,0.59,0.1004,0.3096
CLUBS TEN DIAMONDS FOUR,0.4292,0.0324,0.5384
DIAMONDS THREE CLUBS THREE,0.4036,0.111,0.4854
CLUBS JACK DIAMONDS FOUR,0.4236,0.0186,0.5578
DIAMONDS THREE SPADES FOUR,0.5716,0.0984,0.33
DIAMONDS THREE SPADES FIVE,0.5732,0.0924,0.3344
DIAMONDS THREE SPADES TWO,0.5854,0.0926,0.322
DIAMONDS THREE SPADES THREE,0.3934,0.1098,0.4968
CLUBS EIGHT DIAMONDS THREE,0.4326,0.0724,0.495
CLUBS NINE DIAMONDS THREE,0.4344,0.0434,0.5222
SPADES SEVEN CLUBS ACE,0.2792,0.0274,0.6934
SPADES SEVEN CLUBS QUEEN,0.2866,0.0448,0.6686
SPADES SEVEN CLUBS KING,0.2798,0.037,0.6832
CLUBS FIVE SPADES SEVEN,0.4032,0.3908,0.206
CLUBS TEN SPADES SEVEN,0.2582,0.0824,0.6594
CLUBS FIVE SPADES SIX,0.566,0.193,0.241
CLUBS JACK SPADES SEVEN,0.2724,0.0608,0.6668
CLUBS FIVE SPADES NINE,0.4234,0.0382,0.5384
CLUBS FIVE SPADES EIGHT,0.4012,0.0658,0.533
CLUBS FIVE SPADES THREE,0.5712,0.103,0.3258
CLUBS FIVE SPADES TWO,0.5832,0.1042,0.3126
CLUBS FIVE SPADES FIVE,0.3954,0.1102,0.4944
CLUBS FIVE SPADES FOUR,0.5582,0.101,0.3408
CLUBS NINE CLUBS FIVE,0.3884,0.0446,0.567
CLUBS EIGHT CLUBS FIVE,0.3796,0.066,0.5544
CLUBS ACE CLUBS QUEEN,0.3496,0.0056,0.6448
CLUBS KING CLUBS QUEEN,0.351,0.005,0.644
DIAMONDS TEN DIAMONDS FOUR,0.407,0.027,0.566
CLUBS TEN DIAMONDS NINE,0.3336,0.0234,0.643
DIAMONDS JACK DIAMONDS FOUR,0.4022,0.0172,0.5806
CLUBS JACK DIAMONDS NINE,0.3414,0.0178,0.6408
CLUBS JACK SPADES NINE,0.3594,0.0172,0.6234
CLUBS TEN SPADES NINE,0.3518,0.026,0.6222
DIAMONDS ACE DIAMONDS FOUR,0.3964,0.0056,0.598
HEARTS FOUR DIAMONDS FOUR,0.3808,0.0996,0.5196
DIAMONDS JACK HEARTS TEN,0.3452,0.0162,0.6386
SPADES NINE CLUBS KING,0.375,0.006,0.619
DIAMONDS TWO SPADES TEN,0.4494,0.025,0.5256
DIAMONDS NINE CLUBS ACE,0.3628,0.004,0.6332
HEARTS FIVE DIAMONDS FOUR,0.5658,0.0968,0.3374
DIAMONDS JACK HEARTS JACK,0.1874,0.0392,0.7734
SPADES NINE CLUBS QUEEN,0.3572,0.0112,0.6316
DIAMONDS TWO SPADES JACK,0.4346,0.0218,0.5436
DIAMONDS QUEEN DIAMONDS FOUR,0.4026,0.011,0.5864
HEARTS TWO DIAMONDS FOUR,0.5788,0.0958,0.3254
DIAMONDS NINE CLUBS QUEEN,0.3614,0.0106,0.628
DIAMONDS KING DIAMONDS FOUR,0.4068,0.0078,0.5854
HEARTS THREE DIAMONDS FOUR,0.5814,0.0906,0.328
SPADES NINE CLUBS ACE,0.3618,0.0044,0.6338
DIAMONDS NINE CLUBS KING,0.3668,0.0062,0.627
HEARTS ACE DIAMONDS JACK,0.3516,0.0044,0.644
SPADES ACE DIAMONDS TWO,0.4274,0.004,0.5686
HEARTS QUEEN DIAMONDS JACK,0.3356,0.0106,0.6538
SPADES QUEEN DIAMONDS TWO,0.4448,0.0148,0.5404
HEARTS KING DIAMONDS JACK,0.376,0.0044,0.6196
SPADES KING DIAMONDS TWO,0.4378,0.0094,0.5528
SPADES JACK SPADES SEVEN,0.252,0.0582,0.6898
SPADES TEN SPADES SEVEN,0.2562,0.0766,0.6672
CLUBS SEVEN CLUBS THREE,0.3826,0.364,0.2534
CLUBS FIVE CLUBS THREE,0.559,0.093,0.348
CLUBS THREE CLUBS FOUR,0.5394,0.096,0.3646
CLUBS NINE CLUBS THREE,0.4146,0.0332,0.5522
CLUBS EIGHT CLUBS THREE,0.4158,0.0638,0.5204
CLUBS THREE SPADES FIVE,0.577,0.1002,0.3228
CLUBS THREE SPADES FOUR,0.5682,0.0964,0.3354
CLUBS THREE SPADES THREE,0.4,0.1008,0.4992
CLUBS THREE SPADES TWO,0.5882,0.0936,0.3182
CLUBS THREE SPADES SIX,0.5788,0.1992,0.222
CLUBS THREE SPADES SEVEN,0.4168,0.3776,0.2056
SPADES EIGHT CLUBS THREE,0.4258,0.071,0.5032
SPADES NINE CLUBS THREE,0.434,0.0414,0.5246
SPADES TWO DIAMONDS FOUR,0.5882,0.108,0.3038
SPADES THREE DIAMONDS FOUR,0.5718,0.0958,0.3324
SPADES FOUR DIAMONDS FOUR,0.3836,0.1034,0.513
SPADES FIVE DIAMONDS FOUR,0.5818,0.0908,0.3274
SPADES SIX DIAMONDS FOUR,0.5756,0.188,0.2364
SPADES SEVEN DIAMONDS FOUR,0.412,0.3764,0.2116
SPADES EIGHT DIAMONDS FOUR,0.4238,0.0652,0.511
SPADES NINE DIAMONDS FOUR,0.4384,0.0438,0.5178
CLUBS FIVE DIAMONDS FOUR,0.5716,0.098,0.3304
CLUBS FOUR DIAMONDS FOUR,0.3882,0.1174,0.4944
CLUBS SEVEN DIAMONDS FOUR,0.4048,0.3898,0.2054
CLUBS NINE DIAMONDS FOUR,0.4268,0.0476,0.5256
CLUBS EIGHT DIAMONDS FOUR,0.416,0.0648,0.5192
HEARTS SEVEN DIAMONDS FOUR,0.4214,0.3752,0.2034
HEARTS SIX DIAMONDS FOUR,0.5636,0.2004,0.236
DIAMONDS FOUR HEARTS NINE,0.4318,0.0422,0.526
DIAMONDS FOUR HEARTS EIGHT,0.4226,0.0664,0.511
CLUBS THREE DIAMONDS FOUR,0.5744,0.1042,0.3214
CLUBS TWO DIAMONDS FOUR,0.6094,0.0882,0.3024
DIAMONDS TEN DIAMONDS FIVE,0.406,0.0244,0.5696
DIAMONDS JACK DIAMONDS FIVE,0.4038,0.0182,0.578
DIAMONDS NINE HEARTS QUEEN,0.3632,0.0138,0.623
DIAMONDS NINE HEARTS KING,0.3596,0.0088,0.6316
HEARTS ACE DIAMONDS NINE,0.3606,0.003,0.6364
DIAMONDS NINE HEARTS TEN,0.351,0.024,0.625
DIAMONDS NINE HEARTS JACK,0.3636,0.0128,0.6236
CLUBS KING DIAMONDS SIX,0.288,0.0316,0.6804
CLUBS QUEEN DIAMONDS SIX,0.286,0.0394,0.6746
CLUBS ACE DIAMONDS SIX,0.2896,0.0232,0.6872
SPADES KING DIAMONDS FOUR,0.4284,0.0088,0.5628
SPADES ACE SPADES SEVEN,0.2712,0.0252,0.7036
SPADES QUEEN DIAMONDS FOUR,0.4338,0.0136,0.5526
SPADES QUEEN SPADES SEVEN,0.2642,0.0414,0.6944
CLUBS JACK DIAMONDS SIX,0.2894,0.054,0.6566
SPADES KING SPADES SEVEN,0.2696,0.0388,0.6916
SPADES ACE DIAMONDS FOUR,0.4314,0.0036,0.565
CLUBS TEN DIAMONDS SIX,0.2854,0.0758,0.6388
CLUBS NINE CLUBS FOUR,0.416,0.0408,0.5432
CLUBS EIGHT CLUBS FOUR,0.3892,0.061,0.5498
SPADES JACK DIAMONDS FOUR,0.4296,0.018,0.5524
SPADES TEN DIAMONDS FOUR,0.4346,0.0278,0.5376
CLUBS FIVE CLUBS FOUR,0.5356,0.0962,0.3682
CLUBS SEVEN CLUBS FOUR,0.398,0.3486,0.2534
CLUBS SEVEN SPADES EIGHT,0.2414,0.1482,0.6104
SPADES NINE CLUBS SEVEN,0.2564,0.1102,0.6334
CLUBS SEVEN SPADES SIX,0.012,0.9692,0.0188
CLUBS SEVEN SPADES SEVEN,0.1364,0.0942,0.7694
CLUBS SEVEN SPADES FIVE,0.3946,0.3876,0.2178
CLUBS SEVEN SPADES FOUR,0.3858,0.3926,0.2216
CLUBS SEVEN SPADES THREE,0.4164,0.3654,0.2182
CLUBS SEVEN SPADES TWO,0.415,0.3716,0.2134
CLUBS NINE CLUBS SEVEN,0.2328,0.11,0.6572
CLUBS EIGHT CLUBS SEVEN,0.2422,0.1382,0.6196
HEARTS SIX DIAMONDS FIVE,0.5512,0.1986,0.2502
HEARTS SEVEN DIAMONDS FIVE,0.4048,0.378,0.2172
DIAMONDS FIVE HEARTS EIGHT,0.4054,0.065,0.5296
DIAMONDS FIVE HEARTS NINE,0.4194,0.0424,0.5382
DIAMONDS QUEEN DIAMONDS FIVE,0.3976,0.013,0.5894
HEARTS TWO DIAMONDS FIVE,0.5904,0.0896,0.32
HEARTS KING HEARTS EIGHT,0.3688,0.0076,0.6236
DIAMONDS KING DIAMONDS FIVE,0.4142,0.0092,0.5766
HEARTS THREE DIAMONDS FIVE,0.5672,0.1028,0.33
HEARTS QUEEN HEARTS EIGHT,0.3422,0.0112,0.6466
DIAMONDS ACE DIAMONDS FIVE,0.3984,0.0028,0.5988
HEARTS FOUR DIAMONDS FIVE,0.5678,0.0922,0.34
HEARTS FIVE DIAMONDS FIVE,0.3826,0.1044,0.513
HEARTS ACE HEARTS EIGHT,0.354,0.004,0.642
CLUBS FOUR DIAMONDS FIVE,0.5716,0.104,0.3244
CLUBS FIVE DIAMONDS FIVE,0.3908,0.0982,0.511
CLUBS SEVEN DIAMONDS FIVE,0.3996,0.3776,0.2228
CLUBS TWO DIAMONDS FIVE,0.5774,0.102,0.3206
CLUBS THREE DIAMONDS FIVE,0.5838,0.102,0.3142
SPADES THREE DIAMONDS FIVE,0.5818,0.092,0.3262
SPADES TWO DIAMONDS FIVE,0.588,0.0922,0.3198
SPADES JACK DIAMONDS EIGHT,0.355,0.0206,0.6244
SPADES FIVE DIAMONDS FIVE,0.3728,0.1048,0.5224
CLUBS TEN HEARTS JACK,0.349,0.0114,0.6396
SPADES TEN DIAMONDS EIGHT,0.3448,0.0252,0.63
SPADES FOUR DIAMONDS FIVE,0.5514,0.0946,0.354
CLUBS JACK HEARTS JACK,0.183,0.0424,0.7746
HEARTS JACK CLUBS QUEEN,0.349,0.0084,0.6426
CLUBS NINE DIAMONDS FIVE,0.4186,0.0436,0.5378
CLUBS EIGHT DIAMONDS FIVE,0.4008,0.0618,0.5374
HEARTS JACK CLUBS KING,0.3644,0.0078,0.6278
CLUBS ACE HEARTS JACK,0.3676,0.003,0.6294
SPADES SEVEN DIAMONDS FIVE,0.3996,0.3844,0.216
SPADES KING DIAMONDS EIGHT,0.3804,0.007,0.6126
SPADES QUEEN DIAMONDS EIGHT,0.371,0.0092,0.6198
SPADES SIX DIAMONDS FIVE,0.5586,0.2026,0.2388
SPADES NINE DIAMONDS FIVE,0.412,0.0428,0.5452
SPADES EIGHT DIAMONDS FIVE,0.4022,0.0638,0.534
SPADES ACE DIAMONDS EIGHT,0.3614,0.0036,0.635
DIAMONDS TEN DIAMONDS SIX,0.2634,0.0734,0.6632
DIAMONDS JACK DIAMONDS SIX,0.2784,0.0574,0.6642
DIAMONDS ACE DIAMONDS SIX,0.2788,0.0196,0.7016
HEARTS FOUR DIAMONDS SIX,0.5682,0.2108,0.221
SPADES TWO HEARTS JACK,0.428,0.0208,0.5512
HEARTS FIVE DIAMONDS SIX,0.5768,0.188,0.2352
SPADES TWO HEARTS TEN,0.4378,0.0266,0.5356
DIAMONDS QUEEN DIAMONDS SIX,0.2794,0.045,0.6756
HEARTS TWO DIAMONDS SIX,0.5948,0.199,0.2062
DIAMONDS KING DIAMONDS SIX,0.2732,0.0348,0.692
HEARTS THREE DIAMONDS SIX,0.5768,0.1906,0.2326
HEARTS EIGHT DIAMONDS SIX,0.2486,0.1444,0.607
HEARTS NINE DIAMONDS SIX,0.262,0.107,0.631
HEARTS SIX DIAMONDS SIX,0.3024,0.091,0.6066
HEARTS SEVEN DIAMONDS SIX,0.0196,0.9696,0.0108
CLUBS TWO DIAMONDS SIX,0.599,0.2108,0.1902
CLUBS THREE DIAMONDS SIX,0.5834,0.1992,0.2174
CLUBS SEVEN DIAMONDS SIX,0.0072,0.9852,0.0076
CLUBS JACK DIAMONDS EIGHT,0.3478,0.017,0.6352
CLUBS TEN DIAMONDS EIGHT,0.3504,0.025,0.6246
CLUBS FIVE DIAMONDS SIX,0.5552,0.1996,0.2452
CLUBS FOUR DIAMONDS SIX,0.5532,0.2044,0.2424
HEARTS ACE HEARTS JACK,0.3536,0.0034,0.643
CLUBS ACE DIAMONDS EIGHT,0.3514,0.0026,0.646
HEARTS QUEEN HEARTS JACK,0.3364,0.0104,0.6532
CLUBS KING DIAMONDS EIGHT,0.376,0.0068,0.6172
CLUBS NINE DIAMONDS SIX,0.2582,0.106,0.6358
HEARTS KING HEARTS JACK,0.344,0.007,0.649
CLUBS EIGHT DIAMONDS SIX,0.2552,0.1492,0.5956
DIAMONDS EIGHT CLUBS QUEEN,0.3618,0.0098,0.6284
SPADES TEN HEARTS KING,0.3658,0.0056,0.6286
SPADES FIVE DIAMONDS SIX,0.5772,0.1926,0.2302
HEARTS ACE SPADES TWO,0.4128,0.0036,0.5836
SPADES JACK HEARTS KING,0.375,0.0054,0.6196
SPADES FOUR DIAMONDS SIX,0.5746,0.1798,0.2456
SPADES THREE DIAMONDS SIX,0.5678,0.1896,0.2426
HEARTS QUEEN SPADES TWO,0.4448,0.0108,0.5444
SPADES ACE SPADES KING,0.3518,0.0056,0.6426
HEARTS KING SPADES TWO,0.436,0.0078,0.5562
SPADES TWO DIAMONDS SIX,0.5984,0.2004,0.2012
HEARTS TEN HEARTS EIGHT,0.3354,0.0316,0.633
SPADES NINE DIAMONDS SIX,0.2652,0.1026,0.6322
HEARTS JACK HEARTS EIGHT,0.3342,0.0178,0.648
SPADES EIGHT DIAMONDS SIX,0.249,0.1418,0.6092
SPADES SEVEN DIAMONDS SIX,0.0182,0.9728,0.009
SPADES SIX DIAMONDS SIX,0.3004,0.0898,0.6098
SPADES KING HEARTS KING,0.2058,0.0178,0.7764
SPADES QUEEN HEARTS KING,0.3598,0.0048,0.6354
CLUBS ACE CLUBS KING,0.3568,0.0068,0.6364
SPADES ACE HEARTS KING,0.3796,0.003,0.6174
SPADES ACE HEARTS JACK,0.3806,0.0026,0.6168
SPADES QUEEN HEARTS JACK,0.3346,0.008,0.6574
SPADES KING HEARTS JACK,0.3742,0.006,0.6198
SPADES TEN DIAMONDS TEN,0.1732,0.0498,0.777
SPADES JACK DIAMONDS TEN,0.3544,0.0124,0.6332
SPADES ACE DIAMONDS TEN,0.3648,0.003,0.6322
SPADES JACK HEARTS JACK,0.1892,0.0392,0.7716
SPADES TEN HEARTS JACK,0.343,0.0158,0.6412
SPADES QUEEN DIAMONDS TEN,0.358,0.0108,0.6312
SPADES KING DIAMONDS TEN,0.368,0.007,0.625
HEARTS KING DIAMONDS FIVE,0.43,0.0082,0.5618
HEARTS QUEEN DIAMONDS FIVE,0.4168,0.0114,0.5718
HEARTS ACE DIAMONDS FIVE,0.4202,0.004,0.5758
DIAMONDS FIVE HEARTS JACK,0.4232,0.0164,0.5604
HEARTS TEN DIAMONDS FIVE,0.4158,0.029,0.5552
SPADES KING CLUBS TWO,0.4446,0.0088,0.5466
HEARTS KING CLUBS KING,0.1906,0.0194,0.79
SPADES QUEEN CLUBS TWO,0.4422,0.011,0.5468
HEARTS KING CLUBS QUEEN,0.377,0.0056,0.6174
CLUBS JACK SPADES TWO,0.4384,0.0182,0.5434
SPADES ACE CLUBS TWO,0.417,0.0058,0.5772
CLUBS TEN SPADES TWO,0.4384,0.0292,0.5324
HEARTS KING CLUBS ACE,0.3742,0.0044,0.6214
SPADES TWO CLUBS KING,0.4344,0.0082,0.5574
SPADES TWO CLUBS QUEEN,0.433,0.0134,0.5536
CLUBS JACK HEARTS KING,0.365,0.006,0.629
SPADES TWO CLUBS ACE,0.416,0.0046,0.5794
CLUBS TEN HEARTS KING,0.3556,0.0064,0.638
SPADES JACK CLUBS TWO,0.4384,0.018,0.5436
SPADES TEN CLUBS TWO,0.4392,0.0302,0.5306
CLUBS TWO CLUBS QUEEN,0.411,0.0144,0.5746
CLUBS TWO CLUBS KING,0.4114,0.0062,0.5824
CLUBS THREE DIAMONDS EIGHT,0.434,0.0676,0.4984
CLUBS TWO CLUBS ACE,0.4014,0.0048,0.5938
CLUBS TWO DIAMONDS EIGHT,0.439,0.0654,0.4956
HEARTS SEVEN DIAMONDS EIGHT,0.241,0.1414,0.6176
HEARTS SIX DIAMONDS EIGHT,0.2638,0.1462,0.59
DIAMONDS EIGHT HEARTS NINE,0.3302,0.0348,0.635
CLUBS TEN CLUBS TWO,0.4114,0.0252,0.5634
HEARTS EIGHT DIAMONDS EIGHT,0.1524,0.0826,0.765
CLUBS JACK CLUBS TWO,0.4224,0.0178,0.5598
CLUBS NINE DIAMONDS EIGHT,0.328,0.0436,0.6284
CLUBS EIGHT DIAMONDS EIGHT,0.1436,0.077,0.7794
CLUBS FIVE DIAMONDS EIGHT,0.391,0.0696,0.5394
SPADES ACE SPADES THREE,0.396,0.0046,0.5994
CLUBS FOUR DIAMONDS EIGHT,0.4254,0.0682,0.5064
CLUBS SEVEN DIAMONDS EIGHT,0.2414,0.1436,0.615
SPADES QUEEN SPADES THREE,0.3982,0.0118,0.59
SPADES KING SPADES THREE,0.4094,0.0072,0.5834
DIAMONDS QUEEN DIAMONDS EIGHT,0.3524,0.0106,0.637
HEARTS TWO DIAMONDS EIGHT,0.4422,0.062,0.4958
DIAMONDS KING DIAMONDS EIGHT,0.3544,0.0064,0.6392
HEARTS THREE DIAMONDS EIGHT,0.43,0.0672,0.5028
DIAMONDS ACE DIAMONDS EIGHT,0.341,0.0048,0.6542
HEARTS FOUR DIAMONDS EIGHT,0.418,0.0664,0.5156
HEARTS FIVE DIAMONDS EIGHT,0.402,0.0698,0.5282
DIAMONDS TEN DIAMONDS EIGHT,0.339,0.0232,0.6378
DIAMONDS JACK DIAMONDS EIGHT,0.3436,0.0158,0.6406
SPADES JACK SPADES THREE,0.4104,0.0182,0.5714
SPADES TEN SPADES THREE,0.4154,0.0226,0.562
CLUBS FOUR HEARTS ACE,0.415,0.004,0.581
CLUBS FOUR HEARTS QUEEN,0.4308,0.0126,0.5566
CLUBS FOUR HEARTS KING,0.433,0.007,0.56
SPADES FOUR DIAMONDS EIGHT,0.4226,0.0656,0.5118
SPADES FIVE DIAMONDS EIGHT,0.4076,0.062,0.5304
SPADES TWO DIAMONDS EIGHT,0.4328,0.0652,0.502
SPADES THREE DIAMONDS EIGHT,0.4296,0.069,0.5014
CLUBS FOUR HEARTS JACK,0.4476,0.018,0.5344
SPADES EIGHT DIAMONDS EIGHT,0.1508,0.081,0.7682
SPADES TEN DIAMONDS QUEEN,0.3506,0.0116,0.6378
SPADES TEN HEARTS TWO,0.4388,0.0242,0.537
SPADES JACK HEARTS EIGHT,0.3654,0.0146,0.62
CLUBS FOUR HEARTS TEN,0.4372,0.0296,0.5332
SPADES NINE DIAMONDS EIGHT,0.331,0.0378,0.6312
SPADES TEN HEARTS EIGHT,0.356,0.0248,0.6192
SPADES JACK HEARTS TWO,0.4336,0.0196,0.5468
SPADES JACK DIAMONDS QUEEN,0.3508,0.0106,0.6386
SPADES SIX DIAMONDS EIGHT,0.247,0.1414,0.6116
SPADES SEVEN DIAMONDS EIGHT,0.2434,0.1442,0.6124
SPADES ACE HEARTS TWO,0.411,0.0046,0.5844
SPADES ACE DIAMONDS QUEEN,0.3586,0.0028,0.6386
SPADES ACE HEARTS EIGHT,0.3736,0.0032,0.6232
SPADES KING HEARTS EIGHT,0.3746,0.006,0.6194
SPADES QUEEN HEARTS TWO,0.4336,0.0106,0.5558
SPADES QUEEN DIAMONDS QUEEN,0.1848,0.0322,0.783
SPADES KING DIAMONDS QUEEN,0.369,0.0074,0.6236
SPADES KING HEARTS TWO,0.4494,0.009,0.5416
SPADES QUEEN HEARTS EIGHT,0.3834,0.0108,0.6058
CLUBS TWO HEARTS TEN,0.4392,0.0284,0.5324
CLUBS TWO HEARTS JACK,0.4286,0.019,0.5524
SPADES SEVEN DIAMONDS NINE,0.2504,0.1038,0.6458
SPADES SIX DIAMONDS NINE,0.2628,0.107,0.6302
SPADES NINE DIAMONDS NINE,0.168,0.0672,0.7648
SPADES EIGHT DIAMONDS NINE,0.3262,0.042,0.6318
SPADES TEN CLUBS KING,0.3724,0.0068,0.6208
DIAMONDS NINE SPADES THREE,0.427,0.044,0.529
SPADES JACK CLUBS KING,0.3798,0.0054,0.6148
DIAMONDS NINE SPADES TWO,0.4246,0.049,0.5264
SPADES FIVE DIAMONDS NINE,0.4274,0.0374,0.5352
DIAMONDS NINE SPADES FOUR,0.4216,0.0422,0.5362
CLUBS NINE DIAMONDS NINE,0.155,0.0736,0.7714
CLUBS EIGHT DIAMONDS NINE,0.3306,0.0414,0.628
SPADES JACK CLUBS FOUR,0.4302,0.0188,0.551
CLUBS SEVEN DIAMONDS NINE,0.241,0.1178,0.6412
SPADES TEN CLUBS FOUR,0.4198,0.0272,0.553
CLUBS FOUR DIAMONDS NINE,0.4238,0.0468,0.5294
CLUBS FIVE DIAMONDS NINE,0.4164,0.0428,0.5408
CLUBS TWO DIAMONDS NINE,0.4422,0.0444,0.5134
CLUBS THREE DIAMONDS NINE,0.4192,0.0414,0.5394
DIAMONDS NINE HEARTS EIGHT,0.3428,0.0338,0.6234
DIAMONDS NINE HEARTS NINE,0.167,0.069,0.764
HEARTS SIX DIAMONDS NINE,0.2514,0.1108,0.6378
HEARTS SEVEN DIAMONDS NINE,0.2598,0.1036,0.6366
CLUBS EIGHT CLUBS NINE,0.324,0.0354,0.6406
DIAMONDS ACE DIAMONDS NINE,0.3572,0.005,0.6378
HEARTS FOUR DIAMONDS NINE,0.4362,0.0416,0.5222
HEARTS FIVE DIAMONDS NINE,0.4284,0.0412,0.5304
HEARTS ACE CLUBS TWO,0.4294,0.0034,0.5672
SPADES ACE CLUBS FOUR,0.423,0.0052,0.5718
DIAMONDS NINE DIAMONDS QUEEN,0.3496,0.0098,0.6406
HEARTS TWO DIAMONDS NINE,0.428,0.0446,0.5274
CLUBS TWO HEARTS KING,0.4574,0.0086,0.534
SPADES KING CLUBS FOUR,0.4276,0.009,0.5634
DIAMONDS KING DIAMONDS NINE,0.3548,0.0054,0.6398
HEARTS THREE DIAMONDS NINE,0.4328,0.045,0.5222
CLUBS TWO HEARTS QUEEN,0.4432,0.0116,0.5452
SPADES QUEEN CLUBS FOUR,0.4432,0.0112,0.5456
DIAMONDS NINE DIAMONDS JACK,0.337,0.016,0.647
CLUBS EIGHT SPADES NINE,0.3392,0.0348,0.626
DIAMONDS TEN DIAMONDS NINE,0.3268,0.0228,0.6504
CLUBS EIGHT SPADES EIGHT,0.1552,0.0834,0.7614
CLUBS EIGHT SPADES SEVEN,0.233,0.1534,0.6136
CLUBS EIGHT SPADES SIX,0.2376,0.1364,0.626
CLUBS EIGHT SPADES FIVE,0.4036,0.0642,0.5322
CLUBS EIGHT SPADES FOUR,0.4072,0.0644,0.5284
CLUBS EIGHT SPADES THREE,0.4384,0.0654,0.4962
CLUBS EIGHT SPADES TWO,0.429,0.0658,0.5052
HEARTS SIX DIAMONDS TEN,0.2766,0.0658,0.6576
HEARTS SEVEN DIAMONDS TEN,0.2546,0.0836,0.6618
DIAMONDS TEN HEARTS EIGHT,0.3578,0.0294,0.6128
CLUBS JACK CLUBS FOUR,0.4004,0.0192,0.5804
DIAMONDS TEN HEARTS NINE,0.345,0.024,0.631
CLUBS TEN CLUBS FOUR,0.4038,0.0294,0.5668
CLUBS FOUR CLUBS KING,0.4022,0.0074,0.5904
CLUBS FOUR CLUBS QUEEN,0.3888,0.0088,0.6024
DIAMONDS TEN CLUBS TWO,0.4344,0.0298,0.5358
CLUBS THREE DIAMONDS TEN,0.4236,0.0256,0.5508
CLUBS FOUR CLUBS ACE,0.404,0.0038,0.5922
DIAMONDS TEN DIAMONDS JACK,0.3322,0.014,0.6538
DIAMONDS TEN DIAMONDS QUEEN,0.33,0.011,0.659
HEARTS TWO DIAMONDS TEN,0.4282,0.0324,0.5394
DIAMONDS KING DIAMONDS TEN,0.3512,0.0092,0.6396
HEARTS THREE DIAMONDS TEN,0.4266,0.0312,0.5422
DIAMONDS ACE DIAMONDS TEN,0.3376,0.003,0.6594
HEARTS FOUR DIAMONDS TEN,0.4184,0.0278,0.5538
CLUBS EIGHT HEARTS JACK,0.3654,0.0162,0.6184
HEARTS FIVE DIAMONDS TEN,0.4318,0.0308,0.5374
CLUBS EIGHT HEARTS TEN,0.3468,0.0284,0.6248
CLUBS EIGHT HEARTS QUEEN,0.3756,0.0108,0.6136
CLUBS EIGHT HEARTS KING,0.36,0.0062,0.6338
CLUBS EIGHT HEARTS ACE,0.3644,0.0032,0.6324
CLUBS NINE SPADES THREE,0.4312,0.0436,0.5252
CLUBS NINE SPADES TWO,0.4202,0.0476,0.5322
CLUBS NINE SPADES FIVE,0.4108,0.047,0.5422
CLUBS NINE SPADES FOUR,0.4114,0.0426,0.546
CLUBS NINE SPADES SEVEN,0.2502,0.1074,0.6424
CLUBS NINE SPADES SIX,0.2534,0.1034,0.6432
CLUBS NINE SPADES NINE,0.1618,0.0644,0.7738
CLUBS TEN HEARTS EIGHT,0.3468,0.027,0.6262
CLUBS NINE SPADES EIGHT,0.329,0.0358,0.6352
CLUBS JACK HEARTS EIGHT,0.3478,0.0158,0.6364
HEARTS EIGHT CLUBS QUEEN,0.3702,0.0122,0.6176
CLUBS KING HEARTS EIGHT,0.3726,0.0088,0.6186
CLUBS ACE HEARTS EIGHT,0.371,0.0032,0.6258
SPADES KING CLUBS KING,0.1916,0.0164,0.792
SPADES QUEEN CLUBS KING,0.377,0.0072,0.6158
SPADES ACE CLUBS KING,0.3752,0.0044,0.6204
DIAMONDS ACE HEARTS TEN,0.3616,0.004,0.6344
HEARTS FOUR HEARTS TEN,0.3928,0.0246,0.5826
DIAMONDS ACE HEARTS JACK,0.3646,0.0042,0.6312
HEARTS FOUR HEARTS JACK,0.4052,0.0134,0.5814
SPADES KING CLUBS FIVE,0.4366,0.007,0.5564
SPADES QUEEN CLUBS FIVE,0.4196,0.012,0.5684
SPADES ACE CLUBS FIVE,0.43,0.0054,0.5646
HEARTS SEVEN DIAMONDS JACK,0.2556,0.0578,0.6866
HEARTS SIX DIAMONDS JACK,0.297,0.0588,0.6442
DIAMONDS JACK HEARTS NINE,0.3584,0.0156,0.626
DIAMONDS JACK HEARTS EIGHT,0.3658,0.0142,0.62
DIAMONDS KING DIAMONDS JACK,0.3504,0.0068,0.6428
HEARTS THREE DIAMONDS JACK,0.4224,0.019,0.5586
SPADES ACE SPADES SIX,0.2748,0.0228,0.7024
HEARTS ACE SPADES FOUR,0.4196,0.004,0.5764
DIAMONDS QUEEN DIAMONDS JACK,0.3316,0.012,0.6564
HEARTS TWO DIAMONDS JACK,0.4266,0.019,0.5544
HEARTS FIVE DIAMONDS JACK,0.4192,0.0184,0.5624
SPADES QUEEN SPADES SIX,0.2722,0.043,0.6848
SPADES FOUR HEARTS QUEEN,0.4262,0.013,0.5608
DIAMONDS ACE DIAMONDS JACK,0.3472,0.0044,0.6484
HEARTS FOUR DIAMONDS JACK,0.4196,0.0154,0.565
SPADES KING SPADES SIX,0.2738,0.0338,0.6924
SPADES FOUR HEARTS KING,0.4298,0.0074,0.5628
SPADES TEN SPADES SIX,0.267,0.0686,0.6644
SPADES JACK SPADES SIX,0.2786,0.0528,0.6686
SPADES FOUR DIAMONDS JACK,0.4224,0.0216,0.556
SPADES FIVE DIAMONDS JACK,0.4166,0.0198,0.5636
DIAMONDS JACK SPADES TWO,0.4344,0.0162,0.5494
SPADES THREE DIAMONDS JACK,0.421,0.0218,0.5572
SPADES ACE DIAMONDS THREE,0.4242,0.0046,0.5712
CLUBS EIGHT DIAMONDS JACK,0.341,0.0196,0.6394
SPADES QUEEN DIAMONDS THREE,0.4404,0.0134,0.5462
SPADES KING DIAMONDS THREE,0.4402,0.0098,0.55
CLUBS NINE DIAMONDS JACK,0.3496,0.0162,0.6342
CLUBS SEVEN DIAMONDS JACK,0.2636,0.0572,0.6792
CLUBS FOUR DIAMONDS JACK,0.4216,0.0178,0.5606
CLUBS FIVE DIAMONDS JACK,0.412,0.0158,0.5722
CLUBS TWO DIAMONDS JACK,0.4296,0.0196,0.5508
CLUBS THREE DIAMONDS JACK,0.436,0.0208,0.5432
SPADES TEN CLUBS FIVE,0.431,0.0276,0.5414
SPADES JACK HEARTS SIX,0.29,0.0514,0.6586
HEARTS SIX SPADES TEN,0.2996,0.0762,0.6242
SPADES JACK CLUBS FIVE,0.4224,0.0222,0.5554
SPADES JACK DIAMONDS THREE,0.4348,0.0178,0.5474
CLUBS SEVEN CLUBS ACE,0.265,0.0228,0.7122
DIAMONDS THREE SPADES TEN,0.4318,0.0282,0.54
CLUBS SEVEN CLUBS QUEEN,0.2772,0.0442,0.6786
CLUBS SEVEN CLUBS KING,0.263,0.0366,0.7004
SPADES NINE DIAMONDS JACK,0.3602,0.0162,0.6236
CLUBS TEN CLUBS SEVEN,0.2616,0.0752,0.6632
DIAMONDS ACE HEARTS ACE,0.1758,0.0036,0.8206
HEARTS FOUR HEARTS ACE,0.3916,0.0054,0.603
SPADES EIGHT DIAMONDS JACK,0.3508,0.0168,0.6324
SPADES ACE HEARTS SIX,0.303,0.0214,0.6756
CLUBS JACK CLUBS SEVEN,0.2694,0.0626,0.668
DIAMONDS ACE HEARTS KING,0.386,0.005,0.609
HEARTS FOUR HEARTS KING,0.4084,0.0064,0.5852
SPADES SEVEN DIAMONDS JACK,0.2716,0.0604,0.668
SPADES KING HEARTS SIX,0.2936,0.0328,0.6736
DIAMONDS ACE HEARTS QUEEN,0.3632,0.0044,0.6324
HEARTS FOUR HEARTS QUEEN,0.406,0.0124,0.5816
SPADES QUEEN HEARTS SIX,0.2892,0.0416,0.6692
SPADES SIX DIAMONDS JACK,0.2938,0.0524,0.6538
DIAMONDS TEN SPADES TWO,0.4322,0.0246,0.5432
DIAMONDS TEN SPADES THREE,0.4208,0.0296,0.5496
DIAMONDS TEN SPADES FOUR,0.4204,0.0274,0.5522
DIAMONDS TEN SPADES FIVE,0.427,0.027,0.546
SPADES SIX DIAMONDS TEN,0.2764,0.0766,0.647
SPADES SEVEN DIAMONDS TEN,0.2654,0.0796,0.655
SPADES EIGHT DIAMONDS TEN,0.3448,0.0246,0.6306
SPADES NINE DIAMONDS TEN,0.3392,0.0292,0.6316
CLUBS FOUR DIAMONDS TEN,0.4252,0.031,0.5438
CLUBS FIVE DIAMONDS TEN,0.4252,0.028,0.5468
CLUBS SEVEN DIAMONDS TEN,0.2606,0.0756,0.6638
CLUBS EIGHT DIAMONDS TEN,0.349,0.0266,0.6244
CLUBS NINE DIAMONDS TEN,0.3378,0.0266,0.6356
CLUBS JACK DIAMONDS THREE,0.423,0.0174,0.5596
CLUBS TEN DIAMONDS THREE,0.4246,0.0302,0.5452
DIAMONDS THREE CLUBS KING,0.42,0.009,0.571
DIAMONDS THREE CLUBS QUEEN,0.4166,0.0122,0.5712
DIAMONDS THREE CLUBS ACE,0.4248,0.005,0.5702
SPADES FOUR HEARTS JACK,0.42,0.0176,0.5624
SPADES FOUR HEARTS TEN,0.4262,0.029,0.5448
SPADES FIVE SPADES TWO,0.556,0.0804,0.3636
SPADES FOUR SPADES TWO,0.5468,0.0914,0.3618
SPADES THREE SPADES TWO,0.5412,0.0966,0.3622
SPADES NINE SPADES TWO,0.4046,0.0418,0.5536
SPADES EIGHT SPADES TWO,0.4084,0.0634,0.5282
SPADES SEVEN SPADES TWO,0.3898,0.3334,0.2768
SPADES SIX SPADES TWO,0.544,0.1938,0.2622
CLUBS THREE DIAMONDS QUEEN,0.4326,0.0148,0.5526
CLUBS THREE HEARTS TWO,0.578,0.0982,0.3238
CLUBS TWO DIAMONDS QUEEN,0.4336,0.0132,0.5532
HEARTS TWO CLUBS TWO,0.4132,0.1112,0.4756
HEARTS SEVEN DIAMONDS QUEEN,0.2726,0.047,0.6804
HEARTS SEVEN HEARTS TWO,0.3858,0.35,0.2642
HEARTS SIX DIAMONDS QUEEN,0.2782,0.0454,0.6764
HEARTS SIX HEARTS TWO,0.5444,0.1812,0.2744
DIAMONDS QUEEN HEARTS NINE,0.363,0.0114,0.6256
HEARTS TWO HEARTS NINE,0.406,0.043,0.551
DIAMONDS QUEEN HEARTS EIGHT,0.3742,0.0106,0.6152
HEARTS TWO HEARTS EIGHT,0.4128,0.0624,0.5248
CLUBS NINE HEARTS TWO,0.4432,0.0428,0.514
CLUBS NINE DIAMONDS QUEEN,0.3528,0.0144,0.6328
CLUBS EIGHT DIAMONDS QUEEN,0.3612,0.0094,0.6294
CLUBS EIGHT HEARTS TWO,0.4298,0.0696,0.5006
CLUBS FIVE DIAMONDS QUEEN,0.4378,0.0142,0.548
CLUBS FIVE HEARTS TWO,0.59,0.095,0.315
SPADES EIGHT HEARTS ACE,0.367,0.0034,0.6296
CLUBS FOUR DIAMONDS QUEEN,0.4192,0.0144,0.5664
CLUBS FOUR HEARTS TWO,0.5822,0.1012,0.3166
CLUBS SEVEN DIAMONDS QUEEN,0.2828,0.0456,0.6716
CLUBS SEVEN HEARTS TWO,0.402,0.3752,0.2228
SPADES EIGHT HEARTS QUEEN,0.381,0.0092,0.6098
SPADES EIGHT HEARTS KING,0.3752,0.0048,0.62
HEARTS TWO SPADES SIX,0.594,0.185,0.221
SPADES SIX DIAMONDS QUEEN,0.2964,0.0442,0.6594
HEARTS FOUR CLUBS QUEEN,0.4086,0.0118,0.5796
DIAMONDS ACE CLUBS QUEEN,0.3472,0.0042,0.6486
SPADES SEVEN DIAMONDS QUEEN,0.2776,0.0496,0.6728
SPADES SEVEN HEARTS TWO,0.42,0.3666,0.2134
HEARTS FOUR CLUBS KING,0.4244,0.0082,0.5674
DIAMONDS ACE CLUBS KING,0.355,0.0038,0.6412
SPADES EIGHT DIAMONDS QUEEN,0.369,0.0102,0.6208
SPADES EIGHT HEARTS TWO,0.444,0.0654,0.4906
HEARTS FOUR CLUBS ACE,0.4014,0.0036,0.595
DIAMONDS ACE CLUBS ACE,0.1698,0.0054,0.8248
SPADES NINE DIAMONDS QUEEN,0.3746,0.0114,0.614
SPADES NINE HEARTS TWO,0.4442,0.0404,0.5154
HEARTS TWO SPADES TWO,0.4088,0.1062,0.485
DIAMONDS QUEEN SPADES TWO,0.438,0.01,0.552
HEARTS TWO SPADES THREE,0.572,0.0974,0.3306
DIAMONDS QUEEN SPADES THREE,0.439,0.011,0.55
HEARTS TWO SPADES FOUR,0.574,0.0958,0.3302
SPADES FOUR DIAMONDS QUEEN,0.4284,0.0128,0.5588
CLUBS TEN HEARTS FOUR,0.4252,0.0272,0.5476
CLUBS TEN DIAMONDS ACE,0.3668,0.005,0.6282
HEARTS TWO SPADES FIVE,0.5812,0.0972,0.3216
SPADES FIVE DIAMONDS QUEEN,0.4162,0.0134,0.5704
CLUBS JACK HEARTS FOUR,0.42,0.0198,0.5602
CLUBS JACK DIAMONDS ACE,0.3528,0.0052,0.642
CLUBS FIVE CLUBS KING,0.4022,0.0082,0.5896
CLUBS FIVE CLUBS QUEEN,0.404,0.011,0.585
CLUBS FIVE CLUBS ACE,0.3964,0.005,0.5986
CLUBS JACK CLUBS FIVE,0.394,0.0198,0.5862
CLUBS TEN CLUBS FIVE,0.403,0.0272,0.5698
SPADES KING CLUBS JACK,0.3664,0.0066,0.627
CLUBS JACK SPADES QUEEN,0.3408,0.0122,0.647
SPADES ACE CLUBS JACK,0.375,0.0046,0.6204
SPADES SIX CLUBS KING,0.2842,0.0342,0.6816
SPADES SIX CLUBS QUEEN,0.2884,0.0464,0.6652
SPADES EIGHT HEARTS JACK,0.3656,0.0164,0.618
SPADES SIX CLUBS ACE,0.2894,0.0196,0.691
SPADES EIGHT HEARTS TEN,0.3588,0.0248,0.6164
CLUBS JACK SPADES SIX,0.2844,0.0546,0.661
CLUBS TEN SPADES SIX,0.2932,0.0696,0.6372
CLUBS JACK SPADES TEN,0.3536,0.0156,0.6308
CLUBS JACK SPADES JACK,0.1804,0.0392,0.7804
SPADES QUEEN CLUBS SEVEN,0.282,0.0442,0.6738
SPADES KING CLUBS SEVEN,0.2876,0.0346,0.6778
SPADES ACE CLUBS SEVEN,0.2746,0.0282,0.6972
SPADES SIX HEARTS TEN,0.2844,0.0806,0.635
SPADES SIX HEARTS JACK,0.2904,0.056,0.6536
SPADES SIX HEARTS ACE,0.3066,0.022,0.6714
SPADES SIX HEARTS KING,0.2856,0.0328,0.6816
SPADES SIX HEARTS QUEEN,0.3002,0.0436,0.6562
SPADES JACK CLUBS SEVEN,0.2692,0.0576,0.6732
SPADES TEN CLUBS SEVEN,0.2614,0.0818,0.6568
CLUBS TEN HEARTS SIX,0.2842,0.0726,0.6432
CLUBS JACK HEARTS SIX,0.2844,0.0554,0.6602
CLUBS JACK CLUBS ACE,0.3404,0.0038,0.6558
HEARTS SIX CLUBS QUEEN,0.2752,0.0416,0.6832
HEARTS SIX CLUBS KING,0.287,0.025,0.688
HEARTS SIX CLUBS ACE,0.2876,0.0214,0.691
CLUBS JACK CLUBS QUEEN,0.3282,0.0102,0.6616
CLUBS JACK CLUBS KING,0.353,0.0066,0.6404
DIAMONDS THREE HEARTS ACE,0.4186,0.005,0.5764
DIAMONDS THREE HEARTS QUEEN,0.4336,0.0106,0.5558
DIAMONDS THREE HEARTS KING,0.432,0.011,0.557
CLUBS FIVE HEARTS JACK,0.4094,0.0198,0.5708
SPADES TEN DIAMONDS ACE,0.3524,0.0038,0.6438
HEARTS FOUR SPADES TEN,0.4354,0.0242,0.5404
CLUBS FIVE HEARTS TEN,0.4348,0.03,0.5352
HEARTS FOUR SPADES JACK,0.4124,0.018,0.5696
SPADES JACK DIAMONDS ACE,0.37,0.0038,0.6262
SPADES ACE HEARTS FOUR,0.4248,0.0052,0.57
SPADES ACE DIAMONDS ACE,0.188,0.0032,0.8088
CLUBS FIVE HEARTS ACE,0.416,0.0048,0.5792
CLUBS FIVE HEARTS KING,0.4248,0.0102,0.565
HEARTS FOUR SPADES QUEEN,0.4258,0.0106,0.5636
SPADES QUEEN DIAMONDS ACE,0.362,0.0028,0.6352
CLUBS JACK SPADES FOUR,0.4202,0.0236,0.5562
CLUBS FIVE HEARTS QUEEN,0.4352,0.009,0.5558
SPADES KING DIAMONDS ACE,0.3572,0.0028,0.64
SPADES KING HEARTS FOUR,0.4352,0.0066,0.5582
CLUBS TEN SPADES FOUR,0.4308,0.0304,0.5388
DIAMONDS ACE DIAMONDS QUEEN,0.3486,0.0036,0.6478
DIAMONDS ACE HEARTS TWO,0.416,0.0044,0.5796
HEARTS FOUR DIAMONDS QUEEN,0.4276,0.0136,0.5588
HEARTS FOUR HEARTS TWO,0.5376,0.0888,0.3736
DIAMONDS THREE HEARTS TEN,0.4292,0.0298,0.541
SPADES FOUR CLUBS KING,0.4214,0.007,0.5716
HEARTS FIVE DIAMONDS QUEEN,0.4172,0.0136,0.5692
HEARTS FIVE HEARTS TWO,0.545,0.097,0.358
DIAMONDS THREE HEARTS JACK,0.4314,0.0208,0.5478
SPADES FOUR CLUBS QUEEN,0.4258,0.014,0.5602
HEARTS TWO DIAMONDS QUEEN,0.4354,0.0146,0.55
DIAMONDS KING DIAMONDS QUEEN,0.343,0.0088,0.6482
DIAMONDS KING HEARTS TWO,0.4336,0.0098,0.5566
HEARTS THREE DIAMONDS QUEEN,0.4284,0.0108,0.5608
HEARTS THREE HEARTS TWO,0.5436,0.0912,0.3652
SPADES FOUR CLUBS ACE,0.4194,0.0038,0.5768
HEARTS TWO CLUBS ACE,0.4152,0.0044,0.5804
DIAMONDS QUEEN CLUBS ACE,0.356,0.0052,0.6388
HEARTS TWO CLUBS QUEEN,0.4352,0.0126,0.5522
DIAMONDS QUEEN CLUBS QUEEN,0.1816,0.0308,0.7876
HEARTS TWO CLUBS KING,0.434,0.0086,0.5574
DIAMONDS QUEEN CLUBS KING,0.3644,0.0056,0.63
SPADES EIGHT SPADES FIVE,0.3868,0.05,0.5632
CLUBS TEN HEARTS TWO,0.4468,0.0314,0.5218
CLUBS TEN DIAMONDS QUEEN,0.361,0.0104,0.6286
SPADES NINE SPADES FIVE,0.4022,0.0476,0.5502
CLUBS JACK HEARTS TWO,0.437,0.0222,0.5408
CLUBS JACK DIAMONDS QUEEN,0.3504,0.0084,0.6412
SPADES SIX SPADES FIVE,0.5278,0.1808,0.2914
SPADES SEVEN SPADES FIVE,0.3724,0.3606,0.267
DIAMONDS FIVE CLUBS QUEEN,0.41,0.0134,0.5766
SPADES EIGHT CLUBS ACE,0.3688,0.0052,0.626
DIAMONDS FIVE CLUBS KING,0.4284,0.0058,0.5658
SPADES EIGHT CLUBS KING,0.3832,0.006,0.6108
DIAMONDS FIVE CLUBS ACE,0.4126,0.0032,0.5842
SPADES EIGHT CLUBS QUEEN,0.3692,0.0102,0.6206
CLUBS JACK SPADES EIGHT,0.3434,0.0162,0.6404
CLUBS TEN SPADES EIGHT,0.3432,0.024,0.6328
CLUBS TEN DIAMONDS FIVE,0.4264,0.032,0.5416
CLUBS JACK DIAMONDS FIVE,0.4162,0.0204,0.5634
DIAMONDS TEN HEARTS JACK,0.354,0.0152,0.6308
DIAMONDS TEN HEARTS TEN,0.1756,0.048,0.7764
SPADES ACE CLUBS NINE,0.369,0.004,0.627
SPADES QUEEN CLUBS NINE,0.3578,0.0094,0.6328
SPADES KING CLUBS NINE,0.366,0.0054,0.6286
HEARTS SIX HEARTS KING,0.2662,0.0272,0.7066
DIAMONDS KING SPADES SEVEN,0.276,0.0358,0.6882
HEARTS THREE SPADES SEVEN,0.4064,0.3636,0.23
HEARTS SIX HEARTS QUEEN,0.285,0.0378,0.6772
HEARTS THREE SPADES SIX,0.5646,0.1986,0.2368
DIAMONDS KING SPADES SIX,0.2984,0.031,0.6706
SPADES NINE DIAMONDS KING,0.3732,0.0084,0.6184
SPADES NINE HEARTS THREE,0.4314,0.0418,0.5268
HEARTS SIX HEARTS ACE,0.2644,0.0228,0.7128
DIAMONDS KING SPADES EIGHT,0.3644,0.0094,0.6262
SPADES EIGHT HEARTS THREE,0.4294,0.0618,0.5088
CLUBS NINE HEARTS THREE,0.4222,0.0434,0.5344
CLUBS NINE DIAMONDS KING,0.3682,0.0088,0.623
CLUBS EIGHT DIAMONDS KING,0.3632,0.0088,0.628
CLUBS EIGHT HEARTS THREE,0.4328,0.068,0.4992
HEARTS THREE SPADES THREE,0.3872,0.1172,0.4956
DIAMONDS KING SPADES THREE,0.4364,0.0052,0.5584
HEARTS THREE SPADES TWO,0.5798,0.0936,0.3266
DIAMONDS KING SPADES TWO,0.4384,0.0092,0.5524
HEARTS THREE SPADES FIVE,0.5784,0.0918,0.3298
DIAMONDS KING SPADES FIVE,0.42,0.0078,0.5722
HEARTS THREE SPADES FOUR,0.567,0.0946,0.3384
DIAMONDS KING SPADES FOUR,0.4178,0.0104,0.5718
DIAMONDS KING CLUBS TWO,0.446,0.0084,0.5456
HEARTS THREE CLUBS TWO,0.5838,0.1002,0.316
DIAMONDS KING CLUBS THREE,0.4282,0.0098,0.562
CLUBS THREE HEARTS THREE,0.3956,0.105,0.4994
