opposingHand,winningChance,drawChance,lostChance
CLUBS SEVEN SPADES NINE
DIAMONDS KING DIAMONDS EIGHT,0.3654,0.0078,0.6268
CLUBS NINE DIAMONDS ACE,0.2588,0.0242,0.717
DIAMONDS THREE CLUBS TWO,0.6238,0.0424,0.3338
DIAMONDS NINE HEARTS JACK,0.2516,0.0596,0.6888
CLUBS NINE DIAMONDS QUEEN,0.2604,0.0396,0.7
DIAMONDS THREE SPADES JACK,0.4308,0.0196,0.5496
CLUBS THREE CLUBS JACK,0.4168,0.0178,0.5654
HEARTS ACE SPADES TWO,0.4254,0.0066,0.568
SPADES FIVE HEARTS NINE,0.4842,0.2986,0.2172
CLUBS ACE HEARTS NINE,0.2756,0.0224,0.702
DIAMONDS TEN DIAMONDS SIX,0.384,0.0208,0.5952
SPADES ACE CLUBS SIX,0.4216,0.0042,0.5742
SPADES SEVEN SPADES SIX,0.6118,0.1062,0.282
HEARTS KING DIAMONDS SEVEN,0.283,0.0306,0.6864
HEARTS THREE CLUBS TWO,0.624,0.0492,0.3268
SPADES KING CLUBS EIGHT,0.382,0.009,0.609
CLUBS NINE CLUBS KING,0.2566,0.0344,0.709
DIAMONDS THREE CLUBS KING,0.4154,0.007,0.5776
SPADES FIVE HEARTS KING,0.4322,0.0086,0.5592
CLUBS KING HEARTS NINE,0.2618,0.033,0.7052
DIAMONDS TWO HEARTS TEN,0.4396,0.026,0.5344
HEARTS FOUR DIAMONDS FIVE,0.5956,0.0422,0.3622
HEARTS FIVE DIAMONDS EIGHT,0.599,0.042,0.359
SPADES KING HEARTS THREE,0.4392,0.0098,0.551
HEARTS KING CLUBS KING,0.183,0.0094,0.8076
DIAMONDS TWO SPADES TWO,0.4388,0.0716,0.4896
SPADES QUEEN CLUBS FOUR,0.428,0.012,0.56
CLUBS NINE HEARTS EIGHT,0.2252,0.217,0.5578
DIAMONDS EIGHT HEARTS SEVEN,0.6424,0.1004,0.2572
HEARTS THREE CLUBS FIVE,0.6154,0.0474,0.3372
HEARTS FIVE HEARTS FOUR,0.5592,0.0392,0.4016
CLUBS EIGHT CLUBS TWO,0.6044,0.0446,0.351
DIAMONDS JACK CLUBS KING,0.3492,0.0088,0.642
SPADES ACE SPADES EIGHT,0.3662,0.0034,0.6304
HEARTS QUEEN DIAMONDS NINE,0.2546,0.0456,0.6998
CLUBS THREE DIAMONDS EIGHT,0.6392,0.0436,0.3172
DIAMONDS FIVE CLUBS JACK,0.4136,0.0174,0.569
DIAMONDS JACK HEARTS EIGHT,0.3748,0.0164,0.6088
HEARTS TWO SPADES SIX,0.6594,0.0392,0.3014
SPADES FIVE DIAMONDS SIX,0.608,0.0386,0.3534
SPADES SIX DIAMONDS JACK,0.424,0.0176,0.5584
DIAMONDS THREE DIAMONDS SEVEN,0.6144,0.0992,0.2864
SPADES SEVEN SPADES TWO,0.6376,0.1102,0.2522
CLUBS TWO SPADES TWO,0.4418,0.0686,0.4896
CLUBS SIX DIAMONDS SIX,0.4116,0.0632,0.5252
SPADES QUEEN DIAMONDS EIGHT,0.3646,0.0102,0.6252
SPADES JACK DIAMONDS KING,0.3486,0.0082,0.6432
CLUBS SIX HEARTS EIGHT,0.6078,0.0386,0.3536
SPADES SEVEN DIAMONDS JACK,0.2714,0.0564,0.6722
HEARTS FOUR SPADES FOUR,0.4334,0.0692,0.4974
DIAMONDS TWO CLUBS KING,0.4368,0.0096,0.5536
CLUBS FIVE DIAMONDS EIGHT,0.6012,0.0412,0.3576
SPADES KING CLUBS KING,0.1696,0.0162,0.8142
CLUBS TWO HEARTS QUEEN,0.446,0.0126,0.5414
HEARTS FOUR CLUBS FIVE,0.5964,0.0408,0.3628
SPADES ACE SPADES QUEEN,0.3288,0.0044,0.6668
CLUBS EIGHT CLUBS ACE,0.378,0.0062,0.6158
HEARTS FOUR DIAMONDS JACK,0.433,0.0174,0.5496
DIAMONDS TWO DIAMONDS EIGHT,0.6036,0.0342,0.3622
CLUBS FIVE SPADES FOUR,0.6122,0.0412,0.3466
DIAMONDS QUEEN DIAMONDS SIX,0.3732,0.0116,0.6152
DIAMONDS NINE DIAMONDS SEVEN,0.0238,0.9072,0.069
SPADES TEN HEARTS TEN,0.155,0.0378,0.8072
HEARTS KING DIAMONDS FIVE,0.4262,0.006,0.5678
HEARTS THREE DIAMONDS QUEEN,0.4318,0.0114,0.5568
CLUBS FOUR DIAMONDS FOUR,0.4356,0.063,0.5014
HEARTS JACK DIAMONDS FOUR,0.431,0.013,0.556
CLUBS KING DIAMONDS FIVE,0.4242,0.0066,0.5692
SPADES KING HEARTS JACK,0.3504,0.0082,0.6414
DIAMONDS TWO SPADES SEVEN,0.6648,0.1132,0.222
SPADES FOUR HEARTS EIGHT,0.6296,0.039,0.3314
CLUBS NINE DIAMONDS JACK,0.2408,0.0554,0.7038
DIAMONDS KING CLUBS ACE,0.3556,0.0034,0.641
CLUBS TWO DIAMONDS TEN,0.4332,0.0228,0.544
CLUBS TWO HEARTS JACK,0.4386,0.0176,0.5438
SPADES TEN DIAMONDS FOUR,0.4256,0.0244,0.55
DIAMONDS ACE DIAMONDS SIX,0.3868,0.0032,0.61
SPADES QUEEN DIAMONDS TEN,0.332,0.0108,0.6572
SPADES EIGHT CLUBS KING,0.392,0.0078,0.6002
SPADES TEN SPADES TWO,0.4278,0.0248,0.5474
CLUBS TEN HEARTS FIVE,0.4236,0.028,0.5484
DIAMONDS JACK DIAMONDS SIX,0.3902,0.0164,0.5934
HEARTS JACK CLUBS QUEEN,0.3462,0.011,0.6428
SPADES QUEEN SPADES FIVE,0.3914,0.0112,0.5974
SPADES FIVE DIAMONDS FIVE,0.4102,0.0722,0.5176
HEARTS FOUR CLUBS KING,0.4318,0.0076,0.5606
SPADES KING DIAMONDS JACK,0.3508,0.0064,0.6428
CLUBS QUEEN CLUBS JACK,0.319,0.0102,0.6708
DIAMONDS KING DIAMONDS FOUR,0.4148,0.0058,0.5794
SPADES TEN SPADES SEVEN,0.249,0.072,0.679
CLUBS SIX SPADES FIVE,0.6078,0.0522,0.34
CLUBS THREE HEARTS QUEEN,0.4424,0.0134,0.5442
HEARTS SIX DIAMONDS FIVE,0.5976,0.0418,0.3606
HEARTS JACK CLUBS JACK,0.1652,0.0326,0.8022
CLUBS EIGHT HEARTS SEVEN,0.6418,0.1004,0.2578
HEARTS FIVE DIAMONDS SIX,0.603,0.0412,0.3558
CLUBS NINE CLUBS ACE,0.2544,0.0222,0.7234
DIAMONDS TWO CLUBS THREE,0.6218,0.0482,0.33
CLUBS THREE SPADES FIVE,0.6188,0.0412,0.34
CLUBS FOUR SPADES FIVE,0.614,0.0478,0.3382
SPADES THREE HEARTS SEVEN,0.6448,0.1132,0.242
CLUBS FIVE DIAMONDS KING,0.418,0.0082,0.5738
CLUBS EIGHT HEARTS ACE,0.3938,0.0034,0.6028
SPADES SEVEN DIAMONDS FOUR,0.6596,0.1096,0.2308
HEARTS SIX SPADES FIVE,0.6034,0.0432,0.3534
DIAMONDS QUEEN DIAMONDS TEN,0.3162,0.0088,0.675
SPADES TEN DIAMONDS EIGHT,0.3652,0.0256,0.6092
HEARTS FOUR CLUBS JACK,0.419,0.0204,0.5606
SPADES QUEEN HEARTS ACE,0.364,0.0044,0.6316
HEARTS QUEEN CLUBS QUEEN,0.1748,0.0272,0.798
HEARTS KING HEARTS JACK,0.3366,0.0072,0.6562
CLUBS SIX SPADES SIX,0.4114,0.0626,0.526
SPADES FOUR DIAMONDS SIX,0.6302,0.0438,0.326
DIAMONDS JACK DIAMONDS TEN,0.314,0.0136,0.6724
HEARTS FOUR DIAMONDS NINE,0.497,0.2902,0.2128
HEARTS THREE DIAMONDS SEVEN,0.6494,0.1132,0.2374
CLUBS SIX DIAMONDS SEVEN,0.6314,0.1076,0.261
HEARTS TEN DIAMONDS FIVE,0.4096,0.0264,0.564
CLUBS FIVE SPADES EIGHT,0.6262,0.0408,0.333
DIAMONDS KING HEARTS ACE,0.3616,0.0024,0.636
CLUBS TWO DIAMONDS NINE,0.4822,0.3078,0.21
HEARTS SIX HEARTS THREE,0.588,0.04,0.372
SPADES TEN DIAMONDS FIVE,0.4152,0.027,0.5578
DIAMONDS NINE HEARTS NINE,0.135,0.0642,0.8008
CLUBS QUEEN HEARTS EIGHT,0.3722,0.0108,0.617
HEARTS TWO CLUBS FOUR,0.6324,0.043,0.3246
CLUBS FIVE CLUBS THREE,0.5806,0.0454,0.374
HEARTS TWO DIAMONDS SIX,0.6494,0.0404,0.3102
HEARTS FIVE SPADES TWO,0.6262,0.0446,0.3292
HEARTS SIX CLUBS FOUR,0.62,0.0448,0.3352
SPADES FIVE DIAMONDS FOUR,0.6062,0.043,0.3508
SPADES ACE HEARTS QUEEN,0.3462,0.003,0.6508
HEARTS FIVE SPADES SEVEN,0.653,0.1076,0.2394
CLUBS TEN HEARTS EIGHT,0.3672,0.0262,0.6066
CLUBS TWO CLUBS JACK,0.4086,0.0166,0.5748
SPADES QUEEN CLUBS FIVE,0.4122,0.0128,0.575
CLUBS SIX CLUBS FOUR,0.5964,0.0414,0.3622
DIAMONDS ACE DIAMONDS JACK,0.3408,0.0034,0.6558
SPADES TEN CLUBS THREE,0.4216,0.0272,0.5512
DIAMONDS NINE CLUBS KING,0.2636,0.0364,0.7
DIAMONDS KING HEARTS NINE,0.2614,0.029,0.7096
CLUBS NINE SPADES SEVEN,0.0078,0.9832,0.009
CLUBS NINE HEARTS JACK,0.2508,0.056,0.6932
HEARTS QUEEN DIAMONDS SIX,0.4268,0.012,0.5612
HEARTS ACE HEARTS JACK,0.3438,0.0056,0.6506
SPADES EIGHT CLUBS ACE,0.3828,0.0032,0.614
HEARTS FIVE SPADES JACK,0.42,0.0212,0.5588
HEARTS EIGHT DIAMONDS FIVE,0.622,0.0368,0.3412
SPADES QUEEN HEARTS EIGHT,0.3706,0.0098,0.6196
SPADES SEVEN HEARTS EIGHT,0.6558,0.1054,0.2388
CLUBS SIX CLUBS ACE,0.389,0.0046,0.6064
CLUBS THREE HEARTS SEVEN,0.6646,0.1036,0.2318
SPADES ACE HEARTS FIVE,0.4118,0.0038,0.5844
HEARTS SEVEN DIAMONDS FOUR,0.653,0.101,0.246
DIAMONDS SIX DIAMONDS FIVE,0.5728,0.0386,0.3886
SPADES KING HEARTS FOUR,0.4282,0.0078,0.564
HEARTS TWO CLUBS TWO,0.4268,0.0742,0.499
HEARTS FOUR HEARTS JACK,0.4208,0.0174,0.5618
DIAMONDS THREE SPADES SEVEN,0.6596,0.109,0.2314
HEARTS FIVE DIAMONDS KING,0.422,0.008,0.57
CLUBS FOUR SPADES SEVEN,0.6592,0.1144,0.2264
CLUBS SIX CLUBS FIVE,0.5864,0.0378,0.3758
SPADES ACE SPADES FIVE,0.4036,0.0042,0.5922
CLUBS TEN CLUBS EIGHT,0.3386,0.0272,0.6342
CLUBS SIX DIAMONDS FOUR,0.6192,0.041,0.3398
SPADES EIGHT DIAMONDS SIX,0.6114,0.037,0.3516
DIAMONDS QUEEN HEARTS ACE,0.3602,0.004,0.6358
DIAMONDS ACE DIAMONDS QUEEN,0.3318,0.0052,0.663
SPADES THREE HEARTS NINE,0.481,0.3008,0.2182
HEARTS FIVE DIAMONDS FOUR,0.5994,0.038,0.3626
DIAMONDS KING DIAMONDS QUEEN,0.34,0.0048,0.6552
HEARTS ACE HEARTS TEN,0.324,0.0038,0.6722
SPADES JACK CLUBS ACE,0.3454,0.0038,0.6508
CLUBS EIGHT SPADES TEN,0.35,0.0256,0.6244
DIAMONDS TWO HEARTS FOUR,0.619,0.043,0.338
HEARTS ACE HEARTS NINE,0.2526,0.022,0.7254
HEARTS FOUR HEARTS NINE,0.4516,0.2766,0.2718
SPADES JACK HEARTS TWO,0.4312,0.0202,0.5486
HEARTS THREE DIAMONDS NINE,0.4886,0.294,0.2174
DIAMONDS THREE DIAMONDS FIVE,0.5632,0.0398,0.397
DIAMONDS TWO CLUBS SIX,0.6374,0.0518,0.3108
CLUBS FIVE HEARTS EIGHT,0.6204,0.042,0.3376
CLUBS FIVE SPADES SEVEN,0.6476,0.107,0.2454
SPADES EIGHT CLUBS FOUR,0.6278,0.0444,0.3278
SPADES QUEEN HEARTS QUEEN,0.1708,0.0206,0.8086
SPADES FOUR DIAMONDS EIGHT,0.6284,0.0384,0.3332
HEARTS THREE HEARTS KING,0.4066,0.0078,0.5856
HEARTS QUEEN HEARTS TEN,0.318,0.0072,0.6748
CLUBS NINE CLUBS SIX,0.4606,0.281,0.2584
DIAMONDS QUEEN CLUBS QUEEN,0.172,0.0232,0.8048
SPADES SIX HEARTS EIGHT,0.6096,0.0374,0.353
SPADES FIVE DIAMONDS SEVEN,0.6512,0.1062,0.2426
CLUBS TEN SPADES THREE,0.4414,0.0308,0.5278
DIAMONDS TWO DIAMONDS ACE,0.4122,0.0024,0.5854
HEARTS SIX SPADES THREE,0.6396,0.0404,0.32
SPADES TWO HEARTS NINE,0.4954,0.292,0.2126
CLUBS TEN CLUBS ACE,0.3366,0.0044,0.659
CLUBS FOUR DIAMONDS FIVE,0.6092,0.0422,0.3486
DIAMONDS TWO DIAMONDS TEN,0.4106,0.0252,0.5642
SPADES EIGHT SPADES THREE,0.6126,0.0408,0.3466
CLUBS ACE CLUBS KING,0.34,0.0064,0.6536
SPADES EIGHT HEARTS KING,0.3846,0.006,0.6094
DIAMONDS TEN DIAMONDS FIVE,0.3918,0.0248,0.5834
DIAMONDS ACE CLUBS KING,0.3542,0.0042,0.6416
DIAMONDS THREE CLUBS THREE,0.4358,0.0678,0.4964
SPADES JACK DIAMONDS ACE,0.3614,0.0042,0.6344
DIAMONDS KING SPADES FIVE,0.4282,0.0076,0.5642
CLUBS NINE SPADES EIGHT,0.2196,0.2382,0.5422
DIAMONDS SEVEN HEARTS EIGHT,0.6614,0.0942,0.2444
CLUBS EIGHT DIAMONDS JACK,0.3694,0.0172,0.6134
DIAMONDS TWO HEARTS KING,0.4374,0.0064,0.5562
HEARTS FOUR HEARTS TEN,0.4032,0.0278,0.569
HEARTS FIVE CLUBS QUEEN,0.4094,0.0128,0.5778
HEARTS FOUR SPADES THREE,0.6128,0.0406,0.3466
SPADES THREE HEARTS TEN,0.4394,0.0276,0.533
HEARTS SIX HEARTS FIVE,0.5616,0.044,0.3944
CLUBS NINE HEARTS TWO,0.482,0.2978,0.2202
SPADES SIX CLUBS QUEEN,0.4136,0.0108,0.5756
CLUBS SIX CLUBS TWO,0.6204,0.0382,0.3414
CLUBS SIX DIAMONDS QUEEN,0.4156,0.0126,0.5718
CLUBS TWO SPADES FIVE,0.6304,0.0412,0.3284
SPADES JACK SPADES TEN,0.3174,0.0122,0.6704
CLUBS TEN HEARTS TEN,0.1546,0.0388,0.8066
DIAMONDS TWO DIAMONDS SIX,0.5966,0.0404,0.363
CLUBS TEN DIAMONDS JACK,0.3144,0.0142,0.6714
CLUBS TEN HEARTS SEVEN,0.2564,0.0714,0.6722
SPADES ACE SPADES FOUR,0.406,0.0062,0.5878
HEARTS THREE CLUBS ACE,0.4186,0.0038,0.5776
SPADES KING DIAMONDS FOUR,0.418,0.011,0.571
DIAMONDS TWO DIAMONDS JACK,0.4086,0.0194,0.572
SPADES SEVEN DIAMONDS TEN,0.2568,0.0716,0.6716
HEARTS FIVE HEARTS TWO,0.59,0.0404,0.3696
DIAMONDS ACE DIAMONDS FIVE,0.3914,0.0034,0.6052
DIAMONDS JACK SPADES THREE,0.431,0.0154,0.5536
SPADES QUEEN HEARTS SEVEN,0.2764,0.0398,0.6838
CLUBS FIVE DIAMONDS QUEEN,0.4308,0.0092,0.56
SPADES KING HEARTS TEN,0.352,0.0066,0.6414
CLUBS FIVE DIAMONDS TEN,0.4274,0.0274,0.5452
SPADES JACK DIAMONDS QUEEN,0.3466,0.0106,0.6428
HEARTS JACK HEARTS SEVEN,0.2518,0.0572,0.691
DIAMONDS THREE SPADES SIX,0.6176,0.0454,0.337
CLUBS KING HEARTS EIGHT,0.377,0.0094,0.6136
HEARTS FIVE HEARTS KING,0.4028,0.0066,0.5906
SPADES EIGHT SPADES FOUR,0.5974,0.0372,0.3654
DIAMONDS ACE SPADES SEVEN,0.2734,0.0202,0.7064
HEARTS SIX SPADES KING,0.4186,0.009,0.5724
SPADES THREE DIAMONDS FOUR,0.6074,0.0406,0.352
CLUBS TEN HEARTS SIX,0.4154,0.0284,0.5562
SPADES QUEEN CLUBS QUEEN,0.1744,0.0232,0.8024
SPADES TWO HEARTS JACK,0.429,0.0166,0.5544
HEARTS TWO CLUBS KING,0.4302,0.01,0.5598
SPADES JACK HEARTS SEVEN,0.2652,0.0566,0.6782
SPADES SEVEN HEARTS SEVEN,0.314,0.058,0.628
SPADES ACE CLUBS EIGHT,0.377,0.004,0.619
HEARTS JACK HEARTS NINE,0.2494,0.0572,0.6934
HEARTS SIX SPADES EIGHT,0.6096,0.0424,0.348
DIAMONDS NINE HEARTS EIGHT,0.2288,0.2284,0.5428
HEARTS FOUR HEARTS TWO,0.5898,0.0408,0.3694
DIAMONDS TEN CLUBS ACE,0.3602,0.0028,0.637
SPADES KING DIAMONDS EIGHT,0.3832,0.0076,0.6092
SPADES EIGHT HEARTS SEVEN,0.654,0.099,0.247
CLUBS TWO HEARTS TEN,0.431,0.0252,0.5438
SPADES JACK DIAMONDS JACK,0.165,0.0304,0.8046
CLUBS EIGHT HEARTS NINE,0.2208,0.2342,0.545
DIAMONDS JACK HEARTS SEVEN,0.2604,0.051,0.6886
SPADES SEVEN DIAMONDS QUEEN,0.268,0.043,0.689
SPADES KING DIAMONDS QUEEN,0.3606,0.0066,0.6328
CLUBS TWO HEARTS EIGHT,0.6384,0.043,0.3186
DIAMONDS TWO SPADES QUEEN,0.4384,0.0136,0.548
SPADES SIX SPADES THREE,0.602,0.0414,0.3566
SPADES KING HEARTS FIVE,0.4108,0.0072,0.582
CLUBS THREE SPADES THREE,0.4396,0.0706,0.4898
SPADES EIGHT CLUBS THREE,0.639,0.0424,0.3186
CLUBS NINE CLUBS TWO,0.4796,0.2698,0.2506
SPADES ACE CLUBS QUEEN,0.346,0.0038,0.6502
SPADES TEN CLUBS TWO,0.4338,0.0258,0.5404
CLUBS THREE DIAMONDS FIVE,0.6014,0.0414,0.3572
CLUBS KING DIAMONDS SIX,0.4102,0.0064,0.5834
HEARTS THREE CLUBS THREE,0.419,0.0768,0.5042
DIAMONDS THREE HEARTS TEN,0.422,0.028,0.55
CLUBS NINE CLUBS FOUR,0.4718,0.2816,0.2466
SPADES SIX DIAMONDS SIX,0.3994,0.0654,0.5352
SPADES TEN HEARTS KING,0.3538,0.0056,0.6406
SPADES SIX HEARTS TEN,0.4084,0.0224,0.5692
DIAMONDS SEVEN CLUBS QUEEN,0.281,0.0396,0.6794
CLUBS FIVE DIAMONDS SIX,0.6064,0.0424,0.3512
DIAMONDS TEN HEARTS QUEEN,0.331,0.0132,0.6558
HEARTS FOUR HEARTS KING,0.4012,0.0062,0.5926
SPADES ACE HEARTS NINE,0.2666,0.0224,0.711
DIAMONDS JACK CLUBS QUEEN,0.345,0.0114,0.6436
SPADES TWO HEARTS EIGHT,0.6586,0.04,0.3014
CLUBS TEN DIAMONDS TEN,0.154,0.0368,0.8092
SPADES SIX HEARTS ACE,0.416,0.0028,0.5812
SPADES EIGHT DIAMONDS KING,0.403,0.0054,0.5916
CLUBS THREE DIAMONDS NINE,0.4924,0.3022,0.2054
SPADES ACE HEARTS JACK,0.3448,0.0048,0.6504
HEARTS ACE CLUBS KING,0.3662,0.0038,0.63
CLUBS SIX SPADES EIGHT,0.6048,0.0456,0.3496
HEARTS THREE HEARTS NINE,0.4504,0.2828,0.2668
DIAMONDS TWO DIAMONDS FIVE,0.5716,0.0376,0.3908
DIAMONDS THREE DIAMONDS KING,0.4102,0.0064,0.5834
DIAMONDS JACK DIAMONDS FOUR,0.4022,0.0196,0.5782
DIAMONDS JACK DIAMONDS SEVEN,0.2524,0.0516,0.696
CLUBS FOUR SPADES SIX,0.6292,0.0444,0.3264
HEARTS KING HEARTS EIGHT,0.3728,0.0048,0.6224
CLUBS TEN CLUBS JACK,0.3274,0.0152,0.6574
HEARTS SIX SPADES TEN,0.4096,0.0262,0.5642
CLUBS NINE SPADES QUEEN,0.2456,0.0426,0.7118
CLUBS SIX HEARTS TEN,0.4088,0.0246,0.5666
DIAMONDS ACE HEARTS EIGHT,0.3868,0.0028,0.6104
HEARTS THREE SPADES FIVE,0.6194,0.0406,0.34
HEARTS SIX HEARTS TEN,0.3968,0.024,0.5792
CLUBS SIX HEARTS THREE,0.6264,0.0428,0.3308
HEARTS TEN HEARTS SEVEN,0.2464,0.072,0.6816
SPADES FOUR DIAMONDS NINE,0.4942,0.2886,0.2172
HEARTS JACK HEARTS EIGHT,0.357,0.0166,0.6264
DIAMONDS KING HEARTS SEVEN,0.284,0.033,0.683
CLUBS NINE CLUBS JACK,0.2438,0.0592,0.697
CLUBS TEN HEARTS THREE,0.425,0.026,0.549
DIAMONDS NINE CLUBS QUEEN,0.243,0.0442,0.7128
SPADES SEVEN SPADES THREE,0.6292,0.0996,0.2712
CLUBS TEN SPADES EIGHT,0.3618,0.0224,0.6158
SPADES KING HEARTS QUEEN,0.3576,0.0072,0.6352
SPADES SIX DIAMONDS FIVE,0.6168,0.0368,0.3464
DIAMONDS QUEEN DIAMONDS SEVEN,0.2698,0.035,0.6952
CLUBS EIGHT DIAMONDS FIVE,0.6116,0.044,0.3444
CLUBS THREE HEARTS JACK,0.43,0.0166,0.5534
DIAMONDS ACE DIAMONDS EIGHT,0.3722,0.0034,0.6244
CLUBS NINE DIAMONDS SIX,0.4736,0.3024,0.224
DIAMONDS TWO HEARTS QUEEN,0.4262,0.0122,0.5616
SPADES ACE HEARTS TWO,0.4242,0.0056,0.5702
DIAMONDS EIGHT CLUBS JACK,0.359,0.0184,0.6226
SPADES KING HEARTS NINE,0.271,0.0338,0.6952
CLUBS TEN SPADES KING,0.3434,0.0062,0.6504
DIAMONDS THREE CLUBS FOUR,0.614,0.0452,0.3408
HEARTS QUEEN DIAMONDS EIGHT,0.3714,0.0088,0.6198
CLUBS THREE SPADES FOUR,0.6176,0.0438,0.3386
CLUBS FIVE SPADES THREE,0.6224,0.0408,0.3368
SPADES FOUR HEARTS KING,0.4484,0.0078,0.5438
DIAMONDS THREE HEARTS SEVEN,0.6508,0.1124,0.2368
SPADES SEVEN CLUBS ACE,0.2806,0.022,0.6974
SPADES THREE CLUBS ACE,0.4358,0.005,0.5592
CLUBS FIVE CLUBS JACK,0.3936,0.0204,0.586
HEARTS JACK DIAMONDS FIVE,0.413,0.017,0.57
DIAMONDS THREE CLUBS QUEEN,0.4244,0.0108,0.5648
HEARTS FIVE HEARTS JACK,0.3972,0.017,0.5858
DIAMONDS JACK SPADES FOUR,0.4384,0.0164,0.5452
CLUBS TEN DIAMONDS EIGHT,0.3552,0.0284,0.6164
SPADES TEN HEARTS SEVEN,0.2376,0.075,0.6874
CLUBS THREE SPADES TWO,0.6268,0.0452,0.328
CLUBS SIX DIAMONDS ACE,0.421,0.0036,0.5754
DIAMONDS ACE SPADES FIVE,0.4136,0.0034,0.583
SPADES FOUR HEARTS NINE,0.5052,0.2822,0.2126
HEARTS ACE HEARTS SEVEN,0.2524,0.0192,0.7284
SPADES KING CLUBS SIX,0.4034,0.0076,0.589
SPADES SIX HEARTS KING,0.4184,0.0062,0.5754
SPADES TEN SPADES FIVE,0.4106,0.0266,0.5628
HEARTS FOUR SPADES TWO,0.6364,0.0448,0.3188
DIAMONDS THREE CLUBS JACK,0.429,0.0184,0.5526
CLUBS TEN HEARTS TWO,0.4232,0.0276,0.5492
DIAMONDS JACK HEARTS JACK,0.187,0.0312,0.7818
HEARTS THREE HEARTS QUEEN,0.4188,0.0118,0.5694
HEARTS TEN DIAMONDS SIX,0.4136,0.0214,0.565
SPADES JACK CLUBS JACK,0.1668,0.032,0.8012
DIAMONDS THREE DIAMONDS JACK,0.3934,0.0138,0.5928
HEARTS KING CLUBS ACE,0.3686,0.0038,0.6276
SPADES FIVE HEARTS EIGHT,0.6316,0.0374,0.331
CLUBS FIVE DIAMONDS NINE,0.4872,0.2942,0.2186
CLUBS THREE HEARTS KING,0.445,0.007,0.548
DIAMONDS TWO HEARTS THREE,0.6382,0.0424,0.3194
SPADES QUEEN HEARTS FOUR,0.425,0.0118,0.5632
SPADES QUEEN DIAMONDS FIVE,0.4148,0.0106,0.5746
SPADES SEVEN CLUBS JACK,0.2646,0.0542,0.6812
CLUBS THREE DIAMONDS QUEEN,0.4314,0.0098,0.5588
CLUBS TWO HEARTS ACE,0.4416,0.0058,0.5526
SPADES THREE DIAMONDS EIGHT,0.6442,0.0396,0.3162
CLUBS NINE HEARTS ACE,0.2624,0.0194,0.7182
SPADES EIGHT DIAMONDS FIVE,0.617,0.0374,0.3456
SPADES TWO HEARTS TEN,0.424,0.0284,0.5476
DIAMONDS ACE CLUBS JACK,0.3592,0.002,0.6388
DIAMONDS KING DIAMONDS NINE,0.2596,0.0296,0.7108
CLUBS NINE HEARTS FOUR,0.482,0.295,0.223
HEARTS FOUR DIAMONDS EIGHT,0.628,0.0348,0.3372
SPADES FIVE DIAMONDS JACK,0.4266,0.0168,0.5566
HEARTS NINE DIAMONDS SIX,0.4864,0.2832,0.2304
HEARTS SIX DIAMONDS TWO,0.6456,0.0388,0.3156
SPADES KING CLUBS FOUR,0.4286,0.0086,0.5628
SPADES ACE CLUBS FOUR,0.4082,0.0058,0.586
SPADES JACK SPADES FOUR,0.4018,0.0172,0.581
HEARTS THREE SPADES TWO,0.6298,0.0456,0.3246
SPADES EIGHT HEARTS ACE,0.375,0.0046,0.6204
CLUBS TWO SPADES THREE,0.628,0.0468,0.3252
DIAMONDS KING DIAMONDS SEVEN,0.2564,0.0294,0.7142
HEARTS THREE SPADES THREE,0.436,0.068,0.496
DIAMONDS THREE SPADES THREE,0.413,0.0712,0.5158
HEARTS QUEEN SPADES TWO,0.4366,0.0126,0.5508
DIAMONDS TWO CLUBS FOUR,0.6224,0.0442,0.3334
HEARTS FIVE SPADES FOUR,0.6068,0.0396,0.3536
DIAMONDS THREE SPADES FOUR,0.6022,0.0462,0.3516
HEARTS FIVE CLUBS TWO,0.6206,0.0392,0.3402
DIAMONDS THREE DIAMONDS EIGHT,0.5988,0.0408,0.3604
SPADES ACE DIAMONDS FOUR,0.4224,0.0036,0.574
SPADES JACK HEARTS THREE,0.4224,0.0186,0.559
SPADES SEVEN HEARTS QUEEN,0.2782,0.0478,0.674
SPADES ACE SPADES SIX,0.376,0.0046,0.6194
SPADES THREE HEARTS JACK,0.4324,0.0188,0.5488
SPADES QUEEN DIAMONDS SEVEN,0.2596,0.041,0.6994
SPADES JACK SPADES FIVE,0.4064,0.0168,0.5768
HEARTS THREE SPADES EIGHT,0.6378,0.0434,0.3188
CLUBS FOUR DIAMONDS NINE,0.4966,0.2916,0.2118
HEARTS FIVE HEARTS ACE,0.3966,0.0042,0.5992
CLUBS TWO CLUBS KING,0.3952,0.0088,0.596
SPADES SIX CLUBS ACE,0.4258,0.0038,0.5704
HEARTS SIX DIAMONDS EIGHT,0.6174,0.0354,0.3472
DIAMONDS THREE CLUBS EIGHT,0.6312,0.042,0.3268
SPADES TEN CLUBS ACE,0.332,0.0032,0.6648
SPADES SEVEN DIAMONDS EIGHT,0.6494,0.1096,0.241
HEARTS FOUR DIAMONDS SEVEN,0.6594,0.113,0.2276
HEARTS ACE HEARTS EIGHT,0.3702,0.0046,0.6252
DIAMONDS SEVEN HEARTS NINE,0.0204,0.9564,0.0232
HEARTS FIVE DIAMONDS NINE,0.4946,0.28,0.2254
SPADES JACK DIAMONDS SIX,0.414,0.0144,0.5716
SPADES QUEEN DIAMONDS JACK,0.3448,0.0106,0.6446
SPADES FOUR HEARTS JACK,0.4264,0.0232,0.5504
DIAMONDS THREE CLUBS SIX,0.625,0.0418,0.3332
CLUBS FOUR CLUBS JACK,0.4084,0.0188,0.5728
DIAMONDS ACE SPADES THREE,0.4268,0.0028,0.5704
CLUBS TEN CLUBS KING,0.3406,0.0064,0.653
HEARTS TWO SPADES FIVE,0.6262,0.0486,0.3252
HEARTS KING DIAMONDS FOUR,0.415,0.0058,0.5792
SPADES KING SPADES FIVE,0.3976,0.009,0.5934
CLUBS NINE CLUBS THREE,0.4568,0.2826,0.2606
SPADES EIGHT CLUBS JACK,0.3686,0.0168,0.6146
SPADES ACE CLUBS TWO,0.4254,0.0048,0.5698
SPADES JACK HEARTS KING,0.3444,0.0056,0.65
SPADES SIX SPADES FOUR,0.5988,0.0396,0.3616
SPADES FOUR CLUBS ACE,0.4364,0.0024,0.5612
CLUBS TEN SPADES SEVEN,0.2558,0.0734,0.6708
HEARTS FOUR CLUBS FOUR,0.4234,0.074,0.5026
DIAMONDS TWO HEARTS TWO,0.4316,0.0742,0.4942
SPADES QUEEN CLUBS TWO,0.4302,0.0102,0.5596
DIAMONDS ACE HEARTS TEN,0.3596,0.0026,0.6378
HEARTS THREE HEARTS EIGHT,0.5948,0.0396,0.3656
DIAMONDS QUEEN CLUBS KING,0.3532,0.008,0.6388
SPADES QUEEN SPADES TWO,0.4134,0.013,0.5736
SPADES SIX DIAMONDS TEN,0.4022,0.027,0.5708
SPADES JACK CLUBS THREE,0.4254,0.0202,0.5544
DIAMONDS QUEEN SPADES FIVE,0.4224,0.015,0.5626
SPADES ACE HEARTS EIGHT,0.3776,0.0038,0.6186
HEARTS ACE DIAMONDS NINE,0.2888,0.0214,0.6898
SPADES ACE DIAMONDS SIX,0.4172,0.004,0.5788
SPADES QUEEN CLUBS ACE,0.3556,0.0058,0.6386
SPADES KING SPADES EIGHT,0.3786,0.0072,0.6142
CLUBS NINE SPADES FOUR,0.4856,0.2986,0.2158
SPADES SEVEN HEARTS TEN,0.2518,0.0746,0.6736
DIAMONDS NINE CLUBS ACE,0.264,0.0226,0.7134
HEARTS QUEEN HEARTS JACK,0.3248,0.0066,0.6686
SPADES FIVE CLUBS JACK,0.4132,0.017,0.5698
SPADES SEVEN DIAMONDS SIX,0.6306,0.1162,0.2532
HEARTS SIX DIAMONDS SEVEN,0.647,0.0996,0.2534
SPADES QUEEN CLUBS SIX,0.4314,0.0132,0.5554
CLUBS FIVE HEARTS NINE,0.4866,0.2918,0.2216
SPADES SEVEN HEARTS JACK,0.2648,0.0572,0.678
HEARTS THREE DIAMONDS TEN,0.4276,0.0274,0.545
SPADES FIVE SPADES FOUR,0.5766,0.0388,0.3846
CLUBS TEN DIAMONDS SIX,0.4122,0.029,0.5588
SPADES KING SPADES JACK,0.3318,0.0082,0.66
DIAMONDS TWO HEARTS ACE,0.432,0.005,0.563
HEARTS NINE DIAMONDS FIVE,0.4902,0.2904,0.2194
SPADES SEVEN SPADES FIVE,0.6152,0.109,0.2758
HEARTS TWO SPADES THREE,0.628,0.0464,0.3256
CLUBS THREE HEARTS EIGHT,0.6412,0.0386,0.3202
SPADES TEN CLUBS FIVE,0.427,0.0254,0.5476
SPADES JACK DIAMONDS TEN,0.3188,0.016,0.6652
DIAMONDS NINE HEARTS SEVEN,0.021,0.9576,0.0214
CLUBS SIX HEARTS TWO,0.6608,0.0422,0.297
CLUBS KING CLUBS QUEEN,0.346,0.009,0.645
HEARTS ACE DIAMONDS SEVEN,0.2882,0.0208,0.691
CLUBS TEN SPADES TEN,0.1554,0.0424,0.8022
DIAMONDS QUEEN CLUBS JACK,0.327,0.0088,0.6642
HEARTS SIX DIAMONDS FOUR,0.6238,0.0408,0.3354
HEARTS TWO SPADES FOUR,0.634,0.0382,0.3278
CLUBS EIGHT HEARTS FOUR,0.6116,0.0414,0.347
CLUBS FOUR HEARTS QUEEN,0.4328,0.0128,0.5544
HEARTS SIX DIAMONDS THREE,0.6328,0.04,0.3272
CLUBS FIVE DIAMONDS SEVEN,0.6442,0.1102,0.2456
CLUBS QUEEN DIAMONDS FIVE,0.4262,0.013,0.5608
CLUBS NINE HEARTS TEN,0.2448,0.0736,0.6816
DIAMONDS TWO CLUBS FIVE,0.629,0.0372,0.3338
CLUBS EIGHT HEARTS TWO,0.6264,0.0386,0.335
SPADES QUEEN SPADES EIGHT,0.3512,0.0116,0.6372
CLUBS TEN SPADES FIVE,0.4196,0.026,0.5544
SPADES EIGHT CLUBS TWO,0.6454,0.0406,0.314
DIAMONDS KING HEARTS EIGHT,0.3818,0.0064,0.6118
DIAMONDS TEN HEARTS SEVEN,0.2568,0.0718,0.6714
SPADES EIGHT DIAMONDS TEN,0.3632,0.0216,0.6152
SPADES ACE SPADES THREE,0.404,0.004,0.592
CLUBS TEN DIAMONDS ACE,0.3564,0.0038,0.6398
CLUBS TEN DIAMONDS TWO,0.43,0.0318,0.5382
SPADES JACK SPADES TWO,0.4096,0.016,0.5744
CLUBS ACE DIAMONDS FOUR,0.4248,0.0042,0.571
DIAMONDS FIVE HEARTS SEVEN,0.635,0.1014,0.2636
CLUBS JACK DIAMONDS FOUR,0.4252,0.0206,0.5542
CLUBS FOUR HEARTS EIGHT,0.6268,0.0426,0.3306
HEARTS THREE CLUBS FOUR,0.6208,0.0386,0.3406
SPADES SIX SPADES FIVE,0.5708,0.0426,0.3866
DIAMONDS THREE CLUBS ACE,0.4218,0.0052,0.573
CLUBS SIX SPADES TEN,0.4122,0.0228,0.565
HEARTS ACE CLUBS ACE,0.1774,0.005,0.8176
CLUBS NINE DIAMONDS TWO,0.4708,0.3066,0.2226
SPADES KING HEARTS SEVEN,0.268,0.0296,0.7024
HEARTS FOUR DIAMONDS FOUR,0.4228,0.064,0.5132
DIAMONDS NINE DIAMONDS EIGHT,0.2084,0.2196,0.572
SPADES EIGHT HEARTS QUEEN,0.3878,0.0132,0.599
CLUBS JACK HEARTS SEVEN,0.2496,0.059,0.6914
SPADES KING DIAMONDS FIVE,0.4204,0.0086,0.571
CLUBS TWO DIAMONDS SEVEN,0.675,0.113,0.212
SPADES KING HEARTS KING,0.164,0.0108,0.8252
HEARTS SIX DIAMONDS QUEEN,0.422,0.0094,0.5686
DIAMONDS TWO HEARTS EIGHT,0.6436,0.0398,0.3166
SPADES QUEEN SPADES THREE,0.4038,0.0124,0.5838
HEARTS QUEEN DIAMONDS FIVE,0.4374,0.0128,0.5498
CLUBS TEN SPADES JACK,0.3168,0.0144,0.6688
SPADES TWO DIAMONDS SEVEN,0.679,0.1114,0.2096
SPADES SIX CLUBS TWO,0.638,0.0462,0.3158
DIAMONDS QUEEN HEARTS SEVEN,0.2846,0.036,0.6794
HEARTS THREE DIAMONDS FIVE,0.6136,0.0406,0.3458
DIAMONDS TWO DIAMONDS FOUR,0.5854,0.0408,0.3738
CLUBS THREE CLUBS KING,0.412,0.0096,0.5784
SPADES FIVE CLUBS ACE,0.4146,0.0034,0.582
HEARTS JACK CLUBS KING,0.339,0.0066,0.6544
SPADES ACE DIAMONDS SEVEN,0.2878,0.0204,0.6918
HEARTS TWO SPADES TWO,0.4212,0.0782,0.5006
CLUBS FIVE CLUBS TWO,0.5944,0.0444,0.3612
DIAMONDS TWO DIAMONDS NINE,0.4788,0.2702,0.251
HEARTS TWO HEARTS SEVEN,0.6242,0.1122,0.2636
DIAMONDS QUEEN HEARTS NINE,0.258,0.046,0.696
SPADES JACK CLUBS KING,0.3612,0.0062,0.6326
SPADES QUEEN CLUBS EIGHT,0.3694,0.0138,0.6168
DIAMONDS ACE SPADES TWO,0.4352,0.0048,0.56
HEARTS SIX CLUBS ACE,0.412,0.0028,0.5852
DIAMONDS TWO SPADES THREE,0.623,0.0388,0.3382
DIAMONDS KING CLUBS KING,0.1682,0.0136,0.8182
CLUBS FIVE DIAMONDS ACE,0.415,0.0044,0.5806
DIAMONDS ACE CLUBS TWO,0.4224,0.006,0.5716
DIAMONDS ACE HEARTS JACK,0.36,0.0014,0.6386
DIAMONDS QUEEN SPADES FOUR,0.4436,0.0112,0.5452
HEARTS KING HEARTS NINE,0.2402,0.03,0.7298
CLUBS NINE HEARTS KING,0.2644,0.0334,0.7022
HEARTS JACK DIAMONDS SEVEN,0.2782,0.0516,0.6702
DIAMONDS THREE SPADES EIGHT,0.6352,0.0402,0.3246
CLUBS THREE DIAMONDS FOUR,0.6206,0.0438,0.3356
CLUBS TEN SPADES TWO,0.435,0.0266,0.5384
CLUBS FIVE CLUBS KING,0.4066,0.0074,0.586
HEARTS TWO DIAMONDS EIGHT,0.6368,0.0352,0.328
SPADES SEVEN DIAMONDS SEVEN,0.3036,0.0608,0.6356
DIAMONDS ACE SPADES SIX,0.4186,0.0038,0.5776
DIAMONDS ACE CLUBS ACE,0.1658,0.0034,0.8308
CLUBS ACE DIAMONDS SEVEN,0.2744,0.0262,0.6994
DIAMONDS ACE HEARTS ACE,0.1766,0.0018,0.8216
SPADES EIGHT DIAMONDS JACK,0.3766,0.016,0.6074
SPADES FOUR CLUBS JACK,0.4366,0.0188,0.5446
CLUBS TEN CLUBS TWO,0.4072,0.0264,0.5664
SPADES QUEEN SPADES TEN,0.3126,0.0108,0.6766
SPADES TEN CLUBS JACK,0.312,0.0176,0.6704
CLUBS TEN CLUBS THREE,0.4136,0.025,0.5614
SPADES SIX HEARTS NINE,0.483,0.3026,0.2144
SPADES FIVE SPADES TWO,0.6064,0.0466,0.347
DIAMONDS THREE HEARTS JACK,0.424,0.0196,0.5564
CLUBS THREE DIAMONDS SEVEN,0.6608,0.1076,0.2316
SPADES KING SPADES FOUR,0.4172,0.0066,0.5762
HEARTS TWO DIAMONDS NINE,0.488,0.2998,0.2122
SPADES TEN HEARTS TWO,0.427,0.0292,0.5438
SPADES FOUR DIAMONDS TEN,0.43,0.0294,0.5406
DIAMONDS JACK SPADES TWO,0.4412,0.0162,0.5426
HEARTS TWO DIAMONDS KING,0.4376,0.0056,0.5568
HEARTS TEN DIAMONDS FOUR,0.4352,0.0248,0.54
SPADES ACE HEARTS SEVEN,0.273,0.0248,0.7022
CLUBS SIX HEARTS NINE,0.4914,0.2944,0.2142
DIAMONDS THREE DIAMONDS QUEEN,0.389,0.0116,0.5994
SPADES QUEEN HEARTS NINE,0.2536,0.0534,0.693
SPADES QUEEN DIAMONDS NINE,0.2456,0.0448,0.7096
DIAMONDS TWO SPADES FIVE,0.6236,0.0458,0.3306
HEARTS FIVE SPADES THREE,0.6168,0.0422,0.341
HEARTS FIVE CLUBS SIX,0.607,0.041,0.352
SPADES ACE DIAMONDS TEN,0.3614,0.0044,0.6342
SPADES JACK SPADES SEVEN,0.2652,0.0532,0.6816
SPADES JACK DIAMONDS SEVEN,0.2644,0.0492,0.6864
CLUBS NINE SPADES JACK,0.2482,0.0606,0.6912
CLUBS EIGHT SPADES THREE,0.6396,0.04,0.3204
CLUBS THREE HEARTS NINE,0.503,0.2802,0.2168
DIAMONDS ACE CLUBS QUEEN,0.365,0.003,0.632
HEARTS QUEEN HEARTS EIGHT,0.3696,0.0112,0.6192
SPADES KING DIAMONDS SIX,0.4146,0.0066,0.5788
CLUBS TWO DIAMONDS FIVE,0.6282,0.038,0.3338
DIAMONDS THREE HEARTS FOUR,0.6152,0.044,0.3408
HEARTS FIVE SPADES QUEEN,0.4206,0.012,0.5674
HEARTS THREE CLUBS JACK,0.4178,0.0152,0.567
SPADES EIGHT DIAMONDS SEVEN,0.6456,0.106,0.2484
DIAMONDS THREE DIAMONDS SIX,0.5864,0.041,0.3726
HEARTS THREE DIAMONDS FOUR,0.6172,0.0446,0.3382
CLUBS SIX HEARTS QUEEN,0.4192,0.0092,0.5716
HEARTS SIX CLUBS FIVE,0.612,0.0392,0.3488
SPADES QUEEN SPADES JACK,0.316,0.009,0.675
SPADES FOUR CLUBS KING,0.4308,0.0078,0.5614
SPADES QUEEN DIAMONDS ACE,0.3722,0.0032,0.6246
SPADES ACE DIAMONDS JACK,0.357,0.0048,0.6382
DIAMONDS THREE SPADES QUEEN,0.426,0.0108,0.5632
HEARTS FIVE HEARTS EIGHT,0.5722,0.0406,0.3872
SPADES TWO CLUBS JACK,0.4328,0.0192,0.548
SPADES ACE CLUBS ACE,0.1696,0.0042,0.8262
CLUBS EIGHT DIAMONDS TEN,0.367,0.0258,0.6072
HEARTS THREE HEARTS SEVEN,0.6156,0.1104,0.274
DIAMONDS QUEEN SPADES TWO,0.4334,0.0112,0.5554
DIAMONDS TWO CLUBS QUEEN,0.425,0.0096,0.5654
DIAMONDS THREE HEARTS FIVE,0.6128,0.0416,0.3456
DIAMONDS THREE DIAMONDS ACE,0.3914,0.0042,0.6044
DIAMONDS QUEEN DIAMONDS NINE,0.2454,0.0462,0.7084
DIAMONDS TEN CLUBS QUEEN,0.3306,0.0092,0.6602
HEARTS KING HEARTS QUEEN,0.3272,0.0068,0.666
HEARTS FIVE HEARTS QUEEN,0.393,0.0096,0.5974
CLUBS NINE HEARTS FIVE,0.4916,0.2756,0.2328
SPADES JACK DIAMONDS NINE,0.2536,0.0632,0.6832
CLUBS EIGHT DIAMONDS NINE,0.2142,0.2268,0.559
CLUBS EIGHT SPADES FIVE,0.6146,0.0378,0.3476
SPADES KING CLUBS NINE,0.2682,0.0348,0.697
SPADES EIGHT HEARTS NINE,0.2336,0.238,0.5284
HEARTS ACE HEARTS KING,0.3258,0.0032,0.671
HEARTS TWO HEARTS QUEEN,0.4156,0.0092,0.5752
SPADES FIVE HEARTS TEN,0.422,0.0242,0.5538
HEARTS ACE CLUBS QUEEN,0.3572,0.0036,0.6392
SPADES TEN DIAMONDS SEVEN,0.2518,0.0738,0.6744
CLUBS THREE DIAMONDS JACK,0.4282,0.02,0.5518
DIAMONDS QUEEN HEARTS JACK,0.3522,0.0074,0.6404
HEARTS FOUR SPADES SEVEN,0.6596,0.1054,0.235
HEARTS NINE CLUBS QUEEN,0.2614,0.0438,0.6948
HEARTS ACE DIAMONDS TEN,0.3632,0.0024,0.6344
HEARTS FOUR SPADES SIX,0.621,0.047,0.332
SPADES QUEEN CLUBS JACK,0.3412,0.0128,0.646
CLUBS FIVE HEARTS ACE,0.4152,0.0044,0.5804
CLUBS FOUR SPADES FOUR,0.4348,0.061,0.5042
DIAMONDS QUEEN HEARTS EIGHT,0.38,0.0094,0.6106
HEARTS KING DIAMONDS NINE,0.2752,0.0332,0.6916
HEARTS FIVE SPADES SIX,0.611,0.0386,0.3504
CLUBS THREE DIAMONDS SIX,0.636,0.0366,0.3274
SPADES FOUR HEARTS SEVEN,0.6788,0.1044,0.2168
HEARTS TWO CLUBS JACK,0.4386,0.017,0.5444
CLUBS THREE CLUBS QUEEN,0.4124,0.0114,0.5762
CLUBS FOUR CLUBS TWO,0.5988,0.0442,0.357
SPADES THREE DIAMONDS NINE,0.4818,0.3082,0.21
HEARTS FOUR SPADES TEN,0.4228,0.0272,0.55
DIAMONDS TEN HEARTS NINE,0.2402,0.0732,0.6866
SPADES THREE DIAMONDS SIX,0.6256,0.0394,0.335
SPADES TEN DIAMONDS JACK,0.3356,0.0138,0.6506
DIAMONDS ACE HEARTS KING,0.3632,0.0036,0.6332
CLUBS TWO CLUBS QUEEN,0.4204,0.0136,0.566
DIAMONDS JACK HEARTS TEN,0.3222,0.013,0.6648
DIAMONDS EIGHT HEARTS NINE,0.2164,0.2278,0.5558
DIAMONDS JACK DIAMONDS EIGHT,0.3648,0.0164,0.6188
CLUBS EIGHT CLUBS THREE,0.6128,0.0384,0.3488
SPADES ACE HEARTS FOUR,0.4108,0.0054,0.5838
SPADES QUEEN DIAMONDS QUEEN,0.178,0.022,0.8
HEARTS FIVE HEARTS TEN,0.3936,0.0272,0.5792
SPADES JACK SPADES SIX,0.4116,0.0162,0.5722
DIAMONDS TWO SPADES EIGHT,0.6402,0.0362,0.3236
DIAMONDS KING SPADES THREE,0.4404,0.0068,0.5528
CLUBS TWO DIAMONDS QUEEN,0.4254,0.0152,0.5594
SPADES JACK HEARTS JACK,0.165,0.0366,0.7984
SPADES KING SPADES SIX,0.3842,0.0082,0.6076
CLUBS SIX DIAMONDS JACK,0.4346,0.0166,0.5488
CLUBS TEN CLUBS SIX,0.389,0.025,0.586
HEARTS TWO DIAMONDS QUEEN,0.4402,0.0116,0.5482
CLUBS ACE HEARTS TEN,0.361,0.0046,0.6344
CLUBS TEN DIAMONDS KING,0.3474,0.0074,0.6452
HEARTS SIX CLUBS JACK,0.431,0.017,0.552
SPADES QUEEN SPADES SIX,0.4022,0.0092,0.5886
DIAMONDS JACK DIAMONDS NINE,0.2304,0.0572,0.7124
SPADES TEN CLUBS FOUR,0.4204,0.0244,0.5552
CLUBS SIX DIAMONDS FIVE,0.6152,0.043,0.3418
SPADES SIX HEARTS SEVEN,0.6304,0.1084,0.2612
DIAMONDS TEN HEARTS JACK,0.3422,0.0128,0.645
DIAMONDS TEN SPADES THREE,0.4342,0.0248,0.541
SPADES EIGHT SPADES SIX,0.5912,0.0402,0.3686
DIAMONDS JACK HEARTS NINE,0.2602,0.0566,0.6832
SPADES TWO DIAMONDS FOUR,0.62,0.0402,0.3398
SPADES KING CLUBS JACK,0.3546,0.0074,0.638
DIAMONDS TEN SPADES TWO,0.4366,0.0282,0.5352
SPADES SEVEN CLUBS QUEEN,0.2866,0.0368,0.6766
CLUBS THREE CLUBS ACE,0.4014,0.0066,0.592
CLUBS EIGHT SPADES SIX,0.5982,0.0438,0.358
CLUBS FIVE HEARTS SEVEN,0.6348,0.1082,0.257
CLUBS FOUR SPADES THREE,0.6284,0.0494,0.3222
CLUBS FOUR HEARTS KING,0.4394,0.0068,0.5538
HEARTS ACE HEARTS QUEEN,0.3414,0.0032,0.6554
HEARTS KING HEARTS SEVEN,0.2626,0.0278,0.7096
DIAMONDS TEN DIAMONDS FOUR,0.4166,0.0234,0.56
SPADES ACE HEARTS ACE,0.1728,0.0018,0.8254
CLUBS TEN CLUBS NINE,0.2426,0.0746,0.6828
CLUBS FOUR HEARTS NINE,0.4854,0.2932,0.2214
CLUBS TEN CLUBS FOUR,0.4124,0.0254,0.5622
CLUBS EIGHT DIAMONDS EIGHT,0.2818,0.0574,0.6608
SPADES JACK HEARTS QUEEN,0.3504,0.013,0.6366
HEARTS SIX HEARTS SEVEN,0.5734,0.1086,0.318
HEARTS QUEEN DIAMONDS FOUR,0.422,0.0142,0.5638
CLUBS NINE DIAMONDS KING,0.2638,0.0346,0.7016
CLUBS FIVE CLUBS QUEEN,0.3902,0.0144,0.5954
CLUBS EIGHT HEARTS THREE,0.6444,0.0402,0.3154
SPADES ACE HEARTS TEN,0.356,0.0028,0.6412
SPADES TEN SPADES SIX,0.3906,0.0248,0.5846
HEARTS SIX DIAMONDS TEN,0.4188,0.0278,0.5534
DIAMONDS THREE DIAMONDS TWO,0.585,0.0382,0.3768
SPADES JACK SPADES EIGHT,0.343,0.0164,0.6406
CLUBS EIGHT HEARTS EIGHT,0.2752,0.0602,0.6646
SPADES ACE SPADES SEVEN,0.248,0.0226,0.7294
CLUBS EIGHT HEARTS KING,0.379,0.0068,0.6142
SPADES FIVE DIAMONDS TEN,0.4254,0.0284,0.5462
SPADES EIGHT HEARTS JACK,0.3854,0.0178,0.5968
CLUBS FOUR DIAMONDS JACK,0.428,0.015,0.557
SPADES ACE SPADES JACK,0.3394,0.0048,0.6558
HEARTS TEN CLUBS KING,0.3434,0.0044,0.6522
SPADES KING HEARTS ACE,0.3732,0.0054,0.6214
SPADES EIGHT HEARTS EIGHT,0.2766,0.0588,0.6646
DIAMONDS TWO CLUBS TWO,0.4198,0.0734,0.5068
DIAMONDS NINE SPADES TWO,0.4986,0.2896,0.2118
SPADES JACK CLUBS FOUR,0.4386,0.019,0.5424
DIAMONDS TWO CLUBS JACK,0.4294,0.0156,0.555
HEARTS JACK CLUBS ACE,0.3514,0.0046,0.644
CLUBS ACE DIAMONDS FIVE,0.4142,0.004,0.5818
DIAMONDS JACK CLUBS JACK,0.169,0.03,0.801
SPADES KING HEARTS TWO,0.4292,0.0092,0.5616
CLUBS SIX DIAMONDS KING,0.4224,0.0078,0.5698
DIAMONDS EIGHT DIAMONDS SIX,0.563,0.0398,0.3972
HEARTS FOUR DIAMONDS KING,0.4334,0.0058,0.5608
SPADES KING CLUBS THREE,0.438,0.006,0.556
DIAMONDS TWO CLUBS EIGHT,0.6438,0.0464,0.3098
SPADES SIX CLUBS KING,0.4146,0.0084,0.577
CLUBS EIGHT DIAMONDS SEVEN,0.6494,0.1022,0.2484
CLUBS TEN DIAMONDS NINE,0.24,0.0722,0.6878
HEARTS SIX HEARTS ACE,0.4004,0.0054,0.5942
SPADES JACK CLUBS QUEEN,0.345,0.012,0.643
SPADES FIVE HEARTS JACK,0.4212,0.0182,0.5606
CLUBS SIX HEARTS KING,0.4278,0.0086,0.5636
SPADES TEN DIAMONDS NINE,0.2438,0.0818,0.6744
CLUBS EIGHT SPADES JACK,0.3586,0.02,0.6214
CLUBS ACE HEARTS EIGHT,0.3718,0.0032,0.625
DIAMONDS NINE HEARTS TEN,0.2476,0.0756,0.6768
CLUBS FOUR CLUBS KING,0.4188,0.0094,0.5718
HEARTS FIVE DIAMONDS ACE,0.4158,0.0024,0.5818
CLUBS SIX HEARTS SEVEN,0.6266,0.1098,0.2636
DIAMONDS SEVEN DIAMONDS FOUR,0.6124,0.1034,0.2842
SPADES ACE DIAMONDS TWO,0.427,0.0038,0.5692
SPADES TEN HEARTS ACE,0.3502,0.0042,0.6456
CLUBS SIX CLUBS JACK,0.4036,0.0146,0.5818
SPADES SEVEN HEARTS KING,0.286,0.032,0.682
SPADES EIGHT DIAMONDS ACE,0.3772,0.0032,0.6196
DIAMONDS THREE CLUBS NINE,0.496,0.2922,0.2118
SPADES THREE CLUBS JACK,0.4292,0.0182,0.5526
HEARTS SIX CLUBS NINE,0.4714,0.3064,0.2222
CLUBS FIVE DIAMONDS JACK,0.4386,0.018,0.5434
HEARTS FIVE CLUBS THREE,0.62,0.0402,0.3398
SPADES KING DIAMONDS KING,0.1674,0.0174,0.8152
HEARTS FIVE SPADES FIVE,0.408,0.0696,0.5224
HEARTS SIX DIAMONDS KING,0.4238,0.0066,0.5696
SPADES FOUR DIAMONDS SEVEN,0.6604,0.1048,0.2348
DIAMONDS KING HEARTS QUEEN,0.3552,0.0068,0.638
DIAMONDS SIX CLUBS QUEEN,0.411,0.0092,0.5798
SPADES KING SPADES THREE,0.4136,0.0072,0.5792
DIAMONDS ACE DIAMONDS FOUR,0.395,0.0046,0.6004
CLUBS EIGHT CLUBS SIX,0.5668,0.038,0.3952
SPADES SEVEN DIAMONDS FIVE,0.639,0.1052,0.2558
CLUBS EIGHT SPADES TWO,0.6288,0.0422,0.329
DIAMONDS TEN DIAMONDS NINE,0.2254,0.0636,0.711
SPADES QUEEN DIAMONDS FOUR,0.4292,0.0104,0.5604
DIAMONDS EIGHT HEARTS TEN,0.361,0.022,0.617
SPADES JACK HEARTS TEN,0.3366,0.018,0.6454
SPADES QUEEN CLUBS THREE,0.4308,0.0128,0.5564
SPADES ACE DIAMONDS THREE,0.421,0.0052,0.5738
SPADES EIGHT DIAMONDS QUEEN,0.3856,0.0108,0.6036
SPADES TEN HEARTS EIGHT,0.3546,0.027,0.6184
DIAMONDS TEN HEARTS EIGHT,0.3568,0.0244,0.6188
SPADES KING SPADES SEVEN,0.2736,0.033,0.6934
SPADES QUEEN HEARTS TEN,0.3456,0.0098,0.6446
CLUBS SIX SPADES THREE,0.641,0.045,0.314
DIAMONDS QUEEN DIAMONDS FIVE,0.4066,0.0102,0.5832
CLUBS NINE HEARTS THREE,0.4746,0.3042,0.2212
HEARTS SIX HEARTS FOUR,0.5762,0.0434,0.3804
SPADES JACK DIAMONDS FIVE,0.4146,0.015,0.5704
HEARTS TWO HEARTS EIGHT,0.5868,0.0424,0.3708
HEARTS FOUR DIAMONDS ACE,0.4184,0.0034,0.5782
HEARTS FOUR SPADES JACK,0.4302,0.0192,0.5506
DIAMONDS TWO SPADES FOUR,0.6272,0.0378,0.335
SPADES ACE CLUBS FIVE,0.4188,0.006,0.5752
DIAMONDS KING CLUBS JACK,0.3494,0.0048,0.6458
HEARTS TWO HEARTS ACE,0.3972,0.004,0.5988
SPADES THREE HEARTS QUEEN,0.4388,0.01,0.5512
CLUBS THREE CLUBS TWO,0.605,0.042,0.353
HEARTS SIX HEARTS NINE,0.4576,0.281,0.2614
HEARTS SIX SPADES JACK,0.4096,0.0166,0.5738
CLUBS KING HEARTS SEVEN,0.2734,0.0346,0.692
DIAMONDS THREE DIAMONDS NINE,0.4588,0.2698,0.2714
DIAMONDS THREE HEARTS THREE,0.419,0.0718,0.5092
DIAMONDS SIX HEARTS EIGHT,0.6072,0.0364,0.3564
HEARTS FIVE HEARTS SEVEN,0.5764,0.1052,0.3184
CLUBS FIVE HEARTS TWO,0.6368,0.042,0.3212
HEARTS EIGHT HEARTS SEVEN,0.6106,0.099,0.2904
DIAMONDS EIGHT HEARTS EIGHT,0.285,0.0594,0.6556
DIAMONDS THREE DIAMONDS TEN,0.4178,0.0222,0.56
HEARTS THREE HEARTS TWO,0.5836,0.0352,0.3812
CLUBS TEN SPADES QUEEN,0.3294,0.008,0.6626
HEARTS QUEEN HEARTS SEVEN,0.2582,0.036,0.7058
CLUBS FIVE HEARTS TEN,0.4198,0.0276,0.5526
CLUBS TEN CLUBS QUEEN,0.3214,0.01,0.6686
DIAMONDS KING DIAMONDS FIVE,0.404,0.0072,0.5888
SPADES SEVEN SPADES FOUR,0.633,0.1052,0.2618
CLUBS EIGHT CLUBS JACK,0.356,0.0176,0.6264
HEARTS FOUR CLUBS QUEEN,0.434,0.0122,0.5538
DIAMONDS THREE HEARTS EIGHT,0.6426,0.0408,0.3166
DIAMONDS EIGHT DIAMONDS FOUR,0.5818,0.0392,0.379
HEARTS TWO SPADES EIGHT,0.6438,0.0382,0.318
HEARTS JACK DIAMONDS EIGHT,0.3792,0.0186,0.6022
DIAMONDS TWO DIAMONDS SEVEN,0.6266,0.1082,0.2652
SPADES QUEEN HEARTS THREE,0.4254,0.0112,0.5634
HEARTS SIX HEARTS JACK,0.3938,0.0166,0.5896
HEARTS SIX DIAMONDS NINE,0.4866,0.295,0.2184
CLUBS EIGHT CLUBS KING,0.368,0.007,0.625
HEARTS TWO DIAMONDS ACE,0.4262,0.0036,0.5702
CLUBS EIGHT HEARTS QUEEN,0.3726,0.0126,0.6148
CLUBS SIX CLUBS QUEEN,0.3924,0.0114,0.5962
DIAMONDS TWO HEARTS NINE,0.5032,0.2858,0.211
HEARTS THREE HEARTS JACK,0.4022,0.0178,0.58
CLUBS FIVE CLUBS FOUR,0.574,0.0458,0.3802
HEARTS TWO CLUBS QUEEN,0.4312,0.01,0.5588
DIAMONDS ACE DIAMONDS KING,0.3446,0.0048,0.6506
HEARTS FOUR DIAMONDS SIX,0.6178,0.0444,0.3378
CLUBS EIGHT CLUBS FIVE,0.5756,0.043,0.3814
DIAMONDS TWO HEARTS JACK,0.4356,0.017,0.5474
SPADES SIX DIAMONDS QUEEN,0.4188,0.0114,0.5698
SPADES SEVEN CLUBS KING,0.2858,0.0336,0.6806
CLUBS FIVE HEARTS QUEEN,0.4224,0.0114,0.5662
HEARTS JACK DIAMONDS SIX,0.4072,0.015,0.5778
CLUBS TEN SPADES FOUR,0.4326,0.0246,0.5428
SPADES JACK HEARTS ACE,0.3606,0.0044,0.635
SPADES SIX DIAMONDS SEVEN,0.6292,0.111,0.2598
DIAMONDS TWO SPADES TEN,0.4252,0.0254,0.5494
HEARTS EIGHT DIAMONDS FOUR,0.6282,0.0396,0.3322
HEARTS THREE DIAMONDS ACE,0.4244,0.0028,0.5728
SPADES SEVEN DIAMONDS KING,0.2854,0.031,0.6836
SPADES TEN SPADES FOUR,0.4244,0.029,0.5466
DIAMONDS THREE HEARTS KING,0.4364,0.0066,0.557
DIAMONDS THREE CLUBS FIVE,0.621,0.0386,0.3404
HEARTS FIVE DIAMONDS JACK,0.4124,0.0136,0.574
SPADES KING DIAMONDS NINE,0.2594,0.0382,0.7024
SPADES KING DIAMONDS SEVEN,0.2812,0.0344,0.6844
HEARTS FIVE CLUBS ACE,0.4216,0.004,0.5744
HEARTS SIX DIAMONDS SIX,0.4036,0.0638,0.5326
HEARTS TEN DIAMONDS SEVEN,0.2524,0.071,0.6766
SPADES ACE DIAMONDS QUEEN,0.3588,0.0028,0.6384
HEARTS TEN CLUBS JACK,0.3258,0.0142,0.66
CLUBS NINE DIAMONDS FIVE,0.4806,0.2952,0.2242
SPADES KING SPADES TEN,0.333,0.0084,0.6586
DIAMONDS FIVE DIAMONDS FOUR,0.5544,0.0408,0.4048
SPADES EIGHT SPADES FIVE,0.5924,0.038,0.3696
SPADES TEN CLUBS KING,0.3354,0.0074,0.6572
HEARTS FOUR DIAMONDS TEN,0.4364,0.0262,0.5374
SPADES EIGHT HEARTS TEN,0.3662,0.0264,0.6074
SPADES FOUR CLUBS QUEEN,0.4502,0.0096,0.5402
SPADES TWO DIAMONDS EIGHT,0.6548,0.0354,0.3098
DIAMONDS TWO DIAMONDS KING,0.427,0.0054,0.5676
HEARTS QUEEN HEARTS NINE,0.232,0.0496,0.7184
CLUBS SIX CLUBS KING,0.4056,0.0074,0.587
CLUBS FIVE DIAMONDS FIVE,0.4096,0.0694,0.521
CLUBS TWO DIAMONDS EIGHT,0.6342,0.043,0.3228
HEARTS TWO SPADES SEVEN,0.6792,0.1124,0.2084
SPADES KING CLUBS QUEEN,0.3488,0.0068,0.6444
CLUBS SIX SPADES TWO,0.6528,0.0436,0.3036
HEARTS SIX CLUBS QUEEN,0.4096,0.0126,0.5778
CLUBS EIGHT DIAMONDS FOUR,0.6226,0.0424,0.335
HEARTS QUEEN DIAMONDS SEVEN,0.2866,0.0446,0.6688
SPADES SIX HEARTS JACK,0.4154,0.0168,0.5678
HEARTS KING HEARTS TEN,0.3414,0.0082,0.6504
SPADES FOUR HEARTS TEN,0.4336,0.0258,0.5406
CLUBS TEN HEARTS FOUR,0.4106,0.0306,0.5588
DIAMONDS ACE DIAMONDS NINE,0.2552,0.0224,0.7224
HEARTS KING DIAMONDS EIGHT,0.3952,0.0062,0.5986
DIAMONDS JACK DIAMONDS FIVE,0.4132,0.0166,0.5702
CLUBS EIGHT SPADES FOUR,0.6322,0.039,0.3288
HEARTS ACE SPADES THREE,0.4256,0.0042,0.5702
CLUBS TWO SPADES FOUR,0.6304,0.0464,0.3232
HEARTS FIVE DIAMONDS SEVEN,0.6436,0.1062,0.2502
