opposingHand,winningChance,drawChance,lostChance
CLUBS FIVE CLUBS THREE
HEARTS FIVE SPADES TEN,0.3228,0.075,0.6022
SPADES JACK HEARTS FIVE,0.3168,0.0666,0.6166
CLUBS JACK SPADES FIVE,0.2938,0.0624,0.6438
CLUBS TEN SPADES FIVE,0.3082,0.0824,0.6094
CLUBS JACK CLUBS EIGHT,0.3474,0.0168,0.6358
CLUBS TEN CLUBS EIGHT,0.3316,0.0294,0.639
CLUBS EIGHT CLUBS KING,0.3352,0.0098,0.655
SPADES FIVE CLUBS ACE,0.2782,0.0244,0.6974
CLUBS EIGHT CLUBS QUEEN,0.352,0.0136,0.6344
SPADES FIVE CLUBS KING,0.2988,0.0368,0.6644
SPADES FIVE CLUBS QUEEN,0.2996,0.0534,0.647
CLUBS EIGHT CLUBS ACE,0.3374,0.0082,0.6544
DIAMONDS TWO DIAMONDS THREE,0.411,0.352,0.237
DIAMONDS TWO DIAMONDS FIVE,0.2852,0.459,0.2558
SPADES KING HEARTS FIVE,0.3136,0.0384,0.648
DIAMONDS TWO DIAMONDS FOUR,0.4252,0.2196,0.3552
SPADES QUEEN HEARTS FIVE,0.3102,0.0508,0.639
DIAMONDS TWO DIAMONDS SEVEN,0.4314,0.092,0.4766
DIAMONDS TWO DIAMONDS SIX,0.4232,0.1362,0.4406
SPADES ACE HEARTS FIVE,0.297,0.0234,0.6796
DIAMONDS TWO DIAMONDS NINE,0.4122,0.0424,0.5454
DIAMONDS TWO DIAMONDS EIGHT,0.4272,0.0576,0.5152
DIAMONDS THREE DIAMONDS FOUR,0.4122,0.3338,0.254
CLUBS TWO SPADES FOUR,0.4518,0.232,0.3162
DIAMONDS THREE DIAMONDS FIVE,0.0706,0.8594,0.07
CLUBS TWO SPADES FIVE,0.3054,0.4806,0.214
CLUBS TWO SPADES TWO,0.3718,0.145,0.4832
CLUBS TWO SPADES THREE,0.428,0.3632,0.2088
DIAMONDS THREE DIAMONDS EIGHT,0.3098,0.1298,0.5604
SPADES EIGHT CLUBS TWO,0.4402,0.0684,0.4914
DIAMONDS THREE DIAMONDS NINE,0.306,0.1016,0.5924
SPADES NINE CLUBS TWO,0.4488,0.0446,0.5066
DIAMONDS THREE DIAMONDS SIX,0.2736,0.2452,0.4812
CLUBS TWO SPADES SIX,0.4264,0.1522,0.4214
DIAMONDS THREE DIAMONDS SEVEN,0.2838,0.1792,0.537
CLUBS TWO SPADES SEVEN,0.4474,0.0996,0.453
CLUBS SIX CLUBS TWO,0.3728,0.1596,0.4676
CLUBS SEVEN CLUBS TWO,0.3904,0.1202,0.4894
CLUBS TWO CLUBS FOUR,0.4578,0.2378,0.3044
CLUBS TEN CLUBS JACK,0.3334,0.0152,0.6514
DIAMONDS FOUR DIAMONDS SIX,0.3668,0.1428,0.4904
CLUBS TEN CLUBS QUEEN,0.3362,0.0112,0.6526
DIAMONDS FOUR DIAMONDS SEVEN,0.3802,0.0954,0.5244
CLUBS TEN CLUBS KING,0.3316,0.011,0.6574
CLUBS TEN CLUBS ACE,0.337,0.0072,0.6558
CLUBS EIGHT CLUBS TWO,0.3976,0.0644,0.538
DIAMONDS FIVE DIAMONDS FOUR,0.2456,0.4446,0.3098
CLUBS NINE CLUBS TWO,0.3908,0.046,0.5632
DIAMONDS NINE DIAMONDS FOUR,0.4086,0.0352,0.5562
DIAMONDS EIGHT DIAMONDS FOUR,0.3934,0.0644,0.5422
DIAMONDS NINE DIAMONDS FIVE,0.287,0.1122,0.6008
CLUBS JACK DIAMONDS TWO,0.4466,0.0216,0.5318
DIAMONDS EIGHT DIAMONDS FIVE,0.2746,0.1332,0.5922
CLUBS TEN DIAMONDS TWO,0.4326,0.0284,0.539
DIAMONDS FIVE DIAMONDS SEVEN,0.2862,0.1874,0.5264
DIAMONDS FIVE DIAMONDS SIX,0.268,0.255,0.477
DIAMONDS TWO CLUBS ACE,0.4292,0.0076,0.5632
DIAMONDS TWO CLUBS KING,0.4364,0.0106,0.553
DIAMONDS TWO CLUBS QUEEN,0.4484,0.0144,0.5372
DIAMONDS EIGHT DIAMONDS SIX,0.3704,0.0596,0.57
DIAMONDS NINE DIAMONDS SIX,0.3742,0.0366,0.5892
HEARTS ACE SPADES THREE,0.2968,0.017,0.6862
HEARTS KING SPADES THREE,0.3168,0.0294,0.6538
DIAMONDS SEVEN DIAMONDS SIX,0.3492,0.0852,0.5656
SPADES THREE HEARTS QUEEN,0.3192,0.0434,0.6374
HEARTS JACK SPADES THREE,0.3224,0.0556,0.622
SPADES THREE HEARTS TEN,0.3298,0.0734,0.5968
DIAMONDS EIGHT DIAMONDS SEVEN,0.3576,0.0514,0.591
DIAMONDS NINE DIAMONDS SEVEN,0.3674,0.0388,0.5938
DIAMONDS NINE DIAMONDS EIGHT,0.3562,0.0414,0.6024
DIAMONDS KING HEARTS TEN,0.387,0.0066,0.6064
HEARTS THREE HEARTS TEN,0.3038,0.072,0.6242
SPADES JACK CLUBS SIX,0.3884,0.0192,0.5924
DIAMONDS KING HEARTS JACK,0.3918,0.0074,0.6008
HEARTS THREE HEARTS JACK,0.3112,0.0528,0.636
SPADES TEN CLUBS SIX,0.3832,0.0288,0.588
SPADES JACK SPADES FIVE,0.2976,0.058,0.6444
SPADES TEN SPADES FIVE,0.297,0.0714,0.6316
DIAMONDS KING HEARTS ACE,0.4032,0.004,0.5928
HEARTS THREE HEARTS ACE,0.2852,0.0176,0.6972
SPADES ACE CLUBS SIX,0.3938,0.0058,0.6004
DIAMONDS KING HEARTS QUEEN,0.4064,0.0088,0.5848
HEARTS THREE HEARTS QUEEN,0.3104,0.0352,0.6544
SPADES KING CLUBS SIX,0.3996,0.0094,0.591
DIAMONDS KING HEARTS KING,0.2056,0.022,0.7724
HEARTS THREE HEARTS KING,0.3072,0.0276,0.6652
SPADES QUEEN CLUBS SIX,0.3844,0.0144,0.6012
SPADES NINE HEARTS TEN,0.382,0.0228,0.5952
SPADES NINE HEARTS JACK,0.3962,0.0164,0.5874
SPADES QUEEN SPADES FIVE,0.2892,0.0534,0.6574
SPADES KING SPADES FIVE,0.2952,0.0362,0.6686
SPADES ACE SPADES FIVE,0.2834,0.0276,0.689
SPADES NINE HEARTS QUEEN,0.388,0.0108,0.6012
SPADES NINE HEARTS KING,0.398,0.0088,0.5932
SPADES NINE HEARTS ACE,0.4042,0.0048,0.591
CLUBS TEN SPADES JACK,0.3668,0.0154,0.6178
CLUBS TEN SPADES TEN,0.1988,0.0608,0.7404
SPADES ACE CLUBS TEN,0.3726,0.0056,0.6218
CLUBS TEN SPADES KING,0.3788,0.0074,0.6138
CLUBS TEN SPADES QUEEN,0.384,0.0108,0.6052
SPADES FIVE HEARTS QUEEN,0.3172,0.0518,0.631
HEARTS KING SPADES FIVE,0.3188,0.0392,0.642
SPADES FIVE HEARTS ACE,0.2986,0.027,0.6744
CLUBS EIGHT SPADES TEN,0.3818,0.0276,0.5906
HEARTS THREE SPADES JACK,0.3208,0.0596,0.6196
SPADES JACK DIAMONDS KING,0.4008,0.007,0.5922
SPADES TEN DIAMONDS KING,0.3934,0.0082,0.5984
HEARTS THREE SPADES TEN,0.3224,0.0716,0.606
CLUBS EIGHT SPADES JACK,0.3866,0.0186,0.5948
CLUBS SIX HEARTS ACE,0.3782,0.005,0.6168
SPADES ACE CLUBS EIGHT,0.3806,0.0054,0.614
CLUBS JACK HEARTS FIVE,0.3086,0.066,0.6254
CLUBS TEN HEARTS FIVE,0.2968,0.0784,0.6248
CLUBS SIX HEARTS QUEEN,0.387,0.0148,0.5982
SPADES QUEEN CLUBS EIGHT,0.4018,0.0164,0.5818
CLUBS TEN SPADES THREE,0.3188,0.0738,0.6074
CLUBS SIX HEARTS KING,0.3862,0.0086,0.6052
SPADES KING CLUBS EIGHT,0.3848,0.0076,0.6076
CLUBS JACK SPADES THREE,0.3176,0.0618,0.6206
DIAMONDS TWO HEARTS JACK,0.4648,0.0198,0.5154
SPADES THREE CLUBS QUEEN,0.299,0.0414,0.6596
DIAMONDS TWO HEARTS TEN,0.44,0.0272,0.5328
SPADES THREE CLUBS KING,0.304,0.0308,0.6652
HEARTS FIVE CLUBS ACE,0.292,0.0282,0.6798
SPADES FIVE HEARTS TEN,0.314,0.0766,0.6094
SPADES THREE CLUBS ACE,0.2824,0.0216,0.696
HEARTS FIVE CLUBS KING,0.3054,0.0356,0.659
SPADES FIVE HEARTS JACK,0.3172,0.0626,0.6202
HEARTS FIVE CLUBS QUEEN,0.2956,0.0508,0.6536
HEARTS THREE CLUBS KING,0.2982,0.0368,0.665
DIAMONDS KING CLUBS KING,0.2076,0.0204,0.772
HEARTS THREE CLUBS QUEEN,0.3166,0.041,0.6424
DIAMONDS KING CLUBS QUEEN,0.3978,0.0054,0.5968
HEARTS FIVE HEARTS JACK,0.2902,0.064,0.6458
HEARTS FIVE HEARTS TEN,0.301,0.0812,0.6178
HEARTS THREE CLUBS ACE,0.2906,0.0184,0.691
DIAMONDS KING CLUBS ACE,0.3892,0.0066,0.6042
SPADES ACE CLUBS QUEEN,0.3818,0.005,0.6132
SPADES KING CLUBS QUEEN,0.3884,0.0104,0.6012
CLUBS JACK HEARTS THREE,0.3078,0.058,0.6342
CLUBS JACK DIAMONDS KING,0.3832,0.0074,0.6094
SPADES QUEEN CLUBS QUEEN,0.2066,0.0352,0.7582
CLUBS TEN HEARTS THREE,0.2964,0.0796,0.624
CLUBS TEN DIAMONDS KING,0.3926,0.0092,0.5982
SPADES JACK CLUBS QUEEN,0.3758,0.0134,0.6108
CLUBS SIX CLUBS QUEEN,0.3496,0.014,0.6364
SPADES TEN CLUBS QUEEN,0.3548,0.0152,0.63
CLUBS SIX CLUBS KING,0.3346,0.011,0.6544
CLUBS SIX CLUBS ACE,0.3466,0.0068,0.6466
HEARTS FIVE HEARTS KING,0.3028,0.0348,0.6624
HEARTS FIVE HEARTS QUEEN,0.2882,0.0478,0.664
CLUBS TEN CLUBS SIX,0.3432,0.0284,0.6284
HEARTS FIVE HEARTS ACE,0.2844,0.0212,0.6944
CLUBS JACK CLUBS SIX,0.3472,0.0238,0.629
SPADES SEVEN HEARTS JACK,0.405,0.0194,0.5756
SPADES SEVEN HEARTS TEN,0.3932,0.026,0.5808
DIAMONDS TWO CLUBS TWO,0.3652,0.1506,0.4842
HEARTS SIX DIAMONDS TWO,0.4326,0.1538,0.4136
DIAMONDS TWO HEARTS QUEEN,0.4496,0.0142,0.5362
DIAMONDS TWO HEARTS SEVEN,0.447,0.0992,0.4538
DIAMONDS TWO HEARTS KING,0.443,0.0072,0.5498
DIAMONDS TWO HEARTS EIGHT,0.4446,0.0626,0.4928
DIAMONDS TWO HEARTS ACE,0.4408,0.0046,0.5546
DIAMONDS TWO HEARTS NINE,0.4528,0.0468,0.5004
DIAMONDS TWO DIAMONDS QUEEN,0.4508,0.0122,0.537
DIAMONDS TWO HEARTS TWO,0.3654,0.1534,0.4812
DIAMONDS TWO DIAMONDS KING,0.4358,0.0072,0.557
HEARTS THREE DIAMONDS TWO,0.4426,0.3518,0.2056
DIAMONDS TWO DIAMONDS ACE,0.412,0.008,0.58
HEARTS FOUR DIAMONDS TWO,0.4576,0.2256,0.3168
DIAMONDS TWO HEARTS FIVE,0.299,0.489,0.212
SPADES SEVEN HEARTS ACE,0.3828,0.006,0.6112
DIAMONDS TWO DIAMONDS TEN,0.4172,0.0302,0.5526
SPADES SEVEN HEARTS KING,0.4074,0.007,0.5856
DIAMONDS TWO DIAMONDS JACK,0.416,0.0196,0.5644
SPADES SEVEN HEARTS QUEEN,0.4078,0.0116,0.5806
DIAMONDS TWO SPADES NINE,0.4554,0.046,0.4986
DIAMONDS TWO SPADES EIGHT,0.466,0.0606,0.4734
DIAMONDS TWO SPADES SEVEN,0.4394,0.1036,0.457
DIAMONDS TWO SPADES SIX,0.4464,0.1552,0.3984
DIAMONDS TWO SPADES FIVE,0.3156,0.4794,0.205
DIAMONDS TWO SPADES FOUR,0.4576,0.2318,0.3106
DIAMONDS TWO SPADES THREE,0.4462,0.3476,0.2062
DIAMONDS TWO SPADES TWO,0.3628,0.151,0.4862
DIAMONDS TWO CLUBS NINE,0.4304,0.0468,0.5228
CLUBS EIGHT DIAMONDS TWO,0.4364,0.0666,0.497
DIAMONDS TWO CLUBS SEVEN,0.4488,0.103,0.4482
DIAMONDS TWO CLUBS SIX,0.4296,0.1568,0.4136
DIAMONDS TWO CLUBS FOUR,0.4492,0.2424,0.3084
CLUBS FOUR SPADES FIVE,0.2506,0.4884,0.261
CLUBS FOUR SPADES FOUR,0.2672,0.1454,0.5874
CLUBS FOUR SPADES THREE,0.4264,0.3714,0.2022
CLUBS FOUR SPADES TWO,0.4358,0.2388,0.3254
SPADES NINE CLUBS FOUR,0.4196,0.0472,0.5332
SPADES EIGHT CLUBS FOUR,0.3988,0.0704,0.5308
SPADES SEVEN CLUBS FOUR,0.3966,0.098,0.5054
CLUBS FOUR SPADES SIX,0.38,0.1466,0.4734
SPADES ACE DIAMONDS SIX,0.3936,0.0054,0.601
SPADES QUEEN DIAMONDS SIX,0.3922,0.0128,0.595
SPADES KING DIAMONDS SIX,0.4102,0.0098,0.58
SPADES TEN DIAMONDS SIX,0.3906,0.029,0.5804
SPADES JACK DIAMONDS SIX,0.4044,0.0174,0.5782
SPADES QUEEN SPADES TWO,0.4356,0.0152,0.5492
SPADES KING SPADES TWO,0.4264,0.0078,0.5658
SPADES ACE SPADES TWO,0.4188,0.0064,0.5748
CLUBS JACK DIAMONDS JACK,0.1908,0.0524,0.7568
CLUBS TEN DIAMONDS JACK,0.3816,0.0166,0.6018
DIAMONDS JACK CLUBS KING,0.3882,0.0098,0.602
DIAMONDS JACK CLUBS QUEEN,0.3856,0.0098,0.6046
DIAMONDS THREE DIAMONDS JACK,0.313,0.0498,0.6372
DIAMONDS THREE DIAMONDS TEN,0.293,0.0732,0.6338
DIAMONDS JACK CLUBS ACE,0.3866,0.0042,0.6092
DIAMONDS THREE DIAMONDS KING,0.3,0.0228,0.6772
HEARTS THREE DIAMONDS THREE,0.3022,0.111,0.5868
DIAMONDS THREE DIAMONDS QUEEN,0.2932,0.0442,0.6626
DIAMONDS THREE HEARTS TWO,0.4354,0.3568,0.2078
HEARTS FIVE DIAMONDS THREE,0.0762,0.904,0.0198
DIAMONDS THREE DIAMONDS ACE,0.29,0.014,0.696
HEARTS FOUR DIAMONDS THREE,0.438,0.3498,0.2122
DIAMONDS THREE HEARTS SEVEN,0.31,0.1738,0.5162
SPADES TEN SPADES NINE,0.3732,0.02,0.6068
HEARTS SIX DIAMONDS THREE,0.2928,0.2596,0.4476
SPADES JACK SPADES NINE,0.3752,0.0162,0.6086
DIAMONDS THREE HEARTS NINE,0.3136,0.1012,0.5852
HEARTS JACK DIAMONDS FOUR,0.418,0.017,0.565
HEARTS KING HEARTS ACE,0.3796,0.0058,0.6146
SPADES TEN SPADES TWO,0.4236,0.023,0.5534
DIAMONDS THREE HEARTS EIGHT,0.3254,0.1386,0.536
HEARTS TEN DIAMONDS FOUR,0.4186,0.029,0.5524
SPADES JACK SPADES TWO,0.4234,0.0238,0.5528
HEARTS QUEEN DIAMONDS FOUR,0.4296,0.0132,0.5572
HEARTS KING DIAMONDS FOUR,0.4372,0.0098,0.553
SPADES ACE SPADES NINE,0.3688,0.0074,0.6238
HEARTS ACE DIAMONDS FOUR,0.4048,0.004,0.5912
SPADES KING SPADES NINE,0.3866,0.0078,0.6056
SPADES QUEEN SPADES NINE,0.3694,0.0086,0.622
DIAMONDS THREE SPADES NINE,0.323,0.1022,0.5748
DIAMONDS THREE SPADES EIGHT,0.3078,0.1428,0.5494
DIAMONDS THREE SPADES SEVEN,0.307,0.1822,0.5108
DIAMONDS THREE SPADES SIX,0.298,0.2666,0.4354
DIAMONDS THREE CLUBS SIX,0.2818,0.261,0.4572
CLUBS ACE DIAMONDS FOUR,0.4114,0.005,0.5836
DIAMONDS THREE CLUBS SEVEN,0.2874,0.1912,0.5214
DIAMONDS THREE CLUBS FOUR,0.4408,0.3534,0.2058
DIAMONDS FOUR CLUBS QUEEN,0.4144,0.0126,0.573
DIAMONDS FOUR CLUBS KING,0.4042,0.0116,0.5842
DIAMONDS THREE CLUBS TWO,0.416,0.3702,0.2138
CLUBS TEN DIAMONDS FOUR,0.411,0.0284,0.5606
CLUBS JACK DIAMONDS FOUR,0.4146,0.0156,0.5698
DIAMONDS THREE SPADES FOUR,0.444,0.3594,0.1966
DIAMONDS THREE SPADES FIVE,0.0732,0.9074,0.0194
DIAMONDS THREE SPADES TWO,0.435,0.3516,0.2134
DIAMONDS THREE SPADES THREE,0.3108,0.1144,0.5748
CLUBS EIGHT DIAMONDS THREE,0.3038,0.1382,0.558
CLUBS NINE DIAMONDS THREE,0.306,0.1082,0.5858
SPADES SEVEN CLUBS ACE,0.387,0.0062,0.6068
SPADES SEVEN CLUBS QUEEN,0.3912,0.014,0.5948
SPADES SEVEN CLUBS KING,0.3782,0.0094,0.6124
CLUBS TEN SPADES SEVEN,0.3796,0.027,0.5934
CLUBS JACK SPADES SEVEN,0.404,0.0182,0.5778
CLUBS ACE CLUBS QUEEN,0.3496,0.008,0.6424
CLUBS KING CLUBS QUEEN,0.338,0.0074,0.6546
DIAMONDS TEN DIAMONDS FOUR,0.396,0.0284,0.5756
CLUBS TEN DIAMONDS NINE,0.388,0.0254,0.5866
DIAMONDS JACK DIAMONDS FOUR,0.3966,0.0178,0.5856
CLUBS JACK DIAMONDS NINE,0.3874,0.017,0.5956
CLUBS JACK SPADES NINE,0.3774,0.016,0.6066
CLUBS TEN SPADES NINE,0.3706,0.0232,0.6062
DIAMONDS ACE DIAMONDS FOUR,0.3834,0.008,0.6086
HEARTS FOUR DIAMONDS FOUR,0.2734,0.1328,0.5938
DIAMONDS JACK HEARTS TEN,0.3934,0.016,0.5906
SPADES NINE CLUBS KING,0.3896,0.006,0.6044
DIAMONDS TWO SPADES TEN,0.446,0.0296,0.5244
DIAMONDS NINE CLUBS ACE,0.389,0.0064,0.6046
HEARTS FIVE DIAMONDS FOUR,0.2548,0.4734,0.2718
HEARTS JACK DIAMONDS JACK,0.214,0.0512,0.7348
SPADES NINE CLUBS QUEEN,0.3926,0.0138,0.5936
DIAMONDS TWO SPADES JACK,0.4536,0.0224,0.524
DIAMONDS QUEEN DIAMONDS FOUR,0.4134,0.0108,0.5758
HEARTS TWO DIAMONDS FOUR,0.4632,0.2276,0.3092
DIAMONDS NINE CLUBS QUEEN,0.382,0.011,0.607
DIAMONDS KING DIAMONDS FOUR,0.3912,0.0094,0.5994
HEARTS THREE DIAMONDS FOUR,0.4308,0.3486,0.2206
SPADES NINE CLUBS ACE,0.3884,0.005,0.6066
DIAMONDS NINE CLUBS KING,0.395,0.0092,0.5958
HEARTS ACE DIAMONDS JACK,0.4052,0.0034,0.5914
SPADES ACE DIAMONDS TWO,0.4416,0.0068,0.5516
DIAMONDS JACK HEARTS QUEEN,0.3852,0.0124,0.6024
SPADES QUEEN DIAMONDS TWO,0.449,0.0118,0.5392
HEARTS KING DIAMONDS JACK,0.4036,0.0058,0.5906
SPADES KING DIAMONDS TWO,0.4564,0.008,0.5356
SPADES JACK SPADES SEVEN,0.3608,0.02,0.6192
SPADES TEN SPADES SEVEN,0.3706,0.0272,0.6022
SPADES TWO DIAMONDS FOUR,0.4614,0.2348,0.3038
SPADES THREE DIAMONDS FOUR,0.4398,0.348,0.2122
SPADES FOUR DIAMONDS FOUR,0.2552,0.1504,0.5944
SPADES FIVE DIAMONDS FOUR,0.281,0.4662,0.2528
SPADES SIX DIAMONDS FOUR,0.389,0.1518,0.4592
SPADES SEVEN DIAMONDS FOUR,0.4074,0.092,0.5006
SPADES EIGHT DIAMONDS FOUR,0.408,0.062,0.53
SPADES NINE DIAMONDS FOUR,0.4348,0.04,0.5252
CLUBS FOUR DIAMONDS FOUR,0.2576,0.1482,0.5942
CLUBS SEVEN DIAMONDS FOUR,0.381,0.1074,0.5116
CLUBS SIX DIAMONDS FOUR,0.3766,0.1604,0.463
CLUBS NINE DIAMONDS FOUR,0.4162,0.0464,0.5374
CLUBS EIGHT DIAMONDS FOUR,0.3922,0.0746,0.5332
DIAMONDS FOUR HEARTS SEVEN,0.4104,0.0876,0.502
HEARTS SIX DIAMONDS FOUR,0.3962,0.1474,0.4564
HEARTS NINE DIAMONDS FOUR,0.4222,0.0428,0.535
DIAMONDS FOUR HEARTS EIGHT,0.416,0.0684,0.5156
CLUBS TWO DIAMONDS FOUR,0.4446,0.2336,0.3218
DIAMONDS TEN DIAMONDS FIVE,0.2984,0.0756,0.626
DIAMONDS JACK DIAMONDS FIVE,0.2906,0.061,0.6484
DIAMONDS NINE HEARTS QUEEN,0.4088,0.0106,0.5806
HEARTS KING DIAMONDS NINE,0.3934,0.008,0.5986
DIAMONDS NINE HEARTS ACE,0.3984,0.005,0.5966
DIAMONDS NINE HEARTS TEN,0.3858,0.0208,0.5934
DIAMONDS NINE HEARTS JACK,0.4,0.014,0.586
CLUBS KING DIAMONDS SIX,0.3876,0.009,0.6034
CLUBS QUEEN DIAMONDS SIX,0.386,0.0132,0.6008
CLUBS ACE DIAMONDS SIX,0.365,0.006,0.629
SPADES KING DIAMONDS FOUR,0.4248,0.0088,0.5664
SPADES ACE SPADES SEVEN,0.3646,0.007,0.6284
SPADES QUEEN DIAMONDS FOUR,0.4208,0.0118,0.5674
SPADES QUEEN SPADES SEVEN,0.379,0.0108,0.6102
CLUBS JACK DIAMONDS SIX,0.381,0.023,0.596
SPADES KING SPADES SEVEN,0.3766,0.0072,0.6162
SPADES ACE DIAMONDS FOUR,0.4114,0.0056,0.583
CLUBS TEN DIAMONDS SIX,0.3804,0.0328,0.5868
CLUBS NINE CLUBS FOUR,0.367,0.0478,0.5852
CLUBS EIGHT CLUBS FOUR,0.3418,0.0756,0.5826
SPADES JACK DIAMONDS FOUR,0.4218,0.0216,0.5566
SPADES TEN DIAMONDS FOUR,0.422,0.0314,0.5466
CLUBS SEVEN CLUBS FOUR,0.3426,0.1076,0.5498
CLUBS SIX CLUBS FOUR,0.32,0.1534,0.5266
CLUBS SEVEN SPADES EIGHT,0.3708,0.065,0.5642
SPADES NINE CLUBS SEVEN,0.381,0.0392,0.5798
CLUBS SEVEN SPADES SIX,0.3588,0.091,0.5502
CLUBS SEVEN SPADES SEVEN,0.1778,0.1128,0.7094
CLUBS SEVEN SPADES FIVE,0.2846,0.1996,0.5158
CLUBS SEVEN SPADES FOUR,0.3956,0.09,0.5144
CLUBS SEVEN SPADES THREE,0.289,0.1908,0.5202
CLUBS SEVEN SPADES TWO,0.438,0.0942,0.4678
CLUBS NINE CLUBS SEVEN,0.3372,0.0448,0.618
CLUBS EIGHT CLUBS SEVEN,0.3224,0.0568,0.6208
HEARTS SIX DIAMONDS FIVE,0.2766,0.2594,0.464
DIAMONDS FIVE HEARTS SEVEN,0.2868,0.1928,0.5204
DIAMONDS FIVE HEARTS EIGHT,0.2942,0.1454,0.5604
HEARTS NINE DIAMONDS FIVE,0.322,0.099,0.579
DIAMONDS QUEEN DIAMONDS FIVE,0.3016,0.0518,0.6466
HEARTS TWO DIAMONDS FIVE,0.3232,0.48,0.1968
HEARTS KING HEARTS EIGHT,0.3776,0.009,0.6134
DIAMONDS KING DIAMONDS FIVE,0.2872,0.0384,0.6744
HEARTS THREE DIAMONDS FIVE,0.069,0.91,0.021
HEARTS QUEEN HEARTS EIGHT,0.365,0.011,0.624
DIAMONDS ACE DIAMONDS FIVE,0.288,0.0272,0.6848
HEARTS FOUR DIAMONDS FIVE,0.2648,0.472,0.2632
HEARTS FIVE DIAMONDS FIVE,0.1476,0.132,0.7204
HEARTS ACE HEARTS EIGHT,0.3762,0.0058,0.618
CLUBS FOUR DIAMONDS FIVE,0.2504,0.484,0.2656
CLUBS SIX DIAMONDS FIVE,0.2676,0.2658,0.4666
CLUBS SEVEN DIAMONDS FIVE,0.2902,0.205,0.5048
CLUBS TWO DIAMONDS FIVE,0.3098,0.4894,0.2008
SPADES THREE DIAMONDS FIVE,0.0718,0.9068,0.0214
SPADES TWO DIAMONDS FIVE,0.3118,0.4872,0.201
SPADES JACK DIAMONDS EIGHT,0.3998,0.0174,0.5828
SPADES FIVE DIAMONDS FIVE,0.1426,0.1214,0.736
CLUBS TEN HEARTS JACK,0.3762,0.014,0.6098
SPADES TEN DIAMONDS EIGHT,0.3832,0.0272,0.5896
SPADES FOUR DIAMONDS FIVE,0.2556,0.4918,0.2526
CLUBS JACK HEARTS JACK,0.2016,0.0468,0.7516
HEARTS JACK CLUBS QUEEN,0.377,0.011,0.612
CLUBS NINE DIAMONDS FIVE,0.2896,0.1076,0.6028
CLUBS EIGHT DIAMONDS FIVE,0.2852,0.1472,0.5676
HEARTS JACK CLUBS KING,0.3954,0.0108,0.5938
HEARTS JACK CLUBS ACE,0.3842,0.0058,0.61
SPADES SEVEN DIAMONDS FIVE,0.2946,0.183,0.5224
SPADES KING DIAMONDS EIGHT,0.411,0.0068,0.5822
SPADES QUEEN DIAMONDS EIGHT,0.3976,0.0116,0.5908
SPADES SIX DIAMONDS FIVE,0.2914,0.2568,0.4518
SPADES NINE DIAMONDS FIVE,0.3044,0.1048,0.5908
SPADES EIGHT DIAMONDS FIVE,0.3068,0.149,0.5442
SPADES ACE DIAMONDS EIGHT,0.3916,0.0036,0.6048
DIAMONDS TEN DIAMONDS SIX,0.3768,0.0288,0.5944
HEARTS ACE DIAMONDS SEVEN,0.3966,0.0056,0.5978
DIAMONDS JACK DIAMONDS SIX,0.3812,0.0172,0.6016
HEARTS QUEEN DIAMONDS SEVEN,0.3922,0.0118,0.596
HEARTS KING DIAMONDS SEVEN,0.4026,0.0082,0.5892
DIAMONDS ACE DIAMONDS SIX,0.3712,0.0052,0.6236
HEARTS FOUR DIAMONDS SIX,0.3798,0.1488,0.4714
HEARTS JACK SPADES TWO,0.447,0.0202,0.5328
HEARTS FIVE DIAMONDS SIX,0.2954,0.2568,0.4478
SPADES TWO HEARTS TEN,0.4506,0.0314,0.518
DIAMONDS QUEEN DIAMONDS SIX,0.374,0.0132,0.6128
HEARTS TWO DIAMONDS SIX,0.4392,0.1478,0.413
DIAMONDS KING DIAMONDS SIX,0.3808,0.008,0.6112
HEARTS THREE DIAMONDS SIX,0.3008,0.2616,0.4376
HEARTS EIGHT DIAMONDS SIX,0.3846,0.0656,0.5498
HEARTS NINE DIAMONDS SIX,0.3928,0.0416,0.5656
HEARTS SIX DIAMONDS SIX,0.1814,0.1186,0.7
HEARTS SEVEN DIAMONDS SIX,0.3598,0.0906,0.5496
HEARTS TEN DIAMONDS SEVEN,0.396,0.0238,0.5802
CLUBS TWO DIAMONDS SIX,0.4288,0.151,0.4202
HEARTS JACK DIAMONDS SEVEN,0.4226,0.0204,0.557
CLUBS SEVEN DIAMONDS SIX,0.37,0.0962,0.5338
CLUBS JACK DIAMONDS EIGHT,0.3786,0.0186,0.6028
CLUBS SIX DIAMONDS SIX,0.1716,0.1318,0.6966
CLUBS TEN DIAMONDS EIGHT,0.3824,0.0254,0.5922
CLUBS FOUR DIAMONDS SIX,0.3874,0.146,0.4666
HEARTS ACE HEARTS JACK,0.3892,0.0046,0.6062
DIAMONDS EIGHT CLUBS ACE,0.3876,0.0068,0.6056
HEARTS JACK HEARTS QUEEN,0.3752,0.008,0.6168
DIAMONDS EIGHT CLUBS KING,0.3808,0.0082,0.611
CLUBS NINE DIAMONDS SIX,0.3748,0.0466,0.5786
HEARTS KING HEARTS JACK,0.3758,0.0078,0.6164
CLUBS EIGHT DIAMONDS SIX,0.3748,0.062,0.5632
DIAMONDS EIGHT CLUBS QUEEN,0.3792,0.0124,0.6084
SPADES TEN HEARTS KING,0.412,0.007,0.581
SPADES FIVE DIAMONDS SIX,0.2908,0.251,0.4582
HEARTS ACE SPADES TWO,0.4268,0.0056,0.5676
SPADES JACK HEARTS KING,0.4038,0.0076,0.5886
SPADES FOUR DIAMONDS SIX,0.3932,0.1416,0.4652
SPADES THREE DIAMONDS SIX,0.2876,0.2628,0.4496
HEARTS QUEEN SPADES TWO,0.4552,0.012,0.5328
SPADES ACE SPADES KING,0.371,0.0048,0.6242
HEARTS KING SPADES TWO,0.454,0.0074,0.5386
SPADES TWO DIAMONDS SIX,0.4306,0.1518,0.4176
HEARTS TEN HEARTS EIGHT,0.367,0.024,0.609
SPADES NINE DIAMONDS SIX,0.3936,0.0376,0.5688
HEARTS JACK HEARTS EIGHT,0.3664,0.019,0.6146
SPADES EIGHT DIAMONDS SIX,0.3858,0.0666,0.5476
SPADES SEVEN DIAMONDS SIX,0.372,0.0952,0.5328
SPADES SIX DIAMONDS SIX,0.1766,0.119,0.7044
SPADES KING HEARTS KING,0.2186,0.0174,0.764
SPADES QUEEN HEARTS KING,0.407,0.0062,0.5868
CLUBS ACE CLUBS KING,0.3564,0.006,0.6376
SPADES ACE HEARTS KING,0.3982,0.0058,0.596
SPADES ACE HEARTS JACK,0.3986,0.0032,0.5982
SPADES QUEEN HEARTS JACK,0.3956,0.0124,0.592
SPADES KING HEARTS JACK,0.399,0.0074,0.5936
SPADES TEN DIAMONDS TEN,0.2178,0.0606,0.7216
SPADES JACK DIAMONDS TEN,0.3912,0.014,0.5948
SPADES ACE DIAMONDS TEN,0.3946,0.0038,0.6016
SPADES JACK HEARTS JACK,0.2184,0.0536,0.728
SPADES TEN HEARTS JACK,0.3848,0.0134,0.6018
SPADES QUEEN DIAMONDS TEN,0.397,0.0104,0.5926
SPADES KING DIAMONDS TEN,0.4028,0.0064,0.5908
SPADES NINE DIAMONDS SEVEN,0.3992,0.0384,0.5624
SPADES EIGHT DIAMONDS SEVEN,0.3864,0.0538,0.5598
SPADES SEVEN DIAMONDS SEVEN,0.1978,0.1144,0.6878
SPADES SIX DIAMONDS SEVEN,0.3642,0.094,0.5418
DIAMONDS KING DIAMONDS SEVEN,0.3824,0.0068,0.6108
HEARTS THREE DIAMONDS SEVEN,0.3068,0.192,0.5012
HEARTS KING DIAMONDS FIVE,0.3148,0.0374,0.6478
DIAMONDS QUEEN DIAMONDS SEVEN,0.3768,0.01,0.6132
HEARTS TWO DIAMONDS SEVEN,0.4574,0.093,0.4496
HEARTS QUEEN DIAMONDS FIVE,0.3178,0.044,0.6382
HEARTS FIVE DIAMONDS SEVEN,0.3022,0.184,0.5138
DIAMONDS ACE DIAMONDS SEVEN,0.37,0.0046,0.6254
HEARTS FOUR DIAMONDS SEVEN,0.3966,0.0996,0.5038
HEARTS ACE DIAMONDS FIVE,0.3078,0.0254,0.6668
HEARTS SEVEN DIAMONDS SEVEN,0.208,0.105,0.687
HEARTS SIX DIAMONDS SEVEN,0.375,0.0964,0.5286
HEARTS NINE DIAMONDS SEVEN,0.3946,0.035,0.5704
DIAMONDS SEVEN HEARTS EIGHT,0.3828,0.0574,0.5598
DIAMONDS JACK DIAMONDS SEVEN,0.3838,0.0144,0.6018
HEARTS JACK DIAMONDS FIVE,0.311,0.0638,0.6252
DIAMONDS TEN DIAMONDS SEVEN,0.3774,0.0308,0.5918
DIAMONDS FIVE HEARTS TEN,0.3192,0.0776,0.6032
CLUBS EIGHT DIAMONDS SEVEN,0.3654,0.0572,0.5774
SPADES KING CLUBS TWO,0.4386,0.0118,0.5496
HEARTS KING CLUBS KING,0.2116,0.0182,0.7702
SPADES QUEEN CLUBS TWO,0.441,0.0132,0.5458
HEARTS KING CLUBS QUEEN,0.3772,0.0086,0.6142
CLUBS NINE DIAMONDS SEVEN,0.3536,0.0446,0.6018
CLUBS JACK SPADES TWO,0.448,0.0206,0.5314
CLUBS SIX CLUBS SEVEN,0.3164,0.0976,0.586
SPADES ACE CLUBS TWO,0.4346,0.005,0.5604
CLUBS TEN SPADES TWO,0.4382,0.03,0.5318
HEARTS KING CLUBS ACE,0.3842,0.0064,0.6094
SPADES TWO CLUBS KING,0.4374,0.009,0.5536
SPADES TWO DIAMONDS SEVEN,0.4468,0.0956,0.4576
CLUBS EIGHT CLUBS SIX,0.3274,0.068,0.6046
SPADES THREE DIAMONDS SEVEN,0.317,0.1882,0.4948
SPADES TWO CLUBS QUEEN,0.4482,0.0156,0.5362
CLUBS NINE CLUBS SIX,0.34,0.046,0.614
SPADES FOUR DIAMONDS SEVEN,0.389,0.0936,0.5174
CLUBS JACK HEARTS KING,0.3932,0.0084,0.5984
SPADES FIVE DIAMONDS SEVEN,0.31,0.1822,0.5078
SPADES TWO CLUBS ACE,0.4242,0.0058,0.57
CLUBS TEN HEARTS KING,0.3882,0.0098,0.602
CLUBS SIX SPADES TWO,0.418,0.161,0.421
CLUBS SIX SPADES THREE,0.2846,0.2672,0.4482
CLUBS TWO DIAMONDS SEVEN,0.4412,0.1044,0.4544
CLUBS SIX SPADES FOUR,0.3726,0.1566,0.4708
CLUBS SIX SPADES FIVE,0.2792,0.2548,0.466
CLUBS FOUR DIAMONDS SEVEN,0.3844,0.1058,0.5098
CLUBS SIX SPADES SIX,0.1694,0.125,0.7056
CLUBS SIX SPADES SEVEN,0.3618,0.092,0.5462
CLUBS SIX DIAMONDS SEVEN,0.3536,0.099,0.5474
CLUBS SIX SPADES EIGHT,0.3626,0.0656,0.5718
SPADES JACK CLUBS TWO,0.4492,0.0244,0.5264
CLUBS SEVEN DIAMONDS SEVEN,0.1816,0.1084,0.71
CLUBS SIX SPADES NINE,0.383,0.0408,0.5762
SPADES TEN CLUBS TWO,0.4392,0.0322,0.5286
CLUBS TWO CLUBS QUEEN,0.3982,0.0152,0.5866
CLUBS TWO CLUBS KING,0.4018,0.0102,0.588
CLUBS TWO CLUBS ACE,0.3872,0.0064,0.6064
CLUBS TWO DIAMONDS EIGHT,0.4432,0.0724,0.4844
DIAMONDS EIGHT HEARTS SEVEN,0.3834,0.063,0.5536
HEARTS SIX DIAMONDS EIGHT,0.3776,0.0598,0.5626
DIAMONDS EIGHT HEARTS NINE,0.3836,0.0366,0.5798
CLUBS TEN CLUBS TWO,0.405,0.0338,0.5612
DIAMONDS EIGHT HEARTS EIGHT,0.2084,0.0912,0.7004
CLUBS JACK CLUBS TWO,0.393,0.026,0.581
CLUBS NINE DIAMONDS EIGHT,0.3692,0.0366,0.5942
CLUBS EIGHT DIAMONDS EIGHT,0.194,0.0926,0.7134
SPADES ACE SPADES THREE,0.2748,0.0184,0.7068
CLUBS FOUR DIAMONDS EIGHT,0.4086,0.0626,0.5288
CLUBS SEVEN DIAMONDS EIGHT,0.3682,0.0588,0.573
SPADES QUEEN SPADES THREE,0.3,0.0388,0.6612
CLUBS SIX DIAMONDS EIGHT,0.3616,0.0652,0.5732
SPADES KING SPADES THREE,0.3034,0.0284,0.6682
DIAMONDS QUEEN DIAMONDS EIGHT,0.3758,0.0148,0.6094
HEARTS TWO DIAMONDS EIGHT,0.4488,0.0634,0.4878
DIAMONDS KING DIAMONDS EIGHT,0.3886,0.0076,0.6038
HEARTS THREE DIAMONDS EIGHT,0.3276,0.14,0.5324
DIAMONDS ACE DIAMONDS EIGHT,0.3684,0.005,0.6266
HEARTS FOUR DIAMONDS EIGHT,0.4038,0.0634,0.5328
HEARTS FIVE DIAMONDS EIGHT,0.292,0.1432,0.5648
DIAMONDS EIGHT DIAMONDS TEN,0.3674,0.0238,0.6088
DIAMONDS EIGHT DIAMONDS JACK,0.365,0.0178,0.6172
SPADES JACK SPADES THREE,0.3072,0.0512,0.6416
SPADES TEN SPADES THREE,0.3016,0.0684,0.63
CLUBS FOUR HEARTS ACE,0.4046,0.0068,0.5886
CLUBS FOUR HEARTS QUEEN,0.4286,0.0136,0.5578
CLUBS FOUR HEARTS KING,0.4302,0.0112,0.5586
CLUBS SIX HEARTS TEN,0.3884,0.0254,0.5862
CLUBS SIX HEARTS JACK,0.3796,0.0194,0.601
DIAMONDS EIGHT SPADES FOUR,0.4232,0.0656,0.5112
SPADES FIVE DIAMONDS EIGHT,0.297,0.1466,0.5564
DIAMONDS EIGHT SPADES TWO,0.4412,0.0652,0.4936
DIAMONDS EIGHT SPADES THREE,0.3252,0.1212,0.5536
CLUBS FOUR HEARTS JACK,0.41,0.0206,0.5694
SPADES EIGHT DIAMONDS EIGHT,0.2084,0.0982,0.6934
SPADES TEN DIAMONDS QUEEN,0.3928,0.0098,0.5974
SPADES TEN HEARTS TWO,0.438,0.0332,0.5288
SPADES JACK HEARTS EIGHT,0.3868,0.0186,0.5946
CLUBS FOUR HEARTS TEN,0.4104,0.0292,0.5604
SPADES NINE DIAMONDS EIGHT,0.3856,0.0374,0.577
SPADES TEN HEARTS EIGHT,0.3928,0.0214,0.5858
SPADES JACK HEARTS TWO,0.4572,0.0202,0.5226
SPADES JACK DIAMONDS QUEEN,0.3964,0.0106,0.593
SPADES SIX DIAMONDS EIGHT,0.3716,0.0634,0.565
SPADES SEVEN DIAMONDS EIGHT,0.387,0.0618,0.5512
SPADES ACE HEARTS TWO,0.4332,0.0054,0.5614
SPADES ACE DIAMONDS QUEEN,0.4014,0.0066,0.592
SPADES ACE HEARTS EIGHT,0.3882,0.0036,0.6082
SPADES KING HEARTS EIGHT,0.411,0.009,0.58
SPADES QUEEN HEARTS TWO,0.4512,0.0168,0.532
SPADES QUEEN DIAMONDS QUEEN,0.2204,0.0302,0.7494
SPADES KING DIAMONDS QUEEN,0.419,0.0066,0.5744
SPADES KING HEARTS TWO,0.449,0.0106,0.5404
SPADES QUEEN HEARTS EIGHT,0.4134,0.0114,0.5752
CLUBS TWO HEARTS TEN,0.4446,0.0286,0.5268
CLUBS TWO HEARTS JACK,0.4444,0.022,0.5336
SPADES SEVEN DIAMONDS NINE,0.3946,0.0424,0.563
SPADES SIX DIAMONDS NINE,0.3948,0.0452,0.56
SPADES NINE DIAMONDS NINE,0.208,0.0758,0.7162
SPADES EIGHT DIAMONDS NINE,0.3852,0.04,0.5748
SPADES TEN CLUBS KING,0.393,0.0068,0.6002
DIAMONDS NINE SPADES THREE,0.3236,0.1004,0.576
SPADES JACK CLUBS KING,0.3764,0.0076,0.616
DIAMONDS NINE SPADES TWO,0.454,0.0404,0.5056
DIAMONDS NINE SPADES FIVE,0.3192,0.1094,0.5714
DIAMONDS NINE SPADES FOUR,0.4318,0.0424,0.5258
CLUBS NINE DIAMONDS NINE,0.2058,0.0842,0.71
CLUBS EIGHT DIAMONDS NINE,0.3782,0.038,0.5838
CLUBS SIX DIAMONDS NINE,0.3922,0.0428,0.565
SPADES JACK CLUBS FOUR,0.4166,0.0204,0.563
CLUBS SEVEN DIAMONDS NINE,0.3694,0.0436,0.587
SPADES TEN CLUBS FOUR,0.4162,0.0334,0.5504
CLUBS FOUR DIAMONDS NINE,0.4148,0.045,0.5402
CLUBS TWO DIAMONDS NINE,0.4456,0.044,0.5104
DIAMONDS NINE HEARTS EIGHT,0.388,0.0378,0.5742
DIAMONDS NINE HEARTS NINE,0.2162,0.0744,0.7094
HEARTS SIX DIAMONDS NINE,0.391,0.038,0.571
DIAMONDS NINE HEARTS SEVEN,0.398,0.0398,0.5622
CLUBS EIGHT CLUBS NINE,0.3372,0.0336,0.6292
DIAMONDS ACE DIAMONDS NINE,0.3844,0.0052,0.6104
HEARTS FOUR DIAMONDS NINE,0.4264,0.0458,0.5278
HEARTS FIVE DIAMONDS NINE,0.3118,0.1104,0.5778
CLUBS TWO HEARTS ACE,0.4316,0.0068,0.5616
SPADES ACE CLUBS FOUR,0.3996,0.0048,0.5956
DIAMONDS QUEEN DIAMONDS NINE,0.3856,0.0096,0.6048
HEARTS TWO DIAMONDS NINE,0.4562,0.0422,0.5016
CLUBS TWO HEARTS KING,0.4382,0.01,0.5518
SPADES KING CLUBS FOUR,0.3982,0.0148,0.587
DIAMONDS KING DIAMONDS NINE,0.3624,0.0068,0.6308
HEARTS THREE DIAMONDS NINE,0.3328,0.0954,0.5718
CLUBS TWO HEARTS QUEEN,0.451,0.014,0.535
SPADES QUEEN CLUBS FOUR,0.4292,0.0138,0.557
DIAMONDS NINE DIAMONDS JACK,0.369,0.0166,0.6144
CLUBS EIGHT SPADES NINE,0.3694,0.0352,0.5954
DIAMONDS NINE DIAMONDS TEN,0.3722,0.0196,0.6082
CLUBS EIGHT SPADES EIGHT,0.1884,0.101,0.7106
CLUBS EIGHT SPADES SEVEN,0.3614,0.0598,0.5788
CLUBS EIGHT SPADES SIX,0.3678,0.0616,0.5706
CLUBS EIGHT SPADES FIVE,0.2714,0.1568,0.5718
CLUBS EIGHT SPADES FOUR,0.4004,0.0644,0.5352
CLUBS EIGHT SPADES THREE,0.307,0.138,0.555
CLUBS EIGHT SPADES TWO,0.433,0.0678,0.4992
HEARTS SIX DIAMONDS TEN,0.3946,0.029,0.5764
DIAMONDS TEN HEARTS SEVEN,0.4098,0.0242,0.566
DIAMONDS TEN HEARTS EIGHT,0.397,0.0238,0.5792
CLUBS JACK CLUBS FOUR,0.3834,0.02,0.5966
DIAMONDS TEN HEARTS NINE,0.3926,0.0244,0.583
CLUBS TEN CLUBS FOUR,0.3604,0.0354,0.6042
CLUBS FOUR CLUBS KING,0.3654,0.01,0.6246
CLUBS FOUR CLUBS QUEEN,0.3632,0.0166,0.6202
CLUBS TWO DIAMONDS TEN,0.4528,0.0302,0.517
CLUBS FOUR CLUBS ACE,0.3472,0.0056,0.6472
DIAMONDS JACK DIAMONDS TEN,0.3646,0.0148,0.6206
DIAMONDS QUEEN DIAMONDS TEN,0.3678,0.0138,0.6184
HEARTS TWO DIAMONDS TEN,0.4548,0.0346,0.5106
DIAMONDS KING DIAMONDS TEN,0.3792,0.0114,0.6094
HEARTS THREE DIAMONDS TEN,0.3312,0.0688,0.6
DIAMONDS ACE DIAMONDS TEN,0.3806,0.0038,0.6156
HEARTS FOUR DIAMONDS TEN,0.422,0.028,0.55
CLUBS EIGHT HEARTS JACK,0.3878,0.0166,0.5956
HEARTS FIVE DIAMONDS TEN,0.3262,0.0854,0.5884
CLUBS EIGHT HEARTS TEN,0.364,0.027,0.609
CLUBS EIGHT HEARTS QUEEN,0.3814,0.0148,0.6038
CLUBS EIGHT HEARTS KING,0.3976,0.008,0.5944
CLUBS EIGHT HEARTS ACE,0.3902,0.0056,0.6042
CLUBS NINE SPADES THREE,0.2942,0.1072,0.5986
CLUBS NINE SPADES TWO,0.4282,0.0468,0.525
CLUBS NINE SPADES FIVE,0.3022,0.1036,0.5942
CLUBS NINE SPADES FOUR,0.4056,0.0452,0.5492
CLUBS NINE SPADES SEVEN,0.3774,0.0416,0.581
CLUBS NINE SPADES SIX,0.376,0.0456,0.5784
CLUBS NINE SPADES NINE,0.1992,0.0848,0.716
CLUBS TEN HEARTS EIGHT,0.3746,0.0272,0.5982
CLUBS NINE SPADES EIGHT,0.3762,0.0432,0.5806
CLUBS JACK HEARTS EIGHT,0.383,0.0186,0.5984
CLUBS QUEEN HEARTS EIGHT,0.3798,0.0132,0.607
CLUBS KING HEARTS EIGHT,0.3846,0.0102,0.6052
CLUBS ACE HEARTS EIGHT,0.3978,0.0068,0.5954
SPADES KING CLUBS KING,0.2048,0.0202,0.775
SPADES QUEEN CLUBS KING,0.3954,0.0086,0.596
SPADES ACE CLUBS KING,0.3912,0.0072,0.6016
DIAMONDS ACE HEARTS TEN,0.3826,0.006,0.6114
HEARTS FOUR HEARTS TEN,0.4168,0.0284,0.5548
DIAMONDS ACE HEARTS JACK,0.4002,0.0042,0.5956
HEARTS FOUR HEARTS JACK,0.4048,0.0226,0.5726
DIAMONDS JACK HEARTS SEVEN,0.3968,0.017,0.5862
HEARTS SIX DIAMONDS JACK,0.3964,0.021,0.5826
DIAMONDS JACK HEARTS NINE,0.3948,0.019,0.5862
DIAMONDS JACK HEARTS EIGHT,0.4028,0.0154,0.5818
DIAMONDS KING DIAMONDS JACK,0.3914,0.0074,0.6012
HEARTS THREE DIAMONDS JACK,0.3216,0.0514,0.627
SPADES ACE SPADES SIX,0.3622,0.0062,0.6316
HEARTS ACE SPADES FOUR,0.4092,0.0062,0.5846
DIAMONDS QUEEN DIAMONDS JACK,0.3802,0.011,0.6088
HEARTS TWO DIAMONDS JACK,0.4574,0.0202,0.5224
HEARTS FIVE DIAMONDS JACK,0.3302,0.0652,0.6046
SPADES QUEEN SPADES SIX,0.3874,0.0108,0.6018
SPADES FOUR HEARTS QUEEN,0.4246,0.0168,0.5586
DIAMONDS ACE DIAMONDS JACK,0.3678,0.0036,0.6286
HEARTS FOUR DIAMONDS JACK,0.4136,0.0238,0.5626
SPADES KING SPADES SIX,0.3842,0.0098,0.606
HEARTS KING SPADES FOUR,0.4216,0.0086,0.5698
SPADES TEN SPADES SIX,0.3684,0.0254,0.6062
SPADES JACK SPADES SIX,0.3822,0.019,0.5988
SPADES FOUR DIAMONDS JACK,0.437,0.0206,0.5424
SPADES FIVE DIAMONDS JACK,0.3116,0.0632,0.6252
DIAMONDS JACK SPADES TWO,0.435,0.0226,0.5424
DIAMONDS JACK SPADES THREE,0.3116,0.0572,0.6312
SPADES ACE DIAMONDS THREE,0.2972,0.0156,0.6872
CLUBS EIGHT DIAMONDS JACK,0.382,0.0164,0.6016
SPADES QUEEN DIAMONDS THREE,0.3312,0.0412,0.6276
SPADES KING DIAMONDS THREE,0.3282,0.0324,0.6394
CLUBS NINE DIAMONDS JACK,0.3818,0.0144,0.6038
CLUBS SIX DIAMONDS JACK,0.3922,0.0196,0.5882
CLUBS SEVEN DIAMONDS JACK,0.3776,0.0182,0.6042
CLUBS FOUR DIAMONDS JACK,0.4214,0.0204,0.5582
CLUBS TWO DIAMONDS JACK,0.4542,0.0226,0.5232
HEARTS SIX SPADES JACK,0.4028,0.0182,0.579
HEARTS SIX SPADES TEN,0.3988,0.0294,0.5718
SPADES JACK DIAMONDS THREE,0.3102,0.05,0.6398
CLUBS SEVEN CLUBS ACE,0.3538,0.0056,0.6406
DIAMONDS THREE SPADES TEN,0.3268,0.077,0.5962
CLUBS SEVEN CLUBS QUEEN,0.3618,0.0156,0.6226
CLUBS SEVEN CLUBS KING,0.3474,0.0098,0.6428
SPADES NINE DIAMONDS JACK,0.3924,0.016,0.5916
CLUBS TEN CLUBS SEVEN,0.3446,0.032,0.6234
DIAMONDS ACE HEARTS ACE,0.1946,0.0032,0.8022
HEARTS FOUR HEARTS ACE,0.3966,0.0064,0.597
SPADES EIGHT DIAMONDS JACK,0.3978,0.0194,0.5828
SPADES ACE HEARTS SIX,0.3958,0.0052,0.599
CLUBS JACK CLUBS SEVEN,0.3492,0.0196,0.6312
DIAMONDS ACE HEARTS KING,0.401,0.0052,0.5938
HEARTS FOUR HEARTS KING,0.4086,0.0088,0.5826
SPADES SEVEN DIAMONDS JACK,0.3994,0.0174,0.5832
SPADES KING HEARTS SIX,0.4,0.009,0.591
DIAMONDS ACE HEARTS QUEEN,0.4,0.005,0.595
HEARTS FOUR HEARTS QUEEN,0.3886,0.0142,0.5972
SPADES QUEEN HEARTS SIX,0.4076,0.0144,0.578
SPADES SIX DIAMONDS JACK,0.4034,0.0194,0.5772
DIAMONDS TEN SPADES TWO,0.4592,0.0278,0.513
SPADES THREE DIAMONDS TEN,0.3254,0.0758,0.5988
SPADES FOUR DIAMONDS TEN,0.4146,0.0286,0.5568
SPADES FIVE DIAMONDS TEN,0.3054,0.0782,0.6164
SPADES SIX DIAMONDS TEN,0.4078,0.0282,0.564
SPADES SEVEN DIAMONDS TEN,0.4048,0.026,0.5692
SPADES EIGHT DIAMONDS TEN,0.3906,0.0282,0.5812
SPADES NINE DIAMONDS TEN,0.3842,0.025,0.5908
CLUBS FOUR DIAMONDS TEN,0.4206,0.031,0.5484
CLUBS SIX DIAMONDS TEN,0.3916,0.0222,0.5862
CLUBS SEVEN DIAMONDS TEN,0.38,0.0278,0.5922
CLUBS EIGHT DIAMONDS TEN,0.3712,0.0254,0.6034
CLUBS NINE DIAMONDS TEN,0.3804,0.0226,0.597
CLUBS JACK DIAMONDS THREE,0.3078,0.0566,0.6356
CLUBS TEN DIAMONDS THREE,0.3004,0.0754,0.6242
DIAMONDS THREE CLUBS KING,0.3032,0.0284,0.6684
DIAMONDS THREE CLUBS QUEEN,0.3152,0.0428,0.642
DIAMONDS THREE CLUBS ACE,0.2904,0.0174,0.6922
SPADES FOUR HEARTS JACK,0.4358,0.0206,0.5436
SPADES FOUR HEARTS TEN,0.4254,0.0292,0.5454
SPADES FIVE SPADES TWO,0.2994,0.4476,0.253
SPADES FOUR SPADES TWO,0.4384,0.2172,0.3444
SPADES THREE SPADES TWO,0.4164,0.3356,0.248
SPADES NINE SPADES TWO,0.4144,0.0446,0.541
SPADES EIGHT SPADES TWO,0.4098,0.068,0.5222
SPADES SEVEN SPADES TWO,0.4286,0.0964,0.475
SPADES SIX SPADES TWO,0.4168,0.1388,0.4444
DIAMONDS QUEEN CLUBS TWO,0.4464,0.0142,0.5394
CLUBS TWO HEARTS TWO,0.3714,0.1544,0.4742
DIAMONDS QUEEN HEARTS SEVEN,0.397,0.0124,0.5906
HEARTS TWO HEARTS SEVEN,0.4296,0.1002,0.4702
HEARTS SIX DIAMONDS QUEEN,0.4076,0.0116,0.5808
HEARTS SIX HEARTS TWO,0.4056,0.1404,0.454
DIAMONDS QUEEN HEARTS NINE,0.3986,0.0102,0.5912
HEARTS TWO HEARTS NINE,0.4366,0.041,0.5224
DIAMONDS QUEEN HEARTS EIGHT,0.3914,0.0124,0.5962
HEARTS TWO HEARTS EIGHT,0.4192,0.0548,0.526
CLUBS NINE HEARTS TWO,0.4316,0.0474,0.521
CLUBS NINE DIAMONDS QUEEN,0.3836,0.0122,0.6042
CLUBS EIGHT DIAMONDS QUEEN,0.3868,0.0112,0.602
CLUBS EIGHT HEARTS TWO,0.4242,0.068,0.5078
SPADES EIGHT HEARTS ACE,0.3926,0.0042,0.6032
DIAMONDS QUEEN CLUBS FOUR,0.4188,0.0154,0.5658
HEARTS TWO CLUBS FOUR,0.4466,0.234,0.3194
CLUBS SEVEN DIAMONDS QUEEN,0.382,0.016,0.602
CLUBS SEVEN HEARTS TWO,0.4498,0.1022,0.448
SPADES EIGHT HEARTS QUEEN,0.395,0.0126,0.5924
CLUBS SIX DIAMONDS QUEEN,0.3782,0.0136,0.6082
CLUBS SIX HEARTS TWO,0.4262,0.159,0.4148
SPADES EIGHT HEARTS KING,0.423,0.0066,0.5704
HEARTS TWO SPADES SIX,0.45,0.148,0.402
DIAMONDS QUEEN SPADES SIX,0.3968,0.0114,0.5918
HEARTS FOUR CLUBS QUEEN,0.3928,0.017,0.5902
DIAMONDS ACE CLUBS QUEEN,0.392,0.004,0.604
DIAMONDS QUEEN SPADES SEVEN,0.4158,0.0114,0.5728
HEARTS TWO SPADES SEVEN,0.443,0.102,0.455
HEARTS FOUR CLUBS KING,0.4108,0.01,0.5792
DIAMONDS ACE CLUBS KING,0.3798,0.0066,0.6136
DIAMONDS QUEEN SPADES EIGHT,0.394,0.0122,0.5938
SPADES EIGHT HEARTS TWO,0.444,0.0682,0.4878
HEARTS FOUR CLUBS ACE,0.3926,0.0076,0.5998
DIAMONDS ACE CLUBS ACE,0.1812,0.0056,0.8132
SPADES NINE DIAMONDS QUEEN,0.415,0.0084,0.5766
SPADES NINE HEARTS TWO,0.4538,0.046,0.5002
HEARTS TWO SPADES TWO,0.3578,0.146,0.4962
DIAMONDS QUEEN SPADES TWO,0.4476,0.0148,0.5376
HEARTS TWO SPADES THREE,0.4458,0.3512,0.203
DIAMONDS QUEEN SPADES THREE,0.331,0.0362,0.6328
HEARTS TWO SPADES FOUR,0.458,0.2292,0.3128
DIAMONDS QUEEN SPADES FOUR,0.419,0.0126,0.5684
CLUBS TEN HEARTS FOUR,0.4166,0.0344,0.549
CLUBS TEN DIAMONDS ACE,0.387,0.0054,0.6076
HEARTS TWO SPADES FIVE,0.3162,0.483,0.2008
DIAMONDS QUEEN SPADES FIVE,0.3178,0.0546,0.6276
HEARTS FOUR CLUBS JACK,0.403,0.0226,0.5744
CLUBS JACK DIAMONDS ACE,0.3834,0.0046,0.612
SPADES KING CLUBS JACK,0.3858,0.0082,0.606
CLUBS JACK SPADES QUEEN,0.3654,0.0118,0.6228
SPADES ACE CLUBS JACK,0.3838,0.0058,0.6104
SPADES SIX CLUBS KING,0.3956,0.009,0.5954
SPADES SIX CLUBS QUEEN,0.3976,0.0112,0.5912
SPADES EIGHT HEARTS JACK,0.4042,0.0164,0.5794
SPADES SIX CLUBS ACE,0.382,0.0054,0.6126
SPADES EIGHT HEARTS TEN,0.3848,0.0224,0.5928
CLUBS JACK SPADES SIX,0.3908,0.0172,0.592
CLUBS TEN SPADES SIX,0.3988,0.0274,0.5738
CLUBS JACK SPADES TEN,0.3794,0.0184,0.6022
CLUBS JACK SPADES JACK,0.2034,0.05,0.7466
SPADES QUEEN CLUBS SEVEN,0.396,0.013,0.591
SPADES KING CLUBS SEVEN,0.3838,0.006,0.6102
SPADES ACE CLUBS SEVEN,0.3938,0.0064,0.5998
SPADES SIX HEARTS TEN,0.3934,0.0276,0.579
SPADES SIX HEARTS JACK,0.3986,0.0224,0.579
SPADES SIX HEARTS ACE,0.3966,0.0048,0.5986
SPADES SIX HEARTS KING,0.4016,0.0108,0.5876
SPADES SIX HEARTS QUEEN,0.3938,0.0152,0.591
SPADES JACK CLUBS SEVEN,0.3934,0.0178,0.5888
SPADES TEN CLUBS SEVEN,0.381,0.0296,0.5894
CLUBS TEN HEARTS SIX,0.3858,0.0304,0.5838
CLUBS JACK HEARTS SIX,0.3914,0.017,0.5916
CLUBS JACK CLUBS ACE,0.3462,0.006,0.6478
HEARTS SIX CLUBS QUEEN,0.388,0.012,0.6
HEARTS SIX CLUBS KING,0.3904,0.0084,0.6012
HEARTS SIX CLUBS ACE,0.3798,0.0054,0.6148
CLUBS JACK CLUBS QUEEN,0.3356,0.0106,0.6538
CLUBS JACK CLUBS KING,0.344,0.0058,0.6502
DIAMONDS THREE HEARTS ACE,0.3028,0.0176,0.6796
DIAMONDS THREE HEARTS QUEEN,0.326,0.0404,0.6336
DIAMONDS THREE HEARTS KING,0.3284,0.0294,0.6422
SPADES TEN DIAMONDS ACE,0.3962,0.0056,0.5982
HEARTS FOUR SPADES TEN,0.4264,0.0298,0.5438
HEARTS FOUR SPADES JACK,0.4204,0.0178,0.5618
SPADES JACK DIAMONDS ACE,0.3998,0.0048,0.5954
SPADES ACE HEARTS FOUR,0.4146,0.004,0.5814
SPADES ACE DIAMONDS ACE,0.199,0.005,0.796
HEARTS FOUR SPADES QUEEN,0.4266,0.0136,0.5598
SPADES QUEEN DIAMONDS ACE,0.3928,0.005,0.6022
CLUBS JACK SPADES FOUR,0.4164,0.023,0.5606
SPADES KING DIAMONDS ACE,0.3984,0.0042,0.5974
HEARTS FOUR SPADES KING,0.4232,0.0082,0.5686
CLUBS TEN SPADES FOUR,0.4154,0.0264,0.5582
DIAMONDS QUEEN DIAMONDS ACE,0.3788,0.006,0.6152
HEARTS TWO DIAMONDS ACE,0.4478,0.0056,0.5466
HEARTS FOUR DIAMONDS QUEEN,0.4232,0.0142,0.5626
HEARTS FOUR HEARTS TWO,0.4326,0.2116,0.3558
DIAMONDS THREE HEARTS TEN,0.3186,0.0744,0.607
SPADES FOUR CLUBS KING,0.4062,0.0072,0.5866
HEARTS FIVE DIAMONDS QUEEN,0.304,0.0534,0.6426
HEARTS FIVE HEARTS TWO,0.2956,0.4584,0.246
DIAMONDS THREE HEARTS JACK,0.3226,0.0572,0.6202
SPADES FOUR CLUBS QUEEN,0.3986,0.0116,0.5898
DIAMONDS QUEEN HEARTS TWO,0.4396,0.0136,0.5468
DIAMONDS KING DIAMONDS QUEEN,0.3864,0.0062,0.6074
DIAMONDS KING HEARTS TWO,0.4378,0.0084,0.5538
HEARTS THREE DIAMONDS QUEEN,0.3218,0.0382,0.64
HEARTS THREE HEARTS TWO,0.42,0.33,0.25
SPADES FOUR CLUBS ACE,0.3912,0.0054,0.6034
HEARTS TWO CLUBS ACE,0.4254,0.007,0.5676
DIAMONDS QUEEN CLUBS ACE,0.4,0.0072,0.5928
HEARTS TWO CLUBS QUEEN,0.4346,0.0136,0.5518
DIAMONDS QUEEN CLUBS QUEEN,0.2052,0.0346,0.7602
HEARTS TWO CLUBS KING,0.4498,0.0104,0.5398
DIAMONDS QUEEN CLUBS KING,0.3832,0.0092,0.6076
SPADES EIGHT SPADES FIVE,0.2822,0.146,0.5718
CLUBS TEN HEARTS TWO,0.4336,0.0284,0.538
CLUBS TEN DIAMONDS QUEEN,0.3654,0.01,0.6246
SPADES NINE SPADES FIVE,0.2926,0.1074,0.6
CLUBS JACK HEARTS TWO,0.4504,0.021,0.5286
CLUBS JACK DIAMONDS QUEEN,0.38,0.0106,0.6094
SPADES SIX SPADES FIVE,0.276,0.2394,0.4846
SPADES SEVEN SPADES FIVE,0.2754,0.1758,0.5488
DIAMONDS FIVE CLUBS QUEEN,0.3036,0.0576,0.6388
SPADES EIGHT CLUBS ACE,0.3802,0.0058,0.614
DIAMONDS FIVE CLUBS KING,0.2806,0.0442,0.6752
SPADES EIGHT CLUBS KING,0.3882,0.0074,0.6044
DIAMONDS FIVE CLUBS ACE,0.2754,0.0264,0.6982
SPADES EIGHT CLUBS QUEEN,0.379,0.0096,0.6114
CLUBS JACK SPADES EIGHT,0.39,0.018,0.592
CLUBS TEN SPADES EIGHT,0.3698,0.0276,0.6026
CLUBS TEN DIAMONDS FIVE,0.2886,0.0838,0.6276
CLUBS JACK DIAMONDS FIVE,0.3142,0.0596,0.6262
HEARTS JACK DIAMONDS TEN,0.3946,0.0136,0.5918
DIAMONDS TEN HEARTS TEN,0.209,0.0686,0.7224
SPADES ACE CLUBS NINE,0.384,0.0058,0.6102
SPADES QUEEN CLUBS NINE,0.383,0.0136,0.6034
SPADES KING CLUBS NINE,0.3872,0.0066,0.6062
HEARTS SIX HEARTS KING,0.391,0.0086,0.6004
DIAMONDS KING SPADES SEVEN,0.396,0.0084,0.5956
HEARTS THREE SPADES SEVEN,0.3152,0.1976,0.4872
SPADES KING DIAMONDS SEVEN,0.4056,0.01,0.5844
HEARTS SIX HEARTS QUEEN,0.3712,0.0122,0.6166
SPADES QUEEN DIAMONDS SEVEN,0.4026,0.0128,0.5846
HEARTS THREE SPADES SIX,0.3014,0.2518,0.4468
DIAMONDS KING SPADES SIX,0.3918,0.006,0.6022
DIAMONDS KING SPADES NINE,0.4072,0.008,0.5848
HEARTS THREE SPADES NINE,0.3236,0.104,0.5724
HEARTS SIX HEARTS ACE,0.3788,0.0052,0.616
DIAMONDS KING SPADES EIGHT,0.4166,0.0078,0.5756
