opposingHand,winningChance,drawChance,lostChance
CLUBS TEN DIAMONDS SIX
HEARTS FIVE SPADES TEN,0.4002,0.3696,0.2302
HEARTS FIVE SPADES JACK,0.415,0.0128,0.5722
CLUBS JACK SPADES FIVE,0.3954,0.0172,0.5874
CLUBS JACK CLUBS EIGHT,0.327,0.0188,0.6542
CLUBS EIGHT CLUBS KING,0.3538,0.006,0.6402
SPADES FIVE CLUBS ACE,0.3908,0.003,0.6062
CLUBS EIGHT CLUBS QUEEN,0.3362,0.011,0.6528
SPADES FIVE CLUBS KING,0.3972,0.0082,0.5946
SPADES FIVE CLUBS QUEEN,0.4064,0.0104,0.5832
CLUBS EIGHT CLUBS ACE,0.3378,0.0056,0.6566
DIAMONDS TWO DIAMONDS THREE,0.596,0.0254,0.3786
DIAMONDS TWO DIAMONDS FIVE,0.6006,0.0298,0.3696
HEARTS FIVE SPADES KING,0.4098,0.0072,0.583
DIAMONDS TWO DIAMONDS FOUR,0.6006,0.0294,0.37
HEARTS FIVE SPADES QUEEN,0.4122,0.0118,0.576
DIAMONDS TWO DIAMONDS SEVEN,0.5784,0.0292,0.3924
SPADES ACE HEARTS FIVE,0.4024,0.0024,0.5952
DIAMONDS TWO DIAMONDS NINE,0.6012,0.0226,0.3762
DIAMONDS TWO DIAMONDS EIGHT,0.598,0.026,0.376
DIAMONDS THREE DIAMONDS FOUR,0.5822,0.0274,0.3904
CLUBS TWO SPADES FOUR,0.6384,0.0286,0.333
DIAMONDS THREE DIAMONDS FIVE,0.5858,0.03,0.3842
SPADES FIVE CLUBS TWO,0.631,0.0346,0.3344
CLUBS TWO SPADES TWO,0.4112,0.064,0.5248
CLUBS TWO SPADES THREE,0.622,0.0288,0.3492
DIAMONDS THREE DIAMONDS EIGHT,0.602,0.0278,0.3702
SPADES EIGHT CLUBS TWO,0.6302,0.0268,0.343
DIAMONDS THREE DIAMONDS NINE,0.5904,0.0306,0.379
SPADES NINE CLUBS TWO,0.6196,0.0292,0.3512
SPADES SIX CLUBS TWO,0.6868,0.081,0.2322
DIAMONDS THREE DIAMONDS SEVEN,0.5928,0.0226,0.3846
SPADES SEVEN CLUBS TWO,0.6278,0.025,0.3472
CLUBS SIX CLUBS TWO,0.6534,0.08,0.2666
CLUBS SEVEN CLUBS TWO,0.609,0.0252,0.3658
CLUBS FOUR CLUBS TWO,0.5994,0.027,0.3736
CLUBS FIVE CLUBS TWO,0.6028,0.0284,0.3688
DIAMONDS FOUR DIAMONDS SEVEN,0.5722,0.0284,0.3994
CLUBS EIGHT CLUBS TWO,0.5942,0.026,0.3798
DIAMONDS FIVE DIAMONDS FOUR,0.5706,0.0276,0.4018
CLUBS NINE CLUBS TWO,0.598,0.0276,0.3744
DIAMONDS NINE DIAMONDS FOUR,0.5994,0.0266,0.374
DIAMONDS FOUR DIAMONDS EIGHT,0.5776,0.0254,0.397
CLUBS THREE CLUBS TWO,0.6104,0.0294,0.3602
DIAMONDS NINE DIAMONDS FIVE,0.5806,0.026,0.3934
CLUBS JACK DIAMONDS TWO,0.4106,0.021,0.5684
DIAMONDS FIVE DIAMONDS EIGHT,0.5706,0.0278,0.4016
DIAMONDS FIVE DIAMONDS SEVEN,0.5748,0.0276,0.3976
DIAMONDS TWO CLUBS ACE,0.402,0.0064,0.5916
DIAMONDS TWO CLUBS KING,0.4054,0.0088,0.5858
DIAMONDS TWO CLUBS QUEEN,0.4054,0.0122,0.5824
HEARTS ACE SPADES THREE,0.4046,0.0046,0.5908
SPADES THREE HEARTS KING,0.413,0.0064,0.5806
HEARTS QUEEN SPADES THREE,0.397,0.0092,0.5938
SPADES THREE HEARTS JACK,0.4032,0.0168,0.58
SPADES THREE HEARTS TEN,0.4068,0.3698,0.2234
DIAMONDS EIGHT DIAMONDS SEVEN,0.5184,0.027,0.4546
DIAMONDS NINE DIAMONDS SEVEN,0.545,0.0252,0.4298
DIAMONDS NINE DIAMONDS EIGHT,0.518,0.0266,0.4554
DIAMONDS KING HEARTS TEN,0.2388,0.0332,0.728
HEARTS THREE HEARTS TEN,0.3844,0.36,0.2556
SPADES JACK CLUBS SIX,0.2494,0.0678,0.6828
DIAMONDS KING HEARTS JACK,0.3206,0.0068,0.6726
HEARTS THREE HEARTS JACK,0.3818,0.0178,0.6004
SPADES TEN CLUBS SIX,0.019,0.9712,0.0098
SPADES JACK SPADES FIVE,0.367,0.0184,0.6146
SPADES TEN SPADES FIVE,0.3874,0.3382,0.2744
DIAMONDS KING HEARTS ACE,0.3276,0.0044,0.668
HEARTS THREE HEARTS ACE,0.3712,0.0048,0.624
SPADES ACE CLUBS SIX,0.2644,0.0244,0.7112
DIAMONDS KING HEARTS QUEEN,0.323,0.0076,0.6694
HEARTS THREE HEARTS QUEEN,0.39,0.0108,0.5992
SPADES KING CLUBS SIX,0.2556,0.031,0.7134
DIAMONDS KING HEARTS KING,0.1584,0.0114,0.8302
HEARTS THREE HEARTS KING,0.3894,0.008,0.6026
SPADES QUEEN CLUBS SIX,0.2426,0.045,0.7124
SPADES NINE HEARTS TEN,0.2252,0.172,0.6028
SPADES NINE HEARTS JACK,0.3302,0.0116,0.6582
SPADES QUEEN SPADES FIVE,0.3776,0.0138,0.6086
SPADES KING SPADES FIVE,0.379,0.0084,0.6126
SPADES ACE SPADES FIVE,0.3782,0.003,0.6188
SPADES NINE HEARTS QUEEN,0.3534,0.0096,0.637
SPADES NINE HEARTS KING,0.3798,0.0044,0.6158
SPADES NINE HEARTS ACE,0.3592,0.0024,0.6384
SPADES FIVE HEARTS QUEEN,0.4038,0.0104,0.5858
SPADES FIVE HEARTS KING,0.3994,0.0054,0.5952
HEARTS ACE SPADES FIVE,0.3988,0.0036,0.5976
CLUBS EIGHT SPADES TEN,0.2266,0.2222,0.5512
SPADES JACK HEARTS THREE,0.4086,0.0142,0.5772
SPADES JACK DIAMONDS KING,0.3154,0.0094,0.6752
SPADES TEN DIAMONDS KING,0.2358,0.0362,0.728
SPADES TEN HEARTS THREE,0.4054,0.3582,0.2364
SPADES JACK CLUBS EIGHT,0.356,0.0152,0.6288
CLUBS SIX HEARTS ACE,0.2544,0.0246,0.721
SPADES ACE CLUBS EIGHT,0.3714,0.0038,0.6248
HEARTS FIVE CLUBS JACK,0.3926,0.0194,0.588
CLUBS SIX HEARTS QUEEN,0.2548,0.0424,0.7028
SPADES QUEEN CLUBS EIGHT,0.3596,0.0086,0.6318
CLUBS SIX HEARTS KING,0.2456,0.0366,0.7178
SPADES KING CLUBS EIGHT,0.3696,0.008,0.6224
CLUBS JACK SPADES THREE,0.394,0.0192,0.5868
DIAMONDS TWO HEARTS JACK,0.4074,0.0132,0.5794
SPADES THREE CLUBS QUEEN,0.3976,0.0108,0.5916
DIAMONDS TWO HEARTS TEN,0.4042,0.3778,0.218
SPADES THREE CLUBS KING,0.4092,0.0074,0.5834
HEARTS FIVE CLUBS ACE,0.3812,0.0034,0.6154
SPADES FIVE HEARTS TEN,0.3934,0.3786,0.228
SPADES THREE CLUBS ACE,0.4002,0.0034,0.5964
HEARTS FIVE CLUBS KING,0.407,0.0082,0.5848
SPADES FIVE HEARTS JACK,0.402,0.0178,0.5802
HEARTS FIVE CLUBS QUEEN,0.3932,0.0126,0.5942
HEARTS THREE CLUBS KING,0.4036,0.0062,0.5902
DIAMONDS KING CLUBS KING,0.1456,0.0096,0.8448
HEARTS THREE CLUBS QUEEN,0.407,0.012,0.581
DIAMONDS KING CLUBS QUEEN,0.3198,0.0072,0.673
HEARTS FIVE HEARTS JACK,0.3784,0.014,0.6076
HEARTS FIVE HEARTS TEN,0.373,0.3532,0.2738
HEARTS THREE CLUBS ACE,0.391,0.005,0.604
DIAMONDS KING CLUBS ACE,0.329,0.005,0.666
SPADES ACE CLUBS QUEEN,0.3404,0.0032,0.6564
SPADES KING CLUBS QUEEN,0.3042,0.0072,0.6886
CLUBS JACK HEARTS THREE,0.406,0.016,0.578
CLUBS JACK DIAMONDS KING,0.3186,0.0088,0.6726
SPADES QUEEN CLUBS QUEEN,0.1438,0.0174,0.8388
SPADES JACK CLUBS QUEEN,0.3108,0.0086,0.6806
CLUBS SIX CLUBS QUEEN,0.2342,0.0468,0.719
SPADES TEN CLUBS QUEEN,0.244,0.0448,0.7112
CLUBS SIX CLUBS KING,0.2454,0.0374,0.7172
CLUBS SIX CLUBS ACE,0.234,0.0238,0.7422
HEARTS FIVE HEARTS KING,0.3784,0.009,0.6126
HEARTS FIVE HEARTS QUEEN,0.3758,0.0084,0.6158
HEARTS FIVE HEARTS ACE,0.3774,0.0034,0.6192
CLUBS JACK CLUBS SIX,0.2426,0.0562,0.7012
SPADES SEVEN HEARTS JACK,0.3598,0.0144,0.6258
SPADES SEVEN HEARTS TEN,0.226,0.2914,0.4826
DIAMONDS TWO CLUBS TWO,0.4296,0.0632,0.5072
DIAMONDS TWO CLUBS THREE,0.6426,0.034,0.3234
DIAMONDS TWO HEARTS SIX,0.6838,0.0868,0.2294
DIAMONDS TWO HEARTS QUEEN,0.4112,0.0134,0.5754
HEARTS SEVEN DIAMONDS TWO,0.6222,0.0258,0.352
DIAMONDS TWO HEARTS KING,0.4026,0.0086,0.5888
DIAMONDS TWO HEARTS EIGHT,0.6298,0.0318,0.3384
DIAMONDS TWO HEARTS ACE,0.4096,0.0046,0.5858
DIAMONDS TWO HEARTS NINE,0.6366,0.0226,0.3408
DIAMONDS TWO DIAMONDS QUEEN,0.3778,0.012,0.6102
DIAMONDS TWO HEARTS TWO,0.4292,0.0582,0.5126
DIAMONDS TWO DIAMONDS KING,0.3896,0.0076,0.6028
DIAMONDS TWO HEARTS THREE,0.6212,0.031,0.3478
DIAMONDS TWO DIAMONDS ACE,0.3802,0.0048,0.615
HEARTS FOUR DIAMONDS TWO,0.634,0.0274,0.3386
HEARTS FIVE DIAMONDS TWO,0.6298,0.031,0.3392
SPADES SEVEN HEARTS ACE,0.3752,0.0038,0.621
DIAMONDS TWO DIAMONDS TEN,0.385,0.3528,0.2622
SPADES SEVEN HEARTS KING,0.3598,0.0058,0.6344
DIAMONDS TWO DIAMONDS JACK,0.3862,0.0166,0.5972
SPADES SEVEN HEARTS QUEEN,0.3644,0.0082,0.6274
DIAMONDS TWO SPADES NINE,0.6268,0.0252,0.348
DIAMONDS TWO SPADES EIGHT,0.6248,0.0302,0.345
DIAMONDS TWO SPADES SEVEN,0.639,0.0266,0.3344
DIAMONDS TWO SPADES SIX,0.6874,0.0844,0.2282
DIAMONDS TWO SPADES FIVE,0.6424,0.026,0.3316
DIAMONDS TWO SPADES FOUR,0.6402,0.0294,0.3304
DIAMONDS TWO SPADES THREE,0.6364,0.0304,0.3332
DIAMONDS TWO SPADES TWO,0.4286,0.0582,0.5132
CLUBS NINE DIAMONDS TWO,0.6288,0.0262,0.345
DIAMONDS TWO CLUBS EIGHT,0.641,0.0258,0.3332
CLUBS SEVEN DIAMONDS TWO,0.6428,0.028,0.3292
DIAMONDS TWO CLUBS SIX,0.692,0.0856,0.2224
DIAMONDS TWO CLUBS FIVE,0.6364,0.0288,0.3348
DIAMONDS TWO CLUBS FOUR,0.6288,0.0332,0.338
CLUBS FOUR SPADES FIVE,0.6038,0.0302,0.366
CLUBS FOUR SPADES FOUR,0.4062,0.0608,0.533
CLUBS FOUR SPADES THREE,0.5986,0.0298,0.3716
CLUBS FOUR SPADES TWO,0.6356,0.028,0.3364
SPADES NINE CLUBS FOUR,0.6264,0.0264,0.3472
SPADES EIGHT CLUBS FOUR,0.6094,0.0254,0.3652
SPADES SEVEN CLUBS FOUR,0.5956,0.0284,0.376
CLUBS FOUR SPADES SIX,0.6494,0.0846,0.266
SPADES QUEEN SPADES TWO,0.38,0.0132,0.6068
SPADES KING SPADES TWO,0.3926,0.0074,0.6
SPADES ACE SPADES TWO,0.3624,0.0038,0.6338
CLUBS JACK DIAMONDS JACK,0.1456,0.027,0.8274
DIAMONDS JACK CLUBS KING,0.3012,0.0064,0.6924
DIAMONDS JACK CLUBS QUEEN,0.3026,0.0122,0.6852
DIAMONDS THREE DIAMONDS JACK,0.391,0.0182,0.5908
DIAMONDS THREE DIAMONDS TEN,0.388,0.3446,0.2674
DIAMONDS JACK CLUBS ACE,0.3182,0.0064,0.6754
DIAMONDS THREE DIAMONDS KING,0.3832,0.0078,0.609
DIAMONDS THREE HEARTS THREE,0.4218,0.056,0.5222
DIAMONDS THREE DIAMONDS QUEEN,0.3812,0.0126,0.6062
DIAMONDS THREE HEARTS TWO,0.643,0.0298,0.3272
HEARTS FIVE DIAMONDS THREE,0.617,0.0324,0.3506
DIAMONDS THREE DIAMONDS ACE,0.3834,0.0058,0.6108
HEARTS FOUR DIAMONDS THREE,0.6102,0.029,0.3608
HEARTS SEVEN DIAMONDS THREE,0.6106,0.0258,0.3636
SPADES TEN SPADES NINE,0.218,0.163,0.619
HEARTS SIX DIAMONDS THREE,0.6748,0.0856,0.2396
SPADES JACK SPADES NINE,0.3278,0.0136,0.6586
DIAMONDS THREE HEARTS NINE,0.6168,0.0224,0.3608
HEARTS JACK DIAMONDS FOUR,0.4092,0.0158,0.575
HEARTS ACE HEARTS KING,0.3168,0.004,0.6792
SPADES TEN SPADES TWO,0.3716,0.355,0.2734
DIAMONDS THREE HEARTS EIGHT,0.6296,0.0278,0.3426
HEARTS TEN DIAMONDS FOUR,0.4046,0.38,0.2154
SPADES JACK SPADES TWO,0.3848,0.018,0.5972
HEARTS QUEEN DIAMONDS FOUR,0.4104,0.011,0.5786
HEARTS KING DIAMONDS FOUR,0.4206,0.0076,0.5718
SPADES ACE SPADES NINE,0.3408,0.0032,0.656
HEARTS ACE DIAMONDS FOUR,0.404,0.0038,0.5922
SPADES KING SPADES NINE,0.337,0.006,0.657
SPADES QUEEN SPADES NINE,0.3324,0.0112,0.6564
DIAMONDS THREE SPADES NINE,0.625,0.0276,0.3474
DIAMONDS THREE SPADES EIGHT,0.636,0.026,0.338
DIAMONDS THREE SPADES SEVEN,0.637,0.0274,0.3356
DIAMONDS THREE SPADES SIX,0.658,0.088,0.254
DIAMONDS THREE CLUBS SIX,0.6668,0.0882,0.245
CLUBS FIVE CLUBS SIX,0.6174,0.083,0.2996
CLUBS ACE DIAMONDS FOUR,0.3992,0.0048,0.596
CLUBS SEVEN DIAMONDS THREE,0.6286,0.0252,0.3462
CLUBS SEVEN CLUBS FIVE,0.5676,0.0272,0.4052
DIAMONDS THREE CLUBS FOUR,0.6242,0.0296,0.3462
DIAMONDS FOUR CLUBS QUEEN,0.4038,0.0126,0.5836
DIAMONDS THREE CLUBS FIVE,0.6266,0.0266,0.3468
DIAMONDS FOUR CLUBS KING,0.3968,0.008,0.5952
DIAMONDS THREE CLUBS TWO,0.632,0.0274,0.3406
DIAMONDS THREE CLUBS THREE,0.4214,0.0614,0.5172
CLUBS JACK DIAMONDS FOUR,0.4056,0.0198,0.5746
DIAMONDS THREE SPADES FOUR,0.6208,0.0302,0.349
DIAMONDS THREE SPADES FIVE,0.622,0.0254,0.3526
DIAMONDS THREE SPADES TWO,0.6376,0.0256,0.3368
DIAMONDS THREE SPADES THREE,0.4202,0.0562,0.5236
CLUBS EIGHT DIAMONDS THREE,0.6362,0.0274,0.3364
CLUBS NINE DIAMONDS THREE,0.6338,0.0246,0.3416
SPADES SEVEN CLUBS ACE,0.3588,0.0036,0.6376
SPADES SEVEN CLUBS QUEEN,0.3608,0.0128,0.6264
SPADES SEVEN CLUBS KING,0.3622,0.006,0.6318
CLUBS FIVE SPADES SEVEN,0.6092,0.024,0.3668
CLUBS FIVE SPADES SIX,0.6508,0.0834,0.2658
CLUBS JACK SPADES SEVEN,0.3616,0.0132,0.6252
CLUBS FIVE SPADES NINE,0.6102,0.0262,0.3636
CLUBS FIVE SPADES EIGHT,0.5994,0.0268,0.3738
CLUBS FIVE SPADES THREE,0.6116,0.0328,0.3556
CLUBS FIVE SPADES TWO,0.6326,0.0304,0.337
CLUBS FIVE SPADES FIVE,0.4044,0.0618,0.5338
CLUBS FIVE SPADES FOUR,0.6044,0.0272,0.3684
CLUBS NINE CLUBS FIVE,0.6044,0.0292,0.3664
CLUBS EIGHT CLUBS FIVE,0.5844,0.0258,0.3898
CLUBS ACE CLUBS QUEEN,0.313,0.0058,0.6812
CLUBS KING CLUBS QUEEN,0.3092,0.0074,0.6834
DIAMONDS TEN DIAMONDS FOUR,0.391,0.3564,0.2526
DIAMONDS JACK DIAMONDS FOUR,0.3784,0.0184,0.6032
CLUBS JACK DIAMONDS NINE,0.321,0.0196,0.6594
CLUBS JACK SPADES NINE,0.3448,0.0138,0.6414
DIAMONDS ACE DIAMONDS FOUR,0.3734,0.0046,0.622
HEARTS FOUR DIAMONDS FOUR,0.4338,0.0592,0.507
DIAMONDS JACK HEARTS TEN,0.218,0.0552,0.7268
SPADES NINE CLUBS KING,0.3668,0.0064,0.6268
DIAMONDS TWO SPADES TEN,0.395,0.384,0.221
DIAMONDS NINE CLUBS ACE,0.3532,0.0052,0.6416
HEARTS FIVE DIAMONDS FOUR,0.6004,0.0274,0.3722
DIAMONDS JACK HEARTS JACK,0.156,0.0248,0.8192
SPADES NINE CLUBS QUEEN,0.3544,0.0096,0.636
DIAMONDS TWO SPADES JACK,0.4106,0.0138,0.5756
DIAMONDS QUEEN DIAMONDS FOUR,0.3842,0.0118,0.604
HEARTS TWO DIAMONDS FOUR,0.6212,0.0314,0.3474
DIAMONDS NINE CLUBS QUEEN,0.343,0.0108,0.6462
DIAMONDS KING DIAMONDS FOUR,0.3896,0.0098,0.6006
HEARTS THREE DIAMONDS FOUR,0.6158,0.0316,0.3526
SPADES NINE CLUBS ACE,0.3628,0.0048,0.6324
DIAMONDS NINE CLUBS KING,0.355,0.0078,0.6372
HEARTS ACE DIAMONDS JACK,0.3276,0.0054,0.667
SPADES ACE DIAMONDS TWO,0.407,0.0044,0.5886
HEARTS QUEEN DIAMONDS JACK,0.3166,0.012,0.6714
SPADES QUEEN DIAMONDS TWO,0.41,0.0112,0.5788
HEARTS KING DIAMONDS JACK,0.3282,0.0054,0.6664
SPADES KING DIAMONDS TWO,0.4164,0.0062,0.5774
SPADES JACK SPADES SEVEN,0.3474,0.0156,0.637
SPADES TEN SPADES SEVEN,0.2076,0.2764,0.516
CLUBS SEVEN CLUBS THREE,0.5814,0.0264,0.3922
CLUBS SIX CLUBS THREE,0.6502,0.0764,0.2734
CLUBS FIVE CLUBS THREE,0.5788,0.0296,0.3916
CLUBS THREE CLUBS FOUR,0.5816,0.0342,0.3842
CLUBS NINE CLUBS THREE,0.5984,0.0282,0.3734
CLUBS EIGHT CLUBS THREE,0.612,0.026,0.362
CLUBS THREE SPADES FIVE,0.6134,0.0244,0.3622
CLUBS THREE SPADES FOUR,0.6164,0.0278,0.3558
CLUBS THREE SPADES THREE,0.4154,0.0542,0.5304
CLUBS THREE SPADES TWO,0.631,0.0288,0.3402
CLUBS THREE SPADES SIX,0.6632,0.0856,0.2512
CLUBS THREE SPADES SEVEN,0.6268,0.0278,0.3454
SPADES EIGHT CLUBS THREE,0.6192,0.0304,0.3504
SPADES NINE CLUBS THREE,0.6262,0.0278,0.346
SPADES TWO DIAMONDS FOUR,0.6286,0.0306,0.3408
SPADES THREE DIAMONDS FOUR,0.6222,0.0268,0.351
SPADES FOUR DIAMONDS FOUR,0.4066,0.0546,0.5388
SPADES FIVE DIAMONDS FOUR,0.606,0.0278,0.3662
SPADES SIX DIAMONDS FOUR,0.6382,0.0856,0.2762
SPADES SEVEN DIAMONDS FOUR,0.6084,0.0296,0.362
SPADES EIGHT DIAMONDS FOUR,0.6226,0.0286,0.3488
SPADES NINE DIAMONDS FOUR,0.6394,0.026,0.3346
CLUBS FIVE DIAMONDS FOUR,0.6138,0.0288,0.3574
CLUBS FOUR DIAMONDS FOUR,0.4228,0.0588,0.5184
CLUBS SEVEN DIAMONDS FOUR,0.613,0.0302,0.3568
CLUBS SIX DIAMONDS FOUR,0.6478,0.0846,0.2676
CLUBS NINE DIAMONDS FOUR,0.64,0.0262,0.3338
CLUBS EIGHT DIAMONDS FOUR,0.6284,0.0266,0.345
HEARTS SEVEN DIAMONDS FOUR,0.59,0.0294,0.3806
HEARTS SIX DIAMONDS FOUR,0.6598,0.0824,0.2578
DIAMONDS FOUR HEARTS NINE,0.64,0.0228,0.3372
DIAMONDS FOUR HEARTS EIGHT,0.6124,0.0264,0.3612
CLUBS THREE DIAMONDS FOUR,0.629,0.0288,0.3422
CLUBS TWO DIAMONDS FOUR,0.6226,0.0294,0.348
DIAMONDS TEN DIAMONDS FIVE,0.3906,0.3584,0.251
DIAMONDS JACK DIAMONDS FIVE,0.3678,0.0194,0.6128
DIAMONDS NINE HEARTS QUEEN,0.355,0.0114,0.6336
DIAMONDS NINE HEARTS KING,0.3684,0.0082,0.6234
HEARTS ACE DIAMONDS NINE,0.3666,0.0042,0.6292
DIAMONDS NINE HEARTS TEN,0.2224,0.174,0.6036
DIAMONDS NINE HEARTS JACK,0.3436,0.016,0.6404
SPADES KING DIAMONDS FOUR,0.3962,0.0082,0.5956
SPADES ACE SPADES SEVEN,0.3474,0.004,0.6486
SPADES QUEEN DIAMONDS FOUR,0.4148,0.0106,0.5746
SPADES QUEEN SPADES SEVEN,0.3474,0.008,0.6446
SPADES KING SPADES SEVEN,0.3504,0.0076,0.642
SPADES ACE DIAMONDS FOUR,0.3974,0.0056,0.597
CLUBS NINE CLUBS FOUR,0.597,0.0276,0.3754
CLUBS EIGHT CLUBS FOUR,0.5888,0.027,0.3842
SPADES JACK DIAMONDS FOUR,0.398,0.0162,0.5858
SPADES TEN DIAMONDS FOUR,0.4026,0.381,0.2164
CLUBS FIVE CLUBS FOUR,0.5706,0.028,0.4014
CLUBS SEVEN CLUBS FOUR,0.571,0.0236,0.4054
CLUBS SIX CLUBS FOUR,0.6304,0.0812,0.2884
CLUBS SEVEN SPADES EIGHT,0.5586,0.0258,0.4156
CLUBS SEVEN SPADES NINE,0.5736,0.0218,0.4046
CLUBS SEVEN SPADES SIX,0.6484,0.0764,0.2752
CLUBS SEVEN SPADES SEVEN,0.2934,0.051,0.6556
CLUBS SEVEN SPADES FIVE,0.5828,0.0302,0.387
CLUBS SEVEN SPADES FOUR,0.5974,0.0356,0.367
CLUBS SEVEN SPADES THREE,0.6274,0.0274,0.3452
CLUBS SEVEN SPADES TWO,0.6304,0.0324,0.3372
CLUBS NINE CLUBS SEVEN,0.548,0.024,0.428
CLUBS SEVEN CLUBS EIGHT,0.5208,0.0268,0.4524
HEARTS SIX DIAMONDS FIVE,0.6534,0.08,0.2666
HEARTS SEVEN DIAMONDS FIVE,0.6032,0.031,0.3658
DIAMONDS FIVE HEARTS EIGHT,0.6204,0.0242,0.3554
DIAMONDS FIVE HEARTS NINE,0.6248,0.0292,0.346
DIAMONDS QUEEN DIAMONDS FIVE,0.382,0.01,0.608
HEARTS TWO DIAMONDS FIVE,0.6186,0.0342,0.3472
HEARTS KING HEARTS EIGHT,0.3458,0.0062,0.648
DIAMONDS KING DIAMONDS FIVE,0.3844,0.0096,0.606
HEARTS THREE DIAMONDS FIVE,0.6164,0.033,0.3506
HEARTS QUEEN HEARTS EIGHT,0.3434,0.0124,0.6442
DIAMONDS ACE DIAMONDS FIVE,0.3594,0.0054,0.6352
HEARTS FOUR DIAMONDS FIVE,0.6036,0.0286,0.3678
HEARTS FIVE DIAMONDS FIVE,0.4054,0.0582,0.5364
HEARTS ACE HEARTS EIGHT,0.3486,0.0048,0.6466
CLUBS FOUR DIAMONDS FIVE,0.6076,0.0332,0.3592
CLUBS FIVE DIAMONDS FIVE,0.4068,0.056,0.5372
CLUBS SIX DIAMONDS FIVE,0.658,0.0808,0.2612
CLUBS SEVEN DIAMONDS FIVE,0.6046,0.0234,0.372
CLUBS TWO DIAMONDS FIVE,0.6464,0.0274,0.3262
CLUBS THREE DIAMONDS FIVE,0.621,0.0282,0.3508
SPADES THREE DIAMONDS FIVE,0.6182,0.0294,0.3524
SPADES TWO DIAMONDS FIVE,0.6322,0.0304,0.3374
SPADES JACK DIAMONDS EIGHT,0.3434,0.015,0.6416
SPADES FIVE DIAMONDS FIVE,0.4192,0.0512,0.5296
SPADES TEN DIAMONDS EIGHT,0.213,0.2252,0.5618
SPADES FOUR DIAMONDS FIVE,0.5954,0.029,0.3756
CLUBS JACK HEARTS JACK,0.1492,0.0232,0.8276
HEARTS JACK CLUBS QUEEN,0.3136,0.0096,0.6768
CLUBS NINE DIAMONDS FIVE,0.6214,0.0292,0.3494
HEARTS JACK CLUBS KING,0.3272,0.0054,0.6674
CLUBS EIGHT DIAMONDS FIVE,0.6056,0.027,0.3674
CLUBS ACE HEARTS JACK,0.3148,0.0038,0.6814
SPADES SEVEN DIAMONDS FIVE,0.5876,0.0308,0.3816
SPADES KING DIAMONDS EIGHT,0.3694,0.0078,0.6228
SPADES QUEEN DIAMONDS EIGHT,0.3594,0.0094,0.6312
SPADES SIX DIAMONDS FIVE,0.6538,0.077,0.2692
SPADES NINE DIAMONDS FIVE,0.6242,0.027,0.3488
SPADES EIGHT DIAMONDS FIVE,0.6074,0.0282,0.3644
SPADES ACE DIAMONDS EIGHT,0.3602,0.003,0.6368
HEARTS ACE DIAMONDS SEVEN,0.3696,0.002,0.6284
HEARTS QUEEN DIAMONDS SEVEN,0.3674,0.0104,0.6222
HEARTS KING DIAMONDS SEVEN,0.358,0.0056,0.6364
SPADES TWO HEARTS JACK,0.413,0.0202,0.5668
SPADES TWO HEARTS TEN,0.4074,0.368,0.2246
HEARTS TEN DIAMONDS SEVEN,0.2124,0.2852,0.5024
HEARTS JACK DIAMONDS SEVEN,0.3486,0.0186,0.6328
CLUBS JACK DIAMONDS EIGHT,0.3452,0.0168,0.638
HEARTS ACE HEARTS JACK,0.3132,0.005,0.6818
CLUBS ACE DIAMONDS EIGHT,0.3498,0.0032,0.647
HEARTS QUEEN HEARTS JACK,0.306,0.009,0.685
CLUBS KING DIAMONDS EIGHT,0.3564,0.0096,0.634
HEARTS KING HEARTS JACK,0.3024,0.0058,0.6918
DIAMONDS EIGHT CLUBS QUEEN,0.348,0.0098,0.6422
SPADES TEN HEARTS KING,0.2522,0.0336,0.7142
HEARTS ACE SPADES TWO,0.403,0.0046,0.5924
SPADES JACK HEARTS KING,0.3172,0.005,0.6778
HEARTS QUEEN SPADES TWO,0.404,0.0104,0.5856
SPADES ACE SPADES KING,0.314,0.0032,0.6828
HEARTS KING SPADES TWO,0.4064,0.008,0.5856
HEARTS TEN HEARTS EIGHT,0.2202,0.2134,0.5664
HEARTS JACK HEARTS EIGHT,0.3294,0.0164,0.6542
SPADES KING HEARTS KING,0.1534,0.0104,0.8362
SPADES QUEEN HEARTS KING,0.3384,0.005,0.6566
CLUBS ACE CLUBS KING,0.3396,0.0046,0.6558
SPADES ACE HEARTS KING,0.3386,0.0034,0.658
SPADES ACE HEARTS JACK,0.325,0.0026,0.6724
SPADES QUEEN HEARTS JACK,0.3134,0.0084,0.6782
SPADES KING HEARTS JACK,0.3266,0.0044,0.669
SPADES TEN DIAMONDS TEN,0.1094,0.0552,0.8354
SPADES JACK DIAMONDS TEN,0.2136,0.0494,0.737
SPADES ACE DIAMONDS TEN,0.2268,0.0264,0.7468
SPADES JACK HEARTS JACK,0.1562,0.0214,0.8224
SPADES TEN HEARTS JACK,0.2206,0.0588,0.7206
SPADES QUEEN DIAMONDS TEN,0.2372,0.0462,0.7166
SPADES KING DIAMONDS TEN,0.2332,0.0384,0.7284
SPADES NINE DIAMONDS SEVEN,0.569,0.0252,0.4058
SPADES EIGHT DIAMONDS SEVEN,0.551,0.0284,0.4206
SPADES SEVEN DIAMONDS SEVEN,0.2896,0.0488,0.6616
SPADES SIX DIAMONDS SEVEN,0.6416,0.0732,0.2852
DIAMONDS KING DIAMONDS SEVEN,0.3582,0.0092,0.6326
HEARTS THREE DIAMONDS SEVEN,0.6136,0.0264,0.36
HEARTS KING DIAMONDS FIVE,0.4012,0.0076,0.5912
DIAMONDS QUEEN DIAMONDS SEVEN,0.3466,0.012,0.6414
HEARTS TWO DIAMONDS SEVEN,0.6226,0.0296,0.3478
HEARTS QUEEN DIAMONDS FIVE,0.413,0.0108,0.5762
HEARTS FIVE DIAMONDS SEVEN,0.5864,0.031,0.3826
DIAMONDS ACE DIAMONDS SEVEN,0.346,0.0038,0.6502
HEARTS FOUR DIAMONDS SEVEN,0.5968,0.0232,0.38
HEARTS ACE DIAMONDS FIVE,0.389,0.0058,0.6052
HEARTS SEVEN DIAMONDS SEVEN,0.3002,0.0534,0.6464
HEARTS SIX DIAMONDS SEVEN,0.6318,0.0842,0.284
HEARTS NINE DIAMONDS SEVEN,0.5672,0.0254,0.4074
HEARTS EIGHT DIAMONDS SEVEN,0.5476,0.0266,0.4258
DIAMONDS JACK DIAMONDS SEVEN,0.332,0.0204,0.6476
DIAMONDS FIVE HEARTS JACK,0.41,0.014,0.576
DIAMONDS TEN DIAMONDS SEVEN,0.205,0.2754,0.5196
HEARTS TEN DIAMONDS FIVE,0.402,0.3898,0.2082
SPADES KING CLUBS TWO,0.4152,0.0058,0.579
HEARTS KING CLUBS KING,0.1402,0.0098,0.85
CLUBS EIGHT DIAMONDS SEVEN,0.552,0.0278,0.4202
SPADES QUEEN CLUBS TWO,0.4038,0.0118,0.5844
HEARTS KING CLUBS QUEEN,0.314,0.0068,0.6792
CLUBS NINE DIAMONDS SEVEN,0.5664,0.0278,0.4058
CLUBS JACK SPADES TWO,0.3942,0.0196,0.5862
SPADES ACE CLUBS TWO,0.4136,0.0038,0.5826
HEARTS KING CLUBS ACE,0.333,0.0042,0.6628
CLUBS SEVEN CLUBS SIX,0.6126,0.0734,0.314
SPADES TWO CLUBS KING,0.3978,0.0062,0.596
SPADES TWO DIAMONDS SEVEN,0.6244,0.0258,0.3498
CLUBS EIGHT CLUBS SIX,0.634,0.0768,0.2892
SPADES THREE DIAMONDS SEVEN,0.6174,0.0288,0.3538
SPADES TWO CLUBS QUEEN,0.4002,0.0092,0.5906
CLUBS NINE CLUBS SIX,0.6414,0.0708,0.2878
SPADES FOUR DIAMONDS SEVEN,0.595,0.0248,0.3802
CLUBS JACK HEARTS KING,0.324,0.0056,0.6704
SPADES FIVE DIAMONDS SEVEN,0.5958,0.0252,0.379
SPADES TWO CLUBS ACE,0.3932,0.0034,0.6034
CLUBS SIX SPADES TWO,0.6874,0.0834,0.2292
CLUBS SIX SPADES THREE,0.6652,0.0818,0.253
CLUBS TWO DIAMONDS SEVEN,0.6408,0.031,0.3282
CLUBS SIX SPADES FOUR,0.6452,0.0804,0.2744
CLUBS THREE DIAMONDS SEVEN,0.6124,0.0312,0.3564
CLUBS SIX SPADES FIVE,0.6588,0.0808,0.2604
CLUBS FOUR DIAMONDS SEVEN,0.5958,0.0308,0.3734
CLUBS SIX SPADES SIX,0.2926,0.0504,0.657
CLUBS FIVE DIAMONDS SEVEN,0.589,0.03,0.381
CLUBS SIX SPADES SEVEN,0.6512,0.0832,0.2656
CLUBS SIX DIAMONDS SEVEN,0.6496,0.0808,0.2696
CLUBS SIX SPADES EIGHT,0.668,0.0708,0.2612
SPADES JACK CLUBS TWO,0.41,0.0188,0.5712
CLUBS SEVEN DIAMONDS SEVEN,0.2762,0.0506,0.6732
SPADES NINE CLUBS SIX,0.6736,0.0792,0.2472
SPADES TEN CLUBS TWO,0.4092,0.371,0.2198
CLUBS TWO CLUBS QUEEN,0.3876,0.0124,0.6
CLUBS TWO CLUBS KING,0.3816,0.0088,0.6096
CLUBS THREE DIAMONDS EIGHT,0.6212,0.0248,0.354
CLUBS TWO CLUBS ACE,0.3802,0.0058,0.614
CLUBS TWO DIAMONDS EIGHT,0.6338,0.0288,0.3374
HEARTS SEVEN DIAMONDS EIGHT,0.5536,0.0258,0.4206
HEARTS SIX DIAMONDS EIGHT,0.6554,0.0796,0.265
DIAMONDS EIGHT HEARTS NINE,0.5434,0.0218,0.4348
HEARTS EIGHT DIAMONDS EIGHT,0.288,0.0428,0.6692
CLUBS JACK CLUBS TWO,0.3798,0.0164,0.6038
CLUBS NINE DIAMONDS EIGHT,0.5552,0.0246,0.4202
CLUBS EIGHT DIAMONDS EIGHT,0.2788,0.0428,0.6784
CLUBS FIVE DIAMONDS EIGHT,0.6144,0.0278,0.3578
SPADES ACE SPADES THREE,0.3828,0.0046,0.6126
CLUBS FOUR DIAMONDS EIGHT,0.6138,0.029,0.3572
CLUBS SEVEN DIAMONDS EIGHT,0.5578,0.025,0.4172
SPADES QUEEN SPADES THREE,0.381,0.0088,0.6102
CLUBS SIX DIAMONDS EIGHT,0.6596,0.077,0.2634
SPADES KING SPADES THREE,0.3826,0.0088,0.6086
DIAMONDS QUEEN DIAMONDS EIGHT,0.3358,0.0126,0.6516
HEARTS TWO DIAMONDS EIGHT,0.6348,0.028,0.3372
DIAMONDS KING DIAMONDS EIGHT,0.3632,0.008,0.6288
HEARTS THREE DIAMONDS EIGHT,0.6278,0.0274,0.3448
DIAMONDS ACE DIAMONDS EIGHT,0.342,0.0042,0.6538
HEARTS FOUR DIAMONDS EIGHT,0.6198,0.0282,0.352
HEARTS FIVE DIAMONDS EIGHT,0.5982,0.0258,0.376
DIAMONDS TEN DIAMONDS EIGHT,0.2196,0.209,0.5714
DIAMONDS JACK DIAMONDS EIGHT,0.3338,0.0152,0.651
SPADES JACK SPADES THREE,0.389,0.0168,0.5942
SPADES TEN SPADES THREE,0.3806,0.3484,0.271
CLUBS FOUR HEARTS ACE,0.41,0.0028,0.5872
CLUBS FOUR HEARTS QUEEN,0.3988,0.01,0.5912
CLUBS FOUR HEARTS KING,0.4092,0.0078,0.583
CLUBS SIX HEARTS TEN,0.0144,0.974,0.0116
CLUBS SIX HEARTS JACK,0.2476,0.0534,0.699
SPADES FOUR DIAMONDS EIGHT,0.6188,0.0266,0.3546
SPADES FIVE DIAMONDS EIGHT,0.6054,0.0284,0.3662
SPADES TWO DIAMONDS EIGHT,0.6256,0.0302,0.3442
SPADES THREE DIAMONDS EIGHT,0.629,0.0292,0.3418
CLUBS FOUR HEARTS JACK,0.4038,0.0198,0.5764
SPADES EIGHT DIAMONDS EIGHT,0.2888,0.0462,0.665
SPADES TEN DIAMONDS QUEEN,0.2384,0.0472,0.7144
SPADES TEN HEARTS TWO,0.3996,0.3826,0.2178
SPADES JACK HEARTS EIGHT,0.3458,0.0164,0.6378
CLUBS FOUR HEARTS TEN,0.3906,0.387,0.2224
SPADES NINE DIAMONDS EIGHT,0.5454,0.0242,0.4304
SPADES TEN HEARTS EIGHT,0.2256,0.2196,0.5548
SPADES JACK HEARTS TWO,0.4114,0.0158,0.5728
SPADES JACK DIAMONDS QUEEN,0.3084,0.0092,0.6824
SPADES SIX DIAMONDS EIGHT,0.645,0.0764,0.2786
SPADES SEVEN DIAMONDS EIGHT,0.545,0.0262,0.4288
SPADES ACE HEARTS TWO,0.4028,0.0044,0.5928
SPADES ACE DIAMONDS QUEEN,0.3286,0.0034,0.668
SPADES ACE HEARTS EIGHT,0.3834,0.003,0.6136
SPADES KING HEARTS EIGHT,0.3804,0.0064,0.6132
SPADES QUEEN HEARTS TWO,0.4088,0.0104,0.5808
SPADES QUEEN DIAMONDS QUEEN,0.15,0.0186,0.8314
SPADES KING DIAMONDS QUEEN,0.314,0.0076,0.6784
SPADES KING HEARTS TWO,0.4106,0.0074,0.582
SPADES QUEEN HEARTS EIGHT,0.3708,0.009,0.6202
CLUBS TWO HEARTS TEN,0.3984,0.3858,0.2158
CLUBS TWO HEARTS JACK,0.417,0.0188,0.5642
SPADES SEVEN DIAMONDS NINE,0.5628,0.0236,0.4136
SPADES SIX DIAMONDS NINE,0.6674,0.0788,0.2538
SPADES NINE DIAMONDS NINE,0.282,0.04,0.678
SPADES EIGHT DIAMONDS NINE,0.5534,0.0262,0.4204
SPADES TEN CLUBS KING,0.2432,0.0326,0.7242
DIAMONDS NINE SPADES THREE,0.6182,0.0278,0.354
SPADES JACK CLUBS KING,0.333,0.0074,0.6596
DIAMONDS NINE SPADES TWO,0.622,0.0248,0.3532
SPADES FIVE DIAMONDS NINE,0.6122,0.026,0.3618
DIAMONDS NINE SPADES FOUR,0.6284,0.0256,0.346
CLUBS NINE DIAMONDS NINE,0.2824,0.0422,0.6754
CLUBS EIGHT DIAMONDS NINE,0.55,0.0258,0.4242
CLUBS SIX DIAMONDS NINE,0.6678,0.083,0.2492
SPADES JACK CLUBS FOUR,0.408,0.018,0.574
CLUBS SEVEN DIAMONDS NINE,0.5762,0.0252,0.3986
SPADES TEN CLUBS FOUR,0.398,0.376,0.226
CLUBS FOUR DIAMONDS NINE,0.6368,0.029,0.3342
CLUBS FIVE DIAMONDS NINE,0.6146,0.028,0.3574
CLUBS TWO DIAMONDS NINE,0.6196,0.0288,0.3516
CLUBS THREE DIAMONDS NINE,0.6372,0.0266,0.3362
DIAMONDS NINE HEARTS EIGHT,0.5434,0.0246,0.432
DIAMONDS NINE HEARTS NINE,0.28,0.038,0.682
HEARTS SIX DIAMONDS NINE,0.6568,0.0782,0.265
HEARTS SEVEN DIAMONDS NINE,0.559,0.026,0.415
CLUBS NINE CLUBS EIGHT,0.5144,0.0222,0.4634
DIAMONDS ACE DIAMONDS NINE,0.3382,0.0054,0.6564
HEARTS FOUR DIAMONDS NINE,0.6312,0.0208,0.348
HEARTS FIVE DIAMONDS NINE,0.625,0.0228,0.3522
HEARTS ACE CLUBS TWO,0.4092,0.0052,0.5856
SPADES ACE CLUBS FOUR,0.4036,0.0046,0.5918
DIAMONDS NINE DIAMONDS QUEEN,0.3292,0.0124,0.6584
HEARTS TWO DIAMONDS NINE,0.611,0.0276,0.3614
CLUBS TWO HEARTS KING,0.4076,0.0056,0.5868
SPADES KING CLUBS FOUR,0.4144,0.007,0.5786
DIAMONDS KING DIAMONDS NINE,0.349,0.0076,0.6434
HEARTS THREE DIAMONDS NINE,0.6186,0.026,0.3554
CLUBS TWO HEARTS QUEEN,0.4092,0.0114,0.5794
SPADES QUEEN CLUBS FOUR,0.4018,0.0112,0.587
DIAMONDS NINE DIAMONDS JACK,0.3248,0.0162,0.659
CLUBS EIGHT SPADES NINE,0.5504,0.0178,0.4318
DIAMONDS TEN DIAMONDS NINE,0.212,0.163,0.625
CLUBS EIGHT SPADES EIGHT,0.271,0.0426,0.6864
CLUBS EIGHT SPADES SEVEN,0.574,0.0236,0.4024
CLUBS EIGHT SPADES SIX,0.6672,0.068,0.2648
CLUBS EIGHT SPADES FIVE,0.6002,0.025,0.3748
CLUBS EIGHT SPADES FOUR,0.6242,0.0254,0.3504
CLUBS EIGHT SPADES THREE,0.6394,0.0266,0.334
CLUBS EIGHT SPADES TWO,0.6266,0.0304,0.343
HEARTS SIX DIAMONDS TEN,0.0134,0.9718,0.0148
HEARTS SEVEN DIAMONDS TEN,0.2258,0.2926,0.4816
DIAMONDS TEN HEARTS EIGHT,0.2072,0.2346,0.5582
CLUBS JACK CLUBS FOUR,0.387,0.0178,0.5952
DIAMONDS TEN HEARTS NINE,0.223,0.1762,0.6008
CLUBS FOUR CLUBS KING,0.3808,0.0084,0.6108
CLUBS FOUR CLUBS QUEEN,0.3784,0.0136,0.608
DIAMONDS TEN CLUBS TWO,0.4022,0.3814,0.2164
CLUBS THREE DIAMONDS TEN,0.401,0.3914,0.2076
CLUBS FOUR CLUBS ACE,0.382,0.0058,0.6122
DIAMONDS TEN DIAMONDS JACK,0.2094,0.0542,0.7364
DIAMONDS TEN DIAMONDS QUEEN,0.2266,0.0448,0.7286
HEARTS TWO DIAMONDS TEN,0.395,0.3882,0.2168
DIAMONDS KING DIAMONDS TEN,0.227,0.0354,0.7376
HEARTS THREE DIAMONDS TEN,0.3922,0.376,0.2318
DIAMONDS ACE DIAMONDS TEN,0.2354,0.028,0.7366
HEARTS FOUR DIAMONDS TEN,0.3868,0.3862,0.227
CLUBS EIGHT HEARTS JACK,0.348,0.0166,0.6354
HEARTS FIVE DIAMONDS TEN,0.407,0.3688,0.2242
CLUBS EIGHT HEARTS TEN,0.2256,0.224,0.5504
CLUBS EIGHT HEARTS QUEEN,0.367,0.0088,0.6242
CLUBS EIGHT HEARTS KING,0.3758,0.0072,0.617
CLUBS EIGHT HEARTS ACE,0.3692,0.0022,0.6286
CLUBS NINE SPADES THREE,0.6366,0.0258,0.3376
CLUBS NINE SPADES TWO,0.642,0.028,0.33
CLUBS NINE SPADES FIVE,0.6204,0.0256,0.354
CLUBS NINE SPADES FOUR,0.6316,0.027,0.3414
CLUBS NINE SPADES SEVEN,0.563,0.0248,0.4122
CLUBS NINE SPADES SIX,0.6828,0.0778,0.2394
CLUBS NINE SPADES NINE,0.2756,0.038,0.6864
CLUBS NINE SPADES EIGHT,0.5534,0.0234,0.4232
CLUBS JACK HEARTS EIGHT,0.3424,0.016,0.6416
HEARTS EIGHT CLUBS QUEEN,0.3518,0.0132,0.635
CLUBS KING HEARTS EIGHT,0.3696,0.0066,0.6238
CLUBS ACE HEARTS EIGHT,0.365,0.0044,0.6306
SPADES KING CLUBS KING,0.1448,0.01,0.8452
SPADES QUEEN CLUBS KING,0.3188,0.0056,0.6756
SPADES ACE CLUBS KING,0.3236,0.0044,0.672
DIAMONDS ACE HEARTS TEN,0.231,0.023,0.746
HEARTS FOUR HEARTS TEN,0.3812,0.3524,0.2664
DIAMONDS ACE HEARTS JACK,0.3226,0.0056,0.6718
HEARTS FOUR HEARTS JACK,0.377,0.016,0.607
SPADES KING CLUBS FIVE,0.417,0.0084,0.5746
SPADES QUEEN CLUBS FIVE,0.4112,0.0124,0.5764
SPADES ACE CLUBS FIVE,0.3994,0.0064,0.5942
HEARTS SEVEN DIAMONDS JACK,0.3676,0.0182,0.6142
HEARTS SIX DIAMONDS JACK,0.2478,0.0588,0.6934
DIAMONDS JACK HEARTS NINE,0.345,0.0144,0.6406
DIAMONDS JACK HEARTS EIGHT,0.3498,0.019,0.6312
DIAMONDS KING DIAMONDS JACK,0.3074,0.0064,0.6862
HEARTS THREE DIAMONDS JACK,0.3948,0.0152,0.59
SPADES ACE SPADES SIX,0.2394,0.0234,0.7372
HEARTS ACE SPADES FOUR,0.4028,0.0028,0.5944
DIAMONDS QUEEN DIAMONDS JACK,0.2978,0.0124,0.6898
HEARTS TWO DIAMONDS JACK,0.4146,0.0192,0.5662
HEARTS FIVE DIAMONDS JACK,0.392,0.0156,0.5924
SPADES QUEEN SPADES SIX,0.2252,0.0444,0.7304
SPADES FOUR HEARTS QUEEN,0.4018,0.0082,0.59
DIAMONDS ACE DIAMONDS JACK,0.2998,0.0054,0.6948
HEARTS FOUR DIAMONDS JACK,0.4018,0.019,0.5792
SPADES KING SPADES SIX,0.2294,0.0318,0.7388
SPADES FOUR HEARTS KING,0.4134,0.006,0.5806
SPADES TEN SPADES SIX,0.019,0.9072,0.0738
SPADES JACK SPADES SIX,0.2496,0.0556,0.6948
SPADES FOUR DIAMONDS JACK,0.4038,0.0194,0.5768
SPADES FIVE DIAMONDS JACK,0.3956,0.0212,0.5832
DIAMONDS JACK SPADES TWO,0.4126,0.0174,0.57
SPADES THREE DIAMONDS JACK,0.3956,0.018,0.5864
SPADES ACE DIAMONDS THREE,0.4036,0.0046,0.5918
SPADES QUEEN DIAMONDS THREE,0.4166,0.0124,0.571
CLUBS EIGHT DIAMONDS JACK,0.3384,0.0182,0.6434
SPADES KING DIAMONDS THREE,0.4204,0.0062,0.5734
CLUBS NINE DIAMONDS JACK,0.3346,0.0166,0.6488
CLUBS SIX DIAMONDS JACK,0.2436,0.0524,0.704
CLUBS SEVEN DIAMONDS JACK,0.3426,0.0196,0.6378
CLUBS FOUR DIAMONDS JACK,0.3972,0.0194,0.5834
CLUBS FIVE DIAMONDS JACK,0.384,0.0152,0.6008
CLUBS TWO DIAMONDS JACK,0.4052,0.0202,0.5746
CLUBS THREE DIAMONDS JACK,0.4238,0.0158,0.5604
SPADES TEN CLUBS FIVE,0.4068,0.3764,0.2168
SPADES JACK HEARTS SIX,0.2466,0.0632,0.6902
HEARTS SIX SPADES TEN,0.025,0.9538,0.0212
SPADES JACK CLUBS FIVE,0.3994,0.0182,0.5824
SPADES JACK DIAMONDS THREE,0.4106,0.017,0.5724
CLUBS SEVEN CLUBS ACE,0.348,0.005,0.647
DIAMONDS THREE SPADES TEN,0.4098,0.376,0.2142
CLUBS SEVEN CLUBS QUEEN,0.362,0.0098,0.6282
CLUBS SEVEN CLUBS KING,0.3558,0.0052,0.639
SPADES NINE DIAMONDS JACK,0.3274,0.0152,0.6574
DIAMONDS ACE HEARTS ACE,0.128,0.003,0.869
HEARTS FOUR HEARTS ACE,0.3756,0.0046,0.6198
SPADES EIGHT DIAMONDS JACK,0.3274,0.0194,0.6532
SPADES ACE HEARTS SIX,0.2574,0.0226,0.72
CLUBS JACK CLUBS SEVEN,0.3436,0.0178,0.6386
DIAMONDS ACE HEARTS KING,0.3236,0.0036,0.6728
HEARTS FOUR HEARTS KING,0.38,0.0064,0.6136
SPADES SEVEN DIAMONDS JACK,0.3542,0.0176,0.6282
SPADES KING HEARTS SIX,0.2544,0.0374,0.7082
DIAMONDS ACE HEARTS QUEEN,0.3244,0.0038,0.6718
HEARTS FOUR HEARTS QUEEN,0.3744,0.0104,0.6152
SPADES QUEEN HEARTS SIX,0.2602,0.0452,0.6946
SPADES SIX DIAMONDS JACK,0.2498,0.0602,0.69
DIAMONDS TEN SPADES TWO,0.3998,0.3816,0.2186
DIAMONDS TEN SPADES THREE,0.3948,0.3758,0.2294
DIAMONDS TEN SPADES FOUR,0.391,0.3942,0.2148
DIAMONDS TEN SPADES FIVE,0.4016,0.3788,0.2196
SPADES SIX DIAMONDS TEN,0.0114,0.9728,0.0158
SPADES SEVEN DIAMONDS TEN,0.2054,0.2976,0.497
SPADES EIGHT DIAMONDS TEN,0.2094,0.2268,0.5638
SPADES NINE DIAMONDS TEN,0.2196,0.1626,0.6178
CLUBS FOUR DIAMONDS TEN,0.412,0.3766,0.2114
CLUBS FIVE DIAMONDS TEN,0.4046,0.382,0.2134
CLUBS SIX DIAMONDS TEN,0.009,0.9836,0.0074
CLUBS SEVEN DIAMONDS TEN,0.217,0.3024,0.4806
CLUBS EIGHT DIAMONDS TEN,0.2196,0.2296,0.5508
CLUBS NINE DIAMONDS TEN,0.213,0.1764,0.6106
CLUBS JACK DIAMONDS THREE,0.396,0.0192,0.5848
DIAMONDS THREE CLUBS KING,0.4186,0.0072,0.5742
DIAMONDS THREE CLUBS QUEEN,0.3976,0.0118,0.5906
DIAMONDS THREE CLUBS ACE,0.4056,0.0056,0.5888
SPADES FOUR HEARTS JACK,0.3976,0.0158,0.5866
SPADES FOUR HEARTS TEN,0.4134,0.3716,0.215
SPADES FIVE SPADES TWO,0.5814,0.0272,0.3914
SPADES FOUR SPADES TWO,0.582,0.0266,0.3914
SPADES THREE SPADES TWO,0.5802,0.031,0.3888
SPADES NINE SPADES TWO,0.586,0.0294,0.3846
SPADES EIGHT SPADES TWO,0.584,0.0204,0.3956
SPADES SEVEN SPADES TWO,0.5902,0.0246,0.3852
SPADES SIX SPADES TWO,0.6298,0.0806,0.2896
CLUBS THREE DIAMONDS QUEEN,0.3958,0.0112,0.593
CLUBS THREE HEARTS TWO,0.629,0.0246,0.3464
CLUBS TWO DIAMONDS QUEEN,0.4218,0.0124,0.5658
HEARTS TWO CLUBS TWO,0.42,0.0626,0.5174
HEARTS SEVEN DIAMONDS QUEEN,0.365,0.01,0.625
HEARTS SEVEN HEARTS TWO,0.5936,0.03,0.3764
HEARTS SIX DIAMONDS QUEEN,0.2404,0.0486,0.711
HEARTS SIX HEARTS TWO,0.6402,0.0862,0.2736
DIAMONDS QUEEN HEARTS NINE,0.3478,0.0098,0.6424
HEARTS TWO HEARTS NINE,0.5848,0.0242,0.391
DIAMONDS QUEEN HEARTS EIGHT,0.346,0.0122,0.6418
HEARTS TWO HEARTS EIGHT,0.5878,0.0232,0.389
CLUBS NINE HEARTS TWO,0.6262,0.0256,0.3482
CLUBS NINE DIAMONDS QUEEN,0.358,0.0086,0.6334
CLUBS EIGHT HEARTS TWO,0.6476,0.0266,0.3258
CLUBS EIGHT DIAMONDS QUEEN,0.3522,0.012,0.6358
CLUBS FIVE DIAMONDS QUEEN,0.4052,0.0122,0.5826
CLUBS FIVE HEARTS TWO,0.6424,0.028,0.3296
SPADES EIGHT HEARTS ACE,0.3686,0.0024,0.629
CLUBS FOUR DIAMONDS QUEEN,0.4076,0.0104,0.582
CLUBS FOUR HEARTS TWO,0.6322,0.028,0.3398
CLUBS SEVEN DIAMONDS QUEEN,0.3686,0.014,0.6174
CLUBS SEVEN HEARTS TWO,0.646,0.0246,0.3294
SPADES EIGHT HEARTS QUEEN,0.3596,0.0094,0.631
CLUBS SIX DIAMONDS QUEEN,0.2514,0.0514,0.6972
CLUBS SIX HEARTS TWO,0.6844,0.0864,0.2292
SPADES EIGHT HEARTS KING,0.3768,0.0066,0.6166
HEARTS TWO SPADES SIX,0.6822,0.0814,0.2364
SPADES SIX DIAMONDS QUEEN,0.2588,0.0496,0.6916
HEARTS FOUR CLUBS QUEEN,0.4056,0.01,0.5844
DIAMONDS ACE CLUBS QUEEN,0.3306,0.005,0.6644
SPADES SEVEN DIAMONDS QUEEN,0.3654,0.0104,0.6242
SPADES SEVEN HEARTS TWO,0.6246,0.0284,0.347
HEARTS FOUR CLUBS KING,0.3978,0.0076,0.5946
DIAMONDS ACE CLUBS KING,0.3256,0.0054,0.669
SPADES EIGHT DIAMONDS QUEEN,0.3608,0.0104,0.6288
SPADES EIGHT HEARTS TWO,0.6336,0.0248,0.3416
HEARTS FOUR CLUBS ACE,0.4006,0.0042,0.5952
DIAMONDS ACE CLUBS ACE,0.127,0.004,0.869
SPADES NINE DIAMONDS QUEEN,0.3374,0.0088,0.6538
SPADES NINE HEARTS TWO,0.625,0.026,0.349
HEARTS TWO SPADES TWO,0.4092,0.0606,0.5302
DIAMONDS QUEEN SPADES TWO,0.3992,0.013,0.5878
HEARTS TWO SPADES THREE,0.631,0.0306,0.3384
DIAMONDS QUEEN SPADES THREE,0.403,0.0148,0.5822
HEARTS TWO SPADES FOUR,0.62,0.031,0.349
SPADES FOUR DIAMONDS QUEEN,0.4102,0.01,0.5798
HEARTS TWO SPADES FIVE,0.6162,0.0288,0.355
SPADES FIVE DIAMONDS QUEEN,0.3946,0.0122,0.5932
CLUBS JACK HEARTS FOUR,0.3958,0.0162,0.588
CLUBS JACK DIAMONDS ACE,0.3014,0.0056,0.693
CLUBS FIVE CLUBS KING,0.3742,0.0062,0.6196
CLUBS FIVE CLUBS QUEEN,0.396,0.0098,0.5942
CLUBS FIVE CLUBS ACE,0.3848,0.0046,0.6106
CLUBS JACK CLUBS FIVE,0.3826,0.0184,0.599
SPADES KING CLUBS JACK,0.3316,0.006,0.6624
CLUBS JACK SPADES QUEEN,0.3186,0.007,0.6744
SPADES ACE CLUBS JACK,0.3266,0.0062,0.6672
SPADES SIX CLUBS KING,0.2404,0.0358,0.7238
SPADES SIX CLUBS QUEEN,0.2286,0.0482,0.7232
SPADES EIGHT HEARTS JACK,0.353,0.0158,0.6312
SPADES SIX CLUBS ACE,0.2554,0.0214,0.7232
SPADES EIGHT HEARTS TEN,0.2294,0.2238,0.5468
CLUBS JACK SPADES SIX,0.2584,0.054,0.6876
CLUBS JACK SPADES TEN,0.2278,0.0636,0.7086
CLUBS JACK SPADES JACK,0.1524,0.0206,0.827
SPADES QUEEN CLUBS SEVEN,0.3766,0.0128,0.6106
SPADES KING CLUBS SEVEN,0.381,0.0058,0.6132
SPADES ACE CLUBS SEVEN,0.3598,0.0038,0.6364
SPADES SIX HEARTS TEN,0.0192,0.9632,0.0176
SPADES SIX HEARTS JACK,0.2582,0.0576,0.6842
SPADES SIX HEARTS ACE,0.2556,0.0248,0.7196
SPADES SIX HEARTS KING,0.254,0.0314,0.7146
SPADES SIX HEARTS QUEEN,0.2474,0.0442,0.7084
CLUBS SEVEN SPADES JACK,0.3748,0.0176,0.6076
CLUBS SEVEN SPADES TEN,0.2196,0.2974,0.483
CLUBS JACK HEARTS SIX,0.2518,0.057,0.6912
CLUBS JACK CLUBS ACE,0.3174,0.0054,0.6772
HEARTS SIX CLUBS QUEEN,0.2348,0.049,0.7162
HEARTS SIX CLUBS KING,0.2562,0.0388,0.705
HEARTS SIX CLUBS ACE,0.2484,0.02,0.7316
CLUBS JACK CLUBS QUEEN,0.2994,0.0104,0.6902
CLUBS JACK CLUBS KING,0.3088,0.008,0.6832
DIAMONDS THREE HEARTS ACE,0.4018,0.0038,0.5944
DIAMONDS THREE HEARTS QUEEN,0.4098,0.0112,0.579
DIAMONDS THREE HEARTS KING,0.4214,0.0078,0.5708
CLUBS FIVE HEARTS JACK,0.402,0.0138,0.5842
SPADES TEN DIAMONDS ACE,0.2452,0.024,0.7308
HEARTS FOUR SPADES TEN,0.4062,0.3686,0.2252
CLUBS FIVE HEARTS TEN,0.3954,0.3866,0.218
HEARTS FOUR SPADES JACK,0.4062,0.0136,0.5802
SPADES JACK DIAMONDS ACE,0.3248,0.0044,0.6708
SPADES ACE HEARTS FOUR,0.3968,0.0042,0.599
SPADES ACE DIAMONDS ACE,0.1428,0.0028,0.8544
CLUBS FIVE HEARTS ACE,0.3974,0.003,0.5996
CLUBS FIVE HEARTS KING,0.407,0.0076,0.5854
HEARTS FOUR SPADES QUEEN,0.4094,0.0126,0.578
SPADES QUEEN DIAMONDS ACE,0.3278,0.004,0.6682
CLUBS JACK SPADES FOUR,0.3894,0.021,0.5896
CLUBS FIVE HEARTS QUEEN,0.4004,0.0092,0.5904
SPADES KING DIAMONDS ACE,0.3268,0.0032,0.67
SPADES KING HEARTS FOUR,0.4034,0.0052,0.5914
DIAMONDS ACE DIAMONDS QUEEN,0.3222,0.0042,0.6736
DIAMONDS ACE HEARTS TWO,0.4058,0.0056,0.5886
HEARTS FOUR DIAMONDS QUEEN,0.3982,0.0096,0.5922
HEARTS FOUR HEARTS TWO,0.5906,0.0268,0.3826
DIAMONDS THREE HEARTS TEN,0.4052,0.3676,0.2272
SPADES FOUR CLUBS KING,0.3992,0.008,0.5928
HEARTS FIVE DIAMONDS QUEEN,0.3952,0.0122,0.5926
HEARTS FIVE HEARTS TWO,0.5814,0.0278,0.3908
DIAMONDS THREE HEARTS JACK,0.393,0.0188,0.5882
SPADES FOUR CLUBS QUEEN,0.394,0.0108,0.5952
HEARTS TWO DIAMONDS QUEEN,0.4052,0.0102,0.5846
DIAMONDS KING DIAMONDS QUEEN,0.3096,0.0052,0.6852
DIAMONDS KING HEARTS TWO,0.4052,0.0096,0.5852
HEARTS THREE DIAMONDS QUEEN,0.398,0.0124,0.5896
HEARTS THREE HEARTS TWO,0.5958,0.0264,0.3778
SPADES FOUR CLUBS ACE,0.3896,0.0038,0.6066
HEARTS TWO CLUBS ACE,0.3974,0.0072,0.5954
DIAMONDS QUEEN CLUBS ACE,0.3194,0.0036,0.677
HEARTS TWO CLUBS QUEEN,0.4106,0.0128,0.5766
DIAMONDS QUEEN CLUBS QUEEN,0.1414,0.017,0.8416
HEARTS TWO CLUBS KING,0.3994,0.0074,0.5932
DIAMONDS QUEEN CLUBS KING,0.3218,0.0078,0.6704
SPADES EIGHT SPADES FIVE,0.5646,0.0312,0.4042
SPADES NINE SPADES FIVE,0.577,0.0254,0.3976
CLUBS JACK HEARTS TWO,0.4172,0.013,0.5698
CLUBS JACK DIAMONDS QUEEN,0.3126,0.0092,0.6782
SPADES SIX SPADES FIVE,0.615,0.0816,0.3034
SPADES SEVEN SPADES FIVE,0.5598,0.0258,0.4144
DIAMONDS FIVE CLUBS QUEEN,0.4034,0.0112,0.5854
SPADES EIGHT CLUBS ACE,0.352,0.004,0.644
DIAMONDS FIVE CLUBS KING,0.4032,0.0078,0.589
SPADES EIGHT CLUBS KING,0.3668,0.0058,0.6274
DIAMONDS FIVE CLUBS ACE,0.3988,0.005,0.5962
SPADES EIGHT CLUBS QUEEN,0.3518,0.01,0.6382
CLUBS JACK SPADES EIGHT,0.3346,0.0148,0.6506
CLUBS JACK DIAMONDS FIVE,0.392,0.0154,0.5926
DIAMONDS TEN HEARTS JACK,0.2174,0.0568,0.7258
DIAMONDS TEN HEARTS TEN,0.0976,0.0512,0.8512
SPADES ACE CLUBS NINE,0.368,0.003,0.629
CLUBS NINE SPADES QUEEN,0.3684,0.0116,0.62
CLUBS NINE SPADES KING,0.3722,0.0052,0.6226
HEARTS SIX HEARTS KING,0.2408,0.0332,0.726
DIAMONDS KING SPADES SEVEN,0.368,0.0078,0.6242
HEARTS THREE SPADES SEVEN,0.6128,0.0288,0.3584
SPADES KING DIAMONDS SEVEN,0.3694,0.006,0.6246
HEARTS SIX HEARTS QUEEN,0.2454,0.0428,0.7118
SPADES QUEEN DIAMONDS SEVEN,0.3656,0.0114,0.623
HEARTS THREE SPADES SIX,0.6564,0.0778,0.2658
DIAMONDS KING SPADES SIX,0.2596,0.0362,0.7042
SPADES NINE DIAMONDS KING,0.3648,0.007,0.6282
SPADES NINE HEARTS THREE,0.6282,0.0272,0.3446
HEARTS SIX HEARTS ACE,0.2362,0.0218,0.742
DIAMONDS KING SPADES EIGHT,0.3646,0.004,0.6314
SPADES EIGHT HEARTS THREE,0.6218,0.0308,0.3474
SPADES ACE DIAMONDS SEVEN,0.3558,0.006,0.6382
CLUBS NINE HEARTS THREE,0.6412,0.0234,0.3354
CLUBS NINE DIAMONDS KING,0.3606,0.008,0.6314
CLUBS EIGHT HEARTS THREE,0.625,0.0288,0.3462
CLUBS EIGHT DIAMONDS KING,0.3796,0.0074,0.613
HEARTS THREE SPADES THREE,0.4058,0.0614,0.5328
DIAMONDS KING SPADES THREE,0.397,0.009,0.594
HEARTS THREE SPADES TWO,0.6264,0.0284,0.3452
DIAMONDS KING SPADES TWO,0.4174,0.0072,0.5754
HEARTS THREE SPADES FIVE,0.6178,0.0324,0.3498
DIAMONDS KING SPADES FIVE,0.4068,0.0068,0.5864
HEARTS THREE SPADES FOUR,0.6174,0.028,0.3546
DIAMONDS KING SPADES FOUR,0.4036,0.0058,0.5906
DIAMONDS KING CLUBS TWO,0.408,0.0112,0.5808
HEARTS THREE CLUBS TWO,0.6298,0.0298,0.3404
DIAMONDS KING CLUBS THREE,0.4042,0.0112,0.5846
CLUBS THREE HEARTS THREE,0.4194,0.0528,0.5278
