opposingHand,winningChance,drawChance,lostChance
CLUBS SEVEN DIAMONDS SIX
HEARTS FIVE SPADES TEN,0.4176,0.0262,0.5562
HEARTS FIVE SPADES JACK,0.4266,0.018,0.5554
CLUBS JACK SPADES FIVE,0.419,0.0186,0.5624
CLUBS TEN SPADES FIVE,0.4348,0.0272,0.538
CLUBS JACK CLUBS EIGHT,0.3426,0.0194,0.638
CLUBS TEN CLUBS EIGHT,0.3402,0.0254,0.6344
CLUBS EIGHT CLUBS KING,0.3522,0.0094,0.6384
SPADES FIVE CLUBS ACE,0.4094,0.004,0.5866
CLUBS EIGHT CLUBS QUEEN,0.3578,0.0088,0.6334
SPADES FIVE CLUBS KING,0.4094,0.0086,0.582
SPADES FIVE CLUBS QUEEN,0.4228,0.0118,0.5654
CLUBS EIGHT CLUBS ACE,0.3548,0.0032,0.642
DIAMONDS TWO DIAMONDS THREE,0.557,0.0924,0.3506
DIAMONDS TWO DIAMONDS FIVE,0.5584,0.0948,0.3468
HEARTS FIVE SPADES KING,0.4296,0.0066,0.5638
DIAMONDS TWO DIAMONDS FOUR,0.5416,0.0928,0.3656
HEARTS FIVE SPADES QUEEN,0.419,0.0104,0.5706
DIAMONDS TWO DIAMONDS SEVEN,0.3998,0.3616,0.2386
SPADES ACE HEARTS FIVE,0.4056,0.002,0.5924
DIAMONDS TWO DIAMONDS NINE,0.4156,0.041,0.5434
DIAMONDS TWO DIAMONDS EIGHT,0.4302,0.0618,0.508
DIAMONDS THREE DIAMONDS FOUR,0.5482,0.095,0.3568
CLUBS TWO SPADES FOUR,0.5852,0.1024,0.3124
DIAMONDS THREE DIAMONDS FIVE,0.5514,0.0868,0.3618
SPADES FIVE CLUBS TWO,0.5944,0.0974,0.3082
CLUBS TWO SPADES TWO,0.4126,0.1066,0.4808
CLUBS TWO SPADES THREE,0.5928,0.0954,0.3118
DIAMONDS THREE DIAMONDS EIGHT,0.4024,0.061,0.5366
SPADES EIGHT CLUBS TWO,0.4412,0.0668,0.492
DIAMONDS THREE DIAMONDS NINE,0.4178,0.0444,0.5378
SPADES NINE CLUBS TWO,0.449,0.0414,0.5096
SPADES SIX CLUBS TWO,0.5938,0.2002,0.206
DIAMONDS THREE DIAMONDS SEVEN,0.4008,0.3506,0.2486
SPADES SEVEN CLUBS TWO,0.416,0.3756,0.2084
CLUBS SIX CLUBS TWO,0.5694,0.1956,0.235
CLUBS FOUR CLUBS TWO,0.5608,0.0858,0.3534
CLUBS FIVE CLUBS TWO,0.563,0.086,0.351
CLUBS TEN CLUBS JACK,0.3316,0.0118,0.6566
CLUBS TEN CLUBS QUEEN,0.3518,0.0086,0.6396
DIAMONDS FOUR DIAMONDS SEVEN,0.4036,0.3478,0.2486
CLUBS TEN CLUBS KING,0.328,0.0058,0.6662
CLUBS TEN CLUBS ACE,0.3506,0.0054,0.644
CLUBS EIGHT CLUBS TWO,0.4226,0.064,0.5134
DIAMONDS FIVE DIAMONDS FOUR,0.5442,0.0876,0.3682
CLUBS NINE CLUBS TWO,0.4202,0.04,0.5398
DIAMONDS NINE DIAMONDS FOUR,0.4142,0.042,0.5438
DIAMONDS FOUR DIAMONDS EIGHT,0.4078,0.0644,0.5278
CLUBS THREE CLUBS TWO,0.5564,0.0922,0.3514
DIAMONDS NINE DIAMONDS FIVE,0.4038,0.0388,0.5574
CLUBS JACK DIAMONDS TWO,0.439,0.0196,0.5414
DIAMONDS FIVE DIAMONDS EIGHT,0.3808,0.061,0.5582
CLUBS TEN DIAMONDS TWO,0.4424,0.0286,0.529
DIAMONDS FIVE DIAMONDS SEVEN,0.3902,0.3624,0.2474
DIAMONDS TWO CLUBS ACE,0.4116,0.0042,0.5842
DIAMONDS TWO CLUBS KING,0.4414,0.0072,0.5514
DIAMONDS TWO CLUBS QUEEN,0.436,0.015,0.549
HEARTS ACE SPADES THREE,0.4172,0.0024,0.5804
SPADES THREE HEARTS KING,0.4192,0.01,0.5708
HEARTS QUEEN SPADES THREE,0.4334,0.014,0.5526
SPADES THREE HEARTS JACK,0.436,0.0188,0.5452
SPADES THREE HEARTS TEN,0.439,0.0238,0.5372
DIAMONDS EIGHT DIAMONDS SEVEN,0.223,0.1482,0.6288
DIAMONDS NINE DIAMONDS SEVEN,0.2454,0.1074,0.6472
DIAMONDS NINE DIAMONDS EIGHT,0.3198,0.036,0.6442
DIAMONDS KING HEARTS TEN,0.368,0.0082,0.6238
HEARTS THREE HEARTS TEN,0.4024,0.0302,0.5674
SPADES JACK CLUBS SIX,0.2958,0.0544,0.6498
DIAMONDS KING HEARTS JACK,0.3626,0.0054,0.632
HEARTS THREE HEARTS JACK,0.4122,0.0172,0.5706
SPADES TEN CLUBS SIX,0.2944,0.075,0.6306
SPADES JACK SPADES FIVE,0.3988,0.0146,0.5866
SPADES TEN SPADES FIVE,0.3986,0.024,0.5774
DIAMONDS KING HEARTS ACE,0.3786,0.0038,0.6176
HEARTS THREE HEARTS ACE,0.405,0.0028,0.5922
SPADES ACE CLUBS SIX,0.2936,0.0198,0.6866
DIAMONDS KING HEARTS QUEEN,0.3656,0.0056,0.6288
HEARTS THREE HEARTS QUEEN,0.4048,0.0116,0.5836
SPADES KING CLUBS SIX,0.2928,0.0302,0.677
DIAMONDS KING HEARTS KING,0.1972,0.0174,0.7854
HEARTS THREE HEARTS KING,0.4028,0.0086,0.5886
SPADES QUEEN CLUBS SIX,0.2956,0.0446,0.6598
SPADES NINE HEARTS TEN,0.3522,0.0206,0.6272
SPADES NINE HEARTS JACK,0.3624,0.0186,0.619
SPADES QUEEN SPADES FIVE,0.3984,0.0106,0.591
SPADES KING SPADES FIVE,0.3988,0.0062,0.595
SPADES ACE SPADES FIVE,0.3916,0.0042,0.6042
SPADES NINE HEARTS QUEEN,0.3508,0.0086,0.6406
SPADES NINE HEARTS KING,0.3736,0.0052,0.6212
SPADES NINE HEARTS ACE,0.3788,0.0024,0.6188
CLUBS TEN SPADES JACK,0.3386,0.0142,0.6472
CLUBS TEN SPADES TEN,0.1786,0.0614,0.76
SPADES ACE CLUBS TEN,0.3588,0.0042,0.637
CLUBS TEN SPADES KING,0.3684,0.007,0.6246
CLUBS TEN SPADES QUEEN,0.3614,0.0108,0.6278
SPADES FIVE HEARTS QUEEN,0.4194,0.0142,0.5664
SPADES FIVE HEARTS KING,0.423,0.0052,0.5718
HEARTS ACE SPADES FIVE,0.4304,0.0026,0.567
CLUBS EIGHT SPADES TEN,0.3454,0.0264,0.6282
SPADES JACK HEARTS THREE,0.4404,0.015,0.5446
SPADES JACK DIAMONDS KING,0.3666,0.006,0.6274
SPADES TEN DIAMONDS KING,0.3628,0.0052,0.632
SPADES TEN HEARTS THREE,0.4316,0.025,0.5434
CLUBS EIGHT SPADES JACK,0.3588,0.0172,0.624
CLUBS SIX HEARTS ACE,0.293,0.0202,0.6868
SPADES ACE CLUBS EIGHT,0.375,0.0044,0.6206
HEARTS FIVE CLUBS JACK,0.4178,0.0128,0.5694
CLUBS TEN HEARTS FIVE,0.4206,0.0294,0.55
CLUBS SIX HEARTS QUEEN,0.2936,0.0446,0.6618
SPADES QUEEN CLUBS EIGHT,0.3664,0.0106,0.623
CLUBS TEN SPADES THREE,0.4278,0.0282,0.544
CLUBS SIX HEARTS KING,0.2918,0.0314,0.6768
SPADES KING CLUBS EIGHT,0.3648,0.0086,0.6266
CLUBS JACK SPADES THREE,0.4302,0.0204,0.5494
DIAMONDS TWO HEARTS JACK,0.4284,0.0192,0.5524
SPADES THREE CLUBS QUEEN,0.4316,0.0152,0.5532
DIAMONDS TWO HEARTS TEN,0.453,0.029,0.518
SPADES THREE CLUBS KING,0.4298,0.007,0.5632
HEARTS FIVE CLUBS ACE,0.4078,0.004,0.5882
SPADES FIVE HEARTS TEN,0.419,0.0258,0.5552
SPADES THREE CLUBS ACE,0.419,0.0036,0.5774
HEARTS FIVE CLUBS KING,0.4218,0.0092,0.569
SPADES FIVE HEARTS JACK,0.4182,0.0148,0.567
HEARTS FIVE CLUBS QUEEN,0.4198,0.011,0.5692
HEARTS THREE CLUBS KING,0.4314,0.0096,0.559
DIAMONDS KING CLUBS KING,0.1824,0.0162,0.8014
HEARTS THREE CLUBS QUEEN,0.4282,0.0134,0.5584
DIAMONDS KING CLUBS QUEEN,0.3516,0.0068,0.6416
HEARTS FIVE HEARTS JACK,0.3832,0.0182,0.5986
HEARTS FIVE HEARTS TEN,0.41,0.0246,0.5654
HEARTS THREE CLUBS ACE,0.4054,0.0036,0.591
DIAMONDS KING CLUBS ACE,0.3662,0.0034,0.6304
SPADES ACE CLUBS QUEEN,0.3666,0.0032,0.6302
SPADES KING CLUBS QUEEN,0.3636,0.0062,0.6302
CLUBS JACK HEARTS THREE,0.4196,0.019,0.5614
CLUBS JACK DIAMONDS KING,0.3598,0.008,0.6322
SPADES QUEEN CLUBS QUEEN,0.1768,0.0296,0.7936
CLUBS TEN HEARTS THREE,0.431,0.0268,0.5422
CLUBS TEN DIAMONDS KING,0.3608,0.0106,0.6286
SPADES JACK CLUBS QUEEN,0.3432,0.0058,0.651
CLUBS SIX CLUBS QUEEN,0.2754,0.0422,0.6824
SPADES TEN CLUBS QUEEN,0.3554,0.0116,0.633
CLUBS SIX CLUBS KING,0.2836,0.0308,0.6856
CLUBS SIX CLUBS ACE,0.2774,0.0222,0.7004
HEARTS FIVE HEARTS KING,0.3998,0.0068,0.5934
HEARTS FIVE HEARTS QUEEN,0.3872,0.0134,0.5994
CLUBS TEN CLUBS SIX,0.2632,0.078,0.6588
HEARTS FIVE HEARTS ACE,0.3922,0.0046,0.6032
CLUBS JACK CLUBS SIX,0.2812,0.0532,0.6656
SPADES SEVEN HEARTS JACK,0.2802,0.0532,0.6666
SPADES SEVEN HEARTS TEN,0.281,0.0744,0.6446
DIAMONDS TWO CLUBS TWO,0.4186,0.1092,0.4722
DIAMONDS TWO CLUBS THREE,0.5856,0.1048,0.3096
DIAMONDS TWO HEARTS SIX,0.5996,0.1926,0.2078
DIAMONDS TWO HEARTS QUEEN,0.4402,0.0114,0.5484
HEARTS SEVEN DIAMONDS TWO,0.4286,0.3666,0.2048
DIAMONDS TWO HEARTS KING,0.433,0.0072,0.5598
DIAMONDS TWO HEARTS EIGHT,0.4426,0.0606,0.4968
DIAMONDS TWO HEARTS ACE,0.433,0.005,0.562
DIAMONDS TWO HEARTS NINE,0.4514,0.0428,0.5058
DIAMONDS TWO DIAMONDS QUEEN,0.4176,0.0124,0.57
DIAMONDS TWO HEARTS TWO,0.4048,0.1132,0.482
DIAMONDS TWO DIAMONDS KING,0.4106,0.0092,0.5802
DIAMONDS TWO HEARTS THREE,0.5864,0.0918,0.3218
DIAMONDS TWO DIAMONDS ACE,0.3942,0.007,0.5988
HEARTS FOUR DIAMONDS TWO,0.5682,0.1036,0.3282
HEARTS FIVE DIAMONDS TWO,0.5906,0.0934,0.316
SPADES SEVEN HEARTS ACE,0.278,0.0292,0.6928
DIAMONDS TWO DIAMONDS TEN,0.4194,0.0292,0.5514
SPADES SEVEN HEARTS KING,0.2908,0.0358,0.6734
DIAMONDS TWO DIAMONDS JACK,0.4178,0.0212,0.561
SPADES SEVEN HEARTS QUEEN,0.2832,0.0452,0.6716
DIAMONDS TWO SPADES NINE,0.4444,0.0398,0.5158
DIAMONDS TWO SPADES EIGHT,0.4396,0.066,0.4944
DIAMONDS TWO SPADES SEVEN,0.4308,0.3698,0.1994
DIAMONDS TWO SPADES SIX,0.596,0.2016,0.2024
DIAMONDS TWO SPADES FIVE,0.595,0.0906,0.3144
DIAMONDS TWO SPADES FOUR,0.5944,0.0938,0.3118
DIAMONDS TWO SPADES THREE,0.586,0.0888,0.3252
DIAMONDS TWO SPADES TWO,0.3966,0.1048,0.4986
DIAMONDS TWO CLUBS NINE,0.4484,0.0396,0.512
CLUBS EIGHT DIAMONDS TWO,0.4468,0.0618,0.4914
DIAMONDS TWO CLUBS SIX,0.6038,0.1984,0.1978
DIAMONDS TWO CLUBS FIVE,0.5986,0.1048,0.2966
DIAMONDS TWO CLUBS FOUR,0.5826,0.1014,0.316
CLUBS FOUR SPADES FIVE,0.56,0.1006,0.3394
CLUBS FOUR SPADES FOUR,0.3954,0.1038,0.5008
CLUBS FOUR SPADES THREE,0.57,0.1042,0.3258
CLUBS FOUR SPADES TWO,0.593,0.0968,0.3102
SPADES NINE CLUBS FOUR,0.444,0.045,0.511
SPADES EIGHT CLUBS FOUR,0.4192,0.0658,0.515
SPADES SEVEN CLUBS FOUR,0.4304,0.362,0.2076
CLUBS FOUR SPADES SIX,0.5752,0.1944,0.2304
SPADES QUEEN SPADES TWO,0.4064,0.0112,0.5824
SPADES KING SPADES TWO,0.4032,0.0082,0.5886
SPADES ACE SPADES TWO,0.394,0.0028,0.6032
CLUBS JACK DIAMONDS JACK,0.1778,0.0436,0.7786
CLUBS TEN DIAMONDS JACK,0.343,0.0164,0.6406
DIAMONDS JACK CLUBS KING,0.3568,0.0094,0.6338
DIAMONDS JACK CLUBS QUEEN,0.3332,0.0116,0.6552
DIAMONDS THREE DIAMONDS JACK,0.413,0.0206,0.5664
DIAMONDS THREE DIAMONDS TEN,0.4136,0.0294,0.557
DIAMONDS JACK CLUBS ACE,0.366,0.0048,0.6292
DIAMONDS THREE DIAMONDS KING,0.4216,0.0084,0.57
DIAMONDS THREE HEARTS THREE,0.408,0.1106,0.4814
DIAMONDS THREE DIAMONDS QUEEN,0.4112,0.0126,0.5762
DIAMONDS THREE HEARTS TWO,0.5742,0.1038,0.322
HEARTS FIVE DIAMONDS THREE,0.5834,0.0874,0.3292
DIAMONDS THREE DIAMONDS ACE,0.3968,0.0066,0.5966
HEARTS FOUR DIAMONDS THREE,0.5736,0.0962,0.3302
HEARTS SEVEN DIAMONDS THREE,0.4148,0.3696,0.2156
SPADES TEN SPADES NINE,0.3274,0.0232,0.6494
HEARTS SIX DIAMONDS THREE,0.5726,0.1984,0.229
SPADES JACK SPADES NINE,0.3358,0.0168,0.6474
DIAMONDS THREE HEARTS NINE,0.4258,0.041,0.5332
HEARTS JACK DIAMONDS FOUR,0.4228,0.0176,0.5596
HEARTS ACE HEARTS KING,0.3558,0.0042,0.64
SPADES TEN SPADES TWO,0.423,0.0222,0.5548
DIAMONDS THREE HEARTS EIGHT,0.4408,0.0652,0.494
HEARTS TEN DIAMONDS FOUR,0.4162,0.0292,0.5546
SPADES JACK SPADES TWO,0.4182,0.0188,0.563
HEARTS QUEEN DIAMONDS FOUR,0.4204,0.0114,0.5682
HEARTS KING DIAMONDS FOUR,0.4366,0.008,0.5554
SPADES ACE SPADES NINE,0.3456,0.004,0.6504
HEARTS ACE DIAMONDS FOUR,0.418,0.0052,0.5768
SPADES KING SPADES NINE,0.3518,0.0048,0.6434
SPADES QUEEN SPADES NINE,0.353,0.0098,0.6372
DIAMONDS THREE SPADES NINE,0.434,0.0406,0.5254
DIAMONDS THREE SPADES EIGHT,0.437,0.064,0.499
DIAMONDS THREE SPADES SEVEN,0.4238,0.373,0.2032
DIAMONDS THREE SPADES SIX,0.5806,0.1922,0.2272
DIAMONDS THREE CLUBS SIX,0.5792,0.1992,0.2216
CLUBS FIVE CLUBS SIX,0.544,0.1868,0.2692
CLUBS ACE DIAMONDS FOUR,0.4232,0.0048,0.572
DIAMONDS THREE CLUBS FOUR,0.5794,0.1014,0.3192
DIAMONDS FOUR CLUBS QUEEN,0.4172,0.0146,0.5682
DIAMONDS THREE CLUBS FIVE,0.579,0.105,0.316
DIAMONDS FOUR CLUBS KING,0.4266,0.0108,0.5626
DIAMONDS THREE CLUBS TWO,0.588,0.0958,0.3162
CLUBS TEN DIAMONDS FOUR,0.4274,0.026,0.5466
DIAMONDS THREE CLUBS THREE,0.4064,0.1104,0.4832
CLUBS JACK DIAMONDS FOUR,0.4152,0.0166,0.5682
DIAMONDS THREE SPADES FOUR,0.5726,0.1008,0.3266
DIAMONDS THREE SPADES FIVE,0.5614,0.1004,0.3382
DIAMONDS THREE SPADES TWO,0.5846,0.0944,0.321
DIAMONDS THREE SPADES THREE,0.4012,0.1104,0.4884
CLUBS EIGHT DIAMONDS THREE,0.4378,0.0698,0.4924
CLUBS NINE DIAMONDS THREE,0.4372,0.0416,0.5212
SPADES SEVEN CLUBS ACE,0.2686,0.0296,0.7018
SPADES SEVEN CLUBS QUEEN,0.282,0.0462,0.6718
SPADES SEVEN CLUBS KING,0.279,0.0418,0.6792
CLUBS FIVE SPADES SEVEN,0.4052,0.385,0.2098
CLUBS TEN SPADES SEVEN,0.2594,0.0864,0.6542
CLUBS FIVE SPADES SIX,0.5726,0.1982,0.2292
CLUBS JACK SPADES SEVEN,0.2712,0.0602,0.6686
CLUBS FIVE SPADES NINE,0.4012,0.0474,0.5514
CLUBS FIVE SPADES EIGHT,0.3964,0.0692,0.5344
CLUBS FIVE SPADES THREE,0.5916,0.0936,0.3148
CLUBS FIVE SPADES TWO,0.595,0.098,0.307
CLUBS FIVE SPADES FIVE,0.384,0.1048,0.5112
CLUBS FIVE SPADES FOUR,0.5624,0.1018,0.3358
CLUBS NINE CLUBS FIVE,0.4074,0.0404,0.5522
CLUBS EIGHT CLUBS FIVE,0.3916,0.065,0.5434
CLUBS ACE CLUBS QUEEN,0.3442,0.0044,0.6514
CLUBS KING CLUBS QUEEN,0.3514,0.0084,0.6402
DIAMONDS TEN DIAMONDS FOUR,0.4086,0.0276,0.5638
CLUBS TEN DIAMONDS NINE,0.3336,0.0196,0.6468
DIAMONDS JACK DIAMONDS FOUR,0.4086,0.0186,0.5728
CLUBS JACK DIAMONDS NINE,0.352,0.0188,0.6292
CLUBS JACK SPADES NINE,0.3478,0.0184,0.6338
CLUBS TEN SPADES NINE,0.3446,0.0234,0.632
DIAMONDS ACE DIAMONDS FOUR,0.401,0.004,0.595
HEARTS FOUR DIAMONDS FOUR,0.3824,0.1092,0.5084
DIAMONDS JACK HEARTS TEN,0.3562,0.0114,0.6324
SPADES NINE CLUBS KING,0.3816,0.0056,0.6128
DIAMONDS TWO SPADES TEN,0.4576,0.0308,0.5116
DIAMONDS NINE CLUBS ACE,0.3716,0.0034,0.625
HEARTS FIVE DIAMONDS FOUR,0.564,0.094,0.342
DIAMONDS JACK HEARTS JACK,0.185,0.038,0.777
SPADES NINE CLUBS QUEEN,0.368,0.0094,0.6226
DIAMONDS TWO SPADES JACK,0.448,0.017,0.535
DIAMONDS QUEEN DIAMONDS FOUR,0.4094,0.0126,0.578
HEARTS TWO DIAMONDS FOUR,0.5994,0.0952,0.3054
DIAMONDS NINE CLUBS QUEEN,0.357,0.0098,0.6332
DIAMONDS KING DIAMONDS FOUR,0.4184,0.0084,0.5732
HEARTS THREE DIAMONDS FOUR,0.5672,0.0958,0.337
SPADES NINE CLUBS ACE,0.3688,0.005,0.6262
DIAMONDS NINE CLUBS KING,0.3578,0.0078,0.6344
HEARTS ACE DIAMONDS JACK,0.3624,0.0056,0.632
SPADES ACE DIAMONDS TWO,0.4292,0.0058,0.565
HEARTS QUEEN DIAMONDS JACK,0.3348,0.0106,0.6546
SPADES QUEEN DIAMONDS TWO,0.4338,0.0114,0.5548
HEARTS KING DIAMONDS JACK,0.3576,0.006,0.6364
SPADES KING DIAMONDS TWO,0.4442,0.009,0.5468
SPADES JACK SPADES SEVEN,0.2546,0.0574,0.688
SPADES TEN SPADES SEVEN,0.256,0.0742,0.6698
CLUBS SIX CLUBS THREE,0.543,0.1866,0.2704
CLUBS FIVE CLUBS THREE,0.5474,0.0902,0.3624
CLUBS THREE CLUBS FOUR,0.5556,0.0904,0.354
CLUBS NINE CLUBS THREE,0.4174,0.0374,0.5452
CLUBS EIGHT CLUBS THREE,0.4146,0.0652,0.5202
CLUBS THREE SPADES FIVE,0.5804,0.0956,0.324
CLUBS THREE SPADES FOUR,0.5678,0.0998,0.3324
CLUBS THREE SPADES THREE,0.3976,0.1134,0.489
CLUBS THREE SPADES TWO,0.5808,0.1014,0.3178
CLUBS THREE SPADES SIX,0.573,0.1988,0.2282
CLUBS THREE SPADES SEVEN,0.4106,0.3706,0.2188
SPADES EIGHT CLUBS THREE,0.4386,0.0568,0.5046
SPADES NINE CLUBS THREE,0.4378,0.0408,0.5214
SPADES TWO DIAMONDS FOUR,0.5762,0.1026,0.3212
SPADES THREE DIAMONDS FOUR,0.5692,0.0944,0.3364
SPADES FOUR DIAMONDS FOUR,0.387,0.113,0.5
SPADES FIVE DIAMONDS FOUR,0.5652,0.0916,0.3432
SPADES SIX DIAMONDS FOUR,0.5554,0.199,0.2456
SPADES SEVEN DIAMONDS FOUR,0.4074,0.3884,0.2042
SPADES EIGHT DIAMONDS FOUR,0.4184,0.063,0.5186
SPADES NINE DIAMONDS FOUR,0.4314,0.0436,0.525
CLUBS FIVE DIAMONDS FOUR,0.5706,0.1066,0.3228
CLUBS FOUR DIAMONDS FOUR,0.3892,0.1026,0.5082
CLUBS SIX DIAMONDS FOUR,0.5678,0.2024,0.2298
CLUBS NINE DIAMONDS FOUR,0.4446,0.0418,0.5136
CLUBS EIGHT DIAMONDS FOUR,0.445,0.065,0.49
HEARTS SEVEN DIAMONDS FOUR,0.408,0.3822,0.2098
HEARTS SIX DIAMONDS FOUR,0.5716,0.1968,0.2316
DIAMONDS FOUR HEARTS NINE,0.4388,0.043,0.5182
DIAMONDS FOUR HEARTS EIGHT,0.415,0.0656,0.5194
CLUBS THREE DIAMONDS FOUR,0.5796,0.1022,0.3182
CLUBS TWO DIAMONDS FOUR,0.5876,0.105,0.3074
DIAMONDS TEN DIAMONDS FIVE,0.4138,0.0302,0.556
DIAMONDS JACK DIAMONDS FIVE,0.4068,0.0176,0.5756
DIAMONDS NINE HEARTS QUEEN,0.377,0.0144,0.6086
DIAMONDS NINE HEARTS KING,0.3676,0.0062,0.6262
HEARTS ACE DIAMONDS NINE,0.3672,0.0034,0.6294
DIAMONDS NINE HEARTS TEN,0.3396,0.0234,0.637
DIAMONDS NINE HEARTS JACK,0.3638,0.017,0.6192
SPADES KING DIAMONDS FOUR,0.4264,0.01,0.5636
SPADES ACE SPADES SEVEN,0.2718,0.0208,0.7074
SPADES QUEEN DIAMONDS FOUR,0.4396,0.0112,0.5492
SPADES QUEEN SPADES SEVEN,0.2748,0.045,0.6802
SPADES KING SPADES SEVEN,0.271,0.034,0.695
SPADES ACE DIAMONDS FOUR,0.4222,0.0044,0.5734
CLUBS NINE CLUBS FOUR,0.409,0.0438,0.5472
CLUBS EIGHT CLUBS FOUR,0.3932,0.064,0.5428
SPADES JACK DIAMONDS FOUR,0.425,0.016,0.559
SPADES TEN DIAMONDS FOUR,0.432,0.0256,0.5424
CLUBS FIVE CLUBS FOUR,0.5408,0.0908,0.3684
CLUBS SIX CLUBS FOUR,0.5404,0.1892,0.2704
HEARTS SIX DIAMONDS FIVE,0.564,0.1978,0.2382
HEARTS SEVEN DIAMONDS FIVE,0.4032,0.3822,0.2146
DIAMONDS FIVE HEARTS EIGHT,0.4084,0.066,0.5256
DIAMONDS FIVE HEARTS NINE,0.4108,0.045,0.5442
DIAMONDS QUEEN DIAMONDS FIVE,0.3988,0.0122,0.589
HEARTS TWO DIAMONDS FIVE,0.5828,0.0966,0.3206
HEARTS KING HEARTS EIGHT,0.3494,0.0082,0.6424
DIAMONDS KING DIAMONDS FIVE,0.3964,0.0098,0.5938
HEARTS THREE DIAMONDS FIVE,0.5692,0.1038,0.327
HEARTS QUEEN HEARTS EIGHT,0.3416,0.0112,0.6472
DIAMONDS ACE DIAMONDS FIVE,0.4018,0.005,0.5932
HEARTS FOUR DIAMONDS FIVE,0.5518,0.1006,0.3476
HEARTS FIVE DIAMONDS FIVE,0.3938,0.1018,0.5044
HEARTS ACE HEARTS EIGHT,0.347,0.0042,0.6488
CLUBS FOUR DIAMONDS FIVE,0.574,0.0992,0.3268
CLUBS FIVE DIAMONDS FIVE,0.3826,0.1062,0.5112
CLUBS SIX DIAMONDS FIVE,0.566,0.2094,0.2246
CLUBS TWO DIAMONDS FIVE,0.5978,0.1024,0.2998
CLUBS THREE DIAMONDS FIVE,0.5896,0.102,0.3084
SPADES THREE DIAMONDS FIVE,0.5808,0.1002,0.319
SPADES TWO DIAMONDS FIVE,0.5846,0.108,0.3074
SPADES JACK DIAMONDS EIGHT,0.351,0.0166,0.6324
SPADES FIVE DIAMONDS FIVE,0.3774,0.1076,0.515
CLUBS TEN HEARTS JACK,0.3444,0.0142,0.6414
SPADES TEN DIAMONDS EIGHT,0.3514,0.025,0.6236
SPADES FOUR DIAMONDS FIVE,0.5694,0.0942,0.3364
CLUBS JACK HEARTS JACK,0.1792,0.0406,0.7802
HEARTS JACK CLUBS QUEEN,0.332,0.012,0.656
CLUBS NINE DIAMONDS FIVE,0.4122,0.0412,0.5466
CLUBS EIGHT DIAMONDS FIVE,0.4038,0.075,0.5212
HEARTS JACK CLUBS KING,0.366,0.0056,0.6284
CLUBS ACE HEARTS JACK,0.3702,0.004,0.6258
SPADES SEVEN DIAMONDS FIVE,0.4102,0.3714,0.2184
SPADES KING DIAMONDS EIGHT,0.3714,0.0066,0.622
SPADES QUEEN DIAMONDS EIGHT,0.3684,0.012,0.6196
SPADES SIX DIAMONDS FIVE,0.5586,0.1996,0.2418
SPADES NINE DIAMONDS FIVE,0.4282,0.04,0.5318
SPADES EIGHT DIAMONDS FIVE,0.4058,0.0642,0.53
SPADES ACE DIAMONDS EIGHT,0.3802,0.0042,0.6156
HEARTS ACE DIAMONDS SEVEN,0.2714,0.0262,0.7024
HEARTS QUEEN DIAMONDS SEVEN,0.2746,0.0438,0.6816
HEARTS KING DIAMONDS SEVEN,0.2868,0.0398,0.6734
SPADES TWO HEARTS JACK,0.4322,0.0192,0.5486
SPADES TWO HEARTS TEN,0.4342,0.0308,0.535
HEARTS TEN DIAMONDS SEVEN,0.2784,0.0784,0.6432
HEARTS JACK DIAMONDS SEVEN,0.2562,0.0604,0.6834
CLUBS JACK DIAMONDS EIGHT,0.3502,0.0196,0.6302
CLUBS TEN DIAMONDS EIGHT,0.3462,0.0242,0.6296
HEARTS ACE HEARTS JACK,0.3476,0.0036,0.6488
CLUBS ACE DIAMONDS EIGHT,0.3576,0.0044,0.638
HEARTS QUEEN HEARTS JACK,0.3274,0.008,0.6646
CLUBS KING DIAMONDS EIGHT,0.3584,0.0076,0.634
HEARTS KING HEARTS JACK,0.352,0.009,0.639
DIAMONDS EIGHT CLUBS QUEEN,0.3658,0.0116,0.6226
SPADES TEN HEARTS KING,0.3612,0.0066,0.6322
HEARTS ACE SPADES TWO,0.4142,0.0048,0.581
SPADES JACK HEARTS KING,0.3888,0.0074,0.6038
HEARTS QUEEN SPADES TWO,0.434,0.0128,0.5532
SPADES ACE SPADES KING,0.3578,0.0032,0.639
HEARTS KING SPADES TWO,0.435,0.0084,0.5566
HEARTS TEN HEARTS EIGHT,0.3356,0.0248,0.6396
HEARTS JACK HEARTS EIGHT,0.339,0.017,0.644
SPADES KING HEARTS KING,0.1998,0.015,0.7852
SPADES QUEEN HEARTS KING,0.3774,0.0056,0.617
CLUBS ACE CLUBS KING,0.3588,0.006,0.6352
SPADES ACE HEARTS KING,0.3672,0.003,0.6298
SPADES ACE HEARTS JACK,0.3678,0.0028,0.6294
SPADES QUEEN HEARTS JACK,0.355,0.0084,0.6366
SPADES KING HEARTS JACK,0.3656,0.0042,0.6302
SPADES TEN DIAMONDS TEN,0.18,0.0566,0.7634
SPADES JACK DIAMONDS TEN,0.3474,0.0142,0.6384
SPADES ACE DIAMONDS TEN,0.3552,0.003,0.6418
SPADES JACK HEARTS JACK,0.195,0.0404,0.7646
SPADES TEN HEARTS JACK,0.3496,0.011,0.6394
SPADES QUEEN DIAMONDS TEN,0.3562,0.01,0.6338
SPADES KING DIAMONDS TEN,0.364,0.0088,0.6272
SPADES NINE DIAMONDS SEVEN,0.2418,0.1136,0.6446
SPADES EIGHT DIAMONDS SEVEN,0.2542,0.1442,0.6016
SPADES SEVEN DIAMONDS SEVEN,0.132,0.0984,0.7696
SPADES SIX DIAMONDS SEVEN,0.0124,0.9712,0.0164
DIAMONDS KING DIAMONDS SEVEN,0.2698,0.0358,0.6944
HEARTS THREE DIAMONDS SEVEN,0.4002,0.3868,0.213
HEARTS KING DIAMONDS FIVE,0.4264,0.0064,0.5672
DIAMONDS QUEEN DIAMONDS SEVEN,0.2814,0.0472,0.6714
HEARTS TWO DIAMONDS SEVEN,0.4216,0.3706,0.2078
HEARTS QUEEN DIAMONDS FIVE,0.4246,0.012,0.5634
HEARTS FIVE DIAMONDS SEVEN,0.3972,0.3744,0.2284
DIAMONDS ACE DIAMONDS SEVEN,0.2668,0.0274,0.7058
HEARTS FOUR DIAMONDS SEVEN,0.4126,0.3632,0.2242
HEARTS ACE DIAMONDS FIVE,0.4172,0.0058,0.577
HEARTS SEVEN DIAMONDS SEVEN,0.1222,0.094,0.7838
HEARTS SIX DIAMONDS SEVEN,0.0116,0.9684,0.02
HEARTS NINE DIAMONDS SEVEN,0.2584,0.1076,0.634
HEARTS EIGHT DIAMONDS SEVEN,0.2266,0.1466,0.6268
DIAMONDS JACK DIAMONDS SEVEN,0.2518,0.061,0.6872
DIAMONDS FIVE HEARTS JACK,0.417,0.0192,0.5638
DIAMONDS TEN DIAMONDS SEVEN,0.255,0.0796,0.6654
HEARTS TEN DIAMONDS FIVE,0.4328,0.0268,0.5404
CLUBS EIGHT DIAMONDS SEVEN,0.2322,0.1462,0.6216
SPADES KING CLUBS TWO,0.4352,0.01,0.5548
HEARTS KING CLUBS KING,0.1968,0.0182,0.785
SPADES QUEEN CLUBS TWO,0.4568,0.015,0.5282
HEARTS KING CLUBS QUEEN,0.3706,0.0062,0.6232
CLUBS NINE DIAMONDS SEVEN,0.2408,0.1088,0.6504
CLUBS JACK SPADES TWO,0.4298,0.0206,0.5496
SPADES ACE CLUBS TWO,0.427,0.0042,0.5688
CLUBS TEN SPADES TWO,0.4326,0.0316,0.5358
HEARTS KING CLUBS ACE,0.3718,0.0044,0.6238
SPADES TWO CLUBS KING,0.4468,0.0102,0.543
SPADES TWO DIAMONDS SEVEN,0.4098,0.3804,0.2098
CLUBS EIGHT CLUBS SIX,0.238,0.1412,0.6208
SPADES THREE DIAMONDS SEVEN,0.4108,0.376,0.2132
SPADES TWO CLUBS QUEEN,0.4374,0.0112,0.5514
CLUBS NINE CLUBS SIX,0.2672,0.102,0.6308
SPADES FOUR DIAMONDS SEVEN,0.4062,0.3746,0.2192
CLUBS JACK HEARTS KING,0.3626,0.0064,0.631
SPADES FIVE DIAMONDS SEVEN,0.3786,0.3934,0.228
SPADES TWO CLUBS ACE,0.4076,0.0072,0.5852
CLUBS TEN HEARTS KING,0.3476,0.0084,0.644
CLUBS SIX SPADES TWO,0.5868,0.2034,0.2098
CLUBS SIX SPADES THREE,0.5806,0.2022,0.2172
CLUBS TWO DIAMONDS SEVEN,0.4038,0.3918,0.2044
CLUBS SIX SPADES FOUR,0.5704,0.202,0.2276
CLUBS THREE DIAMONDS SEVEN,0.4012,0.3798,0.219
CLUBS SIX SPADES FIVE,0.561,0.1976,0.2414
CLUBS FOUR DIAMONDS SEVEN,0.3968,0.3742,0.229
CLUBS SIX SPADES SIX,0.3044,0.091,0.6046
CLUBS FIVE DIAMONDS SEVEN,0.3926,0.387,0.2204
CLUBS SIX SPADES SEVEN,0.0192,0.9676,0.0132
CLUBS SIX DIAMONDS SEVEN,0.0094,0.9824,0.0082
CLUBS SIX SPADES EIGHT,0.254,0.1406,0.6054
SPADES JACK CLUBS TWO,0.4392,0.0188,0.542
SPADES NINE CLUBS SIX,0.277,0.0984,0.6246
SPADES TEN CLUBS TWO,0.4364,0.0308,0.5328
CLUBS TWO CLUBS QUEEN,0.4128,0.0118,0.5754
CLUBS TWO CLUBS KING,0.4238,0.0088,0.5674
CLUBS THREE DIAMONDS EIGHT,0.4362,0.065,0.4988
CLUBS TWO CLUBS ACE,0.3988,0.0052,0.596
CLUBS TWO DIAMONDS EIGHT,0.432,0.0634,0.5046
HEARTS SEVEN DIAMONDS EIGHT,0.2372,0.1448,0.618
HEARTS SIX DIAMONDS EIGHT,0.2444,0.1394,0.6162
DIAMONDS EIGHT HEARTS NINE,0.3306,0.0392,0.6302
CLUBS TEN CLUBS TWO,0.4118,0.0288,0.5594
HEARTS EIGHT DIAMONDS EIGHT,0.158,0.0828,0.7592
CLUBS JACK CLUBS TWO,0.416,0.018,0.566
CLUBS NINE DIAMONDS EIGHT,0.3358,0.0364,0.6278
CLUBS EIGHT DIAMONDS EIGHT,0.1504,0.0842,0.7654
CLUBS FIVE DIAMONDS EIGHT,0.3918,0.0772,0.531
SPADES ACE SPADES THREE,0.4036,0.004,0.5924
CLUBS FOUR DIAMONDS EIGHT,0.414,0.0646,0.5214
SPADES QUEEN SPADES THREE,0.4114,0.0134,0.5752
CLUBS SIX DIAMONDS EIGHT,0.242,0.1586,0.5994
SPADES KING SPADES THREE,0.411,0.0074,0.5816
DIAMONDS QUEEN DIAMONDS EIGHT,0.3648,0.0106,0.6246
HEARTS TWO DIAMONDS EIGHT,0.4204,0.068,0.5116
DIAMONDS KING DIAMONDS EIGHT,0.3668,0.007,0.6262
HEARTS THREE DIAMONDS EIGHT,0.433,0.0704,0.4966
DIAMONDS ACE DIAMONDS EIGHT,0.353,0.0048,0.6422
HEARTS FOUR DIAMONDS EIGHT,0.4076,0.0648,0.5276
HEARTS FIVE DIAMONDS EIGHT,0.4116,0.0676,0.5208
DIAMONDS TEN DIAMONDS EIGHT,0.3348,0.0308,0.6344
DIAMONDS JACK DIAMONDS EIGHT,0.3342,0.0182,0.6476
SPADES JACK SPADES THREE,0.404,0.0166,0.5794
SPADES TEN SPADES THREE,0.4144,0.0304,0.5552
CLUBS FOUR HEARTS ACE,0.409,0.0044,0.5866
CLUBS FOUR HEARTS QUEEN,0.4432,0.0124,0.5444
CLUBS FOUR HEARTS KING,0.4314,0.0088,0.5598
CLUBS SIX HEARTS TEN,0.2974,0.0718,0.6308
CLUBS SIX HEARTS JACK,0.2958,0.05,0.6542
SPADES FOUR DIAMONDS EIGHT,0.4044,0.0704,0.5252
SPADES FIVE DIAMONDS EIGHT,0.3884,0.0664,0.5452
SPADES TWO DIAMONDS EIGHT,0.4308,0.0676,0.5016
SPADES THREE DIAMONDS EIGHT,0.4296,0.0676,0.5028
CLUBS FOUR HEARTS JACK,0.4214,0.0226,0.556
SPADES EIGHT DIAMONDS EIGHT,0.1616,0.082,0.7564
SPADES TEN DIAMONDS QUEEN,0.3568,0.0112,0.632
SPADES TEN HEARTS TWO,0.4432,0.0294,0.5274
SPADES JACK HEARTS EIGHT,0.3604,0.0186,0.621
CLUBS FOUR HEARTS TEN,0.435,0.025,0.54
SPADES NINE DIAMONDS EIGHT,0.3462,0.0386,0.6152
SPADES TEN HEARTS EIGHT,0.3442,0.027,0.6288
SPADES JACK HEARTS TWO,0.4338,0.0154,0.5508
SPADES JACK DIAMONDS QUEEN,0.3578,0.0102,0.632
SPADES SIX DIAMONDS EIGHT,0.2474,0.1344,0.6182
SPADES SEVEN DIAMONDS EIGHT,0.2284,0.1394,0.6322
SPADES ACE HEARTS TWO,0.4148,0.004,0.5812
SPADES ACE DIAMONDS QUEEN,0.3674,0.0038,0.6288
SPADES ACE HEARTS EIGHT,0.3744,0.002,0.6236
SPADES KING HEARTS EIGHT,0.3788,0.006,0.6152
SPADES QUEEN HEARTS TWO,0.4382,0.0146,0.5472
SPADES QUEEN DIAMONDS QUEEN,0.1862,0.0264,0.7874
SPADES KING DIAMONDS QUEEN,0.3718,0.0078,0.6204
SPADES KING HEARTS TWO,0.4358,0.0092,0.555
SPADES QUEEN HEARTS EIGHT,0.3694,0.0128,0.6178
CLUBS TWO HEARTS TEN,0.4298,0.0266,0.5436
CLUBS TWO HEARTS JACK,0.426,0.0188,0.5552
SPADES SEVEN DIAMONDS NINE,0.2504,0.1018,0.6478
SPADES SIX DIAMONDS NINE,0.2622,0.1016,0.6362
SPADES NINE DIAMONDS NINE,0.1584,0.0682,0.7734
SPADES EIGHT DIAMONDS NINE,0.333,0.0422,0.6248
SPADES TEN CLUBS KING,0.3592,0.007,0.6338
DIAMONDS NINE SPADES THREE,0.4356,0.0396,0.5248
SPADES JACK CLUBS KING,0.3684,0.0062,0.6254
DIAMONDS NINE SPADES TWO,0.4388,0.0432,0.518
SPADES FIVE DIAMONDS NINE,0.4046,0.042,0.5534
DIAMONDS NINE SPADES FOUR,0.4136,0.0458,0.5406
CLUBS NINE DIAMONDS NINE,0.1508,0.0714,0.7778
CLUBS EIGHT DIAMONDS NINE,0.3282,0.0414,0.6304
CLUBS SIX DIAMONDS NINE,0.254,0.103,0.643
SPADES JACK CLUBS FOUR,0.421,0.018,0.561
SPADES TEN CLUBS FOUR,0.424,0.0276,0.5484
CLUBS FOUR DIAMONDS NINE,0.423,0.0456,0.5314
CLUBS FIVE DIAMONDS NINE,0.4234,0.042,0.5346
CLUBS TWO DIAMONDS NINE,0.4332,0.0402,0.5266
CLUBS THREE DIAMONDS NINE,0.4304,0.0486,0.521
DIAMONDS NINE HEARTS EIGHT,0.3276,0.0428,0.6296
DIAMONDS NINE HEARTS NINE,0.1632,0.0706,0.7662
HEARTS SIX DIAMONDS NINE,0.2624,0.1056,0.632
HEARTS SEVEN DIAMONDS NINE,0.2442,0.1194,0.6364
CLUBS EIGHT CLUBS NINE,0.3308,0.0386,0.6306
DIAMONDS ACE DIAMONDS NINE,0.3532,0.005,0.6418
HEARTS FOUR DIAMONDS NINE,0.4202,0.0448,0.535
HEARTS FIVE DIAMONDS NINE,0.411,0.0404,0.5486
HEARTS ACE CLUBS TWO,0.4168,0.0052,0.578
SPADES ACE CLUBS FOUR,0.4328,0.004,0.5632
DIAMONDS NINE DIAMONDS QUEEN,0.3502,0.0122,0.6376
HEARTS TWO DIAMONDS NINE,0.44,0.0412,0.5188
CLUBS TWO HEARTS KING,0.4392,0.0072,0.5536
SPADES KING CLUBS FOUR,0.4358,0.0058,0.5584
DIAMONDS KING DIAMONDS NINE,0.355,0.0058,0.6392
HEARTS THREE DIAMONDS NINE,0.4284,0.041,0.5306
CLUBS TWO HEARTS QUEEN,0.4462,0.0116,0.5422
SPADES QUEEN CLUBS FOUR,0.4288,0.012,0.5592
DIAMONDS NINE DIAMONDS JACK,0.3522,0.0152,0.6326
CLUBS EIGHT SPADES NINE,0.3458,0.0354,0.6188
DIAMONDS TEN DIAMONDS NINE,0.3304,0.0262,0.6434
CLUBS EIGHT SPADES EIGHT,0.1434,0.0862,0.7704
CLUBS EIGHT SPADES SEVEN,0.236,0.1456,0.6184
CLUBS EIGHT SPADES SIX,0.253,0.14,0.607
CLUBS EIGHT SPADES FIVE,0.4086,0.065,0.5264
CLUBS EIGHT SPADES FOUR,0.4142,0.0746,0.5112
CLUBS EIGHT SPADES THREE,0.4292,0.0706,0.5002
CLUBS EIGHT SPADES TWO,0.4266,0.0652,0.5082
HEARTS SIX DIAMONDS TEN,0.2806,0.0752,0.6442
HEARTS SEVEN DIAMONDS TEN,0.2622,0.0838,0.654
DIAMONDS TEN HEARTS EIGHT,0.3522,0.0234,0.6244
CLUBS JACK CLUBS FOUR,0.406,0.0148,0.5792
DIAMONDS TEN HEARTS NINE,0.3464,0.0206,0.633
CLUBS TEN CLUBS FOUR,0.3966,0.0286,0.5748
CLUBS FOUR CLUBS KING,0.4102,0.0092,0.5806
CLUBS FOUR CLUBS QUEEN,0.405,0.0146,0.5804
DIAMONDS TEN CLUBS TWO,0.4448,0.0272,0.528
CLUBS THREE DIAMONDS TEN,0.4396,0.027,0.5334
CLUBS FOUR CLUBS ACE,0.3976,0.0032,0.5992
DIAMONDS TEN DIAMONDS JACK,0.336,0.0122,0.6518
DIAMONDS TEN DIAMONDS QUEEN,0.346,0.0102,0.6438
HEARTS TWO DIAMONDS TEN,0.444,0.0256,0.5304
DIAMONDS KING DIAMONDS TEN,0.353,0.008,0.639
HEARTS THREE DIAMONDS TEN,0.4306,0.029,0.5404
DIAMONDS ACE DIAMONDS TEN,0.342,0.0046,0.6534
HEARTS FOUR DIAMONDS TEN,0.4264,0.0278,0.5458
CLUBS EIGHT HEARTS JACK,0.3552,0.0154,0.6294
HEARTS FIVE DIAMONDS TEN,0.4318,0.023,0.5452
CLUBS EIGHT HEARTS TEN,0.346,0.0276,0.6264
CLUBS EIGHT HEARTS QUEEN,0.3668,0.0126,0.6206
CLUBS EIGHT HEARTS KING,0.3664,0.0054,0.6282
CLUBS EIGHT HEARTS ACE,0.3674,0.0036,0.629
CLUBS NINE SPADES THREE,0.4322,0.0458,0.522
CLUBS NINE SPADES TWO,0.4484,0.0454,0.5062
CLUBS NINE SPADES FIVE,0.4152,0.0442,0.5406
CLUBS NINE SPADES FOUR,0.42,0.0446,0.5354
CLUBS NINE SPADES SEVEN,0.2534,0.1002,0.6464
CLUBS NINE SPADES SIX,0.2618,0.1072,0.631
CLUBS NINE SPADES NINE,0.17,0.0764,0.7536
CLUBS TEN HEARTS EIGHT,0.3622,0.0202,0.6176
CLUBS NINE SPADES EIGHT,0.334,0.038,0.628
CLUBS JACK HEARTS EIGHT,0.3556,0.0174,0.627
HEARTS EIGHT CLUBS QUEEN,0.3678,0.0134,0.6188
CLUBS KING HEARTS EIGHT,0.383,0.0032,0.6138
CLUBS ACE HEARTS EIGHT,0.3698,0.0038,0.6264
SPADES KING CLUBS KING,0.1938,0.0182,0.788
SPADES QUEEN CLUBS KING,0.3692,0.006,0.6248
SPADES ACE CLUBS KING,0.3716,0.005,0.6234
DIAMONDS ACE HEARTS TEN,0.3632,0.0032,0.6336
HEARTS FOUR HEARTS TEN,0.4146,0.0264,0.559
DIAMONDS ACE HEARTS JACK,0.3642,0.0044,0.6314
HEARTS FOUR HEARTS JACK,0.3804,0.0204,0.5992
SPADES KING CLUBS FIVE,0.4218,0.007,0.5712
SPADES QUEEN CLUBS FIVE,0.4252,0.0132,0.5616
SPADES ACE CLUBS FIVE,0.418,0.0054,0.5766
HEARTS SEVEN DIAMONDS JACK,0.2626,0.0614,0.676
HEARTS SIX DIAMONDS JACK,0.2914,0.0578,0.6508
DIAMONDS JACK HEARTS NINE,0.3568,0.0186,0.6246
DIAMONDS JACK HEARTS EIGHT,0.3566,0.0164,0.627
DIAMONDS KING DIAMONDS JACK,0.3538,0.0054,0.6408
HEARTS THREE DIAMONDS JACK,0.4404,0.0182,0.5414
SPADES ACE SPADES SIX,0.2762,0.0226,0.7012
HEARTS ACE SPADES FOUR,0.423,0.0032,0.5738
DIAMONDS QUEEN DIAMONDS JACK,0.3424,0.0098,0.6478
HEARTS TWO DIAMONDS JACK,0.4352,0.0216,0.5432
HEARTS FIVE DIAMONDS JACK,0.4138,0.019,0.5672
SPADES QUEEN SPADES SIX,0.2688,0.0396,0.6916
SPADES FOUR HEARTS QUEEN,0.4222,0.0116,0.5662
DIAMONDS ACE DIAMONDS JACK,0.34,0.005,0.655
HEARTS FOUR DIAMONDS JACK,0.4198,0.0188,0.5614
SPADES KING SPADES SIX,0.2694,0.0304,0.7002
SPADES FOUR HEARTS KING,0.4302,0.006,0.5638
SPADES TEN SPADES SIX,0.261,0.0676,0.6714
SPADES JACK SPADES SIX,0.269,0.0492,0.6818
SPADES FOUR DIAMONDS JACK,0.4346,0.0168,0.5486
SPADES FIVE DIAMONDS JACK,0.4082,0.0172,0.5746
DIAMONDS JACK SPADES TWO,0.4376,0.0178,0.5446
SPADES THREE DIAMONDS JACK,0.432,0.0194,0.5486
SPADES ACE DIAMONDS THREE,0.432,0.0036,0.5644
CLUBS EIGHT DIAMONDS JACK,0.3544,0.0206,0.625
SPADES QUEEN DIAMONDS THREE,0.434,0.012,0.554
SPADES KING DIAMONDS THREE,0.4302,0.0098,0.56
CLUBS NINE DIAMONDS JACK,0.3484,0.0176,0.634
CLUBS SIX DIAMONDS JACK,0.2804,0.0564,0.6632
CLUBS FOUR DIAMONDS JACK,0.4298,0.0176,0.5526
CLUBS FIVE DIAMONDS JACK,0.4198,0.0212,0.559
CLUBS TWO DIAMONDS JACK,0.4344,0.0192,0.5464
CLUBS THREE DIAMONDS JACK,0.4236,0.0238,0.5526
SPADES TEN CLUBS FIVE,0.4184,0.026,0.5556
SPADES JACK HEARTS SIX,0.2822,0.0548,0.663
HEARTS SIX SPADES TEN,0.284,0.075,0.641
SPADES JACK CLUBS FIVE,0.4244,0.018,0.5576
SPADES JACK DIAMONDS THREE,0.438,0.0182,0.5438
DIAMONDS THREE SPADES TEN,0.438,0.0266,0.5354
SPADES NINE DIAMONDS JACK,0.3532,0.0168,0.63
DIAMONDS ACE HEARTS ACE,0.1686,0.0032,0.8282
HEARTS FOUR HEARTS ACE,0.394,0.0042,0.6018
SPADES EIGHT DIAMONDS JACK,0.3602,0.0164,0.6234
SPADES ACE HEARTS SIX,0.2794,0.0186,0.702
DIAMONDS ACE HEARTS KING,0.3678,0.0026,0.6296
HEARTS FOUR HEARTS KING,0.4004,0.0078,0.5918
SPADES SEVEN DIAMONDS JACK,0.2722,0.0608,0.667
SPADES KING HEARTS SIX,0.2968,0.0326,0.6706
DIAMONDS ACE HEARTS QUEEN,0.3602,0.0038,0.636
HEARTS FOUR HEARTS QUEEN,0.4012,0.0116,0.5872
SPADES QUEEN HEARTS SIX,0.2826,0.0458,0.6716
SPADES SIX DIAMONDS JACK,0.2924,0.055,0.6526
DIAMONDS TEN SPADES TWO,0.4378,0.0332,0.529
DIAMONDS TEN SPADES THREE,0.432,0.0284,0.5396
DIAMONDS TEN SPADES FOUR,0.4372,0.0276,0.5352
DIAMONDS TEN SPADES FIVE,0.4242,0.03,0.5458
SPADES SIX DIAMONDS TEN,0.2698,0.0728,0.6574
SPADES SEVEN DIAMONDS TEN,0.268,0.0812,0.6508
SPADES EIGHT DIAMONDS TEN,0.3552,0.0218,0.623
SPADES NINE DIAMONDS TEN,0.3426,0.0272,0.6302
CLUBS FOUR DIAMONDS TEN,0.4278,0.0294,0.5428
CLUBS FIVE DIAMONDS TEN,0.4236,0.0302,0.5462
CLUBS SIX DIAMONDS TEN,0.2904,0.0786,0.631
CLUBS EIGHT DIAMONDS TEN,0.3432,0.027,0.6298
CLUBS NINE DIAMONDS TEN,0.3496,0.0222,0.6282
CLUBS JACK DIAMONDS THREE,0.4264,0.018,0.5556
CLUBS TEN DIAMONDS THREE,0.4252,0.0288,0.546
DIAMONDS THREE CLUBS KING,0.4442,0.0096,0.5462
DIAMONDS THREE CLUBS QUEEN,0.429,0.0118,0.5592
DIAMONDS THREE CLUBS ACE,0.4164,0.0044,0.5792
SPADES FOUR HEARTS JACK,0.4304,0.018,0.5516
SPADES FOUR HEARTS TEN,0.4246,0.0248,0.5506
SPADES FIVE SPADES TWO,0.5446,0.0938,0.3616
SPADES FOUR SPADES TWO,0.5424,0.0916,0.366
SPADES THREE SPADES TWO,0.5356,0.0976,0.3668
SPADES NINE SPADES TWO,0.4084,0.0452,0.5464
SPADES EIGHT SPADES TWO,0.4118,0.0592,0.529
SPADES SEVEN SPADES TWO,0.3878,0.3516,0.2606
SPADES SIX SPADES TWO,0.5502,0.187,0.2628
CLUBS THREE DIAMONDS QUEEN,0.4316,0.0166,0.5518
CLUBS THREE HEARTS TWO,0.5846,0.098,0.3174
CLUBS TWO DIAMONDS QUEEN,0.4246,0.0132,0.5622
HEARTS TWO CLUBS TWO,0.406,0.1038,0.4902
HEARTS SEVEN DIAMONDS QUEEN,0.294,0.0468,0.6592
HEARTS SEVEN HEARTS TWO,0.3964,0.3504,0.2532
HEARTS SIX DIAMONDS QUEEN,0.2804,0.0456,0.674
HEARTS SIX HEARTS TWO,0.5502,0.1882,0.2616
DIAMONDS QUEEN HEARTS NINE,0.3562,0.0112,0.6326
HEARTS TWO HEARTS NINE,0.416,0.0384,0.5456
DIAMONDS QUEEN HEARTS EIGHT,0.3682,0.011,0.6208
HEARTS TWO HEARTS EIGHT,0.41,0.0562,0.5338
CLUBS NINE HEARTS TWO,0.4346,0.0428,0.5226
CLUBS NINE DIAMONDS QUEEN,0.3604,0.0124,0.6272
CLUBS EIGHT DIAMONDS QUEEN,0.3602,0.0136,0.6262
CLUBS EIGHT HEARTS TWO,0.4362,0.0668,0.497
CLUBS FIVE DIAMONDS QUEEN,0.426,0.0156,0.5584
CLUBS FIVE HEARTS TWO,0.587,0.098,0.315
SPADES EIGHT HEARTS ACE,0.3702,0.0026,0.6272
CLUBS FOUR DIAMONDS QUEEN,0.4198,0.013,0.5672
CLUBS FOUR HEARTS TWO,0.5798,0.104,0.3162
SPADES EIGHT HEARTS QUEEN,0.3776,0.011,0.6114
CLUBS SIX DIAMONDS QUEEN,0.2894,0.0436,0.667
CLUBS SIX HEARTS TWO,0.5976,0.1972,0.2052
SPADES EIGHT HEARTS KING,0.3802,0.0062,0.6136
HEARTS TWO SPADES SIX,0.5892,0.1968,0.214
SPADES SIX DIAMONDS QUEEN,0.284,0.0414,0.6746
HEARTS FOUR CLUBS QUEEN,0.4222,0.0146,0.5632
DIAMONDS ACE CLUBS QUEEN,0.3676,0.0042,0.6282
SPADES SEVEN DIAMONDS QUEEN,0.2816,0.0438,0.6746
SPADES SEVEN HEARTS TWO,0.416,0.3702,0.2138
HEARTS FOUR CLUBS KING,0.4268,0.0084,0.5648
DIAMONDS ACE CLUBS KING,0.365,0.0056,0.6294
SPADES EIGHT DIAMONDS QUEEN,0.3688,0.0144,0.6168
SPADES EIGHT HEARTS TWO,0.432,0.0668,0.5012
HEARTS FOUR CLUBS ACE,0.4184,0.0054,0.5762
DIAMONDS ACE CLUBS ACE,0.1718,0.0054,0.8228
SPADES NINE DIAMONDS QUEEN,0.3632,0.0092,0.6276
SPADES NINE HEARTS TWO,0.4216,0.046,0.5324
HEARTS TWO SPADES TWO,0.4152,0.11,0.4748
DIAMONDS QUEEN SPADES TWO,0.4294,0.0116,0.559
HEARTS TWO SPADES THREE,0.5762,0.099,0.3248
DIAMONDS QUEEN SPADES THREE,0.4126,0.0114,0.576
HEARTS TWO SPADES FOUR,0.5728,0.0902,0.337
SPADES FOUR DIAMONDS QUEEN,0.4234,0.013,0.5636
CLUBS TEN HEARTS FOUR,0.4242,0.0286,0.5472
CLUBS TEN DIAMONDS ACE,0.3592,0.0042,0.6366
HEARTS TWO SPADES FIVE,0.576,0.098,0.326
SPADES FIVE DIAMONDS QUEEN,0.431,0.0118,0.5572
CLUBS JACK HEARTS FOUR,0.429,0.0162,0.5548
CLUBS JACK DIAMONDS ACE,0.362,0.0062,0.6318
CLUBS FIVE CLUBS KING,0.4026,0.0088,0.5886
CLUBS FIVE CLUBS QUEEN,0.4016,0.0128,0.5856
CLUBS FIVE CLUBS ACE,0.3948,0.0062,0.599
CLUBS JACK CLUBS FIVE,0.4008,0.0186,0.5806
CLUBS TEN CLUBS FIVE,0.3982,0.0272,0.5746
SPADES KING CLUBS JACK,0.364,0.0058,0.6302
CLUBS JACK SPADES QUEEN,0.3454,0.0086,0.646
SPADES ACE CLUBS JACK,0.364,0.0028,0.6332
SPADES SIX CLUBS KING,0.2812,0.029,0.6898
SPADES SIX CLUBS QUEEN,0.286,0.046,0.668
SPADES EIGHT HEARTS JACK,0.3658,0.0166,0.6176
SPADES SIX CLUBS ACE,0.2848,0.0248,0.6904
SPADES EIGHT HEARTS TEN,0.3492,0.026,0.6248
CLUBS JACK SPADES SIX,0.2832,0.0542,0.6626
CLUBS TEN SPADES SIX,0.2768,0.077,0.6462
CLUBS JACK SPADES TEN,0.3456,0.0114,0.643
CLUBS JACK SPADES JACK,0.1888,0.0476,0.7636
SPADES SIX HEARTS TEN,0.275,0.0726,0.6524
SPADES SIX HEARTS JACK,0.3012,0.0542,0.6446
SPADES SIX HEARTS ACE,0.3018,0.0222,0.676
SPADES SIX HEARTS KING,0.2882,0.0318,0.68
SPADES SIX HEARTS QUEEN,0.2936,0.043,0.6634
CLUBS TEN HEARTS SIX,0.2818,0.0738,0.6444
CLUBS JACK HEARTS SIX,0.2872,0.056,0.6568
CLUBS JACK CLUBS ACE,0.3462,0.0046,0.6492
HEARTS SIX CLUBS QUEEN,0.293,0.0418,0.6652
HEARTS SIX CLUBS KING,0.2908,0.0318,0.6774
HEARTS SIX CLUBS ACE,0.2826,0.0216,0.6958
CLUBS JACK CLUBS QUEEN,0.3228,0.01,0.6672
CLUBS JACK CLUBS KING,0.356,0.008,0.636
DIAMONDS THREE HEARTS ACE,0.4262,0.0046,0.5692
DIAMONDS THREE HEARTS QUEEN,0.433,0.0118,0.5552
DIAMONDS THREE HEARTS KING,0.4448,0.0078,0.5474
CLUBS FIVE HEARTS JACK,0.4194,0.02,0.5606
SPADES TEN DIAMONDS ACE,0.3626,0.0026,0.6348
HEARTS FOUR SPADES TEN,0.424,0.0276,0.5484
CLUBS FIVE HEARTS TEN,0.4298,0.0294,0.5408
HEARTS FOUR SPADES JACK,0.421,0.0208,0.5582
SPADES JACK DIAMONDS ACE,0.3664,0.0038,0.6298
SPADES ACE HEARTS FOUR,0.4114,0.0022,0.5864
SPADES ACE DIAMONDS ACE,0.1886,0.004,0.8074
CLUBS FIVE HEARTS ACE,0.418,0.0036,0.5784
CLUBS FIVE HEARTS KING,0.4264,0.0072,0.5664
HEARTS FOUR SPADES QUEEN,0.4272,0.008,0.5648
SPADES QUEEN DIAMONDS ACE,0.37,0.002,0.628
CLUBS JACK SPADES FOUR,0.4246,0.0206,0.5548
CLUBS FIVE HEARTS QUEEN,0.438,0.011,0.551
SPADES KING DIAMONDS ACE,0.363,0.0036,0.6334
SPADES KING HEARTS FOUR,0.4278,0.0076,0.5646
CLUBS TEN SPADES FOUR,0.4238,0.0266,0.5496
DIAMONDS ACE DIAMONDS QUEEN,0.3576,0.0054,0.637
DIAMONDS ACE HEARTS TWO,0.4024,0.0048,0.5928
HEARTS FOUR DIAMONDS QUEEN,0.4284,0.0144,0.5572
HEARTS FOUR HEARTS TWO,0.5432,0.093,0.3638
DIAMONDS THREE HEARTS TEN,0.443,0.0266,0.5304
SPADES FOUR CLUBS KING,0.4166,0.007,0.5764
HEARTS FIVE DIAMONDS QUEEN,0.4156,0.0114,0.573
HEARTS FIVE HEARTS TWO,0.5572,0.0862,0.3566
DIAMONDS THREE HEARTS JACK,0.4254,0.0176,0.557
SPADES FOUR CLUBS QUEEN,0.4262,0.0154,0.5584
HEARTS TWO DIAMONDS QUEEN,0.44,0.013,0.547
DIAMONDS KING DIAMONDS QUEEN,0.3514,0.0058,0.6428
DIAMONDS KING HEARTS TWO,0.431,0.0066,0.5624
HEARTS THREE DIAMONDS QUEEN,0.437,0.0148,0.5482
HEARTS THREE HEARTS TWO,0.5416,0.0942,0.3642
SPADES FOUR CLUBS ACE,0.4232,0.0046,0.5722
HEARTS TWO CLUBS ACE,0.4098,0.0054,0.5848
DIAMONDS QUEEN CLUBS ACE,0.352,0.0042,0.6438
HEARTS TWO CLUBS QUEEN,0.4404,0.0144,0.5452
DIAMONDS QUEEN CLUBS QUEEN,0.1894,0.0318,0.7788
HEARTS TWO CLUBS KING,0.4372,0.0116,0.5512
DIAMONDS QUEEN CLUBS KING,0.3638,0.0078,0.6284
SPADES EIGHT SPADES FIVE,0.3834,0.058,0.5586
CLUBS TEN HEARTS TWO,0.4364,0.028,0.5356
CLUBS TEN DIAMONDS QUEEN,0.3432,0.0098,0.647
SPADES NINE SPADES FIVE,0.3914,0.0398,0.5688
CLUBS JACK HEARTS TWO,0.4264,0.0184,0.5552
CLUBS JACK DIAMONDS QUEEN,0.3384,0.0096,0.652
SPADES SIX SPADES FIVE,0.5252,0.1758,0.299
SPADES SEVEN SPADES FIVE,0.3796,0.3624,0.258
DIAMONDS FIVE CLUBS QUEEN,0.4192,0.0132,0.5676
SPADES EIGHT CLUBS ACE,0.345,0.002,0.653
DIAMONDS FIVE CLUBS KING,0.4128,0.008,0.5792
SPADES EIGHT CLUBS KING,0.3776,0.005,0.6174
DIAMONDS FIVE CLUBS ACE,0.4046,0.0056,0.5898
SPADES EIGHT CLUBS QUEEN,0.3754,0.0108,0.6138
CLUBS JACK SPADES EIGHT,0.3548,0.0174,0.6278
CLUBS TEN SPADES EIGHT,0.3486,0.021,0.6304
CLUBS TEN DIAMONDS FIVE,0.4258,0.0248,0.5494
CLUBS JACK DIAMONDS FIVE,0.4174,0.0144,0.5682
DIAMONDS TEN HEARTS JACK,0.3462,0.014,0.6398
DIAMONDS TEN HEARTS TEN,0.1836,0.0558,0.7606
SPADES ACE CLUBS NINE,0.3728,0.003,0.6242
SPADES QUEEN CLUBS NINE,0.3702,0.0092,0.6206
SPADES KING CLUBS NINE,0.3686,0.0062,0.6252
HEARTS SIX HEARTS KING,0.2784,0.0316,0.69
DIAMONDS KING SPADES SEVEN,0.2854,0.0366,0.678
HEARTS THREE SPADES SEVEN,0.4224,0.3658,0.2118
SPADES KING DIAMONDS SEVEN,0.2936,0.0424,0.664
HEARTS SIX HEARTS QUEEN,0.2728,0.0366,0.6906
SPADES QUEEN DIAMONDS SEVEN,0.2788,0.0436,0.6776
HEARTS THREE SPADES SIX,0.5686,0.1906,0.2408
DIAMONDS KING SPADES SIX,0.2888,0.0338,0.6774
SPADES NINE DIAMONDS KING,0.3628,0.0074,0.6298
SPADES NINE HEARTS THREE,0.4264,0.0444,0.5292
HEARTS SIX HEARTS ACE,0.2784,0.0186,0.703
DIAMONDS KING SPADES EIGHT,0.3712,0.0068,0.622
SPADES EIGHT HEARTS THREE,0.437,0.0618,0.5012
SPADES ACE DIAMONDS SEVEN,0.2778,0.0248,0.6974
CLUBS NINE HEARTS THREE,0.4354,0.0426,0.522
CLUBS NINE DIAMONDS KING,0.3652,0.0074,0.6274
CLUBS EIGHT DIAMONDS KING,0.36,0.0082,0.6318
CLUBS EIGHT HEARTS THREE,0.4414,0.0644,0.4942
HEARTS THREE SPADES THREE,0.3914,0.1062,0.5024
DIAMONDS KING SPADES THREE,0.4172,0.01,0.5728
HEARTS THREE SPADES TWO,0.573,0.0944,0.3326
DIAMONDS KING SPADES TWO,0.4292,0.0072,0.5636
HEARTS THREE SPADES FIVE,0.5798,0.0942,0.326
DIAMONDS KING SPADES FIVE,0.4212,0.01,0.5688
HEARTS THREE SPADES FOUR,0.5486,0.0994,0.352
DIAMONDS KING SPADES FOUR,0.4122,0.0112,0.5766
