opposingHand,winningChance,drawChance,lostChance
CLUBS JACK CLUBS FOUR
HEARTS FIVE SPADES TEN,0.6144,0.0168,0.3688
SPADES JACK HEARTS FIVE,0.2568,0.4304,0.3128
CLUBS TEN SPADES FIVE,0.6124,0.0196,0.368
CLUBS TEN CLUBS EIGHT,0.56,0.0144,0.4256
CLUBS EIGHT CLUBS KING,0.3468,0.0106,0.6426
SPADES FIVE CLUBS ACE,0.3668,0.0054,0.6278
CLUBS EIGHT CLUBS QUEEN,0.3354,0.0116,0.653
SPADES FIVE CLUBS KING,0.3752,0.0066,0.6182
SPADES FIVE CLUBS QUEEN,0.3832,0.0118,0.605
CLUBS EIGHT CLUBS ACE,0.3452,0.0078,0.647
DIAMONDS TWO DIAMONDS THREE,0.6316,0.0226,0.3458
DIAMONDS TWO DIAMONDS FIVE,0.5956,0.0174,0.387
SPADES KING HEARTS FIVE,0.402,0.0082,0.5898
DIAMONDS TWO DIAMONDS FOUR,0.6636,0.0598,0.2766
SPADES QUEEN HEARTS FIVE,0.3966,0.0124,0.591
DIAMONDS TWO DIAMONDS SEVEN,0.616,0.018,0.366
DIAMONDS TWO DIAMONDS SIX,0.604,0.0164,0.3796
SPADES ACE HEARTS FIVE,0.392,0.0038,0.6042
DIAMONDS TWO DIAMONDS NINE,0.6116,0.0158,0.3726
DIAMONDS TWO DIAMONDS EIGHT,0.5912,0.0222,0.3866
DIAMONDS THREE DIAMONDS FOUR,0.645,0.0584,0.2966
CLUBS TWO SPADES FOUR,0.6832,0.0622,0.2546
DIAMONDS THREE DIAMONDS FIVE,0.574,0.02,0.406
CLUBS TWO SPADES FIVE,0.628,0.02,0.352
CLUBS TWO SPADES TWO,0.436,0.0506,0.5134
CLUBS TWO SPADES THREE,0.6564,0.0248,0.3188
DIAMONDS THREE DIAMONDS EIGHT,0.6062,0.0154,0.3784
SPADES EIGHT CLUBS TWO,0.6426,0.0188,0.3386
DIAMONDS THREE DIAMONDS NINE,0.5998,0.0208,0.3794
SPADES NINE CLUBS TWO,0.639,0.0176,0.3434
DIAMONDS THREE DIAMONDS SIX,0.5876,0.0208,0.3916
CLUBS TWO SPADES SIX,0.6596,0.0212,0.3192
DIAMONDS THREE DIAMONDS SEVEN,0.5982,0.0226,0.3792
CLUBS TWO SPADES SEVEN,0.637,0.0204,0.3426
CLUBS SIX CLUBS TWO,0.634,0.0234,0.3426
CLUBS SEVEN CLUBS TWO,0.6434,0.0198,0.3368
CLUBS FIVE CLUBS TWO,0.631,0.0234,0.3456
DIAMONDS FOUR DIAMONDS SIX,0.6354,0.0536,0.311
CLUBS TEN CLUBS QUEEN,0.3104,0.0122,0.6774
DIAMONDS FOUR DIAMONDS SEVEN,0.649,0.0512,0.2998
CLUBS TEN CLUBS KING,0.3258,0.0064,0.6678
CLUBS TEN CLUBS ACE,0.3342,0.0062,0.6596
CLUBS EIGHT CLUBS TWO,0.6402,0.0198,0.34
DIAMONDS FIVE DIAMONDS FOUR,0.6256,0.055,0.3194
CLUBS NINE CLUBS TWO,0.6368,0.0254,0.3378
DIAMONDS NINE DIAMONDS FOUR,0.6834,0.0534,0.2632
DIAMONDS EIGHT DIAMONDS FOUR,0.6702,0.0546,0.2752
CLUBS TWO CLUBS THREE,0.6494,0.024,0.3266
DIAMONDS NINE DIAMONDS FIVE,0.5668,0.0166,0.4166
DIAMONDS EIGHT DIAMONDS FIVE,0.5544,0.017,0.4286
CLUBS TEN DIAMONDS TWO,0.6278,0.0198,0.3524
DIAMONDS FIVE DIAMONDS SEVEN,0.557,0.0188,0.4242
DIAMONDS FIVE DIAMONDS SIX,0.5488,0.02,0.4312
DIAMONDS TWO CLUBS ACE,0.4136,0.0056,0.5808
DIAMONDS TWO CLUBS KING,0.4298,0.0082,0.562
DIAMONDS TWO CLUBS QUEEN,0.422,0.0146,0.5634
DIAMONDS EIGHT DIAMONDS SIX,0.5518,0.0176,0.4306
DIAMONDS NINE DIAMONDS SIX,0.5672,0.0174,0.4154
HEARTS ACE SPADES THREE,0.4106,0.005,0.5844
HEARTS KING SPADES THREE,0.4418,0.0092,0.549
DIAMONDS SEVEN DIAMONDS SIX,0.5482,0.0176,0.4342
SPADES THREE HEARTS QUEEN,0.4274,0.0114,0.5612
HEARTS JACK SPADES THREE,0.3008,0.485,0.2142
SPADES THREE HEARTS TEN,0.649,0.0156,0.3354
DIAMONDS EIGHT DIAMONDS SEVEN,0.5542,0.0158,0.43
DIAMONDS NINE DIAMONDS SEVEN,0.5434,0.0176,0.439
DIAMONDS NINE DIAMONDS EIGHT,0.542,0.017,0.441
DIAMONDS KING HEARTS TEN,0.3828,0.0054,0.6118
HEARTS THREE HEARTS TEN,0.6082,0.0186,0.3732
SPADES JACK CLUBS SIX,0.2572,0.3686,0.3742
DIAMONDS KING HEARTS JACK,0.2844,0.03,0.6856
HEARTS THREE HEARTS JACK,0.2906,0.4554,0.254
SPADES TEN CLUBS SIX,0.6078,0.017,0.3752
SPADES JACK SPADES FIVE,0.249,0.413,0.338
SPADES TEN SPADES FIVE,0.5668,0.0174,0.4158
DIAMONDS KING HEARTS ACE,0.3634,0.0044,0.6322
HEARTS THREE HEARTS ACE,0.4052,0.0068,0.588
SPADES ACE CLUBS SIX,0.3888,0.005,0.6062
DIAMONDS KING HEARTS QUEEN,0.3608,0.0068,0.6324
HEARTS THREE HEARTS QUEEN,0.4158,0.0092,0.575
SPADES KING CLUBS SIX,0.4016,0.0082,0.5902
DIAMONDS KING HEARTS KING,0.1838,0.0078,0.8084
HEARTS THREE HEARTS KING,0.4082,0.0056,0.5862
SPADES QUEEN CLUBS SIX,0.3864,0.0106,0.603
SPADES NINE HEARTS TEN,0.5594,0.0132,0.4274
SPADES NINE HEARTS JACK,0.2776,0.1482,0.5742
SPADES QUEEN SPADES FIVE,0.379,0.0104,0.6106
SPADES KING SPADES FIVE,0.3652,0.0072,0.6276
SPADES ACE SPADES FIVE,0.3726,0.0048,0.6226
SPADES NINE HEARTS QUEEN,0.3726,0.0092,0.6182
SPADES NINE HEARTS KING,0.397,0.0076,0.5954
SPADES NINE HEARTS ACE,0.4038,0.0052,0.591
CLUBS TEN SPADES JACK,0.2606,0.1216,0.6178
CLUBS TEN SPADES TEN,0.2992,0.0256,0.6752
SPADES ACE CLUBS TEN,0.3744,0.006,0.6196
SPADES KING CLUBS TEN,0.3812,0.0068,0.612
CLUBS TEN SPADES QUEEN,0.3528,0.0086,0.6386
SPADES FIVE HEARTS QUEEN,0.3974,0.0136,0.589
HEARTS KING SPADES FIVE,0.3944,0.0074,0.5982
SPADES FIVE HEARTS ACE,0.399,0.0054,0.5956
CLUBS EIGHT SPADES TEN,0.5688,0.0152,0.416
HEARTS THREE SPADES JACK,0.3076,0.4862,0.2062
SPADES JACK DIAMONDS KING,0.2694,0.0274,0.7032
SPADES TEN DIAMONDS KING,0.3752,0.0072,0.6176
HEARTS THREE SPADES TEN,0.643,0.0188,0.3382
SPADES JACK CLUBS EIGHT,0.2688,0.2086,0.5226
CLUBS SIX HEARTS ACE,0.3912,0.0056,0.6032
SPADES ACE CLUBS EIGHT,0.3894,0.0046,0.606
CLUBS TEN HEARTS FIVE,0.6134,0.0212,0.3654
CLUBS SIX HEARTS QUEEN,0.3982,0.0138,0.588
SPADES QUEEN CLUBS EIGHT,0.3816,0.0122,0.6062
CLUBS TEN SPADES THREE,0.6444,0.0176,0.338
CLUBS SIX HEARTS KING,0.3986,0.0078,0.5936
SPADES KING CLUBS EIGHT,0.3948,0.01,0.5952
DIAMONDS TWO HEARTS JACK,0.2922,0.489,0.2188
SPADES THREE CLUBS QUEEN,0.4046,0.0112,0.5842
DIAMONDS TWO HEARTS TEN,0.6466,0.02,0.3334
SPADES THREE CLUBS KING,0.432,0.0098,0.5582
HEARTS FIVE CLUBS ACE,0.3762,0.0028,0.621
SPADES FIVE HEARTS TEN,0.6166,0.014,0.3694
SPADES THREE CLUBS ACE,0.3982,0.0072,0.5946
HEARTS FIVE CLUBS KING,0.3994,0.0088,0.5918
SPADES FIVE HEARTS JACK,0.2606,0.4298,0.3096
HEARTS FIVE CLUBS QUEEN,0.3902,0.0144,0.5954
HEARTS THREE CLUBS KING,0.4128,0.0126,0.5746
DIAMONDS KING CLUBS KING,0.159,0.007,0.834
HEARTS THREE CLUBS QUEEN,0.4152,0.0106,0.5742
DIAMONDS KING CLUBS QUEEN,0.3376,0.0072,0.6552
HEARTS FIVE HEARTS JACK,0.256,0.3982,0.3458
HEARTS FIVE HEARTS TEN,0.5772,0.0168,0.406
HEARTS THREE CLUBS ACE,0.4122,0.0052,0.5826
DIAMONDS KING CLUBS ACE,0.356,0.0052,0.6388
SPADES ACE CLUBS QUEEN,0.352,0.0046,0.6434
SPADES KING CLUBS QUEEN,0.3332,0.0066,0.6602
SPADES QUEEN CLUBS QUEEN,0.1764,0.012,0.8116
CLUBS TEN HEARTS THREE,0.6534,0.0178,0.3288
CLUBS TEN DIAMONDS KING,0.3828,0.008,0.6092
SPADES JACK CLUBS QUEEN,0.2662,0.0398,0.694
CLUBS SIX CLUBS QUEEN,0.3454,0.0114,0.6432
SPADES TEN CLUBS QUEEN,0.3538,0.0086,0.6376
CLUBS SIX CLUBS KING,0.3448,0.0072,0.648
CLUBS SIX CLUBS ACE,0.3548,0.0046,0.6406
HEARTS FIVE HEARTS KING,0.3718,0.0084,0.6198
HEARTS FIVE HEARTS QUEEN,0.3808,0.0114,0.6078
CLUBS TEN CLUBS SIX,0.599,0.0164,0.3846
HEARTS FIVE HEARTS ACE,0.3756,0.005,0.6194
SPADES SEVEN HEARTS JACK,0.2618,0.2964,0.4418
SPADES SEVEN HEARTS TEN,0.6002,0.0158,0.384
DIAMONDS TWO CLUBS TWO,0.4298,0.0532,0.517
DIAMONDS TWO CLUBS THREE,0.6426,0.022,0.3354
HEARTS SIX DIAMONDS TWO,0.6492,0.016,0.3348
DIAMONDS TWO HEARTS QUEEN,0.434,0.0136,0.5524
DIAMONDS TWO HEARTS SEVEN,0.6568,0.0142,0.329
DIAMONDS TWO HEARTS KING,0.4384,0.0084,0.5532
DIAMONDS TWO HEARTS EIGHT,0.65,0.0188,0.3312
DIAMONDS TWO HEARTS ACE,0.432,0.0054,0.5626
DIAMONDS TWO HEARTS NINE,0.6428,0.0164,0.3408
DIAMONDS TWO DIAMONDS QUEEN,0.406,0.012,0.582
DIAMONDS TWO HEARTS TWO,0.4446,0.0484,0.507
DIAMONDS TWO DIAMONDS KING,0.43,0.0072,0.5628
HEARTS THREE DIAMONDS TWO,0.6608,0.0212,0.318
DIAMONDS TWO DIAMONDS ACE,0.3888,0.0046,0.6066
HEARTS FOUR DIAMONDS TWO,0.7036,0.0592,0.2372
DIAMONDS TWO HEARTS FIVE,0.63,0.0226,0.3474
SPADES SEVEN HEARTS ACE,0.3996,0.0032,0.5972
DIAMONDS TWO DIAMONDS TEN,0.6032,0.0198,0.377
SPADES SEVEN HEARTS KING,0.4144,0.0056,0.58
DIAMONDS TWO DIAMONDS JACK,0.2968,0.4502,0.253
SPADES SEVEN HEARTS QUEEN,0.406,0.011,0.583
DIAMONDS TWO SPADES NINE,0.6432,0.0188,0.338
DIAMONDS TWO SPADES EIGHT,0.6586,0.0158,0.3256
DIAMONDS TWO SPADES SEVEN,0.6526,0.0176,0.3298
DIAMONDS TWO SPADES SIX,0.6464,0.0154,0.3382
DIAMONDS TWO SPADES FIVE,0.6308,0.0182,0.351
DIAMONDS TWO SPADES FOUR,0.6964,0.0616,0.242
DIAMONDS TWO SPADES THREE,0.6356,0.024,0.3404
DIAMONDS TWO SPADES TWO,0.4354,0.0542,0.5104
CLUBS NINE DIAMONDS TWO,0.6302,0.0204,0.3494
DIAMONDS TWO CLUBS EIGHT,0.6382,0.0202,0.3416
CLUBS SEVEN DIAMONDS TWO,0.6592,0.0174,0.3234
DIAMONDS TWO CLUBS SIX,0.6462,0.02,0.3338
DIAMONDS TWO CLUBS FIVE,0.6178,0.0212,0.361
SPADES ACE DIAMONDS SIX,0.41,0.0032,0.5868
SPADES QUEEN DIAMONDS SIX,0.4092,0.0078,0.583
SPADES KING DIAMONDS SIX,0.4096,0.0058,0.5846
SPADES TEN DIAMONDS SIX,0.5952,0.0188,0.386
SPADES JACK DIAMONDS SIX,0.2672,0.3612,0.3716
SPADES QUEEN SPADES TWO,0.4024,0.0144,0.5832
SPADES KING SPADES TWO,0.3992,0.0072,0.5936
SPADES ACE SPADES TWO,0.4118,0.003,0.5852
CLUBS TEN DIAMONDS JACK,0.2596,0.1224,0.618
DIAMONDS JACK CLUBS KING,0.2582,0.0294,0.7124
DIAMONDS JACK CLUBS QUEEN,0.253,0.0426,0.7044
DIAMONDS THREE DIAMONDS JACK,0.2938,0.4504,0.2558
DIAMONDS THREE DIAMONDS TEN,0.5934,0.0178,0.3888
DIAMONDS JACK CLUBS ACE,0.2492,0.0206,0.7302
DIAMONDS THREE DIAMONDS KING,0.4072,0.0092,0.5836
HEARTS THREE DIAMONDS THREE,0.4384,0.0516,0.51
DIAMONDS THREE DIAMONDS QUEEN,0.4064,0.0116,0.582
DIAMONDS THREE HEARTS TWO,0.6512,0.0214,0.3274
HEARTS FIVE DIAMONDS THREE,0.6218,0.0224,0.3558
DIAMONDS THREE DIAMONDS ACE,0.383,0.0044,0.6126
HEARTS FOUR DIAMONDS THREE,0.6864,0.0592,0.2544
DIAMONDS THREE HEARTS SEVEN,0.6344,0.0182,0.3474
SPADES TEN SPADES NINE,0.5266,0.0132,0.4602
HEARTS SIX DIAMONDS THREE,0.6376,0.0204,0.342
SPADES JACK SPADES NINE,0.2586,0.1428,0.5986
DIAMONDS THREE HEARTS NINE,0.6504,0.0178,0.3318
HEARTS JACK DIAMONDS FOUR,0.0752,0.9006,0.0242
HEARTS KING HEARTS ACE,0.346,0.0058,0.6482
SPADES TEN SPADES TWO,0.6002,0.0174,0.3824
DIAMONDS THREE HEARTS EIGHT,0.652,0.0166,0.3314
HEARTS TEN DIAMONDS FOUR,0.7116,0.0654,0.223
SPADES JACK SPADES TWO,0.2868,0.4544,0.2588
HEARTS QUEEN DIAMONDS FOUR,0.2828,0.047,0.6702
HEARTS KING DIAMONDS FOUR,0.2824,0.0312,0.6864
SPADES ACE SPADES NINE,0.3682,0.0046,0.6272
HEARTS ACE DIAMONDS FOUR,0.2966,0.023,0.6804
SPADES KING SPADES NINE,0.377,0.009,0.614
SPADES QUEEN SPADES NINE,0.3672,0.0088,0.624
DIAMONDS THREE SPADES NINE,0.649,0.0158,0.3352
DIAMONDS THREE SPADES EIGHT,0.6344,0.02,0.3456
DIAMONDS THREE SPADES SEVEN,0.6388,0.0196,0.3416
DIAMONDS THREE SPADES SIX,0.635,0.018,0.347
DIAMONDS THREE CLUBS SIX,0.6264,0.0214,0.3522
CLUBS FIVE CLUBS SIX,0.5774,0.0222,0.4004
CLUBS ACE DIAMONDS FOUR,0.271,0.0224,0.7066
CLUBS SEVEN DIAMONDS THREE,0.6352,0.0222,0.3426
CLUBS SEVEN CLUBS FIVE,0.5896,0.016,0.3944
DIAMONDS FOUR CLUBS QUEEN,0.2688,0.0462,0.685
DIAMONDS THREE CLUBS FIVE,0.6188,0.0258,0.3554
DIAMONDS FOUR CLUBS KING,0.277,0.0344,0.6886
DIAMONDS THREE CLUBS TWO,0.6418,0.0262,0.332
CLUBS TEN DIAMONDS FOUR,0.7212,0.061,0.2178
DIAMONDS THREE CLUBS THREE,0.4284,0.0548,0.5168
DIAMONDS THREE SPADES FOUR,0.6788,0.061,0.2602
DIAMONDS THREE SPADES FIVE,0.6204,0.0198,0.3598
DIAMONDS THREE SPADES TWO,0.668,0.0224,0.3096
DIAMONDS THREE SPADES THREE,0.4312,0.0492,0.5196
CLUBS EIGHT DIAMONDS THREE,0.6532,0.0196,0.3272
CLUBS NINE DIAMONDS THREE,0.6368,0.024,0.3392
SPADES SEVEN CLUBS ACE,0.396,0.0054,0.5986
SPADES SEVEN CLUBS QUEEN,0.3904,0.0102,0.5994
SPADES SEVEN CLUBS KING,0.3964,0.0078,0.5958
CLUBS FIVE SPADES SEVEN,0.5832,0.0208,0.396
CLUBS TEN SPADES SEVEN,0.5934,0.0148,0.3918
CLUBS FIVE SPADES SIX,0.5858,0.0162,0.398
CLUBS FIVE SPADES NINE,0.6048,0.0188,0.3764
CLUBS FIVE SPADES EIGHT,0.5988,0.0206,0.3806
CLUBS FIVE SPADES THREE,0.6016,0.0236,0.3748
CLUBS FIVE SPADES TWO,0.6144,0.0192,0.3664
CLUBS FIVE SPADES FIVE,0.3402,0.045,0.6148
CLUBS FIVE SPADES FOUR,0.6506,0.0594,0.29
CLUBS NINE CLUBS FIVE,0.5878,0.0212,0.391
CLUBS EIGHT CLUBS FIVE,0.6006,0.0158,0.3836
CLUBS ACE CLUBS QUEEN,0.3052,0.0044,0.6904
CLUBS KING CLUBS QUEEN,0.3054,0.0084,0.6862
DIAMONDS TEN DIAMONDS FOUR,0.6752,0.0564,0.2684
CLUBS TEN DIAMONDS NINE,0.563,0.015,0.422
DIAMONDS JACK DIAMONDS FOUR,0.0716,0.8568,0.0716
CLUBS TEN SPADES NINE,0.5588,0.0148,0.4264
DIAMONDS ACE DIAMONDS FOUR,0.2702,0.0258,0.704
HEARTS FOUR DIAMONDS FOUR,0.338,0.0406,0.6214
DIAMONDS JACK HEARTS TEN,0.2708,0.1162,0.613
SPADES NINE CLUBS KING,0.3856,0.0086,0.6058
DIAMONDS TWO SPADES TEN,0.6542,0.0188,0.327
DIAMONDS NINE CLUBS ACE,0.3828,0.0058,0.6114
HEARTS FIVE DIAMONDS FOUR,0.6608,0.0574,0.2818
HEARTS JACK DIAMONDS JACK,0.135,0.0362,0.8288
SPADES NINE CLUBS QUEEN,0.3616,0.0082,0.6302
DIAMONDS TWO SPADES JACK,0.3082,0.4778,0.214
DIAMONDS QUEEN DIAMONDS FOUR,0.2712,0.046,0.6828
HEARTS TWO DIAMONDS FOUR,0.701,0.0606,0.2384
DIAMONDS NINE CLUBS QUEEN,0.3702,0.0122,0.6176
DIAMONDS KING DIAMONDS FOUR,0.2746,0.0352,0.6902
HEARTS THREE DIAMONDS FOUR,0.6768,0.0652,0.258
SPADES NINE CLUBS ACE,0.385,0.0054,0.6096
DIAMONDS NINE CLUBS KING,0.3894,0.0068,0.6038
HEARTS ACE DIAMONDS JACK,0.2668,0.0184,0.7148
SPADES ACE DIAMONDS TWO,0.4206,0.0054,0.574
DIAMONDS JACK HEARTS QUEEN,0.2758,0.0386,0.6856
SPADES QUEEN DIAMONDS TWO,0.4322,0.0116,0.5562
HEARTS KING DIAMONDS JACK,0.2814,0.0264,0.6922
SPADES KING DIAMONDS TWO,0.4388,0.0082,0.553
SPADES JACK SPADES SEVEN,0.2468,0.2672,0.486
SPADES TEN SPADES SEVEN,0.5622,0.017,0.4208
CLUBS SEVEN CLUBS THREE,0.622,0.023,0.355
CLUBS SIX CLUBS THREE,0.6218,0.0216,0.3566
CLUBS FIVE CLUBS THREE,0.6022,0.0222,0.3756
CLUBS NINE CLUBS THREE,0.635,0.021,0.344
CLUBS EIGHT CLUBS THREE,0.6366,0.0216,0.3418
CLUBS THREE SPADES FIVE,0.6158,0.0214,0.3628
CLUBS THREE SPADES FOUR,0.6832,0.065,0.2518
CLUBS THREE SPADES THREE,0.4422,0.0488,0.509
CLUBS THREE SPADES TWO,0.6586,0.023,0.3184
CLUBS THREE SPADES SIX,0.6248,0.0228,0.3524
SPADES SEVEN CLUBS THREE,0.635,0.0172,0.3478
SPADES EIGHT CLUBS THREE,0.6356,0.0206,0.3438
SPADES NINE CLUBS THREE,0.635,0.0158,0.3492
SPADES TWO DIAMONDS FOUR,0.706,0.0568,0.2372
SPADES THREE DIAMONDS FOUR,0.6666,0.0616,0.2718
SPADES FOUR DIAMONDS FOUR,0.336,0.0396,0.6244
SPADES FIVE DIAMONDS FOUR,0.6696,0.0546,0.2758
SPADES SIX DIAMONDS FOUR,0.6848,0.0532,0.262
SPADES SEVEN DIAMONDS FOUR,0.6964,0.0472,0.2564
SPADES EIGHT DIAMONDS FOUR,0.714,0.0512,0.2348
SPADES NINE DIAMONDS FOUR,0.7124,0.051,0.2366
CLUBS FIVE DIAMONDS FOUR,0.6622,0.0626,0.2752
CLUBS SEVEN DIAMONDS FOUR,0.6904,0.056,0.2536
CLUBS SIX DIAMONDS FOUR,0.6774,0.0616,0.261
CLUBS NINE DIAMONDS FOUR,0.7084,0.0578,0.2338
CLUBS EIGHT DIAMONDS FOUR,0.7016,0.0536,0.2448
DIAMONDS FOUR HEARTS SEVEN,0.694,0.05,0.256
HEARTS SIX DIAMONDS FOUR,0.6894,0.0544,0.2562
HEARTS NINE DIAMONDS FOUR,0.726,0.0524,0.2216
DIAMONDS FOUR HEARTS EIGHT,0.7136,0.0534,0.233
CLUBS THREE DIAMONDS FOUR,0.6816,0.064,0.2544
CLUBS TWO DIAMONDS FOUR,0.6796,0.06,0.2604
DIAMONDS TEN DIAMONDS FIVE,0.5808,0.0174,0.4018
DIAMONDS JACK DIAMONDS FIVE,0.2478,0.4092,0.343
DIAMONDS NINE HEARTS QUEEN,0.3854,0.0094,0.6052
HEARTS KING DIAMONDS NINE,0.387,0.0056,0.6074
DIAMONDS NINE HEARTS ACE,0.4118,0.004,0.5842
DIAMONDS NINE HEARTS TEN,0.5656,0.017,0.4174
DIAMONDS NINE HEARTS JACK,0.2702,0.1668,0.563
CLUBS KING DIAMONDS SIX,0.3906,0.0072,0.6022
CLUBS QUEEN DIAMONDS SIX,0.3944,0.0098,0.5958
CLUBS ACE DIAMONDS SIX,0.3878,0.0042,0.608
SPADES KING DIAMONDS FOUR,0.2864,0.0398,0.6738
SPADES ACE SPADES SEVEN,0.3788,0.0046,0.6166
SPADES QUEEN DIAMONDS FOUR,0.2782,0.0484,0.6734
SPADES QUEEN SPADES SEVEN,0.3792,0.0102,0.6106
SPADES KING SPADES SEVEN,0.3838,0.0056,0.6106
SPADES ACE DIAMONDS FOUR,0.2828,0.0192,0.698
CLUBS TEN DIAMONDS SIX,0.6038,0.0204,0.3758
SPADES JACK DIAMONDS FOUR,0.0714,0.9082,0.0204
SPADES TEN DIAMONDS FOUR,0.7194,0.0568,0.2238
CLUBS SEVEN SPADES EIGHT,0.5708,0.0176,0.4116
CLUBS SEVEN SPADES NINE,0.5836,0.0146,0.4018
CLUBS SEVEN SPADES SIX,0.5706,0.0184,0.411
CLUBS SEVEN SPADES SEVEN,0.3426,0.0398,0.6176
CLUBS SEVEN SPADES FIVE,0.5786,0.019,0.4024
CLUBS SEVEN SPADES FOUR,0.6958,0.0544,0.2498
CLUBS SEVEN SPADES THREE,0.616,0.0216,0.3624
CLUBS SEVEN SPADES TWO,0.656,0.022,0.322
CLUBS NINE CLUBS SEVEN,0.565,0.0244,0.4106
CLUBS SEVEN CLUBS EIGHT,0.5628,0.0182,0.419
HEARTS SIX DIAMONDS FIVE,0.5798,0.0184,0.4018
DIAMONDS FIVE HEARTS SEVEN,0.5774,0.0186,0.404
DIAMONDS FIVE HEARTS EIGHT,0.6126,0.0168,0.3706
HEARTS NINE DIAMONDS FIVE,0.6052,0.0154,0.3794
DIAMONDS QUEEN DIAMONDS FIVE,0.3796,0.0106,0.6098
HEARTS TWO DIAMONDS FIVE,0.635,0.0182,0.3468
HEARTS KING HEARTS EIGHT,0.3806,0.0082,0.6112
DIAMONDS KING DIAMONDS FIVE,0.3772,0.0074,0.6154
HEARTS THREE DIAMONDS FIVE,0.618,0.02,0.362
HEARTS QUEEN HEARTS EIGHT,0.3846,0.0124,0.603
DIAMONDS ACE DIAMONDS FIVE,0.372,0.0052,0.6228
HEARTS FOUR DIAMONDS FIVE,0.6716,0.0548,0.2736
HEARTS FIVE DIAMONDS FIVE,0.355,0.0422,0.6028
HEARTS ACE HEARTS EIGHT,0.379,0.0036,0.6174
CLUBS FIVE DIAMONDS FIVE,0.331,0.0472,0.6218
CLUBS SIX DIAMONDS FIVE,0.582,0.0192,0.3988
CLUBS SEVEN DIAMONDS FIVE,0.5782,0.0172,0.4046
CLUBS TWO DIAMONDS FIVE,0.6214,0.0228,0.3558
CLUBS THREE DIAMONDS FIVE,0.6106,0.0222,0.3672
SPADES THREE DIAMONDS FIVE,0.6174,0.02,0.3626
SPADES TWO DIAMONDS FIVE,0.627,0.0196,0.3534
SPADES JACK DIAMONDS EIGHT,0.268,0.2146,0.5174
SPADES FIVE DIAMONDS FIVE,0.3466,0.0426,0.6108
CLUBS TEN HEARTS JACK,0.271,0.1162,0.6128
SPADES TEN DIAMONDS EIGHT,0.5842,0.0124,0.4034
SPADES FOUR DIAMONDS FIVE,0.6748,0.0606,0.2646
HEARTS JACK CLUBS QUEEN,0.2634,0.045,0.6916
CLUBS NINE DIAMONDS FIVE,0.601,0.0168,0.3822
HEARTS JACK CLUBS KING,0.2694,0.0356,0.695
CLUBS EIGHT DIAMONDS FIVE,0.595,0.0164,0.3886
HEARTS JACK CLUBS ACE,0.257,0.021,0.722
SPADES SEVEN DIAMONDS FIVE,0.6048,0.0176,0.3776
SPADES KING DIAMONDS EIGHT,0.4072,0.0056,0.5872
SPADES QUEEN DIAMONDS EIGHT,0.3964,0.011,0.5926
SPADES SIX DIAMONDS FIVE,0.5862,0.018,0.3958
SPADES NINE DIAMONDS FIVE,0.6124,0.0152,0.3724
SPADES EIGHT DIAMONDS FIVE,0.5914,0.0186,0.39
SPADES ACE DIAMONDS EIGHT,0.392,0.0042,0.6038
DIAMONDS TEN DIAMONDS SIX,0.5662,0.0192,0.4146
HEARTS ACE DIAMONDS SEVEN,0.4038,0.0056,0.5906
DIAMONDS JACK DIAMONDS SIX,0.2546,0.3392,0.4062
HEARTS QUEEN DIAMONDS SEVEN,0.408,0.008,0.584
HEARTS KING DIAMONDS SEVEN,0.4108,0.0058,0.5834
DIAMONDS ACE DIAMONDS SIX,0.383,0.005,0.612
HEARTS FOUR DIAMONDS SIX,0.6806,0.0574,0.262
HEARTS JACK SPADES TWO,0.312,0.4776,0.2104
HEARTS FIVE DIAMONDS SIX,0.5854,0.0178,0.3968
SPADES TWO HEARTS TEN,0.645,0.0206,0.3344
DIAMONDS QUEEN DIAMONDS SIX,0.366,0.0122,0.6218
HEARTS TWO DIAMONDS SIX,0.6434,0.0202,0.3364
DIAMONDS KING DIAMONDS SIX,0.3586,0.0102,0.6312
HEARTS THREE DIAMONDS SIX,0.614,0.0224,0.3636
HEARTS EIGHT DIAMONDS SIX,0.5856,0.0168,0.3976
HEARTS NINE DIAMONDS SIX,0.6048,0.0136,0.3816
HEARTS SIX DIAMONDS SIX,0.3508,0.037,0.6122
HEARTS SEVEN DIAMONDS SIX,0.5804,0.015,0.4046
HEARTS TEN DIAMONDS SEVEN,0.5872,0.0158,0.397
CLUBS TWO DIAMONDS SIX,0.6358,0.0174,0.3468
HEARTS JACK DIAMONDS SEVEN,0.264,0.2794,0.4566
CLUBS THREE DIAMONDS SIX,0.623,0.0186,0.3584
CLUBS SEVEN DIAMONDS SIX,0.5786,0.0198,0.4016
CLUBS SIX DIAMONDS SIX,0.3358,0.042,0.6222
CLUBS TEN DIAMONDS EIGHT,0.5712,0.0164,0.4124
CLUBS FIVE DIAMONDS SIX,0.5806,0.02,0.3994
HEARTS ACE HEARTS JACK,0.2522,0.019,0.7288
DIAMONDS EIGHT CLUBS ACE,0.395,0.0036,0.6014
HEARTS JACK HEARTS QUEEN,0.2676,0.039,0.6934
DIAMONDS EIGHT CLUBS KING,0.3874,0.0076,0.605
CLUBS NINE DIAMONDS SIX,0.576,0.0182,0.4058
HEARTS KING HEARTS JACK,0.2636,0.031,0.7054
DIAMONDS EIGHT CLUBS QUEEN,0.3826,0.0122,0.6052
CLUBS EIGHT DIAMONDS SIX,0.5786,0.0204,0.401
SPADES TEN HEARTS KING,0.3826,0.0082,0.6092
SPADES FIVE DIAMONDS SIX,0.6054,0.0196,0.375
HEARTS ACE SPADES TWO,0.4352,0.0044,0.5604
SPADES JACK HEARTS KING,0.281,0.0318,0.6872
SPADES FOUR DIAMONDS SIX,0.689,0.0524,0.2586
SPADES THREE DIAMONDS SIX,0.6302,0.0208,0.349
HEARTS QUEEN SPADES TWO,0.4394,0.0132,0.5474
SPADES ACE SPADES KING,0.3422,0.0044,0.6534
HEARTS KING SPADES TWO,0.4358,0.0068,0.5574
SPADES TWO DIAMONDS SIX,0.655,0.0226,0.3224
HEARTS TEN HEARTS EIGHT,0.5454,0.0158,0.4388
SPADES NINE DIAMONDS SIX,0.5864,0.019,0.3946
HEARTS JACK HEARTS EIGHT,0.263,0.1976,0.5394
SPADES EIGHT DIAMONDS SIX,0.588,0.017,0.395
SPADES SEVEN DIAMONDS SIX,0.5932,0.0186,0.3882
SPADES SIX DIAMONDS SIX,0.3496,0.0408,0.6096
SPADES KING HEARTS KING,0.182,0.007,0.811
SPADES QUEEN HEARTS KING,0.3584,0.0088,0.6328
CLUBS ACE CLUBS KING,0.3118,0.005,0.6832
SPADES ACE HEARTS KING,0.367,0.0058,0.6272
SPADES ACE HEARTS JACK,0.2772,0.0204,0.7024
SPADES QUEEN HEARTS JACK,0.2774,0.0384,0.6842
SPADES KING HEARTS JACK,0.2808,0.0318,0.6874
SPADES TEN DIAMONDS TEN,0.314,0.0242,0.6618
SPADES JACK DIAMONDS TEN,0.2816,0.1128,0.6056
SPADES ACE DIAMONDS TEN,0.3974,0.0032,0.5994
SPADES JACK HEARTS JACK,0.132,0.036,0.832
SPADES TEN HEARTS JACK,0.2736,0.1158,0.6106
SPADES QUEEN DIAMONDS TEN,0.3724,0.0118,0.6158
SPADES KING DIAMONDS TEN,0.3742,0.0074,0.6184
SPADES NINE DIAMONDS SEVEN,0.571,0.0154,0.4136
SPADES EIGHT DIAMONDS SEVEN,0.5542,0.0178,0.428
SPADES SEVEN DIAMONDS SEVEN,0.3414,0.0356,0.623
SPADES SIX DIAMONDS SEVEN,0.5822,0.0158,0.402
DIAMONDS KING DIAMONDS SEVEN,0.3924,0.0064,0.6012
HEARTS THREE DIAMONDS SEVEN,0.6426,0.0188,0.3386
HEARTS KING DIAMONDS FIVE,0.4008,0.0082,0.591
DIAMONDS QUEEN DIAMONDS SEVEN,0.3832,0.0092,0.6076
HEARTS TWO DIAMONDS SEVEN,0.6676,0.0194,0.313
HEARTS QUEEN DIAMONDS FIVE,0.3986,0.0112,0.5902
HEARTS FIVE DIAMONDS SEVEN,0.5874,0.0184,0.3942
DIAMONDS ACE DIAMONDS SEVEN,0.3906,0.005,0.6044
HEARTS FOUR DIAMONDS SEVEN,0.695,0.0512,0.2538
HEARTS ACE DIAMONDS FIVE,0.3974,0.0044,0.5982
HEARTS SEVEN DIAMONDS SEVEN,0.341,0.0366,0.6224
HEARTS SIX DIAMONDS SEVEN,0.5876,0.0168,0.3956
HEARTS NINE DIAMONDS SEVEN,0.5804,0.0192,0.4004
DIAMONDS SEVEN HEARTS EIGHT,0.5788,0.0172,0.404
DIAMONDS JACK DIAMONDS SEVEN,0.2538,0.2676,0.4786
HEARTS JACK DIAMONDS FIVE,0.2532,0.4374,0.3094
DIAMONDS TEN DIAMONDS SEVEN,0.5626,0.0152,0.4222
DIAMONDS FIVE HEARTS TEN,0.6174,0.0194,0.3632
SPADES KING CLUBS TWO,0.4368,0.0108,0.5524
HEARTS KING CLUBS KING,0.1608,0.0084,0.8308
CLUBS EIGHT DIAMONDS SEVEN,0.5666,0.018,0.4154
SPADES QUEEN CLUBS TWO,0.4224,0.0142,0.5634
HEARTS KING CLUBS QUEEN,0.3446,0.006,0.6494
CLUBS NINE DIAMONDS SEVEN,0.559,0.016,0.425
SPADES ACE CLUBS TWO,0.422,0.0052,0.5728
CLUBS TEN SPADES TWO,0.6342,0.0196,0.3462
HEARTS KING CLUBS ACE,0.3514,0.0054,0.6432
CLUBS SEVEN CLUBS SIX,0.5812,0.0186,0.4002
SPADES TWO CLUBS KING,0.4282,0.0102,0.5616
SPADES TWO DIAMONDS SEVEN,0.6552,0.0192,0.3256
CLUBS EIGHT CLUBS SIX,0.5906,0.021,0.3884
SPADES THREE DIAMONDS SEVEN,0.6494,0.0194,0.3312
SPADES TWO CLUBS QUEEN,0.4034,0.014,0.5826
CLUBS NINE CLUBS SIX,0.5868,0.0214,0.3918
SPADES FOUR DIAMONDS SEVEN,0.6914,0.0496,0.259
SPADES FIVE DIAMONDS SEVEN,0.5874,0.016,0.3966
SPADES TWO CLUBS ACE,0.419,0.0036,0.5774
CLUBS TEN HEARTS KING,0.3702,0.0076,0.6222
CLUBS SIX SPADES TWO,0.6396,0.0216,0.3388
CLUBS SIX SPADES THREE,0.6194,0.0196,0.361
CLUBS TWO DIAMONDS SEVEN,0.6322,0.0196,0.3482
CLUBS SIX SPADES FOUR,0.6694,0.0614,0.2692
CLUBS THREE DIAMONDS SEVEN,0.6292,0.0196,0.3512
CLUBS SIX SPADES FIVE,0.572,0.0206,0.4074
CLUBS SIX SPADES SIX,0.34,0.044,0.616
CLUBS FIVE DIAMONDS SEVEN,0.5912,0.019,0.3898
CLUBS SIX SPADES SEVEN,0.574,0.0176,0.4084
CLUBS SIX DIAMONDS SEVEN,0.5746,0.0194,0.406
CLUBS SIX SPADES EIGHT,0.5832,0.0214,0.3954
SPADES JACK CLUBS TWO,0.3076,0.4864,0.206
CLUBS SEVEN DIAMONDS SEVEN,0.3376,0.0382,0.6242
SPADES NINE CLUBS SIX,0.5826,0.0182,0.3992
SPADES TEN CLUBS TWO,0.644,0.0204,0.3356
CLUBS TWO CLUBS QUEEN,0.3784,0.0186,0.603
CLUBS TWO CLUBS KING,0.3846,0.0096,0.6058
CLUBS THREE DIAMONDS EIGHT,0.6312,0.0162,0.3526
CLUBS TWO CLUBS ACE,0.3732,0.006,0.6208
CLUBS TWO DIAMONDS EIGHT,0.6334,0.0208,0.3458
DIAMONDS EIGHT HEARTS SEVEN,0.576,0.0156,0.4084
HEARTS SIX DIAMONDS EIGHT,0.5778,0.0198,0.4024
DIAMONDS EIGHT HEARTS NINE,0.5576,0.0172,0.4252
CLUBS TEN CLUBS TWO,0.6252,0.024,0.3508
DIAMONDS EIGHT HEARTS EIGHT,0.3326,0.0334,0.634
CLUBS NINE DIAMONDS EIGHT,0.5596,0.017,0.4234
CLUBS EIGHT DIAMONDS EIGHT,0.3256,0.0332,0.6412
CLUBS FIVE DIAMONDS EIGHT,0.5974,0.0188,0.3838
SPADES ACE SPADES THREE,0.3914,0.007,0.6016
CLUBS SEVEN DIAMONDS EIGHT,0.5476,0.0206,0.4318
SPADES QUEEN SPADES THREE,0.3934,0.0106,0.596
CLUBS SIX DIAMONDS EIGHT,0.5702,0.019,0.4108
SPADES KING SPADES THREE,0.4104,0.006,0.5836
DIAMONDS QUEEN DIAMONDS EIGHT,0.3676,0.0114,0.621
HEARTS TWO DIAMONDS EIGHT,0.653,0.0212,0.3258
DIAMONDS KING DIAMONDS EIGHT,0.3894,0.0084,0.6022
HEARTS THREE DIAMONDS EIGHT,0.6586,0.0182,0.3232
DIAMONDS ACE DIAMONDS EIGHT,0.3714,0.0048,0.6238
HEARTS FOUR DIAMONDS EIGHT,0.7066,0.0598,0.2336
HEARTS FIVE DIAMONDS EIGHT,0.6072,0.0196,0.3732
DIAMONDS EIGHT DIAMONDS TEN,0.5464,0.0156,0.438
DIAMONDS EIGHT DIAMONDS JACK,0.2564,0.2052,0.5384
SPADES JACK SPADES THREE,0.2934,0.4546,0.252
SPADES TEN SPADES THREE,0.6044,0.0194,0.3762
CLUBS SIX HEARTS TEN,0.6074,0.0182,0.3744
CLUBS SIX HEARTS JACK,0.2598,0.3702,0.37
DIAMONDS EIGHT SPADES FOUR,0.716,0.053,0.231
SPADES FIVE DIAMONDS EIGHT,0.596,0.0194,0.3846
DIAMONDS EIGHT SPADES TWO,0.6444,0.0156,0.34
DIAMONDS EIGHT SPADES THREE,0.6572,0.018,0.3248
SPADES EIGHT DIAMONDS EIGHT,0.3278,0.035,0.6372
SPADES TEN DIAMONDS QUEEN,0.3806,0.0088,0.6106
SPADES TEN HEARTS TWO,0.6578,0.0186,0.3236
SPADES JACK HEARTS EIGHT,0.2832,0.2102,0.5066
SPADES NINE DIAMONDS EIGHT,0.561,0.0168,0.4222
SPADES TEN HEARTS EIGHT,0.5742,0.0152,0.4106
SPADES JACK HEARTS TWO,0.319,0.4738,0.2072
SPADES JACK DIAMONDS QUEEN,0.2812,0.0356,0.6832
SPADES SIX DIAMONDS EIGHT,0.59,0.0174,0.3926
SPADES SEVEN DIAMONDS EIGHT,0.5754,0.0134,0.4112
SPADES ACE HEARTS TWO,0.4196,0.0074,0.573
SPADES ACE DIAMONDS QUEEN,0.3642,0.0042,0.6316
SPADES ACE HEARTS EIGHT,0.4032,0.0038,0.593
SPADES KING HEARTS EIGHT,0.4146,0.0062,0.5792
SPADES QUEEN HEARTS TWO,0.431,0.0106,0.5584
SPADES QUEEN DIAMONDS QUEEN,0.186,0.0092,0.8048
SPADES KING DIAMONDS QUEEN,0.3536,0.0072,0.6392
SPADES KING HEARTS TWO,0.4366,0.0086,0.5548
SPADES QUEEN HEARTS EIGHT,0.412,0.009,0.579
CLUBS TWO HEARTS TEN,0.6446,0.0182,0.3372
CLUBS TWO HEARTS JACK,0.302,0.501,0.197
SPADES SEVEN DIAMONDS NINE,0.5902,0.0158,0.394
SPADES SIX DIAMONDS NINE,0.5822,0.0184,0.3994
SPADES NINE DIAMONDS NINE,0.3194,0.0292,0.6514
SPADES EIGHT DIAMONDS NINE,0.5608,0.0154,0.4238
SPADES TEN CLUBS KING,0.3668,0.0084,0.6248
DIAMONDS NINE SPADES THREE,0.6402,0.0184,0.3414
SPADES JACK CLUBS KING,0.2598,0.0286,0.7116
DIAMONDS NINE SPADES TWO,0.6564,0.0178,0.3258
DIAMONDS NINE SPADES FIVE,0.5958,0.0178,0.3864
DIAMONDS NINE SPADES FOUR,0.7242,0.057,0.2188
CLUBS NINE DIAMONDS NINE,0.3146,0.0288,0.6566
CLUBS EIGHT DIAMONDS NINE,0.5614,0.0184,0.4202
CLUBS SIX DIAMONDS NINE,0.5924,0.019,0.3886
CLUBS SEVEN DIAMONDS NINE,0.5702,0.0162,0.4136
CLUBS FIVE DIAMONDS NINE,0.6062,0.017,0.3768
CLUBS TWO DIAMONDS NINE,0.6452,0.0198,0.335
CLUBS THREE DIAMONDS NINE,0.6424,0.0176,0.34
DIAMONDS NINE HEARTS EIGHT,0.5668,0.0158,0.4174
DIAMONDS NINE HEARTS NINE,0.3326,0.031,0.6364
HEARTS SIX DIAMONDS NINE,0.5816,0.02,0.3984
DIAMONDS NINE HEARTS SEVEN,0.577,0.0156,0.4074
CLUBS NINE CLUBS EIGHT,0.5566,0.0194,0.424
DIAMONDS ACE DIAMONDS NINE,0.3766,0.0048,0.6186
HEARTS FOUR DIAMONDS NINE,0.7136,0.0616,0.2248
HEARTS FIVE DIAMONDS NINE,0.6064,0.0178,0.3758
CLUBS TWO HEARTS ACE,0.4052,0.0078,0.587
DIAMONDS QUEEN DIAMONDS NINE,0.356,0.0124,0.6316
HEARTS TWO DIAMONDS NINE,0.642,0.0174,0.3406
CLUBS TWO HEARTS KING,0.4234,0.0106,0.566
DIAMONDS KING DIAMONDS NINE,0.3624,0.0046,0.633
HEARTS THREE DIAMONDS NINE,0.6408,0.0228,0.3364
CLUBS TWO HEARTS QUEEN,0.423,0.0144,0.5626
DIAMONDS NINE DIAMONDS JACK,0.26,0.1568,0.5832
CLUBS EIGHT SPADES NINE,0.5504,0.015,0.4346
DIAMONDS NINE DIAMONDS TEN,0.5296,0.0156,0.4548
CLUBS EIGHT SPADES EIGHT,0.3164,0.0318,0.6518
CLUBS EIGHT SPADES SEVEN,0.5556,0.0224,0.422
CLUBS EIGHT SPADES SIX,0.5784,0.0184,0.4032
CLUBS EIGHT SPADES FIVE,0.5828,0.0196,0.3976
CLUBS EIGHT SPADES FOUR,0.6948,0.056,0.2492
CLUBS EIGHT SPADES THREE,0.6314,0.0218,0.3468
CLUBS EIGHT SPADES TWO,0.644,0.0176,0.3384
HEARTS SIX DIAMONDS TEN,0.6006,0.0152,0.3842
DIAMONDS TEN HEARTS SEVEN,0.5984,0.017,0.3846
DIAMONDS TEN HEARTS EIGHT,0.577,0.0136,0.4094
DIAMONDS TEN HEARTS NINE,0.5694,0.014,0.4166
CLUBS TWO DIAMONDS TEN,0.6426,0.0182,0.3392
CLUBS THREE DIAMONDS TEN,0.639,0.0188,0.3422
DIAMONDS JACK DIAMONDS TEN,0.2594,0.1152,0.6254
DIAMONDS QUEEN DIAMONDS TEN,0.352,0.0092,0.6388
HEARTS TWO DIAMONDS TEN,0.6544,0.0208,0.3248
DIAMONDS KING DIAMONDS TEN,0.3614,0.0082,0.6304
HEARTS THREE DIAMONDS TEN,0.6482,0.0174,0.3344
DIAMONDS ACE DIAMONDS TEN,0.3646,0.0068,0.6286
HEARTS FOUR DIAMONDS TEN,0.7232,0.0596,0.2172
CLUBS EIGHT HEARTS JACK,0.2676,0.201,0.5314
HEARTS FIVE DIAMONDS TEN,0.6068,0.0174,0.3758
CLUBS EIGHT HEARTS TEN,0.568,0.0154,0.4166
CLUBS EIGHT HEARTS QUEEN,0.3966,0.011,0.5924
CLUBS EIGHT HEARTS KING,0.394,0.0062,0.5998
CLUBS EIGHT HEARTS ACE,0.3942,0.0054,0.6004
CLUBS NINE SPADES THREE,0.6408,0.0186,0.3406
CLUBS NINE SPADES TWO,0.6466,0.025,0.3284
CLUBS NINE SPADES FIVE,0.6074,0.0144,0.3782
CLUBS NINE SPADES FOUR,0.7064,0.0596,0.234
CLUBS NINE SPADES SEVEN,0.5636,0.0162,0.4202
CLUBS NINE SPADES SIX,0.5864,0.0154,0.3982
CLUBS NINE SPADES NINE,0.3182,0.0278,0.654
CLUBS TEN HEARTS EIGHT,0.572,0.0142,0.4138
CLUBS NINE SPADES EIGHT,0.5748,0.0154,0.4098
CLUBS QUEEN HEARTS EIGHT,0.3842,0.0104,0.6054
CLUBS KING HEARTS EIGHT,0.3972,0.0062,0.5966
CLUBS ACE HEARTS EIGHT,0.386,0.006,0.608
SPADES KING CLUBS KING,0.1686,0.01,0.8214
SPADES QUEEN CLUBS KING,0.3402,0.007,0.6528
SPADES ACE CLUBS KING,0.357,0.004,0.639
DIAMONDS ACE HEARTS TEN,0.393,0.002,0.605
HEARTS FOUR HEARTS TEN,0.6748,0.0604,0.2648
DIAMONDS ACE HEARTS JACK,0.2742,0.0208,0.705
HEARTS FOUR HEARTS JACK,0.078,0.851,0.071
SPADES KING CLUBS FIVE,0.3924,0.0092,0.5984
SPADES QUEEN CLUBS FIVE,0.3902,0.0168,0.593
SPADES ACE CLUBS FIVE,0.3798,0.0052,0.615
DIAMONDS JACK HEARTS SEVEN,0.2832,0.2682,0.4486
HEARTS SIX DIAMONDS JACK,0.2746,0.36,0.3654
DIAMONDS JACK HEARTS NINE,0.2656,0.1578,0.5766
DIAMONDS JACK HEARTS EIGHT,0.2834,0.216,0.5006
DIAMONDS KING DIAMONDS JACK,0.2476,0.03,0.7224
HEARTS THREE DIAMONDS JACK,0.3058,0.483,0.2112
SPADES ACE SPADES SIX,0.3772,0.0034,0.6194
HEARTS ACE SPADES FOUR,0.284,0.028,0.688
DIAMONDS QUEEN DIAMONDS JACK,0.2582,0.0424,0.6994
HEARTS TWO DIAMONDS JACK,0.3172,0.4776,0.2052
HEARTS FIVE DIAMONDS JACK,0.2574,0.4406,0.302
SPADES QUEEN SPADES SIX,0.381,0.0122,0.6068
SPADES FOUR HEARTS QUEEN,0.288,0.049,0.663
DIAMONDS ACE DIAMONDS JACK,0.2588,0.019,0.7222
HEARTS FOUR DIAMONDS JACK,0.0696,0.9124,0.018
SPADES KING SPADES SIX,0.3882,0.008,0.6038
HEARTS KING SPADES FOUR,0.2674,0.033,0.6996
SPADES TEN SPADES SIX,0.569,0.0194,0.4116
SPADES JACK SPADES SIX,0.256,0.3308,0.4132
SPADES FOUR DIAMONDS JACK,0.0704,0.9074,0.0222
SPADES FIVE DIAMONDS JACK,0.2582,0.4444,0.2974
DIAMONDS JACK SPADES TWO,0.3182,0.4872,0.1946
DIAMONDS JACK SPADES THREE,0.3078,0.4802,0.212
SPADES ACE DIAMONDS THREE,0.412,0.0054,0.5826
SPADES QUEEN DIAMONDS THREE,0.4254,0.0118,0.5628
CLUBS EIGHT DIAMONDS JACK,0.2642,0.216,0.5198
SPADES KING DIAMONDS THREE,0.4376,0.0082,0.5542
CLUBS NINE DIAMONDS JACK,0.266,0.1638,0.5702
CLUBS SIX DIAMONDS JACK,0.2588,0.3614,0.3798
CLUBS SEVEN DIAMONDS JACK,0.2704,0.2772,0.4524
CLUBS FIVE DIAMONDS JACK,0.2536,0.4374,0.309
CLUBS TWO DIAMONDS JACK,0.3096,0.4832,0.2072
CLUBS THREE DIAMONDS JACK,0.2922,0.49,0.2178
SPADES TEN CLUBS FIVE,0.6074,0.0158,0.3768
HEARTS SIX SPADES JACK,0.2802,0.359,0.3608
HEARTS SIX SPADES TEN,0.6078,0.016,0.3762
SPADES JACK CLUBS FIVE,0.256,0.431,0.313
SPADES JACK DIAMONDS THREE,0.3058,0.4884,0.2058
CLUBS SEVEN CLUBS ACE,0.3398,0.0072,0.653
DIAMONDS THREE SPADES TEN,0.6564,0.0144,0.3292
CLUBS SEVEN CLUBS QUEEN,0.3512,0.0118,0.637
CLUBS SEVEN CLUBS KING,0.3446,0.0084,0.647
SPADES NINE DIAMONDS JACK,0.28,0.155,0.565
CLUBS TEN CLUBS SEVEN,0.5868,0.0192,0.394
DIAMONDS ACE HEARTS ACE,0.168,0.003,0.829
HEARTS FOUR HEARTS ACE,0.2626,0.022,0.7154
SPADES EIGHT DIAMONDS JACK,0.2676,0.2186,0.5138
SPADES ACE HEARTS SIX,0.4158,0.0038,0.5804
DIAMONDS ACE HEARTS KING,0.3812,0.0054,0.6134
HEARTS FOUR HEARTS KING,0.2664,0.038,0.6956
SPADES SEVEN DIAMONDS JACK,0.2768,0.2708,0.4524
SPADES KING HEARTS SIX,0.4034,0.0074,0.5892
DIAMONDS ACE HEARTS QUEEN,0.3588,0.0032,0.638
HEARTS FOUR HEARTS QUEEN,0.2596,0.0462,0.6942
SPADES QUEEN HEARTS SIX,0.4066,0.0098,0.5836
SPADES SIX DIAMONDS JACK,0.2612,0.3624,0.3764
DIAMONDS TEN SPADES TWO,0.6458,0.0154,0.3388
SPADES THREE DIAMONDS TEN,0.6542,0.016,0.3298
SPADES FOUR DIAMONDS TEN,0.712,0.0594,0.2286
SPADES FIVE DIAMONDS TEN,0.6246,0.0174,0.358
SPADES SIX DIAMONDS TEN,0.5996,0.0172,0.3832
SPADES SEVEN DIAMONDS TEN,0.5954,0.0182,0.3864
SPADES EIGHT DIAMONDS TEN,0.5888,0.0154,0.3958
SPADES NINE DIAMONDS TEN,0.5586,0.0148,0.4266
CLUBS FIVE DIAMONDS TEN,0.6174,0.0204,0.3622
CLUBS SIX DIAMONDS TEN,0.6086,0.0202,0.3712
CLUBS SEVEN DIAMONDS TEN,0.5834,0.0186,0.398
CLUBS EIGHT DIAMONDS TEN,0.5608,0.0186,0.4206
CLUBS NINE DIAMONDS TEN,0.5516,0.016,0.4324
CLUBS TEN DIAMONDS THREE,0.6504,0.0212,0.3284
DIAMONDS THREE CLUBS KING,0.4104,0.0094,0.5802
DIAMONDS THREE CLUBS QUEEN,0.4034,0.0156,0.581
DIAMONDS THREE CLUBS ACE,0.3974,0.006,0.5966
SPADES FOUR HEARTS JACK,0.0642,0.9144,0.0214
SPADES FOUR HEARTS TEN,0.71,0.0598,0.2302
SPADES FIVE SPADES TWO,0.589,0.0242,0.3868
SPADES FOUR SPADES TWO,0.6684,0.0562,0.2754
SPADES THREE SPADES TWO,0.6112,0.021,0.3678
SPADES NINE SPADES TWO,0.5952,0.0162,0.3886
SPADES EIGHT SPADES TWO,0.6,0.0168,0.3832
SPADES SEVEN SPADES TWO,0.5944,0.0222,0.3834
SPADES SIX SPADES TWO,0.604,0.017,0.379
DIAMONDS QUEEN CLUBS THREE,0.4268,0.0128,0.5604
HEARTS TWO CLUBS THREE,0.6512,0.0244,0.3244
DIAMONDS QUEEN CLUBS TWO,0.4216,0.0162,0.5622
CLUBS TWO HEARTS TWO,0.4434,0.0484,0.5082
DIAMONDS QUEEN HEARTS SEVEN,0.4094,0.0104,0.5802
HEARTS TWO HEARTS SEVEN,0.6144,0.0174,0.3682
HEARTS SIX DIAMONDS QUEEN,0.4004,0.0098,0.5898
HEARTS SIX HEARTS TWO,0.604,0.0176,0.3784
DIAMONDS QUEEN HEARTS NINE,0.3896,0.0068,0.6036
HEARTS TWO HEARTS NINE,0.6124,0.0166,0.371
DIAMONDS QUEEN HEARTS EIGHT,0.383,0.0116,0.6054
HEARTS TWO HEARTS EIGHT,0.6132,0.0144,0.3724
CLUBS NINE HEARTS TWO,0.6426,0.02,0.3374
CLUBS NINE DIAMONDS QUEEN,0.3704,0.01,0.6196
CLUBS EIGHT HEARTS TWO,0.6476,0.0162,0.3362
CLUBS EIGHT DIAMONDS QUEEN,0.392,0.0096,0.5984
CLUBS FIVE DIAMONDS QUEEN,0.3852,0.0104,0.6044
CLUBS FIVE HEARTS TWO,0.6244,0.0234,0.3522
SPADES EIGHT HEARTS ACE,0.4048,0.0054,0.5898
CLUBS SEVEN DIAMONDS QUEEN,0.3842,0.014,0.6018
CLUBS SEVEN HEARTS TWO,0.6482,0.0216,0.3302
SPADES EIGHT HEARTS QUEEN,0.4004,0.0104,0.5892
CLUBS SIX DIAMONDS QUEEN,0.3722,0.0136,0.6142
CLUBS SIX HEARTS TWO,0.6404,0.0222,0.3374
SPADES EIGHT HEARTS KING,0.4,0.0058,0.5942
HEARTS TWO SPADES SIX,0.641,0.0198,0.3392
DIAMONDS QUEEN SPADES SIX,0.4014,0.0136,0.585
HEARTS FOUR CLUBS QUEEN,0.256,0.0494,0.6946
DIAMONDS ACE CLUBS QUEEN,0.3452,0.0064,0.6484
DIAMONDS QUEEN SPADES SEVEN,0.4106,0.0114,0.578
HEARTS TWO SPADES SEVEN,0.6556,0.0184,0.326
HEARTS FOUR CLUBS KING,0.2674,0.0352,0.6974
DIAMONDS ACE CLUBS KING,0.3598,0.0058,0.6344
DIAMONDS QUEEN SPADES EIGHT,0.3884,0.0132,0.5984
SPADES EIGHT HEARTS TWO,0.6598,0.02,0.3202
HEARTS FOUR CLUBS ACE,0.2668,0.0238,0.7094
DIAMONDS ACE CLUBS ACE,0.1582,0.006,0.8358
SPADES NINE DIAMONDS QUEEN,0.3916,0.0138,0.5946
SPADES NINE HEARTS TWO,0.6472,0.0184,0.3344
HEARTS TWO SPADES TWO,0.438,0.0518,0.5102
DIAMONDS QUEEN SPADES TWO,0.4252,0.0138,0.561
HEARTS TWO SPADES THREE,0.6716,0.0214,0.307
DIAMONDS QUEEN SPADES THREE,0.4314,0.0116,0.557
HEARTS TWO SPADES FOUR,0.6904,0.0612,0.2484
DIAMONDS QUEEN SPADES FOUR,0.2782,0.045,0.6768
HEARTS FOUR CLUBS TEN,0.7044,0.0648,0.2308
CLUBS TEN DIAMONDS ACE,0.392,0.0062,0.6018
HEARTS TWO SPADES FIVE,0.6382,0.0242,0.3376
DIAMONDS QUEEN SPADES FIVE,0.4042,0.0092,0.5866
CLUBS FIVE CLUBS KING,0.3426,0.0068,0.6506
CLUBS FIVE CLUBS QUEEN,0.3338,0.013,0.6532
CLUBS FIVE CLUBS ACE,0.3416,0.008,0.6504
CLUBS TEN CLUBS FIVE,0.6088,0.0168,0.3744
SPADES SIX CLUBS KING,0.3968,0.0088,0.5944
SPADES SIX CLUBS QUEEN,0.3894,0.0098,0.6008
SPADES EIGHT HEARTS JACK,0.281,0.2122,0.5068
SPADES SIX CLUBS ACE,0.3824,0.003,0.6146
SPADES EIGHT HEARTS TEN,0.5854,0.022,0.3926
CLUBS TEN SPADES SIX,0.5986,0.018,0.3834
SPADES QUEEN CLUBS SEVEN,0.4014,0.0106,0.588
SPADES KING CLUBS SEVEN,0.4072,0.007,0.5858
SPADES ACE CLUBS SEVEN,0.3908,0.0066,0.6026
SPADES SIX HEARTS TEN,0.606,0.0164,0.3776
SPADES SIX HEARTS JACK,0.268,0.3722,0.3598
SPADES SIX HEARTS ACE,0.407,0.0026,0.5904
SPADES SIX HEARTS KING,0.3986,0.0056,0.5958
SPADES SIX HEARTS QUEEN,0.4064,0.0134,0.5802
CLUBS SEVEN SPADES JACK,0.2714,0.271,0.4576
CLUBS SEVEN SPADES TEN,0.5916,0.0172,0.3912
CLUBS TEN HEARTS SIX,0.5926,0.0192,0.3882
HEARTS SIX CLUBS QUEEN,0.3718,0.0122,0.616
HEARTS SIX CLUBS KING,0.3798,0.0094,0.6108
HEARTS SIX CLUBS ACE,0.3884,0.0066,0.605
DIAMONDS THREE HEARTS ACE,0.4132,0.0066,0.5802
DIAMONDS THREE HEARTS QUEEN,0.4296,0.0118,0.5586
DIAMONDS THREE HEARTS KING,0.431,0.0076,0.5614
CLUBS FIVE HEARTS JACK,0.2496,0.446,0.3044
SPADES TEN DIAMONDS ACE,0.403,0.003,0.594
HEARTS FOUR SPADES TEN,0.7118,0.0572,0.231
CLUBS FIVE HEARTS TEN,0.6116,0.0216,0.3668
HEARTS FOUR SPADES JACK,0.0704,0.906,0.0236
SPADES JACK DIAMONDS ACE,0.2786,0.02,0.7014
SPADES ACE HEARTS FOUR,0.2732,0.022,0.7048
SPADES ACE DIAMONDS ACE,0.1716,0.0036,0.8248
CLUBS FIVE HEARTS ACE,0.38,0.005,0.615
CLUBS FIVE HEARTS KING,0.384,0.0096,0.6064
HEARTS FOUR SPADES QUEEN,0.2874,0.0406,0.672
SPADES QUEEN DIAMONDS ACE,0.3618,0.0038,0.6344
CLUBS FIVE HEARTS QUEEN,0.3948,0.0106,0.5946
SPADES KING DIAMONDS ACE,0.3446,0.004,0.6514
HEARTS FOUR SPADES KING,0.2712,0.037,0.6918
CLUBS TEN SPADES FOUR,0.7138,0.0602,0.226
DIAMONDS QUEEN DIAMONDS ACE,0.3268,0.004,0.6692
HEARTS TWO DIAMONDS ACE,0.432,0.0054,0.5626
HEARTS FOUR DIAMONDS QUEEN,0.2906,0.0448,0.6646
HEARTS FOUR HEARTS TWO,0.6454,0.0568,0.2978
DIAMONDS THREE HEARTS TEN,0.6472,0.0122,0.3406
SPADES FOUR CLUBS KING,0.2674,0.0392,0.6934
HEARTS FIVE DIAMONDS QUEEN,0.4038,0.0102,0.586
HEARTS FIVE HEARTS TWO,0.5944,0.021,0.3846
DIAMONDS THREE HEARTS JACK,0.304,0.4938,0.2022
SPADES FOUR CLUBS QUEEN,0.2732,0.0468,0.68
DIAMONDS QUEEN HEARTS TWO,0.4364,0.0134,0.5502
DIAMONDS KING DIAMONDS QUEEN,0.3346,0.0096,0.6558
DIAMONDS KING HEARTS TWO,0.441,0.0088,0.5502
HEARTS THREE DIAMONDS QUEEN,0.436,0.015,0.549
HEARTS THREE HEARTS TWO,0.6006,0.0214,0.378
SPADES FOUR CLUBS ACE,0.27,0.023,0.707
HEARTS TWO CLUBS ACE,0.4078,0.0068,0.5854
DIAMONDS QUEEN CLUBS ACE,0.3548,0.0046,0.6406
HEARTS TWO CLUBS QUEEN,0.4092,0.0176,0.5732
DIAMONDS QUEEN CLUBS QUEEN,0.1666,0.0098,0.8236
HEARTS TWO CLUBS KING,0.4146,0.0102,0.5752
DIAMONDS QUEEN CLUBS KING,0.3452,0.0058,0.649
SPADES EIGHT SPADES FIVE,0.5508,0.0188,0.4304
CLUBS TEN HEARTS TWO,0.6478,0.0202,0.332
CLUBS TEN DIAMONDS QUEEN,0.3758,0.0074,0.6168
SPADES NINE SPADES FIVE,0.5802,0.0212,0.3986
SPADES SIX SPADES FIVE,0.5582,0.02,0.4218
SPADES SEVEN SPADES FIVE,0.5642,0.021,0.4148
DIAMONDS FIVE CLUBS QUEEN,0.3948,0.0124,0.5928
SPADES EIGHT CLUBS ACE,0.3912,0.004,0.6048
DIAMONDS FIVE CLUBS KING,0.3832,0.0078,0.609
SPADES EIGHT CLUBS KING,0.3938,0.0076,0.5986
DIAMONDS FIVE CLUBS ACE,0.369,0.0064,0.6246
SPADES EIGHT CLUBS QUEEN,0.386,0.013,0.601
CLUBS TEN SPADES EIGHT,0.5774,0.0174,0.4052
CLUBS TEN DIAMONDS FIVE,0.6158,0.0196,0.3646
HEARTS JACK DIAMONDS TEN,0.284,0.1206,0.5954
DIAMONDS TEN HEARTS TEN,0.3186,0.023,0.6584
SPADES ACE CLUBS NINE,0.3832,0.0058,0.611
CLUBS NINE SPADES QUEEN,0.3796,0.0144,0.606
CLUBS NINE SPADES KING,0.3894,0.0094,0.6012
HEARTS SIX HEARTS KING,0.3746,0.0082,0.6172
DIAMONDS KING SPADES SEVEN,0.4034,0.0072,0.5894
HEARTS THREE SPADES SEVEN,0.6414,0.0178,0.3408
SPADES KING DIAMONDS SEVEN,0.4,0.0084,0.5916
HEARTS SIX HEARTS QUEEN,0.3874,0.0098,0.6028
SPADES QUEEN DIAMONDS SEVEN,0.3958,0.011,0.5932
HEARTS THREE SPADES SIX,0.619,0.0198,0.3612
DIAMONDS KING SPADES SIX,0.4052,0.0098,0.585
DIAMONDS KING SPADES NINE,0.3786,0.0056,0.6158
HEARTS THREE SPADES NINE,0.6352,0.0192,0.3456
HEARTS SIX HEARTS ACE,0.3844,0.004,0.6116
DIAMONDS KING SPADES EIGHT,0.401,0.0074,0.5916
HEARTS THREE SPADES EIGHT,0.6432,0.0172,0.3396
SPADES ACE DIAMONDS SEVEN,0.404,0.0046,0.5914
CLUBS NINE HEARTS THREE,0.6314,0.019,0.3496
CLUBS NINE DIAMONDS KING,0.3714,0.008,0.6206
HEARTS THREE CLUBS EIGHT,0.6376,0.0218,0.3406
CLUBS EIGHT DIAMONDS KING,0.3996,0.0092,0.5912
HEARTS THREE SPADES THREE,0.4346,0.0444,0.521
DIAMONDS KING SPADES THREE,0.4344,0.0108,0.5548
HEARTS THREE SPADES TWO,0.668,0.0214,0.3106
DIAMONDS KING SPADES TWO,0.433,0.0094,0.5576
HEARTS THREE SPADES FIVE,0.614,0.0226,0.3634
DIAMONDS KING SPADES FIVE,0.3982,0.0084,0.5934
HEARTS THREE SPADES FOUR,0.6914,0.0582,0.2504
