opposingHand,winningChance,drawChance,lostChance
DIAMONDS ACE HEARTS TEN
SPADES ACE SPADES THREE,0.59,0.1182,0.2918
SPADES KING HEARTS THREE,0.6566,0.004,0.3394
CLUBS FIVE DIAMONDS NINE,0.6644,0.0048,0.3308
SPADES ACE CLUBS KING,0.2546,0.0432,0.7022
SPADES SIX CLUBS ACE,0.6478,0.1156,0.2366
DIAMONDS TWO SPADES EIGHT,0.6874,0.0042,0.3084
DIAMONDS SIX CLUBS QUEEN,0.6534,0.0042,0.3424
CLUBS SIX CLUBS ACE,0.6098,0.1064,0.2838
CLUBS NINE SPADES TWO,0.6846,0.005,0.3104
CLUBS SIX CLUBS FIVE,0.5894,0.0044,0.4062
SPADES SEVEN DIAMONDS FIVE,0.6382,0.0032,0.3586
CLUBS TEN CLUBS EIGHT,0.6662,0.0228,0.311
HEARTS SIX HEARTS FOUR,0.6048,0.0062,0.389
SPADES JACK SPADES FIVE,0.6052,0.0038,0.391
SPADES EIGHT DIAMONDS SEVEN,0.6158,0.0036,0.3806
CLUBS THREE CLUBS KING,0.603,0.0054,0.3916
HEARTS TWO HEARTS EIGHT,0.6476,0.0042,0.3482
HEARTS KING HEARTS JACK,0.5666,0.0062,0.4272
CLUBS TEN CLUBS NINE,0.6724,0.0178,0.3098
HEARTS THREE HEARTS JACK,0.6148,0.0056,0.3796
HEARTS THREE DIAMONDS TEN,0.7568,0.0308,0.2124
SPADES THREE HEARTS KING,0.6584,0.004,0.3376
CLUBS FIVE CLUBS QUEEN,0.6156,0.0042,0.3802
DIAMONDS JACK CLUBS TWO,0.6642,0.0048,0.331
SPADES JACK DIAMONDS FIVE,0.6534,0.0032,0.3434
CLUBS FOUR DIAMONDS JACK,0.6534,0.0042,0.3424
CLUBS NINE HEARTS FIVE,0.667,0.005,0.328
DIAMONDS KING SPADES SIX,0.6642,0.0036,0.3322
CLUBS THREE HEARTS ACE,0.6204,0.1302,0.2494
DIAMONDS THREE DIAMONDS TEN,0.7292,0.0228,0.248
SPADES KING CLUBS EIGHT,0.6528,0.0038,0.3434
CLUBS TWO SPADES FOUR,0.637,0.0052,0.3578
DIAMONDS QUEEN DIAMONDS SIX,0.6062,0.0066,0.3872
SPADES FIVE SPADES TWO,0.6122,0.004,0.3838
CLUBS NINE DIAMONDS QUEEN,0.6354,0.0038,0.3608
SPADES JACK HEARTS FOUR,0.6434,0.0058,0.3508
SPADES KING HEARTS FOUR,0.6568,0.005,0.3382
CLUBS NINE HEARTS EIGHT,0.633,0.0042,0.3628
HEARTS SEVEN DIAMONDS EIGHT,0.636,0.0048,0.3592
SPADES EIGHT DIAMONDS EIGHT,0.4682,0.0046,0.5272
SPADES JACK SPADES TEN,0.656,0.0174,0.3266
DIAMONDS TWO SPADES TEN,0.7502,0.0232,0.2266
CLUBS ACE HEARTS EIGHT,0.6576,0.1186,0.2238
SPADES QUEEN SPADES FIVE,0.605,0.0058,0.3892
SPADES SEVEN DIAMONDS EIGHT,0.6262,0.0042,0.3696
HEARTS FOUR DIAMONDS FOUR,0.472,0.0044,0.5236
SPADES FIVE DIAMONDS SEVEN,0.643,0.0048,0.3522
DIAMONDS KING HEARTS KING,0.2742,0.005,0.7208
DIAMONDS TWO HEARTS FOUR,0.6542,0.005,0.3408
CLUBS TEN HEARTS JACK,0.704,0.0188,0.2772
DIAMONDS TWO DIAMONDS KING,0.611,0.0042,0.3848
HEARTS THREE SPADES SIX,0.6668,0.0034,0.3298
SPADES KING DIAMONDS KING,0.2922,0.0018,0.706
SPADES FIVE DIAMONDS TEN,0.7514,0.027,0.2216
SPADES EIGHT HEARTS QUEEN,0.631,0.0036,0.3654
CLUBS ACE DIAMONDS SIX,0.658,0.1124,0.2296
DIAMONDS JACK SPADES TWO,0.6504,0.005,0.3446
HEARTS JACK CLUBS KING,0.5952,0.0042,0.4006
CLUBS SIX SPADES SIX,0.4744,0.0038,0.5218
CLUBS JACK DIAMONDS FIVE,0.6536,0.0032,0.3432
CLUBS JACK SPADES FOUR,0.6384,0.003,0.3586
SPADES THREE DIAMONDS SIX,0.6464,0.0038,0.3498
HEARTS SIX HEARTS ACE,0.628,0.1102,0.2618
SPADES TEN HEARTS EIGHT,0.7098,0.0212,0.269
HEARTS TWO SPADES TWO,0.4694,0.0058,0.5248
HEARTS QUEEN HEARTS EIGHT,0.6118,0.0042,0.384
CLUBS SIX DIAMONDS FIVE,0.6328,0.004,0.3632
HEARTS FOUR SPADES TWO,0.659,0.007,0.334
SPADES NINE DIAMONDS NINE,0.4638,0.0028,0.5334
SPADES NINE DIAMONDS FOUR,0.6842,0.0048,0.311
CLUBS EIGHT CLUBS TWO,0.6304,0.0036,0.366
HEARTS SEVEN SPADES TWO,0.674,0.0048,0.3212
CLUBS TWO DIAMONDS EIGHT,0.6786,0.0044,0.317
DIAMONDS TWO CLUBS NINE,0.6882,0.0038,0.308
CLUBS FIVE DIAMONDS SIX,0.6286,0.0036,0.3678
SPADES QUEEN SPADES EIGHT,0.5914,0.0034,0.4052
SPADES KING CLUBS SEVEN,0.6434,0.0036,0.353
HEARTS SIX CLUBS EIGHT,0.6318,0.0032,0.365
SPADES KING DIAMONDS SEVEN,0.6514,0.0054,0.3432
DIAMONDS KING CLUBS QUEEN,0.6038,0.004,0.3922
HEARTS FIVE CLUBS THREE,0.6428,0.0054,0.3518
CLUBS TEN SPADES FIVE,0.7466,0.0236,0.2298
CLUBS FOUR DIAMONDS QUEEN,0.6444,0.0046,0.351
CLUBS EIGHT CLUBS KING,0.6116,0.004,0.3844
SPADES JACK DIAMONDS SIX,0.6548,0.003,0.3422
HEARTS QUEEN CLUBS ACE,0.236,0.0628,0.7012
HEARTS FIVE DIAMONDS KING,0.659,0.0044,0.3366
SPADES THREE CLUBS QUEEN,0.6402,0.0048,0.355
DIAMONDS NINE CLUBS KING,0.6486,0.003,0.3484
CLUBS EIGHT DIAMONDS JACK,0.6372,0.0056,0.3572
CLUBS SEVEN CLUBS ACE,0.6016,0.122,0.2764
CLUBS FOUR HEARTS ACE,0.6308,0.1116,0.2576
CLUBS JACK DIAMONDS QUEEN,0.598,0.0036,0.3984
DIAMONDS KING HEARTS JACK,0.6012,0.0044,0.3944
SPADES QUEEN SPADES TWO,0.6132,0.0044,0.3824
SPADES TWO CLUBS ACE,0.6416,0.1194,0.239
SPADES EIGHT HEARTS ACE,0.6412,0.1206,0.2382
CLUBS SIX DIAMONDS EIGHT,0.6446,0.0038,0.3516
HEARTS FIVE CLUBS TWO,0.655,0.006,0.339
HEARTS THREE CLUBS ACE,0.6436,0.1198,0.2366
SPADES SIX DIAMONDS FOUR,0.6374,0.003,0.3596
DIAMONDS NINE HEARTS NINE,0.4692,0.0044,0.5264
DIAMONDS THREE HEARTS ACE,0.6266,0.1308,0.2426
SPADES KING SPADES TEN,0.6852,0.018,0.2968
DIAMONDS TWO CLUBS THREE,0.6524,0.0056,0.342
HEARTS THREE SPADES EIGHT,0.675,0.005,0.32
DIAMONDS JACK CLUBS QUEEN,0.5924,0.0046,0.403
CLUBS TEN HEARTS KING,0.7352,0.0172,0.2476
HEARTS TWO SPADES EIGHT,0.6746,0.0056,0.3198
SPADES ACE SPADES FIVE,0.5944,0.1132,0.2924
HEARTS TWO HEARTS QUEEN,0.6272,0.0052,0.3676
HEARTS FIVE HEARTS ACE,0.6038,0.1162,0.28
CLUBS SEVEN CLUBS THREE,0.6306,0.0042,0.3652
DIAMONDS THREE HEARTS FIVE,0.6626,0.0056,0.3318
DIAMONDS EIGHT HEARTS EIGHT,0.458,0.004,0.538
CLUBS TEN HEARTS QUEEN,0.7298,0.0178,0.2524
SPADES SEVEN DIAMONDS JACK,0.6448,0.0046,0.3506
DIAMONDS TWO SPADES SIX,0.6822,0.0048,0.313
SPADES TWO HEARTS NINE,0.6962,0.005,0.2988
DIAMONDS QUEEN HEARTS KING,0.5906,0.0052,0.4042
CLUBS TEN SPADES SIX,0.7262,0.0254,0.2484
SPADES EIGHT DIAMONDS FIVE,0.6544,0.004,0.3416
SPADES ACE DIAMONDS THREE,0.6336,0.1186,0.2478
SPADES ACE DIAMONDS SEVEN,0.6492,0.1166,0.2342
SPADES TEN SPADES FIVE,0.7036,0.0222,0.2742
HEARTS SIX CLUBS SIX,0.4668,0.0034,0.5298
SPADES KING CLUBS TEN,0.7248,0.0184,0.2568
HEARTS SEVEN CLUBS TEN,0.7356,0.0234,0.241
DIAMONDS THREE HEARTS NINE,0.6888,0.0034,0.3078
CLUBS FOUR CLUBS THREE,0.5894,0.0068,0.4038
HEARTS SIX HEARTS KING,0.6122,0.0042,0.3836
SPADES QUEEN SPADES NINE,0.5826,0.0026,0.4148
DIAMONDS TEN HEARTS JACK,0.6982,0.0202,0.2816
DIAMONDS JACK HEARTS JACK,0.3092,0.0044,0.6864
HEARTS QUEEN CLUBS QUEEN,0.2952,0.0046,0.7002
CLUBS THREE DIAMONDS EIGHT,0.686,0.0038,0.3102
CLUBS SEVEN DIAMONDS TEN,0.7428,0.0206,0.2366
SPADES FOUR DIAMONDS NINE,0.674,0.0044,0.3216
DIAMONDS JACK HEARTS EIGHT,0.6364,0.0054,0.3582
SPADES KING DIAMONDS NINE,0.6498,0.004,0.3462
SPADES FOUR CLUBS KING,0.6412,0.002,0.3568
CLUBS FIVE HEARTS QUEEN,0.65,0.0042,0.3458
CLUBS NINE CLUBS THREE,0.64,0.0034,0.3566
HEARTS FIVE CLUBS EIGHT,0.6474,0.004,0.3486
CLUBS NINE SPADES EIGHT,0.624,0.0026,0.3734
SPADES FOUR DIAMONDS EIGHT,0.6804,0.0032,0.3164
CLUBS FIVE DIAMONDS KING,0.6478,0.0066,0.3456
HEARTS SIX SPADES QUEEN,0.6616,0.0046,0.3338
CLUBS SIX HEARTS JACK,0.6518,0.0034,0.3448
SPADES NINE DIAMONDS JACK,0.6164,0.0026,0.381
CLUBS JACK HEARTS TWO,0.6588,0.0054,0.3358
CLUBS EIGHT HEARTS NINE,0.6266,0.0042,0.3692
DIAMONDS NINE DIAMONDS EIGHT,0.6056,0.006,0.3884
CLUBS NINE DIAMONDS TEN,0.717,0.0216,0.2614
DIAMONDS JACK CLUBS ACE,0.2354,0.0868,0.6778
CLUBS SEVEN HEARTS TWO,0.6756,0.0032,0.3212
CLUBS TWO HEARTS KING,0.6432,0.0054,0.3514
HEARTS ACE DIAMONDS EIGHT,0.6522,0.1266,0.2212
DIAMONDS THREE DIAMONDS TWO,0.632,0.0052,0.3628
CLUBS FOUR HEARTS NINE,0.6766,0.004,0.3194
HEARTS ACE CLUBS QUEEN,0.2372,0.0634,0.6994
HEARTS SIX DIAMONDS QUEEN,0.6524,0.0042,0.3434
HEARTS FOUR SPADES FIVE,0.6218,0.0052,0.373
HEARTS SIX SPADES NINE,0.6552,0.0042,0.3406
DIAMONDS JACK HEARTS NINE,0.6304,0.0048,0.3648
DIAMONDS TWO CLUBS QUEEN,0.6592,0.0034,0.3374
HEARTS FIVE CLUBS SIX,0.6308,0.0036,0.3656
DIAMONDS SEVEN CLUBS KING,0.6592,0.0044,0.3364
DIAMONDS TWO HEARTS ACE,0.6374,0.1274,0.2352
HEARTS KING DIAMONDS EIGHT,0.6654,0.0048,0.3298
DIAMONDS NINE DIAMONDS SIX,0.624,0.0044,0.3716
SPADES ACE HEARTS TWO,0.6374,0.1202,0.2424
SPADES NINE HEARTS TWO,0.6862,0.0046,0.3092
CLUBS TWO DIAMONDS SIX,0.6664,0.003,0.3306
SPADES ACE CLUBS THREE,0.635,0.123,0.242
DIAMONDS EIGHT DIAMONDS SIX,0.636,0.0028,0.3612
DIAMONDS KING DIAMONDS FOUR,0.6282,0.0058,0.366
CLUBS NINE SPADES NINE,0.4546,0.0022,0.5432
SPADES TEN HEARTS ACE,0.0102,0.9722,0.0176
SPADES ACE SPADES QUEEN,0.2374,0.062,0.7006
HEARTS TWO SPADES SIX,0.6654,0.0048,0.3298
SPADES SEVEN DIAMONDS SIX,0.6176,0.0036,0.3788
DIAMONDS EIGHT SPADES TWO,0.6888,0.0034,0.3078
CLUBS THREE DIAMONDS NINE,0.6776,0.0052,0.3172
DIAMONDS SEVEN DIAMONDS FOUR,0.6186,0.0046,0.3768
HEARTS SIX HEARTS QUEEN,0.6214,0.0052,0.3734
CLUBS SIX CLUBS TWO,0.616,0.0032,0.3808
DIAMONDS FIVE HEARTS EIGHT,0.6632,0.0042,0.3326
SPADES TWO CLUBS QUEEN,0.6498,0.0042,0.346
CLUBS TEN CLUBS SIX,0.6878,0.0284,0.2838
CLUBS JACK CLUBS THREE,0.6026,0.0034,0.394
CLUBS TEN SPADES SEVEN,0.7198,0.0232,0.257
CLUBS EIGHT CLUBS QUEEN,0.6098,0.0062,0.384
CLUBS SEVEN SPADES NINE,0.631,0.0036,0.3654
CLUBS SIX DIAMONDS QUEEN,0.6518,0.0052,0.343
HEARTS FIVE HEARTS NINE,0.6338,0.004,0.3622
CLUBS SEVEN HEARTS JACK,0.6388,0.006,0.3552
HEARTS FOUR HEARTS EIGHT,0.632,0.0034,0.3646
SPADES TEN CLUBS FIVE,0.75,0.0264,0.2236
CLUBS TEN CLUBS ACE,0.0198,0.9082,0.072
CLUBS KING DIAMONDS FOUR,0.648,0.0044,0.3476
CLUBS SEVEN HEARTS KING,0.6448,0.0026,0.3526
DIAMONDS TEN DIAMONDS EIGHT,0.6808,0.0244,0.2948
SPADES SIX CLUBS QUEEN,0.6426,0.0026,0.3548
HEARTS SEVEN DIAMONDS QUEEN,0.6502,0.006,0.3438
HEARTS JACK CLUBS QUEEN,0.5892,0.0054,0.4054
HEARTS TWO CLUBS QUEEN,0.6568,0.0046,0.3386
DIAMONDS JACK HEARTS QUEEN,0.5984,0.005,0.3966
HEARTS SEVEN SPADES JACK,0.6402,0.0038,0.356
CLUBS JACK DIAMONDS SEVEN,0.642,0.004,0.354
SPADES JACK SPADES NINE,0.5688,0.005,0.4262
SPADES JACK HEARTS KING,0.5916,0.0038,0.4046
CLUBS NINE SPADES FIVE,0.6598,0.004,0.3362
DIAMONDS THREE HEARTS EIGHT,0.684,0.005,0.311
SPADES QUEEN CLUBS TWO,0.6492,0.0056,0.3452
HEARTS FOUR CLUBS KING,0.6534,0.0048,0.3418
SPADES TEN CLUBS KING,0.7292,0.019,0.2518
HEARTS THREE SPADES FIVE,0.6452,0.0042,0.3506
SPADES JACK CLUBS EIGHT,0.6318,0.0028,0.3654
CLUBS JACK DIAMONDS THREE,0.6526,0.003,0.3444
SPADES QUEEN CLUBS ACE,0.2556,0.0694,0.675
DIAMONDS EIGHT HEARTS NINE,0.643,0.006,0.351
SPADES QUEEN DIAMONDS TEN,0.7186,0.0186,0.2628
SPADES EIGHT DIAMONDS NINE,0.6286,0.0042,0.3672
HEARTS FIVE DIAMONDS TEN,0.758,0.0242,0.2178
HEARTS THREE CLUBS FOUR,0.6442,0.0032,0.3526
DIAMONDS TWO DIAMONDS QUEEN,0.6296,0.0054,0.365
DIAMONDS TWO HEARTS QUEEN,0.6584,0.006,0.3356
SPADES SIX HEARTS NINE,0.6452,0.0036,0.3512
SPADES EIGHT DIAMONDS TEN,0.716,0.018,0.266
CLUBS FIVE SPADES SEVEN,0.627,0.0036,0.3694
DIAMONDS TWO SPADES TWO,0.4936,0.0078,0.4986
HEARTS FOUR CLUBS QUEEN,0.6454,0.0032,0.3514
DIAMONDS THREE HEARTS FOUR,0.6494,0.0044,0.3462
SPADES SEVEN DIAMONDS TEN,0.717,0.0258,0.2572
DIAMONDS QUEEN DIAMONDS FOUR,0.6242,0.0058,0.37
DIAMONDS THREE SPADES KING,0.6542,0.0054,0.3404
HEARTS FIVE DIAMONDS SEVEN,0.648,0.0054,0.3466
DIAMONDS TEN SPADES TWO,0.7562,0.0298,0.214
SPADES JACK CLUBS TWO,0.651,0.0052,0.3438
SPADES JACK SPADES SEVEN,0.5916,0.004,0.4044
CLUBS NINE HEARTS FOUR,0.688,0.005,0.307
DIAMONDS EIGHT CLUBS KING,0.66,0.004,0.336
DIAMONDS TEN HEARTS ACE,0.0058,0.9876,0.0066
CLUBS SIX HEARTS QUEEN,0.6524,0.0036,0.344
SPADES NINE HEARTS NINE,0.463,0.005,0.532
CLUBS JACK HEARTS JACK,0.309,0.0034,0.6876
CLUBS TEN HEARTS NINE,0.715,0.0204,0.2646
SPADES FOUR DIAMONDS SEVEN,0.6602,0.004,0.3358
CLUBS TEN HEARTS TWO,0.769,0.0236,0.2074
DIAMONDS TWO SPADES NINE,0.688,0.0052,0.3068
HEARTS ACE CLUBS KING,0.237,0.0488,0.7142
SPADES ACE DIAMONDS QUEEN,0.2494,0.0606,0.69
SPADES JACK DIAMONDS QUEEN,0.5916,0.005,0.4034
SPADES FIVE CLUBS KING,0.6462,0.0038,0.35
HEARTS FOUR SPADES FOUR,0.4762,0.0048,0.519
CLUBS NINE CLUBS EIGHT,0.597,0.0036,0.3994
HEARTS TWO CLUBS THREE,0.6666,0.004,0.3294
CLUBS TWO HEARTS ACE,0.625,0.1252,0.2498
CLUBS TEN DIAMONDS FIVE,0.7604,0.0286,0.211
CLUBS EIGHT CLUBS FOUR,0.6186,0.0044,0.377
SPADES THREE DIAMONDS EIGHT,0.673,0.004,0.323
CLUBS NINE SPADES TEN,0.7018,0.02,0.2782
HEARTS FOUR CLUBS SIX,0.6356,0.0056,0.3588
HEARTS SEVEN HEARTS KING,0.5972,0.0034,0.3994
HEARTS TWO HEARTS KING,0.6238,0.0048,0.3714
SPADES ACE HEARTS FIVE,0.6318,0.1238,0.2444
HEARTS SIX SPADES SEVEN,0.6402,0.0034,0.3564
DIAMONDS TWO SPADES JACK,0.6664,0.004,0.3296
HEARTS SEVEN CLUBS NINE,0.6396,0.004,0.3564
CLUBS TWO CLUBS ACE,0.6014,0.1088,0.2898
DIAMONDS NINE DIAMONDS FOUR,0.6412,0.0046,0.3542
DIAMONDS TWO SPADES QUEEN,0.6614,0.0034,0.3352
CLUBS JACK SPADES EIGHT,0.6132,0.0018,0.385
SPADES ACE DIAMONDS TWO,0.631,0.125,0.244
HEARTS SEVEN HEARTS ACE,0.612,0.1206,0.2674
CLUBS TEN DIAMONDS JACK,0.6948,0.02,0.2852
HEARTS FOUR SPADES TEN,0.742,0.0228,0.2352
SPADES EIGHT DIAMONDS KING,0.6644,0.004,0.3316
CLUBS EIGHT HEARTS EIGHT,0.4622,0.0042,0.5336
HEARTS THREE DIAMONDS EIGHT,0.6836,0.0038,0.3126
SPADES KING HEARTS QUEEN,0.5882,0.0058,0.406
HEARTS SIX CLUBS NINE,0.6478,0.0038,0.3484
HEARTS SEVEN DIAMONDS JACK,0.643,0.0068,0.3502
DIAMONDS KING HEARTS ACE,0.2464,0.0456,0.708
HEARTS FOUR CLUBS ACE,0.6326,0.111,0.2564
HEARTS SIX DIAMONDS TEN,0.7508,0.027,0.2222
HEARTS SEVEN HEARTS FOUR,0.6188,0.0044,0.3768
SPADES JACK CLUBS THREE,0.6556,0.004,0.3404
HEARTS FIVE SPADES SEVEN,0.637,0.006,0.357
DIAMONDS TWO HEARTS FIVE,0.6672,0.0038,0.329
DIAMONDS TEN SPADES FOUR,0.7502,0.024,0.2258
SPADES QUEEN HEARTS JACK,0.5986,0.0054,0.396
HEARTS FIVE SPADES TEN,0.7562,0.0262,0.2176
HEARTS FOUR SPADES SIX,0.6328,0.0036,0.3636
DIAMONDS SIX DIAMONDS FOUR,0.6078,0.0052,0.387
HEARTS FIVE SPADES EIGHT,0.659,0.0036,0.3374
HEARTS FIVE DIAMONDS FOUR,0.6308,0.0052,0.364
CLUBS TEN SPADES NINE,0.7184,0.0206,0.261
HEARTS FIVE CLUBS SEVEN,0.6394,0.0036,0.357
DIAMONDS TEN HEARTS KING,0.7278,0.0186,0.2536
SPADES KING CLUBS TWO,0.6622,0.0034,0.3344
CLUBS THREE HEARTS NINE,0.6764,0.0046,0.319
SPADES TEN DIAMONDS FIVE,0.7456,0.0278,0.2266
HEARTS ACE DIAMONDS SEVEN,0.6418,0.1274,0.2308
SPADES TWO HEARTS EIGHT,0.687,0.0044,0.3086
HEARTS ACE SPADES THREE,0.6274,0.126,0.2466
HEARTS SEVEN HEARTS JACK,0.6082,0.0042,0.3876
SPADES QUEEN DIAMONDS NINE,0.6382,0.0042,0.3576
CLUBS TEN DIAMONDS KING,0.738,0.0216,0.2404
HEARTS KING CLUBS KING,0.2988,0.0044,0.6968
SPADES SIX HEARTS KING,0.634,0.0036,0.3624
SPADES NINE HEARTS ACE,0.6486,0.1168,0.2346
SPADES JACK DIAMONDS JACK,0.3068,0.0026,0.6906
HEARTS SIX DIAMONDS SEVEN,0.6226,0.006,0.3714
DIAMONDS TEN HEARTS NINE,0.7244,0.0244,0.2512
CLUBS SEVEN DIAMONDS FOUR,0.6486,0.0042,0.3472
DIAMONDS TWO HEARTS NINE,0.6942,0.0048,0.301
HEARTS FIVE SPADES THREE,0.6416,0.0054,0.353
SPADES ACE CLUBS FOUR,0.6314,0.1216,0.247
CLUBS SIX DIAMONDS FOUR,0.6556,0.0038,0.3406
SPADES NINE HEARTS JACK,0.6238,0.0044,0.3718
CLUBS TEN HEARTS EIGHT,0.7104,0.0206,0.269
CLUBS THREE HEARTS JACK,0.6434,0.0028,0.3538
HEARTS NINE DIAMONDS FIVE,0.673,0.0074,0.3196
DIAMONDS TWO SPADES FIVE,0.6638,0.0066,0.3296
CLUBS TEN SPADES JACK,0.6914,0.0172,0.2914
SPADES KING SPADES JACK,0.5654,0.003,0.4316
SPADES KING DIAMONDS FIVE,0.6464,0.005,0.3486
SPADES ACE SPADES KING,0.2484,0.043,0.7086
SPADES QUEEN HEARTS EIGHT,0.6522,0.0032,0.3446
HEARTS SEVEN HEARTS SIX,0.5966,0.0062,0.3972
SPADES TEN HEARTS TWO,0.7634,0.027,0.2096
DIAMONDS KING SPADES FOUR,0.6588,0.0046,0.3366
SPADES JACK SPADES SIX,0.6096,0.0026,0.3878
DIAMONDS THREE DIAMONDS NINE,0.6482,0.0056,0.3462
SPADES JACK DIAMONDS KING,0.5888,0.0042,0.407
HEARTS TWO DIAMONDS NINE,0.6872,0.0056,0.3072
DIAMONDS JACK DIAMONDS FIVE,0.6286,0.0042,0.3672
SPADES KING DIAMONDS FOUR,0.6542,0.0046,0.3412
CLUBS SEVEN HEARTS QUEEN,0.646,0.0048,0.3492
DIAMONDS TEN HEARTS EIGHT,0.7276,0.0186,0.2538
DIAMONDS TWO DIAMONDS SEVEN,0.65,0.005,0.345
DIAMONDS QUEEN DIAMONDS FIVE,0.6202,0.0048,0.375
SPADES SIX DIAMONDS SIX,0.4682,0.0044,0.5274
CLUBS SIX CLUBS KING,0.6038,0.0034,0.3928
SPADES ACE HEARTS KING,0.2416,0.0498,0.7086
SPADES ACE DIAMONDS FOUR,0.6228,0.126,0.2512
DIAMONDS QUEEN DIAMONDS SEVEN,0.6282,0.0036,0.3682
HEARTS FOUR DIAMONDS EIGHT,0.6738,0.0042,0.322
HEARTS KING DIAMONDS SIX,0.6502,0.005,0.3448
CLUBS SEVEN SPADES SIX,0.6252,0.0028,0.372
CLUBS FOUR DIAMONDS NINE,0.6784,0.0024,0.3192
HEARTS THREE CLUBS TWO,0.6458,0.006,0.3482
CLUBS FOUR CLUBS ACE,0.592,0.1228,0.2852
CLUBS FIVE SPADES SIX,0.625,0.0038,0.3712
DIAMONDS SEVEN CLUBS ACE,0.6492,0.1232,0.2276
DIAMONDS THREE HEARTS THREE,0.4868,0.0072,0.506
HEARTS SEVEN CLUBS SIX,0.627,0.0028,0.3702
CLUBS EIGHT CLUBS SEVEN,0.5742,0.0024,0.4234
SPADES JACK CLUBS FIVE,0.645,0.0038,0.3512
SPADES ACE CLUBS JACK,0.2368,0.0906,0.6726
CLUBS JACK SPADES FIVE,0.6396,0.0038,0.3566
HEARTS THREE CLUBS THREE,0.4752,0.0056,0.5192
SPADES KING DIAMONDS JACK,0.5998,0.0044,0.3958
HEARTS FIVE CLUBS QUEEN,0.6412,0.0032,0.3556
CLUBS SEVEN DIAMONDS SEVEN,0.461,0.0032,0.5358
CLUBS FOUR HEARTS JACK,0.633,0.003,0.364
DIAMONDS KING SPADES SEVEN,0.651,0.0042,0.3448
DIAMONDS KING DIAMONDS NINE,0.606,0.0052,0.3888
DIAMONDS SEVEN CLUBS QUEEN,0.6504,0.003,0.3466
SPADES EIGHT HEARTS KING,0.6434,0.0038,0.3528
CLUBS SEVEN DIAMONDS SIX,0.6436,0.0034,0.353
SPADES SEVEN CLUBS TWO,0.6704,0.0032,0.3264
CLUBS NINE DIAMONDS NINE,0.4612,0.0028,0.536
CLUBS SIX HEARTS KING,0.6468,0.006,0.3472
CLUBS JACK SPADES KING,0.6146,0.0028,0.3826
DIAMONDS TWO CLUBS EIGHT,0.682,0.0028,0.3152
SPADES ACE CLUBS SIX,0.6572,0.1038,0.239
SPADES KING CLUBS SIX,0.65,0.003,0.347
SPADES NINE SPADES FOUR,0.6368,0.0052,0.358
DIAMONDS FIVE CLUBS QUEEN,0.647,0.0026,0.3504
DIAMONDS EIGHT HEARTS JACK,0.639,0.0056,0.3554
HEARTS FOUR CLUBS FOUR,0.4758,0.0054,0.5188
SPADES TEN CLUBS FOUR,0.7382,0.026,0.2358
DIAMONDS NINE HEARTS JACK,0.6264,0.0056,0.368
DIAMONDS THREE CLUBS SIX,0.6614,0.0048,0.3338
CLUBS SIX DIAMONDS SIX,0.4804,0.0042,0.5154
DIAMONDS EIGHT CLUBS QUEEN,0.649,0.0058,0.3452
DIAMONDS NINE HEARTS QUEEN,0.6386,0.0042,0.3572
SPADES TEN CLUBS SEVEN,0.7228,0.0238,0.2534
DIAMONDS THREE DIAMONDS FIVE,0.608,0.0048,0.3872
SPADES TEN DIAMONDS FOUR,0.755,0.0238,0.2212
CLUBS EIGHT SPADES TWO,0.6778,0.0046,0.3176
SPADES ACE SPADES TWO,0.5892,0.1214,0.2894
SPADES ACE CLUBS TWO,0.6404,0.1174,0.2422
SPADES SIX SPADES FOUR,0.6062,0.0042,0.3896
SPADES KING DIAMONDS SIX,0.6526,0.003,0.3444
DIAMONDS TEN CLUBS ACE,0.0168,0.9732,0.01
SPADES FIVE HEARTS ACE,0.6298,0.1214,0.2488
SPADES TWO HEARTS QUEEN,0.652,0.006,0.342
CLUBS FIVE HEARTS NINE,0.6684,0.004,0.3276
HEARTS FIVE DIAMONDS JACK,0.6428,0.0062,0.351
HEARTS THREE SPADES THREE,0.4898,0.0062,0.504
HEARTS TWO CLUBS FOUR,0.6626,0.0044,0.333
SPADES ACE DIAMONDS KING,0.2582,0.0492,0.6926
DIAMONDS SEVEN HEARTS JACK,0.6504,0.0038,0.3458
CLUBS TEN DIAMONDS TWO,0.7568,0.0282,0.215
HEARTS JACK DIAMONDS FIVE,0.6514,0.004,0.3446
SPADES SEVEN SPADES FIVE,0.5936,0.0044,0.402
SPADES QUEEN SPADES JACK,0.55,0.002,0.448
SPADES ACE DIAMONDS TEN,0.0192,0.9692,0.0116
CLUBS JACK HEARTS FIVE,0.6524,0.0028,0.3448
CLUBS FIVE DIAMONDS SEVEN,0.6544,0.0044,0.3412
SPADES ACE CLUBS EIGHT,0.6434,0.121,0.2356
HEARTS SEVEN SPADES NINE,0.64,0.0028,0.3572
CLUBS JACK SPADES SEVEN,0.638,0.0028,0.3592
CLUBS SEVEN CLUBS FIVE,0.6082,0.005,0.3868
SPADES THREE DIAMONDS FIVE,0.646,0.0056,0.3484
SPADES KING HEARTS SIX,0.6552,0.004,0.3408
CLUBS SEVEN CLUBS TWO,0.6252,0.005,0.3698
SPADES ACE HEARTS QUEEN,0.2466,0.0608,0.6926
SPADES KING CLUBS QUEEN,0.5858,0.0054,0.4088
CLUBS FOUR SPADES FIVE,0.6276,0.0032,0.3692
SPADES QUEEN HEARTS KING,0.594,0.0028,0.4032
HEARTS SEVEN CLUBS ACE,0.6532,0.1178,0.229
SPADES ACE CLUBS QUEEN,0.2394,0.0622,0.6984
SPADES FOUR HEARTS KING,0.6472,0.0044,0.3484
SPADES FIVE DIAMONDS FIVE,0.4856,0.0052,0.5092
SPADES TEN DIAMONDS JACK,0.7028,0.021,0.2762
SPADES QUEEN HEARTS THREE,0.6546,0.0056,0.3398
HEARTS NINE CLUBS QUEEN,0.64,0.003,0.357
SPADES NINE DIAMONDS TEN,0.7144,0.0216,0.264
CLUBS THREE HEARTS EIGHT,0.6808,0.0042,0.315
SPADES THREE DIAMONDS FOUR,0.645,0.0066,0.3484
HEARTS FIVE DIAMONDS NINE,0.6688,0.005,0.3262
HEARTS FOUR DIAMONDS SIX,0.6458,0.0048,0.3494
DIAMONDS JACK DIAMONDS FOUR,0.6308,0.0038,0.3654
CLUBS SEVEN DIAMONDS QUEEN,0.6564,0.0036,0.34
CLUBS SEVEN SPADES TWO,0.6722,0.0042,0.3236
HEARTS SIX CLUBS FOUR,0.6382,0.0066,0.3552
CLUBS SIX SPADES FOUR,0.6446,0.004,0.3514
DIAMONDS QUEEN SPADES SIX,0.651,0.0054,0.3436
SPADES TWO DIAMONDS SIX,0.67,0.0044,0.3256
SPADES KING SPADES TWO,0.6094,0.0048,0.3858
HEARTS SEVEN HEARTS TWO,0.6518,0.0058,0.3424
CLUBS THREE DIAMONDS FIVE,0.6352,0.0042,0.3606
SPADES KING DIAMONDS EIGHT,0.6574,0.005,0.3376
SPADES EIGHT CLUBS TWO,0.6774,0.0022,0.3204
CLUBS NINE CLUBS FOUR,0.6322,0.0034,0.3644
HEARTS SEVEN SPADES SIX,0.6322,0.004,0.3638
CLUBS ACE CLUBS KING,0.2434,0.0438,0.7128
CLUBS FIVE HEARTS KING,0.6388,0.0052,0.356
HEARTS SEVEN HEARTS EIGHT,0.6022,0.0038,0.394
CLUBS JACK DIAMONDS TEN,0.7018,0.0192,0.279
HEARTS FOUR HEARTS TWO,0.6308,0.007,0.3622
SPADES EIGHT SPADES FOUR,0.625,0.0046,0.3704
HEARTS QUEEN CLUBS KING,0.5886,0.0066,0.4048
CLUBS TWO DIAMONDS TEN,0.7512,0.0294,0.2194
SPADES NINE CLUBS FOUR,0.674,0.0034,0.3226
CLUBS SIX HEARTS EIGHT,0.6384,0.0042,0.3574
HEARTS TWO SPADES THREE,0.6506,0.0044,0.345
CLUBS SEVEN SPADES FOUR,0.649,0.0026,0.3484
CLUBS NINE SPADES SIX,0.6588,0.0018,0.3394
HEARTS TWO HEARTS ACE,0.6112,0.114,0.2748
HEARTS SEVEN DIAMONDS KING,0.6596,0.0046,0.3358
CLUBS TEN DIAMONDS FOUR,0.7554,0.029,0.2156
SPADES NINE CLUBS SIX,0.645,0.0034,0.3516
CLUBS SIX DIAMONDS TEN,0.7354,0.0256,0.239
SPADES ACE DIAMONDS NINE,0.6652,0.1168,0.218
DIAMONDS TWO CLUBS KING,0.664,0.0062,0.3298
SPADES FIVE CLUBS TWO,0.6548,0.0036,0.3416
CLUBS FIVE HEARTS EIGHT,0.6438,0.0032,0.353
CLUBS JACK CLUBS TWO,0.604,0.0048,0.3912
SPADES ACE SPADES SIX,0.6084,0.1096,0.282
HEARTS SEVEN HEARTS NINE,0.6204,0.0052,0.3744
CLUBS TEN CLUBS SEVEN,0.6932,0.0226,0.2842
DIAMONDS TEN DIAMONDS FOUR,0.727,0.0256,0.2474
SPADES TEN DIAMONDS QUEEN,0.7192,0.0188,0.262
HEARTS FIVE HEARTS THREE,0.607,0.0052,0.3878
DIAMONDS QUEEN DIAMONDS JACK,0.5612,0.005,0.4338
SPADES EIGHT CLUBS THREE,0.6712,0.0058,0.323
SPADES ACE CLUBS NINE,0.6506,0.1188,0.2306
CLUBS TEN SPADES QUEEN,0.7188,0.0164,0.2648
HEARTS FIVE SPADES FIVE,0.4864,0.004,0.5096
HEARTS SIX CLUBS KING,0.6434,0.0032,0.3534
SPADES QUEEN CLUBS FOUR,0.6392,0.0022,0.3586
CLUBS KING CLUBS QUEEN,0.5426,0.005,0.4524
SPADES KING HEARTS EIGHT,0.6676,0.0042,0.3282
SPADES TEN DIAMONDS SEVEN,0.717,0.0236,0.2594
CLUBS SEVEN HEARTS EIGHT,0.6356,0.0034,0.361
HEARTS SIX SPADES TWO,0.6686,0.0044,0.327
SPADES SEVEN HEARTS QUEEN,0.6406,0.0042,0.3552
CLUBS JACK HEARTS FOUR,0.6582,0.0038,0.338
SPADES JACK SPADES FOUR,0.593,0.0034,0.4036
CLUBS EIGHT HEARTS QUEEN,0.6322,0.003,0.3648
CLUBS THREE HEARTS QUEEN,0.6562,0.0042,0.3396
HEARTS SEVEN CLUBS THREE,0.652,0.005,0.343
HEARTS TWO DIAMONDS TEN,0.7666,0.0286,0.2048
HEARTS THREE DIAMONDS SIX,0.651,0.005,0.344
HEARTS FIVE DIAMONDS QUEEN,0.6538,0.0042,0.342
HEARTS ACE SPADES TWO,0.6336,0.1168,0.2496
SPADES EIGHT CLUBS FOUR,0.6638,0.005,0.3312
CLUBS TEN CLUBS KING,0.6788,0.0184,0.3028
SPADES NINE HEARTS KING,0.639,0.004,0.357
SPADES TEN CLUBS TWO,0.7504,0.0254,0.2242
SPADES ACE SPADES EIGHT,0.6114,0.1188,0.2698
DIAMONDS JACK HEARTS ACE,0.2246,0.0946,0.6808
CLUBS JACK CLUBS SIX,0.6242,0.0046,0.3712
SPADES THREE HEARTS QUEEN,0.6394,0.007,0.3536
CLUBS NINE CLUBS QUEEN,0.5858,0.0052,0.409
CLUBS EIGHT HEARTS TWO,0.685,0.0042,0.3108
DIAMONDS NINE HEARTS EIGHT,0.6304,0.0064,0.3632
DIAMONDS TWO CLUBS SEVEN,0.6764,0.0038,0.3198
DIAMONDS TWO CLUBS TWO,0.4838,0.007,0.5092
SPADES KING SPADES FIVE,0.6026,0.0058,0.3916
SPADES KING HEARTS TWO,0.6538,0.0036,0.3426
CLUBS THREE DIAMONDS SIX,0.6586,0.0048,0.3366
SPADES JACK SPADES EIGHT,0.5828,0.0046,0.4126
SPADES SIX CLUBS THREE,0.653,0.004,0.343
CLUBS SEVEN SPADES SEVEN,0.4774,0.003,0.5196
HEARTS KING HEARTS NINE,0.6118,0.0068,0.3814
HEARTS SIX CLUBS QUEEN,0.6444,0.0054,0.3502
HEARTS SIX HEARTS JACK,0.6188,0.005,0.3762
SPADES NINE SPADES TWO,0.6342,0.0032,0.3626
SPADES FOUR HEARTS ACE,0.6246,0.1204,0.255
HEARTS THREE DIAMONDS QUEEN,0.6522,0.0046,0.3432
CLUBS TWO DIAMONDS FIVE,0.66,0.0042,0.3358
DIAMONDS SEVEN HEARTS EIGHT,0.6366,0.0046,0.3588
HEARTS THREE DIAMONDS NINE,0.679,0.0058,0.3152
DIAMONDS THREE SPADES JACK,0.668,0.003,0.329
CLUBS JACK HEARTS QUEEN,0.585,0.006,0.409
CLUBS JACK DIAMONDS FOUR,0.6582,0.0044,0.3374
SPADES ACE SPADES JACK,0.2206,0.0894,0.69
DIAMONDS TEN SPADES THREE,0.7498,0.0278,0.2224
SPADES ACE HEARTS NINE,0.66,0.1174,0.2226
DIAMONDS TWO DIAMONDS JACK,0.6132,0.0034,0.3834
CLUBS JACK SPADES SIX,0.6498,0.0026,0.3476
SPADES NINE HEARTS QUEEN,0.636,0.0048,0.3592
CLUBS TEN CLUBS TWO,0.7158,0.0264,0.2578
DIAMONDS THREE SPADES EIGHT,0.6982,0.003,0.2988
SPADES ACE SPADES TEN,0.0184,0.9144,0.0672
CLUBS FIVE DIAMONDS TEN,0.759,0.0244,0.2166
SPADES NINE CLUBS ACE,0.6514,0.1162,0.2324
DIAMONDS KING SPADES THREE,0.6656,0.0032,0.3312
SPADES NINE SPADES SIX,0.6148,0.0028,0.3824
HEARTS TWO DIAMONDS FIVE,0.6558,0.0046,0.3396
CLUBS JACK SPADES QUEEN,0.583,0.0052,0.4118
CLUBS FIVE DIAMONDS FIVE,0.4812,0.0042,0.5146
CLUBS TWO SPADES TWO,0.4642,0.0056,0.5302
SPADES SEVEN HEARTS JACK,0.6262,0.0026,0.3712
SPADES JACK HEARTS TWO,0.6618,0.0058,0.3324
CLUBS TEN DIAMONDS NINE,0.7204,0.0178,0.2618
SPADES KING HEARTS JACK,0.597,0.0048,0.3982
SPADES SEVEN CLUBS FOUR,0.648,0.0058,0.3462
DIAMONDS TWO CLUBS ACE,0.6474,0.119,0.2336
HEARTS FOUR HEARTS JACK,0.6274,0.004,0.3686
CLUBS THREE DIAMONDS JACK,0.6654,0.0048,0.3298
SPADES QUEEN DIAMONDS EIGHT,0.6566,0.0032,0.3402
SPADES NINE HEARTS EIGHT,0.6442,0.0056,0.3502
HEARTS TWO CLUBS TWO,0.4756,0.004,0.5204
HEARTS FIVE SPADES JACK,0.666,0.0032,0.3308
SPADES TEN DIAMONDS KING,0.7444,0.0164,0.2392
DIAMONDS THREE DIAMONDS SEVEN,0.638,0.005,0.357
HEARTS SEVEN SPADES KING,0.6552,0.0042,0.3406
HEARTS SEVEN SPADES EIGHT,0.6176,0.0034,0.379
CLUBS EIGHT HEARTS ACE,0.642,0.1234,0.2346
HEARTS SIX SPADES JACK,0.6486,0.0042,0.3472
SPADES QUEEN SPADES SEVEN,0.6062,0.0028,0.391
CLUBS EIGHT SPADES FIVE,0.6444,0.0032,0.3524
CLUBS JACK HEARTS EIGHT,0.6412,0.006,0.3528
CLUBS SIX CLUBS THREE,0.6178,0.007,0.3752
DIAMONDS THREE CLUBS QUEEN,0.66,0.0088,0.3312
DIAMONDS THREE CLUBS TWO,0.6556,0.005,0.3394
CLUBS JACK CLUBS NINE,0.573,0.0042,0.4228
DIAMONDS KING DIAMONDS TEN,0.6996,0.0188,0.2816
CLUBS TWO HEARTS QUEEN,0.6584,0.0048,0.3368
HEARTS JACK HEARTS EIGHT,0.5946,0.0038,0.4016
SPADES TEN SPADES EIGHT,0.6584,0.0256,0.316
SPADES QUEEN CLUBS THREE,0.6524,0.0046,0.343
CLUBS ACE DIAMONDS FOUR,0.6372,0.1132,0.2496
CLUBS FIVE SPADES TWO,0.6536,0.004,0.3424
SPADES THREE HEARTS EIGHT,0.6714,0.0044,0.3242
HEARTS SEVEN CLUBS EIGHT,0.6354,0.0046,0.36
DIAMONDS SEVEN HEARTS NINE,0.651,0.0044,0.3446
SPADES SEVEN CLUBS KING,0.6488,0.0026,0.3486
CLUBS FIVE DIAMONDS EIGHT,0.662,0.0032,0.3348
HEARTS ACE HEARTS JACK,0.2264,0.0878,0.6858
HEARTS FOUR HEARTS QUEEN,0.6144,0.0046,0.381
CLUBS JACK SPADES THREE,0.67,0.004,0.326
DIAMONDS THREE HEARTS SIX,0.6634,0.006,0.3306
SPADES KING SPADES THREE,0.6208,0.0036,0.3756
SPADES TEN CLUBS THREE,0.755,0.0274,0.2176
SPADES FIVE HEARTS NINE,0.6676,0.0042,0.3282
HEARTS SIX DIAMONDS JACK,0.6566,0.0036,0.3398
CLUBS FOUR DIAMONDS FOUR,0.4862,0.005,0.5088
CLUBS SIX CLUBS QUEEN,0.596,0.0032,0.4008
SPADES JACK HEARTS ACE,0.234,0.0914,0.6746
SPADES TEN SPADES SEVEN,0.6724,0.0206,0.307
HEARTS SIX HEARTS NINE,0.6228,0.0044,0.3728
CLUBS JACK SPADES JACK,0.302,0.0052,0.6928
DIAMONDS JACK DIAMONDS TEN,0.6762,0.0156,0.3082
HEARTS FIVE CLUBS FIVE,0.4814,0.0042,0.5144
DIAMONDS THREE HEARTS JACK,0.6556,0.0036,0.3408
SPADES QUEEN HEARTS ACE,0.236,0.0652,0.6988
DIAMONDS TEN HEARTS QUEEN,0.7196,0.0216,0.2588
HEARTS ACE DIAMONDS NINE,0.6538,0.1202,0.226
DIAMONDS QUEEN SPADES FIVE,0.6396,0.0054,0.355
DIAMONDS JACK DIAMONDS EIGHT,0.597,0.0034,0.3996
SPADES SEVEN HEARTS EIGHT,0.6198,0.0052,0.375
SPADES FOUR HEARTS JACK,0.635,0.0054,0.3596
CLUBS SEVEN CLUBS KING,0.612,0.0036,0.3844
SPADES EIGHT CLUBS ACE,0.638,0.116,0.246
CLUBS JACK HEARTS THREE,0.6604,0.0058,0.3338
DIAMONDS NINE SPADES TWO,0.6878,0.0036,0.3086
HEARTS FOUR CLUBS TWO,0.6428,0.0068,0.3504
CLUBS THREE DIAMONDS TEN,0.751,0.0268,0.2222
SPADES NINE SPADES THREE,0.6462,0.003,0.3508
CLUBS EIGHT SPADES THREE,0.6812,0.004,0.3148
SPADES KING CLUBS KING,0.2918,0.004,0.7042
SPADES SEVEN HEARTS NINE,0.6452,0.0052,0.3496
CLUBS FOUR CLUBS KING,0.6038,0.0034,0.3928
CLUBS SIX SPADES THREE,0.6508,0.0026,0.3466
CLUBS JACK HEARTS SEVEN,0.6396,0.0042,0.3562
CLUBS EIGHT DIAMONDS TEN,0.7144,0.0182,0.2674
CLUBS FOUR HEARTS EIGHT,0.6774,0.0044,0.3182
CLUBS TEN SPADES EIGHT,0.7034,0.0188,0.2778
SPADES ACE CLUBS SEVEN,0.6288,0.1278,0.2434
CLUBS TEN CLUBS QUEEN,0.6716,0.0202,0.3082
DIAMONDS KING CLUBS THREE,0.6528,0.0058,0.3414
CLUBS TEN HEARTS THREE,0.7564,0.025,0.2186
CLUBS NINE SPADES JACK,0.623,0.0038,0.3732
DIAMONDS TWO CLUBS FIVE,0.649,0.0026,0.3484
SPADES NINE CLUBS TWO,0.6792,0.0044,0.3164
SPADES SIX DIAMONDS SEVEN,0.6386,0.003,0.3584
SPADES SEVEN HEARTS KING,0.6562,0.0034,0.3404
CLUBS FOUR HEARTS KING,0.6392,0.0074,0.3534
SPADES TEN DIAMONDS EIGHT,0.7106,0.0212,0.2682
CLUBS SEVEN CLUBS QUEEN,0.6056,0.0032,0.3912
HEARTS SIX CLUBS THREE,0.6616,0.004,0.3344
CLUBS FOUR SPADES SIX,0.63,0.004,0.366
DIAMONDS SEVEN DIAMONDS SIX,0.607,0.0076,0.3854
CLUBS TEN SPADES TEN,0.3116,0.0242,0.6642
SPADES ACE HEARTS JACK,0.218,0.0856,0.6964
CLUBS FOUR DIAMONDS TEN,0.7564,0.0232,0.2204
DIAMONDS THREE CLUBS EIGHT,0.6846,0.0054,0.31
DIAMONDS THREE SPADES NINE,0.6768,0.005,0.3182
HEARTS QUEEN HEARTS NINE,0.5954,0.0038,0.4008
HEARTS TWO SPADES FIVE,0.664,0.0048,0.3312
DIAMONDS THREE DIAMONDS SIX,0.649,0.0032,0.3478
SPADES FOUR HEARTS QUEEN,0.6386,0.0032,0.3582
HEARTS FOUR SPADES THREE,0.6418,0.005,0.3532
SPADES JACK CLUBS FOUR,0.6444,0.0044,0.3512
CLUBS EIGHT CLUBS THREE,0.634,0.0046,0.3614
DIAMONDS TWO DIAMONDS NINE,0.6532,0.0058,0.341
SPADES NINE CLUBS QUEEN,0.6256,0.0034,0.371
HEARTS TWO DIAMONDS FOUR,0.6668,0.0056,0.3276
HEARTS FOUR SPADES NINE,0.6822,0.0058,0.312
HEARTS TWO DIAMONDS JACK,0.6616,0.0054,0.333
SPADES FIVE HEARTS JACK,0.6486,0.005,0.3464
DIAMONDS THREE HEARTS QUEEN,0.6532,0.0064,0.3404
SPADES ACE HEARTS SIX,0.6558,0.1184,0.2258
SPADES NINE DIAMONDS EIGHT,0.633,0.0048,0.3622
HEARTS TWO DIAMONDS KING,0.6574,0.005,0.3376
CLUBS EIGHT DIAMONDS FOUR,0.6658,0.0022,0.332
SPADES QUEEN SPADES SIX,0.6024,0.0042,0.3934
SPADES TWO DIAMONDS FOUR,0.6636,0.0024,0.334
SPADES JACK DIAMONDS TEN,0.705,0.0138,0.2812
HEARTS ACE DIAMONDS SIX,0.6548,0.1194,0.2258
HEARTS SEVEN SPADES FIVE,0.6468,0.0044,0.3488
DIAMONDS KING DIAMONDS SIX,0.6118,0.0062,0.382
DIAMONDS TEN CLUBS QUEEN,0.7148,0.0174,0.2678
DIAMONDS TWO DIAMONDS FIVE,0.636,0.0052,0.3588
HEARTS ACE HEARTS NINE,0.623,0.1206,0.2564
CLUBS JACK HEARTS NINE,0.632,0.0036,0.3644
DIAMONDS KING CLUBS FOUR,0.657,0.0056,0.3374
CLUBS JACK CLUBS FIVE,0.6176,0.0046,0.3778
SPADES SIX HEARTS EIGHT,0.643,0.0038,0.3532
DIAMONDS KING HEARTS EIGHT,0.6604,0.005,0.3346
DIAMONDS TWO HEARTS JACK,0.65,0.0054,0.3446
SPADES KING DIAMONDS TWO,0.6652,0.0036,0.3312
CLUBS NINE HEARTS JACK,0.6142,0.0034,0.3824
CLUBS EIGHT SPADES NINE,0.62,0.0024,0.3776
DIAMONDS TWO SPADES SEVEN,0.6846,0.003,0.3124
CLUBS QUEEN DIAMONDS FOUR,0.6458,0.0054,0.3488
HEARTS FIVE DIAMONDS FIVE,0.4836,0.0052,0.5112
CLUBS NINE DIAMONDS JACK,0.604,0.005,0.391
SPADES QUEEN HEARTS TWO,0.666,0.0034,0.3306
DIAMONDS THREE HEARTS KING,0.6454,0.006,0.3486
DIAMONDS TWO SPADES THREE,0.6592,0.0054,0.3354
SPADES JACK CLUBS SEVEN,0.634,0.0028,0.3632
SPADES NINE DIAMONDS SEVEN,0.6444,0.0032,0.3524
CLUBS FOUR SPADES THREE,0.6546,0.003,0.3424
SPADES SIX SPADES TWO,0.6196,0.0062,0.3742
CLUBS NINE HEARTS KING,0.6324,0.0056,0.362
DIAMONDS KING CLUBS ACE,0.25,0.0472,0.7028
DIAMONDS JACK CLUBS KING,0.6082,0.0046,0.3872
HEARTS SIX HEARTS EIGHT,0.613,0.0036,0.3834
HEARTS SEVEN HEARTS THREE,0.6356,0.005,0.3594
CLUBS NINE DIAMONDS FIVE,0.6726,0.003,0.3244
CLUBS SEVEN HEARTS THREE,0.6694,0.0046,0.326
CLUBS FIVE CLUBS FOUR,0.5768,0.0034,0.4198
SPADES QUEEN CLUBS FIVE,0.6414,0.004,0.3546
SPADES SEVEN HEARTS ACE,0.6458,0.1188,0.2354
CLUBS TWO HEARTS JACK,0.6432,0.0058,0.351
CLUBS FIVE SPADES FOUR,0.6276,0.0034,0.369
DIAMONDS EIGHT CLUBS ACE,0.647,0.1234,0.2296
SPADES KING DIAMONDS QUEEN,0.5928,0.0038,0.4034
CLUBS SIX HEARTS TWO,0.6702,0.0046,0.3252
DIAMONDS THREE DIAMONDS QUEEN,0.6224,0.0042,0.3734
SPADES QUEEN DIAMONDS FIVE,0.648,0.0056,0.3464
CLUBS ACE HEARTS NINE,0.65,0.1188,0.2312
HEARTS NINE DIAMONDS FOUR,0.6826,0.004,0.3134
CLUBS JACK CLUBS ACE,0.2292,0.0836,0.6872
SPADES THREE HEARTS JACK,0.6368,0.0052,0.358
DIAMONDS TEN CLUBS KING,0.7414,0.0198,0.2388
DIAMONDS TWO DIAMONDS TEN,0.7382,0.023,0.2388
HEARTS FOUR DIAMONDS FIVE,0.6418,0.005,0.3532
HEARTS SEVEN HEARTS QUEEN,0.6164,0.0042,0.3794
DIAMONDS TEN DIAMONDS SIX,0.6998,0.026,0.2742
DIAMONDS EIGHT DIAMONDS FOUR,0.6288,0.0052,0.366
DIAMONDS NINE HEARTS KING,0.6564,0.0032,0.3404
SPADES JACK DIAMONDS FOUR,0.6472,0.004,0.3488
CLUBS SIX DIAMONDS JACK,0.6628,0.0042,0.333
CLUBS THREE CLUBS TWO,0.6096,0.0074,0.383
CLUBS FOUR SPADES TWO,0.6434,0.005,0.3516
HEARTS QUEEN HEARTS JACK,0.5436,0.0052,0.4512
CLUBS TWO HEARTS NINE,0.6892,0.0052,0.3056
SPADES QUEEN SPADES FOUR,0.605,0.0036,0.3914
CLUBS TEN HEARTS ACE,0.0086,0.9728,0.0186
CLUBS NINE CLUBS SEVEN,0.5964,0.0038,0.3998
HEARTS THREE DIAMONDS JACK,0.658,0.0034,0.3386
CLUBS THREE HEARTS KING,0.645,0.0044,0.3506
HEARTS TWO DIAMONDS SEVEN,0.6828,0.005,0.3122
SPADES JACK DIAMONDS EIGHT,0.6304,0.0046,0.365
HEARTS ACE HEARTS EIGHT,0.6076,0.1212,0.2712
SPADES ACE DIAMONDS JACK,0.2314,0.0944,0.6742
CLUBS EIGHT SPADES SIX,0.651,0.005,0.344
CLUBS EIGHT DIAMONDS QUEEN,0.6424,0.0032,0.3544
DIAMONDS TEN DIAMONDS SEVEN,0.6956,0.0238,0.2806
DIAMONDS JACK DIAMONDS NINE,0.5948,0.0054,0.3998
SPADES FOUR HEARTS EIGHT,0.6608,0.0044,0.3348
SPADES QUEEN DIAMONDS JACK,0.586,0.0046,0.4094
SPADES NINE DIAMONDS SIX,0.663,0.0036,0.3334
CLUBS SIX DIAMONDS KING,0.653,0.003,0.344
SPADES ACE CLUBS FIVE,0.6358,0.112,0.2522
SPADES SEVEN CLUBS QUEEN,0.6548,0.0026,0.3426
CLUBS JACK DIAMONDS JACK,0.3158,0.0022,0.682
SPADES FOUR DIAMONDS FOUR,0.4868,0.0052,0.508
SPADES THREE DIAMONDS SEVEN,0.6714,0.0046,0.324
SPADES JACK CLUBS SIX,0.6468,0.0032,0.35
CLUBS JACK DIAMONDS SIX,0.6578,0.0056,0.3366
DIAMONDS NINE CLUBS ACE,0.6628,0.1218,0.2154
SPADES ACE HEARTS FOUR,0.6276,0.1236,0.2488
SPADES TWO DIAMONDS SEVEN,0.6856,0.0056,0.3088
CLUBS TEN CLUBS THREE,0.7076,0.024,0.2684
SPADES EIGHT CLUBS QUEEN,0.6374,0.0024,0.3602
HEARTS SEVEN DIAMONDS TWO,0.6788,0.0048,0.3164
CLUBS EIGHT DIAMONDS KING,0.6588,0.0028,0.3384
DIAMONDS QUEEN CLUBS THREE,0.6672,0.0044,0.3284
SPADES SEVEN DIAMONDS SEVEN,0.481,0.003,0.516
CLUBS JACK DIAMONDS NINE,0.6134,0.0052,0.3814
SPADES EIGHT DIAMONDS FOUR,0.6668,0.0044,0.3288
SPADES SIX DIAMONDS FIVE,0.6402,0.004,0.3558
HEARTS SIX SPADES FOUR,0.6426,0.005,0.3524
DIAMONDS QUEEN DIAMONDS NINE,0.6048,0.0046,0.3906
SPADES KING HEARTS ACE,0.2472,0.0462,0.7066
CLUBS KING HEARTS NINE,0.6372,0.0056,0.3572
HEARTS FIVE HEARTS QUEEN,0.6208,0.0056,0.3736
SPADES QUEEN DIAMONDS QUEEN,0.3038,0.0046,0.6916
HEARTS SIX DIAMONDS NINE,0.6642,0.0038,0.332
DIAMONDS JACK SPADES FIVE,0.6458,0.0036,0.3506
CLUBS JACK SPADES NINE,0.6236,0.0034,0.373
CLUBS JACK SPADES TWO,0.6574,0.0036,0.339
DIAMONDS NINE DIAMONDS SEVEN,0.613,0.0046,0.3824
SPADES JACK HEARTS EIGHT,0.6278,0.0054,0.3668
CLUBS JACK DIAMONDS TWO,0.6552,0.004,0.3408
HEARTS QUEEN DIAMONDS FOUR,0.6478,0.0062,0.346
HEARTS THREE HEARTS EIGHT,0.6566,0.0052,0.3382
SPADES EIGHT SPADES TWO,0.6322,0.0036,0.3642
DIAMONDS THREE CLUBS TEN,0.7552,0.028,0.2168
HEARTS SIX HEARTS TWO,0.65,0.005,0.345
HEARTS SEVEN DIAMONDS TEN,0.7348,0.0224,0.2428
DIAMONDS THREE SPADES THREE,0.4908,0.0038,0.5054
SPADES TEN CLUBS SIX,0.7318,0.0256,0.2426
HEARTS THREE HEARTS TWO,0.6196,0.0068,0.3736
DIAMONDS JACK DIAMONDS SIX,0.622,0.0036,0.3744
DIAMONDS KING DIAMONDS SEVEN,0.6254,0.0032,0.3714
DIAMONDS JACK DIAMONDS SEVEN,0.6104,0.0048,0.3848
CLUBS TEN DIAMONDS EIGHT,0.728,0.0216,0.2504
HEARTS SIX DIAMONDS FIVE,0.6356,0.0054,0.359
SPADES KING HEARTS FIVE,0.641,0.0054,0.3536
SPADES THREE CLUBS KING,0.6496,0.0036,0.3468
SPADES FIVE DIAMONDS NINE,0.6622,0.0042,0.3336
HEARTS NINE HEARTS EIGHT,0.5926,0.0056,0.4018
DIAMONDS THREE CLUBS FIVE,0.6364,0.0042,0.3594
HEARTS SIX HEARTS FIVE,0.5998,0.005,0.3952
DIAMONDS KING SPADES FIVE,0.6472,0.004,0.3488
HEARTS FOUR CLUBS FIVE,0.6216,0.0072,0.3712
CLUBS EIGHT SPADES EIGHT,0.4658,0.0024,0.5318
HEARTS SIX DIAMONDS SIX,0.4882,0.0036,0.5082
HEARTS THREE DIAMONDS SEVEN,0.674,0.0064,0.3196
CLUBS FIVE CLUBS THREE,0.5928,0.005,0.4022
SPADES SIX CLUBS TWO,0.672,0.004,0.324
CLUBS NINE DIAMONDS FOUR,0.6836,0.0042,0.3122
DIAMONDS THREE DIAMONDS JACK,0.6198,0.005,0.3752
DIAMONDS TWO DIAMONDS FOUR,0.6258,0.005,0.3692
DIAMONDS TWO HEARTS THREE,0.6692,0.007,0.3238
SPADES QUEEN HEARTS NINE,0.6388,0.0064,0.3548
DIAMONDS QUEEN DIAMONDS TEN,0.6884,0.0172,0.2944
CLUBS SEVEN CLUBS FOUR,0.6188,0.0032,0.378
SPADES KING DIAMONDS TEN,0.738,0.0194,0.2426
DIAMONDS QUEEN CLUBS KING,0.587,0.0046,0.4084
SPADES SIX SPADES THREE,0.618,0.0034,0.3786
HEARTS SIX SPADES FIVE,0.6456,0.0054,0.349
HEARTS SEVEN SPADES THREE,0.6684,0.0046,0.327
DIAMONDS THREE HEARTS TWO,0.6668,0.0038,0.3294
SPADES ACE SPADES SEVEN,0.6038,0.1112,0.285
CLUBS TWO CLUBS QUEEN,0.6002,0.0036,0.3962
SPADES TEN HEARTS QUEEN,0.7156,0.018,0.2664
SPADES NINE CLUBS KING,0.6388,0.0032,0.358
CLUBS NINE DIAMONDS KING,0.6484,0.0038,0.3478
HEARTS SEVEN DIAMONDS FIVE,0.6458,0.0046,0.3496
HEARTS QUEEN DIAMONDS FIVE,0.6354,0.0048,0.3598
HEARTS FIVE SPADES SIX,0.631,0.0044,0.3646
CLUBS NINE CLUBS KING,0.6108,0.0054,0.3838
SPADES EIGHT SPADES SIX,0.5944,0.004,0.4016
SPADES FOUR CLUBS QUEEN,0.6464,0.0022,0.3514
SPADES QUEEN DIAMONDS SEVEN,0.6564,0.0038,0.3398
CLUBS SIX DIAMONDS NINE,0.6598,0.003,0.3372
HEARTS FOUR HEARTS NINE,0.6412,0.006,0.3528
CLUBS JACK DIAMONDS EIGHT,0.6382,0.0038,0.358
HEARTS EIGHT DIAMONDS FOUR,0.6728,0.0046,0.3226
SPADES FIVE DIAMONDS FOUR,0.6242,0.006,0.3698
DIAMONDS TEN DIAMONDS NINE,0.6822,0.0224,0.2954
SPADES QUEEN CLUBS NINE,0.6164,0.0044,0.3792
DIAMONDS QUEEN HEARTS QUEEN,0.2952,0.0054,0.6994
SPADES QUEEN CLUBS QUEEN,0.2996,0.0034,0.697
SPADES FIVE HEARTS KING,0.646,0.0038,0.3502
CLUBS SEVEN DIAMONDS JACK,0.649,0.0056,0.3454
CLUBS TEN CLUBS FOUR,0.7204,0.0178,0.2618
CLUBS SIX HEARTS ACE,0.6534,0.1158,0.2308
CLUBS SEVEN SPADES EIGHT,0.6222,0.0042,0.3736
SPADES JACK HEARTS NINE,0.6304,0.0028,0.3668
SPADES TEN SPADES NINE,0.6564,0.0206,0.323
CLUBS FIVE SPADES THREE,0.6378,0.0042,0.358
CLUBS SIX HEARTS NINE,0.6514,0.005,0.3436
HEARTS THREE HEARTS NINE,0.6332,0.0034,0.3634
SPADES NINE DIAMONDS KING,0.65,0.0048,0.3452
CLUBS TEN CLUBS FIVE,0.6962,0.024,0.2798
DIAMONDS SEVEN DIAMONDS FIVE,0.613,0.005,0.382
HEARTS TWO CLUBS ACE,0.6488,0.1174,0.2338
DIAMONDS THREE CLUBS KING,0.6422,0.0038,0.354
SPADES KING SPADES SIX,0.6062,0.0026,0.3912
SPADES NINE SPADES FIVE,0.6096,0.0042,0.3862
SPADES SEVEN CLUBS ACE,0.6436,0.1206,0.2358
HEARTS SIX SPADES EIGHT,0.6516,0.0044,0.344
HEARTS FOUR DIAMONDS NINE,0.6816,0.0048,0.3136
DIAMONDS QUEEN DIAMONDS EIGHT,0.6038,0.0032,0.393
CLUBS TEN DIAMONDS SIX,0.7354,0.03,0.2346
HEARTS THREE CLUBS QUEEN,0.6476,0.006,0.3464
SPADES FOUR SPADES TWO,0.6156,0.0058,0.3786
DIAMONDS THREE CLUBS ACE,0.639,0.1212,0.2398
DIAMONDS JACK HEARTS KING,0.5882,0.0042,0.4076
SPADES ACE DIAMONDS EIGHT,0.649,0.1198,0.2312
CLUBS JACK CLUBS QUEEN,0.538,0.0048,0.4572
HEARTS SIX SPADES TEN,0.74,0.021,0.239
SPADES TWO DIAMONDS FIVE,0.6536,0.0058,0.3406
HEARTS KING CLUBS QUEEN,0.587,0.006,0.407
HEARTS ACE HEARTS KING,0.2354,0.046,0.7186
DIAMONDS THREE SPADES FIVE,0.6444,0.004,0.3516
HEARTS THREE CLUBS KING,0.6548,0.0044,0.3408
HEARTS ACE DIAMONDS FOUR,0.6226,0.1252,0.2522
SPADES EIGHT DIAMONDS SIX,0.6374,0.0034,0.3592
CLUBS EIGHT CLUBS SIX,0.6008,0.004,0.3952
CLUBS TEN DIAMONDS SEVEN,0.7294,0.0226,0.248
SPADES SEVEN DIAMONDS NINE,0.636,0.0016,0.3624
CLUBS JACK CLUBS KING,0.5524,0.006,0.4416
SPADES ACE DIAMONDS SIX,0.66,0.119,0.221
CLUBS EIGHT DIAMONDS NINE,0.6314,0.0036,0.365
DIAMONDS THREE SPADES FOUR,0.6386,0.0038,0.3576
CLUBS EIGHT DIAMONDS FIVE,0.6508,0.0046,0.3446
CLUBS THREE SPADES FOUR,0.6332,0.0044,0.3624
DIAMONDS KING DIAMONDS JACK,0.5736,0.0068,0.4196
HEARTS SEVEN SPADES QUEEN,0.6474,0.003,0.3496
HEARTS FIVE SPADES FOUR,0.6252,0.0052,0.3696
SPADES QUEEN HEARTS QUEEN,0.2926,0.0026,0.7048
HEARTS FIVE DIAMONDS SIX,0.6448,0.0046,0.3506
SPADES KING SPADES FOUR,0.6132,0.005,0.3818
CLUBS SIX CLUBS FOUR,0.5958,0.0048,0.3994
