opposingHand,winningChance,drawChance,lostChance
DIAMONDS TWO SPADES QUEEN
HEARTS FIVE SPADES TEN,0.589,0.0094,0.4016
HEARTS FIVE SPADES JACK,0.5958,0.0138,0.3904
SPADES FIVE CLUBS JACK,0.5784,0.0132,0.4084
CLUBS TEN SPADES FIVE,0.5962,0.014,0.3898
CLUBS EIGHT CLUBS JACK,0.54,0.011,0.449
CLUBS TEN CLUBS EIGHT,0.512,0.0124,0.4756
CLUBS EIGHT CLUBS KING,0.332,0.0052,0.6628
SPADES FIVE CLUBS ACE,0.349,0.0084,0.6426
CLUBS EIGHT CLUBS QUEEN,0.2276,0.2124,0.56
SPADES FIVE CLUBS KING,0.3536,0.0098,0.6366
SPADES FIVE CLUBS QUEEN,0.2216,0.4666,0.3118
CLUBS EIGHT CLUBS ACE,0.3414,0.0034,0.6552
HEARTS FIVE SPADES KING,0.334,0.0086,0.6574
SPADES ACE HEARTS FIVE,0.3436,0.0078,0.6486
DIAMONDS THREE DIAMONDS FOUR,0.5394,0.0158,0.4448
SPADES FOUR CLUBS TWO,0.6958,0.046,0.2582
DIAMONDS THREE DIAMONDS FIVE,0.534,0.0146,0.4514
SPADES FIVE CLUBS TWO,0.6874,0.0412,0.2714
CLUBS TWO SPADES TWO,0.2994,0.0274,0.6732
CLUBS TWO SPADES THREE,0.7056,0.0356,0.2588
DIAMONDS THREE DIAMONDS EIGHT,0.5702,0.013,0.4168
SPADES EIGHT CLUBS TWO,0.7186,0.0412,0.2402
DIAMONDS THREE DIAMONDS NINE,0.5604,0.0158,0.4238
SPADES NINE CLUBS TWO,0.7274,0.0402,0.2324
DIAMONDS THREE DIAMONDS SIX,0.5508,0.0154,0.4338
SPADES SIX CLUBS TWO,0.7284,0.0374,0.2342
DIAMONDS THREE DIAMONDS SEVEN,0.5568,0.0152,0.428
SPADES SEVEN CLUBS TWO,0.7356,0.0362,0.2282
CLUBS SIX CLUBS TWO,0.6724,0.0322,0.2954
CLUBS SEVEN CLUBS TWO,0.6828,0.0332,0.284
CLUBS FOUR CLUBS TWO,0.6578,0.0384,0.3038
CLUBS FIVE CLUBS TWO,0.6586,0.0398,0.3016
CLUBS TEN CLUBS JACK,0.5044,0.0106,0.485
DIAMONDS FOUR DIAMONDS SIX,0.5288,0.0132,0.458
CLUBS TEN CLUBS QUEEN,0.2138,0.111,0.6752
DIAMONDS FOUR DIAMONDS SEVEN,0.5386,0.0158,0.4456
CLUBS TEN CLUBS KING,0.3138,0.0076,0.6786
CLUBS TEN CLUBS ACE,0.3228,0.004,0.6732
CLUBS EIGHT CLUBS TWO,0.6738,0.038,0.2882
DIAMONDS FOUR DIAMONDS FIVE,0.5318,0.0144,0.4538
CLUBS NINE CLUBS TWO,0.6754,0.0356,0.289
DIAMONDS FOUR DIAMONDS NINE,0.573,0.011,0.416
DIAMONDS FOUR DIAMONDS EIGHT,0.5584,0.013,0.4286
CLUBS THREE CLUBS TWO,0.6452,0.0416,0.3132
DIAMONDS NINE DIAMONDS FIVE,0.5484,0.0124,0.4392
DIAMONDS FIVE DIAMONDS EIGHT,0.5242,0.0118,0.464
DIAMONDS FIVE DIAMONDS SEVEN,0.5358,0.0128,0.4514
DIAMONDS SIX DIAMONDS FIVE,0.5168,0.0126,0.4706
DIAMONDS SIX DIAMONDS EIGHT,0.5294,0.0118,0.4588
DIAMONDS NINE DIAMONDS SIX,0.5256,0.0138,0.4606
HEARTS ACE SPADES THREE,0.3366,0.0048,0.6586
SPADES THREE HEARTS KING,0.3566,0.0102,0.6332
DIAMONDS SIX DIAMONDS SEVEN,0.5134,0.0112,0.4754
SPADES THREE HEARTS QUEEN,0.2168,0.524,0.2592
SPADES THREE HEARTS JACK,0.6038,0.0124,0.3838
SPADES THREE HEARTS TEN,0.6024,0.013,0.3846
DIAMONDS EIGHT DIAMONDS SEVEN,0.5176,0.0122,0.4702
DIAMONDS NINE DIAMONDS SEVEN,0.5312,0.0116,0.4572
DIAMONDS NINE DIAMONDS EIGHT,0.5122,0.0092,0.4786
DIAMONDS KING HEARTS TEN,0.3106,0.0072,0.6822
HEARTS THREE HEARTS TEN,0.5504,0.0118,0.4378
SPADES JACK CLUBS SIX,0.5856,0.013,0.4014
DIAMONDS KING HEARTS JACK,0.3236,0.0078,0.6686
HEARTS THREE HEARTS JACK,0.5556,0.0116,0.4328
SPADES TEN CLUBS SIX,0.5748,0.0112,0.414
SPADES JACK SPADES FIVE,0.5672,0.0148,0.418
SPADES TEN SPADES FIVE,0.5712,0.0108,0.418
DIAMONDS KING HEARTS ACE,0.309,0.0038,0.6872
HEARTS THREE HEARTS ACE,0.3134,0.0052,0.6814
SPADES ACE CLUBS SIX,0.3478,0.005,0.6472
DIAMONDS KING HEARTS QUEEN,0.2074,0.029,0.7636
HEARTS THREE HEARTS QUEEN,0.2174,0.48,0.3026
SPADES KING CLUBS SIX,0.3524,0.0084,0.6392
DIAMONDS KING HEARTS KING,0.1156,0.0026,0.8818
HEARTS THREE HEARTS KING,0.3348,0.01,0.6552
SPADES NINE HEARTS TEN,0.5514,0.0078,0.4408
SPADES NINE HEARTS JACK,0.5538,0.0102,0.436
SPADES KING SPADES FIVE,0.3392,0.0108,0.65
SPADES ACE SPADES FIVE,0.3244,0.0056,0.67
SPADES NINE HEARTS QUEEN,0.2354,0.1594,0.6052
SPADES NINE HEARTS KING,0.36,0.0074,0.6326
SPADES NINE HEARTS ACE,0.3612,0.0048,0.634
CLUBS TEN SPADES JACK,0.5404,0.012,0.4476
CLUBS TEN SPADES TEN,0.2726,0.0152,0.7122
SPADES ACE CLUBS TEN,0.3322,0.0074,0.6604
SPADES KING CLUBS TEN,0.3332,0.0084,0.6584
SPADES FIVE HEARTS QUEEN,0.2148,0.4656,0.3196
SPADES FIVE HEARTS KING,0.3584,0.0088,0.6328
SPADES FIVE HEARTS ACE,0.3414,0.007,0.6516
SPADES JACK HEARTS THREE,0.5986,0.0174,0.384
SPADES JACK DIAMONDS KING,0.3376,0.0084,0.654
SPADES TEN CLUBS EIGHT,0.5452,0.0132,0.4416
SPADES JACK CLUBS EIGHT,0.5722,0.0084,0.4194
SPADES TEN HEARTS THREE,0.6064,0.0162,0.3774
SPADES TEN DIAMONDS KING,0.3284,0.0084,0.6632
CLUBS SIX HEARTS ACE,0.3466,0.0054,0.648
SPADES ACE CLUBS EIGHT,0.3536,0.004,0.6424
HEARTS FIVE CLUBS JACK,0.5786,0.0108,0.4106
HEARTS FIVE CLUBS TEN,0.5716,0.0128,0.4156
CLUBS SIX HEARTS QUEEN,0.228,0.375,0.397
CLUBS TEN SPADES THREE,0.607,0.0094,0.3836
CLUBS SIX HEARTS KING,0.3636,0.0084,0.628
SPADES KING CLUBS EIGHT,0.3518,0.0094,0.6388
SPADES THREE CLUBS JACK,0.598,0.0108,0.3912
SPADES THREE CLUBS QUEEN,0.2204,0.5184,0.2612
SPADES THREE CLUBS KING,0.3684,0.0126,0.619
HEARTS FIVE CLUBS ACE,0.3444,0.0036,0.652
SPADES FIVE HEARTS TEN,0.597,0.0096,0.3934
SPADES THREE CLUBS ACE,0.3458,0.0068,0.6474
HEARTS FIVE CLUBS KING,0.3496,0.007,0.6434
SPADES FIVE HEARTS JACK,0.582,0.0128,0.4052
HEARTS FIVE CLUBS QUEEN,0.225,0.4416,0.3334
HEARTS THREE CLUBS KING,0.361,0.0058,0.6332
DIAMONDS KING CLUBS KING,0.1218,0.0058,0.8724
HEARTS THREE CLUBS QUEEN,0.2208,0.5162,0.263
DIAMONDS KING CLUBS QUEEN,0.2228,0.0292,0.748
HEARTS FIVE HEARTS JACK,0.542,0.0118,0.4462
HEARTS FIVE HEARTS TEN,0.5476,0.0108,0.4416
HEARTS THREE CLUBS ACE,0.3514,0.0058,0.6428
DIAMONDS KING CLUBS ACE,0.3076,0.0036,0.6888
SPADES ACE CLUBS QUEEN,0.2126,0.0174,0.77
SPADES KING CLUBS QUEEN,0.2182,0.0276,0.7542
HEARTS THREE CLUBS JACK,0.59,0.0126,0.3974
DIAMONDS KING CLUBS JACK,0.324,0.0076,0.6684
CLUBS TEN HEARTS THREE,0.6002,0.0122,0.3876
CLUBS TEN DIAMONDS KING,0.3384,0.0072,0.6544
SPADES JACK CLUBS QUEEN,0.22,0.0936,0.6864
CLUBS SIX CLUBS QUEEN,0.2062,0.3614,0.4324
SPADES TEN CLUBS QUEEN,0.2262,0.1262,0.6476
CLUBS SIX CLUBS KING,0.3366,0.0098,0.6536
CLUBS SIX CLUBS ACE,0.3266,0.0044,0.669
HEARTS FIVE HEARTS KING,0.3312,0.0074,0.6614
HEARTS FIVE HEARTS QUEEN,0.2162,0.4198,0.364
CLUBS TEN CLUBS SIX,0.5412,0.0112,0.4476
HEARTS FIVE HEARTS ACE,0.3286,0.005,0.6664
CLUBS SIX CLUBS JACK,0.5576,0.0092,0.4332
SPADES SEVEN HEARTS JACK,0.575,0.0134,0.4116
SPADES SEVEN HEARTS TEN,0.5684,0.0132,0.4184
SPADES SEVEN HEARTS ACE,0.3582,0.0058,0.636
SPADES SEVEN HEARTS KING,0.362,0.0072,0.6308
SPADES SEVEN HEARTS QUEEN,0.2312,0.3128,0.456
CLUBS FOUR SPADES FIVE,0.5608,0.0152,0.424
CLUBS FOUR SPADES FOUR,0.331,0.0352,0.6338
CLUBS FOUR SPADES THREE,0.5778,0.0156,0.4066
CLUBS FOUR SPADES TWO,0.706,0.0384,0.2556
SPADES NINE CLUBS FOUR,0.5844,0.0126,0.403
SPADES EIGHT CLUBS FOUR,0.5834,0.0118,0.4048
SPADES SEVEN CLUBS FOUR,0.5786,0.0126,0.4088
SPADES SIX CLUBS FOUR,0.5748,0.0144,0.4108
SPADES ACE DIAMONDS SIX,0.3616,0.0052,0.6332
SPADES KING DIAMONDS SIX,0.3538,0.007,0.6392
SPADES TEN DIAMONDS SIX,0.5762,0.014,0.4098
SPADES JACK DIAMONDS SIX,0.589,0.0128,0.3982
SPADES KING SPADES TWO,0.2182,0.0334,0.7484
SPADES ACE SPADES TWO,0.2286,0.0198,0.7516
DIAMONDS JACK CLUBS JACK,0.2726,0.009,0.7184
CLUBS TEN DIAMONDS JACK,0.5234,0.0094,0.4672
DIAMONDS JACK CLUBS KING,0.3288,0.0074,0.6638
DIAMONDS JACK CLUBS QUEEN,0.226,0.095,0.679
DIAMONDS THREE DIAMONDS JACK,0.5626,0.0122,0.4252
DIAMONDS THREE DIAMONDS TEN,0.565,0.0102,0.4248
DIAMONDS JACK CLUBS ACE,0.3334,0.0044,0.6622
DIAMONDS THREE DIAMONDS KING,0.3464,0.0086,0.645
DIAMONDS THREE HEARTS THREE,0.3218,0.037,0.6412
DIAMONDS THREE DIAMONDS QUEEN,0.208,0.4936,0.2984
DIAMONDS THREE HEARTS TWO,0.694,0.0412,0.2648
HEARTS FIVE DIAMONDS THREE,0.5652,0.014,0.4208
DIAMONDS THREE DIAMONDS ACE,0.338,0.0066,0.6554
HEARTS FOUR DIAMONDS THREE,0.5652,0.0142,0.4206
HEARTS SEVEN DIAMONDS THREE,0.5854,0.0138,0.4008
SPADES TEN SPADES NINE,0.506,0.0122,0.4818
DIAMONDS THREE HEARTS SIX,0.5782,0.016,0.4058
SPADES JACK SPADES NINE,0.52,0.0138,0.4662
DIAMONDS THREE HEARTS NINE,0.5942,0.0122,0.3936
DIAMONDS FOUR HEARTS JACK,0.5942,0.0126,0.3932
HEARTS ACE HEARTS KING,0.2852,0.005,0.7098
SPADES TEN SPADES TWO,0.696,0.0396,0.2644
DIAMONDS THREE HEARTS EIGHT,0.5938,0.0128,0.3934
DIAMONDS FOUR HEARTS TEN,0.5874,0.01,0.4026
SPADES JACK SPADES TWO,0.6882,0.044,0.2678
DIAMONDS FOUR HEARTS QUEEN,0.224,0.5144,0.2616
DIAMONDS FOUR HEARTS KING,0.3552,0.0076,0.6372
SPADES ACE SPADES NINE,0.3462,0.0054,0.6484
DIAMONDS FOUR HEARTS ACE,0.347,0.0052,0.6478
SPADES KING SPADES NINE,0.3304,0.0082,0.6614
DIAMONDS THREE SPADES NINE,0.5946,0.0136,0.3918
DIAMONDS THREE SPADES EIGHT,0.601,0.0152,0.3838
DIAMONDS THREE SPADES SEVEN,0.5854,0.0162,0.3984
DIAMONDS THREE SPADES SIX,0.5844,0.0148,0.4008
DIAMONDS THREE CLUBS SIX,0.5734,0.015,0.4116
CLUBS FIVE CLUBS SIX,0.5198,0.0118,0.4684
DIAMONDS FOUR CLUBS ACE,0.3368,0.0058,0.6574
CLUBS SEVEN DIAMONDS THREE,0.5786,0.012,0.4094
CLUBS SEVEN CLUBS FIVE,0.5242,0.0124,0.4634
DIAMONDS THREE CLUBS FOUR,0.581,0.0152,0.4038
DIAMONDS FOUR CLUBS QUEEN,0.2114,0.519,0.2696
DIAMONDS THREE CLUBS FIVE,0.5652,0.0142,0.4206
DIAMONDS FOUR CLUBS KING,0.3538,0.0076,0.6386
DIAMONDS THREE CLUBS TWO,0.6952,0.04,0.2648
CLUBS TEN DIAMONDS FOUR,0.576,0.0112,0.4128
DIAMONDS THREE CLUBS THREE,0.3224,0.0352,0.6424
DIAMONDS FOUR CLUBS JACK,0.5996,0.0104,0.39
DIAMONDS THREE SPADES FOUR,0.5692,0.0174,0.4134
DIAMONDS THREE SPADES FIVE,0.5676,0.0156,0.4168
DIAMONDS THREE SPADES TWO,0.7008,0.0382,0.261
DIAMONDS THREE SPADES THREE,0.3256,0.041,0.6334
DIAMONDS THREE CLUBS EIGHT,0.596,0.0146,0.3894
CLUBS NINE DIAMONDS THREE,0.6014,0.012,0.3866
SPADES SEVEN CLUBS ACE,0.3582,0.0048,0.637
SPADES SEVEN CLUBS QUEEN,0.238,0.3052,0.4568
SPADES SEVEN CLUBS KING,0.3624,0.0084,0.6292
CLUBS FIVE SPADES SEVEN,0.5576,0.0152,0.4272
CLUBS TEN SPADES SEVEN,0.565,0.0096,0.4254
CLUBS FIVE SPADES SIX,0.5532,0.0156,0.4312
SPADES SEVEN CLUBS JACK,0.5636,0.0122,0.4242
SPADES NINE CLUBS FIVE,0.5858,0.0122,0.402
CLUBS FIVE SPADES EIGHT,0.5838,0.0152,0.401
CLUBS FIVE SPADES THREE,0.5764,0.015,0.4086
CLUBS FIVE SPADES TWO,0.687,0.0416,0.2714
CLUBS FIVE SPADES FIVE,0.3282,0.031,0.6408
CLUBS FIVE SPADES FOUR,0.5608,0.0114,0.4278
CLUBS NINE CLUBS FIVE,0.5532,0.0104,0.4364
CLUBS EIGHT CLUBS FIVE,0.5272,0.0138,0.459
CLUBS ACE CLUBS QUEEN,0.1982,0.016,0.7858
CLUBS KING CLUBS QUEEN,0.2208,0.0264,0.7528
DIAMONDS FOUR DIAMONDS TEN,0.5574,0.013,0.4296
CLUBS TEN DIAMONDS NINE,0.5362,0.0112,0.4526
DIAMONDS FOUR DIAMONDS JACK,0.569,0.0132,0.4178
DIAMONDS NINE CLUBS JACK,0.5386,0.0128,0.4486
SPADES NINE CLUBS JACK,0.546,0.0118,0.4422
CLUBS TEN SPADES NINE,0.5572,0.0096,0.4332
DIAMONDS FOUR DIAMONDS ACE,0.3352,0.0036,0.6612
HEARTS FOUR DIAMONDS FOUR,0.3238,0.0354,0.6408
DIAMONDS JACK HEARTS TEN,0.5354,0.009,0.4556
SPADES NINE CLUBS KING,0.3418,0.0058,0.6524
DIAMONDS NINE CLUBS ACE,0.3556,0.0048,0.6396
HEARTS FIVE DIAMONDS FOUR,0.5516,0.0126,0.4358
DIAMONDS JACK HEARTS JACK,0.2632,0.0104,0.7264
SPADES NINE CLUBS QUEEN,0.2216,0.166,0.6124
DIAMONDS FOUR DIAMONDS QUEEN,0.201,0.489,0.31
DIAMONDS FOUR HEARTS TWO,0.6924,0.0358,0.2718
DIAMONDS NINE CLUBS QUEEN,0.2192,0.1642,0.6166
DIAMONDS FOUR DIAMONDS KING,0.328,0.0106,0.6614
DIAMONDS FOUR HEARTS THREE,0.5634,0.0138,0.4228
SPADES NINE CLUBS ACE,0.3528,0.007,0.6402
DIAMONDS NINE CLUBS KING,0.3438,0.0074,0.6488
HEARTS ACE DIAMONDS JACK,0.3432,0.0042,0.6526
HEARTS QUEEN DIAMONDS JACK,0.2156,0.096,0.6884
HEARTS KING DIAMONDS JACK,0.3308,0.0048,0.6644
SPADES JACK SPADES SEVEN,0.5456,0.0116,0.4428
SPADES TEN SPADES SEVEN,0.5382,0.0138,0.448
CLUBS SEVEN CLUBS THREE,0.5398,0.0152,0.445
CLUBS SIX CLUBS THREE,0.5352,0.0124,0.4524
CLUBS FIVE CLUBS THREE,0.525,0.0162,0.4588
CLUBS THREE CLUBS FOUR,0.5488,0.0136,0.4376
CLUBS NINE CLUBS THREE,0.5504,0.0138,0.4358
CLUBS EIGHT CLUBS THREE,0.547,0.0126,0.4404
CLUBS THREE SPADES FIVE,0.5764,0.0126,0.411
CLUBS THREE SPADES FOUR,0.5574,0.0156,0.427
CLUBS THREE SPADES THREE,0.332,0.0374,0.6306
CLUBS THREE SPADES TWO,0.7048,0.0398,0.2554
CLUBS THREE SPADES SIX,0.581,0.0178,0.4012
SPADES SEVEN CLUBS THREE,0.5746,0.0172,0.4082
SPADES EIGHT CLUBS THREE,0.6042,0.0146,0.3812
SPADES NINE CLUBS THREE,0.5968,0.0144,0.3888
DIAMONDS FOUR SPADES TWO,0.7026,0.0412,0.2562
DIAMONDS FOUR SPADES THREE,0.5744,0.0144,0.4112
DIAMONDS FOUR SPADES FOUR,0.3356,0.0348,0.6296
DIAMONDS FOUR SPADES FIVE,0.561,0.0146,0.4244
DIAMONDS FOUR SPADES SIX,0.5738,0.0186,0.4076
DIAMONDS FOUR SPADES SEVEN,0.5572,0.0132,0.4296
DIAMONDS FOUR SPADES EIGHT,0.5858,0.0136,0.4006
DIAMONDS FOUR SPADES NINE,0.5874,0.0114,0.4012
DIAMONDS FOUR CLUBS FIVE,0.5538,0.0174,0.4288
DIAMONDS FOUR CLUBS FOUR,0.328,0.032,0.64
CLUBS SEVEN DIAMONDS FOUR,0.5616,0.0142,0.4242
DIAMONDS FOUR CLUBS SIX,0.562,0.0156,0.4224
CLUBS NINE DIAMONDS FOUR,0.5888,0.0124,0.3988
CLUBS EIGHT DIAMONDS FOUR,0.584,0.0132,0.4028
HEARTS SEVEN DIAMONDS FOUR,0.5628,0.0144,0.4228
HEARTS SIX DIAMONDS FOUR,0.5654,0.0146,0.42
DIAMONDS FOUR HEARTS NINE,0.5932,0.012,0.3948
DIAMONDS FOUR HEARTS EIGHT,0.575,0.0118,0.4132
DIAMONDS FOUR CLUBS THREE,0.5596,0.0168,0.4236
DIAMONDS FOUR CLUBS TWO,0.6904,0.0406,0.269
DIAMONDS TEN DIAMONDS FIVE,0.5578,0.013,0.4292
DIAMONDS JACK DIAMONDS FIVE,0.5538,0.0136,0.4326
DIAMONDS NINE HEARTS QUEEN,0.2282,0.1602,0.6116
DIAMONDS NINE HEARTS KING,0.3328,0.0064,0.6608
HEARTS ACE DIAMONDS NINE,0.3432,0.004,0.6528
DIAMONDS NINE HEARTS TEN,0.545,0.0124,0.4426
DIAMONDS NINE HEARTS JACK,0.5588,0.011,0.4302
DIAMONDS SIX CLUBS KING,0.3544,0.009,0.6366
DIAMONDS SIX CLUBS QUEEN,0.2144,0.3866,0.399
CLUBS ACE DIAMONDS SIX,0.354,0.005,0.641
SPADES KING DIAMONDS FOUR,0.3376,0.0088,0.6536
SPADES ACE SPADES SEVEN,0.346,0.007,0.647
DIAMONDS SIX CLUBS JACK,0.5862,0.0104,0.4034
SPADES KING SPADES SEVEN,0.3372,0.0092,0.6536
SPADES ACE DIAMONDS FOUR,0.3396,0.0062,0.6542
CLUBS TEN DIAMONDS SIX,0.5808,0.0116,0.4076
CLUBS NINE CLUBS FOUR,0.5656,0.0114,0.423
CLUBS EIGHT CLUBS FOUR,0.5348,0.0124,0.4528
SPADES JACK DIAMONDS FOUR,0.593,0.0156,0.3914
SPADES TEN DIAMONDS FOUR,0.5862,0.0136,0.4002
CLUBS FIVE CLUBS FOUR,0.5164,0.0164,0.4672
CLUBS SEVEN CLUBS FOUR,0.5398,0.0114,0.4488
CLUBS SIX CLUBS FOUR,0.5322,0.015,0.4528
CLUBS SEVEN SPADES EIGHT,0.5466,0.0148,0.4386
CLUBS SEVEN SPADES NINE,0.5606,0.01,0.4294
CLUBS SEVEN SPADES SIX,0.5494,0.0126,0.438
CLUBS SEVEN SPADES SEVEN,0.3102,0.0308,0.659
CLUBS SEVEN SPADES FIVE,0.5554,0.0112,0.4334
CLUBS SEVEN SPADES FOUR,0.5742,0.0124,0.4134
CLUBS SEVEN SPADES THREE,0.5904,0.0166,0.393
CLUBS SEVEN SPADES TWO,0.7174,0.0388,0.2438
CLUBS NINE CLUBS SEVEN,0.5144,0.0108,0.4748
CLUBS SEVEN CLUBS EIGHT,0.5138,0.0108,0.4754
HEARTS SIX DIAMONDS FIVE,0.5506,0.017,0.4324
HEARTS SEVEN DIAMONDS FIVE,0.554,0.0128,0.4332
DIAMONDS FIVE HEARTS EIGHT,0.5596,0.0072,0.4332
DIAMONDS FIVE HEARTS NINE,0.5752,0.0112,0.4136
DIAMONDS QUEEN DIAMONDS FIVE,0.2004,0.4426,0.357
HEARTS TWO DIAMONDS FIVE,0.702,0.0372,0.2608
HEARTS KING HEARTS EIGHT,0.3456,0.0076,0.6468
DIAMONDS KING DIAMONDS FIVE,0.3402,0.0076,0.6522
HEARTS THREE DIAMONDS FIVE,0.5744,0.0166,0.409
HEARTS QUEEN HEARTS EIGHT,0.2094,0.2152,0.5754
DIAMONDS ACE DIAMONDS FIVE,0.3192,0.0062,0.6746
HEARTS FOUR DIAMONDS FIVE,0.5594,0.0128,0.4278
HEARTS FIVE DIAMONDS FIVE,0.3176,0.0328,0.6496
HEARTS ACE HEARTS EIGHT,0.3438,0.0054,0.6508
CLUBS FOUR DIAMONDS FIVE,0.5536,0.0162,0.4302
CLUBS FIVE DIAMONDS FIVE,0.3166,0.0306,0.6528
CLUBS SIX DIAMONDS FIVE,0.5404,0.0156,0.444
CLUBS SEVEN DIAMONDS FIVE,0.5524,0.0142,0.4334
CLUBS TWO DIAMONDS FIVE,0.6898,0.0438,0.2664
CLUBS THREE DIAMONDS FIVE,0.5578,0.0138,0.4284
SPADES THREE DIAMONDS FIVE,0.5716,0.0126,0.4158
SPADES TWO DIAMONDS FIVE,0.6814,0.0422,0.2764
SPADES JACK DIAMONDS EIGHT,0.5618,0.0142,0.424
SPADES FIVE DIAMONDS FIVE,0.3156,0.0306,0.6538
CLUBS TEN HEARTS JACK,0.5396,0.0102,0.4502
SPADES TEN DIAMONDS EIGHT,0.5542,0.0136,0.4322
SPADES FOUR DIAMONDS FIVE,0.5612,0.0204,0.4184
HEARTS JACK CLUBS JACK,0.2878,0.0106,0.7016
HEARTS JACK CLUBS QUEEN,0.2244,0.0918,0.6838
CLUBS NINE DIAMONDS FIVE,0.573,0.0126,0.4144
CLUBS KING HEARTS JACK,0.3516,0.0042,0.6442
CLUBS EIGHT DIAMONDS FIVE,0.5872,0.0164,0.3964
CLUBS ACE HEARTS JACK,0.3502,0.0036,0.6462
SPADES SEVEN DIAMONDS FIVE,0.5374,0.0154,0.4472
SPADES KING DIAMONDS EIGHT,0.3566,0.007,0.6364
SPADES SIX DIAMONDS FIVE,0.5414,0.0158,0.4428
SPADES NINE DIAMONDS FIVE,0.5776,0.0122,0.4102
SPADES EIGHT DIAMONDS FIVE,0.5672,0.013,0.4198
SPADES ACE DIAMONDS EIGHT,0.3556,0.0028,0.6416
DIAMONDS TEN DIAMONDS SIX,0.555,0.0128,0.4322
HEARTS ACE DIAMONDS SEVEN,0.358,0.0032,0.6388
DIAMONDS JACK DIAMONDS SIX,0.57,0.0124,0.4176
HEARTS QUEEN DIAMONDS SEVEN,0.2242,0.3122,0.4636
HEARTS KING DIAMONDS SEVEN,0.361,0.0066,0.6324
DIAMONDS ACE DIAMONDS SIX,0.3352,0.0054,0.6594
HEARTS FOUR DIAMONDS SIX,0.5754,0.0144,0.4102
SPADES TWO HEARTS JACK,0.7302,0.0392,0.2306
HEARTS FIVE DIAMONDS SIX,0.5538,0.0122,0.434
SPADES TWO HEARTS TEN,0.7276,0.0368,0.2356
DIAMONDS QUEEN DIAMONDS SIX,0.2212,0.3536,0.4252
HEARTS TWO DIAMONDS SIX,0.7112,0.0374,0.2514
DIAMONDS KING DIAMONDS SIX,0.336,0.0068,0.6572
HEARTS THREE DIAMONDS SIX,0.5682,0.0176,0.4142
DIAMONDS SIX HEARTS EIGHT,0.5498,0.012,0.4382
DIAMONDS SIX HEARTS NINE,0.5574,0.0114,0.4312
HEARTS SIX DIAMONDS SIX,0.3126,0.0356,0.6518
HEARTS SEVEN DIAMONDS SIX,0.548,0.0156,0.4364
HEARTS TEN DIAMONDS SEVEN,0.5724,0.0106,0.417
CLUBS TWO DIAMONDS SIX,0.72,0.034,0.246
HEARTS JACK DIAMONDS SEVEN,0.583,0.0094,0.4076
CLUBS THREE DIAMONDS SIX,0.5756,0.017,0.4074
CLUBS SEVEN DIAMONDS SIX,0.5492,0.013,0.4378
DIAMONDS EIGHT CLUBS JACK,0.5624,0.0122,0.4254
CLUBS SIX DIAMONDS SIX,0.3104,0.0278,0.6618
CLUBS TEN DIAMONDS EIGHT,0.558,0.0094,0.4326
CLUBS FIVE DIAMONDS SIX,0.5506,0.0134,0.436
CLUBS FOUR DIAMONDS SIX,0.5648,0.0122,0.423
HEARTS ACE HEARTS JACK,0.3254,0.0044,0.6702
CLUBS ACE DIAMONDS EIGHT,0.3454,0.0046,0.65
HEARTS QUEEN HEARTS JACK,0.21,0.0812,0.7088
CLUBS KING DIAMONDS EIGHT,0.3534,0.0078,0.6388
CLUBS NINE DIAMONDS SIX,0.5744,0.0144,0.4112
HEARTS KING HEARTS JACK,0.326,0.0068,0.6672
CLUBS QUEEN DIAMONDS EIGHT,0.2212,0.224,0.5548
CLUBS EIGHT DIAMONDS SIX,0.5538,0.0132,0.433
SPADES TEN HEARTS KING,0.3398,0.0104,0.6498
SPADES FIVE DIAMONDS SIX,0.5538,0.0156,0.4306
HEARTS ACE SPADES TWO,0.2418,0.0144,0.7438
SPADES JACK HEARTS KING,0.3414,0.0066,0.652
SPADES FOUR DIAMONDS SIX,0.5712,0.0166,0.4122
SPADES THREE DIAMONDS SIX,0.5642,0.0146,0.4212
HEARTS QUEEN SPADES TWO,0.0152,0.972,0.0128
SPADES ACE SPADES KING,0.2972,0.0056,0.6972
SPADES TWO HEARTS KING,0.2416,0.0262,0.7322
SPADES TWO DIAMONDS SIX,0.7192,0.0384,0.2424
HEARTS TEN HEARTS EIGHT,0.5278,0.0108,0.4614
SPADES NINE DIAMONDS SIX,0.5626,0.0132,0.4242
HEARTS JACK HEARTS EIGHT,0.5218,0.0144,0.4638
SPADES EIGHT DIAMONDS SIX,0.5586,0.0122,0.4292
SPADES SEVEN DIAMONDS SIX,0.5478,0.0144,0.4378
SPADES SIX DIAMONDS SIX,0.3074,0.0274,0.6652
SPADES KING HEARTS KING,0.1282,0.005,0.8668
CLUBS ACE CLUBS KING,0.2924,0.0042,0.7034
SPADES ACE HEARTS KING,0.3032,0.0056,0.6912
SPADES ACE HEARTS JACK,0.338,0.0054,0.6566
SPADES KING HEARTS JACK,0.3406,0.0084,0.651
SPADES TEN DIAMONDS TEN,0.2792,0.0146,0.7062
SPADES JACK DIAMONDS TEN,0.5266,0.0088,0.4646
SPADES ACE DIAMONDS TEN,0.3256,0.0054,0.669
SPADES JACK HEARTS JACK,0.2778,0.0114,0.7108
SPADES TEN HEARTS JACK,0.5492,0.01,0.4408
SPADES KING DIAMONDS TEN,0.3372,0.0082,0.6546
SPADES NINE DIAMONDS SEVEN,0.5564,0.0128,0.4308
SPADES EIGHT DIAMONDS SEVEN,0.5442,0.0112,0.4446
SPADES SEVEN DIAMONDS SEVEN,0.2976,0.028,0.6744
SPADES SIX DIAMONDS SEVEN,0.553,0.0132,0.4338
DIAMONDS KING DIAMONDS SEVEN,0.3308,0.01,0.6592
HEARTS THREE DIAMONDS SEVEN,0.5808,0.0136,0.4056
HEARTS KING DIAMONDS FIVE,0.3512,0.0096,0.6392
DIAMONDS QUEEN DIAMONDS SEVEN,0.2066,0.3006,0.4928
HEARTS TWO DIAMONDS SEVEN,0.7238,0.0334,0.2428
HEARTS QUEEN DIAMONDS FIVE,0.2142,0.4634,0.3224
HEARTS FIVE DIAMONDS SEVEN,0.5562,0.012,0.4318
DIAMONDS ACE DIAMONDS SEVEN,0.3416,0.0048,0.6536
HEARTS FOUR DIAMONDS SEVEN,0.5682,0.0114,0.4204
HEARTS ACE DIAMONDS FIVE,0.3406,0.0058,0.6536
HEARTS SEVEN DIAMONDS SEVEN,0.2982,0.0242,0.6776
HEARTS SIX DIAMONDS SEVEN,0.5512,0.013,0.4358
HEARTS NINE DIAMONDS SEVEN,0.5392,0.0128,0.448
HEARTS EIGHT DIAMONDS SEVEN,0.5356,0.0126,0.4518
DIAMONDS JACK DIAMONDS SEVEN,0.5486,0.012,0.4394
HEARTS JACK DIAMONDS FIVE,0.591,0.0108,0.3982
DIAMONDS TEN DIAMONDS SEVEN,0.5206,0.013,0.4664
HEARTS TEN DIAMONDS FIVE,0.5962,0.0104,0.3934
SPADES KING CLUBS TWO,0.2294,0.0272,0.7434
HEARTS KING CLUBS KING,0.1208,0.0036,0.8756
CLUBS EIGHT DIAMONDS SEVEN,0.5436,0.0084,0.448
HEARTS KING CLUBS QUEEN,0.2104,0.027,0.7626
CLUBS NINE DIAMONDS SEVEN,0.5626,0.0096,0.4278
SPADES TWO CLUBS JACK,0.7324,0.0366,0.231
SPADES ACE CLUBS TWO,0.2278,0.0182,0.754
CLUBS TEN SPADES TWO,0.7194,0.042,0.2386
HEARTS KING CLUBS ACE,0.3154,0.0034,0.6812
CLUBS SEVEN CLUBS SIX,0.5156,0.0122,0.4722
SPADES TWO CLUBS KING,0.2392,0.029,0.7318
SPADES TWO DIAMONDS SEVEN,0.7246,0.0388,0.2366
CLUBS EIGHT CLUBS SIX,0.5338,0.0122,0.454
SPADES THREE DIAMONDS SEVEN,0.5912,0.012,0.3968
SPADES TWO CLUBS QUEEN,0.0174,0.9706,0.012
CLUBS NINE CLUBS SIX,0.519,0.0134,0.4676
SPADES FOUR DIAMONDS SEVEN,0.5802,0.0132,0.4066
HEARTS KING CLUBS JACK,0.333,0.0064,0.6606
SPADES FIVE DIAMONDS SEVEN,0.563,0.0136,0.4234
SPADES TWO CLUBS ACE,0.2308,0.0164,0.7528
CLUBS TEN HEARTS KING,0.3374,0.007,0.6556
CLUBS SIX SPADES TWO,0.7232,0.0354,0.2414
CLUBS SIX SPADES THREE,0.5862,0.017,0.3968
CLUBS TWO DIAMONDS SEVEN,0.7268,0.0334,0.2398
CLUBS SIX SPADES FOUR,0.574,0.0152,0.4108
CLUBS THREE DIAMONDS SEVEN,0.5784,0.0132,0.4084
CLUBS SIX SPADES FIVE,0.5522,0.011,0.4368
CLUBS FOUR DIAMONDS SEVEN,0.5668,0.0104,0.4228
CLUBS SIX SPADES SIX,0.3196,0.0278,0.6526
CLUBS FIVE DIAMONDS SEVEN,0.5558,0.0166,0.4276
CLUBS SIX SPADES SEVEN,0.5496,0.011,0.4394
CLUBS SIX DIAMONDS SEVEN,0.5474,0.0116,0.441
SPADES EIGHT CLUBS SIX,0.5562,0.01,0.4338
SPADES JACK CLUBS TWO,0.7374,0.046,0.2166
CLUBS SEVEN DIAMONDS SEVEN,0.3094,0.0244,0.6662
SPADES NINE CLUBS SIX,0.5756,0.0146,0.4098
SPADES TEN CLUBS TWO,0.7222,0.0382,0.2396
CLUBS TWO CLUBS QUEEN,0.0218,0.9092,0.069
CLUBS TWO CLUBS KING,0.2256,0.0264,0.748
CLUBS THREE DIAMONDS EIGHT,0.5976,0.0148,0.3876
CLUBS TWO CLUBS ACE,0.2186,0.0146,0.7668
CLUBS TWO DIAMONDS EIGHT,0.71,0.0426,0.2474
HEARTS SEVEN DIAMONDS EIGHT,0.5484,0.0128,0.4388
HEARTS SIX DIAMONDS EIGHT,0.5498,0.012,0.4382
DIAMONDS EIGHT HEARTS NINE,0.5522,0.0114,0.4364
CLUBS TEN CLUBS TWO,0.6716,0.036,0.2924
HEARTS EIGHT DIAMONDS EIGHT,0.2994,0.019,0.6816
CLUBS TWO CLUBS JACK,0.6752,0.0366,0.2882
CLUBS NINE DIAMONDS EIGHT,0.5368,0.0106,0.4526
CLUBS EIGHT DIAMONDS EIGHT,0.2978,0.0254,0.6768
CLUBS FIVE DIAMONDS EIGHT,0.5684,0.0116,0.42
SPADES ACE SPADES THREE,0.3308,0.006,0.6632
CLUBS FOUR DIAMONDS EIGHT,0.5946,0.0146,0.3908
CLUBS SEVEN DIAMONDS EIGHT,0.5528,0.0126,0.4346
CLUBS SIX DIAMONDS EIGHT,0.5594,0.0116,0.429
SPADES KING SPADES THREE,0.3414,0.01,0.6486
DIAMONDS QUEEN DIAMONDS EIGHT,0.2152,0.2254,0.5594
HEARTS TWO DIAMONDS EIGHT,0.7068,0.039,0.2542
DIAMONDS KING DIAMONDS EIGHT,0.3392,0.0072,0.6536
HEARTS THREE DIAMONDS EIGHT,0.5904,0.0126,0.397
DIAMONDS ACE DIAMONDS EIGHT,0.3428,0.0058,0.6514
HEARTS FOUR DIAMONDS EIGHT,0.5802,0.0124,0.4074
HEARTS FIVE DIAMONDS EIGHT,0.5656,0.0142,0.4202
DIAMONDS TEN DIAMONDS EIGHT,0.5166,0.0092,0.4742
DIAMONDS JACK DIAMONDS EIGHT,0.538,0.0112,0.4508
SPADES JACK SPADES THREE,0.5666,0.0116,0.4218
SPADES TEN SPADES THREE,0.5904,0.0124,0.3972
CLUBS FOUR HEARTS ACE,0.3454,0.003,0.6516
CLUBS FOUR HEARTS QUEEN,0.2272,0.5056,0.2672
CLUBS FOUR HEARTS KING,0.3628,0.008,0.6292
CLUBS SIX HEARTS TEN,0.5838,0.0128,0.4034
CLUBS SIX HEARTS JACK,0.5896,0.0094,0.401
SPADES FOUR DIAMONDS EIGHT,0.5776,0.0092,0.4132
SPADES FIVE DIAMONDS EIGHT,0.5668,0.0116,0.4216
SPADES TWO DIAMONDS EIGHT,0.7292,0.0404,0.2304
SPADES THREE DIAMONDS EIGHT,0.6078,0.0156,0.3766
CLUBS FOUR HEARTS JACK,0.5826,0.0134,0.404
SPADES EIGHT DIAMONDS EIGHT,0.294,0.0242,0.6818
SPADES JACK HEARTS EIGHT,0.5756,0.0102,0.4142
SPADES TEN HEARTS TWO,0.7306,0.04,0.2294
SPADES TEN DIAMONDS QUEEN,0.2206,0.1194,0.66
CLUBS FOUR HEARTS TEN,0.5964,0.0106,0.393
SPADES NINE DIAMONDS EIGHT,0.548,0.013,0.439
SPADES JACK HEARTS TWO,0.7294,0.0442,0.2264
SPADES JACK DIAMONDS QUEEN,0.2134,0.0918,0.6948
SPADES TEN HEARTS EIGHT,0.5548,0.0116,0.4336
SPADES SIX DIAMONDS EIGHT,0.564,0.0144,0.4216
SPADES SEVEN DIAMONDS EIGHT,0.5428,0.012,0.4452
SPADES ACE HEARTS TWO,0.2272,0.0186,0.7542
SPADES ACE DIAMONDS QUEEN,0.2094,0.0196,0.771
SPADES ACE HEARTS EIGHT,0.349,0.0042,0.6468
SPADES KING HEARTS EIGHT,0.3696,0.0098,0.6206
SPADES KING DIAMONDS QUEEN,0.2206,0.0316,0.7478
SPADES KING HEARTS TWO,0.2268,0.0306,0.7426
CLUBS TWO HEARTS TEN,0.7222,0.0344,0.2434
CLUBS TWO HEARTS JACK,0.718,0.0386,0.2434
SPADES SEVEN DIAMONDS NINE,0.5536,0.012,0.4344
SPADES SIX DIAMONDS NINE,0.5592,0.0142,0.4266
SPADES NINE DIAMONDS NINE,0.2804,0.0154,0.7042
SPADES EIGHT DIAMONDS NINE,0.5398,0.01,0.4502
SPADES TEN CLUBS KING,0.3424,0.0088,0.6488
DIAMONDS NINE SPADES THREE,0.5898,0.0156,0.3946
SPADES JACK CLUBS KING,0.3378,0.01,0.6522
DIAMONDS NINE SPADES TWO,0.7238,0.0388,0.2374
SPADES FIVE DIAMONDS NINE,0.579,0.0136,0.4074
SPADES FOUR DIAMONDS NINE,0.5992,0.0158,0.385
CLUBS NINE DIAMONDS NINE,0.2854,0.0196,0.695
CLUBS EIGHT DIAMONDS NINE,0.5338,0.0086,0.4576
CLUBS SIX DIAMONDS NINE,0.5724,0.0114,0.4162
SPADES JACK CLUBS FOUR,0.5964,0.0122,0.3914
CLUBS SEVEN DIAMONDS NINE,0.5436,0.0122,0.4442
SPADES TEN CLUBS FOUR,0.5948,0.0146,0.3906
CLUBS FOUR DIAMONDS NINE,0.5938,0.0102,0.396
CLUBS FIVE DIAMONDS NINE,0.5786,0.0122,0.4092
CLUBS TWO DIAMONDS NINE,0.7218,0.0364,0.2418
CLUBS THREE DIAMONDS NINE,0.583,0.013,0.404
DIAMONDS NINE HEARTS EIGHT,0.541,0.0132,0.4458
DIAMONDS NINE HEARTS NINE,0.2854,0.0158,0.6988
HEARTS SIX DIAMONDS NINE,0.5606,0.0148,0.4246
HEARTS SEVEN DIAMONDS NINE,0.539,0.0124,0.4486
CLUBS NINE CLUBS EIGHT,0.5096,0.0124,0.478
DIAMONDS ACE DIAMONDS NINE,0.3448,0.0046,0.6506
HEARTS FOUR DIAMONDS NINE,0.5924,0.0136,0.394
HEARTS FIVE DIAMONDS NINE,0.58,0.0124,0.4076
HEARTS ACE CLUBS TWO,0.2268,0.0164,0.7568
SPADES ACE CLUBS FOUR,0.3378,0.0082,0.654
DIAMONDS NINE DIAMONDS QUEEN,0.218,0.1676,0.6144
HEARTS TWO DIAMONDS NINE,0.7108,0.046,0.2432
CLUBS TWO HEARTS KING,0.221,0.0252,0.7538
SPADES KING CLUBS FOUR,0.3578,0.0108,0.6314
DIAMONDS KING DIAMONDS NINE,0.3362,0.0074,0.6564
HEARTS THREE DIAMONDS NINE,0.5874,0.0116,0.401
CLUBS TWO HEARTS QUEEN,0.0196,0.9616,0.0188
DIAMONDS NINE DIAMONDS JACK,0.5226,0.0118,0.4656
CLUBS EIGHT SPADES NINE,0.5394,0.0092,0.4514
DIAMONDS TEN DIAMONDS NINE,0.511,0.0082,0.4808
CLUBS EIGHT SPADES EIGHT,0.299,0.0252,0.6758
CLUBS EIGHT SPADES SEVEN,0.5568,0.0122,0.431
CLUBS EIGHT SPADES SIX,0.5504,0.012,0.4376
CLUBS EIGHT SPADES FIVE,0.5698,0.0118,0.4184
CLUBS EIGHT SPADES FOUR,0.5884,0.015,0.3966
CLUBS EIGHT SPADES THREE,0.6022,0.0122,0.3856
CLUBS EIGHT SPADES TWO,0.7114,0.0426,0.246
HEARTS SIX DIAMONDS TEN,0.5844,0.013,0.4026
HEARTS SEVEN DIAMONDS TEN,0.5636,0.012,0.4244
DIAMONDS TEN HEARTS EIGHT,0.553,0.0114,0.4356
CLUBS FOUR CLUBS JACK,0.5532,0.0136,0.4332
DIAMONDS TEN HEARTS NINE,0.5414,0.012,0.4466
CLUBS TEN CLUBS FOUR,0.5574,0.0112,0.4314
CLUBS FOUR CLUBS KING,0.3262,0.0098,0.664
CLUBS FOUR CLUBS QUEEN,0.2146,0.475,0.3104
DIAMONDS TEN CLUBS TWO,0.7084,0.0412,0.2504
CLUBS THREE DIAMONDS TEN,0.5962,0.0116,0.3922
CLUBS FOUR CLUBS ACE,0.309,0.0042,0.6868
DIAMONDS TEN DIAMONDS JACK,0.5088,0.0122,0.479
DIAMONDS TEN DIAMONDS QUEEN,0.2204,0.109,0.6706
HEARTS TWO DIAMONDS TEN,0.7226,0.0414,0.236
DIAMONDS KING DIAMONDS TEN,0.3154,0.0062,0.6784
HEARTS THREE DIAMONDS TEN,0.5952,0.0126,0.3922
DIAMONDS ACE DIAMONDS TEN,0.3136,0.006,0.6804
HEARTS FOUR DIAMONDS TEN,0.579,0.012,0.409
CLUBS EIGHT HEARTS JACK,0.5734,0.0132,0.4134
HEARTS FIVE DIAMONDS TEN,0.5968,0.011,0.3922
CLUBS EIGHT HEARTS TEN,0.5534,0.0104,0.4362
CLUBS EIGHT HEARTS QUEEN,0.2224,0.2262,0.5514
CLUBS EIGHT HEARTS KING,0.3608,0.0054,0.6338
CLUBS EIGHT HEARTS ACE,0.357,0.0046,0.6384
CLUBS NINE SPADES THREE,0.6056,0.0134,0.381
CLUBS NINE SPADES TWO,0.7244,0.0452,0.2304
CLUBS NINE SPADES FIVE,0.581,0.0132,0.4058
CLUBS NINE SPADES FOUR,0.5856,0.013,0.4014
CLUBS NINE SPADES SEVEN,0.5612,0.0106,0.4282
CLUBS NINE SPADES SIX,0.5702,0.0102,0.4196
CLUBS NINE SPADES NINE,0.2942,0.0154,0.6904
CLUBS TEN HEARTS EIGHT,0.5558,0.0116,0.4326
CLUBS NINE SPADES EIGHT,0.5474,0.0106,0.442
HEARTS EIGHT CLUBS JACK,0.57,0.0108,0.4192
CLUBS QUEEN HEARTS EIGHT,0.2216,0.2206,0.5578
CLUBS KING HEARTS EIGHT,0.3574,0.0082,0.6344
CLUBS ACE HEARTS EIGHT,0.3534,0.0034,0.6432
SPADES KING CLUBS KING,0.1178,0.0044,0.8778
SPADES ACE CLUBS KING,0.2948,0.0054,0.6998
DIAMONDS ACE HEARTS TEN,0.3458,0.0042,0.65
HEARTS FOUR HEARTS TEN,0.5462,0.0142,0.4396
DIAMONDS ACE HEARTS JACK,0.3426,0.0046,0.6528
HEARTS FOUR HEARTS JACK,0.5496,0.0128,0.4376
SPADES KING CLUBS FIVE,0.3626,0.0058,0.6316
SPADES ACE CLUBS FIVE,0.3442,0.0058,0.65
HEARTS SEVEN DIAMONDS JACK,0.5722,0.0106,0.4172
HEARTS SIX DIAMONDS JACK,0.5868,0.0138,0.3994
DIAMONDS JACK HEARTS NINE,0.5526,0.0106,0.4368
DIAMONDS JACK HEARTS EIGHT,0.5588,0.0104,0.4308
DIAMONDS KING DIAMONDS JACK,0.3154,0.007,0.6776
HEARTS THREE DIAMONDS JACK,0.5818,0.0136,0.4046
SPADES ACE SPADES SIX,0.3536,0.005,0.6414
HEARTS ACE SPADES FOUR,0.3468,0.0042,0.649
DIAMONDS QUEEN DIAMONDS JACK,0.2138,0.0872,0.699
HEARTS TWO DIAMONDS JACK,0.731,0.0356,0.2334
HEARTS FIVE DIAMONDS JACK,0.576,0.0106,0.4134
SPADES FOUR HEARTS QUEEN,0.211,0.5284,0.2606
DIAMONDS ACE DIAMONDS JACK,0.3108,0.0058,0.6834
HEARTS FOUR DIAMONDS JACK,0.5912,0.013,0.3958
SPADES KING SPADES SIX,0.344,0.0102,0.6458
SPADES FOUR HEARTS KING,0.3728,0.0094,0.6178
SPADES TEN SPADES SIX,0.5498,0.0116,0.4386
SPADES JACK SPADES SIX,0.5634,0.0116,0.425
SPADES FOUR DIAMONDS JACK,0.596,0.0112,0.3928
SPADES FIVE DIAMONDS JACK,0.5746,0.0136,0.4118
SPADES TWO DIAMONDS JACK,0.7288,0.0448,0.2264
SPADES THREE DIAMONDS JACK,0.6056,0.014,0.3804
SPADES ACE DIAMONDS THREE,0.3486,0.0048,0.6466
CLUBS EIGHT DIAMONDS JACK,0.5632,0.0098,0.427
SPADES KING DIAMONDS THREE,0.3392,0.009,0.6518
CLUBS NINE DIAMONDS JACK,0.534,0.0112,0.4548
CLUBS SIX DIAMONDS JACK,0.5772,0.0116,0.4112
CLUBS SEVEN DIAMONDS JACK,0.5768,0.0096,0.4136
CLUBS FOUR DIAMONDS JACK,0.6028,0.0108,0.3864
CLUBS FIVE DIAMONDS JACK,0.5834,0.0112,0.4054
CLUBS TWO DIAMONDS JACK,0.7268,0.044,0.2292
CLUBS THREE DIAMONDS JACK,0.5922,0.0122,0.3956
SPADES JACK HEARTS SIX,0.5942,0.0108,0.395
SPADES TEN CLUBS FIVE,0.595,0.012,0.393
SPADES JACK CLUBS FIVE,0.6026,0.0124,0.385
SPADES TEN HEARTS SIX,0.5706,0.0126,0.4168
SPADES JACK DIAMONDS THREE,0.5964,0.013,0.3906
CLUBS SEVEN CLUBS ACE,0.322,0.0046,0.6734
DIAMONDS THREE SPADES TEN,0.593,0.0132,0.3938
CLUBS SEVEN CLUBS QUEEN,0.2064,0.295,0.4986
CLUBS SEVEN CLUBS KING,0.3316,0.008,0.6604
SPADES NINE DIAMONDS JACK,0.5618,0.0094,0.4288
CLUBS TEN CLUBS SEVEN,0.5282,0.0116,0.4602
DIAMONDS ACE HEARTS ACE,0.1148,0.0044,0.8808
HEARTS FOUR HEARTS ACE,0.334,0.004,0.662
SPADES EIGHT DIAMONDS JACK,0.564,0.0122,0.4238
SPADES ACE HEARTS SIX,0.352,0.0054,0.6426
CLUBS SEVEN CLUBS JACK,0.5394,0.0116,0.449
DIAMONDS ACE HEARTS KING,0.32,0.005,0.675
HEARTS FOUR HEARTS KING,0.3398,0.0072,0.653
SPADES SEVEN DIAMONDS JACK,0.5728,0.012,0.4152
SPADES KING HEARTS SIX,0.3568,0.0076,0.6356
DIAMONDS ACE HEARTS QUEEN,0.2126,0.0148,0.7726
HEARTS FOUR HEARTS QUEEN,0.2126,0.4746,0.3128
SPADES SIX DIAMONDS JACK,0.589,0.0112,0.3998
DIAMONDS TEN SPADES TWO,0.7234,0.046,0.2306
DIAMONDS TEN SPADES THREE,0.6024,0.0154,0.3822
DIAMONDS TEN SPADES FOUR,0.591,0.012,0.397
SPADES FIVE DIAMONDS TEN,0.5948,0.0134,0.3918
SPADES SIX DIAMONDS TEN,0.578,0.0126,0.4094
SPADES SEVEN DIAMONDS TEN,0.5762,0.014,0.4098
SPADES EIGHT DIAMONDS TEN,0.5536,0.0122,0.4342
SPADES NINE DIAMONDS TEN,0.5314,0.0092,0.4594
CLUBS FOUR DIAMONDS TEN,0.5894,0.0104,0.4002
CLUBS FIVE DIAMONDS TEN,0.5836,0.0104,0.406
CLUBS SIX DIAMONDS TEN,0.5692,0.0092,0.4216
CLUBS SEVEN DIAMONDS TEN,0.55,0.012,0.438
CLUBS EIGHT DIAMONDS TEN,0.5558,0.0094,0.4348
CLUBS NINE DIAMONDS TEN,0.5318,0.0106,0.4576
DIAMONDS THREE CLUBS JACK,0.5992,0.013,0.3878
CLUBS TEN DIAMONDS THREE,0.5898,0.0138,0.3964
DIAMONDS THREE CLUBS KING,0.361,0.0082,0.6308
DIAMONDS THREE CLUBS QUEEN,0.2122,0.521,0.2668
DIAMONDS THREE CLUBS ACE,0.3338,0.005,0.6612
SPADES FOUR HEARTS JACK,0.5904,0.0136,0.396
SPADES FOUR HEARTS TEN,0.6064,0.0118,0.3818
SPADES FIVE SPADES TWO,0.6706,0.0396,0.2898
SPADES FOUR SPADES TWO,0.6618,0.037,0.3012
SPADES THREE SPADES TWO,0.6784,0.0364,0.2852
SPADES NINE SPADES TWO,0.6966,0.0414,0.262
SPADES EIGHT SPADES TWO,0.681,0.044,0.275
SPADES SEVEN SPADES TWO,0.6984,0.0382,0.2634
SPADES SIX SPADES TWO,0.6916,0.0332,0.2752
CLUBS THREE DIAMONDS QUEEN,0.2154,0.521,0.2636
CLUBS THREE HEARTS TWO,0.6966,0.0412,0.2622
CLUBS TWO DIAMONDS QUEEN,0.012,0.9722,0.0158
HEARTS TWO CLUBS TWO,0.303,0.0286,0.6684
HEARTS SEVEN DIAMONDS QUEEN,0.2158,0.302,0.4822
HEARTS SEVEN HEARTS TWO,0.6806,0.0324,0.287
HEARTS SIX DIAMONDS QUEEN,0.2278,0.3802,0.392
HEARTS SIX HEARTS TWO,0.6596,0.0346,0.3058
DIAMONDS QUEEN HEARTS NINE,0.2196,0.1604,0.62
HEARTS TWO HEARTS NINE,0.6692,0.0382,0.2926
DIAMONDS QUEEN HEARTS EIGHT,0.213,0.23,0.557
HEARTS TWO HEARTS EIGHT,0.6984,0.0398,0.2618
CLUBS NINE HEARTS TWO,0.71,0.0406,0.2494
CLUBS NINE DIAMONDS QUEEN,0.2256,0.1634,0.611
CLUBS EIGHT HEARTS TWO,0.7222,0.038,0.2398
CLUBS EIGHT DIAMONDS QUEEN,0.2252,0.2184,0.5564
CLUBS FIVE DIAMONDS QUEEN,0.1986,0.4606,0.3408
CLUBS FIVE HEARTS TWO,0.686,0.0382,0.2758
SPADES EIGHT HEARTS ACE,0.362,0.004,0.634
CLUBS FOUR DIAMONDS QUEEN,0.2028,0.5288,0.2684
CLUBS FOUR HEARTS TWO,0.694,0.0422,0.2638
CLUBS SEVEN DIAMONDS QUEEN,0.213,0.314,0.473
CLUBS SEVEN HEARTS TWO,0.7226,0.032,0.2454
SPADES EIGHT HEARTS QUEEN,0.2336,0.2206,0.5458
CLUBS SIX DIAMONDS QUEEN,0.2146,0.389,0.3964
CLUBS SIX HEARTS TWO,0.7102,0.032,0.2578
SPADES EIGHT HEARTS KING,0.3656,0.0064,0.628
SPADES SIX DIAMONDS QUEEN,0.2166,0.3888,0.3946
SPADES SIX HEARTS TWO,0.724,0.0352,0.2408
HEARTS FOUR CLUBS QUEEN,0.2184,0.5198,0.2618
DIAMONDS ACE CLUBS QUEEN,0.211,0.0176,0.7714
SPADES SEVEN DIAMONDS QUEEN,0.2142,0.3076,0.4782
SPADES SEVEN HEARTS TWO,0.7254,0.0366,0.238
HEARTS FOUR CLUBS KING,0.3606,0.0056,0.6338
DIAMONDS ACE CLUBS KING,0.306,0.0046,0.6894
SPADES EIGHT DIAMONDS QUEEN,0.231,0.2198,0.5492
SPADES EIGHT HEARTS TWO,0.7148,0.046,0.2392
HEARTS FOUR CLUBS ACE,0.3538,0.006,0.6402
DIAMONDS ACE CLUBS ACE,0.111,0.0038,0.8852
SPADES NINE DIAMONDS QUEEN,0.2238,0.1694,0.6068
SPADES NINE HEARTS TWO,0.722,0.039,0.239
HEARTS TWO SPADES TWO,0.3014,0.03,0.6686
DIAMONDS QUEEN SPADES TWO,0.0064,0.9852,0.0084
HEARTS TWO SPADES THREE,0.6988,0.0436,0.2576
SPADES THREE DIAMONDS QUEEN,0.2148,0.5292,0.256
HEARTS TWO SPADES FOUR,0.6942,0.0394,0.2664
SPADES FOUR DIAMONDS QUEEN,0.2198,0.5242,0.256
CLUBS TEN HEARTS FOUR,0.6012,0.0114,0.3874
CLUBS TEN DIAMONDS ACE,0.3408,0.0038,0.6554
HEARTS TWO SPADES FIVE,0.6866,0.041,0.2724
SPADES FIVE DIAMONDS QUEEN,0.2238,0.4634,0.3128
HEARTS FOUR CLUBS JACK,0.5976,0.0122,0.3902
DIAMONDS ACE CLUBS JACK,0.3464,0.0048,0.6488
CLUBS FIVE CLUBS KING,0.3458,0.0078,0.6464
CLUBS FIVE CLUBS QUEEN,0.1994,0.4376,0.363
CLUBS FIVE CLUBS ACE,0.3232,0.0054,0.6714
CLUBS FIVE CLUBS JACK,0.545,0.0118,0.4432
CLUBS TEN CLUBS FIVE,0.5392,0.0138,0.447
SPADES KING CLUBS JACK,0.321,0.0076,0.6714
SPADES ACE CLUBS JACK,0.3392,0.0052,0.6556
SPADES SIX CLUBS KING,0.3556,0.0078,0.6366
SPADES SIX CLUBS QUEEN,0.2256,0.3778,0.3966
SPADES EIGHT HEARTS JACK,0.5614,0.0106,0.428
SPADES SIX CLUBS ACE,0.3564,0.0034,0.6402
SPADES EIGHT HEARTS TEN,0.5616,0.012,0.4264
SPADES SIX CLUBS JACK,0.598,0.0096,0.3924
CLUBS TEN SPADES SIX,0.5866,0.0138,0.3996
SPADES TEN CLUBS JACK,0.539,0.0098,0.4512
SPADES JACK CLUBS JACK,0.2774,0.0126,0.71
SPADES KING CLUBS SEVEN,0.3576,0.0082,0.6342
SPADES ACE CLUBS SEVEN,0.3596,0.0058,0.6346
SPADES SIX HEARTS TEN,0.5848,0.0132,0.402
SPADES SIX HEARTS JACK,0.5828,0.0106,0.4066
SPADES SIX HEARTS ACE,0.3692,0.0052,0.6256
SPADES SIX HEARTS KING,0.357,0.007,0.636
SPADES SIX HEARTS QUEEN,0.2214,0.3802,0.3984
SPADES JACK CLUBS SEVEN,0.5828,0.0106,0.4066
CLUBS SEVEN SPADES TEN,0.5804,0.0144,0.4052
CLUBS TEN HEARTS SIX,0.5862,0.0132,0.4006
HEARTS SIX CLUBS JACK,0.591,0.013,0.396
CLUBS ACE CLUBS JACK,0.33,0.0042,0.6658
HEARTS SIX CLUBS QUEEN,0.2306,0.3732,0.3962
HEARTS SIX CLUBS KING,0.3422,0.0066,0.6512
HEARTS SIX CLUBS ACE,0.3684,0.0038,0.6278
CLUBS QUEEN CLUBS JACK,0.2166,0.0908,0.6926
CLUBS KING CLUBS JACK,0.3242,0.0074,0.6684
DIAMONDS THREE HEARTS ACE,0.3456,0.0058,0.6486
DIAMONDS THREE HEARTS QUEEN,0.2152,0.5204,0.2644
DIAMONDS THREE HEARTS KING,0.361,0.0114,0.6276
CLUBS FIVE HEARTS JACK,0.598,0.0134,0.3886
HEARTS FOUR SPADES TEN,0.6084,0.0116,0.38
SPADES TEN DIAMONDS ACE,0.3296,0.0072,0.6632
CLUBS FIVE HEARTS TEN,0.5848,0.0114,0.4038
HEARTS FOUR SPADES JACK,0.5916,0.0112,0.3972
SPADES JACK DIAMONDS ACE,0.3504,0.006,0.6436
SPADES ACE HEARTS FOUR,0.3396,0.0054,0.655
SPADES ACE DIAMONDS ACE,0.1012,0.0052,0.8936
CLUBS FIVE HEARTS ACE,0.337,0.0048,0.6582
CLUBS FIVE HEARTS KING,0.3568,0.0092,0.634
SPADES FOUR CLUBS JACK,0.5872,0.0148,0.398
CLUBS FIVE HEARTS QUEEN,0.2182,0.448,0.3338
SPADES KING DIAMONDS ACE,0.3036,0.0068,0.6896
SPADES KING HEARTS FOUR,0.3508,0.0088,0.6404
CLUBS TEN SPADES FOUR,0.6082,0.0126,0.3792
DIAMONDS ACE DIAMONDS QUEEN,0.2002,0.0172,0.7826
DIAMONDS ACE HEARTS TWO,0.2352,0.0148,0.75
HEARTS FOUR DIAMONDS QUEEN,0.2122,0.5298,0.258
HEARTS FOUR HEARTS TWO,0.6638,0.0352,0.301
DIAMONDS THREE HEARTS TEN,0.6034,0.012,0.3846
SPADES FOUR CLUBS KING,0.3516,0.0106,0.6378
HEARTS FIVE DIAMONDS QUEEN,0.2106,0.455,0.3344
HEARTS FIVE HEARTS TWO,0.659,0.0376,0.3034
DIAMONDS THREE HEARTS JACK,0.5978,0.0112,0.391
SPADES FOUR CLUBS QUEEN,0.223,0.523,0.254
HEARTS TWO DIAMONDS QUEEN,0.0118,0.9694,0.0188
DIAMONDS KING DIAMONDS QUEEN,0.2136,0.027,0.7594
DIAMONDS KING HEARTS TWO,0.2278,0.027,0.7452
HEARTS THREE DIAMONDS QUEEN,0.2104,0.5212,0.2684
HEARTS THREE HEARTS TWO,0.6696,0.0364,0.294
SPADES FOUR CLUBS ACE,0.3452,0.0076,0.6472
HEARTS TWO CLUBS ACE,0.2362,0.0204,0.7434
DIAMONDS QUEEN CLUBS ACE,0.2124,0.0204,0.7672
HEARTS TWO CLUBS QUEEN,0.0196,0.96,0.0204
DIAMONDS QUEEN CLUBS QUEEN,0.0708,0.025,0.9042
HEARTS TWO CLUBS KING,0.2324,0.0262,0.7414
DIAMONDS QUEEN CLUBS KING,0.2186,0.0288,0.7526
SPADES EIGHT SPADES FIVE,0.5502,0.0124,0.4374
CLUBS TEN HEARTS TWO,0.7226,0.0364,0.241
CLUBS TEN DIAMONDS QUEEN,0.226,0.1198,0.6542
SPADES NINE SPADES FIVE,0.549,0.0128,0.4382
HEARTS TWO CLUBS JACK,0.7232,0.0358,0.241
DIAMONDS QUEEN CLUBS JACK,0.2186,0.0912,0.6902
SPADES SIX SPADES FIVE,0.5272,0.0146,0.4582
SPADES SEVEN SPADES FIVE,0.536,0.0156,0.4484
DIAMONDS FIVE CLUBS QUEEN,0.2178,0.4654,0.3168
SPADES EIGHT CLUBS ACE,0.3586,0.0044,0.637
CLUBS KING DIAMONDS FIVE,0.3454,0.0084,0.6462
SPADES EIGHT CLUBS KING,0.3634,0.0082,0.6284
CLUBS ACE DIAMONDS FIVE,0.3444,0.005,0.6506
SPADES EIGHT CLUBS QUEEN,0.2244,0.2266,0.549
SPADES EIGHT CLUBS JACK,0.563,0.0106,0.4264
CLUBS TEN SPADES EIGHT,0.565,0.0112,0.4238
CLUBS TEN DIAMONDS FIVE,0.5854,0.0132,0.4014
DIAMONDS FIVE CLUBS JACK,0.5834,0.0124,0.4042
DIAMONDS TEN HEARTS JACK,0.5438,0.0098,0.4464
DIAMONDS TEN HEARTS TEN,0.2736,0.0158,0.7106
SPADES ACE CLUBS NINE,0.36,0.004,0.636
CLUBS NINE SPADES KING,0.3604,0.0112,0.6284
HEARTS SIX HEARTS KING,0.3472,0.0054,0.6474
DIAMONDS KING SPADES SEVEN,0.3466,0.0064,0.647
SPADES SEVEN HEARTS THREE,0.5916,0.0148,0.3936
SPADES KING DIAMONDS SEVEN,0.354,0.0094,0.6366
HEARTS SIX HEARTS QUEEN,0.2164,0.3502,0.4334
DIAMONDS KING SPADES SIX,0.3616,0.009,0.6294
HEARTS THREE SPADES SIX,0.5848,0.0138,0.4014
SPADES NINE DIAMONDS KING,0.3506,0.0094,0.64
SPADES NINE HEARTS THREE,0.5904,0.0106,0.399
HEARTS SIX HEARTS ACE,0.3394,0.0044,0.6562
SPADES EIGHT DIAMONDS KING,0.3556,0.0096,0.6348
SPADES EIGHT HEARTS THREE,0.5998,0.0132,0.387
SPADES ACE DIAMONDS SEVEN,0.3462,0.0046,0.6492
CLUBS NINE HEARTS THREE,0.5956,0.015,0.3894
CLUBS NINE DIAMONDS KING,0.335,0.005,0.66
CLUBS EIGHT HEARTS THREE,0.5942,0.0156,0.3902
CLUBS EIGHT DIAMONDS KING,0.3632,0.0054,0.6314
HEARTS THREE SPADES THREE,0.3398,0.0376,0.6226
DIAMONDS KING SPADES THREE,0.353,0.0096,0.6374
HEARTS THREE SPADES TWO,0.7088,0.0416,0.2496
DIAMONDS KING SPADES TWO,0.229,0.0352,0.7358
HEARTS THREE SPADES FIVE,0.5636,0.0142,0.4222
DIAMONDS KING SPADES FIVE,0.37,0.0094,0.6206
HEARTS THREE SPADES FOUR,0.578,0.0162,0.4058
DIAMONDS KING SPADES FOUR,0.3506,0.0064,0.643
DIAMONDS KING CLUBS TWO,0.2302,0.0262,0.7436
