opposingHand,winningChance,drawChance,lostChance
DIAMONDS FIVE HEARTS QUEEN
DIAMONDS TEN HEARTS EIGHT,0.5572,0.0104,0.4324
HEARTS THREE CLUBS QUEEN,0.3218,0.4608,0.2174
CLUBS JACK SPADES FIVE,0.712,0.051,0.237
SPADES TEN HEARTS TWO,0.6418,0.0118,0.3464
HEARTS FIVE DIAMONDS ACE,0.2198,0.0272,0.753
HEARTS FIVE DIAMONDS EIGHT,0.6982,0.0458,0.256
DIAMONDS ACE SPADES FIVE,0.231,0.0296,0.7394
CLUBS NINE DIAMONDS SIX,0.577,0.0118,0.4112
CLUBS SEVEN CLUBS THREE,0.5866,0.0118,0.4016
DIAMONDS ACE HEARTS ACE,0.1222,0.0042,0.8736
SPADES TWO DIAMONDS SIX,0.6254,0.015,0.3596
CLUBS THREE HEARTS KING,0.386,0.0072,0.6068
SPADES SIX SPADES TWO,0.5882,0.0132,0.3986
SPADES ACE HEARTS ACE,0.1202,0.0052,0.8746
SPADES ACE DIAMONDS NINE,0.3582,0.0048,0.637
HEARTS TWO HEARTS NINE,0.5964,0.0116,0.392
SPADES KING DIAMONDS NINE,0.3514,0.0074,0.6412
CLUBS TWO HEARTS NINE,0.6344,0.0128,0.3528
HEARTS SIX HEARTS EIGHT,0.5498,0.0124,0.4378
SPADES QUEEN HEARTS TWO,0.3268,0.4594,0.2138
DIAMONDS ACE SPADES FOUR,0.3724,0.0048,0.6228
CLUBS SEVEN HEARTS ACE,0.349,0.0054,0.6456
HEARTS TWO HEARTS TEN,0.6018,0.0146,0.3836
DIAMONDS SEVEN CLUBS QUEEN,0.2272,0.3006,0.4722
SPADES SIX DIAMONDS SIX,0.3232,0.03,0.6468
DIAMONDS KING HEARTS JACK,0.337,0.008,0.655
SPADES QUEEN DIAMONDS NINE,0.2324,0.171,0.5966
DIAMONDS THREE HEARTS NINE,0.6488,0.0128,0.3384
HEARTS SEVEN SPADES SEVEN,0.3184,0.025,0.6566
SPADES ACE HEARTS JACK,0.3456,0.0044,0.65
DIAMONDS KING HEARTS ACE,0.3182,0.0074,0.6744
SPADES ACE SPADES FIVE,0.2186,0.0254,0.756
DIAMONDS KING CLUBS QUEEN,0.225,0.03,0.745
CLUBS JACK CLUBS TWO,0.597,0.0116,0.3914
CLUBS NINE DIAMONDS SEVEN,0.5584,0.011,0.4306
DIAMONDS KING DIAMONDS QUEEN,0.2372,0.0232,0.7396
HEARTS TEN CLUBS QUEEN,0.2234,0.1198,0.6568
DIAMONDS ACE SPADES THREE,0.3776,0.004,0.6184
CLUBS TEN CLUBS SIX,0.5614,0.009,0.4296
HEARTS SIX CLUBS ACE,0.3606,0.0058,0.6336
CLUBS THREE DIAMONDS SIX,0.6216,0.012,0.3664
HEARTS FOUR HEARTS ACE,0.358,0.005,0.637
SPADES ACE SPADES TWO,0.366,0.004,0.63
SPADES KING DIAMONDS EIGHT,0.3692,0.009,0.6218
HEARTS TEN CLUBS KING,0.3462,0.0078,0.646
DIAMONDS ACE DIAMONDS QUEEN,0.2184,0.0176,0.764
DIAMONDS THREE HEARTS SIX,0.6228,0.0158,0.3614
DIAMONDS SIX HEARTS EIGHT,0.5806,0.0134,0.406
CLUBS JACK DIAMONDS QUEEN,0.2424,0.0886,0.669
CLUBS THREE DIAMONDS JACK,0.6302,0.0124,0.3574
SPADES FOUR HEARTS JACK,0.6372,0.0118,0.351
CLUBS SEVEN HEARTS THREE,0.6306,0.0138,0.3556
SPADES FOUR HEARTS NINE,0.6352,0.0142,0.3506
HEARTS FIVE CLUBS QUEEN,0.0188,0.9682,0.013
SPADES THREE HEARTS NINE,0.6418,0.0144,0.3438
DIAMONDS TEN CLUBS QUEEN,0.2366,0.1168,0.6466
DIAMONDS TWO DIAMONDS TEN,0.5998,0.0126,0.3876
SPADES SIX CLUBS TWO,0.632,0.0118,0.3562
SPADES ACE SPADES JACK,0.3366,0.0054,0.658
CLUBS ACE HEARTS TEN,0.3556,0.0054,0.639
CLUBS SIX DIAMONDS SEVEN,0.5552,0.0096,0.4352
SPADES KING HEARTS TWO,0.4072,0.0054,0.5874
CLUBS TEN CLUBS THREE,0.5844,0.011,0.4046
CLUBS TWO HEARTS ACE,0.38,0.0042,0.6158
HEARTS THREE SPADES NINE,0.628,0.0148,0.3572
DIAMONDS ACE CLUBS THREE,0.3686,0.0044,0.627
CLUBS SEVEN HEARTS JACK,0.6024,0.0118,0.3858
CLUBS SEVEN DIAMONDS FOUR,0.627,0.0132,0.3598
SPADES NINE HEARTS KING,0.3452,0.0066,0.6482
DIAMONDS JACK SPADES THREE,0.6238,0.0098,0.3664
CLUBS SIX DIAMONDS FOUR,0.6074,0.0114,0.3812
DIAMONDS THREE DIAMONDS JACK,0.599,0.0106,0.3904
DIAMONDS QUEEN HEARTS KING,0.2194,0.0286,0.752
SPADES SIX DIAMONDS TEN,0.586,0.0134,0.4006
SPADES THREE HEARTS EIGHT,0.6322,0.0116,0.3562
DIAMONDS THREE DIAMONDS TWO,0.6004,0.0168,0.3828
DIAMONDS TEN HEARTS KING,0.3254,0.008,0.6666
CLUBS SEVEN CLUBS FOUR,0.5682,0.013,0.4188
SPADES KING DIAMONDS SEVEN,0.3696,0.0082,0.6222
HEARTS SIX SPADES JACK,0.6062,0.0112,0.3826
HEARTS FIVE HEARTS KING,0.2282,0.04,0.7318
CLUBS SIX SPADES EIGHT,0.5802,0.0128,0.407
HEARTS SIX DIAMONDS JACK,0.61,0.0124,0.3776
HEARTS SEVEN DIAMONDS ACE,0.3532,0.0052,0.6416
DIAMONDS THREE SPADES FOUR,0.6258,0.0166,0.3576
CLUBS TEN HEARTS THREE,0.6242,0.012,0.3638
HEARTS JACK DIAMONDS SEVEN,0.5854,0.013,0.4016
HEARTS SEVEN SPADES JACK,0.6014,0.0108,0.3878
SPADES FOUR CLUBS QUEEN,0.3266,0.4434,0.23
HEARTS FOUR HEARTS TWO,0.6156,0.0132,0.3712
SPADES JACK SPADES THREE,0.6062,0.0112,0.3826
DIAMONDS KING CLUBS ACE,0.3232,0.0048,0.672
CLUBS FOUR DIAMONDS EIGHT,0.6194,0.0122,0.3684
SPADES QUEEN HEARTS TEN,0.233,0.1292,0.6378
HEARTS FIVE DIAMONDS SEVEN,0.666,0.045,0.289
CLUBS JACK DIAMONDS KING,0.34,0.0086,0.6514
DIAMONDS TWO HEARTS NINE,0.6294,0.0116,0.359
HEARTS SEVEN HEARTS ACE,0.344,0.005,0.651
SPADES QUEEN SPADES TEN,0.219,0.112,0.669
CLUBS TWO DIAMONDS JACK,0.6372,0.0126,0.3502
DIAMONDS SIX DIAMONDS FOUR,0.5826,0.0132,0.4042
SPADES ACE HEARTS KING,0.3168,0.004,0.6792
SPADES EIGHT HEARTS NINE,0.5542,0.0134,0.4324
DIAMONDS JACK HEARTS KING,0.3246,0.008,0.6674
HEARTS JACK HEARTS TEN,0.5026,0.0086,0.4888
HEARTS TWO DIAMONDS QUEEN,0.3248,0.4582,0.217
HEARTS SEVEN CLUBS FIVE,0.6848,0.0418,0.2734
SPADES KING SPADES FIVE,0.2176,0.0412,0.7412
HEARTS SEVEN SPADES TEN,0.5642,0.0098,0.426
CLUBS EIGHT DIAMONDS EIGHT,0.3088,0.0234,0.6678
DIAMONDS TWO HEARTS EIGHT,0.641,0.0138,0.3452
CLUBS JACK DIAMONDS SEVEN,0.5866,0.0106,0.4028
DIAMONDS JACK DIAMONDS FOUR,0.5962,0.0146,0.3892
DIAMONDS TEN DIAMONDS EIGHT,0.5272,0.0138,0.459
DIAMONDS JACK SPADES TWO,0.6338,0.0114,0.3548
HEARTS SIX CLUBS KING,0.3584,0.0096,0.632
CLUBS KING DIAMONDS FOUR,0.3942,0.007,0.5988
SPADES QUEEN CLUBS SIX,0.2272,0.3814,0.3914
HEARTS FOUR SPADES FOUR,0.4334,0.0296,0.537
DIAMONDS THREE HEARTS TWO,0.6472,0.0158,0.337
DIAMONDS JACK HEARTS EIGHT,0.5764,0.0096,0.414
HEARTS SIX DIAMONDS TEN,0.5854,0.0136,0.401
HEARTS FIVE CLUBS TWO,0.703,0.0494,0.2476
HEARTS KING DIAMONDS SIX,0.3488,0.0084,0.6428
CLUBS FIVE DIAMONDS JACK,0.714,0.0534,0.2326
SPADES ACE DIAMONDS THREE,0.4018,0.005,0.5932
SPADES THREE DIAMONDS NINE,0.6288,0.0154,0.3558
CLUBS FIVE CLUBS KING,0.2102,0.0358,0.754
HEARTS FOUR HEARTS THREE,0.5948,0.0158,0.3894
SPADES TWO CLUBS KING,0.398,0.0086,0.5934
DIAMONDS THREE CLUBS KING,0.4018,0.008,0.5902
HEARTS FOUR HEARTS TEN,0.5966,0.0162,0.3872
SPADES NINE CLUBS KING,0.3638,0.007,0.6292
SPADES EIGHT CLUBS THREE,0.6264,0.01,0.3636
HEARTS FOUR HEARTS JACK,0.6046,0.0152,0.3802
CLUBS NINE DIAMONDS ACE,0.3642,0.005,0.6308
CLUBS EIGHT CLUBS TWO,0.5928,0.012,0.3952
CLUBS FIVE SPADES SIX,0.6602,0.044,0.2958
DIAMONDS EIGHT HEARTS EIGHT,0.3096,0.0248,0.6656
CLUBS KING DIAMONDS SIX,0.357,0.0064,0.6366
HEARTS FIVE CLUBS THREE,0.6856,0.0488,0.2656
DIAMONDS JACK DIAMONDS SIX,0.5666,0.0132,0.4202
HEARTS THREE DIAMONDS ACE,0.3822,0.0062,0.6116
HEARTS SEVEN CLUBS NINE,0.5622,0.0144,0.4234
DIAMONDS THREE CLUBS FOUR,0.6234,0.0138,0.3628
SPADES SIX DIAMONDS NINE,0.586,0.0114,0.4026
DIAMONDS ACE SPADES TWO,0.3864,0.0062,0.6074
SPADES SIX SPADES FOUR,0.5606,0.0148,0.4246
SPADES TEN CLUBS ACE,0.3604,0.0052,0.6344
CLUBS FIVE CLUBS FOUR,0.6216,0.0454,0.333
HEARTS SEVEN CLUBS TEN,0.5764,0.0108,0.4128
DIAMONDS THREE SPADES TEN,0.639,0.0098,0.3512
CLUBS SEVEN SPADES FIVE,0.668,0.0482,0.2838
CLUBS FOUR SPADES THREE,0.6296,0.0148,0.3556
CLUBS EIGHT DIAMONDS QUEEN,0.2354,0.2266,0.538
CLUBS TEN DIAMONDS SEVEN,0.5732,0.0112,0.4156
SPADES QUEEN SPADES SEVEN,0.2182,0.2802,0.5016
HEARTS THREE HEARTS ACE,0.3566,0.0056,0.6378
HEARTS TWO DIAMONDS EIGHT,0.6226,0.015,0.3624
SPADES TWO DIAMONDS EIGHT,0.618,0.0124,0.3696
DIAMONDS EIGHT CLUBS ACE,0.3624,0.0046,0.633
DIAMONDS QUEEN DIAMONDS EIGHT,0.2164,0.217,0.5666
CLUBS NINE SPADES FIVE,0.701,0.0518,0.2472
HEARTS THREE DIAMONDS FOUR,0.64,0.0136,0.3464
SPADES JACK CLUBS ACE,0.367,0.0026,0.6304
CLUBS THREE DIAMONDS TEN,0.632,0.009,0.359
CLUBS FIVE DIAMONDS QUEEN,0.0106,0.971,0.0184
HEARTS TWO HEARTS KING,0.3742,0.0086,0.6172
SPADES JACK HEARTS EIGHT,0.5826,0.0134,0.404
CLUBS NINE SPADES EIGHT,0.5576,0.0142,0.4282
HEARTS KING DIAMONDS EIGHT,0.353,0.007,0.64
SPADES KING SPADES TWO,0.3674,0.0084,0.6242
HEARTS FIVE DIAMONDS KING,0.2182,0.044,0.7378
SPADES ACE SPADES EIGHT,0.3536,0.0048,0.6416
SPADES KING DIAMONDS ACE,0.318,0.0058,0.6762
CLUBS QUEEN HEARTS EIGHT,0.239,0.2254,0.5356
CLUBS EIGHT HEARTS JACK,0.5758,0.0102,0.414
SPADES TEN DIAMONDS QUEEN,0.2228,0.1194,0.6578
HEARTS SIX SPADES EIGHT,0.5778,0.014,0.4082
DIAMONDS TEN HEARTS NINE,0.5398,0.0098,0.4504
HEARTS FIVE SPADES NINE,0.7084,0.0482,0.2434
CLUBS FOUR DIAMONDS FOUR,0.4226,0.0376,0.5398
HEARTS THREE DIAMONDS KING,0.4028,0.008,0.5892
HEARTS SIX SPADES TEN,0.5782,0.011,0.4108
HEARTS FOUR CLUBS THREE,0.6338,0.0126,0.3536
DIAMONDS QUEEN SPADES TWO,0.3378,0.4452,0.217
HEARTS SIX CLUBS THREE,0.6128,0.0134,0.3738
SPADES FIVE SPADES FOUR,0.6174,0.0506,0.332
SPADES EIGHT SPADES SIX,0.5402,0.0104,0.4494
SPADES ACE SPADES QUEEN,0.2158,0.0148,0.7694
DIAMONDS TWO SPADES FIVE,0.7002,0.05,0.2498
DIAMONDS QUEEN CLUBS QUEEN,0.0868,0.027,0.8862
SPADES ACE SPADES KING,0.2994,0.0032,0.6974
CLUBS EIGHT DIAMONDS JACK,0.566,0.0096,0.4244
SPADES JACK SPADES TWO,0.5732,0.0134,0.4134
DIAMONDS ACE HEARTS EIGHT,0.3586,0.0046,0.6368
CLUBS TEN CLUBS ACE,0.3386,0.0052,0.6562
HEARTS SEVEN CLUBS SEVEN,0.325,0.0222,0.6528
CLUBS THREE CLUBS KING,0.369,0.0058,0.6252
HEARTS FIVE DIAMONDS FOUR,0.6698,0.0502,0.28
CLUBS JACK CLUBS TEN,0.514,0.007,0.479
SPADES JACK CLUBS THREE,0.6436,0.0108,0.3456
HEARTS FIVE CLUBS ACE,0.229,0.0298,0.7412
SPADES THREE HEARTS KING,0.3874,0.0082,0.6044
CLUBS THREE DIAMONDS NINE,0.6198,0.0106,0.3696
CLUBS FOUR SPADES TWO,0.6424,0.0136,0.344
CLUBS TEN CLUBS SEVEN,0.5368,0.0104,0.4528
DIAMONDS TWO CLUBS FOUR,0.6526,0.0144,0.333
SPADES QUEEN SPADES NINE,0.2104,0.1614,0.6282
CLUBS SIX HEARTS EIGHT,0.5734,0.0128,0.4138
HEARTS TEN HEARTS NINE,0.5116,0.0112,0.4772
HEARTS FOUR DIAMONDS QUEEN,0.3146,0.4724,0.213
SPADES QUEEN HEARTS KING,0.233,0.0276,0.7394
HEARTS SIX HEARTS ACE,0.3542,0.0046,0.6412
DIAMONDS QUEEN CLUBS TWO,0.3134,0.4728,0.2138
CLUBS JACK HEARTS JACK,0.29,0.0094,0.7006
SPADES EIGHT DIAMONDS EIGHT,0.3128,0.0176,0.6696
CLUBS NINE DIAMONDS TEN,0.5398,0.012,0.4482
HEARTS FIVE DIAMONDS TEN,0.7152,0.0476,0.2372
SPADES NINE HEARTS NINE,0.2964,0.0232,0.6804
HEARTS SIX DIAMONDS SIX,0.33,0.0314,0.6386
CLUBS EIGHT HEARTS FOUR,0.6264,0.0146,0.359
DIAMONDS THREE HEARTS EIGHT,0.6388,0.0142,0.347
HEARTS FOUR CLUBS KING,0.3926,0.0078,0.5996
CLUBS TEN DIAMONDS KING,0.3276,0.0102,0.6622
DIAMONDS EIGHT DIAMONDS FOUR,0.582,0.0132,0.4048
CLUBS NINE SPADES TEN,0.544,0.01,0.446
CLUBS NINE CLUBS ACE,0.3344,0.0034,0.6622
CLUBS SEVEN DIAMONDS JACK,0.5844,0.0114,0.4042
CLUBS JACK SPADES TEN,0.5454,0.0084,0.4462
HEARTS THREE DIAMONDS TEN,0.6304,0.0128,0.3568
SPADES FIVE DIAMONDS FOUR,0.6632,0.0472,0.2896
HEARTS TWO DIAMONDS SEVEN,0.6342,0.0138,0.352
SPADES ACE HEARTS SEVEN,0.369,0.0054,0.6256
HEARTS ACE HEARTS JACK,0.333,0.004,0.663
DIAMONDS THREE DIAMONDS EIGHT,0.5948,0.0122,0.393
CLUBS THREE CLUBS TWO,0.5992,0.015,0.3858
DIAMONDS QUEEN DIAMONDS TEN,0.2198,0.1112,0.669
HEARTS SIX SPADES NINE,0.5898,0.0114,0.3988
SPADES ACE DIAMONDS ACE,0.1196,0.0032,0.8772
SPADES JACK CLUBS EIGHT,0.579,0.007,0.414
SPADES NINE CLUBS THREE,0.6192,0.0142,0.3666
DIAMONDS KING SPADES FIVE,0.2344,0.04,0.7256
CLUBS EIGHT DIAMONDS TEN,0.5452,0.0116,0.4432
SPADES TEN SPADES TWO,0.58,0.0122,0.4078
SPADES KING SPADES TEN,0.3164,0.0064,0.6772
DIAMONDS ACE CLUBS FOUR,0.367,0.0054,0.6276
SPADES EIGHT DIAMONDS ACE,0.357,0.004,0.639
CLUBS FOUR DIAMONDS TEN,0.6318,0.012,0.3562
HEARTS SIX SPADES SIX,0.3254,0.0308,0.6438
CLUBS JACK DIAMONDS ACE,0.3596,0.0044,0.636
SPADES JACK SPADES FOUR,0.598,0.0142,0.3878
SPADES KING CLUBS SIX,0.3756,0.0072,0.6172
SPADES JACK SPADES SEVEN,0.5558,0.0102,0.434
CLUBS JACK SPADES QUEEN,0.238,0.0866,0.6754
HEARTS SIX DIAMONDS ACE,0.3652,0.0044,0.6304
DIAMONDS THREE DIAMONDS SIX,0.5768,0.0124,0.4108
SPADES FIVE CLUBS KING,0.2334,0.0382,0.7284
DIAMONDS TWO HEARTS TWO,0.4216,0.038,0.5404
CLUBS TEN DIAMONDS SIX,0.5826,0.0112,0.4062
CLUBS JACK DIAMONDS FOUR,0.6388,0.01,0.3512
CLUBS TEN SPADES JACK,0.5336,0.0068,0.4596
HEARTS SIX HEARTS FIVE,0.646,0.0444,0.3096
CLUBS JACK CLUBS ACE,0.3216,0.0042,0.6742
CLUBS JACK CLUBS KING,0.3228,0.008,0.6692
CLUBS TEN DIAMONDS ACE,0.3466,0.0054,0.648
HEARTS ACE HEARTS EIGHT,0.3298,0.0058,0.6644
SPADES SIX DIAMONDS SEVEN,0.5792,0.0084,0.4124
CLUBS NINE CLUBS QUEEN,0.2108,0.1652,0.624
CLUBS SEVEN CLUBS QUEEN,0.2126,0.2904,0.497
SPADES FOUR CLUBS KING,0.3992,0.0072,0.5936
HEARTS SEVEN DIAMONDS FOUR,0.626,0.0132,0.3608
CLUBS JACK HEARTS SIX,0.5998,0.0108,0.3894
CLUBS NINE CLUBS FIVE,0.6522,0.0468,0.301
SPADES NINE DIAMONDS SIX,0.5764,0.0122,0.4114
DIAMONDS THREE SPADES SEVEN,0.6374,0.0156,0.347
SPADES KING SPADES JACK,0.3366,0.0074,0.656
SPADES TEN DIAMONDS EIGHT,0.5578,0.0108,0.4314
CLUBS EIGHT SPADES TWO,0.6324,0.011,0.3566
CLUBS SEVEN CLUBS KING,0.3354,0.0066,0.658
DIAMONDS TWO SPADES NINE,0.638,0.013,0.349
HEARTS KING DIAMONDS FOUR,0.3776,0.0104,0.612
DIAMONDS THREE SPADES KING,0.4066,0.0084,0.585
SPADES FIVE HEARTS KING,0.222,0.041,0.737
DIAMONDS JACK SPADES FOUR,0.6294,0.0088,0.3618
CLUBS FIVE DIAMONDS KING,0.2294,0.0424,0.7282
SPADES QUEEN CLUBS QUEEN,0.0942,0.0202,0.8856
CLUBS ACE CLUBS KING,0.306,0.0046,0.6894
DIAMONDS TEN HEARTS JACK,0.5396,0.0086,0.4518
HEARTS SEVEN HEARTS TEN,0.554,0.0098,0.4362
HEARTS SEVEN SPADES FOUR,0.6062,0.0104,0.3834
CLUBS THREE CLUBS ACE,0.358,0.004,0.638
HEARTS SIX CLUBS EIGHT,0.5744,0.0108,0.4148
HEARTS SIX DIAMONDS SEVEN,0.5642,0.0118,0.424
SPADES TWO HEARTS NINE,0.6404,0.012,0.3476
CLUBS NINE HEARTS EIGHT,0.552,0.0122,0.4358
SPADES TWO DIAMONDS SEVEN,0.644,0.0116,0.3444
SPADES TWO HEARTS JACK,0.6424,0.0114,0.3462
CLUBS JACK SPADES TWO,0.6352,0.013,0.3518
SPADES TEN HEARTS ACE,0.3338,0.0048,0.6614
HEARTS TWO CLUBS ACE,0.3864,0.0062,0.6074
SPADES THREE DIAMONDS FOUR,0.6142,0.0168,0.369
SPADES QUEEN DIAMONDS EIGHT,0.2258,0.2312,0.543
SPADES SEVEN DIAMONDS EIGHT,0.563,0.01,0.427
CLUBS TWO CLUBS KING,0.373,0.0058,0.6212
CLUBS SIX HEARTS NINE,0.5702,0.0128,0.417
HEARTS TWO DIAMONDS TEN,0.6218,0.0138,0.3644
DIAMONDS KING DIAMONDS EIGHT,0.3392,0.0076,0.6532
SPADES TEN HEARTS KING,0.334,0.0064,0.6596
DIAMONDS ACE DIAMONDS EIGHT,0.3516,0.0046,0.6438
HEARTS FOUR CLUBS FOUR,0.42,0.0302,0.5498
HEARTS SIX CLUBS FOUR,0.6016,0.0122,0.3862
HEARTS SIX CLUBS NINE,0.583,0.0106,0.4064
CLUBS EIGHT CLUBS FIVE,0.6498,0.0466,0.3036
SPADES TEN SPADES NINE,0.5152,0.0112,0.4736
CLUBS JACK SPADES EIGHT,0.5758,0.0104,0.4138
HEARTS FOUR SPADES TWO,0.6428,0.013,0.3442
CLUBS KING HEARTS EIGHT,0.3768,0.009,0.6142
HEARTS SIX HEARTS TEN,0.558,0.0128,0.4292
SPADES KING SPADES SEVEN,0.343,0.0042,0.6528
SPADES TEN HEARTS EIGHT,0.5738,0.0098,0.4164
CLUBS TWO SPADES FOUR,0.6342,0.0166,0.3492
SPADES NINE HEARTS TEN,0.5492,0.0138,0.437
CLUBS NINE DIAMONDS KING,0.3586,0.008,0.6334
CLUBS EIGHT SPADES SIX,0.5692,0.009,0.4218
HEARTS TWO HEARTS JACK,0.5972,0.012,0.3908
DIAMONDS THREE DIAMONDS ACE,0.3634,0.0046,0.632
CLUBS JACK SPADES THREE,0.6218,0.0106,0.3676
CLUBS ACE HEARTS NINE,0.3702,0.0046,0.6252
SPADES NINE DIAMONDS ACE,0.3548,0.0038,0.6414
SPADES SIX SPADES FIVE,0.628,0.0468,0.3252
SPADES KING HEARTS EIGHT,0.3634,0.0074,0.6292
DIAMONDS TWO DIAMONDS QUEEN,0.3092,0.4276,0.2632
HEARTS TWO SPADES TWO,0.4338,0.0314,0.5348
DIAMONDS TWO SPADES EIGHT,0.6478,0.0124,0.3398
HEARTS FOUR HEARTS NINE,0.607,0.0098,0.3832
SPADES SIX HEARTS EIGHT,0.5854,0.0098,0.4048
SPADES QUEEN SPADES FOUR,0.2998,0.43,0.2702
CLUBS NINE CLUBS SEVEN,0.5314,0.0124,0.4562
DIAMONDS THREE HEARTS FOUR,0.6388,0.0142,0.347
SPADES EIGHT SPADES THREE,0.5902,0.0134,0.3964
CLUBS NINE HEARTS FIVE,0.7068,0.049,0.2442
CLUBS TEN DIAMONDS FOUR,0.6362,0.0102,0.3536
HEARTS THREE HEARTS TEN,0.5994,0.0112,0.3894
SPADES ACE HEARTS EIGHT,0.3692,0.0034,0.6274
SPADES JACK CLUBS QUEEN,0.24,0.0964,0.6636
HEARTS SIX DIAMONDS TWO,0.6454,0.0152,0.3394
CLUBS NINE SPADES JACK,0.5686,0.0084,0.423
DIAMONDS QUEEN SPADES FIVE,0.0106,0.9698,0.0196
DIAMONDS THREE DIAMONDS NINE,0.5982,0.011,0.3908
SPADES QUEEN HEARTS THREE,0.322,0.456,0.222
CLUBS FIVE DIAMONDS SEVEN,0.6718,0.0452,0.283
CLUBS FOUR DIAMONDS SEVEN,0.6236,0.0112,0.3652
DIAMONDS TWO DIAMONDS KING,0.3746,0.0094,0.616
SPADES NINE HEARTS EIGHT,0.5464,0.0126,0.441
CLUBS ACE CLUBS QUEEN,0.2188,0.0168,0.7644
CLUBS TWO DIAMONDS TEN,0.6268,0.014,0.3592
SPADES FIVE SPADES TWO,0.6372,0.0514,0.3114
CLUBS SIX HEARTS ACE,0.3458,0.005,0.6492
DIAMONDS NINE HEARTS JACK,0.5458,0.0104,0.4438
SPADES SIX HEARTS TEN,0.5912,0.0104,0.3984
CLUBS FIVE CLUBS TWO,0.649,0.0548,0.2962
HEARTS THREE CLUBS SIX,0.6232,0.0126,0.3642
HEARTS FIVE DIAMONDS JACK,0.7112,0.0536,0.2352
HEARTS THREE SPADES FIVE,0.6876,0.054,0.2584
CLUBS TEN SPADES FIVE,0.7162,0.0454,0.2384
DIAMONDS JACK HEARTS TEN,0.5518,0.0098,0.4384
SPADES FOUR HEARTS ACE,0.379,0.0038,0.6172
CLUBS SIX SPADES FIVE,0.6652,0.0454,0.2894
CLUBS SEVEN SPADES THREE,0.6156,0.0136,0.3708
HEARTS FOUR HEARTS KING,0.3642,0.01,0.6258
SPADES TEN DIAMONDS FOUR,0.63,0.0122,0.3578
CLUBS JACK CLUBS EIGHT,0.521,0.0112,0.4678
CLUBS SEVEN DIAMONDS TEN,0.5796,0.0114,0.409
SPADES NINE SPADES FOUR,0.5856,0.0146,0.3998
DIAMONDS ACE CLUBS KING,0.3198,0.0034,0.6768
DIAMONDS THREE CLUBS THREE,0.4228,0.0292,0.548
HEARTS FIVE DIAMONDS NINE,0.7022,0.0482,0.2496
SPADES EIGHT DIAMONDS NINE,0.5414,0.0122,0.4464
HEARTS SEVEN CLUBS EIGHT,0.5668,0.0146,0.4186
SPADES KING CLUBS SEVEN,0.3874,0.0058,0.6068
CLUBS FIVE DIAMONDS TEN,0.7054,0.0506,0.244
DIAMONDS ACE DIAMONDS FOUR,0.3558,0.0066,0.6376
DIAMONDS NINE HEARTS NINE,0.3076,0.0206,0.6718
CLUBS JACK CLUBS QUEEN,0.2446,0.0806,0.6748
DIAMONDS THREE HEARTS KING,0.3864,0.0086,0.605
DIAMONDS TWO SPADES QUEEN,0.3206,0.4626,0.2168
SPADES TEN HEARTS THREE,0.6334,0.0142,0.3524
SPADES EIGHT DIAMONDS KING,0.3664,0.0082,0.6254
DIAMONDS QUEEN DIAMONDS JACK,0.2294,0.085,0.6856
HEARTS KING HEARTS EIGHT,0.3296,0.0072,0.6632
HEARTS THREE DIAMONDS SEVEN,0.6222,0.013,0.3648
HEARTS FOUR SPADES SIX,0.5968,0.0154,0.3878
SPADES QUEEN CLUBS SEVEN,0.2258,0.3048,0.4694
SPADES SIX DIAMONDS FOUR,0.6066,0.0174,0.376
SPADES SEVEN SPADES FOUR,0.5772,0.0126,0.4102
CLUBS THREE DIAMONDS SEVEN,0.6278,0.0146,0.3576
CLUBS SEVEN SPADES TWO,0.6392,0.0134,0.3474
SPADES EIGHT DIAMONDS JACK,0.5648,0.0112,0.424
SPADES SEVEN HEARTS JACK,0.5974,0.0094,0.3932
CLUBS FIVE DIAMONDS ACE,0.2342,0.0266,0.7392
DIAMONDS TWO CLUBS FIVE,0.7064,0.0534,0.2402
HEARTS SEVEN SPADES SIX,0.5664,0.015,0.4186
HEARTS FOUR DIAMONDS SIX,0.598,0.0136,0.3884
SPADES NINE CLUBS TWO,0.6292,0.0116,0.3592
DIAMONDS ACE SPADES SIX,0.3628,0.004,0.6332
CLUBS THREE HEARTS NINE,0.6278,0.009,0.3632
HEARTS JACK CLUBS KING,0.3434,0.0072,0.6494
CLUBS TWO DIAMONDS EIGHT,0.614,0.0108,0.3752
SPADES SIX HEARTS KING,0.3492,0.0068,0.644
CLUBS FIVE DIAMONDS EIGHT,0.694,0.0436,0.2624
SPADES NINE SPADES SIX,0.5466,0.0084,0.445
SPADES ACE DIAMONDS JACK,0.3468,0.0052,0.648
SPADES NINE DIAMONDS NINE,0.2944,0.0198,0.6858
SPADES TWO HEARTS TEN,0.6244,0.0134,0.3622
SPADES KING CLUBS EIGHT,0.3722,0.007,0.6208
SPADES SIX HEARTS NINE,0.5806,0.0118,0.4076
DIAMONDS TWO HEARTS JACK,0.6476,0.014,0.3384
CLUBS NINE DIAMONDS QUEEN,0.231,0.1624,0.6066
CLUBS TEN HEARTS TWO,0.632,0.0148,0.3532
DIAMONDS TWO DIAMONDS EIGHT,0.601,0.0114,0.3876
SPADES ACE CLUBS EIGHT,0.3652,0.0022,0.6326
SPADES SEVEN CLUBS QUEEN,0.235,0.2932,0.4718
DIAMONDS THREE SPADES TWO,0.6438,0.0198,0.3364
SPADES EIGHT SPADES SEVEN,0.526,0.0102,0.4638
CLUBS SEVEN DIAMONDS SIX,0.5596,0.0086,0.4318
CLUBS TWO HEARTS EIGHT,0.6416,0.012,0.3464
SPADES JACK SPADES NINE,0.5104,0.0126,0.477
SPADES KING HEARTS JACK,0.3494,0.005,0.6456
CLUBS EIGHT CLUBS SEVEN,0.5362,0.015,0.4488
HEARTS NINE DIAMONDS SIX,0.5814,0.0114,0.4072
HEARTS FOUR SPADES TEN,0.6454,0.0118,0.3428
CLUBS SIX CLUBS TWO,0.5894,0.0114,0.3992
CLUBS NINE HEARTS JACK,0.557,0.0118,0.4312
SPADES SIX DIAMONDS QUEEN,0.2192,0.3916,0.3892
CLUBS JACK HEARTS NINE,0.5688,0.0118,0.4194
CLUBS SIX DIAMONDS ACE,0.363,0.0056,0.6314
HEARTS SEVEN HEARTS THREE,0.5808,0.014,0.4052
DIAMONDS QUEEN DIAMONDS FOUR,0.3104,0.4342,0.2554
SPADES ACE SPADES SIX,0.339,0.0048,0.6562
SPADES QUEEN HEARTS JACK,0.249,0.0834,0.6676
SPADES JACK DIAMONDS JACK,0.2632,0.0092,0.7276
SPADES SIX CLUBS THREE,0.6112,0.0122,0.3766
CLUBS NINE DIAMONDS JACK,0.558,0.0092,0.4328
DIAMONDS ACE CLUBS ACE,0.1202,0.0044,0.8754
DIAMONDS TWO SPADES SIX,0.6334,0.0116,0.355
DIAMONDS EIGHT HEARTS NINE,0.5448,0.012,0.4432
DIAMONDS KING CLUBS THREE,0.3902,0.008,0.6018
DIAMONDS KING DIAMONDS FOUR,0.3672,0.0076,0.6252
CLUBS TEN CLUBS TWO,0.595,0.0104,0.3946
CLUBS TWO CLUBS QUEEN,0.3008,0.4352,0.264
HEARTS ACE SPADES THREE,0.3818,0.0042,0.614
SPADES QUEEN SPADES EIGHT,0.231,0.2078,0.5612
SPADES TEN SPADES SIX,0.5502,0.0102,0.4396
SPADES FOUR DIAMONDS SEVEN,0.6066,0.0134,0.38
DIAMONDS TEN DIAMONDS FOUR,0.6024,0.0122,0.3854
HEARTS SIX DIAMONDS KING,0.3524,0.0082,0.6394
CLUBS FIVE CLUBS QUEEN,0.019,0.911,0.07
CLUBS THREE DIAMONDS QUEEN,0.3174,0.467,0.2156
SPADES KING SPADES EIGHT,0.3424,0.006,0.6516
SPADES FIVE HEARTS JACK,0.708,0.0542,0.2378
SPADES TEN HEARTS TEN,0.287,0.0154,0.6976
SPADES NINE HEARTS JACK,0.5512,0.0106,0.4382
CLUBS SIX CLUBS THREE,0.5694,0.0126,0.418
SPADES SIX CLUBS KING,0.351,0.007,0.642
DIAMONDS NINE CLUBS QUEEN,0.2298,0.1712,0.599
CLUBS TEN CLUBS FOUR,0.586,0.0112,0.4028
DIAMONDS TWO HEARTS ACE,0.378,0.0068,0.6152
SPADES ACE CLUBS ACE,0.1322,0.0026,0.8652
CLUBS SEVEN HEARTS TWO,0.6408,0.012,0.3472
SPADES EIGHT HEARTS KING,0.3744,0.0078,0.6178
SPADES FIVE DIAMONDS SEVEN,0.6582,0.0488,0.293
HEARTS TEN DIAMONDS FOUR,0.6316,0.0166,0.3518
SPADES ACE CLUBS SEVEN,0.364,0.0044,0.6316
SPADES THREE HEARTS JACK,0.6332,0.0156,0.3512
CLUBS SIX DIAMONDS JACK,0.5904,0.013,0.3966
CLUBS FOUR CLUBS THREE,0.5914,0.0104,0.3982
HEARTS THREE DIAMONDS SIX,0.6234,0.0152,0.3614
DIAMONDS TWO CLUBS SIX,0.6276,0.0146,0.3578
CLUBS THREE HEARTS EIGHT,0.6416,0.013,0.3454
HEARTS FIVE HEARTS TEN,0.6772,0.0458,0.277
DIAMONDS KING DIAMONDS TEN,0.3226,0.0052,0.6722
CLUBS EIGHT CLUBS SIX,0.5324,0.0112,0.4564
CLUBS FIVE CLUBS THREE,0.6438,0.0502,0.306
HEARTS JACK HEARTS EIGHT,0.5592,0.0094,0.4314
SPADES ACE SPADES SEVEN,0.3428,0.0034,0.6538
CLUBS TEN SPADES SEVEN,0.5814,0.0108,0.4078
HEARTS SIX DIAMONDS FOUR,0.6182,0.0144,0.3674
SPADES KING SPADES NINE,0.3334,0.0074,0.6592
SPADES FOUR SPADES THREE,0.5872,0.0182,0.3946
CLUBS JACK SPADES NINE,0.5464,0.01,0.4436
SPADES ACE CLUBS TWO,0.3934,0.0052,0.6014
SPADES NINE SPADES EIGHT,0.5204,0.0094,0.4702
SPADES KING CLUBS TWO,0.4068,0.0064,0.5868
DIAMONDS EIGHT DIAMONDS SIX,0.5376,0.0134,0.449
CLUBS THREE SPADES FOUR,0.633,0.0118,0.3552
CLUBS EIGHT CLUBS ACE,0.338,0.0034,0.6586
HEARTS SEVEN DIAMONDS QUEEN,0.2248,0.3056,0.4696
CLUBS TEN DIAMONDS NINE,0.5394,0.0102,0.4504
SPADES KING SPADES SIX,0.3392,0.0056,0.6552
CLUBS EIGHT SPADES SEVEN,0.5656,0.0102,0.4242
CLUBS SIX CLUBS FOUR,0.573,0.013,0.414
CLUBS SEVEN SPADES NINE,0.5698,0.0102,0.42
DIAMONDS ACE SPADES SEVEN,0.3584,0.0036,0.638
HEARTS FIVE HEARTS ACE,0.2346,0.0282,0.7372
CLUBS FOUR HEARTS JACK,0.6372,0.0116,0.3512
CLUBS THREE SPADES TWO,0.6392,0.0128,0.348
HEARTS SIX HEARTS NINE,0.5382,0.012,0.4498
CLUBS EIGHT SPADES EIGHT,0.3088,0.024,0.6672
HEARTS NINE HEARTS EIGHT,0.5284,0.0128,0.4588
CLUBS NINE HEARTS KING,0.3676,0.0082,0.6242
CLUBS SIX DIAMONDS NINE,0.5756,0.0112,0.4132
HEARTS TEN DIAMONDS SEVEN,0.5722,0.0112,0.4166
SPADES EIGHT SPADES TWO,0.5846,0.0124,0.403
CLUBS TEN HEARTS KING,0.3438,0.0062,0.65
DIAMONDS ACE DIAMONDS SEVEN,0.3422,0.0044,0.6534
CLUBS ACE DIAMONDS SEVEN,0.3588,0.0038,0.6374
CLUBS FOUR HEARTS EIGHT,0.6256,0.0122,0.3622
SPADES TWO DIAMONDS FOUR,0.6452,0.0144,0.3404
CLUBS EIGHT SPADES FOUR,0.6162,0.0118,0.372
SPADES SEVEN DIAMONDS JACK,0.5886,0.0136,0.3978
DIAMONDS QUEEN HEARTS NINE,0.219,0.1808,0.6002
SPADES QUEEN DIAMONDS KING,0.2292,0.026,0.7448
SPADES FOUR DIAMONDS EIGHT,0.6108,0.012,0.3772
HEARTS FOUR SPADES THREE,0.6334,0.0146,0.352
SPADES SEVEN HEARTS EIGHT,0.5636,0.0124,0.424
CLUBS QUEEN DIAMONDS FOUR,0.3216,0.4612,0.2172
SPADES EIGHT DIAMONDS SEVEN,0.556,0.0124,0.4316
SPADES TEN CLUBS QUEEN,0.2346,0.1196,0.6458
SPADES ACE CLUBS SIX,0.3662,0.0038,0.63
SPADES TEN SPADES FOUR,0.5786,0.0124,0.409
CLUBS TEN SPADES TWO,0.6276,0.0124,0.36
SPADES ACE HEARTS FIVE,0.2334,0.0278,0.7388
CLUBS TWO CLUBS ACE,0.363,0.0064,0.6306
SPADES THREE SPADES TWO,0.6054,0.0124,0.3822
HEARTS KING DIAMONDS SEVEN,0.338,0.0098,0.6522
HEARTS TEN DIAMONDS SIX,0.5874,0.0122,0.4004
DIAMONDS TEN DIAMONDS SIX,0.5472,0.0142,0.4386
CLUBS TEN DIAMONDS TWO,0.6454,0.012,0.3426
HEARTS SEVEN CLUBS SIX,0.5678,0.0174,0.4148
SPADES THREE DIAMONDS EIGHT,0.6468,0.0126,0.3406
SPADES JACK CLUBS SEVEN,0.585,0.0098,0.4052
HEARTS ACE CLUBS ACE,0.1148,0.0048,0.8804
HEARTS SEVEN CLUBS FOUR,0.6208,0.0162,0.363
SPADES KING CLUBS THREE,0.406,0.0062,0.5878
CLUBS JACK SPADES JACK,0.2938,0.0122,0.694
HEARTS SEVEN SPADES EIGHT,0.5694,0.0116,0.419
CLUBS THREE SPADES THREE,0.4248,0.0296,0.5456
HEARTS KING CLUBS QUEEN,0.2308,0.028,0.7412
HEARTS SIX CLUBS SEVEN,0.5834,0.0154,0.4012
DIAMONDS THREE DIAMONDS SEVEN,0.5954,0.012,0.3926
CLUBS NINE DIAMONDS NINE,0.288,0.016,0.696
HEARTS THREE HEARTS TWO,0.626,0.0174,0.3566
HEARTS THREE CLUBS ACE,0.3928,0.004,0.6032
DIAMONDS NINE CLUBS KING,0.3536,0.007,0.6394
CLUBS NINE DIAMONDS FOUR,0.6342,0.0118,0.354
DIAMONDS TEN HEARTS TEN,0.275,0.016,0.709
CLUBS TEN HEARTS NINE,0.5506,0.0118,0.4376
CLUBS THREE HEARTS JACK,0.6422,0.014,0.3438
DIAMONDS JACK DIAMONDS TEN,0.5198,0.012,0.4682
DIAMONDS SEVEN HEARTS NINE,0.5662,0.0106,0.4232
CLUBS EIGHT HEARTS ACE,0.344,0.0056,0.6504
CLUBS FIVE HEARTS KING,0.2298,0.0428,0.7274
HEARTS NINE CLUBS QUEEN,0.2384,0.164,0.5976
CLUBS JACK HEARTS FOUR,0.6258,0.0136,0.3606
CLUBS JACK HEARTS THREE,0.6412,0.011,0.3478
DIAMONDS TWO CLUBS NINE,0.643,0.0128,0.3442
DIAMONDS KING SPADES SIX,0.3628,0.0076,0.6296
HEARTS SIX HEARTS THREE,0.5848,0.015,0.4002
SPADES ACE HEARTS THREE,0.386,0.0042,0.6098
DIAMONDS KING DIAMONDS JACK,0.3356,0.0064,0.658
HEARTS TWO CLUBS FIVE,0.6924,0.053,0.2546
HEARTS TWO DIAMONDS ACE,0.371,0.005,0.624
SPADES JACK DIAMONDS QUEEN,0.224,0.0942,0.6818
HEARTS THREE SPADES EIGHT,0.6512,0.0114,0.3374
SPADES TEN HEARTS NINE,0.5456,0.0126,0.4418
SPADES KING DIAMONDS TEN,0.3488,0.007,0.6442
SPADES EIGHT CLUBS QUEEN,0.2414,0.216,0.5426
SPADES TEN CLUBS SEVEN,0.5568,0.0108,0.4324
CLUBS FIVE DIAMONDS NINE,0.698,0.0536,0.2484
HEARTS SIX HEARTS TWO,0.5932,0.0186,0.3882
SPADES ACE SPADES THREE,0.3752,0.006,0.6188
HEARTS FOUR CLUBS SIX,0.6014,0.0146,0.384
HEARTS SEVEN DIAMONDS NINE,0.5532,0.0114,0.4354
CLUBS JACK CLUBS FOUR,0.592,0.0122,0.3958
DIAMONDS TWO DIAMONDS ACE,0.3652,0.007,0.6278
CLUBS JACK DIAMONDS NINE,0.5532,0.0112,0.4356
SPADES QUEEN DIAMONDS ACE,0.2192,0.0166,0.7642
SPADES KING CLUBS TEN,0.3468,0.0074,0.6458
CLUBS TWO HEARTS TEN,0.6276,0.012,0.3604
DIAMONDS SIX CLUBS QUEEN,0.2128,0.3754,0.4118
SPADES ACE DIAMONDS FOUR,0.3784,0.0044,0.6172
SPADES TEN SPADES EIGHT,0.5296,0.0118,0.4586
SPADES SIX HEARTS JACK,0.6178,0.0116,0.3706
DIAMONDS THREE HEARTS JACK,0.6458,0.0138,0.3404
DIAMONDS TWO CLUBS ACE,0.3838,0.005,0.6112
CLUBS NINE SPADES SEVEN,0.5738,0.011,0.4152
SPADES KING HEARTS ACE,0.3154,0.0056,0.679
CLUBS SIX HEARTS TEN,0.605,0.0114,0.3836
CLUBS TEN SPADES TEN,0.2944,0.0092,0.6964
SPADES SEVEN DIAMONDS SIX,0.565,0.0132,0.4218
HEARTS ACE HEARTS TEN,0.3398,0.0056,0.6546
CLUBS EIGHT DIAMONDS NINE,0.5456,0.0114,0.443
CLUBS FIVE DIAMONDS FOUR,0.6844,0.0474,0.2682
CLUBS EIGHT DIAMONDS FOUR,0.6234,0.0108,0.3658
DIAMONDS ACE HEARTS TEN,0.3422,0.0054,0.6524
HEARTS SEVEN SPADES TWO,0.647,0.0128,0.3402
DIAMONDS TWO DIAMONDS SEVEN,0.6036,0.0138,0.3826
DIAMONDS QUEEN CLUBS KING,0.2376,0.0296,0.7328
CLUBS THREE DIAMONDS EIGHT,0.6338,0.014,0.3522
CLUBS SEVEN SPADES SEVEN,0.3334,0.0202,0.6464
CLUBS FOUR HEARTS NINE,0.6258,0.0118,0.3624
SPADES SEVEN HEARTS ACE,0.3614,0.0072,0.6314
CLUBS THREE SPADES FIVE,0.6886,0.0416,0.2698
SPADES JACK HEARTS ACE,0.3482,0.0048,0.647
CLUBS EIGHT HEARTS TEN,0.5612,0.0116,0.4272
CLUBS EIGHT CLUBS QUEEN,0.2166,0.2106,0.5728
CLUBS NINE SPADES SIX,0.5794,0.0088,0.4118
CLUBS TEN HEARTS SIX,0.5874,0.015,0.3976
DIAMONDS QUEEN CLUBS ACE,0.2316,0.0166,0.7518
DIAMONDS TWO HEARTS KING,0.4108,0.009,0.5802
CLUBS SIX CLUBS QUEEN,0.2256,0.353,0.4214
DIAMONDS KING SPADES FOUR,0.3862,0.0058,0.608
SPADES TEN CLUBS THREE,0.6328,0.0098,0.3574
SPADES SEVEN CLUBS KING,0.3624,0.0056,0.632
SPADES EIGHT HEARTS ACE,0.3754,0.0026,0.622
SPADES NINE CLUBS FOUR,0.6286,0.0132,0.3582
HEARTS SEVEN HEARTS NINE,0.5418,0.0122,0.446
DIAMONDS SEVEN HEARTS EIGHT,0.5448,0.0126,0.4426
HEARTS SEVEN HEARTS TWO,0.627,0.011,0.362
HEARTS SIX HEARTS KING,0.3502,0.007,0.6428
HEARTS SEVEN CLUBS KING,0.3622,0.008,0.6298
SPADES QUEEN HEARTS NINE,0.2284,0.17,0.6016
SPADES EIGHT HEARTS TEN,0.5612,0.01,0.4288
SPADES KING DIAMONDS SIX,0.3582,0.0064,0.6354
SPADES KING DIAMONDS TWO,0.4124,0.0096,0.578
SPADES TWO HEARTS EIGHT,0.6508,0.0108,0.3384
DIAMONDS ACE DIAMONDS JACK,0.3302,0.0052,0.6646
DIAMONDS TWO CLUBS QUEEN,0.3246,0.4692,0.2062
CLUBS TEN HEARTS EIGHT,0.5594,0.0118,0.4288
CLUBS EIGHT CLUBS KING,0.3414,0.0052,0.6534
SPADES ACE SPADES FOUR,0.3552,0.0054,0.6394
DIAMONDS KING CLUBS KING,0.1366,0.0046,0.8588
CLUBS EIGHT HEARTS EIGHT,0.3182,0.0248,0.657
CLUBS EIGHT HEARTS NINE,0.5622,0.0114,0.4264
HEARTS SEVEN HEARTS SIX,0.5438,0.014,0.4422
SPADES KING DIAMONDS KING,0.1352,0.0046,0.8602
CLUBS TEN DIAMONDS EIGHT,0.559,0.0092,0.4318
CLUBS JACK DIAMONDS THREE,0.6246,0.0124,0.363
HEARTS FIVE SPADES TEN,0.7218,0.0462,0.232
DIAMONDS KING DIAMONDS NINE,0.3362,0.0066,0.6572
HEARTS THREE DIAMONDS NINE,0.63,0.0138,0.3562
HEARTS FIVE CLUBS SEVEN,0.6736,0.044,0.2824
SPADES EIGHT CLUBS FOUR,0.6086,0.0132,0.3782
CLUBS FIVE SPADES SEVEN,0.6766,0.045,0.2784
HEARTS FIVE DIAMONDS SIX,0.6682,0.0466,0.2852
SPADES ACE CLUBS JACK,0.3488,0.0036,0.6476
SPADES EIGHT CLUBS ACE,0.3652,0.0034,0.6314
HEARTS FOUR HEARTS EIGHT,0.5944,0.0132,0.3924
HEARTS SEVEN HEARTS FOUR,0.587,0.0146,0.3984
SPADES KING CLUBS ACE,0.3276,0.0038,0.6686
SPADES KING CLUBS QUEEN,0.2536,0.0314,0.715
HEARTS SIX SPADES QUEEN,0.2284,0.3858,0.3858
DIAMONDS THREE DIAMONDS KING,0.3694,0.0072,0.6234
CLUBS FIVE SPADES FIVE,0.2958,0.0366,0.6676
SPADES QUEEN CLUBS FIVE,0.0186,0.9588,0.0226
HEARTS SIX CLUBS SIX,0.3234,0.033,0.6436
SPADES KING DIAMONDS JACK,0.3328,0.0054,0.6618
DIAMONDS EIGHT DIAMONDS SEVEN,0.5328,0.0146,0.4526
SPADES THREE CLUBS QUEEN,0.3208,0.458,0.2212
SPADES KING SPADES THREE,0.3672,0.006,0.6268
SPADES FIVE DIAMONDS SIX,0.6534,0.0454,0.3012
DIAMONDS ACE HEARTS NINE,0.354,0.004,0.642
SPADES TEN HEARTS JACK,0.5444,0.0106,0.445
SPADES NINE DIAMONDS EIGHT,0.5458,0.015,0.4392
DIAMONDS THREE DIAMONDS TEN,0.6006,0.0092,0.3902
SPADES QUEEN HEARTS FOUR,0.3216,0.4662,0.2122
HEARTS KING HEARTS JACK,0.324,0.0076,0.6684
SPADES KING CLUBS FIVE,0.2324,0.04,0.7276
SPADES SEVEN SPADES THREE,0.5916,0.011,0.3974
CLUBS NINE SPADES FOUR,0.6398,0.0124,0.3478
SPADES ACE HEARTS TEN,0.3552,0.0034,0.6414
DIAMONDS ACE CLUBS TWO,0.3788,0.0054,0.6158
SPADES FOUR HEARTS KING,0.3852,0.0078,0.607
SPADES JACK HEARTS KING,0.3362,0.006,0.6578
SPADES TEN DIAMONDS TEN,0.2836,0.0124,0.704
SPADES SEVEN SPADES SIX,0.5432,0.0108,0.446
SPADES SEVEN DIAMONDS QUEEN,0.229,0.3026,0.4684
DIAMONDS QUEEN SPADES FOUR,0.3068,0.468,0.2252
HEARTS FOUR DIAMONDS KING,0.4018,0.0106,0.5876
SPADES SIX DIAMONDS EIGHT,0.5632,0.0134,0.4234
SPADES FIVE HEARTS ACE,0.2236,0.0286,0.7478
CLUBS NINE CLUBS KING,0.3286,0.0072,0.6642
SPADES TEN DIAMONDS SIX,0.5768,0.0128,0.4104
SPADES THREE CLUBS ACE,0.3752,0.0054,0.6194
CLUBS JACK HEARTS KING,0.3412,0.0074,0.6514
HEARTS KING DIAMONDS NINE,0.3418,0.0094,0.6488
CLUBS JACK HEARTS TEN,0.5374,0.0108,0.4518
DIAMONDS TEN DIAMONDS SEVEN,0.5296,0.0132,0.4572
SPADES NINE SPADES THREE,0.6122,0.0094,0.3784
HEARTS KING SPADES TWO,0.3934,0.0054,0.6012
SPADES EIGHT CLUBS KING,0.3756,0.006,0.6184
CLUBS TWO DIAMONDS SEVEN,0.6296,0.0152,0.3552
SPADES JACK DIAMONDS EIGHT,0.57,0.012,0.418
DIAMONDS THREE CLUBS QUEEN,0.3424,0.4512,0.2064
SPADES ACE CLUBS FOUR,0.3608,0.0044,0.6348
HEARTS TWO DIAMONDS KING,0.3994,0.009,0.5916
DIAMONDS TEN DIAMONDS NINE,0.5116,0.0136,0.4748
CLUBS THREE DIAMONDS FOUR,0.6286,0.015,0.3564
SPADES QUEEN CLUBS EIGHT,0.2296,0.2266,0.5438
SPADES KING DIAMONDS QUEEN,0.2248,0.025,0.7502
SPADES SEVEN DIAMONDS SEVEN,0.319,0.0226,0.6584
HEARTS SIX CLUBS QUEEN,0.2238,0.39,0.3862
DIAMONDS THREE HEARTS FIVE,0.6814,0.0496,0.269
HEARTS FOUR DIAMONDS SEVEN,0.6122,0.0136,0.3742
SPADES NINE SPADES TWO,0.601,0.0114,0.3876
SPADES KING HEARTS TEN,0.3446,0.007,0.6484
CLUBS JACK DIAMONDS TWO,0.6378,0.0146,0.3476
SPADES TEN CLUBS TWO,0.625,0.0126,0.3624
CLUBS SIX SPADES SEVEN,0.5624,0.0104,0.4272
HEARTS SEVEN DIAMONDS TWO,0.6486,0.0138,0.3376
HEARTS FOUR CLUBS ACE,0.3884,0.0044,0.6072
HEARTS TWO CLUBS KING,0.3928,0.0068,0.6004
CLUBS SEVEN HEARTS TEN,0.5712,0.0102,0.4186
SPADES ACE CLUBS NINE,0.3806,0.0054,0.614
HEARTS FIVE HEARTS FOUR,0.638,0.0466,0.3154
HEARTS FIVE CLUBS EIGHT,0.6848,0.0468,0.2684
SPADES FIVE HEARTS TEN,0.731,0.0446,0.2244
HEARTS FOUR SPADES FIVE,0.6692,0.0578,0.273
CLUBS JACK CLUBS NINE,0.5288,0.0096,0.4616
DIAMONDS TWO CLUBS EIGHT,0.6348,0.0102,0.355
CLUBS FOUR DIAMONDS SIX,0.603,0.0132,0.3838
SPADES JACK DIAMONDS SEVEN,0.5714,0.0112,0.4174
HEARTS SEVEN DIAMONDS TEN,0.5792,0.0126,0.4082
SPADES ACE HEARTS SIX,0.378,0.005,0.617
SPADES FOUR HEARTS TEN,0.6096,0.0134,0.377
HEARTS ACE DIAMONDS FOUR,0.3842,0.0036,0.6122
SPADES TEN SPADES THREE,0.5966,0.0134,0.39
SPADES JACK SPADES TEN,0.5108,0.0086,0.4806
CLUBS NINE HEARTS FOUR,0.6334,0.0148,0.3518
SPADES TEN DIAMONDS ACE,0.35,0.0038,0.6462
SPADES SEVEN CLUBS THREE,0.6184,0.0094,0.3722
CLUBS TEN HEARTS FOUR,0.6368,0.0138,0.3494
HEARTS ACE DIAMONDS NINE,0.351,0.0054,0.6436
HEARTS TWO DIAMONDS FOUR,0.6468,0.015,0.3382
SPADES JACK DIAMONDS ACE,0.3516,0.005,0.6434
HEARTS TWO CLUBS FOUR,0.636,0.0144,0.3496
DIAMONDS THREE HEARTS TEN,0.6418,0.0128,0.3454
CLUBS NINE DIAMONDS EIGHT,0.5432,0.0094,0.4474
DIAMONDS JACK DIAMONDS NINE,0.533,0.0096,0.4574
SPADES FOUR SPADES TWO,0.5976,0.0162,0.3862
SPADES QUEEN CLUBS NINE,0.238,0.1552,0.6068
SPADES THREE DIAMONDS SEVEN,0.6322,0.016,0.3518
CLUBS JACK CLUBS FIVE,0.6678,0.0496,0.2826
HEARTS THREE CLUBS FIVE,0.6904,0.0458,0.2638
DIAMONDS KING HEARTS EIGHT,0.3538,0.0064,0.6398
SPADES ACE CLUBS FIVE,0.2312,0.0276,0.7412
CLUBS JACK HEARTS SEVEN,0.5892,0.0112,0.3996
HEARTS THREE HEARTS JACK,0.6136,0.0138,0.3726
DIAMONDS TWO DIAMONDS FOUR,0.6208,0.014,0.3652
CLUBS JACK SPADES FOUR,0.6328,0.011,0.3562
SPADES QUEEN CLUBS ACE,0.2264,0.0128,0.7608
HEARTS TWO DIAMONDS JACK,0.6392,0.0138,0.347
CLUBS EIGHT SPADES TEN,0.5534,0.0094,0.4372
SPADES EIGHT CLUBS FIVE,0.6868,0.048,0.2652
CLUBS JACK SPADES SEVEN,0.5906,0.0084,0.401
SPADES KING HEARTS FOUR,0.3926,0.0084,0.599
CLUBS SIX CLUBS KING,0.3346,0.0062,0.6592
HEARTS FOUR CLUBS SEVEN,0.6224,0.0128,0.3648
CLUBS FOUR CLUBS TWO,0.601,0.013,0.386
CLUBS SEVEN DIAMONDS SEVEN,0.3182,0.0254,0.6564
HEARTS FIVE CLUBS FOUR,0.673,0.0482,0.2788
SPADES JACK SPADES FIVE,0.658,0.0544,0.2876
CLUBS SIX SPADES TWO,0.6174,0.0128,0.3698
DIAMONDS THREE HEARTS ACE,0.3722,0.0048,0.623
CLUBS SEVEN CLUBS TWO,0.5876,0.0148,0.3976
DIAMONDS JACK HEARTS ACE,0.3364,0.0078,0.6558
SPADES JACK HEARTS THREE,0.6384,0.0102,0.3514
SPADES FIVE DIAMONDS TEN,0.7098,0.0524,0.2378
CLUBS FIVE HEARTS ACE,0.2322,0.0312,0.7366
DIAMONDS THREE SPADES EIGHT,0.6398,0.0134,0.3468
SPADES QUEEN DIAMONDS FOUR,0.3146,0.4694,0.216
CLUBS JACK HEARTS TWO,0.6316,0.0124,0.356
SPADES SIX DIAMONDS JACK,0.5832,0.0122,0.4046
HEARTS FOUR DIAMONDS JACK,0.6268,0.0122,0.361
SPADES QUEEN DIAMONDS SIX,0.2176,0.377,0.4054
CLUBS JACK CLUBS THREE,0.593,0.0096,0.3974
HEARTS SEVEN SPADES FIVE,0.6724,0.0418,0.2858
DIAMONDS TWO HEARTS THREE,0.6376,0.0148,0.3476
CLUBS SEVEN HEARTS EIGHT,0.557,0.0104,0.4326
HEARTS FIVE SPADES FOUR,0.6542,0.0504,0.2954
CLUBS ACE DIAMONDS FOUR,0.3766,0.0044,0.619
CLUBS EIGHT DIAMONDS SEVEN,0.5686,0.0116,0.4198
SPADES KING HEARTS SIX,0.3658,0.0072,0.627
CLUBS NINE SPADES TWO,0.6382,0.0108,0.351
CLUBS JACK HEARTS EIGHT,0.5858,0.0098,0.4044
CLUBS EIGHT SPADES NINE,0.5472,0.0098,0.443
DIAMONDS QUEEN HEARTS TEN,0.2176,0.1274,0.655
DIAMONDS NINE CLUBS ACE,0.3484,0.0046,0.647
CLUBS FIVE HEARTS EIGHT,0.6934,0.0446,0.262
HEARTS THREE HEARTS NINE,0.5958,0.0132,0.391
SPADES NINE HEARTS ACE,0.3638,0.0068,0.6294
SPADES ACE DIAMONDS TWO,0.389,0.0052,0.6058
SPADES EIGHT HEARTS EIGHT,0.3106,0.0228,0.6666
HEARTS TEN HEARTS EIGHT,0.5288,0.0106,0.4606
DIAMONDS TWO SPADES THREE,0.6578,0.0126,0.3296
SPADES NINE DIAMONDS QUEEN,0.2274,0.1716,0.601
CLUBS TEN CLUBS EIGHT,0.5094,0.01,0.4806
CLUBS TEN HEARTS ACE,0.3484,0.0054,0.6462
CLUBS SEVEN DIAMONDS ACE,0.3622,0.0036,0.6342
SPADES ACE DIAMONDS SIX,0.358,0.005,0.637
SPADES ACE DIAMONDS EIGHT,0.3574,0.0036,0.639
CLUBS EIGHT SPADES FIVE,0.697,0.0464,0.2566
HEARTS ACE HEARTS NINE,0.3502,0.0034,0.6464
HEARTS SIX HEARTS FOUR,0.572,0.0138,0.4142
DIAMONDS KING DIAMONDS SIX,0.3538,0.0092,0.637
HEARTS ACE DIAMONDS EIGHT,0.354,0.0042,0.6418
HEARTS SEVEN HEARTS FIVE,0.6528,0.0462,0.301
HEARTS THREE CLUBS THREE,0.4424,0.0392,0.5184
HEARTS FOUR DIAMONDS ACE,0.3698,0.0054,0.6248
CLUBS SEVEN CLUBS ACE,0.336,0.0038,0.6602
DIAMONDS THREE CLUBS NINE,0.6406,0.012,0.3474
SPADES EIGHT DIAMONDS TEN,0.5512,0.0126,0.4362
CLUBS FOUR CLUBS ACE,0.3642,0.0056,0.6302
SPADES KING CLUBS FOUR,0.3952,0.0074,0.5974
DIAMONDS KING HEARTS TEN,0.3318,0.0078,0.6604
HEARTS TWO CLUBS TWO,0.4328,0.0354,0.5318
HEARTS SIX CLUBS FIVE,0.6732,0.051,0.2758
SPADES FIVE CLUBS QUEEN,0.0216,0.9566,0.0218
SPADES SEVEN SPADES FIVE,0.6356,0.0436,0.3208
HEARTS THREE DIAMONDS JACK,0.6266,0.0166,0.3568
CLUBS FOUR HEARTS TEN,0.6316,0.0112,0.3572
CLUBS FOUR CLUBS KING,0.375,0.0068,0.6182
HEARTS FIVE CLUBS KING,0.2316,0.0418,0.7266
CLUBS TEN CLUBS NINE,0.502,0.0106,0.4874
CLUBS FOUR SPADES FIVE,0.6668,0.0476,0.2856
HEARTS SIX SPADES THREE,0.6218,0.0132,0.365
CLUBS SIX CLUBS FIVE,0.6202,0.0454,0.3344
SPADES NINE DIAMONDS SEVEN,0.5536,0.011,0.4354
SPADES SEVEN HEARTS KING,0.3626,0.0064,0.631
HEARTS FIVE SPADES THREE,0.6754,0.052,0.2726
CLUBS EIGHT SPADES THREE,0.6366,0.0136,0.3498
HEARTS FOUR SPADES EIGHT,0.6304,0.0144,0.3552
HEARTS FOUR CLUBS FIVE,0.6658,0.047,0.2872
CLUBS EIGHT DIAMONDS ACE,0.3666,0.005,0.6284
SPADES TWO CLUBS QUEEN,0.3292,0.4468,0.224
CLUBS EIGHT DIAMONDS KING,0.3628,0.0056,0.6316
SPADES SEVEN DIAMONDS KING,0.357,0.0056,0.6374
CLUBS SEVEN HEARTS NINE,0.5746,0.0106,0.4148
SPADES SEVEN CLUBS ACE,0.3738,0.003,0.6232
HEARTS FOUR CLUBS TWO,0.6466,0.0136,0.3398
HEARTS THREE HEARTS KING,0.3854,0.0096,0.605
CLUBS SEVEN CLUBS FIVE,0.6376,0.0474,0.315
CLUBS FOUR HEARTS ACE,0.3724,0.0048,0.6228
CLUBS TEN CLUBS FIVE,0.6592,0.0476,0.2932
SPADES ACE HEARTS TWO,0.393,0.0036,0.6034
SPADES QUEEN CLUBS FOUR,0.324,0.4546,0.2214
HEARTS FOUR CLUBS QUEEN,0.3202,0.4722,0.2076
SPADES THREE HEARTS TEN,0.6336,0.0128,0.3536
CLUBS NINE CLUBS FOUR,0.581,0.0124,0.4066
SPADES FIVE CLUBS ACE,0.2368,0.0264,0.7368
HEARTS THREE DIAMONDS QUEEN,0.3212,0.4658,0.213
DIAMONDS JACK CLUBS KING,0.3288,0.006,0.6652
CLUBS NINE HEARTS THREE,0.6274,0.0142,0.3584
HEARTS ACE SPADES TWO,0.3812,0.0044,0.6144
HEARTS FIVE HEARTS JACK,0.679,0.0448,0.2762
HEARTS TWO SPADES THREE,0.643,0.0154,0.3416
HEARTS EIGHT DIAMONDS FOUR,0.6242,0.0102,0.3656
SPADES JACK HEARTS NINE,0.5648,0.0118,0.4234
DIAMONDS TWO SPADES FOUR,0.6348,0.0116,0.3536
DIAMONDS ACE DIAMONDS KING,0.3166,0.005,0.6784
SPADES QUEEN SPADES JACK,0.2214,0.089,0.6896
DIAMONDS TWO SPADES SEVEN,0.636,0.0144,0.3496
CLUBS FIVE SPADES THREE,0.6768,0.0516,0.2716
DIAMONDS ACE DIAMONDS TEN,0.3342,0.0042,0.6616
SPADES TEN DIAMONDS SEVEN,0.5664,0.0144,0.4192
SPADES FIVE DIAMONDS NINE,0.6876,0.0492,0.2632
HEARTS FIVE HEARTS TWO,0.6652,0.0518,0.283
HEARTS TWO SPADES FOUR,0.6432,0.0184,0.3384
CLUBS TEN CLUBS QUEEN,0.235,0.1072,0.6578
SPADES KING CLUBS KING,0.1438,0.004,0.8522
CLUBS ACE HEARTS EIGHT,0.364,0.0086,0.6274
HEARTS FIVE SPADES TWO,0.6996,0.0508,0.2496
HEARTS FOUR DIAMONDS NINE,0.627,0.0118,0.3612
CLUBS TWO SPADES TWO,0.4256,0.0332,0.5412
SPADES ACE CLUBS QUEEN,0.23,0.014,0.756
SPADES KING SPADES FOUR,0.3592,0.009,0.6318
HEARTS SEVEN CLUBS QUEEN,0.2352,0.3022,0.4626
HEARTS THREE HEARTS EIGHT,0.6064,0.0154,0.3782
HEARTS THREE SPADES TWO,0.6516,0.0144,0.334
HEARTS SIX HEARTS JACK,0.5728,0.0094,0.4178
DIAMONDS SEVEN DIAMONDS FOUR,0.5802,0.0128,0.407
