opposingHand,winningChance,drawChance,lostChance
DIAMONDS KING HEARTS TEN
SPADES JACK SPADES TWO,0.6144,0.0078,0.3778
HEARTS SIX CLUBS THREE,0.6512,0.0094,0.3394
SPADES JACK HEARTS NINE,0.6202,0.0062,0.3736
SPADES ACE SPADES TWO,0.4016,0.0052,0.5932
SPADES QUEEN DIAMONDS ACE,0.3574,0.0056,0.637
DIAMONDS EIGHT HEARTS JACK,0.639,0.0058,0.3552
HEARTS SIX HEARTS JACK,0.6074,0.0066,0.386
CLUBS THREE CLUBS ACE,0.4012,0.0032,0.5956
CLUBS THREE HEARTS QUEEN,0.659,0.0078,0.3332
DIAMONDS EIGHT HEARTS EIGHT,0.4624,0.011,0.5266
CLUBS THREE HEARTS JACK,0.6558,0.0086,0.3356
SPADES JACK HEARTS THREE,0.6678,0.0078,0.3244
CLUBS FIVE DIAMONDS FOUR,0.617,0.0088,0.3742
CLUBS SIX DIAMONDS SEVEN,0.632,0.0066,0.3614
SPADES KING HEARTS JACK,0.2332,0.0822,0.6846
HEARTS FIVE SPADES THREE,0.6438,0.0078,0.3484
SPADES KING DIAMONDS SIX,0.6466,0.1196,0.2338
SPADES SIX DIAMONDS JACK,0.6562,0.0074,0.3364
SPADES ACE SPADES EIGHT,0.4076,0.0056,0.5868
HEARTS THREE DIAMONDS TEN,0.7544,0.0328,0.2128
HEARTS FOUR SPADES SIX,0.6378,0.0072,0.355
DIAMONDS NINE CLUBS QUEEN,0.6426,0.006,0.3514
CLUBS NINE DIAMONDS NINE,0.4484,0.0056,0.546
SPADES SIX CLUBS THREE,0.6428,0.0076,0.3496
DIAMONDS EIGHT CLUBS ACE,0.412,0.0032,0.5848
CLUBS FIVE SPADES TWO,0.6358,0.0068,0.3574
SPADES FOUR SPADES THREE,0.5902,0.01,0.3998
CLUBS JACK HEARTS QUEEN,0.5832,0.0048,0.412
DIAMONDS JACK DIAMONDS EIGHT,0.6072,0.0068,0.386
DIAMONDS EIGHT DIAMONDS FIVE,0.6274,0.008,0.3646
HEARTS SIX DIAMONDS FIVE,0.6426,0.0076,0.3498
HEARTS FOUR CLUBS SEVEN,0.65,0.0056,0.3444
SPADES JACK DIAMONDS EIGHT,0.653,0.0056,0.3414
SPADES FOUR CLUBS ACE,0.4276,0.0034,0.569
DIAMONDS EIGHT DIAMONDS SEVEN,0.5948,0.0078,0.3974
SPADES JACK CLUBS ACE,0.3778,0.0034,0.6188
CLUBS NINE DIAMONDS QUEEN,0.6412,0.005,0.3538
SPADES QUEEN HEARTS ACE,0.372,0.0048,0.6232
CLUBS FIVE HEARTS ACE,0.4036,0.0058,0.5906
CLUBS FIVE DIAMONDS TEN,0.7372,0.039,0.2238
CLUBS NINE CLUBS KING,0.6094,0.111,0.2796
SPADES SEVEN DIAMONDS FIVE,0.633,0.0046,0.3624
SPADES TWO HEARTS EIGHT,0.6812,0.0078,0.311
HEARTS FOUR HEARTS THREE,0.6132,0.0086,0.3782
DIAMONDS SIX CLUBS KING,0.6596,0.1126,0.2278
CLUBS EIGHT SPADES FOUR,0.647,0.0062,0.3468
SPADES QUEEN SPADES TWO,0.6098,0.0082,0.382
CLUBS NINE SPADES TEN,0.6898,0.029,0.2812
SPADES QUEEN DIAMONDS FOUR,0.6594,0.0064,0.3342
DIAMONDS THREE HEARTS FIVE,0.6512,0.0056,0.3432
CLUBS EIGHT DIAMONDS ACE,0.4182,0.0046,0.5772
HEARTS FIVE DIAMONDS JACK,0.6596,0.008,0.3324
CLUBS NINE SPADES THREE,0.6712,0.0056,0.3232
HEARTS TWO HEARTS ACE,0.4018,0.0058,0.5924
DIAMONDS JACK SPADES THREE,0.6552,0.0072,0.3376
HEARTS FIVE HEARTS KING,0.6242,0.1084,0.2674
DIAMONDS QUEEN DIAMONDS FOUR,0.6336,0.006,0.3604
DIAMONDS THREE SPADES NINE,0.6856,0.0088,0.3056
CLUBS TWO DIAMONDS TEN,0.7542,0.0362,0.2096
DIAMONDS NINE SPADES THREE,0.6698,0.0072,0.323
CLUBS ACE CLUBS KING,0.2434,0.014,0.7426
CLUBS TEN HEARTS NINE,0.6954,0.0386,0.266
HEARTS TWO HEARTS QUEEN,0.6184,0.0098,0.3718
DIAMONDS QUEEN HEARTS QUEEN,0.2956,0.0042,0.7002
DIAMONDS THREE SPADES JACK,0.6542,0.0086,0.3372
SPADES KING DIAMONDS TEN,0.0192,0.9704,0.0104
DIAMONDS ACE HEARTS EIGHT,0.4116,0.0044,0.584
SPADES FIVE DIAMONDS NINE,0.6576,0.008,0.3344
SPADES NINE SPADES SEVEN,0.603,0.0064,0.3906
SPADES ACE SPADES SEVEN,0.3948,0.0044,0.6008
SPADES THREE HEARTS JACK,0.6408,0.007,0.3522
DIAMONDS THREE SPADES TWO,0.6474,0.0102,0.3424
CLUBS SIX HEARTS QUEEN,0.6452,0.0046,0.3502
DIAMONDS TWO HEARTS NINE,0.6894,0.0092,0.3014
DIAMONDS SEVEN DIAMONDS FOUR,0.6092,0.0056,0.3852
HEARTS SIX DIAMONDS ACE,0.4202,0.0044,0.5754
SPADES SEVEN DIAMONDS QUEEN,0.6622,0.0054,0.3324
CLUBS TEN DIAMONDS FIVE,0.7356,0.0382,0.2262
CLUBS TEN HEARTS QUEEN,0.7154,0.0276,0.257
HEARTS THREE SPADES FOUR,0.6344,0.0068,0.3588
CLUBS JACK SPADES EIGHT,0.643,0.0054,0.3516
DIAMONDS ACE DIAMONDS SEVEN,0.3914,0.0046,0.604
HEARTS TWO CLUBS ACE,0.4278,0.0056,0.5666
CLUBS SEVEN DIAMONDS FOUR,0.654,0.0058,0.3402
HEARTS THREE SPADES EIGHT,0.6768,0.0066,0.3166
CLUBS JACK DIAMONDS FOUR,0.6548,0.0052,0.34
SPADES FIVE HEARTS JACK,0.6462,0.0046,0.3492
CLUBS NINE CLUBS FOUR,0.6288,0.0052,0.366
CLUBS NINE HEARTS FOUR,0.688,0.0066,0.3054
SPADES SIX HEARTS EIGHT,0.6506,0.0078,0.3416
HEARTS FOUR HEARTS JACK,0.6172,0.0058,0.377
SPADES ACE DIAMONDS QUEEN,0.378,0.0072,0.6148
DIAMONDS JACK HEARTS ACE,0.3624,0.0032,0.6344
HEARTS THREE SPADES NINE,0.67,0.0064,0.3236
DIAMONDS JACK HEARTS NINE,0.6306,0.0064,0.363
SPADES SIX HEARTS NINE,0.6622,0.007,0.3308
SPADES TWO HEARTS NINE,0.6944,0.009,0.2966
HEARTS FIVE HEARTS NINE,0.6384,0.007,0.3546
SPADES JACK CLUBS KING,0.239,0.0896,0.6714
CLUBS TEN CLUBS THREE,0.6982,0.0372,0.2646
HEARTS THREE HEARTS EIGHT,0.6572,0.0082,0.3346
HEARTS SIX SPADES TEN,0.7204,0.0362,0.2434
SPADES SEVEN HEARTS NINE,0.6542,0.0066,0.3392
CLUBS SIX CLUBS FIVE,0.5878,0.0066,0.4056
SPADES KING DIAMONDS EIGHT,0.6552,0.107,0.2378
CLUBS FIVE SPADES SEVEN,0.633,0.0054,0.3616
DIAMONDS ACE CLUBS TWO,0.4272,0.005,0.5678
HEARTS SIX SPADES SEVEN,0.637,0.0048,0.3582
SPADES TEN HEARTS ACE,0.2436,0.0166,0.7398
SPADES KING SPADES FOUR,0.6132,0.102,0.2848
CLUBS JACK HEARTS NINE,0.637,0.0066,0.3564
CLUBS FIVE DIAMONDS NINE,0.668,0.0094,0.3226
HEARTS FIVE HEARTS FOUR,0.5936,0.0086,0.3978
SPADES ACE DIAMONDS FOUR,0.431,0.003,0.566
DIAMONDS ACE HEARTS KING,0.2434,0.0126,0.744
SPADES NINE HEARTS JACK,0.623,0.0058,0.3712
HEARTS FOUR CLUBS QUEEN,0.6544,0.0098,0.3358
CLUBS JACK HEARTS ACE,0.3608,0.0058,0.6334
DIAMONDS NINE DIAMONDS SEVEN,0.6066,0.0064,0.387
HEARTS THREE CLUBS ACE,0.4162,0.005,0.5788
HEARTS QUEEN HEARTS JACK,0.562,0.0054,0.4326
DIAMONDS THREE CLUBS QUEEN,0.6576,0.0066,0.3358
SPADES SIX DIAMONDS SIX,0.4716,0.0104,0.518
CLUBS KING CLUBS QUEEN,0.2384,0.0582,0.7034
HEARTS THREE CLUBS QUEEN,0.6638,0.0048,0.3314
CLUBS NINE HEARTS KING,0.6572,0.1148,0.228
HEARTS SEVEN HEARTS SIX,0.5946,0.0072,0.3982
CLUBS FIVE CLUBS KING,0.6102,0.1144,0.2754
DIAMONDS THREE HEARTS TWO,0.6674,0.0116,0.321
HEARTS SIX CLUBS FIVE,0.6294,0.0084,0.3622
HEARTS TWO HEARTS EIGHT,0.6416,0.0076,0.3508
HEARTS SIX HEARTS EIGHT,0.5984,0.0064,0.3952
DIAMONDS TWO DIAMONDS QUEEN,0.6332,0.008,0.3588
SPADES TEN DIAMONDS NINE,0.706,0.0332,0.2608
CLUBS SIX DIAMONDS SIX,0.459,0.0064,0.5346
SPADES ACE HEARTS FOUR,0.414,0.0046,0.5814
CLUBS NINE CLUBS FIVE,0.6038,0.0074,0.3888
CLUBS SEVEN SPADES SIX,0.6276,0.0058,0.3666
CLUBS FOUR DIAMONDS NINE,0.6754,0.0066,0.318
HEARTS FIVE HEARTS QUEEN,0.6238,0.0074,0.3688
CLUBS FIVE CLUBS QUEEN,0.6088,0.0098,0.3814
CLUBS SEVEN DIAMONDS ACE,0.4128,0.0048,0.5824
HEARTS TWO DIAMONDS FOUR,0.6632,0.01,0.3268
CLUBS TEN CLUBS ACE,0.2402,0.018,0.7418
SPADES JACK HEARTS KING,0.2274,0.0872,0.6854
SPADES SEVEN DIAMONDS JACK,0.6526,0.0052,0.3422
CLUBS JACK CLUBS ACE,0.3534,0.0028,0.6438
CLUBS FOUR HEARTS KING,0.6446,0.1228,0.2326
CLUBS ACE HEARTS EIGHT,0.419,0.0038,0.5772
HEARTS FIVE SPADES EIGHT,0.6646,0.0074,0.328
DIAMONDS QUEEN HEARTS ACE,0.3618,0.0064,0.6318
SPADES ACE CLUBS KING,0.258,0.0104,0.7316
SPADES ACE SPADES JACK,0.3454,0.005,0.6496
CLUBS SEVEN HEARTS KING,0.6456,0.1088,0.2456
SPADES SIX HEARTS QUEEN,0.644,0.0066,0.3494
DIAMONDS THREE CLUBS SIX,0.6398,0.0076,0.3526
SPADES SEVEN SPADES THREE,0.611,0.0066,0.3824
SPADES QUEEN DIAMONDS EIGHT,0.6492,0.0052,0.3456
HEARTS QUEEN DIAMONDS SEVEN,0.6702,0.0062,0.3236
SPADES QUEEN CLUBS SIX,0.651,0.0082,0.3408
CLUBS TEN SPADES NINE,0.7014,0.0308,0.2678
CLUBS FOUR HEARTS NINE,0.6714,0.0082,0.3204
DIAMONDS TEN HEARTS JACK,0.719,0.0268,0.2542
CLUBS FOUR HEARTS ACE,0.4198,0.0048,0.5754
HEARTS KING DIAMONDS FOUR,0.6434,0.1194,0.2372
DIAMONDS TWO DIAMONDS ACE,0.398,0.0052,0.5968
SPADES NINE DIAMONDS TEN,0.6994,0.0332,0.2674
CLUBS TWO HEARTS EIGHT,0.6752,0.009,0.3158
DIAMONDS TEN HEARTS QUEEN,0.7202,0.0296,0.2502
CLUBS SIX CLUBS ACE,0.4052,0.0032,0.5916
DIAMONDS QUEEN HEARTS KING,0.2442,0.0596,0.6962
SPADES FIVE DIAMONDS SIX,0.6232,0.0068,0.37
DIAMONDS SEVEN CLUBS ACE,0.4212,0.0034,0.5754
DIAMONDS THREE DIAMONDS ACE,0.4136,0.0046,0.5818
SPADES NINE CLUBS SIX,0.6528,0.0038,0.3434
SPADES QUEEN CLUBS QUEEN,0.29,0.004,0.706
SPADES TEN DIAMONDS FIVE,0.731,0.0364,0.2326
HEARTS FOUR CLUBS FOUR,0.4802,0.0102,0.5096
SPADES ACE SPADES TEN,0.2284,0.0196,0.752
CLUBS NINE CLUBS ACE,0.3824,0.0036,0.614
HEARTS FOUR HEARTS EIGHT,0.64,0.0052,0.3548
HEARTS FOUR CLUBS FIVE,0.6192,0.0084,0.3724
SPADES SIX DIAMONDS NINE,0.6572,0.0054,0.3374
CLUBS FOUR SPADES FOUR,0.4708,0.0092,0.52
SPADES TWO HEARTS QUEEN,0.6476,0.0072,0.3452
DIAMONDS SEVEN CLUBS KING,0.6634,0.106,0.2306
HEARTS SEVEN DIAMONDS EIGHT,0.6246,0.0108,0.3646
SPADES JACK CLUBS FIVE,0.6552,0.0066,0.3382
DIAMONDS TWO SPADES THREE,0.6606,0.0092,0.3302
DIAMONDS TWO DIAMONDS SIX,0.627,0.0074,0.3656
HEARTS SEVEN HEARTS ACE,0.3994,0.0058,0.5948
DIAMONDS SEVEN HEARTS NINE,0.6472,0.0088,0.344
DIAMONDS ACE DIAMONDS FOUR,0.3924,0.0056,0.602
DIAMONDS SIX DIAMONDS FIVE,0.597,0.0074,0.3956
DIAMONDS THREE CLUBS NINE,0.677,0.007,0.316
CLUBS JACK SPADES SIX,0.6488,0.006,0.3452
HEARTS THREE DIAMONDS ACE,0.4218,0.0054,0.5728
CLUBS NINE SPADES SIX,0.6446,0.005,0.3504
CLUBS EIGHT CLUBS QUEEN,0.6206,0.0042,0.3752
SPADES THREE HEARTS KING,0.6448,0.1222,0.233
CLUBS FIVE DIAMONDS QUEEN,0.6478,0.0066,0.3456
SPADES TWO DIAMONDS FIVE,0.6578,0.0068,0.3354
HEARTS TWO HEARTS JACK,0.6252,0.0056,0.3692
HEARTS SEVEN DIAMONDS THREE,0.667,0.005,0.328
CLUBS SEVEN DIAMONDS JACK,0.6572,0.0068,0.336
SPADES JACK HEARTS EIGHT,0.6314,0.007,0.3616
CLUBS SEVEN CLUBS ACE,0.3856,0.0048,0.6096
HEARTS FIVE SPADES TEN,0.7414,0.0344,0.2242
SPADES FIVE HEARTS QUEEN,0.6576,0.0056,0.3368
HEARTS SEVEN SPADES FOUR,0.6474,0.0102,0.3424
SPADES TEN DIAMONDS QUEEN,0.7288,0.0292,0.242
SPADES TEN SPADES SEVEN,0.6646,0.0302,0.3052
SPADES SEVEN HEARTS ACE,0.4196,0.0046,0.5758
CLUBS JACK CLUBS QUEEN,0.552,0.0072,0.4408
DIAMONDS ACE SPADES SEVEN,0.4168,0.0028,0.5804
HEARTS KING DIAMONDS SIX,0.6588,0.1138,0.2274
HEARTS SEVEN SPADES TEN,0.7168,0.034,0.2492
CLUBS TEN CLUBS FOUR,0.6718,0.0338,0.2944
SPADES KING CLUBS THREE,0.651,0.1218,0.2272
CLUBS TWO HEARTS QUEEN,0.6532,0.0066,0.3402
SPADES TWO CLUBS QUEEN,0.6564,0.006,0.3376
DIAMONDS JACK SPADES TWO,0.6576,0.0066,0.3358
DIAMONDS JACK CLUBS KING,0.2484,0.0808,0.6708
CLUBS SEVEN CLUBS FOUR,0.6028,0.005,0.3922
HEARTS KING CLUBS QUEEN,0.2394,0.0612,0.6994
DIAMONDS TEN HEARTS EIGHT,0.7128,0.0354,0.2518
SPADES JACK HEARTS QUEEN,0.5928,0.0058,0.4014
SPADES TWO CLUBS ACE,0.4238,0.004,0.5722
HEARTS FIVE CLUBS EIGHT,0.6534,0.0058,0.3408
DIAMONDS NINE HEARTS JACK,0.625,0.0056,0.3694
SPADES TEN HEARTS JACK,0.7096,0.0278,0.2626
SPADES ACE CLUBS EIGHT,0.4244,0.0048,0.5708
SPADES FOUR DIAMONDS FOUR,0.4886,0.0108,0.5006
CLUBS SEVEN CLUBS THREE,0.613,0.0074,0.3796
HEARTS SIX HEARTS FOUR,0.6214,0.0072,0.3714
DIAMONDS ACE DIAMONDS QUEEN,0.3534,0.006,0.6406
DIAMONDS JACK DIAMONDS SEVEN,0.618,0.0072,0.3748
CLUBS EIGHT CLUBS SIX,0.5962,0.0082,0.3956
CLUBS FOUR DIAMONDS FIVE,0.6126,0.008,0.3794
DIAMONDS THREE CLUBS KING,0.6666,0.118,0.2154
SPADES SIX CLUBS QUEEN,0.6466,0.0068,0.3466
HEARTS SIX CLUBS SEVEN,0.62,0.0084,0.3716
SPADES SIX CLUBS KING,0.6524,0.1188,0.2288
DIAMONDS THREE CLUBS ACE,0.4326,0.004,0.5634
DIAMONDS EIGHT SPADES TWO,0.6776,0.01,0.3124
CLUBS SIX SPADES EIGHT,0.634,0.0066,0.3594
CLUBS SEVEN SPADES THREE,0.6518,0.0066,0.3416
CLUBS THREE DIAMONDS SEVEN,0.655,0.0074,0.3376
SPADES ACE CLUBS TWO,0.4292,0.0056,0.5652
HEARTS FOUR SPADES FOUR,0.4772,0.0094,0.5134
CLUBS JACK SPADES KING,0.2454,0.0846,0.67
SPADES NINE SPADES FIVE,0.6258,0.0064,0.3678
HEARTS SIX CLUBS QUEEN,0.6654,0.0054,0.3292
DIAMONDS THREE DIAMONDS TWO,0.6244,0.0074,0.3682
DIAMONDS TWO DIAMONDS SEVEN,0.6296,0.0082,0.3622
CLUBS SIX HEARTS EIGHT,0.6462,0.0072,0.3466
SPADES ACE DIAMONDS SEVEN,0.4198,0.0052,0.575
SPADES NINE CLUBS KING,0.651,0.1202,0.2288
SPADES KING CLUBS EIGHT,0.6606,0.1054,0.234
CLUBS FOUR CLUBS QUEEN,0.616,0.0062,0.3778
CLUBS NINE HEARTS THREE,0.6732,0.0066,0.3202
SPADES SIX CLUBS TWO,0.6594,0.0066,0.334
SPADES THREE DIAMONDS EIGHT,0.6818,0.0066,0.3116
HEARTS SIX SPADES FIVE,0.6328,0.0052,0.362
CLUBS TEN SPADES SIX,0.7232,0.0334,0.2434
DIAMONDS SIX HEARTS EIGHT,0.6444,0.0052,0.3504
SPADES FIVE DIAMONDS EIGHT,0.6566,0.0064,0.337
HEARTS QUEEN HEARTS NINE,0.5982,0.0056,0.3962
CLUBS TEN HEARTS FIVE,0.7394,0.0352,0.2254
CLUBS TEN CLUBS TWO,0.696,0.0346,0.2694
HEARTS THREE DIAMONDS QUEEN,0.6662,0.0074,0.3264
DIAMONDS THREE SPADES FOUR,0.6356,0.0102,0.3542
DIAMONDS ACE HEARTS NINE,0.429,0.0044,0.5666
SPADES NINE SPADES THREE,0.6326,0.0054,0.362
CLUBS TEN DIAMONDS SIX,0.728,0.0392,0.2328
HEARTS SEVEN CLUBS THREE,0.658,0.0082,0.3338
CLUBS JACK DIAMONDS SIX,0.6616,0.008,0.3304
SPADES ACE CLUBS QUEEN,0.3784,0.0034,0.6182
DIAMONDS THREE CLUBS EIGHT,0.6786,0.0054,0.316
DIAMONDS ACE SPADES FIVE,0.4162,0.0042,0.5796
DIAMONDS QUEEN CLUBS ACE,0.3718,0.0042,0.624
HEARTS TWO SPADES THREE,0.653,0.0084,0.3386
HEARTS FIVE HEARTS JACK,0.6176,0.0072,0.3752
CLUBS NINE SPADES SEVEN,0.6324,0.0052,0.3624
HEARTS FOUR DIAMONDS NINE,0.6882,0.0058,0.306
HEARTS FIVE DIAMONDS NINE,0.6774,0.0086,0.314
SPADES FIVE CLUBS TWO,0.651,0.008,0.341
CLUBS EIGHT HEARTS QUEEN,0.6388,0.007,0.3542
CLUBS TEN DIAMONDS EIGHT,0.7024,0.0378,0.2598
CLUBS TWO SPADES FOUR,0.6394,0.0064,0.3542
SPADES FIVE SPADES FOUR,0.5764,0.0082,0.4154
CLUBS TEN SPADES THREE,0.74,0.0336,0.2264
CLUBS THREE DIAMONDS EIGHT,0.6764,0.0084,0.3152
SPADES FOUR HEARTS ACE,0.4208,0.0034,0.5758
HEARTS KING CLUBS ACE,0.2482,0.0102,0.7416
CLUBS ACE DIAMONDS SIX,0.4346,0.0048,0.5606
CLUBS NINE SPADES FIVE,0.6642,0.0042,0.3316
HEARTS FIVE DIAMONDS EIGHT,0.663,0.0066,0.3304
SPADES TEN SPADES TWO,0.6912,0.0348,0.274
CLUBS EIGHT CLUBS FOUR,0.6098,0.0058,0.3844
SPADES ACE HEARTS NINE,0.4236,0.0044,0.572
SPADES TEN HEARTS NINE,0.6904,0.036,0.2736
SPADES FIVE HEARTS NINE,0.6734,0.01,0.3166
CLUBS EIGHT SPADES EIGHT,0.4738,0.0072,0.519
SPADES EIGHT CLUBS THREE,0.6738,0.0058,0.3204
CLUBS FIVE DIAMONDS EIGHT,0.6474,0.0058,0.3468
CLUBS EIGHT SPADES TEN,0.7058,0.0344,0.2598
HEARTS SEVEN SPADES SEVEN,0.4588,0.0094,0.5318
DIAMONDS TEN DIAMONDS SEVEN,0.698,0.0328,0.2692
CLUBS FOUR DIAMONDS SIX,0.6468,0.007,0.3462
CLUBS JACK SPADES FOUR,0.6574,0.0074,0.3352
SPADES ACE DIAMONDS NINE,0.4308,0.0044,0.5648
SPADES EIGHT CLUBS TWO,0.6736,0.0056,0.3208
SPADES THREE HEARTS EIGHT,0.6868,0.006,0.3072
CLUBS THREE DIAMONDS NINE,0.6808,0.0062,0.313
SPADES KING DIAMONDS QUEEN,0.2386,0.0608,0.7006
SPADES SEVEN CLUBS KING,0.6576,0.1076,0.2348
SPADES NINE CLUBS FOUR,0.6752,0.0056,0.3192
HEARTS SEVEN HEARTS FOUR,0.6232,0.0094,0.3674
HEARTS SIX HEARTS NINE,0.6208,0.0072,0.372
HEARTS SIX DIAMONDS EIGHT,0.6386,0.0072,0.3542
HEARTS FIVE SPADES SIX,0.627,0.0086,0.3644
HEARTS FIVE CLUBS SEVEN,0.6458,0.0082,0.346
CLUBS FOUR CLUBS THREE,0.592,0.0066,0.4014
HEARTS THREE SPADES THREE,0.4796,0.01,0.5104
SPADES THREE DIAMONDS FIVE,0.6508,0.0062,0.343
CLUBS EIGHT HEARTS TWO,0.6766,0.0084,0.315
SPADES QUEEN CLUBS SEVEN,0.6606,0.0072,0.3322
HEARTS SEVEN CLUBS SIX,0.6206,0.0048,0.3746
HEARTS ACE HEARTS QUEEN,0.3572,0.0066,0.6362
SPADES KING HEARTS FOUR,0.651,0.118,0.231
SPADES TEN SPADES EIGHT,0.6862,0.0292,0.2846
SPADES KING CLUBS TWO,0.6612,0.111,0.2278
CLUBS TEN SPADES QUEEN,0.7182,0.0284,0.2534
DIAMONDS THREE SPADES KING,0.6538,0.1168,0.2294
CLUBS SEVEN DIAMONDS SIX,0.6214,0.0066,0.372
HEARTS ACE HEARTS NINE,0.3958,0.0056,0.5986
SPADES SIX DIAMONDS SEVEN,0.6358,0.006,0.3582
SPADES NINE DIAMONDS EIGHT,0.6358,0.0058,0.3584
SPADES NINE SPADES FOUR,0.626,0.0052,0.3688
SPADES QUEEN CLUBS TWO,0.6558,0.0052,0.339
DIAMONDS SEVEN CLUBS QUEEN,0.6588,0.0058,0.3354
CLUBS SIX HEARTS NINE,0.6404,0.0066,0.353
CLUBS JACK DIAMONDS TWO,0.6622,0.0094,0.3284
HEARTS QUEEN DIAMONDS FOUR,0.6552,0.0072,0.3376
CLUBS NINE HEARTS TWO,0.6834,0.0064,0.3102
CLUBS NINE DIAMONDS JACK,0.6354,0.0066,0.358
CLUBS SEVEN SPADES EIGHT,0.6192,0.0062,0.3746
HEARTS THREE CLUBS SIX,0.656,0.0052,0.3388
HEARTS TWO DIAMONDS ACE,0.4226,0.0066,0.5708
SPADES FOUR HEARTS EIGHT,0.664,0.0066,0.3294
DIAMONDS SIX HEARTS NINE,0.6562,0.0068,0.337
HEARTS THREE DIAMONDS SIX,0.655,0.007,0.338
DIAMONDS JACK CLUBS ACE,0.3728,0.0052,0.622
DIAMONDS ACE DIAMONDS JACK,0.3678,0.0038,0.6284
HEARTS SEVEN SPADES JACK,0.6406,0.0062,0.3532
CLUBS TEN HEARTS TWO,0.7378,0.0392,0.223
SPADES SEVEN HEARTS JACK,0.6354,0.0056,0.359
SPADES KING SPADES JACK,0.227,0.0808,0.6922
DIAMONDS TWO CLUBS ACE,0.425,0.005,0.57
DIAMONDS THREE HEARTS KING,0.6586,0.1196,0.2218
CLUBS FIVE SPADES FIVE,0.476,0.0098,0.5142
SPADES FOUR SPADES TWO,0.6238,0.008,0.3682
SPADES EIGHT CLUBS KING,0.6586,0.1186,0.2228
SPADES QUEEN SPADES FIVE,0.6036,0.0076,0.3888
CLUBS FOUR SPADES TWO,0.6444,0.0072,0.3484
SPADES EIGHT DIAMONDS SEVEN,0.6302,0.0076,0.3622
CLUBS TEN SPADES TEN,0.3168,0.0244,0.6588
SPADES ACE SPADES NINE,0.3982,0.006,0.5958
CLUBS FOUR DIAMONDS JACK,0.6684,0.0076,0.324
SPADES ACE HEARTS THREE,0.4372,0.0038,0.559
HEARTS TWO SPADES TWO,0.468,0.0104,0.5216
CLUBS JACK DIAMONDS JACK,0.3048,0.0052,0.69
DIAMONDS THREE DIAMONDS SEVEN,0.6314,0.0058,0.3628
CLUBS JACK HEARTS SEVEN,0.6506,0.0054,0.344
DIAMONDS TWO SPADES SEVEN,0.6792,0.009,0.3118
SPADES NINE HEARTS EIGHT,0.6326,0.0072,0.3602
CLUBS SIX SPADES TWO,0.6532,0.0066,0.3402
HEARTS SEVEN CLUBS TWO,0.6772,0.0066,0.3162
SPADES TEN DIAMONDS SEVEN,0.7138,0.0328,0.2534
HEARTS SEVEN DIAMONDS SEVEN,0.4654,0.006,0.5286
SPADES TEN HEARTS TWO,0.728,0.0366,0.2354
SPADES ACE SPADES FOUR,0.3966,0.0048,0.5986
SPADES EIGHT CLUBS FIVE,0.6524,0.0068,0.3408
HEARTS SEVEN CLUBS EIGHT,0.6282,0.0062,0.3656
HEARTS THREE DIAMONDS FIVE,0.6486,0.009,0.3424
DIAMONDS TWO HEARTS QUEEN,0.658,0.0072,0.3348
SPADES ACE SPADES QUEEN,0.338,0.0056,0.6564
CLUBS JACK CLUBS THREE,0.6202,0.0084,0.3714
DIAMONDS THREE DIAMONDS EIGHT,0.6532,0.0082,0.3386
CLUBS ACE HEARTS NINE,0.4264,0.0028,0.5708
DIAMONDS JACK HEARTS EIGHT,0.6358,0.0076,0.3566
HEARTS FIVE SPADES TWO,0.6502,0.0098,0.34
SPADES ACE HEARTS QUEEN,0.3688,0.0036,0.6276
DIAMONDS THREE DIAMONDS FIVE,0.6126,0.0074,0.38
SPADES ACE CLUBS SEVEN,0.419,0.0034,0.5776
HEARTS ACE DIAMONDS FOUR,0.4216,0.0052,0.5732
SPADES FIVE HEARTS ACE,0.421,0.0054,0.5736
SPADES EIGHT DIAMONDS ACE,0.4172,0.0052,0.5776
DIAMONDS TEN SPADES FOUR,0.7338,0.0358,0.2304
DIAMONDS TWO SPADES EIGHT,0.6762,0.0064,0.3174
DIAMONDS JACK HEARTS JACK,0.297,0.0088,0.6942
CLUBS TEN HEARTS EIGHT,0.7162,0.0308,0.253
SPADES TEN HEARTS EIGHT,0.7222,0.033,0.2448
SPADES KING HEARTS FIVE,0.6342,0.1194,0.2464
SPADES SEVEN DIAMONDS SEVEN,0.4724,0.0068,0.5208
HEARTS KING HEARTS NINE,0.6132,0.1154,0.2714
SPADES KING DIAMONDS FOUR,0.657,0.1172,0.2258
SPADES KING DIAMONDS SEVEN,0.6638,0.1112,0.225
CLUBS SIX CLUBS FOUR,0.5864,0.0062,0.4074
SPADES ACE SPADES THREE,0.395,0.0062,0.5988
SPADES KING HEARTS THREE,0.6688,0.1114,0.2198
DIAMONDS THREE SPADES FIVE,0.6458,0.008,0.3462
HEARTS SEVEN DIAMONDS TEN,0.72,0.0342,0.2458
SPADES ACE CLUBS FIVE,0.431,0.0036,0.5654
HEARTS SIX SPADES JACK,0.6698,0.0058,0.3244
SPADES EIGHT SPADES TWO,0.6344,0.008,0.3576
SPADES JACK HEARTS TWO,0.6568,0.0062,0.337
SPADES SIX DIAMONDS FIVE,0.6328,0.0078,0.3594
CLUBS NINE CLUBS SEVEN,0.6004,0.0052,0.3944
SPADES TEN DIAMONDS JACK,0.7022,0.0308,0.267
SPADES NINE SPADES TWO,0.6502,0.0066,0.3432
HEARTS SEVEN SPADES NINE,0.6372,0.0054,0.3574
HEARTS SIX SPADES QUEEN,0.6688,0.0044,0.3268
DIAMONDS TWO SPADES TWO,0.4768,0.0116,0.5116
CLUBS SIX DIAMONDS EIGHT,0.644,0.0058,0.3502
CLUBS SEVEN CLUBS QUEEN,0.6214,0.0072,0.3714
SPADES ACE CLUBS NINE,0.4232,0.0032,0.5736
HEARTS THREE SPADES SEVEN,0.6674,0.0062,0.3264
SPADES KING CLUBS KING,0.1146,0.0112,0.8742
SPADES KING DIAMONDS JACK,0.2418,0.0894,0.6688
CLUBS EIGHT CLUBS ACE,0.3964,0.004,0.5996
CLUBS JACK CLUBS SIX,0.6038,0.0054,0.3908
SPADES EIGHT SPADES SEVEN,0.5778,0.0054,0.4168
CLUBS SEVEN SPADES TWO,0.6762,0.006,0.3178
HEARTS ACE HEARTS JACK,0.359,0.0046,0.6364
CLUBS FIVE HEARTS NINE,0.6496,0.0074,0.343
HEARTS KING DIAMONDS EIGHT,0.6648,0.1166,0.2186
DIAMONDS NINE DIAMONDS EIGHT,0.6108,0.0082,0.381
SPADES KING DIAMONDS TWO,0.6482,0.1216,0.2302
HEARTS SEVEN DIAMONDS TWO,0.6792,0.0078,0.313
HEARTS NINE HEARTS EIGHT,0.6028,0.006,0.3912
CLUBS FIVE CLUBS ACE,0.4024,0.0042,0.5934
DIAMONDS JACK DIAMONDS SIX,0.6262,0.0072,0.3666
SPADES KING CLUBS NINE,0.6504,0.1176,0.232
SPADES EIGHT DIAMONDS FOUR,0.6764,0.0082,0.3154
SPADES JACK DIAMONDS ACE,0.3672,0.0042,0.6286
HEARTS KING HEARTS QUEEN,0.2286,0.0646,0.7068
DIAMONDS QUEEN CLUBS THREE,0.6588,0.0052,0.336
SPADES THREE DIAMONDS SIX,0.6612,0.0054,0.3334
SPADES THREE CLUBS ACE,0.4362,0.0034,0.5604
DIAMONDS TWO CLUBS SIX,0.6714,0.0086,0.32
SPADES FOUR DIAMONDS SEVEN,0.6468,0.007,0.3462
HEARTS THREE HEARTS TWO,0.6388,0.0072,0.354
SPADES TEN CLUBS SIX,0.7176,0.0396,0.2428
CLUBS SEVEN DIAMONDS FIVE,0.6324,0.0074,0.3602
SPADES QUEEN SPADES EIGHT,0.607,0.0054,0.3876
DIAMONDS QUEEN CLUBS QUEEN,0.2974,0.0032,0.6994
HEARTS SIX CLUBS EIGHT,0.646,0.0062,0.3478
SPADES QUEEN CLUBS FIVE,0.6526,0.0048,0.3426
CLUBS THREE SPADES FOUR,0.6242,0.0096,0.3662
HEARTS TWO SPADES EIGHT,0.6742,0.0064,0.3194
SPADES KING HEARTS ACE,0.2452,0.0108,0.744
CLUBS EIGHT DIAMONDS QUEEN,0.6434,0.0066,0.35
HEARTS KING HEARTS JACK,0.229,0.0786,0.6924
HEARTS FIVE CLUBS KING,0.6468,0.1168,0.2364
SPADES SEVEN HEARTS QUEEN,0.6482,0.008,0.3438
SPADES EIGHT DIAMONDS SIX,0.6364,0.0062,0.3574
HEARTS SIX SPADES TWO,0.6656,0.0074,0.327
SPADES ACE HEARTS SEVEN,0.414,0.0048,0.5812
DIAMONDS TWO CLUBS THREE,0.6616,0.009,0.3294
HEARTS SIX DIAMONDS TEN,0.7448,0.0324,0.2228
SPADES EIGHT SPADES THREE,0.6466,0.0082,0.3452
HEARTS SEVEN DIAMONDS SIX,0.631,0.0058,0.3632
CLUBS FOUR DIAMONDS QUEEN,0.6536,0.0058,0.3406
DIAMONDS THREE HEARTS THREE,0.4952,0.0126,0.4922
SPADES FOUR HEARTS NINE,0.67,0.0068,0.3232
SPADES QUEEN HEARTS QUEEN,0.29,0.003,0.707
HEARTS FIVE DIAMONDS ACE,0.4072,0.004,0.5888
SPADES FOUR DIAMONDS NINE,0.6728,0.007,0.3202
HEARTS SIX HEARTS THREE,0.6162,0.0062,0.3776
CLUBS EIGHT CLUBS FIVE,0.6046,0.0062,0.3892
CLUBS SEVEN DIAMONDS QUEEN,0.6638,0.0074,0.3288
CLUBS EIGHT HEARTS THREE,0.6658,0.0084,0.3258
SPADES ACE HEARTS JACK,0.364,0.005,0.631
SPADES QUEEN HEARTS FIVE,0.6592,0.007,0.3338
SPADES JACK DIAMONDS FOUR,0.664,0.01,0.326
CLUBS NINE DIAMONDS SEVEN,0.6446,0.0044,0.351
SPADES KING HEARTS EIGHT,0.6652,0.1152,0.2196
CLUBS FIVE CLUBS FOUR,0.5864,0.0078,0.4058
SPADES SEVEN HEARTS KING,0.6422,0.118,0.2398
SPADES KING HEARTS KING,0.103,0.0138,0.8832
HEARTS ACE DIAMONDS SEVEN,0.4194,0.0058,0.5748
DIAMONDS NINE CLUBS ACE,0.4186,0.005,0.5764
DIAMONDS QUEEN CLUBS KING,0.2358,0.061,0.7032
CLUBS EIGHT HEARTS ACE,0.418,0.0046,0.5774
SPADES JACK DIAMONDS NINE,0.6286,0.006,0.3654
SPADES NINE CLUBS THREE,0.6838,0.0076,0.3086
DIAMONDS TWO CLUBS KING,0.6594,0.1214,0.2192
SPADES ACE SPADES FIVE,0.3888,0.0038,0.6074
HEARTS FIVE DIAMONDS SEVEN,0.6378,0.009,0.3532
DIAMONDS QUEEN DIAMONDS TEN,0.6906,0.0272,0.2822
CLUBS JACK DIAMONDS THREE,0.6574,0.0062,0.3364
DIAMONDS QUEEN DIAMONDS JACK,0.5758,0.0066,0.4176
SPADES JACK SPADES FOUR,0.6044,0.0066,0.389
SPADES EIGHT DIAMONDS TEN,0.728,0.0278,0.2442
CLUBS EIGHT DIAMONDS NINE,0.632,0.0064,0.3616
SPADES KING CLUBS ACE,0.2392,0.0108,0.75
HEARTS NINE DIAMONDS FIVE,0.6734,0.0074,0.3192
DIAMONDS TWO DIAMONDS NINE,0.6572,0.0074,0.3354
HEARTS SIX DIAMONDS NINE,0.6558,0.0084,0.3358
SPADES SEVEN DIAMONDS SIX,0.6238,0.0074,0.3688
CLUBS SEVEN CLUBS FIVE,0.5846,0.0052,0.4102
CLUBS FOUR DIAMONDS EIGHT,0.6558,0.0074,0.3368
SPADES JACK CLUBS THREE,0.6626,0.0084,0.329
CLUBS SIX CLUBS TWO,0.637,0.0064,0.3566
HEARTS FOUR CLUBS KING,0.6664,0.109,0.2246
HEARTS FOUR HEARTS KING,0.6118,0.1138,0.2744
HEARTS JACK HEARTS NINE,0.5982,0.0082,0.3936
HEARTS FOUR HEARTS ACE,0.4018,0.0038,0.5944
DIAMONDS EIGHT HEARTS QUEEN,0.647,0.0078,0.3452
SPADES NINE DIAMONDS FOUR,0.673,0.0078,0.3192
DIAMONDS EIGHT CLUBS QUEEN,0.6478,0.0064,0.3458
DIAMONDS TWO CLUBS EIGHT,0.6686,0.007,0.3244
SPADES JACK SPADES FIVE,0.6054,0.0068,0.3878
CLUBS KING HEARTS EIGHT,0.6632,0.1122,0.2246
CLUBS SIX SPADES FOUR,0.6292,0.0094,0.3614
HEARTS SEVEN HEARTS NINE,0.617,0.007,0.376
HEARTS TWO HEARTS KING,0.634,0.1046,0.2614
HEARTS FIVE DIAMONDS FOUR,0.637,0.011,0.352
SPADES NINE DIAMONDS QUEEN,0.6442,0.007,0.3488
DIAMONDS NINE DIAMONDS SIX,0.6248,0.0064,0.3688
SPADES EIGHT DIAMONDS QUEEN,0.66,0.0068,0.3332
HEARTS FOUR SPADES TWO,0.654,0.0078,0.3382
HEARTS SIX DIAMONDS QUEEN,0.6648,0.0068,0.3284
CLUBS TWO DIAMONDS SEVEN,0.6654,0.0102,0.3244
CLUBS EIGHT SPADES SIX,0.631,0.0058,0.3632
SPADES FOUR HEARTS QUEEN,0.6444,0.0046,0.351
CLUBS NINE DIAMONDS TEN,0.7016,0.0256,0.2728
SPADES FIVE HEARTS EIGHT,0.6462,0.0064,0.3474
CLUBS FOUR SPADES THREE,0.6428,0.007,0.3502
HEARTS SIX SPADES NINE,0.6438,0.0066,0.3496
HEARTS SIX HEARTS KING,0.6028,0.118,0.2792
CLUBS FOUR HEARTS QUEEN,0.6564,0.0082,0.3354
HEARTS SIX SPADES FOUR,0.6292,0.0076,0.3632
CLUBS JACK CLUBS TEN,0.6586,0.0262,0.3152
SPADES KING SPADES SIX,0.6064,0.1076,0.286
HEARTS THREE DIAMONDS SEVEN,0.6718,0.0056,0.3226
SPADES TEN DIAMONDS FOUR,0.752,0.0322,0.2158
SPADES NINE SPADES EIGHT,0.5902,0.006,0.4038
DIAMONDS SEVEN HEARTS EIGHT,0.6474,0.006,0.3466
CLUBS NINE CLUBS THREE,0.618,0.0064,0.3756
CLUBS JACK DIAMONDS QUEEN,0.5814,0.0074,0.4112
HEARTS TWO CLUBS KING,0.6572,0.1136,0.2292
SPADES ACE DIAMONDS ACE,0.1324,0.0044,0.8632
SPADES EIGHT DIAMONDS EIGHT,0.4568,0.0062,0.537
CLUBS TWO DIAMONDS SIX,0.6664,0.0076,0.326
HEARTS FIVE DIAMONDS QUEEN,0.6632,0.0086,0.3282
SPADES TWO HEARTS JACK,0.6478,0.0076,0.3446
SPADES TWO DIAMONDS FOUR,0.6628,0.009,0.3282
SPADES EIGHT CLUBS ACE,0.4296,0.0028,0.5676
HEARTS TWO SPADES FOUR,0.6636,0.0072,0.3292
DIAMONDS ACE CLUBS KING,0.2568,0.0094,0.7338
HEARTS SIX SPADES SIX,0.486,0.0056,0.5084
HEARTS JACK CLUBS KING,0.2354,0.0824,0.6822
HEARTS FOUR SPADES EIGHT,0.6614,0.0056,0.333
HEARTS THREE HEARTS NINE,0.64,0.0068,0.3532
CLUBS SEVEN CLUBS TWO,0.6258,0.0058,0.3684
HEARTS TWO CLUBS THREE,0.6602,0.0072,0.3326
HEARTS SIX HEARTS TWO,0.6302,0.0066,0.3632
HEARTS TWO DIAMONDS SIX,0.6748,0.0068,0.3184
SPADES ACE CLUBS THREE,0.4152,0.0038,0.581
CLUBS TWO HEARTS ACE,0.4372,0.004,0.5588
SPADES ACE HEARTS EIGHT,0.4166,0.0044,0.579
HEARTS FIVE HEARTS TWO,0.6062,0.0056,0.3882
CLUBS ACE HEARTS JACK,0.3582,0.0056,0.6362
SPADES QUEEN DIAMONDS TEN,0.7454,0.0276,0.227
SPADES NINE DIAMONDS FIVE,0.6542,0.0092,0.3366
DIAMONDS QUEEN CLUBS TWO,0.6664,0.0082,0.3254
SPADES KING SPADES EIGHT,0.608,0.114,0.278
HEARTS THREE CLUBS FOUR,0.6444,0.0058,0.3498
SPADES EIGHT DIAMONDS JACK,0.6362,0.0064,0.3574
DIAMONDS THREE DIAMONDS SIX,0.6166,0.009,0.3744
CLUBS TWO DIAMONDS FIVE,0.6606,0.006,0.3334
HEARTS FOUR DIAMONDS QUEEN,0.663,0.0078,0.3292
DIAMONDS THREE SPADES EIGHT,0.675,0.009,0.316
DIAMONDS JACK SPADES FIVE,0.661,0.0068,0.3322
DIAMONDS TWO HEARTS JACK,0.665,0.01,0.325
CLUBS TEN HEARTS JACK,0.7106,0.0288,0.2606
SPADES QUEEN CLUBS ACE,0.3808,0.0054,0.6138
HEARTS JACK CLUBS QUEEN,0.5956,0.0072,0.3972
SPADES TWO CLUBS KING,0.6614,0.1122,0.2264
DIAMONDS THREE SPADES SEVEN,0.6574,0.0076,0.335
DIAMONDS ACE HEARTS ACE,0.1326,0.0038,0.8636
DIAMONDS TWO CLUBS SEVEN,0.6912,0.0072,0.3016
SPADES TWO DIAMONDS SIX,0.6664,0.007,0.3266
CLUBS EIGHT SPADES TWO,0.6676,0.0082,0.3242
SPADES TWO DIAMONDS SEVEN,0.6734,0.0068,0.3198
CLUBS NINE DIAMONDS FOUR,0.679,0.007,0.314
DIAMONDS QUEEN SPADES FIVE,0.6482,0.008,0.3438
HEARTS FIVE DIAMONDS SIX,0.6266,0.0072,0.3662
CLUBS TEN DIAMONDS QUEEN,0.731,0.0266,0.2424
SPADES ACE HEARTS KING,0.2448,0.0118,0.7434
HEARTS THREE CLUBS KING,0.658,0.1208,0.2212
HEARTS SIX DIAMONDS FOUR,0.6456,0.0098,0.3446
CLUBS SEVEN CLUBS SIX,0.573,0.0074,0.4196
HEARTS FIVE HEARTS THREE,0.6006,0.0096,0.3898
SPADES ACE CLUBS ACE,0.1394,0.0022,0.8584
DIAMONDS JACK DIAMONDS FIVE,0.6142,0.0078,0.378
SPADES ACE CLUBS FOUR,0.431,0.0044,0.5646
CLUBS EIGHT HEARTS EIGHT,0.4802,0.008,0.5118
SPADES TEN HEARTS KING,0.0078,0.974,0.0182
DIAMONDS JACK DIAMONDS FOUR,0.6318,0.0072,0.361
SPADES JACK SPADES THREE,0.6026,0.0058,0.3916
SPADES EIGHT CLUBS FOUR,0.6416,0.0046,0.3538
SPADES JACK CLUBS EIGHT,0.6376,0.006,0.3564
HEARTS QUEEN CLUBS QUEEN,0.2816,0.0028,0.7156
CLUBS TEN HEARTS KING,0.0102,0.9678,0.022
SPADES SEVEN SPADES FOUR,0.6078,0.005,0.3872
SPADES NINE DIAMONDS ACE,0.411,0.0048,0.5842
SPADES TEN SPADES NINE,0.6586,0.0316,0.3098
DIAMONDS EIGHT DIAMONDS SIX,0.609,0.008,0.383
CLUBS JACK DIAMONDS NINE,0.6382,0.007,0.3548
DIAMONDS JACK CLUBS TWO,0.6542,0.0096,0.3362
CLUBS TWO DIAMONDS FOUR,0.6488,0.0104,0.3408
HEARTS FOUR DIAMONDS EIGHT,0.6722,0.0092,0.3186
DIAMONDS TWO SPADES SIX,0.673,0.006,0.321
SPADES JACK CLUBS FOUR,0.6482,0.0064,0.3454
SPADES QUEEN SPADES TEN,0.669,0.0284,0.3026
HEARTS THREE SPADES TWO,0.6572,0.0086,0.3342
DIAMONDS NINE HEARTS NINE,0.4516,0.0062,0.5422
CLUBS JACK SPADES SEVEN,0.6414,0.0056,0.353
SPADES FOUR HEARTS KING,0.6486,0.1094,0.242
SPADES THREE DIAMONDS SEVEN,0.673,0.008,0.319
SPADES ACE SPADES SIX,0.3984,0.0036,0.598
CLUBS SIX SPADES SEVEN,0.6268,0.0024,0.3708
HEARTS KING CLUBS KING,0.0932,0.0116,0.8952
CLUBS SEVEN CLUBS KING,0.6152,0.1086,0.2762
HEARTS FOUR HEARTS NINE,0.651,0.0072,0.3418
CLUBS THREE DIAMONDS FOUR,0.6508,0.0088,0.3404
SPADES SIX DIAMONDS EIGHT,0.6458,0.0064,0.3478
CLUBS JACK CLUBS FIVE,0.611,0.0058,0.3832
SPADES NINE DIAMONDS SEVEN,0.6484,0.0056,0.346
DIAMONDS JACK HEARTS KING,0.2282,0.0962,0.6756
SPADES KING HEARTS TWO,0.665,0.119,0.216
HEARTS QUEEN CLUBS KING,0.2416,0.0626,0.6958
HEARTS TWO SPADES SIX,0.6704,0.004,0.3256
HEARTS SIX CLUBS SIX,0.4712,0.0088,0.52
CLUBS SEVEN HEARTS NINE,0.643,0.0054,0.3516
CLUBS SIX HEARTS JACK,0.645,0.0066,0.3484
HEARTS TWO CLUBS QUEEN,0.6542,0.0056,0.3402
SPADES SIX SPADES THREE,0.6064,0.0076,0.386
SPADES QUEEN DIAMONDS FIVE,0.652,0.0056,0.3424
SPADES SEVEN SPADES TWO,0.635,0.0068,0.3582
SPADES QUEEN CLUBS EIGHT,0.6374,0.0058,0.3568
HEARTS THREE DIAMONDS JACK,0.6656,0.0078,0.3266
CLUBS EIGHT SPADES SEVEN,0.6162,0.0058,0.378
SPADES KING SPADES SEVEN,0.617,0.112,0.271
CLUBS JACK SPADES QUEEN,0.5974,0.0064,0.3962
SPADES EIGHT SPADES SIX,0.6044,0.0044,0.3912
CLUBS NINE HEARTS QUEEN,0.6348,0.006,0.3592
CLUBS SIX DIAMONDS FIVE,0.641,0.0054,0.3536
DIAMONDS NINE HEARTS KING,0.6602,0.1174,0.2224
SPADES KING HEARTS NINE,0.6636,0.117,0.2194
DIAMONDS QUEEN DIAMONDS SIX,0.6268,0.0068,0.3664
HEARTS JACK DIAMONDS FIVE,0.6572,0.0076,0.3352
CLUBS SIX DIAMONDS JACK,0.6642,0.0052,0.3306
HEARTS TWO SPADES SEVEN,0.673,0.0066,0.3204
SPADES NINE CLUBS ACE,0.4202,0.0028,0.577
SPADES THREE DIAMONDS FOUR,0.6378,0.0056,0.3566
CLUBS EIGHT HEARTS FOUR,0.6716,0.0068,0.3216
CLUBS JACK SPADES THREE,0.6518,0.0064,0.3418
CLUBS JACK HEARTS JACK,0.2968,0.0048,0.6984
DIAMONDS TWO DIAMONDS JACK,0.634,0.0068,0.3592
HEARTS FOUR SPADES THREE,0.6314,0.0074,0.3612
SPADES QUEEN HEARTS TWO,0.6502,0.0066,0.3432
SPADES SIX CLUBS ACE,0.4316,0.0034,0.565
CLUBS FOUR DIAMONDS SEVEN,0.6612,0.0074,0.3314
CLUBS JACK CLUBS SEVEN,0.6146,0.0054,0.38
HEARTS SEVEN CLUBS SEVEN,0.4672,0.0102,0.5226
CLUBS NINE SPADES JACK,0.6394,0.0054,0.3552
SPADES SIX DIAMONDS FOUR,0.6318,0.0058,0.3624
CLUBS JACK SPADES TEN,0.7012,0.03,0.2688
SPADES TEN HEARTS QUEEN,0.7122,0.0272,0.2606
CLUBS JACK SPADES JACK,0.2944,0.0056,0.7
SPADES JACK HEARTS JACK,0.2928,0.0058,0.7014
SPADES QUEEN SPADES FOUR,0.605,0.0048,0.3902
SPADES NINE HEARTS NINE,0.4388,0.0058,0.5554
DIAMONDS THREE CLUBS THREE,0.4812,0.009,0.5098
DIAMONDS THREE DIAMONDS TEN,0.7166,0.032,0.2514
SPADES QUEEN CLUBS FOUR,0.656,0.0054,0.3386
SPADES SEVEN DIAMONDS TEN,0.7084,0.0388,0.2528
DIAMONDS ACE DIAMONDS FIVE,0.3968,0.0042,0.599
SPADES NINE DIAMONDS SIX,0.6558,0.006,0.3382
SPADES SIX HEARTS ACE,0.4248,0.0026,0.5726
DIAMONDS ACE HEARTS JACK,0.3658,0.0066,0.6276
HEARTS FOUR DIAMONDS JACK,0.6546,0.0056,0.3398
HEARTS THREE DIAMONDS NINE,0.6792,0.0084,0.3124
HEARTS FIVE HEARTS ACE,0.3952,0.0052,0.5996
HEARTS SIX CLUBS TWO,0.6622,0.006,0.3318
SPADES EIGHT DIAMONDS FIVE,0.6526,0.0068,0.3406
SPADES SIX DIAMONDS TEN,0.7272,0.0304,0.2424
CLUBS FIVE DIAMONDS SIX,0.6296,0.0074,0.363
HEARTS FOUR CLUBS TWO,0.655,0.0066,0.3384
CLUBS FIVE DIAMONDS ACE,0.4256,0.0048,0.5696
CLUBS TWO SPADES TWO,0.4752,0.0106,0.5142
SPADES FOUR DIAMONDS FIVE,0.6408,0.0084,0.3508
HEARTS SEVEN CLUBS KING,0.648,0.1154,0.2366
DIAMONDS ACE CLUBS FOUR,0.414,0.0034,0.5826
CLUBS EIGHT DIAMONDS EIGHT,0.4758,0.0074,0.5168
DIAMONDS ACE DIAMONDS TEN,0.239,0.0202,0.7408
SPADES NINE CLUBS QUEEN,0.6328,0.006,0.3612
SPADES ACE HEARTS TWO,0.4234,0.0042,0.5724
HEARTS FIVE CLUBS QUEEN,0.662,0.0068,0.3312
SPADES EIGHT HEARTS KING,0.6556,0.1146,0.2298
DIAMONDS THREE CLUBS TEN,0.7364,0.0374,0.2262
CLUBS EIGHT HEARTS JACK,0.6386,0.0086,0.3528
HEARTS FIVE DIAMONDS FIVE,0.485,0.0116,0.5034
HEARTS SEVEN SPADES TWO,0.672,0.006,0.322
HEARTS ACE SPADES TWO,0.4212,0.0074,0.5714
HEARTS FIVE CLUBS SIX,0.6334,0.007,0.3596
SPADES TEN CLUBS THREE,0.7346,0.0354,0.23
SPADES FOUR DIAMONDS SIX,0.6368,0.0096,0.3536
SPADES QUEEN HEARTS EIGHT,0.6524,0.0072,0.3404
CLUBS JACK SPADES TWO,0.6546,0.0066,0.3388
HEARTS FIVE CLUBS ACE,0.4286,0.0038,0.5676
HEARTS JACK DIAMONDS SIX,0.6514,0.0082,0.3404
SPADES QUEEN HEARTS THREE,0.6546,0.0076,0.3378
HEARTS ACE HEARTS EIGHT,0.3954,0.0048,0.5998
SPADES FIVE DIAMONDS FOUR,0.6256,0.0072,0.3672
CLUBS EIGHT DIAMONDS SIX,0.6392,0.0074,0.3534
CLUBS SEVEN DIAMONDS NINE,0.65,0.0048,0.3452
CLUBS TEN SPADES FIVE,0.7356,0.0328,0.2316
HEARTS THREE CLUBS THREE,0.4872,0.0096,0.5032
SPADES EIGHT SPADES FIVE,0.6088,0.0072,0.384
HEARTS KING DIAMONDS FIVE,0.654,0.1138,0.2322
CLUBS SEVEN DIAMONDS SEVEN,0.4744,0.0092,0.5164
DIAMONDS TWO SPADES TEN,0.7438,0.04,0.2162
HEARTS JACK DIAMONDS FOUR,0.6504,0.0068,0.3428
SPADES KING SPADES TEN,0.023,0.9012,0.0758
SPADES SIX SPADES FIVE,0.5838,0.0064,0.4098
SPADES THREE CLUBS KING,0.6456,0.1176,0.2368
HEARTS FIVE SPADES FIVE,0.4886,0.0094,0.502
CLUBS JACK HEARTS KING,0.2304,0.0796,0.69
SPADES KING HEARTS QUEEN,0.2378,0.0642,0.698
HEARTS FIVE CLUBS FIVE,0.4836,0.011,0.5054
DIAMONDS ACE HEARTS QUEEN,0.3636,0.0076,0.6288
DIAMONDS SIX CLUBS QUEEN,0.6556,0.0056,0.3388
CLUBS FIVE DIAMONDS SEVEN,0.6402,0.0066,0.3532
SPADES QUEEN HEARTS KING,0.2366,0.0604,0.703
DIAMONDS ACE SPADES THREE,0.3994,0.0052,0.5954
HEARTS SEVEN HEARTS TWO,0.6392,0.0094,0.3514
CLUBS SIX HEARTS TWO,0.6696,0.0076,0.3228
HEARTS FOUR DIAMONDS SEVEN,0.655,0.0066,0.3384
CLUBS NINE HEARTS FIVE,0.6588,0.0082,0.333
DIAMONDS TWO DIAMONDS EIGHT,0.6236,0.0086,0.3678
HEARTS TWO DIAMONDS JACK,0.6554,0.0064,0.3382
CLUBS TWO HEARTS NINE,0.6706,0.007,0.3224
HEARTS ACE DIAMONDS EIGHT,0.4136,0.0068,0.5796
SPADES JACK DIAMONDS SEVEN,0.6498,0.005,0.3452
CLUBS SIX SPADES FIVE,0.6378,0.0066,0.3556
CLUBS FIVE HEARTS QUEEN,0.647,0.0072,0.3458
SPADES QUEEN HEARTS NINE,0.6428,0.0088,0.3484
CLUBS TWO HEARTS JACK,0.6606,0.0084,0.331
HEARTS TWO DIAMONDS FIVE,0.6634,0.0074,0.3292
HEARTS FIVE SPADES SEVEN,0.6406,0.0058,0.3536
CLUBS TWO CLUBS KING,0.6142,0.1156,0.2702
DIAMONDS ACE SPADES FOUR,0.415,0.0054,0.5796
SPADES TEN CLUBS QUEEN,0.7104,0.0294,0.2602
SPADES EIGHT HEARTS ACE,0.4116,0.0038,0.5846
SPADES TEN DIAMONDS ACE,0.2506,0.0218,0.7276
CLUBS EIGHT DIAMONDS JACK,0.6384,0.0078,0.3538
CLUBS EIGHT DIAMONDS SEVEN,0.626,0.0076,0.3664
CLUBS JACK SPADES FIVE,0.6486,0.0054,0.346
CLUBS FOUR SPADES SIX,0.6338,0.0044,0.3618
CLUBS THREE HEARTS KING,0.6602,0.1168,0.223
DIAMONDS TWO DIAMONDS FOUR,0.6342,0.0096,0.3562
HEARTS SEVEN DIAMONDS JACK,0.6592,0.0074,0.3334
CLUBS JACK HEARTS FIVE,0.6666,0.0066,0.3268
DIAMONDS QUEEN HEARTS JACK,0.6,0.0068,0.3932
CLUBS FIVE HEARTS EIGHT,0.6522,0.008,0.3398
HEARTS SEVEN CLUBS TEN,0.7166,0.0324,0.251
CLUBS THREE DIAMONDS TEN,0.7368,0.0382,0.225
CLUBS SEVEN SPADES FIVE,0.6404,0.0072,0.3524
CLUBS THREE CLUBS QUEEN,0.6042,0.007,0.3888
SPADES KING CLUBS SIX,0.6318,0.1196,0.2486
HEARTS ACE CLUBS ACE,0.1346,0.0046,0.8608
CLUBS NINE DIAMONDS EIGHT,0.6456,0.0066,0.3478
SPADES JACK DIAMONDS JACK,0.2992,0.0054,0.6954
CLUBS SIX DIAMONDS TEN,0.725,0.0378,0.2372
HEARTS SEVEN CLUBS FIVE,0.64,0.0078,0.3522
HEARTS FIVE SPADES JACK,0.6552,0.0066,0.3382
DIAMONDS TWO DIAMONDS TEN,0.7134,0.0318,0.2548
DIAMONDS TWO SPADES QUEEN,0.6584,0.0078,0.3338
DIAMONDS THREE HEARTS JACK,0.6666,0.0066,0.3268
DIAMONDS ACE DIAMONDS SIX,0.406,0.0048,0.5892
DIAMONDS SIX DIAMONDS FOUR,0.6164,0.0064,0.3772
HEARTS SEVEN HEARTS KING,0.6194,0.1156,0.265
HEARTS THREE HEARTS KING,0.627,0.1102,0.2628
SPADES KING SPADES FIVE,0.6094,0.107,0.2836
HEARTS FOUR CLUBS THREE,0.6272,0.01,0.3628
SPADES KING CLUBS FIVE,0.657,0.1076,0.2354
DIAMONDS JACK CLUBS QUEEN,0.5828,0.0056,0.4116
CLUBS JACK DIAMONDS SEVEN,0.6498,0.0062,0.344
CLUBS TWO SPADES THREE,0.6494,0.008,0.3426
SPADES NINE SPADES SIX,0.6134,0.0062,0.3804
CLUBS THREE DIAMONDS JACK,0.6532,0.0086,0.3382
CLUBS TEN HEARTS FOUR,0.7364,0.0368,0.2268
DIAMONDS FIVE DIAMONDS FOUR,0.5864,0.0108,0.4028
SPADES NINE DIAMONDS NINE,0.444,0.0094,0.5466
SPADES SEVEN CLUBS TWO,0.6632,0.0058,0.331
SPADES SIX HEARTS KING,0.6318,0.1106,0.2576
CLUBS JACK CLUBS KING,0.2266,0.0816,0.6918
DIAMONDS TEN CLUBS KING,0.0176,0.9716,0.0108
HEARTS FOUR SPADES SEVEN,0.654,0.005,0.341
HEARTS TWO DIAMONDS QUEEN,0.6754,0.0094,0.3152
DIAMONDS TEN HEARTS ACE,0.2486,0.0206,0.7308
HEARTS FIVE HEARTS EIGHT,0.6334,0.007,0.3596
DIAMONDS QUEEN DIAMONDS SEVEN,0.6222,0.0058,0.372
SPADES QUEEN CLUBS THREE,0.654,0.004,0.342
HEARTS ACE CLUBS KING,0.2576,0.01,0.7324
CLUBS THREE CLUBS TWO,0.6128,0.0088,0.3784
SPADES NINE HEARTS KING,0.661,0.1108,0.2282
DIAMONDS THREE SPADES QUEEN,0.6548,0.0068,0.3384
SPADES JACK DIAMONDS FIVE,0.6478,0.0054,0.3468
CLUBS EIGHT DIAMONDS FOUR,0.669,0.0076,0.3234
CLUBS SIX HEARTS ACE,0.4206,0.0042,0.5752
SPADES NINE CLUBS FIVE,0.6626,0.006,0.3314
CLUBS NINE DIAMONDS SIX,0.6576,0.0088,0.3336
CLUBS TWO DIAMONDS NINE,0.69,0.0068,0.3032
SPADES KING HEARTS SIX,0.6588,0.1128,0.2284
DIAMONDS NINE CLUBS KING,0.6624,0.1188,0.2188
CLUBS NINE CLUBS EIGHT,0.586,0.0058,0.4082
CLUBS SIX DIAMONDS NINE,0.6618,0.007,0.3312
HEARTS ACE DIAMONDS FIVE,0.4228,0.0054,0.5718
SPADES QUEEN CLUBS KING,0.2458,0.0624,0.6918
CLUBS FIVE CLUBS TWO,0.6042,0.0072,0.3886
HEARTS FIVE CLUBS FOUR,0.6238,0.0098,0.3664
SPADES TEN DIAMONDS TEN,0.3308,0.0202,0.649
DIAMONDS QUEEN SPADES THREE,0.6616,0.007,0.3314
HEARTS SEVEN CLUBS NINE,0.6438,0.009,0.3472
CLUBS TWO HEARTS KING,0.6582,0.1106,0.2312
DIAMONDS NINE DIAMONDS FOUR,0.6486,0.0068,0.3446
CLUBS EIGHT SPADES THREE,0.6732,0.0064,0.3204
CLUBS JACK CLUBS NINE,0.5942,0.0066,0.3992
HEARTS SIX DIAMONDS SEVEN,0.634,0.0052,0.3608
DIAMONDS TEN HEARTS NINE,0.6964,0.0348,0.2688
CLUBS THREE HEARTS NINE,0.6906,0.0056,0.3038
CLUBS SEVEN SPADES SEVEN,0.4496,0.0092,0.5412
CLUBS JACK DIAMONDS TEN,0.7122,0.0274,0.2604
HEARTS ACE DIAMONDS SIX,0.4108,0.006,0.5832
HEARTS SIX SPADES EIGHT,0.6344,0.008,0.3576
CLUBS NINE SPADES TWO,0.6784,0.0066,0.315
SPADES QUEEN SPADES SIX,0.6068,0.0072,0.386
CLUBS QUEEN HEARTS EIGHT,0.6556,0.0064,0.338
SPADES SEVEN DIAMONDS NINE,0.6354,0.006,0.3586
CLUBS TWO CLUBS QUEEN,0.6086,0.0086,0.3828
CLUBS TEN SPADES TWO,0.7362,0.0352,0.2286
HEARTS SEVEN SPADES THREE,0.658,0.0096,0.3324
HEARTS QUEEN DIAMONDS FIVE,0.6426,0.008,0.3494
SPADES ACE DIAMONDS EIGHT,0.4118,0.0044,0.5838
DIAMONDS THREE SPADES THREE,0.4824,0.0098,0.5078
HEARTS SEVEN SPADES KING,0.6456,0.1172,0.2372
SPADES JACK SPADES NINE,0.5954,0.003,0.4016
HEARTS ACE DIAMONDS NINE,0.4112,0.005,0.5838
CLUBS TEN SPADES FOUR,0.7362,0.0358,0.228
HEARTS SEVEN DIAMONDS ACE,0.4178,0.0038,0.5784
HEARTS FOUR HEARTS TWO,0.6214,0.0066,0.372
SPADES THREE HEARTS QUEEN,0.6522,0.0074,0.3404
DIAMONDS NINE HEARTS QUEEN,0.633,0.0084,0.3586
DIAMONDS THREE HEARTS EIGHT,0.6824,0.0084,0.3092
DIAMONDS QUEEN HEARTS EIGHT,0.644,0.007,0.349
CLUBS FOUR HEARTS EIGHT,0.6554,0.0084,0.3362
DIAMONDS TEN SPADES THREE,0.7514,0.0368,0.2118
SPADES KING CLUBS SEVEN,0.6622,0.1048,0.233
CLUBS NINE CLUBS TWO,0.6176,0.0076,0.3748
HEARTS NINE CLUBS QUEEN,0.6342,0.007,0.3588
SPADES TEN DIAMONDS EIGHT,0.7248,0.0294,0.2458
HEARTS TWO CLUBS FOUR,0.6454,0.0068,0.3478
CLUBS TEN SPADES EIGHT,0.7046,0.035,0.2604
DIAMONDS QUEEN SPADES FOUR,0.6504,0.0092,0.3404
DIAMONDS THREE CLUBS TWO,0.6582,0.0076,0.3342
SPADES JACK CLUBS QUEEN,0.5952,0.0074,0.3974
SPADES NINE HEARTS ACE,0.425,0.0044,0.5706
CLUBS THREE SPADES THREE,0.4732,0.011,0.5158
DIAMONDS QUEEN HEARTS NINE,0.641,0.0078,0.3512
CLUBS FIVE DIAMONDS JACK,0.6504,0.0066,0.343
CLUBS EIGHT CLUBS TWO,0.6108,0.0084,0.3808
