opposingHand,winningChance,drawChance,lostChance
DIAMONDS FIVE HEARTS JACK
DIAMONDS JACK DIAMONDS EIGHT,0.216,0.2204,0.5636
SPADES TEN DIAMONDS EIGHT,0.5578,0.0158,0.4264
CLUBS SIX DIAMONDS NINE,0.5756,0.016,0.4084
CLUBS JACK CLUBS THREE,0.3078,0.4224,0.2698
CLUBS JACK DIAMONDS THREE,0.328,0.4616,0.2104
HEARTS FIVE CLUBS KING,0.2442,0.0386,0.7172
SPADES FIVE SPADES TWO,0.6368,0.0642,0.299
HEARTS KING CLUBS QUEEN,0.3194,0.0068,0.6738
HEARTS FIVE CLUBS EIGHT,0.6796,0.065,0.2554
DIAMONDS JACK HEARTS QUEEN,0.2282,0.0442,0.7276
CLUBS TEN CLUBS SEVEN,0.5264,0.0156,0.458
DIAMONDS THREE DIAMONDS FOUR,0.5932,0.0226,0.3842
CLUBS NINE SPADES FOUR,0.6148,0.0184,0.3668
SPADES ACE SPADES EIGHT,0.3408,0.006,0.6532
CLUBS SEVEN HEARTS QUEEN,0.356,0.0126,0.6314
DIAMONDS TWO HEARTS THREE,0.634,0.0182,0.3478
DIAMONDS KING CLUBS THREE,0.3842,0.011,0.6048
SPADES SEVEN SPADES FIVE,0.6162,0.0612,0.3226
SPADES TEN HEARTS QUEEN,0.3252,0.0098,0.665
CLUBS EIGHT CLUBS FIVE,0.6368,0.052,0.3112
SPADES SIX DIAMONDS NINE,0.5738,0.02,0.4062
SPADES FIVE HEARTS ACE,0.2378,0.0252,0.737
HEARTS THREE DIAMONDS SIX,0.6226,0.0204,0.357
HEARTS FIVE SPADES SEVEN,0.6588,0.0606,0.2806
HEARTS KING HEARTS TEN,0.3216,0.0092,0.6692
CLUBS JACK HEARTS FIVE,0.0206,0.9708,0.0086
HEARTS SEVEN CLUBS SIX,0.5496,0.0192,0.4312
SPADES SEVEN CLUBS TWO,0.6296,0.0172,0.3532
CLUBS SIX DIAMONDS SIX,0.3054,0.039,0.6556
CLUBS THREE HEARTS ACE,0.3896,0.0036,0.6068
CLUBS TWO SPADES THREE,0.641,0.0202,0.3388
HEARTS FOUR DIAMONDS ACE,0.3658,0.0044,0.6298
DIAMONDS TEN CLUBS KING,0.3408,0.0058,0.6534
SPADES JACK DIAMONDS SEVEN,0.2186,0.2954,0.486
DIAMONDS QUEEN SPADES TWO,0.403,0.0114,0.5856
CLUBS SEVEN SPADES NINE,0.5632,0.0156,0.4212
HEARTS FIVE CLUBS FOUR,0.6614,0.0636,0.275
CLUBS JACK HEARTS KING,0.231,0.0342,0.7348
SPADES SEVEN SPADES FOUR,0.5626,0.0174,0.42
HEARTS SIX CLUBS NINE,0.5866,0.0208,0.3926
CLUBS JACK CLUBS QUEEN,0.216,0.0414,0.7426
CLUBS THREE SPADES FOUR,0.6242,0.0194,0.3564
DIAMONDS QUEEN SPADES FOUR,0.3856,0.0096,0.6048
CLUBS THREE CLUBS KING,0.3644,0.0088,0.6268
HEARTS FIVE SPADES FOUR,0.6436,0.0678,0.2886
DIAMONDS TWO SPADES FOUR,0.6412,0.0238,0.335
SPADES NINE CLUBS ACE,0.3636,0.0024,0.634
CLUBS NINE CLUBS THREE,0.5856,0.0172,0.3972
SPADES QUEEN CLUBS KING,0.3332,0.0068,0.66
HEARTS QUEEN HEARTS TEN,0.304,0.0096,0.6864
HEARTS SIX SPADES EIGHT,0.5714,0.0204,0.4082
CLUBS FOUR DIAMONDS NINE,0.6178,0.0146,0.3676
CLUBS NINE CLUBS FOUR,0.589,0.0158,0.3952
HEARTS KING DIAMONDS SIX,0.3504,0.0088,0.6408
HEARTS THREE DIAMONDS SEVEN,0.6396,0.0198,0.3406
CLUBS SEVEN CLUBS FIVE,0.6176,0.0612,0.3212
CLUBS SEVEN DIAMONDS KING,0.369,0.0084,0.6226
DIAMONDS QUEEN CLUBS ACE,0.3258,0.0056,0.6686
HEARTS THREE HEARTS QUEEN,0.3722,0.0128,0.615
CLUBS JACK CLUBS SEVEN,0.2212,0.2652,0.5136
CLUBS FIVE CLUBS THREE,0.6246,0.0682,0.3072
HEARTS KING CLUBS KING,0.1424,0.007,0.8506
CLUBS NINE CLUBS SIX,0.5342,0.018,0.4478
SPADES SEVEN DIAMONDS JACK,0.2288,0.292,0.4792
HEARTS THREE CLUBS ACE,0.3816,0.0036,0.6148
SPADES FOUR CLUBS KING,0.389,0.0066,0.6044
HEARTS FIVE HEARTS TWO,0.6452,0.0692,0.2856
SPADES SEVEN CLUBS KING,0.3636,0.0054,0.631
HEARTS FIVE HEARTS QUEEN,0.2334,0.0516,0.715
SPADES KING HEARTS EIGHT,0.369,0.0064,0.6246
SPADES SEVEN HEARTS NINE,0.5592,0.0198,0.421
SPADES ACE CLUBS TEN,0.351,0.0028,0.6462
HEARTS FOUR HEARTS QUEEN,0.3758,0.0134,0.6108
CLUBS FIVE DIAMONDS NINE,0.6868,0.061,0.2522
CLUBS NINE HEARTS TWO,0.636,0.0202,0.3438
CLUBS TEN HEARTS TEN,0.2758,0.0226,0.7016
CLUBS TEN HEARTS QUEEN,0.3128,0.0108,0.6764
CLUBS SIX CLUBS FOUR,0.5698,0.0204,0.4098
SPADES ACE SPADES JACK,0.2232,0.0202,0.7566
SPADES QUEEN DIAMONDS KING,0.315,0.0074,0.6776
DIAMONDS QUEEN HEARTS TEN,0.3362,0.0106,0.6532
SPADES QUEEN DIAMONDS SEVEN,0.3558,0.0096,0.6346
DIAMONDS EIGHT CLUBS KING,0.3668,0.009,0.6242
SPADES TEN DIAMONDS TEN,0.2724,0.0246,0.703
DIAMONDS ACE HEARTS KING,0.3178,0.0046,0.6776
CLUBS TWO DIAMONDS NINE,0.6106,0.0168,0.3726
HEARTS THREE CLUBS SIX,0.6078,0.0206,0.3716
DIAMONDS THREE HEARTS KING,0.3854,0.0068,0.6078
HEARTS SIX DIAMONDS SEVEN,0.5424,0.0198,0.4378
CLUBS JACK SPADES JACK,0.0994,0.0382,0.8624
CLUBS EIGHT CLUBS THREE,0.5904,0.016,0.3936
DIAMONDS KING HEARTS QUEEN,0.3134,0.0066,0.68
SPADES JACK CLUBS THREE,0.3252,0.4578,0.217
SPADES SEVEN HEARTS KING,0.3614,0.0072,0.6314
SPADES SIX SPADES FOUR,0.5552,0.0202,0.4246
DIAMONDS QUEEN CLUBS KING,0.3114,0.0052,0.6834
DIAMONDS ACE DIAMONDS SIX,0.3542,0.0044,0.6414
SPADES KING DIAMONDS TWO,0.4024,0.0082,0.5894
SPADES KING DIAMONDS SEVEN,0.3688,0.006,0.6252
CLUBS KING DIAMONDS FOUR,0.4016,0.0084,0.59
HEARTS SIX SPADES THREE,0.6232,0.0192,0.3576
HEARTS QUEEN CLUBS QUEEN,0.1464,0.009,0.8446
SPADES JACK CLUBS QUEEN,0.2384,0.0402,0.7214
DIAMONDS ACE CLUBS FOUR,0.385,0.0044,0.6106
DIAMONDS THREE DIAMONDS SIX,0.5888,0.0204,0.3908
DIAMONDS TWO SPADES FIVE,0.6724,0.0654,0.2622
DIAMONDS THREE CLUBS TEN,0.622,0.0156,0.3624
SPADES KING CLUBS EIGHT,0.366,0.0056,0.6284
CLUBS TEN SPADES SEVEN,0.5688,0.018,0.4132
DIAMONDS ACE DIAMONDS KING,0.3046,0.0062,0.6892
SPADES EIGHT CLUBS ACE,0.368,0.0034,0.6286
DIAMONDS TWO DIAMONDS NINE,0.5848,0.0192,0.396
HEARTS FOUR CLUBS KING,0.3892,0.0086,0.6022
DIAMONDS ACE DIAMONDS QUEEN,0.306,0.005,0.689
DIAMONDS THREE SPADES TWO,0.6252,0.021,0.3538
CLUBS EIGHT CLUBS SEVEN,0.5178,0.0156,0.4666
HEARTS TEN CLUBS KING,0.3446,0.006,0.6494
DIAMONDS THREE HEARTS NINE,0.634,0.0198,0.3462
CLUBS THREE DIAMONDS JACK,0.3184,0.4638,0.2178
SPADES TEN CLUBS SIX,0.5892,0.0168,0.394
SPADES QUEEN HEARTS EIGHT,0.364,0.01,0.626
HEARTS SIX DIAMONDS JACK,0.2152,0.404,0.3808
DIAMONDS KING CLUBS KING,0.1388,0.0078,0.8534
HEARTS FOUR CLUBS THREE,0.6206,0.0224,0.357
SPADES FOUR DIAMONDS TEN,0.6276,0.0178,0.3546
CLUBS EIGHT HEARTS KING,0.3624,0.0082,0.6294
SPADES JACK SPADES SIX,0.2074,0.3592,0.4334
SPADES ACE HEARTS FIVE,0.2354,0.032,0.7326
CLUBS NINE HEARTS QUEEN,0.3394,0.0104,0.6502
HEARTS QUEEN HEARTS NINE,0.3266,0.0102,0.6632
SPADES ACE CLUBS KING,0.3326,0.0032,0.6642
HEARTS ACE DIAMONDS NINE,0.3558,0.0034,0.6408
CLUBS ACE DIAMONDS SIX,0.3598,0.0052,0.635
CLUBS JACK DIAMONDS ACE,0.2232,0.0168,0.76
HEARTS ACE DIAMONDS EIGHT,0.3508,0.0032,0.646
HEARTS SEVEN HEARTS TEN,0.5408,0.0208,0.4384
SPADES QUEEN DIAMONDS FOUR,0.3834,0.0132,0.6034
HEARTS FOUR DIAMONDS KING,0.3964,0.0082,0.5954
DIAMONDS THREE SPADES KING,0.4004,0.0074,0.5922
SPADES QUEEN HEARTS TEN,0.3244,0.0088,0.6668
SPADES KING CLUBS SIX,0.3588,0.0082,0.633
CLUBS THREE DIAMONDS SIX,0.6084,0.0244,0.3672
DIAMONDS EIGHT HEARTS EIGHT,0.2918,0.035,0.6732
DIAMONDS SEVEN DIAMONDS FOUR,0.5762,0.018,0.4058
CLUBS JACK SPADES FOUR,0.3172,0.4552,0.2276
SPADES EIGHT SPADES THREE,0.5828,0.017,0.4002
DIAMONDS KING CLUBS TWO,0.3874,0.0066,0.606
SPADES ACE CLUBS QUEEN,0.3212,0.003,0.6758
CLUBS TEN CLUBS FOUR,0.571,0.0208,0.4082
CLUBS SIX SPADES EIGHT,0.5542,0.0166,0.4292
CLUBS SIX SPADES THREE,0.6084,0.021,0.3706
DIAMONDS KING HEARTS TEN,0.336,0.0066,0.6574
HEARTS FOUR SPADES FIVE,0.6608,0.0622,0.277
DIAMONDS ACE SPADES FIVE,0.2298,0.0336,0.7366
HEARTS TWO DIAMONDS FOUR,0.6452,0.019,0.3358
SPADES NINE SPADES THREE,0.5886,0.015,0.3964
CLUBS SEVEN HEARTS EIGHT,0.552,0.0176,0.4304
HEARTS ACE HEARTS EIGHT,0.3416,0.0054,0.653
DIAMONDS THREE HEARTS EIGHT,0.6414,0.0202,0.3384
CLUBS FOUR DIAMONDS KING,0.3872,0.0078,0.605
SPADES NINE SPADES EIGHT,0.517,0.0192,0.4638
SPADES SIX DIAMONDS EIGHT,0.5598,0.0184,0.4218
CLUBS JACK CLUBS ACE,0.2232,0.0158,0.761
HEARTS SIX HEARTS THREE,0.5848,0.0216,0.3936
CLUBS TEN DIAMONDS EIGHT,0.5452,0.0168,0.438
CLUBS TEN SPADES SIX,0.58,0.0138,0.4062
DIAMONDS JACK DIAMONDS SIX,0.2114,0.3688,0.4198
SPADES NINE DIAMONDS QUEEN,0.3402,0.0088,0.651
SPADES FOUR HEARTS TEN,0.6396,0.0172,0.3432
HEARTS FIVE CLUBS ACE,0.2378,0.0308,0.7314
DIAMONDS TWO SPADES EIGHT,0.6246,0.017,0.3584
SPADES QUEEN DIAMONDS EIGHT,0.3562,0.0116,0.6322
CLUBS EIGHT HEARTS THREE,0.636,0.0172,0.3468
CLUBS SIX DIAMONDS KING,0.3782,0.0082,0.6136
DIAMONDS QUEEN DIAMONDS TEN,0.3186,0.0082,0.6732
DIAMONDS JACK HEARTS NINE,0.219,0.1732,0.6078
HEARTS SIX CLUBS QUEEN,0.3582,0.0106,0.6312
DIAMONDS TEN DIAMONDS FOUR,0.5914,0.016,0.3926
SPADES ACE SPADES QUEEN,0.3056,0.003,0.6914
HEARTS SEVEN CLUBS SEVEN,0.3228,0.0382,0.639
HEARTS SIX DIAMONDS ACE,0.3634,0.005,0.6316
HEARTS SIX CLUBS TWO,0.628,0.0234,0.3486
SPADES KING SPADES FIVE,0.2316,0.0392,0.7292
CLUBS SEVEN SPADES FOUR,0.5946,0.0174,0.388
HEARTS ACE DIAMONDS TEN,0.3384,0.0046,0.657
CLUBS SEVEN CLUBS TWO,0.5942,0.0168,0.389
CLUBS NINE DIAMONDS TEN,0.5312,0.0178,0.451
HEARTS KING CLUBS ACE,0.318,0.0046,0.6774
DIAMONDS THREE CLUBS FOUR,0.631,0.0182,0.3508
CLUBS JACK CLUBS TWO,0.3162,0.4252,0.2586
SPADES ACE CLUBS NINE,0.3572,0.0036,0.6392
DIAMONDS ACE DIAMONDS EIGHT,0.3496,0.0058,0.6446
DIAMONDS NINE HEARTS TEN,0.5468,0.0144,0.4388
SPADES THREE HEARTS TEN,0.6272,0.0178,0.355
HEARTS SEVEN DIAMONDS FOUR,0.617,0.0232,0.3598
HEARTS SEVEN DIAMONDS THREE,0.6248,0.0238,0.3514
CLUBS FIVE CLUBS TWO,0.6378,0.0628,0.2994
DIAMONDS NINE CLUBS KING,0.3478,0.0064,0.6458
CLUBS FIVE DIAMONDS SEVEN,0.6522,0.0594,0.2884
CLUBS FOUR SPADES FOUR,0.4148,0.0446,0.5406
CLUBS SEVEN DIAMONDS FOUR,0.6052,0.0206,0.3742
SPADES SIX SPADES FIVE,0.614,0.0602,0.3258
HEARTS SIX HEARTS KING,0.3394,0.0076,0.653
HEARTS SIX CLUBS ACE,0.3652,0.0064,0.6284
DIAMONDS TWO SPADES SEVEN,0.64,0.0192,0.3408
SPADES EIGHT DIAMONDS SIX,0.5644,0.0156,0.42
DIAMONDS TWO DIAMONDS SEVEN,0.6002,0.0214,0.3784
DIAMONDS KING HEARTS KING,0.1328,0.0072,0.86
DIAMONDS ACE DIAMONDS FOUR,0.3598,0.0056,0.6346
SPADES SIX DIAMONDS SIX,0.3006,0.0414,0.658
SPADES ACE DIAMONDS THREE,0.3902,0.0054,0.6044
DIAMONDS NINE HEARTS QUEEN,0.3344,0.0118,0.6538
SPADES TWO HEARTS NINE,0.6366,0.017,0.3464
HEARTS SIX HEARTS EIGHT,0.5352,0.0186,0.4462
CLUBS THREE SPADES TWO,0.645,0.0226,0.3324
HEARTS FOUR CLUBS ACE,0.3808,0.005,0.6142
CLUBS TWO HEARTS TEN,0.6348,0.0194,0.3458
HEARTS FIVE SPADES NINE,0.6928,0.0578,0.2494
HEARTS THREE CLUBS FOUR,0.608,0.0188,0.3732
SPADES JACK HEARTS THREE,0.3246,0.4718,0.2036
CLUBS JACK DIAMONDS TWO,0.3318,0.461,0.2072
CLUBS JACK SPADES TEN,0.2218,0.12,0.6582
HEARTS FIVE DIAMONDS ACE,0.2256,0.0356,0.7388
SPADES ACE SPADES TWO,0.3584,0.0036,0.638
SPADES KING HEARTS TEN,0.3416,0.0064,0.652
DIAMONDS TWO CLUBS ACE,0.3906,0.0034,0.606
DIAMONDS THREE SPADES TEN,0.6328,0.0166,0.3506
SPADES EIGHT DIAMONDS TEN,0.5532,0.0158,0.431
HEARTS SIX DIAMONDS QUEEN,0.3632,0.0122,0.6246
CLUBS NINE SPADES THREE,0.6322,0.0168,0.351
DIAMONDS THREE DIAMONDS QUEEN,0.3824,0.0128,0.6048
DIAMONDS TEN SPADES TWO,0.6134,0.021,0.3656
CLUBS THREE DIAMONDS EIGHT,0.63,0.0178,0.3522
CLUBS FIVE CLUBS KING,0.2282,0.0386,0.7332
CLUBS EIGHT DIAMONDS ACE,0.3616,0.0038,0.6346
CLUBS EIGHT DIAMONDS FOUR,0.613,0.0258,0.3612
CLUBS TWO HEARTS NINE,0.618,0.02,0.362
SPADES NINE CLUBS FIVE,0.676,0.0626,0.2614
CLUBS TWO HEARTS QUEEN,0.393,0.012,0.595
HEARTS THREE HEARTS TEN,0.5908,0.0176,0.3916
SPADES FOUR DIAMONDS EIGHT,0.6158,0.014,0.3702
HEARTS KING DIAMONDS EIGHT,0.3538,0.0082,0.638
DIAMONDS THREE HEARTS SIX,0.629,0.0216,0.3494
DIAMONDS NINE DIAMONDS EIGHT,0.5258,0.017,0.4572
CLUBS FOUR SPADES SIX,0.5978,0.0214,0.3808
HEARTS SIX DIAMONDS FOUR,0.6004,0.0232,0.3764
DIAMONDS TEN SPADES THREE,0.6346,0.0206,0.3448
DIAMONDS TWO SPADES JACK,0.3276,0.4496,0.2228
DIAMONDS SEVEN CLUBS QUEEN,0.364,0.01,0.626
SPADES KING HEARTS KING,0.137,0.0072,0.8558
CLUBS SEVEN CLUBS ACE,0.3494,0.004,0.6466
HEARTS SEVEN SPADES KING,0.3688,0.0068,0.6244
CLUBS SIX DIAMONDS ACE,0.358,0.0038,0.6382
DIAMONDS JACK SPADES THREE,0.3182,0.4632,0.2186
CLUBS SEVEN DIAMONDS QUEEN,0.3642,0.0124,0.6234
DIAMONDS KING DIAMONDS SIX,0.3446,0.0096,0.6458
SPADES KING SPADES NINE,0.3382,0.0082,0.6536
SPADES NINE HEARTS EIGHT,0.55,0.0178,0.4322
SPADES JACK HEARTS EIGHT,0.2296,0.2228,0.5476
CLUBS EIGHT HEARTS QUEEN,0.3528,0.0116,0.6356
CLUBS FIVE SPADES SEVEN,0.6428,0.0578,0.2994
SPADES ACE DIAMONDS TEN,0.3434,0.0054,0.6512
CLUBS EIGHT SPADES THREE,0.637,0.0206,0.3424
CLUBS JACK HEARTS FOUR,0.3284,0.4612,0.2104
CLUBS SIX SPADES SIX,0.313,0.0412,0.6458
DIAMONDS NINE HEARTS NINE,0.2794,0.0272,0.6934
CLUBS JACK HEARTS NINE,0.2394,0.1622,0.5984
HEARTS SIX HEARTS FOUR,0.583,0.02,0.397
SPADES JACK CLUBS TWO,0.326,0.4578,0.2162
CLUBS SIX CLUBS KING,0.3456,0.0066,0.6478
SPADES QUEEN CLUBS TWO,0.3924,0.0104,0.5972
DIAMONDS NINE CLUBS ACE,0.3702,0.004,0.6258
HEARTS SIX CLUBS THREE,0.6106,0.0174,0.372
DIAMONDS JACK CLUBS KING,0.227,0.0312,0.7418
SPADES QUEEN SPADES THREE,0.369,0.011,0.62
HEARTS FIVE CLUBS QUEEN,0.224,0.0472,0.7288
CLUBS EIGHT DIAMONDS KING,0.3628,0.0072,0.63
SPADES KING CLUBS FOUR,0.3864,0.006,0.6076
SPADES SEVEN HEARTS ACE,0.369,0.006,0.625
HEARTS FOUR CLUBS FIVE,0.6376,0.0656,0.2968
DIAMONDS TWO DIAMONDS QUEEN,0.3802,0.0138,0.606
CLUBS SEVEN DIAMONDS JACK,0.2196,0.305,0.4754
CLUBS JACK CLUBS NINE,0.2108,0.1556,0.6336
SPADES NINE CLUBS THREE,0.628,0.0162,0.3558
SPADES EIGHT DIAMONDS ACE,0.3538,0.0046,0.6416
HEARTS QUEEN HEARTS EIGHT,0.335,0.011,0.654
DIAMONDS NINE HEARTS EIGHT,0.5468,0.0188,0.4344
CLUBS THREE DIAMONDS NINE,0.6182,0.0192,0.3626
CLUBS THREE HEARTS NINE,0.6272,0.0202,0.3526
DIAMONDS THREE DIAMONDS TEN,0.5866,0.0186,0.3948
CLUBS TWO SPADES TWO,0.4198,0.0466,0.5336
SPADES QUEEN SPADES TWO,0.3674,0.012,0.6206
CLUBS THREE CLUBS TWO,0.6064,0.0202,0.3734
CLUBS NINE CLUBS EIGHT,0.5106,0.0152,0.4742
HEARTS ACE DIAMONDS SIX,0.3576,0.0056,0.6368
SPADES ACE HEARTS ACE,0.1312,0.0046,0.8642
SPADES ACE DIAMONDS EIGHT,0.3594,0.0032,0.6374
HEARTS FOUR SPADES NINE,0.6296,0.022,0.3484
CLUBS TEN CLUBS FIVE,0.6536,0.0628,0.2836
DIAMONDS TEN HEARTS TEN,0.2646,0.022,0.7134
CLUBS JACK HEARTS EIGHT,0.2228,0.2236,0.5536
SPADES ACE DIAMONDS TWO,0.3942,0.0036,0.6022
HEARTS TWO SPADES SEVEN,0.631,0.0166,0.3524
SPADES JACK DIAMONDS EIGHT,0.2236,0.2258,0.5506
HEARTS SEVEN SPADES EIGHT,0.554,0.0192,0.4268
SPADES FIVE DIAMONDS FOUR,0.6546,0.0698,0.2756
SPADES EIGHT SPADES SIX,0.529,0.0164,0.4546
CLUBS SEVEN DIAMONDS SEVEN,0.2978,0.0364,0.6658
HEARTS THREE SPADES SIX,0.6148,0.0176,0.3676
SPADES EIGHT CLUBS FIVE,0.657,0.0586,0.2844
DIAMONDS TWO CLUBS SEVEN,0.6354,0.0192,0.3454
SPADES QUEEN DIAMONDS ACE,0.3134,0.0056,0.681
HEARTS TWO SPADES FOUR,0.6366,0.022,0.3414
DIAMONDS THREE SPADES EIGHT,0.6374,0.019,0.3436
HEARTS TWO DIAMONDS SIX,0.6196,0.0182,0.3622
SPADES TEN SPADES EIGHT,0.5216,0.0152,0.4632
HEARTS FOUR HEARTS TWO,0.6124,0.0238,0.3638
SPADES THREE HEARTS QUEEN,0.3924,0.0116,0.596
SPADES TEN CLUBS FOUR,0.6288,0.0182,0.353
DIAMONDS TWO CLUBS QUEEN,0.4062,0.0108,0.583
HEARTS SEVEN CLUBS FOUR,0.6026,0.0204,0.377
DIAMONDS QUEEN DIAMONDS JACK,0.2154,0.0412,0.7434
CLUBS SEVEN SPADES FIVE,0.6552,0.0552,0.2896
CLUBS FOUR CLUBS THREE,0.5802,0.0196,0.4002
DIAMONDS THREE CLUBS TWO,0.6368,0.0206,0.3426
SPADES ACE CLUBS SEVEN,0.3636,0.003,0.6334
CLUBS TEN CLUBS ACE,0.3338,0.005,0.6612
DIAMONDS QUEEN SPADES FIVE,0.2336,0.0482,0.7182
SPADES THREE CLUBS QUEEN,0.413,0.0114,0.5756
DIAMONDS JACK HEARTS TEN,0.2254,0.1212,0.6534
CLUBS SIX HEARTS ACE,0.3626,0.004,0.6334
SPADES KING CLUBS TWO,0.3902,0.0074,0.6024
SPADES EIGHT HEARTS TEN,0.5576,0.0114,0.431
HEARTS THREE SPADES THREE,0.4076,0.0448,0.5476
HEARTS FOUR SPADES EIGHT,0.6192,0.0168,0.364
CLUBS SEVEN SPADES SEVEN,0.3082,0.0336,0.6582
DIAMONDS JACK SPADES TWO,0.3306,0.4558,0.2136
DIAMONDS TEN CLUBS ACE,0.3364,0.0054,0.6582
CLUBS FOUR CLUBS KING,0.3732,0.0064,0.6204
SPADES ACE CLUBS TWO,0.391,0.0048,0.6042
CLUBS EIGHT HEARTS NINE,0.5644,0.0168,0.4188
SPADES FIVE DIAMONDS NINE,0.68,0.061,0.259
HEARTS TWO CLUBS FOUR,0.6506,0.0232,0.3262
HEARTS FOUR CLUBS SIX,0.6052,0.0216,0.3732
SPADES ACE CLUBS FIVE,0.2412,0.026,0.7328
SPADES SIX HEARTS TEN,0.5808,0.0144,0.4048
SPADES NINE HEARTS QUEEN,0.3334,0.0102,0.6564
SPADES EIGHT SPADES FIVE,0.6366,0.0576,0.3058
SPADES FOUR HEARTS QUEEN,0.384,0.011,0.605
CLUBS NINE HEARTS ACE,0.3684,0.005,0.6266
HEARTS KING HEARTS QUEEN,0.2914,0.0066,0.702
HEARTS FIVE HEARTS KING,0.2236,0.0396,0.7368
SPADES SIX DIAMONDS SEVEN,0.56,0.0204,0.4196
CLUBS JACK DIAMONDS FOUR,0.331,0.4596,0.2094
DIAMONDS JACK CLUBS QUEEN,0.2368,0.0424,0.7208
DIAMONDS EIGHT DIAMONDS SEVEN,0.5286,0.0154,0.456
CLUBS FOUR DIAMONDS SIX,0.6054,0.0208,0.3738
SPADES QUEEN HEARTS QUEEN,0.1396,0.0126,0.8478
SPADES QUEEN CLUBS SIX,0.3684,0.0096,0.622
CLUBS SIX DIAMONDS TEN,0.5756,0.0162,0.4082
CLUBS FIVE DIAMONDS KING,0.2302,0.0402,0.7296
CLUBS SIX HEARTS EIGHT,0.5682,0.0182,0.4136
CLUBS NINE DIAMONDS ACE,0.3724,0.0038,0.6238
CLUBS THREE DIAMONDS QUEEN,0.393,0.0144,0.5926
HEARTS FIVE CLUBS TWO,0.6866,0.0692,0.2442
SPADES QUEEN DIAMONDS TEN,0.3342,0.0096,0.6562
DIAMONDS TWO CLUBS EIGHT,0.6334,0.015,0.3516
SPADES SIX DIAMONDS QUEEN,0.3604,0.0108,0.6288
SPADES NINE DIAMONDS SEVEN,0.5536,0.016,0.4304
HEARTS FIVE CLUBS THREE,0.6648,0.0722,0.263
SPADES QUEEN CLUBS FIVE,0.2498,0.0426,0.7076
DIAMONDS ACE SPADES THREE,0.3758,0.006,0.6182
SPADES FIVE HEARTS QUEEN,0.2338,0.0502,0.716
CLUBS FIVE DIAMONDS JACK,0.0094,0.9724,0.0182
HEARTS THREE HEARTS TWO,0.607,0.018,0.375
SPADES JACK SPADES FIVE,0.0224,0.9036,0.074
DIAMONDS NINE DIAMONDS SEVEN,0.5314,0.0194,0.4492
DIAMONDS TWO DIAMONDS KING,0.3814,0.0068,0.6118
SPADES KING CLUBS THREE,0.3986,0.0076,0.5938
CLUBS JACK CLUBS SIX,0.2106,0.3628,0.4266
SPADES SEVEN DIAMONDS SIX,0.5452,0.0214,0.4334
SPADES FOUR DIAMONDS SIX,0.5936,0.022,0.3844
CLUBS TEN DIAMONDS FOUR,0.6256,0.0178,0.3566
CLUBS SEVEN HEARTS ACE,0.3498,0.0024,0.6478
CLUBS FOUR DIAMONDS QUEEN,0.3848,0.0138,0.6014
DIAMONDS SIX DIAMONDS FOUR,0.5594,0.0212,0.4194
CLUBS FOUR SPADES THREE,0.612,0.021,0.367
SPADES EIGHT CLUBS QUEEN,0.3644,0.0128,0.6228
SPADES SEVEN HEARTS QUEEN,0.3728,0.0088,0.6184
HEARTS FOUR HEARTS THREE,0.589,0.017,0.394
CLUBS FIVE CLUBS FOUR,0.5948,0.0698,0.3354
SPADES JACK SPADES EIGHT,0.2168,0.2126,0.5706
CLUBS TEN SPADES TWO,0.6164,0.0172,0.3664
HEARTS SEVEN HEARTS KING,0.3462,0.0076,0.6462
HEARTS EIGHT DIAMONDS FOUR,0.6312,0.0202,0.3486
CLUBS FOUR HEARTS EIGHT,0.6278,0.0188,0.3534
SPADES ACE SPADES SEVEN,0.338,0.005,0.657
CLUBS SEVEN HEARTS TWO,0.6276,0.0214,0.351
CLUBS ACE CLUBS KING,0.3118,0.0042,0.684
SPADES SIX HEARTS KING,0.3572,0.0062,0.6366
HEARTS THREE SPADES FIVE,0.668,0.0632,0.2688
CLUBS NINE DIAMONDS KING,0.3552,0.0076,0.6372
HEARTS SIX CLUBS EIGHT,0.566,0.022,0.412
HEARTS FOUR HEARTS EIGHT,0.59,0.0198,0.3902
DIAMONDS THREE DIAMONDS KING,0.3772,0.0088,0.614
HEARTS SEVEN SPADES FOUR,0.615,0.0196,0.3654
CLUBS THREE HEARTS TEN,0.6216,0.0184,0.36
SPADES ACE DIAMONDS ACE,0.1248,0.0032,0.872
SPADES EIGHT CLUBS KING,0.3734,0.0054,0.6212
SPADES SIX CLUBS ACE,0.3692,0.0038,0.627
HEARTS SEVEN CLUBS QUEEN,0.3658,0.011,0.6232
HEARTS SEVEN HEARTS FOUR,0.5884,0.0198,0.3918
DIAMONDS JACK CLUBS ACE,0.2226,0.0218,0.7556
CLUBS SEVEN CLUBS FOUR,0.5738,0.0168,0.4094
CLUBS SEVEN DIAMONDS SIX,0.5548,0.0182,0.427
SPADES QUEEN DIAMONDS SIX,0.37,0.0098,0.6202
SPADES NINE DIAMONDS KING,0.3496,0.007,0.6434
CLUBS TEN DIAMONDS KING,0.3466,0.0054,0.648
CLUBS EIGHT DIAMONDS JACK,0.2244,0.2142,0.5614
DIAMONDS JACK SPADES FOUR,0.3204,0.459,0.2206
HEARTS THREE SPADES NINE,0.6342,0.0178,0.348
DIAMONDS ACE DIAMONDS SEVEN,0.33,0.005,0.665
CLUBS NINE CLUBS KING,0.3392,0.0078,0.653
SPADES KING HEARTS FIVE,0.237,0.0386,0.7244
HEARTS TWO SPADES EIGHT,0.632,0.023,0.345
CLUBS SIX CLUBS THREE,0.5754,0.0206,0.404
CLUBS TEN SPADES FIVE,0.704,0.0652,0.2308
HEARTS FIVE DIAMONDS NINE,0.6938,0.0626,0.2436
SPADES QUEEN SPADES JACK,0.222,0.0316,0.7464
SPADES SEVEN HEARTS TEN,0.5846,0.0164,0.399
HEARTS FIVE DIAMONDS TEN,0.6956,0.0586,0.2458
SPADES FIVE HEARTS KING,0.2384,0.041,0.7206
CLUBS SIX SPADES FOUR,0.5898,0.0232,0.387
DIAMONDS TWO HEARTS KING,0.3896,0.01,0.6004
SPADES ACE DIAMONDS SIX,0.3566,0.0052,0.6382
SPADES NINE DIAMONDS TEN,0.5244,0.0146,0.461
DIAMONDS ACE SPADES FOUR,0.37,0.0046,0.6254
DIAMONDS TWO CLUBS FOUR,0.6352,0.0256,0.3392
CLUBS EIGHT HEARTS ACE,0.3592,0.0038,0.637
HEARTS NINE DIAMONDS SIX,0.5804,0.0162,0.4034
CLUBS JACK SPADES SIX,0.2232,0.3826,0.3942
SPADES JACK DIAMONDS QUEEN,0.2278,0.0424,0.7298
SPADES TWO DIAMONDS EIGHT,0.6216,0.0178,0.3606
DIAMONDS ACE CLUBS KING,0.3106,0.004,0.6854
SPADES JACK HEARTS TEN,0.2352,0.1116,0.6532
CLUBS THREE HEARTS KING,0.4012,0.0062,0.5926
HEARTS FOUR HEARTS KING,0.3718,0.0086,0.6196
SPADES TEN CLUBS THREE,0.6218,0.0192,0.359
HEARTS FOUR SPADES TWO,0.632,0.0212,0.3468
CLUBS FOUR CLUBS ACE,0.3572,0.0028,0.64
SPADES TEN DIAMONDS JACK,0.2192,0.1292,0.6516
CLUBS TEN SPADES QUEEN,0.3294,0.009,0.6616
DIAMONDS THREE SPADES FIVE,0.6688,0.0674,0.2638
SPADES THREE DIAMONDS SIX,0.5968,0.0226,0.3806
HEARTS TWO CLUBS KING,0.4016,0.0098,0.5886
SPADES KING SPADES THREE,0.3644,0.0096,0.626
CLUBS TEN HEARTS TWO,0.6358,0.0186,0.3456
CLUBS EIGHT CLUBS SIX,0.5238,0.0206,0.4556
DIAMONDS KING HEARTS NINE,0.3446,0.008,0.6474
CLUBS KING CLUBS QUEEN,0.293,0.0044,0.7026
HEARTS FOUR DIAMONDS QUEEN,0.3728,0.0144,0.6128
HEARTS FIVE SPADES TEN,0.7086,0.0568,0.2346
SPADES QUEEN HEARTS FIVE,0.2344,0.0528,0.7128
CLUBS SEVEN CLUBS SIX,0.5144,0.0144,0.4712
DIAMONDS EIGHT CLUBS ACE,0.3574,0.0054,0.6372
SPADES TEN HEARTS TEN,0.2774,0.0222,0.7004
SPADES FOUR DIAMONDS FOUR,0.4074,0.0506,0.542
SPADES SIX DIAMONDS FOUR,0.5968,0.0214,0.3818
HEARTS FIVE HEARTS EIGHT,0.6464,0.0562,0.2974
SPADES QUEEN CLUBS EIGHT,0.357,0.0118,0.6312
SPADES JACK DIAMONDS FOUR,0.33,0.4626,0.2074
DIAMONDS ACE HEARTS EIGHT,0.3604,0.0052,0.6344
HEARTS NINE DIAMONDS FOUR,0.6444,0.0222,0.3334
SPADES THREE DIAMONDS EIGHT,0.6224,0.021,0.3566
SPADES QUEEN CLUBS SEVEN,0.3704,0.013,0.6166
HEARTS TWO DIAMONDS QUEEN,0.3912,0.0134,0.5954
DIAMONDS KING DIAMONDS TEN,0.3234,0.0092,0.6674
HEARTS TEN DIAMONDS SIX,0.5784,0.0188,0.4028
HEARTS SEVEN DIAMONDS SEVEN,0.2936,0.0402,0.6662
HEARTS SEVEN HEARTS QUEEN,0.343,0.0114,0.6456
SPADES ACE HEARTS TWO,0.4026,0.0056,0.5918
CLUBS JACK SPADES SEVEN,0.2306,0.2998,0.4696
CLUBS JACK DIAMONDS TEN,0.2118,0.123,0.6652
HEARTS TWO SPADES SIX,0.6242,0.0214,0.3544
HEARTS KING DIAMONDS NINE,0.3384,0.0062,0.6554
CLUBS JACK DIAMONDS KING,0.2246,0.0294,0.746
CLUBS SIX CLUBS QUEEN,0.335,0.0108,0.6542
CLUBS NINE HEARTS KING,0.3562,0.0074,0.6364
DIAMONDS QUEEN DIAMONDS SEVEN,0.333,0.0118,0.6552
CLUBS SEVEN DIAMONDS ACE,0.3568,0.0032,0.64
HEARTS ACE HEARTS TEN,0.3258,0.0052,0.669
HEARTS FIVE SPADES SIX,0.6664,0.0586,0.275
HEARTS FIVE CLUBS SIX,0.6478,0.0642,0.288
SPADES KING DIAMONDS JACK,0.2376,0.0306,0.7318
CLUBS EIGHT SPADES SIX,0.5684,0.0194,0.4122
SPADES EIGHT DIAMONDS QUEEN,0.353,0.012,0.635
DIAMONDS ACE DIAMONDS JACK,0.221,0.0212,0.7578
SPADES NINE HEARTS TWO,0.6326,0.0186,0.3488
DIAMONDS KING SPADES THREE,0.3742,0.0074,0.6184
HEARTS THREE DIAMONDS JACK,0.3236,0.4654,0.211
DIAMONDS QUEEN DIAMONDS SIX,0.3448,0.0116,0.6436
SPADES JACK SPADES THREE,0.3036,0.433,0.2634
SPADES TWO CLUBS KING,0.3892,0.008,0.6028
SPADES SIX CLUBS KING,0.3652,0.0056,0.6292
CLUBS NINE CLUBS FIVE,0.6498,0.0528,0.2974
HEARTS SEVEN CLUBS ACE,0.3654,0.0032,0.6314
SPADES EIGHT CLUBS THREE,0.6284,0.0196,0.352
SPADES SEVEN CLUBS THREE,0.6196,0.0214,0.359
CLUBS TEN HEARTS FIVE,0.7182,0.0634,0.2184
CLUBS TEN CLUBS NINE,0.495,0.0152,0.4898
CLUBS ACE HEARTS NINE,0.3698,0.0052,0.625
CLUBS NINE DIAMONDS QUEEN,0.3402,0.0118,0.648
DIAMONDS KING CLUBS ACE,0.3146,0.0056,0.6798
DIAMONDS QUEEN HEARTS EIGHT,0.3562,0.0108,0.633
DIAMONDS TWO DIAMONDS SIX,0.5926,0.0202,0.3872
DIAMONDS THREE HEARTS THREE,0.4314,0.0434,0.5252
DIAMONDS TEN DIAMONDS SEVEN,0.5248,0.0176,0.4576
CLUBS FIVE DIAMONDS TEN,0.691,0.0658,0.2432
HEARTS SIX CLUBS SEVEN,0.556,0.0162,0.4278
HEARTS SIX CLUBS SIX,0.324,0.047,0.629
CLUBS THREE DIAMONDS SEVEN,0.6282,0.0226,0.3492
CLUBS FOUR HEARTS ACE,0.3674,0.0038,0.6288
CLUBS SIX SPADES TWO,0.6088,0.0214,0.3698
SPADES FOUR HEARTS EIGHT,0.6158,0.0186,0.3656
SPADES TEN DIAMONDS QUEEN,0.3178,0.0098,0.6724
CLUBS FIVE DIAMONDS FOUR,0.6588,0.0672,0.274
SPADES ACE HEARTS EIGHT,0.3658,0.0036,0.6306
CLUBS SIX HEARTS TEN,0.5934,0.0154,0.3912
HEARTS SIX DIAMONDS TEN,0.5916,0.0212,0.3872
SPADES TEN CLUBS KING,0.3378,0.006,0.6562
HEARTS ACE SPADES TWO,0.3814,0.0034,0.6152
SPADES TEN DIAMONDS FOUR,0.6194,0.017,0.3636
SPADES FOUR HEARTS ACE,0.3778,0.004,0.6182
HEARTS KING HEARTS NINE,0.3432,0.0094,0.6474
DIAMONDS THREE SPADES SEVEN,0.622,0.0204,0.3576
DIAMONDS THREE CLUBS ACE,0.384,0.0044,0.6116
CLUBS QUEEN DIAMONDS FOUR,0.4056,0.0106,0.5838
SPADES EIGHT SPADES TWO,0.5754,0.0218,0.4028
SPADES JACK SPADES TEN,0.2128,0.111,0.6762
DIAMONDS SEVEN HEARTS EIGHT,0.543,0.0208,0.4362
SPADES ACE HEARTS SIX,0.3634,0.005,0.6316
SPADES QUEEN HEARTS TWO,0.3984,0.011,0.5906
DIAMONDS ACE SPADES TWO,0.3798,0.0074,0.6128
DIAMONDS TWO HEARTS FIVE,0.691,0.0686,0.2404
SPADES JACK DIAMONDS TEN,0.2232,0.12,0.6568
CLUBS FIVE SPADES FIVE,0.2858,0.0446,0.6696
DIAMONDS KING SPADES FIVE,0.2348,0.0382,0.727
HEARTS SEVEN SPADES FIVE,0.6596,0.057,0.2834
DIAMONDS ACE DIAMONDS TEN,0.332,0.0038,0.6642
CLUBS SIX DIAMONDS EIGHT,0.5656,0.0196,0.4148
DIAMONDS KING HEARTS ACE,0.322,0.006,0.672
SPADES THREE CLUBS KING,0.4044,0.0078,0.5878
HEARTS SIX DIAMONDS EIGHT,0.5716,0.0156,0.4128
HEARTS SIX SPADES TEN,0.5756,0.0168,0.4076
HEARTS TWO CLUBS QUEEN,0.3892,0.0136,0.5972
CLUBS FIVE HEARTS QUEEN,0.2328,0.0506,0.7166
SPADES ACE SPADES FOUR,0.364,0.004,0.632
SPADES TEN SPADES NINE,0.4918,0.0154,0.4928
HEARTS SEVEN SPADES NINE,0.5628,0.0158,0.4214
HEARTS TWO SPADES FIVE,0.6844,0.0646,0.251
HEARTS TWO DIAMONDS TEN,0.6294,0.0172,0.3534
SPADES FIVE DIAMONDS JACK,0.0102,0.9714,0.0184
DIAMONDS THREE HEARTS TEN,0.6362,0.0178,0.346
HEARTS FOUR HEARTS NINE,0.598,0.02,0.382
DIAMONDS TWO HEARTS NINE,0.6322,0.0208,0.347
DIAMONDS JACK HEARTS ACE,0.2196,0.0216,0.7588
SPADES SEVEN SPADES THREE,0.5906,0.0138,0.3956
SPADES KING SPADES JACK,0.2196,0.029,0.7514
DIAMONDS THREE HEARTS FOUR,0.6328,0.022,0.3452
CLUBS SEVEN HEARTS TEN,0.5692,0.0164,0.4144
SPADES QUEEN CLUBS NINE,0.3508,0.0102,0.639
CLUBS SIX HEARTS KING,0.3564,0.0066,0.637
DIAMONDS NINE CLUBS QUEEN,0.3482,0.012,0.6398
HEARTS SEVEN DIAMONDS TWO,0.6366,0.0218,0.3416
SPADES NINE DIAMONDS ACE,0.3546,0.0052,0.6402
SPADES ACE SPADES TEN,0.3256,0.0058,0.6686
HEARTS QUEEN CLUBS ACE,0.3218,0.0032,0.675
SPADES QUEEN SPADES FIVE,0.2268,0.048,0.7252
DIAMONDS TWO CLUBS KING,0.402,0.0084,0.5896
HEARTS SIX SPADES FIVE,0.6608,0.0538,0.2854
HEARTS TWO HEARTS EIGHT,0.5978,0.018,0.3842
HEARTS TWO DIAMONDS JACK,0.3166,0.4626,0.2208
HEARTS SEVEN HEARTS ACE,0.336,0.0064,0.6576
SPADES NINE CLUBS SIX,0.5778,0.0196,0.4026
DIAMONDS SEVEN DIAMONDS SIX,0.533,0.0198,0.4472
SPADES JACK HEARTS ACE,0.2222,0.0232,0.7546
SPADES EIGHT HEARTS QUEEN,0.3586,0.0088,0.6326
HEARTS TEN HEARTS EIGHT,0.5176,0.0166,0.4658
SPADES ACE HEARTS SEVEN,0.3692,0.0062,0.6246
SPADES ACE DIAMONDS SEVEN,0.3556,0.0058,0.6386
HEARTS FOUR HEARTS ACE,0.3668,0.0054,0.6278
SPADES KING SPADES SEVEN,0.3428,0.0076,0.6496
DIAMONDS TWO SPADES QUEEN,0.3956,0.0124,0.592
DIAMONDS TWO DIAMONDS ACE,0.3666,0.005,0.6284
SPADES KING SPADES TEN,0.3138,0.0046,0.6816
SPADES SEVEN SPADES TWO,0.584,0.0178,0.3982
SPADES QUEEN SPADES TEN,0.3166,0.008,0.6754
SPADES TEN DIAMONDS KING,0.3378,0.0074,0.6548
CLUBS THREE HEARTS QUEEN,0.3958,0.0124,0.5918
HEARTS FOUR CLUBS QUEEN,0.3928,0.0104,0.5968
DIAMONDS QUEEN DIAMONDS NINE,0.3446,0.0082,0.6472
CLUBS TWO CLUBS KING,0.3682,0.0078,0.624
HEARTS FOUR CLUBS SEVEN,0.6076,0.0216,0.3708
SPADES QUEEN HEARTS THREE,0.3972,0.011,0.5918
HEARTS THREE DIAMONDS ACE,0.3844,0.0064,0.6092
CLUBS FOUR SPADES TWO,0.6324,0.0172,0.3504
SPADES KING DIAMONDS KING,0.137,0.0068,0.8562
SPADES EIGHT CLUBS TWO,0.6362,0.0202,0.3436
SPADES KING CLUBS NINE,0.358,0.005,0.637
DIAMONDS TWO CLUBS SIX,0.6302,0.0224,0.3474
SPADES TEN HEARTS EIGHT,0.5604,0.0192,0.4204
SPADES SIX CLUBS THREE,0.6114,0.0186,0.37
SPADES KING HEARTS NINE,0.37,0.0092,0.6208
CLUBS NINE DIAMONDS NINE,0.2862,0.0234,0.6904
DIAMONDS ACE CLUBS TWO,0.3828,0.0064,0.6108
SPADES SEVEN CLUBS ACE,0.3592,0.0042,0.6366
HEARTS SEVEN HEARTS SIX,0.5466,0.018,0.4354
HEARTS FIVE DIAMONDS QUEEN,0.2358,0.0596,0.7046
SPADES JACK CLUBS FOUR,0.3286,0.4492,0.2222
CLUBS FIVE HEARTS NINE,0.6816,0.0658,0.2526
SPADES FOUR HEARTS NINE,0.626,0.0168,0.3572
HEARTS THREE HEARTS ACE,0.3688,0.0052,0.626
SPADES ACE SPADES KING,0.3248,0.005,0.6702
CLUBS NINE SPADES SEVEN,0.5656,0.0126,0.4218
CLUBS EIGHT DIAMONDS QUEEN,0.3426,0.0102,0.6472
HEARTS SEVEN SPADES JACK,0.2328,0.2862,0.481
CLUBS NINE SPADES FIVE,0.687,0.0588,0.2542
SPADES FOUR CLUBS QUEEN,0.396,0.0134,0.5906
HEARTS FIVE HEARTS FOUR,0.6418,0.0616,0.2966
HEARTS ACE CLUBS KING,0.316,0.0058,0.6782
HEARTS FIVE SPADES JACK,0.0154,0.9726,0.012
CLUBS SEVEN DIAMONDS EIGHT,0.5434,0.017,0.4396
DIAMONDS THREE HEARTS TWO,0.6496,0.0234,0.327
CLUBS JACK CLUBS FIVE,0.0226,0.916,0.0614
SPADES QUEEN HEARTS KING,0.3146,0.0052,0.6802
HEARTS SIX DIAMONDS TWO,0.6284,0.0216,0.35
HEARTS TWO DIAMONDS NINE,0.632,0.02,0.348
SPADES KING DIAMONDS SIX,0.3532,0.008,0.6388
HEARTS TWO CLUBS TWO,0.429,0.0492,0.5218
DIAMONDS TWO HEARTS QUEEN,0.3908,0.0126,0.5966
SPADES JACK SPADES TWO,0.305,0.437,0.258
SPADES KING SPADES SIX,0.3478,0.0078,0.6444
CLUBS TEN CLUBS THREE,0.5752,0.0174,0.4074
HEARTS FIVE HEARTS ACE,0.233,0.0256,0.7414
HEARTS TWO CLUBS ACE,0.3798,0.0044,0.6158
SPADES NINE HEARTS KING,0.3528,0.0068,0.6404
SPADES EIGHT DIAMONDS SEVEN,0.5456,0.02,0.4344
HEARTS SIX CLUBS FIVE,0.653,0.0624,0.2846
CLUBS FOUR HEARTS KING,0.3888,0.007,0.6042
HEARTS TWO CLUBS THREE,0.6422,0.0232,0.3346
CLUBS JACK DIAMONDS JACK,0.0794,0.0356,0.885
CLUBS TEN HEARTS THREE,0.628,0.0182,0.3538
HEARTS THREE SPADES FOUR,0.6208,0.0194,0.3598
CLUBS JACK SPADES THREE,0.3274,0.4562,0.2164
CLUBS NINE CLUBS SEVEN,0.5186,0.0168,0.4646
SPADES ACE CLUBS ACE,0.1292,0.0018,0.869
CLUBS JACK HEARTS TEN,0.2276,0.1206,0.6518
CLUBS TEN DIAMONDS SIX,0.5734,0.019,0.4076
HEARTS SEVEN DIAMONDS TEN,0.5774,0.0154,0.4072
SPADES TEN SPADES FIVE,0.6662,0.059,0.2748
DIAMONDS THREE CLUBS NINE,0.6256,0.0194,0.355
HEARTS ACE DIAMONDS FOUR,0.3784,0.0066,0.615
SPADES KING CLUBS TEN,0.3434,0.0054,0.6512
CLUBS THREE SPADES THREE,0.4032,0.0472,0.5496
HEARTS THREE DIAMONDS NINE,0.6252,0.0194,0.3554
HEARTS FIVE SPADES FIVE,0.2892,0.0496,0.6612
HEARTS FOUR CLUBS TWO,0.6352,0.0242,0.3406
CLUBS SEVEN DIAMONDS NINE,0.5546,0.017,0.4284
HEARTS FOUR SPADES SEVEN,0.5938,0.021,0.3852
HEARTS THREE DIAMONDS EIGHT,0.6402,0.0212,0.3386
HEARTS SIX SPADES SIX,0.3128,0.0406,0.6466
DIAMONDS EIGHT HEARTS NINE,0.5408,0.0176,0.4416
SPADES QUEEN DIAMONDS QUEEN,0.1412,0.0094,0.8494
CLUBS TEN HEARTS EIGHT,0.5594,0.0166,0.424
HEARTS KING HEARTS EIGHT,0.3638,0.0092,0.627
CLUBS SIX SPADES FIVE,0.6674,0.0528,0.2798
SPADES ACE DIAMONDS QUEEN,0.3264,0.0046,0.669
SPADES QUEEN DIAMONDS JACK,0.2216,0.0464,0.732
DIAMONDS QUEEN DIAMONDS FOUR,0.3684,0.0134,0.6182
SPADES SEVEN DIAMONDS KING,0.36,0.0072,0.6328
DIAMONDS KING HEARTS EIGHT,0.3634,0.0072,0.6294
SPADES KING HEARTS THREE,0.4056,0.0104,0.584
DIAMONDS KING DIAMONDS QUEEN,0.318,0.0074,0.6746
DIAMONDS THREE CLUBS SIX,0.624,0.019,0.357
CLUBS EIGHT SPADES EIGHT,0.3072,0.0348,0.658
SPADES QUEEN DIAMONDS NINE,0.34,0.0092,0.6508
SPADES SEVEN CLUBS FOUR,0.6,0.0182,0.3818
SPADES SEVEN DIAMONDS TEN,0.561,0.0168,0.4222
CLUBS NINE SPADES NINE,0.2938,0.0294,0.6768
SPADES NINE SPADES FOUR,0.5854,0.0194,0.3952
SPADES TEN HEARTS THREE,0.625,0.0184,0.3566
DIAMONDS THREE SPADES NINE,0.622,0.0182,0.3598
HEARTS SEVEN SPADES TWO,0.6426,0.0192,0.3382
HEARTS SEVEN DIAMONDS EIGHT,0.543,0.0184,0.4386
SPADES EIGHT DIAMONDS NINE,0.5612,0.014,0.4248
HEARTS ACE SPADES THREE,0.3764,0.0042,0.6194
DIAMONDS THREE DIAMONDS EIGHT,0.5984,0.017,0.3846
SPADES JACK HEARTS QUEEN,0.2248,0.043,0.7322
HEARTS FIVE SPADES THREE,0.6614,0.0606,0.278
DIAMONDS TWO SPADES TEN,0.6304,0.018,0.3516
SPADES TEN SPADES FOUR,0.5892,0.015,0.3958
CLUBS FIVE HEARTS ACE,0.224,0.0286,0.7474
CLUBS SEVEN HEARTS THREE,0.6224,0.0186,0.359
HEARTS FIVE DIAMONDS SIX,0.656,0.0646,0.2794
SPADES TWO DIAMONDS SEVEN,0.629,0.0186,0.3524
SPADES JACK SPADES FOUR,0.2954,0.44,0.2646
DIAMONDS THREE SPADES FOUR,0.6258,0.018,0.3562
HEARTS TWO SPADES THREE,0.635,0.0218,0.3432
DIAMONDS NINE SPADES TWO,0.6256,0.016,0.3584
SPADES KING DIAMONDS ACE,0.3198,0.0046,0.6756
CLUBS NINE HEARTS TEN,0.5394,0.0158,0.4448
CLUBS SIX DIAMONDS FOUR,0.599,0.0186,0.3824
CLUBS EIGHT SPADES TWO,0.6252,0.0194,0.3554
CLUBS SIX CLUBS TWO,0.5772,0.02,0.4028
SPADES TEN SPADES TWO,0.5946,0.019,0.3864
HEARTS THREE HEARTS EIGHT,0.609,0.0204,0.3706
HEARTS SEVEN CLUBS THREE,0.6234,0.0204,0.3562
HEARTS FOUR DIAMONDS SEVEN,0.6148,0.019,0.3662
DIAMONDS THREE DIAMONDS TWO,0.602,0.0252,0.3728
CLUBS EIGHT SPADES FOUR,0.6268,0.0188,0.3544
HEARTS SEVEN SPADES THREE,0.6292,0.0198,0.351
SPADES TEN SPADES SIX,0.53,0.0166,0.4534
HEARTS THREE SPADES EIGHT,0.6386,0.0166,0.3448
CLUBS FIVE HEARTS KING,0.2364,0.0396,0.724
SPADES JACK CLUBS SEVEN,0.2386,0.2794,0.482
HEARTS SIX SPADES SEVEN,0.561,0.0164,0.4226
DIAMONDS QUEEN HEARTS NINE,0.3456,0.0128,0.6416
SPADES ACE DIAMONDS JACK,0.2246,0.0232,0.7522
SPADES NINE DIAMONDS FOUR,0.6388,0.0184,0.3428
CLUBS TEN DIAMONDS TEN,0.2842,0.024,0.6918
SPADES ACE DIAMONDS KING,0.3156,0.0034,0.681
DIAMONDS TEN HEARTS KING,0.3444,0.0064,0.6492
DIAMONDS THREE CLUBS EIGHT,0.6248,0.0228,0.3524
HEARTS THREE DIAMONDS QUEEN,0.383,0.0124,0.6046
DIAMONDS KING DIAMONDS FOUR,0.3774,0.0074,0.6152
DIAMONDS ACE HEARTS TEN,0.3312,0.0034,0.6654
SPADES JACK HEARTS TWO,0.3252,0.47,0.2048
CLUBS TEN CLUBS QUEEN,0.2984,0.0084,0.6932
CLUBS TEN SPADES JACK,0.2254,0.1224,0.6522
HEARTS SEVEN HEARTS EIGHT,0.5282,0.0172,0.4546
CLUBS TEN DIAMONDS ACE,0.345,0.0054,0.6496
DIAMONDS ACE CLUBS QUEEN,0.3162,0.0046,0.6792
HEARTS SIX HEARTS FIVE,0.6404,0.0542,0.3054
SPADES QUEEN CLUBS THREE,0.3964,0.0114,0.5922
SPADES SEVEN DIAMONDS FOUR,0.6128,0.018,0.3692
DIAMONDS EIGHT DIAMONDS FOUR,0.5806,0.0144,0.405
DIAMONDS THREE CLUBS FIVE,0.6734,0.0606,0.266
HEARTS TWO HEARTS ACE,0.3758,0.0058,0.6184
HEARTS TWO HEARTS KING,0.382,0.0088,0.6092
DIAMONDS THREE SPADES JACK,0.3198,0.4736,0.2066
CLUBS ACE DIAMONDS FOUR,0.3816,0.0042,0.6142
CLUBS SEVEN CLUBS QUEEN,0.3446,0.0094,0.646
CLUBS ACE HEARTS EIGHT,0.379,0.0024,0.6186
SPADES TEN HEARTS ACE,0.3394,0.0026,0.658
SPADES TWO DIAMONDS FOUR,0.6266,0.0222,0.3512
SPADES TEN HEARTS TWO,0.6372,0.0184,0.3444
HEARTS SEVEN CLUBS NINE,0.561,0.02,0.419
CLUBS EIGHT DIAMONDS EIGHT,0.3102,0.0322,0.6576
SPADES THREE DIAMONDS NINE,0.63,0.0196,0.3504
HEARTS FIVE HEARTS TEN,0.6636,0.0634,0.273
DIAMONDS KING SPADES FOUR,0.3808,0.0084,0.6108
CLUBS EIGHT CLUBS KING,0.3436,0.0078,0.6486
SPADES TEN HEARTS NINE,0.5518,0.0172,0.431
CLUBS JACK HEARTS SIX,0.2328,0.3838,0.3834
SPADES NINE SPADES SIX,0.5388,0.0136,0.4476
CLUBS JACK CLUBS KING,0.2286,0.0308,0.7406
SPADES FIVE DIAMONDS TEN,0.7074,0.0594,0.2332
SPADES NINE CLUBS TWO,0.6168,0.0204,0.3628
CLUBS TEN HEARTS ACE,0.3486,0.003,0.6484
CLUBS NINE SPADES JACK,0.227,0.1598,0.6132
SPADES TWO CLUBS QUEEN,0.4052,0.0104,0.5844
CLUBS KING DIAMONDS SIX,0.3668,0.0078,0.6254
CLUBS THREE SPADES FIVE,0.6586,0.0682,0.2732
HEARTS TEN DIAMONDS SEVEN,0.5598,0.0182,0.422
HEARTS SEVEN DIAMONDS JACK,0.224,0.2962,0.4798
SPADES FOUR HEARTS KING,0.403,0.0068,0.5902
SPADES FIVE CLUBS KING,0.2342,0.0468,0.719
CLUBS TWO DIAMONDS TEN,0.6182,0.0164,0.3654
CLUBS FOUR HEARTS QUEEN,0.3928,0.0108,0.5964
HEARTS THREE HEARTS KING,0.3782,0.009,0.6128
HEARTS FIVE DIAMONDS JACK,0.0078,0.9854,0.0068
HEARTS SIX SPADES QUEEN,0.3544,0.0124,0.6332
CLUBS FIVE HEARTS EIGHT,0.672,0.0622,0.2658
DIAMONDS TWO CLUBS FIVE,0.6892,0.0682,0.2426
DIAMONDS TEN DIAMONDS EIGHT,0.5176,0.0144,0.468
SPADES FOUR SPADES THREE,0.5682,0.0204,0.4114
CLUBS TEN CLUBS EIGHT,0.5106,0.0178,0.4716
SPADES NINE HEARTS TEN,0.5382,0.017,0.4448
DIAMONDS THREE CLUBS QUEEN,0.3982,0.0108,0.591
CLUBS TWO DIAMONDS FOUR,0.6278,0.0202,0.352
DIAMONDS KING SPADES TWO,0.39,0.008,0.602
CLUBS TEN DIAMONDS TWO,0.6114,0.0182,0.3704
DIAMONDS TWO HEARTS ACE,0.3812,0.0042,0.6146
CLUBS KING HEARTS EIGHT,0.3672,0.0064,0.6264
SPADES EIGHT HEARTS NINE,0.5528,0.0162,0.431
SPADES KING DIAMONDS EIGHT,0.3648,0.0074,0.6278
CLUBS SEVEN SPADES THREE,0.6176,0.017,0.3654
HEARTS SEVEN CLUBS EIGHT,0.5614,0.0188,0.4198
HEARTS TWO DIAMONDS EIGHT,0.6326,0.0226,0.3448
HEARTS TWO DIAMONDS KING,0.4132,0.0092,0.5776
SPADES TWO HEARTS TEN,0.618,0.0198,0.3622
SPADES KING CLUBS ACE,0.3262,0.004,0.6698
SPADES THREE DIAMONDS SEVEN,0.6184,0.0252,0.3564
SPADES TEN CLUBS FIVE,0.7104,0.0606,0.229
DIAMONDS THREE HEARTS ACE,0.3862,0.0064,0.6074
SPADES TEN SPADES SEVEN,0.547,0.015,0.438
SPADES TEN DIAMONDS ACE,0.3434,0.0042,0.6524
DIAMONDS TEN CLUBS QUEEN,0.3168,0.0106,0.6726
SPADES ACE DIAMONDS NINE,0.3424,0.0042,0.6534
CLUBS TEN DIAMONDS QUEEN,0.325,0.0066,0.6684
SPADES KING SPADES FOUR,0.3756,0.0086,0.6158
CLUBS EIGHT SPADES NINE,0.5502,0.02,0.4298
SPADES NINE HEARTS ACE,0.3556,0.004,0.6404
CLUBS SIX CLUBS ACE,0.3448,0.004,0.6512
SPADES KING CLUBS FIVE,0.239,0.039,0.722
SPADES EIGHT CLUBS FOUR,0.6144,0.0196,0.366
HEARTS SEVEN SPADES SIX,0.5724,0.0206,0.407
CLUBS NINE HEARTS FOUR,0.6274,0.0192,0.3534
CLUBS SEVEN HEARTS NINE,0.5612,0.0188,0.42
CLUBS EIGHT SPADES TEN,0.556,0.0158,0.4282
HEARTS SIX HEARTS NINE,0.5456,0.0196,0.4348
SPADES KING CLUBS KING,0.14,0.0064,0.8536
CLUBS FOUR DIAMONDS TEN,0.6254,0.0166,0.358
SPADES TEN CLUBS SEVEN,0.573,0.0152,0.4118
SPADES ACE CLUBS THREE,0.3734,0.004,0.6226
CLUBS SIX DIAMONDS JACK,0.2296,0.3764,0.394
HEARTS QUEEN DIAMONDS SIX,0.3558,0.0122,0.632
SPADES KING SPADES EIGHT,0.344,0.0076,0.6484
SPADES FIVE DIAMONDS SEVEN,0.6564,0.0666,0.277
SPADES FIVE DIAMONDS SIX,0.6436,0.0678,0.2886
HEARTS SEVEN HEARTS NINE,0.5118,0.0186,0.4696
SPADES SEVEN SPADES SIX,0.5324,0.0204,0.4472
CLUBS TWO DIAMONDS SIX,0.621,0.0186,0.3604
DIAMONDS ACE SPADES SIX,0.351,0.0052,0.6438
SPADES NINE SPADES TWO,0.597,0.0204,0.3826
CLUBS TEN HEARTS FOUR,0.6196,0.019,0.3614
SPADES ACE SPADES SIX,0.3456,0.003,0.6514
SPADES NINE CLUBS KING,0.364,0.0066,0.6294
CLUBS JACK HEARTS TWO,0.3176,0.4716,0.2108
SPADES THREE CLUBS ACE,0.3782,0.0026,0.6192
CLUBS SIX DIAMONDS QUEEN,0.354,0.012,0.634
SPADES NINE DIAMONDS EIGHT,0.5414,0.0178,0.4408
SPADES FIVE SPADES THREE,0.6134,0.059,0.3276
HEARTS SEVEN DIAMONDS ACE,0.3612,0.0054,0.6334
SPADES TEN CLUBS ACE,0.3448,0.0034,0.6518
HEARTS TWO DIAMONDS ACE,0.3748,0.005,0.6202
HEARTS SIX HEARTS TWO,0.613,0.0182,0.3688
DIAMONDS TWO DIAMONDS JACK,0.3186,0.4276,0.2538
CLUBS JACK DIAMONDS SEVEN,0.2222,0.2892,0.4886
SPADES TWO CLUBS ACE,0.3916,0.0038,0.6046
CLUBS FOUR HEARTS NINE,0.633,0.0208,0.3462
HEARTS QUEEN DIAMONDS EIGHT,0.3506,0.01,0.6394
SPADES EIGHT SPADES FOUR,0.5848,0.0182,0.397
SPADES ACE SPADES FIVE,0.2234,0.0306,0.746
SPADES SEVEN DIAMONDS EIGHT,0.55,0.0212,0.4288
HEARTS SIX DIAMONDS NINE,0.5816,0.019,0.3994
SPADES QUEEN SPADES NINE,0.327,0.0096,0.6634
CLUBS TEN SPADES EIGHT,0.5596,0.0144,0.426
SPADES SIX DIAMONDS JACK,0.2108,0.3982,0.391
DIAMONDS THREE CLUBS KING,0.3972,0.0106,0.5922
DIAMONDS THREE CLUBS SEVEN,0.6212,0.0196,0.3592
HEARTS SEVEN CLUBS TWO,0.6356,0.0208,0.3436
CLUBS FOUR DIAMONDS JACK,0.302,0.4706,0.2274
SPADES FIVE CLUBS TWO,0.6674,0.068,0.2646
HEARTS FOUR DIAMONDS FOUR,0.413,0.0494,0.5376
CLUBS JACK SPADES FIVE,0.0226,0.9554,0.022
DIAMONDS THREE HEARTS FIVE,0.6832,0.0646,0.2522
DIAMONDS KING DIAMONDS NINE,0.3352,0.0082,0.6566
SPADES KING SPADES QUEEN,0.288,0.0052,0.7068
HEARTS SEVEN SPADES TEN,0.5682,0.0192,0.4126
SPADES SIX CLUBS TWO,0.6308,0.0174,0.3518
CLUBS FOUR HEARTS TEN,0.6354,0.0184,0.3462
CLUBS EIGHT CLUBS QUEEN,0.3386,0.0108,0.6506
DIAMONDS JACK HEARTS KING,0.2278,0.033,0.7392
HEARTS FIVE DIAMONDS SEVEN,0.6588,0.0648,0.2764
HEARTS FOUR DIAMONDS NINE,0.6236,0.0254,0.351
CLUBS FOUR CLUBS TWO,0.5966,0.0186,0.3848
DIAMONDS QUEEN SPADES THREE,0.397,0.012,0.591
HEARTS TEN HEARTS NINE,0.513,0.017,0.47
HEARTS THREE DIAMONDS KING,0.39,0.0092,0.6008
CLUBS FOUR DIAMONDS EIGHT,0.6184,0.016,0.3656
DIAMONDS JACK DIAMONDS NINE,0.225,0.1644,0.6106
CLUBS JACK DIAMONDS QUEEN,0.226,0.0426,0.7314
SPADES NINE DIAMONDS SIX,0.5684,0.0188,0.4128
CLUBS FOUR DIAMONDS SEVEN,0.603,0.0204,0.3766
CLUBS TEN HEARTS KING,0.3394,0.0064,0.6542
HEARTS FIVE CLUBS FIVE,0.2802,0.0448,0.675
SPADES EIGHT HEARTS KING,0.3582,0.0084,0.6334
SPADES ACE CLUBS FOUR,0.3808,0.0042,0.615
DIAMONDS THREE HEARTS QUEEN,0.399,0.0118,0.5892
HEARTS SEVEN DIAMONDS KING,0.3658,0.0098,0.6244
