opposingHand,winningChance,drawChance,lostChance
DIAMONDS THREE DIAMONDS KING
SPADES NINE HEARTS THREE,0.7436,0.0302,0.2262
SPADES ACE SPADES SIX,0.3688,0.0036,0.6276
CLUBS EIGHT DIAMONDS TEN,0.5906,0.0068,0.4026
SPADES FOUR HEARTS TEN,0.6158,0.0112,0.373
SPADES THREE CLUBS KING,0.0666,0.9112,0.0222
HEARTS SIX SPADES NINE,0.5978,0.0062,0.396
CLUBS NINE HEARTS THREE,0.7436,0.0322,0.2242
HEARTS KING HEARTS NINE,0.2608,0.1458,0.5934
SPADES JACK SPADES EIGHT,0.551,0.0078,0.4412
SPADES SEVEN DIAMONDS SIX,0.5752,0.0082,0.4166
CLUBS TWO DIAMONDS SEVEN,0.6456,0.0098,0.3446
SPADES QUEEN CLUBS FIVE,0.6012,0.008,0.3908
CLUBS SEVEN DIAMONDS QUEEN,0.6078,0.006,0.3862
CLUBS TEN DIAMONDS FIVE,0.6102,0.0104,0.3794
CLUBS SEVEN SPADES SEVEN,0.373,0.0124,0.6146
HEARTS SIX SPADES JACK,0.6028,0.009,0.3882
SPADES NINE HEARTS JACK,0.5912,0.0074,0.4014
SPADES KING HEARTS FIVE,0.277,0.4228,0.3002
CLUBS TEN SPADES TEN,0.3264,0.0086,0.665
HEARTS THREE HEARTS TEN,0.6828,0.0306,0.2866
HEARTS ACE CLUBS KING,0.2784,0.008,0.7136
SPADES KING HEARTS TEN,0.2788,0.1056,0.6156
SPADES QUEEN HEARTS TWO,0.6568,0.0066,0.3366
DIAMONDS TWO HEARTS FIVE,0.6298,0.009,0.3612
SPADES KING CLUBS FOUR,0.2694,0.4794,0.2512
SPADES THREE HEARTS QUEEN,0.7528,0.0322,0.215
SPADES TEN DIAMONDS SEVEN,0.5838,0.0102,0.406
DIAMONDS EIGHT CLUBS ACE,0.3976,0.0068,0.5956
CLUBS THREE DIAMONDS SEVEN,0.7166,0.0298,0.2536
SPADES JACK HEARTS ACE,0.3856,0.0046,0.6098
CLUBS TEN CLUBS EIGHT,0.5542,0.0048,0.441
SPADES NINE CLUBS FOUR,0.626,0.0078,0.3662
CLUBS JACK HEARTS QUEEN,0.5802,0.0064,0.4134
CLUBS FIVE CLUBS TWO,0.5996,0.0096,0.3908
DIAMONDS TWO SPADES EIGHT,0.6428,0.009,0.3482
SPADES ACE CLUBS EIGHT,0.403,0.005,0.592
SPADES FOUR DIAMONDS SEVEN,0.6046,0.0086,0.3868
CLUBS TWO HEARTS KING,0.3078,0.4784,0.2138
SPADES JACK CLUBS SIX,0.6316,0.009,0.3594
CLUBS NINE HEARTS KING,0.2816,0.1562,0.5622
DIAMONDS ACE DIAMONDS SEVEN,0.3384,0.007,0.6546
DIAMONDS JACK DIAMONDS SEVEN,0.5884,0.0098,0.4018
SPADES NINE DIAMONDS SEVEN,0.5866,0.0084,0.405
SPADES TEN CLUBS QUEEN,0.5946,0.0052,0.4002
CLUBS TEN SPADES JACK,0.5608,0.0062,0.433
HEARTS THREE SPADES FOUR,0.7176,0.0268,0.2556
HEARTS JACK CLUBS QUEEN,0.5848,0.0062,0.409
CLUBS JACK DIAMONDS FOUR,0.6,0.008,0.392
DIAMONDS EIGHT DIAMONDS SIX,0.583,0.0088,0.4082
SPADES EIGHT HEARTS ACE,0.413,0.0058,0.5812
SPADES TEN DIAMONDS ACE,0.3734,0.005,0.6216
SPADES FOUR DIAMONDS TEN,0.617,0.0094,0.3736
HEARTS THREE DIAMONDS SEVEN,0.73,0.0278,0.2422
DIAMONDS TWO SPADES NINE,0.6542,0.0102,0.3356
HEARTS SEVEN DIAMONDS QUEEN,0.6104,0.0066,0.383
SPADES TEN HEARTS TEN,0.3388,0.0076,0.6536
HEARTS TWO HEARTS TEN,0.6124,0.0082,0.3794
SPADES KING SPADES TEN,0.267,0.1088,0.6242
HEARTS TWO DIAMONDS JACK,0.651,0.0116,0.3374
CLUBS TWO DIAMONDS JACK,0.6466,0.0112,0.3422
CLUBS THREE DIAMONDS SIX,0.726,0.0282,0.2458
DIAMONDS FOUR HEARTS FIVE,0.5822,0.0106,0.4072
CLUBS FOUR DIAMONDS JACK,0.6186,0.0092,0.3722
CLUBS TEN SPADES NINE,0.5594,0.0076,0.433
DIAMONDS ACE DIAMONDS NINE,0.3462,0.0076,0.6462
HEARTS FIVE HEARTS FOUR,0.548,0.0086,0.4434
CLUBS EIGHT SPADES SEVEN,0.5874,0.0068,0.4058
HEARTS SEVEN HEARTS NINE,0.558,0.0068,0.4352
CLUBS THREE SPADES THREE,0.3342,0.0218,0.644
SPADES QUEEN CLUBS THREE,0.7444,0.0334,0.2222
HEARTS FOUR HEARTS NINE,0.581,0.0108,0.4082
HEARTS SEVEN SPADES SEVEN,0.3718,0.0122,0.616
HEARTS FOUR SPADES SEVEN,0.614,0.008,0.378
SPADES SIX DIAMONDS SIX,0.367,0.0176,0.6154
SPADES ACE DIAMONDS FOUR,0.3902,0.005,0.6048
SPADES EIGHT DIAMONDS QUEEN,0.5952,0.009,0.3958
SPADES SIX SPADES FIVE,0.5462,0.0106,0.4432
SPADES TEN DIAMONDS QUEEN,0.5742,0.0056,0.4202
CLUBS FOUR HEARTS TEN,0.6202,0.007,0.3728
CLUBS KING DIAMONDS FIVE,0.252,0.4452,0.3028
CLUBS TWO DIAMONDS TEN,0.635,0.0104,0.3546
CLUBS NINE DIAMONDS NINE,0.3416,0.0092,0.6492
DIAMONDS QUEEN DIAMONDS EIGHT,0.586,0.0096,0.4044
SPADES JACK CLUBS EIGHT,0.6012,0.0064,0.3924
CLUBS FOUR CLUBS QUEEN,0.5876,0.0082,0.4042
HEARTS THREE SPADES SIX,0.7178,0.0256,0.2566
CLUBS SEVEN SPADES THREE,0.7256,0.0244,0.25
CLUBS SIX CLUBS TWO,0.6102,0.0086,0.3812
HEARTS THREE CLUBS TWO,0.7258,0.03,0.2442
HEARTS SIX DIAMONDS ACE,0.386,0.0048,0.6092
SPADES KING CLUBS SIX,0.2642,0.3666,0.3692
CLUBS THREE SPADES TWO,0.7194,0.0328,0.2478
DIAMONDS ACE SPADES SIX,0.3814,0.0058,0.6128
HEARTS FOUR DIAMONDS ACE,0.3798,0.0062,0.614
DIAMONDS FOUR DIAMONDS TEN,0.6032,0.009,0.3878
CLUBS SIX SPADES THREE,0.7304,0.0204,0.2492
HEARTS TWO SPADES SEVEN,0.6686,0.0084,0.323
SPADES FIVE DIAMONDS FIVE,0.3758,0.016,0.6082
CLUBS JACK HEARTS NINE,0.5784,0.0082,0.4134
HEARTS ACE HEARTS NINE,0.3652,0.0068,0.628
CLUBS EIGHT DIAMONDS JACK,0.5786,0.0082,0.4132
CLUBS JACK CLUBS EIGHT,0.5522,0.0064,0.4414
HEARTS TWO HEARTS NINE,0.6194,0.0068,0.3738
HEARTS FIVE SPADES FIVE,0.3666,0.014,0.6194
DIAMONDS FOUR DIAMONDS TWO,0.6366,0.0098,0.3536
CLUBS TEN DIAMONDS JACK,0.558,0.008,0.434
DIAMONDS ACE DIAMONDS JACK,0.33,0.007,0.663
HEARTS ACE DIAMONDS TEN,0.3828,0.0048,0.6124
SPADES TEN DIAMONDS EIGHT,0.5832,0.0102,0.4066
SPADES TEN SPADES SEVEN,0.5556,0.0068,0.4376
SPADES NINE DIAMONDS JACK,0.5466,0.0074,0.446
SPADES ACE DIAMONDS JACK,0.379,0.0046,0.6164
DIAMONDS ACE HEARTS JACK,0.3774,0.0044,0.6182
SPADES FIVE SPADES FOUR,0.5392,0.0092,0.4516
HEARTS SIX CLUBS FIVE,0.5892,0.0094,0.4014
SPADES FIVE DIAMONDS JACK,0.6122,0.009,0.3788
HEARTS EIGHT SPADES QUEEN,0.608,0.0062,0.3858
SPADES EIGHT CLUBS KING,0.2726,0.2214,0.506
HEARTS THREE SPADES TWO,0.7344,0.0296,0.236
CLUBS SIX DIAMONDS NINE,0.5856,0.0092,0.4052
CLUBS NINE CLUBS THREE,0.7036,0.0296,0.2668
HEARTS QUEEN DIAMONDS SIX,0.6164,0.0086,0.375
CLUBS TEN CLUBS SEVEN,0.5594,0.009,0.4316
DIAMONDS TWO DIAMONDS SIX,0.6484,0.0104,0.3412
HEARTS EIGHT HEARTS FOUR,0.5716,0.0072,0.4212
SPADES THREE CLUBS ACE,0.2782,0.019,0.7028
SPADES JACK HEARTS NINE,0.5752,0.0072,0.4176
HEARTS ACE DIAMONDS SIX,0.3852,0.0058,0.609
DIAMONDS JACK HEARTS QUEEN,0.5784,0.0074,0.4142
CLUBS JACK SPADES SIX,0.6252,0.0062,0.3686
HEARTS EIGHT DIAMONDS FIVE,0.5988,0.0092,0.392
SPADES SEVEN CLUBS THREE,0.7432,0.0268,0.23
SPADES NINE SPADES TWO,0.6134,0.0094,0.3772
DIAMONDS TWO HEARTS KING,0.2808,0.4978,0.2214
DIAMONDS JACK SPADES TWO,0.648,0.0102,0.3418
DIAMONDS FOUR DIAMONDS ACE,0.3394,0.0088,0.6518
CLUBS SEVEN CLUBS FIVE,0.557,0.009,0.434
SPADES ACE SPADES THREE,0.2584,0.0188,0.7228
CLUBS NINE CLUBS FOUR,0.5896,0.0072,0.4032
CLUBS KING HEARTS TEN,0.2792,0.1136,0.6072
SPADES ACE HEARTS QUEEN,0.3914,0.0034,0.6052
SPADES JACK SPADES NINE,0.5442,0.0082,0.4476
HEARTS FOUR CLUBS FOUR,0.3778,0.0192,0.603
SPADES JACK HEARTS KING,0.2702,0.0834,0.6464
SPADES TEN HEARTS QUEEN,0.5758,0.0074,0.4168
SPADES ACE CLUBS SIX,0.4026,0.0042,0.5932
SPADES QUEEN HEARTS ACE,0.384,0.0046,0.6114
CLUBS THREE CLUBS QUEEN,0.7006,0.031,0.2684
SPADES ACE HEARTS KING,0.2724,0.0152,0.7124
CLUBS FOUR HEARTS KING,0.2692,0.4716,0.2592
HEARTS THREE HEARTS ACE,0.2538,0.0208,0.7254
SPADES TWO DIAMONDS SIX,0.6464,0.0112,0.3424
HEARTS ACE DIAMONDS FIVE,0.371,0.0056,0.6234
CLUBS SEVEN HEARTS TWO,0.6554,0.0088,0.3358
CLUBS TEN CLUBS ACE,0.3682,0.0054,0.6264
SPADES SEVEN HEARTS TEN,0.601,0.0074,0.3916
CLUBS EIGHT SPADES SIX,0.5896,0.0056,0.4048
SPADES ACE CLUBS KING,0.2556,0.015,0.7294
HEARTS EIGHT CLUBS NINE,0.58,0.008,0.412
HEARTS ACE DIAMONDS EIGHT,0.3986,0.0052,0.5962
CLUBS SEVEN SPADES FOUR,0.609,0.0082,0.3828
HEARTS FOUR CLUBS SIX,0.6152,0.0078,0.377
DIAMONDS TEN HEARTS TEN,0.3278,0.0076,0.6646
SPADES SEVEN DIAMONDS ACE,0.38,0.0038,0.6162
SPADES KING SPADES NINE,0.2752,0.156,0.5688
DIAMONDS FOUR CLUBS SIX,0.601,0.0108,0.3882
SPADES SIX DIAMONDS QUEEN,0.6152,0.0114,0.3734
CLUBS EIGHT DIAMONDS QUEEN,0.5886,0.0072,0.4042
SPADES ACE CLUBS NINE,0.4054,0.0036,0.591
HEARTS JACK HEARTS NINE,0.5446,0.0086,0.4468
CLUBS TEN SPADES EIGHT,0.578,0.0084,0.4136
CLUBS EIGHT HEARTS FOUR,0.6142,0.008,0.3778
SPADES QUEEN HEARTS THREE,0.7436,0.03,0.2264
DIAMONDS TEN SPADES THREE,0.7294,0.0414,0.2292
CLUBS TWO HEARTS QUEEN,0.6596,0.0094,0.331
HEARTS SEVEN DIAMONDS FIVE,0.5898,0.008,0.4022
SPADES EIGHT HEARTS QUEEN,0.598,0.008,0.394
CLUBS FOUR SPADES FIVE,0.5872,0.0104,0.4024
HEARTS THREE CLUBS FIVE,0.7082,0.0288,0.263
SPADES KING HEARTS THREE,0.0722,0.909,0.0188
DIAMONDS TWO HEARTS THREE,0.7148,0.0328,0.2524
SPADES NINE HEARTS KING,0.2692,0.1652,0.5656
HEARTS KING DIAMONDS EIGHT,0.276,0.2104,0.5136
CLUBS FIVE HEARTS KING,0.2654,0.4206,0.314
SPADES EIGHT CLUBS QUEEN,0.5968,0.0068,0.3964
CLUBS FOUR SPADES FOUR,0.364,0.0176,0.6184
HEARTS FIVE DIAMONDS QUEEN,0.6078,0.0092,0.383
DIAMONDS TWO SPADES JACK,0.6598,0.0078,0.3324
CLUBS FOUR DIAMONDS QUEEN,0.6088,0.0116,0.3796
HEARTS SIX SPADES SIX,0.3616,0.0174,0.621
CLUBS SIX SPADES SEVEN,0.5816,0.0086,0.4098
SPADES SEVEN DIAMONDS SEVEN,0.3592,0.0126,0.6282
CLUBS TWO CLUBS QUEEN,0.6112,0.0078,0.381
SPADES ACE HEARTS ACE,0.1668,0.0038,0.8294
CLUBS SIX SPADES FIVE,0.5838,0.0076,0.4086
HEARTS QUEEN DIAMONDS FIVE,0.6186,0.0094,0.372
HEARTS FIVE CLUBS FOUR,0.5894,0.0074,0.4032
HEARTS TWO CLUBS ACE,0.4124,0.0068,0.5808
DIAMONDS TEN CLUBS QUEEN,0.5746,0.0048,0.4206
DIAMONDS TWO HEARTS JACK,0.6574,0.0076,0.335
CLUBS SIX DIAMONDS SEVEN,0.6,0.0074,0.3926
CLUBS SIX DIAMONDS FIVE,0.5758,0.0108,0.4134
CLUBS TEN HEARTS ACE,0.3844,0.0044,0.6112
HEARTS FIVE CLUBS FIVE,0.3668,0.0184,0.6148
SPADES THREE DIAMONDS SIX,0.7214,0.0284,0.2502
SPADES QUEEN SPADES EIGHT,0.568,0.0078,0.4242
HEARTS EIGHT CLUBS FOUR,0.6262,0.0068,0.367
CLUBS TEN CLUBS THREE,0.7086,0.0336,0.2578
SPADES EIGHT CLUBS FOUR,0.6088,0.009,0.3822
HEARTS JACK CLUBS KING,0.283,0.08,0.637
HEARTS FOUR HEARTS JACK,0.5808,0.0076,0.4116
HEARTS THREE DIAMONDS SIX,0.7198,0.0292,0.251
CLUBS FOUR DIAMONDS TEN,0.606,0.0098,0.3842
HEARTS KING DIAMONDS NINE,0.2636,0.1622,0.5742
HEARTS FIVE DIAMONDS TEN,0.6038,0.0084,0.3878
SPADES KING SPADES TWO,0.2894,0.4544,0.2562
SPADES FOUR HEARTS QUEEN,0.6304,0.0078,0.3618
HEARTS FIVE DIAMONDS SIX,0.5736,0.0092,0.4172
SPADES NINE CLUBS ACE,0.404,0.003,0.593
HEARTS SEVEN SPADES NINE,0.5858,0.0072,0.407
SPADES EIGHT DIAMONDS SIX,0.5782,0.007,0.4148
SPADES SEVEN SPADES TWO,0.6084,0.0096,0.382
DIAMONDS ACE CLUBS ACE,0.1456,0.0056,0.8488
CLUBS EIGHT CLUBS KING,0.2538,0.2114,0.5348
CLUBS EIGHT SPADES THREE,0.7398,0.0298,0.2304
CLUBS NINE CLUBS TWO,0.6114,0.01,0.3786
SPADES QUEEN SPADES THREE,0.7034,0.0332,0.2634
DIAMONDS TWO DIAMONDS SEVEN,0.6466,0.0084,0.345
SPADES THREE DIAMONDS SEVEN,0.7208,0.03,0.2492
CLUBS QUEEN DIAMONDS FIVE,0.6188,0.0072,0.374
DIAMONDS QUEEN HEARTS QUEEN,0.3146,0.0044,0.681
HEARTS TEN DIAMONDS FIVE,0.6088,0.0082,0.383
HEARTS EIGHT DIAMONDS ACE,0.3908,0.0058,0.6034
HEARTS EIGHT SPADES EIGHT,0.3602,0.0096,0.6302
HEARTS FOUR HEARTS TWO,0.6082,0.0104,0.3814
CLUBS KING CLUBS QUEEN,0.2556,0.0572,0.6872
SPADES ACE HEARTS TEN,0.38,0.0054,0.6146
SPADES SIX HEARTS TEN,0.6118,0.0076,0.3806
HEARTS FOUR DIAMONDS NINE,0.6048,0.0086,0.3866
DIAMONDS NINE CLUBS ACE,0.3842,0.0054,0.6104
DIAMONDS QUEEN SPADES TWO,0.655,0.0098,0.3352
HEARTS SIX CLUBS FOUR,0.5986,0.0096,0.3918
SPADES TEN SPADES EIGHT,0.5548,0.006,0.4392
CLUBS JACK DIAMONDS TWO,0.6474,0.0094,0.3432
SPADES ACE SPADES FOUR,0.3768,0.0068,0.6164
HEARTS FOUR CLUBS FIVE,0.5934,0.0068,0.3998
HEARTS SEVEN HEARTS ACE,0.3694,0.006,0.6246
DIAMONDS QUEEN CLUBS QUEEN,0.3128,0.0048,0.6824
DIAMONDS FOUR HEARTS TEN,0.6194,0.0088,0.3718
SPADES JACK DIAMONDS FIVE,0.6168,0.0076,0.3756
DIAMONDS QUEEN CLUBS KING,0.2604,0.0636,0.676
DIAMONDS FOUR SPADES NINE,0.6196,0.0116,0.3688
SPADES TWO HEARTS NINE,0.6474,0.007,0.3456
SPADES QUEEN HEARTS NINE,0.587,0.0068,0.4062
DIAMONDS FOUR HEARTS TWO,0.6272,0.011,0.3618
SPADES TEN CLUBS SIX,0.6018,0.009,0.3892
SPADES THREE DIAMONDS FIVE,0.7068,0.0314,0.2618
SPADES EIGHT CLUBS THREE,0.7456,0.0234,0.231
SPADES QUEEN HEARTS TEN,0.5852,0.005,0.4098
SPADES EIGHT SPADES TWO,0.6176,0.0106,0.3718
CLUBS SEVEN DIAMONDS NINE,0.5946,0.0074,0.398
HEARTS ACE DIAMONDS NINE,0.401,0.0056,0.5934
HEARTS SIX HEARTS JACK,0.5812,0.0072,0.4116
SPADES SEVEN CLUBS KING,0.2658,0.288,0.4462
DIAMONDS QUEEN DIAMONDS JACK,0.5708,0.0064,0.4228
SPADES FOUR HEARTS KING,0.261,0.4792,0.2598
DIAMONDS JACK SPADES FOUR,0.611,0.007,0.382
SPADES NINE DIAMONDS QUEEN,0.5832,0.0104,0.4064
SPADES FIVE HEARTS NINE,0.622,0.008,0.37
DIAMONDS QUEEN HEARTS JACK,0.5784,0.0072,0.4144
CLUBS NINE DIAMONDS TEN,0.566,0.0074,0.4266
HEARTS FOUR CLUBS THREE,0.7108,0.0304,0.2588
CLUBS SEVEN HEARTS NINE,0.5862,0.0088,0.405
DIAMONDS QUEEN CLUBS TWO,0.6432,0.01,0.3468
SPADES TEN SPADES FIVE,0.5862,0.0084,0.4054
HEARTS SIX SPADES THREE,0.7336,0.0258,0.2406
CLUBS TEN DIAMONDS QUEEN,0.5848,0.0086,0.4066
HEARTS EIGHT DIAMONDS SEVEN,0.567,0.0066,0.4264
SPADES JACK CLUBS QUEEN,0.5962,0.0072,0.3966
DIAMONDS TWO HEARTS TWO,0.4582,0.0232,0.5186
CLUBS NINE SPADES FIVE,0.6058,0.0054,0.3888
HEARTS SEVEN CLUBS THREE,0.73,0.0246,0.2454
HEARTS FOUR HEARTS TEN,0.5818,0.0094,0.4088
DIAMONDS TWO HEARTS TEN,0.6496,0.0104,0.34
SPADES SIX SPADES TWO,0.6132,0.0102,0.3766
SPADES TEN CLUBS FOUR,0.6322,0.0078,0.36
HEARTS FOUR SPADES EIGHT,0.6192,0.0078,0.373
HEARTS THREE SPADES THREE,0.3348,0.0238,0.6414
CLUBS TWO SPADES TWO,0.4592,0.0186,0.5222
SPADES KING CLUBS FIVE,0.2556,0.4328,0.3116
HEARTS FOUR DIAMONDS FIVE,0.59,0.0086,0.4014
CLUBS TWO SPADES THREE,0.7294,0.0284,0.2422
CLUBS TEN SPADES THREE,0.7358,0.0298,0.2344
HEARTS EIGHT CLUBS QUEEN,0.6092,0.006,0.3848
DIAMONDS TWO DIAMONDS ACE,0.3598,0.0036,0.6366
SPADES NINE CLUBS FIVE,0.6106,0.0072,0.3822
SPADES KING HEARTS KING,0.1262,0.0136,0.8602
CLUBS SEVEN DIAMONDS EIGHT,0.572,0.0058,0.4222
CLUBS THREE DIAMONDS EIGHT,0.737,0.0278,0.2352
CLUBS EIGHT HEARTS TWO,0.6562,0.0092,0.3346
DIAMONDS QUEEN CLUBS ACE,0.3762,0.0064,0.6174
DIAMONDS TWO HEARTS ACE,0.4158,0.007,0.5772
DIAMONDS NINE HEARTS TEN,0.5666,0.006,0.4274
DIAMONDS ACE CLUBS QUEEN,0.3688,0.0046,0.6266
DIAMONDS FOUR HEARTS THREE,0.7146,0.0318,0.2536
CLUBS TWO DIAMONDS FIVE,0.652,0.0096,0.3384
CLUBS JACK HEARTS FOUR,0.621,0.0068,0.3722
CLUBS FOUR DIAMONDS ACE,0.3716,0.0046,0.6238
SPADES KING DIAMONDS ACE,0.2546,0.0126,0.7328
CLUBS JACK SPADES JACK,0.328,0.0066,0.6654
HEARTS SIX HEARTS TWO,0.6052,0.0104,0.3844
HEARTS TEN CLUBS QUEEN,0.5856,0.0064,0.408
CLUBS THREE DIAMONDS JACK,0.7464,0.0298,0.2238
DIAMONDS TWO HEARTS FOUR,0.6424,0.0098,0.3478
CLUBS THREE HEARTS NINE,0.7364,0.0266,0.237
SPADES EIGHT SPADES SIX,0.541,0.008,0.451
SPADES SEVEN SPADES FOUR,0.5524,0.008,0.4396
CLUBS TWO DIAMONDS SIX,0.6498,0.011,0.3392
CLUBS ACE CLUBS QUEEN,0.363,0.0044,0.6326
DIAMONDS JACK DIAMONDS TEN,0.5526,0.0096,0.4378
CLUBS EIGHT DIAMONDS ACE,0.3958,0.0052,0.599
SPADES EIGHT SPADES FIVE,0.5574,0.0094,0.4332
SPADES SEVEN DIAMONDS JACK,0.5984,0.0094,0.3922
SPADES SIX SPADES FOUR,0.5788,0.0064,0.4148
HEARTS EIGHT HEARTS QUEEN,0.5698,0.0088,0.4214
DIAMONDS SEVEN HEARTS NINE,0.5768,0.0088,0.4144
SPADES TEN CLUBS SEVEN,0.597,0.0046,0.3984
SPADES NINE CLUBS KING,0.2786,0.163,0.5584
CLUBS JACK SPADES TWO,0.6636,0.0094,0.327
CLUBS SEVEN DIAMONDS JACK,0.6104,0.007,0.3826
DIAMONDS NINE CLUBS QUEEN,0.5798,0.0088,0.4114
CLUBS JACK CLUBS ACE,0.3682,0.0054,0.6264
CLUBS THREE DIAMONDS TEN,0.74,0.0308,0.2292
SPADES EIGHT DIAMONDS ACE,0.37,0.0056,0.6244
DIAMONDS FOUR HEARTS FOUR,0.3794,0.0194,0.6012
SPADES ACE DIAMONDS SEVEN,0.3922,0.004,0.6038
CLUBS JACK SPADES THREE,0.7444,0.03,0.2256
SPADES ACE SPADES EIGHT,0.3804,0.0042,0.6154
SPADES QUEEN CLUBS FOUR,0.6302,0.0086,0.3612
SPADES EIGHT DIAMONDS NINE,0.5708,0.0082,0.421
HEARTS EIGHT HEARTS TEN,0.555,0.01,0.435
HEARTS FOUR CLUBS ACE,0.3818,0.0042,0.614
HEARTS JACK DIAMONDS SEVEN,0.6044,0.0078,0.3878
CLUBS TEN HEARTS FIVE,0.6276,0.0076,0.3648
HEARTS THREE CLUBS KING,0.069,0.9094,0.0216
SPADES KING CLUBS TWO,0.3156,0.4828,0.2016
DIAMONDS FOUR SPADES EIGHT,0.6122,0.0104,0.3774
CLUBS SEVEN HEARTS ACE,0.4024,0.004,0.5936
CLUBS JACK CLUBS FIVE,0.5946,0.009,0.3964
CLUBS THREE SPADES FOUR,0.7064,0.0282,0.2654
CLUBS SEVEN CLUBS QUEEN,0.5778,0.0068,0.4154
DIAMONDS FOUR SPADES QUEEN,0.628,0.008,0.364
SPADES ACE HEARTS FIVE,0.383,0.0048,0.6122
DIAMONDS TWO CLUBS EIGHT,0.6484,0.0118,0.3398
DIAMONDS QUEEN HEARTS ACE,0.387,0.0048,0.6082
HEARTS EIGHT DIAMONDS EIGHT,0.3496,0.0126,0.6378
SPADES EIGHT HEARTS KING,0.2814,0.2186,0.5
SPADES EIGHT SPADES THREE,0.6982,0.0268,0.275
DIAMONDS FOUR CLUBS TWO,0.6372,0.0088,0.354
DIAMONDS TEN DIAMONDS SEVEN,0.5774,0.0082,0.4144
SPADES QUEEN SPADES SIX,0.5938,0.006,0.4002
CLUBS SEVEN SPADES NINE,0.5848,0.0066,0.4086
CLUBS TEN DIAMONDS EIGHT,0.5802,0.0066,0.4132
CLUBS ACE DIAMONDS SEVEN,0.3878,0.0052,0.607
CLUBS JACK CLUBS THREE,0.7038,0.0326,0.2636
CLUBS THREE SPADES FIVE,0.714,0.0286,0.2574
CLUBS EIGHT HEARTS QUEEN,0.6134,0.0062,0.3804
CLUBS NINE CLUBS ACE,0.3866,0.0072,0.6062
CLUBS NINE HEARTS FOUR,0.632,0.008,0.36
SPADES TEN HEARTS ACE,0.3672,0.0036,0.6292
CLUBS NINE SPADES NINE,0.3506,0.0118,0.6376
SPADES SEVEN SPADES SIX,0.5348,0.007,0.4582
CLUBS SIX HEARTS THREE,0.733,0.0228,0.2442
HEARTS EIGHT DIAMONDS TEN,0.5732,0.0092,0.4176
HEARTS FIVE HEARTS THREE,0.667,0.031,0.302
SPADES ACE DIAMONDS EIGHT,0.4046,0.0046,0.5908
SPADES TEN SPADES THREE,0.6962,0.0306,0.2732
SPADES SIX DIAMONDS TEN,0.6,0.0064,0.3936
CLUBS FOUR DIAMONDS EIGHT,0.6072,0.0096,0.3832
CLUBS SIX HEARTS TEN,0.6216,0.0074,0.371
SPADES TEN SPADES SIX,0.562,0.0074,0.4306
CLUBS EIGHT SPADES FIVE,0.6012,0.0086,0.3902
HEARTS THREE SPADES FIVE,0.7036,0.0318,0.2646
SPADES QUEEN DIAMONDS ACE,0.377,0.0078,0.6152
CLUBS EIGHT CLUBS FOUR,0.5716,0.0104,0.418
DIAMONDS JACK DIAMONDS SIX,0.6058,0.0088,0.3854
HEARTS EIGHT HEARTS ACE,0.3804,0.0046,0.615
CLUBS JACK DIAMONDS JACK,0.3334,0.0056,0.661
HEARTS SEVEN CLUBS EIGHT,0.5666,0.008,0.4254
HEARTS EIGHT HEARTS KING,0.2524,0.2098,0.5378
HEARTS TWO DIAMONDS ACE,0.4104,0.0076,0.582
CLUBS FOUR SPADES THREE,0.7064,0.0304,0.2632
CLUBS TWO HEARTS JACK,0.6642,0.0088,0.327
SPADES ACE SPADES KING,0.2562,0.0142,0.7296
SPADES FIVE HEARTS TEN,0.6332,0.0084,0.3584
CLUBS TEN SPADES TWO,0.6422,0.0106,0.3472
DIAMONDS FOUR SPADES SIX,0.6012,0.0086,0.3902
HEARTS QUEEN HEARTS NINE,0.5562,0.006,0.4378
SPADES EIGHT CLUBS FIVE,0.6008,0.01,0.3892
HEARTS SIX HEARTS FOUR,0.5776,0.007,0.4154
HEARTS ACE HEARTS JACK,0.372,0.0048,0.6232
HEARTS SEVEN SPADES TWO,0.6646,0.0086,0.3268
HEARTS FOUR HEARTS THREE,0.6654,0.0318,0.3028
CLUBS ACE DIAMONDS SIX,0.3794,0.0048,0.6158
DIAMONDS FOUR DIAMONDS EIGHT,0.6004,0.0102,0.3894
HEARTS FIVE CLUBS SIX,0.5786,0.0114,0.41
SPADES JACK CLUBS FIVE,0.6194,0.0074,0.3732
CLUBS EIGHT CLUBS TWO,0.6152,0.007,0.3778
SPADES NINE CLUBS QUEEN,0.609,0.004,0.387
HEARTS TWO DIAMONDS NINE,0.656,0.0088,0.3352
SPADES QUEEN SPADES JACK,0.5372,0.0082,0.4546
HEARTS SEVEN CLUBS NINE,0.5938,0.0088,0.3974
DIAMONDS TWO SPADES QUEEN,0.6532,0.0098,0.337
SPADES KING SPADES FIVE,0.2518,0.3988,0.3494
CLUBS FOUR CLUBS TWO,0.5966,0.0094,0.394
HEARTS QUEEN DIAMONDS SEVEN,0.623,0.0074,0.3696
CLUBS EIGHT SPADES NINE,0.5752,0.006,0.4188
SPADES ACE DIAMONDS ACE,0.1378,0.0036,0.8586
DIAMONDS TEN HEARTS NINE,0.5678,0.0088,0.4234
DIAMONDS ACE DIAMONDS QUEEN,0.3376,0.0064,0.656
SPADES ACE CLUBS ACE,0.1638,0.0044,0.8318
DIAMONDS ACE HEARTS KING,0.254,0.0114,0.7346
SPADES FIVE CLUBS TWO,0.6392,0.01,0.3508
SPADES NINE HEARTS ACE,0.4182,0.005,0.5768
HEARTS FOUR CLUBS KING,0.2596,0.4862,0.2542
HEARTS THREE CLUBS THREE,0.346,0.022,0.632
SPADES ACE HEARTS THREE,0.273,0.021,0.706
HEARTS FIVE DIAMONDS ACE,0.3684,0.0054,0.6262
HEARTS QUEEN CLUBS KING,0.2848,0.0654,0.6498
HEARTS TWO CLUBS FOUR,0.6546,0.0104,0.335
HEARTS SIX SPADES SEVEN,0.5888,0.006,0.4052
SPADES KING CLUBS NINE,0.2868,0.1478,0.5654
CLUBS NINE SPADES SIX,0.6048,0.008,0.3872
CLUBS FIVE SPADES TWO,0.6366,0.011,0.3524
HEARTS FIVE SPADES FOUR,0.5856,0.0086,0.4058
CLUBS JACK HEARTS ACE,0.398,0.0036,0.5984
SPADES QUEEN SPADES SEVEN,0.5892,0.005,0.4058
HEARTS SIX CLUBS EIGHT,0.5918,0.0084,0.3998
DIAMONDS ACE CLUBS TWO,0.4132,0.0076,0.5792
SPADES TEN SPADES FOUR,0.585,0.0078,0.4072
SPADES SEVEN HEARTS KING,0.2632,0.2894,0.4474
HEARTS SEVEN HEARTS FIVE,0.5604,0.0072,0.4324
CLUBS JACK DIAMONDS FIVE,0.612,0.0084,0.3796
HEARTS SEVEN CLUBS FIVE,0.5982,0.009,0.3928
DIAMONDS QUEEN DIAMONDS TEN,0.5676,0.0086,0.4238
SPADES FOUR CLUBS QUEEN,0.6156,0.007,0.3774
HEARTS KING HEARTS JACK,0.25,0.081,0.669
DIAMONDS FOUR CLUBS NINE,0.6276,0.0092,0.3632
SPADES TEN CLUBS FIVE,0.6208,0.0096,0.3696
HEARTS THREE HEARTS JACK,0.7052,0.0346,0.2602
DIAMONDS JACK CLUBS ACE,0.3786,0.0036,0.6178
SPADES SIX CLUBS KING,0.2652,0.3606,0.3742
CLUBS SIX CLUBS FIVE,0.5516,0.0082,0.4402
SPADES QUEEN CLUBS SEVEN,0.6184,0.0052,0.3764
HEARTS FIVE HEARTS NINE,0.5696,0.0098,0.4206
SPADES KING SPADES FOUR,0.2518,0.4594,0.2888
SPADES KING DIAMONDS NINE,0.2528,0.1656,0.5816
SPADES KING CLUBS THREE,0.071,0.9048,0.0242
DIAMONDS FOUR SPADES JACK,0.6192,0.01,0.3708
HEARTS EIGHT CLUBS TWO,0.6556,0.0106,0.3338
DIAMONDS FOUR SPADES KING,0.249,0.498,0.253
CLUBS SIX DIAMONDS TEN,0.6156,0.006,0.3784
CLUBS TEN HEARTS SIX,0.6164,0.0082,0.3754
CLUBS SEVEN DIAMONDS ACE,0.378,0.0044,0.6176
HEARTS FOUR SPADES SIX,0.598,0.0056,0.3964
HEARTS EIGHT CLUBS SEVEN,0.5834,0.0052,0.4114
SPADES SEVEN CLUBS TWO,0.6564,0.0072,0.3364
CLUBS FIVE CLUBS KING,0.2478,0.411,0.3412
DIAMONDS EIGHT DIAMONDS FIVE,0.5776,0.0106,0.4118
CLUBS NINE CLUBS KING,0.2646,0.1496,0.5858
DIAMONDS NINE HEARTS NINE,0.345,0.009,0.646
HEARTS FIVE DIAMONDS NINE,0.5992,0.011,0.3898
SPADES ACE CLUBS TWO,0.4068,0.006,0.5872
SPADES TEN SPADES TWO,0.6138,0.0074,0.3788
HEARTS FIVE SPADES EIGHT,0.596,0.0066,0.3974
HEARTS THREE DIAMONDS JACK,0.7322,0.0372,0.2306
CLUBS SIX SPADES SIX,0.3846,0.0138,0.6016
SPADES NINE SPADES FOUR,0.5864,0.0074,0.4062
DIAMONDS TWO CLUBS KING,0.2922,0.501,0.2068
DIAMONDS SEVEN HEARTS TEN,0.5926,0.01,0.3974
CLUBS FOUR DIAMONDS SIX,0.5954,0.012,0.3926
HEARTS SIX SPADES TEN,0.6154,0.0074,0.3772
HEARTS SEVEN CLUBS TWO,0.6586,0.0078,0.3336
HEARTS SIX HEARTS KING,0.259,0.3292,0.4118
DIAMONDS FOUR SPADES THREE,0.705,0.0322,0.2628
CLUBS JACK DIAMONDS QUEEN,0.5746,0.0082,0.4172
SPADES ACE CLUBS QUEEN,0.3852,0.0058,0.609
CLUBS SIX CLUBS QUEEN,0.5828,0.008,0.4092
CLUBS EIGHT HEARTS NINE,0.5808,0.006,0.4132
SPADES KING SPADES QUEEN,0.2606,0.056,0.6834
SPADES TWO HEARTS JACK,0.6462,0.0088,0.345
SPADES QUEEN SPADES NINE,0.5468,0.009,0.4442
HEARTS TWO DIAMONDS TEN,0.6412,0.0092,0.3496
SPADES KING CLUBS SEVEN,0.286,0.2702,0.4438
SPADES QUEEN CLUBS TWO,0.6416,0.0122,0.3462
CLUBS EIGHT SPADES EIGHT,0.3458,0.012,0.6422
DIAMONDS TWO CLUBS TWO,0.464,0.0218,0.5142
CLUBS THREE CLUBS ACE,0.2632,0.017,0.7198
DIAMONDS SEVEN CLUBS QUEEN,0.6264,0.0086,0.365
HEARTS SEVEN DIAMONDS JACK,0.598,0.0084,0.3936
SPADES SIX HEARTS QUEEN,0.6146,0.0072,0.3782
DIAMONDS SIX CLUBS QUEEN,0.601,0.0084,0.3906
SPADES FIVE SPADES TWO,0.6166,0.0092,0.3742
HEARTS FIVE SPADES TWO,0.629,0.0084,0.3626
DIAMONDS ACE DIAMONDS FIVE,0.3346,0.008,0.6574
SPADES ACE CLUBS SEVEN,0.3936,0.0038,0.6026
HEARTS SIX CLUBS ACE,0.385,0.0032,0.6118
DIAMONDS TWO SPADES TEN,0.6496,0.0094,0.341
HEARTS THREE DIAMONDS EIGHT,0.7412,0.026,0.2328
SPADES KING HEARTS NINE,0.2684,0.1652,0.5664
SPADES ACE SPADES QUEEN,0.3628,0.0054,0.6318
CLUBS TEN CLUBS FIVE,0.5782,0.0074,0.4144
SPADES NINE HEARTS TWO,0.6534,0.0106,0.336
HEARTS FOUR CLUBS QUEEN,0.6236,0.006,0.3704
HEARTS KING DIAMONDS SEVEN,0.2664,0.2938,0.4398
HEARTS SIX SPADES EIGHT,0.5886,0.008,0.4034
HEARTS KING CLUBS KING,0.1242,0.0154,0.8604
HEARTS SIX DIAMONDS SIX,0.3692,0.0174,0.6134
DIAMONDS FOUR DIAMONDS SEVEN,0.5994,0.0112,0.3894
SPADES NINE SPADES THREE,0.7072,0.0316,0.2612
SPADES KING CLUBS EIGHT,0.2894,0.2122,0.4984
SPADES TEN HEARTS FOUR,0.6188,0.0062,0.375
CLUBS ACE CLUBS KING,0.2604,0.0122,0.7274
CLUBS EIGHT CLUBS QUEEN,0.5744,0.0076,0.418
DIAMONDS ACE SPADES THREE,0.2522,0.0226,0.7252
SPADES TEN HEARTS NINE,0.5758,0.0066,0.4176
SPADES EIGHT CLUBS TWO,0.6588,0.0074,0.3338
SPADES SIX HEARTS ACE,0.4122,0.0048,0.583
CLUBS EIGHT DIAMONDS SEVEN,0.577,0.0104,0.4126
CLUBS TEN HEARTS SEVEN,0.6022,0.0064,0.3914
DIAMONDS JACK HEARTS TEN,0.554,0.0082,0.4378
CLUBS JACK SPADES KING,0.2824,0.082,0.6356
CLUBS SIX CLUBS THREE,0.6862,0.0292,0.2846
CLUBS ACE DIAMONDS FIVE,0.3714,0.0054,0.6232
SPADES ACE CLUBS THREE,0.2764,0.0216,0.702
CLUBS FOUR SPADES SIX,0.614,0.008,0.378
CLUBS FIVE HEARTS ACE,0.396,0.0062,0.5978
HEARTS FOUR DIAMONDS SEVEN,0.5928,0.0092,0.398
HEARTS EIGHT CLUBS KING,0.2766,0.2136,0.5098
HEARTS EIGHT DIAMONDS SIX,0.5718,0.0106,0.4176
SPADES JACK DIAMONDS NINE,0.5822,0.0074,0.4104
SPADES THREE CLUBS QUEEN,0.746,0.0306,0.2234
SPADES JACK HEARTS JACK,0.3256,0.0056,0.6688
DIAMONDS TWO CLUBS FOUR,0.6392,0.0114,0.3494
SPADES TEN CLUBS KING,0.2706,0.109,0.6204
SPADES QUEEN SPADES FIVE,0.577,0.0102,0.4128
SPADES JACK HEARTS THREE,0.7416,0.036,0.2224
SPADES SEVEN CLUBS QUEEN,0.6236,0.0062,0.3702
HEARTS EIGHT HEARTS SEVEN,0.5486,0.0094,0.442
DIAMONDS QUEEN DIAMONDS SEVEN,0.6084,0.0088,0.3828
SPADES KING CLUBS ACE,0.263,0.0184,0.7186
CLUBS NINE DIAMONDS FIVE,0.609,0.0066,0.3844
DIAMONDS TWO SPADES SEVEN,0.6532,0.0114,0.3354
CLUBS TEN SPADES FOUR,0.6196,0.006,0.3744
SPADES SIX DIAMONDS FIVE,0.5918,0.0088,0.3994
HEARTS FOUR CLUBS TWO,0.6474,0.0102,0.3424
SPADES ACE CLUBS JACK,0.4064,0.0028,0.5908
SPADES EIGHT DIAMONDS TEN,0.577,0.0068,0.4162
CLUBS FIVE HEARTS JACK,0.6284,0.0074,0.3642
CLUBS SEVEN SPADES TWO,0.6678,0.008,0.3242
SPADES FIVE SPADES THREE,0.6746,0.0264,0.299
CLUBS JACK SPADES QUEEN,0.577,0.0046,0.4184
HEARTS TWO SPADES FIVE,0.635,0.0094,0.3556
DIAMONDS QUEEN SPADES FIVE,0.6192,0.009,0.3718
HEARTS SIX DIAMONDS SEVEN,0.5818,0.0074,0.4108
HEARTS THREE CLUBS QUEEN,0.7572,0.0296,0.2132
DIAMONDS JACK SPADES THREE,0.7392,0.032,0.2288
HEARTS SIX DIAMONDS JACK,0.6098,0.009,0.3812
SPADES ACE DIAMONDS QUEEN,0.374,0.0082,0.6178
CLUBS JACK HEARTS FIVE,0.6366,0.008,0.3554
DIAMONDS ACE CLUBS KING,0.257,0.012,0.731
CLUBS EIGHT CLUBS FIVE,0.5576,0.0082,0.4342
HEARTS TWO DIAMONDS SEVEN,0.6438,0.0108,0.3454
SPADES NINE CLUBS THREE,0.7452,0.0286,0.2262
CLUBS FIVE SPADES FIVE,0.3786,0.017,0.6044
DIAMONDS TWO CLUBS FIVE,0.6294,0.0082,0.3624
CLUBS FOUR DIAMONDS FIVE,0.5844,0.0106,0.405
DIAMONDS NINE HEARTS QUEEN,0.592,0.0074,0.4006
DIAMONDS FOUR HEARTS QUEEN,0.614,0.0064,0.3796
CLUBS FIVE DIAMONDS ACE,0.375,0.006,0.619
DIAMONDS JACK HEARTS JACK,0.3224,0.0064,0.6712
DIAMONDS TWO SPADES THREE,0.7228,0.0314,0.2458
HEARTS TEN HEARTS NINE,0.5372,0.0094,0.4534
DIAMONDS TWO DIAMONDS TEN,0.6508,0.0102,0.339
SPADES QUEEN DIAMONDS EIGHT,0.6042,0.0074,0.3884
CLUBS JACK SPADES TEN,0.573,0.0058,0.4212
DIAMONDS TWO CLUBS QUEEN,0.663,0.0092,0.3278
SPADES NINE DIAMONDS ACE,0.3838,0.0062,0.61
CLUBS JACK HEARTS TWO,0.656,0.0084,0.3356
HEARTS SEVEN DIAMONDS SEVEN,0.3576,0.0122,0.6302
HEARTS FOUR DIAMONDS EIGHT,0.6038,0.0084,0.3878
CLUBS NINE DIAMONDS SEVEN,0.5948,0.0078,0.3974
CLUBS JACK DIAMONDS ACE,0.374,0.0052,0.6208
CLUBS SIX CLUBS ACE,0.3792,0.005,0.6158
CLUBS EIGHT HEARTS TEN,0.59,0.0056,0.4044
CLUBS TEN HEARTS QUEEN,0.575,0.0068,0.4182
SPADES JACK CLUBS THREE,0.7438,0.0298,0.2264
HEARTS ACE HEARTS KING,0.2514,0.0102,0.7384
CLUBS SEVEN HEARTS TEN,0.605,0.0086,0.3864
SPADES SEVEN DIAMONDS NINE,0.574,0.0096,0.4164
HEARTS SEVEN CLUBS FOUR,0.5984,0.0072,0.3944
DIAMONDS TEN DIAMONDS NINE,0.5598,0.0086,0.4316
SPADES QUEEN CLUBS ACE,0.3912,0.0062,0.6026
HEARTS THREE SPADES EIGHT,0.7458,0.0232,0.231
CLUBS TEN HEARTS TEN,0.3362,0.006,0.6578
HEARTS FIVE SPADES SIX,0.5932,0.0102,0.3966
CLUBS FIVE CLUBS THREE,0.674,0.0246,0.3014
CLUBS FOUR HEARTS NINE,0.6294,0.01,0.3606
DIAMONDS ACE SPADES FIVE,0.3682,0.0084,0.6234
CLUBS JACK HEARTS SIX,0.625,0.0094,0.3656
CLUBS FIVE DIAMONDS EIGHT,0.596,0.009,0.395
SPADES SIX CLUBS TWO,0.6432,0.0096,0.3472
CLUBS FIVE DIAMONDS SIX,0.582,0.0094,0.4086
HEARTS FIVE DIAMONDS FIVE,0.372,0.0184,0.6096
DIAMONDS FOUR SPADES SEVEN,0.596,0.0088,0.3952
SPADES FIVE HEARTS KING,0.2654,0.4212,0.3134
HEARTS ACE DIAMONDS SEVEN,0.3956,0.0056,0.5988
HEARTS SEVEN HEARTS TEN,0.562,0.0096,0.4284
HEARTS JACK DIAMONDS FIVE,0.618,0.0076,0.3744
CLUBS JACK CLUBS KING,0.2614,0.0822,0.6564
SPADES TEN HEARTS KING,0.2926,0.1042,0.6032
CLUBS TEN DIAMONDS ACE,0.3728,0.0056,0.6216
HEARTS SEVEN CLUBS KING,0.2686,0.284,0.4474
HEARTS EIGHT SPADES SIX,0.5938,0.0078,0.3984
DIAMONDS EIGHT CLUBS KING,0.2592,0.2282,0.5126
SPADES SEVEN HEARTS ACE,0.4116,0.0046,0.5838
SPADES SEVEN DIAMONDS FIVE,0.5872,0.0086,0.4042
CLUBS THREE HEARTS KING,0.0684,0.9092,0.0224
CLUBS FIVE HEARTS TWO,0.6574,0.01,0.3326
HEARTS ACE HEARTS QUEEN,0.3724,0.006,0.6216
SPADES TEN DIAMONDS NINE,0.5662,0.0086,0.4252
SPADES QUEEN CLUBS EIGHT,0.5978,0.0072,0.395
HEARTS ACE HEARTS TEN,0.3608,0.003,0.6362
SPADES JACK SPADES FIVE,0.5646,0.0076,0.4278
HEARTS FIVE CLUBS QUEEN,0.6144,0.0084,0.3772
HEARTS FOUR SPADES THREE,0.7158,0.0284,0.2558
CLUBS THREE HEARTS QUEEN,0.7456,0.0294,0.225
DIAMONDS FOUR SPADES TEN,0.6322,0.0068,0.361
SPADES QUEEN DIAMONDS NINE,0.586,0.0076,0.4064
HEARTS FIVE SPADES SEVEN,0.597,0.009,0.394
CLUBS FOUR CLUBS ACE,0.379,0.0044,0.6166
SPADES QUEEN HEARTS QUEEN,0.3134,0.0036,0.683
CLUBS FIVE SPADES SIX,0.5856,0.0068,0.4076
HEARTS THREE SPADES SEVEN,0.7354,0.0256,0.239
DIAMONDS TEN HEARTS QUEEN,0.5714,0.007,0.4216
SPADES FIVE CLUBS QUEEN,0.618,0.0074,0.3746
SPADES QUEEN HEARTS KING,0.2744,0.0572,0.6684
DIAMONDS EIGHT HEARTS TEN,0.5762,0.0086,0.4152
HEARTS EIGHT DIAMONDS TWO,0.659,0.0078,0.3332
SPADES TEN DIAMONDS FIVE,0.6126,0.0072,0.3802
SPADES KING DIAMONDS SEVEN,0.2702,0.284,0.4458
CLUBS FIVE HEARTS TEN,0.616,0.0074,0.3766
DIAMONDS FOUR HEARTS SIX,0.6028,0.0092,0.388
DIAMONDS TWO CLUBS ACE,0.4112,0.0054,0.5834
SPADES TEN HEARTS TWO,0.6504,0.0088,0.3408
DIAMONDS FOUR SPADES TWO,0.6224,0.0096,0.368
CLUBS NINE DIAMONDS QUEEN,0.5948,0.0098,0.3954
DIAMONDS FOUR HEARTS KING,0.2464,0.4978,0.2558
HEARTS FOUR HEARTS KING,0.2506,0.468,0.2814
HEARTS SEVEN DIAMONDS TEN,0.589,0.0082,0.4028
CLUBS NINE CLUBS EIGHT,0.5398,0.0068,0.4534
HEARTS FOUR DIAMONDS QUEEN,0.6268,0.0098,0.3634
DIAMONDS FOUR CLUBS ACE,0.3904,0.0064,0.6032
HEARTS KING DIAMONDS SIX,0.256,0.3556,0.3884
SPADES FOUR HEARTS NINE,0.6298,0.0074,0.3628
HEARTS SEVEN DIAMONDS SIX,0.5754,0.0076,0.417
DIAMONDS FOUR CLUBS KING,0.255,0.4984,0.2466
CLUBS EIGHT DIAMONDS SIX,0.5848,0.0092,0.406
SPADES FIVE CLUBS ACE,0.3866,0.0046,0.6088
CLUBS SEVEN SPADES FIVE,0.5864,0.0072,0.4064
SPADES KING HEARTS TWO,0.313,0.4794,0.2076
CLUBS FOUR DIAMONDS NINE,0.6192,0.0088,0.372
HEARTS EIGHT HEARTS FIVE,0.565,0.0078,0.4272
HEARTS EIGHT SPADES SEVEN,0.583,0.007,0.41
DIAMONDS FOUR DIAMONDS NINE,0.6182,0.0112,0.3706
SPADES QUEEN HEARTS FIVE,0.6238,0.0092,0.367
HEARTS THREE HEARTS KING,0.0734,0.8528,0.0738
SPADES ACE SPADES SEVEN,0.365,0.0048,0.6302
CLUBS EIGHT HEARTS THREE,0.7416,0.0286,0.2298
SPADES JACK CLUBS TWO,0.6614,0.007,0.3316
DIAMONDS TEN DIAMONDS FIVE,0.6054,0.0078,0.3868
HEARTS SIX CLUBS KING,0.262,0.346,0.392
SPADES QUEEN DIAMONDS QUEEN,0.3122,0.0052,0.6826
CLUBS KING HEARTS NINE,0.2778,0.1546,0.5676
SPADES ACE DIAMONDS TEN,0.3718,0.0042,0.624
DIAMONDS FOUR CLUBS THREE,0.7112,0.027,0.2618
CLUBS TEN HEARTS TWO,0.6624,0.0094,0.3282
CLUBS TWO HEARTS NINE,0.6528,0.007,0.3402
HEARTS EIGHT CLUBS EIGHT,0.3688,0.0122,0.619
CLUBS NINE SPADES JACK,0.5978,0.0062,0.396
DIAMONDS TWO CLUBS NINE,0.6536,0.0098,0.3366
DIAMONDS QUEEN DIAMONDS NINE,0.5624,0.0074,0.4302
CLUBS FIVE SPADES SEVEN,0.5884,0.0096,0.402
DIAMONDS TWO HEARTS NINE,0.641,0.009,0.35
SPADES EIGHT CLUBS ACE,0.397,0.0046,0.5984
SPADES TEN DIAMONDS SIX,0.6106,0.0064,0.383
DIAMONDS SIX HEARTS NINE,0.5856,0.0064,0.408
CLUBS SEVEN CLUBS ACE,0.382,0.005,0.613
SPADES KING HEARTS SIX,0.2708,0.3554,0.3738
CLUBS SIX HEARTS ACE,0.3988,0.0062,0.595
CLUBS JACK CLUBS QUEEN,0.5398,0.0058,0.4544
HEARTS EIGHT CLUBS TEN,0.5934,0.0084,0.3982
HEARTS KING HEARTS TEN,0.2614,0.1076,0.631
SPADES EIGHT DIAMONDS EIGHT,0.3532,0.0114,0.6354
DIAMONDS TEN DIAMONDS SIX,0.597,0.006,0.397
SPADES FOUR CLUBS KING,0.2678,0.4768,0.2554
CLUBS FOUR CLUBS THREE,0.6608,0.0294,0.3098
CLUBS TEN HEARTS JACK,0.5688,0.006,0.4252
SPADES KING DIAMONDS QUEEN,0.2752,0.067,0.6578
SPADES QUEEN HEARTS FOUR,0.6306,0.006,0.3634
HEARTS EIGHT SPADES THREE,0.7498,0.029,0.2212
CLUBS JACK SPADES FIVE,0.6034,0.0088,0.3878
HEARTS TWO SPADES SIX,0.6486,0.0102,0.3412
DIAMONDS ACE HEARTS NINE,0.3874,0.0054,0.6072
HEARTS SEVEN DIAMONDS ACE,0.386,0.0026,0.6114
SPADES EIGHT DIAMONDS JACK,0.5884,0.0082,0.4034
SPADES ACE HEARTS FOUR,0.391,0.004,0.605
CLUBS TEN SPADES SEVEN,0.5996,0.006,0.3944
HEARTS EIGHT SPADES TEN,0.5796,0.008,0.4124
SPADES TWO CLUBS ACE,0.4214,0.0056,0.573
HEARTS SIX SPADES FOUR,0.6016,0.0092,0.3892
CLUBS NINE SPADES TWO,0.6404,0.0068,0.3528
CLUBS JACK HEARTS TEN,0.5646,0.0076,0.4278
CLUBS THREE DIAMONDS FIVE,0.7036,0.0302,0.2662
CLUBS TEN CLUBS SIX,0.5662,0.0072,0.4266
HEARTS SIX HEARTS THREE,0.6902,0.0204,0.2894
SPADES ACE DIAMONDS TWO,0.408,0.0062,0.5858
SPADES ACE HEARTS NINE,0.405,0.0046,0.5904
SPADES EIGHT HEARTS JACK,0.5894,0.0068,0.4038
CLUBS SIX HEARTS TWO,0.6484,0.0094,0.3422
SPADES QUEEN SPADES TEN,0.5466,0.0076,0.4458
CLUBS TEN DIAMONDS NINE,0.5636,0.0088,0.4276
SPADES SIX DIAMONDS SEVEN,0.5756,0.0102,0.4142
HEARTS FIVE HEARTS QUEEN,0.5786,0.0084,0.413
HEARTS SIX DIAMONDS NINE,0.5872,0.0098,0.403
SPADES THREE SPADES TWO,0.6886,0.0268,0.2846
SPADES ACE SPADES FIVE,0.3764,0.004,0.6196
HEARTS ACE CLUBS ACE,0.1522,0.0034,0.8444
SPADES SIX CLUBS ACE,0.4068,0.0048,0.5884
HEARTS SIX SPADES FIVE,0.5888,0.008,0.4032
DIAMONDS TEN CLUBS ACE,0.3792,0.0036,0.6172
SPADES NINE SPADES EIGHT,0.5416,0.008,0.4504
CLUBS SIX DIAMONDS ACE,0.3736,0.0048,0.6216
CLUBS JACK CLUBS SIX,0.5838,0.008,0.4082
DIAMONDS FOUR CLUBS EIGHT,0.6086,0.0092,0.3822
CLUBS JACK SPADES EIGHT,0.5886,0.0046,0.4068
SPADES FOUR CLUBS ACE,0.3864,0.0048,0.6088
CLUBS FOUR CLUBS KING,0.2568,0.457,0.2862
SPADES THREE HEARTS NINE,0.7366,0.0306,0.2328
CLUBS SEVEN CLUBS THREE,0.699,0.0274,0.2736
SPADES KING SPADES EIGHT,0.2584,0.2038,0.5378
DIAMONDS TWO CLUBS THREE,0.7252,0.0298,0.245
SPADES ACE SPADES JACK,0.3604,0.006,0.6336
SPADES ACE HEARTS TWO,0.4106,0.0042,0.5852
HEARTS SEVEN SPADES QUEEN,0.6162,0.007,0.3768
SPADES KING CLUBS KING,0.113,0.0132,0.8738
DIAMONDS TWO SPADES FIVE,0.6286,0.0104,0.361
HEARTS THREE CLUBS FOUR,0.722,0.026,0.252
DIAMONDS FOUR CLUBS TEN,0.616,0.0066,0.3774
CLUBS NINE HEARTS NINE,0.34,0.0096,0.6504
DIAMONDS TWO CLUBS SIX,0.6488,0.0102,0.341
CLUBS NINE CLUBS SEVEN,0.54,0.0082,0.4518
HEARTS FIVE DIAMONDS JACK,0.6118,0.008,0.3802
SPADES JACK SPADES TEN,0.5366,0.007,0.4564
SPADES SEVEN DIAMONDS TEN,0.5958,0.0064,0.3978
CLUBS TEN CLUBS KING,0.2692,0.1018,0.629
SPADES QUEEN HEARTS JACK,0.569,0.0066,0.4244
CLUBS SIX HEARTS NINE,0.598,0.008,0.394
SPADES NINE DIAMONDS NINE,0.3274,0.0096,0.663
CLUBS NINE HEARTS JACK,0.5906,0.0064,0.403
SPADES JACK SPADES FOUR,0.59,0.0082,0.4018
SPADES FIVE DIAMONDS SEVEN,0.5828,0.009,0.4082
SPADES ACE HEARTS JACK,0.3902,0.004,0.6058
CLUBS EIGHT SPADES TEN,0.5906,0.0076,0.4018
HEARTS TWO HEARTS KING,0.2964,0.4534,0.2502
DIAMONDS EIGHT HEARTS JACK,0.5766,0.0066,0.4168
CLUBS FIVE HEARTS QUEEN,0.6112,0.008,0.3808
DIAMONDS ACE HEARTS TEN,0.3702,0.0054,0.6244
HEARTS SIX HEARTS NINE,0.5514,0.0072,0.4414
DIAMONDS TWO DIAMONDS NINE,0.6402,0.0126,0.3472
HEARTS FOUR SPADES NINE,0.6308,0.007,0.3622
HEARTS EIGHT CLUBS ACE,0.3978,0.0036,0.5986
CLUBS FOUR HEARTS JACK,0.6162,0.0076,0.3762
SPADES ACE HEARTS EIGHT,0.4056,0.003,0.5914
HEARTS TWO SPADES TWO,0.4694,0.0218,0.5088
CLUBS TEN CLUBS TWO,0.6134,0.0062,0.3804
SPADES NINE DIAMONDS FIVE,0.5938,0.012,0.3942
CLUBS NINE SPADES EIGHT,0.5766,0.0076,0.4158
CLUBS JACK SPADES SEVEN,0.5936,0.005,0.4014
SPADES JACK DIAMONDS TEN,0.5602,0.0072,0.4326
HEARTS TWO CLUBS THREE,0.7346,0.028,0.2374
DIAMONDS FOUR DIAMONDS SIX,0.6026,0.0094,0.388
DIAMONDS FOUR CLUBS FIVE,0.5886,0.0092,0.4022
CLUBS THREE DIAMONDS NINE,0.7336,0.0298,0.2366
SPADES FIVE HEARTS ACE,0.3864,0.0042,0.6094
CLUBS TEN DIAMONDS SIX,0.5992,0.0082,0.3926
SPADES FOUR HEARTS JACK,0.6224,0.0064,0.3712
CLUBS ACE HEARTS NINE,0.4192,0.0026,0.5782
HEARTS NINE DIAMONDS FIVE,0.6144,0.0082,0.3774
SPADES TEN DIAMONDS JACK,0.568,0.0092,0.4228
SPADES EIGHT HEARTS TEN,0.5804,0.0078,0.4118
HEARTS SEVEN SPADES TEN,0.6104,0.0056,0.384
CLUBS SIX DIAMONDS QUEEN,0.6114,0.008,0.3806
SPADES NINE HEARTS QUEEN,0.5914,0.006,0.4026
SPADES FIVE HEARTS JACK,0.625,0.0058,0.3692
HEARTS ACE CLUBS QUEEN,0.3888,0.0058,0.6054
SPADES QUEEN DIAMONDS FIVE,0.6056,0.0062,0.3882
CLUBS FOUR HEARTS ACE,0.3938,0.005,0.6012
SPADES JACK HEARTS FOUR,0.629,0.0076,0.3634
SPADES FOUR DIAMONDS EIGHT,0.6078,0.0072,0.385
HEARTS KING CLUBS ACE,0.2628,0.0112,0.726
CLUBS FIVE DIAMONDS QUEEN,0.6182,0.0052,0.3766
CLUBS JACK CLUBS TWO,0.6142,0.0092,0.3766
SPADES KING SPADES JACK,0.2592,0.0842,0.6566
CLUBS NINE DIAMONDS SIX,0.6046,0.0088,0.3866
SPADES JACK CLUBS SEVEN,0.6112,0.006,0.3828
HEARTS FIVE HEARTS TEN,0.5916,0.0086,0.3998
SPADES KING HEARTS JACK,0.2862,0.0846,0.6292
CLUBS JACK DIAMONDS NINE,0.5694,0.01,0.4206
CLUBS SIX HEARTS KING,0.2832,0.3488,0.368
CLUBS JACK SPADES FOUR,0.6204,0.0082,0.3714
SPADES ACE HEARTS SIX,0.405,0.0038,0.5912
CLUBS FIVE DIAMONDS FIVE,0.363,0.0196,0.6174
DIAMONDS FOUR DIAMONDS FIVE,0.583,0.0086,0.4084
HEARTS SEVEN SPADES FIVE,0.588,0.009,0.403
HEARTS SEVEN SPADES SIX,0.5776,0.0098,0.4126
HEARTS SEVEN SPADES JACK,0.5996,0.0048,0.3956
SPADES NINE DIAMONDS EIGHT,0.5716,0.0084,0.42
HEARTS TWO DIAMONDS EIGHT,0.6284,0.0112,0.3604
SPADES THREE HEARTS KING,0.0686,0.9134,0.018
DIAMONDS FOUR HEARTS NINE,0.6268,0.008,0.3652
HEARTS EIGHT CLUBS SIX,0.5904,0.0078,0.4018
HEARTS EIGHT SPADES TWO,0.659,0.0102,0.3308
SPADES JACK CLUBS ACE,0.3818,0.0038,0.6144
CLUBS ACE HEARTS JACK,0.392,0.0052,0.6028
CLUBS SIX CLUBS FOUR,0.5794,0.009,0.4116
HEARTS TWO HEARTS ACE,0.4012,0.007,0.5918
CLUBS JACK CLUBS SEVEN,0.569,0.0066,0.4244
HEARTS SIX CLUBS TWO,0.6564,0.008,0.3356
SPADES KING DIAMONDS TEN,0.2652,0.115,0.6198
CLUBS SEVEN DIAMONDS TEN,0.5948,0.0064,0.3988
DIAMONDS TEN HEARTS KING,0.2588,0.1192,0.622
DIAMONDS NINE HEARTS JACK,0.5772,0.0078,0.415
CLUBS EIGHT CLUBS SEVEN,0.5474,0.009,0.4436
SPADES SEVEN HEARTS NINE,0.596,0.0054,0.3986
HEARTS SEVEN CLUBS ACE,0.4046,0.0042,0.5912
HEARTS EIGHT SPADES NINE,0.5696,0.007,0.4234
DIAMONDS NINE DIAMONDS SIX,0.5964,0.0072,0.3964
CLUBS TEN CLUBS FOUR,0.58,0.0056,0.4144
CLUBS NINE DIAMONDS JACK,0.577,0.0078,0.4152
HEARTS SIX CLUBS QUEEN,0.6122,0.0058,0.382
CLUBS SEVEN HEARTS QUEEN,0.6258,0.0076,0.3666
DIAMONDS TWO SPADES TWO,0.4638,0.023,0.5132
HEARTS KING HEARTS QUEEN,0.2698,0.0614,0.6688
DIAMONDS JACK CLUBS QUEEN,0.5724,0.0086,0.419
SPADES ACE SPADES NINE,0.377,0.0044,0.6186
SPADES JACK DIAMONDS ACE,0.3716,0.0052,0.6232
CLUBS SEVEN HEARTS KING,0.2774,0.2828,0.4398
HEARTS KING SPADES TWO,0.3058,0.4828,0.2114
SPADES SEVEN DIAMONDS QUEEN,0.5982,0.0086,0.3932
CLUBS SIX HEARTS QUEEN,0.6328,0.007,0.3602
CLUBS FIVE DIAMONDS TEN,0.6126,0.0092,0.3782
SPADES THREE DIAMONDS NINE,0.7368,0.0358,0.2274
SPADES FIVE DIAMONDS EIGHT,0.606,0.0074,0.3866
HEARTS SIX HEARTS FIVE,0.5544,0.0094,0.4362
DIAMONDS TEN SPADES TWO,0.6402,0.0098,0.35
SPADES EIGHT SPADES SEVEN,0.5468,0.007,0.4462
SPADES KING HEARTS QUEEN,0.2878,0.0628,0.6494
CLUBS TEN HEARTS FOUR,0.6192,0.0072,0.3736
SPADES JACK CLUBS KING,0.274,0.0836,0.6424
CLUBS SIX DIAMONDS JACK,0.6206,0.006,0.3734
DIAMONDS QUEEN SPADES FOUR,0.6272,0.01,0.3628
HEARTS EIGHT HEARTS NINE,0.5286,0.0096,0.4618
SPADES SIX CLUBS THREE,0.7322,0.0248,0.243
SPADES QUEEN HEARTS SIX,0.6212,0.0066,0.3722
HEARTS EIGHT CLUBS FIVE,0.606,0.0088,0.3852
SPADES THREE HEARTS TEN,0.747,0.033,0.22
CLUBS TWO HEARTS ACE,0.4168,0.0052,0.578
SPADES KING HEARTS ACE,0.2778,0.0126,0.7096
SPADES FOUR HEARTS ACE,0.3854,0.0034,0.6112
CLUBS THREE CLUBS TWO,0.6966,0.028,0.2754
SPADES ACE SPADES TWO,0.3834,0.0032,0.6134
DIAMONDS NINE DIAMONDS SEVEN,0.5778,0.0084,0.4138
SPADES JACK DIAMONDS SEVEN,0.5988,0.007,0.3942
HEARTS SEVEN HEARTS QUEEN,0.5772,0.0076,0.4152
CLUBS JACK HEARTS KING,0.2888,0.0796,0.6316
HEARTS THREE HEARTS TWO,0.6912,0.0318,0.277
SPADES QUEEN DIAMONDS SEVEN,0.5964,0.0084,0.3952
CLUBS FIVE HEARTS NINE,0.6142,0.0082,0.3776
HEARTS KING DIAMONDS FIVE,0.2454,0.4418,0.3128
SPADES ACE SPADES TEN,0.3602,0.0062,0.6336
CLUBS SIX DIAMONDS EIGHT,0.58,0.0062,0.4138
CLUBS EIGHT DIAMONDS EIGHT,0.361,0.0112,0.6278
DIAMONDS FOUR CLUBS SEVEN,0.5956,0.0088,0.3956
CLUBS FOUR DIAMONDS SEVEN,0.608,0.0096,0.3824
