opposingHand,winningChance,drawChance,lostChance
DIAMONDS FIVE CLUBS FOUR
HEARTS FIVE SPADES TEN,0.292,0.0798,0.6282
HEARTS FIVE SPADES JACK,0.2998,0.0562,0.644
CLUBS JACK SPADES FIVE,0.286,0.0622,0.6518
CLUBS TEN SPADES FIVE,0.2864,0.0824,0.6312
CLUBS JACK CLUBS EIGHT,0.3528,0.0184,0.6288
CLUBS TEN CLUBS EIGHT,0.35,0.0288,0.6212
CLUBS EIGHT CLUBS KING,0.3402,0.0096,0.6502
SPADES FIVE CLUBS ACE,0.2646,0.026,0.7094
CLUBS EIGHT CLUBS QUEEN,0.3544,0.0088,0.6368
SPADES FIVE CLUBS KING,0.2854,0.0362,0.6784
SPADES FIVE CLUBS QUEEN,0.279,0.0516,0.6694
CLUBS EIGHT CLUBS ACE,0.3384,0.006,0.6556
DIAMONDS TWO DIAMONDS THREE,0.4498,0.226,0.3242
HEARTS FIVE SPADES KING,0.3098,0.0338,0.6564
DIAMONDS TWO DIAMONDS FOUR,0.4042,0.3598,0.236
HEARTS FIVE SPADES QUEEN,0.2796,0.0534,0.667
DIAMONDS TWO DIAMONDS SEVEN,0.4094,0.1014,0.4892
DIAMONDS TWO DIAMONDS SIX,0.4014,0.1584,0.4402
SPADES ACE HEARTS FIVE,0.2666,0.027,0.7064
DIAMONDS TWO DIAMONDS NINE,0.3954,0.0502,0.5544
DIAMONDS TWO DIAMONDS EIGHT,0.4026,0.068,0.5294
DIAMONDS THREE DIAMONDS FOUR,0.412,0.3394,0.2486
CLUBS TWO SPADES FOUR,0.4146,0.3774,0.208
SPADES FIVE CLUBS TWO,0.3084,0.4928,0.1988
CLUBS TWO SPADES TWO,0.3638,0.1576,0.4786
CLUBS TWO SPADES THREE,0.4732,0.2392,0.2876
DIAMONDS THREE DIAMONDS EIGHT,0.41,0.071,0.519
SPADES EIGHT CLUBS TWO,0.4344,0.068,0.4976
DIAMONDS THREE DIAMONDS NINE,0.397,0.0448,0.5582
SPADES NINE CLUBS TWO,0.4286,0.0454,0.526
DIAMONDS THREE DIAMONDS SIX,0.3886,0.1512,0.4602
SPADES SIX CLUBS TWO,0.4292,0.1602,0.4106
DIAMONDS THREE DIAMONDS SEVEN,0.3994,0.1084,0.4922
SPADES SEVEN CLUBS TWO,0.4364,0.11,0.4536
CLUBS SIX CLUBS TWO,0.3912,0.161,0.4478
CLUBS SEVEN CLUBS TWO,0.4158,0.105,0.4792
CLUBS FIVE CLUBS TWO,0.2812,0.4842,0.2346
CLUBS TEN CLUBS JACK,0.349,0.0136,0.6374
DIAMONDS SIX DIAMONDS FOUR,0.2416,0.255,0.5034
CLUBS TEN CLUBS QUEEN,0.3518,0.01,0.6382
DIAMONDS FOUR DIAMONDS SEVEN,0.249,0.1836,0.5674
CLUBS TEN CLUBS KING,0.3534,0.0076,0.639
CLUBS TEN CLUBS ACE,0.3512,0.0052,0.6436
CLUBS EIGHT CLUBS TWO,0.4048,0.0674,0.5278
CLUBS NINE CLUBS TWO,0.41,0.0462,0.5438
DIAMONDS NINE DIAMONDS FOUR,0.275,0.1094,0.6156
DIAMONDS FOUR DIAMONDS EIGHT,0.2658,0.1444,0.5898
CLUBS THREE CLUBS TWO,0.4484,0.2332,0.3184
CLUBS JACK DIAMONDS TWO,0.4308,0.0228,0.5464
CLUBS TEN DIAMONDS TWO,0.4314,0.0292,0.5394
DIAMONDS TWO CLUBS ACE,0.4138,0.0056,0.5806
DIAMONDS TWO CLUBS KING,0.4264,0.011,0.5626
DIAMONDS TWO CLUBS QUEEN,0.4328,0.0156,0.5516
DIAMONDS SIX DIAMONDS EIGHT,0.327,0.0652,0.6078
DIAMONDS NINE DIAMONDS SIX,0.3396,0.04,0.6204
HEARTS ACE SPADES THREE,0.4248,0.0046,0.5706
SPADES THREE HEARTS KING,0.4234,0.0088,0.5678
DIAMONDS SIX DIAMONDS SEVEN,0.3238,0.092,0.5842
HEARTS QUEEN SPADES THREE,0.427,0.0128,0.5602
SPADES THREE HEARTS JACK,0.4208,0.02,0.5592
SPADES THREE HEARTS TEN,0.437,0.031,0.532
DIAMONDS EIGHT DIAMONDS SEVEN,0.325,0.062,0.613
DIAMONDS NINE DIAMONDS SEVEN,0.3362,0.0418,0.622
DIAMONDS NINE DIAMONDS EIGHT,0.3366,0.0334,0.63
DIAMONDS KING HEARTS TEN,0.3646,0.0092,0.6262
HEARTS THREE HEARTS TEN,0.4,0.0302,0.5698
SPADES JACK CLUBS SIX,0.3786,0.0176,0.6038
DIAMONDS KING HEARTS JACK,0.3746,0.0052,0.6202
HEARTS THREE HEARTS JACK,0.4074,0.0178,0.5748
SPADES TEN CLUBS SIX,0.3758,0.027,0.5972
SPADES JACK SPADES FIVE,0.266,0.0638,0.6702
SPADES TEN SPADES FIVE,0.2788,0.0742,0.647
DIAMONDS KING HEARTS ACE,0.3672,0.0052,0.6276
HEARTS THREE HEARTS ACE,0.3818,0.006,0.6122
SPADES ACE CLUBS SIX,0.354,0.0052,0.6408
DIAMONDS KING HEARTS QUEEN,0.3678,0.0094,0.6228
HEARTS THREE HEARTS QUEEN,0.3962,0.017,0.5868
SPADES KING CLUBS SIX,0.3684,0.0092,0.6224
DIAMONDS KING HEARTS KING,0.1772,0.0168,0.806
HEARTS THREE HEARTS KING,0.397,0.0076,0.5954
SPADES QUEEN CLUBS SIX,0.3786,0.0132,0.6082
SPADES NINE HEARTS TEN,0.346,0.0248,0.6292
SPADES NINE HEARTS JACK,0.3766,0.0158,0.6076
SPADES QUEEN SPADES FIVE,0.2654,0.0472,0.6874
SPADES KING SPADES FIVE,0.2598,0.037,0.7032
SPADES ACE SPADES FIVE,0.2606,0.0228,0.7166
SPADES NINE HEARTS QUEEN,0.3768,0.0092,0.614
SPADES NINE HEARTS KING,0.38,0.0078,0.6122
SPADES NINE HEARTS ACE,0.3744,0.0026,0.623
CLUBS TEN SPADES JACK,0.3666,0.0146,0.6188
CLUBS TEN SPADES TEN,0.1896,0.0588,0.7516
SPADES ACE CLUBS TEN,0.359,0.0042,0.6368
CLUBS TEN SPADES KING,0.3736,0.0066,0.6198
CLUBS TEN SPADES QUEEN,0.35,0.012,0.638
SPADES FIVE HEARTS QUEEN,0.2886,0.0482,0.6632
SPADES FIVE HEARTS KING,0.2948,0.0362,0.669
HEARTS ACE SPADES FIVE,0.2654,0.0226,0.712
CLUBS EIGHT SPADES TEN,0.3524,0.0264,0.6212
SPADES JACK HEARTS THREE,0.4286,0.0194,0.552
SPADES JACK DIAMONDS KING,0.3712,0.009,0.6198
SPADES TEN DIAMONDS KING,0.3696,0.0074,0.623
SPADES TEN HEARTS THREE,0.427,0.0264,0.5466
CLUBS EIGHT SPADES JACK,0.3728,0.0184,0.6088
CLUBS SIX HEARTS ACE,0.3752,0.0042,0.6206
SPADES ACE CLUBS EIGHT,0.3658,0.006,0.6282
HEARTS FIVE CLUBS JACK,0.284,0.0696,0.6464
CLUBS TEN HEARTS FIVE,0.2862,0.0854,0.6284
CLUBS SIX HEARTS QUEEN,0.3868,0.0122,0.601
SPADES QUEEN CLUBS EIGHT,0.3654,0.011,0.6236
CLUBS TEN SPADES THREE,0.4102,0.0318,0.558
CLUBS SIX HEARTS KING,0.3592,0.0066,0.6342
SPADES KING CLUBS EIGHT,0.3704,0.0078,0.6218
CLUBS JACK SPADES THREE,0.4336,0.0218,0.5446
DIAMONDS TWO HEARTS JACK,0.423,0.0194,0.5576
SPADES THREE CLUBS QUEEN,0.423,0.0164,0.5606
DIAMONDS TWO HEARTS TEN,0.4382,0.0286,0.5332
SPADES THREE CLUBS KING,0.4232,0.0082,0.5686
HEARTS FIVE CLUBS ACE,0.2576,0.0254,0.717
SPADES FIVE HEARTS TEN,0.3024,0.0808,0.6168
SPADES THREE CLUBS ACE,0.4248,0.0066,0.5686
HEARTS FIVE CLUBS KING,0.283,0.0354,0.6816
SPADES FIVE HEARTS JACK,0.2998,0.0628,0.6374
HEARTS FIVE CLUBS QUEEN,0.2748,0.0516,0.6736
HEARTS THREE CLUBS KING,0.4152,0.011,0.5738
DIAMONDS KING CLUBS KING,0.1808,0.0208,0.7984
HEARTS THREE CLUBS QUEEN,0.4232,0.0156,0.5612
DIAMONDS KING CLUBS QUEEN,0.3758,0.007,0.6172
HEARTS FIVE HEARTS JACK,0.2726,0.0622,0.6652
HEARTS FIVE HEARTS TEN,0.2684,0.0806,0.651
HEARTS THREE CLUBS ACE,0.4054,0.0054,0.5892
DIAMONDS KING CLUBS ACE,0.3674,0.0062,0.6264
SPADES ACE CLUBS QUEEN,0.3718,0.0036,0.6246
SPADES KING CLUBS QUEEN,0.3582,0.0064,0.6354
CLUBS JACK HEARTS THREE,0.4324,0.0214,0.5462
CLUBS JACK DIAMONDS KING,0.3662,0.0082,0.6256
SPADES QUEEN CLUBS QUEEN,0.1888,0.0344,0.7768
CLUBS TEN HEARTS THREE,0.4112,0.0302,0.5586
CLUBS TEN DIAMONDS KING,0.3508,0.0078,0.6414
SPADES JACK CLUBS QUEEN,0.371,0.012,0.617
CLUBS SIX CLUBS QUEEN,0.3568,0.0114,0.6318
SPADES TEN CLUBS QUEEN,0.3434,0.0112,0.6454
CLUBS SIX CLUBS KING,0.357,0.0102,0.6328
CLUBS SIX CLUBS ACE,0.3542,0.0032,0.6426
HEARTS FIVE HEARTS KING,0.2568,0.0368,0.7064
HEARTS FIVE HEARTS QUEEN,0.2686,0.0528,0.6786
CLUBS TEN CLUBS SIX,0.3694,0.0288,0.6018
HEARTS FIVE HEARTS ACE,0.2494,0.0244,0.7262
CLUBS JACK CLUBS SIX,0.3482,0.0222,0.6296
SPADES SEVEN HEARTS JACK,0.3778,0.0196,0.6026
SPADES SEVEN HEARTS TEN,0.3756,0.0262,0.5982
DIAMONDS TWO CLUBS TWO,0.3762,0.1528,0.471
DIAMONDS TWO CLUBS THREE,0.4816,0.239,0.2794
DIAMONDS TWO HEARTS SIX,0.4182,0.1696,0.4122
DIAMONDS TWO HEARTS QUEEN,0.433,0.014,0.553
HEARTS SEVEN DIAMONDS TWO,0.4256,0.1162,0.4582
DIAMONDS TWO HEARTS KING,0.4378,0.0074,0.5548
DIAMONDS TWO HEARTS EIGHT,0.4258,0.073,0.5012
DIAMONDS TWO HEARTS ACE,0.419,0.0052,0.5758
DIAMONDS TWO HEARTS NINE,0.414,0.0444,0.5416
DIAMONDS TWO DIAMONDS QUEEN,0.4072,0.017,0.5758
DIAMONDS TWO HEARTS TWO,0.3614,0.153,0.4856
DIAMONDS TWO DIAMONDS KING,0.4114,0.0114,0.5772
DIAMONDS TWO HEARTS THREE,0.4736,0.2408,0.2856
DIAMONDS TWO DIAMONDS ACE,0.3982,0.0078,0.594
HEARTS FOUR DIAMONDS TWO,0.4192,0.367,0.2138
HEARTS FIVE DIAMONDS TWO,0.3028,0.4924,0.2048
SPADES SEVEN HEARTS ACE,0.3824,0.005,0.6126
DIAMONDS TWO DIAMONDS TEN,0.4172,0.0294,0.5534
SPADES SEVEN HEARTS KING,0.381,0.0068,0.6122
DIAMONDS TWO DIAMONDS JACK,0.4032,0.0206,0.5762
SPADES SEVEN HEARTS QUEEN,0.395,0.012,0.593
DIAMONDS TWO SPADES NINE,0.426,0.043,0.531
DIAMONDS TWO SPADES EIGHT,0.4188,0.0714,0.5098
DIAMONDS TWO SPADES SEVEN,0.442,0.1044,0.4536
DIAMONDS TWO SPADES SIX,0.4184,0.1582,0.4234
DIAMONDS TWO SPADES FIVE,0.2986,0.4974,0.204
DIAMONDS TWO SPADES FOUR,0.4188,0.3786,0.2026
DIAMONDS TWO SPADES THREE,0.4632,0.2378,0.299
DIAMONDS TWO SPADES TWO,0.3454,0.1564,0.4982
DIAMONDS TWO CLUBS NINE,0.4314,0.0472,0.5214
CLUBS EIGHT DIAMONDS TWO,0.4326,0.0678,0.4996
DIAMONDS TWO CLUBS SEVEN,0.4202,0.1034,0.4764
DIAMONDS TWO CLUBS SIX,0.4034,0.162,0.4346
DIAMONDS TWO CLUBS FIVE,0.267,0.51,0.223
SPADES ACE DIAMONDS SIX,0.366,0.0054,0.6286
SPADES QUEEN DIAMONDS SIX,0.3806,0.0136,0.6058
SPADES KING DIAMONDS SIX,0.3668,0.009,0.6242
SPADES TEN DIAMONDS SIX,0.3698,0.0318,0.5984
SPADES JACK DIAMONDS SIX,0.3724,0.0188,0.6088
SPADES QUEEN SPADES TWO,0.4082,0.0132,0.5786
SPADES KING SPADES TWO,0.406,0.0124,0.5816
SPADES ACE SPADES TWO,0.381,0.0048,0.6142
CLUBS JACK DIAMONDS JACK,0.1762,0.0492,0.7746
CLUBS TEN DIAMONDS JACK,0.355,0.0152,0.6298
DIAMONDS JACK CLUBS KING,0.362,0.0128,0.6252
DIAMONDS JACK CLUBS QUEEN,0.3622,0.0124,0.6254
DIAMONDS THREE DIAMONDS JACK,0.3998,0.0226,0.5776
DIAMONDS THREE DIAMONDS TEN,0.3892,0.0308,0.58
DIAMONDS JACK CLUBS ACE,0.353,0.007,0.64
DIAMONDS THREE DIAMONDS KING,0.3966,0.0096,0.5938
DIAMONDS THREE HEARTS THREE,0.362,0.1554,0.4826
DIAMONDS THREE DIAMONDS QUEEN,0.4108,0.016,0.5732
DIAMONDS THREE HEARTS TWO,0.4496,0.2406,0.3098
HEARTS FIVE DIAMONDS THREE,0.277,0.5192,0.2038
DIAMONDS THREE DIAMONDS ACE,0.3844,0.0064,0.6092
HEARTS FOUR DIAMONDS THREE,0.413,0.3792,0.2078
HEARTS SEVEN DIAMONDS THREE,0.4088,0.1142,0.477
SPADES TEN SPADES NINE,0.337,0.0212,0.6418
HEARTS SIX DIAMONDS THREE,0.3934,0.168,0.4386
SPADES JACK SPADES NINE,0.3458,0.0138,0.6404
DIAMONDS THREE HEARTS NINE,0.418,0.0494,0.5326
HEARTS JACK DIAMONDS FOUR,0.2996,0.0556,0.6448
HEARTS ACE HEARTS KING,0.3606,0.004,0.6354
SPADES TEN SPADES TWO,0.4012,0.0294,0.5694
DIAMONDS THREE HEARTS EIGHT,0.4134,0.0682,0.5184
HEARTS TEN DIAMONDS FOUR,0.2944,0.09,0.6156
SPADES JACK SPADES TWO,0.4066,0.0228,0.5706
HEARTS QUEEN DIAMONDS FOUR,0.2986,0.0474,0.654
HEARTS KING DIAMONDS FOUR,0.2838,0.032,0.6842
SPADES ACE SPADES NINE,0.3542,0.0036,0.6422
HEARTS ACE DIAMONDS FOUR,0.2614,0.0232,0.7154
SPADES KING SPADES NINE,0.3548,0.0082,0.637
SPADES QUEEN SPADES NINE,0.3472,0.0118,0.641
DIAMONDS THREE SPADES NINE,0.4208,0.0454,0.5338
DIAMONDS THREE SPADES EIGHT,0.4172,0.0686,0.5142
DIAMONDS THREE SPADES SEVEN,0.4242,0.1062,0.4696
DIAMONDS THREE SPADES SIX,0.405,0.1578,0.4372
DIAMONDS THREE CLUBS SIX,0.4006,0.1648,0.4346
CLUBS SIX CLUBS FIVE,0.221,0.246,0.533
CLUBS ACE DIAMONDS FOUR,0.278,0.0244,0.6976
DIAMONDS THREE CLUBS SEVEN,0.4154,0.1008,0.4838
CLUBS SEVEN CLUBS FIVE,0.2438,0.2052,0.551
DIAMONDS FOUR CLUBS QUEEN,0.2952,0.0442,0.6606
DIAMONDS THREE CLUBS FIVE,0.2714,0.523,0.2056
DIAMONDS FOUR CLUBS KING,0.292,0.0358,0.6722
DIAMONDS THREE CLUBS TWO,0.4774,0.2454,0.2772
CLUBS TEN DIAMONDS FOUR,0.286,0.082,0.632
DIAMONDS THREE CLUBS THREE,0.3584,0.1412,0.5004
CLUBS JACK DIAMONDS FOUR,0.2834,0.0608,0.6558
DIAMONDS THREE SPADES FOUR,0.429,0.3642,0.2068
DIAMONDS THREE SPADES FIVE,0.274,0.5188,0.2072
DIAMONDS THREE SPADES TWO,0.4578,0.2468,0.2954
DIAMONDS THREE SPADES THREE,0.3472,0.1458,0.507
CLUBS EIGHT DIAMONDS THREE,0.4182,0.073,0.5088
CLUBS NINE DIAMONDS THREE,0.4164,0.0476,0.536
SPADES SEVEN CLUBS ACE,0.3614,0.0044,0.6342
SPADES SEVEN CLUBS QUEEN,0.3772,0.011,0.6118
SPADES SEVEN CLUBS KING,0.3814,0.007,0.6116
SPADES SEVEN CLUBS FIVE,0.2576,0.2026,0.5398
CLUBS TEN SPADES SEVEN,0.3758,0.0248,0.5994
CLUBS FIVE SPADES SIX,0.2416,0.2584,0.5
CLUBS JACK SPADES SEVEN,0.3722,0.0216,0.6062
SPADES NINE CLUBS FIVE,0.2654,0.1142,0.6204
SPADES EIGHT CLUBS FIVE,0.279,0.146,0.575
CLUBS FIVE SPADES THREE,0.2636,0.521,0.2154
CLUBS FIVE SPADES TWO,0.287,0.492,0.221
CLUBS FIVE SPADES FIVE,0.1042,0.134,0.7618
CLUBS FIVE SPADES FOUR,0.0122,0.9678,0.02
CLUBS NINE CLUBS FIVE,0.2524,0.1024,0.6452
CLUBS EIGHT CLUBS FIVE,0.2674,0.1462,0.5864
CLUBS ACE CLUBS QUEEN,0.3548,0.0088,0.6364
CLUBS KING CLUBS QUEEN,0.3608,0.007,0.6322
DIAMONDS TEN DIAMONDS FOUR,0.2722,0.0856,0.6422
CLUBS TEN DIAMONDS NINE,0.3454,0.026,0.6286
DIAMONDS JACK DIAMONDS FOUR,0.2784,0.0608,0.6608
CLUBS JACK DIAMONDS NINE,0.3592,0.0186,0.6222
CLUBS JACK SPADES NINE,0.3676,0.0168,0.6156
CLUBS TEN SPADES NINE,0.3524,0.0208,0.6268
DIAMONDS ACE DIAMONDS FOUR,0.2488,0.0198,0.7314
HEARTS FOUR DIAMONDS FOUR,0.278,0.121,0.601
DIAMONDS JACK HEARTS TEN,0.3612,0.0212,0.6176
SPADES NINE CLUBS KING,0.3744,0.0082,0.6174
DIAMONDS TWO SPADES TEN,0.434,0.0338,0.5322
DIAMONDS NINE CLUBS ACE,0.3642,0.0052,0.6306
HEARTS FIVE DIAMONDS FOUR,0.0188,0.9696,0.0116
DIAMONDS JACK HEARTS JACK,0.1874,0.0516,0.761
SPADES NINE CLUBS QUEEN,0.3648,0.0096,0.6256
DIAMONDS TWO SPADES JACK,0.4454,0.022,0.5326
DIAMONDS QUEEN DIAMONDS FOUR,0.2764,0.0502,0.6734
HEARTS TWO DIAMONDS FOUR,0.422,0.3708,0.2072
DIAMONDS NINE CLUBS QUEEN,0.3682,0.0124,0.6194
DIAMONDS KING DIAMONDS FOUR,0.286,0.0342,0.6798
HEARTS THREE DIAMONDS FOUR,0.419,0.3642,0.2168
SPADES NINE CLUBS ACE,0.3734,0.0052,0.6214
DIAMONDS NINE CLUBS KING,0.3558,0.008,0.6362
HEARTS ACE DIAMONDS JACK,0.3742,0.0058,0.62
SPADES ACE DIAMONDS TWO,0.4196,0.0036,0.5768
HEARTS QUEEN DIAMONDS JACK,0.3736,0.0104,0.616
SPADES QUEEN DIAMONDS TWO,0.4408,0.0126,0.5466
HEARTS KING DIAMONDS JACK,0.3694,0.0094,0.6212
SPADES KING DIAMONDS TWO,0.433,0.01,0.557
SPADES JACK SPADES SEVEN,0.3584,0.0188,0.6228
SPADES TEN SPADES SEVEN,0.3508,0.0264,0.6228
CLUBS SEVEN CLUBS THREE,0.3938,0.1016,0.5046
CLUBS SIX CLUBS THREE,0.39,0.1562,0.4538
CLUBS THREE CLUBS FIVE,0.2566,0.4906,0.2528
CLUBS NINE CLUBS THREE,0.4018,0.0494,0.5488
CLUBS EIGHT CLUBS THREE,0.4046,0.068,0.5274
CLUBS THREE SPADES FIVE,0.2686,0.5132,0.2182
CLUBS THREE SPADES FOUR,0.4204,0.3656,0.214
CLUBS THREE SPADES THREE,0.3358,0.1552,0.509
CLUBS THREE SPADES TWO,0.466,0.2382,0.2958
CLUBS THREE SPADES SIX,0.4154,0.1614,0.4232
CLUBS THREE SPADES SEVEN,0.4152,0.1134,0.4714
SPADES EIGHT CLUBS THREE,0.4178,0.072,0.5102
SPADES NINE CLUBS THREE,0.4174,0.0458,0.5368
SPADES TWO DIAMONDS FOUR,0.4076,0.3744,0.218
SPADES THREE DIAMONDS FOUR,0.413,0.3704,0.2166
SPADES FOUR DIAMONDS FOUR,0.2734,0.1248,0.6018
SPADES FIVE DIAMONDS FOUR,0.0192,0.9716,0.0092
SPADES SIX DIAMONDS FOUR,0.247,0.2644,0.4886
SPADES SEVEN DIAMONDS FOUR,0.2588,0.2078,0.5334
SPADES EIGHT DIAMONDS FOUR,0.2754,0.1476,0.577
SPADES NINE DIAMONDS FOUR,0.2924,0.1148,0.5928
CLUBS FIVE DIAMONDS FOUR,0.0072,0.985,0.0078
CLUBS SEVEN DIAMONDS FOUR,0.252,0.1974,0.5506
CLUBS SIX DIAMONDS FOUR,0.2472,0.2726,0.4802
CLUBS NINE DIAMONDS FOUR,0.2786,0.1106,0.6108
CLUBS EIGHT DIAMONDS FOUR,0.271,0.146,0.583
HEARTS SEVEN DIAMONDS FOUR,0.2596,0.2018,0.5386
HEARTS SIX DIAMONDS FOUR,0.253,0.2726,0.4744
DIAMONDS FOUR HEARTS NINE,0.2986,0.1042,0.5972
DIAMONDS FOUR HEARTS EIGHT,0.2786,0.1518,0.5696
CLUBS THREE DIAMONDS FOUR,0.4144,0.3826,0.203
CLUBS TWO DIAMONDS FOUR,0.4288,0.3686,0.2026
DIAMONDS NINE HEARTS QUEEN,0.3642,0.0112,0.6246
DIAMONDS NINE HEARTS KING,0.3698,0.0078,0.6224
HEARTS ACE DIAMONDS NINE,0.3586,0.0058,0.6356
DIAMONDS NINE HEARTS TEN,0.336,0.0266,0.6374
DIAMONDS NINE HEARTS JACK,0.3534,0.0186,0.628
DIAMONDS SIX CLUBS KING,0.3628,0.0074,0.6298
DIAMONDS SIX CLUBS QUEEN,0.3664,0.0126,0.621
DIAMONDS SIX CLUBS ACE,0.3784,0.0042,0.6174
SPADES KING DIAMONDS FOUR,0.2892,0.0346,0.6762
SPADES ACE SPADES SEVEN,0.3418,0.0044,0.6538
SPADES QUEEN DIAMONDS FOUR,0.2898,0.049,0.6612
SPADES QUEEN SPADES SEVEN,0.3534,0.0124,0.6342
CLUBS JACK DIAMONDS SIX,0.3782,0.0218,0.6
SPADES KING SPADES SEVEN,0.3546,0.0064,0.639
SPADES ACE DIAMONDS FOUR,0.2752,0.0214,0.7034
CLUBS TEN DIAMONDS SIX,0.3624,0.0292,0.6084
SPADES JACK DIAMONDS FOUR,0.2886,0.063,0.6484
SPADES TEN DIAMONDS FOUR,0.2986,0.0896,0.6118
CLUBS SEVEN SPADES EIGHT,0.3348,0.0638,0.6014
SPADES NINE CLUBS SEVEN,0.3562,0.0408,0.603
CLUBS SEVEN SPADES SIX,0.3252,0.1036,0.5712
CLUBS SEVEN SPADES SEVEN,0.162,0.1206,0.7174
CLUBS SEVEN SPADES FIVE,0.252,0.199,0.549
CLUBS SEVEN SPADES FOUR,0.2558,0.206,0.5382
CLUBS SEVEN SPADES THREE,0.4032,0.1048,0.492
CLUBS SEVEN SPADES TWO,0.4312,0.1002,0.4686
CLUBS NINE CLUBS SEVEN,0.3588,0.0416,0.5996
CLUBS EIGHT CLUBS SEVEN,0.3288,0.0634,0.6078
HEARTS KING HEARTS EIGHT,0.3504,0.0082,0.6414
HEARTS QUEEN HEARTS EIGHT,0.35,0.012,0.638
HEARTS ACE HEARTS EIGHT,0.3378,0.0042,0.658
SPADES JACK DIAMONDS EIGHT,0.3652,0.0186,0.6162
CLUBS TEN HEARTS JACK,0.346,0.0136,0.6404
SPADES TEN DIAMONDS EIGHT,0.3634,0.0272,0.6094
CLUBS JACK HEARTS JACK,0.1894,0.0516,0.759
HEARTS JACK CLUBS QUEEN,0.3588,0.0118,0.6294
HEARTS JACK CLUBS KING,0.3682,0.0074,0.6244
CLUBS ACE HEARTS JACK,0.3624,0.004,0.6336
SPADES KING DIAMONDS EIGHT,0.3684,0.0078,0.6238
SPADES QUEEN DIAMONDS EIGHT,0.3702,0.0154,0.6144
SPADES ACE DIAMONDS EIGHT,0.3526,0.0052,0.6422
DIAMONDS TEN DIAMONDS SIX,0.3612,0.0292,0.6096
HEARTS ACE DIAMONDS SEVEN,0.3638,0.005,0.6312
DIAMONDS JACK DIAMONDS SIX,0.3582,0.0188,0.623
HEARTS QUEEN DIAMONDS SEVEN,0.3638,0.0112,0.625
HEARTS KING DIAMONDS SEVEN,0.3718,0.0072,0.621
DIAMONDS ACE DIAMONDS SIX,0.3622,0.004,0.6338
HEARTS FOUR DIAMONDS SIX,0.25,0.2774,0.4726
SPADES TWO HEARTS JACK,0.437,0.018,0.545
HEARTS FIVE DIAMONDS SIX,0.241,0.2688,0.4902
SPADES TWO HEARTS TEN,0.436,0.0288,0.5352
DIAMONDS QUEEN DIAMONDS SIX,0.357,0.0146,0.6284
HEARTS TWO DIAMONDS SIX,0.3934,0.1758,0.4308
DIAMONDS KING DIAMONDS SIX,0.3618,0.009,0.6292
HEARTS THREE DIAMONDS SIX,0.4044,0.1704,0.4252
DIAMONDS SIX HEARTS EIGHT,0.349,0.0646,0.5864
DIAMONDS SIX HEARTS NINE,0.3642,0.0396,0.5962
HEARTS SIX DIAMONDS SIX,0.1434,0.1318,0.7248
HEARTS SEVEN DIAMONDS SIX,0.3302,0.0996,0.5702
HEARTS TEN DIAMONDS SEVEN,0.3584,0.0254,0.6162
CLUBS TWO DIAMONDS SIX,0.4162,0.158,0.4258
HEARTS JACK DIAMONDS SEVEN,0.373,0.017,0.61
CLUBS THREE DIAMONDS SIX,0.41,0.1556,0.4344
CLUBS SEVEN DIAMONDS SIX,0.3362,0.0932,0.5706
CLUBS JACK DIAMONDS EIGHT,0.3652,0.0182,0.6166
CLUBS SIX DIAMONDS SIX,0.1354,0.1274,0.7372
CLUBS TEN DIAMONDS EIGHT,0.361,0.0264,0.6126
CLUBS FIVE DIAMONDS SIX,0.23,0.2724,0.4976
HEARTS ACE HEARTS JACK,0.3624,0.0032,0.6344
CLUBS ACE DIAMONDS EIGHT,0.3694,0.006,0.6246
HEARTS QUEEN HEARTS JACK,0.3494,0.0108,0.6398
CLUBS KING DIAMONDS EIGHT,0.3622,0.008,0.6298
CLUBS NINE DIAMONDS SIX,0.353,0.0442,0.6028
HEARTS KING HEARTS JACK,0.3374,0.009,0.6536
CLUBS EIGHT DIAMONDS SIX,0.3512,0.0624,0.5864
DIAMONDS EIGHT CLUBS QUEEN,0.3684,0.013,0.6186
SPADES TEN HEARTS KING,0.369,0.0072,0.6238
SPADES FIVE DIAMONDS SIX,0.2388,0.2782,0.483
HEARTS ACE SPADES TWO,0.4136,0.0044,0.582
SPADES JACK HEARTS KING,0.385,0.0086,0.6064
SPADES FOUR DIAMONDS SIX,0.2524,0.2802,0.4674
SPADES THREE DIAMONDS SIX,0.4002,0.157,0.4428
HEARTS QUEEN SPADES TWO,0.4322,0.0122,0.5556
SPADES ACE SPADES KING,0.3486,0.005,0.6464
HEARTS KING SPADES TWO,0.4362,0.0072,0.5566
SPADES TWO DIAMONDS SIX,0.4012,0.1632,0.4356
HEARTS TEN HEARTS EIGHT,0.3512,0.0254,0.6234
SPADES NINE DIAMONDS SIX,0.365,0.0438,0.5912
HEARTS JACK HEARTS EIGHT,0.3588,0.0188,0.6224
SPADES EIGHT DIAMONDS SIX,0.3506,0.0642,0.5852
SPADES SEVEN DIAMONDS SIX,0.3382,0.0966,0.5652
SPADES SIX DIAMONDS SIX,0.139,0.1264,0.7346
SPADES KING HEARTS KING,0.197,0.0204,0.7826
SPADES QUEEN HEARTS KING,0.3714,0.007,0.6216
CLUBS ACE CLUBS KING,0.3502,0.0046,0.6452
SPADES ACE HEARTS KING,0.3704,0.0046,0.625
SPADES ACE HEARTS JACK,0.3788,0.0044,0.6168
SPADES QUEEN HEARTS JACK,0.3742,0.011,0.6148
SPADES KING HEARTS JACK,0.3748,0.0082,0.617
SPADES TEN DIAMONDS TEN,0.1878,0.0652,0.747
SPADES JACK DIAMONDS TEN,0.3734,0.016,0.6106
SPADES ACE DIAMONDS TEN,0.3656,0.0054,0.629
SPADES JACK HEARTS JACK,0.1948,0.0504,0.7548
SPADES TEN HEARTS JACK,0.3644,0.0122,0.6234
SPADES QUEEN DIAMONDS TEN,0.3532,0.014,0.6328
SPADES KING DIAMONDS TEN,0.3706,0.0082,0.6212
SPADES NINE DIAMONDS SEVEN,0.3554,0.039,0.6056
SPADES EIGHT DIAMONDS SEVEN,0.3364,0.0622,0.6014
SPADES SEVEN DIAMONDS SEVEN,0.1666,0.1082,0.7252
SPADES SIX DIAMONDS SEVEN,0.3246,0.0988,0.5766
DIAMONDS KING DIAMONDS SEVEN,0.3582,0.0102,0.6316
HEARTS THREE DIAMONDS SEVEN,0.4184,0.1102,0.4714
DIAMONDS QUEEN DIAMONDS SEVEN,0.348,0.0158,0.6362
HEARTS TWO DIAMONDS SEVEN,0.4186,0.1052,0.4762
HEARTS FIVE DIAMONDS SEVEN,0.247,0.2004,0.5526
DIAMONDS ACE DIAMONDS SEVEN,0.361,0.0072,0.6318
HEARTS FOUR DIAMONDS SEVEN,0.244,0.21,0.546
HEARTS SEVEN DIAMONDS SEVEN,0.1622,0.1132,0.7246
HEARTS SIX DIAMONDS SEVEN,0.3368,0.1014,0.5618
HEARTS NINE DIAMONDS SEVEN,0.3514,0.0434,0.6052
HEARTS EIGHT DIAMONDS SEVEN,0.3516,0.0632,0.5852
DIAMONDS JACK DIAMONDS SEVEN,0.3542,0.0204,0.6254
DIAMONDS TEN DIAMONDS SEVEN,0.3448,0.028,0.6272
CLUBS EIGHT DIAMONDS SEVEN,0.334,0.0594,0.6066
SPADES KING CLUBS TWO,0.4286,0.0108,0.5606
HEARTS KING CLUBS KING,0.1802,0.0202,0.7996
SPADES QUEEN CLUBS TWO,0.44,0.013,0.547
HEARTS KING CLUBS QUEEN,0.3828,0.0074,0.6098
CLUBS NINE DIAMONDS SEVEN,0.3372,0.048,0.6148
CLUBS JACK SPADES TWO,0.435,0.0186,0.5464
CLUBS SIX CLUBS SEVEN,0.3174,0.098,0.5846
SPADES ACE CLUBS TWO,0.4024,0.0044,0.5932
CLUBS TEN SPADES TWO,0.4276,0.0294,0.543
HEARTS KING CLUBS ACE,0.3758,0.0056,0.6186
SPADES TWO CLUBS KING,0.4274,0.0142,0.5584
SPADES TWO DIAMONDS SEVEN,0.4228,0.1026,0.4746
CLUBS EIGHT CLUBS SIX,0.3424,0.0646,0.593
SPADES THREE DIAMONDS SEVEN,0.417,0.1132,0.4698
SPADES TWO CLUBS QUEEN,0.413,0.0156,0.5714
CLUBS NINE CLUBS SIX,0.3432,0.0418,0.615
SPADES FOUR DIAMONDS SEVEN,0.2514,0.2048,0.5438
CLUBS JACK HEARTS KING,0.3724,0.0074,0.6202
SPADES FIVE DIAMONDS SEVEN,0.241,0.214,0.545
SPADES TWO CLUBS ACE,0.4092,0.0056,0.5852
CLUBS TEN HEARTS KING,0.3622,0.0082,0.6296
CLUBS SIX SPADES TWO,0.4116,0.154,0.4344
CLUBS SIX SPADES THREE,0.386,0.1708,0.4432
CLUBS TWO DIAMONDS SEVEN,0.425,0.1102,0.4648
CLUBS SIX SPADES FOUR,0.25,0.2758,0.4742
CLUBS THREE DIAMONDS SEVEN,0.4116,0.1006,0.4878
CLUBS SIX SPADES FIVE,0.249,0.2594,0.4916
CLUBS SIX SPADES SIX,0.15,0.1236,0.7264
CLUBS FIVE DIAMONDS SEVEN,0.2552,0.2046,0.5402
CLUBS SIX SPADES SEVEN,0.3384,0.0906,0.571
CLUBS SIX DIAMONDS SEVEN,0.3246,0.1078,0.5676
CLUBS SIX SPADES EIGHT,0.3548,0.0628,0.5824
SPADES JACK CLUBS TWO,0.4362,0.0252,0.5386
CLUBS SEVEN DIAMONDS SEVEN,0.152,0.1066,0.7414
CLUBS SIX SPADES NINE,0.3642,0.0418,0.594
SPADES TEN CLUBS TWO,0.4246,0.029,0.5464
CLUBS TWO CLUBS QUEEN,0.3988,0.016,0.5852
CLUBS TWO CLUBS KING,0.4148,0.011,0.5742
CLUBS THREE DIAMONDS EIGHT,0.4268,0.0704,0.5028
CLUBS TWO CLUBS ACE,0.3938,0.0068,0.5994
CLUBS TWO DIAMONDS EIGHT,0.4338,0.0722,0.494
HEARTS SEVEN DIAMONDS EIGHT,0.3402,0.0606,0.5992
HEARTS SIX DIAMONDS EIGHT,0.362,0.0618,0.5762
DIAMONDS EIGHT HEARTS NINE,0.3414,0.044,0.6146
CLUBS TEN CLUBS TWO,0.4182,0.028,0.5538
HEARTS EIGHT DIAMONDS EIGHT,0.17,0.0916,0.7384
CLUBS JACK CLUBS TWO,0.4162,0.021,0.5628
CLUBS NINE DIAMONDS EIGHT,0.3484,0.0424,0.6092
CLUBS EIGHT DIAMONDS EIGHT,0.1596,0.0972,0.7432
CLUBS FIVE DIAMONDS EIGHT,0.245,0.156,0.599
SPADES ACE SPADES THREE,0.3896,0.0044,0.606
CLUBS SEVEN DIAMONDS EIGHT,0.3446,0.0582,0.5972
SPADES QUEEN SPADES THREE,0.3942,0.0162,0.5896
CLUBS SIX DIAMONDS EIGHT,0.3488,0.067,0.5842
SPADES KING SPADES THREE,0.3994,0.0086,0.592
DIAMONDS QUEEN DIAMONDS EIGHT,0.3614,0.0116,0.627
HEARTS TWO DIAMONDS EIGHT,0.4264,0.0656,0.508
DIAMONDS KING DIAMONDS EIGHT,0.3638,0.007,0.6292
HEARTS THREE DIAMONDS EIGHT,0.429,0.0694,0.5016
DIAMONDS ACE DIAMONDS EIGHT,0.3528,0.0062,0.641
HEARTS FOUR DIAMONDS EIGHT,0.273,0.1472,0.5798
HEARTS FIVE DIAMONDS EIGHT,0.2712,0.1618,0.567
DIAMONDS TEN DIAMONDS EIGHT,0.3478,0.025,0.6272
DIAMONDS JACK DIAMONDS EIGHT,0.367,0.0196,0.6134
SPADES JACK SPADES THREE,0.4012,0.0166,0.5822
SPADES TEN SPADES THREE,0.4002,0.0282,0.5716
CLUBS SIX HEARTS TEN,0.373,0.0306,0.5964
CLUBS SIX HEARTS JACK,0.3814,0.0146,0.604
SPADES FOUR DIAMONDS EIGHT,0.2718,0.1422,0.586
SPADES FIVE DIAMONDS EIGHT,0.254,0.1538,0.5922
SPADES TWO DIAMONDS EIGHT,0.4342,0.0704,0.4954
SPADES THREE DIAMONDS EIGHT,0.4326,0.0726,0.4948
SPADES EIGHT DIAMONDS EIGHT,0.1572,0.1028,0.74
SPADES TEN DIAMONDS QUEEN,0.3632,0.0112,0.6256
SPADES TEN HEARTS TWO,0.4286,0.031,0.5404
SPADES JACK HEARTS EIGHT,0.3834,0.0162,0.6004
SPADES NINE DIAMONDS EIGHT,0.3434,0.0432,0.6134
SPADES TEN HEARTS EIGHT,0.3638,0.0242,0.612
SPADES JACK HEARTS TWO,0.4306,0.015,0.5544
SPADES JACK DIAMONDS QUEEN,0.3776,0.0084,0.614
SPADES SIX DIAMONDS EIGHT,0.3558,0.0724,0.5718
SPADES SEVEN DIAMONDS EIGHT,0.346,0.0614,0.5926
SPADES ACE HEARTS TWO,0.4072,0.0058,0.587
SPADES ACE DIAMONDS QUEEN,0.362,0.0052,0.6328
SPADES ACE HEARTS EIGHT,0.371,0.0032,0.6258
SPADES KING HEARTS EIGHT,0.3792,0.007,0.6138
SPADES QUEEN HEARTS TWO,0.433,0.0116,0.5554
SPADES QUEEN DIAMONDS QUEEN,0.1854,0.0324,0.7822
SPADES KING DIAMONDS QUEEN,0.3834,0.0076,0.609
SPADES KING HEARTS TWO,0.4324,0.0086,0.559
SPADES QUEEN HEARTS EIGHT,0.3742,0.012,0.6138
CLUBS TWO HEARTS TEN,0.4268,0.033,0.5402
CLUBS TWO HEARTS JACK,0.4362,0.019,0.5448
SPADES SEVEN DIAMONDS NINE,0.347,0.0456,0.6074
SPADES SIX DIAMONDS NINE,0.3566,0.0486,0.5948
SPADES NINE DIAMONDS NINE,0.18,0.077,0.743
SPADES EIGHT DIAMONDS NINE,0.349,0.0438,0.6072
SPADES TEN CLUBS KING,0.3758,0.0098,0.6144
DIAMONDS NINE SPADES THREE,0.4118,0.045,0.5432
SPADES JACK CLUBS KING,0.3844,0.0086,0.607
DIAMONDS NINE SPADES TWO,0.4242,0.0462,0.5296
SPADES FIVE DIAMONDS NINE,0.2624,0.1094,0.6282
DIAMONDS NINE SPADES FOUR,0.2838,0.0992,0.617
CLUBS NINE DIAMONDS NINE,0.1626,0.0888,0.7486
CLUBS EIGHT DIAMONDS NINE,0.3314,0.038,0.6306
CLUBS SIX DIAMONDS NINE,0.3594,0.0454,0.5952
CLUBS SEVEN DIAMONDS NINE,0.3386,0.0398,0.6216
CLUBS FIVE DIAMONDS NINE,0.2616,0.1224,0.616
CLUBS TWO DIAMONDS NINE,0.4216,0.0426,0.5358
CLUBS THREE DIAMONDS NINE,0.4134,0.0496,0.537
DIAMONDS NINE HEARTS EIGHT,0.3558,0.044,0.6002
DIAMONDS NINE HEARTS NINE,0.1748,0.0816,0.7436
HEARTS SIX DIAMONDS NINE,0.364,0.0406,0.5954
HEARTS SEVEN DIAMONDS NINE,0.3596,0.0458,0.5946
CLUBS EIGHT CLUBS NINE,0.3436,0.037,0.6194
DIAMONDS ACE DIAMONDS NINE,0.3484,0.006,0.6456
HEARTS FOUR DIAMONDS NINE,0.2938,0.1102,0.596
HEARTS FIVE DIAMONDS NINE,0.259,0.1128,0.6282
HEARTS ACE CLUBS TWO,0.4238,0.0056,0.5706
DIAMONDS NINE DIAMONDS QUEEN,0.3436,0.0122,0.6442
HEARTS TWO DIAMONDS NINE,0.4198,0.0476,0.5326
CLUBS TWO HEARTS KING,0.4288,0.0096,0.5616
DIAMONDS KING DIAMONDS NINE,0.358,0.0084,0.6336
HEARTS THREE DIAMONDS NINE,0.4182,0.0432,0.5386
CLUBS TWO HEARTS QUEEN,0.417,0.011,0.572
DIAMONDS NINE DIAMONDS JACK,0.3422,0.0168,0.641
CLUBS EIGHT SPADES NINE,0.3594,0.0378,0.6028
DIAMONDS TEN DIAMONDS NINE,0.338,0.0216,0.6404
CLUBS EIGHT SPADES EIGHT,0.1796,0.0988,0.7216
CLUBS EIGHT SPADES SEVEN,0.3512,0.0598,0.589
CLUBS EIGHT SPADES SIX,0.3416,0.0638,0.5946
CLUBS EIGHT SPADES FIVE,0.272,0.1458,0.5822
CLUBS EIGHT SPADES FOUR,0.2858,0.1488,0.5654
CLUBS EIGHT SPADES THREE,0.4236,0.0704,0.506
CLUBS EIGHT SPADES TWO,0.4168,0.073,0.5102
HEARTS SIX DIAMONDS TEN,0.3512,0.0262,0.6226
HEARTS SEVEN DIAMONDS TEN,0.3578,0.0264,0.6158
DIAMONDS TEN HEARTS EIGHT,0.3752,0.0234,0.6014
DIAMONDS TEN HEARTS NINE,0.348,0.021,0.631
DIAMONDS TEN CLUBS TWO,0.419,0.0282,0.5528
CLUBS THREE DIAMONDS TEN,0.4204,0.033,0.5466
DIAMONDS TEN DIAMONDS JACK,0.35,0.0164,0.6336
DIAMONDS TEN DIAMONDS QUEEN,0.3376,0.0102,0.6522
HEARTS TWO DIAMONDS TEN,0.4228,0.0348,0.5424
DIAMONDS KING DIAMONDS TEN,0.3492,0.0082,0.6426
HEARTS THREE DIAMONDS TEN,0.4114,0.0266,0.562
DIAMONDS ACE DIAMONDS TEN,0.3394,0.0068,0.6538
HEARTS FOUR DIAMONDS TEN,0.2828,0.09,0.6272
CLUBS EIGHT HEARTS JACK,0.3754,0.019,0.6056
HEARTS FIVE DIAMONDS TEN,0.287,0.0814,0.6316
CLUBS EIGHT HEARTS TEN,0.3534,0.029,0.6176
CLUBS EIGHT HEARTS QUEEN,0.3756,0.0122,0.6122
CLUBS EIGHT HEARTS KING,0.376,0.0086,0.6154
CLUBS EIGHT HEARTS ACE,0.3726,0.0054,0.622
CLUBS NINE SPADES THREE,0.4164,0.048,0.5356
CLUBS NINE SPADES TWO,0.4162,0.0456,0.5382
CLUBS NINE SPADES FIVE,0.2738,0.105,0.6212
CLUBS NINE SPADES FOUR,0.2924,0.1004,0.6072
CLUBS NINE SPADES SEVEN,0.3586,0.0484,0.593
CLUBS NINE SPADES SIX,0.3506,0.0458,0.6036
CLUBS NINE SPADES NINE,0.1692,0.081,0.7498
CLUBS TEN HEARTS EIGHT,0.3518,0.0306,0.6176
CLUBS NINE SPADES EIGHT,0.349,0.0394,0.6116
CLUBS JACK HEARTS EIGHT,0.3686,0.019,0.6124
HEARTS EIGHT CLUBS QUEEN,0.3652,0.0118,0.623
CLUBS KING HEARTS EIGHT,0.3718,0.007,0.6212
CLUBS ACE HEARTS EIGHT,0.3702,0.0074,0.6224
SPADES KING CLUBS KING,0.1864,0.0158,0.7978
SPADES QUEEN CLUBS KING,0.3576,0.008,0.6344
SPADES ACE CLUBS KING,0.3698,0.0052,0.625
DIAMONDS ACE HEARTS TEN,0.3786,0.0066,0.6148
HEARTS FOUR HEARTS TEN,0.264,0.0754,0.6606
DIAMONDS ACE HEARTS JACK,0.3616,0.0052,0.6332
HEARTS FOUR HEARTS JACK,0.2884,0.0588,0.6528
SPADES KING CLUBS FIVE,0.281,0.0412,0.6778
SPADES QUEEN CLUBS FIVE,0.2874,0.0524,0.6602
SPADES ACE CLUBS FIVE,0.2622,0.0238,0.714
HEARTS SEVEN DIAMONDS JACK,0.3802,0.0174,0.6024
HEARTS SIX DIAMONDS JACK,0.381,0.0198,0.5992
DIAMONDS JACK HEARTS NINE,0.3668,0.017,0.6162
DIAMONDS JACK HEARTS EIGHT,0.3518,0.0202,0.628
DIAMONDS KING DIAMONDS JACK,0.347,0.0072,0.6458
HEARTS THREE DIAMONDS JACK,0.4126,0.0202,0.5672
SPADES ACE SPADES SIX,0.3474,0.0034,0.6492
HEARTS ACE SPADES FOUR,0.2796,0.024,0.6964
DIAMONDS QUEEN DIAMONDS JACK,0.3592,0.0134,0.6274
HEARTS TWO DIAMONDS JACK,0.4326,0.0222,0.5452
HEARTS FIVE DIAMONDS JACK,0.2884,0.0668,0.6448
SPADES QUEEN SPADES SIX,0.3566,0.0122,0.6312
SPADES FOUR HEARTS QUEEN,0.2916,0.0428,0.6656
DIAMONDS ACE DIAMONDS JACK,0.3514,0.0026,0.646
HEARTS FOUR DIAMONDS JACK,0.2998,0.0576,0.6426
SPADES KING SPADES SIX,0.3548,0.0086,0.6366
SPADES FOUR HEARTS KING,0.2896,0.0298,0.6806
SPADES TEN SPADES SIX,0.3562,0.0252,0.6186
SPADES JACK SPADES SIX,0.3654,0.0184,0.6162
SPADES FOUR DIAMONDS JACK,0.2794,0.064,0.6566
SPADES FIVE DIAMONDS JACK,0.2852,0.059,0.6558
DIAMONDS JACK SPADES TWO,0.4294,0.0184,0.5522
SPADES THREE DIAMONDS JACK,0.4236,0.0202,0.5562
SPADES ACE DIAMONDS THREE,0.4036,0.0056,0.5908
CLUBS EIGHT DIAMONDS JACK,0.3606,0.018,0.6214
SPADES QUEEN DIAMONDS THREE,0.4312,0.0134,0.5554
SPADES KING DIAMONDS THREE,0.425,0.0092,0.5658
CLUBS NINE DIAMONDS JACK,0.356,0.0184,0.6256
CLUBS SIX DIAMONDS JACK,0.3674,0.0204,0.6122
CLUBS SEVEN DIAMONDS JACK,0.3756,0.0202,0.6042
CLUBS FIVE DIAMONDS JACK,0.2798,0.0664,0.6538
CLUBS TWO DIAMONDS JACK,0.4326,0.024,0.5434
CLUBS THREE DIAMONDS JACK,0.4226,0.0212,0.5562
SPADES TEN CLUBS FIVE,0.2846,0.0836,0.6318
SPADES JACK HEARTS SIX,0.3732,0.0222,0.6046
HEARTS SIX SPADES TEN,0.3772,0.0276,0.5952
SPADES JACK CLUBS FIVE,0.2834,0.0664,0.6502
SPADES JACK DIAMONDS THREE,0.4256,0.0216,0.5528
CLUBS SEVEN CLUBS ACE,0.3592,0.0066,0.6342
DIAMONDS THREE SPADES TEN,0.4238,0.0324,0.5438
CLUBS SEVEN CLUBS QUEEN,0.3666,0.014,0.6194
CLUBS SEVEN CLUBS KING,0.356,0.0082,0.6358
SPADES NINE DIAMONDS JACK,0.3638,0.0182,0.618
CLUBS TEN CLUBS SEVEN,0.3512,0.0276,0.6212
DIAMONDS ACE HEARTS ACE,0.1756,0.0028,0.8216
HEARTS FOUR HEARTS ACE,0.2604,0.021,0.7186
SPADES EIGHT DIAMONDS JACK,0.3776,0.0146,0.6078
SPADES ACE HEARTS SIX,0.3758,0.0062,0.618
CLUBS JACK CLUBS SEVEN,0.3496,0.0206,0.6298
DIAMONDS ACE HEARTS KING,0.3632,0.0038,0.633
HEARTS FOUR HEARTS KING,0.2822,0.0342,0.6836
SPADES SEVEN DIAMONDS JACK,0.3738,0.0202,0.606
SPADES KING HEARTS SIX,0.381,0.0062,0.6128
DIAMONDS ACE HEARTS QUEEN,0.3694,0.0046,0.626
HEARTS FOUR HEARTS QUEEN,0.2836,0.0374,0.679
SPADES QUEEN HEARTS SIX,0.3782,0.012,0.6098
SPADES SIX DIAMONDS JACK,0.3818,0.0206,0.5976
DIAMONDS TEN SPADES TWO,0.4168,0.0334,0.5498
DIAMONDS TEN SPADES THREE,0.4328,0.0294,0.5378
DIAMONDS TEN SPADES FOUR,0.291,0.0844,0.6246
DIAMONDS TEN SPADES FIVE,0.2796,0.0796,0.6408
SPADES SIX DIAMONDS TEN,0.3762,0.0288,0.595
SPADES SEVEN DIAMONDS TEN,0.3624,0.0282,0.6094
SPADES EIGHT DIAMONDS TEN,0.3574,0.0218,0.6208
SPADES NINE DIAMONDS TEN,0.3368,0.0246,0.6386
CLUBS FIVE DIAMONDS TEN,0.2848,0.0884,0.6268
CLUBS SIX DIAMONDS TEN,0.344,0.03,0.626
CLUBS SEVEN DIAMONDS TEN,0.3662,0.0306,0.6032
CLUBS EIGHT DIAMONDS TEN,0.348,0.0292,0.6228
CLUBS NINE DIAMONDS TEN,0.3458,0.0242,0.63
CLUBS JACK DIAMONDS THREE,0.4326,0.0212,0.5462
CLUBS TEN DIAMONDS THREE,0.4282,0.034,0.5378
DIAMONDS THREE CLUBS KING,0.4356,0.0094,0.555
DIAMONDS THREE CLUBS QUEEN,0.4286,0.0148,0.5566
DIAMONDS THREE CLUBS ACE,0.4064,0.0052,0.5884
SPADES FOUR HEARTS JACK,0.3034,0.055,0.6416
SPADES FOUR HEARTS TEN,0.296,0.0858,0.6182
SPADES FIVE SPADES TWO,0.2788,0.4662,0.255
SPADES FOUR SPADES TWO,0.3914,0.3422,0.2664
SPADES THREE SPADES TWO,0.4354,0.2256,0.339
SPADES NINE SPADES TWO,0.3946,0.0412,0.5642
SPADES EIGHT SPADES TWO,0.395,0.0614,0.5436
SPADES SEVEN SPADES TWO,0.4002,0.0948,0.505
SPADES SIX SPADES TWO,0.3944,0.1494,0.4562
CLUBS THREE DIAMONDS QUEEN,0.4144,0.017,0.5686
CLUBS THREE HEARTS TWO,0.4598,0.2432,0.297
CLUBS TWO DIAMONDS QUEEN,0.4398,0.0138,0.5464
HEARTS TWO CLUBS TWO,0.3566,0.1504,0.493
HEARTS SEVEN DIAMONDS QUEEN,0.3676,0.0142,0.6182
HEARTS SEVEN HEARTS TWO,0.4126,0.096,0.4914
HEARTS SIX DIAMONDS QUEEN,0.373,0.0134,0.6136
HEARTS SIX HEARTS TWO,0.4064,0.1596,0.434
DIAMONDS QUEEN HEARTS NINE,0.3616,0.0128,0.6256
HEARTS TWO HEARTS NINE,0.3962,0.0462,0.5576
DIAMONDS QUEEN HEARTS EIGHT,0.3718,0.0114,0.6168
HEARTS TWO HEARTS EIGHT,0.3956,0.0646,0.5398
CLUBS NINE HEARTS TWO,0.4168,0.0486,0.5346
CLUBS NINE DIAMONDS QUEEN,0.3594,0.0104,0.6302
CLUBS EIGHT DIAMONDS QUEEN,0.3592,0.0112,0.6296
CLUBS EIGHT HEARTS TWO,0.4222,0.0674,0.5104
CLUBS FIVE DIAMONDS QUEEN,0.2762,0.0524,0.6714
CLUBS FIVE HEARTS TWO,0.2838,0.5014,0.2148
SPADES EIGHT HEARTS ACE,0.3772,0.0022,0.6206
CLUBS SEVEN DIAMONDS QUEEN,0.383,0.0128,0.6042
CLUBS SEVEN HEARTS TWO,0.4316,0.1124,0.456
SPADES EIGHT HEARTS QUEEN,0.384,0.0106,0.6054
CLUBS SIX DIAMONDS QUEEN,0.3654,0.0122,0.6224
CLUBS SIX HEARTS TWO,0.4188,0.1578,0.4234
SPADES EIGHT HEARTS KING,0.3754,0.0086,0.616
HEARTS TWO SPADES SIX,0.4108,0.1532,0.436
SPADES SIX DIAMONDS QUEEN,0.3676,0.0112,0.6212
HEARTS FOUR CLUBS QUEEN,0.2956,0.0426,0.6618
DIAMONDS ACE CLUBS QUEEN,0.3842,0.005,0.6108
SPADES SEVEN DIAMONDS QUEEN,0.3812,0.0146,0.6042
SPADES SEVEN HEARTS TWO,0.436,0.098,0.466
HEARTS FOUR CLUBS KING,0.2942,0.0342,0.6716
DIAMONDS ACE CLUBS KING,0.3618,0.0072,0.631
SPADES EIGHT DIAMONDS QUEEN,0.3698,0.0112,0.619
SPADES EIGHT HEARTS TWO,0.4308,0.0646,0.5046
HEARTS FOUR CLUBS ACE,0.2572,0.0252,0.7176
DIAMONDS ACE CLUBS ACE,0.1622,0.0048,0.833
SPADES NINE DIAMONDS QUEEN,0.3612,0.0092,0.6296
SPADES NINE HEARTS TWO,0.423,0.0474,0.5296
HEARTS TWO SPADES TWO,0.3618,0.1524,0.4858
DIAMONDS QUEEN SPADES TWO,0.4354,0.0178,0.5468
HEARTS TWO SPADES THREE,0.4588,0.2516,0.2896
DIAMONDS QUEEN SPADES THREE,0.4176,0.0142,0.5682
HEARTS TWO SPADES FOUR,0.4252,0.363,0.2118
SPADES FOUR DIAMONDS QUEEN,0.2934,0.0456,0.661
CLUBS TEN HEARTS FOUR,0.2858,0.0756,0.6386
CLUBS TEN DIAMONDS ACE,0.37,0.0048,0.6252
HEARTS TWO SPADES FIVE,0.2904,0.5018,0.2078
SPADES FIVE DIAMONDS QUEEN,0.2854,0.0506,0.664
CLUBS JACK HEARTS FOUR,0.2862,0.0614,0.6524
CLUBS JACK DIAMONDS ACE,0.3664,0.006,0.6276
CLUBS FIVE CLUBS KING,0.2674,0.0416,0.691
CLUBS FIVE CLUBS QUEEN,0.268,0.049,0.683
CLUBS FIVE CLUBS ACE,0.2552,0.0276,0.7172
CLUBS JACK CLUBS FIVE,0.2668,0.0662,0.667
CLUBS TEN CLUBS FIVE,0.2744,0.0842,0.6414
SPADES KING CLUBS JACK,0.3806,0.007,0.6124
CLUBS JACK SPADES QUEEN,0.3642,0.0108,0.625
SPADES ACE CLUBS JACK,0.377,0.005,0.618
SPADES SIX CLUBS KING,0.3776,0.0094,0.613
SPADES SIX CLUBS QUEEN,0.3784,0.0116,0.61
SPADES EIGHT HEARTS JACK,0.3698,0.0194,0.6108
SPADES SIX CLUBS ACE,0.3638,0.0042,0.632
SPADES EIGHT HEARTS TEN,0.366,0.031,0.603
CLUBS JACK SPADES SIX,0.3678,0.0178,0.6144
CLUBS TEN SPADES SIX,0.3692,0.0292,0.6016
CLUBS JACK SPADES TEN,0.3644,0.0148,0.6208
CLUBS JACK SPADES JACK,0.196,0.0514,0.7526
SPADES QUEEN CLUBS SEVEN,0.3632,0.0152,0.6216
SPADES KING CLUBS SEVEN,0.3824,0.0064,0.6112
SPADES ACE CLUBS SEVEN,0.361,0.004,0.635
SPADES SIX HEARTS TEN,0.3692,0.0304,0.6004
SPADES SIX HEARTS JACK,0.3754,0.015,0.6096
SPADES SIX HEARTS ACE,0.3874,0.0044,0.6082
SPADES SIX HEARTS KING,0.3738,0.0058,0.6204
SPADES SIX HEARTS QUEEN,0.377,0.0134,0.6096
SPADES JACK CLUBS SEVEN,0.3726,0.0166,0.6108
SPADES TEN CLUBS SEVEN,0.363,0.0292,0.6078
CLUBS TEN HEARTS SIX,0.3664,0.028,0.6056
CLUBS JACK HEARTS SIX,0.3692,0.0172,0.6136
CLUBS JACK CLUBS ACE,0.3548,0.0056,0.6396
HEARTS SIX CLUBS QUEEN,0.3778,0.01,0.6122
HEARTS SIX CLUBS KING,0.3658,0.0094,0.6248
HEARTS SIX CLUBS ACE,0.375,0.0058,0.6192
CLUBS JACK CLUBS QUEEN,0.3454,0.0096,0.645
CLUBS JACK CLUBS KING,0.3498,0.006,0.6442
DIAMONDS THREE HEARTS ACE,0.4046,0.004,0.5914
DIAMONDS THREE HEARTS QUEEN,0.4278,0.0126,0.5596
DIAMONDS THREE HEARTS KING,0.4216,0.0084,0.57
CLUBS FIVE HEARTS JACK,0.2784,0.0664,0.6552
SPADES TEN DIAMONDS ACE,0.3666,0.0036,0.6298
HEARTS FOUR SPADES TEN,0.287,0.0822,0.6308
CLUBS FIVE HEARTS TEN,0.2904,0.0862,0.6234
HEARTS FOUR SPADES JACK,0.2964,0.058,0.6456
SPADES JACK DIAMONDS ACE,0.3698,0.0038,0.6264
SPADES ACE HEARTS FOUR,0.271,0.0232,0.7058
SPADES ACE DIAMONDS ACE,0.1722,0.0048,0.823
CLUBS FIVE HEARTS ACE,0.2628,0.0238,0.7134
CLUBS FIVE HEARTS KING,0.2854,0.041,0.6736
HEARTS FOUR SPADES QUEEN,0.2874,0.036,0.6766
SPADES QUEEN DIAMONDS ACE,0.369,0.006,0.625
CLUBS JACK SPADES FOUR,0.2912,0.0576,0.6512
CLUBS FIVE HEARTS QUEEN,0.2858,0.0482,0.666
SPADES KING DIAMONDS ACE,0.376,0.004,0.62
SPADES KING HEARTS FOUR,0.2942,0.0346,0.6712
CLUBS TEN SPADES FOUR,0.2824,0.0818,0.6358
DIAMONDS ACE DIAMONDS QUEEN,0.3478,0.0042,0.648
DIAMONDS ACE HEARTS TWO,0.418,0.007,0.575
HEARTS FOUR DIAMONDS QUEEN,0.2812,0.0482,0.6706
HEARTS FOUR HEARTS TWO,0.4132,0.3356,0.2512
DIAMONDS THREE HEARTS TEN,0.4212,0.0326,0.5462
SPADES FOUR CLUBS KING,0.285,0.03,0.685
HEARTS FIVE DIAMONDS QUEEN,0.2766,0.052,0.6714
HEARTS FIVE HEARTS TWO,0.2752,0.4702,0.2546
DIAMONDS THREE HEARTS JACK,0.4246,0.0246,0.5508
SPADES FOUR CLUBS QUEEN,0.2922,0.0466,0.6612
HEARTS TWO DIAMONDS QUEEN,0.4256,0.0128,0.5616
DIAMONDS KING DIAMONDS QUEEN,0.3408,0.0064,0.6528
DIAMONDS KING HEARTS TWO,0.4252,0.0082,0.5666
HEARTS THREE DIAMONDS QUEEN,0.4178,0.0144,0.5678
HEARTS THREE HEARTS TWO,0.4358,0.2246,0.3396
SPADES FOUR CLUBS ACE,0.2684,0.0246,0.707
HEARTS TWO CLUBS ACE,0.4162,0.005,0.5788
DIAMONDS QUEEN CLUBS ACE,0.3688,0.0064,0.6248
HEARTS TWO CLUBS QUEEN,0.4262,0.018,0.5558
DIAMONDS QUEEN CLUBS QUEEN,0.1766,0.0354,0.788
HEARTS TWO CLUBS KING,0.4104,0.0098,0.5798
DIAMONDS QUEEN CLUBS KING,0.3712,0.0096,0.6192
SPADES EIGHT SPADES FIVE,0.2592,0.146,0.5948
CLUBS TEN HEARTS TWO,0.4304,0.0334,0.5362
CLUBS TEN DIAMONDS QUEEN,0.3552,0.0118,0.633
SPADES NINE SPADES FIVE,0.2572,0.1118,0.631
CLUBS JACK HEARTS TWO,0.4308,0.0208,0.5484
CLUBS JACK DIAMONDS QUEEN,0.3608,0.0112,0.628
SPADES SIX SPADES FIVE,0.236,0.2562,0.5078
SPADES SEVEN SPADES FIVE,0.244,0.1974,0.5586
SPADES EIGHT CLUBS ACE,0.3552,0.005,0.6398
SPADES EIGHT CLUBS KING,0.3746,0.008,0.6174
SPADES EIGHT CLUBS QUEEN,0.3618,0.0134,0.6248
CLUBS JACK SPADES EIGHT,0.3662,0.0168,0.617
CLUBS TEN SPADES EIGHT,0.3588,0.029,0.6122
DIAMONDS TEN HEARTS JACK,0.3612,0.0184,0.6204
DIAMONDS TEN HEARTS TEN,0.1798,0.0702,0.75
SPADES ACE CLUBS NINE,0.365,0.0034,0.6316
SPADES QUEEN CLUBS NINE,0.3622,0.013,0.6248
SPADES KING CLUBS NINE,0.3724,0.009,0.6186
HEARTS SIX HEARTS KING,0.3538,0.0126,0.6336
DIAMONDS KING SPADES SEVEN,0.3718,0.0098,0.6184
HEARTS THREE SPADES SEVEN,0.4102,0.1092,0.4806
SPADES KING DIAMONDS SEVEN,0.3784,0.0096,0.612
HEARTS SIX HEARTS QUEEN,0.3536,0.0098,0.6366
SPADES QUEEN DIAMONDS SEVEN,0.3798,0.0144,0.6058
HEARTS THREE SPADES SIX,0.3908,0.162,0.4472
DIAMONDS KING SPADES SIX,0.3682,0.0084,0.6234
SPADES NINE DIAMONDS KING,0.3696,0.0084,0.622
SPADES NINE HEARTS THREE,0.4182,0.0414,0.5404
HEARTS SIX HEARTS ACE,0.362,0.0058,0.6322
DIAMONDS KING SPADES EIGHT,0.3754,0.0094,0.6152
SPADES EIGHT HEARTS THREE,0.4322,0.0676,0.5002
SPADES ACE DIAMONDS SEVEN,0.3628,0.0038,0.6334
CLUBS NINE HEARTS THREE,0.4176,0.046,0.5364
CLUBS NINE DIAMONDS KING,0.3626,0.0106,0.6268
CLUBS EIGHT DIAMONDS KING,0.3578,0.0082,0.634
CLUBS EIGHT HEARTS THREE,0.4224,0.0756,0.502
HEARTS THREE SPADES THREE,0.353,0.1474,0.4996
DIAMONDS KING SPADES THREE,0.418,0.011,0.571
HEARTS THREE SPADES TWO,0.46,0.242,0.298
DIAMONDS KING SPADES TWO,0.4198,0.0068,0.5734
HEARTS THREE SPADES FIVE,0.2722,0.5052,0.2226
DIAMONDS KING SPADES FIVE,0.2792,0.04,0.6808
HEARTS THREE SPADES FOUR,0.4172,0.3626,0.2202
DIAMONDS KING SPADES FOUR,0.277,0.0402,0.6828
DIAMONDS KING CLUBS TWO,0.427,0.009,0.564
HEARTS THREE CLUBS TWO,0.4656,0.238,0.2964
DIAMONDS KING CLUBS THREE,0.413,0.0128,0.5742
CLUBS THREE HEARTS THREE,0.3476,0.1456,0.5068
DIAMONDS KING CLUBS FIVE,0.2708,0.0408,0.6884
HEARTS THREE CLUBS FIVE,0.2696,0.5094,0.221
