opposingHand,winningChance,drawChance,lostChance
DIAMONDS JACK SPADES FIVE
HEARTS FIVE SPADES TEN,0.7014,0.0652,0.2334
HEARTS FIVE SPADES JACK,0.0108,0.9668,0.0224
CLUBS EIGHT CLUBS JACK,0.2224,0.2052,0.5724
CLUBS TEN CLUBS EIGHT,0.5106,0.0184,0.471
CLUBS EIGHT CLUBS KING,0.344,0.0056,0.6504
CLUBS EIGHT CLUBS QUEEN,0.3388,0.0104,0.6508
CLUBS EIGHT CLUBS ACE,0.3396,0.003,0.6574
DIAMONDS TWO DIAMONDS THREE,0.604,0.0202,0.3758
DIAMONDS TWO DIAMONDS FIVE,0.6698,0.0624,0.2678
HEARTS FIVE SPADES KING,0.2366,0.0448,0.7186
DIAMONDS TWO DIAMONDS FOUR,0.6046,0.0172,0.3782
HEARTS FIVE SPADES QUEEN,0.233,0.0534,0.7136
DIAMONDS TWO DIAMONDS SEVEN,0.5982,0.019,0.3828
DIAMONDS TWO DIAMONDS SIX,0.6062,0.0204,0.3734
SPADES ACE HEARTS FIVE,0.2248,0.0262,0.749
DIAMONDS TWO DIAMONDS NINE,0.6034,0.0206,0.376
DIAMONDS TWO DIAMONDS EIGHT,0.5896,0.0166,0.3938
DIAMONDS THREE DIAMONDS FOUR,0.6062,0.0232,0.3706
SPADES FOUR CLUBS TWO,0.6404,0.0202,0.3394
DIAMONDS THREE DIAMONDS FIVE,0.6308,0.0668,0.3024
CLUBS TWO SPADES TWO,0.4282,0.0458,0.526
CLUBS TWO SPADES THREE,0.6356,0.0222,0.3422
DIAMONDS THREE DIAMONDS EIGHT,0.6074,0.0202,0.3724
SPADES EIGHT CLUBS TWO,0.623,0.017,0.36
DIAMONDS THREE DIAMONDS NINE,0.5916,0.0184,0.39
SPADES NINE CLUBS TWO,0.6266,0.0212,0.3522
DIAMONDS THREE DIAMONDS SIX,0.5816,0.0196,0.3988
SPADES SIX CLUBS TWO,0.6258,0.0178,0.3564
DIAMONDS THREE DIAMONDS SEVEN,0.5914,0.021,0.3876
SPADES SEVEN CLUBS TWO,0.6274,0.0194,0.3532
CLUBS SIX CLUBS TWO,0.5876,0.0178,0.3946
CLUBS SEVEN CLUBS TWO,0.588,0.0206,0.3914
CLUBS FOUR CLUBS TWO,0.6032,0.0204,0.3764
CLUBS FIVE CLUBS TWO,0.6368,0.0628,0.3004
CLUBS TEN CLUBS JACK,0.21,0.118,0.672
DIAMONDS FOUR DIAMONDS SIX,0.5792,0.02,0.4008
CLUBS TEN CLUBS QUEEN,0.3224,0.0088,0.6688
DIAMONDS FOUR DIAMONDS SEVEN,0.5718,0.0206,0.4076
CLUBS TEN CLUBS KING,0.3186,0.0078,0.6736
CLUBS TEN CLUBS ACE,0.3318,0.004,0.6642
CLUBS EIGHT CLUBS TWO,0.5886,0.0176,0.3938
DIAMONDS FIVE DIAMONDS FOUR,0.611,0.0672,0.3218
CLUBS NINE CLUBS TWO,0.5834,0.0192,0.3974
DIAMONDS NINE DIAMONDS FOUR,0.612,0.016,0.372
DIAMONDS EIGHT DIAMONDS FOUR,0.5878,0.02,0.3922
CLUBS THREE CLUBS TWO,0.591,0.0192,0.3898
DIAMONDS NINE DIAMONDS FIVE,0.66,0.0616,0.2784
DIAMONDS TWO CLUBS JACK,0.3236,0.464,0.2124
DIAMONDS EIGHT DIAMONDS FIVE,0.6464,0.0604,0.2932
CLUBS TEN DIAMONDS TWO,0.6286,0.0206,0.3508
DIAMONDS FIVE DIAMONDS SEVEN,0.6312,0.0568,0.312
DIAMONDS FIVE DIAMONDS SIX,0.6274,0.0578,0.3148
DIAMONDS TWO CLUBS ACE,0.3878,0.0042,0.608
DIAMONDS TWO CLUBS KING,0.413,0.0088,0.5782
DIAMONDS TWO CLUBS QUEEN,0.4082,0.0102,0.5816
DIAMONDS EIGHT DIAMONDS SIX,0.5502,0.0172,0.4326
DIAMONDS NINE DIAMONDS SIX,0.5478,0.0204,0.4318
HEARTS ACE SPADES THREE,0.3814,0.0056,0.613
SPADES THREE HEARTS KING,0.3968,0.0078,0.5954
DIAMONDS SEVEN DIAMONDS SIX,0.5436,0.0224,0.434
SPADES THREE HEARTS QUEEN,0.3992,0.0128,0.588
SPADES THREE HEARTS JACK,0.3288,0.4608,0.2104
SPADES THREE HEARTS TEN,0.6264,0.0176,0.356
DIAMONDS EIGHT DIAMONDS SEVEN,0.5308,0.0182,0.451
DIAMONDS NINE DIAMONDS SEVEN,0.5388,0.0158,0.4454
DIAMONDS NINE DIAMONDS EIGHT,0.5232,0.0178,0.459
DIAMONDS KING HEARTS TEN,0.3504,0.0056,0.644
HEARTS THREE HEARTS TEN,0.5784,0.0158,0.4058
SPADES JACK CLUBS SIX,0.2216,0.3854,0.393
DIAMONDS KING HEARTS JACK,0.2326,0.0294,0.738
HEARTS THREE HEARTS JACK,0.3122,0.4258,0.262
SPADES TEN CLUBS SIX,0.592,0.0186,0.3894
DIAMONDS KING HEARTS ACE,0.3212,0.005,0.6738
HEARTS THREE HEARTS ACE,0.3502,0.0044,0.6454
SPADES ACE CLUBS SIX,0.3546,0.0054,0.64
DIAMONDS KING HEARTS QUEEN,0.3176,0.0076,0.6748
HEARTS THREE HEARTS QUEEN,0.3704,0.009,0.6206
SPADES KING CLUBS SIX,0.35,0.0082,0.6418
DIAMONDS KING HEARTS KING,0.1376,0.007,0.8554
HEARTS THREE HEARTS KING,0.3542,0.0074,0.6384
SPADES QUEEN CLUBS SIX,0.353,0.0106,0.6364
SPADES NINE HEARTS TEN,0.532,0.0156,0.4524
SPADES NINE HEARTS JACK,0.2188,0.173,0.6082
SPADES NINE HEARTS QUEEN,0.3458,0.0124,0.6418
SPADES NINE HEARTS KING,0.3624,0.0058,0.6318
SPADES NINE HEARTS ACE,0.3646,0.0046,0.6308
CLUBS TEN SPADES JACK,0.2174,0.1256,0.657
CLUBS TEN SPADES TEN,0.2868,0.0228,0.6904
SPADES ACE CLUBS TEN,0.3378,0.004,0.6582
SPADES KING CLUBS TEN,0.356,0.006,0.638
CLUBS TEN SPADES QUEEN,0.3186,0.0108,0.6706
CLUBS EIGHT SPADES TEN,0.5534,0.0202,0.4264
SPADES JACK HEARTS THREE,0.3152,0.464,0.2208
SPADES JACK DIAMONDS KING,0.2194,0.0332,0.7474
SPADES TEN DIAMONDS KING,0.3354,0.0062,0.6584
SPADES TEN HEARTS THREE,0.6266,0.0212,0.3522
SPADES JACK CLUBS EIGHT,0.2226,0.2164,0.561
CLUBS SIX HEARTS ACE,0.3644,0.0038,0.6318
SPADES ACE CLUBS EIGHT,0.359,0.0046,0.6364
HEARTS FIVE CLUBS JACK,0.0232,0.9556,0.0212
HEARTS FIVE CLUBS TEN,0.6842,0.0644,0.2514
CLUBS SIX HEARTS QUEEN,0.3614,0.0098,0.6288
SPADES QUEEN CLUBS EIGHT,0.351,0.0092,0.6398
CLUBS TEN SPADES THREE,0.6318,0.0212,0.347
CLUBS SIX HEARTS KING,0.3592,0.0088,0.632
SPADES KING CLUBS EIGHT,0.3638,0.007,0.6292
SPADES THREE CLUBS JACK,0.3284,0.4552,0.2164
DIAMONDS TWO HEARTS JACK,0.3144,0.473,0.2126
SPADES THREE CLUBS QUEEN,0.3914,0.0116,0.597
DIAMONDS TWO HEARTS TEN,0.6246,0.0212,0.3542
SPADES THREE CLUBS KING,0.39,0.0088,0.6012
HEARTS FIVE CLUBS ACE,0.238,0.0296,0.7324
SPADES THREE CLUBS ACE,0.3862,0.0064,0.6074
HEARTS FIVE CLUBS KING,0.241,0.0422,0.7168
HEARTS FIVE CLUBS QUEEN,0.2376,0.0534,0.709
HEARTS THREE CLUBS KING,0.3952,0.0068,0.598
DIAMONDS KING CLUBS KING,0.1392,0.0072,0.8536
HEARTS THREE CLUBS QUEEN,0.388,0.012,0.6
DIAMONDS KING CLUBS QUEEN,0.311,0.009,0.68
HEARTS FIVE HEARTS JACK,0.0208,0.9078,0.0714
HEARTS FIVE HEARTS TEN,0.6674,0.0504,0.2822
HEARTS THREE CLUBS ACE,0.3846,0.0038,0.6116
DIAMONDS KING CLUBS ACE,0.3174,0.004,0.6786
SPADES ACE CLUBS QUEEN,0.3208,0.004,0.6752
SPADES KING CLUBS QUEEN,0.312,0.0072,0.6808
HEARTS THREE CLUBS JACK,0.3134,0.4674,0.2192
DIAMONDS KING CLUBS JACK,0.2298,0.0416,0.7286
SPADES QUEEN CLUBS QUEEN,0.1392,0.0116,0.8492
CLUBS TEN HEARTS THREE,0.616,0.018,0.366
CLUBS TEN DIAMONDS KING,0.345,0.0062,0.6488
SPADES JACK CLUBS QUEEN,0.2334,0.0396,0.727
CLUBS SIX CLUBS QUEEN,0.35,0.009,0.641
SPADES TEN CLUBS QUEEN,0.3396,0.0092,0.6512
CLUBS SIX CLUBS KING,0.3432,0.0064,0.6504
CLUBS SIX CLUBS ACE,0.3438,0.0026,0.6536
HEARTS FIVE HEARTS KING,0.226,0.0398,0.7342
HEARTS FIVE HEARTS QUEEN,0.2296,0.0472,0.7232
CLUBS TEN CLUBS SIX,0.546,0.0146,0.4394
HEARTS FIVE HEARTS ACE,0.2102,0.0324,0.7574
CLUBS SIX CLUBS JACK,0.2116,0.3732,0.4152
SPADES SEVEN HEARTS JACK,0.2228,0.2908,0.4864
SPADES SEVEN HEARTS TEN,0.5546,0.0188,0.4266
DIAMONDS TWO CLUBS TWO,0.4192,0.0516,0.5292
DIAMONDS TWO CLUBS THREE,0.6338,0.0194,0.3468
DIAMONDS TWO HEARTS SIX,0.6182,0.0182,0.3636
DIAMONDS TWO HEARTS QUEEN,0.4078,0.0104,0.5818
HEARTS SEVEN DIAMONDS TWO,0.6372,0.0196,0.3432
DIAMONDS TWO HEARTS KING,0.4014,0.0098,0.5888
DIAMONDS TWO HEARTS EIGHT,0.619,0.0216,0.3594
DIAMONDS TWO HEARTS ACE,0.384,0.005,0.611
DIAMONDS TWO HEARTS NINE,0.636,0.0206,0.3434
DIAMONDS TWO DIAMONDS QUEEN,0.3944,0.0126,0.593
DIAMONDS TWO HEARTS TWO,0.4082,0.0488,0.543
DIAMONDS TWO DIAMONDS KING,0.3736,0.007,0.6194
DIAMONDS TWO HEARTS THREE,0.6322,0.0222,0.3456
DIAMONDS TWO DIAMONDS ACE,0.3668,0.0064,0.6268
HEARTS FOUR DIAMONDS TWO,0.6352,0.0222,0.3426
HEARTS FIVE DIAMONDS TWO,0.6776,0.0744,0.248
SPADES SEVEN HEARTS ACE,0.3524,0.0038,0.6438
DIAMONDS TWO DIAMONDS TEN,0.608,0.017,0.375
SPADES SEVEN HEARTS KING,0.3738,0.0046,0.6216
SPADES SEVEN HEARTS QUEEN,0.361,0.0122,0.6268
DIAMONDS TWO SPADES NINE,0.6368,0.018,0.3452
DIAMONDS TWO SPADES EIGHT,0.6312,0.022,0.3468
DIAMONDS TWO SPADES SEVEN,0.6248,0.0228,0.3524
DIAMONDS TWO SPADES SIX,0.6402,0.0192,0.3406
DIAMONDS TWO SPADES FOUR,0.6416,0.021,0.3374
DIAMONDS TWO SPADES THREE,0.6458,0.0202,0.334
DIAMONDS TWO SPADES TWO,0.4304,0.0458,0.5238
CLUBS NINE DIAMONDS TWO,0.6306,0.0188,0.3506
DIAMONDS TWO CLUBS EIGHT,0.6306,0.0206,0.3488
CLUBS SEVEN DIAMONDS TWO,0.6298,0.0206,0.3496
DIAMONDS TWO CLUBS SIX,0.6302,0.0192,0.3506
DIAMONDS TWO CLUBS FIVE,0.6796,0.0676,0.2528
DIAMONDS TWO CLUBS FOUR,0.6422,0.0224,0.3354
CLUBS FOUR SPADES FOUR,0.4148,0.049,0.5362
CLUBS FOUR SPADES THREE,0.6188,0.022,0.3592
CLUBS FOUR SPADES TWO,0.633,0.0226,0.3444
SPADES NINE CLUBS FOUR,0.6226,0.0212,0.3562
SPADES EIGHT CLUBS FOUR,0.6108,0.0162,0.373
SPADES SEVEN CLUBS FOUR,0.6042,0.0202,0.3756
CLUBS FOUR SPADES SIX,0.5968,0.0208,0.3824
SPADES ACE DIAMONDS SIX,0.3596,0.005,0.6354
SPADES QUEEN DIAMONDS SIX,0.3604,0.0132,0.6264
SPADES KING DIAMONDS SIX,0.3572,0.0084,0.6344
SPADES TEN DIAMONDS SIX,0.5734,0.019,0.4076
SPADES JACK DIAMONDS SIX,0.222,0.3874,0.3906
SPADES QUEEN SPADES TWO,0.372,0.0148,0.6132
SPADES KING SPADES TWO,0.3904,0.01,0.5996
SPADES ACE SPADES TWO,0.3682,0.0082,0.6236
DIAMONDS THREE DIAMONDS TEN,0.6068,0.0192,0.374
DIAMONDS THREE DIAMONDS KING,0.3794,0.009,0.6116
DIAMONDS THREE HEARTS THREE,0.4162,0.0514,0.5324
DIAMONDS THREE DIAMONDS QUEEN,0.3702,0.012,0.6178
DIAMONDS THREE HEARTS TWO,0.6396,0.0216,0.3388
HEARTS FIVE DIAMONDS THREE,0.6776,0.0674,0.255
DIAMONDS THREE DIAMONDS ACE,0.368,0.0052,0.6268
HEARTS FOUR DIAMONDS THREE,0.6272,0.0204,0.3524
HEARTS SEVEN DIAMONDS THREE,0.6252,0.0218,0.353
SPADES TEN SPADES NINE,0.5048,0.015,0.4802
HEARTS SIX DIAMONDS THREE,0.6156,0.021,0.3634
SPADES JACK SPADES NINE,0.2342,0.164,0.6018
DIAMONDS THREE HEARTS NINE,0.629,0.0184,0.3526
HEARTS JACK DIAMONDS FOUR,0.319,0.4686,0.2124
HEARTS ACE HEARTS KING,0.3014,0.004,0.6946
SPADES TEN SPADES TWO,0.5952,0.0148,0.39
DIAMONDS THREE HEARTS EIGHT,0.6348,0.0228,0.3424
HEARTS TEN DIAMONDS FOUR,0.6146,0.0198,0.3656
SPADES JACK SPADES TWO,0.3106,0.4352,0.2542
HEARTS QUEEN DIAMONDS FOUR,0.387,0.0122,0.6008
HEARTS KING DIAMONDS FOUR,0.403,0.0064,0.5906
SPADES ACE SPADES NINE,0.3434,0.0046,0.652
HEARTS ACE DIAMONDS FOUR,0.3828,0.0056,0.6116
SPADES KING SPADES NINE,0.3356,0.008,0.6564
SPADES QUEEN SPADES NINE,0.3396,0.01,0.6504
DIAMONDS THREE SPADES NINE,0.6298,0.0218,0.3484
DIAMONDS THREE SPADES EIGHT,0.626,0.0204,0.3536
DIAMONDS THREE SPADES SEVEN,0.6206,0.0234,0.356
DIAMONDS THREE SPADES SIX,0.6162,0.0186,0.3652
DIAMONDS THREE CLUBS SIX,0.6158,0.019,0.3652
CLUBS FIVE CLUBS SIX,0.607,0.056,0.337
CLUBS ACE DIAMONDS FOUR,0.3898,0.003,0.6072
CLUBS SEVEN DIAMONDS THREE,0.618,0.0214,0.3606
CLUBS SEVEN CLUBS FIVE,0.6342,0.0572,0.3086
DIAMONDS THREE CLUBS FOUR,0.6266,0.0196,0.3538
DIAMONDS FOUR CLUBS QUEEN,0.3822,0.0126,0.6052
DIAMONDS THREE CLUBS FIVE,0.6628,0.063,0.2742
CLUBS KING DIAMONDS FOUR,0.3908,0.0064,0.6028
DIAMONDS THREE CLUBS TWO,0.6418,0.0248,0.3334
CLUBS TEN DIAMONDS FOUR,0.6222,0.0204,0.3574
DIAMONDS THREE CLUBS THREE,0.4234,0.046,0.5306
DIAMONDS FOUR CLUBS JACK,0.3242,0.4674,0.2084
DIAMONDS THREE SPADES FOUR,0.6312,0.0228,0.346
DIAMONDS THREE SPADES TWO,0.6516,0.0246,0.3238
DIAMONDS THREE SPADES THREE,0.4244,0.0472,0.5284
CLUBS EIGHT DIAMONDS THREE,0.6346,0.0206,0.3448
CLUBS NINE DIAMONDS THREE,0.6322,0.0178,0.35
SPADES SEVEN CLUBS ACE,0.359,0.0044,0.6366
SPADES SEVEN CLUBS QUEEN,0.3646,0.0136,0.6218
SPADES SEVEN CLUBS KING,0.3556,0.0082,0.6362
CLUBS FIVE SPADES SEVEN,0.649,0.0598,0.2912
CLUBS TEN SPADES SEVEN,0.5746,0.0164,0.409
CLUBS FIVE SPADES SIX,0.6508,0.063,0.2862
SPADES SEVEN CLUBS JACK,0.2178,0.307,0.4752
CLUBS FIVE SPADES NINE,0.6944,0.0598,0.2458
CLUBS FIVE SPADES EIGHT,0.6646,0.0628,0.2726
CLUBS FIVE SPADES THREE,0.6708,0.0692,0.26
CLUBS FIVE SPADES TWO,0.677,0.069,0.254
CLUBS FIVE SPADES FOUR,0.6448,0.0662,0.289
CLUBS NINE CLUBS FIVE,0.6484,0.06,0.2916
CLUBS EIGHT CLUBS FIVE,0.6324,0.0652,0.3024
CLUBS ACE CLUBS QUEEN,0.3086,0.0038,0.6876
CLUBS KING CLUBS QUEEN,0.2988,0.0082,0.693
DIAMONDS TEN DIAMONDS FOUR,0.6056,0.0174,0.377
CLUBS TEN DIAMONDS NINE,0.5386,0.0154,0.446
DIAMONDS NINE CLUBS JACK,0.2378,0.1574,0.6048
SPADES NINE CLUBS JACK,0.2312,0.1598,0.609
CLUBS TEN SPADES NINE,0.5444,0.017,0.4386
DIAMONDS ACE DIAMONDS FOUR,0.3554,0.0062,0.6384
HEARTS FOUR DIAMONDS FOUR,0.4,0.0486,0.5514
SPADES NINE CLUBS KING,0.354,0.007,0.639
DIAMONDS TWO SPADES TEN,0.6358,0.019,0.3452
DIAMONDS NINE CLUBS ACE,0.371,0.0038,0.6252
HEARTS FIVE DIAMONDS FOUR,0.6534,0.0642,0.2824
SPADES NINE CLUBS QUEEN,0.3528,0.0096,0.6376
DIAMONDS TWO SPADES JACK,0.311,0.476,0.213
DIAMONDS QUEEN DIAMONDS FOUR,0.3672,0.0104,0.6224
HEARTS TWO DIAMONDS FOUR,0.6214,0.0254,0.3532
DIAMONDS NINE CLUBS QUEEN,0.3516,0.0106,0.6378
DIAMONDS KING DIAMONDS FOUR,0.3758,0.0058,0.6184
HEARTS THREE DIAMONDS FOUR,0.6202,0.0184,0.3614
SPADES NINE CLUBS ACE,0.3598,0.0038,0.6364
DIAMONDS NINE CLUBS KING,0.3678,0.0064,0.6258
SPADES ACE DIAMONDS TWO,0.3732,0.0056,0.6212
SPADES QUEEN DIAMONDS TWO,0.4036,0.012,0.5844
SPADES KING DIAMONDS TWO,0.3986,0.0094,0.592
SPADES JACK SPADES SEVEN,0.209,0.2876,0.5034
SPADES TEN SPADES SEVEN,0.5296,0.0172,0.4532
CLUBS SEVEN CLUBS THREE,0.5754,0.0184,0.4062
CLUBS SIX CLUBS THREE,0.563,0.02,0.417
CLUBS FIVE CLUBS THREE,0.6112,0.0672,0.3216
CLUBS THREE CLUBS FOUR,0.571,0.0184,0.4106
CLUBS NINE CLUBS THREE,0.5962,0.0142,0.3896
CLUBS EIGHT CLUBS THREE,0.5966,0.0176,0.3858
CLUBS THREE SPADES FOUR,0.6174,0.0184,0.3642
CLUBS THREE SPADES THREE,0.4166,0.047,0.5364
CLUBS THREE SPADES TWO,0.6332,0.0188,0.348
CLUBS THREE SPADES SIX,0.6058,0.0196,0.3746
CLUBS THREE SPADES SEVEN,0.6206,0.0192,0.3602
SPADES EIGHT CLUBS THREE,0.6328,0.021,0.3462
SPADES NINE CLUBS THREE,0.6182,0.0208,0.361
SPADES TWO DIAMONDS FOUR,0.6448,0.02,0.3352
SPADES THREE DIAMONDS FOUR,0.62,0.0254,0.3546
SPADES FOUR DIAMONDS FOUR,0.4092,0.0478,0.543
SPADES SIX DIAMONDS FOUR,0.6092,0.021,0.3698
SPADES SEVEN DIAMONDS FOUR,0.6068,0.0196,0.3736
SPADES EIGHT DIAMONDS FOUR,0.6192,0.0224,0.3584
SPADES NINE DIAMONDS FOUR,0.6214,0.0236,0.355
CLUBS FIVE DIAMONDS FOUR,0.6562,0.0652,0.2786
CLUBS FOUR DIAMONDS FOUR,0.4064,0.0434,0.5502
CLUBS SEVEN DIAMONDS FOUR,0.617,0.0202,0.3628
CLUBS SIX DIAMONDS FOUR,0.6004,0.0182,0.3814
CLUBS NINE DIAMONDS FOUR,0.6266,0.0188,0.3546
CLUBS EIGHT DIAMONDS FOUR,0.6114,0.0174,0.3712
HEARTS SEVEN DIAMONDS FOUR,0.6098,0.0208,0.3694
HEARTS SIX DIAMONDS FOUR,0.5968,0.0198,0.3834
DIAMONDS FOUR HEARTS NINE,0.6268,0.0194,0.3538
DIAMONDS FOUR HEARTS EIGHT,0.6308,0.0204,0.3488
CLUBS THREE DIAMONDS FOUR,0.6246,0.0246,0.3508
CLUBS TWO DIAMONDS FOUR,0.641,0.0216,0.3374
DIAMONDS TEN DIAMONDS FIVE,0.6634,0.069,0.2676
DIAMONDS NINE HEARTS QUEEN,0.3434,0.0104,0.6462
DIAMONDS NINE HEARTS KING,0.3714,0.0072,0.6214
HEARTS ACE DIAMONDS NINE,0.3626,0.005,0.6324
DIAMONDS NINE HEARTS TEN,0.5528,0.0186,0.4286
DIAMONDS NINE HEARTS JACK,0.2396,0.1684,0.592
CLUBS KING DIAMONDS SIX,0.3674,0.0058,0.6268
CLUBS QUEEN DIAMONDS SIX,0.3682,0.0096,0.6222
CLUBS ACE DIAMONDS SIX,0.3646,0.0054,0.63
SPADES KING DIAMONDS FOUR,0.3952,0.0102,0.5946
SPADES ACE SPADES SEVEN,0.3296,0.0024,0.668
SPADES QUEEN DIAMONDS FOUR,0.3928,0.0128,0.5944
SPADES QUEEN SPADES SEVEN,0.3594,0.0118,0.6288
CLUBS JACK DIAMONDS SIX,0.2346,0.3856,0.3798
SPADES KING SPADES SEVEN,0.3414,0.0088,0.6498
SPADES ACE DIAMONDS FOUR,0.3752,0.0058,0.619
CLUBS TEN DIAMONDS SIX,0.593,0.0188,0.3882
CLUBS NINE CLUBS FOUR,0.5826,0.0166,0.4008
CLUBS EIGHT CLUBS FOUR,0.5802,0.0168,0.403
SPADES JACK DIAMONDS FOUR,0.3076,0.4876,0.2048
SPADES TEN DIAMONDS FOUR,0.6194,0.0198,0.3608
CLUBS FIVE CLUBS FOUR,0.613,0.063,0.324
CLUBS SEVEN CLUBS FOUR,0.565,0.018,0.417
CLUBS SIX CLUBS FOUR,0.57,0.0174,0.4126
CLUBS SEVEN SPADES EIGHT,0.554,0.0164,0.4296
CLUBS SEVEN SPADES NINE,0.56,0.0158,0.4242
CLUBS SEVEN SPADES SIX,0.5598,0.019,0.4212
CLUBS SEVEN SPADES SEVEN,0.2972,0.04,0.6628
CLUBS SEVEN SPADES FOUR,0.6076,0.0202,0.3722
CLUBS SEVEN SPADES THREE,0.6244,0.0214,0.3542
CLUBS SEVEN SPADES TWO,0.6372,0.0176,0.3452
CLUBS NINE CLUBS SEVEN,0.5256,0.0186,0.4558
CLUBS SEVEN CLUBS EIGHT,0.5114,0.0136,0.475
HEARTS SIX DIAMONDS FIVE,0.6612,0.0592,0.2796
HEARTS SEVEN DIAMONDS FIVE,0.6534,0.0612,0.2854
DIAMONDS FIVE HEARTS EIGHT,0.6792,0.0594,0.2614
DIAMONDS FIVE HEARTS NINE,0.6948,0.0624,0.2428
DIAMONDS QUEEN DIAMONDS FIVE,0.2218,0.0486,0.7296
HEARTS TWO DIAMONDS FIVE,0.6776,0.0682,0.2542
HEARTS KING HEARTS EIGHT,0.3528,0.0068,0.6404
DIAMONDS KING DIAMONDS FIVE,0.2376,0.042,0.7204
HEARTS THREE DIAMONDS FIVE,0.6618,0.0674,0.2708
HEARTS QUEEN HEARTS EIGHT,0.326,0.0108,0.6632
DIAMONDS ACE DIAMONDS FIVE,0.2202,0.0292,0.7506
HEARTS FOUR DIAMONDS FIVE,0.653,0.0724,0.2746
HEARTS FIVE DIAMONDS FIVE,0.2896,0.0468,0.6636
HEARTS ACE HEARTS EIGHT,0.342,0.0026,0.6554
CLUBS FOUR DIAMONDS FIVE,0.6488,0.0692,0.282
CLUBS FIVE DIAMONDS FIVE,0.2906,0.0532,0.6562
CLUBS SIX DIAMONDS FIVE,0.6482,0.0636,0.2882
CLUBS SEVEN DIAMONDS FIVE,0.662,0.0582,0.2798
CLUBS TWO DIAMONDS FIVE,0.6842,0.07,0.2458
CLUBS THREE DIAMONDS FIVE,0.6652,0.0728,0.262
SPADES THREE DIAMONDS FIVE,0.6668,0.0716,0.2616
SPADES TWO DIAMONDS FIVE,0.6892,0.0686,0.2422
SPADES JACK DIAMONDS EIGHT,0.2286,0.223,0.5484
CLUBS TEN HEARTS JACK,0.2252,0.1202,0.6546
SPADES TEN DIAMONDS EIGHT,0.5608,0.0226,0.4166
SPADES FOUR DIAMONDS FIVE,0.6446,0.072,0.2834
HEARTS JACK CLUBS JACK,0.103,0.039,0.858
HEARTS JACK CLUBS QUEEN,0.2432,0.0466,0.7102
CLUBS NINE DIAMONDS FIVE,0.6908,0.0592,0.25
CLUBS KING HEARTS JACK,0.2474,0.0306,0.722
CLUBS EIGHT DIAMONDS FIVE,0.676,0.0652,0.2588
CLUBS ACE HEARTS JACK,0.2424,0.023,0.7346
SPADES SEVEN DIAMONDS FIVE,0.6654,0.064,0.2706
SPADES KING DIAMONDS EIGHT,0.366,0.0064,0.6276
SPADES QUEEN DIAMONDS EIGHT,0.363,0.0114,0.6256
SPADES SIX DIAMONDS FIVE,0.6514,0.0638,0.2848
SPADES NINE DIAMONDS FIVE,0.6826,0.0692,0.2482
SPADES EIGHT DIAMONDS FIVE,0.6668,0.0646,0.2686
SPADES ACE DIAMONDS EIGHT,0.3634,0.0048,0.6318
DIAMONDS TEN DIAMONDS SIX,0.5524,0.0196,0.428
HEARTS ACE DIAMONDS SEVEN,0.3646,0.004,0.6314
HEARTS QUEEN DIAMONDS SEVEN,0.3564,0.0124,0.6312
HEARTS KING DIAMONDS SEVEN,0.3724,0.0078,0.6198
DIAMONDS ACE DIAMONDS SIX,0.3434,0.0044,0.6522
HEARTS FOUR DIAMONDS SIX,0.6006,0.019,0.3804
SPADES TWO HEARTS JACK,0.3238,0.4612,0.215
HEARTS FIVE DIAMONDS SIX,0.6592,0.0592,0.2816
SPADES TWO HEARTS TEN,0.6216,0.0174,0.361
DIAMONDS QUEEN DIAMONDS SIX,0.3646,0.0128,0.6226
HEARTS TWO DIAMONDS SIX,0.6368,0.0196,0.3436
DIAMONDS KING DIAMONDS SIX,0.3506,0.007,0.6424
HEARTS THREE DIAMONDS SIX,0.614,0.0222,0.3638
HEARTS EIGHT DIAMONDS SIX,0.5622,0.0184,0.4194
HEARTS NINE DIAMONDS SIX,0.5958,0.0162,0.388
HEARTS SIX DIAMONDS SIX,0.3054,0.0398,0.6548
HEARTS SEVEN DIAMONDS SIX,0.564,0.0216,0.4144
HEARTS TEN DIAMONDS SEVEN,0.5668,0.0208,0.4124
CLUBS TWO DIAMONDS SIX,0.624,0.0232,0.3528
HEARTS JACK DIAMONDS SEVEN,0.2322,0.3102,0.4576
CLUBS THREE DIAMONDS SIX,0.6202,0.0192,0.3606
CLUBS SEVEN DIAMONDS SIX,0.5684,0.0186,0.413
DIAMONDS EIGHT CLUBS JACK,0.2292,0.212,0.5588
CLUBS SIX DIAMONDS SIX,0.3044,0.0498,0.6458
CLUBS TEN DIAMONDS EIGHT,0.5596,0.0192,0.4212
CLUBS FIVE DIAMONDS SIX,0.6716,0.0586,0.2698
CLUBS FOUR DIAMONDS SIX,0.6112,0.0178,0.371
HEARTS ACE HEARTS JACK,0.2206,0.0212,0.7582
DIAMONDS EIGHT CLUBS ACE,0.3676,0.0034,0.629
HEARTS QUEEN HEARTS JACK,0.2176,0.0396,0.7428
DIAMONDS EIGHT CLUBS KING,0.3818,0.0074,0.6108
CLUBS NINE DIAMONDS SIX,0.5786,0.0182,0.4032
HEARTS KING HEARTS JACK,0.2348,0.0304,0.7348
DIAMONDS EIGHT CLUBS QUEEN,0.36,0.0066,0.6334
CLUBS EIGHT DIAMONDS SIX,0.5724,0.0184,0.4092
SPADES TEN HEARTS KING,0.3264,0.0072,0.6664
HEARTS ACE SPADES TWO,0.389,0.0044,0.6066
SPADES JACK HEARTS KING,0.2282,0.0308,0.741
SPADES FOUR DIAMONDS SIX,0.6144,0.024,0.3616
SPADES THREE DIAMONDS SIX,0.6172,0.0194,0.3634
HEARTS QUEEN SPADES TWO,0.3882,0.0124,0.5994
SPADES ACE SPADES KING,0.3022,0.0046,0.6932
SPADES TWO HEARTS KING,0.4074,0.0068,0.5858
SPADES TWO DIAMONDS SIX,0.6354,0.0228,0.3418
HEARTS TEN HEARTS EIGHT,0.514,0.014,0.472
SPADES NINE DIAMONDS SIX,0.5742,0.0184,0.4074
HEARTS JACK HEARTS EIGHT,0.2072,0.2182,0.5746
SPADES EIGHT DIAMONDS SIX,0.5688,0.0192,0.412
SPADES SEVEN DIAMONDS SIX,0.5516,0.02,0.4284
SPADES SIX DIAMONDS SIX,0.299,0.0448,0.6562
SPADES KING HEARTS KING,0.1306,0.0092,0.8602
SPADES QUEEN HEARTS KING,0.3054,0.0082,0.6864
CLUBS ACE CLUBS KING,0.3088,0.0042,0.687
SPADES ACE HEARTS KING,0.3348,0.0034,0.6618
SPADES ACE HEARTS JACK,0.231,0.022,0.747
SPADES QUEEN HEARTS JACK,0.2314,0.039,0.7296
SPADES KING HEARTS JACK,0.2402,0.0362,0.7236
SPADES TEN DIAMONDS TEN,0.277,0.0268,0.6962
SPADES JACK DIAMONDS TEN,0.2292,0.1296,0.6412
SPADES ACE DIAMONDS TEN,0.3528,0.004,0.6432
SPADES JACK HEARTS JACK,0.082,0.0372,0.8808
SPADES TEN HEARTS JACK,0.2254,0.1216,0.653
SPADES QUEEN DIAMONDS TEN,0.3282,0.01,0.6618
SPADES KING DIAMONDS TEN,0.3284,0.007,0.6646
SPADES NINE DIAMONDS SEVEN,0.5518,0.02,0.4282
SPADES EIGHT DIAMONDS SEVEN,0.5474,0.0204,0.4322
SPADES SEVEN DIAMONDS SEVEN,0.3034,0.037,0.6596
SPADES SIX DIAMONDS SEVEN,0.5576,0.0222,0.4202
DIAMONDS KING DIAMONDS SEVEN,0.346,0.0094,0.6446
HEARTS THREE DIAMONDS SEVEN,0.607,0.0214,0.3716
HEARTS KING DIAMONDS FIVE,0.2396,0.042,0.7184
DIAMONDS QUEEN DIAMONDS SEVEN,0.346,0.0118,0.6422
HEARTS TWO DIAMONDS SEVEN,0.6452,0.0204,0.3344
HEARTS QUEEN DIAMONDS FIVE,0.2386,0.0482,0.7132
HEARTS FIVE DIAMONDS SEVEN,0.6686,0.06,0.2714
DIAMONDS ACE DIAMONDS SEVEN,0.34,0.0052,0.6548
HEARTS FOUR DIAMONDS SEVEN,0.6,0.0192,0.3808
HEARTS ACE DIAMONDS FIVE,0.241,0.0296,0.7294
HEARTS SEVEN DIAMONDS SEVEN,0.3108,0.0338,0.6554
HEARTS SIX DIAMONDS SEVEN,0.5708,0.0186,0.4106
DIAMONDS SEVEN HEARTS NINE,0.5616,0.0188,0.4196
HEARTS EIGHT DIAMONDS SEVEN,0.5476,0.0152,0.4372
DIAMONDS FIVE HEARTS JACK,0.0174,0.9718,0.0108
DIAMONDS TEN DIAMONDS SEVEN,0.548,0.019,0.433
HEARTS TEN DIAMONDS FIVE,0.7184,0.0598,0.2218
SPADES KING CLUBS TWO,0.3962,0.0062,0.5976
HEARTS KING CLUBS KING,0.1394,0.008,0.8526
CLUBS EIGHT DIAMONDS SEVEN,0.567,0.0194,0.4136
SPADES QUEEN CLUBS TWO,0.4006,0.0112,0.5882
HEARTS KING CLUBS QUEEN,0.3238,0.0054,0.6708
CLUBS NINE DIAMONDS SEVEN,0.566,0.0142,0.4198
SPADES TWO CLUBS JACK,0.3352,0.4498,0.215
SPADES ACE CLUBS TWO,0.3804,0.005,0.6146
CLUBS TEN SPADES TWO,0.6212,0.0188,0.36
HEARTS KING CLUBS ACE,0.3312,0.0048,0.664
CLUBS SEVEN CLUBS SIX,0.521,0.0168,0.4622
SPADES TWO CLUBS KING,0.394,0.0076,0.5984
SPADES TWO DIAMONDS SEVEN,0.6396,0.0218,0.3386
CLUBS EIGHT CLUBS SIX,0.5328,0.0196,0.4476
SPADES THREE DIAMONDS SEVEN,0.6264,0.02,0.3536
SPADES TWO CLUBS QUEEN,0.403,0.0116,0.5854
CLUBS NINE CLUBS SIX,0.532,0.0182,0.4498
SPADES FOUR DIAMONDS SEVEN,0.6166,0.0226,0.3608
HEARTS KING CLUBS JACK,0.2308,0.0294,0.7398
SPADES TWO CLUBS ACE,0.3858,0.0036,0.6106
CLUBS TEN HEARTS KING,0.3454,0.0066,0.648
CLUBS SIX SPADES TWO,0.6356,0.02,0.3444
CLUBS SIX SPADES THREE,0.6246,0.0184,0.357
CLUBS TWO DIAMONDS SEVEN,0.6242,0.0196,0.3562
CLUBS SIX SPADES FOUR,0.612,0.0164,0.3716
CLUBS THREE DIAMONDS SEVEN,0.62,0.0184,0.3616
CLUBS FOUR DIAMONDS SEVEN,0.6014,0.0192,0.3794
CLUBS SIX SPADES SIX,0.2988,0.0448,0.6564
CLUBS FIVE DIAMONDS SEVEN,0.6662,0.058,0.2758
CLUBS SIX SPADES SEVEN,0.5544,0.0166,0.429
CLUBS SIX DIAMONDS SEVEN,0.5656,0.0194,0.415
CLUBS SIX SPADES EIGHT,0.5692,0.0164,0.4144
SPADES JACK CLUBS TWO,0.3316,0.452,0.2164
CLUBS SEVEN DIAMONDS SEVEN,0.3048,0.0388,0.6564
SPADES NINE CLUBS SIX,0.5668,0.0174,0.4158
SPADES TEN CLUBS TWO,0.621,0.0188,0.3602
CLUBS TWO CLUBS QUEEN,0.3728,0.0168,0.6104
CLUBS TWO CLUBS KING,0.3756,0.0076,0.6168
CLUBS THREE DIAMONDS EIGHT,0.634,0.0192,0.3468
CLUBS TWO CLUBS ACE,0.3772,0.0054,0.6174
CLUBS TWO DIAMONDS EIGHT,0.6284,0.0162,0.3554
HEARTS SEVEN DIAMONDS EIGHT,0.5432,0.021,0.4358
HEARTS SIX DIAMONDS EIGHT,0.5678,0.0178,0.4144
DIAMONDS EIGHT HEARTS NINE,0.5466,0.0158,0.4376
CLUBS TEN CLUBS TWO,0.5756,0.0176,0.4068
DIAMONDS EIGHT HEARTS EIGHT,0.3032,0.0366,0.6602
CLUBS TWO CLUBS JACK,0.3048,0.4272,0.268
CLUBS NINE DIAMONDS EIGHT,0.5454,0.0142,0.4404
CLUBS EIGHT DIAMONDS EIGHT,0.2948,0.0334,0.6718
CLUBS FIVE DIAMONDS EIGHT,0.6704,0.0632,0.2664
SPADES ACE SPADES THREE,0.3722,0.0042,0.6236
CLUBS FOUR DIAMONDS EIGHT,0.6212,0.02,0.3588
CLUBS SEVEN DIAMONDS EIGHT,0.5546,0.019,0.4264
SPADES QUEEN SPADES THREE,0.3738,0.0108,0.6154
CLUBS SIX DIAMONDS EIGHT,0.572,0.0148,0.4132
SPADES KING SPADES THREE,0.3808,0.0112,0.608
DIAMONDS EIGHT DIAMONDS QUEEN,0.3448,0.0108,0.6444
HEARTS TWO DIAMONDS EIGHT,0.6234,0.021,0.3556
DIAMONDS KING DIAMONDS EIGHT,0.3494,0.0098,0.6408
HEARTS THREE DIAMONDS EIGHT,0.6372,0.0232,0.3396
DIAMONDS ACE DIAMONDS EIGHT,0.3458,0.0048,0.6494
HEARTS FOUR DIAMONDS EIGHT,0.6312,0.0202,0.3486
HEARTS FIVE DIAMONDS EIGHT,0.6746,0.0642,0.2612
DIAMONDS EIGHT DIAMONDS TEN,0.5258,0.0182,0.456
SPADES JACK SPADES THREE,0.3104,0.4294,0.2602
SPADES TEN SPADES THREE,0.5916,0.0172,0.3912
CLUBS FOUR HEARTS ACE,0.381,0.004,0.615
CLUBS FOUR HEARTS QUEEN,0.3964,0.0098,0.5938
CLUBS FOUR HEARTS KING,0.3944,0.008,0.5976
CLUBS SIX HEARTS TEN,0.5692,0.0172,0.4136
CLUBS SIX HEARTS JACK,0.2304,0.3808,0.3888
SPADES FOUR DIAMONDS EIGHT,0.6182,0.0182,0.3636
DIAMONDS EIGHT SPADES TWO,0.6488,0.0238,0.3274
DIAMONDS EIGHT SPADES THREE,0.6428,0.0206,0.3366
CLUBS FOUR HEARTS JACK,0.3164,0.4542,0.2294
SPADES EIGHT DIAMONDS EIGHT,0.2868,0.0274,0.6858
SPADES TEN DIAMONDS QUEEN,0.3216,0.0128,0.6656
SPADES TEN HEARTS TWO,0.6292,0.0218,0.349
SPADES JACK HEARTS EIGHT,0.2172,0.225,0.5578
CLUBS FOUR HEARTS TEN,0.6238,0.0182,0.358
SPADES NINE DIAMONDS EIGHT,0.543,0.0174,0.4396
SPADES TEN HEARTS EIGHT,0.552,0.018,0.43
SPADES JACK HEARTS TWO,0.3254,0.4496,0.225
SPADES JACK DIAMONDS QUEEN,0.214,0.0374,0.7486
SPADES SIX DIAMONDS EIGHT,0.5808,0.0186,0.4006
SPADES SEVEN DIAMONDS EIGHT,0.567,0.0168,0.4162
SPADES ACE HEARTS TWO,0.384,0.0068,0.6092
SPADES ACE DIAMONDS QUEEN,0.3174,0.0048,0.6778
SPADES ACE HEARTS EIGHT,0.3554,0.0032,0.6414
SPADES KING HEARTS EIGHT,0.3578,0.009,0.6332
SPADES QUEEN HEARTS TWO,0.3906,0.0118,0.5976
SPADES QUEEN DIAMONDS QUEEN,0.1312,0.0126,0.8562
SPADES KING DIAMONDS QUEEN,0.3188,0.0066,0.6746
SPADES KING HEARTS TWO,0.404,0.0078,0.5882
SPADES QUEEN HEARTS EIGHT,0.3556,0.0104,0.634
CLUBS TWO HEARTS TEN,0.62,0.02,0.36
CLUBS TWO HEARTS JACK,0.3128,0.461,0.2262
SPADES SEVEN DIAMONDS NINE,0.5616,0.0178,0.4206
SPADES SIX DIAMONDS NINE,0.5822,0.018,0.3998
SPADES NINE DIAMONDS NINE,0.2898,0.0306,0.6796
SPADES EIGHT DIAMONDS NINE,0.5646,0.0174,0.418
SPADES TEN CLUBS KING,0.3418,0.0062,0.652
DIAMONDS NINE SPADES THREE,0.636,0.0198,0.3442
SPADES JACK CLUBS KING,0.2276,0.0286,0.7438
DIAMONDS NINE SPADES TWO,0.635,0.0162,0.3488
DIAMONDS NINE SPADES FOUR,0.635,0.0204,0.3446
CLUBS NINE DIAMONDS NINE,0.297,0.026,0.677
CLUBS EIGHT DIAMONDS NINE,0.5518,0.0156,0.4326
CLUBS SIX DIAMONDS NINE,0.571,0.0232,0.4058
SPADES JACK CLUBS FOUR,0.3048,0.4624,0.2328
CLUBS SEVEN DIAMONDS NINE,0.5704,0.0172,0.4124
SPADES TEN CLUBS FOUR,0.6082,0.0188,0.373
CLUBS FOUR DIAMONDS NINE,0.6386,0.0208,0.3406
CLUBS FIVE DIAMONDS NINE,0.6856,0.0642,0.2502
DIAMONDS NINE CLUBS TWO,0.6272,0.0176,0.3552
CLUBS THREE DIAMONDS NINE,0.623,0.019,0.358
DIAMONDS NINE HEARTS EIGHT,0.5368,0.0158,0.4474
DIAMONDS NINE HEARTS NINE,0.2858,0.0298,0.6844
HEARTS SIX DIAMONDS NINE,0.5828,0.017,0.4002
HEARTS SEVEN DIAMONDS NINE,0.5626,0.019,0.4184
CLUBS NINE CLUBS EIGHT,0.511,0.0142,0.4748
DIAMONDS ACE DIAMONDS NINE,0.3308,0.0062,0.663
HEARTS FOUR DIAMONDS NINE,0.6156,0.0204,0.364
HEARTS FIVE DIAMONDS NINE,0.6884,0.0668,0.2448
HEARTS ACE CLUBS TWO,0.3824,0.0042,0.6134
SPADES ACE CLUBS FOUR,0.3796,0.0066,0.6138
DIAMONDS NINE DIAMONDS QUEEN,0.3364,0.0088,0.6548
HEARTS TWO DIAMONDS NINE,0.6336,0.017,0.3494
CLUBS TWO HEARTS KING,0.3998,0.0076,0.5926
SPADES KING CLUBS FOUR,0.3896,0.0094,0.601
DIAMONDS KING DIAMONDS NINE,0.3334,0.008,0.6586
HEARTS THREE DIAMONDS NINE,0.628,0.0204,0.3516
CLUBS TWO HEARTS QUEEN,0.4112,0.0106,0.5782
SPADES QUEEN CLUBS FOUR,0.38,0.0128,0.6072
CLUBS EIGHT SPADES NINE,0.5342,0.0164,0.4494
DIAMONDS NINE DIAMONDS TEN,0.525,0.0166,0.4584
CLUBS EIGHT SPADES EIGHT,0.2914,0.0322,0.6764
CLUBS EIGHT SPADES SEVEN,0.5392,0.022,0.4388
CLUBS EIGHT SPADES SIX,0.5652,0.0194,0.4154
CLUBS EIGHT SPADES FOUR,0.6308,0.0182,0.351
CLUBS EIGHT SPADES THREE,0.6306,0.0204,0.349
CLUBS EIGHT SPADES TWO,0.6322,0.0182,0.3496
HEARTS SIX DIAMONDS TEN,0.5812,0.0184,0.4004
HEARTS SEVEN DIAMONDS TEN,0.5818,0.0184,0.3998
DIAMONDS TEN HEARTS EIGHT,0.5602,0.0168,0.423
CLUBS FOUR CLUBS JACK,0.2994,0.4506,0.25
DIAMONDS TEN HEARTS NINE,0.5382,0.0148,0.447
CLUBS TEN CLUBS FOUR,0.5846,0.0156,0.3998
CLUBS FOUR CLUBS KING,0.3744,0.0056,0.62
CLUBS FOUR CLUBS QUEEN,0.3694,0.0122,0.6184
CLUBS TWO DIAMONDS TEN,0.6366,0.0194,0.344
CLUBS THREE DIAMONDS TEN,0.6204,0.0182,0.3614
CLUBS FOUR CLUBS ACE,0.356,0.0062,0.6378
DIAMONDS QUEEN DIAMONDS TEN,0.3244,0.0124,0.6632
HEARTS TWO DIAMONDS TEN,0.6432,0.0216,0.3352
DIAMONDS KING DIAMONDS TEN,0.3304,0.0076,0.662
HEARTS THREE DIAMONDS TEN,0.6386,0.0148,0.3466
DIAMONDS ACE DIAMONDS TEN,0.332,0.0022,0.6658
HEARTS FOUR DIAMONDS TEN,0.6278,0.0146,0.3576
CLUBS EIGHT HEARTS JACK,0.2202,0.228,0.5518
HEARTS FIVE DIAMONDS TEN,0.72,0.0594,0.2206
CLUBS EIGHT HEARTS TEN,0.5508,0.0164,0.4328
CLUBS EIGHT HEARTS QUEEN,0.3548,0.0106,0.6346
CLUBS EIGHT HEARTS KING,0.3618,0.0074,0.6308
CLUBS EIGHT HEARTS ACE,0.3664,0.0038,0.6298
CLUBS NINE SPADES THREE,0.6234,0.0172,0.3594
CLUBS NINE SPADES TWO,0.6244,0.0148,0.3608
CLUBS NINE SPADES FOUR,0.637,0.0172,0.3458
CLUBS NINE SPADES SEVEN,0.5638,0.019,0.4172
CLUBS NINE SPADES SIX,0.5742,0.0186,0.4072
CLUBS NINE SPADES NINE,0.295,0.0248,0.6802
CLUBS TEN HEARTS EIGHT,0.5618,0.018,0.4202
CLUBS NINE SPADES EIGHT,0.545,0.0162,0.4388
HEARTS EIGHT CLUBS JACK,0.2262,0.223,0.5508
CLUBS QUEEN HEARTS EIGHT,0.3714,0.0106,0.618
CLUBS KING HEARTS EIGHT,0.3744,0.0054,0.6202
CLUBS ACE HEARTS EIGHT,0.3536,0.0034,0.643
SPADES KING CLUBS KING,0.1392,0.0076,0.8532
SPADES QUEEN CLUBS KING,0.3232,0.0042,0.6726
SPADES ACE CLUBS KING,0.3294,0.0064,0.6642
DIAMONDS ACE HEARTS TEN,0.3462,0.005,0.6488
HEARTS FOUR HEARTS TEN,0.581,0.0156,0.4034
DIAMONDS ACE HEARTS JACK,0.2264,0.0188,0.7548
HEARTS FOUR HEARTS JACK,0.3148,0.4238,0.2614
SPADES KING CLUBS FIVE,0.2306,0.0414,0.728
SPADES QUEEN CLUBS FIVE,0.2368,0.0502,0.713
SPADES ACE CLUBS FIVE,0.2338,0.0328,0.7334
SPADES ACE SPADES SIX,0.3452,0.0058,0.649
HEARTS ACE SPADES FOUR,0.3792,0.005,0.6158
SPADES QUEEN SPADES SIX,0.3592,0.0146,0.6262
SPADES FOUR HEARTS QUEEN,0.3894,0.0138,0.5968
SPADES KING SPADES SIX,0.3412,0.0066,0.6522
SPADES FOUR HEARTS KING,0.3916,0.01,0.5984
SPADES TEN SPADES SIX,0.56,0.0178,0.4222
SPADES JACK SPADES SIX,0.2122,0.3886,0.3992
SPADES ACE DIAMONDS THREE,0.3834,0.0048,0.6118
SPADES QUEEN DIAMONDS THREE,0.39,0.0144,0.5956
SPADES KING DIAMONDS THREE,0.4018,0.0072,0.591
SPADES TEN CLUBS FIVE,0.6914,0.065,0.2436
SPADES JACK HEARTS SIX,0.2128,0.3888,0.3984
HEARTS SIX SPADES TEN,0.581,0.0206,0.3984
SPADES JACK CLUBS FIVE,0.0108,0.973,0.0162
SPADES JACK DIAMONDS THREE,0.3208,0.4604,0.2188
CLUBS SEVEN CLUBS ACE,0.3358,0.0062,0.658
DIAMONDS THREE SPADES TEN,0.625,0.0148,0.3602
CLUBS SEVEN CLUBS QUEEN,0.3494,0.0086,0.642
CLUBS SEVEN CLUBS KING,0.346,0.0058,0.6482
CLUBS TEN CLUBS SEVEN,0.5304,0.0174,0.4522
DIAMONDS ACE HEARTS ACE,0.131,0.0034,0.8656
HEARTS FOUR HEARTS ACE,0.3584,0.0052,0.6364
SPADES ACE HEARTS SIX,0.3624,0.0032,0.6344
CLUBS SEVEN CLUBS JACK,0.2196,0.2758,0.5046
DIAMONDS ACE HEARTS KING,0.3156,0.0048,0.6796
HEARTS FOUR HEARTS KING,0.3666,0.006,0.6274
SPADES KING HEARTS SIX,0.3488,0.007,0.6442
DIAMONDS ACE HEARTS QUEEN,0.3318,0.0048,0.6634
HEARTS FOUR HEARTS QUEEN,0.3676,0.009,0.6234
SPADES QUEEN HEARTS SIX,0.3666,0.008,0.6254
SPADES TWO DIAMONDS TEN,0.6372,0.0214,0.3414
SPADES THREE DIAMONDS TEN,0.626,0.0214,0.3526
SPADES FOUR DIAMONDS TEN,0.6334,0.019,0.3476
SPADES SIX DIAMONDS TEN,0.5746,0.0172,0.4082
SPADES SEVEN DIAMONDS TEN,0.5644,0.022,0.4136
SPADES EIGHT DIAMONDS TEN,0.5508,0.0172,0.432
SPADES NINE DIAMONDS TEN,0.55,0.0158,0.4342
CLUBS FOUR DIAMONDS TEN,0.6274,0.016,0.3566
CLUBS FIVE DIAMONDS TEN,0.6982,0.0626,0.2392
CLUBS SIX DIAMONDS TEN,0.5814,0.0198,0.3988
CLUBS SEVEN DIAMONDS TEN,0.5636,0.02,0.4164
CLUBS EIGHT DIAMONDS TEN,0.5488,0.0178,0.4334
CLUBS NINE DIAMONDS TEN,0.5368,0.0188,0.4444
DIAMONDS THREE CLUBS JACK,0.3248,0.4604,0.2148
CLUBS TEN DIAMONDS THREE,0.6254,0.0154,0.3592
DIAMONDS THREE CLUBS KING,0.3994,0.009,0.5916
DIAMONDS THREE CLUBS QUEEN,0.3906,0.0116,0.5978
DIAMONDS THREE CLUBS ACE,0.3794,0.004,0.6166
SPADES FOUR HEARTS JACK,0.3238,0.465,0.2112
SPADES FOUR HEARTS TEN,0.6214,0.0194,0.3592
SPADES FOUR SPADES TWO,0.5986,0.0234,0.378
SPADES THREE SPADES TWO,0.6184,0.0214,0.3602
SPADES NINE SPADES TWO,0.5824,0.0142,0.4034
SPADES EIGHT SPADES TWO,0.5854,0.0214,0.3932
SPADES SEVEN SPADES TWO,0.6026,0.0164,0.381
SPADES SIX SPADES TWO,0.5982,0.0184,0.3834
CLUBS THREE DIAMONDS QUEEN,0.3778,0.0106,0.6116
CLUBS THREE HEARTS TWO,0.6266,0.0198,0.3536
CLUBS TWO DIAMONDS QUEEN,0.3828,0.0118,0.6054
HEARTS TWO CLUBS TWO,0.417,0.0464,0.5366
HEARTS SEVEN DIAMONDS QUEEN,0.3572,0.011,0.6318
HEARTS SEVEN HEARTS TWO,0.5896,0.0208,0.3896
HEARTS SIX DIAMONDS QUEEN,0.36,0.0082,0.6318
HEARTS SIX HEARTS TWO,0.6006,0.0154,0.384
DIAMONDS QUEEN HEARTS NINE,0.3476,0.0088,0.6436
HEARTS TWO HEARTS NINE,0.5836,0.0186,0.3978
DIAMONDS QUEEN HEARTS EIGHT,0.3512,0.0102,0.6386
HEARTS TWO HEARTS EIGHT,0.5904,0.018,0.3916
CLUBS NINE HEARTS TWO,0.6326,0.0204,0.347
CLUBS NINE DIAMONDS QUEEN,0.3526,0.0118,0.6356
CLUBS EIGHT HEARTS TWO,0.627,0.018,0.355
CLUBS EIGHT DIAMONDS QUEEN,0.3596,0.0118,0.6286
CLUBS FIVE DIAMONDS QUEEN,0.2258,0.0516,0.7226
CLUBS FIVE HEARTS TWO,0.683,0.0652,0.2518
SPADES EIGHT HEARTS ACE,0.3478,0.0038,0.6484
CLUBS FOUR DIAMONDS QUEEN,0.3764,0.0142,0.6094
CLUBS FOUR HEARTS TWO,0.643,0.0172,0.3398
CLUBS SEVEN DIAMONDS QUEEN,0.3606,0.0126,0.6268
CLUBS SEVEN HEARTS TWO,0.6212,0.0194,0.3594
SPADES EIGHT HEARTS QUEEN,0.3466,0.0096,0.6438
CLUBS SIX DIAMONDS QUEEN,0.364,0.0124,0.6236
CLUBS SIX HEARTS TWO,0.6204,0.0192,0.3604
SPADES EIGHT HEARTS KING,0.3584,0.0068,0.6348
HEARTS TWO SPADES SIX,0.6184,0.0256,0.356
SPADES SIX DIAMONDS QUEEN,0.3574,0.0134,0.6292
HEARTS FOUR CLUBS QUEEN,0.3874,0.0128,0.5998
DIAMONDS ACE CLUBS QUEEN,0.3312,0.004,0.6648
SPADES SEVEN DIAMONDS QUEEN,0.3542,0.0112,0.6346
SPADES SEVEN HEARTS TWO,0.627,0.0182,0.3548
HEARTS FOUR CLUBS KING,0.394,0.0064,0.5996
DIAMONDS ACE CLUBS KING,0.3254,0.0044,0.6702
SPADES EIGHT DIAMONDS QUEEN,0.3556,0.0104,0.634
SPADES EIGHT HEARTS TWO,0.6216,0.0208,0.3576
HEARTS FOUR CLUBS ACE,0.3684,0.0046,0.627
DIAMONDS ACE CLUBS ACE,0.1278,0.0064,0.8658
SPADES NINE DIAMONDS QUEEN,0.3408,0.0092,0.65
SPADES NINE HEARTS TWO,0.6166,0.017,0.3664
HEARTS TWO SPADES TWO,0.4138,0.0464,0.5398
DIAMONDS QUEEN SPADES TWO,0.389,0.0144,0.5966
HEARTS TWO SPADES THREE,0.632,0.0224,0.3456
SPADES THREE DIAMONDS QUEEN,0.3972,0.0118,0.591
HEARTS TWO SPADES FOUR,0.6252,0.0198,0.355
SPADES FOUR DIAMONDS QUEEN,0.3838,0.012,0.6042
CLUBS TEN HEARTS FOUR,0.6252,0.0162,0.3586
CLUBS TEN DIAMONDS ACE,0.34,0.0044,0.6556
HEARTS FOUR CLUBS JACK,0.3112,0.4718,0.217
DIAMONDS ACE CLUBS JACK,0.2252,0.0212,0.7536
CLUBS FIVE CLUBS KING,0.2184,0.0414,0.7402
CLUBS FIVE CLUBS QUEEN,0.2316,0.0508,0.7176
CLUBS FIVE CLUBS ACE,0.2216,0.027,0.7514
CLUBS FIVE CLUBS JACK,0.025,0.9102,0.0648
CLUBS TEN CLUBS FIVE,0.6628,0.059,0.2782
SPADES KING CLUBS JACK,0.2316,0.031,0.7374
SPADES QUEEN CLUBS JACK,0.216,0.0408,0.7432
SPADES ACE CLUBS JACK,0.2224,0.0212,0.7564
SPADES SIX CLUBS KING,0.3586,0.0074,0.634
SPADES SIX CLUBS QUEEN,0.3564,0.0124,0.6312
SPADES EIGHT HEARTS JACK,0.2214,0.217,0.5616
SPADES SIX CLUBS ACE,0.37,0.0036,0.6264
SPADES EIGHT HEARTS TEN,0.55,0.0154,0.4346
SPADES SIX CLUBS JACK,0.2258,0.3822,0.392
CLUBS TEN SPADES SIX,0.5892,0.0208,0.39
SPADES TEN CLUBS JACK,0.2324,0.1194,0.6482
SPADES JACK CLUBS JACK,0.0844,0.0388,0.8768
SPADES QUEEN CLUBS SEVEN,0.3764,0.011,0.6126
SPADES KING CLUBS SEVEN,0.3598,0.0066,0.6336
SPADES ACE CLUBS SEVEN,0.3638,0.0054,0.6308
SPADES SIX HEARTS TEN,0.5868,0.0214,0.3918
SPADES SIX HEARTS JACK,0.219,0.3922,0.3888
SPADES SIX HEARTS ACE,0.369,0.0028,0.6282
SPADES SIX HEARTS KING,0.3594,0.0086,0.632
SPADES SIX HEARTS QUEEN,0.3552,0.0098,0.635
CLUBS SEVEN SPADES JACK,0.2126,0.304,0.4834
CLUBS SEVEN SPADES TEN,0.5652,0.018,0.4168
CLUBS TEN HEARTS SIX,0.5812,0.0162,0.4026
HEARTS SIX CLUBS JACK,0.2248,0.3796,0.3956
CLUBS ACE CLUBS JACK,0.2098,0.0196,0.7706
HEARTS SIX CLUBS QUEEN,0.3756,0.0122,0.6122
HEARTS SIX CLUBS KING,0.363,0.0074,0.6296
HEARTS SIX CLUBS ACE,0.3674,0.0028,0.6298
CLUBS QUEEN CLUBS JACK,0.2158,0.0424,0.7418
CLUBS KING CLUBS JACK,0.2258,0.0328,0.7414
DIAMONDS THREE HEARTS ACE,0.3912,0.0026,0.6062
DIAMONDS THREE HEARTS QUEEN,0.3886,0.0102,0.6012
DIAMONDS THREE HEARTS KING,0.4028,0.0068,0.5904
CLUBS FIVE HEARTS JACK,0.0192,0.957,0.0238
SPADES TEN DIAMONDS ACE,0.3386,0.0046,0.6568
HEARTS FOUR SPADES TEN,0.6306,0.0184,0.351
CLUBS FIVE HEARTS TEN,0.702,0.058,0.24
HEARTS FOUR SPADES JACK,0.3088,0.4666,0.2246
SPADES JACK DIAMONDS ACE,0.2116,0.0222,0.7662
SPADES ACE HEARTS FOUR,0.3786,0.006,0.6154
SPADES ACE DIAMONDS ACE,0.118,0.0034,0.8786
CLUBS FIVE HEARTS ACE,0.2322,0.0288,0.739
CLUBS FIVE HEARTS KING,0.2368,0.041,0.7222
HEARTS FOUR SPADES QUEEN,0.3906,0.0102,0.5992
SPADES QUEEN DIAMONDS ACE,0.312,0.005,0.683
SPADES FOUR CLUBS JACK,0.3224,0.4618,0.2158
CLUBS FIVE HEARTS QUEEN,0.2266,0.053,0.7204
SPADES KING DIAMONDS ACE,0.319,0.0078,0.6732
SPADES KING HEARTS FOUR,0.3906,0.01,0.5994
CLUBS TEN SPADES FOUR,0.6216,0.019,0.3594
DIAMONDS ACE DIAMONDS QUEEN,0.296,0.005,0.699
DIAMONDS ACE HEARTS TWO,0.3956,0.0066,0.5978
HEARTS FOUR DIAMONDS QUEEN,0.388,0.0126,0.5994
HEARTS FOUR HEARTS TWO,0.5834,0.0238,0.3928
DIAMONDS THREE HEARTS TEN,0.6358,0.0166,0.3476
SPADES FOUR CLUBS KING,0.3904,0.0072,0.6024
HEARTS FIVE DIAMONDS QUEEN,0.2268,0.0542,0.719
HEARTS FIVE HEARTS TWO,0.632,0.0678,0.3002
DIAMONDS THREE HEARTS JACK,0.315,0.4636,0.2214
SPADES FOUR CLUBS QUEEN,0.3932,0.0106,0.5962
HEARTS TWO DIAMONDS QUEEN,0.39,0.0106,0.5994
DIAMONDS KING DIAMONDS QUEEN,0.3008,0.0094,0.6898
DIAMONDS KING HEARTS TWO,0.4,0.0098,0.5902
HEARTS THREE DIAMONDS QUEEN,0.397,0.0112,0.5918
HEARTS THREE HEARTS TWO,0.6004,0.0212,0.3784
SPADES FOUR CLUBS ACE,0.3922,0.0066,0.6012
HEARTS TWO CLUBS ACE,0.3884,0.0052,0.6064
DIAMONDS QUEEN CLUBS ACE,0.3276,0.0036,0.6688
HEARTS TWO CLUBS QUEEN,0.3952,0.0104,0.5944
DIAMONDS QUEEN CLUBS QUEEN,0.155,0.0104,0.8346
HEARTS TWO CLUBS KING,0.3982,0.0112,0.5906
DIAMONDS QUEEN CLUBS KING,0.3182,0.006,0.6758
CLUBS TEN HEARTS TWO,0.61,0.0196,0.3704
CLUBS TEN DIAMONDS QUEEN,0.334,0.0102,0.6558
HEARTS TWO CLUBS JACK,0.3338,0.4548,0.2114
DIAMONDS QUEEN CLUBS JACK,0.2234,0.0368,0.7398
DIAMONDS FIVE CLUBS QUEEN,0.242,0.0546,0.7034
SPADES EIGHT CLUBS ACE,0.3574,0.003,0.6396
DIAMONDS FIVE CLUBS KING,0.236,0.0434,0.7206
SPADES EIGHT CLUBS KING,0.358,0.008,0.634
CLUBS ACE DIAMONDS FIVE,0.2354,0.0278,0.7368
SPADES EIGHT CLUBS QUEEN,0.3596,0.0114,0.629
SPADES EIGHT CLUBS JACK,0.227,0.2116,0.5614
CLUBS TEN SPADES EIGHT,0.5506,0.0156,0.4338
CLUBS TEN DIAMONDS FIVE,0.7046,0.0638,0.2316
DIAMONDS FIVE CLUBS JACK,0.017,0.9746,0.0084
DIAMONDS TEN HEARTS JACK,0.2344,0.123,0.6426
DIAMONDS TEN HEARTS TEN,0.2874,0.0218,0.6908
SPADES ACE CLUBS NINE,0.369,0.0052,0.6258
CLUBS NINE SPADES QUEEN,0.3366,0.012,0.6514
CLUBS NINE SPADES KING,0.348,0.0078,0.6442
HEARTS SIX HEARTS KING,0.35,0.006,0.644
DIAMONDS KING SPADES SEVEN,0.3478,0.0096,0.6426
HEARTS THREE SPADES SEVEN,0.6216,0.0174,0.361
SPADES KING DIAMONDS SEVEN,0.3458,0.0076,0.6466
HEARTS SIX HEARTS QUEEN,0.342,0.0106,0.6474
SPADES QUEEN DIAMONDS SEVEN,0.3598,0.0142,0.626
HEARTS THREE SPADES SIX,0.6156,0.0156,0.3688
DIAMONDS KING SPADES SIX,0.357,0.0098,0.6332
SPADES NINE DIAMONDS KING,0.3526,0.008,0.6394
SPADES NINE HEARTS THREE,0.6132,0.0164,0.3704
HEARTS SIX HEARTS ACE,0.3544,0.0038,0.6418
DIAMONDS KING SPADES EIGHT,0.354,0.0072,0.6388
SPADES EIGHT HEARTS THREE,0.6238,0.0192,0.357
SPADES ACE DIAMONDS SEVEN,0.3502,0.004,0.6458
CLUBS NINE HEARTS THREE,0.6366,0.016,0.3474
CLUBS NINE DIAMONDS KING,0.347,0.0084,0.6446
CLUBS EIGHT HEARTS THREE,0.6248,0.0186,0.3566
CLUBS EIGHT DIAMONDS KING,0.3662,0.0094,0.6244
HEARTS THREE SPADES THREE,0.4116,0.0478,0.5406
DIAMONDS KING SPADES THREE,0.398,0.0106,0.5914
HEARTS THREE SPADES TWO,0.6536,0.0222,0.3242
DIAMONDS KING SPADES TWO,0.3914,0.0074,0.6012
HEARTS THREE SPADES FOUR,0.6244,0.025,0.3506
DIAMONDS KING SPADES FOUR,0.388,0.0076,0.6044
DIAMONDS KING CLUBS TWO,0.3872,0.007,0.6058
HEARTS THREE CLUBS TWO,0.641,0.0188,0.3402
DIAMONDS KING CLUBS THREE,0.392,0.0102,0.5978
CLUBS THREE HEARTS THREE,0.4214,0.0476,0.531
DIAMONDS KING CLUBS FOUR,0.3848,0.009,0.6062
HEARTS THREE CLUBS FOUR,0.6162,0.0202,0.3636
