opposingHand,winningChance,drawChance,lostChance
DIAMONDS THREE HEARTS ACE
HEARTS FIVE SPADES TEN,0.6054,0.004,0.3906
HEARTS FIVE SPADES JACK,0.6186,0.0054,0.376
CLUBS JACK SPADES FIVE,0.6072,0.0038,0.389
CLUBS TEN SPADES FIVE,0.6242,0.0032,0.3726
CLUBS JACK CLUBS EIGHT,0.5376,0.0032,0.4592
CLUBS TEN CLUBS EIGHT,0.5262,0.0032,0.4706
CLUBS EIGHT CLUBS KING,0.5504,0.0046,0.445
SPADES FIVE CLUBS ACE,0.2302,0.4502,0.3196
CLUBS EIGHT CLUBS QUEEN,0.538,0.0052,0.4568
SPADES FIVE CLUBS KING,0.6144,0.0052,0.3804
SPADES FIVE CLUBS QUEEN,0.6092,0.005,0.3858
CLUBS EIGHT CLUBS ACE,0.2244,0.2182,0.5574
DIAMONDS TWO DIAMONDS FIVE,0.5974,0.0062,0.3964
HEARTS FIVE SPADES KING,0.621,0.0042,0.3748
DIAMONDS TWO DIAMONDS FOUR,0.6014,0.004,0.3946
HEARTS FIVE SPADES QUEEN,0.6248,0.0048,0.3704
DIAMONDS TWO DIAMONDS SEVEN,0.6216,0.0064,0.372
DIAMONDS TWO DIAMONDS SIX,0.6136,0.0062,0.3802
SPADES ACE HEARTS FIVE,0.2232,0.4598,0.317
DIAMONDS TWO DIAMONDS NINE,0.6058,0.0054,0.3888
DIAMONDS TWO DIAMONDS EIGHT,0.6052,0.0056,0.3892
CLUBS TWO SPADES FOUR,0.6402,0.0054,0.3544
CLUBS TWO SPADES FIVE,0.6426,0.0046,0.3528
CLUBS TWO SPADES TWO,0.4594,0.0054,0.5352
CLUBS TWO SPADES THREE,0.744,0.0172,0.2388
SPADES EIGHT CLUBS TWO,0.645,0.0042,0.3508
SPADES NINE CLUBS TWO,0.6442,0.0046,0.3512
SPADES SIX CLUBS TWO,0.6538,0.004,0.3422
SPADES SEVEN CLUBS TWO,0.6464,0.0046,0.349
CLUBS SIX CLUBS TWO,0.6056,0.006,0.3884
CLUBS SEVEN CLUBS TWO,0.594,0.0048,0.4012
CLUBS FOUR CLUBS TWO,0.5832,0.0062,0.4106
CLUBS FIVE CLUBS TWO,0.5856,0.004,0.4104
CLUBS TEN CLUBS JACK,0.5156,0.0044,0.48
DIAMONDS FOUR DIAMONDS SIX,0.568,0.0052,0.4268
CLUBS TEN CLUBS QUEEN,0.518,0.004,0.478
DIAMONDS FOUR DIAMONDS SEVEN,0.5752,0.0048,0.42
CLUBS TEN CLUBS KING,0.5442,0.006,0.4498
CLUBS TEN CLUBS ACE,0.2372,0.111,0.6518
CLUBS EIGHT CLUBS TWO,0.602,0.0038,0.3942
DIAMONDS FOUR DIAMONDS FIVE,0.5576,0.0056,0.4368
CLUBS NINE CLUBS TWO,0.6016,0.0054,0.393
DIAMONDS FOUR DIAMONDS NINE,0.589,0.0052,0.4058
DIAMONDS FOUR DIAMONDS EIGHT,0.5904,0.0036,0.406
CLUBS TWO CLUBS THREE,0.6904,0.0202,0.2894
DIAMONDS NINE DIAMONDS FIVE,0.5708,0.0046,0.4246
CLUBS JACK DIAMONDS TWO,0.6524,0.006,0.3416
DIAMONDS FIVE DIAMONDS EIGHT,0.5528,0.007,0.4402
CLUBS TEN DIAMONDS TWO,0.65,0.0044,0.3456
DIAMONDS FIVE DIAMONDS SEVEN,0.561,0.0054,0.4336
DIAMONDS SIX DIAMONDS FIVE,0.5532,0.0054,0.4414
DIAMONDS TWO CLUBS ACE,0.2596,0.5198,0.2206
DIAMONDS TWO CLUBS KING,0.6488,0.0078,0.3434
DIAMONDS TWO CLUBS QUEEN,0.6518,0.0048,0.3434
DIAMONDS SIX DIAMONDS EIGHT,0.5486,0.0038,0.4476
DIAMONDS NINE DIAMONDS SIX,0.5586,0.0038,0.4376
SPADES THREE HEARTS KING,0.7586,0.0186,0.2228
DIAMONDS SIX DIAMONDS SEVEN,0.5382,0.0048,0.457
HEARTS QUEEN SPADES THREE,0.7596,0.0192,0.2212
SPADES THREE HEARTS JACK,0.7476,0.0234,0.229
SPADES THREE HEARTS TEN,0.7544,0.0192,0.2264
DIAMONDS EIGHT DIAMONDS SEVEN,0.5406,0.0056,0.4538
DIAMONDS NINE DIAMONDS SEVEN,0.5434,0.006,0.4506
DIAMONDS NINE DIAMONDS EIGHT,0.5294,0.0048,0.4658
DIAMONDS KING HEARTS TEN,0.5732,0.004,0.4228
HEARTS THREE HEARTS TEN,0.7166,0.0208,0.2626
SPADES JACK CLUBS SIX,0.6046,0.0044,0.391
DIAMONDS KING HEARTS JACK,0.5776,0.0056,0.4168
HEARTS THREE HEARTS JACK,0.7086,0.022,0.2694
SPADES TEN CLUBS SIX,0.5916,0.0026,0.4058
SPADES JACK SPADES FIVE,0.5794,0.005,0.4156
SPADES TEN SPADES FIVE,0.569,0.0052,0.4258
SPADES ACE CLUBS SIX,0.2508,0.3808,0.3684
DIAMONDS KING HEARTS QUEEN,0.575,0.0074,0.4176
HEARTS THREE HEARTS QUEEN,0.7194,0.0182,0.2624
SPADES KING CLUBS SIX,0.6046,0.0026,0.3928
DIAMONDS KING HEARTS KING,0.2854,0.0044,0.7102
HEARTS THREE HEARTS KING,0.7166,0.0202,0.2632
SPADES QUEEN CLUBS SIX,0.602,0.0026,0.3954
SPADES NINE HEARTS TEN,0.5676,0.0052,0.4272
SPADES NINE HEARTS JACK,0.5608,0.0052,0.434
SPADES QUEEN SPADES FIVE,0.5662,0.005,0.4288
SPADES KING SPADES FIVE,0.5794,0.0056,0.415
SPADES ACE SPADES FIVE,0.2102,0.4372,0.3526
SPADES NINE HEARTS QUEEN,0.5864,0.0042,0.4094
SPADES NINE HEARTS KING,0.581,0.0046,0.4144
CLUBS TEN SPADES JACK,0.54,0.0058,0.4542
CLUBS TEN SPADES TEN,0.3204,0.003,0.6766
SPADES ACE CLUBS TEN,0.2548,0.1156,0.6296
CLUBS TEN SPADES KING,0.5726,0.004,0.4234
CLUBS TEN SPADES QUEEN,0.5566,0.006,0.4374
SPADES FIVE HEARTS QUEEN,0.5956,0.0044,0.4
SPADES FIVE HEARTS KING,0.613,0.0048,0.3822
CLUBS EIGHT SPADES TEN,0.5596,0.0042,0.4362
SPADES JACK HEARTS THREE,0.7524,0.0172,0.2304
SPADES JACK DIAMONDS KING,0.5758,0.0038,0.4204
SPADES TEN DIAMONDS KING,0.5766,0.0048,0.4186
SPADES TEN HEARTS THREE,0.7414,0.0202,0.2384
CLUBS EIGHT SPADES JACK,0.5882,0.0036,0.4082
SPADES ACE CLUBS EIGHT,0.2482,0.2244,0.5274
HEARTS FIVE CLUBS JACK,0.619,0.0036,0.3774
CLUBS TEN HEARTS FIVE,0.6072,0.0038,0.389
CLUBS SIX HEARTS QUEEN,0.6188,0.004,0.3772
SPADES QUEEN CLUBS EIGHT,0.5896,0.004,0.4064
CLUBS TEN SPADES THREE,0.7316,0.0208,0.2476
CLUBS SIX HEARTS KING,0.609,0.0062,0.3848
SPADES KING CLUBS EIGHT,0.6082,0.0052,0.3866
CLUBS JACK SPADES THREE,0.7394,0.0202,0.2404
DIAMONDS TWO HEARTS JACK,0.6592,0.0066,0.3342
SPADES THREE CLUBS QUEEN,0.7518,0.0194,0.2288
DIAMONDS TWO HEARTS TEN,0.6474,0.006,0.3466
SPADES THREE CLUBS KING,0.7444,0.0204,0.2352
HEARTS FIVE CLUBS ACE,0.2204,0.4606,0.319
SPADES FIVE HEARTS TEN,0.6176,0.005,0.3774
SPADES THREE CLUBS ACE,0.0182,0.9608,0.021
HEARTS FIVE CLUBS KING,0.613,0.0064,0.3806
SPADES FIVE HEARTS JACK,0.6056,0.0046,0.3898
HEARTS FIVE CLUBS QUEEN,0.6052,0.0052,0.3896
HEARTS THREE CLUBS KING,0.749,0.021,0.23
DIAMONDS KING CLUBS KING,0.2792,0.0032,0.7176
HEARTS THREE CLUBS QUEEN,0.7488,0.021,0.2302
DIAMONDS KING CLUBS QUEEN,0.5742,0.0038,0.422
HEARTS FIVE HEARTS JACK,0.5916,0.0068,0.4016
HEARTS FIVE HEARTS TEN,0.586,0.0052,0.4088
HEARTS THREE CLUBS ACE,0.023,0.9642,0.0128
DIAMONDS KING CLUBS ACE,0.2518,0.0502,0.698
SPADES ACE CLUBS QUEEN,0.255,0.0662,0.6788
SPADES KING CLUBS QUEEN,0.5796,0.0044,0.416
CLUBS JACK HEARTS THREE,0.7484,0.0228,0.2288
CLUBS JACK DIAMONDS KING,0.5776,0.0062,0.4162
SPADES QUEEN CLUBS QUEEN,0.3066,0.0038,0.6896
CLUBS TEN HEARTS THREE,0.7516,0.0176,0.2308
CLUBS TEN DIAMONDS KING,0.565,0.0044,0.4306
SPADES JACK CLUBS QUEEN,0.5634,0.0036,0.433
CLUBS SIX CLUBS QUEEN,0.5626,0.004,0.4334
SPADES TEN CLUBS QUEEN,0.5718,0.0022,0.426
CLUBS SIX CLUBS KING,0.5696,0.0032,0.4272
CLUBS SIX CLUBS ACE,0.2234,0.3608,0.4158
HEARTS FIVE HEARTS KING,0.5778,0.0064,0.4158
HEARTS FIVE HEARTS QUEEN,0.5796,0.0068,0.4136
CLUBS TEN CLUBS SIX,0.5622,0.0042,0.4336
CLUBS JACK CLUBS SIX,0.5708,0.0058,0.4234
SPADES SEVEN HEARTS JACK,0.5934,0.004,0.4026
SPADES SEVEN HEARTS TEN,0.5892,0.0038,0.407
DIAMONDS TWO CLUBS TWO,0.4756,0.008,0.5164
DIAMONDS TWO CLUBS THREE,0.7604,0.0216,0.218
DIAMONDS TWO HEARTS SIX,0.6474,0.0086,0.344
DIAMONDS TWO HEARTS QUEEN,0.6578,0.0058,0.3364
HEARTS SEVEN DIAMONDS TWO,0.6608,0.0036,0.3356
DIAMONDS TWO HEARTS KING,0.657,0.0056,0.3374
DIAMONDS TWO HEARTS EIGHT,0.653,0.0058,0.3412
DIAMONDS TWO HEARTS NINE,0.6566,0.0052,0.3382
DIAMONDS TWO DIAMONDS QUEEN,0.612,0.0064,0.3816
DIAMONDS TWO HEARTS TWO,0.473,0.0062,0.5208
DIAMONDS TWO DIAMONDS KING,0.614,0.0072,0.3788
DIAMONDS TWO HEARTS THREE,0.7558,0.0176,0.2266
DIAMONDS TWO DIAMONDS ACE,0.243,0.5046,0.2524
HEARTS FOUR DIAMONDS TWO,0.6382,0.007,0.3548
HEARTS FIVE DIAMONDS TWO,0.6388,0.0078,0.3534
DIAMONDS TWO DIAMONDS TEN,0.6138,0.0052,0.381
SPADES SEVEN HEARTS KING,0.5924,0.0038,0.4038
DIAMONDS TWO DIAMONDS JACK,0.5966,0.009,0.3944
SPADES SEVEN HEARTS QUEEN,0.6068,0.0056,0.3876
DIAMONDS TWO SPADES NINE,0.6596,0.0034,0.337
DIAMONDS TWO SPADES EIGHT,0.6598,0.0068,0.3334
DIAMONDS TWO SPADES SEVEN,0.6454,0.0044,0.3502
DIAMONDS TWO SPADES SIX,0.6464,0.0054,0.3482
DIAMONDS TWO SPADES FIVE,0.6316,0.0068,0.3616
DIAMONDS TWO SPADES FOUR,0.6386,0.006,0.3554
DIAMONDS TWO SPADES THREE,0.7432,0.0212,0.2356
DIAMONDS TWO SPADES TWO,0.4662,0.0062,0.5276
DIAMONDS TWO CLUBS NINE,0.6502,0.0054,0.3444
CLUBS EIGHT DIAMONDS TWO,0.642,0.0058,0.3522
DIAMONDS TWO CLUBS SEVEN,0.6576,0.0038,0.3386
DIAMONDS TWO CLUBS SIX,0.6468,0.006,0.3472
DIAMONDS TWO CLUBS FIVE,0.6284,0.0044,0.3672
DIAMONDS TWO CLUBS FOUR,0.645,0.0056,0.3494
CLUBS FOUR SPADES FIVE,0.5778,0.0056,0.4166
CLUBS FOUR SPADES FOUR,0.3654,0.0044,0.6302
CLUBS FOUR SPADES THREE,0.7282,0.0224,0.2494
CLUBS FOUR SPADES TWO,0.6378,0.0072,0.355
SPADES NINE CLUBS FOUR,0.6108,0.0038,0.3854
SPADES EIGHT CLUBS FOUR,0.6012,0.0036,0.3952
CLUBS FOUR SPADES SEVEN,0.6042,0.005,0.3908
CLUBS FOUR SPADES SIX,0.5938,0.0052,0.401
SPADES ACE DIAMONDS SIX,0.238,0.3816,0.3804
SPADES QUEEN DIAMONDS SIX,0.6036,0.0054,0.391
SPADES KING DIAMONDS SIX,0.6018,0.0048,0.3934
SPADES TEN DIAMONDS SIX,0.5932,0.005,0.4018
SPADES JACK DIAMONDS SIX,0.6002,0.0048,0.395
SPADES QUEEN SPADES TWO,0.5914,0.0052,0.4034
SPADES KING SPADES TWO,0.6036,0.0054,0.391
SPADES ACE SPADES TWO,0.2394,0.493,0.2676
CLUBS JACK DIAMONDS JACK,0.3178,0.0036,0.6786
CLUBS TEN DIAMONDS JACK,0.5412,0.005,0.4538
DIAMONDS JACK CLUBS KING,0.5716,0.0044,0.424
DIAMONDS JACK CLUBS QUEEN,0.5574,0.0028,0.4398
DIAMONDS JACK CLUBS ACE,0.2398,0.0934,0.6668
SPADES TEN SPADES NINE,0.522,0.0052,0.4728
SPADES JACK SPADES NINE,0.5174,0.0058,0.4768
DIAMONDS FOUR HEARTS JACK,0.6168,0.0076,0.3756
SPADES TEN SPADES TWO,0.6088,0.0054,0.3858
DIAMONDS FOUR HEARTS TEN,0.618,0.0056,0.3764
SPADES JACK SPADES TWO,0.6026,0.0058,0.3916
DIAMONDS FOUR HEARTS QUEEN,0.6082,0.0064,0.3854
DIAMONDS FOUR HEARTS KING,0.6182,0.0052,0.3766
SPADES ACE SPADES NINE,0.2282,0.1654,0.6064
SPADES KING SPADES NINE,0.541,0.006,0.453
SPADES QUEEN SPADES NINE,0.5472,0.0054,0.4474
CLUBS SIX CLUBS FIVE,0.5414,0.004,0.4546
DIAMONDS FOUR CLUBS ACE,0.2182,0.5264,0.2554
CLUBS SEVEN CLUBS FIVE,0.5362,0.0054,0.4584
DIAMONDS FOUR CLUBS QUEEN,0.6196,0.0054,0.375
DIAMONDS FOUR CLUBS KING,0.6216,0.0056,0.3728
CLUBS TEN DIAMONDS FOUR,0.5994,0.0044,0.3962
CLUBS JACK DIAMONDS FOUR,0.6128,0.005,0.3822
SPADES SEVEN CLUBS ACE,0.2476,0.2968,0.4556
SPADES SEVEN CLUBS QUEEN,0.5878,0.0062,0.406
SPADES SEVEN CLUBS KING,0.594,0.0036,0.4024
SPADES SEVEN CLUBS FIVE,0.5926,0.0032,0.4042
CLUBS TEN SPADES SEVEN,0.5614,0.003,0.4356
CLUBS FIVE SPADES SIX,0.5652,0.0062,0.4286
CLUBS JACK SPADES SEVEN,0.5858,0.0042,0.41
SPADES NINE CLUBS FIVE,0.6034,0.004,0.3926
SPADES EIGHT CLUBS FIVE,0.5962,0.0052,0.3986
CLUBS FIVE SPADES THREE,0.7222,0.017,0.2608
CLUBS FIVE SPADES TWO,0.627,0.0058,0.3672
CLUBS FIVE SPADES FIVE,0.359,0.0056,0.6354
CLUBS FIVE SPADES FOUR,0.5926,0.0034,0.404
CLUBS NINE CLUBS FIVE,0.5598,0.0032,0.437
CLUBS EIGHT CLUBS FIVE,0.5474,0.0062,0.4464
CLUBS ACE CLUBS QUEEN,0.2484,0.055,0.6966
CLUBS KING CLUBS QUEEN,0.5382,0.0054,0.4564
DIAMONDS FOUR DIAMONDS TEN,0.5716,0.0062,0.4222
CLUBS TEN DIAMONDS NINE,0.5514,0.0044,0.4442
DIAMONDS FOUR DIAMONDS JACK,0.597,0.0038,0.3992
CLUBS JACK DIAMONDS NINE,0.5636,0.0046,0.4318
CLUBS JACK SPADES NINE,0.5708,0.0036,0.4256
CLUBS TEN SPADES NINE,0.5598,0.0028,0.4374
DIAMONDS FOUR DIAMONDS ACE,0.2104,0.5026,0.287
HEARTS FOUR DIAMONDS FOUR,0.3636,0.0064,0.63
DIAMONDS JACK HEARTS TEN,0.5458,0.0048,0.4494
SPADES NINE CLUBS KING,0.5988,0.0044,0.3968
DIAMONDS TWO SPADES TEN,0.6392,0.005,0.3558
DIAMONDS NINE CLUBS ACE,0.2402,0.1816,0.5782
HEARTS FIVE DIAMONDS FOUR,0.5842,0.007,0.4088
DIAMONDS JACK HEARTS JACK,0.3084,0.0052,0.6864
SPADES NINE CLUBS QUEEN,0.5706,0.0042,0.4252
DIAMONDS TWO SPADES JACK,0.64,0.0054,0.3546
DIAMONDS FOUR DIAMONDS QUEEN,0.5862,0.004,0.4098
DIAMONDS FOUR HEARTS TWO,0.6546,0.0064,0.339
DIAMONDS NINE CLUBS QUEEN,0.5796,0.0024,0.418
DIAMONDS FOUR DIAMONDS KING,0.588,0.0048,0.4072
DIAMONDS FOUR HEARTS THREE,0.7226,0.0194,0.258
SPADES NINE CLUBS ACE,0.2494,0.1698,0.5808
DIAMONDS NINE CLUBS KING,0.5758,0.006,0.4182
SPADES ACE DIAMONDS TWO,0.2656,0.525,0.2094
HEARTS QUEEN DIAMONDS JACK,0.5562,0.0054,0.4384
SPADES QUEEN DIAMONDS TWO,0.6486,0.0048,0.3466
HEARTS KING DIAMONDS JACK,0.584,0.0058,0.4102
SPADES KING DIAMONDS TWO,0.662,0.005,0.333
SPADES JACK SPADES SEVEN,0.5454,0.005,0.4496
SPADES TEN SPADES SEVEN,0.5414,0.0052,0.4534
CLUBS SEVEN CLUBS THREE,0.6812,0.0152,0.3036
CLUBS SIX CLUBS THREE,0.705,0.0174,0.2776
CLUBS FIVE CLUBS THREE,0.663,0.017,0.32
CLUBS FOUR CLUBS THREE,0.6852,0.0178,0.297
CLUBS NINE CLUBS THREE,0.6986,0.0176,0.2838
CLUBS EIGHT CLUBS THREE,0.702,0.0158,0.2822
SPADES FIVE CLUBS THREE,0.727,0.0162,0.2568
CLUBS THREE SPADES FOUR,0.728,0.0168,0.2552
CLUBS THREE SPADES THREE,0.3392,0.0202,0.6406
CLUBS THREE SPADES TWO,0.7436,0.024,0.2324
SPADES SIX CLUBS THREE,0.7362,0.016,0.2478
SPADES SEVEN CLUBS THREE,0.7348,0.0132,0.252
SPADES EIGHT CLUBS THREE,0.7424,0.018,0.2396
SPADES NINE CLUBS THREE,0.7466,0.0196,0.2338
DIAMONDS FOUR SPADES TWO,0.6424,0.008,0.3496
DIAMONDS FOUR SPADES THREE,0.7174,0.0176,0.265
DIAMONDS FOUR SPADES FOUR,0.3622,0.0058,0.632
DIAMONDS FOUR SPADES FIVE,0.572,0.0062,0.4218
DIAMONDS FOUR SPADES SIX,0.5782,0.0046,0.4172
DIAMONDS FOUR SPADES SEVEN,0.5976,0.0042,0.3982
DIAMONDS FOUR SPADES EIGHT,0.6034,0.0036,0.393
DIAMONDS FOUR SPADES NINE,0.6186,0.0068,0.3746
DIAMONDS FOUR CLUBS FIVE,0.5764,0.0058,0.4178
DIAMONDS FOUR CLUBS FOUR,0.359,0.0072,0.6338
DIAMONDS FOUR CLUBS SEVEN,0.5926,0.0054,0.402
DIAMONDS FOUR CLUBS SIX,0.6036,0.0044,0.392
CLUBS NINE DIAMONDS FOUR,0.6238,0.0038,0.3724
CLUBS EIGHT DIAMONDS FOUR,0.6194,0.0064,0.3742
HEARTS SEVEN DIAMONDS FOUR,0.5992,0.0056,0.3952
HEARTS SIX DIAMONDS FOUR,0.5968,0.0074,0.3958
DIAMONDS FOUR HEARTS NINE,0.6214,0.0064,0.3722
DIAMONDS FOUR HEARTS EIGHT,0.6048,0.006,0.3892
DIAMONDS FOUR CLUBS THREE,0.7238,0.0218,0.2544
DIAMONDS FOUR CLUBS TWO,0.6288,0.0064,0.3648
DIAMONDS TEN DIAMONDS FIVE,0.5776,0.0062,0.4162
DIAMONDS JACK DIAMONDS FIVE,0.5818,0.007,0.4112
DIAMONDS NINE HEARTS QUEEN,0.5808,0.0064,0.4128
DIAMONDS NINE HEARTS KING,0.5948,0.003,0.4022
DIAMONDS NINE HEARTS TEN,0.5384,0.0054,0.4562
DIAMONDS NINE HEARTS JACK,0.5746,0.0044,0.421
DIAMONDS SIX CLUBS KING,0.599,0.0056,0.3954
DIAMONDS SIX CLUBS QUEEN,0.6104,0.0048,0.3848
DIAMONDS SIX CLUBS ACE,0.2306,0.3792,0.3902
SPADES KING DIAMONDS FOUR,0.6134,0.007,0.3796
SPADES ACE SPADES SEVEN,0.2288,0.2752,0.496
SPADES QUEEN DIAMONDS FOUR,0.6164,0.0052,0.3784
SPADES QUEEN SPADES SEVEN,0.5564,0.0054,0.4382
CLUBS JACK DIAMONDS SIX,0.6074,0.0058,0.3868
SPADES KING SPADES SEVEN,0.5548,0.0036,0.4416
SPADES ACE DIAMONDS FOUR,0.2054,0.5338,0.2608
CLUBS TEN DIAMONDS SIX,0.592,0.004,0.404
CLUBS NINE CLUBS FOUR,0.5738,0.0048,0.4214
CLUBS EIGHT CLUBS FOUR,0.5688,0.0052,0.426
SPADES JACK DIAMONDS FOUR,0.6182,0.006,0.3758
DIAMONDS FOUR SPADES TEN,0.5974,0.006,0.3966
CLUBS FOUR CLUBS FIVE,0.5556,0.0054,0.439
CLUBS SEVEN CLUBS FOUR,0.5732,0.0034,0.4234
CLUBS SIX CLUBS FOUR,0.5544,0.0044,0.4412
CLUBS SEVEN SPADES EIGHT,0.5646,0.0044,0.431
SPADES NINE CLUBS SEVEN,0.5716,0.0038,0.4246
CLUBS SEVEN SPADES SIX,0.5536,0.0038,0.4426
CLUBS SEVEN SPADES SEVEN,0.3504,0.004,0.6456
CLUBS SEVEN SPADES FIVE,0.587,0.0044,0.4086
CLUBS SEVEN SPADES FOUR,0.6074,0.0042,0.3884
CLUBS SEVEN SPADES THREE,0.7324,0.013,0.2546
CLUBS SEVEN SPADES TWO,0.6576,0.005,0.3374
CLUBS NINE CLUBS SEVEN,0.539,0.0046,0.4564
CLUBS EIGHT CLUBS SEVEN,0.5148,0.0046,0.4806
HEARTS SIX DIAMONDS FIVE,0.5858,0.0066,0.4076
HEARTS SEVEN DIAMONDS FIVE,0.5926,0.0048,0.4026
DIAMONDS FIVE HEARTS EIGHT,0.5892,0.006,0.4048
DIAMONDS FIVE HEARTS NINE,0.5996,0.006,0.3944
DIAMONDS QUEEN DIAMONDS FIVE,0.5838,0.0052,0.411
HEARTS TWO DIAMONDS FIVE,0.6474,0.0036,0.349
HEARTS KING HEARTS EIGHT,0.572,0.0056,0.4224
DIAMONDS KING DIAMONDS FIVE,0.5824,0.0046,0.413
HEARTS THREE DIAMONDS FIVE,0.7282,0.0164,0.2554
HEARTS QUEEN HEARTS EIGHT,0.5562,0.0062,0.4376
DIAMONDS ACE DIAMONDS FIVE,0.2022,0.4322,0.3656
HEARTS FOUR DIAMONDS FIVE,0.5792,0.0046,0.4162
HEARTS FIVE DIAMONDS FIVE,0.3534,0.0068,0.6398
CLUBS FOUR DIAMONDS FIVE,0.5776,0.004,0.4184
CLUBS FIVE DIAMONDS FIVE,0.3586,0.0048,0.6366
CLUBS SIX DIAMONDS FIVE,0.578,0.0032,0.4188
CLUBS SEVEN DIAMONDS FIVE,0.5858,0.0036,0.4106
CLUBS TWO DIAMONDS FIVE,0.6296,0.004,0.3664
CLUBS THREE DIAMONDS FIVE,0.7072,0.0198,0.273
SPADES THREE DIAMONDS FIVE,0.7234,0.0182,0.2584
SPADES TWO DIAMONDS FIVE,0.6308,0.0066,0.3626
SPADES JACK DIAMONDS EIGHT,0.5768,0.0048,0.4184
SPADES FIVE DIAMONDS FIVE,0.3572,0.0064,0.6364
CLUBS TEN HEARTS JACK,0.5482,0.006,0.4458
SPADES TEN DIAMONDS EIGHT,0.5656,0.0046,0.4298
SPADES FOUR DIAMONDS FIVE,0.589,0.0058,0.4052
CLUBS JACK HEARTS JACK,0.3046,0.0034,0.692
HEARTS JACK CLUBS QUEEN,0.5672,0.0046,0.4282
CLUBS NINE DIAMONDS FIVE,0.6062,0.0038,0.39
CLUBS EIGHT DIAMONDS FIVE,0.587,0.0054,0.4076
HEARTS JACK CLUBS KING,0.5746,0.0074,0.418
CLUBS ACE HEARTS JACK,0.2412,0.093,0.6658
SPADES SEVEN DIAMONDS FIVE,0.5898,0.0036,0.4066
SPADES KING DIAMONDS EIGHT,0.5958,0.0026,0.4016
SPADES QUEEN DIAMONDS EIGHT,0.5712,0.006,0.4228
SPADES SIX DIAMONDS FIVE,0.5628,0.0044,0.4328
SPADES NINE DIAMONDS FIVE,0.6096,0.0058,0.3846
SPADES EIGHT DIAMONDS FIVE,0.5634,0.007,0.4296
SPADES ACE DIAMONDS EIGHT,0.2294,0.2334,0.5372
DIAMONDS TEN DIAMONDS SIX,0.5488,0.0048,0.4464
DIAMONDS JACK DIAMONDS SIX,0.551,0.006,0.443
HEARTS QUEEN DIAMONDS SEVEN,0.6072,0.0038,0.389
HEARTS KING DIAMONDS SEVEN,0.603,0.0042,0.3928
DIAMONDS ACE DIAMONDS SIX,0.2296,0.3578,0.4126
HEARTS FOUR DIAMONDS SIX,0.592,0.005,0.403
SPADES TWO HEARTS JACK,0.6526,0.0052,0.3422
HEARTS FIVE DIAMONDS SIX,0.593,0.0056,0.4014
SPADES TWO HEARTS TEN,0.6422,0.005,0.3528
DIAMONDS QUEEN DIAMONDS SIX,0.5694,0.0064,0.4242
HEARTS TWO DIAMONDS SIX,0.6522,0.0054,0.3424
DIAMONDS KING DIAMONDS SIX,0.5718,0.0062,0.422
HEARTS THREE DIAMONDS SIX,0.7478,0.015,0.2372
DIAMONDS SIX HEARTS EIGHT,0.5712,0.005,0.4238
DIAMONDS SIX HEARTS NINE,0.594,0.0034,0.4026
HEARTS SIX DIAMONDS SIX,0.3734,0.0072,0.6194
HEARTS SEVEN DIAMONDS SIX,0.567,0.0058,0.4272
HEARTS TEN DIAMONDS SEVEN,0.5712,0.0054,0.4234
CLUBS TWO DIAMONDS SIX,0.6456,0.004,0.3504
HEARTS JACK DIAMONDS SEVEN,0.589,0.0038,0.4072
CLUBS THREE DIAMONDS SIX,0.7454,0.017,0.2376
CLUBS SEVEN DIAMONDS SIX,0.5578,0.0028,0.4394
CLUBS JACK DIAMONDS EIGHT,0.5626,0.0054,0.432
CLUBS SIX DIAMONDS SIX,0.3704,0.0034,0.6262
CLUBS TEN DIAMONDS EIGHT,0.5618,0.0048,0.4334
CLUBS FIVE DIAMONDS SIX,0.5728,0.0044,0.4228
CLUBS FOUR DIAMONDS SIX,0.5946,0.0074,0.398
CLUBS ACE DIAMONDS EIGHT,0.2432,0.2396,0.5172
HEARTS QUEEN HEARTS JACK,0.533,0.0044,0.4626
CLUBS KING DIAMONDS EIGHT,0.595,0.0054,0.3996
CLUBS NINE DIAMONDS SIX,0.5768,0.0054,0.4178
HEARTS KING HEARTS JACK,0.5554,0.0058,0.4388
CLUBS EIGHT DIAMONDS SIX,0.5644,0.005,0.4306
DIAMONDS EIGHT CLUBS QUEEN,0.5816,0.0028,0.4156
SPADES TEN HEARTS KING,0.5734,0.0042,0.4224
SPADES FIVE DIAMONDS SIX,0.5884,0.0046,0.407
SPADES JACK HEARTS KING,0.5726,0.0058,0.4216
SPADES FOUR DIAMONDS SIX,0.5986,0.0076,0.3938
SPADES THREE DIAMONDS SIX,0.7328,0.0166,0.2506
HEARTS QUEEN SPADES TWO,0.6414,0.0058,0.3528
SPADES ACE SPADES KING,0.2422,0.0458,0.712
HEARTS KING SPADES TWO,0.6558,0.0074,0.3368
SPADES TWO DIAMONDS SIX,0.6436,0.0052,0.3512
HEARTS TEN HEARTS EIGHT,0.5336,0.0044,0.462
SPADES NINE DIAMONDS SIX,0.5848,0.004,0.4112
HEARTS JACK HEARTS EIGHT,0.5526,0.0062,0.4412
SPADES EIGHT DIAMONDS SIX,0.5848,0.0044,0.4108
SPADES SEVEN DIAMONDS SIX,0.5678,0.0032,0.429
SPADES SIX DIAMONDS SIX,0.3708,0.0036,0.6256
SPADES KING HEARTS KING,0.2956,0.0058,0.6986
SPADES QUEEN HEARTS KING,0.5762,0.004,0.4198
CLUBS ACE CLUBS KING,0.2594,0.045,0.6956
SPADES ACE HEARTS KING,0.253,0.05,0.697
SPADES ACE HEARTS JACK,0.2554,0.0868,0.6578
SPADES QUEEN HEARTS JACK,0.5856,0.004,0.4104
SPADES KING HEARTS JACK,0.5822,0.006,0.4118
SPADES TEN DIAMONDS TEN,0.3204,0.0048,0.6748
SPADES JACK DIAMONDS TEN,0.5484,0.0042,0.4474
SPADES ACE DIAMONDS TEN,0.2486,0.117,0.6344
SPADES JACK HEARTS JACK,0.3168,0.0032,0.68
SPADES TEN HEARTS JACK,0.549,0.005,0.446
SPADES QUEEN DIAMONDS TEN,0.5638,0.0034,0.4328
SPADES KING DIAMONDS TEN,0.577,0.0036,0.4194
SPADES NINE DIAMONDS SEVEN,0.575,0.0048,0.4202
SPADES EIGHT DIAMONDS SEVEN,0.555,0.005,0.44
SPADES SEVEN DIAMONDS SEVEN,0.3542,0.004,0.6418
SPADES SIX DIAMONDS SEVEN,0.5766,0.0048,0.4186
DIAMONDS KING DIAMONDS SEVEN,0.5704,0.006,0.4236
HEARTS THREE DIAMONDS SEVEN,0.7286,0.0176,0.2538
HEARTS KING DIAMONDS FIVE,0.6116,0.0048,0.3836
DIAMONDS QUEEN DIAMONDS SEVEN,0.5614,0.004,0.4346
HEARTS TWO DIAMONDS SEVEN,0.6544,0.0062,0.3394
HEARTS QUEEN DIAMONDS FIVE,0.6176,0.0058,0.3766
HEARTS FIVE DIAMONDS SEVEN,0.5778,0.0054,0.4168
DIAMONDS ACE DIAMONDS SEVEN,0.2378,0.2834,0.4788
HEARTS FOUR DIAMONDS SEVEN,0.6032,0.0042,0.3926
HEARTS SEVEN DIAMONDS SEVEN,0.3618,0.0052,0.633
HEARTS SIX DIAMONDS SEVEN,0.5694,0.0056,0.425
HEARTS NINE DIAMONDS SEVEN,0.5708,0.004,0.4252
HEARTS EIGHT DIAMONDS SEVEN,0.5626,0.0034,0.434
DIAMONDS JACK DIAMONDS SEVEN,0.5774,0.0046,0.418
HEARTS JACK DIAMONDS FIVE,0.617,0.005,0.378
DIAMONDS TEN DIAMONDS SEVEN,0.5464,0.0042,0.4494
HEARTS TEN DIAMONDS FIVE,0.6212,0.0054,0.3734
CLUBS EIGHT DIAMONDS SEVEN,0.561,0.0044,0.4346
SPADES KING CLUBS TWO,0.6508,0.0044,0.3448
HEARTS KING CLUBS KING,0.2914,0.005,0.7036
SPADES QUEEN CLUBS TWO,0.6436,0.0056,0.3508
HEARTS KING CLUBS QUEEN,0.5864,0.004,0.4096
CLUBS NINE DIAMONDS SEVEN,0.5716,0.004,0.4244
CLUBS JACK SPADES TWO,0.6324,0.0046,0.363
CLUBS SIX CLUBS SEVEN,0.5268,0.0038,0.4694
SPADES ACE CLUBS TWO,0.269,0.5128,0.2182
CLUBS TEN SPADES TWO,0.6404,0.004,0.3556
HEARTS KING CLUBS ACE,0.2542,0.0468,0.699
SPADES TWO CLUBS KING,0.65,0.0062,0.3438
SPADES TWO DIAMONDS SEVEN,0.6474,0.0062,0.3464
CLUBS EIGHT CLUBS SIX,0.544,0.0048,0.4512
SPADES THREE DIAMONDS SEVEN,0.7338,0.0144,0.2518
SPADES TWO CLUBS QUEEN,0.6422,0.004,0.3538
CLUBS NINE CLUBS SIX,0.5472,0.0038,0.449
SPADES FOUR DIAMONDS SEVEN,0.6036,0.0056,0.3908
CLUBS JACK HEARTS KING,0.5838,0.0038,0.4124
SPADES FIVE DIAMONDS SEVEN,0.574,0.0032,0.4228
SPADES TWO CLUBS ACE,0.2714,0.5048,0.2238
CLUBS TEN HEARTS KING,0.5738,0.0042,0.422
CLUBS SIX SPADES TWO,0.6336,0.0054,0.361
CLUBS SIX SPADES THREE,0.739,0.014,0.247
CLUBS TWO DIAMONDS SEVEN,0.6438,0.0058,0.3504
CLUBS SIX SPADES FOUR,0.59,0.0044,0.4056
CLUBS THREE DIAMONDS SEVEN,0.7342,0.015,0.2508
CLUBS SIX SPADES FIVE,0.5912,0.0044,0.4044
CLUBS FOUR DIAMONDS SEVEN,0.5912,0.0038,0.405
CLUBS SIX SPADES SIX,0.3652,0.003,0.6318
CLUBS FIVE DIAMONDS SEVEN,0.5838,0.0048,0.4114
CLUBS SIX SPADES SEVEN,0.5618,0.005,0.4332
CLUBS SIX DIAMONDS SEVEN,0.5618,0.0052,0.433
CLUBS SIX SPADES EIGHT,0.5702,0.0042,0.4256
SPADES JACK CLUBS TWO,0.6492,0.0058,0.345
CLUBS SEVEN DIAMONDS SEVEN,0.353,0.0036,0.6434
CLUBS SIX SPADES NINE,0.5898,0.0036,0.4066
SPADES TEN CLUBS TWO,0.635,0.0058,0.3592
CLUBS TWO CLUBS QUEEN,0.6016,0.005,0.3934
CLUBS TWO CLUBS KING,0.611,0.0042,0.3848
CLUBS THREE DIAMONDS EIGHT,0.7442,0.015,0.2408
CLUBS TWO CLUBS ACE,0.247,0.4976,0.2554
CLUBS TWO DIAMONDS EIGHT,0.6514,0.0036,0.345
HEARTS SEVEN DIAMONDS EIGHT,0.5552,0.0046,0.4402
HEARTS SIX DIAMONDS EIGHT,0.5748,0.0044,0.4208
DIAMONDS EIGHT HEARTS NINE,0.5638,0.0042,0.432
CLUBS TEN CLUBS TWO,0.5902,0.0058,0.404
HEARTS EIGHT DIAMONDS EIGHT,0.3438,0.0044,0.6518
CLUBS JACK CLUBS TWO,0.5908,0.005,0.4042
CLUBS NINE DIAMONDS EIGHT,0.543,0.005,0.452
CLUBS EIGHT DIAMONDS EIGHT,0.342,0.005,0.653
CLUBS FIVE DIAMONDS EIGHT,0.578,0.0046,0.4174
SPADES ACE SPADES THREE,0.02,0.9158,0.0642
CLUBS FOUR DIAMONDS EIGHT,0.6124,0.004,0.3836
CLUBS SEVEN DIAMONDS EIGHT,0.5474,0.0036,0.449
SPADES QUEEN SPADES THREE,0.7046,0.017,0.2784
CLUBS SIX DIAMONDS EIGHT,0.574,0.0038,0.4222
SPADES KING SPADES THREE,0.7004,0.0224,0.2772
DIAMONDS QUEEN DIAMONDS EIGHT,0.5526,0.0066,0.4408
HEARTS TWO DIAMONDS EIGHT,0.655,0.0072,0.3378
DIAMONDS KING DIAMONDS EIGHT,0.5592,0.006,0.4348
HEARTS THREE DIAMONDS EIGHT,0.754,0.0164,0.2296
DIAMONDS ACE DIAMONDS EIGHT,0.2352,0.2232,0.5416
HEARTS FOUR DIAMONDS EIGHT,0.6048,0.0076,0.3876
HEARTS FIVE DIAMONDS EIGHT,0.5858,0.0064,0.4078
DIAMONDS TEN DIAMONDS EIGHT,0.5356,0.0028,0.4616
DIAMONDS JACK DIAMONDS EIGHT,0.544,0.0044,0.4516
SPADES JACK SPADES THREE,0.7008,0.0188,0.2804
SPADES TEN SPADES THREE,0.6906,0.0232,0.2862
CLUBS FOUR HEARTS QUEEN,0.624,0.0048,0.3712
CLUBS FOUR HEARTS KING,0.6252,0.0044,0.3704
CLUBS SIX HEARTS TEN,0.5962,0.0046,0.3992
CLUBS SIX HEARTS JACK,0.6164,0.0058,0.3778
SPADES FOUR DIAMONDS EIGHT,0.6052,0.004,0.3908
SPADES FIVE DIAMONDS EIGHT,0.5934,0.0044,0.4022
SPADES TWO DIAMONDS EIGHT,0.6364,0.004,0.3596
SPADES THREE DIAMONDS EIGHT,0.7312,0.0188,0.25
CLUBS FOUR HEARTS JACK,0.6252,0.003,0.3718
SPADES EIGHT DIAMONDS EIGHT,0.3448,0.0058,0.6494
SPADES TEN DIAMONDS QUEEN,0.5566,0.0038,0.4396
SPADES TEN HEARTS TWO,0.6434,0.0052,0.3514
SPADES JACK HEARTS EIGHT,0.5792,0.0032,0.4176
CLUBS FOUR HEARTS TEN,0.623,0.0044,0.3726
SPADES NINE DIAMONDS EIGHT,0.5646,0.0032,0.4322
SPADES TEN HEARTS EIGHT,0.575,0.004,0.421
SPADES JACK HEARTS TWO,0.6502,0.0064,0.3434
SPADES JACK DIAMONDS QUEEN,0.557,0.0048,0.4382
SPADES SIX DIAMONDS EIGHT,0.5688,0.0028,0.4284
SPADES SEVEN DIAMONDS EIGHT,0.5452,0.0034,0.4514
SPADES ACE HEARTS TWO,0.2662,0.5248,0.209
SPADES ACE DIAMONDS QUEEN,0.245,0.0648,0.6902
SPADES ACE HEARTS EIGHT,0.2414,0.2268,0.5318
SPADES KING HEARTS EIGHT,0.5978,0.0024,0.3998
SPADES QUEEN HEARTS TWO,0.6618,0.0054,0.3328
SPADES QUEEN DIAMONDS QUEEN,0.2886,0.0048,0.7066
SPADES KING DIAMONDS QUEEN,0.5628,0.0036,0.4336
SPADES KING HEARTS TWO,0.6438,0.0048,0.3514
SPADES QUEEN HEARTS EIGHT,0.6012,0.0038,0.395
CLUBS TWO HEARTS TEN,0.6576,0.0068,0.3356
CLUBS TWO HEARTS JACK,0.642,0.0056,0.3524
SPADES SEVEN DIAMONDS NINE,0.5794,0.0034,0.4172
SPADES SIX DIAMONDS NINE,0.5938,0.0054,0.4008
SPADES NINE DIAMONDS NINE,0.338,0.005,0.657
SPADES EIGHT DIAMONDS NINE,0.546,0.0044,0.4496
SPADES TEN CLUBS KING,0.5816,0.006,0.4124
DIAMONDS NINE SPADES THREE,0.7522,0.0196,0.2282
SPADES JACK CLUBS KING,0.57,0.0036,0.4264
DIAMONDS NINE SPADES TWO,0.6482,0.0052,0.3466
SPADES FIVE DIAMONDS NINE,0.604,0.0054,0.3906
DIAMONDS NINE SPADES FOUR,0.6156,0.0042,0.3802
CLUBS NINE DIAMONDS NINE,0.3292,0.0026,0.6682
CLUBS EIGHT DIAMONDS NINE,0.5666,0.004,0.4294
CLUBS SIX DIAMONDS NINE,0.574,0.0034,0.4226
SPADES JACK CLUBS FOUR,0.6218,0.0054,0.3728
CLUBS SEVEN DIAMONDS NINE,0.5648,0.0056,0.4296
SPADES TEN CLUBS FOUR,0.598,0.005,0.397
CLUBS FOUR DIAMONDS NINE,0.6236,0.006,0.3704
CLUBS FIVE DIAMONDS NINE,0.6076,0.005,0.3874
CLUBS TWO DIAMONDS NINE,0.6388,0.0058,0.3554
CLUBS THREE DIAMONDS NINE,0.733,0.0222,0.2448
DIAMONDS NINE HEARTS EIGHT,0.5686,0.004,0.4274
DIAMONDS NINE HEARTS NINE,0.3434,0.0058,0.6508
HEARTS SIX DIAMONDS NINE,0.5852,0.0056,0.4092
HEARTS SEVEN DIAMONDS NINE,0.5688,0.0032,0.428
CLUBS EIGHT CLUBS NINE,0.5198,0.0034,0.4768
DIAMONDS ACE DIAMONDS NINE,0.2392,0.172,0.5888
HEARTS FOUR DIAMONDS NINE,0.6244,0.005,0.3706
HEARTS FIVE DIAMONDS NINE,0.6036,0.0052,0.3912
SPADES ACE CLUBS FOUR,0.2226,0.5116,0.2658
DIAMONDS NINE DIAMONDS QUEEN,0.5408,0.0056,0.4536
HEARTS TWO DIAMONDS NINE,0.6484,0.0054,0.3462
CLUBS TWO HEARTS KING,0.6522,0.0072,0.3406
SPADES KING CLUBS FOUR,0.6186,0.0072,0.3742
DIAMONDS KING DIAMONDS NINE,0.5646,0.0052,0.4302
HEARTS THREE DIAMONDS NINE,0.7386,0.0228,0.2386
CLUBS TWO HEARTS QUEEN,0.6458,0.0042,0.35
SPADES QUEEN CLUBS FOUR,0.6192,0.0048,0.376
DIAMONDS NINE DIAMONDS JACK,0.5258,0.0046,0.4696
CLUBS EIGHT SPADES NINE,0.5614,0.0038,0.4348
DIAMONDS TEN DIAMONDS NINE,0.5246,0.0046,0.4708
CLUBS EIGHT SPADES EIGHT,0.3444,0.0034,0.6522
CLUBS EIGHT SPADES SEVEN,0.5548,0.0018,0.4434
CLUBS EIGHT SPADES SIX,0.5788,0.0026,0.4186
CLUBS EIGHT SPADES FIVE,0.5958,0.0044,0.3998
CLUBS EIGHT SPADES FOUR,0.6054,0.0038,0.3908
CLUBS EIGHT SPADES THREE,0.743,0.0144,0.2426
CLUBS EIGHT SPADES TWO,0.6474,0.004,0.3486
HEARTS SIX DIAMONDS TEN,0.5952,0.0034,0.4014
HEARTS SEVEN DIAMONDS TEN,0.5758,0.006,0.4182
DIAMONDS TEN HEARTS EIGHT,0.5562,0.0054,0.4384
CLUBS JACK CLUBS FOUR,0.5752,0.0058,0.419
DIAMONDS TEN HEARTS NINE,0.5534,0.0076,0.439
CLUBS TEN CLUBS FOUR,0.5744,0.0054,0.4202
CLUBS FOUR CLUBS KING,0.5776,0.0056,0.4168
CLUBS FOUR CLUBS QUEEN,0.5662,0.0048,0.429
CLUBS TWO DIAMONDS TEN,0.6314,0.0056,0.363
DIAMONDS TEN CLUBS THREE,0.7368,0.0192,0.244
CLUBS FOUR CLUBS ACE,0.208,0.4834,0.3086
DIAMONDS TEN DIAMONDS JACK,0.5184,0.0034,0.4782
DIAMONDS TEN DIAMONDS QUEEN,0.5224,0.0064,0.4712
HEARTS TWO DIAMONDS TEN,0.6454,0.0066,0.348
DIAMONDS KING DIAMONDS TEN,0.5344,0.0048,0.4608
HEARTS THREE DIAMONDS TEN,0.754,0.0236,0.2224
DIAMONDS ACE DIAMONDS TEN,0.2398,0.1154,0.6448
HEARTS FOUR DIAMONDS TEN,0.608,0.0036,0.3884
CLUBS EIGHT HEARTS JACK,0.5774,0.0058,0.4168
HEARTS FIVE DIAMONDS TEN,0.6154,0.0048,0.3798
CLUBS EIGHT HEARTS TEN,0.571,0.0042,0.4248
CLUBS EIGHT HEARTS QUEEN,0.5896,0.0038,0.4066
CLUBS EIGHT HEARTS KING,0.614,0.0042,0.3818
CLUBS NINE SPADES THREE,0.7296,0.0182,0.2522
CLUBS NINE SPADES TWO,0.6484,0.0034,0.3482
CLUBS NINE SPADES FIVE,0.597,0.0046,0.3984
CLUBS NINE SPADES FOUR,0.634,0.0042,0.3618
CLUBS NINE SPADES SEVEN,0.5712,0.004,0.4248
CLUBS NINE SPADES SIX,0.5904,0.0046,0.405
CLUBS NINE SPADES NINE,0.3438,0.0034,0.6528
CLUBS TEN HEARTS EIGHT,0.569,0.0056,0.4254
CLUBS NINE SPADES EIGHT,0.5644,0.0026,0.433
CLUBS JACK HEARTS EIGHT,0.59,0.0046,0.4054
HEARTS EIGHT CLUBS QUEEN,0.5812,0.004,0.4148
CLUBS KING HEARTS EIGHT,0.5984,0.0038,0.3978
CLUBS ACE HEARTS EIGHT,0.2398,0.2192,0.541
SPADES KING CLUBS KING,0.2886,0.0064,0.705
SPADES QUEEN CLUBS KING,0.5722,0.0044,0.4234
SPADES ACE CLUBS KING,0.2578,0.0506,0.6916
DIAMONDS ACE HEARTS TEN,0.2356,0.1188,0.6456
HEARTS FOUR HEARTS TEN,0.574,0.0046,0.4214
DIAMONDS ACE HEARTS JACK,0.2484,0.0894,0.6622
HEARTS FOUR HEARTS JACK,0.593,0.0038,0.4032
SPADES KING CLUBS FIVE,0.616,0.0058,0.3782
SPADES QUEEN CLUBS FIVE,0.6188,0.0052,0.376
SPADES ACE CLUBS FIVE,0.225,0.4514,0.3236
HEARTS SEVEN DIAMONDS JACK,0.587,0.0042,0.4088
HEARTS SIX DIAMONDS JACK,0.5994,0.0044,0.3962
DIAMONDS JACK HEARTS NINE,0.579,0.0056,0.4154
DIAMONDS JACK HEARTS EIGHT,0.5768,0.0058,0.4174
DIAMONDS KING DIAMONDS JACK,0.534,0.0072,0.4588
HEARTS THREE DIAMONDS JACK,0.752,0.0212,0.2268
SPADES ACE SPADES SIX,0.224,0.3564,0.4196
DIAMONDS QUEEN DIAMONDS JACK,0.5332,0.0044,0.4624
HEARTS TWO DIAMONDS JACK,0.6448,0.0058,0.3494
HEARTS FIVE DIAMONDS JACK,0.6038,0.0042,0.392
SPADES QUEEN SPADES SIX,0.567,0.0048,0.4282
SPADES FOUR HEARTS QUEEN,0.6258,0.0044,0.3698
DIAMONDS ACE DIAMONDS JACK,0.2208,0.0904,0.6888
HEARTS FOUR DIAMONDS JACK,0.6264,0.0066,0.367
SPADES KING SPADES SIX,0.5596,0.0042,0.4362
SPADES FOUR HEARTS KING,0.6244,0.0056,0.37
SPADES TEN SPADES SIX,0.5588,0.0042,0.437
SPADES JACK SPADES SIX,0.5746,0.0044,0.421
SPADES FOUR DIAMONDS JACK,0.6082,0.0058,0.386
SPADES FIVE DIAMONDS JACK,0.6146,0.0048,0.3806
DIAMONDS JACK SPADES TWO,0.6324,0.0068,0.3608
SPADES THREE DIAMONDS JACK,0.7276,0.0208,0.2516
CLUBS EIGHT DIAMONDS JACK,0.5834,0.0042,0.4124
CLUBS NINE DIAMONDS JACK,0.567,0.0046,0.4284
CLUBS SIX DIAMONDS JACK,0.6206,0.003,0.3764
CLUBS SEVEN DIAMONDS JACK,0.584,0.002,0.414
CLUBS FOUR DIAMONDS JACK,0.6174,0.0048,0.3778
CLUBS FIVE DIAMONDS JACK,0.607,0.005,0.388
CLUBS TWO DIAMONDS JACK,0.6346,0.0044,0.361
CLUBS THREE DIAMONDS JACK,0.741,0.0226,0.2364
SPADES TEN CLUBS FIVE,0.6174,0.0046,0.378
SPADES JACK HEARTS SIX,0.5956,0.0038,0.4006
HEARTS SIX SPADES TEN,0.5932,0.0048,0.402
SPADES JACK CLUBS FIVE,0.609,0.0038,0.3872
CLUBS SEVEN CLUBS ACE,0.2348,0.2744,0.4908
CLUBS SEVEN CLUBS QUEEN,0.5648,0.0052,0.43
CLUBS SEVEN CLUBS KING,0.5634,0.0038,0.4328
SPADES NINE DIAMONDS JACK,0.5676,0.0046,0.4278
CLUBS TEN CLUBS SEVEN,0.5576,0.0034,0.439
SPADES EIGHT DIAMONDS JACK,0.5688,0.0046,0.4266
SPADES ACE HEARTS SIX,0.2548,0.3736,0.3716
CLUBS JACK CLUBS SEVEN,0.543,0.0028,0.4542
DIAMONDS ACE HEARTS KING,0.2428,0.0512,0.706
HEARTS FOUR HEARTS KING,0.5926,0.0082,0.3992
SPADES SEVEN DIAMONDS JACK,0.5798,0.0052,0.415
SPADES KING HEARTS SIX,0.603,0.0034,0.3936
DIAMONDS ACE HEARTS QUEEN,0.2456,0.0676,0.6868
HEARTS FOUR HEARTS QUEEN,0.5974,0.0082,0.3944
SPADES QUEEN HEARTS SIX,0.61,0.003,0.387
SPADES SIX DIAMONDS JACK,0.601,0.005,0.394
DIAMONDS TEN SPADES TWO,0.634,0.0042,0.3618
DIAMONDS TEN SPADES THREE,0.7384,0.0162,0.2454
DIAMONDS TEN SPADES FOUR,0.6176,0.005,0.3774
DIAMONDS TEN SPADES FIVE,0.6134,0.0048,0.3818
SPADES SIX DIAMONDS TEN,0.5846,0.0036,0.4118
SPADES SEVEN DIAMONDS TEN,0.5778,0.0028,0.4194
SPADES EIGHT DIAMONDS TEN,0.5696,0.0046,0.4258
SPADES NINE DIAMONDS TEN,0.5542,0.0018,0.444
CLUBS FOUR DIAMONDS TEN,0.6098,0.0042,0.386
CLUBS FIVE DIAMONDS TEN,0.6102,0.0046,0.3852
CLUBS SIX DIAMONDS TEN,0.5966,0.0036,0.3998
CLUBS SEVEN DIAMONDS TEN,0.565,0.004,0.431
CLUBS EIGHT DIAMONDS TEN,0.5648,0.004,0.4312
CLUBS NINE DIAMONDS TEN,0.5592,0.0036,0.4372
SPADES FOUR HEARTS JACK,0.614,0.004,0.382
SPADES FOUR HEARTS TEN,0.613,0.0054,0.3816
SPADES FIVE SPADES TWO,0.601,0.0048,0.3942
SPADES FOUR SPADES TWO,0.6084,0.0044,0.3872
SPADES THREE SPADES TWO,0.6964,0.0208,0.2828
SPADES NINE SPADES TWO,0.596,0.0066,0.3974
SPADES EIGHT SPADES TWO,0.6082,0.0034,0.3884
SPADES SEVEN SPADES TWO,0.604,0.0048,0.3912
SPADES SIX SPADES TWO,0.5996,0.0062,0.3942
CLUBS THREE DIAMONDS QUEEN,0.7488,0.0216,0.2296
HEARTS TWO CLUBS THREE,0.7452,0.0196,0.2352
CLUBS TWO DIAMONDS QUEEN,0.6376,0.006,0.3564
HEARTS TWO CLUBS TWO,0.4772,0.0084,0.5144
HEARTS SEVEN DIAMONDS QUEEN,0.5986,0.0074,0.394
HEARTS SEVEN HEARTS TWO,0.6452,0.006,0.3488
HEARTS SIX DIAMONDS QUEEN,0.607,0.0064,0.3866
HEARTS SIX HEARTS TWO,0.629,0.0066,0.3644
DIAMONDS QUEEN HEARTS NINE,0.5804,0.0068,0.4128
HEARTS TWO HEARTS NINE,0.6136,0.0052,0.3812
DIAMONDS QUEEN HEARTS EIGHT,0.5854,0.0048,0.4098
HEARTS TWO HEARTS EIGHT,0.6256,0.006,0.3684
CLUBS NINE HEARTS TWO,0.6508,0.006,0.3432
CLUBS NINE DIAMONDS QUEEN,0.5856,0.0036,0.4108
CLUBS EIGHT DIAMONDS QUEEN,0.594,0.0036,0.4024
CLUBS EIGHT HEARTS TWO,0.6502,0.0064,0.3434
CLUBS FIVE DIAMONDS QUEEN,0.611,0.0032,0.3858
CLUBS FIVE HEARTS TWO,0.628,0.0042,0.3678
CLUBS FOUR DIAMONDS QUEEN,0.6082,0.0042,0.3876
CLUBS FOUR HEARTS TWO,0.6626,0.0054,0.332
CLUBS SEVEN DIAMONDS QUEEN,0.6008,0.0054,0.3938
CLUBS SEVEN HEARTS TWO,0.6662,0.0036,0.3302
SPADES EIGHT HEARTS QUEEN,0.5946,0.0036,0.4018
CLUBS SIX DIAMONDS QUEEN,0.601,0.0058,0.3932
CLUBS SIX HEARTS TWO,0.6486,0.0056,0.3458
SPADES EIGHT HEARTS KING,0.5936,0.0036,0.4028
HEARTS TWO SPADES SIX,0.655,0.006,0.339
SPADES SIX DIAMONDS QUEEN,0.6044,0.0052,0.3904
HEARTS FOUR CLUBS QUEEN,0.6162,0.005,0.3788
DIAMONDS ACE CLUBS QUEEN,0.2408,0.0672,0.692
SPADES SEVEN DIAMONDS QUEEN,0.5928,0.0066,0.4006
SPADES SEVEN HEARTS TWO,0.6498,0.0052,0.345
HEARTS FOUR CLUBS KING,0.6224,0.0068,0.3708
DIAMONDS ACE CLUBS KING,0.2616,0.052,0.6864
SPADES EIGHT DIAMONDS QUEEN,0.5912,0.005,0.4038
SPADES EIGHT HEARTS TWO,0.6484,0.0046,0.347
HEARTS FOUR CLUBS ACE,0.2272,0.529,0.2438
DIAMONDS ACE CLUBS ACE,0.0618,0.0132,0.925
SPADES NINE DIAMONDS QUEEN,0.5758,0.0044,0.4198
SPADES NINE HEARTS TWO,0.6582,0.0056,0.3362
HEARTS TWO SPADES TWO,0.4546,0.0064,0.539
DIAMONDS QUEEN SPADES TWO,0.6536,0.0038,0.3426
HEARTS TWO SPADES THREE,0.7498,0.0164,0.2338
DIAMONDS QUEEN SPADES THREE,0.7574,0.0202,0.2224
HEARTS TWO SPADES FOUR,0.6442,0.0052,0.3506
SPADES FOUR DIAMONDS QUEEN,0.6164,0.0034,0.3802
CLUBS TEN HEARTS FOUR,0.613,0.006,0.381
CLUBS TEN DIAMONDS ACE,0.2528,0.1154,0.6318
HEARTS TWO SPADES FIVE,0.6318,0.0068,0.3614
SPADES FIVE DIAMONDS QUEEN,0.6034,0.0048,0.3918
CLUBS JACK HEARTS FOUR,0.6208,0.004,0.3752
CLUBS JACK DIAMONDS ACE,0.2464,0.0972,0.6564
CLUBS FIVE CLUBS KING,0.575,0.004,0.421
CLUBS FIVE CLUBS QUEEN,0.5732,0.0042,0.4226
CLUBS FIVE CLUBS ACE,0.2062,0.436,0.3578
CLUBS JACK CLUBS FIVE,0.56,0.0042,0.4358
CLUBS TEN CLUBS FIVE,0.5706,0.0028,0.4266
SPADES KING CLUBS JACK,0.5732,0.0064,0.4204
CLUBS JACK SPADES QUEEN,0.5776,0.004,0.4184
SPADES ACE CLUBS JACK,0.249,0.0848,0.6662
SPADES SIX CLUBS KING,0.6088,0.0056,0.3856
SPADES SIX CLUBS QUEEN,0.6144,0.0028,0.3828
SPADES EIGHT HEARTS JACK,0.5802,0.003,0.4168
SPADES SIX CLUBS ACE,0.2374,0.3846,0.378
SPADES EIGHT HEARTS TEN,0.5624,0.0052,0.4324
CLUBS JACK SPADES SIX,0.6024,0.0048,0.3928
CLUBS TEN SPADES SIX,0.5994,0.0034,0.3972
CLUBS JACK SPADES TEN,0.5668,0.004,0.4292
CLUBS JACK SPADES JACK,0.3186,0.0036,0.6778
SPADES QUEEN CLUBS SEVEN,0.6014,0.0042,0.3944
SPADES KING CLUBS SEVEN,0.588,0.0034,0.4086
SPADES ACE CLUBS SEVEN,0.2414,0.2984,0.4602
SPADES SIX HEARTS TEN,0.5916,0.005,0.4034
SPADES SIX HEARTS JACK,0.6126,0.0044,0.383
SPADES SIX HEARTS KING,0.6102,0.003,0.3868
SPADES SIX HEARTS QUEEN,0.5972,0.0038,0.399
SPADES JACK CLUBS SEVEN,0.592,0.0046,0.4034
SPADES TEN CLUBS SEVEN,0.5756,0.0026,0.4218
CLUBS TEN HEARTS SIX,0.6036,0.0054,0.391
CLUBS JACK HEARTS SIX,0.6072,0.0038,0.389
CLUBS JACK CLUBS ACE,0.2302,0.0854,0.6844
HEARTS SIX CLUBS QUEEN,0.6144,0.0044,0.3812
HEARTS SIX CLUBS KING,0.6132,0.005,0.3818
HEARTS SIX CLUBS ACE,0.2412,0.3744,0.3844
CLUBS JACK CLUBS QUEEN,0.5152,0.006,0.4788
CLUBS JACK CLUBS KING,0.5456,0.003,0.4514
CLUBS FIVE HEARTS JACK,0.61,0.0068,0.3832
SPADES TEN DIAMONDS ACE,0.2412,0.1234,0.6354
HEARTS FOUR SPADES TEN,0.6068,0.0066,0.3866
CLUBS FIVE HEARTS TEN,0.6126,0.0038,0.3836
HEARTS FOUR SPADES JACK,0.6208,0.0052,0.374
SPADES JACK DIAMONDS ACE,0.2498,0.0846,0.6656
SPADES ACE HEARTS FOUR,0.2154,0.5224,0.2622
SPADES ACE DIAMONDS ACE,0.0708,0.0156,0.9136
CLUBS FIVE HEARTS KING,0.6124,0.005,0.3826
HEARTS FOUR SPADES QUEEN,0.6184,0.0052,0.3764
SPADES QUEEN DIAMONDS ACE,0.2368,0.0678,0.6954
CLUBS JACK SPADES FOUR,0.6102,0.007,0.3828
CLUBS FIVE HEARTS QUEEN,0.621,0.0058,0.3732
SPADES KING DIAMONDS ACE,0.252,0.0524,0.6956
SPADES KING HEARTS FOUR,0.6262,0.0052,0.3686
CLUBS TEN SPADES FOUR,0.6124,0.0042,0.3834
DIAMONDS ACE DIAMONDS QUEEN,0.235,0.068,0.697
DIAMONDS ACE HEARTS TWO,0.2484,0.5372,0.2144
HEARTS FOUR DIAMONDS QUEEN,0.6176,0.0054,0.377
HEARTS FOUR HEARTS TWO,0.6166,0.0052,0.3782
SPADES FOUR CLUBS KING,0.6238,0.0044,0.3718
HEARTS FIVE DIAMONDS QUEEN,0.6058,0.0062,0.388
HEARTS FIVE HEARTS TWO,0.6122,0.006,0.3818
SPADES FOUR CLUBS QUEEN,0.6274,0.0052,0.3674
HEARTS TWO DIAMONDS QUEEN,0.648,0.0056,0.3464
DIAMONDS KING DIAMONDS QUEEN,0.545,0.0052,0.4498
DIAMONDS KING HEARTS TWO,0.6598,0.0054,0.3348
HEARTS THREE DIAMONDS QUEEN,0.7416,0.0236,0.2348
HEARTS THREE HEARTS TWO,0.7108,0.0208,0.2684
SPADES FOUR CLUBS ACE,0.2178,0.5176,0.2646
HEARTS TWO CLUBS ACE,0.265,0.5204,0.2146
DIAMONDS QUEEN CLUBS ACE,0.2488,0.0608,0.6904
HEARTS TWO CLUBS QUEEN,0.653,0.0058,0.3412
DIAMONDS QUEEN CLUBS QUEEN,0.3,0.004,0.696
HEARTS TWO CLUBS KING,0.6472,0.0036,0.3492
DIAMONDS QUEEN CLUBS KING,0.5758,0.0058,0.4184
SPADES EIGHT SPADES FIVE,0.5514,0.006,0.4426
CLUBS TEN HEARTS TWO,0.6508,0.0056,0.3436
CLUBS TEN DIAMONDS QUEEN,0.5498,0.004,0.4462
SPADES NINE SPADES FIVE,0.5822,0.006,0.4118
CLUBS JACK HEARTS TWO,0.661,0.0064,0.3326
CLUBS JACK DIAMONDS QUEEN,0.5708,0.0058,0.4234
SPADES SIX SPADES FIVE,0.549,0.0046,0.4464
SPADES SEVEN SPADES FIVE,0.5588,0.0042,0.437
DIAMONDS FIVE CLUBS QUEEN,0.6042,0.0044,0.3914
SPADES EIGHT CLUBS ACE,0.2486,0.2284,0.523
DIAMONDS FIVE CLUBS KING,0.6012,0.0044,0.3944
SPADES EIGHT CLUBS KING,0.5988,0.0032,0.398
CLUBS ACE DIAMONDS FIVE,0.211,0.4702,0.3188
SPADES EIGHT CLUBS QUEEN,0.5988,0.0024,0.3988
CLUBS JACK SPADES EIGHT,0.5712,0.0034,0.4254
CLUBS TEN SPADES EIGHT,0.5722,0.0042,0.4236
CLUBS TEN DIAMONDS FIVE,0.608,0.0042,0.3878
CLUBS JACK DIAMONDS FIVE,0.6108,0.006,0.3832
DIAMONDS TEN HEARTS JACK,0.5552,0.006,0.4388
DIAMONDS TEN HEARTS TEN,0.3454,0.0046,0.65
SPADES ACE CLUBS NINE,0.259,0.176,0.565
SPADES QUEEN CLUBS NINE,0.5844,0.0036,0.412
SPADES KING CLUBS NINE,0.5848,0.0024,0.4128
HEARTS SIX HEARTS KING,0.5812,0.0052,0.4136
DIAMONDS KING SPADES SEVEN,0.593,0.0046,0.4024
HEARTS THREE SPADES SEVEN,0.746,0.0176,0.2364
SPADES KING DIAMONDS SEVEN,0.5944,0.0034,0.4022
HEARTS SIX HEARTS QUEEN,0.582,0.0054,0.4126
SPADES QUEEN DIAMONDS SEVEN,0.602,0.0042,0.3938
HEARTS THREE SPADES SIX,0.738,0.0174,0.2446
DIAMONDS KING SPADES SIX,0.611,0.0044,0.3846
SPADES NINE DIAMONDS KING,0.5848,0.0042,0.411
SPADES NINE HEARTS THREE,0.7554,0.022,0.2226
DIAMONDS KING SPADES EIGHT,0.5998,0.0044,0.3958
SPADES EIGHT HEARTS THREE,0.7386,0.0182,0.2432
SPADES ACE DIAMONDS SEVEN,0.2452,0.3042,0.4506
CLUBS NINE HEARTS THREE,0.7468,0.023,0.2302
CLUBS NINE DIAMONDS KING,0.5822,0.0042,0.4136
CLUBS EIGHT DIAMONDS KING,0.5966,0.0046,0.3988
CLUBS EIGHT HEARTS THREE,0.7364,0.0184,0.2452
HEARTS THREE SPADES THREE,0.318,0.0166,0.6654
DIAMONDS KING SPADES THREE,0.7396,0.018,0.2424
HEARTS THREE SPADES TWO,0.7556,0.0214,0.223
DIAMONDS KING SPADES TWO,0.6444,0.0054,0.3502
HEARTS THREE SPADES FIVE,0.7286,0.02,0.2514
DIAMONDS KING SPADES FIVE,0.6158,0.0032,0.381
HEARTS THREE SPADES FOUR,0.7226,0.0176,0.2598
