opposingHand,winningChance,drawChance,lostChance
DIAMONDS FIVE DIAMONDS JACK
SPADES EIGHT HEARTS QUEEN,0.39,0.0096,0.6004
CLUBS QUEEN DIAMONDS FOUR,0.4162,0.0126,0.5712
HEARTS TWO HEARTS ACE,0.393,0.0038,0.6032
DIAMONDS QUEEN SPADES THREE,0.4258,0.0144,0.5598
SPADES FIVE HEARTS JACK,0.0704,0.9074,0.0222
SPADES NINE DIAMONDS FOUR,0.6592,0.0186,0.3222
SPADES ACE SPADES SIX,0.3758,0.0046,0.6196
SPADES JACK DIAMONDS TEN,0.2662,0.1264,0.6074
CLUBS EIGHT HEARTS TEN,0.576,0.0152,0.4088
SPADES EIGHT HEARTS KING,0.4062,0.0084,0.5854
CLUBS SEVEN CLUBS THREE,0.5974,0.0198,0.3828
SPADES TEN HEARTS TWO,0.6544,0.0194,0.3262
HEARTS FOUR HEARTS ACE,0.3874,0.004,0.6086
DIAMONDS THREE HEARTS JACK,0.3542,0.4376,0.2082
HEARTS FOUR DIAMONDS TEN,0.6408,0.0166,0.3426
HEARTS FIVE SPADES NINE,0.7046,0.0594,0.236
CLUBS EIGHT HEARTS QUEEN,0.3968,0.0104,0.5928
SPADES EIGHT SPADES SEVEN,0.5488,0.0164,0.4348
CLUBS FOUR DIAMONDS EIGHT,0.629,0.0216,0.3494
HEARTS FOUR DIAMONDS SIX,0.62,0.0206,0.3594
DIAMONDS KING CLUBS ACE,0.353,0.0044,0.6426
CLUBS NINE DIAMONDS EIGHT,0.571,0.0134,0.4156
CLUBS TWO HEARTS ACE,0.4312,0.005,0.5638
SPADES JACK DIAMONDS FOUR,0.3486,0.4438,0.2076
SPADES QUEEN CLUBS QUEEN,0.1864,0.0118,0.8018
CLUBS TWO HEARTS TEN,0.638,0.0204,0.3416
HEARTS ACE HEARTS QUEEN,0.3436,0.005,0.6514
SPADES SIX CLUBS THREE,0.6358,0.0178,0.3464
CLUBS FIVE SPADES THREE,0.6772,0.0628,0.26
DIAMONDS ACE CLUBS KING,0.354,0.0054,0.6406
HEARTS SEVEN CLUBS ACE,0.4022,0.0046,0.5932
CLUBS FOUR DIAMONDS FOUR,0.4368,0.0454,0.5178
CLUBS EIGHT DIAMONDS QUEEN,0.3754,0.0094,0.6152
CLUBS FOUR HEARTS KING,0.4174,0.0076,0.575
HEARTS FOUR HEARTS TEN,0.5888,0.018,0.3932
HEARTS EIGHT SPADES TWO,0.6476,0.0188,0.3336
DIAMONDS KING DIAMONDS FOUR,0.3712,0.01,0.6188
SPADES EIGHT DIAMONDS TEN,0.573,0.0172,0.4098
CLUBS TEN HEARTS QUEEN,0.3842,0.0108,0.605
CLUBS NINE DIAMONDS KING,0.3846,0.0116,0.6038
CLUBS SIX SPADES SEVEN,0.5764,0.017,0.4066
DIAMONDS QUEEN HEARTS NINE,0.3794,0.0118,0.6088
CLUBS TWO DIAMONDS FOUR,0.6488,0.0176,0.3336
CLUBS TEN CLUBS EIGHT,0.5394,0.0162,0.4444
CLUBS SIX HEARTS TEN,0.6014,0.0188,0.3798
CLUBS SIX DIAMONDS FOUR,0.6196,0.021,0.3594
HEARTS ACE DIAMONDS EIGHT,0.3886,0.003,0.6084
CLUBS FIVE HEARTS KING,0.2858,0.0364,0.6778
DIAMONDS TWO CLUBS KING,0.432,0.0084,0.5596
DIAMONDS EIGHT HEARTS TEN,0.5652,0.0176,0.4172
CLUBS SEVEN HEARTS QUEEN,0.4138,0.0112,0.575
SPADES KING HEARTS FOUR,0.4268,0.0076,0.5656
SPADES TWO DIAMONDS EIGHT,0.644,0.0208,0.3352
HEARTS FIVE DIAMONDS EIGHT,0.6784,0.066,0.2556
HEARTS EIGHT HEARTS NINE,0.5468,0.0134,0.4398
HEARTS QUEEN DIAMONDS FOUR,0.4104,0.0146,0.575
HEARTS JACK HEARTS NINE,0.2456,0.1526,0.6018
CLUBS NINE DIAMONDS ACE,0.3856,0.0042,0.6102
SPADES NINE HEARTS ACE,0.4094,0.0038,0.5868
HEARTS SIX HEARTS QUEEN,0.3796,0.0112,0.6092
HEARTS THREE CLUBS QUEEN,0.4442,0.0136,0.5422
DIAMONDS ACE SPADES TWO,0.4182,0.0038,0.578
SPADES KING HEARTS JACK,0.2754,0.0316,0.693
DIAMONDS THREE SPADES THREE,0.4434,0.0464,0.5102
HEARTS TWO SPADES TWO,0.448,0.0472,0.5048
SPADES NINE HEARTS THREE,0.6436,0.0174,0.339
HEARTS FOUR CLUBS FIVE,0.6572,0.0598,0.283
HEARTS KING DIAMONDS SEVEN,0.4034,0.008,0.5886
HEARTS THREE HEARTS KING,0.4064,0.0096,0.584
DIAMONDS ACE SPADES SIX,0.3842,0.0046,0.6112
SPADES FIVE CLUBS TWO,0.7118,0.0572,0.231
CLUBS FIVE DIAMONDS ACE,0.2756,0.0326,0.6918
SPADES NINE DIAMONDS ACE,0.3934,0.004,0.6026
SPADES SEVEN DIAMONDS NINE,0.5816,0.0152,0.4032
HEARTS TWO SPADES FIVE,0.7012,0.066,0.2328
SPADES QUEEN HEARTS TWO,0.4336,0.0112,0.5552
HEARTS FIVE SPADES EIGHT,0.6854,0.0612,0.2534
CLUBS FIVE HEARTS TWO,0.6976,0.0662,0.2362
CLUBS THREE SPADES FIVE,0.6854,0.064,0.2506
HEARTS EIGHT HEARTS ACE,0.374,0.0058,0.6202
DIAMONDS THREE SPADES SEVEN,0.6486,0.0208,0.3306
CLUBS ACE DIAMONDS SEVEN,0.3898,0.0032,0.607
DIAMONDS TWO CLUBS QUEEN,0.428,0.014,0.558
SPADES SIX CLUBS TWO,0.6546,0.0174,0.328
CLUBS FIVE DIAMONDS TEN,0.7066,0.0642,0.2292
SPADES EIGHT SPADES FOUR,0.6042,0.018,0.3778
DIAMONDS TWO HEARTS FIVE,0.6976,0.0656,0.2368
SPADES EIGHT DIAMONDS SIX,0.583,0.0196,0.3974
DIAMONDS QUEEN CLUBS ACE,0.3482,0.007,0.6448
CLUBS SEVEN DIAMONDS FOUR,0.626,0.0218,0.3522
SPADES ACE SPADES FOUR,0.3936,0.0036,0.6028
SPADES KING DIAMONDS KING,0.1634,0.0092,0.8274
SPADES KING CLUBS TEN,0.3682,0.0066,0.6252
SPADES NINE CLUBS KING,0.409,0.0044,0.5866
CLUBS JACK HEARTS KING,0.2804,0.033,0.6866
SPADES QUEEN HEARTS THREE,0.4306,0.0114,0.558
CLUBS TEN HEARTS FIVE,0.722,0.0576,0.2204
SPADES EIGHT HEARTS TEN,0.5744,0.0176,0.408
CLUBS SIX CLUBS THREE,0.5818,0.019,0.3992
CLUBS EIGHT CLUBS SIX,0.5518,0.0168,0.4314
DIAMONDS THREE CLUBS NINE,0.6404,0.0158,0.3438
HEARTS SEVEN CLUBS FOUR,0.64,0.019,0.341
CLUBS JACK HEARTS TWO,0.3594,0.4402,0.2004
HEARTS THREE SPADES THREE,0.4386,0.0486,0.5128
SPADES JACK CLUBS FIVE,0.066,0.9118,0.0222
DIAMONDS TWO HEARTS TWO,0.4486,0.0494,0.502
CLUBS FIVE DIAMONDS KING,0.2626,0.043,0.6944
HEARTS SIX HEARTS ACE,0.3916,0.0052,0.6032
SPADES ACE HEARTS ACE,0.182,0.0044,0.8136
HEARTS EIGHT SPADES QUEEN,0.4062,0.0092,0.5846
CLUBS SEVEN CLUBS FOUR,0.5874,0.0192,0.3934
HEARTS FIVE DIAMONDS KING,0.2616,0.0424,0.696
SPADES ACE SPADES EIGHT,0.3752,0.0062,0.6186
SPADES KING CLUBS NINE,0.3936,0.0058,0.6006
SPADES SEVEN DIAMONDS FOUR,0.6216,0.0206,0.3578
SPADES THREE DIAMONDS NINE,0.6464,0.016,0.3376
SPADES JACK CLUBS KING,0.2788,0.0246,0.6966
DIAMONDS TWO DIAMONDS KING,0.3834,0.0098,0.6068
CLUBS SIX SPADES TWO,0.6476,0.019,0.3334
HEARTS SIX CLUBS THREE,0.6324,0.0166,0.351
SPADES SIX SPADES FOUR,0.5962,0.0226,0.3812
SPADES THREE CLUBS QUEEN,0.435,0.0084,0.5566
CLUBS NINE HEARTS QUEEN,0.3948,0.0082,0.597
DIAMONDS TEN SPADES THREE,0.6496,0.021,0.3294
DIAMONDS NINE CLUBS QUEEN,0.39,0.0118,0.5982
CLUBS SEVEN DIAMONDS ACE,0.3782,0.0036,0.6182
SPADES SEVEN DIAMONDS SEVEN,0.331,0.0424,0.6266
HEARTS FIVE CLUBS SEVEN,0.672,0.0562,0.2718
SPADES NINE HEARTS QUEEN,0.3968,0.0108,0.5924
CLUBS EIGHT DIAMONDS EIGHT,0.327,0.0336,0.6394
SPADES ACE SPADES SEVEN,0.3774,0.0056,0.617
SPADES FOUR HEARTS NINE,0.657,0.019,0.324
CLUBS EIGHT SPADES THREE,0.6484,0.0178,0.3338
CLUBS JACK SPADES TWO,0.3672,0.4292,0.2036
CLUBS TWO CLUBS ACE,0.4054,0.0058,0.5888
HEARTS TWO CLUBS FOUR,0.651,0.0192,0.3298
HEARTS FIVE CLUBS ACE,0.2856,0.0274,0.687
HEARTS TWO SPADES SEVEN,0.6578,0.0196,0.3226
DIAMONDS TWO CLUBS FIVE,0.6892,0.0648,0.246
DIAMONDS THREE SPADES SIX,0.6366,0.0206,0.3428
HEARTS FOUR SPADES THREE,0.6626,0.017,0.3204
SPADES SIX DIAMONDS QUEEN,0.3894,0.0126,0.598
SPADES KING SPADES SIX,0.3726,0.008,0.6194
CLUBS SEVEN HEARTS KING,0.4086,0.0048,0.5866
SPADES KING SPADES TEN,0.366,0.0074,0.6266
SPADES EIGHT CLUBS QUEEN,0.3928,0.0112,0.596
HEARTS QUEEN CLUBS ACE,0.3662,0.0048,0.629
CLUBS KING DIAMONDS FOUR,0.4192,0.0088,0.572
SPADES FOUR HEARTS QUEEN,0.4246,0.012,0.5634
CLUBS FIVE DIAMONDS SIX,0.6728,0.057,0.2702
HEARTS FIVE SPADES TEN,0.712,0.0614,0.2266
HEARTS EIGHT CLUBS TEN,0.5802,0.0148,0.405
SPADES KING CLUBS FIVE,0.2958,0.0408,0.6634
DIAMONDS TWO HEARTS ACE,0.4276,0.005,0.5674
SPADES ACE DIAMONDS ACE,0.1698,0.0056,0.8246
SPADES NINE SPADES SEVEN,0.5448,0.0192,0.436
CLUBS SEVEN HEARTS JACK,0.2728,0.2796,0.4476
HEARTS EIGHT SPADES EIGHT,0.3234,0.0342,0.6424
HEARTS EIGHT SPADES TEN,0.5798,0.0162,0.404
HEARTS TWO CLUBS KING,0.4434,0.0076,0.549
HEARTS SIX SPADES FIVE,0.6762,0.0564,0.2674
CLUBS SIX SPADES EIGHT,0.5894,0.0178,0.3928
CLUBS SEVEN HEARTS FOUR,0.6348,0.0198,0.3454
HEARTS KING HEARTS QUEEN,0.3262,0.0068,0.667
CLUBS TEN CLUBS NINE,0.5218,0.0172,0.461
CLUBS TWO DIAMONDS NINE,0.6516,0.0188,0.3296
DIAMONDS KING HEARTS JACK,0.2584,0.0336,0.708
SPADES NINE DIAMONDS EIGHT,0.5608,0.019,0.4202
CLUBS NINE DIAMONDS NINE,0.324,0.028,0.648
DIAMONDS TWO CLUBS ACE,0.4306,0.0044,0.565
CLUBS NINE DIAMONDS SIX,0.5958,0.0162,0.388
HEARTS ACE SPADES TWO,0.4326,0.0058,0.5616
DIAMONDS THREE HEARTS FOUR,0.6556,0.019,0.3254
SPADES QUEEN DIAMONDS EIGHT,0.3908,0.0118,0.5974
SPADES EIGHT HEARTS TWO,0.6436,0.0176,0.3388
HEARTS THREE SPADES SIX,0.6334,0.0188,0.3478
CLUBS SIX SPADES FOUR,0.6222,0.0182,0.3596
DIAMONDS TWO DIAMONDS TEN,0.6526,0.0204,0.327
SPADES TEN SPADES SEVEN,0.562,0.0174,0.4206
SPADES TWO HEARTS JACK,0.37,0.436,0.194
CLUBS SIX HEARTS THREE,0.6286,0.018,0.3534
HEARTS SEVEN HEARTS SIX,0.5468,0.0176,0.4356
CLUBS SIX SPADES THREE,0.632,0.0192,0.3488
CLUBS NINE HEARTS FOUR,0.6406,0.0182,0.3412
HEARTS KING DIAMONDS SIX,0.3928,0.0074,0.5998
SPADES ACE CLUBS QUEEN,0.3716,0.0052,0.6232
SPADES FOUR CLUBS QUEEN,0.427,0.0116,0.5614
SPADES SEVEN CLUBS THREE,0.6376,0.0222,0.3402
HEARTS SEVEN HEARTS THREE,0.5894,0.0194,0.3912
SPADES TEN CLUBS FIVE,0.7072,0.0608,0.232
SPADES QUEEN CLUBS ACE,0.367,0.0046,0.6284
DIAMONDS THREE SPADES TWO,0.6612,0.0234,0.3154
CLUBS JACK HEARTS ACE,0.2714,0.0214,0.7072
SPADES QUEEN DIAMONDS SEVEN,0.4012,0.0092,0.5896
SPADES FIVE CLUBS QUEEN,0.2686,0.0568,0.6746
SPADES KING HEARTS QUEEN,0.3738,0.0074,0.6188
CLUBS JACK CLUBS FIVE,0.0758,0.8526,0.0716
CLUBS FIVE DIAMONDS NINE,0.7058,0.0614,0.2328
DIAMONDS THREE SPADES FOUR,0.6362,0.0216,0.3422
SPADES SEVEN DIAMONDS EIGHT,0.5662,0.0168,0.417
SPADES JACK HEARTS QUEEN,0.2746,0.0434,0.682
HEARTS FIVE DIAMONDS FOUR,0.6656,0.0652,0.2692
CLUBS SIX DIAMONDS QUEEN,0.3912,0.0114,0.5974
SPADES FOUR DIAMONDS EIGHT,0.6334,0.015,0.3516
CLUBS TEN DIAMONDS NINE,0.5492,0.0144,0.4364
SPADES KING HEARTS FIVE,0.2886,0.0384,0.673
SPADES EIGHT CLUBS KING,0.4036,0.0082,0.5882
CLUBS TEN CLUBS FIVE,0.6684,0.0576,0.274
HEARTS THREE DIAMONDS SEVEN,0.6368,0.0212,0.342
SPADES NINE CLUBS SIX,0.6038,0.0168,0.3794
HEARTS FIVE DIAMONDS NINE,0.6944,0.0572,0.2484
SPADES JACK SPADES FIVE,0.0742,0.854,0.0718
CLUBS FIVE CLUBS QUEEN,0.2708,0.0468,0.6824
HEARTS THREE SPADES TWO,0.6512,0.0232,0.3256
SPADES EIGHT DIAMONDS SEVEN,0.5758,0.0176,0.4066
CLUBS THREE DIAMONDS KING,0.4208,0.0072,0.572
SPADES FIVE DIAMONDS EIGHT,0.6848,0.0608,0.2544
HEARTS JACK CLUBS QUEEN,0.276,0.0398,0.6842
DIAMONDS THREE CLUBS QUEEN,0.422,0.012,0.566
CLUBS FIVE DIAMONDS SEVEN,0.6602,0.0612,0.2786
DIAMONDS TWO HEARTS FOUR,0.6566,0.0232,0.3202
SPADES TEN CLUBS KING,0.3848,0.0056,0.6096
SPADES FIVE DIAMONDS QUEEN,0.263,0.0474,0.6896
SPADES KING SPADES TWO,0.4284,0.0096,0.562
SPADES TEN DIAMONDS EIGHT,0.5522,0.0162,0.4316
SPADES SEVEN SPADES THREE,0.6076,0.0168,0.3756
HEARTS FIVE SPADES FOUR,0.6762,0.0584,0.2654
HEARTS EIGHT HEARTS TEN,0.546,0.0154,0.4386
HEARTS SEVEN SPADES SIX,0.5862,0.0176,0.3962
DIAMONDS QUEEN SPADES TWO,0.4154,0.011,0.5736
HEARTS ACE HEARTS TEN,0.3814,0.0046,0.614
CLUBS FOUR HEARTS ACE,0.4128,0.0052,0.582
CLUBS JACK CLUBS FOUR,0.3298,0.4256,0.2446
DIAMONDS THREE DIAMONDS NINE,0.638,0.0198,0.3422
SPADES KING DIAMONDS ACE,0.3444,0.007,0.6486
SPADES KING DIAMONDS TWO,0.4152,0.0088,0.576
CLUBS SEVEN SPADES FIVE,0.6882,0.0536,0.2582
SPADES EIGHT DIAMONDS EIGHT,0.3356,0.0306,0.6338
SPADES SIX DIAMONDS FOUR,0.6222,0.0208,0.357
CLUBS SEVEN DIAMONDS TEN,0.5966,0.0174,0.386
SPADES NINE HEARTS KING,0.4,0.0074,0.5926
CLUBS SEVEN CLUBS FIVE,0.6394,0.0562,0.3044
HEARTS EIGHT DIAMONDS QUEEN,0.3856,0.0102,0.6042
HEARTS FOUR DIAMONDS FOUR,0.4434,0.0446,0.512
SPADES NINE SPADES FOUR,0.6192,0.0144,0.3664
CLUBS FOUR CLUBS THREE,0.6052,0.0186,0.3762
CLUBS NINE SPADES JACK,0.272,0.1592,0.5688
HEARTS KING SPADES TWO,0.4454,0.0088,0.5458
SPADES SEVEN SPADES FIVE,0.633,0.0596,0.3074
DIAMONDS TWO CLUBS FOUR,0.6506,0.0214,0.328
HEARTS SIX HEARTS JACK,0.2408,0.3432,0.416
DIAMONDS THREE SPADES KING,0.4256,0.0058,0.5686
SPADES SEVEN DIAMONDS TEN,0.594,0.0152,0.3908
CLUBS EIGHT SPADES FIVE,0.6928,0.06,0.2472
SPADES NINE DIAMONDS KING,0.3924,0.0078,0.5998
HEARTS FIVE CLUBS QUEEN,0.2848,0.0462,0.669
HEARTS SIX DIAMONDS KING,0.388,0.0068,0.6052
SPADES EIGHT SPADES FIVE,0.6486,0.0594,0.292
CLUBS EIGHT SPADES TEN,0.5924,0.0162,0.3914
SPADES QUEEN SPADES TWO,0.4174,0.01,0.5726
CLUBS SIX HEARTS ACE,0.3994,0.0034,0.5972
SPADES TWO DIAMONDS SIX,0.6294,0.0218,0.3488
SPADES ACE CLUBS NINE,0.4164,0.0036,0.58
SPADES ACE CLUBS THREE,0.43,0.0056,0.5644
CLUBS NINE CLUBS TWO,0.6134,0.0182,0.3684
DIAMONDS THREE CLUBS TEN,0.6446,0.0176,0.3378
DIAMONDS TWO HEARTS SIX,0.6446,0.019,0.3364
HEARTS SEVEN DIAMONDS SIX,0.5768,0.0196,0.4036
DIAMONDS KING HEARTS QUEEN,0.3354,0.0078,0.6568
DIAMONDS THREE CLUBS SEVEN,0.6332,0.0194,0.3474
SPADES JACK SPADES EIGHT,0.2664,0.2002,0.5334
HEARTS SIX HEARTS TWO,0.607,0.0184,0.3746
CLUBS NINE HEARTS SIX,0.6016,0.0172,0.3812
HEARTS ACE DIAMONDS NINE,0.3982,0.005,0.5968
HEARTS FOUR CLUBS FOUR,0.4414,0.0484,0.5102
HEARTS ACE DIAMONDS SIX,0.3998,0.004,0.5962
DIAMONDS TWO SPADES SIX,0.6342,0.0226,0.3432
DIAMONDS TWO DIAMONDS SIX,0.6436,0.0182,0.3382
DIAMONDS TWO DIAMONDS ACE,0.3702,0.0066,0.6232
HEARTS ACE SPADES THREE,0.4202,0.0046,0.5752
HEARTS FIVE HEARTS FOUR,0.6236,0.0548,0.3216
CLUBS TEN SPADES THREE,0.633,0.0182,0.3488
SPADES NINE CLUBS TWO,0.6532,0.017,0.3298
SPADES EIGHT SPADES THREE,0.6086,0.0172,0.3742
CLUBS SEVEN DIAMONDS NINE,0.5818,0.0194,0.3988
SPADES ACE HEARTS FIVE,0.2718,0.0318,0.6964
SPADES QUEEN DIAMONDS ACE,0.357,0.0044,0.6386
HEARTS QUEEN CLUBS KING,0.35,0.0066,0.6434
HEARTS SEVEN HEARTS TWO,0.604,0.0184,0.3776
CLUBS NINE CLUBS THREE,0.6088,0.0154,0.3758
SPADES ACE DIAMONDS TEN,0.3822,0.0058,0.612
HEARTS JACK DIAMONDS SEVEN,0.2608,0.2834,0.4558
HEARTS FOUR SPADES FOUR,0.4344,0.0478,0.5178
SPADES FIVE DIAMONDS NINE,0.6944,0.0624,0.2432
HEARTS EIGHT CLUBS SIX,0.5834,0.0184,0.3982
DIAMONDS TEN DIAMONDS SEVEN,0.5788,0.0186,0.4026
SPADES KING SPADES EIGHT,0.3798,0.0082,0.612
DIAMONDS THREE HEARTS THREE,0.444,0.0472,0.5088
CLUBS TWO HEARTS KING,0.4368,0.0086,0.5546
CLUBS JACK DIAMONDS ACE,0.2584,0.0246,0.717
CLUBS SIX CLUBS ACE,0.3888,0.0042,0.607
CLUBS TWO CLUBS QUEEN,0.3942,0.0084,0.5974
CLUBS TWO HEARTS JACK,0.358,0.4356,0.2064
SPADES THREE SPADES TWO,0.6286,0.0178,0.3536
SPADES TWO CLUBS ACE,0.4188,0.0044,0.5768
DIAMONDS THREE HEARTS QUEEN,0.4264,0.0146,0.559
CLUBS FOUR SPADES FIVE,0.6778,0.064,0.2582
DIAMONDS NINE CLUBS KING,0.3838,0.0086,0.6076
HEARTS ACE DIAMONDS FOUR,0.4146,0.0068,0.5786
HEARTS FIVE DIAMONDS QUEEN,0.2612,0.0518,0.687
SPADES ACE CLUBS FOUR,0.4204,0.004,0.5756
SPADES SEVEN SPADES FOUR,0.588,0.0204,0.3916
CLUBS JACK HEARTS JACK,0.147,0.0354,0.8176
CLUBS NINE DIAMONDS SEVEN,0.5818,0.0192,0.399
CLUBS SEVEN DIAMONDS SEVEN,0.3338,0.039,0.6272
SPADES ACE HEARTS KING,0.3584,0.0038,0.6378
CLUBS JACK SPADES FIVE,0.072,0.9076,0.0204
CLUBS SIX CLUBS FIVE,0.621,0.0548,0.3242
CLUBS EIGHT SPADES SEVEN,0.5822,0.0188,0.399
SPADES SEVEN HEARTS ACE,0.4094,0.0042,0.5864
SPADES SIX SPADES FIVE,0.6262,0.062,0.3118
CLUBS NINE HEARTS FIVE,0.692,0.0572,0.2508
DIAMONDS TEN DIAMONDS NINE,0.5586,0.0188,0.4226
HEARTS FIVE CLUBS FOUR,0.6734,0.061,0.2656
SPADES KING CLUBS QUEEN,0.3634,0.0062,0.6304
HEARTS FOUR SPADES EIGHT,0.6414,0.0192,0.3394
DIAMONDS ACE SPADES FOUR,0.4032,0.0042,0.5926
CLUBS JACK SPADES SIX,0.2688,0.3524,0.3788
SPADES JACK HEARTS TEN,0.2796,0.1206,0.5998
HEARTS TWO SPADES FOUR,0.6618,0.0218,0.3164
HEARTS THREE DIAMONDS FOUR,0.6366,0.0198,0.3436
SPADES TEN DIAMONDS SIX,0.6038,0.0192,0.377
DIAMONDS EIGHT HEARTS NINE,0.5554,0.0178,0.4268
DIAMONDS THREE HEARTS SEVEN,0.6424,0.0192,0.3384
CLUBS THREE DIAMONDS EIGHT,0.646,0.018,0.336
HEARTS SEVEN SPADES JACK,0.2728,0.2806,0.4466
CLUBS SIX CLUBS FOUR,0.578,0.021,0.401
CLUBS TEN DIAMONDS ACE,0.3828,0.0042,0.613
CLUBS EIGHT HEARTS THREE,0.6518,0.0142,0.334
SPADES SIX DIAMONDS KING,0.3778,0.0064,0.6158
CLUBS JACK SPADES THREE,0.3544,0.4334,0.2122
CLUBS TWO SPADES TWO,0.4442,0.0506,0.5052
DIAMONDS SIX DIAMONDS FOUR,0.6146,0.0172,0.3682
CLUBS JACK SPADES NINE,0.2878,0.1616,0.5506
CLUBS NINE DIAMONDS QUEEN,0.38,0.0124,0.6076
HEARTS EIGHT CLUBS EIGHT,0.3256,0.0342,0.6402
CLUBS TWO CLUBS KING,0.4184,0.0068,0.5748
DIAMONDS KING SPADES THREE,0.4132,0.0092,0.5776
HEARTS FIVE HEARTS NINE,0.6702,0.0532,0.2766
HEARTS FIVE SPADES TWO,0.6812,0.0672,0.2516
HEARTS SEVEN SPADES SEVEN,0.3444,0.0336,0.622
HEARTS SEVEN DIAMONDS TWO,0.6432,0.0198,0.337
HEARTS SIX SPADES TEN,0.608,0.0168,0.3752
SPADES SEVEN CLUBS TWO,0.6548,0.018,0.3272
CLUBS FIVE HEARTS NINE,0.7058,0.062,0.2322
CLUBS FOUR CLUBS TWO,0.6124,0.0196,0.368
HEARTS SIX HEARTS NINE,0.5646,0.0136,0.4218
CLUBS ACE HEARTS JACK,0.2716,0.0176,0.7108
CLUBS FOUR HEARTS JACK,0.3594,0.4346,0.206
CLUBS KING CLUBS QUEEN,0.3334,0.0066,0.66
SPADES TEN HEARTS JACK,0.2722,0.1168,0.611
CLUBS NINE HEARTS ACE,0.4016,0.005,0.5934
SPADES TEN SPADES FIVE,0.6744,0.059,0.2666
HEARTS EIGHT HEARTS SIX,0.5574,0.0176,0.425
HEARTS SEVEN DIAMONDS SEVEN,0.3378,0.0406,0.6216
HEARTS SIX DIAMONDS ACE,0.388,0.0052,0.6068
SPADES KING HEARTS TWO,0.4406,0.008,0.5514
CLUBS NINE CLUBS FOUR,0.607,0.0182,0.3748
SPADES KING HEARTS SIX,0.4044,0.0096,0.586
SPADES NINE DIAMONDS NINE,0.3228,0.0278,0.6494
HEARTS TEN CLUBS QUEEN,0.3696,0.0116,0.6188
DIAMONDS KING HEARTS NINE,0.3824,0.0084,0.6092
HEARTS SEVEN DIAMONDS NINE,0.5814,0.017,0.4016
DIAMONDS TWO DIAMONDS SEVEN,0.6624,0.0204,0.3172
HEARTS SEVEN DIAMONDS EIGHT,0.5846,0.0186,0.3968
CLUBS FIVE CLUBS FOUR,0.637,0.0554,0.3076
SPADES NINE CLUBS FOUR,0.656,0.0152,0.3288
CLUBS JACK CLUBS KING,0.2638,0.0282,0.708
SPADES NINE SPADES TWO,0.6018,0.0226,0.3756
CLUBS TEN SPADES JACK,0.2704,0.1124,0.6172
SPADES TEN CLUBS QUEEN,0.3784,0.0122,0.6094
CLUBS EIGHT SPADES EIGHT,0.3312,0.031,0.6378
SPADES QUEEN CLUBS THREE,0.4368,0.012,0.5512
SPADES THREE HEARTS JACK,0.3666,0.4274,0.206
HEARTS SIX CLUBS KING,0.4066,0.0072,0.5862
HEARTS TWO CLUBS ACE,0.4226,0.005,0.5724
SPADES NINE HEARTS NINE,0.3256,0.0278,0.6466
CLUBS TEN HEARTS KING,0.3772,0.0056,0.6172
HEARTS THREE HEARTS QUEEN,0.407,0.0122,0.5808
HEARTS TWO DIAMONDS NINE,0.6362,0.0216,0.3422
SPADES TWO HEARTS QUEEN,0.4444,0.0126,0.543
CLUBS FIVE DIAMONDS QUEEN,0.2598,0.0518,0.6884
SPADES JACK DIAMONDS SEVEN,0.2612,0.291,0.4478
HEARTS FIVE CLUBS THREE,0.6708,0.068,0.2612
SPADES ACE DIAMONDS TWO,0.4132,0.0046,0.5822
CLUBS SIX HEARTS QUEEN,0.4006,0.0124,0.587
DIAMONDS ACE SPADES FIVE,0.2606,0.0238,0.7156
SPADES TEN DIAMONDS SEVEN,0.5782,0.018,0.4038
CLUBS EIGHT CLUBS FIVE,0.6448,0.0574,0.2978
CLUBS JACK CLUBS SEVEN,0.26,0.2692,0.4708
SPADES EIGHT CLUBS ACE,0.394,0.004,0.602
CLUBS JACK SPADES FOUR,0.3576,0.4412,0.2012
HEARTS SEVEN DIAMONDS FOUR,0.6238,0.0194,0.3568
CLUBS JACK CLUBS EIGHT,0.253,0.2096,0.5374
DIAMONDS EIGHT CLUBS QUEEN,0.3826,0.0112,0.6062
SPADES TEN HEARTS QUEEN,0.374,0.0096,0.6164
DIAMONDS THREE CLUBS KING,0.4314,0.01,0.5586
CLUBS SIX CLUBS KING,0.3796,0.0072,0.6132
CLUBS TEN SPADES TWO,0.6446,0.0166,0.3388
CLUBS JACK CLUBS TWO,0.329,0.417,0.254
SPADES ACE HEARTS SEVEN,0.3952,0.0044,0.6004
SPADES NINE DIAMONDS QUEEN,0.3788,0.0124,0.6088
SPADES NINE SPADES FIVE,0.6662,0.0568,0.277
CLUBS TEN SPADES SEVEN,0.5866,0.0182,0.3952
HEARTS EIGHT CLUBS TWO,0.6406,0.0182,0.3412
SPADES NINE SPADES THREE,0.6044,0.0158,0.3798
CLUBS JACK HEARTS TEN,0.2862,0.1202,0.5936
SPADES KING CLUBS EIGHT,0.4016,0.0076,0.5908
CLUBS TWO SPADES FOUR,0.656,0.0218,0.3222
SPADES TEN HEARTS NINE,0.5626,0.0168,0.4206
HEARTS THREE SPADES FOUR,0.6386,0.0164,0.345
SPADES KING HEARTS NINE,0.3924,0.006,0.6016
DIAMONDS QUEEN DIAMONDS EIGHT,0.343,0.0112,0.6458
CLUBS FOUR DIAMONDS KING,0.4276,0.0086,0.5638
HEARTS TWO DIAMONDS TEN,0.639,0.0186,0.3424
HEARTS FOUR HEARTS KING,0.4136,0.0106,0.5758
HEARTS QUEEN DIAMONDS SEVEN,0.4036,0.011,0.5854
DIAMONDS THREE CLUBS THREE,0.435,0.0494,0.5156
SPADES KING CLUBS SIX,0.401,0.009,0.59
CLUBS NINE HEARTS JACK,0.2872,0.1442,0.5686
CLUBS SEVEN SPADES TWO,0.6526,0.0188,0.3286
HEARTS EIGHT HEARTS SEVEN,0.5446,0.0182,0.4372
SPADES SEVEN DIAMONDS ACE,0.3922,0.004,0.6038
SPADES KING CLUBS THREE,0.431,0.0084,0.5606
CLUBS THREE SPADES TWO,0.667,0.0218,0.3112
CLUBS JACK HEARTS QUEEN,0.28,0.0388,0.6812
HEARTS QUEEN HEARTS TEN,0.3566,0.0092,0.6342
DIAMONDS THREE HEARTS TWO,0.653,0.019,0.328
HEARTS SIX HEARTS THREE,0.587,0.0184,0.3946
HEARTS QUEEN DIAMONDS EIGHT,0.3802,0.0104,0.6094
SPADES FIVE HEARTS ACE,0.2712,0.0304,0.6984
CLUBS TWO HEARTS QUEEN,0.4314,0.0108,0.5578
DIAMONDS THREE HEARTS KING,0.4332,0.0084,0.5584
CLUBS THREE SPADES FOUR,0.6426,0.022,0.3354
SPADES QUEEN DIAMONDS FOUR,0.4112,0.0118,0.577
CLUBS NINE SPADES TWO,0.648,0.0184,0.3336
DIAMONDS TEN DIAMONDS SIX,0.607,0.0132,0.3798
SPADES JACK CLUBS TWO,0.3622,0.4342,0.2036
SPADES JACK CLUBS ACE,0.2764,0.0226,0.701
CLUBS TEN SPADES SIX,0.6076,0.015,0.3774
SPADES TEN SPADES NINE,0.527,0.0154,0.4576
SPADES SIX DIAMONDS TEN,0.603,0.02,0.377
HEARTS SEVEN SPADES THREE,0.6356,0.0198,0.3446
SPADES JACK CLUBS FOUR,0.3576,0.4366,0.2058
HEARTS EIGHT DIAMONDS TEN,0.564,0.0146,0.4214
CLUBS SIX DIAMONDS KING,0.3996,0.0098,0.5906
CLUBS JACK DIAMONDS TEN,0.2628,0.1094,0.6278
SPADES TEN CLUBS SEVEN,0.591,0.0176,0.3914
HEARTS FOUR HEARTS QUEEN,0.4136,0.0112,0.5752
DIAMONDS ACE HEARTS NINE,0.385,0.0046,0.6104
SPADES QUEEN SPADES JACK,0.2604,0.0376,0.702
SPADES ACE HEARTS TWO,0.4286,0.006,0.5654
SPADES QUEEN CLUBS FIVE,0.2946,0.0482,0.6572
HEARTS JACK DIAMONDS SIX,0.2516,0.3702,0.3782
HEARTS THREE CLUBS THREE,0.4404,0.047,0.5126
CLUBS EIGHT HEARTS JACK,0.2646,0.214,0.5214
CLUBS JACK DIAMONDS QUEEN,0.2552,0.0438,0.701
CLUBS FOUR HEARTS TEN,0.6432,0.0148,0.342
DIAMONDS QUEEN CLUBS KING,0.3396,0.0084,0.652
CLUBS SIX DIAMONDS TEN,0.5978,0.02,0.3822
HEARTS THREE CLUBS FOUR,0.6494,0.0186,0.332
DIAMONDS EIGHT HEARTS JACK,0.2626,0.2138,0.5236
SPADES JACK HEARTS FOUR,0.3594,0.4334,0.2072
CLUBS SEVEN DIAMONDS QUEEN,0.3942,0.0114,0.5944
SPADES KING SPADES SEVEN,0.385,0.0058,0.6092
SPADES QUEEN CLUBS NINE,0.3938,0.0076,0.5986
CLUBS SEVEN SPADES SEVEN,0.3424,0.0372,0.6204
HEARTS FIVE DIAMONDS ACE,0.2672,0.0288,0.704
HEARTS FOUR CLUBS ACE,0.4334,0.0052,0.5614
CLUBS ACE DIAMONDS FOUR,0.4084,0.0046,0.587
HEARTS FOUR CLUBS QUEEN,0.424,0.0106,0.5654
SPADES JACK SPADES SEVEN,0.2544,0.2678,0.4778
SPADES THREE HEARTS NINE,0.6332,0.0174,0.3494
CLUBS TEN CLUBS KING,0.3476,0.0078,0.6446
CLUBS TEN HEARTS TEN,0.3186,0.0256,0.6558
SPADES KING HEARTS ACE,0.3586,0.0056,0.6358
CLUBS TEN SPADES QUEEN,0.374,0.009,0.617
CLUBS FOUR SPADES FOUR,0.4314,0.051,0.5176
CLUBS TEN SPADES TEN,0.318,0.0266,0.6554
SPADES QUEEN DIAMONDS NINE,0.3824,0.0094,0.6082
HEARTS SIX DIAMONDS TEN,0.6002,0.0182,0.3816
DIAMONDS KING HEARTS TEN,0.3724,0.0074,0.6202
HEARTS SEVEN SPADES FIVE,0.6674,0.063,0.2696
DIAMONDS QUEEN SPADES FOUR,0.4126,0.0116,0.5758
HEARTS THREE HEARTS JACK,0.3574,0.3934,0.2492
SPADES FIVE HEARTS NINE,0.7032,0.0552,0.2416
CLUBS NINE HEARTS TWO,0.6518,0.018,0.3302
CLUBS JACK CLUBS THREE,0.3452,0.4056,0.2492
SPADES NINE SPADES SIX,0.567,0.0194,0.4136
SPADES ACE HEARTS FOUR,0.4126,0.006,0.5814
SPADES QUEEN SPADES SEVEN,0.383,0.013,0.604
SPADES KING SPADES FIVE,0.2628,0.031,0.7062
SPADES QUEEN HEARTS QUEEN,0.1906,0.0114,0.798
HEARTS ACE DIAMONDS TEN,0.3862,0.0042,0.6096
HEARTS SEVEN HEARTS NINE,0.544,0.0194,0.4366
DIAMONDS THREE DIAMONDS QUEEN,0.3754,0.0136,0.611
SPADES JACK SPADES SIX,0.2512,0.3432,0.4056
DIAMONDS NINE CLUBS ACE,0.401,0.005,0.594
SPADES KING SPADES THREE,0.4052,0.0066,0.5882
SPADES SEVEN CLUBS KING,0.406,0.0064,0.5876
SPADES FOUR SPADES THREE,0.593,0.0214,0.3856
DIAMONDS NINE HEARTS JACK,0.2606,0.166,0.5734
SPADES NINE DIAMONDS SIX,0.596,0.016,0.388
DIAMONDS TWO CLUBS TWO,0.4298,0.0498,0.5204
HEARTS EIGHT DIAMONDS KING,0.4058,0.0088,0.5854
HEARTS KING CLUBS KING,0.1938,0.0078,0.7984
DIAMONDS THREE HEARTS TEN,0.6376,0.017,0.3454
SPADES JACK SPADES TWO,0.3498,0.4016,0.2486
CLUBS EIGHT DIAMONDS FOUR,0.6278,0.018,0.3542
CLUBS FIVE CLUBS KING,0.2766,0.033,0.6904
HEARTS FIVE CLUBS KING,0.2894,0.0384,0.6722
DIAMONDS TEN HEARTS JACK,0.2696,0.124,0.6064
HEARTS FOUR HEARTS THREE,0.5918,0.0192,0.389
DIAMONDS NINE DIAMONDS SEVEN,0.5726,0.0154,0.412
HEARTS EIGHT CLUBS FOUR,0.6368,0.0216,0.3416
HEARTS KING DIAMONDS NINE,0.3942,0.0076,0.5982
CLUBS NINE SPADES TEN,0.5594,0.0138,0.4268
SPADES QUEEN CLUBS KING,0.359,0.0064,0.6346
CLUBS ACE DIAMONDS SIX,0.407,0.005,0.588
DIAMONDS NINE DIAMONDS FOUR,0.6404,0.0202,0.3394
CLUBS NINE CLUBS SEVEN,0.5566,0.0142,0.4292
DIAMONDS KING DIAMONDS NINE,0.3304,0.009,0.6606
CLUBS SEVEN CLUBS TWO,0.6154,0.018,0.3666
HEARTS SIX SPADES TWO,0.6544,0.0198,0.3258
CLUBS TEN DIAMONDS SEVEN,0.5856,0.0178,0.3966
SPADES SIX SPADES TWO,0.6096,0.0206,0.3698
CLUBS THREE DIAMONDS TEN,0.6314,0.0188,0.3498
CLUBS FOUR DIAMONDS ACE,0.415,0.0058,0.5792
SPADES KING DIAMONDS NINE,0.3932,0.005,0.6018
DIAMONDS ACE CLUBS QUEEN,0.3528,0.004,0.6432
CLUBS SIX SPADES SIX,0.3386,0.035,0.6264
HEARTS EIGHT SPADES NINE,0.582,0.0176,0.4004
SPADES TEN SPADES SIX,0.5636,0.0158,0.4206
HEARTS SIX CLUBS FOUR,0.6338,0.0222,0.344
DIAMONDS NINE HEARTS QUEEN,0.385,0.011,0.604
SPADES THREE CLUBS ACE,0.433,0.0056,0.5614
DIAMONDS QUEEN HEARTS JACK,0.2646,0.0406,0.6948
HEARTS SEVEN HEARTS FOUR,0.5916,0.0194,0.389
HEARTS SEVEN SPADES TEN,0.5914,0.0138,0.3948
CLUBS FIVE HEARTS ACE,0.2794,0.0274,0.6932
SPADES ACE SPADES NINE,0.3804,0.0052,0.6144
DIAMONDS ACE HEARTS TEN,0.3768,0.0046,0.6186
HEARTS FOUR SPADES SIX,0.6144,0.0184,0.3672
SPADES THREE HEARTS QUEEN,0.4308,0.011,0.5582
SPADES THREE HEARTS KING,0.431,0.0096,0.5594
CLUBS SEVEN SPADES SIX,0.584,0.0202,0.3958
CLUBS TEN HEARTS THREE,0.6522,0.015,0.3328
SPADES NINE HEARTS TWO,0.6526,0.0138,0.3336
SPADES FOUR DIAMONDS SIX,0.6262,0.0182,0.3556
CLUBS FOUR DIAMONDS SIX,0.6246,0.0166,0.3588
HEARTS FIVE CLUBS FIVE,0.3352,0.0422,0.6226
SPADES ACE SPADES THREE,0.4068,0.0042,0.589
SPADES TWO DIAMONDS FOUR,0.6438,0.0228,0.3334
SPADES ACE DIAMONDS QUEEN,0.3474,0.0052,0.6474
CLUBS EIGHT DIAMONDS KING,0.3712,0.0082,0.6206
CLUBS FIVE HEARTS JACK,0.0732,0.906,0.0208
HEARTS SIX CLUBS TWO,0.6394,0.019,0.3416
HEARTS ACE CLUBS KING,0.3658,0.0036,0.6306
DIAMONDS TWO HEARTS QUEEN,0.4314,0.0122,0.5564
SPADES SEVEN HEARTS KING,0.4004,0.01,0.5896
HEARTS SEVEN SPADES EIGHT,0.5648,0.0152,0.42
HEARTS THREE DIAMONDS NINE,0.641,0.0192,0.3398
CLUBS JACK SPADES QUEEN,0.2814,0.0386,0.68
SPADES NINE DIAMONDS SEVEN,0.5846,0.0176,0.3978
CLUBS JACK SPADES JACK,0.146,0.04,0.814
CLUBS JACK CLUBS TEN,0.2534,0.1154,0.6312
HEARTS SIX CLUBS SEVEN,0.5762,0.0164,0.4074
DIAMONDS TEN HEARTS NINE,0.5486,0.016,0.4354
HEARTS THREE CLUBS KING,0.4374,0.0084,0.5542
CLUBS SIX HEARTS KING,0.3974,0.0082,0.5944
HEARTS SIX SPADES NINE,0.6002,0.0192,0.3806
CLUBS THREE DIAMONDS NINE,0.64,0.0182,0.3418
HEARTS KING HEARTS JACK,0.2628,0.0322,0.705
SPADES FIVE HEARTS TEN,0.7126,0.0606,0.2268
CLUBS FIVE CLUBS THREE,0.6316,0.0616,0.3068
HEARTS EIGHT DIAMONDS SIX,0.588,0.018,0.394
SPADES KING CLUBS KING,0.1856,0.0062,0.8082
SPADES THREE CLUBS KING,0.4404,0.0056,0.554
CLUBS TEN HEARTS NINE,0.5704,0.0186,0.411
CLUBS JACK SPADES EIGHT,0.2878,0.1998,0.5124
SPADES EIGHT SPADES TWO,0.6168,0.0176,0.3656
HEARTS TWO DIAMONDS FOUR,0.6638,0.0234,0.3128
HEARTS EIGHT DIAMONDS TWO,0.646,0.0224,0.3316
SPADES TEN DIAMONDS FOUR,0.6384,0.022,0.3396
HEARTS SIX DIAMONDS SEVEN,0.5712,0.0176,0.4112
SPADES TEN CLUBS FOUR,0.6324,0.0216,0.346
SPADES EIGHT DIAMONDS ACE,0.4028,0.0052,0.592
HEARTS SEVEN CLUBS QUEEN,0.4074,0.0108,0.5818
SPADES ACE DIAMONDS THREE,0.4066,0.0072,0.5862
HEARTS THREE HEARTS TEN,0.6102,0.0164,0.3734
HEARTS FOUR HEARTS NINE,0.6104,0.0182,0.3714
SPADES SIX HEARTS JACK,0.2762,0.368,0.3558
HEARTS TWO HEARTS KING,0.4152,0.0068,0.578
DIAMONDS EIGHT DIAMONDS SIX,0.5766,0.0174,0.406
DIAMONDS ACE DIAMONDS NINE,0.3498,0.006,0.6442
SPADES EIGHT CLUBS THREE,0.6572,0.0188,0.324
DIAMONDS ACE HEARTS JACK,0.2632,0.0208,0.716
SPADES KING CLUBS FOUR,0.4294,0.009,0.5616
HEARTS THREE SPADES FIVE,0.6896,0.0576,0.2528
CLUBS JACK DIAMONDS SEVEN,0.255,0.2878,0.4572
SPADES JACK SPADES NINE,0.2598,0.1532,0.587
CLUBS FOUR HEARTS NINE,0.6444,0.0188,0.3368
CLUBS TEN DIAMONDS EIGHT,0.571,0.0182,0.4108
SPADES QUEEN HEARTS SIX,0.4054,0.0126,0.582
HEARTS THREE CLUBS FIVE,0.6808,0.0676,0.2516
SPADES JACK DIAMONDS ACE,0.261,0.0202,0.7188
DIAMONDS TWO HEARTS TEN,0.646,0.0172,0.3368
CLUBS SEVEN HEARTS ACE,0.4014,0.0042,0.5944
SPADES QUEEN HEARTS NINE,0.3758,0.0106,0.6136
SPADES JACK DIAMONDS KING,0.2572,0.0344,0.7084
CLUBS SEVEN HEARTS NINE,0.588,0.0156,0.3964
HEARTS TEN DIAMONDS SIX,0.6002,0.019,0.3808
DIAMONDS EIGHT CLUBS ACE,0.4042,0.0052,0.5906
SPADES ACE CLUBS SIX,0.3794,0.0046,0.616
SPADES THREE DIAMONDS SEVEN,0.638,0.0188,0.3432
DIAMONDS TWO CLUBS NINE,0.639,0.0198,0.3412
CLUBS EIGHT CLUBS THREE,0.6184,0.0188,0.3628
HEARTS KING HEARTS TEN,0.3616,0.008,0.6304
SPADES SIX SPADES THREE,0.5906,0.0228,0.3866
SPADES SIX DIAMONDS EIGHT,0.5832,0.018,0.3988
DIAMONDS QUEEN HEARTS ACE,0.3632,0.0038,0.633
DIAMONDS EIGHT CLUBS KING,0.399,0.0058,0.5952
CLUBS EIGHT HEARTS FOUR,0.6428,0.0196,0.3376
HEARTS THREE DIAMONDS KING,0.4178,0.0096,0.5726
SPADES SIX DIAMONDS SEVEN,0.594,0.0194,0.3866
HEARTS TWO CLUBS TWO,0.445,0.0454,0.5096
SPADES JACK DIAMONDS NINE,0.2566,0.1612,0.5822
DIAMONDS QUEEN CLUBS QUEEN,0.177,0.0122,0.8108
CLUBS FOUR DIAMONDS NINE,0.65,0.0166,0.3334
HEARTS TWO HEARTS JACK,0.3502,0.4062,0.2436
HEARTS EIGHT HEARTS QUEEN,0.3674,0.0104,0.6222
CLUBS EIGHT CLUBS ACE,0.3634,0.0054,0.6312
SPADES TEN SPADES THREE,0.6176,0.0164,0.366
DIAMONDS SEVEN HEARTS TEN,0.5892,0.0194,0.3914
DIAMONDS KING DIAMONDS SIX,0.3586,0.0044,0.637
CLUBS ACE CLUBS QUEEN,0.3386,0.0052,0.6562
CLUBS NINE CLUBS ACE,0.3844,0.0052,0.6104
CLUBS JACK CLUBS SIX,0.2604,0.3352,0.4044
CLUBS JACK HEARTS THREE,0.3564,0.4374,0.2062
CLUBS THREE CLUBS ACE,0.3952,0.004,0.6008
DIAMONDS THREE CLUBS SIX,0.6324,0.022,0.3456
CLUBS SEVEN CLUBS KING,0.385,0.0066,0.6084
SPADES ACE SPADES TEN,0.366,0.0036,0.6304
CLUBS JACK DIAMONDS EIGHT,0.2652,0.211,0.5238
DIAMONDS TEN HEARTS KING,0.3714,0.0068,0.6218
SPADES QUEEN HEARTS ACE,0.371,0.0028,0.6262
SPADES QUEEN DIAMONDS TEN,0.3576,0.013,0.6294
CLUBS TEN SPADES FIVE,0.7266,0.057,0.2164
CLUBS EIGHT HEARTS NINE,0.5712,0.016,0.4128
SPADES FIVE HEARTS KING,0.276,0.04,0.684
SPADES THREE HEARTS TEN,0.6472,0.0146,0.3382
DIAMONDS SEVEN CLUBS QUEEN,0.3974,0.0132,0.5894
CLUBS THREE DIAMONDS SIX,0.6368,0.0176,0.3456
DIAMONDS EIGHT DIAMONDS FOUR,0.6306,0.0202,0.3492
CLUBS SIX DIAMONDS NINE,0.6054,0.0194,0.3752
CLUBS SEVEN DIAMONDS EIGHT,0.5824,0.0166,0.401
HEARTS THREE DIAMONDS TEN,0.6364,0.0174,0.3462
SPADES SIX HEARTS TEN,0.6018,0.0192,0.379
CLUBS TEN DIAMONDS QUEEN,0.3552,0.0108,0.634
DIAMONDS TWO HEARTS KING,0.433,0.0094,0.5576
SPADES FOUR HEARTS JACK,0.3502,0.4386,0.2112
CLUBS TWO DIAMONDS SIX,0.6442,0.023,0.3328
SPADES KING SPADES JACK,0.269,0.026,0.705
SPADES NINE DIAMONDS TEN,0.57,0.0166,0.4134
SPADES KING DIAMONDS FOUR,0.4304,0.0076,0.562
CLUBS FOUR SPADES TWO,0.658,0.0212,0.3208
DIAMONDS TWO SPADES TWO,0.4494,0.0456,0.505
CLUBS EIGHT CLUBS SEVEN,0.5416,0.0166,0.4418
DIAMONDS THREE DIAMONDS SEVEN,0.6268,0.0218,0.3514
SPADES QUEEN HEARTS KING,0.363,0.0054,0.6316
HEARTS EIGHT SPADES SIX,0.5956,0.0186,0.3858
CLUBS NINE SPADES NINE,0.333,0.0242,0.6428
SPADES FOUR HEARTS ACE,0.419,0.0054,0.5756
HEARTS SIX HEARTS FIVE,0.6272,0.0564,0.3164
DIAMONDS THREE HEARTS NINE,0.653,0.0198,0.3272
HEARTS THREE CLUBS ACE,0.4252,0.0044,0.5704
HEARTS EIGHT CLUBS QUEEN,0.3852,0.011,0.6038
HEARTS THREE CLUBS TWO,0.6598,0.0212,0.319
DIAMONDS ACE CLUBS ACE,0.1684,0.003,0.8286
SPADES ACE CLUBS JACK,0.2756,0.0182,0.7062
SPADES JACK HEARTS ACE,0.283,0.0234,0.6936
SPADES TEN DIAMONDS QUEEN,0.363,0.011,0.626
CLUBS TEN HEARTS SIX,0.6076,0.0142,0.3782
SPADES ACE HEARTS THREE,0.4284,0.0038,0.5678
HEARTS SIX DIAMONDS SIX,0.3438,0.0452,0.611
SPADES FIVE HEARTS QUEEN,0.2766,0.0502,0.6732
DIAMONDS TWO DIAMONDS NINE,0.6418,0.0196,0.3386
DIAMONDS THREE CLUBS FOUR,0.627,0.0212,0.3518
SPADES TEN HEARTS KING,0.38,0.0074,0.6126
DIAMONDS KING DIAMONDS EIGHT,0.3486,0.0086,0.6428
DIAMONDS QUEEN DIAMONDS NINE,0.3286,0.0112,0.6602
SPADES ACE SPADES FIVE,0.2744,0.0238,0.7018
DIAMONDS KING HEARTS ACE,0.356,0.005,0.639
SPADES TEN HEARTS FOUR,0.6566,0.0158,0.3276
SPADES FIVE DIAMONDS FOUR,0.6622,0.0678,0.27
CLUBS JACK DIAMONDS SIX,0.2408,0.3804,0.3788
DIAMONDS TWO SPADES QUEEN,0.43,0.012,0.558
SPADES TEN DIAMONDS KING,0.3662,0.0086,0.6252
HEARTS ACE CLUBS ACE,0.1804,0.0038,0.8158
DIAMONDS THREE DIAMONDS TWO,0.6404,0.025,0.3346
CLUBS EIGHT HEARTS ACE,0.4118,0.0044,0.5838
HEARTS JACK DIAMONDS FOUR,0.35,0.4408,0.2092
CLUBS JACK SPADES KING,0.2708,0.03,0.6992
SPADES ACE HEARTS TEN,0.389,0.0028,0.6082
SPADES SEVEN CLUBS ACE,0.4016,0.0036,0.5948
HEARTS SEVEN CLUBS KING,0.4042,0.0076,0.5882
CLUBS FIVE CLUBS ACE,0.2594,0.0254,0.7152
HEARTS SEVEN CLUBS SIX,0.589,0.0176,0.3934
DIAMONDS SEVEN DIAMONDS FOUR,0.6206,0.024,0.3554
SPADES ACE DIAMONDS EIGHT,0.3988,0.0068,0.5944
DIAMONDS SEVEN CLUBS KING,0.3948,0.01,0.5952
CLUBS JACK HEARTS SIX,0.278,0.3644,0.3576
CLUBS NINE SPADES THREE,0.6578,0.017,0.3252
CLUBS SEVEN SPADES NINE,0.5888,0.0156,0.3956
HEARTS FIVE CLUBS TWO,0.6888,0.0656,0.2456
CLUBS JACK CLUBS QUEEN,0.2618,0.0374,0.7008
HEARTS THREE DIAMONDS ACE,0.4086,0.005,0.5864
HEARTS THREE DIAMONDS SIX,0.6232,0.0224,0.3544
SPADES FIVE SPADES THREE,0.6452,0.0544,0.3004
CLUBS EIGHT SPADES FOUR,0.6368,0.017,0.3462
HEARTS KING CLUBS ACE,0.3812,0.0038,0.615
SPADES ACE SPADES JACK,0.2536,0.018,0.7284
SPADES NINE CLUBS QUEEN,0.3902,0.0104,0.5994
SPADES FOUR HEARTS TEN,0.6458,0.0162,0.338
CLUBS NINE CLUBS QUEEN,0.3548,0.0096,0.6356
HEARTS FOUR HEARTS JACK,0.3502,0.4024,0.2474
SPADES SEVEN HEARTS TEN,0.5882,0.0148,0.397
SPADES SIX DIAMONDS SIX,0.3352,0.0418,0.623
HEARTS TWO HEARTS QUEEN,0.4064,0.0112,0.5824
HEARTS EIGHT DIAMONDS EIGHT,0.3266,0.0298,0.6436
CLUBS EIGHT CLUBS FOUR,0.6054,0.0172,0.3774
CLUBS THREE HEARTS JACK,0.3642,0.4318,0.204
SPADES ACE CLUBS ACE,0.1772,0.0028,0.82
CLUBS ACE CLUBS KING,0.346,0.0036,0.6504
SPADES JACK CLUBS QUEEN,0.2752,0.0382,0.6866
DIAMONDS QUEEN DIAMONDS SEVEN,0.3492,0.012,0.6388
CLUBS SIX DIAMONDS SIX,0.3384,0.0412,0.6204
SPADES QUEEN HEARTS JACK,0.2826,0.0382,0.6792
DIAMONDS TWO DIAMONDS FOUR,0.6458,0.0212,0.333
DIAMONDS THREE SPADES FIVE,0.6808,0.0616,0.2576
SPADES QUEEN DIAMONDS SIX,0.404,0.0092,0.5868
CLUBS NINE HEARTS THREE,0.6538,0.0158,0.3304
DIAMONDS THREE CLUBS TWO,0.649,0.0232,0.3278
CLUBS THREE HEARTS ACE,0.4318,0.0052,0.563
SPADES SIX CLUBS QUEEN,0.398,0.0102,0.5918
CLUBS NINE CLUBS KING,0.367,0.0088,0.6242
CLUBS TEN DIAMONDS TWO,0.639,0.0176,0.3434
SPADES TEN DIAMONDS ACE,0.375,0.0064,0.6186
SPADES SEVEN SPADES TWO,0.612,0.017,0.371
SPADES KING CLUBS SEVEN,0.4106,0.0068,0.5826
CLUBS SEVEN CLUBS QUEEN,0.3838,0.0102,0.606
SPADES ACE CLUBS KING,0.367,0.0044,0.6286
CLUBS JACK HEARTS SEVEN,0.2718,0.282,0.4462
HEARTS SEVEN SPADES QUEEN,0.4182,0.0108,0.571
HEARTS SIX CLUBS SIX,0.3568,0.047,0.5962
CLUBS TEN SPADES NINE,0.5694,0.014,0.4166
DIAMONDS THREE CLUBS EIGHT,0.6432,0.0186,0.3382
SPADES THREE DIAMONDS FOUR,0.6464,0.0202,0.3334
CLUBS SIX HEARTS JACK,0.2638,0.373,0.3632
HEARTS SEVEN HEARTS KING,0.3854,0.0074,0.6072
SPADES ACE SPADES TWO,0.4088,0.0036,0.5876
DIAMONDS TEN SPADES TWO,0.6454,0.0178,0.3368
SPADES FIVE CLUBS ACE,0.2696,0.0226,0.7078
HEARTS SIX CLUBS FIVE,0.6784,0.0614,0.2602
HEARTS SEVEN CLUBS EIGHT,0.575,0.0166,0.4084
DIAMONDS ACE HEARTS ACE,0.1722,0.005,0.8228
HEARTS QUEEN DIAMONDS SIX,0.3972,0.0134,0.5894
DIAMONDS TWO HEARTS JACK,0.361,0.4356,0.2034
SPADES QUEEN CLUBS SEVEN,0.4076,0.0094,0.583
HEARTS SIX SPADES THREE,0.6494,0.0166,0.334
DIAMONDS NINE HEARTS TEN,0.5586,0.0164,0.425
CLUBS FOUR SPADES SIX,0.6272,0.0174,0.3554
HEARTS JACK HEARTS TEN,0.2504,0.1006,0.649
SPADES KING DIAMONDS SIX,0.3988,0.008,0.5932
CLUBS NINE HEARTS KING,0.399,0.0054,0.5956
HEARTS FOUR DIAMONDS SEVEN,0.6202,0.0196,0.3602
CLUBS KING HEARTS NINE,0.388,0.0062,0.6058
HEARTS SEVEN HEARTS FIVE,0.6358,0.0582,0.306
SPADES TWO HEARTS TEN,0.6388,0.0198,0.3414
SPADES QUEEN CLUBS FOUR,0.4202,0.0132,0.5666
CLUBS EIGHT HEARTS TWO,0.6518,0.0172,0.331
DIAMONDS ACE HEARTS QUEEN,0.35,0.0052,0.6448
DIAMONDS TWO DIAMONDS EIGHT,0.6482,0.0234,0.3284
CLUBS NINE HEARTS NINE,0.3254,0.029,0.6456
CLUBS EIGHT DIAMONDS NINE,0.5588,0.0162,0.425
HEARTS FOUR DIAMONDS KING,0.4214,0.009,0.5696
DIAMONDS TEN DIAMONDS EIGHT,0.5616,0.019,0.4194
SPADES TEN CLUBS THREE,0.6308,0.0176,0.3516
HEARTS FOUR DIAMONDS NINE,0.6478,0.0156,0.3366
SPADES QUEEN SPADES TEN,0.3448,0.0064,0.6488
CLUBS JACK DIAMONDS NINE,0.2726,0.1618,0.5656
SPADES JACK HEARTS THREE,0.3628,0.4392,0.198
HEARTS KING HEARTS NINE,0.3752,0.0076,0.6172
SPADES TEN SPADES EIGHT,0.5556,0.0118,0.4326
SPADES SIX HEARTS KING,0.3994,0.0066,0.594
SPADES QUEEN HEARTS FOUR,0.4316,0.0128,0.5556
SPADES JACK HEARTS FIVE,0.072,0.9064,0.0216
SPADES ACE HEARTS EIGHT,0.4044,0.0042,0.5914
SPADES EIGHT HEARTS NINE,0.577,0.015,0.408
HEARTS KING DIAMONDS FOUR,0.426,0.0096,0.5644
DIAMONDS ACE SPADES THREE,0.414,0.0036,0.5824
CLUBS NINE CLUBS EIGHT,0.5268,0.0164,0.4568
SPADES JACK HEARTS JACK,0.1462,0.0322,0.8216
SPADES NINE HEARTS TEN,0.5598,0.0214,0.4188
HEARTS QUEEN HEARTS NINE,0.3714,0.0144,0.6142
DIAMONDS ACE DIAMONDS EIGHT,0.3444,0.0048,0.6508
HEARTS THREE SPADES EIGHT,0.658,0.0184,0.3236
CLUBS FIVE DIAMONDS EIGHT,0.69,0.056,0.254
HEARTS EIGHT CLUBS NINE,0.5776,0.0142,0.4082
HEARTS SEVEN CLUBS NINE,0.597,0.0152,0.3878
SPADES KING CLUBS ACE,0.3668,0.005,0.6282
SPADES ACE CLUBS SEVEN,0.3906,0.0046,0.6048
CLUBS EIGHT HEARTS FIVE,0.6898,0.0566,0.2536
CLUBS FIVE SPADES SIX,0.6798,0.0496,0.2706
CLUBS TEN HEARTS TWO,0.646,0.0178,0.3362
SPADES QUEEN SPADES EIGHT,0.3802,0.0116,0.6082
SPADES ACE HEARTS QUEEN,0.3696,0.0038,0.6266
CLUBS THREE HEARTS NINE,0.655,0.0166,0.3284
SPADES QUEEN SPADES SIX,0.3874,0.0098,0.6028
DIAMONDS TEN HEARTS TEN,0.304,0.0256,0.6704
CLUBS NINE SPADES FOUR,0.6476,0.0146,0.3378
HEARTS FOUR DIAMONDS ACE,0.3988,0.0058,0.5954
SPADES TEN CLUBS SIX,0.6122,0.0178,0.37
HEARTS TWO DIAMONDS ACE,0.4118,0.0066,0.5816
HEARTS EIGHT HEARTS THREE,0.6166,0.017,0.3664
HEARTS TWO DIAMONDS QUEEN,0.43,0.0124,0.5576
SPADES FOUR DIAMONDS NINE,0.6554,0.0202,0.3244
SPADES ACE CLUBS TEN,0.3824,0.0048,0.6128
SPADES QUEEN HEARTS FIVE,0.2776,0.0518,0.6706
DIAMONDS TWO SPADES NINE,0.6398,0.0188,0.3414
CLUBS TEN HEARTS JACK,0.2782,0.1128,0.609
HEARTS SIX HEARTS TEN,0.5724,0.0144,0.4132
SPADES ACE HEARTS JACK,0.2746,0.0224,0.703
SPADES TEN HEARTS THREE,0.6512,0.0178,0.331
DIAMONDS KING DIAMONDS SEVEN,0.3582,0.0078,0.634
SPADES TWO HEARTS NINE,0.6462,0.0204,0.3334
CLUBS NINE HEARTS TEN,0.5578,0.0152,0.427
DIAMONDS QUEEN HEARTS KING,0.3446,0.008,0.6474
SPADES EIGHT DIAMONDS QUEEN,0.3896,0.0142,0.5962
SPADES SEVEN CLUBS QUEEN,0.4064,0.0082,0.5854
SPADES KING HEARTS KING,0.183,0.0074,0.8096
HEARTS TWO DIAMONDS SIX,0.6354,0.0202,0.3444
SPADES QUEEN SPADES THREE,0.4042,0.011,0.5848
CLUBS EIGHT SPADES TWO,0.643,0.0182,0.3388
CLUBS TEN CLUBS QUEEN,0.3548,0.0084,0.6368
SPADES QUEEN CLUBS SIX,0.4124,0.0112,0.5764
SPADES SEVEN HEARTS JACK,0.2856,0.283,0.4314
DIAMONDS THREE DIAMONDS KING,0.3816,0.0112,0.6072
CLUBS FIVE CLUBS TWO,0.6376,0.072,0.2904
SPADES ACE DIAMONDS KING,0.3524,0.005,0.6426
CLUBS FIVE SPADES FOUR,0.6718,0.0582,0.27
HEARTS SEVEN DIAMONDS ACE,0.3806,0.0054,0.614
CLUBS SEVEN SPADES EIGHT,0.57,0.0142,0.4158
SPADES SIX HEARTS QUEEN,0.4054,0.0094,0.5852
CLUBS FIVE SPADES FIVE,0.329,0.0408,0.6302
CLUBS SEVEN HEARTS TWO,0.6672,0.0194,0.3134
SPADES QUEEN SPADES FOUR,0.4002,0.0122,0.5876
HEARTS SIX SPADES SEVEN,0.594,0.0136,0.3924
DIAMONDS TWO CLUBS SEVEN,0.653,0.0172,0.3298
HEARTS SIX SPADES SIX,0.3536,0.0352,0.6112
HEARTS FIVE HEARTS ACE,0.2684,0.027,0.7046
HEARTS FIVE DIAMONDS TEN,0.7144,0.0594,0.2262
DIAMONDS TWO DIAMONDS QUEEN,0.3812,0.0172,0.6016
CLUBS TEN DIAMONDS TEN,0.3114,0.0246,0.664
SPADES JACK CLUBS THREE,0.3524,0.4354,0.2122
DIAMONDS TWO HEARTS THREE,0.6508,0.0206,0.3286
CLUBS FIVE HEARTS QUEEN,0.275,0.0514,0.6736
SPADES ACE CLUBS FIVE,0.2892,0.027,0.6838
SPADES QUEEN SPADES NINE,0.376,0.0088,0.6152
SPADES ACE SPADES KING,0.339,0.0048,0.6562
DIAMONDS TWO SPADES THREE,0.6546,0.0238,0.3216
DIAMONDS QUEEN DIAMONDS FOUR,0.383,0.0118,0.6052
SPADES SIX HEARTS ACE,0.3984,0.0038,0.5978
DIAMONDS THREE SPADES JACK,0.344,0.4456,0.2104
SPADES NINE CLUBS THREE,0.6502,0.0172,0.3326
HEARTS FIVE DIAMONDS SEVEN,0.68,0.0624,0.2576
HEARTS FIVE HEARTS TEN,0.6642,0.0602,0.2756
HEARTS ACE HEARTS NINE,0.3812,0.0028,0.616
DIAMONDS TWO SPADES FIVE,0.6826,0.066,0.2514
HEARTS TWO CLUBS THREE,0.6536,0.022,0.3244
CLUBS SIX HEARTS NINE,0.6036,0.0186,0.3778
HEARTS FOUR DIAMONDS EIGHT,0.64,0.0154,0.3446
CLUBS SIX CLUBS QUEEN,0.3636,0.012,0.6244
