opposingHand,winningChance,drawChance,lostChance
DIAMONDS ACE CLUBS KING
HEARTS FIVE SPADES TEN,0.6782,0.0032,0.3186
HEARTS FIVE SPADES JACK,0.6606,0.0048,0.3346
SPADES FIVE CLUBS JACK,0.669,0.0034,0.3276
CLUBS TEN SPADES FIVE,0.6764,0.0038,0.3198
CLUBS EIGHT CLUBS JACK,0.6096,0.0068,0.3836
CLUBS TEN CLUBS EIGHT,0.6134,0.0048,0.3818
SPADES FIVE CLUBS ACE,0.667,0.0518,0.2812
CLUBS EIGHT CLUBS QUEEN,0.647,0.0056,0.3474
SPADES FIVE CLUBS QUEEN,0.6616,0.0038,0.3346
CLUBS EIGHT CLUBS ACE,0.671,0.0434,0.2856
DIAMONDS TWO DIAMONDS THREE,0.619,0.0048,0.3762
DIAMONDS TWO DIAMONDS FIVE,0.6242,0.0068,0.369
HEARTS FIVE SPADES KING,0.7694,0.0098,0.2208
DIAMONDS TWO DIAMONDS FOUR,0.6214,0.0052,0.3734
HEARTS FIVE SPADES QUEEN,0.678,0.0026,0.3194
DIAMONDS TWO DIAMONDS SEVEN,0.656,0.0048,0.3392
DIAMONDS TWO DIAMONDS SIX,0.641,0.006,0.353
SPADES ACE HEARTS FIVE,0.6856,0.05,0.2644
DIAMONDS TWO DIAMONDS NINE,0.6386,0.0036,0.3578
DIAMONDS TWO DIAMONDS EIGHT,0.6442,0.0048,0.351
DIAMONDS THREE DIAMONDS FOUR,0.607,0.0068,0.3862
CLUBS TWO SPADES FOUR,0.6572,0.0062,0.3366
DIAMONDS THREE DIAMONDS FIVE,0.6086,0.006,0.3854
SPADES FIVE CLUBS TWO,0.651,0.0036,0.3454
CLUBS TWO SPADES TWO,0.4682,0.0048,0.527
CLUBS TWO SPADES THREE,0.6582,0.0054,0.3364
DIAMONDS THREE DIAMONDS EIGHT,0.643,0.0052,0.3518
SPADES EIGHT CLUBS TWO,0.6692,0.0062,0.3246
DIAMONDS THREE DIAMONDS NINE,0.6366,0.0046,0.3588
SPADES NINE CLUBS TWO,0.6712,0.0044,0.3244
DIAMONDS THREE DIAMONDS SIX,0.6258,0.0052,0.369
SPADES SIX CLUBS TWO,0.6586,0.0044,0.337
DIAMONDS THREE DIAMONDS SEVEN,0.6314,0.0042,0.3644
SPADES SEVEN CLUBS TWO,0.6778,0.004,0.3182
CLUBS SIX CLUBS TWO,0.6382,0.0054,0.3564
CLUBS SEVEN CLUBS TWO,0.6388,0.0046,0.3566
CLUBS FOUR CLUBS TWO,0.6138,0.0058,0.3804
CLUBS FIVE CLUBS TWO,0.618,0.007,0.375
CLUBS TEN CLUBS JACK,0.598,0.0052,0.3968
DIAMONDS FOUR DIAMONDS SIX,0.6094,0.0056,0.385
CLUBS TEN CLUBS QUEEN,0.6318,0.004,0.3642
DIAMONDS FOUR DIAMONDS SEVEN,0.63,0.0066,0.3634
CLUBS TEN CLUBS ACE,0.659,0.053,0.288
CLUBS EIGHT CLUBS TWO,0.6344,0.0062,0.3594
DIAMONDS FIVE DIAMONDS FOUR,0.5892,0.0052,0.4056
CLUBS NINE CLUBS TWO,0.6476,0.0058,0.3466
DIAMONDS NINE DIAMONDS FOUR,0.6538,0.0072,0.339
DIAMONDS EIGHT DIAMONDS FOUR,0.6272,0.0066,0.3662
CLUBS THREE CLUBS TWO,0.6244,0.0048,0.3708
DIAMONDS NINE DIAMONDS FIVE,0.64,0.0052,0.3548
DIAMONDS TWO CLUBS JACK,0.685,0.005,0.31
DIAMONDS EIGHT DIAMONDS FIVE,0.627,0.005,0.368
CLUBS TEN DIAMONDS TWO,0.6836,0.0052,0.3112
DIAMONDS FIVE DIAMONDS SEVEN,0.6124,0.0042,0.3834
DIAMONDS FIVE DIAMONDS SIX,0.6038,0.007,0.3892
DIAMONDS TWO CLUBS ACE,0.7064,0.0512,0.2424
DIAMONDS TWO CLUBS QUEEN,0.6766,0.0066,0.3168
DIAMONDS EIGHT DIAMONDS SIX,0.6124,0.004,0.3836
DIAMONDS NINE DIAMONDS SIX,0.6226,0.003,0.3744
HEARTS ACE SPADES THREE,0.6988,0.0486,0.2526
SPADES THREE HEARTS KING,0.7506,0.0112,0.2382
DIAMONDS SEVEN DIAMONDS SIX,0.5974,0.005,0.3976
HEARTS QUEEN SPADES THREE,0.6824,0.0046,0.313
SPADES THREE HEARTS JACK,0.6714,0.0028,0.3258
SPADES THREE HEARTS TEN,0.6654,0.0032,0.3314
DIAMONDS EIGHT DIAMONDS SEVEN,0.5972,0.0038,0.399
DIAMONDS NINE DIAMONDS SEVEN,0.6058,0.0026,0.3916
DIAMONDS NINE DIAMONDS EIGHT,0.601,0.0054,0.3936
DIAMONDS KING HEARTS TEN,0.7318,0.0146,0.2536
HEARTS THREE HEARTS TEN,0.6414,0.0036,0.355
SPADES JACK CLUBS SIX,0.6718,0.006,0.3222
DIAMONDS KING HEARTS JACK,0.753,0.01,0.237
HEARTS THREE HEARTS JACK,0.6378,0.0048,0.3574
SPADES TEN CLUBS SIX,0.6678,0.004,0.3282
SPADES JACK SPADES FIVE,0.617,0.005,0.378
SPADES TEN SPADES FIVE,0.6246,0.0042,0.3712
DIAMONDS KING HEARTS ACE,0.019,0.9708,0.0102
HEARTS THREE HEARTS ACE,0.6582,0.0422,0.2996
SPADES ACE CLUBS SIX,0.712,0.042,0.246
DIAMONDS KING HEARTS QUEEN,0.7508,0.0126,0.2366
HEARTS THREE HEARTS QUEEN,0.6372,0.0036,0.3592
SPADES KING CLUBS SIX,0.7542,0.0114,0.2344
DIAMONDS KING HEARTS KING,0.291,0.0092,0.6998
HEARTS THREE HEARTS KING,0.7214,0.0098,0.2688
SPADES QUEEN CLUBS SIX,0.6772,0.0044,0.3184
SPADES NINE HEARTS TEN,0.6242,0.0038,0.372
SPADES NINE HEARTS JACK,0.6464,0.0044,0.3492
SPADES QUEEN SPADES FIVE,0.622,0.0046,0.3734
SPADES KING SPADES FIVE,0.7074,0.0122,0.2804
SPADES ACE SPADES FIVE,0.648,0.0436,0.3084
SPADES NINE HEARTS QUEEN,0.6496,0.0018,0.3486
SPADES NINE HEARTS KING,0.7624,0.0134,0.2242
SPADES NINE HEARTS ACE,0.7098,0.047,0.2432
CLUBS TEN SPADES JACK,0.6198,0.0038,0.3764
CLUBS TEN SPADES TEN,0.4304,0.0028,0.5668
SPADES ACE CLUBS TEN,0.704,0.0492,0.2468
SPADES KING CLUBS TEN,0.7532,0.0098,0.237
CLUBS TEN SPADES QUEEN,0.6356,0.0038,0.3606
SPADES FIVE HEARTS QUEEN,0.6724,0.004,0.3236
SPADES FIVE HEARTS KING,0.746,0.0104,0.2436
HEARTS ACE SPADES FIVE,0.6818,0.0436,0.2746
CLUBS EIGHT SPADES TEN,0.6336,0.0042,0.3622
SPADES JACK HEARTS THREE,0.6694,0.005,0.3256
SPADES JACK DIAMONDS KING,0.7462,0.0128,0.241
SPADES TEN DIAMONDS KING,0.73,0.0132,0.2568
SPADES TEN HEARTS THREE,0.6726,0.0042,0.3232
SPADES JACK CLUBS EIGHT,0.66,0.0034,0.3366
CLUBS SIX HEARTS ACE,0.7146,0.049,0.2364
SPADES ACE CLUBS EIGHT,0.7166,0.0462,0.2372
HEARTS FIVE CLUBS JACK,0.6728,0.0038,0.3234
HEARTS FIVE CLUBS TEN,0.6638,0.0038,0.3324
CLUBS SIX HEARTS QUEEN,0.6698,0.0042,0.326
SPADES QUEEN CLUBS EIGHT,0.6642,0.0058,0.33
CLUBS TEN SPADES THREE,0.6812,0.005,0.3138
CLUBS SIX HEARTS KING,0.7666,0.0102,0.2232
SPADES KING CLUBS EIGHT,0.7636,0.0106,0.2258
SPADES THREE CLUBS JACK,0.6806,0.0048,0.3146
DIAMONDS TWO HEARTS JACK,0.6834,0.0034,0.3132
SPADES THREE CLUBS QUEEN,0.686,0.0052,0.3088
DIAMONDS TWO HEARTS TEN,0.6782,0.004,0.3178
HEARTS FIVE CLUBS ACE,0.6852,0.046,0.2688
SPADES FIVE HEARTS TEN,0.6702,0.0046,0.3252
SPADES THREE CLUBS ACE,0.6856,0.0484,0.266
SPADES FIVE HEARTS JACK,0.6576,0.0042,0.3382
HEARTS FIVE CLUBS QUEEN,0.673,0.0052,0.3218
HEARTS THREE CLUBS QUEEN,0.6826,0.0052,0.3122
DIAMONDS KING CLUBS QUEEN,0.7532,0.0126,0.2342
HEARTS FIVE HEARTS JACK,0.6204,0.006,0.3736
HEARTS FIVE HEARTS TEN,0.6202,0.0044,0.3754
HEARTS THREE CLUBS ACE,0.6876,0.0496,0.2628
DIAMONDS KING CLUBS ACE,0.0062,0.9876,0.0062
SPADES ACE CLUBS QUEEN,0.7194,0.0506,0.23
SPADES KING CLUBS QUEEN,0.7574,0.0098,0.2328
HEARTS THREE CLUBS JACK,0.6686,0.0056,0.3258
DIAMONDS KING CLUBS JACK,0.7528,0.0148,0.2324
SPADES QUEEN CLUBS QUEEN,0.4218,0.0038,0.5744
CLUBS TEN HEARTS THREE,0.682,0.0062,0.3118
CLUBS TEN DIAMONDS KING,0.7498,0.0128,0.2374
SPADES JACK CLUBS QUEEN,0.6622,0.004,0.3338
CLUBS SIX CLUBS QUEEN,0.6508,0.0048,0.3444
SPADES TEN CLUBS QUEEN,0.651,0.0044,0.3446
CLUBS SIX CLUBS ACE,0.6702,0.0438,0.286
HEARTS FIVE HEARTS KING,0.7108,0.0102,0.279
HEARTS FIVE HEARTS QUEEN,0.6224,0.0052,0.3724
CLUBS TEN CLUBS SIX,0.6366,0.0036,0.3598
HEARTS FIVE HEARTS ACE,0.6498,0.0454,0.3048
CLUBS SIX CLUBS JACK,0.6322,0.0054,0.3624
SPADES SEVEN HEARTS JACK,0.669,0.0032,0.3278
SPADES SEVEN HEARTS TEN,0.6402,0.0036,0.3562
DIAMONDS TWO CLUBS TWO,0.4706,0.0086,0.5208
DIAMONDS TWO CLUBS THREE,0.6608,0.008,0.3312
DIAMONDS TWO HEARTS SIX,0.6638,0.004,0.3322
DIAMONDS TWO HEARTS QUEEN,0.6874,0.0054,0.3072
HEARTS SEVEN DIAMONDS TWO,0.6658,0.0056,0.3286
DIAMONDS TWO HEARTS KING,0.7796,0.0106,0.2098
DIAMONDS TWO HEARTS EIGHT,0.669,0.005,0.326
DIAMONDS TWO HEARTS ACE,0.7066,0.0476,0.2458
DIAMONDS TWO HEARTS NINE,0.6754,0.004,0.3206
DIAMONDS TWO DIAMONDS QUEEN,0.6508,0.0048,0.3444
DIAMONDS TWO HEARTS TWO,0.4682,0.0064,0.5254
DIAMONDS TWO DIAMONDS KING,0.7392,0.0128,0.248
DIAMONDS TWO HEARTS THREE,0.6552,0.0052,0.3396
HEARTS FOUR DIAMONDS TWO,0.652,0.0062,0.3418
HEARTS FIVE DIAMONDS TWO,0.6384,0.0038,0.3578
SPADES SEVEN HEARTS ACE,0.6996,0.0478,0.2526
DIAMONDS TWO DIAMONDS TEN,0.6422,0.0044,0.3534
SPADES SEVEN HEARTS KING,0.748,0.0142,0.2378
DIAMONDS TWO DIAMONDS JACK,0.6434,0.0058,0.3508
SPADES SEVEN HEARTS QUEEN,0.6684,0.004,0.3276
DIAMONDS TWO SPADES NINE,0.671,0.0074,0.3216
DIAMONDS TWO SPADES EIGHT,0.6798,0.0052,0.315
DIAMONDS TWO SPADES SEVEN,0.6614,0.0048,0.3338
DIAMONDS TWO SPADES SIX,0.6576,0.0074,0.335
DIAMONDS TWO SPADES FIVE,0.6532,0.0038,0.343
DIAMONDS TWO SPADES FOUR,0.6538,0.0056,0.3406
DIAMONDS TWO SPADES THREE,0.6666,0.0048,0.3286
DIAMONDS TWO SPADES TWO,0.4602,0.0068,0.533
CLUBS NINE DIAMONDS TWO,0.6846,0.0068,0.3086
DIAMONDS TWO CLUBS EIGHT,0.6786,0.004,0.3174
CLUBS SEVEN DIAMONDS TWO,0.6756,0.004,0.3204
DIAMONDS TWO CLUBS SIX,0.6762,0.004,0.3198
DIAMONDS TWO CLUBS FIVE,0.6522,0.007,0.3408
DIAMONDS TWO CLUBS FOUR,0.6578,0.0058,0.3364
CLUBS FOUR SPADES FIVE,0.6254,0.0034,0.3712
CLUBS FOUR SPADES FOUR,0.464,0.004,0.532
CLUBS FOUR SPADES THREE,0.6378,0.0058,0.3564
CLUBS FOUR SPADES TWO,0.6552,0.0068,0.338
SPADES NINE CLUBS FOUR,0.6824,0.0046,0.313
SPADES EIGHT CLUBS FOUR,0.6598,0.0046,0.3356
SPADES SEVEN CLUBS FOUR,0.65,0.0056,0.3444
CLUBS FOUR SPADES SIX,0.6414,0.0036,0.355
SPADES ACE DIAMONDS SIX,0.7,0.046,0.254
SPADES QUEEN DIAMONDS SIX,0.6744,0.0044,0.3212
SPADES KING DIAMONDS SIX,0.7624,0.011,0.2266
SPADES TEN DIAMONDS SIX,0.6578,0.004,0.3382
SPADES JACK DIAMONDS SIX,0.6752,0.0052,0.3196
SPADES QUEEN SPADES TWO,0.6414,0.0066,0.352
SPADES KING SPADES TWO,0.7236,0.0094,0.267
SPADES ACE SPADES TWO,0.6538,0.0454,0.3008
DIAMONDS JACK CLUBS JACK,0.424,0.004,0.572
CLUBS TEN DIAMONDS JACK,0.621,0.0046,0.3744
DIAMONDS JACK CLUBS QUEEN,0.6512,0.0042,0.3446
DIAMONDS THREE DIAMONDS JACK,0.6418,0.0046,0.3536
DIAMONDS THREE DIAMONDS TEN,0.6548,0.0044,0.3408
DIAMONDS JACK CLUBS ACE,0.7114,0.0474,0.2412
DIAMONDS THREE DIAMONDS KING,0.7266,0.014,0.2594
DIAMONDS THREE HEARTS THREE,0.4714,0.0068,0.5218
DIAMONDS THREE DIAMONDS QUEEN,0.6588,0.0048,0.3364
DIAMONDS THREE HEARTS TWO,0.6532,0.0086,0.3382
HEARTS FIVE DIAMONDS THREE,0.6398,0.0044,0.3558
HEARTS FOUR DIAMONDS THREE,0.6428,0.0052,0.352
HEARTS SEVEN DIAMONDS THREE,0.6658,0.0038,0.3304
SPADES TEN SPADES NINE,0.5758,0.0036,0.4206
HEARTS SIX DIAMONDS THREE,0.647,0.0038,0.3492
SPADES JACK SPADES NINE,0.6202,0.0046,0.3752
DIAMONDS THREE HEARTS NINE,0.6732,0.003,0.3238
HEARTS JACK DIAMONDS FOUR,0.6854,0.0038,0.3108
HEARTS ACE HEARTS KING,0.0208,0.9032,0.076
SPADES TEN SPADES TWO,0.6442,0.0054,0.3504
DIAMONDS THREE HEARTS EIGHT,0.679,0.0044,0.3166
HEARTS TEN DIAMONDS FOUR,0.6714,0.0036,0.325
SPADES JACK SPADES TWO,0.6388,0.0044,0.3568
HEARTS QUEEN DIAMONDS FOUR,0.6686,0.0048,0.3266
HEARTS KING DIAMONDS FOUR,0.7622,0.0142,0.2236
SPADES ACE SPADES NINE,0.6586,0.0498,0.2916
HEARTS ACE DIAMONDS FOUR,0.6942,0.0492,0.2566
SPADES KING SPADES NINE,0.704,0.011,0.285
SPADES QUEEN SPADES NINE,0.614,0.0042,0.3818
DIAMONDS THREE SPADES NINE,0.6742,0.0056,0.3202
DIAMONDS THREE SPADES EIGHT,0.6652,0.0042,0.3306
DIAMONDS THREE SPADES SEVEN,0.6514,0.0044,0.3442
DIAMONDS THREE SPADES SIX,0.6476,0.004,0.3484
DIAMONDS THREE CLUBS SIX,0.6488,0.0062,0.345
CLUBS FIVE CLUBS SIX,0.5882,0.0048,0.407
CLUBS ACE DIAMONDS FOUR,0.706,0.041,0.253
CLUBS SEVEN DIAMONDS THREE,0.6724,0.0044,0.3232
CLUBS SEVEN CLUBS FIVE,0.6044,0.0046,0.391
DIAMONDS THREE CLUBS FOUR,0.6454,0.007,0.3476
DIAMONDS FOUR CLUBS QUEEN,0.694,0.0044,0.3016
DIAMONDS THREE CLUBS FIVE,0.6292,0.0068,0.364
DIAMONDS THREE CLUBS TWO,0.6616,0.0072,0.3312
CLUBS TEN DIAMONDS FOUR,0.672,0.0058,0.3222
DIAMONDS THREE CLUBS THREE,0.4688,0.0064,0.5248
DIAMONDS FOUR CLUBS JACK,0.6848,0.0048,0.3104
DIAMONDS THREE SPADES FOUR,0.6376,0.0042,0.3582
DIAMONDS THREE SPADES FIVE,0.641,0.0068,0.3522
DIAMONDS THREE SPADES TWO,0.6446,0.004,0.3514
DIAMONDS THREE SPADES THREE,0.4786,0.005,0.5164
CLUBS EIGHT DIAMONDS THREE,0.6892,0.0062,0.3046
CLUBS NINE DIAMONDS THREE,0.6774,0.0066,0.316
SPADES SEVEN CLUBS ACE,0.7038,0.05,0.2462
SPADES SEVEN CLUBS QUEEN,0.6698,0.0046,0.3256
CLUBS FIVE SPADES SEVEN,0.6286,0.0036,0.3678
CLUBS TEN SPADES SEVEN,0.6436,0.0032,0.3532
CLUBS FIVE SPADES SIX,0.6236,0.0052,0.3712
SPADES SEVEN CLUBS JACK,0.6674,0.0052,0.3274
CLUBS FIVE SPADES NINE,0.658,0.0052,0.3368
CLUBS FIVE SPADES EIGHT,0.6396,0.0048,0.3556
CLUBS FIVE SPADES THREE,0.645,0.0046,0.3504
CLUBS FIVE SPADES TWO,0.6588,0.0046,0.3366
CLUBS FIVE SPADES FIVE,0.4684,0.0042,0.5274
CLUBS FIVE SPADES FOUR,0.6308,0.007,0.3622
CLUBS NINE CLUBS FIVE,0.6172,0.0058,0.377
CLUBS EIGHT CLUBS FIVE,0.618,0.0038,0.3782
CLUBS ACE CLUBS QUEEN,0.6678,0.0434,0.2888
DIAMONDS TEN DIAMONDS FOUR,0.6342,0.0048,0.361
CLUBS TEN DIAMONDS NINE,0.6284,0.0088,0.3628
DIAMONDS JACK DIAMONDS FOUR,0.6488,0.0046,0.3466
DIAMONDS NINE CLUBS JACK,0.647,0.004,0.349
SPADES NINE CLUBS JACK,0.648,0.0026,0.3494
CLUBS TEN SPADES NINE,0.6102,0.0044,0.3854
HEARTS FOUR DIAMONDS FOUR,0.4594,0.0036,0.537
DIAMONDS JACK HEARTS TEN,0.6276,0.0034,0.369
DIAMONDS TWO SPADES TEN,0.6784,0.0064,0.3152
DIAMONDS NINE CLUBS ACE,0.7134,0.045,0.2416
HEARTS FIVE DIAMONDS FOUR,0.6194,0.0054,0.3752
DIAMONDS JACK HEARTS JACK,0.4374,0.0034,0.5592
SPADES NINE CLUBS QUEEN,0.6544,0.0036,0.342
DIAMONDS TWO SPADES JACK,0.6766,0.0042,0.3192
DIAMONDS QUEEN DIAMONDS FOUR,0.6384,0.0056,0.356
HEARTS TWO DIAMONDS FOUR,0.6628,0.007,0.3302
DIAMONDS NINE CLUBS QUEEN,0.6502,0.0046,0.3452
DIAMONDS KING DIAMONDS FOUR,0.7394,0.014,0.2466
HEARTS THREE DIAMONDS FOUR,0.643,0.004,0.353
SPADES NINE CLUBS ACE,0.7082,0.0508,0.241
HEARTS ACE DIAMONDS JACK,0.7056,0.0426,0.2518
SPADES ACE DIAMONDS TWO,0.7108,0.047,0.2422
HEARTS QUEEN DIAMONDS JACK,0.6492,0.0038,0.347
SPADES QUEEN DIAMONDS TWO,0.6906,0.0046,0.3048
DIAMONDS JACK HEARTS KING,0.75,0.0136,0.2364
SPADES KING DIAMONDS TWO,0.7674,0.0134,0.2192
SPADES JACK SPADES SEVEN,0.6182,0.0032,0.3786
SPADES TEN SPADES SEVEN,0.5934,0.0022,0.4044
CLUBS SEVEN CLUBS THREE,0.631,0.0044,0.3646
CLUBS SIX CLUBS THREE,0.6138,0.0058,0.3804
CLUBS FIVE CLUBS THREE,0.5964,0.0062,0.3974
CLUBS THREE CLUBS FOUR,0.6034,0.006,0.3906
CLUBS NINE CLUBS THREE,0.6374,0.0038,0.3588
CLUBS EIGHT CLUBS THREE,0.6478,0.0046,0.3476
CLUBS THREE SPADES FIVE,0.6464,0.0062,0.3474
CLUBS THREE SPADES FOUR,0.6514,0.005,0.3436
CLUBS THREE SPADES THREE,0.4748,0.0038,0.5214
CLUBS THREE SPADES TWO,0.6542,0.0062,0.3396
CLUBS THREE SPADES SIX,0.6528,0.0024,0.3448
CLUBS THREE SPADES SEVEN,0.6714,0.0048,0.3238
SPADES EIGHT CLUBS THREE,0.6738,0.0054,0.3208
SPADES NINE CLUBS THREE,0.6672,0.0052,0.3276
SPADES TWO DIAMONDS FOUR,0.6452,0.006,0.3488
SPADES THREE DIAMONDS FOUR,0.6444,0.0058,0.3498
SPADES FOUR DIAMONDS FOUR,0.4702,0.0036,0.5262
SPADES FIVE DIAMONDS FOUR,0.6286,0.0046,0.3668
SPADES SIX DIAMONDS FOUR,0.6264,0.004,0.3696
SPADES SEVEN DIAMONDS FOUR,0.6348,0.006,0.3592
SPADES EIGHT DIAMONDS FOUR,0.6558,0.0042,0.34
SPADES NINE DIAMONDS FOUR,0.6682,0.0052,0.3266
CLUBS FIVE DIAMONDS FOUR,0.6242,0.0058,0.37
CLUBS FOUR DIAMONDS FOUR,0.4758,0.008,0.5162
CLUBS SEVEN DIAMONDS FOUR,0.6608,0.0036,0.3356
CLUBS SIX DIAMONDS FOUR,0.6398,0.0044,0.3558
CLUBS NINE DIAMONDS FOUR,0.6682,0.006,0.3258
CLUBS EIGHT DIAMONDS FOUR,0.6668,0.0046,0.3286
HEARTS SEVEN DIAMONDS FOUR,0.6404,0.003,0.3566
HEARTS SIX DIAMONDS FOUR,0.6324,0.005,0.3626
DIAMONDS FOUR HEARTS NINE,0.6664,0.0038,0.3298
DIAMONDS FOUR HEARTS EIGHT,0.6666,0.0036,0.3298
CLUBS THREE DIAMONDS FOUR,0.641,0.0076,0.3514
CLUBS TWO DIAMONDS FOUR,0.6646,0.0054,0.33
DIAMONDS TEN DIAMONDS FIVE,0.6398,0.0052,0.355
DIAMONDS JACK DIAMONDS FIVE,0.637,0.0078,0.3552
DIAMONDS NINE HEARTS QUEEN,0.6546,0.0034,0.342
DIAMONDS NINE HEARTS KING,0.7594,0.0092,0.2314
HEARTS ACE DIAMONDS NINE,0.712,0.0522,0.2358
DIAMONDS NINE HEARTS TEN,0.6294,0.0052,0.3654
DIAMONDS NINE HEARTS JACK,0.6286,0.0054,0.366
CLUBS QUEEN DIAMONDS SIX,0.6796,0.0046,0.3158
CLUBS ACE DIAMONDS SIX,0.723,0.0432,0.2338
SPADES KING DIAMONDS FOUR,0.7676,0.0112,0.2212
SPADES ACE SPADES SEVEN,0.6574,0.0492,0.2934
SPADES QUEEN DIAMONDS FOUR,0.6764,0.0048,0.3188
SPADES QUEEN SPADES SEVEN,0.6446,0.0048,0.3506
CLUBS JACK DIAMONDS SIX,0.6888,0.0054,0.3058
SPADES KING SPADES SEVEN,0.7096,0.0094,0.281
SPADES ACE DIAMONDS FOUR,0.6838,0.0532,0.263
CLUBS TEN DIAMONDS SIX,0.6628,0.0062,0.331
CLUBS NINE CLUBS FOUR,0.6572,0.006,0.3368
CLUBS EIGHT CLUBS FOUR,0.6232,0.0058,0.371
SPADES JACK DIAMONDS FOUR,0.6692,0.005,0.3258
SPADES TEN DIAMONDS FOUR,0.679,0.0044,0.3166
CLUBS FIVE CLUBS FOUR,0.5944,0.0056,0.4
CLUBS SEVEN CLUBS FOUR,0.6252,0.006,0.3688
CLUBS SIX CLUBS FOUR,0.6104,0.005,0.3846
CLUBS SEVEN SPADES EIGHT,0.6266,0.0056,0.3678
CLUBS SEVEN SPADES NINE,0.633,0.0038,0.3632
CLUBS SEVEN SPADES SIX,0.6308,0.0048,0.3644
CLUBS SEVEN SPADES SEVEN,0.4638,0.0048,0.5314
CLUBS SEVEN SPADES FIVE,0.635,0.0052,0.3598
CLUBS SEVEN SPADES FOUR,0.6636,0.0034,0.333
CLUBS SEVEN SPADES THREE,0.6634,0.0044,0.3322
CLUBS SEVEN SPADES TWO,0.6706,0.006,0.3234
CLUBS NINE CLUBS SEVEN,0.6096,0.0052,0.3852
CLUBS SEVEN CLUBS EIGHT,0.5934,0.0044,0.4022
HEARTS SIX DIAMONDS FIVE,0.6208,0.0056,0.3736
HEARTS SEVEN DIAMONDS FIVE,0.623,0.0054,0.3716
DIAMONDS FIVE HEARTS EIGHT,0.646,0.005,0.349
DIAMONDS FIVE HEARTS NINE,0.6454,0.0048,0.3498
DIAMONDS QUEEN DIAMONDS FIVE,0.6386,0.0038,0.3576
HEARTS TWO DIAMONDS FIVE,0.6338,0.0058,0.3604
HEARTS KING HEARTS EIGHT,0.7056,0.0094,0.285
DIAMONDS KING DIAMONDS FIVE,0.7218,0.0132,0.265
HEARTS THREE DIAMONDS FIVE,0.644,0.0048,0.3512
HEARTS QUEEN HEARTS EIGHT,0.6188,0.0046,0.3766
HEARTS FOUR DIAMONDS FIVE,0.623,0.005,0.372
HEARTS FIVE DIAMONDS FIVE,0.471,0.0034,0.5256
HEARTS ACE HEARTS EIGHT,0.6566,0.0482,0.2952
CLUBS FOUR DIAMONDS FIVE,0.6228,0.0048,0.3724
CLUBS FIVE DIAMONDS FIVE,0.473,0.004,0.523
CLUBS SIX DIAMONDS FIVE,0.623,0.0046,0.3724
CLUBS SEVEN DIAMONDS FIVE,0.6444,0.0042,0.3514
CLUBS TWO DIAMONDS FIVE,0.6464,0.0078,0.3458
CLUBS THREE DIAMONDS FIVE,0.6488,0.0074,0.3438
SPADES THREE DIAMONDS FIVE,0.6422,0.0068,0.351
SPADES TWO DIAMONDS FIVE,0.6388,0.005,0.3562
SPADES JACK DIAMONDS EIGHT,0.6528,0.005,0.3422
SPADES FIVE DIAMONDS FIVE,0.463,0.0062,0.5308
CLUBS TEN HEARTS JACK,0.621,0.004,0.375
SPADES TEN DIAMONDS EIGHT,0.6388,0.0022,0.359
SPADES FOUR DIAMONDS FIVE,0.6228,0.0036,0.3736
HEARTS JACK CLUBS JACK,0.4328,0.0048,0.5624
HEARTS JACK CLUBS QUEEN,0.6316,0.0054,0.363
CLUBS NINE DIAMONDS FIVE,0.6664,0.0074,0.3262
CLUBS EIGHT DIAMONDS FIVE,0.6544,0.006,0.3396
CLUBS ACE HEARTS JACK,0.7034,0.049,0.2476
SPADES SEVEN DIAMONDS FIVE,0.6388,0.004,0.3572
SPADES KING DIAMONDS EIGHT,0.7664,0.0112,0.2224
SPADES QUEEN DIAMONDS EIGHT,0.672,0.0042,0.3238
SPADES SIX DIAMONDS FIVE,0.6106,0.0046,0.3848
SPADES NINE DIAMONDS FIVE,0.656,0.0048,0.3392
SPADES EIGHT DIAMONDS FIVE,0.6432,0.0038,0.353
SPADES ACE DIAMONDS EIGHT,0.711,0.0488,0.2402
DIAMONDS TEN DIAMONDS SIX,0.6266,0.005,0.3684
HEARTS ACE DIAMONDS SEVEN,0.7116,0.0488,0.2396
DIAMONDS JACK DIAMONDS SIX,0.651,0.0044,0.3446
HEARTS QUEEN DIAMONDS SEVEN,0.6654,0.0054,0.3292
HEARTS KING DIAMONDS SEVEN,0.7594,0.012,0.2286
HEARTS FOUR DIAMONDS SIX,0.6388,0.004,0.3572
SPADES TWO HEARTS JACK,0.677,0.0044,0.3186
HEARTS FIVE DIAMONDS SIX,0.6404,0.0032,0.3564
SPADES TWO HEARTS TEN,0.6704,0.0052,0.3244
DIAMONDS QUEEN DIAMONDS SIX,0.6488,0.0042,0.347
HEARTS TWO DIAMONDS SIX,0.6618,0.0036,0.3346
DIAMONDS KING DIAMONDS SIX,0.7248,0.0128,0.2624
HEARTS THREE DIAMONDS SIX,0.653,0.0046,0.3424
HEARTS EIGHT DIAMONDS SIX,0.646,0.003,0.351
HEARTS NINE DIAMONDS SIX,0.6442,0.0046,0.3512
HEARTS SIX DIAMONDS SIX,0.4704,0.004,0.5256
HEARTS SEVEN DIAMONDS SIX,0.6218,0.0042,0.374
HEARTS TEN DIAMONDS SEVEN,0.6446,0.004,0.3514
CLUBS TWO DIAMONDS SIX,0.6756,0.0062,0.3182
HEARTS JACK DIAMONDS SEVEN,0.6564,0.005,0.3386
CLUBS THREE DIAMONDS SIX,0.6502,0.0042,0.3456
CLUBS SEVEN DIAMONDS SIX,0.62,0.0056,0.3744
DIAMONDS EIGHT CLUBS JACK,0.6514,0.0038,0.3448
CLUBS SIX DIAMONDS SIX,0.4674,0.0038,0.5288
CLUBS TEN DIAMONDS EIGHT,0.6438,0.0046,0.3516
CLUBS FIVE DIAMONDS SIX,0.6276,0.007,0.3654
CLUBS FOUR DIAMONDS SIX,0.6362,0.0038,0.36
HEARTS ACE HEARTS JACK,0.6544,0.046,0.2996
DIAMONDS EIGHT CLUBS ACE,0.7042,0.0476,0.2482
HEARTS QUEEN HEARTS JACK,0.6096,0.0052,0.3852
CLUBS NINE DIAMONDS SIX,0.6664,0.0054,0.3282
HEARTS KING HEARTS JACK,0.6948,0.012,0.2932
DIAMONDS EIGHT CLUBS QUEEN,0.678,0.0048,0.3172
CLUBS EIGHT DIAMONDS SIX,0.6466,0.0052,0.3482
SPADES TEN HEARTS KING,0.7316,0.0106,0.2578
SPADES FIVE DIAMONDS SIX,0.6218,0.0028,0.3754
HEARTS ACE SPADES TWO,0.6962,0.0462,0.2576
SPADES JACK HEARTS KING,0.7364,0.0126,0.251
SPADES FOUR DIAMONDS SIX,0.6452,0.004,0.3508
SPADES THREE DIAMONDS SIX,0.646,0.0076,0.3464
HEARTS QUEEN SPADES TWO,0.6872,0.004,0.3088
SPADES ACE SPADES KING,0.0204,0.9078,0.0718
HEARTS KING SPADES TWO,0.7666,0.0132,0.2202
SPADES TWO DIAMONDS SIX,0.6632,0.0048,0.332
HEARTS TEN HEARTS EIGHT,0.6024,0.0036,0.394
SPADES NINE DIAMONDS SIX,0.6488,0.0032,0.348
HEARTS JACK HEARTS EIGHT,0.6124,0.0032,0.3844
SPADES EIGHT DIAMONDS SIX,0.6332,0.0048,0.362
SPADES SEVEN DIAMONDS SIX,0.6196,0.0022,0.3782
SPADES SIX DIAMONDS SIX,0.4742,0.0038,0.522
SPADES KING HEARTS KING,0.2822,0.0052,0.7126
SPADES QUEEN HEARTS KING,0.7324,0.012,0.2556
SPADES ACE HEARTS KING,0.0214,0.9558,0.0228
SPADES ACE HEARTS JACK,0.7126,0.0468,0.2406
SPADES QUEEN HEARTS JACK,0.6402,0.0042,0.3556
SPADES KING HEARTS JACK,0.7524,0.0088,0.2388
SPADES TEN DIAMONDS TEN,0.4416,0.0028,0.5556
SPADES JACK DIAMONDS TEN,0.6226,0.0054,0.372
SPADES ACE DIAMONDS TEN,0.725,0.048,0.227
SPADES JACK HEARTS JACK,0.4346,0.0024,0.563
SPADES TEN HEARTS JACK,0.616,0.004,0.38
SPADES QUEEN DIAMONDS TEN,0.6476,0.0046,0.3478
SPADES KING DIAMONDS TEN,0.743,0.0132,0.2438
SPADES NINE DIAMONDS SEVEN,0.6226,0.0046,0.3728
SPADES EIGHT DIAMONDS SEVEN,0.6296,0.0028,0.3676
SPADES SEVEN DIAMONDS SEVEN,0.4734,0.0038,0.5228
SPADES SIX DIAMONDS SEVEN,0.6396,0.0046,0.3558
DIAMONDS KING DIAMONDS SEVEN,0.7316,0.0116,0.2568
HEARTS THREE DIAMONDS SEVEN,0.6528,0.0046,0.3426
HEARTS KING DIAMONDS FIVE,0.7558,0.0142,0.23
DIAMONDS QUEEN DIAMONDS SEVEN,0.6492,0.0036,0.3472
HEARTS TWO DIAMONDS SEVEN,0.667,0.0036,0.3294
HEARTS QUEEN DIAMONDS FIVE,0.6788,0.0036,0.3176
HEARTS FIVE DIAMONDS SEVEN,0.6296,0.0042,0.3662
HEARTS FOUR DIAMONDS SEVEN,0.6432,0.004,0.3528
HEARTS ACE DIAMONDS FIVE,0.7006,0.0474,0.252
HEARTS SEVEN DIAMONDS SEVEN,0.467,0.0026,0.5304
HEARTS SIX DIAMONDS SEVEN,0.615,0.0036,0.3814
DIAMONDS SEVEN HEARTS NINE,0.6428,0.0036,0.3536
HEARTS EIGHT DIAMONDS SEVEN,0.6206,0.004,0.3754
DIAMONDS JACK DIAMONDS SEVEN,0.6368,0.0036,0.3596
DIAMONDS FIVE HEARTS JACK,0.6672,0.006,0.3268
DIAMONDS TEN DIAMONDS SEVEN,0.6146,0.0048,0.3806
HEARTS TEN DIAMONDS FIVE,0.6698,0.005,0.3252
SPADES KING CLUBS TWO,0.7786,0.011,0.2104
CLUBS EIGHT DIAMONDS SEVEN,0.6318,0.0054,0.3628
SPADES QUEEN CLUBS TWO,0.679,0.0046,0.3164
HEARTS KING CLUBS QUEEN,0.7434,0.0138,0.2428
CLUBS NINE DIAMONDS SEVEN,0.647,0.0048,0.3482
SPADES TWO CLUBS JACK,0.6878,0.005,0.3072
SPADES ACE CLUBS TWO,0.7026,0.0468,0.2506
CLUBS TEN SPADES TWO,0.6802,0.0058,0.314
HEARTS KING CLUBS ACE,0.0086,0.974,0.0174
CLUBS SEVEN CLUBS SIX,0.5926,0.0048,0.4026
SPADES TWO DIAMONDS SEVEN,0.692,0.0042,0.3038
CLUBS EIGHT CLUBS SIX,0.6108,0.0042,0.385
SPADES THREE DIAMONDS SEVEN,0.6586,0.005,0.3364
SPADES TWO CLUBS QUEEN,0.6924,0.004,0.3036
CLUBS NINE CLUBS SIX,0.6288,0.0064,0.3648
SPADES FOUR DIAMONDS SEVEN,0.6452,0.0056,0.3492
HEARTS KING CLUBS JACK,0.7462,0.0108,0.243
SPADES FIVE DIAMONDS SEVEN,0.6408,0.0046,0.3546
SPADES TWO CLUBS ACE,0.6918,0.0444,0.2638
CLUBS TEN HEARTS KING,0.7448,0.0106,0.2446
CLUBS SIX SPADES TWO,0.6644,0.0044,0.3312
CLUBS SIX SPADES THREE,0.6514,0.0052,0.3434
CLUBS TWO DIAMONDS SEVEN,0.6824,0.005,0.3126
CLUBS SIX SPADES FOUR,0.6346,0.0044,0.361
CLUBS THREE DIAMONDS SEVEN,0.6682,0.0046,0.3272
CLUBS SIX SPADES FIVE,0.6258,0.0046,0.3696
CLUBS FOUR DIAMONDS SEVEN,0.646,0.0074,0.3466
CLUBS SIX SPADES SIX,0.4784,0.0024,0.5192
CLUBS FIVE DIAMONDS SEVEN,0.6418,0.005,0.3532
CLUBS SIX SPADES SEVEN,0.6312,0.0028,0.366
CLUBS SIX DIAMONDS SEVEN,0.6396,0.0052,0.3552
CLUBS SIX SPADES EIGHT,0.6422,0.0052,0.3526
SPADES JACK CLUBS TWO,0.6804,0.0064,0.3132
CLUBS SEVEN DIAMONDS SEVEN,0.4884,0.0052,0.5064
SPADES NINE CLUBS SIX,0.655,0.0032,0.3418
SPADES TEN CLUBS TWO,0.6732,0.0054,0.3214
CLUBS TWO CLUBS QUEEN,0.6558,0.005,0.3392
CLUBS THREE DIAMONDS EIGHT,0.6816,0.0046,0.3138
CLUBS TWO CLUBS ACE,0.668,0.0382,0.2938
CLUBS TWO DIAMONDS EIGHT,0.6692,0.0054,0.3254
HEARTS SEVEN DIAMONDS EIGHT,0.629,0.004,0.367
HEARTS SIX DIAMONDS EIGHT,0.6476,0.0036,0.3488
DIAMONDS EIGHT HEARTS NINE,0.6398,0.003,0.3572
CLUBS TEN CLUBS TWO,0.6416,0.0068,0.3516
DIAMONDS EIGHT HEARTS EIGHT,0.453,0.0046,0.5424
CLUBS TWO CLUBS JACK,0.6474,0.0054,0.3472
CLUBS NINE DIAMONDS EIGHT,0.6556,0.0048,0.3396
CLUBS EIGHT DIAMONDS EIGHT,0.46,0.0054,0.5346
CLUBS FIVE DIAMONDS EIGHT,0.664,0.0058,0.3302
SPADES ACE SPADES THREE,0.6514,0.0454,0.3032
CLUBS FOUR DIAMONDS EIGHT,0.6668,0.0046,0.3286
CLUBS SEVEN DIAMONDS EIGHT,0.6228,0.0062,0.371
SPADES QUEEN SPADES THREE,0.6342,0.0044,0.3614
CLUBS SIX DIAMONDS EIGHT,0.6516,0.0044,0.344
SPADES KING SPADES THREE,0.7148,0.0118,0.2734
DIAMONDS QUEEN DIAMONDS EIGHT,0.6426,0.0048,0.3526
HEARTS TWO DIAMONDS EIGHT,0.673,0.0042,0.3228
DIAMONDS KING DIAMONDS EIGHT,0.729,0.0156,0.2554
HEARTS THREE DIAMONDS EIGHT,0.6692,0.0042,0.3266
HEARTS FOUR DIAMONDS EIGHT,0.6686,0.0048,0.3266
HEARTS FIVE DIAMONDS EIGHT,0.6388,0.005,0.3562
DIAMONDS EIGHT DIAMONDS TEN,0.6208,0.0042,0.375
DIAMONDS EIGHT DIAMONDS JACK,0.6164,0.0042,0.3794
SPADES JACK SPADES THREE,0.6354,0.0028,0.3618
SPADES TEN SPADES THREE,0.6248,0.0038,0.3714
CLUBS FOUR HEARTS ACE,0.6978,0.0472,0.255
CLUBS FOUR HEARTS QUEEN,0.6786,0.004,0.3174
CLUBS FOUR HEARTS KING,0.765,0.011,0.224
CLUBS SIX HEARTS TEN,0.6686,0.0028,0.3286
CLUBS SIX HEARTS JACK,0.6762,0.0072,0.3166
DIAMONDS EIGHT SPADES FOUR,0.6662,0.0042,0.3296
SPADES FIVE DIAMONDS EIGHT,0.64,0.0024,0.3576
DIAMONDS EIGHT SPADES TWO,0.6834,0.007,0.3096
DIAMONDS EIGHT SPADES THREE,0.6734,0.006,0.3206
CLUBS FOUR HEARTS JACK,0.6678,0.0032,0.329
SPADES EIGHT DIAMONDS EIGHT,0.4708,0.0044,0.5248
SPADES TEN DIAMONDS QUEEN,0.6412,0.0054,0.3534
SPADES TEN HEARTS TWO,0.686,0.0042,0.3098
SPADES JACK HEARTS EIGHT,0.6462,0.0024,0.3514
CLUBS FOUR HEARTS TEN,0.6624,0.0056,0.332
SPADES NINE DIAMONDS EIGHT,0.6468,0.0026,0.3506
SPADES TEN HEARTS EIGHT,0.6378,0.0032,0.359
SPADES JACK HEARTS TWO,0.6754,0.0042,0.3204
SPADES JACK DIAMONDS QUEEN,0.6374,0.0054,0.3572
SPADES SIX DIAMONDS EIGHT,0.6376,0.0024,0.36
SPADES SEVEN DIAMONDS EIGHT,0.6284,0.0034,0.3682
SPADES ACE HEARTS TWO,0.7048,0.046,0.2492
SPADES ACE DIAMONDS QUEEN,0.71,0.0506,0.2394
SPADES ACE HEARTS EIGHT,0.7042,0.048,0.2478
SPADES KING HEARTS EIGHT,0.754,0.0106,0.2354
SPADES QUEEN HEARTS TWO,0.677,0.0068,0.3162
SPADES QUEEN DIAMONDS QUEEN,0.436,0.0044,0.5596
SPADES KING DIAMONDS QUEEN,0.7448,0.0112,0.244
SPADES KING HEARTS TWO,0.7558,0.0148,0.2294
SPADES QUEEN HEARTS EIGHT,0.657,0.0032,0.3398
CLUBS TWO HEARTS TEN,0.6788,0.0038,0.3174
CLUBS TWO HEARTS JACK,0.694,0.0056,0.3004
SPADES SEVEN DIAMONDS NINE,0.649,0.0026,0.3484
SPADES SIX DIAMONDS NINE,0.6444,0.005,0.3506
SPADES NINE DIAMONDS NINE,0.459,0.0032,0.5378
SPADES EIGHT DIAMONDS NINE,0.6428,0.0032,0.354
DIAMONDS NINE SPADES THREE,0.6822,0.0038,0.314
DIAMONDS NINE SPADES TWO,0.6776,0.0056,0.3168
DIAMONDS NINE SPADES FIVE,0.655,0.0038,0.3412
DIAMONDS NINE SPADES FOUR,0.6672,0.0044,0.3284
CLUBS NINE DIAMONDS NINE,0.4612,0.0046,0.5342
CLUBS EIGHT DIAMONDS NINE,0.638,0.0046,0.3574
CLUBS SIX DIAMONDS NINE,0.6726,0.0044,0.323
SPADES JACK CLUBS FOUR,0.6724,0.0056,0.322
CLUBS SEVEN DIAMONDS NINE,0.6386,0.0034,0.358
SPADES TEN CLUBS FOUR,0.6616,0.0052,0.3332
CLUBS FOUR DIAMONDS NINE,0.6722,0.004,0.3238
CLUBS FIVE DIAMONDS NINE,0.6642,0.0048,0.331
DIAMONDS NINE CLUBS TWO,0.6794,0.0044,0.3162
CLUBS THREE DIAMONDS NINE,0.6818,0.006,0.3122
DIAMONDS NINE HEARTS EIGHT,0.635,0.0032,0.3618
DIAMONDS NINE HEARTS NINE,0.4532,0.0042,0.5426
HEARTS SIX DIAMONDS NINE,0.65,0.0044,0.3456
HEARTS SEVEN DIAMONDS NINE,0.641,0.004,0.355
CLUBS NINE CLUBS EIGHT,0.6052,0.0048,0.39
HEARTS FOUR DIAMONDS NINE,0.6866,0.0036,0.3098
HEARTS FIVE DIAMONDS NINE,0.6586,0.0058,0.3356
HEARTS ACE CLUBS TWO,0.6984,0.0486,0.253
SPADES ACE CLUBS FOUR,0.6998,0.048,0.2522
DIAMONDS QUEEN DIAMONDS NINE,0.6138,0.0046,0.3816
HEARTS TWO DIAMONDS NINE,0.6748,0.0062,0.319
CLUBS TWO HEARTS KING,0.7806,0.0126,0.2068
SPADES KING CLUBS FOUR,0.7724,0.0128,0.2148
DIAMONDS KING DIAMONDS NINE,0.721,0.0128,0.2662
HEARTS THREE DIAMONDS NINE,0.6674,0.0054,0.3272
CLUBS TWO HEARTS QUEEN,0.6876,0.0046,0.3078
SPADES QUEEN CLUBS FOUR,0.678,0.005,0.317
DIAMONDS NINE DIAMONDS JACK,0.6084,0.0036,0.388
CLUBS EIGHT SPADES NINE,0.6284,0.005,0.3666
DIAMONDS NINE DIAMONDS TEN,0.6044,0.0042,0.3914
CLUBS EIGHT SPADES EIGHT,0.4702,0.0042,0.5256
CLUBS EIGHT SPADES SEVEN,0.6256,0.003,0.3714
CLUBS EIGHT SPADES SIX,0.6386,0.0044,0.357
CLUBS EIGHT SPADES FIVE,0.6448,0.0032,0.352
CLUBS EIGHT SPADES FOUR,0.6544,0.0038,0.3418
CLUBS EIGHT SPADES THREE,0.6734,0.004,0.3226
CLUBS EIGHT SPADES TWO,0.6704,0.0052,0.3244
HEARTS SIX DIAMONDS TEN,0.662,0.0042,0.3338
HEARTS SEVEN DIAMONDS TEN,0.6458,0.0056,0.3486
DIAMONDS TEN HEARTS EIGHT,0.6388,0.0058,0.3554
CLUBS FOUR CLUBS JACK,0.6484,0.0048,0.3468
DIAMONDS TEN HEARTS NINE,0.6304,0.0042,0.3654
CLUBS TEN CLUBS FOUR,0.6464,0.0038,0.3498
CLUBS FOUR CLUBS QUEEN,0.64,0.0054,0.3546
CLUBS TWO DIAMONDS TEN,0.6932,0.0058,0.301
CLUBS THREE DIAMONDS TEN,0.6952,0.0046,0.3002
CLUBS FOUR CLUBS ACE,0.6556,0.0496,0.2948
DIAMONDS JACK DIAMONDS TEN,0.6006,0.0048,0.3946
DIAMONDS QUEEN DIAMONDS TEN,0.6094,0.0054,0.3852
HEARTS TWO DIAMONDS TEN,0.6726,0.0046,0.3228
DIAMONDS KING DIAMONDS TEN,0.7188,0.0112,0.27
HEARTS THREE DIAMONDS TEN,0.6694,0.0048,0.3258
HEARTS FOUR DIAMONDS TEN,0.665,0.0048,0.3302
CLUBS EIGHT HEARTS JACK,0.654,0.005,0.341
HEARTS FIVE DIAMONDS TEN,0.6762,0.0046,0.3192
CLUBS EIGHT HEARTS TEN,0.6498,0.0042,0.346
CLUBS EIGHT HEARTS QUEEN,0.662,0.0026,0.3354
CLUBS EIGHT HEARTS KING,0.757,0.0114,0.2316
CLUBS EIGHT HEARTS ACE,0.7036,0.0488,0.2476
CLUBS NINE SPADES THREE,0.6678,0.005,0.3272
CLUBS NINE SPADES TWO,0.6804,0.0046,0.315
CLUBS NINE SPADES FIVE,0.6412,0.0038,0.355
CLUBS NINE SPADES FOUR,0.6744,0.0036,0.322
CLUBS NINE SPADES SEVEN,0.6378,0.0042,0.358
CLUBS NINE SPADES SIX,0.6476,0.0042,0.3482
CLUBS NINE SPADES NINE,0.4494,0.003,0.5476
CLUBS TEN HEARTS EIGHT,0.6578,0.003,0.3392
CLUBS NINE SPADES EIGHT,0.6344,0.002,0.3636
HEARTS EIGHT CLUBS JACK,0.6592,0.0038,0.337
CLUBS QUEEN HEARTS EIGHT,0.6692,0.0046,0.3262
CLUBS ACE HEARTS EIGHT,0.6944,0.0528,0.2528
HEARTS FOUR HEARTS TEN,0.6336,0.0042,0.3622
HEARTS FOUR HEARTS JACK,0.6366,0.0038,0.3596
SPADES KING CLUBS FIVE,0.7582,0.0154,0.2264
SPADES QUEEN CLUBS FIVE,0.664,0.0052,0.3308
SPADES ACE CLUBS FIVE,0.6986,0.0468,0.2546
HEARTS SEVEN DIAMONDS JACK,0.659,0.0052,0.3358
HEARTS SIX DIAMONDS JACK,0.6758,0.0048,0.3194
DIAMONDS JACK HEARTS NINE,0.6464,0.0048,0.3488
DIAMONDS JACK HEARTS EIGHT,0.6536,0.005,0.3414
DIAMONDS KING DIAMONDS JACK,0.7302,0.0116,0.2582
HEARTS THREE DIAMONDS JACK,0.6854,0.0054,0.3092
SPADES ACE SPADES SIX,0.6604,0.0434,0.2962
HEARTS ACE SPADES FOUR,0.6912,0.0464,0.2624
DIAMONDS QUEEN DIAMONDS JACK,0.6168,0.006,0.3772
HEARTS TWO DIAMONDS JACK,0.6844,0.0048,0.3108
HEARTS FIVE DIAMONDS JACK,0.6802,0.004,0.3158
SPADES QUEEN SPADES SIX,0.635,0.0028,0.3622
SPADES FOUR HEARTS QUEEN,0.6736,0.0038,0.3226
HEARTS FOUR DIAMONDS JACK,0.6754,0.0054,0.3192
SPADES KING SPADES SIX,0.7066,0.013,0.2804
SPADES FOUR HEARTS KING,0.7554,0.0122,0.2324
SPADES TEN SPADES SIX,0.6158,0.0042,0.38
SPADES JACK SPADES SIX,0.623,0.005,0.372
SPADES FOUR DIAMONDS JACK,0.6778,0.0036,0.3186
SPADES FIVE DIAMONDS JACK,0.6662,0.0034,0.3304
DIAMONDS JACK SPADES TWO,0.6846,0.006,0.3094
DIAMONDS JACK SPADES THREE,0.6828,0.0054,0.3118
SPADES ACE DIAMONDS THREE,0.7032,0.0502,0.2466
SPADES QUEEN DIAMONDS THREE,0.6806,0.0042,0.3152
CLUBS EIGHT DIAMONDS JACK,0.6548,0.0052,0.34
SPADES KING DIAMONDS THREE,0.7564,0.013,0.2306
CLUBS NINE DIAMONDS JACK,0.6398,0.0038,0.3564
CLUBS SIX DIAMONDS JACK,0.6846,0.005,0.3104
CLUBS SEVEN DIAMONDS JACK,0.6636,0.0062,0.3302
CLUBS FOUR DIAMONDS JACK,0.6788,0.0054,0.3158
CLUBS FIVE DIAMONDS JACK,0.6834,0.0058,0.3108
CLUBS TWO DIAMONDS JACK,0.6868,0.0052,0.308
CLUBS THREE DIAMONDS JACK,0.6924,0.0056,0.302
SPADES TEN CLUBS FIVE,0.6746,0.0036,0.3218
SPADES JACK HEARTS SIX,0.6844,0.003,0.3126
HEARTS SIX SPADES TEN,0.6644,0.003,0.3326
SPADES JACK CLUBS FIVE,0.66,0.0058,0.3342
SPADES JACK DIAMONDS THREE,0.6842,0.005,0.3108
CLUBS SEVEN CLUBS ACE,0.669,0.048,0.283
DIAMONDS THREE SPADES TEN,0.684,0.0036,0.3124
CLUBS SEVEN CLUBS QUEEN,0.63,0.0044,0.3656
SPADES NINE DIAMONDS JACK,0.6376,0.0058,0.3566
CLUBS TEN CLUBS SEVEN,0.6176,0.0048,0.3776
HEARTS FOUR HEARTS ACE,0.6474,0.0482,0.3044
SPADES EIGHT DIAMONDS JACK,0.6472,0.0036,0.3492
SPADES ACE HEARTS SIX,0.7096,0.047,0.2434
CLUBS SEVEN CLUBS JACK,0.6316,0.0042,0.3642
HEARTS FOUR HEARTS KING,0.7276,0.0114,0.261
SPADES SEVEN DIAMONDS JACK,0.6492,0.0028,0.348
SPADES KING HEARTS SIX,0.7618,0.01,0.2282
HEARTS FOUR HEARTS QUEEN,0.6106,0.0034,0.386
SPADES QUEEN HEARTS SIX,0.6732,0.0028,0.324
SPADES SIX DIAMONDS JACK,0.6802,0.0046,0.3152
DIAMONDS TEN SPADES TWO,0.681,0.0046,0.3144
SPADES THREE DIAMONDS TEN,0.6776,0.0062,0.3162
SPADES FOUR DIAMONDS TEN,0.6738,0.0032,0.323
SPADES FIVE DIAMONDS TEN,0.6716,0.0042,0.3242
SPADES SIX DIAMONDS TEN,0.6614,0.0032,0.3354
SPADES SEVEN DIAMONDS TEN,0.6536,0.0044,0.342
SPADES EIGHT DIAMONDS TEN,0.6364,0.0054,0.3582
SPADES NINE DIAMONDS TEN,0.6442,0.0046,0.3512
CLUBS FOUR DIAMONDS TEN,0.6762,0.005,0.3188
CLUBS FIVE DIAMONDS TEN,0.67,0.0044,0.3256
CLUBS SIX DIAMONDS TEN,0.6762,0.0042,0.3196
CLUBS SEVEN DIAMONDS TEN,0.649,0.0064,0.3446
CLUBS EIGHT DIAMONDS TEN,0.6554,0.0038,0.3408
CLUBS NINE DIAMONDS TEN,0.6344,0.0062,0.3594
DIAMONDS THREE CLUBS JACK,0.6798,0.008,0.3122
CLUBS TEN DIAMONDS THREE,0.687,0.0044,0.3086
DIAMONDS THREE CLUBS QUEEN,0.6814,0.0048,0.3138
DIAMONDS THREE CLUBS ACE,0.703,0.0532,0.2438
SPADES FOUR HEARTS JACK,0.6632,0.0048,0.332
SPADES FOUR HEARTS TEN,0.6632,0.0042,0.3326
SPADES FIVE SPADES TWO,0.6098,0.0054,0.3848
SPADES FOUR SPADES TWO,0.6052,0.0032,0.3916
SPADES THREE SPADES TWO,0.604,0.0062,0.3898
SPADES NINE SPADES TWO,0.6228,0.0054,0.3718
SPADES EIGHT SPADES TWO,0.6244,0.0036,0.372
SPADES SEVEN SPADES TWO,0.6346,0.0052,0.3602
SPADES SIX SPADES TWO,0.6184,0.0042,0.3774
DIAMONDS QUEEN CLUBS THREE,0.695,0.0062,0.2988
CLUBS THREE HEARTS TWO,0.6576,0.0056,0.3368
DIAMONDS QUEEN CLUBS TWO,0.6954,0.004,0.3006
HEARTS TWO CLUBS TWO,0.4676,0.0048,0.5276
HEARTS SEVEN DIAMONDS QUEEN,0.677,0.0022,0.3208
HEARTS SEVEN HEARTS TWO,0.6294,0.0032,0.3674
HEARTS SIX DIAMONDS QUEEN,0.6848,0.003,0.3122
HEARTS SIX HEARTS TWO,0.6292,0.004,0.3668
DIAMONDS QUEEN HEARTS NINE,0.654,0.0064,0.3396
HEARTS TWO HEARTS NINE,0.6282,0.0056,0.3662
DIAMONDS QUEEN HEARTS EIGHT,0.6602,0.0028,0.337
HEARTS TWO HEARTS EIGHT,0.6328,0.0064,0.3608
CLUBS NINE HEARTS TWO,0.679,0.0058,0.3152
CLUBS NINE DIAMONDS QUEEN,0.6644,0.0054,0.3302
CLUBS EIGHT HEARTS TWO,0.6814,0.005,0.3136
CLUBS EIGHT DIAMONDS QUEEN,0.6738,0.0044,0.3218
CLUBS FIVE DIAMONDS QUEEN,0.6802,0.0056,0.3142
CLUBS FIVE HEARTS TWO,0.6586,0.005,0.3364
SPADES EIGHT HEARTS ACE,0.7048,0.0448,0.2504
DIAMONDS QUEEN CLUBS FOUR,0.6786,0.0056,0.3158
CLUBS FOUR HEARTS TWO,0.6492,0.0078,0.343
CLUBS SEVEN DIAMONDS QUEEN,0.6824,0.0034,0.3142
CLUBS SEVEN HEARTS TWO,0.6772,0.0034,0.3194
SPADES EIGHT HEARTS QUEEN,0.6704,0.0038,0.3258
CLUBS SIX DIAMONDS QUEEN,0.6856,0.0044,0.31
CLUBS SIX HEARTS TWO,0.6568,0.006,0.3372
SPADES EIGHT HEARTS KING,0.7398,0.0118,0.2484
HEARTS TWO SPADES SIX,0.668,0.0052,0.3268
DIAMONDS QUEEN SPADES SIX,0.676,0.0054,0.3186
HEARTS FOUR CLUBS QUEEN,0.679,0.0042,0.3168
DIAMONDS QUEEN SPADES SEVEN,0.6838,0.003,0.3132
SPADES SEVEN HEARTS TWO,0.668,0.0028,0.3292
DIAMONDS QUEEN SPADES EIGHT,0.6542,0.0048,0.341
SPADES EIGHT HEARTS TWO,0.6574,0.004,0.3386
HEARTS FOUR CLUBS ACE,0.688,0.0476,0.2644
SPADES NINE DIAMONDS QUEEN,0.6552,0.0044,0.3404
SPADES NINE HEARTS TWO,0.6708,0.0058,0.3234
HEARTS TWO SPADES TWO,0.4656,0.0068,0.5276
DIAMONDS QUEEN SPADES TWO,0.6944,0.0038,0.3018
HEARTS TWO SPADES THREE,0.6402,0.0052,0.3546
DIAMONDS QUEEN SPADES THREE,0.6766,0.0072,0.3162
HEARTS TWO SPADES FOUR,0.6556,0.0048,0.3396
DIAMONDS QUEEN SPADES FOUR,0.6752,0.005,0.3198
CLUBS TEN HEARTS FOUR,0.6636,0.0032,0.3332
HEARTS TWO SPADES FIVE,0.6562,0.0052,0.3386
DIAMONDS QUEEN SPADES FIVE,0.672,0.0052,0.3228
HEARTS FOUR CLUBS JACK,0.6722,0.0048,0.323
CLUBS FIVE CLUBS QUEEN,0.6436,0.0034,0.353
CLUBS FIVE CLUBS ACE,0.642,0.0484,0.3096
CLUBS FIVE CLUBS JACK,0.6474,0.0062,0.3464
CLUBS TEN CLUBS FIVE,0.633,0.0046,0.3624
SPADES KING CLUBS JACK,0.7488,0.0126,0.2386
SPADES QUEEN CLUBS JACK,0.6466,0.0044,0.349
SPADES ACE CLUBS JACK,0.705,0.0502,0.2448
SPADES SIX CLUBS QUEEN,0.6896,0.003,0.3074
SPADES EIGHT HEARTS JACK,0.6564,0.0032,0.3404
SPADES SIX CLUBS ACE,0.7036,0.0492,0.2472
SPADES EIGHT HEARTS TEN,0.6338,0.003,0.3632
SPADES SIX CLUBS JACK,0.6768,0.0024,0.3208
CLUBS TEN SPADES SIX,0.6614,0.0046,0.334
SPADES TEN CLUBS JACK,0.6242,0.0022,0.3736
SPADES JACK CLUBS JACK,0.4342,0.0032,0.5626
SPADES QUEEN CLUBS SEVEN,0.6802,0.0038,0.316
SPADES KING CLUBS SEVEN,0.748,0.0124,0.2396
SPADES ACE CLUBS SEVEN,0.7026,0.0432,0.2542
SPADES SIX HEARTS TEN,0.6672,0.0048,0.328
SPADES SIX HEARTS JACK,0.6646,0.0036,0.3318
SPADES SIX HEARTS ACE,0.7028,0.0458,0.2514
SPADES SIX HEARTS KING,0.749,0.013,0.238
SPADES SIX HEARTS QUEEN,0.6662,0.0036,0.3302
CLUBS SEVEN SPADES JACK,0.6642,0.0056,0.3302
CLUBS SEVEN SPADES TEN,0.6532,0.003,0.3438
CLUBS TEN HEARTS SIX,0.6564,0.0044,0.3392
HEARTS SIX CLUBS JACK,0.6686,0.0064,0.325
CLUBS ACE CLUBS JACK,0.656,0.0492,0.2948
HEARTS SIX CLUBS QUEEN,0.6658,0.0056,0.3286
HEARTS SIX CLUBS ACE,0.7102,0.0422,0.2476
CLUBS QUEEN CLUBS JACK,0.6138,0.0064,0.3798
DIAMONDS THREE HEARTS ACE,0.695,0.0554,0.2496
DIAMONDS THREE HEARTS QUEEN,0.688,0.0054,0.3066
DIAMONDS THREE HEARTS KING,0.7734,0.0124,0.2142
CLUBS FIVE HEARTS JACK,0.6848,0.0044,0.3108
HEARTS FOUR SPADES TEN,0.6626,0.0036,0.3338
CLUBS FIVE HEARTS TEN,0.6694,0.0046,0.326
HEARTS FOUR SPADES JACK,0.6698,0.0042,0.326
SPADES ACE HEARTS FOUR,0.7002,0.0474,0.2524
CLUBS FIVE HEARTS ACE,0.6844,0.0476,0.268
CLUBS FIVE HEARTS KING,0.7598,0.0124,0.2278
HEARTS FOUR SPADES QUEEN,0.6732,0.0036,0.3232
SPADES FOUR CLUBS JACK,0.6796,0.0046,0.3158
CLUBS FIVE HEARTS QUEEN,0.67,0.0048,0.3252
SPADES KING HEARTS FOUR,0.756,0.0108,0.2332
CLUBS TEN SPADES FOUR,0.665,0.0044,0.3306
HEARTS FOUR DIAMONDS QUEEN,0.6618,0.0048,0.3334
HEARTS FOUR HEARTS TWO,0.611,0.0052,0.3838
DIAMONDS THREE HEARTS TEN,0.6832,0.0034,0.3134
HEARTS FIVE DIAMONDS QUEEN,0.6766,0.0034,0.32
HEARTS FIVE HEARTS TWO,0.602,0.0048,0.3932
DIAMONDS THREE HEARTS JACK,0.6894,0.0054,0.3052
SPADES FOUR CLUBS QUEEN,0.6824,0.0054,0.3122
DIAMONDS QUEEN HEARTS TWO,0.6794,0.004,0.3166
DIAMONDS KING DIAMONDS QUEEN,0.7132,0.0088,0.278
DIAMONDS KING HEARTS TWO,0.7736,0.0122,0.2142
DIAMONDS QUEEN HEARTS THREE,0.6942,0.0046,0.3012
HEARTS THREE HEARTS TWO,0.6058,0.0052,0.389
SPADES FOUR CLUBS ACE,0.6852,0.0488,0.266
HEARTS TWO CLUBS ACE,0.7044,0.0472,0.2484
DIAMONDS QUEEN CLUBS ACE,0.7198,0.0464,0.2338
HEARTS TWO CLUBS QUEEN,0.6934,0.005,0.3016
DIAMONDS QUEEN CLUBS QUEEN,0.4292,0.0038,0.567
SPADES EIGHT SPADES FIVE,0.6002,0.0046,0.3952
CLUBS TEN HEARTS TWO,0.6742,0.0038,0.322
CLUBS TEN DIAMONDS QUEEN,0.6586,0.0038,0.3376
SPADES NINE SPADES FIVE,0.6138,0.0048,0.3814
HEARTS TWO CLUBS JACK,0.6772,0.007,0.3158
DIAMONDS QUEEN CLUBS JACK,0.6462,0.0054,0.3484
SPADES SIX SPADES FIVE,0.589,0.0036,0.4074
SPADES SEVEN SPADES FIVE,0.5984,0.0026,0.399
DIAMONDS FIVE CLUBS QUEEN,0.6864,0.0038,0.3098
SPADES EIGHT CLUBS ACE,0.6856,0.0498,0.2646
DIAMONDS FIVE CLUBS ACE,0.681,0.0538,0.2652
SPADES EIGHT CLUBS QUEEN,0.6686,0.0036,0.3278
SPADES EIGHT CLUBS JACK,0.6452,0.0032,0.3516
CLUBS TEN SPADES EIGHT,0.6362,0.0026,0.3612
CLUBS TEN DIAMONDS FIVE,0.6706,0.0072,0.3222
DIAMONDS FIVE CLUBS JACK,0.688,0.007,0.305
DIAMONDS TEN HEARTS JACK,0.6368,0.0044,0.3588
DIAMONDS TEN HEARTS TEN,0.4292,0.0022,0.5686
SPADES ACE CLUBS NINE,0.7154,0.0482,0.2364
CLUBS NINE SPADES QUEEN,0.652,0.0058,0.3422
CLUBS NINE SPADES KING,0.7584,0.0132,0.2284
HEARTS SIX HEARTS KING,0.709,0.013,0.278
DIAMONDS KING SPADES SEVEN,0.7678,0.0084,0.2238
HEARTS THREE SPADES SEVEN,0.6608,0.0046,0.3346
SPADES KING DIAMONDS SEVEN,0.7622,0.0128,0.225
HEARTS SIX HEARTS QUEEN,0.621,0.0032,0.3758
SPADES QUEEN DIAMONDS SEVEN,0.6936,0.0036,0.3028
HEARTS THREE SPADES SIX,0.6576,0.0032,0.3392
DIAMONDS KING SPADES SIX,0.7614,0.0146,0.224
DIAMONDS KING SPADES NINE,0.7606,0.0106,0.2288
SPADES NINE HEARTS THREE,0.6762,0.0054,0.3184
HEARTS SIX HEARTS ACE,0.666,0.0388,0.2952
