opposingHand,winningChance,drawChance,lostChance
DIAMONDS ACE CLUBS THREE
HEARTS FIVE SPADES TEN,0.614,0.0042,0.3818
HEARTS FIVE SPADES JACK,0.6062,0.0052,0.3886
CLUBS JACK SPADES FIVE,0.6104,0.006,0.3836
CLUBS TEN SPADES FIVE,0.6058,0.0048,0.3894
CLUBS JACK CLUBS EIGHT,0.5552,0.007,0.4378
CLUBS TEN CLUBS EIGHT,0.5432,0.0046,0.4522
CLUBS EIGHT CLUBS KING,0.5666,0.005,0.4284
SPADES FIVE CLUBS ACE,0.2172,0.4546,0.3282
CLUBS EIGHT CLUBS QUEEN,0.559,0.0038,0.4372
SPADES FIVE CLUBS KING,0.6134,0.005,0.3816
SPADES FIVE CLUBS QUEEN,0.6178,0.0042,0.378
CLUBS EIGHT CLUBS ACE,0.2288,0.2272,0.544
DIAMONDS TWO DIAMONDS THREE,0.718,0.0226,0.2594
DIAMONDS TWO DIAMONDS FIVE,0.6156,0.0058,0.3786
HEARTS FIVE SPADES KING,0.6098,0.0052,0.385
DIAMONDS TWO DIAMONDS FOUR,0.6236,0.006,0.3704
HEARTS FIVE SPADES QUEEN,0.603,0.0058,0.3912
DIAMONDS TWO DIAMONDS SEVEN,0.6222,0.0066,0.3712
DIAMONDS TWO DIAMONDS SIX,0.6248,0.0056,0.3696
SPADES ACE HEARTS FIVE,0.219,0.4586,0.3224
DIAMONDS TWO DIAMONDS NINE,0.6138,0.0054,0.3808
DIAMONDS TWO DIAMONDS EIGHT,0.6078,0.0068,0.3854
DIAMONDS THREE DIAMONDS FOUR,0.7074,0.018,0.2746
CLUBS TWO SPADES FOUR,0.6556,0.0048,0.3396
DIAMONDS THREE DIAMONDS FIVE,0.692,0.02,0.288
SPADES FIVE CLUBS TWO,0.6332,0.005,0.3618
CLUBS TWO SPADES TWO,0.4632,0.008,0.5288
CLUBS TWO SPADES THREE,0.7536,0.0192,0.2272
DIAMONDS THREE DIAMONDS EIGHT,0.7124,0.0176,0.27
SPADES EIGHT CLUBS TWO,0.6484,0.004,0.3476
DIAMONDS THREE DIAMONDS NINE,0.7126,0.0204,0.267
SPADES NINE CLUBS TWO,0.654,0.005,0.341
DIAMONDS THREE DIAMONDS SIX,0.7188,0.014,0.2672
SPADES SIX CLUBS TWO,0.657,0.0058,0.3372
DIAMONDS THREE DIAMONDS SEVEN,0.7,0.0166,0.2834
SPADES SEVEN CLUBS TWO,0.6568,0.0064,0.3368
CLUBS SIX CLUBS TWO,0.6076,0.0042,0.3882
CLUBS SEVEN CLUBS TWO,0.612,0.0074,0.3806
CLUBS FOUR CLUBS TWO,0.5996,0.0068,0.3936
CLUBS FIVE CLUBS TWO,0.5956,0.0052,0.3992
CLUBS TEN CLUBS JACK,0.5216,0.0026,0.4758
DIAMONDS FOUR DIAMONDS SIX,0.5664,0.0064,0.4272
CLUBS TEN CLUBS QUEEN,0.5286,0.006,0.4654
DIAMONDS FOUR DIAMONDS SEVEN,0.5732,0.0064,0.4204
CLUBS TEN CLUBS KING,0.5448,0.0052,0.45
CLUBS TEN CLUBS ACE,0.2368,0.1142,0.649
CLUBS EIGHT CLUBS TWO,0.6126,0.0052,0.3822
DIAMONDS FIVE DIAMONDS FOUR,0.5556,0.0072,0.4372
CLUBS NINE CLUBS TWO,0.615,0.0056,0.3794
DIAMONDS NINE DIAMONDS FOUR,0.5904,0.0054,0.4042
DIAMONDS EIGHT DIAMONDS FOUR,0.5868,0.0046,0.4086
DIAMONDS NINE DIAMONDS FIVE,0.5674,0.0062,0.4264
CLUBS JACK DIAMONDS TWO,0.6522,0.0048,0.343
DIAMONDS EIGHT DIAMONDS FIVE,0.5642,0.0046,0.4312
CLUBS TEN DIAMONDS TWO,0.6418,0.0054,0.3528
DIAMONDS FIVE DIAMONDS SEVEN,0.554,0.0068,0.4392
DIAMONDS FIVE DIAMONDS SIX,0.5586,0.0062,0.4352
DIAMONDS TWO CLUBS ACE,0.254,0.533,0.213
DIAMONDS TWO CLUBS KING,0.645,0.0072,0.3478
DIAMONDS TWO CLUBS QUEEN,0.6408,0.0052,0.354
DIAMONDS EIGHT DIAMONDS SIX,0.549,0.0052,0.4458
DIAMONDS NINE DIAMONDS SIX,0.5588,0.0056,0.4356
HEARTS ACE SPADES THREE,0.0244,0.9578,0.0178
SPADES THREE HEARTS KING,0.7456,0.0194,0.235
DIAMONDS SEVEN DIAMONDS SIX,0.5504,0.0052,0.4444
HEARTS QUEEN SPADES THREE,0.7404,0.0224,0.2372
SPADES THREE HEARTS JACK,0.7462,0.0204,0.2334
SPADES THREE HEARTS TEN,0.7354,0.021,0.2436
DIAMONDS EIGHT DIAMONDS SEVEN,0.5302,0.0046,0.4652
DIAMONDS NINE DIAMONDS SEVEN,0.5486,0.006,0.4454
DIAMONDS NINE DIAMONDS EIGHT,0.533,0.0048,0.4622
DIAMONDS KING HEARTS TEN,0.5882,0.0028,0.409
HEARTS THREE HEARTS TEN,0.7032,0.0236,0.2732
SPADES JACK CLUBS SIX,0.6034,0.005,0.3916
DIAMONDS KING HEARTS JACK,0.5768,0.0072,0.416
HEARTS THREE HEARTS JACK,0.7072,0.0212,0.2716
SPADES TEN CLUBS SIX,0.5924,0.004,0.4036
SPADES JACK SPADES FIVE,0.573,0.0042,0.4228
SPADES TEN SPADES FIVE,0.575,0.0058,0.4192
DIAMONDS KING HEARTS ACE,0.2624,0.0476,0.69
HEARTS THREE HEARTS ACE,0.0242,0.91,0.0658
SPADES ACE CLUBS SIX,0.2476,0.3788,0.3736
DIAMONDS KING HEARTS QUEEN,0.577,0.006,0.417
HEARTS THREE HEARTS QUEEN,0.7036,0.0184,0.278
SPADES KING CLUBS SIX,0.5918,0.005,0.4032
DIAMONDS KING HEARTS KING,0.2904,0.0042,0.7054
HEARTS THREE HEARTS KING,0.6956,0.0184,0.286
SPADES QUEEN CLUBS SIX,0.5942,0.0052,0.4006
SPADES NINE HEARTS TEN,0.5636,0.0036,0.4328
SPADES NINE HEARTS JACK,0.5714,0.0034,0.4252
SPADES QUEEN SPADES FIVE,0.5808,0.006,0.4132
SPADES KING SPADES FIVE,0.5802,0.0052,0.4146
SPADES ACE SPADES FIVE,0.2004,0.433,0.3666
SPADES NINE HEARTS QUEEN,0.5704,0.0038,0.4258
SPADES NINE HEARTS KING,0.587,0.0036,0.4094
SPADES NINE HEARTS ACE,0.2488,0.1764,0.5748
CLUBS TEN SPADES JACK,0.5548,0.0048,0.4404
CLUBS TEN SPADES TEN,0.3176,0.0038,0.6786
SPADES ACE CLUBS TEN,0.239,0.1132,0.6478
CLUBS TEN SPADES KING,0.5586,0.0034,0.438
CLUBS TEN SPADES QUEEN,0.546,0.0048,0.4492
SPADES FIVE HEARTS QUEEN,0.6144,0.0046,0.381
SPADES FIVE HEARTS KING,0.6156,0.0054,0.379
HEARTS ACE SPADES FIVE,0.225,0.4546,0.3204
CLUBS EIGHT SPADES TEN,0.5606,0.0076,0.4318
SPADES JACK HEARTS THREE,0.7322,0.0212,0.2466
SPADES JACK DIAMONDS KING,0.5888,0.006,0.4052
SPADES TEN DIAMONDS KING,0.5772,0.0046,0.4182
SPADES TEN HEARTS THREE,0.7444,0.0186,0.237
CLUBS EIGHT SPADES JACK,0.579,0.0044,0.4166
CLUBS SIX HEARTS ACE,0.2338,0.3678,0.3984
SPADES ACE CLUBS EIGHT,0.24,0.2334,0.5266
HEARTS FIVE CLUBS JACK,0.6182,0.005,0.3768
CLUBS TEN HEARTS FIVE,0.62,0.0064,0.3736
CLUBS SIX HEARTS QUEEN,0.6004,0.0052,0.3944
SPADES QUEEN CLUBS EIGHT,0.5758,0.0038,0.4204
CLUBS TEN SPADES THREE,0.7486,0.0234,0.228
CLUBS SIX HEARTS KING,0.5968,0.003,0.4002
SPADES KING CLUBS EIGHT,0.6004,0.0036,0.396
CLUBS JACK SPADES THREE,0.751,0.0208,0.2282
DIAMONDS TWO HEARTS JACK,0.6432,0.0052,0.3516
SPADES THREE CLUBS QUEEN,0.7366,0.024,0.2394
DIAMONDS TWO HEARTS TEN,0.6512,0.005,0.3438
SPADES THREE CLUBS KING,0.7358,0.0206,0.2436
HEARTS FIVE CLUBS ACE,0.2166,0.4654,0.318
SPADES FIVE HEARTS TEN,0.6146,0.0032,0.3822
SPADES THREE CLUBS ACE,0.0122,0.9716,0.0162
HEARTS FIVE CLUBS KING,0.6176,0.0042,0.3782
SPADES FIVE HEARTS JACK,0.6114,0.0036,0.385
HEARTS FIVE CLUBS QUEEN,0.6084,0.0036,0.388
HEARTS THREE CLUBS KING,0.7472,0.017,0.2358
DIAMONDS KING CLUBS KING,0.2924,0.0046,0.703
HEARTS THREE CLUBS QUEEN,0.7524,0.0234,0.2242
DIAMONDS KING CLUBS QUEEN,0.5828,0.0058,0.4114
HEARTS FIVE HEARTS JACK,0.576,0.0034,0.4206
HEARTS FIVE HEARTS TEN,0.5634,0.0048,0.4318
HEARTS THREE CLUBS ACE,0.0108,0.9694,0.0198
DIAMONDS KING CLUBS ACE,0.2488,0.0498,0.7014
SPADES ACE CLUBS QUEEN,0.2526,0.0654,0.682
SPADES KING CLUBS QUEEN,0.5752,0.0052,0.4196
CLUBS JACK HEARTS THREE,0.7346,0.0242,0.2412
CLUBS JACK DIAMONDS KING,0.5684,0.006,0.4256
SPADES QUEEN CLUBS QUEEN,0.2974,0.0026,0.7
CLUBS TEN HEARTS THREE,0.7334,0.0242,0.2424
CLUBS TEN DIAMONDS KING,0.5646,0.0046,0.4308
SPADES JACK CLUBS QUEEN,0.5606,0.006,0.4334
CLUBS SIX CLUBS QUEEN,0.5644,0.0054,0.4302
SPADES TEN CLUBS QUEEN,0.5634,0.0032,0.4334
CLUBS SIX CLUBS KING,0.5904,0.0046,0.405
CLUBS SIX CLUBS ACE,0.2316,0.3608,0.4076
HEARTS FIVE HEARTS KING,0.5576,0.0046,0.4378
HEARTS FIVE HEARTS QUEEN,0.5678,0.0046,0.4276
CLUBS TEN CLUBS SIX,0.5568,0.0048,0.4384
HEARTS FIVE HEARTS ACE,0.2054,0.439,0.3556
CLUBS JACK CLUBS SIX,0.5762,0.0052,0.4186
SPADES SEVEN HEARTS JACK,0.5912,0.0042,0.4046
SPADES SEVEN HEARTS TEN,0.5766,0.0038,0.4196
DIAMONDS TWO CLUBS TWO,0.4782,0.0082,0.5136
DIAMONDS TWO HEARTS SIX,0.6412,0.0076,0.3512
DIAMONDS TWO HEARTS QUEEN,0.6458,0.006,0.3482
HEARTS SEVEN DIAMONDS TWO,0.654,0.0038,0.3422
DIAMONDS TWO HEARTS KING,0.6472,0.0074,0.3454
DIAMONDS TWO HEARTS EIGHT,0.6438,0.0056,0.3506
DIAMONDS TWO HEARTS ACE,0.26,0.5278,0.2122
DIAMONDS TWO HEARTS NINE,0.6506,0.0048,0.3446
DIAMONDS TWO DIAMONDS QUEEN,0.6256,0.0072,0.3672
DIAMONDS TWO HEARTS TWO,0.4552,0.0076,0.5372
DIAMONDS TWO DIAMONDS KING,0.6218,0.0046,0.3736
DIAMONDS TWO HEARTS THREE,0.7454,0.021,0.2336
HEARTS FOUR DIAMONDS TWO,0.6404,0.0064,0.3532
HEARTS FIVE DIAMONDS TWO,0.6258,0.0056,0.3686
SPADES SEVEN HEARTS ACE,0.25,0.2964,0.4536
DIAMONDS TWO DIAMONDS TEN,0.6162,0.0062,0.3776
SPADES SEVEN HEARTS KING,0.5962,0.004,0.3998
DIAMONDS TWO DIAMONDS JACK,0.6154,0.0048,0.3798
SPADES SEVEN HEARTS QUEEN,0.592,0.004,0.404
DIAMONDS TWO SPADES NINE,0.6606,0.0038,0.3356
DIAMONDS TWO SPADES EIGHT,0.6524,0.0046,0.343
DIAMONDS TWO SPADES SEVEN,0.6588,0.005,0.3362
DIAMONDS TWO SPADES SIX,0.6464,0.0064,0.3472
DIAMONDS TWO SPADES FIVE,0.6438,0.0068,0.3494
DIAMONDS TWO SPADES FOUR,0.6468,0.0056,0.3476
DIAMONDS TWO SPADES THREE,0.7556,0.021,0.2234
DIAMONDS TWO SPADES TWO,0.4594,0.0066,0.534
DIAMONDS TWO CLUBS NINE,0.6356,0.005,0.3594
CLUBS EIGHT DIAMONDS TWO,0.648,0.0052,0.3468
DIAMONDS TWO CLUBS SEVEN,0.6418,0.006,0.3522
DIAMONDS TWO CLUBS SIX,0.6488,0.0082,0.343
DIAMONDS TWO CLUBS FIVE,0.637,0.0058,0.3572
DIAMONDS TWO CLUBS FOUR,0.6386,0.0048,0.3566
CLUBS FOUR SPADES FIVE,0.589,0.0054,0.4056
CLUBS FOUR SPADES FOUR,0.3552,0.0066,0.6382
CLUBS FOUR SPADES THREE,0.7216,0.0216,0.2568
CLUBS FOUR SPADES TWO,0.6292,0.0054,0.3654
SPADES NINE CLUBS FOUR,0.6072,0.0036,0.3892
SPADES EIGHT CLUBS FOUR,0.6066,0.0036,0.3898
CLUBS FOUR SPADES SEVEN,0.5914,0.0046,0.404
CLUBS FOUR SPADES SIX,0.6006,0.0054,0.394
SPADES ACE DIAMONDS SIX,0.2556,0.3746,0.3698
SPADES QUEEN DIAMONDS SIX,0.5934,0.0044,0.4022
SPADES KING DIAMONDS SIX,0.606,0.0056,0.3884
SPADES TEN DIAMONDS SIX,0.5966,0.0044,0.399
SPADES JACK DIAMONDS SIX,0.6078,0.0058,0.3864
SPADES QUEEN SPADES TWO,0.6066,0.004,0.3894
SPADES KING SPADES TWO,0.6016,0.0034,0.395
SPADES ACE SPADES TWO,0.252,0.479,0.269
CLUBS JACK DIAMONDS JACK,0.3216,0.0058,0.6726
CLUBS TEN DIAMONDS JACK,0.5384,0.0046,0.457
DIAMONDS JACK CLUBS KING,0.5668,0.0074,0.4258
DIAMONDS JACK CLUBS QUEEN,0.5642,0.0062,0.4296
DIAMONDS THREE DIAMONDS JACK,0.7214,0.0214,0.2572
DIAMONDS THREE DIAMONDS TEN,0.7116,0.0228,0.2656
DIAMONDS JACK CLUBS ACE,0.2446,0.087,0.6684
DIAMONDS THREE DIAMONDS KING,0.717,0.0254,0.2576
DIAMONDS THREE HEARTS THREE,0.3354,0.0184,0.6462
DIAMONDS THREE DIAMONDS QUEEN,0.723,0.0222,0.2548
DIAMONDS THREE HEARTS TWO,0.7636,0.0196,0.2168
HEARTS FIVE DIAMONDS THREE,0.7334,0.0186,0.248
HEARTS FOUR DIAMONDS THREE,0.7214,0.0188,0.2598
HEARTS SEVEN DIAMONDS THREE,0.7334,0.012,0.2546
SPADES TEN SPADES NINE,0.517,0.0048,0.4782
HEARTS SIX DIAMONDS THREE,0.7522,0.0184,0.2294
SPADES JACK SPADES NINE,0.5246,0.0042,0.4712
DIAMONDS THREE HEARTS NINE,0.757,0.0224,0.2206
HEARTS JACK DIAMONDS FOUR,0.6066,0.006,0.3874
HEARTS ACE HEARTS KING,0.2354,0.043,0.7216
SPADES TEN SPADES TWO,0.6096,0.0052,0.3852
DIAMONDS THREE HEARTS EIGHT,0.7378,0.0178,0.2444
HEARTS TEN DIAMONDS FOUR,0.6254,0.0054,0.3692
SPADES JACK SPADES TWO,0.5944,0.0046,0.401
HEARTS QUEEN DIAMONDS FOUR,0.6124,0.0036,0.384
HEARTS KING DIAMONDS FOUR,0.6182,0.0062,0.3756
SPADES ACE SPADES NINE,0.236,0.156,0.608
HEARTS ACE DIAMONDS FOUR,0.2234,0.5224,0.2542
SPADES KING SPADES NINE,0.5436,0.004,0.4524
SPADES QUEEN SPADES NINE,0.5298,0.0038,0.4664
DIAMONDS THREE SPADES NINE,0.7488,0.021,0.2302
DIAMONDS THREE SPADES EIGHT,0.763,0.0156,0.2214
DIAMONDS THREE SPADES SEVEN,0.7436,0.0152,0.2412
DIAMONDS THREE SPADES SIX,0.747,0.0176,0.2354
DIAMONDS THREE CLUBS SIX,0.7546,0.0184,0.227
CLUBS SIX CLUBS FIVE,0.5518,0.0054,0.4428
CLUBS ACE DIAMONDS FOUR,0.2142,0.5388,0.247
DIAMONDS THREE CLUBS SEVEN,0.7362,0.0152,0.2486
CLUBS SEVEN CLUBS FIVE,0.5488,0.006,0.4452
DIAMONDS THREE CLUBS FOUR,0.7342,0.0172,0.2486
DIAMONDS FOUR CLUBS QUEEN,0.6214,0.0036,0.375
DIAMONDS THREE CLUBS FIVE,0.7178,0.0194,0.2628
DIAMONDS FOUR CLUBS KING,0.6246,0.0046,0.3708
DIAMONDS THREE CLUBS TWO,0.7554,0.0252,0.2194
CLUBS TEN DIAMONDS FOUR,0.6234,0.0038,0.3728
CLUBS JACK DIAMONDS FOUR,0.625,0.0038,0.3712
DIAMONDS THREE SPADES FOUR,0.732,0.0212,0.2468
DIAMONDS THREE SPADES FIVE,0.7206,0.0182,0.2612
DIAMONDS THREE SPADES TWO,0.758,0.018,0.224
DIAMONDS THREE SPADES THREE,0.339,0.017,0.644
CLUBS EIGHT DIAMONDS THREE,0.7554,0.0162,0.2284
CLUBS NINE DIAMONDS THREE,0.7446,0.0192,0.2362
SPADES SEVEN CLUBS ACE,0.2332,0.2966,0.4702
SPADES SEVEN CLUBS QUEEN,0.605,0.0036,0.3914
SPADES SEVEN CLUBS KING,0.5936,0.004,0.4024
SPADES SEVEN CLUBS FIVE,0.5788,0.0062,0.415
CLUBS TEN SPADES SEVEN,0.5748,0.0044,0.4208
CLUBS FIVE SPADES SIX,0.5716,0.004,0.4244
CLUBS JACK SPADES SEVEN,0.5982,0.0034,0.3984
SPADES NINE CLUBS FIVE,0.6026,0.004,0.3934
SPADES EIGHT CLUBS FIVE,0.593,0.004,0.403
CLUBS FIVE SPADES THREE,0.7152,0.0184,0.2664
CLUBS FIVE SPADES TWO,0.6256,0.0058,0.3686
CLUBS FIVE SPADES FIVE,0.3442,0.003,0.6528
CLUBS FIVE SPADES FOUR,0.577,0.0046,0.4184
CLUBS NINE CLUBS FIVE,0.5662,0.0062,0.4276
CLUBS EIGHT CLUBS FIVE,0.5544,0.0064,0.4392
CLUBS ACE CLUBS QUEEN,0.2408,0.0612,0.698
CLUBS KING CLUBS QUEEN,0.5304,0.0056,0.464
DIAMONDS TEN DIAMONDS FOUR,0.5926,0.0076,0.3998
CLUBS TEN DIAMONDS NINE,0.5544,0.0068,0.4388
DIAMONDS JACK DIAMONDS FOUR,0.5818,0.0062,0.412
CLUBS JACK DIAMONDS NINE,0.574,0.0064,0.4196
CLUBS JACK SPADES NINE,0.564,0.0028,0.4332
CLUBS TEN SPADES NINE,0.5444,0.0042,0.4514
HEARTS FOUR DIAMONDS FOUR,0.375,0.0064,0.6186
DIAMONDS JACK HEARTS TEN,0.543,0.0054,0.4516
SPADES NINE CLUBS KING,0.5914,0.0052,0.4034
DIAMONDS TWO SPADES TEN,0.653,0.0054,0.3416
DIAMONDS NINE CLUBS ACE,0.2336,0.1784,0.588
HEARTS FIVE DIAMONDS FOUR,0.586,0.008,0.406
DIAMONDS JACK HEARTS JACK,0.3188,0.0054,0.6758
SPADES NINE CLUBS QUEEN,0.5806,0.0046,0.4148
DIAMONDS TWO SPADES JACK,0.649,0.0062,0.3448
DIAMONDS QUEEN DIAMONDS FOUR,0.582,0.0052,0.4128
HEARTS TWO DIAMONDS FOUR,0.644,0.0078,0.3482
DIAMONDS NINE CLUBS QUEEN,0.5832,0.0034,0.4134
DIAMONDS KING DIAMONDS FOUR,0.6,0.0044,0.3956
HEARTS THREE DIAMONDS FOUR,0.7414,0.0182,0.2404
SPADES NINE CLUBS ACE,0.2494,0.1714,0.5792
DIAMONDS NINE CLUBS KING,0.597,0.0056,0.3974
HEARTS ACE DIAMONDS JACK,0.2514,0.0886,0.66
SPADES ACE DIAMONDS TWO,0.2574,0.5308,0.2118
HEARTS QUEEN DIAMONDS JACK,0.5652,0.0048,0.43
SPADES QUEEN DIAMONDS TWO,0.6572,0.0048,0.338
DIAMONDS JACK HEARTS KING,0.5848,0.004,0.4112
SPADES KING DIAMONDS TWO,0.6464,0.0042,0.3494
SPADES JACK SPADES SEVEN,0.5588,0.0056,0.4356
SPADES TEN SPADES SEVEN,0.5442,0.0042,0.4516
SPADES TWO DIAMONDS FOUR,0.6372,0.0074,0.3554
SPADES THREE DIAMONDS FOUR,0.7294,0.021,0.2496
SPADES FOUR DIAMONDS FOUR,0.3712,0.0054,0.6234
SPADES FIVE DIAMONDS FOUR,0.5954,0.005,0.3996
SPADES SIX DIAMONDS FOUR,0.595,0.0046,0.4004
SPADES SEVEN DIAMONDS FOUR,0.5952,0.0062,0.3986
SPADES EIGHT DIAMONDS FOUR,0.6052,0.0044,0.3904
SPADES NINE DIAMONDS FOUR,0.6176,0.0068,0.3756
CLUBS FIVE DIAMONDS FOUR,0.5824,0.006,0.4116
CLUBS FOUR DIAMONDS FOUR,0.3666,0.008,0.6254
CLUBS SEVEN DIAMONDS FOUR,0.605,0.005,0.39
CLUBS SIX DIAMONDS FOUR,0.5942,0.0064,0.3994
CLUBS NINE DIAMONDS FOUR,0.6246,0.0052,0.3702
CLUBS EIGHT DIAMONDS FOUR,0.5974,0.0076,0.395
HEARTS SEVEN DIAMONDS FOUR,0.608,0.0064,0.3856
HEARTS SIX DIAMONDS FOUR,0.5934,0.004,0.4026
DIAMONDS FOUR HEARTS NINE,0.6156,0.006,0.3784
DIAMONDS FOUR HEARTS EIGHT,0.6064,0.0064,0.3872
CLUBS TWO DIAMONDS FOUR,0.635,0.0094,0.3556
DIAMONDS TEN DIAMONDS FIVE,0.5912,0.006,0.4028
DIAMONDS JACK DIAMONDS FIVE,0.578,0.0064,0.4156
DIAMONDS NINE HEARTS QUEEN,0.5938,0.006,0.4002
DIAMONDS NINE HEARTS KING,0.5984,0.0042,0.3974
HEARTS ACE DIAMONDS NINE,0.2592,0.1732,0.5676
DIAMONDS NINE HEARTS TEN,0.541,0.0042,0.4548
DIAMONDS NINE HEARTS JACK,0.5686,0.0048,0.4266
CLUBS KING DIAMONDS SIX,0.61,0.005,0.385
CLUBS QUEEN DIAMONDS SIX,0.6036,0.0066,0.3898
CLUBS ACE DIAMONDS SIX,0.2434,0.3986,0.358
SPADES KING DIAMONDS FOUR,0.6334,0.0062,0.3604
SPADES ACE SPADES SEVEN,0.2262,0.2786,0.4952
SPADES QUEEN DIAMONDS FOUR,0.6102,0.0036,0.3862
SPADES QUEEN SPADES SEVEN,0.5634,0.0038,0.4328
CLUBS JACK DIAMONDS SIX,0.609,0.0044,0.3866
SPADES KING SPADES SEVEN,0.5758,0.0054,0.4188
SPADES ACE DIAMONDS FOUR,0.2094,0.5262,0.2644
CLUBS TEN DIAMONDS SIX,0.5884,0.0044,0.4072
CLUBS NINE CLUBS FOUR,0.5824,0.0068,0.4108
CLUBS EIGHT CLUBS FOUR,0.5562,0.0054,0.4384
SPADES JACK DIAMONDS FOUR,0.6198,0.0052,0.375
SPADES TEN DIAMONDS FOUR,0.6248,0.0052,0.37
CLUBS FOUR CLUBS FIVE,0.555,0.0038,0.4412
CLUBS SEVEN CLUBS FOUR,0.5708,0.0036,0.4256
CLUBS SIX CLUBS FOUR,0.5728,0.0064,0.4208
CLUBS SEVEN SPADES EIGHT,0.5572,0.0042,0.4386
SPADES NINE CLUBS SEVEN,0.5544,0.0038,0.4418
CLUBS SEVEN SPADES SIX,0.568,0.004,0.428
CLUBS SEVEN SPADES SEVEN,0.3562,0.0046,0.6392
CLUBS SEVEN SPADES FIVE,0.5842,0.0064,0.4094
CLUBS SEVEN SPADES FOUR,0.5956,0.0038,0.4006
CLUBS SEVEN SPADES THREE,0.727,0.016,0.257
CLUBS SEVEN SPADES TWO,0.6572,0.0042,0.3386
CLUBS NINE CLUBS SEVEN,0.5364,0.0056,0.458
CLUBS EIGHT CLUBS SEVEN,0.5248,0.0058,0.4694
HEARTS SIX DIAMONDS FIVE,0.6008,0.0034,0.3958
HEARTS SEVEN DIAMONDS FIVE,0.595,0.006,0.399
DIAMONDS FIVE HEARTS EIGHT,0.603,0.0044,0.3926
DIAMONDS FIVE HEARTS NINE,0.6094,0.006,0.3846
DIAMONDS QUEEN DIAMONDS FIVE,0.5842,0.0046,0.4112
HEARTS TWO DIAMONDS FIVE,0.6198,0.0058,0.3744
HEARTS KING HEARTS EIGHT,0.5558,0.0042,0.44
DIAMONDS KING DIAMONDS FIVE,0.5886,0.0068,0.4046
HEARTS THREE DIAMONDS FIVE,0.7274,0.0186,0.254
HEARTS QUEEN HEARTS EIGHT,0.534,0.0042,0.4618
HEARTS FOUR DIAMONDS FIVE,0.588,0.0046,0.4074
HEARTS FIVE DIAMONDS FIVE,0.3618,0.005,0.6332
HEARTS ACE HEARTS EIGHT,0.2218,0.2124,0.5658
CLUBS FOUR DIAMONDS FIVE,0.581,0.0058,0.4132
CLUBS FIVE DIAMONDS FIVE,0.3652,0.006,0.6288
CLUBS SIX DIAMONDS FIVE,0.574,0.0048,0.4212
CLUBS SEVEN DIAMONDS FIVE,0.5876,0.0064,0.406
CLUBS TWO DIAMONDS FIVE,0.6464,0.0076,0.346
SPADES THREE DIAMONDS FIVE,0.7178,0.0176,0.2646
SPADES TWO DIAMONDS FIVE,0.64,0.006,0.354
SPADES JACK DIAMONDS EIGHT,0.5844,0.0056,0.41
SPADES FIVE DIAMONDS FIVE,0.3648,0.0046,0.6306
CLUBS TEN HEARTS JACK,0.5494,0.0048,0.4458
SPADES TEN DIAMONDS EIGHT,0.5684,0.0042,0.4274
SPADES FOUR DIAMONDS FIVE,0.5766,0.0046,0.4188
CLUBS JACK HEARTS JACK,0.3192,0.0044,0.6764
HEARTS JACK CLUBS QUEEN,0.5552,0.0052,0.4396
CLUBS NINE DIAMONDS FIVE,0.603,0.0046,0.3924
CLUBS EIGHT DIAMONDS FIVE,0.5864,0.005,0.4086
HEARTS JACK CLUBS KING,0.5784,0.0036,0.418
CLUBS ACE HEARTS JACK,0.2422,0.0852,0.6726
SPADES SEVEN DIAMONDS FIVE,0.601,0.0048,0.3942
SPADES KING DIAMONDS EIGHT,0.6178,0.005,0.3772
SPADES QUEEN DIAMONDS EIGHT,0.5966,0.0048,0.3986
SPADES SIX DIAMONDS FIVE,0.5728,0.0036,0.4236
SPADES NINE DIAMONDS FIVE,0.6042,0.0038,0.392
SPADES EIGHT DIAMONDS FIVE,0.596,0.0056,0.3984
SPADES ACE DIAMONDS EIGHT,0.2426,0.2282,0.5292
DIAMONDS TEN DIAMONDS SIX,0.56,0.0044,0.4356
HEARTS ACE DIAMONDS SEVEN,0.2424,0.3014,0.4562
DIAMONDS JACK DIAMONDS SIX,0.5846,0.006,0.4094
HEARTS QUEEN DIAMONDS SEVEN,0.5962,0.0062,0.3976
HEARTS KING DIAMONDS SEVEN,0.5938,0.0052,0.401
HEARTS FOUR DIAMONDS SIX,0.603,0.0036,0.3934
SPADES TWO HEARTS JACK,0.6448,0.0056,0.3496
HEARTS FIVE DIAMONDS SIX,0.583,0.0046,0.4124
SPADES TWO HEARTS TEN,0.6506,0.0042,0.3452
DIAMONDS QUEEN DIAMONDS SIX,0.5722,0.0054,0.4224
HEARTS TWO DIAMONDS SIX,0.6564,0.0052,0.3384
DIAMONDS KING DIAMONDS SIX,0.5706,0.0052,0.4242
HEARTS THREE DIAMONDS SIX,0.7498,0.0138,0.2364
HEARTS EIGHT DIAMONDS SIX,0.586,0.0046,0.4094
HEARTS NINE DIAMONDS SIX,0.5976,0.0032,0.3992
HEARTS SIX DIAMONDS SIX,0.3696,0.0052,0.6252
HEARTS SEVEN DIAMONDS SIX,0.583,0.004,0.413
HEARTS TEN DIAMONDS SEVEN,0.5798,0.0038,0.4164
CLUBS TWO DIAMONDS SIX,0.6646,0.006,0.3294
HEARTS JACK DIAMONDS SEVEN,0.6018,0.0026,0.3956
CLUBS SEVEN DIAMONDS SIX,0.571,0.005,0.424
CLUBS JACK DIAMONDS EIGHT,0.5704,0.005,0.4246
CLUBS SIX DIAMONDS SIX,0.3644,0.0048,0.6308
CLUBS TEN DIAMONDS EIGHT,0.5574,0.005,0.4376
CLUBS FIVE DIAMONDS SIX,0.5798,0.0058,0.4144
CLUBS FOUR DIAMONDS SIX,0.5956,0.0066,0.3978
HEARTS ACE HEARTS JACK,0.2292,0.083,0.6878
DIAMONDS EIGHT CLUBS ACE,0.2252,0.2334,0.5414
HEARTS QUEEN HEARTS JACK,0.5226,0.0054,0.472
DIAMONDS EIGHT CLUBS KING,0.6012,0.004,0.3948
CLUBS NINE DIAMONDS SIX,0.5848,0.0054,0.4098
HEARTS KING HEARTS JACK,0.5334,0.0056,0.461
CLUBS EIGHT DIAMONDS SIX,0.5802,0.0056,0.4142
DIAMONDS EIGHT CLUBS QUEEN,0.5824,0.005,0.4126
SPADES TEN HEARTS KING,0.5672,0.0052,0.4276
SPADES FIVE DIAMONDS SIX,0.5842,0.0044,0.4114
HEARTS ACE SPADES TWO,0.2644,0.5182,0.2174
SPADES JACK HEARTS KING,0.576,0.0046,0.4194
SPADES FOUR DIAMONDS SIX,0.6032,0.006,0.3908
SPADES THREE DIAMONDS SIX,0.7414,0.0134,0.2452
HEARTS QUEEN SPADES TWO,0.6444,0.0046,0.351
SPADES ACE SPADES KING,0.2488,0.0462,0.705
HEARTS KING SPADES TWO,0.6454,0.0052,0.3494
SPADES TWO DIAMONDS SIX,0.656,0.0052,0.3388
HEARTS TEN HEARTS EIGHT,0.5394,0.0048,0.4558
SPADES NINE DIAMONDS SIX,0.5946,0.0048,0.4006
HEARTS JACK HEARTS EIGHT,0.5406,0.0048,0.4546
SPADES EIGHT DIAMONDS SIX,0.5608,0.004,0.4352
SPADES SEVEN DIAMONDS SIX,0.579,0.0052,0.4158
SPADES SIX DIAMONDS SIX,0.3674,0.0058,0.6268
SPADES KING HEARTS KING,0.2828,0.004,0.7132
SPADES QUEEN HEARTS KING,0.5608,0.0038,0.4354
CLUBS ACE CLUBS KING,0.2472,0.0474,0.7054
SPADES ACE HEARTS KING,0.269,0.0446,0.6864
SPADES ACE HEARTS JACK,0.2568,0.0834,0.6598
SPADES QUEEN HEARTS JACK,0.5614,0.0062,0.4324
SPADES KING HEARTS JACK,0.5808,0.0052,0.414
SPADES TEN DIAMONDS TEN,0.3294,0.005,0.6656
SPADES JACK DIAMONDS TEN,0.5632,0.0064,0.4304
SPADES ACE DIAMONDS TEN,0.2432,0.118,0.6388
SPADES JACK HEARTS JACK,0.3214,0.0028,0.6758
SPADES TEN HEARTS JACK,0.5424,0.0038,0.4538
SPADES QUEEN DIAMONDS TEN,0.5564,0.0038,0.4398
SPADES KING DIAMONDS TEN,0.575,0.0038,0.4212
SPADES NINE DIAMONDS SEVEN,0.5784,0.004,0.4176
SPADES EIGHT DIAMONDS SEVEN,0.5544,0.0042,0.4414
SPADES SEVEN DIAMONDS SEVEN,0.349,0.0038,0.6472
SPADES SIX DIAMONDS SEVEN,0.584,0.0048,0.4112
DIAMONDS KING DIAMONDS SEVEN,0.5764,0.0058,0.4178
HEARTS THREE DIAMONDS SEVEN,0.7476,0.0128,0.2396
HEARTS KING DIAMONDS FIVE,0.6154,0.005,0.3796
DIAMONDS QUEEN DIAMONDS SEVEN,0.571,0.0074,0.4216
HEARTS TWO DIAMONDS SEVEN,0.6522,0.0058,0.342
HEARTS QUEEN DIAMONDS FIVE,0.63,0.0028,0.3672
HEARTS FIVE DIAMONDS SEVEN,0.5924,0.005,0.4026
HEARTS FOUR DIAMONDS SEVEN,0.5986,0.0038,0.3976
HEARTS ACE DIAMONDS FIVE,0.2256,0.4476,0.3268
HEARTS SEVEN DIAMONDS SEVEN,0.3668,0.003,0.6302
HEARTS SIX DIAMONDS SEVEN,0.5792,0.0054,0.4154
DIAMONDS SEVEN HEARTS NINE,0.5824,0.004,0.4136
HEARTS EIGHT DIAMONDS SEVEN,0.5652,0.0048,0.43
DIAMONDS JACK DIAMONDS SEVEN,0.561,0.005,0.434
DIAMONDS FIVE HEARTS JACK,0.6112,0.0056,0.3832
DIAMONDS TEN DIAMONDS SEVEN,0.5564,0.0048,0.4388
HEARTS TEN DIAMONDS FIVE,0.6156,0.005,0.3794
CLUBS EIGHT DIAMONDS SEVEN,0.5642,0.0064,0.4294
SPADES KING CLUBS TWO,0.65,0.005,0.345
HEARTS KING CLUBS KING,0.2952,0.0066,0.6982
SPADES QUEEN CLUBS TWO,0.6596,0.0036,0.3368
HEARTS KING CLUBS QUEEN,0.5748,0.0052,0.42
CLUBS NINE DIAMONDS SEVEN,0.582,0.0072,0.4108
CLUBS JACK SPADES TWO,0.6472,0.0068,0.346
CLUBS SIX CLUBS SEVEN,0.5388,0.0062,0.455
SPADES ACE CLUBS TWO,0.2672,0.5148,0.218
CLUBS TEN SPADES TWO,0.6394,0.0054,0.3552
HEARTS KING CLUBS ACE,0.2508,0.0476,0.7016
SPADES TWO CLUBS KING,0.6474,0.0052,0.3474
SPADES TWO DIAMONDS SEVEN,0.653,0.0062,0.3408
CLUBS EIGHT CLUBS SIX,0.5394,0.0062,0.4544
SPADES THREE DIAMONDS SEVEN,0.7406,0.016,0.2434
SPADES TWO CLUBS QUEEN,0.6512,0.006,0.3428
CLUBS NINE CLUBS SIX,0.542,0.0068,0.4512
SPADES FOUR DIAMONDS SEVEN,0.5976,0.006,0.3964
CLUBS JACK HEARTS KING,0.582,0.0046,0.4134
SPADES FIVE DIAMONDS SEVEN,0.591,0.005,0.404
SPADES TWO CLUBS ACE,0.2584,0.512,0.2296
CLUBS TEN HEARTS KING,0.5622,0.0078,0.43
CLUBS SIX SPADES TWO,0.6464,0.0046,0.349
CLUBS SIX SPADES THREE,0.742,0.0186,0.2394
CLUBS TWO DIAMONDS SEVEN,0.6684,0.0054,0.3262
CLUBS SIX SPADES FOUR,0.5926,0.0044,0.403
CLUBS SIX SPADES FIVE,0.5886,0.0062,0.4052
CLUBS FOUR DIAMONDS SEVEN,0.6044,0.0066,0.389
CLUBS SIX SPADES SIX,0.364,0.0046,0.6314
CLUBS FIVE DIAMONDS SEVEN,0.589,0.0054,0.4056
CLUBS SIX SPADES SEVEN,0.58,0.0028,0.4172
CLUBS SIX DIAMONDS SEVEN,0.5698,0.0052,0.425
CLUBS SIX SPADES EIGHT,0.5666,0.0044,0.429
SPADES JACK CLUBS TWO,0.6638,0.0028,0.3334
CLUBS SEVEN DIAMONDS SEVEN,0.3654,0.0046,0.63
CLUBS SIX SPADES NINE,0.5936,0.0036,0.4028
SPADES TEN CLUBS TWO,0.6466,0.0048,0.3486
CLUBS TWO CLUBS QUEEN,0.6208,0.0052,0.374
CLUBS TWO CLUBS KING,0.618,0.0074,0.3746
CLUBS TWO CLUBS ACE,0.2518,0.502,0.2462
CLUBS TWO DIAMONDS EIGHT,0.6432,0.0062,0.3506
HEARTS SEVEN DIAMONDS EIGHT,0.566,0.0032,0.4308
HEARTS SIX DIAMONDS EIGHT,0.5676,0.0062,0.4262
DIAMONDS EIGHT HEARTS NINE,0.5566,0.004,0.4394
CLUBS TEN CLUBS TWO,0.6018,0.004,0.3942
DIAMONDS EIGHT HEARTS EIGHT,0.352,0.0068,0.6412
CLUBS JACK CLUBS TWO,0.612,0.0064,0.3816
CLUBS NINE DIAMONDS EIGHT,0.5648,0.006,0.4292
CLUBS EIGHT DIAMONDS EIGHT,0.3454,0.0054,0.6492
CLUBS FIVE DIAMONDS EIGHT,0.5846,0.0064,0.409
SPADES ACE SPADES THREE,0.0202,0.9112,0.0686
CLUBS FOUR DIAMONDS EIGHT,0.5984,0.0062,0.3954
CLUBS SEVEN DIAMONDS EIGHT,0.5586,0.0054,0.436
SPADES QUEEN SPADES THREE,0.7054,0.0192,0.2754
CLUBS SIX DIAMONDS EIGHT,0.5632,0.0038,0.433
SPADES KING SPADES THREE,0.7034,0.0174,0.2792
DIAMONDS QUEEN DIAMONDS EIGHT,0.5636,0.0066,0.4298
HEARTS TWO DIAMONDS EIGHT,0.6484,0.0042,0.3474
DIAMONDS KING DIAMONDS EIGHT,0.5836,0.0046,0.4118
HEARTS THREE DIAMONDS EIGHT,0.7474,0.0168,0.2358
HEARTS FOUR DIAMONDS EIGHT,0.6024,0.007,0.3906
HEARTS FIVE DIAMONDS EIGHT,0.5972,0.0058,0.397
DIAMONDS EIGHT DIAMONDS TEN,0.5504,0.0028,0.4468
DIAMONDS EIGHT DIAMONDS JACK,0.5498,0.0048,0.4454
SPADES JACK SPADES THREE,0.7112,0.0182,0.2706
SPADES TEN SPADES THREE,0.6882,0.0184,0.2934
CLUBS FOUR HEARTS ACE,0.218,0.5118,0.2702
CLUBS FOUR HEARTS QUEEN,0.6218,0.0038,0.3744
CLUBS FOUR HEARTS KING,0.6184,0.0048,0.3768
CLUBS SIX HEARTS TEN,0.5928,0.003,0.4042
CLUBS SIX HEARTS JACK,0.6072,0.005,0.3878
DIAMONDS EIGHT SPADES FOUR,0.6096,0.006,0.3844
SPADES FIVE DIAMONDS EIGHT,0.5806,0.004,0.4154
DIAMONDS EIGHT SPADES TWO,0.6406,0.004,0.3554
DIAMONDS EIGHT SPADES THREE,0.7496,0.018,0.2324
CLUBS FOUR HEARTS JACK,0.6166,0.0046,0.3788
SPADES EIGHT DIAMONDS EIGHT,0.3536,0.0046,0.6418
SPADES TEN DIAMONDS QUEEN,0.574,0.0056,0.4204
SPADES TEN HEARTS TWO,0.6466,0.0042,0.3492
SPADES JACK HEARTS EIGHT,0.5788,0.0054,0.4158
CLUBS FOUR HEARTS TEN,0.6102,0.005,0.3848
SPADES NINE DIAMONDS EIGHT,0.5498,0.0032,0.447
SPADES TEN HEARTS EIGHT,0.5748,0.0036,0.4216
SPADES JACK HEARTS TWO,0.6272,0.0058,0.367
SPADES JACK DIAMONDS QUEEN,0.573,0.0048,0.4222
SPADES SIX DIAMONDS EIGHT,0.5782,0.0038,0.418
SPADES SEVEN DIAMONDS EIGHT,0.5532,0.0046,0.4422
SPADES ACE HEARTS TWO,0.2688,0.5198,0.2114
SPADES ACE DIAMONDS QUEEN,0.2542,0.0628,0.683
SPADES ACE HEARTS EIGHT,0.2514,0.2224,0.5262
SPADES KING HEARTS EIGHT,0.604,0.004,0.392
SPADES QUEEN HEARTS TWO,0.6556,0.005,0.3394
SPADES QUEEN DIAMONDS QUEEN,0.295,0.0036,0.7014
SPADES KING DIAMONDS QUEEN,0.5926,0.0048,0.4026
SPADES KING HEARTS TWO,0.6424,0.0046,0.353
SPADES QUEEN HEARTS EIGHT,0.5854,0.005,0.4096
CLUBS TWO HEARTS TEN,0.6546,0.0046,0.3408
CLUBS TWO HEARTS JACK,0.6554,0.005,0.3396
SPADES SEVEN DIAMONDS NINE,0.577,0.0038,0.4192
SPADES SIX DIAMONDS NINE,0.5916,0.005,0.4034
SPADES NINE DIAMONDS NINE,0.3458,0.0038,0.6504
SPADES EIGHT DIAMONDS NINE,0.57,0.0052,0.4248
SPADES TEN CLUBS KING,0.572,0.0054,0.4226
DIAMONDS NINE SPADES THREE,0.7352,0.0224,0.2424
SPADES JACK CLUBS KING,0.5818,0.0054,0.4128
DIAMONDS NINE SPADES TWO,0.6482,0.0042,0.3476
DIAMONDS NINE SPADES FIVE,0.618,0.0046,0.3774
DIAMONDS NINE SPADES FOUR,0.6188,0.006,0.3752
CLUBS NINE DIAMONDS NINE,0.342,0.0044,0.6536
CLUBS EIGHT DIAMONDS NINE,0.5558,0.0048,0.4394
CLUBS SIX DIAMONDS NINE,0.5872,0.0042,0.4086
SPADES JACK CLUBS FOUR,0.6172,0.0046,0.3782
CLUBS SEVEN DIAMONDS NINE,0.5736,0.0034,0.423
SPADES TEN CLUBS FOUR,0.589,0.0054,0.4056
CLUBS FOUR DIAMONDS NINE,0.622,0.0056,0.3724
CLUBS FIVE DIAMONDS NINE,0.6008,0.0032,0.396
DIAMONDS NINE CLUBS TWO,0.6526,0.0048,0.3426
DIAMONDS NINE HEARTS EIGHT,0.593,0.0052,0.4018
DIAMONDS NINE HEARTS NINE,0.342,0.004,0.654
HEARTS SIX DIAMONDS NINE,0.5946,0.0052,0.4002
HEARTS SEVEN DIAMONDS NINE,0.5746,0.0038,0.4216
CLUBS EIGHT CLUBS NINE,0.5266,0.006,0.4674
HEARTS FOUR DIAMONDS NINE,0.6292,0.0042,0.3666
HEARTS FIVE DIAMONDS NINE,0.6214,0.0046,0.374
HEARTS ACE CLUBS TWO,0.263,0.5234,0.2136
SPADES ACE CLUBS FOUR,0.2164,0.5156,0.268
DIAMONDS QUEEN DIAMONDS NINE,0.5534,0.0064,0.4402
HEARTS TWO DIAMONDS NINE,0.652,0.007,0.341
CLUBS TWO HEARTS KING,0.655,0.0066,0.3384
SPADES KING CLUBS FOUR,0.6164,0.005,0.3786
DIAMONDS KING DIAMONDS NINE,0.5594,0.0058,0.4348
HEARTS THREE DIAMONDS NINE,0.7498,0.0212,0.229
CLUBS TWO HEARTS QUEEN,0.6524,0.0048,0.3428
SPADES QUEEN CLUBS FOUR,0.6096,0.0046,0.3858
DIAMONDS NINE DIAMONDS JACK,0.539,0.0064,0.4546
CLUBS EIGHT SPADES NINE,0.5542,0.0032,0.4426
DIAMONDS NINE DIAMONDS TEN,0.5336,0.0078,0.4586
CLUBS EIGHT SPADES EIGHT,0.3484,0.0034,0.6482
CLUBS EIGHT SPADES SEVEN,0.5528,0.0048,0.4424
CLUBS EIGHT SPADES SIX,0.577,0.0042,0.4188
CLUBS EIGHT SPADES FIVE,0.5912,0.004,0.4048
CLUBS EIGHT SPADES FOUR,0.5968,0.0052,0.398
CLUBS EIGHT SPADES THREE,0.7376,0.019,0.2434
CLUBS EIGHT SPADES TWO,0.6548,0.0048,0.3404
HEARTS SIX DIAMONDS TEN,0.6002,0.0042,0.3956
HEARTS SEVEN DIAMONDS TEN,0.5744,0.0068,0.4188
DIAMONDS TEN HEARTS EIGHT,0.5586,0.0052,0.4362
CLUBS JACK CLUBS FOUR,0.594,0.0058,0.4002
DIAMONDS TEN HEARTS NINE,0.5502,0.0036,0.4462
CLUBS TEN CLUBS FOUR,0.5724,0.0058,0.4218
CLUBS FOUR CLUBS KING,0.5878,0.0074,0.4048
CLUBS FOUR CLUBS QUEEN,0.5884,0.0062,0.4054
CLUBS TWO DIAMONDS TEN,0.6558,0.008,0.3362
CLUBS FOUR CLUBS ACE,0.205,0.4924,0.3026
DIAMONDS JACK DIAMONDS TEN,0.5324,0.0042,0.4634
DIAMONDS QUEEN DIAMONDS TEN,0.527,0.0048,0.4682
HEARTS TWO DIAMONDS TEN,0.652,0.0064,0.3416
DIAMONDS KING DIAMONDS TEN,0.5458,0.0062,0.448
HEARTS THREE DIAMONDS TEN,0.7448,0.0232,0.232
HEARTS FOUR DIAMONDS TEN,0.612,0.0068,0.3812
CLUBS EIGHT HEARTS JACK,0.5736,0.0054,0.421
HEARTS FIVE DIAMONDS TEN,0.6194,0.0048,0.3758
CLUBS EIGHT HEARTS TEN,0.55,0.0042,0.4458
CLUBS EIGHT HEARTS QUEEN,0.5656,0.004,0.4304
CLUBS EIGHT HEARTS KING,0.5868,0.004,0.4092
CLUBS EIGHT HEARTS ACE,0.228,0.24,0.532
CLUBS NINE SPADES THREE,0.7352,0.0206,0.2442
CLUBS NINE SPADES TWO,0.633,0.0032,0.3638
CLUBS NINE SPADES FIVE,0.5916,0.0052,0.4032
CLUBS NINE SPADES FOUR,0.611,0.0054,0.3836
CLUBS NINE SPADES SEVEN,0.5598,0.005,0.4352
CLUBS NINE SPADES SIX,0.5828,0.0048,0.4124
CLUBS NINE SPADES NINE,0.3546,0.004,0.6414
CLUBS TEN HEARTS EIGHT,0.5594,0.0042,0.4364
CLUBS NINE SPADES EIGHT,0.5592,0.0034,0.4374
CLUBS JACK HEARTS EIGHT,0.5694,0.0042,0.4264
HEARTS EIGHT CLUBS QUEEN,0.575,0.003,0.422
CLUBS KING HEARTS EIGHT,0.592,0.0042,0.4038
CLUBS ACE HEARTS EIGHT,0.2252,0.2398,0.535
SPADES KING CLUBS KING,0.2806,0.0062,0.7132
SPADES QUEEN CLUBS KING,0.5784,0.0052,0.4164
SPADES ACE CLUBS KING,0.2584,0.0476,0.694
HEARTS FOUR HEARTS TEN,0.5672,0.005,0.4278
HEARTS FOUR HEARTS JACK,0.5792,0.006,0.4148
SPADES KING CLUBS FIVE,0.6086,0.005,0.3864
SPADES QUEEN CLUBS FIVE,0.6094,0.0042,0.3864
SPADES ACE CLUBS FIVE,0.2116,0.4682,0.3202
HEARTS SEVEN DIAMONDS JACK,0.5884,0.0038,0.4078
HEARTS SIX DIAMONDS JACK,0.6008,0.0048,0.3944
DIAMONDS JACK HEARTS NINE,0.5748,0.0068,0.4184
DIAMONDS JACK HEARTS EIGHT,0.584,0.0036,0.4124
DIAMONDS KING DIAMONDS JACK,0.5534,0.0056,0.441
HEARTS THREE DIAMONDS JACK,0.7546,0.0214,0.224
SPADES ACE SPADES SIX,0.2356,0.3566,0.4078
HEARTS ACE SPADES FOUR,0.2134,0.5218,0.2648
DIAMONDS QUEEN DIAMONDS JACK,0.5452,0.0054,0.4494
HEARTS TWO DIAMONDS JACK,0.6544,0.005,0.3406
HEARTS FIVE DIAMONDS JACK,0.615,0.0046,0.3804
SPADES QUEEN SPADES SIX,0.5648,0.0048,0.4304
SPADES FOUR HEARTS QUEEN,0.6276,0.0046,0.3678
HEARTS FOUR DIAMONDS JACK,0.6328,0.0078,0.3594
SPADES KING SPADES SIX,0.5602,0.005,0.4348
SPADES FOUR HEARTS KING,0.6222,0.0038,0.374
SPADES TEN SPADES SIX,0.5472,0.0044,0.4484
SPADES JACK SPADES SIX,0.5534,0.006,0.4406
SPADES FOUR DIAMONDS JACK,0.6256,0.0064,0.368
SPADES FIVE DIAMONDS JACK,0.614,0.0038,0.3822
DIAMONDS JACK SPADES TWO,0.6384,0.0062,0.3554
DIAMONDS JACK SPADES THREE,0.759,0.025,0.216
SPADES ACE DIAMONDS THREE,0.018,0.972,0.01
CLUBS EIGHT DIAMONDS JACK,0.573,0.0032,0.4238
SPADES QUEEN DIAMONDS THREE,0.744,0.021,0.235
SPADES KING DIAMONDS THREE,0.7558,0.0194,0.2248
CLUBS NINE DIAMONDS JACK,0.5672,0.0048,0.428
CLUBS SIX DIAMONDS JACK,0.5896,0.005,0.4054
CLUBS SEVEN DIAMONDS JACK,0.6024,0.0042,0.3934
CLUBS FOUR DIAMONDS JACK,0.637,0.0056,0.3574
CLUBS FIVE DIAMONDS JACK,0.6088,0.006,0.3852
CLUBS TWO DIAMONDS JACK,0.6558,0.0072,0.337
SPADES TEN CLUBS FIVE,0.6126,0.0048,0.3826
SPADES JACK HEARTS SIX,0.6026,0.003,0.3944
HEARTS SIX SPADES TEN,0.5822,0.0044,0.4134
SPADES JACK CLUBS FIVE,0.6096,0.0044,0.386
SPADES JACK DIAMONDS THREE,0.7408,0.0216,0.2376
CLUBS SEVEN CLUBS ACE,0.2276,0.2832,0.4892
DIAMONDS THREE SPADES TEN,0.7452,0.0206,0.2342
CLUBS SEVEN CLUBS QUEEN,0.5684,0.0044,0.4272
CLUBS SEVEN CLUBS KING,0.563,0.004,0.433
SPADES NINE DIAMONDS JACK,0.5616,0.0058,0.4326
CLUBS TEN CLUBS SEVEN,0.561,0.007,0.432
HEARTS FOUR HEARTS ACE,0.2102,0.4824,0.3074
SPADES EIGHT DIAMONDS JACK,0.5702,0.005,0.4248
SPADES ACE HEARTS SIX,0.249,0.366,0.385
CLUBS JACK CLUBS SEVEN,0.5668,0.0036,0.4296
HEARTS FOUR HEARTS KING,0.5778,0.0058,0.4164
SPADES SEVEN DIAMONDS JACK,0.59,0.005,0.405
SPADES KING HEARTS SIX,0.6072,0.0062,0.3866
HEARTS FOUR HEARTS QUEEN,0.5814,0.005,0.4136
SPADES QUEEN HEARTS SIX,0.604,0.0032,0.3928
SPADES SIX DIAMONDS JACK,0.6194,0.0058,0.3748
DIAMONDS TEN SPADES TWO,0.6412,0.005,0.3538
SPADES THREE DIAMONDS TEN,0.7344,0.021,0.2446
SPADES FOUR DIAMONDS TEN,0.61,0.005,0.385
SPADES FIVE DIAMONDS TEN,0.6158,0.0062,0.378
SPADES SIX DIAMONDS TEN,0.6062,0.0034,0.3904
SPADES SEVEN DIAMONDS TEN,0.5906,0.005,0.4044
SPADES EIGHT DIAMONDS TEN,0.5634,0.0046,0.432
SPADES NINE DIAMONDS TEN,0.5746,0.003,0.4224
CLUBS FOUR DIAMONDS TEN,0.6044,0.006,0.3896
CLUBS FIVE DIAMONDS TEN,0.6066,0.0054,0.388
CLUBS SIX DIAMONDS TEN,0.6038,0.0044,0.3918
CLUBS SEVEN DIAMONDS TEN,0.586,0.004,0.41
CLUBS EIGHT DIAMONDS TEN,0.5494,0.0062,0.4444
CLUBS NINE DIAMONDS TEN,0.5494,0.0074,0.4432
CLUBS JACK DIAMONDS THREE,0.758,0.0186,0.2234
CLUBS TEN DIAMONDS THREE,0.7414,0.0244,0.2342
DIAMONDS THREE CLUBS KING,0.7514,0.0198,0.2288
DIAMONDS THREE CLUBS QUEEN,0.758,0.0202,0.2218
DIAMONDS THREE CLUBS ACE,0.0084,0.9832,0.0084
SPADES FOUR HEARTS JACK,0.6182,0.0042,0.3776
SPADES FOUR HEARTS TEN,0.601,0.0046,0.3944
SPADES FIVE SPADES TWO,0.6006,0.0054,0.394
SPADES FOUR SPADES TWO,0.601,0.0066,0.3924
SPADES THREE SPADES TWO,0.7034,0.02,0.2766
SPADES NINE SPADES TWO,0.6004,0.0058,0.3938
SPADES EIGHT SPADES TWO,0.613,0.0056,0.3814
SPADES SEVEN SPADES TWO,0.6104,0.0058,0.3838
SPADES SIX SPADES TWO,0.6002,0.0048,0.395
DIAMONDS QUEEN CLUBS TWO,0.6578,0.0054,0.3368
HEARTS TWO CLUBS TWO,0.4634,0.0076,0.529
HEARTS SEVEN DIAMONDS QUEEN,0.598,0.0052,0.3968
HEARTS SEVEN HEARTS TWO,0.617,0.005,0.378
HEARTS SIX DIAMONDS QUEEN,0.608,0.0054,0.3866
HEARTS SIX HEARTS TWO,0.6056,0.0036,0.3908
DIAMONDS QUEEN HEARTS NINE,0.5806,0.005,0.4144
HEARTS TWO HEARTS NINE,0.6028,0.004,0.3932
DIAMONDS QUEEN HEARTS EIGHT,0.59,0.0034,0.4066
HEARTS TWO HEARTS EIGHT,0.601,0.0054,0.3936
CLUBS NINE HEARTS TWO,0.6496,0.0046,0.3458
CLUBS NINE DIAMONDS QUEEN,0.5724,0.0046,0.423
CLUBS EIGHT DIAMONDS QUEEN,0.5912,0.0046,0.4042
CLUBS EIGHT HEARTS TWO,0.6382,0.0052,0.3566
DIAMONDS QUEEN CLUBS FIVE,0.6176,0.0074,0.375
CLUBS FIVE HEARTS TWO,0.6218,0.0064,0.3718
SPADES EIGHT HEARTS ACE,0.2538,0.219,0.5272
DIAMONDS QUEEN CLUBS FOUR,0.629,0.006,0.365
CLUBS FOUR HEARTS TWO,0.6424,0.0042,0.3534
CLUBS SEVEN DIAMONDS QUEEN,0.599,0.0048,0.3962
CLUBS SEVEN HEARTS TWO,0.6592,0.003,0.3378
SPADES EIGHT HEARTS QUEEN,0.5854,0.0032,0.4114
CLUBS SIX DIAMONDS QUEEN,0.601,0.006,0.393
CLUBS SIX HEARTS TWO,0.6336,0.0064,0.36
SPADES EIGHT HEARTS KING,0.5954,0.0036,0.401
HEARTS TWO SPADES SIX,0.6448,0.0056,0.3496
DIAMONDS QUEEN SPADES SIX,0.6032,0.0068,0.39
HEARTS FOUR CLUBS QUEEN,0.6026,0.0058,0.3916
DIAMONDS QUEEN SPADES SEVEN,0.6042,0.0036,0.3922
SPADES SEVEN HEARTS TWO,0.6334,0.0058,0.3608
HEARTS FOUR CLUBS KING,0.63,0.0046,0.3654
DIAMONDS QUEEN SPADES EIGHT,0.5932,0.004,0.4028
SPADES EIGHT HEARTS TWO,0.6422,0.008,0.3498
HEARTS FOUR CLUBS ACE,0.2126,0.5364,0.251
SPADES NINE DIAMONDS QUEEN,0.5826,0.0052,0.4122
SPADES NINE HEARTS TWO,0.6362,0.0044,0.3594
HEARTS TWO SPADES TWO,0.4694,0.0046,0.526
DIAMONDS QUEEN SPADES TWO,0.6496,0.0044,0.346
HEARTS TWO SPADES THREE,0.7202,0.023,0.2568
DIAMONDS QUEEN SPADES THREE,0.7666,0.0176,0.2158
HEARTS TWO SPADES FOUR,0.6284,0.0062,0.3654
DIAMONDS QUEEN SPADES FOUR,0.6234,0.0068,0.3698
CLUBS TEN HEARTS FOUR,0.616,0.0054,0.3786
HEARTS TWO SPADES FIVE,0.6236,0.0058,0.3706
DIAMONDS QUEEN SPADES FIVE,0.614,0.007,0.379
CLUBS JACK HEARTS FOUR,0.6104,0.006,0.3836
CLUBS FIVE CLUBS KING,0.5794,0.0064,0.4142
CLUBS FIVE CLUBS QUEEN,0.5822,0.006,0.4118
CLUBS FIVE CLUBS ACE,0.2114,0.4482,0.3404
CLUBS JACK CLUBS FIVE,0.5736,0.006,0.4204
CLUBS TEN CLUBS FIVE,0.576,0.006,0.418
SPADES KING CLUBS JACK,0.5628,0.0054,0.4318
CLUBS JACK SPADES QUEEN,0.574,0.0052,0.4208
SPADES ACE CLUBS JACK,0.2438,0.0886,0.6676
SPADES SIX CLUBS KING,0.6048,0.0042,0.391
SPADES SIX CLUBS QUEEN,0.5938,0.0036,0.4026
SPADES EIGHT HEARTS JACK,0.572,0.0034,0.4246
SPADES SIX CLUBS ACE,0.2294,0.3794,0.3912
SPADES EIGHT HEARTS TEN,0.5612,0.0048,0.434
CLUBS JACK SPADES SIX,0.6108,0.0034,0.3858
CLUBS TEN SPADES SIX,0.5922,0.0038,0.404
CLUBS JACK SPADES TEN,0.533,0.004,0.463
CLUBS JACK SPADES JACK,0.3058,0.0044,0.6898
SPADES QUEEN CLUBS SEVEN,0.5956,0.005,0.3994
SPADES KING CLUBS SEVEN,0.5872,0.0066,0.4062
SPADES ACE CLUBS SEVEN,0.237,0.2888,0.4742
SPADES SIX HEARTS TEN,0.5844,0.004,0.4116
SPADES SIX HEARTS JACK,0.6038,0.0044,0.3918
SPADES SIX HEARTS ACE,0.2556,0.3698,0.3746
SPADES SIX HEARTS KING,0.5992,0.0054,0.3954
SPADES SIX HEARTS QUEEN,0.6058,0.0042,0.39
SPADES JACK CLUBS SEVEN,0.5888,0.0042,0.407
SPADES TEN CLUBS SEVEN,0.5732,0.0052,0.4216
CLUBS TEN HEARTS SIX,0.5894,0.004,0.4066
CLUBS JACK HEARTS SIX,0.6,0.0034,0.3966
CLUBS JACK CLUBS ACE,0.2472,0.0876,0.6652
HEARTS SIX CLUBS QUEEN,0.5928,0.0056,0.4016
HEARTS SIX CLUBS KING,0.5936,0.0046,0.4018
HEARTS SIX CLUBS ACE,0.2328,0.3928,0.3744
CLUBS JACK CLUBS QUEEN,0.5418,0.0052,0.453
CLUBS JACK CLUBS KING,0.5316,0.0052,0.4632
DIAMONDS THREE HEARTS ACE,0.0204,0.97,0.0096
DIAMONDS THREE HEARTS QUEEN,0.7564,0.0196,0.224
DIAMONDS THREE HEARTS KING,0.7498,0.0214,0.2288
CLUBS FIVE HEARTS JACK,0.6074,0.0074,0.3852
HEARTS FOUR SPADES TEN,0.6148,0.0054,0.3798
CLUBS FIVE HEARTS TEN,0.6096,0.0058,0.3846
HEARTS FOUR SPADES JACK,0.6112,0.005,0.3838
SPADES ACE HEARTS FOUR,0.2226,0.5166,0.2608
CLUBS FIVE HEARTS ACE,0.2152,0.465,0.3198
CLUBS FIVE HEARTS KING,0.6192,0.0054,0.3754
HEARTS FOUR SPADES QUEEN,0.6192,0.0042,0.3766
CLUBS JACK SPADES FOUR,0.5986,0.0048,0.3966
CLUBS FIVE HEARTS QUEEN,0.611,0.0036,0.3854
SPADES KING HEARTS FOUR,0.6264,0.0044,0.3692
CLUBS TEN SPADES FOUR,0.6002,0.0062,0.3936
HEARTS FOUR DIAMONDS QUEEN,0.6234,0.0062,0.3704
HEARTS FOUR HEARTS TWO,0.6008,0.0054,0.3938
DIAMONDS THREE HEARTS TEN,0.7386,0.0204,0.241
SPADES FOUR CLUBS KING,0.6078,0.0044,0.3878
HEARTS FIVE DIAMONDS QUEEN,0.6146,0.0054,0.38
HEARTS FIVE HEARTS TWO,0.5928,0.0048,0.4024
DIAMONDS THREE HEARTS JACK,0.7372,0.0206,0.2422
SPADES FOUR CLUBS QUEEN,0.6118,0.0072,0.381
DIAMONDS QUEEN HEARTS TWO,0.655,0.0044,0.3406
DIAMONDS KING DIAMONDS QUEEN,0.5486,0.007,0.4444
DIAMONDS KING HEARTS TWO,0.6624,0.005,0.3326
DIAMONDS QUEEN HEARTS THREE,0.7492,0.0244,0.2264
HEARTS THREE HEARTS TWO,0.7142,0.0206,0.2652
SPADES FOUR CLUBS ACE,0.2124,0.5286,0.259
HEARTS TWO CLUBS ACE,0.2504,0.5288,0.2208
DIAMONDS QUEEN CLUBS ACE,0.2476,0.0668,0.6856
HEARTS TWO CLUBS QUEEN,0.6408,0.0046,0.3546
DIAMONDS QUEEN CLUBS QUEEN,0.2934,0.005,0.7016
HEARTS TWO CLUBS KING,0.6538,0.0074,0.3388
DIAMONDS QUEEN CLUBS KING,0.5718,0.0066,0.4216
SPADES EIGHT SPADES FIVE,0.553,0.0036,0.4434
CLUBS TEN HEARTS TWO,0.635,0.0048,0.3602
CLUBS TEN DIAMONDS QUEEN,0.5688,0.0042,0.427
SPADES NINE SPADES FIVE,0.5628,0.0056,0.4316
CLUBS JACK HEARTS TWO,0.6376,0.007,0.3554
CLUBS JACK DIAMONDS QUEEN,0.5698,0.0062,0.424
SPADES SIX SPADES FIVE,0.5448,0.0064,0.4488
SPADES SEVEN SPADES FIVE,0.5502,0.0058,0.444
DIAMONDS FIVE CLUBS QUEEN,0.6252,0.0058,0.369
SPADES EIGHT CLUBS ACE,0.2392,0.2348,0.526
DIAMONDS FIVE CLUBS KING,0.6126,0.0058,0.3816
SPADES EIGHT CLUBS KING,0.5738,0.005,0.4212
DIAMONDS FIVE CLUBS ACE,0.2108,0.4788,0.3104
SPADES EIGHT CLUBS QUEEN,0.5838,0.0048,0.4114
CLUBS JACK SPADES EIGHT,0.5688,0.0056,0.4256
CLUBS TEN SPADES EIGHT,0.5564,0.0036,0.44
CLUBS TEN DIAMONDS FIVE,0.6078,0.0068,0.3854
CLUBS JACK DIAMONDS FIVE,0.6136,0.005,0.3814
DIAMONDS TEN HEARTS JACK,0.5538,0.0056,0.4406
DIAMONDS TEN HEARTS TEN,0.319,0.0046,0.6764
SPADES ACE CLUBS NINE,0.2516,0.1666,0.5818
SPADES QUEEN CLUBS NINE,0.5668,0.0042,0.429
SPADES KING CLUBS NINE,0.5906,0.0054,0.404
