opposingHand,winningChance,drawChance,lostChance
DIAMONDS FOUR CLUBS NINE
HEARTS FIVE SPADES TEN,0.3546,0.027,0.6184
HEARTS FIVE SPADES JACK,0.3466,0.0174,0.636
CLUBS JACK SPADES FIVE,0.3366,0.0214,0.642
CLUBS TEN SPADES FIVE,0.3428,0.026,0.6312
CLUBS JACK CLUBS EIGHT,0.3168,0.0166,0.6666
CLUBS TEN CLUBS EIGHT,0.3144,0.0268,0.6588
CLUBS EIGHT CLUBS KING,0.339,0.0098,0.6512
SPADES FIVE CLUBS ACE,0.324,0.0054,0.6706
CLUBS EIGHT CLUBS QUEEN,0.3318,0.0104,0.6578
SPADES FIVE CLUBS KING,0.3564,0.0082,0.6354
SPADES FIVE CLUBS QUEEN,0.3468,0.0118,0.6414
CLUBS EIGHT CLUBS ACE,0.3408,0.0048,0.6544
DIAMONDS TWO DIAMONDS THREE,0.5734,0.042,0.3846
DIAMONDS TWO DIAMONDS FIVE,0.5424,0.044,0.4136
HEARTS FIVE SPADES KING,0.355,0.0086,0.6364
HEARTS FIVE SPADES QUEEN,0.3498,0.0118,0.6384
DIAMONDS TWO DIAMONDS SEVEN,0.5818,0.0456,0.3726
DIAMONDS TWO DIAMONDS SIX,0.5586,0.0464,0.395
SPADES ACE HEARTS FIVE,0.3472,0.0046,0.6482
DIAMONDS TWO DIAMONDS NINE,0.269,0.484,0.247
DIAMONDS TWO DIAMONDS EIGHT,0.5764,0.0428,0.3808
CLUBS TWO SPADES FOUR,0.6336,0.1074,0.259
DIAMONDS THREE DIAMONDS FIVE,0.5434,0.047,0.4096
SPADES FIVE CLUBS TWO,0.5902,0.0412,0.3686
CLUBS TWO SPADES TWO,0.373,0.0902,0.5368
CLUBS TWO SPADES THREE,0.6022,0.0508,0.347
DIAMONDS THREE DIAMONDS EIGHT,0.5598,0.0394,0.4008
SPADES EIGHT CLUBS TWO,0.6102,0.0468,0.343
DIAMONDS THREE DIAMONDS NINE,0.2472,0.506,0.2468
SPADES NINE CLUBS TWO,0.266,0.519,0.215
DIAMONDS THREE DIAMONDS SIX,0.557,0.0462,0.3968
SPADES SIX CLUBS TWO,0.5988,0.0424,0.3588
DIAMONDS THREE DIAMONDS SEVEN,0.5622,0.0422,0.3956
SPADES SEVEN CLUBS TWO,0.6168,0.0414,0.3418
CLUBS SIX CLUBS TWO,0.5676,0.0474,0.385
CLUBS SEVEN CLUBS TWO,0.5798,0.0422,0.378
CLUBS FOUR CLUBS TWO,0.604,0.111,0.285
CLUBS FIVE CLUBS TWO,0.5672,0.044,0.3888
CLUBS TEN CLUBS JACK,0.2824,0.014,0.7036
CLUBS TEN CLUBS QUEEN,0.303,0.0122,0.6848
CLUBS TEN CLUBS KING,0.2916,0.0096,0.6988
CLUBS TEN CLUBS ACE,0.3026,0.0078,0.6896
CLUBS EIGHT CLUBS TWO,0.5756,0.0416,0.3828
CLUBS THREE CLUBS TWO,0.5816,0.047,0.3714
DIAMONDS NINE DIAMONDS FIVE,0.2056,0.4318,0.3626
CLUBS JACK DIAMONDS TWO,0.384,0.0218,0.5942
DIAMONDS FIVE DIAMONDS EIGHT,0.5268,0.0436,0.4296
CLUBS TEN DIAMONDS TWO,0.3826,0.0288,0.5886
DIAMONDS FIVE DIAMONDS SEVEN,0.519,0.0394,0.4416
DIAMONDS SIX DIAMONDS FIVE,0.505,0.0448,0.4502
DIAMONDS TWO CLUBS ACE,0.3798,0.0086,0.6116
DIAMONDS TWO CLUBS KING,0.3986,0.01,0.5914
DIAMONDS TWO CLUBS QUEEN,0.387,0.013,0.6
DIAMONDS SIX DIAMONDS EIGHT,0.5072,0.0436,0.4492
DIAMONDS NINE DIAMONDS SIX,0.211,0.347,0.442
HEARTS ACE SPADES THREE,0.386,0.0048,0.6092
SPADES THREE HEARTS KING,0.3932,0.0082,0.5986
DIAMONDS SIX DIAMONDS SEVEN,0.5106,0.0444,0.445
HEARTS QUEEN SPADES THREE,0.404,0.012,0.584
SPADES THREE HEARTS JACK,0.3754,0.0192,0.6054
SPADES THREE HEARTS TEN,0.3834,0.0328,0.5838
DIAMONDS EIGHT DIAMONDS SEVEN,0.4918,0.0394,0.4688
DIAMONDS NINE DIAMONDS SEVEN,0.209,0.2846,0.5064
DIAMONDS NINE DIAMONDS EIGHT,0.21,0.2324,0.5576
DIAMONDS KING HEARTS TEN,0.3138,0.0056,0.6806
HEARTS THREE HEARTS TEN,0.3596,0.0264,0.614
SPADES JACK CLUBS SIX,0.3634,0.0192,0.6174
DIAMONDS KING HEARTS JACK,0.3206,0.007,0.6724
HEARTS THREE HEARTS JACK,0.3728,0.0172,0.61
SPADES TEN CLUBS SIX,0.3524,0.0278,0.6198
SPADES JACK SPADES FIVE,0.33,0.0164,0.6536
SPADES TEN SPADES FIVE,0.3324,0.0264,0.6412
DIAMONDS KING HEARTS ACE,0.3138,0.0058,0.6804
HEARTS THREE HEARTS ACE,0.353,0.0032,0.6438
SPADES ACE CLUBS SIX,0.3584,0.0038,0.6378
DIAMONDS KING HEARTS QUEEN,0.313,0.0066,0.6804
HEARTS THREE HEARTS QUEEN,0.3606,0.0112,0.6282
SPADES KING CLUBS SIX,0.3714,0.0074,0.6212
DIAMONDS KING HEARTS KING,0.1306,0.0122,0.8572
HEARTS THREE HEARTS KING,0.3618,0.008,0.6302
SPADES QUEEN CLUBS SIX,0.3496,0.0086,0.6418
SPADES NINE HEARTS TEN,0.2274,0.0782,0.6944
SPADES NINE HEARTS JACK,0.229,0.0586,0.7124
SPADES QUEEN SPADES FIVE,0.3302,0.0124,0.6574
SPADES KING SPADES FIVE,0.3384,0.0074,0.6542
SPADES ACE SPADES FIVE,0.3148,0.0082,0.677
SPADES NINE HEARTS QUEEN,0.2358,0.0456,0.7186
SPADES NINE HEARTS KING,0.2294,0.0354,0.7352
SPADES NINE HEARTS ACE,0.2334,0.024,0.7426
CLUBS TEN SPADES JACK,0.2812,0.0172,0.7016
CLUBS TEN SPADES TEN,0.1338,0.0366,0.8296
SPADES ACE CLUBS TEN,0.3142,0.0052,0.6806
CLUBS TEN SPADES KING,0.3188,0.0094,0.6718
CLUBS TEN SPADES QUEEN,0.295,0.009,0.696
SPADES FIVE HEARTS QUEEN,0.3648,0.012,0.6232
SPADES FIVE HEARTS KING,0.3598,0.0074,0.6328
HEARTS ACE SPADES FIVE,0.3564,0.004,0.6396
CLUBS EIGHT SPADES TEN,0.3222,0.028,0.6498
SPADES JACK HEARTS THREE,0.3838,0.018,0.5982
SPADES JACK DIAMONDS KING,0.3208,0.0072,0.672
SPADES TEN DIAMONDS KING,0.314,0.0068,0.6792
SPADES TEN HEARTS THREE,0.392,0.0268,0.5812
SPADES JACK CLUBS EIGHT,0.3382,0.0168,0.645
CLUBS SIX HEARTS ACE,0.3648,0.0028,0.6324
SPADES ACE CLUBS EIGHT,0.35,0.0038,0.6462
HEARTS FIVE CLUBS JACK,0.3538,0.0164,0.6298
CLUBS TEN HEARTS FIVE,0.3382,0.0306,0.6312
CLUBS SIX HEARTS QUEEN,0.3642,0.01,0.6258
SPADES QUEEN CLUBS EIGHT,0.3642,0.0104,0.6254
CLUBS TEN SPADES THREE,0.3766,0.025,0.5984
CLUBS SIX HEARTS KING,0.3554,0.0056,0.639
SPADES KING CLUBS EIGHT,0.3692,0.0078,0.623
CLUBS JACK SPADES THREE,0.3888,0.0178,0.5934
DIAMONDS TWO HEARTS JACK,0.3954,0.02,0.5846
SPADES THREE CLUBS QUEEN,0.3764,0.0122,0.6114
DIAMONDS TWO HEARTS TEN,0.3916,0.027,0.5814
SPADES THREE CLUBS KING,0.3936,0.009,0.5974
HEARTS FIVE CLUBS ACE,0.3436,0.0048,0.6516
SPADES FIVE HEARTS TEN,0.3634,0.0252,0.6114
SPADES THREE CLUBS ACE,0.378,0.005,0.617
HEARTS FIVE CLUBS KING,0.3474,0.0084,0.6442
SPADES FIVE HEARTS JACK,0.3474,0.0154,0.6372
HEARTS FIVE CLUBS QUEEN,0.3482,0.0122,0.6396
HEARTS THREE CLUBS KING,0.392,0.0102,0.5978
DIAMONDS KING CLUBS KING,0.128,0.016,0.856
HEARTS THREE CLUBS QUEEN,0.3846,0.0138,0.6016
DIAMONDS KING CLUBS QUEEN,0.3042,0.0096,0.6862
HEARTS FIVE HEARTS JACK,0.319,0.0172,0.6638
HEARTS FIVE HEARTS TEN,0.335,0.0258,0.6392
HEARTS THREE CLUBS ACE,0.3762,0.0076,0.6162
DIAMONDS KING CLUBS ACE,0.3114,0.007,0.6816
SPADES ACE CLUBS QUEEN,0.3134,0.0036,0.683
SPADES KING CLUBS QUEEN,0.3282,0.009,0.6628
CLUBS JACK HEARTS THREE,0.388,0.0198,0.5922
CLUBS JACK DIAMONDS KING,0.3102,0.0084,0.6814
SPADES QUEEN CLUBS QUEEN,0.1406,0.021,0.8384
CLUBS TEN HEARTS THREE,0.3756,0.0282,0.5962
CLUBS TEN DIAMONDS KING,0.3228,0.01,0.6672
SPADES JACK CLUBS QUEEN,0.3088,0.0098,0.6814
CLUBS SIX CLUBS QUEEN,0.3362,0.0118,0.652
SPADES TEN CLUBS QUEEN,0.3062,0.012,0.6818
CLUBS SIX CLUBS KING,0.3398,0.0086,0.6516
CLUBS SIX CLUBS ACE,0.33,0.005,0.665
HEARTS FIVE HEARTS KING,0.3316,0.0076,0.6608
HEARTS FIVE HEARTS QUEEN,0.3464,0.0122,0.6414
CLUBS TEN CLUBS SIX,0.3312,0.029,0.6398
HEARTS FIVE HEARTS ACE,0.3234,0.0056,0.671
CLUBS JACK CLUBS SIX,0.3448,0.02,0.6352
SPADES SEVEN HEARTS JACK,0.3556,0.0166,0.6278
SPADES SEVEN HEARTS TEN,0.3374,0.0234,0.6392
DIAMONDS TWO CLUBS TWO,0.3948,0.0902,0.515
DIAMONDS TWO CLUBS THREE,0.6204,0.0468,0.3328
DIAMONDS TWO HEARTS SIX,0.5944,0.0434,0.3622
DIAMONDS TWO HEARTS QUEEN,0.4056,0.0116,0.5828
HEARTS SEVEN DIAMONDS TWO,0.6068,0.0518,0.3414
DIAMONDS TWO HEARTS KING,0.408,0.0082,0.5838
DIAMONDS TWO HEARTS EIGHT,0.6088,0.0376,0.3536
DIAMONDS TWO HEARTS ACE,0.3812,0.0056,0.6132
DIAMONDS TWO HEARTS NINE,0.2656,0.5202,0.2142
DIAMONDS TWO DIAMONDS QUEEN,0.369,0.0106,0.6204
DIAMONDS TWO HEARTS TWO,0.3764,0.0848,0.5388
DIAMONDS TWO DIAMONDS KING,0.3652,0.0116,0.6232
DIAMONDS TWO HEARTS THREE,0.6162,0.0476,0.3362
DIAMONDS TWO DIAMONDS ACE,0.358,0.0068,0.6352
HEARTS FOUR DIAMONDS TWO,0.6308,0.1098,0.2594
HEARTS FIVE DIAMONDS TWO,0.5842,0.0434,0.3724
SPADES SEVEN HEARTS ACE,0.3562,0.0032,0.6406
DIAMONDS TWO DIAMONDS TEN,0.375,0.029,0.596
SPADES SEVEN HEARTS KING,0.3544,0.0074,0.6382
DIAMONDS TWO DIAMONDS JACK,0.3756,0.0164,0.608
SPADES SEVEN HEARTS QUEEN,0.359,0.0106,0.6304
DIAMONDS TWO SPADES NINE,0.2624,0.5282,0.2094
DIAMONDS TWO SPADES EIGHT,0.6092,0.0436,0.3472
DIAMONDS TWO SPADES SEVEN,0.6006,0.0434,0.356
DIAMONDS TWO SPADES SIX,0.6012,0.0392,0.3596
DIAMONDS TWO SPADES FIVE,0.587,0.0478,0.3652
DIAMONDS TWO SPADES FOUR,0.6396,0.1096,0.2508
DIAMONDS TWO SPADES THREE,0.6142,0.0486,0.3372
DIAMONDS TWO SPADES TWO,0.3654,0.0878,0.5468
DIAMONDS TWO CLUBS EIGHT,0.6128,0.0478,0.3394
CLUBS SEVEN DIAMONDS TWO,0.6156,0.046,0.3384
DIAMONDS TWO CLUBS SIX,0.616,0.0432,0.3408
DIAMONDS TWO CLUBS FIVE,0.588,0.0482,0.3638
DIAMONDS TWO CLUBS FOUR,0.631,0.116,0.253
CLUBS FOUR SPADES FIVE,0.6168,0.1022,0.281
CLUBS FOUR SPADES FOUR,0.2744,0.0596,0.666
CLUBS FOUR SPADES THREE,0.6348,0.109,0.2562
CLUBS FOUR SPADES TWO,0.631,0.1088,0.2602
SPADES NINE CLUBS FOUR,0.016,0.972,0.012
SPADES EIGHT CLUBS FOUR,0.6458,0.1064,0.2478
SPADES SEVEN CLUBS FOUR,0.6322,0.1054,0.2624
CLUBS FOUR SPADES SIX,0.6272,0.1052,0.2676
SPADES ACE DIAMONDS SIX,0.346,0.005,0.649
SPADES QUEEN DIAMONDS SIX,0.3576,0.0132,0.6292
SPADES KING DIAMONDS SIX,0.3492,0.0078,0.643
SPADES TEN DIAMONDS SIX,0.3466,0.0266,0.6268
SPADES JACK DIAMONDS SIX,0.3638,0.0184,0.6178
SPADES QUEEN SPADES TWO,0.3772,0.0156,0.6072
SPADES KING SPADES TWO,0.361,0.0076,0.6314
SPADES ACE SPADES TWO,0.3548,0.0042,0.641
CLUBS JACK DIAMONDS JACK,0.1282,0.032,0.8398
CLUBS TEN DIAMONDS JACK,0.2956,0.011,0.6934
DIAMONDS JACK CLUBS KING,0.3254,0.008,0.6666
DIAMONDS JACK CLUBS QUEEN,0.3088,0.0112,0.68
DIAMONDS THREE DIAMONDS JACK,0.3516,0.0194,0.629
DIAMONDS THREE DIAMONDS TEN,0.3644,0.023,0.6126
DIAMONDS JACK CLUBS ACE,0.3226,0.0056,0.6718
DIAMONDS THREE DIAMONDS KING,0.3586,0.0096,0.6318
DIAMONDS THREE HEARTS THREE,0.3722,0.0876,0.5402
DIAMONDS THREE DIAMONDS QUEEN,0.368,0.0146,0.6174
DIAMONDS THREE HEARTS TWO,0.6132,0.0478,0.339
HEARTS FIVE DIAMONDS THREE,0.5732,0.0466,0.3802
DIAMONDS THREE DIAMONDS ACE,0.3598,0.0068,0.6334
HEARTS FOUR DIAMONDS THREE,0.6104,0.114,0.2756
HEARTS SEVEN DIAMONDS THREE,0.5956,0.0442,0.3602
SPADES TEN SPADES NINE,0.211,0.0724,0.7166
HEARTS SIX DIAMONDS THREE,0.5704,0.0462,0.3834
SPADES JACK SPADES NINE,0.2108,0.0578,0.7314
DIAMONDS THREE HEARTS NINE,0.2506,0.5306,0.2188
HEARTS ACE HEARTS KING,0.3164,0.0028,0.6808
SPADES TEN SPADES TWO,0.3518,0.0294,0.6188
DIAMONDS THREE HEARTS EIGHT,0.6082,0.0466,0.3452
SPADES JACK SPADES TWO,0.3612,0.017,0.6218
SPADES ACE SPADES NINE,0.217,0.025,0.758
SPADES KING SPADES NINE,0.2204,0.0324,0.7472
SPADES QUEEN SPADES NINE,0.2134,0.0434,0.7432
DIAMONDS THREE SPADES NINE,0.2664,0.5194,0.2142
DIAMONDS THREE SPADES EIGHT,0.6078,0.0422,0.35
DIAMONDS THREE SPADES SEVEN,0.6018,0.0464,0.3518
DIAMONDS THREE SPADES SIX,0.5828,0.0492,0.368
DIAMONDS THREE CLUBS SIX,0.586,0.0444,0.3696
CLUBS FIVE CLUBS SIX,0.508,0.0444,0.4476
CLUBS SEVEN DIAMONDS THREE,0.6104,0.0464,0.3432
CLUBS SEVEN CLUBS FIVE,0.5116,0.0384,0.45
DIAMONDS THREE CLUBS FOUR,0.6222,0.1118,0.266
DIAMONDS THREE CLUBS FIVE,0.586,0.047,0.367
DIAMONDS THREE CLUBS TWO,0.6148,0.0464,0.3388
DIAMONDS THREE CLUBS THREE,0.3862,0.0882,0.5256
DIAMONDS THREE SPADES FOUR,0.6206,0.105,0.2744
DIAMONDS THREE SPADES FIVE,0.5602,0.0488,0.391
DIAMONDS THREE SPADES TWO,0.614,0.0486,0.3374
DIAMONDS THREE SPADES THREE,0.3826,0.088,0.5294
CLUBS EIGHT DIAMONDS THREE,0.627,0.0392,0.3338
SPADES SEVEN CLUBS ACE,0.3552,0.0044,0.6404
SPADES SEVEN CLUBS QUEEN,0.3488,0.0126,0.6386
SPADES SEVEN CLUBS KING,0.3334,0.0068,0.6598
CLUBS FIVE SPADES SEVEN,0.5392,0.0442,0.4166
CLUBS TEN SPADES SEVEN,0.3296,0.024,0.6464
CLUBS FIVE SPADES SIX,0.539,0.0478,0.4132
CLUBS JACK SPADES SEVEN,0.3472,0.0202,0.6326
CLUBS FIVE SPADES NINE,0.2102,0.453,0.3368
CLUBS FIVE SPADES EIGHT,0.5558,0.0488,0.3954
CLUBS FIVE SPADES THREE,0.5606,0.0484,0.391
CLUBS FIVE SPADES TWO,0.5942,0.0492,0.3566
CLUBS FIVE SPADES FIVE,0.286,0.0836,0.6304
CLUBS FIVE SPADES FOUR,0.5968,0.105,0.2982
CLUBS EIGHT CLUBS FIVE,0.519,0.0448,0.4362
CLUBS ACE CLUBS QUEEN,0.307,0.0048,0.6882
CLUBS KING CLUBS QUEEN,0.3106,0.0074,0.682
CLUBS TEN DIAMONDS NINE,0.213,0.0836,0.7034
CLUBS JACK DIAMONDS NINE,0.2158,0.0608,0.7234
CLUBS JACK SPADES NINE,0.2248,0.0646,0.7106
CLUBS TEN SPADES NINE,0.2264,0.079,0.6946
DIAMONDS JACK HEARTS TEN,0.301,0.0126,0.6864
SPADES NINE CLUBS KING,0.2206,0.0378,0.7416
DIAMONDS TWO SPADES TEN,0.3854,0.0304,0.5842
DIAMONDS NINE CLUBS ACE,0.2158,0.032,0.7522
DIAMONDS JACK HEARTS JACK,0.1388,0.0338,0.8274
SPADES NINE CLUBS QUEEN,0.216,0.0472,0.7368
DIAMONDS TWO SPADES JACK,0.3928,0.0212,0.586
DIAMONDS NINE CLUBS QUEEN,0.215,0.0496,0.7354
SPADES NINE CLUBS ACE,0.2182,0.0264,0.7554
DIAMONDS NINE CLUBS KING,0.225,0.0386,0.7364
HEARTS ACE DIAMONDS JACK,0.3182,0.0058,0.676
SPADES ACE DIAMONDS TWO,0.3798,0.0042,0.616
HEARTS QUEEN DIAMONDS JACK,0.3,0.0094,0.6906
SPADES QUEEN DIAMONDS TWO,0.3796,0.0146,0.6058
HEARTS KING DIAMONDS JACK,0.3018,0.0056,0.6926
SPADES KING DIAMONDS TWO,0.3854,0.0104,0.6042
SPADES JACK SPADES SEVEN,0.3166,0.017,0.6664
SPADES TEN SPADES SEVEN,0.3098,0.0228,0.6674
CLUBS SEVEN CLUBS THREE,0.5698,0.0388,0.3914
CLUBS SIX CLUBS THREE,0.5542,0.0388,0.407
CLUBS FIVE CLUBS THREE,0.5362,0.0502,0.4136
CLUBS THREE CLUBS FOUR,0.5936,0.1092,0.2972
CLUBS EIGHT CLUBS THREE,0.584,0.043,0.373
CLUBS THREE SPADES FIVE,0.5706,0.046,0.3834
CLUBS THREE SPADES FOUR,0.6182,0.1146,0.2672
CLUBS THREE SPADES THREE,0.3722,0.0872,0.5406
CLUBS THREE SPADES TWO,0.6058,0.0518,0.3424
CLUBS THREE SPADES SIX,0.5964,0.0458,0.3578
CLUBS THREE SPADES SEVEN,0.5944,0.048,0.3576
SPADES EIGHT CLUBS THREE,0.6012,0.0468,0.352
SPADES NINE CLUBS THREE,0.2616,0.53,0.2084
DIAMONDS TEN DIAMONDS FIVE,0.3344,0.0244,0.6412
DIAMONDS JACK DIAMONDS FIVE,0.3372,0.0196,0.6432
DIAMONDS NINE HEARTS QUEEN,0.2246,0.0462,0.7292
DIAMONDS NINE HEARTS KING,0.2262,0.037,0.7368
HEARTS ACE DIAMONDS NINE,0.2242,0.028,0.7478
DIAMONDS NINE HEARTS TEN,0.22,0.079,0.701
DIAMONDS NINE HEARTS JACK,0.2246,0.066,0.7094
DIAMONDS SIX CLUBS KING,0.3404,0.0088,0.6508
DIAMONDS SIX CLUBS QUEEN,0.3554,0.0134,0.6312
DIAMONDS SIX CLUBS ACE,0.3466,0.0052,0.6482
SPADES ACE SPADES SEVEN,0.338,0.0026,0.6594
SPADES QUEEN SPADES SEVEN,0.338,0.0104,0.6516
CLUBS JACK DIAMONDS SIX,0.3522,0.0176,0.6302
SPADES KING SPADES SEVEN,0.336,0.0086,0.6554
CLUBS TEN DIAMONDS SIX,0.3328,0.028,0.6392
CLUBS EIGHT CLUBS FOUR,0.6196,0.1022,0.2782
CLUBS FIVE CLUBS FOUR,0.569,0.1032,0.3278
CLUBS SEVEN CLUBS FOUR,0.6104,0.101,0.2886
CLUBS SIX CLUBS FOUR,0.59,0.105,0.305
CLUBS SEVEN SPADES EIGHT,0.517,0.0428,0.4402
CLUBS SEVEN SPADES NINE,0.2248,0.297,0.4782
CLUBS SEVEN SPADES SIX,0.5234,0.0446,0.432
CLUBS SEVEN SPADES SEVEN,0.2726,0.0688,0.6586
CLUBS SEVEN SPADES FIVE,0.5386,0.0426,0.4188
CLUBS SEVEN SPADES FOUR,0.634,0.1062,0.2598
CLUBS SEVEN SPADES THREE,0.5942,0.0454,0.3604
CLUBS SEVEN SPADES TWO,0.6074,0.0394,0.3532
CLUBS SEVEN CLUBS EIGHT,0.4826,0.0362,0.4812
HEARTS SIX DIAMONDS FIVE,0.5176,0.0478,0.4346
HEARTS SEVEN DIAMONDS FIVE,0.534,0.0412,0.4248
DIAMONDS FIVE HEARTS EIGHT,0.5552,0.0426,0.4022
DIAMONDS FIVE HEARTS NINE,0.2102,0.4564,0.3334
DIAMONDS QUEEN DIAMONDS FIVE,0.3438,0.0122,0.644
HEARTS TWO DIAMONDS FIVE,0.5794,0.0442,0.3764
HEARTS KING HEARTS EIGHT,0.3334,0.0086,0.658
DIAMONDS KING DIAMONDS FIVE,0.3374,0.0086,0.654
HEARTS THREE DIAMONDS FIVE,0.574,0.0488,0.3772
HEARTS QUEEN HEARTS EIGHT,0.325,0.0106,0.6644
DIAMONDS ACE DIAMONDS FIVE,0.3272,0.0054,0.6674
HEARTS FOUR DIAMONDS FIVE,0.5898,0.1114,0.2988
HEARTS FIVE DIAMONDS FIVE,0.2736,0.0778,0.6486
HEARTS ACE HEARTS EIGHT,0.3304,0.0048,0.6648
CLUBS FOUR DIAMONDS FIVE,0.5986,0.1034,0.298
CLUBS FIVE DIAMONDS FIVE,0.2788,0.0778,0.6434
CLUBS SIX DIAMONDS FIVE,0.5356,0.0484,0.416
CLUBS SEVEN DIAMONDS FIVE,0.5466,0.05,0.4034
CLUBS TWO DIAMONDS FIVE,0.5698,0.0544,0.3758
CLUBS THREE DIAMONDS FIVE,0.576,0.0414,0.3826
SPADES THREE DIAMONDS FIVE,0.5656,0.048,0.3864
SPADES TWO DIAMONDS FIVE,0.5814,0.045,0.3736
SPADES JACK DIAMONDS EIGHT,0.3336,0.0156,0.6508
SPADES FIVE DIAMONDS FIVE,0.2724,0.0752,0.6524
CLUBS TEN HEARTS JACK,0.2914,0.0158,0.6928
SPADES TEN DIAMONDS EIGHT,0.3328,0.0272,0.64
SPADES FOUR DIAMONDS FIVE,0.5942,0.1114,0.2944
CLUBS JACK HEARTS JACK,0.141,0.031,0.828
HEARTS JACK CLUBS QUEEN,0.3076,0.009,0.6834
HEARTS JACK CLUBS KING,0.3156,0.0078,0.6766
CLUBS EIGHT DIAMONDS FIVE,0.5548,0.04,0.4052
CLUBS ACE HEARTS JACK,0.322,0.005,0.673
SPADES SEVEN DIAMONDS FIVE,0.5286,0.0412,0.4302
SPADES KING DIAMONDS EIGHT,0.369,0.0068,0.6242
SPADES QUEEN DIAMONDS EIGHT,0.3442,0.0134,0.6424
SPADES SIX DIAMONDS FIVE,0.5288,0.0406,0.4306
SPADES NINE DIAMONDS FIVE,0.2094,0.4558,0.3348
SPADES EIGHT DIAMONDS FIVE,0.5394,0.0426,0.418
SPADES ACE DIAMONDS EIGHT,0.3592,0.0044,0.6364
DIAMONDS TEN DIAMONDS SIX,0.3326,0.0268,0.6406
HEARTS ACE DIAMONDS SEVEN,0.3422,0.0048,0.653
DIAMONDS JACK DIAMONDS SIX,0.3516,0.0198,0.6286
HEARTS QUEEN DIAMONDS SEVEN,0.3664,0.013,0.6206
HEARTS KING DIAMONDS SEVEN,0.3574,0.0076,0.635
DIAMONDS ACE DIAMONDS SIX,0.3418,0.0046,0.6536
HEARTS FOUR DIAMONDS SIX,0.6196,0.1058,0.2746
SPADES TWO HEARTS JACK,0.3878,0.02,0.5922
HEARTS FIVE DIAMONDS SIX,0.5282,0.0408,0.431
SPADES TWO HEARTS TEN,0.3894,0.0258,0.5848
DIAMONDS QUEEN DIAMONDS SIX,0.3484,0.0134,0.6382
HEARTS TWO DIAMONDS SIX,0.5846,0.0432,0.3722
DIAMONDS KING DIAMONDS SIX,0.3462,0.0066,0.6472
HEARTS THREE DIAMONDS SIX,0.5698,0.0464,0.3838
DIAMONDS SIX HEARTS EIGHT,0.5382,0.0444,0.4174
DIAMONDS SIX HEARTS NINE,0.2062,0.3746,0.4192
HEARTS SIX DIAMONDS SIX,0.2708,0.0704,0.6588
HEARTS SEVEN DIAMONDS SIX,0.5272,0.0408,0.432
HEARTS TEN DIAMONDS SEVEN,0.3402,0.0246,0.6352
CLUBS TWO DIAMONDS SIX,0.6016,0.0468,0.3516
HEARTS JACK DIAMONDS SEVEN,0.344,0.015,0.641
CLUBS THREE DIAMONDS SIX,0.5794,0.0452,0.3754
CLUBS SEVEN DIAMONDS SIX,0.5358,0.0442,0.42
CLUBS JACK DIAMONDS EIGHT,0.3376,0.0178,0.6446
CLUBS SIX DIAMONDS SIX,0.2722,0.0824,0.6454
CLUBS TEN DIAMONDS EIGHT,0.3136,0.0228,0.6636
CLUBS FIVE DIAMONDS SIX,0.5498,0.0424,0.4078
CLUBS FOUR DIAMONDS SIX,0.6206,0.1064,0.273
HEARTS ACE HEARTS JACK,0.2952,0.0032,0.7016
CLUBS ACE DIAMONDS EIGHT,0.337,0.0052,0.6578
HEARTS QUEEN HEARTS JACK,0.2972,0.0068,0.696
CLUBS KING DIAMONDS EIGHT,0.3464,0.0084,0.6452
HEARTS KING HEARTS JACK,0.3066,0.0062,0.6872
DIAMONDS EIGHT CLUBS QUEEN,0.344,0.0128,0.6432
CLUBS EIGHT DIAMONDS SIX,0.5312,0.0422,0.4266
SPADES TEN HEARTS KING,0.3246,0.0062,0.6692
SPADES FIVE DIAMONDS SIX,0.522,0.0426,0.4354
HEARTS ACE SPADES TWO,0.3794,0.0044,0.6162
SPADES JACK HEARTS KING,0.3246,0.0076,0.6678
SPADES FOUR DIAMONDS SIX,0.613,0.1094,0.2776
SPADES THREE DIAMONDS SIX,0.5926,0.0458,0.3616
HEARTS QUEEN SPADES TWO,0.385,0.0128,0.6022
SPADES ACE SPADES KING,0.3004,0.005,0.6946
HEARTS KING SPADES TWO,0.3904,0.0098,0.5998
SPADES TWO DIAMONDS SIX,0.6,0.05,0.35
HEARTS TEN HEARTS EIGHT,0.3016,0.0232,0.6752
SPADES NINE DIAMONDS SIX,0.196,0.3918,0.4122
HEARTS JACK HEARTS EIGHT,0.3182,0.0174,0.6644
SPADES EIGHT DIAMONDS SIX,0.5358,0.0436,0.4206
SPADES SEVEN DIAMONDS SIX,0.5196,0.0418,0.4386
SPADES SIX DIAMONDS SIX,0.2678,0.0714,0.6608
SPADES KING HEARTS KING,0.1366,0.013,0.8504
SPADES QUEEN HEARTS KING,0.3222,0.0054,0.6724
CLUBS ACE CLUBS KING,0.2968,0.0044,0.6988
SPADES ACE HEARTS KING,0.3256,0.0044,0.67
SPADES ACE HEARTS JACK,0.324,0.0044,0.6716
SPADES QUEEN HEARTS JACK,0.317,0.0078,0.6752
SPADES KING HEARTS JACK,0.3124,0.007,0.6806
SPADES TEN DIAMONDS TEN,0.1436,0.032,0.8244
SPADES JACK DIAMONDS TEN,0.2944,0.0164,0.6892
SPADES ACE DIAMONDS TEN,0.311,0.005,0.684
SPADES JACK HEARTS JACK,0.1456,0.025,0.8294
SPADES TEN HEARTS JACK,0.3066,0.0136,0.6798
SPADES QUEEN DIAMONDS TEN,0.2986,0.0112,0.6902
SPADES KING DIAMONDS TEN,0.3184,0.0072,0.6744
SPADES NINE DIAMONDS SEVEN,0.1956,0.2954,0.509
SPADES EIGHT DIAMONDS SEVEN,0.5328,0.0434,0.4238
SPADES SEVEN DIAMONDS SEVEN,0.2656,0.066,0.6684
SPADES SIX DIAMONDS SEVEN,0.5234,0.0438,0.4328
DIAMONDS KING DIAMONDS SEVEN,0.341,0.009,0.65
HEARTS THREE DIAMONDS SEVEN,0.5914,0.046,0.3626
HEARTS KING DIAMONDS FIVE,0.3456,0.0072,0.6472
DIAMONDS QUEEN DIAMONDS SEVEN,0.3432,0.0152,0.6416
HEARTS TWO DIAMONDS SEVEN,0.6036,0.045,0.3514
HEARTS QUEEN DIAMONDS FIVE,0.3642,0.013,0.6228
HEARTS FIVE DIAMONDS SEVEN,0.5338,0.0384,0.4278
DIAMONDS ACE DIAMONDS SEVEN,0.328,0.004,0.668
HEARTS FOUR DIAMONDS SEVEN,0.6384,0.0976,0.264
HEARTS ACE DIAMONDS FIVE,0.3348,0.0026,0.6626
HEARTS SEVEN DIAMONDS SEVEN,0.2692,0.0658,0.665
HEARTS SIX DIAMONDS SEVEN,0.5236,0.0388,0.4376
HEARTS NINE DIAMONDS SEVEN,0.2116,0.2878,0.5006
HEARTS EIGHT DIAMONDS SEVEN,0.5208,0.0362,0.443
DIAMONDS JACK DIAMONDS SEVEN,0.3414,0.0172,0.6414
HEARTS JACK DIAMONDS FIVE,0.3532,0.0182,0.6286
DIAMONDS TEN DIAMONDS SEVEN,0.314,0.0206,0.6654
HEARTS TEN DIAMONDS FIVE,0.3574,0.0292,0.6134
SPADES KING CLUBS TWO,0.3986,0.0084,0.593
HEARTS KING CLUBS KING,0.1244,0.0136,0.862
CLUBS EIGHT DIAMONDS SEVEN,0.533,0.039,0.428
SPADES QUEEN CLUBS TWO,0.4008,0.0142,0.585
HEARTS KING CLUBS QUEEN,0.3178,0.0056,0.6766
CLUBS JACK SPADES TWO,0.3728,0.0184,0.6088
SPADES ACE CLUBS TWO,0.3798,0.0062,0.614
CLUBS TEN SPADES TWO,0.3814,0.0292,0.5894
HEARTS KING CLUBS ACE,0.3226,0.0058,0.6716
CLUBS SEVEN CLUBS SIX,0.5058,0.0362,0.458
SPADES TWO CLUBS KING,0.3908,0.0104,0.5988
SPADES TWO DIAMONDS SEVEN,0.5978,0.0452,0.357
CLUBS EIGHT CLUBS SIX,0.5096,0.0412,0.4492
SPADES THREE DIAMONDS SEVEN,0.5786,0.046,0.3754
SPADES TWO CLUBS QUEEN,0.3812,0.014,0.6048
SPADES FOUR DIAMONDS SEVEN,0.6434,0.1026,0.254
CLUBS JACK HEARTS KING,0.3162,0.0056,0.6782
SPADES FIVE DIAMONDS SEVEN,0.529,0.046,0.425
SPADES TWO CLUBS ACE,0.3786,0.0054,0.616
CLUBS TEN HEARTS KING,0.3208,0.0078,0.6714
CLUBS SIX SPADES TWO,0.595,0.0476,0.3574
CLUBS SIX SPADES THREE,0.5844,0.045,0.3706
CLUBS TWO DIAMONDS SEVEN,0.6148,0.043,0.3422
CLUBS SIX SPADES FOUR,0.6218,0.1054,0.2728
CLUBS THREE DIAMONDS SEVEN,0.5986,0.0474,0.354
CLUBS SIX SPADES FIVE,0.5342,0.0422,0.4236
CLUBS FOUR DIAMONDS SEVEN,0.638,0.101,0.261
CLUBS SIX SPADES SIX,0.2772,0.0722,0.6506
CLUBS FIVE DIAMONDS SEVEN,0.5402,0.0456,0.4142
CLUBS SIX SPADES SEVEN,0.5406,0.0416,0.4178
CLUBS SIX DIAMONDS SEVEN,0.5272,0.0446,0.4282
CLUBS SIX SPADES EIGHT,0.5484,0.041,0.4106
SPADES JACK CLUBS TWO,0.4068,0.0206,0.5726
CLUBS SEVEN DIAMONDS SEVEN,0.259,0.069,0.672
SPADES NINE CLUBS SIX,0.2126,0.3836,0.4038
SPADES TEN CLUBS TWO,0.406,0.0262,0.5678
CLUBS TWO CLUBS QUEEN,0.3822,0.0112,0.6066
CLUBS TWO CLUBS KING,0.3706,0.0086,0.6208
CLUBS THREE DIAMONDS EIGHT,0.5972,0.046,0.3568
CLUBS TWO CLUBS ACE,0.3648,0.0048,0.6304
CLUBS TWO DIAMONDS EIGHT,0.6094,0.0428,0.3478
HEARTS SEVEN DIAMONDS EIGHT,0.5208,0.0362,0.443
HEARTS SIX DIAMONDS EIGHT,0.5432,0.0434,0.4134
DIAMONDS EIGHT HEARTS NINE,0.2104,0.2372,0.5524
CLUBS TEN CLUBS TWO,0.3788,0.0278,0.5934
HEARTS EIGHT DIAMONDS EIGHT,0.2574,0.057,0.6856
CLUBS JACK CLUBS TWO,0.3794,0.0168,0.6038
CLUBS EIGHT DIAMONDS EIGHT,0.2602,0.057,0.6828
CLUBS FIVE DIAMONDS EIGHT,0.5556,0.0446,0.3998
SPADES ACE SPADES THREE,0.3556,0.0044,0.64
CLUBS FOUR DIAMONDS EIGHT,0.6544,0.1028,0.2428
CLUBS SEVEN DIAMONDS EIGHT,0.5192,0.041,0.4398
SPADES QUEEN SPADES THREE,0.3704,0.0134,0.6162
CLUBS SIX DIAMONDS EIGHT,0.534,0.0386,0.4274
SPADES KING SPADES THREE,0.3666,0.0068,0.6266
DIAMONDS QUEEN DIAMONDS EIGHT,0.3374,0.011,0.6516
HEARTS TWO DIAMONDS EIGHT,0.5994,0.0408,0.3598
DIAMONDS KING DIAMONDS EIGHT,0.336,0.0068,0.6572
HEARTS THREE DIAMONDS EIGHT,0.588,0.043,0.369
DIAMONDS ACE DIAMONDS EIGHT,0.3282,0.0062,0.6656
HEARTS FOUR DIAMONDS EIGHT,0.6346,0.103,0.2624
HEARTS FIVE DIAMONDS EIGHT,0.542,0.0432,0.4148
DIAMONDS TEN DIAMONDS EIGHT,0.3054,0.0256,0.669
DIAMONDS JACK DIAMONDS EIGHT,0.3266,0.0152,0.6582
SPADES JACK SPADES THREE,0.3628,0.0186,0.6186
SPADES TEN SPADES THREE,0.3684,0.0248,0.6068
CLUBS FOUR HEARTS ACE,0.2422,0.0202,0.7376
CLUBS FOUR HEARTS QUEEN,0.2434,0.0478,0.7088
CLUBS FOUR HEARTS KING,0.243,0.0324,0.7246
CLUBS SIX HEARTS TEN,0.3568,0.0292,0.614
CLUBS SIX HEARTS JACK,0.3502,0.0196,0.6302
SPADES FOUR DIAMONDS EIGHT,0.6416,0.0996,0.2588
SPADES FIVE DIAMONDS EIGHT,0.5416,0.0416,0.4168
SPADES TWO DIAMONDS EIGHT,0.6046,0.0408,0.3546
SPADES THREE DIAMONDS EIGHT,0.5914,0.0396,0.369
CLUBS FOUR HEARTS JACK,0.2412,0.0582,0.7006
SPADES EIGHT DIAMONDS EIGHT,0.2582,0.0626,0.6792
SPADES TEN DIAMONDS QUEEN,0.3112,0.0112,0.6776
SPADES TEN HEARTS TWO,0.4008,0.0302,0.569
SPADES JACK HEARTS EIGHT,0.3422,0.018,0.6398
CLUBS FOUR HEARTS TEN,0.2434,0.0808,0.6758
SPADES NINE DIAMONDS EIGHT,0.222,0.2286,0.5494
SPADES TEN HEARTS EIGHT,0.332,0.0226,0.6454
SPADES JACK HEARTS TWO,0.4038,0.0156,0.5806
SPADES JACK DIAMONDS QUEEN,0.296,0.0092,0.6948
SPADES SIX DIAMONDS EIGHT,0.5378,0.0412,0.421
SPADES SEVEN DIAMONDS EIGHT,0.5204,0.0376,0.442
SPADES ACE HEARTS TWO,0.3672,0.007,0.6258
SPADES ACE DIAMONDS QUEEN,0.3292,0.0056,0.6652
SPADES ACE HEARTS EIGHT,0.3442,0.0034,0.6524
SPADES KING HEARTS EIGHT,0.3594,0.006,0.6346
SPADES QUEEN HEARTS TWO,0.4058,0.009,0.5852
SPADES QUEEN DIAMONDS QUEEN,0.1366,0.0222,0.8412
SPADES KING DIAMONDS QUEEN,0.3142,0.0076,0.6782
SPADES KING HEARTS TWO,0.396,0.0088,0.5952
SPADES QUEEN HEARTS EIGHT,0.3592,0.013,0.6278
CLUBS TWO HEARTS TEN,0.3946,0.0282,0.5772
CLUBS TWO HEARTS JACK,0.3954,0.0202,0.5844
SPADES SEVEN DIAMONDS NINE,0.2142,0.294,0.4918
SPADES SIX DIAMONDS NINE,0.2054,0.3792,0.4154
SPADES NINE DIAMONDS NINE,0.0768,0.0668,0.8564
SPADES EIGHT DIAMONDS NINE,0.2144,0.2322,0.5534
SPADES TEN CLUBS KING,0.3176,0.007,0.6754
DIAMONDS NINE SPADES THREE,0.239,0.5326,0.2284
SPADES JACK CLUBS KING,0.321,0.0068,0.6722
DIAMONDS NINE SPADES TWO,0.2538,0.5286,0.2176
SPADES FIVE DIAMONDS NINE,0.2146,0.4392,0.3462
DIAMONDS NINE SPADES FOUR,0.0108,0.9694,0.0198
CLUBS EIGHT DIAMONDS NINE,0.2244,0.2164,0.5592
CLUBS SIX DIAMONDS NINE,0.2102,0.3696,0.4202
SPADES JACK CLUBS FOUR,0.2438,0.0594,0.6968
CLUBS SEVEN DIAMONDS NINE,0.218,0.304,0.478
SPADES TEN CLUBS FOUR,0.2442,0.0834,0.6724
CLUBS FOUR DIAMONDS NINE,0.0044,0.9844,0.0112
CLUBS FIVE DIAMONDS NINE,0.2266,0.4572,0.3162
CLUBS TWO DIAMONDS NINE,0.266,0.528,0.206
CLUBS THREE DIAMONDS NINE,0.2492,0.5332,0.2176
DIAMONDS NINE HEARTS EIGHT,0.2106,0.2244,0.565
DIAMONDS NINE HEARTS NINE,0.0826,0.0652,0.8522
HEARTS SIX DIAMONDS NINE,0.2068,0.376,0.4172
HEARTS SEVEN DIAMONDS NINE,0.2214,0.2942,0.4844
DIAMONDS ACE DIAMONDS NINE,0.2166,0.0238,0.7596
HEARTS FOUR DIAMONDS NINE,0.0106,0.974,0.0154
HEARTS FIVE DIAMONDS NINE,0.214,0.4518,0.3342
HEARTS ACE CLUBS TWO,0.385,0.0064,0.6086
SPADES ACE CLUBS FOUR,0.234,0.0212,0.7448
DIAMONDS NINE DIAMONDS QUEEN,0.2272,0.0372,0.7356
HEARTS TWO DIAMONDS NINE,0.2588,0.51,0.2312
CLUBS TWO HEARTS KING,0.398,0.0094,0.5926
SPADES KING CLUBS FOUR,0.2566,0.0358,0.7076
DIAMONDS KING DIAMONDS NINE,0.2246,0.036,0.7394
HEARTS THREE DIAMONDS NINE,0.2408,0.5334,0.2258
CLUBS TWO HEARTS QUEEN,0.3958,0.0116,0.5926
SPADES QUEEN CLUBS FOUR,0.2352,0.0456,0.7192
DIAMONDS NINE DIAMONDS JACK,0.228,0.0548,0.7172
CLUBS EIGHT SPADES NINE,0.2186,0.2202,0.5612
DIAMONDS TEN DIAMONDS NINE,0.2178,0.0784,0.7038
CLUBS EIGHT SPADES EIGHT,0.252,0.0564,0.6916
CLUBS EIGHT SPADES SEVEN,0.5322,0.0404,0.4274
CLUBS EIGHT SPADES SIX,0.5326,0.0454,0.422
CLUBS EIGHT SPADES FIVE,0.5648,0.0428,0.3924
CLUBS EIGHT SPADES FOUR,0.6396,0.1052,0.2552
CLUBS EIGHT SPADES THREE,0.6206,0.0448,0.3346
CLUBS EIGHT SPADES TWO,0.6022,0.043,0.3548
HEARTS SIX DIAMONDS TEN,0.3432,0.0274,0.6294
HEARTS SEVEN DIAMONDS TEN,0.3474,0.0272,0.6254
DIAMONDS TEN HEARTS EIGHT,0.3396,0.0246,0.6358
CLUBS JACK CLUBS FOUR,0.225,0.0572,0.7178
DIAMONDS TEN HEARTS NINE,0.2166,0.0774,0.706
CLUBS TEN CLUBS FOUR,0.2172,0.081,0.7018
CLUBS FOUR CLUBS KING,0.2308,0.0304,0.7388
CLUBS FOUR CLUBS QUEEN,0.237,0.0422,0.7208
DIAMONDS TEN CLUBS TWO,0.3842,0.0302,0.5856
CLUBS THREE DIAMONDS TEN,0.379,0.0282,0.5928
CLUBS FOUR CLUBS ACE,0.226,0.022,0.752
DIAMONDS TEN DIAMONDS JACK,0.293,0.0146,0.6924
DIAMONDS TEN DIAMONDS QUEEN,0.2936,0.0092,0.6972
HEARTS TWO DIAMONDS TEN,0.38,0.0304,0.5896
DIAMONDS KING DIAMONDS TEN,0.3034,0.0088,0.6878
HEARTS THREE DIAMONDS TEN,0.3844,0.0282,0.5874
DIAMONDS ACE DIAMONDS TEN,0.3082,0.0034,0.6884
HEARTS FOUR DIAMONDS TEN,0.2284,0.0806,0.691
CLUBS EIGHT HEARTS JACK,0.3516,0.0156,0.6328
HEARTS FIVE DIAMONDS TEN,0.34,0.027,0.633
CLUBS EIGHT HEARTS TEN,0.3264,0.0244,0.6492
CLUBS EIGHT HEARTS QUEEN,0.3478,0.0114,0.6408
CLUBS EIGHT HEARTS KING,0.369,0.0084,0.6226
CLUBS EIGHT HEARTS ACE,0.3626,0.0044,0.633
CLUBS TEN HEARTS EIGHT,0.329,0.0258,0.6452
CLUBS JACK HEARTS EIGHT,0.3364,0.0164,0.6472
HEARTS EIGHT CLUBS QUEEN,0.347,0.0106,0.6424
CLUBS KING HEARTS EIGHT,0.3532,0.0074,0.6394
CLUBS ACE HEARTS EIGHT,0.3504,0.0036,0.646
SPADES KING CLUBS KING,0.1356,0.0132,0.8512
SPADES QUEEN CLUBS KING,0.331,0.0076,0.6614
SPADES ACE CLUBS KING,0.3274,0.0056,0.667
DIAMONDS ACE HEARTS TEN,0.3042,0.0056,0.6902
HEARTS FOUR HEARTS TEN,0.221,0.074,0.705
DIAMONDS ACE HEARTS JACK,0.3242,0.0038,0.672
HEARTS FOUR HEARTS JACK,0.2312,0.0518,0.717
SPADES KING CLUBS FIVE,0.3544,0.0076,0.638
SPADES QUEEN CLUBS FIVE,0.3636,0.0116,0.6248
SPADES ACE CLUBS FIVE,0.352,0.004,0.644
HEARTS SEVEN DIAMONDS JACK,0.3498,0.0176,0.6326
HEARTS SIX DIAMONDS JACK,0.3478,0.0158,0.6364
DIAMONDS JACK HEARTS NINE,0.2288,0.0654,0.7058
DIAMONDS JACK HEARTS EIGHT,0.3346,0.0196,0.6458
DIAMONDS KING DIAMONDS JACK,0.3058,0.0102,0.684
HEARTS THREE DIAMONDS JACK,0.3848,0.0196,0.5956
SPADES ACE SPADES SIX,0.325,0.0036,0.6714
HEARTS ACE SPADES FOUR,0.2428,0.0196,0.7376
DIAMONDS QUEEN DIAMONDS JACK,0.2942,0.0092,0.6966
HEARTS TWO DIAMONDS JACK,0.383,0.0182,0.5988
HEARTS FIVE DIAMONDS JACK,0.3528,0.0202,0.627
SPADES QUEEN SPADES SIX,0.3448,0.009,0.6462
SPADES FOUR HEARTS QUEEN,0.241,0.0442,0.7148
DIAMONDS ACE DIAMONDS JACK,0.3146,0.0048,0.6806
HEARTS FOUR DIAMONDS JACK,0.2258,0.0652,0.709
SPADES KING SPADES SIX,0.3358,0.006,0.6582
SPADES FOUR HEARTS KING,0.2396,0.0358,0.7246
SPADES TEN SPADES SIX,0.3196,0.0232,0.6572
SPADES JACK SPADES SIX,0.332,0.0152,0.6528
SPADES FOUR DIAMONDS JACK,0.2342,0.059,0.7068
SPADES FIVE DIAMONDS JACK,0.349,0.0178,0.6332
DIAMONDS JACK SPADES TWO,0.3992,0.023,0.5778
SPADES THREE DIAMONDS JACK,0.3816,0.0192,0.5992
SPADES ACE DIAMONDS THREE,0.3772,0.0036,0.6192
SPADES QUEEN DIAMONDS THREE,0.3792,0.0118,0.609
CLUBS EIGHT DIAMONDS JACK,0.3372,0.0182,0.6446
SPADES KING DIAMONDS THREE,0.3842,0.0118,0.604
CLUBS SIX DIAMONDS JACK,0.3558,0.0192,0.625
CLUBS SEVEN DIAMONDS JACK,0.3472,0.016,0.6368
CLUBS FOUR DIAMONDS JACK,0.2244,0.0674,0.7082
CLUBS FIVE DIAMONDS JACK,0.3518,0.0128,0.6354
CLUBS TWO DIAMONDS JACK,0.3918,0.0194,0.5888
CLUBS THREE DIAMONDS JACK,0.3826,0.017,0.6004
SPADES TEN CLUBS FIVE,0.3454,0.0248,0.6298
SPADES JACK HEARTS SIX,0.3524,0.0126,0.635
HEARTS SIX SPADES TEN,0.3476,0.0242,0.6282
SPADES JACK CLUBS FIVE,0.3636,0.0198,0.6166
SPADES JACK DIAMONDS THREE,0.3838,0.0218,0.5944
CLUBS SEVEN CLUBS ACE,0.33,0.0026,0.6674
DIAMONDS THREE SPADES TEN,0.3768,0.0294,0.5938
CLUBS SEVEN CLUBS QUEEN,0.3402,0.0156,0.6442
CLUBS SEVEN CLUBS KING,0.3366,0.007,0.6564
SPADES NINE DIAMONDS JACK,0.2154,0.0624,0.7222
CLUBS TEN CLUBS SEVEN,0.3182,0.0272,0.6546
DIAMONDS ACE HEARTS ACE,0.1214,0.0046,0.874
HEARTS FOUR HEARTS ACE,0.2164,0.017,0.7666
SPADES EIGHT DIAMONDS JACK,0.3368,0.0186,0.6446
SPADES ACE HEARTS SIX,0.3532,0.0034,0.6434
CLUBS JACK CLUBS SEVEN,0.332,0.0208,0.6472
DIAMONDS ACE HEARTS KING,0.3246,0.0046,0.6708
HEARTS FOUR HEARTS KING,0.2276,0.033,0.7394
SPADES SEVEN DIAMONDS JACK,0.3434,0.0166,0.64
SPADES KING HEARTS SIX,0.3572,0.0086,0.6342
DIAMONDS ACE HEARTS QUEEN,0.3272,0.004,0.6688
HEARTS FOUR HEARTS QUEEN,0.2272,0.0454,0.7274
SPADES QUEEN HEARTS SIX,0.3554,0.0116,0.633
SPADES SIX DIAMONDS JACK,0.3504,0.0168,0.6328
DIAMONDS TEN SPADES TWO,0.374,0.0288,0.5972
DIAMONDS TEN SPADES THREE,0.3832,0.0296,0.5872
DIAMONDS TEN SPADES FOUR,0.2342,0.0792,0.6866
DIAMONDS TEN SPADES FIVE,0.3492,0.0302,0.6206
SPADES SIX DIAMONDS TEN,0.347,0.0242,0.6288
SPADES SEVEN DIAMONDS TEN,0.3232,0.0272,0.6496
SPADES EIGHT DIAMONDS TEN,0.3224,0.026,0.6516
SPADES NINE DIAMONDS TEN,0.2228,0.076,0.7012
CLUBS FOUR DIAMONDS TEN,0.2282,0.0824,0.6894
CLUBS FIVE DIAMONDS TEN,0.3596,0.0294,0.611
CLUBS SIX DIAMONDS TEN,0.3484,0.0242,0.6274
CLUBS SEVEN DIAMONDS TEN,0.3304,0.026,0.6436
CLUBS EIGHT DIAMONDS TEN,0.32,0.0226,0.6574
CLUBS JACK DIAMONDS THREE,0.3742,0.02,0.6058
CLUBS TEN DIAMONDS THREE,0.3686,0.0282,0.6032
DIAMONDS THREE CLUBS KING,0.3834,0.008,0.6086
DIAMONDS THREE CLUBS QUEEN,0.3792,0.013,0.6078
DIAMONDS THREE CLUBS ACE,0.3722,0.006,0.6218
SPADES FOUR HEARTS JACK,0.2478,0.0552,0.697
SPADES FOUR HEARTS TEN,0.2356,0.0744,0.69
SPADES FIVE SPADES TWO,0.5396,0.0438,0.4166
SPADES FOUR SPADES TWO,0.5932,0.1048,0.302
SPADES THREE SPADES TWO,0.5618,0.0436,0.3946
SPADES NINE SPADES TWO,0.2444,0.4894,0.2662
SPADES EIGHT SPADES TWO,0.5578,0.05,0.3922
SPADES SEVEN SPADES TWO,0.5696,0.0424,0.388
SPADES SIX SPADES TWO,0.5496,0.0406,0.4098
CLUBS THREE DIAMONDS QUEEN,0.3912,0.012,0.5968
CLUBS THREE HEARTS TWO,0.6176,0.0466,0.3358
CLUBS TWO DIAMONDS QUEEN,0.3956,0.011,0.5934
HEARTS TWO CLUBS TWO,0.368,0.095,0.537
HEARTS SEVEN DIAMONDS QUEEN,0.3514,0.0106,0.638
HEARTS SEVEN HEARTS TWO,0.5754,0.0386,0.386
HEARTS SIX DIAMONDS QUEEN,0.3626,0.0112,0.6262
HEARTS SIX HEARTS TWO,0.5558,0.041,0.4032
DIAMONDS QUEEN HEARTS NINE,0.2196,0.049,0.7314
HEARTS TWO HEARTS NINE,0.2464,0.4894,0.2642
DIAMONDS QUEEN HEARTS EIGHT,0.3484,0.0082,0.6434
HEARTS TWO HEARTS EIGHT,0.5516,0.0412,0.4072
CLUBS EIGHT HEARTS TWO,0.6148,0.0418,0.3434
CLUBS EIGHT DIAMONDS QUEEN,0.3584,0.011,0.6306
CLUBS FIVE DIAMONDS QUEEN,0.341,0.0138,0.6452
CLUBS FIVE HEARTS TWO,0.5898,0.0418,0.3684
SPADES EIGHT HEARTS ACE,0.3494,0.0022,0.6484
CLUBS FOUR DIAMONDS QUEEN,0.2314,0.048,0.7206
CLUBS FOUR HEARTS TWO,0.6364,0.1132,0.2504
CLUBS SEVEN DIAMONDS QUEEN,0.356,0.0168,0.6272
CLUBS SEVEN HEARTS TWO,0.6064,0.0418,0.3518
SPADES EIGHT HEARTS QUEEN,0.3468,0.0084,0.6448
CLUBS SIX DIAMONDS QUEEN,0.3504,0.0136,0.636
CLUBS SIX HEARTS TWO,0.593,0.0508,0.3562
SPADES EIGHT HEARTS KING,0.365,0.0088,0.6262
HEARTS TWO SPADES SIX,0.5886,0.046,0.3654
SPADES SIX DIAMONDS QUEEN,0.3692,0.0116,0.6192
HEARTS FOUR CLUBS QUEEN,0.2256,0.0404,0.734
DIAMONDS ACE CLUBS QUEEN,0.3088,0.0058,0.6854
SPADES SEVEN DIAMONDS QUEEN,0.3584,0.0116,0.63
SPADES SEVEN HEARTS TWO,0.6044,0.044,0.3516
HEARTS FOUR CLUBS KING,0.2404,0.031,0.7286
DIAMONDS ACE CLUBS KING,0.313,0.0064,0.6806
SPADES EIGHT DIAMONDS QUEEN,0.3426,0.0114,0.646
SPADES EIGHT HEARTS TWO,0.5948,0.0468,0.3584
HEARTS FOUR CLUBS ACE,0.2418,0.0218,0.7364
DIAMONDS ACE CLUBS ACE,0.1116,0.006,0.8824
SPADES NINE DIAMONDS QUEEN,0.2268,0.0534,0.7198
SPADES NINE HEARTS TWO,0.2642,0.5116,0.2242
HEARTS TWO SPADES TWO,0.3852,0.0904,0.5244
DIAMONDS QUEEN SPADES TWO,0.3836,0.0118,0.6046
HEARTS TWO SPADES THREE,0.6092,0.0488,0.342
DIAMONDS QUEEN SPADES THREE,0.3926,0.0122,0.5952
HEARTS TWO SPADES FOUR,0.6312,0.1092,0.2596
SPADES FOUR DIAMONDS QUEEN,0.2302,0.0476,0.7222
CLUBS TEN HEARTS FOUR,0.2258,0.0832,0.691
CLUBS TEN DIAMONDS ACE,0.3126,0.0042,0.6832
HEARTS TWO SPADES FIVE,0.5834,0.0436,0.373
SPADES FIVE DIAMONDS QUEEN,0.3562,0.013,0.6308
CLUBS JACK HEARTS FOUR,0.245,0.0592,0.6958
CLUBS JACK DIAMONDS ACE,0.3242,0.0048,0.671
CLUBS FIVE CLUBS KING,0.3382,0.0084,0.6534
CLUBS FIVE CLUBS QUEEN,0.335,0.0164,0.6486
CLUBS FIVE CLUBS ACE,0.325,0.006,0.669
CLUBS JACK CLUBS FIVE,0.333,0.0212,0.6458
CLUBS TEN CLUBS FIVE,0.3356,0.0292,0.6352
SPADES KING CLUBS JACK,0.3284,0.0074,0.6642
CLUBS JACK SPADES QUEEN,0.299,0.0124,0.6886
SPADES ACE CLUBS JACK,0.3238,0.005,0.6712
SPADES SIX CLUBS KING,0.3534,0.008,0.6386
SPADES SIX CLUBS QUEEN,0.3436,0.0114,0.645
SPADES EIGHT HEARTS JACK,0.345,0.015,0.64
SPADES SIX CLUBS ACE,0.351,0.0056,0.6434
SPADES EIGHT HEARTS TEN,0.3394,0.0226,0.638
CLUBS JACK SPADES SIX,0.3598,0.0164,0.6238
CLUBS TEN SPADES SIX,0.3532,0.0252,0.6216
CLUBS JACK SPADES TEN,0.2986,0.0126,0.6888
CLUBS JACK SPADES JACK,0.1372,0.0334,0.8294
SPADES QUEEN CLUBS SEVEN,0.3632,0.012,0.6248
SPADES KING CLUBS SEVEN,0.3604,0.0074,0.6322
SPADES ACE CLUBS SEVEN,0.359,0.0032,0.6378
SPADES SIX HEARTS TEN,0.3334,0.0246,0.642
SPADES SIX HEARTS JACK,0.353,0.0186,0.6284
SPADES SIX HEARTS ACE,0.348,0.005,0.647
SPADES SIX HEARTS KING,0.3498,0.0068,0.6434
SPADES SIX HEARTS QUEEN,0.3582,0.0118,0.63
CLUBS SEVEN SPADES JACK,0.3476,0.0202,0.6322
CLUBS SEVEN SPADES TEN,0.3354,0.0248,0.6398
CLUBS TEN HEARTS SIX,0.33,0.0314,0.6386
CLUBS JACK HEARTS SIX,0.3534,0.0182,0.6284
CLUBS JACK CLUBS ACE,0.3106,0.0034,0.686
HEARTS SIX CLUBS QUEEN,0.3588,0.0146,0.6266
HEARTS SIX CLUBS KING,0.3496,0.0068,0.6436
HEARTS SIX CLUBS ACE,0.3606,0.0026,0.6368
CLUBS JACK CLUBS QUEEN,0.2966,0.0088,0.6946
CLUBS JACK CLUBS KING,0.3002,0.0082,0.6916
DIAMONDS THREE HEARTS ACE,0.3788,0.005,0.6162
DIAMONDS THREE HEARTS QUEEN,0.4012,0.0136,0.5852
DIAMONDS THREE HEARTS KING,0.401,0.0098,0.5892
CLUBS FIVE HEARTS JACK,0.347,0.0166,0.6364
SPADES TEN DIAMONDS ACE,0.3278,0.004,0.6682
HEARTS FOUR SPADES TEN,0.248,0.076,0.676
CLUBS FIVE HEARTS TEN,0.359,0.0252,0.6158
HEARTS FOUR SPADES JACK,0.2406,0.0582,0.7012
SPADES JACK DIAMONDS ACE,0.318,0.0048,0.6772
SPADES ACE HEARTS FOUR,0.2278,0.0184,0.7538
SPADES ACE DIAMONDS ACE,0.1258,0.003,0.8712
CLUBS FIVE HEARTS ACE,0.3398,0.005,0.6552
CLUBS FIVE HEARTS KING,0.3594,0.0048,0.6358
HEARTS FOUR SPADES QUEEN,0.2434,0.0446,0.712
SPADES QUEEN DIAMONDS ACE,0.3192,0.0046,0.6762
CLUBS JACK SPADES FOUR,0.2314,0.0588,0.7098
CLUBS FIVE HEARTS QUEEN,0.3506,0.0102,0.6392
SPADES KING DIAMONDS ACE,0.327,0.0046,0.6684
SPADES KING HEARTS FOUR,0.2434,0.032,0.7246
CLUBS TEN SPADES FOUR,0.2252,0.0774,0.6974
DIAMONDS ACE DIAMONDS QUEEN,0.321,0.0054,0.6736
DIAMONDS ACE HEARTS TWO,0.368,0.0046,0.6274
HEARTS FOUR DIAMONDS QUEEN,0.2504,0.0426,0.707
HEARTS FOUR HEARTS TWO,0.5982,0.1022,0.2996
DIAMONDS THREE HEARTS TEN,0.3698,0.03,0.6002
SPADES FOUR CLUBS KING,0.241,0.0326,0.7264
HEARTS FIVE DIAMONDS QUEEN,0.3464,0.0132,0.6404
HEARTS FIVE HEARTS TWO,0.5348,0.0392,0.426
DIAMONDS THREE HEARTS JACK,0.3848,0.0184,0.5968
SPADES FOUR CLUBS QUEEN,0.2372,0.047,0.7158
HEARTS TWO DIAMONDS QUEEN,0.3928,0.0122,0.595
DIAMONDS KING DIAMONDS QUEEN,0.308,0.0058,0.6862
DIAMONDS KING HEARTS TWO,0.3884,0.0084,0.6032
HEARTS THREE DIAMONDS QUEEN,0.3806,0.0134,0.606
HEARTS THREE HEARTS TWO,0.5758,0.0442,0.38
SPADES FOUR CLUBS ACE,0.2282,0.0218,0.75
HEARTS TWO CLUBS ACE,0.3664,0.0058,0.6278
DIAMONDS QUEEN CLUBS ACE,0.3154,0.0052,0.6794
HEARTS TWO CLUBS QUEEN,0.392,0.013,0.595
DIAMONDS QUEEN CLUBS QUEEN,0.1198,0.0218,0.8584
HEARTS TWO CLUBS KING,0.3834,0.0082,0.6084
DIAMONDS QUEEN CLUBS KING,0.3112,0.007,0.6818
SPADES EIGHT SPADES FIVE,0.5066,0.0446,0.4488
CLUBS TEN HEARTS TWO,0.3758,0.0304,0.5938
CLUBS TEN DIAMONDS QUEEN,0.3022,0.0124,0.6854
SPADES NINE SPADES FIVE,0.2006,0.4246,0.3748
CLUBS JACK HEARTS TWO,0.3952,0.02,0.5848
CLUBS JACK DIAMONDS QUEEN,0.3026,0.0106,0.6868
SPADES SIX SPADES FIVE,0.4952,0.0384,0.4664
SPADES SEVEN SPADES FIVE,0.514,0.0382,0.4478
DIAMONDS FIVE CLUBS QUEEN,0.3436,0.015,0.6414
SPADES EIGHT CLUBS ACE,0.3482,0.005,0.6468
DIAMONDS FIVE CLUBS KING,0.3472,0.0106,0.6422
SPADES EIGHT CLUBS KING,0.3578,0.007,0.6352
CLUBS ACE DIAMONDS FIVE,0.3292,0.006,0.6648
SPADES EIGHT CLUBS QUEEN,0.3448,0.0104,0.6448
CLUBS JACK SPADES EIGHT,0.328,0.0152,0.6568
CLUBS TEN SPADES EIGHT,0.3144,0.025,0.6606
CLUBS TEN DIAMONDS FIVE,0.3386,0.0286,0.6328
CLUBS JACK DIAMONDS FIVE,0.3462,0.0192,0.6346
DIAMONDS TEN HEARTS JACK,0.303,0.0156,0.6814
DIAMONDS TEN HEARTS TEN,0.138,0.0354,0.8266
HEARTS SIX HEARTS KING,0.3306,0.0064,0.663
DIAMONDS KING SPADES SEVEN,0.352,0.0074,0.6406
HEARTS THREE SPADES SEVEN,0.5962,0.0522,0.3516
SPADES KING DIAMONDS SEVEN,0.3664,0.0072,0.6264
HEARTS SIX HEARTS QUEEN,0.3384,0.0124,0.6492
SPADES QUEEN DIAMONDS SEVEN,0.3522,0.0112,0.6366
HEARTS THREE SPADES SIX,0.5732,0.0424,0.3844
DIAMONDS KING SPADES SIX,0.3546,0.0066,0.6388
SPADES NINE DIAMONDS KING,0.2352,0.0366,0.7282
SPADES NINE HEARTS THREE,0.2692,0.519,0.2118
HEARTS SIX HEARTS ACE,0.3172,0.004,0.6788
DIAMONDS KING SPADES EIGHT,0.3592,0.0068,0.634
SPADES EIGHT HEARTS THREE,0.603,0.047,0.35
SPADES ACE DIAMONDS SEVEN,0.3516,0.0034,0.645
CLUBS EIGHT HEARTS THREE,0.6008,0.0476,0.3516
CLUBS EIGHT DIAMONDS KING,0.3642,0.0086,0.6272
HEARTS THREE SPADES THREE,0.372,0.0842,0.5438
DIAMONDS KING SPADES THREE,0.379,0.009,0.612
HEARTS THREE SPADES TWO,0.6058,0.0476,0.3466
DIAMONDS KING SPADES TWO,0.3868,0.0086,0.6046
HEARTS THREE SPADES FIVE,0.5642,0.051,0.3848
DIAMONDS KING SPADES FIVE,0.3548,0.0098,0.6354
HEARTS THREE SPADES FOUR,0.6166,0.1052,0.2782
DIAMONDS KING SPADES FOUR,0.2478,0.034,0.7182
DIAMONDS KING CLUBS TWO,0.3848,0.0096,0.6056
