opposingHand,winningChance,drawChance,lostChance
DIAMONDS THREE HEARTS QUEEN
CLUBS NINE DIAMONDS SEVEN,0.5448,0.0104,0.4448
HEARTS TWO DIAMONDS SEVEN,0.6268,0.014,0.3592
DIAMONDS FOUR SPADES KING,0.3592,0.0082,0.6326
SPADES QUEEN CLUBS NINE,0.2392,0.1596,0.6012
CLUBS NINE HEARTS EIGHT,0.5598,0.012,0.4282
DIAMONDS FOUR DIAMONDS JACK,0.558,0.0144,0.4276
SPADES KING CLUBS ACE,0.3184,0.0052,0.6764
HEARTS TWO CLUBS THREE,0.71,0.0438,0.2462
CLUBS EIGHT HEARTS NINE,0.54,0.0132,0.4468
SPADES JACK DIAMONDS QUEEN,0.2228,0.0964,0.6808
HEARTS SEVEN CLUBS FOUR,0.5812,0.0142,0.4046
DIAMONDS KING CLUBS KING,0.1262,0.004,0.8698
CLUBS SIX DIAMONDS QUEEN,0.2172,0.3816,0.4012
CLUBS TWO DIAMONDS FIVE,0.601,0.0148,0.3842
CLUBS SEVEN DIAMONDS ACE,0.3498,0.0042,0.646
CLUBS JACK DIAMONDS FIVE,0.5868,0.0118,0.4014
HEARTS FOUR SPADES SEVEN,0.5832,0.0136,0.4032
CLUBS JACK CLUBS TWO,0.59,0.016,0.394
HEARTS SIX DIAMONDS NINE,0.576,0.0114,0.4126
HEARTS FIVE SPADES NINE,0.5974,0.0172,0.3854
HEARTS THREE SPADES NINE,0.7146,0.0436,0.2418
DIAMONDS FOUR HEARTS KING,0.3492,0.0088,0.642
DIAMONDS SEVEN DIAMONDS FIVE,0.5254,0.0126,0.462
SPADES EIGHT DIAMONDS JACK,0.5694,0.0084,0.4222
DIAMONDS TWO DIAMONDS JACK,0.6018,0.0102,0.388
SPADES FOUR DIAMONDS TEN,0.5838,0.012,0.4042
SPADES ACE HEARTS TEN,0.3508,0.0042,0.645
CLUBS KING HEARTS EIGHT,0.357,0.0066,0.6364
HEARTS KING DIAMONDS EIGHT,0.3542,0.009,0.6368
SPADES ACE DIAMONDS QUEEN,0.2152,0.0162,0.7686
CLUBS TEN DIAMONDS QUEEN,0.2294,0.1136,0.657
HEARTS THREE SPADES TWO,0.6964,0.0474,0.2562
SPADES NINE CLUBS KING,0.3512,0.0072,0.6416
SPADES THREE DIAMONDS NINE,0.709,0.0464,0.2446
SPADES EIGHT SPADES THREE,0.6806,0.0408,0.2786
CLUBS JACK SPADES EIGHT,0.5588,0.0108,0.4304
CLUBS ACE CLUBS KING,0.2858,0.004,0.7102
DIAMONDS KING SPADES THREE,0.2316,0.0406,0.7278
SPADES THREE CLUBS QUEEN,0.026,0.954,0.02
CLUBS SEVEN CLUBS QUEEN,0.2204,0.2876,0.492
HEARTS TWO HEARTS KING,0.363,0.0086,0.6284
CLUBS TWO CLUBS ACE,0.3582,0.0054,0.6364
CLUBS EIGHT SPADES SEVEN,0.5604,0.0122,0.4274
CLUBS TEN HEARTS EIGHT,0.5534,0.0118,0.4348
SPADES NINE HEARTS NINE,0.3018,0.0154,0.6828
CLUBS JACK SPADES SEVEN,0.578,0.0102,0.4118
CLUBS TEN CLUBS FIVE,0.564,0.0116,0.4244
CLUBS EIGHT HEARTS EIGHT,0.3154,0.0192,0.6654
DIAMONDS KING DIAMONDS NINE,0.3416,0.0068,0.6516
CLUBS TWO HEARTS TEN,0.6364,0.0156,0.348
SPADES NINE CLUBS FIVE,0.56,0.0144,0.4256
SPADES EIGHT HEARTS ACE,0.3502,0.0046,0.6452
DIAMONDS EIGHT CLUBS QUEEN,0.2266,0.2262,0.5472
SPADES ACE CLUBS ACE,0.1224,0.003,0.8746
SPADES QUEEN DIAMONDS EIGHT,0.212,0.2294,0.5586
SPADES QUEEN SPADES THREE,0.0208,0.9038,0.0754
CLUBS FIVE DIAMONDS SEVEN,0.5668,0.0118,0.4214
DIAMONDS FOUR DIAMONDS SIX,0.5326,0.0136,0.4538
SPADES NINE SPADES EIGHT,0.5022,0.0106,0.4872
DIAMONDS TWO SPADES SIX,0.6248,0.0128,0.3624
CLUBS SEVEN HEARTS EIGHT,0.5478,0.01,0.4422
HEARTS THREE SPADES EIGHT,0.7256,0.0382,0.2362
SPADES JACK DIAMONDS KING,0.329,0.0074,0.6636
SPADES THREE HEARTS EIGHT,0.727,0.0396,0.2334
CLUBS JACK SPADES JACK,0.281,0.0098,0.7092
SPADES TEN HEARTS KING,0.3398,0.0076,0.6526
SPADES JACK DIAMONDS JACK,0.27,0.013,0.717
SPADES ACE DIAMONDS TWO,0.3884,0.0074,0.6042
CLUBS SIX DIAMONDS JACK,0.5956,0.0082,0.3962
CLUBS TWO CLUBS QUEEN,0.2432,0.4798,0.277
CLUBS SIX SPADES TWO,0.611,0.0172,0.3718
SPADES ACE DIAMONDS ACE,0.117,0.004,0.879
HEARTS SEVEN HEARTS TWO,0.6064,0.0134,0.3802
HEARTS TEN DIAMONDS SEVEN,0.5624,0.012,0.4256
CLUBS TEN CLUBS QUEEN,0.2158,0.1102,0.674
CLUBS FIVE SPADES FIVE,0.3166,0.0308,0.6526
HEARTS SIX DIAMONDS TEN,0.5772,0.012,0.4108
DIAMONDS FOUR CLUBS EIGHT,0.5792,0.0138,0.407
CLUBS NINE CLUBS FOUR,0.5616,0.0138,0.4246
SPADES SIX DIAMONDS JACK,0.5968,0.0128,0.3904
DIAMONDS ACE CLUBS FOUR,0.3464,0.0046,0.649
CLUBS NINE DIAMONDS EIGHT,0.5418,0.0122,0.446
DIAMONDS ACE HEARTS EIGHT,0.3614,0.0052,0.6334
CLUBS ACE DIAMONDS SIX,0.3642,0.0038,0.632
DIAMONDS QUEEN HEARTS JACK,0.2276,0.0954,0.677
DIAMONDS QUEEN DIAMONDS JACK,0.217,0.094,0.689
SPADES KING DIAMONDS FIVE,0.343,0.009,0.648
HEARTS FOUR SPADES SIX,0.5698,0.0162,0.414
DIAMONDS KING DIAMONDS TEN,0.324,0.009,0.667
HEARTS SIX CLUBS ACE,0.3556,0.0048,0.6396
SPADES ACE CLUBS KING,0.317,0.0044,0.6786
SPADES THREE DIAMONDS EIGHT,0.7192,0.04,0.2408
DIAMONDS TWO CLUBS EIGHT,0.6322,0.0128,0.355
HEARTS SEVEN DIAMONDS KING,0.3552,0.0088,0.636
CLUBS FIVE CLUBS ACE,0.3304,0.004,0.6656
CLUBS JACK CLUBS SIX,0.5506,0.0124,0.437
CLUBS TWO SPADES TWO,0.4118,0.0378,0.5504
SPADES SIX CLUBS ACE,0.3704,0.0024,0.6272
CLUBS THREE DIAMONDS EIGHT,0.7134,0.037,0.2496
HEARTS SEVEN HEARTS FIVE,0.5484,0.0158,0.4358
DIAMONDS EIGHT CLUBS ACE,0.3368,0.005,0.6582
HEARTS SEVEN CLUBS THREE,0.7042,0.0396,0.2562
HEARTS FIVE HEARTS NINE,0.5584,0.0122,0.4294
DIAMONDS JACK CLUBS QUEEN,0.2356,0.0916,0.6728
SPADES KING HEARTS NINE,0.3526,0.008,0.6394
CLUBS SIX HEARTS NINE,0.5746,0.0118,0.4136
DIAMONDS TWO DIAMONDS ACE,0.354,0.0062,0.6398
DIAMONDS TWO CLUBS THREE,0.7178,0.043,0.2392
HEARTS KING DIAMONDS FIVE,0.3504,0.0066,0.643
CLUBS TWO HEARTS NINE,0.626,0.0148,0.3592
CLUBS TEN HEARTS THREE,0.7092,0.044,0.2468
SPADES ACE SPADES QUEEN,0.2138,0.0164,0.7698
SPADES EIGHT DIAMONDS SEVEN,0.5368,0.013,0.4502
HEARTS THREE DIAMONDS FIVE,0.6604,0.0428,0.2968
SPADES EIGHT SPADES FOUR,0.543,0.0128,0.4442
DIAMONDS EIGHT HEARTS TEN,0.559,0.0108,0.4302
SPADES NINE HEARTS JACK,0.558,0.011,0.431
CLUBS THREE DIAMONDS SIX,0.7118,0.0374,0.2508
DIAMONDS QUEEN CLUBS TWO,0.2496,0.5342,0.2162
DIAMONDS KING HEARTS JACK,0.3404,0.0068,0.6528
DIAMONDS ACE CLUBS THREE,0.2214,0.02,0.7586
SPADES SEVEN HEARTS TEN,0.5826,0.0122,0.4052
SPADES ACE DIAMONDS SIX,0.3508,0.0044,0.6448
SPADES NINE DIAMONDS QUEEN,0.2202,0.1662,0.6136
HEARTS SIX CLUBS KING,0.3744,0.01,0.6156
HEARTS FIVE CLUBS THREE,0.6848,0.0386,0.2766
HEARTS FIVE CLUBS TWO,0.6098,0.0172,0.373
HEARTS JACK CLUBS KING,0.3408,0.0072,0.652
CLUBS TEN DIAMONDS KING,0.335,0.005,0.66
SPADES TEN SPADES SIX,0.542,0.0116,0.4464
SPADES JACK SPADES TEN,0.5042,0.0088,0.487
HEARTS FIVE SPADES JACK,0.5896,0.0136,0.3968
CLUBS SIX CLUBS KING,0.3362,0.0072,0.6566
DIAMONDS FOUR SPADES NINE,0.6,0.0126,0.3874
SPADES ACE HEARTS FIVE,0.3402,0.0048,0.655
CLUBS JACK SPADES TWO,0.6202,0.0166,0.3632
CLUBS JACK DIAMONDS TEN,0.5294,0.0086,0.462
HEARTS THREE CLUBS FIVE,0.6756,0.0424,0.282
CLUBS EIGHT CLUBS FIVE,0.5348,0.0144,0.4508
DIAMONDS EIGHT HEARTS EIGHT,0.3018,0.0238,0.6744
CLUBS TEN SPADES QUEEN,0.2294,0.1216,0.649
DIAMONDS QUEEN CLUBS KING,0.221,0.0288,0.7502
CLUBS JACK HEARTS SIX,0.5896,0.0094,0.401
SPADES ACE DIAMONDS TEN,0.3372,0.0046,0.6582
HEARTS FIVE HEARTS ACE,0.3284,0.0056,0.666
CLUBS NINE HEARTS KING,0.3534,0.0078,0.6388
HEARTS THREE HEARTS JACK,0.6912,0.043,0.2658
CLUBS JACK SPADES SIX,0.5816,0.0122,0.4062
SPADES QUEEN SPADES TWO,0.2532,0.4892,0.2576
HEARTS THREE SPADES SIX,0.6978,0.041,0.2612
CLUBS TEN SPADES SIX,0.5924,0.0106,0.397
HEARTS TEN DIAMONDS FIVE,0.6028,0.0096,0.3876
CLUBS FOUR HEARTS NINE,0.6012,0.0114,0.3874
DIAMONDS TEN HEARTS TEN,0.2858,0.0148,0.6994
CLUBS NINE CLUBS FIVE,0.5374,0.0116,0.451
CLUBS FOUR SPADES THREE,0.6888,0.0426,0.2686
CLUBS JACK HEARTS FIVE,0.5958,0.014,0.3902
DIAMONDS FOUR HEARTS ACE,0.3442,0.0056,0.6502
SPADES SEVEN HEARTS EIGHT,0.5496,0.01,0.4404
SPADES KING HEARTS TEN,0.3442,0.0094,0.6464
SPADES TEN DIAMONDS QUEEN,0.2226,0.1164,0.661
CLUBS FIVE HEARTS TEN,0.5956,0.0118,0.3926
SPADES QUEEN CLUBS SEVEN,0.2316,0.307,0.4614
DIAMONDS TWO HEARTS TEN,0.6418,0.0136,0.3446
CLUBS TWO HEARTS JACK,0.628,0.0136,0.3584
DIAMONDS NINE DIAMONDS FIVE,0.5536,0.0152,0.4312
CLUBS NINE HEARTS JACK,0.5514,0.0106,0.438
DIAMONDS FOUR SPADES THREE,0.6868,0.0406,0.2726
SPADES ACE CLUBS JACK,0.3462,0.006,0.6478
CLUBS TWO DIAMONDS NINE,0.615,0.0152,0.3698
HEARTS FOUR CLUBS FOUR,0.329,0.0394,0.6316
CLUBS NINE HEARTS ACE,0.366,0.0046,0.6294
CLUBS FOUR DIAMONDS TEN,0.5832,0.0134,0.4034
DIAMONDS FOUR DIAMONDS EIGHT,0.5522,0.0134,0.4344
HEARTS SIX SPADES TWO,0.6202,0.013,0.3668
CLUBS EIGHT HEARTS KING,0.3602,0.0078,0.632
DIAMONDS ACE DIAMONDS QUEEN,0.2102,0.0176,0.7722
HEARTS ACE HEARTS JACK,0.3336,0.0038,0.6626
CLUBS NINE CLUBS KING,0.3228,0.008,0.6692
HEARTS THREE DIAMONDS ACE,0.2236,0.0256,0.7508
SPADES QUEEN CLUBS FOUR,0.2226,0.5146,0.2628
CLUBS SIX HEARTS JACK,0.6044,0.0108,0.3848
DIAMONDS FOUR DIAMONDS QUEEN,0.2098,0.4962,0.294
HEARTS TWO DIAMONDS TEN,0.6202,0.0134,0.3664
CLUBS EIGHT DIAMONDS EIGHT,0.2958,0.0202,0.684
CLUBS THREE SPADES TWO,0.6954,0.046,0.2586
SPADES TWO DIAMONDS EIGHT,0.6194,0.0132,0.3674
DIAMONDS FOUR CLUBS TWO,0.6134,0.0124,0.3742
SPADES FIVE CLUBS TWO,0.593,0.015,0.392
SPADES SIX HEARTS JACK,0.604,0.0126,0.3834
DIAMONDS TWO CLUBS FOUR,0.6108,0.0146,0.3746
SPADES TEN DIAMONDS TEN,0.2908,0.0148,0.6944
CLUBS SEVEN SPADES NINE,0.5594,0.0144,0.4262
CLUBS SIX DIAMONDS NINE,0.5642,0.0126,0.4232
HEARTS JACK DIAMONDS SEVEN,0.5834,0.0124,0.4042
SPADES TWO HEARTS NINE,0.635,0.0166,0.3484
HEARTS SIX HEARTS TWO,0.5888,0.0138,0.3974
SPADES SIX DIAMONDS FIVE,0.5424,0.0126,0.445
HEARTS FOUR CLUBS THREE,0.6932,0.0418,0.265
SPADES QUEEN HEARTS ACE,0.2232,0.0158,0.761
SPADES KING HEARTS FOUR,0.348,0.0102,0.6418
SPADES SEVEN CLUBS TWO,0.6362,0.0132,0.3506
SPADES QUEEN DIAMONDS ACE,0.2288,0.0176,0.7536
DIAMONDS FOUR SPADES SEVEN,0.5744,0.0128,0.4128
CLUBS TWO DIAMONDS EIGHT,0.6238,0.013,0.3632
SPADES TWO CLUBS QUEEN,0.2648,0.5164,0.2188
DIAMONDS TEN CLUBS KING,0.3372,0.0088,0.654
DIAMONDS QUEEN HEARTS NINE,0.2262,0.1712,0.6026
CLUBS EIGHT HEARTS TEN,0.5504,0.0116,0.438
DIAMONDS TEN SPADES THREE,0.7102,0.0458,0.244
CLUBS THREE DIAMONDS NINE,0.7186,0.045,0.2364
HEARTS ACE DIAMONDS SIX,0.3506,0.0052,0.6442
CLUBS FIVE HEARTS JACK,0.5922,0.0118,0.396
DIAMONDS KING HEARTS TEN,0.3242,0.0098,0.666
CLUBS EIGHT DIAMONDS NINE,0.5422,0.0124,0.4454
DIAMONDS JACK SPADES THREE,0.7048,0.048,0.2472
CLUBS TEN DIAMONDS SIX,0.5788,0.0092,0.412
HEARTS FOUR SPADES TWO,0.614,0.0152,0.3708
SPADES SEVEN CLUBS QUEEN,0.2454,0.2938,0.4608
SPADES TEN CLUBS KING,0.3368,0.007,0.6562
DIAMONDS FOUR DIAMONDS ACE,0.3174,0.0064,0.6762
SPADES JACK DIAMONDS ACE,0.3404,0.0042,0.6554
CLUBS THREE SPADES FOUR,0.683,0.04,0.277
SPADES THREE SPADES TWO,0.6478,0.0474,0.3048
CLUBS JACK HEARTS FOUR,0.5996,0.0124,0.388
HEARTS FOUR CLUBS SEVEN,0.5918,0.0124,0.3958
HEARTS FIVE HEARTS TWO,0.5768,0.014,0.4092
DIAMONDS KING CLUBS TWO,0.3888,0.0104,0.6008
HEARTS SIX SPADES THREE,0.699,0.0386,0.2624
CLUBS SEVEN HEARTS TWO,0.635,0.0144,0.3506
CLUBS FOUR CLUBS QUEEN,0.2092,0.475,0.3158
CLUBS THREE CLUBS QUEEN,0.02,0.9134,0.0666
SPADES TEN SPADES THREE,0.6838,0.0434,0.2728
DIAMONDS ACE SPADES SIX,0.3514,0.0046,0.644
DIAMONDS QUEEN HEARTS TEN,0.2248,0.1138,0.6614
SPADES THREE HEARTS TEN,0.7322,0.0456,0.2222
SPADES TEN CLUBS FIVE,0.59,0.0128,0.3972
SPADES KING HEARTS SIX,0.3638,0.0092,0.627
SPADES JACK SPADES SIX,0.5576,0.0108,0.4316
CLUBS SIX DIAMONDS TEN,0.5804,0.0108,0.4088
SPADES JACK HEARTS FOUR,0.617,0.012,0.371
HEARTS FOUR SPADES TEN,0.6,0.012,0.388
HEARTS SEVEN CLUBS TEN,0.5714,0.0136,0.415
HEARTS FOUR DIAMONDS KING,0.349,0.009,0.642
SPADES FIVE CLUBS ACE,0.3484,0.005,0.6466
CLUBS TEN HEARTS KING,0.3332,0.0044,0.6624
SPADES TEN HEARTS THREE,0.7204,0.0428,0.2368
HEARTS TWO DIAMONDS EIGHT,0.6248,0.0146,0.3606
HEARTS SEVEN SPADES QUEEN,0.2228,0.3112,0.466
CLUBS FIVE CLUBS THREE,0.645,0.0388,0.3162
SPADES QUEEN CLUBS ACE,0.226,0.0172,0.7568
DIAMONDS KING CLUBS QUEEN,0.2332,0.026,0.7408
CLUBS FIVE HEARTS EIGHT,0.5688,0.0114,0.4198
CLUBS EIGHT SPADES SIX,0.5502,0.0112,0.4386
SPADES FOUR HEARTS EIGHT,0.584,0.0128,0.4032
SPADES TWO DIAMONDS SEVEN,0.6256,0.0148,0.3596
HEARTS FIVE DIAMONDS FIVE,0.3354,0.0296,0.635
SPADES QUEEN SPADES JACK,0.2254,0.0848,0.6898
HEARTS SIX DIAMONDS SIX,0.3196,0.0276,0.6528
SPADES ACE DIAMONDS KING,0.32,0.004,0.676
HEARTS FIVE DIAMONDS ACE,0.347,0.0052,0.6478
DIAMONDS KING HEARTS ACE,0.3134,0.0056,0.681
SPADES THREE HEARTS JACK,0.7302,0.0422,0.2276
CLUBS TEN HEARTS TEN,0.2832,0.0138,0.703
CLUBS SEVEN CLUBS FOUR,0.536,0.0156,0.4484
SPADES ACE HEARTS SIX,0.3466,0.0036,0.6498
SPADES TEN HEARTS NINE,0.5538,0.0128,0.4334
SPADES QUEEN DIAMONDS KING,0.2236,0.0272,0.7492
CLUBS JACK CLUBS NINE,0.5192,0.011,0.4698
DIAMONDS FOUR HEARTS THREE,0.685,0.0434,0.2716
HEARTS SIX SPADES JACK,0.5872,0.012,0.4008
HEARTS THREE DIAMONDS NINE,0.7194,0.0424,0.2382
HEARTS FOUR CLUBS KING,0.3618,0.0062,0.632
HEARTS JACK DIAMONDS FIVE,0.5968,0.0138,0.3894
HEARTS SIX SPADES FIVE,0.5528,0.015,0.4322
SPADES SEVEN DIAMONDS EIGHT,0.5334,0.0144,0.4522
HEARTS FOUR HEARTS NINE,0.5734,0.0126,0.414
CLUBS SEVEN DIAMONDS TEN,0.547,0.0106,0.4424
CLUBS FIVE DIAMONDS SIX,0.5576,0.0122,0.4302
CLUBS KING HEARTS NINE,0.3572,0.0056,0.6372
CLUBS JACK SPADES KING,0.3456,0.0082,0.6462
HEARTS SIX SPADES SEVEN,0.5628,0.0116,0.4256
DIAMONDS ACE DIAMONDS JACK,0.3318,0.0048,0.6634
CLUBS JACK SPADES NINE,0.5522,0.0098,0.438
DIAMONDS QUEEN HEARTS ACE,0.2076,0.0168,0.7756
CLUBS SEVEN CLUBS FIVE,0.5216,0.011,0.4674
HEARTS FOUR HEARTS THREE,0.6584,0.039,0.3026
DIAMONDS TWO CLUBS QUEEN,0.2498,0.5276,0.2226
SPADES JACK CLUBS FIVE,0.5952,0.0108,0.394
SPADES FOUR CLUBS QUEEN,0.2174,0.5244,0.2582
SPADES THREE CLUBS KING,0.2392,0.0304,0.7304
CLUBS SEVEN CLUBS TWO,0.59,0.0154,0.3946
CLUBS NINE DIAMONDS ACE,0.3652,0.0044,0.6304
HEARTS FOUR HEARTS JACK,0.577,0.0126,0.4104
CLUBS NINE CLUBS EIGHT,0.5134,0.0106,0.476
DIAMONDS KING CLUBS THREE,0.2434,0.033,0.7236
HEARTS ACE DIAMONDS FIVE,0.3462,0.0074,0.6464
CLUBS SEVEN CLUBS THREE,0.6584,0.0382,0.3034
HEARTS SEVEN HEARTS NINE,0.5432,0.0118,0.445
CLUBS THREE CLUBS KING,0.237,0.0322,0.7308
DIAMONDS ACE DIAMONDS KING,0.3112,0.0038,0.685
CLUBS ACE DIAMONDS FIVE,0.3324,0.0056,0.662
DIAMONDS SIX CLUBS QUEEN,0.2226,0.3862,0.3912
HEARTS SEVEN CLUBS TWO,0.633,0.0148,0.3522
HEARTS SEVEN CLUBS NINE,0.5566,0.0128,0.4306
HEARTS KING DIAMONDS SIX,0.3594,0.0066,0.634
CLUBS FIVE SPADES SEVEN,0.5614,0.0154,0.4232
SPADES QUEEN HEARTS THREE,0.0192,0.9694,0.0114
CLUBS FIVE CLUBS TWO,0.5636,0.0168,0.4196
HEARTS SEVEN SPADES SIX,0.5582,0.0128,0.429
SPADES KING SPADES FIVE,0.326,0.0098,0.6642
CLUBS TEN DIAMONDS SEVEN,0.5502,0.0114,0.4384
SPADES QUEEN SPADES FIVE,0.212,0.4306,0.3574
HEARTS FOUR SPADES THREE,0.684,0.0384,0.2776
DIAMONDS FOUR HEARTS TEN,0.6044,0.0152,0.3804
CLUBS SEVEN HEARTS ACE,0.358,0.0052,0.6368
CLUBS FIVE DIAMONDS TEN,0.589,0.0114,0.3996
DIAMONDS FOUR DIAMONDS KING,0.327,0.0084,0.6646
DIAMONDS TWO DIAMONDS SEVEN,0.593,0.0176,0.3894
SPADES TEN CLUBS THREE,0.7246,0.044,0.2314
HEARTS SEVEN DIAMONDS EIGHT,0.5456,0.0096,0.4448
CLUBS THREE HEARTS TEN,0.7268,0.0474,0.2258
SPADES TEN HEARTS ACE,0.352,0.0044,0.6436
CLUBS JACK SPADES FOUR,0.6042,0.011,0.3848
HEARTS KING HEARTS NINE,0.3276,0.0094,0.663
DIAMONDS FOUR CLUBS FOUR,0.3182,0.0366,0.6452
HEARTS KING DIAMONDS SEVEN,0.358,0.0102,0.6318
CLUBS TEN DIAMONDS FIVE,0.5806,0.0088,0.4106
SPADES KING CLUBS NINE,0.3582,0.006,0.6358
CLUBS FOUR DIAMONDS KING,0.3446,0.0082,0.6472
DIAMONDS ACE DIAMONDS SIX,0.3344,0.0052,0.6604
CLUBS THREE SPADES THREE,0.3018,0.033,0.6652
DIAMONDS JACK HEARTS JACK,0.282,0.0116,0.7064
CLUBS SEVEN HEARTS JACK,0.5882,0.0078,0.404
HEARTS JACK HEARTS EIGHT,0.5424,0.014,0.4436
CLUBS SIX DIAMONDS FIVE,0.5602,0.011,0.4288
DIAMONDS QUEEN HEARTS KING,0.2122,0.027,0.7608
SPADES ACE SPADES TWO,0.3456,0.0058,0.6486
CLUBS TEN SPADES TEN,0.286,0.0134,0.7006
HEARTS SEVEN DIAMONDS TWO,0.6312,0.016,0.3528
SPADES SEVEN DIAMONDS KING,0.3518,0.006,0.6422
SPADES KING DIAMONDS NINE,0.3518,0.0084,0.6398
DIAMONDS TWO HEARTS THREE,0.7224,0.043,0.2346
CLUBS TEN DIAMONDS EIGHT,0.553,0.0108,0.4362
DIAMONDS TWO CLUBS NINE,0.6358,0.0142,0.35
CLUBS FOUR HEARTS JACK,0.5942,0.012,0.3938
HEARTS SEVEN CLUBS EIGHT,0.5624,0.01,0.4276
SPADES FOUR CLUBS ACE,0.3546,0.0038,0.6416
CLUBS EIGHT SPADES NINE,0.5428,0.0114,0.4458
CLUBS FOUR HEARTS TEN,0.5958,0.012,0.3922
SPADES FIVE DIAMONDS FIVE,0.3184,0.0352,0.6464
DIAMONDS TWO DIAMONDS FIVE,0.573,0.013,0.414
HEARTS FOUR CLUBS TWO,0.6186,0.0142,0.3672
DIAMONDS TEN HEARTS KING,0.3278,0.0072,0.665
SPADES NINE DIAMONDS NINE,0.2998,0.0184,0.6818
HEARTS FIVE DIAMONDS KING,0.3516,0.008,0.6404
SPADES KING CLUBS EIGHT,0.3688,0.0048,0.6264
SPADES SEVEN DIAMONDS TEN,0.5664,0.0116,0.422
HEARTS SIX DIAMONDS ACE,0.359,0.0068,0.6342
DIAMONDS KING DIAMONDS QUEEN,0.2248,0.0246,0.7506
SPADES EIGHT DIAMONDS SIX,0.55,0.0126,0.4374
SPADES SEVEN SPADES SIX,0.5176,0.0104,0.472
SPADES TEN DIAMONDS KING,0.3378,0.0078,0.6544
SPADES FIVE SPADES FOUR,0.5214,0.0164,0.4622
CLUBS JACK HEARTS NINE,0.5456,0.0102,0.4442
CLUBS JACK HEARTS EIGHT,0.5698,0.0122,0.418
SPADES QUEEN CLUBS EIGHT,0.2362,0.22,0.5438
HEARTS ACE DIAMONDS TEN,0.3236,0.0068,0.6696
SPADES TEN CLUBS FOUR,0.598,0.013,0.389
DIAMONDS TWO SPADES TEN,0.6302,0.0112,0.3586
SPADES TEN HEARTS JACK,0.549,0.009,0.442
HEARTS SIX SPADES TEN,0.5876,0.0122,0.4002
SPADES FIVE DIAMONDS NINE,0.5812,0.0102,0.4086
CLUBS TEN CLUBS THREE,0.6716,0.0434,0.285
DIAMONDS FOUR HEARTS FOUR,0.314,0.0334,0.6526
DIAMONDS QUEEN SPADES TWO,0.2578,0.5284,0.2138
SPADES TEN SPADES FOUR,0.5532,0.009,0.4378
DIAMONDS NINE HEARTS EIGHT,0.536,0.0166,0.4474
CLUBS SEVEN SPADES TWO,0.6124,0.015,0.3726
CLUBS SIX SPADES FOUR,0.5774,0.0126,0.41
DIAMONDS TEN CLUBS QUEEN,0.2188,0.1116,0.6696
CLUBS FIVE SPADES FOUR,0.5594,0.013,0.4276
CLUBS FIVE HEARTS NINE,0.5988,0.0136,0.3876
CLUBS THREE DIAMONDS SEVEN,0.6888,0.0412,0.27
DIAMONDS JACK CLUBS KING,0.3444,0.0082,0.6474
SPADES TWO HEARTS EIGHT,0.633,0.0104,0.3566
CLUBS TEN SPADES THREE,0.7106,0.0462,0.2432
HEARTS SIX HEARTS FIVE,0.5366,0.0138,0.4496
SPADES EIGHT CLUBS ACE,0.366,0.0048,0.6292
CLUBS SIX CLUBS THREE,0.6472,0.0388,0.314
CLUBS JACK DIAMONDS NINE,0.5434,0.0092,0.4474
HEARTS FOUR DIAMONDS SIX,0.58,0.0126,0.4074
DIAMONDS TWO SPADES FIVE,0.6064,0.0162,0.3774
DIAMONDS KING HEARTS NINE,0.3528,0.0078,0.6394
CLUBS SIX HEARTS TEN,0.59,0.015,0.395
SPADES THREE CLUBS ACE,0.2366,0.0216,0.7418
SPADES EIGHT SPADES SEVEN,0.5192,0.0126,0.4682
HEARTS SEVEN SPADES THREE,0.7188,0.0394,0.2418
HEARTS ACE CLUBS QUEEN,0.2162,0.0208,0.763
HEARTS KING CLUBS QUEEN,0.2106,0.0308,0.7586
HEARTS FOUR CLUBS FIVE,0.569,0.0154,0.4156
CLUBS TEN SPADES NINE,0.5366,0.0112,0.4522
SPADES JACK CLUBS SIX,0.5982,0.011,0.3908
CLUBS TEN HEARTS ACE,0.3288,0.0038,0.6674
CLUBS SEVEN CLUBS SIX,0.5216,0.0124,0.466
SPADES ACE SPADES FOUR,0.328,0.004,0.668
DIAMONDS QUEEN CLUBS ACE,0.2172,0.017,0.7658
CLUBS SEVEN SPADES EIGHT,0.5522,0.0116,0.4362
DIAMONDS TWO HEARTS JACK,0.6296,0.0148,0.3556
SPADES SIX DIAMONDS QUEEN,0.2206,0.3868,0.3926
SPADES SIX DIAMONDS TEN,0.5808,0.0084,0.4108
SPADES KING CLUBS THREE,0.2286,0.0366,0.7348
HEARTS KING HEARTS JACK,0.3134,0.01,0.6766
CLUBS TEN CLUBS ACE,0.3188,0.0054,0.6758
DIAMONDS TWO CLUBS ACE,0.3864,0.0054,0.6082
HEARTS THREE CLUBS THREE,0.292,0.0334,0.6746
CLUBS EIGHT CLUBS QUEEN,0.2186,0.2066,0.5748
DIAMONDS ACE HEARTS JACK,0.3452,0.0052,0.6496
DIAMONDS EIGHT CLUBS KING,0.3726,0.008,0.6194
HEARTS FOUR HEARTS TWO,0.5836,0.0136,0.4028
HEARTS SIX SPADES EIGHT,0.5494,0.0142,0.4364
DIAMONDS NINE CLUBS ACE,0.3566,0.0062,0.6372
CLUBS FOUR DIAMONDS QUEEN,0.2068,0.529,0.2642
HEARTS FIVE CLUBS FOUR,0.554,0.0136,0.4324
SPADES ACE SPADES THREE,0.2222,0.019,0.7588
SPADES NINE SPADES FOUR,0.5636,0.0102,0.4262
CLUBS TEN CLUBS KING,0.3164,0.0056,0.678
SPADES QUEEN HEARTS KING,0.2172,0.0284,0.7544
SPADES ACE CLUBS THREE,0.2406,0.023,0.7364
CLUBS FOUR CLUBS THREE,0.6424,0.0394,0.3182
DIAMONDS FOUR HEARTS FIVE,0.5684,0.0152,0.4164
CLUBS SEVEN SPADES SEVEN,0.3254,0.026,0.6486
HEARTS FIVE CLUBS SIX,0.5578,0.0154,0.4268
CLUBS THREE DIAMONDS JACK,0.721,0.0432,0.2358
CLUBS JACK CLUBS KING,0.3128,0.0058,0.6814
CLUBS TEN CLUBS FOUR,0.5544,0.0136,0.432
HEARTS THREE DIAMONDS TEN,0.724,0.047,0.229
SPADES JACK HEARTS TEN,0.547,0.0086,0.4444
DIAMONDS TWO DIAMONDS NINE,0.6028,0.0128,0.3844
CLUBS NINE DIAMONDS SIX,0.5712,0.013,0.4158
SPADES TWO DIAMONDS SIX,0.615,0.0142,0.3708
SPADES FIVE DIAMONDS JACK,0.5764,0.0124,0.4112
HEARTS TWO CLUBS KING,0.396,0.007,0.597
SPADES JACK SPADES NINE,0.5204,0.0086,0.471
CLUBS NINE DIAMONDS QUEEN,0.2158,0.1692,0.615
HEARTS SIX HEARTS TEN,0.5658,0.0118,0.4224
SPADES JACK CLUBS SEVEN,0.5764,0.0076,0.416
CLUBS SEVEN SPADES FOUR,0.571,0.0124,0.4166
SPADES TEN SPADES FIVE,0.5548,0.0114,0.4338
SPADES SIX HEARTS KING,0.3584,0.0074,0.6342
SPADES KING DIAMONDS JACK,0.327,0.0072,0.6658
CLUBS NINE DIAMONDS TEN,0.5458,0.0108,0.4434
SPADES EIGHT DIAMONDS NINE,0.527,0.0122,0.4608
SPADES ACE HEARTS THREE,0.2442,0.0174,0.7384
SPADES NINE DIAMONDS JACK,0.5452,0.0084,0.4464
DIAMONDS FOUR SPADES JACK,0.597,0.0114,0.3916
SPADES ACE SPADES FIVE,0.3372,0.006,0.6568
DIAMONDS ACE SPADES FIVE,0.347,0.0042,0.6488
CLUBS TEN HEARTS TWO,0.6384,0.013,0.3486
HEARTS SIX CLUBS TWO,0.6148,0.0146,0.3706
SPADES FIVE DIAMONDS SIX,0.5508,0.013,0.4362
SPADES QUEEN DIAMONDS QUEEN,0.0682,0.0254,0.9064
CLUBS FOUR SPADES TWO,0.611,0.0166,0.3724
CLUBS SIX CLUBS TWO,0.568,0.013,0.419
HEARTS FOUR HEARTS TEN,0.5678,0.0156,0.4166
HEARTS FOUR CLUBS SIX,0.5772,0.013,0.4098
SPADES FOUR HEARTS JACK,0.6048,0.014,0.3812
HEARTS JACK HEARTS TEN,0.5308,0.0082,0.461
SPADES KING CLUBS FIVE,0.3652,0.0064,0.6284
CLUBS KING DIAMONDS SIX,0.3654,0.006,0.6286
CLUBS SEVEN DIAMONDS SEVEN,0.3066,0.023,0.6704
DIAMONDS FOUR HEARTS SIX,0.577,0.0144,0.4086
DIAMONDS ACE SPADES TWO,0.3702,0.0046,0.6252
CLUBS ACE DIAMONDS SEVEN,0.3494,0.0058,0.6448
CLUBS FOUR HEARTS ACE,0.3512,0.0058,0.643
CLUBS TEN DIAMONDS JACK,0.5452,0.0106,0.4442
CLUBS EIGHT DIAMONDS SEVEN,0.5402,0.012,0.4478
CLUBS FOUR DIAMONDS JACK,0.5924,0.0106,0.397
SPADES ACE DIAMONDS SEVEN,0.3492,0.004,0.6468
SPADES QUEEN HEARTS TWO,0.2678,0.5136,0.2186
HEARTS SIX HEARTS NINE,0.538,0.0152,0.4468
HEARTS SEVEN DIAMONDS SIX,0.5494,0.0136,0.437
SPADES NINE SPADES SIX,0.5428,0.0104,0.4468
HEARTS SEVEN SPADES EIGHT,0.5498,0.0122,0.438
SPADES SIX CLUBS THREE,0.701,0.0378,0.2612
SPADES TEN CLUBS ACE,0.3482,0.0046,0.6472
CLUBS EIGHT DIAMONDS KING,0.3464,0.0088,0.6448
SPADES JACK SPADES SEVEN,0.545,0.0104,0.4446
SPADES ACE HEARTS ACE,0.1098,0.0046,0.8856
DIAMONDS NINE HEARTS JACK,0.561,0.0128,0.4262
DIAMONDS ACE SPADES SEVEN,0.3626,0.006,0.6314
CLUBS NINE CLUBS THREE,0.6758,0.0414,0.2828
HEARTS SEVEN HEARTS FOUR,0.5408,0.0156,0.4436
SPADES TEN DIAMONDS JACK,0.5318,0.0082,0.46
SPADES QUEEN HEARTS EIGHT,0.223,0.2166,0.5604
CLUBS JACK CLUBS EIGHT,0.5374,0.0102,0.4524
HEARTS SEVEN SPADES SEVEN,0.321,0.0296,0.6494
HEARTS SIX CLUBS FOUR,0.578,0.0114,0.4106
DIAMONDS FOUR DIAMONDS NINE,0.5632,0.0124,0.4244
CLUBS SEVEN HEARTS KING,0.3626,0.007,0.6304
HEARTS FIVE DIAMONDS QUEEN,0.2132,0.4568,0.33
DIAMONDS NINE HEARTS TEN,0.535,0.012,0.453
CLUBS JACK DIAMONDS SEVEN,0.5788,0.0124,0.4088
HEARTS NINE HEARTS EIGHT,0.5268,0.0098,0.4634
SPADES QUEEN HEARTS JACK,0.2318,0.0874,0.6808
CLUBS TEN CLUBS NINE,0.5046,0.0106,0.4848
SPADES FIVE SPADES TWO,0.564,0.0166,0.4194
CLUBS FOUR CLUBS ACE,0.3352,0.005,0.6598
CLUBS THREE HEARTS KING,0.2324,0.0322,0.7354
HEARTS SIX DIAMONDS QUEEN,0.207,0.3996,0.3934
HEARTS TWO DIAMONDS ACE,0.3754,0.0074,0.6172
CLUBS EIGHT DIAMONDS ACE,0.3558,0.0054,0.6388
DIAMONDS KING DIAMONDS JACK,0.3228,0.0074,0.6698
CLUBS JACK DIAMONDS FOUR,0.5962,0.0132,0.3906
SPADES ACE HEARTS EIGHT,0.3496,0.0042,0.6462
HEARTS THREE HEARTS ACE,0.23,0.0226,0.7474
HEARTS FOUR CLUBS QUEEN,0.2136,0.5308,0.2556
SPADES JACK CLUBS ACE,0.3408,0.004,0.6552
SPADES ACE SPADES EIGHT,0.3304,0.0054,0.6642
HEARTS SEVEN DIAMONDS NINE,0.546,0.0114,0.4426
HEARTS TWO SPADES SEVEN,0.6358,0.012,0.3522
HEARTS FIVE SPADES SIX,0.5656,0.0118,0.4226
SPADES JACK DIAMONDS EIGHT,0.5704,0.0094,0.4202
HEARTS FOUR HEARTS ACE,0.3278,0.0044,0.6678
SPADES QUEEN CLUBS KING,0.2316,0.0246,0.7438
SPADES FIVE DIAMONDS SEVEN,0.566,0.011,0.423
CLUBS SEVEN SPADES THREE,0.7094,0.0376,0.253
DIAMONDS TEN HEARTS NINE,0.5546,0.0122,0.4332
SPADES NINE DIAMONDS FIVE,0.5704,0.014,0.4156
DIAMONDS SEVEN DIAMONDS SIX,0.53,0.0116,0.4584
DIAMONDS TWO DIAMONDS QUEEN,0.2572,0.4868,0.256
HEARTS THREE HEARTS TEN,0.6828,0.0446,0.2726
SPADES KING SPADES TWO,0.3676,0.0084,0.624
SPADES QUEEN DIAMONDS FIVE,0.212,0.4566,0.3314
SPADES KING DIAMONDS KING,0.1278,0.0026,0.8696
HEARTS TWO CLUBS FIVE,0.6146,0.015,0.3704
DIAMONDS ACE SPADES FOUR,0.339,0.0042,0.6568
DIAMONDS TWO CLUBS SEVEN,0.6248,0.0134,0.3618
SPADES SEVEN CLUBS KING,0.3658,0.0042,0.63
CLUBS NINE DIAMONDS KING,0.3486,0.0082,0.6432
SPADES SIX HEARTS ACE,0.371,0.0044,0.6246
SPADES TWO DIAMONDS FIVE,0.6016,0.015,0.3834
HEARTS ACE DIAMONDS SEVEN,0.3482,0.0048,0.647
SPADES TEN DIAMONDS ACE,0.3496,0.005,0.6454
HEARTS FOUR SPADES FOUR,0.3368,0.0322,0.631
SPADES KING HEARTS EIGHT,0.3674,0.009,0.6236
CLUBS NINE SPADES FOUR,0.5976,0.0136,0.3888
DIAMONDS KING DIAMONDS SIX,0.3532,0.0086,0.6382
SPADES QUEEN CLUBS SIX,0.2282,0.3818,0.39
HEARTS FIVE CLUBS FIVE,0.3298,0.033,0.6372
SPADES QUEEN DIAMONDS JACK,0.2196,0.0904,0.69
SPADES SIX CLUBS QUEEN,0.229,0.379,0.392
SPADES FIVE HEARTS ACE,0.344,0.0066,0.6494
SPADES ACE SPADES KING,0.2982,0.0044,0.6974
CLUBS SIX HEARTS EIGHT,0.5594,0.0146,0.426
DIAMONDS KING DIAMONDS FIVE,0.348,0.007,0.645
DIAMONDS QUEEN DIAMONDS SEVEN,0.2088,0.2986,0.4926
SPADES SIX HEARTS NINE,0.5716,0.012,0.4164
CLUBS EIGHT SPADES FOUR,0.5856,0.0118,0.4026
SPADES JACK CLUBS EIGHT,0.5738,0.009,0.4172
HEARTS TWO CLUBS QUEEN,0.2628,0.5316,0.2056
DIAMONDS NINE HEARTS NINE,0.2804,0.0232,0.6964
DIAMONDS FOUR SPADES QUEEN,0.2142,0.5222,0.2636
HEARTS SEVEN DIAMONDS FIVE,0.5728,0.0156,0.4116
DIAMONDS FOUR SPADES FOUR,0.3196,0.0334,0.647
CLUBS TWO HEARTS KING,0.3872,0.0098,0.603
CLUBS FIVE DIAMONDS NINE,0.5886,0.013,0.3984
DIAMONDS TWO HEARTS EIGHT,0.6378,0.0148,0.3474
CLUBS JACK DIAMONDS EIGHT,0.5612,0.0104,0.4284
SPADES NINE SPADES TWO,0.5708,0.012,0.4172
CLUBS EIGHT DIAMONDS SIX,0.5626,0.0134,0.424
SPADES FIVE HEARTS JACK,0.5992,0.0134,0.3874
SPADES FOUR HEARTS NINE,0.5976,0.014,0.3884
CLUBS THREE HEARTS ACE,0.233,0.0168,0.7502
HEARTS TWO SPADES EIGHT,0.6276,0.0138,0.3586
CLUBS THREE CLUBS ACE,0.2242,0.0222,0.7536
SPADES KING SPADES SEVEN,0.3412,0.004,0.6548
SPADES SEVEN SPADES THREE,0.6616,0.039,0.2994
CLUBS JACK CLUBS THREE,0.6674,0.0484,0.2842
DIAMONDS FOUR CLUBS QUEEN,0.2142,0.5248,0.261
HEARTS FOUR DIAMONDS TEN,0.5908,0.0112,0.398
DIAMONDS FOUR CLUBS KING,0.348,0.0096,0.6424
CLUBS SEVEN DIAMONDS EIGHT,0.5458,0.0132,0.441
SPADES NINE DIAMONDS KING,0.334,0.0062,0.6598
DIAMONDS TWO CLUBS TWO,0.4372,0.0388,0.524
DIAMONDS ACE HEARTS KING,0.3046,0.0036,0.6918
HEARTS THREE DIAMONDS KING,0.2364,0.034,0.7296
SPADES FOUR DIAMONDS SIX,0.5748,0.0138,0.4114
HEARTS KING HEARTS TEN,0.3244,0.0076,0.668
HEARTS SIX HEARTS THREE,0.6754,0.0356,0.289
HEARTS ACE HEARTS EIGHT,0.338,0.0044,0.6576
DIAMONDS FOUR HEARTS EIGHT,0.5996,0.0142,0.3862
SPADES THREE DIAMONDS SEVEN,0.7032,0.0376,0.2592
CLUBS NINE CLUBS QUEEN,0.2146,0.1652,0.6202
SPADES SEVEN HEARTS NINE,0.5528,0.0106,0.4366
HEARTS THREE DIAMONDS QUEEN,0.0084,0.9854,0.0062
DIAMONDS KING DIAMONDS SEVEN,0.3492,0.009,0.6418
CLUBS SEVEN HEARTS THREE,0.7138,0.0444,0.2418
HEARTS FIVE HEARTS JACK,0.5708,0.0128,0.4164
CLUBS EIGHT DIAMONDS JACK,0.5448,0.0106,0.4446
SPADES ACE CLUBS FIVE,0.3366,0.0044,0.659
SPADES KING CLUBS SEVEN,0.3612,0.008,0.6308
CLUBS EIGHT CLUBS FOUR,0.538,0.0104,0.4516
CLUBS TWO DIAMONDS TEN,0.6162,0.0122,0.3716
CLUBS JACK CLUBS QUEEN,0.2208,0.0948,0.6844
SPADES ACE CLUBS QUEEN,0.2324,0.0134,0.7542
HEARTS SIX DIAMONDS KING,0.3648,0.0056,0.6296
CLUBS FOUR HEARTS KING,0.3544,0.0122,0.6334
SPADES THREE HEARTS KING,0.2308,0.0324,0.7368
SPADES SIX HEARTS EIGHT,0.5534,0.0114,0.4352
CLUBS SIX DIAMONDS ACE,0.357,0.0064,0.6366
HEARTS FOUR SPADES NINE,0.6014,0.0142,0.3844
CLUBS JACK SPADES THREE,0.7352,0.0362,0.2286
HEARTS SEVEN HEARTS THREE,0.675,0.0416,0.2834
CLUBS SEVEN DIAMONDS QUEEN,0.2158,0.3154,0.4688
CLUBS NINE SPADES THREE,0.7044,0.0478,0.2478
SPADES QUEEN SPADES FOUR,0.206,0.4822,0.3118
CLUBS SIX HEARTS ACE,0.3614,0.0038,0.6348
CLUBS FOUR HEARTS EIGHT,0.5844,0.0142,0.4014
DIAMONDS FOUR SPADES TEN,0.5962,0.0142,0.3896
SPADES FOUR SPADES THREE,0.6388,0.0432,0.318
SPADES JACK HEARTS ACE,0.3438,0.005,0.6512
HEARTS THREE DIAMONDS JACK,0.7224,0.0488,0.2288
HEARTS SIX CLUBS FIVE,0.5596,0.0114,0.429
CLUBS FIVE DIAMONDS ACE,0.3384,0.0048,0.6568
HEARTS TWO HEARTS JACK,0.5912,0.009,0.3998
HEARTS SEVEN SPADES TWO,0.6384,0.0152,0.3464
SPADES FOUR SPADES TWO,0.5776,0.0162,0.4062
SPADES NINE DIAMONDS ACE,0.3594,0.0048,0.6358
SPADES EIGHT DIAMONDS FIVE,0.572,0.0128,0.4152
SPADES KING DIAMONDS QUEEN,0.214,0.0264,0.7596
HEARTS ACE HEARTS NINE,0.3512,0.0054,0.6434
HEARTS SIX DIAMONDS JACK,0.5924,0.0122,0.3954
SPADES TEN CLUBS SEVEN,0.564,0.0104,0.4256
SPADES EIGHT SPADES FIVE,0.5322,0.0126,0.4552
SPADES NINE HEARTS KING,0.3376,0.0058,0.6566
HEARTS FIVE DIAMONDS SIX,0.5534,0.0124,0.4342
SPADES EIGHT HEARTS KING,0.3606,0.0054,0.634
CLUBS JACK CLUBS FOUR,0.5596,0.012,0.4284
CLUBS NINE HEARTS FIVE,0.5938,0.0148,0.3914
HEARTS SEVEN CLUBS ACE,0.36,0.0024,0.6376
HEARTS FOUR DIAMONDS EIGHT,0.5674,0.0118,0.4208
HEARTS TEN HEARTS NINE,0.5224,0.0122,0.4654
SPADES KING SPADES SIX,0.3322,0.0072,0.6606
DIAMONDS ACE DIAMONDS NINE,0.348,0.0048,0.6472
CLUBS NINE SPADES SIX,0.5816,0.0108,0.4076
DIAMONDS ACE DIAMONDS EIGHT,0.3198,0.0066,0.6736
HEARTS TWO CLUBS ACE,0.3712,0.0042,0.6246
DIAMONDS TEN SPADES TWO,0.6298,0.0116,0.3586
CLUBS THREE DIAMONDS FIVE,0.666,0.0414,0.2926
SPADES SEVEN HEARTS ACE,0.3518,0.0052,0.643
CLUBS FIVE DIAMONDS FIVE,0.315,0.0328,0.6522
HEARTS THREE CLUBS FOUR,0.6812,0.0424,0.2764
CLUBS THREE HEARTS NINE,0.7108,0.0466,0.2426
SPADES TEN SPADES TWO,0.594,0.0132,0.3928
SPADES QUEEN DIAMONDS SIX,0.2216,0.3876,0.3908
SPADES TEN DIAMONDS FIVE,0.582,0.0142,0.4038
CLUBS SEVEN HEARTS TEN,0.583,0.0098,0.4072
HEARTS TWO HEARTS NINE,0.5938,0.0128,0.3934
CLUBS EIGHT CLUBS ACE,0.3472,0.0048,0.648
SPADES KING CLUBS TWO,0.406,0.0094,0.5846
SPADES EIGHT CLUBS FOUR,0.5818,0.0122,0.406
SPADES FIVE HEARTS TEN,0.5976,0.0146,0.3878
SPADES KING DIAMONDS ACE,0.3202,0.0056,0.6742
HEARTS TWO HEARTS ACE,0.3588,0.0056,0.6356
HEARTS NINE CLUBS QUEEN,0.2338,0.1614,0.6048
DIAMONDS TEN HEARTS EIGHT,0.5542,0.0108,0.435
DIAMONDS QUEEN DIAMONDS EIGHT,0.2222,0.207,0.5708
SPADES SEVEN DIAMONDS SIX,0.555,0.013,0.432
CLUBS SIX DIAMONDS KING,0.3688,0.0076,0.6236
DIAMONDS TWO DIAMONDS EIGHT,0.5862,0.014,0.3998
CLUBS EIGHT HEARTS TWO,0.6316,0.0118,0.3566
SPADES QUEEN DIAMONDS TEN,0.2322,0.1256,0.6422
HEARTS THREE HEARTS TWO,0.6626,0.049,0.2884
SPADES QUEEN HEARTS NINE,0.2348,0.165,0.6002
CLUBS KING DIAMONDS FIVE,0.3552,0.0066,0.6382
HEARTS ACE DIAMONDS EIGHT,0.3556,0.0048,0.6396
HEARTS FIVE DIAMONDS NINE,0.5802,0.0114,0.4084
SPADES TEN HEARTS TEN,0.291,0.0148,0.6942
DIAMONDS EIGHT DIAMONDS SIX,0.5318,0.0112,0.457
CLUBS JACK HEARTS THREE,0.7206,0.0476,0.2318
CLUBS FOUR SPADES FIVE,0.5634,0.0106,0.426
DIAMONDS FOUR CLUBS THREE,0.6814,0.042,0.2766
DIAMONDS FOUR CLUBS NINE,0.5972,0.0112,0.3916
CLUBS NINE DIAMONDS JACK,0.5482,0.0092,0.4426
DIAMONDS QUEEN CLUBS QUEEN,0.0754,0.0246,0.9
SPADES FOUR DIAMONDS FIVE,0.5544,0.0174,0.4282
DIAMONDS ACE HEARTS ACE,0.107,0.0072,0.8858
SPADES QUEEN SPADES SIX,0.2152,0.3564,0.4284
CLUBS JACK HEARTS TEN,0.5376,0.0112,0.4512
CLUBS SIX SPADES THREE,0.6926,0.0396,0.2678
HEARTS ACE SPADES THREE,0.2284,0.0224,0.7492
CLUBS FOUR CLUBS TWO,0.572,0.0152,0.4128
CLUBS FOUR SPADES SIX,0.567,0.013,0.42
CLUBS JACK SPADES FIVE,0.6018,0.0108,0.3874
DIAMONDS NINE CLUBS KING,0.3562,0.0088,0.635
CLUBS EIGHT SPADES TWO,0.626,0.0146,0.3594
CLUBS JACK HEARTS TWO,0.6422,0.011,0.3468
HEARTS FIVE CLUBS QUEEN,0.2276,0.447,0.3254
HEARTS FIVE HEARTS TEN,0.567,0.0152,0.4178
DIAMONDS TWO HEARTS FIVE,0.6218,0.0112,0.367
HEARTS KING HEARTS EIGHT,0.3388,0.0096,0.6516
DIAMONDS TWO SPADES FOUR,0.6176,0.0168,0.3656
HEARTS THREE SPADES SEVEN,0.7158,0.0436,0.2406
HEARTS SEVEN DIAMONDS SEVEN,0.3076,0.0318,0.6606
DIAMONDS TEN HEARTS JACK,0.5332,0.0078,0.459
SPADES KING SPADES THREE,0.2268,0.0304,0.7428
SPADES KING CLUBS KING,0.1336,0.0042,0.8622
DIAMONDS KING SPADES TWO,0.384,0.0084,0.6076
SPADES EIGHT DIAMONDS KING,0.3558,0.0084,0.6358
HEARTS THREE CLUBS KING,0.2394,0.0338,0.7268
DIAMONDS KING HEARTS EIGHT,0.3576,0.0098,0.6326
CLUBS TWO CLUBS KING,0.3718,0.0094,0.6188
SPADES SEVEN DIAMONDS SEVEN,0.3116,0.0268,0.6616
CLUBS TEN DIAMONDS TWO,0.6316,0.0134,0.355
DIAMONDS TWO CLUBS FIVE,0.6232,0.0116,0.3652
DIAMONDS JACK DIAMONDS EIGHT,0.534,0.0106,0.4554
HEARTS SEVEN HEARTS TEN,0.5488,0.0112,0.44
DIAMONDS TWO SPADES SEVEN,0.636,0.0126,0.3514
SPADES TEN DIAMONDS NINE,0.5432,0.0092,0.4476
SPADES KING HEARTS THREE,0.2442,0.035,0.7208
DIAMONDS KING SPADES FOUR,0.3614,0.0092,0.6294
CLUBS SIX CLUBS ACE,0.3426,0.0044,0.653
SPADES KING HEARTS FIVE,0.358,0.0058,0.6362
CLUBS SEVEN CLUBS ACE,0.3406,0.005,0.6544
DIAMONDS FOUR CLUBS TEN,0.6074,0.008,0.3846
CLUBS NINE CLUBS SIX,0.5248,0.014,0.4612
DIAMONDS KING SPADES FIVE,0.3488,0.0086,0.6426
CLUBS EIGHT HEARTS JACK,0.5604,0.0114,0.4282
DIAMONDS TWO DIAMONDS SIX,0.5972,0.0112,0.3916
SPADES KING CLUBS QUEEN,0.2326,0.0288,0.7386
CLUBS JACK HEARTS SEVEN,0.5822,0.0138,0.404
CLUBS TWO SPADES FOUR,0.6158,0.0148,0.3694
CLUBS SEVEN DIAMONDS NINE,0.5548,0.0096,0.4356
SPADES EIGHT SPADES TWO,0.584,0.0106,0.4054
CLUBS ACE HEARTS EIGHT,0.3432,0.0058,0.651
SPADES KING SPADES JACK,0.3162,0.0074,0.6764
DIAMONDS NINE DIAMONDS EIGHT,0.509,0.0092,0.4818
SPADES KING SPADES QUEEN,0.2088,0.0244,0.7668
SPADES EIGHT CLUBS KING,0.3496,0.0074,0.643
SPADES FOUR HEARTS KING,0.3608,0.0098,0.6294
CLUBS JACK DIAMONDS SIX,0.5936,0.0134,0.393
HEARTS SEVEN DIAMONDS QUEEN,0.2138,0.3118,0.4744
SPADES KING DIAMONDS SEVEN,0.3588,0.0074,0.6338
DIAMONDS FOUR CLUBS FIVE,0.5578,0.0176,0.4246
DIAMONDS FOUR SPADES TWO,0.6146,0.0128,0.3726
HEARTS SIX DIAMONDS TWO,0.6246,0.0172,0.3582
HEARTS FIVE SPADES THREE,0.6814,0.0424,0.2762
SPADES SEVEN CLUBS THREE,0.7124,0.0364,0.2512
SPADES ACE DIAMONDS EIGHT,0.3498,0.0044,0.6458
SPADES TEN SPADES SEVEN,0.54,0.0084,0.4516
SPADES QUEEN CLUBS FIVE,0.215,0.4564,0.3286
HEARTS KING SPADES TWO,0.379,0.0108,0.6102
CLUBS FIVE CLUBS FOUR,0.5356,0.011,0.4534
HEARTS TEN DIAMONDS SIX,0.5798,0.0124,0.4078
HEARTS FOUR HEARTS EIGHT,0.5524,0.0122,0.4354
SPADES ACE CLUBS TWO,0.379,0.0064,0.6146
SPADES QUEEN CLUBS THREE,0.0246,0.957,0.0184
HEARTS FIVE DIAMONDS JACK,0.5994,0.014,0.3866
CLUBS TEN SPADES SEVEN,0.5586,0.0128,0.4286
CLUBS EIGHT SPADES THREE,0.7066,0.039,0.2544
SPADES THREE DIAMONDS FIVE,0.6768,0.0452,0.278
HEARTS JACK HEARTS NINE,0.5176,0.0134,0.469
HEARTS TWO HEARTS TEN,0.6012,0.0126,0.3862
SPADES EIGHT DIAMONDS QUEEN,0.2296,0.2234,0.547
SPADES JACK SPADES TWO,0.6002,0.01,0.3898
HEARTS SIX CLUBS QUEEN,0.2282,0.388,0.3838
HEARTS FIVE SPADES SEVEN,0.579,0.016,0.405
CLUBS ACE CLUBS QUEEN,0.2054,0.0162,0.7784
CLUBS FOUR DIAMONDS SIX,0.574,0.0148,0.4112
DIAMONDS TWO HEARTS FOUR,0.5968,0.0176,0.3856
SPADES SIX DIAMONDS SIX,0.315,0.028,0.657
HEARTS SIX DIAMONDS FIVE,0.5518,0.0108,0.4374
DIAMONDS SEVEN HEARTS EIGHT,0.5374,0.013,0.4496
HEARTS EIGHT DIAMONDS FIVE,0.5712,0.0132,0.4156
SPADES NINE DIAMONDS TEN,0.5392,0.0098,0.451
DIAMONDS TWO SPADES QUEEN,0.2732,0.5136,0.2132
CLUBS JACK CLUBS FIVE,0.563,0.0132,0.4238
DIAMONDS FOUR SPADES EIGHT,0.5798,0.0154,0.4048
CLUBS TWO DIAMONDS JACK,0.6334,0.0116,0.355
SPADES NINE SPADES SEVEN,0.5178,0.0114,0.4708
HEARTS SEVEN CLUBS SIX,0.5676,0.0112,0.4212
DIAMONDS JACK SPADES FOUR,0.5746,0.013,0.4124
SPADES SIX HEARTS TEN,0.5872,0.0106,0.4022
SPADES ACE CLUBS TEN,0.3534,0.004,0.6426
HEARTS SEVEN HEARTS EIGHT,0.5296,0.013,0.4574
HEARTS SIX HEARTS ACE,0.3452,0.0062,0.6486
SPADES EIGHT HEARTS NINE,0.5548,0.01,0.4352
CLUBS NINE DIAMONDS NINE,0.2938,0.0202,0.686
CLUBS SEVEN DIAMONDS SIX,0.5522,0.0128,0.435
HEARTS SEVEN CLUBS FIVE,0.5648,0.0132,0.422
CLUBS EIGHT SPADES FIVE,0.5854,0.0124,0.4022
CLUBS NINE SPADES TEN,0.5498,0.0092,0.441
DIAMONDS QUEEN DIAMONDS NINE,0.2112,0.1634,0.6254
SPADES JACK CLUBS QUEEN,0.244,0.0896,0.6664
HEARTS FOUR CLUBS ACE,0.3546,0.0036,0.6418
HEARTS JACK CLUBS QUEEN,0.2334,0.0962,0.6704
DIAMONDS ACE CLUBS QUEEN,0.2294,0.0176,0.753
SPADES SEVEN SPADES FIVE,0.5208,0.0136,0.4656
HEARTS FOUR DIAMONDS ACE,0.3414,0.0038,0.6548
SPADES SIX CLUBS TWO,0.6358,0.012,0.3522
CLUBS JACK DIAMONDS QUEEN,0.226,0.091,0.683
DIAMONDS TWO CLUBS SIX,0.6358,0.015,0.3492
SPADES KING CLUBS TEN,0.3428,0.0092,0.648
DIAMONDS NINE DIAMONDS SEVEN,0.5232,0.0136,0.4632
CLUBS EIGHT CLUBS SEVEN,0.5006,0.0108,0.4886
SPADES ACE CLUBS FOUR,0.3486,0.0046,0.6468
DIAMONDS KING CLUBS ACE,0.304,0.0036,0.6924
SPADES FIVE HEARTS EIGHT,0.5728,0.0132,0.414
CLUBS NINE HEARTS FOUR,0.6048,0.0152,0.38
SPADES EIGHT DIAMONDS TEN,0.5314,0.0112,0.4574
SPADES ACE HEARTS SEVEN,0.3684,0.0044,0.6272
HEARTS SEVEN HEARTS KING,0.3398,0.0072,0.653
CLUBS TEN HEARTS FIVE,0.6036,0.0106,0.3858
DIAMONDS QUEEN SPADES FIVE,0.2092,0.4646,0.3262
HEARTS THREE HEARTS NINE,0.6902,0.0436,0.2662
DIAMONDS JACK HEARTS NINE,0.5472,0.0114,0.4414
CLUBS SIX DIAMONDS SEVEN,0.5524,0.011,0.4366
DIAMONDS SIX DIAMONDS FIVE,0.5424,0.013,0.4446
CLUBS FIVE CLUBS KING,0.3388,0.006,0.6552
CLUBS TWO DIAMONDS SIX,0.6198,0.0144,0.3658
CLUBS SEVEN CLUBS KING,0.3398,0.0086,0.6516
CLUBS TEN HEARTS FOUR,0.604,0.0142,0.3818
CLUBS NINE HEARTS TEN,0.5432,0.0098,0.447
SPADES EIGHT CLUBS QUEEN,0.2272,0.2242,0.5486
CLUBS JACK DIAMONDS ACE,0.3382,0.0032,0.6586
SPADES FOUR CLUBS KING,0.3566,0.0074,0.636
DIAMONDS TWO SPADES TWO,0.414,0.0426,0.5434
SPADES FIVE HEARTS KING,0.3532,0.0072,0.6396
CLUBS JACK SPADES TEN,0.5354,0.0084,0.4562
CLUBS FIVE DIAMONDS JACK,0.6008,0.0104,0.3888
SPADES SEVEN DIAMONDS QUEEN,0.2258,0.3054,0.4688
SPADES SEVEN CLUBS FOUR,0.5934,0.015,0.3916
CLUBS FOUR DIAMONDS EIGHT,0.584,0.0122,0.4038
CLUBS FIVE CLUBS QUEEN,0.2022,0.4196,0.3782
DIAMONDS QUEEN DIAMONDS TEN,0.2138,0.1102,0.676
SPADES THREE HEARTS NINE,0.719,0.0426,0.2384
SPADES SEVEN CLUBS ACE,0.3604,0.0024,0.6372
SPADES THREE DIAMONDS SIX,0.6948,0.0344,0.2708
SPADES KING HEARTS KING,0.1344,0.0056,0.86
DIAMONDS TWO SPADES NINE,0.6248,0.0124,0.3628
HEARTS SIX CLUBS THREE,0.697,0.0388,0.2642
HEARTS FIVE HEARTS EIGHT,0.5492,0.0126,0.4382
HEARTS SEVEN CLUBS KING,0.3644,0.0078,0.6278
CLUBS SIX CLUBS FOUR,0.538,0.0108,0.4512
SPADES TEN DIAMONDS SIX,0.5848,0.0112,0.404
SPADES JACK DIAMONDS TEN,0.5402,0.008,0.4518
SPADES KING CLUBS SIX,0.3564,0.0084,0.6352
HEARTS ACE CLUBS ACE,0.1118,0.004,0.8842
HEARTS TWO SPADES SIX,0.6222,0.013,0.3648
CLUBS TEN SPADES FOUR,0.5926,0.0124,0.395
SPADES ACE HEARTS KING,0.3242,0.005,0.6708
SPADES JACK HEARTS KING,0.3476,0.008,0.6444
DIAMONDS ACE HEARTS TEN,0.3458,0.0072,0.647
CLUBS FIVE SPADES THREE,0.6782,0.041,0.2808
SPADES KING SPADES NINE,0.3302,0.0072,0.6626
HEARTS TWO SPADES TWO,0.4214,0.0358,0.5428
DIAMONDS ACE CLUBS ACE,0.1102,0.0044,0.8854
DIAMONDS KING SPADES SIX,0.3482,0.007,0.6448
CLUBS JACK DIAMONDS KING,0.3454,0.0078,0.6468
DIAMONDS FOUR SPADES SIX,0.5784,0.0132,0.4084
HEARTS THREE CLUBS TWO,0.7006,0.043,0.2564
SPADES KING DIAMONDS SIX,0.3644,0.0056,0.63
CLUBS JACK DIAMONDS TWO,0.6292,0.0112,0.3596
DIAMONDS FOUR CLUBS SEVEN,0.5686,0.017,0.4144
SPADES SEVEN HEARTS KING,0.3514,0.0086,0.64
SPADES KING HEARTS TWO,0.396,0.0082,0.5958
HEARTS FIVE HEARTS KING,0.332,0.0098,0.6582
SPADES ACE CLUBS SIX,0.3526,0.0042,0.6432
CLUBS SIX HEARTS KING,0.3686,0.007,0.6244
CLUBS SIX DIAMONDS SIX,0.328,0.0278,0.6442
SPADES ACE DIAMONDS NINE,0.3626,0.0044,0.633
SPADES QUEEN SPADES EIGHT,0.2146,0.2118,0.5736
DIAMONDS FOUR CLUBS ACE,0.3472,0.0044,0.6484
DIAMONDS QUEEN DIAMONDS SIX,0.2164,0.3682,0.4154
SPADES KING DIAMONDS TWO,0.3834,0.0096,0.607
SPADES SEVEN SPADES TWO,0.5824,0.012,0.4056
HEARTS THREE CLUBS ACE,0.2334,0.021,0.7456
SPADES FIVE DIAMONDS TEN,0.5972,0.0132,0.3896
CLUBS SIX CLUBS FIVE,0.5168,0.0142,0.469
CLUBS NINE CLUBS TWO,0.5778,0.013,0.4092
HEARTS JACK CLUBS ACE,0.353,0.004,0.643
HEARTS ACE HEARTS TEN,0.3354,0.0044,0.6602
SPADES TWO HEARTS JACK,0.6238,0.0148,0.3614
CLUBS NINE HEARTS NINE,0.3058,0.0136,0.6806
HEARTS THREE SPADES FOUR,0.6894,0.0462,0.2644
HEARTS FOUR SPADES FIVE,0.5604,0.0156,0.424
SPADES EIGHT SPADES SIX,0.5086,0.0128,0.4786
CLUBS EIGHT HEARTS ACE,0.3546,0.004,0.6414
DIAMONDS JACK DIAMONDS TEN,0.5148,0.0112,0.474
DIAMONDS TEN DIAMONDS NINE,0.5094,0.0108,0.4798
SPADES EIGHT HEARTS EIGHT,0.3178,0.0184,0.6638
CLUBS JACK CLUBS TEN,0.5018,0.009,0.4892
