opposingHand,winningChance,drawChance,lostChance
DIAMONDS TWO SPADES JACK
HEARTS FIVE SPADES TEN,0.593,0.0192,0.3878
SPADES FIVE CLUBS JACK,0.2182,0.47,0.3118
CLUBS TEN SPADES FIVE,0.5918,0.0212,0.387
CLUBS EIGHT CLUBS JACK,0.2152,0.213,0.5718
CLUBS TEN CLUBS EIGHT,0.5082,0.0172,0.4746
CLUBS EIGHT CLUBS KING,0.338,0.0076,0.6544
SPADES FIVE CLUBS ACE,0.355,0.0058,0.6392
CLUBS EIGHT CLUBS QUEEN,0.3228,0.0108,0.6664
SPADES FIVE CLUBS KING,0.3522,0.0096,0.6382
SPADES FIVE CLUBS QUEEN,0.3536,0.0102,0.6362
CLUBS EIGHT CLUBS ACE,0.325,0.0048,0.6702
HEARTS FIVE SPADES KING,0.3548,0.008,0.6372
HEARTS FIVE SPADES QUEEN,0.3514,0.0126,0.636
SPADES ACE HEARTS FIVE,0.3392,0.0078,0.653
DIAMONDS THREE DIAMONDS FOUR,0.5258,0.0208,0.4534
SPADES FOUR CLUBS TWO,0.6914,0.0524,0.2562
DIAMONDS THREE DIAMONDS FIVE,0.5408,0.0188,0.4404
SPADES FIVE CLUBS TWO,0.6896,0.052,0.2584
CLUBS TWO SPADES TWO,0.3034,0.0326,0.664
CLUBS TWO SPADES THREE,0.6856,0.0594,0.255
DIAMONDS THREE DIAMONDS EIGHT,0.5618,0.017,0.4212
SPADES EIGHT CLUBS TWO,0.715,0.0546,0.2304
DIAMONDS THREE DIAMONDS NINE,0.57,0.02,0.41
SPADES NINE CLUBS TWO,0.708,0.0548,0.2372
DIAMONDS THREE DIAMONDS SIX,0.5462,0.0204,0.4334
SPADES SIX CLUBS TWO,0.7042,0.0512,0.2446
DIAMONDS THREE DIAMONDS SEVEN,0.5366,0.0198,0.4436
SPADES SEVEN CLUBS TWO,0.7058,0.051,0.2432
CLUBS SIX CLUBS TWO,0.6552,0.0548,0.29
CLUBS SEVEN CLUBS TWO,0.6626,0.043,0.2944
CLUBS FOUR CLUBS TWO,0.66,0.0434,0.2966
CLUBS FIVE CLUBS TWO,0.6344,0.0516,0.314
CLUBS TEN CLUBS JACK,0.2042,0.1124,0.6834
DIAMONDS FOUR DIAMONDS SIX,0.5264,0.0218,0.4518
CLUBS TEN CLUBS QUEEN,0.3056,0.0098,0.6846
DIAMONDS FOUR DIAMONDS SEVEN,0.5368,0.0208,0.4424
CLUBS TEN CLUBS KING,0.3164,0.0072,0.6764
CLUBS TEN CLUBS ACE,0.3174,0.0052,0.6774
CLUBS EIGHT CLUBS TWO,0.6564,0.051,0.2926
DIAMONDS FOUR DIAMONDS FIVE,0.5178,0.0202,0.462
CLUBS NINE CLUBS TWO,0.6744,0.046,0.2796
DIAMONDS FOUR DIAMONDS NINE,0.5592,0.0184,0.4224
DIAMONDS FOUR DIAMONDS EIGHT,0.5542,0.0188,0.427
CLUBS THREE CLUBS TWO,0.6308,0.059,0.3102
DIAMONDS NINE DIAMONDS FIVE,0.5522,0.02,0.4278
DIAMONDS FIVE DIAMONDS EIGHT,0.5332,0.0184,0.4484
DIAMONDS FIVE DIAMONDS SEVEN,0.522,0.0206,0.4574
DIAMONDS SIX DIAMONDS FIVE,0.5186,0.022,0.4594
DIAMONDS SIX DIAMONDS EIGHT,0.5154,0.0184,0.4662
DIAMONDS NINE DIAMONDS SIX,0.5262,0.019,0.4548
HEARTS ACE SPADES THREE,0.3486,0.0056,0.6458
SPADES THREE HEARTS KING,0.3626,0.0106,0.6268
DIAMONDS SIX DIAMONDS SEVEN,0.5126,0.0188,0.4686
SPADES THREE HEARTS QUEEN,0.3694,0.0152,0.6154
SPADES THREE HEARTS JACK,0.2222,0.5326,0.2452
SPADES THREE HEARTS TEN,0.5974,0.0206,0.382
DIAMONDS EIGHT DIAMONDS SEVEN,0.4984,0.0194,0.4822
DIAMONDS NINE DIAMONDS SEVEN,0.5268,0.0172,0.456
DIAMONDS NINE DIAMONDS EIGHT,0.5248,0.0156,0.4596
DIAMONDS KING HEARTS TEN,0.3362,0.007,0.6568
HEARTS THREE HEARTS TEN,0.5544,0.0186,0.427
DIAMONDS KING HEARTS JACK,0.2094,0.0308,0.7598
HEARTS THREE HEARTS JACK,0.208,0.4932,0.2988
SPADES TEN CLUBS SIX,0.5824,0.0144,0.4032
SPADES TEN SPADES FIVE,0.547,0.0208,0.4322
DIAMONDS KING HEARTS ACE,0.313,0.0042,0.6828
HEARTS THREE HEARTS ACE,0.3266,0.0046,0.6688
SPADES ACE CLUBS SIX,0.3702,0.0058,0.624
DIAMONDS KING HEARTS QUEEN,0.3078,0.0074,0.6848
HEARTS THREE HEARTS QUEEN,0.3346,0.0134,0.652
SPADES KING CLUBS SIX,0.3586,0.0098,0.6316
DIAMONDS KING HEARTS KING,0.1232,0.0094,0.8674
HEARTS THREE HEARTS KING,0.3404,0.0068,0.6528
SPADES QUEEN CLUBS SIX,0.3562,0.013,0.6308
SPADES NINE HEARTS TEN,0.5428,0.0154,0.4418
SPADES NINE HEARTS JACK,0.2222,0.1682,0.6096
SPADES QUEEN SPADES FIVE,0.3338,0.011,0.6552
SPADES KING SPADES FIVE,0.3366,0.0082,0.6552
SPADES ACE SPADES FIVE,0.3232,0.0056,0.6712
SPADES NINE HEARTS QUEEN,0.3504,0.0112,0.6384
SPADES NINE HEARTS KING,0.3542,0.0076,0.6382
SPADES NINE HEARTS ACE,0.3514,0.0058,0.6428
CLUBS TEN SPADES TEN,0.272,0.0226,0.7054
SPADES ACE CLUBS TEN,0.3394,0.0034,0.6572
SPADES KING CLUBS TEN,0.3298,0.0068,0.6634
CLUBS TEN SPADES QUEEN,0.319,0.011,0.67
SPADES FIVE HEARTS QUEEN,0.355,0.0116,0.6334
SPADES FIVE HEARTS KING,0.359,0.01,0.631
SPADES FIVE HEARTS ACE,0.3472,0.0044,0.6484
SPADES TEN CLUBS EIGHT,0.5612,0.015,0.4238
SPADES TEN HEARTS THREE,0.6014,0.0184,0.3802
SPADES TEN DIAMONDS KING,0.3254,0.0086,0.666
CLUBS SIX HEARTS ACE,0.3654,0.0036,0.631
SPADES ACE CLUBS EIGHT,0.3492,0.0048,0.646
HEARTS FIVE CLUBS JACK,0.213,0.467,0.32
HEARTS FIVE CLUBS TEN,0.5806,0.0166,0.4028
CLUBS SIX HEARTS QUEEN,0.3566,0.0128,0.6306
SPADES QUEEN CLUBS EIGHT,0.3304,0.0116,0.658
CLUBS TEN SPADES THREE,0.5796,0.019,0.4014
CLUBS SIX HEARTS KING,0.3538,0.0076,0.6386
SPADES KING CLUBS EIGHT,0.3546,0.008,0.6374
SPADES THREE CLUBS JACK,0.23,0.5026,0.2674
SPADES THREE CLUBS QUEEN,0.3658,0.0138,0.6204
SPADES THREE CLUBS KING,0.3576,0.008,0.6344
HEARTS FIVE CLUBS ACE,0.3538,0.004,0.6422
SPADES FIVE HEARTS TEN,0.604,0.018,0.378
SPADES THREE CLUBS ACE,0.3514,0.0046,0.644
HEARTS FIVE CLUBS KING,0.3614,0.0074,0.6312
SPADES FIVE HEARTS JACK,0.2242,0.4638,0.312
HEARTS FIVE CLUBS QUEEN,0.3612,0.0106,0.6282
HEARTS THREE CLUBS KING,0.354,0.007,0.639
DIAMONDS KING CLUBS KING,0.1262,0.0078,0.866
HEARTS THREE CLUBS QUEEN,0.3568,0.0098,0.6334
DIAMONDS KING CLUBS QUEEN,0.3008,0.0054,0.6938
HEARTS FIVE HEARTS JACK,0.1924,0.4328,0.3748
HEARTS FIVE HEARTS TEN,0.5404,0.0174,0.4422
HEARTS THREE CLUBS ACE,0.3456,0.0064,0.648
DIAMONDS KING CLUBS ACE,0.3126,0.0036,0.6838
SPADES ACE CLUBS QUEEN,0.3026,0.0052,0.6922
SPADES KING CLUBS QUEEN,0.31,0.0076,0.6824
HEARTS THREE CLUBS JACK,0.219,0.5204,0.2606
DIAMONDS KING CLUBS JACK,0.2182,0.0374,0.7444
SPADES QUEEN CLUBS QUEEN,0.1216,0.013,0.8654
CLUBS TEN HEARTS THREE,0.5986,0.0202,0.3812
CLUBS TEN DIAMONDS KING,0.3288,0.0086,0.6626
CLUBS SIX CLUBS QUEEN,0.3458,0.011,0.6432
SPADES TEN CLUBS QUEEN,0.3296,0.0122,0.6582
CLUBS SIX CLUBS KING,0.3408,0.008,0.6512
CLUBS SIX CLUBS ACE,0.3422,0.0056,0.6522
HEARTS FIVE HEARTS KING,0.3324,0.0084,0.6592
HEARTS FIVE HEARTS QUEEN,0.3368,0.0106,0.6526
CLUBS TEN CLUBS SIX,0.5312,0.015,0.4538
HEARTS FIVE HEARTS ACE,0.3346,0.0044,0.661
CLUBS SIX CLUBS JACK,0.2054,0.3688,0.4258
SPADES SEVEN HEARTS JACK,0.2312,0.297,0.4718
SPADES SEVEN HEARTS TEN,0.5614,0.0188,0.4198
SPADES SEVEN HEARTS ACE,0.3576,0.006,0.6364
SPADES SEVEN HEARTS KING,0.3648,0.0072,0.628
SPADES SEVEN HEARTS QUEEN,0.3586,0.012,0.6294
CLUBS FOUR SPADES FIVE,0.5516,0.0208,0.4276
CLUBS FOUR SPADES FOUR,0.3166,0.0548,0.6286
CLUBS FOUR SPADES THREE,0.5622,0.0202,0.4176
CLUBS FOUR SPADES TWO,0.6866,0.0528,0.2606
SPADES NINE CLUBS FOUR,0.5936,0.0196,0.3868
SPADES EIGHT CLUBS FOUR,0.5748,0.0196,0.4056
SPADES SEVEN CLUBS FOUR,0.5748,0.0232,0.402
SPADES SIX CLUBS FOUR,0.5688,0.0172,0.414
SPADES ACE DIAMONDS SIX,0.3452,0.0052,0.6496
SPADES QUEEN DIAMONDS SIX,0.3512,0.0114,0.6374
SPADES KING DIAMONDS SIX,0.3438,0.0072,0.649
SPADES TEN DIAMONDS SIX,0.5764,0.0192,0.4044
SPADES QUEEN SPADES TWO,0.2324,0.0358,0.7318
SPADES KING SPADES TWO,0.239,0.0308,0.7302
SPADES ACE SPADES TWO,0.225,0.0202,0.7548
DIAMONDS JACK CLUBS JACK,0.0796,0.0406,0.8798
CLUBS TEN DIAMONDS JACK,0.2148,0.1276,0.6576
DIAMONDS JACK CLUBS KING,0.2158,0.0326,0.7516
DIAMONDS JACK CLUBS QUEEN,0.217,0.041,0.742
DIAMONDS THREE DIAMONDS JACK,0.205,0.4972,0.2978
DIAMONDS THREE DIAMONDS TEN,0.5522,0.0198,0.428
DIAMONDS JACK CLUBS ACE,0.2194,0.0182,0.7624
DIAMONDS THREE DIAMONDS KING,0.3422,0.0086,0.6492
DIAMONDS THREE HEARTS THREE,0.3042,0.0628,0.633
DIAMONDS THREE DIAMONDS QUEEN,0.3346,0.0132,0.6522
DIAMONDS THREE HEARTS TWO,0.6848,0.057,0.2582
HEARTS FIVE DIAMONDS THREE,0.5586,0.0226,0.4188
DIAMONDS THREE DIAMONDS ACE,0.3448,0.0058,0.6494
HEARTS FOUR DIAMONDS THREE,0.5528,0.0212,0.426
HEARTS SEVEN DIAMONDS THREE,0.5736,0.019,0.4074
SPADES TEN SPADES NINE,0.4978,0.0174,0.4848
DIAMONDS THREE HEARTS SIX,0.5592,0.0186,0.4222
DIAMONDS THREE HEARTS NINE,0.5958,0.0184,0.3858
DIAMONDS FOUR HEARTS JACK,0.199,0.5192,0.2818
HEARTS ACE HEARTS KING,0.303,0.0058,0.6912
SPADES TEN SPADES TWO,0.6922,0.0442,0.2636
DIAMONDS THREE HEARTS EIGHT,0.5906,0.0194,0.39
DIAMONDS FOUR HEARTS TEN,0.601,0.0194,0.3796
DIAMONDS FOUR HEARTS QUEEN,0.3472,0.0136,0.6392
DIAMONDS FOUR HEARTS KING,0.3616,0.0096,0.6288
SPADES ACE SPADES NINE,0.3346,0.0034,0.662
DIAMONDS FOUR HEARTS ACE,0.347,0.005,0.648
SPADES KING SPADES NINE,0.3362,0.0048,0.659
SPADES QUEEN SPADES NINE,0.3262,0.0102,0.6636
DIAMONDS THREE SPADES NINE,0.5922,0.0222,0.3856
DIAMONDS THREE SPADES EIGHT,0.593,0.0212,0.3858
DIAMONDS THREE SPADES SEVEN,0.584,0.0216,0.3944
DIAMONDS THREE SPADES SIX,0.5696,0.0196,0.4108
DIAMONDS THREE CLUBS SIX,0.5674,0.023,0.4096
CLUBS FIVE CLUBS SIX,0.5208,0.0232,0.456
DIAMONDS FOUR CLUBS ACE,0.3368,0.007,0.6562
CLUBS SEVEN DIAMONDS THREE,0.5632,0.0208,0.416
CLUBS SEVEN CLUBS FIVE,0.512,0.0186,0.4694
DIAMONDS THREE CLUBS FOUR,0.565,0.0236,0.4114
DIAMONDS FOUR CLUBS QUEEN,0.3364,0.0142,0.6494
DIAMONDS THREE CLUBS FIVE,0.5546,0.0232,0.4222
DIAMONDS FOUR CLUBS KING,0.3556,0.0094,0.635
DIAMONDS THREE CLUBS TWO,0.6844,0.0548,0.2608
CLUBS TEN DIAMONDS FOUR,0.5766,0.0188,0.4046
DIAMONDS THREE CLUBS THREE,0.3048,0.0504,0.6448
DIAMONDS FOUR CLUBS JACK,0.212,0.5086,0.2794
DIAMONDS THREE SPADES FOUR,0.5742,0.0218,0.404
DIAMONDS THREE SPADES FIVE,0.5552,0.0222,0.4226
DIAMONDS THREE SPADES TWO,0.7016,0.0574,0.241
DIAMONDS THREE SPADES THREE,0.2998,0.057,0.6432
DIAMONDS THREE CLUBS EIGHT,0.584,0.019,0.397
CLUBS NINE DIAMONDS THREE,0.5938,0.022,0.3842
SPADES SEVEN CLUBS ACE,0.3614,0.0038,0.6348
SPADES SEVEN CLUBS QUEEN,0.36,0.0126,0.6274
SPADES SEVEN CLUBS KING,0.3702,0.0078,0.622
CLUBS FIVE SPADES SEVEN,0.5466,0.021,0.4324
CLUBS TEN SPADES SEVEN,0.5548,0.02,0.4252
CLUBS FIVE SPADES SIX,0.552,0.0184,0.4296
SPADES SEVEN CLUBS JACK,0.2264,0.2966,0.477
SPADES NINE CLUBS FIVE,0.579,0.0178,0.4032
CLUBS FIVE SPADES EIGHT,0.5746,0.0198,0.4056
CLUBS FIVE SPADES THREE,0.5684,0.0222,0.4094
CLUBS FIVE SPADES TWO,0.677,0.0526,0.2704
CLUBS FIVE SPADES FIVE,0.3182,0.0478,0.634
CLUBS FIVE SPADES FOUR,0.5504,0.0202,0.4294
CLUBS NINE CLUBS FIVE,0.5406,0.0174,0.442
CLUBS EIGHT CLUBS FIVE,0.5214,0.02,0.4586
CLUBS ACE CLUBS QUEEN,0.2868,0.0056,0.7076
CLUBS KING CLUBS QUEEN,0.2816,0.0056,0.7128
DIAMONDS FOUR DIAMONDS TEN,0.5592,0.0194,0.4214
CLUBS TEN DIAMONDS NINE,0.5368,0.0186,0.4446
DIAMONDS FOUR DIAMONDS JACK,0.2124,0.494,0.2936
DIAMONDS NINE CLUBS JACK,0.2264,0.1648,0.6088
SPADES NINE CLUBS JACK,0.2312,0.1678,0.601
CLUBS TEN SPADES NINE,0.5374,0.015,0.4476
DIAMONDS FOUR DIAMONDS ACE,0.3244,0.0056,0.67
HEARTS FOUR DIAMONDS FOUR,0.3044,0.0528,0.6428
DIAMONDS JACK HEARTS TEN,0.2176,0.1248,0.6576
SPADES NINE CLUBS KING,0.3508,0.0084,0.6408
DIAMONDS NINE CLUBS ACE,0.3524,0.004,0.6436
HEARTS FIVE DIAMONDS FOUR,0.5468,0.0222,0.431
DIAMONDS JACK HEARTS JACK,0.0744,0.0354,0.8902
SPADES NINE CLUBS QUEEN,0.3424,0.012,0.6456
DIAMONDS FOUR DIAMONDS QUEEN,0.3364,0.0136,0.65
DIAMONDS FOUR HEARTS TWO,0.6734,0.0506,0.276
DIAMONDS NINE CLUBS QUEEN,0.3248,0.0112,0.664
DIAMONDS FOUR DIAMONDS KING,0.3338,0.0074,0.6588
DIAMONDS FOUR HEARTS THREE,0.5816,0.0188,0.3996
SPADES NINE CLUBS ACE,0.357,0.004,0.639
DIAMONDS NINE CLUBS KING,0.3372,0.0088,0.654
HEARTS ACE DIAMONDS JACK,0.221,0.0246,0.7544
HEARTS QUEEN DIAMONDS JACK,0.212,0.0384,0.7496
HEARTS KING DIAMONDS JACK,0.2144,0.0308,0.7548
SPADES TEN SPADES SEVEN,0.5324,0.0146,0.453
CLUBS SEVEN CLUBS THREE,0.5352,0.0184,0.4464
CLUBS SIX CLUBS THREE,0.5322,0.0204,0.4474
CLUBS FIVE CLUBS THREE,0.518,0.022,0.46
CLUBS THREE CLUBS FOUR,0.5298,0.0196,0.4506
CLUBS NINE CLUBS THREE,0.5492,0.0168,0.434
CLUBS EIGHT CLUBS THREE,0.557,0.0194,0.4236
CLUBS THREE SPADES FIVE,0.564,0.0234,0.4126
CLUBS THREE SPADES FOUR,0.5792,0.0248,0.396
CLUBS THREE SPADES THREE,0.3222,0.0536,0.6242
CLUBS THREE SPADES TWO,0.6862,0.0568,0.257
CLUBS THREE SPADES SIX,0.5826,0.0202,0.3972
SPADES SEVEN CLUBS THREE,0.5962,0.0202,0.3836
SPADES EIGHT CLUBS THREE,0.6006,0.0214,0.378
SPADES NINE CLUBS THREE,0.5896,0.0226,0.3878
DIAMONDS FOUR SPADES TWO,0.683,0.057,0.26
DIAMONDS FOUR SPADES THREE,0.5638,0.0204,0.4158
DIAMONDS FOUR SPADES FOUR,0.3042,0.056,0.6398
DIAMONDS FOUR SPADES FIVE,0.5402,0.0208,0.439
DIAMONDS FOUR SPADES SIX,0.5698,0.0214,0.4088
DIAMONDS FOUR SPADES SEVEN,0.5678,0.0212,0.411
DIAMONDS FOUR SPADES EIGHT,0.5742,0.0162,0.4096
DIAMONDS FOUR SPADES NINE,0.5868,0.0182,0.395
DIAMONDS FOUR CLUBS FIVE,0.5476,0.0188,0.4336
DIAMONDS FOUR CLUBS FOUR,0.3246,0.0466,0.6288
CLUBS SEVEN DIAMONDS FOUR,0.5526,0.0234,0.424
DIAMONDS FOUR CLUBS SIX,0.5594,0.0206,0.42
CLUBS NINE DIAMONDS FOUR,0.5844,0.0224,0.3932
CLUBS EIGHT DIAMONDS FOUR,0.5824,0.023,0.3946
HEARTS SEVEN DIAMONDS FOUR,0.5626,0.0218,0.4156
HEARTS SIX DIAMONDS FOUR,0.563,0.0184,0.4186
DIAMONDS FOUR HEARTS NINE,0.5886,0.0204,0.391
DIAMONDS FOUR HEARTS EIGHT,0.5766,0.0236,0.3998
DIAMONDS FOUR CLUBS THREE,0.5694,0.0214,0.4092
DIAMONDS FOUR CLUBS TWO,0.6698,0.0536,0.2766
DIAMONDS TEN DIAMONDS FIVE,0.5558,0.0156,0.4286
DIAMONDS JACK DIAMONDS FIVE,0.2128,0.4344,0.3528
DIAMONDS NINE HEARTS QUEEN,0.328,0.0092,0.6628
DIAMONDS NINE HEARTS KING,0.3534,0.006,0.6406
HEARTS ACE DIAMONDS NINE,0.3586,0.0066,0.6348
DIAMONDS NINE HEARTS TEN,0.5336,0.0164,0.45
DIAMONDS NINE HEARTS JACK,0.2164,0.1782,0.6054
DIAMONDS SIX CLUBS KING,0.3646,0.0062,0.6292
DIAMONDS SIX CLUBS QUEEN,0.3526,0.0132,0.6342
CLUBS ACE DIAMONDS SIX,0.3496,0.004,0.6464
SPADES KING DIAMONDS FOUR,0.3498,0.0064,0.6438
SPADES ACE SPADES SEVEN,0.3424,0.0062,0.6514
SPADES QUEEN DIAMONDS FOUR,0.353,0.0126,0.6344
SPADES QUEEN SPADES SEVEN,0.343,0.0114,0.6456
DIAMONDS SIX CLUBS JACK,0.2194,0.386,0.3946
SPADES KING SPADES SEVEN,0.343,0.0106,0.6464
SPADES ACE DIAMONDS FOUR,0.3484,0.005,0.6466
CLUBS TEN DIAMONDS SIX,0.5692,0.0166,0.4142
CLUBS NINE CLUBS FOUR,0.5616,0.0184,0.42
CLUBS EIGHT CLUBS FOUR,0.541,0.019,0.44
SPADES TEN DIAMONDS FOUR,0.5976,0.0172,0.3852
CLUBS FIVE CLUBS FOUR,0.5128,0.0178,0.4694
CLUBS SEVEN CLUBS FOUR,0.5238,0.0172,0.459
CLUBS SIX CLUBS FOUR,0.5236,0.0212,0.4552
CLUBS SEVEN SPADES EIGHT,0.5394,0.0176,0.443
CLUBS SEVEN SPADES NINE,0.5618,0.0156,0.4226
CLUBS SEVEN SPADES SIX,0.5554,0.0186,0.426
CLUBS SEVEN SPADES SEVEN,0.2894,0.0414,0.6692
CLUBS SEVEN SPADES FIVE,0.5512,0.0212,0.4276
CLUBS SEVEN SPADES FOUR,0.5722,0.023,0.4048
CLUBS SEVEN SPADES THREE,0.5768,0.0188,0.4044
CLUBS SEVEN SPADES TWO,0.7048,0.054,0.2412
CLUBS NINE CLUBS SEVEN,0.523,0.0156,0.4614
CLUBS SEVEN CLUBS EIGHT,0.508,0.0152,0.4768
HEARTS SIX DIAMONDS FIVE,0.5562,0.023,0.4208
HEARTS SEVEN DIAMONDS FIVE,0.5518,0.0172,0.431
DIAMONDS FIVE HEARTS EIGHT,0.5572,0.0204,0.4224
DIAMONDS FIVE HEARTS NINE,0.5698,0.0186,0.4116
DIAMONDS QUEEN DIAMONDS FIVE,0.3374,0.0118,0.6508
HEARTS TWO DIAMONDS FIVE,0.6736,0.051,0.2754
HEARTS KING HEARTS EIGHT,0.3322,0.0054,0.6624
DIAMONDS KING DIAMONDS FIVE,0.3312,0.0086,0.6602
HEARTS THREE DIAMONDS FIVE,0.5648,0.0204,0.4148
HEARTS QUEEN HEARTS EIGHT,0.3298,0.0112,0.659
DIAMONDS ACE DIAMONDS FIVE,0.325,0.0046,0.6704
HEARTS FOUR DIAMONDS FIVE,0.5498,0.0234,0.4268
HEARTS FIVE DIAMONDS FIVE,0.3084,0.0436,0.648
HEARTS ACE HEARTS EIGHT,0.3214,0.0048,0.6738
CLUBS FOUR DIAMONDS FIVE,0.5334,0.0198,0.4468
CLUBS FIVE DIAMONDS FIVE,0.3004,0.0458,0.6538
CLUBS SIX DIAMONDS FIVE,0.5416,0.0208,0.4376
CLUBS SEVEN DIAMONDS FIVE,0.5474,0.0202,0.4324
CLUBS TWO DIAMONDS FIVE,0.6854,0.0516,0.263
CLUBS THREE DIAMONDS FIVE,0.5538,0.0224,0.4238
SPADES THREE DIAMONDS FIVE,0.5584,0.0206,0.421
SPADES TWO DIAMONDS FIVE,0.6748,0.0552,0.27
SPADES FIVE DIAMONDS FIVE,0.29,0.0452,0.6648
CLUBS TEN HEARTS JACK,0.231,0.122,0.647
SPADES TEN DIAMONDS EIGHT,0.5484,0.0178,0.4338
SPADES FOUR DIAMONDS FIVE,0.5416,0.0258,0.4326
HEARTS JACK CLUBS JACK,0.0824,0.0386,0.879
HEARTS JACK CLUBS QUEEN,0.2286,0.0454,0.726
CLUBS NINE DIAMONDS FIVE,0.572,0.0226,0.4054
CLUBS KING HEARTS JACK,0.2166,0.0314,0.752
CLUBS EIGHT DIAMONDS FIVE,0.566,0.0136,0.4204
CLUBS ACE HEARTS JACK,0.2258,0.0216,0.7526
SPADES SEVEN DIAMONDS FIVE,0.566,0.0192,0.4148
SPADES KING DIAMONDS EIGHT,0.3616,0.0098,0.6286
SPADES SIX DIAMONDS FIVE,0.55,0.02,0.43
SPADES QUEEN DIAMONDS EIGHT,0.3364,0.0136,0.65
SPADES NINE DIAMONDS FIVE,0.5792,0.0144,0.4064
SPADES EIGHT DIAMONDS FIVE,0.5576,0.0188,0.4236
SPADES ACE DIAMONDS EIGHT,0.3486,0.0054,0.646
DIAMONDS TEN DIAMONDS SIX,0.553,0.0172,0.4298
HEARTS ACE DIAMONDS SEVEN,0.3506,0.0056,0.6438
DIAMONDS JACK DIAMONDS SIX,0.214,0.3614,0.4246
HEARTS QUEEN DIAMONDS SEVEN,0.3516,0.0112,0.6372
HEARTS KING DIAMONDS SEVEN,0.3518,0.0094,0.6388
DIAMONDS ACE DIAMONDS SIX,0.3488,0.0042,0.647
HEARTS FOUR DIAMONDS SIX,0.5584,0.0212,0.4204
SPADES TWO HEARTS JACK,0.0168,0.9722,0.011
HEARTS FIVE DIAMONDS SIX,0.5418,0.0204,0.4378
SPADES TWO HEARTS TEN,0.706,0.0532,0.2408
DIAMONDS QUEEN DIAMONDS SIX,0.3354,0.0104,0.6542
HEARTS TWO DIAMONDS SIX,0.6934,0.0436,0.263
DIAMONDS KING DIAMONDS SIX,0.3448,0.0068,0.6484
HEARTS THREE DIAMONDS SIX,0.5684,0.0214,0.4102
DIAMONDS SIX HEARTS EIGHT,0.5546,0.0172,0.4282
DIAMONDS SIX HEARTS NINE,0.5538,0.0208,0.4254
HEARTS SIX DIAMONDS SIX,0.3018,0.0448,0.6534
HEARTS SEVEN DIAMONDS SIX,0.5448,0.0186,0.4366
HEARTS TEN DIAMONDS SEVEN,0.5616,0.0166,0.4218
CLUBS TWO DIAMONDS SIX,0.7008,0.0482,0.251
HEARTS JACK DIAMONDS SEVEN,0.2102,0.2984,0.4914
CLUBS THREE DIAMONDS SIX,0.5778,0.0196,0.4026
CLUBS SEVEN DIAMONDS SIX,0.533,0.0218,0.4452
DIAMONDS EIGHT CLUBS JACK,0.2146,0.2298,0.5556
CLUBS SIX DIAMONDS SIX,0.3146,0.0406,0.6448
CLUBS TEN DIAMONDS EIGHT,0.5332,0.0142,0.4526
CLUBS FIVE DIAMONDS SIX,0.5422,0.0222,0.4356
CLUBS FOUR DIAMONDS SIX,0.5642,0.0194,0.4164
HEARTS ACE HEARTS JACK,0.2152,0.0216,0.7632
CLUBS ACE DIAMONDS EIGHT,0.3592,0.0032,0.6376
HEARTS QUEEN HEARTS JACK,0.209,0.0462,0.7448
CLUBS KING DIAMONDS EIGHT,0.3644,0.0076,0.628
CLUBS NINE DIAMONDS SIX,0.561,0.0116,0.4274
HEARTS KING HEARTS JACK,0.215,0.0318,0.7532
CLUBS QUEEN DIAMONDS EIGHT,0.3514,0.0126,0.636
CLUBS EIGHT DIAMONDS SIX,0.55,0.0148,0.4352
SPADES TEN HEARTS KING,0.3376,0.0072,0.6552
SPADES FIVE DIAMONDS SIX,0.561,0.019,0.42
HEARTS ACE SPADES TWO,0.2434,0.0128,0.7438
SPADES FOUR DIAMONDS SIX,0.57,0.0194,0.4106
SPADES THREE DIAMONDS SIX,0.58,0.0214,0.3986
HEARTS QUEEN SPADES TWO,0.242,0.044,0.714
SPADES ACE SPADES KING,0.3006,0.0046,0.6948
SPADES TWO HEARTS KING,0.2358,0.028,0.7362
SPADES TWO DIAMONDS SIX,0.7042,0.0524,0.2434
HEARTS TEN HEARTS EIGHT,0.5184,0.0142,0.4674
SPADES NINE DIAMONDS SIX,0.565,0.0158,0.4192
HEARTS JACK HEARTS EIGHT,0.2136,0.2138,0.5726
SPADES EIGHT DIAMONDS SIX,0.548,0.0174,0.4346
SPADES SEVEN DIAMONDS SIX,0.5384,0.0186,0.443
SPADES SIX DIAMONDS SIX,0.3008,0.043,0.6562
SPADES KING HEARTS KING,0.1292,0.007,0.8638
SPADES QUEEN HEARTS KING,0.3036,0.006,0.6904
CLUBS ACE CLUBS KING,0.2982,0.0052,0.6966
SPADES ACE HEARTS KING,0.321,0.005,0.674
SPADES ACE HEARTS JACK,0.2124,0.0232,0.7644
SPADES QUEEN HEARTS JACK,0.2134,0.0404,0.7462
SPADES KING HEARTS JACK,0.2186,0.0326,0.7488
SPADES TEN DIAMONDS TEN,0.2662,0.022,0.7118
SPADES ACE DIAMONDS TEN,0.3336,0.0056,0.6608
SPADES TEN HEARTS JACK,0.219,0.1154,0.6656
SPADES QUEEN DIAMONDS TEN,0.3036,0.0114,0.685
SPADES KING DIAMONDS TEN,0.321,0.0092,0.6698
SPADES NINE DIAMONDS SEVEN,0.5534,0.017,0.4296
SPADES EIGHT DIAMONDS SEVEN,0.5456,0.0166,0.4378
SPADES SEVEN DIAMONDS SEVEN,0.2944,0.0414,0.6642
SPADES SIX DIAMONDS SEVEN,0.5358,0.0218,0.4424
DIAMONDS KING DIAMONDS SEVEN,0.3412,0.005,0.6538
HEARTS THREE DIAMONDS SEVEN,0.5838,0.0204,0.3958
HEARTS KING DIAMONDS FIVE,0.363,0.008,0.629
DIAMONDS QUEEN DIAMONDS SEVEN,0.3292,0.0118,0.659
HEARTS TWO DIAMONDS SEVEN,0.7126,0.0458,0.2416
HEARTS QUEEN DIAMONDS FIVE,0.3628,0.0106,0.6266
HEARTS FIVE DIAMONDS SEVEN,0.548,0.021,0.431
DIAMONDS ACE DIAMONDS SEVEN,0.3362,0.0056,0.6582
HEARTS FOUR DIAMONDS SEVEN,0.5676,0.0176,0.4148
HEARTS ACE DIAMONDS FIVE,0.3492,0.0036,0.6472
HEARTS SEVEN DIAMONDS SEVEN,0.2902,0.038,0.6718
HEARTS SIX DIAMONDS SEVEN,0.5438,0.0176,0.4386
HEARTS NINE DIAMONDS SEVEN,0.5442,0.0152,0.4406
HEARTS EIGHT DIAMONDS SEVEN,0.539,0.0166,0.4444
DIAMONDS JACK DIAMONDS SEVEN,0.1998,0.2854,0.5148
HEARTS JACK DIAMONDS FIVE,0.2114,0.4632,0.3254
DIAMONDS TEN DIAMONDS SEVEN,0.5416,0.015,0.4434
HEARTS TEN DIAMONDS FIVE,0.5732,0.0202,0.4066
SPADES KING CLUBS TWO,0.236,0.0322,0.7318
HEARTS KING CLUBS KING,0.1318,0.0084,0.8598
CLUBS EIGHT DIAMONDS SEVEN,0.5346,0.0156,0.4498
SPADES QUEEN CLUBS TWO,0.2228,0.0362,0.741
HEARTS KING CLUBS QUEEN,0.308,0.008,0.684
CLUBS NINE DIAMONDS SEVEN,0.5642,0.0192,0.4166
SPADES TWO CLUBS JACK,0.0142,0.9746,0.0112
SPADES ACE CLUBS TWO,0.2338,0.0224,0.7438
CLUBS TEN SPADES TWO,0.7004,0.0582,0.2414
HEARTS KING CLUBS ACE,0.3152,0.0052,0.6796
CLUBS SEVEN CLUBS SIX,0.5032,0.019,0.4778
SPADES TWO CLUBS KING,0.234,0.031,0.735
SPADES TWO DIAMONDS SEVEN,0.7182,0.0566,0.2252
CLUBS EIGHT CLUBS SIX,0.5198,0.0182,0.462
SPADES THREE DIAMONDS SEVEN,0.5724,0.021,0.4066
SPADES TWO CLUBS QUEEN,0.2466,0.0396,0.7138
CLUBS NINE CLUBS SIX,0.5252,0.0204,0.4544
SPADES FOUR DIAMONDS SEVEN,0.5656,0.0216,0.4128
HEARTS KING CLUBS JACK,0.2284,0.0374,0.7342
SPADES FIVE DIAMONDS SEVEN,0.5496,0.02,0.4304
SPADES TWO CLUBS ACE,0.2352,0.0184,0.7464
CLUBS TEN HEARTS KING,0.3358,0.0078,0.6564
CLUBS SIX SPADES TWO,0.7088,0.0458,0.2454
CLUBS SIX SPADES THREE,0.5712,0.0224,0.4064
CLUBS TWO DIAMONDS SEVEN,0.7058,0.0558,0.2384
CLUBS SIX SPADES FOUR,0.5662,0.0184,0.4154
CLUBS THREE DIAMONDS SEVEN,0.565,0.0244,0.4106
CLUBS SIX SPADES FIVE,0.56,0.0184,0.4216
CLUBS FOUR DIAMONDS SEVEN,0.558,0.018,0.424
CLUBS SIX SPADES SIX,0.313,0.0436,0.6434
CLUBS FIVE DIAMONDS SEVEN,0.5418,0.0166,0.4416
CLUBS SIX SPADES SEVEN,0.549,0.0198,0.4312
CLUBS SIX DIAMONDS SEVEN,0.5414,0.0202,0.4384
SPADES EIGHT CLUBS SIX,0.5494,0.02,0.4306
CLUBS SEVEN DIAMONDS SEVEN,0.3012,0.0314,0.6674
SPADES NINE CLUBS SIX,0.5592,0.018,0.4228
SPADES TEN CLUBS TWO,0.7066,0.0572,0.2362
CLUBS TWO CLUBS QUEEN,0.227,0.035,0.738
CLUBS TWO CLUBS KING,0.2142,0.0254,0.7604
CLUBS THREE DIAMONDS EIGHT,0.5916,0.0206,0.3878
CLUBS TWO CLUBS ACE,0.2282,0.0154,0.7564
CLUBS TWO DIAMONDS EIGHT,0.6964,0.0574,0.2462
HEARTS SEVEN DIAMONDS EIGHT,0.5424,0.017,0.4406
HEARTS SIX DIAMONDS EIGHT,0.548,0.0162,0.4358
DIAMONDS EIGHT HEARTS NINE,0.5324,0.0158,0.4518
CLUBS TEN CLUBS TWO,0.6718,0.0532,0.275
HEARTS EIGHT DIAMONDS EIGHT,0.2864,0.0368,0.6768
CLUBS TWO CLUBS JACK,0.0182,0.9072,0.0746
CLUBS NINE DIAMONDS EIGHT,0.5268,0.015,0.4582
CLUBS EIGHT DIAMONDS EIGHT,0.2828,0.0286,0.6886
CLUBS FIVE DIAMONDS EIGHT,0.5614,0.0182,0.4204
SPADES ACE SPADES THREE,0.322,0.0062,0.6718
CLUBS FOUR DIAMONDS EIGHT,0.5812,0.0196,0.3992
CLUBS SEVEN DIAMONDS EIGHT,0.5288,0.0172,0.454
SPADES QUEEN SPADES THREE,0.3396,0.0146,0.6458
CLUBS SIX DIAMONDS EIGHT,0.558,0.014,0.428
SPADES KING SPADES THREE,0.34,0.0094,0.6506
DIAMONDS QUEEN DIAMONDS EIGHT,0.33,0.0114,0.6586
HEARTS TWO DIAMONDS EIGHT,0.693,0.0572,0.2498
DIAMONDS KING DIAMONDS EIGHT,0.3358,0.0082,0.656
HEARTS THREE DIAMONDS EIGHT,0.5996,0.0192,0.3812
DIAMONDS ACE DIAMONDS EIGHT,0.3354,0.0052,0.6594
HEARTS FOUR DIAMONDS EIGHT,0.565,0.024,0.411
HEARTS FIVE DIAMONDS EIGHT,0.5648,0.0146,0.4206
DIAMONDS TEN DIAMONDS EIGHT,0.5202,0.0202,0.4596
DIAMONDS JACK DIAMONDS EIGHT,0.2212,0.2174,0.5614
SPADES TEN SPADES THREE,0.5462,0.0226,0.4312
CLUBS FOUR HEARTS ACE,0.3538,0.0042,0.642
CLUBS FOUR HEARTS QUEEN,0.3494,0.0102,0.6404
CLUBS FOUR HEARTS KING,0.3626,0.0088,0.6286
CLUBS SIX HEARTS TEN,0.5692,0.0172,0.4136
CLUBS SIX HEARTS JACK,0.2112,0.3906,0.3982
SPADES FOUR DIAMONDS EIGHT,0.5854,0.0176,0.397
SPADES FIVE DIAMONDS EIGHT,0.5734,0.0208,0.4058
SPADES TWO DIAMONDS EIGHT,0.707,0.052,0.241
SPADES THREE DIAMONDS EIGHT,0.597,0.0232,0.3798
CLUBS FOUR HEARTS JACK,0.2184,0.513,0.2686
SPADES EIGHT DIAMONDS EIGHT,0.2874,0.0326,0.68
SPADES TEN HEARTS TWO,0.7124,0.0636,0.224
SPADES TEN DIAMONDS QUEEN,0.3264,0.0108,0.6628
CLUBS FOUR HEARTS TEN,0.5828,0.0168,0.4004
SPADES NINE DIAMONDS EIGHT,0.5276,0.0172,0.4552
SPADES TEN HEARTS EIGHT,0.5616,0.0178,0.4206
SPADES SIX DIAMONDS EIGHT,0.5426,0.0172,0.4402
SPADES SEVEN DIAMONDS EIGHT,0.5464,0.019,0.4346
SPADES ACE HEARTS TWO,0.239,0.0174,0.7436
SPADES ACE DIAMONDS QUEEN,0.2982,0.0038,0.698
SPADES ACE HEARTS EIGHT,0.3634,0.0042,0.6324
SPADES KING HEARTS EIGHT,0.3606,0.0082,0.6312
SPADES QUEEN HEARTS TWO,0.2388,0.039,0.7222
SPADES QUEEN DIAMONDS QUEEN,0.123,0.0092,0.8678
SPADES KING DIAMONDS QUEEN,0.3026,0.0088,0.6886
SPADES KING HEARTS TWO,0.2228,0.0278,0.7494
SPADES QUEEN HEARTS EIGHT,0.3476,0.0126,0.6398
CLUBS TWO HEARTS TEN,0.7072,0.053,0.2398
CLUBS TWO HEARTS JACK,0.022,0.9554,0.0226
SPADES SEVEN DIAMONDS NINE,0.5442,0.0196,0.4362
SPADES SIX DIAMONDS NINE,0.5666,0.0208,0.4126
SPADES NINE DIAMONDS NINE,0.2758,0.0298,0.6944
SPADES EIGHT DIAMONDS NINE,0.536,0.0192,0.4448
SPADES TEN CLUBS KING,0.3408,0.0078,0.6514
DIAMONDS NINE SPADES THREE,0.5956,0.0216,0.3828
DIAMONDS NINE SPADES TWO,0.7218,0.0562,0.222
SPADES FIVE DIAMONDS NINE,0.5726,0.0196,0.4078
SPADES FOUR DIAMONDS NINE,0.5946,0.02,0.3854
CLUBS NINE DIAMONDS NINE,0.2712,0.026,0.7028
CLUBS EIGHT DIAMONDS NINE,0.5456,0.018,0.4364
CLUBS SIX DIAMONDS NINE,0.575,0.0194,0.4056
CLUBS SEVEN DIAMONDS NINE,0.5374,0.0194,0.4432
SPADES TEN CLUBS FOUR,0.589,0.0196,0.3914
CLUBS FOUR DIAMONDS NINE,0.588,0.0188,0.3932
CLUBS FIVE DIAMONDS NINE,0.5626,0.0196,0.4178
CLUBS TWO DIAMONDS NINE,0.7016,0.054,0.2444
CLUBS THREE DIAMONDS NINE,0.5874,0.0188,0.3938
DIAMONDS NINE HEARTS EIGHT,0.538,0.0156,0.4464
DIAMONDS NINE HEARTS NINE,0.2772,0.0284,0.6944
HEARTS SIX DIAMONDS NINE,0.5706,0.0174,0.412
HEARTS SEVEN DIAMONDS NINE,0.541,0.0196,0.4394
CLUBS NINE CLUBS EIGHT,0.5058,0.017,0.4772
DIAMONDS ACE DIAMONDS NINE,0.3418,0.0066,0.6516
HEARTS FOUR DIAMONDS NINE,0.5856,0.0184,0.396
HEARTS FIVE DIAMONDS NINE,0.572,0.017,0.411
HEARTS ACE CLUBS TWO,0.244,0.0158,0.7402
SPADES ACE CLUBS FOUR,0.3544,0.0064,0.6392
DIAMONDS NINE DIAMONDS QUEEN,0.3186,0.008,0.6734
HEARTS TWO DIAMONDS NINE,0.7012,0.0578,0.241
CLUBS TWO HEARTS KING,0.2446,0.0298,0.7256
SPADES KING CLUBS FOUR,0.3412,0.008,0.6508
DIAMONDS KING DIAMONDS NINE,0.3304,0.0076,0.662
HEARTS THREE DIAMONDS NINE,0.5874,0.0188,0.3938
CLUBS TWO HEARTS QUEEN,0.2334,0.0414,0.7252
SPADES QUEEN CLUBS FOUR,0.3572,0.0118,0.631
DIAMONDS NINE DIAMONDS JACK,0.2138,0.1616,0.6246
CLUBS EIGHT SPADES NINE,0.5302,0.0162,0.4536
DIAMONDS TEN DIAMONDS NINE,0.5092,0.0148,0.476
CLUBS EIGHT SPADES EIGHT,0.299,0.0328,0.6682
CLUBS EIGHT SPADES SEVEN,0.5416,0.0176,0.4408
CLUBS EIGHT SPADES SIX,0.5502,0.0198,0.43
CLUBS EIGHT SPADES FIVE,0.5696,0.0234,0.407
CLUBS EIGHT SPADES FOUR,0.5888,0.024,0.3872
CLUBS EIGHT SPADES THREE,0.5924,0.0168,0.3908
CLUBS EIGHT SPADES TWO,0.7184,0.052,0.2296
HEARTS SIX DIAMONDS TEN,0.5714,0.016,0.4126
HEARTS SEVEN DIAMONDS TEN,0.5534,0.0178,0.4288
DIAMONDS TEN HEARTS EIGHT,0.548,0.0172,0.4348
CLUBS FOUR CLUBS JACK,0.2056,0.4792,0.3152
DIAMONDS TEN HEARTS NINE,0.523,0.0172,0.4598
CLUBS TEN CLUBS FOUR,0.5488,0.0184,0.4328
CLUBS FOUR CLUBS KING,0.3362,0.0064,0.6574
CLUBS FOUR CLUBS QUEEN,0.3306,0.0132,0.6562
DIAMONDS TEN CLUBS TWO,0.7122,0.0534,0.2344
CLUBS THREE DIAMONDS TEN,0.5818,0.0208,0.3974
CLUBS FOUR CLUBS ACE,0.3238,0.0054,0.6708
DIAMONDS TEN DIAMONDS JACK,0.2092,0.115,0.6758
DIAMONDS TEN DIAMONDS QUEEN,0.3138,0.012,0.6742
HEARTS TWO DIAMONDS TEN,0.7074,0.0548,0.2378
DIAMONDS KING DIAMONDS TEN,0.316,0.0066,0.6774
HEARTS THREE DIAMONDS TEN,0.6,0.0172,0.3828
DIAMONDS ACE DIAMONDS TEN,0.3212,0.0054,0.6734
HEARTS FOUR DIAMONDS TEN,0.586,0.0192,0.3948
CLUBS EIGHT HEARTS JACK,0.2288,0.2244,0.5468
HEARTS FIVE DIAMONDS TEN,0.582,0.0204,0.3976
CLUBS EIGHT HEARTS TEN,0.5588,0.0182,0.423
CLUBS EIGHT HEARTS QUEEN,0.359,0.0098,0.6312
CLUBS EIGHT HEARTS KING,0.3556,0.0062,0.6382
CLUBS EIGHT HEARTS ACE,0.3644,0.0042,0.6314
CLUBS NINE SPADES THREE,0.603,0.016,0.381
CLUBS NINE SPADES TWO,0.7012,0.0586,0.2402
CLUBS NINE SPADES FIVE,0.5838,0.0218,0.3944
CLUBS NINE SPADES FOUR,0.6,0.0202,0.3798
CLUBS NINE SPADES SEVEN,0.5566,0.0196,0.4238
CLUBS NINE SPADES SIX,0.5716,0.0158,0.4126
CLUBS NINE SPADES NINE,0.2732,0.0298,0.697
CLUBS TEN HEARTS EIGHT,0.5484,0.0152,0.4364
CLUBS NINE SPADES EIGHT,0.5274,0.017,0.4556
HEARTS EIGHT CLUBS JACK,0.2426,0.215,0.5424
CLUBS QUEEN HEARTS EIGHT,0.356,0.012,0.632
CLUBS KING HEARTS EIGHT,0.3566,0.0046,0.6388
CLUBS ACE HEARTS EIGHT,0.3578,0.0036,0.6386
SPADES KING CLUBS KING,0.1306,0.0088,0.8606
SPADES QUEEN CLUBS KING,0.3098,0.0084,0.6818
SPADES ACE CLUBS KING,0.3038,0.0076,0.6886
DIAMONDS ACE HEARTS TEN,0.339,0.0062,0.6548
HEARTS FOUR HEARTS TEN,0.5414,0.0188,0.4398
DIAMONDS ACE HEARTS JACK,0.2144,0.0228,0.7628
HEARTS FOUR HEARTS JACK,0.2202,0.4736,0.3062
SPADES KING CLUBS FIVE,0.346,0.0056,0.6484
SPADES QUEEN CLUBS FIVE,0.3472,0.0126,0.6402
SPADES ACE CLUBS FIVE,0.3272,0.0064,0.6664
HEARTS SEVEN DIAMONDS JACK,0.199,0.3082,0.4928
HEARTS SIX DIAMONDS JACK,0.212,0.3764,0.4116
DIAMONDS JACK HEARTS NINE,0.2174,0.1692,0.6134
DIAMONDS JACK HEARTS EIGHT,0.2278,0.2218,0.5504
DIAMONDS KING DIAMONDS JACK,0.2108,0.0276,0.7616
HEARTS THREE DIAMONDS JACK,0.2104,0.5208,0.2688
SPADES ACE SPADES SIX,0.3548,0.004,0.6412
HEARTS ACE SPADES FOUR,0.353,0.0064,0.6406
DIAMONDS QUEEN DIAMONDS JACK,0.213,0.0406,0.7464
HEARTS TWO DIAMONDS JACK,0.01,0.9738,0.0162
HEARTS FIVE DIAMONDS JACK,0.2092,0.4636,0.3272
SPADES QUEEN SPADES SIX,0.3406,0.0156,0.6438
SPADES FOUR HEARTS QUEEN,0.3518,0.014,0.6342
DIAMONDS ACE DIAMONDS JACK,0.2194,0.0242,0.7564
HEARTS FOUR DIAMONDS JACK,0.21,0.5228,0.2672
SPADES KING SPADES SIX,0.3436,0.0086,0.6478
SPADES FOUR HEARTS KING,0.3538,0.0088,0.6374
SPADES TEN SPADES SIX,0.5478,0.0158,0.4364
SPADES FOUR DIAMONDS JACK,0.2112,0.5196,0.2692
SPADES FIVE DIAMONDS JACK,0.2136,0.4798,0.3066
SPADES TWO DIAMONDS JACK,0.0058,0.9856,0.0086
SPADES THREE DIAMONDS JACK,0.2152,0.528,0.2568
SPADES ACE DIAMONDS THREE,0.354,0.0052,0.6408
SPADES QUEEN DIAMONDS THREE,0.3464,0.014,0.6396
CLUBS EIGHT DIAMONDS JACK,0.2074,0.2358,0.5568
SPADES KING DIAMONDS THREE,0.3512,0.01,0.6388
CLUBS NINE DIAMONDS JACK,0.2206,0.1622,0.6172
CLUBS SIX DIAMONDS JACK,0.2138,0.3888,0.3974
CLUBS SEVEN DIAMONDS JACK,0.232,0.2834,0.4846
CLUBS FOUR DIAMONDS JACK,0.212,0.5262,0.2618
CLUBS FIVE DIAMONDS JACK,0.2136,0.4584,0.328
CLUBS TWO DIAMONDS JACK,0.0086,0.9758,0.0156
CLUBS THREE DIAMONDS JACK,0.2126,0.5266,0.2608
SPADES TEN CLUBS FIVE,0.5934,0.0176,0.389
SPADES TEN HEARTS SIX,0.5826,0.0184,0.399
CLUBS SEVEN CLUBS ACE,0.3248,0.0038,0.6714
DIAMONDS THREE SPADES TEN,0.5802,0.021,0.3988
CLUBS SEVEN CLUBS QUEEN,0.3454,0.0094,0.6452
CLUBS SEVEN CLUBS KING,0.3316,0.0088,0.6596
SPADES NINE DIAMONDS JACK,0.2056,0.1776,0.6168
CLUBS TEN CLUBS SEVEN,0.5168,0.0164,0.4668
DIAMONDS ACE HEARTS ACE,0.1104,0.005,0.8846
HEARTS FOUR HEARTS ACE,0.326,0.0046,0.6694
SPADES EIGHT DIAMONDS JACK,0.2086,0.2196,0.5718
SPADES ACE HEARTS SIX,0.358,0.0048,0.6372
CLUBS SEVEN CLUBS JACK,0.1986,0.2762,0.5252
DIAMONDS ACE HEARTS KING,0.3054,0.0058,0.6888
HEARTS FOUR HEARTS KING,0.337,0.0082,0.6548
SPADES SEVEN DIAMONDS JACK,0.2108,0.2946,0.4946
SPADES KING HEARTS SIX,0.3598,0.008,0.6322
DIAMONDS ACE HEARTS QUEEN,0.3136,0.0048,0.6816
HEARTS FOUR HEARTS QUEEN,0.3324,0.014,0.6536
SPADES SIX DIAMONDS JACK,0.218,0.385,0.397
SPADES QUEEN HEARTS SIX,0.3588,0.0106,0.6306
DIAMONDS TEN SPADES TWO,0.714,0.054,0.232
DIAMONDS TEN SPADES THREE,0.6044,0.0228,0.3728
DIAMONDS TEN SPADES FOUR,0.58,0.0188,0.4012
SPADES FIVE DIAMONDS TEN,0.5828,0.016,0.4012
SPADES SIX DIAMONDS TEN,0.5756,0.0172,0.4072
SPADES SEVEN DIAMONDS TEN,0.5528,0.0184,0.4288
SPADES EIGHT DIAMONDS TEN,0.5426,0.0208,0.4366
SPADES NINE DIAMONDS TEN,0.5298,0.0172,0.453
CLUBS FOUR DIAMONDS TEN,0.5776,0.0192,0.4032
CLUBS FIVE DIAMONDS TEN,0.5882,0.02,0.3918
CLUBS SIX DIAMONDS TEN,0.5754,0.0208,0.4038
CLUBS SEVEN DIAMONDS TEN,0.5434,0.02,0.4366
CLUBS EIGHT DIAMONDS TEN,0.5354,0.0164,0.4482
CLUBS NINE DIAMONDS TEN,0.5282,0.016,0.4558
DIAMONDS THREE CLUBS JACK,0.2078,0.5278,0.2644
CLUBS TEN DIAMONDS THREE,0.5962,0.0214,0.3824
DIAMONDS THREE CLUBS KING,0.352,0.0092,0.6388
DIAMONDS THREE CLUBS QUEEN,0.365,0.012,0.623
DIAMONDS THREE CLUBS ACE,0.3462,0.006,0.6478
SPADES FOUR HEARTS JACK,0.227,0.507,0.266
SPADES FOUR HEARTS TEN,0.5968,0.0182,0.385
SPADES FIVE SPADES TWO,0.6486,0.0506,0.3008
SPADES FOUR SPADES TWO,0.6534,0.0518,0.2948
SPADES THREE SPADES TWO,0.6666,0.0564,0.277
SPADES NINE SPADES TWO,0.6812,0.0512,0.2676
SPADES EIGHT SPADES TWO,0.678,0.0556,0.2664
SPADES SEVEN SPADES TWO,0.6798,0.05,0.2702
SPADES SIX SPADES TWO,0.6798,0.0494,0.2708
CLUBS THREE DIAMONDS QUEEN,0.3612,0.0116,0.6272
CLUBS THREE HEARTS TWO,0.686,0.05,0.264
CLUBS TWO DIAMONDS QUEEN,0.2368,0.0426,0.7206
HEARTS TWO CLUBS TWO,0.293,0.0368,0.6702
HEARTS SEVEN DIAMONDS QUEEN,0.352,0.0122,0.6358
HEARTS SEVEN HEARTS TWO,0.6614,0.0498,0.2888
HEARTS SIX DIAMONDS QUEEN,0.3648,0.0086,0.6266
HEARTS SIX HEARTS TWO,0.6602,0.046,0.2938
DIAMONDS QUEEN HEARTS NINE,0.3402,0.0102,0.6496
HEARTS TWO HEARTS NINE,0.6672,0.0508,0.282
DIAMONDS QUEEN HEARTS EIGHT,0.3498,0.0108,0.6394
HEARTS TWO HEARTS EIGHT,0.6738,0.0478,0.2784
CLUBS NINE HEARTS TWO,0.696,0.0608,0.2432
CLUBS NINE DIAMONDS QUEEN,0.3404,0.0098,0.6498
CLUBS EIGHT HEARTS TWO,0.7096,0.0626,0.2278
CLUBS EIGHT DIAMONDS QUEEN,0.3412,0.0094,0.6494
CLUBS FIVE DIAMONDS QUEEN,0.3584,0.0114,0.6302
CLUBS FIVE HEARTS TWO,0.6592,0.055,0.2858
SPADES EIGHT HEARTS ACE,0.3534,0.006,0.6406
CLUBS FOUR DIAMONDS QUEEN,0.3544,0.0144,0.6312
CLUBS FOUR HEARTS TWO,0.6708,0.0518,0.2774
CLUBS SEVEN DIAMONDS QUEEN,0.362,0.01,0.628
CLUBS SEVEN HEARTS TWO,0.6968,0.0516,0.2516
SPADES EIGHT HEARTS QUEEN,0.3498,0.0104,0.6398
CLUBS SIX DIAMONDS QUEEN,0.3582,0.0114,0.6304
CLUBS SIX HEARTS TWO,0.6998,0.046,0.2542
SPADES EIGHT HEARTS KING,0.3642,0.0066,0.6292
SPADES SIX DIAMONDS QUEEN,0.3548,0.01,0.6352
SPADES SIX HEARTS TWO,0.7096,0.0528,0.2376
HEARTS FOUR CLUBS QUEEN,0.3584,0.0116,0.63
DIAMONDS ACE CLUBS QUEEN,0.3102,0.0046,0.6852
SPADES SEVEN DIAMONDS QUEEN,0.3466,0.0094,0.644
SPADES SEVEN HEARTS TWO,0.7148,0.0564,0.2288
HEARTS FOUR CLUBS KING,0.3514,0.0092,0.6394
DIAMONDS ACE CLUBS KING,0.3084,0.005,0.6866
SPADES EIGHT DIAMONDS QUEEN,0.3528,0.012,0.6352
SPADES EIGHT HEARTS TWO,0.7098,0.0544,0.2358
HEARTS FOUR CLUBS ACE,0.3562,0.0056,0.6382
DIAMONDS ACE CLUBS ACE,0.1104,0.0052,0.8844
SPADES NINE DIAMONDS QUEEN,0.3408,0.0116,0.6476
SPADES NINE HEARTS TWO,0.7156,0.0546,0.2298
HEARTS TWO SPADES TWO,0.2982,0.0366,0.6652
DIAMONDS QUEEN SPADES TWO,0.2342,0.0412,0.7246
HEARTS TWO SPADES THREE,0.6908,0.0538,0.2554
SPADES THREE DIAMONDS QUEEN,0.3566,0.012,0.6314
HEARTS TWO SPADES FOUR,0.675,0.0524,0.2726
SPADES FOUR DIAMONDS QUEEN,0.3662,0.0134,0.6204
CLUBS TEN HEARTS FOUR,0.5878,0.0176,0.3946
CLUBS TEN DIAMONDS ACE,0.3502,0.0042,0.6456
HEARTS TWO SPADES FIVE,0.6886,0.0558,0.2556
SPADES FIVE DIAMONDS QUEEN,0.3494,0.012,0.6386
HEARTS FOUR CLUBS JACK,0.2116,0.525,0.2634
DIAMONDS ACE CLUBS JACK,0.2158,0.0186,0.7656
CLUBS FIVE CLUBS KING,0.34,0.0088,0.6512
CLUBS FIVE CLUBS QUEEN,0.3366,0.0114,0.652
CLUBS FIVE CLUBS ACE,0.3146,0.0036,0.6818
CLUBS FIVE CLUBS JACK,0.2084,0.4272,0.3644
CLUBS TEN CLUBS FIVE,0.5454,0.0196,0.435
SPADES KING CLUBS JACK,0.2278,0.0324,0.7398
SPADES QUEEN CLUBS JACK,0.2134,0.0414,0.7452
SPADES ACE CLUBS JACK,0.2182,0.0282,0.7536
SPADES SIX CLUBS KING,0.372,0.0072,0.6208
SPADES SIX CLUBS QUEEN,0.3674,0.0088,0.6238
SPADES EIGHT HEARTS JACK,0.2264,0.2316,0.542
SPADES SIX CLUBS ACE,0.356,0.0066,0.6374
SPADES EIGHT HEARTS TEN,0.5598,0.0158,0.4244
SPADES SIX CLUBS JACK,0.225,0.3984,0.3766
CLUBS TEN SPADES SIX,0.578,0.0164,0.4056
SPADES TEN CLUBS JACK,0.2304,0.1176,0.652
SPADES QUEEN CLUBS SEVEN,0.3466,0.013,0.6404
SPADES KING CLUBS SEVEN,0.3518,0.0066,0.6416
SPADES ACE CLUBS SEVEN,0.353,0.0048,0.6422
SPADES SIX HEARTS TEN,0.5838,0.022,0.3942
SPADES SIX HEARTS JACK,0.2366,0.3758,0.3876
SPADES SIX HEARTS ACE,0.3616,0.0044,0.634
SPADES SIX HEARTS KING,0.3724,0.0068,0.6208
SPADES SIX HEARTS QUEEN,0.3644,0.0094,0.6262
CLUBS SEVEN SPADES TEN,0.56,0.0198,0.4202
CLUBS TEN HEARTS SIX,0.5766,0.0156,0.4078
HEARTS SIX CLUBS JACK,0.2228,0.3806,0.3966
CLUBS ACE CLUBS JACK,0.2032,0.019,0.7778
HEARTS SIX CLUBS QUEEN,0.366,0.0082,0.6258
HEARTS SIX CLUBS KING,0.3484,0.0086,0.643
HEARTS SIX CLUBS ACE,0.3598,0.004,0.6362
CLUBS QUEEN CLUBS JACK,0.201,0.0406,0.7584
CLUBS KING CLUBS JACK,0.212,0.0276,0.7604
DIAMONDS THREE HEARTS ACE,0.338,0.0036,0.6584
DIAMONDS THREE HEARTS QUEEN,0.3518,0.0158,0.6324
DIAMONDS THREE HEARTS KING,0.3548,0.0084,0.6368
CLUBS FIVE HEARTS JACK,0.2122,0.4546,0.3332
HEARTS FOUR SPADES TEN,0.5912,0.0216,0.3872
SPADES TEN DIAMONDS ACE,0.334,0.0076,0.6584
CLUBS FIVE HEARTS TEN,0.5934,0.0178,0.3888
SPADES ACE HEARTS FOUR,0.349,0.0058,0.6452
SPADES ACE DIAMONDS ACE,0.1116,0.0048,0.8836
CLUBS FIVE HEARTS ACE,0.3422,0.0056,0.6522
CLUBS FIVE HEARTS KING,0.3642,0.0106,0.6252
HEARTS FOUR SPADES QUEEN,0.364,0.0104,0.6256
SPADES QUEEN DIAMONDS ACE,0.3034,0.0044,0.6922
SPADES FOUR CLUBS JACK,0.215,0.5172,0.2678
CLUBS FIVE HEARTS QUEEN,0.3658,0.013,0.6212
SPADES KING DIAMONDS ACE,0.2972,0.0046,0.6982
SPADES KING HEARTS FOUR,0.3532,0.0102,0.6366
CLUBS TEN SPADES FOUR,0.5864,0.0186,0.395
DIAMONDS ACE DIAMONDS QUEEN,0.3006,0.0056,0.6938
DIAMONDS ACE HEARTS TWO,0.2408,0.0186,0.7406
HEARTS FOUR DIAMONDS QUEEN,0.3564,0.0124,0.6312
HEARTS FOUR HEARTS TWO,0.6402,0.0516,0.3082
DIAMONDS THREE HEARTS TEN,0.5874,0.0188,0.3938
SPADES FOUR CLUBS KING,0.3492,0.006,0.6448
HEARTS FIVE DIAMONDS QUEEN,0.3464,0.0128,0.6408
HEARTS FIVE HEARTS TWO,0.6308,0.0496,0.3196
DIAMONDS THREE HEARTS JACK,0.2086,0.5196,0.2718
SPADES FOUR CLUBS QUEEN,0.3656,0.0108,0.6236
HEARTS TWO DIAMONDS QUEEN,0.2276,0.0398,0.7326
DIAMONDS KING DIAMONDS QUEEN,0.2906,0.0064,0.703
DIAMONDS KING HEARTS TWO,0.232,0.0286,0.7394
HEARTS THREE DIAMONDS QUEEN,0.3558,0.0134,0.6308
HEARTS THREE HEARTS TWO,0.652,0.0512,0.2968
SPADES FOUR CLUBS ACE,0.3526,0.004,0.6434
HEARTS TWO CLUBS ACE,0.2422,0.0136,0.7442
DIAMONDS QUEEN CLUBS ACE,0.3104,0.0036,0.686
HEARTS TWO CLUBS QUEEN,0.2338,0.0384,0.7278
DIAMONDS QUEEN CLUBS QUEEN,0.1268,0.0122,0.861
HEARTS TWO CLUBS KING,0.2458,0.0316,0.7226
DIAMONDS QUEEN CLUBS KING,0.3056,0.0066,0.6878
SPADES EIGHT SPADES FIVE,0.5524,0.0198,0.4278
CLUBS TEN HEARTS TWO,0.7132,0.0534,0.2334
CLUBS TEN DIAMONDS QUEEN,0.3086,0.0078,0.6836
SPADES NINE SPADES FIVE,0.5622,0.0154,0.4224
HEARTS TWO CLUBS JACK,0.0188,0.9588,0.0224
DIAMONDS QUEEN CLUBS JACK,0.2096,0.0416,0.7488
SPADES SIX SPADES FIVE,0.524,0.021,0.455
SPADES SEVEN SPADES FIVE,0.5174,0.0228,0.4598
DIAMONDS FIVE CLUBS QUEEN,0.3552,0.0166,0.6282
SPADES EIGHT CLUBS ACE,0.359,0.005,0.636
CLUBS KING DIAMONDS FIVE,0.3444,0.0074,0.6482
SPADES EIGHT CLUBS KING,0.3608,0.0082,0.631
CLUBS ACE DIAMONDS FIVE,0.3466,0.0056,0.6478
SPADES EIGHT CLUBS QUEEN,0.349,0.012,0.639
SPADES EIGHT CLUBS JACK,0.2292,0.2314,0.5394
CLUBS TEN SPADES EIGHT,0.5528,0.0154,0.4318
CLUBS TEN DIAMONDS FIVE,0.5878,0.0182,0.394
DIAMONDS FIVE CLUBS JACK,0.214,0.4508,0.3352
DIAMONDS TEN HEARTS JACK,0.2062,0.12,0.6738
DIAMONDS TEN HEARTS TEN,0.2614,0.0258,0.7128
SPADES ACE CLUBS NINE,0.353,0.0048,0.6422
CLUBS NINE SPADES QUEEN,0.3474,0.0094,0.6432
CLUBS NINE SPADES KING,0.3496,0.0076,0.6428
HEARTS SIX HEARTS KING,0.3398,0.0088,0.6514
DIAMONDS KING SPADES SEVEN,0.3572,0.006,0.6368
SPADES SEVEN HEARTS THREE,0.5792,0.0218,0.399
SPADES KING DIAMONDS SEVEN,0.3446,0.0076,0.6478
HEARTS SIX HEARTS QUEEN,0.334,0.0118,0.6542
DIAMONDS KING SPADES SIX,0.3536,0.0072,0.6392
HEARTS THREE SPADES SIX,0.5918,0.0202,0.388
SPADES QUEEN DIAMONDS SEVEN,0.3448,0.0134,0.6418
SPADES NINE DIAMONDS KING,0.3414,0.0092,0.6494
SPADES NINE HEARTS THREE,0.59,0.0214,0.3886
HEARTS SIX HEARTS ACE,0.3432,0.005,0.6518
SPADES EIGHT DIAMONDS KING,0.3486,0.0074,0.644
SPADES EIGHT HEARTS THREE,0.5862,0.024,0.3898
SPADES ACE DIAMONDS SEVEN,0.3532,0.0052,0.6416
CLUBS NINE HEARTS THREE,0.58,0.0208,0.3992
CLUBS NINE DIAMONDS KING,0.3494,0.0064,0.6442
CLUBS EIGHT HEARTS THREE,0.5888,0.0216,0.3896
CLUBS EIGHT DIAMONDS KING,0.3648,0.0094,0.6258
HEARTS THREE SPADES THREE,0.323,0.0474,0.6296
DIAMONDS KING SPADES THREE,0.3442,0.0082,0.6476
HEARTS THREE SPADES TWO,0.6982,0.0522,0.2496
DIAMONDS KING SPADES TWO,0.224,0.0316,0.7444
HEARTS THREE SPADES FIVE,0.5714,0.0226,0.406
DIAMONDS KING SPADES FIVE,0.3566,0.0074,0.636
HEARTS THREE SPADES FOUR,0.5874,0.0218,0.3908
DIAMONDS KING SPADES FOUR,0.3446,0.009,0.6464
DIAMONDS KING CLUBS TWO,0.229,0.0274,0.7436
