opposingHand,winningChance,drawChance,lostChance
DIAMONDS TWO HEARTS TEN
CLUBS NINE DIAMONDS SIX,0.5516,0.0258,0.4226
CLUBS TEN DIAMONDS EIGHT,0.218,0.2256,0.5564
SPADES TEN CLUBS TWO,0.0208,0.9578,0.0214
DIAMONDS THREE SPADES TWO,0.659,0.0812,0.2598
DIAMONDS THREE DIAMONDS FIVE,0.5182,0.0302,0.4516
SPADES TEN HEARTS TWO,0.0174,0.9692,0.0134
CLUBS TEN SPADES EIGHT,0.2314,0.2156,0.553
SPADES THREE CLUBS ACE,0.3518,0.0046,0.6436
SPADES KING DIAMONDS SEVEN,0.3662,0.0074,0.6264
SPADES KING HEARTS JACK,0.296,0.0078,0.6962
HEARTS FOUR DIAMONDS ACE,0.3468,0.006,0.6472
SPADES THREE DIAMONDS NINE,0.5856,0.0296,0.3848
DIAMONDS THREE SPADES SEVEN,0.5704,0.0318,0.3978
DIAMONDS QUEEN HEARTS NINE,0.3252,0.0136,0.6612
HEARTS TWO DIAMONDS SIX,0.6798,0.0726,0.2476
DIAMONDS FOUR SPADES FIVE,0.5482,0.029,0.4228
SPADES NINE HEARTS KING,0.338,0.0082,0.6538
CLUBS TEN DIAMONDS NINE,0.2122,0.1742,0.6136
DIAMONDS KING DIAMONDS EIGHT,0.3342,0.0064,0.6594
SPADES QUEEN CLUBS KING,0.311,0.0088,0.6802
SPADES FOUR CLUBS ACE,0.3386,0.0034,0.658
DIAMONDS ACE CLUBS KING,0.3204,0.0048,0.6748
HEARTS SEVEN CLUBS TWO,0.6848,0.0678,0.2474
DIAMONDS FOUR CLUBS KING,0.3458,0.011,0.6432
CLUBS JACK DIAMONDS NINE,0.3132,0.016,0.6708
CLUBS SEVEN HEARTS ACE,0.3544,0.005,0.6406
HEARTS KING DIAMONDS EIGHT,0.3504,0.0058,0.6438
CLUBS JACK HEARTS FIVE,0.3568,0.0182,0.625
CLUBS FIVE DIAMONDS ACE,0.3466,0.0054,0.648
CLUBS TEN DIAMONDS FIVE,0.216,0.471,0.313
DIAMONDS FOUR CLUBS NINE,0.586,0.0278,0.3862
HEARTS SIX SPADES FIVE,0.5476,0.0342,0.4182
CLUBS THREE HEARTS ACE,0.3538,0.0068,0.6394
HEARTS FIVE CLUBS ACE,0.3588,0.0052,0.636
CLUBS TEN CLUBS SEVEN,0.2104,0.2838,0.5058
CLUBS TWO SPADES FOUR,0.6612,0.0704,0.2684
SPADES QUEEN DIAMONDS TEN,0.228,0.0468,0.7252
CLUBS NINE HEARTS JACK,0.3202,0.0182,0.6616
HEARTS FOUR SPADES FIVE,0.5358,0.0328,0.4314
HEARTS SIX HEARTS JACK,0.3496,0.0162,0.6342
SPADES SIX SPADES THREE,0.5204,0.0274,0.4522
CLUBS JACK SPADES THREE,0.3484,0.0204,0.6312
CLUBS JACK CLUBS FOUR,0.339,0.0182,0.6428
HEARTS EIGHT DIAMONDS FIVE,0.5628,0.0286,0.4086
HEARTS FIVE SPADES EIGHT,0.5578,0.0298,0.4124
CLUBS JACK SPADES KING,0.2976,0.0084,0.694
CLUBS JACK SPADES NINE,0.3424,0.0136,0.644
CLUBS EIGHT DIAMONDS KING,0.3482,0.0078,0.644
SPADES FIVE CLUBS ACE,0.345,0.0034,0.6516
SPADES ACE DIAMONDS NINE,0.3582,0.0076,0.6342
HEARTS SEVEN CLUBS FIVE,0.551,0.0306,0.4184
HEARTS FIVE HEARTS QUEEN,0.3474,0.0128,0.6398
HEARTS TWO SPADES EIGHT,0.6808,0.0734,0.2458
CLUBS TEN HEARTS THREE,0.2224,0.5298,0.2478
DIAMONDS KING HEARTS ACE,0.3044,0.0048,0.6908
CLUBS FIVE HEARTS EIGHT,0.5548,0.0312,0.414
DIAMONDS FOUR DIAMONDS EIGHT,0.5444,0.0254,0.4302
HEARTS ACE SPADES THREE,0.3486,0.005,0.6464
HEARTS TWO CLUBS THREE,0.6768,0.0756,0.2476
DIAMONDS FOUR SPADES EIGHT,0.5688,0.0276,0.4036
SPADES SEVEN HEARTS KING,0.3564,0.008,0.6356
CLUBS TEN CLUBS ACE,0.2082,0.0236,0.7682
SPADES TEN HEARTS QUEEN,0.2242,0.0496,0.7262
SPADES FIVE DIAMONDS FIVE,0.2782,0.0654,0.6564
HEARTS SIX SPADES FOUR,0.5608,0.029,0.4102
SPADES EIGHT HEARTS KING,0.3512,0.0082,0.6406
CLUBS SEVEN CLUBS KING,0.3334,0.0064,0.6602
HEARTS SEVEN DIAMONDS QUEEN,0.365,0.0138,0.6212
CLUBS SEVEN DIAMONDS QUEEN,0.3502,0.0132,0.6366
SPADES TWO DIAMONDS SEVEN,0.6828,0.0662,0.251
CLUBS NINE CLUBS SIX,0.5296,0.0232,0.4472
SPADES TEN DIAMONDS FIVE,0.21,0.4666,0.3234
SPADES KING HEARTS SIX,0.3678,0.0088,0.6234
CLUBS FIVE SPADES FIVE,0.3036,0.0568,0.6396
CLUBS SIX DIAMONDS FIVE,0.5418,0.026,0.4322
DIAMONDS NINE DIAMONDS SIX,0.5442,0.023,0.4328
DIAMONDS FOUR HEARTS EIGHT,0.5764,0.0278,0.3958
CLUBS EIGHT SPADES TEN,0.223,0.2208,0.5562
SPADES JACK CLUBS THREE,0.3612,0.0192,0.6196
HEARTS THREE CLUBS QUEEN,0.363,0.0134,0.6236
CLUBS FIVE HEARTS NINE,0.5728,0.0272,0.4
CLUBS SEVEN DIAMONDS FIVE,0.552,0.025,0.423
CLUBS THREE DIAMONDS JACK,0.3516,0.021,0.6274
SPADES FOUR HEARTS EIGHT,0.5778,0.031,0.3912
HEARTS JACK HEARTS NINE,0.3158,0.0184,0.6658
SPADES ACE DIAMONDS KING,0.312,0.0062,0.6818
CLUBS ACE DIAMONDS SIX,0.3628,0.0032,0.634
HEARTS TWO CLUBS FIVE,0.6622,0.0728,0.265
DIAMONDS JACK SPADES TWO,0.2322,0.0554,0.7124
HEARTS SIX CLUBS TWO,0.6872,0.0712,0.2416
SPADES QUEEN HEARTS KING,0.3068,0.006,0.6872
CLUBS FOUR CLUBS KING,0.3504,0.008,0.6416
SPADES FIVE DIAMONDS EIGHT,0.5466,0.0242,0.4292
HEARTS THREE DIAMONDS KING,0.362,0.0104,0.6276
DIAMONDS FOUR SPADES SEVEN,0.5558,0.031,0.4132
SPADES THREE HEARTS NINE,0.6078,0.03,0.3622
CLUBS TWO HEARTS JACK,0.23,0.0598,0.7102
SPADES JACK CLUBS QUEEN,0.3068,0.0098,0.6834
CLUBS SEVEN DIAMONDS SIX,0.5234,0.0302,0.4464
DIAMONDS FOUR DIAMONDS ACE,0.32,0.004,0.676
DIAMONDS QUEEN HEARTS QUEEN,0.1276,0.016,0.8564
SPADES SIX DIAMONDS SIX,0.2862,0.0534,0.6604
CLUBS FOUR DIAMONDS QUEEN,0.3362,0.01,0.6538
SPADES NINE SPADES THREE,0.5534,0.0292,0.4174
CLUBS FIVE CLUBS QUEEN,0.3456,0.0126,0.6418
DIAMONDS ACE DIAMONDS JACK,0.2946,0.0054,0.7
SPADES ACE SPADES NINE,0.3326,0.0046,0.6628
HEARTS TWO CLUBS QUEEN,0.238,0.039,0.723
HEARTS SEVEN DIAMONDS THREE,0.577,0.0344,0.3886
SPADES ACE SPADES KING,0.3108,0.0036,0.6856
CLUBS EIGHT CLUBS ACE,0.346,0.0046,0.6494
CLUBS SEVEN DIAMONDS SEVEN,0.2794,0.0496,0.671
SPADES KING SPADES FOUR,0.345,0.007,0.648
HEARTS SIX SPADES JACK,0.3644,0.018,0.6176
SPADES NINE DIAMONDS SEVEN,0.5402,0.0268,0.433
DIAMONDS FOUR DIAMONDS FIVE,0.507,0.0326,0.4604
SPADES FOUR SPADES TWO,0.6162,0.0696,0.3142
CLUBS SEVEN HEARTS THREE,0.5664,0.0322,0.4014
HEARTS ACE HEARTS KING,0.2938,0.0046,0.7016
DIAMONDS THREE HEARTS EIGHT,0.592,0.0324,0.3756
CLUBS EIGHT SPADES EIGHT,0.2806,0.0438,0.6756
SPADES EIGHT DIAMONDS NINE,0.529,0.0252,0.4458
DIAMONDS ACE DIAMONDS SEVEN,0.342,0.0044,0.6536
CLUBS TWO CLUBS ACE,0.2222,0.0174,0.7604
CLUBS FIVE HEARTS ACE,0.3438,0.005,0.6512
SPADES SIX HEARTS KING,0.3564,0.008,0.6356
CLUBS TWO SPADES TWO,0.2958,0.0512,0.653
CLUBS ACE DIAMONDS FIVE,0.34,0.0062,0.6538
HEARTS FOUR SPADES FOUR,0.3042,0.0712,0.6246
CLUBS JACK DIAMONDS THREE,0.351,0.0214,0.6276
HEARTS SEVEN CLUBS KING,0.364,0.009,0.627
CLUBS FIVE DIAMONDS NINE,0.5548,0.0242,0.421
HEARTS FOUR SPADES SIX,0.5566,0.037,0.4064
CLUBS JACK CLUBS THREE,0.3298,0.0204,0.6498
SPADES KING HEARTS KING,0.1206,0.01,0.8694
DIAMONDS KING SPADES THREE,0.3634,0.0074,0.6292
HEARTS SIX DIAMONDS NINE,0.5482,0.0298,0.422
CLUBS FIVE CLUBS FOUR,0.5048,0.0272,0.468
SPADES QUEEN SPADES NINE,0.3288,0.0106,0.6606
DIAMONDS ACE CLUBS ACE,0.1232,0.003,0.8738
CLUBS TWO HEARTS ACE,0.2384,0.017,0.7446
DIAMONDS ACE HEARTS NINE,0.3674,0.0056,0.627
SPADES SIX DIAMONDS FIVE,0.5454,0.0328,0.4218
HEARTS THREE CLUBS ACE,0.3564,0.0062,0.6374
CLUBS NINE DIAMONDS EIGHT,0.528,0.0276,0.4444
SPADES JACK DIAMONDS KING,0.3054,0.0056,0.689
CLUBS FOUR DIAMONDS FIVE,0.5374,0.0316,0.431
HEARTS THREE CLUBS THREE,0.2962,0.0786,0.6252
HEARTS SEVEN DIAMONDS FOUR,0.546,0.0318,0.4222
SPADES QUEEN HEARTS FIVE,0.3596,0.0148,0.6256
SPADES QUEEN CLUBS SIX,0.3536,0.0124,0.634
SPADES FOUR HEARTS NINE,0.5854,0.034,0.3806
HEARTS THREE HEARTS EIGHT,0.5712,0.031,0.3978
HEARTS SEVEN DIAMONDS NINE,0.5468,0.02,0.4332
CLUBS FIVE CLUBS ACE,0.3306,0.004,0.6654
DIAMONDS ACE CLUBS FOUR,0.346,0.005,0.649
CLUBS TEN SPADES TWO,0.0192,0.9586,0.0222
DIAMONDS FOUR DIAMONDS SIX,0.5234,0.0284,0.4482
SPADES NINE CLUBS TWO,0.6794,0.0796,0.241
SPADES KING HEARTS THREE,0.3546,0.012,0.6334
HEARTS SIX SPADES NINE,0.5544,0.0292,0.4164
CLUBS TEN CLUBS EIGHT,0.21,0.209,0.581
CLUBS TEN HEARTS TWO,0.0182,0.9712,0.0106
CLUBS JACK DIAMONDS FIVE,0.3582,0.0168,0.625
HEARTS FOUR CLUBS FOUR,0.2956,0.0762,0.6282
DIAMONDS THREE CLUBS EIGHT,0.5912,0.0256,0.3832
SPADES EIGHT HEARTS QUEEN,0.3492,0.0112,0.6396
SPADES THREE SPADES TWO,0.6284,0.0726,0.299
DIAMONDS THREE SPADES EIGHT,0.59,0.0264,0.3836
SPADES SIX DIAMONDS QUEEN,0.3516,0.013,0.6354
CLUBS TEN DIAMONDS KING,0.21,0.035,0.755
SPADES TWO HEARTS JACK,0.224,0.052,0.724
CLUBS SIX CLUBS FIVE,0.508,0.0282,0.4638
SPADES EIGHT SPADES TWO,0.6462,0.0762,0.2776
SPADES NINE SPADES SIX,0.5124,0.0268,0.4608
HEARTS JACK DIAMONDS SIX,0.3612,0.0182,0.6206
SPADES JACK CLUBS ACE,0.3112,0.0046,0.6842
CLUBS SEVEN SPADES NINE,0.5456,0.022,0.4324
DIAMONDS JACK DIAMONDS NINE,0.3028,0.0162,0.681
CLUBS TEN CLUBS FIVE,0.2086,0.4392,0.3522
DIAMONDS THREE CLUBS NINE,0.579,0.0294,0.3916
DIAMONDS ACE DIAMONDS TEN,0.2108,0.026,0.7632
SPADES ACE CLUBS QUEEN,0.3162,0.0038,0.68
CLUBS SIX HEARTS ACE,0.3428,0.0052,0.652
CLUBS EIGHT HEARTS ACE,0.3538,0.0058,0.6404
HEARTS FIVE CLUBS THREE,0.5572,0.0344,0.4084
DIAMONDS SEVEN HEARTS NINE,0.543,0.028,0.429
CLUBS SIX CLUBS QUEEN,0.3378,0.012,0.6502
HEARTS FIVE HEARTS NINE,0.55,0.025,0.425
SPADES KING DIAMONDS KING,0.118,0.0118,0.8702
SPADES NINE DIAMONDS TEN,0.2124,0.1764,0.6112
HEARTS FIVE SPADES FIVE,0.3068,0.0626,0.6306
DIAMONDS ACE HEARTS QUEEN,0.3046,0.0036,0.6918
CLUBS NINE SPADES FOUR,0.5818,0.0244,0.3938
HEARTS SEVEN HEARTS KING,0.3288,0.0076,0.6636
SPADES SEVEN CLUBS THREE,0.566,0.0292,0.4048
DIAMONDS FOUR DIAMONDS NINE,0.555,0.027,0.418
HEARTS ACE DIAMONDS SEVEN,0.347,0.005,0.648
DIAMONDS KING CLUBS QUEEN,0.3108,0.0078,0.6814
DIAMONDS KING SPADES FIVE,0.3616,0.009,0.6294
HEARTS SEVEN HEARTS SIX,0.5142,0.0298,0.456
SPADES TWO CLUBS KING,0.231,0.0288,0.7402
HEARTS SEVEN CLUBS SIX,0.542,0.0294,0.4286
SPADES THREE HEARTS KING,0.37,0.0074,0.6226
CLUBS EIGHT DIAMONDS TEN,0.2132,0.2232,0.5636
SPADES NINE HEARTS QUEEN,0.3388,0.0098,0.6514
CLUBS NINE HEARTS FOUR,0.5866,0.0272,0.3862
DIAMONDS THREE DIAMONDS EIGHT,0.5598,0.0302,0.41
CLUBS NINE DIAMONDS KING,0.3348,0.0076,0.6576
SPADES QUEEN DIAMONDS JACK,0.2932,0.011,0.6958
SPADES EIGHT SPADES FOUR,0.5238,0.0296,0.4466
DIAMONDS FOUR CLUBS EIGHT,0.5584,0.0224,0.4192
SPADES TEN CLUBS THREE,0.217,0.5138,0.2692
SPADES FIVE SPADES TWO,0.6172,0.0728,0.31
CLUBS TEN HEARTS SIX,0.2316,0.3742,0.3942
HEARTS FOUR HEARTS QUEEN,0.348,0.0144,0.6376
CLUBS SEVEN CLUBS THREE,0.5228,0.0296,0.4476
CLUBS THREE DIAMONDS QUEEN,0.3542,0.015,0.6308
HEARTS SIX DIAMONDS JACK,0.3522,0.0186,0.6292
HEARTS THREE SPADES THREE,0.3042,0.072,0.6238
HEARTS TWO DIAMONDS NINE,0.6922,0.0758,0.232
HEARTS THREE DIAMONDS TEN,0.2086,0.5234,0.268
SPADES ACE HEARTS TWO,0.2414,0.0142,0.7444
DIAMONDS JACK HEARTS NINE,0.329,0.0138,0.6572
HEARTS SIX DIAMONDS FIVE,0.5312,0.035,0.4338
SPADES JACK HEARTS QUEEN,0.296,0.0112,0.6928
CLUBS EIGHT SPADES FIVE,0.5632,0.0278,0.409
CLUBS SIX CLUBS KING,0.3396,0.006,0.6544
CLUBS EIGHT DIAMONDS NINE,0.5192,0.0264,0.4544
HEARTS SIX CLUBS FOUR,0.5622,0.0278,0.41
HEARTS FOUR CLUBS THREE,0.551,0.0334,0.4156
SPADES QUEEN DIAMONDS SIX,0.3568,0.0102,0.633
HEARTS THREE DIAMONDS JACK,0.3604,0.0206,0.619
SPADES KING HEARTS QUEEN,0.314,0.008,0.678
DIAMONDS NINE CLUBS KING,0.3404,0.008,0.6516
HEARTS FOUR DIAMONDS JACK,0.3516,0.0216,0.6268
HEARTS TWO DIAMONDS QUEEN,0.2406,0.0402,0.7192
HEARTS ACE CLUBS KING,0.3106,0.005,0.6844
HEARTS TWO DIAMONDS SEVEN,0.6986,0.0654,0.236
HEARTS QUEEN HEARTS NINE,0.3128,0.0128,0.6744
DIAMONDS QUEEN DIAMONDS NINE,0.3116,0.0108,0.6776
CLUBS SIX DIAMONDS NINE,0.552,0.0278,0.4202
CLUBS JACK SPADES TEN,0.2352,0.0532,0.7116
SPADES ACE CLUBS SEVEN,0.3606,0.004,0.6354
CLUBS EIGHT SPADES THREE,0.5842,0.0294,0.3864
HEARTS THREE SPADES FOUR,0.555,0.0318,0.4132
SPADES SEVEN DIAMONDS JACK,0.3392,0.016,0.6448
SPADES THREE DIAMONDS EIGHT,0.5856,0.0324,0.382
HEARTS TWO HEARTS QUEEN,0.2324,0.0402,0.7274
SPADES QUEEN DIAMONDS ACE,0.318,0.0056,0.6764
SPADES FOUR CLUBS KING,0.366,0.0082,0.6258
HEARTS NINE HEARTS EIGHT,0.4946,0.0268,0.4786
DIAMONDS ACE CLUBS TWO,0.2284,0.0156,0.756
HEARTS KING DIAMONDS SIX,0.348,0.0074,0.6446
HEARTS FOUR DIAMONDS FIVE,0.546,0.0304,0.4236
CLUBS NINE HEARTS ACE,0.3558,0.005,0.6392
SPADES EIGHT HEARTS JACK,0.318,0.0158,0.6662
SPADES KING CLUBS QUEEN,0.321,0.0088,0.6702
SPADES KING CLUBS NINE,0.3492,0.0082,0.6426
HEARTS SEVEN DIAMONDS FIVE,0.5484,0.0292,0.4224
HEARTS ACE DIAMONDS EIGHT,0.353,0.0048,0.6422
SPADES NINE SPADES SEVEN,0.4928,0.0302,0.477
DIAMONDS EIGHT DIAMONDS SEVEN,0.4896,0.0268,0.4836
SPADES KING DIAMONDS SIX,0.356,0.005,0.639
HEARTS FIVE SPADES TEN,0.221,0.4668,0.3122
DIAMONDS FOUR HEARTS KING,0.349,0.0104,0.6406
HEARTS TWO DIAMONDS EIGHT,0.688,0.0752,0.2368
SPADES QUEEN HEARTS JACK,0.2964,0.0066,0.697
SPADES EIGHT SPADES THREE,0.5482,0.0288,0.423
SPADES SEVEN SPADES SIX,0.488,0.0276,0.4844
SPADES SEVEN HEARTS ACE,0.3584,0.0054,0.6362
HEARTS TWO CLUBS KING,0.2302,0.0284,0.7414
SPADES JACK CLUBS SEVEN,0.3532,0.016,0.6308
HEARTS SIX HEARTS EIGHT,0.5278,0.0274,0.4448
DIAMONDS ACE DIAMONDS FIVE,0.3278,0.0048,0.6674
CLUBS FOUR DIAMONDS JACK,0.3484,0.0174,0.6342
SPADES THREE HEARTS EIGHT,0.5746,0.033,0.3924
CLUBS TWO HEARTS KING,0.2308,0.0302,0.739
HEARTS SEVEN DIAMONDS SIX,0.5232,0.0316,0.4452
CLUBS NINE HEARTS EIGHT,0.5262,0.0294,0.4444
SPADES TEN DIAMONDS NINE,0.2186,0.173,0.6084
SPADES KING DIAMONDS JACK,0.3088,0.0054,0.6858
CLUBS TWO CLUBS KING,0.2338,0.0276,0.7386
CLUBS SEVEN HEARTS TWO,0.6974,0.068,0.2346
SPADES ACE SPADES TWO,0.2198,0.0158,0.7644
HEARTS FIVE CLUBS FIVE,0.2914,0.0598,0.6488
DIAMONDS THREE DIAMONDS ACE,0.3314,0.0038,0.6648
CLUBS FIVE HEARTS QUEEN,0.3502,0.0152,0.6346
DIAMONDS KING HEARTS EIGHT,0.3642,0.0094,0.6264
DIAMONDS ACE SPADES SIX,0.3574,0.004,0.6386
DIAMONDS KING DIAMONDS TEN,0.2172,0.0312,0.7516
DIAMONDS THREE DIAMONDS TEN,0.208,0.503,0.289
DIAMONDS THREE SPADES FIVE,0.5402,0.0336,0.4262
DIAMONDS ACE DIAMONDS KING,0.3052,0.004,0.6908
HEARTS SEVEN CLUBS FOUR,0.5752,0.029,0.3958
CLUBS SIX SPADES FIVE,0.5376,0.0322,0.4302
HEARTS FOUR HEARTS ACE,0.3366,0.0064,0.657
SPADES EIGHT SPADES SEVEN,0.4966,0.0246,0.4788
CLUBS JACK HEARTS JACK,0.138,0.0224,0.8396
SPADES JACK HEARTS ACE,0.3012,0.0064,0.6924
SPADES NINE HEARTS NINE,0.273,0.0366,0.6904
SPADES FIVE CLUBS KING,0.3658,0.0084,0.6258
CLUBS NINE DIAMONDS TEN,0.2218,0.1752,0.603
CLUBS FOUR CLUBS TWO,0.6158,0.0742,0.31
HEARTS SEVEN SPADES FIVE,0.5454,0.027,0.4276
DIAMONDS TEN HEARTS KING,0.215,0.0382,0.7468
DIAMONDS JACK HEARTS EIGHT,0.3244,0.0178,0.6578
HEARTS THREE SPADES EIGHT,0.5884,0.029,0.3826
HEARTS KING SPADES TWO,0.2392,0.0342,0.7266
CLUBS FIVE CLUBS KING,0.335,0.0076,0.6574
HEARTS SEVEN DIAMONDS SEVEN,0.2836,0.0554,0.661
SPADES SIX HEARTS EIGHT,0.537,0.0286,0.4344
SPADES ACE HEARTS FOUR,0.3438,0.0052,0.651
SPADES FOUR HEARTS ACE,0.3508,0.0054,0.6438
DIAMONDS TEN HEARTS NINE,0.2148,0.1734,0.6118
SPADES NINE CLUBS THREE,0.5754,0.0284,0.3962
CLUBS THREE DIAMONDS NINE,0.5834,0.031,0.3856
SPADES SIX CLUBS TWO,0.6774,0.0668,0.2558
DIAMONDS TEN CLUBS ACE,0.2112,0.0272,0.7616
DIAMONDS TEN DIAMONDS NINE,0.209,0.1598,0.6312
CLUBS TEN SPADES QUEEN,0.227,0.047,0.726
CLUBS JACK DIAMONDS JACK,0.1202,0.023,0.8568
HEARTS SEVEN CLUBS THREE,0.5762,0.0284,0.3954
DIAMONDS FOUR CLUBS FOUR,0.2918,0.0674,0.6408
SPADES NINE DIAMONDS ACE,0.3676,0.0034,0.629
SPADES EIGHT DIAMONDS JACK,0.3408,0.0144,0.6448
SPADES SEVEN HEARTS EIGHT,0.53,0.027,0.443
HEARTS QUEEN HEARTS JACK,0.2902,0.0108,0.699
SPADES TEN HEARTS KING,0.2182,0.0362,0.7456
CLUBS JACK HEARTS QUEEN,0.2926,0.0104,0.697
SPADES TWO HEARTS NINE,0.689,0.0748,0.2362
SPADES QUEEN HEARTS ACE,0.3078,0.0048,0.6874
CLUBS TEN CLUBS QUEEN,0.2018,0.0492,0.749
SPADES EIGHT CLUBS KING,0.3606,0.005,0.6344
HEARTS TWO SPADES THREE,0.676,0.0736,0.2504
SPADES TWO DIAMONDS EIGHT,0.6806,0.0748,0.2446
CLUBS FOUR DIAMONDS KING,0.3528,0.0084,0.6388
CLUBS THREE SPADES THREE,0.295,0.0726,0.6324
DIAMONDS ACE CLUBS THREE,0.3472,0.0038,0.649
HEARTS THREE HEARTS TWO,0.6452,0.0746,0.2802
SPADES KING CLUBS THREE,0.3674,0.0078,0.6248
HEARTS SIX DIAMONDS KING,0.3594,0.01,0.6306
HEARTS FIVE HEARTS TWO,0.6378,0.0718,0.2904
CLUBS TEN CLUBS TWO,0.0208,0.9142,0.065
HEARTS JACK HEARTS EIGHT,0.3262,0.0182,0.6556
DIAMONDS THREE CLUBS TWO,0.664,0.074,0.262
SPADES FOUR DIAMONDS SIX,0.557,0.0266,0.4164
HEARTS SEVEN HEARTS EIGHT,0.505,0.0266,0.4684
SPADES KING DIAMONDS TEN,0.2268,0.0356,0.7376
SPADES ACE HEARTS SIX,0.361,0.0056,0.6334
SPADES TEN DIAMONDS ACE,0.2164,0.0242,0.7594
SPADES NINE SPADES FOUR,0.5484,0.0254,0.4262
DIAMONDS JACK SPADES THREE,0.3526,0.0204,0.627
DIAMONDS SIX CLUBS QUEEN,0.346,0.012,0.642
CLUBS KING HEARTS NINE,0.3372,0.008,0.6548
CLUBS TEN SPADES THREE,0.2186,0.5112,0.2702
HEARTS KING HEARTS JACK,0.2852,0.0054,0.7094
CLUBS SIX DIAMONDS JACK,0.3522,0.0186,0.6292
CLUBS EIGHT SPADES TWO,0.6924,0.074,0.2336
HEARTS THREE DIAMONDS QUEEN,0.3542,0.0154,0.6304
SPADES SEVEN SPADES FIVE,0.4948,0.0276,0.4776
DIAMONDS KING DIAMONDS SIX,0.3356,0.006,0.6584
HEARTS NINE DIAMONDS SIX,0.5614,0.0314,0.4072
SPADES TEN SPADES FIVE,0.2082,0.4412,0.3506
SPADES TWO CLUBS QUEEN,0.2398,0.04,0.7202
SPADES FIVE DIAMONDS SIX,0.5416,0.0242,0.4342
DIAMONDS QUEEN CLUBS KING,0.3076,0.007,0.6854
DIAMONDS NINE HEARTS QUEEN,0.3228,0.0116,0.6656
DIAMONDS TEN DIAMONDS SEVEN,0.2166,0.2818,0.5016
HEARTS SIX HEARTS QUEEN,0.3366,0.0154,0.648
SPADES SIX CLUBS QUEEN,0.3678,0.0132,0.619
SPADES FOUR SPADES THREE,0.521,0.0308,0.4482
SPADES TEN DIAMONDS SIX,0.2114,0.3668,0.4218
CLUBS NINE DIAMONDS JACK,0.3194,0.0162,0.6644
CLUBS NINE DIAMONDS ACE,0.3536,0.0054,0.641
SPADES KING SPADES FIVE,0.3406,0.0082,0.6512
SPADES NINE SPADES TWO,0.6452,0.0766,0.2782
SPADES KING CLUBS TEN,0.2302,0.0342,0.7356
HEARTS FIVE HEARTS KING,0.3448,0.0084,0.6468
HEARTS SEVEN SPADES NINE,0.543,0.0238,0.4332
SPADES SEVEN DIAMONDS QUEEN,0.349,0.013,0.638
CLUBS SIX SPADES EIGHT,0.5392,0.0246,0.4362
SPADES QUEEN SPADES TWO,0.2276,0.0352,0.7372
CLUBS THREE HEARTS JACK,0.3558,0.0194,0.6248
HEARTS THREE DIAMONDS FIVE,0.55,0.034,0.416
HEARTS SIX DIAMONDS SIX,0.2892,0.056,0.6548
CLUBS FIVE HEARTS KING,0.3504,0.01,0.6396
SPADES SIX DIAMONDS TEN,0.2058,0.39,0.4042
DIAMONDS QUEEN SPADES FIVE,0.3452,0.0148,0.64
SPADES TEN DIAMONDS JACK,0.2048,0.053,0.7422
DIAMONDS THREE SPADES THREE,0.2918,0.0762,0.632
SPADES JACK SPADES SEVEN,0.3318,0.0156,0.6526
HEARTS FIVE SPADES SEVEN,0.5252,0.0296,0.4452
DIAMONDS JACK CLUBS QUEEN,0.3084,0.0084,0.6832
SPADES QUEEN CLUBS QUEEN,0.1402,0.0166,0.8432
HEARTS QUEEN DIAMONDS SIX,0.3446,0.01,0.6454
HEARTS THREE HEARTS JACK,0.3398,0.0206,0.6396
SPADES SIX HEARTS JACK,0.3596,0.019,0.6214
DIAMONDS TEN DIAMONDS SIX,0.216,0.3634,0.4206
CLUBS SIX DIAMONDS EIGHT,0.5354,0.0262,0.4384
SPADES KING CLUBS SIX,0.3708,0.007,0.6222
CLUBS EIGHT CLUBS SEVEN,0.4964,0.0238,0.4798
SPADES KING SPADES NINE,0.3242,0.0084,0.6674
DIAMONDS FOUR CLUBS ACE,0.3518,0.0048,0.6434
HEARTS JACK CLUBS KING,0.3056,0.008,0.6864
SPADES QUEEN SPADES EIGHT,0.3276,0.009,0.6634
SPADES SEVEN DIAMONDS NINE,0.543,0.0254,0.4316
SPADES FIVE HEARTS KING,0.3516,0.011,0.6374
DIAMONDS EIGHT CLUBS QUEEN,0.354,0.0126,0.6334
CLUBS TEN CLUBS THREE,0.2152,0.4752,0.3096
SPADES SEVEN CLUBS QUEEN,0.3504,0.0124,0.6372
HEARTS THREE SPADES NINE,0.5854,0.0286,0.386
CLUBS NINE CLUBS QUEEN,0.3124,0.0116,0.676
CLUBS SIX DIAMONDS SIX,0.2768,0.055,0.6682
CLUBS SIX DIAMONDS SEVEN,0.543,0.0242,0.4328
CLUBS FIVE SPADES TWO,0.6472,0.0732,0.2796
CLUBS JACK CLUBS NINE,0.311,0.0136,0.6754
CLUBS FIVE DIAMONDS EIGHT,0.5574,0.0276,0.415
SPADES ACE CLUBS JACK,0.3248,0.003,0.6722
HEARTS FIVE SPADES NINE,0.5724,0.0286,0.399
HEARTS QUEEN CLUBS QUEEN,0.1358,0.0154,0.8488
HEARTS SEVEN DIAMONDS KING,0.3472,0.0082,0.6446
SPADES FOUR DIAMONDS EIGHT,0.5812,0.027,0.3918
CLUBS ACE CLUBS KING,0.3118,0.004,0.6842
HEARTS SIX CLUBS EIGHT,0.5508,0.0284,0.4208
SPADES JACK CLUBS KING,0.3136,0.0066,0.6798
SPADES NINE DIAMONDS SIX,0.543,0.0284,0.4286
DIAMONDS QUEEN DIAMONDS FIVE,0.3482,0.0132,0.6386
SPADES TWO DIAMONDS FIVE,0.6506,0.0824,0.267
CLUBS EIGHT HEARTS KING,0.3588,0.0088,0.6324
HEARTS FIVE HEARTS ACE,0.3358,0.0064,0.6578
HEARTS SEVEN DIAMONDS ACE,0.3446,0.005,0.6504
DIAMONDS THREE SPADES NINE,0.5854,0.0278,0.3868
HEARTS TWO SPADES SEVEN,0.694,0.07,0.236
CLUBS FOUR SPADES FIVE,0.5398,0.032,0.4282
HEARTS THREE HEARTS KING,0.342,0.0104,0.6476
SPADES EIGHT HEARTS EIGHT,0.2786,0.0506,0.6708
CLUBS TWO DIAMONDS JACK,0.2326,0.0544,0.713
SPADES ACE CLUBS ACE,0.1236,0.005,0.8714
CLUBS JACK CLUBS TWO,0.2154,0.053,0.7316
HEARTS THREE DIAMONDS ACE,0.3526,0.0062,0.6412
DIAMONDS ACE DIAMONDS NINE,0.3406,0.0046,0.6548
SPADES JACK HEARTS EIGHT,0.3336,0.017,0.6494
HEARTS SIX HEARTS KING,0.3462,0.0082,0.6456
DIAMONDS THREE DIAMONDS QUEEN,0.3404,0.0152,0.6444
HEARTS SEVEN SPADES EIGHT,0.5256,0.0278,0.4466
HEARTS FOUR CLUBS ACE,0.3488,0.0044,0.6468
CLUBS THREE DIAMONDS TEN,0.2144,0.519,0.2666
HEARTS FOUR CLUBS SIX,0.5528,0.0296,0.4176
HEARTS SIX CLUBS QUEEN,0.3558,0.0098,0.6344
DIAMONDS THREE CLUBS SIX,0.5638,0.0278,0.4084
HEARTS TWO DIAMONDS KING,0.23,0.0354,0.7346
CLUBS NINE SPADES SIX,0.5616,0.0298,0.4086
HEARTS THREE CLUBS KING,0.362,0.0072,0.6308
CLUBS FIVE SPADES SIX,0.5298,0.0308,0.4394
SPADES EIGHT CLUBS ACE,0.3588,0.0046,0.6366
DIAMONDS SEVEN CLUBS QUEEN,0.349,0.0076,0.6434
DIAMONDS NINE DIAMONDS EIGHT,0.5016,0.0244,0.474
HEARTS ACE DIAMONDS SIX,0.3606,0.0066,0.6328
SPADES TEN SPADES NINE,0.218,0.1642,0.6178
DIAMONDS FOUR CLUBS FIVE,0.5532,0.032,0.4148
SPADES JACK SPADES FIVE,0.3304,0.016,0.6536
CLUBS THREE CLUBS QUEEN,0.3356,0.0112,0.6532
DIAMONDS NINE HEARTS JACK,0.3174,0.0134,0.6692
DIAMONDS FOUR HEARTS TWO,0.6618,0.085,0.2532
CLUBS FIVE DIAMONDS SIX,0.538,0.0302,0.4318
HEARTS FOUR DIAMONDS SEVEN,0.555,0.026,0.419
SPADES SIX HEARTS NINE,0.557,0.0242,0.4188
SPADES SIX DIAMONDS SEVEN,0.5296,0.0276,0.4428
CLUBS EIGHT SPADES NINE,0.5414,0.0258,0.4328
CLUBS EIGHT CLUBS FOUR,0.527,0.0286,0.4444
DIAMONDS QUEEN DIAMONDS EIGHT,0.3314,0.011,0.6576
SPADES NINE DIAMONDS JACK,0.3296,0.0156,0.6548
SPADES KING HEARTS ACE,0.313,0.0042,0.6828
CLUBS JACK HEARTS THREE,0.3596,0.0174,0.623
HEARTS FOUR CLUBS FIVE,0.5548,0.0306,0.4146
SPADES TEN HEARTS JACK,0.2164,0.0548,0.7288
SPADES SIX HEARTS QUEEN,0.3528,0.011,0.6362
SPADES EIGHT SPADES FIVE,0.5122,0.0286,0.4592
SPADES SEVEN CLUBS ACE,0.348,0.0036,0.6484
CLUBS THREE SPADES FOUR,0.539,0.0328,0.4282
HEARTS FIVE HEARTS EIGHT,0.5284,0.0294,0.4422
SPADES SIX SPADES TWO,0.6386,0.0706,0.2908
DIAMONDS QUEEN DIAMONDS TEN,0.2176,0.0464,0.736
HEARTS FIVE CLUBS TWO,0.6694,0.0744,0.2562
SPADES KING SPADES SIX,0.3406,0.0096,0.6498
HEARTS SIX SPADES EIGHT,0.5456,0.0306,0.4238
HEARTS QUEEN HEARTS EIGHT,0.3312,0.013,0.6558
HEARTS SIX DIAMONDS ACE,0.3522,0.0052,0.6426
SPADES QUEEN HEARTS QUEEN,0.1294,0.0154,0.8552
DIAMONDS ACE DIAMONDS SIX,0.3396,0.0046,0.6558
CLUBS EIGHT DIAMONDS ACE,0.3398,0.0046,0.6556
CLUBS SEVEN CLUBS ACE,0.325,0.0028,0.6722
CLUBS TWO HEARTS NINE,0.6918,0.0728,0.2354
HEARTS SIX DIAMONDS EIGHT,0.5484,0.0292,0.4224
DIAMONDS QUEEN CLUBS ACE,0.3168,0.0042,0.679
SPADES SEVEN SPADES FOUR,0.5284,0.0282,0.4434
HEARTS TWO DIAMONDS FIVE,0.6664,0.0712,0.2624
DIAMONDS THREE HEARTS THREE,0.2978,0.069,0.6332
HEARTS THREE CLUBS FOUR,0.5544,0.0354,0.4102
HEARTS SEVEN CLUBS QUEEN,0.3614,0.0112,0.6274
CLUBS JACK HEARTS SIX,0.3716,0.022,0.6064
SPADES JACK SPADES SIX,0.3244,0.018,0.6576
SPADES SEVEN CLUBS FOUR,0.5526,0.0302,0.4172
CLUBS EIGHT DIAMONDS SEVEN,0.5264,0.027,0.4466
DIAMONDS KING DIAMONDS NINE,0.334,0.0088,0.6572
CLUBS NINE HEARTS THREE,0.5838,0.026,0.3902
HEARTS SIX CLUBS ACE,0.3684,0.0048,0.6268
CLUBS FIVE DIAMONDS KING,0.3712,0.0066,0.6222
SPADES QUEEN SPADES FIVE,0.3496,0.0126,0.6378
SPADES SEVEN DIAMONDS KING,0.3508,0.0058,0.6434
CLUBS NINE DIAMONDS QUEEN,0.335,0.011,0.654
CLUBS FOUR SPADES THREE,0.5532,0.0308,0.416
DIAMONDS ACE HEARTS JACK,0.3048,0.0032,0.692
HEARTS THREE DIAMONDS SEVEN,0.574,0.0316,0.3944
CLUBS JACK HEARTS TWO,0.2392,0.054,0.7068
DIAMONDS SEVEN DIAMONDS FIVE,0.5052,0.03,0.4648
CLUBS TEN HEARTS KING,0.2142,0.0348,0.751
SPADES KING CLUBS EIGHT,0.358,0.0088,0.6332
CLUBS EIGHT CLUBS KING,0.333,0.0064,0.6606
CLUBS JACK HEARTS NINE,0.3418,0.0166,0.6416
DIAMONDS THREE SPADES JACK,0.357,0.0228,0.6202
CLUBS NINE HEARTS KING,0.3406,0.009,0.6504
HEARTS FOUR HEARTS JACK,0.3432,0.0166,0.6402
CLUBS JACK CLUBS SIX,0.3472,0.017,0.6358
SPADES ACE CLUBS FOUR,0.3484,0.0036,0.648
SPADES EIGHT CLUBS THREE,0.5846,0.0278,0.3876
DIAMONDS FOUR SPADES NINE,0.576,0.0292,0.3948
DIAMONDS FOUR CLUBS THREE,0.5546,0.0348,0.4106
SPADES ACE HEARTS THREE,0.3502,0.005,0.6448
SPADES QUEEN HEARTS TWO,0.2378,0.0378,0.7244
CLUBS JACK SPADES SIX,0.3484,0.0158,0.6358
HEARTS FOUR CLUBS TWO,0.6582,0.0796,0.2622
SPADES TEN HEARTS NINE,0.2246,0.1666,0.6088
SPADES TEN SPADES TWO,0.023,0.9058,0.0712
SPADES NINE CLUBS SIX,0.5564,0.0294,0.4142
SPADES NINE HEARTS EIGHT,0.537,0.025,0.438
SPADES KING DIAMONDS QUEEN,0.3038,0.007,0.6892
SPADES KING DIAMONDS THREE,0.3628,0.0114,0.6258
DIAMONDS THREE CLUBS SEVEN,0.5536,0.035,0.4114
HEARTS SIX HEARTS FIVE,0.5084,0.0292,0.4624
HEARTS TWO CLUBS TWO,0.29,0.0498,0.6602
HEARTS FIVE CLUBS EIGHT,0.5606,0.0264,0.413
SPADES EIGHT SPADES SIX,0.509,0.0254,0.4656
HEARTS FIVE SPADES THREE,0.5548,0.0352,0.41
CLUBS SEVEN HEARTS QUEEN,0.35,0.0106,0.6394
SPADES JACK CLUBS FOUR,0.3582,0.0192,0.6226
DIAMONDS THREE HEARTS JACK,0.3446,0.0182,0.6372
DIAMONDS KING DIAMONDS FIVE,0.335,0.01,0.655
CLUBS SEVEN DIAMONDS EIGHT,0.517,0.0308,0.4522
CLUBS FIVE DIAMONDS JACK,0.3688,0.019,0.6122
SPADES EIGHT DIAMONDS FIVE,0.5418,0.0276,0.4306
SPADES KING CLUBS FOUR,0.3544,0.0092,0.6364
CLUBS NINE CLUBS EIGHT,0.4918,0.022,0.4862
CLUBS NINE DIAMONDS NINE,0.2628,0.0408,0.6964
SPADES ACE SPADES FOUR,0.3474,0.005,0.6476
CLUBS EIGHT SPADES SEVEN,0.5212,0.0276,0.4512
DIAMONDS FOUR CLUBS SIX,0.5504,0.0262,0.4234
CLUBS TEN SPADES NINE,0.2172,0.1702,0.6126
CLUBS SIX DIAMONDS KING,0.3584,0.0078,0.6338
HEARTS SEVEN HEARTS QUEEN,0.3476,0.0112,0.6412
DIAMONDS KING HEARTS QUEEN,0.3014,0.0074,0.6912
HEARTS FOUR SPADES THREE,0.5586,0.0348,0.4066
CLUBS SIX HEARTS NINE,0.5588,0.0244,0.4168
HEARTS THREE HEARTS NINE,0.5638,0.0328,0.4034
SPADES EIGHT DIAMONDS SIX,0.5368,0.026,0.4372
CLUBS SIX HEARTS TWO,0.6774,0.0734,0.2492
CLUBS JACK SPADES FIVE,0.3578,0.0176,0.6246
SPADES JACK HEARTS THREE,0.354,0.0198,0.6262
HEARTS FOUR CLUBS KING,0.3618,0.0132,0.625
HEARTS SEVEN HEARTS ACE,0.3334,0.0054,0.6612
SPADES EIGHT DIAMONDS SEVEN,0.5108,0.0298,0.4594
HEARTS THREE HEARTS QUEEN,0.3342,0.0122,0.6536
HEARTS ACE CLUBS QUEEN,0.3178,0.0052,0.677
CLUBS TEN HEARTS FOUR,0.2224,0.513,0.2646
DIAMONDS THREE CLUBS FIVE,0.5716,0.0292,0.3992
CLUBS SIX SPADES THREE,0.5618,0.0296,0.4086
SPADES EIGHT CLUBS QUEEN,0.357,0.0102,0.6328
HEARTS TWO DIAMONDS JACK,0.2304,0.0574,0.7122
SPADES QUEEN CLUBS TWO,0.2444,0.0386,0.717
SPADES NINE CLUBS ACE,0.3516,0.0038,0.6446
DIAMONDS JACK DIAMONDS SEVEN,0.3324,0.0184,0.6492
DIAMONDS FOUR HEARTS ACE,0.3426,0.0062,0.6512
CLUBS NINE SPADES TWO,0.6872,0.0734,0.2394
HEARTS SEVEN SPADES SEVEN,0.2744,0.0548,0.6708
CLUBS NINE SPADES SEVEN,0.536,0.0292,0.4348
CLUBS TEN HEARTS NINE,0.2104,0.1708,0.6188
CLUBS SIX DIAMONDS TEN,0.2156,0.3772,0.4072
HEARTS ACE HEARTS NINE,0.3438,0.0048,0.6514
SPADES JACK DIAMONDS NINE,0.32,0.0164,0.6636
SPADES ACE DIAMONDS JACK,0.3028,0.0042,0.693
CLUBS SIX SPADES SEVEN,0.5264,0.0278,0.4458
SPADES FIVE SPADES FOUR,0.4942,0.0266,0.4792
DIAMONDS QUEEN DIAMONDS SEVEN,0.3448,0.0138,0.6414
DIAMONDS THREE CLUBS KING,0.3444,0.0086,0.647
DIAMONDS EIGHT HEARTS EIGHT,0.274,0.049,0.677
CLUBS SEVEN HEARTS NINE,0.5552,0.0256,0.4192
CLUBS SEVEN HEARTS JACK,0.341,0.0176,0.6414
CLUBS THREE DIAMONDS FIVE,0.5506,0.033,0.4164
HEARTS QUEEN CLUBS ACE,0.3146,0.004,0.6814
CLUBS NINE CLUBS ACE,0.3348,0.0042,0.661
SPADES TEN HEARTS EIGHT,0.2158,0.2236,0.5606
CLUBS SIX CLUBS THREE,0.5334,0.0312,0.4354
CLUBS THREE HEARTS EIGHT,0.597,0.0306,0.3724
CLUBS FIVE DIAMONDS FIVE,0.2846,0.0612,0.6542
DIAMONDS NINE SPADES TWO,0.6896,0.0726,0.2378
CLUBS SEVEN SPADES FIVE,0.5542,0.0286,0.4172
CLUBS TEN SPADES JACK,0.2146,0.0536,0.7318
HEARTS FIVE DIAMONDS SEVEN,0.5352,0.0296,0.4352
SPADES ACE HEARTS KING,0.3096,0.0044,0.686
CLUBS SEVEN SPADES THREE,0.584,0.0254,0.3906
CLUBS JACK CLUBS ACE,0.299,0.0044,0.6966
HEARTS FOUR SPADES SEVEN,0.565,0.0302,0.4048
DIAMONDS NINE CLUBS QUEEN,0.326,0.01,0.664
HEARTS QUEEN DIAMONDS SEVEN,0.3406,0.0116,0.6478
SPADES NINE HEARTS JACK,0.3218,0.0172,0.661
DIAMONDS QUEEN HEARTS ACE,0.3056,0.006,0.6884
SPADES FOUR DIAMONDS TEN,0.2154,0.5196,0.265
SPADES ACE CLUBS EIGHT,0.3512,0.0036,0.6452
SPADES ACE CLUBS FIVE,0.3476,0.0022,0.6502
CLUBS SIX CLUBS TWO,0.6352,0.068,0.2968
HEARTS SIX DIAMONDS THREE,0.5604,0.0318,0.4078
CLUBS EIGHT DIAMONDS QUEEN,0.3492,0.0104,0.6404
SPADES ACE CLUBS THREE,0.3598,0.0052,0.635
CLUBS THREE CLUBS KING,0.3344,0.0076,0.658
CLUBS FOUR CLUBS THREE,0.5082,0.031,0.4608
DIAMONDS KING DIAMONDS QUEEN,0.2918,0.0076,0.7006
HEARTS SEVEN HEARTS THREE,0.5274,0.0286,0.444
HEARTS ACE DIAMONDS FIVE,0.3432,0.0062,0.6506
SPADES ACE DIAMONDS THREE,0.328,0.004,0.668
HEARTS SEVEN DIAMONDS EIGHT,0.5248,0.0296,0.4456
SPADES ACE HEARTS JACK,0.3082,0.0034,0.6884
CLUBS SEVEN DIAMONDS TEN,0.2124,0.2928,0.4948
DIAMONDS FOUR DIAMONDS THREE,0.5182,0.034,0.4478
DIAMONDS QUEEN SPADES THREE,0.3484,0.0138,0.6378
SPADES QUEEN SPADES FOUR,0.3472,0.0142,0.6386
CLUBS JACK HEARTS ACE,0.3032,0.0052,0.6916
HEARTS SIX CLUBS SIX,0.2958,0.0568,0.6474
HEARTS TWO HEARTS NINE,0.6588,0.0782,0.263
DIAMONDS FOUR SPADES TEN,0.214,0.5162,0.2698
SPADES THREE HEARTS JACK,0.3622,0.022,0.6158
SPADES THREE DIAMONDS FIVE,0.5494,0.0336,0.417
SPADES NINE DIAMONDS NINE,0.2634,0.038,0.6986
DIAMONDS ACE SPADES FOUR,0.3516,0.0054,0.643
HEARTS NINE DIAMONDS FIVE,0.5598,0.0306,0.4096
SPADES FIVE CLUBS QUEEN,0.3782,0.0122,0.6096
HEARTS ACE HEARTS QUEEN,0.3012,0.0048,0.694
CLUBS TEN SPADES SIX,0.23,0.3676,0.4024
SPADES FOUR CLUBS QUEEN,0.3616,0.0106,0.6278
DIAMONDS JACK HEARTS QUEEN,0.2926,0.0106,0.6968
HEARTS FOUR HEARTS EIGHT,0.5454,0.0274,0.4272
DIAMONDS QUEEN DIAMONDS SIX,0.3362,0.012,0.6518
CLUBS SIX SPADES TWO,0.6686,0.0748,0.2566
SPADES NINE CLUBS FOUR,0.5904,0.0276,0.382
SPADES QUEEN HEARTS THREE,0.3638,0.0118,0.6244
DIAMONDS FOUR HEARTS FIVE,0.5466,0.0302,0.4232
SPADES FIVE HEARTS QUEEN,0.3558,0.0108,0.6334
DIAMONDS EIGHT DIAMONDS SIX,0.5184,0.0234,0.4582
DIAMONDS THREE SPADES FOUR,0.5564,0.0354,0.4082
DIAMONDS THREE DIAMONDS KING,0.3516,0.0084,0.64
CLUBS EIGHT CLUBS THREE,0.5482,0.0338,0.418
DIAMONDS QUEEN SPADES TWO,0.2276,0.0396,0.7328
CLUBS THREE CLUBS TWO,0.6194,0.0696,0.311
HEARTS TWO DIAMONDS TEN,0.009,0.9834,0.0076
CLUBS SEVEN DIAMONDS ACE,0.3576,0.005,0.6374
SPADES TEN DIAMONDS KING,0.22,0.038,0.742
SPADES TEN SPADES THREE,0.1948,0.496,0.3092
SPADES KING SPADES TEN,0.2106,0.0368,0.7526
CLUBS TWO DIAMONDS SIX,0.6854,0.0742,0.2404
DIAMONDS JACK DIAMONDS EIGHT,0.3166,0.019,0.6644
HEARTS SEVEN SPADES TWO,0.6928,0.0746,0.2326
DIAMONDS FOUR CLUBS QUEEN,0.3486,0.012,0.6394
CLUBS FOUR HEARTS EIGHT,0.5734,0.0314,0.3952
SPADES JACK DIAMONDS ACE,0.319,0.0036,0.6774
DIAMONDS TEN CLUBS QUEEN,0.2212,0.0494,0.7294
HEARTS KING DIAMONDS SEVEN,0.3378,0.0084,0.6538
HEARTS SEVEN SPADES TEN,0.2096,0.3108,0.4796
SPADES TEN HEARTS THREE,0.223,0.5212,0.2558
HEARTS QUEEN DIAMONDS FIVE,0.3394,0.0122,0.6484
DIAMONDS THREE HEARTS NINE,0.5868,0.0314,0.3818
CLUBS THREE SPADES FIVE,0.5464,0.0336,0.42
SPADES ACE DIAMONDS FOUR,0.3426,0.0064,0.651
SPADES JACK CLUBS TWO,0.2338,0.0474,0.7188
SPADES TEN CLUBS SEVEN,0.2256,0.2914,0.483
SPADES NINE DIAMONDS FIVE,0.558,0.0294,0.4126
CLUBS EIGHT DIAMONDS EIGHT,0.2638,0.0438,0.6924
SPADES KING SPADES EIGHT,0.3248,0.0088,0.6664
SPADES QUEEN HEARTS NINE,0.349,0.011,0.64
CLUBS JACK SPADES JACK,0.1364,0.0238,0.8398
CLUBS TEN HEARTS ACE,0.2212,0.0302,0.7486
SPADES THREE CLUBS KING,0.3596,0.0084,0.632
HEARTS THREE DIAMONDS NINE,0.5818,0.0288,0.3894
HEARTS TWO HEARTS ACE,0.2328,0.017,0.7502
HEARTS FIVE SPADES SIX,0.5434,0.0264,0.4302
SPADES FOUR DIAMONDS SEVEN,0.5504,0.0284,0.4212
CLUBS TEN HEARTS FIVE,0.2146,0.4698,0.3156
CLUBS JACK SPADES EIGHT,0.3274,0.0158,0.6568
CLUBS QUEEN HEARTS EIGHT,0.3458,0.0138,0.6404
SPADES ACE CLUBS SIX,0.3712,0.003,0.6258
SPADES KING SPADES THREE,0.3488,0.0092,0.642
CLUBS JACK CLUBS FIVE,0.334,0.0166,0.6494
SPADES ACE DIAMONDS EIGHT,0.3486,0.0034,0.648
DIAMONDS FOUR SPADES TWO,0.6594,0.072,0.2686
DIAMONDS KING CLUBS TWO,0.2186,0.0314,0.75
DIAMONDS TEN DIAMONDS EIGHT,0.2,0.224,0.576
CLUBS EIGHT DIAMONDS FIVE,0.5462,0.028,0.4258
DIAMONDS NINE DIAMONDS FIVE,0.546,0.0272,0.4268
HEARTS THREE CLUBS SIX,0.5684,0.0294,0.4022
SPADES QUEEN CLUBS EIGHT,0.3516,0.012,0.6364
CLUBS ACE DIAMONDS SEVEN,0.346,0.0044,0.6496
DIAMONDS TEN SPADES THREE,0.2114,0.5186,0.27
HEARTS FOUR DIAMONDS KING,0.3664,0.0084,0.6252
CLUBS EIGHT CLUBS TWO,0.6434,0.0756,0.281
SPADES SEVEN DIAMONDS EIGHT,0.5142,0.0274,0.4584
HEARTS THREE DIAMONDS EIGHT,0.5798,0.0288,0.3914
CLUBS ACE HEARTS JACK,0.3124,0.0056,0.682
CLUBS QUEEN DIAMONDS FIVE,0.3514,0.0114,0.6372
SPADES KING DIAMONDS FIVE,0.345,0.0102,0.6448
CLUBS TEN HEARTS JACK,0.2138,0.0524,0.7338
CLUBS SIX HEARTS KING,0.3542,0.0074,0.6384
CLUBS THREE CLUBS ACE,0.3124,0.0052,0.6824
CLUBS KING DIAMONDS FIVE,0.3522,0.0066,0.6412
CLUBS JACK DIAMONDS QUEEN,0.2818,0.0116,0.7066
CLUBS NINE SPADES FIVE,0.565,0.0292,0.4058
CLUBS EIGHT HEARTS QUEEN,0.365,0.0108,0.6242
CLUBS FOUR DIAMONDS EIGHT,0.5668,0.0314,0.4018
HEARTS SEVEN SPADES SIX,0.5308,0.0262,0.443
CLUBS FOUR DIAMONDS SEVEN,0.548,0.0306,0.4214
SPADES FOUR HEARTS KING,0.3486,0.0094,0.642
HEARTS ACE SPADES TWO,0.2388,0.018,0.7432
HEARTS KING HEARTS QUEEN,0.289,0.0084,0.7026
DIAMONDS NINE DIAMONDS SEVEN,0.5068,0.0244,0.4688
CLUBS TWO SPADES THREE,0.6692,0.0688,0.262
HEARTS THREE HEARTS ACE,0.345,0.005,0.65
CLUBS SEVEN CLUBS FIVE,0.5152,0.0268,0.458
CLUBS TWO HEARTS QUEEN,0.2324,0.038,0.7296
DIAMONDS JACK HEARTS KING,0.3016,0.0088,0.6896
SPADES ACE SPADES EIGHT,0.3328,0.0038,0.6634
DIAMONDS THREE HEARTS FIVE,0.5648,0.0328,0.4024
DIAMONDS JACK HEARTS JACK,0.129,0.0228,0.8482
HEARTS SEVEN DIAMONDS JACK,0.3378,0.0218,0.6404
HEARTS FOUR SPADES TWO,0.6668,0.0796,0.2536
SPADES ACE SPADES SEVEN,0.334,0.0044,0.6616
SPADES QUEEN CLUBS FOUR,0.3718,0.014,0.6142
HEARTS SEVEN CLUBS EIGHT,0.5336,0.0274,0.439
SPADES ACE SPADES JACK,0.2982,0.003,0.6988
SPADES FIVE DIAMONDS JACK,0.3506,0.016,0.6334
CLUBS FOUR HEARTS NINE,0.5794,0.0272,0.3934
CLUBS SEVEN CLUBS FOUR,0.517,0.0296,0.4534
SPADES JACK HEARTS KING,0.2998,0.0082,0.692
CLUBS EIGHT HEARTS JACK,0.3258,0.0198,0.6544
HEARTS SEVEN HEARTS FOUR,0.5356,0.0232,0.4412
HEARTS TWO CLUBS ACE,0.2348,0.018,0.7472
SPADES SEVEN DIAMONDS SEVEN,0.267,0.0528,0.6802
CLUBS JACK DIAMONDS EIGHT,0.3452,0.0126,0.6422
HEARTS FIVE HEARTS JACK,0.3356,0.023,0.6414
SPADES KING DIAMONDS NINE,0.3382,0.0108,0.651
DIAMONDS FOUR DIAMONDS JACK,0.3354,0.0216,0.643
SPADES TEN CLUBS ACE,0.2208,0.0298,0.7494
CLUBS TEN SPADES FIVE,0.2124,0.47,0.3176
CLUBS JACK SPADES SEVEN,0.3604,0.0218,0.6178
SPADES KING CLUBS KING,0.1358,0.014,0.8502
DIAMONDS THREE SPADES SIX,0.5666,0.027,0.4064
HEARTS SIX HEARTS TWO,0.629,0.0746,0.2964
CLUBS EIGHT CLUBS FIVE,0.5176,0.0286,0.4538
HEARTS SEVEN HEARTS FIVE,0.5314,0.0268,0.4418
SPADES KING CLUBS FIVE,0.3568,0.0052,0.638
HEARTS SIX SPADES TEN,0.2212,0.3814,0.3974
DIAMONDS QUEEN SPADES FOUR,0.3462,0.0132,0.6406
DIAMONDS THREE HEARTS ACE,0.3352,0.0058,0.659
HEARTS FOUR SPADES EIGHT,0.5702,0.0262,0.4036
CLUBS TEN DIAMONDS SEVEN,0.215,0.3002,0.4848
SPADES FIVE DIAMONDS TEN,0.2148,0.4792,0.306
CLUBS TEN DIAMONDS SIX,0.206,0.3856,0.4084
CLUBS TEN CLUBS KING,0.2102,0.0352,0.7546
SPADES JACK SPADES NINE,0.3032,0.0168,0.68
SPADES TEN CLUBS FIVE,0.208,0.4592,0.3328
SPADES SIX DIAMONDS JACK,0.3584,0.0172,0.6244
SPADES FOUR HEARTS QUEEN,0.356,0.0118,0.6322
HEARTS FOUR DIAMONDS QUEEN,0.363,0.012,0.625
HEARTS FOUR DIAMONDS TEN,0.2072,0.525,0.2678
CLUBS EIGHT CLUBS SIX,0.5172,0.025,0.4578
SPADES THREE CLUBS QUEEN,0.3594,0.0108,0.6298
DIAMONDS KING SPADES TWO,0.2326,0.032,0.7354
CLUBS THREE DIAMONDS EIGHT,0.5696,0.0338,0.3966
HEARTS JACK DIAMONDS FIVE,0.3486,0.019,0.6324
HEARTS TWO HEARTS KING,0.2338,0.0322,0.734
HEARTS THREE SPADES SEVEN,0.5736,0.0324,0.394
CLUBS NINE CLUBS KING,0.3268,0.0086,0.6646
SPADES QUEEN DIAMONDS NINE,0.3238,0.0088,0.6674
CLUBS FOUR DIAMONDS TEN,0.209,0.5128,0.2782
HEARTS FIVE CLUBS QUEEN,0.3522,0.0096,0.6382
SPADES TEN SPADES EIGHT,0.1992,0.2194,0.5814
HEARTS SIX SPADES SIX,0.2988,0.0588,0.6424
DIAMONDS FOUR CLUBS SEVEN,0.5628,0.0304,0.4068
SPADES SIX CLUBS KING,0.366,0.006,0.628
DIAMONDS FOUR DIAMONDS SEVEN,0.5218,0.0268,0.4514
CLUBS FOUR HEARTS JACK,0.3452,0.0168,0.638
DIAMONDS JACK HEARTS ACE,0.2986,0.0042,0.6972
SPADES NINE CLUBS FIVE,0.5742,0.0244,0.4014
CLUBS THREE DIAMONDS SEVEN,0.5712,0.0282,0.4006
CLUBS EIGHT SPADES FOUR,0.5688,0.028,0.4032
CLUBS SEVEN CLUBS SIX,0.5012,0.0264,0.4724
CLUBS JACK SPADES FOUR,0.3624,0.0204,0.6172
CLUBS EIGHT HEARTS NINE,0.5386,0.028,0.4334
HEARTS SEVEN SPADES KING,0.3492,0.01,0.6408
SPADES TEN DIAMONDS SEVEN,0.2162,0.2796,0.5042
SPADES QUEEN HEARTS EIGHT,0.3532,0.0098,0.637
CLUBS SIX SPADES SIX,0.2936,0.0636,0.6428
DIAMONDS FOUR DIAMONDS TEN,0.2184,0.483,0.2986
SPADES ACE SPADES QUEEN,0.2976,0.0044,0.698
SPADES THREE DIAMONDS SIX,0.556,0.0338,0.4102
DIAMONDS SEVEN DIAMONDS SIX,0.509,0.0288,0.4622
SPADES TEN DIAMONDS QUEEN,0.2178,0.0502,0.732
HEARTS SIX HEARTS FOUR,0.5332,0.0326,0.4342
CLUBS JACK HEARTS SEVEN,0.348,0.016,0.636
HEARTS FIVE DIAMONDS SIX,0.537,0.0296,0.4334
CLUBS SIX CLUBS ACE,0.3326,0.0068,0.6606
SPADES NINE SPADES FIVE,0.5136,0.0262,0.4602
SPADES ACE DIAMONDS TEN,0.2134,0.0226,0.764
SPADES JACK CLUBS EIGHT,0.3428,0.0138,0.6434
SPADES TEN CLUBS FOUR,0.2194,0.5096,0.271
SPADES EIGHT DIAMONDS KING,0.3536,0.0098,0.6366
SPADES QUEEN DIAMONDS FIVE,0.3484,0.0136,0.638
DIAMONDS SEVEN HEARTS EIGHT,0.5332,0.0278,0.439
DIAMONDS FOUR SPADES JACK,0.3462,0.0172,0.6366
SPADES SIX CLUBS ACE,0.3676,0.0042,0.6282
SPADES FIVE SPADES THREE,0.5184,0.027,0.4546
DIAMONDS FOUR HEARTS SIX,0.5462,0.0316,0.4222
HEARTS FOUR SPADES TEN,0.2194,0.5134,0.2672
HEARTS SEVEN SPADES FOUR,0.5692,0.0298,0.401
HEARTS FIVE CLUBS FOUR,0.5434,0.0296,0.427
CLUBS THREE HEARTS NINE,0.5862,0.028,0.3858
SPADES SEVEN HEARTS QUEEN,0.3478,0.014,0.6382
DIAMONDS KING DIAMONDS SEVEN,0.344,0.008,0.648
HEARTS NINE CLUBS QUEEN,0.343,0.0128,0.6442
SPADES JACK DIAMONDS SEVEN,0.3442,0.0142,0.6416
CLUBS EIGHT HEARTS FOUR,0.5816,0.031,0.3874
DIAMONDS TEN CLUBS KING,0.2146,0.0338,0.7516
SPADES QUEEN SPADES SIX,0.351,0.0114,0.6376
CLUBS SEVEN SPADES SEVEN,0.2772,0.051,0.6718
SPADES TEN CLUBS KING,0.2266,0.0354,0.738
SPADES SIX HEARTS ACE,0.3626,0.0048,0.6326
DIAMONDS THREE CLUBS ACE,0.3666,0.0052,0.6282
CLUBS SEVEN CLUBS QUEEN,0.334,0.0124,0.6536
HEARTS FOUR HEARTS THREE,0.5178,0.0292,0.453
CLUBS JACK HEARTS FOUR,0.3624,0.0186,0.619
CLUBS NINE CLUBS SEVEN,0.509,0.0306,0.4604
SPADES ACE SPADES FIVE,0.3236,0.0052,0.6712
HEARTS TWO SPADES SIX,0.6782,0.073,0.2488
CLUBS SIX SPADES FOUR,0.545,0.0312,0.4238
SPADES KING HEARTS TWO,0.2406,0.0318,0.7276
DIAMONDS ACE HEARTS ACE,0.113,0.005,0.882
HEARTS THREE SPADES FIVE,0.5552,0.0298,0.415
SPADES ACE DIAMONDS FIVE,0.3712,0.0048,0.624
DIAMONDS JACK CLUBS KING,0.2996,0.0092,0.6912
CLUBS FIVE DIAMONDS TEN,0.209,0.4582,0.3328
CLUBS TEN DIAMONDS JACK,0.208,0.0574,0.7346
HEARTS FIVE CLUBS SEVEN,0.542,0.0292,0.4288
SPADES SIX DIAMONDS NINE,0.5588,0.0264,0.4148
SPADES SIX DIAMONDS EIGHT,0.544,0.0276,0.4284
SPADES FIVE DIAMONDS NINE,0.559,0.032,0.409
SPADES ACE DIAMONDS QUEEN,0.3072,0.0042,0.6886
HEARTS SEVEN SPADES THREE,0.5576,0.0322,0.4102
SPADES NINE DIAMONDS QUEEN,0.3276,0.011,0.6614
SPADES QUEEN CLUBS ACE,0.3188,0.0034,0.6778
SPADES JACK HEARTS FOUR,0.3604,0.0218,0.6178
HEARTS SEVEN CLUBS TEN,0.224,0.2902,0.4858
DIAMONDS FOUR HEARTS THREE,0.5658,0.0298,0.4044
SPADES SIX SPADES FOUR,0.51,0.0226,0.4674
DIAMONDS FOUR HEARTS FOUR,0.297,0.0692,0.6338
HEARTS KING CLUBS KING,0.1192,0.0124,0.8684
HEARTS FOUR SPADES NINE,0.5896,0.0284,0.382
CLUBS FIVE HEARTS JACK,0.3396,0.0168,0.6436
CLUBS JACK DIAMONDS FOUR,0.3568,0.0214,0.6218
CLUBS FOUR DIAMONDS NINE,0.5886,0.0266,0.3848
HEARTS FIVE HEARTS FOUR,0.5276,0.0286,0.4438
HEARTS ACE DIAMONDS NINE,0.3378,0.0052,0.657
DIAMONDS ACE SPADES TWO,0.2302,0.0168,0.753
SPADES KING CLUBS ACE,0.3182,0.0044,0.6774
HEARTS ACE DIAMONDS TEN,0.2204,0.0254,0.7542
CLUBS FOUR CLUBS QUEEN,0.3356,0.0148,0.6496
CLUBS SIX DIAMONDS QUEEN,0.351,0.013,0.636
CLUBS NINE CLUBS FOUR,0.552,0.0256,0.4224
CLUBS FOUR CLUBS ACE,0.3322,0.0052,0.6626
CLUBS SEVEN HEARTS EIGHT,0.5262,0.029,0.4448
SPADES SEVEN CLUBS KING,0.3686,0.0074,0.624
CLUBS KING HEARTS EIGHT,0.3592,0.0078,0.633
CLUBS EIGHT DIAMONDS SIX,0.539,0.027,0.434
SPADES JACK HEARTS JACK,0.1346,0.0234,0.842
