opposingHand,winningChance,drawChance,lostChance
DIAMONDS TEN DIAMONDS SEVEN
HEARTS ACE DIAMONDS SIX,0.4502,0.0026,0.5472
SPADES EIGHT DIAMONDS NINE,0.5824,0.0202,0.3974
HEARTS FOUR SPADES NINE,0.661,0.0248,0.3142
HEARTS EIGHT SPADES QUEEN,0.4178,0.0098,0.5724
CLUBS SEVEN CLUBS FIVE,0.6368,0.0802,0.283
CLUBS FIVE SPADES SEVEN,0.6846,0.0774,0.238
DIAMONDS THREE HEARTS SIX,0.6514,0.0246,0.324
SPADES TEN DIAMONDS FOUR,0.5106,0.2812,0.2082
SPADES ACE HEARTS FIVE,0.456,0.0028,0.5412
SPADES QUEEN CLUBS THREE,0.4576,0.012,0.5304
CLUBS TEN CLUBS FOUR,0.4868,0.2628,0.2504
CLUBS SEVEN DIAMONDS FIVE,0.6732,0.0732,0.2536
SPADES ACE HEARTS SIX,0.4592,0.0052,0.5356
DIAMONDS ACE CLUBS ACE,0.1934,0.0048,0.8018
DIAMONDS TWO HEARTS FIVE,0.643,0.029,0.328
CLUBS FIVE DIAMONDS ACE,0.4406,0.0048,0.5546
DIAMONDS QUEEN HEARTS TEN,0.2708,0.0406,0.6886
HEARTS SEVEN DIAMONDS SIX,0.6502,0.0814,0.2684
SPADES FOUR DIAMONDS FIVE,0.62,0.0258,0.3542
HEARTS QUEEN CLUBS ACE,0.3938,0.0032,0.603
CLUBS FOUR CLUBS QUEEN,0.4242,0.0128,0.563
CLUBS SIX CLUBS KING,0.4238,0.0084,0.5678
CLUBS TEN HEARTS QUEEN,0.287,0.042,0.671
HEARTS FOUR DIAMONDS QUEEN,0.4452,0.0134,0.5414
SPADES ACE HEARTS ACE,0.2096,0.003,0.7874
SPADES FIVE DIAMONDS QUEEN,0.4314,0.0094,0.5592
SPADES TEN DIAMONDS JACK,0.2652,0.0582,0.6766
CLUBS NINE DIAMONDS JACK,0.368,0.0176,0.6144
DIAMONDS THREE SPADES KING,0.4558,0.0096,0.5346
SPADES THREE HEARTS NINE,0.6454,0.027,0.3276
CLUBS FIVE HEARTS QUEEN,0.4512,0.0118,0.537
HEARTS TWO DIAMONDS KING,0.4386,0.0102,0.5512
HEARTS TWO SPADES THREE,0.656,0.0316,0.3124
DIAMONDS THREE HEARTS FOUR,0.6316,0.0294,0.339
CLUBS JACK HEARTS ACE,0.384,0.0032,0.6128
CLUBS TWO SPADES THREE,0.6596,0.0266,0.3138
SPADES QUEEN DIAMONDS KING,0.3632,0.0064,0.6304
HEARTS EIGHT CLUBS TEN,0.2832,0.2078,0.509
CLUBS EIGHT DIAMONDS EIGHT,0.3264,0.0424,0.6312
DIAMONDS KING DIAMONDS JACK,0.316,0.0072,0.6768
DIAMONDS EIGHT DIAMONDS FIVE,0.6288,0.0286,0.3426
CLUBS SEVEN CLUBS QUEEN,0.2906,0.0418,0.6676
SPADES JACK HEARTS ACE,0.3832,0.003,0.6138
HEARTS SEVEN DIAMONDS FOUR,0.6736,0.076,0.2504
DIAMONDS QUEEN DIAMONDS EIGHT,0.3534,0.012,0.6346
SPADES JACK SPADES FIVE,0.417,0.0186,0.5644
SPADES EIGHT SPADES THREE,0.6206,0.0228,0.3566
CLUBS JACK DIAMONDS SIX,0.4548,0.0182,0.527
CLUBS SIX HEARTS TWO,0.675,0.0266,0.2984
CLUBS FOUR DIAMONDS FOUR,0.446,0.0532,0.5008
SPADES KING CLUBS FIVE,0.4562,0.0054,0.5384
CLUBS SEVEN DIAMONDS JACK,0.2814,0.0492,0.6694
DIAMONDS TWO HEARTS ACE,0.445,0.0054,0.5496
SPADES JACK HEARTS JACK,0.1994,0.0224,0.7782
DIAMONDS SIX CLUBS QUEEN,0.4322,0.0112,0.5566
DIAMONDS NINE HEARTS TEN,0.2662,0.1584,0.5754
HEARTS SEVEN CLUBS TWO,0.7208,0.0786,0.2006
SPADES ACE CLUBS ACE,0.2022,0.0022,0.7956
HEARTS SEVEN CLUBS FOUR,0.6698,0.0794,0.2508
CLUBS FOUR CLUBS THREE,0.5978,0.0292,0.373
CLUBS THREE DIAMONDS QUEEN,0.4346,0.0126,0.5528
SPADES THREE HEARTS QUEEN,0.465,0.012,0.523
SPADES KING HEARTS FOUR,0.4516,0.006,0.5424
DIAMONDS TWO CLUBS QUEEN,0.4582,0.0122,0.5296
DIAMONDS TWO HEARTS JACK,0.4648,0.0192,0.516
HEARTS SIX HEARTS KING,0.4272,0.0076,0.5652
DIAMONDS THREE CLUBS SEVEN,0.6936,0.0876,0.2188
HEARTS TWO DIAMONDS FOUR,0.6518,0.028,0.3202
SPADES NINE CLUBS ACE,0.4192,0.0024,0.5784
CLUBS FOUR DIAMONDS SIX,0.6448,0.0326,0.3226
DIAMONDS THREE HEARTS THREE,0.4538,0.06,0.4862
HEARTS QUEEN DIAMONDS FIVE,0.4476,0.0132,0.5392
HEARTS TWO SPADES TWO,0.4724,0.054,0.4736
HEARTS TWO CLUBS ACE,0.461,0.0024,0.5366
SPADES KING SPADES EIGHT,0.4038,0.0054,0.5908
CLUBS ACE DIAMONDS SIX,0.4532,0.0044,0.5424
CLUBS SIX CLUBS TWO,0.6344,0.0254,0.3402
SPADES KING DIAMONDS NINE,0.4016,0.007,0.5914
SPADES FOUR DIAMONDS JACK,0.4344,0.0176,0.548
CLUBS TEN CLUBS SIX,0.4886,0.2592,0.2522
HEARTS THREE CLUBS KING,0.4522,0.006,0.5418
CLUBS NINE SPADES SIX,0.6396,0.0226,0.3378
SPADES THREE DIAMONDS NINE,0.6648,0.0216,0.3136
DIAMONDS THREE DIAMONDS ACE,0.4066,0.0066,0.5868
HEARTS SIX HEARTS FIVE,0.595,0.029,0.376
DIAMONDS TWO DIAMONDS EIGHT,0.6544,0.0272,0.3184
DIAMONDS ACE DIAMONDS FOUR,0.3874,0.005,0.6076
SPADES TWO HEARTS NINE,0.6494,0.0246,0.326
SPADES FIVE HEARTS TEN,0.5184,0.2718,0.2098
HEARTS QUEEN DIAMONDS EIGHT,0.4032,0.0136,0.5832
SPADES SEVEN DIAMONDS ACE,0.2928,0.02,0.6872
HEARTS JACK DIAMONDS FIVE,0.446,0.0146,0.5394
SPADES ACE HEARTS KING,0.3808,0.0046,0.6146
HEARTS SIX DIAMONDS QUEEN,0.424,0.012,0.564
SPADES FOUR HEARTS TEN,0.5058,0.2832,0.211
HEARTS SIX HEARTS THREE,0.6174,0.0264,0.3562
SPADES ACE SPADES TWO,0.4272,0.0056,0.5672
HEARTS SEVEN SPADES FIVE,0.676,0.0824,0.2416
CLUBS TEN SPADES TEN,0.1708,0.052,0.7772
CLUBS KING HEARTS TEN,0.2944,0.0358,0.6698
SPADES TWO DIAMONDS FIVE,0.6488,0.029,0.3222
SPADES TEN DIAMONDS KING,0.2872,0.0314,0.6814
DIAMONDS ACE HEARTS QUEEN,0.3798,0.004,0.6162
HEARTS THREE DIAMONDS KING,0.4454,0.0086,0.546
SPADES QUEEN HEARTS KING,0.3782,0.007,0.6148
DIAMONDS TWO SPADES SEVEN,0.7156,0.0814,0.203
SPADES QUEEN HEARTS SIX,0.4278,0.0118,0.5604
DIAMONDS QUEEN SPADES THREE,0.431,0.0112,0.5578
CLUBS TEN HEARTS NINE,0.278,0.1678,0.5542
CLUBS FIVE DIAMONDS FIVE,0.4536,0.0526,0.4938
HEARTS KING HEARTS QUEEN,0.3604,0.0062,0.6334
CLUBS NINE SPADES FOUR,0.6462,0.0262,0.3276
CLUBS FOUR DIAMONDS JACK,0.4442,0.0206,0.5352
SPADES TEN HEARTS THREE,0.514,0.279,0.207
HEARTS THREE SPADES FOUR,0.6382,0.0242,0.3376
HEARTS SEVEN HEARTS ACE,0.2932,0.0212,0.6856
HEARTS FOUR DIAMONDS EIGHT,0.6474,0.0266,0.326
DIAMONDS JACK DIAMONDS FOUR,0.406,0.02,0.574
CLUBS FOUR SPADES FOUR,0.448,0.0518,0.5002
SPADES FOUR DIAMONDS EIGHT,0.655,0.0274,0.3176
SPADES SIX CLUBS THREE,0.6688,0.0222,0.309
HEARTS TWO DIAMONDS ACE,0.4564,0.0054,0.5382
HEARTS THREE SPADES SIX,0.641,0.0288,0.3302
HEARTS QUEEN DIAMONDS FOUR,0.449,0.0118,0.5392
SPADES SEVEN HEARTS JACK,0.299,0.0484,0.6526
CLUBS EIGHT HEARTS KING,0.4142,0.0078,0.578
CLUBS TEN HEARTS TWO,0.512,0.2818,0.2062
SPADES ACE HEARTS JACK,0.361,0.0032,0.6358
SPADES JACK HEARTS NINE,0.3874,0.0174,0.5952
SPADES ACE CLUBS KING,0.3888,0.004,0.6072
HEARTS KING DIAMONDS FIVE,0.4494,0.009,0.5416
CLUBS EIGHT SPADES FIVE,0.6302,0.0242,0.3456
SPADES TEN HEARTS TWO,0.5098,0.2774,0.2128
SPADES EIGHT HEARTS NINE,0.5864,0.0232,0.3904
CLUBS NINE DIAMONDS EIGHT,0.5838,0.0276,0.3886
HEARTS TWO HEARTS TEN,0.4956,0.2524,0.252
HEARTS SIX DIAMONDS EIGHT,0.6208,0.0302,0.349
HEARTS FIVE CLUBS FIVE,0.4422,0.0524,0.5054
SPADES THREE CLUBS ACE,0.461,0.0042,0.5348
HEARTS SEVEN CLUBS EIGHT,0.6842,0.061,0.2548
SPADES NINE CLUBS KING,0.3938,0.0072,0.599
SPADES THREE DIAMONDS EIGHT,0.6526,0.0268,0.3206
CLUBS TEN SPADES SIX,0.5116,0.2852,0.2032
HEARTS FOUR DIAMONDS ACE,0.4402,0.0056,0.5542
SPADES ACE HEARTS QUEEN,0.406,0.0038,0.5902
CLUBS TEN SPADES EIGHT,0.277,0.2112,0.5118
HEARTS TWO DIAMONDS QUEEN,0.4522,0.0108,0.537
HEARTS ACE HEARTS KING,0.3766,0.0032,0.6202
SPADES ACE DIAMONDS KING,0.3778,0.0042,0.618
CLUBS QUEEN DIAMONDS FOUR,0.4346,0.0128,0.5526
HEARTS JACK CLUBS KING,0.369,0.0056,0.6254
SPADES KING DIAMONDS QUEEN,0.3704,0.0076,0.622
CLUBS ACE CLUBS KING,0.374,0.0038,0.6222
SPADES THREE CLUBS KING,0.4498,0.0098,0.5404
CLUBS EIGHT DIAMONDS FIVE,0.628,0.0262,0.3458
DIAMONDS TWO SPADES TWO,0.4694,0.052,0.4786
CLUBS FIVE CLUBS ACE,0.4268,0.0036,0.5696
CLUBS EIGHT HEARTS NINE,0.5918,0.0208,0.3874
DIAMONDS THREE HEARTS TWO,0.6546,0.032,0.3134
DIAMONDS THREE SPADES THREE,0.4648,0.047,0.4882
CLUBS ACE HEARTS TEN,0.3052,0.0206,0.6742
HEARTS THREE DIAMONDS QUEEN,0.4462,0.0142,0.5396
CLUBS TEN SPADES QUEEN,0.286,0.038,0.676
CLUBS NINE DIAMONDS NINE,0.3152,0.0386,0.6462
SPADES KING HEARTS QUEEN,0.381,0.006,0.613
SPADES JACK DIAMONDS FIVE,0.4522,0.0138,0.534
SPADES EIGHT DIAMONDS EIGHT,0.3164,0.047,0.6366
DIAMONDS TWO HEARTS THREE,0.6506,0.0286,0.3208
SPADES SEVEN CLUBS FOUR,0.6902,0.0756,0.2342
SPADES KING HEARTS NINE,0.4084,0.0062,0.5854
DIAMONDS NINE CLUBS KING,0.39,0.008,0.602
CLUBS TWO CLUBS QUEEN,0.426,0.0116,0.5624
SPADES TWO CLUBS KING,0.4668,0.0094,0.5238
DIAMONDS QUEEN DIAMONDS JACK,0.313,0.0104,0.6766
HEARTS THREE DIAMONDS ACE,0.4378,0.004,0.5582
CLUBS SEVEN CLUBS ACE,0.2942,0.0198,0.686
HEARTS TWO DIAMONDS FIVE,0.651,0.0282,0.3208
SPADES JACK DIAMONDS QUEEN,0.3404,0.0106,0.649
HEARTS TEN CLUBS QUEEN,0.2954,0.0468,0.6578
CLUBS FIVE CLUBS QUEEN,0.4372,0.0094,0.5534
DIAMONDS KING DIAMONDS EIGHT,0.3666,0.0078,0.6256
SPADES NINE HEARTS KING,0.4102,0.0072,0.5826
HEARTS KING SPADES TWO,0.4602,0.0062,0.5336
HEARTS FIVE CLUBS THREE,0.6482,0.0242,0.3276
SPADES ACE SPADES EIGHT,0.3988,0.0048,0.5964
DIAMONDS EIGHT CLUBS QUEEN,0.3888,0.0134,0.5978
SPADES TEN HEARTS KING,0.2958,0.0304,0.6738
DIAMONDS THREE HEARTS TEN,0.5172,0.2686,0.2142
SPADES KING SPADES THREE,0.435,0.0054,0.5596
CLUBS JACK HEARTS KING,0.386,0.0068,0.6072
SPADES NINE HEARTS NINE,0.31,0.034,0.656
HEARTS EIGHT CLUBS KING,0.4246,0.0078,0.5676
CLUBS JACK DIAMONDS FIVE,0.4502,0.0164,0.5334
SPADES ACE CLUBS EIGHT,0.4138,0.0032,0.583
CLUBS SIX SPADES FIVE,0.6342,0.0272,0.3386
HEARTS THREE CLUBS TWO,0.6552,0.0272,0.3176
HEARTS EIGHT HEARTS KING,0.4112,0.0078,0.581
HEARTS FIVE HEARTS THREE,0.6106,0.0226,0.3668
DIAMONDS QUEEN HEARTS JACK,0.3524,0.0098,0.6378
DIAMONDS ACE SPADES FIVE,0.4404,0.0046,0.555
CLUBS FIVE SPADES FOUR,0.6224,0.0314,0.3462
CLUBS JACK SPADES EIGHT,0.3912,0.014,0.5948
CLUBS NINE HEARTS THREE,0.644,0.0248,0.3312
HEARTS EIGHT SPADES SEVEN,0.6686,0.0704,0.261
DIAMONDS ACE DIAMONDS SIX,0.3732,0.0044,0.6224
HEARTS FIVE HEARTS ACE,0.4198,0.0052,0.575
CLUBS THREE CLUBS TWO,0.6196,0.0286,0.3518
DIAMONDS SIX DIAMONDS FOUR,0.6444,0.0288,0.3268
HEARTS SIX DIAMONDS SIX,0.433,0.0462,0.5208
CLUBS FIVE DIAMONDS FOUR,0.6214,0.0262,0.3524
HEARTS FOUR CLUBS ACE,0.4376,0.0038,0.5586
DIAMONDS THREE CLUBS EIGHT,0.6538,0.0262,0.32
CLUBS FOUR HEARTS KING,0.4492,0.0056,0.5452
SPADES SEVEN HEARTS KING,0.3086,0.03,0.6614
CLUBS THREE HEARTS KING,0.4558,0.0098,0.5344
SPADES TEN DIAMONDS FIVE,0.5,0.2832,0.2168
SPADES QUEEN DIAMONDS NINE,0.4042,0.01,0.5858
SPADES ACE DIAMONDS SIX,0.438,0.0036,0.5584
CLUBS SIX DIAMONDS EIGHT,0.6178,0.0262,0.356
CLUBS JACK SPADES JACK,0.2134,0.0216,0.765
CLUBS JACK SPADES TEN,0.2884,0.0538,0.6578
HEARTS KING DIAMONDS NINE,0.404,0.0086,0.5874
HEARTS SEVEN HEARTS THREE,0.66,0.0738,0.2662
SPADES FIVE HEARTS QUEEN,0.4434,0.011,0.5456
CLUBS JACK HEARTS QUEEN,0.3762,0.0112,0.6126
CLUBS SEVEN HEARTS JACK,0.2918,0.0546,0.6536
DIAMONDS NINE DIAMONDS EIGHT,0.569,0.0242,0.4068
SPADES QUEEN SPADES FIVE,0.4196,0.0108,0.5696
HEARTS SEVEN SPADES TEN,0.0682,0.912,0.0198
HEARTS TWO DIAMONDS EIGHT,0.6426,0.0312,0.3262
DIAMONDS THREE CLUBS NINE,0.6494,0.0244,0.3262
CLUBS THREE HEARTS NINE,0.6584,0.0252,0.3164
CLUBS JACK CLUBS ACE,0.3644,0.0042,0.6314
SPADES EIGHT CLUBS ACE,0.4224,0.0036,0.574
SPADES FOUR CLUBS QUEEN,0.447,0.0088,0.5442
HEARTS FIVE DIAMONDS FOUR,0.622,0.0262,0.3518
CLUBS NINE SPADES TWO,0.6748,0.025,0.3002
CLUBS SEVEN DIAMONDS SIX,0.6626,0.0774,0.26
CLUBS TEN HEARTS JACK,0.2914,0.0516,0.657
SPADES TEN CLUBS KING,0.2958,0.0296,0.6746
DIAMONDS THREE HEARTS ACE,0.4564,0.0048,0.5388
SPADES QUEEN CLUBS FIVE,0.4534,0.0112,0.5354
CLUBS NINE DIAMONDS SIX,0.6396,0.0268,0.3336
HEARTS SIX CLUBS FIVE,0.628,0.0274,0.3446
HEARTS FOUR DIAMONDS KING,0.4366,0.0086,0.5548
HEARTS EIGHT HEARTS THREE,0.6154,0.0246,0.36
SPADES KING SPADES NINE,0.3892,0.0056,0.6052
SPADES SIX SPADES TWO,0.6256,0.026,0.3484
HEARTS ACE DIAMONDS JACK,0.362,0.0036,0.6344
HEARTS SEVEN DIAMONDS NINE,0.683,0.0714,0.2456
DIAMONDS KING DIAMONDS FIVE,0.3976,0.0098,0.5926
DIAMONDS TWO CLUBS NINE,0.6596,0.0234,0.317
DIAMONDS KING HEARTS NINE,0.4,0.0102,0.5898
CLUBS JACK SPADES FOUR,0.4488,0.0154,0.5358
CLUBS SEVEN HEARTS NINE,0.6888,0.0772,0.234
HEARTS SEVEN HEARTS KING,0.293,0.0322,0.6748
SPADES NINE DIAMONDS SIX,0.6292,0.023,0.3478
SPADES FOUR DIAMONDS FOUR,0.4478,0.0518,0.5004
CLUBS SIX HEARTS TEN,0.5036,0.2814,0.215
CLUBS FOUR SPADES SIX,0.6372,0.0298,0.333
HEARTS SEVEN HEARTS FOUR,0.6376,0.0782,0.2842
SPADES SIX CLUBS ACE,0.4438,0.0042,0.552
CLUBS JACK SPADES FIVE,0.456,0.019,0.525
HEARTS THREE SPADES SEVEN,0.69,0.0792,0.2308
CLUBS TWO DIAMONDS FOUR,0.639,0.0266,0.3344
SPADES QUEEN HEARTS FIVE,0.4526,0.0144,0.533
HEARTS SIX SPADES TEN,0.5114,0.2774,0.2112
HEARTS KING CLUBS QUEEN,0.3796,0.0054,0.615
DIAMONDS ACE HEARTS TEN,0.2788,0.0242,0.697
SPADES JACK SPADES SEVEN,0.2876,0.051,0.6614
CLUBS EIGHT HEARTS FIVE,0.6492,0.0254,0.3254
SPADES KING SPADES SEVEN,0.293,0.0286,0.6784
DIAMONDS NINE DIAMONDS FIVE,0.647,0.027,0.326
CLUBS TWO SPADES TWO,0.4662,0.0598,0.474
DIAMONDS ACE DIAMONDS FIVE,0.4058,0.0028,0.5914
CLUBS THREE DIAMONDS KING,0.448,0.0088,0.5432
HEARTS TWO DIAMONDS NINE,0.67,0.024,0.306
HEARTS FIVE SPADES SEVEN,0.6848,0.0742,0.241
HEARTS SEVEN SPADES TWO,0.7144,0.0784,0.2072
SPADES TEN HEARTS JACK,0.2892,0.057,0.6538
CLUBS JACK CLUBS KING,0.3592,0.0084,0.6324
SPADES JACK HEARTS FIVE,0.4478,0.017,0.5352
CLUBS JACK HEARTS FOUR,0.4508,0.0148,0.5344
SPADES ACE HEARTS SEVEN,0.3148,0.02,0.6652
CLUBS SEVEN DIAMONDS ACE,0.2954,0.0196,0.685
CLUBS SEVEN CLUBS SIX,0.6218,0.0732,0.305
CLUBS EIGHT SPADES EIGHT,0.3218,0.042,0.6362
SPADES TEN DIAMONDS EIGHT,0.2486,0.2328,0.5186
SPADES FOUR CLUBS KING,0.4526,0.0052,0.5422
HEARTS SIX HEARTS ACE,0.4282,0.0028,0.569
HEARTS SEVEN HEARTS SIX,0.6434,0.0672,0.2894
HEARTS FIVE DIAMONDS JACK,0.4504,0.0154,0.5342
SPADES EIGHT HEARTS ACE,0.4078,0.0042,0.588
CLUBS KING HEARTS NINE,0.4168,0.0068,0.5764
DIAMONDS THREE DIAMONDS JACK,0.403,0.0216,0.5754
CLUBS JACK CLUBS QUEEN,0.35,0.009,0.641
CLUBS JACK HEARTS EIGHT,0.3956,0.0172,0.5872
HEARTS THREE HEARTS NINE,0.611,0.0288,0.3602
SPADES QUEEN CLUBS EIGHT,0.4168,0.0108,0.5724
HEARTS THREE SPADES THREE,0.4704,0.0556,0.474
CLUBS SIX HEARTS QUEEN,0.4384,0.0116,0.55
DIAMONDS QUEEN CLUBS KING,0.3646,0.0072,0.6282
SPADES JACK SPADES THREE,0.4184,0.0146,0.567
DIAMONDS TWO SPADES EIGHT,0.6502,0.0266,0.3232
DIAMONDS TWO HEARTS FOUR,0.6538,0.0262,0.32
SPADES JACK SPADES FOUR,0.437,0.0158,0.5472
CLUBS TWO HEARTS NINE,0.6614,0.025,0.3136
DIAMONDS JACK CLUBS KING,0.3774,0.0076,0.615
HEARTS SIX CLUBS SIX,0.4428,0.0502,0.507
CLUBS EIGHT DIAMONDS KING,0.4134,0.0086,0.578
CLUBS THREE HEARTS QUEEN,0.457,0.011,0.532
HEARTS THREE DIAMONDS EIGHT,0.6484,0.029,0.3226
HEARTS TEN DIAMONDS FOUR,0.5004,0.283,0.2166
SPADES EIGHT CLUBS THREE,0.647,0.0282,0.3248
HEARTS FOUR SPADES TWO,0.6482,0.0256,0.3262
CLUBS EIGHT DIAMONDS ACE,0.404,0.0038,0.5922
SPADES ACE CLUBS SIX,0.456,0.0028,0.5412
CLUBS SIX DIAMONDS FOUR,0.6334,0.0258,0.3408
SPADES NINE DIAMONDS JACK,0.3814,0.0108,0.6078
SPADES THREE DIAMONDS FIVE,0.633,0.0272,0.3398
DIAMONDS EIGHT CLUBS ACE,0.4022,0.0042,0.5936
DIAMONDS JACK HEARTS KING,0.3614,0.008,0.6306
HEARTS FIVE DIAMONDS KING,0.45,0.0096,0.5404
HEARTS FOUR HEARTS JACK,0.4272,0.0162,0.5566
SPADES QUEEN CLUBS ACE,0.406,0.003,0.591
SPADES KING CLUBS SEVEN,0.3096,0.0302,0.6602
CLUBS SEVEN CLUBS THREE,0.661,0.073,0.266
CLUBS NINE HEARTS JACK,0.391,0.0154,0.5936
DIAMONDS TWO DIAMONDS JACK,0.413,0.0166,0.5704
SPADES KING HEARTS SEVEN,0.3104,0.035,0.6546
DIAMONDS KING CLUBS KING,0.19,0.0118,0.7982
HEARTS FOUR DIAMONDS NINE,0.6474,0.0256,0.327
HEARTS TWO DIAMONDS SIX,0.6714,0.0294,0.2992
HEARTS ACE HEARTS JACK,0.3666,0.0046,0.6288
CLUBS SIX SPADES FOUR,0.6304,0.0268,0.3428
HEARTS EIGHT HEARTS FOUR,0.619,0.0234,0.3576
SPADES TWO DIAMONDS EIGHT,0.6604,0.0308,0.3088
CLUBS FIVE HEARTS TWO,0.643,0.0268,0.3302
SPADES SEVEN CLUBS ACE,0.3084,0.0242,0.6674
DIAMONDS KING SPADES FIVE,0.4562,0.007,0.5368
DIAMONDS ACE DIAMONDS NINE,0.3626,0.0054,0.632
CLUBS TEN HEARTS ACE,0.2944,0.0252,0.6804
DIAMONDS THREE CLUBS QUEEN,0.448,0.0122,0.5398
SPADES JACK CLUBS THREE,0.475,0.0174,0.5076
DIAMONDS TWO SPADES FIVE,0.6604,0.0268,0.3128
SPADES KING CLUBS ACE,0.3956,0.004,0.6004
SPADES ACE DIAMONDS TWO,0.4616,0.005,0.5334
CLUBS TEN HEARTS SIX,0.5002,0.2782,0.2216
SPADES ACE DIAMONDS EIGHT,0.4046,0.005,0.5904
SPADES QUEEN DIAMONDS FIVE,0.4356,0.012,0.5524
CLUBS TEN DIAMONDS QUEEN,0.2714,0.0416,0.687
DIAMONDS TWO SPADES NINE,0.6532,0.0262,0.3206
SPADES KING SPADES TWO,0.4376,0.009,0.5534
SPADES FOUR HEARTS NINE,0.671,0.0266,0.3024
CLUBS SEVEN SPADES NINE,0.6858,0.0748,0.2394
DIAMONDS THREE HEARTS KING,0.4524,0.0076,0.54
DIAMONDS THREE CLUBS FIVE,0.6258,0.0318,0.3424
DIAMONDS TWO DIAMONDS FOUR,0.6326,0.0334,0.334
DIAMONDS THREE HEARTS FIVE,0.6352,0.0252,0.3396
CLUBS FOUR CLUBS KING,0.4264,0.0064,0.5672
DIAMONDS SIX HEARTS NINE,0.639,0.0226,0.3384
SPADES EIGHT DIAMONDS FOUR,0.64,0.0246,0.3354
CLUBS FOUR HEARTS NINE,0.657,0.0264,0.3166
DIAMONDS QUEEN DIAMONDS SIX,0.4022,0.013,0.5848
SPADES QUEEN CLUBS SIX,0.4472,0.008,0.5448
DIAMONDS TWO CLUBS SIX,0.6648,0.0266,0.3086
SPADES TEN SPADES FIVE,0.4864,0.265,0.2486
CLUBS THREE DIAMONDS JACK,0.4386,0.0208,0.5406
SPADES QUEEN CLUBS SEVEN,0.3138,0.0374,0.6488
HEARTS SEVEN HEARTS TWO,0.664,0.074,0.262
DIAMONDS FIVE HEARTS NINE,0.6526,0.0324,0.315
HEARTS EIGHT HEARTS ACE,0.4004,0.0042,0.5954
DIAMONDS NINE HEARTS JACK,0.3754,0.018,0.6066
SPADES FOUR SPADES TWO,0.6226,0.0262,0.3512
SPADES SIX HEARTS NINE,0.6488,0.0256,0.3256
CLUBS EIGHT HEARTS FOUR,0.652,0.0236,0.3244
CLUBS JACK HEARTS THREE,0.4548,0.0164,0.5288
HEARTS ACE SPADES TWO,0.4598,0.0046,0.5356
CLUBS TWO HEARTS TEN,0.5148,0.2862,0.199
HEARTS THREE HEARTS JACK,0.4342,0.0156,0.5502
DIAMONDS EIGHT HEARTS TEN,0.2558,0.2164,0.5278
HEARTS EIGHT HEARTS FIVE,0.5986,0.0246,0.3768
DIAMONDS THREE SPADES NINE,0.6544,0.0288,0.3168
CLUBS SEVEN SPADES EIGHT,0.6738,0.068,0.2582
SPADES TEN CLUBS ACE,0.2908,0.0224,0.6868
HEARTS KING CLUBS KING,0.2028,0.008,0.7892
HEARTS EIGHT SPADES THREE,0.6566,0.0254,0.318
HEARTS JACK DIAMONDS SIX,0.4398,0.0186,0.5416
CLUBS TEN SPADES JACK,0.2822,0.0602,0.6576
HEARTS FIVE CLUBS FOUR,0.6284,0.0276,0.344
CLUBS JACK CLUBS TWO,0.4458,0.0164,0.5378
CLUBS TEN HEARTS SEVEN,0.0736,0.9024,0.024
CLUBS SIX HEARTS THREE,0.661,0.0292,0.3098
DIAMONDS KING HEARTS QUEEN,0.3738,0.007,0.6192
DIAMONDS KING DIAMONDS QUEEN,0.3256,0.0076,0.6668
SPADES KING SPADES SIX,0.424,0.007,0.569
HEARTS SIX CLUBS TWO,0.6604,0.0252,0.3144
SPADES QUEEN HEARTS JACK,0.3584,0.0096,0.632
SPADES QUEEN SPADES TEN,0.2596,0.0382,0.7022
HEARTS FIVE SPADES THREE,0.6416,0.0256,0.3328
HEARTS ACE DIAMONDS NINE,0.4022,0.0052,0.5926
SPADES KING CLUBS EIGHT,0.415,0.008,0.577
HEARTS SEVEN CLUBS SIX,0.6706,0.0768,0.2526
CLUBS FIVE DIAMONDS JACK,0.4414,0.0154,0.5432
DIAMONDS TWO CLUBS SEVEN,0.699,0.091,0.21
SPADES JACK CLUBS FOUR,0.455,0.015,0.53
HEARTS SIX SPADES EIGHT,0.632,0.0252,0.3428
SPADES KING DIAMONDS FOUR,0.4456,0.0076,0.5468
CLUBS SIX HEARTS JACK,0.45,0.015,0.535
CLUBS JACK SPADES NINE,0.386,0.014,0.6
SPADES NINE DIAMONDS QUEEN,0.3892,0.0102,0.6006
SPADES FIVE HEARTS KING,0.4534,0.0082,0.5384
SPADES FIVE DIAMONDS JACK,0.439,0.0156,0.5454
SPADES ACE SPADES TEN,0.2764,0.0196,0.704
CLUBS SEVEN SPADES FOUR,0.6652,0.0824,0.2524
SPADES TWO DIAMONDS FOUR,0.6512,0.0306,0.3182
DIAMONDS THREE SPADES FIVE,0.6162,0.0302,0.3536
SPADES SIX HEARTS QUEEN,0.4562,0.0078,0.536
CLUBS TWO HEARTS QUEEN,0.4694,0.0114,0.5192
CLUBS TEN CLUBS QUEEN,0.2666,0.04,0.6934
SPADES THREE HEARTS TEN,0.5192,0.276,0.2048
SPADES KING CLUBS KING,0.202,0.009,0.789
SPADES SEVEN DIAMONDS KING,0.2996,0.0382,0.6622
DIAMONDS KING HEARTS ACE,0.3796,0.0062,0.6142
DIAMONDS THREE SPADES EIGHT,0.6664,0.0272,0.3064
DIAMONDS TWO HEARTS QUEEN,0.4564,0.011,0.5326
CLUBS EIGHT CLUBS TWO,0.6114,0.0266,0.362
CLUBS NINE DIAMONDS ACE,0.3944,0.0048,0.6008
HEARTS SIX DIAMONDS JACK,0.4384,0.0132,0.5484
SPADES FIVE SPADES FOUR,0.5852,0.0252,0.3896
HEARTS FIVE HEARTS FOUR,0.5712,0.0296,0.3992
HEARTS FOUR SPADES SEVEN,0.691,0.0756,0.2334
HEARTS FIVE CLUBS QUEEN,0.4458,0.0128,0.5414
HEARTS SIX CLUBS KING,0.4492,0.0056,0.5452
DIAMONDS KING DIAMONDS FOUR,0.406,0.0094,0.5846
SPADES TWO HEARTS QUEEN,0.4616,0.0086,0.5298
DIAMONDS FIVE CLUBS QUEEN,0.4494,0.012,0.5386
HEARTS SEVEN CLUBS NINE,0.6938,0.0728,0.2334
SPADES QUEEN HEARTS ACE,0.3896,0.0034,0.607
CLUBS EIGHT DIAMONDS FOUR,0.644,0.0296,0.3264
DIAMONDS ACE CLUBS QUEEN,0.3684,0.0054,0.6262
CLUBS SEVEN CLUBS TWO,0.6728,0.0756,0.2516
HEARTS TWO HEARTS NINE,0.6124,0.0304,0.3572
CLUBS ACE HEARTS NINE,0.4292,0.0024,0.5684
CLUBS SIX SPADES EIGHT,0.6302,0.0238,0.346
HEARTS FIVE HEARTS NINE,0.607,0.027,0.366
DIAMONDS QUEEN DIAMONDS FOUR,0.413,0.0136,0.5734
SPADES ACE DIAMONDS THREE,0.4484,0.0042,0.5474
HEARTS ACE CLUBS ACE,0.1912,0.0044,0.8044
DIAMONDS EIGHT DIAMONDS FOUR,0.6462,0.0294,0.3244
CLUBS TEN DIAMONDS FOUR,0.5108,0.2708,0.2184
CLUBS FIVE SPADES SIX,0.6328,0.026,0.3412
HEARTS SIX SPADES FOUR,0.6332,0.0272,0.3396
CLUBS NINE HEARTS NINE,0.3274,0.0362,0.6364
HEARTS SEVEN DIAMONDS EIGHT,0.666,0.082,0.252
DIAMONDS SIX DIAMONDS FIVE,0.6124,0.0332,0.3544
CLUBS SEVEN CLUBS KING,0.2996,0.0288,0.6716
HEARTS FOUR CLUBS KING,0.4482,0.0068,0.545
DIAMONDS TWO HEARTS TEN,0.502,0.2838,0.2142
HEARTS FOUR DIAMONDS FOUR,0.4576,0.0502,0.4922
DIAMONDS KING DIAMONDS SIX,0.4024,0.0068,0.5908
HEARTS SIX DIAMONDS NINE,0.6344,0.0232,0.3424
CLUBS NINE HEARTS FOUR,0.6608,0.0264,0.3128
SPADES SIX HEARTS TEN,0.509,0.2838,0.2072
CLUBS NINE CLUBS THREE,0.6242,0.0274,0.3484
HEARTS FIVE DIAMONDS FIVE,0.4666,0.0506,0.4828
CLUBS FOUR HEARTS ACE,0.4542,0.0038,0.542
CLUBS SIX DIAMONDS KING,0.4302,0.0096,0.5602
CLUBS FOUR DIAMONDS FIVE,0.618,0.0292,0.3528
HEARTS SEVEN CLUBS ACE,0.3106,0.0164,0.673
CLUBS NINE DIAMONDS KING,0.3958,0.008,0.5962
SPADES KING HEARTS TEN,0.3062,0.0344,0.6594
HEARTS SEVEN CLUBS KING,0.304,0.0328,0.6632
SPADES KING DIAMONDS SIX,0.4408,0.007,0.5522
HEARTS FOUR HEARTS ACE,0.422,0.006,0.572
CLUBS TEN HEARTS FOUR,0.5128,0.288,0.1992
HEARTS FOUR SPADES SIX,0.648,0.0234,0.3286
CLUBS NINE CLUBS TWO,0.6238,0.025,0.3512
SPADES ACE DIAMONDS NINE,0.407,0.0056,0.5874
SPADES KING CLUBS THREE,0.4526,0.007,0.5404
CLUBS TEN DIAMONDS ACE,0.298,0.0206,0.6814
SPADES QUEEN HEARTS NINE,0.4062,0.0082,0.5856
HEARTS SIX SPADES TWO,0.6724,0.0256,0.302
HEARTS SIX HEARTS JACK,0.424,0.0162,0.5598
CLUBS FOUR HEARTS QUEEN,0.4624,0.0122,0.5254
HEARTS EIGHT CLUBS QUEEN,0.4152,0.0102,0.5746
SPADES FIVE DIAMONDS EIGHT,0.635,0.026,0.339
HEARTS SEVEN HEARTS FIVE,0.6406,0.0814,0.278
DIAMONDS EIGHT DIAMONDS SIX,0.6226,0.0232,0.3542
CLUBS JACK HEARTS SEVEN,0.2908,0.0544,0.6548
CLUBS NINE CLUBS FOUR,0.6178,0.0224,0.3598
HEARTS KING DIAMONDS EIGHT,0.4296,0.007,0.5634
SPADES FIVE CLUBS TWO,0.6568,0.0246,0.3186
HEARTS ACE SPADES THREE,0.456,0.0034,0.5406
SPADES NINE SPADES FOUR,0.6278,0.0282,0.344
CLUBS SIX CLUBS FIVE,0.593,0.0282,0.3788
SPADES EIGHT CLUBS FOUR,0.6364,0.026,0.3376
HEARTS THREE CLUBS ACE,0.4404,0.0048,0.5548
CLUBS TWO CLUBS KING,0.4422,0.0062,0.5516
DIAMONDS QUEEN CLUBS QUEEN,0.1922,0.0168,0.791
SPADES FIVE CLUBS ACE,0.4442,0.004,0.5518
CLUBS EIGHT DIAMONDS QUEEN,0.4018,0.009,0.5892
SPADES SEVEN DIAMONDS SIX,0.6592,0.0704,0.2704
HEARTS SEVEN DIAMONDS JACK,0.2954,0.0586,0.646
CLUBS EIGHT HEARTS TEN,0.2658,0.2146,0.5196
HEARTS SEVEN HEARTS NINE,0.6432,0.068,0.2888
DIAMONDS KING CLUBS ACE,0.371,0.0056,0.6234
CLUBS SIX DIAMONDS FIVE,0.6288,0.028,0.3432
CLUBS TWO DIAMONDS NINE,0.6688,0.0264,0.3048
HEARTS FOUR CLUBS FOUR,0.454,0.0524,0.4936
SPADES FIVE SPADES THREE,0.6086,0.0266,0.3648
CLUBS THREE CLUBS ACE,0.4362,0.005,0.5588
CLUBS FOUR SPADES THREE,0.6404,0.0258,0.3338
CLUBS FIVE SPADES TWO,0.661,0.0274,0.3116
CLUBS FIVE DIAMONDS KING,0.4408,0.0104,0.5488
SPADES QUEEN HEARTS FOUR,0.4476,0.0104,0.542
SPADES TEN SPADES SEVEN,0.0734,0.8584,0.0682
CLUBS TEN HEARTS TEN,0.1628,0.0498,0.7874
DIAMONDS NINE DIAMONDS FOUR,0.6626,0.0308,0.3066
SPADES SIX DIAMONDS NINE,0.641,0.0284,0.3306
DIAMONDS THREE SPADES TEN,0.5184,0.2756,0.206
SPADES SEVEN SPADES SIX,0.6348,0.0682,0.297
SPADES ACE HEARTS TEN,0.2966,0.0238,0.6796
SPADES EIGHT SPADES FOUR,0.6132,0.0252,0.3616
CLUBS EIGHT CLUBS FOUR,0.6044,0.026,0.3696
CLUBS TWO HEARTS KING,0.4576,0.0074,0.535
HEARTS THREE DIAMONDS JACK,0.4412,0.018,0.5408
SPADES SEVEN DIAMONDS JACK,0.2792,0.0542,0.6666
CLUBS TWO DIAMONDS FIVE,0.6508,0.0286,0.3206
HEARTS SEVEN HEARTS QUEEN,0.2842,0.041,0.6748
DIAMONDS ACE HEARTS JACK,0.3616,0.005,0.6334
HEARTS KING DIAMONDS FOUR,0.4534,0.008,0.5386
CLUBS EIGHT CLUBS THREE,0.6256,0.0256,0.3488
DIAMONDS TWO CLUBS TWO,0.4598,0.0546,0.4856
DIAMONDS ACE SPADES FOUR,0.4298,0.0046,0.5656
SPADES EIGHT CLUBS TWO,0.6594,0.0298,0.3108
SPADES ACE CLUBS THREE,0.4536,0.0032,0.5432
SPADES KING CLUBS SIX,0.448,0.0068,0.5452
CLUBS JACK HEARTS TWO,0.4656,0.0182,0.5162
CLUBS EIGHT HEARTS TWO,0.6638,0.026,0.3102
SPADES SIX CLUBS TWO,0.6638,0.0278,0.3084
CLUBS TEN CLUBS SEVEN,0.0716,0.8544,0.074
SPADES KING CLUBS TEN,0.2978,0.0286,0.6736
SPADES SEVEN SPADES FOUR,0.6518,0.0742,0.274
CLUBS JACK DIAMONDS NINE,0.3768,0.018,0.6052
CLUBS TEN DIAMONDS SIX,0.4912,0.2924,0.2164
HEARTS EIGHT CLUBS NINE,0.5962,0.0232,0.3806
CLUBS SIX HEARTS KING,0.4448,0.0072,0.548
DIAMONDS JACK DIAMONDS FIVE,0.393,0.0182,0.5888
SPADES KING HEARTS TWO,0.4694,0.0098,0.5208
SPADES SEVEN SPADES FIVE,0.6272,0.0826,0.2902
DIAMONDS ACE SPADES THREE,0.4518,0.0046,0.5436
HEARTS FOUR HEARTS NINE,0.6116,0.0244,0.364
DIAMONDS TWO DIAMONDS KING,0.423,0.0068,0.5702
HEARTS FIVE DIAMONDS QUEEN,0.447,0.0122,0.5408
SPADES ACE DIAMONDS FIVE,0.4446,0.0052,0.5502
CLUBS THREE DIAMONDS NINE,0.6482,0.023,0.3288
CLUBS NINE SPADES SEVEN,0.6756,0.0758,0.2486
CLUBS TWO HEARTS ACE,0.4698,0.0046,0.5256
SPADES ACE HEARTS THREE,0.468,0.0048,0.5272
SPADES NINE DIAMONDS KING,0.3996,0.0078,0.5926
HEARTS SEVEN CLUBS SEVEN,0.3568,0.0506,0.5926
SPADES EIGHT DIAMONDS SIX,0.6204,0.0264,0.3532
DIAMONDS KING SPADES THREE,0.4478,0.009,0.5432
HEARTS EIGHT SPADES FOUR,0.6486,0.0258,0.3256
DIAMONDS QUEEN DIAMONDS FIVE,0.3926,0.012,0.5954
CLUBS EIGHT SPADES TEN,0.2704,0.2178,0.5118
DIAMONDS SIX HEARTS TEN,0.5082,0.283,0.2088
SPADES KING SPADES FOUR,0.432,0.0076,0.5604
CLUBS TWO DIAMONDS SIX,0.6692,0.03,0.3008
HEARTS KING CLUBS ACE,0.3878,0.0044,0.6078
CLUBS FIVE HEARTS NINE,0.6418,0.0314,0.3268
DIAMONDS THREE DIAMONDS FIVE,0.6202,0.0272,0.3526
CLUBS EIGHT HEARTS QUEEN,0.4024,0.0092,0.5884
CLUBS EIGHT SPADES SEVEN,0.6756,0.0662,0.2582
CLUBS TEN CLUBS THREE,0.4748,0.2626,0.2626
HEARTS THREE HEARTS ACE,0.4376,0.0044,0.558
CLUBS ACE CLUBS QUEEN,0.3528,0.0058,0.6414
SPADES QUEEN DIAMONDS EIGHT,0.4032,0.012,0.5848
HEARTS SEVEN HEARTS JACK,0.2636,0.0528,0.6836
CLUBS SIX SPADES SIX,0.4544,0.0482,0.4974
HEARTS THREE HEARTS TWO,0.615,0.0246,0.3604
HEARTS SIX SPADES NINE,0.632,0.0214,0.3466
DIAMONDS TWO DIAMONDS NINE,0.6572,0.0216,0.3212
HEARTS FOUR HEARTS KING,0.4336,0.0058,0.5606
SPADES QUEEN CLUBS NINE,0.4126,0.0098,0.5776
SPADES NINE HEARTS QUEEN,0.3992,0.0074,0.5934
SPADES FIVE CLUBS QUEEN,0.4516,0.0106,0.5378
CLUBS KING DIAMONDS FOUR,0.4568,0.0062,0.537
DIAMONDS ACE HEARTS ACE,0.1842,0.0032,0.8126
HEARTS THREE DIAMONDS NINE,0.6504,0.0272,0.3224
SPADES JACK SPADES TEN,0.2688,0.0494,0.6818
HEARTS THREE SPADES EIGHT,0.6524,0.0278,0.3198
CLUBS TWO DIAMONDS JACK,0.4402,0.0194,0.5404
SPADES SIX DIAMONDS FIVE,0.6312,0.027,0.3418
HEARTS EIGHT DIAMONDS THREE,0.6608,0.0256,0.3136
CLUBS NINE DIAMONDS FIVE,0.635,0.022,0.343
SPADES ACE CLUBS TWO,0.4646,0.0048,0.5306
SPADES QUEEN CLUBS FOUR,0.4512,0.011,0.5378
SPADES JACK HEARTS FOUR,0.4456,0.017,0.5374
DIAMONDS TWO SPADES FOUR,0.6476,0.0264,0.326
DIAMONDS KING CLUBS TWO,0.4556,0.0108,0.5336
SPADES TEN CLUBS FIVE,0.5106,0.2806,0.2088
CLUBS SEVEN DIAMONDS NINE,0.6878,0.0708,0.2414
SPADES FIVE SPADES TWO,0.6202,0.0252,0.3546
HEARTS SEVEN DIAMONDS QUEEN,0.2926,0.0388,0.6686
SPADES TEN SPADES EIGHT,0.2636,0.2004,0.536
CLUBS JACK DIAMONDS JACK,0.1946,0.0266,0.7788
SPADES SEVEN DIAMONDS FOUR,0.6792,0.078,0.2428
SPADES FIVE DIAMONDS NINE,0.6406,0.028,0.3314
HEARTS FOUR SPADES FOUR,0.4422,0.0512,0.5066
DIAMONDS ACE CLUBS TWO,0.4418,0.007,0.5512
HEARTS EIGHT DIAMONDS FOUR,0.6532,0.0246,0.3222
HEARTS FOUR CLUBS FIVE,0.619,0.0264,0.3546
HEARTS FIVE SPADES NINE,0.6456,0.0262,0.3282
HEARTS EIGHT DIAMONDS TWO,0.6588,0.0322,0.309
CLUBS NINE HEARTS QUEEN,0.4018,0.0082,0.59
CLUBS NINE HEARTS TWO,0.658,0.0244,0.3176
DIAMONDS KING HEARTS TEN,0.2782,0.0366,0.6852
CLUBS FIVE CLUBS FOUR,0.5894,0.029,0.3816
SPADES EIGHT SPADES TWO,0.6178,0.0234,0.3588
CLUBS JACK CLUBS SEVEN,0.2846,0.061,0.6544
CLUBS TWO DIAMONDS EIGHT,0.6568,0.03,0.3132
SPADES KING SPADES FIVE,0.4358,0.0058,0.5584
DIAMONDS TWO HEARTS SIX,0.6686,0.0286,0.3028
CLUBS NINE CLUBS QUEEN,0.3762,0.008,0.6158
CLUBS JACK CLUBS FOUR,0.426,0.0162,0.5578
HEARTS QUEEN DIAMONDS SIX,0.4424,0.0112,0.5464
SPADES FOUR SPADES THREE,0.6036,0.0284,0.368
HEARTS JACK HEARTS TEN,0.2662,0.059,0.6748
HEARTS ACE DIAMONDS FOUR,0.4566,0.0048,0.5386
CLUBS SIX CLUBS THREE,0.6134,0.0226,0.364
CLUBS TEN SPADES NINE,0.2644,0.1592,0.5764
CLUBS KING CLUBS QUEEN,0.3546,0.0044,0.641
HEARTS ACE HEARTS TEN,0.3022,0.0196,0.6782
SPADES ACE DIAMONDS QUEEN,0.3776,0.0042,0.6182
CLUBS JACK CLUBS FIVE,0.423,0.0148,0.5622
CLUBS SEVEN DIAMONDS FOUR,0.6802,0.0806,0.2392
DIAMONDS JACK HEARTS TEN,0.2696,0.0544,0.676
CLUBS EIGHT CLUBS SEVEN,0.634,0.0652,0.3008
SPADES SEVEN HEARTS ACE,0.3146,0.023,0.6624
HEARTS EIGHT CLUBS FOUR,0.6508,0.0258,0.3234
HEARTS SEVEN SPADES SEVEN,0.3472,0.0412,0.6116
CLUBS TEN DIAMONDS JACK,0.277,0.0532,0.6698
CLUBS FIVE SPADES FIVE,0.4464,0.056,0.4976
CLUBS JACK SPADES QUEEN,0.361,0.0096,0.6294
CLUBS SEVEN HEARTS TWO,0.7072,0.0788,0.214
DIAMONDS THREE DIAMONDS EIGHT,0.6436,0.027,0.3294
SPADES THREE CLUBS QUEEN,0.4594,0.0136,0.527
CLUBS NINE CLUBS EIGHT,0.548,0.0248,0.4272
DIAMONDS KING SPADES TWO,0.4612,0.0084,0.5304
SPADES SIX DIAMONDS EIGHT,0.6286,0.0258,0.3456
DIAMONDS ACE SPADES SIX,0.4402,0.0056,0.5542
HEARTS EIGHT CLUBS ACE,0.4298,0.0058,0.5644
HEARTS ACE HEARTS QUEEN,0.3596,0.0054,0.635
SPADES KING CLUBS NINE,0.4016,0.0076,0.5908
HEARTS SEVEN SPADES THREE,0.6956,0.085,0.2194
DIAMONDS THREE SPADES SEVEN,0.6882,0.0736,0.2382
HEARTS FOUR SPADES THREE,0.645,0.0286,0.3264
HEARTS FIVE CLUBS SIX,0.6354,0.0264,0.3382
SPADES NINE CLUBS FIVE,0.6546,0.0232,0.3222
DIAMONDS JACK DIAMONDS NINE,0.3314,0.016,0.6526
CLUBS JACK DIAMONDS TWO,0.4536,0.0174,0.529
SPADES SIX SPADES THREE,0.609,0.0296,0.3614
CLUBS THREE SPADES FIVE,0.635,0.0286,0.3364
CLUBS NINE CLUBS FIVE,0.6148,0.0216,0.3636
CLUBS EIGHT DIAMONDS NINE,0.5924,0.0262,0.3814
HEARTS SIX CLUBS FOUR,0.6418,0.028,0.3302
DIAMONDS ACE HEARTS KING,0.364,0.0052,0.6308
SPADES EIGHT DIAMONDS QUEEN,0.3956,0.0112,0.5932
CLUBS TEN SPADES SEVEN,0.0766,0.9018,0.0216
HEARTS SEVEN SPADES NINE,0.6842,0.0724,0.2434
SPADES TWO DIAMONDS SIX,0.6708,0.0286,0.3006
CLUBS JACK DIAMONDS ACE,0.3672,0.0048,0.628
HEARTS EIGHT DIAMONDS FIVE,0.6334,0.0266,0.34
SPADES EIGHT DIAMONDS JACK,0.389,0.016,0.595
CLUBS THREE CLUBS QUEEN,0.4192,0.0102,0.5706
HEARTS SEVEN CLUBS QUEEN,0.301,0.039,0.66
SPADES QUEEN DIAMONDS QUEEN,0.1956,0.0182,0.7862
SPADES TWO HEARTS TEN,0.5172,0.2756,0.2072
CLUBS JACK SPADES TWO,0.464,0.0156,0.5204
CLUBS EIGHT HEARTS JACK,0.402,0.0174,0.5806
HEARTS FIVE DIAMONDS ACE,0.4368,0.0054,0.5578
SPADES NINE SPADES TWO,0.6214,0.0266,0.352
CLUBS NINE SPADES NINE,0.3122,0.0422,0.6456
HEARTS SIX SPADES FIVE,0.6262,0.0258,0.348
CLUBS NINE SPADES THREE,0.6586,0.0232,0.3182
CLUBS JACK CLUBS SIX,0.4192,0.014,0.5668
CLUBS FOUR HEARTS TEN,0.5174,0.2742,0.2084
CLUBS QUEEN HEARTS NINE,0.3936,0.0082,0.5982
CLUBS NINE CLUBS SEVEN,0.6576,0.072,0.2704
SPADES SIX SPADES FOUR,0.6016,0.0242,0.3742
SPADES JACK CLUBS TWO,0.4662,0.016,0.5178
HEARTS SIX SPADES THREE,0.6528,0.0272,0.32
SPADES NINE CLUBS SIX,0.6336,0.026,0.3404
CLUBS SIX SPADES THREE,0.6616,0.0288,0.3096
DIAMONDS JACK SPADES THREE,0.4474,0.0174,0.5352
CLUBS EIGHT HEARTS ACE,0.4094,0.0048,0.5858
CLUBS EIGHT DIAMONDS JACK,0.3978,0.0176,0.5846
SPADES QUEEN HEARTS TWO,0.4552,0.0134,0.5314
CLUBS SEVEN HEARTS ACE,0.321,0.0252,0.6538
HEARTS KING DIAMONDS SIX,0.4324,0.0066,0.561
CLUBS JACK CLUBS EIGHT,0.3832,0.0152,0.6016
CLUBS NINE SPADES TEN,0.288,0.159,0.553
HEARTS EIGHT CLUBS SEVEN,0.6838,0.0686,0.2476
CLUBS SEVEN DIAMONDS KING,0.296,0.0316,0.6724
HEARTS FIVE CLUBS ACE,0.4602,0.0032,0.5366
CLUBS FOUR CLUBS TWO,0.611,0.0254,0.3636
HEARTS SIX DIAMONDS FOUR,0.638,0.0274,0.3346
CLUBS SIX DIAMONDS JACK,0.4294,0.0196,0.551
SPADES NINE HEARTS ACE,0.425,0.0034,0.5716
CLUBS SEVEN HEARTS TEN,0.0746,0.9054,0.02
CLUBS SIX SPADES SEVEN,0.6714,0.0718,0.2568
SPADES JACK HEARTS KING,0.3712,0.0054,0.6234
SPADES KING HEARTS ACE,0.3954,0.0046,0.6
HEARTS SIX HEARTS TWO,0.6372,0.0258,0.337
CLUBS THREE DIAMONDS SIX,0.6512,0.0256,0.3232
DIAMONDS TWO DIAMONDS ACE,0.4118,0.0054,0.5828
SPADES THREE SPADES TWO,0.6136,0.0266,0.3598
DIAMONDS THREE SPADES FOUR,0.6362,0.0294,0.3344
HEARTS FOUR DIAMONDS FIVE,0.6234,0.0298,0.3468
DIAMONDS JACK CLUBS ACE,0.369,0.0054,0.6256
CLUBS KING DIAMONDS FIVE,0.4514,0.0078,0.5408
HEARTS SEVEN SPADES EIGHT,0.6796,0.0742,0.2462
HEARTS TWO SPADES FIVE,0.65,0.0244,0.3256
CLUBS TEN HEARTS FIVE,0.522,0.2734,0.2046
CLUBS EIGHT CLUBS SIX,0.589,0.0254,0.3856
HEARTS EIGHT HEARTS TEN,0.2606,0.2014,0.538
CLUBS TEN HEARTS THREE,0.5122,0.273,0.2148
CLUBS FOUR DIAMONDS EIGHT,0.6406,0.0254,0.334
DIAMONDS THREE DIAMONDS NINE,0.6522,0.0252,0.3226
DIAMONDS THREE DIAMONDS TWO,0.645,0.0266,0.3284
DIAMONDS EIGHT CLUBS KING,0.4142,0.008,0.5778
HEARTS THREE SPADES TWO,0.6702,0.03,0.2998
HEARTS EIGHT HEARTS TWO,0.6288,0.021,0.3502
HEARTS TWO HEARTS JACK,0.4484,0.0148,0.5368
HEARTS JACK CLUBS QUEEN,0.3734,0.008,0.6186
DIAMONDS JACK DIAMONDS EIGHT,0.3456,0.017,0.6374
HEARTS SIX SPADES JACK,0.4444,0.0176,0.538
HEARTS SIX CLUBS ACE,0.45,0.0052,0.5448
DIAMONDS QUEEN CLUBS ACE,0.38,0.0042,0.6158
CLUBS THREE SPADES FOUR,0.632,0.0246,0.3434
HEARTS SIX HEARTS QUEEN,0.4286,0.0092,0.5622
HEARTS FIVE HEARTS TEN,0.478,0.271,0.251
SPADES QUEEN DIAMONDS JACK,0.3438,0.009,0.6472
HEARTS KING HEARTS NINE,0.3874,0.0084,0.6042
CLUBS NINE DIAMONDS FOUR,0.6592,0.03,0.3108
DIAMONDS THREE SPADES JACK,0.4398,0.0166,0.5436
SPADES ACE CLUBS FIVE,0.444,0.0052,0.5508
CLUBS EIGHT DIAMONDS SIX,0.6208,0.0246,0.3546
SPADES FOUR HEARTS ACE,0.4456,0.0044,0.55
HEARTS THREE CLUBS THREE,0.4636,0.0488,0.4876
HEARTS TWO CLUBS TWO,0.4642,0.0592,0.4766
SPADES FIVE CLUBS KING,0.4516,0.0066,0.5418
CLUBS TEN DIAMONDS NINE,0.2526,0.1606,0.5868
HEARTS EIGHT HEARTS QUEEN,0.3846,0.0096,0.6058
SPADES TEN CLUBS QUEEN,0.261,0.0432,0.6958
HEARTS FIVE CLUBS TWO,0.6548,0.0262,0.319
CLUBS FOUR CLUBS ACE,0.4234,0.005,0.5716
SPADES JACK HEARTS TEN,0.274,0.0526,0.6734
SPADES ACE SPADES FIVE,0.431,0.004,0.565
CLUBS TEN CLUBS NINE,0.267,0.1544,0.5786
CLUBS FIVE HEARTS KING,0.4568,0.008,0.5352
SPADES JACK CLUBS QUEEN,0.355,0.009,0.636
SPADES JACK HEARTS TWO,0.454,0.0192,0.5268
HEARTS SIX DIAMONDS FIVE,0.6336,0.0284,0.338
SPADES ACE SPADES THREE,0.4228,0.0054,0.5718
SPADES FIVE HEARTS NINE,0.6534,0.0212,0.3254
CLUBS SEVEN DIAMONDS EIGHT,0.6706,0.0696,0.2598
HEARTS SIX DIAMONDS KING,0.4318,0.0078,0.5604
HEARTS ACE HEARTS NINE,0.4008,0.0034,0.5958
CLUBS SEVEN HEARTS QUEEN,0.3106,0.0406,0.6488
CLUBS FIVE DIAMONDS NINE,0.64,0.0304,0.3296
DIAMONDS EIGHT HEARTS NINE,0.5794,0.0268,0.3938
CLUBS THREE CLUBS KING,0.4326,0.007,0.5604
DIAMONDS QUEEN SPADES TWO,0.4494,0.0146,0.536
SPADES SIX HEARTS ACE,0.458,0.0056,0.5364
SPADES FOUR DIAMONDS NINE,0.648,0.026,0.326
DIAMONDS THREE DIAMONDS FOUR,0.6386,0.0308,0.3306
SPADES THREE DIAMONDS SIX,0.6686,0.0286,0.3028
SPADES JACK DIAMONDS ACE,0.3544,0.0044,0.6412
SPADES EIGHT DIAMONDS ACE,0.4036,0.0054,0.591
DIAMONDS ACE SPADES TWO,0.4428,0.004,0.5532
SPADES TEN SPADES SIX,0.4868,0.258,0.2552
SPADES JACK HEARTS THREE,0.4542,0.018,0.5278
CLUBS JACK HEARTS TEN,0.2834,0.0534,0.6632
CLUBS SEVEN CLUBS FOUR,0.6386,0.0768,0.2846
HEARTS KING HEARTS TEN,0.2896,0.03,0.6804
SPADES TEN HEARTS TEN,0.1594,0.0534,0.7872
HEARTS EIGHT SPADES TEN,0.2736,0.2266,0.4998
SPADES TWO CLUBS QUEEN,0.4632,0.0084,0.5284
SPADES ACE SPADES FOUR,0.4114,0.0058,0.5828
SPADES QUEEN HEARTS THREE,0.4576,0.0116,0.5308
HEARTS TEN DIAMONDS FIVE,0.5116,0.283,0.2054
SPADES KING DIAMONDS JACK,0.3712,0.006,0.6228
CLUBS TWO HEARTS JACK,0.462,0.0206,0.5174
SPADES TEN HEARTS FOUR,0.5094,0.2794,0.2112
HEARTS FOUR CLUBS QUEEN,0.4598,0.011,0.5292
DIAMONDS QUEEN HEARTS KING,0.359,0.0066,0.6344
CLUBS JACK DIAMONDS EIGHT,0.3832,0.0174,0.5994
DIAMONDS ACE DIAMONDS KING,0.3354,0.0052,0.6594
SPADES QUEEN SPADES JACK,0.3432,0.0106,0.6462
CLUBS SEVEN SPADES FIVE,0.6792,0.0816,0.2392
DIAMONDS THREE SPADES SIX,0.6522,0.0266,0.3212
HEARTS TWO SPADES FOUR,0.6664,0.0254,0.3082
SPADES KING CLUBS QUEEN,0.3762,0.0054,0.6184
HEARTS FIVE SPADES EIGHT,0.6352,0.0292,0.3356
SPADES QUEEN SPADES SEVEN,0.2972,0.0372,0.6656
CLUBS THREE HEARTS ACE,0.4586,0.002,0.5394
HEARTS EIGHT SPADES JACK,0.4058,0.0138,0.5804
DIAMONDS THREE DIAMONDS SIX,0.662,0.0266,0.3114
CLUBS THREE HEARTS TEN,0.5196,0.2742,0.2062
SPADES KING SPADES TEN,0.2682,0.0302,0.7016
CLUBS ACE DIAMONDS FIVE,0.4378,0.0042,0.558
CLUBS EIGHT CLUBS QUEEN,0.3888,0.0102,0.601
DIAMONDS QUEEN HEARTS NINE,0.3904,0.0108,0.5988
SPADES QUEEN SPADES NINE,0.3744,0.0122,0.6134
CLUBS SEVEN HEARTS FOUR,0.6936,0.0758,0.2306
DIAMONDS TWO HEARTS TWO,0.4572,0.051,0.4918
SPADES NINE CLUBS QUEEN,0.4042,0.0096,0.5862
CLUBS SIX DIAMONDS QUEEN,0.4428,0.0104,0.5468
DIAMONDS THREE CLUBS THREE,0.4628,0.0512,0.486
SPADES KING DIAMONDS ACE,0.378,0.0046,0.6174
HEARTS THREE DIAMONDS SIX,0.6444,0.0268,0.3288
CLUBS FIVE CLUBS TWO,0.6114,0.0252,0.3634
SPADES ACE CLUBS SEVEN,0.3162,0.024,0.6598
SPADES KING SPADES JACK,0.3586,0.0096,0.6318
SPADES QUEEN SPADES FOUR,0.438,0.0116,0.5504
SPADES NINE CLUBS FOUR,0.655,0.025,0.32
HEARTS QUEEN CLUBS KING,0.3856,0.0056,0.6088
CLUBS FIVE HEARTS ACE,0.4446,0.0022,0.5532
SPADES ACE CLUBS FOUR,0.452,0.0026,0.5454
SPADES KING HEARTS SIX,0.4546,0.006,0.5394
SPADES FOUR HEARTS QUEEN,0.446,0.0094,0.5446
HEARTS FOUR CLUBS THREE,0.6322,0.029,0.3388
SPADES SIX DIAMONDS QUEEN,0.4424,0.0118,0.5458
SPADES NINE DIAMONDS FIVE,0.6444,0.0234,0.3322
HEARTS TWO SPADES SIX,0.6796,0.0288,0.2916
HEARTS FOUR HEARTS TWO,0.613,0.031,0.356
DIAMONDS THREE DIAMONDS QUEEN,0.415,0.015,0.57
DIAMONDS ACE CLUBS THREE,0.4428,0.0062,0.551
SPADES TEN DIAMONDS SIX,0.5006,0.2836,0.2158
SPADES ACE DIAMONDS ACE,0.1954,0.0042,0.8004
DIAMONDS FIVE DIAMONDS FOUR,0.6158,0.0314,0.3528
SPADES ACE HEARTS EIGHT,0.4182,0.0046,0.5772
SPADES EIGHT SPADES SEVEN,0.6362,0.069,0.2948
CLUBS SEVEN SPADES SIX,0.6602,0.0772,0.2626
HEARTS EIGHT HEARTS SIX,0.5908,0.0226,0.3866
DIAMONDS JACK DIAMONDS SIX,0.4044,0.0162,0.5794
SPADES SEVEN DIAMONDS NINE,0.673,0.0802,0.2468
SPADES TWO CLUBS ACE,0.4714,0.0044,0.5242
DIAMONDS ACE DIAMONDS QUEEN,0.3254,0.0066,0.668
HEARTS EIGHT CLUBS FIVE,0.6304,0.024,0.3456
HEARTS NINE DIAMONDS FOUR,0.6496,0.028,0.3224
SPADES ACE SPADES SEVEN,0.2836,0.021,0.6954
DIAMONDS THREE HEARTS QUEEN,0.4464,0.0082,0.5454
HEARTS QUEEN HEARTS TEN,0.2732,0.049,0.6778
SPADES QUEEN DIAMONDS FOUR,0.4454,0.012,0.5426
HEARTS EIGHT SPADES SIX,0.6332,0.023,0.3438
DIAMONDS NINE CLUBS ACE,0.4172,0.0046,0.5782
SPADES TEN SPADES TWO,0.4756,0.2692,0.2552
SPADES ACE SPADES SIX,0.416,0.0052,0.5788
HEARTS SEVEN DIAMONDS FIVE,0.6794,0.0864,0.2342
HEARTS FOUR SPADES EIGHT,0.6416,0.023,0.3354
HEARTS FIVE HEARTS QUEEN,0.4192,0.011,0.5698
SPADES QUEEN SPADES EIGHT,0.3922,0.0098,0.598
DIAMONDS NINE SPADES TWO,0.6476,0.029,0.3234
HEARTS QUEEN HEARTS JACK,0.3454,0.0094,0.6452
DIAMONDS TWO SPADES QUEEN,0.4546,0.0092,0.5362
SPADES FIVE DIAMONDS FOUR,0.6142,0.0266,0.3592
SPADES JACK HEARTS QUEEN,0.3708,0.0092,0.62
HEARTS SIX CLUBS QUEEN,0.4432,0.0092,0.5476
CLUBS NINE CLUBS ACE,0.39,0.0054,0.6046
HEARTS EIGHT SPADES FIVE,0.636,0.0274,0.3366
HEARTS JACK HEARTS NINE,0.374,0.0166,0.6094
DIAMONDS JACK HEARTS QUEEN,0.3654,0.0104,0.6242
SPADES NINE DIAMONDS EIGHT,0.5724,0.0232,0.4044
HEARTS FOUR CLUBS SIX,0.6486,0.0264,0.325
SPADES NINE SPADES FIVE,0.6106,0.0256,0.3638
DIAMONDS JACK HEARTS NINE,0.3686,0.0186,0.6128
DIAMONDS NINE CLUBS QUEEN,0.4054,0.0122,0.5824
HEARTS EIGHT DIAMONDS JACK,0.385,0.0184,0.5966
SPADES SEVEN HEARTS QUEEN,0.3086,0.0372,0.6542
SPADES EIGHT HEARTS TEN,0.2604,0.2202,0.5194
SPADES FIVE DIAMONDS FIVE,0.4438,0.0528,0.5034
CLUBS JACK DIAMONDS THREE,0.4488,0.0154,0.5358
DIAMONDS THREE CLUBS KING,0.4484,0.0074,0.5442
HEARTS THREE CLUBS QUEEN,0.464,0.0116,0.5244
CLUBS FOUR SPADES FIVE,0.6252,0.0268,0.348
CLUBS SEVEN SPADES TWO,0.7094,0.0788,0.2118
SPADES SIX DIAMONDS JACK,0.4408,0.016,0.5432
DIAMONDS QUEEN HEARTS ACE,0.37,0.006,0.624
