opposingHand,winningChance,drawChance,lostChance
DIAMONDS FOUR DIAMONDS KING
DIAMONDS TWO HEARTS QUEEN,0.6474,0.0114,0.3412
SPADES EIGHT CLUBS QUEEN,0.6038,0.0084,0.3878
HEARTS EIGHT HEARTS QUEEN,0.5768,0.008,0.4152
HEARTS EIGHT DIAMONDS JACK,0.596,0.0076,0.3964
HEARTS EIGHT SPADES EIGHT,0.357,0.0112,0.6318
SPADES EIGHT DIAMONDS FIVE,0.5966,0.0108,0.3926
CLUBS EIGHT DIAMONDS TEN,0.5726,0.009,0.4184
CLUBS SIX CLUBS FIVE,0.5544,0.009,0.4366
SPADES TEN SPADES TWO,0.6124,0.0104,0.3772
SPADES TEN DIAMONDS SEVEN,0.5958,0.007,0.3972
CLUBS SEVEN DIAMONDS JACK,0.611,0.006,0.383
CLUBS SIX DIAMONDS SIX,0.3638,0.0144,0.6218
CLUBS FOUR CLUBS KING,0.0712,0.855,0.0738
DIAMONDS EIGHT CLUBS QUEEN,0.5984,0.0054,0.3962
CLUBS TEN CLUBS ACE,0.3752,0.007,0.6178
HEARTS EIGHT SPADES KING,0.2812,0.2152,0.5036
HEARTS KING DIAMONDS FIVE,0.2584,0.437,0.3046
SPADES KING DIAMONDS EIGHT,0.2684,0.217,0.5146
SPADES EIGHT HEARTS KING,0.2792,0.213,0.5078
CLUBS SIX DIAMONDS SEVEN,0.5652,0.0082,0.4266
DIAMONDS TWO DIAMONDS SEVEN,0.6638,0.0092,0.327
SPADES TEN DIAMONDS QUEEN,0.5666,0.0076,0.4258
SPADES FIVE DIAMONDS EIGHT,0.61,0.0098,0.3802
HEARTS SEVEN CLUBS THREE,0.6576,0.0084,0.334
SPADES FIVE CLUBS QUEEN,0.6294,0.0076,0.363
HEARTS ACE HEARTS NINE,0.3798,0.0032,0.617
CLUBS SIX DIAMONDS ACE,0.389,0.0066,0.6044
DIAMONDS QUEEN DIAMONDS TEN,0.5722,0.0092,0.4186
SPADES EIGHT CLUBS THREE,0.651,0.0072,0.3418
SPADES EIGHT DIAMONDS NINE,0.5846,0.0072,0.4082
CLUBS JACK HEARTS SEVEN,0.6104,0.0052,0.3844
HEARTS EIGHT DIAMONDS QUEEN,0.594,0.0076,0.3984
CLUBS EIGHT HEARTS ACE,0.402,0.0046,0.5934
DIAMONDS TWO CLUBS EIGHT,0.6464,0.0102,0.3434
CLUBS NINE DIAMONDS TEN,0.554,0.0094,0.4366
DIAMONDS TWO SPADES NINE,0.6482,0.0106,0.3412
CLUBS EIGHT CLUBS KING,0.2614,0.2022,0.5364
CLUBS THREE CLUBS TWO,0.6218,0.0088,0.3694
DIAMONDS SEVEN HEARTS TEN,0.5814,0.005,0.4136
SPADES NINE DIAMONDS EIGHT,0.5758,0.0082,0.416
HEARTS SIX DIAMONDS TEN,0.613,0.0072,0.3798
CLUBS SEVEN DIAMONDS SEVEN,0.3714,0.0142,0.6144
HEARTS THREE SPADES SIX,0.6402,0.0096,0.3502
SPADES ACE HEARTS SIX,0.3936,0.0056,0.6008
HEARTS SIX SPADES TWO,0.6514,0.0106,0.338
CLUBS TWO HEARTS KING,0.3218,0.4784,0.1998
DIAMONDS EIGHT HEARTS JACK,0.5962,0.0066,0.3972
SPADES JACK CLUBS FOUR,0.7292,0.039,0.2318
HEARTS KING HEARTS JACK,0.2628,0.086,0.6512
CLUBS JACK CLUBS KING,0.2726,0.0788,0.6486
SPADES SIX HEARTS JACK,0.633,0.0054,0.3616
SPADES JACK CLUBS THREE,0.6652,0.0084,0.3264
HEARTS JACK HEARTS TEN,0.5352,0.0078,0.457
CLUBS JACK SPADES QUEEN,0.5722,0.0042,0.4236
SPADES JACK DIAMONDS FIVE,0.6172,0.0086,0.3742
HEARTS THREE CLUBS KING,0.3038,0.4846,0.2116
DIAMONDS ACE DIAMONDS QUEEN,0.3404,0.005,0.6546
SPADES SIX SPADES THREE,0.6092,0.0074,0.3834
HEARTS TWO CLUBS TWO,0.4696,0.0196,0.5108
CLUBS FIVE DIAMONDS EIGHT,0.6072,0.0094,0.3834
HEARTS FOUR DIAMONDS SEVEN,0.7164,0.0312,0.2524
SPADES JACK CLUBS SIX,0.621,0.0058,0.3732
HEARTS SIX SPADES SIX,0.3818,0.0144,0.6038
HEARTS SIX CLUBS KING,0.2654,0.3632,0.3714
SPADES EIGHT CLUBS FIVE,0.6116,0.0086,0.3798
HEARTS FIVE CLUBS THREE,0.6364,0.0104,0.3532
DIAMONDS SIX DIAMONDS FIVE,0.5858,0.0084,0.4058
HEARTS FIVE HEARTS FOUR,0.669,0.0304,0.3006
DIAMONDS TEN HEARTS JACK,0.5604,0.009,0.4306
CLUBS TEN SPADES TEN,0.3416,0.0084,0.65
DIAMONDS JACK SPADES THREE,0.6456,0.01,0.3444
SPADES FOUR HEARTS ACE,0.281,0.0248,0.6942
SPADES EIGHT HEARTS QUEEN,0.603,0.008,0.389
HEARTS SEVEN SPADES FIVE,0.6036,0.0064,0.39
CLUBS FIVE HEARTS TWO,0.6552,0.009,0.3358
CLUBS NINE CLUBS QUEEN,0.5562,0.01,0.4338
HEARTS TWO DIAMONDS SIX,0.659,0.0074,0.3336
SPADES ACE CLUBS ACE,0.1698,0.0052,0.825
SPADES TEN HEARTS THREE,0.6492,0.0056,0.3452
SPADES ACE CLUBS TEN,0.3932,0.0048,0.602
SPADES ACE SPADES NINE,0.3862,0.0026,0.6112
DIAMONDS EIGHT HEARTS TEN,0.5888,0.0074,0.4038
CLUBS FIVE DIAMONDS NINE,0.6128,0.0096,0.3776
CLUBS TWO DIAMONDS EIGHT,0.6514,0.007,0.3416
DIAMONDS SEVEN CLUBS KING,0.2582,0.2884,0.4534
HEARTS FOUR SPADES EIGHT,0.7328,0.0306,0.2366
SPADES KING CLUBS FOUR,0.0706,0.9062,0.0232
DIAMONDS NINE CLUBS ACE,0.4008,0.0034,0.5958
HEARTS FIVE DIAMONDS SEVEN,0.5858,0.0076,0.4066
DIAMONDS THREE DIAMONDS FIVE,0.6208,0.0104,0.3688
SPADES SIX DIAMONDS SEVEN,0.5812,0.007,0.4118
SPADES EIGHT SPADES FOUR,0.6844,0.0306,0.285
SPADES SEVEN DIAMONDS JACK,0.6118,0.0082,0.38
DIAMONDS JACK DIAMONDS TEN,0.5656,0.0104,0.424
HEARTS SIX SPADES FOUR,0.7136,0.025,0.2614
HEARTS EIGHT DIAMONDS TEN,0.5886,0.0068,0.4046
DIAMONDS TWO SPADES QUEEN,0.6666,0.0066,0.3268
CLUBS FOUR DIAMONDS QUEEN,0.741,0.0378,0.2212
DIAMONDS TEN DIAMONDS SIX,0.5882,0.0082,0.4036
SPADES JACK CLUBS QUEEN,0.5806,0.0068,0.4126
SPADES JACK HEARTS TWO,0.6522,0.0102,0.3376
SPADES NINE DIAMONDS JACK,0.5744,0.0084,0.4172
SPADES JACK DIAMONDS JACK,0.3314,0.0068,0.6618
CLUBS SIX SPADES SEVEN,0.593,0.0096,0.3974
CLUBS JACK DIAMONDS THREE,0.6512,0.0092,0.3396
HEARTS THREE HEARTS ACE,0.3904,0.004,0.6056
HEARTS SEVEN SPADES SEVEN,0.3614,0.0106,0.628
HEARTS ACE DIAMONDS SIX,0.3944,0.005,0.6006
SPADES EIGHT HEARTS ACE,0.4108,0.0036,0.5856
CLUBS SIX DIAMONDS EIGHT,0.5814,0.0092,0.4094
DIAMONDS ACE DIAMONDS FIVE,0.3088,0.0074,0.6838
CLUBS TEN CLUBS EIGHT,0.5498,0.008,0.4422
SPADES SIX CLUBS TWO,0.6468,0.0092,0.344
DIAMONDS JACK CLUBS ACE,0.3876,0.0066,0.6058
HEARTS ACE CLUBS QUEEN,0.3922,0.0042,0.6036
SPADES KING HEARTS SEVEN,0.273,0.2736,0.4534
SPADES KING SPADES QUEEN,0.2776,0.0534,0.669
HEARTS FIVE CLUBS FOUR,0.6922,0.0274,0.2804
HEARTS QUEEN HEARTS JACK,0.5418,0.0068,0.4514
DIAMONDS TWO SPADES TEN,0.659,0.0086,0.3324
SPADES NINE SPADES TWO,0.6052,0.0098,0.385
CLUBS NINE SPADES NINE,0.3448,0.0078,0.6474
HEARTS ACE HEARTS KING,0.2518,0.0126,0.7356
SPADES NINE DIAMONDS TEN,0.557,0.008,0.435
HEARTS SIX HEARTS JACK,0.5858,0.007,0.4072
DIAMONDS TEN CLUBS ACE,0.3766,0.007,0.6164
HEARTS THREE DIAMONDS QUEEN,0.64,0.008,0.352
CLUBS THREE HEARTS KING,0.3108,0.4872,0.202
SPADES QUEEN SPADES JACK,0.5578,0.0084,0.4338
CLUBS NINE DIAMONDS JACK,0.5744,0.0066,0.419
SPADES ACE CLUBS THREE,0.4172,0.004,0.5788
HEARTS SEVEN SPADES EIGHT,0.585,0.008,0.407
SPADES THREE DIAMONDS SIX,0.6292,0.01,0.3608
HEARTS KING CLUBS QUEEN,0.2986,0.0586,0.6428
DIAMONDS NINE DIAMONDS SIX,0.5884,0.0116,0.4
CLUBS FOUR SPADES FOUR,0.3398,0.0256,0.6346
HEARTS TWO HEARTS QUEEN,0.6326,0.0082,0.3592
HEARTS THREE DIAMONDS FIVE,0.6294,0.0104,0.3602
SPADES JACK DIAMONDS NINE,0.5738,0.0074,0.4188
CLUBS JACK DIAMONDS JACK,0.321,0.0066,0.6724
DIAMONDS EIGHT DIAMONDS SEVEN,0.5748,0.0096,0.4156
DIAMONDS QUEEN CLUBS QUEEN,0.32,0.0044,0.6756
CLUBS NINE DIAMONDS QUEEN,0.592,0.0082,0.3998
CLUBS THREE DIAMONDS TEN,0.649,0.009,0.342
CLUBS SIX SPADES SIX,0.3826,0.015,0.6024
HEARTS EIGHT CLUBS FIVE,0.619,0.0076,0.3734
DIAMONDS THREE CLUBS EIGHT,0.659,0.0094,0.3316
SPADES ACE SPADES TEN,0.3602,0.0054,0.6344
HEARTS EIGHT SPADES SEVEN,0.5864,0.009,0.4046
SPADES SEVEN DIAMONDS NINE,0.5778,0.01,0.4122
DIAMONDS QUEEN HEARTS ACE,0.3956,0.0048,0.5996
HEARTS ACE HEARTS TEN,0.3668,0.0056,0.6276
SPADES THREE HEARTS TEN,0.663,0.0076,0.3294
HEARTS EIGHT HEARTS KING,0.2648,0.209,0.5262
SPADES EIGHT DIAMONDS QUEEN,0.6056,0.0082,0.3862
HEARTS FIVE SPADES SIX,0.5992,0.0082,0.3926
DIAMONDS THREE SPADES NINE,0.643,0.0086,0.3484
DIAMONDS NINE HEARTS NINE,0.3484,0.0078,0.6438
HEARTS SIX HEARTS FOUR,0.6776,0.0278,0.2946
CLUBS JACK DIAMONDS QUEEN,0.5744,0.006,0.4196
CLUBS SIX HEARTS JACK,0.6218,0.007,0.3712
HEARTS FOUR SPADES THREE,0.7008,0.0354,0.2638
HEARTS ACE SPADES THREE,0.4154,0.0044,0.5802
DIAMONDS ACE CLUBS QUEEN,0.3704,0.005,0.6246
DIAMONDS ACE HEARTS QUEEN,0.3798,0.0076,0.6126
SPADES JACK HEARTS TEN,0.5734,0.0046,0.422
HEARTS ACE HEARTS JACK,0.364,0.0052,0.6308
SPADES NINE CLUBS THREE,0.6456,0.008,0.3464
CLUBS TEN SPADES THREE,0.6552,0.009,0.3358
CLUBS SIX SPADES FOUR,0.705,0.0306,0.2644
DIAMONDS TWO SPADES SIX,0.6554,0.0104,0.3342
SPADES SIX DIAMONDS JACK,0.6218,0.009,0.3692
CLUBS JACK CLUBS QUEEN,0.532,0.0088,0.4592
SPADES KING HEARTS KING,0.1294,0.0138,0.8568
SPADES NINE CLUBS TWO,0.6586,0.0056,0.3358
CLUBS TEN CLUBS THREE,0.6064,0.0088,0.3848
DIAMONDS TWO DIAMONDS JACK,0.6504,0.0122,0.3374
DIAMONDS QUEEN CLUBS KING,0.269,0.0616,0.6694
DIAMONDS JACK DIAMONDS FIVE,0.6196,0.0088,0.3716
CLUBS FIVE DIAMONDS FIVE,0.365,0.0172,0.6178
CLUBS JACK CLUBS EIGHT,0.549,0.007,0.444
DIAMONDS THREE SPADES THREE,0.4658,0.0162,0.518
HEARTS SEVEN CLUBS NINE,0.5784,0.0098,0.4118
SPADES ACE CLUBS EIGHT,0.4024,0.0026,0.595
SPADES QUEEN HEARTS SIX,0.6194,0.0064,0.3742
HEARTS SEVEN SPADES NINE,0.5976,0.0044,0.398
HEARTS FIVE SPADES EIGHT,0.623,0.0066,0.3704
CLUBS THREE SPADES TWO,0.6694,0.0098,0.3208
HEARTS TWO DIAMONDS ACE,0.4046,0.008,0.5874
HEARTS EIGHT SPADES FOUR,0.7346,0.0304,0.235
HEARTS NINE DIAMONDS FIVE,0.604,0.0074,0.3886
SPADES TWO HEARTS JACK,0.6608,0.009,0.3302
SPADES KING DIAMONDS ACE,0.2618,0.0134,0.7248
SPADES SIX HEARTS NINE,0.6032,0.0062,0.3906
SPADES ACE DIAMONDS TWO,0.4112,0.0064,0.5824
CLUBS NINE DIAMONDS ACE,0.3912,0.0052,0.6036
DIAMONDS THREE CLUBS FIVE,0.6234,0.0094,0.3672
DIAMONDS QUEEN HEARTS JACK,0.5726,0.0102,0.4172
HEARTS SIX HEARTS THREE,0.607,0.0096,0.3834
CLUBS JACK CLUBS FOUR,0.7036,0.0348,0.2616
DIAMONDS QUEEN HEARTS KING,0.2802,0.0638,0.656
HEARTS FOUR CLUBS FIVE,0.6924,0.0312,0.2764
SPADES NINE DIAMONDS QUEEN,0.5886,0.008,0.4034
SPADES SIX DIAMONDS NINE,0.5986,0.009,0.3924
HEARTS FOUR SPADES FOUR,0.3476,0.0242,0.6282
HEARTS SIX SPADES SEVEN,0.5924,0.0072,0.4004
CLUBS NINE CLUBS SIX,0.573,0.0066,0.4204
DIAMONDS TWO HEARTS TEN,0.643,0.0076,0.3494
HEARTS FOUR CLUBS ACE,0.2822,0.024,0.6938
SPADES SEVEN DIAMONDS EIGHT,0.5784,0.0074,0.4142
CLUBS SIX SPADES EIGHT,0.603,0.0092,0.3878
CLUBS TEN HEARTS NINE,0.5742,0.0064,0.4194
HEARTS EIGHT CLUBS EIGHT,0.3656,0.0094,0.625
HEARTS TWO CLUBS QUEEN,0.6604,0.0082,0.3314
CLUBS TWO CLUBS KING,0.2962,0.4502,0.2536
SPADES QUEEN HEARTS QUEEN,0.3232,0.0046,0.6722
CLUBS EIGHT DIAMONDS FIVE,0.6102,0.0088,0.381
HEARTS FIVE SPADES FIVE,0.3786,0.0192,0.6022
CLUBS SIX CLUBS FOUR,0.6624,0.0296,0.308
HEARTS EIGHT CLUBS ACE,0.4096,0.0036,0.5868
HEARTS EIGHT SPADES SIX,0.5918,0.0076,0.4006
DIAMONDS THREE SPADES TWO,0.659,0.0108,0.3302
SPADES ACE DIAMONDS NINE,0.391,0.0056,0.6034
SPADES TEN CLUBS ACE,0.4068,0.0036,0.5896
DIAMONDS ACE DIAMONDS SIX,0.337,0.0066,0.6564
CLUBS EIGHT SPADES TEN,0.5814,0.008,0.4106
CLUBS TWO CLUBS QUEEN,0.618,0.0092,0.3728
HEARTS FIVE HEARTS JACK,0.5814,0.009,0.4096
HEARTS TWO DIAMONDS NINE,0.6544,0.0082,0.3374
HEARTS THREE HEARTS TWO,0.6298,0.0116,0.3586
CLUBS SEVEN HEARTS JACK,0.6094,0.0064,0.3842
HEARTS TWO DIAMONDS SEVEN,0.658,0.0088,0.3332
HEARTS SEVEN HEARTS FOUR,0.684,0.027,0.289
SPADES EIGHT DIAMONDS TEN,0.5668,0.008,0.4252
CLUBS SEVEN CLUBS KING,0.254,0.2642,0.4818
CLUBS TEN SPADES QUEEN,0.5846,0.0062,0.4092
SPADES TEN SPADES SEVEN,0.5668,0.0062,0.427
HEARTS EIGHT HEARTS TWO,0.6146,0.0072,0.3782
SPADES THREE HEARTS JACK,0.6576,0.0086,0.3338
DIAMONDS TEN SPADES TWO,0.6386,0.008,0.3534
SPADES SEVEN CLUBS TWO,0.663,0.0068,0.3302
CLUBS SEVEN DIAMONDS TEN,0.5916,0.0084,0.4
DIAMONDS QUEEN HEARTS TEN,0.5768,0.01,0.4132
DIAMONDS TWO CLUBS SIX,0.6354,0.0102,0.3544
SPADES KING DIAMONDS QUEEN,0.2602,0.0636,0.6762
CLUBS FOUR SPADES SIX,0.722,0.026,0.252
HEARTS THREE CLUBS THREE,0.4676,0.0194,0.513
SPADES NINE SPADES SEVEN,0.5474,0.0078,0.4448
CLUBS SEVEN HEARTS TWO,0.6598,0.0086,0.3316
SPADES FIVE DIAMONDS SIX,0.5868,0.0108,0.4024
SPADES SEVEN DIAMONDS SIX,0.5956,0.0072,0.3972
SPADES SIX HEARTS QUEEN,0.625,0.006,0.369
DIAMONDS TEN CLUBS QUEEN,0.5856,0.0076,0.4068
HEARTS FOUR DIAMONDS NINE,0.7324,0.0286,0.239
CLUBS FIVE CLUBS FOUR,0.6538,0.033,0.3132
HEARTS EIGHT SPADES JACK,0.5978,0.0054,0.3968
CLUBS EIGHT SPADES FIVE,0.6018,0.0068,0.3914
HEARTS FIVE SPADES SEVEN,0.6058,0.0072,0.387
HEARTS ACE DIAMONDS NINE,0.3782,0.0058,0.616
HEARTS EIGHT DIAMONDS SEVEN,0.5792,0.0072,0.4136
SPADES NINE HEARTS KING,0.29,0.1558,0.5542
DIAMONDS NINE HEARTS JACK,0.5704,0.0066,0.423
SPADES SEVEN HEARTS QUEEN,0.6338,0.0076,0.3586
SPADES JACK SPADES TWO,0.6076,0.0066,0.3858
HEARTS TWO SPADES SIX,0.6492,0.0078,0.343
HEARTS SEVEN HEARTS KING,0.2522,0.2674,0.4804
SPADES THREE DIAMONDS NINE,0.64,0.009,0.351
CLUBS FIVE HEARTS TEN,0.6254,0.0096,0.365
HEARTS KING SPADES TWO,0.3036,0.493,0.2034
CLUBS EIGHT HEARTS FOUR,0.7254,0.0312,0.2434
CLUBS SIX DIAMONDS TEN,0.618,0.006,0.376
DIAMONDS SEVEN DIAMONDS SIX,0.5736,0.0086,0.4178
SPADES NINE HEARTS ACE,0.3932,0.0032,0.6036
SPADES EIGHT HEARTS TWO,0.6552,0.008,0.3368
SPADES QUEEN DIAMONDS TEN,0.5864,0.007,0.4066
SPADES TEN HEARTS ACE,0.398,0.0036,0.5984
SPADES SEVEN DIAMONDS FIVE,0.593,0.0084,0.3986
SPADES ACE CLUBS FOUR,0.2756,0.0266,0.6978
DIAMONDS QUEEN CLUBS TWO,0.648,0.0112,0.3408
DIAMONDS TWO DIAMONDS SIX,0.6514,0.0102,0.3384
DIAMONDS THREE HEARTS NINE,0.6414,0.0088,0.3498
HEARTS SIX HEARTS QUEEN,0.5786,0.0064,0.415
SPADES JACK CLUBS TWO,0.6492,0.0098,0.341
HEARTS FIVE CLUBS QUEEN,0.6334,0.008,0.3586
SPADES QUEEN SPADES SIX,0.5774,0.0072,0.4154
CLUBS TEN HEARTS FIVE,0.6286,0.0074,0.364
SPADES THREE HEARTS NINE,0.6448,0.0088,0.3464
HEARTS SEVEN CLUBS KING,0.2762,0.2948,0.429
DIAMONDS EIGHT CLUBS ACE,0.384,0.006,0.61
CLUBS ACE DIAMONDS FIVE,0.3772,0.0054,0.6174
DIAMONDS TWO CLUBS THREE,0.6622,0.0094,0.3284
SPADES ACE CLUBS JACK,0.3926,0.0044,0.603
DIAMONDS ACE DIAMONDS EIGHT,0.3406,0.0054,0.654
HEARTS QUEEN DIAMONDS SEVEN,0.6164,0.0066,0.377
SPADES ACE SPADES JACK,0.3608,0.0058,0.6334
SPADES FOUR CLUBS KING,0.0634,0.9166,0.02
DIAMONDS THREE DIAMONDS JACK,0.6436,0.0086,0.3478
HEARTS SIX CLUBS ACE,0.3868,0.0048,0.6084
SPADES KING CLUBS ACE,0.2648,0.0142,0.721
CLUBS NINE SPADES SIX,0.5998,0.0088,0.3914
HEARTS QUEEN CLUBS ACE,0.4074,0.0054,0.5872
DIAMONDS TEN DIAMONDS FIVE,0.6214,0.008,0.3706
CLUBS FOUR DIAMONDS SIX,0.6996,0.0308,0.2696
SPADES THREE HEARTS KING,0.2966,0.4954,0.208
CLUBS EIGHT HEARTS FIVE,0.6186,0.0086,0.3728
SPADES NINE HEARTS THREE,0.657,0.0102,0.3328
CLUBS SIX HEARTS QUEEN,0.6352,0.0092,0.3556
HEARTS THREE CLUBS ACE,0.4274,0.004,0.5686
HEARTS SEVEN DIAMONDS QUEEN,0.624,0.007,0.369
HEARTS FOUR CLUBS TWO,0.7172,0.035,0.2478
HEARTS TWO DIAMONDS JACK,0.656,0.0084,0.3356
HEARTS SEVEN DIAMONDS JACK,0.608,0.0066,0.3854
HEARTS SEVEN DIAMONDS ACE,0.3836,0.0066,0.6098
HEARTS THREE SPADES TWO,0.6758,0.0078,0.3164
CLUBS SEVEN CLUBS TWO,0.6182,0.0092,0.3726
CLUBS THREE HEARTS TEN,0.649,0.0072,0.3438
DIAMONDS SEVEN CLUBS QUEEN,0.6144,0.0084,0.3772
SPADES JACK HEARTS QUEEN,0.5964,0.0052,0.3984
SPADES NINE DIAMONDS SIX,0.5868,0.0074,0.4058
SPADES TEN HEARTS QUEEN,0.588,0.0076,0.4044
SPADES THREE DIAMONDS FIVE,0.6172,0.0104,0.3724
HEARTS EIGHT SPADES NINE,0.5762,0.0096,0.4142
CLUBS JACK SPADES FIVE,0.6208,0.0092,0.37
SPADES TEN SPADES FOUR,0.6914,0.0364,0.2722
CLUBS ACE DIAMONDS SEVEN,0.401,0.0052,0.5938
SPADES EIGHT DIAMONDS ACE,0.3872,0.0038,0.609
HEARTS JACK HEARTS NINE,0.5418,0.0084,0.4498
SPADES FIVE HEARTS KING,0.2728,0.4362,0.291
DIAMONDS THREE CLUBS TEN,0.649,0.0084,0.3426
SPADES QUEEN SPADES SEVEN,0.5828,0.0072,0.41
HEARTS FIVE HEARTS NINE,0.572,0.009,0.419
HEARTS EIGHT DIAMONDS SIX,0.5804,0.007,0.4126
SPADES TWO HEARTS TEN,0.6466,0.0092,0.3442
SPADES NINE DIAMONDS SEVEN,0.5786,0.008,0.4134
HEARTS FOUR HEARTS KING,0.0698,0.8588,0.0714
SPADES SEVEN DIAMONDS QUEEN,0.613,0.0064,0.3806
HEARTS SEVEN HEARTS QUEEN,0.5892,0.0104,0.4004
HEARTS SEVEN SPADES JACK,0.6102,0.007,0.3828
SPADES ACE DIAMONDS EIGHT,0.3868,0.0048,0.6084
SPADES QUEEN HEARTS TWO,0.645,0.0104,0.3446
HEARTS EIGHT SPADES TWO,0.654,0.0072,0.3388
SPADES FOUR HEARTS TEN,0.7322,0.0306,0.2372
HEARTS TWO DIAMONDS QUEEN,0.6522,0.0102,0.3376
HEARTS EIGHT SPADES TEN,0.5912,0.0062,0.4026
HEARTS SEVEN CLUBS SEVEN,0.3566,0.0122,0.6312
SPADES EIGHT CLUBS TWO,0.6644,0.0084,0.3272
HEARTS FOUR HEARTS JACK,0.6908,0.0312,0.278
SPADES FIVE CLUBS TWO,0.6482,0.0092,0.3426
SPADES THREE DIAMONDS SEVEN,0.645,0.0108,0.3442
SPADES SEVEN DIAMONDS SEVEN,0.3578,0.0152,0.627
SPADES TWO CLUBS ACE,0.4108,0.0058,0.5834
CLUBS TEN SPADES TWO,0.6464,0.007,0.3466
DIAMONDS TWO DIAMONDS NINE,0.6464,0.0096,0.344
SPADES TEN CLUBS KING,0.279,0.1124,0.6086
SPADES TWO DIAMONDS EIGHT,0.6572,0.0096,0.3332
CLUBS JACK CLUBS SEVEN,0.571,0.0112,0.4178
HEARTS EIGHT HEARTS THREE,0.6346,0.0106,0.3548
HEARTS SEVEN HEARTS JACK,0.5832,0.007,0.4098
SPADES JACK SPADES SEVEN,0.5748,0.0068,0.4184
DIAMONDS THREE HEARTS TEN,0.6518,0.0094,0.3388
CLUBS TEN CLUBS QUEEN,0.544,0.0078,0.4482
HEARTS THREE DIAMONDS ACE,0.396,0.0058,0.5982
DIAMONDS TEN HEARTS QUEEN,0.5638,0.007,0.4292
HEARTS TWO CLUBS FOUR,0.7218,0.032,0.2462
SPADES TEN SPADES SIX,0.5838,0.007,0.4092
CLUBS TEN CLUBS FOUR,0.684,0.0406,0.2754
HEARTS THREE HEARTS QUEEN,0.6046,0.0068,0.3886
HEARTS ACE CLUBS ACE,0.16,0.0034,0.8366
SPADES QUEEN DIAMONDS ACE,0.3822,0.0052,0.6126
CLUBS SEVEN DIAMONDS SIX,0.5836,0.0084,0.408
HEARTS TEN HEARTS NINE,0.5382,0.0052,0.4566
SPADES SEVEN HEARTS ACE,0.3998,0.0042,0.596
CLUBS NINE DIAMONDS EIGHT,0.5778,0.0096,0.4126
CLUBS FIVE HEARTS KING,0.2646,0.4392,0.2962
SPADES EIGHT DIAMONDS JACK,0.59,0.0094,0.4006
DIAMONDS ACE CLUBS THREE,0.4056,0.0056,0.5888
SPADES NINE SPADES SIX,0.57,0.0082,0.4218
CLUBS TWO SPADES TWO,0.4652,0.0174,0.5174
CLUBS EIGHT HEARTS NINE,0.5794,0.006,0.4146
CLUBS FIVE SPADES FIVE,0.3688,0.0172,0.614
CLUBS FOUR HEARTS ACE,0.2764,0.0222,0.7014
DIAMONDS TWO SPADES SEVEN,0.6608,0.0062,0.333
HEARTS QUEEN DIAMONDS SIX,0.6194,0.005,0.3756
SPADES TWO DIAMONDS SEVEN,0.66,0.0106,0.3294
DIAMONDS QUEEN HEARTS QUEEN,0.3184,0.005,0.6766
CLUBS NINE HEARTS FOUR,0.7384,0.0274,0.2342
DIAMONDS ACE HEARTS NINE,0.3892,0.0052,0.6056
HEARTS FOUR DIAMONDS EIGHT,0.732,0.0322,0.2358
CLUBS FOUR CLUBS THREE,0.6722,0.0326,0.2952
SPADES FOUR DIAMONDS SEVEN,0.7048,0.0308,0.2644
DIAMONDS JACK SPADES FOUR,0.7294,0.04,0.2306
HEARTS SEVEN SPADES TEN,0.609,0.0076,0.3834
CLUBS NINE DIAMONDS FIVE,0.6136,0.01,0.3764
CLUBS FIVE HEARTS NINE,0.609,0.0082,0.3828
SPADES SEVEN DIAMONDS TEN,0.5944,0.0072,0.3984
SPADES QUEEN CLUBS QUEEN,0.3284,0.0056,0.666
DIAMONDS TEN HEARTS NINE,0.558,0.0076,0.4344
HEARTS QUEEN CLUBS QUEEN,0.327,0.005,0.668
HEARTS FIVE DIAMONDS NINE,0.6008,0.0126,0.3866
DIAMONDS TWO SPADES FOUR,0.7126,0.0382,0.2492
HEARTS SEVEN CLUBS SIX,0.5964,0.0088,0.3948
HEARTS TWO CLUBS THREE,0.6684,0.0116,0.32
DIAMONDS JACK HEARTS KING,0.274,0.0938,0.6322
DIAMONDS TWO HEARTS THREE,0.6626,0.01,0.3274
DIAMONDS ACE DIAMONDS SEVEN,0.3338,0.0058,0.6604
DIAMONDS THREE SPADES SEVEN,0.6434,0.0096,0.347
SPADES KING CLUBS SEVEN,0.2764,0.2886,0.435
HEARTS EIGHT HEARTS NINE,0.538,0.0068,0.4552
SPADES QUEEN CLUBS FIVE,0.6242,0.0082,0.3676
HEARTS SEVEN SPADES FOUR,0.7182,0.0276,0.2542
CLUBS EIGHT DIAMONDS EIGHT,0.3424,0.0148,0.6428
CLUBS SEVEN HEARTS KING,0.2788,0.2794,0.4418
SPADES KING CLUBS TEN,0.2884,0.1084,0.6032
SPADES QUEEN DIAMONDS QUEEN,0.3152,0.007,0.6778
CLUBS JACK DIAMONDS NINE,0.5874,0.0072,0.4054
HEARTS SIX CLUBS THREE,0.6374,0.0082,0.3544
HEARTS QUEEN HEARTS TEN,0.5414,0.0064,0.4522
CLUBS NINE CLUBS SEVEN,0.552,0.0094,0.4386
HEARTS ACE HEARTS QUEEN,0.3662,0.006,0.6278
SPADES NINE SPADES FOUR,0.6934,0.0326,0.274
CLUBS FOUR CLUBS TWO,0.6836,0.034,0.2824
DIAMONDS TEN HEARTS KING,0.2662,0.1144,0.6194
SPADES QUEEN DIAMONDS FIVE,0.6238,0.0082,0.368
SPADES NINE CLUBS QUEEN,0.6056,0.0062,0.3882
CLUBS SEVEN SPADES NINE,0.5878,0.0054,0.4068
SPADES KING SPADES EIGHT,0.2506,0.2062,0.5432
CLUBS EIGHT SPADES FOUR,0.7326,0.0336,0.2338
SPADES THREE CLUBS ACE,0.4138,0.003,0.5832
CLUBS JACK CLUBS TWO,0.6204,0.0078,0.3718
CLUBS JACK HEARTS NINE,0.5784,0.0046,0.417
HEARTS EIGHT HEARTS ACE,0.3836,0.0044,0.612
CLUBS TWO CLUBS ACE,0.404,0.0048,0.5912
HEARTS EIGHT DIAMONDS THREE,0.6694,0.0092,0.3214
CLUBS TEN SPADES NINE,0.5702,0.0062,0.4236
CLUBS SIX CLUBS QUEEN,0.5812,0.0086,0.4102
DIAMONDS TWO HEARTS FOUR,0.722,0.0338,0.2442
SPADES JACK SPADES EIGHT,0.5514,0.0082,0.4404
DIAMONDS TWO CLUBS SEVEN,0.6648,0.0094,0.3258
CLUBS TEN SPADES SEVEN,0.5974,0.0058,0.3968
CLUBS TWO DIAMONDS SEVEN,0.6658,0.0124,0.3218
SPADES QUEEN SPADES FOUR,0.6996,0.0344,0.266
CLUBS EIGHT HEARTS TEN,0.597,0.0076,0.3954
CLUBS EIGHT DIAMONDS SIX,0.583,0.009,0.408
HEARTS THREE HEARTS KING,0.2878,0.4624,0.2498
CLUBS TEN DIAMONDS TWO,0.6454,0.0082,0.3464
HEARTS FIVE HEARTS TEN,0.576,0.0082,0.4158
CLUBS TWO SPADES FOUR,0.7316,0.036,0.2324
HEARTS FIVE DIAMONDS QUEEN,0.613,0.0088,0.3782
SPADES KING DIAMONDS SEVEN,0.2564,0.286,0.4576
HEARTS FIVE HEARTS THREE,0.59,0.0088,0.4012
CLUBS THREE SPADES FIVE,0.6332,0.0098,0.357
HEARTS SEVEN HEARTS FIVE,0.5634,0.01,0.4266
DIAMONDS ACE HEARTS TEN,0.3638,0.0048,0.6314
SPADES ACE SPADES FIVE,0.366,0.0044,0.6296
CLUBS FIVE HEARTS ACE,0.3972,0.0048,0.598
CLUBS KING DIAMONDS FIVE,0.258,0.4396,0.3024
DIAMONDS JACK HEARTS ACE,0.385,0.006,0.609
SPADES QUEEN DIAMONDS NINE,0.583,0.0068,0.4102
SPADES THREE CLUBS QUEEN,0.663,0.0074,0.3296
CLUBS KING HEARTS NINE,0.281,0.15,0.569
DIAMONDS TWO CLUBS TWO,0.4716,0.0168,0.5116
DIAMONDS TWO HEARTS SIX,0.6406,0.0074,0.352
SPADES NINE CLUBS KING,0.2702,0.1626,0.5672
HEARTS FOUR CLUBS SIX,0.7198,0.0276,0.2526
CLUBS NINE DIAMONDS NINE,0.3264,0.0144,0.6592
HEARTS SEVEN SPADES TWO,0.6584,0.01,0.3316
HEARTS FIVE CLUBS KING,0.2612,0.438,0.3008
SPADES QUEEN SPADES EIGHT,0.5762,0.0086,0.4152
HEARTS SIX DIAMONDS JACK,0.6216,0.0084,0.37
DIAMONDS TWO SPADES JACK,0.6488,0.0084,0.3428
SPADES SIX SPADES FOUR,0.6614,0.029,0.3096
CLUBS JACK SPADES SIX,0.6222,0.0064,0.3714
HEARTS SEVEN DIAMONDS SEVEN,0.3506,0.0162,0.6332
CLUBS FIVE CLUBS TWO,0.599,0.0094,0.3916
SPADES QUEEN SPADES NINE,0.5678,0.005,0.4272
HEARTS SIX SPADES FIVE,0.5912,0.01,0.3988
DIAMONDS ACE HEARTS ACE,0.1536,0.0054,0.841
SPADES NINE HEARTS TEN,0.5844,0.0072,0.4084
DIAMONDS TWO HEARTS NINE,0.6466,0.007,0.3464
CLUBS TEN HEARTS TEN,0.3474,0.0068,0.6458
SPADES KING HEARTS QUEEN,0.286,0.0616,0.6524
DIAMONDS TWO SPADES FIVE,0.6334,0.0102,0.3564
HEARTS SIX HEARTS NINE,0.565,0.0074,0.4276
HEARTS KING DIAMONDS SIX,0.2548,0.3672,0.378
HEARTS ACE DIAMONDS EIGHT,0.3878,0.0052,0.607
SPADES FIVE DIAMONDS TEN,0.609,0.0094,0.3816
DIAMONDS ACE SPADES THREE,0.3984,0.0064,0.5952
CLUBS FOUR DIAMONDS JACK,0.7376,0.0392,0.2232
CLUBS NINE CLUBS THREE,0.6144,0.008,0.3776
HEARTS FIVE HEARTS QUEEN,0.591,0.0082,0.4008
SPADES ACE DIAMONDS ACE,0.1452,0.0032,0.8516
CLUBS THREE DIAMONDS QUEEN,0.662,0.011,0.327
CLUBS THREE DIAMONDS NINE,0.6454,0.0092,0.3454
CLUBS TWO SPADES THREE,0.6712,0.011,0.3178
CLUBS TWO HEARTS TEN,0.6556,0.008,0.3364
HEARTS KING DIAMONDS EIGHT,0.254,0.2258,0.5202
CLUBS SEVEN HEARTS FOUR,0.71,0.0266,0.2634
SPADES ACE CLUBS FIVE,0.388,0.005,0.607
SPADES SEVEN SPADES FOUR,0.6708,0.0298,0.2994
CLUBS FIVE DIAMONDS ACE,0.3842,0.0048,0.611
SPADES TEN DIAMONDS NINE,0.5658,0.0074,0.4268
HEARTS SEVEN DIAMONDS EIGHT,0.5846,0.0088,0.4066
SPADES NINE DIAMONDS NINE,0.342,0.0132,0.6448
CLUBS NINE SPADES THREE,0.6422,0.0078,0.35
HEARTS EIGHT CLUBS THREE,0.6558,0.009,0.3352
DIAMONDS QUEEN SPADES FOUR,0.732,0.036,0.232
DIAMONDS THREE CLUBS THREE,0.4584,0.0222,0.5194
HEARTS SIX CLUBS TWO,0.6506,0.0106,0.3388
HEARTS FOUR DIAMONDS ACE,0.2644,0.027,0.7086
HEARTS SEVEN SPADES SIX,0.5864,0.01,0.4036
CLUBS EIGHT CLUBS FIVE,0.569,0.008,0.423
CLUBS FOUR HEARTS TEN,0.7376,0.0392,0.2232
HEARTS ACE SPADES TWO,0.4252,0.0046,0.5702
CLUBS THREE HEARTS QUEEN,0.6562,0.0076,0.3362
SPADES KING SPADES THREE,0.2864,0.4578,0.2558
CLUBS JACK HEARTS ACE,0.3802,0.005,0.6148
HEARTS EIGHT SPADES THREE,0.6486,0.0092,0.3422
CLUBS JACK DIAMONDS ACE,0.3762,0.0042,0.6196
DIAMONDS TWO HEARTS ACE,0.3986,0.0066,0.5948
DIAMONDS EIGHT DIAMONDS FIVE,0.5974,0.0078,0.3948
CLUBS SEVEN DIAMONDS FIVE,0.5968,0.0088,0.3944
HEARTS SIX DIAMONDS QUEEN,0.6182,0.008,0.3738
CLUBS TEN DIAMONDS NINE,0.5644,0.0064,0.4292
DIAMONDS ACE SPADES FOUR,0.2654,0.027,0.7076
HEARTS SIX DIAMONDS ACE,0.3818,0.0032,0.615
SPADES TWO HEARTS QUEEN,0.6618,0.005,0.3332
HEARTS JACK CLUBS KING,0.2812,0.086,0.6328
HEARTS FIVE DIAMONDS ACE,0.3754,0.007,0.6176
SPADES THREE SPADES TWO,0.6324,0.0084,0.3592
SPADES EIGHT CLUBS FOUR,0.7284,0.0278,0.2438
SPADES ACE DIAMONDS THREE,0.41,0.0072,0.5828
CLUBS NINE CLUBS ACE,0.3796,0.0076,0.6128
HEARTS FOUR DIAMONDS QUEEN,0.7442,0.0336,0.2222
DIAMONDS EIGHT DIAMONDS SIX,0.579,0.0098,0.4112
CLUBS QUEEN HEARTS NINE,0.6052,0.0062,0.3886
SPADES KING HEARTS NINE,0.2678,0.1498,0.5824
DIAMONDS THREE SPADES FOUR,0.7096,0.031,0.2594
SPADES JACK DIAMONDS EIGHT,0.5976,0.0086,0.3938
CLUBS EIGHT DIAMONDS QUEEN,0.5932,0.0076,0.3992
HEARTS SEVEN CLUBS TWO,0.6632,0.0066,0.3302
SPADES EIGHT SPADES TWO,0.6274,0.0086,0.364
SPADES KING CLUBS KING,0.1198,0.0116,0.8686
SPADES JACK DIAMONDS SEVEN,0.5966,0.0074,0.396
CLUBS THREE HEARTS JACK,0.6614,0.0078,0.3308
HEARTS THREE HEARTS TEN,0.6158,0.0074,0.3768
CLUBS THREE DIAMONDS SIX,0.6416,0.0102,0.3482
HEARTS TWO DIAMONDS FIVE,0.6386,0.0094,0.352
CLUBS TEN HEARTS QUEEN,0.5884,0.0054,0.4062
HEARTS FIVE SPADES TEN,0.6188,0.0078,0.3734
CLUBS TWO DIAMONDS JACK,0.6518,0.011,0.3372
SPADES ACE DIAMONDS SEVEN,0.3946,0.004,0.6014
CLUBS JACK DIAMONDS TEN,0.5662,0.0076,0.4262
HEARTS EIGHT HEARTS SEVEN,0.5484,0.0082,0.4434
DIAMONDS QUEEN DIAMONDS NINE,0.5846,0.0068,0.4086
CLUBS SEVEN SPADES SEVEN,0.3628,0.013,0.6242
SPADES KING DIAMONDS FIVE,0.2524,0.429,0.3186
HEARTS THREE HEARTS JACK,0.6144,0.0082,0.3774
SPADES EIGHT HEARTS NINE,0.5674,0.008,0.4246
SPADES SEVEN SPADES SIX,0.5476,0.0068,0.4456
SPADES FIVE DIAMONDS FIVE,0.361,0.0186,0.6204
DIAMONDS THREE DIAMONDS ACE,0.3644,0.0072,0.6284
DIAMONDS EIGHT CLUBS KING,0.2762,0.2234,0.5004
CLUBS SIX HEARTS ACE,0.3942,0.0052,0.6006
SPADES JACK HEARTS NINE,0.5808,0.0052,0.414
SPADES FOUR DIAMONDS EIGHT,0.735,0.028,0.237
SPADES SIX CLUBS THREE,0.6428,0.0074,0.3498
CLUBS SEVEN CLUBS QUEEN,0.5752,0.0068,0.418
CLUBS EIGHT CLUBS SEVEN,0.5464,0.0084,0.4452
CLUBS JACK CLUBS FIVE,0.5876,0.0088,0.4036
HEARTS FIVE HEARTS KING,0.2552,0.4102,0.3346
HEARTS TWO HEARTS JACK,0.624,0.0086,0.3674
SPADES QUEEN HEARTS FOUR,0.7378,0.03,0.2322
SPADES TEN SPADES THREE,0.6154,0.0082,0.3764
DIAMONDS QUEEN CLUBS ACE,0.3902,0.0064,0.6034
HEARTS EIGHT DIAMONDS FIVE,0.6014,0.0094,0.3892
SPADES KING HEARTS TWO,0.3114,0.48,0.2086
DIAMONDS NINE HEARTS TEN,0.5786,0.0078,0.4136
HEARTS FOUR SPADES SEVEN,0.7202,0.0278,0.252
SPADES KING DIAMONDS JACK,0.268,0.0832,0.6488
CLUBS THREE DIAMONDS FIVE,0.6256,0.0072,0.3672
HEARTS EIGHT CLUBS QUEEN,0.6084,0.007,0.3846
SPADES SEVEN SPADES THREE,0.612,0.0084,0.3796
SPADES FIVE HEARTS TEN,0.6242,0.0088,0.367
CLUBS SEVEN CLUBS THREE,0.609,0.009,0.382
CLUBS TEN DIAMONDS SIX,0.6062,0.0086,0.3852
HEARTS SEVEN DIAMONDS NINE,0.5858,0.0084,0.4058
DIAMONDS THREE HEARTS FOUR,0.7088,0.0342,0.257
SPADES JACK DIAMONDS QUEEN,0.5816,0.0064,0.412
CLUBS FOUR DIAMONDS FIVE,0.692,0.0328,0.2752
CLUBS JACK SPADES KING,0.2756,0.0858,0.6386
SPADES NINE CLUBS SIX,0.6086,0.008,0.3834
SPADES JACK DIAMONDS SIX,0.6326,0.0068,0.3606
CLUBS EIGHT SPADES THREE,0.6606,0.0086,0.3308
SPADES EIGHT CLUBS KING,0.2868,0.206,0.5072
SPADES KING CLUBS FIVE,0.253,0.4396,0.3074
HEARTS JACK CLUBS QUEEN,0.5902,0.006,0.4038
HEARTS SIX CLUBS SIX,0.3662,0.0158,0.618
SPADES FIVE SPADES TWO,0.6052,0.0126,0.3822
CLUBS SEVEN CLUBS FOUR,0.667,0.0316,0.3014
HEARTS TWO SPADES FOUR,0.7126,0.038,0.2494
SPADES FOUR HEARTS QUEEN,0.742,0.0362,0.2218
CLUBS TWO HEARTS NINE,0.6514,0.0098,0.3388
DIAMONDS EIGHT HEARTS NINE,0.576,0.0062,0.4178
DIAMONDS ACE DIAMONDS TEN,0.3332,0.0048,0.662
DIAMONDS TWO HEARTS FIVE,0.637,0.01,0.353
HEARTS SIX CLUBS FIVE,0.5948,0.008,0.3972
DIAMONDS QUEEN HEARTS NINE,0.5956,0.007,0.3974
SPADES ACE HEARTS NINE,0.402,0.0048,0.5932
HEARTS SEVEN CLUBS FIVE,0.598,0.009,0.393
SPADES FIVE HEARTS QUEEN,0.6248,0.0058,0.3694
CLUBS FOUR DIAMONDS SEVEN,0.7098,0.0322,0.258
HEARTS EIGHT SPADES QUEEN,0.6108,0.006,0.3832
HEARTS JACK DIAMONDS FIVE,0.6212,0.0102,0.3686
CLUBS SIX DIAMONDS FIVE,0.5874,0.0108,0.4018
SPADES EIGHT DIAMONDS EIGHT,0.3638,0.0132,0.623
CLUBS JACK SPADES SEVEN,0.605,0.0072,0.3878
DIAMONDS JACK SPADES TWO,0.641,0.009,0.35
SPADES TEN DIAMONDS TEN,0.3344,0.0074,0.6582
SPADES QUEEN SPADES FIVE,0.5892,0.0098,0.401
SPADES FIVE DIAMONDS NINE,0.6152,0.008,0.3768
CLUBS ACE CLUBS QUEEN,0.3546,0.007,0.6384
HEARTS SEVEN CLUBS ACE,0.395,0.004,0.601
DIAMONDS JACK DIAMONDS NINE,0.5708,0.006,0.4232
SPADES SIX CLUBS ACE,0.4034,0.0026,0.594
CLUBS NINE SPADES EIGHT,0.581,0.006,0.413
DIAMONDS JACK HEARTS JACK,0.3204,0.0056,0.674
SPADES TEN DIAMONDS JACK,0.565,0.006,0.429
CLUBS SEVEN HEARTS ACE,0.4066,0.0042,0.5892
CLUBS TEN HEARTS SEVEN,0.5954,0.0078,0.3968
SPADES QUEEN HEARTS ACE,0.4064,0.0032,0.5904
CLUBS NINE SPADES SEVEN,0.5796,0.0056,0.4148
SPADES SEVEN CLUBS QUEEN,0.621,0.006,0.373
HEARTS SIX SPADES TEN,0.5858,0.0072,0.407
DIAMONDS THREE SPADES SIX,0.6324,0.0098,0.3578
SPADES QUEEN HEARTS JACK,0.5856,0.0048,0.4096
SPADES QUEEN HEARTS FIVE,0.6228,0.008,0.3692
SPADES SIX HEARTS KING,0.2658,0.356,0.3782
SPADES SIX HEARTS TEN,0.6164,0.008,0.3756
HEARTS SIX HEARTS TEN,0.5692,0.0104,0.4204
CLUBS FIVE SPADES SIX,0.5984,0.0106,0.391
DIAMONDS TWO CLUBS ACE,0.4016,0.0064,0.592
SPADES TEN SPADES NINE,0.5378,0.0092,0.453
SPADES THREE CLUBS KING,0.313,0.4878,0.1992
DIAMONDS TWO DIAMONDS FIVE,0.6408,0.011,0.3482
HEARTS SIX CLUBS FOUR,0.7164,0.03,0.2536
SPADES QUEEN CLUBS SEVEN,0.6254,0.0058,0.3688
SPADES SIX DIAMONDS QUEEN,0.621,0.0064,0.3726
DIAMONDS THREE DIAMONDS NINE,0.6504,0.0112,0.3384
SPADES QUEEN CLUBS SIX,0.6196,0.007,0.3734
DIAMONDS TEN DIAMONDS SEVEN,0.589,0.0086,0.4024
HEARTS SEVEN CLUBS FOUR,0.7144,0.0306,0.255
DIAMONDS THREE HEARTS TWO,0.6682,0.0102,0.3216
CLUBS JACK SPADES JACK,0.3208,0.0064,0.6728
CLUBS EIGHT DIAMONDS JACK,0.6004,0.0104,0.3892
CLUBS SEVEN CLUBS ACE,0.3892,0.0054,0.6054
CLUBS SIX SPADES TWO,0.6626,0.0098,0.3276
SPADES JACK SPADES TEN,0.5276,0.0094,0.463
DIAMONDS THREE HEARTS SIX,0.639,0.0058,0.3552
HEARTS FOUR DIAMONDS TEN,0.7324,0.0374,0.2302
CLUBS JACK CLUBS THREE,0.6068,0.0076,0.3856
HEARTS SIX HEARTS FIVE,0.5606,0.0064,0.433
CLUBS FIVE DIAMONDS TEN,0.6174,0.0106,0.372
CLUBS FIVE DIAMONDS SIX,0.5926,0.0092,0.3982
SPADES FIVE SPADES FOUR,0.6494,0.031,0.3196
CLUBS NINE SPADES FIVE,0.6148,0.0062,0.379
CLUBS ACE DIAMONDS SIX,0.398,0.0052,0.5968
SPADES TEN HEARTS TEN,0.339,0.0064,0.6546
SPADES QUEEN HEARTS THREE,0.6594,0.0082,0.3324
CLUBS TEN HEARTS TWO,0.6524,0.0078,0.3398
DIAMONDS THREE CLUBS FOUR,0.7062,0.0382,0.2556
HEARTS TWO HEARTS KING,0.2976,0.4528,0.2496
DIAMONDS QUEEN DIAMONDS FIVE,0.6104,0.012,0.3776
CLUBS EIGHT SPADES SIX,0.6038,0.0062,0.39
HEARTS FIVE SPADES THREE,0.6242,0.0088,0.367
CLUBS SIX HEARTS NINE,0.604,0.0072,0.3888
DIAMONDS THREE HEARTS FIVE,0.6298,0.0108,0.3594
CLUBS NINE CLUBS EIGHT,0.5498,0.009,0.4412
HEARTS SIX CLUBS EIGHT,0.5974,0.0054,0.3972
DIAMONDS TEN CLUBS KING,0.2714,0.1176,0.611
HEARTS FOUR HEARTS THREE,0.6776,0.0314,0.291
HEARTS KING CLUBS KING,0.127,0.0136,0.8594
DIAMONDS THREE CLUBS QUEEN,0.6642,0.0084,0.3274
DIAMONDS TEN HEARTS TEN,0.3312,0.0074,0.6614
CLUBS TEN SPADES SIX,0.6216,0.0066,0.3718
HEARTS SEVEN CLUBS EIGHT,0.583,0.0074,0.4096
CLUBS ACE HEARTS NINE,0.3884,0.0046,0.607
CLUBS NINE HEARTS THREE,0.646,0.0068,0.3472
CLUBS SEVEN DIAMONDS EIGHT,0.5746,0.007,0.4184
DIAMONDS TWO SPADES THREE,0.6706,0.01,0.3194
SPADES SIX CLUBS QUEEN,0.6136,0.0102,0.3762
CLUBS FIVE CLUBS ACE,0.353,0.0056,0.6414
CLUBS NINE SPADES TEN,0.573,0.007,0.42
CLUBS QUEEN DIAMONDS FIVE,0.6268,0.0082,0.365
CLUBS TEN SPADES EIGHT,0.587,0.005,0.408
DIAMONDS ACE HEARTS JACK,0.3682,0.0042,0.6276
HEARTS EIGHT HEARTS FOUR,0.699,0.0322,0.2688
HEARTS FIVE DIAMONDS JACK,0.6144,0.0084,0.3772
DIAMONDS NINE DIAMONDS SEVEN,0.5862,0.0088,0.405
HEARTS FOUR HEARTS TWO,0.6808,0.0318,0.2874
CLUBS EIGHT HEARTS JACK,0.6048,0.0054,0.3898
CLUBS NINE CLUBS KING,0.2602,0.152,0.5878
HEARTS SIX DIAMONDS NINE,0.6012,0.0078,0.391
CLUBS SEVEN SPADES THREE,0.6446,0.0096,0.3458
SPADES KING CLUBS EIGHT,0.2742,0.2118,0.514
DIAMONDS THREE DIAMONDS SIX,0.6388,0.012,0.3492
SPADES QUEEN CLUBS ACE,0.3896,0.0038,0.6066
DIAMONDS THREE HEARTS THREE,0.4688,0.0206,0.5106
SPADES KING SPADES NINE,0.2666,0.146,0.5874
SPADES SEVEN HEARTS JACK,0.6028,0.0064,0.3908
CLUBS SEVEN DIAMONDS NINE,0.5836,0.007,0.4094
DIAMONDS ACE CLUBS KING,0.254,0.0116,0.7344
DIAMONDS TWO DIAMONDS EIGHT,0.6526,0.0118,0.3356
CLUBS NINE DIAMONDS SEVEN,0.5896,0.009,0.4014
CLUBS TEN HEARTS THREE,0.649,0.0092,0.3418
SPADES KING SPADES TWO,0.295,0.457,0.248
SPADES ACE HEARTS ACE,0.1634,0.005,0.8316
SPADES SIX HEARTS ACE,0.3984,0.0042,0.5974
CLUBS SIX HEARTS TWO,0.656,0.0072,0.3368
HEARTS ACE DIAMONDS FIVE,0.387,0.0062,0.6068
CLUBS TEN HEARTS ACE,0.396,0.0066,0.5974
DIAMONDS THREE HEARTS ACE,0.4066,0.006,0.5874
SPADES QUEEN DIAMONDS SIX,0.6174,0.0074,0.3752
DIAMONDS JACK HEARTS NINE,0.5776,0.0068,0.4156
CLUBS JACK DIAMONDS SIX,0.6118,0.0092,0.379
SPADES FIVE DIAMONDS JACK,0.615,0.0068,0.3782
CLUBS EIGHT HEARTS QUEEN,0.6072,0.006,0.3868
HEARTS ACE DIAMONDS SEVEN,0.3894,0.0066,0.604
HEARTS SEVEN HEARTS TWO,0.6146,0.007,0.3784
CLUBS THREE CLUBS KING,0.29,0.4534,0.2566
CLUBS JACK DIAMONDS TWO,0.6476,0.0112,0.3412
SPADES EIGHT HEARTS JACK,0.5988,0.0064,0.3948
HEARTS FOUR SPADES SIX,0.7128,0.0282,0.259
HEARTS FOUR SPADES FIVE,0.6928,0.029,0.2782
HEARTS QUEEN DIAMONDS EIGHT,0.616,0.0066,0.3774
SPADES QUEEN HEARTS NINE,0.5918,0.0066,0.4016
SPADES ACE HEARTS JACK,0.3954,0.0032,0.6014
CLUBS NINE HEARTS SIX,0.599,0.0056,0.3954
SPADES FOUR SPADES TWO,0.6774,0.0328,0.2898
SPADES JACK HEARTS FIVE,0.63,0.008,0.362
SPADES SIX DIAMONDS SIX,0.3598,0.0172,0.623
CLUBS SEVEN SPADES SIX,0.5916,0.0064,0.402
SPADES KING SPADES JACK,0.2634,0.0796,0.657
SPADES KING CLUBS SIX,0.2724,0.358,0.3696
CLUBS EIGHT SPADES EIGHT,0.3546,0.0122,0.6332
CLUBS THREE HEARTS NINE,0.6622,0.0072,0.3306
CLUBS TEN SPADES FIVE,0.63,0.009,0.361
SPADES FOUR HEARTS KING,0.071,0.9084,0.0206
SPADES SEVEN HEARTS TEN,0.596,0.0068,0.3972
DIAMONDS TWO SPADES TWO,0.468,0.0218,0.5102
CLUBS FIVE HEARTS JACK,0.6328,0.0052,0.362
HEARTS FOUR DIAMONDS SIX,0.7112,0.0246,0.2642
HEARTS QUEEN CLUBS KING,0.301,0.0584,0.6406
SPADES TEN HEARTS KING,0.2972,0.109,0.5938
CLUBS EIGHT CLUBS THREE,0.6126,0.008,0.3794
HEARTS SEVEN DIAMONDS TEN,0.5906,0.0096,0.3998
DIAMONDS QUEEN DIAMONDS SIX,0.6114,0.0078,0.3808
HEARTS QUEEN DIAMONDS FIVE,0.618,0.0074,0.3746
DIAMONDS TEN SPADES THREE,0.6382,0.0106,0.3512
HEARTS FIVE HEARTS ACE,0.3638,0.0086,0.6276
CLUBS NINE HEARTS JACK,0.5902,0.0078,0.402
SPADES QUEEN HEARTS KING,0.283,0.0638,0.6532
SPADES KING HEARTS FIVE,0.2628,0.438,0.2992
DIAMONDS THREE HEARTS KING,0.2976,0.4944,0.208
HEARTS EIGHT DIAMONDS EIGHT,0.3632,0.0124,0.6244
CLUBS TEN SPADES JACK,0.5632,0.0042,0.4326
CLUBS FIVE CLUBS KING,0.2476,0.4014,0.351
SPADES JACK CLUBS FIVE,0.6278,0.007,0.3652
SPADES KING HEARTS JACK,0.2804,0.085,0.6346
SPADES FIVE HEARTS JACK,0.6196,0.008,0.3724
SPADES KING HEARTS FOUR,0.0692,0.91,0.0208
HEARTS EIGHT HEARTS TEN,0.559,0.0076,0.4334
HEARTS SIX DIAMONDS FIVE,0.5882,0.0094,0.4024
HEARTS KING HEARTS NINE,0.2766,0.1422,0.5812
DIAMONDS TWO HEARTS TWO,0.4734,0.0184,0.5082
CLUBS FOUR HEARTS KING,0.0776,0.901,0.0214
SPADES FOUR CLUBS QUEEN,0.745,0.0346,0.2204
SPADES ACE SPADES KING,0.2484,0.0116,0.74
SPADES QUEEN SPADES TWO,0.6152,0.0098,0.375
SPADES KING HEARTS TEN,0.2802,0.1064,0.6134
DIAMONDS SIX HEARTS NINE,0.5982,0.0068,0.395
SPADES KING CLUBS QUEEN,0.286,0.063,0.651
CLUBS FOUR SPADES FIVE,0.6918,0.0326,0.2756
SPADES FIVE HEARTS ACE,0.3844,0.0048,0.6108
SPADES SIX SPADES FIVE,0.5558,0.0084,0.4358
DIAMONDS TWO DIAMONDS QUEEN,0.6448,0.0106,0.3446
HEARTS SEVEN DIAMONDS TWO,0.6576,0.01,0.3324
CLUBS THREE DIAMONDS EIGHT,0.6604,0.0078,0.3318
SPADES ACE SPADES EIGHT,0.3624,0.005,0.6326
DIAMONDS THREE CLUBS SIX,0.6448,0.0074,0.3478
DIAMONDS TWO HEARTS KING,0.3002,0.4854,0.2144
CLUBS NINE SPADES JACK,0.5774,0.0056,0.417
SPADES TEN CLUBS SIX,0.6092,0.0064,0.3844
CLUBS TWO DIAMONDS NINE,0.6438,0.0078,0.3484
DIAMONDS ACE SPADES SIX,0.386,0.0062,0.6078
CLUBS FOUR CLUBS QUEEN,0.7076,0.033,0.2594
CLUBS NINE CLUBS FIVE,0.5782,0.0068,0.415
HEARTS EIGHT DIAMONDS NINE,0.5624,0.0084,0.4292
SPADES ACE HEARTS THREE,0.4118,0.0064,0.5818
CLUBS FIVE DIAMONDS JACK,0.6052,0.009,0.3858
SPADES JACK SPADES THREE,0.6118,0.0076,0.3806
HEARTS FOUR HEARTS NINE,0.7044,0.0286,0.267
SPADES ACE CLUBS KING,0.2692,0.0114,0.7194
SPADES TEN HEARTS TWO,0.658,0.0086,0.3334
DIAMONDS THREE DIAMONDS TEN,0.6408,0.0092,0.35
SPADES SEVEN SPADES FIVE,0.5712,0.0074,0.4214
DIAMONDS NINE SPADES TWO,0.6392,0.0096,0.3512
SPADES QUEEN CLUBS FOUR,0.7398,0.0374,0.2228
SPADES JACK HEARTS ACE,0.3742,0.0058,0.62
CLUBS NINE CLUBS FOUR,0.7106,0.0252,0.2642
HEARTS FOUR DIAMONDS JACK,0.738,0.0388,0.2232
SPADES FIVE CLUBS KING,0.2776,0.442,0.2804
HEARTS FIVE SPADES TWO,0.6332,0.0094,0.3574
SPADES NINE HEARTS QUEEN,0.5984,0.0062,0.3954
HEARTS TWO SPADES FIVE,0.63,0.0096,0.3604
DIAMONDS ACE SPADES FIVE,0.368,0.0036,0.6284
SPADES KING HEARTS SIX,0.2728,0.3478,0.3794
CLUBS JACK HEARTS SIX,0.6214,0.0072,0.3714
DIAMONDS TWO HEARTS JACK,0.656,0.0088,0.3352
SPADES TEN DIAMONDS FIVE,0.6246,0.01,0.3654
CLUBS FOUR DIAMONDS EIGHT,0.7192,0.0358,0.245
SPADES SIX DIAMONDS TEN,0.6084,0.0078,0.3838
SPADES QUEEN DIAMONDS SEVEN,0.6148,0.0086,0.3766
SPADES TEN CLUBS SEVEN,0.5964,0.0078,0.3958
HEARTS EIGHT HEARTS FIVE,0.564,0.0094,0.4266
HEARTS TWO SPADES SEVEN,0.6566,0.0092,0.3342
SPADES ACE DIAMONDS QUEEN,0.3816,0.0052,0.6132
CLUBS SIX DIAMONDS JACK,0.6262,0.0084,0.3654
HEARTS ACE CLUBS KING,0.275,0.0102,0.7148
CLUBS SEVEN CLUBS SIX,0.5432,0.0098,0.447
HEARTS THREE CLUBS TWO,0.665,0.008,0.327
HEARTS FIVE CLUBS SIX,0.5932,0.0072,0.3996
HEARTS SEVEN HEARTS NINE,0.561,0.0058,0.4332
SPADES QUEEN SPADES THREE,0.6212,0.0084,0.3704
CLUBS FIVE CLUBS QUEEN,0.5836,0.007,0.4094
HEARTS EIGHT CLUBS NINE,0.5806,0.006,0.4134
HEARTS JACK DIAMONDS SEVEN,0.6102,0.0072,0.3826
HEARTS SIX SPADES NINE,0.6034,0.0066,0.39
SPADES FIVE HEARTS NINE,0.6122,0.0068,0.381
CLUBS NINE HEARTS FIVE,0.611,0.009,0.38
SPADES TEN HEARTS JACK,0.565,0.0074,0.4276
CLUBS FIVE HEARTS QUEEN,0.6252,0.007,0.3678
HEARTS FIVE CLUBS SEVEN,0.5888,0.0094,0.4018
SPADES EIGHT SPADES SIX,0.555,0.0072,0.4378
CLUBS JACK SPADES TEN,0.57,0.0072,0.4228
CLUBS JACK SPADES EIGHT,0.6008,0.0078,0.3914
DIAMONDS THREE DIAMONDS TWO,0.654,0.0124,0.3336
SPADES SIX CLUBS KING,0.2666,0.3656,0.3678
CLUBS EIGHT CLUBS TWO,0.6086,0.0078,0.3836
DIAMONDS NINE DIAMONDS FIVE,0.5974,0.0122,0.3904
DIAMONDS QUEEN DIAMONDS JACK,0.5702,0.0096,0.4202
DIAMONDS ACE SPADES TWO,0.4196,0.0064,0.574
HEARTS SEVEN HEARTS TEN,0.564,0.005,0.431
HEARTS SEVEN SPADES QUEEN,0.6208,0.0088,0.3704
DIAMONDS ACE DIAMONDS NINE,0.3466,0.0074,0.646
SPADES ACE HEARTS TEN,0.3946,0.0046,0.6008
HEARTS SIX SPADES THREE,0.641,0.0088,0.3502
DIAMONDS ACE CLUBS TWO,0.4052,0.0052,0.5896
SPADES ACE CLUBS TWO,0.4232,0.006,0.5708
SPADES ACE HEARTS SEVEN,0.4046,0.0044,0.591
SPADES KING HEARTS ACE,0.276,0.0124,0.7116
CLUBS JACK HEARTS QUEEN,0.5808,0.008,0.4112
SPADES JACK HEARTS JACK,0.3214,0.0054,0.6732
SPADES KING CLUBS TWO,0.311,0.471,0.218
DIAMONDS THREE SPADES QUEEN,0.6548,0.009,0.3362
CLUBS JACK HEARTS FIVE,0.6214,0.0076,0.371
SPADES TWO CLUBS KING,0.3212,0.471,0.2078
DIAMONDS THREE DIAMONDS SEVEN,0.6438,0.011,0.3452
CLUBS FOUR SPADES TWO,0.7226,0.0374,0.24
CLUBS SEVEN DIAMONDS ACE,0.3844,0.005,0.6106
CLUBS KING HEARTS TEN,0.2856,0.1138,0.6006
SPADES KING SPADES TEN,0.2708,0.1048,0.6244
CLUBS TEN HEARTS JACK,0.557,0.008,0.435
SPADES JACK HEARTS KING,0.294,0.0854,0.6206
DIAMONDS THREE HEARTS SEVEN,0.6638,0.0106,0.3256
HEARTS KING CLUBS ACE,0.279,0.013,0.708
SPADES NINE HEARTS NINE,0.344,0.0112,0.6448
CLUBS FIVE SPADES SEVEN,0.6034,0.0062,0.3904
SPADES TEN DIAMONDS EIGHT,0.5758,0.0092,0.415
HEARTS SEVEN CLUBS QUEEN,0.6162,0.0074,0.3764
CLUBS TEN HEARTS FOUR,0.7398,0.033,0.2272
HEARTS FOUR CLUBS FOUR,0.3472,0.0318,0.621
DIAMONDS THREE HEARTS JACK,0.649,0.0104,0.3406
SPADES ACE SPADES SEVEN,0.3668,0.0044,0.6288
SPADES FIVE DIAMONDS SEVEN,0.588,0.0094,0.4026
SPADES ACE DIAMONDS SIX,0.389,0.0056,0.6054
SPADES NINE SPADES THREE,0.6218,0.0074,0.3708
HEARTS SIX HEARTS TWO,0.6048,0.0072,0.388
SPADES TEN CLUBS QUEEN,0.5768,0.0054,0.4178
SPADES EIGHT HEARTS TEN,0.5868,0.0066,0.4066
SPADES FOUR SPADES THREE,0.6832,0.033,0.2838
HEARTS TEN CLUBS QUEEN,0.5776,0.008,0.4144
DIAMONDS THREE HEARTS QUEEN,0.6562,0.011,0.3328
SPADES NINE DIAMONDS ACE,0.3872,0.006,0.6068
