opposingHand,winningChance,drawChance,lostChance
DIAMONDS KING DIAMONDS EIGHT
DIAMONDS ACE CLUBS TWO,0.4176,0.0088,0.5736
HEARTS KING DIAMONDS FOUR,0.5624,0.2154,0.2222
CLUBS EIGHT CLUBS FIVE,0.6826,0.0282,0.2892
SPADES TWO HEARTS NINE,0.6646,0.0072,0.3282
SPADES FOUR SPADES THREE,0.607,0.0078,0.3852
SPADES QUEEN SPADES SEVEN,0.6158,0.0062,0.378
DIAMONDS JACK DIAMONDS SIX,0.659,0.0068,0.3342
CLUBS EIGHT HEARTS TEN,0.7062,0.028,0.2658
CLUBS JACK SPADES KING,0.2842,0.0816,0.6342
CLUBS NINE HEARTS JACK,0.5976,0.0046,0.3978
DIAMONDS JACK HEARTS JACK,0.3164,0.0046,0.679
CLUBS NINE SPADES FIVE,0.6514,0.006,0.3426
CLUBS TEN SPADES TWO,0.6516,0.0062,0.3422
HEARTS KING HEARTS TEN,0.2666,0.1114,0.622
SPADES JACK CLUBS EIGHT,0.7286,0.0298,0.2416
HEARTS QUEEN HEARTS JACK,0.5554,0.0062,0.4384
HEARTS TWO SPADES SEVEN,0.689,0.008,0.303
HEARTS FIVE DIAMONDS SEVEN,0.6564,0.0082,0.3354
CLUBS SEVEN SPADES TWO,0.6924,0.009,0.2986
CLUBS EIGHT DIAMONDS FIVE,0.7068,0.0408,0.2524
SPADES TEN HEARTS KING,0.2774,0.1158,0.6068
HEARTS TWO CLUBS ACE,0.4414,0.0052,0.5534
CLUBS SIX DIAMONDS NINE,0.6332,0.0076,0.3592
DIAMONDS THREE SPADES QUEEN,0.6402,0.0086,0.3512
CLUBS ACE DIAMONDS FOUR,0.4266,0.0066,0.5668
SPADES ACE SPADES TWO,0.4088,0.0068,0.5844
HEARTS EIGHT SPADES JACK,0.7218,0.0304,0.2478
CLUBS JACK SPADES FIVE,0.6436,0.0074,0.349
HEARTS TWO CLUBS FOUR,0.661,0.0094,0.3296
DIAMONDS SEVEN HEARTS JACK,0.6388,0.0068,0.3544
HEARTS ACE SPADES THREE,0.4426,0.0048,0.5526
CLUBS NINE CLUBS EIGHT,0.6492,0.0286,0.3222
HEARTS EIGHT CLUBS EIGHT,0.333,0.0248,0.6422
DIAMONDS QUEEN HEARTS QUEEN,0.3072,0.0058,0.687
SPADES QUEEN DIAMONDS SEVEN,0.6596,0.0074,0.333
DIAMONDS TWO HEARTS FIVE,0.6502,0.009,0.3408
SPADES JACK HEARTS FOUR,0.6544,0.008,0.3376
CLUBS EIGHT CLUBS FOUR,0.679,0.037,0.284
CLUBS TEN DIAMONDS NINE,0.5852,0.0064,0.4084
SPADES TEN CLUBS QUEEN,0.5906,0.0084,0.401
SPADES JACK DIAMONDS SIX,0.6458,0.0072,0.347
DIAMONDS THREE SPADES EIGHT,0.7476,0.0338,0.2186
CLUBS EIGHT DIAMONDS SIX,0.7032,0.0364,0.2604
DIAMONDS SEVEN DIAMONDS FOUR,0.652,0.0088,0.3392
SPADES QUEEN SPADES FIVE,0.621,0.007,0.372
CLUBS THREE HEARTS KING,0.5644,0.2182,0.2174
DIAMONDS QUEEN HEARTS ACE,0.3752,0.0038,0.621
SPADES TEN HEARTS NINE,0.5948,0.0052,0.4
HEARTS SEVEN CLUBS EIGHT,0.6918,0.036,0.2722
HEARTS TEN DIAMONDS FOUR,0.635,0.009,0.356
HEARTS SEVEN SPADES FIVE,0.6534,0.0088,0.3378
CLUBS FIVE DIAMONDS ACE,0.4196,0.0048,0.5756
SPADES FIVE HEARTS ACE,0.4388,0.0062,0.555
DIAMONDS TWO HEARTS ACE,0.4254,0.005,0.5696
HEARTS EIGHT DIAMONDS FOUR,0.7314,0.0382,0.2304
CLUBS TEN DIAMONDS ACE,0.3664,0.004,0.6296
HEARTS KING HEARTS JACK,0.2728,0.0836,0.6436
HEARTS SEVEN HEARTS KING,0.53,0.2054,0.2646
HEARTS ACE CLUBS QUEEN,0.397,0.0032,0.5998
HEARTS QUEEN DIAMONDS FOUR,0.6378,0.0076,0.3546
CLUBS JACK SPADES TWO,0.661,0.006,0.333
SPADES FOUR DIAMONDS TEN,0.6518,0.0088,0.3394
CLUBS TEN HEARTS FOUR,0.6516,0.0072,0.3412
DIAMONDS TWO HEARTS FOUR,0.6506,0.008,0.3414
DIAMONDS TWO CLUBS SIX,0.6772,0.0064,0.3164
CLUBS SEVEN HEARTS TEN,0.6408,0.0042,0.355
DIAMONDS JACK DIAMONDS TEN,0.5634,0.0068,0.4298
DIAMONDS TWO SPADES FIVE,0.6604,0.0098,0.3298
CLUBS SIX SPADES FOUR,0.6566,0.0082,0.3352
CLUBS TEN DIAMONDS SIX,0.6458,0.0072,0.347
DIAMONDS QUEEN CLUBS TWO,0.655,0.0088,0.3362
SPADES JACK HEARTS JACK,0.3304,0.005,0.6646
SPADES SEVEN DIAMONDS JACK,0.6428,0.0066,0.3506
DIAMONDS ACE SPADES FIVE,0.4074,0.0044,0.5882
SPADES KING DIAMONDS QUEEN,0.28,0.0544,0.6656
SPADES KING HEARTS SEVEN,0.5786,0.2146,0.2068
CLUBS ACE HEARTS TEN,0.3842,0.004,0.6118
DIAMONDS TWO DIAMONDS QUEEN,0.648,0.0056,0.3464
HEARTS FIVE SPADES TEN,0.6522,0.0078,0.34
CLUBS NINE CLUBS THREE,0.622,0.0082,0.3698
HEARTS JACK HEARTS NINE,0.56,0.0056,0.4344
DIAMONDS JACK DIAMONDS FIVE,0.6492,0.0072,0.3436
CLUBS THREE CLUBS QUEEN,0.6258,0.0082,0.366
CLUBS TEN HEARTS THREE,0.6502,0.0084,0.3414
SPADES ACE DIAMONDS NINE,0.3916,0.0042,0.6042
DIAMONDS TEN CLUBS QUEEN,0.5872,0.0068,0.406
CLUBS SIX DIAMONDS JACK,0.6404,0.0074,0.3522
DIAMONDS ACE DIAMONDS JACK,0.3272,0.0048,0.668
SPADES THREE HEARTS JACK,0.6536,0.006,0.3404
DIAMONDS TWO SPADES JACK,0.6562,0.0064,0.3374
SPADES ACE HEARTS EIGHT,0.276,0.03,0.694
CLUBS NINE SPADES TEN,0.5864,0.0078,0.4058
DIAMONDS QUEEN DIAMONDS NINE,0.5938,0.0078,0.3984
HEARTS FOUR DIAMONDS FOUR,0.4814,0.0122,0.5064
CLUBS SIX DIAMONDS TEN,0.6374,0.0082,0.3544
HEARTS SEVEN HEARTS ACE,0.4104,0.0038,0.5858
CLUBS FIVE SPADES TWO,0.6692,0.0072,0.3236
HEARTS SEVEN CLUBS TWO,0.6902,0.008,0.3018
CLUBS THREE DIAMONDS TEN,0.634,0.0074,0.3586
HEARTS QUEEN HEARTS TEN,0.554,0.0064,0.4396
HEARTS FOUR DIAMONDS FIVE,0.6398,0.0074,0.3528
DIAMONDS NINE CLUBS QUEEN,0.5972,0.0068,0.396
HEARTS THREE DIAMONDS FOUR,0.6578,0.0076,0.3346
HEARTS SEVEN DIAMONDS TEN,0.6368,0.0068,0.3564
SPADES KING DIAMONDS TEN,0.2574,0.1168,0.6258
CLUBS THREE SPADES THREE,0.482,0.0112,0.5068
HEARTS EIGHT HEARTS FIVE,0.6924,0.0326,0.275
CLUBS THREE DIAMONDS QUEEN,0.6598,0.008,0.3322
CLUBS FOUR CLUBS TWO,0.627,0.0072,0.3658
SPADES JACK SPADES EIGHT,0.6796,0.0324,0.288
CLUBS EIGHT CLUBS KING,0.0766,0.8496,0.0738
SPADES QUEEN DIAMONDS FOUR,0.6416,0.0074,0.351
HEARTS FIVE SPADES FIVE,0.472,0.0136,0.5144
SPADES NINE CLUBS SIX,0.6412,0.0062,0.3526
SPADES FIVE CLUBS TWO,0.6528,0.0088,0.3384
HEARTS FOUR SPADES FIVE,0.654,0.006,0.34
CLUBS FIVE SPADES FIVE,0.4718,0.0094,0.5188
CLUBS NINE CLUBS TWO,0.6118,0.0086,0.3796
DIAMONDS QUEEN HEARTS JACK,0.5808,0.0074,0.4118
CLUBS TEN SPADES SIX,0.6516,0.0062,0.3422
DIAMONDS ACE CLUBS QUEEN,0.3652,0.0048,0.63
CLUBS NINE DIAMONDS FIVE,0.629,0.0078,0.3632
SPADES KING SPADES EIGHT,0.0738,0.8536,0.0726
DIAMONDS QUEEN CLUBS QUEEN,0.3076,0.0056,0.6868
HEARTS THREE HEARTS JACK,0.6188,0.0076,0.3736
CLUBS JACK SPADES SIX,0.65,0.0092,0.3408
DIAMONDS TEN SPADES THREE,0.6432,0.0078,0.349
SPADES JACK CLUBS QUEEN,0.5868,0.007,0.4062
SPADES NINE HEARTS TWO,0.6614,0.0082,0.3304
SPADES KING HEARTS KING,0.132,0.012,0.856
DIAMONDS QUEEN SPADES TWO,0.6472,0.01,0.3428
CLUBS THREE DIAMONDS FOUR,0.6544,0.0072,0.3384
SPADES TWO DIAMONDS SEVEN,0.686,0.0096,0.3044
CLUBS FIVE HEARTS NINE,0.6422,0.005,0.3528
CLUBS FIVE DIAMONDS NINE,0.6506,0.0078,0.3416
SPADES TEN CLUBS THREE,0.6506,0.0078,0.3416
DIAMONDS TWO SPADES SEVEN,0.6832,0.0094,0.3074
DIAMONDS TWO SPADES QUEEN,0.6412,0.0084,0.3504
CLUBS JACK CLUBS FOUR,0.6224,0.006,0.3716
SPADES NINE CLUBS ACE,0.4024,0.005,0.5926
SPADES QUEEN HEARTS FOUR,0.6592,0.007,0.3338
HEARTS FOUR DIAMONDS SEVEN,0.6632,0.0086,0.3282
CLUBS JACK HEARTS NINE,0.5844,0.0072,0.4084
HEARTS FOUR DIAMONDS QUEEN,0.6452,0.009,0.3458
HEARTS FOUR CLUBS QUEEN,0.6378,0.0098,0.3524
HEARTS FIVE DIAMONDS NINE,0.639,0.0078,0.3532
SPADES QUEEN SPADES FOUR,0.6058,0.0054,0.3888
DIAMONDS TEN HEARTS QUEEN,0.5826,0.007,0.4104
CLUBS TEN HEARTS SIX,0.6496,0.0044,0.346
DIAMONDS NINE HEARTS NINE,0.3376,0.0104,0.652
CLUBS FIVE SPADES SIX,0.623,0.0086,0.3684
SPADES FOUR CLUBS QUEEN,0.6588,0.0058,0.3354
CLUBS TEN HEARTS QUEEN,0.5876,0.0064,0.406
HEARTS QUEEN HEARTS NINE,0.5652,0.0078,0.427
HEARTS TEN CLUBS QUEEN,0.5912,0.0054,0.4034
CLUBS TEN HEARTS KING,0.2836,0.1114,0.605
CLUBS JACK DIAMONDS SIX,0.6552,0.008,0.3368
CLUBS TEN CLUBS FIVE,0.6094,0.0082,0.3824
HEARTS TWO SPADES SIX,0.6722,0.0068,0.321
HEARTS THREE HEARTS TWO,0.6396,0.0102,0.3502
SPADES ACE HEARTS FIVE,0.4212,0.0024,0.5764
HEARTS EIGHT CLUBS TWO,0.7524,0.0334,0.2142
SPADES EIGHT HEARTS ACE,0.2786,0.0278,0.6936
SPADES QUEEN HEARTS KING,0.2868,0.0636,0.6496
HEARTS FIVE HEARTS THREE,0.6086,0.0082,0.3832
HEARTS THREE DIAMONDS JACK,0.652,0.006,0.342
CLUBS JACK DIAMONDS TWO,0.6458,0.008,0.3462
CLUBS TEN CLUBS NINE,0.5496,0.0048,0.4456
CLUBS JACK SPADES FOUR,0.6624,0.007,0.3306
CLUBS JACK HEARTS TWO,0.6544,0.0074,0.3382
HEARTS EIGHT DIAMONDS ACE,0.2692,0.0268,0.704
SPADES KING CLUBS TWO,0.5784,0.208,0.2136
CLUBS EIGHT DIAMONDS TEN,0.7012,0.0284,0.2704
DIAMONDS QUEEN DIAMONDS JACK,0.5686,0.0078,0.4236
SPADES ACE CLUBS QUEEN,0.4,0.0058,0.5942
CLUBS FOUR SPADES TWO,0.658,0.0078,0.3342
SPADES QUEEN CLUBS KING,0.278,0.0566,0.6654
SPADES SEVEN DIAMONDS FIVE,0.6392,0.0076,0.3532
CLUBS TEN HEARTS ACE,0.3812,0.004,0.6148
SPADES THREE HEARTS KING,0.5746,0.2098,0.2156
HEARTS SIX DIAMONDS SEVEN,0.6362,0.0086,0.3552
CLUBS JACK HEARTS KING,0.2786,0.0824,0.639
CLUBS EIGHT DIAMONDS QUEEN,0.7192,0.0312,0.2496
CLUBS FOUR HEARTS ACE,0.428,0.0034,0.5686
SPADES FIVE SPADES FOUR,0.5896,0.0076,0.4028
SPADES SEVEN CLUBS KING,0.5646,0.2214,0.214
CLUBS JACK HEARTS FOUR,0.6492,0.008,0.3428
DIAMONDS THREE CLUBS FIVE,0.6406,0.0086,0.3508
SPADES QUEEN DIAMONDS FIVE,0.6412,0.0076,0.3512
SPADES JACK SPADES THREE,0.615,0.0076,0.3774
CLUBS EIGHT DIAMONDS NINE,0.6848,0.0342,0.281
SPADES TEN SPADES NINE,0.5632,0.0064,0.4304
HEARTS JACK DIAMONDS FIVE,0.642,0.0068,0.3512
DIAMONDS TEN HEARTS NINE,0.5882,0.0068,0.405
DIAMONDS JACK HEARTS NINE,0.594,0.0098,0.3962
HEARTS FIVE HEARTS ACE,0.3914,0.005,0.6036
DIAMONDS FIVE DIAMONDS FOUR,0.627,0.0108,0.3622
HEARTS FOUR SPADES FOUR,0.4912,0.0098,0.499
CLUBS NINE SPADES JACK,0.6026,0.0074,0.39
HEARTS SIX CLUBS EIGHT,0.7126,0.0326,0.2548
HEARTS ACE DIAMONDS FOUR,0.4126,0.0046,0.5828
HEARTS SIX SPADES TWO,0.6818,0.0064,0.3118
HEARTS THREE CLUBS KING,0.5684,0.2166,0.215
SPADES QUEEN DIAMONDS SIX,0.6512,0.0078,0.341
SPADES EIGHT DIAMONDS TEN,0.7072,0.0246,0.2682
CLUBS FOUR DIAMONDS ACE,0.4258,0.0046,0.5696
SPADES JACK SPADES SIX,0.6122,0.005,0.3828
DIAMONDS QUEEN SPADES FIVE,0.6334,0.0104,0.3562
HEARTS FIVE CLUBS THREE,0.6456,0.0094,0.345
SPADES SEVEN SPADES THREE,0.6218,0.0112,0.367
HEARTS FOUR HEARTS QUEEN,0.6104,0.0056,0.384
CLUBS FIVE CLUBS THREE,0.6244,0.008,0.3676
HEARTS TWO SPADES FIVE,0.6546,0.0108,0.3346
SPADES ACE CLUBS TWO,0.4302,0.0058,0.564
SPADES QUEEN HEARTS SIX,0.6408,0.0064,0.3528
CLUBS JACK CLUBS NINE,0.5604,0.007,0.4326
CLUBS TEN DIAMONDS TWO,0.658,0.008,0.334
CLUBS NINE DIAMONDS TEN,0.5746,0.0068,0.4186
SPADES JACK SPADES SEVEN,0.608,0.008,0.384
SPADES SIX DIAMONDS FIVE,0.624,0.0072,0.3688
SPADES TEN DIAMONDS SIX,0.6298,0.0062,0.364
HEARTS QUEEN CLUBS ACE,0.3884,0.006,0.6056
DIAMONDS TWO HEARTS TWO,0.477,0.0138,0.5092
SPADES JACK CLUBS TWO,0.6532,0.006,0.3408
SPADES SEVEN CLUBS ACE,0.4252,0.0036,0.5712
CLUBS NINE CLUBS QUEEN,0.5682,0.0074,0.4244
CLUBS ACE HEARTS NINE,0.3992,0.0046,0.5962
SPADES SEVEN SPADES SIX,0.5906,0.007,0.4024
HEARTS FIVE HEARTS TWO,0.6214,0.008,0.3706
SPADES ACE HEARTS SIX,0.4278,0.0056,0.5666
SPADES THREE HEARTS TEN,0.6628,0.006,0.3312
CLUBS JACK CLUBS TWO,0.6234,0.0084,0.3682
SPADES JACK DIAMONDS FOUR,0.6452,0.0076,0.3472
DIAMONDS THREE SPADES SEVEN,0.6632,0.0092,0.3276
CLUBS SEVEN CLUBS SIX,0.6038,0.0092,0.387
CLUBS TWO DIAMONDS SEVEN,0.6782,0.0088,0.313
SPADES NINE DIAMONDS TEN,0.5782,0.006,0.4158
CLUBS FOUR CLUBS THREE,0.6232,0.0094,0.3674
DIAMONDS THREE HEARTS TWO,0.6752,0.0096,0.3152
HEARTS EIGHT CLUBS FIVE,0.7198,0.0322,0.248
HEARTS EIGHT HEARTS NINE,0.6494,0.0288,0.3218
SPADES NINE DIAMONDS NINE,0.3354,0.0074,0.6572
SPADES THREE DIAMONDS FOUR,0.6534,0.0092,0.3374
CLUBS THREE HEARTS JACK,0.643,0.009,0.348
DIAMONDS NINE DIAMONDS SIX,0.6314,0.0108,0.3578
DIAMONDS NINE CLUBS KING,0.2616,0.1552,0.5832
SPADES KING SPADES QUEEN,0.2748,0.058,0.6672
HEARTS FIVE SPADES TWO,0.651,0.0092,0.3398
HEARTS QUEEN DIAMONDS SIX,0.6476,0.0064,0.346
DIAMONDS ACE SPADES SIX,0.4268,0.0024,0.5708
HEARTS SIX DIAMONDS NINE,0.6266,0.0068,0.3666
CLUBS THREE CLUBS TWO,0.6304,0.0094,0.3602
HEARTS TWO HEARTS KING,0.5432,0.2024,0.2544
DIAMONDS THREE DIAMONDS FIVE,0.6552,0.0096,0.3352
CLUBS NINE DIAMONDS ACE,0.3726,0.0062,0.6212
DIAMONDS TEN CLUBS KING,0.267,0.1126,0.6204
DIAMONDS ACE SPADES FOUR,0.417,0.004,0.579
HEARTS FIVE CLUBS QUEEN,0.647,0.0076,0.3454
HEARTS SIX CLUBS THREE,0.6606,0.0068,0.3326
HEARTS THREE HEARTS ACE,0.4032,0.0044,0.5924
HEARTS SIX DIAMONDS QUEEN,0.6398,0.0078,0.3524
HEARTS EIGHT SPADES EIGHT,0.3376,0.0244,0.638
CLUBS SEVEN CLUBS THREE,0.6238,0.0094,0.3668
CLUBS SIX SPADES THREE,0.6796,0.0064,0.314
HEARTS SEVEN DIAMONDS FIVE,0.6408,0.0078,0.3514
HEARTS THREE SPADES EIGHT,0.7446,0.032,0.2234
HEARTS EIGHT SPADES SIX,0.7012,0.031,0.2678
SPADES QUEEN DIAMONDS TEN,0.5786,0.0072,0.4142
CLUBS SEVEN SPADES NINE,0.6272,0.0056,0.3672
CLUBS TEN SPADES EIGHT,0.7114,0.0296,0.259
SPADES JACK CLUBS FIVE,0.644,0.007,0.349
SPADES FIVE HEARTS QUEEN,0.65,0.0076,0.3424
CLUBS JACK CLUBS SIX,0.6136,0.0068,0.3796
CLUBS JACK CLUBS TEN,0.538,0.0048,0.4572
HEARTS EIGHT DIAMONDS SEVEN,0.6942,0.0316,0.2742
CLUBS TEN SPADES NINE,0.5894,0.0076,0.403
SPADES EIGHT SPADES SEVEN,0.6516,0.0358,0.3126
CLUBS FOUR CLUBS KING,0.5222,0.2036,0.2742
CLUBS TEN DIAMONDS FIVE,0.642,0.008,0.35
HEARTS EIGHT HEARTS SIX,0.675,0.0324,0.2926
SPADES ACE CLUBS FOUR,0.4262,0.0042,0.5696
HEARTS FOUR SPADES TWO,0.6684,0.008,0.3236
SPADES ACE CLUBS JACK,0.3884,0.004,0.6076
HEARTS SEVEN SPADES QUEEN,0.658,0.0054,0.3366
SPADES SIX DIAMONDS JACK,0.641,0.0082,0.3508
DIAMONDS TEN DIAMONDS FIVE,0.6502,0.0058,0.344
HEARTS EIGHT DIAMONDS NINE,0.6932,0.0324,0.2744
DIAMONDS THREE CLUBS TWO,0.665,0.01,0.325
CLUBS JACK CLUBS EIGHT,0.6792,0.0308,0.29
HEARTS TWO DIAMONDS JACK,0.6548,0.0092,0.336
HEARTS SEVEN HEARTS JACK,0.6078,0.0056,0.3866
HEARTS EIGHT DIAMONDS THREE,0.7512,0.036,0.2128
DIAMONDS THREE DIAMONDS NINE,0.6428,0.0096,0.3476
CLUBS TEN HEARTS SEVEN,0.6366,0.0072,0.3562
HEARTS ACE DIAMONDS NINE,0.378,0.0054,0.6166
SPADES KING CLUBS KING,0.1354,0.0116,0.853
CLUBS NINE SPADES SEVEN,0.631,0.0076,0.3614
CLUBS NINE HEARTS NINE,0.3372,0.0094,0.6534
CLUBS FOUR SPADES SIX,0.6546,0.007,0.3384
DIAMONDS TEN SPADES TWO,0.6466,0.0102,0.3432
DIAMONDS QUEEN CLUBS ACE,0.3786,0.0052,0.6162
HEARTS THREE DIAMONDS QUEEN,0.6392,0.0054,0.3554
DIAMONDS NINE DIAMONDS FIVE,0.633,0.0088,0.3582
DIAMONDS TWO DIAMONDS FOUR,0.6642,0.0096,0.3262
HEARTS SIX CLUBS FIVE,0.6516,0.0064,0.342
HEARTS SIX SPADES SIX,0.4824,0.0126,0.505
DIAMONDS THREE DIAMONDS JACK,0.6432,0.0098,0.347
CLUBS QUEEN HEARTS NINE,0.6062,0.0054,0.3884
DIAMONDS THREE HEARTS FIVE,0.6464,0.009,0.3446
SPADES SEVEN DIAMONDS QUEEN,0.6462,0.0058,0.348
CLUBS TEN CLUBS FOUR,0.6122,0.0078,0.38
SPADES ACE DIAMONDS TEN,0.3814,0.0044,0.6142
SPADES ACE DIAMONDS SEVEN,0.4182,0.004,0.5778
SPADES ACE DIAMONDS ACE,0.1602,0.0054,0.8344
CLUBS SIX CLUBS TWO,0.6284,0.0098,0.3618
SPADES QUEEN CLUBS SIX,0.6606,0.0094,0.33
HEARTS JACK HEARTS TEN,0.548,0.007,0.445
SPADES TEN CLUBS KING,0.2824,0.1118,0.6058
DIAMONDS SIX DIAMONDS FOUR,0.652,0.0128,0.3352
SPADES TEN HEARTS ACE,0.3854,0.004,0.6106
SPADES EIGHT HEARTS TEN,0.7064,0.0302,0.2634
SPADES EIGHT SPADES THREE,0.7092,0.0364,0.2544
HEARTS SIX DIAMONDS FIVE,0.6502,0.007,0.3428
CLUBS THREE DIAMONDS FIVE,0.6452,0.0096,0.3452
SPADES TEN HEARTS QUEEN,0.5918,0.0062,0.402
SPADES KING DIAMONDS TWO,0.5442,0.231,0.2248
DIAMONDS ACE DIAMONDS NINE,0.3406,0.005,0.6544
HEARTS THREE SPADES SEVEN,0.683,0.007,0.31
SPADES NINE DIAMONDS QUEEN,0.5986,0.007,0.3944
SPADES FIVE DIAMONDS FOUR,0.6426,0.0078,0.3496
HEARTS FIVE HEARTS NINE,0.6102,0.0074,0.3824
SPADES TEN CLUBS FOUR,0.6384,0.0066,0.355
HEARTS ACE CLUBS KING,0.2694,0.0106,0.72
HEARTS FIVE DIAMONDS FOUR,0.6306,0.0084,0.361
CLUBS FOUR HEARTS JACK,0.6514,0.0066,0.342
DIAMONDS JACK DIAMONDS FOUR,0.6514,0.01,0.3386
HEARTS TWO HEARTS TEN,0.6236,0.0066,0.3698
DIAMONDS ACE HEARTS NINE,0.3768,0.0068,0.6164
HEARTS TWO HEARTS NINE,0.6058,0.0078,0.3864
SPADES SIX SPADES THREE,0.6182,0.0068,0.375
HEARTS KING DIAMONDS FIVE,0.5572,0.2136,0.2292
DIAMONDS TWO SPADES TEN,0.6556,0.0076,0.3368
CLUBS FIVE HEARTS ACE,0.4356,0.0052,0.5592
CLUBS TEN HEARTS TEN,0.3414,0.0066,0.652
HEARTS EIGHT CLUBS KING,0.0764,0.8982,0.0254
HEARTS FOUR CLUBS FIVE,0.641,0.0086,0.3504
CLUBS JACK DIAMONDS SEVEN,0.6528,0.0084,0.3388
DIAMONDS TWO HEARTS SIX,0.6714,0.0078,0.3208
SPADES JACK HEARTS TEN,0.5782,0.0056,0.4162
SPADES TEN CLUBS TWO,0.6504,0.0086,0.341
SPADES JACK CLUBS SIX,0.6442,0.006,0.3498
SPADES FOUR HEARTS JACK,0.6408,0.0052,0.354
SPADES THREE CLUBS KING,0.5668,0.2192,0.214
DIAMONDS SEVEN CLUBS QUEEN,0.6538,0.0056,0.3406
CLUBS SIX CLUBS QUEEN,0.61,0.0046,0.3854
SPADES KING HEARTS THREE,0.5778,0.2118,0.2104
SPADES ACE DIAMONDS FOUR,0.4238,0.0058,0.5704
SPADES FOUR DIAMONDS NINE,0.6492,0.0062,0.3446
CLUBS TWO HEARTS KING,0.5734,0.2154,0.2112
SPADES KING CLUBS TEN,0.2724,0.1052,0.6224
HEARTS SEVEN DIAMONDS TWO,0.691,0.0094,0.2996
SPADES SEVEN DIAMONDS TEN,0.6324,0.0086,0.359
HEARTS KING DIAMONDS SIX,0.5696,0.2152,0.2152
CLUBS FOUR HEARTS TEN,0.6576,0.008,0.3344
SPADES KING HEARTS FIVE,0.5564,0.2136,0.23
HEARTS TWO DIAMONDS NINE,0.6462,0.0072,0.3466
SPADES EIGHT DIAMONDS FOUR,0.7298,0.0362,0.234
SPADES SIX DIAMONDS NINE,0.6224,0.0082,0.3694
SPADES KING SPADES FIVE,0.5224,0.2084,0.2692
DIAMONDS SIX DIAMONDS FIVE,0.6406,0.0088,0.3506
DIAMONDS THREE HEARTS SIX,0.6544,0.0096,0.336
HEARTS TWO HEARTS QUEEN,0.608,0.0072,0.3848
SPADES JACK DIAMONDS TEN,0.58,0.0068,0.4132
HEARTS ACE HEARTS KING,0.2628,0.012,0.7252
CLUBS NINE CLUBS FIVE,0.6104,0.009,0.3806
HEARTS SEVEN CLUBS THREE,0.6764,0.006,0.3176
SPADES TWO HEARTS JACK,0.6502,0.0074,0.3424
SPADES TEN DIAMONDS ACE,0.3734,0.005,0.6216
CLUBS EIGHT SPADES EIGHT,0.33,0.022,0.648
HEARTS SIX SPADES NINE,0.623,0.0072,0.3698
DIAMONDS ACE SPADES TWO,0.4262,0.0072,0.5666
DIAMONDS NINE CLUBS ACE,0.4008,0.004,0.5952
SPADES SIX CLUBS QUEEN,0.6658,0.0072,0.327
DIAMONDS THREE CLUBS SEVEN,0.6832,0.0066,0.3102
HEARTS SEVEN HEARTS FIVE,0.6146,0.0064,0.379
CLUBS TWO SPADES FOUR,0.6644,0.0082,0.3274
CLUBS EIGHT HEARTS QUEEN,0.737,0.0318,0.2312
SPADES THREE DIAMONDS SIX,0.6676,0.0096,0.3228
DIAMONDS TWO CLUBS NINE,0.6482,0.0074,0.3444
DIAMONDS TWO HEARTS TEN,0.645,0.0076,0.3474
HEARTS EIGHT SPADES NINE,0.6982,0.0298,0.272
SPADES JACK HEARTS QUEEN,0.592,0.007,0.401
DIAMONDS JACK HEARTS KING,0.261,0.0866,0.6524
SPADES TEN HEARTS TEN,0.3328,0.0078,0.6594
CLUBS TEN HEARTS TWO,0.643,0.009,0.348
CLUBS NINE HEARTS TEN,0.5894,0.0042,0.4064
CLUBS SEVEN HEARTS ACE,0.4294,0.0038,0.5668
CLUBS THREE SPADES FOUR,0.65,0.0098,0.3402
DIAMONDS TWO CLUBS QUEEN,0.6534,0.009,0.3376
DIAMONDS ACE DIAMONDS SIX,0.3726,0.0042,0.6232
SPADES FOUR HEARTS TEN,0.6608,0.0068,0.3324
HEARTS SIX CLUBS QUEEN,0.6522,0.008,0.3398
CLUBS TEN CLUBS QUEEN,0.5508,0.007,0.4422
SPADES ACE HEARTS FOUR,0.4472,0.0048,0.548
DIAMONDS THREE SPADES JACK,0.6422,0.009,0.3488
SPADES SIX HEARTS JACK,0.6578,0.0066,0.3356
CLUBS TWO HEARTS ACE,0.444,0.006,0.55
SPADES ACE CLUBS SEVEN,0.4314,0.0038,0.5648
CLUBS SIX HEARTS NINE,0.639,0.0084,0.3526
HEARTS TWO DIAMONDS ACE,0.4272,0.0058,0.567
CLUBS FOUR DIAMONDS SIX,0.6486,0.0066,0.3448
SPADES FOUR CLUBS ACE,0.4298,0.0044,0.5658
CLUBS FOUR SPADES FIVE,0.6362,0.0084,0.3554
HEARTS KING HEARTS NINE,0.2596,0.1458,0.5946
DIAMONDS TEN HEARTS TEN,0.3304,0.0064,0.6632
CLUBS JACK HEARTS ACE,0.3926,0.0058,0.6016
DIAMONDS QUEEN DIAMONDS SIX,0.6384,0.0082,0.3534
SPADES ACE HEARTS KING,0.2708,0.0114,0.7178
CLUBS TEN DIAMONDS QUEEN,0.5838,0.01,0.4062
CLUBS SEVEN CLUBS FIVE,0.6166,0.0072,0.3762
DIAMONDS TWO SPADES EIGHT,0.741,0.0382,0.2208
SPADES KING SPADES SEVEN,0.538,0.2106,0.2514
CLUBS EIGHT HEARTS ACE,0.2844,0.0232,0.6924
SPADES EIGHT HEARTS JACK,0.7194,0.0304,0.2502
CLUBS EIGHT HEARTS THREE,0.7622,0.0312,0.2066
CLUBS JACK CLUBS SEVEN,0.5984,0.0062,0.3954
SPADES EIGHT HEARTS NINE,0.6928,0.0264,0.2808
CLUBS NINE SPADES THREE,0.6464,0.006,0.3476
CLUBS TWO SPADES TWO,0.4694,0.0166,0.514
HEARTS EIGHT DIAMONDS FIVE,0.71,0.035,0.255
SPADES NINE SPADES TWO,0.6162,0.0054,0.3784
CLUBS THREE CLUBS KING,0.5426,0.2108,0.2466
SPADES KING HEARTS ACE,0.2858,0.0104,0.7038
SPADES FIVE HEARTS NINE,0.658,0.0092,0.3328
HEARTS TWO HEARTS JACK,0.615,0.0084,0.3766
SPADES EIGHT DIAMONDS SEVEN,0.6976,0.0294,0.273
HEARTS FOUR HEARTS KING,0.5208,0.2114,0.2678
CLUBS NINE HEARTS THREE,0.6538,0.007,0.3392
SPADES KING CLUBS SEVEN,0.5678,0.2162,0.216
SPADES KING CLUBS FIVE,0.5648,0.2174,0.2178
DIAMONDS SIX CLUBS QUEEN,0.6466,0.0084,0.345
SPADES TEN SPADES SEVEN,0.587,0.0086,0.4044
SPADES NINE SPADES EIGHT,0.6492,0.029,0.3218
HEARTS SEVEN HEARTS THREE,0.6234,0.0078,0.3688
SPADES JACK SPADES NINE,0.5728,0.0082,0.419
DIAMONDS THREE HEARTS SEVEN,0.6648,0.0078,0.3274
HEARTS SEVEN CLUBS SIX,0.6406,0.0056,0.3538
DIAMONDS THREE CLUBS FOUR,0.652,0.0082,0.3398
DIAMONDS QUEEN HEARTS KING,0.2828,0.063,0.6542
SPADES NINE SPADES THREE,0.621,0.0076,0.3714
CLUBS JACK DIAMONDS QUEEN,0.5826,0.0072,0.4102
CLUBS SEVEN CLUBS TWO,0.6468,0.007,0.3462
HEARTS SIX CLUBS SEVEN,0.6348,0.0078,0.3574
HEARTS EIGHT DIAMONDS JACK,0.7088,0.0344,0.2568
CLUBS SEVEN SPADES SIX,0.6354,0.008,0.3566
HEARTS ACE CLUBS ACE,0.1592,0.0024,0.8384
HEARTS THREE CLUBS FIVE,0.6526,0.0086,0.3388
HEARTS EIGHT CLUBS FOUR,0.7356,0.0352,0.2292
SPADES TEN SPADES SIX,0.6008,0.0076,0.3916
CLUBS SIX CLUBS KING,0.5334,0.2004,0.2662
DIAMONDS JACK DIAMONDS NINE,0.59,0.0086,0.4014
CLUBS THREE DIAMONDS SEVEN,0.6734,0.0088,0.3178
HEARTS THREE DIAMONDS NINE,0.6522,0.0076,0.3402
HEARTS SEVEN CLUBS SEVEN,0.4742,0.011,0.5148
CLUBS JACK DIAMONDS FOUR,0.6542,0.0074,0.3384
HEARTS SIX DIAMONDS ACE,0.4266,0.0036,0.5698
DIAMONDS TWO CLUBS THREE,0.6644,0.0072,0.3284
HEARTS ACE HEARTS QUEEN,0.3674,0.0048,0.6278
SPADES QUEEN CLUBS QUEEN,0.319,0.002,0.679
CLUBS EIGHT HEARTS TWO,0.7418,0.0378,0.2204
CLUBS SIX HEARTS TEN,0.6506,0.0068,0.3426
SPADES SIX DIAMONDS SIX,0.4662,0.012,0.5218
SPADES KING HEARTS JACK,0.283,0.082,0.635
CLUBS THREE DIAMONDS SIX,0.6696,0.0088,0.3216
HEARTS FIVE HEARTS KING,0.526,0.205,0.269
HEARTS TWO SPADES THREE,0.6658,0.0078,0.3264
CLUBS TEN SPADES TEN,0.3358,0.0056,0.6586
HEARTS THREE DIAMONDS SEVEN,0.678,0.0116,0.3104
DIAMONDS ACE HEARTS TEN,0.3794,0.0064,0.6142
HEARTS SIX HEARTS FIVE,0.6002,0.0082,0.3916
SPADES NINE SPADES FOUR,0.6138,0.0114,0.3748
HEARTS THREE SPADES THREE,0.4822,0.012,0.5058
CLUBS EIGHT CLUBS THREE,0.7108,0.036,0.2532
HEARTS SIX HEARTS JACK,0.618,0.0066,0.3754
SPADES KING CLUBS EIGHT,0.0678,0.9082,0.024
SPADES FOUR HEARTS QUEEN,0.6398,0.0054,0.3548
SPADES NINE HEARTS JACK,0.5842,0.007,0.4088
CLUBS TEN DIAMONDS JACK,0.5732,0.0046,0.4222
DIAMONDS TWO HEARTS QUEEN,0.6424,0.0076,0.35
DIAMONDS THREE SPADES NINE,0.6538,0.0092,0.337
CLUBS NINE DIAMONDS NINE,0.3354,0.011,0.6536
HEARTS QUEEN CLUBS QUEEN,0.3306,0.0024,0.667
CLUBS SIX HEARTS TWO,0.6858,0.0092,0.305
CLUBS JACK SPADES NINE,0.5954,0.006,0.3986
SPADES KING DIAMONDS ACE,0.2586,0.0128,0.7286
SPADES KING CLUBS SIX,0.5506,0.2298,0.2196
CLUBS JACK HEARTS EIGHT,0.7286,0.0318,0.2396
HEARTS ACE HEARTS TEN,0.3684,0.0054,0.6262
SPADES ACE SPADES FOUR,0.4058,0.0056,0.5886
SPADES JACK HEARTS FIVE,0.6394,0.0068,0.3538
SPADES QUEEN SPADES NINE,0.5612,0.0072,0.4316
SPADES QUEEN DIAMONDS JACK,0.5776,0.0084,0.414
HEARTS EIGHT DIAMONDS TWO,0.7474,0.0358,0.2168
HEARTS THREE SPADES FIVE,0.6616,0.0064,0.332
CLUBS SEVEN DIAMONDS SEVEN,0.4626,0.0116,0.5258
SPADES QUEEN HEARTS QUEEN,0.3298,0.0032,0.667
DIAMONDS TWO SPADES NINE,0.6424,0.009,0.3486
HEARTS FIVE DIAMONDS SIX,0.6378,0.008,0.3542
SPADES THREE HEARTS QUEEN,0.6506,0.009,0.3404
DIAMONDS JACK HEARTS TEN,0.579,0.0082,0.4128
SPADES QUEEN SPADES THREE,0.6164,0.0064,0.3772
SPADES KING SPADES TWO,0.5318,0.204,0.2642
CLUBS SIX DIAMONDS SEVEN,0.637,0.0094,0.3536
SPADES SIX CLUBS KING,0.5616,0.2118,0.2266
DIAMONDS JACK DIAMONDS SEVEN,0.6286,0.0078,0.3636
CLUBS TEN SPADES SEVEN,0.6524,0.005,0.3426
DIAMONDS ACE HEARTS QUEEN,0.3778,0.0052,0.617
DIAMONDS NINE HEARTS TEN,0.59,0.0038,0.4062
HEARTS ACE HEARTS NINE,0.369,0.003,0.628
SPADES JACK HEARTS TWO,0.6694,0.0066,0.324
CLUBS TWO DIAMONDS NINE,0.6654,0.0082,0.3264
CLUBS JACK SPADES SEVEN,0.6406,0.0076,0.3518
CLUBS TEN SPADES QUEEN,0.5918,0.0082,0.4
SPADES KING HEARTS FOUR,0.5608,0.2284,0.2108
SPADES TEN DIAMONDS SEVEN,0.6334,0.0074,0.3592
SPADES NINE SPADES SIX,0.5972,0.0058,0.397
CLUBS SIX HEARTS JACK,0.6598,0.0054,0.3348
DIAMONDS TEN DIAMONDS SEVEN,0.6236,0.0074,0.369
CLUBS TEN HEARTS JACK,0.568,0.006,0.426
HEARTS TWO DIAMONDS FOUR,0.6668,0.0076,0.3256
HEARTS TWO CLUBS THREE,0.6632,0.0076,0.3292
SPADES TEN SPADES THREE,0.6234,0.0072,0.3694
SPADES EIGHT CLUBS THREE,0.7516,0.0344,0.214
SPADES FOUR HEARTS NINE,0.6524,0.0082,0.3394
CLUBS THREE SPADES TWO,0.6768,0.008,0.3152
DIAMONDS TWO SPADES THREE,0.6624,0.01,0.3276
DIAMONDS THREE CLUBS EIGHT,0.7338,0.04,0.2262
HEARTS EIGHT HEARTS THREE,0.7004,0.0356,0.264
SPADES JACK DIAMONDS FIVE,0.6444,0.0056,0.35
HEARTS FOUR DIAMONDS ACE,0.4126,0.0062,0.5812
CLUBS FIVE DIAMONDS QUEEN,0.6364,0.0072,0.3564
SPADES KING DIAMONDS SIX,0.5594,0.2158,0.2248
SPADES SEVEN CLUBS QUEEN,0.6626,0.0056,0.3318
HEARTS EIGHT SPADES KING,0.067,0.908,0.025
SPADES EIGHT CLUBS KING,0.0674,0.9112,0.0214
HEARTS FOUR HEARTS ACE,0.407,0.004,0.589
SPADES JACK SPADES TWO,0.6158,0.0098,0.3744
HEARTS FOUR SPADES NINE,0.6546,0.007,0.3384
CLUBS TEN CLUBS THREE,0.6072,0.0084,0.3844
HEARTS THREE DIAMONDS SIX,0.662,0.0086,0.3294
DIAMONDS TEN DIAMONDS SIX,0.6324,0.0108,0.3568
SPADES QUEEN SPADES TWO,0.6172,0.008,0.3748
CLUBS FOUR DIAMONDS NINE,0.6646,0.0062,0.3292
SPADES NINE DIAMONDS FIVE,0.6544,0.007,0.3386
HEARTS EIGHT SPADES FOUR,0.7362,0.0302,0.2336
DIAMONDS JACK SPADES TWO,0.6548,0.007,0.3382
DIAMONDS ACE CLUBS THREE,0.4238,0.006,0.5702
CLUBS SIX SPADES EIGHT,0.7184,0.0304,0.2512
CLUBS SEVEN SPADES EIGHT,0.6908,0.0306,0.2786
SPADES SEVEN HEARTS ACE,0.431,0.0042,0.5648
HEARTS FOUR HEARTS JACK,0.6182,0.0066,0.3752
SPADES NINE CLUBS THREE,0.6604,0.0058,0.3338
CLUBS NINE DIAMONDS JACK,0.6018,0.0074,0.3908
SPADES JACK SPADES FOUR,0.6144,0.0076,0.378
HEARTS KING DIAMONDS NINE,0.261,0.153,0.586
HEARTS SIX HEARTS TEN,0.6098,0.0068,0.3834
HEARTS SIX HEARTS TWO,0.6344,0.007,0.3586
SPADES NINE DIAMONDS JACK,0.591,0.0078,0.4012
SPADES SEVEN DIAMONDS FOUR,0.6544,0.0058,0.3398
SPADES EIGHT DIAMONDS QUEEN,0.7256,0.0316,0.2428
SPADES QUEEN SPADES JACK,0.5468,0.0056,0.4476
HEARTS SEVEN HEARTS TEN,0.5986,0.0076,0.3938
SPADES ACE SPADES JACK,0.3658,0.0062,0.628
HEARTS SEVEN HEARTS FOUR,0.622,0.0082,0.3698
CLUBS EIGHT DIAMONDS FOUR,0.735,0.0388,0.2262
DIAMONDS TWO DIAMONDS FIVE,0.6628,0.0128,0.3244
CLUBS TWO HEARTS TEN,0.6416,0.0076,0.3508
SPADES SIX CLUBS THREE,0.6628,0.0074,0.3298
SPADES FIVE CLUBS ACE,0.4132,0.0052,0.5816
SPADES SEVEN DIAMONDS SEVEN,0.4412,0.0114,0.5474
CLUBS NINE DIAMONDS QUEEN,0.6062,0.0068,0.387
CLUBS TEN CLUBS KING,0.2624,0.1036,0.634
CLUBS SIX DIAMONDS SIX,0.4614,0.0118,0.5268
HEARTS ACE DIAMONDS FIVE,0.42,0.0054,0.5746
DIAMONDS FIVE CLUBS QUEEN,0.6458,0.0062,0.348
SPADES KING DIAMONDS FIVE,0.545,0.2262,0.2288
HEARTS SEVEN SPADES SEVEN,0.458,0.01,0.532
HEARTS FIVE CLUBS SIX,0.6282,0.0058,0.366
CLUBS JACK CLUBS KING,0.2622,0.0848,0.653
CLUBS NINE CLUBS KING,0.2688,0.1494,0.5818
HEARTS THREE HEARTS QUEEN,0.5978,0.0096,0.3926
SPADES FIVE SPADES THREE,0.6144,0.0052,0.3804
CLUBS FIVE CLUBS FOUR,0.606,0.0084,0.3856
CLUBS FIVE CLUBS TWO,0.6236,0.0066,0.3698
DIAMONDS THREE HEARTS ACE,0.435,0.0038,0.5612
CLUBS SEVEN SPADES SEVEN,0.4632,0.0092,0.5276
SPADES FIVE HEARTS TEN,0.6544,0.008,0.3376
SPADES TEN HEARTS THREE,0.6458,0.006,0.3482
DIAMONDS SEVEN CLUBS KING,0.5672,0.2156,0.2172
CLUBS THREE CLUBS ACE,0.4192,0.004,0.5768
CLUBS SEVEN DIAMONDS JACK,0.6398,0.0054,0.3548
DIAMONDS THREE DIAMONDS ACE,0.3714,0.0072,0.6214
HEARTS TWO CLUBS QUEEN,0.6512,0.0082,0.3406
HEARTS FOUR SPADES THREE,0.6498,0.0074,0.3428
SPADES TWO CLUBS ACE,0.4422,0.0056,0.5522
SPADES JACK CLUBS THREE,0.6548,0.0068,0.3384
CLUBS SEVEN DIAMONDS NINE,0.6146,0.0076,0.3778
DIAMONDS TWO CLUBS SEVEN,0.6912,0.0074,0.3014
CLUBS FOUR DIAMONDS QUEEN,0.6448,0.007,0.3482
CLUBS FOUR DIAMONDS JACK,0.6428,0.0116,0.3456
SPADES NINE CLUBS FIVE,0.6338,0.0112,0.355
HEARTS SIX CLUBS SIX,0.4652,0.0116,0.5232
CLUBS TWO DIAMONDS JACK,0.6634,0.006,0.3306
CLUBS ACE HEARTS JACK,0.3872,0.0056,0.6072
HEARTS THREE DIAMONDS FIVE,0.6472,0.0078,0.345
SPADES NINE HEARTS THREE,0.6488,0.0068,0.3444
SPADES JACK HEARTS NINE,0.5924,0.0066,0.401
CLUBS EIGHT CLUBS ACE,0.2706,0.0236,0.7058
CLUBS FIVE HEARTS KING,0.5626,0.2246,0.2128
CLUBS THREE HEARTS NINE,0.6646,0.0076,0.3278
SPADES EIGHT SPADES FOUR,0.6898,0.0264,0.2838
CLUBS FOUR DIAMONDS TEN,0.6364,0.0078,0.3558
HEARTS TEN DIAMONDS FIVE,0.647,0.0088,0.3442
SPADES KING DIAMONDS SEVEN,0.5554,0.2232,0.2214
HEARTS SEVEN CLUBS FOUR,0.67,0.0064,0.3236
HEARTS SEVEN DIAMONDS SIX,0.6424,0.0076,0.35
HEARTS SIX HEARTS KING,0.5244,0.2122,0.2634
SPADES KING HEARTS TEN,0.266,0.1102,0.6238
SPADES JACK HEARTS KING,0.282,0.0874,0.6306
DIAMONDS ACE CLUBS KING,0.2638,0.0126,0.7236
CLUBS SEVEN SPADES THREE,0.6752,0.0064,0.3184
SPADES EIGHT SPADES FIVE,0.687,0.0358,0.2772
HEARTS QUEEN DIAMONDS SEVEN,0.664,0.0078,0.3282
CLUBS TWO DIAMONDS FIVE,0.6476,0.0084,0.344
SPADES QUEEN CLUBS FIVE,0.639,0.0068,0.3542
SPADES TEN DIAMONDS QUEEN,0.5906,0.0072,0.4022
CLUBS SIX HEARTS THREE,0.6662,0.008,0.3258
DIAMONDS QUEEN CLUBS KING,0.2684,0.0586,0.673
CLUBS FOUR CLUBS ACE,0.4098,0.0052,0.585
SPADES QUEEN DIAMONDS QUEEN,0.3244,0.0052,0.6704
CLUBS JACK HEARTS QUEEN,0.581,0.0058,0.4132
HEARTS TWO SPADES TWO,0.4872,0.0144,0.4984
HEARTS SEVEN CLUBS ACE,0.4254,0.004,0.5706
SPADES QUEEN CLUBS EIGHT,0.7394,0.0322,0.2284
SPADES QUEEN HEARTS TEN,0.5836,0.0068,0.4096
HEARTS SEVEN SPADES TEN,0.629,0.0054,0.3656
DIAMONDS SEVEN HEARTS TEN,0.6276,0.0054,0.367
SPADES ACE HEARTS NINE,0.4022,0.0018,0.596
DIAMONDS ACE HEARTS KING,0.2658,0.01,0.7242
HEARTS SIX CLUBS KING,0.5624,0.2236,0.214
HEARTS THREE HEARTS KING,0.545,0.2066,0.2484
SPADES JACK SPADES TEN,0.5548,0.005,0.4402
HEARTS EIGHT SPADES TEN,0.7074,0.028,0.2646
DIAMONDS TWO CLUBS EIGHT,0.75,0.0362,0.2138
SPADES NINE HEARTS KING,0.2704,0.1526,0.577
HEARTS FOUR SPADES SIX,0.6596,0.0092,0.3312
HEARTS JACK CLUBS QUEEN,0.5752,0.0054,0.4194
SPADES ACE CLUBS EIGHT,0.2854,0.022,0.6926
CLUBS FIVE DIAMONDS FOUR,0.6264,0.0078,0.3658
SPADES SEVEN HEARTS QUEEN,0.6606,0.006,0.3334
HEARTS FIVE DIAMONDS FIVE,0.4698,0.0148,0.5154
HEARTS FOUR DIAMONDS JACK,0.6512,0.0056,0.3432
DIAMONDS TWO SPADES SIX,0.6656,0.008,0.3264
DIAMONDS QUEEN SPADES THREE,0.6488,0.007,0.3442
HEARTS FOUR HEARTS THREE,0.6152,0.0102,0.3746
CLUBS TEN HEARTS NINE,0.5844,0.004,0.4116
HEARTS NINE DIAMONDS FOUR,0.651,0.009,0.34
SPADES TWO CLUBS QUEEN,0.658,0.0064,0.3356
CLUBS NINE SPADES NINE,0.3384,0.0092,0.6524
CLUBS TWO HEARTS JACK,0.6664,0.0046,0.329
HEARTS SEVEN DIAMONDS SEVEN,0.4654,0.011,0.5236
HEARTS SEVEN CLUBS FIVE,0.6528,0.006,0.3412
CLUBS TWO DIAMONDS SIX,0.6788,0.0092,0.312
CLUBS TWO CLUBS KING,0.524,0.2178,0.2582
DIAMONDS THREE CLUBS ACE,0.4282,0.0048,0.567
SPADES SEVEN HEARTS KING,0.569,0.2168,0.2142
HEARTS FIVE SPADES THREE,0.6488,0.007,0.3442
SPADES QUEEN SPADES EIGHT,0.6894,0.0268,0.2838
SPADES ACE DIAMONDS SIX,0.419,0.004,0.577
HEARTS SIX CLUBS TWO,0.6852,0.0066,0.3082
CLUBS FOUR HEARTS NINE,0.6546,0.006,0.3394
CLUBS ACE CLUBS KING,0.2676,0.012,0.7204
DIAMONDS THREE CLUBS KING,0.5636,0.2122,0.2242
HEARTS EIGHT HEARTS FOUR,0.688,0.0374,0.2746
CLUBS SEVEN CLUBS FOUR,0.619,0.0064,0.3746
CLUBS JACK SPADES THREE,0.6598,0.0062,0.334
HEARTS SIX DIAMONDS TEN,0.633,0.0062,0.3608
HEARTS FIVE DIAMONDS ACE,0.418,0.0072,0.5748
CLUBS SEVEN DIAMONDS FOUR,0.6528,0.0084,0.3388
HEARTS THREE CLUBS THREE,0.4844,0.0146,0.501
SPADES FIVE SPADES TWO,0.6414,0.0092,0.3494
SPADES THREE DIAMONDS SEVEN,0.6782,0.0074,0.3144
CLUBS THREE HEARTS ACE,0.4432,0.0054,0.5514
HEARTS SIX CLUBS ACE,0.4374,0.0048,0.5578
HEARTS FOUR HEARTS NINE,0.6222,0.0092,0.3686
CLUBS TEN HEARTS FIVE,0.6432,0.007,0.3498
DIAMONDS TEN HEARTS JACK,0.5728,0.0096,0.4176
DIAMONDS SIX HEARTS NINE,0.6242,0.0082,0.3676
CLUBS SEVEN HEARTS NINE,0.6208,0.007,0.3722
CLUBS SEVEN DIAMONDS QUEEN,0.6428,0.007,0.3502
DIAMONDS ACE DIAMONDS FOUR,0.384,0.0064,0.6096
CLUBS EIGHT CLUBS QUEEN,0.6806,0.0286,0.2908
SPADES QUEEN CLUBS ACE,0.3848,0.0042,0.611
CLUBS JACK HEARTS JACK,0.3324,0.0066,0.661
SPADES TWO HEARTS QUEEN,0.659,0.0098,0.3312
CLUBS TWO SPADES THREE,0.6846,0.012,0.3034
CLUBS JACK HEARTS THREE,0.6488,0.0076,0.3436
HEARTS FOUR DIAMONDS TEN,0.643,0.0072,0.3498
HEARTS SEVEN DIAMONDS ACE,0.4132,0.004,0.5828
SPADES SIX DIAMONDS FOUR,0.6442,0.0106,0.3452
CLUBS EIGHT CLUBS SEVEN,0.659,0.0322,0.3088
CLUBS EIGHT SPADES TEN,0.696,0.0288,0.2752
HEARTS SEVEN SPADES SIX,0.6358,0.0076,0.3566
HEARTS THREE CLUBS FOUR,0.6526,0.009,0.3384
SPADES SEVEN DIAMONDS NINE,0.611,0.0106,0.3784
DIAMONDS THREE CLUBS TEN,0.645,0.0082,0.3468
SPADES FIVE HEARTS KING,0.5718,0.2166,0.2116
DIAMONDS TWO CLUBS ACE,0.4326,0.0046,0.5628
SPADES ACE CLUBS TEN,0.3802,0.0032,0.6166
DIAMONDS JACK CLUBS KING,0.2728,0.0824,0.6448
CLUBS EIGHT HEARTS JACK,0.7172,0.0318,0.251
DIAMONDS TEN DIAMONDS FOUR,0.6392,0.0094,0.3514
DIAMONDS ACE HEARTS JACK,0.367,0.0048,0.6282
SPADES ACE HEARTS THREE,0.4394,0.0074,0.5532
SPADES JACK CLUBS FOUR,0.6636,0.0052,0.3312
CLUBS SIX CLUBS FOUR,0.6042,0.0082,0.3876
DIAMONDS SEVEN HEARTS NINE,0.6078,0.0074,0.3848
CLUBS SIX SPADES SEVEN,0.6398,0.0056,0.3546
SPADES KING SPADES JACK,0.2662,0.0764,0.6574
SPADES FOUR HEARTS KING,0.5576,0.2278,0.2146
SPADES ACE HEARTS TEN,0.3976,0.0026,0.5998
CLUBS TEN DIAMONDS SEVEN,0.6214,0.0068,0.3718
CLUBS THREE HEARTS TEN,0.6472,0.0072,0.3456
SPADES TEN SPADES FOUR,0.6032,0.0062,0.3906
HEARTS EIGHT DIAMONDS TEN,0.7068,0.0274,0.2658
HEARTS THREE CLUBS ACE,0.4408,0.0036,0.5556
HEARTS SIX SPADES TEN,0.6426,0.0056,0.3518
SPADES JACK CLUBS SEVEN,0.6478,0.0068,0.3454
SPADES SIX HEARTS QUEEN,0.6488,0.0056,0.3456
CLUBS SIX DIAMONDS QUEEN,0.6356,0.0092,0.3552
DIAMONDS THREE HEARTS KING,0.5568,0.2202,0.223
SPADES JACK CLUBS ACE,0.4048,0.0042,0.591
CLUBS EIGHT SPADES FOUR,0.7268,0.0304,0.2428
DIAMONDS JACK HEARTS QUEEN,0.5736,0.0076,0.4188
HEARTS TEN HEARTS NINE,0.5486,0.007,0.4444
SPADES NINE SPADES FIVE,0.6094,0.007,0.3836
DIAMONDS THREE HEARTS FOUR,0.6578,0.0086,0.3336
SPADES KING DIAMONDS FOUR,0.5608,0.2188,0.2204
DIAMONDS QUEEN DIAMONDS FOUR,0.6428,0.008,0.3492
CLUBS TWO DIAMONDS TEN,0.6472,0.0086,0.3442
CLUBS NINE HEARTS FIVE,0.642,0.005,0.353
SPADES TWO HEARTS TEN,0.6482,0.0072,0.3446
HEARTS EIGHT CLUBS TEN,0.7054,0.0284,0.2662
DIAMONDS THREE DIAMONDS TWO,0.6556,0.0088,0.3356
DIAMONDS THREE CLUBS SIX,0.6618,0.007,0.3312
SPADES JACK HEARTS THREE,0.651,0.0072,0.3418
SPADES EIGHT DIAMONDS JACK,0.7242,0.0284,0.2474
SPADES THREE CLUBS QUEEN,0.6508,0.0086,0.3406
CLUBS EIGHT HEARTS KING,0.0706,0.907,0.0224
HEARTS TWO DIAMONDS TEN,0.6518,0.0086,0.3396
CLUBS SIX DIAMONDS FIVE,0.6462,0.0098,0.344
CLUBS FIVE DIAMONDS SEVEN,0.646,0.0088,0.3452
SPADES NINE CLUBS QUEEN,0.6,0.0082,0.3918
DIAMONDS ACE DIAMONDS TEN,0.338,0.0034,0.6586
CLUBS JACK CLUBS QUEEN,0.5542,0.0052,0.4406
HEARTS EIGHT CLUBS NINE,0.6938,0.028,0.2782
HEARTS EIGHT HEARTS SEVEN,0.6588,0.0306,0.3106
SPADES QUEEN CLUBS NINE,0.6118,0.0066,0.3816
CLUBS SEVEN HEARTS FOUR,0.6592,0.0076,0.3332
CLUBS FOUR CLUBS QUEEN,0.611,0.0066,0.3824
SPADES SEVEN CLUBS TWO,0.6832,0.0074,0.3094
HEARTS SIX DIAMONDS JACK,0.6544,0.0072,0.3384
CLUBS JACK DIAMONDS TEN,0.5656,0.0074,0.427
SPADES KING CLUBS FOUR,0.5524,0.2208,0.2268
DIAMONDS THREE HEARTS TEN,0.6546,0.0066,0.3388
CLUBS NINE HEARTS SIX,0.642,0.0092,0.3488
SPADES JACK HEARTS ACE,0.398,0.0036,0.5984
CLUBS NINE CLUBS SEVEN,0.5928,0.005,0.4022
DIAMONDS QUEEN DIAMONDS FIVE,0.6428,0.0088,0.3484
HEARTS FIVE CLUBS TWO,0.6688,0.0088,0.3224
CLUBS SEVEN HEARTS JACK,0.6418,0.01,0.3482
DIAMONDS THREE DIAMONDS SEVEN,0.6768,0.01,0.3132
CLUBS SEVEN CLUBS QUEEN,0.619,0.0084,0.3726
SPADES NINE HEARTS TEN,0.5838,0.0056,0.4106
SPADES TEN SPADES EIGHT,0.6734,0.0272,0.2994
SPADES FOUR DIAMONDS SEVEN,0.6534,0.0048,0.3418
HEARTS FOUR DIAMONDS SIX,0.6552,0.0078,0.337
SPADES JACK DIAMONDS QUEEN,0.5782,0.0082,0.4136
CLUBS JACK HEARTS SEVEN,0.6434,0.005,0.3516
DIAMONDS JACK CLUBS ACE,0.3884,0.0044,0.6072
CLUBS NINE HEARTS FOUR,0.668,0.0072,0.3248
SPADES EIGHT CLUBS QUEEN,0.7324,0.0348,0.2328
CLUBS EIGHT SPADES SIX,0.7038,0.027,0.2692
HEARTS ACE DIAMONDS SEVEN,0.4196,0.0054,0.575
DIAMONDS TWO HEARTS THREE,0.6726,0.0076,0.3198
DIAMONDS TWO HEARTS KING,0.5642,0.2108,0.225
CLUBS FIVE HEARTS QUEEN,0.6464,0.0052,0.3484
CLUBS KING CLUBS QUEEN,0.2668,0.054,0.6792
CLUBS TWO DIAMONDS FOUR,0.6496,0.0098,0.3406
CLUBS SIX HEARTS ACE,0.424,0.0038,0.5722
DIAMONDS TWO DIAMONDS JACK,0.6494,0.0076,0.343
HEARTS SIX SPADES SEVEN,0.6418,0.0094,0.3488
SPADES ACE CLUBS ACE,0.1676,0.002,0.8304
CLUBS FOUR SPADES THREE,0.6728,0.0062,0.321
CLUBS TEN CLUBS SIX,0.6002,0.0076,0.3922
DIAMONDS ACE DIAMONDS FIVE,0.3696,0.0074,0.623
HEARTS FOUR SPADES EIGHT,0.732,0.0334,0.2346
CLUBS NINE CLUBS ACE,0.3732,0.0054,0.6214
DIAMONDS ACE CLUBS ACE,0.1504,0.0032,0.8464
SPADES TEN DIAMONDS TEN,0.331,0.008,0.661
SPADES FOUR CLUBS KING,0.5588,0.2148,0.2264
SPADES TEN DIAMONDS FIVE,0.6496,0.0074,0.343
CLUBS NINE CLUBS FOUR,0.6266,0.008,0.3654
CLUBS NINE HEARTS ACE,0.4078,0.0052,0.587
HEARTS KING DIAMONDS SEVEN,0.5504,0.2256,0.224
CLUBS FIVE CLUBS KING,0.516,0.2174,0.2666
DIAMONDS THREE DIAMONDS FOUR,0.6444,0.0098,0.3458
HEARTS FOUR CLUBS TWO,0.673,0.008,0.319
SPADES NINE SPADES SEVEN,0.5756,0.0072,0.4172
CLUBS SIX CLUBS FIVE,0.5972,0.007,0.3958
CLUBS ACE DIAMONDS SIX,0.4282,0.0046,0.5672
SPADES TEN HEARTS FOUR,0.6394,0.0052,0.3554
CLUBS TWO HEARTS NINE,0.6546,0.0082,0.3372
HEARTS JACK DIAMONDS FOUR,0.6572,0.0064,0.3364
SPADES TEN CLUBS SEVEN,0.6406,0.0064,0.353
HEARTS EIGHT HEARTS TEN,0.6714,0.028,0.3006
CLUBS JACK SPADES QUEEN,0.5776,0.0074,0.415
SPADES TWO DIAMONDS FOUR,0.661,0.0102,0.3288
HEARTS SEVEN DIAMONDS FOUR,0.6684,0.0072,0.3244
CLUBS TEN SPADES JACK,0.57,0.0044,0.4256
SPADES EIGHT CLUBS FOUR,0.732,0.0336,0.2344
HEARTS EIGHT DIAMONDS QUEEN,0.734,0.0332,0.2328
SPADES NINE CLUBS FOUR,0.6758,0.0064,0.3178
CLUBS SIX HEARTS KING,0.571,0.2178,0.2112
HEARTS FOUR DIAMONDS NINE,0.6632,0.0078,0.329
SPADES ACE SPADES FIVE,0.4102,0.0036,0.5862
DIAMONDS SEVEN DIAMONDS FIVE,0.6478,0.0118,0.3404
DIAMONDS THREE SPADES FOUR,0.6534,0.0078,0.3388
HEARTS QUEEN CLUBS KING,0.2776,0.0602,0.6622
HEARTS EIGHT DIAMONDS SIX,0.7046,0.0394,0.256
SPADES SIX DIAMONDS QUEEN,0.6406,0.0074,0.352
DIAMONDS TWO CLUBS FIVE,0.6668,0.0082,0.325
SPADES ACE CLUBS FIVE,0.4266,0.0032,0.5702
DIAMONDS THREE DIAMONDS QUEEN,0.6392,0.0098,0.351
SPADES JACK DIAMONDS SEVEN,0.645,0.0108,0.3442
DIAMONDS TWO DIAMONDS ACE,0.398,0.0064,0.5956
DIAMONDS THREE CLUBS THREE,0.4942,0.014,0.4918
SPADES ACE SPADES KING,0.2712,0.011,0.7178
HEARTS FIVE HEARTS QUEEN,0.6142,0.007,0.3788
CLUBS EIGHT SPADES THREE,0.7418,0.0368,0.2214
SPADES EIGHT DIAMONDS SIX,0.705,0.0292,0.2658
HEARTS FIVE SPADES NINE,0.6588,0.0054,0.3358
DIAMONDS JACK HEARTS ACE,0.3912,0.0048,0.604
HEARTS THREE SPADES FOUR,0.6484,0.01,0.3416
SPADES QUEEN HEARTS NINE,0.6068,0.006,0.3872
SPADES SEVEN HEARTS JACK,0.6478,0.0074,0.3448
SPADES TEN CLUBS FIVE,0.6542,0.0086,0.3372
SPADES EIGHT HEARTS KING,0.0778,0.902,0.0202
CLUBS EIGHT SPADES SEVEN,0.706,0.032,0.262
CLUBS SEVEN SPADES FOUR,0.6608,0.0072,0.332
DIAMONDS JACK CLUBS QUEEN,0.5736,0.0072,0.4192
CLUBS TEN CLUBS TWO,0.622,0.0078,0.3702
SPADES THREE SPADES TWO,0.6246,0.0064,0.369
HEARTS SIX HEARTS ACE,0.4116,0.0046,0.5838
CLUBS FIVE DIAMONDS TEN,0.6392,0.0062,0.3546
HEARTS SIX HEARTS QUEEN,0.6126,0.005,0.3824
HEARTS TWO CLUBS KING,0.5634,0.2164,0.2202
CLUBS NINE SPADES FOUR,0.6542,0.0072,0.3386
CLUBS SEVEN HEARTS QUEEN,0.6734,0.0048,0.3218
SPADES ACE SPADES SEVEN,0.4022,0.0034,0.5944
CLUBS SEVEN HEARTS KING,0.5778,0.2112,0.211
SPADES QUEEN HEARTS FIVE,0.6488,0.0072,0.344
SPADES KING DIAMONDS JACK,0.2702,0.0884,0.6414
CLUBS FIVE HEARTS JACK,0.641,0.0068,0.3522
SPADES TEN CLUBS ACE,0.3908,0.0042,0.605
SPADES KING CLUBS QUEEN,0.2838,0.0594,0.6568
CLUBS FOUR DIAMONDS FIVE,0.6286,0.0082,0.3632
HEARTS EIGHT CLUBS THREE,0.7416,0.0374,0.221
DIAMONDS QUEEN HEARTS TEN,0.5774,0.0078,0.4148
HEARTS EIGHT SPADES QUEEN,0.7276,0.0294,0.243
HEARTS THREE HEARTS NINE,0.6152,0.007,0.3778
SPADES EIGHT CLUBS FIVE,0.7112,0.0324,0.2564
HEARTS TWO DIAMONDS SIX,0.6772,0.0102,0.3126
HEARTS SEVEN DIAMONDS QUEEN,0.6444,0.0102,0.3454
CLUBS KING HEARTS TEN,0.275,0.1044,0.6206
CLUBS FIVE HEARTS TWO,0.67,0.0088,0.3212
HEARTS EIGHT SPADES SEVEN,0.6984,0.0314,0.2702
CLUBS TEN DIAMONDS FOUR,0.6568,0.007,0.3362
CLUBS NINE HEARTS QUEEN,0.5916,0.007,0.4014
SPADES ACE SPADES TEN,0.3696,0.0044,0.626
SPADES ACE HEARTS SEVEN,0.415,0.0044,0.5806
SPADES FIVE DIAMONDS SEVEN,0.638,0.0088,0.3532
HEARTS KING SPADES TWO,0.5636,0.2168,0.2196
