opposingHand,winningChance,drawChance,lostChance
DIAMONDS SIX CLUBS QUEEN
HEARTS FIVE SPADES TEN,0.6224,0.0112,0.3664
HEARTS FIVE SPADES JACK,0.627,0.0102,0.3628
SPADES FIVE CLUBS JACK,0.6282,0.0098,0.362
CLUBS TEN SPADES FIVE,0.6326,0.0112,0.3562
CLUBS EIGHT CLUBS JACK,0.5414,0.0132,0.4454
CLUBS TEN CLUBS EIGHT,0.5308,0.0094,0.4598
CLUBS EIGHT CLUBS KING,0.355,0.0082,0.6368
SPADES FIVE CLUBS ACE,0.381,0.0046,0.6144
SPADES FIVE CLUBS KING,0.3848,0.0062,0.609
CLUBS EIGHT CLUBS ACE,0.3318,0.0044,0.6638
DIAMONDS TWO DIAMONDS THREE,0.607,0.0148,0.3782
DIAMONDS TWO DIAMONDS FIVE,0.6136,0.016,0.3704
HEARTS FIVE SPADES KING,0.3956,0.0058,0.5986
DIAMONDS TWO DIAMONDS FOUR,0.6134,0.0132,0.3734
HEARTS FIVE SPADES QUEEN,0.3954,0.3734,0.2312
DIAMONDS TWO DIAMONDS SEVEN,0.6126,0.0128,0.3746
SPADES ACE HEARTS FIVE,0.3866,0.0038,0.6096
DIAMONDS TWO DIAMONDS NINE,0.599,0.0096,0.3914
DIAMONDS TWO DIAMONDS EIGHT,0.5912,0.0122,0.3966
DIAMONDS THREE DIAMONDS FOUR,0.5946,0.0134,0.392
CLUBS TWO SPADES FOUR,0.654,0.013,0.333
DIAMONDS THREE DIAMONDS FIVE,0.5988,0.0112,0.39
SPADES FIVE CLUBS TWO,0.6454,0.013,0.3416
CLUBS TWO SPADES TWO,0.4388,0.0312,0.53
CLUBS TWO SPADES THREE,0.649,0.0154,0.3356
DIAMONDS THREE DIAMONDS EIGHT,0.5994,0.0112,0.3894
SPADES EIGHT CLUBS TWO,0.6356,0.011,0.3534
DIAMONDS THREE DIAMONDS NINE,0.5856,0.01,0.4044
SPADES NINE CLUBS TWO,0.6382,0.0112,0.3506
SPADES SIX CLUBS TWO,0.7122,0.0508,0.237
DIAMONDS THREE DIAMONDS SEVEN,0.588,0.0132,0.3988
SPADES SEVEN CLUBS TWO,0.6498,0.0136,0.3366
CLUBS SIX CLUBS TWO,0.679,0.054,0.267
CLUBS SEVEN CLUBS TWO,0.609,0.01,0.381
CLUBS FOUR CLUBS TWO,0.609,0.012,0.379
CLUBS FIVE CLUBS TWO,0.6058,0.0144,0.3798
CLUBS TEN CLUBS JACK,0.5184,0.0074,0.4742
DIAMONDS FOUR DIAMONDS SEVEN,0.5842,0.0112,0.4046
CLUBS TEN CLUBS KING,0.3304,0.0052,0.6644
CLUBS TEN CLUBS ACE,0.3318,0.0026,0.6656
CLUBS EIGHT CLUBS TWO,0.6094,0.014,0.3766
DIAMONDS FIVE DIAMONDS FOUR,0.582,0.0124,0.4056
CLUBS NINE CLUBS TWO,0.6012,0.0096,0.3892
DIAMONDS NINE DIAMONDS FOUR,0.6036,0.0136,0.3828
DIAMONDS FOUR DIAMONDS EIGHT,0.5914,0.012,0.3966
CLUBS THREE CLUBS TWO,0.6004,0.0114,0.3882
DIAMONDS NINE DIAMONDS FIVE,0.5918,0.0104,0.3978
DIAMONDS TWO CLUBS JACK,0.6336,0.0116,0.3548
DIAMONDS FIVE DIAMONDS EIGHT,0.579,0.0126,0.4084
CLUBS TEN DIAMONDS TWO,0.6416,0.0116,0.3468
DIAMONDS FIVE DIAMONDS SEVEN,0.571,0.0108,0.4182
DIAMONDS TWO CLUBS ACE,0.3884,0.0054,0.6062
DIAMONDS TWO CLUBS KING,0.3986,0.0088,0.5926
HEARTS ACE SPADES THREE,0.3876,0.0026,0.6098
SPADES THREE HEARTS KING,0.4082,0.007,0.5848
HEARTS QUEEN SPADES THREE,0.3942,0.3732,0.2326
SPADES THREE HEARTS JACK,0.6202,0.0116,0.3682
SPADES THREE HEARTS TEN,0.6328,0.01,0.3572
DIAMONDS EIGHT DIAMONDS SEVEN,0.534,0.011,0.455
DIAMONDS NINE DIAMONDS SEVEN,0.5348,0.0116,0.4536
DIAMONDS NINE DIAMONDS EIGHT,0.5148,0.0124,0.4728
DIAMONDS KING HEARTS TEN,0.3512,0.0076,0.6412
HEARTS THREE HEARTS TEN,0.5834,0.011,0.4056
SPADES JACK CLUBS SIX,0.7222,0.0484,0.2294
DIAMONDS KING HEARTS JACK,0.3416,0.0052,0.6532
HEARTS THREE HEARTS JACK,0.5902,0.0098,0.4
SPADES TEN CLUBS SIX,0.7112,0.0484,0.2404
SPADES JACK SPADES FIVE,0.597,0.011,0.392
SPADES TEN SPADES FIVE,0.579,0.0112,0.4098
DIAMONDS KING HEARTS ACE,0.3168,0.0036,0.6796
HEARTS THREE HEARTS ACE,0.3622,0.0042,0.6336
SPADES ACE CLUBS SIX,0.2324,0.03,0.7376
DIAMONDS KING HEARTS QUEEN,0.2378,0.0258,0.7364
HEARTS THREE HEARTS QUEEN,0.38,0.3544,0.2656
SPADES KING CLUBS SIX,0.239,0.0444,0.7166
DIAMONDS KING HEARTS KING,0.1384,0.004,0.8576
HEARTS THREE HEARTS KING,0.383,0.0056,0.6114
SPADES QUEEN CLUBS SIX,0.0164,0.9728,0.0108
SPADES NINE HEARTS TEN,0.5456,0.0112,0.4432
SPADES NINE HEARTS JACK,0.562,0.0092,0.4288
SPADES QUEEN SPADES FIVE,0.3616,0.3688,0.2696
SPADES KING SPADES FIVE,0.3706,0.0076,0.6218
SPADES ACE SPADES FIVE,0.3558,0.0044,0.6398
SPADES NINE HEARTS QUEEN,0.2272,0.1664,0.6064
SPADES NINE HEARTS KING,0.3552,0.0056,0.6392
SPADES NINE HEARTS ACE,0.359,0.0046,0.6364
CLUBS TEN SPADES JACK,0.55,0.0102,0.4398
CLUBS TEN SPADES TEN,0.282,0.014,0.704
SPADES ACE CLUBS TEN,0.3524,0.0044,0.6432
SPADES KING CLUBS TEN,0.342,0.0054,0.6526
CLUBS TEN SPADES QUEEN,0.2308,0.1152,0.654
SPADES FIVE HEARTS QUEEN,0.4008,0.37,0.2292
SPADES FIVE HEARTS KING,0.3926,0.006,0.6014
HEARTS ACE SPADES FIVE,0.3786,0.004,0.6174
CLUBS EIGHT SPADES TEN,0.557,0.0096,0.4334
SPADES JACK HEARTS THREE,0.6212,0.011,0.3678
SPADES JACK DIAMONDS KING,0.3346,0.0066,0.6588
SPADES TEN DIAMONDS KING,0.336,0.006,0.658
SPADES TEN HEARTS THREE,0.6302,0.0104,0.3594
SPADES JACK CLUBS EIGHT,0.58,0.0114,0.4086
CLUBS SIX HEARTS ACE,0.2396,0.0336,0.7268
SPADES ACE CLUBS EIGHT,0.3474,0.0024,0.6502
HEARTS FIVE CLUBS JACK,0.628,0.0118,0.3602
HEARTS FIVE CLUBS TEN,0.631,0.0108,0.3582
CLUBS SIX HEARTS QUEEN,0.0162,0.9748,0.009
SPADES QUEEN CLUBS EIGHT,0.2272,0.229,0.5438
CLUBS TEN SPADES THREE,0.6394,0.012,0.3486
CLUBS SIX HEARTS KING,0.2304,0.0444,0.7252
SPADES KING CLUBS EIGHT,0.3554,0.0066,0.638
SPADES THREE CLUBS JACK,0.6324,0.0124,0.3552
DIAMONDS TWO HEARTS JACK,0.642,0.0126,0.3454
DIAMONDS TWO HEARTS TEN,0.633,0.0102,0.3568
SPADES THREE CLUBS KING,0.3892,0.008,0.6028
HEARTS FIVE CLUBS ACE,0.3742,0.0028,0.623
SPADES FIVE HEARTS TEN,0.6234,0.0132,0.3634
SPADES THREE CLUBS ACE,0.3956,0.0042,0.6002
HEARTS FIVE CLUBS KING,0.378,0.0084,0.6136
SPADES FIVE HEARTS JACK,0.6232,0.0092,0.3676
HEARTS THREE CLUBS KING,0.4032,0.0068,0.59
DIAMONDS KING CLUBS KING,0.1306,0.0046,0.8648
HEARTS FIVE HEARTS JACK,0.58,0.011,0.409
HEARTS FIVE HEARTS TEN,0.5986,0.011,0.3904
HEARTS THREE CLUBS ACE,0.3838,0.0062,0.61
DIAMONDS KING CLUBS ACE,0.307,0.005,0.688
HEARTS THREE CLUBS JACK,0.6376,0.0082,0.3542
DIAMONDS KING CLUBS JACK,0.3276,0.0084,0.664
CLUBS TEN HEARTS THREE,0.6394,0.0122,0.3484
CLUBS TEN DIAMONDS KING,0.3556,0.0078,0.6366
CLUBS SIX CLUBS KING,0.225,0.0448,0.7302
CLUBS SIX CLUBS ACE,0.225,0.0278,0.7472
HEARTS FIVE HEARTS KING,0.372,0.0054,0.6226
HEARTS FIVE HEARTS QUEEN,0.3596,0.3658,0.2746
CLUBS TEN CLUBS SIX,0.6722,0.0452,0.2826
HEARTS FIVE HEARTS ACE,0.3668,0.0042,0.629
CLUBS SIX CLUBS JACK,0.6844,0.0438,0.2718
SPADES SEVEN HEARTS JACK,0.5846,0.007,0.4084
SPADES SEVEN HEARTS TEN,0.5868,0.0096,0.4036
DIAMONDS TWO CLUBS TWO,0.4562,0.0292,0.5146
DIAMONDS TWO CLUBS THREE,0.6448,0.0142,0.341
DIAMONDS TWO HEARTS SIX,0.7144,0.0514,0.2342
DIAMONDS TWO HEARTS QUEEN,0.4052,0.379,0.2158
HEARTS SEVEN DIAMONDS TWO,0.6564,0.012,0.3316
DIAMONDS TWO HEARTS KING,0.4022,0.0068,0.591
DIAMONDS TWO HEARTS EIGHT,0.6382,0.0118,0.35
DIAMONDS TWO HEARTS ACE,0.3978,0.0044,0.5978
DIAMONDS TWO HEARTS NINE,0.6258,0.011,0.3632
DIAMONDS TWO DIAMONDS QUEEN,0.3718,0.3676,0.2606
DIAMONDS TWO HEARTS TWO,0.438,0.029,0.533
DIAMONDS TWO DIAMONDS KING,0.3814,0.0086,0.61
DIAMONDS TWO HEARTS THREE,0.639,0.014,0.347
DIAMONDS TWO DIAMONDS ACE,0.3674,0.0044,0.6282
HEARTS FOUR DIAMONDS TWO,0.6502,0.0148,0.335
HEARTS FIVE DIAMONDS TWO,0.648,0.0134,0.3386
SPADES SEVEN HEARTS ACE,0.3584,0.003,0.6386
DIAMONDS TWO DIAMONDS TEN,0.5914,0.0124,0.3962
SPADES SEVEN HEARTS KING,0.3668,0.0062,0.627
DIAMONDS TWO DIAMONDS JACK,0.5982,0.0108,0.391
SPADES SEVEN HEARTS QUEEN,0.2216,0.3074,0.471
DIAMONDS TWO SPADES NINE,0.6226,0.0128,0.3646
DIAMONDS TWO SPADES EIGHT,0.6414,0.0116,0.347
DIAMONDS TWO SPADES SEVEN,0.6544,0.0112,0.3344
DIAMONDS TWO SPADES SIX,0.718,0.0512,0.2308
DIAMONDS TWO SPADES FIVE,0.6518,0.0108,0.3374
DIAMONDS TWO SPADES FOUR,0.6406,0.0128,0.3466
DIAMONDS TWO SPADES THREE,0.6406,0.0154,0.344
DIAMONDS TWO SPADES TWO,0.4348,0.0312,0.534
CLUBS NINE DIAMONDS TWO,0.6442,0.0102,0.3456
DIAMONDS TWO CLUBS EIGHT,0.6446,0.0146,0.3408
CLUBS SEVEN DIAMONDS TWO,0.6592,0.0122,0.3286
DIAMONDS TWO CLUBS SIX,0.7282,0.054,0.2178
DIAMONDS TWO CLUBS FIVE,0.6422,0.0166,0.3412
DIAMONDS TWO CLUBS FOUR,0.6522,0.0138,0.334
CLUBS FOUR SPADES FIVE,0.613,0.0102,0.3768
CLUBS FOUR SPADES FOUR,0.4178,0.0298,0.5524
CLUBS FOUR SPADES THREE,0.6312,0.0122,0.3566
CLUBS FOUR SPADES TWO,0.6494,0.0152,0.3354
SPADES NINE CLUBS FOUR,0.6282,0.0124,0.3594
SPADES EIGHT CLUBS FOUR,0.6316,0.013,0.3554
SPADES SEVEN CLUBS FOUR,0.614,0.013,0.373
CLUBS FOUR SPADES SIX,0.6914,0.047,0.2616
SPADES QUEEN SPADES TWO,0.376,0.3562,0.2678
SPADES KING SPADES TWO,0.3828,0.0072,0.61
SPADES ACE SPADES TWO,0.3682,0.0034,0.6284
DIAMONDS JACK CLUBS JACK,0.2786,0.0126,0.7088
CLUBS TEN DIAMONDS JACK,0.536,0.0082,0.4558
DIAMONDS JACK CLUBS KING,0.3358,0.006,0.6582
DIAMONDS THREE DIAMONDS JACK,0.5914,0.011,0.3976
DIAMONDS THREE DIAMONDS TEN,0.6004,0.01,0.3896
DIAMONDS JACK CLUBS ACE,0.3268,0.005,0.6682
DIAMONDS THREE DIAMONDS KING,0.377,0.0078,0.6152
DIAMONDS THREE HEARTS THREE,0.4286,0.0274,0.544
DIAMONDS THREE DIAMONDS QUEEN,0.3808,0.3618,0.2574
DIAMONDS THREE HEARTS TWO,0.6354,0.0134,0.3512
HEARTS FIVE DIAMONDS THREE,0.6196,0.0112,0.3692
DIAMONDS THREE DIAMONDS ACE,0.368,0.0048,0.6272
HEARTS FOUR DIAMONDS THREE,0.6266,0.0134,0.36
HEARTS SEVEN DIAMONDS THREE,0.6116,0.0136,0.3748
SPADES TEN SPADES NINE,0.5044,0.01,0.4856
HEARTS SIX DIAMONDS THREE,0.6982,0.052,0.2498
SPADES JACK SPADES NINE,0.523,0.009,0.468
DIAMONDS THREE HEARTS NINE,0.6284,0.01,0.3616
HEARTS JACK DIAMONDS FOUR,0.6214,0.0104,0.3682
HEARTS ACE HEARTS KING,0.298,0.0038,0.6982
SPADES TEN SPADES TWO,0.588,0.0106,0.4014
DIAMONDS THREE HEARTS EIGHT,0.6324,0.014,0.3536
HEARTS TEN DIAMONDS FOUR,0.6296,0.0116,0.3588
SPADES JACK SPADES TWO,0.5866,0.007,0.4064
HEARTS QUEEN DIAMONDS FOUR,0.392,0.3736,0.2344
HEARTS KING DIAMONDS FOUR,0.3882,0.0062,0.6056
SPADES ACE SPADES NINE,0.3474,0.0034,0.6492
HEARTS ACE DIAMONDS FOUR,0.3926,0.0058,0.6016
SPADES KING SPADES NINE,0.3302,0.006,0.6638
SPADES QUEEN SPADES NINE,0.2242,0.153,0.6228
DIAMONDS THREE SPADES NINE,0.633,0.0108,0.3562
DIAMONDS THREE SPADES EIGHT,0.6442,0.0138,0.342
DIAMONDS THREE SPADES SEVEN,0.627,0.0124,0.3606
DIAMONDS THREE SPADES SIX,0.7072,0.0522,0.2406
DIAMONDS THREE CLUBS SIX,0.6952,0.0536,0.2512
CLUBS FIVE CLUBS SIX,0.6424,0.0492,0.3084
CLUBS ACE DIAMONDS FOUR,0.3836,0.004,0.6124
CLUBS SEVEN DIAMONDS THREE,0.6466,0.014,0.3394
CLUBS SEVEN CLUBS FIVE,0.5826,0.0108,0.4066
DIAMONDS THREE CLUBS FOUR,0.6424,0.013,0.3446
DIAMONDS THREE CLUBS FIVE,0.6342,0.015,0.3508
DIAMONDS FOUR CLUBS KING,0.3696,0.0074,0.623
DIAMONDS THREE CLUBS TWO,0.646,0.015,0.339
CLUBS TEN DIAMONDS FOUR,0.6262,0.01,0.3638
DIAMONDS THREE CLUBS THREE,0.444,0.0292,0.5268
DIAMONDS FOUR CLUBS JACK,0.6354,0.0104,0.3542
DIAMONDS THREE SPADES FOUR,0.6266,0.0108,0.3626
DIAMONDS THREE SPADES FIVE,0.6236,0.0152,0.3612
DIAMONDS THREE SPADES TWO,0.6448,0.0134,0.3418
DIAMONDS THREE SPADES THREE,0.4368,0.0294,0.5338
CLUBS EIGHT DIAMONDS THREE,0.644,0.0146,0.3414
CLUBS NINE DIAMONDS THREE,0.6458,0.0126,0.3416
SPADES SEVEN CLUBS ACE,0.357,0.0056,0.6374
SPADES SEVEN CLUBS KING,0.3594,0.0066,0.634
CLUBS FIVE SPADES SEVEN,0.6078,0.0136,0.3786
CLUBS TEN SPADES SEVEN,0.5822,0.0082,0.4096
CLUBS FIVE SPADES SIX,0.6656,0.0496,0.2848
SPADES SEVEN CLUBS JACK,0.5946,0.0112,0.3942
CLUBS FIVE SPADES NINE,0.6224,0.0116,0.366
CLUBS FIVE SPADES EIGHT,0.6138,0.0114,0.3748
CLUBS FIVE SPADES THREE,0.6258,0.0154,0.3588
CLUBS FIVE SPADES TWO,0.6306,0.0132,0.3562
CLUBS FIVE SPADES FIVE,0.4204,0.0248,0.5548
CLUBS FIVE SPADES FOUR,0.6156,0.0124,0.372
CLUBS NINE CLUBS FIVE,0.5806,0.01,0.4094
CLUBS EIGHT CLUBS FIVE,0.5824,0.0122,0.4054
DIAMONDS TEN DIAMONDS FOUR,0.609,0.014,0.377
CLUBS TEN DIAMONDS NINE,0.543,0.0122,0.4448
DIAMONDS JACK DIAMONDS FOUR,0.5788,0.0144,0.4068
DIAMONDS NINE CLUBS JACK,0.5668,0.0096,0.4236
SPADES NINE CLUBS JACK,0.5482,0.011,0.4408
CLUBS TEN SPADES NINE,0.5588,0.0112,0.43
DIAMONDS ACE DIAMONDS FOUR,0.3722,0.0036,0.6242
HEARTS FOUR DIAMONDS FOUR,0.4434,0.0264,0.5302
DIAMONDS JACK HEARTS TEN,0.5286,0.0104,0.461
SPADES NINE CLUBS KING,0.3614,0.0062,0.6324
DIAMONDS TWO SPADES TEN,0.6284,0.0136,0.358
DIAMONDS NINE CLUBS ACE,0.3506,0.0048,0.6446
HEARTS FIVE DIAMONDS FOUR,0.617,0.0142,0.3688
DIAMONDS JACK HEARTS JACK,0.2698,0.011,0.7192
DIAMONDS TWO SPADES JACK,0.6252,0.012,0.3628
DIAMONDS QUEEN DIAMONDS FOUR,0.3792,0.3656,0.2552
HEARTS TWO DIAMONDS FOUR,0.6416,0.0134,0.345
DIAMONDS KING DIAMONDS FOUR,0.3812,0.0076,0.6112
HEARTS THREE DIAMONDS FOUR,0.6336,0.0146,0.3518
SPADES NINE CLUBS ACE,0.3614,0.0038,0.6348
DIAMONDS NINE CLUBS KING,0.3396,0.0072,0.6532
HEARTS ACE DIAMONDS JACK,0.3496,0.0034,0.647
SPADES ACE DIAMONDS TWO,0.395,0.0046,0.6004
HEARTS QUEEN DIAMONDS JACK,0.226,0.0888,0.6852
SPADES QUEEN DIAMONDS TWO,0.396,0.3894,0.2146
HEARTS KING DIAMONDS JACK,0.3308,0.0092,0.66
SPADES KING DIAMONDS TWO,0.404,0.0086,0.5874
SPADES JACK SPADES SEVEN,0.5546,0.011,0.4344
SPADES TEN SPADES SEVEN,0.5324,0.01,0.4576
CLUBS SEVEN CLUBS THREE,0.6144,0.012,0.3736
CLUBS SIX CLUBS THREE,0.6678,0.051,0.2812
CLUBS FIVE CLUBS THREE,0.5862,0.0108,0.403
CLUBS THREE CLUBS FOUR,0.5884,0.0126,0.399
CLUBS NINE CLUBS THREE,0.612,0.011,0.377
CLUBS EIGHT CLUBS THREE,0.5988,0.0108,0.3904
CLUBS THREE SPADES FIVE,0.6272,0.0096,0.3632
CLUBS THREE SPADES FOUR,0.6372,0.012,0.3508
CLUBS THREE SPADES THREE,0.442,0.0322,0.5258
CLUBS THREE SPADES TWO,0.6594,0.0126,0.328
CLUBS THREE SPADES SIX,0.6954,0.0492,0.2554
CLUBS THREE SPADES SEVEN,0.6426,0.0116,0.3458
SPADES EIGHT CLUBS THREE,0.6324,0.0114,0.3562
SPADES NINE CLUBS THREE,0.6176,0.011,0.3714
SPADES TWO DIAMONDS FOUR,0.6532,0.0134,0.3334
SPADES THREE DIAMONDS FOUR,0.6106,0.0142,0.3752
SPADES FOUR DIAMONDS FOUR,0.4422,0.0248,0.533
SPADES FIVE DIAMONDS FOUR,0.6214,0.0132,0.3654
SPADES SIX DIAMONDS FOUR,0.686,0.0516,0.2624
SPADES SEVEN DIAMONDS FOUR,0.621,0.0106,0.3684
SPADES EIGHT DIAMONDS FOUR,0.6202,0.0112,0.3686
SPADES NINE DIAMONDS FOUR,0.6252,0.0136,0.3612
CLUBS FIVE DIAMONDS FOUR,0.6174,0.014,0.3686
CLUBS FOUR DIAMONDS FOUR,0.4296,0.027,0.5434
CLUBS SEVEN DIAMONDS FOUR,0.6128,0.0138,0.3734
CLUBS SIX DIAMONDS FOUR,0.6962,0.055,0.2488
CLUBS NINE DIAMONDS FOUR,0.6524,0.0138,0.3338
CLUBS EIGHT DIAMONDS FOUR,0.6324,0.0136,0.354
HEARTS SEVEN DIAMONDS FOUR,0.6122,0.012,0.3758
HEARTS SIX DIAMONDS FOUR,0.6882,0.0498,0.262
DIAMONDS FOUR HEARTS NINE,0.6326,0.0118,0.3556
DIAMONDS FOUR HEARTS EIGHT,0.632,0.0112,0.3568
CLUBS THREE DIAMONDS FOUR,0.6332,0.0124,0.3544
CLUBS TWO DIAMONDS FOUR,0.651,0.0134,0.3356
DIAMONDS TEN DIAMONDS FIVE,0.595,0.0114,0.3936
DIAMONDS JACK DIAMONDS FIVE,0.601,0.01,0.389
DIAMONDS NINE HEARTS QUEEN,0.2252,0.1754,0.5994
DIAMONDS NINE HEARTS KING,0.3486,0.0074,0.644
HEARTS ACE DIAMONDS NINE,0.3662,0.0046,0.6292
DIAMONDS NINE HEARTS TEN,0.544,0.0118,0.4442
DIAMONDS NINE HEARTS JACK,0.5632,0.0104,0.4264
SPADES KING DIAMONDS FOUR,0.405,0.0062,0.5888
SPADES ACE SPADES SEVEN,0.3284,0.0034,0.6682
SPADES QUEEN DIAMONDS FOUR,0.4052,0.3792,0.2156
SPADES QUEEN SPADES SEVEN,0.2144,0.2878,0.4978
SPADES KING SPADES SEVEN,0.3442,0.005,0.6508
SPADES ACE DIAMONDS FOUR,0.3978,0.0028,0.5994
CLUBS NINE CLUBS FOUR,0.59,0.0124,0.3976
CLUBS EIGHT CLUBS FOUR,0.59,0.012,0.398
SPADES JACK DIAMONDS FOUR,0.6208,0.0118,0.3674
SPADES TEN DIAMONDS FOUR,0.6282,0.0094,0.3624
CLUBS FIVE CLUBS FOUR,0.586,0.0166,0.3974
CLUBS SEVEN CLUBS FOUR,0.587,0.0128,0.4002
CLUBS SIX CLUBS FOUR,0.6422,0.0472,0.3106
CLUBS SEVEN SPADES EIGHT,0.578,0.0118,0.4102
CLUBS SEVEN SPADES NINE,0.5708,0.0122,0.417
CLUBS SEVEN SPADES SIX,0.6758,0.0456,0.2786
CLUBS SEVEN SPADES SEVEN,0.3202,0.0234,0.6564
CLUBS SEVEN SPADES FIVE,0.595,0.0106,0.3944
CLUBS SEVEN SPADES FOUR,0.623,0.0116,0.3654
CLUBS SEVEN SPADES THREE,0.6332,0.0138,0.353
CLUBS SEVEN SPADES TWO,0.6384,0.0146,0.347
CLUBS NINE CLUBS SEVEN,0.5464,0.0104,0.4432
CLUBS SEVEN CLUBS EIGHT,0.5512,0.0144,0.4344
HEARTS SIX DIAMONDS FIVE,0.6684,0.0502,0.2814
HEARTS SEVEN DIAMONDS FIVE,0.6106,0.0112,0.3782
DIAMONDS FIVE HEARTS EIGHT,0.6098,0.0128,0.3774
DIAMONDS FIVE HEARTS NINE,0.6076,0.0116,0.3808
DIAMONDS QUEEN DIAMONDS FIVE,0.3786,0.3676,0.2538
HEARTS TWO DIAMONDS FIVE,0.6482,0.0116,0.3402
HEARTS KING HEARTS EIGHT,0.327,0.0066,0.6664
DIAMONDS KING DIAMONDS FIVE,0.3616,0.0066,0.6318
HEARTS THREE DIAMONDS FIVE,0.6258,0.015,0.3592
HEARTS QUEEN HEARTS EIGHT,0.2134,0.229,0.5576
DIAMONDS ACE DIAMONDS FIVE,0.364,0.0068,0.6292
HEARTS FOUR DIAMONDS FIVE,0.6186,0.012,0.3694
HEARTS FIVE DIAMONDS FIVE,0.425,0.0268,0.5482
HEARTS ACE HEARTS EIGHT,0.339,0.0044,0.6566
CLUBS FOUR DIAMONDS FIVE,0.6114,0.0142,0.3744
CLUBS FIVE DIAMONDS FIVE,0.42,0.0276,0.5524
CLUBS SIX DIAMONDS FIVE,0.677,0.0526,0.2704
CLUBS SEVEN DIAMONDS FIVE,0.6148,0.0158,0.3694
CLUBS TWO DIAMONDS FIVE,0.6484,0.0142,0.3374
CLUBS THREE DIAMONDS FIVE,0.6292,0.0178,0.353
SPADES THREE DIAMONDS FIVE,0.6224,0.0148,0.3628
SPADES TWO DIAMONDS FIVE,0.6468,0.0124,0.3408
SPADES JACK DIAMONDS EIGHT,0.5686,0.0084,0.423
SPADES FIVE DIAMONDS FIVE,0.4262,0.026,0.5478
CLUBS TEN HEARTS JACK,0.5466,0.0086,0.4448
SPADES TEN DIAMONDS EIGHT,0.562,0.0086,0.4294
SPADES FOUR DIAMONDS FIVE,0.5982,0.016,0.3858
HEARTS JACK CLUBS JACK,0.2878,0.0104,0.7018
CLUBS NINE DIAMONDS FIVE,0.6208,0.0148,0.3644
HEARTS JACK CLUBS KING,0.3424,0.0058,0.6518
CLUBS EIGHT DIAMONDS FIVE,0.61,0.0146,0.3754
CLUBS ACE HEARTS JACK,0.3402,0.0046,0.6552
SPADES SEVEN DIAMONDS FIVE,0.607,0.0124,0.3806
SPADES KING DIAMONDS EIGHT,0.3704,0.0056,0.624
SPADES QUEEN DIAMONDS EIGHT,0.2224,0.2288,0.5488
SPADES SIX DIAMONDS FIVE,0.6654,0.0538,0.2808
SPADES NINE DIAMONDS FIVE,0.6232,0.0132,0.3636
SPADES EIGHT DIAMONDS FIVE,0.6258,0.0112,0.363
SPADES ACE DIAMONDS EIGHT,0.3504,0.0032,0.6464
HEARTS ACE DIAMONDS SEVEN,0.3484,0.003,0.6486
HEARTS QUEEN DIAMONDS SEVEN,0.2172,0.303,0.4798
HEARTS KING DIAMONDS SEVEN,0.3618,0.0068,0.6314
SPADES TWO HEARTS JACK,0.6226,0.0126,0.3648
SPADES TWO HEARTS TEN,0.6338,0.0108,0.3554
HEARTS TEN DIAMONDS SEVEN,0.5904,0.0114,0.3982
HEARTS JACK DIAMONDS SEVEN,0.585,0.0118,0.4032
DIAMONDS EIGHT CLUBS JACK,0.5744,0.0124,0.4132
CLUBS TEN DIAMONDS EIGHT,0.5638,0.0114,0.4248
HEARTS ACE HEARTS JACK,0.3264,0.0042,0.6694
CLUBS ACE DIAMONDS EIGHT,0.3354,0.0056,0.659
HEARTS QUEEN HEARTS JACK,0.2254,0.0766,0.698
CLUBS KING DIAMONDS EIGHT,0.3502,0.0062,0.6436
HEARTS KING HEARTS JACK,0.3214,0.0064,0.6722
SPADES TEN HEARTS KING,0.3498,0.0064,0.6438
HEARTS ACE SPADES TWO,0.3894,0.0042,0.6064
SPADES JACK HEARTS KING,0.3436,0.0046,0.6518
HEARTS QUEEN SPADES TWO,0.3906,0.3732,0.2362
SPADES ACE SPADES KING,0.286,0.0038,0.7102
HEARTS KING SPADES TWO,0.3898,0.007,0.6032
HEARTS TEN HEARTS EIGHT,0.5378,0.0106,0.4516
HEARTS JACK HEARTS EIGHT,0.5236,0.009,0.4674
SPADES KING HEARTS KING,0.1448,0.0034,0.8518
SPADES QUEEN HEARTS KING,0.2366,0.026,0.7374
CLUBS ACE CLUBS KING,0.3086,0.0036,0.6878
SPADES ACE HEARTS KING,0.3292,0.0034,0.6674
SPADES ACE HEARTS JACK,0.3494,0.0036,0.647
SPADES QUEEN HEARTS JACK,0.2352,0.0918,0.673
SPADES KING HEARTS JACK,0.3454,0.0064,0.6482
SPADES TEN DIAMONDS TEN,0.2966,0.0168,0.6866
SPADES JACK DIAMONDS TEN,0.534,0.0096,0.4564
SPADES ACE DIAMONDS TEN,0.339,0.0044,0.6566
SPADES JACK HEARTS JACK,0.2756,0.0094,0.715
SPADES TEN HEARTS JACK,0.5304,0.0066,0.463
SPADES QUEEN DIAMONDS TEN,0.228,0.118,0.654
SPADES KING DIAMONDS TEN,0.3368,0.0044,0.6588
SPADES NINE DIAMONDS SEVEN,0.5622,0.0104,0.4274
SPADES EIGHT DIAMONDS SEVEN,0.575,0.0092,0.4158
SPADES SEVEN DIAMONDS SEVEN,0.303,0.0282,0.6688
SPADES SIX DIAMONDS SEVEN,0.6674,0.0414,0.2912
DIAMONDS KING DIAMONDS SEVEN,0.36,0.007,0.633
HEARTS THREE DIAMONDS SEVEN,0.6166,0.0132,0.3702
HEARTS KING DIAMONDS FIVE,0.3828,0.0072,0.61
DIAMONDS QUEEN DIAMONDS SEVEN,0.2172,0.281,0.5018
HEARTS TWO DIAMONDS SEVEN,0.6324,0.0148,0.3528
HEARTS QUEEN DIAMONDS FIVE,0.3876,0.388,0.2244
HEARTS FIVE DIAMONDS SEVEN,0.6004,0.0136,0.386
DIAMONDS ACE DIAMONDS SEVEN,0.3594,0.004,0.6366
HEARTS FOUR DIAMONDS SEVEN,0.6092,0.012,0.3788
HEARTS ACE DIAMONDS FIVE,0.3882,0.004,0.6078
HEARTS SEVEN DIAMONDS SEVEN,0.3044,0.0248,0.6708
HEARTS SIX DIAMONDS SEVEN,0.6568,0.0446,0.2986
HEARTS NINE DIAMONDS SEVEN,0.569,0.0114,0.4196
HEARTS EIGHT DIAMONDS SEVEN,0.5788,0.0136,0.4076
DIAMONDS JACK DIAMONDS SEVEN,0.5528,0.0112,0.436
DIAMONDS FIVE HEARTS JACK,0.634,0.0082,0.3578
DIAMONDS TEN DIAMONDS SEVEN,0.56,0.0102,0.4298
HEARTS TEN DIAMONDS FIVE,0.6284,0.0106,0.361
SPADES KING CLUBS TWO,0.4036,0.0076,0.5888
HEARTS KING CLUBS KING,0.1346,0.004,0.8614
CLUBS EIGHT DIAMONDS SEVEN,0.5712,0.0132,0.4156
SPADES QUEEN CLUBS TWO,0.4022,0.3864,0.2114
CLUBS NINE DIAMONDS SEVEN,0.5762,0.0106,0.4132
SPADES TWO CLUBS JACK,0.6284,0.0126,0.359
SPADES ACE CLUBS TWO,0.3948,0.0048,0.6004
CLUBS TEN SPADES TWO,0.6384,0.0138,0.3478
HEARTS KING CLUBS ACE,0.321,0.0034,0.6756
CLUBS SEVEN CLUBS SIX,0.631,0.0498,0.3192
SPADES TWO CLUBS KING,0.3992,0.0086,0.5922
SPADES TWO DIAMONDS SEVEN,0.6402,0.0136,0.3462
CLUBS EIGHT CLUBS SIX,0.6514,0.0426,0.306
SPADES THREE DIAMONDS SEVEN,0.6316,0.0132,0.3552
CLUBS NINE CLUBS SIX,0.6678,0.0462,0.286
SPADES FOUR DIAMONDS SEVEN,0.6012,0.0142,0.3846
HEARTS KING CLUBS JACK,0.3442,0.0096,0.6462
SPADES FIVE DIAMONDS SEVEN,0.6056,0.0114,0.383
SPADES TWO CLUBS ACE,0.3858,0.0042,0.61
CLUBS TEN HEARTS KING,0.3568,0.0066,0.6366
CLUBS SIX SPADES TWO,0.716,0.0518,0.2322
CLUBS SIX SPADES THREE,0.6874,0.053,0.2596
CLUBS TWO DIAMONDS SEVEN,0.6458,0.0154,0.3388
CLUBS SIX SPADES FOUR,0.6878,0.0502,0.262
CLUBS THREE DIAMONDS SEVEN,0.627,0.0136,0.3594
CLUBS SIX SPADES FIVE,0.6756,0.0438,0.2806
CLUBS FOUR DIAMONDS SEVEN,0.617,0.0168,0.3662
CLUBS SIX SPADES SIX,0.3,0.0352,0.6648
CLUBS FIVE DIAMONDS SEVEN,0.6014,0.0134,0.3852
CLUBS SIX SPADES SEVEN,0.665,0.0444,0.2906
CLUBS SIX DIAMONDS SEVEN,0.677,0.0452,0.2778
CLUBS SIX SPADES EIGHT,0.681,0.0442,0.2748
SPADES JACK CLUBS TWO,0.6276,0.0112,0.3612
CLUBS SEVEN DIAMONDS SEVEN,0.316,0.0246,0.6594
SPADES NINE CLUBS SIX,0.6958,0.0424,0.2618
SPADES TEN CLUBS TWO,0.6348,0.0122,0.353
CLUBS TWO CLUBS KING,0.3712,0.0074,0.6214
CLUBS THREE DIAMONDS EIGHT,0.6292,0.0156,0.3552
CLUBS TWO CLUBS ACE,0.3858,0.0066,0.6076
CLUBS TWO DIAMONDS EIGHT,0.6406,0.012,0.3474
HEARTS SEVEN DIAMONDS EIGHT,0.558,0.0118,0.4302
HEARTS SIX DIAMONDS EIGHT,0.6712,0.0458,0.283
DIAMONDS EIGHT HEARTS NINE,0.5532,0.009,0.4378
CLUBS TEN CLUBS TWO,0.6098,0.0118,0.3784
HEARTS EIGHT DIAMONDS EIGHT,0.3072,0.021,0.6718
CLUBS TWO CLUBS JACK,0.601,0.014,0.385
CLUBS NINE DIAMONDS EIGHT,0.5532,0.0124,0.4344
CLUBS EIGHT DIAMONDS EIGHT,0.3098,0.0202,0.67
CLUBS FIVE DIAMONDS EIGHT,0.6122,0.0144,0.3734
SPADES ACE SPADES THREE,0.3684,0.005,0.6266
CLUBS FOUR DIAMONDS EIGHT,0.6262,0.011,0.3628
CLUBS SEVEN DIAMONDS EIGHT,0.5806,0.012,0.4074
SPADES QUEEN SPADES THREE,0.3778,0.3582,0.264
CLUBS SIX DIAMONDS EIGHT,0.6708,0.049,0.2802
SPADES KING SPADES THREE,0.3636,0.007,0.6294
DIAMONDS QUEEN DIAMONDS EIGHT,0.2276,0.2176,0.5548
HEARTS TWO DIAMONDS EIGHT,0.6326,0.0124,0.355
DIAMONDS KING DIAMONDS EIGHT,0.3404,0.0076,0.652
HEARTS THREE DIAMONDS EIGHT,0.6448,0.0128,0.3424
DIAMONDS ACE DIAMONDS EIGHT,0.345,0.006,0.649
HEARTS FOUR DIAMONDS EIGHT,0.6212,0.0124,0.3664
HEARTS FIVE DIAMONDS EIGHT,0.6196,0.0104,0.37
DIAMONDS TEN DIAMONDS EIGHT,0.5604,0.0096,0.43
DIAMONDS JACK DIAMONDS EIGHT,0.5478,0.0104,0.4418
SPADES JACK SPADES THREE,0.5826,0.0118,0.4056
SPADES TEN SPADES THREE,0.5956,0.0138,0.3906
CLUBS FOUR HEARTS ACE,0.3888,0.003,0.6082
CLUBS FOUR HEARTS QUEEN,0.3948,0.39,0.2152
CLUBS FOUR HEARTS KING,0.39,0.0072,0.6028
CLUBS SIX HEARTS TEN,0.7046,0.0474,0.248
CLUBS SIX HEARTS JACK,0.726,0.049,0.225
SPADES FOUR DIAMONDS EIGHT,0.6222,0.0136,0.3642
SPADES FIVE DIAMONDS EIGHT,0.6084,0.0118,0.3798
SPADES TWO DIAMONDS EIGHT,0.6246,0.0128,0.3626
SPADES THREE DIAMONDS EIGHT,0.627,0.0124,0.3606
CLUBS FOUR HEARTS JACK,0.632,0.0124,0.3556
SPADES EIGHT DIAMONDS EIGHT,0.306,0.0214,0.6726
SPADES TEN DIAMONDS QUEEN,0.2302,0.1174,0.6524
SPADES TEN HEARTS TWO,0.6318,0.0106,0.3576
SPADES JACK HEARTS EIGHT,0.5852,0.0084,0.4064
CLUBS FOUR HEARTS TEN,0.6252,0.0128,0.362
SPADES NINE DIAMONDS EIGHT,0.5626,0.0106,0.4268
SPADES TEN HEARTS EIGHT,0.5646,0.0076,0.4278
SPADES JACK HEARTS TWO,0.6258,0.012,0.3622
SPADES JACK DIAMONDS QUEEN,0.231,0.0936,0.6754
SPADES SIX DIAMONDS EIGHT,0.6734,0.0456,0.281
SPADES SEVEN DIAMONDS EIGHT,0.5716,0.0094,0.419
SPADES ACE HEARTS TWO,0.3974,0.0052,0.5974
SPADES ACE DIAMONDS QUEEN,0.2272,0.0178,0.755
SPADES ACE HEARTS EIGHT,0.3552,0.004,0.6408
SPADES KING HEARTS EIGHT,0.364,0.005,0.631
SPADES QUEEN HEARTS TWO,0.3906,0.386,0.2234
SPADES QUEEN DIAMONDS QUEEN,0.0834,0.023,0.8936
SPADES KING DIAMONDS QUEEN,0.2336,0.025,0.7414
SPADES KING HEARTS TWO,0.4042,0.0054,0.5904
SPADES QUEEN HEARTS EIGHT,0.2298,0.206,0.5642
CLUBS TWO HEARTS TEN,0.6358,0.0142,0.35
CLUBS TWO HEARTS JACK,0.6254,0.011,0.3636
SPADES SEVEN DIAMONDS NINE,0.5662,0.0128,0.421
SPADES SIX DIAMONDS NINE,0.6972,0.0402,0.2626
SPADES NINE DIAMONDS NINE,0.3012,0.015,0.6838
SPADES EIGHT DIAMONDS NINE,0.5574,0.0074,0.4352
SPADES TEN CLUBS KING,0.33,0.0072,0.6628
DIAMONDS NINE SPADES THREE,0.6184,0.0112,0.3704
SPADES JACK CLUBS KING,0.3252,0.0082,0.6666
DIAMONDS NINE SPADES TWO,0.6282,0.0122,0.3596
SPADES FIVE DIAMONDS NINE,0.6182,0.0126,0.3692
DIAMONDS NINE SPADES FOUR,0.6244,0.0124,0.3632
CLUBS NINE DIAMONDS NINE,0.3074,0.0182,0.6744
CLUBS EIGHT DIAMONDS NINE,0.5624,0.01,0.4276
CLUBS SIX DIAMONDS NINE,0.6886,0.0464,0.265
SPADES JACK CLUBS FOUR,0.6274,0.0104,0.3622
CLUBS SEVEN DIAMONDS NINE,0.5704,0.0118,0.4178
SPADES TEN CLUBS FOUR,0.6402,0.0122,0.3476
CLUBS FOUR DIAMONDS NINE,0.6374,0.0092,0.3534
CLUBS FIVE DIAMONDS NINE,0.6282,0.0088,0.363
CLUBS TWO DIAMONDS NINE,0.615,0.0112,0.3738
CLUBS THREE DIAMONDS NINE,0.6352,0.0156,0.3492
DIAMONDS NINE HEARTS EIGHT,0.5472,0.0118,0.441
DIAMONDS NINE HEARTS NINE,0.31,0.0174,0.6726
HEARTS SIX DIAMONDS NINE,0.6856,0.047,0.2674
HEARTS SEVEN DIAMONDS NINE,0.5662,0.0106,0.4232
CLUBS NINE CLUBS EIGHT,0.5222,0.0086,0.4692
DIAMONDS ACE DIAMONDS NINE,0.334,0.0048,0.6612
HEARTS FOUR DIAMONDS NINE,0.6384,0.0114,0.3502
HEARTS FIVE DIAMONDS NINE,0.6202,0.0128,0.367
HEARTS ACE CLUBS TWO,0.3928,0.004,0.6032
SPADES ACE CLUBS FOUR,0.386,0.005,0.609
DIAMONDS NINE DIAMONDS QUEEN,0.2196,0.1634,0.617
HEARTS TWO DIAMONDS NINE,0.6258,0.0104,0.3638
CLUBS TWO HEARTS KING,0.4204,0.0066,0.573
SPADES KING CLUBS FOUR,0.3828,0.0048,0.6124
DIAMONDS KING DIAMONDS NINE,0.3266,0.0074,0.666
HEARTS THREE DIAMONDS NINE,0.6234,0.012,0.3646
CLUBS TWO HEARTS QUEEN,0.3956,0.3752,0.2292
SPADES QUEEN CLUBS FOUR,0.3946,0.3798,0.2256
DIAMONDS NINE DIAMONDS JACK,0.5372,0.0106,0.4522
CLUBS EIGHT SPADES NINE,0.5628,0.009,0.4282
DIAMONDS TEN DIAMONDS NINE,0.527,0.0116,0.4614
CLUBS EIGHT SPADES EIGHT,0.3152,0.0248,0.66
CLUBS EIGHT SPADES SEVEN,0.5802,0.0132,0.4066
CLUBS EIGHT SPADES SIX,0.6802,0.0456,0.2742
CLUBS EIGHT SPADES FIVE,0.6144,0.0122,0.3734
CLUBS EIGHT SPADES FOUR,0.6254,0.0142,0.3604
CLUBS EIGHT SPADES THREE,0.6418,0.011,0.3472
CLUBS EIGHT SPADES TWO,0.6354,0.0134,0.3512
HEARTS SIX DIAMONDS TEN,0.6978,0.047,0.2552
HEARTS SEVEN DIAMONDS TEN,0.5776,0.0098,0.4126
DIAMONDS TEN HEARTS EIGHT,0.5626,0.0134,0.424
CLUBS FOUR CLUBS JACK,0.6038,0.0102,0.386
DIAMONDS TEN HEARTS NINE,0.5468,0.0108,0.4424
CLUBS TEN CLUBS FOUR,0.5946,0.011,0.3944
CLUBS FOUR CLUBS KING,0.3778,0.0076,0.6146
DIAMONDS TEN CLUBS TWO,0.6302,0.0108,0.359
CLUBS THREE DIAMONDS TEN,0.6352,0.0102,0.3546
CLUBS FOUR CLUBS ACE,0.3644,0.0066,0.629
DIAMONDS TEN DIAMONDS JACK,0.492,0.0078,0.5002
DIAMONDS TEN DIAMONDS QUEEN,0.2156,0.1074,0.677
HEARTS TWO DIAMONDS TEN,0.6194,0.0108,0.3698
DIAMONDS KING DIAMONDS TEN,0.3216,0.008,0.6704
HEARTS THREE DIAMONDS TEN,0.6354,0.0114,0.3532
DIAMONDS ACE DIAMONDS TEN,0.319,0.0034,0.6776
HEARTS FOUR DIAMONDS TEN,0.6212,0.0112,0.3676
CLUBS EIGHT HEARTS JACK,0.5792,0.009,0.4118
HEARTS FIVE DIAMONDS TEN,0.6322,0.0104,0.3574
CLUBS EIGHT HEARTS TEN,0.5678,0.011,0.4212
CLUBS EIGHT HEARTS QUEEN,0.2224,0.2234,0.5542
CLUBS EIGHT HEARTS KING,0.3718,0.0058,0.6224
CLUBS EIGHT HEARTS ACE,0.3698,0.0042,0.626
CLUBS NINE SPADES THREE,0.6264,0.0122,0.3614
CLUBS NINE SPADES TWO,0.6308,0.0118,0.3574
CLUBS NINE SPADES FIVE,0.623,0.0116,0.3654
CLUBS NINE SPADES FOUR,0.6334,0.0126,0.354
CLUBS NINE SPADES SEVEN,0.5832,0.0152,0.4016
CLUBS NINE SPADES SIX,0.6992,0.0462,0.2546
CLUBS NINE SPADES NINE,0.2988,0.0178,0.6834
CLUBS TEN HEARTS EIGHT,0.5728,0.0102,0.417
CLUBS NINE SPADES EIGHT,0.5522,0.012,0.4358
HEARTS EIGHT CLUBS JACK,0.5728,0.008,0.4192
CLUBS KING HEARTS EIGHT,0.3616,0.007,0.6314
CLUBS ACE HEARTS EIGHT,0.3546,0.0028,0.6426
SPADES KING CLUBS KING,0.1298,0.0034,0.8668
SPADES QUEEN CLUBS KING,0.2278,0.028,0.7442
SPADES ACE CLUBS KING,0.3096,0.0038,0.6866
DIAMONDS ACE HEARTS TEN,0.3418,0.0044,0.6538
HEARTS FOUR HEARTS TEN,0.592,0.0094,0.3986
DIAMONDS ACE HEARTS JACK,0.3386,0.003,0.6584
HEARTS FOUR HEARTS JACK,0.5858,0.0104,0.4038
SPADES KING CLUBS FIVE,0.3888,0.0056,0.6056
SPADES QUEEN CLUBS FIVE,0.398,0.3786,0.2234
SPADES ACE CLUBS FIVE,0.3878,0.004,0.6082
HEARTS SEVEN DIAMONDS JACK,0.5838,0.0112,0.405
HEARTS SIX DIAMONDS JACK,0.7186,0.0472,0.2342
DIAMONDS JACK HEARTS NINE,0.5556,0.0114,0.433
DIAMONDS JACK HEARTS EIGHT,0.5684,0.008,0.4236
DIAMONDS KING DIAMONDS JACK,0.3262,0.0086,0.6652
HEARTS THREE DIAMONDS JACK,0.6236,0.013,0.3634
SPADES ACE SPADES SIX,0.2262,0.0272,0.7466
HEARTS ACE SPADES FOUR,0.3888,0.0036,0.6076
DIAMONDS QUEEN DIAMONDS JACK,0.2202,0.0848,0.695
HEARTS TWO DIAMONDS JACK,0.6306,0.0138,0.3556
HEARTS FIVE DIAMONDS JACK,0.612,0.0104,0.3776
SPADES QUEEN SPADES SIX,0.02,0.9082,0.0718
SPADES FOUR HEARTS QUEEN,0.3978,0.3772,0.225
DIAMONDS ACE DIAMONDS JACK,0.3298,0.004,0.6662
HEARTS FOUR DIAMONDS JACK,0.618,0.0126,0.3694
SPADES KING SPADES SIX,0.2242,0.0386,0.7372
SPADES FOUR HEARTS KING,0.3986,0.0082,0.5932
SPADES TEN SPADES SIX,0.6554,0.04,0.3046
SPADES JACK SPADES SIX,0.6726,0.045,0.2824
SPADES FOUR DIAMONDS JACK,0.6288,0.0122,0.359
SPADES FIVE DIAMONDS JACK,0.6414,0.0096,0.349
DIAMONDS JACK SPADES TWO,0.6234,0.0134,0.3632
SPADES THREE DIAMONDS JACK,0.622,0.0102,0.3678
SPADES ACE DIAMONDS THREE,0.4006,0.0046,0.5948
SPADES QUEEN DIAMONDS THREE,0.3996,0.3802,0.2202
CLUBS EIGHT DIAMONDS JACK,0.5812,0.0128,0.406
SPADES KING DIAMONDS THREE,0.4038,0.0074,0.5888
CLUBS NINE DIAMONDS JACK,0.5476,0.0114,0.441
CLUBS SIX DIAMONDS JACK,0.7222,0.0504,0.2274
CLUBS SEVEN DIAMONDS JACK,0.584,0.0158,0.4002
CLUBS FOUR DIAMONDS JACK,0.633,0.0116,0.3554
CLUBS FIVE DIAMONDS JACK,0.6302,0.0118,0.358
CLUBS TWO DIAMONDS JACK,0.6314,0.0124,0.3562
CLUBS THREE DIAMONDS JACK,0.6316,0.0128,0.3556
SPADES TEN CLUBS FIVE,0.6398,0.0128,0.3474
SPADES JACK HEARTS SIX,0.725,0.0444,0.2306
HEARTS SIX SPADES TEN,0.704,0.0466,0.2494
SPADES JACK CLUBS FIVE,0.6452,0.0122,0.3426
SPADES JACK DIAMONDS THREE,0.6338,0.0108,0.3554
CLUBS SEVEN CLUBS ACE,0.3422,0.0066,0.6512
DIAMONDS THREE SPADES TEN,0.641,0.0102,0.3488
CLUBS SEVEN CLUBS KING,0.3444,0.009,0.6466
SPADES NINE DIAMONDS JACK,0.5492,0.0134,0.4374
CLUBS TEN CLUBS SEVEN,0.5522,0.0094,0.4384
DIAMONDS ACE HEARTS ACE,0.1166,0.0034,0.88
HEARTS FOUR HEARTS ACE,0.371,0.0032,0.6258
SPADES EIGHT DIAMONDS JACK,0.5718,0.0078,0.4204
SPADES ACE HEARTS SIX,0.237,0.0296,0.7334
CLUBS SEVEN CLUBS JACK,0.561,0.0106,0.4284
DIAMONDS ACE HEARTS KING,0.3176,0.0044,0.678
HEARTS FOUR HEARTS KING,0.376,0.0076,0.6164
SPADES SEVEN DIAMONDS JACK,0.5748,0.0106,0.4146
SPADES KING HEARTS SIX,0.2308,0.0408,0.7284
DIAMONDS ACE HEARTS QUEEN,0.2278,0.0176,0.7546
HEARTS FOUR HEARTS QUEEN,0.3744,0.3478,0.2778
SPADES QUEEN HEARTS SIX,0.0224,0.9536,0.024
SPADES SIX DIAMONDS JACK,0.7064,0.0516,0.242
DIAMONDS TEN SPADES TWO,0.615,0.0114,0.3736
DIAMONDS TEN SPADES THREE,0.6254,0.0098,0.3648
DIAMONDS TEN SPADES FOUR,0.619,0.0134,0.3676
DIAMONDS TEN SPADES FIVE,0.6356,0.01,0.3544
SPADES SIX DIAMONDS TEN,0.6992,0.0484,0.2524
SPADES SEVEN DIAMONDS TEN,0.5798,0.0094,0.4108
SPADES EIGHT DIAMONDS TEN,0.5588,0.0092,0.432
SPADES NINE DIAMONDS TEN,0.5468,0.0098,0.4434
CLUBS FOUR DIAMONDS TEN,0.625,0.0114,0.3636
CLUBS FIVE DIAMONDS TEN,0.6286,0.012,0.3594
CLUBS SIX DIAMONDS TEN,0.7054,0.0458,0.2488
CLUBS SEVEN DIAMONDS TEN,0.5772,0.0114,0.4114
CLUBS EIGHT DIAMONDS TEN,0.5686,0.0102,0.4212
CLUBS NINE DIAMONDS TEN,0.5554,0.0106,0.434
DIAMONDS THREE CLUBS JACK,0.6344,0.0098,0.3558
CLUBS TEN DIAMONDS THREE,0.6508,0.0128,0.3364
DIAMONDS THREE CLUBS KING,0.4098,0.0082,0.582
DIAMONDS THREE CLUBS ACE,0.3878,0.0064,0.6058
SPADES FOUR HEARTS JACK,0.631,0.0092,0.3598
SPADES FOUR HEARTS TEN,0.6292,0.0098,0.361
SPADES FIVE SPADES TWO,0.6072,0.0116,0.3812
SPADES FOUR SPADES TWO,0.5984,0.0116,0.39
SPADES THREE SPADES TWO,0.6004,0.0116,0.388
SPADES NINE SPADES TWO,0.596,0.0124,0.3916
SPADES EIGHT SPADES TWO,0.5932,0.0108,0.396
SPADES SEVEN SPADES TWO,0.5988,0.0124,0.3888
SPADES SIX SPADES TWO,0.666,0.0512,0.2828
CLUBS THREE DIAMONDS QUEEN,0.3912,0.3832,0.2256
CLUBS THREE HEARTS TWO,0.6468,0.0128,0.3404
CLUBS TWO DIAMONDS QUEEN,0.4064,0.381,0.2126
HEARTS TWO CLUBS TWO,0.4274,0.0276,0.545
HEARTS SEVEN DIAMONDS QUEEN,0.222,0.3048,0.4732
HEARTS SEVEN HEARTS TWO,0.605,0.0102,0.3848
HEARTS SIX DIAMONDS QUEEN,0.0124,0.9694,0.0182
HEARTS SIX HEARTS TWO,0.6724,0.0462,0.2814
DIAMONDS QUEEN HEARTS NINE,0.2312,0.169,0.5998
HEARTS TWO HEARTS NINE,0.5852,0.0104,0.4044
DIAMONDS QUEEN HEARTS EIGHT,0.221,0.233,0.546
HEARTS TWO HEARTS EIGHT,0.6076,0.0092,0.3832
CLUBS NINE HEARTS TWO,0.633,0.0108,0.3562
CLUBS NINE DIAMONDS QUEEN,0.229,0.1608,0.6102
CLUBS EIGHT HEARTS TWO,0.6328,0.0114,0.3558
CLUBS EIGHT DIAMONDS QUEEN,0.2236,0.2232,0.5532
CLUBS FIVE DIAMONDS QUEEN,0.3924,0.3946,0.213
CLUBS FIVE HEARTS TWO,0.6464,0.0138,0.3398
SPADES EIGHT HEARTS ACE,0.3574,0.002,0.6406
CLUBS FOUR DIAMONDS QUEEN,0.3906,0.3884,0.221
CLUBS FOUR HEARTS TWO,0.649,0.0144,0.3366
CLUBS SEVEN DIAMONDS QUEEN,0.215,0.319,0.466
CLUBS SEVEN HEARTS TWO,0.6514,0.0118,0.3368
SPADES EIGHT HEARTS QUEEN,0.2296,0.2146,0.5558
CLUBS SIX DIAMONDS QUEEN,0.0078,0.9846,0.0076
CLUBS SIX HEARTS TWO,0.7174,0.0568,0.2258
SPADES EIGHT HEARTS KING,0.3698,0.0056,0.6246
HEARTS TWO SPADES SIX,0.7094,0.0516,0.239
SPADES SIX DIAMONDS QUEEN,0.0098,0.9726,0.0176
SPADES SEVEN DIAMONDS QUEEN,0.2204,0.3094,0.4702
SPADES SEVEN HEARTS TWO,0.6416,0.0114,0.347
HEARTS FOUR CLUBS KING,0.387,0.0076,0.6054
DIAMONDS ACE CLUBS KING,0.3086,0.0048,0.6866
SPADES EIGHT DIAMONDS QUEEN,0.226,0.2286,0.5454
SPADES EIGHT HEARTS TWO,0.63,0.0098,0.3602
HEARTS FOUR CLUBS ACE,0.3914,0.0042,0.6044
DIAMONDS ACE CLUBS ACE,0.116,0.0048,0.8792
SPADES NINE DIAMONDS QUEEN,0.229,0.1592,0.6118
SPADES NINE HEARTS TWO,0.6318,0.0118,0.3564
HEARTS TWO SPADES TWO,0.438,0.0326,0.5294
DIAMONDS QUEEN SPADES TWO,0.4004,0.3772,0.2224
HEARTS TWO SPADES THREE,0.647,0.012,0.341
DIAMONDS QUEEN SPADES THREE,0.4002,0.377,0.2228
HEARTS TWO SPADES FOUR,0.643,0.015,0.342
SPADES FOUR DIAMONDS QUEEN,0.3864,0.3754,0.2382
CLUBS TEN HEARTS FOUR,0.6268,0.013,0.3602
CLUBS TEN DIAMONDS ACE,0.3476,0.0034,0.649
HEARTS TWO SPADES FIVE,0.6356,0.0122,0.3522
SPADES FIVE DIAMONDS QUEEN,0.394,0.3786,0.2274
HEARTS FOUR CLUBS JACK,0.632,0.014,0.354
DIAMONDS ACE CLUBS JACK,0.3478,0.004,0.6482
CLUBS FIVE CLUBS KING,0.369,0.0062,0.6248
CLUBS FIVE CLUBS ACE,0.3668,0.0042,0.629
CLUBS FIVE CLUBS JACK,0.5954,0.0104,0.3942
CLUBS TEN CLUBS FIVE,0.612,0.0114,0.3766
SPADES KING CLUBS JACK,0.3398,0.0074,0.6528
SPADES QUEEN CLUBS JACK,0.2452,0.088,0.6668
SPADES ACE CLUBS JACK,0.35,0.0048,0.6452
SPADES SIX CLUBS KING,0.226,0.0416,0.7324
SPADES EIGHT HEARTS JACK,0.5674,0.0108,0.4218
SPADES SIX CLUBS ACE,0.2244,0.0308,0.7448
SPADES EIGHT HEARTS TEN,0.5624,0.0098,0.4278
SPADES SIX CLUBS JACK,0.7262,0.0468,0.227
CLUBS TEN SPADES SIX,0.6974,0.0512,0.2514
SPADES TEN CLUBS JACK,0.5388,0.0104,0.4508
SPADES JACK CLUBS JACK,0.28,0.0102,0.7098
SPADES QUEEN CLUBS SEVEN,0.2294,0.3038,0.4668
SPADES KING CLUBS SEVEN,0.3608,0.0078,0.6314
SPADES ACE CLUBS SEVEN,0.3604,0.003,0.6366
SPADES SIX HEARTS TEN,0.711,0.0462,0.2428
SPADES SIX HEARTS JACK,0.7162,0.047,0.2368
SPADES SIX HEARTS ACE,0.2262,0.0268,0.747
SPADES SIX HEARTS KING,0.2336,0.0378,0.7286
SPADES SIX HEARTS QUEEN,0.0216,0.959,0.0194
CLUBS SEVEN SPADES JACK,0.5826,0.0152,0.4022
CLUBS SEVEN SPADES TEN,0.5842,0.011,0.4048
CLUBS TEN HEARTS SIX,0.7152,0.0434,0.2414
HEARTS SIX CLUBS JACK,0.7182,0.0486,0.2332
CLUBS ACE CLUBS JACK,0.324,0.0034,0.6726
HEARTS SIX CLUBS KING,0.235,0.037,0.728
HEARTS SIX CLUBS ACE,0.2306,0.0348,0.7346
CLUBS KING CLUBS JACK,0.3268,0.0066,0.6666
DIAMONDS THREE HEARTS ACE,0.3994,0.0042,0.5964
DIAMONDS THREE HEARTS QUEEN,0.397,0.3794,0.2236
DIAMONDS THREE HEARTS KING,0.4012,0.0066,0.5922
CLUBS FIVE HEARTS JACK,0.618,0.0122,0.3698
SPADES TEN DIAMONDS ACE,0.335,0.0034,0.6616
HEARTS FOUR SPADES TEN,0.6208,0.0124,0.3668
CLUBS FIVE HEARTS TEN,0.63,0.0122,0.3578
HEARTS FOUR SPADES JACK,0.6304,0.0132,0.3564
SPADES JACK DIAMONDS ACE,0.3394,0.0044,0.6562
SPADES ACE HEARTS FOUR,0.388,0.0044,0.6076
SPADES ACE DIAMONDS ACE,0.1194,0.0024,0.8782
CLUBS FIVE HEARTS ACE,0.3812,0.0032,0.6156
CLUBS FIVE HEARTS KING,0.394,0.0076,0.5984
HEARTS FOUR SPADES QUEEN,0.3884,0.385,0.2266
SPADES QUEEN DIAMONDS ACE,0.224,0.0128,0.7632
SPADES FOUR CLUBS JACK,0.6204,0.0106,0.369
CLUBS FIVE HEARTS QUEEN,0.3962,0.3902,0.2136
SPADES KING DIAMONDS ACE,0.3352,0.0036,0.6612
SPADES KING HEARTS FOUR,0.403,0.0068,0.5902
CLUBS TEN SPADES FOUR,0.6218,0.012,0.3662
DIAMONDS ACE DIAMONDS QUEEN,0.2264,0.018,0.7556
DIAMONDS ACE HEARTS TWO,0.3968,0.007,0.5962
HEARTS FOUR DIAMONDS QUEEN,0.3954,0.382,0.2226
HEARTS FOUR HEARTS TWO,0.5952,0.0136,0.3912
DIAMONDS THREE HEARTS TEN,0.6344,0.0128,0.3528
SPADES FOUR CLUBS KING,0.3854,0.007,0.6076
HEARTS FIVE DIAMONDS QUEEN,0.3876,0.3792,0.2332
HEARTS FIVE HEARTS TWO,0.5816,0.0108,0.4076
DIAMONDS THREE HEARTS JACK,0.6268,0.013,0.3602
HEARTS TWO DIAMONDS QUEEN,0.3888,0.3852,0.226
DIAMONDS KING DIAMONDS QUEEN,0.2326,0.0296,0.7378
DIAMONDS KING HEARTS TWO,0.4098,0.0068,0.5834
HEARTS THREE DIAMONDS QUEEN,0.39,0.3862,0.2238
HEARTS THREE HEARTS TWO,0.6088,0.0134,0.3778
SPADES FOUR CLUBS ACE,0.383,0.0072,0.6098
HEARTS TWO CLUBS ACE,0.3992,0.0042,0.5966
DIAMONDS QUEEN CLUBS ACE,0.2226,0.0168,0.7606
HEARTS TWO CLUBS KING,0.3996,0.0068,0.5936
DIAMONDS QUEEN CLUBS KING,0.2286,0.03,0.7414
SPADES EIGHT SPADES FIVE,0.5724,0.0098,0.4178
CLUBS TEN HEARTS TWO,0.6304,0.0118,0.3578
CLUBS TEN DIAMONDS QUEEN,0.2304,0.1234,0.6462
SPADES NINE SPADES FIVE,0.5776,0.0124,0.41
HEARTS TWO CLUBS JACK,0.6502,0.0084,0.3414
DIAMONDS QUEEN CLUBS JACK,0.2274,0.0952,0.6774
SPADES SIX SPADES FIVE,0.6264,0.0456,0.328
SPADES SEVEN SPADES FIVE,0.5618,0.0116,0.4266
SPADES EIGHT CLUBS ACE,0.3618,0.0038,0.6344
DIAMONDS FIVE CLUBS KING,0.3882,0.0068,0.605
SPADES EIGHT CLUBS KING,0.3612,0.0058,0.633
DIAMONDS FIVE CLUBS ACE,0.382,0.0046,0.6134
SPADES EIGHT CLUBS JACK,0.5812,0.009,0.4098
CLUBS TEN SPADES EIGHT,0.561,0.0104,0.4286
CLUBS TEN DIAMONDS FIVE,0.6422,0.012,0.3458
DIAMONDS FIVE CLUBS JACK,0.6288,0.011,0.3602
DIAMONDS TEN HEARTS JACK,0.5438,0.0116,0.4446
DIAMONDS TEN HEARTS TEN,0.2806,0.012,0.7074
SPADES ACE CLUBS NINE,0.3656,0.0044,0.63
CLUBS NINE SPADES QUEEN,0.2458,0.1656,0.5886
CLUBS NINE SPADES KING,0.3442,0.0052,0.6506
HEARTS SIX HEARTS KING,0.2216,0.0442,0.7342
DIAMONDS KING SPADES SEVEN,0.353,0.0068,0.6402
HEARTS THREE SPADES SEVEN,0.633,0.0114,0.3556
SPADES KING DIAMONDS SEVEN,0.3616,0.004,0.6344
HEARTS SIX HEARTS QUEEN,0.0246,0.901,0.0744
SPADES QUEEN DIAMONDS SEVEN,0.229,0.2998,0.4712
HEARTS THREE SPADES SIX,0.6886,0.0524,0.259
DIAMONDS KING SPADES SIX,0.2224,0.0428,0.7348
SPADES NINE DIAMONDS KING,0.3434,0.0074,0.6492
SPADES NINE HEARTS THREE,0.6378,0.0118,0.3504
HEARTS SIX HEARTS ACE,0.221,0.0264,0.7526
DIAMONDS KING SPADES EIGHT,0.3596,0.0074,0.633
SPADES EIGHT HEARTS THREE,0.6304,0.012,0.3576
SPADES ACE DIAMONDS SEVEN,0.3638,0.0034,0.6328
CLUBS NINE HEARTS THREE,0.6232,0.0126,0.3642
CLUBS NINE DIAMONDS KING,0.3484,0.0056,0.646
CLUBS EIGHT HEARTS THREE,0.6414,0.0128,0.3458
CLUBS EIGHT DIAMONDS KING,0.3618,0.0068,0.6314
HEARTS THREE SPADES THREE,0.4446,0.0282,0.5272
DIAMONDS KING SPADES THREE,0.3898,0.0068,0.6034
HEARTS THREE SPADES TWO,0.65,0.0142,0.3358
DIAMONDS KING SPADES TWO,0.4064,0.0106,0.583
HEARTS THREE SPADES FIVE,0.6268,0.0146,0.3586
DIAMONDS KING SPADES FIVE,0.3944,0.0074,0.5982
HEARTS THREE SPADES FOUR,0.625,0.0112,0.3638
DIAMONDS KING SPADES FOUR,0.3924,0.009,0.5986
DIAMONDS KING CLUBS TWO,0.4004,0.0084,0.5912
HEARTS THREE CLUBS TWO,0.643,0.0136,0.3434
DIAMONDS KING CLUBS THREE,0.39,0.0054,0.6046
CLUBS THREE HEARTS THREE,0.4446,0.0278,0.5276
DIAMONDS KING CLUBS FOUR,0.3938,0.0086,0.5976
HEARTS THREE CLUBS FOUR,0.629,0.0132,0.3578
