opposingHand,winningChance,drawChance,lostChance
DIAMONDS FOUR SPADES EIGHT
HEARTS FIVE SPADES TEN,0.359,0.0276,0.6134
HEARTS FIVE SPADES JACK,0.3624,0.0198,0.6178
SPADES FIVE CLUBS JACK,0.3726,0.0182,0.6092
CLUBS TEN SPADES FIVE,0.3714,0.0258,0.6028
CLUBS EIGHT CLUBS JACK,0.2362,0.053,0.7108
CLUBS TEN CLUBS EIGHT,0.2268,0.0778,0.6954
CLUBS EIGHT CLUBS KING,0.2218,0.0358,0.7424
SPADES FIVE CLUBS ACE,0.3576,0.0044,0.638
CLUBS EIGHT CLUBS QUEEN,0.229,0.0476,0.7234
SPADES FIVE CLUBS KING,0.3818,0.0066,0.6116
SPADES FIVE CLUBS QUEEN,0.3666,0.0136,0.6198
CLUBS EIGHT CLUBS ACE,0.2266,0.0236,0.7498
DIAMONDS TWO DIAMONDS THREE,0.5748,0.0698,0.3554
DIAMONDS TWO DIAMONDS FIVE,0.536,0.0638,0.4002
HEARTS FIVE SPADES KING,0.3574,0.01,0.6326
HEARTS FIVE SPADES QUEEN,0.3706,0.0126,0.6168
DIAMONDS TWO DIAMONDS SEVEN,0.5658,0.0702,0.364
DIAMONDS TWO DIAMONDS SIX,0.5424,0.0676,0.39
SPADES ACE HEARTS FIVE,0.3412,0.0042,0.6546
DIAMONDS TWO DIAMONDS NINE,0.3802,0.0428,0.577
DIAMONDS TWO DIAMONDS EIGHT,0.2736,0.4758,0.2506
SPADES FOUR CLUBS TWO,0.5964,0.1512,0.2524
DIAMONDS THREE DIAMONDS FIVE,0.5278,0.0622,0.41
SPADES FIVE CLUBS TWO,0.5764,0.0756,0.348
CLUBS TWO SPADES TWO,0.3796,0.1088,0.5116
CLUBS TWO SPADES THREE,0.5962,0.0678,0.336
DIAMONDS THREE DIAMONDS EIGHT,0.2662,0.494,0.2398
DIAMONDS THREE DIAMONDS NINE,0.387,0.047,0.566
SPADES NINE CLUBS TWO,0.4068,0.0436,0.5496
DIAMONDS THREE DIAMONDS SIX,0.5412,0.064,0.3948
SPADES SIX CLUBS TWO,0.5882,0.0736,0.3382
DIAMONDS THREE DIAMONDS SEVEN,0.5458,0.067,0.3872
SPADES SEVEN CLUBS TWO,0.5876,0.0664,0.346
CLUBS SIX CLUBS TWO,0.5636,0.0648,0.3716
CLUBS SEVEN CLUBS TWO,0.5504,0.0642,0.3854
CLUBS FOUR CLUBS TWO,0.5552,0.1502,0.2946
CLUBS FIVE CLUBS TWO,0.53,0.066,0.404
CLUBS TEN CLUBS JACK,0.292,0.0132,0.6948
CLUBS TEN CLUBS QUEEN,0.3038,0.0088,0.6874
CLUBS TEN CLUBS KING,0.3084,0.0068,0.6848
CLUBS TEN CLUBS ACE,0.3138,0.0034,0.6828
CLUBS EIGHT CLUBS TWO,0.257,0.483,0.26
CLUBS NINE CLUBS TWO,0.3746,0.0448,0.5806
CLUBS THREE CLUBS TWO,0.5476,0.0592,0.3932
DIAMONDS NINE DIAMONDS FIVE,0.3418,0.041,0.6172
DIAMONDS TWO CLUBS JACK,0.4026,0.021,0.5764
DIAMONDS FIVE DIAMONDS EIGHT,0.2054,0.4394,0.3552
CLUBS TEN DIAMONDS TWO,0.3938,0.0312,0.575
DIAMONDS FIVE DIAMONDS SEVEN,0.504,0.061,0.435
DIAMONDS SIX DIAMONDS FIVE,0.4924,0.0624,0.4452
DIAMONDS TWO CLUBS ACE,0.3864,0.0052,0.6084
DIAMONDS TWO CLUBS KING,0.3982,0.007,0.5948
DIAMONDS TWO CLUBS QUEEN,0.4064,0.0118,0.5818
DIAMONDS SIX DIAMONDS EIGHT,0.2098,0.3632,0.427
DIAMONDS NINE DIAMONDS SIX,0.3206,0.0446,0.6348
HEARTS ACE SPADES THREE,0.383,0.0052,0.6118
SPADES THREE HEARTS KING,0.3912,0.0108,0.598
DIAMONDS SIX DIAMONDS SEVEN,0.4892,0.0636,0.4472
SPADES THREE HEARTS QUEEN,0.397,0.0128,0.5902
SPADES THREE HEARTS JACK,0.3938,0.0198,0.5864
SPADES THREE HEARTS TEN,0.3924,0.0282,0.5794
DIAMONDS EIGHT DIAMONDS SEVEN,0.211,0.2848,0.5042
DIAMONDS NINE DIAMONDS SEVEN,0.32,0.0386,0.6414
DIAMONDS NINE DIAMONDS EIGHT,0.2114,0.1034,0.6852
DIAMONDS KING HEARTS TEN,0.328,0.007,0.665
HEARTS THREE HEARTS TEN,0.373,0.025,0.602
SPADES JACK CLUBS SIX,0.3668,0.017,0.6162
DIAMONDS KING HEARTS JACK,0.3222,0.0084,0.6694
HEARTS THREE HEARTS JACK,0.3616,0.0188,0.6196
SPADES TEN CLUBS SIX,0.3546,0.0296,0.6158
SPADES JACK SPADES FIVE,0.3524,0.0198,0.6278
SPADES TEN SPADES FIVE,0.349,0.028,0.623
DIAMONDS KING HEARTS ACE,0.324,0.0042,0.6718
HEARTS THREE HEARTS ACE,0.3608,0.0062,0.633
SPADES ACE CLUBS SIX,0.3692,0.006,0.6248
DIAMONDS KING HEARTS QUEEN,0.3286,0.0072,0.6642
HEARTS THREE HEARTS QUEEN,0.3838,0.0132,0.603
SPADES KING CLUBS SIX,0.3564,0.0076,0.636
DIAMONDS KING HEARTS KING,0.1414,0.0144,0.8442
HEARTS THREE HEARTS KING,0.3824,0.0108,0.6068
SPADES QUEEN CLUBS SIX,0.3634,0.014,0.6226
SPADES NINE HEARTS TEN,0.3136,0.0254,0.661
SPADES NINE HEARTS JACK,0.3252,0.0188,0.656
SPADES QUEEN SPADES FIVE,0.3506,0.0116,0.6378
SPADES KING SPADES FIVE,0.3498,0.0094,0.6408
SPADES ACE SPADES FIVE,0.342,0.0046,0.6534
SPADES NINE HEARTS QUEEN,0.3254,0.0124,0.6622
SPADES NINE HEARTS KING,0.3396,0.0074,0.653
SPADES NINE HEARTS ACE,0.3392,0.0038,0.657
CLUBS TEN SPADES JACK,0.3116,0.0116,0.6768
CLUBS TEN SPADES TEN,0.145,0.047,0.808
SPADES ACE CLUBS TEN,0.3368,0.0032,0.66
SPADES KING CLUBS TEN,0.3336,0.0072,0.6592
CLUBS TEN SPADES QUEEN,0.331,0.012,0.657
SPADES FIVE HEARTS QUEEN,0.3716,0.014,0.6144
SPADES FIVE HEARTS KING,0.361,0.0086,0.6304
SPADES FIVE HEARTS ACE,0.35,0.004,0.646
CLUBS EIGHT SPADES TEN,0.2376,0.0746,0.6878
SPADES JACK HEARTS THREE,0.401,0.02,0.579
SPADES JACK DIAMONDS KING,0.332,0.0092,0.6588
SPADES TEN DIAMONDS KING,0.3272,0.0094,0.6634
SPADES TEN HEARTS THREE,0.396,0.0294,0.5746
SPADES JACK CLUBS EIGHT,0.2288,0.0566,0.7146
CLUBS SIX HEARTS ACE,0.366,0.005,0.629
SPADES ACE CLUBS EIGHT,0.2358,0.0296,0.7346
HEARTS FIVE CLUBS JACK,0.3708,0.0168,0.6124
HEARTS FIVE CLUBS TEN,0.375,0.0262,0.5988
CLUBS SIX HEARTS QUEEN,0.362,0.0134,0.6246
SPADES QUEEN CLUBS EIGHT,0.2286,0.0492,0.7222
CLUBS TEN SPADES THREE,0.4022,0.0282,0.5696
CLUBS SIX HEARTS KING,0.362,0.0072,0.6308
SPADES KING CLUBS EIGHT,0.2322,0.033,0.7348
SPADES THREE CLUBS JACK,0.4084,0.0172,0.5744
DIAMONDS TWO HEARTS JACK,0.4094,0.0164,0.5742
SPADES THREE CLUBS QUEEN,0.4004,0.0162,0.5834
DIAMONDS TWO HEARTS TEN,0.4016,0.03,0.5684
SPADES THREE CLUBS KING,0.4046,0.0074,0.588
HEARTS FIVE CLUBS ACE,0.3508,0.005,0.6442
SPADES FIVE HEARTS TEN,0.3694,0.0266,0.604
SPADES THREE CLUBS ACE,0.397,0.0044,0.5986
HEARTS FIVE CLUBS KING,0.3656,0.008,0.6264
SPADES FIVE HEARTS JACK,0.374,0.0146,0.6114
HEARTS FIVE CLUBS QUEEN,0.3538,0.0138,0.6324
HEARTS THREE CLUBS KING,0.399,0.0074,0.5936
DIAMONDS KING CLUBS KING,0.1408,0.0126,0.8466
HEARTS THREE CLUBS QUEEN,0.4006,0.0144,0.585
DIAMONDS KING CLUBS QUEEN,0.3452,0.007,0.6478
HEARTS FIVE HEARTS JACK,0.3294,0.016,0.6546
HEARTS FIVE HEARTS TEN,0.3386,0.022,0.6394
HEARTS THREE CLUBS ACE,0.3802,0.0038,0.616
DIAMONDS KING CLUBS ACE,0.331,0.0046,0.6644
SPADES ACE CLUBS QUEEN,0.3358,0.0054,0.6588
SPADES KING CLUBS QUEEN,0.3408,0.0056,0.6536
HEARTS THREE CLUBS JACK,0.412,0.0162,0.5718
DIAMONDS KING CLUBS JACK,0.329,0.0074,0.6636
SPADES QUEEN CLUBS QUEEN,0.147,0.0302,0.8228
CLUBS TEN HEARTS THREE,0.3996,0.027,0.5734
CLUBS TEN DIAMONDS KING,0.3152,0.0086,0.6762
SPADES JACK CLUBS QUEEN,0.323,0.0096,0.6674
CLUBS SIX CLUBS QUEEN,0.3322,0.0138,0.654
SPADES TEN CLUBS QUEEN,0.3216,0.0118,0.6666
CLUBS SIX CLUBS KING,0.3516,0.0088,0.6396
CLUBS SIX CLUBS ACE,0.3412,0.0044,0.6544
HEARTS FIVE HEARTS KING,0.33,0.01,0.66
HEARTS FIVE HEARTS QUEEN,0.3346,0.0146,0.6508
CLUBS TEN CLUBS SIX,0.3418,0.0222,0.636
HEARTS FIVE HEARTS ACE,0.328,0.0058,0.6662
CLUBS SIX CLUBS JACK,0.341,0.0162,0.6428
SPADES SEVEN HEARTS JACK,0.3602,0.0186,0.6212
SPADES SEVEN HEARTS TEN,0.3364,0.0278,0.6358
DIAMONDS TWO CLUBS TWO,0.3758,0.104,0.5202
DIAMONDS TWO CLUBS THREE,0.5928,0.069,0.3382
DIAMONDS TWO HEARTS SIX,0.5922,0.0712,0.3366
DIAMONDS TWO HEARTS QUEEN,0.4088,0.0136,0.5776
HEARTS SEVEN DIAMONDS TWO,0.6042,0.069,0.3268
DIAMONDS TWO HEARTS KING,0.3998,0.008,0.5922
DIAMONDS TWO HEARTS EIGHT,0.2848,0.5062,0.209
DIAMONDS TWO HEARTS ACE,0.3944,0.0042,0.6014
DIAMONDS TWO HEARTS NINE,0.4034,0.0416,0.555
DIAMONDS TWO DIAMONDS QUEEN,0.382,0.0132,0.6048
DIAMONDS TWO HEARTS TWO,0.3746,0.105,0.5204
DIAMONDS TWO DIAMONDS KING,0.3802,0.0118,0.608
DIAMONDS TWO HEARTS THREE,0.5914,0.0652,0.3434
DIAMONDS TWO DIAMONDS ACE,0.3788,0.0046,0.6166
HEARTS FOUR DIAMONDS TWO,0.6074,0.1608,0.2318
HEARTS FIVE DIAMONDS TWO,0.5734,0.0638,0.3628
SPADES SEVEN HEARTS ACE,0.357,0.005,0.638
DIAMONDS TWO DIAMONDS TEN,0.3818,0.0244,0.5938
SPADES SEVEN HEARTS KING,0.361,0.0072,0.6318
DIAMONDS TWO DIAMONDS JACK,0.3768,0.0206,0.6026
SPADES SEVEN HEARTS QUEEN,0.372,0.0126,0.6154
DIAMONDS TWO SPADES NINE,0.3938,0.0438,0.5624
DIAMONDS TWO SPADES SEVEN,0.6028,0.0698,0.3274
DIAMONDS TWO SPADES SIX,0.5864,0.0682,0.3454
DIAMONDS TWO SPADES FIVE,0.5804,0.071,0.3486
DIAMONDS TWO SPADES FOUR,0.6124,0.15,0.2376
DIAMONDS TWO SPADES THREE,0.6022,0.0702,0.3276
DIAMONDS TWO SPADES TWO,0.3892,0.1038,0.507
CLUBS NINE DIAMONDS TWO,0.3962,0.0508,0.553
DIAMONDS TWO CLUBS EIGHT,0.2856,0.5062,0.2082
CLUBS SEVEN DIAMONDS TWO,0.6024,0.0638,0.3338
DIAMONDS TWO CLUBS SIX,0.5834,0.072,0.3446
DIAMONDS TWO CLUBS FIVE,0.5698,0.0696,0.3606
DIAMONDS TWO CLUBS FOUR,0.592,0.1526,0.2554
CLUBS FOUR SPADES FIVE,0.5838,0.1446,0.2716
CLUBS FOUR SPADES FOUR,0.2758,0.078,0.6462
CLUBS FOUR SPADES THREE,0.5924,0.1502,0.2574
CLUBS FOUR SPADES TWO,0.6108,0.1442,0.245
SPADES NINE CLUBS FOUR,0.248,0.1034,0.6486
SPADES SEVEN CLUBS FOUR,0.614,0.1422,0.2438
SPADES SIX CLUBS FOUR,0.599,0.146,0.255
SPADES ACE DIAMONDS SIX,0.3588,0.0058,0.6354
SPADES QUEEN DIAMONDS SIX,0.3544,0.013,0.6326
SPADES KING DIAMONDS SIX,0.3566,0.0084,0.635
SPADES TEN DIAMONDS SIX,0.3336,0.0268,0.6396
SPADES JACK DIAMONDS SIX,0.3622,0.0164,0.6214
SPADES QUEEN SPADES TWO,0.3856,0.0144,0.6
SPADES KING SPADES TWO,0.3766,0.0106,0.6128
SPADES ACE SPADES TWO,0.372,0.005,0.623
DIAMONDS JACK CLUBS JACK,0.1476,0.0378,0.8146
CLUBS TEN DIAMONDS JACK,0.3112,0.0146,0.6742
DIAMONDS JACK CLUBS KING,0.3382,0.0046,0.6572
DIAMONDS JACK CLUBS QUEEN,0.3352,0.0102,0.6546
DIAMONDS THREE DIAMONDS JACK,0.3804,0.0178,0.6018
DIAMONDS THREE DIAMONDS TEN,0.3876,0.0306,0.5818
DIAMONDS JACK CLUBS ACE,0.3204,0.0044,0.6752
DIAMONDS THREE DIAMONDS KING,0.3824,0.0088,0.6088
DIAMONDS THREE HEARTS THREE,0.3744,0.1032,0.5224
DIAMONDS THREE DIAMONDS QUEEN,0.3864,0.0148,0.5988
DIAMONDS THREE HEARTS TWO,0.587,0.0718,0.3412
HEARTS FIVE DIAMONDS THREE,0.545,0.0692,0.3858
DIAMONDS THREE DIAMONDS ACE,0.3792,0.004,0.6168
HEARTS FOUR DIAMONDS THREE,0.6082,0.1434,0.2484
HEARTS SEVEN DIAMONDS THREE,0.5798,0.0654,0.3548
SPADES TEN SPADES NINE,0.293,0.0198,0.6872
HEARTS SIX DIAMONDS THREE,0.571,0.0718,0.3572
SPADES JACK SPADES NINE,0.3036,0.017,0.6794
DIAMONDS THREE HEARTS NINE,0.4066,0.0446,0.5488
HEARTS ACE HEARTS KING,0.3146,0.0028,0.6826
SPADES TEN SPADES TWO,0.3772,0.028,0.5948
DIAMONDS THREE HEARTS EIGHT,0.2866,0.5092,0.2042
SPADES JACK SPADES TWO,0.3862,0.0188,0.595
SPADES ACE SPADES NINE,0.319,0.0052,0.6758
SPADES KING SPADES NINE,0.3124,0.0094,0.6782
SPADES QUEEN SPADES NINE,0.3124,0.012,0.6756
DIAMONDS THREE SPADES NINE,0.3966,0.046,0.5574
DIAMONDS THREE SPADES SEVEN,0.5894,0.0694,0.3412
DIAMONDS THREE SPADES SIX,0.5708,0.0738,0.3554
DIAMONDS THREE CLUBS SIX,0.584,0.0666,0.3494
CLUBS FIVE CLUBS SIX,0.4732,0.065,0.4618
CLUBS SEVEN DIAMONDS THREE,0.5784,0.0652,0.3564
CLUBS SEVEN CLUBS FIVE,0.4934,0.0594,0.4472
DIAMONDS THREE CLUBS FOUR,0.5804,0.1642,0.2554
DIAMONDS THREE CLUBS FIVE,0.5468,0.0788,0.3744
DIAMONDS THREE CLUBS TWO,0.5966,0.0694,0.334
DIAMONDS THREE CLUBS THREE,0.3768,0.1024,0.5208
DIAMONDS THREE SPADES FOUR,0.6096,0.1604,0.23
DIAMONDS THREE SPADES FIVE,0.5664,0.0636,0.37
DIAMONDS THREE SPADES TWO,0.5926,0.0756,0.3318
DIAMONDS THREE SPADES THREE,0.3626,0.1056,0.5318
CLUBS EIGHT DIAMONDS THREE,0.277,0.5144,0.2086
CLUBS NINE DIAMONDS THREE,0.3972,0.0444,0.5584
SPADES SEVEN CLUBS ACE,0.3662,0.0036,0.6302
SPADES SEVEN CLUBS QUEEN,0.3592,0.011,0.6298
SPADES SEVEN CLUBS KING,0.356,0.0086,0.6354
CLUBS FIVE SPADES SEVEN,0.5372,0.0626,0.4002
CLUBS TEN SPADES SEVEN,0.3524,0.02,0.6276
CLUBS FIVE SPADES SIX,0.5188,0.064,0.4172
SPADES SEVEN CLUBS JACK,0.3504,0.0232,0.6264
CLUBS FIVE SPADES NINE,0.343,0.0372,0.6198
CLUBS FIVE SPADES THREE,0.5428,0.0642,0.393
CLUBS FIVE SPADES TWO,0.5668,0.062,0.3712
CLUBS FIVE SPADES FIVE,0.2652,0.095,0.6398
CLUBS FIVE SPADES FOUR,0.5744,0.148,0.2776
CLUBS NINE CLUBS FIVE,0.3202,0.0374,0.6424
CLUBS EIGHT CLUBS FIVE,0.2132,0.4204,0.3664
CLUBS ACE CLUBS QUEEN,0.3134,0.005,0.6816
CLUBS KING CLUBS QUEEN,0.319,0.006,0.675
CLUBS TEN DIAMONDS NINE,0.3012,0.0248,0.674
DIAMONDS NINE CLUBS JACK,0.3072,0.0162,0.6766
SPADES NINE CLUBS JACK,0.3202,0.0182,0.6616
CLUBS TEN SPADES NINE,0.3034,0.019,0.6776
DIAMONDS JACK HEARTS TEN,0.3068,0.0132,0.68
SPADES NINE CLUBS KING,0.3246,0.007,0.6684
DIAMONDS TWO SPADES TEN,0.4016,0.0292,0.5692
DIAMONDS NINE CLUBS ACE,0.326,0.0052,0.6688
DIAMONDS JACK HEARTS JACK,0.1492,0.0372,0.8136
SPADES NINE CLUBS QUEEN,0.3318,0.0078,0.6604
DIAMONDS TWO SPADES JACK,0.3958,0.0182,0.586
DIAMONDS NINE CLUBS QUEEN,0.3324,0.0102,0.6574
SPADES NINE CLUBS ACE,0.3378,0.0054,0.6568
DIAMONDS NINE CLUBS KING,0.3196,0.0066,0.6738
HEARTS ACE DIAMONDS JACK,0.317,0.004,0.679
SPADES ACE DIAMONDS TWO,0.377,0.006,0.617
HEARTS QUEEN DIAMONDS JACK,0.3298,0.012,0.6582
SPADES QUEEN DIAMONDS TWO,0.4194,0.0148,0.5658
HEARTS KING DIAMONDS JACK,0.332,0.0064,0.6616
SPADES KING DIAMONDS TWO,0.4036,0.008,0.5884
SPADES JACK SPADES SEVEN,0.3512,0.0164,0.6324
SPADES TEN SPADES SEVEN,0.3266,0.0252,0.6482
CLUBS SEVEN CLUBS THREE,0.5342,0.0638,0.402
CLUBS SIX CLUBS THREE,0.5426,0.0656,0.3918
CLUBS FIVE CLUBS THREE,0.5252,0.0628,0.412
CLUBS THREE CLUBS FOUR,0.5628,0.1384,0.2988
CLUBS NINE CLUBS THREE,0.3884,0.042,0.5696
CLUBS EIGHT CLUBS THREE,0.2564,0.4804,0.2632
CLUBS THREE SPADES FIVE,0.5608,0.0644,0.3748
CLUBS THREE SPADES FOUR,0.6092,0.1534,0.2374
CLUBS THREE SPADES THREE,0.3782,0.103,0.5188
CLUBS THREE SPADES TWO,0.5896,0.0696,0.3408
CLUBS THREE SPADES SIX,0.5752,0.0636,0.3612
SPADES SEVEN CLUBS THREE,0.5902,0.065,0.3448
SPADES NINE CLUBS THREE,0.3852,0.0442,0.5706
DIAMONDS TEN DIAMONDS FIVE,0.3484,0.0262,0.6254
DIAMONDS JACK DIAMONDS FIVE,0.3408,0.017,0.6422
DIAMONDS NINE HEARTS QUEEN,0.3216,0.0096,0.6688
DIAMONDS NINE HEARTS KING,0.323,0.0058,0.6712
HEARTS ACE DIAMONDS NINE,0.335,0.0046,0.6604
DIAMONDS NINE HEARTS TEN,0.3092,0.0274,0.6634
DIAMONDS NINE HEARTS JACK,0.322,0.0136,0.6644
DIAMONDS SIX CLUBS KING,0.3608,0.0072,0.632
DIAMONDS SIX CLUBS QUEEN,0.3642,0.0138,0.622
CLUBS ACE DIAMONDS SIX,0.371,0.0044,0.6246
SPADES ACE SPADES SEVEN,0.3368,0.0076,0.6556
SPADES QUEEN SPADES SEVEN,0.3584,0.0134,0.6282
DIAMONDS SIX CLUBS JACK,0.3456,0.0176,0.6368
SPADES KING SPADES SEVEN,0.347,0.0096,0.6434
CLUBS TEN DIAMONDS SIX,0.345,0.0292,0.6258
CLUBS NINE CLUBS FOUR,0.2276,0.0986,0.6738
CLUBS EIGHT CLUBS FOUR,0.0184,0.9128,0.0688
CLUBS FIVE CLUBS FOUR,0.5354,0.1462,0.3184
CLUBS SEVEN CLUBS FOUR,0.5676,0.1362,0.2962
CLUBS SIX CLUBS FOUR,0.5616,0.1356,0.3028
CLUBS SEVEN SPADES NINE,0.3362,0.0398,0.624
CLUBS SEVEN SPADES SIX,0.5226,0.065,0.4124
CLUBS SEVEN SPADES SEVEN,0.2468,0.0816,0.6716
CLUBS SEVEN SPADES FIVE,0.5292,0.0644,0.4064
CLUBS SEVEN SPADES FOUR,0.6048,0.1482,0.247
CLUBS SEVEN SPADES THREE,0.5874,0.0692,0.3434
CLUBS SEVEN SPADES TWO,0.6032,0.064,0.3328
CLUBS NINE CLUBS SEVEN,0.306,0.042,0.652
CLUBS SEVEN CLUBS EIGHT,0.2108,0.2644,0.5248
HEARTS SIX DIAMONDS FIVE,0.516,0.0674,0.4166
HEARTS SEVEN DIAMONDS FIVE,0.5162,0.0644,0.4194
DIAMONDS FIVE HEARTS EIGHT,0.2164,0.4448,0.3388
DIAMONDS FIVE HEARTS NINE,0.3444,0.0446,0.611
DIAMONDS QUEEN DIAMONDS FIVE,0.3484,0.012,0.6396
HEARTS TWO DIAMONDS FIVE,0.5614,0.0682,0.3704
HEARTS KING HEARTS EIGHT,0.233,0.0362,0.7308
DIAMONDS KING DIAMONDS FIVE,0.3434,0.0082,0.6484
HEARTS THREE DIAMONDS FIVE,0.5514,0.071,0.3776
HEARTS QUEEN HEARTS EIGHT,0.2256,0.043,0.7314
DIAMONDS ACE DIAMONDS FIVE,0.338,0.0044,0.6576
HEARTS FOUR DIAMONDS FIVE,0.562,0.1518,0.2862
HEARTS FIVE DIAMONDS FIVE,0.2566,0.1026,0.6408
HEARTS ACE HEARTS EIGHT,0.2208,0.028,0.7512
CLUBS FOUR DIAMONDS FIVE,0.5654,0.1552,0.2794
CLUBS FIVE DIAMONDS FIVE,0.2582,0.0972,0.6446
CLUBS SIX DIAMONDS FIVE,0.5132,0.0712,0.4156
CLUBS SEVEN DIAMONDS FIVE,0.5242,0.066,0.4098
CLUBS TWO DIAMONDS FIVE,0.5684,0.07,0.3616
CLUBS THREE DIAMONDS FIVE,0.5474,0.068,0.3846
SPADES THREE DIAMONDS FIVE,0.5512,0.073,0.3758
SPADES TWO DIAMONDS FIVE,0.5722,0.0684,0.3594
SPADES JACK DIAMONDS EIGHT,0.2394,0.0634,0.6972
SPADES FIVE DIAMONDS FIVE,0.2512,0.1004,0.6484
CLUBS TEN HEARTS JACK,0.328,0.0176,0.6544
SPADES TEN DIAMONDS EIGHT,0.232,0.0784,0.6896
SPADES FOUR DIAMONDS FIVE,0.5872,0.1438,0.269
HEARTS JACK CLUBS JACK,0.1572,0.0382,0.8046
HEARTS JACK CLUBS QUEEN,0.3342,0.0078,0.658
CLUBS NINE DIAMONDS FIVE,0.3534,0.0426,0.604
CLUBS KING HEARTS JACK,0.3238,0.0076,0.6686
CLUBS EIGHT DIAMONDS FIVE,0.2192,0.4544,0.3264
CLUBS ACE HEARTS JACK,0.3428,0.0034,0.6538
SPADES SEVEN DIAMONDS FIVE,0.5316,0.068,0.4004
SPADES KING DIAMONDS EIGHT,0.2354,0.0354,0.7292
SPADES SIX DIAMONDS FIVE,0.5274,0.0696,0.403
SPADES QUEEN DIAMONDS EIGHT,0.2332,0.0532,0.7136
SPADES NINE DIAMONDS FIVE,0.3392,0.038,0.6228
SPADES ACE DIAMONDS EIGHT,0.2252,0.0334,0.7414
DIAMONDS TEN DIAMONDS SIX,0.341,0.0254,0.6336
HEARTS ACE DIAMONDS SEVEN,0.3586,0.0024,0.639
DIAMONDS JACK DIAMONDS SIX,0.3564,0.0162,0.6274
HEARTS QUEEN DIAMONDS SEVEN,0.3598,0.0104,0.6298
HEARTS KING DIAMONDS SEVEN,0.3644,0.007,0.6286
DIAMONDS ACE DIAMONDS SIX,0.3598,0.007,0.6332
HEARTS FOUR DIAMONDS SIX,0.5998,0.1502,0.25
SPADES TWO HEARTS JACK,0.4092,0.0218,0.569
HEARTS FIVE DIAMONDS SIX,0.505,0.0732,0.4218
SPADES TWO HEARTS TEN,0.4014,0.0322,0.5664
DIAMONDS QUEEN DIAMONDS SIX,0.3466,0.0112,0.6422
HEARTS TWO DIAMONDS SIX,0.5822,0.0662,0.3516
DIAMONDS KING DIAMONDS SIX,0.3504,0.0092,0.6404
HEARTS THREE DIAMONDS SIX,0.5684,0.0654,0.3662
DIAMONDS SIX HEARTS EIGHT,0.2108,0.3692,0.42
DIAMONDS SIX HEARTS NINE,0.342,0.0424,0.6156
HEARTS SIX DIAMONDS SIX,0.2576,0.09,0.6524
HEARTS SEVEN DIAMONDS SIX,0.4998,0.069,0.4312
HEARTS TEN DIAMONDS SEVEN,0.338,0.0286,0.6334
CLUBS TWO DIAMONDS SIX,0.574,0.0726,0.3534
HEARTS JACK DIAMONDS SEVEN,0.3382,0.0178,0.644
CLUBS THREE DIAMONDS SIX,0.5668,0.0712,0.362
CLUBS SEVEN DIAMONDS SIX,0.5004,0.0628,0.4368
DIAMONDS EIGHT CLUBS JACK,0.2358,0.0626,0.7016
CLUBS SIX DIAMONDS SIX,0.2546,0.0882,0.6572
CLUBS TEN DIAMONDS EIGHT,0.233,0.0772,0.6898
CLUBS FIVE DIAMONDS SIX,0.506,0.0698,0.4242
CLUBS FOUR DIAMONDS SIX,0.5998,0.1398,0.2604
HEARTS ACE HEARTS JACK,0.3058,0.0042,0.69
CLUBS ACE DIAMONDS EIGHT,0.2312,0.0282,0.7406
HEARTS QUEEN HEARTS JACK,0.316,0.0122,0.6718
CLUBS KING DIAMONDS EIGHT,0.2334,0.038,0.7286
CLUBS NINE DIAMONDS SIX,0.3362,0.0444,0.6194
HEARTS KING HEARTS JACK,0.3046,0.008,0.6874
CLUBS QUEEN DIAMONDS EIGHT,0.228,0.0534,0.7186
CLUBS EIGHT DIAMONDS SIX,0.209,0.3786,0.4124
SPADES TEN HEARTS KING,0.3378,0.0068,0.6554
SPADES FIVE DIAMONDS SIX,0.529,0.0684,0.4026
HEARTS ACE SPADES TWO,0.3984,0.0044,0.5972
SPADES JACK HEARTS KING,0.3344,0.0074,0.6582
SPADES FOUR DIAMONDS SIX,0.6058,0.1358,0.2584
SPADES THREE DIAMONDS SIX,0.5698,0.0686,0.3616
HEARTS QUEEN SPADES TWO,0.4004,0.0124,0.5872
SPADES ACE SPADES KING,0.3142,0.0064,0.6794
SPADES TWO HEARTS KING,0.4,0.0106,0.5894
SPADES TWO DIAMONDS SIX,0.5858,0.0654,0.3488
HEARTS TEN HEARTS EIGHT,0.223,0.0784,0.6986
SPADES NINE DIAMONDS SIX,0.3312,0.0438,0.625
HEARTS JACK HEARTS EIGHT,0.2222,0.057,0.7208
SPADES SEVEN DIAMONDS SIX,0.5296,0.0638,0.4066
SPADES SIX DIAMONDS SIX,0.2508,0.0886,0.6606
SPADES KING HEARTS KING,0.1282,0.0184,0.8534
SPADES QUEEN HEARTS KING,0.3294,0.0078,0.6628
CLUBS ACE CLUBS KING,0.3152,0.0038,0.681
SPADES ACE HEARTS KING,0.3356,0.0044,0.66
SPADES ACE HEARTS JACK,0.325,0.0038,0.6712
SPADES QUEEN HEARTS JACK,0.3278,0.0138,0.6584
SPADES KING HEARTS JACK,0.3284,0.006,0.6656
SPADES TEN DIAMONDS TEN,0.1418,0.0482,0.81
SPADES JACK DIAMONDS TEN,0.3034,0.0168,0.6798
SPADES ACE DIAMONDS TEN,0.324,0.005,0.671
SPADES JACK HEARTS JACK,0.1516,0.033,0.8154
SPADES TEN HEARTS JACK,0.3192,0.0162,0.6646
SPADES QUEEN DIAMONDS TEN,0.3076,0.0152,0.6772
SPADES KING DIAMONDS TEN,0.3154,0.0096,0.675
SPADES NINE DIAMONDS SEVEN,0.321,0.0434,0.6356
SPADES SEVEN DIAMONDS SEVEN,0.2606,0.0888,0.6506
SPADES SIX DIAMONDS SEVEN,0.5086,0.071,0.4204
DIAMONDS KING DIAMONDS SEVEN,0.3474,0.008,0.6446
HEARTS THREE DIAMONDS SEVEN,0.5786,0.0636,0.3578
HEARTS KING DIAMONDS FIVE,0.355,0.0086,0.6364
DIAMONDS QUEEN DIAMONDS SEVEN,0.3432,0.0134,0.6434
HEARTS TWO DIAMONDS SEVEN,0.5938,0.0632,0.343
HEARTS QUEEN DIAMONDS FIVE,0.3546,0.0144,0.631
HEARTS FIVE DIAMONDS SEVEN,0.5118,0.0648,0.4234
DIAMONDS ACE DIAMONDS SEVEN,0.347,0.0032,0.6498
HEARTS FOUR DIAMONDS SEVEN,0.5998,0.1528,0.2474
HEARTS ACE DIAMONDS FIVE,0.34,0.0052,0.6548
HEARTS SEVEN DIAMONDS SEVEN,0.2442,0.0828,0.673
HEARTS SIX DIAMONDS SEVEN,0.5188,0.0642,0.417
HEARTS NINE DIAMONDS SEVEN,0.3224,0.0394,0.6382
HEARTS EIGHT DIAMONDS SEVEN,0.2042,0.3008,0.495
DIAMONDS JACK DIAMONDS SEVEN,0.3442,0.0164,0.6394
HEARTS JACK DIAMONDS FIVE,0.3416,0.022,0.6364
DIAMONDS TEN DIAMONDS SEVEN,0.34,0.0232,0.6368
HEARTS TEN DIAMONDS FIVE,0.3658,0.0334,0.6008
SPADES KING CLUBS TWO,0.4004,0.0084,0.5912
HEARTS KING CLUBS KING,0.1488,0.0122,0.839
CLUBS EIGHT DIAMONDS SEVEN,0.2076,0.2958,0.4966
SPADES QUEEN CLUBS TWO,0.408,0.0152,0.5768
HEARTS KING CLUBS QUEEN,0.3374,0.0086,0.654
CLUBS NINE DIAMONDS SEVEN,0.3196,0.038,0.6424
SPADES TWO CLUBS JACK,0.4052,0.0186,0.5762
SPADES ACE CLUBS TWO,0.3896,0.0058,0.6046
CLUBS TEN SPADES TWO,0.3926,0.031,0.5764
HEARTS KING CLUBS ACE,0.3386,0.0046,0.6568
CLUBS SEVEN CLUBS SIX,0.4902,0.0612,0.4486
SPADES TWO CLUBS KING,0.3998,0.0086,0.5916
SPADES TWO DIAMONDS SEVEN,0.5972,0.0688,0.334
CLUBS EIGHT CLUBS SIX,0.2152,0.341,0.4438
SPADES THREE DIAMONDS SEVEN,0.5872,0.0714,0.3414
SPADES TWO CLUBS QUEEN,0.4056,0.0128,0.5816
CLUBS NINE CLUBS SIX,0.3278,0.037,0.6352
SPADES FOUR DIAMONDS SEVEN,0.6114,0.1452,0.2434
HEARTS KING CLUBS JACK,0.3328,0.0048,0.6624
SPADES FIVE DIAMONDS SEVEN,0.527,0.0652,0.4078
SPADES TWO CLUBS ACE,0.3918,0.0044,0.6038
CLUBS TEN HEARTS KING,0.3408,0.0058,0.6534
CLUBS SIX SPADES TWO,0.5866,0.0718,0.3416
CLUBS SIX SPADES THREE,0.5798,0.0654,0.3548
CLUBS TWO DIAMONDS SEVEN,0.5984,0.0682,0.3334
CLUBS SIX SPADES FOUR,0.6048,0.1436,0.2516
CLUBS THREE DIAMONDS SEVEN,0.5962,0.0648,0.339
CLUBS SIX SPADES FIVE,0.5222,0.0678,0.41
CLUBS FOUR DIAMONDS SEVEN,0.593,0.1484,0.2586
CLUBS SIX SPADES SIX,0.261,0.083,0.656
CLUBS FIVE DIAMONDS SEVEN,0.5316,0.0682,0.4002
CLUBS SIX SPADES SEVEN,0.5188,0.0682,0.413
CLUBS SIX DIAMONDS SEVEN,0.512,0.0666,0.4214
SPADES JACK CLUBS TWO,0.4028,0.0178,0.5794
CLUBS SEVEN DIAMONDS SEVEN,0.2564,0.0814,0.6622
SPADES NINE CLUBS SIX,0.337,0.0402,0.6228
SPADES TEN CLUBS TWO,0.386,0.0244,0.5896
CLUBS TWO CLUBS QUEEN,0.3702,0.012,0.6178
CLUBS TWO CLUBS KING,0.3682,0.0092,0.6226
CLUBS THREE DIAMONDS EIGHT,0.2698,0.517,0.2132
CLUBS TWO CLUBS ACE,0.3664,0.0038,0.6298
CLUBS TWO DIAMONDS EIGHT,0.2668,0.521,0.2122
HEARTS SEVEN DIAMONDS EIGHT,0.2094,0.2912,0.4994
HEARTS SIX DIAMONDS EIGHT,0.2174,0.372,0.4106
DIAMONDS EIGHT HEARTS NINE,0.215,0.1,0.685
CLUBS TEN CLUBS TWO,0.3716,0.0292,0.5992
HEARTS EIGHT DIAMONDS EIGHT,0.0848,0.095,0.8202
CLUBS TWO CLUBS JACK,0.3672,0.0196,0.6132
CLUBS NINE DIAMONDS EIGHT,0.2302,0.1054,0.6644
CLUBS EIGHT DIAMONDS EIGHT,0.0906,0.0832,0.8262
CLUBS FIVE DIAMONDS EIGHT,0.2106,0.4638,0.3256
SPADES ACE SPADES THREE,0.3742,0.0032,0.6226
CLUBS FOUR DIAMONDS EIGHT,0.01,0.9708,0.0192
CLUBS SEVEN DIAMONDS EIGHT,0.1968,0.301,0.5022
SPADES QUEEN SPADES THREE,0.3838,0.0112,0.605
CLUBS SIX DIAMONDS EIGHT,0.2172,0.3646,0.4182
SPADES KING SPADES THREE,0.381,0.0078,0.6112
DIAMONDS QUEEN DIAMONDS EIGHT,0.2352,0.049,0.7158
HEARTS TWO DIAMONDS EIGHT,0.2734,0.5172,0.2094
DIAMONDS KING DIAMONDS EIGHT,0.2244,0.0348,0.7408
HEARTS THREE DIAMONDS EIGHT,0.262,0.5224,0.2156
DIAMONDS ACE DIAMONDS EIGHT,0.2182,0.0294,0.7524
HEARTS FOUR DIAMONDS EIGHT,0.0124,0.966,0.0216
HEARTS FIVE DIAMONDS EIGHT,0.221,0.4526,0.3264
DIAMONDS TEN DIAMONDS EIGHT,0.2382,0.0726,0.6892
DIAMONDS JACK DIAMONDS EIGHT,0.2278,0.058,0.7142
SPADES JACK SPADES THREE,0.3796,0.019,0.6014
SPADES TEN SPADES THREE,0.3808,0.0282,0.591
CLUBS FOUR HEARTS ACE,0.2614,0.0228,0.7158
CLUBS FOUR HEARTS QUEEN,0.26,0.0404,0.6996
CLUBS FOUR HEARTS KING,0.2578,0.0328,0.7094
CLUBS SIX HEARTS TEN,0.3472,0.0274,0.6254
CLUBS SIX HEARTS JACK,0.3706,0.02,0.6094
SPADES FOUR DIAMONDS EIGHT,0.0082,0.984,0.0078
SPADES FIVE DIAMONDS EIGHT,0.2162,0.4668,0.317
SPADES TWO DIAMONDS EIGHT,0.2722,0.5148,0.213
SPADES THREE DIAMONDS EIGHT,0.2568,0.5198,0.2234
CLUBS FOUR HEARTS JACK,0.2556,0.0652,0.6792
SPADES TEN DIAMONDS QUEEN,0.3286,0.0106,0.6608
SPADES TEN HEARTS TWO,0.3948,0.028,0.5772
SPADES JACK HEARTS EIGHT,0.236,0.065,0.699
CLUBS FOUR HEARTS TEN,0.2566,0.0786,0.6648
SPADES NINE DIAMONDS EIGHT,0.2112,0.1068,0.682
SPADES TEN HEARTS EIGHT,0.2306,0.0708,0.6986
SPADES JACK HEARTS TWO,0.407,0.0202,0.5728
SPADES JACK DIAMONDS QUEEN,0.3218,0.0098,0.6684
SPADES SIX DIAMONDS EIGHT,0.223,0.3744,0.4026
SPADES SEVEN DIAMONDS EIGHT,0.2192,0.2974,0.4834
SPADES ACE HEARTS TWO,0.38,0.0082,0.6118
SPADES ACE DIAMONDS QUEEN,0.3234,0.004,0.6726
SPADES ACE HEARTS EIGHT,0.2264,0.029,0.7446
SPADES KING HEARTS EIGHT,0.2402,0.038,0.7218
SPADES QUEEN HEARTS TWO,0.4136,0.011,0.5754
SPADES QUEEN DIAMONDS QUEEN,0.1372,0.0262,0.8366
SPADES KING DIAMONDS QUEEN,0.3334,0.0082,0.6584
SPADES KING HEARTS TWO,0.399,0.0092,0.5918
SPADES QUEEN HEARTS EIGHT,0.2526,0.0474,0.7
CLUBS TWO HEARTS TEN,0.4038,0.0268,0.5694
CLUBS TWO HEARTS JACK,0.39,0.0192,0.5908
SPADES SEVEN DIAMONDS NINE,0.3202,0.039,0.6408
SPADES SIX DIAMONDS NINE,0.3366,0.0418,0.6216
SPADES NINE DIAMONDS NINE,0.142,0.0588,0.7992
SPADES TEN CLUBS KING,0.3374,0.0074,0.6552
DIAMONDS NINE SPADES THREE,0.385,0.0466,0.5684
SPADES JACK CLUBS KING,0.3378,0.0084,0.6538
DIAMONDS NINE SPADES TWO,0.402,0.0466,0.5514
SPADES FIVE DIAMONDS NINE,0.3486,0.0438,0.6076
SPADES FOUR DIAMONDS NINE,0.2424,0.1092,0.6484
CLUBS NINE DIAMONDS NINE,0.1464,0.0638,0.7898
CLUBS EIGHT DIAMONDS NINE,0.2162,0.111,0.6728
CLUBS SIX DIAMONDS NINE,0.3386,0.0428,0.6186
SPADES JACK CLUBS FOUR,0.2452,0.0554,0.6994
CLUBS SEVEN DIAMONDS NINE,0.333,0.0406,0.6264
SPADES TEN CLUBS FOUR,0.2338,0.0768,0.6894
CLUBS FOUR DIAMONDS NINE,0.2432,0.1042,0.6526
CLUBS FIVE DIAMONDS NINE,0.342,0.0452,0.6128
CLUBS TWO DIAMONDS NINE,0.3898,0.0412,0.569
CLUBS THREE DIAMONDS NINE,0.3946,0.048,0.5574
DIAMONDS NINE HEARTS EIGHT,0.2124,0.106,0.6816
DIAMONDS NINE HEARTS NINE,0.144,0.0554,0.8006
HEARTS SIX DIAMONDS NINE,0.3376,0.04,0.6224
HEARTS SEVEN DIAMONDS NINE,0.337,0.0446,0.6184
CLUBS NINE CLUBS EIGHT,0.1998,0.1066,0.6936
DIAMONDS ACE DIAMONDS NINE,0.316,0.0044,0.6796
HEARTS FOUR DIAMONDS NINE,0.2496,0.1004,0.65
HEARTS FIVE DIAMONDS NINE,0.3602,0.0438,0.596
HEARTS ACE CLUBS TWO,0.3916,0.0054,0.603
SPADES ACE CLUBS FOUR,0.2474,0.0204,0.7322
DIAMONDS NINE DIAMONDS QUEEN,0.3098,0.0112,0.679
HEARTS TWO DIAMONDS NINE,0.3984,0.046,0.5556
CLUBS TWO HEARTS KING,0.3962,0.0092,0.5946
SPADES KING CLUBS FOUR,0.252,0.031,0.717
DIAMONDS KING DIAMONDS NINE,0.3146,0.0078,0.6776
HEARTS THREE DIAMONDS NINE,0.394,0.0428,0.5632
CLUBS TWO HEARTS QUEEN,0.4,0.0124,0.5876
SPADES QUEEN CLUBS FOUR,0.2546,0.0442,0.7012
DIAMONDS NINE DIAMONDS JACK,0.3064,0.0142,0.6794
CLUBS EIGHT SPADES NINE,0.2224,0.0988,0.6788
DIAMONDS TEN DIAMONDS NINE,0.2974,0.023,0.6796
CLUBS EIGHT SPADES SEVEN,0.2224,0.293,0.4846
CLUBS EIGHT SPADES SIX,0.2172,0.368,0.4148
CLUBS EIGHT SPADES FIVE,0.2128,0.465,0.3222
CLUBS EIGHT SPADES FOUR,0.016,0.971,0.013
CLUBS EIGHT SPADES THREE,0.2778,0.5176,0.2046
CLUBS EIGHT SPADES TWO,0.2806,0.5086,0.2108
HEARTS SIX DIAMONDS TEN,0.3404,0.0228,0.6368
HEARTS SEVEN DIAMONDS TEN,0.3478,0.0254,0.6268
DIAMONDS TEN HEARTS EIGHT,0.2498,0.0816,0.6686
CLUBS FOUR CLUBS JACK,0.2442,0.0546,0.7012
DIAMONDS TEN HEARTS NINE,0.3144,0.0216,0.664
CLUBS TEN CLUBS FOUR,0.248,0.072,0.68
CLUBS FOUR CLUBS KING,0.2412,0.0266,0.7322
CLUBS FOUR CLUBS QUEEN,0.237,0.0428,0.7202
DIAMONDS TEN CLUBS TWO,0.4052,0.0308,0.564
CLUBS THREE DIAMONDS TEN,0.3912,0.0304,0.5784
CLUBS FOUR CLUBS ACE,0.2314,0.0198,0.7488
DIAMONDS TEN DIAMONDS JACK,0.2998,0.016,0.6842
DIAMONDS TEN DIAMONDS QUEEN,0.3118,0.0092,0.679
HEARTS TWO DIAMONDS TEN,0.4004,0.0326,0.567
DIAMONDS KING DIAMONDS TEN,0.3122,0.0082,0.6796
HEARTS THREE DIAMONDS TEN,0.3884,0.0276,0.584
DIAMONDS ACE DIAMONDS TEN,0.3152,0.0054,0.6794
HEARTS FOUR DIAMONDS TEN,0.236,0.083,0.681
CLUBS EIGHT HEARTS JACK,0.255,0.0556,0.6894
HEARTS FIVE DIAMONDS TEN,0.357,0.0258,0.6172
CLUBS EIGHT HEARTS TEN,0.2444,0.0756,0.68
CLUBS EIGHT HEARTS QUEEN,0.2492,0.053,0.6978
CLUBS EIGHT HEARTS KING,0.2446,0.0322,0.7232
CLUBS EIGHT HEARTS ACE,0.2354,0.026,0.7386
CLUBS NINE SPADES THREE,0.4046,0.0426,0.5528
CLUBS NINE SPADES TWO,0.4052,0.0388,0.556
CLUBS NINE SPADES FIVE,0.3512,0.0438,0.605
CLUBS NINE SPADES FOUR,0.2508,0.1074,0.6418
CLUBS NINE SPADES SEVEN,0.3276,0.044,0.6284
CLUBS NINE SPADES SIX,0.3434,0.044,0.6126
CLUBS NINE SPADES NINE,0.1472,0.06,0.7928
CLUBS TEN HEARTS EIGHT,0.2352,0.0774,0.6874
HEARTS EIGHT CLUBS JACK,0.2426,0.0638,0.6936
CLUBS QUEEN HEARTS EIGHT,0.2492,0.052,0.6988
CLUBS KING HEARTS EIGHT,0.2456,0.0348,0.7196
CLUBS ACE HEARTS EIGHT,0.2462,0.0304,0.7234
SPADES KING CLUBS KING,0.1314,0.0184,0.8502
SPADES QUEEN CLUBS KING,0.33,0.0072,0.6628
SPADES ACE CLUBS KING,0.3378,0.0044,0.6578
DIAMONDS ACE HEARTS TEN,0.3162,0.0044,0.6794
HEARTS FOUR HEARTS TEN,0.2388,0.0686,0.6926
DIAMONDS ACE HEARTS JACK,0.3368,0.0046,0.6586
HEARTS FOUR HEARTS JACK,0.2394,0.0522,0.7084
SPADES KING CLUBS FIVE,0.3484,0.0106,0.641
SPADES QUEEN CLUBS FIVE,0.3532,0.0164,0.6304
SPADES ACE CLUBS FIVE,0.3594,0.0054,0.6352
HEARTS SEVEN DIAMONDS JACK,0.3494,0.0204,0.6302
HEARTS SIX DIAMONDS JACK,0.3616,0.0178,0.6206
DIAMONDS JACK HEARTS NINE,0.3218,0.0154,0.6628
DIAMONDS JACK HEARTS EIGHT,0.2466,0.0624,0.691
DIAMONDS KING DIAMONDS JACK,0.3204,0.0078,0.6718
HEARTS THREE DIAMONDS JACK,0.3928,0.0252,0.582
SPADES ACE SPADES SIX,0.332,0.0064,0.6616
HEARTS ACE SPADES FOUR,0.256,0.0212,0.7228
DIAMONDS QUEEN DIAMONDS JACK,0.311,0.0108,0.6782
HEARTS TWO DIAMONDS JACK,0.4022,0.0186,0.5792
HEARTS FIVE DIAMONDS JACK,0.3518,0.0176,0.6306
SPADES QUEEN SPADES SIX,0.3564,0.0102,0.6334
SPADES FOUR HEARTS QUEEN,0.2548,0.0426,0.7026
DIAMONDS ACE DIAMONDS JACK,0.3222,0.0048,0.673
HEARTS FOUR DIAMONDS JACK,0.2582,0.0522,0.6896
SPADES KING SPADES SIX,0.3424,0.0088,0.6488
SPADES FOUR HEARTS KING,0.258,0.0328,0.7092
SPADES TEN SPADES SIX,0.3416,0.0242,0.6342
SPADES JACK SPADES SIX,0.3578,0.0194,0.6228
SPADES FOUR DIAMONDS JACK,0.2484,0.0578,0.6938
SPADES FIVE DIAMONDS JACK,0.355,0.0228,0.6222
SPADES TWO DIAMONDS JACK,0.4012,0.0206,0.5782
SPADES THREE DIAMONDS JACK,0.3972,0.0232,0.5796
SPADES ACE DIAMONDS THREE,0.3918,0.0058,0.6024
SPADES QUEEN DIAMONDS THREE,0.3966,0.0122,0.5912
CLUBS EIGHT DIAMONDS JACK,0.2454,0.0564,0.6982
SPADES KING DIAMONDS THREE,0.3922,0.0074,0.6004
CLUBS NINE DIAMONDS JACK,0.3162,0.0174,0.6664
CLUBS SIX DIAMONDS JACK,0.3558,0.0176,0.6266
CLUBS SEVEN DIAMONDS JACK,0.3538,0.0172,0.629
CLUBS FOUR DIAMONDS JACK,0.2454,0.0528,0.7018
CLUBS FIVE DIAMONDS JACK,0.3636,0.019,0.6174
CLUBS TWO DIAMONDS JACK,0.3986,0.0206,0.5808
CLUBS THREE DIAMONDS JACK,0.4094,0.017,0.5736
SPADES TEN CLUBS FIVE,0.3608,0.028,0.6112
SPADES JACK HEARTS SIX,0.3558,0.0168,0.6274
HEARTS SIX SPADES TEN,0.3496,0.0266,0.6238
SPADES JACK CLUBS FIVE,0.3564,0.0222,0.6214
SPADES JACK DIAMONDS THREE,0.4106,0.023,0.5664
CLUBS SEVEN CLUBS ACE,0.3312,0.0032,0.6656
DIAMONDS THREE SPADES TEN,0.395,0.0302,0.5748
CLUBS SEVEN CLUBS QUEEN,0.3454,0.0138,0.6408
CLUBS SEVEN CLUBS KING,0.3284,0.0076,0.664
SPADES NINE DIAMONDS JACK,0.3072,0.0188,0.674
CLUBS TEN CLUBS SEVEN,0.3348,0.0272,0.638
DIAMONDS ACE HEARTS ACE,0.131,0.0044,0.8646
HEARTS FOUR HEARTS ACE,0.2426,0.0218,0.7356
SPADES ACE HEARTS SIX,0.356,0.0036,0.6404
CLUBS SEVEN CLUBS JACK,0.3292,0.0164,0.6544
DIAMONDS ACE HEARTS KING,0.3358,0.0058,0.6584
HEARTS FOUR HEARTS KING,0.2306,0.0336,0.7358
SPADES SEVEN DIAMONDS JACK,0.352,0.0202,0.6278
SPADES KING HEARTS SIX,0.362,0.0102,0.6278
DIAMONDS ACE HEARTS QUEEN,0.3386,0.004,0.6574
HEARTS FOUR HEARTS QUEEN,0.2512,0.0372,0.7116
SPADES SIX DIAMONDS JACK,0.3596,0.0202,0.6202
SPADES QUEEN HEARTS SIX,0.362,0.012,0.626
DIAMONDS TEN SPADES TWO,0.405,0.0336,0.5614
DIAMONDS TEN SPADES THREE,0.4086,0.03,0.5614
DIAMONDS TEN SPADES FOUR,0.232,0.0842,0.6838
SPADES FIVE DIAMONDS TEN,0.3652,0.0288,0.606
SPADES SIX DIAMONDS TEN,0.358,0.0286,0.6134
SPADES SEVEN DIAMONDS TEN,0.3448,0.0234,0.6318
SPADES NINE DIAMONDS TEN,0.2958,0.0236,0.6806
CLUBS FOUR DIAMONDS TEN,0.2474,0.0826,0.67
CLUBS FIVE DIAMONDS TEN,0.3654,0.0266,0.608
CLUBS SIX DIAMONDS TEN,0.3482,0.0282,0.6236
CLUBS SEVEN DIAMONDS TEN,0.341,0.0254,0.6336
CLUBS EIGHT DIAMONDS TEN,0.2408,0.0724,0.6868
CLUBS NINE DIAMONDS TEN,0.3056,0.0218,0.6726
DIAMONDS THREE CLUBS JACK,0.4062,0.018,0.5758
CLUBS TEN DIAMONDS THREE,0.4028,0.0294,0.5678
DIAMONDS THREE CLUBS KING,0.4152,0.0106,0.5742
DIAMONDS THREE CLUBS QUEEN,0.405,0.0076,0.5874
DIAMONDS THREE CLUBS ACE,0.3948,0.0038,0.6014
SPADES FOUR HEARTS JACK,0.2546,0.0614,0.684
SPADES FOUR HEARTS TEN,0.2564,0.083,0.6606
SPADES FIVE SPADES TWO,0.5406,0.0668,0.3926
SPADES FOUR SPADES TWO,0.5812,0.1486,0.2702
SPADES THREE SPADES TWO,0.5706,0.0612,0.3682
SPADES NINE SPADES TWO,0.3772,0.0448,0.578
SPADES SEVEN SPADES TWO,0.5632,0.0644,0.3724
SPADES SIX SPADES TWO,0.569,0.062,0.369
CLUBS THREE DIAMONDS QUEEN,0.4046,0.0128,0.5826
CLUBS THREE HEARTS TWO,0.5916,0.0708,0.3376
CLUBS TWO DIAMONDS QUEEN,0.3912,0.0144,0.5944
HEARTS TWO CLUBS TWO,0.3756,0.1072,0.5172
HEARTS SEVEN DIAMONDS QUEEN,0.372,0.0122,0.6158
HEARTS SEVEN HEARTS TWO,0.552,0.0618,0.3862
HEARTS SIX DIAMONDS QUEEN,0.3548,0.0124,0.6328
HEARTS SIX HEARTS TWO,0.543,0.0632,0.3938
DIAMONDS QUEEN HEARTS NINE,0.3294,0.0112,0.6594
HEARTS TWO HEARTS NINE,0.369,0.0422,0.5888
DIAMONDS QUEEN HEARTS EIGHT,0.2404,0.0468,0.7128
HEARTS TWO HEARTS EIGHT,0.2614,0.4724,0.2662
CLUBS NINE HEARTS TWO,0.393,0.0434,0.5636
CLUBS NINE DIAMONDS QUEEN,0.3234,0.0128,0.6638
CLUBS EIGHT HEARTS TWO,0.2782,0.5118,0.21
CLUBS EIGHT DIAMONDS QUEEN,0.254,0.0466,0.6994
CLUBS FIVE DIAMONDS QUEEN,0.3712,0.0124,0.6164
CLUBS FIVE HEARTS TWO,0.5666,0.068,0.3654
CLUBS FOUR DIAMONDS QUEEN,0.2506,0.0438,0.7056
CLUBS FOUR HEARTS TWO,0.5954,0.1452,0.2594
CLUBS SEVEN DIAMONDS QUEEN,0.3712,0.0106,0.6182
CLUBS SEVEN HEARTS TWO,0.599,0.06,0.341
CLUBS SIX DIAMONDS QUEEN,0.3578,0.0098,0.6324
CLUBS SIX HEARTS TWO,0.5736,0.0682,0.3582
SPADES SIX DIAMONDS QUEEN,0.3702,0.0128,0.617
SPADES SIX HEARTS TWO,0.5956,0.0716,0.3328
HEARTS FOUR CLUBS QUEEN,0.2676,0.046,0.6864
DIAMONDS ACE CLUBS QUEEN,0.3374,0.0038,0.6588
SPADES SEVEN DIAMONDS QUEEN,0.3636,0.013,0.6234
SPADES SEVEN HEARTS TWO,0.6018,0.063,0.3352
HEARTS FOUR CLUBS KING,0.2576,0.031,0.7114
DIAMONDS ACE CLUBS KING,0.334,0.0034,0.6626
HEARTS FOUR CLUBS ACE,0.258,0.0244,0.7176
DIAMONDS ACE CLUBS ACE,0.1424,0.0046,0.853
SPADES NINE DIAMONDS QUEEN,0.3074,0.0128,0.6798
SPADES NINE HEARTS TWO,0.3896,0.0478,0.5626
HEARTS TWO SPADES TWO,0.359,0.1024,0.5386
DIAMONDS QUEEN SPADES TWO,0.393,0.0144,0.5926
HEARTS TWO SPADES THREE,0.5948,0.0756,0.3296
SPADES THREE DIAMONDS QUEEN,0.409,0.014,0.577
HEARTS TWO SPADES FOUR,0.6024,0.1514,0.2462
SPADES FOUR DIAMONDS QUEEN,0.248,0.0502,0.7018
CLUBS TEN HEARTS FOUR,0.2678,0.0742,0.658
CLUBS TEN DIAMONDS ACE,0.339,0.0042,0.6568
HEARTS TWO SPADES FIVE,0.5604,0.0722,0.3674
SPADES FIVE DIAMONDS QUEEN,0.3644,0.013,0.6226
HEARTS FOUR CLUBS JACK,0.2618,0.0558,0.6824
DIAMONDS ACE CLUBS JACK,0.3276,0.0042,0.6682
CLUBS FIVE CLUBS KING,0.3326,0.0084,0.659
CLUBS FIVE CLUBS QUEEN,0.3336,0.0118,0.6546
CLUBS FIVE CLUBS ACE,0.3438,0.004,0.6522
CLUBS FIVE CLUBS JACK,0.3496,0.0178,0.6326
CLUBS TEN CLUBS FIVE,0.3412,0.028,0.6308
SPADES KING CLUBS JACK,0.3198,0.0066,0.6736
SPADES QUEEN CLUBS JACK,0.3242,0.0098,0.666
SPADES ACE CLUBS JACK,0.3248,0.0042,0.671
SPADES SIX CLUBS KING,0.3568,0.0086,0.6346
SPADES SIX CLUBS QUEEN,0.3646,0.0126,0.6228
SPADES SIX CLUBS ACE,0.3684,0.0034,0.6282
SPADES SIX CLUBS JACK,0.366,0.0188,0.6152
CLUBS TEN SPADES SIX,0.3544,0.0256,0.62
SPADES TEN CLUBS JACK,0.3156,0.011,0.6734
SPADES JACK CLUBS JACK,0.1614,0.0406,0.798
SPADES QUEEN CLUBS SEVEN,0.3652,0.009,0.6258
SPADES KING CLUBS SEVEN,0.36,0.0068,0.6332
SPADES ACE CLUBS SEVEN,0.3622,0.0038,0.634
SPADES SIX HEARTS TEN,0.3646,0.0278,0.6076
SPADES SIX HEARTS JACK,0.3698,0.016,0.6142
SPADES SIX HEARTS ACE,0.3712,0.005,0.6238
SPADES SIX HEARTS KING,0.3752,0.0096,0.6152
SPADES SIX HEARTS QUEEN,0.3716,0.0156,0.6128
CLUBS SEVEN SPADES JACK,0.3568,0.0168,0.6264
CLUBS SEVEN SPADES TEN,0.3396,0.0228,0.6376
CLUBS TEN HEARTS SIX,0.3588,0.0254,0.6158
HEARTS SIX CLUBS JACK,0.3776,0.0184,0.604
CLUBS ACE CLUBS JACK,0.3108,0.0028,0.6864
HEARTS SIX CLUBS QUEEN,0.3768,0.0084,0.6148
HEARTS SIX CLUBS KING,0.3626,0.0084,0.629
HEARTS SIX CLUBS ACE,0.369,0.0036,0.6274
CLUBS QUEEN CLUBS JACK,0.2974,0.0104,0.6922
CLUBS KING CLUBS JACK,0.3158,0.0076,0.6766
DIAMONDS THREE HEARTS ACE,0.3894,0.005,0.6056
DIAMONDS THREE HEARTS QUEEN,0.4016,0.015,0.5834
DIAMONDS THREE HEARTS KING,0.3994,0.0092,0.5914
CLUBS FIVE HEARTS JACK,0.3794,0.018,0.6026
SPADES TEN DIAMONDS ACE,0.3236,0.0044,0.672
HEARTS FOUR SPADES TEN,0.2482,0.0816,0.6702
CLUBS FIVE HEARTS TEN,0.3596,0.0252,0.6152
HEARTS FOUR SPADES JACK,0.2556,0.0602,0.6842
SPADES JACK DIAMONDS ACE,0.3254,0.0044,0.6702
SPADES ACE HEARTS FOUR,0.2484,0.0146,0.737
SPADES ACE DIAMONDS ACE,0.1304,0.0052,0.8644
CLUBS FIVE HEARTS ACE,0.3618,0.0052,0.633
CLUBS FIVE HEARTS KING,0.3704,0.0078,0.6218
HEARTS FOUR SPADES QUEEN,0.2484,0.041,0.7106
SPADES QUEEN DIAMONDS ACE,0.329,0.0064,0.6646
SPADES FOUR CLUBS JACK,0.2598,0.057,0.6832
CLUBS FIVE HEARTS QUEEN,0.3602,0.0112,0.6286
SPADES KING DIAMONDS ACE,0.3314,0.005,0.6636
SPADES KING HEARTS FOUR,0.2442,0.0346,0.7212
CLUBS TEN SPADES FOUR,0.2556,0.0802,0.6642
DIAMONDS ACE DIAMONDS QUEEN,0.315,0.0046,0.6804
DIAMONDS ACE HEARTS TWO,0.3946,0.0072,0.5982
HEARTS FOUR DIAMONDS QUEEN,0.2552,0.0432,0.7016
HEARTS FOUR HEARTS TWO,0.5542,0.1436,0.3022
DIAMONDS THREE HEARTS TEN,0.4054,0.0258,0.5688
SPADES FOUR CLUBS KING,0.2566,0.0348,0.7086
HEARTS FIVE DIAMONDS QUEEN,0.3616,0.012,0.6264
HEARTS FIVE HEARTS TWO,0.5278,0.0704,0.4018
DIAMONDS THREE HEARTS JACK,0.3944,0.0194,0.5862
SPADES FOUR CLUBS QUEEN,0.256,0.0444,0.6996
HEARTS TWO DIAMONDS QUEEN,0.3966,0.0144,0.589
DIAMONDS KING DIAMONDS QUEEN,0.3238,0.0066,0.6696
DIAMONDS KING HEARTS TWO,0.4008,0.0078,0.5914
HEARTS THREE DIAMONDS QUEEN,0.4024,0.0132,0.5844
HEARTS THREE HEARTS TWO,0.551,0.0682,0.3808
SPADES FOUR CLUBS ACE,0.2542,0.018,0.7278
HEARTS TWO CLUBS ACE,0.391,0.0044,0.6046
DIAMONDS QUEEN CLUBS ACE,0.343,0.003,0.654
HEARTS TWO CLUBS QUEEN,0.4036,0.0132,0.5832
DIAMONDS QUEEN CLUBS QUEEN,0.148,0.0268,0.8252
HEARTS TWO CLUBS KING,0.4024,0.009,0.5886
DIAMONDS QUEEN CLUBS KING,0.3312,0.0064,0.6624
CLUBS TEN HEARTS TWO,0.4004,0.0318,0.5678
CLUBS TEN DIAMONDS QUEEN,0.323,0.0096,0.6674
SPADES NINE SPADES FIVE,0.348,0.0438,0.6082
HEARTS TWO CLUBS JACK,0.3996,0.0202,0.5802
DIAMONDS QUEEN CLUBS JACK,0.3398,0.008,0.6522
SPADES SIX SPADES FIVE,0.4948,0.0646,0.4406
SPADES SEVEN SPADES FIVE,0.5098,0.0662,0.424
DIAMONDS FIVE CLUBS QUEEN,0.3616,0.0126,0.6258
CLUBS KING DIAMONDS FIVE,0.3524,0.0082,0.6394
CLUBS ACE DIAMONDS FIVE,0.3662,0.0038,0.63
CLUBS TEN DIAMONDS FIVE,0.3616,0.028,0.6104
DIAMONDS FIVE CLUBS JACK,0.3668,0.019,0.6142
DIAMONDS TEN HEARTS JACK,0.3106,0.0126,0.6768
DIAMONDS TEN HEARTS TEN,0.1486,0.0466,0.8048
SPADES ACE CLUBS NINE,0.3318,0.0036,0.6646
CLUBS NINE SPADES QUEEN,0.322,0.0104,0.6676
CLUBS NINE SPADES KING,0.3238,0.0088,0.6674
HEARTS SIX HEARTS KING,0.3334,0.0072,0.6594
DIAMONDS KING SPADES SEVEN,0.36,0.0094,0.6306
SPADES SEVEN HEARTS THREE,0.5882,0.0694,0.3424
SPADES KING DIAMONDS SEVEN,0.366,0.0092,0.6248
HEARTS SIX HEARTS QUEEN,0.348,0.0126,0.6394
DIAMONDS KING SPADES SIX,0.364,0.0082,0.6278
HEARTS THREE SPADES SIX,0.5776,0.0696,0.3528
SPADES QUEEN DIAMONDS SEVEN,0.354,0.0104,0.6356
SPADES NINE DIAMONDS KING,0.3312,0.0098,0.659
SPADES NINE HEARTS THREE,0.396,0.047,0.557
HEARTS SIX HEARTS ACE,0.3516,0.0044,0.644
SPADES ACE DIAMONDS SEVEN,0.3588,0.004,0.6372
CLUBS NINE HEARTS THREE,0.4046,0.0462,0.5492
CLUBS NINE DIAMONDS KING,0.3278,0.0096,0.6626
CLUBS EIGHT HEARTS THREE,0.2738,0.5032,0.223
CLUBS EIGHT DIAMONDS KING,0.2388,0.0348,0.7264
HEARTS THREE SPADES THREE,0.383,0.1092,0.5078
DIAMONDS KING SPADES THREE,0.398,0.0084,0.5936
HEARTS THREE SPADES TWO,0.5958,0.064,0.3402
DIAMONDS KING SPADES TWO,0.397,0.0094,0.5936
HEARTS THREE SPADES FIVE,0.554,0.0748,0.3712
DIAMONDS KING SPADES FIVE,0.37,0.0098,0.6202
HEARTS THREE SPADES FOUR,0.602,0.147,0.251
DIAMONDS KING SPADES FOUR,0.2528,0.033,0.7142
DIAMONDS KING CLUBS TWO,0.4044,0.0096,0.586
HEARTS THREE CLUBS TWO,0.583,0.0724,0.3446
DIAMONDS KING CLUBS THREE,0.4134,0.0106,0.576
CLUBS THREE HEARTS THREE,0.3662,0.1036,0.5302
DIAMONDS KING CLUBS FOUR,0.249,0.0346,0.7164
