opposingHand,winningChance,drawChance,lostChance
DIAMONDS JACK DIAMONDS TEN
CLUBS FIVE HEARTS TWO,0.6706,0.0186,0.3108
CLUBS JACK SPADES SIX,0.6692,0.1106,0.2202
HEARTS EIGHT DIAMONDS FOUR,0.6872,0.0108,0.302
CLUBS JACK HEARTS NINE,0.6644,0.1158,0.2198
SPADES ACE HEARTS SIX,0.496,0.0048,0.4992
DIAMONDS TWO CLUBS TWO,0.5122,0.0294,0.4584
SPADES SEVEN DIAMONDS FIVE,0.6604,0.0172,0.3224
CLUBS SEVEN DIAMONDS SEVEN,0.4806,0.0228,0.4966
HEARTS EIGHT HEARTS SIX,0.6286,0.013,0.3584
SPADES JACK HEARTS QUEEN,0.2828,0.0378,0.6794
CLUBS TEN HEARTS ACE,0.3162,0.0164,0.6674
CLUBS JACK DIAMONDS FIVE,0.6546,0.1146,0.2308
CLUBS SEVEN CLUBS FOUR,0.623,0.012,0.365
SPADES JACK CLUBS QUEEN,0.294,0.036,0.67
HEARTS SEVEN DIAMONDS SIX,0.6368,0.0146,0.3486
DIAMONDS TWO DIAMONDS FOUR,0.6782,0.0176,0.3042
HEARTS FOUR SPADES EIGHT,0.6882,0.015,0.2968
DIAMONDS QUEEN CLUBS QUEEN,0.1978,0.0104,0.7918
HEARTS FIVE HEARTS KING,0.4638,0.0062,0.53
CLUBS TWO SPADES TWO,0.504,0.0308,0.4652
SPADES SEVEN SPADES TWO,0.6562,0.0146,0.3292
HEARTS SEVEN SPADES SIX,0.6594,0.012,0.3286
CLUBS TEN DIAMONDS SIX,0.7308,0.0534,0.2158
DIAMONDS THREE HEARTS TEN,0.7204,0.061,0.2186
DIAMONDS SEVEN DIAMONDS SIX,0.6502,0.0148,0.335
CLUBS FOUR SPADES FIVE,0.639,0.013,0.348
CLUBS EIGHT HEARTS TWO,0.6968,0.0154,0.2878
HEARTS KING HEARTS NINE,0.4286,0.0072,0.5642
CLUBS JACK SPADES TEN,0.0688,0.912,0.0192
CLUBS SIX HEARTS NINE,0.6806,0.0134,0.306
DIAMONDS KING HEARTS TEN,0.283,0.0286,0.6884
SPADES ACE SPADES THREE,0.4474,0.0048,0.5478
HEARTS FOUR CLUBS KING,0.5048,0.007,0.4882
HEARTS QUEEN HEARTS JACK,0.2792,0.0396,0.6812
DIAMONDS THREE HEARTS QUEEN,0.4766,0.0084,0.515
HEARTS SEVEN CLUBS ACE,0.4728,0.0046,0.5226
SPADES EIGHT DIAMONDS FOUR,0.6898,0.015,0.2952
HEARTS EIGHT CLUBS NINE,0.6538,0.0156,0.3306
HEARTS FIVE DIAMONDS SIX,0.6674,0.014,0.3186
SPADES KING SPADES SEVEN,0.4534,0.0076,0.539
CLUBS EIGHT SPADES TWO,0.7002,0.0146,0.2852
HEARTS SIX HEARTS QUEEN,0.4596,0.0096,0.5308
CLUBS THREE HEARTS KING,0.4952,0.0086,0.4962
DIAMONDS TWO SPADES JACK,0.6776,0.1192,0.2032
HEARTS FOUR DIAMONDS SEVEN,0.6618,0.016,0.3222
CLUBS JACK HEARTS SIX,0.6734,0.119,0.2076
SPADES QUEEN DIAMONDS FOUR,0.4836,0.0126,0.5038
CLUBS SEVEN SPADES EIGHT,0.6538,0.0134,0.3328
SPADES EIGHT DIAMONDS SIX,0.661,0.016,0.323
SPADES SIX SPADES THREE,0.633,0.015,0.352
HEARTS TWO CLUBS KING,0.4788,0.0094,0.5118
CLUBS TEN HEARTS NINE,0.719,0.0516,0.2294
SPADES QUEEN CLUBS FIVE,0.4848,0.0078,0.5074
SPADES EIGHT DIAMONDS FIVE,0.662,0.0152,0.3228
DIAMONDS NINE CLUBS ACE,0.451,0.0044,0.5446
DIAMONDS THREE CLUBS EIGHT,0.7044,0.0146,0.281
HEARTS KING DIAMONDS SEVEN,0.4692,0.006,0.5248
CLUBS FIVE CLUBS QUEEN,0.4494,0.0092,0.5414
HEARTS NINE DIAMONDS FOUR,0.7044,0.0116,0.284
HEARTS SEVEN HEARTS NINE,0.628,0.0126,0.3594
HEARTS FIVE CLUBS THREE,0.6614,0.0152,0.3234
CLUBS EIGHT SPADES NINE,0.6642,0.0128,0.323
CLUBS EIGHT DIAMONDS ACE,0.4542,0.0048,0.541
HEARTS EIGHT CLUBS ACE,0.4588,0.0032,0.538
DIAMONDS TWO DIAMONDS SIX,0.6696,0.015,0.3154
CLUBS FOUR HEARTS ACE,0.4812,0.0036,0.5152
SPADES QUEEN SPADES SIX,0.4616,0.0114,0.527
CLUBS TWO HEARTS NINE,0.708,0.0144,0.2776
HEARTS THREE SPADES TWO,0.656,0.015,0.329
CLUBS EIGHT CLUBS SIX,0.6342,0.0118,0.354
SPADES NINE SPADES THREE,0.6702,0.0114,0.3184
HEARTS SIX HEARTS NINE,0.6378,0.0144,0.3478
HEARTS FOUR DIAMONDS ACE,0.4664,0.0042,0.5294
HEARTS THREE DIAMONDS SEVEN,0.682,0.0168,0.3012
CLUBS FOUR HEARTS KING,0.4912,0.0072,0.5016
CLUBS FOUR DIAMONDS SIX,0.6626,0.0142,0.3232
CLUBS SEVEN HEARTS JACK,0.6676,0.1084,0.224
HEARTS SIX CLUBS SEVEN,0.6538,0.0118,0.3344
CLUBS EIGHT CLUBS FIVE,0.6346,0.0124,0.353
SPADES TWO DIAMONDS FIVE,0.6736,0.0128,0.3136
SPADES SEVEN DIAMONDS EIGHT,0.6458,0.015,0.3392
DIAMONDS THREE DIAMONDS NINE,0.693,0.0128,0.2942
CLUBS SEVEN HEARTS TWO,0.6946,0.0154,0.29
HEARTS FIVE HEARTS FOUR,0.6054,0.0142,0.3804
SPADES KING SPADES JACK,0.2886,0.025,0.6864
HEARTS SEVEN CLUBS EIGHT,0.664,0.0126,0.3234
HEARTS SEVEN CLUBS THREE,0.689,0.016,0.295
DIAMONDS THREE CLUBS TWO,0.6522,0.018,0.3298
HEARTS SEVEN HEARTS THREE,0.6462,0.0118,0.342
SPADES KING CLUBS FOUR,0.494,0.0082,0.4978
DIAMONDS TWO HEARTS TWO,0.5054,0.0272,0.4674
CLUBS TEN SPADES NINE,0.714,0.057,0.229
SPADES KING DIAMONDS SIX,0.472,0.0086,0.5194
DIAMONDS ACE CLUBS TWO,0.47,0.0042,0.5258
SPADES ACE SPADES NINE,0.4372,0.004,0.5588
SPADES QUEEN CLUBS FOUR,0.486,0.0082,0.5058
SPADES ACE DIAMONDS THREE,0.473,0.0048,0.5222
HEARTS FOUR SPADES NINE,0.703,0.0142,0.2828
DIAMONDS TWO HEARTS QUEEN,0.4726,0.009,0.5184
HEARTS THREE DIAMONDS NINE,0.7018,0.0154,0.2828
SPADES SEVEN HEARTS QUEEN,0.4806,0.011,0.5084
HEARTS TWO CLUBS TWO,0.4994,0.0244,0.4762
CLUBS TWO DIAMONDS FOUR,0.6768,0.0152,0.308
CLUBS JACK DIAMONDS FOUR,0.661,0.1224,0.2166
HEARTS FIVE HEARTS TWO,0.6408,0.015,0.3442
SPADES FOUR CLUBS ACE,0.4812,0.0036,0.5152
CLUBS JACK DIAMONDS ACE,0.297,0.017,0.686
SPADES TWO DIAMONDS SEVEN,0.6862,0.0142,0.2996
CLUBS SEVEN HEARTS QUEEN,0.4794,0.0084,0.5122
SPADES TWO HEARTS QUEEN,0.4876,0.009,0.5034
DIAMONDS QUEEN SPADES FOUR,0.479,0.0108,0.5102
HEARTS QUEEN CLUBS QUEEN,0.216,0.0102,0.7738
CLUBS JACK HEARTS TWO,0.6768,0.1178,0.2054
SPADES JACK HEARTS ACE,0.307,0.0134,0.6796
CLUBS SEVEN DIAMONDS KING,0.4688,0.0076,0.5236
DIAMONDS THREE SPADES JACK,0.6592,0.1158,0.225
CLUBS JACK HEARTS QUEEN,0.2944,0.039,0.6666
CLUBS TEN SPADES TEN,0.3752,0.0256,0.5992
CLUBS FOUR CLUBS KING,0.4642,0.0046,0.5312
CLUBS FOUR DIAMONDS EIGHT,0.6838,0.0106,0.3056
CLUBS NINE SPADES THREE,0.6966,0.0136,0.2898
SPADES NINE DIAMONDS FIVE,0.6876,0.0128,0.2996
CLUBS SEVEN SPADES THREE,0.6854,0.014,0.3006
HEARTS SIX DIAMONDS EIGHT,0.6678,0.0114,0.3208
DIAMONDS EIGHT HEARTS TEN,0.7046,0.0576,0.2378
DIAMONDS KING DIAMONDS FIVE,0.4454,0.0066,0.548
CLUBS TEN CLUBS THREE,0.6874,0.0554,0.2572
SPADES QUEEN DIAMONDS QUEEN,0.2026,0.0122,0.7852
HEARTS FIVE CLUBS KING,0.4856,0.004,0.5104
SPADES SEVEN SPADES SIX,0.6142,0.0148,0.371
SPADES KING HEARTS THREE,0.483,0.009,0.508
SPADES JACK HEARTS TEN,0.0716,0.9036,0.0248
SPADES TEN SPADES SEVEN,0.6824,0.0484,0.2692
CLUBS SIX HEARTS THREE,0.6748,0.0154,0.3098
SPADES SEVEN DIAMONDS NINE,0.6734,0.0138,0.3128
HEARTS EIGHT DIAMONDS EIGHT,0.4676,0.0234,0.509
CLUBS EIGHT CLUBS THREE,0.651,0.015,0.334
HEARTS EIGHT HEARTS THREE,0.6612,0.0134,0.3254
SPADES THREE HEARTS QUEEN,0.4818,0.0106,0.5076
SPADES TEN DIAMONDS KING,0.2754,0.0302,0.6944
SPADES ACE HEARTS TWO,0.4752,0.0048,0.52
CLUBS KING CLUBS QUEEN,0.3792,0.0064,0.6144
CLUBS FIVE DIAMONDS ACE,0.4704,0.0056,0.524
HEARTS ACE DIAMONDS FOUR,0.4794,0.0048,0.5158
CLUBS JACK HEARTS KING,0.2976,0.0314,0.671
HEARTS SEVEN SPADES TEN,0.7228,0.0528,0.2244
DIAMONDS THREE HEARTS KING,0.4798,0.0072,0.513
DIAMONDS THREE DIAMONDS KING,0.4388,0.0086,0.5526
CLUBS TWO CLUBS KING,0.4492,0.0064,0.5444
CLUBS TEN HEARTS FIVE,0.7268,0.0562,0.217
SPADES JACK CLUBS ACE,0.318,0.0158,0.6662
DIAMONDS KING HEARTS NINE,0.4546,0.006,0.5394
SPADES NINE CLUBS SIX,0.6784,0.016,0.3056
CLUBS ACE DIAMONDS FOUR,0.481,0.004,0.515
HEARTS EIGHT CLUBS KING,0.4822,0.0048,0.513
SPADES EIGHT DIAMONDS QUEEN,0.4496,0.01,0.5404
DIAMONDS TWO SPADES NINE,0.7088,0.0126,0.2786
CLUBS NINE DIAMONDS FOUR,0.6928,0.0152,0.292
CLUBS EIGHT DIAMONDS NINE,0.6636,0.0134,0.323
HEARTS ACE CLUBS KING,0.406,0.0048,0.5892
SPADES NINE HEARTS TWO,0.705,0.0154,0.2796
HEARTS ACE DIAMONDS SIX,0.479,0.005,0.516
HEARTS TWO DIAMONDS ACE,0.4758,0.0056,0.5186
SPADES ACE DIAMONDS SEVEN,0.4658,0.0044,0.5298
SPADES EIGHT HEARTS NINE,0.6698,0.0162,0.314
DIAMONDS ACE CLUBS QUEEN,0.3988,0.004,0.5972
DIAMONDS KING HEARTS ACE,0.4068,0.005,0.5882
DIAMONDS ACE DIAMONDS QUEEN,0.3642,0.0048,0.631
HEARTS SEVEN DIAMONDS KING,0.4752,0.0062,0.5186
SPADES FOUR DIAMONDS EIGHT,0.7,0.0126,0.2874
HEARTS JACK DIAMONDS FOUR,0.668,0.1132,0.2188
SPADES SEVEN SPADES FIVE,0.62,0.0138,0.3662
SPADES EIGHT HEARTS TEN,0.7058,0.051,0.2432
SPADES KING SPADES QUEEN,0.3762,0.0054,0.6184
SPADES NINE HEARTS THREE,0.714,0.0148,0.2712
HEARTS SEVEN DIAMONDS EIGHT,0.651,0.0158,0.3332
HEARTS SEVEN SPADES NINE,0.661,0.0144,0.3246
SPADES TEN HEARTS THREE,0.7324,0.0518,0.2158
CLUBS EIGHT HEARTS KING,0.4904,0.0054,0.5042
SPADES SIX DIAMONDS SEVEN,0.6556,0.0138,0.3306
CLUBS TWO SPADES FOUR,0.6688,0.0142,0.317
HEARTS THREE HEARTS JACK,0.6298,0.1078,0.2624
SPADES NINE DIAMONDS SEVEN,0.6678,0.0156,0.3166
HEARTS QUEEN HEARTS TEN,0.2908,0.0334,0.6758
CLUBS THREE DIAMONDS FIVE,0.6632,0.0142,0.3226
CLUBS THREE SPADES FOUR,0.6596,0.0178,0.3226
CLUBS EIGHT DIAMONDS SEVEN,0.6536,0.0146,0.3318
CLUBS NINE SPADES FOUR,0.7086,0.014,0.2774
CLUBS SIX SPADES TWO,0.6922,0.0148,0.293
CLUBS TEN DIAMONDS ACE,0.3114,0.018,0.6706
SPADES FIVE HEARTS TEN,0.7314,0.055,0.2136
CLUBS SEVEN DIAMONDS NINE,0.66,0.016,0.324
SPADES TEN SPADES NINE,0.684,0.051,0.265
HEARTS SEVEN SPADES EIGHT,0.6534,0.0114,0.3352
DIAMONDS NINE HEARTS JACK,0.6564,0.1128,0.2308
DIAMONDS KING HEARTS KING,0.1982,0.0078,0.794
HEARTS THREE SPADES FOUR,0.6674,0.0146,0.318
CLUBS FOUR DIAMONDS ACE,0.4608,0.0054,0.5338
SPADES ACE SPADES SEVEN,0.448,0.0036,0.5484
CLUBS NINE DIAMONDS EIGHT,0.6524,0.016,0.3316
SPADES KING HEARTS SEVEN,0.4816,0.006,0.5124
HEARTS FIVE HEARTS JACK,0.6344,0.115,0.2506
HEARTS FIVE CLUBS QUEEN,0.4732,0.0104,0.5164
DIAMONDS ACE SPADES SIX,0.476,0.0036,0.5204
DIAMONDS ACE HEARTS KING,0.393,0.0048,0.6022
SPADES TEN SPADES FIVE,0.6878,0.0528,0.2594
CLUBS FIVE HEARTS ACE,0.4836,0.0032,0.5132
SPADES NINE DIAMONDS NINE,0.4608,0.0214,0.5178
DIAMONDS EIGHT CLUBS KING,0.4742,0.0082,0.5176
HEARTS ACE DIAMONDS EIGHT,0.4746,0.0052,0.5202
HEARTS EIGHT CLUBS THREE,0.698,0.0126,0.2894
SPADES FIVE SPADES THREE,0.6052,0.0164,0.3784
CLUBS JACK SPADES QUEEN,0.2832,0.0388,0.678
SPADES FIVE DIAMONDS QUEEN,0.4746,0.0082,0.5172
DIAMONDS TWO SPADES SEVEN,0.689,0.0118,0.2992
CLUBS TEN SPADES FOUR,0.7308,0.0518,0.2174
SPADES TEN DIAMONDS SEVEN,0.7104,0.0592,0.2304
CLUBS NINE SPADES TWO,0.7198,0.0114,0.2688
SPADES FOUR SPADES TWO,0.6276,0.015,0.3574
SPADES THREE HEARTS NINE,0.7104,0.0146,0.275
CLUBS EIGHT HEARTS ACE,0.468,0.0042,0.5278
HEARTS TEN HEARTS NINE,0.6724,0.0564,0.2712
SPADES TEN HEARTS JACK,0.0748,0.9088,0.0164
SPADES SIX CLUBS QUEEN,0.4928,0.0078,0.4994
DIAMONDS NINE CLUBS QUEEN,0.4514,0.0112,0.5374
SPADES NINE CLUBS FIVE,0.6916,0.0124,0.296
HEARTS SIX SPADES EIGHT,0.6824,0.0124,0.3052
DIAMONDS TWO DIAMONDS SEVEN,0.6924,0.0168,0.2908
CLUBS FOUR DIAMONDS QUEEN,0.4786,0.009,0.5124
SPADES ACE CLUBS KING,0.4126,0.005,0.5824
SPADES KING DIAMONDS KING,0.1986,0.0056,0.7958
CLUBS TWO DIAMONDS QUEEN,0.483,0.0112,0.5058
CLUBS NINE SPADES SIX,0.688,0.014,0.298
DIAMONDS THREE CLUBS SEVEN,0.6818,0.0176,0.3006
DIAMONDS TWO CLUBS KING,0.4732,0.0082,0.5186
CLUBS SIX DIAMONDS FOUR,0.6518,0.016,0.3322
DIAMONDS QUEEN CLUBS KING,0.3808,0.0052,0.614
DIAMONDS KING CLUBS TWO,0.4806,0.0074,0.512
HEARTS SEVEN DIAMONDS TWO,0.7046,0.0142,0.2812
CLUBS NINE SPADES SEVEN,0.6774,0.0122,0.3104
CLUBS SIX DIAMONDS SIX,0.493,0.026,0.481
CLUBS KING HEARTS NINE,0.4684,0.0082,0.5234
DIAMONDS SIX DIAMONDS FOUR,0.6584,0.013,0.3286
SPADES KING HEARTS JACK,0.3008,0.0268,0.6724
SPADES JACK CLUBS SIX,0.6548,0.1242,0.221
HEARTS SIX SPADES TEN,0.739,0.0488,0.2122
DIAMONDS EIGHT DIAMONDS SEVEN,0.6522,0.0178,0.33
DIAMONDS FIVE DIAMONDS FOUR,0.6374,0.0166,0.346
HEARTS TWO SPADES TWO,0.507,0.026,0.467
DIAMONDS NINE CLUBS KING,0.4692,0.007,0.5238
DIAMONDS THREE HEARTS SEVEN,0.677,0.0156,0.3074
CLUBS JACK DIAMONDS TWO,0.6698,0.12,0.2102
CLUBS SIX DIAMONDS KING,0.4566,0.007,0.5364
SPADES FIVE CLUBS ACE,0.4822,0.005,0.5128
CLUBS TEN DIAMONDS FOUR,0.7334,0.0506,0.216
CLUBS SIX SPADES FIVE,0.6602,0.0144,0.3254
HEARTS SEVEN CLUBS SIX,0.656,0.0156,0.3284
HEARTS THREE DIAMONDS EIGHT,0.69,0.016,0.294
HEARTS TWO HEARTS KING,0.4596,0.007,0.5334
CLUBS THREE CLUBS KING,0.462,0.0088,0.5292
CLUBS EIGHT CLUBS FOUR,0.6498,0.015,0.3352
SPADES QUEEN HEARTS QUEEN,0.2048,0.0102,0.785
SPADES FOUR HEARTS JACK,0.6662,0.1122,0.2216
CLUBS SEVEN HEARTS TEN,0.7212,0.0536,0.2252
CLUBS SEVEN CLUBS ACE,0.4542,0.0052,0.5406
DIAMONDS THREE SPADES SIX,0.6644,0.0188,0.3168
SPADES TEN SPADES THREE,0.687,0.0524,0.2606
SPADES TEN DIAMONDS EIGHT,0.7228,0.05,0.2272
SPADES TWO DIAMONDS SIX,0.6872,0.0156,0.2972
CLUBS TWO HEARTS ACE,0.4918,0.0044,0.5038
DIAMONDS TWO HEARTS ACE,0.4736,0.0042,0.5222
SPADES KING DIAMONDS SEVEN,0.479,0.008,0.513
CLUBS TEN CLUBS SIX,0.6938,0.0524,0.2538
DIAMONDS KING SPADES FIVE,0.4684,0.007,0.5246
HEARTS SIX CLUBS ACE,0.5004,0.0032,0.4964
DIAMONDS THREE DIAMONDS QUEEN,0.452,0.0112,0.5368
SPADES TEN DIAMONDS FOUR,0.7316,0.0574,0.211
HEARTS THREE CLUBS ACE,0.4706,0.0042,0.5252
SPADES KING CLUBS ACE,0.4116,0.0034,0.585
CLUBS FOUR DIAMONDS FIVE,0.6546,0.015,0.3304
SPADES KING SPADES TWO,0.4606,0.0072,0.5322
DIAMONDS SEVEN CLUBS QUEEN,0.4828,0.0086,0.5086
SPADES ACE CLUBS FIVE,0.4746,0.0052,0.5202
HEARTS EIGHT SPADES JACK,0.6578,0.1102,0.232
DIAMONDS EIGHT CLUBS ACE,0.4768,0.004,0.5192
SPADES EIGHT DIAMONDS NINE,0.6678,0.0142,0.318
SPADES SIX HEARTS ACE,0.498,0.004,0.498
CLUBS SEVEN SPADES NINE,0.6788,0.0144,0.3068
SPADES SEVEN CLUBS QUEEN,0.4752,0.0098,0.515
CLUBS TEN DIAMONDS KING,0.2938,0.0298,0.6764
DIAMONDS ACE SPADES FIVE,0.4716,0.0044,0.524
SPADES ACE DIAMONDS QUEEN,0.3948,0.006,0.5992
SPADES TEN SPADES EIGHT,0.6786,0.0474,0.274
HEARTS FOUR CLUBS FIVE,0.651,0.014,0.335
CLUBS TEN HEARTS TEN,0.3758,0.0278,0.5964
CLUBS SIX CLUBS THREE,0.6308,0.0148,0.3544
SPADES JACK CLUBS TWO,0.6582,0.122,0.2198
SPADES NINE HEARTS NINE,0.4724,0.0182,0.5094
DIAMONDS ACE CLUBS ACE,0.211,0.0046,0.7844
HEARTS THREE SPADES FIVE,0.6582,0.017,0.3248
DIAMONDS TWO SPADES SIX,0.677,0.0142,0.3088
DIAMONDS NINE SPADES THREE,0.7042,0.0182,0.2776
HEARTS SEVEN DIAMONDS QUEEN,0.4716,0.0106,0.5178
CLUBS FIVE SPADES THREE,0.6494,0.0152,0.3354
CLUBS SIX CLUBS KING,0.4514,0.007,0.5416
SPADES FIVE DIAMONDS NINE,0.6862,0.014,0.2998
DIAMONDS ACE DIAMONDS EIGHT,0.4122,0.005,0.5828
CLUBS TWO HEARTS TEN,0.7368,0.0528,0.2104
HEARTS ACE DIAMONDS NINE,0.463,0.0046,0.5324
SPADES SIX DIAMONDS FIVE,0.6622,0.014,0.3238
CLUBS THREE SPADES TWO,0.6682,0.0154,0.3164
SPADES FIVE CLUBS TWO,0.6846,0.013,0.3024
SPADES JACK SPADES THREE,0.6316,0.1104,0.258
DIAMONDS KING SPADES TWO,0.4762,0.0098,0.514
SPADES QUEEN HEARTS FOUR,0.477,0.0074,0.5156
CLUBS SIX DIAMONDS EIGHT,0.6538,0.0156,0.3306
DIAMONDS ACE HEARTS QUEEN,0.3874,0.0058,0.6068
SPADES EIGHT SPADES TWO,0.6562,0.0154,0.3284
SPADES ACE CLUBS TWO,0.4752,0.0044,0.5204
HEARTS FOUR CLUBS TWO,0.6692,0.0188,0.312
CLUBS SEVEN CLUBS THREE,0.6394,0.0118,0.3488
CLUBS SEVEN HEARTS ACE,0.4694,0.0038,0.5268
HEARTS FIVE SPADES TEN,0.7226,0.0608,0.2166
HEARTS EIGHT CLUBS TWO,0.6884,0.0136,0.298
HEARTS FOUR DIAMONDS EIGHT,0.6952,0.0116,0.2932
HEARTS JACK CLUBS QUEEN,0.2976,0.0396,0.6628
HEARTS FOUR CLUBS THREE,0.6564,0.0138,0.3298
HEARTS SEVEN HEARTS FIVE,0.6158,0.0152,0.369
HEARTS SEVEN CLUBS KING,0.4834,0.006,0.5106
CLUBS EIGHT CLUBS QUEEN,0.4484,0.011,0.5406
CLUBS SIX CLUBS TWO,0.6498,0.0172,0.333
SPADES QUEEN HEARTS TEN,0.3036,0.0334,0.663
CLUBS FOUR SPADES TWO,0.6706,0.018,0.3114
CLUBS EIGHT DIAMONDS SIX,0.6556,0.0138,0.3306
SPADES KING SPADES TEN,0.291,0.0268,0.6822
CLUBS TEN CLUBS KING,0.3022,0.0256,0.6722
CLUBS FOUR DIAMONDS FOUR,0.5034,0.0262,0.4704
HEARTS FOUR DIAMONDS NINE,0.7042,0.0142,0.2816
HEARTS SEVEN HEARTS ACE,0.4428,0.0034,0.5538
CLUBS EIGHT SPADES EIGHT,0.4766,0.019,0.5044
SPADES KING HEARTS QUEEN,0.3916,0.0066,0.6018
SPADES QUEEN HEARTS NINE,0.4676,0.0092,0.5232
DIAMONDS TWO CLUBS EIGHT,0.6938,0.0128,0.2934
HEARTS FOUR HEARTS KING,0.4484,0.0056,0.546
SPADES NINE CLUBS FOUR,0.7124,0.0106,0.277
SPADES SIX DIAMONDS EIGHT,0.6586,0.0158,0.3256
CLUBS EIGHT DIAMONDS FIVE,0.6736,0.0146,0.3118
DIAMONDS TWO CLUBS THREE,0.6702,0.015,0.3148
SPADES TEN CLUBS QUEEN,0.297,0.038,0.665
CLUBS TEN SPADES EIGHT,0.7146,0.0528,0.2326
DIAMONDS THREE HEARTS SIX,0.675,0.0146,0.3104
SPADES FOUR DIAMONDS SEVEN,0.6712,0.0146,0.3142
HEARTS QUEEN HEARTS NINE,0.4372,0.0108,0.552
CLUBS JACK SPADES FIVE,0.6566,0.1212,0.2222
HEARTS FIVE CLUBS ACE,0.4822,0.0038,0.514
DIAMONDS KING DIAMONDS NINE,0.4134,0.0092,0.5774
HEARTS FIVE SPADES SIX,0.6746,0.015,0.3104
HEARTS JACK CLUBS KING,0.2958,0.0292,0.675
DIAMONDS QUEEN HEARTS NINE,0.4538,0.0118,0.5344
HEARTS TWO CLUBS QUEEN,0.481,0.012,0.507
HEARTS FIVE DIAMONDS NINE,0.6866,0.0134,0.3
CLUBS SEVEN SPADES FIVE,0.6598,0.0152,0.325
SPADES KING DIAMONDS QUEEN,0.3802,0.0072,0.6126
HEARTS KING DIAMONDS FIVE,0.4802,0.0072,0.5126
SPADES JACK HEARTS FOUR,0.6636,0.1142,0.2222
HEARTS TWO DIAMONDS EIGHT,0.7004,0.014,0.2856
SPADES NINE CLUBS KING,0.4608,0.0064,0.5328
HEARTS KING CLUBS KING,0.203,0.0078,0.7892
DIAMONDS ACE HEARTS ACE,0.2042,0.0046,0.7912
SPADES ACE SPADES EIGHT,0.4622,0.0052,0.5326
SPADES JACK HEARTS JACK,0.195,0.0336,0.7714
SPADES NINE CLUBS QUEEN,0.4596,0.0078,0.5326
HEARTS TWO SPADES SEVEN,0.699,0.0162,0.2848
SPADES JACK DIAMONDS KING,0.2946,0.0334,0.672
SPADES TWO CLUBS ACE,0.4854,0.0026,0.512
CLUBS SIX CLUBS FOUR,0.62,0.0136,0.3664
HEARTS SEVEN DIAMONDS FIVE,0.6536,0.0146,0.3318
CLUBS SIX DIAMONDS SEVEN,0.6492,0.0154,0.3354
SPADES FOUR HEARTS ACE,0.4856,0.0034,0.511
HEARTS FOUR HEARTS QUEEN,0.4458,0.0086,0.5456
HEARTS SIX DIAMONDS QUEEN,0.4808,0.011,0.5082
HEARTS SIX SPADES JACK,0.6712,0.1172,0.2116
CLUBS TEN SPADES THREE,0.7306,0.0568,0.2126
CLUBS TWO DIAMONDS FIVE,0.6584,0.015,0.3266
SPADES KING SPADES SIX,0.4686,0.0076,0.5238
CLUBS TEN SPADES QUEEN,0.297,0.0358,0.6672
CLUBS EIGHT CLUBS KING,0.4528,0.007,0.5402
HEARTS EIGHT DIAMONDS FIVE,0.6798,0.0102,0.31
HEARTS FOUR CLUBS ACE,0.4864,0.0036,0.51
SPADES EIGHT CLUBS KING,0.4614,0.0078,0.5308
DIAMONDS THREE SPADES FIVE,0.6478,0.019,0.3332
HEARTS EIGHT CLUBS TEN,0.7054,0.0538,0.2408
CLUBS FIVE HEARTS KING,0.4788,0.0072,0.514
HEARTS TWO DIAMONDS KING,0.4676,0.0094,0.523
CLUBS TEN HEARTS TWO,0.7292,0.0536,0.2172
CLUBS FIVE DIAMONDS KING,0.4764,0.0054,0.5182
HEARTS SEVEN SPADES JACK,0.6688,0.1182,0.213
CLUBS EIGHT SPADES FOUR,0.6908,0.0136,0.2956
SPADES SIX SPADES TWO,0.645,0.0162,0.3388
SPADES ACE HEARTS ACE,0.2208,0.004,0.7752
SPADES THREE CLUBS ACE,0.4796,0.0044,0.516
SPADES QUEEN CLUBS TWO,0.4842,0.0114,0.5044
HEARTS ACE SPADES TWO,0.481,0.005,0.514
CLUBS FIVE DIAMONDS QUEEN,0.4888,0.0104,0.5008
CLUBS EIGHT HEARTS QUEEN,0.4578,0.0072,0.535
SPADES ACE CLUBS SIX,0.4798,0.0032,0.517
DIAMONDS THREE SPADES EIGHT,0.6936,0.0162,0.2902
SPADES EIGHT CLUBS ACE,0.4598,0.0034,0.5368
HEARTS SEVEN CLUBS FOUR,0.6644,0.0154,0.3202
HEARTS SIX DIAMONDS ACE,0.471,0.003,0.526
HEARTS SEVEN HEARTS SIX,0.6238,0.0136,0.3626
DIAMONDS ACE SPADES FOUR,0.4656,0.0046,0.5298
SPADES KING HEARTS FOUR,0.4866,0.006,0.5074
SPADES NINE HEARTS TEN,0.7128,0.0512,0.236
SPADES THREE DIAMONDS SEVEN,0.6812,0.0138,0.305
CLUBS NINE SPADES FIVE,0.6928,0.0118,0.2954
CLUBS FIVE DIAMONDS SEVEN,0.655,0.0178,0.3272
SPADES TEN SPADES TWO,0.6812,0.058,0.2608
CLUBS ACE DIAMONDS FIVE,0.4654,0.0046,0.53
SPADES JACK SPADES TWO,0.6408,0.1026,0.2566
SPADES NINE SPADES EIGHT,0.6262,0.0124,0.3614
HEARTS EIGHT DIAMONDS KING,0.4726,0.007,0.5204
SPADES NINE HEARTS ACE,0.4868,0.0032,0.51
DIAMONDS TWO DIAMONDS EIGHT,0.699,0.0146,0.2864
DIAMONDS EIGHT CLUBS QUEEN,0.4558,0.0086,0.5356
HEARTS EIGHT SPADES SEVEN,0.6596,0.0132,0.3272
SPADES SEVEN DIAMONDS SEVEN,0.491,0.0238,0.4852
CLUBS FIVE SPADES TWO,0.6774,0.0142,0.3084
CLUBS EIGHT SPADES FIVE,0.6882,0.0144,0.2974
DIAMONDS THREE CLUBS ACE,0.4796,0.0076,0.5128
CLUBS THREE HEARTS NINE,0.6964,0.013,0.2906
DIAMONDS NINE HEARTS QUEEN,0.44,0.0102,0.5498
HEARTS ACE CLUBS ACE,0.2114,0.0026,0.786
DIAMONDS ACE DIAMONDS SEVEN,0.4268,0.0042,0.569
SPADES QUEEN CLUBS KING,0.3824,0.008,0.6096
SPADES SIX DIAMONDS SIX,0.5018,0.024,0.4742
CLUBS NINE DIAMONDS KING,0.4442,0.0064,0.5494
HEARTS SEVEN DIAMONDS ACE,0.456,0.0042,0.5398
SPADES FIVE HEARTS JACK,0.6638,0.1164,0.2198
CLUBS EIGHT HEARTS JACK,0.6712,0.115,0.2138
DIAMONDS NINE HEARTS NINE,0.4724,0.0198,0.5078
HEARTS SIX HEARTS FOUR,0.6258,0.0154,0.3588
DIAMONDS TWO HEARTS THREE,0.6636,0.0178,0.3186
HEARTS EIGHT CLUBS FIVE,0.6818,0.0136,0.3046
SPADES SEVEN CLUBS FOUR,0.6734,0.0126,0.314
HEARTS FOUR DIAMONDS FOUR,0.5096,0.026,0.4644
HEARTS FIVE SPADES EIGHT,0.6822,0.0148,0.303
HEARTS JACK DIAMONDS FIVE,0.6592,0.1248,0.216
CLUBS FOUR CLUBS ACE,0.4524,0.005,0.5426
SPADES SEVEN HEARTS JACK,0.6694,0.1198,0.2108
DIAMONDS SIX DIAMONDS FIVE,0.662,0.0136,0.3244
HEARTS EIGHT SPADES NINE,0.6542,0.0134,0.3324
DIAMONDS TWO HEARTS TEN,0.7284,0.0602,0.2114
SPADES SIX SPADES FOUR,0.6224,0.0122,0.3654
CLUBS SIX CLUBS ACE,0.4554,0.0056,0.539
HEARTS TWO DIAMONDS FOUR,0.6758,0.0146,0.3096
SPADES TEN CLUBS THREE,0.738,0.052,0.21
CLUBS JACK HEARTS FOUR,0.6634,0.1222,0.2144
SPADES SIX CLUBS KING,0.4862,0.0088,0.505
HEARTS TWO SPADES THREE,0.66,0.0166,0.3234
DIAMONDS QUEEN HEARTS ACE,0.4016,0.0078,0.5906
SPADES QUEEN DIAMONDS SIX,0.4826,0.0094,0.508
HEARTS FIVE CLUBS SEVEN,0.652,0.0146,0.3334
HEARTS FOUR CLUBS QUEEN,0.479,0.0086,0.5124
SPADES KING DIAMONDS ACE,0.398,0.0056,0.5964
CLUBS ACE HEARTS TEN,0.3176,0.0154,0.667
CLUBS TEN CLUBS NINE,0.6692,0.0552,0.2756
CLUBS TEN CLUBS FOUR,0.6802,0.0504,0.2694
SPADES TEN CLUBS FOUR,0.7306,0.055,0.2144
HEARTS JACK DIAMONDS SIX,0.6698,0.1208,0.2094
SPADES TWO HEARTS TEN,0.7354,0.0536,0.211
HEARTS EIGHT HEARTS TEN,0.6716,0.0518,0.2766
SPADES JACK DIAMONDS EIGHT,0.6632,0.1182,0.2186
SPADES FOUR HEARTS TEN,0.7418,0.0524,0.2058
HEARTS SIX CLUBS EIGHT,0.6608,0.0124,0.3268
HEARTS TWO CLUBS FOUR,0.6676,0.0168,0.3156
CLUBS NINE HEARTS SIX,0.6674,0.0122,0.3204
SPADES ACE HEARTS FOUR,0.4908,0.004,0.5052
SPADES QUEEN DIAMONDS KING,0.3756,0.0076,0.6168
SPADES SEVEN HEARTS KING,0.4676,0.0074,0.525
DIAMONDS KING DIAMONDS FOUR,0.4414,0.0088,0.5498
CLUBS EIGHT HEARTS THREE,0.699,0.0138,0.2872
SPADES TWO HEARTS JACK,0.6774,0.1152,0.2074
DIAMONDS TWO DIAMONDS ACE,0.4306,0.0072,0.5622
HEARTS KING SPADES TWO,0.4924,0.0078,0.4998
HEARTS TWO DIAMONDS FIVE,0.6684,0.0178,0.3138
DIAMONDS TWO CLUBS NINE,0.7002,0.018,0.2818
HEARTS FIVE SPADES NINE,0.6752,0.0152,0.3096
CLUBS NINE CLUBS FOUR,0.675,0.0128,0.3122
SPADES NINE SPADES SEVEN,0.6408,0.0132,0.346
CLUBS THREE CLUBS TWO,0.6232,0.017,0.3598
SPADES TWO CLUBS KING,0.4928,0.0074,0.4998
HEARTS KING DIAMONDS EIGHT,0.4762,0.007,0.5168
HEARTS EIGHT HEARTS JACK,0.6258,0.1154,0.2588
DIAMONDS QUEEN SPADES TWO,0.4782,0.0074,0.5144
HEARTS SEVEN HEARTS TWO,0.662,0.014,0.324
SPADES SIX DIAMONDS NINE,0.6788,0.0136,0.3076
SPADES QUEEN CLUBS EIGHT,0.4786,0.0094,0.512
SPADES JACK SPADES FIVE,0.6232,0.1168,0.26
CLUBS TEN SPADES JACK,0.0708,0.906,0.0232
HEARTS SIX HEARTS TWO,0.6444,0.014,0.3416
DIAMONDS TWO SPADES TEN,0.7288,0.0606,0.2106
SPADES THREE CLUBS QUEEN,0.4926,0.0088,0.4986
HEARTS FIVE HEARTS QUEEN,0.4672,0.0104,0.5224
DIAMONDS TWO HEARTS JACK,0.6628,0.1244,0.2128
DIAMONDS EIGHT DIAMONDS SIX,0.658,0.0174,0.3246
HEARTS FOUR CLUBS SIX,0.6538,0.013,0.3332
DIAMONDS SEVEN HEARTS NINE,0.6696,0.0172,0.3132
SPADES QUEEN SPADES FIVE,0.456,0.0098,0.5342
SPADES JACK SPADES SEVEN,0.637,0.1092,0.2538
HEARTS EIGHT DIAMONDS ACE,0.4618,0.0052,0.533
DIAMONDS THREE CLUBS THREE,0.5012,0.0314,0.4674
SPADES KING DIAMONDS FOUR,0.4766,0.0098,0.5136
SPADES EIGHT SPADES FOUR,0.6472,0.0114,0.3414
CLUBS JACK DIAMONDS QUEEN,0.28,0.0392,0.6808
DIAMONDS EIGHT SPADES TWO,0.695,0.0146,0.2904
HEARTS FIVE DIAMONDS FIVE,0.488,0.028,0.484
SPADES FOUR HEARTS NINE,0.708,0.0112,0.2808
CLUBS NINE DIAMONDS FIVE,0.6854,0.0154,0.2992
HEARTS EIGHT CLUBS SIX,0.6768,0.0152,0.308
SPADES SEVEN CLUBS KING,0.4852,0.0048,0.51
DIAMONDS SEVEN DIAMONDS FIVE,0.652,0.0176,0.3304
SPADES ACE DIAMONDS NINE,0.4696,0.0038,0.5266
CLUBS JACK CLUBS TWO,0.6324,0.1116,0.256
SPADES ACE CLUBS EIGHT,0.4646,0.0042,0.5312
SPADES KING CLUBS NINE,0.4594,0.006,0.5346
CLUBS JACK SPADES NINE,0.6626,0.1138,0.2236
DIAMONDS SIX CLUBS KING,0.501,0.0062,0.4928
SPADES SIX CLUBS TWO,0.6822,0.0148,0.303
SPADES JACK DIAMONDS SIX,0.6712,0.117,0.2118
SPADES EIGHT HEARTS JACK,0.6832,0.1146,0.2022
HEARTS SEVEN SPADES FOUR,0.6668,0.0136,0.3196
DIAMONDS ACE HEARTS NINE,0.4472,0.0038,0.549
CLUBS NINE SPADES JACK,0.6578,0.118,0.2242
CLUBS SEVEN DIAMONDS SIX,0.6602,0.016,0.3238
SPADES THREE HEARTS JACK,0.66,0.1186,0.2214
SPADES KING CLUBS THREE,0.4826,0.0068,0.5106
CLUBS JACK DIAMONDS SIX,0.6648,0.1214,0.2138
HEARTS THREE CLUBS TWO,0.6878,0.0116,0.3006
SPADES FIVE CLUBS KING,0.4794,0.0046,0.516
DIAMONDS SEVEN HEARTS TEN,0.7218,0.0544,0.2238
SPADES SEVEN HEARTS ACE,0.475,0.0028,0.5222
CLUBS TEN SPADES SIX,0.7302,0.0582,0.2116
HEARTS ACE HEARTS NINE,0.444,0.0038,0.5522
DIAMONDS KING CLUBS KING,0.1908,0.008,0.8012
SPADES FIVE DIAMONDS SEVEN,0.6726,0.0142,0.3132
HEARTS SIX DIAMONDS NINE,0.6828,0.013,0.3042
SPADES NINE HEARTS JACK,0.6688,0.1148,0.2164
DIAMONDS TWO CLUBS FIVE,0.6682,0.015,0.3168
SPADES FOUR DIAMONDS FIVE,0.6414,0.0166,0.342
DIAMONDS EIGHT DIAMONDS FIVE,0.6716,0.0156,0.3128
HEARTS SIX HEARTS FIVE,0.6174,0.0132,0.3694
SPADES TEN HEARTS TWO,0.738,0.057,0.205
HEARTS SEVEN HEARTS TEN,0.6672,0.052,0.2808
HEARTS FOUR SPADES SIX,0.6662,0.0124,0.3214
HEARTS QUEEN DIAMONDS FIVE,0.4834,0.0096,0.507
CLUBS JACK CLUBS ACE,0.2874,0.017,0.6956
SPADES THREE DIAMONDS FOUR,0.6688,0.0158,0.3154
DIAMONDS EIGHT HEARTS QUEEN,0.473,0.0102,0.5168
SPADES TEN DIAMONDS SIX,0.7338,0.0538,0.2124
SPADES NINE HEARTS KING,0.4694,0.0056,0.525
SPADES SEVEN DIAMONDS KING,0.462,0.0082,0.5298
HEARTS FIVE CLUBS FIVE,0.515,0.021,0.464
SPADES TEN CLUBS KING,0.3124,0.0286,0.659
HEARTS FIVE SPADES FOUR,0.648,0.0134,0.3386
CLUBS JACK HEARTS TEN,0.0728,0.9068,0.0204
CLUBS TEN HEARTS JACK,0.072,0.91,0.018
CLUBS TWO DIAMONDS SEVEN,0.706,0.0146,0.2794
HEARTS EIGHT SPADES FIVE,0.6838,0.012,0.3042
SPADES TEN CLUBS ACE,0.3208,0.0174,0.6618
HEARTS FIVE CLUBS SIX,0.6614,0.0124,0.3262
CLUBS KING HEARTS TEN,0.3186,0.0266,0.6548
CLUBS TEN HEARTS SIX,0.7328,0.0536,0.2136
SPADES NINE SPADES SIX,0.6394,0.0126,0.348
CLUBS THREE DIAMONDS SEVEN,0.6762,0.0154,0.3084
HEARTS SEVEN SPADES TWO,0.6972,0.0112,0.2916
HEARTS SEVEN DIAMONDS FOUR,0.6724,0.0126,0.315
SPADES FIVE HEARTS KING,0.4826,0.0056,0.5118
CLUBS TWO HEARTS JACK,0.6652,0.1206,0.2142
SPADES NINE SPADES TWO,0.6574,0.0138,0.3288
CLUBS THREE SPADES THREE,0.4974,0.024,0.4786
CLUBS SEVEN DIAMONDS ACE,0.455,0.0044,0.5406
SPADES KING HEARTS NINE,0.4652,0.0066,0.5282
CLUBS SIX HEARTS TWO,0.6842,0.0148,0.301
CLUBS SEVEN DIAMONDS FIVE,0.653,0.0162,0.3308
CLUBS FIVE DIAMONDS SIX,0.6644,0.0148,0.3208
CLUBS FOUR DIAMONDS NINE,0.6906,0.0138,0.2956
CLUBS TWO HEARTS KING,0.4862,0.007,0.5068
CLUBS SEVEN SPADES SEVEN,0.494,0.0262,0.4798
CLUBS THREE DIAMONDS KING,0.462,0.0076,0.5304
CLUBS FIVE DIAMONDS EIGHT,0.6642,0.0138,0.322
HEARTS FOUR CLUBS FOUR,0.5054,0.0268,0.4678
DIAMONDS TWO SPADES FIVE,0.6692,0.014,0.3168
CLUBS JACK DIAMONDS THREE,0.664,0.116,0.22
CLUBS JACK SPADES KING,0.3024,0.0282,0.6694
SPADES TWO CLUBS QUEEN,0.4736,0.0096,0.5168
CLUBS TEN HEARTS SEVEN,0.7112,0.0538,0.235
CLUBS TEN CLUBS QUEEN,0.2808,0.0382,0.681
SPADES JACK DIAMONDS ACE,0.3062,0.0204,0.6734
DIAMONDS THREE SPADES KING,0.4838,0.007,0.5092
HEARTS FIVE SPADES TWO,0.673,0.0128,0.3142
HEARTS THREE CLUBS KING,0.4904,0.0066,0.503
DIAMONDS QUEEN HEARTS JACK,0.2738,0.0384,0.6878
SPADES KING CLUBS FIVE,0.491,0.0062,0.5028
SPADES NINE CLUBS ACE,0.4676,0.0044,0.528
CLUBS SEVEN SPADES TWO,0.7062,0.015,0.2788
DIAMONDS QUEEN DIAMONDS FIVE,0.434,0.01,0.556
SPADES JACK DIAMONDS NINE,0.6594,0.1162,0.2244
SPADES FIVE HEARTS ACE,0.4818,0.0042,0.514
SPADES EIGHT CLUBS QUEEN,0.4598,0.0102,0.53
CLUBS TWO DIAMONDS NINE,0.7126,0.0138,0.2736
HEARTS FOUR HEARTS ACE,0.4424,0.0044,0.5532
HEARTS FOUR HEARTS NINE,0.6494,0.0112,0.3394
SPADES ACE SPADES KING,0.3816,0.0056,0.6128
SPADES EIGHT DIAMONDS SEVEN,0.654,0.0106,0.3354
CLUBS THREE DIAMONDS QUEEN,0.4878,0.0102,0.502
DIAMONDS TWO SPADES TWO,0.509,0.0282,0.4628
HEARTS FIVE DIAMONDS QUEEN,0.4658,0.01,0.5242
SPADES JACK CLUBS EIGHT,0.671,0.1134,0.2156
SPADES SEVEN CLUBS THREE,0.673,0.0158,0.3112
HEARTS TWO DIAMONDS QUEEN,0.4888,0.0096,0.5016
CLUBS SEVEN HEARTS THREE,0.6944,0.0134,0.2922
CLUBS NINE CLUBS TWO,0.6556,0.0126,0.3318
DIAMONDS THREE HEARTS JACK,0.6684,0.1188,0.2128
DIAMONDS TWO DIAMONDS NINE,0.7106,0.0176,0.2718
SPADES QUEEN CLUBS ACE,0.4098,0.0034,0.5868
DIAMONDS TWO CLUBS ACE,0.4796,0.005,0.5154
SPADES JACK HEARTS TWO,0.6632,0.1242,0.2126
CLUBS JACK CLUBS SEVEN,0.6346,0.108,0.2574
SPADES SEVEN HEARTS TEN,0.7196,0.0544,0.226
SPADES ACE SPADES QUEEN,0.3838,0.006,0.6102
CLUBS ACE CLUBS QUEEN,0.393,0.0048,0.6022
DIAMONDS QUEEN DIAMONDS NINE,0.4116,0.0102,0.5782
HEARTS FIVE DIAMONDS FOUR,0.634,0.0166,0.3494
SPADES SIX HEARTS QUEEN,0.4856,0.0094,0.505
CLUBS FIVE DIAMONDS NINE,0.6862,0.0146,0.2992
SPADES KING HEARTS FIVE,0.4776,0.0058,0.5166
SPADES TEN HEARTS QUEEN,0.2956,0.0416,0.6628
SPADES FIVE DIAMONDS EIGHT,0.673,0.0124,0.3146
SPADES FOUR DIAMONDS FOUR,0.4966,0.0256,0.4778
HEARTS EIGHT HEARTS KING,0.4526,0.0056,0.5418
CLUBS TEN DIAMONDS FIVE,0.7294,0.0574,0.2132
HEARTS FIVE CLUBS FOUR,0.652,0.014,0.334
HEARTS KING HEARTS JACK,0.2818,0.026,0.6922
HEARTS QUEEN CLUBS ACE,0.3996,0.0048,0.5956
CLUBS EIGHT CLUBS TWO,0.6588,0.0156,0.3256
CLUBS SIX HEARTS KING,0.4986,0.0056,0.4958
HEARTS FOUR HEARTS TEN,0.6826,0.049,0.2684
CLUBS NINE HEARTS QUEEN,0.455,0.0078,0.5372
HEARTS EIGHT DIAMONDS NINE,0.6588,0.0136,0.3276
DIAMONDS THREE HEARTS FIVE,0.6612,0.0184,0.3204
CLUBS NINE CLUBS EIGHT,0.6404,0.0142,0.3454
HEARTS EIGHT SPADES TEN,0.7178,0.0514,0.2308
CLUBS FIVE HEARTS TEN,0.7154,0.0592,0.2254
HEARTS SIX CLUBS SIX,0.5024,0.0248,0.4728
CLUBS NINE CLUBS QUEEN,0.4314,0.0108,0.5578
CLUBS EIGHT SPADES TEN,0.7188,0.0496,0.2316
HEARTS TWO DIAMONDS SIX,0.6826,0.0154,0.302
SPADES EIGHT SPADES SEVEN,0.6146,0.0134,0.372
DIAMONDS THREE DIAMONDS FOUR,0.6428,0.016,0.3412
HEARTS FOUR DIAMONDS FIVE,0.6378,0.0154,0.3468
CLUBS TWO DIAMONDS SIX,0.678,0.015,0.307
CLUBS FIVE DIAMONDS FIVE,0.5008,0.028,0.4712
CLUBS SEVEN SPADES FOUR,0.6662,0.0146,0.3192
CLUBS JACK CLUBS TEN,0.0738,0.8522,0.074
SPADES QUEEN HEARTS JACK,0.296,0.0336,0.6704
HEARTS TWO HEARTS QUEEN,0.4672,0.0098,0.523
HEARTS QUEEN DIAMONDS SEVEN,0.4628,0.0082,0.529
SPADES JACK DIAMONDS FOUR,0.665,0.1244,0.2106
HEARTS FOUR DIAMONDS SIX,0.6594,0.0142,0.3264
HEARTS EIGHT SPADES FOUR,0.6852,0.0144,0.3004
DIAMONDS KING HEARTS JACK,0.2862,0.031,0.6828
SPADES EIGHT CLUBS FOUR,0.6866,0.0134,0.3
CLUBS JACK DIAMONDS EIGHT,0.6582,0.113,0.2288
DIAMONDS SIX CLUBS QUEEN,0.4762,0.0092,0.5146
CLUBS TEN HEARTS THREE,0.7334,0.057,0.2096
HEARTS SIX CLUBS TWO,0.688,0.0142,0.2978
SPADES QUEEN HEARTS TWO,0.4886,0.0122,0.4992
HEARTS KING HEARTS QUEEN,0.369,0.007,0.624
SPADES EIGHT SPADES THREE,0.6616,0.0128,0.3256
SPADES KING SPADES NINE,0.4464,0.0056,0.548
CLUBS NINE HEARTS TEN,0.7192,0.049,0.2318
SPADES QUEEN SPADES EIGHT,0.4522,0.0082,0.5396
CLUBS THREE DIAMONDS SIX,0.6594,0.0136,0.327
DIAMONDS QUEEN SPADES THREE,0.4602,0.013,0.5268
SPADES JACK SPADES TEN,0.0704,0.8588,0.0708
DIAMONDS KING DIAMONDS QUEEN,0.3438,0.0088,0.6474
CLUBS FIVE SPADES SIX,0.662,0.0146,0.3234
SPADES ACE SPADES FOUR,0.4612,0.0044,0.5344
DIAMONDS ACE SPADES TWO,0.455,0.004,0.541
CLUBS FIVE DIAMONDS FOUR,0.6458,0.016,0.3382
HEARTS THREE CLUBS THREE,0.507,0.028,0.465
CLUBS NINE DIAMONDS QUEEN,0.4424,0.0106,0.547
HEARTS EIGHT HEARTS TWO,0.663,0.0146,0.3224
HEARTS FOUR HEARTS TWO,0.6238,0.0156,0.3606
SPADES KING HEARTS SIX,0.4766,0.005,0.5184
SPADES KING DIAMONDS EIGHT,0.4664,0.0076,0.526
HEARTS FOUR SPADES SEVEN,0.6768,0.015,0.3082
DIAMONDS THREE HEARTS NINE,0.6946,0.0142,0.2912
HEARTS THREE DIAMONDS SIX,0.6804,0.0156,0.304
HEARTS SIX CLUBS KING,0.4894,0.0056,0.505
HEARTS EIGHT HEARTS FOUR,0.6352,0.0182,0.3466
SPADES KING CLUBS SIX,0.4774,0.0068,0.5158
DIAMONDS TWO SPADES QUEEN,0.4842,0.0114,0.5044
SPADES FIVE CLUBS QUEEN,0.4922,0.0122,0.4956
SPADES QUEEN HEARTS THREE,0.4846,0.0106,0.5048
SPADES TEN CLUBS TWO,0.736,0.0532,0.2108
SPADES KING CLUBS QUEEN,0.4144,0.008,0.5776
CLUBS SIX DIAMONDS FIVE,0.658,0.016,0.326
CLUBS SEVEN DIAMONDS EIGHT,0.66,0.0136,0.3264
HEARTS THREE SPADES SIX,0.6656,0.0138,0.3206
SPADES FIVE DIAMONDS SIX,0.6662,0.012,0.3218
HEARTS EIGHT SPADES THREE,0.7074,0.0112,0.2814
SPADES TWO DIAMONDS FOUR,0.665,0.0194,0.3156
CLUBS TEN CLUBS ACE,0.3002,0.0186,0.6812
SPADES TEN HEARTS TEN,0.3714,0.0304,0.5982
CLUBS SEVEN HEARTS KING,0.4754,0.005,0.5196
CLUBS SIX CLUBS FIVE,0.6304,0.0152,0.3544
DIAMONDS TWO HEARTS NINE,0.6974,0.0148,0.2878
SPADES QUEEN HEARTS FIVE,0.4872,0.0074,0.5054
HEARTS THREE SPADES THREE,0.496,0.0246,0.4794
HEARTS TWO HEARTS ACE,0.4482,0.0058,0.546
HEARTS EIGHT HEARTS ACE,0.4472,0.0028,0.55
SPADES SEVEN SPADES THREE,0.6386,0.014,0.3474
HEARTS FIVE SPADES FIVE,0.5022,0.0272,0.4706
CLUBS FIVE SPADES FOUR,0.641,0.0152,0.3438
CLUBS NINE HEARTS FOUR,0.712,0.0132,0.2748
CLUBS JACK HEARTS JACK,0.1952,0.027,0.7778
CLUBS NINE CLUBS SIX,0.6334,0.0144,0.3522
HEARTS TWO HEARTS TEN,0.6924,0.0508,0.2568
DIAMONDS FIVE HEARTS NINE,0.6816,0.0154,0.303
SPADES ACE SPADES JACK,0.2988,0.018,0.6832
SPADES QUEEN CLUBS SIX,0.4916,0.0092,0.4992
CLUBS NINE CLUBS KING,0.4264,0.0064,0.5672
SPADES THREE CLUBS KING,0.486,0.0074,0.5066
HEARTS SIX SPADES TWO,0.6952,0.0132,0.2916
HEARTS FIVE DIAMONDS EIGHT,0.6866,0.0156,0.2978
HEARTS EIGHT HEARTS SEVEN,0.616,0.013,0.371
CLUBS JACK HEARTS FIVE,0.6698,0.117,0.2132
HEARTS EIGHT SPADES KING,0.4778,0.0062,0.516
CLUBS SEVEN DIAMONDS FOUR,0.6582,0.0174,0.3244
SPADES QUEEN DIAMONDS NINE,0.4526,0.0106,0.5368
CLUBS FIVE HEARTS NINE,0.6814,0.0136,0.305
SPADES TEN HEARTS ACE,0.3256,0.0158,0.6586
CLUBS FIVE HEARTS QUEEN,0.4852,0.0066,0.5082
DIAMONDS ACE DIAMONDS FIVE,0.4394,0.0052,0.5554
SPADES JACK CLUBS FIVE,0.6742,0.1116,0.2142
HEARTS EIGHT CLUBS QUEEN,0.4706,0.0084,0.521
DIAMONDS TWO SPADES FOUR,0.674,0.016,0.31
CLUBS FIVE CLUBS TWO,0.6262,0.0136,0.3602
SPADES QUEEN DIAMONDS ACE,0.3902,0.005,0.6048
SPADES JACK CLUBS FOUR,0.6618,0.114,0.2242
CLUBS FIVE SPADES SEVEN,0.6578,0.0152,0.327
CLUBS THREE HEARTS QUEEN,0.4892,0.0106,0.5002
CLUBS SIX DIAMONDS ACE,0.4686,0.0038,0.5276
CLUBS FIVE CLUBS THREE,0.6104,0.0154,0.3742
SPADES QUEEN DIAMONDS SEVEN,0.4692,0.0064,0.5244
SPADES NINE DIAMONDS KING,0.4424,0.0076,0.55
HEARTS THREE HEARTS NINE,0.6526,0.0154,0.332
SPADES SIX CLUBS ACE,0.4968,0.0044,0.4988
HEARTS TWO DIAMONDS NINE,0.7056,0.016,0.2784
SPADES QUEEN CLUBS NINE,0.4556,0.0084,0.536
CLUBS JACK SPADES JACK,0.1998,0.0322,0.768
CLUBS TEN SPADES TWO,0.736,0.0532,0.2108
SPADES SEVEN DIAMONDS FOUR,0.6578,0.0162,0.326
SPADES KING SPADES THREE,0.4518,0.0086,0.5396
SPADES ACE HEARTS JACK,0.3212,0.016,0.6628
CLUBS EIGHT CLUBS ACE,0.4462,0.0044,0.5494
CLUBS THREE DIAMONDS FOUR,0.6528,0.0162,0.331
CLUBS SIX SPADES THREE,0.6784,0.0132,0.3084
SPADES SIX HEARTS KING,0.4876,0.0072,0.5052
SPADES QUEEN SPADES SEVEN,0.4468,0.0074,0.5458
HEARTS EIGHT SPADES EIGHT,0.4756,0.0208,0.5036
DIAMONDS THREE CLUBS NINE,0.7072,0.0162,0.2766
HEARTS FOUR SPADES FIVE,0.6436,0.0138,0.3426
CLUBS JACK DIAMONDS NINE,0.6606,0.1152,0.2242
DIAMONDS TWO HEARTS SIX,0.6766,0.016,0.3074
HEARTS KING CLUBS QUEEN,0.3934,0.0068,0.5998
DIAMONDS TWO CLUBS SEVEN,0.7014,0.0158,0.2828
CLUBS TWO DIAMONDS EIGHT,0.6924,0.0138,0.2938
HEARTS EIGHT DIAMONDS SEVEN,0.6558,0.0156,0.3286
DIAMONDS KING DIAMONDS SEVEN,0.4288,0.008,0.5632
SPADES FOUR HEARTS QUEEN,0.4882,0.0096,0.5022
DIAMONDS ACE CLUBS THREE,0.4696,0.0076,0.5228
SPADES ACE CLUBS THREE,0.4854,0.0038,0.5108
HEARTS SEVEN HEARTS FOUR,0.6338,0.015,0.3512
SPADES NINE DIAMONDS EIGHT,0.6564,0.0138,0.3298
CLUBS KING DIAMONDS FOUR,0.4838,0.0062,0.51
HEARTS THREE DIAMONDS FIVE,0.6598,0.016,0.3242
HEARTS THREE HEARTS ACE,0.4512,0.0064,0.5424
HEARTS SIX DIAMONDS KING,0.482,0.0072,0.5108
SPADES ACE HEARTS NINE,0.477,0.0046,0.5184
SPADES EIGHT DIAMONDS ACE,0.4542,0.0034,0.5424
DIAMONDS QUEEN HEARTS KING,0.389,0.0066,0.6044
SPADES FOUR DIAMONDS SIX,0.6476,0.0162,0.3362
DIAMONDS SEVEN CLUBS KING,0.4774,0.006,0.5166
HEARTS EIGHT HEARTS FIVE,0.6268,0.0156,0.3576
DIAMONDS TWO HEARTS FOUR,0.6678,0.0166,0.3156
DIAMONDS NINE DIAMONDS FOUR,0.7,0.0156,0.2844
CLUBS THREE DIAMONDS EIGHT,0.6878,0.0176,0.2946
HEARTS EIGHT DIAMONDS SIX,0.669,0.0146,0.3164
CLUBS EIGHT HEARTS FIVE,0.6706,0.0154,0.314
DIAMONDS THREE CLUBS SIX,0.669,0.0156,0.3154
CLUBS THREE HEARTS TEN,0.7302,0.0594,0.2104
HEARTS SIX CLUBS THREE,0.6748,0.016,0.3092
DIAMONDS THREE SPADES FOUR,0.6604,0.015,0.3246
DIAMONDS NINE DIAMONDS SEVEN,0.6706,0.0164,0.313
SPADES NINE CLUBS TWO,0.707,0.0134,0.2796
HEARTS TWO CLUBS ACE,0.4782,0.0044,0.5174
DIAMONDS EIGHT HEARTS JACK,0.6652,0.1156,0.2192
CLUBS NINE SPADES NINE,0.4776,0.0204,0.502
HEARTS TWO DIAMONDS SEVEN,0.6964,0.0138,0.2898
SPADES FOUR CLUBS QUEEN,0.487,0.007,0.506
SPADES THREE SPADES TWO,0.6288,0.0134,0.3578
HEARTS FIVE DIAMONDS SEVEN,0.6596,0.0178,0.3226
DIAMONDS ACE DIAMONDS NINE,0.4234,0.0038,0.5728
SPADES SIX HEARTS TEN,0.733,0.0542,0.2128
SPADES ACE DIAMONDS FIVE,0.4714,0.006,0.5226
DIAMONDS THREE SPADES SEVEN,0.6804,0.0128,0.3068
DIAMONDS ACE DIAMONDS KING,0.349,0.0048,0.6462
DIAMONDS ACE DIAMONDS FOUR,0.433,0.0036,0.5634
CLUBS ACE HEARTS NINE,0.4758,0.0034,0.5208
CLUBS KING DIAMONDS FIVE,0.474,0.0066,0.5194
CLUBS JACK CLUBS THREE,0.6396,0.1076,0.2528
CLUBS FOUR CLUBS THREE,0.6262,0.0152,0.3586
HEARTS EIGHT DIAMONDS QUEEN,0.4416,0.009,0.5494
CLUBS JACK CLUBS FIVE,0.6306,0.11,0.2594
HEARTS SEVEN CLUBS QUEEN,0.4912,0.0054,0.5034
DIAMONDS TWO CLUBS SIX,0.684,0.0148,0.3012
SPADES QUEEN SPADES JACK,0.2612,0.039,0.6998
DIAMONDS QUEEN HEARTS QUEEN,0.1972,0.008,0.7948
HEARTS THREE DIAMONDS ACE,0.4636,0.005,0.5314
CLUBS TEN DIAMONDS EIGHT,0.7134,0.0554,0.2312
DIAMONDS TWO DIAMONDS FIVE,0.6626,0.0162,0.3212
SPADES FIVE DIAMONDS FOUR,0.6276,0.013,0.3594
SPADES FIVE HEARTS QUEEN,0.4838,0.0102,0.506
CLUBS TWO CLUBS ACE,0.455,0.0054,0.5396
SPADES ACE CLUBS ACE,0.2262,0.0026,0.7712
SPADES EIGHT HEARTS QUEEN,0.4644,0.0084,0.5272
SPADES TEN HEARTS FOUR,0.7302,0.055,0.2148
SPADES FOUR CLUBS KING,0.4836,0.0064,0.51
HEARTS ACE SPADES THREE,0.4784,0.0042,0.5174
SPADES NINE DIAMONDS FOUR,0.6988,0.0148,0.2864
CLUBS SEVEN HEARTS FOUR,0.6652,0.0152,0.3196
SPADES ACE CLUBS SEVEN,0.4756,0.0036,0.5208
DIAMONDS QUEEN DIAMONDS SEVEN,0.4306,0.0118,0.5576
HEARTS SEVEN SPADES FIVE,0.6496,0.015,0.3354
DIAMONDS QUEEN DIAMONDS FOUR,0.437,0.0114,0.5516
CLUBS FIVE CLUBS ACE,0.4554,0.0048,0.5398
CLUBS NINE CLUBS FIVE,0.6516,0.0146,0.3338
SPADES TEN HEARTS KING,0.3066,0.0262,0.6672
SPADES ACE CLUBS FOUR,0.4864,0.003,0.5106
CLUBS NINE SPADES EIGHT,0.6686,0.012,0.3194
DIAMONDS QUEEN CLUBS ACE,0.3982,0.0044,0.5974
DIAMONDS NINE HEARTS TEN,0.718,0.0534,0.2286
SPADES ACE HEARTS SEVEN,0.4912,0.0048,0.504
DIAMONDS THREE HEARTS FOUR,0.6636,0.016,0.3204
SPADES TEN DIAMONDS FIVE,0.7262,0.0586,0.2152
HEARTS EIGHT CLUBS EIGHT,0.4688,0.024,0.5072
SPADES KING CLUBS SEVEN,0.4844,0.0048,0.5108
SPADES ACE HEARTS FIVE,0.481,0.004,0.515
DIAMONDS TWO SPADES THREE,0.6582,0.0178,0.324
CLUBS SIX DIAMONDS QUEEN,0.4852,0.0052,0.5096
HEARTS EIGHT CLUBS SEVEN,0.6496,0.0148,0.3356
SPADES QUEEN DIAMONDS EIGHT,0.4698,0.0088,0.5214
SPADES ACE HEARTS TEN,0.3186,0.0178,0.6636
HEARTS FIVE HEARTS NINE,0.6364,0.0164,0.3472
CLUBS THREE SPADES FIVE,0.6678,0.012,0.3202
CLUBS NINE DIAMONDS SIX,0.6748,0.016,0.3092
SPADES ACE SPADES FIVE,0.454,0.0036,0.5424
SPADES EIGHT DIAMONDS EIGHT,0.4716,0.019,0.5094
CLUBS TWO SPADES THREE,0.688,0.0158,0.2962
SPADES KING CLUBS TEN,0.313,0.0276,0.6594
SPADES SIX HEARTS JACK,0.6782,0.118,0.2038
CLUBS SIX SPADES SIX,0.4992,0.0264,0.4744
SPADES THREE DIAMONDS FIVE,0.6454,0.0166,0.338
HEARTS FIVE DIAMONDS ACE,0.4696,0.0042,0.5262
HEARTS SIX SPADES NINE,0.6802,0.0148,0.305
HEARTS SEVEN SPADES SEVEN,0.482,0.019,0.499
CLUBS FIVE CLUBS FOUR,0.6128,0.0144,0.3728
CLUBS NINE DIAMONDS NINE,0.464,0.022,0.514
DIAMONDS TWO DIAMONDS QUEEN,0.4448,0.0102,0.545
CLUBS JACK SPADES TWO,0.6844,0.1176,0.198
SPADES TEN CLUBS FIVE,0.736,0.0538,0.2102
HEARTS EIGHT SPADES SIX,0.6604,0.0138,0.3258
HEARTS SIX DIAMONDS FOUR,0.6572,0.0148,0.328
CLUBS THREE CLUBS QUEEN,0.4526,0.0082,0.5392
HEARTS FOUR HEARTS JACK,0.6236,0.1128,0.2636
CLUBS TEN CLUBS EIGHT,0.6802,0.0482,0.2716
SPADES ACE HEARTS QUEEN,0.4022,0.005,0.5928
SPADES KING CLUBS KING,0.214,0.0052,0.7808
DIAMONDS TWO CLUBS FOUR,0.657,0.015,0.328
CLUBS ACE DIAMONDS SIX,0.475,0.0052,0.5198
