opposingHand,winningChance,drawChance,lostChance
DIAMONDS TWO CLUBS QUEEN
HEARTS FIVE SPADES TEN,0.5878,0.013,0.3992
HEARTS FIVE SPADES JACK,0.5872,0.012,0.4008
SPADES FIVE CLUBS JACK,0.598,0.0108,0.3912
CLUBS TEN SPADES FIVE,0.6034,0.0134,0.3832
CLUBS EIGHT CLUBS JACK,0.5502,0.0104,0.4394
CLUBS TEN CLUBS EIGHT,0.5192,0.0124,0.4684
CLUBS EIGHT CLUBS KING,0.3468,0.0086,0.6446
SPADES FIVE CLUBS ACE,0.3356,0.0062,0.6582
SPADES FIVE CLUBS KING,0.3522,0.0082,0.6396
CLUBS EIGHT CLUBS ACE,0.3396,0.0056,0.6548
HEARTS FIVE SPADES KING,0.368,0.0068,0.6252
HEARTS FIVE SPADES QUEEN,0.221,0.4576,0.3214
SPADES ACE HEARTS FIVE,0.34,0.0042,0.6558
DIAMONDS THREE DIAMONDS FOUR,0.5426,0.015,0.4424
CLUBS TWO SPADES FOUR,0.7032,0.0428,0.254
DIAMONDS THREE DIAMONDS FIVE,0.5366,0.0108,0.4526
SPADES FIVE CLUBS TWO,0.6884,0.0348,0.2768
CLUBS TWO SPADES TWO,0.305,0.0254,0.6696
CLUBS TWO SPADES THREE,0.7064,0.0398,0.2538
DIAMONDS THREE DIAMONDS EIGHT,0.5654,0.0146,0.42
SPADES EIGHT CLUBS TWO,0.7336,0.038,0.2284
DIAMONDS THREE DIAMONDS NINE,0.5566,0.0152,0.4282
SPADES NINE CLUBS TWO,0.7202,0.0382,0.2416
DIAMONDS THREE DIAMONDS SIX,0.5502,0.0168,0.433
SPADES SIX CLUBS TWO,0.722,0.0344,0.2436
DIAMONDS THREE DIAMONDS SEVEN,0.5594,0.0134,0.4272
SPADES SEVEN CLUBS TWO,0.7322,0.0368,0.231
CLUBS SIX CLUBS TWO,0.6912,0.0364,0.2724
CLUBS SEVEN CLUBS TWO,0.6804,0.0372,0.2824
CLUBS FOUR CLUBS TWO,0.6576,0.041,0.3014
CLUBS FIVE CLUBS TWO,0.651,0.0438,0.3052
CLUBS TEN CLUBS JACK,0.4962,0.0122,0.4916
DIAMONDS FOUR DIAMONDS SIX,0.5334,0.0128,0.4538
DIAMONDS FOUR DIAMONDS SEVEN,0.5388,0.0124,0.4488
CLUBS TEN CLUBS KING,0.3236,0.0084,0.668
CLUBS TEN CLUBS ACE,0.325,0.005,0.67
CLUBS EIGHT CLUBS TWO,0.6832,0.0418,0.275
DIAMONDS FOUR DIAMONDS FIVE,0.528,0.013,0.459
CLUBS NINE CLUBS TWO,0.6788,0.0378,0.2834
DIAMONDS FOUR DIAMONDS NINE,0.5608,0.0158,0.4234
DIAMONDS FOUR DIAMONDS EIGHT,0.5524,0.0128,0.4348
CLUBS THREE CLUBS TWO,0.67,0.0384,0.2916
DIAMONDS NINE DIAMONDS FIVE,0.5442,0.0128,0.443
DIAMONDS FIVE DIAMONDS EIGHT,0.5576,0.0134,0.429
DIAMONDS FIVE DIAMONDS SEVEN,0.5246,0.0134,0.462
DIAMONDS SIX DIAMONDS FIVE,0.5328,0.0152,0.452
DIAMONDS SIX DIAMONDS EIGHT,0.5316,0.0104,0.458
DIAMONDS NINE DIAMONDS SIX,0.541,0.0104,0.4486
HEARTS ACE SPADES THREE,0.343,0.005,0.652
SPADES THREE HEARTS KING,0.3604,0.0082,0.6314
DIAMONDS SIX DIAMONDS SEVEN,0.5148,0.0126,0.4726
HEARTS QUEEN SPADES THREE,0.2194,0.5136,0.267
SPADES THREE HEARTS JACK,0.5804,0.015,0.4046
SPADES THREE HEARTS TEN,0.5896,0.0136,0.3968
DIAMONDS EIGHT DIAMONDS SEVEN,0.5224,0.0132,0.4644
DIAMONDS NINE DIAMONDS SEVEN,0.5322,0.0098,0.458
DIAMONDS NINE DIAMONDS EIGHT,0.52,0.0138,0.4662
DIAMONDS KING HEARTS TEN,0.3276,0.0082,0.6642
HEARTS THREE HEARTS TEN,0.5554,0.0116,0.433
SPADES JACK CLUBS SIX,0.5854,0.0104,0.4042
DIAMONDS KING HEARTS JACK,0.3298,0.0076,0.6626
HEARTS THREE HEARTS JACK,0.5554,0.0116,0.433
SPADES TEN CLUBS SIX,0.5862,0.013,0.4008
SPADES JACK SPADES FIVE,0.5462,0.0132,0.4406
SPADES TEN SPADES FIVE,0.5572,0.0116,0.4312
DIAMONDS KING HEARTS ACE,0.3156,0.0038,0.6806
HEARTS THREE HEARTS ACE,0.319,0.0056,0.6754
SPADES ACE CLUBS SIX,0.3644,0.0068,0.6288
DIAMONDS KING HEARTS QUEEN,0.2216,0.0278,0.7506
HEARTS THREE HEARTS QUEEN,0.2094,0.4808,0.3098
SPADES KING CLUBS SIX,0.3546,0.0078,0.6376
DIAMONDS KING HEARTS KING,0.1164,0.004,0.8796
HEARTS THREE HEARTS KING,0.3452,0.0104,0.6444
SPADES QUEEN CLUBS SIX,0.2324,0.3902,0.3774
SPADES NINE HEARTS TEN,0.5392,0.0106,0.4502
SPADES NINE HEARTS JACK,0.5502,0.0088,0.441
SPADES QUEEN SPADES FIVE,0.2036,0.4274,0.369
SPADES KING SPADES FIVE,0.3226,0.0088,0.6686
SPADES ACE SPADES FIVE,0.3276,0.0046,0.6678
SPADES NINE HEARTS QUEEN,0.2296,0.1686,0.6018
SPADES NINE HEARTS KING,0.3508,0.0082,0.641
SPADES NINE HEARTS ACE,0.3556,0.0048,0.6396
CLUBS TEN SPADES JACK,0.5418,0.0118,0.4464
CLUBS TEN SPADES TEN,0.2758,0.0146,0.7096
SPADES ACE CLUBS TEN,0.3416,0.0046,0.6538
SPADES KING CLUBS TEN,0.337,0.0098,0.6532
CLUBS TEN SPADES QUEEN,0.222,0.1168,0.6612
SPADES FIVE HEARTS QUEEN,0.2182,0.4522,0.3296
SPADES FIVE HEARTS KING,0.3468,0.0062,0.647
HEARTS ACE SPADES FIVE,0.3626,0.004,0.6334
CLUBS EIGHT SPADES TEN,0.5478,0.0136,0.4386
SPADES JACK HEARTS THREE,0.5938,0.0112,0.395
SPADES JACK DIAMONDS KING,0.3268,0.01,0.6632
SPADES TEN DIAMONDS KING,0.3344,0.008,0.6576
SPADES TEN HEARTS THREE,0.5926,0.0134,0.394
SPADES JACK CLUBS EIGHT,0.565,0.0122,0.4228
CLUBS SIX HEARTS ACE,0.3734,0.0044,0.6222
SPADES ACE CLUBS EIGHT,0.3524,0.0046,0.643
HEARTS FIVE CLUBS JACK,0.6014,0.0114,0.3872
HEARTS FIVE CLUBS TEN,0.5936,0.0134,0.393
CLUBS SIX HEARTS QUEEN,0.2276,0.3762,0.3962
SPADES QUEEN CLUBS EIGHT,0.2304,0.2176,0.552
CLUBS TEN SPADES THREE,0.5992,0.0126,0.3882
CLUBS SIX HEARTS KING,0.351,0.0064,0.6426
SPADES KING CLUBS EIGHT,0.3646,0.0084,0.627
SPADES THREE CLUBS JACK,0.6094,0.016,0.3746
SPADES THREE CLUBS KING,0.3596,0.0086,0.6318
HEARTS FIVE CLUBS ACE,0.3386,0.0042,0.6572
SPADES FIVE HEARTS TEN,0.5854,0.0114,0.4032
SPADES THREE CLUBS ACE,0.3546,0.0054,0.64
HEARTS FIVE CLUBS KING,0.3528,0.008,0.6392
SPADES FIVE HEARTS JACK,0.5864,0.014,0.3996
HEARTS THREE CLUBS KING,0.3572,0.0106,0.6322
DIAMONDS KING CLUBS KING,0.1132,0.0064,0.8804
HEARTS FIVE HEARTS JACK,0.544,0.0106,0.4454
HEARTS FIVE HEARTS TEN,0.5554,0.0082,0.4364
HEARTS THREE CLUBS ACE,0.3318,0.0064,0.6618
DIAMONDS KING CLUBS ACE,0.2962,0.006,0.6978
HEARTS THREE CLUBS JACK,0.5974,0.0136,0.389
DIAMONDS KING CLUBS JACK,0.3424,0.0076,0.65
CLUBS TEN HEARTS THREE,0.596,0.0136,0.3904
CLUBS TEN DIAMONDS KING,0.3262,0.0096,0.6642
CLUBS SIX CLUBS KING,0.335,0.0084,0.6566
CLUBS SIX CLUBS ACE,0.348,0.0038,0.6482
HEARTS FIVE HEARTS KING,0.3204,0.0068,0.6728
HEARTS FIVE HEARTS QUEEN,0.2214,0.418,0.3606
CLUBS TEN CLUBS SIX,0.5532,0.0146,0.4322
HEARTS FIVE HEARTS ACE,0.3148,0.004,0.6812
CLUBS SIX CLUBS JACK,0.573,0.009,0.418
SPADES SEVEN HEARTS JACK,0.5854,0.0116,0.403
SPADES SEVEN HEARTS TEN,0.5612,0.0114,0.4274
SPADES SEVEN HEARTS ACE,0.3528,0.0032,0.644
SPADES SEVEN HEARTS KING,0.3606,0.0076,0.6318
SPADES SEVEN HEARTS QUEEN,0.2296,0.294,0.4764
CLUBS FOUR SPADES FIVE,0.5602,0.0152,0.4246
CLUBS FOUR SPADES FOUR,0.3132,0.04,0.6468
CLUBS FOUR SPADES THREE,0.583,0.0194,0.3976
CLUBS FOUR SPADES TWO,0.7118,0.0408,0.2474
SPADES NINE CLUBS FOUR,0.592,0.013,0.395
SPADES EIGHT CLUBS FOUR,0.576,0.0158,0.4082
SPADES SEVEN CLUBS FOUR,0.5728,0.0132,0.414
CLUBS FOUR SPADES SIX,0.5772,0.0132,0.4096
SPADES ACE DIAMONDS SIX,0.3424,0.005,0.6526
SPADES QUEEN DIAMONDS SIX,0.2134,0.3762,0.4104
SPADES KING DIAMONDS SIX,0.3596,0.0068,0.6336
SPADES TEN DIAMONDS SIX,0.5794,0.0106,0.41
SPADES JACK DIAMONDS SIX,0.5972,0.0118,0.391
SPADES QUEEN SPADES TWO,0.0186,0.9066,0.0748
SPADES KING SPADES TWO,0.2194,0.025,0.7556
SPADES ACE SPADES TWO,0.2238,0.012,0.7642
DIAMONDS JACK CLUBS JACK,0.2642,0.0132,0.7226
CLUBS TEN DIAMONDS JACK,0.5394,0.0108,0.4498
DIAMONDS JACK CLUBS KING,0.323,0.0088,0.6682
DIAMONDS THREE DIAMONDS JACK,0.56,0.0112,0.4288
DIAMONDS THREE DIAMONDS TEN,0.5746,0.0128,0.4126
DIAMONDS JACK CLUBS ACE,0.3348,0.005,0.6602
DIAMONDS THREE DIAMONDS KING,0.331,0.0082,0.6608
DIAMONDS THREE HEARTS THREE,0.324,0.034,0.642
DIAMONDS THREE DIAMONDS QUEEN,0.207,0.4958,0.2972
DIAMONDS THREE HEARTS TWO,0.7082,0.0398,0.252
HEARTS FIVE DIAMONDS THREE,0.5714,0.0172,0.4114
DIAMONDS THREE DIAMONDS ACE,0.3304,0.0074,0.6622
HEARTS FOUR DIAMONDS THREE,0.5756,0.014,0.4104
HEARTS SEVEN DIAMONDS THREE,0.5782,0.0136,0.4082
SPADES TEN SPADES NINE,0.5002,0.0096,0.4902
DIAMONDS THREE HEARTS SIX,0.5702,0.0138,0.416
SPADES JACK SPADES NINE,0.5108,0.0086,0.4806
DIAMONDS THREE HEARTS NINE,0.5904,0.015,0.3946
DIAMONDS FOUR HEARTS JACK,0.5956,0.0126,0.3918
HEARTS ACE HEARTS KING,0.2958,0.005,0.6992
SPADES TEN SPADES TWO,0.6782,0.0406,0.2812
DIAMONDS THREE HEARTS EIGHT,0.5946,0.0108,0.3946
DIAMONDS FOUR HEARTS TEN,0.5862,0.012,0.4018
SPADES JACK SPADES TWO,0.6738,0.0404,0.2858
DIAMONDS FOUR HEARTS QUEEN,0.2056,0.529,0.2654
DIAMONDS FOUR HEARTS KING,0.3526,0.007,0.6404
SPADES ACE SPADES NINE,0.328,0.0054,0.6666
DIAMONDS FOUR HEARTS ACE,0.3454,0.0052,0.6494
SPADES KING SPADES NINE,0.3188,0.007,0.6742
SPADES QUEEN SPADES NINE,0.2106,0.1552,0.6342
DIAMONDS THREE SPADES NINE,0.5872,0.0132,0.3996
DIAMONDS THREE SPADES EIGHT,0.604,0.0124,0.3836
DIAMONDS THREE SPADES SEVEN,0.5816,0.014,0.4044
DIAMONDS THREE SPADES SIX,0.5698,0.0166,0.4136
DIAMONDS THREE CLUBS SIX,0.5914,0.0144,0.3942
CLUBS FIVE CLUBS SIX,0.5332,0.0112,0.4556
DIAMONDS FOUR CLUBS ACE,0.3252,0.0056,0.6692
CLUBS SEVEN DIAMONDS THREE,0.5912,0.0156,0.3932
CLUBS SEVEN CLUBS FIVE,0.5242,0.0148,0.461
DIAMONDS THREE CLUBS FOUR,0.5714,0.0164,0.4122
DIAMONDS THREE CLUBS FIVE,0.5698,0.0136,0.4166
DIAMONDS FOUR CLUBS KING,0.3532,0.0086,0.6382
DIAMONDS THREE CLUBS TWO,0.7106,0.0366,0.2528
CLUBS TEN DIAMONDS FOUR,0.5892,0.0142,0.3966
DIAMONDS THREE CLUBS THREE,0.3234,0.0378,0.6388
DIAMONDS FOUR CLUBS JACK,0.59,0.0156,0.3944
DIAMONDS THREE SPADES FOUR,0.559,0.0142,0.4268
DIAMONDS THREE SPADES FIVE,0.563,0.0162,0.4208
DIAMONDS THREE SPADES TWO,0.7018,0.0434,0.2548
DIAMONDS THREE SPADES THREE,0.3288,0.035,0.6362
DIAMONDS THREE CLUBS EIGHT,0.605,0.0124,0.3826
CLUBS NINE DIAMONDS THREE,0.5888,0.017,0.3942
SPADES SEVEN CLUBS ACE,0.3614,0.0036,0.635
SPADES SEVEN CLUBS KING,0.3582,0.007,0.6348
CLUBS FIVE SPADES SEVEN,0.566,0.0132,0.4208
CLUBS TEN SPADES SEVEN,0.5704,0.0102,0.4194
CLUBS FIVE SPADES SIX,0.554,0.0148,0.4312
SPADES SEVEN CLUBS JACK,0.5798,0.0128,0.4074
CLUBS FIVE SPADES NINE,0.586,0.0116,0.4024
CLUBS FIVE SPADES EIGHT,0.5708,0.0112,0.418
CLUBS FIVE SPADES THREE,0.5812,0.0128,0.406
CLUBS FIVE SPADES TWO,0.6966,0.0418,0.2616
CLUBS FIVE SPADES FIVE,0.3176,0.0336,0.6488
CLUBS FIVE SPADES FOUR,0.5608,0.0148,0.4244
CLUBS NINE CLUBS FIVE,0.5544,0.014,0.4316
CLUBS EIGHT CLUBS FIVE,0.5466,0.0116,0.4418
DIAMONDS FOUR DIAMONDS TEN,0.5658,0.011,0.4232
CLUBS TEN DIAMONDS NINE,0.5372,0.0138,0.449
DIAMONDS FOUR DIAMONDS JACK,0.5622,0.012,0.4258
DIAMONDS NINE CLUBS JACK,0.5526,0.013,0.4344
SPADES NINE CLUBS JACK,0.5522,0.012,0.4358
CLUBS TEN SPADES NINE,0.5476,0.0114,0.441
DIAMONDS FOUR DIAMONDS ACE,0.3282,0.0084,0.6634
HEARTS FOUR DIAMONDS FOUR,0.3306,0.0324,0.637
DIAMONDS JACK HEARTS TEN,0.5182,0.0118,0.47
SPADES NINE CLUBS KING,0.3526,0.0122,0.6352
DIAMONDS NINE CLUBS ACE,0.34,0.0076,0.6524
HEARTS FIVE DIAMONDS FOUR,0.536,0.017,0.447
DIAMONDS JACK HEARTS JACK,0.2692,0.0112,0.7196
DIAMONDS FOUR DIAMONDS QUEEN,0.2244,0.4828,0.2928
DIAMONDS FOUR HEARTS TWO,0.697,0.0398,0.2632
DIAMONDS FOUR DIAMONDS KING,0.3464,0.0102,0.6434
DIAMONDS FOUR HEARTS THREE,0.5714,0.0162,0.4124
SPADES NINE CLUBS ACE,0.35,0.0036,0.6464
DIAMONDS NINE CLUBS KING,0.3344,0.009,0.6566
HEARTS ACE DIAMONDS JACK,0.3426,0.0042,0.6532
HEARTS QUEEN DIAMONDS JACK,0.2186,0.0926,0.6888
HEARTS KING DIAMONDS JACK,0.3252,0.0072,0.6676
SPADES JACK SPADES SEVEN,0.5452,0.0108,0.444
SPADES TEN SPADES SEVEN,0.523,0.0114,0.4656
CLUBS SEVEN CLUBS THREE,0.5658,0.0142,0.42
CLUBS SIX CLUBS THREE,0.5508,0.0134,0.4358
CLUBS FIVE CLUBS THREE,0.5294,0.0154,0.4552
CLUBS THREE CLUBS FOUR,0.5586,0.0148,0.4266
CLUBS NINE CLUBS THREE,0.5548,0.0148,0.4304
CLUBS EIGHT CLUBS THREE,0.5542,0.017,0.4288
CLUBS THREE SPADES FIVE,0.5664,0.0176,0.416
CLUBS THREE SPADES FOUR,0.5726,0.0146,0.4128
CLUBS THREE SPADES THREE,0.3366,0.035,0.6284
CLUBS THREE SPADES TWO,0.6944,0.042,0.2636
CLUBS THREE SPADES SIX,0.5802,0.0158,0.404
CLUBS THREE SPADES SEVEN,0.5908,0.0124,0.3968
SPADES EIGHT CLUBS THREE,0.5962,0.0156,0.3882
SPADES NINE CLUBS THREE,0.5924,0.0122,0.3954
DIAMONDS FOUR SPADES TWO,0.7026,0.041,0.2564
DIAMONDS FOUR SPADES THREE,0.5604,0.0162,0.4234
DIAMONDS FOUR SPADES FOUR,0.3198,0.0362,0.644
DIAMONDS FOUR SPADES FIVE,0.5564,0.0132,0.4304
DIAMONDS FOUR SPADES SIX,0.5542,0.014,0.4318
DIAMONDS FOUR SPADES SEVEN,0.562,0.014,0.424
DIAMONDS FOUR SPADES EIGHT,0.5768,0.0134,0.4098
DIAMONDS FOUR SPADES NINE,0.5978,0.0124,0.3898
DIAMONDS FOUR CLUBS FIVE,0.5466,0.0128,0.4406
DIAMONDS FOUR CLUBS FOUR,0.3138,0.0354,0.6508
CLUBS SEVEN DIAMONDS FOUR,0.5778,0.013,0.4092
DIAMONDS FOUR CLUBS SIX,0.5654,0.015,0.4196
CLUBS NINE DIAMONDS FOUR,0.5936,0.0146,0.3918
CLUBS EIGHT DIAMONDS FOUR,0.5836,0.0152,0.4012
HEARTS SEVEN DIAMONDS FOUR,0.573,0.0132,0.4138
HEARTS SIX DIAMONDS FOUR,0.5682,0.0128,0.419
DIAMONDS FOUR HEARTS NINE,0.5998,0.0106,0.3896
DIAMONDS FOUR HEARTS EIGHT,0.5848,0.0148,0.4004
DIAMONDS FOUR CLUBS THREE,0.5662,0.0154,0.4184
DIAMONDS FOUR CLUBS TWO,0.6932,0.0412,0.2656
DIAMONDS TEN DIAMONDS FIVE,0.5626,0.01,0.4274
DIAMONDS JACK DIAMONDS FIVE,0.5606,0.0118,0.4276
DIAMONDS NINE HEARTS QUEEN,0.2194,0.1568,0.6238
DIAMONDS NINE HEARTS KING,0.342,0.0062,0.6518
HEARTS ACE DIAMONDS NINE,0.3482,0.0046,0.6472
DIAMONDS NINE HEARTS TEN,0.5282,0.011,0.4608
DIAMONDS NINE HEARTS JACK,0.5496,0.011,0.4394
DIAMONDS SIX CLUBS KING,0.3466,0.0096,0.6438
DIAMONDS SIX CLUBS ACE,0.3528,0.0044,0.6428
SPADES KING DIAMONDS FOUR,0.3388,0.0082,0.653
SPADES ACE SPADES SEVEN,0.3362,0.0064,0.6574
SPADES QUEEN DIAMONDS FOUR,0.2072,0.5192,0.2736
SPADES QUEEN SPADES SEVEN,0.2142,0.286,0.4998
DIAMONDS SIX CLUBS JACK,0.6012,0.0114,0.3874
SPADES KING SPADES SEVEN,0.3202,0.01,0.6698
SPADES ACE DIAMONDS FOUR,0.3494,0.006,0.6446
CLUBS TEN DIAMONDS SIX,0.576,0.0118,0.4122
CLUBS NINE CLUBS FOUR,0.5652,0.0146,0.4202
CLUBS EIGHT CLUBS FOUR,0.5554,0.015,0.4296
SPADES JACK DIAMONDS FOUR,0.5894,0.011,0.3996
DIAMONDS FOUR SPADES TEN,0.5868,0.0124,0.4008
CLUBS FIVE CLUBS FOUR,0.5328,0.0164,0.4508
CLUBS SEVEN CLUBS FOUR,0.5442,0.0158,0.44
CLUBS SIX CLUBS FOUR,0.5466,0.016,0.4374
CLUBS SEVEN SPADES EIGHT,0.5542,0.0108,0.435
CLUBS SEVEN SPADES NINE,0.5544,0.012,0.4336
CLUBS SEVEN SPADES SIX,0.5532,0.0122,0.4346
CLUBS SEVEN SPADES SEVEN,0.3078,0.0268,0.6654
CLUBS SEVEN SPADES FIVE,0.558,0.014,0.428
CLUBS SEVEN SPADES FOUR,0.5736,0.0142,0.4122
CLUBS SEVEN SPADES THREE,0.588,0.0142,0.3978
CLUBS SEVEN SPADES TWO,0.717,0.036,0.247
CLUBS NINE CLUBS SEVEN,0.5288,0.014,0.4572
CLUBS SEVEN CLUBS EIGHT,0.5178,0.0144,0.4678
HEARTS SIX DIAMONDS FIVE,0.5562,0.0128,0.431
HEARTS SEVEN DIAMONDS FIVE,0.5714,0.0134,0.4152
DIAMONDS FIVE HEARTS EIGHT,0.568,0.01,0.422
DIAMONDS FIVE HEARTS NINE,0.5778,0.0116,0.4106
DIAMONDS QUEEN DIAMONDS FIVE,0.2082,0.438,0.3538
HEARTS TWO DIAMONDS FIVE,0.688,0.0388,0.2732
HEARTS KING HEARTS EIGHT,0.3346,0.0064,0.659
DIAMONDS KING DIAMONDS FIVE,0.3268,0.0074,0.6658
HEARTS THREE DIAMONDS FIVE,0.556,0.0148,0.4292
HEARTS QUEEN HEARTS EIGHT,0.219,0.216,0.565
DIAMONDS ACE DIAMONDS FIVE,0.3202,0.0044,0.6754
HEARTS FOUR DIAMONDS FIVE,0.5568,0.0148,0.4284
HEARTS FIVE DIAMONDS FIVE,0.3078,0.034,0.6582
HEARTS ACE HEARTS EIGHT,0.3336,0.0054,0.661
CLUBS FOUR DIAMONDS FIVE,0.5544,0.0134,0.4322
CLUBS FIVE DIAMONDS FIVE,0.3114,0.0334,0.6552
CLUBS SIX DIAMONDS FIVE,0.5618,0.0134,0.4248
CLUBS SEVEN DIAMONDS FIVE,0.548,0.0148,0.4372
CLUBS TWO DIAMONDS FIVE,0.6944,0.0366,0.269
CLUBS THREE DIAMONDS FIVE,0.5804,0.0154,0.4042
SPADES THREE DIAMONDS FIVE,0.58,0.0158,0.4042
SPADES TWO DIAMONDS FIVE,0.6906,0.0378,0.2716
SPADES JACK DIAMONDS EIGHT,0.5448,0.0098,0.4454
SPADES FIVE DIAMONDS FIVE,0.3192,0.0318,0.649
CLUBS TEN HEARTS JACK,0.528,0.0082,0.4638
SPADES TEN DIAMONDS EIGHT,0.5488,0.0138,0.4374
SPADES FOUR DIAMONDS FIVE,0.5482,0.0154,0.4364
HEARTS JACK CLUBS JACK,0.272,0.0104,0.7176
CLUBS NINE DIAMONDS FIVE,0.5864,0.013,0.4006
HEARTS JACK CLUBS KING,0.3364,0.0074,0.6562
CLUBS EIGHT DIAMONDS FIVE,0.5662,0.0134,0.4204
CLUBS ACE HEARTS JACK,0.3436,0.0046,0.6518
SPADES SEVEN DIAMONDS FIVE,0.5656,0.0102,0.4242
SPADES KING DIAMONDS EIGHT,0.356,0.0054,0.6386
SPADES QUEEN DIAMONDS EIGHT,0.2134,0.2312,0.5554
SPADES SIX DIAMONDS FIVE,0.5476,0.0106,0.4418
SPADES NINE DIAMONDS FIVE,0.5696,0.0084,0.422
SPADES EIGHT DIAMONDS FIVE,0.561,0.0102,0.4288
SPADES ACE DIAMONDS EIGHT,0.3488,0.0048,0.6464
DIAMONDS TEN DIAMONDS SIX,0.5478,0.0148,0.4374
HEARTS ACE DIAMONDS SEVEN,0.3526,0.0056,0.6418
DIAMONDS JACK DIAMONDS SIX,0.565,0.0122,0.4228
HEARTS QUEEN DIAMONDS SEVEN,0.2238,0.3024,0.4738
HEARTS KING DIAMONDS SEVEN,0.3472,0.0084,0.6444
DIAMONDS ACE DIAMONDS SIX,0.347,0.0062,0.6468
HEARTS FOUR DIAMONDS SIX,0.5636,0.0148,0.4216
SPADES TWO HEARTS JACK,0.7206,0.0398,0.2396
HEARTS FIVE DIAMONDS SIX,0.5556,0.013,0.4314
SPADES TWO HEARTS TEN,0.7268,0.0414,0.2318
DIAMONDS QUEEN DIAMONDS SIX,0.207,0.3782,0.4148
HEARTS TWO DIAMONDS SIX,0.7122,0.0336,0.2542
DIAMONDS KING DIAMONDS SIX,0.3546,0.0074,0.638
HEARTS THREE DIAMONDS SIX,0.5562,0.0144,0.4294
DIAMONDS SIX HEARTS EIGHT,0.558,0.0112,0.4308
DIAMONDS SIX HEARTS NINE,0.572,0.0112,0.4168
HEARTS SIX DIAMONDS SIX,0.3094,0.0244,0.6662
HEARTS SEVEN DIAMONDS SIX,0.5554,0.009,0.4356
HEARTS TEN DIAMONDS SEVEN,0.5576,0.0118,0.4306
CLUBS TWO DIAMONDS SIX,0.7202,0.0318,0.248
HEARTS JACK DIAMONDS SEVEN,0.5746,0.011,0.4144
CLUBS THREE DIAMONDS SIX,0.5936,0.017,0.3894
CLUBS SEVEN DIAMONDS SIX,0.553,0.0128,0.4342
DIAMONDS EIGHT CLUBS JACK,0.5634,0.011,0.4256
CLUBS SIX DIAMONDS SIX,0.3222,0.0308,0.647
CLUBS TEN DIAMONDS EIGHT,0.5482,0.0112,0.4406
CLUBS FIVE DIAMONDS SIX,0.5596,0.0128,0.4276
CLUBS FOUR DIAMONDS SIX,0.5668,0.012,0.4212
HEARTS ACE HEARTS JACK,0.3214,0.0058,0.6728
CLUBS ACE DIAMONDS EIGHT,0.3564,0.0054,0.6382
HEARTS QUEEN HEARTS JACK,0.2108,0.09,0.6992
CLUBS KING DIAMONDS EIGHT,0.356,0.0092,0.6348
CLUBS NINE DIAMONDS SIX,0.5612,0.013,0.4258
HEARTS KING HEARTS JACK,0.3156,0.011,0.6734
CLUBS EIGHT DIAMONDS SIX,0.556,0.0134,0.4306
SPADES TEN HEARTS KING,0.34,0.004,0.656
SPADES FIVE DIAMONDS SIX,0.5456,0.0136,0.4408
HEARTS ACE SPADES TWO,0.2278,0.0154,0.7568
SPADES JACK HEARTS KING,0.325,0.0054,0.6696
SPADES FOUR DIAMONDS SIX,0.5688,0.0134,0.4178
SPADES THREE DIAMONDS SIX,0.5674,0.0178,0.4148
HEARTS QUEEN SPADES TWO,0.0204,0.959,0.0206
SPADES ACE SPADES KING,0.2942,0.0062,0.6996
HEARTS KING SPADES TWO,0.2282,0.031,0.7408
SPADES TWO DIAMONDS SIX,0.7146,0.0374,0.248
HEARTS TEN HEARTS EIGHT,0.522,0.011,0.467
SPADES NINE DIAMONDS SIX,0.5556,0.0116,0.4328
HEARTS JACK HEARTS EIGHT,0.5184,0.0102,0.4714
SPADES EIGHT DIAMONDS SIX,0.5482,0.0108,0.441
SPADES SEVEN DIAMONDS SIX,0.548,0.014,0.438
SPADES SIX DIAMONDS SIX,0.3128,0.023,0.6642
SPADES KING HEARTS KING,0.1222,0.0048,0.873
SPADES QUEEN HEARTS KING,0.2204,0.0242,0.7554
CLUBS ACE CLUBS KING,0.309,0.0058,0.6852
SPADES ACE HEARTS KING,0.3142,0.0052,0.6806
SPADES ACE HEARTS JACK,0.3518,0.0042,0.644
SPADES QUEEN HEARTS JACK,0.2222,0.0932,0.6846
SPADES KING HEARTS JACK,0.346,0.0056,0.6484
SPADES TEN DIAMONDS TEN,0.2812,0.0172,0.7016
SPADES JACK DIAMONDS TEN,0.5388,0.0076,0.4536
SPADES ACE DIAMONDS TEN,0.345,0.004,0.651
SPADES JACK HEARTS JACK,0.2782,0.0094,0.7124
SPADES TEN HEARTS JACK,0.5368,0.0102,0.453
SPADES QUEEN DIAMONDS TEN,0.2244,0.1172,0.6584
SPADES KING DIAMONDS TEN,0.3308,0.0088,0.6604
SPADES NINE DIAMONDS SEVEN,0.5578,0.0122,0.43
SPADES EIGHT DIAMONDS SEVEN,0.534,0.0106,0.4554
SPADES SEVEN DIAMONDS SEVEN,0.3106,0.0216,0.6678
SPADES SIX DIAMONDS SEVEN,0.5368,0.014,0.4492
DIAMONDS KING DIAMONDS SEVEN,0.335,0.0078,0.6572
HEARTS THREE DIAMONDS SEVEN,0.5732,0.012,0.4148
HEARTS KING DIAMONDS FIVE,0.3606,0.0086,0.6308
DIAMONDS QUEEN DIAMONDS SEVEN,0.2146,0.2972,0.4882
HEARTS TWO DIAMONDS SEVEN,0.7184,0.033,0.2486
HEARTS QUEEN DIAMONDS FIVE,0.2022,0.4754,0.3224
HEARTS FIVE DIAMONDS SEVEN,0.5548,0.012,0.4332
DIAMONDS ACE DIAMONDS SEVEN,0.3442,0.005,0.6508
HEARTS FOUR DIAMONDS SEVEN,0.5712,0.0158,0.413
HEARTS ACE DIAMONDS FIVE,0.34,0.0056,0.6544
HEARTS SEVEN DIAMONDS SEVEN,0.3074,0.0248,0.6678
HEARTS SIX DIAMONDS SEVEN,0.5612,0.0126,0.4262
HEARTS NINE DIAMONDS SEVEN,0.5398,0.0114,0.4488
HEARTS EIGHT DIAMONDS SEVEN,0.5322,0.013,0.4548
DIAMONDS JACK DIAMONDS SEVEN,0.542,0.0122,0.4458
HEARTS JACK DIAMONDS FIVE,0.596,0.0144,0.3896
DIAMONDS TEN DIAMONDS SEVEN,0.5318,0.0116,0.4566
HEARTS TEN DIAMONDS FIVE,0.5816,0.0124,0.406
SPADES KING CLUBS TWO,0.2366,0.028,0.7354
HEARTS KING CLUBS KING,0.117,0.006,0.877
CLUBS EIGHT DIAMONDS SEVEN,0.5374,0.0118,0.4508
SPADES QUEEN CLUBS TWO,0.0178,0.9708,0.0114
CLUBS NINE DIAMONDS SEVEN,0.5452,0.0126,0.4422
SPADES TWO CLUBS JACK,0.7276,0.041,0.2314
SPADES ACE CLUBS TWO,0.242,0.016,0.742
CLUBS TEN SPADES TWO,0.7174,0.0386,0.244
HEARTS KING CLUBS ACE,0.3066,0.0072,0.6862
CLUBS SEVEN CLUBS SIX,0.5274,0.015,0.4576
SPADES TWO CLUBS KING,0.2318,0.0306,0.7376
SPADES TWO DIAMONDS SEVEN,0.7214,0.0342,0.2444
CLUBS EIGHT CLUBS SIX,0.536,0.0106,0.4534
SPADES THREE DIAMONDS SEVEN,0.5896,0.0134,0.397
CLUBS NINE CLUBS SIX,0.5398,0.0128,0.4474
SPADES FOUR DIAMONDS SEVEN,0.566,0.0146,0.4194
HEARTS KING CLUBS JACK,0.3364,0.007,0.6566
SPADES FIVE DIAMONDS SEVEN,0.5458,0.0134,0.4408
SPADES TWO CLUBS ACE,0.2342,0.019,0.7468
CLUBS TEN HEARTS KING,0.3274,0.0092,0.6634
CLUBS SIX SPADES TWO,0.7208,0.0338,0.2454
CLUBS SIX SPADES THREE,0.581,0.0156,0.4034
CLUBS TWO DIAMONDS SEVEN,0.7368,0.032,0.2312
CLUBS SIX SPADES FOUR,0.569,0.0144,0.4166
CLUBS THREE DIAMONDS SEVEN,0.588,0.0134,0.3986
CLUBS SIX SPADES FIVE,0.5556,0.0108,0.4336
CLUBS FOUR DIAMONDS SEVEN,0.5726,0.0124,0.415
CLUBS SIX SPADES SIX,0.3216,0.03,0.6484
CLUBS FIVE DIAMONDS SEVEN,0.5608,0.015,0.4242
CLUBS SIX SPADES SEVEN,0.5474,0.0112,0.4414
CLUBS SIX DIAMONDS SEVEN,0.555,0.0116,0.4334
CLUBS SIX SPADES EIGHT,0.5544,0.012,0.4336
SPADES JACK CLUBS TWO,0.7262,0.0408,0.233
CLUBS SEVEN DIAMONDS SEVEN,0.3138,0.0264,0.6598
SPADES NINE CLUBS SIX,0.5762,0.0132,0.4106
SPADES TEN CLUBS TWO,0.7224,0.0436,0.234
CLUBS TWO CLUBS KING,0.236,0.0248,0.7392
CLUBS THREE DIAMONDS EIGHT,0.5902,0.0142,0.3956
CLUBS TWO CLUBS ACE,0.2188,0.015,0.7662
CLUBS TWO DIAMONDS EIGHT,0.7198,0.0448,0.2354
HEARTS SEVEN DIAMONDS EIGHT,0.548,0.0108,0.4412
HEARTS SIX DIAMONDS EIGHT,0.5568,0.012,0.4312
DIAMONDS EIGHT HEARTS NINE,0.5406,0.0106,0.4488
CLUBS TEN CLUBS TWO,0.6948,0.0386,0.2666
HEARTS EIGHT DIAMONDS EIGHT,0.3006,0.017,0.6824
CLUBS TWO CLUBS JACK,0.6888,0.0386,0.2726
CLUBS NINE DIAMONDS EIGHT,0.5308,0.0132,0.456
CLUBS EIGHT DIAMONDS EIGHT,0.305,0.0226,0.6724
CLUBS FIVE DIAMONDS EIGHT,0.5758,0.0132,0.411
SPADES ACE SPADES THREE,0.318,0.0066,0.6754
CLUBS FOUR DIAMONDS EIGHT,0.5876,0.015,0.3974
CLUBS SEVEN DIAMONDS EIGHT,0.5512,0.0148,0.434
SPADES QUEEN SPADES THREE,0.2038,0.4874,0.3088
CLUBS SIX DIAMONDS EIGHT,0.5656,0.0106,0.4238
SPADES KING SPADES THREE,0.3394,0.0088,0.6518
DIAMONDS QUEEN DIAMONDS EIGHT,0.2082,0.219,0.5728
HEARTS TWO DIAMONDS EIGHT,0.711,0.0404,0.2486
DIAMONDS KING DIAMONDS EIGHT,0.3416,0.008,0.6504
HEARTS THREE DIAMONDS EIGHT,0.5924,0.0122,0.3954
DIAMONDS ACE DIAMONDS EIGHT,0.3346,0.006,0.6594
HEARTS FOUR DIAMONDS EIGHT,0.5744,0.0148,0.4108
HEARTS FIVE DIAMONDS EIGHT,0.5752,0.012,0.4128
DIAMONDS TEN DIAMONDS EIGHT,0.5194,0.0104,0.4702
DIAMONDS JACK DIAMONDS EIGHT,0.5378,0.0096,0.4526
SPADES JACK SPADES THREE,0.568,0.0118,0.4202
SPADES TEN SPADES THREE,0.5394,0.0134,0.4472
CLUBS FOUR HEARTS ACE,0.345,0.0056,0.6494
CLUBS FOUR HEARTS QUEEN,0.2132,0.5108,0.276
CLUBS FOUR HEARTS KING,0.3696,0.0094,0.621
CLUBS SIX HEARTS TEN,0.5894,0.01,0.4006
CLUBS SIX HEARTS JACK,0.5916,0.0136,0.3948
SPADES FOUR DIAMONDS EIGHT,0.5784,0.0136,0.408
SPADES FIVE DIAMONDS EIGHT,0.5756,0.014,0.4104
SPADES TWO DIAMONDS EIGHT,0.7118,0.0444,0.2438
SPADES THREE DIAMONDS EIGHT,0.5864,0.0144,0.3992
CLUBS FOUR HEARTS JACK,0.5994,0.0132,0.3874
SPADES EIGHT DIAMONDS EIGHT,0.3104,0.0208,0.6688
SPADES TEN DIAMONDS QUEEN,0.2258,0.1254,0.6488
SPADES TEN HEARTS TWO,0.7166,0.041,0.2424
SPADES JACK HEARTS EIGHT,0.5592,0.0112,0.4296
CLUBS FOUR HEARTS TEN,0.5852,0.0154,0.3994
SPADES NINE DIAMONDS EIGHT,0.5388,0.0104,0.4508
SPADES TEN HEARTS EIGHT,0.534,0.007,0.459
SPADES JACK HEARTS TWO,0.72,0.0406,0.2394
SPADES JACK DIAMONDS QUEEN,0.2282,0.092,0.6798
SPADES SIX DIAMONDS EIGHT,0.5478,0.0126,0.4396
SPADES SEVEN DIAMONDS EIGHT,0.544,0.0144,0.4416
SPADES ACE HEARTS TWO,0.2342,0.0136,0.7522
SPADES ACE DIAMONDS QUEEN,0.2242,0.0202,0.7556
SPADES ACE HEARTS EIGHT,0.3504,0.0038,0.6458
SPADES KING HEARTS EIGHT,0.3542,0.0062,0.6396
SPADES QUEEN HEARTS TWO,0.0244,0.9548,0.0208
SPADES QUEEN DIAMONDS QUEEN,0.0718,0.024,0.9042
SPADES KING DIAMONDS QUEEN,0.223,0.023,0.754
SPADES KING HEARTS TWO,0.2374,0.0272,0.7354
SPADES QUEEN HEARTS EIGHT,0.2236,0.22,0.5564
CLUBS TWO HEARTS TEN,0.7282,0.0404,0.2314
CLUBS TWO HEARTS JACK,0.7334,0.0362,0.2304
SPADES SEVEN DIAMONDS NINE,0.551,0.0124,0.4366
SPADES SIX DIAMONDS NINE,0.566,0.0114,0.4226
SPADES NINE DIAMONDS NINE,0.3008,0.018,0.6812
SPADES EIGHT DIAMONDS NINE,0.5432,0.0156,0.4412
SPADES TEN CLUBS KING,0.328,0.006,0.666
DIAMONDS NINE SPADES THREE,0.5878,0.0114,0.4008
SPADES JACK CLUBS KING,0.3312,0.0062,0.6626
DIAMONDS NINE SPADES TWO,0.7106,0.044,0.2454
SPADES FIVE DIAMONDS NINE,0.5814,0.0134,0.4052
DIAMONDS NINE SPADES FOUR,0.5944,0.0142,0.3914
CLUBS NINE DIAMONDS NINE,0.2966,0.0202,0.6832
CLUBS EIGHT DIAMONDS NINE,0.5484,0.0126,0.439
CLUBS SIX DIAMONDS NINE,0.5694,0.0138,0.4168
SPADES JACK CLUBS FOUR,0.606,0.0124,0.3816
CLUBS SEVEN DIAMONDS NINE,0.5378,0.0134,0.4488
SPADES TEN CLUBS FOUR,0.5942,0.0142,0.3916
CLUBS FOUR DIAMONDS NINE,0.6038,0.0142,0.382
CLUBS FIVE DIAMONDS NINE,0.5874,0.0152,0.3974
CLUBS TWO DIAMONDS NINE,0.7236,0.0434,0.233
CLUBS THREE DIAMONDS NINE,0.5974,0.0138,0.3888
DIAMONDS NINE HEARTS EIGHT,0.5288,0.0132,0.458
DIAMONDS NINE HEARTS NINE,0.288,0.0216,0.6904
HEARTS SIX DIAMONDS NINE,0.5698,0.01,0.4202
HEARTS SEVEN DIAMONDS NINE,0.5468,0.0158,0.4374
CLUBS NINE CLUBS EIGHT,0.519,0.0118,0.4692
DIAMONDS ACE DIAMONDS NINE,0.3328,0.0044,0.6628
HEARTS FOUR DIAMONDS NINE,0.585,0.0122,0.4028
HEARTS FIVE DIAMONDS NINE,0.569,0.0114,0.4196
HEARTS ACE CLUBS TWO,0.2438,0.0152,0.741
SPADES ACE CLUBS FOUR,0.3534,0.0066,0.64
DIAMONDS NINE DIAMONDS QUEEN,0.2094,0.1602,0.6304
HEARTS TWO DIAMONDS NINE,0.7258,0.039,0.2352
CLUBS TWO HEARTS KING,0.2372,0.0306,0.7322
SPADES KING CLUBS FOUR,0.359,0.0082,0.6328
DIAMONDS KING DIAMONDS NINE,0.3336,0.005,0.6614
HEARTS THREE DIAMONDS NINE,0.5982,0.0116,0.3902
CLUBS TWO HEARTS QUEEN,0.0182,0.974,0.0078
SPADES QUEEN CLUBS FOUR,0.224,0.5184,0.2576
DIAMONDS NINE DIAMONDS JACK,0.5148,0.013,0.4722
CLUBS EIGHT SPADES NINE,0.5558,0.0106,0.4336
DIAMONDS TEN DIAMONDS NINE,0.5102,0.013,0.4768
CLUBS EIGHT SPADES EIGHT,0.3044,0.0194,0.6762
CLUBS EIGHT SPADES SEVEN,0.5344,0.011,0.4546
CLUBS EIGHT SPADES SIX,0.5658,0.0128,0.4214
CLUBS EIGHT SPADES FIVE,0.5758,0.0132,0.411
CLUBS EIGHT SPADES FOUR,0.5856,0.0128,0.4016
CLUBS EIGHT SPADES THREE,0.6044,0.0128,0.3828
CLUBS EIGHT SPADES TWO,0.7258,0.0436,0.2306
HEARTS SIX DIAMONDS TEN,0.5732,0.0114,0.4154
HEARTS SEVEN DIAMONDS TEN,0.5546,0.0108,0.4346
DIAMONDS TEN HEARTS EIGHT,0.5532,0.012,0.4348
CLUBS FOUR CLUBS JACK,0.569,0.0134,0.4176
DIAMONDS TEN HEARTS NINE,0.5354,0.011,0.4536
CLUBS TEN CLUBS FOUR,0.567,0.0112,0.4218
CLUBS FOUR CLUBS KING,0.3314,0.0094,0.6592
DIAMONDS TEN CLUBS TWO,0.731,0.0412,0.2278
CLUBS THREE DIAMONDS TEN,0.6034,0.0146,0.382
CLUBS FOUR CLUBS ACE,0.3274,0.0056,0.667
DIAMONDS TEN DIAMONDS JACK,0.5124,0.0094,0.4782
DIAMONDS TEN DIAMONDS QUEEN,0.2072,0.119,0.6738
HEARTS TWO DIAMONDS TEN,0.717,0.0412,0.2418
DIAMONDS KING DIAMONDS TEN,0.3232,0.0086,0.6682
HEARTS THREE DIAMONDS TEN,0.5886,0.0142,0.3972
DIAMONDS ACE DIAMONDS TEN,0.3316,0.0076,0.6608
HEARTS FOUR DIAMONDS TEN,0.5908,0.012,0.3972
CLUBS EIGHT HEARTS JACK,0.5578,0.0102,0.432
HEARTS FIVE DIAMONDS TEN,0.5882,0.015,0.3968
CLUBS EIGHT HEARTS TEN,0.557,0.0114,0.4316
CLUBS EIGHT HEARTS QUEEN,0.2312,0.2254,0.5434
CLUBS EIGHT HEARTS KING,0.3712,0.008,0.6208
CLUBS EIGHT HEARTS ACE,0.3606,0.0036,0.6358
CLUBS NINE SPADES THREE,0.5886,0.014,0.3974
CLUBS NINE SPADES TWO,0.7158,0.048,0.2362
CLUBS NINE SPADES FIVE,0.5804,0.0118,0.4078
CLUBS NINE SPADES FOUR,0.5994,0.012,0.3886
CLUBS NINE SPADES SEVEN,0.561,0.0116,0.4274
CLUBS NINE SPADES SIX,0.5802,0.0124,0.4074
CLUBS NINE SPADES NINE,0.3062,0.0162,0.6776
CLUBS TEN HEARTS EIGHT,0.5576,0.0114,0.431
CLUBS NINE SPADES EIGHT,0.5516,0.0114,0.437
HEARTS EIGHT CLUBS JACK,0.5668,0.0108,0.4224
CLUBS KING HEARTS EIGHT,0.3556,0.0082,0.6362
CLUBS ACE HEARTS EIGHT,0.3516,0.0044,0.644
SPADES KING CLUBS KING,0.12,0.0048,0.8752
SPADES QUEEN CLUBS KING,0.2252,0.0292,0.7456
SPADES ACE CLUBS KING,0.2972,0.0064,0.6964
DIAMONDS ACE HEARTS TEN,0.336,0.004,0.66
HEARTS FOUR HEARTS TEN,0.5546,0.0114,0.434
DIAMONDS ACE HEARTS JACK,0.3496,0.0036,0.6468
HEARTS FOUR HEARTS JACK,0.556,0.0152,0.4288
SPADES KING CLUBS FIVE,0.3538,0.009,0.6372
SPADES QUEEN CLUBS FIVE,0.2156,0.4702,0.3142
SPADES ACE CLUBS FIVE,0.3572,0.0048,0.638
HEARTS SEVEN DIAMONDS JACK,0.5636,0.0112,0.4252
HEARTS SIX DIAMONDS JACK,0.5956,0.0114,0.393
DIAMONDS JACK HEARTS NINE,0.5472,0.0088,0.444
DIAMONDS JACK HEARTS EIGHT,0.5632,0.012,0.4248
DIAMONDS KING DIAMONDS JACK,0.3186,0.0074,0.674
HEARTS THREE DIAMONDS JACK,0.5914,0.0122,0.3964
SPADES ACE SPADES SIX,0.339,0.0048,0.6562
HEARTS ACE SPADES FOUR,0.3468,0.0042,0.649
DIAMONDS QUEEN DIAMONDS JACK,0.2148,0.0852,0.7
HEARTS TWO DIAMONDS JACK,0.7316,0.0406,0.2278
HEARTS FIVE DIAMONDS JACK,0.595,0.0128,0.3922
SPADES QUEEN SPADES SIX,0.2088,0.3676,0.4236
SPADES FOUR HEARTS QUEEN,0.2234,0.5142,0.2624
DIAMONDS ACE DIAMONDS JACK,0.3114,0.0054,0.6832
HEARTS FOUR DIAMONDS JACK,0.593,0.0134,0.3936
SPADES KING SPADES SIX,0.3428,0.008,0.6492
SPADES FOUR HEARTS KING,0.3712,0.008,0.6208
SPADES TEN SPADES SIX,0.5456,0.0126,0.4418
SPADES JACK SPADES SIX,0.5472,0.0102,0.4426
SPADES FOUR DIAMONDS JACK,0.5918,0.0136,0.3946
SPADES FIVE DIAMONDS JACK,0.5874,0.0118,0.4008
DIAMONDS JACK SPADES TWO,0.7266,0.0382,0.2352
SPADES THREE DIAMONDS JACK,0.5874,0.0144,0.3982
SPADES ACE DIAMONDS THREE,0.3392,0.006,0.6548
SPADES QUEEN DIAMONDS THREE,0.211,0.5262,0.2628
CLUBS EIGHT DIAMONDS JACK,0.5586,0.013,0.4284
SPADES KING DIAMONDS THREE,0.3546,0.0108,0.6346
CLUBS NINE DIAMONDS JACK,0.5536,0.0172,0.4292
CLUBS SIX DIAMONDS JACK,0.5924,0.0136,0.394
CLUBS SEVEN DIAMONDS JACK,0.571,0.0122,0.4168
CLUBS FOUR DIAMONDS JACK,0.5842,0.0166,0.3992
CLUBS FIVE DIAMONDS JACK,0.6,0.011,0.389
CLUBS TWO DIAMONDS JACK,0.7324,0.0382,0.2294
CLUBS THREE DIAMONDS JACK,0.602,0.0156,0.3824
SPADES TEN CLUBS FIVE,0.6022,0.0126,0.3852
SPADES JACK HEARTS SIX,0.5768,0.0094,0.4138
HEARTS SIX SPADES TEN,0.5838,0.0092,0.407
SPADES JACK CLUBS FIVE,0.5834,0.0166,0.4
DIAMONDS THREE SPADES JACK,0.5858,0.0152,0.399
CLUBS SEVEN CLUBS ACE,0.3422,0.0058,0.652
DIAMONDS THREE SPADES TEN,0.5976,0.0136,0.3888
CLUBS SEVEN CLUBS KING,0.3464,0.008,0.6456
SPADES NINE DIAMONDS JACK,0.5668,0.009,0.4242
CLUBS TEN CLUBS SEVEN,0.5508,0.0094,0.4398
DIAMONDS ACE HEARTS ACE,0.1114,0.0034,0.8852
HEARTS FOUR HEARTS ACE,0.3232,0.0068,0.67
SPADES EIGHT DIAMONDS JACK,0.5568,0.01,0.4332
SPADES ACE HEARTS SIX,0.3542,0.004,0.6418
CLUBS SEVEN CLUBS JACK,0.5506,0.0108,0.4386
DIAMONDS ACE HEARTS KING,0.3024,0.0046,0.693
HEARTS FOUR HEARTS KING,0.3324,0.0096,0.658
SPADES SEVEN DIAMONDS JACK,0.5506,0.012,0.4374
SPADES KING HEARTS SIX,0.3558,0.0074,0.6368
DIAMONDS ACE HEARTS QUEEN,0.2148,0.015,0.7702
HEARTS FOUR HEARTS QUEEN,0.1968,0.4828,0.3204
SPADES QUEEN HEARTS SIX,0.2212,0.3796,0.3992
SPADES SIX DIAMONDS JACK,0.5888,0.012,0.3992
DIAMONDS TEN SPADES TWO,0.7106,0.0398,0.2496
DIAMONDS TEN SPADES THREE,0.5952,0.0142,0.3906
DIAMONDS TEN SPADES FOUR,0.5854,0.0102,0.4044
DIAMONDS TEN SPADES FIVE,0.596,0.0124,0.3916
SPADES SIX DIAMONDS TEN,0.5624,0.0128,0.4248
SPADES SEVEN DIAMONDS TEN,0.5618,0.0098,0.4284
SPADES EIGHT DIAMONDS TEN,0.5406,0.0104,0.449
SPADES NINE DIAMONDS TEN,0.5392,0.0114,0.4494
CLUBS FOUR DIAMONDS TEN,0.5932,0.0124,0.3944
CLUBS FIVE DIAMONDS TEN,0.5876,0.0156,0.3968
CLUBS SIX DIAMONDS TEN,0.5866,0.0112,0.4022
CLUBS SEVEN DIAMONDS TEN,0.565,0.0152,0.4198
CLUBS EIGHT DIAMONDS TEN,0.5424,0.0096,0.448
CLUBS NINE DIAMONDS TEN,0.5464,0.0136,0.44
DIAMONDS THREE CLUBS JACK,0.604,0.0152,0.3808
CLUBS TEN DIAMONDS THREE,0.612,0.012,0.376
DIAMONDS THREE CLUBS KING,0.3524,0.0118,0.6358
DIAMONDS THREE CLUBS ACE,0.3478,0.0056,0.6466
SPADES FOUR HEARTS JACK,0.586,0.0124,0.4016
SPADES FOUR HEARTS TEN,0.593,0.013,0.394
SPADES FIVE SPADES TWO,0.6632,0.0344,0.3024
SPADES FOUR SPADES TWO,0.6618,0.0356,0.3026
SPADES THREE SPADES TWO,0.6644,0.0352,0.3004
SPADES NINE SPADES TWO,0.6794,0.035,0.2856
SPADES EIGHT SPADES TWO,0.6806,0.0388,0.2806
SPADES SEVEN SPADES TWO,0.6808,0.031,0.2882
SPADES SIX SPADES TWO,0.666,0.0346,0.2994
CLUBS THREE DIAMONDS QUEEN,0.2166,0.5354,0.248
CLUBS THREE HEARTS TWO,0.7018,0.0432,0.255
CLUBS TWO DIAMONDS QUEEN,0.0066,0.9866,0.0068
HEARTS TWO CLUBS TWO,0.2982,0.0268,0.675
HEARTS SEVEN DIAMONDS QUEEN,0.2118,0.3124,0.4758
HEARTS SEVEN HEARTS TWO,0.6728,0.0386,0.2886
HEARTS SIX DIAMONDS QUEEN,0.2174,0.379,0.4036
HEARTS SIX HEARTS TWO,0.678,0.0282,0.2938
DIAMONDS QUEEN HEARTS NINE,0.2224,0.1704,0.6072
HEARTS TWO HEARTS NINE,0.6734,0.0396,0.287
DIAMONDS QUEEN HEARTS EIGHT,0.2194,0.2148,0.5658
HEARTS TWO HEARTS EIGHT,0.6802,0.0398,0.28
CLUBS NINE HEARTS TWO,0.7318,0.0364,0.2318
CLUBS NINE DIAMONDS QUEEN,0.225,0.1674,0.6076
CLUBS EIGHT HEARTS TWO,0.7124,0.0396,0.248
CLUBS EIGHT DIAMONDS QUEEN,0.2214,0.2306,0.548
CLUBS FIVE DIAMONDS QUEEN,0.2066,0.4706,0.3228
CLUBS FIVE HEARTS TWO,0.6908,0.0424,0.2668
SPADES EIGHT HEARTS ACE,0.3528,0.005,0.6422
CLUBS FOUR DIAMONDS QUEEN,0.2144,0.5142,0.2714
CLUBS FOUR HEARTS TWO,0.7042,0.038,0.2578
CLUBS SEVEN DIAMONDS QUEEN,0.2184,0.3054,0.4762
CLUBS SEVEN HEARTS TWO,0.7288,0.0382,0.233
SPADES EIGHT HEARTS QUEEN,0.2288,0.2186,0.5526
CLUBS SIX DIAMONDS QUEEN,0.2096,0.3908,0.3996
CLUBS SIX HEARTS TWO,0.7068,0.039,0.2542
SPADES EIGHT HEARTS KING,0.378,0.0052,0.6168
HEARTS TWO SPADES SIX,0.7108,0.0368,0.2524
SPADES SIX DIAMONDS QUEEN,0.2262,0.3808,0.393
SPADES SEVEN DIAMONDS QUEEN,0.2178,0.3062,0.476
SPADES SEVEN HEARTS TWO,0.729,0.037,0.234
HEARTS FOUR CLUBS KING,0.3466,0.0076,0.6458
DIAMONDS ACE CLUBS KING,0.3066,0.0054,0.688
SPADES EIGHT DIAMONDS QUEEN,0.2244,0.2332,0.5424
SPADES EIGHT HEARTS TWO,0.7178,0.0402,0.242
HEARTS FOUR CLUBS ACE,0.336,0.008,0.656
DIAMONDS ACE CLUBS ACE,0.1014,0.005,0.8936
SPADES NINE DIAMONDS QUEEN,0.2074,0.1664,0.6262
SPADES NINE HEARTS TWO,0.7186,0.0366,0.2448
HEARTS TWO SPADES TWO,0.2924,0.0248,0.6828
DIAMONDS QUEEN SPADES TWO,0.0092,0.9732,0.0176
HEARTS TWO SPADES THREE,0.6958,0.0416,0.2626
DIAMONDS QUEEN SPADES THREE,0.2162,0.521,0.2628
HEARTS TWO SPADES FOUR,0.6972,0.038,0.2648
SPADES FOUR DIAMONDS QUEEN,0.2136,0.5054,0.281
CLUBS TEN HEARTS FOUR,0.5968,0.0152,0.388
CLUBS TEN DIAMONDS ACE,0.3414,0.0058,0.6528
HEARTS TWO SPADES FIVE,0.695,0.039,0.266
SPADES FIVE DIAMONDS QUEEN,0.2048,0.464,0.3312
HEARTS FOUR CLUBS JACK,0.5858,0.0136,0.4006
DIAMONDS ACE CLUBS JACK,0.3536,0.0038,0.6426
CLUBS FIVE CLUBS KING,0.3342,0.0082,0.6576
CLUBS FIVE CLUBS ACE,0.3248,0.0066,0.6686
CLUBS FIVE CLUBS JACK,0.5628,0.0152,0.422
CLUBS TEN CLUBS FIVE,0.57,0.012,0.418
SPADES KING CLUBS JACK,0.328,0.0066,0.6654
SPADES QUEEN CLUBS JACK,0.2364,0.0932,0.6704
SPADES ACE CLUBS JACK,0.3492,0.0046,0.6462
SPADES SIX CLUBS KING,0.3628,0.0084,0.6288
SPADES EIGHT HEARTS JACK,0.5482,0.0114,0.4404
SPADES SIX CLUBS ACE,0.3582,0.004,0.6378
SPADES EIGHT HEARTS TEN,0.5626,0.0092,0.4282
SPADES SIX CLUBS JACK,0.607,0.0118,0.3812
CLUBS TEN SPADES SIX,0.586,0.0134,0.4006
SPADES TEN CLUBS JACK,0.5454,0.0124,0.4422
SPADES JACK CLUBS JACK,0.2766,0.0118,0.7116
SPADES QUEEN CLUBS SEVEN,0.228,0.315,0.457
SPADES KING CLUBS SEVEN,0.363,0.0078,0.6292
SPADES ACE CLUBS SEVEN,0.3604,0.006,0.6336
SPADES SIX HEARTS TEN,0.5814,0.0142,0.4044
SPADES SIX HEARTS JACK,0.5834,0.0114,0.4052
SPADES SIX HEARTS ACE,0.3492,0.0044,0.6464
SPADES SIX HEARTS KING,0.3576,0.0084,0.634
SPADES SIX HEARTS QUEEN,0.2226,0.3734,0.404
CLUBS SEVEN SPADES JACK,0.5728,0.0138,0.4134
CLUBS SEVEN SPADES TEN,0.5602,0.0114,0.4284
CLUBS TEN HEARTS SIX,0.5748,0.0134,0.4118
HEARTS SIX CLUBS JACK,0.6072,0.0114,0.3814
CLUBS ACE CLUBS JACK,0.3098,0.0048,0.6854
HEARTS SIX CLUBS KING,0.3502,0.009,0.6408
HEARTS SIX CLUBS ACE,0.3518,0.0044,0.6438
CLUBS KING CLUBS JACK,0.3174,0.0088,0.6738
DIAMONDS THREE HEARTS ACE,0.3424,0.0064,0.6512
DIAMONDS THREE HEARTS QUEEN,0.221,0.5174,0.2616
DIAMONDS THREE HEARTS KING,0.3504,0.0088,0.6408
CLUBS FIVE HEARTS JACK,0.605,0.013,0.382
SPADES TEN DIAMONDS ACE,0.3428,0.0048,0.6524
HEARTS FOUR SPADES TEN,0.589,0.0128,0.3982
CLUBS FIVE HEARTS TEN,0.5996,0.01,0.3904
HEARTS FOUR SPADES JACK,0.5926,0.012,0.3954
SPADES JACK DIAMONDS ACE,0.3256,0.006,0.6684
SPADES ACE HEARTS FOUR,0.3422,0.0058,0.652
SPADES ACE DIAMONDS ACE,0.1052,0.0048,0.89
CLUBS FIVE HEARTS ACE,0.3514,0.006,0.6426
CLUBS FIVE HEARTS KING,0.3466,0.0082,0.6452
HEARTS FOUR SPADES QUEEN,0.2198,0.5164,0.2638
SPADES QUEEN DIAMONDS ACE,0.2178,0.0154,0.7668
SPADES FOUR CLUBS JACK,0.6,0.014,0.386
CLUBS FIVE HEARTS QUEEN,0.2206,0.4624,0.317
SPADES KING DIAMONDS ACE,0.3022,0.0036,0.6942
SPADES KING HEARTS FOUR,0.3454,0.0084,0.6462
CLUBS TEN SPADES FOUR,0.587,0.0142,0.3988
DIAMONDS ACE DIAMONDS QUEEN,0.199,0.0212,0.7798
DIAMONDS ACE HEARTS TWO,0.2252,0.0178,0.757
HEARTS FOUR DIAMONDS QUEEN,0.2136,0.5292,0.2572
HEARTS FOUR HEARTS TWO,0.6618,0.0374,0.3008
DIAMONDS THREE HEARTS TEN,0.5914,0.0124,0.3962
SPADES FOUR CLUBS KING,0.3502,0.009,0.6408
HEARTS FIVE DIAMONDS QUEEN,0.222,0.4646,0.3134
HEARTS FIVE HEARTS TWO,0.6574,0.0396,0.303
DIAMONDS THREE HEARTS JACK,0.6038,0.0124,0.3838
HEARTS TWO DIAMONDS QUEEN,0.011,0.9734,0.0156
DIAMONDS KING DIAMONDS QUEEN,0.2076,0.0246,0.7678
DIAMONDS KING HEARTS TWO,0.2334,0.0304,0.7362
HEARTS THREE DIAMONDS QUEEN,0.2224,0.5196,0.258
HEARTS THREE HEARTS TWO,0.6686,0.0322,0.2992
SPADES FOUR CLUBS ACE,0.3364,0.007,0.6566
HEARTS TWO CLUBS ACE,0.2356,0.0152,0.7492
DIAMONDS QUEEN CLUBS ACE,0.198,0.0208,0.7812
HEARTS TWO CLUBS KING,0.2316,0.0284,0.74
DIAMONDS QUEEN CLUBS KING,0.21,0.03,0.76
SPADES EIGHT SPADES FIVE,0.544,0.0136,0.4424
CLUBS TEN HEARTS TWO,0.7304,0.0414,0.2282
CLUBS TEN DIAMONDS QUEEN,0.2248,0.109,0.6662
SPADES NINE SPADES FIVE,0.5442,0.0124,0.4434
HEARTS TWO CLUBS JACK,0.73,0.037,0.233
DIAMONDS QUEEN CLUBS JACK,0.2212,0.0944,0.6844
SPADES SIX SPADES FIVE,0.517,0.013,0.47
SPADES SEVEN SPADES FIVE,0.5168,0.0116,0.4716
SPADES EIGHT CLUBS ACE,0.346,0.0032,0.6508
DIAMONDS FIVE CLUBS KING,0.3666,0.0092,0.6242
SPADES EIGHT CLUBS KING,0.3534,0.0068,0.6398
CLUBS ACE DIAMONDS FIVE,0.3274,0.007,0.6656
SPADES EIGHT CLUBS JACK,0.5648,0.011,0.4242
CLUBS TEN SPADES EIGHT,0.5594,0.011,0.4296
CLUBS TEN DIAMONDS FIVE,0.5966,0.013,0.3904
DIAMONDS FIVE CLUBS JACK,0.5874,0.011,0.4016
DIAMONDS TEN HEARTS JACK,0.5412,0.0098,0.449
DIAMONDS TEN HEARTS TEN,0.2738,0.0148,0.7114
SPADES ACE CLUBS NINE,0.3614,0.0056,0.633
CLUBS NINE SPADES QUEEN,0.2212,0.1692,0.6096
CLUBS NINE SPADES KING,0.353,0.005,0.642
HEARTS SIX HEARTS KING,0.3324,0.0088,0.6588
DIAMONDS KING SPADES SEVEN,0.3496,0.0078,0.6426
HEARTS THREE SPADES SEVEN,0.5738,0.0114,0.4148
SPADES KING DIAMONDS SEVEN,0.3568,0.0076,0.6356
HEARTS SIX HEARTS QUEEN,0.2124,0.3448,0.4428
SPADES QUEEN DIAMONDS SEVEN,0.2098,0.3066,0.4836
HEARTS THREE SPADES SIX,0.5732,0.0158,0.411
DIAMONDS KING SPADES SIX,0.3644,0.0078,0.6278
SPADES NINE DIAMONDS KING,0.3472,0.0076,0.6452
SPADES NINE HEARTS THREE,0.6048,0.013,0.3822
HEARTS SIX HEARTS ACE,0.331,0.0056,0.6634
DIAMONDS KING SPADES EIGHT,0.343,0.009,0.648
SPADES EIGHT HEARTS THREE,0.6,0.0098,0.3902
SPADES ACE DIAMONDS SEVEN,0.3504,0.0038,0.6458
CLUBS NINE HEARTS THREE,0.6022,0.0158,0.382
CLUBS NINE DIAMONDS KING,0.3542,0.0078,0.638
CLUBS EIGHT HEARTS THREE,0.593,0.0138,0.3932
CLUBS EIGHT DIAMONDS KING,0.3528,0.0084,0.6388
HEARTS THREE SPADES THREE,0.3316,0.0368,0.6316
DIAMONDS KING SPADES THREE,0.3462,0.0086,0.6452
HEARTS THREE SPADES TWO,0.6958,0.0398,0.2644
DIAMONDS KING SPADES TWO,0.2266,0.029,0.7444
HEARTS THREE SPADES FIVE,0.5796,0.014,0.4064
DIAMONDS KING SPADES FIVE,0.3356,0.0086,0.6558
HEARTS THREE SPADES FOUR,0.568,0.0148,0.4172
DIAMONDS KING SPADES FOUR,0.3558,0.0094,0.6348
DIAMONDS KING CLUBS TWO,0.2298,0.0328,0.7374
HEARTS THREE CLUBS TWO,0.7218,0.047,0.2312
DIAMONDS KING CLUBS THREE,0.3428,0.0092,0.648
CLUBS THREE HEARTS THREE,0.3236,0.0324,0.644
DIAMONDS KING CLUBS FOUR,0.363,0.0074,0.6296
HEARTS THREE CLUBS FOUR,0.5826,0.0152,0.4022
CLUBS FIVE DIAMONDS KING,0.357,0.0094,0.6336
CLUBS FIVE HEARTS THREE,0.5794,0.0148,0.4058
CLUBS SIX DIAMONDS KING,0.3546,0.009,0.6364
CLUBS SIX HEARTS THREE,0.586,0.0152,0.3988
CLUBS SEVEN DIAMONDS KING,0.3522,0.0094,0.6384
