opposingHand,winningChance,drawChance,lostChance
DIAMONDS ACE SPADES EIGHT
HEARTS FIVE SPADES TEN,0.6338,0.004,0.3622
HEARTS FIVE SPADES JACK,0.633,0.0052,0.3618
SPADES FIVE CLUBS JACK,0.6394,0.005,0.3556
CLUBS TEN SPADES FIVE,0.6382,0.0044,0.3574
CLUBS EIGHT CLUBS JACK,0.667,0.0198,0.3132
CLUBS TEN CLUBS EIGHT,0.6642,0.0188,0.317
CLUBS EIGHT CLUBS KING,0.702,0.0248,0.2732
SPADES FIVE CLUBS ACE,0.5292,0.2324,0.2384
CLUBS EIGHT CLUBS QUEEN,0.6814,0.0244,0.2942
SPADES FIVE CLUBS KING,0.63,0.0042,0.3658
SPADES FIVE CLUBS QUEEN,0.64,0.0046,0.3554
CLUBS EIGHT CLUBS ACE,0.0238,0.9024,0.0738
DIAMONDS TWO DIAMONDS THREE,0.62,0.0056,0.3744
DIAMONDS TWO DIAMONDS FIVE,0.6282,0.0052,0.3666
HEARTS FIVE SPADES KING,0.6236,0.0034,0.373
DIAMONDS TWO DIAMONDS FOUR,0.6276,0.0032,0.3692
HEARTS FIVE SPADES QUEEN,0.6312,0.0044,0.3644
DIAMONDS TWO DIAMONDS SEVEN,0.6514,0.0034,0.3452
DIAMONDS TWO DIAMONDS SIX,0.632,0.005,0.363
SPADES ACE HEARTS FIVE,0.5306,0.2206,0.2488
DIAMONDS TWO DIAMONDS NINE,0.6242,0.0056,0.3702
DIAMONDS TWO DIAMONDS EIGHT,0.7232,0.0274,0.2494
DIAMONDS THREE DIAMONDS FOUR,0.6102,0.004,0.3858
SPADES FOUR CLUBS TWO,0.6492,0.0084,0.3424
DIAMONDS THREE DIAMONDS FIVE,0.6102,0.0062,0.3836
SPADES FIVE CLUBS TWO,0.6612,0.0046,0.3342
CLUBS TWO SPADES TWO,0.478,0.005,0.517
CLUBS TWO SPADES THREE,0.6524,0.0066,0.341
DIAMONDS THREE DIAMONDS EIGHT,0.725,0.0284,0.2466
DIAMONDS THREE DIAMONDS NINE,0.6192,0.0044,0.3764
SPADES NINE CLUBS TWO,0.65,0.0044,0.3456
DIAMONDS THREE DIAMONDS SIX,0.6252,0.0056,0.3692
SPADES SIX CLUBS TWO,0.6756,0.0048,0.3196
DIAMONDS THREE DIAMONDS SEVEN,0.647,0.0042,0.3488
SPADES SEVEN CLUBS TWO,0.6794,0.0044,0.3162
CLUBS SIX CLUBS TWO,0.6192,0.0054,0.3754
CLUBS SEVEN CLUBS TWO,0.6262,0.0042,0.3696
CLUBS FOUR CLUBS TWO,0.6226,0.0074,0.37
CLUBS FIVE CLUBS TWO,0.61,0.0056,0.3844
CLUBS TEN CLUBS JACK,0.5272,0.0034,0.4694
DIAMONDS FOUR DIAMONDS SIX,0.6036,0.0058,0.3906
CLUBS TEN CLUBS QUEEN,0.5328,0.0038,0.4634
DIAMONDS FOUR DIAMONDS SEVEN,0.6228,0.0052,0.372
CLUBS TEN CLUBS KING,0.541,0.0048,0.4542
CLUBS TEN CLUBS ACE,0.2202,0.1106,0.6692
CLUBS EIGHT CLUBS TWO,0.7118,0.028,0.2602
DIAMONDS FIVE DIAMONDS FOUR,0.595,0.0044,0.4006
CLUBS NINE CLUBS TWO,0.6142,0.0042,0.3816
DIAMONDS NINE DIAMONDS FOUR,0.6116,0.0042,0.3842
DIAMONDS EIGHT DIAMONDS FOUR,0.7072,0.0274,0.2654
CLUBS THREE CLUBS TWO,0.613,0.004,0.383
DIAMONDS NINE DIAMONDS FIVE,0.5996,0.0052,0.3952
DIAMONDS TWO CLUBS JACK,0.6422,0.0038,0.354
DIAMONDS EIGHT DIAMONDS FIVE,0.6952,0.0258,0.279
CLUBS TEN DIAMONDS TWO,0.64,0.0044,0.3556
DIAMONDS FIVE DIAMONDS SEVEN,0.6136,0.0044,0.382
DIAMONDS FIVE DIAMONDS SIX,0.6,0.0052,0.3948
DIAMONDS TWO CLUBS ACE,0.5334,0.226,0.2406
DIAMONDS TWO CLUBS KING,0.6474,0.004,0.3486
DIAMONDS TWO CLUBS QUEEN,0.6374,0.0048,0.3578
DIAMONDS EIGHT DIAMONDS SIX,0.683,0.0274,0.2896
DIAMONDS NINE DIAMONDS SIX,0.596,0.0054,0.3986
HEARTS ACE SPADES THREE,0.5366,0.2246,0.2388
SPADES THREE HEARTS KING,0.637,0.0054,0.3576
DIAMONDS SEVEN DIAMONDS SIX,0.5944,0.0048,0.4008
SPADES THREE HEARTS QUEEN,0.6372,0.0038,0.359
SPADES THREE HEARTS JACK,0.6414,0.0038,0.3548
SPADES THREE HEARTS TEN,0.6458,0.0036,0.3506
DIAMONDS EIGHT DIAMONDS SEVEN,0.6628,0.0312,0.306
DIAMONDS NINE DIAMONDS SEVEN,0.5814,0.0056,0.413
DIAMONDS NINE DIAMONDS EIGHT,0.6524,0.0198,0.3278
DIAMONDS KING HEARTS TEN,0.583,0.005,0.412
HEARTS THREE HEARTS TEN,0.6004,0.0026,0.397
SPADES JACK CLUBS SIX,0.6406,0.0034,0.356
DIAMONDS KING HEARTS JACK,0.5826,0.004,0.4134
HEARTS THREE HEARTS JACK,0.6026,0.0048,0.3926
SPADES TEN CLUBS SIX,0.6232,0.0036,0.3732
SPADES JACK SPADES FIVE,0.6216,0.0052,0.3732
SPADES TEN SPADES FIVE,0.5986,0.005,0.3964
DIAMONDS KING HEARTS ACE,0.2478,0.0494,0.7028
HEARTS THREE HEARTS ACE,0.4806,0.2286,0.2908
SPADES ACE CLUBS SIX,0.5462,0.2166,0.2372
DIAMONDS KING HEARTS QUEEN,0.5826,0.004,0.4134
HEARTS THREE HEARTS QUEEN,0.5828,0.0028,0.4144
SPADES KING CLUBS SIX,0.64,0.0042,0.3558
DIAMONDS KING HEARTS KING,0.2834,0.0026,0.714
HEARTS THREE HEARTS KING,0.5912,0.0046,0.4042
SPADES QUEEN CLUBS SIX,0.6336,0.003,0.3634
SPADES NINE HEARTS TEN,0.5746,0.0034,0.422
SPADES NINE HEARTS JACK,0.5776,0.0046,0.4178
SPADES QUEEN SPADES FIVE,0.601,0.0046,0.3944
SPADES KING SPADES FIVE,0.6004,0.006,0.3936
SPADES ACE SPADES FIVE,0.4898,0.2198,0.2904
SPADES NINE HEARTS QUEEN,0.5824,0.0034,0.4142
SPADES NINE HEARTS KING,0.5972,0.0042,0.3986
SPADES NINE HEARTS ACE,0.221,0.1752,0.6038
CLUBS TEN SPADES JACK,0.5486,0.0054,0.446
CLUBS TEN SPADES TEN,0.3074,0.0042,0.6884
SPADES ACE CLUBS TEN,0.2176,0.1258,0.6566
SPADES KING CLUBS TEN,0.579,0.0068,0.4142
CLUBS TEN SPADES QUEEN,0.5614,0.0038,0.4348
SPADES FIVE HEARTS QUEEN,0.64,0.0038,0.3562
SPADES FIVE HEARTS KING,0.631,0.0036,0.3654
SPADES FIVE HEARTS ACE,0.5352,0.2272,0.2376
CLUBS EIGHT SPADES TEN,0.6918,0.0254,0.2828
SPADES JACK HEARTS THREE,0.6438,0.0028,0.3534
SPADES JACK DIAMONDS KING,0.5806,0.0038,0.4156
SPADES TEN DIAMONDS KING,0.5698,0.0052,0.425
SPADES TEN HEARTS THREE,0.6394,0.0044,0.3562
SPADES JACK CLUBS EIGHT,0.718,0.02,0.262
CLUBS SIX HEARTS ACE,0.54,0.2264,0.2336
SPADES ACE CLUBS EIGHT,0.0102,0.971,0.0188
HEARTS FIVE CLUBS JACK,0.6358,0.0042,0.36
HEARTS FIVE CLUBS TEN,0.641,0.0026,0.3564
CLUBS SIX HEARTS QUEEN,0.6344,0.0038,0.3618
SPADES QUEEN CLUBS EIGHT,0.7192,0.0204,0.2604
CLUBS TEN SPADES THREE,0.6438,0.0052,0.351
CLUBS SIX HEARTS KING,0.6322,0.0026,0.3652
SPADES KING CLUBS EIGHT,0.7442,0.0244,0.2314
SPADES THREE CLUBS JACK,0.6408,0.0036,0.3556
DIAMONDS TWO HEARTS JACK,0.6416,0.0038,0.3546
SPADES THREE CLUBS QUEEN,0.6366,0.0026,0.3608
DIAMONDS TWO HEARTS TEN,0.642,0.0052,0.3528
SPADES THREE CLUBS KING,0.6306,0.0046,0.3648
HEARTS FIVE CLUBS ACE,0.5168,0.2326,0.2506
SPADES FIVE HEARTS TEN,0.6426,0.004,0.3534
SPADES THREE CLUBS ACE,0.5284,0.2274,0.2442
HEARTS FIVE CLUBS KING,0.6324,0.0026,0.365
SPADES FIVE HEARTS JACK,0.657,0.0044,0.3386
HEARTS FIVE CLUBS QUEEN,0.6326,0.0042,0.3632
HEARTS THREE CLUBS KING,0.6402,0.0052,0.3546
DIAMONDS KING CLUBS KING,0.2968,0.003,0.7002
HEARTS THREE CLUBS QUEEN,0.6384,0.0038,0.3578
DIAMONDS KING CLUBS QUEEN,0.5764,0.0048,0.4188
HEARTS FIVE HEARTS JACK,0.5962,0.0042,0.3996
HEARTS FIVE HEARTS TEN,0.5944,0.0044,0.4012
HEARTS THREE CLUBS ACE,0.5266,0.2204,0.253
DIAMONDS KING CLUBS ACE,0.2472,0.049,0.7038
SPADES ACE CLUBS QUEEN,0.2396,0.0614,0.699
SPADES KING CLUBS QUEEN,0.5672,0.005,0.4278
HEARTS THREE CLUBS JACK,0.6296,0.0028,0.3676
DIAMONDS KING CLUBS JACK,0.5838,0.0034,0.4128
SPADES QUEEN CLUBS QUEEN,0.2916,0.0046,0.7038
CLUBS TEN HEARTS THREE,0.6464,0.0046,0.349
CLUBS TEN DIAMONDS KING,0.559,0.0034,0.4376
SPADES JACK CLUBS QUEEN,0.5572,0.0046,0.4382
CLUBS SIX CLUBS QUEEN,0.603,0.0042,0.3928
SPADES TEN CLUBS QUEEN,0.5672,0.003,0.4298
CLUBS SIX CLUBS KING,0.5912,0.0048,0.404
CLUBS SIX CLUBS ACE,0.5184,0.213,0.2686
HEARTS FIVE HEARTS KING,0.587,0.0068,0.4062
HEARTS FIVE HEARTS QUEEN,0.5922,0.0044,0.4034
CLUBS TEN CLUBS SIX,0.5726,0.005,0.4224
HEARTS FIVE HEARTS ACE,0.4826,0.2258,0.2916
CLUBS SIX CLUBS JACK,0.6048,0.0036,0.3916
SPADES SEVEN HEARTS JACK,0.6372,0.0046,0.3582
SPADES SEVEN HEARTS TEN,0.6198,0.0042,0.376
DIAMONDS TWO CLUBS TWO,0.4698,0.0054,0.5248
DIAMONDS TWO CLUBS THREE,0.6504,0.0046,0.345
DIAMONDS TWO HEARTS SIX,0.678,0.0034,0.3186
DIAMONDS TWO HEARTS QUEEN,0.6498,0.0044,0.3458
HEARTS SEVEN DIAMONDS TWO,0.6854,0.005,0.3096
DIAMONDS TWO HEARTS KING,0.645,0.003,0.352
DIAMONDS TWO HEARTS EIGHT,0.7386,0.0364,0.225
DIAMONDS TWO HEARTS ACE,0.5408,0.223,0.2362
DIAMONDS TWO HEARTS NINE,0.6446,0.0028,0.3526
DIAMONDS TWO DIAMONDS QUEEN,0.6052,0.0072,0.3876
DIAMONDS TWO HEARTS TWO,0.4818,0.0068,0.5114
DIAMONDS TWO DIAMONDS KING,0.615,0.0044,0.3806
DIAMONDS TWO HEARTS THREE,0.655,0.0046,0.3404
HEARTS FOUR DIAMONDS TWO,0.6586,0.0038,0.3376
HEARTS FIVE DIAMONDS TWO,0.6426,0.0062,0.3512
SPADES SEVEN HEARTS ACE,0.5502,0.2286,0.2212
DIAMONDS TWO DIAMONDS TEN,0.6072,0.0062,0.3866
SPADES SEVEN HEARTS KING,0.6348,0.0046,0.3606
DIAMONDS TWO DIAMONDS JACK,0.6112,0.004,0.3848
SPADES SEVEN HEARTS QUEEN,0.6292,0.0042,0.3666
DIAMONDS TWO SPADES NINE,0.6432,0.0074,0.3494
DIAMONDS TWO SPADES SEVEN,0.6894,0.0036,0.307
DIAMONDS TWO SPADES SIX,0.678,0.0054,0.3166
DIAMONDS TWO SPADES FIVE,0.6564,0.007,0.3366
DIAMONDS TWO SPADES FOUR,0.6646,0.007,0.3284
DIAMONDS TWO SPADES THREE,0.6514,0.0058,0.3428
DIAMONDS TWO SPADES TWO,0.4734,0.0046,0.522
CLUBS NINE DIAMONDS TWO,0.652,0.004,0.344
DIAMONDS TWO CLUBS EIGHT,0.7578,0.03,0.2122
CLUBS SEVEN DIAMONDS TWO,0.6896,0.0046,0.3058
DIAMONDS TWO CLUBS SIX,0.6748,0.0036,0.3216
DIAMONDS TWO CLUBS FIVE,0.667,0.0048,0.3282
DIAMONDS TWO CLUBS FOUR,0.6606,0.0048,0.3346
CLUBS FOUR SPADES FIVE,0.6368,0.0048,0.3584
CLUBS FOUR SPADES FOUR,0.4592,0.0054,0.5354
CLUBS FOUR SPADES THREE,0.6426,0.0026,0.3548
CLUBS FOUR SPADES TWO,0.6518,0.005,0.3432
SPADES NINE CLUBS FOUR,0.6404,0.0034,0.3562
SPADES SEVEN CLUBS FOUR,0.6516,0.0034,0.345
SPADES SIX CLUBS FOUR,0.6472,0.0064,0.3464
SPADES ACE DIAMONDS SIX,0.5574,0.2196,0.223
SPADES QUEEN DIAMONDS SIX,0.647,0.0036,0.3494
SPADES KING DIAMONDS SIX,0.6482,0.0036,0.3482
SPADES TEN DIAMONDS SIX,0.6412,0.004,0.3548
SPADES JACK DIAMONDS SIX,0.6478,0.0068,0.3454
SPADES QUEEN SPADES TWO,0.6032,0.0042,0.3926
SPADES KING SPADES TWO,0.6064,0.0054,0.3882
SPADES ACE SPADES TWO,0.5036,0.2244,0.272
DIAMONDS JACK CLUBS JACK,0.305,0.003,0.692
CLUBS TEN DIAMONDS JACK,0.5476,0.005,0.4474
DIAMONDS JACK CLUBS KING,0.5836,0.0048,0.4116
DIAMONDS JACK CLUBS QUEEN,0.5608,0.0042,0.435
DIAMONDS THREE DIAMONDS JACK,0.606,0.0064,0.3876
DIAMONDS THREE DIAMONDS TEN,0.6152,0.0046,0.3802
DIAMONDS JACK CLUBS ACE,0.2544,0.0892,0.6564
DIAMONDS THREE DIAMONDS KING,0.6094,0.0048,0.3858
DIAMONDS THREE HEARTS THREE,0.4684,0.0052,0.5264
DIAMONDS THREE DIAMONDS QUEEN,0.621,0.0062,0.3728
DIAMONDS THREE HEARTS TWO,0.654,0.0056,0.3404
HEARTS FIVE DIAMONDS THREE,0.6302,0.0054,0.3644
HEARTS FOUR DIAMONDS THREE,0.656,0.0044,0.3396
HEARTS SEVEN DIAMONDS THREE,0.664,0.0038,0.3322
SPADES TEN SPADES NINE,0.5202,0.0028,0.477
HEARTS SIX DIAMONDS THREE,0.6676,0.004,0.3284
SPADES JACK SPADES NINE,0.5522,0.0046,0.4432
DIAMONDS THREE HEARTS NINE,0.6562,0.0028,0.341
HEARTS JACK DIAMONDS FOUR,0.6368,0.0038,0.3594
HEARTS ACE HEARTS KING,0.2286,0.0468,0.7246
SPADES TEN SPADES TWO,0.61,0.0044,0.3856
DIAMONDS THREE HEARTS EIGHT,0.7496,0.0338,0.2166
HEARTS TEN DIAMONDS FOUR,0.6556,0.0036,0.3408
SPADES JACK SPADES TWO,0.601,0.0058,0.3932
HEARTS QUEEN DIAMONDS FOUR,0.6382,0.004,0.3578
HEARTS KING DIAMONDS FOUR,0.6332,0.0052,0.3616
SPADES ACE SPADES NINE,0.2242,0.1636,0.6122
HEARTS ACE DIAMONDS FOUR,0.528,0.2286,0.2434
SPADES KING SPADES NINE,0.5584,0.0044,0.4372
SPADES QUEEN SPADES NINE,0.549,0.004,0.447
DIAMONDS THREE SPADES NINE,0.647,0.0046,0.3484
DIAMONDS THREE SPADES SEVEN,0.6712,0.0064,0.3224
DIAMONDS THREE SPADES SIX,0.6634,0.005,0.3316
DIAMONDS THREE CLUBS SIX,0.6516,0.0046,0.3438
CLUBS FIVE CLUBS SIX,0.599,0.0028,0.3982
CLUBS ACE DIAMONDS FOUR,0.5284,0.2392,0.2324
CLUBS SEVEN DIAMONDS THREE,0.6758,0.003,0.3212
CLUBS SEVEN CLUBS FIVE,0.5986,0.0036,0.3978
DIAMONDS THREE CLUBS FOUR,0.646,0.004,0.35
DIAMONDS FOUR CLUBS QUEEN,0.6356,0.0052,0.3592
DIAMONDS THREE CLUBS FIVE,0.6264,0.0058,0.3678
CLUBS KING DIAMONDS FOUR,0.6382,0.0046,0.3572
DIAMONDS THREE CLUBS TWO,0.6606,0.0046,0.3348
CLUBS TEN DIAMONDS FOUR,0.6534,0.0028,0.3438
DIAMONDS THREE CLUBS THREE,0.4768,0.0036,0.5196
DIAMONDS FOUR CLUBS JACK,0.6362,0.0054,0.3584
DIAMONDS THREE SPADES FOUR,0.6448,0.0048,0.3504
DIAMONDS THREE SPADES FIVE,0.6434,0.0058,0.3508
DIAMONDS THREE SPADES TWO,0.666,0.0056,0.3284
DIAMONDS THREE SPADES THREE,0.4764,0.005,0.5186
CLUBS EIGHT DIAMONDS THREE,0.7546,0.029,0.2164
CLUBS NINE DIAMONDS THREE,0.6376,0.0046,0.3578
SPADES SEVEN CLUBS ACE,0.545,0.2374,0.2176
SPADES SEVEN CLUBS QUEEN,0.648,0.0054,0.3466
SPADES SEVEN CLUBS KING,0.634,0.0032,0.3628
CLUBS FIVE SPADES SEVEN,0.6404,0.0032,0.3564
CLUBS TEN SPADES SEVEN,0.6292,0.0024,0.3684
CLUBS FIVE SPADES SIX,0.6178,0.006,0.3762
SPADES SEVEN CLUBS JACK,0.6292,0.0044,0.3664
CLUBS FIVE SPADES NINE,0.628,0.0044,0.3676
CLUBS FIVE SPADES THREE,0.645,0.0058,0.3492
CLUBS FIVE SPADES TWO,0.663,0.0046,0.3324
CLUBS FIVE SPADES FIVE,0.4558,0.004,0.5402
CLUBS FIVE SPADES FOUR,0.6312,0.0046,0.3642
CLUBS NINE CLUBS FIVE,0.5974,0.004,0.3986
CLUBS EIGHT CLUBS FIVE,0.677,0.0264,0.2966
CLUBS ACE CLUBS QUEEN,0.2438,0.061,0.6952
CLUBS KING CLUBS QUEEN,0.5354,0.0058,0.4588
DIAMONDS TEN DIAMONDS FOUR,0.617,0.0044,0.3786
CLUBS TEN DIAMONDS NINE,0.5756,0.0034,0.421
DIAMONDS JACK DIAMONDS FOUR,0.601,0.0044,0.3946
DIAMONDS NINE CLUBS JACK,0.59,0.0046,0.4054
SPADES NINE CLUBS JACK,0.5728,0.004,0.4232
CLUBS TEN SPADES NINE,0.5658,0.0042,0.43
HEARTS FOUR DIAMONDS FOUR,0.4718,0.0048,0.5234
DIAMONDS JACK HEARTS TEN,0.5586,0.0022,0.4392
SPADES NINE CLUBS KING,0.5874,0.0042,0.4084
DIAMONDS TWO SPADES TEN,0.6474,0.007,0.3456
DIAMONDS NINE CLUBS ACE,0.223,0.182,0.595
HEARTS FIVE DIAMONDS FOUR,0.6374,0.0044,0.3582
DIAMONDS JACK HEARTS JACK,0.309,0.003,0.688
SPADES NINE CLUBS QUEEN,0.589,0.0038,0.4072
DIAMONDS TWO SPADES JACK,0.6364,0.0066,0.357
DIAMONDS QUEEN DIAMONDS FOUR,0.609,0.0052,0.3858
HEARTS TWO DIAMONDS FOUR,0.6428,0.0048,0.3524
DIAMONDS NINE CLUBS QUEEN,0.5876,0.0062,0.4062
DIAMONDS KING DIAMONDS FOUR,0.612,0.0042,0.3838
HEARTS THREE DIAMONDS FOUR,0.6458,0.0058,0.3484
SPADES NINE CLUBS ACE,0.2298,0.1744,0.5958
DIAMONDS NINE CLUBS KING,0.5998,0.0038,0.3964
HEARTS ACE DIAMONDS JACK,0.2364,0.0918,0.6718
SPADES ACE DIAMONDS TWO,0.52,0.2394,0.2406
HEARTS QUEEN DIAMONDS JACK,0.5718,0.0038,0.4244
SPADES QUEEN DIAMONDS TWO,0.633,0.0042,0.3628
DIAMONDS JACK HEARTS KING,0.5774,0.0042,0.4184
SPADES KING DIAMONDS TWO,0.6526,0.0038,0.3436
SPADES JACK SPADES SEVEN,0.5882,0.004,0.4078
SPADES TEN SPADES SEVEN,0.5878,0.004,0.4082
CLUBS SEVEN CLUBS THREE,0.626,0.0044,0.3696
CLUBS SIX CLUBS THREE,0.6034,0.006,0.3906
CLUBS FIVE CLUBS THREE,0.605,0.0044,0.3906
CLUBS THREE CLUBS FOUR,0.6026,0.0044,0.393
CLUBS NINE CLUBS THREE,0.5944,0.0044,0.4012
CLUBS EIGHT CLUBS THREE,0.7068,0.029,0.2642
CLUBS THREE SPADES FIVE,0.6286,0.0052,0.3662
CLUBS THREE SPADES FOUR,0.6512,0.0056,0.3432
CLUBS THREE SPADES THREE,0.4708,0.0056,0.5236
CLUBS THREE SPADES TWO,0.6654,0.0044,0.3302
CLUBS THREE SPADES SIX,0.6562,0.0058,0.338
SPADES SEVEN CLUBS THREE,0.661,0.0034,0.3356
SPADES NINE CLUBS THREE,0.6398,0.0036,0.3566
SPADES TWO DIAMONDS FOUR,0.6724,0.0046,0.323
SPADES THREE DIAMONDS FOUR,0.6392,0.0068,0.354
SPADES FOUR DIAMONDS FOUR,0.4804,0.0054,0.5142
SPADES FIVE DIAMONDS FOUR,0.6382,0.0052,0.3566
SPADES SIX DIAMONDS FOUR,0.6434,0.005,0.3516
SPADES SEVEN DIAMONDS FOUR,0.6582,0.0038,0.338
SPADES NINE DIAMONDS FOUR,0.6458,0.004,0.3502
CLUBS FIVE DIAMONDS FOUR,0.6332,0.0052,0.3616
CLUBS FOUR DIAMONDS FOUR,0.4796,0.0058,0.5146
CLUBS SEVEN DIAMONDS FOUR,0.6538,0.0036,0.3426
CLUBS SIX DIAMONDS FOUR,0.6366,0.004,0.3594
CLUBS NINE DIAMONDS FOUR,0.6504,0.0042,0.3454
CLUBS EIGHT DIAMONDS FOUR,0.7286,0.03,0.2414
HEARTS SEVEN DIAMONDS FOUR,0.6534,0.0038,0.3428
HEARTS SIX DIAMONDS FOUR,0.6398,0.0038,0.3564
DIAMONDS FOUR HEARTS NINE,0.6548,0.0044,0.3408
DIAMONDS FOUR HEARTS EIGHT,0.7282,0.0254,0.2464
CLUBS THREE DIAMONDS FOUR,0.637,0.0046,0.3584
CLUBS TWO DIAMONDS FOUR,0.6514,0.0044,0.3442
DIAMONDS TEN DIAMONDS FIVE,0.6112,0.0052,0.3836
DIAMONDS JACK DIAMONDS FIVE,0.6134,0.0056,0.381
DIAMONDS NINE HEARTS QUEEN,0.5818,0.0046,0.4136
DIAMONDS NINE HEARTS KING,0.5946,0.0038,0.4016
HEARTS ACE DIAMONDS NINE,0.227,0.1786,0.5944
DIAMONDS NINE HEARTS TEN,0.5806,0.0036,0.4158
DIAMONDS NINE HEARTS JACK,0.5788,0.0042,0.417
CLUBS KING DIAMONDS SIX,0.6456,0.0046,0.3498
CLUBS QUEEN DIAMONDS SIX,0.6446,0.002,0.3534
CLUBS ACE DIAMONDS SIX,0.5558,0.2344,0.2098
SPADES KING DIAMONDS FOUR,0.6468,0.0042,0.349
SPADES ACE SPADES SEVEN,0.5122,0.2174,0.2704
SPADES QUEEN DIAMONDS FOUR,0.6448,0.0044,0.3508
SPADES QUEEN SPADES SEVEN,0.601,0.0032,0.3958
CLUBS JACK DIAMONDS SIX,0.6416,0.0042,0.3542
SPADES KING SPADES SEVEN,0.6052,0.0054,0.3894
SPADES ACE DIAMONDS FOUR,0.526,0.2354,0.2386
CLUBS TEN DIAMONDS SIX,0.6322,0.0036,0.3642
CLUBS NINE CLUBS FOUR,0.6052,0.0042,0.3906
CLUBS EIGHT CLUBS FOUR,0.6934,0.0278,0.2788
SPADES JACK DIAMONDS FOUR,0.6384,0.004,0.3576
SPADES TEN DIAMONDS FOUR,0.6414,0.0038,0.3548
CLUBS FIVE CLUBS FOUR,0.5842,0.0048,0.411
CLUBS SEVEN CLUBS FOUR,0.6024,0.0044,0.3932
CLUBS SIX CLUBS FOUR,0.6096,0.0046,0.3858
CLUBS SEVEN SPADES NINE,0.615,0.0036,0.3814
CLUBS SEVEN SPADES SIX,0.6388,0.0036,0.3576
CLUBS SEVEN SPADES SEVEN,0.453,0.0042,0.5428
CLUBS SEVEN SPADES FIVE,0.6418,0.003,0.3552
CLUBS SEVEN SPADES FOUR,0.65,0.0044,0.3456
CLUBS SEVEN SPADES THREE,0.662,0.003,0.335
CLUBS SEVEN SPADES TWO,0.6908,0.0046,0.3046
CLUBS NINE CLUBS SEVEN,0.5672,0.0016,0.4312
CLUBS SEVEN CLUBS EIGHT,0.6504,0.0222,0.3274
HEARTS SIX DIAMONDS FIVE,0.6394,0.0032,0.3574
HEARTS SEVEN DIAMONDS FIVE,0.6488,0.0028,0.3484
DIAMONDS FIVE HEARTS EIGHT,0.7338,0.0264,0.2398
DIAMONDS FIVE HEARTS NINE,0.6448,0.003,0.3522
DIAMONDS QUEEN DIAMONDS FIVE,0.6092,0.004,0.3868
HEARTS TWO DIAMONDS FIVE,0.659,0.0076,0.3334
HEARTS KING HEARTS EIGHT,0.6964,0.0246,0.279
DIAMONDS KING DIAMONDS FIVE,0.608,0.0048,0.3872
HEARTS THREE DIAMONDS FIVE,0.6484,0.0038,0.3478
HEARTS QUEEN HEARTS EIGHT,0.692,0.0202,0.2878
HEARTS FOUR DIAMONDS FIVE,0.6262,0.0038,0.37
HEARTS FIVE DIAMONDS FIVE,0.4598,0.0032,0.537
HEARTS ACE HEARTS EIGHT,0.018,0.911,0.071
CLUBS FOUR DIAMONDS FIVE,0.6238,0.0062,0.37
CLUBS FIVE DIAMONDS FIVE,0.4658,0.0042,0.53
CLUBS SIX DIAMONDS FIVE,0.6382,0.0038,0.358
CLUBS SEVEN DIAMONDS FIVE,0.6386,0.0046,0.3568
CLUBS TWO DIAMONDS FIVE,0.6502,0.0048,0.345
CLUBS THREE DIAMONDS FIVE,0.6312,0.0038,0.365
SPADES THREE DIAMONDS FIVE,0.6544,0.0038,0.3418
SPADES TWO DIAMONDS FIVE,0.6566,0.0062,0.3372
SPADES JACK DIAMONDS EIGHT,0.715,0.026,0.259
SPADES FIVE DIAMONDS FIVE,0.461,0.007,0.532
CLUBS TEN HEARTS JACK,0.5696,0.0024,0.428
SPADES TEN DIAMONDS EIGHT,0.697,0.0262,0.2768
SPADES FOUR DIAMONDS FIVE,0.6322,0.005,0.3628
HEARTS JACK CLUBS JACK,0.312,0.0034,0.6846
HEARTS JACK CLUBS QUEEN,0.5578,0.0024,0.4398
CLUBS NINE DIAMONDS FIVE,0.6356,0.004,0.3604
CLUBS KING HEARTS JACK,0.5728,0.0026,0.4246
CLUBS EIGHT DIAMONDS FIVE,0.7176,0.027,0.2554
CLUBS ACE HEARTS JACK,0.236,0.0816,0.6824
SPADES SEVEN DIAMONDS FIVE,0.646,0.0058,0.3482
SPADES KING DIAMONDS EIGHT,0.746,0.0286,0.2254
SPADES SIX DIAMONDS FIVE,0.643,0.0036,0.3534
SPADES QUEEN DIAMONDS EIGHT,0.7334,0.0212,0.2454
SPADES NINE DIAMONDS FIVE,0.6352,0.005,0.3598
SPADES ACE DIAMONDS EIGHT,0.0076,0.9858,0.0066
DIAMONDS TEN DIAMONDS SIX,0.6088,0.0046,0.3866
HEARTS ACE DIAMONDS SEVEN,0.5444,0.2342,0.2214
DIAMONDS JACK DIAMONDS SIX,0.6082,0.0042,0.3876
HEARTS QUEEN DIAMONDS SEVEN,0.6348,0.0022,0.363
HEARTS KING DIAMONDS SEVEN,0.6312,0.0044,0.3644
HEARTS FOUR DIAMONDS SIX,0.6416,0.0074,0.351
SPADES TWO HEARTS JACK,0.6528,0.0038,0.3434
HEARTS FIVE DIAMONDS SIX,0.6294,0.0034,0.3672
SPADES TWO HEARTS TEN,0.6462,0.005,0.3488
DIAMONDS QUEEN DIAMONDS SIX,0.609,0.0044,0.3866
HEARTS TWO DIAMONDS SIX,0.6656,0.0048,0.3296
DIAMONDS KING DIAMONDS SIX,0.6016,0.0042,0.3942
HEARTS THREE DIAMONDS SIX,0.6636,0.0048,0.3316
HEARTS EIGHT DIAMONDS SIX,0.7194,0.024,0.2566
HEARTS NINE DIAMONDS SIX,0.6286,0.0046,0.3668
HEARTS SIX DIAMONDS SIX,0.4516,0.0036,0.5448
HEARTS SEVEN DIAMONDS SIX,0.6254,0.0028,0.3718
HEARTS TEN DIAMONDS SEVEN,0.6344,0.0032,0.3624
CLUBS TWO DIAMONDS SIX,0.6612,0.0042,0.3346
HEARTS JACK DIAMONDS SEVEN,0.6276,0.0038,0.3686
CLUBS THREE DIAMONDS SIX,0.6638,0.0054,0.3308
CLUBS SEVEN DIAMONDS SIX,0.6362,0.0042,0.3596
DIAMONDS EIGHT CLUBS JACK,0.7144,0.026,0.2596
CLUBS SIX DIAMONDS SIX,0.458,0.0046,0.5374
CLUBS TEN DIAMONDS EIGHT,0.6988,0.0202,0.281
CLUBS FIVE DIAMONDS SIX,0.6298,0.0048,0.3654
CLUBS FOUR DIAMONDS SIX,0.6468,0.0052,0.348
HEARTS ACE HEARTS JACK,0.2316,0.086,0.6824
DIAMONDS EIGHT CLUBS ACE,0.019,0.9716,0.0094
HEARTS QUEEN HEARTS JACK,0.542,0.0042,0.4538
DIAMONDS EIGHT CLUBS KING,0.7486,0.025,0.2264
CLUBS NINE DIAMONDS SIX,0.616,0.0038,0.3802
HEARTS KING HEARTS JACK,0.54,0.0044,0.4556
DIAMONDS EIGHT CLUBS QUEEN,0.7356,0.0296,0.2348
CLUBS EIGHT DIAMONDS SIX,0.7086,0.0248,0.2666
SPADES TEN HEARTS KING,0.5706,0.0044,0.425
SPADES FIVE DIAMONDS SIX,0.6344,0.0048,0.3608
HEARTS ACE SPADES TWO,0.5176,0.231,0.2514
SPADES JACK HEARTS KING,0.564,0.0038,0.4322
SPADES FOUR DIAMONDS SIX,0.6446,0.007,0.3484
SPADES THREE DIAMONDS SIX,0.6662,0.005,0.3288
HEARTS QUEEN SPADES TWO,0.639,0.0044,0.3566
SPADES ACE SPADES KING,0.2276,0.0474,0.725
SPADES TWO HEARTS KING,0.6412,0.0058,0.353
SPADES TWO DIAMONDS SIX,0.6744,0.0068,0.3188
HEARTS TEN HEARTS EIGHT,0.6488,0.0218,0.3294
SPADES NINE DIAMONDS SIX,0.6168,0.004,0.3792
HEARTS JACK HEARTS EIGHT,0.6538,0.0202,0.326
SPADES SEVEN DIAMONDS SIX,0.6382,0.0036,0.3582
SPADES SIX DIAMONDS SIX,0.4612,0.0044,0.5344
SPADES KING HEARTS KING,0.2766,0.0046,0.7188
SPADES QUEEN HEARTS KING,0.5602,0.0056,0.4342
CLUBS ACE CLUBS KING,0.2326,0.0468,0.7206
SPADES ACE HEARTS KING,0.2396,0.042,0.7184
SPADES ACE HEARTS JACK,0.2286,0.0868,0.6846
SPADES QUEEN HEARTS JACK,0.5636,0.0046,0.4318
SPADES KING HEARTS JACK,0.5764,0.0046,0.419
SPADES TEN DIAMONDS TEN,0.3152,0.0046,0.6802
SPADES JACK DIAMONDS TEN,0.5546,0.0052,0.4402
SPADES ACE DIAMONDS TEN,0.2252,0.1246,0.6502
SPADES JACK HEARTS JACK,0.3048,0.003,0.6922
SPADES TEN HEARTS JACK,0.546,0.0054,0.4486
SPADES QUEEN DIAMONDS TEN,0.574,0.0042,0.4218
SPADES KING DIAMONDS TEN,0.5778,0.006,0.4162
SPADES NINE DIAMONDS SEVEN,0.612,0.0044,0.3836
SPADES SEVEN DIAMONDS SEVEN,0.444,0.0054,0.5506
SPADES SIX DIAMONDS SEVEN,0.6262,0.0036,0.3702
DIAMONDS KING DIAMONDS SEVEN,0.6036,0.0054,0.391
HEARTS THREE DIAMONDS SEVEN,0.6614,0.0042,0.3344
HEARTS KING DIAMONDS FIVE,0.6418,0.002,0.3562
DIAMONDS QUEEN DIAMONDS SEVEN,0.6082,0.006,0.3858
HEARTS TWO DIAMONDS SEVEN,0.676,0.004,0.32
HEARTS QUEEN DIAMONDS FIVE,0.65,0.0044,0.3456
HEARTS FIVE DIAMONDS SEVEN,0.6374,0.0042,0.3584
HEARTS FOUR DIAMONDS SEVEN,0.6496,0.0052,0.3452
HEARTS ACE DIAMONDS FIVE,0.5284,0.2338,0.2378
HEARTS SEVEN DIAMONDS SEVEN,0.4488,0.0034,0.5478
HEARTS SIX DIAMONDS SEVEN,0.6304,0.004,0.3656
DIAMONDS SEVEN HEARTS NINE,0.6196,0.005,0.3754
HEARTS EIGHT DIAMONDS SEVEN,0.6942,0.0318,0.274
DIAMONDS JACK DIAMONDS SEVEN,0.6008,0.0048,0.3944
DIAMONDS FIVE HEARTS JACK,0.6318,0.0028,0.3654
DIAMONDS TEN DIAMONDS SEVEN,0.6036,0.0056,0.3908
HEARTS TEN DIAMONDS FIVE,0.63,0.0032,0.3668
SPADES KING CLUBS TWO,0.6254,0.0052,0.3694
HEARTS KING CLUBS KING,0.2866,0.002,0.7114
CLUBS EIGHT DIAMONDS SEVEN,0.7022,0.026,0.2718
SPADES QUEEN CLUBS TWO,0.6428,0.004,0.3532
HEARTS KING CLUBS QUEEN,0.5722,0.0034,0.4244
CLUBS NINE DIAMONDS SEVEN,0.6268,0.002,0.3712
SPADES TWO CLUBS JACK,0.6474,0.0052,0.3474
SPADES ACE CLUBS TWO,0.5316,0.235,0.2334
CLUBS TEN SPADES TWO,0.6282,0.0062,0.3656
HEARTS KING CLUBS ACE,0.2476,0.046,0.7064
CLUBS SEVEN CLUBS SIX,0.5796,0.0028,0.4176
SPADES TWO CLUBS KING,0.6416,0.0038,0.3546
SPADES TWO DIAMONDS SEVEN,0.689,0.0056,0.3054
CLUBS EIGHT CLUBS SIX,0.671,0.0282,0.3008
SPADES THREE DIAMONDS SEVEN,0.663,0.0036,0.3334
SPADES TWO CLUBS QUEEN,0.6394,0.0042,0.3564
CLUBS NINE CLUBS SIX,0.5886,0.003,0.4084
SPADES FOUR DIAMONDS SEVEN,0.6656,0.0064,0.328
HEARTS KING CLUBS JACK,0.5688,0.0042,0.427
SPADES FIVE DIAMONDS SEVEN,0.655,0.0064,0.3386
SPADES TWO CLUBS ACE,0.5366,0.2298,0.2336
CLUBS TEN HEARTS KING,0.5714,0.004,0.4246
CLUBS SIX SPADES TWO,0.6798,0.0042,0.316
CLUBS SIX SPADES THREE,0.6538,0.005,0.3412
CLUBS TWO DIAMONDS SEVEN,0.68,0.0056,0.3144
CLUBS SIX SPADES FOUR,0.6528,0.0036,0.3436
CLUBS THREE DIAMONDS SEVEN,0.6674,0.0062,0.3264
CLUBS SIX SPADES FIVE,0.6344,0.0042,0.3614
CLUBS FOUR DIAMONDS SEVEN,0.6468,0.0054,0.3478
CLUBS SIX SPADES SIX,0.458,0.002,0.54
CLUBS FIVE DIAMONDS SEVEN,0.6508,0.0044,0.3448
CLUBS SIX SPADES SEVEN,0.6412,0.0026,0.3562
CLUBS SIX DIAMONDS SEVEN,0.632,0.0036,0.3644
SPADES JACK CLUBS TWO,0.6352,0.0048,0.36
CLUBS SEVEN DIAMONDS SEVEN,0.442,0.0038,0.5542
SPADES NINE CLUBS SIX,0.6242,0.0048,0.371
SPADES TEN CLUBS TWO,0.6314,0.0042,0.3644
CLUBS TWO CLUBS QUEEN,0.5972,0.0024,0.4004
CLUBS TWO CLUBS KING,0.5962,0.0036,0.4002
CLUBS THREE DIAMONDS EIGHT,0.7604,0.0286,0.211
CLUBS TWO CLUBS ACE,0.503,0.2174,0.2796
CLUBS TWO DIAMONDS EIGHT,0.7446,0.0318,0.2236
HEARTS SEVEN DIAMONDS EIGHT,0.7004,0.0224,0.2772
HEARTS SIX DIAMONDS EIGHT,0.7128,0.0238,0.2634
DIAMONDS EIGHT HEARTS NINE,0.704,0.0206,0.2754
CLUBS TEN CLUBS TWO,0.5904,0.0042,0.4054
DIAMONDS EIGHT HEARTS EIGHT,0.3164,0.0272,0.6564
CLUBS TWO CLUBS JACK,0.5868,0.0028,0.4104
CLUBS NINE DIAMONDS EIGHT,0.6784,0.0196,0.302
CLUBS EIGHT DIAMONDS EIGHT,0.3112,0.0292,0.6596
CLUBS FIVE DIAMONDS EIGHT,0.7136,0.0238,0.2626
SPADES ACE SPADES THREE,0.5114,0.2184,0.2702
CLUBS FOUR DIAMONDS EIGHT,0.7394,0.0292,0.2314
CLUBS SEVEN DIAMONDS EIGHT,0.7088,0.0256,0.2656
SPADES QUEEN SPADES THREE,0.5996,0.0066,0.3938
CLUBS SIX DIAMONDS EIGHT,0.7288,0.0238,0.2474
SPADES KING SPADES THREE,0.616,0.005,0.379
DIAMONDS QUEEN DIAMONDS EIGHT,0.691,0.0294,0.2796
HEARTS TWO DIAMONDS EIGHT,0.7482,0.0316,0.2202
DIAMONDS KING DIAMONDS EIGHT,0.7182,0.0248,0.257
HEARTS THREE DIAMONDS EIGHT,0.7414,0.033,0.2256
HEARTS FOUR DIAMONDS EIGHT,0.7478,0.0336,0.2186
HEARTS FIVE DIAMONDS EIGHT,0.7278,0.0278,0.2444
DIAMONDS EIGHT DIAMONDS TEN,0.6638,0.0224,0.3138
DIAMONDS EIGHT DIAMONDS JACK,0.6908,0.0242,0.285
SPADES JACK SPADES THREE,0.605,0.005,0.39
SPADES TEN SPADES THREE,0.6102,0.0058,0.384
CLUBS FOUR HEARTS ACE,0.536,0.2182,0.2458
CLUBS FOUR HEARTS QUEEN,0.6342,0.0016,0.3642
CLUBS FOUR HEARTS KING,0.6442,0.0046,0.3512
CLUBS SIX HEARTS TEN,0.624,0.0014,0.3746
CLUBS SIX HEARTS JACK,0.6352,0.0022,0.3626
SPADES FOUR DIAMONDS EIGHT,0.7554,0.0274,0.2172
SPADES FIVE DIAMONDS EIGHT,0.7266,0.025,0.2484
DIAMONDS EIGHT SPADES TWO,0.7548,0.0336,0.2116
DIAMONDS EIGHT SPADES THREE,0.7576,0.0338,0.2086
CLUBS FOUR HEARTS JACK,0.6314,0.0048,0.3638
SPADES TEN DIAMONDS QUEEN,0.5694,0.0032,0.4274
SPADES TEN HEARTS TWO,0.6354,0.0068,0.3578
SPADES JACK HEARTS EIGHT,0.718,0.0242,0.2578
CLUBS FOUR HEARTS TEN,0.6444,0.0024,0.3532
SPADES NINE DIAMONDS EIGHT,0.699,0.0234,0.2776
SPADES TEN HEARTS EIGHT,0.6914,0.0234,0.2852
SPADES JACK HEARTS TWO,0.6268,0.0048,0.3684
SPADES JACK DIAMONDS QUEEN,0.5564,0.0072,0.4364
SPADES SIX DIAMONDS EIGHT,0.7168,0.0264,0.2568
SPADES SEVEN DIAMONDS EIGHT,0.7108,0.0252,0.264
SPADES ACE HEARTS TWO,0.5236,0.2376,0.2388
SPADES ACE DIAMONDS QUEEN,0.2384,0.0626,0.699
SPADES ACE HEARTS EIGHT,0.0116,0.9708,0.0176
SPADES KING HEARTS EIGHT,0.7328,0.0236,0.2436
SPADES QUEEN HEARTS TWO,0.627,0.0058,0.3672
SPADES QUEEN DIAMONDS QUEEN,0.2918,0.0044,0.7038
SPADES KING DIAMONDS QUEEN,0.56,0.0032,0.4368
SPADES KING HEARTS TWO,0.6374,0.0072,0.3554
SPADES QUEEN HEARTS EIGHT,0.7256,0.0268,0.2476
CLUBS TWO HEARTS TEN,0.641,0.004,0.355
CLUBS TWO HEARTS JACK,0.6366,0.0052,0.3582
SPADES SEVEN DIAMONDS NINE,0.6218,0.0032,0.375
SPADES SIX DIAMONDS NINE,0.6208,0.0056,0.3736
SPADES NINE DIAMONDS NINE,0.3216,0.0044,0.674
SPADES TEN CLUBS KING,0.5772,0.0032,0.4196
DIAMONDS NINE SPADES THREE,0.6552,0.0056,0.3392
SPADES JACK CLUBS KING,0.581,0.0044,0.4146
DIAMONDS NINE SPADES TWO,0.653,0.0042,0.3428
SPADES FIVE DIAMONDS NINE,0.6404,0.004,0.3556
DIAMONDS NINE SPADES FOUR,0.6636,0.0066,0.3298
CLUBS NINE DIAMONDS NINE,0.3286,0.005,0.6664
CLUBS EIGHT DIAMONDS NINE,0.68,0.021,0.299
CLUBS SIX DIAMONDS NINE,0.62,0.0042,0.3758
SPADES JACK CLUBS FOUR,0.6364,0.004,0.3596
CLUBS SEVEN DIAMONDS NINE,0.6172,0.0042,0.3786
SPADES TEN CLUBS FOUR,0.631,0.0048,0.3642
CLUBS FOUR DIAMONDS NINE,0.6406,0.0042,0.3552
CLUBS FIVE DIAMONDS NINE,0.6378,0.0048,0.3574
DIAMONDS NINE CLUBS TWO,0.6492,0.004,0.3468
CLUBS THREE DIAMONDS NINE,0.653,0.0042,0.3428
DIAMONDS NINE HEARTS EIGHT,0.7056,0.0236,0.2708
DIAMONDS NINE HEARTS NINE,0.34,0.0046,0.6554
HEARTS SIX DIAMONDS NINE,0.6268,0.0048,0.3684
HEARTS SEVEN DIAMONDS NINE,0.6238,0.0034,0.3728
CLUBS NINE CLUBS EIGHT,0.6486,0.0194,0.332
HEARTS FOUR DIAMONDS NINE,0.647,0.004,0.349
HEARTS FIVE DIAMONDS NINE,0.6426,0.0048,0.3526
HEARTS ACE CLUBS TWO,0.5098,0.2336,0.2566
SPADES ACE CLUBS FOUR,0.518,0.2346,0.2474
DIAMONDS QUEEN DIAMONDS NINE,0.5662,0.004,0.4298
HEARTS TWO DIAMONDS NINE,0.6528,0.0046,0.3426
CLUBS TWO HEARTS KING,0.6518,0.0056,0.3426
SPADES KING CLUBS FOUR,0.6346,0.0042,0.3612
DIAMONDS KING DIAMONDS NINE,0.5664,0.0052,0.4284
HEARTS THREE DIAMONDS NINE,0.6424,0.0038,0.3538
CLUBS TWO HEARTS QUEEN,0.6524,0.0044,0.3432
SPADES QUEEN CLUBS FOUR,0.6386,0.004,0.3574
DIAMONDS NINE DIAMONDS JACK,0.552,0.0052,0.4428
CLUBS EIGHT SPADES NINE,0.687,0.0244,0.2886
DIAMONDS NINE DIAMONDS TEN,0.5524,0.0046,0.443
CLUBS EIGHT SPADES SEVEN,0.6952,0.0232,0.2816
CLUBS EIGHT SPADES SIX,0.6838,0.03,0.2862
CLUBS EIGHT SPADES FIVE,0.7136,0.0326,0.2538
CLUBS EIGHT SPADES FOUR,0.7396,0.0282,0.2322
CLUBS EIGHT SPADES THREE,0.7544,0.0302,0.2154
CLUBS EIGHT SPADES TWO,0.7544,0.029,0.2166
HEARTS SIX DIAMONDS TEN,0.6348,0.0044,0.3608
HEARTS SEVEN DIAMONDS TEN,0.614,0.0024,0.3836
DIAMONDS TEN HEARTS EIGHT,0.7174,0.0194,0.2632
CLUBS FOUR CLUBS JACK,0.6034,0.005,0.3916
DIAMONDS TEN HEARTS NINE,0.574,0.003,0.423
CLUBS TEN CLUBS FOUR,0.6012,0.005,0.3938
CLUBS FOUR CLUBS KING,0.579,0.0056,0.4154
CLUBS FOUR CLUBS QUEEN,0.5954,0.0014,0.4032
CLUBS TWO DIAMONDS TEN,0.661,0.0056,0.3334
CLUBS THREE DIAMONDS TEN,0.6412,0.0044,0.3544
CLUBS FOUR CLUBS ACE,0.5072,0.2114,0.2814
DIAMONDS JACK DIAMONDS TEN,0.543,0.0036,0.4534
DIAMONDS QUEEN DIAMONDS TEN,0.5524,0.0048,0.4428
HEARTS TWO DIAMONDS TEN,0.638,0.0058,0.3562
DIAMONDS KING DIAMONDS TEN,0.5554,0.0046,0.44
HEARTS THREE DIAMONDS TEN,0.635,0.005,0.36
HEARTS FOUR DIAMONDS TEN,0.6304,0.0044,0.3652
CLUBS EIGHT HEARTS JACK,0.7034,0.023,0.2736
HEARTS FIVE DIAMONDS TEN,0.6444,0.003,0.3526
CLUBS EIGHT HEARTS TEN,0.6994,0.0198,0.2808
CLUBS EIGHT HEARTS QUEEN,0.7336,0.0234,0.243
CLUBS EIGHT HEARTS KING,0.7486,0.0238,0.2276
CLUBS EIGHT HEARTS ACE,0.0188,0.9592,0.022
CLUBS NINE SPADES THREE,0.6502,0.004,0.3458
CLUBS NINE SPADES TWO,0.6656,0.0036,0.3308
CLUBS NINE SPADES FIVE,0.6266,0.0046,0.3688
CLUBS NINE SPADES FOUR,0.6562,0.0034,0.3404
CLUBS NINE SPADES SEVEN,0.6108,0.003,0.3862
CLUBS NINE SPADES SIX,0.6344,0.0032,0.3624
CLUBS NINE SPADES NINE,0.3336,0.005,0.6614
CLUBS TEN HEARTS EIGHT,0.6908,0.0244,0.2848
HEARTS EIGHT CLUBS JACK,0.7064,0.0216,0.272
CLUBS QUEEN HEARTS EIGHT,0.723,0.0234,0.2536
CLUBS KING HEARTS EIGHT,0.7424,0.0242,0.2334
CLUBS ACE HEARTS EIGHT,0.024,0.9566,0.0194
SPADES KING CLUBS KING,0.2762,0.0042,0.7196
SPADES QUEEN CLUBS KING,0.568,0.006,0.426
SPADES ACE CLUBS KING,0.2406,0.0526,0.7068
HEARTS FOUR HEARTS TEN,0.599,0.0052,0.3958
HEARTS FOUR HEARTS JACK,0.6008,0.0042,0.395
SPADES KING CLUBS FIVE,0.6262,0.0032,0.3706
SPADES QUEEN CLUBS FIVE,0.6334,0.0036,0.363
SPADES ACE CLUBS FIVE,0.5306,0.2264,0.243
HEARTS SEVEN DIAMONDS JACK,0.642,0.0046,0.3534
HEARTS SIX DIAMONDS JACK,0.6412,0.005,0.3538
DIAMONDS JACK HEARTS NINE,0.5804,0.0028,0.4168
DIAMONDS JACK HEARTS EIGHT,0.7222,0.0234,0.2544
DIAMONDS KING DIAMONDS JACK,0.5372,0.0064,0.4564
HEARTS THREE DIAMONDS JACK,0.6442,0.0048,0.351
SPADES ACE SPADES SIX,0.5142,0.2294,0.2564
HEARTS ACE SPADES FOUR,0.5266,0.2282,0.2452
DIAMONDS QUEEN DIAMONDS JACK,0.5446,0.006,0.4494
HEARTS TWO DIAMONDS JACK,0.637,0.0034,0.3596
HEARTS FIVE DIAMONDS JACK,0.6318,0.0032,0.365
SPADES QUEEN SPADES SIX,0.6062,0.003,0.3908
SPADES FOUR HEARTS QUEEN,0.6412,0.005,0.3538
HEARTS FOUR DIAMONDS JACK,0.6266,0.005,0.3684
SPADES KING SPADES SIX,0.5946,0.0032,0.4022
SPADES FOUR HEARTS KING,0.6462,0.0048,0.349
SPADES TEN SPADES SIX,0.5958,0.0046,0.3996
SPADES JACK SPADES SIX,0.6026,0.0042,0.3932
SPADES FOUR DIAMONDS JACK,0.6442,0.0046,0.3512
SPADES FIVE DIAMONDS JACK,0.6502,0.0066,0.3432
DIAMONDS JACK SPADES TWO,0.6322,0.0048,0.363
SPADES THREE DIAMONDS JACK,0.658,0.0066,0.3354
SPADES ACE DIAMONDS THREE,0.5272,0.2348,0.238
SPADES QUEEN DIAMONDS THREE,0.6432,0.0054,0.3514
CLUBS EIGHT DIAMONDS JACK,0.7142,0.0274,0.2584
SPADES KING DIAMONDS THREE,0.642,0.0042,0.3538
CLUBS NINE DIAMONDS JACK,0.5868,0.003,0.4102
CLUBS SIX DIAMONDS JACK,0.6476,0.0032,0.3492
CLUBS SEVEN DIAMONDS JACK,0.6366,0.0056,0.3578
CLUBS FOUR DIAMONDS JACK,0.6342,0.0044,0.3614
CLUBS FIVE DIAMONDS JACK,0.6502,0.004,0.3458
CLUBS TWO DIAMONDS JACK,0.6432,0.006,0.3508
CLUBS THREE DIAMONDS JACK,0.6508,0.0042,0.345
SPADES TEN CLUBS FIVE,0.6342,0.0028,0.363
SPADES JACK HEARTS SIX,0.6452,0.005,0.3498
HEARTS SIX SPADES TEN,0.6256,0.006,0.3684
SPADES JACK CLUBS FIVE,0.6312,0.0036,0.3652
SPADES JACK DIAMONDS THREE,0.6316,0.0054,0.363
CLUBS SEVEN CLUBS ACE,0.5108,0.2112,0.278
DIAMONDS THREE SPADES TEN,0.6412,0.005,0.3538
CLUBS SEVEN CLUBS QUEEN,0.5822,0.002,0.4158
CLUBS SEVEN CLUBS KING,0.5948,0.0038,0.4014
SPADES NINE DIAMONDS JACK,0.5862,0.0044,0.4094
CLUBS TEN CLUBS SEVEN,0.5976,0.003,0.3994
HEARTS FOUR HEARTS ACE,0.4888,0.2146,0.2966
SPADES ACE HEARTS SIX,0.5426,0.2202,0.2372
CLUBS SEVEN CLUBS JACK,0.5904,0.0032,0.4064
HEARTS FOUR HEARTS KING,0.5872,0.0036,0.4092
SPADES SEVEN DIAMONDS JACK,0.638,0.0052,0.3568
SPADES KING HEARTS SIX,0.6348,0.0044,0.3608
HEARTS FOUR HEARTS QUEEN,0.5962,0.005,0.3988
SPADES SIX DIAMONDS JACK,0.6442,0.0056,0.3502
SPADES QUEEN HEARTS SIX,0.6474,0.0036,0.349
SPADES TWO DIAMONDS TEN,0.6392,0.0046,0.3562
SPADES THREE DIAMONDS TEN,0.6544,0.005,0.3406
SPADES FOUR DIAMONDS TEN,0.6432,0.0044,0.3524
SPADES FIVE DIAMONDS TEN,0.643,0.006,0.351
SPADES SIX DIAMONDS TEN,0.6322,0.0064,0.3614
SPADES SEVEN DIAMONDS TEN,0.6268,0.0058,0.3674
SPADES NINE DIAMONDS TEN,0.5676,0.0036,0.4288
CLUBS FOUR DIAMONDS TEN,0.6498,0.004,0.3462
CLUBS FIVE DIAMONDS TEN,0.6448,0.0048,0.3504
CLUBS SIX DIAMONDS TEN,0.6258,0.0046,0.3696
CLUBS SEVEN DIAMONDS TEN,0.6198,0.0044,0.3758
CLUBS EIGHT DIAMONDS TEN,0.7058,0.022,0.2722
CLUBS NINE DIAMONDS TEN,0.5628,0.0026,0.4346
DIAMONDS THREE CLUBS JACK,0.6484,0.0036,0.348
CLUBS TEN DIAMONDS THREE,0.646,0.0034,0.3506
DIAMONDS THREE CLUBS KING,0.6428,0.0056,0.3516
DIAMONDS THREE CLUBS QUEEN,0.6478,0.0046,0.3476
DIAMONDS THREE CLUBS ACE,0.5286,0.2326,0.2388
SPADES FOUR HEARTS JACK,0.6498,0.0044,0.3458
SPADES FOUR HEARTS TEN,0.6414,0.0038,0.3548
SPADES FIVE SPADES TWO,0.6102,0.0068,0.383
SPADES FOUR SPADES TWO,0.62,0.0034,0.3766
SPADES THREE SPADES TWO,0.6288,0.0054,0.3658
SPADES NINE SPADES TWO,0.6138,0.0058,0.3804
SPADES SEVEN SPADES TWO,0.6556,0.006,0.3384
SPADES SIX SPADES TWO,0.6386,0.0038,0.3576
DIAMONDS QUEEN CLUBS THREE,0.646,0.0052,0.3488
CLUBS THREE HEARTS TWO,0.6568,0.0056,0.3376
DIAMONDS QUEEN CLUBS TWO,0.639,0.0042,0.3568
HEARTS TWO CLUBS TWO,0.462,0.005,0.533
HEARTS SEVEN DIAMONDS QUEEN,0.6416,0.0038,0.3546
HEARTS SEVEN HEARTS TWO,0.63,0.0026,0.3674
HEARTS SIX DIAMONDS QUEEN,0.642,0.0048,0.3532
HEARTS SIX HEARTS TWO,0.631,0.0044,0.3646
DIAMONDS QUEEN HEARTS NINE,0.6066,0.0044,0.389
HEARTS TWO HEARTS NINE,0.6034,0.0044,0.3922
DIAMONDS QUEEN HEARTS EIGHT,0.7324,0.0258,0.2418
HEARTS TWO HEARTS EIGHT,0.6862,0.0304,0.2834
CLUBS NINE HEARTS TWO,0.65,0.0036,0.3464
CLUBS NINE DIAMONDS QUEEN,0.5948,0.004,0.4012
CLUBS EIGHT HEARTS TWO,0.7458,0.032,0.2222
CLUBS EIGHT DIAMONDS QUEEN,0.725,0.0268,0.2482
CLUBS FIVE DIAMONDS QUEEN,0.6504,0.0034,0.3462
CLUBS FIVE HEARTS TWO,0.6618,0.0054,0.3328
DIAMONDS QUEEN CLUBS FOUR,0.639,0.0028,0.3582
CLUBS FOUR HEARTS TWO,0.651,0.0036,0.3454
CLUBS SEVEN DIAMONDS QUEEN,0.647,0.003,0.35
CLUBS SEVEN HEARTS TWO,0.6816,0.0042,0.3142
CLUBS SIX DIAMONDS QUEEN,0.6378,0.0032,0.359
CLUBS SIX HEARTS TWO,0.6688,0.0032,0.328
DIAMONDS QUEEN SPADES SIX,0.6434,0.006,0.3506
SPADES SIX HEARTS TWO,0.683,0.0048,0.3122
HEARTS FOUR CLUBS QUEEN,0.6376,0.0034,0.359
DIAMONDS QUEEN SPADES SEVEN,0.641,0.005,0.354
SPADES SEVEN HEARTS TWO,0.678,0.0062,0.3158
HEARTS FOUR CLUBS KING,0.6356,0.0028,0.3616
HEARTS FOUR CLUBS ACE,0.53,0.236,0.234
SPADES NINE DIAMONDS QUEEN,0.5884,0.0036,0.408
SPADES NINE HEARTS TWO,0.6392,0.0034,0.3574
HEARTS TWO SPADES TWO,0.4832,0.0046,0.5122
DIAMONDS QUEEN SPADES TWO,0.6516,0.005,0.3434
HEARTS TWO SPADES THREE,0.6608,0.0068,0.3324
DIAMONDS QUEEN SPADES THREE,0.6548,0.0044,0.3408
HEARTS TWO SPADES FOUR,0.6568,0.0066,0.3366
DIAMONDS QUEEN SPADES FOUR,0.6462,0.0078,0.346
CLUBS TEN HEARTS FOUR,0.63,0.002,0.368
HEARTS TWO SPADES FIVE,0.653,0.0058,0.3412
DIAMONDS QUEEN SPADES FIVE,0.6418,0.0054,0.3528
HEARTS FOUR CLUBS JACK,0.641,0.0038,0.3552
CLUBS FIVE CLUBS KING,0.6036,0.003,0.3934
CLUBS FIVE CLUBS QUEEN,0.5978,0.0042,0.398
CLUBS FIVE CLUBS ACE,0.4838,0.2224,0.2938
CLUBS FIVE CLUBS JACK,0.5906,0.0054,0.404
CLUBS TEN CLUBS FIVE,0.5928,0.0038,0.4034
SPADES KING CLUBS JACK,0.5776,0.0046,0.4178
SPADES QUEEN CLUBS JACK,0.5646,0.0034,0.432
SPADES ACE CLUBS JACK,0.2438,0.0914,0.6648
SPADES SIX CLUBS KING,0.6458,0.0036,0.3506
SPADES SIX CLUBS QUEEN,0.6438,0.0042,0.352
SPADES SIX CLUBS ACE,0.5524,0.2266,0.221
SPADES SIX CLUBS JACK,0.6516,0.003,0.3454
CLUBS TEN SPADES SIX,0.6244,0.004,0.3716
SPADES TEN CLUBS JACK,0.5486,0.0032,0.4482
SPADES JACK CLUBS JACK,0.3054,0.0034,0.6912
SPADES QUEEN CLUBS SEVEN,0.6302,0.0028,0.367
SPADES KING CLUBS SEVEN,0.6354,0.003,0.3616
SPADES ACE CLUBS SEVEN,0.534,0.2344,0.2316
SPADES SIX HEARTS TEN,0.6368,0.0048,0.3584
SPADES SIX HEARTS JACK,0.644,0.004,0.352
SPADES SIX HEARTS ACE,0.5508,0.2216,0.2276
SPADES SIX HEARTS KING,0.626,0.0038,0.3702
SPADES SIX HEARTS QUEEN,0.6326,0.0028,0.3646
CLUBS SEVEN SPADES JACK,0.627,0.0032,0.3698
CLUBS SEVEN SPADES TEN,0.6108,0.0044,0.3848
CLUBS TEN HEARTS SIX,0.6264,0.0026,0.371
HEARTS SIX CLUBS JACK,0.6468,0.003,0.3502
CLUBS ACE CLUBS JACK,0.222,0.077,0.701
HEARTS SIX CLUBS QUEEN,0.6342,0.0042,0.3616
HEARTS SIX CLUBS KING,0.6366,0.0024,0.361
HEARTS SIX CLUBS ACE,0.5562,0.2096,0.2342
CLUBS QUEEN CLUBS JACK,0.5364,0.0038,0.4598
CLUBS KING CLUBS JACK,0.5348,0.0042,0.461
DIAMONDS THREE HEARTS ACE,0.5252,0.2272,0.2476
DIAMONDS THREE HEARTS QUEEN,0.6556,0.0034,0.341
DIAMONDS THREE HEARTS KING,0.6448,0.0034,0.3518
CLUBS FIVE HEARTS JACK,0.6348,0.005,0.3602
HEARTS FOUR SPADES TEN,0.6338,0.0044,0.3618
CLUBS FIVE HEARTS TEN,0.627,0.0042,0.3688
HEARTS FOUR SPADES JACK,0.636,0.0034,0.3606
SPADES ACE HEARTS FOUR,0.5262,0.235,0.2388
CLUBS FIVE HEARTS ACE,0.529,0.2278,0.2432
CLUBS FIVE HEARTS KING,0.6268,0.0046,0.3686
HEARTS FOUR SPADES QUEEN,0.6292,0.0046,0.3662
SPADES FOUR CLUBS JACK,0.6564,0.003,0.3406
CLUBS FIVE HEARTS QUEEN,0.6234,0.0026,0.374
SPADES KING HEARTS FOUR,0.632,0.004,0.364
CLUBS TEN SPADES FOUR,0.6452,0.0028,0.352
HEARTS FOUR DIAMONDS QUEEN,0.6416,0.0034,0.355
HEARTS FOUR HEARTS TWO,0.605,0.0056,0.3894
DIAMONDS THREE HEARTS TEN,0.6514,0.0044,0.3442
SPADES FOUR CLUBS KING,0.6268,0.0058,0.3674
HEARTS FIVE DIAMONDS QUEEN,0.6298,0.004,0.3662
HEARTS FIVE HEARTS TWO,0.604,0.0042,0.3918
DIAMONDS THREE HEARTS JACK,0.6258,0.0046,0.3696
SPADES FOUR CLUBS QUEEN,0.641,0.0032,0.3558
DIAMONDS QUEEN HEARTS TWO,0.6366,0.0036,0.3598
DIAMONDS KING DIAMONDS QUEEN,0.5388,0.0034,0.4578
DIAMONDS KING HEARTS TWO,0.6286,0.0054,0.366
DIAMONDS QUEEN HEARTS THREE,0.6324,0.0048,0.3628
HEARTS THREE HEARTS TWO,0.6144,0.0056,0.38
SPADES FOUR CLUBS ACE,0.5234,0.2338,0.2428
HEARTS TWO CLUBS ACE,0.537,0.2296,0.2334
DIAMONDS QUEEN CLUBS ACE,0.247,0.0614,0.6916
HEARTS TWO CLUBS QUEEN,0.6384,0.0036,0.358
DIAMONDS QUEEN CLUBS QUEEN,0.3078,0.0036,0.6886
HEARTS TWO CLUBS KING,0.6412,0.0052,0.3536
DIAMONDS QUEEN CLUBS KING,0.5764,0.0038,0.4198
CLUBS TEN HEARTS TWO,0.6422,0.006,0.3518
CLUBS TEN DIAMONDS QUEEN,0.5742,0.0038,0.422
SPADES NINE SPADES FIVE,0.5972,0.005,0.3978
HEARTS TWO CLUBS JACK,0.647,0.0034,0.3496
DIAMONDS QUEEN CLUBS JACK,0.568,0.0044,0.4276
SPADES SIX SPADES FIVE,0.5992,0.0046,0.3962
SPADES SEVEN SPADES FIVE,0.6266,0.0072,0.3662
DIAMONDS FIVE CLUBS QUEEN,0.6358,0.0044,0.3598
DIAMONDS FIVE CLUBS KING,0.6384,0.0034,0.3582
CLUBS ACE DIAMONDS FIVE,0.5352,0.2202,0.2446
CLUBS TEN DIAMONDS FIVE,0.6468,0.0044,0.3488
DIAMONDS FIVE CLUBS JACK,0.637,0.0036,0.3594
DIAMONDS TEN HEARTS JACK,0.5628,0.004,0.4332
DIAMONDS TEN HEARTS TEN,0.314,0.0036,0.6824
SPADES ACE CLUBS NINE,0.2346,0.1634,0.602
CLUBS NINE SPADES QUEEN,0.593,0.004,0.403
CLUBS NINE SPADES KING,0.5842,0.0048,0.411
HEARTS SIX HEARTS KING,0.59,0.0026,0.4074
DIAMONDS KING SPADES SEVEN,0.6498,0.0034,0.3468
SPADES SEVEN HEARTS THREE,0.6778,0.0034,0.3188
SPADES KING DIAMONDS SEVEN,0.6326,0.005,0.3624
