opposingHand,winningChance,drawChance,lostChance
DIAMONDS TEN HEARTS NINE
SPADES KING DIAMONDS SEVEN,0.433,0.005,0.562
DIAMONDS ACE DIAMONDS FOUR,0.4122,0.0048,0.583
SPADES ACE DIAMONDS NINE,0.2972,0.0198,0.683
DIAMONDS KING HEARTS TEN,0.2636,0.036,0.7004
CLUBS NINE HEARTS FOUR,0.7026,0.0836,0.2138
CLUBS FOUR DIAMONDS SIX,0.631,0.0232,0.3458
HEARTS FOUR DIAMONDS ACE,0.4474,0.0068,0.5458
DIAMONDS JACK DIAMONDS FOUR,0.4282,0.0142,0.5576
HEARTS SEVEN SPADES FOUR,0.65,0.0234,0.3266
SPADES ACE CLUBS KING,0.37,0.0038,0.6262
DIAMONDS EIGHT CLUBS QUEEN,0.4194,0.0112,0.5694
SPADES KING SPADES EIGHT,0.3926,0.008,0.5994
HEARTS SEVEN CLUBS ACE,0.4326,0.0044,0.563
HEARTS TWO HEARTS ACE,0.4172,0.0056,0.5772
SPADES NINE HEARTS EIGHT,0.6822,0.0724,0.2454
HEARTS THREE HEARTS TWO,0.6164,0.028,0.3556
HEARTS QUEEN HEARTS EIGHT,0.408,0.0144,0.5776
HEARTS ACE DIAMONDS SIX,0.4432,0.0036,0.5532
HEARTS KING HEARTS JACK,0.3318,0.0058,0.6624
CLUBS FIVE CLUBS KING,0.4038,0.0084,0.5878
CLUBS EIGHT DIAMONDS FOUR,0.686,0.0228,0.2912
DIAMONDS NINE SPADES TWO,0.7156,0.0742,0.2102
CLUBS NINE HEARTS ACE,0.2898,0.0202,0.69
CLUBS NINE CLUBS KING,0.2722,0.0294,0.6984
SPADES JACK DIAMONDS NINE,0.2584,0.0516,0.69
SPADES SIX CLUBS QUEEN,0.4364,0.008,0.5556
HEARTS SIX DIAMONDS KING,0.4502,0.0084,0.5414
SPADES KING HEARTS FOUR,0.45,0.007,0.543
DIAMONDS NINE DIAMONDS FIVE,0.6738,0.0736,0.2526
SPADES QUEEN CLUBS THREE,0.4702,0.0104,0.5194
DIAMONDS KING CLUBS ACE,0.3688,0.0046,0.6266
HEARTS FIVE HEARTS TWO,0.6224,0.0236,0.354
DIAMONDS ACE HEARTS JACK,0.354,0.0026,0.6434
SPADES NINE DIAMONDS ACE,0.295,0.0214,0.6836
CLUBS SIX DIAMONDS NINE,0.697,0.0724,0.2306
SPADES FOUR CLUBS KING,0.4562,0.0062,0.5376
SPADES JACK CLUBS THREE,0.4546,0.0134,0.532
CLUBS FIVE CLUBS QUEEN,0.4288,0.0118,0.5594
SPADES TEN HEARTS EIGHT,0.608,0.164,0.228
SPADES SIX SPADES FOUR,0.5944,0.0218,0.3838
HEARTS THREE DIAMONDS SIX,0.6654,0.0254,0.3092
DIAMONDS SEVEN DIAMONDS FOUR,0.6216,0.0226,0.3558
HEARTS TWO HEARTS QUEEN,0.4346,0.01,0.5554
SPADES EIGHT SPADES SIX,0.6084,0.0194,0.3722
SPADES QUEEN HEARTS ACE,0.3664,0.0042,0.6294
CLUBS NINE CLUBS EIGHT,0.6412,0.0724,0.2864
DIAMONDS KING SPADES SIX,0.4422,0.0084,0.5494
SPADES QUEEN DIAMONDS SEVEN,0.4314,0.0132,0.5554
CLUBS ACE HEARTS TEN,0.2724,0.022,0.7056
SPADES NINE SPADES FIVE,0.6396,0.0772,0.2832
CLUBS SIX DIAMONDS QUEEN,0.4296,0.0114,0.559
DIAMONDS KING DIAMONDS NINE,0.2652,0.0282,0.7066
SPADES KING DIAMONDS NINE,0.2838,0.0278,0.6884
DIAMONDS TWO CLUBS FIVE,0.6518,0.025,0.3232
DIAMONDS NINE SPADES THREE,0.7234,0.0738,0.2028
HEARTS SIX CLUBS FOUR,0.6334,0.0232,0.3434
DIAMONDS TWO CLUBS QUEEN,0.4492,0.0096,0.5412
DIAMONDS SIX CLUBS QUEEN,0.436,0.0098,0.5542
HEARTS FOUR DIAMONDS FIVE,0.6394,0.0266,0.334
HEARTS THREE DIAMONDS FIVE,0.6372,0.0246,0.3382
CLUBS TEN SPADES QUEEN,0.2534,0.0436,0.703
HEARTS TWO HEARTS TEN,0.585,0.1634,0.2516
HEARTS ACE DIAMONDS FOUR,0.4386,0.0054,0.556
SPADES TEN SPADES FIVE,0.5928,0.1546,0.2526
HEARTS FOUR SPADES TEN,0.625,0.1602,0.2148
CLUBS FOUR DIAMONDS QUEEN,0.4362,0.0102,0.5536
HEARTS THREE CLUBS TWO,0.6594,0.0264,0.3142
CLUBS TEN SPADES SEVEN,0.6112,0.1636,0.2252
SPADES QUEEN SPADES FOUR,0.4226,0.01,0.5674
SPADES JACK DIAMONDS FIVE,0.454,0.016,0.53
CLUBS SIX CLUBS THREE,0.608,0.0242,0.3678
SPADES JACK SPADES SIX,0.4172,0.0146,0.5682
CLUBS JACK SPADES QUEEN,0.345,0.0082,0.6468
SPADES THREE DIAMONDS SEVEN,0.661,0.0266,0.3124
CLUBS SEVEN CLUBS FOUR,0.619,0.0258,0.3552
CLUBS TEN DIAMONDS JACK,0.228,0.0528,0.7192
CLUBS SEVEN HEARTS KING,0.4378,0.0068,0.5554
DIAMONDS THREE SPADES NINE,0.7114,0.0766,0.212
HEARTS SEVEN CLUBS THREE,0.663,0.028,0.309
CLUBS NINE CLUBS TWO,0.6554,0.0698,0.2748
HEARTS KING HEARTS TEN,0.264,0.0328,0.7032
DIAMONDS QUEEN DIAMONDS SIX,0.4182,0.0116,0.5702
CLUBS JACK HEARTS ACE,0.3582,0.0032,0.6386
HEARTS TWO CLUBS KING,0.4534,0.005,0.5416
HEARTS SEVEN DIAMONDS JACK,0.4316,0.013,0.5554
DIAMONDS NINE CLUBS QUEEN,0.2628,0.0354,0.7018
CLUBS JACK HEARTS TWO,0.4558,0.0176,0.5266
HEARTS FIVE SPADES THREE,0.64,0.0208,0.3392
CLUBS NINE HEARTS THREE,0.7088,0.0744,0.2168
DIAMONDS JACK DIAMONDS FIVE,0.4326,0.0144,0.553
CLUBS THREE DIAMONDS FOUR,0.6182,0.026,0.3558
SPADES FIVE DIAMONDS EIGHT,0.6532,0.0234,0.3234
SPADES JACK DIAMONDS JACK,0.1602,0.0234,0.8164
HEARTS SEVEN CLUBS TEN,0.606,0.1672,0.2268
HEARTS SIX CLUBS SIX,0.4548,0.0432,0.502
SPADES QUEEN SPADES FIVE,0.4254,0.01,0.5646
CLUBS SEVEN SPADES THREE,0.6576,0.0208,0.3216
CLUBS JACK DIAMONDS KING,0.3478,0.0064,0.6458
SPADES SIX HEARTS EIGHT,0.6568,0.0242,0.319
SPADES EIGHT SPADES FIVE,0.5992,0.0214,0.3794
SPADES TEN CLUBS FOUR,0.626,0.1652,0.2088
DIAMONDS TWO CLUBS ACE,0.4464,0.005,0.5486
HEARTS TWO SPADES FOUR,0.648,0.0274,0.3246
SPADES JACK CLUBS SEVEN,0.4324,0.0142,0.5534
HEARTS SEVEN HEARTS TWO,0.6428,0.0224,0.3348
HEARTS THREE CLUBS ACE,0.448,0.0026,0.5494
CLUBS TWO HEARTS JACK,0.445,0.0172,0.5378
SPADES ACE DIAMONDS FOUR,0.4384,0.0034,0.5582
CLUBS JACK DIAMONDS JACK,0.1664,0.0204,0.8132
CLUBS FOUR DIAMONDS FOUR,0.4644,0.0488,0.4868
SPADES ACE DIAMONDS FIVE,0.438,0.0028,0.5592
CLUBS FOUR SPADES FOUR,0.466,0.04,0.494
SPADES ACE DIAMONDS THREE,0.4466,0.0036,0.5498
CLUBS THREE HEARTS QUEEN,0.4496,0.0098,0.5406
DIAMONDS NINE HEARTS JACK,0.2466,0.0504,0.703
SPADES ACE SPADES EIGHT,0.4098,0.0042,0.586
SPADES ACE HEARTS SIX,0.4384,0.004,0.5576
SPADES KING SPADES QUEEN,0.3464,0.009,0.6446
SPADES FOUR HEARTS KING,0.4386,0.007,0.5544
CLUBS EIGHT CLUBS TWO,0.63,0.0252,0.3448
DIAMONDS THREE HEARTS TWO,0.6488,0.0254,0.3258
SPADES TWO CLUBS KING,0.4604,0.0056,0.534
DIAMONDS THREE CLUBS EIGHT,0.6796,0.0286,0.2918
SPADES KING CLUBS TEN,0.2832,0.0286,0.6882
SPADES KING SPADES SIX,0.4124,0.0046,0.583
HEARTS THREE SPADES NINE,0.7094,0.0754,0.2152
HEARTS FOUR CLUBS KING,0.4572,0.0072,0.5356
CLUBS NINE SPADES NINE,0.3324,0.0398,0.6278
CLUBS EIGHT DIAMONDS SEVEN,0.6482,0.0232,0.3286
DIAMONDS ACE DIAMONDS FIVE,0.428,0.0036,0.5684
SPADES KING CLUBS TWO,0.4464,0.0068,0.5468
SPADES JACK CLUBS SIX,0.4432,0.0146,0.5422
SPADES QUEEN DIAMONDS ACE,0.3692,0.0036,0.6272
SPADES JACK DIAMONDS EIGHT,0.4118,0.0134,0.5748
SPADES FIVE SPADES THREE,0.589,0.0266,0.3844
HEARTS JACK HEARTS TEN,0.2266,0.0582,0.7152
SPADES ACE CLUBS TEN,0.2716,0.019,0.7094
HEARTS SEVEN HEARTS THREE,0.6382,0.02,0.3418
CLUBS ACE CLUBS KING,0.351,0.0042,0.6448
DIAMONDS ACE CLUBS FOUR,0.4284,0.0044,0.5672
HEARTS SIX SPADES QUEEN,0.4386,0.01,0.5514
HEARTS FOUR CLUBS ACE,0.4414,0.0062,0.5524
CLUBS NINE DIAMONDS NINE,0.3338,0.0408,0.6254
DIAMONDS NINE DIAMONDS FOUR,0.6722,0.0798,0.248
DIAMONDS THREE HEARTS SIX,0.6484,0.0264,0.3252
SPADES ACE HEARTS KING,0.3602,0.004,0.6358
CLUBS JACK CLUBS THREE,0.4236,0.0152,0.5612
SPADES NINE HEARTS KING,0.2774,0.0284,0.6942
SPADES TEN SPADES SEVEN,0.568,0.1606,0.2714
CLUBS TEN HEARTS TWO,0.607,0.1754,0.2176
HEARTS TWO SPADES SIX,0.6526,0.023,0.3244
HEARTS FIVE HEARTS EIGHT,0.6396,0.0224,0.338
CLUBS EIGHT HEARTS TWO,0.6918,0.0184,0.2898
CLUBS JACK CLUBS EIGHT,0.3972,0.0158,0.587
SPADES SIX DIAMONDS QUEEN,0.4598,0.0098,0.5304
HEARTS FOUR DIAMONDS QUEEN,0.4434,0.0082,0.5484
DIAMONDS TWO HEARTS JACK,0.4416,0.0114,0.547
DIAMONDS TWO DIAMONDS JACK,0.423,0.0144,0.5626
SPADES JACK CLUBS ACE,0.3672,0.004,0.6288
CLUBS TEN HEARTS KING,0.2658,0.0354,0.6988
SPADES KING CLUBS QUEEN,0.3606,0.006,0.6334
DIAMONDS TWO DIAMONDS EIGHT,0.659,0.0216,0.3194
SPADES TEN HEARTS TEN,0.136,0.0498,0.8142
SPADES SEVEN DIAMONDS NINE,0.6866,0.0706,0.2428
SPADES FOUR HEARTS TEN,0.6078,0.1686,0.2236
DIAMONDS THREE HEARTS FIVE,0.6266,0.0248,0.3486
CLUBS FIVE DIAMONDS QUEEN,0.4324,0.0098,0.5578
HEARTS SEVEN DIAMONDS THREE,0.6724,0.0266,0.301
HEARTS ACE CLUBS ACE,0.1832,0.0024,0.8144
HEARTS SIX SPADES TEN,0.6116,0.1622,0.2262
HEARTS TWO CLUBS QUEEN,0.4508,0.01,0.5392
HEARTS JACK DIAMONDS SIX,0.439,0.0178,0.5432
SPADES THREE CLUBS ACE,0.446,0.0032,0.5508
CLUBS THREE CLUBS ACE,0.4156,0.0048,0.5796
CLUBS NINE HEARTS TEN,0.009,0.9724,0.0186
HEARTS TWO CLUBS FIVE,0.6426,0.0274,0.33
CLUBS TEN SPADES JACK,0.248,0.0498,0.7022
DIAMONDS KING DIAMONDS FIVE,0.4328,0.0084,0.5588
SPADES FOUR SPADES THREE,0.575,0.026,0.399
SPADES TWO DIAMONDS SIX,0.6616,0.0222,0.3162
SPADES NINE CLUBS FOUR,0.6982,0.0756,0.2262
SPADES TEN HEARTS QUEEN,0.2536,0.042,0.7044
CLUBS SIX SPADES FOUR,0.6372,0.023,0.3398
SPADES SIX CLUBS THREE,0.645,0.0242,0.3308
SPADES FOUR DIAMONDS FOUR,0.4646,0.0418,0.4936
DIAMONDS JACK HEARTS KING,0.3582,0.0064,0.6354
HEARTS TWO SPADES SEVEN,0.6618,0.0266,0.3116
CLUBS NINE CLUBS QUEEN,0.2578,0.0336,0.7086
HEARTS FOUR DIAMONDS NINE,0.7074,0.08,0.2126
SPADES NINE HEARTS TWO,0.713,0.073,0.214
SPADES ACE DIAMONDS SIX,0.4468,0.0042,0.549
SPADES JACK CLUBS TWO,0.4426,0.0154,0.542
DIAMONDS TWO SPADES FOUR,0.6464,0.0246,0.329
DIAMONDS QUEEN HEARTS TEN,0.251,0.0456,0.7034
HEARTS SIX CLUBS EIGHT,0.6434,0.0274,0.3292
HEARTS SEVEN CLUBS FIVE,0.6444,0.0284,0.3272
CLUBS FIVE CLUBS ACE,0.4048,0.0034,0.5918
CLUBS SIX DIAMONDS EIGHT,0.64,0.0256,0.3344
CLUBS SIX SPADES EIGHT,0.6502,0.023,0.3268
CLUBS FOUR DIAMONDS KING,0.443,0.0078,0.5492
SPADES QUEEN HEARTS FIVE,0.459,0.0112,0.5298
HEARTS FOUR SPADES NINE,0.7066,0.0826,0.2108
DIAMONDS JACK DIAMONDS SIX,0.4174,0.0134,0.5692
SPADES JACK DIAMONDS QUEEN,0.3436,0.01,0.6464
SPADES FIVE CLUBS TWO,0.6374,0.0278,0.3348
SPADES KING SPADES TEN,0.2602,0.0322,0.7076
DIAMONDS THREE CLUBS ACE,0.4462,0.0036,0.5502
SPADES ACE DIAMONDS QUEEN,0.3466,0.0038,0.6496
DIAMONDS THREE SPADES FIVE,0.6382,0.0248,0.337
SPADES FOUR CLUBS ACE,0.4466,0.0028,0.5506
HEARTS KING DIAMONDS EIGHT,0.4306,0.0082,0.5612
CLUBS NINE DIAMONDS KING,0.2686,0.031,0.7004
HEARTS KING HEARTS EIGHT,0.4088,0.0078,0.5834
CLUBS EIGHT DIAMONDS SIX,0.638,0.0248,0.3372
HEARTS FOUR DIAMONDS JACK,0.4502,0.014,0.5358
SPADES TWO HEARTS QUEEN,0.4424,0.0106,0.547
SPADES TWO DIAMONDS FIVE,0.6482,0.0194,0.3324
HEARTS ACE CLUBS QUEEN,0.3762,0.0042,0.6196
DIAMONDS TWO SPADES SIX,0.6686,0.0252,0.3062
SPADES TWO CLUBS ACE,0.452,0.0038,0.5442
DIAMONDS KING DIAMONDS SIX,0.416,0.0074,0.5766
SPADES EIGHT HEARTS EIGHT,0.4348,0.0386,0.5266
HEARTS ACE HEARTS EIGHT,0.4058,0.0058,0.5884
SPADES NINE SPADES FOUR,0.6578,0.0742,0.268
CLUBS SEVEN HEARTS TEN,0.6082,0.1698,0.222
DIAMONDS QUEEN DIAMONDS NINE,0.2586,0.0382,0.7032
HEARTS SEVEN SPADES NINE,0.6956,0.075,0.2294
DIAMONDS SEVEN CLUBS KING,0.4258,0.0084,0.5658
HEARTS SEVEN HEARTS FOUR,0.6302,0.0236,0.3462
DIAMONDS FIVE DIAMONDS FOUR,0.5874,0.0258,0.3868
SPADES FIVE DIAMONDS SIX,0.6226,0.0234,0.354
HEARTS TWO CLUBS TWO,0.466,0.0474,0.4866
SPADES ACE CLUBS FOUR,0.4358,0.0054,0.5588
CLUBS SIX HEARTS JACK,0.4324,0.0166,0.551
CLUBS FOUR CLUBS QUEEN,0.4108,0.0122,0.577
SPADES THREE DIAMONDS FIVE,0.638,0.0244,0.3376
DIAMONDS THREE HEARTS TEN,0.605,0.1758,0.2192
HEARTS SEVEN DIAMONDS ACE,0.4276,0.004,0.5684
SPADES ACE HEARTS FIVE,0.4388,0.005,0.5562
SPADES THREE HEARTS EIGHT,0.6878,0.0228,0.2894
DIAMONDS EIGHT CLUBS KING,0.436,0.0074,0.5566
HEARTS SIX DIAMONDS ACE,0.432,0.0052,0.5628
SPADES SIX DIAMONDS SEVEN,0.6376,0.0218,0.3406
DIAMONDS THREE SPADES EIGHT,0.684,0.0266,0.2894
SPADES ACE CLUBS TWO,0.4428,0.0044,0.5528
DIAMONDS KING DIAMONDS SEVEN,0.4116,0.0068,0.5816
SPADES ACE HEARTS SEVEN,0.4376,0.0038,0.5586
HEARTS THREE SPADES SEVEN,0.668,0.0242,0.3078
SPADES JACK HEARTS EIGHT,0.4226,0.0146,0.5628
HEARTS FOUR CLUBS FOUR,0.4726,0.0406,0.4868
CLUBS THREE DIAMONDS SIX,0.647,0.0242,0.3288
HEARTS TEN HEARTS EIGHT,0.573,0.1668,0.2602
CLUBS TEN CLUBS FOUR,0.5678,0.1658,0.2664
SPADES ACE SPADES TEN,0.249,0.024,0.727
SPADES JACK DIAMONDS ACE,0.367,0.004,0.629
DIAMONDS NINE HEARTS QUEEN,0.2668,0.036,0.6972
HEARTS TWO DIAMONDS KING,0.4416,0.0064,0.552
SPADES FIVE DIAMONDS FIVE,0.4608,0.0446,0.4946
DIAMONDS ACE HEARTS ACE,0.1798,0.0042,0.816
SPADES SEVEN DIAMONDS EIGHT,0.64,0.0226,0.3374
SPADES EIGHT HEARTS TEN,0.598,0.1682,0.2338
HEARTS FIVE CLUBS SEVEN,0.6442,0.0242,0.3316
SPADES ACE HEARTS EIGHT,0.4308,0.0032,0.566
SPADES NINE HEARTS TEN,0.0104,0.9738,0.0158
DIAMONDS THREE HEARTS KING,0.4466,0.0072,0.5462
DIAMONDS ACE HEARTS TEN,0.2636,0.0262,0.7102
DIAMONDS SIX DIAMONDS FIVE,0.5816,0.0246,0.3938
SPADES TEN HEARTS JACK,0.2326,0.0484,0.719
CLUBS FOUR HEARTS QUEEN,0.46,0.0116,0.5284
SPADES JACK HEARTS THREE,0.4586,0.0136,0.5278
SPADES QUEEN SPADES JACK,0.3178,0.008,0.6742
CLUBS JACK SPADES SEVEN,0.4246,0.0134,0.562
DIAMONDS TWO CLUBS FOUR,0.6388,0.0268,0.3344
SPADES QUEEN HEARTS KING,0.3468,0.0066,0.6466
SPADES JACK DIAMONDS SEVEN,0.4282,0.0136,0.5582
HEARTS FIVE DIAMONDS SEVEN,0.6316,0.024,0.3444
CLUBS KING HEARTS EIGHT,0.4304,0.0074,0.5622
HEARTS SIX HEARTS EIGHT,0.623,0.0224,0.3546
HEARTS SEVEN SPADES TWO,0.6806,0.0222,0.2972
HEARTS SEVEN HEARTS QUEEN,0.428,0.0132,0.5588
DIAMONDS THREE HEARTS JACK,0.4526,0.023,0.5244
CLUBS JACK SPADES SIX,0.4546,0.0132,0.5322
SPADES JACK SPADES TEN,0.23,0.0514,0.7186
HEARTS SIX DIAMONDS QUEEN,0.4382,0.009,0.5528
HEARTS THREE DIAMONDS SEVEN,0.6666,0.0264,0.307
HEARTS THREE DIAMONDS FOUR,0.642,0.0238,0.3342
HEARTS THREE DIAMONDS NINE,0.7074,0.0792,0.2134
DIAMONDS ACE DIAMONDS SEVEN,0.4118,0.004,0.5842
SPADES FOUR HEARTS QUEEN,0.44,0.012,0.548
SPADES QUEEN CLUBS ACE,0.373,0.0038,0.6232
CLUBS SEVEN SPADES TWO,0.6872,0.0264,0.2864
HEARTS KING SPADES TWO,0.4374,0.0086,0.554
SPADES THREE HEARTS KING,0.4504,0.0062,0.5434
SPADES QUEEN CLUBS SIX,0.4408,0.009,0.5502
HEARTS FIVE CLUBS TWO,0.6434,0.0236,0.333
DIAMONDS QUEEN DIAMONDS FIVE,0.4398,0.0138,0.5464
HEARTS SIX DIAMONDS JACK,0.4468,0.0172,0.536
CLUBS TWO CLUBS KING,0.4262,0.0068,0.567
CLUBS NINE CLUBS THREE,0.6558,0.0768,0.2674
DIAMONDS SEVEN HEARTS EIGHT,0.6488,0.0236,0.3276
DIAMONDS EIGHT DIAMONDS SEVEN,0.598,0.0252,0.3768
CLUBS THREE SPADES FOUR,0.6206,0.023,0.3564
SPADES TEN CLUBS SEVEN,0.6082,0.1708,0.221
HEARTS THREE HEARTS ACE,0.4222,0.0038,0.574
CLUBS TEN SPADES TWO,0.6154,0.166,0.2186
SPADES SIX SPADES THREE,0.5876,0.0228,0.3896
HEARTS SEVEN DIAMONDS FOUR,0.6508,0.0276,0.3216
DIAMONDS QUEEN CLUBS QUEEN,0.1572,0.0152,0.8276
SPADES SEVEN DIAMONDS SIX,0.648,0.0216,0.3304
SPADES JACK SPADES SEVEN,0.3862,0.0168,0.597
CLUBS SIX HEARTS ACE,0.4346,0.0032,0.5622
HEARTS TEN DIAMONDS FIVE,0.6048,0.183,0.2122
HEARTS SIX SPADES NINE,0.6978,0.0702,0.232
DIAMONDS QUEEN SPADES TWO,0.4478,0.0126,0.5396
HEARTS SIX SPADES FOUR,0.638,0.0198,0.3422
CLUBS THREE DIAMONDS JACK,0.4426,0.0172,0.5402
SPADES KING HEARTS ACE,0.3678,0.0044,0.6278
SPADES ACE SPADES THREE,0.4216,0.003,0.5754
SPADES QUEEN DIAMONDS QUEEN,0.1598,0.0176,0.8226
SPADES SIX HEARTS JACK,0.4406,0.0186,0.5408
HEARTS SIX DIAMONDS SIX,0.4498,0.036,0.5142
DIAMONDS EIGHT DIAMONDS FOUR,0.6402,0.0254,0.3344
DIAMONDS ACE CLUBS QUEEN,0.3616,0.0022,0.6362
DIAMONDS SEVEN CLUBS QUEEN,0.435,0.0142,0.5508
HEARTS KING HEARTS QUEEN,0.3364,0.0078,0.6558
HEARTS SIX HEARTS KING,0.4184,0.0074,0.5742
HEARTS KING DIAMONDS SEVEN,0.4284,0.0088,0.5628
DIAMONDS TWO DIAMONDS ACE,0.4212,0.0048,0.574
SPADES FOUR HEARTS EIGHT,0.6696,0.0242,0.3062
CLUBS NINE HEARTS KING,0.2848,0.0268,0.6884
DIAMONDS KING HEARTS KING,0.1668,0.009,0.8242
HEARTS TWO DIAMONDS FIVE,0.6518,0.0256,0.3226
CLUBS THREE CLUBS KING,0.4266,0.0084,0.565
DIAMONDS THREE CLUBS SIX,0.6636,0.0218,0.3146
CLUBS KING DIAMONDS FIVE,0.4566,0.005,0.5384
CLUBS FIVE DIAMONDS EIGHT,0.6646,0.0214,0.314
SPADES QUEEN DIAMONDS NINE,0.2636,0.0418,0.6946
SPADES QUEEN DIAMONDS SIX,0.4518,0.009,0.5392
CLUBS SEVEN DIAMONDS ACE,0.4402,0.0044,0.5554
DIAMONDS NINE HEARTS KING,0.2684,0.029,0.7026
CLUBS SEVEN HEARTS ACE,0.417,0.0036,0.5794
SPADES SIX DIAMONDS JACK,0.4478,0.0172,0.535
HEARTS FOUR HEARTS KING,0.4382,0.0066,0.5552
CLUBS FOUR SPADES SIX,0.644,0.0206,0.3354
HEARTS FOUR DIAMONDS FOUR,0.465,0.0472,0.4878
DIAMONDS TWO HEARTS ACE,0.4322,0.006,0.5618
SPADES TEN HEARTS ACE,0.2692,0.0204,0.7104
CLUBS FOUR SPADES TWO,0.654,0.0198,0.3262
SPADES TEN DIAMONDS NINE,0.0154,0.9738,0.0108
SPADES TEN CLUBS TWO,0.6152,0.1606,0.2242
CLUBS JACK CLUBS KING,0.332,0.0054,0.6626
DIAMONDS JACK HEARTS QUEEN,0.3336,0.0104,0.656
HEARTS SEVEN SPADES KING,0.4416,0.0078,0.5506
SPADES KING SPADES SEVEN,0.417,0.0046,0.5784
SPADES NINE CLUBS THREE,0.6994,0.0794,0.2212
SPADES SEVEN SPADES SIX,0.5872,0.0218,0.391
CLUBS FIVE HEARTS TEN,0.613,0.1626,0.2244
SPADES JACK HEARTS JACK,0.1712,0.0226,0.8062
CLUBS JACK HEARTS FOUR,0.459,0.016,0.525
HEARTS THREE CLUBS FIVE,0.6354,0.023,0.3416
CLUBS JACK DIAMONDS NINE,0.2548,0.0502,0.695
SPADES KING CLUBS FOUR,0.4494,0.0048,0.5458
SPADES FIVE SPADES FOUR,0.5796,0.0208,0.3996
CLUBS FOUR CLUBS KING,0.4158,0.0076,0.5766
SPADES NINE CLUBS FIVE,0.6946,0.0806,0.2248
HEARTS JACK DIAMONDS FIVE,0.4384,0.016,0.5456
CLUBS EIGHT DIAMONDS KING,0.42,0.006,0.574
HEARTS SIX CLUBS NINE,0.6892,0.081,0.2298
DIAMONDS JACK HEARTS TEN,0.227,0.0572,0.7158
HEARTS SEVEN CLUBS SIX,0.6294,0.023,0.3476
HEARTS QUEEN DIAMONDS FIVE,0.4532,0.0084,0.5384
HEARTS SIX HEARTS FIVE,0.5892,0.0216,0.3892
DIAMONDS TWO CLUBS SIX,0.6562,0.0222,0.3216
CLUBS NINE SPADES THREE,0.6932,0.0744,0.2324
DIAMONDS THREE SPADES SEVEN,0.672,0.0266,0.3014
SPADES ACE CLUBS FIVE,0.4418,0.005,0.5532
HEARTS SIX SPADES FIVE,0.627,0.02,0.353
DIAMONDS QUEEN CLUBS ACE,0.3588,0.0034,0.6378
CLUBS JACK SPADES THREE,0.4486,0.0152,0.5362
DIAMONDS TWO SPADES JACK,0.4494,0.0156,0.535
DIAMONDS SEVEN CLUBS ACE,0.4284,0.0042,0.5674
DIAMONDS THREE DIAMONDS EIGHT,0.6552,0.0222,0.3226
SPADES KING SPADES FOUR,0.4322,0.0054,0.5624
CLUBS TEN DIAMONDS ACE,0.2584,0.0182,0.7234
HEARTS SEVEN DIAMONDS KING,0.4294,0.0088,0.5618
DIAMONDS TWO SPADES SEVEN,0.6788,0.024,0.2972
HEARTS QUEEN DIAMONDS SEVEN,0.4314,0.0112,0.5574
HEARTS SIX SPADES SIX,0.438,0.0412,0.5208
CLUBS THREE SPADES TWO,0.6418,0.0218,0.3364
HEARTS ACE DIAMONDS NINE,0.286,0.0158,0.6982
HEARTS FIVE DIAMONDS QUEEN,0.4552,0.0108,0.534
CLUBS NINE CLUBS ACE,0.275,0.0156,0.7094
DIAMONDS THREE CLUBS TEN,0.6126,0.177,0.2104
HEARTS SIX SPADES EIGHT,0.6462,0.0252,0.3286
SPADES FIVE DIAMONDS FOUR,0.6298,0.0238,0.3464
HEARTS TWO HEARTS JACK,0.4368,0.016,0.5472
DIAMONDS THREE CLUBS KING,0.4492,0.0072,0.5436
HEARTS JACK CLUBS KING,0.36,0.0078,0.6322
CLUBS JACK SPADES EIGHT,0.4094,0.0144,0.5762
SPADES ACE HEARTS FOUR,0.4494,0.0062,0.5444
SPADES FIVE HEARTS JACK,0.4422,0.0156,0.5422
CLUBS SEVEN DIAMONDS FIVE,0.6312,0.0204,0.3484
SPADES TEN CLUBS QUEEN,0.2614,0.0412,0.6974
SPADES KING CLUBS FIVE,0.4506,0.0064,0.543
DIAMONDS EIGHT HEARTS QUEEN,0.4158,0.0128,0.5714
HEARTS FOUR HEARTS EIGHT,0.6464,0.0248,0.3288
CLUBS EIGHT SPADES THREE,0.6744,0.0204,0.3052
CLUBS SEVEN CLUBS TWO,0.6312,0.0242,0.3446
SPADES TEN DIAMONDS QUEEN,0.2496,0.0444,0.706
SPADES FIVE DIAMONDS NINE,0.7046,0.0762,0.2192
SPADES TWO HEARTS TEN,0.6006,0.1664,0.233
CLUBS EIGHT SPADES SIX,0.6352,0.0222,0.3426
DIAMONDS THREE SPADES JACK,0.4526,0.014,0.5334
SPADES QUEEN HEARTS TEN,0.2584,0.0392,0.7024
DIAMONDS THREE CLUBS NINE,0.7074,0.0796,0.213
DIAMONDS THREE DIAMONDS QUEEN,0.4208,0.0114,0.5678
SPADES THREE DIAMONDS SIX,0.6566,0.02,0.3234
CLUBS ACE HEARTS EIGHT,0.4278,0.002,0.5702
CLUBS SIX DIAMONDS ACE,0.4248,0.0048,0.5704
DIAMONDS QUEEN HEARTS QUEEN,0.1676,0.021,0.8114
SPADES EIGHT CLUBS THREE,0.6838,0.0218,0.2944
CLUBS TEN HEARTS FOUR,0.6048,0.1732,0.222
CLUBS TEN CLUBS EIGHT,0.57,0.1618,0.2682
SPADES THREE HEARTS TEN,0.6024,0.1698,0.2278
SPADES TEN DIAMONDS SIX,0.6126,0.1708,0.2166
CLUBS SEVEN DIAMONDS JACK,0.4162,0.0142,0.5696
SPADES SEVEN DIAMONDS JACK,0.4178,0.0166,0.5656
HEARTS SEVEN SPADES SIX,0.6288,0.024,0.3472
SPADES ACE DIAMONDS JACK,0.3634,0.0026,0.634
SPADES KING HEARTS THREE,0.4484,0.0078,0.5438
SPADES NINE DIAMONDS QUEEN,0.2692,0.0388,0.692
CLUBS TEN HEARTS TEN,0.1436,0.0508,0.8056
HEARTS SEVEN HEARTS FIVE,0.6024,0.0246,0.373
CLUBS SEVEN CLUBS KING,0.4086,0.007,0.5844
SPADES KING DIAMONDS FOUR,0.4576,0.0048,0.5376
DIAMONDS THREE CLUBS FIVE,0.624,0.026,0.35
CLUBS EIGHT SPADES FOUR,0.67,0.0168,0.3132
SPADES EIGHT CLUBS ACE,0.4248,0.0036,0.5716
CLUBS TWO CLUBS QUEEN,0.415,0.0088,0.5762
SPADES KING HEARTS SIX,0.4488,0.0058,0.5454
HEARTS TWO DIAMONDS EIGHT,0.6826,0.0274,0.29
CLUBS FIVE HEARTS JACK,0.4468,0.0174,0.5358
DIAMONDS KING SPADES FOUR,0.4342,0.0058,0.56
SPADES QUEEN CLUBS FOUR,0.4512,0.0086,0.5402
DIAMONDS THREE SPADES FOUR,0.6394,0.0228,0.3378
HEARTS FIVE CLUBS FIVE,0.4572,0.0416,0.5012
CLUBS NINE DIAMONDS FOUR,0.7056,0.0796,0.2148
DIAMONDS JACK HEARTS JACK,0.1468,0.019,0.8342
CLUBS ACE DIAMONDS SIX,0.4344,0.0032,0.5624
CLUBS FOUR DIAMONDS FIVE,0.627,0.0232,0.3498
DIAMONDS THREE DIAMONDS KING,0.429,0.0076,0.5634
SPADES FOUR HEARTS ACE,0.4416,0.0052,0.5532
DIAMONDS SIX HEARTS TEN,0.6098,0.1784,0.2118
DIAMONDS TWO DIAMONDS SEVEN,0.6494,0.0226,0.328
HEARTS THREE SPADES FOUR,0.636,0.027,0.337
HEARTS SIX CLUBS FIVE,0.633,0.0218,0.3452
DIAMONDS THREE HEARTS ACE,0.446,0.005,0.549
HEARTS TWO SPADES FIVE,0.6392,0.0234,0.3374
DIAMONDS THREE CLUBS TWO,0.6572,0.0248,0.318
HEARTS FIVE HEARTS KING,0.4282,0.0094,0.5624
CLUBS NINE DIAMONDS QUEEN,0.2628,0.0366,0.7006
HEARTS FIVE DIAMONDS JACK,0.4346,0.014,0.5514
CLUBS NINE HEARTS EIGHT,0.675,0.075,0.25
SPADES QUEEN SPADES THREE,0.4176,0.0096,0.5728
CLUBS NINE CLUBS FIVE,0.669,0.073,0.258
CLUBS FIVE SPADES TWO,0.6484,0.0248,0.3268
DIAMONDS EIGHT DIAMONDS FIVE,0.628,0.0248,0.3472
SPADES TEN CLUBS SIX,0.6038,0.1652,0.231
SPADES QUEEN CLUBS SEVEN,0.4526,0.0126,0.5348
CLUBS FOUR DIAMONDS JACK,0.452,0.014,0.534
HEARTS EIGHT DIAMONDS FOUR,0.672,0.0266,0.3014
SPADES JACK SPADES THREE,0.4376,0.014,0.5484
CLUBS TEN SPADES FIVE,0.5976,0.1722,0.2302
SPADES ACE CLUBS ACE,0.1944,0.0026,0.803
CLUBS TEN DIAMONDS SIX,0.611,0.17,0.219
DIAMONDS SIX HEARTS EIGHT,0.648,0.0228,0.3292
HEARTS FOUR CLUBS QUEEN,0.434,0.0108,0.5552
SPADES KING CLUBS ACE,0.362,0.0032,0.6348
DIAMONDS TWO HEARTS THREE,0.6366,0.0258,0.3376
HEARTS TWO SPADES THREE,0.6506,0.0262,0.3232
CLUBS JACK SPADES NINE,0.2678,0.0502,0.682
CLUBS SEVEN CLUBS ACE,0.3986,0.0026,0.5988
SPADES EIGHT SPADES TWO,0.6322,0.0244,0.3434
CLUBS ACE HEARTS JACK,0.366,0.0032,0.6308
DIAMONDS TWO DIAMONDS FOUR,0.6146,0.024,0.3614
HEARTS TEN CLUBS QUEEN,0.2542,0.0464,0.6994
DIAMONDS TWO CLUBS SEVEN,0.6842,0.0208,0.295
HEARTS SEVEN DIAMONDS SEVEN,0.446,0.038,0.516
SPADES JACK HEARTS ACE,0.3626,0.0034,0.634
SPADES NINE SPADES SEVEN,0.6344,0.073,0.2926
SPADES KING HEARTS FIVE,0.458,0.0076,0.5344
DIAMONDS ACE DIAMONDS KING,0.339,0.0048,0.6562
SPADES QUEEN CLUBS NINE,0.271,0.0404,0.6886
CLUBS JACK HEARTS TEN,0.234,0.053,0.713
DIAMONDS TWO DIAMONDS NINE,0.6796,0.0788,0.2416
SPADES SEVEN HEARTS QUEEN,0.428,0.01,0.562
CLUBS FOUR HEARTS EIGHT,0.6592,0.0212,0.3196
SPADES SEVEN DIAMONDS QUEEN,0.4348,0.0108,0.5544
DIAMONDS FIVE HEARTS EIGHT,0.6632,0.023,0.3138
SPADES KING HEARTS JACK,0.3544,0.009,0.6366
SPADES ACE HEARTS ACE,0.194,0.003,0.803
DIAMONDS SEVEN DIAMONDS SIX,0.5902,0.0198,0.39
DIAMONDS ACE SPADES TWO,0.433,0.0034,0.5636
HEARTS SIX DIAMONDS SEVEN,0.6228,0.0248,0.3524
HEARTS QUEEN DIAMONDS SIX,0.4354,0.0126,0.552
CLUBS TWO HEARTS TEN,0.6044,0.1718,0.2238
HEARTS SEVEN SPADES TEN,0.6044,0.159,0.2366
HEARTS SIX HEARTS TWO,0.6242,0.0238,0.352
HEARTS TWO DIAMONDS QUEEN,0.4438,0.012,0.5442
DIAMONDS QUEEN SPADES FIVE,0.4456,0.0126,0.5418
CLUBS TWO DIAMONDS FOUR,0.63,0.0278,0.3422
HEARTS SIX DIAMONDS FIVE,0.6262,0.031,0.3428
CLUBS SEVEN DIAMONDS FOUR,0.6534,0.0238,0.3228
CLUBS THREE HEARTS KING,0.45,0.0092,0.5408
CLUBS JACK DIAMONDS FIVE,0.4436,0.0206,0.5358
CLUBS NINE DIAMONDS JACK,0.2438,0.0576,0.6986
HEARTS ACE DIAMONDS SEVEN,0.4266,0.006,0.5674
CLUBS SIX DIAMONDS JACK,0.4484,0.0128,0.5388
CLUBS TEN DIAMONDS QUEEN,0.2582,0.043,0.6988
DIAMONDS TWO DIAMONDS QUEEN,0.432,0.013,0.555
SPADES FOUR DIAMONDS SEVEN,0.6522,0.0256,0.3222
DIAMONDS TWO SPADES TWO,0.4622,0.0422,0.4956
CLUBS NINE DIAMONDS SIX,0.6976,0.067,0.2354
SPADES NINE SPADES SIX,0.6412,0.0698,0.289
SPADES JACK DIAMONDS KING,0.3462,0.0074,0.6464
CLUBS EIGHT HEARTS KING,0.4246,0.006,0.5694
DIAMONDS THREE DIAMONDS JACK,0.4198,0.0134,0.5668
HEARTS FIVE SPADES FOUR,0.6314,0.0182,0.3504
CLUBS TEN SPADES SIX,0.594,0.171,0.235
SPADES SEVEN CLUBS THREE,0.664,0.021,0.315
DIAMONDS TWO SPADES FIVE,0.6364,0.0216,0.342
SPADES ACE HEARTS QUEEN,0.368,0.005,0.627
CLUBS TEN HEARTS EIGHT,0.6074,0.1694,0.2232
HEARTS SEVEN SPADES QUEEN,0.4328,0.0104,0.5568
SPADES KING SPADES JACK,0.3376,0.006,0.6564
CLUBS SIX DIAMONDS FOUR,0.6454,0.0228,0.3318
CLUBS NINE DIAMONDS ACE,0.2924,0.016,0.6916
HEARTS THREE CLUBS SIX,0.6432,0.027,0.3298
HEARTS SIX DIAMONDS TWO,0.6706,0.023,0.3064
SPADES FIVE DIAMONDS JACK,0.4582,0.0148,0.527
CLUBS TEN SPADES FOUR,0.6052,0.1676,0.2272
CLUBS KING HEARTS TEN,0.2626,0.0348,0.7026
CLUBS FIVE HEARTS KING,0.4468,0.008,0.5452
DIAMONDS SEVEN HEARTS TEN,0.614,0.176,0.21
SPADES FOUR DIAMONDS EIGHT,0.671,0.0256,0.3034
CLUBS TWO DIAMONDS JACK,0.4522,0.0166,0.5312
SPADES NINE DIAMONDS FIVE,0.7042,0.08,0.2158
HEARTS FIVE HEARTS JACK,0.4304,0.017,0.5526
HEARTS SIX SPADES JACK,0.4444,0.0178,0.5378
HEARTS ACE CLUBS KING,0.374,0.0048,0.6212
DIAMONDS TWO CLUBS EIGHT,0.6776,0.02,0.3024
DIAMONDS KING SPADES TWO,0.4548,0.0082,0.537
SPADES QUEEN HEARTS EIGHT,0.431,0.0094,0.5596
CLUBS EIGHT SPADES NINE,0.6832,0.0678,0.249
SPADES NINE DIAMONDS EIGHT,0.6866,0.0714,0.242
SPADES SEVEN DIAMONDS FIVE,0.6424,0.0232,0.3344
DIAMONDS NINE CLUBS ACE,0.2944,0.0212,0.6844
HEARTS FOUR CLUBS THREE,0.6224,0.0228,0.3548
SPADES EIGHT DIAMONDS QUEEN,0.4194,0.0104,0.5702
CLUBS FOUR SPADES FIVE,0.639,0.022,0.339
CLUBS EIGHT SPADES FIVE,0.6494,0.0278,0.3228
SPADES QUEEN CLUBS FIVE,0.4404,0.011,0.5486
SPADES ACE DIAMONDS SEVEN,0.4336,0.002,0.5644
DIAMONDS TWO HEARTS EIGHT,0.6848,0.0232,0.292
DIAMONDS TWO HEARTS TWO,0.4758,0.0456,0.4786
HEARTS FOUR SPADES EIGHT,0.662,0.0242,0.3138
HEARTS TWO DIAMONDS JACK,0.4478,0.0188,0.5334
HEARTS FIVE SPADES JACK,0.4478,0.0172,0.535
SPADES FIVE CLUBS ACE,0.4436,0.0046,0.5518
CLUBS TEN CLUBS TWO,0.5784,0.1536,0.268
DIAMONDS THREE CLUBS SEVEN,0.6668,0.0222,0.311
DIAMONDS THREE SPADES THREE,0.4552,0.043,0.5018
CLUBS NINE DIAMONDS SEVEN,0.6814,0.0824,0.2362
CLUBS FIVE DIAMONDS KING,0.4406,0.0098,0.5496
SPADES ACE CLUBS JACK,0.3596,0.002,0.6384
HEARTS SIX SPADES TWO,0.6646,0.0246,0.3108
CLUBS EIGHT SPADES EIGHT,0.4338,0.0374,0.5288
CLUBS FIVE DIAMONDS SEVEN,0.6318,0.0244,0.3438
DIAMONDS ACE CLUBS KING,0.3758,0.0036,0.6206
SPADES JACK SPADES FOUR,0.4158,0.0152,0.569
CLUBS JACK HEARTS FIVE,0.4464,0.018,0.5356
CLUBS SIX HEARTS TWO,0.6602,0.0252,0.3146
SPADES TEN HEARTS THREE,0.6022,0.1744,0.2234
HEARTS SIX DIAMONDS FOUR,0.644,0.0248,0.3312
HEARTS FOUR SPADES FOUR,0.4646,0.0436,0.4918
CLUBS JACK CLUBS QUEEN,0.3306,0.0098,0.6596
HEARTS FOUR HEARTS QUEEN,0.427,0.0088,0.5642
SPADES THREE HEARTS JACK,0.45,0.0164,0.5336
HEARTS FOUR HEARTS TWO,0.6054,0.0244,0.3702
CLUBS SIX CLUBS FOUR,0.6122,0.0234,0.3644
SPADES TEN SPADES EIGHT,0.5644,0.161,0.2746
HEARTS SEVEN HEARTS TEN,0.5694,0.17,0.2606
DIAMONDS TWO HEARTS FOUR,0.6452,0.0252,0.3296
DIAMONDS FIVE CLUBS QUEEN,0.4456,0.0082,0.5462
SPADES SIX DIAMONDS FIVE,0.6216,0.0272,0.3512
SPADES FIVE HEARTS TEN,0.607,0.1678,0.2252
HEARTS FOUR DIAMONDS KING,0.4408,0.0078,0.5514
CLUBS QUEEN DIAMONDS FOUR,0.4626,0.0114,0.526
SPADES EIGHT DIAMONDS KING,0.4288,0.0064,0.5648
SPADES TWO DIAMONDS SEVEN,0.6798,0.0208,0.2994
CLUBS EIGHT HEARTS THREE,0.702,0.0244,0.2736
CLUBS EIGHT DIAMONDS EIGHT,0.4306,0.0382,0.5312
CLUBS SIX DIAMONDS SEVEN,0.6384,0.0278,0.3338
SPADES QUEEN SPADES SIX,0.4222,0.009,0.5688
SPADES NINE DIAMONDS FOUR,0.7004,0.0812,0.2184
CLUBS EIGHT DIAMONDS ACE,0.4296,0.0026,0.5678
CLUBS SEVEN HEARTS QUEEN,0.4242,0.0086,0.5672
SPADES KING HEARTS TWO,0.4598,0.006,0.5342
DIAMONDS THREE DIAMONDS FIVE,0.593,0.0252,0.3818
HEARTS FIVE SPADES EIGHT,0.6482,0.0238,0.328
HEARTS THREE SPADES THREE,0.4634,0.043,0.4936
HEARTS SEVEN HEARTS SIX,0.603,0.0198,0.3772
SPADES JACK CLUBS QUEEN,0.3474,0.0072,0.6454
CLUBS NINE DIAMONDS FIVE,0.7018,0.0774,0.2208
CLUBS TWO DIAMONDS SIX,0.6516,0.0272,0.3212
CLUBS EIGHT HEARTS QUEEN,0.4158,0.012,0.5722
CLUBS FIVE DIAMONDS ACE,0.4348,0.0044,0.5608
DIAMONDS SEVEN HEARTS JACK,0.4312,0.0144,0.5544
SPADES JACK DIAMONDS SIX,0.4374,0.0132,0.5494
SPADES JACK CLUBS FOUR,0.4488,0.016,0.5352
SPADES NINE DIAMONDS NINE,0.3352,0.0384,0.6264
DIAMONDS TWO SPADES TEN,0.6212,0.1742,0.2046
HEARTS SIX HEARTS THREE,0.6264,0.022,0.3516
SPADES QUEEN DIAMONDS KING,0.345,0.0076,0.6474
CLUBS SIX CLUBS KING,0.414,0.0072,0.5788
HEARTS SIX CLUBS ACE,0.443,0.0034,0.5536
CLUBS TEN CLUBS SEVEN,0.5584,0.1664,0.2752
HEARTS THREE DIAMONDS QUEEN,0.4464,0.0116,0.542
SPADES ACE HEARTS TWO,0.4428,0.004,0.5532
HEARTS SEVEN SPADES THREE,0.6662,0.0226,0.3112
DIAMONDS TWO HEARTS KING,0.4444,0.0078,0.5478
HEARTS THREE DIAMONDS ACE,0.44,0.0048,0.5552
SPADES SEVEN SPADES TWO,0.6316,0.0246,0.3438
DIAMONDS KING CLUBS THREE,0.434,0.0086,0.5574
DIAMONDS TWO SPADES EIGHT,0.6754,0.0202,0.3044
HEARTS FIVE HEARTS FOUR,0.5998,0.0274,0.3728
HEARTS SIX CLUBS KING,0.4466,0.0062,0.5472
CLUBS SEVEN HEARTS THREE,0.6674,0.022,0.3106
CLUBS NINE SPADES TEN,0.0174,0.9616,0.021
SPADES ACE HEARTS TEN,0.266,0.0208,0.7132
HEARTS FOUR SPADES FIVE,0.643,0.0212,0.3358
SPADES KING HEARTS TEN,0.2686,0.0322,0.6992
CLUBS SEVEN CLUBS QUEEN,0.3962,0.013,0.5908
SPADES SEVEN HEARTS JACK,0.4146,0.0186,0.5668
HEARTS FIVE SPADES TEN,0.6088,0.1694,0.2218
CLUBS NINE SPADES JACK,0.2502,0.0576,0.6922
SPADES NINE DIAMONDS SEVEN,0.6872,0.0782,0.2346
DIAMONDS JACK SPADES THREE,0.4396,0.0194,0.541
DIAMONDS JACK HEARTS EIGHT,0.3984,0.0176,0.584
CLUBS FOUR DIAMONDS SEVEN,0.6514,0.0236,0.325
DIAMONDS QUEEN HEARTS EIGHT,0.4014,0.01,0.5886
SPADES EIGHT HEARTS ACE,0.426,0.0038,0.5702
DIAMONDS THREE HEARTS THREE,0.4766,0.0446,0.4788
SPADES ACE DIAMONDS EIGHT,0.4272,0.0046,0.5682
SPADES KING DIAMONDS EIGHT,0.4208,0.0086,0.5706
SPADES SEVEN HEARTS TEN,0.605,0.166,0.229
SPADES QUEEN HEARTS JACK,0.3324,0.0076,0.66
CLUBS SIX SPADES FIVE,0.622,0.0234,0.3546
DIAMONDS THREE CLUBS QUEEN,0.463,0.0126,0.5244
CLUBS EIGHT HEARTS FOUR,0.6692,0.0248,0.306
SPADES ACE DIAMONDS KING,0.3574,0.003,0.6396
HEARTS FOUR CLUBS FIVE,0.6212,0.0232,0.3556
CLUBS FOUR DIAMONDS EIGHT,0.672,0.0296,0.2984
HEARTS FIVE DIAMONDS SIX,0.637,0.0238,0.3392
HEARTS TWO DIAMONDS FOUR,0.6572,0.0262,0.3166
CLUBS JACK HEARTS SIX,0.4408,0.0152,0.544
HEARTS THREE CLUBS KING,0.436,0.0062,0.5578
SPADES QUEEN SPADES SEVEN,0.4066,0.01,0.5834
CLUBS EIGHT SPADES SEVEN,0.6354,0.0236,0.341
DIAMONDS TWO CLUBS KING,0.457,0.0064,0.5366
HEARTS THREE DIAMONDS EIGHT,0.6826,0.0252,0.2922
CLUBS FOUR CLUBS ACE,0.3914,0.0044,0.6042
SPADES JACK SPADES TWO,0.4162,0.0148,0.569
HEARTS FOUR CLUBS SEVEN,0.6472,0.0238,0.329
CLUBS SEVEN DIAMONDS NINE,0.6838,0.0764,0.2398
SPADES ACE CLUBS SEVEN,0.4254,0.0036,0.571
CLUBS FOUR CLUBS THREE,0.5846,0.0258,0.3896
DIAMONDS JACK DIAMONDS EIGHT,0.3882,0.0148,0.597
SPADES SIX DIAMONDS EIGHT,0.6588,0.0244,0.3168
SPADES ACE CLUBS THREE,0.4562,0.0034,0.5404
SPADES FIVE HEARTS KING,0.4436,0.0068,0.5496
HEARTS SIX CLUBS THREE,0.6524,0.022,0.3256
DIAMONDS TWO SPADES NINE,0.7086,0.082,0.2094
HEARTS SIX DIAMONDS NINE,0.6922,0.0786,0.2292
HEARTS FIVE SPADES NINE,0.7012,0.0788,0.22
CLUBS NINE DIAMONDS EIGHT,0.68,0.0798,0.2402
SPADES TEN DIAMONDS KING,0.2672,0.0308,0.702
CLUBS JACK HEARTS QUEEN,0.3288,0.0098,0.6614
CLUBS TEN DIAMONDS EIGHT,0.6154,0.1614,0.2232
HEARTS FOUR HEARTS TEN,0.5862,0.1644,0.2494
CLUBS SEVEN DIAMONDS EIGHT,0.6484,0.0276,0.324
DIAMONDS ACE DIAMONDS EIGHT,0.4124,0.0058,0.5818
CLUBS SIX DIAMONDS FIVE,0.6378,0.0258,0.3364
HEARTS THREE SPADES FIVE,0.6442,0.0232,0.3326
CLUBS EIGHT CLUBS QUEEN,0.3964,0.0142,0.5894
SPADES QUEEN SPADES EIGHT,0.3996,0.0098,0.5906
SPADES SEVEN SPADES FIVE,0.5992,0.0232,0.3776
CLUBS THREE HEARTS EIGHT,0.6678,0.026,0.3062
HEARTS SIX CLUBS TWO,0.6596,0.0276,0.3128
HEARTS FOUR DIAMONDS SEVEN,0.661,0.0268,0.3122
HEARTS SEVEN CLUBS NINE,0.6864,0.0758,0.2378
DIAMONDS JACK CLUBS QUEEN,0.321,0.011,0.668
DIAMONDS EIGHT HEARTS TEN,0.6122,0.1714,0.2164
HEARTS ACE HEARTS QUEEN,0.333,0.0048,0.6622
CLUBS SEVEN HEARTS TWO,0.6644,0.0294,0.3062
CLUBS ACE DIAMONDS FOUR,0.4406,0.005,0.5544
HEARTS SEVEN CLUBS KING,0.429,0.0066,0.5644
DIAMONDS THREE HEARTS QUEEN,0.449,0.0134,0.5376
CLUBS THREE DIAMONDS SEVEN,0.6712,0.0254,0.3034
SPADES SIX HEARTS KING,0.443,0.0064,0.5506
HEARTS FIVE CLUBS SIX,0.6308,0.0216,0.3476
DIAMONDS THREE SPADES KING,0.4494,0.0088,0.5418
CLUBS NINE SPADES FIVE,0.7072,0.0778,0.215
HEARTS FOUR SPADES SEVEN,0.6502,0.025,0.3248
HEARTS TWO CLUBS FOUR,0.6388,0.026,0.3352
HEARTS SEVEN DIAMONDS FIVE,0.6456,0.0252,0.3292
SPADES ACE SPADES JACK,0.3398,0.0036,0.6566
DIAMONDS QUEEN SPADES FOUR,0.4456,0.0114,0.543
CLUBS SEVEN SPADES SEVEN,0.438,0.0366,0.5254
DIAMONDS JACK DIAMONDS NINE,0.2424,0.053,0.7046
DIAMONDS JACK SPADES FOUR,0.4548,0.0166,0.5286
DIAMONDS THREE SPADES QUEEN,0.4514,0.0118,0.5368
SPADES SIX HEARTS ACE,0.424,0.002,0.574
SPADES EIGHT HEARTS KING,0.4234,0.0054,0.5712
SPADES SEVEN DIAMONDS KING,0.4262,0.0078,0.566
DIAMONDS TWO CLUBS NINE,0.7212,0.074,0.2048
HEARTS ACE DIAMONDS FIVE,0.4578,0.0074,0.5348
SPADES FIVE CLUBS QUEEN,0.445,0.0088,0.5462
HEARTS SEVEN SPADES SEVEN,0.4292,0.0436,0.5272
CLUBS JACK HEARTS THREE,0.451,0.0138,0.5352
CLUBS FIVE DIAMONDS FOUR,0.6354,0.0248,0.3398
SPADES SEVEN CLUBS KING,0.439,0.0068,0.5542
SPADES NINE CLUBS TWO,0.694,0.0732,0.2328
HEARTS FOUR DIAMONDS EIGHT,0.6752,0.0256,0.2992
SPADES KING SPADES NINE,0.2704,0.0218,0.7078
CLUBS SIX CLUBS QUEEN,0.419,0.0108,0.5702
CLUBS EIGHT DIAMONDS JACK,0.404,0.0144,0.5816
SPADES EIGHT SPADES FOUR,0.6252,0.0174,0.3574
CLUBS JACK CLUBS FOUR,0.4268,0.016,0.5572
DIAMONDS THREE CLUBS FOUR,0.6392,0.027,0.3338
DIAMONDS THREE SPADES SIX,0.6584,0.0214,0.3202
DIAMONDS KING SPADES FIVE,0.433,0.0078,0.5592
SPADES TEN SPADES THREE,0.5736,0.1552,0.2712
HEARTS SEVEN DIAMONDS NINE,0.6972,0.0708,0.232
CLUBS FIVE SPADES SIX,0.6164,0.0232,0.3604
SPADES THREE SPADES TWO,0.6032,0.0238,0.373
HEARTS FIVE DIAMONDS NINE,0.706,0.0784,0.2156
DIAMONDS KING SPADES THREE,0.4494,0.007,0.5436
HEARTS SEVEN CLUBS FOUR,0.6508,0.0236,0.3256
CLUBS THREE HEARTS JACK,0.4478,0.0164,0.5358
SPADES EIGHT CLUBS FOUR,0.6732,0.0202,0.3066
HEARTS QUEEN CLUBS ACE,0.3722,0.0032,0.6246
CLUBS JACK CLUBS TWO,0.4216,0.0176,0.5608
DIAMONDS QUEEN DIAMONDS JACK,0.3234,0.0094,0.6672
HEARTS ACE SPADES TWO,0.428,0.0068,0.5652
HEARTS SEVEN HEARTS KING,0.414,0.0058,0.5802
CLUBS TEN CLUBS KING,0.2576,0.0336,0.7088
SPADES TEN DIAMONDS ACE,0.2636,0.022,0.7144
HEARTS FIVE DIAMONDS ACE,0.4382,0.0066,0.5552
DIAMONDS NINE DIAMONDS EIGHT,0.6552,0.072,0.2728
SPADES NINE DIAMONDS KING,0.2956,0.0286,0.6758
SPADES KING SPADES THREE,0.4314,0.0074,0.5612
HEARTS TEN DIAMONDS FOUR,0.6226,0.1642,0.2132
CLUBS TEN HEARTS SIX,0.613,0.1656,0.2214
SPADES TEN CLUBS THREE,0.6012,0.1686,0.2302
CLUBS EIGHT HEARTS EIGHT,0.428,0.0428,0.5292
HEARTS FIVE CLUBS THREE,0.6196,0.0278,0.3526
CLUBS FIVE SPADES FOUR,0.617,0.026,0.357
SPADES SIX CLUBS KING,0.4434,0.0068,0.5498
HEARTS KING DIAMONDS FIVE,0.4454,0.0066,0.548
DIAMONDS KING DIAMONDS FOUR,0.429,0.0056,0.5654
HEARTS ACE DIAMONDS EIGHT,0.408,0.0042,0.5878
SPADES KING DIAMONDS SIX,0.4456,0.0058,0.5486
DIAMONDS THREE HEARTS FOUR,0.6528,0.0266,0.3206
CLUBS EIGHT HEARTS TEN,0.6046,0.1618,0.2336
SPADES FOUR SPADES TWO,0.5976,0.0218,0.3806
HEARTS QUEEN CLUBS QUEEN,0.166,0.0146,0.8194
CLUBS NINE CLUBS FOUR,0.659,0.0678,0.2732
SPADES SIX CLUBS TWO,0.6666,0.0214,0.312
CLUBS FIVE DIAMONDS JACK,0.44,0.014,0.546
HEARTS JACK CLUBS QUEEN,0.3464,0.011,0.6426
HEARTS SEVEN DIAMONDS SIX,0.6452,0.025,0.3298
SPADES ACE SPADES NINE,0.2822,0.0156,0.7022
HEARTS SIX CLUBS SEVEN,0.6354,0.024,0.3406
CLUBS TWO SPADES TWO,0.46,0.0416,0.4984
SPADES SEVEN HEARTS ACE,0.422,0.0026,0.5754
CLUBS NINE HEARTS QUEEN,0.27,0.0426,0.6874
DIAMONDS ACE SPADES FIVE,0.4406,0.0028,0.5566
SPADES TEN SPADES TWO,0.5812,0.1566,0.2622
DIAMONDS KING HEARTS JACK,0.3508,0.0054,0.6438
CLUBS TEN SPADES TEN,0.1456,0.0466,0.8078
SPADES QUEEN SPADES TWO,0.4212,0.0092,0.5696
SPADES TEN DIAMONDS FOUR,0.6138,0.1642,0.222
SPADES SIX DIAMONDS SIX,0.4356,0.0448,0.5196
DIAMONDS QUEEN SPADES THREE,0.4556,0.0106,0.5338
CLUBS EIGHT CLUBS KING,0.4042,0.0062,0.5896
CLUBS TEN CLUBS FIVE,0.5624,0.159,0.2786
SPADES SIX HEARTS QUEEN,0.4294,0.01,0.5606
CLUBS FOUR HEARTS KING,0.4468,0.0074,0.5458
HEARTS SIX HEARTS QUEEN,0.4198,0.0116,0.5686
SPADES ACE DIAMONDS TWO,0.4512,0.0038,0.545
HEARTS SIX HEARTS JACK,0.4154,0.013,0.5716
SPADES SEVEN HEARTS KING,0.427,0.007,0.566
CLUBS NINE SPADES TWO,0.7004,0.0752,0.2244
SPADES QUEEN DIAMONDS FIVE,0.458,0.0104,0.5316
DIAMONDS NINE DIAMONDS SIX,0.6668,0.0712,0.262
SPADES KING DIAMONDS QUEEN,0.357,0.0062,0.6368
SPADES KING CLUBS SEVEN,0.4314,0.0048,0.5638
CLUBS TEN HEARTS FIVE,0.608,0.1756,0.2164
DIAMONDS ACE CLUBS TWO,0.4336,0.0066,0.5598
SPADES TWO HEARTS JACK,0.458,0.017,0.525
SPADES KING CLUBS KING,0.178,0.009,0.813
SPADES QUEEN HEARTS THREE,0.462,0.0098,0.5282
CLUBS NINE SPADES SEVEN,0.6916,0.0694,0.239
DIAMONDS JACK SPADES TWO,0.4364,0.0216,0.542
SPADES SEVEN HEARTS EIGHT,0.6444,0.0226,0.333
CLUBS NINE CLUBS SEVEN,0.6414,0.0722,0.2864
HEARTS FIVE HEARTS ACE,0.4196,0.0054,0.575
HEARTS TWO DIAMONDS ACE,0.4436,0.0054,0.551
HEARTS TWO HEARTS KING,0.4286,0.0056,0.5658
CLUBS SIX SPADES SIX,0.4544,0.0384,0.5072
SPADES QUEEN DIAMONDS JACK,0.3458,0.009,0.6452
SPADES JACK SPADES FIVE,0.419,0.0168,0.5642
CLUBS JACK SPADES TEN,0.2404,0.057,0.7026
CLUBS TEN DIAMONDS FIVE,0.61,0.172,0.218
DIAMONDS QUEEN DIAMONDS SEVEN,0.4234,0.0144,0.5622
HEARTS FOUR SPADES TWO,0.6554,0.027,0.3176
DIAMONDS ACE HEARTS QUEEN,0.3532,0.0042,0.6426
SPADES FIVE HEARTS EIGHT,0.6534,0.0238,0.3228
DIAMONDS NINE HEARTS EIGHT,0.6988,0.074,0.2272
CLUBS SEVEN DIAMONDS SIX,0.6346,0.0222,0.3432
SPADES JACK HEARTS KING,0.3592,0.0054,0.6354
CLUBS SIX CLUBS FIVE,0.5856,0.0226,0.3918
DIAMONDS ACE DIAMONDS QUEEN,0.3466,0.0048,0.6486
HEARTS ACE SPADES THREE,0.4364,0.005,0.5586
HEARTS SIX HEARTS TEN,0.5692,0.1692,0.2616
CLUBS SIX HEARTS KING,0.4338,0.007,0.5592
SPADES SEVEN DIAMONDS FOUR,0.6602,0.0232,0.3166
DIAMONDS ACE SPADES THREE,0.4432,0.0056,0.5512
HEARTS THREE CLUBS QUEEN,0.4548,0.012,0.5332
CLUBS TWO SPADES FOUR,0.6384,0.0232,0.3384
CLUBS FIVE HEARTS ACE,0.4392,0.0038,0.557
DIAMONDS KING CLUBS TWO,0.4398,0.0068,0.5534
SPADES QUEEN HEARTS QUEEN,0.1776,0.0166,0.8058
SPADES QUEEN DIAMONDS EIGHT,0.4192,0.009,0.5718
CLUBS SEVEN SPADES FOUR,0.6568,0.0214,0.3218
SPADES TEN SPADES NINE,0.02,0.9056,0.0744
DIAMONDS KING DIAMONDS JACK,0.3268,0.0066,0.6666
SPADES FIVE HEARTS ACE,0.4526,0.003,0.5444
HEARTS FOUR HEARTS THREE,0.605,0.0224,0.3726
CLUBS TEN HEARTS JACK,0.254,0.0498,0.6962
SPADES FIVE SPADES TWO,0.6034,0.0232,0.3734
CLUBS TEN HEARTS ACE,0.2582,0.0206,0.7212
SPADES ACE SPADES KING,0.3474,0.0036,0.649
SPADES ACE HEARTS THREE,0.4396,0.003,0.5574
CLUBS THREE SPADES FIVE,0.6246,0.0266,0.3488
HEARTS FIVE CLUBS KING,0.4656,0.0094,0.525
CLUBS SIX HEARTS EIGHT,0.6506,0.0286,0.3208
SPADES SIX HEARTS TEN,0.5874,0.1824,0.2302
SPADES ACE SPADES FOUR,0.4182,0.002,0.5798
SPADES ACE SPADES SEVEN,0.4112,0.0028,0.586
CLUBS TWO HEARTS KING,0.4398,0.0076,0.5526
DIAMONDS NINE DIAMONDS SEVEN,0.6482,0.0778,0.274
CLUBS JACK DIAMONDS QUEEN,0.3226,0.0094,0.668
CLUBS TEN DIAMONDS NINE,0.021,0.9694,0.0096
HEARTS FIVE HEARTS THREE,0.6076,0.0198,0.3726
HEARTS SIX SPADES SEVEN,0.6358,0.0218,0.3424
CLUBS SIX HEARTS QUEEN,0.4284,0.0106,0.561
CLUBS THREE DIAMONDS NINE,0.6934,0.085,0.2216
CLUBS SEVEN SPADES EIGHT,0.6246,0.0218,0.3536
CLUBS JACK CLUBS TEN,0.2322,0.0548,0.713
SPADES TEN DIAMONDS JACK,0.2466,0.0578,0.6956
SPADES ACE CLUBS EIGHT,0.433,0.0032,0.5638
SPADES FIVE CLUBS KING,0.4498,0.0088,0.5414
CLUBS THREE DIAMONDS QUEEN,0.4452,0.011,0.5438
DIAMONDS TWO CLUBS THREE,0.644,0.0238,0.3322
DIAMONDS THREE DIAMONDS SEVEN,0.6552,0.0244,0.3204
CLUBS JACK HEARTS KING,0.3672,0.0054,0.6274
DIAMONDS JACK DIAMONDS SEVEN,0.4126,0.0172,0.5702
HEARTS KING CLUBS KING,0.1758,0.0076,0.8166
CLUBS EIGHT CLUBS ACE,0.4022,0.0038,0.594
CLUBS TEN SPADES THREE,0.6044,0.163,0.2326
DIAMONDS TWO HEARTS FIVE,0.6574,0.022,0.3206
CLUBS EIGHT CLUBS FIVE,0.6152,0.0232,0.3616
CLUBS SEVEN SPADES FIVE,0.6296,0.0224,0.348
HEARTS FOUR HEARTS ACE,0.4166,0.0042,0.5792
SPADES KING DIAMONDS JACK,0.3472,0.0058,0.647
SPADES EIGHT SPADES THREE,0.632,0.0196,0.3484
CLUBS JACK DIAMONDS TWO,0.4504,0.0168,0.5328
HEARTS TWO SPADES EIGHT,0.686,0.0222,0.2918
