opposingHand,winningChance,drawChance,lostChance
DIAMONDS JACK DIAMONDS SIX
HEARTS EIGHT HEARTS FOUR,0.5954,0.0198,0.3848
CLUBS THREE SPADES FIVE,0.653,0.016,0.331
HEARTS FOUR SPADES TWO,0.6524,0.018,0.3296
DIAMONDS NINE CLUBS KING,0.386,0.0094,0.6046
SPADES FIVE DIAMONDS NINE,0.628,0.0164,0.3556
CLUBS TWO HEARTS NINE,0.6554,0.0164,0.3282
DIAMONDS ACE HEARTS ACE,0.156,0.004,0.84
HEARTS QUEEN DIAMONDS EIGHT,0.382,0.0094,0.6086
HEARTS SEVEN SPADES FOUR,0.629,0.0172,0.3538
SPADES ACE CLUBS EIGHT,0.3858,0.0034,0.6108
SPADES SIX HEARTS ACE,0.2848,0.0244,0.6908
SPADES ACE SPADES KING,0.3432,0.0042,0.6526
HEARTS FOUR HEARTS THREE,0.6046,0.021,0.3744
DIAMONDS NINE HEARTS JACK,0.2616,0.161,0.5774
HEARTS THREE CLUBS THREE,0.4382,0.0398,0.522
HEARTS FIVE HEARTS TWO,0.627,0.0206,0.3524
DIAMONDS KING DIAMONDS EIGHT,0.3328,0.0088,0.6584
SPADES ACE SPADES TEN,0.371,0.0052,0.6238
HEARTS ACE HEARTS KING,0.3512,0.006,0.6428
DIAMONDS KING CLUBS TWO,0.4328,0.0102,0.557
HEARTS THREE HEARTS NINE,0.6072,0.0164,0.3764
SPADES KING CLUBS NINE,0.3768,0.0078,0.6154
DIAMONDS EIGHT DIAMONDS FIVE,0.6142,0.0184,0.3674
CLUBS TEN HEARTS NINE,0.5704,0.0168,0.4128
CLUBS NINE CLUBS ACE,0.3694,0.0054,0.6252
CLUBS ACE HEARTS JACK,0.2686,0.0222,0.7092
HEARTS FIVE DIAMONDS QUEEN,0.412,0.0094,0.5786
SPADES SIX DIAMONDS FIVE,0.671,0.061,0.268
SPADES SIX SPADES FIVE,0.631,0.0526,0.3164
SPADES ACE DIAMONDS EIGHT,0.3838,0.005,0.6112
HEARTS KING HEARTS NINE,0.3638,0.0062,0.63
CLUBS KING CLUBS QUEEN,0.3286,0.0076,0.6638
CLUBS SEVEN HEARTS TWO,0.6544,0.0192,0.3264
DIAMONDS EIGHT CLUBS ACE,0.3862,0.0066,0.6072
HEARTS FOUR DIAMONDS SEVEN,0.616,0.021,0.363
SPADES QUEEN CLUBS ACE,0.361,0.003,0.636
SPADES JACK SPADES FIVE,0.3952,0.3464,0.2584
HEARTS FOUR HEARTS TWO,0.6066,0.0188,0.3746
DIAMONDS ACE DIAMONDS FIVE,0.373,0.005,0.622
HEARTS ACE DIAMONDS SEVEN,0.3838,0.005,0.6112
HEARTS SIX HEARTS FOUR,0.6316,0.0632,0.3052
SPADES NINE CLUBS FIVE,0.642,0.0168,0.3412
SPADES THREE CLUBS ACE,0.4274,0.0046,0.568
SPADES TWO HEARTS TEN,0.6516,0.017,0.3314
SPADES QUEEN CLUBS SIX,0.2768,0.042,0.6812
CLUBS FOUR SPADES SIX,0.6818,0.059,0.2592
SPADES TEN DIAMONDS ACE,0.3848,0.0038,0.6114
HEARTS THREE HEARTS ACE,0.395,0.0052,0.5998
CLUBS FOUR HEARTS KING,0.4254,0.0074,0.5672
DIAMONDS NINE HEARTS TEN,0.5704,0.0154,0.4142
HEARTS EIGHT SPADES FIVE,0.6196,0.018,0.3624
DIAMONDS EIGHT HEARTS JACK,0.2542,0.2138,0.532
DIAMONDS TEN HEARTS KING,0.3768,0.0088,0.6144
CLUBS EIGHT DIAMONDS EIGHT,0.3226,0.0298,0.6476
SPADES TEN DIAMONDS FIVE,0.638,0.017,0.345
CLUBS TWO HEARTS QUEEN,0.4516,0.0114,0.537
HEARTS FOUR SPADES SIX,0.6884,0.0596,0.252
CLUBS EIGHT CLUBS KING,0.3774,0.006,0.6166
DIAMONDS KING SPADES TWO,0.4146,0.0092,0.5762
HEARTS FIVE CLUBS ACE,0.441,0.0046,0.5544
CLUBS SIX CLUBS ACE,0.2712,0.0218,0.707
SPADES KING SPADES JACK,0.2504,0.0262,0.7234
SPADES ACE SPADES FOUR,0.409,0.005,0.586
DIAMONDS THREE SPADES TWO,0.6514,0.02,0.3286
SPADES EIGHT SPADES SIX,0.6388,0.0562,0.305
SPADES ACE SPADES SIX,0.2644,0.0234,0.7122
SPADES ACE CLUBS QUEEN,0.3732,0.0048,0.622
SPADES NINE CLUBS TWO,0.6386,0.0174,0.344
SPADES SEVEN DIAMONDS TEN,0.6012,0.0156,0.3832
CLUBS JACK DIAMONDS ACE,0.2502,0.0212,0.7286
CLUBS FOUR CLUBS ACE,0.4064,0.0042,0.5894
CLUBS TEN CLUBS SEVEN,0.5672,0.0128,0.42
HEARTS ACE HEARTS NINE,0.3856,0.0044,0.61
CLUBS JACK CLUBS FIVE,0.4132,0.33,0.2568
SPADES THREE CLUBS QUEEN,0.4302,0.0098,0.56
SPADES SIX HEARTS QUEEN,0.2846,0.0474,0.668
CLUBS EIGHT CLUBS ACE,0.3618,0.0044,0.6338
CLUBS NINE HEARTS JACK,0.2742,0.1584,0.5674
DIAMONDS TWO HEARTS TEN,0.6398,0.0162,0.344
CLUBS FIVE HEARTS QUEEN,0.421,0.0108,0.5682
HEARTS KING HEARTS JACK,0.264,0.028,0.708
CLUBS SIX DIAMONDS SEVEN,0.6774,0.052,0.2706
HEARTS FOUR HEARTS TEN,0.5962,0.0186,0.3852
CLUBS JACK HEARTS KING,0.271,0.0258,0.7032
HEARTS EIGHT CLUBS NINE,0.5798,0.0154,0.4048
CLUBS JACK DIAMONDS SEVEN,0.264,0.2628,0.4732
HEARTS SIX SPADES TEN,0.7026,0.053,0.2444
HEARTS FIVE SPADES TEN,0.6478,0.0154,0.3368
HEARTS FOUR CLUBS ACE,0.4212,0.0048,0.574
CLUBS TEN DIAMONDS TEN,0.3158,0.0242,0.66
CLUBS SEVEN DIAMONDS EIGHT,0.5802,0.0142,0.4056
DIAMONDS THREE CLUBS ACE,0.4154,0.0044,0.5802
CLUBS TEN CLUBS ACE,0.3682,0.0048,0.627
DIAMONDS ACE HEARTS KING,0.34,0.0046,0.6554
SPADES JACK DIAMONDS ACE,0.2542,0.0192,0.7266
DIAMONDS THREE CLUBS FIVE,0.63,0.023,0.347
CLUBS SEVEN HEARTS ACE,0.3926,0.0042,0.6032
HEARTS TWO SPADES TWO,0.4388,0.0494,0.5118
HEARTS TWO DIAMONDS ACE,0.4112,0.0052,0.5836
HEARTS SEVEN HEARTS FIVE,0.5694,0.0168,0.4138
SPADES QUEEN SPADES FIVE,0.3984,0.0106,0.591
HEARTS THREE DIAMONDS KING,0.427,0.0076,0.5654
SPADES ACE HEARTS QUEEN,0.3728,0.0044,0.6228
CLUBS FIVE HEARTS JACK,0.4148,0.3754,0.2098
SPADES QUEEN CLUBS SEVEN,0.4118,0.0098,0.5784
DIAMONDS NINE DIAMONDS FOUR,0.6448,0.017,0.3382
DIAMONDS THREE CLUBS SEVEN,0.6412,0.0186,0.3402
SPADES THREE HEARTS KING,0.442,0.009,0.549
CLUBS JACK DIAMONDS TWO,0.417,0.3782,0.2048
HEARTS SIX CLUBS SIX,0.3358,0.0374,0.6268
SPADES QUEEN HEARTS FOUR,0.4136,0.0122,0.5742
HEARTS EIGHT DIAMONDS TWO,0.632,0.0226,0.3454
SPADES KING HEARTS SIX,0.2858,0.035,0.6792
SPADES QUEEN SPADES SEVEN,0.375,0.007,0.618
CLUBS SEVEN CLUBS FOUR,0.5942,0.0198,0.386
DIAMONDS ACE HEARTS NINE,0.3748,0.0044,0.6208
DIAMONDS KING HEARTS KING,0.164,0.0066,0.8294
CLUBS TWO DIAMONDS NINE,0.6374,0.0162,0.3464
CLUBS FIVE SPADES SIX,0.6686,0.059,0.2724
HEARTS THREE DIAMONDS TEN,0.6336,0.0166,0.3498
HEARTS SEVEN HEARTS THREE,0.5998,0.0164,0.3838
DIAMONDS KING DIAMONDS NINE,0.3266,0.0084,0.665
CLUBS EIGHT DIAMONDS FOUR,0.6284,0.0186,0.353
DIAMONDS THREE SPADES KING,0.4346,0.0076,0.5578
SPADES NINE CLUBS ACE,0.4022,0.0028,0.595
CLUBS JACK CLUBS FOUR,0.4078,0.3378,0.2544
SPADES ACE DIAMONDS NINE,0.3782,0.0066,0.6152
HEARTS FOUR CLUBS QUEEN,0.4362,0.0114,0.5524
HEARTS SIX DIAMONDS EIGHT,0.6692,0.0588,0.272
SPADES THREE HEARTS QUEEN,0.433,0.0128,0.5542
DIAMONDS THREE SPADES FIVE,0.6456,0.0192,0.3352
SPADES QUEEN CLUBS EIGHT,0.384,0.0106,0.6054
SPADES NINE HEARTS QUEEN,0.3908,0.0084,0.6008
SPADES FOUR HEARTS QUEEN,0.4334,0.0108,0.5558
SPADES JACK HEARTS QUEEN,0.276,0.0404,0.6836
CLUBS SIX HEARTS ACE,0.2926,0.027,0.6804
HEARTS QUEEN DIAMONDS SEVEN,0.3876,0.012,0.6004
CLUBS THREE SPADES THREE,0.4346,0.0444,0.521
HEARTS FIVE CLUBS TWO,0.654,0.0178,0.3282
HEARTS QUEEN HEARTS JACK,0.2594,0.039,0.7016
SPADES ACE DIAMONDS THREE,0.4222,0.0058,0.572
HEARTS FIVE SPADES NINE,0.6256,0.0154,0.359
SPADES SEVEN CLUBS ACE,0.405,0.003,0.592
HEARTS QUEEN CLUBS ACE,0.3498,0.005,0.6452
SPADES JACK CLUBS ACE,0.2856,0.0236,0.6908
CLUBS FOUR DIAMONDS FOUR,0.429,0.0408,0.5302
HEARTS FIVE HEARTS KING,0.4042,0.009,0.5868
CLUBS NINE SPADES TEN,0.567,0.0146,0.4184
CLUBS NINE HEARTS FIVE,0.6288,0.0178,0.3534
HEARTS KING DIAMONDS EIGHT,0.3966,0.0078,0.5956
CLUBS SIX SPADES EIGHT,0.6794,0.0552,0.2654
CLUBS NINE DIAMONDS NINE,0.3226,0.0268,0.6506
CLUBS TWO SPADES FOUR,0.6666,0.0198,0.3136
HEARTS FIVE DIAMONDS KING,0.4232,0.0088,0.568
CLUBS NINE SPADES NINE,0.312,0.027,0.661
SPADES SEVEN HEARTS KING,0.4004,0.0056,0.594
SPADES SEVEN CLUBS QUEEN,0.407,0.0118,0.5812
HEARTS SEVEN CLUBS KING,0.3932,0.0072,0.5996
SPADES JACK DIAMONDS KING,0.2614,0.0314,0.7072
DIAMONDS TWO SPADES EIGHT,0.6398,0.019,0.3412
CLUBS JACK SPADES THREE,0.421,0.3678,0.2112
DIAMONDS THREE CLUBS QUEEN,0.4264,0.0108,0.5628
SPADES JACK HEARTS ACE,0.2814,0.017,0.7016
SPADES TEN HEARTS TEN,0.3008,0.0224,0.6768
CLUBS TWO CLUBS ACE,0.419,0.0056,0.5754
HEARTS EIGHT SPADES FOUR,0.6214,0.019,0.3596
CLUBS JACK SPADES FIVE,0.4128,0.3716,0.2156
SPADES FIVE HEARTS ACE,0.421,0.0026,0.5764
HEARTS EIGHT SPADES SEVEN,0.5776,0.0188,0.4036
SPADES TEN HEARTS JACK,0.2716,0.1112,0.6172
HEARTS EIGHT CLUBS SIX,0.6834,0.0444,0.2722
SPADES TEN SPADES THREE,0.6158,0.0164,0.3678
HEARTS FOUR HEARTS QUEEN,0.4182,0.01,0.5718
DIAMONDS TEN HEARTS TEN,0.3126,0.0218,0.6656
CLUBS JACK CLUBS SIX,0.0712,0.8592,0.0696
HEARTS SIX DIAMONDS TEN,0.6974,0.0526,0.25
CLUBS EIGHT HEARTS THREE,0.6552,0.0166,0.3282
DIAMONDS THREE CLUBS THREE,0.424,0.0466,0.5294
HEARTS SIX SPADES TWO,0.7134,0.0578,0.2288
HEARTS SEVEN DIAMONDS QUEEN,0.381,0.0102,0.6088
SPADES ACE DIAMONDS SEVEN,0.3828,0.0052,0.612
CLUBS JACK CLUBS KING,0.2578,0.0258,0.7164
DIAMONDS TWO DIAMONDS FIVE,0.6394,0.0218,0.3388
DIAMONDS ACE HEARTS QUEEN,0.3428,0.0062,0.651
SPADES SIX DIAMONDS SEVEN,0.6692,0.0552,0.2756
CLUBS KING HEARTS TEN,0.3868,0.0036,0.6096
HEARTS ACE HEARTS TEN,0.3758,0.0052,0.619
SPADES QUEEN DIAMONDS FIVE,0.4296,0.0092,0.5612
SPADES THREE DIAMONDS FOUR,0.633,0.0208,0.3462
HEARTS SEVEN HEARTS KING,0.3736,0.0072,0.6192
DIAMONDS TWO HEARTS SIX,0.711,0.06,0.229
HEARTS TWO DIAMONDS SEVEN,0.6488,0.018,0.3332
HEARTS SIX DIAMONDS NINE,0.6764,0.0644,0.2592
SPADES EIGHT CLUBS KING,0.4016,0.0072,0.5912
SPADES NINE SPADES FOUR,0.6078,0.017,0.3752
CLUBS TEN DIAMONDS FOUR,0.6328,0.0186,0.3486
CLUBS THREE CLUBS ACE,0.4074,0.0062,0.5864
SPADES SEVEN HEARTS JACK,0.269,0.2758,0.4552
SPADES JACK SPADES NINE,0.2592,0.1508,0.59
HEARTS FIVE SPADES EIGHT,0.6276,0.0172,0.3552
DIAMONDS NINE HEARTS NINE,0.3172,0.029,0.6538
HEARTS SEVEN HEARTS JACK,0.2554,0.2582,0.4864
CLUBS FIVE DIAMONDS KING,0.4208,0.0088,0.5704
SPADES KING DIAMONDS FIVE,0.42,0.0072,0.5728
HEARTS EIGHT CLUBS TWO,0.6324,0.0198,0.3478
HEARTS SEVEN DIAMONDS FOUR,0.621,0.0186,0.3604
CLUBS SIX SPADES SEVEN,0.6772,0.052,0.2708
DIAMONDS QUEEN HEARTS KING,0.3384,0.0066,0.655
DIAMONDS EIGHT CLUBS QUEEN,0.3762,0.0086,0.6152
HEARTS TEN HEARTS NINE,0.519,0.015,0.466
SPADES SEVEN DIAMONDS ACE,0.3638,0.005,0.6312
DIAMONDS TWO DIAMONDS KING,0.3848,0.0088,0.6064
SPADES SEVEN DIAMONDS EIGHT,0.5722,0.0138,0.414
DIAMONDS EIGHT DIAMONDS SEVEN,0.5598,0.0202,0.42
HEARTS THREE CLUBS FIVE,0.6338,0.0202,0.346
CLUBS EIGHT CLUBS FOUR,0.5936,0.0186,0.3878
CLUBS FOUR CLUBS THREE,0.6084,0.0162,0.3754
DIAMONDS KING HEARTS ACE,0.3594,0.005,0.6356
CLUBS TEN SPADES NINE,0.5596,0.0156,0.4248
CLUBS FOUR HEARTS QUEEN,0.4266,0.0116,0.5618
CLUBS FIVE DIAMONDS QUEEN,0.4128,0.011,0.5762
DIAMONDS KING HEARTS JACK,0.264,0.0278,0.7082
HEARTS THREE SPADES FOUR,0.6518,0.0194,0.3288
CLUBS FIVE SPADES FIVE,0.439,0.0428,0.5182
SPADES NINE SPADES THREE,0.6074,0.0178,0.3748
HEARTS EIGHT CLUBS THREE,0.6466,0.0186,0.3348
HEARTS FOUR CLUBS FIVE,0.6208,0.0178,0.3614
SPADES SIX DIAMONDS KING,0.2646,0.0356,0.6998
CLUBS SEVEN DIAMONDS KING,0.3902,0.0074,0.6024
HEARTS QUEEN DIAMONDS FIVE,0.4298,0.0138,0.5564
CLUBS JACK SPADES NINE,0.2776,0.149,0.5734
CLUBS SIX SPADES FIVE,0.6656,0.0548,0.2796
CLUBS JACK CLUBS TWO,0.4052,0.3432,0.2516
HEARTS SIX SPADES SEVEN,0.669,0.0582,0.2728
SPADES KING DIAMONDS EIGHT,0.4042,0.0064,0.5894
HEARTS SEVEN CLUBS TWO,0.6674,0.0172,0.3154
HEARTS EIGHT SPADES NINE,0.5744,0.0172,0.4084
CLUBS EIGHT HEARTS TWO,0.644,0.02,0.336
CLUBS NINE HEARTS QUEEN,0.3816,0.0108,0.6076
HEARTS TWO DIAMONDS QUEEN,0.4264,0.0122,0.5614
SPADES SEVEN DIAMONDS QUEEN,0.3836,0.0122,0.6042
HEARTS KING DIAMONDS NINE,0.3726,0.0068,0.6206
DIAMONDS TWO CLUBS FIVE,0.6464,0.022,0.3316
DIAMONDS THREE DIAMONDS FIVE,0.6328,0.0204,0.3468
CLUBS EIGHT DIAMONDS SEVEN,0.584,0.0208,0.3952
HEARTS SEVEN HEARTS FOUR,0.58,0.0154,0.4046
DIAMONDS THREE SPADES TEN,0.6342,0.0148,0.351
HEARTS SIX SPADES NINE,0.6954,0.0558,0.2488
SPADES THREE DIAMONDS FIVE,0.6388,0.0202,0.341
CLUBS JACK HEARTS JACK,0.1436,0.0414,0.815
CLUBS FOUR DIAMONDS ACE,0.4206,0.0066,0.5728
DIAMONDS TEN DIAMONDS SEVEN,0.5906,0.0174,0.392
HEARTS ACE CLUBS ACE,0.178,0.0022,0.8198
SPADES KING CLUBS KING,0.1882,0.0074,0.8044
CLUBS SIX HEARTS JACK,0.0678,0.9122,0.02
DIAMONDS EIGHT HEARTS NINE,0.5798,0.0152,0.405
DIAMONDS KING SPADES FIVE,0.4184,0.0086,0.573
SPADES ACE SPADES QUEEN,0.3398,0.005,0.6552
DIAMONDS KING SPADES THREE,0.426,0.0058,0.5682
CLUBS JACK HEARTS THREE,0.427,0.362,0.211
CLUBS TWO DIAMONDS FIVE,0.6412,0.0208,0.338
SPADES FOUR HEARTS ACE,0.4322,0.0054,0.5624
HEARTS TWO HEARTS TEN,0.6138,0.0178,0.3684
SPADES THREE DIAMONDS EIGHT,0.6534,0.0216,0.325
CLUBS THREE DIAMONDS FIVE,0.6354,0.0174,0.3472
HEARTS KING DIAMONDS FIVE,0.4162,0.0078,0.576
CLUBS JACK SPADES QUEEN,0.2814,0.0354,0.6832
CLUBS SIX SPADES FOUR,0.6928,0.0624,0.2448
CLUBS FOUR CLUBS QUEEN,0.4042,0.0106,0.5852
DIAMONDS THREE HEARTS NINE,0.6306,0.0158,0.3536
SPADES SEVEN HEARTS QUEEN,0.3822,0.009,0.6088
SPADES JACK DIAMONDS QUEEN,0.2592,0.0444,0.6964
HEARTS EIGHT SPADES EIGHT,0.3302,0.0338,0.636
CLUBS ACE HEARTS TEN,0.3868,0.0036,0.6096
CLUBS TWO CLUBS QUEEN,0.414,0.0118,0.5742
HEARTS FOUR DIAMONDS FOUR,0.4422,0.0372,0.5206
CLUBS SIX CLUBS FIVE,0.6368,0.0518,0.3114
SPADES QUEEN DIAMONDS QUEEN,0.178,0.0104,0.8116
DIAMONDS QUEEN CLUBS ACE,0.347,0.0056,0.6474
CLUBS JACK DIAMONDS FIVE,0.4124,0.3726,0.215
CLUBS FIVE SPADES FOUR,0.6252,0.0184,0.3564
SPADES ACE DIAMONDS TEN,0.3718,0.0066,0.6216
SPADES TEN SPADES FIVE,0.6022,0.0178,0.38
DIAMONDS TWO SPADES QUEEN,0.4358,0.0114,0.5528
SPADES TWO HEARTS NINE,0.657,0.0208,0.3222
SPADES EIGHT HEARTS KING,0.4034,0.0076,0.589
HEARTS SIX HEARTS NINE,0.6556,0.0516,0.2928
HEARTS EIGHT CLUBS FIVE,0.6182,0.0158,0.366
SPADES ACE CLUBS SIX,0.2854,0.0264,0.6882
SPADES JACK CLUBS KING,0.2702,0.0284,0.7014
HEARTS EIGHT CLUBS ACE,0.3848,0.0048,0.6104
HEARTS SEVEN HEARTS TWO,0.6164,0.0188,0.3648
HEARTS EIGHT SPADES QUEEN,0.39,0.0116,0.5984
CLUBS JACK SPADES SEVEN,0.2684,0.2692,0.4624
HEARTS THREE CLUBS KING,0.4464,0.006,0.5476
HEARTS FIVE DIAMONDS FOUR,0.6212,0.0242,0.3546
HEARTS TWO SPADES SEVEN,0.6578,0.0184,0.3238
SPADES SIX CLUBS ACE,0.2758,0.025,0.6992
CLUBS JACK SPADES JACK,0.138,0.0354,0.8266
SPADES TEN DIAMONDS SEVEN,0.5956,0.0152,0.3892
CLUBS JACK SPADES TWO,0.4314,0.358,0.2106
SPADES NINE HEARTS ACE,0.4,0.003,0.597
SPADES SIX SPADES THREE,0.6578,0.0594,0.2828
SPADES JACK CLUBS SIX,0.079,0.9024,0.0186
DIAMONDS THREE SPADES FOUR,0.6262,0.022,0.3518
HEARTS FOUR HEARTS ACE,0.3844,0.0066,0.609
HEARTS THREE DIAMONDS ACE,0.4206,0.0056,0.5738
HEARTS SEVEN SPADES JACK,0.2746,0.2826,0.4428
HEARTS EIGHT DIAMONDS ACE,0.3862,0.0042,0.6096
DIAMONDS THREE HEARTS SIX,0.6894,0.0668,0.2438
SPADES KING CLUBS TWO,0.437,0.0068,0.5562
SPADES SEVEN HEARTS ACE,0.4028,0.0026,0.5946
SPADES SIX DIAMONDS QUEEN,0.2702,0.0442,0.6856
SPADES FOUR DIAMONDS TEN,0.6338,0.0208,0.3454
SPADES THREE DIAMONDS SEVEN,0.626,0.0208,0.3532
SPADES TWO CLUBS ACE,0.4288,0.005,0.5662
HEARTS FIVE SPADES FOUR,0.6402,0.0226,0.3372
SPADES QUEEN SPADES TEN,0.3472,0.0092,0.6436
CLUBS NINE CLUBS QUEEN,0.367,0.0108,0.6222
SPADES FIVE HEARTS KING,0.419,0.0066,0.5744
CLUBS THREE CLUBS KING,0.4118,0.0088,0.5794
CLUBS TEN DIAMONDS FIVE,0.6404,0.0188,0.3408
HEARTS SIX CLUBS EIGHT,0.6806,0.0522,0.2672
CLUBS FOUR SPADES TWO,0.6606,0.0238,0.3156
SPADES THREE DIAMONDS NINE,0.6366,0.0182,0.3452
DIAMONDS THREE SPADES JACK,0.4228,0.3678,0.2094
SPADES QUEEN HEARTS ACE,0.3552,0.0026,0.6422
SPADES QUEEN HEARTS QUEEN,0.186,0.011,0.803
SPADES FIVE SPADES THREE,0.6038,0.0168,0.3794
SPADES TWO CLUBS QUEEN,0.4236,0.0108,0.5656
HEARTS TWO DIAMONDS FOUR,0.6542,0.0214,0.3244
CLUBS KING DIAMONDS FOUR,0.4168,0.0094,0.5738
HEARTS ACE DIAMONDS NINE,0.3876,0.0052,0.6072
SPADES NINE SPADES TWO,0.6074,0.017,0.3756
DIAMONDS SEVEN DIAMONDS FOUR,0.6262,0.0196,0.3542
SPADES QUEEN DIAMONDS KING,0.346,0.0052,0.6488
CLUBS TEN SPADES TWO,0.6472,0.0172,0.3356
CLUBS FIVE DIAMONDS NINE,0.628,0.0166,0.3554
HEARTS KING CLUBS QUEEN,0.3646,0.006,0.6294
HEARTS EIGHT DIAMONDS THREE,0.6414,0.0246,0.334
HEARTS TEN CLUBS QUEEN,0.3754,0.0096,0.615
DIAMONDS THREE CLUBS FOUR,0.6478,0.0188,0.3334
SPADES KING CLUBS FOUR,0.4358,0.0082,0.556
SPADES SEVEN DIAMONDS FOUR,0.6232,0.019,0.3578
CLUBS SEVEN DIAMONDS TEN,0.5906,0.0178,0.3916
DIAMONDS THREE HEARTS SEVEN,0.6416,0.0166,0.3418
HEARTS THREE CLUBS QUEEN,0.4318,0.0098,0.5584
SPADES ACE HEARTS FIVE,0.4222,0.005,0.5728
SPADES ACE CLUBS SEVEN,0.3898,0.0042,0.606
CLUBS EIGHT CLUBS QUEEN,0.3592,0.0096,0.6312
SPADES EIGHT SPADES FIVE,0.5796,0.018,0.4024
CLUBS JACK DIAMONDS QUEEN,0.2518,0.0384,0.7098
CLUBS SIX CLUBS THREE,0.6552,0.0578,0.287
SPADES KING SPADES TWO,0.4226,0.0066,0.5708
CLUBS TEN CLUBS QUEEN,0.3442,0.0064,0.6494
HEARTS EIGHT DIAMONDS FOUR,0.6422,0.0212,0.3366
DIAMONDS THREE SPADES THREE,0.4506,0.042,0.5074
CLUBS FOUR HEARTS TEN,0.6454,0.0184,0.3362
CLUBS THREE HEARTS ACE,0.4366,0.0044,0.559
HEARTS KING HEARTS QUEEN,0.329,0.0078,0.6632
SPADES KING DIAMONDS KING,0.1708,0.0064,0.8228
SPADES NINE SPADES EIGHT,0.5304,0.0172,0.4524
CLUBS SIX HEARTS NINE,0.6864,0.0564,0.2572
CLUBS SIX DIAMONDS KING,0.266,0.0312,0.7028
HEARTS SIX CLUBS SEVEN,0.6706,0.0552,0.2742
SPADES THREE CLUBS KING,0.4444,0.0064,0.5492
CLUBS NINE CLUBS TWO,0.6006,0.0218,0.3776
DIAMONDS TWO HEARTS KING,0.4292,0.008,0.5628
HEARTS TWO DIAMONDS NINE,0.6454,0.0234,0.3312
SPADES TWO DIAMONDS EIGHT,0.6318,0.0192,0.349
CLUBS SIX CLUBS QUEEN,0.279,0.0406,0.6804
HEARTS FOUR DIAMONDS QUEEN,0.4108,0.0104,0.5788
CLUBS QUEEN HEARTS NINE,0.3868,0.0066,0.6066
DIAMONDS ACE DIAMONDS KING,0.3002,0.0042,0.6956
HEARTS EIGHT SPADES TEN,0.5874,0.015,0.3976
SPADES TEN CLUBS ACE,0.383,0.0036,0.6134
DIAMONDS KING CLUBS QUEEN,0.3312,0.0062,0.6626
HEARTS ACE DIAMONDS TEN,0.3778,0.0054,0.6168
HEARTS ACE HEARTS JACK,0.2548,0.0236,0.7216
SPADES JACK HEARTS THREE,0.4322,0.3582,0.2096
CLUBS FIVE SPADES THREE,0.6402,0.0228,0.337
SPADES TEN DIAMONDS TEN,0.317,0.0222,0.6608
HEARTS FIVE SPADES SIX,0.687,0.0514,0.2616
HEARTS FOUR HEARTS JACK,0.4108,0.3492,0.24
HEARTS KING HEARTS TEN,0.3714,0.007,0.6216
SPADES QUEEN CLUBS QUEEN,0.1904,0.01,0.7996
HEARTS EIGHT DIAMONDS NINE,0.5608,0.0156,0.4236
SPADES TEN DIAMONDS EIGHT,0.5804,0.0178,0.4018
SPADES NINE DIAMONDS SEVEN,0.586,0.0154,0.3986
CLUBS JACK SPADES FOUR,0.4246,0.3644,0.211
SPADES TEN DIAMONDS FOUR,0.6394,0.0168,0.3438
HEARTS FIVE CLUBS FOUR,0.6228,0.0154,0.3618
CLUBS THREE HEARTS KING,0.4392,0.0074,0.5534
HEARTS THREE HEARTS QUEEN,0.4032,0.011,0.5858
SPADES ACE DIAMONDS FIVE,0.413,0.0038,0.5832
CLUBS TEN CLUBS FIVE,0.6108,0.0146,0.3746
CLUBS TWO HEARTS ACE,0.4366,0.0046,0.5588
SPADES NINE CLUBS THREE,0.6466,0.0184,0.335
CLUBS THREE HEARTS TEN,0.6386,0.019,0.3424
SPADES SIX HEARTS JACK,0.0728,0.9076,0.0196
CLUBS FOUR SPADES FIVE,0.6216,0.017,0.3614
HEARTS QUEEN DIAMONDS FOUR,0.4144,0.0132,0.5724
SPADES TEN HEARTS THREE,0.6528,0.0124,0.3348
SPADES EIGHT CLUBS FIVE,0.6298,0.0174,0.3528
CLUBS FIVE HEARTS NINE,0.642,0.0104,0.3476
SPADES NINE DIAMONDS KING,0.3726,0.0066,0.6208
SPADES QUEEN SPADES JACK,0.2484,0.0352,0.7164
SPADES FIVE DIAMONDS QUEEN,0.4066,0.0104,0.583
SPADES KING HEARTS KING,0.1794,0.0076,0.813
SPADES KING HEARTS TEN,0.378,0.006,0.616
HEARTS SIX DIAMONDS FOUR,0.6844,0.0616,0.254
SPADES NINE CLUBS QUEEN,0.378,0.0064,0.6156
CLUBS EIGHT SPADES EIGHT,0.34,0.0292,0.6308
DIAMONDS ACE DIAMONDS QUEEN,0.292,0.006,0.702
SPADES SEVEN HEARTS NINE,0.5952,0.0168,0.388
HEARTS FOUR DIAMONDS FIVE,0.6266,0.022,0.3514
SPADES TEN DIAMONDS KING,0.364,0.0046,0.6314
CLUBS KING DIAMONDS FIVE,0.4258,0.0076,0.5666
HEARTS FIVE HEARTS ACE,0.401,0.0046,0.5944
SPADES JACK HEARTS NINE,0.2766,0.1528,0.5706
HEARTS TWO CLUBS FOUR,0.6544,0.0172,0.3284
DIAMONDS ACE CLUBS TWO,0.409,0.006,0.585
SPADES ACE HEARTS ACE,0.165,0.004,0.831
CLUBS JACK CLUBS THREE,0.4056,0.3362,0.2582
SPADES KING DIAMONDS ACE,0.3504,0.0046,0.645
HEARTS SEVEN SPADES TEN,0.5946,0.016,0.3894
SPADES EIGHT DIAMONDS NINE,0.5692,0.0178,0.413
SPADES QUEEN DIAMONDS FOUR,0.4162,0.0128,0.571
HEARTS FOUR DIAMONDS EIGHT,0.6266,0.0176,0.3558
DIAMONDS TWO CLUBS SEVEN,0.65,0.016,0.334
DIAMONDS THREE CLUBS NINE,0.6402,0.0206,0.3392
CLUBS FOUR DIAMONDS NINE,0.638,0.0172,0.3448
DIAMONDS THREE SPADES QUEEN,0.4294,0.0108,0.5598
SPADES JACK SPADES SEVEN,0.2598,0.258,0.4822
CLUBS EIGHT HEARTS QUEEN,0.3956,0.007,0.5974
HEARTS FOUR SPADES FIVE,0.6348,0.0176,0.3476
SPADES QUEEN HEARTS KING,0.3502,0.0074,0.6424
DIAMONDS QUEEN HEARTS JACK,0.2516,0.0406,0.7078
DIAMONDS THREE SPADES SEVEN,0.6336,0.0184,0.348
HEARTS EIGHT DIAMONDS KING,0.3872,0.0078,0.605
CLUBS SEVEN SPADES SEVEN,0.342,0.0348,0.6232
SPADES KING CLUBS THREE,0.4328,0.0068,0.5604
CLUBS NINE DIAMONDS QUEEN,0.3684,0.0124,0.6192
DIAMONDS QUEEN DIAMONDS SEVEN,0.3406,0.0124,0.647
SPADES JACK CLUBS FIVE,0.425,0.3554,0.2196
SPADES KING SPADES SEVEN,0.368,0.0086,0.6234
SPADES JACK HEARTS JACK,0.1304,0.0368,0.8328
DIAMONDS FIVE HEARTS NINE,0.631,0.0184,0.3506
CLUBS JACK CLUBS TEN,0.264,0.1126,0.6234
HEARTS FOUR SPADES SEVEN,0.6454,0.0196,0.335
HEARTS FIVE CLUBS KING,0.435,0.0042,0.5608
DIAMONDS TWO DIAMONDS FOUR,0.6458,0.024,0.3302
SPADES EIGHT HEARTS NINE,0.5742,0.0184,0.4074
DIAMONDS TWO SPADES THREE,0.655,0.017,0.328
CLUBS ACE CLUBS QUEEN,0.369,0.004,0.627
HEARTS FOUR SPADES FOUR,0.4464,0.0406,0.513
CLUBS FOUR SPADES THREE,0.6496,0.0158,0.3346
CLUBS NINE SPADES FOUR,0.6456,0.0144,0.34
CLUBS FOUR CLUBS TWO,0.6192,0.0182,0.3626
HEARTS SIX SPADES FOUR,0.6888,0.0578,0.2534
CLUBS ACE DIAMONDS SEVEN,0.3878,0.005,0.6072
HEARTS SEVEN HEARTS NINE,0.5582,0.016,0.4258
SPADES KING SPADES FIVE,0.4002,0.0082,0.5916
HEARTS TWO DIAMONDS TEN,0.6322,0.017,0.3508
SPADES FOUR DIAMONDS FIVE,0.6282,0.0166,0.3552
SPADES THREE SPADES TWO,0.6066,0.0184,0.375
SPADES QUEEN SPADES NINE,0.364,0.0084,0.6276
DIAMONDS QUEEN DIAMONDS FOUR,0.3822,0.0108,0.607
CLUBS FIVE CLUBS QUEEN,0.3946,0.0144,0.591
SPADES SIX HEARTS NINE,0.6894,0.0502,0.2604
HEARTS SEVEN HEARTS QUEEN,0.3732,0.0098,0.617
SPADES FOUR CLUBS ACE,0.4272,0.0046,0.5682
HEARTS TEN DIAMONDS FIVE,0.6422,0.0156,0.3422
DIAMONDS ACE DIAMONDS TEN,0.3316,0.0046,0.6638
HEARTS SEVEN CLUBS FIVE,0.6294,0.0176,0.353
SPADES KING HEARTS TWO,0.4482,0.0072,0.5446
SPADES KING SPADES NINE,0.3664,0.0072,0.6264
SPADES JACK DIAMONDS TEN,0.2534,0.12,0.6266
SPADES FIVE CLUBS TWO,0.656,0.0226,0.3214
DIAMONDS EIGHT CLUBS KING,0.3928,0.0072,0.6
HEARTS THREE SPADES SIX,0.7038,0.0572,0.239
HEARTS THREE HEARTS JACK,0.3854,0.3542,0.2604
HEARTS EIGHT HEARTS SEVEN,0.543,0.0162,0.4408
SPADES FIVE DIAMONDS EIGHT,0.6182,0.0188,0.363
CLUBS JACK HEARTS ACE,0.2778,0.0226,0.6996
DIAMONDS THREE CLUBS TEN,0.624,0.0192,0.3568
HEARTS EIGHT HEARTS ACE,0.3716,0.0042,0.6242
DIAMONDS QUEEN CLUBS KING,0.3398,0.0064,0.6538
DIAMONDS ACE HEARTS JACK,0.2502,0.0186,0.7312
CLUBS TEN HEARTS FOUR,0.6424,0.019,0.3386
SPADES ACE SPADES NINE,0.3708,0.005,0.6242
CLUBS TEN SPADES TEN,0.3218,0.02,0.6582
DIAMONDS TWO CLUBS TWO,0.453,0.041,0.506
SPADES FOUR SPADES THREE,0.6016,0.0176,0.3808
CLUBS EIGHT HEARTS FIVE,0.6226,0.0194,0.358
HEARTS FOUR SPADES THREE,0.6364,0.016,0.3476
DIAMONDS THREE HEARTS FIVE,0.635,0.0246,0.3404
SPADES KING HEARTS FOUR,0.4248,0.0082,0.567
CLUBS JACK DIAMONDS NINE,0.2506,0.1678,0.5816
SPADES NINE DIAMONDS QUEEN,0.3646,0.012,0.6234
CLUBS SIX CLUBS KING,0.27,0.0352,0.6948
SPADES JACK CLUBS EIGHT,0.2734,0.2154,0.5112
SPADES ACE CLUBS NINE,0.3918,0.0042,0.604
CLUBS TWO DIAMONDS FOUR,0.6516,0.0202,0.3282
CLUBS TEN HEARTS TEN,0.3272,0.0212,0.6516
HEARTS FIVE HEARTS JACK,0.3906,0.3536,0.2558
SPADES SIX HEARTS TEN,0.7034,0.0528,0.2438
HEARTS SEVEN SPADES SIX,0.6792,0.0518,0.269
HEARTS EIGHT SPADES TWO,0.6416,0.018,0.3404
CLUBS SEVEN CLUBS QUEEN,0.3722,0.0096,0.6182
SPADES EIGHT SPADES TWO,0.6044,0.0182,0.3774
DIAMONDS ACE SPADES FIVE,0.4106,0.005,0.5844
SPADES SIX DIAMONDS NINE,0.6958,0.05,0.2542
CLUBS SIX DIAMONDS ACE,0.2712,0.0224,0.7064
HEARTS FIVE DIAMONDS TEN,0.6492,0.0164,0.3344
DIAMONDS THREE HEARTS QUEEN,0.4278,0.0098,0.5624
DIAMONDS QUEEN SPADES FOUR,0.4176,0.0116,0.5708
SPADES JACK CLUBS TWO,0.4276,0.3634,0.209
SPADES NINE SPADES SIX,0.6542,0.0484,0.2974
HEARTS SIX CLUBS FIVE,0.6622,0.0576,0.2802
CLUBS TWO DIAMONDS QUEEN,0.4358,0.0104,0.5538
HEARTS TWO DIAMONDS KING,0.4284,0.0082,0.5634
HEARTS TWO SPADES FIVE,0.6534,0.0202,0.3264
SPADES KING CLUBS QUEEN,0.36,0.0068,0.6332
HEARTS EIGHT HEARTS FIVE,0.5818,0.0192,0.399
SPADES QUEEN CLUBS FOUR,0.4154,0.01,0.5746
HEARTS SEVEN CLUBS SIX,0.666,0.0518,0.2822
DIAMONDS TWO HEARTS NINE,0.6432,0.0156,0.3412
CLUBS FOUR HEARTS NINE,0.6546,0.0162,0.3292
CLUBS SIX HEARTS TWO,0.7126,0.0618,0.2256
HEARTS FOUR DIAMONDS ACE,0.413,0.0048,0.5822
CLUBS TEN DIAMONDS EIGHT,0.5776,0.0152,0.4072
CLUBS TEN DIAMONDS NINE,0.5632,0.017,0.4198
HEARTS SIX SPADES SIX,0.3322,0.0346,0.6332
DIAMONDS TWO SPADES NINE,0.6382,0.0176,0.3442
DIAMONDS QUEEN HEARTS ACE,0.3416,0.004,0.6544
HEARTS SEVEN SPADES SEVEN,0.3442,0.0364,0.6194
HEARTS THREE DIAMONDS EIGHT,0.6482,0.0176,0.3342
DIAMONDS SEVEN CLUBS KING,0.3854,0.0088,0.6058
HEARTS SIX SPADES THREE,0.7014,0.059,0.2396
SPADES FOUR HEARTS NINE,0.6552,0.0148,0.33
SPADES QUEEN DIAMONDS EIGHT,0.3726,0.009,0.6184
SPADES NINE HEARTS TWO,0.638,0.0182,0.3438
HEARTS THREE DIAMONDS QUEEN,0.4238,0.0114,0.5648
DIAMONDS NINE CLUBS ACE,0.397,0.004,0.599
CLUBS SIX DIAMONDS QUEEN,0.2694,0.0486,0.682
CLUBS SEVEN DIAMONDS QUEEN,0.376,0.0114,0.6126
HEARTS QUEEN HEARTS TEN,0.3512,0.0092,0.6396
SPADES NINE DIAMONDS ACE,0.3784,0.004,0.6176
HEARTS FOUR DIAMONDS NINE,0.6532,0.017,0.3298
DIAMONDS SEVEN DIAMONDS FIVE,0.5918,0.0198,0.3884
CLUBS TEN HEARTS THREE,0.65,0.0152,0.3348
CLUBS TWO DIAMONDS SEVEN,0.631,0.0184,0.3506
HEARTS FIVE DIAMONDS FIVE,0.4258,0.0438,0.5304
CLUBS NINE HEARTS TEN,0.5724,0.0134,0.4142
CLUBS TEN DIAMONDS TWO,0.635,0.0196,0.3454
SPADES FIVE DIAMONDS TEN,0.633,0.0198,0.3472
SPADES TWO DIAMONDS FOUR,0.652,0.017,0.331
HEARTS FIVE SPADES TWO,0.6532,0.0208,0.326
HEARTS KING CLUBS KING,0.1846,0.0054,0.81
CLUBS EIGHT DIAMONDS ACE,0.3844,0.0026,0.613
SPADES ACE HEARTS NINE,0.3944,0.0038,0.6018
SPADES NINE DIAMONDS FOUR,0.6564,0.019,0.3246
DIAMONDS TEN DIAMONDS EIGHT,0.5812,0.0174,0.4014
HEARTS EIGHT CLUBS SEVEN,0.5744,0.0184,0.4072
HEARTS SIX DIAMONDS KING,0.265,0.0394,0.6956
HEARTS THREE CLUBS ACE,0.4308,0.0064,0.5628
HEARTS SEVEN DIAMONDS KING,0.3788,0.008,0.6132
SPADES KING DIAMONDS TWO,0.429,0.0102,0.5608
CLUBS NINE HEARTS ACE,0.3872,0.0034,0.6094
SPADES EIGHT DIAMONDS ACE,0.3788,0.005,0.6162
SPADES EIGHT CLUBS FOUR,0.6288,0.0176,0.3536
DIAMONDS THREE HEARTS TWO,0.6502,0.0212,0.3286
DIAMONDS KING CLUBS KING,0.1672,0.009,0.8238
CLUBS NINE DIAMONDS TEN,0.5518,0.019,0.4292
HEARTS FIVE SPADES SEVEN,0.6188,0.0158,0.3654
HEARTS THREE HEARTS TEN,0.6104,0.0156,0.374
SPADES EIGHT SPADES SEVEN,0.5524,0.0194,0.4282
CLUBS NINE CLUBS THREE,0.5928,0.0152,0.392
HEARTS FIVE HEARTS THREE,0.5972,0.0242,0.3786
DIAMONDS TWO HEARTS TWO,0.456,0.042,0.502
SPADES KING HEARTS SEVEN,0.4028,0.0068,0.5904
DIAMONDS TWO SPADES TEN,0.634,0.0176,0.3484
SPADES KING DIAMONDS SEVEN,0.395,0.007,0.598
DIAMONDS KING DIAMONDS TEN,0.3208,0.0088,0.6704
SPADES EIGHT DIAMONDS SEVEN,0.5702,0.0134,0.4164
CLUBS THREE HEARTS NINE,0.6442,0.0156,0.3402
HEARTS EIGHT SPADES THREE,0.6518,0.0202,0.328
HEARTS SIX HEARTS ACE,0.2612,0.0292,0.7096
SPADES EIGHT CLUBS ACE,0.3972,0.0038,0.599
CLUBS FOUR DIAMONDS TEN,0.644,0.0162,0.3398
SPADES ACE HEARTS FOUR,0.412,0.0076,0.5804
HEARTS JACK HEARTS NINE,0.2562,0.1512,0.5926
SPADES SEVEN CLUBS TWO,0.653,0.0208,0.3262
SPADES ACE HEARTS KING,0.3576,0.0044,0.638
HEARTS SIX HEARTS THREE,0.6542,0.0588,0.287
HEARTS SIX DIAMONDS ACE,0.2732,0.0232,0.7036
CLUBS NINE DIAMONDS FOUR,0.6446,0.0178,0.3376
DIAMONDS SEVEN CLUBS QUEEN,0.3882,0.0106,0.6012
SPADES FOUR SPADES TWO,0.6256,0.0204,0.354
HEARTS ACE CLUBS QUEEN,0.3714,0.0034,0.6252
HEARTS JACK DIAMONDS FIVE,0.4186,0.367,0.2144
SPADES EIGHT HEARTS ACE,0.4002,0.0036,0.5962
DIAMONDS TWO SPADES SEVEN,0.6406,0.016,0.3434
CLUBS TWO SPADES TWO,0.4464,0.0422,0.5114
CLUBS EIGHT SPADES THREE,0.6544,0.0146,0.331
DIAMONDS TWO DIAMONDS ACE,0.3748,0.0054,0.6198
CLUBS EIGHT HEARTS TEN,0.5882,0.0138,0.398
HEARTS SIX HEARTS TEN,0.6708,0.0546,0.2746
CLUBS NINE CLUBS FOUR,0.6098,0.016,0.3742
CLUBS EIGHT HEARTS JACK,0.2756,0.2052,0.5192
HEARTS TWO SPADES FOUR,0.6562,0.016,0.3278
HEARTS SEVEN SPADES EIGHT,0.579,0.0174,0.4036
CLUBS THREE DIAMONDS TEN,0.6324,0.0198,0.3478
SPADES JACK DIAMONDS EIGHT,0.2584,0.209,0.5326
CLUBS EIGHT HEARTS NINE,0.568,0.0168,0.4152
SPADES TEN CLUBS THREE,0.6366,0.016,0.3474
HEARTS FOUR CLUBS TWO,0.6512,0.0224,0.3264
HEARTS FIVE DIAMONDS EIGHT,0.631,0.0182,0.3508
HEARTS ACE SPADES THREE,0.4198,0.0044,0.5758
SPADES NINE SPADES FIVE,0.5976,0.0152,0.3872
HEARTS TWO CLUBS TWO,0.4486,0.0464,0.505
SPADES TWO DIAMONDS FIVE,0.6454,0.02,0.3346
SPADES KING SPADES FOUR,0.397,0.0078,0.5952
SPADES SEVEN HEARTS TEN,0.5966,0.0136,0.3898
CLUBS SEVEN CLUBS FIVE,0.5816,0.0196,0.3988
SPADES KING CLUBS EIGHT,0.3994,0.0038,0.5968
HEARTS FOUR SPADES NINE,0.6466,0.0154,0.338
CLUBS SIX DIAMONDS EIGHT,0.683,0.05,0.267
CLUBS FIVE DIAMONDS TEN,0.6432,0.0154,0.3414
HEARTS FOUR DIAMONDS KING,0.4128,0.0072,0.58
SPADES FOUR DIAMONDS EIGHT,0.6276,0.0204,0.352
CLUBS THREE DIAMONDS SEVEN,0.6314,0.019,0.3496
CLUBS SEVEN DIAMONDS SEVEN,0.3246,0.0386,0.6368
DIAMONDS TWO DIAMONDS NINE,0.6334,0.0146,0.352
DIAMONDS THREE HEARTS ACE,0.4076,0.0056,0.5868
SPADES EIGHT DIAMONDS KING,0.389,0.0066,0.6044
SPADES TWO HEARTS JACK,0.4342,0.3528,0.213
CLUBS SIX DIAMONDS TEN,0.6936,0.0608,0.2456
SPADES FIVE DIAMONDS FIVE,0.4316,0.0354,0.533
HEARTS FIVE DIAMONDS NINE,0.6428,0.0176,0.3396
SPADES QUEEN CLUBS FIVE,0.4198,0.0092,0.571
CLUBS TEN HEARTS SIX,0.7104,0.0576,0.232
SPADES FOUR CLUBS QUEEN,0.4264,0.0106,0.563
SPADES KING SPADES QUEEN,0.3302,0.0058,0.664
DIAMONDS THREE HEARTS TEN,0.6304,0.0206,0.349
DIAMONDS TEN HEARTS NINE,0.5546,0.014,0.4314
SPADES KING CLUBS FIVE,0.4222,0.0084,0.5694
CLUBS SEVEN SPADES TWO,0.6402,0.0198,0.34
DIAMONDS SEVEN HEARTS NINE,0.5794,0.0168,0.4038
SPADES QUEEN DIAMONDS TEN,0.3606,0.0096,0.6298
SPADES JACK CLUBS THREE,0.4356,0.3562,0.2082
HEARTS SEVEN DIAMONDS NINE,0.586,0.015,0.399
DIAMONDS ACE SPADES THREE,0.4094,0.0054,0.5852
DIAMONDS TWO CLUBS ACE,0.4358,0.0038,0.5604
DIAMONDS KING HEARTS TEN,0.3752,0.0076,0.6172
HEARTS EIGHT DIAMONDS FIVE,0.6224,0.0142,0.3634
HEARTS THREE SPADES SEVEN,0.6442,0.0182,0.3376
CLUBS EIGHT HEARTS FOUR,0.6322,0.02,0.3478
CLUBS FIVE DIAMONDS EIGHT,0.6148,0.02,0.3652
CLUBS EIGHT SPADES TWO,0.6476,0.018,0.3344
HEARTS FIVE HEARTS NINE,0.6004,0.0154,0.3842
HEARTS EIGHT CLUBS EIGHT,0.3296,0.0334,0.637
CLUBS NINE SPADES TWO,0.6394,0.0156,0.345
CLUBS THREE DIAMONDS EIGHT,0.6374,0.019,0.3436
DIAMONDS THREE CLUBS SIX,0.6924,0.063,0.2446
CLUBS TWO SPADES THREE,0.6588,0.0208,0.3204
HEARTS SIX CLUBS QUEEN,0.2824,0.0426,0.675
SPADES FIVE SPADES TWO,0.597,0.0196,0.3834
HEARTS SIX CLUBS FOUR,0.671,0.0606,0.2684
CLUBS NINE HEARTS THREE,0.6494,0.0168,0.3338
CLUBS NINE DIAMONDS FIVE,0.6094,0.0176,0.373
HEARTS FOUR CLUBS SIX,0.6916,0.052,0.2564
DIAMONDS TEN SPADES TWO,0.6376,0.019,0.3434
HEARTS SIX HEARTS TWO,0.6808,0.0598,0.2594
SPADES KING HEARTS NINE,0.3926,0.0064,0.601
SPADES SEVEN DIAMONDS FIVE,0.6112,0.0174,0.3714
SPADES FIVE DIAMONDS FOUR,0.63,0.0168,0.3532
DIAMONDS ACE CLUBS ACE,0.1526,0.0046,0.8428
DIAMONDS THREE CLUBS EIGHT,0.6574,0.0142,0.3284
SPADES TEN SPADES SIX,0.6728,0.0508,0.2764
CLUBS SEVEN CLUBS TWO,0.6074,0.0206,0.372
DIAMONDS TWO CLUBS EIGHT,0.6626,0.0168,0.3206
HEARTS KING SPADES TWO,0.4406,0.0064,0.553
SPADES SEVEN SPADES FIVE,0.577,0.018,0.405
DIAMONDS QUEEN SPADES THREE,0.4094,0.0104,0.5802
SPADES ACE DIAMONDS TWO,0.4116,0.006,0.5824
SPADES KING HEARTS JACK,0.2812,0.0318,0.687
CLUBS TEN SPADES FIVE,0.6438,0.0128,0.3434
CLUBS SIX CLUBS FOUR,0.64,0.063,0.297
SPADES EIGHT DIAMONDS FOUR,0.6338,0.0194,0.3468
CLUBS TEN SPADES SEVEN,0.599,0.0184,0.3826
CLUBS NINE HEARTS SIX,0.6942,0.0464,0.2594
DIAMONDS THREE DIAMONDS TWO,0.6498,0.0236,0.3266
HEARTS SEVEN DIAMONDS TEN,0.6,0.0176,0.3824
HEARTS FIVE DIAMONDS ACE,0.4086,0.0034,0.588
DIAMONDS SEVEN HEARTS TEN,0.593,0.018,0.389
SPADES JACK DIAMONDS NINE,0.2658,0.171,0.5632
SPADES EIGHT CLUBS TWO,0.6498,0.0192,0.331
DIAMONDS THREE DIAMONDS NINE,0.6284,0.0192,0.3524
HEARTS SEVEN DIAMONDS SEVEN,0.3232,0.0366,0.6402
HEARTS FIVE SPADES THREE,0.6264,0.0242,0.3494
CLUBS SEVEN SPADES SIX,0.6734,0.054,0.2726
CLUBS ACE DIAMONDS FOUR,0.4192,0.0058,0.575
CLUBS THREE DIAMONDS KING,0.4228,0.0072,0.57
CLUBS FOUR CLUBS KING,0.4098,0.0062,0.584
DIAMONDS ACE SPADES FOUR,0.4108,0.0048,0.5844
CLUBS THREE SPADES TWO,0.6574,0.0192,0.3234
CLUBS THREE DIAMONDS NINE,0.6412,0.0182,0.3406
DIAMONDS TEN SPADES THREE,0.6356,0.0174,0.347
HEARTS THREE CLUBS TWO,0.6542,0.0204,0.3254
HEARTS TWO HEARTS JACK,0.3974,0.353,0.2496
CLUBS EIGHT DIAMONDS FIVE,0.6152,0.0226,0.3622
DIAMONDS TWO DIAMONDS SEVEN,0.6468,0.0188,0.3344
CLUBS JACK SPADES EIGHT,0.2742,0.2028,0.523
CLUBS TEN HEARTS FIVE,0.6368,0.0156,0.3476
HEARTS TWO SPADES SIX,0.7124,0.064,0.2236
SPADES ACE HEARTS TWO,0.4394,0.0034,0.5572
DIAMONDS TEN HEARTS JACK,0.256,0.1188,0.6252
CLUBS SIX SPADES SIX,0.3296,0.0426,0.6278
SPADES TEN SPADES EIGHT,0.557,0.0196,0.4234
CLUBS KING HEARTS NINE,0.3914,0.008,0.6006
SPADES ACE HEARTS TEN,0.3832,0.0026,0.6142
SPADES TEN HEARTS FOUR,0.6544,0.0152,0.3304
CLUBS EIGHT SPADES TEN,0.576,0.0174,0.4066
SPADES SIX HEARTS KING,0.2816,0.0324,0.686
SPADES KING DIAMONDS NINE,0.3818,0.007,0.6112
SPADES ACE SPADES THREE,0.401,0.0036,0.5954
CLUBS TEN CLUBS KING,0.3572,0.005,0.6378
HEARTS SEVEN SPADES THREE,0.6404,0.0178,0.3418
SPADES SEVEN DIAMONDS SEVEN,0.3306,0.035,0.6344
HEARTS SIX CLUBS THREE,0.6962,0.059,0.2448
SPADES TEN HEARTS QUEEN,0.3576,0.0094,0.633
CLUBS THREE SPADES FOUR,0.632,0.0212,0.3468
SPADES QUEEN HEARTS SIX,0.2802,0.0442,0.6756
HEARTS THREE DIAMONDS NINE,0.6372,0.0184,0.3444
SPADES EIGHT HEARTS TWO,0.642,0.0174,0.3406
SPADES FIVE CLUBS ACE,0.4062,0.0034,0.5904
DIAMONDS TEN HEARTS QUEEN,0.365,0.0126,0.6224
CLUBS JACK CLUBS SEVEN,0.248,0.2582,0.4938
HEARTS FIVE DIAMONDS SEVEN,0.6118,0.019,0.3692
SPADES NINE CLUBS FOUR,0.649,0.018,0.333
SPADES SEVEN CLUBS THREE,0.6458,0.0128,0.3414
SPADES TEN CLUBS QUEEN,0.3688,0.0086,0.6226
DIAMONDS THREE HEARTS THREE,0.447,0.0416,0.5114
CLUBS EIGHT SPADES SEVEN,0.5838,0.0152,0.401
DIAMONDS TWO CLUBS KING,0.4282,0.0098,0.562
CLUBS TWO DIAMONDS EIGHT,0.6448,0.017,0.3382
SPADES JACK SPADES THREE,0.4,0.3496,0.2504
HEARTS QUEEN CLUBS KING,0.3632,0.0078,0.629
CLUBS FIVE DIAMONDS FOUR,0.6238,0.0134,0.3628
CLUBS TWO HEARTS TEN,0.6498,0.0158,0.3344
SPADES TEN SPADES TWO,0.6118,0.0152,0.373
DIAMONDS TWO CLUBS SIX,0.7016,0.0668,0.2316
HEARTS SIX HEARTS QUEEN,0.272,0.0398,0.6882
DIAMONDS EIGHT HEARTS TEN,0.577,0.0164,0.4066
SPADES ACE HEARTS THREE,0.414,0.0064,0.5796
CLUBS NINE DIAMONDS KING,0.3826,0.0088,0.6086
DIAMONDS ACE DIAMONDS NINE,0.338,0.0054,0.6566
CLUBS JACK HEARTS SIX,0.0782,0.9,0.0218
HEARTS EIGHT CLUBS KING,0.39,0.0056,0.6044
CLUBS FIVE HEARTS TWO,0.651,0.0198,0.3292
SPADES JACK CLUBS SEVEN,0.2766,0.2712,0.4522
SPADES ACE CLUBS ACE,0.1772,0.0028,0.82
DIAMONDS ACE DIAMONDS FOUR,0.3688,0.0052,0.626
HEARTS EIGHT DIAMONDS EIGHT,0.3216,0.0364,0.642
HEARTS FIVE CLUBS THREE,0.6448,0.0214,0.3338
DIAMONDS QUEEN SPADES TWO,0.409,0.0126,0.5784
DIAMONDS NINE CLUBS QUEEN,0.3756,0.0124,0.612
HEARTS FOUR HEARTS KING,0.4042,0.0066,0.5892
DIAMONDS ACE CLUBS THREE,0.4146,0.0044,0.581
CLUBS JACK SPADES TEN,0.2786,0.1152,0.6062
CLUBS TEN HEARTS KING,0.3802,0.0068,0.613
HEARTS SEVEN CLUBS THREE,0.6358,0.017,0.3472
CLUBS QUEEN DIAMONDS FOUR,0.4156,0.014,0.5704
CLUBS SEVEN HEARTS THREE,0.6314,0.0166,0.352
HEARTS FOUR HEARTS NINE,0.6224,0.0176,0.36
DIAMONDS TWO SPADES FOUR,0.6406,0.0222,0.3372
HEARTS ACE DIAMONDS FOUR,0.4204,0.006,0.5736
CLUBS EIGHT DIAMONDS QUEEN,0.3782,0.0106,0.6112
HEARTS SIX SPADES JACK,0.0708,0.907,0.0222
SPADES NINE CLUBS SIX,0.6982,0.06,0.2418
SPADES EIGHT DIAMONDS QUEEN,0.379,0.0104,0.6106
HEARTS SIX DIAMONDS SEVEN,0.6654,0.0522,0.2824
DIAMONDS TWO SPADES JACK,0.4176,0.3778,0.2046
SPADES SIX CLUBS TWO,0.7068,0.064,0.2292
HEARTS THREE SPADES FIVE,0.6494,0.0188,0.3318
SPADES ACE CLUBS JACK,0.2774,0.0194,0.7032
SPADES QUEEN CLUBS KING,0.3612,0.0048,0.634
DIAMONDS ACE SPADES TWO,0.4074,0.0058,0.5868
SPADES KING SPADES EIGHT,0.373,0.0086,0.6184
SPADES JACK SPADES TWO,0.404,0.3392,0.2568
DIAMONDS QUEEN HEARTS TEN,0.3642,0.0084,0.6274
CLUBS TEN SPADES QUEEN,0.3688,0.0096,0.6216
SPADES QUEEN DIAMONDS ACE,0.3372,0.0042,0.6586
HEARTS FIVE CLUBS FIVE,0.44,0.0396,0.5204
DIAMONDS TWO DIAMONDS TEN,0.6282,0.0182,0.3536
HEARTS FIVE CLUBS SEVEN,0.6254,0.0138,0.3608
DIAMONDS TWO DIAMONDS QUEEN,0.3978,0.0108,0.5914
CLUBS JACK HEARTS FOUR,0.418,0.3662,0.2158
HEARTS EIGHT HEARTS QUEEN,0.3744,0.0124,0.6132
HEARTS TWO DIAMONDS FIVE,0.651,0.0188,0.3302
SPADES ACE CLUBS FIVE,0.4356,0.0036,0.5608
CLUBS FIVE DIAMONDS SEVEN,0.6054,0.0192,0.3754
HEARTS TWO HEARTS NINE,0.6058,0.0128,0.3814
DIAMONDS KING HEARTS QUEEN,0.3532,0.0096,0.6372
SPADES ACE SPADES EIGHT,0.3744,0.0058,0.6198
SPADES QUEEN CLUBS TWO,0.4448,0.0122,0.543
CLUBS FIVE CLUBS THREE,0.6024,0.0196,0.378
SPADES KING CLUBS TEN,0.3728,0.0064,0.6208
SPADES EIGHT CLUBS QUEEN,0.405,0.009,0.586
DIAMONDS QUEEN DIAMONDS TEN,0.313,0.0126,0.6744
DIAMONDS TWO HEARTS ACE,0.4242,0.004,0.5718
HEARTS SIX SPADES FIVE,0.6804,0.053,0.2666
SPADES QUEEN CLUBS THREE,0.4286,0.0136,0.5578
SPADES JACK HEARTS FIVE,0.4404,0.3464,0.2132
DIAMONDS TWO CLUBS THREE,0.652,0.0196,0.3284
SPADES ACE HEARTS SIX,0.2886,0.024,0.6874
CLUBS SEVEN SPADES FIVE,0.6182,0.0172,0.3646
HEARTS SEVEN DIAMONDS FIVE,0.6064,0.0198,0.3738
SPADES QUEEN SPADES TWO,0.4164,0.0096,0.574
CLUBS TEN CLUBS FOUR,0.6084,0.0158,0.3758
CLUBS EIGHT CLUBS FIVE,0.5946,0.0206,0.3848
DIAMONDS THREE DIAMONDS FOUR,0.644,0.0212,0.3348
DIAMONDS ACE CLUBS QUEEN,0.3458,0.0032,0.651
CLUBS JACK HEARTS EIGHT,0.279,0.2052,0.5158
HEARTS FIVE SPADES FIVE,0.449,0.0412,0.5098
SPADES EIGHT DIAMONDS FIVE,0.609,0.0184,0.3726
HEARTS EIGHT SPADES SIX,0.6788,0.0522,0.269
HEARTS EIGHT DIAMONDS QUEEN,0.3794,0.0112,0.6094
SPADES NINE HEARTS NINE,0.3204,0.0276,0.652
CLUBS NINE HEARTS FOUR,0.6294,0.0208,0.3498
SPADES SEVEN DIAMONDS KING,0.3872,0.0068,0.606
CLUBS SIX SPADES THREE,0.7004,0.0604,0.2392
CLUBS TEN CLUBS SIX,0.6636,0.0534,0.283
CLUBS EIGHT CLUBS SEVEN,0.5348,0.0186,0.4466
HEARTS SEVEN DIAMONDS EIGHT,0.5816,0.0178,0.4006
HEARTS QUEEN HEARTS NINE,0.3658,0.0112,0.623
CLUBS JACK SPADES SIX,0.075,0.9022,0.0228
SPADES TEN SPADES NINE,0.5322,0.0146,0.4532
CLUBS NINE SPADES THREE,0.652,0.0156,0.3324
CLUBS NINE HEARTS TWO,0.637,0.0186,0.3444
DIAMONDS TWO HEARTS JACK,0.4148,0.3654,0.2198
CLUBS TEN SPADES EIGHT,0.5852,0.013,0.4018
SPADES FIVE HEARTS NINE,0.6428,0.015,0.3422
CLUBS TEN CLUBS EIGHT,0.5522,0.0144,0.4334
SPADES FIVE HEARTS QUEEN,0.4192,0.0094,0.5714
HEARTS NINE DIAMONDS FOUR,0.6566,0.019,0.3244
SPADES NINE DIAMONDS EIGHT,0.5822,0.0172,0.4006
HEARTS SEVEN CLUBS QUEEN,0.3932,0.009,0.5978
HEARTS JACK CLUBS KING,0.2706,0.0324,0.697
CLUBS TEN HEARTS TWO,0.6576,0.016,0.3264
CLUBS NINE CLUBS FIVE,0.5998,0.0156,0.3846
SPADES KING HEARTS QUEEN,0.3502,0.006,0.6438
CLUBS SEVEN DIAMONDS FOUR,0.622,0.0178,0.3602
SPADES KING DIAMONDS TEN,0.376,0.0072,0.6168
HEARTS FOUR CLUBS KING,0.4372,0.0072,0.5556
HEARTS SEVEN HEARTS TEN,0.5538,0.0156,0.4306
DIAMONDS NINE DIAMONDS EIGHT,0.5782,0.0128,0.409
SPADES EIGHT SPADES FOUR,0.6038,0.019,0.3772
SPADES SEVEN SPADES THREE,0.613,0.0196,0.3674
SPADES QUEEN SPADES SIX,0.2654,0.043,0.6916
DIAMONDS THREE CLUBS KING,0.4336,0.0078,0.5586
SPADES ACE CLUBS FOUR,0.4332,0.0054,0.5614
SPADES FIVE CLUBS QUEEN,0.4294,0.0118,0.5588
CLUBS EIGHT DIAMONDS NINE,0.5648,0.0176,0.4176
SPADES TEN CLUBS FIVE,0.6464,0.0158,0.3378
SPADES QUEEN HEARTS TWO,0.4412,0.0096,0.5492
CLUBS FOUR DIAMONDS SEVEN,0.6264,0.0178,0.3558
CLUBS NINE DIAMONDS SEVEN,0.5822,0.0206,0.3972
CLUBS TEN SPADES FOUR,0.6306,0.0174,0.352
DIAMONDS NINE SPADES TWO,0.6322,0.0176,0.3502
DIAMONDS THREE DIAMONDS EIGHT,0.6452,0.0166,0.3382
HEARTS SEVEN HEARTS ACE,0.3684,0.004,0.6276
CLUBS JACK CLUBS ACE,0.2516,0.0192,0.7292
SPADES ACE SPADES SEVEN,0.3766,0.0028,0.6206
CLUBS FIVE CLUBS ACE,0.4066,0.0064,0.587
CLUBS JACK HEARTS QUEEN,0.2734,0.039,0.6876
DIAMONDS NINE HEARTS QUEEN,0.3744,0.0104,0.6152
DIAMONDS THREE DIAMONDS TEN,0.6268,0.0192,0.354
HEARTS THREE SPADES EIGHT,0.6416,0.018,0.3404
SPADES JACK HEARTS FOUR,0.4292,0.3548,0.216
CLUBS NINE SPADES SIX,0.6886,0.0596,0.2518
HEARTS TWO HEARTS ACE,0.3958,0.0072,0.597
DIAMONDS ACE CLUBS KING,0.3568,0.0034,0.6398
DIAMONDS THREE HEARTS JACK,0.4102,0.371,0.2188
SPADES ACE CLUBS KING,0.3692,0.0026,0.6282
HEARTS SEVEN CLUBS FOUR,0.631,0.0154,0.3536
CLUBS TEN SPADES THREE,0.6392,0.0156,0.3452
HEARTS SEVEN CLUBS ACE,0.385,0.0054,0.6096
DIAMONDS TEN DIAMONDS FIVE,0.6404,0.021,0.3386
CLUBS JACK DIAMONDS TEN,0.2532,0.1188,0.628
