opposingHand,winningChance,drawChance,lostChance
DIAMONDS KING SPADES THREE
HEARTS FIVE SPADES TEN,0.6024,0.0072,0.3904
HEARTS FIVE SPADES JACK,0.5734,0.007,0.4196
SPADES FIVE CLUBS JACK,0.595,0.0074,0.3976
CLUBS TEN SPADES FIVE,0.5936,0.007,0.3994
CLUBS EIGHT CLUBS JACK,0.52,0.0078,0.4722
CLUBS TEN CLUBS EIGHT,0.5292,0.0088,0.462
CLUBS EIGHT CLUBS KING,0.2092,0.2184,0.5724
SPADES FIVE CLUBS ACE,0.3474,0.0064,0.6462
CLUBS EIGHT CLUBS QUEEN,0.5436,0.0078,0.4486
SPADES FIVE CLUBS KING,0.1968,0.474,0.3292
SPADES FIVE CLUBS QUEEN,0.605,0.0082,0.3868
CLUBS EIGHT CLUBS ACE,0.3348,0.0052,0.66
DIAMONDS TWO DIAMONDS THREE,0.6892,0.0298,0.281
DIAMONDS TWO DIAMONDS FIVE,0.6078,0.0112,0.381
HEARTS FIVE SPADES KING,0.2144,0.4528,0.3328
DIAMONDS TWO DIAMONDS FOUR,0.5886,0.0108,0.4006
HEARTS FIVE SPADES QUEEN,0.5876,0.0098,0.4026
DIAMONDS TWO DIAMONDS SEVEN,0.6158,0.0114,0.3728
DIAMONDS TWO DIAMONDS SIX,0.596,0.0114,0.3926
SPADES ACE HEARTS FIVE,0.3416,0.006,0.6524
DIAMONDS TWO DIAMONDS NINE,0.6134,0.0102,0.3764
DIAMONDS TWO DIAMONDS EIGHT,0.5936,0.0092,0.3972
DIAMONDS THREE DIAMONDS FOUR,0.6654,0.0314,0.3032
CLUBS TWO SPADES FOUR,0.6326,0.0094,0.358
DIAMONDS THREE DIAMONDS FIVE,0.6792,0.0262,0.2946
SPADES FIVE CLUBS TWO,0.6056,0.0098,0.3846
CLUBS TWO SPADES TWO,0.4476,0.0232,0.5292
DIAMONDS THREE DIAMONDS EIGHT,0.6918,0.026,0.2822
SPADES EIGHT CLUBS TWO,0.6292,0.0098,0.361
DIAMONDS THREE DIAMONDS NINE,0.6956,0.0312,0.2732
SPADES NINE CLUBS TWO,0.6326,0.0066,0.3608
DIAMONDS THREE DIAMONDS SIX,0.6842,0.0296,0.2862
SPADES SIX CLUBS TWO,0.6268,0.0098,0.3634
DIAMONDS THREE DIAMONDS SEVEN,0.6886,0.0248,0.2866
SPADES SEVEN CLUBS TWO,0.6368,0.0094,0.3538
CLUBS SIX CLUBS TWO,0.5872,0.0098,0.403
CLUBS SEVEN CLUBS TWO,0.6,0.0084,0.3916
CLUBS FOUR CLUBS TWO,0.5698,0.0086,0.4216
CLUBS FIVE CLUBS TWO,0.5732,0.0096,0.4172
CLUBS TEN CLUBS JACK,0.5056,0.008,0.4864
DIAMONDS FOUR DIAMONDS SIX,0.5522,0.011,0.4368
CLUBS TEN CLUBS QUEEN,0.5194,0.0056,0.475
DIAMONDS FOUR DIAMONDS SEVEN,0.5574,0.01,0.4326
CLUBS TEN CLUBS KING,0.2108,0.1118,0.6774
CLUBS TEN CLUBS ACE,0.3238,0.0026,0.6736
CLUBS EIGHT CLUBS TWO,0.5964,0.0074,0.3962
DIAMONDS FIVE DIAMONDS FOUR,0.5256,0.0082,0.4662
CLUBS NINE CLUBS TWO,0.5838,0.0082,0.408
DIAMONDS NINE DIAMONDS FOUR,0.5822,0.009,0.4088
DIAMONDS EIGHT DIAMONDS FOUR,0.5706,0.0108,0.4186
CLUBS THREE CLUBS TWO,0.6578,0.0304,0.3118
DIAMONDS NINE DIAMONDS FIVE,0.5662,0.0096,0.4242
DIAMONDS TWO CLUBS JACK,0.6246,0.0108,0.3646
DIAMONDS EIGHT DIAMONDS FIVE,0.5604,0.0094,0.4302
CLUBS TEN DIAMONDS TWO,0.6464,0.0092,0.3444
DIAMONDS FIVE DIAMONDS SEVEN,0.549,0.0104,0.4406
DIAMONDS FIVE DIAMONDS SIX,0.541,0.009,0.45
DIAMONDS TWO CLUBS ACE,0.3794,0.0058,0.6148
DIAMONDS TWO CLUBS KING,0.269,0.5276,0.2034
DIAMONDS TWO CLUBS QUEEN,0.6542,0.009,0.3368
DIAMONDS EIGHT DIAMONDS SIX,0.5314,0.0078,0.4608
DIAMONDS NINE DIAMONDS SIX,0.5512,0.01,0.4388
DIAMONDS SEVEN DIAMONDS SIX,0.526,0.0088,0.4652
DIAMONDS EIGHT DIAMONDS SEVEN,0.5168,0.009,0.4742
DIAMONDS NINE DIAMONDS SEVEN,0.542,0.0094,0.4486
DIAMONDS NINE DIAMONDS EIGHT,0.5234,0.0064,0.4702
HEARTS THREE HEARTS TEN,0.6924,0.0312,0.2764
SPADES JACK CLUBS SIX,0.586,0.007,0.407
HEARTS THREE HEARTS JACK,0.685,0.0294,0.2856
SPADES TEN CLUBS SIX,0.5818,0.007,0.4112
SPADES JACK SPADES FIVE,0.559,0.0092,0.4318
SPADES TEN SPADES FIVE,0.5674,0.0112,0.4214
HEARTS THREE HEARTS ACE,0.223,0.0204,0.7566
SPADES ACE CLUBS SIX,0.3576,0.0042,0.6382
HEARTS THREE HEARTS QUEEN,0.6906,0.0348,0.2746
SPADES KING CLUBS SIX,0.223,0.3726,0.4044
HEARTS THREE HEARTS KING,0.0238,0.9062,0.07
SPADES QUEEN CLUBS SIX,0.5868,0.0084,0.4048
SPADES NINE HEARTS TEN,0.5374,0.007,0.4556
SPADES NINE HEARTS JACK,0.5536,0.007,0.4394
SPADES QUEEN SPADES FIVE,0.5628,0.008,0.4292
SPADES KING SPADES FIVE,0.2096,0.4278,0.3626
SPADES ACE SPADES FIVE,0.3252,0.0048,0.67
SPADES NINE HEARTS QUEEN,0.57,0.0078,0.4222
SPADES NINE HEARTS KING,0.2258,0.1614,0.6128
SPADES NINE HEARTS ACE,0.354,0.0042,0.6418
CLUBS TEN SPADES JACK,0.5288,0.0068,0.4644
CLUBS TEN SPADES TEN,0.29,0.0052,0.7048
SPADES ACE CLUBS TEN,0.3458,0.0034,0.6508
SPADES KING CLUBS TEN,0.2284,0.1198,0.6518
CLUBS TEN SPADES QUEEN,0.5558,0.0074,0.4368
SPADES FIVE HEARTS QUEEN,0.5968,0.0084,0.3948
SPADES FIVE HEARTS KING,0.2118,0.4628,0.3254
HEARTS ACE SPADES FIVE,0.347,0.0064,0.6466
CLUBS EIGHT SPADES TEN,0.554,0.0086,0.4374
SPADES JACK HEARTS THREE,0.7362,0.0332,0.2306
SPADES TEN HEARTS THREE,0.7184,0.0314,0.2502
SPADES JACK CLUBS EIGHT,0.5558,0.0094,0.4348
CLUBS SIX HEARTS ACE,0.3578,0.005,0.6372
SPADES ACE CLUBS EIGHT,0.3612,0.0056,0.6332
HEARTS FIVE CLUBS JACK,0.5996,0.007,0.3934
HEARTS FIVE CLUBS TEN,0.5908,0.006,0.4032
CLUBS SIX HEARTS QUEEN,0.5914,0.007,0.4016
SPADES QUEEN CLUBS EIGHT,0.5776,0.0066,0.4158
CLUBS SIX HEARTS KING,0.2242,0.3868,0.389
SPADES KING CLUBS EIGHT,0.223,0.2436,0.5334
DIAMONDS TWO HEARTS JACK,0.6318,0.0094,0.3588
DIAMONDS TWO HEARTS TEN,0.643,0.0084,0.3486
HEARTS FIVE CLUBS ACE,0.344,0.0044,0.6516
SPADES FIVE HEARTS TEN,0.598,0.0096,0.3924
HEARTS FIVE CLUBS KING,0.2288,0.4622,0.309
SPADES FIVE HEARTS JACK,0.5874,0.01,0.4026
HEARTS FIVE CLUBS QUEEN,0.6074,0.0078,0.3848
HEARTS THREE CLUBS KING,0.0248,0.9528,0.0224
HEARTS THREE CLUBS QUEEN,0.7338,0.0334,0.2328
HEARTS FIVE HEARTS JACK,0.5556,0.0078,0.4366
HEARTS FIVE HEARTS TEN,0.5546,0.0066,0.4388
HEARTS THREE CLUBS ACE,0.2212,0.0244,0.7544
SPADES ACE CLUBS QUEEN,0.344,0.0052,0.6508
SPADES KING CLUBS QUEEN,0.2294,0.0638,0.7068
HEARTS THREE CLUBS JACK,0.7222,0.0342,0.2436
SPADES QUEEN CLUBS QUEEN,0.2694,0.0056,0.725
CLUBS TEN HEARTS THREE,0.728,0.0332,0.2388
SPADES JACK CLUBS QUEEN,0.548,0.0068,0.4452
CLUBS SIX CLUBS QUEEN,0.561,0.007,0.432
SPADES TEN CLUBS QUEEN,0.549,0.0062,0.4448
CLUBS SIX CLUBS KING,0.214,0.3606,0.4254
CLUBS SIX CLUBS ACE,0.3308,0.0038,0.6654
HEARTS FIVE HEARTS KING,0.1966,0.427,0.3764
HEARTS FIVE HEARTS QUEEN,0.562,0.006,0.432
CLUBS TEN CLUBS SIX,0.5448,0.0052,0.45
HEARTS FIVE HEARTS ACE,0.3102,0.0044,0.6854
CLUBS SIX CLUBS JACK,0.5622,0.0072,0.4306
SPADES SEVEN HEARTS JACK,0.5904,0.0076,0.402
SPADES SEVEN HEARTS TEN,0.5698,0.0078,0.4224
DIAMONDS TWO CLUBS TWO,0.443,0.0208,0.5362
DIAMONDS TWO CLUBS THREE,0.7192,0.0322,0.2486
DIAMONDS TWO HEARTS SIX,0.6374,0.0084,0.3542
DIAMONDS TWO HEARTS QUEEN,0.647,0.0076,0.3454
HEARTS SEVEN DIAMONDS TWO,0.636,0.008,0.356
DIAMONDS TWO HEARTS KING,0.2582,0.5268,0.215
DIAMONDS TWO HEARTS EIGHT,0.6444,0.0084,0.3472
DIAMONDS TWO HEARTS ACE,0.386,0.0056,0.6084
DIAMONDS TWO HEARTS NINE,0.6422,0.0074,0.3504
DIAMONDS TWO DIAMONDS QUEEN,0.6082,0.008,0.3838
DIAMONDS TWO HEARTS TWO,0.4406,0.0262,0.5332
DIAMONDS TWO HEARTS THREE,0.7328,0.029,0.2382
DIAMONDS TWO DIAMONDS ACE,0.37,0.0074,0.6226
HEARTS FOUR DIAMONDS TWO,0.6308,0.0112,0.358
HEARTS FIVE DIAMONDS TWO,0.6204,0.0086,0.371
SPADES SEVEN HEARTS ACE,0.3582,0.0044,0.6374
DIAMONDS TWO DIAMONDS TEN,0.588,0.0104,0.4016
SPADES SEVEN HEARTS KING,0.2216,0.303,0.4754
DIAMONDS TWO DIAMONDS JACK,0.6042,0.0096,0.3862
SPADES SEVEN HEARTS QUEEN,0.5842,0.007,0.4088
DIAMONDS TWO SPADES NINE,0.6276,0.0084,0.364
DIAMONDS TWO SPADES EIGHT,0.6284,0.0102,0.3614
DIAMONDS TWO SPADES SEVEN,0.6342,0.0096,0.3562
DIAMONDS TWO SPADES SIX,0.63,0.0096,0.3604
DIAMONDS TWO SPADES FIVE,0.626,0.0122,0.3618
DIAMONDS TWO SPADES FOUR,0.6114,0.0116,0.377
DIAMONDS TWO SPADES TWO,0.4382,0.0246,0.5372
CLUBS NINE DIAMONDS TWO,0.6358,0.0076,0.3566
DIAMONDS TWO CLUBS EIGHT,0.6296,0.008,0.3624
CLUBS SEVEN DIAMONDS TWO,0.635,0.0078,0.3572
DIAMONDS TWO CLUBS SIX,0.6306,0.0108,0.3586
DIAMONDS TWO CLUBS FIVE,0.6218,0.0102,0.368
DIAMONDS TWO CLUBS FOUR,0.6232,0.0084,0.3684
CLUBS FOUR SPADES FIVE,0.5666,0.0092,0.4242
CLUBS FOUR SPADES FOUR,0.3244,0.0194,0.6562
CLUBS FOUR SPADES TWO,0.6154,0.011,0.3736
SPADES NINE CLUBS FOUR,0.6038,0.0086,0.3876
SPADES EIGHT CLUBS FOUR,0.5844,0.0062,0.4094
SPADES SEVEN CLUBS FOUR,0.591,0.0092,0.3998
CLUBS FOUR SPADES SIX,0.5778,0.007,0.4152
SPADES ACE DIAMONDS SIX,0.3506,0.0058,0.6436
SPADES QUEEN DIAMONDS SIX,0.5996,0.0058,0.3946
SPADES KING DIAMONDS SIX,0.2172,0.3934,0.3894
SPADES TEN DIAMONDS SIX,0.5822,0.0066,0.4112
SPADES JACK DIAMONDS SIX,0.5894,0.0074,0.4032
SPADES QUEEN SPADES TWO,0.5864,0.0106,0.403
SPADES KING SPADES TWO,0.246,0.4978,0.2562
SPADES ACE SPADES TWO,0.3546,0.0064,0.639
DIAMONDS JACK CLUBS JACK,0.295,0.0072,0.6978
CLUBS TEN DIAMONDS JACK,0.5388,0.0076,0.4536
DIAMONDS JACK CLUBS KING,0.2498,0.0848,0.6654
DIAMONDS JACK CLUBS QUEEN,0.544,0.0068,0.4492
DIAMONDS THREE DIAMONDS JACK,0.692,0.0324,0.2756
DIAMONDS THREE DIAMONDS TEN,0.6964,0.0346,0.269
DIAMONDS JACK CLUBS ACE,0.356,0.0042,0.6398
DIAMONDS THREE HEARTS THREE,0.3104,0.0248,0.6648
DIAMONDS THREE DIAMONDS QUEEN,0.7058,0.0298,0.2644
DIAMONDS THREE HEARTS TWO,0.711,0.0344,0.2546
HEARTS FIVE DIAMONDS THREE,0.6846,0.032,0.2834
DIAMONDS THREE DIAMONDS ACE,0.2152,0.0198,0.765
HEARTS FOUR DIAMONDS THREE,0.7052,0.0278,0.267
HEARTS SEVEN DIAMONDS THREE,0.7174,0.0288,0.2538
SPADES TEN SPADES NINE,0.52,0.0084,0.4716
HEARTS SIX DIAMONDS THREE,0.7208,0.028,0.2512
SPADES JACK SPADES NINE,0.5264,0.0076,0.466
DIAMONDS THREE HEARTS NINE,0.7248,0.0344,0.2408
HEARTS JACK DIAMONDS FOUR,0.6092,0.0084,0.3824
HEARTS ACE HEARTS KING,0.2126,0.0126,0.7748
SPADES TEN SPADES TWO,0.6018,0.008,0.3902
DIAMONDS THREE HEARTS EIGHT,0.7348,0.03,0.2352
HEARTS TEN DIAMONDS FOUR,0.603,0.0086,0.3884
SPADES JACK SPADES TWO,0.5908,0.009,0.4002
HEARTS QUEEN DIAMONDS FOUR,0.608,0.0072,0.3848
HEARTS KING DIAMONDS FOUR,0.2174,0.5186,0.264
SPADES ACE SPADES NINE,0.3362,0.0038,0.66
HEARTS ACE DIAMONDS FOUR,0.3446,0.0038,0.6516
SPADES KING SPADES NINE,0.239,0.1564,0.6046
SPADES QUEEN SPADES NINE,0.5312,0.0066,0.4622
DIAMONDS THREE SPADES NINE,0.7246,0.0382,0.2372
DIAMONDS THREE SPADES EIGHT,0.7266,0.031,0.2424
DIAMONDS THREE SPADES SEVEN,0.7252,0.0254,0.2494
DIAMONDS THREE SPADES SIX,0.7154,0.0294,0.2552
DIAMONDS THREE CLUBS SIX,0.7178,0.0276,0.2546
CLUBS FIVE CLUBS SIX,0.5392,0.0068,0.454
CLUBS ACE DIAMONDS FOUR,0.3328,0.0048,0.6624
CLUBS SEVEN DIAMONDS THREE,0.7154,0.0298,0.2548
CLUBS SEVEN CLUBS FIVE,0.532,0.009,0.459
DIAMONDS THREE CLUBS FOUR,0.6986,0.0334,0.268
DIAMONDS FOUR CLUBS QUEEN,0.6038,0.01,0.3862
DIAMONDS THREE CLUBS FIVE,0.6898,0.0276,0.2826
CLUBS KING DIAMONDS FOUR,0.2196,0.5154,0.265
DIAMONDS THREE CLUBS TWO,0.7098,0.032,0.2582
CLUBS TEN DIAMONDS FOUR,0.6098,0.0088,0.3814
DIAMONDS THREE CLUBS THREE,0.3132,0.0236,0.6632
DIAMONDS FOUR CLUBS JACK,0.6024,0.0102,0.3874
DIAMONDS THREE SPADES FOUR,0.705,0.0292,0.2658
DIAMONDS THREE SPADES FIVE,0.6884,0.0372,0.2744
DIAMONDS THREE SPADES TWO,0.7184,0.0326,0.249
CLUBS EIGHT DIAMONDS THREE,0.74,0.0254,0.2346
CLUBS NINE DIAMONDS THREE,0.7082,0.036,0.2558
SPADES SEVEN CLUBS ACE,0.3512,0.0052,0.6436
SPADES SEVEN CLUBS QUEEN,0.5822,0.0074,0.4104
SPADES SEVEN CLUBS KING,0.214,0.3096,0.4764
CLUBS FIVE SPADES SEVEN,0.5732,0.0098,0.417
CLUBS TEN SPADES SEVEN,0.56,0.0092,0.4308
CLUBS FIVE SPADES SIX,0.5576,0.0118,0.4306
SPADES SEVEN CLUBS JACK,0.5852,0.0068,0.408
CLUBS FIVE SPADES NINE,0.591,0.0106,0.3984
CLUBS FIVE SPADES EIGHT,0.5636,0.006,0.4304
CLUBS FIVE SPADES TWO,0.6306,0.009,0.3604
CLUBS FIVE SPADES FIVE,0.3268,0.0188,0.6544
CLUBS FIVE SPADES FOUR,0.5528,0.0094,0.4378
CLUBS NINE CLUBS FIVE,0.55,0.009,0.441
CLUBS EIGHT CLUBS FIVE,0.532,0.0096,0.4584
CLUBS ACE CLUBS QUEEN,0.323,0.0054,0.6716
CLUBS KING CLUBS QUEEN,0.2132,0.0672,0.7196
DIAMONDS TEN DIAMONDS FOUR,0.5616,0.0068,0.4316
CLUBS TEN DIAMONDS NINE,0.5506,0.0076,0.4418
DIAMONDS JACK DIAMONDS FOUR,0.562,0.0096,0.4284
DIAMONDS NINE CLUBS JACK,0.5552,0.009,0.4358
SPADES NINE CLUBS JACK,0.5514,0.0068,0.4418
CLUBS TEN SPADES NINE,0.5446,0.007,0.4484
DIAMONDS ACE DIAMONDS FOUR,0.3312,0.0068,0.662
HEARTS FOUR DIAMONDS FOUR,0.3486,0.0184,0.633
DIAMONDS JACK HEARTS TEN,0.5432,0.0078,0.449
SPADES NINE CLUBS KING,0.2266,0.1684,0.605
DIAMONDS TWO SPADES TEN,0.6382,0.009,0.3528
DIAMONDS NINE CLUBS ACE,0.3652,0.0048,0.63
HEARTS FIVE DIAMONDS FOUR,0.5726,0.01,0.4174
DIAMONDS JACK HEARTS JACK,0.2934,0.0064,0.7002
SPADES NINE CLUBS QUEEN,0.5634,0.0062,0.4304
DIAMONDS TWO SPADES JACK,0.6436,0.0102,0.3462
DIAMONDS QUEEN DIAMONDS FOUR,0.5888,0.0094,0.4018
HEARTS TWO DIAMONDS FOUR,0.619,0.0098,0.3712
DIAMONDS NINE CLUBS QUEEN,0.5776,0.005,0.4174
HEARTS THREE DIAMONDS FOUR,0.7,0.0314,0.2686
SPADES NINE CLUBS ACE,0.3498,0.0032,0.647
DIAMONDS NINE CLUBS KING,0.2394,0.1722,0.5884
HEARTS ACE DIAMONDS JACK,0.3506,0.004,0.6454
SPADES ACE DIAMONDS TWO,0.3742,0.0062,0.6196
HEARTS QUEEN DIAMONDS JACK,0.5538,0.0068,0.4394
SPADES QUEEN DIAMONDS TWO,0.6308,0.0098,0.3594
DIAMONDS JACK HEARTS KING,0.2434,0.091,0.6656
SPADES KING DIAMONDS TWO,0.2662,0.524,0.2098
SPADES JACK SPADES SEVEN,0.5486,0.0078,0.4436
SPADES TEN SPADES SEVEN,0.5322,0.0076,0.4602
CLUBS SEVEN CLUBS THREE,0.6756,0.0258,0.2986
CLUBS SIX CLUBS THREE,0.6656,0.0242,0.3102
CLUBS FIVE CLUBS THREE,0.6526,0.0306,0.3168
CLUBS THREE CLUBS FOUR,0.6664,0.032,0.3016
CLUBS NINE CLUBS THREE,0.6922,0.0252,0.2826
CLUBS EIGHT CLUBS THREE,0.6876,0.0258,0.2866
CLUBS THREE SPADES FIVE,0.6874,0.0312,0.2814
CLUBS THREE SPADES FOUR,0.6882,0.0298,0.282
CLUBS THREE SPADES TWO,0.7202,0.034,0.2458
CLUBS THREE SPADES SIX,0.7056,0.0292,0.2652
CLUBS THREE SPADES SEVEN,0.7096,0.0306,0.2598
SPADES EIGHT CLUBS THREE,0.729,0.0296,0.2414
SPADES NINE CLUBS THREE,0.7246,0.0326,0.2428
SPADES TWO DIAMONDS FOUR,0.6324,0.0126,0.355
SPADES FOUR DIAMONDS FOUR,0.3364,0.0214,0.6422
SPADES FIVE DIAMONDS FOUR,0.5604,0.0118,0.4278
SPADES SIX DIAMONDS FOUR,0.5862,0.0096,0.4042
SPADES SEVEN DIAMONDS FOUR,0.588,0.0096,0.4024
SPADES EIGHT DIAMONDS FOUR,0.5912,0.009,0.3998
SPADES NINE DIAMONDS FOUR,0.5982,0.0112,0.3906
CLUBS FIVE DIAMONDS FOUR,0.5706,0.0112,0.4182
CLUBS FOUR DIAMONDS FOUR,0.3472,0.0216,0.6312
CLUBS SEVEN DIAMONDS FOUR,0.591,0.009,0.4
CLUBS SIX DIAMONDS FOUR,0.5802,0.008,0.4118
CLUBS NINE DIAMONDS FOUR,0.5968,0.009,0.3942
CLUBS EIGHT DIAMONDS FOUR,0.6004,0.0108,0.3888
HEARTS SEVEN DIAMONDS FOUR,0.5858,0.0104,0.4038
HEARTS SIX DIAMONDS FOUR,0.5762,0.008,0.4158
DIAMONDS FOUR HEARTS NINE,0.5956,0.0082,0.3962
DIAMONDS FOUR HEARTS EIGHT,0.5754,0.009,0.4156
CLUBS THREE DIAMONDS FOUR,0.7134,0.028,0.2586
CLUBS TWO DIAMONDS FOUR,0.6058,0.0112,0.383
DIAMONDS TEN DIAMONDS FIVE,0.5702,0.0104,0.4194
DIAMONDS JACK DIAMONDS FIVE,0.574,0.0072,0.4188
DIAMONDS NINE HEARTS QUEEN,0.5766,0.0062,0.4172
DIAMONDS NINE HEARTS KING,0.2414,0.1664,0.5922
HEARTS ACE DIAMONDS NINE,0.3584,0.0046,0.637
DIAMONDS NINE HEARTS TEN,0.5418,0.0098,0.4484
DIAMONDS NINE HEARTS JACK,0.5612,0.008,0.4308
CLUBS KING DIAMONDS SIX,0.2328,0.3746,0.3926
CLUBS QUEEN DIAMONDS SIX,0.5908,0.0086,0.4006
CLUBS ACE DIAMONDS SIX,0.3716,0.0038,0.6246
SPADES KING DIAMONDS FOUR,0.2124,0.5292,0.2584
SPADES ACE SPADES SEVEN,0.3456,0.005,0.6494
SPADES QUEEN DIAMONDS FOUR,0.6072,0.0106,0.3822
SPADES QUEEN SPADES SEVEN,0.5688,0.0082,0.423
CLUBS JACK DIAMONDS SIX,0.5958,0.0088,0.3954
SPADES KING SPADES SEVEN,0.2178,0.2798,0.5024
SPADES ACE DIAMONDS FOUR,0.3382,0.0058,0.656
CLUBS TEN DIAMONDS SIX,0.5836,0.0074,0.409
CLUBS NINE CLUBS FOUR,0.564,0.0086,0.4274
CLUBS EIGHT CLUBS FOUR,0.5456,0.0102,0.4442
SPADES JACK DIAMONDS FOUR,0.5984,0.01,0.3916
SPADES TEN DIAMONDS FOUR,0.5986,0.009,0.3924
CLUBS FIVE CLUBS FOUR,0.5286,0.0102,0.4612
CLUBS SEVEN CLUBS FOUR,0.548,0.0092,0.4428
CLUBS SIX CLUBS FOUR,0.5368,0.011,0.4522
CLUBS SEVEN SPADES EIGHT,0.5514,0.0064,0.4422
CLUBS SEVEN SPADES NINE,0.5586,0.008,0.4334
CLUBS SEVEN SPADES SIX,0.5424,0.0074,0.4502
CLUBS SEVEN SPADES SEVEN,0.32,0.0128,0.6672
CLUBS SEVEN SPADES FIVE,0.5626,0.0094,0.428
CLUBS SEVEN SPADES FOUR,0.5748,0.0098,0.4154
CLUBS SEVEN SPADES TWO,0.6348,0.0082,0.357
CLUBS NINE CLUBS SEVEN,0.5142,0.0084,0.4774
CLUBS SEVEN CLUBS EIGHT,0.5054,0.0088,0.4858
HEARTS SIX DIAMONDS FIVE,0.5662,0.0092,0.4246
HEARTS SEVEN DIAMONDS FIVE,0.5798,0.0078,0.4124
DIAMONDS FIVE HEARTS EIGHT,0.5694,0.0104,0.4202
DIAMONDS FIVE HEARTS NINE,0.5918,0.0082,0.4
DIAMONDS QUEEN DIAMONDS FIVE,0.5742,0.0094,0.4164
HEARTS TWO DIAMONDS FIVE,0.6138,0.0102,0.376
HEARTS KING HEARTS EIGHT,0.2162,0.2194,0.5644
HEARTS THREE DIAMONDS FIVE,0.6846,0.0268,0.2886
HEARTS QUEEN HEARTS EIGHT,0.5332,0.0088,0.458
DIAMONDS ACE DIAMONDS FIVE,0.3208,0.0054,0.6738
HEARTS FOUR DIAMONDS FIVE,0.5644,0.0098,0.4258
HEARTS FIVE DIAMONDS FIVE,0.3358,0.016,0.6482
HEARTS ACE HEARTS EIGHT,0.3414,0.0054,0.6532
CLUBS FOUR DIAMONDS FIVE,0.5778,0.01,0.4122
CLUBS FIVE DIAMONDS FIVE,0.3434,0.0142,0.6424
CLUBS SIX DIAMONDS FIVE,0.5766,0.0108,0.4126
CLUBS SEVEN DIAMONDS FIVE,0.5748,0.01,0.4152
CLUBS TWO DIAMONDS FIVE,0.6058,0.0086,0.3856
CLUBS THREE DIAMONDS FIVE,0.6966,0.029,0.2744
SPADES TWO DIAMONDS FIVE,0.6272,0.01,0.3628
SPADES JACK DIAMONDS EIGHT,0.567,0.0102,0.4228
SPADES FIVE DIAMONDS FIVE,0.3312,0.0182,0.6506
CLUBS TEN HEARTS JACK,0.5322,0.0082,0.4596
SPADES TEN DIAMONDS EIGHT,0.5542,0.0086,0.4372
SPADES FOUR DIAMONDS FIVE,0.5688,0.0086,0.4226
HEARTS JACK CLUBS JACK,0.304,0.0074,0.6886
HEARTS JACK CLUBS QUEEN,0.547,0.006,0.447
CLUBS NINE DIAMONDS FIVE,0.5948,0.01,0.3952
CLUBS KING HEARTS JACK,0.2346,0.0868,0.6786
CLUBS EIGHT DIAMONDS FIVE,0.5814,0.009,0.4096
CLUBS ACE HEARTS JACK,0.354,0.004,0.642
SPADES SEVEN DIAMONDS FIVE,0.5716,0.0104,0.418
SPADES KING DIAMONDS EIGHT,0.219,0.232,0.549
SPADES QUEEN DIAMONDS EIGHT,0.5736,0.0078,0.4186
SPADES SIX DIAMONDS FIVE,0.5626,0.0088,0.4286
SPADES NINE DIAMONDS FIVE,0.6006,0.0082,0.3912
SPADES EIGHT DIAMONDS FIVE,0.5764,0.009,0.4146
SPADES ACE DIAMONDS EIGHT,0.3624,0.005,0.6326
DIAMONDS TEN DIAMONDS SIX,0.554,0.0078,0.4382
HEARTS ACE DIAMONDS SEVEN,0.3566,0.0032,0.6402
DIAMONDS JACK DIAMONDS SIX,0.5664,0.0082,0.4254
HEARTS QUEEN DIAMONDS SEVEN,0.5928,0.0092,0.398
HEARTS KING DIAMONDS SEVEN,0.2226,0.3066,0.4708
DIAMONDS ACE DIAMONDS SIX,0.3428,0.0038,0.6534
HEARTS FOUR DIAMONDS SIX,0.5724,0.0096,0.418
SPADES TWO HEARTS JACK,0.6224,0.01,0.3676
HEARTS FIVE DIAMONDS SIX,0.5642,0.0092,0.4266
SPADES TWO HEARTS TEN,0.6292,0.0092,0.3616
DIAMONDS QUEEN DIAMONDS SIX,0.5704,0.009,0.4206
HEARTS TWO DIAMONDS SIX,0.6332,0.0086,0.3582
HEARTS THREE DIAMONDS SIX,0.715,0.0284,0.2566
HEARTS EIGHT DIAMONDS SIX,0.561,0.0076,0.4314
HEARTS NINE DIAMONDS SIX,0.5874,0.006,0.4066
HEARTS SIX DIAMONDS SIX,0.3446,0.0124,0.643
HEARTS SEVEN DIAMONDS SIX,0.555,0.0076,0.4374
HEARTS TEN DIAMONDS SEVEN,0.566,0.0074,0.4266
CLUBS TWO DIAMONDS SIX,0.6338,0.01,0.3562
HEARTS JACK DIAMONDS SEVEN,0.5936,0.0072,0.3992
CLUBS THREE DIAMONDS SIX,0.7166,0.0228,0.2606
CLUBS SEVEN DIAMONDS SIX,0.5726,0.0088,0.4186
DIAMONDS EIGHT CLUBS JACK,0.5788,0.0082,0.413
CLUBS SIX DIAMONDS SIX,0.3318,0.0162,0.652
CLUBS TEN DIAMONDS EIGHT,0.5546,0.0082,0.4372
CLUBS FIVE DIAMONDS SIX,0.5796,0.0096,0.4108
CLUBS FOUR DIAMONDS SIX,0.5754,0.0066,0.418
HEARTS ACE HEARTS JACK,0.3276,0.0048,0.6676
DIAMONDS EIGHT CLUBS ACE,0.3462,0.0028,0.651
HEARTS QUEEN HEARTS JACK,0.5186,0.0062,0.4752
DIAMONDS EIGHT CLUBS KING,0.238,0.2292,0.5328
CLUBS NINE DIAMONDS SIX,0.5782,0.0082,0.4136
HEARTS KING HEARTS JACK,0.2256,0.0886,0.6858
DIAMONDS EIGHT CLUBS QUEEN,0.572,0.0074,0.4206
CLUBS EIGHT DIAMONDS SIX,0.5652,0.0072,0.4276
SPADES TEN HEARTS KING,0.2206,0.1152,0.6642
SPADES FIVE DIAMONDS SIX,0.5606,0.0098,0.4296
HEARTS ACE SPADES TWO,0.3676,0.006,0.6264
SPADES JACK HEARTS KING,0.2328,0.0876,0.6796
SPADES FOUR DIAMONDS SIX,0.5714,0.0104,0.4182
HEARTS QUEEN SPADES TWO,0.6422,0.0094,0.3484
SPADES ACE SPADES KING,0.2092,0.0152,0.7756
SPADES TWO HEARTS KING,0.2616,0.525,0.2134
SPADES TWO DIAMONDS SIX,0.634,0.011,0.355
HEARTS TEN HEARTS EIGHT,0.5176,0.0076,0.4748
SPADES NINE DIAMONDS SIX,0.58,0.0078,0.4122
HEARTS JACK HEARTS EIGHT,0.5326,0.0074,0.46
SPADES EIGHT DIAMONDS SIX,0.5676,0.0088,0.4236
SPADES SEVEN DIAMONDS SIX,0.5678,0.0072,0.425
SPADES SIX DIAMONDS SIX,0.345,0.0168,0.6382
SPADES KING HEARTS KING,0.0638,0.0146,0.9216
SPADES QUEEN HEARTS KING,0.2372,0.062,0.7008
CLUBS ACE CLUBS KING,0.2138,0.0132,0.773
SPADES ACE HEARTS KING,0.217,0.011,0.772
SPADES ACE HEARTS JACK,0.3422,0.0028,0.655
SPADES QUEEN HEARTS JACK,0.5448,0.0074,0.4478
SPADES KING HEARTS JACK,0.233,0.088,0.679
SPADES TEN DIAMONDS TEN,0.2894,0.009,0.7016
SPADES JACK DIAMONDS TEN,0.5446,0.0062,0.4492
SPADES ACE DIAMONDS TEN,0.3502,0.0042,0.6456
SPADES JACK HEARTS JACK,0.278,0.0058,0.7162
SPADES TEN HEARTS JACK,0.5262,0.0058,0.468
SPADES QUEEN DIAMONDS TEN,0.565,0.007,0.428
SPADES KING DIAMONDS TEN,0.225,0.114,0.661
SPADES NINE DIAMONDS SEVEN,0.5672,0.0064,0.4264
SPADES EIGHT DIAMONDS SEVEN,0.5344,0.009,0.4566
SPADES SEVEN DIAMONDS SEVEN,0.3292,0.0142,0.6566
SPADES SIX DIAMONDS SEVEN,0.5768,0.007,0.4162
HEARTS THREE DIAMONDS SEVEN,0.7226,0.0278,0.2496
HEARTS KING DIAMONDS FIVE,0.2142,0.4642,0.3216
DIAMONDS QUEEN DIAMONDS SEVEN,0.5684,0.0086,0.423
HEARTS TWO DIAMONDS SEVEN,0.6162,0.0118,0.372
HEARTS QUEEN DIAMONDS FIVE,0.595,0.0116,0.3934
HEARTS FIVE DIAMONDS SEVEN,0.5788,0.007,0.4142
DIAMONDS ACE DIAMONDS SEVEN,0.3282,0.0074,0.6644
HEARTS FOUR DIAMONDS SEVEN,0.5936,0.0082,0.3982
HEARTS ACE DIAMONDS FIVE,0.3522,0.0056,0.6422
HEARTS SEVEN DIAMONDS SEVEN,0.3212,0.0158,0.663
HEARTS SIX DIAMONDS SEVEN,0.5514,0.0072,0.4414
DIAMONDS SEVEN HEARTS NINE,0.5634,0.0074,0.4292
HEARTS EIGHT DIAMONDS SEVEN,0.5626,0.007,0.4304
DIAMONDS JACK DIAMONDS SEVEN,0.5722,0.0086,0.4192
DIAMONDS FIVE HEARTS JACK,0.5968,0.0096,0.3936
DIAMONDS TEN DIAMONDS SEVEN,0.5448,0.0076,0.4476
HEARTS TEN DIAMONDS FIVE,0.5946,0.0076,0.3978
SPADES KING CLUBS TWO,0.2452,0.5424,0.2124
HEARTS KING CLUBS KING,0.0658,0.0138,0.9204
CLUBS EIGHT DIAMONDS SEVEN,0.566,0.007,0.427
SPADES QUEEN CLUBS TWO,0.6344,0.0098,0.3558
HEARTS KING CLUBS QUEEN,0.2418,0.0608,0.6974
CLUBS NINE DIAMONDS SEVEN,0.555,0.0084,0.4366
SPADES TWO CLUBS JACK,0.6368,0.0086,0.3546
SPADES ACE CLUBS TWO,0.3698,0.0052,0.625
CLUBS TEN SPADES TWO,0.6374,0.0092,0.3534
HEARTS KING CLUBS ACE,0.2114,0.0146,0.774
CLUBS SEVEN CLUBS SIX,0.5158,0.0112,0.473
SPADES TWO CLUBS KING,0.2678,0.5212,0.211
SPADES TWO DIAMONDS SEVEN,0.6412,0.0112,0.3476
CLUBS EIGHT CLUBS SIX,0.528,0.0074,0.4646
SPADES TWO CLUBS QUEEN,0.6362,0.008,0.3558
CLUBS NINE CLUBS SIX,0.5446,0.009,0.4464
SPADES FOUR DIAMONDS SEVEN,0.5752,0.0112,0.4136
HEARTS KING CLUBS JACK,0.2346,0.083,0.6824
SPADES FIVE DIAMONDS SEVEN,0.5736,0.009,0.4174
SPADES TWO CLUBS ACE,0.3772,0.0056,0.6172
CLUBS TEN HEARTS KING,0.2228,0.1106,0.6666
CLUBS SIX SPADES TWO,0.6242,0.0096,0.3662
CLUBS TWO DIAMONDS SEVEN,0.6336,0.0096,0.3568
CLUBS SIX SPADES FOUR,0.5782,0.0086,0.4132
CLUBS THREE DIAMONDS SEVEN,0.7152,0.0298,0.255
CLUBS SIX SPADES FIVE,0.5656,0.008,0.4264
CLUBS FOUR DIAMONDS SEVEN,0.6,0.0076,0.3924
CLUBS SIX SPADES SIX,0.3318,0.0152,0.653
CLUBS FIVE DIAMONDS SEVEN,0.573,0.0086,0.4184
CLUBS SIX SPADES SEVEN,0.5544,0.0088,0.4368
CLUBS SIX DIAMONDS SEVEN,0.5588,0.0092,0.432
CLUBS SIX SPADES EIGHT,0.5544,0.0076,0.438
SPADES JACK CLUBS TWO,0.64,0.0084,0.3516
CLUBS SEVEN DIAMONDS SEVEN,0.33,0.0118,0.6582
SPADES NINE CLUBS SIX,0.5708,0.0042,0.425
SPADES TEN CLUBS TWO,0.621,0.0096,0.3694
CLUBS TWO CLUBS QUEEN,0.601,0.0092,0.3898
CLUBS TWO CLUBS KING,0.2424,0.4832,0.2744
CLUBS THREE DIAMONDS EIGHT,0.7362,0.0288,0.235
CLUBS TWO CLUBS ACE,0.358,0.0042,0.6378
CLUBS TWO DIAMONDS EIGHT,0.6148,0.0098,0.3754
HEARTS SEVEN DIAMONDS EIGHT,0.5452,0.0114,0.4434
HEARTS SIX DIAMONDS EIGHT,0.5578,0.0086,0.4336
DIAMONDS EIGHT HEARTS NINE,0.555,0.008,0.437
CLUBS TEN CLUBS TWO,0.6034,0.0102,0.3864
DIAMONDS EIGHT HEARTS EIGHT,0.32,0.012,0.668
CLUBS TWO CLUBS JACK,0.5934,0.011,0.3956
CLUBS NINE DIAMONDS EIGHT,0.5526,0.0068,0.4406
CLUBS EIGHT DIAMONDS EIGHT,0.3084,0.0124,0.6792
CLUBS FIVE DIAMONDS EIGHT,0.5736,0.0088,0.4176
CLUBS FOUR DIAMONDS EIGHT,0.5814,0.008,0.4106
CLUBS SEVEN DIAMONDS EIGHT,0.5674,0.007,0.4256
CLUBS SIX DIAMONDS EIGHT,0.5634,0.0088,0.4278
DIAMONDS QUEEN DIAMONDS EIGHT,0.5662,0.006,0.4278
HEARTS TWO DIAMONDS EIGHT,0.6354,0.0096,0.355
HEARTS THREE DIAMONDS EIGHT,0.735,0.0312,0.2338
DIAMONDS ACE DIAMONDS EIGHT,0.339,0.006,0.655
HEARTS FOUR DIAMONDS EIGHT,0.5964,0.0074,0.3962
HEARTS FIVE DIAMONDS EIGHT,0.5642,0.0108,0.425
DIAMONDS EIGHT DIAMONDS TEN,0.538,0.008,0.454
DIAMONDS EIGHT DIAMONDS JACK,0.5534,0.0074,0.4392
CLUBS FOUR HEARTS ACE,0.337,0.0046,0.6584
CLUBS FOUR HEARTS QUEEN,0.5988,0.0078,0.3934
CLUBS FOUR HEARTS KING,0.2274,0.5056,0.267
CLUBS SIX HEARTS TEN,0.5892,0.0038,0.407
CLUBS SIX HEARTS JACK,0.585,0.0068,0.4082
DIAMONDS EIGHT SPADES FOUR,0.5892,0.014,0.3968
SPADES FIVE DIAMONDS EIGHT,0.5774,0.0078,0.4148
DIAMONDS EIGHT SPADES TWO,0.6444,0.0096,0.346
CLUBS FOUR HEARTS JACK,0.6046,0.0084,0.387
SPADES EIGHT DIAMONDS EIGHT,0.321,0.0122,0.6668
SPADES TEN DIAMONDS QUEEN,0.5564,0.008,0.4356
SPADES TEN HEARTS TWO,0.6252,0.009,0.3658
SPADES JACK HEARTS EIGHT,0.5696,0.0078,0.4226
CLUBS FOUR HEARTS TEN,0.597,0.0098,0.3932
SPADES NINE DIAMONDS EIGHT,0.5568,0.0098,0.4334
SPADES TEN HEARTS EIGHT,0.5506,0.0074,0.442
SPADES JACK HEARTS TWO,0.6354,0.0096,0.355
SPADES JACK DIAMONDS QUEEN,0.5676,0.0086,0.4238
SPADES SIX DIAMONDS EIGHT,0.564,0.0106,0.4254
SPADES SEVEN DIAMONDS EIGHT,0.5482,0.0092,0.4426
SPADES ACE HEARTS TWO,0.3754,0.0042,0.6204
SPADES ACE DIAMONDS QUEEN,0.3434,0.0058,0.6508
SPADES ACE HEARTS EIGHT,0.346,0.0058,0.6482
SPADES KING HEARTS EIGHT,0.2226,0.2316,0.5458
SPADES QUEEN HEARTS TWO,0.6414,0.0078,0.3508
SPADES QUEEN DIAMONDS QUEEN,0.2728,0.0052,0.722
SPADES KING DIAMONDS QUEEN,0.2304,0.0636,0.706
SPADES KING HEARTS TWO,0.2544,0.525,0.2206
SPADES QUEEN HEARTS EIGHT,0.5796,0.007,0.4134
CLUBS TWO HEARTS TEN,0.641,0.0078,0.3512
CLUBS TWO HEARTS JACK,0.6288,0.0092,0.362
SPADES SEVEN DIAMONDS NINE,0.5618,0.0094,0.4288
SPADES SIX DIAMONDS NINE,0.5796,0.008,0.4124
SPADES NINE DIAMONDS NINE,0.3142,0.01,0.6758
SPADES EIGHT DIAMONDS NINE,0.5396,0.0104,0.45
SPADES TEN CLUBS KING,0.2322,0.1118,0.656
SPADES JACK CLUBS KING,0.231,0.087,0.682
DIAMONDS NINE SPADES TWO,0.6522,0.008,0.3398
DIAMONDS NINE SPADES FIVE,0.5938,0.0108,0.3954
DIAMONDS NINE SPADES FOUR,0.6104,0.0088,0.3808
CLUBS NINE DIAMONDS NINE,0.3052,0.0084,0.6864
CLUBS EIGHT DIAMONDS NINE,0.5734,0.006,0.4206
CLUBS SIX DIAMONDS NINE,0.5764,0.0078,0.4158
SPADES JACK CLUBS FOUR,0.6042,0.0094,0.3864
CLUBS SEVEN DIAMONDS NINE,0.5698,0.007,0.4232
SPADES TEN CLUBS FOUR,0.598,0.0078,0.3942
CLUBS FOUR DIAMONDS NINE,0.5878,0.0072,0.405
CLUBS FIVE DIAMONDS NINE,0.5952,0.0092,0.3956
DIAMONDS NINE CLUBS TWO,0.6332,0.0088,0.358
CLUBS THREE DIAMONDS NINE,0.7374,0.0344,0.2282
DIAMONDS NINE HEARTS EIGHT,0.5498,0.0088,0.4414
DIAMONDS NINE HEARTS NINE,0.3206,0.0094,0.67
HEARTS SIX DIAMONDS NINE,0.5732,0.007,0.4198
HEARTS SEVEN DIAMONDS NINE,0.5702,0.009,0.4208
CLUBS NINE CLUBS EIGHT,0.5196,0.0076,0.4728
DIAMONDS ACE DIAMONDS NINE,0.3324,0.0046,0.663
HEARTS FOUR DIAMONDS NINE,0.613,0.0094,0.3776
HEARTS FIVE DIAMONDS NINE,0.5886,0.0088,0.4026
HEARTS ACE CLUBS TWO,0.3846,0.0052,0.6102
SPADES ACE CLUBS FOUR,0.344,0.0058,0.6502
DIAMONDS QUEEN DIAMONDS NINE,0.5536,0.006,0.4404
HEARTS TWO DIAMONDS NINE,0.6262,0.0094,0.3644
CLUBS TWO HEARTS KING,0.2588,0.5146,0.2266
SPADES KING CLUBS FOUR,0.217,0.5164,0.2666
HEARTS THREE DIAMONDS NINE,0.7306,0.0372,0.2322
CLUBS TWO HEARTS QUEEN,0.6296,0.0058,0.3646
SPADES QUEEN CLUBS FOUR,0.6118,0.0092,0.379
DIAMONDS NINE DIAMONDS JACK,0.5274,0.0072,0.4654
CLUBS EIGHT SPADES NINE,0.5382,0.0076,0.4542
DIAMONDS NINE DIAMONDS TEN,0.5188,0.0052,0.476
CLUBS EIGHT SPADES EIGHT,0.3026,0.012,0.6854
CLUBS EIGHT SPADES SEVEN,0.5446,0.0078,0.4476
CLUBS EIGHT SPADES SIX,0.5502,0.0074,0.4424
CLUBS EIGHT SPADES FIVE,0.5678,0.0096,0.4226
CLUBS EIGHT SPADES FOUR,0.588,0.0092,0.4028
CLUBS EIGHT SPADES TWO,0.6288,0.0092,0.362
HEARTS SIX DIAMONDS TEN,0.5882,0.0094,0.4024
HEARTS SEVEN DIAMONDS TEN,0.5774,0.008,0.4146
DIAMONDS TEN HEARTS EIGHT,0.5534,0.0068,0.4398
CLUBS FOUR CLUBS JACK,0.5554,0.0088,0.4358
DIAMONDS TEN HEARTS NINE,0.5434,0.0072,0.4494
CLUBS TEN CLUBS FOUR,0.5606,0.0078,0.4316
CLUBS FOUR CLUBS KING,0.2098,0.4838,0.3064
CLUBS FOUR CLUBS QUEEN,0.5644,0.0104,0.4252
CLUBS TWO DIAMONDS TEN,0.6346,0.0086,0.3568
CLUBS THREE DIAMONDS TEN,0.73,0.0354,0.2346
CLUBS FOUR CLUBS ACE,0.328,0.0058,0.6662
DIAMONDS JACK DIAMONDS TEN,0.511,0.0078,0.4812
DIAMONDS QUEEN DIAMONDS TEN,0.527,0.0078,0.4652
HEARTS TWO DIAMONDS TEN,0.6394,0.0104,0.3502
HEARTS THREE DIAMONDS TEN,0.7346,0.0368,0.2286
DIAMONDS ACE DIAMONDS TEN,0.3386,0.0056,0.6558
HEARTS FOUR DIAMONDS TEN,0.5938,0.01,0.3962
CLUBS EIGHT HEARTS JACK,0.5608,0.0054,0.4338
HEARTS FIVE DIAMONDS TEN,0.6042,0.0072,0.3886
CLUBS EIGHT HEARTS TEN,0.552,0.0052,0.4428
CLUBS EIGHT HEARTS QUEEN,0.5918,0.0068,0.4014
CLUBS EIGHT HEARTS KING,0.2202,0.2364,0.5434
CLUBS EIGHT HEARTS ACE,0.3586,0.004,0.6374
CLUBS NINE SPADES TWO,0.629,0.0088,0.3622
CLUBS NINE SPADES FIVE,0.5732,0.0066,0.4202
CLUBS NINE SPADES FOUR,0.6144,0.0082,0.3774
CLUBS NINE SPADES SEVEN,0.5662,0.0064,0.4274
CLUBS NINE SPADES SIX,0.574,0.0068,0.4192
CLUBS NINE SPADES NINE,0.308,0.009,0.683
CLUBS TEN HEARTS EIGHT,0.5502,0.0078,0.442
CLUBS NINE SPADES EIGHT,0.5436,0.008,0.4484
HEARTS EIGHT CLUBS JACK,0.563,0.0058,0.4312
CLUBS QUEEN HEARTS EIGHT,0.5864,0.0082,0.4054
CLUBS KING HEARTS EIGHT,0.2296,0.2274,0.543
CLUBS ACE HEARTS EIGHT,0.362,0.0038,0.6342
SPADES KING CLUBS KING,0.0652,0.0154,0.9194
SPADES QUEEN CLUBS KING,0.2248,0.059,0.7162
SPADES ACE CLUBS KING,0.2222,0.0144,0.7634
DIAMONDS ACE HEARTS TEN,0.3326,0.0044,0.663
HEARTS FOUR HEARTS TEN,0.5608,0.008,0.4312
DIAMONDS ACE HEARTS JACK,0.331,0.0048,0.6642
HEARTS FOUR HEARTS JACK,0.5508,0.0068,0.4424
SPADES KING CLUBS FIVE,0.2126,0.4636,0.3238
SPADES QUEEN CLUBS FIVE,0.601,0.0082,0.3908
SPADES ACE CLUBS FIVE,0.3424,0.006,0.6516
HEARTS SEVEN DIAMONDS JACK,0.591,0.0078,0.4012
HEARTS SIX DIAMONDS JACK,0.6088,0.0076,0.3836
DIAMONDS JACK HEARTS NINE,0.5498,0.0092,0.441
DIAMONDS JACK HEARTS EIGHT,0.5788,0.009,0.4122
HEARTS THREE DIAMONDS JACK,0.7382,0.033,0.2288
SPADES ACE SPADES SIX,0.347,0.005,0.648
HEARTS ACE SPADES FOUR,0.3404,0.0038,0.6558
DIAMONDS QUEEN DIAMONDS JACK,0.5246,0.0042,0.4712
HEARTS TWO DIAMONDS JACK,0.6304,0.0102,0.3594
HEARTS FIVE DIAMONDS JACK,0.5958,0.009,0.3952
SPADES QUEEN SPADES SIX,0.5606,0.0104,0.429
SPADES FOUR HEARTS QUEEN,0.5886,0.009,0.4024
DIAMONDS ACE DIAMONDS JACK,0.3336,0.007,0.6594
HEARTS FOUR DIAMONDS JACK,0.6084,0.01,0.3816
SPADES KING SPADES SIX,0.2224,0.3684,0.4092
SPADES FOUR HEARTS KING,0.2182,0.5046,0.2772
SPADES TEN SPADES SIX,0.5494,0.0076,0.443
SPADES JACK SPADES SIX,0.5696,0.0086,0.4218
SPADES FOUR DIAMONDS JACK,0.6026,0.0084,0.389
SPADES FIVE DIAMONDS JACK,0.5996,0.0098,0.3906
DIAMONDS JACK SPADES TWO,0.6376,0.0084,0.354
SPADES ACE DIAMONDS THREE,0.2246,0.0222,0.7532
SPADES QUEEN DIAMONDS THREE,0.74,0.034,0.226
CLUBS EIGHT DIAMONDS JACK,0.5706,0.0058,0.4236
SPADES KING DIAMONDS THREE,0.0082,0.9836,0.0082
CLUBS NINE DIAMONDS JACK,0.558,0.0078,0.4342
CLUBS SIX DIAMONDS JACK,0.6048,0.0084,0.3868
CLUBS SEVEN DIAMONDS JACK,0.5896,0.0062,0.4042
CLUBS FOUR DIAMONDS JACK,0.6014,0.0082,0.3904
CLUBS FIVE DIAMONDS JACK,0.5926,0.0066,0.4008
CLUBS TWO DIAMONDS JACK,0.64,0.0112,0.3488
CLUBS THREE DIAMONDS JACK,0.7362,0.033,0.2308
SPADES TEN CLUBS FIVE,0.5926,0.0084,0.399
SPADES JACK HEARTS SIX,0.591,0.006,0.403
HEARTS SIX SPADES TEN,0.587,0.0072,0.4058
SPADES JACK CLUBS FIVE,0.588,0.0082,0.4038
SPADES JACK DIAMONDS THREE,0.7274,0.037,0.2356
CLUBS SEVEN CLUBS ACE,0.3298,0.0044,0.6658
DIAMONDS THREE SPADES TEN,0.7244,0.0354,0.2402
CLUBS SEVEN CLUBS QUEEN,0.5464,0.0078,0.4458
CLUBS SEVEN CLUBS KING,0.2132,0.2706,0.5162
SPADES NINE DIAMONDS JACK,0.545,0.009,0.446
CLUBS TEN CLUBS SEVEN,0.5334,0.0082,0.4584
DIAMONDS ACE HEARTS ACE,0.1102,0.004,0.8858
HEARTS FOUR HEARTS ACE,0.3208,0.0066,0.6726
SPADES EIGHT DIAMONDS JACK,0.569,0.0094,0.4216
SPADES ACE HEARTS SIX,0.3532,0.0052,0.6416
CLUBS SEVEN CLUBS JACK,0.5494,0.0064,0.4442
DIAMONDS ACE HEARTS KING,0.2244,0.0116,0.764
HEARTS FOUR HEARTS KING,0.2144,0.4856,0.3
SPADES SEVEN DIAMONDS JACK,0.5872,0.0084,0.4044
SPADES KING HEARTS SIX,0.2152,0.3728,0.412
DIAMONDS ACE HEARTS QUEEN,0.3404,0.0042,0.6554
HEARTS FOUR HEARTS QUEEN,0.5606,0.0086,0.4308
SPADES QUEEN HEARTS SIX,0.5862,0.008,0.4058
SPADES SIX DIAMONDS JACK,0.5912,0.0074,0.4014
SPADES TWO DIAMONDS TEN,0.6408,0.0104,0.3488
SPADES FOUR DIAMONDS TEN,0.6008,0.0082,0.391
SPADES FIVE DIAMONDS TEN,0.5856,0.0058,0.4086
SPADES SIX DIAMONDS TEN,0.5858,0.0092,0.405
SPADES SEVEN DIAMONDS TEN,0.577,0.0086,0.4144
SPADES EIGHT DIAMONDS TEN,0.553,0.0082,0.4388
SPADES NINE DIAMONDS TEN,0.5432,0.0054,0.4514
CLUBS FOUR DIAMONDS TEN,0.606,0.0068,0.3872
CLUBS FIVE DIAMONDS TEN,0.5996,0.0052,0.3952
CLUBS SIX DIAMONDS TEN,0.5922,0.0078,0.4
CLUBS SEVEN DIAMONDS TEN,0.5794,0.0114,0.4092
CLUBS EIGHT DIAMONDS TEN,0.5588,0.0078,0.4334
CLUBS NINE DIAMONDS TEN,0.5442,0.0062,0.4496
DIAMONDS THREE CLUBS JACK,0.7386,0.0338,0.2276
CLUBS TEN DIAMONDS THREE,0.725,0.0348,0.2402
DIAMONDS THREE CLUBS KING,0.0166,0.9718,0.0116
DIAMONDS THREE CLUBS QUEEN,0.7362,0.0316,0.2322
DIAMONDS THREE CLUBS ACE,0.2296,0.0234,0.747
SPADES FOUR HEARTS JACK,0.5948,0.0068,0.3984
SPADES FOUR HEARTS TEN,0.5996,0.0088,0.3916
SPADES FIVE SPADES TWO,0.5886,0.0078,0.4036
SPADES FOUR SPADES TWO,0.5872,0.0092,0.4036
SPADES NINE SPADES TWO,0.6052,0.009,0.3858
SPADES EIGHT SPADES TWO,0.5844,0.0124,0.4032
SPADES SEVEN SPADES TWO,0.5976,0.0088,0.3936
SPADES SIX SPADES TWO,0.5866,0.0068,0.4066
DIAMONDS QUEEN CLUBS THREE,0.734,0.035,0.231
CLUBS THREE HEARTS TWO,0.7174,0.03,0.2526
DIAMONDS QUEEN CLUBS TWO,0.6354,0.0106,0.354
HEARTS TWO CLUBS TWO,0.4394,0.0254,0.5352
HEARTS SEVEN DIAMONDS QUEEN,0.601,0.007,0.392
HEARTS SEVEN HEARTS TWO,0.5984,0.0094,0.3922
HEARTS SIX DIAMONDS QUEEN,0.5902,0.0082,0.4016
HEARTS SIX HEARTS TWO,0.5882,0.008,0.4038
DIAMONDS QUEEN HEARTS NINE,0.57,0.0072,0.4228
HEARTS TWO HEARTS NINE,0.5918,0.0114,0.3968
DIAMONDS QUEEN HEARTS EIGHT,0.589,0.0076,0.4034
HEARTS TWO HEARTS EIGHT,0.593,0.0076,0.3994
CLUBS NINE HEARTS TWO,0.623,0.0086,0.3684
CLUBS NINE DIAMONDS QUEEN,0.5676,0.0076,0.4248
CLUBS EIGHT HEARTS TWO,0.6292,0.0098,0.361
CLUBS EIGHT DIAMONDS QUEEN,0.5888,0.009,0.4022
CLUBS FIVE DIAMONDS QUEEN,0.5992,0.008,0.3928
CLUBS FIVE HEARTS TWO,0.6192,0.0082,0.3726
SPADES EIGHT HEARTS ACE,0.344,0.0046,0.6514
DIAMONDS QUEEN CLUBS FOUR,0.603,0.0096,0.3874
CLUBS FOUR HEARTS TWO,0.618,0.0084,0.3736
CLUBS SEVEN DIAMONDS QUEEN,0.5886,0.0078,0.4036
CLUBS SEVEN HEARTS TWO,0.629,0.011,0.36
SPADES EIGHT HEARTS QUEEN,0.5726,0.0084,0.419
CLUBS SIX DIAMONDS QUEEN,0.585,0.0086,0.4064
CLUBS SIX HEARTS TWO,0.6212,0.0082,0.3706
SPADES EIGHT HEARTS KING,0.2178,0.2282,0.554
HEARTS TWO SPADES SIX,0.63,0.0114,0.3586
DIAMONDS QUEEN SPADES SIX,0.596,0.0076,0.3964
HEARTS FOUR CLUBS QUEEN,0.5954,0.012,0.3926
DIAMONDS ACE CLUBS QUEEN,0.3378,0.0052,0.657
DIAMONDS QUEEN SPADES SEVEN,0.5966,0.0096,0.3938
SPADES SEVEN HEARTS TWO,0.641,0.0082,0.3508
HEARTS FOUR CLUBS KING,0.2298,0.5092,0.261
DIAMONDS ACE CLUBS KING,0.2164,0.014,0.7696
DIAMONDS QUEEN SPADES EIGHT,0.5806,0.009,0.4104
SPADES EIGHT HEARTS TWO,0.6318,0.008,0.3602
HEARTS FOUR CLUBS ACE,0.3516,0.0042,0.6442
DIAMONDS ACE CLUBS ACE,0.1076,0.004,0.8884
SPADES NINE DIAMONDS QUEEN,0.5746,0.007,0.4184
SPADES NINE HEARTS TWO,0.6348,0.0122,0.353
HEARTS TWO SPADES TWO,0.4346,0.0216,0.5438
DIAMONDS QUEEN SPADES TWO,0.6416,0.009,0.3494
HEARTS TWO SPADES FOUR,0.6144,0.009,0.3766
DIAMONDS QUEEN SPADES FOUR,0.604,0.0092,0.3868
CLUBS TEN HEARTS FOUR,0.6082,0.0082,0.3836
CLUBS TEN DIAMONDS ACE,0.336,0.0054,0.6586
HEARTS TWO SPADES FIVE,0.61,0.0112,0.3788
DIAMONDS QUEEN SPADES FIVE,0.6028,0.009,0.3882
HEARTS FOUR CLUBS JACK,0.5916,0.0064,0.402
DIAMONDS ACE CLUBS JACK,0.3418,0.0034,0.6548
CLUBS FIVE CLUBS KING,0.2032,0.4294,0.3674
CLUBS FIVE CLUBS QUEEN,0.5652,0.0072,0.4276
CLUBS FIVE CLUBS ACE,0.3288,0.0054,0.6658
CLUBS FIVE CLUBS JACK,0.562,0.007,0.431
CLUBS TEN CLUBS FIVE,0.5626,0.0076,0.4298
SPADES KING CLUBS JACK,0.2272,0.0836,0.6892
SPADES QUEEN CLUBS JACK,0.562,0.0068,0.4312
SPADES ACE CLUBS JACK,0.3482,0.0048,0.647
SPADES SIX CLUBS KING,0.2238,0.3848,0.3914
SPADES SIX CLUBS QUEEN,0.59,0.0068,0.4032
SPADES EIGHT HEARTS JACK,0.5584,0.0078,0.4338
SPADES SIX CLUBS ACE,0.3516,0.004,0.6444
SPADES EIGHT HEARTS TEN,0.5612,0.006,0.4328
SPADES SIX CLUBS JACK,0.5972,0.006,0.3968
CLUBS TEN SPADES SIX,0.585,0.0066,0.4084
SPADES TEN CLUBS JACK,0.5314,0.0068,0.4618
SPADES JACK CLUBS JACK,0.2788,0.0062,0.715
SPADES QUEEN CLUBS SEVEN,0.591,0.0064,0.4026
SPADES KING CLUBS SEVEN,0.2152,0.3054,0.4794
SPADES ACE CLUBS SEVEN,0.355,0.005,0.64
SPADES SIX HEARTS TEN,0.5866,0.0072,0.4062
SPADES SIX HEARTS JACK,0.6004,0.008,0.3916
SPADES SIX HEARTS ACE,0.3602,0.0058,0.634
SPADES SIX HEARTS KING,0.2132,0.3778,0.409
SPADES SIX HEARTS QUEEN,0.5916,0.0094,0.399
CLUBS SEVEN SPADES JACK,0.5798,0.0082,0.412
CLUBS SEVEN SPADES TEN,0.5864,0.0068,0.4068
CLUBS TEN HEARTS SIX,0.589,0.0068,0.4042
HEARTS SIX CLUBS JACK,0.5846,0.0074,0.408
CLUBS ACE CLUBS JACK,0.326,0.0046,0.6694
HEARTS SIX CLUBS QUEEN,0.5952,0.0076,0.3972
HEARTS SIX CLUBS KING,0.2234,0.3758,0.4008
HEARTS SIX CLUBS ACE,0.3426,0.0036,0.6538
CLUBS QUEEN CLUBS JACK,0.5136,0.0074,0.479
CLUBS KING CLUBS JACK,0.2194,0.083,0.6976
DIAMONDS THREE HEARTS ACE,0.2296,0.0236,0.7468
DIAMONDS THREE HEARTS QUEEN,0.7424,0.0344,0.2232
DIAMONDS THREE HEARTS KING,0.0186,0.9698,0.0116
CLUBS FIVE HEARTS JACK,0.5888,0.0082,0.403
SPADES TEN DIAMONDS ACE,0.328,0.003,0.669
HEARTS FOUR SPADES TEN,0.594,0.009,0.397
CLUBS FIVE HEARTS TEN,0.602,0.0068,0.3912
HEARTS FOUR SPADES JACK,0.5902,0.006,0.4038
SPADES JACK DIAMONDS ACE,0.3344,0.0072,0.6584
SPADES ACE HEARTS FOUR,0.3388,0.0054,0.6558
SPADES ACE DIAMONDS ACE,0.0978,0.004,0.8982
CLUBS FIVE HEARTS ACE,0.3452,0.003,0.6518
CLUBS FIVE HEARTS KING,0.2238,0.4536,0.3226
HEARTS FOUR SPADES QUEEN,0.5898,0.0088,0.4014
SPADES QUEEN DIAMONDS ACE,0.3438,0.0054,0.6508
SPADES FOUR CLUBS JACK,0.6,0.0072,0.3928
CLUBS FIVE HEARTS QUEEN,0.6024,0.0082,0.3894
SPADES KING DIAMONDS ACE,0.2058,0.017,0.7772
SPADES KING HEARTS FOUR,0.214,0.5226,0.2634
CLUBS TEN SPADES FOUR,0.5908,0.011,0.3982
DIAMONDS ACE DIAMONDS QUEEN,0.3402,0.0078,0.652
DIAMONDS ACE HEARTS TWO,0.3748,0.0036,0.6216
HEARTS FOUR DIAMONDS QUEEN,0.604,0.0086,0.3874
HEARTS FOUR HEARTS TWO,0.5876,0.0094,0.403
DIAMONDS THREE HEARTS TEN,0.7396,0.0344,0.226
SPADES FOUR CLUBS KING,0.2014,0.5254,0.2732
HEARTS FIVE DIAMONDS QUEEN,0.6046,0.0072,0.3882
HEARTS FIVE HEARTS TWO,0.5922,0.0102,0.3976
DIAMONDS THREE HEARTS JACK,0.7366,0.031,0.2324
SPADES FOUR CLUBS QUEEN,0.602,0.0068,0.3912
DIAMONDS QUEEN HEARTS TWO,0.635,0.0078,0.3572
DIAMONDS QUEEN HEARTS THREE,0.7376,0.0342,0.2282
HEARTS THREE HEARTS TWO,0.665,0.0306,0.3044
SPADES FOUR CLUBS ACE,0.3422,0.007,0.6508
HEARTS TWO CLUBS ACE,0.3802,0.005,0.6148
DIAMONDS QUEEN CLUBS ACE,0.3576,0.0046,0.6378
HEARTS TWO CLUBS QUEEN,0.632,0.0082,0.3598
DIAMONDS QUEEN CLUBS QUEEN,0.2816,0.004,0.7144
HEARTS TWO CLUBS KING,0.2534,0.5184,0.2282
DIAMONDS QUEEN CLUBS KING,0.2476,0.067,0.6854
SPADES EIGHT SPADES FIVE,0.5476,0.008,0.4444
CLUBS TEN HEARTS TWO,0.6334,0.0084,0.3582
CLUBS TEN DIAMONDS QUEEN,0.5676,0.0104,0.422
SPADES NINE SPADES FIVE,0.5602,0.0076,0.4322
HEARTS TWO CLUBS JACK,0.6396,0.0066,0.3538
DIAMONDS QUEEN CLUBS JACK,0.5634,0.0064,0.4302
SPADES SIX SPADES FIVE,0.5212,0.0084,0.4704
SPADES SEVEN SPADES FIVE,0.5268,0.009,0.4642
DIAMONDS FIVE CLUBS QUEEN,0.5976,0.0092,0.3932
SPADES EIGHT CLUBS ACE,0.355,0.0066,0.6384
DIAMONDS FIVE CLUBS KING,0.2248,0.4622,0.313
SPADES EIGHT CLUBS KING,0.224,0.2166,0.5594
CLUBS ACE DIAMONDS FIVE,0.351,0.0052,0.6438
SPADES EIGHT CLUBS QUEEN,0.5618,0.0084,0.4298
SPADES EIGHT CLUBS JACK,0.565,0.0066,0.4284
CLUBS TEN SPADES EIGHT,0.558,0.0054,0.4366
CLUBS TEN DIAMONDS FIVE,0.609,0.007,0.384
DIAMONDS FIVE CLUBS JACK,0.5914,0.0082,0.4004
DIAMONDS TEN HEARTS JACK,0.5394,0.0076,0.453
DIAMONDS TEN HEARTS TEN,0.2962,0.0098,0.694
SPADES ACE CLUBS NINE,0.352,0.0024,0.6456
CLUBS NINE SPADES QUEEN,0.5592,0.006,0.4348
CLUBS NINE SPADES KING,0.2312,0.1668,0.602
HEARTS SIX HEARTS KING,0.2086,0.3522,0.4392
HEARTS THREE SPADES SEVEN,0.7254,0.0272,0.2474
SPADES KING DIAMONDS SEVEN,0.2324,0.3038,0.4638
HEARTS SIX HEARTS QUEEN,0.5508,0.0074,0.4418
SPADES QUEEN DIAMONDS SEVEN,0.6056,0.009,0.3854
HEARTS THREE SPADES SIX,0.694,0.0284,0.2776
SPADES NINE HEARTS THREE,0.7144,0.0372,0.2484
