opposingHand,winningChance,drawChance,lostChance
DIAMONDS TEN CLUBS QUEEN
HEARTS FIVE SPADES TEN,0.7198,0.0448,0.2354
HEARTS FIVE SPADES JACK,0.6664,0.01,0.3236
SPADES FIVE CLUBS JACK,0.6624,0.0106,0.327
CLUBS TEN SPADES FIVE,0.7292,0.0488,0.222
CLUBS EIGHT CLUBS JACK,0.6116,0.008,0.3804
CLUBS TEN CLUBS EIGHT,0.6686,0.0438,0.2876
CLUBS EIGHT CLUBS KING,0.4066,0.006,0.5874
SPADES FIVE CLUBS ACE,0.428,0.0044,0.5676
SPADES FIVE CLUBS KING,0.4342,0.0084,0.5574
CLUBS EIGHT CLUBS ACE,0.407,0.005,0.588
DIAMONDS TWO DIAMONDS THREE,0.627,0.0104,0.3626
DIAMONDS TWO DIAMONDS FIVE,0.6342,0.0126,0.3532
HEARTS FIVE SPADES KING,0.4408,0.005,0.5542
DIAMONDS TWO DIAMONDS FOUR,0.6222,0.0116,0.3662
HEARTS FIVE SPADES QUEEN,0.6392,0.111,0.2498
DIAMONDS TWO DIAMONDS SEVEN,0.6488,0.0084,0.3428
DIAMONDS TWO DIAMONDS SIX,0.6326,0.011,0.3564
SPADES ACE HEARTS FIVE,0.433,0.0044,0.5626
DIAMONDS TWO DIAMONDS NINE,0.658,0.0124,0.3296
DIAMONDS TWO DIAMONDS EIGHT,0.643,0.0112,0.3458
DIAMONDS THREE DIAMONDS FOUR,0.611,0.0136,0.3754
CLUBS TWO SPADES FOUR,0.6484,0.0126,0.339
DIAMONDS THREE DIAMONDS FIVE,0.6148,0.0094,0.3758
SPADES FIVE CLUBS TWO,0.6534,0.0114,0.3352
CLUBS TWO SPADES TWO,0.4636,0.02,0.5164
CLUBS TWO SPADES THREE,0.65,0.0116,0.3384
DIAMONDS THREE DIAMONDS EIGHT,0.6454,0.0102,0.3444
SPADES EIGHT CLUBS TWO,0.674,0.0084,0.3176
DIAMONDS THREE DIAMONDS NINE,0.6546,0.0114,0.334
SPADES NINE CLUBS TWO,0.6934,0.0092,0.2974
DIAMONDS THREE DIAMONDS SIX,0.6314,0.0114,0.3572
SPADES SIX CLUBS TWO,0.669,0.0094,0.3216
DIAMONDS THREE DIAMONDS SEVEN,0.6324,0.0096,0.358
SPADES SEVEN CLUBS TWO,0.6872,0.0108,0.302
CLUBS SIX CLUBS TWO,0.6314,0.0096,0.359
CLUBS SEVEN CLUBS TWO,0.6624,0.0088,0.3288
CLUBS FOUR CLUBS TWO,0.6176,0.0128,0.3696
CLUBS FIVE CLUBS TWO,0.612,0.0126,0.3754
CLUBS TEN CLUBS JACK,0.6796,0.039,0.2814
DIAMONDS FOUR DIAMONDS SIX,0.606,0.0112,0.3828
DIAMONDS FOUR DIAMONDS SEVEN,0.6236,0.0086,0.3678
CLUBS TEN CLUBS KING,0.2404,0.0314,0.7282
CLUBS TEN CLUBS ACE,0.256,0.0208,0.7232
CLUBS EIGHT CLUBS TWO,0.6472,0.012,0.3408
DIAMONDS FIVE DIAMONDS FOUR,0.5984,0.012,0.3896
CLUBS NINE CLUBS TWO,0.6548,0.008,0.3372
DIAMONDS NINE DIAMONDS FOUR,0.6574,0.0106,0.332
DIAMONDS EIGHT DIAMONDS FOUR,0.6326,0.012,0.3554
CLUBS THREE CLUBS TWO,0.6224,0.0096,0.368
DIAMONDS NINE DIAMONDS FIVE,0.6286,0.013,0.3584
DIAMONDS TWO CLUBS JACK,0.676,0.0136,0.3104
DIAMONDS EIGHT DIAMONDS FIVE,0.627,0.0096,0.3634
CLUBS TEN DIAMONDS TWO,0.7424,0.0528,0.2048
DIAMONDS FIVE DIAMONDS SEVEN,0.6172,0.0108,0.372
DIAMONDS FIVE DIAMONDS SIX,0.6166,0.01,0.3734
DIAMONDS TWO CLUBS ACE,0.4402,0.0066,0.5532
DIAMONDS TWO CLUBS KING,0.443,0.0078,0.5492
DIAMONDS EIGHT DIAMONDS SIX,0.6106,0.013,0.3764
DIAMONDS NINE DIAMONDS SIX,0.632,0.0104,0.3576
HEARTS ACE SPADES THREE,0.4474,0.0046,0.548
SPADES THREE HEARTS KING,0.4458,0.0052,0.549
DIAMONDS SEVEN DIAMONDS SIX,0.592,0.0096,0.3984
HEARTS QUEEN SPADES THREE,0.6638,0.1074,0.2288
SPADES THREE HEARTS JACK,0.663,0.01,0.327
SPADES THREE HEARTS TEN,0.7206,0.0454,0.234
DIAMONDS EIGHT DIAMONDS SEVEN,0.6076,0.0112,0.3812
DIAMONDS NINE DIAMONDS SEVEN,0.6244,0.0134,0.3622
DIAMONDS NINE DIAMONDS EIGHT,0.6172,0.0112,0.3716
DIAMONDS KING HEARTS TEN,0.24,0.029,0.731
HEARTS THREE HEARTS TEN,0.691,0.043,0.266
SPADES JACK CLUBS SIX,0.6576,0.0108,0.3316
DIAMONDS KING HEARTS JACK,0.3826,0.007,0.6104
HEARTS THREE HEARTS JACK,0.6178,0.01,0.3722
SPADES TEN CLUBS SIX,0.719,0.0388,0.2422
SPADES JACK SPADES FIVE,0.6184,0.0072,0.3744
SPADES TEN SPADES FIVE,0.6784,0.0432,0.2784
DIAMONDS KING HEARTS ACE,0.3584,0.003,0.6386
HEARTS THREE HEARTS ACE,0.4114,0.0032,0.5854
SPADES ACE CLUBS SIX,0.4314,0.0012,0.5674
DIAMONDS KING HEARTS QUEEN,0.2456,0.0318,0.7226
HEARTS THREE HEARTS QUEEN,0.617,0.1172,0.2658
SPADES KING CLUBS SIX,0.4372,0.0058,0.557
DIAMONDS KING HEARTS KING,0.1458,0.0042,0.85
HEARTS THREE HEARTS KING,0.4036,0.0066,0.5898
SPADES QUEEN CLUBS SIX,0.646,0.1222,0.2318
SPADES NINE HEARTS TEN,0.6906,0.044,0.2654
SPADES NINE HEARTS JACK,0.641,0.0116,0.3474
SPADES QUEEN SPADES FIVE,0.6066,0.113,0.2804
SPADES KING SPADES FIVE,0.4142,0.0074,0.5784
SPADES ACE SPADES FIVE,0.4036,0.0044,0.592
SPADES NINE HEARTS QUEEN,0.662,0.116,0.222
SPADES NINE HEARTS KING,0.4144,0.0046,0.581
SPADES NINE HEARTS ACE,0.4208,0.0038,0.5754
CLUBS TEN SPADES JACK,0.708,0.0418,0.2502
CLUBS TEN SPADES TEN,0.3298,0.0274,0.6428
SPADES ACE CLUBS TEN,0.2682,0.0168,0.715
SPADES KING CLUBS TEN,0.2582,0.0338,0.708
CLUBS TEN SPADES QUEEN,0.0184,0.9734,0.0082
SPADES FIVE HEARTS QUEEN,0.6456,0.115,0.2394
SPADES FIVE HEARTS KING,0.4294,0.005,0.5656
HEARTS ACE SPADES FIVE,0.4226,0.0026,0.5748
CLUBS EIGHT SPADES TEN,0.7108,0.0436,0.2456
SPADES JACK HEARTS THREE,0.6652,0.0112,0.3236
SPADES JACK DIAMONDS KING,0.3772,0.0048,0.618
SPADES TEN DIAMONDS KING,0.239,0.0324,0.7286
SPADES TEN HEARTS THREE,0.7312,0.0426,0.2262
SPADES JACK CLUBS EIGHT,0.6496,0.0102,0.3402
CLUBS SIX HEARTS ACE,0.4446,0.0042,0.5512
SPADES ACE CLUBS EIGHT,0.4274,0.0038,0.5688
HEARTS FIVE CLUBS JACK,0.6604,0.0114,0.3282
HEARTS FIVE CLUBS TEN,0.7272,0.0514,0.2214
CLUBS SIX HEARTS QUEEN,0.6568,0.1226,0.2206
SPADES QUEEN CLUBS EIGHT,0.6532,0.1154,0.2314
CLUBS TEN SPADES THREE,0.737,0.045,0.218
CLUBS SIX HEARTS KING,0.4326,0.0062,0.5612
SPADES KING CLUBS EIGHT,0.4278,0.007,0.5652
SPADES THREE CLUBS JACK,0.6652,0.0106,0.3242
DIAMONDS TWO HEARTS JACK,0.6714,0.0082,0.3204
DIAMONDS TWO HEARTS TEN,0.7352,0.0466,0.2182
SPADES THREE CLUBS KING,0.4456,0.0084,0.546
HEARTS FIVE CLUBS ACE,0.4374,0.0042,0.5584
SPADES FIVE HEARTS TEN,0.7158,0.0458,0.2384
SPADES THREE CLUBS ACE,0.434,0.0058,0.5602
HEARTS FIVE CLUBS KING,0.4338,0.0052,0.561
SPADES FIVE HEARTS JACK,0.6546,0.0112,0.3342
HEARTS THREE CLUBS KING,0.4336,0.0082,0.5582
DIAMONDS KING CLUBS KING,0.1394,0.005,0.8556
HEARTS FIVE HEARTS JACK,0.6246,0.0096,0.3658
HEARTS FIVE HEARTS TEN,0.6812,0.0466,0.2722
HEARTS THREE CLUBS ACE,0.4328,0.0048,0.5624
DIAMONDS KING CLUBS ACE,0.348,0.005,0.647
HEARTS THREE CLUBS JACK,0.6636,0.0114,0.325
DIAMONDS KING CLUBS JACK,0.3654,0.0096,0.625
CLUBS TEN HEARTS THREE,0.727,0.0468,0.2262
CLUBS TEN DIAMONDS KING,0.263,0.0338,0.7032
CLUBS SIX CLUBS KING,0.4096,0.0084,0.582
CLUBS SIX CLUBS ACE,0.4068,0.0044,0.5888
HEARTS FIVE HEARTS KING,0.4046,0.0084,0.587
HEARTS FIVE HEARTS QUEEN,0.6152,0.1074,0.2774
CLUBS TEN CLUBS SIX,0.6914,0.0456,0.263
HEARTS FIVE HEARTS ACE,0.4054,0.0034,0.5912
CLUBS SIX CLUBS JACK,0.634,0.013,0.353
SPADES SEVEN HEARTS JACK,0.6594,0.0092,0.3314
SPADES SEVEN HEARTS TEN,0.7206,0.0396,0.2398
DIAMONDS TWO CLUBS TWO,0.4802,0.02,0.4998
DIAMONDS TWO CLUBS THREE,0.6564,0.0124,0.3312
DIAMONDS TWO HEARTS SIX,0.6744,0.0106,0.315
DIAMONDS TWO HEARTS QUEEN,0.6698,0.1166,0.2136
HEARTS SEVEN DIAMONDS TWO,0.6876,0.0106,0.3018
DIAMONDS TWO HEARTS KING,0.4522,0.0066,0.5412
DIAMONDS TWO HEARTS EIGHT,0.6746,0.011,0.3144
DIAMONDS TWO HEARTS ACE,0.439,0.0048,0.5562
DIAMONDS TWO HEARTS NINE,0.693,0.0104,0.2966
DIAMONDS TWO DIAMONDS QUEEN,0.6164,0.1194,0.2642
DIAMONDS TWO HEARTS TWO,0.476,0.0172,0.5068
DIAMONDS TWO DIAMONDS KING,0.4164,0.007,0.5766
DIAMONDS TWO HEARTS THREE,0.655,0.0124,0.3326
DIAMONDS TWO DIAMONDS ACE,0.4082,0.0066,0.5852
HEARTS FOUR DIAMONDS TWO,0.6516,0.012,0.3364
HEARTS FIVE DIAMONDS TWO,0.645,0.0122,0.3428
SPADES SEVEN HEARTS ACE,0.428,0.0032,0.5688
SPADES SEVEN HEARTS KING,0.4314,0.0066,0.562
DIAMONDS TWO DIAMONDS JACK,0.6312,0.0084,0.3604
SPADES SEVEN HEARTS QUEEN,0.648,0.1172,0.2348
DIAMONDS TWO SPADES NINE,0.6806,0.0104,0.309
DIAMONDS TWO SPADES EIGHT,0.6746,0.0096,0.3158
DIAMONDS TWO SPADES SEVEN,0.6872,0.0098,0.303
DIAMONDS TWO SPADES SIX,0.6746,0.009,0.3164
DIAMONDS TWO SPADES FIVE,0.657,0.0136,0.3294
DIAMONDS TWO SPADES FOUR,0.6464,0.0132,0.3404
DIAMONDS TWO SPADES THREE,0.6656,0.0106,0.3238
DIAMONDS TWO SPADES TWO,0.4992,0.0168,0.484
CLUBS NINE DIAMONDS TWO,0.682,0.0128,0.3052
DIAMONDS TWO CLUBS EIGHT,0.673,0.012,0.315
CLUBS SEVEN DIAMONDS TWO,0.6882,0.0122,0.2996
DIAMONDS TWO CLUBS SIX,0.6696,0.01,0.3204
DIAMONDS TWO CLUBS FIVE,0.6654,0.0128,0.3218
DIAMONDS TWO CLUBS FOUR,0.6598,0.0126,0.3276
CLUBS FOUR SPADES FIVE,0.6246,0.0106,0.3648
CLUBS FOUR SPADES FOUR,0.474,0.017,0.509
CLUBS FOUR SPADES THREE,0.6372,0.0116,0.3512
CLUBS FOUR SPADES TWO,0.6452,0.0122,0.3426
SPADES NINE CLUBS FOUR,0.687,0.0104,0.3026
SPADES EIGHT CLUBS FOUR,0.6654,0.0106,0.324
SPADES SEVEN CLUBS FOUR,0.653,0.0114,0.3356
CLUBS FOUR SPADES SIX,0.6474,0.0092,0.3434
SPADES ACE DIAMONDS SIX,0.4278,0.004,0.5682
SPADES QUEEN DIAMONDS SIX,0.6418,0.1256,0.2326
SPADES KING DIAMONDS SIX,0.4244,0.0046,0.571
SPADES TEN DIAMONDS SIX,0.721,0.0376,0.2414
SPADES JACK DIAMONDS SIX,0.6522,0.008,0.3398
SPADES QUEEN SPADES TWO,0.6154,0.114,0.2706
SPADES KING SPADES TWO,0.4046,0.0046,0.5908
SPADES ACE SPADES TWO,0.4094,0.0048,0.5858
DIAMONDS JACK CLUBS JACK,0.2854,0.0146,0.7
CLUBS TEN DIAMONDS JACK,0.7138,0.043,0.2432
DIAMONDS JACK CLUBS KING,0.3624,0.0106,0.627
DIAMONDS THREE DIAMONDS JACK,0.6238,0.0106,0.3656
DIAMONDS JACK CLUBS ACE,0.375,0.0056,0.6194
DIAMONDS THREE DIAMONDS KING,0.4216,0.0096,0.5688
DIAMONDS THREE HEARTS THREE,0.4828,0.0186,0.4986
DIAMONDS THREE DIAMONDS QUEEN,0.6158,0.1228,0.2614
DIAMONDS THREE HEARTS TWO,0.647,0.0138,0.3392
HEARTS FIVE DIAMONDS THREE,0.6412,0.0102,0.3486
DIAMONDS THREE DIAMONDS ACE,0.4066,0.0046,0.5888
HEARTS FOUR DIAMONDS THREE,0.6448,0.0096,0.3456
HEARTS SEVEN DIAMONDS THREE,0.6772,0.0116,0.3112
SPADES TEN SPADES NINE,0.6484,0.0424,0.3092
HEARTS SIX DIAMONDS THREE,0.6554,0.0116,0.333
SPADES JACK SPADES NINE,0.5954,0.008,0.3966
DIAMONDS THREE HEARTS NINE,0.679,0.0108,0.3102
HEARTS JACK DIAMONDS FOUR,0.6612,0.0076,0.3312
HEARTS ACE HEARTS KING,0.3208,0.0048,0.6744
SPADES TEN SPADES TWO,0.6904,0.0436,0.266
DIAMONDS THREE HEARTS EIGHT,0.6752,0.0126,0.3122
HEARTS TEN DIAMONDS FOUR,0.7256,0.0476,0.2268
SPADES JACK SPADES TWO,0.6182,0.008,0.3738
HEARTS QUEEN DIAMONDS FOUR,0.6598,0.1164,0.2238
HEARTS KING DIAMONDS FOUR,0.446,0.0064,0.5476
SPADES ACE SPADES NINE,0.3928,0.004,0.6032
HEARTS ACE DIAMONDS FOUR,0.447,0.0026,0.5504
SPADES KING SPADES NINE,0.4058,0.004,0.5902
SPADES QUEEN SPADES NINE,0.6088,0.1128,0.2784
DIAMONDS THREE SPADES NINE,0.6858,0.0088,0.3054
DIAMONDS THREE SPADES EIGHT,0.6948,0.0086,0.2966
DIAMONDS THREE SPADES SEVEN,0.665,0.0124,0.3226
DIAMONDS THREE SPADES SIX,0.6406,0.0122,0.3472
DIAMONDS THREE CLUBS SIX,0.6602,0.0092,0.3306
CLUBS FIVE CLUBS SIX,0.5948,0.0104,0.3948
CLUBS ACE DIAMONDS FOUR,0.434,0.0048,0.5612
CLUBS SEVEN DIAMONDS THREE,0.6616,0.0098,0.3286
CLUBS SEVEN CLUBS FIVE,0.611,0.0116,0.3774
DIAMONDS THREE CLUBS FOUR,0.6472,0.0114,0.3414
DIAMONDS THREE CLUBS FIVE,0.6458,0.0124,0.3418
DIAMONDS FOUR CLUBS KING,0.4282,0.0078,0.564
DIAMONDS THREE CLUBS TWO,0.6564,0.014,0.3296
CLUBS TEN DIAMONDS FOUR,0.7424,0.045,0.2126
DIAMONDS THREE CLUBS THREE,0.4818,0.02,0.4982
DIAMONDS FOUR CLUBS JACK,0.6572,0.012,0.3308
DIAMONDS THREE SPADES FOUR,0.632,0.0106,0.3574
DIAMONDS THREE SPADES FIVE,0.6342,0.0116,0.3542
DIAMONDS THREE SPADES TWO,0.655,0.0094,0.3356
DIAMONDS THREE SPADES THREE,0.481,0.0194,0.4996
CLUBS EIGHT DIAMONDS THREE,0.6896,0.0094,0.301
CLUBS NINE DIAMONDS THREE,0.693,0.0084,0.2986
SPADES SEVEN CLUBS ACE,0.4168,0.0058,0.5774
SPADES SEVEN CLUBS KING,0.4476,0.0058,0.5466
CLUBS FIVE SPADES SEVEN,0.6386,0.0094,0.352
CLUBS TEN SPADES SEVEN,0.7298,0.0426,0.2276
CLUBS FIVE SPADES SIX,0.629,0.0108,0.3602
SPADES SEVEN CLUBS JACK,0.6602,0.0082,0.3316
CLUBS FIVE SPADES NINE,0.673,0.0098,0.3172
CLUBS FIVE SPADES EIGHT,0.6568,0.0108,0.3324
CLUBS FIVE SPADES THREE,0.6426,0.0098,0.3476
CLUBS FIVE SPADES TWO,0.668,0.011,0.321
CLUBS FIVE SPADES FIVE,0.4934,0.0194,0.4872
CLUBS FIVE SPADES FOUR,0.6086,0.0112,0.3802
CLUBS NINE CLUBS FIVE,0.6344,0.0138,0.3518
CLUBS EIGHT CLUBS FIVE,0.6268,0.013,0.3602
CLUBS TEN DIAMONDS NINE,0.7096,0.045,0.2454
DIAMONDS JACK DIAMONDS FOUR,0.6216,0.0108,0.3676
DIAMONDS NINE CLUBS JACK,0.6592,0.0116,0.3292
SPADES NINE CLUBS JACK,0.6436,0.006,0.3504
CLUBS TEN SPADES NINE,0.7016,0.0434,0.255
DIAMONDS ACE DIAMONDS FOUR,0.4246,0.0044,0.571
HEARTS FOUR DIAMONDS FOUR,0.471,0.0138,0.5152
DIAMONDS JACK HEARTS TEN,0.7104,0.0362,0.2534
SPADES NINE CLUBS KING,0.4102,0.0074,0.5824
DIAMONDS TWO SPADES TEN,0.734,0.0434,0.2226
DIAMONDS NINE CLUBS ACE,0.4182,0.0056,0.5762
HEARTS FIVE DIAMONDS FOUR,0.622,0.0096,0.3684
DIAMONDS JACK HEARTS JACK,0.2984,0.012,0.6896
DIAMONDS TWO SPADES JACK,0.6676,0.0084,0.324
DIAMONDS QUEEN DIAMONDS FOUR,0.6172,0.1156,0.2672
HEARTS TWO DIAMONDS FOUR,0.6514,0.0112,0.3374
DIAMONDS KING DIAMONDS FOUR,0.4104,0.0076,0.582
HEARTS THREE DIAMONDS FOUR,0.6458,0.0122,0.342
SPADES NINE CLUBS ACE,0.4244,0.003,0.5726
DIAMONDS NINE CLUBS KING,0.4144,0.01,0.5756
HEARTS ACE DIAMONDS JACK,0.376,0.0048,0.6192
SPADES ACE DIAMONDS TWO,0.4504,0.0036,0.546
HEARTS QUEEN DIAMONDS JACK,0.235,0.0928,0.6722
SPADES QUEEN DIAMONDS TWO,0.6546,0.1252,0.2202
HEARTS KING DIAMONDS JACK,0.3648,0.008,0.6272
SPADES KING DIAMONDS TWO,0.449,0.0068,0.5442
SPADES JACK SPADES SEVEN,0.6146,0.01,0.3754
SPADES TEN SPADES SEVEN,0.6662,0.0422,0.2916
CLUBS SEVEN CLUBS THREE,0.6286,0.0112,0.3602
CLUBS SIX CLUBS THREE,0.635,0.009,0.356
CLUBS FIVE CLUBS THREE,0.6136,0.0124,0.374
CLUBS THREE CLUBS FOUR,0.611,0.0096,0.3794
CLUBS NINE CLUBS THREE,0.647,0.0106,0.3424
CLUBS EIGHT CLUBS THREE,0.6482,0.013,0.3388
CLUBS THREE SPADES FIVE,0.6508,0.0118,0.3374
CLUBS THREE SPADES FOUR,0.636,0.0094,0.3546
CLUBS THREE SPADES THREE,0.4868,0.017,0.4962
CLUBS THREE SPADES TWO,0.6464,0.013,0.3406
CLUBS THREE SPADES SIX,0.647,0.0108,0.3422
CLUBS THREE SPADES SEVEN,0.6712,0.0108,0.318
SPADES EIGHT CLUBS THREE,0.6724,0.0112,0.3164
SPADES NINE CLUBS THREE,0.695,0.0128,0.2922
SPADES TWO DIAMONDS FOUR,0.6432,0.0108,0.346
SPADES THREE DIAMONDS FOUR,0.642,0.0122,0.3458
SPADES FOUR DIAMONDS FOUR,0.4722,0.017,0.5108
SPADES FIVE DIAMONDS FOUR,0.6268,0.011,0.3622
SPADES SIX DIAMONDS FOUR,0.6414,0.011,0.3476
SPADES SEVEN DIAMONDS FOUR,0.6698,0.0118,0.3184
SPADES EIGHT DIAMONDS FOUR,0.6682,0.0102,0.3216
SPADES NINE DIAMONDS FOUR,0.683,0.008,0.309
CLUBS FIVE DIAMONDS FOUR,0.6326,0.0134,0.354
CLUBS FOUR DIAMONDS FOUR,0.4888,0.0192,0.492
CLUBS SEVEN DIAMONDS FOUR,0.6608,0.0104,0.3288
CLUBS SIX DIAMONDS FOUR,0.638,0.0092,0.3528
CLUBS NINE DIAMONDS FOUR,0.6912,0.0116,0.2972
CLUBS EIGHT DIAMONDS FOUR,0.6666,0.0128,0.3206
HEARTS SEVEN DIAMONDS FOUR,0.651,0.0128,0.3362
HEARTS SIX DIAMONDS FOUR,0.6418,0.011,0.3472
DIAMONDS FOUR HEARTS NINE,0.692,0.0118,0.2962
DIAMONDS FOUR HEARTS EIGHT,0.6692,0.0084,0.3224
CLUBS THREE DIAMONDS FOUR,0.6374,0.0116,0.351
CLUBS TWO DIAMONDS FOUR,0.6642,0.0102,0.3256
DIAMONDS JACK DIAMONDS FIVE,0.6262,0.0108,0.363
DIAMONDS NINE HEARTS QUEEN,0.6576,0.1102,0.2322
DIAMONDS NINE HEARTS KING,0.412,0.0074,0.5806
HEARTS ACE DIAMONDS NINE,0.4298,0.0036,0.5666
DIAMONDS NINE HEARTS TEN,0.7024,0.0432,0.2544
DIAMONDS NINE HEARTS JACK,0.6416,0.007,0.3514
CLUBS KING DIAMONDS SIX,0.4268,0.0056,0.5676
CLUBS ACE DIAMONDS SIX,0.4402,0.006,0.5538
SPADES KING DIAMONDS FOUR,0.4248,0.0056,0.5696
SPADES ACE SPADES SEVEN,0.3924,0.004,0.6036
SPADES QUEEN DIAMONDS FOUR,0.6554,0.1128,0.2318
SPADES QUEEN SPADES SEVEN,0.6198,0.1094,0.2708
CLUBS JACK DIAMONDS SIX,0.6642,0.0124,0.3234
SPADES KING SPADES SEVEN,0.4104,0.0044,0.5852
SPADES ACE DIAMONDS FOUR,0.4446,0.0042,0.5512
CLUBS TEN DIAMONDS SIX,0.7152,0.0482,0.2366
CLUBS NINE CLUBS FOUR,0.6508,0.0102,0.339
CLUBS EIGHT CLUBS FOUR,0.6352,0.0116,0.3532
SPADES JACK DIAMONDS FOUR,0.6786,0.0086,0.3128
SPADES TEN DIAMONDS FOUR,0.7402,0.045,0.2148
CLUBS FIVE CLUBS FOUR,0.5776,0.0128,0.4096
CLUBS SEVEN CLUBS FOUR,0.6212,0.0112,0.3676
CLUBS SIX CLUBS FOUR,0.5938,0.0098,0.3964
CLUBS SEVEN SPADES EIGHT,0.6436,0.0096,0.3468
CLUBS SEVEN SPADES NINE,0.647,0.012,0.341
CLUBS SEVEN SPADES SIX,0.6354,0.0104,0.3542
CLUBS SEVEN SPADES SEVEN,0.4684,0.016,0.5156
CLUBS SEVEN SPADES FIVE,0.6424,0.01,0.3476
CLUBS SEVEN SPADES FOUR,0.6534,0.0118,0.3348
CLUBS SEVEN SPADES THREE,0.6576,0.0108,0.3316
CLUBS SEVEN SPADES TWO,0.6746,0.0134,0.312
CLUBS NINE CLUBS SEVEN,0.6152,0.0112,0.3736
CLUBS SEVEN CLUBS EIGHT,0.6042,0.0122,0.3836
HEARTS SIX DIAMONDS FIVE,0.6222,0.0086,0.3692
HEARTS SEVEN DIAMONDS FIVE,0.6506,0.0104,0.339
DIAMONDS FIVE HEARTS EIGHT,0.6666,0.0084,0.325
DIAMONDS FIVE HEARTS NINE,0.6786,0.0102,0.3112
DIAMONDS QUEEN DIAMONDS FIVE,0.6234,0.1138,0.2628
HEARTS TWO DIAMONDS FIVE,0.6602,0.0122,0.3276
HEARTS KING HEARTS EIGHT,0.3982,0.0066,0.5952
DIAMONDS KING DIAMONDS FIVE,0.4172,0.008,0.5748
HEARTS THREE DIAMONDS FIVE,0.6436,0.012,0.3444
HEARTS QUEEN HEARTS EIGHT,0.6188,0.1056,0.2756
DIAMONDS ACE DIAMONDS FIVE,0.4088,0.0062,0.585
HEARTS FOUR DIAMONDS FIVE,0.6166,0.0092,0.3742
HEARTS FIVE DIAMONDS FIVE,0.4758,0.0192,0.505
HEARTS ACE HEARTS EIGHT,0.4094,0.0044,0.5862
CLUBS FOUR DIAMONDS FIVE,0.6292,0.0132,0.3576
CLUBS FIVE DIAMONDS FIVE,0.475,0.018,0.507
CLUBS SIX DIAMONDS FIVE,0.647,0.012,0.341
CLUBS SEVEN DIAMONDS FIVE,0.6464,0.0112,0.3424
CLUBS TWO DIAMONDS FIVE,0.6534,0.0146,0.332
CLUBS THREE DIAMONDS FIVE,0.6526,0.0098,0.3376
SPADES THREE DIAMONDS FIVE,0.6462,0.011,0.3428
SPADES TWO DIAMONDS FIVE,0.6492,0.012,0.3388
SPADES JACK DIAMONDS EIGHT,0.6466,0.0088,0.3446
SPADES FIVE DIAMONDS FIVE,0.4884,0.0136,0.498
CLUBS TEN HEARTS JACK,0.7096,0.0422,0.2482
SPADES TEN DIAMONDS EIGHT,0.6984,0.0412,0.2604
SPADES FOUR DIAMONDS FIVE,0.6128,0.0108,0.3764
HEARTS JACK CLUBS JACK,0.2908,0.0116,0.6976
CLUBS NINE DIAMONDS FIVE,0.6804,0.01,0.3096
HEARTS JACK CLUBS KING,0.375,0.0056,0.6194
CLUBS EIGHT DIAMONDS FIVE,0.6674,0.012,0.3206
CLUBS ACE HEARTS JACK,0.3764,0.0034,0.6202
SPADES SEVEN DIAMONDS FIVE,0.6346,0.0086,0.3568
SPADES KING DIAMONDS EIGHT,0.4216,0.007,0.5714
SPADES QUEEN DIAMONDS EIGHT,0.6536,0.1264,0.22
SPADES SIX DIAMONDS FIVE,0.6222,0.0118,0.366
SPADES NINE DIAMONDS FIVE,0.662,0.0122,0.3258
SPADES EIGHT DIAMONDS FIVE,0.6528,0.0122,0.335
SPADES ACE DIAMONDS EIGHT,0.4338,0.0034,0.5628
HEARTS ACE DIAMONDS SEVEN,0.4508,0.004,0.5452
DIAMONDS JACK DIAMONDS SIX,0.622,0.0118,0.3662
HEARTS QUEEN DIAMONDS SEVEN,0.6574,0.1184,0.2242
HEARTS KING DIAMONDS SEVEN,0.4444,0.0044,0.5512
DIAMONDS ACE DIAMONDS SIX,0.4204,0.0042,0.5754
HEARTS FOUR DIAMONDS SIX,0.643,0.0086,0.3484
SPADES TWO HEARTS JACK,0.671,0.0082,0.3208
HEARTS FIVE DIAMONDS SIX,0.6448,0.0092,0.346
SPADES TWO HEARTS TEN,0.7388,0.0444,0.2168
DIAMONDS QUEEN DIAMONDS SIX,0.61,0.1252,0.2648
HEARTS TWO DIAMONDS SIX,0.663,0.009,0.328
DIAMONDS KING DIAMONDS SIX,0.4044,0.0076,0.588
HEARTS THREE DIAMONDS SIX,0.6486,0.0106,0.3408
HEARTS EIGHT DIAMONDS SIX,0.646,0.0118,0.3422
HEARTS NINE DIAMONDS SIX,0.6636,0.0106,0.3258
HEARTS SIX DIAMONDS SIX,0.4762,0.0166,0.5072
HEARTS SEVEN DIAMONDS SIX,0.6256,0.0112,0.3632
HEARTS TEN DIAMONDS SEVEN,0.7194,0.0428,0.2378
CLUBS TWO DIAMONDS SIX,0.672,0.011,0.317
HEARTS JACK DIAMONDS SEVEN,0.6614,0.0086,0.33
CLUBS THREE DIAMONDS SIX,0.6514,0.0108,0.3378
CLUBS SEVEN DIAMONDS SIX,0.6238,0.0098,0.3664
DIAMONDS EIGHT CLUBS JACK,0.6634,0.0094,0.3272
CLUBS SIX DIAMONDS SIX,0.4808,0.0154,0.5038
CLUBS TEN DIAMONDS EIGHT,0.7084,0.0456,0.246
CLUBS FIVE DIAMONDS SIX,0.642,0.0088,0.3492
CLUBS FOUR DIAMONDS SIX,0.6454,0.0088,0.3458
HEARTS ACE HEARTS JACK,0.351,0.005,0.644
DIAMONDS EIGHT CLUBS ACE,0.4354,0.004,0.5606
HEARTS QUEEN HEARTS JACK,0.2304,0.088,0.6816
DIAMONDS EIGHT CLUBS KING,0.4382,0.0082,0.5536
CLUBS NINE DIAMONDS SIX,0.6588,0.0132,0.328
HEARTS KING HEARTS JACK,0.347,0.0076,0.6454
CLUBS EIGHT DIAMONDS SIX,0.6546,0.0122,0.3332
SPADES TEN HEARTS KING,0.2558,0.0252,0.719
SPADES FIVE DIAMONDS SIX,0.6288,0.0094,0.3618
HEARTS ACE SPADES TWO,0.4352,0.0034,0.5614
SPADES JACK HEARTS KING,0.37,0.0074,0.6226
SPADES FOUR DIAMONDS SIX,0.6352,0.0112,0.3536
SPADES THREE DIAMONDS SIX,0.6442,0.0118,0.344
HEARTS QUEEN SPADES TWO,0.6528,0.1184,0.2288
SPADES ACE SPADES KING,0.3278,0.0026,0.6696
HEARTS KING SPADES TWO,0.4408,0.0068,0.5524
SPADES TWO DIAMONDS SIX,0.6664,0.0114,0.3222
HEARTS TEN HEARTS EIGHT,0.6678,0.042,0.2902
SPADES NINE DIAMONDS SIX,0.6602,0.0118,0.328
HEARTS JACK HEARTS EIGHT,0.5968,0.01,0.3932
SPADES EIGHT DIAMONDS SIX,0.6508,0.0116,0.3376
SPADES SEVEN DIAMONDS SIX,0.6244,0.0098,0.3658
SPADES SIX DIAMONDS SIX,0.469,0.0218,0.5092
SPADES KING HEARTS KING,0.1608,0.002,0.8372
SPADES QUEEN HEARTS KING,0.2456,0.0266,0.7278
CLUBS ACE CLUBS KING,0.3482,0.0044,0.6474
SPADES ACE HEARTS KING,0.3616,0.0024,0.636
SPADES ACE HEARTS JACK,0.386,0.0016,0.6124
SPADES QUEEN HEARTS JACK,0.2402,0.0866,0.6732
SPADES KING HEARTS JACK,0.3802,0.0064,0.6134
SPADES JACK HEARTS JACK,0.3012,0.0094,0.6894
SPADES TEN HEARTS JACK,0.7048,0.0364,0.2588
SPADES NINE DIAMONDS SEVEN,0.6508,0.0124,0.3368
SPADES EIGHT DIAMONDS SEVEN,0.6442,0.0098,0.346
SPADES SEVEN DIAMONDS SEVEN,0.465,0.0138,0.5212
SPADES SIX DIAMONDS SEVEN,0.637,0.0102,0.3528
DIAMONDS KING DIAMONDS SEVEN,0.4212,0.007,0.5718
HEARTS THREE DIAMONDS SEVEN,0.6678,0.011,0.3212
HEARTS KING DIAMONDS FIVE,0.4316,0.0058,0.5626
DIAMONDS QUEEN DIAMONDS SEVEN,0.6218,0.1068,0.2714
HEARTS TWO DIAMONDS SEVEN,0.6804,0.0094,0.3102
HEARTS QUEEN DIAMONDS FIVE,0.6526,0.1206,0.2268
HEARTS FIVE DIAMONDS SEVEN,0.657,0.0104,0.3326
DIAMONDS ACE DIAMONDS SEVEN,0.4176,0.0054,0.577
HEARTS FOUR DIAMONDS SEVEN,0.6424,0.0116,0.346
HEARTS ACE DIAMONDS FIVE,0.4312,0.0046,0.5642
HEARTS SEVEN DIAMONDS SEVEN,0.47,0.0156,0.5144
HEARTS SIX DIAMONDS SEVEN,0.6274,0.0124,0.3602
DIAMONDS SEVEN HEARTS NINE,0.6448,0.0104,0.3448
HEARTS EIGHT DIAMONDS SEVEN,0.6266,0.0112,0.3622
DIAMONDS JACK DIAMONDS SEVEN,0.618,0.012,0.37
DIAMONDS FIVE HEARTS JACK,0.6684,0.009,0.3226
HEARTS TEN DIAMONDS FIVE,0.7352,0.0448,0.22
SPADES KING CLUBS TWO,0.4574,0.0066,0.536
HEARTS KING CLUBS KING,0.155,0.004,0.841
CLUBS EIGHT DIAMONDS SEVEN,0.6282,0.0114,0.3604
SPADES QUEEN CLUBS TWO,0.6594,0.1176,0.223
CLUBS NINE DIAMONDS SEVEN,0.659,0.012,0.329
SPADES TWO CLUBS JACK,0.6702,0.0122,0.3176
SPADES ACE CLUBS TWO,0.441,0.0052,0.5538
CLUBS TEN SPADES TWO,0.7258,0.0504,0.2238
HEARTS KING CLUBS ACE,0.3422,0.005,0.6528
CLUBS SEVEN CLUBS SIX,0.5936,0.0126,0.3938
SPADES TWO CLUBS KING,0.4458,0.0086,0.5456
SPADES TWO DIAMONDS SEVEN,0.674,0.0138,0.3122
CLUBS EIGHT CLUBS SIX,0.6146,0.0106,0.3748
SPADES THREE DIAMONDS SEVEN,0.6724,0.0096,0.318
CLUBS NINE CLUBS SIX,0.6264,0.0114,0.3622
SPADES FOUR DIAMONDS SEVEN,0.6458,0.0098,0.3444
HEARTS KING CLUBS JACK,0.3652,0.0066,0.6282
SPADES FIVE DIAMONDS SEVEN,0.647,0.0086,0.3444
SPADES TWO CLUBS ACE,0.4326,0.0034,0.564
CLUBS TEN HEARTS KING,0.2442,0.0286,0.7272
CLUBS SIX SPADES TWO,0.67,0.0092,0.3208
CLUBS SIX SPADES THREE,0.6564,0.0106,0.333
CLUBS TWO DIAMONDS SEVEN,0.679,0.014,0.307
CLUBS SIX SPADES FOUR,0.634,0.0104,0.3556
CLUBS THREE DIAMONDS SEVEN,0.6644,0.0098,0.3258
CLUBS SIX SPADES FIVE,0.6304,0.01,0.3596
CLUBS FOUR DIAMONDS SEVEN,0.6448,0.0106,0.3446
CLUBS SIX SPADES SIX,0.4866,0.0172,0.4962
CLUBS FIVE DIAMONDS SEVEN,0.6516,0.0106,0.3378
CLUBS SIX SPADES SEVEN,0.6286,0.0092,0.3622
CLUBS SIX DIAMONDS SEVEN,0.6462,0.0108,0.343
CLUBS SIX SPADES EIGHT,0.6472,0.0112,0.3416
SPADES JACK CLUBS TWO,0.6704,0.0104,0.3192
CLUBS SEVEN DIAMONDS SEVEN,0.472,0.0148,0.5132
SPADES NINE CLUBS SIX,0.6684,0.0094,0.3222
SPADES TEN CLUBS TWO,0.7362,0.0456,0.2182
CLUBS TWO CLUBS KING,0.4164,0.0046,0.579
CLUBS THREE DIAMONDS EIGHT,0.685,0.01,0.305
CLUBS TWO CLUBS ACE,0.413,0.0046,0.5824
CLUBS TWO DIAMONDS EIGHT,0.6958,0.013,0.2912
HEARTS SEVEN DIAMONDS EIGHT,0.634,0.0132,0.3528
HEARTS SIX DIAMONDS EIGHT,0.6442,0.0094,0.3464
DIAMONDS EIGHT HEARTS NINE,0.6382,0.0098,0.352
CLUBS TEN CLUBS TWO,0.6914,0.0476,0.261
DIAMONDS EIGHT HEARTS EIGHT,0.4712,0.014,0.5148
CLUBS TWO CLUBS JACK,0.6378,0.0092,0.353
CLUBS NINE DIAMONDS EIGHT,0.6516,0.009,0.3394
CLUBS EIGHT DIAMONDS EIGHT,0.4582,0.0146,0.5272
CLUBS FIVE DIAMONDS EIGHT,0.6606,0.0112,0.3282
SPADES ACE SPADES THREE,0.4126,0.0032,0.5842
CLUBS FOUR DIAMONDS EIGHT,0.6854,0.0118,0.3028
CLUBS SEVEN DIAMONDS EIGHT,0.624,0.0106,0.3654
SPADES QUEEN SPADES THREE,0.5976,0.1252,0.2772
CLUBS SIX DIAMONDS EIGHT,0.6482,0.0102,0.3416
SPADES KING SPADES THREE,0.4182,0.0066,0.5752
DIAMONDS EIGHT DIAMONDS QUEEN,0.6242,0.1142,0.2616
HEARTS TWO DIAMONDS EIGHT,0.6746,0.0132,0.3122
DIAMONDS KING DIAMONDS EIGHT,0.4092,0.0072,0.5836
HEARTS THREE DIAMONDS EIGHT,0.6892,0.01,0.3008
DIAMONDS ACE DIAMONDS EIGHT,0.3936,0.0036,0.6028
HEARTS FOUR DIAMONDS EIGHT,0.666,0.0116,0.3224
HEARTS FIVE DIAMONDS EIGHT,0.6654,0.0086,0.326
DIAMONDS EIGHT DIAMONDS JACK,0.613,0.0108,0.3762
SPADES JACK SPADES THREE,0.6218,0.0104,0.3678
SPADES TEN SPADES THREE,0.6822,0.0442,0.2736
CLUBS FOUR HEARTS ACE,0.4402,0.0028,0.557
CLUBS FOUR HEARTS QUEEN,0.6444,0.128,0.2276
CLUBS FOUR HEARTS KING,0.447,0.0072,0.5458
CLUBS SIX HEARTS TEN,0.721,0.0448,0.2342
CLUBS SIX HEARTS JACK,0.6638,0.0086,0.3276
DIAMONDS EIGHT SPADES FOUR,0.6762,0.01,0.3138
SPADES FIVE DIAMONDS EIGHT,0.6584,0.0084,0.3332
DIAMONDS EIGHT SPADES TWO,0.6846,0.0106,0.3048
DIAMONDS EIGHT SPADES THREE,0.6698,0.01,0.3202
CLUBS FOUR HEARTS JACK,0.6694,0.0104,0.3202
SPADES EIGHT DIAMONDS EIGHT,0.4564,0.0128,0.5308
SPADES TEN DIAMONDS QUEEN,0.0102,0.9686,0.0212
SPADES TEN HEARTS TWO,0.7416,0.0458,0.2126
SPADES JACK HEARTS EIGHT,0.6414,0.0092,0.3494
CLUBS FOUR HEARTS TEN,0.7306,0.0428,0.2266
SPADES NINE DIAMONDS EIGHT,0.6418,0.0082,0.35
SPADES TEN HEARTS EIGHT,0.7026,0.042,0.2554
SPADES JACK HEARTS TWO,0.6652,0.0126,0.3222
SPADES JACK DIAMONDS QUEEN,0.233,0.0886,0.6784
SPADES SIX DIAMONDS EIGHT,0.6374,0.0074,0.3552
SPADES SEVEN DIAMONDS EIGHT,0.6308,0.0092,0.36
SPADES ACE HEARTS TWO,0.4334,0.0052,0.5614
SPADES ACE DIAMONDS QUEEN,0.2634,0.0124,0.7242
SPADES ACE HEARTS EIGHT,0.4396,0.0026,0.5578
SPADES KING HEARTS EIGHT,0.4366,0.0058,0.5576
SPADES QUEEN HEARTS TWO,0.6518,0.118,0.2302
SPADES QUEEN DIAMONDS QUEEN,0.1272,0.0186,0.8542
SPADES KING DIAMONDS QUEEN,0.2492,0.025,0.7258
SPADES KING HEARTS TWO,0.431,0.0052,0.5638
SPADES QUEEN HEARTS EIGHT,0.643,0.1164,0.2406
CLUBS TWO HEARTS TEN,0.7396,0.0422,0.2182
CLUBS TWO HEARTS JACK,0.6692,0.0104,0.3204
SPADES SEVEN DIAMONDS NINE,0.6502,0.0086,0.3412
SPADES SIX DIAMONDS NINE,0.6592,0.0106,0.3302
SPADES NINE DIAMONDS NINE,0.4458,0.0132,0.541
SPADES EIGHT DIAMONDS NINE,0.6422,0.01,0.3478
SPADES TEN CLUBS KING,0.244,0.0248,0.7312
DIAMONDS NINE SPADES THREE,0.6928,0.0096,0.2976
SPADES JACK CLUBS KING,0.366,0.007,0.627
DIAMONDS NINE SPADES TWO,0.6874,0.0096,0.303
DIAMONDS NINE SPADES FIVE,0.675,0.0142,0.3108
DIAMONDS NINE SPADES FOUR,0.682,0.009,0.309
CLUBS NINE DIAMONDS NINE,0.462,0.012,0.526
CLUBS EIGHT DIAMONDS NINE,0.6396,0.0116,0.3488
CLUBS SIX DIAMONDS NINE,0.6662,0.0088,0.325
SPADES JACK CLUBS FOUR,0.669,0.0096,0.3214
CLUBS SEVEN DIAMONDS NINE,0.642,0.0124,0.3456
SPADES TEN CLUBS FOUR,0.7282,0.044,0.2278
CLUBS FOUR DIAMONDS NINE,0.6894,0.0134,0.2972
CLUBS FIVE DIAMONDS NINE,0.6732,0.0114,0.3154
DIAMONDS NINE CLUBS TWO,0.6812,0.014,0.3048
CLUBS THREE DIAMONDS NINE,0.6816,0.0144,0.304
DIAMONDS NINE HEARTS EIGHT,0.651,0.0102,0.3388
DIAMONDS NINE HEARTS NINE,0.4442,0.0138,0.542
HEARTS SIX DIAMONDS NINE,0.6592,0.008,0.3328
HEARTS SEVEN DIAMONDS NINE,0.659,0.0092,0.3318
CLUBS NINE CLUBS EIGHT,0.6084,0.0094,0.3822
DIAMONDS ACE DIAMONDS NINE,0.4026,0.005,0.5924
HEARTS FOUR DIAMONDS NINE,0.6748,0.0096,0.3156
HEARTS FIVE DIAMONDS NINE,0.6658,0.0088,0.3254
HEARTS ACE CLUBS TWO,0.442,0.0044,0.5536
SPADES ACE CLUBS FOUR,0.4374,0.0034,0.5592
DIAMONDS NINE DIAMONDS QUEEN,0.6206,0.1126,0.2668
HEARTS TWO DIAMONDS NINE,0.69,0.0114,0.2986
CLUBS TWO HEARTS KING,0.4432,0.007,0.5498
SPADES KING CLUBS FOUR,0.428,0.0068,0.5652
DIAMONDS KING DIAMONDS NINE,0.4004,0.0074,0.5922
HEARTS THREE DIAMONDS NINE,0.6846,0.0092,0.3062
CLUBS TWO HEARTS QUEEN,0.668,0.1166,0.2154
SPADES QUEEN CLUBS FOUR,0.6558,0.1264,0.2178
DIAMONDS NINE DIAMONDS JACK,0.5936,0.0092,0.3972
CLUBS EIGHT SPADES NINE,0.6436,0.0106,0.3458
CLUBS EIGHT SPADES EIGHT,0.4538,0.0132,0.533
CLUBS EIGHT SPADES SEVEN,0.6288,0.0072,0.364
CLUBS EIGHT SPADES SIX,0.6498,0.0112,0.339
CLUBS EIGHT SPADES FIVE,0.645,0.0136,0.3414
CLUBS EIGHT SPADES FOUR,0.6694,0.0098,0.3208
CLUBS EIGHT SPADES THREE,0.6708,0.0104,0.3188
CLUBS EIGHT SPADES TWO,0.6788,0.012,0.3092
CLUBS FOUR CLUBS JACK,0.639,0.0102,0.3508
CLUBS TEN CLUBS FOUR,0.7024,0.0462,0.2514
CLUBS FOUR CLUBS KING,0.4144,0.0106,0.575
CLUBS FOUR CLUBS ACE,0.4098,0.0054,0.5848
CLUBS EIGHT HEARTS JACK,0.6364,0.0088,0.3548
CLUBS EIGHT HEARTS TEN,0.7192,0.0404,0.2404
CLUBS EIGHT HEARTS QUEEN,0.6648,0.1196,0.2156
CLUBS EIGHT HEARTS KING,0.4278,0.0064,0.5658
CLUBS EIGHT HEARTS ACE,0.422,0.0044,0.5736
CLUBS NINE SPADES THREE,0.6792,0.0104,0.3104
CLUBS NINE SPADES TWO,0.6802,0.0152,0.3046
CLUBS NINE SPADES FIVE,0.6872,0.007,0.3058
CLUBS NINE SPADES FOUR,0.6832,0.0088,0.308
CLUBS NINE SPADES SEVEN,0.6514,0.0118,0.3368
CLUBS NINE SPADES SIX,0.6626,0.0078,0.3296
CLUBS NINE SPADES NINE,0.4478,0.0138,0.5384
CLUBS TEN HEARTS EIGHT,0.7022,0.0462,0.2516
CLUBS NINE SPADES EIGHT,0.644,0.0092,0.3468
HEARTS EIGHT CLUBS JACK,0.6436,0.008,0.3484
CLUBS KING HEARTS EIGHT,0.4166,0.0068,0.5766
CLUBS ACE HEARTS EIGHT,0.4214,0.0034,0.5752
SPADES KING CLUBS KING,0.1544,0.003,0.8426
SPADES QUEEN CLUBS KING,0.2486,0.0266,0.7248
SPADES ACE CLUBS KING,0.3522,0.0054,0.6424
DIAMONDS ACE HEARTS TEN,0.2524,0.0176,0.73
HEARTS FOUR HEARTS TEN,0.681,0.0478,0.2712
DIAMONDS ACE HEARTS JACK,0.382,0.0064,0.6116
HEARTS FOUR HEARTS JACK,0.6304,0.0058,0.3638
SPADES KING CLUBS FIVE,0.452,0.0078,0.5402
SPADES QUEEN CLUBS FIVE,0.6522,0.1204,0.2274
SPADES ACE CLUBS FIVE,0.4454,0.0048,0.5498
HEARTS SEVEN DIAMONDS JACK,0.6512,0.0086,0.3402
HEARTS SIX DIAMONDS JACK,0.6636,0.0098,0.3266
DIAMONDS JACK HEARTS NINE,0.633,0.0114,0.3556
DIAMONDS JACK HEARTS EIGHT,0.6424,0.01,0.3476
DIAMONDS KING DIAMONDS JACK,0.3578,0.0056,0.6366
HEARTS THREE DIAMONDS JACK,0.6532,0.0092,0.3376
SPADES ACE SPADES SIX,0.408,0.0054,0.5866
HEARTS ACE SPADES FOUR,0.4358,0.0016,0.5626
DIAMONDS QUEEN DIAMONDS JACK,0.2318,0.0852,0.683
HEARTS TWO DIAMONDS JACK,0.6682,0.0092,0.3226
HEARTS FIVE DIAMONDS JACK,0.6682,0.0114,0.3204
SPADES QUEEN SPADES SIX,0.6088,0.1134,0.2778
SPADES FOUR HEARTS QUEEN,0.6394,0.1226,0.238
DIAMONDS ACE DIAMONDS JACK,0.3556,0.0046,0.6398
HEARTS FOUR DIAMONDS JACK,0.6622,0.0108,0.327
SPADES KING SPADES SIX,0.4112,0.0054,0.5834
SPADES FOUR HEARTS KING,0.4386,0.0064,0.555
SPADES TEN SPADES SIX,0.6694,0.0458,0.2848
SPADES JACK SPADES SIX,0.6236,0.009,0.3674
SPADES FOUR DIAMONDS JACK,0.644,0.01,0.346
SPADES FIVE DIAMONDS JACK,0.654,0.0128,0.3332
DIAMONDS JACK SPADES TWO,0.6604,0.0108,0.3288
SPADES THREE DIAMONDS JACK,0.6604,0.0106,0.329
SPADES ACE DIAMONDS THREE,0.4486,0.005,0.5464
SPADES QUEEN DIAMONDS THREE,0.6642,0.1186,0.2172
CLUBS EIGHT DIAMONDS JACK,0.6504,0.0088,0.3408
SPADES KING DIAMONDS THREE,0.4314,0.0074,0.5612
CLUBS NINE DIAMONDS JACK,0.6366,0.0086,0.3548
CLUBS SIX DIAMONDS JACK,0.672,0.0102,0.3178
CLUBS SEVEN DIAMONDS JACK,0.6544,0.0114,0.3342
CLUBS FOUR DIAMONDS JACK,0.6468,0.0102,0.343
CLUBS FIVE DIAMONDS JACK,0.6624,0.0124,0.3252
CLUBS TWO DIAMONDS JACK,0.6612,0.0102,0.3286
CLUBS THREE DIAMONDS JACK,0.6714,0.0126,0.316
SPADES TEN CLUBS FIVE,0.7252,0.0446,0.2302
SPADES JACK HEARTS SIX,0.6614,0.0078,0.3308
HEARTS SIX SPADES TEN,0.7112,0.0396,0.2492
SPADES JACK CLUBS FIVE,0.6688,0.0102,0.321
SPADES JACK DIAMONDS THREE,0.669,0.008,0.323
CLUBS SEVEN CLUBS ACE,0.4268,0.0038,0.5694
DIAMONDS THREE SPADES TEN,0.7324,0.0468,0.2208
CLUBS SEVEN CLUBS KING,0.4168,0.0076,0.5756
SPADES NINE DIAMONDS JACK,0.6446,0.01,0.3454
CLUBS TEN CLUBS SEVEN,0.6914,0.0402,0.2684
DIAMONDS ACE HEARTS ACE,0.1506,0.003,0.8464
HEARTS FOUR HEARTS ACE,0.411,0.0048,0.5842
SPADES EIGHT DIAMONDS JACK,0.6456,0.0106,0.3438
SPADES ACE HEARTS SIX,0.4412,0.003,0.5558
CLUBS SEVEN CLUBS JACK,0.6164,0.0116,0.372
DIAMONDS ACE HEARTS KING,0.3546,0.005,0.6404
HEARTS FOUR HEARTS KING,0.4266,0.006,0.5674
SPADES SEVEN DIAMONDS JACK,0.6546,0.0096,0.3358
SPADES KING HEARTS SIX,0.438,0.0054,0.5566
DIAMONDS ACE HEARTS QUEEN,0.2594,0.0112,0.7294
HEARTS FOUR HEARTS QUEEN,0.61,0.1088,0.2812
SPADES QUEEN HEARTS SIX,0.646,0.1166,0.2374
SPADES SIX DIAMONDS JACK,0.653,0.0132,0.3338
DIAMONDS THREE CLUBS JACK,0.6712,0.0126,0.3162
CLUBS TEN DIAMONDS THREE,0.729,0.0512,0.2198
DIAMONDS THREE CLUBS KING,0.451,0.0084,0.5406
DIAMONDS THREE CLUBS ACE,0.4394,0.0054,0.5552
SPADES FOUR HEARTS JACK,0.6632,0.0098,0.327
SPADES FOUR HEARTS TEN,0.7184,0.0466,0.235
SPADES FIVE SPADES TWO,0.5914,0.0138,0.3948
SPADES FOUR SPADES TWO,0.608,0.0088,0.3832
SPADES THREE SPADES TWO,0.612,0.0108,0.3772
SPADES NINE SPADES TWO,0.6378,0.009,0.3532
SPADES EIGHT SPADES TWO,0.641,0.0086,0.3504
SPADES SEVEN SPADES TWO,0.637,0.0098,0.3532
SPADES SIX SPADES TWO,0.6174,0.0082,0.3744
CLUBS THREE DIAMONDS QUEEN,0.6618,0.1256,0.2126
CLUBS THREE HEARTS TWO,0.655,0.0108,0.3342
CLUBS TWO DIAMONDS QUEEN,0.6604,0.1212,0.2184
HEARTS TWO CLUBS TWO,0.4696,0.0172,0.5132
HEARTS SEVEN DIAMONDS QUEEN,0.6534,0.1178,0.2288
HEARTS SEVEN HEARTS TWO,0.623,0.0102,0.3668
HEARTS SIX DIAMONDS QUEEN,0.6352,0.1294,0.2354
HEARTS SIX HEARTS TWO,0.6154,0.0094,0.3752
DIAMONDS QUEEN HEARTS NINE,0.6446,0.1192,0.2362
HEARTS TWO HEARTS NINE,0.641,0.01,0.349
DIAMONDS QUEEN HEARTS EIGHT,0.6494,0.114,0.2366
HEARTS TWO HEARTS EIGHT,0.6262,0.0108,0.363
CLUBS NINE HEARTS TWO,0.6966,0.0126,0.2908
CLUBS NINE DIAMONDS QUEEN,0.6544,0.1172,0.2284
CLUBS EIGHT HEARTS TWO,0.6814,0.0132,0.3054
CLUBS EIGHT DIAMONDS QUEEN,0.6638,0.1154,0.2208
CLUBS FIVE DIAMONDS QUEEN,0.6472,0.1206,0.2322
CLUBS FIVE HEARTS TWO,0.6484,0.0098,0.3418
SPADES EIGHT HEARTS ACE,0.4302,0.004,0.5658
CLUBS FOUR DIAMONDS QUEEN,0.6474,0.1198,0.2328
CLUBS FOUR HEARTS TWO,0.6476,0.0122,0.3402
CLUBS SEVEN DIAMONDS QUEEN,0.6374,0.1264,0.2362
CLUBS SEVEN HEARTS TWO,0.676,0.0112,0.3128
SPADES EIGHT HEARTS QUEEN,0.6488,0.1158,0.2354
CLUBS SIX DIAMONDS QUEEN,0.6378,0.1228,0.2394
CLUBS SIX HEARTS TWO,0.6678,0.011,0.3212
SPADES EIGHT HEARTS KING,0.4294,0.0068,0.5638
HEARTS TWO SPADES SIX,0.6602,0.0098,0.33
SPADES SIX DIAMONDS QUEEN,0.6462,0.123,0.2308
SPADES SEVEN DIAMONDS QUEEN,0.6404,0.1234,0.2362
SPADES SEVEN HEARTS TWO,0.6788,0.0088,0.3124
HEARTS FOUR CLUBS KING,0.4358,0.0062,0.558
DIAMONDS ACE CLUBS KING,0.3486,0.007,0.6444
SPADES EIGHT DIAMONDS QUEEN,0.6478,0.117,0.2352
SPADES EIGHT HEARTS TWO,0.6778,0.0116,0.3106
HEARTS FOUR CLUBS ACE,0.435,0.0054,0.5596
DIAMONDS ACE CLUBS ACE,0.148,0.0054,0.8466
SPADES NINE DIAMONDS QUEEN,0.6508,0.1166,0.2326
SPADES NINE HEARTS TWO,0.6702,0.0102,0.3196
HEARTS TWO SPADES TWO,0.4826,0.0148,0.5026
DIAMONDS QUEEN SPADES TWO,0.6522,0.1218,0.226
HEARTS TWO SPADES THREE,0.6628,0.0128,0.3244
DIAMONDS QUEEN SPADES THREE,0.6486,0.118,0.2334
HEARTS TWO SPADES FOUR,0.6468,0.0112,0.342
SPADES FOUR DIAMONDS QUEEN,0.64,0.1194,0.2406
CLUBS TEN HEARTS FOUR,0.729,0.0468,0.2242
CLUBS TEN DIAMONDS ACE,0.254,0.0196,0.7264
HEARTS TWO SPADES FIVE,0.6614,0.009,0.3296
SPADES FIVE DIAMONDS QUEEN,0.6498,0.1166,0.2336
HEARTS FOUR CLUBS JACK,0.647,0.0096,0.3434
DIAMONDS ACE CLUBS JACK,0.3902,0.0054,0.6044
CLUBS FIVE CLUBS KING,0.4228,0.008,0.5692
CLUBS FIVE CLUBS ACE,0.4064,0.003,0.5906
CLUBS FIVE CLUBS JACK,0.627,0.0088,0.3642
CLUBS TEN CLUBS FIVE,0.7004,0.046,0.2536
SPADES KING CLUBS JACK,0.3806,0.0066,0.6128
SPADES QUEEN CLUBS JACK,0.2334,0.0858,0.6808
SPADES ACE CLUBS JACK,0.3876,0.004,0.6084
SPADES SIX CLUBS KING,0.428,0.0064,0.5656
SPADES EIGHT HEARTS JACK,0.6456,0.0096,0.3448
SPADES SIX CLUBS ACE,0.4298,0.0042,0.566
SPADES EIGHT HEARTS TEN,0.701,0.0446,0.2544
SPADES SIX CLUBS JACK,0.6628,0.0104,0.3268
CLUBS TEN SPADES SIX,0.719,0.045,0.236
SPADES TEN CLUBS JACK,0.7152,0.0382,0.2466
SPADES JACK CLUBS JACK,0.2958,0.013,0.6912
SPADES QUEEN CLUBS SEVEN,0.6592,0.1188,0.222
SPADES KING CLUBS SEVEN,0.4446,0.0084,0.547
SPADES ACE CLUBS SEVEN,0.4438,0.002,0.5542
SPADES SIX HEARTS TEN,0.7126,0.039,0.2484
SPADES SIX HEARTS JACK,0.6634,0.0104,0.3262
SPADES SIX HEARTS ACE,0.4372,0.0028,0.56
SPADES SIX HEARTS KING,0.4368,0.0052,0.558
SPADES SIX HEARTS QUEEN,0.6472,0.1136,0.2392
CLUBS SEVEN SPADES JACK,0.6606,0.0114,0.328
CLUBS SEVEN SPADES TEN,0.724,0.0458,0.2302
CLUBS TEN HEARTS SIX,0.7216,0.0406,0.2378
HEARTS SIX CLUBS JACK,0.6692,0.009,0.3218
CLUBS ACE CLUBS JACK,0.3536,0.0032,0.6432
HEARTS SIX CLUBS KING,0.4338,0.0084,0.5578
HEARTS SIX CLUBS ACE,0.4228,0.0028,0.5744
CLUBS KING CLUBS JACK,0.3528,0.0076,0.6396
DIAMONDS THREE HEARTS ACE,0.4444,0.0022,0.5534
DIAMONDS THREE HEARTS QUEEN,0.6604,0.1248,0.2148
DIAMONDS THREE HEARTS KING,0.452,0.0068,0.5412
CLUBS FIVE HEARTS JACK,0.6626,0.0094,0.328
SPADES TEN DIAMONDS ACE,0.2478,0.0196,0.7326
HEARTS FOUR SPADES TEN,0.7184,0.0434,0.2382
CLUBS FIVE HEARTS TEN,0.7228,0.0488,0.2284
HEARTS FOUR SPADES JACK,0.6514,0.0086,0.34
SPADES JACK DIAMONDS ACE,0.391,0.0062,0.6028
SPADES ACE HEARTS FOUR,0.4324,0.0042,0.5634
SPADES ACE DIAMONDS ACE,0.1502,0.0042,0.8456
CLUBS FIVE HEARTS ACE,0.4374,0.0048,0.5578
CLUBS FIVE HEARTS KING,0.4486,0.0066,0.5448
HEARTS FOUR SPADES QUEEN,0.654,0.1174,0.2286
SPADES QUEEN DIAMONDS ACE,0.2608,0.0162,0.723
SPADES FOUR CLUBS JACK,0.665,0.0082,0.3268
CLUBS FIVE HEARTS QUEEN,0.6554,0.1142,0.2304
SPADES KING DIAMONDS ACE,0.3564,0.0046,0.639
SPADES KING HEARTS FOUR,0.4346,0.005,0.5604
CLUBS TEN SPADES FOUR,0.726,0.0504,0.2236
DIAMONDS ACE DIAMONDS QUEEN,0.255,0.015,0.73
DIAMONDS ACE HEARTS TWO,0.4378,0.0046,0.5576
HEARTS FOUR DIAMONDS QUEEN,0.6526,0.1162,0.2312
HEARTS FOUR HEARTS TWO,0.608,0.0126,0.3794
DIAMONDS THREE HEARTS TEN,0.7358,0.0448,0.2194
SPADES FOUR CLUBS KING,0.4462,0.0064,0.5474
HEARTS FIVE DIAMONDS QUEEN,0.6418,0.1128,0.2454
HEARTS FIVE HEARTS TWO,0.5982,0.0106,0.3912
DIAMONDS THREE HEARTS JACK,0.6564,0.0098,0.3338
HEARTS TWO DIAMONDS QUEEN,0.6576,0.1226,0.2198
DIAMONDS KING DIAMONDS QUEEN,0.2422,0.0238,0.734
DIAMONDS KING HEARTS TWO,0.4434,0.0082,0.5484
HEARTS THREE DIAMONDS QUEEN,0.652,0.1178,0.2302
HEARTS THREE HEARTS TWO,0.6218,0.0112,0.367
SPADES FOUR CLUBS ACE,0.4386,0.0042,0.5572
HEARTS TWO CLUBS ACE,0.4372,0.0058,0.557
DIAMONDS QUEEN CLUBS ACE,0.2518,0.0168,0.7314
HEARTS TWO CLUBS KING,0.4396,0.006,0.5544
DIAMONDS QUEEN CLUBS KING,0.2334,0.025,0.7416
SPADES EIGHT SPADES FIVE,0.6032,0.0112,0.3856
CLUBS TEN HEARTS TWO,0.7426,0.0458,0.2116
CLUBS TEN DIAMONDS QUEEN,0.0088,0.981,0.0102
SPADES NINE SPADES FIVE,0.6252,0.0118,0.363
HEARTS TWO CLUBS JACK,0.6674,0.012,0.3206
DIAMONDS QUEEN CLUBS JACK,0.232,0.0934,0.6746
SPADES SIX SPADES FIVE,0.5886,0.0128,0.3986
SPADES SEVEN SPADES FIVE,0.5934,0.0106,0.396
SPADES EIGHT CLUBS ACE,0.4254,0.003,0.5716
DIAMONDS FIVE CLUBS KING,0.4296,0.0086,0.5618
SPADES EIGHT CLUBS KING,0.4294,0.0088,0.5618
DIAMONDS FIVE CLUBS ACE,0.431,0.005,0.564
SPADES EIGHT CLUBS JACK,0.6416,0.0098,0.3486
CLUBS TEN SPADES EIGHT,0.7094,0.0458,0.2448
CLUBS TEN DIAMONDS FIVE,0.7352,0.0466,0.2182
DIAMONDS FIVE CLUBS JACK,0.6698,0.0122,0.318
SPADES ACE CLUBS NINE,0.4146,0.004,0.5814
CLUBS NINE SPADES QUEEN,0.6546,0.1222,0.2232
CLUBS NINE SPADES KING,0.4188,0.006,0.5752
HEARTS SIX HEARTS KING,0.4046,0.0058,0.5896
DIAMONDS KING SPADES SEVEN,0.4378,0.0066,0.5556
HEARTS THREE SPADES SEVEN,0.6502,0.01,0.3398
SPADES KING DIAMONDS SEVEN,0.436,0.0064,0.5576
HEARTS SIX HEARTS QUEEN,0.6126,0.1048,0.2826
SPADES QUEEN DIAMONDS SEVEN,0.6528,0.124,0.2232
HEARTS THREE SPADES SIX,0.6552,0.011,0.3338
DIAMONDS KING SPADES SIX,0.4216,0.0052,0.5732
SPADES NINE DIAMONDS KING,0.4154,0.0068,0.5778
SPADES NINE HEARTS THREE,0.671,0.0112,0.3178
HEARTS SIX HEARTS ACE,0.4016,0.0052,0.5932
DIAMONDS KING SPADES EIGHT,0.4156,0.0062,0.5782
SPADES EIGHT HEARTS THREE,0.6732,0.0098,0.317
SPADES ACE DIAMONDS SEVEN,0.4452,0.004,0.5508
CLUBS NINE HEARTS THREE,0.6874,0.0096,0.303
CLUBS NINE DIAMONDS KING,0.4156,0.0092,0.5752
CLUBS EIGHT HEARTS THREE,0.6644,0.011,0.3246
CLUBS EIGHT DIAMONDS KING,0.4302,0.0078,0.562
HEARTS THREE SPADES THREE,0.4744,0.0154,0.5102
DIAMONDS KING SPADES THREE,0.4326,0.006,0.5614
HEARTS THREE SPADES TWO,0.663,0.0096,0.3274
DIAMONDS KING SPADES TWO,0.4378,0.0074,0.5548
HEARTS THREE SPADES FIVE,0.6384,0.01,0.3516
DIAMONDS KING SPADES FIVE,0.4256,0.0076,0.5668
HEARTS THREE SPADES FOUR,0.627,0.0126,0.3604
DIAMONDS KING SPADES FOUR,0.4306,0.0052,0.5642
DIAMONDS KING CLUBS TWO,0.4474,0.0084,0.5442
HEARTS THREE CLUBS TWO,0.6542,0.0088,0.337
DIAMONDS KING CLUBS THREE,0.4404,0.007,0.5526
CLUBS THREE HEARTS THREE,0.4664,0.0172,0.5164
