opposingHand,winningChance,drawChance,lostChance
DIAMONDS NINE DIAMONDS SEVEN
CLUBS THREE DIAMONDS JACK,0.4618,0.0154,0.5228
DIAMONDS TWO SPADES THREE,0.6394,0.0406,0.32
DIAMONDS THREE CLUBS FIVE,0.6296,0.043,0.3274
SPADES JACK DIAMONDS FOUR,0.4546,0.0152,0.5302
CLUBS TWO CLUBS ACE,0.4356,0.0046,0.5598
CLUBS THREE DIAMONDS SIX,0.6468,0.0478,0.3054
HEARTS SIX SPADES TEN,0.4592,0.024,0.5168
HEARTS SEVEN SPADES SEVEN,0.3466,0.0528,0.6006
SPADES NINE CLUBS ACE,0.3206,0.0208,0.6586
SPADES EIGHT DIAMONDS JACK,0.4134,0.0168,0.5698
CLUBS THREE DIAMONDS QUEEN,0.4568,0.0108,0.5324
CLUBS TEN HEARTS ACE,0.3884,0.0036,0.608
HEARTS FOUR SPADES THREE,0.6234,0.046,0.3306
CLUBS SIX DIAMONDS TEN,0.4378,0.0254,0.5368
SPADES THREE HEARTS JACK,0.4784,0.0174,0.5042
SPADES KING DIAMONDS TEN,0.3784,0.0058,0.6158
SPADES EIGHT HEARTS QUEEN,0.4124,0.009,0.5786
DIAMONDS THREE HEARTS FIVE,0.6304,0.037,0.3326
SPADES QUEEN DIAMONDS TEN,0.3612,0.01,0.6288
CLUBS THREE HEARTS TEN,0.4666,0.0292,0.5042
SPADES JACK HEARTS TEN,0.388,0.013,0.599
CLUBS THREE DIAMONDS TEN,0.4506,0.0254,0.524
CLUBS TEN SPADES THREE,0.4706,0.0244,0.505
SPADES ACE DIAMONDS FOUR,0.4464,0.0052,0.5484
HEARTS TWO CLUBS THREE,0.6258,0.0424,0.3318
HEARTS SEVEN HEARTS FIVE,0.611,0.107,0.282
SPADES JACK HEARTS JACK,0.2182,0.032,0.7498
HEARTS SEVEN CLUBS QUEEN,0.3292,0.0418,0.629
HEARTS TWO DIAMONDS SIX,0.6704,0.043,0.2866
SPADES QUEEN SPADES NINE,0.2848,0.0446,0.6706
SPADES SIX SPADES FOUR,0.595,0.043,0.362
CLUBS FOUR DIAMONDS TEN,0.462,0.0246,0.5134
DIAMONDS THREE SPADES FIVE,0.622,0.0408,0.3372
DIAMONDS TWO DIAMONDS ACE,0.4112,0.0068,0.582
HEARTS FOUR CLUBS FIVE,0.6312,0.0374,0.3314
CLUBS JACK SPADES FOUR,0.4682,0.0158,0.516
DIAMONDS QUEEN DIAMONDS FIVE,0.4132,0.0124,0.5744
HEARTS EIGHT CLUBS EIGHT,0.3132,0.0608,0.626
SPADES SEVEN HEARTS ACE,0.3252,0.0204,0.6544
CLUBS JACK HEARTS SIX,0.4512,0.0144,0.5344
CLUBS EIGHT CLUBS QUEEN,0.3976,0.0108,0.5916
HEARTS FIVE CLUBS KING,0.4662,0.0078,0.526
HEARTS TWO DIAMONDS FOUR,0.639,0.0422,0.3188
SPADES FOUR HEARTS QUEEN,0.4638,0.0128,0.5234
CLUBS SIX CLUBS ACE,0.4344,0.0056,0.56
HEARTS TWO HEARTS JACK,0.4386,0.0158,0.5456
SPADES ACE DIAMONDS FIVE,0.447,0.0046,0.5484
DIAMONDS KING DIAMONDS FOUR,0.4094,0.0094,0.5812
CLUBS EIGHT HEARTS ACE,0.4148,0.0044,0.5808
CLUBS ACE HEARTS JACK,0.41,0.0044,0.5856
CLUBS TEN CLUBS SEVEN,0.27,0.071,0.659
SPADES EIGHT CLUBS TWO,0.6558,0.0414,0.3028
DIAMONDS TWO DIAMONDS FIVE,0.6312,0.0398,0.329
HEARTS THREE CLUBS QUEEN,0.4704,0.0128,0.5168
HEARTS EIGHT CLUBS SIX,0.6184,0.0342,0.3474
SPADES JACK SPADES SIX,0.423,0.016,0.561
SPADES QUEEN SPADES SIX,0.4318,0.0096,0.5586
CLUBS SEVEN DIAMONDS JACK,0.279,0.0566,0.6644
HEARTS SIX CLUBS EIGHT,0.6254,0.0352,0.3394
DIAMONDS JACK DIAMONDS FIVE,0.4184,0.0188,0.5628
CLUBS FOUR DIAMONDS SIX,0.637,0.0398,0.3232
SPADES KING CLUBS ACE,0.4,0.006,0.594
DIAMONDS JACK SPADES THREE,0.4576,0.0172,0.5252
HEARTS THREE SPADES FOUR,0.6428,0.0426,0.3146
SPADES FIVE DIAMONDS TEN,0.4574,0.0218,0.5208
SPADES TWO DIAMONDS SIX,0.6818,0.0368,0.2814
HEARTS SEVEN DIAMONDS EIGHT,0.6452,0.106,0.2488
CLUBS NINE SPADES NINE,0.1732,0.0638,0.763
SPADES FIVE DIAMONDS FIVE,0.4362,0.069,0.4948
CLUBS FOUR DIAMONDS QUEEN,0.463,0.0112,0.5258
CLUBS JACK SPADES KING,0.3818,0.0072,0.611
HEARTS EIGHT SPADES SEVEN,0.6694,0.0982,0.2324
CLUBS THREE DIAMONDS FIVE,0.6212,0.0396,0.3392
HEARTS FOUR CLUBS TWO,0.6486,0.0438,0.3076
SPADES SEVEN CLUBS TWO,0.6986,0.1032,0.1982
SPADES SEVEN HEARTS TEN,0.3016,0.0698,0.6286
SPADES KING SPADES FOUR,0.4418,0.0064,0.5518
DIAMONDS ACE HEARTS NINE,0.3018,0.0204,0.6778
DIAMONDS SIX CLUBS KING,0.4668,0.008,0.5252
DIAMONDS QUEEN CLUBS QUEEN,0.2212,0.0206,0.7582
SPADES QUEEN HEARTS KING,0.3946,0.0062,0.5992
CLUBS JACK SPADES EIGHT,0.4056,0.015,0.5794
DIAMONDS JACK DIAMONDS TEN,0.3298,0.0124,0.6578
SPADES QUEEN HEARTS FOUR,0.4832,0.0102,0.5066
HEARTS EIGHT SPADES FIVE,0.6424,0.0384,0.3192
CLUBS JACK DIAMONDS THREE,0.455,0.0172,0.5278
DIAMONDS KING HEARTS JACK,0.3918,0.0068,0.6014
SPADES KING SPADES JACK,0.3746,0.008,0.6174
CLUBS NINE DIAMONDS TEN,0.2734,0.074,0.6526
SPADES SIX CLUBS TWO,0.6594,0.0376,0.303
SPADES THREE DIAMONDS EIGHT,0.646,0.0384,0.3156
SPADES ACE HEARTS TEN,0.3898,0.005,0.6052
CLUBS SEVEN SPADES EIGHT,0.6664,0.0976,0.236
HEARTS THREE SPADES SIX,0.6574,0.0402,0.3024
CLUBS TWO HEARTS KING,0.4658,0.0078,0.5264
HEARTS KING CLUBS QUEEN,0.3902,0.004,0.6058
HEARTS FIVE SPADES SIX,0.6328,0.0416,0.3256
SPADES SEVEN CLUBS KING,0.3186,0.03,0.6514
DIAMONDS JACK HEARTS QUEEN,0.368,0.0102,0.6218
SPADES FIVE DIAMONDS FOUR,0.6146,0.0464,0.339
CLUBS TEN SPADES QUEEN,0.3934,0.0104,0.5962
CLUBS NINE CLUBS QUEEN,0.283,0.0416,0.6754
HEARTS SEVEN HEARTS JACK,0.2962,0.0478,0.656
DIAMONDS TWO DIAMONDS JACK,0.4186,0.02,0.5614
CLUBS EIGHT CLUBS SEVEN,0.6278,0.0942,0.278
DIAMONDS ACE DIAMONDS FOUR,0.4112,0.0054,0.5834
SPADES NINE SPADES FOUR,0.481,0.267,0.252
HEARTS SIX CLUBS SIX,0.4448,0.063,0.4922
HEARTS FOUR HEARTS NINE,0.485,0.2652,0.2498
DIAMONDS QUEEN DIAMONDS SIX,0.398,0.0086,0.5934
CLUBS FIVE HEARTS NINE,0.5152,0.2848,0.2
HEARTS THREE HEARTS JACK,0.4352,0.016,0.5488
CLUBS SIX SPADES FIVE,0.623,0.0382,0.3388
SPADES FOUR HEARTS KING,0.4724,0.0076,0.52
SPADES JACK CLUBS FIVE,0.4472,0.0156,0.5372
CLUBS SIX SPADES TWO,0.6594,0.0388,0.3018
CLUBS JACK DIAMONDS SIX,0.443,0.016,0.541
SPADES NINE DIAMONDS FIVE,0.5084,0.2728,0.2188
SPADES ACE HEARTS NINE,0.318,0.021,0.661
HEARTS EIGHT SPADES THREE,0.6464,0.0414,0.3122
CLUBS FOUR SPADES TWO,0.647,0.035,0.318
CLUBS SEVEN CLUBS TWO,0.6528,0.0902,0.257
DIAMONDS JACK SPADES TWO,0.4612,0.019,0.5198
SPADES QUEEN CLUBS NINE,0.2938,0.0476,0.6586
HEARTS FOUR SPADES TWO,0.6494,0.042,0.3086
CLUBS FOUR HEARTS JACK,0.465,0.0166,0.5184
SPADES KING HEARTS TEN,0.387,0.0036,0.6094
SPADES KING HEARTS NINE,0.328,0.031,0.641
SPADES KING DIAMONDS KING,0.2034,0.0146,0.782
CLUBS SIX SPADES EIGHT,0.6188,0.0392,0.342
SPADES KING CLUBS SIX,0.4548,0.0078,0.5374
HEARTS TWO DIAMONDS ACE,0.4524,0.0052,0.5424
CLUBS FIVE DIAMONDS ACE,0.4414,0.005,0.5536
SPADES ACE HEARTS FOUR,0.4618,0.0036,0.5346
SPADES EIGHT HEARTS JACK,0.4092,0.0146,0.5762
HEARTS SEVEN SPADES FOUR,0.6822,0.0996,0.2182
SPADES QUEEN DIAMONDS QUEEN,0.2106,0.0252,0.7642
HEARTS THREE CLUBS TWO,0.642,0.045,0.313
CLUBS TWO DIAMONDS FOUR,0.6504,0.0406,0.309
HEARTS KING DIAMONDS FIVE,0.453,0.0074,0.5396
HEARTS JACK DIAMONDS SIX,0.4418,0.0184,0.5398
SPADES EIGHT DIAMONDS FIVE,0.6328,0.0364,0.3308
HEARTS ACE SPADES THREE,0.4672,0.0038,0.529
CLUBS SIX CLUBS QUEEN,0.439,0.0092,0.5518
HEARTS KING CLUBS KING,0.211,0.0104,0.7786
CLUBS SEVEN HEARTS NINE,0.0712,0.9074,0.0214
DIAMONDS KING CLUBS TWO,0.4452,0.0096,0.5452
SPADES ACE HEARTS SIX,0.4484,0.004,0.5476
CLUBS JACK CLUBS TEN,0.3442,0.013,0.6428
CLUBS TEN HEARTS THREE,0.4752,0.0264,0.4984
CLUBS SEVEN HEARTS QUEEN,0.3342,0.0376,0.6282
CLUBS JACK CLUBS FIVE,0.429,0.019,0.552
HEARTS EIGHT CLUBS ACE,0.4202,0.0036,0.5762
HEARTS FIVE CLUBS FOUR,0.614,0.044,0.342
DIAMONDS TWO HEARTS NINE,0.5184,0.2744,0.2072
HEARTS EIGHT DIAMONDS KING,0.4048,0.0066,0.5886
CLUBS SEVEN CLUBS FIVE,0.6176,0.0998,0.2826
HEARTS FIVE SPADES NINE,0.5198,0.276,0.2042
SPADES JACK DIAMONDS FIVE,0.4476,0.0162,0.5362
HEARTS KING DIAMONDS TEN,0.3818,0.0066,0.6116
HEARTS FOUR SPADES SIX,0.6486,0.0416,0.3098
HEARTS THREE CLUBS FIVE,0.6296,0.0406,0.3298
DIAMONDS TWO DIAMONDS QUEEN,0.4238,0.0118,0.5644
HEARTS FIVE SPADES FIVE,0.437,0.0678,0.4952
HEARTS SIX HEARTS TWO,0.6304,0.0386,0.331
CLUBS FIVE SPADES THREE,0.6348,0.04,0.3252
SPADES KING CLUBS SEVEN,0.3284,0.0328,0.6388
SPADES JACK SPADES TEN,0.3598,0.0112,0.629
CLUBS FIVE HEARTS QUEEN,0.4548,0.0118,0.5334
SPADES JACK SPADES TWO,0.4456,0.017,0.5374
CLUBS EIGHT DIAMONDS JACK,0.3972,0.0174,0.5854
DIAMONDS TWO HEARTS KING,0.461,0.0076,0.5314
HEARTS ACE DIAMONDS SIX,0.452,0.004,0.544
DIAMONDS TWO DIAMONDS EIGHT,0.6628,0.0412,0.296
SPADES FIVE CLUBS KING,0.45,0.0062,0.5438
DIAMONDS ACE SPADES FOUR,0.4492,0.005,0.5458
SPADES ACE CLUBS ACE,0.204,0.0042,0.7918
SPADES KING DIAMONDS JACK,0.3878,0.005,0.6072
SPADES KING CLUBS NINE,0.32,0.0266,0.6534
SPADES SEVEN HEARTS JACK,0.3106,0.0518,0.6376
CLUBS TEN CLUBS ACE,0.3866,0.0052,0.6082
SPADES ACE DIAMONDS TWO,0.4532,0.0058,0.541
DIAMONDS SIX DIAMONDS FOUR,0.65,0.0414,0.3086
CLUBS TEN DIAMONDS EIGHT,0.3916,0.0236,0.5848
SPADES SEVEN CLUBS THREE,0.674,0.103,0.223
SPADES EIGHT SPADES FOUR,0.601,0.0368,0.3622
CLUBS TEN HEARTS SIX,0.4406,0.0288,0.5306
SPADES KING HEARTS SIX,0.4604,0.0074,0.5322
HEARTS FIVE SPADES THREE,0.6446,0.0382,0.3172
SPADES TEN HEARTS QUEEN,0.3858,0.0068,0.6074
CLUBS FOUR HEARTS NINE,0.5066,0.2732,0.2202
SPADES TEN DIAMONDS TEN,0.196,0.0384,0.7656
HEARTS FOUR HEARTS TWO,0.616,0.0394,0.3446
DIAMONDS QUEEN SPADES FOUR,0.4618,0.0124,0.5258
CLUBS TEN HEARTS TEN,0.2018,0.038,0.7602
HEARTS EIGHT SPADES JACK,0.4172,0.0122,0.5706
DIAMONDS THREE SPADES FOUR,0.6294,0.0414,0.3292
CLUBS EIGHT CLUBS FIVE,0.5906,0.0338,0.3756
DIAMONDS ACE HEARTS TEN,0.3922,0.0052,0.6026
HEARTS JACK DIAMONDS FIVE,0.4522,0.0174,0.5304
HEARTS QUEEN DIAMONDS FOUR,0.4474,0.0114,0.5412
HEARTS SIX SPADES NINE,0.5034,0.2842,0.2124
HEARTS QUEEN DIAMONDS FIVE,0.453,0.0126,0.5344
SPADES ACE CLUBS TWO,0.4678,0.0034,0.5288
SPADES ACE CLUBS NINE,0.3248,0.0212,0.654
HEARTS EIGHT CLUBS NINE,0.2734,0.2094,0.5172
DIAMONDS THREE HEARTS THREE,0.4566,0.0654,0.478
HEARTS EIGHT DIAMONDS FIVE,0.6272,0.0402,0.3326
DIAMONDS TWO HEARTS ACE,0.454,0.0044,0.5416
CLUBS SEVEN HEARTS JACK,0.3206,0.0504,0.629
CLUBS TWO CLUBS KING,0.4448,0.0082,0.547
CLUBS EIGHT HEARTS JACK,0.4062,0.0156,0.5782
HEARTS JACK HEARTS NINE,0.2868,0.0538,0.6594
CLUBS FIVE SPADES SIX,0.6248,0.0404,0.3348
HEARTS FOUR DIAMONDS KING,0.4454,0.0074,0.5472
SPADES SEVEN SPADES THREE,0.6446,0.0994,0.256
SPADES KING SPADES SEVEN,0.3024,0.029,0.6686
SPADES QUEEN HEARTS TWO,0.4728,0.012,0.5152
DIAMONDS TWO SPADES QUEEN,0.4644,0.0122,0.5234
HEARTS FIVE CLUBS ACE,0.4614,0.0048,0.5338
DIAMONDS JACK DIAMONDS SIX,0.414,0.0202,0.5658
SPADES TEN DIAMONDS SIX,0.4458,0.0284,0.5258
CLUBS JACK HEARTS TEN,0.366,0.0128,0.6212
CLUBS JACK HEARTS FIVE,0.4424,0.0192,0.5384
HEARTS TWO DIAMONDS QUEEN,0.4528,0.0132,0.534
SPADES ACE HEARTS FIVE,0.4532,0.0058,0.541
DIAMONDS THREE SPADES EIGHT,0.6554,0.0386,0.306
SPADES SIX HEARTS KING,0.4508,0.0066,0.5426
HEARTS TWO CLUBS QUEEN,0.4602,0.0094,0.5304
CLUBS ACE CLUBS KING,0.3868,0.0036,0.6096
HEARTS TWO DIAMONDS KING,0.4576,0.0092,0.5332
SPADES SIX CLUBS ACE,0.458,0.002,0.54
DIAMONDS THREE SPADES SIX,0.6528,0.0408,0.3064
SPADES ACE DIAMONDS JACK,0.3842,0.004,0.6118
DIAMONDS TEN HEARTS TEN,0.1984,0.0414,0.7602
HEARTS FIVE DIAMONDS SIX,0.62,0.0428,0.3372
HEARTS SEVEN SPADES JACK,0.3102,0.0536,0.6362
CLUBS SIX DIAMONDS KING,0.449,0.0096,0.5414
HEARTS TWO DIAMONDS EIGHT,0.654,0.047,0.299
SPADES SIX HEARTS ACE,0.4648,0.0038,0.5314
DIAMONDS QUEEN HEARTS KING,0.3834,0.0074,0.6092
DIAMONDS THREE HEARTS ACE,0.4528,0.004,0.5432
CLUBS SIX DIAMONDS ACE,0.4278,0.0048,0.5674
CLUBS NINE DIAMONDS JACK,0.2844,0.0546,0.661
CLUBS SEVEN CLUBS FOUR,0.6264,0.1064,0.2672
SPADES QUEEN HEARTS THREE,0.4608,0.0074,0.5318
CLUBS TEN CLUBS KING,0.3656,0.0062,0.6282
DIAMONDS THREE DIAMONDS FIVE,0.6376,0.0436,0.3188
HEARTS FOUR CLUBS FOUR,0.4622,0.0666,0.4712
HEARTS EIGHT HEARTS ACE,0.3944,0.0042,0.6014
HEARTS SEVEN SPADES THREE,0.6696,0.1054,0.225
DIAMONDS THREE CLUBS NINE,0.5066,0.274,0.2194
DIAMONDS JACK HEARTS TEN,0.3766,0.0126,0.6108
HEARTS THREE DIAMONDS TEN,0.4568,0.028,0.5152
SPADES TEN HEARTS TEN,0.219,0.037,0.744
DIAMONDS THREE DIAMONDS SIX,0.6464,0.0406,0.313
DIAMONDS TWO CLUBS ACE,0.4602,0.0044,0.5354
CLUBS FIVE CLUBS KING,0.4328,0.0068,0.5604
SPADES FOUR CLUBS QUEEN,0.4638,0.01,0.5262
SPADES THREE CLUBS KING,0.4692,0.0098,0.521
SPADES FOUR SPADES TWO,0.6032,0.0382,0.3586
CLUBS FIVE DIAMONDS KING,0.448,0.009,0.543
SPADES TWO HEARTS QUEEN,0.4686,0.012,0.5194
SPADES TWO HEARTS TEN,0.471,0.0256,0.5034
HEARTS EIGHT CLUBS SEVEN,0.6606,0.1012,0.2382
HEARTS FOUR HEARTS ACE,0.4266,0.0058,0.5676
HEARTS EIGHT HEARTS SEVEN,0.6178,0.1008,0.2814
SPADES FIVE CLUBS ACE,0.4466,0.003,0.5504
SPADES EIGHT HEARTS NINE,0.2642,0.2166,0.5192
DIAMONDS KING SPADES FIVE,0.4558,0.009,0.5352
DIAMONDS THREE DIAMONDS QUEEN,0.4188,0.0126,0.5686
CLUBS EIGHT DIAMONDS FOUR,0.6384,0.0364,0.3252
DIAMONDS THREE DIAMONDS KING,0.4148,0.0108,0.5744
HEARTS ACE DIAMONDS EIGHT,0.4076,0.0044,0.588
SPADES KING SPADES SIX,0.4388,0.0064,0.5548
SPADES TEN CLUBS KING,0.3744,0.0066,0.619
SPADES KING SPADES EIGHT,0.4092,0.008,0.5828
SPADES ACE CLUBS KING,0.396,0.0036,0.6004
SPADES JACK HEARTS QUEEN,0.3852,0.0096,0.6052
DIAMONDS TWO HEARTS JACK,0.4618,0.0184,0.5198
HEARTS ACE HEARTS KING,0.3804,0.0038,0.6158
SPADES KING HEARTS SEVEN,0.3146,0.0312,0.6542
SPADES FIVE HEARTS JACK,0.464,0.0166,0.5194
HEARTS FOUR DIAMONDS FOUR,0.4426,0.0662,0.4912
HEARTS TWO DIAMONDS FIVE,0.6448,0.0398,0.3154
HEARTS FOUR DIAMONDS SIX,0.6334,0.0432,0.3234
HEARTS FIVE DIAMONDS ACE,0.4402,0.0032,0.5566
HEARTS FOUR DIAMONDS QUEEN,0.4766,0.0112,0.5122
SPADES SIX DIAMONDS KING,0.4402,0.0064,0.5534
SPADES TEN HEARTS NINE,0.2792,0.0646,0.6562
CLUBS FOUR DIAMONDS EIGHT,0.6512,0.039,0.3098
DIAMONDS TWO SPADES TEN,0.46,0.0284,0.5116
HEARTS SIX CLUBS TWO,0.669,0.0392,0.2918
DIAMONDS ACE CLUBS QUEEN,0.3852,0.0038,0.611
CLUBS KING HEARTS TEN,0.4034,0.0062,0.5904
CLUBS TEN DIAMONDS TEN,0.1918,0.0382,0.77
CLUBS SIX CLUBS FOUR,0.6058,0.0384,0.3558
SPADES QUEEN CLUBS SIX,0.4528,0.0082,0.539
CLUBS EIGHT SPADES TEN,0.3878,0.0242,0.588
SPADES QUEEN DIAMONDS FIVE,0.4446,0.0114,0.544
SPADES KING SPADES TEN,0.366,0.0084,0.6256
CLUBS TEN HEARTS FOUR,0.4736,0.0236,0.5028
HEARTS SEVEN DIAMONDS JACK,0.2948,0.059,0.6462
SPADES NINE HEARTS JACK,0.3054,0.056,0.6386
CLUBS KING DIAMONDS FIVE,0.4496,0.0108,0.5396
DIAMONDS TWO HEARTS THREE,0.6538,0.0392,0.307
SPADES JACK CLUBS EIGHT,0.4082,0.0166,0.5752
SPADES TWO DIAMONDS FOUR,0.6428,0.0402,0.317
HEARTS EIGHT DIAMONDS THREE,0.6544,0.0402,0.3054
SPADES QUEEN CLUBS ACE,0.3862,0.0042,0.6096
CLUBS EIGHT CLUBS KING,0.406,0.0072,0.5868
SPADES SEVEN HEARTS NINE,0.0708,0.907,0.0222
DIAMONDS QUEEN HEARTS JACK,0.3646,0.01,0.6254
SPADES EIGHT SPADES THREE,0.6174,0.0402,0.3424
SPADES NINE DIAMONDS JACK,0.2748,0.061,0.6642
SPADES KING DIAMONDS FOUR,0.45,0.0088,0.5412
DIAMONDS TEN DIAMONDS SIX,0.3928,0.0202,0.587
DIAMONDS THREE DIAMONDS EIGHT,0.6486,0.0412,0.3102
CLUBS EIGHT DIAMONDS KING,0.4188,0.0078,0.5734
HEARTS FOUR HEARTS QUEEN,0.438,0.0112,0.5508
SPADES ACE CLUBS TEN,0.3908,0.0042,0.605
SPADES JACK HEARTS THREE,0.4762,0.0168,0.507
CLUBS EIGHT DIAMONDS TEN,0.3762,0.0202,0.6036
SPADES QUEEN CLUBS FIVE,0.455,0.0114,0.5336
HEARTS ACE SPADES TWO,0.4634,0.0046,0.532
SPADES NINE SPADES SEVEN,0.0712,0.8532,0.0756
CLUBS SEVEN HEARTS THREE,0.6746,0.1028,0.2226
DIAMONDS THREE CLUBS ACE,0.4586,0.0044,0.537
HEARTS ACE HEARTS TEN,0.3644,0.0028,0.6328
HEARTS JACK HEARTS TEN,0.3584,0.015,0.6266
HEARTS TEN DIAMONDS FIVE,0.4632,0.0254,0.5114
HEARTS FIVE HEARTS TEN,0.4408,0.025,0.5342
DIAMONDS TWO DIAMONDS FOUR,0.6448,0.0394,0.3158
SPADES SIX DIAMONDS FIVE,0.6142,0.0442,0.3416
CLUBS SIX SPADES THREE,0.6546,0.0438,0.3016
HEARTS EIGHT SPADES KING,0.4298,0.0058,0.5644
HEARTS TEN DIAMONDS FOUR,0.4448,0.026,0.5292
CLUBS FOUR DIAMONDS KING,0.4584,0.0058,0.5358
SPADES QUEEN HEARTS QUEEN,0.2266,0.0184,0.755
SPADES FIVE DIAMONDS QUEEN,0.4384,0.0122,0.5494
DIAMONDS THREE HEARTS FOUR,0.6364,0.0446,0.319
HEARTS THREE CLUBS KING,0.4678,0.0076,0.5246
SPADES QUEEN CLUBS KING,0.3916,0.005,0.6034
CLUBS EIGHT CLUBS ACE,0.402,0.0044,0.5936
CLUBS SIX SPADES SEVEN,0.6476,0.1096,0.2428
HEARTS EIGHT CLUBS THREE,0.6558,0.0374,0.3068
DIAMONDS KING HEARTS QUEEN,0.3812,0.0068,0.612
HEARTS EIGHT DIAMONDS SIX,0.6212,0.0386,0.3402
CLUBS TEN CLUBS EIGHT,0.3874,0.0238,0.5888
HEARTS SEVEN CLUBS FIVE,0.6508,0.1064,0.2428
DIAMONDS TWO HEARTS SIX,0.6706,0.0464,0.283
DIAMONDS THREE CLUBS SIX,0.638,0.0488,0.3132
SPADES JACK CLUBS TWO,0.4754,0.0182,0.5064
CLUBS SEVEN CLUBS KING,0.3078,0.0316,0.6606
SPADES NINE CLUBS TWO,0.5148,0.2818,0.2034
CLUBS TWO DIAMONDS SIX,0.658,0.0414,0.3006
HEARTS FIVE DIAMONDS FOUR,0.626,0.0388,0.3352
HEARTS KING HEARTS TEN,0.3652,0.006,0.6288
SPADES NINE CLUBS SIX,0.5132,0.2776,0.2092
DIAMONDS THREE SPADES TWO,0.6488,0.0402,0.311
HEARTS EIGHT CLUBS FIVE,0.6346,0.0422,0.3232
SPADES SIX DIAMONDS TEN,0.4322,0.0246,0.5432
HEARTS SIX SPADES FIVE,0.6352,0.0394,0.3254
SPADES JACK DIAMONDS ACE,0.388,0.0056,0.6064
HEARTS EIGHT DIAMONDS QUEEN,0.4004,0.0094,0.5902
HEARTS SEVEN HEARTS FOUR,0.637,0.1068,0.2562
HEARTS EIGHT DIAMONDS TEN,0.3808,0.0258,0.5934
SPADES ACE CLUBS JACK,0.4024,0.0036,0.594
HEARTS FOUR SPADES FIVE,0.6164,0.0418,0.3418
DIAMONDS TEN CLUBS ACE,0.3938,0.004,0.6022
SPADES ACE DIAMONDS TEN,0.3854,0.0038,0.6108
CLUBS JACK DIAMONDS TEN,0.3614,0.0122,0.6264
SPADES THREE HEARTS TEN,0.4582,0.027,0.5148
DIAMONDS EIGHT CLUBS QUEEN,0.4176,0.0118,0.5706
SPADES ACE SPADES SEVEN,0.297,0.0222,0.6808
SPADES SIX CLUBS KING,0.45,0.0076,0.5424
SPADES FOUR HEARTS NINE,0.5146,0.2744,0.211
DIAMONDS THREE CLUBS FOUR,0.6234,0.0402,0.3364
DIAMONDS TWO CLUBS EIGHT,0.6668,0.0362,0.297
CLUBS TEN HEARTS QUEEN,0.3818,0.0118,0.6064
HEARTS FOUR HEARTS TEN,0.4486,0.0236,0.5278
SPADES THREE SPADES TWO,0.6126,0.0376,0.3498
SPADES FOUR CLUBS ACE,0.4596,0.0054,0.535
DIAMONDS THREE HEARTS NINE,0.518,0.2754,0.2066
SPADES JACK HEARTS ACE,0.4092,0.0044,0.5864
DIAMONDS TWO SPADES FIVE,0.6384,0.043,0.3186
HEARTS SEVEN DIAMONDS FIVE,0.6472,0.1096,0.2432
CLUBS TEN DIAMONDS ACE,0.3822,0.004,0.6138
SPADES TEN DIAMONDS QUEEN,0.37,0.0118,0.6182
DIAMONDS THREE SPADES QUEEN,0.46,0.0086,0.5314
HEARTS SEVEN CLUBS FOUR,0.6698,0.1138,0.2164
SPADES QUEEN CLUBS EIGHT,0.4154,0.0118,0.5728
HEARTS THREE SPADES FIVE,0.6394,0.04,0.3206
SPADES ACE DIAMONDS EIGHT,0.4214,0.003,0.5756
HEARTS SEVEN CLUBS KING,0.3276,0.028,0.6444
SPADES FOUR DIAMONDS FIVE,0.627,0.0372,0.3358
CLUBS ACE HEARTS TEN,0.3994,0.0042,0.5964
CLUBS TEN SPADES SIX,0.435,0.023,0.542
CLUBS THREE HEARTS QUEEN,0.469,0.011,0.52
SPADES FOUR HEARTS JACK,0.4784,0.0138,0.5078
DIAMONDS FIVE CLUBS QUEEN,0.4504,0.0128,0.5368
SPADES FIVE CLUBS QUEEN,0.4614,0.0102,0.5284
HEARTS FOUR CLUBS ACE,0.4584,0.0052,0.5364
SPADES KING SPADES NINE,0.3006,0.035,0.6644
CLUBS TEN CLUBS THREE,0.4412,0.0282,0.5306
CLUBS EIGHT SPADES NINE,0.268,0.2096,0.5224
CLUBS JACK HEARTS ACE,0.4046,0.0046,0.5908
HEARTS SIX HEARTS KING,0.4232,0.007,0.5698
CLUBS TEN SPADES FIVE,0.4658,0.0222,0.512
DIAMONDS TEN HEARTS JACK,0.3624,0.0148,0.6228
SPADES ACE CLUBS EIGHT,0.425,0.003,0.572
CLUBS SEVEN SPADES NINE,0.0738,0.9074,0.0188
CLUBS JACK SPADES FIVE,0.456,0.0138,0.5302
DIAMONDS THREE HEARTS SEVEN,0.6714,0.1036,0.225
DIAMONDS TWO CLUBS SEVEN,0.6896,0.1002,0.2102
SPADES KING DIAMONDS SIX,0.4492,0.0082,0.5426
HEARTS EIGHT HEARTS THREE,0.6104,0.0394,0.3502
SPADES ACE SPADES FIVE,0.4224,0.0034,0.5742
DIAMONDS KING DIAMONDS FIVE,0.402,0.0096,0.5884
SPADES TWO CLUBS QUEEN,0.4742,0.0146,0.5112
CLUBS EIGHT DIAMONDS QUEEN,0.4098,0.0112,0.579
CLUBS FOUR DIAMONDS JACK,0.4544,0.0174,0.5282
SPADES THREE DIAMONDS FIVE,0.6256,0.0384,0.336
HEARTS SIX SPADES SIX,0.429,0.0682,0.5028
SPADES KING DIAMONDS QUEEN,0.3784,0.0058,0.6158
HEARTS KING CLUBS ACE,0.3976,0.0022,0.6002
SPADES FOUR DIAMONDS EIGHT,0.649,0.0372,0.3138
SPADES ACE HEARTS TWO,0.4672,0.0044,0.5284
HEARTS FOUR CLUBS THREE,0.6326,0.0402,0.3272
SPADES NINE CLUBS QUEEN,0.3056,0.047,0.6474
DIAMONDS KING CLUBS KING,0.208,0.0154,0.7766
DIAMONDS FIVE DIAMONDS FOUR,0.6188,0.0402,0.341
SPADES EIGHT HEARTS KING,0.4274,0.0068,0.5658
CLUBS ACE DIAMONDS SIX,0.4434,0.0042,0.5524
CLUBS EIGHT HEARTS FOUR,0.6338,0.0418,0.3244
SPADES SIX DIAMONDS JACK,0.4404,0.0172,0.5424
CLUBS NINE HEARTS FIVE,0.5334,0.2624,0.2042
HEARTS FIVE HEARTS FOUR,0.5826,0.0398,0.3776
SPADES TEN SPADES SEVEN,0.2856,0.0658,0.6486
CLUBS JACK DIAMONDS KING,0.3738,0.0078,0.6184
DIAMONDS THREE CLUBS EIGHT,0.6606,0.034,0.3054
CLUBS JACK HEARTS FOUR,0.4578,0.019,0.5232
HEARTS SIX HEARTS NINE,0.4834,0.2696,0.247
CLUBS NINE DIAMONDS EIGHT,0.2562,0.22,0.5238
HEARTS EIGHT HEARTS TWO,0.619,0.0438,0.3372
DIAMONDS KING DIAMONDS TEN,0.347,0.0058,0.6472
CLUBS NINE SPADES SEVEN,0.0764,0.9022,0.0214
CLUBS ACE DIAMONDS FOUR,0.458,0.0044,0.5376
CLUBS NINE HEARTS KING,0.3058,0.0368,0.6574
CLUBS JACK SPADES TEN,0.3798,0.0098,0.6104
HEARTS EIGHT SPADES SIX,0.6198,0.0366,0.3436
SPADES JACK HEARTS TWO,0.4672,0.0156,0.5172
SPADES SIX HEARTS JACK,0.4522,0.016,0.5318
HEARTS TWO SPADES THREE,0.6584,0.0428,0.2988
DIAMONDS JACK HEARTS JACK,0.2034,0.0258,0.7708
CLUBS FOUR SPADES FIVE,0.6224,0.0414,0.3362
HEARTS FOUR HEARTS KING,0.4394,0.0094,0.5512
SPADES ACE SPADES EIGHT,0.4024,0.004,0.5936
SPADES SEVEN HEARTS KING,0.3198,0.0302,0.65
CLUBS JACK HEARTS NINE,0.2964,0.0546,0.649
CLUBS NINE DIAMONDS FIVE,0.5056,0.275,0.2194
CLUBS TEN SPADES TEN,0.2078,0.0368,0.7554
DIAMONDS SIX DIAMONDS FIVE,0.612,0.0362,0.3518
CLUBS THREE HEARTS ACE,0.4694,0.0032,0.5274
HEARTS THREE SPADES THREE,0.4658,0.0638,0.4704
SPADES TWO CLUBS KING,0.4726,0.0076,0.5198
CLUBS NINE SPADES JACK,0.29,0.0552,0.6548
DIAMONDS TWO HEARTS TEN,0.4706,0.027,0.5024
HEARTS FOUR SPADES EIGHT,0.6414,0.039,0.3196
DIAMONDS KING HEARTS KING,0.2192,0.0152,0.7656
SPADES NINE HEARTS KING,0.298,0.028,0.674
HEARTS ACE CLUBS ACE,0.22,0.0026,0.7774
DIAMONDS TWO CLUBS KING,0.4676,0.0084,0.524
CLUBS TEN DIAMONDS QUEEN,0.3632,0.01,0.6268
SPADES FOUR DIAMONDS JACK,0.4558,0.0146,0.5296
CLUBS SIX HEARTS QUEEN,0.4554,0.0078,0.5368
HEARTS FOUR SPADES FOUR,0.45,0.0682,0.4818
HEARTS EIGHT CLUBS QUEEN,0.426,0.0098,0.5642
CLUBS FOUR HEARTS TEN,0.4722,0.0216,0.5062
DIAMONDS ACE SPADES THREE,0.4474,0.0042,0.5484
HEARTS EIGHT HEARTS NINE,0.2566,0.207,0.5364
HEARTS THREE CLUBS ACE,0.454,0.0046,0.5414
DIAMONDS TWO DIAMONDS SIX,0.66,0.0384,0.3016
DIAMONDS KING CLUBS ACE,0.39,0.0048,0.6052
HEARTS FOUR HEARTS THREE,0.5952,0.0412,0.3636
SPADES JACK SPADES FOUR,0.4358,0.0198,0.5444
SPADES EIGHT SPADES TWO,0.6102,0.0376,0.3522
CLUBS SEVEN DIAMONDS ACE,0.3038,0.0212,0.675
CLUBS SEVEN SPADES SEVEN,0.3446,0.0582,0.5972
SPADES SIX SPADES FIVE,0.604,0.0344,0.3616
HEARTS TWO HEARTS ACE,0.4262,0.0024,0.5714
HEARTS THREE HEARTS NINE,0.4808,0.2606,0.2586
CLUBS TEN HEARTS NINE,0.2924,0.0744,0.6332
SPADES TEN SPADES EIGHT,0.371,0.0238,0.6052
SPADES THREE HEARTS KING,0.4478,0.0086,0.5436
SPADES NINE CLUBS KING,0.3222,0.0284,0.6494
SPADES KING HEARTS QUEEN,0.3976,0.0052,0.5972
CLUBS TEN CLUBS NINE,0.281,0.069,0.65
SPADES ACE HEARTS JACK,0.4,0.0022,0.5978
HEARTS SIX CLUBS ACE,0.4642,0.003,0.5328
CLUBS THREE SPADES FOUR,0.6408,0.0386,0.3206
HEARTS FIVE CLUBS FIVE,0.4432,0.0676,0.4892
CLUBS TWO DIAMONDS EIGHT,0.6458,0.044,0.3102
HEARTS SEVEN HEARTS QUEEN,0.3008,0.035,0.6642
HEARTS FIVE CLUBS QUEEN,0.4556,0.0086,0.5358
SPADES KING HEARTS FIVE,0.475,0.0082,0.5168
CLUBS NINE DIAMONDS QUEEN,0.279,0.0482,0.6728
CLUBS FOUR CLUBS KING,0.4324,0.0084,0.5592
CLUBS TEN SPADES SEVEN,0.3008,0.0806,0.6186
CLUBS TWO HEARTS TEN,0.464,0.022,0.514
CLUBS FIVE SPADES SEVEN,0.6432,0.1048,0.252
SPADES FIVE SPADES THREE,0.6042,0.035,0.3608
DIAMONDS QUEEN DIAMONDS EIGHT,0.3638,0.0116,0.6246
HEARTS KING DIAMONDS EIGHT,0.4336,0.0088,0.5576
HEARTS EIGHT DIAMONDS FOUR,0.6362,0.0386,0.3252
SPADES TEN HEARTS ACE,0.4048,0.0036,0.5916
SPADES ACE SPADES TEN,0.3668,0.0052,0.628
CLUBS FOUR CLUBS QUEEN,0.4276,0.0094,0.563
CLUBS TEN HEARTS SEVEN,0.2866,0.0712,0.6422
SPADES JACK SPADES EIGHT,0.3902,0.0162,0.5936
SPADES EIGHT CLUBS KING,0.4314,0.0064,0.5622
SPADES SEVEN CLUBS ACE,0.3326,0.0202,0.6472
HEARTS SEVEN SPADES TWO,0.6966,0.1096,0.1938
HEARTS QUEEN CLUBS ACE,0.4028,0.0056,0.5916
SPADES TEN CLUBS THREE,0.4648,0.027,0.5082
SPADES SIX CLUBS QUEEN,0.4544,0.011,0.5346
DIAMONDS THREE HEARTS JACK,0.4566,0.0196,0.5238
SPADES JACK SPADES THREE,0.4418,0.0162,0.542
DIAMONDS THREE CLUBS TEN,0.4616,0.0254,0.513
CLUBS SIX DIAMONDS FIVE,0.6332,0.0384,0.3284
SPADES KING CLUBS TEN,0.3948,0.0054,0.5998
SPADES KING SPADES QUEEN,0.3712,0.008,0.6208
CLUBS JACK CLUBS QUEEN,0.3558,0.0102,0.634
HEARTS SIX SPADES TWO,0.664,0.0364,0.2996
CLUBS FOUR CLUBS ACE,0.4378,0.004,0.5582
SPADES FIVE HEARTS TEN,0.4636,0.027,0.5094
SPADES QUEEN HEARTS FIVE,0.459,0.0118,0.5292
CLUBS QUEEN HEARTS NINE,0.3022,0.0458,0.652
HEARTS FOUR CLUBS QUEEN,0.4582,0.012,0.5298
CLUBS FIVE SPADES FOUR,0.6252,0.037,0.3378
CLUBS THREE SPADES FIVE,0.6304,0.0414,0.3282
DIAMONDS JACK CLUBS QUEEN,0.3768,0.0098,0.6134
SPADES JACK CLUBS THREE,0.4858,0.0152,0.499
CLUBS JACK CLUBS ACE,0.3728,0.0064,0.6208
CLUBS EIGHT HEARTS THREE,0.6536,0.0376,0.3088
HEARTS EIGHT DIAMONDS TWO,0.653,0.0446,0.3024
HEARTS SEVEN DIAMONDS TEN,0.276,0.073,0.651
CLUBS THREE CLUBS QUEEN,0.4318,0.009,0.5592
DIAMONDS ACE HEARTS JACK,0.3896,0.0038,0.6066
SPADES NINE DIAMONDS FOUR,0.526,0.2632,0.2108
CLUBS NINE HEARTS JACK,0.3014,0.0548,0.6438
DIAMONDS QUEEN DIAMONDS FOUR,0.4124,0.0108,0.5768
SPADES QUEEN SPADES EIGHT,0.3834,0.01,0.6066
CLUBS TEN HEARTS JACK,0.3794,0.0104,0.6102
SPADES QUEEN HEARTS NINE,0.2912,0.045,0.6638
CLUBS EIGHT SPADES FOUR,0.653,0.0408,0.3062
HEARTS SEVEN HEARTS KING,0.3052,0.034,0.6608
SPADES ACE HEARTS EIGHT,0.4192,0.0038,0.577
SPADES TEN SPADES NINE,0.2742,0.0684,0.6574
HEARTS TWO HEARTS QUEEN,0.453,0.012,0.535
DIAMONDS ACE DIAMONDS KING,0.3534,0.0048,0.6418
SPADES THREE HEARTS NINE,0.5224,0.2746,0.203
DIAMONDS EIGHT CLUBS KING,0.4162,0.011,0.5728
CLUBS SEVEN HEARTS FOUR,0.6792,0.0986,0.2222
HEARTS SEVEN HEARTS TEN,0.2802,0.0682,0.6516
CLUBS NINE HEARTS NINE,0.179,0.064,0.757
SPADES ACE HEARTS QUEEN,0.3956,0.0048,0.5996
SPADES FIVE CLUBS TWO,0.6478,0.0412,0.311
CLUBS SEVEN DIAMONDS QUEEN,0.3096,0.0392,0.6512
SPADES KING HEARTS ACE,0.4046,0.0032,0.5922
SPADES JACK DIAMONDS EIGHT,0.4086,0.0174,0.574
DIAMONDS THREE DIAMONDS JACK,0.4122,0.0214,0.5664
HEARTS SEVEN CLUBS NINE,0.0712,0.909,0.0198
HEARTS EIGHT SPADES QUEEN,0.419,0.0102,0.5708
SPADES FOUR CLUBS KING,0.4678,0.0084,0.5238
SPADES KING CLUBS FOUR,0.4726,0.005,0.5224
SPADES THREE CLUBS QUEEN,0.472,0.0118,0.5162
SPADES JACK CLUBS ACE,0.3904,0.0036,0.606
CLUBS FIVE HEARTS TEN,0.4526,0.0292,0.5182
SPADES JACK HEARTS NINE,0.3054,0.048,0.6466
SPADES SIX DIAMONDS FOUR,0.621,0.0394,0.3396
DIAMONDS ACE CLUBS ACE,0.1986,0.004,0.7974
CLUBS JACK DIAMONDS ACE,0.3742,0.0056,0.6202
DIAMONDS THREE CLUBS THREE,0.4576,0.0712,0.4712
HEARTS SIX DIAMONDS TEN,0.4358,0.026,0.5382
CLUBS TEN SPADES JACK,0.3692,0.0154,0.6154
SPADES NINE SPADES TWO,0.486,0.2716,0.2424
HEARTS KING HEARTS JACK,0.3778,0.0058,0.6164
CLUBS FOUR HEARTS QUEEN,0.4748,0.0084,0.5168
DIAMONDS ACE HEARTS ACE,0.2004,0.0034,0.7962
SPADES QUEEN CLUBS FOUR,0.4736,0.0136,0.5128
CLUBS JACK DIAMONDS TWO,0.468,0.0162,0.5158
CLUBS EIGHT DIAMONDS SIX,0.6146,0.0438,0.3416
DIAMONDS KING DIAMONDS EIGHT,0.3684,0.0066,0.625
HEARTS SIX CLUBS FOUR,0.6422,0.0362,0.3216
SPADES EIGHT CLUBS THREE,0.6572,0.0396,0.3032
DIAMONDS TEN HEARTS NINE,0.2658,0.0702,0.664
CLUBS TWO DIAMONDS TEN,0.4604,0.0274,0.5122
HEARTS NINE DIAMONDS FOUR,0.4986,0.2898,0.2116
CLUBS EIGHT HEARTS QUEEN,0.4052,0.0098,0.585
HEARTS SIX SPADES FOUR,0.6388,0.0386,0.3226
CLUBS SIX DIAMONDS QUEEN,0.438,0.0118,0.5502
HEARTS SIX DIAMONDS SIX,0.4292,0.0682,0.5026
SPADES KING HEARTS FOUR,0.4746,0.007,0.5184
CLUBS NINE HEARTS ACE,0.3032,0.0238,0.673
DIAMONDS TWO DIAMONDS KING,0.4246,0.0086,0.5668
CLUBS NINE CLUBS SIX,0.464,0.283,0.253
CLUBS NINE HEARTS THREE,0.5104,0.2778,0.2118
HEARTS EIGHT CLUBS FOUR,0.6472,0.0362,0.3166
SPADES NINE DIAMONDS QUEEN,0.2866,0.0462,0.6672
CLUBS SEVEN CLUBS ACE,0.303,0.0224,0.6746
HEARTS ACE HEARTS QUEEN,0.3698,0.0034,0.6268
HEARTS QUEEN CLUBS QUEEN,0.2282,0.0226,0.7492
HEARTS THREE HEARTS KING,0.441,0.0056,0.5534
CLUBS ACE CLUBS QUEEN,0.3688,0.0044,0.6268
HEARTS KING DIAMONDS SIX,0.455,0.0068,0.5382
SPADES JACK DIAMONDS SIX,0.4434,0.0158,0.5408
CLUBS EIGHT CLUBS THREE,0.624,0.0356,0.3404
CLUBS JACK HEARTS JACK,0.2204,0.0282,0.7514
CLUBS TWO DIAMONDS FIVE,0.6514,0.033,0.3156
SPADES JACK DIAMONDS JACK,0.2132,0.031,0.7558
CLUBS TWO DIAMONDS JACK,0.4564,0.0174,0.5262
HEARTS THREE DIAMONDS QUEEN,0.4582,0.0108,0.531
CLUBS SEVEN SPADES SIX,0.666,0.102,0.232
CLUBS EIGHT HEARTS TWO,0.6642,0.0418,0.294
SPADES QUEEN DIAMONDS SIX,0.4484,0.0102,0.5414
CLUBS JACK SPADES TWO,0.4752,0.0188,0.506
CLUBS NINE SPADES TEN,0.2814,0.0778,0.6408
HEARTS SEVEN DIAMONDS KING,0.305,0.0378,0.6572
HEARTS QUEEN HEARTS TEN,0.3482,0.0124,0.6394
DIAMONDS ACE HEARTS QUEEN,0.3842,0.0052,0.6106
CLUBS SIX SPADES SIX,0.4326,0.0572,0.5102
SPADES KING CLUBS EIGHT,0.4194,0.0062,0.5744
DIAMONDS THREE SPADES JACK,0.46,0.0196,0.5204
CLUBS FIVE DIAMONDS FIVE,0.4374,0.0706,0.492
SPADES EIGHT HEARTS TEN,0.3926,0.0232,0.5842
CLUBS ACE HEARTS NINE,0.3102,0.0218,0.668
SPADES TEN SPADES SIX,0.4196,0.0256,0.5548
CLUBS THREE CLUBS TWO,0.6158,0.0396,0.3446
DIAMONDS QUEEN CLUBS KING,0.3834,0.0064,0.6102
DIAMONDS KING SPADES TWO,0.4638,0.0092,0.527
CLUBS FIVE HEARTS ACE,0.453,0.0032,0.5438
HEARTS TWO CLUBS FOUR,0.6468,0.042,0.3112
SPADES TEN CLUBS SEVEN,0.2936,0.0728,0.6336
SPADES ACE SPADES NINE,0.2994,0.0202,0.6804
CLUBS SEVEN SPADES FOUR,0.6778,0.105,0.2172
SPADES TEN DIAMONDS EIGHT,0.3874,0.0256,0.587
CLUBS SEVEN HEARTS TWO,0.6852,0.1082,0.2066
CLUBS THREE DIAMONDS FOUR,0.6324,0.0462,0.3214
CLUBS NINE CLUBS ACE,0.2948,0.0188,0.6864
CLUBS KING DIAMONDS FOUR,0.471,0.0078,0.5212
HEARTS FOUR SPADES NINE,0.514,0.2794,0.2066
SPADES QUEEN DIAMONDS JACK,0.3662,0.0122,0.6216
SPADES SIX HEARTS TEN,0.444,0.0276,0.5284
HEARTS FIVE SPADES EIGHT,0.6288,0.0336,0.3376
DIAMONDS TWO CLUBS FIVE,0.6404,0.042,0.3176
DIAMONDS TEN SPADES TWO,0.4606,0.0298,0.5096
HEARTS SEVEN DIAMONDS TWO,0.682,0.1098,0.2082
CLUBS THREE DIAMONDS KING,0.4454,0.006,0.5486
HEARTS THREE DIAMONDS SIX,0.6558,0.0428,0.3014
HEARTS SIX DIAMONDS ACE,0.4374,0.0044,0.5582
HEARTS SEVEN CLUBS SEVEN,0.3556,0.0592,0.5852
CLUBS THREE HEARTS JACK,0.4826,0.0128,0.5046
DIAMONDS TWO CLUBS QUEEN,0.4594,0.0128,0.5278
SPADES QUEEN DIAMONDS EIGHT,0.4272,0.0132,0.5596
HEARTS SEVEN HEARTS ACE,0.2958,0.0192,0.685
SPADES FIVE SPADES FOUR,0.5898,0.0414,0.3688
HEARTS EIGHT SPADES TWO,0.672,0.037,0.291
CLUBS JACK DIAMONDS QUEEN,0.3692,0.0108,0.62
CLUBS TEN CLUBS FOUR,0.442,0.0246,0.5334
CLUBS FIVE CLUBS TWO,0.6176,0.0358,0.3466
SPADES ACE CLUBS FIVE,0.4546,0.003,0.5424
DIAMONDS JACK DIAMONDS EIGHT,0.3636,0.0154,0.621
CLUBS JACK CLUBS SEVEN,0.3016,0.0534,0.645
CLUBS NINE DIAMONDS SIX,0.4962,0.2856,0.2182
DIAMONDS THREE CLUBS TWO,0.6474,0.042,0.3106
HEARTS FIVE HEARTS JACK,0.4262,0.0164,0.5574
HEARTS SEVEN HEARTS SIX,0.617,0.0968,0.2862
HEARTS EIGHT CLUBS TEN,0.3934,0.0248,0.5818
HEARTS TWO SPADES FOUR,0.6538,0.0374,0.3088
CLUBS EIGHT HEARTS KING,0.4322,0.0054,0.5624
CLUBS SIX DIAMONDS SIX,0.4316,0.0702,0.4982
SPADES ACE HEARTS THREE,0.4592,0.0048,0.536
CLUBS TWO DIAMONDS QUEEN,0.4668,0.0092,0.524
CLUBS SIX DIAMONDS JACK,0.439,0.0164,0.5446
HEARTS QUEEN CLUBS KING,0.3908,0.0056,0.6036
HEARTS TEN CLUBS QUEEN,0.3794,0.0112,0.6094
HEARTS EIGHT DIAMONDS ACE,0.4112,0.0044,0.5844
SPADES ACE HEARTS ACE,0.208,0.003,0.789
SPADES QUEEN SPADES FOUR,0.436,0.01,0.554
CLUBS JACK SPADES NINE,0.3092,0.0502,0.6406
HEARTS TWO DIAMONDS TEN,0.4692,0.0284,0.5024
CLUBS NINE SPADES SIX,0.5022,0.2996,0.1982
HEARTS THREE CLUBS THREE,0.463,0.0656,0.4714
SPADES QUEEN DIAMONDS ACE,0.3932,0.0034,0.6034
HEARTS EIGHT HEARTS QUEEN,0.3936,0.0104,0.596
CLUBS EIGHT CLUBS FOUR,0.6032,0.043,0.3538
SPADES TWO DIAMONDS EIGHT,0.6528,0.0378,0.3094
SPADES QUEEN CLUBS SEVEN,0.3184,0.0388,0.6428
CLUBS NINE DIAMONDS ACE,0.3038,0.0242,0.672
CLUBS SIX CLUBS TWO,0.6194,0.0362,0.3444
CLUBS SIX DIAMONDS EIGHT,0.631,0.0358,0.3332
CLUBS SIX HEARTS KING,0.4476,0.0058,0.5466
SPADES ACE SPADES JACK,0.3744,0.0034,0.6222
DIAMONDS QUEEN DIAMONDS JACK,0.3434,0.0086,0.648
CLUBS SEVEN HEARTS TEN,0.295,0.0756,0.6294
CLUBS TEN DIAMONDS KING,0.377,0.0068,0.6162
SPADES TWO HEARTS NINE,0.5262,0.2738,0.2
SPADES NINE HEARTS QUEEN,0.2936,0.0444,0.662
HEARTS THREE SPADES TWO,0.657,0.038,0.305
CLUBS SEVEN CLUBS THREE,0.6296,0.1006,0.2698
CLUBS SEVEN SPADES TWO,0.6834,0.0996,0.217
DIAMONDS TWO SPADES SIX,0.6686,0.0418,0.2896
CLUBS EIGHT HEARTS TEN,0.392,0.022,0.586
HEARTS EIGHT HEARTS TEN,0.3868,0.0212,0.592
HEARTS EIGHT HEARTS SIX,0.5872,0.035,0.3778
DIAMONDS TWO SPADES TWO,0.4522,0.0686,0.4792
SPADES JACK HEARTS FOUR,0.471,0.0144,0.5146
HEARTS THREE DIAMONDS JACK,0.4554,0.0198,0.5248
SPADES SIX CLUBS THREE,0.6446,0.04,0.3154
SPADES KING DIAMONDS FIVE,0.4506,0.0066,0.5428
SPADES ACE HEARTS SEVEN,0.3192,0.0224,0.6584
SPADES SEVEN DIAMONDS TEN,0.2868,0.0718,0.6414
HEARTS ACE HEARTS JACK,0.3752,0.0064,0.6184
CLUBS NINE CLUBS EIGHT,0.2448,0.2048,0.5504
CLUBS SIX HEARTS JACK,0.4582,0.013,0.5288
CLUBS EIGHT SPADES SEVEN,0.6582,0.1002,0.2416
HEARTS THREE DIAMONDS KING,0.4592,0.0102,0.5306
DIAMONDS TWO SPADES SEVEN,0.6752,0.1048,0.22
HEARTS TWO CLUBS KING,0.4864,0.0074,0.5062
DIAMONDS TEN CLUBS KING,0.3812,0.0074,0.6114
HEARTS QUEEN HEARTS NINE,0.2734,0.0418,0.6848
DIAMONDS KING DIAMONDS QUEEN,0.3378,0.0072,0.655
CLUBS NINE CLUBS FIVE,0.483,0.2588,0.2582
CLUBS NINE DIAMONDS KING,0.285,0.0336,0.6814
SPADES ACE CLUBS THREE,0.4532,0.005,0.5418
SPADES TEN HEARTS KING,0.398,0.0082,0.5938
DIAMONDS ACE DIAMONDS SIX,0.3998,0.0046,0.5956
HEARTS SIX HEARTS ACE,0.4348,0.0036,0.5616
DIAMONDS EIGHT HEARTS TEN,0.3996,0.0256,0.5748
SPADES KING CLUBS FIVE,0.4624,0.0046,0.533
CLUBS JACK SPADES SIX,0.4528,0.0178,0.5294
SPADES JACK HEARTS FIVE,0.4596,0.0136,0.5268
SPADES SEVEN SPADES SIX,0.6306,0.0904,0.279
SPADES FOUR DIAMONDS FOUR,0.4486,0.0672,0.4842
SPADES EIGHT CLUBS FOUR,0.6454,0.0396,0.315
SPADES TEN SPADES FOUR,0.4366,0.0252,0.5382
CLUBS NINE HEARTS TEN,0.2888,0.0702,0.641
SPADES KING SPADES THREE,0.4406,0.0078,0.5516
SPADES TEN HEARTS TWO,0.4542,0.024,0.5218
SPADES TEN CLUBS FOUR,0.4704,0.0234,0.5062
HEARTS EIGHT SPADES EIGHT,0.3216,0.0532,0.6252
CLUBS SEVEN HEARTS KING,0.3224,0.0338,0.6438
DIAMONDS KING SPADES THREE,0.451,0.006,0.543
SPADES TEN DIAMONDS FIVE,0.4492,0.0262,0.5246
DIAMONDS ACE CLUBS TWO,0.449,0.0056,0.5454
SPADES TEN CLUBS QUEEN,0.3818,0.0092,0.609
CLUBS JACK SPADES JACK,0.2162,0.0306,0.7532
CLUBS TEN DIAMONDS TWO,0.4576,0.0254,0.517
SPADES QUEEN CLUBS THREE,0.457,0.0134,0.5296
SPADES NINE DIAMONDS SIX,0.4992,0.2882,0.2126
DIAMONDS TEN CLUBS QUEEN,0.3772,0.0078,0.615
SPADES ACE SPADES KING,0.3716,0.0046,0.6238
SPADES QUEEN SPADES TEN,0.3688,0.0102,0.621
CLUBS TEN SPADES FOUR,0.4712,0.0302,0.4986
HEARTS SIX CLUBS THREE,0.657,0.0424,0.3006
SPADES KING SPADES FIVE,0.4374,0.0052,0.5574
DIAMONDS JACK CLUBS ACE,0.3742,0.0064,0.6194
HEARTS KING SPADES TWO,0.4878,0.0082,0.504
CLUBS JACK HEARTS EIGHT,0.4132,0.0164,0.5704
DIAMONDS THREE DIAMONDS ACE,0.4106,0.0052,0.5842
DIAMONDS THREE SPADES THREE,0.4528,0.0658,0.4814
HEARTS SEVEN CLUBS ACE,0.3118,0.0222,0.666
SPADES TEN DIAMONDS JACK,0.3584,0.0158,0.6258
SPADES EIGHT DIAMONDS TEN,0.387,0.025,0.588
CLUBS TEN CLUBS FIVE,0.4192,0.026,0.5548
CLUBS SIX HEARTS TEN,0.4446,0.0246,0.5308
DIAMONDS JACK HEARTS NINE,0.2946,0.0594,0.646
DIAMONDS EIGHT DIAMONDS SIX,0.6214,0.041,0.3376
CLUBS THREE DIAMONDS EIGHT,0.639,0.0422,0.3188
HEARTS SIX HEARTS JACK,0.4452,0.0154,0.5394
SPADES EIGHT DIAMONDS FOUR,0.6338,0.04,0.3262
HEARTS EIGHT HEARTS KING,0.4028,0.0062,0.591
CLUBS THREE CLUBS KING,0.4548,0.007,0.5382
SPADES QUEEN SPADES FIVE,0.4272,0.0098,0.563
HEARTS ACE DIAMONDS FOUR,0.4618,0.0066,0.5316
SPADES NINE HEARTS THREE,0.5072,0.2814,0.2114
SPADES FIVE HEARTS ACE,0.4534,0.0056,0.541
HEARTS SIX DIAMONDS FOUR,0.6436,0.0358,0.3206
HEARTS SEVEN SPADES TEN,0.2912,0.0698,0.639
SPADES SEVEN CLUBS QUEEN,0.3246,0.0382,0.6372
HEARTS SIX SPADES JACK,0.4636,0.0158,0.5206
HEARTS THREE DIAMONDS ACE,0.445,0.005,0.55
HEARTS TWO DIAMONDS JACK,0.4566,0.0198,0.5236
CLUBS TWO CLUBS QUEEN,0.4508,0.012,0.5372
SPADES THREE CLUBS ACE,0.4492,0.0044,0.5464
HEARTS FIVE DIAMONDS TEN,0.4564,0.0264,0.5172
CLUBS NINE HEARTS SIX,0.5114,0.2754,0.2132
SPADES QUEEN DIAMONDS KING,0.3944,0.0046,0.601
CLUBS TWO HEARTS JACK,0.4686,0.019,0.5124
CLUBS JACK SPADES SEVEN,0.3108,0.052,0.6372
CLUBS EIGHT SPADES EIGHT,0.3092,0.0562,0.6346
SPADES SIX SPADES THREE,0.6158,0.0406,0.3436
HEARTS SIX HEARTS FIVE,0.5876,0.0384,0.374
CLUBS FOUR DIAMONDS ACE,0.4546,0.0066,0.5388
HEARTS FIVE SPADES FOUR,0.6198,0.0424,0.3378
SPADES TWO CLUBS ACE,0.4686,0.006,0.5254
DIAMONDS THREE HEARTS QUEEN,0.475,0.0108,0.5142
HEARTS SIX DIAMONDS JACK,0.429,0.0168,0.5542
CLUBS KING CLUBS QUEEN,0.3664,0.0072,0.6264
SPADES JACK DIAMONDS TEN,0.374,0.0116,0.6144
HEARTS THREE DIAMONDS EIGHT,0.6544,0.0412,0.3044
SPADES NINE HEARTS TWO,0.5212,0.2778,0.201
HEARTS SEVEN SPADES NINE,0.0776,0.9018,0.0206
SPADES EIGHT CLUBS QUEEN,0.4236,0.0092,0.5672
CLUBS NINE CLUBS FOUR,0.4816,0.2728,0.2456
CLUBS TWO HEARTS NINE,0.519,0.277,0.204
CLUBS FOUR SPADES SIX,0.64,0.036,0.324
SPADES NINE CLUBS FIVE,0.5054,0.2774,0.2172
DIAMONDS KING HEARTS ACE,0.391,0.0046,0.6044
SPADES JACK DIAMONDS KING,0.3896,0.0084,0.602
DIAMONDS THREE HEARTS KING,0.4626,0.0064,0.531
DIAMONDS KING DIAMONDS JACK,0.338,0.0056,0.6564
CLUBS NINE CLUBS THREE,0.48,0.264,0.256
SPADES QUEEN SPADES SEVEN,0.3054,0.0384,0.6562
SPADES SEVEN SPADES TWO,0.653,0.1016,0.2454
CLUBS JACK DIAMONDS EIGHT,0.3994,0.016,0.5846
CLUBS TEN HEARTS FIVE,0.4676,0.0236,0.5088
SPADES NINE HEARTS TEN,0.2858,0.068,0.6462
HEARTS SEVEN HEARTS TWO,0.632,0.1142,0.2538
DIAMONDS EIGHT DIAMONDS FIVE,0.6252,0.0422,0.3326
HEARTS SIX DIAMONDS KING,0.4428,0.0066,0.5506
SPADES SEVEN DIAMONDS FOUR,0.6746,0.1044,0.221
CLUBS EIGHT DIAMONDS FIVE,0.632,0.0372,0.3308
DIAMONDS EIGHT CLUBS ACE,0.4166,0.0044,0.579
HEARTS SIX DIAMONDS QUEEN,0.4492,0.01,0.5408
DIAMONDS THREE CLUBS QUEEN,0.4686,0.0116,0.5198
SPADES ACE CLUBS QUEEN,0.4034,0.0044,0.5922
SPADES NINE HEARTS NINE,0.1668,0.0678,0.7654
HEARTS SIX SPADES SEVEN,0.6478,0.1008,0.2514
DIAMONDS TWO CLUBS NINE,0.5068,0.2884,0.2048
DIAMONDS TEN DIAMONDS FOUR,0.4076,0.0272,0.5652
HEARTS TWO CLUBS ACE,0.4596,0.0054,0.535
CLUBS TWO HEARTS QUEEN,0.4726,0.012,0.5154
HEARTS FIVE DIAMONDS JACK,0.4448,0.0174,0.5378
HEARTS ACE CLUBS QUEEN,0.4064,0.0034,0.5902
CLUBS QUEEN DIAMONDS FOUR,0.4494,0.012,0.5386
CLUBS FIVE SPADES TWO,0.642,0.0416,0.3164
CLUBS TEN DIAMONDS FOUR,0.4592,0.0296,0.5112
DIAMONDS THREE HEARTS TWO,0.6344,0.0402,0.3254
SPADES FOUR DIAMONDS SIX,0.6328,0.0394,0.3278
HEARTS ACE DIAMONDS JACK,0.3902,0.005,0.6048
HEARTS SEVEN SPADES EIGHT,0.6714,0.098,0.2306
SPADES NINE DIAMONDS KING,0.3006,0.0338,0.6656
CLUBS EIGHT SPADES THREE,0.6558,0.0372,0.307
SPADES ACE DIAMONDS SIX,0.4646,0.0032,0.5322
CLUBS JACK CLUBS EIGHT,0.3926,0.0162,0.5912
SPADES KING HEARTS KING,0.2172,0.012,0.7708
CLUBS SEVEN DIAMONDS TEN,0.2776,0.0788,0.6436
CLUBS EIGHT SPADES FIVE,0.6318,0.0372,0.331
DIAMONDS TWO SPADES JACK,0.4676,0.017,0.5154
CLUBS JACK CLUBS FOUR,0.4592,0.0174,0.5234
SPADES ACE HEARTS KING,0.3938,0.0044,0.6018
SPADES SIX DIAMONDS EIGHT,0.6196,0.0404,0.34
DIAMONDS KING HEARTS TEN,0.3842,0.006,0.6098
CLUBS EIGHT SPADES TWO,0.6542,0.0368,0.309
SPADES QUEEN HEARTS SIX,0.4534,0.0112,0.5354
SPADES ACE DIAMONDS KING,0.3808,0.0042,0.615
CLUBS SEVEN SPADES THREE,0.6628,0.1158,0.2214
HEARTS EIGHT SPADES NINE,0.2684,0.2094,0.5222
HEARTS EIGHT HEARTS JACK,0.3862,0.0146,0.5992
CLUBS JACK DIAMONDS FOUR,0.452,0.019,0.529
DIAMONDS TWO HEARTS QUEEN,0.4644,0.0122,0.5234
CLUBS FIVE CLUBS ACE,0.412,0.005,0.583
DIAMONDS TWO DIAMONDS TEN,0.4272,0.0262,0.5466
CLUBS SEVEN DIAMONDS FIVE,0.655,0.1042,0.2408
CLUBS FOUR DIAMONDS FIVE,0.623,0.0398,0.3372
CLUBS SIX HEARTS ACE,0.4488,0.0038,0.5474
SPADES EIGHT SPADES FIVE,0.5952,0.0404,0.3644
DIAMONDS ACE SPADES TWO,0.4578,0.0068,0.5354
CLUBS FIVE HEARTS JACK,0.4556,0.0158,0.5286
HEARTS SIX DIAMONDS EIGHT,0.622,0.0426,0.3354
SPADES JACK SPADES SEVEN,0.2942,0.0578,0.648
HEARTS THREE SPADES EIGHT,0.6564,0.038,0.3056
HEARTS ACE HEARTS NINE,0.3006,0.0198,0.6796
HEARTS FOUR DIAMONDS TEN,0.4524,0.0294,0.5182
HEARTS SEVEN SPADES QUEEN,0.3274,0.0364,0.6362
HEARTS KING HEARTS QUEEN,0.369,0.0066,0.6244
DIAMONDS THREE DIAMONDS TWO,0.6418,0.042,0.3162
SPADES FOUR DIAMONDS TEN,0.4412,0.0302,0.5286
DIAMONDS QUEEN HEARTS TEN,0.3642,0.0128,0.623
SPADES NINE CLUBS THREE,0.52,0.2756,0.2044
HEARTS EIGHT DIAMONDS EIGHT,0.3054,0.0594,0.6352
