opposingHand,winningChance,drawChance,lostChance
DIAMONDS FOUR DIAMONDS ACE
CLUBS THREE DIAMONDS FIVE,0.6414,0.006,0.3526
CLUBS EIGHT CLUBS THREE,0.6194,0.005,0.3756
SPADES NINE DIAMONDS KING,0.6106,0.0044,0.385
SPADES NINE CLUBS THREE,0.6652,0.0048,0.33
HEARTS SEVEN HEARTS QUEEN,0.5836,0.007,0.4094
CLUBS EIGHT DIAMONDS NINE,0.5778,0.0058,0.4164
HEARTS QUEEN DIAMONDS SEVEN,0.6284,0.0048,0.3668
CLUBS FOUR SPADES FIVE,0.72,0.0246,0.2554
SPADES SEVEN DIAMONDS JACK,0.6148,0.005,0.3802
CLUBS SIX HEARTS KING,0.6286,0.005,0.3664
SPADES QUEEN SPADES EIGHT,0.582,0.0068,0.4112
SPADES SEVEN HEARTS TEN,0.6124,0.0046,0.383
SPADES JACK SPADES EIGHT,0.5764,0.0054,0.4182
CLUBS JACK SPADES TWO,0.6732,0.0046,0.3222
SPADES QUEEN HEARTS QUEEN,0.3448,0.0034,0.6518
SPADES TEN SPADES SIX,0.5842,0.003,0.4128
HEARTS SEVEN SPADES TEN,0.6188,0.0022,0.379
CLUBS TEN SPADES SIX,0.6244,0.0038,0.3718
CLUBS SEVEN DIAMONDS JACK,0.6162,0.0044,0.3794
SPADES FOUR DIAMONDS SEVEN,0.7194,0.0204,0.2602
SPADES ACE DIAMONDS SEVEN,0.2664,0.2952,0.4384
HEARTS THREE HEARTS KING,0.6318,0.0058,0.3624
HEARTS FIVE DIAMONDS EIGHT,0.6206,0.0074,0.372
CLUBS QUEEN DIAMONDS FIVE,0.6364,0.0064,0.3572
DIAMONDS THREE DIAMONDS FIVE,0.6272,0.0054,0.3674
SPADES TEN SPADES EIGHT,0.5602,0.0052,0.4346
HEARTS FOUR CLUBS KING,0.7608,0.0258,0.2134
CLUBS SEVEN CLUBS QUEEN,0.5906,0.0038,0.4056
SPADES KING DIAMONDS NINE,0.6068,0.0054,0.3878
CLUBS SEVEN CLUBS SIX,0.5708,0.0052,0.424
CLUBS JACK HEARTS FIVE,0.6316,0.0034,0.365
CLUBS JACK CLUBS TWO,0.6292,0.0046,0.3662
CLUBS EIGHT DIAMONDS TEN,0.5868,0.0064,0.4068
DIAMONDS TWO DIAMONDS QUEEN,0.6474,0.0066,0.346
HEARTS TWO CLUBS ACE,0.3104,0.4886,0.201
SPADES ACE CLUBS NINE,0.3,0.1626,0.5374
HEARTS ACE HEARTS QUEEN,0.2854,0.0652,0.6494
HEARTS SEVEN DIAMONDS JACK,0.6018,0.0056,0.3926
HEARTS TWO DIAMONDS KING,0.6772,0.0068,0.316
HEARTS FOUR SPADES SEVEN,0.731,0.015,0.254
HEARTS JACK DIAMONDS FIVE,0.6262,0.0046,0.3692
SPADES SEVEN DIAMONDS TEN,0.5908,0.003,0.4062
DIAMONDS JACK SPADES TWO,0.6662,0.0032,0.3306
SPADES SIX DIAMONDS SIX,0.3918,0.0046,0.6036
SPADES TEN DIAMONDS EIGHT,0.5836,0.0042,0.4122
SPADES EIGHT CLUBS TWO,0.6708,0.0062,0.323
SPADES QUEEN DIAMONDS JACK,0.5888,0.0054,0.4058
CLUBS JACK HEARTS KING,0.5944,0.0048,0.4008
CLUBS EIGHT HEARTS NINE,0.5954,0.0042,0.4004
SPADES FOUR CLUBS ACE,0.0676,0.9122,0.0202
CLUBS FOUR HEARTS TEN,0.7628,0.0252,0.212
HEARTS FOUR CLUBS THREE,0.7392,0.0234,0.2374
SPADES ACE HEARTS TWO,0.31,0.4936,0.1964
CLUBS FIVE DIAMONDS JACK,0.6272,0.0052,0.3676
SPADES KING HEARTS SIX,0.6154,0.0062,0.3784
CLUBS KING HEARTS NINE,0.6082,0.004,0.3878
HEARTS FIVE CLUBS FIVE,0.3948,0.0038,0.6014
SPADES JACK HEARTS NINE,0.6012,0.0034,0.3954
SPADES ACE CLUBS TEN,0.293,0.1074,0.5996
CLUBS TEN CLUBS FIVE,0.604,0.005,0.391
HEARTS FIVE HEARTS JACK,0.6044,0.006,0.3896
CLUBS JACK DIAMONDS JACK,0.3416,0.0052,0.6532
HEARTS EIGHT HEARTS NINE,0.5366,0.005,0.4584
CLUBS FIVE SPADES TWO,0.662,0.006,0.332
SPADES TEN DIAMONDS FIVE,0.6378,0.0038,0.3584
DIAMONDS THREE HEARTS FIVE,0.632,0.003,0.365
SPADES TEN SPADES FIVE,0.6048,0.0044,0.3908
SPADES KING HEARTS TEN,0.594,0.0042,0.4018
HEARTS ACE HEARTS TEN,0.2946,0.1122,0.5932
HEARTS EIGHT HEARTS TWO,0.6288,0.0056,0.3656
HEARTS FOUR SPADES EIGHT,0.7466,0.0172,0.2362
DIAMONDS THREE SPADES QUEEN,0.6638,0.0068,0.3294
DIAMONDS THREE SPADES FIVE,0.6512,0.0076,0.3412
SPADES ACE DIAMONDS THREE,0.2986,0.4862,0.2152
SPADES QUEEN DIAMONDS QUEEN,0.332,0.006,0.662
CLUBS SEVEN DIAMONDS FIVE,0.6096,0.0042,0.3862
SPADES SEVEN HEARTS ACE,0.2824,0.2872,0.4304
CLUBS TEN HEARTS NINE,0.5974,0.0042,0.3984
CLUBS FOUR SPADES THREE,0.736,0.0216,0.2424
SPADES ACE CLUBS SEVEN,0.2938,0.285,0.4212
CLUBS SEVEN HEARTS QUEEN,0.628,0.0048,0.3672
CLUBS TEN DIAMONDS SIX,0.6104,0.005,0.3846
SPADES QUEEN CLUBS QUEEN,0.3414,0.0042,0.6544
SPADES FOUR HEARTS NINE,0.7518,0.019,0.2292
DIAMONDS TWO SPADES QUEEN,0.6794,0.0046,0.316
DIAMONDS TWO DIAMONDS KING,0.661,0.0092,0.3298
DIAMONDS THREE HEARTS TWO,0.6874,0.0062,0.3064
HEARTS ACE DIAMONDS TEN,0.2736,0.1112,0.6152
HEARTS KING DIAMONDS NINE,0.6118,0.0068,0.3814
DIAMONDS QUEEN DIAMONDS SIX,0.618,0.008,0.374
CLUBS JACK DIAMONDS TWO,0.6596,0.0066,0.3338
CLUBS EIGHT DIAMONDS JACK,0.608,0.0034,0.3886
CLUBS FOUR DIAMONDS QUEEN,0.758,0.0224,0.2196
HEARTS EIGHT DIAMONDS FIVE,0.6136,0.0058,0.3806
HEARTS EIGHT DIAMONDS SIX,0.5886,0.0054,0.406
CLUBS NINE HEARTS KING,0.612,0.0054,0.3826
DIAMONDS JACK HEARTS TEN,0.5724,0.0052,0.4224
HEARTS FIVE SPADES NINE,0.6296,0.0042,0.3662
SPADES KING HEARTS THREE,0.677,0.0054,0.3176
HEARTS EIGHT CLUBS ACE,0.2922,0.2084,0.4994
CLUBS SEVEN DIAMONDS SIX,0.5956,0.0048,0.3996
HEARTS QUEEN HEARTS JACK,0.5612,0.0054,0.4334
SPADES FIVE DIAMONDS SEVEN,0.611,0.0062,0.3828
SPADES EIGHT SPADES SIX,0.5784,0.0038,0.4178
CLUBS THREE SPADES FIVE,0.6434,0.0046,0.352
SPADES EIGHT DIAMONDS QUEEN,0.6116,0.0068,0.3816
HEARTS FIVE CLUBS SEVEN,0.6144,0.0038,0.3818
SPADES JACK HEARTS ACE,0.2902,0.08,0.6298
HEARTS SEVEN SPADES FOUR,0.727,0.0202,0.2528
CLUBS TEN HEARTS FIVE,0.6428,0.0042,0.353
CLUBS NINE HEARTS FOUR,0.7566,0.0206,0.2228
DIAMONDS THREE CLUBS KING,0.6676,0.0064,0.326
DIAMONDS QUEEN HEARTS ACE,0.2888,0.0666,0.6446
CLUBS FOUR HEARTS JACK,0.7618,0.023,0.2152
CLUBS TWO HEARTS ACE,0.3092,0.4824,0.2084
SPADES TWO DIAMONDS SIX,0.6708,0.0052,0.324
SPADES NINE HEARTS NINE,0.3812,0.003,0.6158
SPADES TEN DIAMONDS SIX,0.6068,0.0056,0.3876
SPADES SIX CLUBS QUEEN,0.629,0.0042,0.3668
CLUBS THREE SPADES FOUR,0.743,0.019,0.238
CLUBS TEN HEARTS SIX,0.6272,0.0046,0.3682
HEARTS SIX DIAMONDS KING,0.626,0.0062,0.3678
CLUBS SEVEN HEARTS JACK,0.6148,0.0042,0.381
CLUBS JACK SPADES SIX,0.6242,0.0038,0.372
CLUBS JACK HEARTS QUEEN,0.5924,0.0056,0.402
SPADES ACE SPADES TWO,0.3076,0.4414,0.251
SPADES THREE HEARTS JACK,0.6758,0.004,0.3202
CLUBS ACE HEARTS NINE,0.2904,0.1732,0.5364
SPADES NINE SPADES SEVEN,0.571,0.003,0.426
DIAMONDS THREE DIAMONDS QUEEN,0.6668,0.0052,0.328
HEARTS SIX HEARTS ACE,0.266,0.3406,0.3934
DIAMONDS TEN DIAMONDS FIVE,0.6172,0.0062,0.3766
DIAMONDS QUEEN CLUBS TWO,0.6524,0.0054,0.3422
HEARTS EIGHT DIAMONDS SEVEN,0.5914,0.0034,0.4052
HEARTS FIVE SPADES THREE,0.6546,0.0066,0.3388
HEARTS EIGHT SPADES TWO,0.6604,0.0046,0.335
DIAMONDS KING DIAMONDS JACK,0.5852,0.007,0.4078
SPADES ACE CLUBS TWO,0.3096,0.4838,0.2066
HEARTS TWO HEARTS TEN,0.6196,0.0038,0.3766
HEARTS EIGHT SPADES KING,0.6232,0.002,0.3748
CLUBS NINE SPADES NINE,0.3644,0.003,0.6326
CLUBS TEN SPADES THREE,0.6612,0.0064,0.3324
DIAMONDS KING SPADES FOUR,0.7682,0.0222,0.2096
HEARTS SIX HEARTS FOUR,0.704,0.022,0.274
DIAMONDS THREE HEARTS FOUR,0.7456,0.0244,0.23
SPADES TEN SPADES TWO,0.6222,0.0066,0.3712
CLUBS FIVE HEARTS NINE,0.6234,0.0048,0.3718
DIAMONDS TWO HEARTS FOUR,0.762,0.0228,0.2152
SPADES SIX HEARTS NINE,0.6074,0.0062,0.3864
DIAMONDS KING SPADES THREE,0.671,0.007,0.322
CLUBS FOUR CLUBS QUEEN,0.7162,0.023,0.2608
CLUBS EIGHT CLUBS KING,0.5792,0.0048,0.416
HEARTS FIVE CLUBS QUEEN,0.6432,0.0042,0.3526
SPADES TWO HEARTS TEN,0.674,0.0058,0.3202
CLUBS EIGHT HEARTS FOUR,0.7444,0.0216,0.234
DIAMONDS THREE CLUBS TEN,0.665,0.0038,0.3312
CLUBS SIX HEARTS JACK,0.6354,0.0046,0.36
HEARTS SIX SPADES TWO,0.6844,0.0074,0.3082
SPADES JACK CLUBS KING,0.5926,0.0048,0.4026
DIAMONDS QUEEN SPADES FIVE,0.637,0.0048,0.3582
CLUBS ACE HEARTS TEN,0.298,0.1106,0.5914
SPADES NINE SPADES THREE,0.6274,0.0048,0.3678
HEARTS SIX HEARTS NINE,0.5838,0.0046,0.4116
HEARTS FIVE SPADES TWO,0.665,0.0056,0.3294
CLUBS TEN SPADES JACK,0.5726,0.006,0.4214
HEARTS KING HEARTS QUEEN,0.5592,0.0048,0.436
CLUBS JACK HEARTS EIGHT,0.6182,0.004,0.3778
DIAMONDS TEN DIAMONDS SIX,0.6072,0.0056,0.3872
SPADES ACE HEARTS EIGHT,0.2886,0.217,0.4944
SPADES SIX DIAMONDS SEVEN,0.5964,0.005,0.3986
HEARTS FOUR SPADES FIVE,0.726,0.0196,0.2544
DIAMONDS NINE DIAMONDS SEVEN,0.5822,0.0068,0.411
SPADES TEN HEARTS NINE,0.5786,0.0048,0.4166
HEARTS FOUR CLUBS ACE,0.0656,0.9102,0.0242
DIAMONDS TWO HEARTS NINE,0.669,0.0054,0.3256
SPADES SEVEN CLUBS QUEEN,0.6242,0.0036,0.3722
HEARTS ACE DIAMONDS FIVE,0.2598,0.4382,0.302
HEARTS THREE DIAMONDS KING,0.6636,0.0054,0.331
HEARTS SIX HEARTS TWO,0.634,0.0046,0.3614
SPADES JACK CLUBS EIGHT,0.6174,0.004,0.3786
HEARTS FOUR HEARTS THREE,0.695,0.0214,0.2836
SPADES QUEEN SPADES SIX,0.5868,0.0048,0.4084
SPADES EIGHT SPADES FOUR,0.6912,0.0166,0.2922
SPADES KING CLUBS THREE,0.6612,0.0048,0.334
HEARTS FIVE SPADES EIGHT,0.623,0.004,0.373
DIAMONDS TEN SPADES THREE,0.6656,0.0074,0.327
DIAMONDS TEN HEARTS KING,0.5868,0.007,0.4062
SPADES QUEEN SPADES JACK,0.5742,0.0066,0.4192
CLUBS JACK CLUBS THREE,0.6322,0.0074,0.3604
CLUBS NINE DIAMONDS SIX,0.6138,0.0056,0.3806
DIAMONDS NINE DIAMONDS EIGHT,0.5756,0.0046,0.4198
DIAMONDS THREE DIAMONDS TWO,0.674,0.007,0.319
DIAMONDS THREE HEARTS QUEEN,0.6586,0.0044,0.337
HEARTS THREE HEARTS TEN,0.6216,0.0066,0.3718
CLUBS TEN DIAMONDS TEN,0.3538,0.0034,0.6428
SPADES KING DIAMONDS EIGHT,0.6158,0.0038,0.3804
SPADES JACK DIAMONDS NINE,0.5854,0.0058,0.4088
DIAMONDS THREE CLUBS NINE,0.6748,0.0036,0.3216
SPADES THREE CLUBS ACE,0.2954,0.4968,0.2078
SPADES THREE DIAMONDS FIVE,0.6394,0.0056,0.355
HEARTS THREE HEARTS NINE,0.6344,0.0044,0.3612
HEARTS SEVEN SPADES SEVEN,0.3904,0.0038,0.6058
HEARTS EIGHT DIAMONDS EIGHT,0.3798,0.0058,0.6144
HEARTS EIGHT HEARTS SEVEN,0.5518,0.0056,0.4426
SPADES NINE CLUBS KING,0.6192,0.0038,0.377
HEARTS THREE HEARTS ACE,0.2962,0.4594,0.2444
SPADES TEN DIAMONDS JACK,0.5716,0.004,0.4244
SPADES EIGHT CLUBS KING,0.6228,0.0036,0.3736
HEARTS TWO HEARTS NINE,0.6392,0.0058,0.355
SPADES EIGHT DIAMONDS EIGHT,0.3786,0.0046,0.6168
CLUBS SIX DIAMONDS NINE,0.6078,0.005,0.3872
CLUBS JACK DIAMONDS KING,0.5952,0.0056,0.3992
CLUBS TWO HEARTS NINE,0.6666,0.0046,0.3288
CLUBS SEVEN HEARTS FOUR,0.728,0.0184,0.2536
HEARTS SEVEN SPADES FIVE,0.6256,0.0036,0.3708
DIAMONDS EIGHT HEARTS TEN,0.5794,0.0058,0.4148
HEARTS FOUR DIAMONDS QUEEN,0.7572,0.0286,0.2142
SPADES SEVEN HEARTS KING,0.637,0.003,0.36
DIAMONDS TWO HEARTS JACK,0.6668,0.004,0.3292
SPADES JACK SPADES THREE,0.6246,0.0072,0.3682
CLUBS NINE SPADES TWO,0.67,0.0058,0.3242
CLUBS TWO CLUBS QUEEN,0.6372,0.0054,0.3574
CLUBS EIGHT HEARTS QUEEN,0.6248,0.004,0.3712
HEARTS SIX SPADES FOUR,0.7414,0.0156,0.243
CLUBS NINE SPADES EIGHT,0.5842,0.0034,0.4124
CLUBS NINE CLUBS FIVE,0.5876,0.0044,0.408
SPADES NINE CLUBS SIX,0.6244,0.0042,0.3714
DIAMONDS JACK CLUBS QUEEN,0.5836,0.0054,0.411
CLUBS THREE HEARTS NINE,0.674,0.0038,0.3222
HEARTS ACE HEARTS NINE,0.2694,0.1558,0.5748
SPADES ACE HEARTS SIX,0.2936,0.3492,0.3572
DIAMONDS NINE CLUBS ACE,0.2836,0.165,0.5514
SPADES ACE CLUBS FOUR,0.0694,0.9062,0.0244
HEARTS TWO HEARTS KING,0.622,0.0044,0.3736
HEARTS EIGHT SPADES FIVE,0.62,0.0046,0.3754
HEARTS SEVEN CLUBS NINE,0.5958,0.0038,0.4004
CLUBS JACK HEARTS NINE,0.5866,0.0032,0.4102
HEARTS SEVEN CLUBS ACE,0.2904,0.275,0.4346
CLUBS JACK SPADES NINE,0.6076,0.0038,0.3886
CLUBS NINE CLUBS KING,0.5826,0.0052,0.4122
SPADES JACK HEARTS QUEEN,0.5984,0.0046,0.397
CLUBS SEVEN SPADES SEVEN,0.4,0.0036,0.5964
CLUBS KING DIAMONDS SIX,0.6174,0.0064,0.3762
CLUBS TEN CLUBS NINE,0.547,0.0052,0.4478
CLUBS TEN HEARTS QUEEN,0.5908,0.0054,0.4038
CLUBS NINE SPADES FIVE,0.6278,0.0042,0.368
CLUBS THREE HEARTS QUEEN,0.6722,0.0046,0.3232
CLUBS EIGHT DIAMONDS KING,0.6298,0.0056,0.3646
SPADES JACK SPADES SEVEN,0.588,0.006,0.406
CLUBS TEN DIAMONDS EIGHT,0.591,0.0034,0.4056
CLUBS SIX CLUBS TWO,0.6348,0.0056,0.3596
SPADES NINE HEARTS KING,0.6126,0.005,0.3824
SPADES SEVEN SPADES FOUR,0.694,0.0174,0.2886
CLUBS SIX SPADES FIVE,0.6072,0.005,0.3878
DIAMONDS QUEEN SPADES THREE,0.671,0.005,0.324
CLUBS KING CLUBS QUEEN,0.5672,0.0054,0.4274
SPADES NINE DIAMONDS QUEEN,0.5952,0.0048,0.4
HEARTS EIGHT HEARTS QUEEN,0.5876,0.0048,0.4076
SPADES ACE DIAMONDS TEN,0.2888,0.1146,0.5966
HEARTS THREE CLUBS FOUR,0.7458,0.021,0.2332
HEARTS THREE SPADES FIVE,0.6442,0.0066,0.3492
SPADES JACK DIAMONDS TEN,0.573,0.0052,0.4218
DIAMONDS TWO SPADES TEN,0.656,0.0038,0.3402
DIAMONDS EIGHT HEARTS NINE,0.5628,0.0062,0.431
DIAMONDS TEN HEARTS QUEEN,0.5762,0.0058,0.418
HEARTS TEN DIAMONDS FIVE,0.6422,0.0056,0.3522
SPADES SEVEN SPADES THREE,0.6258,0.0044,0.3698
SPADES KING HEARTS QUEEN,0.5974,0.0062,0.3964
CLUBS EIGHT CLUBS TWO,0.6246,0.0046,0.3708
SPADES SIX HEARTS ACE,0.2838,0.3658,0.3504
CLUBS THREE HEARTS TEN,0.6704,0.0048,0.3248
SPADES SEVEN DIAMONDS NINE,0.5964,0.0052,0.3984
SPADES EIGHT CLUBS QUEEN,0.6324,0.0042,0.3634
SPADES FOUR HEARTS QUEEN,0.7504,0.0246,0.225
SPADES SEVEN CLUBS ACE,0.2874,0.29,0.4226
SPADES ACE SPADES FOUR,0.075,0.8566,0.0684
CLUBS THREE DIAMONDS TEN,0.662,0.0042,0.3338
HEARTS SEVEN DIAMONDS EIGHT,0.5744,0.0054,0.4202
CLUBS NINE CLUBS THREE,0.6424,0.0064,0.3512
HEARTS QUEEN HEARTS NINE,0.5666,0.0066,0.4268
CLUBS SEVEN CLUBS KING,0.5864,0.0038,0.4098
SPADES QUEEN SPADES TEN,0.5522,0.0046,0.4432
SPADES EIGHT DIAMONDS SEVEN,0.6054,0.0054,0.3892
CLUBS SIX DIAMONDS JACK,0.629,0.0054,0.3656
SPADES QUEEN DIAMONDS KING,0.6098,0.0054,0.3848
CLUBS NINE HEARTS TWO,0.6714,0.004,0.3246
HEARTS FOUR HEARTS TWO,0.711,0.0198,0.2692
CLUBS EIGHT HEARTS FIVE,0.627,0.005,0.368
SPADES ACE HEARTS NINE,0.294,0.1656,0.5404
CLUBS JACK SPADES EIGHT,0.6026,0.0036,0.3938
CLUBS FIVE HEARTS KING,0.656,0.0044,0.3396
DIAMONDS KING DIAMONDS SEVEN,0.6184,0.006,0.3756
CLUBS SIX DIAMONDS SIX,0.3888,0.0054,0.6058
HEARTS JACK DIAMONDS SIX,0.626,0.0038,0.3702
HEARTS FOUR SPADES FOUR,0.3762,0.0226,0.6012
CLUBS JACK DIAMONDS THREE,0.6512,0.0068,0.342
CLUBS TEN CLUBS SIX,0.5832,0.0066,0.4102
SPADES KING CLUBS ACE,0.2994,0.0506,0.65
HEARTS THREE CLUBS ACE,0.3074,0.4878,0.2048
SPADES NINE CLUBS FIVE,0.6254,0.0056,0.369
SPADES TWO HEARTS JACK,0.667,0.006,0.327
HEARTS SEVEN HEARTS FOUR,0.6932,0.0162,0.2906
SPADES KING SPADES NINE,0.5782,0.0054,0.4164
DIAMONDS TWO HEARTS TEN,0.6724,0.0042,0.3234
CLUBS THREE CLUBS ACE,0.2976,0.4532,0.2492
DIAMONDS KING DIAMONDS NINE,0.5966,0.0046,0.3988
HEARTS EIGHT CLUBS TEN,0.6094,0.0032,0.3874
CLUBS FOUR HEARTS NINE,0.756,0.0216,0.2224
SPADES QUEEN HEARTS SIX,0.6316,0.0026,0.3658
CLUBS NINE SPADES FOUR,0.7632,0.018,0.2188
DIAMONDS THREE SPADES EIGHT,0.6642,0.0064,0.3294
SPADES FOUR DIAMONDS NINE,0.7596,0.0226,0.2178
CLUBS NINE DIAMONDS KING,0.6022,0.005,0.3928
SPADES TEN CLUBS THREE,0.6742,0.0058,0.32
SPADES KING HEARTS FIVE,0.6442,0.0068,0.349
DIAMONDS JACK DIAMONDS SEVEN,0.6184,0.0054,0.3762
CLUBS SEVEN CLUBS FIVE,0.5856,0.0064,0.408
HEARTS EIGHT HEARTS FIVE,0.578,0.0048,0.4172
HEARTS TWO CLUBS FOUR,0.757,0.025,0.218
DIAMONDS TWO CLUBS ACE,0.3066,0.4716,0.2218
DIAMONDS THREE CLUBS FIVE,0.6474,0.0054,0.3472
SPADES EIGHT SPADES THREE,0.6374,0.0042,0.3584
HEARTS JACK CLUBS QUEEN,0.594,0.0042,0.4018
SPADES ACE SPADES THREE,0.285,0.4508,0.2642
DIAMONDS THREE SPADES TWO,0.6808,0.0062,0.313
SPADES TWO DIAMONDS SEVEN,0.6666,0.0052,0.3282
CLUBS THREE HEARTS JACK,0.6668,0.005,0.3282
CLUBS TEN DIAMONDS FIVE,0.632,0.0058,0.3622
DIAMONDS JACK HEARTS NINE,0.5894,0.0038,0.4068
DIAMONDS QUEEN HEARTS QUEEN,0.3374,0.0046,0.658
SPADES FOUR SPADES TWO,0.7128,0.02,0.2672
SPADES TEN HEARTS QUEEN,0.5838,0.005,0.4112
CLUBS TEN HEARTS THREE,0.662,0.0048,0.3332
DIAMONDS JACK DIAMONDS NINE,0.5784,0.0072,0.4144
CLUBS EIGHT DIAMONDS QUEEN,0.6084,0.0052,0.3864
HEARTS SEVEN DIAMONDS TEN,0.6182,0.0052,0.3766
CLUBS FIVE DIAMONDS TEN,0.6396,0.005,0.3554
SPADES NINE HEARTS TWO,0.6656,0.007,0.3274
HEARTS THREE CLUBS THREE,0.4888,0.007,0.5042
DIAMONDS KING HEARTS TEN,0.5972,0.0048,0.398
CLUBS KING DIAMONDS FIVE,0.6424,0.0066,0.351
HEARTS FIVE DIAMONDS TEN,0.6366,0.0048,0.3586
SPADES THREE HEARTS QUEEN,0.6742,0.0052,0.3206
CLUBS SIX SPADES TWO,0.6646,0.005,0.3304
SPADES NINE SPADES FIVE,0.5964,0.0048,0.3988
SPADES KING CLUBS TWO,0.6686,0.0048,0.3266
HEARTS SEVEN HEARTS THREE,0.634,0.006,0.36
DIAMONDS NINE CLUBS KING,0.6052,0.0046,0.3902
SPADES EIGHT HEARTS ACE,0.2822,0.2178,0.5
SPADES KING HEARTS KING,0.3344,0.004,0.6616
CLUBS ACE DIAMONDS FIVE,0.254,0.437,0.309
HEARTS ACE CLUBS QUEEN,0.312,0.0608,0.6272
SPADES QUEEN CLUBS KING,0.5986,0.0032,0.3982
SPADES JACK HEARTS FOUR,0.742,0.0234,0.2346
DIAMONDS THREE HEARTS THREE,0.489,0.0074,0.5036
SPADES ACE CLUBS THREE,0.3104,0.4882,0.2014
DIAMONDS TEN DIAMONDS SEVEN,0.594,0.0064,0.3996
SPADES QUEEN CLUBS TWO,0.6628,0.0068,0.3304
HEARTS FIVE HEARTS FOUR,0.673,0.0208,0.3062
DIAMONDS THREE CLUBS SIX,0.6472,0.0076,0.3452
CLUBS THREE SPADES TWO,0.6854,0.0058,0.3088
HEARTS SEVEN CLUBS SIX,0.5976,0.004,0.3984
SPADES SIX DIAMONDS JACK,0.6316,0.006,0.3624
SPADES FIVE DIAMONDS TEN,0.634,0.004,0.362
CLUBS EIGHT DIAMONDS EIGHT,0.3814,0.0054,0.6132
SPADES QUEEN SPADES FIVE,0.6008,0.0054,0.3938
CLUBS TWO HEARTS KING,0.6644,0.0056,0.33
HEARTS SIX SPADES FIVE,0.6038,0.0046,0.3916
SPADES FIVE DIAMONDS NINE,0.6298,0.002,0.3682
SPADES ACE CLUBS EIGHT,0.303,0.2142,0.4828
HEARTS EIGHT HEARTS TEN,0.5566,0.0032,0.4402
SPADES FIVE CLUBS KING,0.6482,0.0048,0.347
SPADES KING CLUBS EIGHT,0.6266,0.0046,0.3688
HEARTS FOUR CLUBS FOUR,0.3738,0.0228,0.6034
CLUBS SEVEN HEARTS THREE,0.678,0.004,0.318
HEARTS KING CLUBS ACE,0.2998,0.052,0.6482
CLUBS EIGHT DIAMONDS FIVE,0.6152,0.0048,0.38
HEARTS THREE CLUBS FIVE,0.6476,0.0086,0.3438
HEARTS THREE DIAMONDS TEN,0.6494,0.0068,0.3438
HEARTS EIGHT DIAMONDS JACK,0.5922,0.006,0.4018
SPADES ACE SPADES KING,0.2884,0.0432,0.6684
CLUBS NINE SPADES JACK,0.6038,0.0052,0.391
SPADES EIGHT DIAMONDS KING,0.6232,0.0046,0.3722
CLUBS TEN CLUBS THREE,0.6204,0.0058,0.3738
HEARTS ACE DIAMONDS SIX,0.2682,0.3672,0.3646
DIAMONDS NINE HEARTS JACK,0.5662,0.0076,0.4262
SPADES KING HEARTS JACK,0.5948,0.0042,0.401
CLUBS EIGHT HEARTS ACE,0.2942,0.21,0.4958
CLUBS SIX HEARTS THREE,0.656,0.0044,0.3396
SPADES KING SPADES JACK,0.5566,0.006,0.4374
CLUBS JACK DIAMONDS EIGHT,0.604,0.0058,0.3902
HEARTS THREE HEARTS JACK,0.6228,0.004,0.3732
SPADES FIVE DIAMONDS FIVE,0.3898,0.006,0.6042
CLUBS FIVE CLUBS THREE,0.612,0.006,0.382
SPADES SEVEN DIAMONDS SEVEN,0.383,0.0042,0.6128
HEARTS ACE HEARTS KING,0.2808,0.0438,0.6754
DIAMONDS TWO SPADES FOUR,0.7548,0.023,0.2222
CLUBS FIVE CLUBS ACE,0.2616,0.4136,0.3248
CLUBS JACK CLUBS TEN,0.548,0.004,0.448
CLUBS TEN DIAMONDS TWO,0.661,0.0054,0.3336
SPADES KING DIAMONDS SIX,0.6182,0.0072,0.3746
CLUBS NINE HEARTS FIVE,0.6366,0.006,0.3574
CLUBS EIGHT HEARTS TWO,0.6776,0.005,0.3174
SPADES ACE SPADES SEVEN,0.2732,0.2618,0.465
DIAMONDS THREE HEARTS TEN,0.658,0.0062,0.3358
DIAMONDS THREE DIAMONDS SIX,0.6428,0.006,0.3512
DIAMONDS QUEEN CLUBS QUEEN,0.3338,0.0052,0.661
SPADES FOUR HEARTS KING,0.7388,0.027,0.2342
CLUBS JACK HEARTS SEVEN,0.6184,0.0034,0.3782
CLUBS TEN HEARTS TEN,0.3536,0.0046,0.6418
CLUBS SEVEN DIAMONDS KING,0.6102,0.0062,0.3836
SPADES KING SPADES SEVEN,0.5772,0.005,0.4178
HEARTS TWO CLUBS KING,0.6716,0.0052,0.3232
HEARTS SIX CLUBS THREE,0.6496,0.0062,0.3442
DIAMONDS JACK SPADES FOUR,0.7458,0.0238,0.2304
HEARTS THREE SPADES TWO,0.684,0.0078,0.3082
SPADES TEN HEARTS TEN,0.3592,0.003,0.6378
CLUBS JACK CLUBS KING,0.5594,0.0058,0.4348
CLUBS TEN CLUBS KING,0.5698,0.0044,0.4258
HEARTS KING HEARTS TEN,0.5734,0.0064,0.4202
HEARTS SEVEN DIAMONDS SEVEN,0.3956,0.0044,0.6
SPADES KING DIAMONDS FIVE,0.6276,0.0042,0.3682
SPADES EIGHT CLUBS FIVE,0.6254,0.0056,0.369
SPADES KING DIAMONDS JACK,0.5986,0.0046,0.3968
SPADES ACE DIAMONDS JACK,0.2816,0.0852,0.6332
HEARTS JACK CLUBS KING,0.593,0.004,0.403
CLUBS JACK SPADES JACK,0.349,0.0028,0.6482
DIAMONDS TWO HEARTS SIX,0.665,0.0062,0.3288
HEARTS FOUR HEARTS KING,0.716,0.0238,0.2602
HEARTS QUEEN CLUBS KING,0.597,0.0052,0.3978
DIAMONDS TEN DIAMONDS EIGHT,0.5896,0.006,0.4044
HEARTS SIX DIAMONDS EIGHT,0.5824,0.0044,0.4132
CLUBS FOUR HEARTS KING,0.7578,0.0238,0.2184
DIAMONDS QUEEN HEARTS JACK,0.58,0.0038,0.4162
SPADES TWO HEARTS QUEEN,0.6722,0.0056,0.3222
HEARTS TWO HEARTS QUEEN,0.629,0.0042,0.3668
SPADES EIGHT DIAMONDS NINE,0.5654,0.0062,0.4284
DIAMONDS THREE CLUBS SEVEN,0.6552,0.0056,0.3392
CLUBS TWO SPADES FOUR,0.7592,0.0212,0.2196
SPADES JACK DIAMONDS JACK,0.3588,0.0046,0.6366
CLUBS EIGHT CLUBS SIX,0.5638,0.0048,0.4314
HEARTS SIX HEARTS JACK,0.577,0.0052,0.4178
DIAMONDS THREE DIAMONDS NINE,0.6582,0.0078,0.334
SPADES SIX HEARTS JACK,0.6428,0.0048,0.3524
SPADES SEVEN DIAMONDS KING,0.6192,0.0058,0.375
HEARTS THREE DIAMONDS EIGHT,0.6738,0.0074,0.3188
DIAMONDS EIGHT HEARTS JACK,0.6028,0.0064,0.3908
DIAMONDS NINE DIAMONDS SIX,0.5982,0.007,0.3948
SPADES SEVEN CLUBS FOUR,0.7382,0.0168,0.245
CLUBS SEVEN SPADES THREE,0.665,0.0044,0.3306
DIAMONDS JACK DIAMONDS TEN,0.5556,0.0048,0.4396
HEARTS FOUR DIAMONDS EIGHT,0.7452,0.0138,0.241
CLUBS JACK DIAMONDS FIVE,0.6304,0.0052,0.3644
SPADES JACK HEARTS KING,0.6,0.0048,0.3952
HEARTS FOUR SPADES NINE,0.7594,0.0178,0.2228
CLUBS NINE HEARTS NINE,0.381,0.003,0.616
DIAMONDS QUEEN DIAMONDS TEN,0.5808,0.0076,0.4116
SPADES JACK HEARTS JACK,0.359,0.0058,0.6352
CLUBS FOUR DIAMONDS NINE,0.7538,0.0182,0.228
SPADES NINE DIAMONDS NINE,0.3678,0.0036,0.6286
DIAMONDS TWO CLUBS EIGHT,0.664,0.0056,0.3304
DIAMONDS TWO HEARTS KING,0.6674,0.0058,0.3268
CLUBS SEVEN HEARTS ACE,0.2856,0.2858,0.4286
DIAMONDS THREE CLUBS ACE,0.2896,0.5032,0.2072
HEARTS SIX SPADES SIX,0.4018,0.0042,0.594
DIAMONDS THREE SPADES KING,0.6692,0.007,0.3238
SPADES EIGHT SPADES SEVEN,0.5648,0.0046,0.4306
CLUBS NINE SPADES SEVEN,0.601,0.0046,0.3944
CLUBS SIX DIAMONDS QUEEN,0.6248,0.005,0.3702
HEARTS THREE HEARTS TWO,0.6444,0.0078,0.3478
CLUBS NINE DIAMONDS SEVEN,0.591,0.0056,0.4034
HEARTS KING SPADES TWO,0.6722,0.0042,0.3236
CLUBS TEN HEARTS TWO,0.6698,0.0042,0.326
CLUBS SIX HEARTS TWO,0.673,0.0074,0.3196
CLUBS TWO DIAMONDS NINE,0.6586,0.0058,0.3356
HEARTS KING DIAMONDS SEVEN,0.6286,0.0038,0.3676
HEARTS THREE SPADES THREE,0.4996,0.0068,0.4936
HEARTS FOUR SPADES TWO,0.743,0.0254,0.2316
HEARTS FOUR DIAMONDS KING,0.7588,0.0248,0.2164
HEARTS TWO DIAMONDS FIVE,0.6482,0.0058,0.346
HEARTS ACE SPADES TWO,0.3098,0.4832,0.207
SPADES QUEEN CLUBS ACE,0.2974,0.0584,0.6442
SPADES TEN DIAMONDS QUEEN,0.5722,0.0058,0.422
SPADES ACE CLUBS FIVE,0.278,0.4136,0.3084
HEARTS KING HEARTS JACK,0.5622,0.0044,0.4334
CLUBS FOUR DIAMONDS KING,0.7612,0.0234,0.2154
SPADES QUEEN HEARTS THREE,0.6694,0.0042,0.3264
HEARTS EIGHT SPADES JACK,0.6108,0.0056,0.3836
DIAMONDS THREE DIAMONDS KING,0.6604,0.0072,0.3324
HEARTS EIGHT SPADES EIGHT,0.4026,0.0032,0.5942
SPADES NINE HEARTS ACE,0.3014,0.1636,0.535
HEARTS FIVE SPADES FOUR,0.7282,0.0202,0.2516
SPADES QUEEN CLUBS FOUR,0.7644,0.02,0.2156
HEARTS THREE CLUBS QUEEN,0.6764,0.0044,0.3192
SPADES KING CLUBS TEN,0.597,0.0046,0.3984
HEARTS SIX CLUBS TWO,0.67,0.0064,0.3236
HEARTS TWO HEARTS JACK,0.6286,0.0062,0.3652
CLUBS ACE CLUBS QUEEN,0.2746,0.0662,0.6592
HEARTS SIX SPADES TEN,0.6216,0.0044,0.374
CLUBS SEVEN SPADES FOUR,0.7378,0.0178,0.2444
CLUBS TEN CLUBS FOUR,0.6998,0.0266,0.2736
SPADES EIGHT HEARTS QUEEN,0.6186,0.0046,0.3768
HEARTS TEN HEARTS NINE,0.5452,0.0038,0.451
SPADES ACE HEARTS FIVE,0.2598,0.4418,0.2984
SPADES NINE HEARTS QUEEN,0.5948,0.0048,0.4004
CLUBS FIVE DIAMONDS EIGHT,0.6262,0.006,0.3678
CLUBS EIGHT SPADES SEVEN,0.5908,0.0046,0.4046
SPADES TWO CLUBS QUEEN,0.6646,0.0056,0.3298
CLUBS TWO SPADES TWO,0.497,0.0044,0.4986
CLUBS TEN DIAMONDS KING,0.6002,0.0046,0.3952
CLUBS JACK CLUBS FOUR,0.7,0.023,0.277
SPADES TEN HEARTS ACE,0.2894,0.1096,0.601
CLUBS SIX CLUBS THREE,0.6198,0.0046,0.3756
HEARTS FIVE DIAMONDS FIVE,0.391,0.005,0.604
SPADES JACK SPADES FOUR,0.6962,0.0222,0.2816
SPADES KING CLUBS FIVE,0.6528,0.0032,0.344
CLUBS SEVEN CLUBS THREE,0.629,0.0044,0.3666
SPADES SIX SPADES TWO,0.6148,0.0052,0.38
DIAMONDS KING DIAMONDS QUEEN,0.5888,0.0084,0.4028
DIAMONDS THREE SPADES FOUR,0.734,0.0232,0.2428
DIAMONDS TWO SPADES EIGHT,0.662,0.0078,0.3302
HEARTS TWO SPADES TWO,0.5086,0.0066,0.4848
SPADES TEN CLUBS ACE,0.3006,0.119,0.5804
SPADES ACE CLUBS QUEEN,0.3116,0.0638,0.6246
SPADES JACK CLUBS TWO,0.6684,0.0046,0.327
SPADES THREE HEARTS KING,0.6664,0.0064,0.3272
HEARTS FIVE HEARTS THREE,0.608,0.007,0.385
SPADES QUEEN HEARTS KING,0.5976,0.0036,0.3988
HEARTS SEVEN HEARTS TEN,0.5702,0.005,0.4248
DIAMONDS TWO CLUBS NINE,0.665,0.0078,0.3272
SPADES SIX HEARTS QUEEN,0.6268,0.0018,0.3714
CLUBS THREE DIAMONDS EIGHT,0.664,0.0062,0.3298
HEARTS SIX HEARTS KING,0.593,0.005,0.402
HEARTS SIX SPADES NINE,0.608,0.005,0.387
SPADES QUEEN DIAMONDS EIGHT,0.599,0.0046,0.3964
HEARTS TWO CLUBS THREE,0.7002,0.0058,0.294
CLUBS JACK SPADES FIVE,0.6386,0.0036,0.3578
HEARTS TEN DIAMONDS SIX,0.6104,0.0048,0.3848
SPADES TEN HEARTS KING,0.6104,0.004,0.3856
HEARTS SEVEN DIAMONDS FIVE,0.6146,0.0058,0.3796
SPADES THREE CLUBS QUEEN,0.6684,0.0034,0.3282
DIAMONDS SEVEN CLUBS QUEEN,0.6218,0.0058,0.3724
SPADES ACE HEARTS KING,0.2982,0.0402,0.6616
SPADES JACK SPADES SIX,0.5906,0.0036,0.4058
SPADES KING HEARTS SEVEN,0.63,0.0042,0.3658
CLUBS EIGHT SPADES FIVE,0.627,0.0074,0.3656
HEARTS TWO SPADES FOUR,0.7456,0.0248,0.2296
DIAMONDS THREE CLUBS FOUR,0.7358,0.0248,0.2394
HEARTS SEVEN CLUBS QUEEN,0.621,0.0046,0.3744
HEARTS FIVE CLUBS KING,0.6398,0.005,0.3552
DIAMONDS KING HEARTS JACK,0.586,0.0062,0.4078
HEARTS KING DIAMONDS FIVE,0.6346,0.0076,0.3578
CLUBS FOUR HEARTS ACE,0.075,0.9012,0.0238
HEARTS TWO DIAMONDS JACK,0.6706,0.005,0.3244
HEARTS TWO DIAMONDS NINE,0.6628,0.0052,0.332
HEARTS EIGHT SPADES FOUR,0.7492,0.0178,0.233
HEARTS SIX DIAMONDS QUEEN,0.6414,0.006,0.3526
SPADES KING SPADES QUEEN,0.5564,0.0048,0.4388
SPADES QUEEN DIAMONDS FIVE,0.627,0.0052,0.3678
DIAMONDS KING SPADES SIX,0.6224,0.0038,0.3738
SPADES KING DIAMONDS TEN,0.5846,0.0062,0.4092
CLUBS EIGHT HEARTS JACK,0.6012,0.0042,0.3946
DIAMONDS THREE SPADES TEN,0.6604,0.005,0.3346
SPADES EIGHT DIAMONDS SIX,0.5912,0.0048,0.404
DIAMONDS KING SPADES TWO,0.6602,0.0068,0.333
CLUBS NINE DIAMONDS EIGHT,0.5858,0.0034,0.4108
CLUBS FIVE SPADES FOUR,0.7142,0.0244,0.2614
CLUBS SEVEN CLUBS ACE,0.2676,0.266,0.4664
HEARTS SEVEN SPADES SIX,0.5934,0.005,0.4016
CLUBS THREE HEARTS ACE,0.3156,0.4782,0.2062
CLUBS THREE DIAMONDS QUEEN,0.6598,0.0052,0.335
DIAMONDS TWO DIAMONDS SEVEN,0.656,0.0082,0.3358
HEARTS THREE DIAMONDS SIX,0.654,0.0056,0.3404
SPADES ACE DIAMONDS EIGHT,0.2792,0.22,0.5008
SPADES QUEEN CLUBS SEVEN,0.6274,0.003,0.3696
CLUBS EIGHT CLUBS ACE,0.2834,0.2082,0.5084
DIAMONDS NINE CLUBS QUEEN,0.5868,0.006,0.4072
CLUBS SIX SPADES SIX,0.3938,0.0066,0.5996
CLUBS SEVEN SPADES FIVE,0.6164,0.0044,0.3792
SPADES FIVE HEARTS ACE,0.2552,0.438,0.3068
CLUBS JACK CLUBS NINE,0.558,0.0048,0.4372
CLUBS FIVE CLUBS FOUR,0.6814,0.0176,0.301
CLUBS JACK SPADES TEN,0.5752,0.0052,0.4196
CLUBS TEN HEARTS KING,0.6054,0.0032,0.3914
SPADES KING CLUBS FOUR,0.753,0.0256,0.2214
HEARTS JACK DIAMONDS SEVEN,0.6176,0.0046,0.3778
SPADES QUEEN SPADES SEVEN,0.6024,0.0038,0.3938
HEARTS FOUR CLUBS QUEEN,0.7614,0.0226,0.216
SPADES TEN SPADES THREE,0.6186,0.0046,0.3768
SPADES TEN HEARTS JACK,0.5858,0.0028,0.4114
DIAMONDS TWO CLUBS TWO,0.489,0.0088,0.5022
DIAMONDS QUEEN DIAMONDS JACK,0.581,0.008,0.411
CLUBS TEN SPADES QUEEN,0.5936,0.0036,0.4028
CLUBS TEN SPADES NINE,0.5778,0.0036,0.4186
HEARTS THREE DIAMONDS QUEEN,0.6642,0.005,0.3308
DIAMONDS TWO CLUBS QUEEN,0.6642,0.0064,0.3294
HEARTS FOUR DIAMONDS FIVE,0.709,0.0196,0.2714
SPADES ACE SPADES FIVE,0.2462,0.4046,0.3492
CLUBS NINE CLUBS FOUR,0.7114,0.0188,0.2698
SPADES FIVE HEARTS TEN,0.6392,0.0062,0.3546
CLUBS TEN HEARTS SEVEN,0.606,0.0028,0.3912
DIAMONDS QUEEN SPADES FOUR,0.759,0.0208,0.2202
SPADES TEN SPADES NINE,0.5412,0.0046,0.4542
SPADES ACE DIAMONDS KING,0.2902,0.053,0.6568
SPADES FIVE SPADES TWO,0.6156,0.0072,0.3772
SPADES SIX CLUBS THREE,0.662,0.0036,0.3344
HEARTS SEVEN HEARTS ACE,0.2718,0.2624,0.4658
DIAMONDS EIGHT CLUBS ACE,0.2718,0.2288,0.4994
CLUBS THREE HEARTS KING,0.669,0.0054,0.3256
DIAMONDS KING DIAMONDS FIVE,0.6314,0.0064,0.3622
SPADES QUEEN SPADES NINE,0.5676,0.0054,0.427
CLUBS SEVEN SPADES EIGHT,0.5928,0.0036,0.4036
SPADES KING SPADES FIVE,0.607,0.0058,0.3872
CLUBS JACK DIAMONDS SIX,0.625,0.0046,0.3704
HEARTS SEVEN HEARTS KING,0.597,0.0056,0.3974
CLUBS TWO SPADES THREE,0.691,0.0056,0.3034
CLUBS JACK DIAMONDS TEN,0.574,0.005,0.421
SPADES KING HEARTS FOUR,0.7664,0.0248,0.2088
SPADES ACE HEARTS FOUR,0.0692,0.9104,0.0204
CLUBS FIVE SPADES SEVEN,0.6132,0.0034,0.3834
CLUBS NINE CLUBS SEVEN,0.5596,0.0046,0.4358
SPADES QUEEN HEARTS TWO,0.6762,0.004,0.3198
CLUBS FOUR CLUBS TWO,0.708,0.0194,0.2726
SPADES QUEEN HEARTS TEN,0.584,0.0046,0.4114
SPADES SEVEN DIAMONDS FIVE,0.6124,0.0064,0.3812
CLUBS TEN HEARTS FOUR,0.7444,0.025,0.2306
CLUBS EIGHT CLUBS FIVE,0.5826,0.005,0.4124
HEARTS QUEEN CLUBS QUEEN,0.3346,0.005,0.6604
SPADES FOUR CLUBS KING,0.7644,0.0242,0.2114
DIAMONDS TWO CLUBS FOUR,0.7494,0.026,0.2246
SPADES FIVE HEARTS JACK,0.6478,0.005,0.3472
CLUBS THREE CLUBS QUEEN,0.616,0.0058,0.3782
HEARTS EIGHT HEARTS KING,0.5824,0.0044,0.4132
HEARTS TWO DIAMONDS SEVEN,0.6604,0.007,0.3326
SPADES SEVEN HEARTS JACK,0.6238,0.0028,0.3734
DIAMONDS KING DIAMONDS SIX,0.6206,0.0048,0.3746
CLUBS JACK HEARTS ACE,0.3058,0.0846,0.6096
CLUBS EIGHT SPADES NINE,0.5862,0.0038,0.41
CLUBS TEN SPADES FOUR,0.7494,0.022,0.2286
SPADES FOUR DIAMONDS TEN,0.7524,0.0258,0.2218
DIAMONDS SEVEN HEARTS TEN,0.6036,0.0046,0.3918
HEARTS SEVEN CLUBS EIGHT,0.58,0.0038,0.4162
HEARTS FOUR DIAMONDS TEN,0.7518,0.0242,0.224
HEARTS ACE DIAMONDS SEVEN,0.2738,0.2854,0.4408
CLUBS THREE SPADES THREE,0.4812,0.0066,0.5122
DIAMONDS NINE HEARTS TEN,0.5714,0.0028,0.4258
CLUBS FIVE CLUBS KING,0.595,0.0056,0.3994
HEARTS SIX CLUBS SEVEN,0.5988,0.004,0.3972
HEARTS SEVEN SPADES TWO,0.6706,0.0052,0.3242
CLUBS FIVE DIAMONDS QUEEN,0.6326,0.0048,0.3626
DIAMONDS QUEEN DIAMONDS NINE,0.5936,0.0072,0.3992
CLUBS NINE CLUBS EIGHT,0.5436,0.0042,0.4522
DIAMONDS EIGHT DIAMONDS SIX,0.5934,0.0058,0.4008
SPADES ACE SPADES EIGHT,0.2772,0.2086,0.5142
CLUBS FOUR CLUBS THREE,0.6932,0.0214,0.2854
SPADES ACE HEARTS QUEEN,0.3002,0.062,0.6378
DIAMONDS TEN SPADES TWO,0.6672,0.0056,0.3272
CLUBS THREE DIAMONDS SIX,0.6626,0.0042,0.3332
SPADES ACE SPADES JACK,0.282,0.083,0.635
SPADES ACE DIAMONDS FIVE,0.2642,0.4398,0.296
DIAMONDS TWO CLUBS SIX,0.6746,0.0046,0.3208
HEARTS FIVE HEARTS TEN,0.6032,0.005,0.3918
SPADES SIX DIAMONDS NINE,0.6054,0.0046,0.39
SPADES FIVE CLUBS ACE,0.2702,0.429,0.3008
SPADES JACK CLUBS QUEEN,0.587,0.0044,0.4086
CLUBS NINE DIAMONDS JACK,0.5826,0.004,0.4134
DIAMONDS SIX HEARTS NINE,0.6072,0.0054,0.3874
HEARTS EIGHT DIAMONDS KING,0.6166,0.0058,0.3776
HEARTS SEVEN DIAMONDS TWO,0.6706,0.0064,0.323
DIAMONDS JACK HEARTS KING,0.595,0.004,0.401
DIAMONDS THREE HEARTS NINE,0.653,0.006,0.341
CLUBS JACK CLUBS ACE,0.2806,0.084,0.6354
SPADES ACE HEARTS SEVEN,0.2856,0.2812,0.4332
DIAMONDS TWO SPADES JACK,0.6628,0.003,0.3342
DIAMONDS JACK HEARTS ACE,0.2946,0.0804,0.625
SPADES QUEEN SPADES TWO,0.6406,0.0062,0.3532
CLUBS NINE CLUBS QUEEN,0.5632,0.006,0.4308
HEARTS ACE DIAMONDS NINE,0.279,0.1698,0.5512
HEARTS FOUR CLUBS FIVE,0.7244,0.0224,0.2532
SPADES ACE CLUBS KING,0.3072,0.0464,0.6464
SPADES ACE DIAMONDS SIX,0.2706,0.3558,0.3736
DIAMONDS TWO HEARTS FIVE,0.646,0.0088,0.3452
SPADES TEN HEARTS TWO,0.6676,0.0044,0.328
SPADES KING DIAMONDS TWO,0.6626,0.0054,0.332
CLUBS SIX HEARTS TEN,0.6166,0.0034,0.38
SPADES JACK HEARTS FIVE,0.6292,0.005,0.3658
CLUBS TEN SPADES SEVEN,0.6084,0.0038,0.3878
DIAMONDS SIX CLUBS QUEEN,0.6262,0.0076,0.3662
CLUBS THREE CLUBS TWO,0.6516,0.0048,0.3436
HEARTS THREE SPADES EIGHT,0.6684,0.0038,0.3278
HEARTS EIGHT HEARTS JACK,0.5586,0.0054,0.436
SPADES THREE DIAMONDS SIX,0.65,0.0062,0.3438
CLUBS FOUR SPADES TWO,0.7416,0.0258,0.2326
SPADES SEVEN DIAMONDS EIGHT,0.5794,0.006,0.4146
CLUBS JACK HEARTS SIX,0.6304,0.004,0.3656
HEARTS TEN CLUBS QUEEN,0.5866,0.0048,0.4086
HEARTS FIVE DIAMONDS JACK,0.6408,0.0056,0.3536
SPADES TEN CLUBS FOUR,0.7562,0.0236,0.2202
CLUBS FIVE DIAMONDS KING,0.6304,0.0052,0.3644
SPADES KING CLUBS SIX,0.6396,0.005,0.3554
SPADES KING DIAMONDS KING,0.3232,0.0046,0.6722
CLUBS SIX SPADES THREE,0.6574,0.004,0.3386
SPADES ACE HEARTS JACK,0.2964,0.08,0.6236
HEARTS SIX SPADES JACK,0.6256,0.005,0.3694
CLUBS TEN HEARTS JACK,0.576,0.0028,0.4212
SPADES FOUR DIAMONDS FIVE,0.7154,0.0206,0.264
SPADES FIVE DIAMONDS SIX,0.6002,0.0052,0.3946
DIAMONDS TWO SPADES NINE,0.6496,0.0088,0.3416
CLUBS FIVE CLUBS QUEEN,0.5892,0.0058,0.405
SPADES NINE HEARTS JACK,0.6008,0.006,0.3932
CLUBS TEN DIAMONDS SEVEN,0.61,0.0048,0.3852
SPADES KING SPADES SIX,0.5964,0.0054,0.3982
SPADES KING HEARTS NINE,0.6242,0.0044,0.3714
HEARTS SEVEN CLUBS SEVEN,0.3966,0.0034,0.6
HEARTS KING DIAMONDS EIGHT,0.6236,0.0054,0.371
CLUBS TEN HEARTS ACE,0.2924,0.1146,0.593
CLUBS SIX HEARTS ACE,0.293,0.3436,0.3634
HEARTS SIX HEARTS FIVE,0.5796,0.0066,0.4138
SPADES TEN CLUBS KING,0.599,0.0044,0.3966
SPADES SEVEN DIAMONDS QUEEN,0.6306,0.0054,0.364
SPADES THREE SPADES TWO,0.6398,0.0056,0.3546
CLUBS THREE DIAMONDS JACK,0.6674,0.005,0.3276
CLUBS JACK HEARTS TEN,0.5844,0.0048,0.4108
HEARTS FOUR SPADES THREE,0.7328,0.0228,0.2444
CLUBS SEVEN DIAMONDS EIGHT,0.5936,0.0058,0.4006
SPADES TEN SPADES SEVEN,0.5696,0.0046,0.4258
SPADES JACK HEARTS TWO,0.6588,0.0056,0.3356
SPADES ACE HEARTS TEN,0.2994,0.1114,0.5892
HEARTS ACE DIAMONDS EIGHT,0.2676,0.218,0.5144
SPADES FOUR CLUBS QUEEN,0.7506,0.0232,0.2262
HEARTS FOUR HEARTS QUEEN,0.72,0.0188,0.2612
CLUBS TWO HEARTS QUEEN,0.6734,0.0052,0.3214
DIAMONDS SEVEN HEARTS NINE,0.6114,0.006,0.3826
HEARTS JACK HEARTS TEN,0.5486,0.0036,0.4478
SPADES SEVEN SPADES TWO,0.6336,0.0054,0.361
CLUBS JACK SPADES THREE,0.6678,0.005,0.3272
DIAMONDS QUEEN CLUBS KING,0.6002,0.005,0.3948
DIAMONDS JACK DIAMONDS EIGHT,0.5918,0.0084,0.3998
SPADES FOUR DIAMONDS SIX,0.7402,0.0204,0.2394
SPADES ACE SPADES NINE,0.2808,0.1568,0.5624
CLUBS NINE HEARTS TEN,0.584,0.0024,0.4136
CLUBS KING HEARTS TEN,0.6064,0.0022,0.3914
SPADES TEN CLUBS QUEEN,0.6058,0.0054,0.3888
HEARTS SEVEN HEARTS TWO,0.6416,0.0046,0.3538
HEARTS EIGHT DIAMONDS QUEEN,0.6038,0.0058,0.3904
SPADES EIGHT DIAMONDS TEN,0.5908,0.0062,0.403
HEARTS KING DIAMONDS SIX,0.6334,0.0044,0.3622
SPADES JACK CLUBS SEVEN,0.6208,0.0038,0.3754
DIAMONDS QUEEN DIAMONDS EIGHT,0.5956,0.0068,0.3976
CLUBS TEN DIAMONDS JACK,0.5694,0.0056,0.425
HEARTS SEVEN CLUBS KING,0.6364,0.0044,0.3592
SPADES QUEEN SPADES FOUR,0.7132,0.027,0.2598
HEARTS EIGHT DIAMONDS TWO,0.6686,0.004,0.3274
SPADES QUEEN DIAMONDS SIX,0.6242,0.005,0.3708
HEARTS EIGHT DIAMONDS THREE,0.6618,0.0048,0.3334
SPADES NINE DIAMONDS TEN,0.5662,0.005,0.4288
HEARTS FOUR HEARTS TEN,0.7154,0.0228,0.2618
DIAMONDS KING DIAMONDS TEN,0.5808,0.0072,0.412
HEARTS SIX DIAMONDS SEVEN,0.5914,0.0034,0.4052
CLUBS TWO HEARTS JACK,0.665,0.0054,0.3296
HEARTS SEVEN DIAMONDS KING,0.6208,0.005,0.3742
SPADES KING DIAMONDS QUEEN,0.5888,0.0064,0.4048
SPADES JACK HEARTS TEN,0.5606,0.0042,0.4352
HEARTS EIGHT HEARTS ACE,0.2798,0.2052,0.515
HEARTS FIVE CLUBS THREE,0.6464,0.005,0.3486
CLUBS TWO HEARTS TEN,0.6704,0.0064,0.3232
DIAMONDS TWO CLUBS FIVE,0.6512,0.0062,0.3426
CLUBS SEVEN HEARTS NINE,0.5942,0.0034,0.4024
DIAMONDS JACK HEARTS JACK,0.3468,0.0048,0.6484
CLUBS FOUR DIAMONDS SEVEN,0.73,0.0184,0.2516
SPADES FIVE SPADES FOUR,0.6846,0.0216,0.2938
SPADES FIVE HEARTS KING,0.6544,0.004,0.3416
SPADES THREE CLUBS KING,0.6742,0.0054,0.3204
CLUBS JACK SPADES FOUR,0.7452,0.0248,0.23
SPADES EIGHT HEARTS NINE,0.5898,0.0052,0.405
CLUBS FIVE HEARTS TWO,0.6554,0.005,0.3396
CLUBS FOUR DIAMONDS EIGHT,0.7428,0.0204,0.2368
HEARTS FIVE SPADES SEVEN,0.6156,0.0044,0.38
SPADES FIVE CLUBS TWO,0.6664,0.0062,0.3274
CLUBS TEN SPADES EIGHT,0.5924,0.0038,0.4038
DIAMONDS TEN CLUBS KING,0.594,0.0036,0.4024
CLUBS EIGHT SPADES THREE,0.6612,0.0042,0.3346
CLUBS TWO DIAMONDS TEN,0.6666,0.0066,0.3268
DIAMONDS QUEEN CLUBS ACE,0.2966,0.0636,0.6398
CLUBS EIGHT SPADES FOUR,0.745,0.0186,0.2364
HEARTS FIVE SPADES FIVE,0.3956,0.006,0.5984
SPADES QUEEN DIAMONDS NINE,0.5838,0.007,0.4092
HEARTS SEVEN SPADES QUEEN,0.6248,0.005,0.3702
DIAMONDS KING HEARTS NINE,0.6034,0.0034,0.3932
SPADES JACK DIAMONDS SEVEN,0.6076,0.0064,0.386
SPADES KING SPADES TEN,0.5686,0.0048,0.4266
HEARTS SIX CLUBS SIX,0.4038,0.0052,0.591
SPADES EIGHT HEARTS JACK,0.6002,0.0046,0.3952
HEARTS THREE DIAMONDS NINE,0.6532,0.005,0.3418
HEARTS EIGHT SPADES NINE,0.594,0.0036,0.4024
SPADES SIX CLUBS TWO,0.6836,0.0048,0.3116
HEARTS NINE DIAMONDS FIVE,0.6254,0.0056,0.369
DIAMONDS THREE DIAMONDS JACK,0.6604,0.0082,0.3314
CLUBS EIGHT CLUBS FOUR,0.7022,0.0178,0.28
HEARTS THREE SPADES FOUR,0.7406,0.0216,0.2378
HEARTS ACE CLUBS KING,0.3108,0.0458,0.6434
DIAMONDS NINE HEARTS QUEEN,0.5864,0.0054,0.4082
HEARTS EIGHT CLUBS TWO,0.6632,0.006,0.3308
CLUBS SEVEN SPADES TWO,0.6722,0.005,0.3228
DIAMONDS THREE CLUBS THREE,0.485,0.0038,0.5112
CLUBS TEN SPADES TEN,0.3568,0.0032,0.64
HEARTS EIGHT SPADES THREE,0.6592,0.0046,0.3362
HEARTS SIX CLUBS FIVE,0.6082,0.0032,0.3886
CLUBS SIX CLUBS FOUR,0.6996,0.0178,0.2826
CLUBS TEN SPADES FIVE,0.6268,0.0034,0.3698
CLUBS THREE CLUBS KING,0.619,0.0056,0.3754
DIAMONDS THREE CLUBS EIGHT,0.6626,0.0042,0.3332
HEARTS FOUR DIAMONDS SEVEN,0.723,0.0166,0.2604
SPADES JACK CLUBS FIVE,0.6352,0.0042,0.3606
DIAMONDS KING HEARTS QUEEN,0.602,0.0046,0.3934
SPADES JACK CLUBS FOUR,0.759,0.026,0.215
HEARTS FOUR DIAMONDS SIX,0.731,0.018,0.251
SPADES FOUR SPADES THREE,0.7002,0.0232,0.2766
CLUBS EIGHT CLUBS QUEEN,0.582,0.004,0.414
HEARTS FIVE CLUBS TWO,0.6472,0.0042,0.3486
HEARTS SEVEN SPADES NINE,0.5998,0.0038,0.3964
HEARTS EIGHT CLUBS FOUR,0.7522,0.0174,0.2304
SPADES NINE DIAMONDS SIX,0.6262,0.0046,0.3692
DIAMONDS TWO CLUBS KING,0.6598,0.0064,0.3338
SPADES KING CLUBS NINE,0.6262,0.0048,0.369
HEARTS ACE SPADES THREE,0.3058,0.4864,0.2078
SPADES NINE CLUBS TWO,0.6752,0.0052,0.3196
SPADES KING SPADES TWO,0.6256,0.0062,0.3682
SPADES SEVEN HEARTS QUEEN,0.6344,0.003,0.3626
SPADES EIGHT DIAMONDS JACK,0.6006,0.0068,0.3926
CLUBS SEVEN HEARTS TEN,0.6152,0.0034,0.3814
HEARTS SEVEN HEARTS JACK,0.5718,0.0034,0.4248
DIAMONDS TWO HEARTS THREE,0.6902,0.006,0.3038
DIAMONDS TWO SPADES SIX,0.6696,0.0048,0.3256
SPADES FOUR HEARTS TEN,0.7514,0.0236,0.225
CLUBS ACE CLUBS KING,0.2914,0.0438,0.6648
CLUBS EIGHT HEARTS TEN,0.5896,0.0036,0.4068
SPADES THREE DIAMONDS EIGHT,0.6666,0.006,0.3274
HEARTS FOUR DIAMONDS JACK,0.7396,0.0218,0.2386
SPADES FOUR HEARTS ACE,0.0624,0.916,0.0216
HEARTS SEVEN CLUBS FIVE,0.6194,0.0042,0.3764
SPADES FIVE DIAMONDS JACK,0.6312,0.0042,0.3646
SPADES EIGHT SPADES FIVE,0.5912,0.0062,0.4026
HEARTS FIVE SPADES TEN,0.6368,0.0054,0.3578
HEARTS SIX HEARTS QUEEN,0.5972,0.0032,0.3996
CLUBS SEVEN CLUBS TWO,0.6306,0.0064,0.363
SPADES SEVEN SPADES FIVE,0.5772,0.0036,0.4192
CLUBS FIVE HEARTS JACK,0.6226,0.0036,0.3738
DIAMONDS SEVEN DIAMONDS SIX,0.5746,0.0048,0.4206
SPADES SEVEN CLUBS KING,0.6152,0.005,0.3798
SPADES JACK DIAMONDS FIVE,0.6364,0.0074,0.3562
DIAMONDS KING HEARTS KING,0.3222,0.0062,0.6716
SPADES SIX HEARTS TEN,0.6218,0.0028,0.3754
CLUBS TEN SPADES TWO,0.6706,0.0048,0.3246
SPADES SEVEN CLUBS TWO,0.6768,0.0056,0.3176
HEARTS FOUR SPADES SIX,0.7498,0.0148,0.2354
CLUBS NINE HEARTS QUEEN,0.6016,0.0054,0.393
CLUBS EIGHT SPADES EIGHT,0.3968,0.004,0.5992
SPADES EIGHT HEARTS KING,0.6132,0.0048,0.382
HEARTS SEVEN DIAMONDS SIX,0.5914,0.004,0.4046
SPADES SIX DIAMONDS TEN,0.6018,0.0048,0.3934
HEARTS FIVE DIAMONDS KING,0.634,0.0056,0.3604
CLUBS NINE CLUBS TWO,0.6268,0.0052,0.368
DIAMONDS THREE SPADES SEVEN,0.6558,0.0062,0.338
SPADES TWO CLUBS ACE,0.3194,0.4828,0.1978
DIAMONDS KING CLUBS THREE,0.6724,0.005,0.3226
CLUBS SEVEN SPADES SIX,0.6082,0.0056,0.3862
DIAMONDS TWO SPADES THREE,0.6852,0.0064,0.3084
HEARTS THREE CLUBS TWO,0.6828,0.0048,0.3124
DIAMONDS QUEEN HEARTS NINE,0.5936,0.0048,0.4016
SPADES KING CLUBS KING,0.3328,0.0024,0.6648
DIAMONDS KING CLUBS TWO,0.6682,0.0048,0.327
CLUBS SIX CLUBS ACE,0.2862,0.3352,0.3786
CLUBS FIVE HEARTS QUEEN,0.6258,0.0066,0.3676
HEARTS FOUR CLUBS SIX,0.7314,0.0164,0.2522
HEARTS SIX CLUBS QUEEN,0.6296,0.0044,0.366
SPADES TEN HEARTS FOUR,0.75,0.025,0.225
SPADES SIX SPADES FOUR,0.692,0.0196,0.2884
SPADES TWO DIAMONDS EIGHT,0.6662,0.0056,0.3282
CLUBS NINE DIAMONDS FIVE,0.6294,0.0058,0.3648
CLUBS JACK CLUBS SEVEN,0.5726,0.0032,0.4242
HEARTS THREE SPADES SIX,0.6612,0.0042,0.3346
HEARTS EIGHT HEARTS FOUR,0.698,0.016,0.286
HEARTS SEVEN SPADES THREE,0.6656,0.0058,0.3286
SPADES ACE SPADES SIX,0.2752,0.3456,0.3792
DIAMONDS TEN HEARTS JACK,0.5688,0.0066,0.4246
SPADES NINE SPADES FOUR,0.7268,0.017,0.2562
CLUBS FIVE HEARTS ACE,0.2684,0.4356,0.296
CLUBS EIGHT SPADES SIX,0.608,0.005,0.387
SPADES ACE DIAMONDS TWO,0.296,0.4852,0.2188
HEARTS EIGHT DIAMONDS TEN,0.5956,0.0052,0.3992
DIAMONDS TWO HEARTS QUEEN,0.6638,0.0056,0.3306
