opposingHand,winningChance,drawChance,lostChance
DIAMONDS TEN DIAMONDS SIX
HEARTS SIX CLUBS ACE,0.3004,0.024,0.6756
CLUBS ACE CLUBS KING,0.358,0.0048,0.6372
SPADES TEN HEARTS FOUR,0.4344,0.359,0.2066
HEARTS EIGHT SPADES KING,0.4048,0.0048,0.5904
DIAMONDS THREE SPADES SEVEN,0.6408,0.025,0.3342
SPADES THREE CLUBS ACE,0.449,0.0054,0.5456
HEARTS THREE DIAMONDS NINE,0.638,0.0244,0.3376
SPADES QUEEN CLUBS ACE,0.3754,0.0032,0.6214
SPADES NINE DIAMONDS EIGHT,0.5626,0.0244,0.413
CLUBS FOUR CLUBS ACE,0.419,0.0042,0.5768
SPADES ACE HEARTS NINE,0.4214,0.0036,0.575
CLUBS FIVE DIAMONDS KING,0.433,0.0086,0.5584
SPADES KING HEARTS SEVEN,0.4044,0.0056,0.59
SPADES TEN HEARTS JACK,0.2758,0.045,0.6792
SPADES EIGHT DIAMONDS EIGHT,0.3146,0.05,0.6354
CLUBS FIVE HEARTS QUEEN,0.443,0.0114,0.5456
HEARTS THREE SPADES SEVEN,0.6348,0.0266,0.3386
HEARTS SEVEN DIAMONDS EIGHT,0.576,0.0274,0.3966
CLUBS JACK SPADES FIVE,0.4408,0.017,0.5422
SPADES KING DIAMONDS EIGHT,0.4086,0.0072,0.5842
SPADES ACE CLUBS FIVE,0.426,0.0044,0.5696
CLUBS TEN SPADES TWO,0.4282,0.3648,0.207
SPADES QUEEN HEARTS SIX,0.3048,0.0462,0.649
HEARTS TWO SPADES SEVEN,0.649,0.029,0.322
DIAMONDS JACK CLUBS QUEEN,0.3562,0.01,0.6338
CLUBS NINE SPADES SIX,0.6926,0.0706,0.2368
HEARTS FOUR HEARTS THREE,0.5988,0.0274,0.3738
HEARTS EIGHT DIAMONDS FOUR,0.6348,0.0232,0.342
HEARTS EIGHT HEARTS TEN,0.2596,0.197,0.5434
SPADES THREE HEARTS JACK,0.4368,0.0206,0.5426
HEARTS ACE DIAMONDS FOUR,0.4146,0.0046,0.5808
SPADES SIX DIAMONDS FIVE,0.6652,0.083,0.2518
SPADES FOUR HEARTS ACE,0.4272,0.0036,0.5692
SPADES QUEEN SPADES TEN,0.2722,0.0458,0.682
DIAMONDS TWO DIAMONDS JACK,0.3948,0.0148,0.5904
SPADES QUEEN DIAMONDS SEVEN,0.4084,0.0114,0.5802
CLUBS EIGHT DIAMONDS ACE,0.391,0.005,0.604
SPADES EIGHT HEARTS KING,0.408,0.008,0.584
SPADES KING SPADES SIX,0.2866,0.0314,0.682
SPADES TWO DIAMONDS FOUR,0.6462,0.0248,0.329
DIAMONDS THREE SPADES FIVE,0.6234,0.0268,0.3498
DIAMONDS ACE HEARTS NINE,0.3792,0.0048,0.616
SPADES TEN SPADES FOUR,0.4078,0.3424,0.2498
DIAMONDS ACE CLUBS KING,0.3656,0.004,0.6304
DIAMONDS THREE CLUBS NINE,0.647,0.0258,0.3272
HEARTS ACE DIAMONDS FIVE,0.4346,0.0038,0.5616
DIAMONDS THREE CLUBS EIGHT,0.6414,0.0258,0.3328
CLUBS TWO CLUBS ACE,0.418,0.0042,0.5778
CLUBS SEVEN DIAMONDS JACK,0.379,0.0156,0.6054
CLUBS THREE SPADES FIVE,0.6336,0.028,0.3384
HEARTS TWO SPADES TWO,0.46,0.0542,0.4858
SPADES TEN HEARTS NINE,0.274,0.1592,0.5668
SPADES SEVEN DIAMONDS FIVE,0.5924,0.0248,0.3828
DIAMONDS NINE CLUBS ACE,0.4156,0.005,0.5794
SPADES JACK DIAMONDS NINE,0.3658,0.0178,0.6164
HEARTS SEVEN CLUBS KING,0.4096,0.0064,0.584
HEARTS FIVE HEARTS FOUR,0.572,0.0268,0.4012
HEARTS SEVEN CLUBS NINE,0.5996,0.0258,0.3746
HEARTS SEVEN SPADES NINE,0.5878,0.0248,0.3874
SPADES SEVEN DIAMONDS NINE,0.5736,0.0248,0.4016
CLUBS TEN CLUBS NINE,0.2476,0.1564,0.596
CLUBS SEVEN SPADES SIX,0.6512,0.0762,0.2726
HEARTS THREE DIAMONDS SEVEN,0.6308,0.0254,0.3438
HEARTS TWO CLUBS KING,0.4396,0.0086,0.5518
SPADES EIGHT DIAMONDS JACK,0.3858,0.0132,0.601
CLUBS JACK HEARTS FIVE,0.437,0.013,0.55
HEARTS ACE HEARTS JACK,0.351,0.0036,0.6454
CLUBS TEN CLUBS FOUR,0.42,0.3288,0.2512
HEARTS FIVE HEARTS NINE,0.5912,0.0278,0.381
SPADES SEVEN HEARTS ACE,0.415,0.0038,0.5812
DIAMONDS TWO DIAMONDS SEVEN,0.6428,0.0234,0.3338
HEARTS SIX HEARTS QUEEN,0.265,0.0444,0.6906
HEARTS SIX HEARTS TEN,0.067,0.8644,0.0686
HEARTS EIGHT DIAMONDS EIGHT,0.3248,0.0448,0.6304
SPADES NINE DIAMONDS SEVEN,0.5784,0.03,0.3916
SPADES KING SPADES TEN,0.2614,0.031,0.7076
SPADES TEN CLUBS THREE,0.4356,0.3484,0.216
CLUBS ACE HEARTS TEN,0.2832,0.0224,0.6944
CLUBS ACE DIAMONDS SEVEN,0.4036,0.005,0.5914
HEARTS ACE HEARTS NINE,0.3786,0.003,0.6184
CLUBS ACE HEARTS NINE,0.4122,0.0036,0.5842
HEARTS TWO DIAMONDS FIVE,0.64,0.031,0.329
CLUBS FIVE DIAMONDS QUEEN,0.432,0.01,0.558
CLUBS THREE CLUBS KING,0.4174,0.0064,0.5762
DIAMONDS KING HEARTS KING,0.1768,0.0106,0.8126
SPADES SEVEN SPADES FIVE,0.5788,0.0264,0.3948
DIAMONDS EIGHT DIAMONDS FOUR,0.6268,0.0274,0.3458
SPADES EIGHT SPADES THREE,0.6154,0.0252,0.3594
SPADES JACK DIAMONDS KING,0.357,0.007,0.636
DIAMONDS TWO SPADES FIVE,0.6326,0.0292,0.3382
CLUBS THREE CLUBS QUEEN,0.4214,0.0118,0.5668
CLUBS JACK DIAMONDS NINE,0.375,0.0168,0.6082
CLUBS THREE DIAMONDS NINE,0.6454,0.0308,0.3238
DIAMONDS SEVEN HEARTS NINE,0.587,0.0276,0.3854
CLUBS EIGHT SPADES SIX,0.6692,0.0738,0.257
CLUBS TWO DIAMONDS NINE,0.6468,0.0264,0.3268
DIAMONDS THREE DIAMONDS JACK,0.3822,0.0178,0.6
SPADES KING DIAMONDS JACK,0.347,0.0072,0.6458
DIAMONDS THREE SPADES TWO,0.6504,0.0306,0.319
HEARTS SEVEN DIAMONDS JACK,0.383,0.0146,0.6024
HEARTS EIGHT HEARTS SEVEN,0.5548,0.0218,0.4234
HEARTS SIX DIAMONDS FIVE,0.6592,0.0786,0.2622
DIAMONDS QUEEN DIAMONDS NINE,0.3408,0.0124,0.6468
HEARTS FOUR DIAMONDS NINE,0.6486,0.031,0.3204
HEARTS TWO SPADES FOUR,0.6476,0.0306,0.3218
HEARTS EIGHT SPADES SEVEN,0.592,0.0278,0.3802
HEARTS SEVEN SPADES TWO,0.6572,0.0302,0.3126
HEARTS SEVEN DIAMONDS FOUR,0.6228,0.0248,0.3524
CLUBS NINE CLUBS SEVEN,0.5582,0.0232,0.4186
HEARTS THREE CLUBS QUEEN,0.4612,0.0108,0.528
SPADES ACE SPADES EIGHT,0.3868,0.0056,0.6076
HEARTS THREE SPADES THREE,0.45,0.059,0.491
CLUBS TEN HEARTS ACE,0.2922,0.0224,0.6854
DIAMONDS THREE HEARTS KING,0.436,0.0086,0.5554
HEARTS EIGHT HEARTS SIX,0.6316,0.0704,0.298
HEARTS KING CLUBS QUEEN,0.376,0.0056,0.6184
SPADES KING DIAMONDS KING,0.1782,0.0124,0.8094
SPADES ACE DIAMONDS QUEEN,0.3728,0.0062,0.621
HEARTS FIVE CLUBS QUEEN,0.4498,0.0106,0.5396
DIAMONDS THREE HEARTS NINE,0.6466,0.0244,0.329
CLUBS SIX DIAMONDS EIGHT,0.6672,0.0764,0.2564
SPADES SEVEN HEARTS JACK,0.3952,0.0142,0.5906
CLUBS SIX HEARTS TEN,0.074,0.905,0.021
SPADES TWO DIAMONDS FIVE,0.6518,0.0282,0.32
HEARTS TEN HEARTS NINE,0.259,0.1528,0.5882
CLUBS SEVEN SPADES TWO,0.654,0.0284,0.3176
SPADES JACK SPADES SIX,0.283,0.056,0.661
DIAMONDS TWO CLUBS EIGHT,0.6306,0.027,0.3424
CLUBS SIX SPADES EIGHT,0.6792,0.0726,0.2482
DIAMONDS KING HEARTS TEN,0.2628,0.0348,0.7024
CLUBS SEVEN DIAMONDS ACE,0.3754,0.0032,0.6214
HEARTS FOUR CLUBS QUEEN,0.4412,0.0102,0.5486
DIAMONDS NINE HEARTS TEN,0.2664,0.1612,0.5724
CLUBS SIX SPADES SIX,0.3374,0.0472,0.6154
CLUBS FIVE DIAMONDS JACK,0.4206,0.0172,0.5622
CLUBS FIVE SPADES FOUR,0.6372,0.0282,0.3346
DIAMONDS THREE SPADES NINE,0.6388,0.0256,0.3356
SPADES FIVE HEARTS NINE,0.6324,0.025,0.3426
SPADES TWO CLUBS KING,0.4496,0.0076,0.5428
DIAMONDS JACK DIAMONDS FIVE,0.3822,0.019,0.5988
SPADES TEN DIAMONDS JACK,0.2524,0.053,0.6946
HEARTS TWO DIAMONDS QUEEN,0.4396,0.0112,0.5492
CLUBS JACK SPADES FOUR,0.4384,0.0152,0.5464
SPADES TEN DIAMONDS EIGHT,0.2674,0.219,0.5136
CLUBS SEVEN CLUBS KING,0.3808,0.006,0.6132
HEARTS SEVEN DIAMONDS ACE,0.3824,0.004,0.6136
HEARTS THREE DIAMONDS KING,0.4278,0.0088,0.5634
HEARTS JACK HEARTS NINE,0.3628,0.0138,0.6234
DIAMONDS NINE CLUBS KING,0.3922,0.006,0.6018
DIAMONDS ACE DIAMONDS JACK,0.31,0.0058,0.6842
HEARTS JACK DIAMONDS SEVEN,0.3926,0.0192,0.5882
SPADES TEN SPADES FIVE,0.4048,0.343,0.2522
HEARTS EIGHT DIAMONDS KING,0.3898,0.0066,0.6036
HEARTS SEVEN DIAMONDS SEVEN,0.323,0.049,0.628
SPADES TWO HEARTS JACK,0.4642,0.0178,0.518
CLUBS EIGHT DIAMONDS JACK,0.3728,0.0184,0.6088
CLUBS FOUR HEARTS NINE,0.6456,0.0224,0.332
SPADES JACK SPADES THREE,0.4218,0.0136,0.5646
CLUBS THREE SPADES FOUR,0.6338,0.0286,0.3376
SPADES QUEEN SPADES FIVE,0.4126,0.0104,0.577
SPADES FIVE HEARTS KING,0.444,0.0072,0.5488
SPADES THREE CLUBS QUEEN,0.4268,0.0102,0.563
HEARTS FIVE CLUBS ACE,0.4408,0.0036,0.5556
CLUBS JACK HEARTS EIGHT,0.3904,0.0158,0.5938
HEARTS NINE DIAMONDS FOUR,0.6564,0.025,0.3186
CLUBS NINE DIAMONDS JACK,0.3616,0.0132,0.6252
HEARTS SEVEN SPADES SIX,0.66,0.069,0.271
SPADES SEVEN DIAMONDS KING,0.4044,0.0078,0.5878
HEARTS SIX CLUBS KING,0.2928,0.0306,0.6766
HEARTS THREE DIAMONDS QUEEN,0.4496,0.0118,0.5386
SPADES JACK CLUBS FOUR,0.4532,0.018,0.5288
DIAMONDS THREE CLUBS SEVEN,0.6344,0.0266,0.339
CLUBS NINE CLUBS TWO,0.6078,0.0276,0.3646
SPADES JACK SPADES EIGHT,0.38,0.0142,0.6058
SPADES JACK HEARTS FIVE,0.4512,0.0162,0.5326
HEARTS THREE HEARTS JACK,0.4168,0.0166,0.5666
CLUBS TEN DIAMONDS JACK,0.2582,0.0518,0.69
CLUBS TEN SPADES FOUR,0.4418,0.3422,0.216
HEARTS FIVE DIAMONDS EIGHT,0.62,0.0244,0.3556
DIAMONDS THREE DIAMONDS QUEEN,0.3886,0.0156,0.5958
SPADES KING SPADES NINE,0.3856,0.0052,0.6092
DIAMONDS JACK HEARTS TEN,0.2604,0.0526,0.687
DIAMONDS QUEEN HEARTS QUEEN,0.1806,0.0166,0.8028
SPADES QUEEN CLUBS EIGHT,0.4078,0.0088,0.5834
CLUBS THREE DIAMONDS SEVEN,0.6404,0.0316,0.328
HEARTS FOUR DIAMONDS KING,0.424,0.0064,0.5696
CLUBS TEN DIAMONDS FOUR,0.4376,0.3414,0.221
CLUBS THREE HEARTS QUEEN,0.448,0.0112,0.5408
CLUBS JACK HEARTS SEVEN,0.3838,0.0128,0.6034
SPADES QUEEN HEARTS JACK,0.357,0.0084,0.6346
SPADES SIX DIAMONDS NINE,0.6838,0.0768,0.2394
HEARTS THREE SPADES FOUR,0.632,0.0306,0.3374
DIAMONDS QUEEN CLUBS QUEEN,0.1794,0.0198,0.8008
HEARTS QUEEN HEARTS TEN,0.2722,0.0414,0.6864
CLUBS EIGHT HEARTS TWO,0.647,0.0264,0.3266
HEARTS FOUR DIAMONDS JACK,0.4226,0.0184,0.559
SPADES SEVEN CLUBS THREE,0.6492,0.0248,0.326
CLUBS JACK CLUBS FIVE,0.4226,0.0164,0.561
DIAMONDS KING CLUBS QUEEN,0.3644,0.0074,0.6282
CLUBS SIX DIAMONDS JACK,0.2866,0.0596,0.6538
CLUBS SEVEN DIAMONDS FIVE,0.6096,0.027,0.3634
SPADES QUEEN CLUBS SIX,0.2946,0.0462,0.6592
HEARTS EIGHT SPADES FIVE,0.6316,0.0218,0.3466
CLUBS NINE HEARTS SIX,0.686,0.0716,0.2424
SPADES ACE CLUBS FOUR,0.4404,0.0042,0.5554
HEARTS SIX CLUBS THREE,0.6848,0.075,0.2402
HEARTS FOUR HEARTS ACE,0.4168,0.0064,0.5768
CLUBS FOUR CLUBS QUEEN,0.4188,0.0116,0.5696
SPADES JACK DIAMONDS EIGHT,0.3806,0.0156,0.6038
SPADES ACE DIAMONDS THREE,0.4378,0.0054,0.5568
HEARTS FIVE SPADES TEN,0.4386,0.3476,0.2138
DIAMONDS THREE SPADES TEN,0.4328,0.353,0.2142
SPADES EIGHT HEARTS TEN,0.269,0.2122,0.5188
CLUBS SEVEN DIAMONDS NINE,0.5908,0.0224,0.3868
HEARTS KING DIAMONDS FIVE,0.449,0.0066,0.5444
DIAMONDS KING SPADES FIVE,0.4216,0.0092,0.5692
SPADES TWO DIAMONDS EIGHT,0.6306,0.0282,0.3412
SPADES FOUR HEARTS TEN,0.42,0.366,0.214
SPADES ACE CLUBS EIGHT,0.4066,0.0028,0.5906
HEARTS THREE SPADES TWO,0.6568,0.0266,0.3166
SPADES SIX HEARTS QUEEN,0.2868,0.0462,0.667
SPADES KING HEARTS TEN,0.2902,0.0276,0.6822
CLUBS SIX SPADES SEVEN,0.6502,0.0672,0.2826
CLUBS JACK CLUBS EIGHT,0.376,0.0176,0.6064
DIAMONDS NINE DIAMONDS SEVEN,0.5842,0.0278,0.388
CLUBS FIVE HEARTS ACE,0.4366,0.0048,0.5586
DIAMONDS THREE SPADES QUEEN,0.4402,0.012,0.5478
HEARTS SEVEN HEARTS TEN,0.2658,0.265,0.4692
HEARTS FIVE DIAMONDS QUEEN,0.4274,0.0124,0.5602
CLUBS JACK CLUBS QUEEN,0.3326,0.0108,0.6566
DIAMONDS NINE HEARTS NINE,0.3076,0.0374,0.655
CLUBS FIVE HEARTS NINE,0.635,0.0256,0.3394
CLUBS TEN DIAMONDS SEVEN,0.2666,0.2848,0.4486
DIAMONDS THREE SPADES JACK,0.4422,0.016,0.5418
SPADES ACE HEARTS QUEEN,0.3856,0.0024,0.612
HEARTS FIVE SPADES THREE,0.642,0.0266,0.3314
HEARTS THREE HEARTS ACE,0.4218,0.0052,0.573
SPADES KING DIAMONDS TWO,0.4366,0.0078,0.5556
SPADES NINE HEARTS NINE,0.325,0.0458,0.6292
HEARTS FOUR SPADES SEVEN,0.6312,0.0256,0.3432
SPADES THREE HEARTS NINE,0.6456,0.025,0.3294
DIAMONDS QUEEN CLUBS ACE,0.3544,0.005,0.6406
CLUBS JACK HEARTS ACE,0.3766,0.0052,0.6182
SPADES KING HEARTS NINE,0.4032,0.0034,0.5934
DIAMONDS TWO SPADES SEVEN,0.6468,0.0254,0.3278
DIAMONDS JACK HEARTS NINE,0.365,0.014,0.621
CLUBS SEVEN CLUBS ACE,0.3734,0.0046,0.622
SPADES TEN SPADES SEVEN,0.2474,0.2708,0.4818
CLUBS FIVE SPADES THREE,0.6282,0.03,0.3418
HEARTS THREE CLUBS ACE,0.446,0.0048,0.5492
HEARTS FOUR SPADES SIX,0.6644,0.0774,0.2582
CLUBS TEN DIAMONDS QUEEN,0.2714,0.046,0.6826
SPADES SEVEN HEARTS QUEEN,0.414,0.008,0.578
DIAMONDS TWO DIAMONDS FOUR,0.637,0.0338,0.3292
SPADES KING DIAMONDS ACE,0.3638,0.005,0.6312
SPADES KING SPADES EIGHT,0.3996,0.0084,0.592
SPADES TWO HEARTS QUEEN,0.4648,0.014,0.5212
SPADES FIVE HEARTS JACK,0.4446,0.0152,0.5402
HEARTS SEVEN CLUBS SEVEN,0.342,0.0548,0.6032
HEARTS JACK DIAMONDS FOUR,0.4352,0.0228,0.542
SPADES FIVE CLUBS QUEEN,0.4354,0.0098,0.5548
SPADES ACE DIAMONDS KING,0.3554,0.0038,0.6408
CLUBS TEN CLUBS SIX,0.073,0.8482,0.0788
DIAMONDS QUEEN DIAMONDS FOUR,0.3932,0.0144,0.5924
CLUBS JACK CLUBS KING,0.3358,0.0068,0.6574
CLUBS EIGHT CLUBS FOUR,0.5966,0.0252,0.3782
SPADES EIGHT HEARTS JACK,0.3928,0.0156,0.5916
HEARTS KING CLUBS ACE,0.3746,0.0046,0.6208
HEARTS SIX DIAMONDS KING,0.2806,0.0346,0.6848
SPADES EIGHT CLUBS FOUR,0.6382,0.0274,0.3344
DIAMONDS EIGHT HEARTS JACK,0.379,0.017,0.604
DIAMONDS TWO HEARTS SIX,0.7,0.0738,0.2262
CLUBS TEN HEARTS THREE,0.4474,0.3506,0.202
SPADES NINE SPADES SEVEN,0.5388,0.0292,0.432
DIAMONDS SEVEN DIAMONDS FOUR,0.6184,0.0276,0.354
SPADES ACE HEARTS KING,0.369,0.0028,0.6282
CLUBS FOUR SPADES TWO,0.6454,0.0316,0.323
SPADES ACE DIAMONDS ACE,0.1776,0.0046,0.8178
CLUBS SIX HEARTS KING,0.2952,0.035,0.6698
HEARTS FIVE HEARTS ACE,0.4088,0.006,0.5852
HEARTS SIX HEARTS NINE,0.638,0.0722,0.2898
CLUBS SEVEN DIAMONDS EIGHT,0.567,0.0306,0.4024
SPADES QUEEN HEARTS THREE,0.4338,0.0124,0.5538
HEARTS FIVE SPADES FIVE,0.4404,0.0584,0.5012
CLUBS TEN CLUBS FIVE,0.4138,0.3332,0.253
CLUBS JACK DIAMONDS FOUR,0.429,0.016,0.555
HEARTS EIGHT CLUBS THREE,0.6482,0.0276,0.3242
CLUBS SIX CLUBS FIVE,0.6284,0.07,0.3016
CLUBS NINE SPADES TWO,0.6506,0.0268,0.3226
DIAMONDS THREE HEARTS SEVEN,0.642,0.0254,0.3326
HEARTS SEVEN CLUBS QUEEN,0.392,0.0104,0.5976
CLUBS TWO DIAMONDS FOUR,0.6496,0.0228,0.3276
SPADES JACK HEARTS TWO,0.4446,0.0182,0.5372
SPADES JACK SPADES TEN,0.2532,0.0502,0.6966
DIAMONDS NINE SPADES TWO,0.6446,0.0278,0.3276
DIAMONDS ACE DIAMONDS NINE,0.3482,0.0046,0.6472
HEARTS SEVEN SPADES SEVEN,0.337,0.0516,0.6114
CLUBS TEN DIAMONDS ACE,0.2664,0.0212,0.7124
SPADES ACE DIAMONDS TWO,0.4366,0.0058,0.5576
SPADES JACK HEARTS JACK,0.2004,0.0216,0.778
HEARTS TEN CLUBS QUEEN,0.2866,0.0396,0.6738
CLUBS TEN CLUBS THREE,0.407,0.3308,0.2622
DIAMONDS QUEEN DIAMONDS EIGHT,0.3544,0.0112,0.6344
HEARTS FIVE HEARTS KING,0.4222,0.0062,0.5716
DIAMONDS QUEEN HEARTS NINE,0.3752,0.0116,0.6132
HEARTS SEVEN CLUBS FOUR,0.6194,0.0208,0.3598
HEARTS SEVEN SPADES QUEEN,0.4144,0.0086,0.577
DIAMONDS THREE HEARTS FOUR,0.635,0.0328,0.3322
DIAMONDS TWO CLUBS FOUR,0.6502,0.0308,0.319
HEARTS TEN DIAMONDS FOUR,0.426,0.3624,0.2116
HEARTS EIGHT DIAMONDS FIVE,0.6166,0.029,0.3544
SPADES JACK SPADES FIVE,0.4252,0.0182,0.5566
SPADES QUEEN DIAMONDS FIVE,0.4374,0.014,0.5486
SPADES FOUR CLUBS QUEEN,0.4408,0.0112,0.548
SPADES SEVEN HEARTS KING,0.401,0.006,0.593
HEARTS FOUR HEARTS JACK,0.4242,0.0162,0.5596
CLUBS SEVEN SPADES SEVEN,0.321,0.0556,0.6234
DIAMONDS TWO HEARTS FOUR,0.6498,0.0304,0.3198
DIAMONDS JACK CLUBS ACE,0.3374,0.007,0.6556
SPADES EIGHT CLUBS KING,0.413,0.007,0.58
SPADES SIX CLUBS QUEEN,0.2988,0.0466,0.6546
SPADES JACK CLUBS TWO,0.4494,0.0192,0.5314
CLUBS EIGHT CLUBS SIX,0.6438,0.0766,0.2796
HEARTS KING HEARTS JACK,0.3452,0.0062,0.6486
CLUBS NINE HEARTS JACK,0.3784,0.0144,0.6072
CLUBS FOUR DIAMONDS FOUR,0.4334,0.06,0.5066
SPADES QUEEN DIAMONDS KING,0.347,0.0086,0.6444
SPADES NINE HEARTS QUEEN,0.396,0.0076,0.5964
DIAMONDS QUEEN HEARTS TEN,0.2594,0.0486,0.692
HEARTS ACE HEARTS KING,0.3508,0.0052,0.644
HEARTS TWO HEARTS KING,0.426,0.007,0.567
HEARTS FIVE HEARTS TEN,0.4126,0.3336,0.2538
DIAMONDS EIGHT DIAMONDS FIVE,0.6224,0.0244,0.3532
CLUBS THREE DIAMONDS FOUR,0.6278,0.0302,0.342
SPADES ACE CLUBS NINE,0.4038,0.0044,0.5918
HEARTS FIVE HEARTS TWO,0.6124,0.0268,0.3608
HEARTS TWO CLUBS FOUR,0.6492,0.024,0.3268
CLUBS TWO DIAMONDS SEVEN,0.649,0.0272,0.3238
DIAMONDS TWO DIAMONDS EIGHT,0.647,0.027,0.326
SPADES ACE CLUBS JACK,0.3694,0.0042,0.6264
SPADES THREE DIAMONDS NINE,0.6352,0.0296,0.3352
CLUBS FOUR SPADES FOUR,0.4476,0.0536,0.4988
DIAMONDS JACK SPADES TWO,0.4226,0.0172,0.5602
CLUBS SIX HEARTS TWO,0.707,0.0786,0.2144
SPADES SIX HEARTS ACE,0.2992,0.0252,0.6756
CLUBS FOUR DIAMONDS SEVEN,0.6128,0.0338,0.3534
CLUBS NINE SPADES TEN,0.2788,0.1584,0.5628
CLUBS THREE CLUBS TWO,0.6012,0.027,0.3718
DIAMONDS SEVEN DIAMONDS FIVE,0.598,0.0334,0.3686
SPADES ACE HEARTS FOUR,0.4316,0.0044,0.564
CLUBS NINE HEARTS FIVE,0.6476,0.024,0.3284
CLUBS SIX CLUBS TWO,0.6588,0.0758,0.2654
SPADES JACK DIAMONDS QUEEN,0.342,0.0082,0.6498
CLUBS FOUR HEARTS JACK,0.4436,0.015,0.5414
HEARTS ACE DIAMONDS SEVEN,0.381,0.0028,0.6162
SPADES SIX HEARTS KING,0.3008,0.0334,0.6658
HEARTS FIVE HEARTS QUEEN,0.4102,0.01,0.5798
SPADES FOUR SPADES TWO,0.5992,0.031,0.3698
HEARTS QUEEN DIAMONDS SEVEN,0.4002,0.011,0.5888
CLUBS FIVE HEARTS TWO,0.6468,0.0286,0.3246
HEARTS EIGHT DIAMONDS QUEEN,0.3932,0.0094,0.5974
HEARTS EIGHT HEARTS JACK,0.3686,0.0144,0.617
SPADES KING CLUBS SEVEN,0.4026,0.0072,0.5902
CLUBS JACK DIAMONDS SEVEN,0.3852,0.0184,0.5964
CLUBS JACK CLUBS ACE,0.3542,0.0048,0.641
HEARTS FIVE DIAMONDS SEVEN,0.616,0.0262,0.3578
SPADES SEVEN SPADES FOUR,0.597,0.0274,0.3756
CLUBS SIX DIAMONDS ACE,0.2788,0.025,0.6962
CLUBS JACK SPADES SEVEN,0.3994,0.0166,0.584
CLUBS NINE SPADES SEVEN,0.5854,0.0282,0.3864
HEARTS KING DIAMONDS SEVEN,0.3994,0.0082,0.5924
CLUBS SEVEN DIAMONDS KING,0.3934,0.0072,0.5994
SPADES NINE HEARTS KING,0.3986,0.0058,0.5956
CLUBS NINE DIAMONDS FIVE,0.6292,0.0264,0.3444
SPADES FOUR DIAMONDS JACK,0.4266,0.0162,0.5572
SPADES THREE DIAMONDS FOUR,0.6358,0.0272,0.337
DIAMONDS QUEEN SPADES TWO,0.4342,0.0116,0.5542
DIAMONDS ACE HEARTS QUEEN,0.361,0.0048,0.6342
SPADES TEN DIAMONDS SEVEN,0.2578,0.2864,0.4558
SPADES QUEEN SPADES SIX,0.2804,0.0404,0.6792
SPADES JACK SPADES SEVEN,0.382,0.0162,0.6018
SPADES KING HEARTS FIVE,0.4514,0.008,0.5406
SPADES SIX SPADES FIVE,0.628,0.0726,0.2994
HEARTS FIVE DIAMONDS FOUR,0.6138,0.0296,0.3566
DIAMONDS THREE CLUBS THREE,0.4422,0.063,0.4948
CLUBS JACK HEARTS SIX,0.2932,0.0562,0.6506
HEARTS THREE DIAMONDS EIGHT,0.6364,0.0292,0.3344
SPADES KING SPADES FIVE,0.425,0.006,0.569
CLUBS SIX SPADES FOUR,0.6634,0.0824,0.2542
SPADES SEVEN CLUBS KING,0.4176,0.0056,0.5768
HEARTS SEVEN DIAMONDS NINE,0.5854,0.0256,0.389
SPADES EIGHT DIAMONDS FOUR,0.6316,0.0284,0.34
HEARTS FOUR DIAMONDS ACE,0.43,0.0042,0.5658
SPADES JACK SPADES TWO,0.4332,0.0152,0.5516
DIAMONDS THREE CLUBS FOUR,0.624,0.0306,0.3454
DIAMONDS JACK DIAMONDS SEVEN,0.3532,0.0152,0.6316
SPADES KING DIAMONDS SEVEN,0.407,0.0058,0.5872
CLUBS SEVEN HEARTS THREE,0.6444,0.0254,0.3302
HEARTS FIVE SPADES NINE,0.6404,0.0228,0.3368
SPADES THREE DIAMONDS FIVE,0.6376,0.0248,0.3376
HEARTS FIVE SPADES TWO,0.6418,0.0238,0.3344
SPADES FIVE HEARTS QUEEN,0.4384,0.0112,0.5504
DIAMONDS TWO SPADES TEN,0.4292,0.352,0.2188
CLUBS SEVEN SPADES EIGHT,0.5724,0.0256,0.402
SPADES KING DIAMONDS QUEEN,0.3508,0.007,0.6422
SPADES EIGHT SPADES FIVE,0.583,0.0274,0.3896
HEARTS ACE CLUBS KING,0.381,0.0048,0.6142
DIAMONDS JACK DIAMONDS EIGHT,0.3376,0.0174,0.645
CLUBS EIGHT HEARTS FOUR,0.638,0.0232,0.3388
DIAMONDS THREE HEARTS ACE,0.433,0.0054,0.5616
DIAMONDS KING SPADES TWO,0.4386,0.0068,0.5546
CLUBS EIGHT DIAMONDS FOUR,0.6416,0.026,0.3324
SPADES KING HEARTS TWO,0.4448,0.0082,0.547
SPADES NINE HEARTS ACE,0.4094,0.0036,0.587
DIAMONDS ACE SPADES FIVE,0.4302,0.0074,0.5624
CLUBS NINE DIAMONDS QUEEN,0.3818,0.0088,0.6094
HEARTS EIGHT HEARTS ACE,0.3732,0.0034,0.6234
SPADES KING CLUBS ACE,0.3834,0.004,0.6126
DIAMONDS THREE DIAMONDS FIVE,0.6176,0.029,0.3534
CLUBS TEN HEARTS JACK,0.2696,0.056,0.6744
HEARTS TWO DIAMONDS KING,0.4396,0.0082,0.5522
HEARTS TWO DIAMONDS JACK,0.4224,0.0184,0.5592
HEARTS SEVEN SPADES JACK,0.3954,0.0186,0.586
SPADES EIGHT HEARTS TWO,0.6588,0.0248,0.3164
HEARTS EIGHT SPADES TWO,0.6362,0.0236,0.3402
SPADES ACE HEARTS ACE,0.1918,0.0032,0.805
CLUBS SIX HEARTS THREE,0.6852,0.0818,0.233
SPADES ACE HEARTS EIGHT,0.405,0.0034,0.5916
HEARTS FOUR DIAMONDS FOUR,0.4336,0.0536,0.5128
SPADES SEVEN CLUBS TWO,0.659,0.0268,0.3142
CLUBS THREE HEARTS JACK,0.4392,0.014,0.5468
CLUBS EIGHT SPADES EIGHT,0.3262,0.0452,0.6286
SPADES SIX SPADES FOUR,0.628,0.0768,0.2952
CLUBS TEN SPADES THREE,0.4342,0.3562,0.2096
SPADES ACE DIAMONDS FOUR,0.4354,0.0058,0.5588
HEARTS ACE DIAMONDS NINE,0.4106,0.0072,0.5822
HEARTS FIVE DIAMONDS JACK,0.428,0.0188,0.5532
SPADES JACK DIAMONDS FOUR,0.4378,0.0184,0.5438
SPADES FOUR DIAMONDS FOUR,0.4464,0.058,0.4956
SPADES QUEEN HEARTS TEN,0.284,0.0418,0.6742
DIAMONDS TWO DIAMONDS ACE,0.3832,0.0064,0.6104
SPADES TEN HEARTS QUEEN,0.2848,0.0386,0.6766
CLUBS SIX HEARTS JACK,0.2978,0.055,0.6472
DIAMONDS ACE CLUBS TWO,0.4158,0.006,0.5782
HEARTS SIX HEARTS FIVE,0.6228,0.0822,0.295
HEARTS TWO DIAMONDS ACE,0.4278,0.006,0.5662
CLUBS SEVEN SPADES NINE,0.5914,0.0196,0.389
CLUBS NINE HEARTS NINE,0.3148,0.036,0.6492
HEARTS SIX SPADES TWO,0.6928,0.0772,0.23
CLUBS SIX SPADES THREE,0.698,0.0726,0.2294
CLUBS EIGHT DIAMONDS SEVEN,0.5648,0.0244,0.4108
HEARTS THREE DIAMONDS FOUR,0.635,0.03,0.335
SPADES NINE HEARTS JACK,0.3832,0.013,0.6038
HEARTS FIVE SPADES FOUR,0.6186,0.0236,0.3578
SPADES KING CLUBS KING,0.1956,0.0064,0.798
SPADES NINE HEARTS TEN,0.2642,0.1606,0.5752
HEARTS QUEEN DIAMONDS EIGHT,0.4072,0.008,0.5848
HEARTS FOUR HEARTS NINE,0.6082,0.021,0.3708
SPADES ACE CLUBS SEVEN,0.4224,0.0024,0.5752
HEARTS TWO CLUBS TWO,0.4486,0.0602,0.4912
CLUBS JACK DIAMONDS EIGHT,0.3868,0.0184,0.5948
DIAMONDS QUEEN DIAMONDS JACK,0.3014,0.0124,0.6862
SPADES ACE HEARTS TWO,0.4502,0.0048,0.545
SPADES QUEEN DIAMONDS QUEEN,0.187,0.0172,0.7958
CLUBS JACK HEARTS THREE,0.4414,0.0186,0.54
CLUBS NINE SPADES JACK,0.3804,0.0148,0.6048
CLUBS JACK SPADES SIX,0.295,0.057,0.648
SPADES JACK HEARTS THREE,0.4382,0.0164,0.5454
HEARTS EIGHT DIAMONDS NINE,0.5684,0.0254,0.4062
DIAMONDS ACE SPADES THREE,0.4178,0.0046,0.5776
CLUBS FOUR CLUBS THREE,0.5932,0.0244,0.3824
SPADES QUEEN SPADES TWO,0.4188,0.0116,0.5696
CLUBS NINE CLUBS THREE,0.6092,0.0238,0.367
DIAMONDS JACK SPADES THREE,0.4314,0.0182,0.5504
CLUBS EIGHT CLUBS FIVE,0.5832,0.025,0.3918
HEARTS TWO HEARTS TEN,0.4156,0.3308,0.2536
SPADES FIVE DIAMONDS FOUR,0.6156,0.0268,0.3576
HEARTS EIGHT DIAMONDS THREE,0.6458,0.0278,0.3264
SPADES ACE SPADES THREE,0.4168,0.0034,0.5798
SPADES SEVEN CLUBS ACE,0.4072,0.004,0.5888
HEARTS QUEEN CLUBS ACE,0.376,0.0042,0.6198
HEARTS FOUR SPADES TWO,0.653,0.0266,0.3204
CLUBS THREE HEARTS TEN,0.4462,0.349,0.2048
DIAMONDS ACE DIAMONDS SEVEN,0.35,0.004,0.646
SPADES SIX SPADES THREE,0.6434,0.0802,0.2764
SPADES SIX DIAMONDS JACK,0.286,0.0572,0.6568
SPADES TWO DIAMONDS SEVEN,0.6516,0.029,0.3194
CLUBS SEVEN CLUBS QUEEN,0.3728,0.0092,0.618
HEARTS EIGHT CLUBS TWO,0.6454,0.0276,0.327
CLUBS TEN SPADES SEVEN,0.2652,0.2852,0.4496
CLUBS FOUR DIAMONDS QUEEN,0.4312,0.0128,0.556
SPADES ACE CLUBS TWO,0.433,0.0054,0.5616
HEARTS KING DIAMONDS FOUR,0.4306,0.008,0.5614
DIAMONDS NINE DIAMONDS FOUR,0.646,0.0274,0.3266
CLUBS TEN CLUBS ACE,0.2668,0.0228,0.7104
SPADES KING CLUBS FOUR,0.44,0.0058,0.5542
SPADES KING CLUBS NINE,0.3984,0.0066,0.595
DIAMONDS SEVEN HEARTS TEN,0.2482,0.2876,0.4642
SPADES QUEEN CLUBS FOUR,0.4322,0.0118,0.556
SPADES NINE CLUBS SIX,0.6922,0.0744,0.2334
HEARTS FIVE CLUBS FIVE,0.451,0.0538,0.4952
HEARTS FOUR HEARTS TEN,0.4054,0.337,0.2576
DIAMONDS KING CLUBS ACE,0.3634,0.0042,0.6324
DIAMONDS TWO SPADES EIGHT,0.6372,0.0286,0.3342
CLUBS THREE CLUBS ACE,0.4176,0.004,0.5784
SPADES TEN CLUBS KING,0.2888,0.0318,0.6794
DIAMONDS ACE DIAMONDS KING,0.3082,0.006,0.6858
SPADES KING SPADES QUEEN,0.3536,0.0054,0.641
CLUBS JACK DIAMONDS JACK,0.192,0.0228,0.7852
SPADES FIVE HEARTS TEN,0.4448,0.3486,0.2066
HEARTS SIX DIAMONDS ACE,0.281,0.025,0.694
DIAMONDS FIVE DIAMONDS FOUR,0.6234,0.0286,0.348
SPADES TEN HEARTS TEN,0.1528,0.0518,0.7954
CLUBS EIGHT DIAMONDS FIVE,0.621,0.0316,0.3474
SPADES SEVEN SPADES TWO,0.5978,0.0272,0.375
CLUBS TWO HEARTS JACK,0.4314,0.0176,0.551
SPADES EIGHT CLUBS QUEEN,0.4018,0.0102,0.588
SPADES SIX CLUBS TWO,0.705,0.0802,0.2148
CLUBS NINE HEARTS THREE,0.6474,0.0288,0.3238
HEARTS SEVEN CLUBS FIVE,0.6156,0.0266,0.3578
CLUBS NINE CLUBS FIVE,0.5954,0.0306,0.374
CLUBS SEVEN HEARTS NINE,0.5852,0.0256,0.3892
DIAMONDS QUEEN CLUBS KING,0.359,0.0068,0.6342
HEARTS JACK DIAMONDS FIVE,0.4404,0.0174,0.5422
SPADES FOUR DIAMONDS FIVE,0.6148,0.0302,0.355
DIAMONDS ACE SPADES FOUR,0.4362,0.0058,0.558
SPADES TEN HEARTS KING,0.2938,0.033,0.6732
CLUBS EIGHT HEARTS NINE,0.5836,0.0228,0.3936
CLUBS SEVEN DIAMONDS SEVEN,0.328,0.0468,0.6252
SPADES NINE HEARTS TWO,0.6466,0.0204,0.333
DIAMONDS TWO CLUBS KING,0.4446,0.0092,0.5462
CLUBS SEVEN SPADES FIVE,0.5994,0.0268,0.3738
CLUBS TWO DIAMONDS EIGHT,0.646,0.0252,0.3288
HEARTS TWO HEARTS JACK,0.4014,0.0206,0.578
CLUBS SIX DIAMONDS SEVEN,0.666,0.0768,0.2572
SPADES KING HEARTS SIX,0.2922,0.032,0.6758
SPADES EIGHT SPADES FOUR,0.5978,0.023,0.3792
CLUBS FOUR DIAMONDS NINE,0.6414,0.0286,0.33
DIAMONDS KING CLUBS TWO,0.4312,0.0074,0.5614
SPADES SIX DIAMONDS KING,0.2766,0.033,0.6904
CLUBS TEN DIAMONDS TWO,0.4266,0.3684,0.205
CLUBS SIX CLUBS THREE,0.6494,0.0802,0.2704
HEARTS THREE SPADES SIX,0.6824,0.0788,0.2388
SPADES ACE SPADES TWO,0.4218,0.0058,0.5724
SPADES SEVEN HEARTS TEN,0.2766,0.279,0.4444
HEARTS QUEEN DIAMONDS FIVE,0.4434,0.0122,0.5444
SPADES ACE CLUBS SIX,0.3042,0.0246,0.6712
DIAMONDS THREE HEARTS QUEEN,0.422,0.0116,0.5664
CLUBS TWO DIAMONDS FIVE,0.643,0.0284,0.3286
DIAMONDS QUEEN DIAMONDS SEVEN,0.3534,0.011,0.6356
SPADES THREE SPADES TWO,0.6086,0.0304,0.361
DIAMONDS KING DIAMONDS EIGHT,0.35,0.0088,0.6412
SPADES EIGHT SPADES TWO,0.621,0.0216,0.3574
DIAMONDS KING CLUBS KING,0.1824,0.0084,0.8092
CLUBS SIX CLUBS QUEEN,0.2936,0.0432,0.6632
SPADES ACE DIAMONDS NINE,0.3964,0.004,0.5996
SPADES TEN CLUBS FIVE,0.4372,0.3614,0.2014
HEARTS EIGHT SPADES SIX,0.6676,0.07,0.2624
HEARTS EIGHT CLUBS EIGHT,0.3238,0.0448,0.6314
SPADES SIX DIAMONDS EIGHT,0.6696,0.0726,0.2578
SPADES THREE DIAMONDS EIGHT,0.649,0.0286,0.3224
SPADES ACE DIAMONDS SEVEN,0.3898,0.0036,0.6066
CLUBS JACK SPADES EIGHT,0.401,0.0156,0.5834
CLUBS TEN CLUBS SEVEN,0.2554,0.2758,0.4688
HEARTS FIVE CLUBS TWO,0.656,0.0268,0.3172
SPADES TWO CLUBS QUEEN,0.4432,0.012,0.5448
CLUBS NINE CLUBS FOUR,0.6022,0.0238,0.374
CLUBS FIVE DIAMONDS ACE,0.4296,0.0064,0.564
HEARTS TWO CLUBS QUEEN,0.4494,0.0102,0.5404
CLUBS SIX DIAMONDS FIVE,0.6718,0.075,0.2532
CLUBS QUEEN DIAMONDS FOUR,0.4316,0.0102,0.5582
CLUBS SEVEN HEARTS TWO,0.6494,0.0276,0.323
SPADES QUEEN DIAMONDS EIGHT,0.3826,0.01,0.6074
SPADES KING CLUBS EIGHT,0.4156,0.0062,0.5782
CLUBS JACK SPADES QUEEN,0.357,0.008,0.635
HEARTS EIGHT SPADES JACK,0.3954,0.0152,0.5894
DIAMONDS THREE SPADES FOUR,0.6358,0.0298,0.3344
SPADES FOUR DIAMONDS EIGHT,0.6252,0.028,0.3468
CLUBS FOUR CLUBS TWO,0.615,0.0252,0.3598
DIAMONDS KING DIAMONDS NINE,0.3446,0.0086,0.6468
HEARTS JACK CLUBS QUEEN,0.3614,0.0074,0.6312
CLUBS TEN SPADES TEN,0.1446,0.0486,0.8068
HEARTS SEVEN SPADES THREE,0.6486,0.0272,0.3242
CLUBS TWO HEARTS QUEEN,0.4468,0.014,0.5392
SPADES ACE CLUBS KING,0.3806,0.0044,0.615
SPADES QUEEN HEARTS FIVE,0.4406,0.011,0.5484
CLUBS JACK DIAMONDS TWO,0.4298,0.0202,0.55
SPADES JACK HEARTS QUEEN,0.3514,0.01,0.6386
DIAMONDS FIVE HEARTS NINE,0.634,0.0328,0.3332
SPADES JACK CLUBS QUEEN,0.3636,0.0104,0.626
DIAMONDS ACE DIAMONDS FIVE,0.3828,0.0064,0.6108
HEARTS SEVEN HEARTS SIX,0.6272,0.0692,0.3036
SPADES TEN SPADES THREE,0.4126,0.3344,0.253
SPADES NINE SPADES TWO,0.5948,0.0234,0.3818
HEARTS SIX SPADES FOUR,0.6624,0.0816,0.256
HEARTS EIGHT HEARTS FOUR,0.6026,0.0258,0.3716
HEARTS FIVE SPADES SEVEN,0.6084,0.024,0.3676
DIAMONDS TWO HEARTS NINE,0.6412,0.0296,0.3292
SPADES TEN HEARTS TWO,0.4482,0.3456,0.2062
CLUBS FOUR DIAMONDS EIGHT,0.637,0.0228,0.3402
HEARTS SIX CLUBS QUEEN,0.2948,0.0486,0.6566
CLUBS JACK HEARTS TWO,0.4462,0.0182,0.5356
HEARTS TWO HEARTS NINE,0.595,0.02,0.385
SPADES KING SPADES SEVEN,0.4022,0.005,0.5928
HEARTS SIX DIAMONDS JACK,0.2826,0.049,0.6684
DIAMONDS ACE DIAMONDS QUEEN,0.3112,0.0046,0.6842
CLUBS JACK CLUBS THREE,0.4024,0.0144,0.5832
CLUBS JACK HEARTS KING,0.3678,0.0072,0.625
CLUBS EIGHT DIAMONDS NINE,0.5668,0.0246,0.4086
CLUBS THREE DIAMONDS QUEEN,0.4192,0.014,0.5668
SPADES EIGHT DIAMONDS FIVE,0.6236,0.027,0.3494
HEARTS FOUR SPADES FIVE,0.624,0.0284,0.3476
HEARTS SIX HEARTS KING,0.2774,0.0324,0.6902
SPADES KING CLUBS TWO,0.4384,0.009,0.5526
HEARTS THREE SPADES FIVE,0.6276,0.0262,0.3462
HEARTS QUEEN HEARTS NINE,0.374,0.0096,0.6164
HEARTS SEVEN SPADES FOUR,0.634,0.0262,0.3398
SPADES QUEEN CLUBS NINE,0.3882,0.0104,0.6014
DIAMONDS NINE DIAMONDS FIVE,0.6302,0.0288,0.341
SPADES THREE HEARTS TEN,0.4412,0.3416,0.2172
CLUBS ACE HEARTS JACK,0.3742,0.0038,0.622
SPADES QUEEN CLUBS TWO,0.448,0.0132,0.5388
HEARTS FOUR DIAMONDS FIVE,0.619,0.0342,0.3468
HEARTS KING DIAMONDS NINE,0.3968,0.0096,0.5936
SPADES THREE CLUBS KING,0.4572,0.009,0.5338
SPADES ACE CLUBS ACE,0.18,0.0034,0.8166
CLUBS NINE HEARTS ACE,0.399,0.004,0.597
HEARTS SIX HEARTS THREE,0.6454,0.0742,0.2804
SPADES TEN CLUBS FOUR,0.4272,0.3592,0.2136
DIAMONDS THREE CLUBS KING,0.4296,0.0094,0.561
SPADES SIX HEARTS JACK,0.308,0.0516,0.6404
HEARTS EIGHT CLUBS ACE,0.3928,0.0052,0.602
HEARTS EIGHT HEARTS KING,0.3846,0.0052,0.6102
CLUBS TEN SPADES NINE,0.2816,0.1582,0.5602
HEARTS EIGHT CLUBS KING,0.404,0.0074,0.5886
HEARTS FIVE CLUBS KING,0.4362,0.0074,0.5564
DIAMONDS TWO HEARTS JACK,0.4406,0.0154,0.544
CLUBS TEN SPADES SIX,0.0728,0.9032,0.024
DIAMONDS ACE CLUBS THREE,0.4314,0.0058,0.5628
DIAMONDS THREE CLUBS TWO,0.65,0.0294,0.3206
HEARTS FIVE DIAMONDS ACE,0.4222,0.0044,0.5734
SPADES EIGHT CLUBS TWO,0.646,0.023,0.331
SPADES FOUR SPADES THREE,0.6038,0.0258,0.3704
DIAMONDS TWO HEARTS THREE,0.6456,0.031,0.3234
DIAMONDS TWO DIAMONDS QUEEN,0.3978,0.0128,0.5894
CLUBS NINE CLUBS KING,0.3774,0.0082,0.6144
SPADES FIVE HEARTS ACE,0.4352,0.0018,0.563
CLUBS FIVE SPADES FIVE,0.4402,0.0548,0.505
SPADES TEN SPADES EIGHT,0.2672,0.1884,0.5444
CLUBS TEN HEARTS SEVEN,0.269,0.279,0.452
SPADES KING SPADES JACK,0.336,0.006,0.658
HEARTS SEVEN DIAMONDS FIVE,0.6102,0.026,0.3638
SPADES JACK HEARTS FOUR,0.438,0.0138,0.5482
SPADES SEVEN CLUBS FOUR,0.637,0.025,0.338
CLUBS JACK HEARTS TEN,0.2692,0.0582,0.6726
SPADES FIVE SPADES FOUR,0.5734,0.0274,0.3992
DIAMONDS THREE CLUBS FIVE,0.6288,0.03,0.3412
HEARTS FOUR SPADES NINE,0.6498,0.0232,0.327
HEARTS THREE CLUBS KING,0.4556,0.0068,0.5376
SPADES KING DIAMONDS FOUR,0.4476,0.0084,0.544
CLUBS JACK DIAMONDS FIVE,0.4334,0.0164,0.5502
HEARTS FIVE DIAMONDS FIVE,0.4314,0.058,0.5106
SPADES SIX SPADES TWO,0.6594,0.0742,0.2664
HEARTS SEVEN CLUBS TWO,0.6546,0.023,0.3224
CLUBS SEVEN DIAMONDS FOUR,0.6202,0.0276,0.3522
HEARTS TEN DIAMONDS FIVE,0.4156,0.3588,0.2256
HEARTS SIX CLUBS TWO,0.7142,0.0784,0.2074
HEARTS SEVEN HEARTS KING,0.3778,0.0074,0.6148
HEARTS FOUR DIAMONDS QUEEN,0.446,0.0094,0.5446
SPADES ACE SPADES SEVEN,0.3824,0.0052,0.6124
CLUBS SEVEN CLUBS TWO,0.6078,0.0294,0.3628
HEARTS ACE SPADES TWO,0.4378,0.0046,0.5576
SPADES SIX CLUBS THREE,0.6802,0.0812,0.2386
CLUBS FIVE CLUBS THREE,0.598,0.0256,0.3764
SPADES QUEEN CLUBS FIVE,0.4386,0.0102,0.5512
DIAMONDS TWO HEARTS KING,0.4316,0.0096,0.5588
SPADES ACE SPADES NINE,0.3704,0.0038,0.6258
SPADES QUEEN DIAMONDS JACK,0.3402,0.01,0.6498
DIAMONDS THREE SPADES EIGHT,0.6374,0.0308,0.3318
DIAMONDS TWO CLUBS NINE,0.6514,0.032,0.3166
CLUBS EIGHT CLUBS TWO,0.6174,0.0226,0.36
HEARTS JACK HEARTS TEN,0.2576,0.0532,0.6892
HEARTS SEVEN HEARTS TWO,0.6172,0.024,0.3588
CLUBS EIGHT SPADES THREE,0.6564,0.024,0.3196
CLUBS SEVEN HEARTS KING,0.3946,0.006,0.5994
SPADES QUEEN CLUBS SEVEN,0.4182,0.011,0.5708
SPADES JACK SPADES NINE,0.369,0.0152,0.6158
HEARTS TWO HEARTS QUEEN,0.4302,0.0158,0.554
SPADES KING CLUBS THREE,0.4392,0.0068,0.554
HEARTS SIX CLUBS SEVEN,0.6592,0.0786,0.2622
SPADES JACK CLUBS SEVEN,0.3992,0.0152,0.5856
HEARTS SIX HEARTS FOUR,0.6356,0.076,0.2884
CLUBS EIGHT SPADES FOUR,0.6314,0.0288,0.3398
DIAMONDS SEVEN CLUBS QUEEN,0.4066,0.0082,0.5852
SPADES EIGHT SPADES SIX,0.6416,0.0704,0.288
CLUBS FIVE DIAMONDS NINE,0.6414,0.0272,0.3314
HEARTS EIGHT CLUBS QUEEN,0.3938,0.011,0.5952
CLUBS SIX CLUBS FOUR,0.6248,0.0746,0.3006
HEARTS THREE DIAMONDS FIVE,0.626,0.027,0.347
CLUBS THREE SPADES TWO,0.6628,0.0272,0.31
CLUBS SEVEN SPADES THREE,0.6386,0.027,0.3344
HEARTS QUEEN CLUBS KING,0.3676,0.006,0.6264
CLUBS TEN CLUBS TWO,0.4126,0.3336,0.2538
CLUBS JACK DIAMONDS ACE,0.3578,0.0028,0.6394
CLUBS FIVE CLUBS QUEEN,0.4246,0.0114,0.564
CLUBS FOUR HEARTS QUEEN,0.4452,0.0126,0.5422
HEARTS ACE DIAMONDS EIGHT,0.3964,0.0038,0.5998
HEARTS SIX SPADES SIX,0.331,0.058,0.611
CLUBS TWO CLUBS QUEEN,0.415,0.0114,0.5736
SPADES EIGHT HEARTS NINE,0.5624,0.0258,0.4118
SPADES NINE HEARTS THREE,0.6514,0.0264,0.3222
HEARTS FOUR HEARTS QUEEN,0.4144,0.0098,0.5758
CLUBS TWO SPADES FOUR,0.6572,0.0276,0.3152
DIAMONDS ACE HEARTS JACK,0.3494,0.004,0.6466
DIAMONDS TWO HEARTS FIVE,0.6498,0.0272,0.323
CLUBS TEN HEARTS FOUR,0.4428,0.3514,0.2058
SPADES TEN DIAMONDS QUEEN,0.2634,0.0402,0.6964
DIAMONDS THREE HEARTS TEN,0.4316,0.352,0.2164
HEARTS FIVE DIAMONDS NINE,0.6376,0.028,0.3344
HEARTS ACE HEARTS QUEEN,0.356,0.0058,0.6382
HEARTS FIVE DIAMONDS KING,0.4158,0.009,0.5752
CLUBS KING DIAMONDS FOUR,0.4402,0.008,0.5518
SPADES ACE CLUBS QUEEN,0.3862,0.004,0.6098
DIAMONDS KING DIAMONDS FIVE,0.3854,0.0118,0.6028
DIAMONDS QUEEN SPADES FOUR,0.4114,0.0152,0.5734
HEARTS FIVE CLUBS SEVEN,0.623,0.0298,0.3472
HEARTS EIGHT SPADES THREE,0.6546,0.0234,0.322
SPADES ACE SPADES FIVE,0.4194,0.005,0.5756
CLUBS EIGHT HEARTS QUEEN,0.4106,0.01,0.5794
DIAMONDS QUEEN SPADES THREE,0.4242,0.011,0.5648
CLUBS TEN HEARTS QUEEN,0.285,0.041,0.674
SPADES ACE SPADES FOUR,0.4084,0.0052,0.5864
DIAMONDS THREE HEARTS SIX,0.6792,0.0816,0.2392
SPADES ACE SPADES KING,0.3544,0.005,0.6406
SPADES JACK CLUBS KING,0.3638,0.0056,0.6306
HEARTS SIX SPADES JACK,0.2942,0.0568,0.649
CLUBS FIVE DIAMONDS FOUR,0.6066,0.0306,0.3628
SPADES JACK HEARTS NINE,0.3802,0.0126,0.6072
HEARTS SIX HEARTS JACK,0.277,0.054,0.669
SPADES THREE HEARTS QUEEN,0.4406,0.0092,0.5502
HEARTS SIX DIAMONDS NINE,0.6752,0.0752,0.2496
CLUBS ACE DIAMONDS FOUR,0.4298,0.006,0.5642
HEARTS TWO HEARTS ACE,0.4158,0.0044,0.5798
HEARTS SIX DIAMONDS FOUR,0.6646,0.0772,0.2582
DIAMONDS TWO CLUBS ACE,0.4398,0.0052,0.555
CLUBS FIVE HEARTS KING,0.4238,0.0062,0.57
HEARTS EIGHT SPADES QUEEN,0.4078,0.0126,0.5796
SPADES QUEEN DIAMONDS NINE,0.3924,0.0096,0.598
SPADES NINE SPADES FOUR,0.6084,0.0232,0.3684
CLUBS SEVEN HEARTS TEN,0.2694,0.2816,0.449
CLUBS TEN CLUBS EIGHT,0.2522,0.202,0.5458
SPADES QUEEN HEARTS FOUR,0.4458,0.0122,0.542
CLUBS EIGHT HEARTS TEN,0.2626,0.2186,0.5188
DIAMONDS KING DIAMONDS JACK,0.2942,0.0072,0.6986
SPADES KING HEARTS KING,0.1976,0.0096,0.7928
SPADES KING HEARTS FOUR,0.4456,0.0082,0.5462
CLUBS JACK SPADES KING,0.3636,0.0076,0.6288
HEARTS ACE HEARTS TEN,0.2664,0.0272,0.7064
SPADES NINE CLUBS FOUR,0.6526,0.027,0.3204
DIAMONDS QUEEN HEARTS ACE,0.3616,0.0046,0.6338
HEARTS SEVEN CLUBS SIX,0.6492,0.0772,0.2736
HEARTS TWO SPADES THREE,0.6474,0.0304,0.3222
CLUBS TWO HEARTS TEN,0.444,0.3544,0.2016
HEARTS SEVEN SPADES FIVE,0.6196,0.0268,0.3536
HEARTS FOUR CLUBS SIX,0.6674,0.0824,0.2502
CLUBS FOUR DIAMONDS ACE,0.4162,0.0058,0.578
DIAMONDS KING HEARTS JACK,0.3548,0.0062,0.639
SPADES KING CLUBS QUEEN,0.3626,0.0052,0.6322
CLUBS SIX HEARTS QUEEN,0.2958,0.041,0.6632
HEARTS KING DIAMONDS EIGHT,0.3924,0.0084,0.5992
SPADES JACK CLUBS THREE,0.4454,0.0182,0.5364
DIAMONDS THREE CLUBS TEN,0.4222,0.369,0.2088
HEARTS EIGHT DIAMONDS JACK,0.375,0.0168,0.6082
HEARTS SIX HEARTS TWO,0.6624,0.0674,0.2702
CLUBS NINE HEARTS QUEEN,0.3806,0.0098,0.6096
SPADES JACK CLUBS FIVE,0.4276,0.0148,0.5576
CLUBS SEVEN CLUBS FOUR,0.5896,0.0282,0.3822
DIAMONDS TWO DIAMONDS KING,0.3976,0.0092,0.5932
CLUBS SIX HEARTS ACE,0.2906,0.021,0.6884
DIAMONDS EIGHT HEARTS TEN,0.2558,0.2112,0.533
HEARTS TWO DIAMONDS SEVEN,0.6482,0.029,0.3228
CLUBS TEN SPADES JACK,0.273,0.0552,0.6718
DIAMONDS THREE HEARTS FIVE,0.6406,0.0282,0.3312
HEARTS TWO CLUBS ACE,0.4486,0.0056,0.5458
CLUBS TEN SPADES FIVE,0.4312,0.3636,0.2052
CLUBS JACK SPADES TEN,0.2672,0.0522,0.6806
DIAMONDS THREE CLUBS QUEEN,0.4306,0.0134,0.556
CLUBS TEN HEARTS FIVE,0.4362,0.351,0.2128
SPADES ACE DIAMONDS EIGHT,0.3962,0.0042,0.5996
SPADES KING DIAMONDS FIVE,0.4316,0.0066,0.5618
HEARTS QUEEN HEARTS JACK,0.317,0.0068,0.6762
SPADES FOUR DIAMONDS NINE,0.6498,0.0268,0.3234
SPADES NINE DIAMONDS NINE,0.3176,0.039,0.6434
HEARTS THREE CLUBS FOUR,0.6396,0.0284,0.332
CLUBS FOUR DIAMONDS FIVE,0.606,0.0274,0.3666
DIAMONDS JACK HEARTS JACK,0.1932,0.0208,0.786
SPADES FOUR HEARTS NINE,0.6566,0.0238,0.3196
SPADES JACK DIAMONDS JACK,0.1932,0.02,0.7868
CLUBS TWO SPADES TWO,0.4556,0.0626,0.4818
DIAMONDS QUEEN HEARTS JACK,0.3466,0.0094,0.644
CLUBS JACK SPADES TWO,0.4516,0.0154,0.533
DIAMONDS JACK CLUBS KING,0.36,0.0074,0.6326
DIAMONDS TWO SPADES NINE,0.6548,0.0286,0.3166
DIAMONDS KING HEARTS QUEEN,0.3542,0.0062,0.6396
CLUBS FIVE SPADES SIX,0.6638,0.0766,0.2596
CLUBS TEN DIAMONDS NINE,0.2686,0.1564,0.575
SPADES SEVEN CLUBS QUEEN,0.405,0.011,0.584
SPADES TEN HEARTS ACE,0.2916,0.0234,0.685
SPADES FOUR DIAMONDS SEVEN,0.6308,0.03,0.3392
CLUBS JACK HEARTS JACK,0.2194,0.0188,0.7618
CLUBS KING CLUBS QUEEN,0.3454,0.006,0.6486
DIAMONDS THREE DIAMONDS FOUR,0.6236,0.0326,0.3438
DIAMONDS THREE SPADES KING,0.443,0.0078,0.5492
CLUBS EIGHT DIAMONDS KING,0.392,0.0094,0.5986
HEARTS ACE SPADES THREE,0.4412,0.005,0.5538
SPADES TEN CLUBS ACE,0.2806,0.0202,0.6992
HEARTS SIX CLUBS EIGHT,0.6778,0.0666,0.2556
CLUBS EIGHT CLUBS ACE,0.3784,0.003,0.6186
HEARTS THREE CLUBS TWO,0.6532,0.0252,0.3216
SPADES FOUR CLUBS ACE,0.4386,0.004,0.5574
CLUBS NINE SPADES THREE,0.6508,0.0266,0.3226
CLUBS THREE DIAMONDS JACK,0.4206,0.0164,0.563
CLUBS EIGHT DIAMONDS EIGHT,0.305,0.0424,0.6526
HEARTS FOUR DIAMONDS EIGHT,0.6356,0.0296,0.3348
SPADES SEVEN DIAMONDS FOUR,0.6022,0.0264,0.3714
SPADES SIX CLUBS ACE,0.306,0.0276,0.6664
CLUBS FOUR DIAMONDS JACK,0.4402,0.0192,0.5406
CLUBS FIVE CLUBS FOUR,0.5832,0.0242,0.3926
HEARTS FIVE CLUBS FOUR,0.6216,0.0258,0.3526
CLUBS FOUR DIAMONDS KING,0.4378,0.0078,0.5544
DIAMONDS NINE HEARTS JACK,0.3856,0.0144,0.6
SPADES KING SPADES THREE,0.426,0.0084,0.5656
CLUBS TEN SPADES EIGHT,0.2756,0.2144,0.51
SPADES QUEEN HEARTS NINE,0.3914,0.009,0.5996
SPADES TEN SPADES TWO,0.41,0.3476,0.2424
SPADES SIX DIAMONDS FOUR,0.6562,0.0802,0.2636
SPADES FIVE DIAMONDS JACK,0.4222,0.0184,0.5594
SPADES SEVEN DIAMONDS QUEEN,0.3842,0.0102,0.6056
HEARTS EIGHT SPADES FOUR,0.626,0.0274,0.3466
CLUBS NINE DIAMONDS EIGHT,0.5764,0.022,0.4016
DIAMONDS QUEEN DIAMONDS FIVE,0.4004,0.0126,0.587
SPADES QUEEN SPADES SEVEN,0.387,0.012,0.601
SPADES KING CLUBS TEN,0.2902,0.033,0.6768
CLUBS FOUR HEARTS ACE,0.4374,0.0046,0.558
CLUBS THREE SPADES THREE,0.4366,0.0652,0.4982
HEARTS SIX SPADES TEN,0.0748,0.907,0.0182
HEARTS EIGHT HEARTS TWO,0.6158,0.0252,0.359
HEARTS KING HEARTS TEN,0.2738,0.0344,0.6918
CLUBS SEVEN DIAMONDS QUEEN,0.3938,0.0106,0.5956
HEARTS THREE DIAMONDS ACE,0.4286,0.0066,0.5648
DIAMONDS THREE DIAMONDS SEVEN,0.6262,0.0256,0.3482
CLUBS FOUR SPADES FIVE,0.6224,0.0274,0.3502
HEARTS SEVEN HEARTS ACE,0.37,0.0048,0.6252
HEARTS KING SPADES TWO,0.4482,0.0076,0.5442
SPADES KING DIAMONDS NINE,0.3942,0.008,0.5978
SPADES NINE CLUBS KING,0.391,0.0076,0.6014
CLUBS SEVEN HEARTS FOUR,0.6284,0.0258,0.3458
HEARTS SIX CLUBS SIX,0.3424,0.0432,0.6144
CLUBS TWO CLUBS KING,0.4176,0.0074,0.575
HEARTS KING HEARTS QUEEN,0.3516,0.0062,0.6422
SPADES NINE DIAMONDS JACK,0.3594,0.0188,0.6218
SPADES ACE SPADES JACK,0.3448,0.005,0.6502
SPADES NINE CLUBS TWO,0.6488,0.0284,0.3228
CLUBS ACE CLUBS QUEEN,0.3558,0.0044,0.6398
DIAMONDS ACE SPADES SIX,0.2894,0.0264,0.6842
CLUBS SIX DIAMONDS FOUR,0.6628,0.0732,0.264
HEARTS SIX HEARTS ACE,0.3,0.0248,0.6752
CLUBS NINE SPADES NINE,0.307,0.0372,0.6558
CLUBS SEVEN HEARTS QUEEN,0.4056,0.0102,0.5842
SPADES THREE DIAMONDS SEVEN,0.6404,0.0266,0.333
CLUBS NINE DIAMONDS SEVEN,0.5816,0.0236,0.3948
HEARTS FIVE HEARTS THREE,0.5968,0.0296,0.3736
DIAMONDS TWO SPADES THREE,0.6474,0.028,0.3246
SPADES QUEEN HEARTS KING,0.3698,0.0038,0.6264
SPADES NINE DIAMONDS ACE,0.3922,0.0028,0.605
SPADES QUEEN CLUBS KING,0.368,0.0058,0.6262
SPADES TEN CLUBS TWO,0.4378,0.3556,0.2066
CLUBS TWO HEARTS ACE,0.4356,0.0046,0.5598
SPADES ACE HEARTS SEVEN,0.415,0.0032,0.5818
CLUBS SIX SPADES FIVE,0.6582,0.0818,0.26
CLUBS EIGHT HEARTS THREE,0.6542,0.0256,0.3202
CLUBS JACK CLUBS TEN,0.2598,0.0526,0.6876
CLUBS SEVEN CLUBS THREE,0.5916,0.026,0.3824
SPADES SEVEN DIAMONDS ACE,0.3916,0.006,0.6024
SPADES KING HEARTS ACE,0.3874,0.0032,0.6094
HEARTS SIX CLUBS FIVE,0.6732,0.0714,0.2554
SPADES QUEEN SPADES NINE,0.3626,0.0106,0.6268
HEARTS FIVE CLUBS THREE,0.6366,0.0316,0.3318
DIAMONDS TWO CLUBS SEVEN,0.6446,0.0284,0.327
HEARTS ACE DIAMONDS JACK,0.3358,0.0068,0.6574
CLUBS TEN DIAMONDS KING,0.2772,0.0368,0.686
HEARTS SIX SPADES SEVEN,0.6644,0.0776,0.258
