opposingHand,winningChance,drawChance,lostChance
DIAMONDS KING CLUBS TWO
HEARTS SIX CLUBS FOUR,0.565,0.0092,0.4258
HEARTS SIX HEARTS FOUR,0.5282,0.01,0.4618
DIAMONDS EIGHT HEARTS JACK,0.5866,0.0078,0.4056
CLUBS NINE DIAMONDS JACK,0.5576,0.0068,0.4356
CLUBS SIX HEARTS TEN,0.5778,0.0062,0.416
DIAMONDS TWO CLUBS SEVEN,0.7442,0.0252,0.2306
SPADES EIGHT HEARTS NINE,0.5542,0.0078,0.438
CLUBS TEN CLUBS QUEEN,0.53,0.0068,0.4632
DIAMONDS ACE CLUBS FOUR,0.3324,0.0058,0.6618
SPADES JACK DIAMONDS SEVEN,0.5776,0.0104,0.412
DIAMONDS THREE HEARTS JACK,0.6092,0.0094,0.3814
CLUBS NINE HEARTS QUEEN,0.5676,0.0076,0.4248
CLUBS JACK DIAMONDS NINE,0.564,0.0072,0.4288
HEARTS SEVEN CLUBS THREE,0.587,0.0092,0.4038
HEARTS SEVEN CLUBS QUEEN,0.587,0.0064,0.4066
SPADES QUEEN DIAMONDS FIVE,0.5906,0.0084,0.401
HEARTS SEVEN HEARTS SIX,0.5236,0.0074,0.469
SPADES JACK SPADES TEN,0.4986,0.006,0.4954
CLUBS FIVE SPADES TWO,0.7104,0.0242,0.2654
HEARTS SIX SPADES TEN,0.5792,0.0066,0.4142
HEARTS JACK DIAMONDS SEVEN,0.5728,0.0088,0.4184
SPADES EIGHT CLUBS THREE,0.5986,0.0088,0.3926
CLUBS FIVE CLUBS THREE,0.5458,0.0098,0.4444
DIAMONDS TEN CLUBS ACE,0.342,0.0052,0.6528
SPADES QUEEN DIAMONDS EIGHT,0.598,0.0052,0.3968
SPADES TEN DIAMONDS SIX,0.5766,0.0104,0.413
SPADES ACE HEARTS TEN,0.351,0.0048,0.6442
SPADES FIVE HEARTS ACE,0.342,0.0056,0.6524
HEARTS QUEEN HEARTS TEN,0.5166,0.0088,0.4746
HEARTS SEVEN SPADES THREE,0.597,0.0102,0.3928
CLUBS THREE HEARTS EIGHT,0.5976,0.0104,0.392
SPADES QUEEN SPADES FOUR,0.5546,0.0072,0.4382
HEARTS FIVE CLUBS THREE,0.5632,0.0092,0.4276
CLUBS JACK HEARTS THREE,0.597,0.0088,0.3942
SPADES THREE HEARTS TEN,0.5952,0.0076,0.3972
SPADES FOUR SPADES THREE,0.539,0.0108,0.4502
CLUBS FIVE CLUBS KING,0.2086,0.4338,0.3576
HEARTS FOUR SPADES SEVEN,0.5614,0.0058,0.4328
SPADES TEN DIAMONDS EIGHT,0.565,0.0078,0.4272
SPADES SEVEN DIAMONDS NINE,0.5642,0.0064,0.4294
CLUBS QUEEN HEARTS EIGHT,0.5744,0.006,0.4196
CLUBS NINE DIAMONDS ACE,0.332,0.0052,0.6628
SPADES TEN HEARTS QUEEN,0.5648,0.007,0.4282
HEARTS FIVE DIAMONDS SIX,0.5662,0.0088,0.425
HEARTS FOUR DIAMONDS EIGHT,0.5912,0.0092,0.3996
CLUBS JACK CLUBS FOUR,0.571,0.0084,0.4206
CLUBS THREE DIAMONDS TEN,0.5992,0.0082,0.3926
DIAMONDS TWO HEARTS FIVE,0.7152,0.027,0.2578
SPADES JACK DIAMONDS JACK,0.286,0.0058,0.7082
CLUBS ACE HEARTS TEN,0.3342,0.0072,0.6586
CLUBS FOUR DIAMONDS NINE,0.601,0.0094,0.3896
DIAMONDS TWO DIAMONDS JACK,0.706,0.0302,0.2638
CLUBS SEVEN SPADES FIVE,0.5558,0.0102,0.434
SPADES JACK SPADES SEVEN,0.5516,0.0106,0.4378
SPADES ACE SPADES TWO,0.216,0.0164,0.7676
HEARTS FIVE SPADES TEN,0.5866,0.009,0.4044
SPADES JACK DIAMONDS SIX,0.6026,0.008,0.3894
SPADES NINE DIAMONDS SEVEN,0.5624,0.0072,0.4304
HEARTS SIX HEARTS THREE,0.546,0.008,0.446
HEARTS FIVE DIAMONDS QUEEN,0.6136,0.012,0.3744
DIAMONDS THREE HEARTS THREE,0.3516,0.0226,0.6258
SPADES QUEEN SPADES TWO,0.6926,0.027,0.2804
CLUBS JACK CLUBS SEVEN,0.54,0.009,0.451
HEARTS SEVEN CLUBS FOUR,0.5726,0.0074,0.42
HEARTS FOUR DIAMONDS QUEEN,0.6052,0.007,0.3878
SPADES ACE DIAMONDS SEVEN,0.3474,0.0056,0.647
CLUBS JACK HEARTS EIGHT,0.553,0.0092,0.4378
SPADES TEN DIAMONDS SEVEN,0.5668,0.0076,0.4256
HEARTS SIX HEARTS ACE,0.3236,0.0048,0.6716
HEARTS SIX CLUBS QUEEN,0.5794,0.011,0.4096
DIAMONDS THREE CLUBS SEVEN,0.5896,0.0116,0.3988
DIAMONDS TWO CLUBS THREE,0.716,0.0292,0.2548
SPADES FIVE DIAMONDS NINE,0.584,0.0082,0.4078
SPADES TWO CLUBS QUEEN,0.7448,0.027,0.2282
CLUBS TEN CLUBS EIGHT,0.5362,0.0112,0.4526
CLUBS ACE DIAMONDS SIX,0.3598,0.0054,0.6348
SPADES KING HEARTS EIGHT,0.224,0.2288,0.5472
SPADES NINE DIAMONDS SIX,0.5832,0.0066,0.4102
DIAMONDS QUEEN SPADES SIX,0.5832,0.0074,0.4094
DIAMONDS TWO CLUBS SIX,0.7278,0.0234,0.2488
SPADES QUEEN CLUBS EIGHT,0.584,0.0078,0.4082
SPADES SIX CLUBS ACE,0.3536,0.003,0.6434
CLUBS FOUR HEARTS QUEEN,0.604,0.0084,0.3876
SPADES TEN DIAMONDS TEN,0.299,0.0048,0.6962
HEARTS FOUR DIAMONDS TEN,0.6016,0.0104,0.388
SPADES QUEEN HEARTS THREE,0.6026,0.0086,0.3888
HEARTS SEVEN DIAMONDS QUEEN,0.5878,0.0094,0.4028
HEARTS TWO HEARTS EIGHT,0.691,0.025,0.284
DIAMONDS ACE DIAMONDS JACK,0.3204,0.0074,0.6722
CLUBS JACK HEARTS TEN,0.5368,0.0106,0.4526
DIAMONDS ACE HEARTS JACK,0.3364,0.0062,0.6574
CLUBS JACK DIAMONDS EIGHT,0.5554,0.0076,0.437
CLUBS SIX HEARTS TWO,0.7086,0.0206,0.2708
SPADES ACE SPADES THREE,0.321,0.0062,0.6728
SPADES TEN CLUBS QUEEN,0.5312,0.0086,0.4602
DIAMONDS NINE DIAMONDS SEVEN,0.5298,0.008,0.4622
SPADES KING SPADES JACK,0.2138,0.0822,0.704
SPADES FIVE DIAMONDS SIX,0.5646,0.0094,0.426
HEARTS THREE DIAMONDS SEVEN,0.596,0.0104,0.3936
DIAMONDS ACE SPADES THREE,0.3404,0.0054,0.6542
HEARTS FIVE CLUBS FOUR,0.5548,0.011,0.4342
SPADES SEVEN DIAMONDS FOUR,0.5752,0.0106,0.4142
HEARTS SEVEN CLUBS EIGHT,0.5512,0.0074,0.4414
SPADES TEN CLUBS SIX,0.584,0.0058,0.4102
CLUBS SEVEN DIAMONDS NINE,0.566,0.009,0.425
HEARTS SEVEN DIAMONDS FIVE,0.549,0.01,0.441
DIAMONDS EIGHT DIAMONDS FIVE,0.5588,0.0096,0.4316
DIAMONDS THREE SPADES JACK,0.6044,0.0086,0.387
CLUBS TEN SPADES EIGHT,0.5584,0.0096,0.432
DIAMONDS QUEEN HEARTS QUEEN,0.2866,0.0056,0.7078
HEARTS FOUR HEARTS KING,0.1916,0.4842,0.3242
SPADES SEVEN CLUBS QUEEN,0.5794,0.0068,0.4138
HEARTS FIVE SPADES FIVE,0.3362,0.0144,0.6494
CLUBS FIVE DIAMONDS FIVE,0.3228,0.0166,0.6606
HEARTS FIVE DIAMONDS FOUR,0.5766,0.0124,0.411
DIAMONDS JACK DIAMONDS SEVEN,0.5578,0.0096,0.4326
HEARTS THREE CLUBS KING,0.2062,0.5234,0.2704
HEARTS ACE DIAMONDS NINE,0.3684,0.0082,0.6234
DIAMONDS QUEEN SPADES THREE,0.602,0.011,0.387
CLUBS JACK CLUBS QUEEN,0.5256,0.0078,0.4666
DIAMONDS THREE CLUBS ACE,0.3406,0.0064,0.653
CLUBS TEN HEARTS EIGHT,0.5554,0.0062,0.4384
SPADES ACE SPADES FIVE,0.3278,0.0052,0.667
CLUBS FIVE DIAMONDS SIX,0.5656,0.0094,0.425
DIAMONDS ACE CLUBS ACE,0.0976,0.0042,0.8982
CLUBS FIVE CLUBS ACE,0.3252,0.0046,0.6702
SPADES QUEEN CLUBS SEVEN,0.596,0.0082,0.3958
HEARTS FOUR SPADES FOUR,0.3422,0.019,0.6388
DIAMONDS THREE DIAMONDS SIX,0.5652,0.0122,0.4226
HEARTS THREE HEARTS JACK,0.5462,0.0096,0.4442
CLUBS NINE DIAMONDS SEVEN,0.5586,0.0098,0.4316
DIAMONDS TWO HEARTS KING,0.0196,0.9706,0.0098
DIAMONDS TEN CLUBS QUEEN,0.5566,0.0068,0.4366
DIAMONDS JACK SPADES FIVE,0.6002,0.0086,0.3912
CLUBS SIX DIAMONDS SIX,0.3266,0.0162,0.6572
SPADES FIVE DIAMONDS FOUR,0.5618,0.0086,0.4296
CLUBS TEN HEARTS ACE,0.3324,0.0048,0.6628
CLUBS NINE HEARTS FIVE,0.582,0.0082,0.4098
CLUBS FIVE HEARTS EIGHT,0.5632,0.009,0.4278
SPADES EIGHT DIAMONDS SEVEN,0.5454,0.0084,0.4462
HEARTS THREE HEARTS TEN,0.5486,0.0094,0.442
SPADES JACK DIAMONDS EIGHT,0.5508,0.0088,0.4404
SPADES NINE HEARTS EIGHT,0.5468,0.0068,0.4464
SPADES EIGHT HEARTS KING,0.2392,0.231,0.5298
HEARTS JACK DIAMONDS FOUR,0.6044,0.0072,0.3884
HEARTS SEVEN DIAMONDS EIGHT,0.5498,0.0076,0.4426
HEARTS QUEEN HEARTS NINE,0.5234,0.0078,0.4688
SPADES KING DIAMONDS ACE,0.2126,0.015,0.7724
HEARTS THREE HEARTS QUEEN,0.5614,0.01,0.4286
DIAMONDS THREE DIAMONDS QUEEN,0.5696,0.0112,0.4192
HEARTS ACE HEARTS TEN,0.3196,0.0042,0.6762
HEARTS FOUR SPADES THREE,0.5768,0.0098,0.4134
CLUBS ACE HEARTS EIGHT,0.3616,0.0048,0.6336
HEARTS JACK CLUBS QUEEN,0.539,0.0068,0.4542
CLUBS SIX DIAMONDS FIVE,0.5564,0.0094,0.4342
DIAMONDS THREE CLUBS FIVE,0.5744,0.0132,0.4124
DIAMONDS TWO DIAMONDS QUEEN,0.7082,0.0268,0.265
HEARTS SIX HEARTS EIGHT,0.5312,0.005,0.4638
CLUBS EIGHT CLUBS QUEEN,0.5476,0.0064,0.446
SPADES JACK DIAMONDS ACE,0.343,0.005,0.652
HEARTS TWO HEARTS TEN,0.6882,0.0274,0.2844
DIAMONDS EIGHT DIAMONDS FOUR,0.5634,0.0098,0.4268
SPADES KING CLUBS EIGHT,0.219,0.2314,0.5496
SPADES QUEEN CLUBS SIX,0.582,0.0084,0.4096
CLUBS NINE SPADES FIVE,0.5816,0.0086,0.4098
SPADES THREE HEARTS QUEEN,0.6006,0.007,0.3924
SPADES NINE HEARTS TWO,0.714,0.0332,0.2528
HEARTS FIVE HEARTS QUEEN,0.5506,0.0082,0.4412
SPADES TWO HEARTS JACK,0.7272,0.0288,0.244
HEARTS THREE SPADES FIVE,0.5806,0.0072,0.4122
HEARTS NINE HEARTS EIGHT,0.5122,0.006,0.4818
CLUBS FIVE SPADES FOUR,0.554,0.0082,0.4378
HEARTS SEVEN SPADES FOUR,0.5612,0.0076,0.4312
HEARTS SEVEN SPADES FIVE,0.5658,0.0062,0.428
CLUBS TEN SPADES FOUR,0.6022,0.0084,0.3894
DIAMONDS EIGHT CLUBS ACE,0.3506,0.0066,0.6428
CLUBS EIGHT HEARTS QUEEN,0.5884,0.0078,0.4038
SPADES QUEEN HEARTS QUEEN,0.2822,0.0056,0.7122
CLUBS TEN CLUBS ACE,0.3212,0.005,0.6738
HEARTS KING HEARTS NINE,0.2142,0.156,0.6298
DIAMONDS QUEEN HEARTS TEN,0.5522,0.0078,0.44
SPADES KING HEARTS FOUR,0.2104,0.5122,0.2774
SPADES FIVE HEARTS TEN,0.6104,0.006,0.3836
HEARTS SIX SPADES FIVE,0.5542,0.0088,0.437
CLUBS SEVEN SPADES TWO,0.7306,0.0282,0.2412
HEARTS ACE SPADES FOUR,0.355,0.0066,0.6384
HEARTS THREE HEARTS KING,0.206,0.4792,0.3148
CLUBS FIVE HEARTS JACK,0.5918,0.0072,0.401
DIAMONDS SEVEN CLUBS KING,0.2324,0.2956,0.472
HEARTS TWO SPADES FIVE,0.7126,0.028,0.2594
HEARTS SEVEN HEARTS TWO,0.689,0.0238,0.2872
SPADES KING SPADES THREE,0.2028,0.4832,0.314
SPADES TEN HEARTS KING,0.2284,0.1094,0.6622
DIAMONDS EIGHT DIAMONDS SEVEN,0.5084,0.009,0.4826
CLUBS JACK HEARTS QUEEN,0.5412,0.0056,0.4532
HEARTS SEVEN SPADES JACK,0.5878,0.006,0.4062
HEARTS TWO DIAMONDS TEN,0.742,0.025,0.233
CLUBS JACK DIAMONDS JACK,0.282,0.0072,0.7108
SPADES TEN HEARTS JACK,0.536,0.008,0.456
HEARTS THREE DIAMONDS FOUR,0.5816,0.0116,0.4068
SPADES JACK SPADES THREE,0.5712,0.009,0.4198
HEARTS FIVE HEARTS TWO,0.6626,0.0272,0.3102
DIAMONDS NINE HEARTS TEN,0.5392,0.0078,0.453
HEARTS THREE SPADES FOUR,0.5702,0.0102,0.4196
CLUBS SIX CLUBS FIVE,0.5272,0.0086,0.4642
SPADES NINE HEARTS JACK,0.5476,0.0064,0.446
HEARTS FIVE DIAMONDS SEVEN,0.575,0.0084,0.4166
DIAMONDS TWO DIAMONDS NINE,0.7056,0.0272,0.2672
DIAMONDS EIGHT DIAMONDS SIX,0.5444,0.0094,0.4462
SPADES FIVE HEARTS KING,0.2238,0.45,0.3262
SPADES QUEEN CLUBS THREE,0.5926,0.0094,0.398
HEARTS SEVEN HEARTS FIVE,0.5266,0.006,0.4674
SPADES SIX CLUBS QUEEN,0.5852,0.007,0.4078
CLUBS SEVEN CLUBS SIX,0.534,0.0084,0.4576
DIAMONDS TWO SPADES NINE,0.7384,0.028,0.2336
HEARTS JACK CLUBS ACE,0.3392,0.0064,0.6544
CLUBS FIVE HEARTS QUEEN,0.586,0.009,0.405
SPADES QUEEN DIAMONDS SIX,0.5938,0.0084,0.3978
SPADES EIGHT SPADES FOUR,0.5424,0.0096,0.448
DIAMONDS NINE SPADES THREE,0.5988,0.0104,0.3908
CLUBS FIVE DIAMONDS NINE,0.5776,0.0104,0.412
HEARTS QUEEN DIAMONDS FIVE,0.5802,0.0094,0.4104
DIAMONDS ACE DIAMONDS QUEEN,0.3306,0.0064,0.663
HEARTS THREE CLUBS FOUR,0.572,0.0114,0.4166
SPADES EIGHT DIAMONDS ACE,0.344,0.0042,0.6518
HEARTS SEVEN SPADES KING,0.2326,0.2964,0.471
DIAMONDS THREE HEARTS ACE,0.3472,0.0048,0.648
CLUBS JACK SPADES THREE,0.5938,0.0088,0.3974
HEARTS SEVEN HEARTS JACK,0.5394,0.0096,0.451
SPADES SEVEN DIAMONDS FIVE,0.566,0.0078,0.4262
HEARTS SIX CLUBS SEVEN,0.5534,0.0042,0.4424
CLUBS FOUR SPADES FOUR,0.3414,0.0178,0.6408
HEARTS TWO CLUBS ACE,0.234,0.0176,0.7484
CLUBS EIGHT HEARTS JACK,0.572,0.007,0.421
DIAMONDS THREE DIAMONDS JACK,0.5876,0.0096,0.4028
DIAMONDS SIX HEARTS EIGHT,0.5606,0.0074,0.432
CLUBS TEN DIAMONDS SIX,0.5882,0.0102,0.4016
SPADES QUEEN DIAMONDS JACK,0.5548,0.0084,0.4368
SPADES FOUR HEARTS TEN,0.5878,0.0076,0.4046
CLUBS EIGHT DIAMONDS ACE,0.337,0.0062,0.6568
DIAMONDS ACE HEARTS QUEEN,0.3414,0.0044,0.6542
CLUBS SEVEN DIAMONDS EIGHT,0.5572,0.01,0.4328
DIAMONDS ACE CLUBS QUEEN,0.3342,0.0056,0.6602
HEARTS TWO HEARTS QUEEN,0.6994,0.0248,0.2758
SPADES NINE SPADES TWO,0.6758,0.0284,0.2958
HEARTS SIX DIAMONDS ACE,0.3546,0.007,0.6384
HEARTS SIX CLUBS ACE,0.3528,0.0044,0.6428
SPADES JACK HEARTS ACE,0.3336,0.0066,0.6598
SPADES SIX HEARTS JACK,0.5924,0.0044,0.4032
CLUBS SEVEN SPADES THREE,0.5898,0.0086,0.4016
SPADES THREE CLUBS QUEEN,0.587,0.0092,0.4038
SPADES ACE DIAMONDS QUEEN,0.3422,0.0062,0.6516
SPADES QUEEN SPADES JACK,0.5138,0.007,0.4792
HEARTS ACE DIAMONDS TEN,0.3414,0.0058,0.6528
SPADES NINE DIAMONDS TEN,0.5402,0.0102,0.4496
CLUBS NINE CLUBS QUEEN,0.5388,0.008,0.4532
HEARTS KING HEARTS EIGHT,0.2224,0.206,0.5716
DIAMONDS TWO SPADES JACK,0.7348,0.0262,0.239
DIAMONDS QUEEN DIAMONDS FIVE,0.5726,0.0104,0.417
DIAMONDS JACK CLUBS ACE,0.3338,0.0062,0.66
SPADES FOUR SPADES TWO,0.6626,0.027,0.3104
SPADES NINE DIAMONDS FIVE,0.5752,0.01,0.4148
HEARTS SEVEN DIAMONDS JACK,0.5812,0.0092,0.4096
SPADES JACK DIAMONDS TEN,0.538,0.0086,0.4534
CLUBS JACK DIAMONDS TEN,0.5432,0.0084,0.4484
DIAMONDS TEN DIAMONDS FOUR,0.5724,0.0066,0.421
HEARTS FOUR CLUBS FOUR,0.3276,0.0236,0.6488
SPADES NINE DIAMONDS EIGHT,0.5568,0.0098,0.4334
SPADES KING HEARTS FIVE,0.2134,0.4658,0.3208
CLUBS SIX DIAMONDS SEVEN,0.5506,0.0106,0.4388
SPADES JACK CLUBS SIX,0.6004,0.0068,0.3928
CLUBS FIVE DIAMONDS SEVEN,0.573,0.0092,0.4178
DIAMONDS SIX HEARTS NINE,0.5622,0.0084,0.4294
HEARTS ACE SPADES TWO,0.2168,0.0176,0.7656
HEARTS JACK HEARTS EIGHT,0.5434,0.0052,0.4514
HEARTS QUEEN SPADES TWO,0.7368,0.0266,0.2366
DIAMONDS QUEEN DIAMONDS JACK,0.5366,0.007,0.4564
HEARTS JACK DIAMONDS FIVE,0.5986,0.008,0.3934
SPADES TEN DIAMONDS ACE,0.3192,0.0046,0.6762
CLUBS TEN HEARTS QUEEN,0.541,0.0038,0.4552
CLUBS SEVEN SPADES SIX,0.5328,0.0094,0.4578
DIAMONDS TWO DIAMONDS ACE,0.2172,0.017,0.7658
DIAMONDS TWO HEARTS FOUR,0.7138,0.0324,0.2538
DIAMONDS THREE HEARTS FIVE,0.567,0.0102,0.4228
CLUBS EIGHT DIAMONDS FOUR,0.5904,0.0092,0.4004
DIAMONDS ACE SPADES FIVE,0.352,0.0048,0.6432
SPADES TWO HEARTS NINE,0.7314,0.0272,0.2414
HEARTS KING CLUBS QUEEN,0.223,0.065,0.712
CLUBS FIVE CLUBS QUEEN,0.5534,0.009,0.4376
HEARTS TEN CLUBS KING,0.2326,0.1148,0.6526
HEARTS TWO SPADES TWO,0.3162,0.0218,0.662
HEARTS FOUR HEARTS TEN,0.5558,0.007,0.4372
CLUBS TEN CLUBS SIX,0.5528,0.0086,0.4386
CLUBS FOUR CLUBS QUEEN,0.5574,0.0088,0.4338
HEARTS JACK HEARTS TEN,0.5062,0.0086,0.4852
SPADES FIVE HEARTS JACK,0.5886,0.0078,0.4036
SPADES QUEEN HEARTS FOUR,0.6024,0.0072,0.3904
CLUBS SIX HEARTS JACK,0.586,0.0052,0.4088
CLUBS TEN HEARTS FOUR,0.5888,0.0094,0.4018
HEARTS SIX HEARTS NINE,0.5286,0.0094,0.462
HEARTS FOUR DIAMONDS JACK,0.6086,0.0082,0.3832
CLUBS SIX DIAMONDS NINE,0.5702,0.009,0.4208
SPADES EIGHT DIAMONDS FOUR,0.6038,0.0092,0.387
SPADES ACE HEARTS EIGHT,0.3646,0.0044,0.631
CLUBS TEN DIAMONDS EIGHT,0.5582,0.0066,0.4352
SPADES KING CLUBS SIX,0.222,0.3802,0.3978
HEARTS THREE SPADES EIGHT,0.6052,0.0096,0.3852
HEARTS FIVE CLUBS FIVE,0.3322,0.0152,0.6526
HEARTS SEVEN HEARTS ACE,0.3266,0.0054,0.668
CLUBS SEVEN SPADES FOUR,0.5646,0.0078,0.4276
HEARTS FIVE HEARTS EIGHT,0.5408,0.0086,0.4506
SPADES NINE HEARTS KING,0.236,0.1604,0.6036
HEARTS FOUR SPADES FIVE,0.5672,0.0098,0.423
HEARTS SEVEN CLUBS TEN,0.559,0.0076,0.4334
HEARTS QUEEN HEARTS JACK,0.5144,0.0074,0.4782
DIAMONDS ACE DIAMONDS FOUR,0.3358,0.0054,0.6588
CLUBS TEN DIAMONDS SEVEN,0.5738,0.0084,0.4178
DIAMONDS SEVEN DIAMONDS FIVE,0.5376,0.009,0.4534
SPADES ACE HEARTS SEVEN,0.3624,0.0036,0.634
HEARTS FIVE SPADES FOUR,0.5628,0.0088,0.4284
SPADES TEN CLUBS FOUR,0.5922,0.0086,0.3992
SPADES FIVE CLUBS KING,0.2128,0.4618,0.3254
CLUBS EIGHT CLUBS KING,0.2168,0.222,0.5612
DIAMONDS TWO HEARTS QUEEN,0.7386,0.0254,0.236
HEARTS FIVE CLUBS EIGHT,0.5698,0.0086,0.4216
HEARTS SIX SPADES NINE,0.5644,0.0052,0.4304
CLUBS EIGHT HEARTS NINE,0.5374,0.0096,0.453
CLUBS JACK DIAMONDS SEVEN,0.5802,0.0094,0.4104
HEARTS KING SPADES TWO,0.0202,0.9582,0.0216
CLUBS FIVE DIAMONDS QUEEN,0.597,0.0066,0.3964
DIAMONDS SIX CLUBS QUEEN,0.597,0.009,0.394
SPADES QUEEN CLUBS FOUR,0.6104,0.0092,0.3804
HEARTS SIX SPADES QUEEN,0.5944,0.0078,0.3978
DIAMONDS THREE DIAMONDS TWO,0.6886,0.0282,0.2832
SPADES QUEEN HEARTS TWO,0.7318,0.028,0.2402
CLUBS FOUR SPADES FIVE,0.5376,0.0084,0.454
HEARTS SIX HEARTS KING,0.2128,0.3518,0.4354
CLUBS TEN HEARTS TWO,0.7376,0.0274,0.235
HEARTS QUEEN CLUBS KING,0.2096,0.0664,0.724
CLUBS JACK DIAMONDS ACE,0.3426,0.0082,0.6492
SPADES THREE DIAMONDS FOUR,0.5776,0.01,0.4124
CLUBS JACK SPADES QUEEN,0.5432,0.0066,0.4502
SPADES QUEEN SPADES EIGHT,0.5418,0.0084,0.4498
DIAMONDS JACK DIAMONDS FIVE,0.5784,0.01,0.4116
HEARTS TWO DIAMONDS SEVEN,0.7346,0.0264,0.239
SPADES ACE CLUBS TEN,0.3442,0.0034,0.6524
SPADES ACE HEARTS THREE,0.3488,0.0058,0.6454
DIAMONDS TEN SPADES THREE,0.5868,0.0102,0.403
SPADES KING HEARTS TEN,0.231,0.1146,0.6544
DIAMONDS THREE SPADES SEVEN,0.5914,0.0104,0.3982
SPADES SEVEN HEARTS KING,0.2204,0.3016,0.478
HEARTS SEVEN SPADES SIX,0.5636,0.0074,0.429
SPADES SIX DIAMONDS SEVEN,0.5572,0.0074,0.4354
DIAMONDS QUEEN DIAMONDS EIGHT,0.548,0.0096,0.4424
SPADES ACE CLUBS SEVEN,0.3522,0.0044,0.6434
CLUBS EIGHT DIAMONDS JACK,0.5724,0.0086,0.419
DIAMONDS TEN DIAMONDS FIVE,0.5642,0.0094,0.4264
HEARTS SEVEN DIAMONDS TWO,0.7402,0.0238,0.236
HEARTS THREE CLUBS ACE,0.3456,0.0048,0.6496
SPADES KING CLUBS SEVEN,0.227,0.3024,0.4706
CLUBS JACK SPADES TWO,0.7386,0.0252,0.2362
DIAMONDS NINE HEARTS QUEEN,0.5762,0.0076,0.4162
SPADES TEN DIAMONDS FIVE,0.5948,0.0098,0.3954
HEARTS SEVEN CLUBS ACE,0.3508,0.0044,0.6448
DIAMONDS TWO DIAMONDS TEN,0.697,0.0272,0.2758
SPADES QUEEN DIAMONDS FOUR,0.604,0.0094,0.3866
HEARTS FOUR SPADES TEN,0.5946,0.0064,0.399
SPADES TEN SPADES EIGHT,0.5138,0.007,0.4792
CLUBS JACK CLUBS FIVE,0.558,0.0092,0.4328
DIAMONDS QUEEN CLUBS THREE,0.6124,0.0086,0.379
SPADES THREE HEARTS JACK,0.6016,0.0082,0.3902
CLUBS TEN SPADES THREE,0.5942,0.006,0.3998
SPADES TWO DIAMONDS FOUR,0.7166,0.0262,0.2572
CLUBS THREE HEARTS JACK,0.5976,0.0084,0.394
SPADES QUEEN SPADES NINE,0.5242,0.008,0.4678
HEARTS FIVE SPADES THREE,0.5628,0.0086,0.4286
CLUBS SIX SPADES FIVE,0.5532,0.0094,0.4374
CLUBS KING HEARTS NINE,0.223,0.1698,0.6072
DIAMONDS ACE SPADES TWO,0.2264,0.0194,0.7542
SPADES TEN DIAMONDS NINE,0.5506,0.009,0.4404
CLUBS NINE DIAMONDS FOUR,0.6062,0.009,0.3848
DIAMONDS TWO HEARTS EIGHT,0.7344,0.0296,0.236
HEARTS FIVE DIAMONDS FIVE,0.326,0.015,0.659
HEARTS ACE CLUBS KING,0.2126,0.0108,0.7766
DIAMONDS JACK HEARTS EIGHT,0.5792,0.0062,0.4146
CLUBS EIGHT HEARTS EIGHT,0.3136,0.0124,0.674
HEARTS THREE CLUBS QUEEN,0.6012,0.0054,0.3934
DIAMONDS NINE DIAMONDS FIVE,0.5608,0.0092,0.43
SPADES ACE SPADES FOUR,0.325,0.0058,0.6692
SPADES FOUR HEARTS JACK,0.5998,0.0074,0.3928
DIAMONDS TEN SPADES TWO,0.7308,0.0296,0.2396
HEARTS SEVEN SPADES NINE,0.5694,0.0112,0.4194
CLUBS JACK DIAMONDS TWO,0.7332,0.029,0.2378
SPADES TEN SPADES NINE,0.5106,0.0056,0.4838
HEARTS FOUR DIAMONDS ACE,0.3508,0.005,0.6442
CLUBS TEN SPADES NINE,0.5524,0.006,0.4416
CLUBS FOUR DIAMONDS SEVEN,0.5774,0.0114,0.4112
HEARTS SIX DIAMONDS EIGHT,0.5656,0.0096,0.4248
HEARTS FOUR CLUBS FIVE,0.5622,0.0086,0.4292
DIAMONDS ACE HEARTS EIGHT,0.3434,0.0042,0.6524
HEARTS TWO DIAMONDS NINE,0.7506,0.0258,0.2236
CLUBS KING DIAMONDS FOUR,0.2236,0.5212,0.2552
CLUBS THREE SPADES FOUR,0.5686,0.0096,0.4218
CLUBS NINE CLUBS ACE,0.3386,0.0056,0.6558
SPADES ACE DIAMONDS NINE,0.3582,0.0046,0.6372
HEARTS FOUR DIAMONDS FIVE,0.561,0.0102,0.4288
CLUBS TEN CLUBS THREE,0.5804,0.0082,0.4114
SPADES NINE DIAMONDS FOUR,0.6032,0.0098,0.387
HEARTS ACE SPADES THREE,0.3422,0.0034,0.6544
SPADES ACE CLUBS THREE,0.333,0.005,0.662
SPADES NINE SPADES FOUR,0.5602,0.008,0.4318
SPADES TWO DIAMONDS SIX,0.7224,0.0188,0.2588
SPADES KING HEARTS KING,0.0674,0.0144,0.9182
HEARTS SIX CLUBS FIVE,0.5566,0.0074,0.436
DIAMONDS THREE SPADES EIGHT,0.6076,0.0072,0.3852
HEARTS THREE DIAMONDS ACE,0.3358,0.0056,0.6586
CLUBS THREE HEARTS ACE,0.3456,0.006,0.6484
SPADES TEN SPADES TWO,0.6762,0.0282,0.2956
CLUBS JACK CLUBS TEN,0.52,0.008,0.472
CLUBS TEN HEARTS TEN,0.2892,0.009,0.7018
CLUBS TEN DIAMONDS FOUR,0.597,0.0078,0.3952
SPADES ACE HEARTS ACE,0.1138,0.0032,0.883
SPADES SEVEN CLUBS FOUR,0.582,0.0086,0.4094
CLUBS TEN DIAMONDS ACE,0.3264,0.0044,0.6692
CLUBS EIGHT DIAMONDS EIGHT,0.3184,0.0134,0.6682
SPADES SIX HEARTS NINE,0.5754,0.009,0.4156
HEARTS SIX CLUBS KING,0.214,0.3856,0.4004
SPADES FIVE CLUBS QUEEN,0.5988,0.0088,0.3924
CLUBS FOUR DIAMONDS SIX,0.5798,0.01,0.4102
SPADES EIGHT HEARTS JACK,0.5616,0.0072,0.4312
HEARTS KING DIAMONDS FIVE,0.2272,0.4568,0.316
SPADES SIX HEARTS KING,0.228,0.3724,0.3996
SPADES JACK HEARTS EIGHT,0.568,0.0074,0.4246
CLUBS NINE CLUBS THREE,0.566,0.0086,0.4254
DIAMONDS TWO DIAMONDS EIGHT,0.6974,0.0314,0.2712
HEARTS FIVE CLUBS SIX,0.5466,0.01,0.4434
SPADES SEVEN HEARTS EIGHT,0.5454,0.008,0.4466
CLUBS SEVEN CLUBS FIVE,0.5208,0.0078,0.4714
HEARTS SIX CLUBS SIX,0.325,0.0146,0.6604
CLUBS NINE SPADES TEN,0.5498,0.0054,0.4448
HEARTS FIVE HEARTS ACE,0.3156,0.0056,0.6788
SPADES JACK CLUBS EIGHT,0.5622,0.0088,0.429
SPADES SEVEN DIAMONDS JACK,0.5864,0.0072,0.4064
SPADES FOUR HEARTS EIGHT,0.5866,0.0092,0.4042
CLUBS EIGHT HEARTS THREE,0.614,0.0062,0.3798
HEARTS SIX SPADES JACK,0.5914,0.007,0.4016
CLUBS FOUR SPADES SIX,0.5722,0.01,0.4178
HEARTS SEVEN DIAMONDS ACE,0.3618,0.0046,0.6336
SPADES ACE DIAMONDS THREE,0.3512,0.0042,0.6446
SPADES JACK DIAMONDS QUEEN,0.554,0.0046,0.4414
HEARTS FIVE DIAMONDS ACE,0.3282,0.0058,0.666
SPADES SEVEN HEARTS QUEEN,0.587,0.0066,0.4064
CLUBS FOUR CLUBS KING,0.206,0.4902,0.3038
DIAMONDS TWO CLUBS NINE,0.743,0.0282,0.2288
DIAMONDS JACK HEARTS TEN,0.551,0.0064,0.4426
HEARTS FIVE HEARTS THREE,0.5352,0.0098,0.455
CLUBS EIGHT HEARTS KING,0.2208,0.2346,0.5446
SPADES KING HEARTS TWO,0.0192,0.9592,0.0216
CLUBS KING DIAMONDS FIVE,0.2224,0.4642,0.3134
CLUBS EIGHT CLUBS FOUR,0.552,0.01,0.438
SPADES QUEEN HEARTS KING,0.239,0.0656,0.6954
SPADES JACK SPADES SIX,0.5536,0.007,0.4394
CLUBS JACK DIAMONDS FIVE,0.5904,0.0086,0.401
HEARTS FOUR CLUBS THREE,0.57,0.0088,0.4212
SPADES KING HEARTS NINE,0.2322,0.1664,0.6014
SPADES QUEEN DIAMONDS SEVEN,0.5922,0.0094,0.3984
DIAMONDS NINE CLUBS KING,0.218,0.157,0.625
DIAMONDS QUEEN SPADES FIVE,0.599,0.009,0.392
CLUBS NINE CLUBS KING,0.2166,0.157,0.6264
SPADES ACE HEARTS JACK,0.3632,0.007,0.6298
SPADES KING DIAMONDS FIVE,0.2246,0.4466,0.3288
DIAMONDS TWO HEARTS TWO,0.3136,0.0216,0.6648
DIAMONDS THREE CLUBS TEN,0.6008,0.0092,0.39
SPADES SIX HEARTS TEN,0.576,0.0066,0.4174
DIAMONDS JACK CLUBS QUEEN,0.5462,0.0062,0.4476
DIAMONDS TWO SPADES EIGHT,0.7222,0.0334,0.2444
SPADES JACK SPADES FOUR,0.5686,0.0068,0.4246
CLUBS TEN HEARTS JACK,0.5404,0.0066,0.453
SPADES SIX DIAMONDS FOUR,0.5758,0.0096,0.4146
CLUBS SEVEN HEARTS TEN,0.5672,0.007,0.4258
CLUBS SEVEN DIAMONDS QUEEN,0.5952,0.0072,0.3976
DIAMONDS THREE HEARTS NINE,0.596,0.011,0.393
CLUBS NINE HEARTS FOUR,0.578,0.009,0.413
SPADES KING CLUBS TEN,0.225,0.11,0.665
CLUBS NINE HEARTS EIGHT,0.538,0.0076,0.4544
CLUBS EIGHT CLUBS FIVE,0.5408,0.01,0.4492
HEARTS FIVE HEARTS FOUR,0.5354,0.0112,0.4534
HEARTS SIX SPADES EIGHT,0.5622,0.0078,0.43
CLUBS SEVEN SPADES SEVEN,0.3206,0.0132,0.6662
DIAMONDS JACK SPADES FOUR,0.6034,0.0088,0.3878
CLUBS ACE CLUBS QUEEN,0.324,0.0062,0.6698
CLUBS TEN CLUBS KING,0.2214,0.1098,0.6688
DIAMONDS SIX DIAMONDS FIVE,0.5162,0.0082,0.4756
CLUBS THREE DIAMONDS NINE,0.6032,0.0098,0.387
SPADES FIVE HEARTS QUEEN,0.5928,0.0056,0.4016
HEARTS THREE SPADES TWO,0.7212,0.0226,0.2562
HEARTS FOUR HEARTS NINE,0.5582,0.01,0.4318
SPADES KING DIAMONDS TWO,0.0172,0.972,0.0108
CLUBS TEN DIAMONDS FIVE,0.5986,0.0122,0.3892
SPADES SIX SPADES FIVE,0.5234,0.0076,0.469
CLUBS FOUR DIAMONDS FOUR,0.3356,0.0182,0.6462
SPADES QUEEN HEARTS FIVE,0.591,0.0084,0.4006
CLUBS SEVEN DIAMONDS FIVE,0.5556,0.009,0.4354
SPADES EIGHT SPADES SIX,0.5368,0.0062,0.457
HEARTS FOUR SPADES EIGHT,0.6036,0.01,0.3864
DIAMONDS TWO DIAMONDS SIX,0.6888,0.0254,0.2858
SPADES THREE DIAMONDS FIVE,0.5844,0.01,0.4056
CLUBS SEVEN CLUBS THREE,0.5532,0.011,0.4358
DIAMONDS QUEEN DIAMONDS FOUR,0.5742,0.01,0.4158
HEARTS SEVEN DIAMONDS THREE,0.5916,0.007,0.4014
DIAMONDS TEN HEARTS KING,0.2338,0.1158,0.6504
CLUBS EIGHT HEARTS ACE,0.3388,0.0064,0.6548
SPADES NINE HEARTS TEN,0.5398,0.0066,0.4536
SPADES EIGHT HEARTS QUEEN,0.5806,0.0066,0.4128
DIAMONDS QUEEN HEARTS JACK,0.5612,0.0056,0.4332
HEARTS SIX DIAMONDS TEN,0.5832,0.008,0.4088
SPADES TEN SPADES FIVE,0.568,0.0074,0.4246
DIAMONDS QUEEN CLUBS QUEEN,0.2702,0.0052,0.7246
HEARTS ACE DIAMONDS SIX,0.3606,0.0048,0.6346
DIAMONDS TEN DIAMONDS SEVEN,0.5352,0.0108,0.454
CLUBS SEVEN CLUBS ACE,0.3224,0.0054,0.6722
HEARTS SIX CLUBS EIGHT,0.564,0.0066,0.4294
DIAMONDS JACK HEARTS QUEEN,0.5578,0.0068,0.4354
SPADES QUEEN SPADES TEN,0.5226,0.0064,0.471
CLUBS FOUR SPADES THREE,0.5762,0.0106,0.4132
HEARTS ACE HEARTS NINE,0.336,0.0062,0.6578
SPADES EIGHT DIAMONDS SIX,0.5622,0.0092,0.4286
CLUBS SEVEN DIAMONDS ACE,0.3476,0.0048,0.6476
DIAMONDS TEN HEARTS QUEEN,0.5626,0.0078,0.4296
CLUBS SIX DIAMONDS ACE,0.3598,0.0072,0.633
DIAMONDS JACK DIAMONDS NINE,0.5302,0.0084,0.4614
SPADES TEN HEARTS ACE,0.3406,0.0054,0.654
CLUBS NINE HEARTS TWO,0.7228,0.0336,0.2436
SPADES ACE DIAMONDS EIGHT,0.3578,0.0046,0.6376
DIAMONDS FIVE DIAMONDS FOUR,0.5324,0.0102,0.4574
SPADES ACE HEARTS FIVE,0.3574,0.0042,0.6384
SPADES JACK CLUBS QUEEN,0.5566,0.007,0.4364
SPADES EIGHT DIAMONDS JACK,0.5578,0.0086,0.4336
SPADES EIGHT CLUBS ACE,0.3436,0.004,0.6524
SPADES NINE CLUBS SIX,0.5658,0.0074,0.4268
SPADES KING HEARTS THREE,0.2166,0.5154,0.268
CLUBS NINE SPADES TWO,0.7294,0.0276,0.243
DIAMONDS ACE SPADES SEVEN,0.3478,0.0048,0.6474
DIAMONDS THREE HEARTS TWO,0.7172,0.0304,0.2524
DIAMONDS NINE CLUBS QUEEN,0.56,0.0068,0.4332
SPADES QUEEN CLUBS NINE,0.5644,0.0076,0.428
HEARTS SEVEN CLUBS SIX,0.546,0.0094,0.4446
SPADES FIVE DIAMONDS EIGHT,0.58,0.0092,0.4108
DIAMONDS ACE CLUBS KING,0.2078,0.0138,0.7784
HEARTS JACK HEARTS NINE,0.521,0.0078,0.4712
DIAMONDS QUEEN DIAMONDS NINE,0.5424,0.0082,0.4494
HEARTS SIX HEARTS QUEEN,0.5632,0.0102,0.4266
SPADES QUEEN HEARTS TEN,0.5538,0.0068,0.4394
HEARTS TWO HEARTS KING,0.0196,0.9118,0.0686
SPADES TEN CLUBS THREE,0.6002,0.0058,0.394
DIAMONDS TWO CLUBS EIGHT,0.737,0.029,0.234
HEARTS SEVEN HEARTS KING,0.2038,0.289,0.5072
SPADES SEVEN HEARTS TEN,0.5684,0.0062,0.4254
SPADES FIVE SPADES FOUR,0.5364,0.0102,0.4534
HEARTS NINE DIAMONDS FIVE,0.5874,0.0108,0.4018
SPADES FIVE HEARTS EIGHT,0.5808,0.0084,0.4108
CLUBS FOUR SPADES TWO,0.7078,0.031,0.2612
DIAMONDS SEVEN HEARTS NINE,0.5506,0.0068,0.4426
SPADES SEVEN HEARTS ACE,0.3612,0.0046,0.6342
SPADES SIX SPADES TWO,0.6686,0.0248,0.3066
DIAMONDS ACE DIAMONDS FIVE,0.3266,0.0066,0.6668
CLUBS EIGHT SPADES TEN,0.5596,0.0094,0.431
CLUBS SIX HEARTS EIGHT,0.562,0.0094,0.4286
SPADES KING SPADES FOUR,0.2048,0.4836,0.3116
SPADES TEN HEARTS TWO,0.7304,0.0294,0.2402
HEARTS KING CLUBS ACE,0.2188,0.0122,0.769
CLUBS NINE DIAMONDS NINE,0.2984,0.012,0.6896
SPADES JACK SPADES TWO,0.6952,0.029,0.2758
SPADES QUEEN SPADES FIVE,0.559,0.008,0.433
HEARTS FIVE HEARTS KING,0.2106,0.4324,0.357
SPADES KING DIAMONDS EIGHT,0.238,0.2254,0.5366
CLUBS EIGHT CLUBS SEVEN,0.529,0.008,0.463
SPADES SEVEN CLUBS KING,0.206,0.3004,0.4936
HEARTS TWO CLUBS FOUR,0.701,0.0264,0.2726
HEARTS FOUR HEARTS THREE,0.5354,0.0062,0.4584
DIAMONDS SEVEN CLUBS ACE,0.3468,0.0044,0.6488
CLUBS SIX HEARTS ACE,0.3496,0.0054,0.645
DIAMONDS TWO CLUBS FIVE,0.7106,0.0278,0.2616
CLUBS TEN SPADES SEVEN,0.5552,0.007,0.4378
SPADES KING DIAMONDS JACK,0.2392,0.087,0.6738
HEARTS KING DIAMONDS EIGHT,0.2272,0.2414,0.5314
HEARTS TWO DIAMONDS JACK,0.7386,0.0322,0.2292
SPADES ACE SPADES QUEEN,0.3176,0.0048,0.6776
SPADES FOUR HEARTS NINE,0.5988,0.0086,0.3926
HEARTS TEN DIAMONDS FIVE,0.598,0.0078,0.3942
DIAMONDS ACE DIAMONDS NINE,0.3352,0.0068,0.658
HEARTS SIX DIAMONDS NINE,0.5762,0.0082,0.4156
DIAMONDS JACK HEARTS JACK,0.2894,0.0072,0.7034
SPADES ACE DIAMONDS TWO,0.2368,0.019,0.7442
SPADES ACE CLUBS KING,0.2172,0.0132,0.7696
SPADES FIVE CLUBS ACE,0.3488,0.0042,0.647
HEARTS FOUR CLUBS ACE,0.3336,0.006,0.6604
SPADES JACK HEARTS FOUR,0.5944,0.0088,0.3968
CLUBS EIGHT CLUBS SIX,0.5372,0.0092,0.4536
HEARTS FIVE SPADES SIX,0.5526,0.0062,0.4412
CLUBS NINE HEARTS THREE,0.5846,0.0096,0.4058
DIAMONDS TEN HEARTS NINE,0.5412,0.0076,0.4512
HEARTS TEN DIAMONDS SIX,0.5844,0.0058,0.4098
CLUBS TEN SPADES SIX,0.5876,0.0082,0.4042
CLUBS NINE CLUBS SIX,0.5312,0.008,0.4608
CLUBS FIVE HEARTS TEN,0.5952,0.0058,0.399
SPADES EIGHT SPADES TWO,0.7002,0.026,0.2738
SPADES FOUR HEARTS QUEEN,0.6028,0.0088,0.3884
SPADES FOUR CLUBS ACE,0.3392,0.0052,0.6556
SPADES ACE SPADES NINE,0.344,0.0054,0.6506
CLUBS JACK HEARTS ACE,0.3404,0.0024,0.6572
SPADES JACK HEARTS TEN,0.5446,0.0062,0.4492
CLUBS NINE HEARTS TEN,0.5246,0.0088,0.4666
HEARTS FIVE CLUBS SEVEN,0.5508,0.0098,0.4394
DIAMONDS JACK CLUBS KING,0.2232,0.0938,0.683
SPADES ACE DIAMONDS FIVE,0.343,0.0048,0.6522
CLUBS JACK CLUBS SIX,0.563,0.0076,0.4294
CLUBS FIVE HEARTS NINE,0.569,0.0088,0.4222
SPADES ACE SPADES SIX,0.3234,0.0044,0.6722
SPADES EIGHT CLUBS QUEEN,0.5842,0.007,0.4088
SPADES JACK DIAMONDS NINE,0.5678,0.0054,0.4268
DIAMONDS SEVEN DIAMONDS SIX,0.5316,0.0082,0.4602
DIAMONDS TWO HEARTS TEN,0.7366,0.026,0.2374
DIAMONDS THREE DIAMONDS FIVE,0.5472,0.0126,0.4402
CLUBS THREE DIAMONDS SIX,0.5886,0.0132,0.3982
CLUBS THREE HEARTS QUEEN,0.6044,0.0098,0.3858
HEARTS THREE DIAMONDS QUEEN,0.601,0.0098,0.3892
DIAMONDS TWO SPADES FIVE,0.7064,0.0242,0.2694
HEARTS THREE CLUBS SIX,0.578,0.0088,0.4132
HEARTS KING DIAMONDS SEVEN,0.2212,0.3088,0.47
CLUBS TEN HEARTS THREE,0.6044,0.0112,0.3844
CLUBS TEN CLUBS FIVE,0.5674,0.0062,0.4264
HEARTS SEVEN HEARTS THREE,0.5596,0.0076,0.4328
CLUBS SIX SPADES EIGHT,0.562,0.0088,0.4292
SPADES SIX SPADES FOUR,0.5208,0.0084,0.4708
DIAMONDS QUEEN CLUBS ACE,0.3456,0.0056,0.6488
CLUBS EIGHT HEARTS TEN,0.5468,0.0074,0.4458
DIAMONDS TEN DIAMONDS EIGHT,0.5232,0.0104,0.4664
SPADES KING SPADES FIVE,0.1934,0.4248,0.3818
CLUBS THREE CLUBS ACE,0.325,0.0078,0.6672
DIAMONDS THREE DIAMONDS EIGHT,0.572,0.0108,0.4172
CLUBS SIX DIAMONDS FOUR,0.578,0.0098,0.4122
SPADES THREE CLUBS KING,0.2164,0.52,0.2636
CLUBS SEVEN CLUBS FOUR,0.543,0.0086,0.4484
DIAMONDS TWO SPADES SEVEN,0.7308,0.0206,0.2486
DIAMONDS THREE HEARTS KING,0.2264,0.5242,0.2494
HEARTS SIX SPADES SEVEN,0.5468,0.0066,0.4466
HEARTS JACK DIAMONDS SIX,0.597,0.0082,0.3948
SPADES JACK DIAMONDS FIVE,0.5948,0.0066,0.3986
HEARTS ACE DIAMONDS SEVEN,0.3664,0.0056,0.628
SPADES TEN DIAMONDS JACK,0.5328,0.0086,0.4586
CLUBS TEN SPADES QUEEN,0.5406,0.0066,0.4528
SPADES ACE CLUBS EIGHT,0.3448,0.004,0.6512
HEARTS QUEEN HEARTS EIGHT,0.534,0.0082,0.4578
HEARTS THREE HEARTS ACE,0.3132,0.0062,0.6806
HEARTS FOUR SPADES NINE,0.5846,0.0082,0.4072
CLUBS THREE CLUBS KING,0.2078,0.495,0.2972
SPADES NINE SPADES THREE,0.5548,0.009,0.4362
DIAMONDS THREE DIAMONDS ACE,0.334,0.0058,0.6602
SPADES FOUR DIAMONDS NINE,0.5978,0.0082,0.394
SPADES KING DIAMONDS FOUR,0.218,0.5186,0.2634
CLUBS NINE SPADES JACK,0.5522,0.0078,0.44
CLUBS ACE HEARTS NINE,0.3514,0.0046,0.644
CLUBS NINE HEARTS ACE,0.3446,0.0052,0.6502
HEARTS ACE HEARTS EIGHT,0.3382,0.0048,0.657
HEARTS THREE HEARTS EIGHT,0.564,0.0072,0.4288
SPADES KING CLUBS THREE,0.222,0.5118,0.2662
DIAMONDS TEN DIAMONDS SIX,0.555,0.011,0.434
HEARTS FIVE SPADES EIGHT,0.575,0.0074,0.4176
SPADES QUEEN HEARTS EIGHT,0.5874,0.0082,0.4044
SPADES TEN SPADES FOUR,0.5632,0.0048,0.432
SPADES NINE CLUBS ACE,0.3662,0.007,0.6268
CLUBS NINE CLUBS FIVE,0.5606,0.0088,0.4306
DIAMONDS TWO SPADES QUEEN,0.7354,0.0298,0.2348
CLUBS JACK SPADES FOUR,0.5858,0.0094,0.4048
SPADES NINE CLUBS THREE,0.6074,0.0086,0.384
CLUBS JACK HEARTS SEVEN,0.5828,0.0074,0.4098
SPADES EIGHT CLUBS KING,0.2274,0.2182,0.5544
CLUBS TEN CLUBS SEVEN,0.525,0.009,0.466
SPADES THREE HEARTS NINE,0.5936,0.009,0.3974
HEARTS TWO CLUBS FIVE,0.696,0.0284,0.2756
DIAMONDS SIX CLUBS KING,0.2126,0.399,0.3884
SPADES FOUR DIAMONDS FIVE,0.5668,0.0116,0.4216
SPADES TWO HEARTS TEN,0.7084,0.0324,0.2592
SPADES EIGHT HEARTS TEN,0.5556,0.0058,0.4386
DIAMONDS THREE CLUBS KING,0.2188,0.5236,0.2576
DIAMONDS ACE DIAMONDS EIGHT,0.3232,0.0058,0.671
SPADES SEVEN SPADES FOUR,0.5332,0.006,0.4608
CLUBS THREE DIAMONDS FOUR,0.5954,0.0106,0.394
HEARTS SEVEN SPADES SEVEN,0.324,0.0106,0.6654
DIAMONDS THREE SPADES NINE,0.6016,0.0082,0.3902
DIAMONDS JACK SPADES TWO,0.73,0.029,0.241
CLUBS THREE SPADES TWO,0.7128,0.0312,0.256
CLUBS SIX HEARTS KING,0.212,0.3878,0.4002
CLUBS FOUR DIAMONDS QUEEN,0.6082,0.0062,0.3856
SPADES TWO CLUBS KING,0.0082,0.9754,0.0164
DIAMONDS NINE SPADES TWO,0.7312,0.0316,0.2372
SPADES NINE DIAMONDS ACE,0.3506,0.0042,0.6452
CLUBS SEVEN HEARTS KING,0.2144,0.299,0.4866
HEARTS FOUR HEARTS TWO,0.6654,0.032,0.3026
DIAMONDS THREE SPADES KING,0.2174,0.5274,0.2552
HEARTS FIVE SPADES SEVEN,0.5628,0.008,0.4292
CLUBS FIVE DIAMONDS TEN,0.589,0.011,0.4
HEARTS SIX HEARTS TWO,0.6834,0.022,0.2946
HEARTS TEN HEARTS EIGHT,0.5048,0.0092,0.486
HEARTS FOUR HEARTS JACK,0.5544,0.0068,0.4388
SPADES SIX SPADES THREE,0.5406,0.009,0.4504
DIAMONDS NINE CLUBS ACE,0.3636,0.0066,0.6298
DIAMONDS TEN HEARTS EIGHT,0.5544,0.0084,0.4372
HEARTS SEVEN HEARTS TEN,0.5318,0.007,0.4612
HEARTS ACE HEARTS JACK,0.3138,0.0042,0.682
SPADES EIGHT DIAMONDS TEN,0.5608,0.0062,0.433
CLUBS FOUR DIAMONDS TEN,0.5934,0.0066,0.4
SPADES FOUR DIAMONDS SIX,0.5816,0.0112,0.4072
SPADES THREE DIAMONDS SEVEN,0.5878,0.0078,0.4044
SPADES JACK HEARTS TWO,0.7244,0.0274,0.2482
DIAMONDS THREE HEARTS FOUR,0.5806,0.0142,0.4052
HEARTS THREE DIAMONDS SIX,0.5858,0.0102,0.404
DIAMONDS THREE SPADES FIVE,0.5848,0.0114,0.4038
CLUBS EIGHT DIAMONDS QUEEN,0.5772,0.0094,0.4134
SPADES ACE DIAMONDS TEN,0.3428,0.005,0.6522
CLUBS THREE DIAMONDS EIGHT,0.6124,0.0102,0.3774
SPADES ACE SPADES EIGHT,0.3388,0.0052,0.656
CLUBS JACK CLUBS ACE,0.3242,0.007,0.6688
SPADES ACE SPADES TEN,0.3174,0.0046,0.678
SPADES KING SPADES SEVEN,0.2184,0.2794,0.5022
CLUBS SEVEN CLUBS KING,0.213,0.2834,0.5036
SPADES ACE SPADES KING,0.2096,0.0142,0.7762
SPADES ACE HEARTS FOUR,0.3476,0.0034,0.649
HEARTS THREE HEARTS NINE,0.5596,0.008,0.4324
SPADES THREE SPADES TWO,0.6744,0.0278,0.2978
HEARTS TWO CLUBS QUEEN,0.7384,0.033,0.2286
SPADES SEVEN CLUBS ACE,0.3514,0.0034,0.6452
SPADES JACK SPADES NINE,0.5206,0.007,0.4724
SPADES ACE CLUBS FOUR,0.3438,0.005,0.6512
DIAMONDS TWO SPADES FOUR,0.711,0.0216,0.2674
SPADES KING HEARTS ACE,0.2322,0.0106,0.7572
HEARTS THREE DIAMONDS JACK,0.5956,0.0088,0.3956
CLUBS SEVEN HEARTS EIGHT,0.5426,0.0064,0.451
SPADES JACK HEARTS NINE,0.5586,0.007,0.4344
HEARTS FOUR DIAMONDS FOUR,0.3486,0.019,0.6324
SPADES KING SPADES QUEEN,0.2288,0.0584,0.7128
CLUBS SEVEN DIAMONDS SEVEN,0.3234,0.0174,0.6592
HEARTS THREE CLUBS THREE,0.344,0.0238,0.6322
HEARTS THREE CLUBS FIVE,0.569,0.01,0.421
HEARTS TWO CLUBS KING,0.0102,0.97,0.0198
DIAMONDS NINE DIAMONDS FOUR,0.5784,0.009,0.4126
HEARTS THREE DIAMONDS TEN,0.6138,0.0086,0.3776
SPADES KING DIAMONDS QUEEN,0.239,0.0626,0.6984
HEARTS KING SPADES THREE,0.2084,0.5254,0.2662
CLUBS EIGHT DIAMONDS FIVE,0.579,0.0098,0.4112
SPADES FIVE DIAMONDS FIVE,0.3262,0.0202,0.6536
HEARTS TEN CLUBS QUEEN,0.5446,0.0058,0.4496
HEARTS FOUR CLUBS QUEEN,0.5932,0.0086,0.3982
SPADES NINE HEARTS NINE,0.2956,0.0102,0.6942
CLUBS THREE HEARTS NINE,0.595,0.0096,0.3954
DIAMONDS TWO DIAMONDS SEVEN,0.6902,0.0258,0.284
CLUBS FIVE DIAMONDS ACE,0.342,0.0046,0.6534
HEARTS SEVEN CLUBS SEVEN,0.3116,0.017,0.6714
HEARTS TWO SPADES EIGHT,0.7282,0.0272,0.2446
CLUBS SIX CLUBS FOUR,0.5214,0.0118,0.4668
HEARTS FOUR CLUBS SEVEN,0.5654,0.0096,0.425
SPADES ACE CLUBS NINE,0.3472,0.0072,0.6456
DIAMONDS QUEEN DIAMONDS SIX,0.5616,0.0074,0.431
HEARTS SEVEN DIAMONDS NINE,0.5544,0.0068,0.4388
CLUBS SEVEN HEARTS ACE,0.3552,0.0032,0.6416
CLUBS TEN DIAMONDS QUEEN,0.5516,0.0102,0.4382
HEARTS TWO SPADES THREE,0.7196,0.0266,0.2538
HEARTS KING HEARTS TEN,0.2166,0.1176,0.6658
CLUBS JACK SPADES EIGHT,0.5736,0.0084,0.418
CLUBS FIVE DIAMONDS FOUR,0.5534,0.0116,0.435
SPADES KING CLUBS FIVE,0.219,0.4514,0.3296
DIAMONDS SIX DIAMONDS FOUR,0.5642,0.0084,0.4274
CLUBS SEVEN DIAMONDS JACK,0.5904,0.009,0.4006
CLUBS SIX SPADES TWO,0.7224,0.022,0.2556
CLUBS FOUR CLUBS ACE,0.3296,0.008,0.6624
SPADES ACE SPADES JACK,0.3252,0.0052,0.6696
CLUBS SEVEN HEARTS NINE,0.563,0.0058,0.4312
CLUBS SIX DIAMONDS EIGHT,0.556,0.012,0.432
HEARTS FIVE SPADES NINE,0.5804,0.007,0.4126
CLUBS TEN SPADES FIVE,0.59,0.0082,0.4018
CLUBS SEVEN HEARTS QUEEN,0.5704,0.0058,0.4238
SPADES NINE DIAMONDS QUEEN,0.5842,0.0076,0.4082
HEARTS FOUR HEARTS EIGHT,0.5598,0.0088,0.4314
DIAMONDS FIVE HEARTS EIGHT,0.5862,0.0084,0.4054
SPADES QUEEN HEARTS NINE,0.5506,0.0038,0.4456
CLUBS EIGHT SPADES EIGHT,0.323,0.0118,0.6652
CLUBS FOUR HEARTS ACE,0.3426,0.0064,0.651
SPADES THREE DIAMONDS SIX,0.5812,0.0106,0.4082
CLUBS QUEEN DIAMONDS FOUR,0.5938,0.0094,0.3968
DIAMONDS THREE CLUBS SIX,0.5994,0.0088,0.3918
HEARTS SIX DIAMONDS SEVEN,0.5478,0.009,0.4432
SPADES SIX DIAMONDS JACK,0.5918,0.008,0.4002
DIAMONDS TEN HEARTS TEN,0.2896,0.0066,0.7038
CLUBS TEN CLUBS FOUR,0.5528,0.007,0.4402
CLUBS SIX CLUBS QUEEN,0.5652,0.0084,0.4264
HEARTS SEVEN DIAMONDS FOUR,0.5866,0.0102,0.4032
HEARTS ACE CLUBS ACE,0.1104,0.004,0.8856
HEARTS QUEEN DIAMONDS FOUR,0.608,0.0088,0.3832
SPADES EIGHT SPADES FIVE,0.5466,0.007,0.4464
CLUBS NINE DIAMONDS TEN,0.5392,0.0076,0.4532
CLUBS FOUR HEARTS EIGHT,0.5956,0.0092,0.3952
HEARTS SIX HEARTS TEN,0.5252,0.0086,0.4662
CLUBS JACK SPADES SEVEN,0.5712,0.0086,0.4202
CLUBS SEVEN DIAMONDS FOUR,0.5706,0.0124,0.417
DIAMONDS JACK HEARTS ACE,0.349,0.0042,0.6468
SPADES TEN CLUBS ACE,0.3346,0.005,0.6604
CLUBS NINE CLUBS EIGHT,0.5166,0.0082,0.4752
SPADES KING SPADES EIGHT,0.2124,0.218,0.5696
CLUBS FOUR HEARTS JACK,0.5936,0.0088,0.3976
CLUBS FIVE DIAMONDS EIGHT,0.5828,0.01,0.4072
CLUBS SEVEN HEARTS THREE,0.5832,0.0096,0.4072
HEARTS TWO HEARTS NINE,0.683,0.0268,0.2902
HEARTS SIX DIAMONDS FIVE,0.5652,0.0086,0.4262
CLUBS SEVEN HEARTS TWO,0.7274,0.0246,0.248
CLUBS TEN DIAMONDS JACK,0.5316,0.0092,0.4592
HEARTS JACK CLUBS KING,0.2366,0.0874,0.676
SPADES JACK HEARTS QUEEN,0.5568,0.0074,0.4358
DIAMONDS THREE SPADES SIX,0.5766,0.0114,0.412
CLUBS TEN HEARTS SIX,0.5804,0.0072,0.4124
SPADES QUEEN HEARTS ACE,0.3322,0.0044,0.6634
SPADES KING DIAMONDS NINE,0.2298,0.1744,0.5958
SPADES SIX HEARTS ACE,0.3554,0.005,0.6396
HEARTS FIVE CLUBS QUEEN,0.5918,0.006,0.4022
DIAMONDS TWO DIAMONDS FOUR,0.6734,0.0316,0.295
CLUBS SIX SPADES FOUR,0.5652,0.0098,0.425
HEARTS TWO DIAMONDS FIVE,0.7204,0.0282,0.2514
CLUBS SEVEN SPADES EIGHT,0.5422,0.0088,0.449
SPADES EIGHT HEARTS EIGHT,0.3272,0.01,0.6628
DIAMONDS EIGHT SPADES TWO,0.7294,0.0314,0.2392
DIAMONDS THREE CLUBS NINE,0.5988,0.0096,0.3916
DIAMONDS ACE SPADES FOUR,0.3438,0.007,0.6492
SPADES SEVEN DIAMONDS TEN,0.5558,0.0068,0.4374
DIAMONDS TWO HEARTS ACE,0.2356,0.0134,0.751
DIAMONDS TWO CLUBS ACE,0.2212,0.0164,0.7624
SPADES TWO DIAMONDS SEVEN,0.7282,0.0238,0.248
DIAMONDS QUEEN SPADES TWO,0.7482,0.026,0.2258
CLUBS THREE SPADES THREE,0.3396,0.0172,0.6432
HEARTS FIVE HEARTS NINE,0.5458,0.0076,0.4466
HEARTS FIVE DIAMONDS JACK,0.5934,0.0082,0.3984
HEARTS FOUR DIAMONDS SIX,0.5714,0.0082,0.4204
SPADES FIVE SPADES THREE,0.5288,0.0088,0.4624
HEARTS SEVEN CLUBS KING,0.2084,0.3052,0.4864
SPADES JACK SPADES EIGHT,0.521,0.0056,0.4734
DIAMONDS TWO CLUBS QUEEN,0.749,0.027,0.224
DIAMONDS JACK HEARTS KING,0.227,0.0894,0.6836
DIAMONDS THREE SPADES QUEEN,0.6052,0.0092,0.3856
HEARTS FOUR DIAMONDS NINE,0.5926,0.0086,0.3988
HEARTS SEVEN DIAMONDS SIX,0.5464,0.01,0.4436
CLUBS KING HEARTS EIGHT,0.2128,0.2328,0.5544
SPADES JACK CLUBS KING,0.2314,0.084,0.6846
CLUBS JACK CLUBS THREE,0.5642,0.0072,0.4286
CLUBS THREE DIAMONDS JACK,0.5974,0.0102,0.3924
CLUBS NINE SPADES NINE,0.2946,0.0106,0.6948
CLUBS JACK HEARTS SIX,0.5916,0.0076,0.4008
HEARTS TWO DIAMONDS FOUR,0.7022,0.0272,0.2706
DIAMONDS TEN CLUBS KING,0.2246,0.1202,0.6552
CLUBS JACK DIAMONDS QUEEN,0.5502,0.0092,0.4406
SPADES JACK HEARTS KING,0.2304,0.091,0.6786
HEARTS THREE SPADES NINE,0.5908,0.0074,0.4018
HEARTS TWO CLUBS THREE,0.711,0.027,0.262
HEARTS EIGHT DIAMONDS FOUR,0.5892,0.0072,0.4036
SPADES JACK HEARTS THREE,0.6004,0.0068,0.3928
CLUBS EIGHT SPADES NINE,0.5288,0.0094,0.4618
SPADES SIX HEARTS QUEEN,0.5934,0.0074,0.3992
CLUBS JACK SPADES FIVE,0.5934,0.0076,0.399
SPADES NINE DIAMONDS NINE,0.3014,0.0096,0.689
SPADES SIX DIAMONDS EIGHT,0.5512,0.0098,0.439
SPADES THREE HEARTS EIGHT,0.5962,0.0072,0.3966
HEARTS ACE DIAMONDS FIVE,0.337,0.0066,0.6564
SPADES SEVEN HEARTS NINE,0.5582,0.008,0.4338
DIAMONDS TWO SPADES SIX,0.7214,0.0214,0.2572
SPADES ACE DIAMONDS SIX,0.3594,0.0044,0.6362
SPADES FIVE HEARTS NINE,0.5922,0.0076,0.4002
DIAMONDS NINE DIAMONDS EIGHT,0.5122,0.0086,0.4792
SPADES SEVEN DIAMONDS SIX,0.5472,0.0088,0.444
SPADES FIVE DIAMONDS SEVEN,0.5676,0.008,0.4244
DIAMONDS THREE DIAMONDS TEN,0.5722,0.012,0.4158
HEARTS ACE DIAMONDS FOUR,0.3436,0.0058,0.6506
SPADES ACE HEARTS SIX,0.3618,0.0048,0.6334
HEARTS KING DIAMONDS SIX,0.2348,0.3836,0.3816
CLUBS JACK HEARTS JACK,0.2822,0.0064,0.7114
DIAMONDS JACK SPADES THREE,0.6058,0.0098,0.3844
CLUBS KING CLUBS QUEEN,0.2234,0.0654,0.7112
HEARTS ACE DIAMONDS EIGHT,0.358,0.0064,0.6356
SPADES TEN SPADES THREE,0.5676,0.0084,0.424
SPADES ACE DIAMONDS FOUR,0.3468,0.0062,0.647
CLUBS FOUR HEARTS NINE,0.595,0.0062,0.3988
SPADES KING DIAMONDS SEVEN,0.2188,0.3068,0.4744
