opposingHand,winningChance,drawChance,lostChance
DIAMONDS KING CLUBS QUEEN
HEARTS FIVE SPADES TEN,0.674,0.0052,0.3208
HEARTS FIVE SPADES JACK,0.6638,0.0056,0.3306
SPADES FIVE CLUBS JACK,0.6744,0.007,0.3186
CLUBS TEN SPADES FIVE,0.6834,0.0048,0.3118
CLUBS EIGHT CLUBS JACK,0.634,0.0058,0.3602
CLUBS TEN CLUBS EIGHT,0.614,0.0084,0.3776
CLUBS EIGHT CLUBS KING,0.6788,0.0564,0.2648
SPADES FIVE CLUBS ACE,0.4236,0.0052,0.5712
SPADES FIVE CLUBS KING,0.6962,0.0584,0.2454
CLUBS EIGHT CLUBS ACE,0.4,0.0042,0.5958
DIAMONDS TWO DIAMONDS THREE,0.6242,0.0092,0.3666
DIAMONDS TWO DIAMONDS FIVE,0.6192,0.008,0.3728
HEARTS FIVE SPADES KING,0.6908,0.06,0.2492
DIAMONDS TWO DIAMONDS FOUR,0.6264,0.0098,0.3638
HEARTS FIVE SPADES QUEEN,0.7334,0.0272,0.2394
DIAMONDS TWO DIAMONDS SEVEN,0.6426,0.007,0.3504
DIAMONDS TWO DIAMONDS SIX,0.6246,0.0076,0.3678
SPADES ACE HEARTS FIVE,0.4194,0.0028,0.5778
DIAMONDS TWO DIAMONDS NINE,0.647,0.0074,0.3456
DIAMONDS TWO DIAMONDS EIGHT,0.6418,0.0082,0.35
DIAMONDS THREE DIAMONDS FOUR,0.6248,0.0066,0.3686
CLUBS TWO SPADES FOUR,0.651,0.0094,0.3396
DIAMONDS THREE DIAMONDS FIVE,0.6138,0.0072,0.379
SPADES FIVE CLUBS TWO,0.6516,0.007,0.3414
CLUBS TWO SPADES TWO,0.4806,0.0092,0.5102
CLUBS TWO SPADES THREE,0.6604,0.006,0.3336
DIAMONDS THREE DIAMONDS EIGHT,0.65,0.0064,0.3436
SPADES EIGHT CLUBS TWO,0.6684,0.0078,0.3238
DIAMONDS THREE DIAMONDS NINE,0.6388,0.0066,0.3546
SPADES NINE CLUBS TWO,0.6698,0.0064,0.3238
DIAMONDS THREE DIAMONDS SIX,0.6172,0.007,0.3758
SPADES SIX CLUBS TWO,0.657,0.0068,0.3362
DIAMONDS THREE DIAMONDS SEVEN,0.6334,0.0064,0.3602
SPADES SEVEN CLUBS TWO,0.6672,0.0052,0.3276
CLUBS SIX CLUBS TWO,0.6414,0.0058,0.3528
CLUBS SEVEN CLUBS TWO,0.6482,0.0064,0.3454
CLUBS FOUR CLUBS TWO,0.6268,0.006,0.3672
CLUBS FIVE CLUBS TWO,0.612,0.0074,0.3806
CLUBS TEN CLUBS JACK,0.622,0.0088,0.3692
DIAMONDS FOUR DIAMONDS SIX,0.609,0.0052,0.3858
DIAMONDS FOUR DIAMONDS SEVEN,0.6306,0.0058,0.3636
CLUBS TEN CLUBS KING,0.6572,0.057,0.2858
CLUBS TEN CLUBS ACE,0.3976,0.0052,0.5972
CLUBS EIGHT CLUBS TWO,0.6432,0.0064,0.3504
DIAMONDS FIVE DIAMONDS FOUR,0.591,0.0068,0.4022
CLUBS NINE CLUBS TWO,0.6408,0.0084,0.3508
DIAMONDS NINE DIAMONDS FOUR,0.6406,0.0072,0.3522
DIAMONDS EIGHT DIAMONDS FOUR,0.621,0.008,0.371
CLUBS THREE CLUBS TWO,0.6238,0.0098,0.3664
DIAMONDS NINE DIAMONDS FIVE,0.6168,0.0064,0.3768
DIAMONDS TWO CLUBS JACK,0.6912,0.0052,0.3036
DIAMONDS EIGHT DIAMONDS FIVE,0.6294,0.0074,0.3632
CLUBS TEN DIAMONDS TWO,0.6842,0.009,0.3068
DIAMONDS FIVE DIAMONDS SEVEN,0.6054,0.007,0.3876
DIAMONDS FIVE DIAMONDS SIX,0.5916,0.0048,0.4036
DIAMONDS TWO CLUBS ACE,0.4206,0.0074,0.572
DIAMONDS TWO CLUBS KING,0.698,0.0702,0.2318
DIAMONDS EIGHT DIAMONDS SIX,0.5962,0.0072,0.3966
DIAMONDS NINE DIAMONDS SIX,0.6284,0.0088,0.3628
HEARTS ACE SPADES THREE,0.4144,0.0058,0.5798
SPADES THREE HEARTS KING,0.697,0.0606,0.2424
DIAMONDS SEVEN DIAMONDS SIX,0.604,0.0066,0.3894
HEARTS QUEEN SPADES THREE,0.7426,0.027,0.2304
SPADES THREE HEARTS JACK,0.6818,0.0048,0.3134
SPADES THREE HEARTS TEN,0.685,0.0048,0.3102
DIAMONDS EIGHT DIAMONDS SEVEN,0.6254,0.0056,0.369
DIAMONDS NINE DIAMONDS SEVEN,0.6122,0.0062,0.3816
DIAMONDS NINE DIAMONDS EIGHT,0.6112,0.0076,0.3812
HEARTS THREE HEARTS TEN,0.6216,0.0048,0.3736
SPADES JACK CLUBS SIX,0.6742,0.0056,0.3202
HEARTS THREE HEARTS JACK,0.6418,0.0046,0.3536
SPADES TEN CLUBS SIX,0.6672,0.0084,0.3244
SPADES JACK SPADES FIVE,0.6256,0.0068,0.3676
SPADES TEN SPADES FIVE,0.6288,0.0058,0.3654
HEARTS THREE HEARTS ACE,0.3916,0.0048,0.6036
SPADES ACE CLUBS SIX,0.4286,0.0036,0.5678
HEARTS THREE HEARTS QUEEN,0.6966,0.0272,0.2762
SPADES KING CLUBS SIX,0.6862,0.0654,0.2484
HEARTS THREE HEARTS KING,0.6594,0.0618,0.2788
SPADES QUEEN CLUBS SIX,0.7296,0.0296,0.2408
SPADES NINE HEARTS TEN,0.6366,0.0046,0.3588
SPADES NINE HEARTS JACK,0.646,0.0044,0.3496
SPADES QUEEN SPADES FIVE,0.693,0.0246,0.2824
SPADES KING SPADES FIVE,0.6478,0.0652,0.287
SPADES ACE SPADES FIVE,0.3882,0.0038,0.608
SPADES NINE HEARTS QUEEN,0.7358,0.0256,0.2386
SPADES NINE HEARTS KING,0.689,0.0602,0.2508
SPADES NINE HEARTS ACE,0.433,0.003,0.564
CLUBS TEN SPADES JACK,0.6404,0.0044,0.3552
CLUBS TEN SPADES TEN,0.4354,0.0046,0.56
SPADES ACE CLUBS TEN,0.4136,0.0052,0.5812
SPADES KING CLUBS TEN,0.7096,0.0562,0.2342
CLUBS TEN SPADES QUEEN,0.7382,0.027,0.2348
SPADES FIVE HEARTS QUEEN,0.7354,0.0266,0.238
SPADES FIVE HEARTS KING,0.6896,0.0652,0.2452
HEARTS ACE SPADES FIVE,0.4264,0.0032,0.5704
CLUBS EIGHT SPADES TEN,0.6514,0.0064,0.3422
SPADES JACK HEARTS THREE,0.6762,0.0042,0.3196
SPADES TEN HEARTS THREE,0.6762,0.0072,0.3166
SPADES JACK CLUBS EIGHT,0.6504,0.0088,0.3408
CLUBS SIX HEARTS ACE,0.4116,0.005,0.5834
SPADES ACE CLUBS EIGHT,0.4258,0.0038,0.5704
HEARTS FIVE CLUBS JACK,0.671,0.0088,0.3202
HEARTS FIVE CLUBS TEN,0.6752,0.0064,0.3184
CLUBS SIX HEARTS QUEEN,0.7416,0.027,0.2314
SPADES QUEEN CLUBS EIGHT,0.75,0.0262,0.2238
CLUBS TEN SPADES THREE,0.6876,0.0074,0.305
CLUBS SIX HEARTS KING,0.6876,0.069,0.2434
SPADES KING CLUBS EIGHT,0.7058,0.0598,0.2344
SPADES THREE CLUBS JACK,0.6896,0.0068,0.3036
DIAMONDS TWO HEARTS JACK,0.6878,0.0082,0.304
DIAMONDS TWO HEARTS TEN,0.689,0.0078,0.3032
SPADES THREE CLUBS KING,0.6984,0.0642,0.2374
HEARTS FIVE CLUBS ACE,0.4142,0.0044,0.5814
SPADES FIVE HEARTS TEN,0.6732,0.007,0.3198
SPADES THREE CLUBS ACE,0.4176,0.0068,0.5756
HEARTS FIVE CLUBS KING,0.697,0.0642,0.2388
SPADES FIVE HEARTS JACK,0.6704,0.0042,0.3254
HEARTS THREE CLUBS KING,0.7068,0.066,0.2272
HEARTS FIVE HEARTS JACK,0.629,0.0056,0.3654
HEARTS FIVE HEARTS TEN,0.6492,0.0074,0.3434
HEARTS THREE CLUBS ACE,0.4208,0.0054,0.5738
HEARTS THREE CLUBS JACK,0.6846,0.0052,0.3102
CLUBS TEN HEARTS THREE,0.689,0.0066,0.3044
CLUBS SIX CLUBS KING,0.6666,0.0612,0.2722
CLUBS SIX CLUBS ACE,0.403,0.004,0.593
HEARTS FIVE HEARTS KING,0.6504,0.0566,0.293
HEARTS FIVE HEARTS QUEEN,0.685,0.026,0.289
CLUBS TEN CLUBS SIX,0.63,0.0074,0.3626
HEARTS FIVE HEARTS ACE,0.3806,0.0048,0.6146
CLUBS SIX CLUBS JACK,0.6554,0.0052,0.3394
SPADES SEVEN HEARTS JACK,0.6624,0.0056,0.332
SPADES SEVEN HEARTS TEN,0.6514,0.0044,0.3442
DIAMONDS TWO CLUBS TWO,0.4826,0.0094,0.508
DIAMONDS TWO CLUBS THREE,0.6762,0.0082,0.3156
DIAMONDS TWO HEARTS SIX,0.675,0.0082,0.3168
DIAMONDS TWO HEARTS QUEEN,0.7508,0.029,0.2202
HEARTS SEVEN DIAMONDS TWO,0.6692,0.006,0.3248
DIAMONDS TWO HEARTS KING,0.7134,0.0584,0.2282
DIAMONDS TWO HEARTS EIGHT,0.6638,0.0068,0.3294
DIAMONDS TWO HEARTS ACE,0.4206,0.004,0.5754
DIAMONDS TWO HEARTS NINE,0.6866,0.0072,0.3062
DIAMONDS TWO DIAMONDS QUEEN,0.7256,0.0282,0.2462
DIAMONDS TWO HEARTS TWO,0.4784,0.0102,0.5114
DIAMONDS TWO HEARTS THREE,0.648,0.0066,0.3454
DIAMONDS TWO DIAMONDS ACE,0.3914,0.0058,0.6028
HEARTS FOUR DIAMONDS TWO,0.6654,0.0096,0.325
HEARTS FIVE DIAMONDS TWO,0.6326,0.0084,0.359
SPADES SEVEN HEARTS ACE,0.4218,0.0032,0.575
DIAMONDS TWO DIAMONDS TEN,0.66,0.0072,0.3328
SPADES SEVEN HEARTS KING,0.7014,0.0612,0.2374
DIAMONDS TWO DIAMONDS JACK,0.6516,0.0072,0.3412
SPADES SEVEN HEARTS QUEEN,0.741,0.0252,0.2338
DIAMONDS TWO SPADES NINE,0.6908,0.0084,0.3008
DIAMONDS TWO SPADES EIGHT,0.6764,0.007,0.3166
DIAMONDS TWO SPADES SEVEN,0.6776,0.007,0.3154
DIAMONDS TWO SPADES SIX,0.6784,0.0076,0.314
DIAMONDS TWO SPADES FIVE,0.6486,0.0054,0.346
DIAMONDS TWO SPADES FOUR,0.6444,0.0066,0.349
DIAMONDS TWO SPADES THREE,0.6588,0.0072,0.334
DIAMONDS TWO SPADES TWO,0.4744,0.007,0.5186
CLUBS NINE DIAMONDS TWO,0.684,0.0094,0.3066
DIAMONDS TWO CLUBS EIGHT,0.6708,0.008,0.3212
CLUBS SEVEN DIAMONDS TWO,0.678,0.0072,0.3148
DIAMONDS TWO CLUBS SIX,0.6714,0.0084,0.3202
DIAMONDS TWO CLUBS FIVE,0.6628,0.0102,0.327
DIAMONDS TWO CLUBS FOUR,0.665,0.0068,0.3282
CLUBS FOUR SPADES FIVE,0.6316,0.0068,0.3616
CLUBS FOUR SPADES FOUR,0.4822,0.0086,0.5092
CLUBS FOUR SPADES THREE,0.6358,0.0112,0.353
CLUBS FOUR SPADES TWO,0.6644,0.0084,0.3272
SPADES NINE CLUBS FOUR,0.687,0.007,0.306
SPADES EIGHT CLUBS FOUR,0.6566,0.0076,0.3358
SPADES SEVEN CLUBS FOUR,0.643,0.0066,0.3504
CLUBS FOUR SPADES SIX,0.6352,0.0054,0.3594
SPADES ACE DIAMONDS SIX,0.425,0.005,0.57
SPADES QUEEN DIAMONDS SIX,0.7506,0.0294,0.22
SPADES KING DIAMONDS SIX,0.6882,0.066,0.2458
SPADES TEN DIAMONDS SIX,0.6712,0.0062,0.3226
SPADES JACK DIAMONDS SIX,0.687,0.007,0.306
SPADES QUEEN SPADES TWO,0.7188,0.0268,0.2544
SPADES KING SPADES TWO,0.6642,0.0578,0.278
SPADES ACE SPADES TWO,0.3946,0.0048,0.6006
DIAMONDS JACK CLUBS JACK,0.4338,0.0046,0.5616
CLUBS TEN DIAMONDS JACK,0.6364,0.0066,0.357
DIAMONDS JACK CLUBS KING,0.7092,0.0592,0.2316
DIAMONDS THREE DIAMONDS JACK,0.6596,0.0084,0.332
DIAMONDS THREE DIAMONDS TEN,0.6592,0.0064,0.3344
DIAMONDS JACK CLUBS ACE,0.407,0.0064,0.5866
DIAMONDS THREE HEARTS THREE,0.4744,0.0088,0.5168
DIAMONDS THREE DIAMONDS QUEEN,0.71,0.0292,0.2608
DIAMONDS THREE HEARTS TWO,0.6602,0.0078,0.332
HEARTS FIVE DIAMONDS THREE,0.6378,0.0074,0.3548
DIAMONDS THREE DIAMONDS ACE,0.3982,0.0056,0.5962
HEARTS FOUR DIAMONDS THREE,0.6278,0.0078,0.3644
HEARTS SEVEN DIAMONDS THREE,0.6596,0.0054,0.335
SPADES TEN SPADES NINE,0.592,0.005,0.403
HEARTS SIX DIAMONDS THREE,0.6572,0.01,0.3328
SPADES JACK SPADES NINE,0.5942,0.0052,0.4006
DIAMONDS THREE HEARTS NINE,0.6702,0.0074,0.3224
HEARTS JACK DIAMONDS FOUR,0.691,0.0046,0.3044
HEARTS ACE HEARTS KING,0.2378,0.0132,0.749
SPADES TEN SPADES TWO,0.6454,0.0054,0.3492
DIAMONDS THREE HEARTS EIGHT,0.6678,0.01,0.3222
HEARTS TEN DIAMONDS FOUR,0.6682,0.0066,0.3252
SPADES JACK SPADES TWO,0.6496,0.008,0.3424
HEARTS QUEEN DIAMONDS FOUR,0.7358,0.0262,0.238
HEARTS KING DIAMONDS FOUR,0.6974,0.0688,0.2338
SPADES ACE SPADES NINE,0.3922,0.0042,0.6036
HEARTS ACE DIAMONDS FOUR,0.4338,0.004,0.5622
SPADES KING SPADES NINE,0.6558,0.0658,0.2784
SPADES QUEEN SPADES NINE,0.7012,0.0252,0.2736
DIAMONDS THREE SPADES NINE,0.6686,0.0064,0.325
DIAMONDS THREE SPADES EIGHT,0.6696,0.0072,0.3232
DIAMONDS THREE SPADES SEVEN,0.659,0.0084,0.3326
DIAMONDS THREE SPADES SIX,0.6442,0.0064,0.3494
DIAMONDS THREE CLUBS SIX,0.6536,0.0084,0.338
CLUBS FIVE CLUBS SIX,0.611,0.0076,0.3814
CLUBS ACE DIAMONDS FOUR,0.43,0.0048,0.5652
CLUBS SEVEN DIAMONDS THREE,0.6588,0.0062,0.335
CLUBS SEVEN CLUBS FIVE,0.6016,0.0074,0.391
DIAMONDS THREE CLUBS FOUR,0.6522,0.0068,0.341
DIAMONDS THREE CLUBS FIVE,0.6398,0.0072,0.353
DIAMONDS FOUR CLUBS KING,0.6926,0.0646,0.2428
DIAMONDS THREE CLUBS TWO,0.668,0.0074,0.3246
CLUBS TEN DIAMONDS FOUR,0.6888,0.0094,0.3018
DIAMONDS THREE CLUBS THREE,0.4706,0.01,0.5194
DIAMONDS FOUR CLUBS JACK,0.6858,0.0092,0.305
DIAMONDS THREE SPADES FOUR,0.6446,0.0064,0.349
DIAMONDS THREE SPADES FIVE,0.6406,0.0062,0.3532
DIAMONDS THREE SPADES TWO,0.6562,0.0068,0.337
DIAMONDS THREE SPADES THREE,0.4918,0.008,0.5002
CLUBS EIGHT DIAMONDS THREE,0.6912,0.0078,0.301
CLUBS NINE DIAMONDS THREE,0.6798,0.007,0.3132
SPADES SEVEN CLUBS ACE,0.4146,0.0038,0.5816
SPADES SEVEN CLUBS KING,0.6864,0.067,0.2466
CLUBS FIVE SPADES SEVEN,0.6228,0.008,0.3692
CLUBS TEN SPADES SEVEN,0.6646,0.0058,0.3296
CLUBS FIVE SPADES SIX,0.6152,0.007,0.3778
SPADES SEVEN CLUBS JACK,0.6712,0.0068,0.322
CLUBS FIVE SPADES NINE,0.659,0.0084,0.3326
CLUBS FIVE SPADES EIGHT,0.6556,0.007,0.3374
CLUBS FIVE SPADES THREE,0.634,0.009,0.357
CLUBS FIVE SPADES TWO,0.654,0.0094,0.3366
CLUBS FIVE SPADES FIVE,0.4868,0.0056,0.5076
CLUBS FIVE SPADES FOUR,0.6308,0.0054,0.3638
CLUBS NINE CLUBS FIVE,0.627,0.008,0.365
CLUBS EIGHT CLUBS FIVE,0.6208,0.008,0.3712
DIAMONDS TEN DIAMONDS FOUR,0.648,0.005,0.347
CLUBS TEN DIAMONDS NINE,0.642,0.0082,0.3498
DIAMONDS JACK DIAMONDS FOUR,0.6466,0.0074,0.346
DIAMONDS NINE CLUBS JACK,0.6662,0.0078,0.326
SPADES NINE CLUBS JACK,0.6396,0.0068,0.3536
CLUBS TEN SPADES NINE,0.633,0.0066,0.3604
DIAMONDS ACE DIAMONDS FOUR,0.4066,0.006,0.5874
HEARTS FOUR DIAMONDS FOUR,0.4774,0.0092,0.5134
DIAMONDS JACK HEARTS TEN,0.6304,0.0052,0.3644
SPADES NINE CLUBS KING,0.6922,0.0646,0.2432
DIAMONDS TWO SPADES TEN,0.698,0.0068,0.2952
DIAMONDS NINE CLUBS ACE,0.402,0.0058,0.5922
HEARTS FIVE DIAMONDS FOUR,0.624,0.0084,0.3676
DIAMONDS JACK HEARTS JACK,0.4332,0.0042,0.5626
DIAMONDS TWO SPADES JACK,0.679,0.0088,0.3122
DIAMONDS QUEEN DIAMONDS FOUR,0.7138,0.0268,0.2594
HEARTS TWO DIAMONDS FOUR,0.6524,0.0102,0.3374
HEARTS THREE DIAMONDS FOUR,0.638,0.0072,0.3548
SPADES NINE CLUBS ACE,0.4148,0.0048,0.5804
DIAMONDS NINE CLUBS KING,0.7082,0.0572,0.2346
HEARTS ACE DIAMONDS JACK,0.4094,0.0046,0.586
SPADES ACE DIAMONDS TWO,0.4214,0.0048,0.5738
HEARTS QUEEN DIAMONDS JACK,0.7328,0.0288,0.2384
SPADES QUEEN DIAMONDS TWO,0.7572,0.0282,0.2146
DIAMONDS JACK HEARTS KING,0.6988,0.066,0.2352
SPADES KING DIAMONDS TWO,0.6984,0.0674,0.2342
SPADES JACK SPADES SEVEN,0.6316,0.0068,0.3616
SPADES TEN SPADES SEVEN,0.606,0.0076,0.3864
CLUBS SEVEN CLUBS THREE,0.6254,0.0092,0.3654
CLUBS SIX CLUBS THREE,0.6144,0.0074,0.3782
CLUBS FIVE CLUBS THREE,0.615,0.007,0.378
CLUBS THREE CLUBS FOUR,0.612,0.0116,0.3764
CLUBS NINE CLUBS THREE,0.6454,0.0068,0.3478
CLUBS EIGHT CLUBS THREE,0.6456,0.0076,0.3468
CLUBS THREE SPADES FIVE,0.619,0.0064,0.3746
CLUBS THREE SPADES FOUR,0.6478,0.0094,0.3428
CLUBS THREE SPADES THREE,0.484,0.0096,0.5064
CLUBS THREE SPADES TWO,0.6434,0.0076,0.349
CLUBS THREE SPADES SIX,0.6548,0.0064,0.3388
CLUBS THREE SPADES SEVEN,0.6612,0.0064,0.3324
SPADES EIGHT CLUBS THREE,0.6816,0.0054,0.313
SPADES NINE CLUBS THREE,0.6906,0.0054,0.304
SPADES TWO DIAMONDS FOUR,0.6622,0.0076,0.3302
SPADES THREE DIAMONDS FOUR,0.639,0.0074,0.3536
SPADES FOUR DIAMONDS FOUR,0.4848,0.0094,0.5058
SPADES FIVE DIAMONDS FOUR,0.6098,0.0082,0.382
SPADES SIX DIAMONDS FOUR,0.639,0.0058,0.3552
SPADES SEVEN DIAMONDS FOUR,0.6442,0.008,0.3478
SPADES EIGHT DIAMONDS FOUR,0.6562,0.0086,0.3352
SPADES NINE DIAMONDS FOUR,0.6726,0.0094,0.318
CLUBS FIVE DIAMONDS FOUR,0.6204,0.0094,0.3702
CLUBS FOUR DIAMONDS FOUR,0.4734,0.0106,0.516
CLUBS SEVEN DIAMONDS FOUR,0.6454,0.0072,0.3474
CLUBS SIX DIAMONDS FOUR,0.65,0.0096,0.3404
CLUBS NINE DIAMONDS FOUR,0.6708,0.0084,0.3208
CLUBS EIGHT DIAMONDS FOUR,0.6714,0.009,0.3196
HEARTS SEVEN DIAMONDS FOUR,0.6542,0.0054,0.3404
HEARTS SIX DIAMONDS FOUR,0.6308,0.0048,0.3644
DIAMONDS FOUR HEARTS NINE,0.6692,0.0058,0.325
DIAMONDS FOUR HEARTS EIGHT,0.6568,0.0064,0.3368
CLUBS THREE DIAMONDS FOUR,0.6526,0.0078,0.3396
CLUBS TWO DIAMONDS FOUR,0.6638,0.0074,0.3288
DIAMONDS TEN DIAMONDS FIVE,0.642,0.0084,0.3496
DIAMONDS JACK DIAMONDS FIVE,0.6412,0.0072,0.3516
DIAMONDS NINE HEARTS QUEEN,0.742,0.0288,0.2292
DIAMONDS NINE HEARTS KING,0.6896,0.0662,0.2442
HEARTS ACE DIAMONDS NINE,0.4234,0.0046,0.572
DIAMONDS NINE HEARTS TEN,0.6432,0.0054,0.3514
DIAMONDS NINE HEARTS JACK,0.6488,0.0062,0.345
CLUBS KING DIAMONDS SIX,0.683,0.0616,0.2554
CLUBS ACE DIAMONDS SIX,0.4186,0.0062,0.5752
SPADES KING DIAMONDS FOUR,0.7062,0.0652,0.2286
SPADES ACE SPADES SEVEN,0.4038,0.0038,0.5924
SPADES QUEEN DIAMONDS FOUR,0.7488,0.0248,0.2264
SPADES QUEEN SPADES SEVEN,0.696,0.0304,0.2736
CLUBS JACK DIAMONDS SIX,0.6826,0.0058,0.3116
SPADES KING SPADES SEVEN,0.6582,0.0558,0.286
SPADES ACE DIAMONDS FOUR,0.4146,0.0044,0.581
CLUBS TEN DIAMONDS SIX,0.6884,0.006,0.3056
CLUBS NINE CLUBS FOUR,0.6362,0.0064,0.3574
CLUBS EIGHT CLUBS FOUR,0.6362,0.0084,0.3554
SPADES JACK DIAMONDS FOUR,0.6782,0.0078,0.314
SPADES TEN DIAMONDS FOUR,0.6788,0.0066,0.3146
CLUBS FIVE CLUBS FOUR,0.5916,0.0076,0.4008
CLUBS SEVEN CLUBS FOUR,0.6252,0.0056,0.3692
CLUBS SIX CLUBS FOUR,0.6214,0.0066,0.372
CLUBS SEVEN SPADES EIGHT,0.6402,0.0054,0.3544
CLUBS SEVEN SPADES NINE,0.6564,0.0052,0.3384
CLUBS SEVEN SPADES SIX,0.6214,0.0062,0.3724
CLUBS SEVEN SPADES SEVEN,0.4638,0.0066,0.5296
CLUBS SEVEN SPADES FIVE,0.6418,0.007,0.3512
CLUBS SEVEN SPADES FOUR,0.6486,0.0064,0.345
CLUBS SEVEN SPADES THREE,0.6502,0.0072,0.3426
CLUBS SEVEN SPADES TWO,0.6764,0.0058,0.3178
CLUBS NINE CLUBS SEVEN,0.6054,0.0082,0.3864
CLUBS SEVEN CLUBS EIGHT,0.6078,0.0058,0.3864
HEARTS SIX DIAMONDS FIVE,0.6268,0.0074,0.3658
HEARTS SEVEN DIAMONDS FIVE,0.6362,0.0072,0.3566
DIAMONDS FIVE HEARTS EIGHT,0.6578,0.0056,0.3366
DIAMONDS FIVE HEARTS NINE,0.6504,0.0062,0.3434
DIAMONDS QUEEN DIAMONDS FIVE,0.7022,0.0304,0.2674
HEARTS TWO DIAMONDS FIVE,0.6452,0.0118,0.343
HEARTS KING HEARTS EIGHT,0.6492,0.0606,0.2902
HEARTS THREE DIAMONDS FIVE,0.6306,0.0086,0.3608
HEARTS QUEEN HEARTS EIGHT,0.6912,0.0266,0.2822
DIAMONDS ACE DIAMONDS FIVE,0.4034,0.006,0.5906
HEARTS FOUR DIAMONDS FIVE,0.6178,0.0066,0.3756
HEARTS FIVE DIAMONDS FIVE,0.4674,0.009,0.5236
HEARTS ACE HEARTS EIGHT,0.3958,0.0048,0.5994
CLUBS FOUR DIAMONDS FIVE,0.6262,0.009,0.3648
CLUBS FIVE DIAMONDS FIVE,0.4698,0.0078,0.5224
CLUBS SIX DIAMONDS FIVE,0.6156,0.008,0.3764
CLUBS SEVEN DIAMONDS FIVE,0.6376,0.0064,0.356
CLUBS TWO DIAMONDS FIVE,0.6512,0.0088,0.34
CLUBS THREE DIAMONDS FIVE,0.6274,0.0098,0.3628
SPADES THREE DIAMONDS FIVE,0.6284,0.0102,0.3614
SPADES TWO DIAMONDS FIVE,0.65,0.009,0.341
SPADES JACK DIAMONDS EIGHT,0.6638,0.007,0.3292
SPADES FIVE DIAMONDS FIVE,0.4778,0.0064,0.5158
CLUBS TEN HEARTS JACK,0.6518,0.0062,0.342
SPADES TEN DIAMONDS EIGHT,0.6612,0.0076,0.3312
SPADES FOUR DIAMONDS FIVE,0.6184,0.0054,0.3762
HEARTS JACK CLUBS JACK,0.4326,0.0054,0.562
CLUBS NINE DIAMONDS FIVE,0.6542,0.0054,0.3404
HEARTS JACK CLUBS KING,0.6976,0.0576,0.2448
CLUBS EIGHT DIAMONDS FIVE,0.6562,0.0062,0.3376
CLUBS ACE HEARTS JACK,0.3976,0.0048,0.5976
SPADES SEVEN DIAMONDS FIVE,0.6504,0.0054,0.3442
SPADES KING DIAMONDS EIGHT,0.7118,0.0582,0.23
SPADES QUEEN DIAMONDS EIGHT,0.7552,0.0216,0.2232
SPADES SIX DIAMONDS FIVE,0.6218,0.0074,0.3708
SPADES NINE DIAMONDS FIVE,0.6554,0.006,0.3386
SPADES EIGHT DIAMONDS FIVE,0.6412,0.0072,0.3516
SPADES ACE DIAMONDS EIGHT,0.4202,0.0038,0.576
DIAMONDS TEN DIAMONDS SIX,0.6374,0.0078,0.3548
HEARTS ACE DIAMONDS SEVEN,0.4384,0.005,0.5566
DIAMONDS JACK DIAMONDS SIX,0.6574,0.0078,0.3348
HEARTS QUEEN DIAMONDS SEVEN,0.7492,0.0274,0.2234
HEARTS KING DIAMONDS SEVEN,0.6918,0.066,0.2422
DIAMONDS ACE DIAMONDS SIX,0.3986,0.006,0.5954
HEARTS FOUR DIAMONDS SIX,0.634,0.0066,0.3594
SPADES TWO HEARTS JACK,0.6764,0.0062,0.3174
HEARTS FIVE DIAMONDS SIX,0.6152,0.0038,0.381
SPADES TWO HEARTS TEN,0.6784,0.0082,0.3134
DIAMONDS QUEEN DIAMONDS SIX,0.7094,0.0258,0.2648
HEARTS TWO DIAMONDS SIX,0.664,0.0058,0.3302
HEARTS THREE DIAMONDS SIX,0.6614,0.0062,0.3324
HEARTS EIGHT DIAMONDS SIX,0.6316,0.0036,0.3648
HEARTS NINE DIAMONDS SIX,0.6446,0.0028,0.3526
HEARTS SIX DIAMONDS SIX,0.4546,0.0058,0.5396
HEARTS SEVEN DIAMONDS SIX,0.62,0.004,0.376
HEARTS TEN DIAMONDS SEVEN,0.6468,0.0062,0.347
CLUBS TWO DIAMONDS SIX,0.6658,0.0082,0.326
HEARTS JACK DIAMONDS SEVEN,0.6768,0.0088,0.3144
CLUBS THREE DIAMONDS SIX,0.6636,0.007,0.3294
CLUBS SEVEN DIAMONDS SIX,0.6246,0.0074,0.368
DIAMONDS EIGHT CLUBS JACK,0.6768,0.0072,0.316
CLUBS SIX DIAMONDS SIX,0.471,0.008,0.521
CLUBS TEN DIAMONDS EIGHT,0.6508,0.0082,0.341
CLUBS FIVE DIAMONDS SIX,0.615,0.0072,0.3778
CLUBS FOUR DIAMONDS SIX,0.635,0.0076,0.3574
HEARTS ACE HEARTS JACK,0.3798,0.0038,0.6164
DIAMONDS EIGHT CLUBS ACE,0.4154,0.005,0.5796
HEARTS QUEEN HEARTS JACK,0.6846,0.022,0.2934
DIAMONDS EIGHT CLUBS KING,0.7066,0.0644,0.229
CLUBS NINE DIAMONDS SIX,0.6564,0.0074,0.3362
HEARTS KING HEARTS JACK,0.6652,0.0534,0.2814
CLUBS EIGHT DIAMONDS SIX,0.6414,0.0054,0.3532
SPADES TEN HEARTS KING,0.6886,0.0598,0.2516
SPADES FIVE DIAMONDS SIX,0.6172,0.0078,0.375
HEARTS ACE SPADES TWO,0.4226,0.0028,0.5746
SPADES JACK HEARTS KING,0.6912,0.0566,0.2522
SPADES FOUR DIAMONDS SIX,0.6462,0.0044,0.3494
SPADES THREE DIAMONDS SIX,0.6414,0.0096,0.349
HEARTS QUEEN SPADES TWO,0.7544,0.023,0.2226
SPADES ACE SPADES KING,0.2468,0.0122,0.741
HEARTS KING SPADES TWO,0.6998,0.0632,0.237
SPADES TWO DIAMONDS SIX,0.6674,0.006,0.3266
HEARTS TEN HEARTS EIGHT,0.6186,0.0068,0.3746
SPADES NINE DIAMONDS SIX,0.6468,0.0066,0.3466
HEARTS JACK HEARTS EIGHT,0.6104,0.0062,0.3834
SPADES EIGHT DIAMONDS SIX,0.6502,0.0072,0.3426
SPADES SEVEN DIAMONDS SIX,0.6284,0.0032,0.3684
SPADES SIX DIAMONDS SIX,0.4696,0.0076,0.5228
SPADES KING HEARTS KING,0.1034,0.0094,0.8872
SPADES QUEEN HEARTS KING,0.024,0.9502,0.0258
CLUBS ACE CLUBS KING,0.2256,0.0094,0.765
SPADES ACE HEARTS KING,0.2478,0.011,0.7412
SPADES ACE HEARTS JACK,0.4062,0.004,0.5898
SPADES QUEEN HEARTS JACK,0.725,0.0268,0.2482
SPADES KING HEARTS JACK,0.7006,0.061,0.2384
SPADES TEN DIAMONDS TEN,0.439,0.0052,0.5558
SPADES JACK DIAMONDS TEN,0.6386,0.006,0.3554
SPADES ACE DIAMONDS TEN,0.389,0.004,0.607
SPADES JACK HEARTS JACK,0.4318,0.002,0.5662
SPADES TEN HEARTS JACK,0.625,0.006,0.369
SPADES QUEEN DIAMONDS TEN,0.7338,0.0226,0.2436
SPADES KING DIAMONDS TEN,0.6994,0.063,0.2376
SPADES NINE DIAMONDS SEVEN,0.6454,0.0052,0.3494
SPADES EIGHT DIAMONDS SEVEN,0.6374,0.0058,0.3568
SPADES SEVEN DIAMONDS SEVEN,0.4688,0.0072,0.524
SPADES SIX DIAMONDS SEVEN,0.627,0.005,0.368
HEARTS THREE DIAMONDS SEVEN,0.6558,0.0078,0.3364
HEARTS KING DIAMONDS FIVE,0.6966,0.0662,0.2372
DIAMONDS QUEEN DIAMONDS SEVEN,0.7138,0.0308,0.2554
HEARTS TWO DIAMONDS SEVEN,0.6768,0.0074,0.3158
HEARTS QUEEN DIAMONDS FIVE,0.742,0.0274,0.2306
HEARTS FIVE DIAMONDS SEVEN,0.622,0.0052,0.3728
DIAMONDS ACE DIAMONDS SEVEN,0.4082,0.004,0.5878
HEARTS FOUR DIAMONDS SEVEN,0.652,0.0086,0.3394
HEARTS ACE DIAMONDS FIVE,0.4202,0.0046,0.5752
HEARTS SEVEN DIAMONDS SEVEN,0.4786,0.0044,0.517
HEARTS SIX DIAMONDS SEVEN,0.6388,0.0064,0.3548
DIAMONDS SEVEN HEARTS NINE,0.633,0.01,0.357
HEARTS EIGHT DIAMONDS SEVEN,0.6378,0.007,0.3552
DIAMONDS JACK DIAMONDS SEVEN,0.6346,0.0088,0.3566
DIAMONDS FIVE HEARTS JACK,0.6894,0.007,0.3036
DIAMONDS TEN DIAMONDS SEVEN,0.6204,0.0062,0.3734
HEARTS TEN DIAMONDS FIVE,0.6794,0.0052,0.3154
SPADES KING CLUBS TWO,0.6984,0.068,0.2336
HEARTS KING CLUBS KING,0.0956,0.0124,0.892
CLUBS EIGHT DIAMONDS SEVEN,0.6512,0.006,0.3428
SPADES QUEEN CLUBS TWO,0.7468,0.0288,0.2244
CLUBS NINE DIAMONDS SEVEN,0.6374,0.0064,0.3562
SPADES TWO CLUBS JACK,0.6856,0.0078,0.3066
SPADES ACE CLUBS TWO,0.408,0.0068,0.5852
CLUBS TEN SPADES TWO,0.6876,0.0082,0.3042
HEARTS KING CLUBS ACE,0.2432,0.011,0.7458
CLUBS SEVEN CLUBS SIX,0.5924,0.0068,0.4008
SPADES TWO CLUBS KING,0.7004,0.063,0.2366
SPADES TWO DIAMONDS SEVEN,0.6848,0.0068,0.3084
CLUBS EIGHT CLUBS SIX,0.6012,0.0052,0.3936
SPADES THREE DIAMONDS SEVEN,0.6628,0.0104,0.3268
CLUBS NINE CLUBS SIX,0.6174,0.007,0.3756
SPADES FOUR DIAMONDS SEVEN,0.6528,0.0078,0.3394
HEARTS KING CLUBS JACK,0.7028,0.0556,0.2416
SPADES FIVE DIAMONDS SEVEN,0.6254,0.0074,0.3672
SPADES TWO CLUBS ACE,0.4056,0.0058,0.5886
CLUBS TEN HEARTS KING,0.7066,0.0584,0.235
CLUBS SIX SPADES TWO,0.6576,0.0076,0.3348
CLUBS SIX SPADES THREE,0.6454,0.008,0.3466
CLUBS TWO DIAMONDS SEVEN,0.6802,0.0078,0.312
CLUBS SIX SPADES FOUR,0.6426,0.0082,0.3492
CLUBS THREE DIAMONDS SEVEN,0.6746,0.007,0.3184
CLUBS SIX SPADES FIVE,0.6258,0.0068,0.3674
CLUBS FOUR DIAMONDS SEVEN,0.6502,0.0076,0.3422
CLUBS SIX SPADES SIX,0.4662,0.0058,0.528
CLUBS FIVE DIAMONDS SEVEN,0.6274,0.0074,0.3652
CLUBS SIX SPADES SEVEN,0.6266,0.0062,0.3672
CLUBS SIX DIAMONDS SEVEN,0.6252,0.0082,0.3666
CLUBS SIX SPADES EIGHT,0.6452,0.0062,0.3486
SPADES JACK CLUBS TWO,0.6858,0.0074,0.3068
CLUBS SEVEN DIAMONDS SEVEN,0.4718,0.0074,0.5208
SPADES NINE CLUBS SIX,0.6522,0.0064,0.3414
SPADES TEN CLUBS TWO,0.6982,0.0068,0.295
CLUBS TWO CLUBS KING,0.6682,0.0658,0.266
CLUBS THREE DIAMONDS EIGHT,0.6978,0.0052,0.297
CLUBS TWO CLUBS ACE,0.3992,0.0058,0.595
CLUBS TWO DIAMONDS EIGHT,0.687,0.008,0.305
HEARTS SEVEN DIAMONDS EIGHT,0.6434,0.007,0.3496
HEARTS SIX DIAMONDS EIGHT,0.6358,0.006,0.3582
DIAMONDS EIGHT HEARTS NINE,0.6338,0.0062,0.36
CLUBS TEN CLUBS TWO,0.656,0.0088,0.3352
DIAMONDS EIGHT HEARTS EIGHT,0.4654,0.0082,0.5264
CLUBS TWO CLUBS JACK,0.6572,0.0068,0.336
CLUBS NINE DIAMONDS EIGHT,0.6492,0.0058,0.345
CLUBS EIGHT DIAMONDS EIGHT,0.4686,0.008,0.5234
CLUBS FIVE DIAMONDS EIGHT,0.641,0.0062,0.3528
SPADES ACE SPADES THREE,0.3936,0.005,0.6014
CLUBS FOUR DIAMONDS EIGHT,0.6634,0.0062,0.3304
CLUBS SEVEN DIAMONDS EIGHT,0.6412,0.0062,0.3526
SPADES QUEEN SPADES THREE,0.7046,0.026,0.2694
CLUBS SIX DIAMONDS EIGHT,0.638,0.0086,0.3534
SPADES KING SPADES THREE,0.6582,0.0658,0.276
DIAMONDS QUEEN DIAMONDS EIGHT,0.7234,0.0268,0.2498
HEARTS TWO DIAMONDS EIGHT,0.6746,0.0066,0.3188
HEARTS THREE DIAMONDS EIGHT,0.6624,0.0074,0.3302
DIAMONDS ACE DIAMONDS EIGHT,0.4006,0.004,0.5954
HEARTS FOUR DIAMONDS EIGHT,0.6672,0.0066,0.3262
HEARTS FIVE DIAMONDS EIGHT,0.6528,0.0048,0.3424
DIAMONDS EIGHT DIAMONDS TEN,0.608,0.0068,0.3852
DIAMONDS EIGHT DIAMONDS JACK,0.626,0.0062,0.3678
SPADES JACK SPADES THREE,0.6404,0.0056,0.354
SPADES TEN SPADES THREE,0.6296,0.0066,0.3638
CLUBS FOUR HEARTS ACE,0.4304,0.0056,0.564
CLUBS FOUR HEARTS QUEEN,0.7504,0.0274,0.2222
CLUBS FOUR HEARTS KING,0.689,0.0694,0.2416
CLUBS SIX HEARTS TEN,0.6732,0.0062,0.3206
CLUBS SIX HEARTS JACK,0.6888,0.0042,0.307
DIAMONDS EIGHT SPADES FOUR,0.6588,0.007,0.3342
SPADES FIVE DIAMONDS EIGHT,0.6464,0.006,0.3476
DIAMONDS EIGHT SPADES TWO,0.6852,0.0082,0.3066
DIAMONDS EIGHT SPADES THREE,0.6798,0.0072,0.313
CLUBS FOUR HEARTS JACK,0.6934,0.0062,0.3004
SPADES EIGHT DIAMONDS EIGHT,0.4616,0.0064,0.532
SPADES TEN DIAMONDS QUEEN,0.7268,0.0262,0.247
SPADES TEN HEARTS TWO,0.6806,0.0066,0.3128
SPADES JACK HEARTS EIGHT,0.659,0.0072,0.3338
CLUBS FOUR HEARTS TEN,0.67,0.007,0.323
SPADES NINE DIAMONDS EIGHT,0.645,0.0046,0.3504
SPADES TEN HEARTS EIGHT,0.6576,0.0044,0.338
SPADES JACK HEARTS TWO,0.6872,0.0066,0.3062
SPADES JACK DIAMONDS QUEEN,0.734,0.0246,0.2414
SPADES SIX DIAMONDS EIGHT,0.6366,0.0066,0.3568
SPADES SEVEN DIAMONDS EIGHT,0.6482,0.005,0.3468
SPADES ACE HEARTS TWO,0.4152,0.006,0.5788
SPADES ACE DIAMONDS QUEEN,0.252,0.0112,0.7368
SPADES ACE HEARTS EIGHT,0.415,0.0028,0.5822
SPADES KING HEARTS EIGHT,0.6992,0.0598,0.241
SPADES QUEEN HEARTS TWO,0.7358,0.0268,0.2374
SPADES QUEEN DIAMONDS QUEEN,0.311,0.0108,0.6782
SPADES KING DIAMONDS QUEEN,0.0168,0.9722,0.011
SPADES KING HEARTS TWO,0.6936,0.064,0.2424
SPADES QUEEN HEARTS EIGHT,0.7406,0.0278,0.2316
CLUBS TWO HEARTS TEN,0.683,0.0072,0.3098
CLUBS TWO HEARTS JACK,0.6902,0.0066,0.3032
SPADES SEVEN DIAMONDS NINE,0.648,0.0066,0.3454
SPADES SIX DIAMONDS NINE,0.6488,0.0056,0.3456
SPADES NINE DIAMONDS NINE,0.4566,0.0058,0.5376
SPADES EIGHT DIAMONDS NINE,0.6522,0.0058,0.342
SPADES TEN CLUBS KING,0.7006,0.0604,0.239
DIAMONDS NINE SPADES THREE,0.671,0.0088,0.3202
SPADES JACK CLUBS KING,0.6972,0.0586,0.2442
DIAMONDS NINE SPADES TWO,0.6808,0.0094,0.3098
DIAMONDS NINE SPADES FIVE,0.6566,0.0052,0.3382
DIAMONDS NINE SPADES FOUR,0.6618,0.0078,0.3304
CLUBS NINE DIAMONDS NINE,0.4562,0.0068,0.537
CLUBS EIGHT DIAMONDS NINE,0.6502,0.0082,0.3416
CLUBS SIX DIAMONDS NINE,0.6536,0.0084,0.338
SPADES JACK CLUBS FOUR,0.6748,0.0076,0.3176
CLUBS SEVEN DIAMONDS NINE,0.65,0.0086,0.3414
SPADES TEN CLUBS FOUR,0.681,0.0074,0.3116
CLUBS FOUR DIAMONDS NINE,0.6784,0.0088,0.3128
CLUBS FIVE DIAMONDS NINE,0.6552,0.0074,0.3374
DIAMONDS NINE CLUBS TWO,0.691,0.0068,0.3022
CLUBS THREE DIAMONDS NINE,0.6812,0.006,0.3128
DIAMONDS NINE HEARTS EIGHT,0.6392,0.006,0.3548
DIAMONDS NINE HEARTS NINE,0.4522,0.0066,0.5412
HEARTS SIX DIAMONDS NINE,0.654,0.0068,0.3392
HEARTS SEVEN DIAMONDS NINE,0.65,0.0044,0.3456
CLUBS NINE CLUBS EIGHT,0.5906,0.0062,0.4032
DIAMONDS ACE DIAMONDS NINE,0.3988,0.0048,0.5964
HEARTS FOUR DIAMONDS NINE,0.668,0.0078,0.3242
HEARTS FIVE DIAMONDS NINE,0.6574,0.0086,0.334
HEARTS ACE CLUBS TWO,0.4204,0.004,0.5756
SPADES ACE CLUBS FOUR,0.4276,0.0064,0.566
DIAMONDS QUEEN DIAMONDS NINE,0.7054,0.0264,0.2682
HEARTS TWO DIAMONDS NINE,0.675,0.0058,0.3192
CLUBS TWO HEARTS KING,0.704,0.0674,0.2286
SPADES KING CLUBS FOUR,0.7038,0.0606,0.2356
HEARTS THREE DIAMONDS NINE,0.6672,0.0074,0.3254
CLUBS TWO HEARTS QUEEN,0.7548,0.0242,0.221
SPADES QUEEN CLUBS FOUR,0.7386,0.0294,0.232
DIAMONDS NINE DIAMONDS JACK,0.6104,0.009,0.3806
CLUBS EIGHT SPADES NINE,0.6272,0.0062,0.3666
DIAMONDS NINE DIAMONDS TEN,0.6222,0.006,0.3718
CLUBS EIGHT SPADES EIGHT,0.4728,0.0048,0.5224
CLUBS EIGHT SPADES SEVEN,0.6406,0.0052,0.3542
CLUBS EIGHT SPADES SIX,0.6526,0.0056,0.3418
CLUBS EIGHT SPADES FIVE,0.6414,0.0068,0.3518
CLUBS EIGHT SPADES FOUR,0.6656,0.0054,0.329
CLUBS EIGHT SPADES THREE,0.6874,0.0086,0.304
CLUBS EIGHT SPADES TWO,0.6776,0.0066,0.3158
HEARTS SIX DIAMONDS TEN,0.674,0.0066,0.3194
HEARTS SEVEN DIAMONDS TEN,0.6568,0.0058,0.3374
DIAMONDS TEN HEARTS EIGHT,0.6606,0.006,0.3334
CLUBS FOUR CLUBS JACK,0.6486,0.0096,0.3418
DIAMONDS TEN HEARTS NINE,0.6414,0.0058,0.3528
CLUBS TEN CLUBS FOUR,0.644,0.008,0.348
CLUBS FOUR CLUBS KING,0.6448,0.0688,0.2864
CLUBS TWO DIAMONDS TEN,0.6866,0.007,0.3064
CLUBS THREE DIAMONDS TEN,0.6786,0.0092,0.3122
CLUBS FOUR CLUBS ACE,0.3984,0.0068,0.5948
DIAMONDS JACK DIAMONDS TEN,0.6168,0.0078,0.3754
DIAMONDS QUEEN DIAMONDS TEN,0.6964,0.0294,0.2742
HEARTS TWO DIAMONDS TEN,0.685,0.0088,0.3062
HEARTS THREE DIAMONDS TEN,0.681,0.0068,0.3122
DIAMONDS ACE DIAMONDS TEN,0.3808,0.0042,0.615
HEARTS FOUR DIAMONDS TEN,0.674,0.0062,0.3198
CLUBS EIGHT HEARTS JACK,0.657,0.0078,0.3352
HEARTS FIVE DIAMONDS TEN,0.6746,0.0068,0.3186
CLUBS EIGHT HEARTS TEN,0.6516,0.0056,0.3428
CLUBS EIGHT HEARTS QUEEN,0.7412,0.0274,0.2314
CLUBS EIGHT HEARTS KING,0.7064,0.0652,0.2284
CLUBS EIGHT HEARTS ACE,0.4256,0.0028,0.5716
CLUBS NINE SPADES THREE,0.6758,0.0064,0.3178
CLUBS NINE SPADES TWO,0.681,0.0062,0.3128
CLUBS NINE SPADES FIVE,0.6536,0.0064,0.34
CLUBS NINE SPADES FOUR,0.6752,0.0058,0.319
CLUBS NINE SPADES SEVEN,0.651,0.005,0.344
CLUBS NINE SPADES SIX,0.6438,0.0064,0.3498
CLUBS NINE SPADES NINE,0.452,0.0046,0.5434
CLUBS TEN HEARTS EIGHT,0.643,0.0082,0.3488
CLUBS NINE SPADES EIGHT,0.647,0.0052,0.3478
HEARTS EIGHT CLUBS JACK,0.6656,0.0068,0.3276
CLUBS KING HEARTS EIGHT,0.693,0.0638,0.2432
CLUBS ACE HEARTS EIGHT,0.4178,0.0038,0.5784
SPADES KING CLUBS KING,0.095,0.0114,0.8936
SPADES QUEEN CLUBS KING,0.0092,0.9722,0.0186
SPADES ACE CLUBS KING,0.2454,0.01,0.7446
DIAMONDS ACE HEARTS TEN,0.4002,0.0046,0.5952
HEARTS FOUR HEARTS TEN,0.6332,0.0058,0.361
DIAMONDS ACE HEARTS JACK,0.3816,0.0054,0.613
HEARTS FOUR HEARTS JACK,0.6182,0.0076,0.3742
SPADES KING CLUBS FIVE,0.6958,0.0666,0.2376
SPADES QUEEN CLUBS FIVE,0.7306,0.0282,0.2412
SPADES ACE CLUBS FIVE,0.4228,0.0036,0.5736
HEARTS SEVEN DIAMONDS JACK,0.6708,0.0062,0.323
HEARTS SIX DIAMONDS JACK,0.6826,0.0078,0.3096
DIAMONDS JACK HEARTS NINE,0.6428,0.007,0.3502
DIAMONDS JACK HEARTS EIGHT,0.6614,0.0088,0.3298
HEARTS THREE DIAMONDS JACK,0.6872,0.0054,0.3074
SPADES ACE SPADES SIX,0.395,0.0044,0.6006
HEARTS ACE SPADES FOUR,0.4112,0.0028,0.586
DIAMONDS QUEEN DIAMONDS JACK,0.6998,0.024,0.2762
HEARTS TWO DIAMONDS JACK,0.7012,0.009,0.2898
HEARTS FIVE DIAMONDS JACK,0.6744,0.0086,0.317
SPADES QUEEN SPADES SIX,0.6996,0.0228,0.2776
SPADES FOUR HEARTS QUEEN,0.7354,0.025,0.2396
DIAMONDS ACE DIAMONDS JACK,0.3802,0.0056,0.6142
HEARTS FOUR DIAMONDS JACK,0.6834,0.0076,0.309
SPADES KING SPADES SIX,0.6394,0.0638,0.2968
SPADES FOUR HEARTS KING,0.6974,0.065,0.2376
SPADES TEN SPADES SIX,0.6256,0.0088,0.3656
SPADES JACK SPADES SIX,0.63,0.0064,0.3636
SPADES FOUR DIAMONDS JACK,0.6838,0.008,0.3082
SPADES FIVE DIAMONDS JACK,0.6798,0.0066,0.3136
DIAMONDS JACK SPADES TWO,0.695,0.007,0.298
DIAMONDS JACK SPADES THREE,0.6878,0.0086,0.3036
SPADES ACE DIAMONDS THREE,0.4192,0.0042,0.5766
SPADES QUEEN DIAMONDS THREE,0.7602,0.0252,0.2146
CLUBS EIGHT DIAMONDS JACK,0.67,0.0064,0.3236
SPADES KING DIAMONDS THREE,0.7088,0.0642,0.227
CLUBS NINE DIAMONDS JACK,0.654,0.0096,0.3364
CLUBS SIX DIAMONDS JACK,0.6964,0.008,0.2956
CLUBS SEVEN DIAMONDS JACK,0.687,0.0056,0.3074
CLUBS FOUR DIAMONDS JACK,0.6824,0.009,0.3086
CLUBS FIVE DIAMONDS JACK,0.6818,0.0092,0.309
CLUBS TWO DIAMONDS JACK,0.692,0.0078,0.3002
CLUBS THREE DIAMONDS JACK,0.7014,0.0104,0.2882
SPADES TEN CLUBS FIVE,0.6738,0.0066,0.3196
SPADES JACK HEARTS SIX,0.6724,0.006,0.3216
HEARTS SIX SPADES TEN,0.6766,0.0062,0.3172
SPADES JACK CLUBS FIVE,0.6792,0.0046,0.3162
SPADES JACK DIAMONDS THREE,0.6838,0.0054,0.3108
CLUBS SEVEN CLUBS ACE,0.4054,0.0066,0.588
DIAMONDS THREE SPADES TEN,0.6766,0.0084,0.315
CLUBS SEVEN CLUBS KING,0.6508,0.0616,0.2876
SPADES NINE DIAMONDS JACK,0.6572,0.0076,0.3352
CLUBS TEN CLUBS SEVEN,0.6162,0.008,0.3758
DIAMONDS ACE HEARTS ACE,0.126,0.0034,0.8706
HEARTS FOUR HEARTS ACE,0.3826,0.004,0.6134
SPADES EIGHT DIAMONDS JACK,0.6744,0.0064,0.3192
SPADES ACE HEARTS SIX,0.4252,0.003,0.5718
CLUBS SEVEN CLUBS JACK,0.6386,0.0086,0.3528
DIAMONDS ACE HEARTS KING,0.2336,0.012,0.7544
HEARTS FOUR HEARTS KING,0.6548,0.064,0.2812
SPADES SEVEN DIAMONDS JACK,0.669,0.005,0.326
SPADES KING HEARTS SIX,0.6878,0.06,0.2522
DIAMONDS ACE HEARTS QUEEN,0.2382,0.0092,0.7526
HEARTS FOUR HEARTS QUEEN,0.6946,0.0248,0.2806
SPADES QUEEN HEARTS SIX,0.7462,0.0248,0.229
SPADES SIX DIAMONDS JACK,0.6772,0.0068,0.316
DIAMONDS TEN SPADES TWO,0.672,0.0078,0.3202
SPADES THREE DIAMONDS TEN,0.6708,0.0092,0.32
SPADES FOUR DIAMONDS TEN,0.6774,0.0074,0.3152
SPADES FIVE DIAMONDS TEN,0.6832,0.0072,0.3096
SPADES SIX DIAMONDS TEN,0.6734,0.0068,0.3198
SPADES SEVEN DIAMONDS TEN,0.657,0.005,0.338
SPADES EIGHT DIAMONDS TEN,0.6558,0.0072,0.337
SPADES NINE DIAMONDS TEN,0.6376,0.0058,0.3566
CLUBS FOUR DIAMONDS TEN,0.6754,0.008,0.3166
CLUBS FIVE DIAMONDS TEN,0.6818,0.0078,0.3104
CLUBS SIX DIAMONDS TEN,0.6814,0.0072,0.3114
CLUBS SEVEN DIAMONDS TEN,0.6642,0.007,0.3288
CLUBS EIGHT DIAMONDS TEN,0.653,0.0062,0.3408
CLUBS NINE DIAMONDS TEN,0.6378,0.0062,0.356
DIAMONDS THREE CLUBS JACK,0.6854,0.0056,0.309
CLUBS TEN DIAMONDS THREE,0.6794,0.0064,0.3142
DIAMONDS THREE CLUBS KING,0.6994,0.0664,0.2342
DIAMONDS THREE CLUBS ACE,0.4204,0.0042,0.5754
SPADES FOUR HEARTS JACK,0.6744,0.008,0.3176
SPADES FOUR HEARTS TEN,0.6672,0.005,0.3278
SPADES FIVE SPADES TWO,0.6034,0.0074,0.3892
SPADES FOUR SPADES TWO,0.6078,0.0096,0.3826
SPADES THREE SPADES TWO,0.618,0.009,0.373
SPADES NINE SPADES TWO,0.6294,0.008,0.3626
SPADES EIGHT SPADES TWO,0.631,0.0054,0.3636
SPADES SEVEN SPADES TWO,0.6336,0.0082,0.3582
SPADES SIX SPADES TWO,0.6248,0.008,0.3672
DIAMONDS QUEEN CLUBS THREE,0.7548,0.027,0.2182
CLUBS THREE HEARTS TWO,0.6598,0.0082,0.332
DIAMONDS QUEEN CLUBS TWO,0.7584,0.0298,0.2118
HEARTS TWO CLUBS TWO,0.4812,0.0098,0.509
HEARTS SEVEN DIAMONDS QUEEN,0.7472,0.0254,0.2274
HEARTS SEVEN HEARTS TWO,0.6326,0.007,0.3604
HEARTS SIX DIAMONDS QUEEN,0.7412,0.028,0.2308
HEARTS SIX HEARTS TWO,0.6144,0.0056,0.38
DIAMONDS QUEEN HEARTS NINE,0.7206,0.0256,0.2538
HEARTS TWO HEARTS NINE,0.6208,0.0082,0.371
DIAMONDS QUEEN HEARTS EIGHT,0.7532,0.0268,0.22
HEARTS TWO HEARTS EIGHT,0.6212,0.0072,0.3716
CLUBS NINE HEARTS TWO,0.6822,0.0068,0.311
CLUBS NINE DIAMONDS QUEEN,0.75,0.027,0.223
CLUBS EIGHT HEARTS TWO,0.6708,0.008,0.3212
CLUBS EIGHT DIAMONDS QUEEN,0.7612,0.028,0.2108
CLUBS FIVE DIAMONDS QUEEN,0.7412,0.028,0.2308
CLUBS FIVE HEARTS TWO,0.644,0.0072,0.3488
SPADES EIGHT HEARTS ACE,0.4204,0.0042,0.5754
DIAMONDS QUEEN CLUBS FOUR,0.7594,0.0248,0.2158
CLUBS FOUR HEARTS TWO,0.6548,0.0048,0.3404
CLUBS SEVEN DIAMONDS QUEEN,0.758,0.028,0.214
CLUBS SEVEN HEARTS TWO,0.6612,0.0074,0.3314
SPADES EIGHT HEARTS QUEEN,0.7472,0.0252,0.2276
CLUBS SIX DIAMONDS QUEEN,0.7448,0.0292,0.226
CLUBS SIX HEARTS TWO,0.6582,0.0066,0.3352
SPADES EIGHT HEARTS KING,0.7052,0.0564,0.2384
HEARTS TWO SPADES SIX,0.6638,0.0054,0.3308
DIAMONDS QUEEN SPADES SIX,0.7358,0.0274,0.2368
DIAMONDS QUEEN SPADES SEVEN,0.7542,0.0254,0.2204
SPADES SEVEN HEARTS TWO,0.6616,0.006,0.3324
HEARTS FOUR CLUBS KING,0.6826,0.0722,0.2452
DIAMONDS ACE CLUBS KING,0.2334,0.0122,0.7544
DIAMONDS QUEEN SPADES EIGHT,0.7466,0.0278,0.2256
SPADES EIGHT HEARTS TWO,0.6714,0.006,0.3226
HEARTS FOUR CLUBS ACE,0.4196,0.0042,0.5762
DIAMONDS ACE CLUBS ACE,0.1232,0.0042,0.8726
SPADES NINE DIAMONDS QUEEN,0.7298,0.0286,0.2416
SPADES NINE HEARTS TWO,0.6742,0.0072,0.3186
HEARTS TWO SPADES TWO,0.4846,0.0068,0.5086
DIAMONDS QUEEN SPADES TWO,0.7506,0.0312,0.2182
HEARTS TWO SPADES THREE,0.6336,0.0086,0.3578
DIAMONDS QUEEN SPADES THREE,0.7506,0.0264,0.223
HEARTS TWO SPADES FOUR,0.6552,0.0048,0.34
DIAMONDS QUEEN SPADES FOUR,0.7466,0.0264,0.227
CLUBS TEN HEARTS FOUR,0.6692,0.0044,0.3264
CLUBS TEN DIAMONDS ACE,0.4036,0.0048,0.5916
HEARTS TWO SPADES FIVE,0.653,0.006,0.341
DIAMONDS QUEEN SPADES FIVE,0.7548,0.0262,0.219
HEARTS FOUR CLUBS JACK,0.6754,0.0074,0.3172
DIAMONDS ACE CLUBS JACK,0.396,0.004,0.6
CLUBS FIVE CLUBS KING,0.6608,0.0656,0.2736
CLUBS FIVE CLUBS ACE,0.4078,0.0056,0.5866
CLUBS FIVE CLUBS JACK,0.65,0.007,0.343
CLUBS TEN CLUBS FIVE,0.656,0.0072,0.3368
SPADES KING CLUBS JACK,0.7012,0.066,0.2328
SPADES QUEEN CLUBS JACK,0.7406,0.0226,0.2368
SPADES ACE CLUBS JACK,0.3952,0.005,0.5998
SPADES SIX CLUBS KING,0.689,0.0594,0.2516
SPADES EIGHT HEARTS JACK,0.6674,0.0062,0.3264
SPADES SIX CLUBS ACE,0.4194,0.0046,0.576
SPADES EIGHT HEARTS TEN,0.6576,0.0066,0.3358
SPADES SIX CLUBS JACK,0.6832,0.0082,0.3086
CLUBS TEN SPADES SIX,0.6668,0.0056,0.3276
SPADES TEN CLUBS JACK,0.6392,0.0072,0.3536
SPADES JACK CLUBS JACK,0.4404,0.0054,0.5542
SPADES QUEEN CLUBS SEVEN,0.746,0.0284,0.2256
SPADES KING CLUBS SEVEN,0.6956,0.0642,0.2402
SPADES ACE CLUBS SEVEN,0.4382,0.0044,0.5574
SPADES SIX HEARTS TEN,0.6634,0.006,0.3306
SPADES SIX HEARTS JACK,0.6902,0.008,0.3018
SPADES SIX HEARTS ACE,0.4258,0.0036,0.5706
SPADES SIX HEARTS KING,0.6876,0.065,0.2474
SPADES SIX HEARTS QUEEN,0.733,0.0234,0.2436
CLUBS SEVEN SPADES JACK,0.6754,0.0058,0.3188
CLUBS SEVEN SPADES TEN,0.6566,0.0088,0.3346
CLUBS TEN HEARTS SIX,0.6626,0.0076,0.3298
HEARTS SIX CLUBS JACK,0.682,0.0082,0.3098
CLUBS ACE CLUBS JACK,0.3798,0.0034,0.6168
HEARTS SIX CLUBS KING,0.6808,0.0672,0.252
HEARTS SIX CLUBS ACE,0.4288,0.0042,0.567
CLUBS KING CLUBS JACK,0.6694,0.0634,0.2672
DIAMONDS THREE HEARTS ACE,0.4234,0.0058,0.5708
DIAMONDS THREE HEARTS QUEEN,0.7528,0.0274,0.2198
DIAMONDS THREE HEARTS KING,0.704,0.065,0.231
CLUBS FIVE HEARTS JACK,0.6798,0.0074,0.3128
SPADES TEN DIAMONDS ACE,0.3888,0.0054,0.6058
HEARTS FOUR SPADES TEN,0.6756,0.0052,0.3192
CLUBS FIVE HEARTS TEN,0.677,0.0058,0.3172
HEARTS FOUR SPADES JACK,0.6732,0.0064,0.3204
SPADES JACK DIAMONDS ACE,0.3962,0.0026,0.6012
SPADES ACE HEARTS FOUR,0.42,0.0032,0.5768
SPADES ACE DIAMONDS ACE,0.1296,0.003,0.8674
CLUBS FIVE HEARTS ACE,0.4188,0.0046,0.5766
CLUBS FIVE HEARTS KING,0.7026,0.0618,0.2356
HEARTS FOUR SPADES QUEEN,0.7294,0.0248,0.2458
SPADES QUEEN DIAMONDS ACE,0.2488,0.011,0.7402
SPADES FOUR CLUBS JACK,0.6788,0.0072,0.314
CLUBS FIVE HEARTS QUEEN,0.7376,0.0276,0.2348
SPADES KING DIAMONDS ACE,0.2352,0.0104,0.7544
SPADES KING HEARTS FOUR,0.686,0.0608,0.2532
CLUBS TEN SPADES FOUR,0.6764,0.0072,0.3164
DIAMONDS ACE DIAMONDS QUEEN,0.2386,0.0122,0.7492
DIAMONDS ACE HEARTS TWO,0.4176,0.007,0.5754
HEARTS FOUR DIAMONDS QUEEN,0.743,0.0298,0.2272
HEARTS FOUR HEARTS TWO,0.6128,0.0088,0.3784
DIAMONDS THREE HEARTS TEN,0.679,0.0074,0.3136
SPADES FOUR CLUBS KING,0.6822,0.0604,0.2574
HEARTS FIVE DIAMONDS QUEEN,0.7392,0.024,0.2368
HEARTS FIVE HEARTS TWO,0.6034,0.0064,0.3902
DIAMONDS THREE HEARTS JACK,0.684,0.009,0.307
DIAMONDS QUEEN HEARTS TWO,0.7596,0.0296,0.2108
DIAMONDS QUEEN HEARTS THREE,0.7524,0.0304,0.2172
HEARTS THREE HEARTS TWO,0.6054,0.0076,0.387
SPADES FOUR CLUBS ACE,0.4108,0.0048,0.5844
HEARTS TWO CLUBS ACE,0.4122,0.007,0.5808
DIAMONDS QUEEN CLUBS ACE,0.2448,0.012,0.7432
HEARTS TWO CLUBS KING,0.7052,0.0676,0.2272
DIAMONDS QUEEN CLUBS KING,0.0092,0.9826,0.0082
SPADES EIGHT SPADES FIVE,0.5974,0.0084,0.3942
CLUBS TEN HEARTS TWO,0.69,0.0056,0.3044
CLUBS TEN DIAMONDS QUEEN,0.7314,0.025,0.2436
SPADES NINE SPADES FIVE,0.6124,0.0078,0.3798
HEARTS TWO CLUBS JACK,0.688,0.0064,0.3056
DIAMONDS QUEEN CLUBS JACK,0.7376,0.0242,0.2382
SPADES SIX SPADES FIVE,0.5806,0.0062,0.4132
SPADES SEVEN SPADES FIVE,0.6042,0.0028,0.393
SPADES EIGHT CLUBS ACE,0.4204,0.0052,0.5744
DIAMONDS FIVE CLUBS KING,0.697,0.0696,0.2334
SPADES EIGHT CLUBS KING,0.695,0.0638,0.2412
DIAMONDS FIVE CLUBS ACE,0.41,0.0052,0.5848
SPADES EIGHT CLUBS JACK,0.6552,0.0064,0.3384
CLUBS TEN SPADES EIGHT,0.64,0.0056,0.3544
CLUBS TEN DIAMONDS FIVE,0.6968,0.0088,0.2944
DIAMONDS FIVE CLUBS JACK,0.6804,0.0068,0.3128
DIAMONDS TEN HEARTS JACK,0.6494,0.0058,0.3448
DIAMONDS TEN HEARTS TEN,0.436,0.0046,0.5594
SPADES ACE CLUBS NINE,0.415,0.0036,0.5814
CLUBS NINE SPADES QUEEN,0.7326,0.0252,0.2422
CLUBS NINE SPADES KING,0.6886,0.064,0.2474
HEARTS SIX HEARTS KING,0.6568,0.0584,0.2848
HEARTS THREE SPADES SEVEN,0.6554,0.005,0.3396
SPADES KING DIAMONDS SEVEN,0.703,0.063,0.234
HEARTS SIX HEARTS QUEEN,0.6906,0.025,0.2844
SPADES QUEEN DIAMONDS SEVEN,0.7444,0.0236,0.232
HEARTS THREE SPADES SIX,0.6462,0.006,0.3478
SPADES NINE HEARTS THREE,0.6814,0.0036,0.315
HEARTS SIX HEARTS ACE,0.3964,0.004,0.5996
SPADES EIGHT HEARTS THREE,0.666,0.0068,0.3272
SPADES ACE DIAMONDS SEVEN,0.4194,0.004,0.5766
