opposingHand,winningChance,drawChance,lostChance
DIAMONDS THREE HEARTS KING
HEARTS FIVE SPADES TEN,0.5882,0.0102,0.4016
HEARTS FIVE SPADES JACK,0.5952,0.0076,0.3972
CLUBS JACK SPADES FIVE,0.6056,0.0084,0.386
CLUBS TEN SPADES FIVE,0.5884,0.008,0.4036
CLUBS JACK CLUBS EIGHT,0.5356,0.0068,0.4576
CLUBS TEN CLUBS EIGHT,0.5108,0.0072,0.482
CLUBS EIGHT CLUBS KING,0.2188,0.2222,0.559
SPADES FIVE CLUBS ACE,0.3292,0.005,0.6658
CLUBS EIGHT CLUBS QUEEN,0.5376,0.0062,0.4562
SPADES FIVE CLUBS KING,0.2312,0.4634,0.3054
SPADES FIVE CLUBS QUEEN,0.5854,0.008,0.4066
CLUBS EIGHT CLUBS ACE,0.3422,0.0054,0.6524
DIAMONDS TWO DIAMONDS FIVE,0.5886,0.011,0.4004
HEARTS FIVE SPADES KING,0.218,0.4572,0.3248
DIAMONDS TWO DIAMONDS FOUR,0.5826,0.0106,0.4068
HEARTS FIVE SPADES QUEEN,0.609,0.007,0.384
DIAMONDS TWO DIAMONDS SEVEN,0.5908,0.0114,0.3978
DIAMONDS TWO DIAMONDS SIX,0.5952,0.0096,0.3952
SPADES ACE HEARTS FIVE,0.3516,0.0064,0.642
DIAMONDS TWO DIAMONDS NINE,0.603,0.0096,0.3874
DIAMONDS TWO DIAMONDS EIGHT,0.6118,0.008,0.3802
CLUBS TWO SPADES FOUR,0.6244,0.0102,0.3654
CLUBS TWO SPADES FIVE,0.608,0.011,0.381
CLUBS TWO SPADES TWO,0.4286,0.017,0.5544
CLUBS TWO SPADES THREE,0.718,0.0368,0.2452
SPADES EIGHT CLUBS TWO,0.6476,0.0108,0.3416
SPADES NINE CLUBS TWO,0.6156,0.0106,0.3738
SPADES SIX CLUBS TWO,0.6284,0.01,0.3616
SPADES SEVEN CLUBS TWO,0.6252,0.009,0.3658
CLUBS SIX CLUBS TWO,0.5802,0.0082,0.4116
CLUBS SEVEN CLUBS TWO,0.577,0.0086,0.4144
CLUBS FOUR CLUBS TWO,0.5782,0.009,0.4128
CLUBS FIVE CLUBS TWO,0.5696,0.008,0.4224
CLUBS TEN CLUBS JACK,0.5022,0.0078,0.49
DIAMONDS FOUR DIAMONDS SIX,0.5316,0.01,0.4584
CLUBS TEN CLUBS QUEEN,0.5208,0.006,0.4732
DIAMONDS FOUR DIAMONDS SEVEN,0.545,0.0082,0.4468
CLUBS TEN CLUBS KING,0.2228,0.1128,0.6644
CLUBS TEN CLUBS ACE,0.3278,0.0056,0.6666
CLUBS EIGHT CLUBS TWO,0.5792,0.006,0.4148
DIAMONDS FOUR DIAMONDS FIVE,0.5366,0.0076,0.4558
CLUBS NINE CLUBS TWO,0.585,0.0076,0.4074
DIAMONDS FOUR DIAMONDS NINE,0.5662,0.0102,0.4236
DIAMONDS FOUR DIAMONDS EIGHT,0.5634,0.0096,0.427
CLUBS TWO CLUBS THREE,0.666,0.0312,0.3028
DIAMONDS NINE DIAMONDS FIVE,0.56,0.0068,0.4332
CLUBS JACK DIAMONDS TWO,0.6402,0.0086,0.3512
DIAMONDS FIVE DIAMONDS EIGHT,0.5436,0.01,0.4464
CLUBS TEN DIAMONDS TWO,0.6424,0.006,0.3516
DIAMONDS FIVE DIAMONDS SEVEN,0.5458,0.0078,0.4464
DIAMONDS SIX DIAMONDS FIVE,0.5414,0.0088,0.4498
DIAMONDS TWO CLUBS ACE,0.3748,0.0058,0.6194
DIAMONDS TWO CLUBS KING,0.2614,0.5244,0.2142
DIAMONDS TWO CLUBS QUEEN,0.6336,0.0102,0.3562
DIAMONDS SIX DIAMONDS EIGHT,0.541,0.0084,0.4506
DIAMONDS NINE DIAMONDS SIX,0.5336,0.01,0.4564
SPADES THREE HEARTS ACE,0.2298,0.0252,0.745
DIAMONDS SIX DIAMONDS SEVEN,0.5344,0.0094,0.4562
HEARTS QUEEN SPADES THREE,0.7382,0.0316,0.2302
SPADES THREE HEARTS JACK,0.738,0.0348,0.2272
SPADES THREE HEARTS TEN,0.7242,0.0326,0.2432
DIAMONDS EIGHT DIAMONDS SEVEN,0.5276,0.0082,0.4642
DIAMONDS NINE DIAMONDS SEVEN,0.5362,0.0076,0.4562
DIAMONDS NINE DIAMONDS EIGHT,0.5216,0.009,0.4694
DIAMONDS KING HEARTS TEN,0.2312,0.1148,0.654
HEARTS THREE HEARTS TEN,0.6916,0.0282,0.2802
SPADES JACK CLUBS SIX,0.5892,0.006,0.4048
DIAMONDS KING HEARTS JACK,0.2218,0.0908,0.6874
HEARTS THREE HEARTS JACK,0.7004,0.0282,0.2714
SPADES TEN CLUBS SIX,0.5714,0.007,0.4216
SPADES JACK SPADES FIVE,0.5512,0.0066,0.4422
SPADES TEN SPADES FIVE,0.556,0.008,0.436
DIAMONDS KING HEARTS ACE,0.2198,0.0124,0.7678
HEARTS THREE HEARTS ACE,0.2244,0.0232,0.7524
SPADES ACE CLUBS SIX,0.3684,0.0044,0.6272
DIAMONDS KING HEARTS QUEEN,0.2324,0.0718,0.6958
HEARTS THREE HEARTS QUEEN,0.706,0.03,0.264
SPADES KING CLUBS SIX,0.2256,0.3778,0.3966
SPADES QUEEN CLUBS SIX,0.591,0.0092,0.3998
SPADES NINE HEARTS TEN,0.557,0.0082,0.4348
SPADES NINE HEARTS JACK,0.554,0.0088,0.4372
SPADES QUEEN SPADES FIVE,0.5554,0.0084,0.4362
SPADES KING SPADES FIVE,0.2096,0.4298,0.3606
SPADES ACE SPADES FIVE,0.3324,0.0064,0.6612
SPADES NINE HEARTS QUEEN,0.5754,0.0072,0.4174
SPADES NINE HEARTS ACE,0.3532,0.007,0.6398
CLUBS TEN SPADES JACK,0.5414,0.007,0.4516
CLUBS TEN SPADES TEN,0.2902,0.0082,0.7016
SPADES ACE CLUBS TEN,0.3472,0.004,0.6488
CLUBS TEN SPADES KING,0.224,0.1174,0.6586
CLUBS TEN SPADES QUEEN,0.5464,0.0086,0.445
SPADES FIVE HEARTS QUEEN,0.6056,0.0094,0.385
SPADES FIVE HEARTS ACE,0.3492,0.0052,0.6456
CLUBS EIGHT SPADES TEN,0.5518,0.0064,0.4418
SPADES JACK HEARTS THREE,0.7378,0.0368,0.2254
SPADES JACK DIAMONDS KING,0.2196,0.0858,0.6946
SPADES TEN DIAMONDS KING,0.2294,0.1198,0.6508
SPADES TEN HEARTS THREE,0.7268,0.0372,0.236
CLUBS EIGHT SPADES JACK,0.5686,0.008,0.4234
CLUBS SIX HEARTS ACE,0.3646,0.0058,0.6296
SPADES ACE CLUBS EIGHT,0.364,0.0034,0.6326
HEARTS FIVE CLUBS JACK,0.5968,0.0086,0.3946
CLUBS TEN HEARTS FIVE,0.597,0.0088,0.3942
CLUBS SIX HEARTS QUEEN,0.5982,0.009,0.3928
SPADES QUEEN CLUBS EIGHT,0.572,0.0082,0.4198
CLUBS TEN SPADES THREE,0.7302,0.0376,0.2322
SPADES KING CLUBS EIGHT,0.238,0.2182,0.5438
CLUBS JACK SPADES THREE,0.7352,0.031,0.2338
DIAMONDS TWO HEARTS JACK,0.6292,0.0064,0.3644
SPADES THREE CLUBS QUEEN,0.7374,0.0324,0.2302
DIAMONDS TWO HEARTS TEN,0.6384,0.0094,0.3522
SPADES THREE CLUBS KING,0.0204,0.9562,0.0234
HEARTS FIVE CLUBS ACE,0.354,0.006,0.64
SPADES FIVE HEARTS TEN,0.5942,0.0094,0.3964
SPADES THREE CLUBS ACE,0.232,0.0202,0.7478
HEARTS FIVE CLUBS KING,0.229,0.4568,0.3142
SPADES FIVE HEARTS JACK,0.606,0.0088,0.3852
HEARTS FIVE CLUBS QUEEN,0.5908,0.0086,0.4006
HEARTS THREE CLUBS KING,0.0172,0.97,0.0128
DIAMONDS KING CLUBS KING,0.068,0.0158,0.9162
HEARTS THREE CLUBS QUEEN,0.7328,0.0332,0.234
DIAMONDS KING CLUBS QUEEN,0.237,0.0658,0.6972
HEARTS FIVE HEARTS JACK,0.5764,0.0096,0.414
HEARTS FIVE HEARTS TEN,0.5724,0.01,0.4176
HEARTS THREE CLUBS ACE,0.235,0.0226,0.7424
DIAMONDS KING CLUBS ACE,0.2186,0.0112,0.7702
SPADES ACE CLUBS QUEEN,0.342,0.0034,0.6546
SPADES KING CLUBS QUEEN,0.2342,0.0654,0.7004
CLUBS JACK HEARTS THREE,0.7382,0.03,0.2318
CLUBS JACK DIAMONDS KING,0.2262,0.081,0.6928
SPADES QUEEN CLUBS QUEEN,0.2838,0.0024,0.7138
CLUBS TEN HEARTS THREE,0.7258,0.0348,0.2394
CLUBS TEN DIAMONDS KING,0.225,0.1196,0.6554
SPADES JACK CLUBS QUEEN,0.5546,0.0068,0.4386
CLUBS SIX CLUBS QUEEN,0.5592,0.0072,0.4336
SPADES TEN CLUBS QUEEN,0.554,0.0048,0.4412
CLUBS SIX CLUBS KING,0.199,0.3608,0.4402
CLUBS SIX CLUBS ACE,0.3344,0.0048,0.6608
HEARTS FIVE HEARTS QUEEN,0.5694,0.0094,0.4212
CLUBS TEN CLUBS SIX,0.5402,0.0066,0.4532
HEARTS FIVE HEARTS ACE,0.3266,0.0062,0.6672
CLUBS JACK CLUBS SIX,0.5538,0.0092,0.437
SPADES SEVEN HEARTS JACK,0.5862,0.0078,0.406
SPADES SEVEN HEARTS TEN,0.5702,0.007,0.4228
DIAMONDS TWO CLUBS TWO,0.4408,0.0218,0.5374
DIAMONDS TWO CLUBS THREE,0.7154,0.0322,0.2524
DIAMONDS TWO HEARTS SIX,0.6356,0.0096,0.3548
DIAMONDS TWO HEARTS QUEEN,0.6416,0.0102,0.3482
HEARTS SEVEN DIAMONDS TWO,0.64,0.009,0.351
DIAMONDS TWO HEARTS EIGHT,0.6468,0.0084,0.3448
DIAMONDS TWO HEARTS ACE,0.3748,0.0062,0.619
DIAMONDS TWO HEARTS NINE,0.6428,0.01,0.3472
DIAMONDS TWO DIAMONDS QUEEN,0.611,0.007,0.382
DIAMONDS TWO HEARTS TWO,0.4576,0.0216,0.5208
DIAMONDS TWO DIAMONDS KING,0.2526,0.4816,0.2658
DIAMONDS TWO HEARTS THREE,0.7312,0.0354,0.2334
DIAMONDS TWO DIAMONDS ACE,0.3606,0.0074,0.632
HEARTS FOUR DIAMONDS TWO,0.6244,0.0114,0.3642
HEARTS FIVE DIAMONDS TWO,0.6328,0.0108,0.3564
SPADES SEVEN HEARTS ACE,0.3456,0.0058,0.6486
DIAMONDS TWO DIAMONDS TEN,0.5976,0.0086,0.3938
DIAMONDS TWO DIAMONDS JACK,0.5976,0.0082,0.3942
SPADES SEVEN HEARTS QUEEN,0.5974,0.0066,0.396
DIAMONDS TWO SPADES NINE,0.634,0.0096,0.3564
DIAMONDS TWO SPADES EIGHT,0.6398,0.0076,0.3526
DIAMONDS TWO SPADES SEVEN,0.641,0.0102,0.3488
DIAMONDS TWO SPADES SIX,0.633,0.011,0.356
DIAMONDS TWO SPADES FIVE,0.6112,0.0106,0.3782
DIAMONDS TWO SPADES FOUR,0.612,0.0094,0.3786
DIAMONDS TWO SPADES THREE,0.7084,0.0362,0.2554
DIAMONDS TWO SPADES TWO,0.4506,0.0166,0.5328
DIAMONDS TWO CLUBS NINE,0.6334,0.0072,0.3594
CLUBS EIGHT DIAMONDS TWO,0.625,0.0086,0.3664
DIAMONDS TWO CLUBS SEVEN,0.6296,0.0078,0.3626
DIAMONDS TWO CLUBS SIX,0.6338,0.0106,0.3556
DIAMONDS TWO CLUBS FIVE,0.6132,0.011,0.3758
DIAMONDS TWO CLUBS FOUR,0.6212,0.0078,0.371
CLUBS FOUR SPADES FIVE,0.5722,0.0096,0.4182
CLUBS FOUR SPADES FOUR,0.352,0.0168,0.6312
CLUBS FOUR SPADES THREE,0.6844,0.031,0.2846
CLUBS FOUR SPADES TWO,0.6292,0.0084,0.3624
SPADES NINE CLUBS FOUR,0.5918,0.0084,0.3998
SPADES EIGHT CLUBS FOUR,0.6032,0.0082,0.3886
CLUBS FOUR SPADES SEVEN,0.5866,0.0078,0.4056
CLUBS FOUR SPADES SIX,0.5776,0.0082,0.4142
SPADES ACE DIAMONDS SIX,0.3544,0.006,0.6396
SPADES QUEEN DIAMONDS SIX,0.5872,0.0086,0.4042
SPADES KING DIAMONDS SIX,0.2218,0.3802,0.398
SPADES TEN DIAMONDS SIX,0.5872,0.0076,0.4052
SPADES JACK DIAMONDS SIX,0.6006,0.0074,0.392
SPADES QUEEN SPADES TWO,0.601,0.0072,0.3918
SPADES KING SPADES TWO,0.2464,0.5028,0.2508
SPADES ACE SPADES TWO,0.3466,0.0056,0.6478
CLUBS JACK DIAMONDS JACK,0.2856,0.0054,0.709
CLUBS TEN DIAMONDS JACK,0.5358,0.0062,0.458
DIAMONDS JACK CLUBS KING,0.2314,0.0798,0.6888
DIAMONDS JACK CLUBS QUEEN,0.5434,0.0074,0.4492
DIAMONDS JACK CLUBS ACE,0.3372,0.0054,0.6574
SPADES TEN SPADES NINE,0.5168,0.0064,0.4768
SPADES JACK SPADES NINE,0.5242,0.0062,0.4696
DIAMONDS FOUR HEARTS JACK,0.6108,0.007,0.3822
SPADES TEN SPADES TWO,0.5892,0.0078,0.403
DIAMONDS FOUR HEARTS TEN,0.5914,0.0086,0.4
SPADES JACK SPADES TWO,0.5894,0.0086,0.402
DIAMONDS FOUR HEARTS QUEEN,0.6046,0.0098,0.3856
SPADES ACE SPADES NINE,0.3378,0.0032,0.659
DIAMONDS FOUR HEARTS ACE,0.3442,0.0054,0.6504
SPADES KING SPADES NINE,0.2202,0.1556,0.6242
SPADES QUEEN SPADES NINE,0.5222,0.0082,0.4696
CLUBS SIX CLUBS FIVE,0.5232,0.009,0.4678
DIAMONDS FOUR CLUBS ACE,0.3312,0.0054,0.6634
CLUBS SEVEN CLUBS FIVE,0.5382,0.0064,0.4554
DIAMONDS FOUR CLUBS QUEEN,0.59,0.0096,0.4004
DIAMONDS FOUR CLUBS KING,0.211,0.523,0.266
CLUBS TEN DIAMONDS FOUR,0.5922,0.0076,0.4002
CLUBS JACK DIAMONDS FOUR,0.5926,0.0104,0.397
SPADES SEVEN CLUBS ACE,0.367,0.0038,0.6292
SPADES SEVEN CLUBS QUEEN,0.5958,0.0092,0.395
SPADES SEVEN CLUBS KING,0.2288,0.2946,0.4766
SPADES SEVEN CLUBS FIVE,0.565,0.0072,0.4278
CLUBS TEN SPADES SEVEN,0.5824,0.0054,0.4122
CLUBS FIVE SPADES SIX,0.5714,0.0082,0.4204
CLUBS JACK SPADES SEVEN,0.5776,0.0076,0.4148
SPADES NINE CLUBS FIVE,0.5878,0.0084,0.4038
SPADES EIGHT CLUBS FIVE,0.5876,0.0086,0.4038
CLUBS FIVE SPADES THREE,0.6924,0.0304,0.2772
CLUBS FIVE SPADES TWO,0.6128,0.0088,0.3784
CLUBS FIVE SPADES FIVE,0.34,0.0184,0.6416
CLUBS FIVE SPADES FOUR,0.5628,0.0082,0.429
CLUBS NINE CLUBS FIVE,0.553,0.0096,0.4374
CLUBS EIGHT CLUBS FIVE,0.548,0.0082,0.4438
CLUBS ACE CLUBS QUEEN,0.3258,0.0046,0.6696
CLUBS KING CLUBS QUEEN,0.2324,0.0624,0.7052
DIAMONDS FOUR DIAMONDS TEN,0.5638,0.0076,0.4286
CLUBS TEN DIAMONDS NINE,0.5402,0.008,0.4518
DIAMONDS FOUR DIAMONDS JACK,0.5548,0.0072,0.438
CLUBS JACK DIAMONDS NINE,0.5588,0.0056,0.4356
CLUBS JACK SPADES NINE,0.5526,0.006,0.4414
CLUBS TEN SPADES NINE,0.5394,0.0062,0.4544
DIAMONDS FOUR DIAMONDS ACE,0.3292,0.0074,0.6634
HEARTS FOUR DIAMONDS FOUR,0.3362,0.018,0.6458
DIAMONDS JACK HEARTS TEN,0.5454,0.0054,0.4492
SPADES NINE CLUBS KING,0.2308,0.1678,0.6014
DIAMONDS TWO SPADES TEN,0.6302,0.0094,0.3604
DIAMONDS NINE CLUBS ACE,0.357,0.004,0.639
HEARTS FIVE DIAMONDS FOUR,0.5672,0.0108,0.422
DIAMONDS JACK HEARTS JACK,0.2854,0.0062,0.7084
SPADES NINE CLUBS QUEEN,0.5692,0.0066,0.4242
DIAMONDS TWO SPADES JACK,0.6306,0.0082,0.3612
DIAMONDS FOUR DIAMONDS QUEEN,0.5652,0.0094,0.4254
DIAMONDS FOUR HEARTS TWO,0.6132,0.0126,0.3742
DIAMONDS NINE CLUBS QUEEN,0.5634,0.0064,0.4302
DIAMONDS FOUR DIAMONDS KING,0.2108,0.4806,0.3086
DIAMONDS FOUR HEARTS THREE,0.6944,0.0328,0.2728
SPADES NINE CLUBS ACE,0.351,0.004,0.645
DIAMONDS NINE CLUBS KING,0.2154,0.1608,0.6238
HEARTS ACE DIAMONDS JACK,0.3334,0.0066,0.66
SPADES ACE DIAMONDS TWO,0.3908,0.0062,0.603
HEARTS QUEEN DIAMONDS JACK,0.5552,0.007,0.4378
SPADES QUEEN DIAMONDS TWO,0.6404,0.0076,0.352
SPADES KING DIAMONDS TWO,0.258,0.5204,0.2216
SPADES JACK SPADES SEVEN,0.5458,0.0058,0.4484
SPADES TEN SPADES SEVEN,0.5282,0.0074,0.4644
CLUBS SEVEN CLUBS THREE,0.674,0.0204,0.3056
CLUBS SIX CLUBS THREE,0.6614,0.0242,0.3144
CLUBS FIVE CLUBS THREE,0.643,0.028,0.329
CLUBS FOUR CLUBS THREE,0.6492,0.0324,0.3184
CLUBS NINE CLUBS THREE,0.679,0.0334,0.2876
CLUBS EIGHT CLUBS THREE,0.6812,0.026,0.2928
SPADES FIVE CLUBS THREE,0.6892,0.0298,0.281
CLUBS THREE SPADES FOUR,0.6988,0.029,0.2722
CLUBS THREE SPADES THREE,0.3096,0.0252,0.6652
CLUBS THREE SPADES TWO,0.7188,0.0314,0.2498
SPADES SIX CLUBS THREE,0.721,0.0268,0.2522
SPADES SEVEN CLUBS THREE,0.7102,0.0274,0.2624
SPADES EIGHT CLUBS THREE,0.7294,0.0302,0.2404
SPADES NINE CLUBS THREE,0.7184,0.0348,0.2468
DIAMONDS FOUR SPADES TWO,0.6142,0.0098,0.376
DIAMONDS FOUR SPADES THREE,0.6824,0.0326,0.285
DIAMONDS FOUR SPADES FOUR,0.3288,0.0172,0.654
DIAMONDS FOUR SPADES FIVE,0.5744,0.0108,0.4148
DIAMONDS FOUR SPADES SIX,0.5788,0.0128,0.4084
DIAMONDS FOUR SPADES SEVEN,0.5798,0.01,0.4102
DIAMONDS FOUR SPADES EIGHT,0.5878,0.01,0.4022
DIAMONDS FOUR SPADES NINE,0.6182,0.0078,0.374
DIAMONDS FOUR CLUBS FIVE,0.5602,0.0096,0.4302
DIAMONDS FOUR CLUBS FOUR,0.3448,0.017,0.6382
DIAMONDS FOUR CLUBS SEVEN,0.5874,0.0072,0.4054
DIAMONDS FOUR CLUBS SIX,0.581,0.0092,0.4098
CLUBS NINE DIAMONDS FOUR,0.5814,0.0084,0.4102
CLUBS EIGHT DIAMONDS FOUR,0.581,0.0078,0.4112
HEARTS SEVEN DIAMONDS FOUR,0.5736,0.0124,0.414
HEARTS SIX DIAMONDS FOUR,0.5836,0.011,0.4054
DIAMONDS FOUR HEARTS NINE,0.5958,0.0106,0.3936
DIAMONDS FOUR HEARTS EIGHT,0.5866,0.0098,0.4036
DIAMONDS FOUR CLUBS THREE,0.6914,0.0316,0.277
DIAMONDS FOUR CLUBS TWO,0.621,0.01,0.369
DIAMONDS TEN DIAMONDS FIVE,0.5592,0.0078,0.433
DIAMONDS JACK DIAMONDS FIVE,0.5548,0.01,0.4352
DIAMONDS NINE HEARTS QUEEN,0.5568,0.007,0.4362
DIAMONDS NINE HEARTS ACE,0.3512,0.0076,0.6412
DIAMONDS NINE HEARTS TEN,0.5502,0.0082,0.4416
DIAMONDS NINE HEARTS JACK,0.5636,0.0064,0.43
DIAMONDS SIX CLUBS KING,0.2268,0.37,0.4032
DIAMONDS SIX CLUBS QUEEN,0.589,0.0064,0.4046
DIAMONDS SIX CLUBS ACE,0.3496,0.006,0.6444
SPADES KING DIAMONDS FOUR,0.2246,0.5184,0.257
SPADES ACE SPADES SEVEN,0.3422,0.0054,0.6524
SPADES QUEEN DIAMONDS FOUR,0.6046,0.0086,0.3868
SPADES QUEEN SPADES SEVEN,0.5656,0.0076,0.4268
CLUBS JACK DIAMONDS SIX,0.5986,0.0066,0.3948
SPADES KING SPADES SEVEN,0.2164,0.2788,0.5048
SPADES ACE DIAMONDS FOUR,0.3442,0.005,0.6508
CLUBS TEN DIAMONDS SIX,0.5856,0.0064,0.408
CLUBS NINE CLUBS FOUR,0.5654,0.01,0.4246
CLUBS EIGHT CLUBS FOUR,0.5406,0.0092,0.4502
SPADES JACK DIAMONDS FOUR,0.6002,0.0084,0.3914
DIAMONDS FOUR SPADES TEN,0.5934,0.0084,0.3982
CLUBS FOUR CLUBS FIVE,0.5306,0.0086,0.4608
CLUBS SEVEN CLUBS FOUR,0.5392,0.0106,0.4502
CLUBS SIX CLUBS FOUR,0.5372,0.0088,0.454
CLUBS SEVEN SPADES EIGHT,0.542,0.0074,0.4506
SPADES NINE CLUBS SEVEN,0.5628,0.0052,0.432
CLUBS SEVEN SPADES SIX,0.5604,0.0062,0.4334
CLUBS SEVEN SPADES SEVEN,0.3208,0.0148,0.6644
CLUBS SEVEN SPADES FIVE,0.5786,0.008,0.4134
CLUBS SEVEN SPADES FOUR,0.5794,0.0078,0.4128
CLUBS SEVEN SPADES THREE,0.7172,0.0272,0.2556
CLUBS SEVEN SPADES TWO,0.6314,0.0094,0.3592
CLUBS NINE CLUBS SEVEN,0.5184,0.007,0.4746
CLUBS EIGHT CLUBS SEVEN,0.5082,0.008,0.4838
HEARTS SIX DIAMONDS FIVE,0.5416,0.0108,0.4476
HEARTS SEVEN DIAMONDS FIVE,0.579,0.0088,0.4122
DIAMONDS FIVE HEARTS EIGHT,0.5932,0.007,0.3998
DIAMONDS FIVE HEARTS NINE,0.597,0.0094,0.3936
DIAMONDS QUEEN DIAMONDS FIVE,0.5736,0.006,0.4204
HEARTS TWO DIAMONDS FIVE,0.6164,0.0126,0.371
DIAMONDS KING DIAMONDS FIVE,0.2132,0.4216,0.3652
HEARTS THREE DIAMONDS FIVE,0.6902,0.0358,0.274
HEARTS QUEEN HEARTS EIGHT,0.5492,0.0086,0.4422
DIAMONDS ACE DIAMONDS FIVE,0.33,0.0058,0.6642
HEARTS FOUR DIAMONDS FIVE,0.5808,0.01,0.4092
HEARTS FIVE DIAMONDS FIVE,0.3302,0.0202,0.6496
HEARTS ACE HEARTS EIGHT,0.3344,0.0066,0.659
CLUBS FOUR DIAMONDS FIVE,0.5674,0.0124,0.4202
CLUBS FIVE DIAMONDS FIVE,0.3432,0.0166,0.6402
CLUBS SIX DIAMONDS FIVE,0.5572,0.0086,0.4342
CLUBS SEVEN DIAMONDS FIVE,0.5726,0.009,0.4184
CLUBS TWO DIAMONDS FIVE,0.6098,0.011,0.3792
CLUBS THREE DIAMONDS FIVE,0.6922,0.0278,0.28
SPADES THREE DIAMONDS FIVE,0.6888,0.0294,0.2818
SPADES TWO DIAMONDS FIVE,0.6286,0.008,0.3634
SPADES JACK DIAMONDS EIGHT,0.5718,0.0064,0.4218
SPADES FIVE DIAMONDS FIVE,0.3376,0.0166,0.6458
CLUBS TEN HEARTS JACK,0.5648,0.007,0.4282
SPADES TEN DIAMONDS EIGHT,0.5538,0.0086,0.4376
SPADES FOUR DIAMONDS FIVE,0.5704,0.0082,0.4214
CLUBS JACK HEARTS JACK,0.2914,0.0046,0.704
HEARTS JACK CLUBS QUEEN,0.5572,0.0094,0.4334
CLUBS NINE DIAMONDS FIVE,0.5834,0.0082,0.4084
CLUBS EIGHT DIAMONDS FIVE,0.5592,0.0082,0.4326
HEARTS JACK CLUBS KING,0.2346,0.0866,0.6788
CLUBS ACE HEARTS JACK,0.3552,0.0058,0.639
SPADES SEVEN DIAMONDS FIVE,0.564,0.008,0.428
SPADES KING DIAMONDS EIGHT,0.2312,0.2302,0.5386
SPADES QUEEN DIAMONDS EIGHT,0.5604,0.0058,0.4338
SPADES SIX DIAMONDS FIVE,0.571,0.0096,0.4194
SPADES NINE DIAMONDS FIVE,0.5926,0.0094,0.398
SPADES EIGHT DIAMONDS FIVE,0.5778,0.0096,0.4126
SPADES ACE DIAMONDS EIGHT,0.3582,0.004,0.6378
DIAMONDS TEN DIAMONDS SIX,0.5566,0.0086,0.4348
HEARTS ACE DIAMONDS SEVEN,0.3402,0.0048,0.655
DIAMONDS JACK DIAMONDS SIX,0.5692,0.0076,0.4232
HEARTS QUEEN DIAMONDS SEVEN,0.5978,0.0072,0.395
DIAMONDS ACE DIAMONDS SIX,0.3548,0.0042,0.641
HEARTS FOUR DIAMONDS SIX,0.5702,0.0082,0.4216
SPADES TWO HEARTS JACK,0.6294,0.0094,0.3612
HEARTS FIVE DIAMONDS SIX,0.5654,0.012,0.4226
SPADES TWO HEARTS TEN,0.6266,0.0104,0.363
DIAMONDS QUEEN DIAMONDS SIX,0.5512,0.0076,0.4412
HEARTS TWO DIAMONDS SIX,0.6252,0.01,0.3648
DIAMONDS KING DIAMONDS SIX,0.2182,0.3598,0.422
HEARTS THREE DIAMONDS SIX,0.7248,0.0256,0.2496
DIAMONDS SIX HEARTS EIGHT,0.5668,0.0086,0.4246
DIAMONDS SIX HEARTS NINE,0.5656,0.0064,0.428
HEARTS SIX DIAMONDS SIX,0.327,0.0186,0.6544
HEARTS SEVEN DIAMONDS SIX,0.5586,0.0088,0.4326
HEARTS TEN DIAMONDS SEVEN,0.5642,0.0082,0.4276
CLUBS TWO DIAMONDS SIX,0.6226,0.007,0.3704
HEARTS JACK DIAMONDS SEVEN,0.5818,0.0088,0.4094
CLUBS THREE DIAMONDS SIX,0.707,0.0318,0.2612
CLUBS SEVEN DIAMONDS SIX,0.556,0.0072,0.4368
CLUBS JACK DIAMONDS EIGHT,0.5502,0.0074,0.4424
CLUBS SIX DIAMONDS SIX,0.332,0.0154,0.6526
CLUBS TEN DIAMONDS EIGHT,0.5516,0.0076,0.4408
CLUBS FIVE DIAMONDS SIX,0.5528,0.0072,0.44
CLUBS FOUR DIAMONDS SIX,0.5742,0.0094,0.4164
HEARTS ACE HEARTS JACK,0.3304,0.0054,0.6642
CLUBS ACE DIAMONDS EIGHT,0.3546,0.0056,0.6398
HEARTS QUEEN HEARTS JACK,0.5344,0.0062,0.4594
CLUBS KING DIAMONDS EIGHT,0.227,0.2324,0.5406
CLUBS NINE DIAMONDS SIX,0.579,0.0064,0.4146
CLUBS EIGHT DIAMONDS SIX,0.5702,0.0052,0.4246
DIAMONDS EIGHT CLUBS QUEEN,0.5728,0.0068,0.4204
SPADES FIVE DIAMONDS SIX,0.5522,0.01,0.4378
HEARTS ACE SPADES TWO,0.377,0.0054,0.6176
SPADES FOUR DIAMONDS SIX,0.5644,0.0068,0.4288
SPADES THREE DIAMONDS SIX,0.7142,0.0268,0.259
HEARTS QUEEN SPADES TWO,0.6426,0.0082,0.3492
SPADES ACE SPADES KING,0.2062,0.0112,0.7826
SPADES TWO DIAMONDS SIX,0.6282,0.0098,0.362
HEARTS TEN HEARTS EIGHT,0.5334,0.009,0.4576
SPADES NINE DIAMONDS SIX,0.5792,0.0074,0.4134
HEARTS JACK HEARTS EIGHT,0.546,0.0078,0.4462
SPADES EIGHT DIAMONDS SIX,0.5514,0.0074,0.4412
SPADES SEVEN DIAMONDS SIX,0.549,0.0066,0.4444
SPADES SIX DIAMONDS SIX,0.3472,0.0158,0.637
CLUBS ACE CLUBS KING,0.208,0.0138,0.7782
SPADES ACE HEARTS JACK,0.3436,0.0036,0.6528
SPADES QUEEN HEARTS JACK,0.5536,0.0076,0.4388
SPADES KING HEARTS JACK,0.2366,0.087,0.6764
SPADES TEN DIAMONDS TEN,0.3032,0.009,0.6878
SPADES JACK DIAMONDS TEN,0.5346,0.005,0.4604
SPADES ACE DIAMONDS TEN,0.3488,0.0054,0.6458
SPADES JACK HEARTS JACK,0.2918,0.0064,0.7018
SPADES TEN HEARTS JACK,0.5464,0.007,0.4466
SPADES QUEEN DIAMONDS TEN,0.5528,0.0072,0.44
SPADES KING DIAMONDS TEN,0.2292,0.1128,0.658
SPADES NINE DIAMONDS SEVEN,0.5568,0.0096,0.4336
SPADES EIGHT DIAMONDS SEVEN,0.5546,0.0062,0.4392
SPADES SEVEN DIAMONDS SEVEN,0.3224,0.0146,0.663
SPADES SIX DIAMONDS SEVEN,0.554,0.0082,0.4378
DIAMONDS KING DIAMONDS SEVEN,0.2194,0.2842,0.4964
HEARTS THREE DIAMONDS SEVEN,0.7148,0.0296,0.2556
DIAMONDS QUEEN DIAMONDS SEVEN,0.5724,0.0092,0.4184
HEARTS TWO DIAMONDS SEVEN,0.6324,0.0096,0.358
HEARTS QUEEN DIAMONDS FIVE,0.591,0.011,0.398
HEARTS FIVE DIAMONDS SEVEN,0.5774,0.0052,0.4174
DIAMONDS ACE DIAMONDS SEVEN,0.333,0.004,0.663
HEARTS FOUR DIAMONDS SEVEN,0.5764,0.0088,0.4148
HEARTS ACE DIAMONDS FIVE,0.3416,0.0052,0.6532
HEARTS SEVEN DIAMONDS SEVEN,0.3246,0.0142,0.6612
HEARTS SIX DIAMONDS SEVEN,0.5558,0.009,0.4352
HEARTS NINE DIAMONDS SEVEN,0.5644,0.0054,0.4302
HEARTS EIGHT DIAMONDS SEVEN,0.5486,0.0068,0.4446
DIAMONDS JACK DIAMONDS SEVEN,0.5428,0.0076,0.4496
HEARTS JACK DIAMONDS FIVE,0.5996,0.008,0.3924
DIAMONDS TEN DIAMONDS SEVEN,0.5408,0.011,0.4482
HEARTS TEN DIAMONDS FIVE,0.5968,0.01,0.3932
CLUBS EIGHT DIAMONDS SEVEN,0.5512,0.0064,0.4424
SPADES KING CLUBS TWO,0.2712,0.509,0.2198
SPADES QUEEN CLUBS TWO,0.6288,0.0086,0.3626
CLUBS NINE DIAMONDS SEVEN,0.5496,0.0074,0.443
CLUBS JACK SPADES TWO,0.62,0.0088,0.3712
CLUBS SIX CLUBS SEVEN,0.5256,0.0074,0.467
SPADES ACE CLUBS TWO,0.3704,0.0044,0.6252
CLUBS TEN SPADES TWO,0.624,0.0098,0.3662
SPADES TWO CLUBS KING,0.265,0.513,0.222
SPADES TWO DIAMONDS SEVEN,0.632,0.0104,0.3576
CLUBS EIGHT CLUBS SIX,0.5304,0.0076,0.462
SPADES THREE DIAMONDS SEVEN,0.7182,0.0284,0.2534
SPADES TWO CLUBS QUEEN,0.6422,0.0076,0.3502
CLUBS NINE CLUBS SIX,0.5334,0.0062,0.4604
SPADES FOUR DIAMONDS SEVEN,0.5794,0.0088,0.4118
SPADES FIVE DIAMONDS SEVEN,0.5506,0.0108,0.4386
SPADES TWO CLUBS ACE,0.391,0.0052,0.6038
CLUBS SIX SPADES TWO,0.6214,0.0078,0.3708
CLUBS SIX SPADES THREE,0.7004,0.0274,0.2722
CLUBS TWO DIAMONDS SEVEN,0.6366,0.0088,0.3546
CLUBS SIX SPADES FOUR,0.5798,0.0076,0.4126
CLUBS THREE DIAMONDS SEVEN,0.7046,0.0276,0.2678
CLUBS SIX SPADES FIVE,0.5724,0.0086,0.419
CLUBS FOUR DIAMONDS SEVEN,0.5842,0.008,0.4078
CLUBS SIX SPADES SIX,0.3312,0.0154,0.6534
CLUBS FIVE DIAMONDS SEVEN,0.5592,0.01,0.4308
CLUBS SIX SPADES SEVEN,0.5606,0.0072,0.4322
CLUBS SIX DIAMONDS SEVEN,0.5626,0.0094,0.428
CLUBS SIX SPADES EIGHT,0.5634,0.0068,0.4298
SPADES JACK CLUBS TWO,0.643,0.0088,0.3482
CLUBS SEVEN DIAMONDS SEVEN,0.3286,0.0126,0.6588
CLUBS SIX SPADES NINE,0.5788,0.0094,0.4118
SPADES TEN CLUBS TWO,0.6248,0.0092,0.366
CLUBS TWO CLUBS QUEEN,0.576,0.0088,0.4152
CLUBS TWO CLUBS KING,0.2412,0.5002,0.2586
CLUBS THREE DIAMONDS EIGHT,0.735,0.0282,0.2368
CLUBS TWO CLUBS ACE,0.3478,0.006,0.6462
CLUBS TWO DIAMONDS EIGHT,0.6172,0.0086,0.3742
HEARTS SEVEN DIAMONDS EIGHT,0.5496,0.011,0.4394
HEARTS SIX DIAMONDS EIGHT,0.5818,0.0104,0.4078
DIAMONDS EIGHT HEARTS NINE,0.549,0.0074,0.4436
CLUBS TEN CLUBS TWO,0.591,0.0078,0.4012
HEARTS EIGHT DIAMONDS EIGHT,0.3318,0.0126,0.6556
CLUBS JACK CLUBS TWO,0.5788,0.0094,0.4118
CLUBS NINE DIAMONDS EIGHT,0.5608,0.008,0.4312
CLUBS EIGHT DIAMONDS EIGHT,0.3198,0.0138,0.6664
CLUBS FIVE DIAMONDS EIGHT,0.5772,0.0076,0.4152
SPADES ACE SPADES THREE,0.2248,0.0182,0.757
CLUBS FOUR DIAMONDS EIGHT,0.5886,0.0066,0.4048
CLUBS SEVEN DIAMONDS EIGHT,0.5476,0.007,0.4454
SPADES QUEEN SPADES THREE,0.683,0.0302,0.2868
CLUBS SIX DIAMONDS EIGHT,0.561,0.0074,0.4316
SPADES KING SPADES THREE,0.018,0.9116,0.0704
DIAMONDS QUEEN DIAMONDS EIGHT,0.5384,0.0074,0.4542
HEARTS TWO DIAMONDS EIGHT,0.6218,0.0068,0.3714
DIAMONDS KING DIAMONDS EIGHT,0.2174,0.2078,0.5748
HEARTS THREE DIAMONDS EIGHT,0.7344,0.0286,0.237
DIAMONDS ACE DIAMONDS EIGHT,0.3382,0.006,0.6558
HEARTS FOUR DIAMONDS EIGHT,0.5924,0.0074,0.4002
HEARTS FIVE DIAMONDS EIGHT,0.5736,0.0106,0.4158
DIAMONDS TEN DIAMONDS EIGHT,0.5174,0.008,0.4746
DIAMONDS JACK DIAMONDS EIGHT,0.5278,0.0064,0.4658
SPADES JACK SPADES THREE,0.6944,0.0286,0.277
SPADES TEN SPADES THREE,0.679,0.031,0.29
CLUBS FOUR HEARTS ACE,0.3368,0.0058,0.6574
CLUBS FOUR HEARTS QUEEN,0.6148,0.0064,0.3788
CLUBS SIX HEARTS TEN,0.5774,0.0084,0.4142
CLUBS SIX HEARTS JACK,0.5956,0.0076,0.3968
SPADES FOUR DIAMONDS EIGHT,0.5878,0.0098,0.4024
SPADES FIVE DIAMONDS EIGHT,0.5646,0.0092,0.4262
SPADES TWO DIAMONDS EIGHT,0.6246,0.0098,0.3656
SPADES THREE DIAMONDS EIGHT,0.7232,0.0314,0.2454
CLUBS FOUR HEARTS JACK,0.6056,0.0104,0.384
SPADES EIGHT DIAMONDS EIGHT,0.322,0.0124,0.6656
SPADES TEN DIAMONDS QUEEN,0.5366,0.0052,0.4582
SPADES TEN HEARTS TWO,0.6398,0.008,0.3522
SPADES JACK HEARTS EIGHT,0.5648,0.0078,0.4274
CLUBS FOUR HEARTS TEN,0.5842,0.0084,0.4074
SPADES NINE DIAMONDS EIGHT,0.5594,0.0072,0.4334
SPADES TEN HEARTS EIGHT,0.5544,0.0074,0.4382
SPADES JACK HEARTS TWO,0.6274,0.0102,0.3624
SPADES JACK DIAMONDS QUEEN,0.5568,0.0074,0.4358
SPADES SIX DIAMONDS EIGHT,0.5702,0.0074,0.4224
SPADES SEVEN DIAMONDS EIGHT,0.5606,0.006,0.4334
SPADES ACE HEARTS TWO,0.3754,0.0058,0.6188
SPADES ACE DIAMONDS QUEEN,0.3462,0.0058,0.648
SPADES ACE HEARTS EIGHT,0.3566,0.005,0.6384
SPADES KING HEARTS EIGHT,0.222,0.2372,0.5408
SPADES QUEEN HEARTS TWO,0.6356,0.0094,0.355
SPADES QUEEN DIAMONDS QUEEN,0.272,0.0052,0.7228
SPADES KING DIAMONDS QUEEN,0.2352,0.0674,0.6974
SPADES KING HEARTS TWO,0.2572,0.5338,0.209
SPADES QUEEN HEARTS EIGHT,0.5832,0.0082,0.4086
CLUBS TWO HEARTS TEN,0.637,0.0112,0.3518
CLUBS TWO HEARTS JACK,0.6366,0.0084,0.355
SPADES SEVEN DIAMONDS NINE,0.565,0.009,0.426
SPADES SIX DIAMONDS NINE,0.565,0.0088,0.4262
SPADES NINE DIAMONDS NINE,0.2992,0.0104,0.6904
SPADES EIGHT DIAMONDS NINE,0.545,0.0082,0.4468
SPADES TEN CLUBS KING,0.2304,0.108,0.6616
DIAMONDS NINE SPADES THREE,0.7354,0.0348,0.2298
SPADES JACK CLUBS KING,0.2454,0.0864,0.6682
DIAMONDS NINE SPADES TWO,0.6202,0.007,0.3728
SPADES FIVE DIAMONDS NINE,0.587,0.0094,0.4036
DIAMONDS NINE SPADES FOUR,0.5846,0.0062,0.4092
CLUBS NINE DIAMONDS NINE,0.3162,0.011,0.6728
CLUBS EIGHT DIAMONDS NINE,0.5494,0.0084,0.4422
CLUBS SIX DIAMONDS NINE,0.5784,0.0048,0.4168
SPADES JACK CLUBS FOUR,0.5938,0.0084,0.3978
CLUBS SEVEN DIAMONDS NINE,0.563,0.0084,0.4286
SPADES TEN CLUBS FOUR,0.6014,0.008,0.3906
CLUBS FOUR DIAMONDS NINE,0.5868,0.0102,0.403
CLUBS FIVE DIAMONDS NINE,0.5914,0.0062,0.4024
CLUBS TWO DIAMONDS NINE,0.6316,0.0092,0.3592
CLUBS THREE DIAMONDS NINE,0.721,0.035,0.244
DIAMONDS NINE HEARTS EIGHT,0.5506,0.0076,0.4418
DIAMONDS NINE HEARTS NINE,0.3092,0.0098,0.681
HEARTS SIX DIAMONDS NINE,0.5626,0.01,0.4274
HEARTS SEVEN DIAMONDS NINE,0.561,0.009,0.43
CLUBS EIGHT CLUBS NINE,0.5236,0.0082,0.4682
DIAMONDS ACE DIAMONDS NINE,0.3402,0.0052,0.6546
HEARTS FOUR DIAMONDS NINE,0.5938,0.009,0.3972
HEARTS FIVE DIAMONDS NINE,0.5822,0.0086,0.4092
CLUBS TWO HEARTS ACE,0.3762,0.0068,0.617
SPADES ACE CLUBS FOUR,0.3532,0.004,0.6428
DIAMONDS NINE DIAMONDS QUEEN,0.5322,0.0066,0.4612
HEARTS TWO DIAMONDS NINE,0.6268,0.009,0.3642
SPADES KING CLUBS FOUR,0.2218,0.5194,0.2588
DIAMONDS KING DIAMONDS NINE,0.2186,0.1634,0.618
HEARTS THREE DIAMONDS NINE,0.7386,0.0298,0.2316
CLUBS TWO HEARTS QUEEN,0.6486,0.0092,0.3422
SPADES QUEEN CLUBS FOUR,0.6118,0.0064,0.3818
DIAMONDS NINE DIAMONDS JACK,0.5304,0.0094,0.4602
CLUBS EIGHT SPADES NINE,0.5626,0.006,0.4314
DIAMONDS TEN DIAMONDS NINE,0.524,0.0076,0.4684
CLUBS EIGHT SPADES EIGHT,0.3112,0.0128,0.676
CLUBS EIGHT SPADES SEVEN,0.5514,0.0068,0.4418
CLUBS EIGHT SPADES SIX,0.5536,0.0122,0.4342
CLUBS EIGHT SPADES FIVE,0.5808,0.0086,0.4106
CLUBS EIGHT SPADES FOUR,0.5954,0.0082,0.3964
CLUBS EIGHT SPADES THREE,0.7232,0.0256,0.2512
CLUBS EIGHT SPADES TWO,0.6438,0.0074,0.3488
HEARTS SIX DIAMONDS TEN,0.59,0.0078,0.4022
HEARTS SEVEN DIAMONDS TEN,0.5786,0.0102,0.4112
DIAMONDS TEN HEARTS EIGHT,0.548,0.0084,0.4436
CLUBS JACK CLUBS FOUR,0.5576,0.0092,0.4332
DIAMONDS TEN HEARTS NINE,0.5378,0.0084,0.4538
CLUBS TEN CLUBS FOUR,0.565,0.0074,0.4276
CLUBS FOUR CLUBS KING,0.211,0.4758,0.3132
CLUBS FOUR CLUBS QUEEN,0.5744,0.0082,0.4174
CLUBS TWO DIAMONDS TEN,0.6326,0.0076,0.3598
DIAMONDS TEN CLUBS THREE,0.7218,0.0326,0.2456
CLUBS FOUR CLUBS ACE,0.3168,0.006,0.6772
DIAMONDS TEN DIAMONDS JACK,0.5248,0.0058,0.4694
DIAMONDS TEN DIAMONDS QUEEN,0.5292,0.006,0.4648
HEARTS TWO DIAMONDS TEN,0.6388,0.0114,0.3498
DIAMONDS KING DIAMONDS TEN,0.2258,0.1152,0.659
HEARTS THREE DIAMONDS TEN,0.7314,0.0314,0.2372
DIAMONDS ACE DIAMONDS TEN,0.323,0.0058,0.6712
HEARTS FOUR DIAMONDS TEN,0.6018,0.009,0.3892
CLUBS EIGHT HEARTS JACK,0.5724,0.0052,0.4224
HEARTS FIVE DIAMONDS TEN,0.5978,0.0092,0.393
CLUBS EIGHT HEARTS TEN,0.5594,0.0078,0.4328
CLUBS EIGHT HEARTS QUEEN,0.5892,0.0058,0.405
CLUBS EIGHT HEARTS ACE,0.3626,0.0044,0.633
CLUBS NINE SPADES THREE,0.7226,0.0312,0.2462
CLUBS NINE SPADES TWO,0.6406,0.0054,0.354
CLUBS NINE SPADES FIVE,0.5778,0.0068,0.4154
CLUBS NINE SPADES FOUR,0.5982,0.0058,0.396
CLUBS NINE SPADES SEVEN,0.5668,0.0076,0.4256
CLUBS NINE SPADES SIX,0.5802,0.0062,0.4136
CLUBS NINE SPADES NINE,0.319,0.0072,0.6738
CLUBS TEN HEARTS EIGHT,0.5618,0.0096,0.4286
CLUBS NINE SPADES EIGHT,0.5634,0.0066,0.43
CLUBS JACK HEARTS EIGHT,0.5614,0.0084,0.4302
HEARTS EIGHT CLUBS QUEEN,0.585,0.0072,0.4078
CLUBS KING HEARTS EIGHT,0.2362,0.2292,0.5346
CLUBS ACE HEARTS EIGHT,0.3612,0.0054,0.6334
SPADES KING CLUBS KING,0.0792,0.0146,0.9062
SPADES QUEEN CLUBS KING,0.228,0.0676,0.7044
SPADES ACE CLUBS KING,0.2256,0.0154,0.759
DIAMONDS ACE HEARTS TEN,0.336,0.006,0.658
HEARTS FOUR HEARTS TEN,0.57,0.0084,0.4216
DIAMONDS ACE HEARTS JACK,0.3356,0.0066,0.6578
HEARTS FOUR HEARTS JACK,0.567,0.0086,0.4244
SPADES KING CLUBS FIVE,0.2194,0.4574,0.3232
SPADES QUEEN CLUBS FIVE,0.5984,0.0076,0.394
SPADES ACE CLUBS FIVE,0.3466,0.0032,0.6502
HEARTS SEVEN DIAMONDS JACK,0.5754,0.0088,0.4158
HEARTS SIX DIAMONDS JACK,0.5874,0.0106,0.402
DIAMONDS JACK HEARTS NINE,0.55,0.0102,0.4398
DIAMONDS JACK HEARTS EIGHT,0.5688,0.0084,0.4228
DIAMONDS KING DIAMONDS JACK,0.2168,0.0888,0.6944
HEARTS THREE DIAMONDS JACK,0.7392,0.0314,0.2294
SPADES ACE SPADES SIX,0.3504,0.004,0.6456
SPADES FOUR HEARTS ACE,0.3362,0.0054,0.6584
DIAMONDS QUEEN DIAMONDS JACK,0.5186,0.008,0.4734
HEARTS TWO DIAMONDS JACK,0.6406,0.0094,0.35
HEARTS FIVE DIAMONDS JACK,0.5884,0.0128,0.3988
SPADES QUEEN SPADES SIX,0.556,0.0062,0.4378
SPADES FOUR HEARTS QUEEN,0.6088,0.0084,0.3828
DIAMONDS ACE DIAMONDS JACK,0.3312,0.0064,0.6624
HEARTS FOUR DIAMONDS JACK,0.598,0.008,0.394
SPADES KING SPADES SIX,0.2186,0.357,0.4244
SPADES TEN SPADES SIX,0.552,0.0064,0.4416
SPADES JACK SPADES SIX,0.556,0.0068,0.4372
SPADES FOUR DIAMONDS JACK,0.5904,0.008,0.4016
SPADES FIVE DIAMONDS JACK,0.595,0.0072,0.3978
DIAMONDS JACK SPADES TWO,0.6336,0.0092,0.3572
SPADES THREE DIAMONDS JACK,0.7338,0.0362,0.23
CLUBS EIGHT DIAMONDS JACK,0.5602,0.008,0.4318
CLUBS NINE DIAMONDS JACK,0.5504,0.0086,0.441
CLUBS SIX DIAMONDS JACK,0.6044,0.006,0.3896
CLUBS SEVEN DIAMONDS JACK,0.582,0.009,0.409
CLUBS FOUR DIAMONDS JACK,0.5888,0.0098,0.4014
CLUBS FIVE DIAMONDS JACK,0.5894,0.0074,0.4032
CLUBS TWO DIAMONDS JACK,0.627,0.01,0.363
CLUBS THREE DIAMONDS JACK,0.7262,0.0338,0.24
SPADES TEN CLUBS FIVE,0.6,0.0078,0.3922
SPADES JACK HEARTS SIX,0.6002,0.0078,0.392
HEARTS SIX SPADES TEN,0.5858,0.0084,0.4058
SPADES JACK CLUBS FIVE,0.6,0.009,0.391
CLUBS SEVEN CLUBS ACE,0.3298,0.0066,0.6636
CLUBS SEVEN CLUBS QUEEN,0.541,0.0068,0.4522
CLUBS SEVEN CLUBS KING,0.218,0.29,0.492
SPADES NINE DIAMONDS JACK,0.5528,0.0082,0.439
CLUBS TEN CLUBS SEVEN,0.5378,0.0076,0.4546
DIAMONDS ACE HEARTS ACE,0.1068,0.0054,0.8878
HEARTS FOUR HEARTS ACE,0.3234,0.006,0.6706
SPADES EIGHT DIAMONDS JACK,0.5484,0.0088,0.4428
SPADES ACE HEARTS SIX,0.3756,0.0042,0.6202
CLUBS JACK CLUBS SEVEN,0.5476,0.0084,0.444
SPADES SEVEN DIAMONDS JACK,0.5734,0.006,0.4206
SPADES KING HEARTS SIX,0.2202,0.3806,0.3992
DIAMONDS ACE HEARTS QUEEN,0.349,0.0064,0.6446
HEARTS FOUR HEARTS QUEEN,0.582,0.0092,0.4088
SPADES QUEEN HEARTS SIX,0.6032,0.0068,0.39
SPADES SIX DIAMONDS JACK,0.588,0.0092,0.4028
DIAMONDS TEN SPADES TWO,0.6254,0.0102,0.3644
DIAMONDS TEN SPADES THREE,0.7298,0.0318,0.2384
DIAMONDS TEN SPADES FOUR,0.5906,0.0074,0.402
DIAMONDS TEN SPADES FIVE,0.5896,0.0078,0.4026
SPADES SIX DIAMONDS TEN,0.5842,0.0104,0.4054
SPADES SEVEN DIAMONDS TEN,0.5712,0.008,0.4208
SPADES EIGHT DIAMONDS TEN,0.5606,0.007,0.4324
SPADES NINE DIAMONDS TEN,0.554,0.005,0.441
CLUBS FOUR DIAMONDS TEN,0.6026,0.0074,0.39
CLUBS FIVE DIAMONDS TEN,0.6004,0.0084,0.3912
CLUBS SIX DIAMONDS TEN,0.588,0.0058,0.4062
CLUBS SEVEN DIAMONDS TEN,0.5628,0.0076,0.4296
CLUBS EIGHT DIAMONDS TEN,0.544,0.009,0.447
CLUBS NINE DIAMONDS TEN,0.5388,0.006,0.4552
SPADES FOUR HEARTS JACK,0.6104,0.0102,0.3794
SPADES FOUR HEARTS TEN,0.59,0.0084,0.4016
SPADES FIVE SPADES TWO,0.579,0.01,0.411
SPADES FOUR SPADES TWO,0.5822,0.0074,0.4104
SPADES THREE SPADES TWO,0.6738,0.0258,0.3004
SPADES NINE SPADES TWO,0.5898,0.0078,0.4024
SPADES EIGHT SPADES TWO,0.5914,0.0076,0.401
SPADES SEVEN SPADES TWO,0.5996,0.0074,0.393
SPADES SIX SPADES TWO,0.5822,0.012,0.4058
CLUBS THREE DIAMONDS QUEEN,0.7358,0.031,0.2332
HEARTS TWO CLUBS THREE,0.7278,0.0362,0.236
CLUBS TWO DIAMONDS QUEEN,0.6254,0.0094,0.3652
HEARTS TWO CLUBS TWO,0.43,0.021,0.549
HEARTS SEVEN DIAMONDS QUEEN,0.5804,0.0108,0.4088
HEARTS SEVEN HEARTS TWO,0.6048,0.0092,0.386
HEARTS SIX DIAMONDS QUEEN,0.6026,0.0078,0.3896
HEARTS SIX HEARTS TWO,0.5982,0.0108,0.391
DIAMONDS QUEEN HEARTS NINE,0.5612,0.0074,0.4314
HEARTS TWO HEARTS NINE,0.5934,0.0072,0.3994
DIAMONDS QUEEN HEARTS EIGHT,0.5768,0.0082,0.415
HEARTS TWO HEARTS EIGHT,0.6104,0.0098,0.3798
CLUBS NINE HEARTS TWO,0.6346,0.008,0.3574
CLUBS NINE DIAMONDS QUEEN,0.5638,0.0074,0.4288
CLUBS EIGHT DIAMONDS QUEEN,0.5736,0.01,0.4164
CLUBS EIGHT HEARTS TWO,0.6342,0.0084,0.3574
CLUBS FIVE DIAMONDS QUEEN,0.5892,0.0082,0.4026
CLUBS FIVE HEARTS TWO,0.6148,0.0092,0.376
SPADES EIGHT HEARTS ACE,0.3526,0.004,0.6434
CLUBS FOUR DIAMONDS QUEEN,0.593,0.008,0.399
CLUBS FOUR HEARTS TWO,0.6268,0.012,0.3612
CLUBS SEVEN DIAMONDS QUEEN,0.601,0.0058,0.3932
CLUBS SEVEN HEARTS TWO,0.6294,0.0122,0.3584
SPADES EIGHT HEARTS QUEEN,0.5818,0.0064,0.4118
CLUBS SIX DIAMONDS QUEEN,0.591,0.0074,0.4016
CLUBS SIX HEARTS TWO,0.6254,0.0094,0.3652
HEARTS TWO SPADES SIX,0.6336,0.008,0.3584
SPADES SIX DIAMONDS QUEEN,0.5912,0.0064,0.4024
HEARTS FOUR CLUBS QUEEN,0.6066,0.0092,0.3842
DIAMONDS ACE CLUBS QUEEN,0.3338,0.0052,0.661
SPADES SEVEN DIAMONDS QUEEN,0.5838,0.0072,0.409
SPADES SEVEN HEARTS TWO,0.6364,0.0082,0.3554
HEARTS FOUR CLUBS KING,0.238,0.5026,0.2594
DIAMONDS ACE CLUBS KING,0.2202,0.0142,0.7656
SPADES EIGHT DIAMONDS QUEEN,0.578,0.008,0.414
SPADES EIGHT HEARTS TWO,0.6338,0.0088,0.3574
HEARTS FOUR CLUBS ACE,0.345,0.0042,0.6508
DIAMONDS ACE CLUBS ACE,0.1096,0.0036,0.8868
SPADES NINE DIAMONDS QUEEN,0.5642,0.007,0.4288
SPADES NINE HEARTS TWO,0.635,0.0056,0.3594
HEARTS TWO SPADES TWO,0.4508,0.0216,0.5276
DIAMONDS QUEEN SPADES TWO,0.6278,0.0086,0.3636
HEARTS TWO SPADES THREE,0.7132,0.035,0.2518
DIAMONDS QUEEN SPADES THREE,0.7296,0.037,0.2334
HEARTS TWO SPADES FOUR,0.6246,0.0092,0.3662
SPADES FOUR DIAMONDS QUEEN,0.602,0.0066,0.3914
CLUBS TEN HEARTS FOUR,0.5922,0.0074,0.4004
CLUBS TEN DIAMONDS ACE,0.3462,0.004,0.6498
HEARTS TWO SPADES FIVE,0.63,0.0112,0.3588
SPADES FIVE DIAMONDS QUEEN,0.578,0.0078,0.4142
CLUBS JACK HEARTS FOUR,0.6046,0.0066,0.3888
CLUBS JACK DIAMONDS ACE,0.341,0.005,0.654
CLUBS FIVE CLUBS KING,0.2108,0.4234,0.3658
CLUBS FIVE CLUBS QUEEN,0.5494,0.0058,0.4448
CLUBS FIVE CLUBS ACE,0.3142,0.0034,0.6824
CLUBS JACK CLUBS FIVE,0.5478,0.0102,0.442
CLUBS TEN CLUBS FIVE,0.5762,0.0066,0.4172
SPADES KING CLUBS JACK,0.2404,0.0832,0.6764
CLUBS JACK SPADES QUEEN,0.56,0.0054,0.4346
SPADES ACE CLUBS JACK,0.3552,0.0042,0.6406
SPADES SIX CLUBS KING,0.2286,0.3818,0.3896
SPADES SIX CLUBS QUEEN,0.6046,0.007,0.3884
SPADES EIGHT HEARTS JACK,0.5622,0.0084,0.4294
SPADES SIX CLUBS ACE,0.345,0.0044,0.6506
SPADES EIGHT HEARTS TEN,0.5408,0.009,0.4502
CLUBS JACK SPADES SIX,0.5886,0.0054,0.406
CLUBS TEN SPADES SIX,0.5822,0.0052,0.4126
CLUBS JACK SPADES TEN,0.5506,0.0062,0.4432
CLUBS JACK SPADES JACK,0.2868,0.0056,0.7076
SPADES QUEEN CLUBS SEVEN,0.6072,0.007,0.3858
SPADES KING CLUBS SEVEN,0.2202,0.3018,0.478
SPADES ACE CLUBS SEVEN,0.3592,0.005,0.6358
SPADES SIX HEARTS TEN,0.5924,0.0096,0.398
SPADES SIX HEARTS JACK,0.5892,0.0078,0.403
SPADES SIX HEARTS ACE,0.3634,0.0062,0.6304
SPADES SIX HEARTS QUEEN,0.5952,0.0074,0.3974
SPADES JACK CLUBS SEVEN,0.579,0.0056,0.4154
SPADES TEN CLUBS SEVEN,0.5574,0.0072,0.4354
CLUBS TEN HEARTS SIX,0.592,0.0064,0.4016
CLUBS JACK HEARTS SIX,0.6142,0.0064,0.3794
CLUBS JACK CLUBS ACE,0.3104,0.0062,0.6834
HEARTS SIX CLUBS QUEEN,0.6044,0.0068,0.3888
HEARTS SIX CLUBS KING,0.2376,0.3748,0.3876
HEARTS SIX CLUBS ACE,0.3628,0.0062,0.631
CLUBS JACK CLUBS QUEEN,0.522,0.0084,0.4696
CLUBS JACK CLUBS KING,0.2138,0.081,0.7052
CLUBS FIVE HEARTS JACK,0.5868,0.0086,0.4046
SPADES TEN DIAMONDS ACE,0.3452,0.0038,0.651
HEARTS FOUR SPADES TEN,0.6084,0.0086,0.383
CLUBS FIVE HEARTS TEN,0.5916,0.0106,0.3978
HEARTS FOUR SPADES JACK,0.6012,0.0104,0.3884
SPADES JACK DIAMONDS ACE,0.3412,0.0034,0.6554
SPADES ACE HEARTS FOUR,0.3378,0.0058,0.6564
SPADES ACE DIAMONDS ACE,0.106,0.0034,0.8906
CLUBS FIVE HEARTS ACE,0.3294,0.0054,0.6652
HEARTS FOUR SPADES QUEEN,0.6004,0.0082,0.3914
SPADES QUEEN DIAMONDS ACE,0.3416,0.0048,0.6536
CLUBS JACK SPADES FOUR,0.5968,0.007,0.3962
CLUBS FIVE HEARTS QUEEN,0.6042,0.0074,0.3884
SPADES KING DIAMONDS ACE,0.2224,0.0114,0.7662
SPADES KING HEARTS FOUR,0.2188,0.5258,0.2554
CLUBS TEN SPADES FOUR,0.583,0.0086,0.4084
DIAMONDS ACE DIAMONDS QUEEN,0.3294,0.0072,0.6634
DIAMONDS ACE HEARTS TWO,0.3712,0.008,0.6208
HEARTS FOUR DIAMONDS QUEEN,0.6096,0.0104,0.38
HEARTS FOUR HEARTS TWO,0.5866,0.0118,0.4016
SPADES FOUR CLUBS KING,0.2348,0.503,0.2622
HEARTS FIVE DIAMONDS QUEEN,0.6002,0.0082,0.3916
HEARTS FIVE HEARTS TWO,0.5962,0.0122,0.3916
SPADES FOUR CLUBS QUEEN,0.5892,0.008,0.4028
HEARTS TWO DIAMONDS QUEEN,0.6408,0.0102,0.349
DIAMONDS KING DIAMONDS QUEEN,0.2268,0.0642,0.709
DIAMONDS KING HEARTS TWO,0.2568,0.5384,0.2048
HEARTS THREE DIAMONDS QUEEN,0.7278,0.0344,0.2378
HEARTS THREE HEARTS TWO,0.6862,0.0296,0.2842
SPADES FOUR CLUBS ACE,0.3332,0.0058,0.661
HEARTS TWO CLUBS ACE,0.3748,0.0054,0.6198
DIAMONDS QUEEN CLUBS ACE,0.3376,0.0076,0.6548
HEARTS TWO CLUBS QUEEN,0.649,0.0088,0.3422
DIAMONDS QUEEN CLUBS QUEEN,0.2754,0.0032,0.7214
HEARTS TWO CLUBS KING,0.2712,0.5164,0.2124
DIAMONDS QUEEN CLUBS KING,0.2282,0.0628,0.709
SPADES EIGHT SPADES FIVE,0.5288,0.0084,0.4628
CLUBS TEN HEARTS TWO,0.6334,0.0088,0.3578
CLUBS TEN DIAMONDS QUEEN,0.5606,0.0062,0.4332
SPADES NINE SPADES FIVE,0.5614,0.0072,0.4314
CLUBS JACK HEARTS TWO,0.6396,0.0094,0.351
CLUBS JACK DIAMONDS QUEEN,0.5456,0.0072,0.4472
SPADES SIX SPADES FIVE,0.539,0.0064,0.4546
SPADES SEVEN SPADES FIVE,0.5338,0.0116,0.4546
DIAMONDS FIVE CLUBS QUEEN,0.6084,0.0084,0.3832
SPADES EIGHT CLUBS ACE,0.3638,0.0042,0.632
DIAMONDS FIVE CLUBS KING,0.2106,0.459,0.3304
SPADES EIGHT CLUBS KING,0.2336,0.2316,0.5348
CLUBS ACE DIAMONDS FIVE,0.3352,0.0064,0.6584
SPADES EIGHT CLUBS QUEEN,0.5814,0.0066,0.412
CLUBS JACK SPADES EIGHT,0.5662,0.0076,0.4262
CLUBS TEN SPADES EIGHT,0.5658,0.0088,0.4254
CLUBS TEN DIAMONDS FIVE,0.5998,0.0066,0.3936
CLUBS JACK DIAMONDS FIVE,0.59,0.007,0.403
DIAMONDS TEN HEARTS JACK,0.5416,0.0092,0.4492
DIAMONDS TEN HEARTS TEN,0.2876,0.009,0.7034
SPADES ACE CLUBS NINE,0.3594,0.0044,0.6362
SPADES QUEEN CLUBS NINE,0.5742,0.0052,0.4206
SPADES KING CLUBS NINE,0.2308,0.1656,0.6036
DIAMONDS KING SPADES SEVEN,0.2264,0.2872,0.4864
HEARTS THREE SPADES SEVEN,0.7166,0.0264,0.257
SPADES KING DIAMONDS SEVEN,0.215,0.3108,0.4742
HEARTS SIX HEARTS QUEEN,0.5664,0.0074,0.4262
SPADES QUEEN DIAMONDS SEVEN,0.583,0.0084,0.4086
HEARTS THREE SPADES SIX,0.719,0.024,0.257
DIAMONDS KING SPADES SIX,0.2154,0.3824,0.4022
SPADES NINE DIAMONDS KING,0.2168,0.175,0.6082
SPADES NINE HEARTS THREE,0.7284,0.0382,0.2334
HEARTS SIX HEARTS ACE,0.3382,0.0058,0.656
DIAMONDS KING SPADES EIGHT,0.224,0.2278,0.5482
SPADES EIGHT HEARTS THREE,0.744,0.026,0.23
SPADES ACE DIAMONDS SEVEN,0.358,0.006,0.636
CLUBS NINE HEARTS THREE,0.7324,0.0314,0.2362
CLUBS NINE DIAMONDS KING,0.2242,0.1706,0.6052
CLUBS EIGHT DIAMONDS KING,0.2232,0.2386,0.5382
CLUBS EIGHT HEARTS THREE,0.7298,0.0282,0.242
HEARTS THREE SPADES THREE,0.3052,0.024,0.6708
DIAMONDS KING SPADES THREE,0.0122,0.9746,0.0132
HEARTS THREE SPADES TWO,0.7142,0.0284,0.2574
DIAMONDS KING SPADES TWO,0.2678,0.5,0.2322
HEARTS THREE SPADES FIVE,0.6954,0.0312,0.2734
DIAMONDS KING SPADES FIVE,0.218,0.4588,0.3232
HEARTS THREE SPADES FOUR,0.705,0.035,0.26
DIAMONDS KING SPADES FOUR,0.2166,0.5194,0.264
DIAMONDS KING CLUBS TWO,0.2508,0.5256,0.2236
HEARTS THREE CLUBS TWO,0.7246,0.0342,0.2412
DIAMONDS KING CLUBS THREE,0.0096,0.9732,0.0172
HEARTS THREE CLUBS THREE,0.3222,0.0244,0.6534
DIAMONDS KING CLUBS FOUR,0.2122,0.5218,0.266
CLUBS FOUR HEARTS THREE,0.6978,0.032,0.2702
DIAMONDS KING CLUBS FIVE,0.2122,0.4712,0.3166
HEARTS THREE CLUBS FIVE,0.6894,0.028,0.2826
CLUBS SIX DIAMONDS KING,0.2238,0.381,0.3952
CLUBS SIX HEARTS THREE,0.7228,0.0256,0.2516
