opposingHand,winningChance,drawChance,lostChance
DIAMONDS KING SPADES TWO
HEARTS FIVE SPADES TEN,0.594,0.0082,0.3978
HEARTS FIVE SPADES JACK,0.5904,0.0074,0.4022
SPADES FIVE CLUBS JACK,0.5932,0.0058,0.401
CLUBS TEN SPADES FIVE,0.5962,0.01,0.3938
CLUBS EIGHT CLUBS JACK,0.5306,0.007,0.4624
CLUBS TEN CLUBS EIGHT,0.5224,0.0076,0.47
CLUBS EIGHT CLUBS KING,0.217,0.2224,0.5606
SPADES FIVE CLUBS ACE,0.3394,0.003,0.6576
CLUBS EIGHT CLUBS QUEEN,0.5488,0.0072,0.444
SPADES FIVE CLUBS KING,0.2124,0.461,0.3266
SPADES FIVE CLUBS QUEEN,0.5866,0.0094,0.404
CLUBS EIGHT CLUBS ACE,0.3242,0.0054,0.6704
DIAMONDS TWO DIAMONDS THREE,0.6902,0.0294,0.2804
DIAMONDS TWO DIAMONDS FIVE,0.676,0.0262,0.2978
HEARTS FIVE SPADES KING,0.2062,0.4562,0.3376
DIAMONDS TWO DIAMONDS FOUR,0.684,0.029,0.287
HEARTS FIVE SPADES QUEEN,0.5898,0.007,0.4032
DIAMONDS TWO DIAMONDS SEVEN,0.6898,0.0236,0.2866
DIAMONDS TWO DIAMONDS SIX,0.6874,0.0218,0.2908
SPADES ACE HEARTS FIVE,0.3324,0.0058,0.6618
DIAMONDS TWO DIAMONDS NINE,0.6932,0.0344,0.2724
DIAMONDS TWO DIAMONDS EIGHT,0.7164,0.0282,0.2554
DIAMONDS THREE DIAMONDS FOUR,0.5542,0.0078,0.438
CLUBS TWO SPADES FOUR,0.7176,0.0238,0.2586
DIAMONDS THREE DIAMONDS FIVE,0.5444,0.012,0.4436
SPADES FIVE CLUBS TWO,0.6978,0.03,0.2722
CLUBS TWO SPADES THREE,0.7222,0.0294,0.2484
DIAMONDS THREE DIAMONDS EIGHT,0.5746,0.012,0.4134
SPADES EIGHT CLUBS TWO,0.732,0.0298,0.2382
DIAMONDS THREE DIAMONDS NINE,0.5736,0.0108,0.4156
SPADES NINE CLUBS TWO,0.7226,0.0312,0.2462
DIAMONDS THREE DIAMONDS SIX,0.56,0.0094,0.4306
SPADES SIX CLUBS TWO,0.7282,0.0254,0.2464
DIAMONDS THREE DIAMONDS SEVEN,0.5732,0.0114,0.4154
SPADES SEVEN CLUBS TWO,0.74,0.02,0.24
CLUBS SIX CLUBS TWO,0.6916,0.0236,0.2848
CLUBS SEVEN CLUBS TWO,0.6906,0.0242,0.2852
CLUBS FOUR CLUBS TWO,0.6764,0.0278,0.2958
CLUBS FIVE CLUBS TWO,0.6664,0.0268,0.3068
CLUBS TEN CLUBS JACK,0.4986,0.0074,0.494
DIAMONDS FOUR DIAMONDS SIX,0.5436,0.0052,0.4512
CLUBS TEN CLUBS QUEEN,0.5148,0.0072,0.478
DIAMONDS FOUR DIAMONDS SEVEN,0.5508,0.0094,0.4398
CLUBS TEN CLUBS KING,0.208,0.1056,0.6864
CLUBS TEN CLUBS ACE,0.32,0.0044,0.6756
CLUBS EIGHT CLUBS TWO,0.6752,0.03,0.2948
DIAMONDS FIVE DIAMONDS FOUR,0.5286,0.0108,0.4606
CLUBS NINE CLUBS TWO,0.6962,0.0256,0.2782
DIAMONDS NINE DIAMONDS FOUR,0.5754,0.0102,0.4144
DIAMONDS EIGHT DIAMONDS FOUR,0.5674,0.0082,0.4244
CLUBS THREE CLUBS TWO,0.6622,0.028,0.3098
DIAMONDS NINE DIAMONDS FIVE,0.5674,0.0116,0.421
DIAMONDS TWO CLUBS JACK,0.7386,0.0276,0.2338
DIAMONDS EIGHT DIAMONDS FIVE,0.5582,0.0088,0.433
CLUBS TEN DIAMONDS TWO,0.73,0.033,0.237
DIAMONDS FIVE DIAMONDS SEVEN,0.5366,0.01,0.4534
DIAMONDS FIVE DIAMONDS SIX,0.5366,0.0078,0.4556
DIAMONDS TWO CLUBS ACE,0.2238,0.0166,0.7596
DIAMONDS TWO CLUBS KING,0.016,0.9704,0.0136
DIAMONDS TWO CLUBS QUEEN,0.7264,0.0248,0.2488
DIAMONDS EIGHT DIAMONDS SIX,0.5392,0.009,0.4518
DIAMONDS NINE DIAMONDS SIX,0.545,0.0078,0.4472
HEARTS ACE SPADES THREE,0.3406,0.005,0.6544
SPADES THREE HEARTS KING,0.2188,0.5196,0.2616
DIAMONDS SEVEN DIAMONDS SIX,0.5254,0.011,0.4636
HEARTS QUEEN SPADES THREE,0.5988,0.0078,0.3934
SPADES THREE HEARTS JACK,0.5856,0.0072,0.4072
SPADES THREE HEARTS TEN,0.6104,0.0082,0.3814
DIAMONDS EIGHT DIAMONDS SEVEN,0.5214,0.0094,0.4692
DIAMONDS NINE DIAMONDS SEVEN,0.5422,0.0098,0.448
DIAMONDS NINE DIAMONDS EIGHT,0.5166,0.0098,0.4736
HEARTS THREE HEARTS TEN,0.5618,0.0106,0.4276
SPADES JACK CLUBS SIX,0.5816,0.0076,0.4108
HEARTS THREE HEARTS JACK,0.5718,0.0074,0.4208
SPADES TEN CLUBS SIX,0.5934,0.0086,0.398
SPADES JACK SPADES FIVE,0.5538,0.011,0.4352
SPADES TEN SPADES FIVE,0.5614,0.0066,0.432
HEARTS THREE HEARTS ACE,0.33,0.0078,0.6622
SPADES ACE CLUBS SIX,0.3592,0.0058,0.635
HEARTS THREE HEARTS QUEEN,0.5468,0.0094,0.4438
SPADES KING CLUBS SIX,0.2198,0.3836,0.3966
HEARTS THREE HEARTS KING,0.1944,0.4954,0.3102
SPADES QUEEN CLUBS SIX,0.59,0.0088,0.4012
SPADES NINE HEARTS TEN,0.5402,0.008,0.4518
SPADES NINE HEARTS JACK,0.538,0.0066,0.4554
SPADES QUEEN SPADES FIVE,0.5558,0.008,0.4362
SPADES KING SPADES FIVE,0.212,0.4322,0.3558
SPADES ACE SPADES FIVE,0.32,0.0068,0.6732
SPADES NINE HEARTS QUEEN,0.5806,0.008,0.4114
SPADES NINE HEARTS KING,0.2288,0.1594,0.6118
SPADES NINE HEARTS ACE,0.357,0.0038,0.6392
CLUBS TEN SPADES JACK,0.5346,0.0076,0.4578
CLUBS TEN SPADES TEN,0.2782,0.0114,0.7104
SPADES ACE CLUBS TEN,0.322,0.0044,0.6736
SPADES KING CLUBS TEN,0.2238,0.1218,0.6544
CLUBS TEN SPADES QUEEN,0.5368,0.0058,0.4574
SPADES FIVE HEARTS QUEEN,0.5878,0.0086,0.4036
SPADES FIVE HEARTS KING,0.209,0.4652,0.3258
HEARTS ACE SPADES FIVE,0.353,0.0056,0.6414
CLUBS EIGHT SPADES TEN,0.553,0.0078,0.4392
SPADES JACK HEARTS THREE,0.5898,0.0072,0.403
SPADES TEN HEARTS THREE,0.6018,0.0092,0.389
SPADES JACK CLUBS EIGHT,0.564,0.0094,0.4266
CLUBS SIX HEARTS ACE,0.3596,0.0034,0.637
SPADES ACE CLUBS EIGHT,0.3642,0.0044,0.6314
HEARTS FIVE CLUBS JACK,0.5884,0.0102,0.4014
HEARTS FIVE CLUBS TEN,0.594,0.0092,0.3968
CLUBS SIX HEARTS QUEEN,0.5858,0.0068,0.4074
SPADES QUEEN CLUBS EIGHT,0.5752,0.008,0.4168
CLUBS TEN SPADES THREE,0.5894,0.0084,0.4022
CLUBS SIX HEARTS KING,0.2256,0.3734,0.401
SPADES KING CLUBS EIGHT,0.2152,0.2308,0.554
SPADES THREE CLUBS JACK,0.5918,0.0084,0.3998
DIAMONDS TWO HEARTS JACK,0.7472,0.0308,0.222
SPADES THREE CLUBS QUEEN,0.597,0.0092,0.3938
DIAMONDS TWO HEARTS TEN,0.7298,0.0304,0.2398
SPADES THREE CLUBS KING,0.2142,0.5304,0.2554
HEARTS FIVE CLUBS ACE,0.341,0.0042,0.6548
SPADES FIVE HEARTS TEN,0.5912,0.0066,0.4022
SPADES THREE CLUBS ACE,0.344,0.0056,0.6504
HEARTS FIVE CLUBS KING,0.2162,0.4634,0.3204
SPADES FIVE HEARTS JACK,0.6036,0.0088,0.3876
HEARTS FIVE CLUBS QUEEN,0.6026,0.0094,0.388
HEARTS THREE CLUBS KING,0.2312,0.5152,0.2536
HEARTS THREE CLUBS QUEEN,0.5886,0.0094,0.402
HEARTS FIVE HEARTS JACK,0.553,0.0086,0.4384
HEARTS FIVE HEARTS TEN,0.5562,0.0106,0.4332
HEARTS THREE CLUBS ACE,0.346,0.0034,0.6506
SPADES ACE CLUBS QUEEN,0.3312,0.0042,0.6646
SPADES KING CLUBS QUEEN,0.2214,0.0588,0.7198
HEARTS THREE CLUBS JACK,0.611,0.01,0.379
SPADES QUEEN CLUBS QUEEN,0.2646,0.0036,0.7318
CLUBS TEN HEARTS THREE,0.6002,0.0094,0.3904
SPADES JACK CLUBS QUEEN,0.5566,0.006,0.4374
CLUBS SIX CLUBS QUEEN,0.5564,0.0082,0.4354
SPADES TEN CLUBS QUEEN,0.5484,0.0064,0.4452
CLUBS SIX CLUBS KING,0.2078,0.356,0.4362
CLUBS SIX CLUBS ACE,0.333,0.0034,0.6636
HEARTS FIVE HEARTS KING,0.201,0.427,0.372
HEARTS FIVE HEARTS QUEEN,0.5606,0.0088,0.4306
CLUBS TEN CLUBS SIX,0.546,0.0064,0.4476
HEARTS FIVE HEARTS ACE,0.322,0.0046,0.6734
CLUBS SIX CLUBS JACK,0.5576,0.0056,0.4368
SPADES SEVEN HEARTS JACK,0.5816,0.0062,0.4122
SPADES SEVEN HEARTS TEN,0.5704,0.0082,0.4214
DIAMONDS TWO CLUBS TWO,0.3062,0.025,0.6688
DIAMONDS TWO CLUBS THREE,0.7166,0.0278,0.2556
DIAMONDS TWO HEARTS SIX,0.7302,0.0238,0.246
DIAMONDS TWO HEARTS QUEEN,0.7286,0.0318,0.2396
HEARTS SEVEN DIAMONDS TWO,0.731,0.0256,0.2434
DIAMONDS TWO HEARTS KING,0.0174,0.9712,0.0114
DIAMONDS TWO HEARTS EIGHT,0.7448,0.0318,0.2234
DIAMONDS TWO HEARTS ACE,0.234,0.0146,0.7514
DIAMONDS TWO HEARTS NINE,0.7392,0.0222,0.2386
DIAMONDS TWO DIAMONDS QUEEN,0.7178,0.0258,0.2564
DIAMONDS TWO HEARTS TWO,0.305,0.0234,0.6716
DIAMONDS TWO HEARTS THREE,0.7198,0.0298,0.2504
DIAMONDS TWO DIAMONDS ACE,0.2198,0.0178,0.7624
HEARTS FOUR DIAMONDS TWO,0.7152,0.0272,0.2576
HEARTS FIVE DIAMONDS TWO,0.7078,0.0286,0.2636
SPADES SEVEN HEARTS ACE,0.3654,0.0056,0.629
DIAMONDS TWO DIAMONDS TEN,0.6962,0.0272,0.2766
SPADES SEVEN HEARTS KING,0.2242,0.2906,0.4852
DIAMONDS TWO DIAMONDS JACK,0.702,0.0272,0.2708
SPADES SEVEN HEARTS QUEEN,0.5878,0.0078,0.4044
DIAMONDS TWO SPADES NINE,0.729,0.029,0.242
DIAMONDS TWO SPADES EIGHT,0.7386,0.0296,0.2318
DIAMONDS TWO SPADES SEVEN,0.7412,0.0192,0.2396
DIAMONDS TWO SPADES SIX,0.7368,0.0248,0.2384
DIAMONDS TWO SPADES FIVE,0.719,0.026,0.255
DIAMONDS TWO SPADES FOUR,0.7102,0.0366,0.2532
DIAMONDS TWO SPADES THREE,0.7172,0.027,0.2558
CLUBS NINE DIAMONDS TWO,0.7424,0.029,0.2286
DIAMONDS TWO CLUBS EIGHT,0.7238,0.0322,0.244
CLUBS SEVEN DIAMONDS TWO,0.7378,0.0222,0.24
DIAMONDS TWO CLUBS SIX,0.737,0.0242,0.2388
DIAMONDS TWO CLUBS FIVE,0.7098,0.0294,0.2608
DIAMONDS TWO CLUBS FOUR,0.716,0.0244,0.2596
CLUBS FOUR SPADES FIVE,0.5586,0.0116,0.4298
CLUBS FOUR SPADES FOUR,0.3402,0.0192,0.6406
CLUBS FOUR SPADES THREE,0.5774,0.0108,0.4118
SPADES NINE CLUBS FOUR,0.5918,0.0088,0.3994
SPADES EIGHT CLUBS FOUR,0.6034,0.0062,0.3904
SPADES SEVEN CLUBS FOUR,0.582,0.0078,0.4102
CLUBS FOUR SPADES SIX,0.5644,0.0102,0.4254
SPADES ACE DIAMONDS SIX,0.3594,0.0052,0.6354
SPADES QUEEN DIAMONDS SIX,0.5964,0.009,0.3946
SPADES KING DIAMONDS SIX,0.2206,0.3766,0.4028
SPADES TEN DIAMONDS SIX,0.5752,0.006,0.4188
SPADES JACK DIAMONDS SIX,0.59,0.0098,0.4002
DIAMONDS JACK CLUBS JACK,0.2814,0.0062,0.7124
CLUBS TEN DIAMONDS JACK,0.5434,0.0084,0.4482
DIAMONDS JACK CLUBS KING,0.2296,0.0852,0.6852
DIAMONDS JACK CLUBS QUEEN,0.5598,0.0078,0.4324
DIAMONDS THREE DIAMONDS JACK,0.576,0.0104,0.4136
DIAMONDS THREE DIAMONDS TEN,0.584,0.0082,0.4078
DIAMONDS JACK CLUBS ACE,0.3408,0.0056,0.6536
DIAMONDS THREE HEARTS THREE,0.3452,0.0226,0.6322
DIAMONDS THREE DIAMONDS QUEEN,0.5724,0.0082,0.4194
DIAMONDS THREE HEARTS TWO,0.7304,0.0272,0.2424
HEARTS FIVE DIAMONDS THREE,0.582,0.0078,0.4102
DIAMONDS THREE DIAMONDS ACE,0.3308,0.0068,0.6624
HEARTS FOUR DIAMONDS THREE,0.5864,0.0104,0.4032
HEARTS SEVEN DIAMONDS THREE,0.6042,0.01,0.3858
SPADES TEN SPADES NINE,0.5194,0.0072,0.4734
HEARTS SIX DIAMONDS THREE,0.5874,0.0078,0.4048
SPADES JACK SPADES NINE,0.5292,0.0076,0.4632
DIAMONDS THREE HEARTS NINE,0.6042,0.0114,0.3844
HEARTS JACK DIAMONDS FOUR,0.594,0.0092,0.3968
HEARTS ACE HEARTS KING,0.2064,0.0144,0.7792
DIAMONDS THREE HEARTS EIGHT,0.604,0.0086,0.3874
HEARTS TEN DIAMONDS FOUR,0.6002,0.0076,0.3922
HEARTS QUEEN DIAMONDS FOUR,0.6008,0.0098,0.3894
HEARTS KING DIAMONDS FOUR,0.2182,0.5224,0.2594
SPADES ACE SPADES NINE,0.3376,0.0046,0.6578
HEARTS ACE DIAMONDS FOUR,0.3482,0.0064,0.6454
SPADES KING SPADES NINE,0.219,0.1662,0.6148
SPADES QUEEN SPADES NINE,0.535,0.0096,0.4554
DIAMONDS THREE SPADES NINE,0.612,0.0086,0.3794
DIAMONDS THREE SPADES EIGHT,0.5994,0.0104,0.3902
DIAMONDS THREE SPADES SEVEN,0.588,0.0088,0.4032
DIAMONDS THREE SPADES SIX,0.577,0.0112,0.4118
DIAMONDS THREE CLUBS SIX,0.588,0.0104,0.4016
CLUBS FIVE CLUBS SIX,0.516,0.0074,0.4766
CLUBS ACE DIAMONDS FOUR,0.353,0.0048,0.6422
CLUBS SEVEN DIAMONDS THREE,0.601,0.0098,0.3892
CLUBS SEVEN CLUBS FIVE,0.5252,0.0094,0.4654
DIAMONDS THREE CLUBS FOUR,0.5862,0.0096,0.4042
DIAMONDS FOUR CLUBS QUEEN,0.6108,0.0104,0.3788
DIAMONDS THREE CLUBS FIVE,0.5792,0.0092,0.4116
CLUBS KING DIAMONDS FOUR,0.2162,0.5154,0.2684
DIAMONDS THREE CLUBS TWO,0.73,0.0262,0.2438
CLUBS TEN DIAMONDS FOUR,0.5916,0.0078,0.4006
DIAMONDS THREE CLUBS THREE,0.3478,0.021,0.6312
DIAMONDS FOUR CLUBS JACK,0.5908,0.0096,0.3996
DIAMONDS THREE SPADES FOUR,0.577,0.01,0.413
DIAMONDS THREE SPADES FIVE,0.5864,0.0092,0.4044
DIAMONDS THREE SPADES THREE,0.3326,0.0236,0.6438
CLUBS EIGHT DIAMONDS THREE,0.6038,0.0088,0.3874
CLUBS NINE DIAMONDS THREE,0.596,0.01,0.394
SPADES SEVEN CLUBS ACE,0.3416,0.0052,0.6532
SPADES SEVEN CLUBS QUEEN,0.5814,0.0056,0.413
SPADES SEVEN CLUBS KING,0.2216,0.3054,0.473
CLUBS FIVE SPADES SEVEN,0.57,0.0072,0.4228
CLUBS TEN SPADES SEVEN,0.5786,0.0094,0.412
CLUBS FIVE SPADES SIX,0.5578,0.0078,0.4344
SPADES SEVEN CLUBS JACK,0.5764,0.008,0.4156
CLUBS FIVE SPADES NINE,0.584,0.0088,0.4072
CLUBS FIVE SPADES EIGHT,0.573,0.006,0.421
CLUBS FIVE SPADES THREE,0.5764,0.01,0.4136
CLUBS FIVE SPADES FIVE,0.3246,0.0182,0.6572
CLUBS FIVE SPADES FOUR,0.5502,0.0104,0.4394
CLUBS NINE CLUBS FIVE,0.5498,0.0088,0.4414
CLUBS EIGHT CLUBS FIVE,0.5572,0.0064,0.4364
CLUBS ACE CLUBS QUEEN,0.3246,0.0064,0.669
CLUBS KING CLUBS QUEEN,0.2114,0.0642,0.7244
DIAMONDS TEN DIAMONDS FOUR,0.5742,0.0108,0.415
CLUBS TEN DIAMONDS NINE,0.543,0.006,0.451
DIAMONDS JACK DIAMONDS FOUR,0.5672,0.009,0.4238
DIAMONDS NINE CLUBS JACK,0.5554,0.007,0.4376
SPADES NINE CLUBS JACK,0.5622,0.0062,0.4316
CLUBS TEN SPADES NINE,0.5398,0.0106,0.4496
DIAMONDS ACE DIAMONDS FOUR,0.3336,0.007,0.6594
HEARTS FOUR DIAMONDS FOUR,0.3434,0.0212,0.6354
DIAMONDS JACK HEARTS TEN,0.5482,0.0072,0.4446
SPADES NINE CLUBS KING,0.212,0.17,0.618
DIAMONDS TWO SPADES TEN,0.734,0.0298,0.2362
DIAMONDS NINE CLUBS ACE,0.3528,0.0026,0.6446
HEARTS FIVE DIAMONDS FOUR,0.5776,0.0092,0.4132
DIAMONDS JACK HEARTS JACK,0.2974,0.0044,0.6982
SPADES NINE CLUBS QUEEN,0.5592,0.0066,0.4342
DIAMONDS TWO SPADES JACK,0.7458,0.0264,0.2278
DIAMONDS QUEEN DIAMONDS FOUR,0.5612,0.0108,0.428
HEARTS TWO DIAMONDS FOUR,0.707,0.0272,0.2658
DIAMONDS NINE CLUBS QUEEN,0.5562,0.0066,0.4372
HEARTS THREE DIAMONDS FOUR,0.579,0.0094,0.4116
SPADES NINE CLUBS ACE,0.3596,0.0062,0.6342
DIAMONDS NINE CLUBS KING,0.2348,0.162,0.6032
HEARTS ACE DIAMONDS JACK,0.3456,0.0054,0.649
SPADES ACE DIAMONDS TWO,0.233,0.0166,0.7504
HEARTS QUEEN DIAMONDS JACK,0.5536,0.009,0.4374
SPADES QUEEN DIAMONDS TWO,0.7494,0.0266,0.224
DIAMONDS JACK HEARTS KING,0.232,0.0886,0.6794
SPADES KING DIAMONDS TWO,0.0074,0.9846,0.008
SPADES JACK SPADES SEVEN,0.545,0.009,0.446
SPADES TEN SPADES SEVEN,0.527,0.0068,0.4662
CLUBS SEVEN CLUBS THREE,0.5518,0.0086,0.4396
CLUBS SIX CLUBS THREE,0.5448,0.0102,0.445
CLUBS FIVE CLUBS THREE,0.5474,0.009,0.4436
CLUBS THREE CLUBS FOUR,0.5374,0.0108,0.4518
CLUBS NINE CLUBS THREE,0.5538,0.0078,0.4384
CLUBS EIGHT CLUBS THREE,0.5608,0.0074,0.4318
CLUBS THREE SPADES FIVE,0.5628,0.0098,0.4274
CLUBS THREE SPADES FOUR,0.5812,0.0072,0.4116
CLUBS THREE SPADES THREE,0.3402,0.0202,0.6396
CLUBS THREE SPADES SIX,0.5738,0.0072,0.419
CLUBS THREE SPADES SEVEN,0.5874,0.0086,0.404
SPADES EIGHT CLUBS THREE,0.6044,0.0076,0.388
SPADES NINE CLUBS THREE,0.5962,0.0076,0.3962
SPADES THREE DIAMONDS FOUR,0.5754,0.0126,0.412
SPADES FOUR DIAMONDS FOUR,0.3458,0.0168,0.6374
SPADES FIVE DIAMONDS FOUR,0.5658,0.0116,0.4226
SPADES SIX DIAMONDS FOUR,0.569,0.01,0.421
SPADES SEVEN DIAMONDS FOUR,0.58,0.0094,0.4106
SPADES EIGHT DIAMONDS FOUR,0.5914,0.0086,0.4
SPADES NINE DIAMONDS FOUR,0.599,0.0102,0.3908
CLUBS FIVE DIAMONDS FOUR,0.5668,0.008,0.4252
CLUBS FOUR DIAMONDS FOUR,0.3464,0.016,0.6376
CLUBS SEVEN DIAMONDS FOUR,0.5842,0.0116,0.4042
CLUBS SIX DIAMONDS FOUR,0.5672,0.0078,0.425
CLUBS NINE DIAMONDS FOUR,0.6022,0.0098,0.388
CLUBS EIGHT DIAMONDS FOUR,0.5862,0.0096,0.4042
HEARTS SEVEN DIAMONDS FOUR,0.5654,0.0098,0.4248
HEARTS SIX DIAMONDS FOUR,0.575,0.0072,0.4178
DIAMONDS FOUR HEARTS NINE,0.5944,0.0068,0.3988
DIAMONDS FOUR HEARTS EIGHT,0.5954,0.0102,0.3944
CLUBS THREE DIAMONDS FOUR,0.5836,0.0126,0.4038
CLUBS TWO DIAMONDS FOUR,0.706,0.0236,0.2704
DIAMONDS TEN DIAMONDS FIVE,0.5746,0.0098,0.4156
DIAMONDS JACK DIAMONDS FIVE,0.562,0.0112,0.4268
DIAMONDS NINE HEARTS QUEEN,0.5512,0.0078,0.441
DIAMONDS NINE HEARTS KING,0.2302,0.1636,0.6062
HEARTS ACE DIAMONDS NINE,0.3604,0.0056,0.634
DIAMONDS NINE HEARTS TEN,0.5444,0.0064,0.4492
DIAMONDS NINE HEARTS JACK,0.5538,0.0092,0.437
CLUBS KING DIAMONDS SIX,0.224,0.3784,0.3976
CLUBS QUEEN DIAMONDS SIX,0.5962,0.007,0.3968
CLUBS ACE DIAMONDS SIX,0.3584,0.0046,0.637
SPADES KING DIAMONDS FOUR,0.2216,0.5202,0.2582
SPADES ACE SPADES SEVEN,0.347,0.0042,0.6488
SPADES QUEEN DIAMONDS FOUR,0.6034,0.0098,0.3868
SPADES QUEEN SPADES SEVEN,0.5566,0.008,0.4354
CLUBS JACK DIAMONDS SIX,0.6038,0.0088,0.3874
SPADES KING SPADES SEVEN,0.2092,0.2792,0.5116
SPADES ACE DIAMONDS FOUR,0.3434,0.0044,0.6522
CLUBS TEN DIAMONDS SIX,0.577,0.0094,0.4136
CLUBS NINE CLUBS FOUR,0.563,0.0088,0.4282
CLUBS EIGHT CLUBS FOUR,0.5606,0.0094,0.43
SPADES JACK DIAMONDS FOUR,0.6094,0.0072,0.3834
SPADES TEN DIAMONDS FOUR,0.588,0.0092,0.4028
CLUBS FIVE CLUBS FOUR,0.5326,0.0078,0.4596
CLUBS SEVEN CLUBS FOUR,0.5344,0.0088,0.4568
CLUBS SIX CLUBS FOUR,0.5444,0.01,0.4456
CLUBS SEVEN SPADES EIGHT,0.5516,0.0078,0.4406
CLUBS SEVEN SPADES NINE,0.5596,0.0082,0.4322
CLUBS SEVEN SPADES SIX,0.5446,0.0056,0.4498
CLUBS SEVEN SPADES SEVEN,0.3102,0.0152,0.6746
CLUBS SEVEN SPADES FIVE,0.5444,0.0092,0.4464
CLUBS SEVEN SPADES FOUR,0.5666,0.0088,0.4246
CLUBS SEVEN SPADES THREE,0.5918,0.0094,0.3988
CLUBS NINE CLUBS SEVEN,0.5158,0.008,0.4762
CLUBS SEVEN CLUBS EIGHT,0.5148,0.0062,0.479
HEARTS SIX DIAMONDS FIVE,0.549,0.009,0.442
HEARTS SEVEN DIAMONDS FIVE,0.5648,0.0094,0.4258
DIAMONDS FIVE HEARTS EIGHT,0.5754,0.0092,0.4154
DIAMONDS FIVE HEARTS NINE,0.5754,0.009,0.4156
DIAMONDS QUEEN DIAMONDS FIVE,0.568,0.0076,0.4244
HEARTS TWO DIAMONDS FIVE,0.7168,0.0282,0.255
HEARTS KING HEARTS EIGHT,0.2276,0.2072,0.5652
HEARTS THREE DIAMONDS FIVE,0.5926,0.0096,0.3978
HEARTS QUEEN HEARTS EIGHT,0.5358,0.0076,0.4566
DIAMONDS ACE DIAMONDS FIVE,0.3272,0.0058,0.667
HEARTS FOUR DIAMONDS FIVE,0.5606,0.0104,0.429
HEARTS FIVE DIAMONDS FIVE,0.3362,0.0184,0.6454
HEARTS ACE HEARTS EIGHT,0.3266,0.0046,0.6688
CLUBS FOUR DIAMONDS FIVE,0.5566,0.0116,0.4318
CLUBS FIVE DIAMONDS FIVE,0.3372,0.0154,0.6474
CLUBS SIX DIAMONDS FIVE,0.5636,0.0094,0.427
CLUBS SEVEN DIAMONDS FIVE,0.5716,0.0068,0.4216
CLUBS TWO DIAMONDS FIVE,0.7164,0.0256,0.258
CLUBS THREE DIAMONDS FIVE,0.5776,0.0118,0.4106
SPADES THREE DIAMONDS FIVE,0.5784,0.0104,0.4112
SPADES JACK DIAMONDS EIGHT,0.5688,0.0062,0.425
SPADES FIVE DIAMONDS FIVE,0.3306,0.0184,0.651
CLUBS TEN HEARTS JACK,0.535,0.0062,0.4588
SPADES TEN DIAMONDS EIGHT,0.5484,0.0072,0.4444
SPADES FOUR DIAMONDS FIVE,0.5606,0.0096,0.4298
HEARTS JACK CLUBS JACK,0.2838,0.0076,0.7086
HEARTS JACK CLUBS QUEEN,0.5608,0.007,0.4322
CLUBS NINE DIAMONDS FIVE,0.5792,0.0108,0.41
CLUBS KING HEARTS JACK,0.2384,0.089,0.6726
CLUBS EIGHT DIAMONDS FIVE,0.5852,0.0092,0.4056
CLUBS ACE HEARTS JACK,0.3448,0.0052,0.65
SPADES SEVEN DIAMONDS FIVE,0.5504,0.0098,0.4398
SPADES KING DIAMONDS EIGHT,0.2298,0.2366,0.5336
SPADES QUEEN DIAMONDS EIGHT,0.5726,0.0074,0.42
SPADES SIX DIAMONDS FIVE,0.5576,0.0094,0.433
SPADES NINE DIAMONDS FIVE,0.5774,0.01,0.4126
SPADES EIGHT DIAMONDS FIVE,0.5866,0.0074,0.406
SPADES ACE DIAMONDS EIGHT,0.351,0.006,0.643
DIAMONDS TEN DIAMONDS SIX,0.5536,0.009,0.4374
HEARTS ACE DIAMONDS SEVEN,0.3506,0.006,0.6434
DIAMONDS JACK DIAMONDS SIX,0.5604,0.0096,0.43
HEARTS QUEEN DIAMONDS SEVEN,0.597,0.0078,0.3952
HEARTS KING DIAMONDS SEVEN,0.231,0.3032,0.4658
DIAMONDS ACE DIAMONDS SIX,0.3456,0.0054,0.649
HEARTS FOUR DIAMONDS SIX,0.5626,0.0098,0.4276
HEARTS FIVE DIAMONDS SIX,0.5646,0.0082,0.4272
DIAMONDS QUEEN DIAMONDS SIX,0.5672,0.0088,0.424
HEARTS TWO DIAMONDS SIX,0.7368,0.0232,0.24
HEARTS THREE DIAMONDS SIX,0.5912,0.0108,0.398
HEARTS EIGHT DIAMONDS SIX,0.5658,0.0082,0.426
HEARTS NINE DIAMONDS SIX,0.5686,0.0086,0.4228
HEARTS SIX DIAMONDS SIX,0.353,0.0156,0.6314
HEARTS SEVEN DIAMONDS SIX,0.5438,0.0074,0.4488
HEARTS TEN DIAMONDS SEVEN,0.5676,0.007,0.4254
CLUBS TWO DIAMONDS SIX,0.7318,0.0254,0.2428
HEARTS JACK DIAMONDS SEVEN,0.572,0.0078,0.4202
CLUBS THREE DIAMONDS SIX,0.5752,0.013,0.4118
CLUBS SEVEN DIAMONDS SIX,0.5488,0.0092,0.442
DIAMONDS EIGHT CLUBS JACK,0.565,0.0064,0.4286
CLUBS SIX DIAMONDS SIX,0.3396,0.0112,0.6492
CLUBS TEN DIAMONDS EIGHT,0.5536,0.006,0.4404
CLUBS FIVE DIAMONDS SIX,0.5566,0.0094,0.434
CLUBS FOUR DIAMONDS SIX,0.5752,0.0118,0.413
HEARTS ACE HEARTS JACK,0.3274,0.0068,0.6658
DIAMONDS EIGHT CLUBS ACE,0.3614,0.0056,0.633
HEARTS QUEEN HEARTS JACK,0.5128,0.008,0.4792
DIAMONDS EIGHT CLUBS KING,0.2326,0.2296,0.5378
CLUBS NINE DIAMONDS SIX,0.5712,0.0088,0.42
HEARTS KING HEARTS JACK,0.2154,0.08,0.7046
DIAMONDS EIGHT CLUBS QUEEN,0.5864,0.009,0.4046
CLUBS EIGHT DIAMONDS SIX,0.563,0.0076,0.4294
SPADES TEN HEARTS KING,0.229,0.1154,0.6556
SPADES FIVE DIAMONDS SIX,0.5666,0.0116,0.4218
SPADES JACK HEARTS KING,0.2262,0.0844,0.6894
SPADES FOUR DIAMONDS SIX,0.5734,0.009,0.4176
SPADES THREE DIAMONDS SIX,0.5798,0.0122,0.408
SPADES ACE SPADES KING,0.2098,0.0164,0.7738
HEARTS TEN HEARTS EIGHT,0.5342,0.0072,0.4586
SPADES NINE DIAMONDS SIX,0.5742,0.009,0.4168
HEARTS JACK HEARTS EIGHT,0.5282,0.0068,0.465
SPADES EIGHT DIAMONDS SIX,0.5676,0.0086,0.4238
SPADES SEVEN DIAMONDS SIX,0.5528,0.0074,0.4398
SPADES SIX DIAMONDS SIX,0.331,0.0146,0.6544
SPADES KING HEARTS KING,0.0602,0.0174,0.9224
SPADES QUEEN HEARTS KING,0.2442,0.0666,0.6892
CLUBS ACE CLUBS KING,0.2144,0.0122,0.7734
SPADES ACE HEARTS KING,0.221,0.0136,0.7654
SPADES ACE HEARTS JACK,0.348,0.0046,0.6474
SPADES QUEEN HEARTS JACK,0.5596,0.007,0.4334
SPADES KING HEARTS JACK,0.2324,0.083,0.6846
SPADES TEN DIAMONDS TEN,0.2852,0.01,0.7048
SPADES JACK DIAMONDS TEN,0.547,0.0064,0.4466
SPADES ACE DIAMONDS TEN,0.3476,0.0056,0.6468
SPADES JACK HEARTS JACK,0.283,0.0054,0.7116
SPADES TEN HEARTS JACK,0.5246,0.01,0.4654
SPADES QUEEN DIAMONDS TEN,0.5526,0.006,0.4414
SPADES KING DIAMONDS TEN,0.2204,0.1082,0.6714
SPADES NINE DIAMONDS SEVEN,0.5532,0.0086,0.4382
SPADES EIGHT DIAMONDS SEVEN,0.555,0.0078,0.4372
SPADES SEVEN DIAMONDS SEVEN,0.3232,0.0146,0.6622
SPADES SIX DIAMONDS SEVEN,0.5476,0.011,0.4414
HEARTS THREE DIAMONDS SEVEN,0.596,0.0118,0.3922
HEARTS KING DIAMONDS FIVE,0.2184,0.4618,0.3198
DIAMONDS QUEEN DIAMONDS SEVEN,0.5714,0.013,0.4156
HEARTS TWO DIAMONDS SEVEN,0.7366,0.0248,0.2386
HEARTS QUEEN DIAMONDS FIVE,0.5942,0.0102,0.3956
HEARTS FIVE DIAMONDS SEVEN,0.5598,0.01,0.4302
DIAMONDS ACE DIAMONDS SEVEN,0.3432,0.0044,0.6524
HEARTS FOUR DIAMONDS SEVEN,0.591,0.0092,0.3998
HEARTS ACE DIAMONDS FIVE,0.3454,0.0052,0.6494
HEARTS SEVEN DIAMONDS SEVEN,0.3328,0.0136,0.6536
HEARTS SIX DIAMONDS SEVEN,0.5434,0.0092,0.4474
DIAMONDS SEVEN HEARTS NINE,0.5608,0.0066,0.4326
HEARTS EIGHT DIAMONDS SEVEN,0.5484,0.0114,0.4402
DIAMONDS JACK DIAMONDS SEVEN,0.5558,0.008,0.4362
DIAMONDS FIVE HEARTS JACK,0.6032,0.0076,0.3892
DIAMONDS TEN DIAMONDS SEVEN,0.5462,0.0072,0.4466
HEARTS TEN DIAMONDS FIVE,0.586,0.0074,0.4066
SPADES KING CLUBS TWO,0.0106,0.9736,0.0158
HEARTS KING CLUBS KING,0.0662,0.0132,0.9206
CLUBS EIGHT DIAMONDS SEVEN,0.5542,0.0082,0.4376
SPADES QUEEN CLUBS TWO,0.7434,0.0252,0.2314
HEARTS KING CLUBS QUEEN,0.2262,0.0658,0.708
CLUBS NINE DIAMONDS SEVEN,0.5496,0.0086,0.4418
SPADES ACE CLUBS TWO,0.2238,0.0162,0.76
HEARTS KING CLUBS ACE,0.2222,0.0112,0.7666
CLUBS SEVEN CLUBS SIX,0.504,0.0084,0.4876
CLUBS EIGHT CLUBS SIX,0.527,0.0098,0.4632
SPADES THREE DIAMONDS SEVEN,0.5864,0.0094,0.4042
CLUBS NINE CLUBS SIX,0.5226,0.008,0.4694
SPADES FOUR DIAMONDS SEVEN,0.5654,0.0088,0.4258
HEARTS KING CLUBS JACK,0.241,0.0844,0.6746
SPADES FIVE DIAMONDS SEVEN,0.5618,0.0068,0.4314
CLUBS TEN HEARTS KING,0.2346,0.1194,0.646
CLUBS SIX SPADES THREE,0.5998,0.0096,0.3906
CLUBS TWO DIAMONDS SEVEN,0.7274,0.0248,0.2478
CLUBS SIX SPADES FOUR,0.5764,0.0096,0.414
CLUBS THREE DIAMONDS SEVEN,0.5888,0.0102,0.401
CLUBS SIX SPADES FIVE,0.5466,0.01,0.4434
CLUBS FOUR DIAMONDS SEVEN,0.5944,0.0102,0.3954
CLUBS SIX SPADES SIX,0.3222,0.0182,0.6596
CLUBS FIVE DIAMONDS SEVEN,0.5658,0.01,0.4242
CLUBS SIX SPADES SEVEN,0.5534,0.0096,0.437
CLUBS SIX DIAMONDS SEVEN,0.5638,0.0078,0.4284
CLUBS SIX SPADES EIGHT,0.5564,0.006,0.4376
SPADES JACK CLUBS TWO,0.7358,0.026,0.2382
CLUBS SEVEN DIAMONDS SEVEN,0.3258,0.0124,0.6618
SPADES NINE CLUBS SIX,0.5772,0.0086,0.4142
SPADES TEN CLUBS TWO,0.719,0.0288,0.2522
CLUBS TWO CLUBS QUEEN,0.684,0.0262,0.2898
CLUBS TWO CLUBS KING,0.0226,0.9002,0.0772
CLUBS THREE DIAMONDS EIGHT,0.6134,0.0082,0.3784
CLUBS TWO CLUBS ACE,0.2144,0.0124,0.7732
CLUBS TWO DIAMONDS EIGHT,0.7272,0.0346,0.2382
HEARTS SEVEN DIAMONDS EIGHT,0.5568,0.007,0.4362
HEARTS SIX DIAMONDS EIGHT,0.5634,0.0112,0.4254
DIAMONDS EIGHT HEARTS NINE,0.5526,0.0098,0.4376
CLUBS TEN CLUBS TWO,0.6844,0.026,0.2896
DIAMONDS EIGHT HEARTS EIGHT,0.3238,0.0136,0.6626
CLUBS TWO CLUBS JACK,0.679,0.0332,0.2878
CLUBS NINE DIAMONDS EIGHT,0.5492,0.0066,0.4442
CLUBS EIGHT DIAMONDS EIGHT,0.319,0.0124,0.6686
CLUBS FIVE DIAMONDS EIGHT,0.5662,0.0092,0.4246
SPADES ACE SPADES THREE,0.32,0.0048,0.6752
CLUBS FOUR DIAMONDS EIGHT,0.5888,0.0112,0.4
CLUBS SEVEN DIAMONDS EIGHT,0.5432,0.0074,0.4494
SPADES QUEEN SPADES THREE,0.5608,0.0064,0.4328
CLUBS SIX DIAMONDS EIGHT,0.5814,0.0076,0.411
SPADES KING SPADES THREE,0.2118,0.5032,0.285
DIAMONDS QUEEN DIAMONDS EIGHT,0.5378,0.01,0.4522
HEARTS TWO DIAMONDS EIGHT,0.7334,0.0338,0.2328
HEARTS THREE DIAMONDS EIGHT,0.5952,0.0088,0.396
DIAMONDS ACE DIAMONDS EIGHT,0.346,0.0064,0.6476
HEARTS FOUR DIAMONDS EIGHT,0.5976,0.0102,0.3922
HEARTS FIVE DIAMONDS EIGHT,0.577,0.0074,0.4156
DIAMONDS EIGHT DIAMONDS TEN,0.5378,0.0078,0.4544
DIAMONDS EIGHT DIAMONDS JACK,0.5446,0.0114,0.444
SPADES JACK SPADES THREE,0.5616,0.012,0.4264
SPADES TEN SPADES THREE,0.56,0.0092,0.4308
CLUBS FOUR HEARTS ACE,0.3358,0.0064,0.6578
CLUBS FOUR HEARTS QUEEN,0.5946,0.0092,0.3962
CLUBS FOUR HEARTS KING,0.2154,0.522,0.2626
CLUBS SIX HEARTS TEN,0.5894,0.0078,0.4028
CLUBS SIX HEARTS JACK,0.579,0.0088,0.4122
DIAMONDS EIGHT SPADES FOUR,0.591,0.011,0.398
SPADES FIVE DIAMONDS EIGHT,0.5762,0.009,0.4148
DIAMONDS EIGHT SPADES THREE,0.6042,0.0098,0.386
CLUBS FOUR HEARTS JACK,0.5862,0.0092,0.4046
SPADES EIGHT DIAMONDS EIGHT,0.3166,0.0136,0.6698
SPADES TEN DIAMONDS QUEEN,0.541,0.0064,0.4526
SPADES TEN HEARTS TWO,0.7206,0.0258,0.2536
SPADES JACK HEARTS EIGHT,0.5622,0.0074,0.4304
CLUBS FOUR HEARTS TEN,0.5948,0.007,0.3982
SPADES NINE DIAMONDS EIGHT,0.564,0.008,0.428
SPADES TEN HEARTS EIGHT,0.5564,0.0058,0.4378
SPADES JACK HEARTS TWO,0.7416,0.03,0.2284
SPADES JACK DIAMONDS QUEEN,0.5548,0.0062,0.439
SPADES SIX DIAMONDS EIGHT,0.5682,0.0076,0.4242
SPADES SEVEN DIAMONDS EIGHT,0.5398,0.0094,0.4508
SPADES ACE HEARTS TWO,0.2264,0.0168,0.7568
SPADES ACE DIAMONDS QUEEN,0.3424,0.007,0.6506
SPADES ACE HEARTS EIGHT,0.3514,0.0054,0.6432
SPADES KING HEARTS EIGHT,0.2218,0.2416,0.5366
SPADES QUEEN HEARTS TWO,0.7332,0.0276,0.2392
SPADES QUEEN DIAMONDS QUEEN,0.2646,0.007,0.7284
SPADES KING DIAMONDS QUEEN,0.2266,0.0678,0.7056
SPADES KING HEARTS TWO,0.01,0.973,0.017
SPADES QUEEN HEARTS EIGHT,0.5764,0.0084,0.4152
CLUBS TWO HEARTS TEN,0.7168,0.0312,0.252
CLUBS TWO HEARTS JACK,0.7352,0.0254,0.2394
SPADES SEVEN DIAMONDS NINE,0.547,0.0106,0.4424
SPADES SIX DIAMONDS NINE,0.569,0.0084,0.4226
SPADES NINE DIAMONDS NINE,0.3004,0.0102,0.6894
SPADES EIGHT DIAMONDS NINE,0.553,0.007,0.44
SPADES TEN CLUBS KING,0.2192,0.1108,0.67
DIAMONDS NINE SPADES THREE,0.6038,0.0098,0.3864
SPADES JACK CLUBS KING,0.22,0.0922,0.6878
DIAMONDS NINE SPADES FIVE,0.5844,0.0088,0.4068
DIAMONDS NINE SPADES FOUR,0.6016,0.0068,0.3916
CLUBS NINE DIAMONDS NINE,0.3098,0.0098,0.6804
CLUBS EIGHT DIAMONDS NINE,0.5534,0.0104,0.4362
CLUBS SIX DIAMONDS NINE,0.569,0.005,0.426
SPADES JACK CLUBS FOUR,0.5936,0.0074,0.399
CLUBS SEVEN DIAMONDS NINE,0.5642,0.009,0.4268
SPADES TEN CLUBS FOUR,0.603,0.0086,0.3884
CLUBS FOUR DIAMONDS NINE,0.5946,0.0084,0.397
CLUBS FIVE DIAMONDS NINE,0.586,0.0078,0.4062
DIAMONDS NINE CLUBS TWO,0.7254,0.0308,0.2438
CLUBS THREE DIAMONDS NINE,0.5996,0.0094,0.391
DIAMONDS NINE HEARTS EIGHT,0.5552,0.0062,0.4386
DIAMONDS NINE HEARTS NINE,0.3254,0.0114,0.6632
HEARTS SIX DIAMONDS NINE,0.5702,0.0064,0.4234
HEARTS SEVEN DIAMONDS NINE,0.5572,0.0084,0.4344
CLUBS NINE CLUBS EIGHT,0.5098,0.0074,0.4828
DIAMONDS ACE DIAMONDS NINE,0.335,0.005,0.66
HEARTS FOUR DIAMONDS NINE,0.602,0.0082,0.3898
HEARTS FIVE DIAMONDS NINE,0.5872,0.007,0.4058
HEARTS ACE CLUBS TWO,0.23,0.0146,0.7554
SPADES ACE CLUBS FOUR,0.3376,0.0062,0.6562
DIAMONDS QUEEN DIAMONDS NINE,0.5342,0.0072,0.4586
HEARTS TWO DIAMONDS NINE,0.73,0.0332,0.2368
CLUBS TWO HEARTS KING,0.0198,0.958,0.0222
SPADES KING CLUBS FOUR,0.2182,0.5074,0.2744
HEARTS THREE DIAMONDS NINE,0.5982,0.0114,0.3904
CLUBS TWO HEARTS QUEEN,0.738,0.0298,0.2322
SPADES QUEEN CLUBS FOUR,0.6114,0.0084,0.3802
DIAMONDS NINE DIAMONDS JACK,0.5226,0.0096,0.4678
CLUBS EIGHT SPADES NINE,0.5496,0.0062,0.4442
DIAMONDS NINE DIAMONDS TEN,0.5136,0.0106,0.4758
CLUBS EIGHT SPADES EIGHT,0.3022,0.0144,0.6834
CLUBS EIGHT SPADES SEVEN,0.5404,0.0088,0.4508
CLUBS EIGHT SPADES SIX,0.5744,0.0062,0.4194
CLUBS EIGHT SPADES FIVE,0.5678,0.0108,0.4214
CLUBS EIGHT SPADES FOUR,0.5972,0.0082,0.3946
CLUBS EIGHT SPADES THREE,0.6046,0.0098,0.3856
HEARTS SIX DIAMONDS TEN,0.579,0.0072,0.4138
HEARTS SEVEN DIAMONDS TEN,0.5664,0.0072,0.4264
DIAMONDS TEN HEARTS EIGHT,0.5568,0.0082,0.435
CLUBS FOUR CLUBS JACK,0.5532,0.0066,0.4402
DIAMONDS TEN HEARTS NINE,0.5368,0.0064,0.4568
CLUBS TEN CLUBS FOUR,0.5598,0.0078,0.4324
CLUBS FOUR CLUBS KING,0.2014,0.4804,0.3182
CLUBS FOUR CLUBS QUEEN,0.5568,0.0066,0.4366
CLUBS TWO DIAMONDS TEN,0.7344,0.0314,0.2342
CLUBS THREE DIAMONDS TEN,0.6014,0.01,0.3886
CLUBS FOUR CLUBS ACE,0.3272,0.006,0.6668
DIAMONDS JACK DIAMONDS TEN,0.5096,0.0084,0.482
DIAMONDS QUEEN DIAMONDS TEN,0.531,0.0078,0.4612
HEARTS TWO DIAMONDS TEN,0.7246,0.0334,0.242
HEARTS THREE DIAMONDS TEN,0.6068,0.0102,0.383
DIAMONDS ACE DIAMONDS TEN,0.3274,0.0052,0.6674
HEARTS FOUR DIAMONDS TEN,0.6074,0.0084,0.3842
CLUBS EIGHT HEARTS JACK,0.5652,0.0048,0.43
HEARTS FIVE DIAMONDS TEN,0.607,0.0082,0.3848
CLUBS EIGHT HEARTS TEN,0.5562,0.0062,0.4376
CLUBS EIGHT HEARTS QUEEN,0.5832,0.0048,0.412
CLUBS EIGHT HEARTS KING,0.2296,0.2312,0.5392
CLUBS EIGHT HEARTS ACE,0.351,0.0044,0.6446
CLUBS NINE SPADES THREE,0.5968,0.01,0.3932
CLUBS NINE SPADES FIVE,0.586,0.008,0.406
CLUBS NINE SPADES FOUR,0.6028,0.0096,0.3876
CLUBS NINE SPADES SEVEN,0.5562,0.0072,0.4366
CLUBS NINE SPADES SIX,0.5536,0.0072,0.4392
CLUBS NINE SPADES NINE,0.2834,0.012,0.7046
CLUBS TEN HEARTS EIGHT,0.5534,0.0058,0.4408
CLUBS NINE SPADES EIGHT,0.5516,0.0082,0.4402
HEARTS EIGHT CLUBS JACK,0.567,0.005,0.428
CLUBS QUEEN HEARTS EIGHT,0.5752,0.0072,0.4176
CLUBS KING HEARTS EIGHT,0.233,0.2384,0.5286
CLUBS ACE HEARTS EIGHT,0.3602,0.0036,0.6362
SPADES KING CLUBS KING,0.0648,0.0166,0.9186
SPADES QUEEN CLUBS KING,0.2316,0.0648,0.7036
SPADES ACE CLUBS KING,0.2168,0.0116,0.7716
DIAMONDS ACE HEARTS TEN,0.3432,0.006,0.6508
HEARTS FOUR HEARTS TEN,0.57,0.0082,0.4218
DIAMONDS ACE HEARTS JACK,0.3376,0.0046,0.6578
HEARTS FOUR HEARTS JACK,0.5654,0.009,0.4256
SPADES KING CLUBS FIVE,0.2188,0.4594,0.3218
SPADES QUEEN CLUBS FIVE,0.6046,0.009,0.3864
SPADES ACE CLUBS FIVE,0.3496,0.0052,0.6452
HEARTS SEVEN DIAMONDS JACK,0.5744,0.0078,0.4178
HEARTS SIX DIAMONDS JACK,0.5944,0.0092,0.3964
DIAMONDS JACK HEARTS NINE,0.5602,0.008,0.4318
DIAMONDS JACK HEARTS EIGHT,0.5834,0.0064,0.4102
HEARTS THREE DIAMONDS JACK,0.5962,0.0098,0.394
SPADES ACE SPADES SIX,0.3404,0.0062,0.6534
HEARTS ACE SPADES FOUR,0.3386,0.0042,0.6572
DIAMONDS QUEEN DIAMONDS JACK,0.53,0.0082,0.4618
HEARTS TWO DIAMONDS JACK,0.726,0.034,0.24
HEARTS FIVE DIAMONDS JACK,0.5998,0.0068,0.3934
SPADES QUEEN SPADES SIX,0.5516,0.0088,0.4396
SPADES FOUR HEARTS QUEEN,0.5934,0.0084,0.3982
DIAMONDS ACE DIAMONDS JACK,0.3326,0.0064,0.661
HEARTS FOUR DIAMONDS JACK,0.5878,0.0092,0.403
SPADES KING SPADES SIX,0.2168,0.3612,0.422
SPADES FOUR HEARTS KING,0.2088,0.5126,0.2786
SPADES TEN SPADES SIX,0.5602,0.0088,0.431
SPADES JACK SPADES SIX,0.551,0.0088,0.4402
SPADES FOUR DIAMONDS JACK,0.5996,0.0082,0.3922
SPADES FIVE DIAMONDS JACK,0.5958,0.0062,0.398
DIAMONDS JACK SPADES THREE,0.5986,0.0092,0.3922
SPADES ACE DIAMONDS THREE,0.3442,0.0078,0.648
SPADES QUEEN DIAMONDS THREE,0.6124,0.0086,0.379
CLUBS EIGHT DIAMONDS JACK,0.57,0.0086,0.4214
SPADES KING DIAMONDS THREE,0.2158,0.5242,0.26
CLUBS NINE DIAMONDS JACK,0.568,0.0074,0.4246
CLUBS SIX DIAMONDS JACK,0.5932,0.0104,0.3964
CLUBS SEVEN DIAMONDS JACK,0.583,0.009,0.408
CLUBS FOUR DIAMONDS JACK,0.5946,0.009,0.3964
CLUBS FIVE DIAMONDS JACK,0.5892,0.0096,0.4012
CLUBS TWO DIAMONDS JACK,0.743,0.0318,0.2252
CLUBS THREE DIAMONDS JACK,0.5916,0.0114,0.397
SPADES TEN CLUBS FIVE,0.5806,0.0082,0.4112
SPADES JACK HEARTS SIX,0.5876,0.0102,0.4022
HEARTS SIX SPADES TEN,0.5812,0.0094,0.4094
SPADES JACK CLUBS FIVE,0.5792,0.0102,0.4106
SPADES JACK DIAMONDS THREE,0.6078,0.0088,0.3834
CLUBS SEVEN CLUBS ACE,0.3308,0.0042,0.665
DIAMONDS THREE SPADES TEN,0.5872,0.0096,0.4032
CLUBS SEVEN CLUBS QUEEN,0.5344,0.0108,0.4548
CLUBS SEVEN CLUBS KING,0.2082,0.2828,0.509
SPADES NINE DIAMONDS JACK,0.5538,0.008,0.4382
CLUBS TEN CLUBS SEVEN,0.5278,0.0094,0.4628
DIAMONDS ACE HEARTS ACE,0.1022,0.0056,0.8922
HEARTS FOUR HEARTS ACE,0.329,0.0052,0.6658
SPADES EIGHT DIAMONDS JACK,0.5736,0.009,0.4174
SPADES ACE HEARTS SIX,0.342,0.0048,0.6532
CLUBS SEVEN CLUBS JACK,0.5326,0.0078,0.4596
DIAMONDS ACE HEARTS KING,0.2044,0.0148,0.7808
HEARTS FOUR HEARTS KING,0.1964,0.481,0.3226
SPADES SEVEN DIAMONDS JACK,0.572,0.0078,0.4202
SPADES KING HEARTS SIX,0.214,0.3834,0.4026
DIAMONDS ACE HEARTS QUEEN,0.3416,0.004,0.6544
HEARTS FOUR HEARTS QUEEN,0.5478,0.0076,0.4446
SPADES QUEEN HEARTS SIX,0.5922,0.0076,0.4002
SPADES SIX DIAMONDS JACK,0.6004,0.0076,0.392
SPADES THREE DIAMONDS TEN,0.601,0.008,0.391
SPADES FOUR DIAMONDS TEN,0.593,0.0116,0.3954
SPADES FIVE DIAMONDS TEN,0.598,0.0094,0.3926
SPADES SIX DIAMONDS TEN,0.5828,0.0096,0.4076
SPADES SEVEN DIAMONDS TEN,0.5656,0.0094,0.425
SPADES EIGHT DIAMONDS TEN,0.5542,0.0064,0.4394
SPADES NINE DIAMONDS TEN,0.5434,0.0082,0.4484
CLUBS FOUR DIAMONDS TEN,0.5884,0.0112,0.4004
CLUBS FIVE DIAMONDS TEN,0.5872,0.0092,0.4036
CLUBS SIX DIAMONDS TEN,0.5808,0.008,0.4112
CLUBS SEVEN DIAMONDS TEN,0.5664,0.0082,0.4254
CLUBS EIGHT DIAMONDS TEN,0.5618,0.009,0.4292
CLUBS NINE DIAMONDS TEN,0.5464,0.0076,0.446
DIAMONDS THREE CLUBS JACK,0.6108,0.0094,0.3798
CLUBS TEN DIAMONDS THREE,0.6034,0.0056,0.391
DIAMONDS THREE CLUBS KING,0.2196,0.5222,0.2582
DIAMONDS THREE CLUBS QUEEN,0.607,0.0066,0.3864
DIAMONDS THREE CLUBS ACE,0.34,0.0054,0.6546
SPADES FOUR HEARTS JACK,0.5914,0.0092,0.3994
SPADES FOUR HEARTS TEN,0.596,0.0084,0.3956
DIAMONDS QUEEN CLUBS THREE,0.6046,0.0116,0.3838
CLUBS THREE HEARTS TWO,0.7176,0.0246,0.2578
DIAMONDS QUEEN CLUBS TWO,0.7358,0.0336,0.2306
HEARTS TWO CLUBS TWO,0.3112,0.0164,0.6724
HEARTS SEVEN DIAMONDS QUEEN,0.5772,0.0074,0.4154
HEARTS SEVEN HEARTS TWO,0.683,0.0234,0.2936
HEARTS SIX DIAMONDS QUEEN,0.5944,0.009,0.3966
HEARTS SIX HEARTS TWO,0.682,0.0234,0.2946
DIAMONDS QUEEN HEARTS NINE,0.5702,0.007,0.4228
HEARTS TWO HEARTS NINE,0.6872,0.0256,0.2872
DIAMONDS QUEEN HEARTS EIGHT,0.5836,0.0086,0.4078
HEARTS TWO HEARTS EIGHT,0.6962,0.026,0.2778
CLUBS NINE HEARTS TWO,0.7322,0.0288,0.239
CLUBS NINE DIAMONDS QUEEN,0.5706,0.0062,0.4232
CLUBS EIGHT HEARTS TWO,0.7344,0.0238,0.2418
CLUBS EIGHT DIAMONDS QUEEN,0.58,0.0086,0.4114
CLUBS FIVE DIAMONDS QUEEN,0.5962,0.0098,0.394
CLUBS FIVE HEARTS TWO,0.7022,0.0254,0.2724
SPADES EIGHT HEARTS ACE,0.352,0.0056,0.6424
DIAMONDS QUEEN CLUBS FOUR,0.606,0.0096,0.3844
CLUBS FOUR HEARTS TWO,0.6996,0.0286,0.2718
CLUBS SEVEN DIAMONDS QUEEN,0.5978,0.0064,0.3958
CLUBS SEVEN HEARTS TWO,0.7332,0.0216,0.2452
SPADES EIGHT HEARTS QUEEN,0.5666,0.0056,0.4278
CLUBS SIX DIAMONDS QUEEN,0.6032,0.009,0.3878
CLUBS SIX HEARTS TWO,0.7242,0.0232,0.2526
SPADES EIGHT HEARTS KING,0.2178,0.2314,0.5508
HEARTS TWO SPADES SIX,0.7202,0.0252,0.2546
DIAMONDS QUEEN SPADES SIX,0.5872,0.0072,0.4056
HEARTS FOUR CLUBS QUEEN,0.5922,0.0102,0.3976
DIAMONDS ACE CLUBS QUEEN,0.3462,0.0052,0.6486
DIAMONDS QUEEN SPADES SEVEN,0.5814,0.0108,0.4078
SPADES SEVEN HEARTS TWO,0.7246,0.0278,0.2476
HEARTS FOUR CLUBS KING,0.2178,0.5154,0.2668
DIAMONDS ACE CLUBS KING,0.215,0.013,0.772
DIAMONDS QUEEN SPADES EIGHT,0.5908,0.0076,0.4016
SPADES EIGHT HEARTS TWO,0.7156,0.0298,0.2546
HEARTS FOUR CLUBS ACE,0.3376,0.0056,0.6568
DIAMONDS ACE CLUBS ACE,0.1058,0.006,0.8882
SPADES NINE DIAMONDS QUEEN,0.5692,0.008,0.4228
SPADES NINE HEARTS TWO,0.723,0.0282,0.2488
HEARTS TWO SPADES THREE,0.711,0.0286,0.2604
DIAMONDS QUEEN SPADES THREE,0.6154,0.01,0.3746
HEARTS TWO SPADES FOUR,0.7146,0.029,0.2564
DIAMONDS QUEEN SPADES FOUR,0.5976,0.0096,0.3928
CLUBS TEN HEARTS FOUR,0.5952,0.0074,0.3974
CLUBS TEN DIAMONDS ACE,0.3366,0.0068,0.6566
HEARTS TWO SPADES FIVE,0.7032,0.0274,0.2694
DIAMONDS QUEEN SPADES FIVE,0.6072,0.0096,0.3832
HEARTS FOUR CLUBS JACK,0.5998,0.0068,0.3934
DIAMONDS ACE CLUBS JACK,0.3416,0.0054,0.653
CLUBS FIVE CLUBS KING,0.205,0.4314,0.3636
CLUBS FIVE CLUBS QUEEN,0.5422,0.0086,0.4492
CLUBS FIVE CLUBS ACE,0.3174,0.0052,0.6774
CLUBS FIVE CLUBS JACK,0.5432,0.0078,0.449
CLUBS TEN CLUBS FIVE,0.5688,0.0074,0.4238
SPADES KING CLUBS JACK,0.229,0.081,0.69
SPADES QUEEN CLUBS JACK,0.5452,0.007,0.4478
SPADES ACE CLUBS JACK,0.3394,0.005,0.6556
SPADES SIX CLUBS KING,0.2244,0.3756,0.4
SPADES SIX CLUBS QUEEN,0.586,0.008,0.406
SPADES EIGHT HEARTS JACK,0.577,0.0044,0.4186
SPADES SIX CLUBS ACE,0.347,0.0058,0.6472
SPADES EIGHT HEARTS TEN,0.5516,0.0076,0.4408
SPADES SIX CLUBS JACK,0.5912,0.0072,0.4016
CLUBS TEN SPADES SIX,0.578,0.0062,0.4158
SPADES TEN CLUBS JACK,0.5254,0.0062,0.4684
SPADES JACK CLUBS JACK,0.2782,0.0072,0.7146
SPADES QUEEN CLUBS SEVEN,0.5754,0.0088,0.4158
SPADES KING CLUBS SEVEN,0.2178,0.3014,0.4808
SPADES ACE CLUBS SEVEN,0.3472,0.0054,0.6474
SPADES SIX HEARTS TEN,0.5792,0.0064,0.4144
SPADES SIX HEARTS JACK,0.5892,0.006,0.4048
SPADES SIX HEARTS ACE,0.3512,0.0084,0.6404
SPADES SIX HEARTS KING,0.2108,0.3806,0.4086
SPADES SIX HEARTS QUEEN,0.575,0.0076,0.4174
CLUBS SEVEN SPADES JACK,0.5734,0.0066,0.42
CLUBS SEVEN SPADES TEN,0.5594,0.0088,0.4318
CLUBS TEN HEARTS SIX,0.5746,0.006,0.4194
HEARTS SIX CLUBS JACK,0.5948,0.0076,0.3976
CLUBS ACE CLUBS JACK,0.3278,0.0054,0.6668
HEARTS SIX CLUBS QUEEN,0.5798,0.0066,0.4136
HEARTS SIX CLUBS KING,0.2214,0.3802,0.3984
HEARTS SIX CLUBS ACE,0.3638,0.0038,0.6324
CLUBS QUEEN CLUBS JACK,0.5258,0.006,0.4682
CLUBS KING CLUBS JACK,0.2214,0.0892,0.6894
DIAMONDS THREE HEARTS ACE,0.3408,0.0068,0.6524
DIAMONDS THREE HEARTS QUEEN,0.6086,0.0106,0.3808
DIAMONDS THREE HEARTS KING,0.2308,0.5062,0.263
CLUBS FIVE HEARTS JACK,0.5912,0.006,0.4028
SPADES TEN DIAMONDS ACE,0.3318,0.0048,0.6634
HEARTS FOUR SPADES TEN,0.6034,0.0078,0.3888
CLUBS FIVE HEARTS TEN,0.5948,0.0086,0.3966
HEARTS FOUR SPADES JACK,0.5776,0.0082,0.4142
SPADES JACK DIAMONDS ACE,0.3294,0.0046,0.666
SPADES ACE HEARTS FOUR,0.349,0.0044,0.6466
SPADES ACE DIAMONDS ACE,0.0984,0.0042,0.8974
CLUBS FIVE HEARTS ACE,0.3448,0.0076,0.6476
CLUBS FIVE HEARTS KING,0.2244,0.4466,0.329
HEARTS FOUR SPADES QUEEN,0.5986,0.0094,0.392
SPADES QUEEN DIAMONDS ACE,0.3466,0.0058,0.6476
SPADES FOUR CLUBS JACK,0.5828,0.01,0.4072
CLUBS FIVE HEARTS QUEEN,0.59,0.0088,0.4012
SPADES KING DIAMONDS ACE,0.2032,0.0136,0.7832
SPADES KING HEARTS FOUR,0.2072,0.522,0.2708
CLUBS TEN SPADES FOUR,0.582,0.008,0.41
DIAMONDS ACE DIAMONDS QUEEN,0.3274,0.006,0.6666
DIAMONDS ACE HEARTS TWO,0.227,0.0178,0.7552
HEARTS FOUR DIAMONDS QUEEN,0.6086,0.0098,0.3816
HEARTS FOUR HEARTS TWO,0.6702,0.0234,0.3064
DIAMONDS THREE HEARTS TEN,0.616,0.0106,0.3734
SPADES FOUR CLUBS KING,0.2098,0.5168,0.2734
HEARTS FIVE DIAMONDS QUEEN,0.591,0.0072,0.4018
HEARTS FIVE HEARTS TWO,0.6664,0.0246,0.309
DIAMONDS THREE HEARTS JACK,0.5954,0.0078,0.3968
SPADES FOUR CLUBS QUEEN,0.6122,0.0074,0.3804
DIAMONDS QUEEN HEARTS TWO,0.744,0.0292,0.2268
DIAMONDS QUEEN HEARTS THREE,0.609,0.0088,0.3822
HEARTS THREE HEARTS TWO,0.6768,0.025,0.2982
SPADES FOUR CLUBS ACE,0.3532,0.0046,0.6422
HEARTS TWO CLUBS ACE,0.2422,0.016,0.7418
DIAMONDS QUEEN CLUBS ACE,0.358,0.006,0.636
HEARTS TWO CLUBS QUEEN,0.7308,0.0274,0.2418
DIAMONDS QUEEN CLUBS QUEEN,0.2836,0.0042,0.7122
HEARTS TWO CLUBS KING,0.0222,0.9592,0.0186
DIAMONDS QUEEN CLUBS KING,0.2424,0.0612,0.6964
SPADES EIGHT SPADES FIVE,0.5496,0.0082,0.4422
CLUBS TEN HEARTS TWO,0.722,0.031,0.247
CLUBS TEN DIAMONDS QUEEN,0.5654,0.0094,0.4252
SPADES NINE SPADES FIVE,0.5504,0.0094,0.4402
HEARTS TWO CLUBS JACK,0.73,0.0314,0.2386
DIAMONDS QUEEN CLUBS JACK,0.5512,0.0094,0.4394
SPADES SIX SPADES FIVE,0.529,0.0072,0.4638
SPADES SEVEN SPADES FIVE,0.5348,0.0084,0.4568
DIAMONDS FIVE CLUBS QUEEN,0.5992,0.008,0.3928
SPADES EIGHT CLUBS ACE,0.365,0.0022,0.6328
DIAMONDS FIVE CLUBS KING,0.221,0.4486,0.3304
SPADES EIGHT CLUBS KING,0.225,0.2172,0.5578
CLUBS ACE DIAMONDS FIVE,0.3396,0.0058,0.6546
SPADES EIGHT CLUBS QUEEN,0.5792,0.0072,0.4136
SPADES EIGHT CLUBS JACK,0.559,0.0076,0.4334
CLUBS TEN SPADES EIGHT,0.5444,0.0086,0.447
CLUBS TEN DIAMONDS FIVE,0.6046,0.0078,0.3876
DIAMONDS FIVE CLUBS JACK,0.5998,0.009,0.3912
DIAMONDS TEN HEARTS JACK,0.545,0.0088,0.4462
DIAMONDS TEN HEARTS TEN,0.2932,0.0058,0.701
SPADES ACE CLUBS NINE,0.3634,0.0046,0.632
CLUBS NINE SPADES QUEEN,0.571,0.006,0.423
CLUBS NINE SPADES KING,0.2276,0.1656,0.6068
HEARTS SIX HEARTS KING,0.209,0.3596,0.4314
HEARTS THREE SPADES SEVEN,0.5782,0.008,0.4138
SPADES KING DIAMONDS SEVEN,0.2128,0.308,0.4792
HEARTS SIX HEARTS QUEEN,0.5454,0.0072,0.4474
SPADES QUEEN DIAMONDS SEVEN,0.5924,0.0058,0.4018
HEARTS THREE SPADES SIX,0.5776,0.0106,0.4118
SPADES NINE HEARTS THREE,0.5956,0.0086,0.3958
HEARTS SIX HEARTS ACE,0.3322,0.007,0.6608
SPADES EIGHT HEARTS THREE,0.6068,0.0092,0.384
SPADES ACE DIAMONDS SEVEN,0.3412,0.0056,0.6532
