opposingHand,winningChance,drawChance,lostChance
DIAMONDS THREE DIAMONDS JACK
CLUBS SIX DIAMONDS EIGHT,0.5568,0.0166,0.4266
DIAMONDS FOUR SPADES FOUR,0.3446,0.0566,0.5988
SPADES NINE SPADES EIGHT,0.5316,0.0152,0.4532
CLUBS SEVEN DIAMONDS QUEEN,0.391,0.0124,0.5966
SPADES FOUR HEARTS QUEEN,0.4098,0.0122,0.578
CLUBS FIVE HEARTS ACE,0.3844,0.0048,0.6108
CLUBS EIGHT SPADES EIGHT,0.3302,0.032,0.6378
SPADES KING CLUBS SIX,0.4074,0.01,0.5826
DIAMONDS FOUR CLUBS NINE,0.6038,0.0188,0.3774
SPADES NINE DIAMONDS NINE,0.3274,0.027,0.6456
SPADES QUEEN SPADES SIX,0.3802,0.0102,0.6096
HEARTS SEVEN HEARTS TWO,0.6114,0.0176,0.371
CLUBS TWO CLUBS KING,0.3974,0.0098,0.5928
CLUBS JACK SPADES TWO,0.3006,0.4898,0.2096
CLUBS FIVE SPADES FOUR,0.5746,0.0188,0.4066
HEARTS FIVE DIAMONDS ACE,0.3684,0.0044,0.6272
SPADES SIX DIAMONDS KING,0.4008,0.0074,0.5918
CLUBS FIVE DIAMONDS FIVE,0.3448,0.0456,0.6096
SPADES KING CLUBS SEVEN,0.405,0.0072,0.5878
HEARTS FOUR SPADES EIGHT,0.6028,0.0182,0.379
HEARTS FOUR SPADES FOUR,0.3398,0.0522,0.608
HEARTS SIX HEARTS TEN,0.5734,0.0168,0.4098
HEARTS SEVEN HEARTS THREE,0.669,0.0452,0.2858
SPADES TEN DIAMONDS EIGHT,0.5718,0.0168,0.4114
HEARTS FOUR HEARTS KING,0.37,0.0066,0.6234
CLUBS EIGHT CLUBS ACE,0.3762,0.0054,0.6184
HEARTS SEVEN HEARTS FOUR,0.5618,0.018,0.4202
DIAMONDS FOUR SPADES FIVE,0.5788,0.0226,0.3986
CLUBS TEN CLUBS QUEEN,0.357,0.009,0.634
HEARTS TWO DIAMONDS FIVE,0.632,0.0202,0.3478
SPADES NINE SPADES THREE,0.6846,0.0516,0.2638
SPADES KING CLUBS ACE,0.3624,0.0032,0.6344
SPADES QUEEN CLUBS TWO,0.4218,0.0102,0.568
HEARTS FOUR CLUBS SIX,0.5938,0.0144,0.3918
DIAMONDS TWO CLUBS SEVEN,0.6286,0.0194,0.352
CLUBS FIVE DIAMONDS SIX,0.5746,0.0178,0.4076
DIAMONDS FOUR DIAMONDS FIVE,0.5688,0.0184,0.4128
CLUBS TEN DIAMONDS SEVEN,0.5734,0.021,0.4056
DIAMONDS ACE DIAMONDS FIVE,0.342,0.0062,0.6518
SPADES QUEEN HEARTS NINE,0.3774,0.0114,0.6112
SPADES ACE DIAMONDS SEVEN,0.386,0.0036,0.6104
CLUBS SEVEN DIAMONDS EIGHT,0.5574,0.0192,0.4234
HEARTS SIX DIAMONDS FIVE,0.5618,0.0214,0.4168
SPADES JACK DIAMONDS SIX,0.2598,0.366,0.3742
DIAMONDS TEN CLUBS ACE,0.3808,0.0062,0.613
CLUBS TEN CLUBS THREE,0.6794,0.0576,0.263
HEARTS SEVEN CLUBS NINE,0.5826,0.0184,0.399
SPADES KING CLUBS FIVE,0.4082,0.0084,0.5834
CLUBS JACK HEARTS TWO,0.3018,0.4936,0.2046
SPADES TEN SPADES NINE,0.5308,0.019,0.4502
HEARTS FIVE SPADES NINE,0.6112,0.0198,0.369
CLUBS FOUR DIAMONDS SEVEN,0.5938,0.0228,0.3834
SPADES TEN SPADES EIGHT,0.5216,0.016,0.4624
CLUBS FIVE SPADES SIX,0.586,0.021,0.393
SPADES FIVE HEARTS TEN,0.6218,0.0194,0.3588
CLUBS TEN HEARTS SEVEN,0.585,0.0182,0.3968
SPADES JACK SPADES EIGHT,0.2482,0.2004,0.5514
DIAMONDS FOUR HEARTS FIVE,0.558,0.023,0.419
CLUBS JACK SPADES JACK,0.132,0.0348,0.8332
CLUBS JACK CLUBS TWO,0.2872,0.4664,0.2464
SPADES SIX DIAMONDS NINE,0.5918,0.0204,0.3878
HEARTS EIGHT CLUBS TEN,0.5878,0.0128,0.3994
SPADES TEN CLUBS THREE,0.714,0.0618,0.2242
HEARTS ACE HEARTS TEN,0.3564,0.004,0.6396
HEARTS EIGHT HEARTS QUEEN,0.367,0.012,0.621
HEARTS FOUR DIAMONDS NINE,0.6048,0.0222,0.373
HEARTS JACK DIAMONDS SIX,0.2636,0.3542,0.3822
SPADES KING HEARTS NINE,0.3926,0.0086,0.5988
DIAMONDS TEN HEARTS QUEEN,0.364,0.0096,0.6264
SPADES KING DIAMONDS TWO,0.4216,0.0076,0.5708
CLUBS FOUR HEARTS KING,0.4092,0.0064,0.5844
HEARTS EIGHT CLUBS FOUR,0.6112,0.0188,0.37
DIAMONDS ACE DIAMONDS TEN,0.3266,0.0078,0.6656
SPADES TEN HEARTS QUEEN,0.3848,0.0098,0.6054
SPADES SEVEN CLUBS ACE,0.4,0.004,0.596
HEARTS EIGHT CLUBS THREE,0.7186,0.0488,0.2326
DIAMONDS NINE HEARTS TEN,0.563,0.0166,0.4204
SPADES THREE CLUBS QUEEN,0.2928,0.0368,0.6704
DIAMONDS ACE SPADES THREE,0.267,0.0242,0.7088
SPADES KING SPADES SIX,0.3882,0.008,0.6038
HEARTS SEVEN SPADES THREE,0.7028,0.0528,0.2444
CLUBS SEVEN CLUBS FOUR,0.5514,0.0198,0.4288
HEARTS THREE DIAMONDS KING,0.2538,0.0342,0.712
DIAMONDS KING SPADES THREE,0.2672,0.0308,0.702
HEARTS SIX SPADES THREE,0.7034,0.0474,0.2492
CLUBS TEN CLUBS TWO,0.6106,0.0206,0.3688
SPADES QUEEN DIAMONDS QUEEN,0.163,0.0106,0.8264
HEARTS EIGHT CLUBS NINE,0.5642,0.0162,0.4196
DIAMONDS NINE CLUBS ACE,0.381,0.005,0.614
CLUBS NINE SPADES JACK,0.2776,0.1542,0.5682
SPADES NINE HEARTS KING,0.3998,0.0068,0.5934
DIAMONDS ACE CLUBS ACE,0.1486,0.005,0.8464
HEARTS SEVEN CLUBS FIVE,0.5982,0.02,0.3818
CLUBS THREE HEARTS JACK,0.0738,0.9038,0.0224
CLUBS FOUR SPADES THREE,0.6916,0.0538,0.2546
HEARTS THREE CLUBS TWO,0.6884,0.0576,0.254
DIAMONDS SEVEN HEARTS NINE,0.5652,0.0192,0.4156
HEARTS SEVEN SPADES TEN,0.5908,0.0168,0.3924
SPADES SEVEN DIAMONDS NINE,0.5674,0.018,0.4146
CLUBS NINE CLUBS ACE,0.3842,0.0042,0.6116
HEARTS EIGHT SPADES JACK,0.2702,0.2146,0.5152
CLUBS EIGHT HEARTS NINE,0.564,0.0172,0.4188
CLUBS SIX CLUBS FOUR,0.5662,0.0178,0.416
DIAMONDS EIGHT DIAMONDS SIX,0.5468,0.02,0.4332
SPADES NINE HEARTS QUEEN,0.3814,0.0088,0.6098
CLUBS TEN SPADES EIGHT,0.5766,0.0186,0.4048
SPADES FIVE DIAMONDS SEVEN,0.5732,0.0196,0.4072
DIAMONDS TEN SPADES THREE,0.713,0.0542,0.2328
SPADES SEVEN SPADES FIVE,0.557,0.0166,0.4264
CLUBS SEVEN SPADES TWO,0.644,0.0202,0.3358
DIAMONDS FOUR SPADES SIX,0.594,0.0192,0.3868
DIAMONDS FOUR HEARTS TWO,0.6272,0.0226,0.3502
SPADES TEN DIAMONDS ACE,0.371,0.0066,0.6224
SPADES EIGHT HEARTS TWO,0.6402,0.0232,0.3366
CLUBS ACE DIAMONDS FIVE,0.3732,0.0068,0.62
HEARTS EIGHT DIAMONDS TWO,0.639,0.0208,0.3402
HEARTS SIX HEARTS KING,0.3822,0.0082,0.6096
DIAMONDS SIX DIAMONDS FIVE,0.5768,0.0206,0.4026
HEARTS FOUR CLUBS FOUR,0.348,0.0492,0.6028
SPADES SEVEN HEARTS ACE,0.3946,0.004,0.6014
SPADES FIVE DIAMONDS NINE,0.5886,0.0176,0.3938
CLUBS TEN DIAMONDS NINE,0.5414,0.0176,0.441
DIAMONDS KING HEARTS TEN,0.3596,0.01,0.6304
DIAMONDS KING SPADES TWO,0.398,0.0078,0.5942
CLUBS TEN HEARTS FIVE,0.6154,0.0198,0.3648
HEARTS ACE HEARTS JACK,0.2472,0.0208,0.732
SPADES KING CLUBS TEN,0.3754,0.0046,0.62
CLUBS NINE HEARTS KING,0.393,0.0064,0.6006
SPADES NINE SPADES SIX,0.559,0.0164,0.4246
HEARTS FOUR SPADES TWO,0.6332,0.0204,0.3464
HEARTS SIX CLUBS ACE,0.406,0.0048,0.5892
CLUBS THREE DIAMONDS FIVE,0.6776,0.0526,0.2698
SPADES NINE DIAMONDS QUEEN,0.3674,0.0114,0.6212
HEARTS KING SPADES TWO,0.4394,0.01,0.5506
HEARTS TEN CLUBS QUEEN,0.363,0.0094,0.6276
HEARTS TWO HEARTS NINE,0.605,0.017,0.378
SPADES EIGHT HEARTS JACK,0.2696,0.208,0.5224
CLUBS TEN HEARTS SIX,0.6048,0.0158,0.3794
CLUBS TEN DIAMONDS TWO,0.6396,0.021,0.3394
DIAMONDS KING DIAMONDS FIVE,0.342,0.0116,0.6464
CLUBS SIX DIAMONDS SEVEN,0.572,0.0168,0.4112
SPADES THREE DIAMONDS NINE,0.7158,0.0578,0.2264
HEARTS SIX HEARTS QUEEN,0.3616,0.0128,0.6256
HEARTS FOUR DIAMONDS FIVE,0.575,0.0224,0.4026
CLUBS JACK CLUBS SEVEN,0.268,0.2642,0.4678
HEARTS KING DIAMONDS FIVE,0.3886,0.009,0.6024
HEARTS THREE CLUBS THREE,0.3276,0.0384,0.634
HEARTS SIX HEARTS FOUR,0.5508,0.0208,0.4284
SPADES TWO HEARTS QUEEN,0.4382,0.0118,0.55
CLUBS FIVE HEARTS QUEEN,0.3916,0.0098,0.5986
HEARTS TWO CLUBS FOUR,0.6264,0.0204,0.3532
SPADES EIGHT SPADES THREE,0.683,0.055,0.262
SPADES ACE CLUBS ACE,0.1692,0.0034,0.8274
SPADES FIVE HEARTS JACK,0.2642,0.426,0.3098
SPADES TEN DIAMONDS SEVEN,0.5756,0.0176,0.4068
SPADES EIGHT CLUBS KING,0.4082,0.0082,0.5836
CLUBS JACK SPADES NINE,0.2736,0.1632,0.5632
SPADES ACE HEARTS ACE,0.1708,0.0034,0.8258
SPADES NINE DIAMONDS FIVE,0.5934,0.0166,0.39
CLUBS JACK CLUBS FOUR,0.2536,0.4658,0.2806
SPADES KING SPADES JACK,0.2616,0.0264,0.712
DIAMONDS QUEEN SPADES FOUR,0.3864,0.012,0.6016
HEARTS THREE CLUBS KING,0.2906,0.0346,0.6748
SPADES TWO DIAMONDS SEVEN,0.6436,0.0232,0.3332
SPADES KING DIAMONDS EIGHT,0.3872,0.0098,0.603
SPADES SEVEN CLUBS THREE,0.6968,0.0554,0.2478
DIAMONDS ACE SPADES FIVE,0.3802,0.0052,0.6146
DIAMONDS TWO SPADES NINE,0.6446,0.0182,0.3372
CLUBS JACK CLUBS SIX,0.2628,0.3352,0.402
HEARTS SEVEN SPADES FIVE,0.5884,0.017,0.3946
SPADES ACE HEARTS NINE,0.407,0.0058,0.5872
HEARTS QUEEN DIAMONDS EIGHT,0.3848,0.0116,0.6036
HEARTS FIVE CLUBS SIX,0.5772,0.0182,0.4046
SPADES SEVEN HEARTS NINE,0.5804,0.015,0.4046
SPADES QUEEN CLUBS SEVEN,0.4006,0.0104,0.589
DIAMONDS QUEEN SPADES TWO,0.4264,0.0144,0.5592
HEARTS FIVE HEARTS KING,0.3776,0.0072,0.6152
HEARTS FIVE HEARTS NINE,0.5598,0.018,0.4222
HEARTS FIVE SPADES FOUR,0.5842,0.0188,0.397
HEARTS FOUR CLUBS TWO,0.637,0.02,0.343
HEARTS KING DIAMONDS EIGHT,0.4026,0.0068,0.5906
DIAMONDS ACE HEARTS JACK,0.251,0.0234,0.7256
SPADES JACK CLUBS ACE,0.262,0.0232,0.7148
SPADES SEVEN DIAMONDS QUEEN,0.383,0.0112,0.6058
CLUBS SIX HEARTS JACK,0.2602,0.3722,0.3676
CLUBS SEVEN CLUBS KING,0.3926,0.0108,0.5966
DIAMONDS TWO DIAMONDS NINE,0.6278,0.0216,0.3506
DIAMONDS TWO HEARTS QUEEN,0.421,0.0124,0.5666
SPADES JACK HEARTS JACK,0.1406,0.035,0.8244
SPADES SEVEN CLUBS KING,0.4026,0.006,0.5914
SPADES THREE DIAMONDS SIX,0.6914,0.0582,0.2504
SPADES EIGHT CLUBS ACE,0.3976,0.0028,0.5996
HEARTS THREE SPADES THREE,0.3344,0.039,0.6266
CLUBS KING CLUBS QUEEN,0.3326,0.0066,0.6608
DIAMONDS KING HEARTS QUEEN,0.338,0.0062,0.6558
HEARTS FIVE HEARTS JACK,0.2628,0.4016,0.3356
SPADES ACE CLUBS NINE,0.397,0.0068,0.5962
CLUBS SEVEN SPADES FOUR,0.5946,0.0186,0.3868
HEARTS JACK HEARTS NINE,0.2592,0.15,0.5908
DIAMONDS FOUR CLUBS FIVE,0.5742,0.0224,0.4034
SPADES EIGHT CLUBS THREE,0.7158,0.0582,0.226
DIAMONDS TWO CLUBS FIVE,0.6268,0.0228,0.3504
HEARTS FOUR CLUBS THREE,0.679,0.0576,0.2634
HEARTS ACE HEARTS QUEEN,0.3356,0.0066,0.6578
HEARTS EIGHT HEARTS SIX,0.54,0.0206,0.4394
CLUBS JACK DIAMONDS TEN,0.2536,0.1144,0.632
SPADES FIVE HEARTS QUEEN,0.4074,0.011,0.5816
CLUBS FOUR CLUBS THREE,0.6516,0.0538,0.2946
SPADES EIGHT SPADES SEVEN,0.529,0.0202,0.4508
HEARTS SEVEN SPADES EIGHT,0.5628,0.0164,0.4208
CLUBS TWO HEARTS QUEEN,0.4352,0.0138,0.551
CLUBS TWO HEARTS NINE,0.6508,0.0182,0.331
SPADES ACE HEARTS EIGHT,0.3846,0.0038,0.6116
CLUBS JACK SPADES QUEEN,0.27,0.0434,0.6866
CLUBS SIX SPADES SEVEN,0.5808,0.0182,0.401
HEARTS TWO DIAMONDS SIX,0.6254,0.0222,0.3524
SPADES NINE CLUBS ACE,0.4,0.0044,0.5956
CLUBS NINE HEARTS TEN,0.5682,0.015,0.4168
CLUBS FIVE DIAMONDS TEN,0.6124,0.02,0.3676
HEARTS ACE DIAMONDS TEN,0.3712,0.0038,0.625
CLUBS JACK CLUBS TEN,0.258,0.1098,0.6322
SPADES QUEEN SPADES TEN,0.3478,0.0092,0.643
CLUBS SIX HEARTS TEN,0.6122,0.019,0.3688
CLUBS TWO DIAMONDS NINE,0.6238,0.0194,0.3568
HEARTS FOUR HEARTS NINE,0.5762,0.0152,0.4086
SPADES NINE DIAMONDS SEVEN,0.5712,0.0158,0.413
DIAMONDS TWO HEARTS ACE,0.4044,0.0048,0.5908
CLUBS KING HEARTS TEN,0.3842,0.0074,0.6084
SPADES ACE HEARTS QUEEN,0.3586,0.0048,0.6366
SPADES TEN HEARTS FOUR,0.6178,0.017,0.3652
HEARTS EIGHT HEARTS TWO,0.6054,0.0198,0.3748
SPADES FIVE CLUBS ACE,0.4068,0.0034,0.5898
CLUBS TEN SPADES TEN,0.3246,0.0218,0.6536
SPADES FOUR HEARTS NINE,0.6136,0.0214,0.365
SPADES KING SPADES TWO,0.404,0.0094,0.5866
HEARTS EIGHT SPADES THREE,0.7162,0.05,0.2338
CLUBS SIX DIAMONDS QUEEN,0.3924,0.0104,0.5972
DIAMONDS ACE HEARTS KING,0.3622,0.0048,0.633
SPADES TEN DIAMONDS KING,0.37,0.0064,0.6236
CLUBS THREE SPADES FIVE,0.6712,0.0516,0.2772
HEARTS TWO SPADES FOUR,0.6232,0.02,0.3568
SPADES QUEEN DIAMONDS KING,0.3478,0.0064,0.6458
DIAMONDS FOUR SPADES JACK,0.252,0.4906,0.2574
HEARTS SIX DIAMONDS NINE,0.5884,0.0162,0.3954
SPADES QUEEN SPADES TWO,0.4178,0.0108,0.5714
CLUBS TWO HEARTS JACK,0.3064,0.4818,0.2118
HEARTS THREE DIAMONDS NINE,0.7258,0.0568,0.2174
HEARTS SIX HEARTS ACE,0.377,0.0048,0.6182
HEARTS TWO HEARTS KING,0.3982,0.0096,0.5922
SPADES KING DIAMONDS FIVE,0.3924,0.0076,0.6
SPADES TEN HEARTS THREE,0.716,0.0548,0.2292
SPADES SEVEN CLUBS TWO,0.637,0.0198,0.3432
DIAMONDS SEVEN DIAMONDS FIVE,0.5662,0.0208,0.413
SPADES ACE SPADES THREE,0.2604,0.0166,0.723
CLUBS SEVEN DIAMONDS TEN,0.5852,0.0174,0.3974
CLUBS NINE DIAMONDS EIGHT,0.557,0.0154,0.4276
CLUBS SIX HEARTS ACE,0.3938,0.0042,0.602
CLUBS ACE DIAMONDS SEVEN,0.394,0.005,0.601
HEARTS THREE DIAMONDS SIX,0.6958,0.055,0.2492
DIAMONDS FOUR CLUBS EIGHT,0.5942,0.0192,0.3866
SPADES THREE SPADES TWO,0.6584,0.0544,0.2872
CLUBS THREE DIAMONDS TEN,0.7208,0.0574,0.2218
CLUBS TEN SPADES FOUR,0.61,0.0196,0.3704
DIAMONDS FOUR SPADES TWO,0.6168,0.022,0.3612
HEARTS SIX CLUBS KING,0.408,0.0094,0.5826
SPADES ACE HEARTS SIX,0.3998,0.006,0.5942
CLUBS FOUR HEARTS QUEEN,0.4,0.0104,0.5896
HEARTS SIX CLUBS QUEEN,0.4058,0.0126,0.5816
CLUBS JACK DIAMONDS KING,0.2686,0.0284,0.703
HEARTS SEVEN DIAMONDS SIX,0.5742,0.0182,0.4076
CLUBS FOUR DIAMONDS QUEEN,0.3786,0.0142,0.6072
HEARTS KING HEARTS NINE,0.3646,0.007,0.6284
DIAMONDS TWO DIAMONDS QUEEN,0.372,0.0148,0.6132
CLUBS JACK DIAMONDS EIGHT,0.2642,0.2016,0.5342
CLUBS THREE CLUBS ACE,0.2684,0.0212,0.7104
SPADES TEN CLUBS FIVE,0.6088,0.0244,0.3668
CLUBS NINE CLUBS KING,0.3604,0.006,0.6336
CLUBS JACK HEARTS ACE,0.2682,0.0168,0.715
DIAMONDS FOUR DIAMONDS NINE,0.6092,0.0192,0.3716
DIAMONDS ACE SPADES SIX,0.384,0.0056,0.6104
SPADES THREE HEARTS TEN,0.7176,0.059,0.2234
HEARTS SIX SPADES SEVEN,0.578,0.018,0.404
SPADES ACE DIAMONDS ACE,0.1588,0.0032,0.838
CLUBS TEN DIAMONDS SIX,0.587,0.0198,0.3932
HEARTS SIX CLUBS FIVE,0.594,0.0194,0.3866
SPADES FIVE SPADES TWO,0.5942,0.0236,0.3822
HEARTS THREE CLUBS ACE,0.2816,0.0168,0.7016
DIAMONDS FOUR DIAMONDS EIGHT,0.5828,0.0204,0.3968
CLUBS NINE DIAMONDS NINE,0.3188,0.0262,0.655
HEARTS SIX DIAMONDS QUEEN,0.3864,0.0102,0.6034
CLUBS QUEEN DIAMONDS FIVE,0.3902,0.0086,0.6012
CLUBS JACK DIAMONDS FOUR,0.2344,0.5098,0.2558
DIAMONDS ACE HEARTS NINE,0.3856,0.007,0.6074
SPADES QUEEN SPADES JACK,0.248,0.0412,0.7108
SPADES KING SPADES SEVEN,0.3804,0.0082,0.6114
HEARTS SIX HEARTS TWO,0.6024,0.0166,0.381
HEARTS SIX SPADES EIGHT,0.5734,0.0148,0.4118
SPADES ACE CLUBS JACK,0.2666,0.0222,0.7112
HEARTS SIX DIAMONDS ACE,0.3808,0.0048,0.6144
CLUBS TEN SPADES NINE,0.5656,0.0142,0.4202
SPADES EIGHT HEARTS KING,0.4046,0.0078,0.5876
SPADES FOUR HEARTS ACE,0.386,0.0068,0.6072
SPADES KING SPADES NINE,0.3634,0.0064,0.6302
SPADES JACK HEARTS KING,0.282,0.0274,0.6906
DIAMONDS TEN HEARTS TEN,0.3204,0.022,0.6576
HEARTS EIGHT SPADES FOUR,0.6046,0.0164,0.379
SPADES ACE SPADES TWO,0.3958,0.0034,0.6008
CLUBS EIGHT SPADES SIX,0.5886,0.0146,0.3968
SPADES QUEEN HEARTS FIVE,0.3956,0.0098,0.5946
DIAMONDS KING HEARTS NINE,0.3604,0.0078,0.6318
HEARTS FOUR DIAMONDS KING,0.3862,0.0074,0.6064
CLUBS JACK HEARTS NINE,0.286,0.1562,0.5578
CLUBS SEVEN SPADES NINE,0.573,0.0168,0.4102
HEARTS EIGHT CLUBS EIGHT,0.3236,0.0364,0.64
HEARTS SEVEN SPADES SEVEN,0.3396,0.036,0.6244
SPADES JACK HEARTS QUEEN,0.2626,0.0386,0.6988
SPADES NINE DIAMONDS KING,0.3724,0.0106,0.617
CLUBS TEN SPADES FIVE,0.6084,0.0192,0.3724
CLUBS THREE SPADES TWO,0.6946,0.058,0.2474
CLUBS THREE DIAMONDS KING,0.2666,0.031,0.7024
HEARTS TWO DIAMONDS NINE,0.6402,0.0196,0.3402
SPADES JACK DIAMONDS ACE,0.2454,0.0224,0.7322
HEARTS FOUR CLUBS KING,0.4024,0.007,0.5906
SPADES ACE HEARTS FOUR,0.3904,0.0054,0.6042
CLUBS THREE CLUBS QUEEN,0.2748,0.0388,0.6864
SPADES QUEEN HEARTS KING,0.3554,0.0044,0.6402
DIAMONDS FOUR SPADES KING,0.3942,0.0072,0.5986
DIAMONDS QUEEN SPADES THREE,0.2572,0.0438,0.699
HEARTS EIGHT SPADES QUEEN,0.3932,0.0094,0.5974
CLUBS TEN SPADES JACK,0.2794,0.1148,0.6058
HEARTS FIVE DIAMONDS TEN,0.6178,0.0154,0.3668
HEARTS EIGHT DIAMONDS FIVE,0.5948,0.0188,0.3864
HEARTS THREE HEARTS NINE,0.678,0.0566,0.2654
SPADES TEN DIAMONDS QUEEN,0.3552,0.0106,0.6342
CLUBS SEVEN SPADES EIGHT,0.5694,0.012,0.4186
SPADES SIX CLUBS QUEEN,0.3956,0.0092,0.5952
SPADES ACE HEARTS TWO,0.419,0.0054,0.5756
SPADES EIGHT CLUBS FIVE,0.6102,0.0166,0.3732
SPADES KING HEARTS THREE,0.2968,0.032,0.6712
CLUBS FIVE SPADES THREE,0.6824,0.0564,0.2612
SPADES ACE HEARTS JACK,0.2718,0.0176,0.7106
CLUBS JACK CLUBS FIVE,0.2374,0.415,0.3476
SPADES THREE DIAMONDS EIGHT,0.7178,0.0506,0.2316
SPADES QUEEN CLUBS THREE,0.2834,0.0428,0.6738
CLUBS SIX DIAMONDS FIVE,0.5732,0.0228,0.404
HEARTS SEVEN HEARTS KING,0.3684,0.0068,0.6248
SPADES FOUR DIAMONDS SIX,0.5936,0.0244,0.382
HEARTS SEVEN HEARTS QUEEN,0.3832,0.012,0.6048
DIAMONDS FOUR CLUBS ACE,0.39,0.006,0.604
SPADES KING DIAMONDS SEVEN,0.3938,0.009,0.5972
SPADES QUEEN DIAMONDS SEVEN,0.3812,0.0118,0.607
SPADES KING HEARTS JACK,0.2736,0.0322,0.6942
DIAMONDS KING CLUBS QUEEN,0.3378,0.0072,0.655
CLUBS JACK SPADES FIVE,0.256,0.4398,0.3042
DIAMONDS TWO SPADES JACK,0.2924,0.4884,0.2192
HEARTS FOUR HEARTS ACE,0.3678,0.0056,0.6266
SPADES JACK CLUBS EIGHT,0.2746,0.209,0.5164
HEARTS SEVEN SPADES SIX,0.5612,0.0188,0.42
SPADES JACK SPADES SIX,0.259,0.336,0.405
SPADES FOUR SPADES THREE,0.6338,0.0574,0.3088
SPADES TEN CLUBS QUEEN,0.3666,0.012,0.6214
DIAMONDS TWO HEARTS NINE,0.6416,0.0198,0.3386
DIAMONDS KING DIAMONDS TEN,0.3232,0.0092,0.6676
CLUBS FIVE CLUBS FOUR,0.5426,0.02,0.4374
HEARTS THREE HEARTS KING,0.2682,0.0312,0.7006
HEARTS FOUR SPADES SEVEN,0.6006,0.021,0.3784
HEARTS TWO DIAMONDS QUEEN,0.425,0.0154,0.5596
CLUBS SIX HEARTS QUEEN,0.4026,0.0084,0.589
SPADES JACK CLUBS SEVEN,0.2646,0.285,0.4504
CLUBS TWO HEARTS KING,0.4288,0.0092,0.562
DIAMONDS FOUR CLUBS FOUR,0.3354,0.0516,0.613
DIAMONDS FOUR HEARTS QUEEN,0.39,0.0102,0.5998
HEARTS SEVEN HEARTS FIVE,0.5478,0.018,0.4342
SPADES SEVEN DIAMONDS EIGHT,0.557,0.0196,0.4234
CLUBS TWO DIAMONDS FIVE,0.616,0.0212,0.3628
SPADES QUEEN CLUBS SIX,0.394,0.0086,0.5974
SPADES FOUR DIAMONDS FIVE,0.5696,0.0242,0.4062
CLUBS EIGHT CLUBS QUEEN,0.3594,0.01,0.6306
SPADES JACK DIAMONDS NINE,0.2578,0.1678,0.5744
SPADES FIVE DIAMONDS QUEEN,0.3834,0.0144,0.6022
DIAMONDS FOUR SPADES EIGHT,0.602,0.0168,0.3812
SPADES FOUR DIAMONDS NINE,0.6084,0.0152,0.3764
DIAMONDS EIGHT DIAMONDS SEVEN,0.5482,0.0178,0.434
SPADES TEN CLUBS FOUR,0.6172,0.0176,0.3652
DIAMONDS FOUR CLUBS SEVEN,0.6112,0.0186,0.3702
HEARTS FOUR SPADES THREE,0.692,0.0498,0.2582
CLUBS THREE SPADES FOUR,0.6924,0.0532,0.2544
CLUBS SIX CLUBS QUEEN,0.392,0.0106,0.5974
SPADES SEVEN SPADES FOUR,0.547,0.0184,0.4346
HEARTS SEVEN SPADES QUEEN,0.414,0.0078,0.5782
DIAMONDS ACE CLUBS TWO,0.3968,0.0056,0.5976
CLUBS SIX HEARTS NINE,0.5966,0.0188,0.3846
DIAMONDS KING DIAMONDS QUEEN,0.292,0.0074,0.7006
SPADES FOUR DIAMONDS SEVEN,0.5886,0.0194,0.392
CLUBS QUEEN HEARTS NINE,0.3794,0.0096,0.611
CLUBS TEN DIAMONDS FIVE,0.5956,0.0224,0.382
HEARTS SEVEN CLUBS ACE,0.3986,0.004,0.5974
HEARTS EIGHT DIAMONDS NINE,0.5524,0.0166,0.431
DIAMONDS ACE HEARTS ACE,0.1544,0.0054,0.8402
HEARTS THREE HEARTS TWO,0.6558,0.0526,0.2916
DIAMONDS TWO SPADES TEN,0.6394,0.018,0.3426
CLUBS FOUR DIAMONDS EIGHT,0.5878,0.0212,0.391
HEARTS EIGHT HEARTS TEN,0.5364,0.0152,0.4484
HEARTS QUEEN CLUBS ACE,0.3438,0.0064,0.6498
DIAMONDS QUEEN DIAMONDS EIGHT,0.3292,0.0116,0.6592
SPADES JACK SPADES SEVEN,0.2526,0.2678,0.4796
SPADES TEN SPADES TWO,0.6082,0.019,0.3728
DIAMONDS KING HEARTS KING,0.1692,0.0086,0.8222
SPADES FIVE SPADES FOUR,0.5376,0.022,0.4404
DIAMONDS TWO DIAMONDS ACE,0.3498,0.0066,0.6436
DIAMONDS TWO SPADES FOUR,0.627,0.0186,0.3544
HEARTS TWO CLUBS KING,0.4318,0.0064,0.5618
SPADES TEN SPADES SEVEN,0.5514,0.0174,0.4312
SPADES JACK CLUBS QUEEN,0.2774,0.0428,0.6798
SPADES EIGHT DIAMONDS FIVE,0.593,0.017,0.39
CLUBS JACK SPADES SIX,0.2816,0.363,0.3554
CLUBS TEN DIAMONDS EIGHT,0.5606,0.0182,0.4212
HEARTS THREE HEARTS TEN,0.671,0.0528,0.2762
CLUBS SEVEN CLUBS FIVE,0.554,0.0166,0.4294
DIAMONDS TWO HEARTS FIVE,0.6294,0.0228,0.3478
SPADES FOUR CLUBS KING,0.4026,0.008,0.5894
SPADES JACK SPADES TEN,0.2568,0.1076,0.6356
HEARTS EIGHT CLUBS ACE,0.3938,0.0052,0.601
DIAMONDS SEVEN CLUBS KING,0.3918,0.01,0.5982
SPADES KING HEARTS FOUR,0.4014,0.0064,0.5922
HEARTS KING DIAMONDS SEVEN,0.401,0.0096,0.5894
SPADES NINE DIAMONDS SIX,0.5658,0.0202,0.414
CLUBS SIX CLUBS THREE,0.6616,0.0478,0.2906
SPADES SIX HEARTS KING,0.404,0.0066,0.5894
DIAMONDS QUEEN HEARTS KING,0.3342,0.0078,0.658
SPADES ACE DIAMONDS TEN,0.375,0.0064,0.6186
SPADES SEVEN DIAMONDS FIVE,0.5922,0.0218,0.386
DIAMONDS TWO SPADES SEVEN,0.6354,0.0202,0.3444
SPADES KING SPADES QUEEN,0.3326,0.0072,0.6602
HEARTS FIVE SPADES TWO,0.6334,0.022,0.3446
SPADES NINE HEARTS TWO,0.6468,0.0204,0.3328
SPADES TEN SPADES FOUR,0.5712,0.0168,0.412
HEARTS TWO SPADES SEVEN,0.6546,0.017,0.3284
SPADES KING DIAMONDS ACE,0.349,0.0038,0.6472
SPADES ACE DIAMONDS FIVE,0.3918,0.0068,0.6014
HEARTS TWO DIAMONDS TEN,0.6464,0.0192,0.3344
HEARTS TWO SPADES SIX,0.6382,0.0208,0.341
CLUBS EIGHT CLUBS SIX,0.5486,0.0156,0.4358
SPADES QUEEN DIAMONDS TEN,0.3444,0.0104,0.6452
SPADES KING HEARTS SEVEN,0.4098,0.0074,0.5828
SPADES KING CLUBS TWO,0.4086,0.0098,0.5816
CLUBS FOUR CLUBS KING,0.384,0.0066,0.6094
HEARTS TWO SPADES FIVE,0.6246,0.0238,0.3516
HEARTS FOUR DIAMONDS QUEEN,0.3878,0.0118,0.6004
HEARTS FOUR HEARTS QUEEN,0.3792,0.0132,0.6076
SPADES JACK HEARTS TWO,0.298,0.4848,0.2172
HEARTS EIGHT DIAMONDS TEN,0.5598,0.0152,0.425
SPADES KING HEARTS FIVE,0.4018,0.0084,0.5898
SPADES JACK CLUBS TWO,0.319,0.4808,0.2002
HEARTS EIGHT SPADES TWO,0.64,0.0232,0.3368
DIAMONDS SIX CLUBS QUEEN,0.4076,0.0112,0.5812
DIAMONDS FOUR HEARTS ACE,0.3712,0.0064,0.6224
DIAMONDS TEN CLUBS KING,0.3734,0.0082,0.6184
HEARTS THREE HEARTS QUEEN,0.2696,0.0408,0.6896
CLUBS ACE CLUBS KING,0.3286,0.0044,0.667
HEARTS TWO CLUBS QUEEN,0.4464,0.0102,0.5434
HEARTS FIVE HEARTS TEN,0.5758,0.0174,0.4068
CLUBS TWO DIAMONDS EIGHT,0.6346,0.0222,0.3432
CLUBS THREE DIAMONDS QUEEN,0.2694,0.0496,0.681
SPADES NINE SPADES FOUR,0.586,0.0212,0.3928
CLUBS EIGHT DIAMONDS SIX,0.567,0.0174,0.4156
SPADES JACK SPADES FIVE,0.243,0.4162,0.3408
HEARTS ACE SPADES THREE,0.28,0.0214,0.6986
HEARTS SEVEN DIAMONDS KING,0.3868,0.0094,0.6038
HEARTS SIX CLUBS TWO,0.6468,0.0218,0.3314
SPADES KING HEARTS ACE,0.375,0.0038,0.6212
CLUBS FIVE DIAMONDS SEVEN,0.5772,0.0208,0.402
SPADES ACE SPADES FOUR,0.3662,0.0038,0.63
CLUBS TEN CLUBS NINE,0.5246,0.013,0.4624
CLUBS FIVE CLUBS ACE,0.361,0.005,0.634
CLUBS TEN DIAMONDS TEN,0.3038,0.0222,0.674
CLUBS SIX CLUBS FIVE,0.5442,0.0198,0.436
HEARTS FOUR SPADES FIVE,0.576,0.0214,0.4026
CLUBS NINE SPADES NINE,0.324,0.0268,0.6492
CLUBS THREE SPADES THREE,0.3372,0.038,0.6248
CLUBS JACK CLUBS KING,0.2552,0.0302,0.7146
SPADES SIX DIAMONDS SEVEN,0.5762,0.0198,0.404
HEARTS QUEEN HEARTS TEN,0.3546,0.0128,0.6326
DIAMONDS FOUR SPADES SEVEN,0.5888,0.0182,0.393
DIAMONDS FOUR CLUBS TWO,0.6316,0.0232,0.3452
CLUBS TEN HEARTS QUEEN,0.3756,0.0092,0.6152
CLUBS NINE SPADES SEVEN,0.5764,0.0178,0.4058
SPADES KING SPADES EIGHT,0.371,0.0078,0.6212
CLUBS FOUR SPADES FOUR,0.3476,0.046,0.6064
SPADES SEVEN DIAMONDS TEN,0.58,0.019,0.401
SPADES FIVE HEARTS NINE,0.604,0.0158,0.3802
HEARTS FOUR SPADES NINE,0.6252,0.0182,0.3566
CLUBS ACE CLUBS QUEEN,0.3288,0.005,0.6662
SPADES KING DIAMONDS QUEEN,0.335,0.0088,0.6562
SPADES QUEEN SPADES NINE,0.3544,0.0112,0.6344
DIAMONDS FOUR HEARTS JACK,0.2562,0.4884,0.2554
CLUBS SEVEN HEARTS ACE,0.4028,0.0048,0.5924
HEARTS THREE HEARTS JACK,0.0734,0.8578,0.0688
SPADES TWO DIAMONDS EIGHT,0.6404,0.0182,0.3414
DIAMONDS FOUR SPADES THREE,0.6816,0.0516,0.2668
HEARTS THREE DIAMONDS QUEEN,0.2544,0.0474,0.6982
SPADES QUEEN CLUBS KING,0.3604,0.004,0.6356
SPADES ACE DIAMONDS TWO,0.4038,0.0072,0.589
SPADES SIX HEARTS NINE,0.5872,0.0146,0.3982
HEARTS THREE SPADES FIVE,0.686,0.0538,0.2602
CLUBS TWO SPADES TWO,0.4348,0.0562,0.509
SPADES SEVEN HEARTS TEN,0.5856,0.0152,0.3992
CLUBS TWO DIAMONDS SIX,0.6292,0.025,0.3458
CLUBS FOUR CLUBS QUEEN,0.379,0.0138,0.6072
SPADES QUEEN HEARTS FOUR,0.3976,0.0148,0.5876
DIAMONDS KING HEARTS JACK,0.2536,0.0332,0.7132
HEARTS SIX CLUBS FOUR,0.594,0.0178,0.3882
SPADES FOUR DIAMONDS EIGHT,0.5916,0.0208,0.3876
HEARTS FIVE HEARTS FOUR,0.5382,0.02,0.4418
SPADES TEN DIAMONDS SIX,0.6,0.0168,0.3832
HEARTS SIX HEARTS JACK,0.2554,0.3426,0.402
SPADES KING CLUBS NINE,0.3914,0.0078,0.6008
DIAMONDS FOUR SPADES QUEEN,0.378,0.0132,0.6088
CLUBS EIGHT HEARTS THREE,0.7216,0.048,0.2304
CLUBS NINE DIAMONDS TEN,0.5686,0.0162,0.4152
DIAMONDS ACE DIAMONDS EIGHT,0.3376,0.0058,0.6566
HEARTS FIVE DIAMONDS FIVE,0.3276,0.0498,0.6226
SPADES TEN DIAMONDS TEN,0.314,0.019,0.667
DIAMONDS FOUR HEARTS KING,0.3976,0.0072,0.5952
DIAMONDS ACE DIAMONDS SEVEN,0.3434,0.006,0.6506
DIAMONDS TEN DIAMONDS FIVE,0.6102,0.0176,0.3722
SPADES FIVE DIAMONDS SIX,0.5838,0.0172,0.399
HEARTS SIX CLUBS THREE,0.7036,0.0484,0.248
HEARTS SEVEN DIAMONDS SEVEN,0.3318,0.0396,0.6286
SPADES NINE CLUBS SIX,0.6018,0.0138,0.3844
SPADES ACE CLUBS EIGHT,0.3942,0.0052,0.6006
CLUBS TEN CLUBS ACE,0.3788,0.0036,0.6176
HEARTS SEVEN DIAMONDS TWO,0.6424,0.0238,0.3338
SPADES FOUR CLUBS QUEEN,0.4124,0.0096,0.578
HEARTS FIVE DIAMONDS KING,0.3882,0.0064,0.6054
HEARTS FIVE DIAMONDS QUEEN,0.3788,0.0086,0.6126
SPADES SIX DIAMONDS QUEEN,0.3938,0.0094,0.5968
CLUBS SEVEN CLUBS ACE,0.3806,0.004,0.6154
HEARTS FOUR SPADES SIX,0.5998,0.0162,0.384
CLUBS JACK HEARTS SIX,0.2566,0.3678,0.3756
CLUBS TEN CLUBS KING,0.3572,0.0074,0.6354
CLUBS EIGHT HEARTS TWO,0.6412,0.02,0.3388
DIAMONDS EIGHT HEARTS NINE,0.5416,0.0186,0.4398
DIAMONDS ACE HEARTS TEN,0.3674,0.0058,0.6268
HEARTS EIGHT HEARTS NINE,0.5226,0.0196,0.4578
SPADES ACE CLUBS TWO,0.4178,0.0044,0.5778
SPADES SEVEN SPADES THREE,0.6638,0.0526,0.2836
CLUBS JACK HEARTS EIGHT,0.2684,0.211,0.5206
SPADES ACE DIAMONDS QUEEN,0.3546,0.0048,0.6406
SPADES TEN CLUBS SEVEN,0.5794,0.018,0.4026
CLUBS SEVEN HEARTS NINE,0.5744,0.016,0.4096
DIAMONDS ACE DIAMONDS SIX,0.3476,0.0062,0.6462
SPADES JACK SPADES FOUR,0.247,0.4556,0.2974
DIAMONDS QUEEN DIAMONDS SIX,0.3556,0.0122,0.6322
HEARTS SEVEN CLUBS FOUR,0.5954,0.0176,0.387
SPADES JACK CLUBS FIVE,0.265,0.4312,0.3038
DIAMONDS FOUR CLUBS QUEEN,0.3856,0.0128,0.6016
CLUBS FIVE DIAMONDS EIGHT,0.5822,0.0202,0.3976
SPADES EIGHT DIAMONDS QUEEN,0.3812,0.0108,0.608
CLUBS NINE SPADES TEN,0.5774,0.0156,0.407
CLUBS TEN HEARTS ACE,0.3804,0.0054,0.6142
CLUBS TEN SPADES QUEEN,0.3742,0.0094,0.6164
DIAMONDS TWO CLUBS FOUR,0.6168,0.0244,0.3588
HEARTS ACE DIAMONDS NINE,0.391,0.006,0.603
CLUBS SEVEN DIAMONDS FIVE,0.5832,0.019,0.3978
DIAMONDS TWO CLUBS THREE,0.7,0.053,0.247
CLUBS THREE HEARTS ACE,0.2792,0.0208,0.7
SPADES EIGHT DIAMONDS NINE,0.5518,0.0208,0.4274
CLUBS FOUR HEARTS JACK,0.2624,0.493,0.2446
CLUBS ACE HEARTS JACK,0.2668,0.0206,0.7126
DIAMONDS ACE CLUBS QUEEN,0.349,0.0062,0.6448
SPADES JACK CLUBS SIX,0.266,0.3486,0.3854
SPADES SIX CLUBS TWO,0.6404,0.0216,0.338
DIAMONDS NINE HEARTS JACK,0.2568,0.1596,0.5836
SPADES KING SPADES TEN,0.3496,0.0062,0.6442
CLUBS NINE CLUBS FOUR,0.5842,0.0172,0.3986
SPADES EIGHT DIAMONDS ACE,0.396,0.0048,0.5992
HEARTS TWO DIAMONDS EIGHT,0.6446,0.0176,0.3378
SPADES QUEEN CLUBS FIVE,0.3902,0.0118,0.598
CLUBS FOUR HEARTS ACE,0.3938,0.0044,0.6018
DIAMONDS FOUR HEARTS SEVEN,0.5844,0.0206,0.395
CLUBS SEVEN CLUBS QUEEN,0.3798,0.0112,0.609
HEARTS THREE HEARTS ACE,0.2698,0.019,0.7112
CLUBS SEVEN CLUBS SIX,0.5276,0.0178,0.4546
DIAMONDS EIGHT HEARTS TEN,0.5662,0.015,0.4188
SPADES SIX SPADES TWO,0.6068,0.0196,0.3736
CLUBS TEN HEARTS THREE,0.72,0.0576,0.2224
SPADES THREE HEARTS KING,0.2914,0.0318,0.6768
SPADES KING SPADES FOUR,0.3732,0.008,0.6188
SPADES QUEEN CLUBS QUEEN,0.1856,0.01,0.8044
CLUBS EIGHT CLUBS KING,0.3676,0.007,0.6254
SPADES KING CLUBS QUEEN,0.3474,0.008,0.6446
DIAMONDS FOUR DIAMONDS KING,0.3416,0.0096,0.6488
CLUBS FOUR SPADES TWO,0.6276,0.0194,0.353
CLUBS TEN CLUBS SIX,0.5664,0.0174,0.4162
SPADES TEN HEARTS TEN,0.3156,0.021,0.6634
HEARTS FIVE CLUBS ACE,0.3872,0.0036,0.6092
CLUBS TEN HEARTS TEN,0.3108,0.0178,0.6714
DIAMONDS TWO SPADES THREE,0.6896,0.0594,0.251
DIAMONDS NINE DIAMONDS SEVEN,0.5628,0.0184,0.4188
CLUBS TWO CLUBS QUEEN,0.41,0.012,0.578
HEARTS ACE DIAMONDS SIX,0.3934,0.004,0.6026
CLUBS FOUR DIAMONDS NINE,0.6168,0.0164,0.3668
DIAMONDS ACE DIAMONDS NINE,0.3466,0.0072,0.6462
SPADES ACE HEARTS TEN,0.3814,0.0054,0.6132
CLUBS EIGHT CLUBS FIVE,0.5488,0.0158,0.4354
HEARTS SIX CLUBS SEVEN,0.58,0.0168,0.4032
HEARTS FIVE DIAMONDS NINE,0.6244,0.018,0.3576
DIAMONDS TWO SPADES FIVE,0.6214,0.0208,0.3578
CLUBS SEVEN HEARTS JACK,0.2688,0.2734,0.4578
DIAMONDS QUEEN DIAMONDS SEVEN,0.3492,0.0148,0.636
SPADES ACE CLUBS FIVE,0.3986,0.005,0.5964
CLUBS TWO SPADES THREE,0.6914,0.0568,0.2518
SPADES SEVEN HEARTS QUEEN,0.4032,0.0126,0.5842
SPADES QUEEN CLUBS ACE,0.354,0.0056,0.6404
CLUBS JACK HEARTS SEVEN,0.2558,0.2966,0.4476
DIAMONDS FOUR HEARTS THREE,0.6746,0.0596,0.2658
HEARTS THREE DIAMONDS TEN,0.7106,0.0572,0.2322
HEARTS THREE SPADES TWO,0.7084,0.0548,0.2368
CLUBS EIGHT SPADES THREE,0.7152,0.054,0.2308
SPADES SIX HEARTS TEN,0.609,0.0174,0.3736
CLUBS SEVEN HEARTS QUEEN,0.401,0.0102,0.5888
SPADES TEN HEARTS TWO,0.6468,0.0206,0.3326
CLUBS JACK HEARTS TEN,0.2772,0.116,0.6068
SPADES NINE DIAMONDS TEN,0.5622,0.0196,0.4182
CLUBS JACK HEARTS JACK,0.1302,0.0358,0.834
CLUBS NINE HEARTS QUEEN,0.3816,0.0084,0.61
SPADES SEVEN DIAMONDS SIX,0.5674,0.0188,0.4138
SPADES FIVE CLUBS TWO,0.6362,0.0198,0.344
SPADES THREE DIAMONDS SEVEN,0.6914,0.053,0.2556
DIAMONDS TWO HEARTS TWO,0.433,0.0526,0.5144
SPADES JACK CLUBS FOUR,0.2582,0.4866,0.2552
DIAMONDS QUEEN DIAMONDS NINE,0.3146,0.0104,0.675
DIAMONDS TWO CLUBS TWO,0.4278,0.0536,0.5186
CLUBS FIVE CLUBS THREE,0.64,0.054,0.306
CLUBS THREE HEARTS NINE,0.7226,0.054,0.2234
SPADES ACE SPADES KING,0.348,0.0042,0.6478
HEARTS QUEEN CLUBS KING,0.3588,0.0064,0.6348
CLUBS NINE CLUBS THREE,0.6712,0.0518,0.277
DIAMONDS TEN HEARTS NINE,0.544,0.0148,0.4412
HEARTS NINE DIAMONDS FIVE,0.6044,0.0232,0.3724
SPADES ACE CLUBS TEN,0.3856,0.0032,0.6112
DIAMONDS FOUR HEARTS TEN,0.598,0.0186,0.3834
SPADES THREE HEARTS NINE,0.72,0.0578,0.2222
DIAMONDS QUEEN HEARTS NINE,0.3702,0.0108,0.619
DIAMONDS TWO SPADES EIGHT,0.6302,0.02,0.3498
SPADES ACE SPADES SIX,0.3888,0.0036,0.6076
DIAMONDS TWO DIAMONDS SEVEN,0.636,0.0204,0.3436
SPADES TWO HEARTS JACK,0.3062,0.5036,0.1902
DIAMONDS NINE DIAMONDS EIGHT,0.5378,0.0202,0.442
HEARTS EIGHT CLUBS SEVEN,0.5742,0.016,0.4098
CLUBS JACK HEARTS QUEEN,0.275,0.0402,0.6848
CLUBS JACK HEARTS FOUR,0.2624,0.4842,0.2534
HEARTS EIGHT SPADES KING,0.4098,0.0078,0.5824
SPADES FIVE DIAMONDS EIGHT,0.5778,0.0162,0.406
CLUBS SIX DIAMONDS KING,0.3852,0.008,0.6068
CLUBS THREE HEARTS QUEEN,0.2892,0.047,0.6638
CLUBS TEN CLUBS FIVE,0.5864,0.0142,0.3994
CLUBS FIVE HEARTS TEN,0.624,0.0208,0.3552
DIAMONDS KING CLUBS KING,0.176,0.0068,0.8172
CLUBS TEN DIAMONDS ACE,0.3628,0.0062,0.631
HEARTS TWO DIAMONDS KING,0.4222,0.007,0.5708
CLUBS EIGHT CLUBS FOUR,0.551,0.0182,0.4308
CLUBS ACE DIAMONDS SIX,0.3978,0.0048,0.5974
DIAMONDS NINE DIAMONDS SIX,0.5808,0.0198,0.3994
DIAMONDS FOUR HEARTS FOUR,0.3444,0.0494,0.6062
HEARTS FOUR DIAMONDS SIX,0.601,0.018,0.381
CLUBS NINE SPADES EIGHT,0.558,0.0146,0.4274
HEARTS SIX SPADES SIX,0.3518,0.0452,0.603
CLUBS EIGHT DIAMONDS NINE,0.5542,0.0188,0.427
CLUBS NINE DIAMONDS SEVEN,0.5646,0.0166,0.4188
DIAMONDS QUEEN DIAMONDS FIVE,0.3524,0.0132,0.6344
HEARTS TEN DIAMONDS FIVE,0.6092,0.0212,0.3696
CLUBS SEVEN CLUBS THREE,0.6684,0.0506,0.281
DIAMONDS SEVEN CLUBS QUEEN,0.3836,0.0148,0.6016
CLUBS TWO DIAMONDS QUEEN,0.4096,0.0136,0.5768
DIAMONDS FOUR DIAMONDS TEN,0.6058,0.0214,0.3728
SPADES SIX DIAMONDS SIX,0.3384,0.0362,0.6254
SPADES QUEEN DIAMONDS FIVE,0.3946,0.0102,0.5952
SPADES TEN DIAMONDS FIVE,0.607,0.019,0.374
DIAMONDS KING CLUBS ACE,0.347,0.006,0.647
SPADES TEN HEARTS NINE,0.5674,0.0136,0.419
CLUBS JACK CLUBS EIGHT,0.2572,0.1976,0.5452
HEARTS EIGHT CLUBS KING,0.3962,0.006,0.5978
CLUBS EIGHT SPADES FOUR,0.6034,0.0186,0.378
CLUBS SIX CLUBS ACE,0.374,0.0068,0.6192
HEARTS FIVE DIAMONDS EIGHT,0.5796,0.0202,0.4002
SPADES TWO CLUBS KING,0.4364,0.0076,0.556
SPADES SEVEN DIAMONDS ACE,0.3828,0.0062,0.611
CLUBS SIX SPADES FOUR,0.5886,0.0212,0.3902
DIAMONDS FOUR DIAMONDS ACE,0.3276,0.0064,0.666
SPADES SEVEN DIAMONDS SEVEN,0.3318,0.0346,0.6336
SPADES NINE CLUBS TWO,0.6464,0.0208,0.3328
SPADES ACE DIAMONDS FOUR,0.3814,0.0044,0.6142
CLUBS JACK SPADES THREE,0.0766,0.9004,0.023
SPADES TEN SPADES FIVE,0.5836,0.0184,0.398
SPADES SEVEN DIAMONDS KING,0.3814,0.0064,0.6122
HEARTS JACK CLUBS KING,0.2752,0.0328,0.692
HEARTS JACK DIAMONDS FIVE,0.2506,0.4358,0.3136
CLUBS JACK DIAMONDS TWO,0.3006,0.4904,0.209
SPADES FOUR HEARTS JACK,0.2582,0.4908,0.251
SPADES FOUR DIAMONDS TEN,0.613,0.017,0.37
DIAMONDS TWO DIAMONDS KING,0.3728,0.0106,0.6166
HEARTS SIX SPADES NINE,0.6074,0.0154,0.3772
CLUBS EIGHT DIAMONDS EIGHT,0.328,0.036,0.636
HEARTS FIVE SPADES EIGHT,0.5974,0.0154,0.3872
SPADES NINE SPADES SEVEN,0.539,0.0144,0.4466
SPADES TWO CLUBS ACE,0.4218,0.004,0.5742
CLUBS KING DIAMONDS FIVE,0.3876,0.008,0.6044
HEARTS SEVEN HEARTS ACE,0.3728,0.0042,0.623
DIAMONDS EIGHT HEARTS JACK,0.271,0.2168,0.5122
DIAMONDS KING CLUBS TWO,0.4204,0.007,0.5726
SPADES NINE SPADES FIVE,0.5734,0.0158,0.4108
DIAMONDS QUEEN HEARTS JACK,0.2574,0.0376,0.705
DIAMONDS QUEEN CLUBS QUEEN,0.1666,0.013,0.8204
SPADES JACK CLUBS KING,0.2782,0.03,0.6918
SPADES TEN HEARTS ACE,0.3932,0.0036,0.6032
HEARTS FIVE SPADES SIX,0.5708,0.0188,0.4104
DIAMONDS FOUR DIAMONDS QUEEN,0.3406,0.0138,0.6456
DIAMONDS TEN DIAMONDS SIX,0.594,0.0134,0.3926
DIAMONDS TWO HEARTS TEN,0.6364,0.0204,0.3432
DIAMONDS FOUR DIAMONDS TWO,0.6204,0.0244,0.3552
SPADES JACK HEARTS TEN,0.2784,0.1144,0.6072
CLUBS SEVEN HEARTS THREE,0.6956,0.0482,0.2562
HEARTS FOUR DIAMONDS ACE,0.3746,0.0062,0.6192
HEARTS QUEEN CLUBS QUEEN,0.1848,0.0102,0.805
CLUBS TEN CLUBS SEVEN,0.5446,0.02,0.4354
SPADES KING DIAMONDS NINE,0.3954,0.0096,0.595
SPADES QUEEN CLUBS NINE,0.3778,0.0128,0.6094
CLUBS NINE SPADES THREE,0.72,0.0624,0.2176
CLUBS TWO DIAMONDS TEN,0.6322,0.0186,0.3492
HEARTS ACE DIAMONDS SEVEN,0.3922,0.0054,0.6024
HEARTS SIX SPADES JACK,0.265,0.3632,0.3718
HEARTS FOUR HEARTS JACK,0.2478,0.4506,0.3016
DIAMONDS TEN DIAMONDS EIGHT,0.5602,0.0206,0.4192
SPADES TEN CLUBS TWO,0.6396,0.0194,0.341
SPADES THREE CLUBS ACE,0.2796,0.0206,0.6998
SPADES QUEEN SPADES FOUR,0.3688,0.0102,0.621
CLUBS NINE DIAMONDS FIVE,0.6048,0.0212,0.374
DIAMONDS FOUR CLUBS KING,0.3928,0.0092,0.598
HEARTS ACE SPADES TWO,0.4176,0.0052,0.5772
HEARTS QUEEN HEARTS JACK,0.26,0.0364,0.7036
SPADES SEVEN SPADES TWO,0.6032,0.0174,0.3794
CLUBS SIX DIAMONDS ACE,0.3984,0.0054,0.5962
SPADES JACK HEARTS FIVE,0.2622,0.4356,0.3022
SPADES ACE DIAMONDS KING,0.3468,0.0054,0.6478
CLUBS FIVE DIAMONDS ACE,0.367,0.0058,0.6272
DIAMONDS TEN HEARTS KING,0.3686,0.0092,0.6222
SPADES KING CLUBS KING,0.1702,0.007,0.8228
CLUBS EIGHT DIAMONDS TEN,0.5632,0.017,0.4198
DIAMONDS EIGHT CLUBS ACE,0.395,0.0068,0.5982
SPADES SEVEN CLUBS FOUR,0.596,0.019,0.385
SPADES KING HEARTS QUEEN,0.3408,0.0066,0.6526
CLUBS SIX DIAMONDS NINE,0.5878,0.0196,0.3926
HEARTS KING HEARTS TEN,0.3568,0.0078,0.6354
DIAMONDS EIGHT DIAMONDS FIVE,0.5656,0.0198,0.4146
CLUBS JACK DIAMONDS SIX,0.2608,0.3662,0.373
CLUBS NINE SPADES FOUR,0.6238,0.0172,0.359
SPADES FIVE HEARTS KING,0.411,0.0076,0.5814
SPADES ACE SPADES QUEEN,0.3352,0.0058,0.659
HEARTS FOUR CLUBS FIVE,0.5864,0.02,0.3936
SPADES TEN SPADES SIX,0.5602,0.0168,0.423
CLUBS SIX DIAMONDS TEN,0.6038,0.0172,0.379
CLUBS FIVE HEARTS NINE,0.5926,0.0176,0.3898
SPADES SIX HEARTS QUEEN,0.386,0.0106,0.6034
CLUBS TWO SPADES FOUR,0.63,0.0228,0.3472
HEARTS THREE DIAMONDS SEVEN,0.7044,0.0536,0.242
HEARTS FIVE CLUBS KING,0.3976,0.0066,0.5958
CLUBS NINE CLUBS QUEEN,0.3654,0.0084,0.6262
SPADES KING DIAMONDS TEN,0.386,0.0076,0.6064
CLUBS TEN DIAMONDS QUEEN,0.3478,0.0098,0.6424
HEARTS EIGHT SPADES EIGHT,0.3268,0.031,0.6422
SPADES TWO HEARTS NINE,0.649,0.0222,0.3288
SPADES EIGHT HEARTS QUEEN,0.3778,0.0108,0.6114
CLUBS NINE HEARTS FIVE,0.5978,0.02,0.3822
SPADES FOUR HEARTS TEN,0.6134,0.0158,0.3708
SPADES QUEEN CLUBS FOUR,0.4042,0.0096,0.5862
CLUBS SIX HEARTS KING,0.4002,0.007,0.5928
SPADES THREE DIAMONDS FIVE,0.675,0.06,0.265
CLUBS NINE HEARTS THREE,0.7122,0.0524,0.2354
HEARTS SEVEN HEARTS JACK,0.2582,0.26,0.4818
SPADES KING HEARTS KING,0.1858,0.005,0.8092
DIAMONDS TWO SPADES SIX,0.65,0.0202,0.3298
CLUBS THREE DIAMONDS EIGHT,0.7184,0.0486,0.233
SPADES SEVEN HEARTS KING,0.3946,0.0078,0.5976
CLUBS EIGHT CLUBS THREE,0.6834,0.05,0.2666
HEARTS TWO SPADES TWO,0.4362,0.0592,0.5046
HEARTS SIX DIAMONDS SIX,0.3402,0.0438,0.616
CLUBS THREE DIAMONDS NINE,0.715,0.0584,0.2266
HEARTS FIVE CLUBS THREE,0.6808,0.0554,0.2638
SPADES ACE HEARTS THREE,0.2728,0.0246,0.7026
HEARTS EIGHT HEARTS JACK,0.2568,0.191,0.5522
SPADES EIGHT SPADES FIVE,0.5538,0.0174,0.4288
CLUBS FOUR CLUBS ACE,0.3652,0.0066,0.6282
CLUBS EIGHT HEARTS FOUR,0.5956,0.019,0.3854
HEARTS KING CLUBS QUEEN,0.3726,0.006,0.6214
DIAMONDS ACE CLUBS KING,0.3502,0.0046,0.6452
HEARTS KING HEARTS QUEEN,0.3362,0.006,0.6578
DIAMONDS TWO DIAMONDS FIVE,0.6238,0.0234,0.3528
SPADES NINE CLUBS THREE,0.7104,0.0582,0.2314
HEARTS THREE CLUBS FIVE,0.6818,0.0566,0.2616
HEARTS EIGHT CLUBS FIVE,0.5994,0.0156,0.385
CLUBS EIGHT SPADES TWO,0.6372,0.0162,0.3466
HEARTS THREE SPADES SIX,0.7186,0.046,0.2354
SPADES TWO DIAMONDS FIVE,0.6274,0.0194,0.3532
CLUBS TWO DIAMONDS SEVEN,0.648,0.0218,0.3302
CLUBS EIGHT HEARTS TEN,0.5708,0.0146,0.4146
CLUBS FOUR DIAMONDS KING,0.3722,0.008,0.6198
HEARTS EIGHT DIAMONDS EIGHT,0.3248,0.0354,0.6398
SPADES QUEEN HEARTS QUEEN,0.1838,0.0104,0.8058
CLUBS THREE DIAMONDS SIX,0.695,0.06,0.245
HEARTS KING DIAMONDS SIX,0.3948,0.0118,0.5934
SPADES JACK DIAMONDS TEN,0.2628,0.1162,0.621
DIAMONDS KING DIAMONDS SEVEN,0.3344,0.0094,0.6562
HEARTS SIX SPADES FIVE,0.6048,0.0162,0.379
HEARTS EIGHT CLUBS QUEEN,0.3862,0.0124,0.6014
CLUBS SEVEN CLUBS TWO,0.6146,0.0206,0.3648
CLUBS THREE HEARTS KING,0.2786,0.0336,0.6878
HEARTS ACE CLUBS KING,0.3524,0.0044,0.6432
CLUBS NINE DIAMONDS SIX,0.597,0.0176,0.3854
HEARTS TWO HEARTS QUEEN,0.409,0.0136,0.5774
SPADES SEVEN SPADES SIX,0.548,0.019,0.433
SPADES JACK DIAMONDS EIGHT,0.2494,0.2194,0.5312
CLUBS ACE HEARTS NINE,0.3848,0.004,0.6112
HEARTS SEVEN CLUBS KING,0.4106,0.0042,0.5852
CLUBS THREE DIAMONDS SEVEN,0.695,0.0504,0.2546
HEARTS SEVEN HEARTS NINE,0.5422,0.0164,0.4414
SPADES JACK SPADES NINE,0.2502,0.1492,0.6006
CLUBS TEN SPADES SIX,0.593,0.015,0.392
SPADES ACE CLUBS FOUR,0.39,0.0056,0.6044
CLUBS EIGHT CLUBS TWO,0.6,0.016,0.384
HEARTS SEVEN CLUBS EIGHT,0.554,0.0154,0.4306
DIAMONDS FOUR SPADES NINE,0.6106,0.0196,0.3698
SPADES FOUR CLUBS ACE,0.3918,0.005,0.6032
CLUBS SEVEN DIAMONDS ACE,0.3864,0.005,0.6086
SPADES JACK DIAMONDS SEVEN,0.2522,0.2838,0.464
SPADES KING CLUBS EIGHT,0.399,0.008,0.593
HEARTS TWO HEARTS JACK,0.2854,0.4646,0.25
DIAMONDS TWO CLUBS SIX,0.6396,0.018,0.3424
CLUBS EIGHT HEARTS FIVE,0.5984,0.0198,0.3818
HEARTS THREE DIAMONDS ACE,0.2638,0.0232,0.713
HEARTS SEVEN DIAMONDS ACE,0.3876,0.0058,0.6066
HEARTS SIX SPADES TEN,0.5958,0.0176,0.3866
HEARTS KING DIAMONDS NINE,0.383,0.007,0.61
SPADES THREE CLUBS KING,0.2728,0.0296,0.6976
HEARTS SEVEN DIAMONDS NINE,0.5734,0.0184,0.4082
HEARTS SEVEN CLUBS QUEEN,0.4104,0.0102,0.5794
CLUBS JACK SPADES TEN,0.2734,0.1124,0.6142
HEARTS EIGHT DIAMONDS FOUR,0.5958,0.0178,0.3864
SPADES SIX SPADES THREE,0.6592,0.0516,0.2892
HEARTS EIGHT CLUBS SIX,0.5824,0.0136,0.404
CLUBS JACK CLUBS QUEEN,0.249,0.0388,0.7122
DIAMONDS ACE SPADES TWO,0.4084,0.0066,0.585
HEARTS KING CLUBS ACE,0.3706,0.003,0.6264
DIAMONDS ACE HEARTS QUEEN,0.339,0.0036,0.6574
SPADES FIVE HEARTS ACE,0.3936,0.0054,0.601
CLUBS FIVE SPADES TWO,0.6264,0.0208,0.3528
HEARTS FOUR HEARTS TEN,0.5698,0.0142,0.416
CLUBS SIX DIAMONDS SIX,0.3326,0.042,0.6254
CLUBS TEN HEARTS FOUR,0.6182,0.0164,0.3654
SPADES SIX SPADES FIVE,0.5446,0.022,0.4334
CLUBS NINE SPADES TWO,0.651,0.017,0.332
DIAMONDS TWO DIAMONDS SIX,0.6276,0.0212,0.3512
HEARTS EIGHT HEARTS FIVE,0.5482,0.016,0.4358
DIAMONDS ACE DIAMONDS QUEEN,0.299,0.0046,0.6964
CLUBS SEVEN SPADES SEVEN,0.3552,0.0346,0.6102
CLUBS FOUR DIAMONDS FIVE,0.5712,0.0208,0.408
SPADES JACK HEARTS THREE,0.0732,0.902,0.0248
CLUBS JACK DIAMONDS SEVEN,0.265,0.2802,0.4548
CLUBS EIGHT SPADES FIVE,0.587,0.018,0.395
CLUBS SEVEN SPADES THREE,0.7032,0.0544,0.2424
DIAMONDS SEVEN HEARTS TEN,0.5802,0.0202,0.3996
CLUBS SIX CLUBS KING,0.3732,0.007,0.6198
SPADES EIGHT HEARTS TEN,0.5822,0.0152,0.4026
DIAMONDS TWO HEARTS JACK,0.2914,0.4948,0.2138
DIAMONDS TWO SPADES TWO,0.44,0.05,0.51
HEARTS SEVEN SPADES NINE,0.582,0.017,0.401
CLUBS EIGHT CLUBS SEVEN,0.541,0.0182,0.4408
SPADES FIVE CLUBS QUEEN,0.399,0.0126,0.5884
HEARTS SEVEN CLUBS THREE,0.711,0.0504,0.2386
CLUBS SIX SPADES FIVE,0.5824,0.0208,0.3968
HEARTS FIVE HEARTS THREE,0.6494,0.0534,0.2972
HEARTS TWO HEARTS TEN,0.6132,0.0184,0.3684
CLUBS SEVEN HEARTS TWO,0.6476,0.0202,0.3322
HEARTS EIGHT DIAMONDS SEVEN,0.5648,0.0164,0.4188
SPADES NINE HEARTS JACK,0.2782,0.1526,0.5692
SPADES THREE HEARTS JACK,0.0712,0.9074,0.0214
DIAMONDS QUEEN CLUBS ACE,0.332,0.0052,0.6628
CLUBS TEN CLUBS FOUR,0.5688,0.0184,0.4128
HEARTS SEVEN SPADES TWO,0.6522,0.0202,0.3276
HEARTS FIVE DIAMONDS SEVEN,0.5728,0.0172,0.41
DIAMONDS TEN DIAMONDS SEVEN,0.5782,0.0138,0.408
SPADES EIGHT CLUBS QUEEN,0.3882,0.011,0.6008
HEARTS EIGHT SPADES NINE,0.574,0.0144,0.4116
