opposingHand,winningChance,drawChance,lostChance
DIAMONDS FOUR SPADES NINE
HEARTS FIVE SPADES TEN,0.3538,0.0282,0.618
HEARTS FIVE SPADES JACK,0.3434,0.0192,0.6374
SPADES FIVE CLUBS JACK,0.3618,0.0208,0.6174
CLUBS TEN SPADES FIVE,0.36,0.0304,0.6096
CLUBS EIGHT CLUBS JACK,0.3182,0.0174,0.6644
CLUBS TEN CLUBS EIGHT,0.2944,0.0198,0.6858
CLUBS EIGHT CLUBS KING,0.3416,0.0074,0.651
SPADES FIVE CLUBS ACE,0.3598,0.0054,0.6348
CLUBS EIGHT CLUBS QUEEN,0.3252,0.0104,0.6644
SPADES FIVE CLUBS KING,0.3562,0.01,0.6338
SPADES FIVE CLUBS QUEEN,0.3636,0.012,0.6244
CLUBS EIGHT CLUBS ACE,0.3306,0.005,0.6644
DIAMONDS TWO DIAMONDS THREE,0.5736,0.047,0.3794
DIAMONDS TWO DIAMONDS FIVE,0.5432,0.044,0.4128
HEARTS FIVE SPADES KING,0.3572,0.0072,0.6356
HEARTS FIVE SPADES QUEEN,0.3438,0.014,0.6422
DIAMONDS TWO DIAMONDS SEVEN,0.5702,0.0416,0.3882
DIAMONDS TWO DIAMONDS SIX,0.566,0.0438,0.3902
SPADES ACE HEARTS FIVE,0.3358,0.0044,0.6598
DIAMONDS TWO DIAMONDS NINE,0.2582,0.482,0.2598
DIAMONDS TWO DIAMONDS EIGHT,0.5656,0.0412,0.3932
SPADES FOUR CLUBS TWO,0.636,0.1114,0.2526
DIAMONDS THREE DIAMONDS FIVE,0.5302,0.0448,0.425
SPADES FIVE CLUBS TWO,0.57,0.0464,0.3836
CLUBS TWO SPADES TWO,0.3736,0.0814,0.545
CLUBS TWO SPADES THREE,0.6112,0.0508,0.338
DIAMONDS THREE DIAMONDS EIGHT,0.58,0.0436,0.3764
SPADES EIGHT CLUBS TWO,0.6022,0.0458,0.352
DIAMONDS THREE DIAMONDS NINE,0.247,0.5034,0.2496
DIAMONDS THREE DIAMONDS SIX,0.5476,0.0424,0.41
SPADES SIX CLUBS TWO,0.6006,0.0438,0.3556
DIAMONDS THREE DIAMONDS SEVEN,0.5696,0.0456,0.3848
SPADES SEVEN CLUBS TWO,0.6146,0.0454,0.34
CLUBS SIX CLUBS TWO,0.5562,0.0436,0.4002
CLUBS SEVEN CLUBS TWO,0.5634,0.0408,0.3958
CLUBS FOUR CLUBS TWO,0.5914,0.109,0.2996
CLUBS FIVE CLUBS TWO,0.538,0.0452,0.4168
CLUBS TEN CLUBS JACK,0.2786,0.0136,0.7078
CLUBS TEN CLUBS QUEEN,0.2994,0.0078,0.6928
CLUBS TEN CLUBS KING,0.2922,0.0082,0.6996
CLUBS TEN CLUBS ACE,0.2976,0.0044,0.698
CLUBS EIGHT CLUBS TWO,0.5598,0.0448,0.3954
CLUBS NINE CLUBS TWO,0.2394,0.4884,0.2722
CLUBS THREE CLUBS TWO,0.5694,0.0468,0.3838
DIAMONDS NINE DIAMONDS FIVE,0.2072,0.4354,0.3574
DIAMONDS TWO CLUBS JACK,0.3878,0.0224,0.5898
DIAMONDS FIVE DIAMONDS EIGHT,0.5184,0.038,0.4436
CLUBS TEN DIAMONDS TWO,0.384,0.0244,0.5916
DIAMONDS FIVE DIAMONDS SEVEN,0.4952,0.046,0.4588
DIAMONDS SIX DIAMONDS FIVE,0.4974,0.0434,0.4592
DIAMONDS TWO CLUBS ACE,0.382,0.0048,0.6132
DIAMONDS TWO CLUBS KING,0.3996,0.008,0.5924
DIAMONDS TWO CLUBS QUEEN,0.4002,0.013,0.5868
DIAMONDS SIX DIAMONDS EIGHT,0.5074,0.0404,0.4522
DIAMONDS NINE DIAMONDS SIX,0.2144,0.3478,0.4378
HEARTS ACE SPADES THREE,0.3744,0.0056,0.62
SPADES THREE HEARTS KING,0.3978,0.0068,0.5954
DIAMONDS SIX DIAMONDS SEVEN,0.518,0.0384,0.4436
SPADES THREE HEARTS QUEEN,0.3826,0.0146,0.6028
SPADES THREE HEARTS JACK,0.392,0.0172,0.5908
SPADES THREE HEARTS TEN,0.3764,0.0294,0.5942
DIAMONDS EIGHT DIAMONDS SEVEN,0.492,0.0368,0.4712
DIAMONDS NINE DIAMONDS SEVEN,0.215,0.272,0.513
DIAMONDS NINE DIAMONDS EIGHT,0.1994,0.2254,0.5752
DIAMONDS KING HEARTS TEN,0.329,0.0068,0.6642
HEARTS THREE HEARTS TEN,0.3534,0.0284,0.6182
SPADES JACK CLUBS SIX,0.3668,0.016,0.6172
DIAMONDS KING HEARTS JACK,0.3104,0.0058,0.6838
HEARTS THREE HEARTS JACK,0.362,0.0158,0.6222
SPADES TEN CLUBS SIX,0.3404,0.0274,0.6322
SPADES JACK SPADES FIVE,0.3374,0.0172,0.6454
SPADES TEN SPADES FIVE,0.3388,0.0282,0.633
DIAMONDS KING HEARTS ACE,0.321,0.0044,0.6746
HEARTS THREE HEARTS ACE,0.3564,0.0038,0.6398
SPADES ACE CLUBS SIX,0.3434,0.004,0.6526
DIAMONDS KING HEARTS QUEEN,0.313,0.0058,0.6812
HEARTS THREE HEARTS QUEEN,0.3552,0.0126,0.6322
SPADES KING CLUBS SIX,0.3552,0.0068,0.638
DIAMONDS KING HEARTS KING,0.1334,0.0134,0.8532
HEARTS THREE HEARTS KING,0.3738,0.009,0.6172
SPADES QUEEN CLUBS SIX,0.352,0.0118,0.6362
SPADES QUEEN SPADES FIVE,0.3456,0.01,0.6444
SPADES KING SPADES FIVE,0.3426,0.0078,0.6496
SPADES ACE SPADES FIVE,0.3264,0.005,0.6686
CLUBS TEN SPADES JACK,0.2984,0.0168,0.6848
CLUBS TEN SPADES TEN,0.1246,0.0426,0.8328
SPADES ACE CLUBS TEN,0.3254,0.0056,0.669
SPADES KING CLUBS TEN,0.315,0.009,0.676
CLUBS TEN SPADES QUEEN,0.2996,0.0106,0.6898
SPADES FIVE HEARTS QUEEN,0.3602,0.012,0.6278
SPADES FIVE HEARTS KING,0.3578,0.0062,0.636
SPADES FIVE HEARTS ACE,0.3474,0.005,0.6476
CLUBS EIGHT SPADES TEN,0.3286,0.0282,0.6432
SPADES JACK HEARTS THREE,0.3778,0.0228,0.5994
SPADES JACK DIAMONDS KING,0.303,0.0098,0.6872
SPADES TEN DIAMONDS KING,0.3156,0.0118,0.6726
SPADES TEN HEARTS THREE,0.3812,0.0326,0.5862
SPADES JACK CLUBS EIGHT,0.3366,0.0186,0.6448
CLUBS SIX HEARTS ACE,0.3672,0.0044,0.6284
SPADES ACE CLUBS EIGHT,0.3552,0.0038,0.641
HEARTS FIVE CLUBS JACK,0.3662,0.0168,0.617
HEARTS FIVE CLUBS TEN,0.3542,0.0254,0.6204
CLUBS SIX HEARTS QUEEN,0.368,0.0112,0.6208
SPADES QUEEN CLUBS EIGHT,0.3492,0.01,0.6408
CLUBS TEN SPADES THREE,0.3844,0.0302,0.5854
CLUBS SIX HEARTS KING,0.368,0.008,0.624
SPADES KING CLUBS EIGHT,0.3558,0.0078,0.6364
SPADES THREE CLUBS JACK,0.3854,0.0182,0.5964
DIAMONDS TWO HEARTS JACK,0.4036,0.018,0.5784
SPADES THREE CLUBS QUEEN,0.3928,0.015,0.5922
DIAMONDS TWO HEARTS TEN,0.386,0.0304,0.5836
SPADES THREE CLUBS KING,0.3926,0.0084,0.599
HEARTS FIVE CLUBS ACE,0.3522,0.0042,0.6436
SPADES FIVE HEARTS TEN,0.3592,0.0262,0.6146
SPADES THREE CLUBS ACE,0.3858,0.005,0.6092
HEARTS FIVE CLUBS KING,0.3552,0.0082,0.6366
SPADES FIVE HEARTS JACK,0.37,0.015,0.615
HEARTS FIVE CLUBS QUEEN,0.3528,0.0122,0.635
HEARTS THREE CLUBS KING,0.3886,0.0088,0.6026
DIAMONDS KING CLUBS KING,0.1228,0.0116,0.8656
HEARTS THREE CLUBS QUEEN,0.3832,0.0128,0.604
DIAMONDS KING CLUBS QUEEN,0.3202,0.0068,0.673
HEARTS FIVE HEARTS JACK,0.326,0.0164,0.6576
HEARTS FIVE HEARTS TEN,0.341,0.0222,0.6368
HEARTS THREE CLUBS ACE,0.3738,0.0034,0.6228
DIAMONDS KING CLUBS ACE,0.3216,0.0052,0.6732
SPADES ACE CLUBS QUEEN,0.317,0.006,0.677
SPADES KING CLUBS QUEEN,0.3224,0.0074,0.6702
HEARTS THREE CLUBS JACK,0.389,0.0198,0.5912
DIAMONDS KING CLUBS JACK,0.3212,0.007,0.6718
SPADES QUEEN CLUBS QUEEN,0.1352,0.0244,0.8404
CLUBS TEN HEARTS THREE,0.377,0.025,0.598
CLUBS TEN DIAMONDS KING,0.3222,0.0058,0.672
SPADES JACK CLUBS QUEEN,0.3196,0.0098,0.6706
CLUBS SIX CLUBS QUEEN,0.3388,0.0098,0.6514
SPADES TEN CLUBS QUEEN,0.2988,0.011,0.6902
CLUBS SIX CLUBS KING,0.339,0.0068,0.6542
CLUBS SIX CLUBS ACE,0.3276,0.0032,0.6692
HEARTS FIVE HEARTS KING,0.327,0.0064,0.6666
HEARTS FIVE HEARTS QUEEN,0.3308,0.0114,0.6578
CLUBS TEN CLUBS SIX,0.3192,0.023,0.6578
HEARTS FIVE HEARTS ACE,0.317,0.0048,0.6782
CLUBS SIX CLUBS JACK,0.3386,0.0176,0.6438
SPADES SEVEN HEARTS JACK,0.3554,0.019,0.6256
SPADES SEVEN HEARTS TEN,0.323,0.026,0.651
DIAMONDS TWO CLUBS TWO,0.3782,0.0834,0.5384
DIAMONDS TWO CLUBS THREE,0.6132,0.0484,0.3384
DIAMONDS TWO HEARTS SIX,0.5998,0.0456,0.3546
DIAMONDS TWO HEARTS QUEEN,0.385,0.0126,0.6024
HEARTS SEVEN DIAMONDS TWO,0.6094,0.0472,0.3434
DIAMONDS TWO HEARTS KING,0.3898,0.0106,0.5996
DIAMONDS TWO HEARTS EIGHT,0.6046,0.044,0.3514
DIAMONDS TWO HEARTS ACE,0.3698,0.0052,0.625
DIAMONDS TWO HEARTS NINE,0.262,0.5262,0.2118
DIAMONDS TWO DIAMONDS QUEEN,0.3546,0.017,0.6284
DIAMONDS TWO HEARTS TWO,0.38,0.0832,0.5368
DIAMONDS TWO DIAMONDS KING,0.3758,0.0126,0.6116
DIAMONDS TWO HEARTS THREE,0.6076,0.0538,0.3386
DIAMONDS TWO DIAMONDS ACE,0.3586,0.0056,0.6358
HEARTS FOUR DIAMONDS TWO,0.6486,0.1034,0.248
HEARTS FIVE DIAMONDS TWO,0.588,0.0498,0.3622
SPADES SEVEN HEARTS ACE,0.3524,0.0054,0.6422
DIAMONDS TWO DIAMONDS TEN,0.3666,0.03,0.6034
SPADES SEVEN HEARTS KING,0.373,0.0072,0.6198
DIAMONDS TWO DIAMONDS JACK,0.381,0.0172,0.6018
SPADES SEVEN HEARTS QUEEN,0.351,0.0112,0.6378
DIAMONDS TWO SPADES EIGHT,0.601,0.0446,0.3544
DIAMONDS TWO SPADES SEVEN,0.6138,0.0468,0.3394
DIAMONDS TWO SPADES SIX,0.6134,0.0472,0.3394
DIAMONDS TWO SPADES FIVE,0.602,0.0462,0.3518
DIAMONDS TWO SPADES FOUR,0.6536,0.1102,0.2362
DIAMONDS TWO SPADES THREE,0.6094,0.0468,0.3438
DIAMONDS TWO SPADES TWO,0.3822,0.084,0.5338
CLUBS NINE DIAMONDS TWO,0.2684,0.5178,0.2138
DIAMONDS TWO CLUBS EIGHT,0.6108,0.047,0.3422
CLUBS SEVEN DIAMONDS TWO,0.601,0.0448,0.3542
DIAMONDS TWO CLUBS SIX,0.5998,0.047,0.3532
DIAMONDS TWO CLUBS FIVE,0.5708,0.047,0.3822
DIAMONDS TWO CLUBS FOUR,0.6346,0.1092,0.2562
CLUBS FOUR SPADES FIVE,0.6094,0.1034,0.2872
CLUBS FOUR SPADES FOUR,0.2706,0.0654,0.664
CLUBS FOUR SPADES THREE,0.6176,0.1106,0.2718
CLUBS FOUR SPADES TWO,0.6336,0.1104,0.256
SPADES EIGHT CLUBS FOUR,0.663,0.1048,0.2322
SPADES SEVEN CLUBS FOUR,0.6404,0.1012,0.2584
SPADES SIX CLUBS FOUR,0.6334,0.1,0.2666
SPADES ACE DIAMONDS SIX,0.3456,0.006,0.6484
SPADES QUEEN DIAMONDS SIX,0.3428,0.0112,0.646
SPADES KING DIAMONDS SIX,0.3454,0.0056,0.649
SPADES TEN DIAMONDS SIX,0.3286,0.029,0.6424
SPADES JACK DIAMONDS SIX,0.35,0.0212,0.6288
SPADES QUEEN SPADES TWO,0.3792,0.0112,0.6096
SPADES KING SPADES TWO,0.3728,0.0088,0.6184
SPADES ACE SPADES TWO,0.3684,0.0034,0.6282
DIAMONDS JACK CLUBS JACK,0.1314,0.0286,0.84
CLUBS TEN DIAMONDS JACK,0.2962,0.0162,0.6876
DIAMONDS JACK CLUBS KING,0.3254,0.0064,0.6682
DIAMONDS JACK CLUBS QUEEN,0.3108,0.0098,0.6794
DIAMONDS THREE DIAMONDS JACK,0.3802,0.0202,0.5996
DIAMONDS THREE DIAMONDS TEN,0.37,0.0284,0.6016
DIAMONDS JACK CLUBS ACE,0.32,0.004,0.676
DIAMONDS THREE DIAMONDS KING,0.3674,0.0078,0.6248
DIAMONDS THREE HEARTS THREE,0.3698,0.0888,0.5414
DIAMONDS THREE DIAMONDS QUEEN,0.3632,0.0124,0.6244
DIAMONDS THREE HEARTS TWO,0.6144,0.0446,0.341
HEARTS FIVE DIAMONDS THREE,0.569,0.046,0.385
DIAMONDS THREE DIAMONDS ACE,0.3652,0.0052,0.6296
HEARTS FOUR DIAMONDS THREE,0.6178,0.1062,0.276
HEARTS SEVEN DIAMONDS THREE,0.596,0.0464,0.3576
HEARTS SIX DIAMONDS THREE,0.5796,0.045,0.3754
DIAMONDS THREE HEARTS NINE,0.2596,0.5292,0.2112
HEARTS ACE HEARTS KING,0.3132,0.0048,0.682
SPADES TEN SPADES TWO,0.3516,0.0296,0.6188
DIAMONDS THREE HEARTS EIGHT,0.599,0.0452,0.3558
SPADES JACK SPADES TWO,0.35,0.0214,0.6286
DIAMONDS THREE SPADES EIGHT,0.614,0.0494,0.3366
DIAMONDS THREE SPADES SEVEN,0.607,0.0438,0.3492
DIAMONDS THREE SPADES SIX,0.5852,0.0482,0.3666
DIAMONDS THREE CLUBS SIX,0.583,0.0448,0.3722
CLUBS FIVE CLUBS SIX,0.5002,0.0394,0.4604
CLUBS SEVEN DIAMONDS THREE,0.5872,0.0448,0.368
CLUBS SEVEN CLUBS FIVE,0.5094,0.0406,0.45
DIAMONDS THREE CLUBS FOUR,0.6182,0.1128,0.269
DIAMONDS THREE CLUBS FIVE,0.5516,0.048,0.4004
DIAMONDS THREE CLUBS TWO,0.6108,0.0486,0.3406
DIAMONDS THREE CLUBS THREE,0.3854,0.0826,0.532
DIAMONDS THREE SPADES FOUR,0.6258,0.1098,0.2644
DIAMONDS THREE SPADES FIVE,0.5722,0.0444,0.3834
DIAMONDS THREE SPADES TWO,0.6214,0.0468,0.3318
DIAMONDS THREE SPADES THREE,0.3746,0.0876,0.5378
CLUBS EIGHT DIAMONDS THREE,0.603,0.0478,0.3492
CLUBS NINE DIAMONDS THREE,0.2598,0.5326,0.2076
SPADES SEVEN CLUBS ACE,0.351,0.0052,0.6438
SPADES SEVEN CLUBS QUEEN,0.3686,0.0094,0.622
SPADES SEVEN CLUBS KING,0.3498,0.009,0.6412
CLUBS FIVE SPADES SEVEN,0.5452,0.0386,0.4162
CLUBS TEN SPADES SEVEN,0.3306,0.0262,0.6432
CLUBS FIVE SPADES SIX,0.538,0.0446,0.4174
SPADES SEVEN CLUBS JACK,0.3612,0.015,0.6238
CLUBS FIVE SPADES EIGHT,0.5512,0.0428,0.406
CLUBS FIVE SPADES THREE,0.5634,0.046,0.3906
CLUBS FIVE SPADES TWO,0.5808,0.05,0.3692
CLUBS FIVE SPADES FIVE,0.2784,0.0726,0.649
CLUBS FIVE SPADES FOUR,0.5972,0.1108,0.292
CLUBS NINE CLUBS FIVE,0.1934,0.4376,0.369
CLUBS EIGHT CLUBS FIVE,0.5266,0.038,0.4354
CLUBS ACE CLUBS QUEEN,0.299,0.0046,0.6964
CLUBS KING CLUBS QUEEN,0.3088,0.0078,0.6834
CLUBS TEN DIAMONDS NINE,0.2264,0.0764,0.6972
DIAMONDS NINE CLUBS JACK,0.225,0.0636,0.7114
DIAMONDS JACK HEARTS TEN,0.3074,0.0142,0.6784
DIAMONDS TWO SPADES TEN,0.3878,0.0284,0.5838
DIAMONDS NINE CLUBS ACE,0.212,0.0242,0.7638
DIAMONDS JACK HEARTS JACK,0.1386,0.028,0.8334
DIAMONDS TWO SPADES JACK,0.386,0.0208,0.5932
DIAMONDS NINE CLUBS QUEEN,0.2264,0.055,0.7186
DIAMONDS NINE CLUBS KING,0.2226,0.039,0.7384
HEARTS ACE DIAMONDS JACK,0.3186,0.0064,0.675
SPADES ACE DIAMONDS TWO,0.3816,0.0058,0.6126
HEARTS QUEEN DIAMONDS JACK,0.3038,0.0128,0.6834
SPADES QUEEN DIAMONDS TWO,0.3978,0.0126,0.5896
HEARTS KING DIAMONDS JACK,0.314,0.0088,0.6772
SPADES KING DIAMONDS TWO,0.4008,0.0084,0.5908
SPADES JACK SPADES SEVEN,0.3306,0.017,0.6524
SPADES TEN SPADES SEVEN,0.3254,0.0278,0.6468
CLUBS SEVEN CLUBS THREE,0.548,0.0426,0.4094
CLUBS SIX CLUBS THREE,0.5394,0.0472,0.4134
CLUBS FIVE CLUBS THREE,0.5352,0.0384,0.4264
CLUBS THREE CLUBS FOUR,0.5764,0.112,0.3116
CLUBS NINE CLUBS THREE,0.244,0.495,0.261
CLUBS EIGHT CLUBS THREE,0.5632,0.041,0.3958
CLUBS THREE SPADES FIVE,0.5758,0.0518,0.3724
CLUBS THREE SPADES FOUR,0.6198,0.104,0.2762
CLUBS THREE SPADES THREE,0.3688,0.0844,0.5468
CLUBS THREE SPADES TWO,0.6096,0.0496,0.3408
CLUBS THREE SPADES SIX,0.6004,0.041,0.3586
SPADES SEVEN CLUBS THREE,0.593,0.0432,0.3638
SPADES EIGHT CLUBS THREE,0.6092,0.0426,0.3482
DIAMONDS TEN DIAMONDS FIVE,0.3294,0.0254,0.6452
DIAMONDS JACK DIAMONDS FIVE,0.3246,0.0176,0.6578
DIAMONDS NINE HEARTS QUEEN,0.2274,0.0448,0.7278
DIAMONDS NINE HEARTS KING,0.2332,0.037,0.7298
HEARTS ACE DIAMONDS NINE,0.2126,0.0284,0.759
DIAMONDS NINE HEARTS TEN,0.2148,0.0756,0.7096
DIAMONDS NINE HEARTS JACK,0.2186,0.0652,0.7162
DIAMONDS SIX CLUBS KING,0.3416,0.0092,0.6492
DIAMONDS SIX CLUBS QUEEN,0.3414,0.011,0.6476
CLUBS ACE DIAMONDS SIX,0.3612,0.0048,0.634
SPADES ACE SPADES SEVEN,0.3416,0.0062,0.6522
SPADES QUEEN SPADES SEVEN,0.3454,0.0106,0.644
DIAMONDS SIX CLUBS JACK,0.3542,0.0186,0.6272
SPADES KING SPADES SEVEN,0.3414,0.0104,0.6482
CLUBS TEN DIAMONDS SIX,0.335,0.0266,0.6384
CLUBS NINE CLUBS FOUR,0.019,0.9074,0.0736
CLUBS EIGHT CLUBS FOUR,0.6056,0.0998,0.2946
CLUBS FIVE CLUBS FOUR,0.5628,0.102,0.3352
CLUBS SEVEN CLUBS FOUR,0.587,0.1024,0.3106
CLUBS SIX CLUBS FOUR,0.585,0.0948,0.3202
CLUBS SEVEN SPADES EIGHT,0.53,0.042,0.428
CLUBS SEVEN SPADES SIX,0.5352,0.0434,0.4214
CLUBS SEVEN SPADES SEVEN,0.2704,0.0706,0.659
CLUBS SEVEN SPADES FIVE,0.548,0.0436,0.4084
CLUBS SEVEN SPADES FOUR,0.6512,0.097,0.2518
CLUBS SEVEN SPADES THREE,0.5848,0.0428,0.3724
CLUBS SEVEN SPADES TWO,0.5966,0.0424,0.361
CLUBS NINE CLUBS SEVEN,0.2198,0.2726,0.5076
CLUBS SEVEN CLUBS EIGHT,0.4954,0.0324,0.4722
HEARTS SIX DIAMONDS FIVE,0.525,0.0464,0.4286
HEARTS SEVEN DIAMONDS FIVE,0.5302,0.0414,0.4284
DIAMONDS FIVE HEARTS EIGHT,0.5488,0.0426,0.4086
DIAMONDS FIVE HEARTS NINE,0.2136,0.4648,0.3216
DIAMONDS QUEEN DIAMONDS FIVE,0.3326,0.0112,0.6562
HEARTS TWO DIAMONDS FIVE,0.5756,0.0412,0.3832
HEARTS KING HEARTS EIGHT,0.3322,0.0064,0.6614
DIAMONDS KING DIAMONDS FIVE,0.3294,0.0086,0.662
HEARTS THREE DIAMONDS FIVE,0.5602,0.0466,0.3932
HEARTS QUEEN HEARTS EIGHT,0.3238,0.0102,0.666
DIAMONDS ACE DIAMONDS FIVE,0.317,0.0058,0.6772
HEARTS FOUR DIAMONDS FIVE,0.6022,0.103,0.2948
HEARTS FIVE DIAMONDS FIVE,0.277,0.0822,0.6408
HEARTS ACE HEARTS EIGHT,0.3312,0.0034,0.6654
CLUBS FOUR DIAMONDS FIVE,0.597,0.1088,0.2942
CLUBS FIVE DIAMONDS FIVE,0.2746,0.0858,0.6396
CLUBS SIX DIAMONDS FIVE,0.5256,0.047,0.4274
CLUBS SEVEN DIAMONDS FIVE,0.5356,0.049,0.4154
CLUBS TWO DIAMONDS FIVE,0.5772,0.0446,0.3782
CLUBS THREE DIAMONDS FIVE,0.568,0.0478,0.3842
SPADES THREE DIAMONDS FIVE,0.5816,0.0442,0.3742
SPADES TWO DIAMONDS FIVE,0.5692,0.046,0.3848
SPADES JACK DIAMONDS EIGHT,0.3158,0.0204,0.6638
SPADES FIVE DIAMONDS FIVE,0.2636,0.0874,0.649
CLUBS TEN HEARTS JACK,0.3082,0.0114,0.6804
SPADES TEN DIAMONDS EIGHT,0.326,0.0258,0.6482
SPADES FOUR DIAMONDS FIVE,0.6164,0.1078,0.2758
HEARTS JACK CLUBS JACK,0.1458,0.0282,0.826
HEARTS JACK CLUBS QUEEN,0.3162,0.0092,0.6746
CLUBS NINE DIAMONDS FIVE,0.211,0.4582,0.3308
CLUBS KING HEARTS JACK,0.3218,0.0066,0.6716
CLUBS EIGHT DIAMONDS FIVE,0.542,0.0454,0.4126
CLUBS ACE HEARTS JACK,0.3376,0.0046,0.6578
SPADES SEVEN DIAMONDS FIVE,0.5358,0.0464,0.4178
SPADES KING DIAMONDS EIGHT,0.3646,0.0062,0.6292
SPADES SIX DIAMONDS FIVE,0.5284,0.0554,0.4162
SPADES QUEEN DIAMONDS EIGHT,0.3396,0.01,0.6504
SPADES EIGHT DIAMONDS FIVE,0.549,0.0448,0.4062
SPADES ACE DIAMONDS EIGHT,0.3486,0.0032,0.6482
DIAMONDS TEN DIAMONDS SIX,0.3356,0.0262,0.6382
HEARTS ACE DIAMONDS SEVEN,0.3444,0.0032,0.6524
DIAMONDS JACK DIAMONDS SIX,0.3276,0.0164,0.656
HEARTS QUEEN DIAMONDS SEVEN,0.352,0.0156,0.6324
HEARTS KING DIAMONDS SEVEN,0.3534,0.0076,0.639
DIAMONDS ACE DIAMONDS SIX,0.3358,0.0042,0.66
HEARTS FOUR DIAMONDS SIX,0.6282,0.1002,0.2716
SPADES TWO HEARTS JACK,0.39,0.0178,0.5922
HEARTS FIVE DIAMONDS SIX,0.5324,0.0434,0.4242
SPADES TWO HEARTS TEN,0.3888,0.0264,0.5848
DIAMONDS QUEEN DIAMONDS SIX,0.3386,0.011,0.6504
HEARTS TWO DIAMONDS SIX,0.587,0.0436,0.3694
DIAMONDS KING DIAMONDS SIX,0.3362,0.0096,0.6542
HEARTS THREE DIAMONDS SIX,0.5902,0.0452,0.3646
DIAMONDS SIX HEARTS EIGHT,0.5402,0.0446,0.4152
DIAMONDS SIX HEARTS NINE,0.2126,0.375,0.4124
HEARTS SIX DIAMONDS SIX,0.263,0.0714,0.6656
HEARTS SEVEN DIAMONDS SIX,0.535,0.0432,0.4218
HEARTS TEN DIAMONDS SEVEN,0.3252,0.0304,0.6444
CLUBS TWO DIAMONDS SIX,0.598,0.0416,0.3604
HEARTS JACK DIAMONDS SEVEN,0.3418,0.0178,0.6404
CLUBS THREE DIAMONDS SIX,0.574,0.0466,0.3794
CLUBS SEVEN DIAMONDS SIX,0.5324,0.0444,0.4232
DIAMONDS EIGHT CLUBS JACK,0.3394,0.0176,0.643
CLUBS SIX DIAMONDS SIX,0.2718,0.0768,0.6514
CLUBS TEN DIAMONDS EIGHT,0.3188,0.0258,0.6554
CLUBS FIVE DIAMONDS SIX,0.538,0.0482,0.4138
CLUBS FOUR DIAMONDS SIX,0.6102,0.1146,0.2752
HEARTS ACE HEARTS JACK,0.3032,0.0038,0.693
CLUBS ACE DIAMONDS EIGHT,0.3472,0.0058,0.647
HEARTS QUEEN HEARTS JACK,0.282,0.0108,0.7072
CLUBS KING DIAMONDS EIGHT,0.3622,0.0082,0.6296
CLUBS NINE DIAMONDS SIX,0.2096,0.386,0.4044
HEARTS KING HEARTS JACK,0.3026,0.0048,0.6926
CLUBS QUEEN DIAMONDS EIGHT,0.3496,0.008,0.6424
CLUBS EIGHT DIAMONDS SIX,0.5304,0.0428,0.4268
SPADES TEN HEARTS KING,0.3102,0.0074,0.6824
SPADES FIVE DIAMONDS SIX,0.5426,0.0446,0.4128
HEARTS ACE SPADES TWO,0.374,0.005,0.621
SPADES JACK HEARTS KING,0.3166,0.0112,0.6722
SPADES FOUR DIAMONDS SIX,0.6234,0.1086,0.268
SPADES THREE DIAMONDS SIX,0.5798,0.0452,0.375
HEARTS QUEEN SPADES TWO,0.3904,0.0098,0.5998
SPADES ACE SPADES KING,0.3204,0.0048,0.6748
SPADES TWO HEARTS KING,0.4148,0.007,0.5782
SPADES TWO DIAMONDS SIX,0.588,0.0462,0.3658
HEARTS TEN HEARTS EIGHT,0.317,0.022,0.661
HEARTS JACK HEARTS EIGHT,0.3202,0.0186,0.6612
SPADES EIGHT DIAMONDS SIX,0.5334,0.044,0.4226
SPADES SEVEN DIAMONDS SIX,0.5392,0.0398,0.421
SPADES SIX DIAMONDS SIX,0.2696,0.0724,0.658
SPADES KING HEARTS KING,0.1276,0.0142,0.8582
SPADES QUEEN HEARTS KING,0.3278,0.0086,0.6636
CLUBS ACE CLUBS KING,0.3092,0.0046,0.6862
SPADES ACE HEARTS KING,0.3272,0.0048,0.668
SPADES ACE HEARTS JACK,0.325,0.0054,0.6696
SPADES QUEEN HEARTS JACK,0.313,0.0104,0.6766
SPADES KING HEARTS JACK,0.3234,0.0082,0.6684
SPADES TEN DIAMONDS TEN,0.1358,0.0336,0.8306
SPADES JACK DIAMONDS TEN,0.302,0.014,0.684
SPADES ACE DIAMONDS TEN,0.313,0.0036,0.6834
SPADES JACK HEARTS JACK,0.1352,0.0294,0.8354
SPADES TEN HEARTS JACK,0.3068,0.0146,0.6786
SPADES QUEEN DIAMONDS TEN,0.3034,0.0116,0.685
SPADES KING DIAMONDS TEN,0.3144,0.0096,0.676
SPADES EIGHT DIAMONDS SEVEN,0.5226,0.04,0.4374
SPADES SEVEN DIAMONDS SEVEN,0.2662,0.0716,0.6622
SPADES SIX DIAMONDS SEVEN,0.5294,0.0446,0.426
DIAMONDS KING DIAMONDS SEVEN,0.338,0.0092,0.6528
HEARTS THREE DIAMONDS SEVEN,0.5824,0.0388,0.3788
HEARTS KING DIAMONDS FIVE,0.3534,0.0062,0.6404
DIAMONDS QUEEN DIAMONDS SEVEN,0.333,0.0122,0.6548
HEARTS TWO DIAMONDS SEVEN,0.5992,0.0462,0.3546
HEARTS QUEEN DIAMONDS FIVE,0.354,0.01,0.636
HEARTS FIVE DIAMONDS SEVEN,0.5404,0.0512,0.4084
DIAMONDS ACE DIAMONDS SEVEN,0.3392,0.0042,0.6566
HEARTS FOUR DIAMONDS SEVEN,0.6314,0.1,0.2686
HEARTS ACE DIAMONDS FIVE,0.3342,0.0042,0.6616
HEARTS SEVEN DIAMONDS SEVEN,0.2712,0.0676,0.6612
HEARTS SIX DIAMONDS SEVEN,0.5236,0.042,0.4344
HEARTS NINE DIAMONDS SEVEN,0.215,0.2954,0.4896
HEARTS EIGHT DIAMONDS SEVEN,0.5278,0.0406,0.4316
DIAMONDS JACK DIAMONDS SEVEN,0.3288,0.0148,0.6564
HEARTS JACK DIAMONDS FIVE,0.3446,0.0172,0.6382
DIAMONDS TEN DIAMONDS SEVEN,0.3132,0.0278,0.659
HEARTS TEN DIAMONDS FIVE,0.3538,0.023,0.6232
SPADES KING CLUBS TWO,0.3844,0.0102,0.6054
HEARTS KING CLUBS KING,0.1436,0.0154,0.841
CLUBS EIGHT DIAMONDS SEVEN,0.5208,0.0464,0.4328
SPADES QUEEN CLUBS TWO,0.3804,0.0126,0.607
HEARTS KING CLUBS QUEEN,0.3146,0.0056,0.6798
CLUBS NINE DIAMONDS SEVEN,0.21,0.2886,0.5014
SPADES TWO CLUBS JACK,0.4006,0.0198,0.5796
SPADES ACE CLUBS TWO,0.373,0.0064,0.6206
CLUBS TEN SPADES TWO,0.3832,0.0324,0.5844
HEARTS KING CLUBS ACE,0.3354,0.0036,0.661
CLUBS SEVEN CLUBS SIX,0.498,0.0412,0.4608
SPADES TWO CLUBS KING,0.3952,0.0088,0.596
SPADES TWO DIAMONDS SEVEN,0.6058,0.0444,0.3498
CLUBS EIGHT CLUBS SIX,0.4968,0.0412,0.462
SPADES THREE DIAMONDS SEVEN,0.6026,0.0434,0.354
SPADES TWO CLUBS QUEEN,0.3918,0.0134,0.5948
CLUBS NINE CLUBS SIX,0.2088,0.347,0.4442
SPADES FOUR DIAMONDS SEVEN,0.6298,0.1088,0.2614
HEARTS KING CLUBS JACK,0.3058,0.0058,0.6884
SPADES FIVE DIAMONDS SEVEN,0.5462,0.0406,0.4132
SPADES TWO CLUBS ACE,0.388,0.007,0.605
CLUBS TEN HEARTS KING,0.323,0.0078,0.6692
CLUBS SIX SPADES TWO,0.6184,0.041,0.3406
CLUBS SIX SPADES THREE,0.5942,0.0482,0.3576
CLUBS TWO DIAMONDS SEVEN,0.5994,0.0462,0.3544
CLUBS SIX SPADES FOUR,0.6252,0.0912,0.2836
CLUBS THREE DIAMONDS SEVEN,0.592,0.0382,0.3698
CLUBS SIX SPADES FIVE,0.5412,0.045,0.4138
CLUBS FOUR DIAMONDS SEVEN,0.6286,0.1046,0.2668
CLUBS SIX SPADES SIX,0.2688,0.0818,0.6494
CLUBS FIVE DIAMONDS SEVEN,0.5374,0.0422,0.4204
CLUBS SIX SPADES SEVEN,0.5364,0.0402,0.4234
CLUBS SIX DIAMONDS SEVEN,0.5194,0.0426,0.438
SPADES EIGHT CLUBS SIX,0.543,0.039,0.418
SPADES JACK CLUBS TWO,0.3884,0.02,0.5916
CLUBS SEVEN DIAMONDS SEVEN,0.2642,0.0676,0.6682
SPADES TEN CLUBS TWO,0.3866,0.0294,0.584
CLUBS TWO CLUBS QUEEN,0.3654,0.0118,0.6228
CLUBS TWO CLUBS KING,0.3644,0.0064,0.6292
CLUBS THREE DIAMONDS EIGHT,0.606,0.0448,0.3492
CLUBS TWO CLUBS ACE,0.3502,0.0036,0.6462
CLUBS TWO DIAMONDS EIGHT,0.6056,0.0454,0.349
HEARTS SEVEN DIAMONDS EIGHT,0.5246,0.042,0.4334
HEARTS SIX DIAMONDS EIGHT,0.5322,0.0402,0.4276
DIAMONDS EIGHT HEARTS NINE,0.2172,0.2228,0.56
CLUBS TEN CLUBS TWO,0.3724,0.029,0.5986
HEARTS EIGHT DIAMONDS EIGHT,0.2684,0.0628,0.6688
CLUBS TWO CLUBS JACK,0.3608,0.0192,0.62
CLUBS NINE DIAMONDS EIGHT,0.2102,0.2346,0.5552
CLUBS EIGHT DIAMONDS EIGHT,0.263,0.0652,0.6718
CLUBS FIVE DIAMONDS EIGHT,0.5526,0.0432,0.4042
SPADES ACE SPADES THREE,0.364,0.0064,0.6296
CLUBS FOUR DIAMONDS EIGHT,0.6386,0.1038,0.2576
CLUBS SEVEN DIAMONDS EIGHT,0.5238,0.0426,0.4336
SPADES QUEEN SPADES THREE,0.3732,0.0112,0.6156
CLUBS SIX DIAMONDS EIGHT,0.5312,0.0412,0.4276
SPADES KING SPADES THREE,0.369,0.009,0.622
DIAMONDS QUEEN DIAMONDS EIGHT,0.3298,0.0122,0.658
HEARTS TWO DIAMONDS EIGHT,0.5932,0.046,0.3608
DIAMONDS KING DIAMONDS EIGHT,0.3416,0.0046,0.6538
HEARTS THREE DIAMONDS EIGHT,0.6036,0.0512,0.3452
DIAMONDS ACE DIAMONDS EIGHT,0.324,0.0066,0.6694
HEARTS FOUR DIAMONDS EIGHT,0.6348,0.1066,0.2586
HEARTS FIVE DIAMONDS EIGHT,0.552,0.0458,0.4022
DIAMONDS TEN DIAMONDS EIGHT,0.3114,0.0236,0.665
DIAMONDS JACK DIAMONDS EIGHT,0.3294,0.018,0.6526
SPADES JACK SPADES THREE,0.3788,0.0168,0.6044
SPADES TEN SPADES THREE,0.3624,0.0288,0.6088
CLUBS FOUR HEARTS ACE,0.241,0.0214,0.7376
CLUBS FOUR HEARTS QUEEN,0.2386,0.0474,0.714
CLUBS FOUR HEARTS KING,0.2492,0.0274,0.7234
CLUBS SIX HEARTS TEN,0.334,0.0276,0.6384
CLUBS SIX HEARTS JACK,0.3548,0.0192,0.626
SPADES FOUR DIAMONDS EIGHT,0.647,0.1038,0.2492
SPADES FIVE DIAMONDS EIGHT,0.5496,0.043,0.4074
SPADES TWO DIAMONDS EIGHT,0.5938,0.0482,0.358
SPADES THREE DIAMONDS EIGHT,0.6098,0.0456,0.3446
CLUBS FOUR HEARTS JACK,0.2478,0.0572,0.695
SPADES EIGHT DIAMONDS EIGHT,0.2512,0.0614,0.6874
SPADES TEN DIAMONDS QUEEN,0.3038,0.0106,0.6856
SPADES TEN HEARTS TWO,0.3902,0.0284,0.5814
SPADES JACK HEARTS EIGHT,0.3448,0.0188,0.6364
CLUBS FOUR HEARTS TEN,0.237,0.0854,0.6776
SPADES TEN HEARTS EIGHT,0.3186,0.027,0.6544
SPADES JACK HEARTS TWO,0.4004,0.0172,0.5824
SPADES JACK DIAMONDS QUEEN,0.2984,0.012,0.6896
SPADES SIX DIAMONDS EIGHT,0.5298,0.0452,0.425
SPADES SEVEN DIAMONDS EIGHT,0.531,0.04,0.429
SPADES ACE HEARTS TWO,0.376,0.006,0.618
SPADES ACE DIAMONDS QUEEN,0.321,0.005,0.674
SPADES ACE HEARTS EIGHT,0.3446,0.0044,0.651
SPADES KING HEARTS EIGHT,0.3546,0.0078,0.6376
SPADES QUEEN HEARTS TWO,0.4008,0.0128,0.5864
SPADES QUEEN DIAMONDS QUEEN,0.127,0.0214,0.8516
SPADES KING DIAMONDS QUEEN,0.3134,0.0074,0.6792
SPADES KING HEARTS TWO,0.3766,0.009,0.6144
SPADES QUEEN HEARTS EIGHT,0.3476,0.0134,0.639
CLUBS TWO HEARTS TEN,0.3922,0.0252,0.5826
CLUBS TWO HEARTS JACK,0.3838,0.0184,0.5978
SPADES SEVEN DIAMONDS NINE,0.2102,0.3024,0.4874
SPADES SIX DIAMONDS NINE,0.2156,0.3726,0.4118
SPADES EIGHT DIAMONDS NINE,0.2058,0.2244,0.5698
SPADES TEN CLUBS KING,0.318,0.0068,0.6752
DIAMONDS NINE SPADES THREE,0.249,0.536,0.215
SPADES JACK CLUBS KING,0.3162,0.0054,0.6784
DIAMONDS NINE SPADES TWO,0.256,0.53,0.214
SPADES FIVE DIAMONDS NINE,0.2072,0.4686,0.3242
SPADES FOUR DIAMONDS NINE,0.007,0.9848,0.0082
CLUBS NINE DIAMONDS NINE,0.0692,0.0626,0.8682
CLUBS EIGHT DIAMONDS NINE,0.2152,0.2156,0.5692
CLUBS SIX DIAMONDS NINE,0.2068,0.3718,0.4214
SPADES JACK CLUBS FOUR,0.2254,0.0568,0.7178
CLUBS SEVEN DIAMONDS NINE,0.2208,0.302,0.4772
SPADES TEN CLUBS FOUR,0.2344,0.084,0.6816
CLUBS FOUR DIAMONDS NINE,0.0094,0.9694,0.0212
CLUBS FIVE DIAMONDS NINE,0.2176,0.456,0.3264
CLUBS TWO DIAMONDS NINE,0.2512,0.5246,0.2242
CLUBS THREE DIAMONDS NINE,0.2496,0.523,0.2274
DIAMONDS NINE HEARTS EIGHT,0.211,0.2258,0.5632
DIAMONDS NINE HEARTS NINE,0.0764,0.0674,0.8562
HEARTS SIX DIAMONDS NINE,0.2124,0.3724,0.4152
HEARTS SEVEN DIAMONDS NINE,0.2042,0.3088,0.487
CLUBS NINE CLUBS EIGHT,0.2056,0.2196,0.5748
DIAMONDS ACE DIAMONDS NINE,0.2154,0.0252,0.7594
HEARTS FOUR DIAMONDS NINE,0.0112,0.9704,0.0184
HEARTS FIVE DIAMONDS NINE,0.2116,0.4602,0.3282
HEARTS ACE CLUBS TWO,0.3718,0.0042,0.624
SPADES ACE CLUBS FOUR,0.2334,0.0212,0.7454
DIAMONDS NINE DIAMONDS QUEEN,0.215,0.0466,0.7384
HEARTS TWO DIAMONDS NINE,0.257,0.5214,0.2216
CLUBS TWO HEARTS KING,0.3974,0.0082,0.5944
SPADES KING CLUBS FOUR,0.2354,0.0308,0.7338
DIAMONDS KING DIAMONDS NINE,0.2178,0.038,0.7442
HEARTS THREE DIAMONDS NINE,0.2534,0.523,0.2236
CLUBS TWO HEARTS QUEEN,0.4028,0.0164,0.5808
SPADES QUEEN CLUBS FOUR,0.2398,0.0458,0.7144
DIAMONDS NINE DIAMONDS JACK,0.209,0.0668,0.7242
DIAMONDS TEN DIAMONDS NINE,0.2184,0.077,0.7046
CLUBS EIGHT SPADES EIGHT,0.2642,0.0654,0.6704
CLUBS EIGHT SPADES SEVEN,0.5234,0.0462,0.4304
CLUBS EIGHT SPADES SIX,0.5344,0.0464,0.4192
CLUBS EIGHT SPADES FIVE,0.5444,0.0438,0.4118
CLUBS EIGHT SPADES FOUR,0.6424,0.112,0.2456
CLUBS EIGHT SPADES THREE,0.605,0.0438,0.3512
CLUBS EIGHT SPADES TWO,0.6156,0.0434,0.341
HEARTS SIX DIAMONDS TEN,0.3418,0.0226,0.6356
HEARTS SEVEN DIAMONDS TEN,0.3266,0.0238,0.6496
DIAMONDS TEN HEARTS EIGHT,0.3228,0.0264,0.6508
CLUBS FOUR CLUBS JACK,0.2268,0.0572,0.716
DIAMONDS TEN HEARTS NINE,0.218,0.075,0.707
CLUBS TEN CLUBS FOUR,0.2212,0.0768,0.702
CLUBS FOUR CLUBS KING,0.2278,0.0296,0.7426
CLUBS FOUR CLUBS QUEEN,0.2178,0.0478,0.7344
DIAMONDS TEN CLUBS TWO,0.3744,0.0294,0.5962
CLUBS THREE DIAMONDS TEN,0.3882,0.029,0.5828
CLUBS FOUR CLUBS ACE,0.2408,0.0206,0.7386
DIAMONDS TEN DIAMONDS JACK,0.2726,0.0168,0.7106
DIAMONDS TEN DIAMONDS QUEEN,0.2932,0.0138,0.693
HEARTS TWO DIAMONDS TEN,0.3854,0.0286,0.586
DIAMONDS KING DIAMONDS TEN,0.31,0.0062,0.6838
HEARTS THREE DIAMONDS TEN,0.3866,0.028,0.5854
DIAMONDS ACE DIAMONDS TEN,0.3022,0.006,0.6918
HEARTS FOUR DIAMONDS TEN,0.2204,0.0738,0.7058
CLUBS EIGHT HEARTS JACK,0.3424,0.0176,0.64
HEARTS FIVE DIAMONDS TEN,0.346,0.028,0.626
CLUBS EIGHT HEARTS TEN,0.3238,0.0234,0.6528
CLUBS EIGHT HEARTS QUEEN,0.3456,0.01,0.6444
CLUBS EIGHT HEARTS KING,0.3676,0.0068,0.6256
CLUBS EIGHT HEARTS ACE,0.3426,0.0048,0.6526
CLUBS NINE SPADES THREE,0.269,0.5202,0.2108
CLUBS NINE SPADES TWO,0.2684,0.5184,0.2132
CLUBS NINE SPADES FIVE,0.2126,0.4582,0.3292
CLUBS NINE SPADES FOUR,0.02,0.9678,0.0122
CLUBS NINE SPADES SEVEN,0.2202,0.297,0.4828
CLUBS NINE SPADES SIX,0.2176,0.383,0.3994
CLUBS TEN HEARTS EIGHT,0.339,0.0232,0.6378
CLUBS NINE SPADES EIGHT,0.2222,0.2394,0.5384
HEARTS EIGHT CLUBS JACK,0.3452,0.0122,0.6426
CLUBS QUEEN HEARTS EIGHT,0.3618,0.0098,0.6284
CLUBS KING HEARTS EIGHT,0.3432,0.0082,0.6486
CLUBS ACE HEARTS EIGHT,0.351,0.0048,0.6442
SPADES KING CLUBS KING,0.1374,0.0146,0.848
SPADES QUEEN CLUBS KING,0.3218,0.0062,0.672
SPADES ACE CLUBS KING,0.3246,0.0046,0.6708
DIAMONDS ACE HEARTS TEN,0.302,0.0026,0.6954
HEARTS FOUR HEARTS TEN,0.2236,0.0778,0.6986
DIAMONDS ACE HEARTS JACK,0.3346,0.003,0.6624
HEARTS FOUR HEARTS JACK,0.2166,0.0554,0.728
SPADES KING CLUBS FIVE,0.3456,0.0084,0.646
SPADES QUEEN CLUBS FIVE,0.3462,0.0108,0.643
SPADES ACE CLUBS FIVE,0.3374,0.005,0.6576
HEARTS SEVEN DIAMONDS JACK,0.3402,0.017,0.6428
HEARTS SIX DIAMONDS JACK,0.3576,0.0152,0.6272
DIAMONDS JACK HEARTS NINE,0.224,0.0648,0.7112
DIAMONDS JACK HEARTS EIGHT,0.3496,0.0158,0.6346
DIAMONDS KING DIAMONDS JACK,0.2964,0.0094,0.6942
HEARTS THREE DIAMONDS JACK,0.3802,0.0166,0.6032
SPADES ACE SPADES SIX,0.3274,0.006,0.6666
HEARTS ACE SPADES FOUR,0.2424,0.024,0.7336
DIAMONDS QUEEN DIAMONDS JACK,0.3082,0.0096,0.6822
HEARTS TWO DIAMONDS JACK,0.3932,0.0188,0.588
HEARTS FIVE DIAMONDS JACK,0.346,0.0184,0.6356
SPADES QUEEN SPADES SIX,0.328,0.0116,0.6604
SPADES FOUR HEARTS QUEEN,0.2436,0.0442,0.7122
DIAMONDS ACE DIAMONDS JACK,0.307,0.0056,0.6874
HEARTS FOUR DIAMONDS JACK,0.236,0.06,0.704
SPADES KING SPADES SIX,0.3382,0.0098,0.652
SPADES FOUR HEARTS KING,0.2322,0.036,0.7318
SPADES TEN SPADES SIX,0.3326,0.0246,0.6428
SPADES JACK SPADES SIX,0.3296,0.0184,0.652
SPADES FOUR DIAMONDS JACK,0.2254,0.0596,0.715
SPADES FIVE DIAMONDS JACK,0.3434,0.0212,0.6354
SPADES TWO DIAMONDS JACK,0.3822,0.0196,0.5982
SPADES THREE DIAMONDS JACK,0.3896,0.0178,0.5926
SPADES ACE DIAMONDS THREE,0.38,0.0068,0.6132
SPADES QUEEN DIAMONDS THREE,0.3872,0.0138,0.599
CLUBS EIGHT DIAMONDS JACK,0.341,0.0188,0.6402
SPADES KING DIAMONDS THREE,0.3956,0.0104,0.594
CLUBS NINE DIAMONDS JACK,0.227,0.0604,0.7126
CLUBS SIX DIAMONDS JACK,0.3592,0.0182,0.6226
CLUBS SEVEN DIAMONDS JACK,0.3392,0.018,0.6428
CLUBS FOUR DIAMONDS JACK,0.2372,0.0576,0.7052
CLUBS FIVE DIAMONDS JACK,0.3446,0.0154,0.64
CLUBS TWO DIAMONDS JACK,0.3856,0.0212,0.5932
CLUBS THREE DIAMONDS JACK,0.3772,0.0154,0.6074
SPADES TEN CLUBS FIVE,0.335,0.0296,0.6354
SPADES JACK HEARTS SIX,0.3636,0.019,0.6174
HEARTS SIX SPADES TEN,0.3386,0.0284,0.633
SPADES JACK CLUBS FIVE,0.3486,0.0154,0.636
SPADES JACK DIAMONDS THREE,0.3816,0.0186,0.5998
CLUBS SEVEN CLUBS ACE,0.3148,0.005,0.6802
DIAMONDS THREE SPADES TEN,0.3822,0.0298,0.588
CLUBS SEVEN CLUBS QUEEN,0.3384,0.0124,0.6492
CLUBS SEVEN CLUBS KING,0.334,0.005,0.661
CLUBS TEN CLUBS SEVEN,0.3068,0.0264,0.6668
DIAMONDS ACE HEARTS ACE,0.1242,0.0042,0.8716
HEARTS FOUR HEARTS ACE,0.2268,0.0186,0.7546
SPADES EIGHT DIAMONDS JACK,0.336,0.02,0.644
SPADES ACE HEARTS SIX,0.3508,0.0054,0.6438
CLUBS SEVEN CLUBS JACK,0.3224,0.0166,0.661
DIAMONDS ACE HEARTS KING,0.3242,0.0054,0.6704
HEARTS FOUR HEARTS KING,0.2168,0.0334,0.7498
SPADES SEVEN DIAMONDS JACK,0.3534,0.016,0.6306
SPADES KING HEARTS SIX,0.3554,0.0074,0.6372
DIAMONDS ACE HEARTS QUEEN,0.315,0.0056,0.6794
HEARTS FOUR HEARTS QUEEN,0.2256,0.0432,0.7312
SPADES SIX DIAMONDS JACK,0.3452,0.0196,0.6352
SPADES QUEEN HEARTS SIX,0.353,0.0142,0.6328
DIAMONDS TEN SPADES TWO,0.3906,0.0304,0.579
DIAMONDS TEN SPADES THREE,0.366,0.025,0.609
DIAMONDS TEN SPADES FOUR,0.2274,0.0754,0.6972
SPADES FIVE DIAMONDS TEN,0.3372,0.028,0.6348
SPADES SIX DIAMONDS TEN,0.341,0.0262,0.6328
SPADES SEVEN DIAMONDS TEN,0.3288,0.0272,0.644
SPADES EIGHT DIAMONDS TEN,0.32,0.0274,0.6526
CLUBS FOUR DIAMONDS TEN,0.2276,0.0814,0.691
CLUBS FIVE DIAMONDS TEN,0.3588,0.0248,0.6164
CLUBS SIX DIAMONDS TEN,0.3446,0.0266,0.6288
CLUBS SEVEN DIAMONDS TEN,0.3326,0.026,0.6414
CLUBS EIGHT DIAMONDS TEN,0.33,0.0208,0.6492
CLUBS NINE DIAMONDS TEN,0.218,0.0786,0.7034
DIAMONDS THREE CLUBS JACK,0.391,0.0154,0.5936
CLUBS TEN DIAMONDS THREE,0.4004,0.0258,0.5738
DIAMONDS THREE CLUBS KING,0.3848,0.008,0.6072
DIAMONDS THREE CLUBS QUEEN,0.3894,0.0148,0.5958
DIAMONDS THREE CLUBS ACE,0.3792,0.006,0.6148
SPADES FOUR HEARTS JACK,0.2312,0.0614,0.7074
SPADES FOUR HEARTS TEN,0.2288,0.0772,0.694
SPADES FIVE SPADES TWO,0.5496,0.0424,0.408
SPADES FOUR SPADES TWO,0.61,0.1024,0.2876
SPADES THREE SPADES TWO,0.566,0.046,0.388
SPADES EIGHT SPADES TWO,0.5658,0.0428,0.3914
SPADES SEVEN SPADES TWO,0.5844,0.0432,0.3724
SPADES SIX SPADES TWO,0.5684,0.0398,0.3918
CLUBS THREE DIAMONDS QUEEN,0.3688,0.0172,0.614
CLUBS THREE HEARTS TWO,0.5966,0.0524,0.351
CLUBS TWO DIAMONDS QUEEN,0.3978,0.0116,0.5906
HEARTS TWO CLUBS TWO,0.3818,0.0808,0.5374
HEARTS SEVEN DIAMONDS QUEEN,0.3656,0.0108,0.6236
HEARTS SEVEN HEARTS TWO,0.5636,0.0426,0.3938
HEARTS SIX DIAMONDS QUEEN,0.3534,0.0154,0.6312
HEARTS SIX HEARTS TWO,0.5494,0.0406,0.41
DIAMONDS QUEEN HEARTS NINE,0.2224,0.048,0.7296
HEARTS TWO HEARTS NINE,0.2406,0.4938,0.2656
DIAMONDS QUEEN HEARTS EIGHT,0.3286,0.0164,0.655
HEARTS TWO HEARTS EIGHT,0.57,0.044,0.386
CLUBS NINE HEARTS TWO,0.2696,0.5128,0.2176
CLUBS NINE DIAMONDS QUEEN,0.2212,0.0494,0.7294
CLUBS EIGHT HEARTS TWO,0.6016,0.0478,0.3506
CLUBS EIGHT DIAMONDS QUEEN,0.3428,0.0094,0.6478
CLUBS FIVE DIAMONDS QUEEN,0.363,0.011,0.626
CLUBS FIVE HEARTS TWO,0.5722,0.0482,0.3796
SPADES EIGHT HEARTS ACE,0.3576,0.004,0.6384
CLUBS FOUR DIAMONDS QUEEN,0.2384,0.0438,0.7178
CLUBS FOUR HEARTS TWO,0.6366,0.1086,0.2548
CLUBS SEVEN DIAMONDS QUEEN,0.3644,0.0108,0.6248
CLUBS SEVEN HEARTS TWO,0.603,0.0482,0.3488
SPADES EIGHT HEARTS QUEEN,0.3464,0.0146,0.639
CLUBS SIX DIAMONDS QUEEN,0.359,0.0118,0.6292
CLUBS SIX HEARTS TWO,0.5908,0.0506,0.3586
SPADES EIGHT HEARTS KING,0.3604,0.0082,0.6314
SPADES SIX DIAMONDS QUEEN,0.357,0.0116,0.6314
SPADES SIX HEARTS TWO,0.6042,0.0428,0.353
HEARTS FOUR CLUBS QUEEN,0.2632,0.0384,0.6984
DIAMONDS ACE CLUBS QUEEN,0.322,0.0036,0.6744
SPADES SEVEN DIAMONDS QUEEN,0.3558,0.0146,0.6296
SPADES SEVEN HEARTS TWO,0.5988,0.0486,0.3526
HEARTS FOUR CLUBS KING,0.2372,0.0332,0.7296
DIAMONDS ACE CLUBS KING,0.3166,0.0032,0.6802
SPADES EIGHT DIAMONDS QUEEN,0.3334,0.0136,0.653
SPADES EIGHT HEARTS TWO,0.6048,0.0476,0.3476
HEARTS FOUR CLUBS ACE,0.2384,0.0196,0.742
DIAMONDS ACE CLUBS ACE,0.1146,0.0036,0.8818
HEARTS TWO SPADES TWO,0.382,0.0802,0.5378
DIAMONDS QUEEN SPADES TWO,0.391,0.014,0.595
HEARTS TWO SPADES THREE,0.6098,0.053,0.3372
SPADES THREE DIAMONDS QUEEN,0.387,0.0124,0.6006
HEARTS TWO SPADES FOUR,0.6334,0.1094,0.2572
SPADES FOUR DIAMONDS QUEEN,0.234,0.0428,0.7232
CLUBS TEN HEARTS FOUR,0.2366,0.0804,0.683
CLUBS TEN DIAMONDS ACE,0.3192,0.0034,0.6774
HEARTS TWO SPADES FIVE,0.5768,0.0444,0.3788
SPADES FIVE DIAMONDS QUEEN,0.3526,0.011,0.6364
HEARTS FOUR CLUBS JACK,0.2312,0.0536,0.7152
DIAMONDS ACE CLUBS JACK,0.318,0.0046,0.6774
CLUBS FIVE CLUBS KING,0.3362,0.0086,0.6552
CLUBS FIVE CLUBS QUEEN,0.3336,0.0098,0.6566
CLUBS FIVE CLUBS ACE,0.3218,0.0038,0.6744
CLUBS FIVE CLUBS JACK,0.338,0.0172,0.6448
CLUBS TEN CLUBS FIVE,0.3288,0.0264,0.6448
SPADES KING CLUBS JACK,0.3108,0.007,0.6822
SPADES QUEEN CLUBS JACK,0.3044,0.0098,0.6858
SPADES ACE CLUBS JACK,0.3194,0.0044,0.6762
SPADES SIX CLUBS KING,0.3536,0.007,0.6394
SPADES SIX CLUBS QUEEN,0.3592,0.0124,0.6284
SPADES EIGHT HEARTS JACK,0.3398,0.0168,0.6434
SPADES SIX CLUBS ACE,0.3588,0.0048,0.6364
SPADES EIGHT HEARTS TEN,0.3298,0.0244,0.6458
SPADES SIX CLUBS JACK,0.3668,0.0188,0.6144
CLUBS TEN SPADES SIX,0.3484,0.0286,0.623
SPADES TEN CLUBS JACK,0.297,0.0138,0.6892
SPADES JACK CLUBS JACK,0.1326,0.028,0.8394
SPADES QUEEN CLUBS SEVEN,0.3726,0.0126,0.6148
SPADES KING CLUBS SEVEN,0.3468,0.0078,0.6454
SPADES ACE CLUBS SEVEN,0.341,0.005,0.654
SPADES SIX HEARTS TEN,0.3446,0.026,0.6294
SPADES SIX HEARTS JACK,0.3526,0.014,0.6334
SPADES SIX HEARTS ACE,0.3556,0.004,0.6404
SPADES SIX HEARTS KING,0.3548,0.0088,0.6364
SPADES SIX HEARTS QUEEN,0.3602,0.0124,0.6274
CLUBS SEVEN SPADES JACK,0.3362,0.019,0.6448
CLUBS SEVEN SPADES TEN,0.3346,0.0258,0.6396
CLUBS TEN HEARTS SIX,0.3546,0.025,0.6204
HEARTS SIX CLUBS JACK,0.3584,0.0164,0.6252
CLUBS ACE CLUBS JACK,0.3046,0.0048,0.6906
HEARTS SIX CLUBS QUEEN,0.3536,0.014,0.6324
HEARTS SIX CLUBS KING,0.3604,0.0082,0.6314
HEARTS SIX CLUBS ACE,0.3512,0.0054,0.6434
CLUBS QUEEN CLUBS JACK,0.2876,0.0086,0.7038
CLUBS KING CLUBS JACK,0.2994,0.0076,0.693
DIAMONDS THREE HEARTS ACE,0.3718,0.0038,0.6244
DIAMONDS THREE HEARTS QUEEN,0.3926,0.0132,0.5942
DIAMONDS THREE HEARTS KING,0.3934,0.0092,0.5974
CLUBS FIVE HEARTS JACK,0.3578,0.016,0.6262
SPADES TEN DIAMONDS ACE,0.305,0.0048,0.6902
HEARTS FOUR SPADES TEN,0.2322,0.072,0.6958
CLUBS FIVE HEARTS TEN,0.3584,0.023,0.6186
HEARTS FOUR SPADES JACK,0.249,0.0496,0.7014
SPADES JACK DIAMONDS ACE,0.2994,0.006,0.6946
SPADES ACE HEARTS FOUR,0.2392,0.0168,0.744
SPADES ACE DIAMONDS ACE,0.1078,0.006,0.8862
CLUBS FIVE HEARTS ACE,0.3458,0.0046,0.6496
CLUBS FIVE HEARTS KING,0.3656,0.008,0.6264
HEARTS FOUR SPADES QUEEN,0.2406,0.0448,0.7146
SPADES QUEEN DIAMONDS ACE,0.3238,0.0066,0.6696
SPADES FOUR CLUBS JACK,0.2354,0.0572,0.7074
CLUBS FIVE HEARTS QUEEN,0.3576,0.0096,0.6328
SPADES KING DIAMONDS ACE,0.316,0.0078,0.6762
SPADES KING HEARTS FOUR,0.2434,0.0354,0.7212
CLUBS TEN SPADES FOUR,0.23,0.074,0.696
DIAMONDS ACE DIAMONDS QUEEN,0.3008,0.0056,0.6936
DIAMONDS ACE HEARTS TWO,0.3746,0.0062,0.6192
HEARTS FOUR DIAMONDS QUEEN,0.2288,0.0564,0.7148
HEARTS FOUR HEARTS TWO,0.602,0.1048,0.2932
DIAMONDS THREE HEARTS TEN,0.382,0.0308,0.5872
SPADES FOUR CLUBS KING,0.2468,0.0356,0.7176
HEARTS FIVE DIAMONDS QUEEN,0.3472,0.0128,0.64
HEARTS FIVE HEARTS TWO,0.5558,0.0414,0.4028
DIAMONDS THREE HEARTS JACK,0.3854,0.0192,0.5954
SPADES FOUR CLUBS QUEEN,0.2342,0.0494,0.7164
HEARTS TWO DIAMONDS QUEEN,0.3926,0.015,0.5924
DIAMONDS KING DIAMONDS QUEEN,0.3126,0.0062,0.6812
DIAMONDS KING HEARTS TWO,0.4082,0.009,0.5828
HEARTS THREE DIAMONDS QUEEN,0.3766,0.0134,0.61
HEARTS THREE HEARTS TWO,0.5736,0.0422,0.3842
SPADES FOUR CLUBS ACE,0.242,0.0174,0.7406
HEARTS TWO CLUBS ACE,0.3774,0.0074,0.6152
DIAMONDS QUEEN CLUBS ACE,0.3288,0.0056,0.6656
HEARTS TWO CLUBS QUEEN,0.3952,0.0112,0.5936
DIAMONDS QUEEN CLUBS QUEEN,0.1262,0.0252,0.8486
HEARTS TWO CLUBS KING,0.3944,0.0098,0.5958
DIAMONDS QUEEN CLUBS KING,0.311,0.0076,0.6814
SPADES EIGHT SPADES FIVE,0.5258,0.0396,0.4346
CLUBS TEN HEARTS TWO,0.388,0.024,0.588
CLUBS TEN DIAMONDS QUEEN,0.3078,0.0092,0.683
HEARTS TWO CLUBS JACK,0.3892,0.0208,0.59
DIAMONDS QUEEN CLUBS JACK,0.3132,0.0086,0.6782
SPADES SIX SPADES FIVE,0.5038,0.042,0.4542
SPADES SEVEN SPADES FIVE,0.5252,0.0474,0.4274
DIAMONDS FIVE CLUBS QUEEN,0.3582,0.0138,0.628
SPADES EIGHT CLUBS ACE,0.3522,0.0036,0.6442
CLUBS KING DIAMONDS FIVE,0.3342,0.0088,0.657
SPADES EIGHT CLUBS KING,0.3584,0.0074,0.6342
CLUBS ACE DIAMONDS FIVE,0.3504,0.0044,0.6452
SPADES EIGHT CLUBS QUEEN,0.3458,0.011,0.6432
SPADES EIGHT CLUBS JACK,0.3338,0.0164,0.6498
CLUBS TEN SPADES EIGHT,0.3344,0.026,0.6396
CLUBS TEN DIAMONDS FIVE,0.3592,0.0276,0.6132
DIAMONDS FIVE CLUBS JACK,0.355,0.0184,0.6266
DIAMONDS TEN HEARTS JACK,0.2982,0.0136,0.6882
DIAMONDS TEN HEARTS TEN,0.1314,0.0406,0.828
SPADES ACE CLUBS NINE,0.2204,0.0294,0.7502
CLUBS NINE SPADES QUEEN,0.2264,0.0446,0.729
CLUBS NINE SPADES KING,0.22,0.0382,0.7418
HEARTS SIX HEARTS KING,0.3328,0.0082,0.659
DIAMONDS KING SPADES SEVEN,0.3504,0.008,0.6416
SPADES SEVEN HEARTS THREE,0.5942,0.0454,0.3604
SPADES KING DIAMONDS SEVEN,0.3578,0.0104,0.6318
HEARTS SIX HEARTS QUEEN,0.3382,0.0104,0.6514
DIAMONDS KING SPADES SIX,0.362,0.0104,0.6276
HEARTS THREE SPADES SIX,0.5948,0.0428,0.3624
SPADES QUEEN DIAMONDS SEVEN,0.3408,0.0128,0.6464
HEARTS SIX HEARTS ACE,0.3366,0.0042,0.6592
SPADES EIGHT DIAMONDS KING,0.3652,0.0062,0.6286
SPADES EIGHT HEARTS THREE,0.6082,0.0446,0.3472
SPADES ACE DIAMONDS SEVEN,0.329,0.0044,0.6666
CLUBS NINE HEARTS THREE,0.2618,0.515,0.2232
CLUBS NINE DIAMONDS KING,0.2332,0.0348,0.732
CLUBS EIGHT HEARTS THREE,0.6042,0.045,0.3508
CLUBS EIGHT DIAMONDS KING,0.3508,0.0056,0.6436
HEARTS THREE SPADES THREE,0.3802,0.0844,0.5354
DIAMONDS KING SPADES THREE,0.3978,0.0102,0.592
HEARTS THREE SPADES TWO,0.6258,0.0448,0.3294
DIAMONDS KING SPADES TWO,0.3982,0.0076,0.5942
HEARTS THREE SPADES FIVE,0.5734,0.0476,0.379
DIAMONDS KING SPADES FIVE,0.3656,0.0092,0.6252
HEARTS THREE SPADES FOUR,0.6278,0.1094,0.2628
DIAMONDS KING SPADES FOUR,0.2402,0.036,0.7238
DIAMONDS KING CLUBS TWO,0.3858,0.0096,0.6046
HEARTS THREE CLUBS TWO,0.5954,0.0498,0.3548
DIAMONDS KING CLUBS THREE,0.3834,0.0088,0.6078
CLUBS THREE HEARTS THREE,0.3742,0.0842,0.5416
DIAMONDS KING CLUBS FOUR,0.2262,0.0358,0.738
HEARTS THREE CLUBS FOUR,0.6108,0.1088,0.2804
CLUBS FIVE DIAMONDS KING,0.3548,0.0086,0.6366
CLUBS FIVE HEARTS THREE,0.5648,0.0514,0.3838
CLUBS SIX DIAMONDS KING,0.3538,0.0068,0.6394
