opposingHand,winningChance,drawChance,lostChance
DIAMONDS FIVE CLUBS NINE
SPADES ACE SPADES KING,0.3194,0.0038,0.6768
CLUBS ACE CLUBS QUEEN,0.3146,0.0046,0.6808
CLUBS KING DIAMONDS SIX,0.3634,0.0078,0.6288
CLUBS FOUR SPADES SIX,0.599,0.0418,0.3592
DIAMONDS THREE CLUBS EIGHT,0.621,0.0428,0.3362
DIAMONDS QUEEN HEARTS QUEEN,0.1502,0.0228,0.827
CLUBS TWO DIAMONDS EIGHT,0.606,0.0424,0.3516
SPADES JACK CLUBS TWO,0.4044,0.0154,0.5802
SPADES JACK HEARTS FOUR,0.3914,0.0196,0.589
SPADES TWO DIAMONDS SEVEN,0.6118,0.0442,0.344
CLUBS EIGHT HEARTS ACE,0.3788,0.0036,0.6176
CLUBS FOUR HEARTS NINE,0.3262,0.4608,0.213
HEARTS ACE DIAMONDS FOUR,0.398,0.0044,0.5976
CLUBS FIVE SPADES SIX,0.6184,0.1054,0.2762
SPADES FIVE DIAMONDS EIGHT,0.6506,0.1038,0.2456
CLUBS JACK SPADES KING,0.3272,0.0088,0.664
CLUBS TEN DIAMONDS SIX,0.3488,0.0244,0.6268
HEARTS SIX DIAMONDS ACE,0.3628,0.0036,0.6336
SPADES ACE DIAMONDS FOUR,0.397,0.0038,0.5992
DIAMONDS JACK SPADES FOUR,0.3892,0.0192,0.5916
SPADES FIVE DIAMONDS FOUR,0.6266,0.1086,0.2648
CLUBS SEVEN HEARTS NINE,0.2294,0.283,0.4876
DIAMONDS ACE DIAMONDS SEVEN,0.344,0.0052,0.6508
DIAMONDS THREE HEARTS SIX,0.6146,0.0476,0.3378
DIAMONDS THREE SPADES SIX,0.598,0.0414,0.3606
CLUBS KING DIAMONDS FOUR,0.4032,0.0076,0.5892
DIAMONDS KING HEARTS JACK,0.3376,0.0064,0.656
SPADES KING CLUBS TWO,0.4108,0.0098,0.5794
HEARTS KING DIAMONDS SEVEN,0.3708,0.0068,0.6224
DIAMONDS TEN HEARTS NINE,0.2274,0.0782,0.6944
SPADES EIGHT DIAMONDS JACK,0.3358,0.0148,0.6494
SPADES NINE SPADES THREE,0.315,0.4178,0.2672
CLUBS SIX CLUBS TWO,0.5878,0.0474,0.3648
HEARTS FOUR HEARTS JACK,0.3758,0.0194,0.6048
DIAMONDS JACK CLUBS ACE,0.3184,0.0054,0.6762
DIAMONDS TWO SPADES TWO,0.3874,0.088,0.5246
HEARTS KING HEARTS JACK,0.3206,0.0072,0.6722
SPADES ACE SPADES TEN,0.307,0.005,0.688
CLUBS TEN CLUBS ACE,0.3292,0.0062,0.6646
CLUBS ACE DIAMONDS FOUR,0.3824,0.0046,0.613
HEARTS NINE HEARTS EIGHT,0.2136,0.2152,0.5712
SPADES EIGHT HEARTS EIGHT,0.2624,0.0556,0.682
SPADES SEVEN HEARTS KING,0.3642,0.0066,0.6292
SPADES QUEEN CLUBS EIGHT,0.3594,0.0102,0.6304
SPADES ACE HEARTS NINE,0.2378,0.024,0.7382
HEARTS SIX HEARTS NINE,0.2062,0.3634,0.4304
CLUBS JACK CLUBS KING,0.3114,0.0062,0.6824
HEARTS SIX DIAMONDS EIGHT,0.5334,0.042,0.4246
SPADES FIVE SPADES TWO,0.5886,0.1032,0.3082
DIAMONDS EIGHT CLUBS QUEEN,0.3494,0.0138,0.6368
SPADES QUEEN CLUBS KING,0.351,0.0086,0.6404
SPADES QUEEN DIAMONDS EIGHT,0.3684,0.0088,0.6228
SPADES ACE HEARTS SIX,0.3668,0.002,0.6312
SPADES ACE DIAMONDS SEVEN,0.344,0.0036,0.6524
SPADES EIGHT HEARTS JACK,0.351,0.0178,0.6312
SPADES FIVE HEARTS KING,0.2506,0.0326,0.7168
DIAMONDS JACK HEARTS JACK,0.1548,0.0292,0.816
DIAMONDS QUEEN DIAMONDS EIGHT,0.3402,0.013,0.6468
HEARTS THREE CLUBS FOUR,0.5998,0.0386,0.3616
SPADES JACK CLUBS KING,0.3344,0.0078,0.6578
CLUBS JACK DIAMONDS SEVEN,0.3342,0.0192,0.6466
HEARTS THREE DIAMONDS SIX,0.5886,0.0462,0.3652
DIAMONDS THREE DIAMONDS ACE,0.3626,0.0072,0.6302
HEARTS NINE DIAMONDS SIX,0.2212,0.3756,0.4032
CLUBS JACK CLUBS TWO,0.3772,0.0182,0.6046
HEARTS FIVE SPADES NINE,0.02,0.9608,0.0192
SPADES KING CLUBS FIVE,0.2522,0.0358,0.712
CLUBS ACE DIAMONDS SEVEN,0.3586,0.0052,0.6362
SPADES SEVEN CLUBS ACE,0.3716,0.0052,0.6232
HEARTS KING CLUBS ACE,0.3516,0.0038,0.6446
HEARTS ACE SPADES FOUR,0.3954,0.0038,0.6008
DIAMONDS KING CLUBS ACE,0.3322,0.0042,0.6636
CLUBS TEN HEARTS SIX,0.363,0.0266,0.6104
HEARTS SIX HEARTS FOUR,0.555,0.0416,0.4034
SPADES ACE SPADES NINE,0.2338,0.0214,0.7448
DIAMONDS ACE SPADES SEVEN,0.3494,0.0036,0.647
DIAMONDS EIGHT CLUBS KING,0.359,0.009,0.632
HEARTS THREE CLUBS THREE,0.3912,0.0832,0.5256
CLUBS FIVE CLUBS QUEEN,0.2522,0.0522,0.6956
DIAMONDS TWO SPADES JACK,0.407,0.0196,0.5734
CLUBS SEVEN DIAMONDS QUEEN,0.3682,0.0106,0.6212
CLUBS JACK CLUBS TEN,0.3066,0.0154,0.678
CLUBS SIX CLUBS QUEEN,0.3458,0.0094,0.6448
SPADES FOUR HEARTS EIGHT,0.5906,0.0446,0.3648
HEARTS TWO SPADES FOUR,0.6254,0.0504,0.3242
SPADES ACE HEARTS QUEEN,0.3398,0.0046,0.6556
SPADES KING HEARTS QUEEN,0.3384,0.004,0.6576
CLUBS JACK CLUBS ACE,0.3096,0.0044,0.686
CLUBS TWO DIAMONDS QUEEN,0.4088,0.0136,0.5776
HEARTS SEVEN CLUBS SEVEN,0.2928,0.0686,0.6386
CLUBS JACK HEARTS FOUR,0.3944,0.0192,0.5864
SPADES ACE SPADES SIX,0.3438,0.0046,0.6516
SPADES JACK CLUBS SIX,0.3736,0.0162,0.6102
CLUBS SEVEN SPADES SIX,0.5542,0.0468,0.399
DIAMONDS KING SPADES THREE,0.408,0.0074,0.5846
DIAMONDS TWO HEARTS QUEEN,0.413,0.0126,0.5744
SPADES JACK DIAMONDS QUEEN,0.3298,0.011,0.6592
CLUBS JACK HEARTS QUEEN,0.3252,0.0088,0.666
CLUBS EIGHT HEARTS TEN,0.334,0.027,0.639
CLUBS FOUR CLUBS TWO,0.5852,0.0474,0.3674
SPADES FOUR SPADES THREE,0.5556,0.048,0.3964
CLUBS SIX SPADES NINE,0.2216,0.3766,0.4018
SPADES EIGHT CLUBS FOUR,0.6058,0.0438,0.3504
CLUBS FOUR SPADES TWO,0.6232,0.0474,0.3294
CLUBS SEVEN CLUBS SIX,0.5266,0.042,0.4314
SPADES KING SPADES SIX,0.3516,0.0088,0.6396
CLUBS FOUR SPADES THREE,0.608,0.0466,0.3454
SPADES SEVEN DIAMONDS JACK,0.3494,0.0166,0.634
SPADES TEN CLUBS TWO,0.4178,0.0246,0.5576
HEARTS FOUR CLUBS FOUR,0.388,0.085,0.527
HEARTS FIVE DIAMONDS JACK,0.246,0.055,0.699
HEARTS THREE SPADES EIGHT,0.6252,0.039,0.3358
HEARTS SIX HEARTS TWO,0.578,0.0436,0.3784
SPADES ACE DIAMONDS JACK,0.3414,0.0038,0.6548
HEARTS SEVEN SPADES KING,0.3668,0.0062,0.627
HEARTS THREE SPADES FIVE,0.6196,0.1106,0.2698
DIAMONDS THREE DIAMONDS TEN,0.3794,0.0286,0.592
SPADES ACE SPADES TWO,0.366,0.0062,0.6278
DIAMONDS NINE SPADES TWO,0.3244,0.454,0.2216
CLUBS TEN HEARTS QUEEN,0.3152,0.0108,0.674
DIAMONDS ACE CLUBS TWO,0.3938,0.004,0.6022
HEARTS FOUR DIAMONDS JACK,0.3998,0.019,0.5812
CLUBS THREE CLUBS ACE,0.3762,0.0066,0.6172
SPADES NINE DIAMONDS ACE,0.2268,0.0248,0.7484
SPADES NINE DIAMONDS KING,0.2396,0.0328,0.7276
DIAMONDS ACE HEARTS JACK,0.336,0.0026,0.6614
SPADES SIX DIAMONDS TEN,0.3516,0.0256,0.6228
CLUBS FIVE SPADES TWO,0.639,0.1128,0.2482
HEARTS QUEEN DIAMONDS FOUR,0.397,0.0126,0.5904
DIAMONDS THREE SPADES QUEEN,0.4176,0.011,0.5714
SPADES SIX CLUBS ACE,0.3588,0.0042,0.637
SPADES SEVEN HEARTS EIGHT,0.5454,0.038,0.4166
DIAMONDS KING DIAMONDS EIGHT,0.3628,0.0056,0.6316
SPADES ACE DIAMONDS QUEEN,0.3364,0.0044,0.6592
CLUBS EIGHT HEARTS FIVE,0.6448,0.1044,0.2508
CLUBS FOUR DIAMONDS ACE,0.3902,0.0064,0.6034
CLUBS TEN SPADES TEN,0.1516,0.0392,0.8092
SPADES SIX HEARTS EIGHT,0.5544,0.0434,0.4022
DIAMONDS THREE SPADES THREE,0.3934,0.0764,0.5302
SPADES ACE SPADES QUEEN,0.3152,0.0032,0.6816
HEARTS SEVEN CLUBS EIGHT,0.5374,0.038,0.4246
DIAMONDS ACE HEARTS ACE,0.1412,0.0042,0.8546
SPADES SIX HEARTS JACK,0.3804,0.0176,0.602
DIAMONDS TWO CLUBS TWO,0.3992,0.0852,0.5156
SPADES QUEEN DIAMONDS FOUR,0.408,0.0132,0.5788
CLUBS THREE HEARTS ACE,0.3958,0.0032,0.601
SPADES QUEEN CLUBS SIX,0.3608,0.0104,0.6288
SPADES THREE DIAMONDS SIX,0.5856,0.0444,0.37
HEARTS KING DIAMONDS EIGHT,0.3666,0.0086,0.6248
HEARTS FIVE DIAMONDS QUEEN,0.2408,0.049,0.7102
HEARTS SIX CLUBS SEVEN,0.5614,0.0442,0.3944
HEARTS TEN HEARTS EIGHT,0.3218,0.0258,0.6524
HEARTS QUEEN DIAMONDS SEVEN,0.3612,0.0136,0.6252
CLUBS SIX HEARTS QUEEN,0.3638,0.0102,0.626
CLUBS JACK CLUBS FOUR,0.3794,0.0176,0.603
SPADES QUEEN DIAMONDS JACK,0.3236,0.011,0.6654
HEARTS SIX CLUBS TWO,0.6176,0.0488,0.3336
CLUBS TEN HEARTS FOUR,0.3862,0.0252,0.5886
CLUBS JACK DIAMONDS EIGHT,0.3312,0.018,0.6508
SPADES JACK HEARTS TEN,0.318,0.0156,0.6664
SPADES TEN CLUBS SIX,0.3622,0.0222,0.6156
SPADES EIGHT HEARTS ACE,0.3618,0.0038,0.6344
DIAMONDS EIGHT DIAMONDS SIX,0.5258,0.0418,0.4324
HEARTS ACE DIAMONDS NINE,0.2424,0.025,0.7326
SPADES SIX HEARTS QUEEN,0.3678,0.0098,0.6224
HEARTS FIVE HEARTS KING,0.2284,0.0356,0.736
CLUBS SIX CLUBS THREE,0.5778,0.0444,0.3778
SPADES SIX HEARTS ACE,0.3608,0.0028,0.6364
SPADES KING CLUBS QUEEN,0.3342,0.007,0.6588
CLUBS SEVEN CLUBS ACE,0.3374,0.0044,0.6582
CLUBS JACK DIAMONDS SIX,0.3572,0.0194,0.6234
SPADES KING SPADES FOUR,0.3678,0.0082,0.624
SPADES SEVEN DIAMONDS TEN,0.3462,0.0238,0.63
SPADES FIVE DIAMONDS SEVEN,0.6326,0.1102,0.2572
CLUBS SEVEN CLUBS QUEEN,0.3516,0.0132,0.6352
DIAMONDS QUEEN CLUBS ACE,0.3322,0.0036,0.6642
DIAMONDS TEN CLUBS KING,0.3238,0.0086,0.6676
SPADES TEN CLUBS ACE,0.3344,0.0046,0.661
DIAMONDS TEN HEARTS EIGHT,0.3464,0.0262,0.6274
SPADES KING DIAMONDS TWO,0.419,0.0098,0.5712
SPADES TEN CLUBS THREE,0.3968,0.0276,0.5756
CLUBS SIX HEARTS TEN,0.3596,0.0222,0.6182
CLUBS EIGHT HEARTS JACK,0.3534,0.0176,0.629
HEARTS SIX CLUBS FIVE,0.6218,0.108,0.2702
SPADES QUEEN HEARTS TWO,0.4122,0.0108,0.577
SPADES QUEEN SPADES SIX,0.3598,0.01,0.6302
HEARTS SEVEN DIAMONDS TWO,0.633,0.039,0.328
DIAMONDS QUEEN SPADES TWO,0.3994,0.0128,0.5878
HEARTS THREE HEARTS ACE,0.3592,0.0044,0.6364
CLUBS SEVEN SPADES NINE,0.2266,0.2898,0.4836
DIAMONDS ACE HEARTS TEN,0.3212,0.0042,0.6746
DIAMONDS TEN HEARTS QUEEN,0.321,0.0072,0.6718
DIAMONDS JACK HEARTS NINE,0.2432,0.0564,0.7004
DIAMONDS TEN DIAMONDS SEVEN,0.334,0.028,0.638
HEARTS THREE CLUBS FIVE,0.6334,0.1084,0.2582
CLUBS JACK HEARTS NINE,0.2404,0.057,0.7026
SPADES SEVEN DIAMONDS QUEEN,0.3668,0.0142,0.619
CLUBS TEN CLUBS TWO,0.3888,0.0256,0.5856
HEARTS SIX SPADES SIX,0.272,0.0748,0.6532
CLUBS TWO SPADES THREE,0.6176,0.0446,0.3378
SPADES SEVEN SPADES FIVE,0.6002,0.097,0.3028
SPADES QUEEN DIAMONDS KING,0.346,0.0062,0.6478
DIAMONDS SEVEN CLUBS KING,0.3492,0.0098,0.641
HEARTS SEVEN DIAMONDS SEVEN,0.2674,0.0584,0.6742
HEARTS SIX SPADES NINE,0.2324,0.368,0.3996
CLUBS TEN HEARTS EIGHT,0.3324,0.0226,0.645
SPADES ACE SPADES FOUR,0.368,0.0044,0.6276
SPADES ACE DIAMONDS NINE,0.2472,0.0244,0.7284
SPADES QUEEN HEARTS TEN,0.3342,0.0096,0.6562
DIAMONDS ACE DIAMONDS NINE,0.237,0.0256,0.7374
CLUBS TEN HEARTS KING,0.3308,0.0088,0.6604
HEARTS FIVE CLUBS ACE,0.2416,0.0218,0.7366
HEARTS SIX SPADES QUEEN,0.376,0.0096,0.6144
HEARTS KING DIAMONDS FOUR,0.4092,0.0096,0.5812
HEARTS ACE SPADES THREE,0.3866,0.0044,0.609
CLUBS TEN CLUBS FOUR,0.388,0.0278,0.5842
HEARTS SIX HEARTS QUEEN,0.3574,0.0154,0.6272
SPADES SEVEN SPADES TWO,0.568,0.047,0.385
HEARTS FOUR DIAMONDS EIGHT,0.6,0.0434,0.3566
SPADES FIVE CLUBS QUEEN,0.2454,0.052,0.7026
HEARTS SEVEN CLUBS FOUR,0.5912,0.0428,0.366
DIAMONDS SEVEN HEARTS EIGHT,0.5354,0.0406,0.424
HEARTS THREE DIAMONDS EIGHT,0.6074,0.0466,0.346
HEARTS FIVE HEARTS QUEEN,0.2486,0.0494,0.702
CLUBS TWO DIAMONDS JACK,0.402,0.021,0.577
SPADES TEN CLUBS KING,0.3328,0.0058,0.6614
SPADES FOUR HEARTS KING,0.4166,0.008,0.5754
SPADES NINE DIAMONDS TEN,0.2108,0.0806,0.7086
SPADES JACK DIAMONDS NINE,0.228,0.0586,0.7134
SPADES QUEEN CLUBS SEVEN,0.3794,0.012,0.6086
HEARTS SIX CLUBS SIX,0.2786,0.0742,0.6472
DIAMONDS ACE CLUBS THREE,0.386,0.0056,0.6084
SPADES QUEEN HEARTS ACE,0.3462,0.0036,0.6502
CLUBS TEN SPADES SEVEN,0.3362,0.0266,0.6372
SPADES ACE CLUBS SEVEN,0.3562,0.0048,0.639
CLUBS TWO HEARTS NINE,0.3382,0.4456,0.2162
SPADES QUEEN HEARTS THREE,0.4012,0.0126,0.5862
DIAMONDS ACE HEARTS KING,0.3378,0.0038,0.6584
HEARTS FIVE HEARTS TEN,0.2408,0.0766,0.6826
HEARTS SEVEN HEARTS QUEEN,0.3558,0.0134,0.6308
DIAMONDS JACK DIAMONDS SEVEN,0.3452,0.0192,0.6356
SPADES SIX SPADES FOUR,0.5406,0.0442,0.4152
CLUBS EIGHT CLUBS SEVEN,0.5232,0.0416,0.4352
SPADES NINE DIAMONDS EIGHT,0.2186,0.228,0.5534
SPADES NINE HEARTS NINE,0.1048,0.0764,0.8188
SPADES ACE SPADES THREE,0.3636,0.004,0.6324
HEARTS FOUR DIAMONDS KING,0.3934,0.0078,0.5988
SPADES FIVE HEARTS JACK,0.2636,0.059,0.6774
CLUBS TWO DIAMONDS NINE,0.3206,0.4628,0.2166
SPADES TEN DIAMONDS SIX,0.3612,0.031,0.6078
HEARTS KING SPADES THREE,0.4026,0.009,0.5884
HEARTS SIX SPADES THREE,0.5936,0.0432,0.3632
SPADES JACK HEARTS TWO,0.4118,0.0196,0.5686
DIAMONDS NINE DIAMONDS SIX,0.2084,0.348,0.4436
SPADES TEN HEARTS KING,0.3252,0.006,0.6688
DIAMONDS EIGHT DIAMONDS FOUR,0.5676,0.0462,0.3862
DIAMONDS THREE SPADES KING,0.3904,0.0088,0.6008
SPADES FIVE DIAMONDS SIX,0.601,0.1062,0.2928
HEARTS FOUR DIAMONDS ACE,0.3782,0.003,0.6188
HEARTS FOUR HEARTS KING,0.3714,0.0066,0.622
DIAMONDS TEN SPADES TWO,0.396,0.0304,0.5736
CLUBS TWO CLUBS QUEEN,0.3868,0.0114,0.6018
CLUBS FOUR DIAMONDS KING,0.4116,0.008,0.5804
DIAMONDS TWO HEARTS KING,0.417,0.0074,0.5756
DIAMONDS SEVEN HEARTS NINE,0.2232,0.2928,0.484
DIAMONDS TWO SPADES NINE,0.3452,0.4466,0.2082
SPADES TEN HEARTS JACK,0.32,0.0156,0.6644
DIAMONDS TWO HEARTS FOUR,0.608,0.0442,0.3478
CLUBS EIGHT SPADES JACK,0.357,0.0174,0.6256
HEARTS FOUR CLUBS FIVE,0.6238,0.1164,0.2598
DIAMONDS TWO SPADES QUEEN,0.412,0.0122,0.5758
CLUBS FIVE CLUBS KING,0.2492,0.036,0.7148
DIAMONDS ACE SPADES THREE,0.3674,0.005,0.6276
DIAMONDS THREE SPADES TWO,0.6236,0.0416,0.3348
CLUBS FIVE SPADES FIVE,0.2766,0.0598,0.6636
CLUBS THREE HEARTS QUEEN,0.4166,0.0142,0.5692
DIAMONDS QUEEN HEARTS NINE,0.244,0.0386,0.7174
HEARTS TWO HEARTS EIGHT,0.5774,0.039,0.3836
CLUBS JACK DIAMONDS FOUR,0.4008,0.0168,0.5824
CLUBS EIGHT DIAMONDS SIX,0.5494,0.0444,0.4062
HEARTS SIX HEARTS TEN,0.3568,0.0228,0.6204
SPADES NINE DIAMONDS SEVEN,0.221,0.2852,0.4938
HEARTS FIVE DIAMONDS FOUR,0.6208,0.1108,0.2684
SPADES FIVE HEARTS QUEEN,0.2516,0.048,0.7004
HEARTS TWO CLUBS FOUR,0.6202,0.043,0.3368
SPADES EIGHT DIAMONDS SIX,0.5534,0.0454,0.4012
CLUBS FIVE SPADES SEVEN,0.6408,0.109,0.2502
DIAMONDS THREE CLUBS SEVEN,0.6114,0.0432,0.3454
SPADES KING SPADES FIVE,0.2358,0.0286,0.7356
HEARTS TWO SPADES FIVE,0.6356,0.1088,0.2556
DIAMONDS TWO CLUBS QUEEN,0.4116,0.0134,0.575
DIAMONDS THREE DIAMONDS NINE,0.333,0.4124,0.2546
DIAMONDS ACE SPADES SIX,0.354,0.004,0.642
HEARTS FIVE SPADES FIVE,0.2774,0.0628,0.6598
HEARTS TWO DIAMONDS TEN,0.4038,0.0224,0.5738
HEARTS SEVEN SPADES EIGHT,0.5444,0.039,0.4166
HEARTS KING SPADES TWO,0.4048,0.008,0.5872
CLUBS THREE DIAMONDS FOUR,0.6262,0.042,0.3318
SPADES ACE CLUBS EIGHT,0.3594,0.0034,0.6372
CLUBS EIGHT SPADES FOUR,0.5982,0.0482,0.3536
HEARTS SIX SPADES EIGHT,0.5544,0.041,0.4046
DIAMONDS JACK HEARTS KING,0.3316,0.007,0.6614
SPADES KING CLUBS THREE,0.4052,0.008,0.5868
SPADES NINE HEARTS JACK,0.244,0.0562,0.6998
SPADES SEVEN CLUBS QUEEN,0.3594,0.0126,0.628
SPADES JACK HEARTS ACE,0.341,0.0032,0.6558
SPADES SIX SPADES THREE,0.5446,0.043,0.4124
DIAMONDS TWO SPADES SIX,0.612,0.0424,0.3456
HEARTS FOUR HEARTS QUEEN,0.3814,0.0088,0.6098
CLUBS TWO HEARTS TEN,0.4038,0.0278,0.5684
SPADES QUEEN DIAMONDS SEVEN,0.3742,0.009,0.6168
HEARTS ACE DIAMONDS EIGHT,0.3562,0.0042,0.6396
SPADES SIX CLUBS KING,0.3608,0.009,0.6302
HEARTS FIVE SPADES THREE,0.6208,0.1142,0.265
HEARTS TEN HEARTS NINE,0.2036,0.082,0.7144
SPADES FIVE DIAMONDS TEN,0.2484,0.0862,0.6654
SPADES KING DIAMONDS NINE,0.2442,0.0342,0.7216
CLUBS TEN SPADES TWO,0.3952,0.0312,0.5736
HEARTS FOUR SPADES TWO,0.6212,0.0462,0.3326
CLUBS FIVE CLUBS TWO,0.6046,0.1058,0.2896
DIAMONDS THREE SPADES FIVE,0.633,0.111,0.256
CLUBS SIX SPADES TWO,0.6006,0.0526,0.3468
HEARTS THREE HEARTS TEN,0.3852,0.028,0.5868
CLUBS SEVEN CLUBS FIVE,0.6052,0.1018,0.293
SPADES FOUR HEARTS QUEEN,0.4144,0.0124,0.5732
HEARTS TWO DIAMONDS NINE,0.3206,0.4616,0.2178
HEARTS QUEEN SPADES TWO,0.4054,0.0118,0.5828
SPADES TEN DIAMONDS TEN,0.1614,0.0402,0.7984
SPADES JACK DIAMONDS JACK,0.1636,0.0316,0.8048
DIAMONDS TEN DIAMONDS EIGHT,0.322,0.025,0.653
HEARTS FOUR DIAMONDS SIX,0.5852,0.0444,0.3704
CLUBS TEN SPADES QUEEN,0.3276,0.01,0.6624
HEARTS KING DIAMONDS NINE,0.2376,0.0396,0.7228
HEARTS FIVE CLUBS FOUR,0.6156,0.1064,0.278
SPADES ACE SPADES FIVE,0.2322,0.0248,0.743
CLUBS THREE SPADES SIX,0.599,0.0462,0.3548
SPADES SEVEN HEARTS QUEEN,0.373,0.0104,0.6166
SPADES NINE DIAMONDS JACK,0.2368,0.0564,0.7068
CLUBS FIVE DIAMONDS QUEEN,0.2402,0.0486,0.7112
CLUBS TWO HEARTS EIGHT,0.6208,0.0422,0.337
SPADES TEN HEARTS ACE,0.3254,0.0022,0.6724
CLUBS JACK DIAMONDS ACE,0.3218,0.0056,0.6726
SPADES QUEEN CLUBS QUEEN,0.1482,0.0236,0.8282
DIAMONDS TWO HEARTS NINE,0.3402,0.4454,0.2144
HEARTS TWO CLUBS ACE,0.3866,0.006,0.6074
HEARTS FOUR CLUBS QUEEN,0.4036,0.0102,0.5862
HEARTS SIX CLUBS KING,0.3646,0.007,0.6284
SPADES TEN SPADES FOUR,0.3618,0.0276,0.6106
CLUBS TEN SPADES FOUR,0.3926,0.028,0.5794
CLUBS KING HEARTS EIGHT,0.3646,0.0082,0.6272
SPADES TWO DIAMONDS FOUR,0.6244,0.0456,0.33
HEARTS TWO SPADES EIGHT,0.622,0.039,0.339
DIAMONDS ACE HEARTS QUEEN,0.3336,0.0034,0.663
HEARTS FIVE DIAMONDS EIGHT,0.6322,0.1142,0.2536
DIAMONDS TEN CLUBS QUEEN,0.311,0.0106,0.6784
CLUBS JACK SPADES SEVEN,0.346,0.0166,0.6374
CLUBS FIVE HEARTS EIGHT,0.659,0.1016,0.2394
SPADES SIX DIAMONDS FOUR,0.5822,0.042,0.3758
HEARTS TWO CLUBS THREE,0.612,0.0468,0.3412
SPADES QUEEN SPADES FIVE,0.2302,0.0454,0.7244
SPADES SEVEN HEARTS JACK,0.3528,0.017,0.6302
SPADES KING CLUBS SIX,0.3738,0.006,0.6202
DIAMONDS KING CLUBS KING,0.1338,0.0134,0.8528
CLUBS TWO HEARTS QUEEN,0.392,0.013,0.595
SPADES JACK DIAMONDS SEVEN,0.3644,0.0156,0.62
SPADES NINE SPADES TWO,0.302,0.4348,0.2632
CLUBS JACK CLUBS EIGHT,0.329,0.0186,0.6524
SPADES EIGHT SPADES SIX,0.5126,0.0396,0.4478
CLUBS TEN SPADES THREE,0.3888,0.0232,0.588
SPADES KING CLUBS TEN,0.3342,0.0052,0.6606
SPADES TEN SPADES SIX,0.345,0.0266,0.6284
SPADES QUEEN HEARTS FIVE,0.2556,0.0466,0.6978
SPADES THREE DIAMONDS EIGHT,0.61,0.0434,0.3466
DIAMONDS ACE SPADES FOUR,0.395,0.0056,0.5994
CLUBS SIX HEARTS TWO,0.6134,0.0464,0.3402
SPADES ACE CLUBS KING,0.3374,0.004,0.6586
SPADES KING DIAMONDS SIX,0.359,0.008,0.633
CLUBS SIX DIAMONDS KING,0.372,0.0074,0.6206
DIAMONDS THREE DIAMONDS KING,0.383,0.0084,0.6086
CLUBS KING CLUBS QUEEN,0.3198,0.0068,0.6734
CLUBS THREE HEARTS NINE,0.32,0.477,0.203
HEARTS FIVE CLUBS THREE,0.6132,0.1176,0.2692
CLUBS THREE HEARTS EIGHT,0.6236,0.0498,0.3266
DIAMONDS THREE HEARTS FOUR,0.6112,0.0438,0.345
SPADES FIVE CLUBS ACE,0.2452,0.0232,0.7316
DIAMONDS QUEEN CLUBS KING,0.329,0.0076,0.6634
SPADES ACE SPADES JACK,0.309,0.0036,0.6874
HEARTS SEVEN HEARTS EIGHT,0.507,0.0354,0.4576
SPADES SEVEN CLUBS THREE,0.6148,0.04,0.3452
CLUBS THREE DIAMONDS NINE,0.3226,0.4664,0.211
CLUBS SIX DIAMONDS SEVEN,0.5428,0.0416,0.4156
CLUBS SEVEN HEARTS ACE,0.3746,0.0042,0.6212
DIAMONDS THREE HEARTS KING,0.413,0.0066,0.5804
SPADES QUEEN CLUBS ACE,0.3488,0.0044,0.6468
SPADES SEVEN HEARTS NINE,0.2282,0.2932,0.4786
HEARTS THREE SPADES TWO,0.6166,0.0424,0.341
HEARTS QUEEN HEARTS NINE,0.2284,0.0428,0.7288
CLUBS THREE DIAMONDS QUEEN,0.3892,0.0142,0.5966
DIAMONDS NINE HEARTS TEN,0.219,0.0806,0.7004
HEARTS SEVEN HEARTS TWO,0.5776,0.0422,0.3802
SPADES KING HEARTS FIVE,0.2602,0.0302,0.7096
CLUBS FIVE CLUBS FOUR,0.5954,0.1112,0.2934
CLUBS SIX CLUBS ACE,0.3518,0.0054,0.6428
SPADES ACE HEARTS ACE,0.1428,0.0026,0.8546
SPADES ACE DIAMONDS SIX,0.3664,0.0048,0.6288
SPADES SIX DIAMONDS JACK,0.3676,0.018,0.6144
SPADES TEN CLUBS QUEEN,0.3228,0.0108,0.6664
CLUBS SEVEN HEARTS EIGHT,0.5466,0.0404,0.413
DIAMONDS KING SPADES TWO,0.392,0.0102,0.5978
HEARTS FOUR DIAMONDS SEVEN,0.5868,0.0408,0.3724
SPADES EIGHT SPADES TWO,0.5732,0.0426,0.3842
HEARTS FIVE HEARTS ACE,0.2306,0.0228,0.7466
SPADES SEVEN DIAMONDS KING,0.3684,0.0072,0.6244
SPADES THREE SPADES TWO,0.5734,0.0442,0.3824
DIAMONDS KING DIAMONDS SEVEN,0.3508,0.0072,0.642
CLUBS FOUR CLUBS ACE,0.3674,0.0066,0.626
CLUBS EIGHT CLUBS THREE,0.5952,0.0414,0.3634
SPADES KING HEARTS KING,0.1556,0.0114,0.833
HEARTS SEVEN CLUBS ACE,0.3672,0.0024,0.6304
DIAMONDS THREE CLUBS ACE,0.3816,0.004,0.6144
HEARTS KING HEARTS QUEEN,0.3126,0.0044,0.683
SPADES SIX CLUBS QUEEN,0.3592,0.0118,0.629
CLUBS SIX HEARTS KING,0.3662,0.0064,0.6274
DIAMONDS TWO DIAMONDS SEVEN,0.5814,0.0432,0.3754
SPADES ACE HEARTS EIGHT,0.3644,0.0024,0.6332
CLUBS SEVEN HEARTS TEN,0.3506,0.0256,0.6238
CLUBS TEN HEARTS FIVE,0.2408,0.0796,0.6796
SPADES SEVEN HEARTS ACE,0.374,0.0032,0.6228
HEARTS THREE DIAMONDS QUEEN,0.4046,0.013,0.5824
SPADES JACK CLUBS FOUR,0.412,0.0168,0.5712
SPADES SIX HEARTS NINE,0.23,0.3666,0.4034
CLUBS SEVEN HEARTS KING,0.376,0.0052,0.6188
HEARTS ACE CLUBS ACE,0.1418,0.005,0.8532
SPADES QUEEN SPADES EIGHT,0.356,0.0084,0.6356
HEARTS FOUR DIAMONDS NINE,0.324,0.4546,0.2214
CLUBS FOUR SPADES FOUR,0.3792,0.0866,0.5342
DIAMONDS TEN CLUBS ACE,0.3264,0.0048,0.6688
DIAMONDS ACE DIAMONDS JACK,0.3218,0.0054,0.6728
CLUBS TEN CLUBS SIX,0.3328,0.0256,0.6416
SPADES SIX DIAMONDS EIGHT,0.5544,0.0432,0.4024
CLUBS TEN DIAMONDS NINE,0.2182,0.0788,0.703
DIAMONDS THREE HEARTS QUEEN,0.4016,0.0182,0.5802
CLUBS SEVEN CLUBS KING,0.3544,0.0076,0.638
SPADES KING DIAMONDS ACE,0.3336,0.005,0.6614
HEARTS THREE SPADES NINE,0.3288,0.449,0.2222
HEARTS QUEEN HEARTS EIGHT,0.3336,0.0112,0.6552
DIAMONDS ACE CLUBS ACE,0.1334,0.0032,0.8634
HEARTS TWO DIAMONDS SEVEN,0.6088,0.0402,0.351
SPADES EIGHT DIAMONDS NINE,0.2198,0.2178,0.5624
DIAMONDS TWO CLUBS KING,0.406,0.0096,0.5844
SPADES ACE CLUBS JACK,0.3354,0.0038,0.6608
CLUBS THREE DIAMONDS TEN,0.3938,0.0284,0.5778
SPADES QUEEN SPADES THREE,0.3928,0.014,0.5932
CLUBS JACK HEARTS TEN,0.2998,0.0136,0.6866
SPADES EIGHT DIAMONDS KING,0.3656,0.0084,0.626
DIAMONDS TWO DIAMONDS KING,0.3982,0.0074,0.5944
SPADES SEVEN HEARTS TEN,0.344,0.023,0.633
SPADES QUEEN CLUBS FOUR,0.3954,0.0126,0.592
SPADES QUEEN SPADES TEN,0.3042,0.0096,0.6862
SPADES QUEEN CLUBS FIVE,0.2554,0.0438,0.7008
HEARTS THREE HEARTS KING,0.3826,0.0064,0.611
SPADES KING SPADES JACK,0.3092,0.0074,0.6834
SPADES FIVE SPADES FOUR,0.5882,0.1066,0.3052
CLUBS SIX HEARTS JACK,0.3744,0.0192,0.6064
SPADES KING CLUBS EIGHT,0.385,0.0068,0.6082
CLUBS FIVE HEARTS QUEEN,0.2414,0.0468,0.7118
CLUBS JACK HEARTS SEVEN,0.3626,0.0192,0.6182
DIAMONDS TWO HEARTS EIGHT,0.6102,0.0444,0.3454
DIAMONDS TWO HEARTS TEN,0.4078,0.0272,0.565
DIAMONDS SIX HEARTS EIGHT,0.5474,0.0428,0.4098
CLUBS FOUR DIAMONDS NINE,0.3258,0.4666,0.2076
SPADES TEN HEARTS NINE,0.2252,0.0724,0.7024
DIAMONDS TEN HEARTS JACK,0.3092,0.0158,0.675
HEARTS TWO DIAMONDS SIX,0.602,0.045,0.353
HEARTS FOUR DIAMONDS QUEEN,0.4062,0.0146,0.5792
DIAMONDS JACK DIAMONDS SIX,0.3406,0.0162,0.6432
DIAMONDS TWO HEARTS JACK,0.4122,0.0192,0.5686
DIAMONDS KING HEARTS NINE,0.2418,0.0352,0.723
SPADES EIGHT CLUBS KING,0.3698,0.008,0.6222
SPADES SEVEN CLUBS KING,0.3544,0.0088,0.6368
DIAMONDS NINE HEARTS NINE,0.0924,0.0668,0.8408
SPADES THREE HEARTS NINE,0.3358,0.4548,0.2094
HEARTS FOUR SPADES SEVEN,0.6104,0.04,0.3496
CLUBS EIGHT SPADES THREE,0.631,0.0422,0.3268
HEARTS TWO HEARTS TEN,0.3702,0.0258,0.604
CLUBS THREE SPADES TWO,0.6174,0.0472,0.3354
HEARTS TEN DIAMONDS FOUR,0.414,0.0242,0.5618
CLUBS JACK CLUBS THREE,0.3764,0.0198,0.6038
CLUBS SEVEN SPADES SEVEN,0.2786,0.067,0.6544
DIAMONDS THREE CLUBS KING,0.3984,0.0084,0.5932
CLUBS SIX SPADES FIVE,0.622,0.1106,0.2674
DIAMONDS TWO SPADES FOUR,0.6198,0.0476,0.3326
CLUBS SIX SPADES SEVEN,0.5396,0.0434,0.417
CLUBS FOUR CLUBS KING,0.3956,0.0096,0.5948
CLUBS EIGHT DIAMONDS TEN,0.3298,0.0286,0.6416
HEARTS THREE HEARTS QUEEN,0.3782,0.0102,0.6116
SPADES NINE HEARTS TWO,0.3346,0.4472,0.2182
CLUBS SIX SPADES EIGHT,0.5512,0.0466,0.4022
HEARTS SEVEN HEARTS FIVE,0.6002,0.1004,0.2994
DIAMONDS TWO DIAMONDS TEN,0.387,0.025,0.588
HEARTS QUEEN HEARTS TEN,0.2994,0.0094,0.6912
HEARTS FOUR HEARTS ACE,0.3766,0.0044,0.619
CLUBS THREE HEARTS JACK,0.4028,0.016,0.5812
SPADES QUEEN HEARTS NINE,0.2384,0.0488,0.7128
HEARTS FOUR SPADES FIVE,0.6126,0.1196,0.2678
DIAMONDS KING SPADES FOUR,0.4026,0.0086,0.5888
CLUBS TEN HEARTS TWO,0.394,0.0322,0.5738
SPADES JACK SPADES TEN,0.2942,0.014,0.6918
SPADES FIVE HEARTS EIGHT,0.638,0.1072,0.2548
SPADES JACK DIAMONDS SIX,0.3758,0.0174,0.6068
SPADES FOUR DIAMONDS SEVEN,0.5978,0.047,0.3552
SPADES TWO DIAMONDS SIX,0.6074,0.0482,0.3444
DIAMONDS KING HEARTS EIGHT,0.37,0.0056,0.6244
HEARTS SEVEN HEARTS THREE,0.5704,0.04,0.3896
SPADES QUEEN HEARTS KING,0.3324,0.0048,0.6628
HEARTS FIVE SPADES TEN,0.2524,0.074,0.6736
CLUBS EIGHT SPADES SEVEN,0.5278,0.0424,0.4298
CLUBS EIGHT DIAMONDS SEVEN,0.5296,0.0442,0.4262
HEARTS SIX DIAMONDS KING,0.352,0.0076,0.6404
CLUBS FOUR DIAMONDS FOUR,0.3938,0.086,0.5202
SPADES SIX HEARTS TEN,0.3612,0.0238,0.615
SPADES KING HEARTS ACE,0.3328,0.0042,0.663
HEARTS FIVE SPADES FOUR,0.6262,0.1048,0.269
CLUBS SEVEN SPADES FIVE,0.6488,0.1,0.2512
SPADES TEN DIAMONDS QUEEN,0.3084,0.011,0.6806
HEARTS SIX SPADES SEVEN,0.5438,0.0466,0.4096
CLUBS TEN HEARTS ACE,0.3284,0.0042,0.6674
SPADES NINE CLUBS THREE,0.343,0.4492,0.2078
CLUBS JACK CLUBS SEVEN,0.337,0.0164,0.6466
SPADES SEVEN DIAMONDS NINE,0.229,0.2888,0.4822
DIAMONDS TWO CLUBS SEVEN,0.615,0.045,0.34
SPADES TEN HEARTS QUEEN,0.321,0.0106,0.6684
HEARTS SIX HEARTS KING,0.345,0.0074,0.6476
SPADES TWO HEARTS TEN,0.4202,0.0246,0.5552
CLUBS SIX DIAMONDS EIGHT,0.5472,0.0424,0.4104
SPADES QUEEN HEARTS JACK,0.3206,0.0094,0.67
CLUBS JACK HEARTS EIGHT,0.3546,0.017,0.6284
CLUBS JACK DIAMONDS KING,0.3366,0.0072,0.6562
DIAMONDS JACK HEARTS EIGHT,0.3418,0.0162,0.642
SPADES TEN DIAMONDS FOUR,0.403,0.0292,0.5678
HEARTS SIX DIAMONDS JACK,0.3624,0.0212,0.6164
HEARTS FIVE DIAMONDS KING,0.2562,0.0404,0.7034
SPADES TWO HEARTS NINE,0.3224,0.4608,0.2168
HEARTS TWO DIAMONDS ACE,0.4012,0.006,0.5928
HEARTS QUEEN CLUBS QUEEN,0.1586,0.0246,0.8168
CLUBS SEVEN SPADES FOUR,0.6004,0.0404,0.3592
CLUBS SEVEN CLUBS FOUR,0.575,0.0464,0.3786
CLUBS THREE HEARTS TEN,0.4164,0.027,0.5566
DIAMONDS SIX CLUBS QUEEN,0.3602,0.0102,0.6296
CLUBS SIX CLUBS FOUR,0.5538,0.0426,0.4036
HEARTS FOUR HEARTS TWO,0.578,0.043,0.379
CLUBS ACE DIAMONDS SIX,0.3558,0.0066,0.6376
CLUBS FIVE HEARTS NINE,0.0192,0.9712,0.0096
HEARTS EIGHT DIAMONDS FOUR,0.6138,0.0444,0.3418
DIAMONDS TEN HEARTS TEN,0.158,0.0408,0.8012
SPADES ACE CLUBS ACE,0.1332,0.0028,0.864
HEARTS FIVE SPADES SIX,0.621,0.1006,0.2784
DIAMONDS THREE CLUBS FIVE,0.6272,0.103,0.2698
HEARTS ACE HEARTS EIGHT,0.344,0.0038,0.6522
SPADES TEN HEARTS TEN,0.1566,0.0432,0.8002
HEARTS THREE DIAMONDS FOUR,0.6064,0.0462,0.3474
SPADES JACK SPADES EIGHT,0.3246,0.0192,0.6562
CLUBS SEVEN HEARTS QUEEN,0.3814,0.011,0.6076
SPADES JACK DIAMONDS EIGHT,0.3484,0.0212,0.6304
DIAMONDS EIGHT HEARTS EIGHT,0.2586,0.0624,0.679
SPADES ACE CLUBS THREE,0.4046,0.0042,0.5912
SPADES KING SPADES THREE,0.3818,0.0092,0.609
DIAMONDS QUEEN SPADES FIVE,0.2444,0.049,0.7066
HEARTS THREE HEARTS NINE,0.3014,0.4366,0.262
DIAMONDS JACK SPADES TWO,0.4048,0.0184,0.5768
HEARTS TWO HEARTS NINE,0.3082,0.4346,0.2572
SPADES SEVEN DIAMONDS SIX,0.5488,0.0418,0.4094
CLUBS FIVE CLUBS THREE,0.586,0.1132,0.3008
HEARTS THREE DIAMONDS TEN,0.4016,0.026,0.5724
SPADES SEVEN SPADES SIX,0.4992,0.0358,0.465
SPADES ACE SPADES SEVEN,0.3516,0.0046,0.6438
CLUBS TEN DIAMONDS JACK,0.2986,0.0182,0.6832
DIAMONDS TEN DIAMONDS NINE,0.2174,0.0782,0.7044
DIAMONDS THREE CLUBS SIX,0.5974,0.0448,0.3578
DIAMONDS THREE HEARTS TEN,0.4182,0.03,0.5518
CLUBS FIVE HEARTS KING,0.266,0.0356,0.6984
HEARTS TEN CLUBS QUEEN,0.32,0.0108,0.6692
SPADES THREE CLUBS ACE,0.3832,0.0054,0.6114
HEARTS SIX DIAMONDS TWO,0.6166,0.042,0.3414
SPADES ACE DIAMONDS ACE,0.1248,0.003,0.8722
SPADES FIVE HEARTS NINE,0.0206,0.9574,0.022
SPADES EIGHT CLUBS QUEEN,0.3584,0.0092,0.6324
CLUBS EIGHT SPADES EIGHT,0.2674,0.065,0.6676
DIAMONDS THREE DIAMONDS JACK,0.3824,0.019,0.5986
HEARTS TWO HEARTS KING,0.3804,0.0086,0.611
HEARTS SEVEN DIAMONDS THREE,0.6232,0.041,0.3358
SPADES JACK CLUBS SEVEN,0.3702,0.0146,0.6152
HEARTS FIVE DIAMONDS TEN,0.2438,0.0818,0.6744
HEARTS FIVE HEARTS FOUR,0.5914,0.102,0.3066
HEARTS FOUR CLUBS THREE,0.6008,0.0458,0.3534
SPADES FOUR HEARTS JACK,0.4012,0.0148,0.584
SPADES QUEEN SPADES TWO,0.3732,0.0096,0.6172
CLUBS JACK HEARTS FIVE,0.2452,0.0636,0.6912
CLUBS EIGHT DIAMONDS ACE,0.3736,0.0054,0.621
CLUBS TEN DIAMONDS TEN,0.1498,0.036,0.8142
DIAMONDS TWO SPADES FIVE,0.631,0.1154,0.2536
HEARTS TWO HEARTS JACK,0.3854,0.017,0.5976
HEARTS JACK DIAMONDS SIX,0.3564,0.0184,0.6252
CLUBS JACK SPADES SIX,0.364,0.0156,0.6204
HEARTS SEVEN SPADES TWO,0.6252,0.043,0.3318
HEARTS SIX DIAMONDS NINE,0.2148,0.3858,0.3994
HEARTS TWO SPADES THREE,0.6178,0.0436,0.3386
DIAMONDS TWO CLUBS SIX,0.6172,0.0376,0.3452
CLUBS TWO SPADES FOUR,0.6296,0.043,0.3274
CLUBS SIX SPADES THREE,0.5914,0.0418,0.3668
HEARTS JACK CLUBS KING,0.335,0.0068,0.6582
SPADES TEN CLUBS FIVE,0.2334,0.0802,0.6864
CLUBS QUEEN HEARTS EIGHT,0.3666,0.011,0.6224
SPADES NINE CLUBS ACE,0.233,0.0248,0.7422
DIAMONDS TWO DIAMONDS NINE,0.3172,0.4328,0.25
DIAMONDS KING CLUBS QUEEN,0.3238,0.0072,0.669
HEARTS THREE CLUBS TWO,0.6168,0.0446,0.3386
DIAMONDS QUEEN DIAMONDS FOUR,0.3844,0.0108,0.6048
DIAMONDS NINE DIAMONDS FOUR,0.3102,0.4374,0.2524
CLUBS THREE DIAMONDS SEVEN,0.6124,0.0478,0.3398
HEARTS JACK DIAMONDS EIGHT,0.3524,0.0162,0.6314
HEARTS FIVE DIAMONDS NINE,0.0112,0.9726,0.0162
SPADES TEN DIAMONDS NINE,0.2184,0.0828,0.6988
HEARTS SEVEN CLUBS KING,0.362,0.0078,0.6302
DIAMONDS EIGHT HEARTS TEN,0.3328,0.0258,0.6414
SPADES QUEEN DIAMONDS TEN,0.3234,0.0102,0.6664
CLUBS FOUR HEARTS KING,0.392,0.009,0.599
CLUBS FOUR DIAMONDS EIGHT,0.6038,0.048,0.3482
SPADES EIGHT HEARTS TEN,0.3362,0.0274,0.6364
CLUBS ACE HEARTS EIGHT,0.3558,0.0054,0.6388
HEARTS JACK HEARTS TEN,0.2898,0.0174,0.6928
DIAMONDS TEN SPADES THREE,0.3948,0.0276,0.5776
DIAMONDS QUEEN DIAMONDS JACK,0.3078,0.0072,0.685
CLUBS JACK SPADES TWO,0.4056,0.0208,0.5736
HEARTS SIX DIAMONDS SEVEN,0.5396,0.0406,0.4198
HEARTS FOUR HEARTS THREE,0.5538,0.0468,0.3994
CLUBS TEN SPADES SIX,0.3526,0.0292,0.6182
DIAMONDS QUEEN HEARTS ACE,0.3408,0.0038,0.6554
DIAMONDS JACK SPADES THREE,0.4028,0.0178,0.5794
DIAMONDS QUEEN HEARTS EIGHT,0.3558,0.0098,0.6344
HEARTS THREE DIAMONDS SEVEN,0.6058,0.0464,0.3478
SPADES ACE DIAMONDS THREE,0.3992,0.0052,0.5956
SPADES FOUR DIAMONDS EIGHT,0.6028,0.0426,0.3546
CLUBS SIX HEARTS THREE,0.6066,0.049,0.3444
DIAMONDS ACE CLUBS QUEEN,0.3282,0.0038,0.668
SPADES JACK HEARTS NINE,0.2448,0.0618,0.6934
CLUBS FOUR SPADES FIVE,0.6244,0.1084,0.2672
HEARTS JACK HEARTS EIGHT,0.3328,0.0158,0.6514
SPADES KING HEARTS TEN,0.3214,0.007,0.6716
SPADES ACE HEARTS FIVE,0.2556,0.025,0.7194
SPADES EIGHT HEARTS KING,0.3824,0.0082,0.6094
HEARTS SEVEN HEARTS SIX,0.506,0.0414,0.4526
HEARTS SIX CLUBS ACE,0.3744,0.0034,0.6222
DIAMONDS THREE DIAMONDS FOUR,0.5652,0.0428,0.392
HEARTS FOUR CLUBS SIX,0.5898,0.0428,0.3674
SPADES KING DIAMONDS SEVEN,0.3706,0.0076,0.6218
SPADES FIVE SPADES THREE,0.5886,0.0986,0.3128
HEARTS FOUR CLUBS KING,0.4008,0.0078,0.5914
CLUBS SEVEN DIAMONDS SEVEN,0.2798,0.068,0.6522
DIAMONDS TWO DIAMONDS FOUR,0.5932,0.049,0.3578
HEARTS SEVEN DIAMONDS TEN,0.346,0.0282,0.6258
HEARTS THREE DIAMONDS JACK,0.3914,0.019,0.5896
CLUBS TEN CLUBS EIGHT,0.3246,0.0226,0.6528
CLUBS TWO HEARTS KING,0.4088,0.007,0.5842
HEARTS FIVE HEARTS JACK,0.2456,0.0582,0.6962
CLUBS JACK CLUBS QUEEN,0.3092,0.0108,0.68
HEARTS KING DIAMONDS TEN,0.331,0.0058,0.6632
SPADES JACK HEARTS KING,0.3342,0.0064,0.6594
HEARTS SIX DIAMONDS QUEEN,0.375,0.0114,0.6136
CLUBS SEVEN DIAMONDS FOUR,0.6098,0.0454,0.3448
SPADES SIX CLUBS TWO,0.6122,0.0436,0.3442
SPADES EIGHT DIAMONDS QUEEN,0.3562,0.011,0.6328
HEARTS QUEEN DIAMONDS SIX,0.3594,0.0106,0.63
HEARTS JACK HEARTS NINE,0.2346,0.055,0.7104
SPADES TEN HEARTS TWO,0.4074,0.027,0.5656
CLUBS JACK HEARTS JACK,0.1538,0.0268,0.8194
SPADES KING DIAMONDS EIGHT,0.3746,0.0066,0.6188
CLUBS TEN HEARTS THREE,0.3922,0.0294,0.5784
HEARTS THREE SPADES THREE,0.4068,0.0772,0.516
HEARTS FOUR SPADES FOUR,0.3886,0.0784,0.533
DIAMONDS KING SPADES SIX,0.3686,0.0072,0.6242
SPADES FOUR SPADES TWO,0.578,0.045,0.377
HEARTS FIVE SPADES TWO,0.6254,0.114,0.2606
HEARTS SEVEN DIAMONDS SIX,0.529,0.0438,0.4272
CLUBS EIGHT DIAMONDS NINE,0.2234,0.2302,0.5464
HEARTS JACK DIAMONDS SEVEN,0.3578,0.0186,0.6236
HEARTS FIVE CLUBS SEVEN,0.6314,0.1064,0.2622
CLUBS EIGHT HEARTS FOUR,0.6086,0.047,0.3444
DIAMONDS JACK DIAMONDS FOUR,0.388,0.0162,0.5958
HEARTS SEVEN SPADES SIX,0.541,0.0436,0.4154
CLUBS EIGHT SPADES SIX,0.554,0.044,0.402
SPADES QUEEN SPADES FOUR,0.3824,0.013,0.6046
DIAMONDS THREE CLUBS FOUR,0.5966,0.0504,0.353
SPADES NINE CLUBS FIVE,0.0188,0.972,0.0092
DIAMONDS TWO CLUBS EIGHT,0.6324,0.0392,0.3284
DIAMONDS TWO HEARTS FIVE,0.6404,0.1186,0.241
HEARTS FOUR HEARTS TEN,0.3856,0.025,0.5894
CLUBS TEN SPADES FIVE,0.2422,0.0774,0.6804
HEARTS SEVEN HEARTS KING,0.3494,0.007,0.6436
DIAMONDS NINE HEARTS JACK,0.24,0.0598,0.7002
SPADES KING CLUBS ACE,0.3294,0.0026,0.668
DIAMONDS THREE HEARTS THREE,0.3848,0.0842,0.531
CLUBS TEN CLUBS QUEEN,0.308,0.0084,0.6836
CLUBS TWO DIAMONDS TEN,0.4076,0.0294,0.563
SPADES TEN SPADES SEVEN,0.3184,0.0266,0.655
CLUBS FOUR CLUBS QUEEN,0.3908,0.0108,0.5984
HEARTS THREE HEARTS TWO,0.5676,0.0466,0.3858
SPADES FOUR HEARTS TEN,0.3956,0.0254,0.579
DIAMONDS THREE SPADES SEVEN,0.618,0.044,0.338
HEARTS NINE DIAMONDS FOUR,0.3238,0.4612,0.215
HEARTS SIX HEARTS ACE,0.3458,0.0038,0.6504
SPADES NINE SPADES FOUR,0.31,0.4194,0.2706
HEARTS FIVE HEARTS EIGHT,0.5882,0.102,0.3098
HEARTS SEVEN CLUBS TEN,0.347,0.0252,0.6278
DIAMONDS TWO DIAMONDS QUEEN,0.3854,0.0094,0.6052
SPADES NINE HEARTS ACE,0.2496,0.022,0.7284
CLUBS JACK CLUBS FIVE,0.2416,0.057,0.7014
HEARTS SEVEN HEARTS JACK,0.3506,0.0158,0.6336
HEARTS SEVEN DIAMONDS KING,0.3696,0.0082,0.6222
CLUBS EIGHT HEARTS KING,0.3808,0.008,0.6112
CLUBS JACK DIAMONDS QUEEN,0.3168,0.0112,0.672
HEARTS SIX HEARTS FIVE,0.5786,0.1056,0.3158
CLUBS TEN SPADES JACK,0.2984,0.0192,0.6824
HEARTS TWO CLUBS TWO,0.4008,0.0862,0.513
CLUBS JACK SPADES JACK,0.1514,0.0308,0.8178
SPADES JACK HEARTS THREE,0.4046,0.0152,0.5802
DIAMONDS KING DIAMONDS SIX,0.3614,0.0086,0.63
CLUBS EIGHT HEARTS NINE,0.2374,0.2264,0.5362
DIAMONDS THREE CLUBS TEN,0.3988,0.0278,0.5734
DIAMONDS EIGHT CLUBS ACE,0.3542,0.0046,0.6412
DIAMONDS TWO HEARTS ACE,0.3868,0.0028,0.6104
DIAMONDS QUEEN DIAMONDS NINE,0.2368,0.0494,0.7138
CLUBS TEN DIAMONDS KING,0.3142,0.0068,0.679
CLUBS SEVEN HEARTS FOUR,0.5918,0.0416,0.3666
CLUBS THREE DIAMONDS SIX,0.6028,0.045,0.3522
CLUBS EIGHT DIAMONDS FOUR,0.6208,0.0444,0.3348
DIAMONDS ACE HEARTS EIGHT,0.365,0.0028,0.6322
SPADES TEN HEARTS THREE,0.398,0.026,0.576
DIAMONDS KING HEARTS QUEEN,0.3446,0.007,0.6484
SPADES KING HEARTS FOUR,0.4104,0.0078,0.5818
DIAMONDS TWO CLUBS THREE,0.6206,0.0472,0.3322
SPADES JACK DIAMONDS FOUR,0.3996,0.018,0.5824
SPADES NINE DIAMONDS SIX,0.2098,0.3922,0.398
CLUBS SEVEN SPADES THREE,0.6036,0.0406,0.3558
CLUBS JACK HEARTS ACE,0.3396,0.0038,0.6566
HEARTS SEVEN DIAMONDS QUEEN,0.3512,0.01,0.6388
DIAMONDS QUEEN SPADES THREE,0.3884,0.0122,0.5994
DIAMONDS NINE CLUBS QUEEN,0.2342,0.052,0.7138
CLUBS SIX DIAMONDS QUEEN,0.356,0.0136,0.6304
SPADES JACK SPADES FOUR,0.379,0.0162,0.6048
SPADES KING SPADES NINE,0.2314,0.0334,0.7352
DIAMONDS SEVEN CLUBS QUEEN,0.3626,0.0122,0.6252
DIAMONDS TWO DIAMONDS SIX,0.5878,0.042,0.3702
SPADES TEN HEARTS EIGHT,0.346,0.0228,0.6312
CLUBS TEN HEARTS TEN,0.1678,0.039,0.7932
DIAMONDS TWO SPADES THREE,0.6228,0.0472,0.33
CLUBS SEVEN DIAMONDS NINE,0.219,0.2966,0.4844
HEARTS SEVEN CLUBS TWO,0.6186,0.0454,0.336
DIAMONDS QUEEN HEARTS KING,0.3394,0.0076,0.653
HEARTS FIVE CLUBS FIVE,0.2906,0.064,0.6454
SPADES EIGHT DIAMONDS TEN,0.3404,0.0262,0.6334
SPADES THREE DIAMONDS FOUR,0.6018,0.0464,0.3518
DIAMONDS QUEEN SPADES FOUR,0.3978,0.0118,0.5904
SPADES TWO CLUBS KING,0.4092,0.0082,0.5826
HEARTS FIVE DIAMONDS ACE,0.2464,0.0242,0.7294
HEARTS SEVEN DIAMONDS JACK,0.3578,0.0164,0.6258
DIAMONDS ACE DIAMONDS FOUR,0.3634,0.0054,0.6312
CLUBS SIX DIAMONDS FOUR,0.591,0.0452,0.3638
SPADES SEVEN DIAMONDS SEVEN,0.2648,0.0568,0.6784
CLUBS JACK HEARTS SIX,0.3608,0.0176,0.6216
SPADES FOUR DIAMONDS NINE,0.322,0.4556,0.2224
SPADES SEVEN SPADES FOUR,0.5546,0.0394,0.406
SPADES FIVE DIAMONDS JACK,0.243,0.0594,0.6976
DIAMONDS ACE DIAMONDS EIGHT,0.3444,0.0038,0.6518
DIAMONDS KING DIAMONDS JACK,0.3322,0.0078,0.66
CLUBS SEVEN CLUBS THREE,0.587,0.0404,0.3726
DIAMONDS NINE HEARTS EIGHT,0.2328,0.2218,0.5454
SPADES QUEEN CLUBS THREE,0.4098,0.012,0.5782
CLUBS FIVE DIAMONDS KING,0.242,0.0378,0.7202
CLUBS JACK SPADES QUEEN,0.3254,0.011,0.6636
SPADES SIX DIAMONDS SIX,0.2736,0.0766,0.6498
DIAMONDS THREE CLUBS QUEEN,0.4102,0.0162,0.5736
CLUBS FIVE DIAMONDS SEVEN,0.6198,0.117,0.2632
DIAMONDS JACK DIAMONDS NINE,0.2218,0.0606,0.7176
CLUBS JACK SPADES EIGHT,0.3444,0.0152,0.6404
DIAMONDS SIX DIAMONDS FOUR,0.5414,0.0404,0.4182
HEARTS FIVE CLUBS TWO,0.6388,0.1112,0.25
HEARTS ACE DIAMONDS JACK,0.3448,0.0034,0.6518
CLUBS JACK DIAMONDS JACK,0.1478,0.0296,0.8226
SPADES KING SPADES EIGHT,0.3544,0.0076,0.638
CLUBS THREE SPADES FOUR,0.6118,0.0426,0.3456
HEARTS SEVEN HEARTS TEN,0.3344,0.0256,0.64
HEARTS SEVEN DIAMONDS EIGHT,0.519,0.0374,0.4436
SPADES THREE CLUBS KING,0.4008,0.0096,0.5896
CLUBS THREE HEARTS KING,0.4128,0.007,0.5802
HEARTS THREE SPADES SEVEN,0.598,0.0416,0.3604
DIAMONDS THREE DIAMONDS SEVEN,0.5686,0.0448,0.3866
HEARTS SIX CLUBS FOUR,0.5888,0.0412,0.37
SPADES TWO CLUBS QUEEN,0.4068,0.012,0.5812
DIAMONDS THREE HEARTS ACE,0.3982,0.005,0.5968
CLUBS JACK HEARTS KING,0.3442,0.0076,0.6482
HEARTS THREE DIAMONDS ACE,0.3854,0.0054,0.6092
SPADES ACE DIAMONDS KING,0.3258,0.0048,0.6694
CLUBS SEVEN HEARTS TWO,0.6176,0.0456,0.3368
HEARTS TWO CLUBS QUEEN,0.3946,0.0118,0.5936
CLUBS JACK HEARTS THREE,0.4018,0.0196,0.5786
HEARTS TWO HEARTS QUEEN,0.3758,0.0112,0.613
SPADES NINE HEARTS QUEEN,0.2506,0.0492,0.7002
CLUBS TEN DIAMONDS FOUR,0.4004,0.0264,0.5732
HEARTS TWO CLUBS KING,0.4094,0.0116,0.579
CLUBS EIGHT HEARTS THREE,0.6214,0.0454,0.3332
HEARTS SEVEN CLUBS FIVE,0.6376,0.104,0.2584
SPADES TEN SPADES EIGHT,0.3296,0.024,0.6464
SPADES SIX SPADES TWO,0.578,0.0368,0.3852
HEARTS ACE HEARTS TEN,0.3176,0.004,0.6784
SPADES ACE HEARTS TEN,0.3284,0.0024,0.6692
CLUBS JACK SPADES TEN,0.3114,0.015,0.6736
DIAMONDS THREE SPADES FOUR,0.6022,0.0468,0.351
HEARTS TEN DIAMONDS SIX,0.3434,0.0256,0.631
DIAMONDS JACK CLUBS QUEEN,0.3222,0.008,0.6698
SPADES KING CLUBS SEVEN,0.3712,0.006,0.6228
DIAMONDS QUEEN HEARTS TEN,0.328,0.0082,0.6638
HEARTS SEVEN CLUBS THREE,0.6088,0.0396,0.3516
HEARTS TWO DIAMONDS JACK,0.4126,0.0196,0.5678
DIAMONDS TWO DIAMONDS JACK,0.374,0.0204,0.6056
SPADES FOUR CLUBS KING,0.4034,0.0082,0.5884
CLUBS ACE HEARTS NINE,0.2432,0.0294,0.7274
SPADES THREE DIAMONDS NINE,0.3342,0.4424,0.2234
DIAMONDS ACE SPADES FIVE,0.2456,0.0236,0.7308
DIAMONDS ACE HEARTS NINE,0.225,0.0238,0.7512
SPADES ACE CLUBS TEN,0.3206,0.0038,0.6756
HEARTS ACE DIAMONDS SEVEN,0.3664,0.0048,0.6288
HEARTS KING HEARTS TEN,0.3254,0.0072,0.6674
CLUBS FIVE HEARTS JACK,0.2464,0.0594,0.6942
SPADES THREE HEARTS JACK,0.389,0.0174,0.5936
HEARTS SEVEN HEARTS FOUR,0.5562,0.0414,0.4024
CLUBS TWO SPADES TWO,0.3944,0.0874,0.5182
HEARTS SEVEN SPADES FIVE,0.6314,0.1002,0.2684
CLUBS EIGHT SPADES TWO,0.6274,0.0456,0.327
CLUBS EIGHT DIAMONDS JACK,0.3514,0.0172,0.6314
HEARTS SEVEN SPADES FOUR,0.5908,0.0422,0.367
CLUBS TEN CLUBS SEVEN,0.3384,0.0282,0.6334
CLUBS FIVE DIAMONDS FOUR,0.6188,0.107,0.2742
SPADES JACK SPADES SIX,0.3544,0.0146,0.631
SPADES ACE CLUBS SIX,0.3646,0.0048,0.6306
SPADES NINE SPADES EIGHT,0.2162,0.2132,0.5706
HEARTS SEVEN SPADES SEVEN,0.2784,0.06,0.6616
SPADES QUEEN SPADES SEVEN,0.3568,0.0112,0.632
CLUBS THREE SPADES FIVE,0.6324,0.1074,0.2602
HEARTS ACE DIAMONDS TEN,0.3336,0.0056,0.6608
CLUBS FOUR SPADES SEVEN,0.5976,0.041,0.3614
CLUBS TWO DIAMONDS SIX,0.6098,0.0442,0.346
SPADES NINE CLUBS KING,0.247,0.0318,0.7212
HEARTS SIX CLUBS EIGHT,0.5432,0.0476,0.4092
SPADES NINE DIAMONDS NINE,0.091,0.071,0.838
CLUBS TEN CLUBS FIVE,0.2494,0.0798,0.6708
CLUBS FIVE SPADES EIGHT,0.6466,0.1124,0.241
CLUBS EIGHT CLUBS TWO,0.5894,0.0416,0.369
HEARTS TWO DIAMONDS QUEEN,0.416,0.0122,0.5718
CLUBS TWO DIAMONDS FOUR,0.627,0.0498,0.3232
SPADES NINE CLUBS FOUR,0.3364,0.4606,0.203
HEARTS FIVE SPADES EIGHT,0.6496,0.1036,0.2468
CLUBS TWO CLUBS KING,0.3928,0.0096,0.5976
CLUBS SIX DIAMONDS JACK,0.3542,0.0204,0.6254
HEARTS KING HEARTS NINE,0.233,0.0324,0.7346
HEARTS SIX HEARTS THREE,0.5522,0.0436,0.4042
DIAMONDS ACE DIAMONDS QUEEN,0.3168,0.0052,0.678
SPADES SEVEN DIAMONDS FOUR,0.5918,0.0432,0.365
SPADES FIVE HEARTS ACE,0.2568,0.024,0.7192
HEARTS FOUR HEARTS NINE,0.3026,0.4364,0.261
SPADES FOUR CLUBS ACE,0.3824,0.004,0.6136
CLUBS EIGHT DIAMONDS QUEEN,0.358,0.011,0.631
DIAMONDS TWO CLUBS ACE,0.3968,0.0046,0.5986
HEARTS SEVEN DIAMONDS ACE,0.349,0.0042,0.6468
SPADES ACE HEARTS JACK,0.3538,0.0028,0.6434
DIAMONDS KING HEARTS TEN,0.3452,0.0054,0.6494
SPADES NINE CLUBS TWO,0.3298,0.448,0.2222
CLUBS THREE SPADES THREE,0.3918,0.0816,0.5266
HEARTS FIVE CLUBS QUEEN,0.2436,0.0454,0.711
DIAMONDS TEN DIAMONDS SIX,0.3264,0.03,0.6436
SPADES KING DIAMONDS QUEEN,0.317,0.0066,0.6764
HEARTS SEVEN SPADES TEN,0.3438,0.0246,0.6316
CLUBS JACK CLUBS SIX,0.349,0.0174,0.6336
DIAMONDS ACE DIAMONDS TEN,0.317,0.0048,0.6782
HEARTS FIVE SPADES JACK,0.253,0.065,0.682
CLUBS ACE CLUBS KING,0.3162,0.006,0.6778
SPADES ACE SPADES EIGHT,0.349,0.0036,0.6474
HEARTS TEN CLUBS KING,0.3252,0.0076,0.6672
CLUBS THREE DIAMONDS EIGHT,0.6236,0.0436,0.3328
SPADES NINE CLUBS QUEEN,0.2416,0.0488,0.7096
