opposingHand,winningChance,drawChance,lostChance
DIAMONDS JACK DIAMONDS NINE
CLUBS ACE DIAMONDS SIX,0.4478,0.0042,0.548
DIAMONDS ACE DIAMONDS FIVE,0.4076,0.0038,0.5886
SPADES QUEEN CLUBS FIVE,0.461,0.0098,0.5292
SPADES EIGHT CLUBS FIVE,0.6674,0.015,0.3176
DIAMONDS ACE HEARTS TEN,0.4114,0.0044,0.5842
HEARTS FIVE CLUBS SEVEN,0.6546,0.0144,0.331
SPADES TEN CLUBS QUEEN,0.3882,0.0118,0.6
HEARTS QUEEN CLUBS ACE,0.3802,0.0044,0.6154
CLUBS TWO DIAMONDS QUEEN,0.4554,0.0102,0.5344
SPADES ACE CLUBS KING,0.3984,0.0056,0.596
SPADES FIVE DIAMONDS SIX,0.6378,0.0194,0.3428
CLUBS TEN SPADES TEN,0.3244,0.0248,0.6508
SPADES QUEEN DIAMONDS KING,0.3726,0.0056,0.6218
CLUBS SEVEN CLUBS TWO,0.6554,0.016,0.3286
SPADES QUEEN SPADES THREE,0.4566,0.0096,0.5338
HEARTS SEVEN DIAMONDS KING,0.4484,0.007,0.5446
CLUBS FOUR CLUBS ACE,0.439,0.0048,0.5562
DIAMONDS THREE DIAMONDS QUEEN,0.4166,0.013,0.5704
SPADES JACK HEARTS NINE,0.0684,0.9104,0.0212
CLUBS NINE SPADES SEVEN,0.6988,0.0564,0.2448
HEARTS SIX HEARTS JACK,0.582,0.1442,0.2738
CLUBS EIGHT HEARTS JACK,0.6206,0.1598,0.2196
HEARTS TEN HEARTS NINE,0.6696,0.051,0.2794
SPADES KING DIAMONDS SEVEN,0.449,0.006,0.545
CLUBS SIX SPADES THREE,0.6644,0.0154,0.3202
CLUBS TWO DIAMONDS EIGHT,0.6938,0.0172,0.289
CLUBS FIVE HEARTS KING,0.4572,0.0072,0.5356
CLUBS SEVEN DIAMONDS FIVE,0.6364,0.0176,0.346
DIAMONDS THREE DIAMONDS KING,0.429,0.0086,0.5624
SPADES SEVEN SPADES TWO,0.6414,0.0158,0.3428
CLUBS JACK SPADES QUEEN,0.284,0.0388,0.6772
HEARTS THREE HEARTS KING,0.4474,0.004,0.5486
HEARTS ACE SPADES TWO,0.4804,0.004,0.5156
SPADES ACE DIAMONDS SEVEN,0.4586,0.0036,0.5378
HEARTS ACE DIAMONDS EIGHT,0.4478,0.0044,0.5478
SPADES ACE DIAMONDS THREE,0.4754,0.0068,0.5178
HEARTS SEVEN SPADES SEVEN,0.4688,0.0308,0.5004
CLUBS JACK SPADES TWO,0.6266,0.1664,0.207
DIAMONDS ACE DIAMONDS TEN,0.3626,0.0064,0.631
DIAMONDS ACE DIAMONDS SEVEN,0.411,0.005,0.584
SPADES FIVE HEARTS JACK,0.6226,0.1546,0.2228
HEARTS THREE SPADES SIX,0.6644,0.0212,0.3144
HEARTS THREE DIAMONDS FIVE,0.6514,0.0182,0.3304
SPADES QUEEN SPADES NINE,0.2788,0.0412,0.68
SPADES KING SPADES NINE,0.304,0.0272,0.6688
HEARTS SIX SPADES SIX,0.4908,0.0288,0.4804
DIAMONDS TEN CLUBS KING,0.406,0.0072,0.5868
DIAMONDS TWO SPADES FIVE,0.6626,0.0178,0.3196
SPADES THREE HEARTS QUEEN,0.4698,0.0092,0.521
SPADES TEN HEARTS TEN,0.3344,0.0248,0.6408
CLUBS FOUR DIAMONDS FIVE,0.6348,0.019,0.3462
CLUBS JACK HEARTS KING,0.2964,0.0228,0.6808
SPADES QUEEN HEARTS ACE,0.3896,0.0034,0.607
CLUBS TEN DIAMONDS SIX,0.643,0.0162,0.3408
CLUBS FOUR HEARTS ACE,0.4754,0.0034,0.5212
HEARTS TWO HEARTS KING,0.4442,0.0064,0.5494
DIAMONDS THREE CLUBS FOUR,0.6466,0.017,0.3364
HEARTS SIX CLUBS TWO,0.6758,0.0198,0.3044
HEARTS EIGHT DIAMONDS FOUR,0.684,0.016,0.3
DIAMONDS THREE DIAMONDS SEVEN,0.6672,0.0198,0.313
SPADES QUEEN HEARTS FOUR,0.471,0.0102,0.5188
DIAMONDS QUEEN HEARTS ACE,0.3802,0.0058,0.614
HEARTS SEVEN DIAMONDS FOUR,0.6708,0.0142,0.315
SPADES EIGHT HEARTS JACK,0.633,0.1526,0.2144
SPADES EIGHT DIAMONDS SIX,0.6558,0.0172,0.327
HEARTS SIX DIAMONDS TEN,0.656,0.0144,0.3296
CLUBS TEN CLUBS ACE,0.3972,0.0048,0.598
CLUBS QUEEN HEARTS NINE,0.2944,0.0334,0.6722
DIAMONDS KING HEARTS NINE,0.2954,0.03,0.6746
CLUBS THREE HEARTS TEN,0.6874,0.012,0.3006
DIAMONDS THREE CLUBS QUEEN,0.4616,0.01,0.5284
DIAMONDS TWO HEARTS TEN,0.678,0.0172,0.3048
SPADES ACE HEARTS THREE,0.4702,0.0036,0.5262
SPADES KING SPADES QUEEN,0.365,0.0088,0.6262
SPADES THREE DIAMONDS SIX,0.6658,0.0162,0.318
DIAMONDS EIGHT HEARTS TEN,0.6422,0.017,0.3408
DIAMONDS TWO HEARTS FOUR,0.6588,0.0186,0.3226
HEARTS EIGHT SPADES QUEEN,0.4574,0.0102,0.5324
SPADES TEN HEARTS ACE,0.4116,0.0044,0.584
CLUBS NINE HEARTS THREE,0.7314,0.0594,0.2092
CLUBS NINE HEARTS QUEEN,0.3122,0.0338,0.654
CLUBS TWO CLUBS ACE,0.4454,0.0052,0.5494
DIAMONDS KING DIAMONDS TEN,0.36,0.0088,0.6312
SPADES JACK HEARTS FOUR,0.6434,0.1598,0.1968
CLUBS THREE CLUBS ACE,0.4312,0.0036,0.5652
CLUBS TEN CLUBS EIGHT,0.5928,0.0144,0.3928
SPADES EIGHT DIAMONDS EIGHT,0.4376,0.026,0.5364
CLUBS SIX SPADES EIGHT,0.6584,0.0182,0.3234
SPADES EIGHT HEARTS TEN,0.6556,0.0148,0.3296
SPADES FOUR DIAMONDS SEVEN,0.6644,0.0148,0.3208
HEARTS FIVE HEARTS QUEEN,0.4496,0.0104,0.54
CLUBS NINE SPADES JACK,0.0722,0.9054,0.0224
CLUBS JACK HEARTS JACK,0.178,0.03,0.792
DIAMONDS TWO HEARTS SIX,0.6866,0.0164,0.297
HEARTS ACE CLUBS QUEEN,0.395,0.0026,0.6024
CLUBS JACK SPADES THREE,0.629,0.1606,0.2104
HEARTS ACE DIAMONDS SIX,0.4614,0.0048,0.5338
DIAMONDS THREE SPADES THREE,0.477,0.0324,0.4906
DIAMONDS THREE DIAMONDS TEN,0.6744,0.0198,0.3058
SPADES NINE HEARTS ACE,0.3292,0.0204,0.6504
CLUBS JACK HEARTS SEVEN,0.6286,0.157,0.2144
CLUBS TEN CLUBS FIVE,0.6238,0.015,0.3612
HEARTS TWO DIAMONDS ACE,0.453,0.0046,0.5424
HEARTS TWO HEARTS TEN,0.6436,0.0176,0.3388
SPADES JACK DIAMONDS KING,0.2954,0.0272,0.6774
CLUBS TWO CLUBS QUEEN,0.4518,0.0096,0.5386
CLUBS EIGHT DIAMONDS ACE,0.4412,0.0038,0.555
HEARTS FIVE DIAMONDS SEVEN,0.6584,0.0186,0.323
CLUBS JACK DIAMONDS THREE,0.6164,0.1636,0.22
HEARTS SIX SPADES FOUR,0.6588,0.016,0.3252
CLUBS SEVEN HEARTS TEN,0.6554,0.0166,0.328
CLUBS THREE DIAMONDS FOUR,0.6356,0.019,0.3454
HEARTS JACK HEARTS TEN,0.262,0.1156,0.6224
SPADES SEVEN DIAMONDS SIX,0.6446,0.0136,0.3418
HEARTS EIGHT SPADES NINE,0.7004,0.0566,0.243
HEARTS FIVE SPADES EIGHT,0.6682,0.0174,0.3144
CLUBS EIGHT HEARTS THREE,0.6962,0.0148,0.289
HEARTS EIGHT DIAMONDS SIX,0.6596,0.017,0.3234
DIAMONDS TWO SPADES FOUR,0.6634,0.0164,0.3202
SPADES KING HEARTS FOUR,0.4704,0.0068,0.5228
SPADES NINE DIAMONDS EIGHT,0.7024,0.054,0.2436
SPADES ACE SPADES EIGHT,0.4238,0.0042,0.572
CLUBS NINE SPADES FOUR,0.7264,0.0598,0.2138
HEARTS SEVEN DIAMONDS TEN,0.6648,0.0156,0.3196
CLUBS TWO HEARTS TEN,0.6742,0.0178,0.308
DIAMONDS TWO DIAMONDS QUEEN,0.4272,0.0128,0.56
CLUBS SEVEN HEARTS QUEEN,0.4706,0.0114,0.518
CLUBS FOUR DIAMONDS ACE,0.447,0.0062,0.5468
DIAMONDS KING CLUBS TWO,0.457,0.0088,0.5342
CLUBS TEN CLUBS NINE,0.6764,0.0444,0.2792
SPADES TEN DIAMONDS KING,0.4006,0.0058,0.5936
DIAMONDS TWO CLUBS EIGHT,0.6796,0.0184,0.302
CLUBS TEN DIAMONDS QUEEN,0.3986,0.0114,0.59
SPADES SEVEN HEARTS NINE,0.699,0.0648,0.2362
DIAMONDS THREE CLUBS SIX,0.659,0.02,0.321
CLUBS FIVE DIAMONDS TEN,0.677,0.0156,0.3074
HEARTS SEVEN HEARTS FOUR,0.6248,0.014,0.3612
DIAMONDS ACE DIAMONDS SIX,0.4164,0.005,0.5786
SPADES ACE DIAMONDS EIGHT,0.463,0.0034,0.5336
HEARTS FOUR CLUBS TWO,0.6648,0.0168,0.3184
HEARTS EIGHT SPADES FIVE,0.6632,0.0126,0.3242
DIAMONDS TEN DIAMONDS FIVE,0.6704,0.014,0.3156
HEARTS EIGHT CLUBS ACE,0.451,0.0056,0.5434
HEARTS SIX CLUBS EIGHT,0.6594,0.0154,0.3252
SPADES SIX HEARTS QUEEN,0.4628,0.0106,0.5266
HEARTS EIGHT DIAMONDS FIVE,0.6626,0.0164,0.321
SPADES KING SPADES SEVEN,0.4428,0.0068,0.5504
DIAMONDS TWO SPADES THREE,0.6504,0.0186,0.331
SPADES TEN DIAMONDS QUEEN,0.3892,0.0086,0.6022
SPADES SEVEN CLUBS TWO,0.6942,0.0176,0.2882
CLUBS FOUR SPADES SIX,0.6506,0.0164,0.333
CLUBS TEN SPADES FOUR,0.6792,0.0178,0.303
HEARTS EIGHT HEARTS TEN,0.6036,0.0186,0.3778
DIAMONDS TWO DIAMONDS SIX,0.6702,0.0184,0.3114
HEARTS FIVE HEARTS FOUR,0.599,0.0172,0.3838
SPADES SEVEN HEARTS KING,0.4642,0.0066,0.5292
SPADES ACE DIAMONDS FOUR,0.4494,0.0058,0.5448
SPADES SIX DIAMONDS FIVE,0.627,0.0182,0.3548
SPADES JACK SPADES TEN,0.2574,0.1118,0.6308
CLUBS SIX DIAMONDS KING,0.4502,0.0066,0.5432
CLUBS EIGHT SPADES SEVEN,0.648,0.0152,0.3368
SPADES SEVEN DIAMONDS SEVEN,0.4696,0.0276,0.5028
SPADES ACE CLUBS JACK,0.2946,0.019,0.6864
HEARTS FOUR DIAMONDS ACE,0.4624,0.0054,0.5322
DIAMONDS QUEEN DIAMONDS EIGHT,0.4016,0.0114,0.587
HEARTS TWO DIAMONDS SEVEN,0.6906,0.0158,0.2936
SPADES ACE HEARTS FIVE,0.4538,0.0044,0.5418
SPADES KING DIAMONDS ACE,0.3946,0.0044,0.601
SPADES JACK CLUBS QUEEN,0.2948,0.038,0.6672
DIAMONDS THREE DIAMONDS SIX,0.6578,0.0186,0.3236
SPADES JACK HEARTS ACE,0.3018,0.0192,0.679
CLUBS TEN CLUBS KING,0.391,0.0068,0.6022
HEARTS EIGHT SPADES THREE,0.688,0.0166,0.2954
HEARTS EIGHT SPADES KING,0.4716,0.0072,0.5212
DIAMONDS QUEEN HEARTS NINE,0.2814,0.042,0.6766
DIAMONDS EIGHT HEARTS QUEEN,0.4526,0.0096,0.5378
SPADES JACK HEARTS KING,0.2844,0.0302,0.6854
CLUBS NINE DIAMONDS KING,0.2898,0.035,0.6752
SPADES NINE CLUBS ACE,0.3158,0.0174,0.6668
DIAMONDS QUEEN DIAMONDS FOUR,0.416,0.0138,0.5702
HEARTS SEVEN HEARTS QUEEN,0.4286,0.008,0.5634
DIAMONDS TEN CLUBS ACE,0.4062,0.006,0.5878
HEARTS THREE DIAMONDS SIX,0.6658,0.0196,0.3146
HEARTS EIGHT HEARTS FOUR,0.641,0.0176,0.3414
SPADES ACE HEARTS SIX,0.4638,0.0024,0.5338
HEARTS FIVE SPADES TWO,0.6498,0.0186,0.3316
SPADES ACE SPADES TEN,0.3934,0.0034,0.6032
HEARTS ACE CLUBS KING,0.3908,0.0044,0.6048
DIAMONDS TWO DIAMONDS FIVE,0.654,0.0194,0.3266
DIAMONDS TWO SPADES QUEEN,0.4752,0.0106,0.5142
HEARTS SEVEN HEARTS THREE,0.6432,0.0154,0.3414
HEARTS EIGHT HEARTS NINE,0.6588,0.0474,0.2938
SPADES ACE SPADES NINE,0.2968,0.018,0.6852
HEARTS EIGHT HEARTS ACE,0.4308,0.0058,0.5634
HEARTS SEVEN SPADES SIX,0.6392,0.0176,0.3432
SPADES TEN HEARTS TWO,0.6682,0.016,0.3158
HEARTS THREE DIAMONDS EIGHT,0.6918,0.0178,0.2904
SPADES QUEEN DIAMONDS SEVEN,0.4432,0.012,0.5448
HEARTS SEVEN SPADES FIVE,0.652,0.017,0.331
HEARTS SEVEN CLUBS KING,0.469,0.0064,0.5246
DIAMONDS THREE HEARTS QUEEN,0.4636,0.0102,0.5262
HEARTS EIGHT HEARTS JACK,0.5862,0.1514,0.2624
HEARTS SIX DIAMONDS QUEEN,0.4708,0.0086,0.5206
CLUBS JACK HEARTS TEN,0.2878,0.1052,0.607
SPADES FOUR DIAMONDS FOUR,0.4828,0.0316,0.4856
SPADES ACE CLUBS EIGHT,0.4496,0.0052,0.5452
CLUBS TEN SPADES FIVE,0.6714,0.0162,0.3124
SPADES FIVE HEARTS TEN,0.6726,0.0166,0.3108
CLUBS JACK CLUBS TWO,0.5986,0.1424,0.259
CLUBS SIX CLUBS QUEEN,0.4478,0.0084,0.5438
SPADES ACE HEARTS NINE,0.3208,0.0156,0.6636
HEARTS QUEEN HEARTS NINE,0.277,0.0356,0.6874
SPADES TEN DIAMONDS FOUR,0.6632,0.0146,0.3222
CLUBS SEVEN SPADES FOUR,0.66,0.014,0.326
DIAMONDS TEN DIAMONDS SEVEN,0.6434,0.017,0.3396
SPADES SIX SPADES TWO,0.6408,0.0182,0.341
HEARTS EIGHT CLUBS QUEEN,0.4542,0.0088,0.537
SPADES NINE SPADES EIGHT,0.653,0.0552,0.2918
SPADES ACE CLUBS SEVEN,0.4654,0.0038,0.5308
SPADES JACK CLUBS SIX,0.6272,0.1578,0.215
CLUBS NINE DIAMONDS SEVEN,0.6882,0.0536,0.2582
CLUBS NINE HEARTS FIVE,0.7136,0.056,0.2304
HEARTS SIX DIAMONDS FIVE,0.6362,0.0198,0.344
SPADES SEVEN CLUBS ACE,0.4464,0.0026,0.551
SPADES FIVE CLUBS TWO,0.664,0.0156,0.3204
HEARTS SIX DIAMONDS SEVEN,0.646,0.0184,0.3356
CLUBS NINE CLUBS SEVEN,0.6738,0.0516,0.2746
HEARTS FIVE DIAMONDS FOUR,0.6292,0.0144,0.3564
SPADES KING DIAMONDS EIGHT,0.4528,0.0092,0.538
CLUBS TEN CLUBS THREE,0.6434,0.0156,0.341
CLUBS NINE DIAMONDS SIX,0.72,0.0572,0.2228
CLUBS TWO HEARTS NINE,0.7292,0.0598,0.211
HEARTS ACE HEARTS TEN,0.3872,0.0038,0.609
CLUBS NINE SPADES FIVE,0.7166,0.0588,0.2246
SPADES TEN CLUBS THREE,0.6688,0.0148,0.3164
SPADES TWO DIAMONDS FOUR,0.6628,0.0174,0.3198
SPADES EIGHT DIAMONDS FIVE,0.671,0.0176,0.3114
HEARTS EIGHT DIAMONDS KING,0.4424,0.0058,0.5518
SPADES ACE HEARTS TWO,0.4674,0.0046,0.528
SPADES KING CLUBS EIGHT,0.4528,0.0068,0.5404
DIAMONDS TWO SPADES TEN,0.663,0.0174,0.3196
SPADES SIX CLUBS QUEEN,0.4624,0.0118,0.5258
DIAMONDS KING DIAMONDS QUEEN,0.3358,0.008,0.6562
SPADES TEN HEARTS KING,0.4036,0.006,0.5904
DIAMONDS ACE HEARTS QUEEN,0.3734,0.003,0.6236
CLUBS NINE DIAMONDS QUEEN,0.2806,0.038,0.6814
SPADES JACK SPADES FOUR,0.5952,0.1464,0.2584
DIAMONDS SIX HEARTS NINE,0.7134,0.0576,0.229
SPADES QUEEN DIAMONDS SIX,0.4666,0.0112,0.5222
SPADES FIVE CLUBS KING,0.4598,0.0074,0.5328
HEARTS KING CLUBS ACE,0.3802,0.003,0.6168
SPADES KING DIAMONDS FIVE,0.4624,0.005,0.5326
SPADES JACK DIAMONDS ACE,0.2864,0.017,0.6966
HEARTS EIGHT DIAMONDS TEN,0.6408,0.0206,0.3386
CLUBS SEVEN CLUBS FIVE,0.618,0.0158,0.3662
HEARTS SEVEN DIAMONDS ACE,0.4424,0.004,0.5536
SPADES TEN DIAMONDS SEVEN,0.6472,0.0156,0.3372
SPADES FIVE DIAMONDS QUEEN,0.446,0.0122,0.5418
DIAMONDS SIX CLUBS KING,0.4628,0.0062,0.531
CLUBS EIGHT DIAMONDS SIX,0.6612,0.016,0.3228
DIAMONDS THREE CLUBS TEN,0.654,0.0166,0.3294
SPADES SEVEN CLUBS FOUR,0.6578,0.0168,0.3254
HEARTS SIX HEARTS THREE,0.622,0.0134,0.3646
CLUBS NINE HEARTS TWO,0.7276,0.0586,0.2138
CLUBS EIGHT HEARTS KING,0.4658,0.006,0.5282
HEARTS SEVEN CLUBS SEVEN,0.4694,0.0278,0.5028
HEARTS THREE CLUBS TWO,0.6746,0.0144,0.311
CLUBS KING CLUBS QUEEN,0.3664,0.007,0.6266
HEARTS TWO DIAMONDS QUEEN,0.4644,0.0112,0.5244
SPADES QUEEN SPADES JACK,0.2712,0.0368,0.692
CLUBS SEVEN HEARTS ACE,0.4534,0.0042,0.5424
SPADES NINE DIAMONDS ACE,0.2966,0.0186,0.6848
HEARTS TWO HEARTS ACE,0.4416,0.0044,0.554
SPADES NINE HEARTS NINE,0.3598,0.034,0.6062
SPADES KING CLUBS FOUR,0.4768,0.0068,0.5164
SPADES FOUR HEARTS JACK,0.6262,0.1612,0.2126
HEARTS EIGHT SPADES FOUR,0.6842,0.0164,0.2994
CLUBS JACK SPADES NINE,0.0706,0.9084,0.021
CLUBS TEN HEARTS JACK,0.264,0.1204,0.6156
HEARTS THREE DIAMONDS FOUR,0.6638,0.0176,0.3186
SPADES SEVEN DIAMONDS ACE,0.4366,0.0044,0.559
HEARTS SEVEN DIAMONDS SIX,0.6552,0.0172,0.3276
SPADES ACE HEARTS FOUR,0.4704,0.0042,0.5254
SPADES NINE SPADES THREE,0.679,0.0544,0.2666
CLUBS EIGHT DIAMONDS TEN,0.6478,0.018,0.3342
HEARTS THREE CLUBS THREE,0.4932,0.033,0.4738
HEARTS FOUR HEARTS TEN,0.6268,0.0172,0.356
SPADES EIGHT CLUBS KING,0.4522,0.0064,0.5414
HEARTS TWO SPADES FIVE,0.6608,0.0144,0.3248
SPADES ACE HEARTS TEN,0.4218,0.0042,0.574
HEARTS SIX SPADES SEVEN,0.6552,0.013,0.3318
CLUBS FIVE DIAMONDS SEVEN,0.6442,0.0174,0.3384
SPADES QUEEN HEARTS TWO,0.4608,0.0096,0.5296
SPADES KING DIAMONDS SIX,0.4576,0.0062,0.5362
SPADES NINE SPADES TWO,0.6808,0.0616,0.2576
CLUBS NINE SPADES NINE,0.3538,0.031,0.6152
SPADES TWO HEARTS NINE,0.73,0.06,0.21
CLUBS FOUR SPADES FOUR,0.4918,0.032,0.4762
CLUBS ACE DIAMONDS FOUR,0.4534,0.0052,0.5414
HEARTS FIVE HEARTS JACK,0.5812,0.161,0.2578
CLUBS NINE CLUBS FOUR,0.6894,0.053,0.2576
HEARTS QUEEN DIAMONDS SEVEN,0.4538,0.0118,0.5344
CLUBS FIVE CLUBS ACE,0.443,0.0044,0.5526
DIAMONDS EIGHT CLUBS QUEEN,0.4586,0.0084,0.533
HEARTS EIGHT DIAMONDS SEVEN,0.6568,0.0164,0.3268
CLUBS NINE CLUBS TWO,0.6758,0.0612,0.263
DIAMONDS THREE CLUBS EIGHT,0.6812,0.017,0.3018
CLUBS SIX CLUBS FOUR,0.6186,0.0152,0.3662
SPADES EIGHT SPADES FOUR,0.6368,0.0196,0.3436
CLUBS TEN CLUBS QUEEN,0.3718,0.011,0.6172
SPADES SIX DIAMONDS TEN,0.6528,0.0166,0.3306
SPADES JACK CLUBS FIVE,0.615,0.1626,0.2224
CLUBS THREE CLUBS QUEEN,0.4508,0.0094,0.5398
SPADES QUEEN HEARTS NINE,0.286,0.0376,0.6764
CLUBS SEVEN DIAMONDS ACE,0.4514,0.004,0.5446
SPADES FOUR SPADES THREE,0.6224,0.0156,0.362
SPADES QUEEN SPADES TEN,0.3716,0.0102,0.6182
HEARTS ACE SPADES THREE,0.462,0.0058,0.5322
DIAMONDS ACE DIAMONDS KING,0.332,0.0034,0.6646
DIAMONDS KING DIAMONDS EIGHT,0.402,0.0086,0.5894
SPADES SEVEN DIAMONDS TEN,0.655,0.0168,0.3282
CLUBS NINE DIAMONDS ACE,0.307,0.0204,0.6726
SPADES QUEEN SPADES TWO,0.445,0.0116,0.5434
HEARTS TWO DIAMONDS KING,0.4714,0.0078,0.5208
SPADES TWO CLUBS ACE,0.47,0.0038,0.5262
DIAMONDS QUEEN HEARTS JACK,0.2786,0.0394,0.682
CLUBS TEN HEARTS THREE,0.6686,0.0136,0.3178
DIAMONDS THREE HEARTS ACE,0.4492,0.0064,0.5444
CLUBS TEN HEARTS TEN,0.316,0.0226,0.6614
CLUBS JACK SPADES TEN,0.2654,0.1136,0.621
SPADES ACE DIAMONDS ACE,0.2024,0.0038,0.7938
SPADES JACK CLUBS ACE,0.296,0.0154,0.6886
SPADES NINE SPADES FIVE,0.6726,0.054,0.2734
CLUBS SEVEN DIAMONDS TEN,0.6544,0.0168,0.3288
SPADES ACE DIAMONDS TEN,0.4104,0.0038,0.5858
CLUBS EIGHT CLUBS FIVE,0.6238,0.0172,0.359
HEARTS SEVEN HEARTS TWO,0.641,0.0144,0.3446
CLUBS FIVE SPADES SIX,0.6542,0.0162,0.3296
CLUBS THREE HEARTS ACE,0.4706,0.0032,0.5262
CLUBS EIGHT SPADES TEN,0.6546,0.0156,0.3298
CLUBS NINE CLUBS SIX,0.672,0.0584,0.2696
HEARTS EIGHT CLUBS FIVE,0.6722,0.0144,0.3134
CLUBS FIVE SPADES FIVE,0.4824,0.0266,0.491
DIAMONDS KING HEARTS KING,0.1932,0.0072,0.7996
DIAMONDS FIVE HEARTS NINE,0.7146,0.053,0.2324
SPADES THREE DIAMONDS FOUR,0.6566,0.0202,0.3232
CLUBS NINE CLUBS THREE,0.6982,0.0558,0.246
SPADES ACE CLUBS QUEEN,0.3974,0.0022,0.6004
SPADES NINE HEARTS THREE,0.716,0.0588,0.2252
CLUBS FOUR DIAMONDS TEN,0.6758,0.0186,0.3056
SPADES JACK SPADES EIGHT,0.593,0.1524,0.2546
SPADES EIGHT CLUBS TWO,0.696,0.0136,0.2904
CLUBS SIX HEARTS TEN,0.6682,0.0152,0.3166
DIAMONDS TWO CLUBS FIVE,0.6674,0.018,0.3146
CLUBS THREE DIAMONDS SEVEN,0.6752,0.0156,0.3092
HEARTS FOUR CLUBS FIVE,0.651,0.0148,0.3342
SPADES QUEEN CLUBS QUEEN,0.203,0.0086,0.7884
CLUBS TWO HEARTS KING,0.4684,0.0066,0.525
SPADES SIX HEARTS TEN,0.6586,0.0166,0.3248
CLUBS SIX HEARTS THREE,0.666,0.0192,0.3148
HEARTS EIGHT CLUBS SEVEN,0.6478,0.0182,0.334
SPADES KING CLUBS THREE,0.4604,0.0064,0.5332
CLUBS NINE CLUBS FIVE,0.682,0.058,0.26
SPADES KING HEARTS ACE,0.4004,0.004,0.5956
CLUBS FOUR HEARTS NINE,0.718,0.0608,0.2212
SPADES SIX DIAMONDS KING,0.4592,0.008,0.5328
HEARTS SIX HEARTS TWO,0.6402,0.0152,0.3446
CLUBS FIVE SPADES THREE,0.6496,0.0166,0.3338
CLUBS NINE SPADES TWO,0.728,0.0634,0.2086
SPADES ACE DIAMONDS TWO,0.4696,0.0048,0.5256
HEARTS TWO CLUBS KING,0.4652,0.009,0.5258
CLUBS JACK SPADES KING,0.2906,0.0314,0.678
SPADES KING SPADES TEN,0.3764,0.0054,0.6182
HEARTS FOUR HEARTS JACK,0.5878,0.153,0.2592
DIAMONDS TWO CLUBS ACE,0.468,0.0054,0.5266
HEARTS QUEEN DIAMONDS FOUR,0.4686,0.0126,0.5188
HEARTS KING HEARTS TEN,0.3892,0.0066,0.6042
SPADES SEVEN DIAMONDS KING,0.4496,0.007,0.5434
SPADES JACK SPADES SEVEN,0.5716,0.1588,0.2696
HEARTS SEVEN CLUBS FIVE,0.663,0.0166,0.3204
SPADES JACK CLUBS THREE,0.616,0.1618,0.2222
SPADES JACK SPADES FIVE,0.5756,0.1524,0.272
SPADES ACE SPADES JACK,0.281,0.0192,0.6998
HEARTS SEVEN CLUBS EIGHT,0.652,0.0166,0.3314
CLUBS KING DIAMONDS FIVE,0.4566,0.0066,0.5368
SPADES SEVEN CLUBS KING,0.4736,0.005,0.5214
DIAMONDS THREE SPADES FOUR,0.641,0.017,0.342
HEARTS SEVEN HEARTS TEN,0.6206,0.0118,0.3676
SPADES FIVE HEARTS ACE,0.4646,0.0036,0.5318
HEARTS EIGHT SPADES SIX,0.6616,0.0194,0.319
HEARTS EIGHT CLUBS FOUR,0.682,0.0168,0.3012
SPADES KING HEARTS TWO,0.4712,0.0076,0.5212
HEARTS JACK CLUBS KING,0.2944,0.0268,0.6788
SPADES JACK CLUBS EIGHT,0.6338,0.1584,0.2078
CLUBS TEN HEARTS TWO,0.6714,0.0174,0.3112
SPADES THREE CLUBS ACE,0.4616,0.0054,0.533
CLUBS SIX CLUBS KING,0.4418,0.0086,0.5496
CLUBS EIGHT DIAMONDS SEVEN,0.641,0.0144,0.3446
CLUBS SEVEN DIAMONDS QUEEN,0.4516,0.0088,0.5396
HEARTS FIVE SPADES SIX,0.631,0.016,0.353
HEARTS SIX CLUBS QUEEN,0.4592,0.008,0.5328
SPADES SIX CLUBS ACE,0.4648,0.004,0.5312
SPADES NINE CLUBS THREE,0.7428,0.056,0.2012
DIAMONDS THREE CLUBS TWO,0.6472,0.0184,0.3344
SPADES THREE DIAMONDS SEVEN,0.6796,0.0154,0.305
HEARTS SEVEN DIAMONDS FIVE,0.644,0.0146,0.3414
SPADES FIVE DIAMONDS FOUR,0.6366,0.0164,0.347
SPADES TEN HEARTS THREE,0.6808,0.0148,0.3044
SPADES SEVEN SPADES FOUR,0.6232,0.0156,0.3612
SPADES SIX DIAMONDS SEVEN,0.6574,0.015,0.3276
CLUBS JACK DIAMONDS FOUR,0.6276,0.161,0.2114
CLUBS JACK HEARTS NINE,0.0744,0.9046,0.021
HEARTS SEVEN CLUBS FOUR,0.6736,0.0126,0.3138
SPADES ACE CLUBS TEN,0.4026,0.0048,0.5926
DIAMONDS TWO SPADES EIGHT,0.6956,0.0138,0.2906
DIAMONDS QUEEN SPADES FOUR,0.4606,0.0124,0.527
CLUBS THREE DIAMONDS TEN,0.6708,0.0134,0.3158
HEARTS KING HEARTS JACK,0.2938,0.0292,0.677
HEARTS FIVE HEARTS ACE,0.4386,0.0034,0.558
DIAMONDS SEVEN HEARTS NINE,0.686,0.0662,0.2478
HEARTS FOUR CLUBS FOUR,0.499,0.0328,0.4682
HEARTS FOUR DIAMONDS FOUR,0.4824,0.0286,0.489
SPADES QUEEN DIAMONDS QUEEN,0.2044,0.012,0.7836
CLUBS TWO SPADES FOUR,0.6726,0.0182,0.3092
HEARTS KING DIAMONDS EIGHT,0.456,0.0086,0.5354
SPADES ACE CLUBS FOUR,0.4626,0.0048,0.5326
HEARTS FOUR SPADES FOUR,0.4992,0.0282,0.4726
HEARTS QUEEN CLUBS QUEEN,0.205,0.0106,0.7844
HEARTS TWO DIAMONDS EIGHT,0.6878,0.0172,0.295
CLUBS TEN HEARTS SIX,0.6594,0.0176,0.323
CLUBS NINE SPADES SIX,0.7258,0.0574,0.2168
CLUBS SEVEN SPADES TWO,0.6792,0.0142,0.3066
HEARTS FIVE CLUBS SIX,0.6492,0.016,0.3348
HEARTS FIVE CLUBS THREE,0.651,0.0152,0.3338
CLUBS JACK CLUBS ACE,0.2822,0.016,0.7018
DIAMONDS TWO HEARTS QUEEN,0.4666,0.0106,0.5228
CLUBS ACE CLUBS KING,0.3688,0.0046,0.6266
SPADES EIGHT DIAMONDS KING,0.4348,0.0076,0.5576
SPADES NINE DIAMONDS FIVE,0.6992,0.059,0.2418
CLUBS JACK DIAMONDS KING,0.278,0.0322,0.6898
CLUBS SEVEN DIAMONDS SIX,0.6422,0.0156,0.3422
SPADES ACE SPADES QUEEN,0.3696,0.0026,0.6278
DIAMONDS KING SPADES TWO,0.454,0.008,0.538
HEARTS SEVEN CLUBS SIX,0.645,0.0156,0.3394
DIAMONDS ACE CLUBS ACE,0.1932,0.0052,0.8016
HEARTS FOUR CLUBS KING,0.4656,0.0078,0.5266
CLUBS THREE DIAMONDS QUEEN,0.4642,0.0112,0.5246
SPADES FIVE DIAMONDS SEVEN,0.6612,0.0146,0.3242
HEARTS SEVEN DIAMONDS TWO,0.683,0.016,0.301
SPADES QUEEN CLUBS ACE,0.3954,0.005,0.5996
SPADES SEVEN DIAMONDS FOUR,0.6698,0.017,0.3132
HEARTS ACE DIAMONDS FOUR,0.4544,0.0056,0.54
CLUBS SEVEN CLUBS ACE,0.4304,0.005,0.5646
SPADES FIVE SPADES TWO,0.6262,0.0172,0.3566
HEARTS FIVE SPADES FOUR,0.6516,0.0132,0.3352
CLUBS NINE HEARTS JACK,0.0642,0.915,0.0208
HEARTS FIVE DIAMONDS TEN,0.6704,0.014,0.3156
CLUBS FOUR HEARTS QUEEN,0.4718,0.0108,0.5174
CLUBS SEVEN HEARTS JACK,0.633,0.1532,0.2138
CLUBS EIGHT HEARTS FIVE,0.6818,0.0176,0.3006
CLUBS EIGHT DIAMONDS KING,0.4538,0.0064,0.5398
SPADES KING SPADES FIVE,0.44,0.0068,0.5532
CLUBS NINE CLUBS ACE,0.3104,0.0168,0.6728
SPADES EIGHT HEARTS ACE,0.4546,0.0036,0.5418
SPADES QUEEN SPADES SIX,0.4404,0.0084,0.5512
HEARTS KING SPADES TWO,0.4768,0.0082,0.515
CLUBS ACE HEARTS NINE,0.3252,0.022,0.6528
DIAMONDS TWO HEARTS TWO,0.4938,0.0258,0.4804
HEARTS KING HEARTS QUEEN,0.3654,0.0072,0.6274
CLUBS ACE HEARTS TEN,0.4214,0.003,0.5756
CLUBS TEN HEARTS KING,0.401,0.0046,0.5944
SPADES NINE CLUBS SIX,0.7214,0.0564,0.2222
SPADES QUEEN CLUBS SIX,0.4638,0.0122,0.524
CLUBS TEN HEARTS FOUR,0.6822,0.013,0.3048
SPADES TEN DIAMONDS SIX,0.6544,0.0162,0.3294
SPADES TEN CLUBS TWO,0.6838,0.0144,0.3018
HEARTS FIVE CLUBS ACE,0.4664,0.0044,0.5292
HEARTS EIGHT DIAMONDS THREE,0.686,0.0152,0.2988
SPADES ACE HEARTS QUEEN,0.3996,0.0038,0.5966
HEARTS FIVE HEARTS KING,0.4548,0.0076,0.5376
DIAMONDS QUEEN DIAMONDS SEVEN,0.4248,0.0128,0.5624
HEARTS KING DIAMONDS FOUR,0.4688,0.008,0.5232
DIAMONDS QUEEN CLUBS QUEEN,0.1958,0.0096,0.7946
SPADES QUEEN HEARTS SIX,0.4722,0.0122,0.5156
HEARTS TWO SPADES SEVEN,0.6972,0.0144,0.2884
SPADES ACE SPADES FIVE,0.434,0.0052,0.5608
SPADES SEVEN DIAMONDS EIGHT,0.6492,0.0162,0.3346
HEARTS TWO SPADES TWO,0.4814,0.0354,0.4832
HEARTS EIGHT HEARTS FIVE,0.6348,0.0174,0.3478
HEARTS EIGHT SPADES SEVEN,0.639,0.0164,0.3446
DIAMONDS TWO CLUBS SIX,0.679,0.015,0.306
SPADES THREE DIAMONDS FIVE,0.6328,0.0154,0.3518
CLUBS SIX SPADES SIX,0.4932,0.029,0.4778
HEARTS JACK DIAMONDS SIX,0.614,0.164,0.222
SPADES JACK HEARTS FIVE,0.6248,0.1592,0.216
DIAMONDS THREE SPADES TWO,0.6584,0.0194,0.3222
HEARTS THREE HEARTS JACK,0.578,0.1574,0.2646
DIAMONDS EIGHT DIAMONDS SEVEN,0.6354,0.018,0.3466
CLUBS JACK CLUBS KING,0.2868,0.0262,0.687
HEARTS THREE SPADES TWO,0.6604,0.0172,0.3224
DIAMONDS SEVEN HEARTS TEN,0.6486,0.0164,0.335
SPADES FOUR HEARTS KING,0.462,0.0066,0.5314
SPADES TEN HEARTS NINE,0.7134,0.049,0.2376
CLUBS SIX SPADES FOUR,0.6594,0.0176,0.323
SPADES QUEEN SPADES SEVEN,0.435,0.0092,0.5558
SPADES FOUR HEARTS TEN,0.682,0.0168,0.3012
SPADES KING DIAMONDS TWO,0.461,0.008,0.531
DIAMONDS THREE HEARTS TWO,0.6658,0.0178,0.3164
DIAMONDS ACE CLUBS QUEEN,0.378,0.0038,0.6182
CLUBS TEN SPADES SEVEN,0.6546,0.016,0.3294
SPADES NINE DIAMONDS TEN,0.698,0.0504,0.2516
SPADES EIGHT DIAMONDS ACE,0.4474,0.0036,0.549
DIAMONDS TWO CLUBS THREE,0.6648,0.0188,0.3164
CLUBS SIX DIAMONDS FOUR,0.655,0.0178,0.3272
HEARTS FIVE CLUBS KING,0.4692,0.0056,0.5252
HEARTS EIGHT CLUBS SIX,0.6694,0.0166,0.314
CLUBS SEVEN DIAMONDS KING,0.452,0.0056,0.5424
SPADES NINE CLUBS KING,0.3144,0.0274,0.6582
CLUBS SIX HEARTS JACK,0.6328,0.1628,0.2044
SPADES SIX HEARTS KING,0.4678,0.0056,0.5266
HEARTS SEVEN DIAMONDS SEVEN,0.4618,0.0276,0.5106
HEARTS KING CLUBS KING,0.2156,0.0068,0.7776
CLUBS FIVE DIAMONDS FIVE,0.4684,0.032,0.4996
DIAMONDS TWO HEARTS KING,0.4698,0.0068,0.5234
HEARTS THREE DIAMONDS TEN,0.672,0.0154,0.3126
CLUBS EIGHT SPADES FIVE,0.6788,0.0142,0.307
DIAMONDS TWO HEARTS NINE,0.7256,0.0608,0.2136
CLUBS SEVEN SPADES FIVE,0.6402,0.014,0.3458
HEARTS FIVE SPADES THREE,0.6568,0.0156,0.3276
CLUBS EIGHT CLUBS SEVEN,0.6062,0.0168,0.377
SPADES SEVEN HEARTS TEN,0.6536,0.0138,0.3326
HEARTS THREE CLUBS KING,0.4718,0.0074,0.5208
CLUBS FOUR DIAMONDS EIGHT,0.681,0.0176,0.3014
CLUBS KING DIAMONDS FOUR,0.4728,0.007,0.5202
CLUBS THREE CLUBS TWO,0.6346,0.0192,0.3462
HEARTS SEVEN HEARTS SIX,0.6128,0.0176,0.3696
SPADES EIGHT DIAMONDS FOUR,0.6694,0.019,0.3116
CLUBS JACK SPADES FOUR,0.6266,0.1592,0.2142
CLUBS FOUR HEARTS KING,0.4692,0.0034,0.5274
CLUBS EIGHT SPADES EIGHT,0.4604,0.0274,0.5122
CLUBS EIGHT HEARTS FOUR,0.6732,0.0162,0.3106
HEARTS SIX SPADES JACK,0.6326,0.1608,0.2066
DIAMONDS ACE DIAMONDS FOUR,0.4154,0.0046,0.58
SPADES ACE SPADES THREE,0.4438,0.006,0.5502
HEARTS TWO HEARTS NINE,0.6832,0.058,0.2588
HEARTS THREE DIAMONDS KING,0.4556,0.0078,0.5366
CLUBS JACK CLUBS EIGHT,0.5894,0.1534,0.2572
CLUBS TEN CLUBS SEVEN,0.6338,0.0176,0.3486
CLUBS TEN DIAMONDS TEN,0.3176,0.021,0.6614
HEARTS FOUR CLUBS THREE,0.6558,0.0156,0.3286
SPADES KING CLUBS TEN,0.3982,0.0072,0.5946
SPADES JACK HEARTS JACK,0.181,0.029,0.79
SPADES NINE DIAMONDS QUEEN,0.2788,0.0434,0.6778
CLUBS TWO DIAMONDS SEVEN,0.6856,0.0154,0.299
SPADES TEN DIAMONDS ACE,0.3928,0.0056,0.6016
HEARTS EIGHT SPADES TWO,0.6938,0.0182,0.288
SPADES JACK DIAMONDS EIGHT,0.6084,0.1696,0.222
CLUBS FIVE DIAMONDS SIX,0.6358,0.0154,0.3488
HEARTS SEVEN SPADES TEN,0.6548,0.0152,0.33
DIAMONDS THREE HEARTS SEVEN,0.678,0.0204,0.3016
CLUBS EIGHT CLUBS QUEEN,0.4258,0.0096,0.5646
SPADES KING CLUBS TWO,0.464,0.0064,0.5296
HEARTS SEVEN HEARTS NINE,0.6544,0.0534,0.2922
SPADES NINE DIAMONDS SEVEN,0.6956,0.061,0.2434
DIAMONDS KING DIAMONDS SIX,0.4124,0.0074,0.5802
HEARTS EIGHT SPADES EIGHT,0.4602,0.0292,0.5106
SPADES THREE HEARTS JACK,0.6238,0.164,0.2122
SPADES NINE SPADES SEVEN,0.6652,0.051,0.2838
SPADES JACK SPADES SIX,0.5922,0.148,0.2598
CLUBS EIGHT DIAMONDS FIVE,0.6588,0.015,0.3262
SPADES EIGHT HEARTS KING,0.4674,0.0078,0.5248
CLUBS JACK CLUBS FOUR,0.5908,0.1512,0.258
SPADES ACE CLUBS NINE,0.3376,0.0216,0.6408
HEARTS EIGHT CLUBS KING,0.4636,0.0066,0.5298
SPADES KING DIAMONDS TEN,0.4102,0.0066,0.5832
DIAMONDS TEN HEARTS NINE,0.7016,0.0524,0.246
SPADES SIX HEARTS ACE,0.4596,0.002,0.5384
SPADES KING CLUBS FIVE,0.48,0.0068,0.5132
SPADES KING HEARTS THREE,0.473,0.0072,0.5198
HEARTS SIX DIAMONDS ACE,0.4514,0.0054,0.5432
DIAMONDS ACE DIAMONDS EIGHT,0.4142,0.0052,0.5806
SPADES SIX DIAMONDS EIGHT,0.6628,0.014,0.3232
HEARTS FOUR HEARTS KING,0.4374,0.0064,0.5562
DIAMONDS TWO DIAMONDS TEN,0.682,0.0198,0.2982
HEARTS FIVE HEARTS TWO,0.623,0.0166,0.3604
SPADES TEN SPADES SEVEN,0.6094,0.0116,0.379
DIAMONDS SIX DIAMONDS FOUR,0.6562,0.0186,0.3252
HEARTS SIX HEARTS NINE,0.6808,0.054,0.2652
SPADES NINE CLUBS FOUR,0.72,0.0614,0.2186
SPADES SEVEN CLUBS THREE,0.673,0.0142,0.3128
HEARTS FOUR DIAMONDS QUEEN,0.4754,0.0128,0.5118
CLUBS TEN HEARTS NINE,0.6986,0.0504,0.251
CLUBS JACK CLUBS NINE,0.0692,0.8562,0.0746
SPADES TEN SPADES SIX,0.6252,0.0126,0.3622
HEARTS FOUR DIAMONDS KING,0.448,0.0072,0.5448
CLUBS SIX CLUBS ACE,0.4288,0.006,0.5652
DIAMONDS ACE HEARTS KING,0.3842,0.0056,0.6102
DIAMONDS THREE CLUBS FIVE,0.6478,0.0164,0.3358
DIAMONDS SIX HEARTS TEN,0.6644,0.018,0.3176
CLUBS TWO DIAMONDS FIVE,0.659,0.015,0.326
SPADES JACK CLUBS KING,0.3018,0.0296,0.6686
CLUBS ACE CLUBS QUEEN,0.378,0.005,0.617
CLUBS SEVEN SPADES SEVEN,0.4712,0.0332,0.4956
SPADES FOUR DIAMONDS SIX,0.6478,0.015,0.3372
HEARTS ACE HEARTS JACK,0.2782,0.0172,0.7046
DIAMONDS SIX DIAMONDS FIVE,0.6378,0.0202,0.342
HEARTS SEVEN DIAMONDS EIGHT,0.6426,0.015,0.3424
DIAMONDS ACE HEARTS JACK,0.279,0.0152,0.7058
HEARTS THREE SPADES EIGHT,0.681,0.0172,0.3018
DIAMONDS TEN HEARTS KING,0.3952,0.0078,0.597
CLUBS JACK HEARTS SIX,0.6292,0.155,0.2158
CLUBS THREE DIAMONDS KING,0.4534,0.0094,0.5372
HEARTS JACK DIAMONDS FIVE,0.6188,0.1598,0.2214
DIAMONDS QUEEN HEARTS TEN,0.3918,0.0104,0.5978
CLUBS TEN SPADES SIX,0.665,0.0154,0.3196
HEARTS EIGHT HEARTS SIX,0.6238,0.0142,0.362
CLUBS TEN SPADES QUEEN,0.3892,0.012,0.5988
HEARTS THREE HEARTS TWO,0.6248,0.0144,0.3608
CLUBS NINE HEARTS SIX,0.708,0.0548,0.2372
HEARTS SEVEN SPADES QUEEN,0.4676,0.0098,0.5226
DIAMONDS TEN HEARTS QUEEN,0.3864,0.0082,0.6054
SPADES ACE DIAMONDS FIVE,0.4464,0.0062,0.5474
SPADES KING DIAMONDS QUEEN,0.3736,0.0082,0.6182
HEARTS FOUR CLUBS SIX,0.6534,0.013,0.3336
SPADES THREE HEARTS KING,0.4604,0.0068,0.5328
CLUBS SEVEN CLUBS FOUR,0.6198,0.0194,0.3608
SPADES FOUR CLUBS QUEEN,0.4692,0.01,0.5208
SPADES JACK DIAMONDS TEN,0.2676,0.11,0.6224
HEARTS SIX CLUBS KING,0.4768,0.0084,0.5148
CLUBS SIX HEARTS QUEEN,0.4688,0.0084,0.5228
CLUBS SIX HEARTS TWO,0.6802,0.0174,0.3024
SPADES SEVEN SPADES SIX,0.6158,0.0164,0.3678
SPADES FIVE SPADES FOUR,0.6018,0.0148,0.3834
HEARTS THREE HEARTS QUEEN,0.4496,0.0112,0.5392
SPADES TEN SPADES FIVE,0.6446,0.0162,0.3392
CLUBS NINE SPADES EIGHT,0.709,0.0538,0.2372
HEARTS TWO DIAMONDS FIVE,0.6588,0.0162,0.325
CLUBS EIGHT SPADES NINE,0.6906,0.0494,0.26
CLUBS SIX SPADES TWO,0.6828,0.0146,0.3026
SPADES ACE CLUBS TWO,0.4658,0.0042,0.53
HEARTS SEVEN SPADES THREE,0.6808,0.0164,0.3028
DIAMONDS THREE HEARTS JACK,0.6286,0.153,0.2184
SPADES EIGHT CLUBS THREE,0.7024,0.0156,0.282
HEARTS SEVEN CLUBS NINE,0.704,0.057,0.239
SPADES TEN CLUBS SEVEN,0.6514,0.0158,0.3328
SPADES ACE SPADES KING,0.3788,0.004,0.6172
CLUBS FOUR DIAMONDS SEVEN,0.662,0.0192,0.3188
HEARTS ACE DIAMONDS FIVE,0.458,0.0064,0.5356
CLUBS JACK SPADES SIX,0.6156,0.1618,0.2226
DIAMONDS KING SPADES FOUR,0.472,0.0068,0.5212
HEARTS SIX HEARTS FOUR,0.6136,0.0162,0.3702
DIAMONDS EIGHT DIAMONDS FOUR,0.6622,0.0204,0.3174
SPADES FIVE HEARTS NINE,0.7202,0.0532,0.2266
HEARTS FIVE DIAMONDS EIGHT,0.6606,0.0166,0.3228
DIAMONDS TWO HEARTS FIVE,0.6706,0.0168,0.3126
DIAMONDS TEN CLUBS QUEEN,0.3876,0.0094,0.603
SPADES EIGHT HEARTS NINE,0.6944,0.0586,0.247
CLUBS SEVEN CLUBS SIX,0.6046,0.0168,0.3786
CLUBS THREE HEARTS QUEEN,0.4666,0.0084,0.525
DIAMONDS THREE HEARTS KING,0.4592,0.0074,0.5334
HEARTS THREE CLUBS QUEEN,0.4716,0.0106,0.5178
HEARTS SIX CLUBS SEVEN,0.6602,0.0184,0.3214
HEARTS EIGHT CLUBS EIGHT,0.4616,0.0266,0.5118
HEARTS KING DIAMONDS SEVEN,0.4612,0.0062,0.5326
HEARTS SEVEN CLUBS QUEEN,0.4606,0.0104,0.529
HEARTS SIX HEARTS TEN,0.6202,0.013,0.3668
HEARTS FIVE CLUBS FOUR,0.646,0.019,0.335
SPADES FOUR DIAMONDS TEN,0.667,0.0162,0.3168
DIAMONDS ACE SPADES FOUR,0.454,0.0066,0.5394
SPADES FIVE DIAMONDS EIGHT,0.663,0.0176,0.3194
DIAMONDS TWO CLUBS KING,0.4728,0.0062,0.521
HEARTS SEVEN HEARTS ACE,0.4284,0.0036,0.568
CLUBS SEVEN SPADES NINE,0.6998,0.0588,0.2414
SPADES KING DIAMONDS FOUR,0.4714,0.0064,0.5222
CLUBS FIVE HEARTS ACE,0.4554,0.004,0.5406
SPADES NINE HEARTS TWO,0.726,0.0564,0.2176
SPADES FIVE DIAMONDS FIVE,0.4792,0.0288,0.492
SPADES KING DIAMONDS KING,0.1854,0.007,0.8076
CLUBS SEVEN DIAMONDS EIGHT,0.6554,0.0148,0.3298
DIAMONDS KING HEARTS TEN,0.4048,0.008,0.5872
DIAMONDS THREE SPADES EIGHT,0.7046,0.0138,0.2816
HEARTS FIVE DIAMONDS ACE,0.4446,0.0052,0.5502
CLUBS NINE DIAMONDS FIVE,0.7166,0.0614,0.222
SPADES QUEEN HEARTS QUEEN,0.205,0.0118,0.7832
DIAMONDS THREE SPADES TEN,0.6696,0.0158,0.3146
SPADES JACK CLUBS TWO,0.6266,0.1602,0.2132
SPADES SEVEN HEARTS QUEEN,0.4762,0.0092,0.5146
HEARTS FOUR SPADES SIX,0.6596,0.0128,0.3276
CLUBS THREE SPADES TWO,0.6622,0.0172,0.3206
SPADES JACK DIAMONDS QUEEN,0.2846,0.0424,0.673
SPADES TEN HEARTS FOUR,0.6684,0.0172,0.3144
DIAMONDS EIGHT SPADES TWO,0.6898,0.02,0.2902
SPADES EIGHT DIAMONDS SEVEN,0.6462,0.0138,0.34
HEARTS SEVEN HEARTS FIVE,0.5978,0.0168,0.3854
DIAMONDS TEN DIAMONDS EIGHT,0.6282,0.0186,0.3532
DIAMONDS SEVEN HEARTS JACK,0.628,0.149,0.223
SPADES KING SPADES SIX,0.435,0.0052,0.5598
SPADES THREE HEARTS TEN,0.6654,0.016,0.3186
CLUBS TEN SPADES TWO,0.676,0.0144,0.3096
CLUBS EIGHT CLUBS ACE,0.4272,0.0056,0.5672
DIAMONDS TWO CLUBS NINE,0.7362,0.061,0.2028
DIAMONDS THREE SPADES KING,0.4526,0.0072,0.5402
HEARTS THREE HEARTS TEN,0.645,0.0152,0.3398
HEARTS SIX DIAMONDS FOUR,0.6514,0.02,0.3286
SPADES ACE HEARTS ACE,0.2122,0.0048,0.783
HEARTS FOUR SPADES TWO,0.674,0.0174,0.3086
DIAMONDS TWO DIAMONDS ACE,0.418,0.0056,0.5764
SPADES JACK HEARTS TWO,0.6322,0.1664,0.2014
CLUBS FOUR CLUBS QUEEN,0.4524,0.011,0.5366
CLUBS SEVEN HEARTS NINE,0.7074,0.0566,0.236
CLUBS SIX DIAMONDS QUEEN,0.4492,0.0102,0.5406
SPADES QUEEN DIAMONDS EIGHT,0.4422,0.007,0.5508
CLUBS JACK HEARTS THREE,0.6262,0.1616,0.2122
DIAMONDS ACE SPADES SIX,0.456,0.0038,0.5402
CLUBS THREE HEARTS KING,0.4728,0.0054,0.5218
SPADES SEVEN DIAMONDS FIVE,0.6504,0.0164,0.3332
SPADES ACE HEARTS SEVEN,0.446,0.0044,0.5496
CLUBS EIGHT DIAMONDS FOUR,0.6798,0.0212,0.299
CLUBS THREE DIAMONDS EIGHT,0.6884,0.0156,0.296
SPADES FOUR HEARTS NINE,0.733,0.0548,0.2122
CLUBS EIGHT CLUBS THREE,0.657,0.015,0.328
HEARTS ACE DIAMONDS SEVEN,0.4542,0.0046,0.5412
SPADES QUEEN CLUBS FOUR,0.4694,0.011,0.5196
DIAMONDS THREE SPADES QUEEN,0.4726,0.0104,0.517
SPADES KING CLUBS ACE,0.3854,0.0046,0.61
HEARTS JACK HEARTS NINE,0.0682,0.8502,0.0816
CLUBS JACK HEARTS ACE,0.3116,0.019,0.6694
SPADES QUEEN CLUBS EIGHT,0.4538,0.009,0.5372
SPADES NINE SPADES SIX,0.6746,0.0556,0.2698
SPADES NINE HEARTS JACK,0.0744,0.9062,0.0194
CLUBS TEN DIAMONDS FIVE,0.6714,0.0176,0.311
SPADES TWO DIAMONDS SEVEN,0.6848,0.016,0.2992
SPADES EIGHT CLUBS ACE,0.4584,0.0028,0.5388
SPADES TEN CLUBS FIVE,0.6704,0.0158,0.3138
DIAMONDS THREE HEARTS SIX,0.6556,0.0202,0.3242
CLUBS JACK CLUBS TEN,0.2616,0.104,0.6344
SPADES ACE CLUBS ACE,0.214,0.0022,0.7838
CLUBS FOUR CLUBS KING,0.4414,0.0084,0.5502
HEARTS QUEEN CLUBS KING,0.3882,0.0066,0.6052
SPADES TEN DIAMONDS TEN,0.3202,0.0226,0.6572
SPADES SEVEN SPADES FIVE,0.6182,0.0142,0.3676
CLUBS NINE HEARTS ACE,0.3164,0.019,0.6646
CLUBS FIVE DIAMONDS FOUR,0.636,0.0156,0.3484
DIAMONDS TWO CLUBS QUEEN,0.4604,0.0106,0.529
SPADES KING HEARTS FIVE,0.463,0.0068,0.5302
CLUBS NINE DIAMONDS TEN,0.7054,0.0496,0.245
CLUBS SEVEN SPADES THREE,0.6678,0.0146,0.3176
DIAMONDS THREE SPADES FIVE,0.6484,0.0174,0.3342
CLUBS EIGHT SPADES TWO,0.687,0.0192,0.2938
DIAMONDS KING CLUBS KING,0.1894,0.0056,0.805
CLUBS NINE HEARTS NINE,0.37,0.0306,0.5994
DIAMONDS THREE CLUBS THREE,0.4872,0.0352,0.4776
HEARTS SIX SPADES NINE,0.71,0.0626,0.2274
SPADES SIX SPADES THREE,0.6172,0.0152,0.3676
HEARTS FIVE DIAMONDS SIX,0.628,0.0174,0.3546
SPADES JACK DIAMONDS SEVEN,0.6242,0.1534,0.2224
CLUBS SIX DIAMONDS SEVEN,0.6536,0.016,0.3304
HEARTS SIX SPADES THREE,0.6606,0.0178,0.3216
DIAMONDS SEVEN CLUBS KING,0.463,0.0062,0.5308
CLUBS TEN DIAMONDS EIGHT,0.6416,0.022,0.3364
CLUBS FOUR HEARTS TEN,0.6772,0.0158,0.307
CLUBS JACK DIAMONDS TWO,0.623,0.1576,0.2194
CLUBS TEN CLUBS TWO,0.6366,0.0154,0.348
DIAMONDS THREE HEARTS NINE,0.726,0.0554,0.2186
CLUBS EIGHT CLUBS FOUR,0.64,0.0164,0.3436
DIAMONDS ACE HEARTS NINE,0.3126,0.0198,0.6676
CLUBS FOUR DIAMONDS FOUR,0.48,0.0304,0.4896
CLUBS SIX HEARTS ACE,0.4796,0.0044,0.516
DIAMONDS TWO HEARTS ACE,0.4492,0.0064,0.5444
CLUBS FIVE CLUBS KING,0.4354,0.0084,0.5562
CLUBS TEN DIAMONDS ACE,0.388,0.003,0.609
HEARTS THREE SPADES FIVE,0.6468,0.0184,0.3348
DIAMONDS FIVE DIAMONDS FOUR,0.6196,0.018,0.3624
HEARTS ACE HEARTS KING,0.3754,0.0044,0.6202
HEARTS SEVEN SPADES NINE,0.711,0.0494,0.2396
DIAMONDS ACE CLUBS KING,0.3834,0.0062,0.6104
DIAMONDS THREE SPADES JACK,0.6228,0.1624,0.2148
HEARTS THREE CLUBS ACE,0.4796,0.004,0.5164
CLUBS TEN SPADES NINE,0.703,0.0514,0.2456
SPADES THREE CLUBS QUEEN,0.4736,0.0114,0.515
CLUBS TWO DIAMONDS TEN,0.6822,0.0182,0.2996
DIAMONDS TWO CLUBS FOUR,0.6572,0.018,0.3248
HEARTS SIX DIAMONDS KING,0.4656,0.0076,0.5268
DIAMONDS TWO SPADES TWO,0.4836,0.0314,0.485
CLUBS FOUR CLUBS THREE,0.617,0.0164,0.3666
HEARTS FOUR DIAMONDS SEVEN,0.6508,0.016,0.3332
DIAMONDS THREE SPADES SEVEN,0.654,0.0204,0.3256
HEARTS THREE SPADES FOUR,0.651,0.0154,0.3336
HEARTS TWO CLUBS THREE,0.668,0.0176,0.3144
CLUBS FOUR HEARTS JACK,0.61,0.1606,0.2294
DIAMONDS QUEEN HEARTS KING,0.3726,0.0052,0.6222
SPADES TEN CLUBS KING,0.418,0.0056,0.5764
DIAMONDS ACE DIAMONDS QUEEN,0.3472,0.0058,0.647
SPADES NINE HEARTS KING,0.306,0.0246,0.6694
HEARTS TEN DIAMONDS FIVE,0.669,0.016,0.315
HEARTS SEVEN SPADES TWO,0.6972,0.016,0.2868
HEARTS THREE DIAMONDS QUEEN,0.455,0.0116,0.5334
CLUBS SIX SPADES SEVEN,0.6564,0.0116,0.332
HEARTS FOUR DIAMONDS FIVE,0.651,0.0144,0.3346
SPADES QUEEN SPADES FOUR,0.4408,0.0108,0.5484
CLUBS FIVE SPADES SEVEN,0.6496,0.0132,0.3372
HEARTS FOUR HEARTS NINE,0.6886,0.0572,0.2542
DIAMONDS SEVEN DIAMONDS SIX,0.6264,0.017,0.3566
DIAMONDS THREE SPADES SIX,0.6648,0.021,0.3142
DIAMONDS QUEEN CLUBS KING,0.3782,0.0084,0.6134
CLUBS NINE DIAMONDS FOUR,0.7122,0.0624,0.2254
SPADES NINE CLUBS TWO,0.7322,0.0586,0.2092
SPADES FOUR CLUBS ACE,0.4566,0.0036,0.5398
HEARTS JACK CLUBS QUEEN,0.273,0.0384,0.6886
SPADES ACE DIAMONDS SIX,0.4588,0.0036,0.5376
SPADES FOUR HEARTS QUEEN,0.4732,0.013,0.5138
CLUBS EIGHT SPADES THREE,0.694,0.016,0.29
SPADES NINE HEARTS TEN,0.71,0.0456,0.2444
HEARTS SIX CLUBS FIVE,0.6428,0.0152,0.342
SPADES TEN SPADES TWO,0.6398,0.0146,0.3456
DIAMONDS QUEEN CLUBS ACE,0.3784,0.0054,0.6162
HEARTS SIX SPADES EIGHT,0.666,0.0166,0.3174
CLUBS JACK DIAMONDS SEVEN,0.6192,0.1722,0.2086
DIAMONDS QUEEN HEARTS QUEEN,0.1932,0.0106,0.7962
SPADES SIX SPADES FOUR,0.6234,0.0142,0.3624
CLUBS SIX DIAMONDS SIX,0.479,0.0298,0.4912
HEARTS THREE HEARTS ACE,0.4392,0.0054,0.5554
DIAMONDS QUEEN DIAMONDS TEN,0.3378,0.0122,0.65
SPADES ACE SPADES SIX,0.4364,0.0052,0.5584
HEARTS TWO DIAMONDS FOUR,0.6694,0.018,0.3126
CLUBS SIX DIAMONDS TEN,0.65,0.0144,0.3356
SPADES JACK HEARTS THREE,0.6206,0.154,0.2254
HEARTS SEVEN SPADES JACK,0.6302,0.151,0.2188
HEARTS THREE DIAMONDS SEVEN,0.6716,0.0166,0.3118
SPADES FIVE SPADES THREE,0.615,0.0176,0.3674
CLUBS TEN DIAMONDS TWO,0.67,0.0158,0.3142
CLUBS SIX DIAMONDS FIVE,0.6416,0.0172,0.3412
SPADES NINE HEARTS QUEEN,0.2984,0.036,0.6656
DIAMONDS TWO SPADES SIX,0.6754,0.018,0.3066
CLUBS FOUR SPADES FIVE,0.641,0.0138,0.3452
HEARTS SIX CLUBS THREE,0.6596,0.0166,0.3238
SPADES KING CLUBS NINE,0.3154,0.0298,0.6548
HEARTS SEVEN HEARTS JACK,0.5984,0.1478,0.2538
HEARTS SEVEN DIAMONDS QUEEN,0.4502,0.0124,0.5374
DIAMONDS TEN DIAMONDS FOUR,0.675,0.0202,0.3048
SPADES SIX DIAMONDS FOUR,0.6478,0.0184,0.3338
SPADES QUEEN DIAMONDS FIVE,0.4768,0.012,0.5112
CLUBS THREE SPADES FOUR,0.6628,0.0154,0.3218
CLUBS JACK SPADES JACK,0.1736,0.0366,0.7898
CLUBS EIGHT SPADES FOUR,0.6782,0.0174,0.3044
HEARTS SIX DIAMONDS SIX,0.4856,0.0288,0.4856
DIAMONDS THREE HEARTS THREE,0.4738,0.035,0.4912
CLUBS NINE HEARTS KING,0.3064,0.0292,0.6644
CLUBS FIVE CLUBS TWO,0.6188,0.019,0.3622
DIAMONDS THREE HEARTS FOUR,0.645,0.0202,0.3348
SPADES EIGHT CLUBS QUEEN,0.4552,0.01,0.5348
SPADES ACE DIAMONDS QUEEN,0.376,0.0056,0.6184
SPADES JACK SPADES THREE,0.594,0.1522,0.2538
DIAMONDS KING CLUBS ACE,0.3976,0.0044,0.598
CLUBS SEVEN HEARTS TWO,0.6878,0.0138,0.2984
DIAMONDS ACE CLUBS TWO,0.4564,0.0056,0.538
HEARTS SEVEN CLUBS THREE,0.683,0.0144,0.3026
SPADES JACK SPADES NINE,0.0668,0.8592,0.074
SPADES TEN DIAMONDS EIGHT,0.6424,0.0162,0.3414
HEARTS TWO CLUBS ACE,0.4646,0.0058,0.5296
CLUBS KING HEARTS TEN,0.4046,0.0076,0.5878
CLUBS NINE CLUBS QUEEN,0.2718,0.0376,0.6906
HEARTS TWO SPADES SIX,0.6732,0.015,0.3118
CLUBS EIGHT HEARTS NINE,0.7036,0.0548,0.2416
SPADES ACE CLUBS THREE,0.4626,0.0054,0.532
DIAMONDS ACE SPADES FIVE,0.459,0.0058,0.5352
CLUBS THREE DIAMONDS FIVE,0.6382,0.0152,0.3466
SPADES KING SPADES EIGHT,0.4282,0.0086,0.5632
SPADES TWO HEARTS JACK,0.6292,0.1608,0.21
HEARTS EIGHT DIAMONDS QUEEN,0.4374,0.0112,0.5514
SPADES QUEEN DIAMONDS TEN,0.39,0.0082,0.6018
CLUBS SIX HEARTS NINE,0.729,0.0498,0.2212
CLUBS FIVE HEARTS QUEEN,0.4666,0.0098,0.5236
DIAMONDS TWO DIAMONDS SEVEN,0.6806,0.019,0.3004
HEARTS THREE HEARTS NINE,0.6928,0.0564,0.2508
HEARTS EIGHT CLUBS NINE,0.6976,0.0582,0.2442
HEARTS FIVE SPADES NINE,0.7242,0.0554,0.2204
SPADES EIGHT SPADES TWO,0.6484,0.0162,0.3354
DIAMONDS KING DIAMONDS FOUR,0.4256,0.0074,0.567
CLUBS NINE SPADES TEN,0.6974,0.054,0.2486
HEARTS QUEEN DIAMONDS FIVE,0.4552,0.0088,0.536
SPADES JACK DIAMONDS SIX,0.6174,0.1624,0.2202
SPADES ACE SPADES TWO,0.4436,0.006,0.5504
SPADES TWO DIAMONDS SIX,0.6776,0.019,0.3034
CLUBS SEVEN SPADES EIGHT,0.6426,0.015,0.3424
DIAMONDS KING HEARTS QUEEN,0.3626,0.0084,0.629
SPADES THREE DIAMONDS EIGHT,0.7016,0.017,0.2814
CLUBS THREE SPADES FIVE,0.6482,0.015,0.3368
HEARTS TWO CLUBS TWO,0.4834,0.0324,0.4842
DIAMONDS TEN HEARTS TEN,0.3252,0.0232,0.6516
HEARTS TWO CLUBS QUEEN,0.4782,0.0118,0.51
SPADES QUEEN HEARTS JACK,0.2892,0.0402,0.6706
CLUBS SIX CLUBS THREE,0.6126,0.02,0.3674
