opposingHand,winningChance,drawChance,lostChance
DIAMONDS JACK HEARTS NINE
CLUBS JACK CLUBS THREE,0.564,0.1552,0.2808
SPADES KING DIAMONDS FOUR,0.438,0.0054,0.5566
SPADES SEVEN DIAMONDS QUEEN,0.4364,0.0102,0.5534
CLUBS JACK HEARTS TEN,0.2276,0.125,0.6474
SPADES NINE DIAMONDS SIX,0.6978,0.0614,0.2408
SPADES KING SPADES TEN,0.3464,0.0058,0.6478
SPADES NINE HEARTS JACK,0.011,0.9696,0.0194
CLUBS SEVEN DIAMONDS SIX,0.631,0.0132,0.3558
DIAMONDS THREE SPADES QUEEN,0.4352,0.0128,0.552
SPADES EIGHT CLUBS FOUR,0.656,0.0164,0.3276
CLUBS JACK SPADES THREE,0.5968,0.1716,0.2316
SPADES QUEEN SPADES JACK,0.2316,0.035,0.7334
DIAMONDS EIGHT HEARTS JACK,0.6036,0.1672,0.2292
DIAMONDS QUEEN SPADES THREE,0.4286,0.0124,0.559
HEARTS TWO SPADES TWO,0.467,0.0298,0.5032
DIAMONDS ACE HEARTS QUEEN,0.353,0.007,0.64
CLUBS EIGHT HEARTS KING,0.421,0.0054,0.5736
HEARTS THREE DIAMONDS SIX,0.6486,0.016,0.3354
HEARTS TWO CLUBS TWO,0.4644,0.0328,0.5028
CLUBS SEVEN HEARTS JACK,0.601,0.1706,0.2284
CLUBS JACK SPADES JACK,0.137,0.0304,0.8326
SPADES EIGHT DIAMONDS NINE,0.6816,0.0592,0.2592
HEARTS FOUR SPADES EIGHT,0.6726,0.0136,0.3138
CLUBS SIX SPADES EIGHT,0.6376,0.015,0.3474
CLUBS NINE HEARTS QUEEN,0.2442,0.0414,0.7144
DIAMONDS KING CLUBS THREE,0.4274,0.0074,0.5652
CLUBS SIX CLUBS ACE,0.402,0.0042,0.5938
CLUBS TEN DIAMONDS NINE,0.702,0.0516,0.2464
CLUBS THREE HEARTS JACK,0.6052,0.1688,0.226
HEARTS THREE HEARTS QUEEN,0.419,0.0114,0.5696
SPADES NINE SPADES FIVE,0.6554,0.054,0.2906
HEARTS TWO SPADES EIGHT,0.678,0.019,0.303
CLUBS JACK HEARTS TWO,0.6158,0.1746,0.2096
HEARTS KING CLUBS ACE,0.3548,0.0048,0.6404
SPADES KING DIAMONDS SEVEN,0.432,0.0064,0.5616
SPADES QUEEN HEARTS KING,0.3506,0.0066,0.6428
DIAMONDS TWO HEARTS TWO,0.4754,0.0342,0.4904
SPADES JACK SPADES SIX,0.5654,0.1576,0.277
DIAMONDS TWO SPADES SIX,0.6702,0.0148,0.315
HEARTS SIX SPADES JACK,0.622,0.1606,0.2174
SPADES KING DIAMONDS FIVE,0.4374,0.0076,0.555
CLUBS TWO CLUBS ACE,0.4072,0.004,0.5888
HEARTS FOUR CLUBS ACE,0.4256,0.0038,0.5706
CLUBS TEN DIAMONDS FOUR,0.6526,0.0178,0.3296
HEARTS SEVEN CLUBS KING,0.4282,0.0056,0.5662
DIAMONDS SIX HEARTS TEN,0.6448,0.0154,0.3398
CLUBS JACK CLUBS ACE,0.235,0.016,0.749
CLUBS FOUR SPADES FOUR,0.472,0.0314,0.4966
DIAMONDS TWO SPADES SEVEN,0.6806,0.0168,0.3026
SPADES SIX DIAMONDS SIX,0.4598,0.0292,0.511
SPADES SEVEN HEARTS EIGHT,0.6366,0.0144,0.349
SPADES FOUR HEARTS JACK,0.6052,0.1654,0.2294
DIAMONDS NINE DIAMONDS FOUR,0.694,0.0602,0.2458
SPADES THREE HEARTS KING,0.4312,0.0092,0.5596
HEARTS TWO DIAMONDS SIX,0.6668,0.0144,0.3188
DIAMONDS TEN SPADES TWO,0.671,0.0178,0.3112
HEARTS FOUR CLUBS SEVEN,0.646,0.0188,0.3352
HEARTS ACE SPADES THREE,0.4228,0.0048,0.5724
CLUBS SIX DIAMONDS TEN,0.6634,0.015,0.3216
CLUBS JACK DIAMONDS FIVE,0.6042,0.1698,0.226
DIAMONDS KING HEARTS QUEEN,0.339,0.007,0.654
SPADES JACK CLUBS FIVE,0.602,0.1748,0.2232
CLUBS JACK CLUBS TEN,0.2248,0.1148,0.6604
DIAMONDS KING HEARTS ACE,0.3552,0.0068,0.638
SPADES JACK HEARTS TWO,0.6178,0.1686,0.2136
HEARTS ACE HEARTS KING,0.3378,0.0062,0.656
SPADES KING CLUBS FOUR,0.434,0.0064,0.5596
SPADES FIVE HEARTS JACK,0.606,0.163,0.231
HEARTS SEVEN DIAMONDS SIX,0.6252,0.0172,0.3576
SPADES NINE DIAMONDS TEN,0.6956,0.0518,0.2526
CLUBS EIGHT HEARTS EIGHT,0.4368,0.028,0.5352
HEARTS SEVEN CLUBS SIX,0.6308,0.0184,0.3508
CLUBS ACE HEARTS EIGHT,0.4198,0.0044,0.5758
HEARTS TWO CLUBS KING,0.4334,0.007,0.5596
DIAMONDS TEN HEARTS KING,0.363,0.009,0.628
CLUBS JACK CLUBS QUEEN,0.2258,0.0372,0.737
SPADES SEVEN HEARTS JACK,0.6078,0.1622,0.23
SPADES JACK CLUBS SEVEN,0.6096,0.1582,0.2322
CLUBS TWO DIAMONDS SEVEN,0.6764,0.017,0.3066
CLUBS JACK CLUBS NINE,0.0202,0.908,0.0718
SPADES FIVE SPADES THREE,0.5882,0.0144,0.3974
CLUBS JACK DIAMONDS FOUR,0.6176,0.1676,0.2148
SPADES KING HEARTS JACK,0.2504,0.0314,0.7182
DIAMONDS KING SPADES FOUR,0.4364,0.0076,0.556
SPADES TEN SPADES TWO,0.627,0.0138,0.3592
HEARTS THREE CLUBS FIVE,0.6266,0.014,0.3594
SPADES EIGHT SPADES SIX,0.6084,0.0146,0.377
HEARTS EIGHT DIAMONDS FOUR,0.661,0.016,0.323
DIAMONDS TWO DIAMONDS EIGHT,0.6334,0.021,0.3456
SPADES SIX DIAMONDS TEN,0.6374,0.0174,0.3452
DIAMONDS SEVEN CLUBS QUEEN,0.4224,0.007,0.5706
CLUBS TEN DIAMONDS ACE,0.3722,0.0052,0.6226
SPADES ACE HEARTS TWO,0.4326,0.0034,0.564
CLUBS THREE CLUBS QUEEN,0.419,0.0128,0.5682
HEARTS SEVEN SPADES FOUR,0.6572,0.0182,0.3246
SPADES THREE HEARTS JACK,0.5904,0.1698,0.2398
DIAMONDS THREE HEARTS QUEEN,0.4334,0.01,0.5566
SPADES KING CLUBS ACE,0.3592,0.0024,0.6384
DIAMONDS KING SPADES SIX,0.4324,0.0094,0.5582
CLUBS NINE SPADES FOUR,0.706,0.0604,0.2336
CLUBS EIGHT DIAMONDS TEN,0.6326,0.0122,0.3552
SPADES KING SPADES JACK,0.2354,0.026,0.7386
SPADES SIX DIAMONDS SEVEN,0.6346,0.0148,0.3506
HEARTS SEVEN DIAMONDS THREE,0.6668,0.0178,0.3154
HEARTS FIVE CLUBS SEVEN,0.6364,0.0174,0.3462
DIAMONDS SEVEN DIAMONDS FOUR,0.616,0.014,0.37
HEARTS SIX CLUBS THREE,0.6356,0.0138,0.3506
DIAMONDS TWO SPADES NINE,0.7198,0.0572,0.223
HEARTS SIX DIAMONDS TWO,0.6754,0.018,0.3066
SPADES THREE DIAMONDS SEVEN,0.6704,0.0136,0.316
SPADES KING CLUBS KING,0.1678,0.0066,0.8256
SPADES THREE HEARTS EIGHT,0.6838,0.0142,0.302
SPADES QUEEN DIAMONDS TEN,0.344,0.0098,0.6462
SPADES SEVEN DIAMONDS SEVEN,0.4264,0.0296,0.544
SPADES KING SPADES THREE,0.4114,0.0062,0.5824
SPADES SEVEN CLUBS KING,0.4326,0.0052,0.5622
SPADES SEVEN CLUBS QUEEN,0.419,0.0092,0.5718
SPADES NINE CLUBS THREE,0.707,0.0614,0.2316
CLUBS TWO DIAMONDS TEN,0.6752,0.0156,0.3092
HEARTS ACE DIAMONDS FIVE,0.4246,0.0054,0.57
HEARTS FIVE HEARTS JACK,0.5826,0.1582,0.2592
SPADES SIX DIAMONDS EIGHT,0.6392,0.0154,0.3454
HEARTS KING DIAMONDS SIX,0.437,0.0068,0.5562
DIAMONDS KING HEARTS TEN,0.3578,0.0068,0.6354
SPADES QUEEN DIAMONDS FOUR,0.4406,0.0102,0.5492
CLUBS EIGHT CLUBS FIVE,0.616,0.0182,0.3658
CLUBS TEN SPADES QUEEN,0.3608,0.0098,0.6294
CLUBS TEN CLUBS QUEEN,0.3416,0.0092,0.6492
HEARTS THREE CLUBS FOUR,0.6368,0.019,0.3442
DIAMONDS SEVEN HEARTS JACK,0.6026,0.1738,0.2236
HEARTS ACE SPADES TWO,0.4226,0.0056,0.5718
HEARTS FIVE CLUBS THREE,0.6402,0.0192,0.3406
HEARTS KING HEARTS TEN,0.3512,0.0056,0.6432
DIAMONDS TEN HEARTS ACE,0.3756,0.0058,0.6186
SPADES EIGHT DIAMONDS SEVEN,0.6364,0.0164,0.3472
CLUBS TEN SPADES SEVEN,0.6292,0.014,0.3568
DIAMONDS THREE CLUBS NINE,0.7154,0.0602,0.2244
SPADES THREE HEARTS QUEEN,0.4244,0.0112,0.5644
CLUBS TWO HEARTS JACK,0.6104,0.1706,0.219
HEARTS SEVEN SPADES THREE,0.6684,0.0192,0.3124
CLUBS FIVE DIAMONDS FIVE,0.455,0.0286,0.5164
CLUBS SEVEN DIAMONDS SEVEN,0.4552,0.0274,0.5174
CLUBS JACK SPADES SIX,0.6102,0.163,0.2268
SPADES ACE DIAMONDS THREE,0.44,0.0048,0.5552
SPADES JACK SPADES EIGHT,0.567,0.1608,0.2722
HEARTS SIX HEARTS FOUR,0.607,0.0148,0.3782
HEARTS FOUR DIAMONDS EIGHT,0.6764,0.0206,0.303
CLUBS FOUR DIAMONDS KING,0.4376,0.0078,0.5546
SPADES KING DIAMONDS NINE,0.272,0.0256,0.7024
SPADES JACK HEARTS QUEEN,0.2398,0.044,0.7162
CLUBS FIVE SPADES SEVEN,0.64,0.0174,0.3426
CLUBS SEVEN CLUBS QUEEN,0.4038,0.0094,0.5868
SPADES ACE SPADES KING,0.3358,0.003,0.6612
HEARTS FOUR DIAMONDS NINE,0.731,0.0646,0.2044
CLUBS NINE CLUBS TWO,0.6672,0.0546,0.2782
CLUBS SIX SPADES SIX,0.4532,0.028,0.5188
DIAMONDS ACE CLUBS KING,0.3536,0.0046,0.6418
HEARTS TWO HEARTS KING,0.4174,0.0084,0.5742
DIAMONDS QUEEN DIAMONDS EIGHT,0.395,0.0098,0.5952
SPADES QUEEN SPADES THREE,0.408,0.0114,0.5806
SPADES SEVEN DIAMONDS SIX,0.6134,0.018,0.3686
CLUBS SEVEN CLUBS FOUR,0.6072,0.0174,0.3754
CLUBS TEN SPADES FIVE,0.6418,0.0162,0.342
HEARTS THREE HEARTS EIGHT,0.6418,0.0168,0.3414
CLUBS SIX CLUBS KING,0.4126,0.0054,0.582
HEARTS SEVEN DIAMONDS TWO,0.6882,0.0164,0.2954
SPADES ACE DIAMONDS KING,0.355,0.0028,0.6422
DIAMONDS TEN HEARTS EIGHT,0.6298,0.015,0.3552
SPADES FOUR HEARTS EIGHT,0.662,0.0148,0.3232
CLUBS NINE CLUBS SIX,0.6512,0.0568,0.292
HEARTS KING CLUBS KING,0.167,0.0068,0.8262
SPADES THREE CLUBS KING,0.4398,0.0054,0.5548
HEARTS SEVEN DIAMONDS NINE,0.6874,0.0636,0.249
CLUBS JACK SPADES QUEEN,0.2518,0.0406,0.7076
SPADES FOUR DIAMONDS EIGHT,0.6622,0.0178,0.32
CLUBS SEVEN DIAMONDS EIGHT,0.6308,0.0174,0.3518
SPADES ACE SPADES FIVE,0.3938,0.004,0.6022
CLUBS SIX DIAMONDS ACE,0.4372,0.0044,0.5584
DIAMONDS TEN DIAMONDS EIGHT,0.603,0.0144,0.3826
SPADES ACE CLUBS SIX,0.4352,0.0032,0.5616
CLUBS FIVE CLUBS QUEEN,0.4154,0.0096,0.575
CLUBS TEN SPADES JACK,0.2398,0.1248,0.6354
DIAMONDS ACE CLUBS TWO,0.4138,0.0046,0.5816
SPADES ACE HEARTS KING,0.3496,0.0056,0.6448
HEARTS FOUR SPADES FIVE,0.6234,0.0192,0.3574
CLUBS KING HEARTS EIGHT,0.418,0.009,0.573
HEARTS SIX DIAMONDS FOUR,0.6354,0.0196,0.345
CLUBS JACK DIAMONDS ACE,0.2452,0.0196,0.7352
HEARTS THREE DIAMONDS ACE,0.4286,0.0058,0.5656
DIAMONDS ACE HEARTS EIGHT,0.4112,0.0052,0.5836
HEARTS FIVE DIAMONDS SEVEN,0.6254,0.0182,0.3564
SPADES ACE SPADES SIX,0.3978,0.0036,0.5986
SPADES QUEEN CLUBS FOUR,0.4304,0.0124,0.5572
CLUBS SIX SPADES FIVE,0.6196,0.0196,0.3608
HEARTS FIVE SPADES TWO,0.6424,0.0168,0.3408
SPADES QUEEN DIAMONDS SEVEN,0.4346,0.0124,0.553
CLUBS EIGHT SPADES SEVEN,0.6276,0.0142,0.3582
SPADES ACE CLUBS KING,0.3702,0.0036,0.6262
DIAMONDS EIGHT CLUBS KING,0.4288,0.0076,0.5636
CLUBS TWO DIAMONDS FOUR,0.6386,0.0202,0.3412
CLUBS NINE CLUBS THREE,0.6666,0.0584,0.275
HEARTS SEVEN DIAMONDS FIVE,0.6386,0.018,0.3434
SPADES ACE CLUBS TEN,0.3762,0.0038,0.62
SPADES TEN HEARTS ACE,0.3834,0.0038,0.6128
SPADES ACE CLUBS TWO,0.4288,0.003,0.5682
HEARTS TWO SPADES THREE,0.6434,0.0214,0.3352
CLUBS SIX DIAMONDS FIVE,0.6168,0.0186,0.3646
HEARTS ACE CLUBS KING,0.3516,0.0048,0.6436
DIAMONDS TWO HEARTS ACE,0.4378,0.0046,0.5576
SPADES TWO CLUBS ACE,0.4354,0.0046,0.56
DIAMONDS KING DIAMONDS FOUR,0.4226,0.0068,0.5706
HEARTS TWO CLUBS ACE,0.4374,0.0056,0.557
SPADES TEN HEARTS JACK,0.216,0.131,0.653
DIAMONDS THREE HEARTS ACE,0.4362,0.007,0.5568
DIAMONDS TEN DIAMONDS NINE,0.6482,0.055,0.2968
SPADES TEN CLUBS FIVE,0.6424,0.0188,0.3388
SPADES ACE SPADES NINE,0.2586,0.0202,0.7212
CLUBS TEN HEARTS THREE,0.6622,0.0172,0.3206
DIAMONDS THREE DIAMONDS FOUR,0.6066,0.015,0.3784
DIAMONDS QUEEN SPADES FIVE,0.4344,0.0086,0.557
SPADES KING SPADES SEVEN,0.3934,0.0058,0.6008
DIAMONDS FIVE HEARTS EIGHT,0.6638,0.018,0.3182
SPADES EIGHT DIAMONDS EIGHT,0.4228,0.0276,0.5496
HEARTS FOUR DIAMONDS SIX,0.636,0.0172,0.3468
CLUBS FIVE DIAMONDS TEN,0.6586,0.0176,0.3238
HEARTS SEVEN HEARTS TEN,0.607,0.015,0.378
SPADES KING HEARTS TEN,0.3744,0.0064,0.6192
HEARTS TEN CLUBS QUEEN,0.3566,0.008,0.6354
CLUBS FIVE DIAMONDS KING,0.4376,0.0096,0.5528
CLUBS SEVEN HEARTS ACE,0.4142,0.0052,0.5806
CLUBS TEN SPADES EIGHT,0.609,0.0108,0.3802
SPADES FOUR DIAMONDS NINE,0.7232,0.0642,0.2126
DIAMONDS SIX DIAMONDS FIVE,0.5974,0.0166,0.386
CLUBS NINE CLUBS SEVEN,0.655,0.0526,0.2924
DIAMONDS THREE HEARTS THREE,0.4706,0.033,0.4964
DIAMONDS TWO DIAMONDS SIX,0.6282,0.016,0.3558
CLUBS SIX DIAMONDS KING,0.4322,0.0058,0.562
HEARTS FOUR SPADES FOUR,0.4542,0.032,0.5138
HEARTS QUEEN DIAMONDS FOUR,0.428,0.0126,0.5594
CLUBS THREE SPADES TWO,0.6316,0.018,0.3504
HEARTS TWO DIAMONDS TEN,0.6692,0.0194,0.3114
SPADES NINE CLUBS FIVE,0.6994,0.0598,0.2408
CLUBS TEN SPADES FOUR,0.6382,0.0176,0.3442
CLUBS EIGHT CLUBS SIX,0.5956,0.0146,0.3898
SPADES EIGHT CLUBS THREE,0.6706,0.0136,0.3158
SPADES FIVE DIAMONDS FOUR,0.6296,0.0172,0.3532
CLUBS JACK DIAMONDS QUEEN,0.2476,0.0416,0.7108
HEARTS FOUR CLUBS FIVE,0.616,0.0198,0.3642
SPADES JACK HEARTS ACE,0.245,0.0232,0.7318
HEARTS SEVEN DIAMONDS ACE,0.4122,0.006,0.5818
HEARTS FOUR SPADES TEN,0.6572,0.0152,0.3276
DIAMONDS EIGHT DIAMONDS FOUR,0.6338,0.0172,0.349
HEARTS FOUR SPADES NINE,0.7166,0.0646,0.2188
HEARTS FOUR DIAMONDS FIVE,0.622,0.0168,0.3612
SPADES QUEEN DIAMONDS SIX,0.4342,0.0104,0.5554
CLUBS FIVE DIAMONDS SIX,0.6402,0.0148,0.345
HEARTS THREE SPADES FOUR,0.6348,0.0202,0.345
CLUBS ACE CLUBS QUEEN,0.3372,0.003,0.6598
SPADES TEN HEARTS KING,0.367,0.0052,0.6278
HEARTS FIVE DIAMONDS NINE,0.7072,0.0584,0.2344
CLUBS TWO CLUBS QUEEN,0.401,0.0122,0.5868
CLUBS FOUR HEARTS ACE,0.4246,0.0054,0.57
HEARTS SIX DIAMONDS EIGHT,0.6444,0.0164,0.3392
SPADES KING SPADES NINE,0.2552,0.0266,0.7182
SPADES JACK HEARTS THREE,0.6052,0.1682,0.2266
SPADES EIGHT DIAMONDS SIX,0.6476,0.0138,0.3386
SPADES KING DIAMONDS QUEEN,0.3362,0.0068,0.657
SPADES SEVEN DIAMONDS FIVE,0.6354,0.018,0.3466
SPADES KING HEARTS FIVE,0.4226,0.0088,0.5686
CLUBS FIVE SPADES FOUR,0.6112,0.0166,0.3722
DIAMONDS THREE SPADES THREE,0.4556,0.0348,0.5096
CLUBS TWO HEARTS QUEEN,0.4404,0.011,0.5486
SPADES QUEEN HEARTS EIGHT,0.4168,0.0102,0.573
SPADES JACK HEARTS TEN,0.2234,0.1206,0.656
HEARTS TWO SPADES FOUR,0.6372,0.0196,0.3432
DIAMONDS THREE DIAMONDS KING,0.4188,0.0086,0.5726
CLUBS FOUR DIAMONDS FIVE,0.6134,0.0182,0.3684
SPADES TEN SPADES FOUR,0.602,0.012,0.386
SPADES FOUR CLUBS ACE,0.4242,0.004,0.5718
CLUBS THREE CLUBS TWO,0.6006,0.0172,0.3822
HEARTS SIX CLUBS EIGHT,0.6404,0.0166,0.343
CLUBS SIX HEARTS TEN,0.6576,0.0134,0.329
DIAMONDS EIGHT DIAMONDS SIX,0.617,0.0174,0.3656
SPADES TEN CLUBS ACE,0.3762,0.0034,0.6204
CLUBS TEN SPADES TEN,0.2902,0.02,0.6898
CLUBS EIGHT HEARTS THREE,0.6726,0.018,0.3094
HEARTS THREE DIAMONDS QUEEN,0.4428,0.0108,0.5464
SPADES KING HEARTS FOUR,0.4248,0.0066,0.5686
DIAMONDS ACE CLUBS FOUR,0.4196,0.0046,0.5758
CLUBS TEN SPADES TWO,0.6606,0.0134,0.326
CLUBS JACK DIAMONDS NINE,0.017,0.9732,0.0098
CLUBS NINE SPADES FIVE,0.6834,0.0612,0.2554
DIAMONDS TWO SPADES FOUR,0.6426,0.0178,0.3396
SPADES ACE DIAMONDS TEN,0.3784,0.0054,0.6162
SPADES NINE CLUBS ACE,0.2844,0.0164,0.6992
CLUBS JACK SPADES EIGHT,0.6068,0.1642,0.229
CLUBS NINE HEARTS FIVE,0.6964,0.0628,0.2408
HEARTS SEVEN CLUBS SEVEN,0.4524,0.026,0.5216
HEARTS THREE HEARTS JACK,0.5696,0.163,0.2674
SPADES JACK CLUBS QUEEN,0.2394,0.0372,0.7234
CLUBS EIGHT HEARTS ACE,0.4184,0.0024,0.5792
SPADES TEN DIAMONDS QUEEN,0.3396,0.0096,0.6508
SPADES FOUR HEARTS TEN,0.6462,0.0178,0.336
DIAMONDS TEN HEARTS TEN,0.2828,0.0252,0.692
SPADES QUEEN DIAMONDS QUEEN,0.1598,0.0118,0.8284
DIAMONDS ACE DIAMONDS QUEEN,0.3318,0.0052,0.663
SPADES JACK CLUBS KING,0.2528,0.0282,0.719
HEARTS FIVE CLUBS KING,0.4336,0.004,0.5624
SPADES SIX CLUBS QUEEN,0.4266,0.007,0.5664
CLUBS SEVEN HEARTS EIGHT,0.6268,0.0146,0.3586
HEARTS TWO SPADES FIVE,0.6482,0.0182,0.3336
HEARTS TWO DIAMONDS ACE,0.4266,0.0078,0.5656
HEARTS TEN DIAMONDS FOUR,0.6548,0.0162,0.329
CLUBS FIVE DIAMONDS QUEEN,0.4234,0.0076,0.569
DIAMONDS TWO DIAMONDS ACE,0.4074,0.004,0.5886
CLUBS THREE CLUBS ACE,0.398,0.004,0.598
SPADES KING DIAMONDS ACE,0.349,0.005,0.646
HEARTS SEVEN HEARTS TWO,0.638,0.0182,0.3438
CLUBS SEVEN CLUBS FIVE,0.5914,0.0162,0.3924
DIAMONDS EIGHT DIAMONDS SEVEN,0.612,0.018,0.37
DIAMONDS THREE CLUBS QUEEN,0.431,0.0076,0.5614
DIAMONDS SEVEN HEARTS EIGHT,0.6358,0.0182,0.346
CLUBS TEN CLUBS SEVEN,0.5924,0.0186,0.389
HEARTS FIVE CLUBS FOUR,0.6172,0.0174,0.3654
DIAMONDS QUEEN HEARTS TEN,0.3532,0.011,0.6358
CLUBS ACE HEARTS TEN,0.3656,0.004,0.6304
CLUBS FOUR DIAMONDS NINE,0.7138,0.0618,0.2244
CLUBS FOUR HEARTS QUEEN,0.4264,0.0098,0.5638
SPADES EIGHT HEARTS KING,0.4376,0.0058,0.5566
HEARTS FIVE CLUBS TWO,0.6492,0.021,0.3298
CLUBS SIX CLUBS THREE,0.608,0.0148,0.3772
DIAMONDS THREE DIAMONDS TWO,0.6136,0.0186,0.3678
SPADES ACE DIAMONDS SIX,0.4176,0.0048,0.5776
HEARTS SIX SPADES EIGHT,0.6418,0.014,0.3442
CLUBS FOUR SPADES TWO,0.6474,0.016,0.3366
CLUBS EIGHT DIAMONDS FIVE,0.6538,0.017,0.3292
HEARTS FIVE DIAMONDS EIGHT,0.6552,0.018,0.3268
DIAMONDS EIGHT DIAMONDS FIVE,0.6262,0.017,0.3568
HEARTS TWO HEARTS TEN,0.622,0.016,0.362
HEARTS SEVEN DIAMONDS KING,0.4212,0.0086,0.5702
HEARTS THREE SPADES NINE,0.7168,0.0598,0.2234
SPADES TWO DIAMONDS SIX,0.6694,0.018,0.3126
HEARTS THREE CLUBS QUEEN,0.437,0.0108,0.5522
DIAMONDS QUEEN DIAMONDS SEVEN,0.408,0.01,0.582
HEARTS FIVE SPADES THREE,0.6234,0.0174,0.3592
CLUBS TEN DIAMONDS SEVEN,0.635,0.0164,0.3486
CLUBS NINE CLUBS FOUR,0.6544,0.064,0.2816
HEARTS THREE SPADES THREE,0.457,0.0284,0.5146
CLUBS NINE CLUBS QUEEN,0.2364,0.0384,0.7252
DIAMONDS NINE DIAMONDS SIX,0.6714,0.0576,0.271
CLUBS THREE DIAMONDS NINE,0.714,0.0592,0.2268
CLUBS THREE HEARTS EIGHT,0.683,0.0148,0.3022
SPADES KING SPADES EIGHT,0.3796,0.0056,0.6148
CLUBS EIGHT DIAMONDS NINE,0.6972,0.0538,0.249
HEARTS FOUR CLUBS TWO,0.6512,0.0206,0.3282
DIAMONDS TWO SPADES THREE,0.6402,0.023,0.3368
DIAMONDS THREE HEARTS JACK,0.602,0.17,0.228
SPADES THREE SPADES TWO,0.6012,0.0154,0.3834
CLUBS NINE HEARTS EIGHT,0.6926,0.0546,0.2528
SPADES ACE CLUBS QUEEN,0.3546,0.0026,0.6428
SPADES FOUR DIAMONDS SIX,0.633,0.0134,0.3536
SPADES TWO CLUBS QUEEN,0.443,0.0092,0.5478
SPADES QUEEN CLUBS THREE,0.4388,0.0116,0.5496
SPADES JACK HEARTS FOUR,0.6134,0.1702,0.2164
DIAMONDS TWO HEARTS EIGHT,0.7016,0.0182,0.2802
CLUBS JACK SPADES FIVE,0.6096,0.1654,0.225
HEARTS SIX SPADES TEN,0.6466,0.0164,0.337
SPADES EIGHT DIAMONDS QUEEN,0.3978,0.0092,0.593
HEARTS THREE SPADES FIVE,0.6202,0.0146,0.3652
CLUBS NINE DIAMONDS SIX,0.7016,0.0604,0.238
HEARTS SIX SPADES FOUR,0.6298,0.0182,0.352
HEARTS ACE DIAMONDS FOUR,0.4358,0.0058,0.5584
HEARTS SEVEN SPADES KING,0.4302,0.0058,0.564
DIAMONDS THREE CLUBS EIGHT,0.6766,0.0164,0.307
HEARTS THREE SPADES SEVEN,0.6674,0.0166,0.316
DIAMONDS TWO CLUBS ACE,0.4308,0.0052,0.564
DIAMONDS TWO DIAMONDS FOUR,0.6092,0.0188,0.372
HEARTS QUEEN CLUBS KING,0.3414,0.0068,0.6518
HEARTS SEVEN HEARTS JACK,0.5704,0.1682,0.2614
DIAMONDS KING SPADES THREE,0.4278,0.0094,0.5628
HEARTS SEVEN CLUBS FIVE,0.634,0.0172,0.3488
CLUBS THREE DIAMONDS SEVEN,0.6624,0.0164,0.3212
SPADES TEN SPADES EIGHT,0.58,0.015,0.405
CLUBS TEN HEARTS TWO,0.6626,0.0144,0.323
HEARTS KING HEARTS QUEEN,0.3244,0.0094,0.6662
HEARTS SEVEN SPADES SEVEN,0.4418,0.0266,0.5316
HEARTS JACK CLUBS QUEEN,0.2318,0.038,0.7302
SPADES SIX HEARTS ACE,0.4362,0.0038,0.56
CLUBS TEN DIAMONDS KING,0.367,0.006,0.627
CLUBS FOUR DIAMONDS TEN,0.6578,0.0198,0.3224
CLUBS NINE SPADES SEVEN,0.6856,0.0566,0.2578
CLUBS TEN CLUBS FIVE,0.6072,0.0158,0.377
DIAMONDS ACE SPADES FIVE,0.4098,0.0044,0.5858
CLUBS FOUR SPADES FIVE,0.6116,0.0172,0.3712
DIAMONDS ACE DIAMONDS KING,0.335,0.006,0.659
SPADES SIX DIAMONDS FIVE,0.6252,0.0126,0.3622
HEARTS TWO HEARTS QUEEN,0.4056,0.0104,0.584
HEARTS SEVEN SPADES SIX,0.6238,0.016,0.3602
CLUBS SIX DIAMONDS NINE,0.7152,0.0568,0.228
DIAMONDS QUEEN HEARTS JACK,0.2322,0.041,0.7268
DIAMONDS KING HEARTS KING,0.1538,0.0072,0.839
DIAMONDS SIX DIAMONDS FOUR,0.616,0.0186,0.3654
HEARTS FOUR DIAMONDS SEVEN,0.6492,0.016,0.3348
HEARTS SEVEN DIAMONDS FOUR,0.6454,0.0198,0.3348
CLUBS FIVE SPADES THREE,0.6328,0.0188,0.3484
HEARTS FIVE CLUBS EIGHT,0.6462,0.0198,0.334
SPADES NINE SPADES SEVEN,0.6404,0.0544,0.3052
SPADES TEN DIAMONDS SEVEN,0.6226,0.0178,0.3596
SPADES EIGHT SPADES FOUR,0.6324,0.0168,0.3508
DIAMONDS TEN CLUBS KING,0.3578,0.0068,0.6354
CLUBS SEVEN DIAMONDS QUEEN,0.4122,0.0084,0.5794
SPADES QUEEN SPADES TEN,0.3286,0.0118,0.6596
SPADES NINE CLUBS FOUR,0.7154,0.0628,0.2218
DIAMONDS THREE HEARTS KING,0.4274,0.0058,0.5668
CLUBS ACE DIAMONDS SIX,0.4406,0.0046,0.5548
CLUBS FOUR DIAMONDS FOUR,0.4642,0.0312,0.5046
CLUBS SEVEN DIAMONDS NINE,0.6882,0.058,0.2538
DIAMONDS THREE CLUBS SEVEN,0.6742,0.0234,0.3024
HEARTS FIVE SPADES FIVE,0.4514,0.0316,0.517
HEARTS TEN DIAMONDS FIVE,0.6516,0.0176,0.3308
HEARTS FIVE CLUBS ACE,0.4286,0.003,0.5684
DIAMONDS QUEEN HEARTS QUEEN,0.1448,0.011,0.8442
SPADES FOUR CLUBS KING,0.4292,0.0064,0.5644
DIAMONDS THREE DIAMONDS SEVEN,0.6394,0.0154,0.3452
HEARTS THREE SPADES SIX,0.6612,0.014,0.3248
SPADES KING CLUBS TEN,0.3694,0.0052,0.6254
DIAMONDS TWO DIAMONDS TEN,0.6344,0.0142,0.3514
CLUBS TEN CLUBS SIX,0.6002,0.0108,0.389
SPADES QUEEN DIAMONDS NINE,0.2532,0.0412,0.7056
SPADES SIX SPADES FOUR,0.597,0.014,0.389
SPADES ACE SPADES TWO,0.3998,0.0036,0.5966
HEARTS SEVEN CLUBS TWO,0.6798,0.0158,0.3044
CLUBS TEN CLUBS ACE,0.3648,0.0036,0.6316
DIAMONDS SEVEN CLUBS ACE,0.418,0.0032,0.5788
CLUBS JACK CLUBS FOUR,0.566,0.1604,0.2736
SPADES KING SPADES SIX,0.4072,0.0052,0.5876
CLUBS TWO SPADES FOUR,0.6462,0.0168,0.337
SPADES SEVEN CLUBS FOUR,0.6486,0.0142,0.3372
HEARTS SIX HEARTS TEN,0.6176,0.0144,0.368
SPADES NINE SPADES TWO,0.6646,0.0626,0.2728
DIAMONDS NINE CLUBS KING,0.276,0.0284,0.6956
SPADES JACK DIAMONDS TEN,0.2232,0.1272,0.6496
DIAMONDS ACE DIAMONDS SIX,0.4188,0.004,0.5772
SPADES JACK SPADES SEVEN,0.5694,0.1622,0.2684
HEARTS TWO CLUBS THREE,0.6606,0.0156,0.3238
SPADES JACK SPADES NINE,0.0242,0.901,0.0748
CLUBS NINE HEARTS FOUR,0.7098,0.063,0.2272
DIAMONDS THREE HEARTS FIVE,0.6364,0.0174,0.3462
CLUBS FIVE HEARTS EIGHT,0.656,0.0174,0.3266
DIAMONDS SIX CLUBS KING,0.44,0.0076,0.5524
CLUBS TWO DIAMONDS FIVE,0.649,0.0156,0.3354
SPADES NINE DIAMONDS KING,0.2632,0.0322,0.7046
DIAMONDS TWO CLUBS SEVEN,0.6726,0.016,0.3114
DIAMONDS ACE CLUBS ACE,0.1556,0.0022,0.8422
CLUBS SEVEN DIAMONDS ACE,0.4178,0.0026,0.5796
HEARTS THREE SPADES EIGHT,0.6844,0.0138,0.3018
DIAMONDS ACE HEARTS TEN,0.3672,0.0064,0.6264
CLUBS JACK HEARTS FOUR,0.6238,0.1638,0.2124
DIAMONDS THREE CLUBS THREE,0.4778,0.0314,0.4908
CLUBS NINE HEARTS KING,0.2598,0.027,0.7132
HEARTS QUEEN CLUBS QUEEN,0.1558,0.01,0.8342
SPADES KING HEARTS THREE,0.437,0.0076,0.5554
HEARTS ACE HEARTS JACK,0.2426,0.02,0.7374
DIAMONDS QUEEN DIAMONDS FOUR,0.4184,0.0118,0.5698
HEARTS SEVEN CLUBS FOUR,0.6494,0.015,0.3356
HEARTS ACE HEARTS QUEEN,0.341,0.0054,0.6536
HEARTS SIX DIAMONDS KING,0.4316,0.0084,0.56
CLUBS SEVEN SPADES THREE,0.6456,0.0146,0.3398
SPADES TEN DIAMONDS TEN,0.3002,0.0208,0.679
CLUBS TEN DIAMONDS TEN,0.2854,0.0264,0.6882
CLUBS SIX SPADES SEVEN,0.6136,0.0168,0.3696
HEARTS QUEEN HEARTS TEN,0.3308,0.0096,0.6596
CLUBS SEVEN HEARTS TEN,0.6342,0.0154,0.3504
SPADES SIX HEARTS KING,0.427,0.007,0.566
SPADES EIGHT DIAMONDS KING,0.4274,0.0062,0.5664
SPADES ACE DIAMONDS FIVE,0.432,0.0036,0.5644
SPADES KING HEARTS QUEEN,0.3276,0.0082,0.6642
CLUBS SEVEN DIAMONDS FIVE,0.6364,0.0198,0.3438
HEARTS FIVE DIAMONDS QUEEN,0.4442,0.0118,0.544
CLUBS TEN DIAMONDS QUEEN,0.3662,0.0098,0.624
HEARTS KING SPADES TWO,0.4306,0.0086,0.5608
SPADES TEN SPADES SIX,0.5958,0.018,0.3862
SPADES ACE SPADES SEVEN,0.4042,0.0058,0.59
CLUBS SIX CLUBS QUEEN,0.404,0.0074,0.5886
HEARTS JACK DIAMONDS FOUR,0.6026,0.1634,0.234
SPADES NINE CLUBS TWO,0.7078,0.0624,0.2298
HEARTS SEVEN HEARTS FOUR,0.6072,0.0158,0.377
CLUBS NINE SPADES SIX,0.7024,0.0566,0.241
HEARTS SIX DIAMONDS QUEEN,0.4326,0.0096,0.5578
SPADES NINE HEARTS TEN,0.695,0.049,0.256
CLUBS EIGHT SPADES FIVE,0.6506,0.0154,0.334
SPADES QUEEN CLUBS EIGHT,0.409,0.0082,0.5828
CLUBS TEN SPADES THREE,0.6442,0.0164,0.3394
DIAMONDS KING CLUBS TWO,0.4326,0.0078,0.5596
SPADES FIVE HEARTS KING,0.4246,0.0064,0.569
DIAMONDS KING HEARTS JACK,0.236,0.0314,0.7326
SPADES SIX SPADES THREE,0.6152,0.0174,0.3674
DIAMONDS KING DIAMONDS TEN,0.3536,0.007,0.6394
HEARTS TWO DIAMONDS NINE,0.7236,0.063,0.2134
HEARTS SIX DIAMONDS SIX,0.4556,0.0326,0.5118
DIAMONDS KING DIAMONDS SIX,0.4144,0.0082,0.5774
SPADES TEN HEARTS THREE,0.668,0.0188,0.3132
SPADES FIVE CLUBS ACE,0.4352,0.0044,0.5604
CLUBS EIGHT SPADES SIX,0.637,0.017,0.346
SPADES FIVE HEARTS QUEEN,0.4308,0.0118,0.5574
DIAMONDS SIX HEARTS EIGHT,0.6578,0.0168,0.3254
DIAMONDS QUEEN DIAMONDS SIX,0.4212,0.0114,0.5674
CLUBS TEN HEARTS FIVE,0.6652,0.0136,0.3212
CLUBS ACE DIAMONDS FOUR,0.4246,0.0048,0.5706
CLUBS SEVEN CLUBS SIX,0.6024,0.014,0.3836
HEARTS FOUR DIAMONDS TEN,0.673,0.018,0.309
HEARTS ACE DIAMONDS SEVEN,0.422,0.0056,0.5724
DIAMONDS KING DIAMONDS EIGHT,0.4026,0.0066,0.5908
HEARTS FIVE SPADES EIGHT,0.645,0.0186,0.3364
DIAMONDS SIX CLUBS QUEEN,0.438,0.0092,0.5528
SPADES SIX DIAMONDS NINE,0.698,0.0616,0.2404
CLUBS THREE SPADES THREE,0.4586,0.0326,0.5088
SPADES NINE SPADES EIGHT,0.6456,0.0554,0.299
SPADES SIX HEARTS QUEEN,0.4258,0.01,0.5642
HEARTS TWO SPADES SIX,0.667,0.0176,0.3154
DIAMONDS THREE HEARTS TEN,0.6474,0.0174,0.3352
CLUBS EIGHT CLUBS FOUR,0.6234,0.0152,0.3614
DIAMONDS KING CLUBS QUEEN,0.33,0.007,0.663
CLUBS ACE DIAMONDS FIVE,0.4186,0.0062,0.5752
SPADES SIX HEARTS EIGHT,0.6404,0.0194,0.3402
SPADES JACK SPADES FIVE,0.565,0.1616,0.2734
CLUBS NINE DIAMONDS SEVEN,0.6924,0.0556,0.252
CLUBS FOUR DIAMONDS EIGHT,0.6802,0.0146,0.3052
SPADES SEVEN SPADES THREE,0.6162,0.0156,0.3682
CLUBS SEVEN CLUBS ACE,0.3824,0.0036,0.614
DIAMONDS TWO CLUBS QUEEN,0.4354,0.0108,0.5538
SPADES KING SPADES TWO,0.4028,0.008,0.5892
DIAMONDS ACE DIAMONDS TEN,0.3604,0.0054,0.6342
SPADES ACE DIAMONDS EIGHT,0.414,0.0044,0.5816
SPADES KING CLUBS SEVEN,0.4266,0.0058,0.5676
SPADES JACK DIAMONDS NINE,0.0194,0.9682,0.0124
CLUBS FOUR CLUBS KING,0.4182,0.007,0.5748
SPADES QUEEN HEARTS FOUR,0.4226,0.0116,0.5658
HEARTS SIX HEARTS EIGHT,0.6144,0.0146,0.371
HEARTS SEVEN DIAMONDS EIGHT,0.6316,0.0196,0.3488
DIAMONDS THREE SPADES JACK,0.6112,0.1616,0.2272
CLUBS KING DIAMONDS FIVE,0.4228,0.005,0.5722
CLUBS FOUR CLUBS ACE,0.3982,0.0044,0.5974
DIAMONDS THREE HEARTS FOUR,0.6358,0.0184,0.3458
SPADES SEVEN SPADES FIVE,0.5874,0.0152,0.3974
DIAMONDS THREE HEARTS TWO,0.6598,0.0174,0.3228
CLUBS JACK HEARTS ACE,0.2492,0.0228,0.728
SPADES FOUR SPADES TWO,0.6018,0.0182,0.38
SPADES ACE DIAMONDS QUEEN,0.3486,0.0032,0.6482
CLUBS JACK HEARTS KING,0.255,0.0332,0.7118
SPADES NINE HEARTS QUEEN,0.2514,0.041,0.7076
HEARTS SIX SPADES FIVE,0.6274,0.0154,0.3572
CLUBS FIVE HEARTS KING,0.424,0.0078,0.5682
CLUBS NINE DIAMONDS QUEEN,0.2346,0.0386,0.7268
DIAMONDS TWO CLUBS KING,0.4428,0.0082,0.549
SPADES ACE CLUBS THREE,0.4352,0.0024,0.5624
SPADES TEN SPADES SEVEN,0.5988,0.0158,0.3854
HEARTS JACK HEARTS TEN,0.2136,0.121,0.6654
HEARTS TWO HEARTS ACE,0.4044,0.0054,0.5902
HEARTS THREE HEARTS TWO,0.611,0.0182,0.3708
SPADES QUEEN CLUBS FIVE,0.4284,0.0108,0.5608
CLUBS TEN CLUBS EIGHT,0.5876,0.0158,0.3966
CLUBS NINE CLUBS ACE,0.2586,0.0184,0.723
SPADES ACE SPADES THREE,0.405,0.0034,0.5916
CLUBS JACK DIAMONDS THREE,0.6078,0.1704,0.2218
SPADES KING SPADES FOUR,0.4108,0.0074,0.5818
SPADES ACE CLUBS NINE,0.2694,0.0192,0.7114
CLUBS EIGHT DIAMONDS QUEEN,0.4128,0.0114,0.5758
CLUBS THREE DIAMONDS FOUR,0.6388,0.0198,0.3414
CLUBS SEVEN HEARTS TWO,0.687,0.016,0.297
CLUBS KING CLUBS QUEEN,0.3226,0.007,0.6704
DIAMONDS NINE HEARTS KING,0.2558,0.032,0.7122
CLUBS TEN SPADES NINE,0.6928,0.0478,0.2594
CLUBS JACK HEARTS JACK,0.1252,0.0362,0.8386
HEARTS TWO DIAMONDS KING,0.4374,0.0086,0.554
CLUBS NINE SPADES TEN,0.6888,0.0454,0.2658
SPADES JACK HEARTS KING,0.2498,0.0266,0.7236
CLUBS EIGHT CLUBS SEVEN,0.5858,0.0148,0.3994
HEARTS FIVE SPADES JACK,0.6078,0.1668,0.2254
CLUBS TEN CLUBS TWO,0.6204,0.0144,0.3652
HEARTS THREE DIAMONDS NINE,0.7288,0.0586,0.2126
CLUBS JACK DIAMONDS TWO,0.6144,0.1682,0.2174
CLUBS EIGHT DIAMONDS ACE,0.4208,0.0034,0.5758
HEARTS SEVEN SPADES QUEEN,0.4308,0.01,0.5592
HEARTS TWO HEARTS JACK,0.5804,0.168,0.2516
SPADES TEN DIAMONDS SIX,0.6536,0.0154,0.331
HEARTS KING HEARTS EIGHT,0.4092,0.0068,0.584
SPADES ACE SPADES JACK,0.2394,0.018,0.7426
HEARTS SIX DIAMONDS ACE,0.4174,0.0042,0.5784
DIAMONDS QUEEN CLUBS QUEEN,0.1572,0.0114,0.8314
SPADES SIX CLUBS ACE,0.4334,0.0024,0.5642
HEARTS SIX HEARTS QUEEN,0.4126,0.011,0.5764
SPADES ACE HEARTS TEN,0.366,0.0044,0.6296
SPADES TEN SPADES THREE,0.6148,0.017,0.3682
SPADES THREE DIAMONDS EIGHT,0.6896,0.0164,0.294
CLUBS EIGHT SPADES TWO,0.6734,0.0126,0.314
HEARTS FIVE DIAMONDS TEN,0.6596,0.0122,0.3282
SPADES KING DIAMONDS KING,0.1578,0.0056,0.8366
SPADES THREE CLUBS ACE,0.4344,0.0032,0.5624
SPADES NINE SPADES THREE,0.67,0.0512,0.2788
HEARTS SIX CLUBS FIVE,0.62,0.0178,0.3622
SPADES ACE SPADES QUEEN,0.339,0.0046,0.6564
SPADES JACK DIAMONDS QUEEN,0.244,0.0404,0.7156
SPADES SIX HEARTS JACK,0.6036,0.1714,0.225
SPADES KING CLUBS SIX,0.4324,0.0046,0.563
SPADES SEVEN DIAMONDS FOUR,0.6464,0.0176,0.336
SPADES TEN DIAMONDS KING,0.3512,0.0064,0.6424
SPADES SIX HEARTS TEN,0.6408,0.015,0.3442
HEARTS QUEEN HEARTS JACK,0.237,0.042,0.721
CLUBS SIX DIAMONDS SIX,0.4624,0.031,0.5066
SPADES NINE CLUBS SIX,0.697,0.0602,0.2428
SPADES EIGHT SPADES SEVEN,0.6014,0.016,0.3826
SPADES KING CLUBS FIVE,0.4336,0.0062,0.5602
SPADES SIX CLUBS TWO,0.6562,0.0166,0.3272
SPADES FIVE CLUBS KING,0.4304,0.0058,0.5638
CLUBS FIVE SPADES TWO,0.6366,0.0182,0.3452
DIAMONDS TEN DIAMONDS SEVEN,0.5926,0.0166,0.3908
SPADES FOUR HEARTS KING,0.4392,0.0066,0.5542
CLUBS QUEEN DIAMONDS FOUR,0.434,0.0106,0.5554
SPADES KING CLUBS QUEEN,0.3376,0.007,0.6554
DIAMONDS QUEEN DIAMONDS NINE,0.243,0.0394,0.7176
SPADES TWO CLUBS KING,0.4426,0.0062,0.5512
CLUBS JACK CLUBS FIVE,0.5514,0.1652,0.2834
SPADES SEVEN DIAMONDS KING,0.4056,0.008,0.5864
HEARTS SIX CLUBS SEVEN,0.6168,0.0182,0.365
DIAMONDS TWO CLUBS SIX,0.6548,0.0174,0.3278
DIAMONDS TWO CLUBS EIGHT,0.6796,0.0164,0.304
CLUBS FOUR HEARTS EIGHT,0.6652,0.0162,0.3186
SPADES EIGHT DIAMONDS TEN,0.6318,0.0166,0.3516
HEARTS FOUR HEARTS ACE,0.411,0.004,0.585
SPADES QUEEN CLUBS TWO,0.4422,0.0092,0.5486
SPADES TWO HEARTS EIGHT,0.6776,0.0158,0.3066
HEARTS QUEEN CLUBS ACE,0.3516,0.0046,0.6438
CLUBS SIX DIAMONDS SEVEN,0.6242,0.0176,0.3582
SPADES TEN HEARTS QUEEN,0.3548,0.008,0.6372
HEARTS SEVEN SPADES EIGHT,0.6312,0.0172,0.3516
HEARTS SIX SPADES SIX,0.468,0.033,0.499
SPADES EIGHT DIAMONDS FOUR,0.659,0.016,0.325
SPADES THREE DIAMONDS FIVE,0.6278,0.0194,0.3528
HEARTS SEVEN SPADES JACK,0.607,0.1658,0.2272
SPADES JACK DIAMONDS SEVEN,0.6082,0.1666,0.2252
HEARTS SIX CLUBS ACE,0.4372,0.0022,0.5606
CLUBS NINE CLUBS EIGHT,0.6328,0.0608,0.3064
CLUBS FIVE CLUBS KING,0.4076,0.0058,0.5866
CLUBS SEVEN HEARTS THREE,0.6636,0.0164,0.32
SPADES TEN DIAMONDS FOUR,0.6578,0.0146,0.3276
CLUBS NINE SPADES EIGHT,0.6622,0.0596,0.2782
SPADES EIGHT SPADES FIVE,0.6166,0.015,0.3684
CLUBS SEVEN SPADES EIGHT,0.6242,0.0178,0.358
SPADES JACK CLUBS SIX,0.6086,0.1616,0.2298
SPADES QUEEN HEARTS JACK,0.2318,0.0452,0.723
SPADES SEVEN DIAMONDS NINE,0.676,0.0588,0.2652
DIAMONDS THREE DIAMONDS QUEEN,0.4046,0.0094,0.586
SPADES SEVEN HEARTS TEN,0.6324,0.017,0.3506
SPADES ACE CLUBS FOUR,0.4338,0.0056,0.5606
HEARTS SEVEN DIAMONDS QUEEN,0.4344,0.0088,0.5568
CLUBS FOUR SPADES SIX,0.643,0.0162,0.3408
CLUBS NINE DIAMONDS ACE,0.2874,0.0218,0.6908
CLUBS THREE DIAMONDS TEN,0.6588,0.014,0.3272
SPADES TEN CLUBS SEVEN,0.6396,0.0116,0.3488
SPADES EIGHT DIAMONDS FIVE,0.6584,0.0136,0.328
DIAMONDS THREE SPADES KING,0.433,0.0098,0.5572
CLUBS FIVE DIAMONDS NINE,0.7002,0.0626,0.2372
SPADES TWO HEARTS QUEEN,0.4348,0.0114,0.5538
HEARTS FOUR DIAMONDS ACE,0.427,0.0042,0.5688
DIAMONDS FIVE DIAMONDS FOUR,0.5832,0.0156,0.4012
SPADES TEN HEARTS TEN,0.296,0.0196,0.6844
DIAMONDS TWO DIAMONDS FIVE,0.617,0.0194,0.3636
DIAMONDS NINE DIAMONDS SEVEN,0.6536,0.0564,0.29
SPADES ACE CLUBS FIVE,0.4296,0.0038,0.5666
CLUBS NINE DIAMONDS FOUR,0.7098,0.0606,0.2296
SPADES FIVE CLUBS QUEEN,0.4266,0.0108,0.5626
DIAMONDS TEN DIAMONDS FOUR,0.6268,0.0154,0.3578
DIAMONDS QUEEN HEARTS ACE,0.3516,0.004,0.6444
SPADES ACE HEARTS SIX,0.4226,0.0022,0.5752
SPADES KING DIAMONDS TWO,0.44,0.005,0.555
HEARTS KING DIAMONDS FOUR,0.4292,0.0086,0.5622
DIAMONDS QUEEN HEARTS EIGHT,0.4274,0.0098,0.5628
SPADES SEVEN HEARTS KING,0.424,0.0066,0.5694
HEARTS TWO CLUBS QUEEN,0.4434,0.0086,0.548
HEARTS JACK DIAMONDS SIX,0.6024,0.1716,0.226
SPADES NINE CLUBS KING,0.264,0.0302,0.7058
CLUBS EIGHT DIAMONDS FOUR,0.667,0.0156,0.3174
CLUBS FIVE HEARTS ACE,0.4254,0.004,0.5706
CLUBS ACE CLUBS KING,0.3422,0.0044,0.6534
HEARTS SIX CLUBS TWO,0.6684,0.019,0.3126
SPADES SEVEN CLUBS TWO,0.6768,0.0174,0.3058
CLUBS JACK DIAMONDS SIX,0.6112,0.1678,0.221
CLUBS TEN CLUBS FOUR,0.613,0.0124,0.3746
HEARTS THREE SPADES TWO,0.6486,0.0144,0.337
SPADES SEVEN HEARTS QUEEN,0.4178,0.0092,0.573
DIAMONDS QUEEN HEARTS KING,0.3338,0.0076,0.6586
HEARTS FOUR DIAMONDS FOUR,0.472,0.032,0.496
HEARTS FIVE DIAMONDS SIX,0.6296,0.0166,0.3538
HEARTS ACE CLUBS QUEEN,0.3478,0.0038,0.6484
CLUBS FOUR CLUBS TWO,0.6148,0.0192,0.366
CLUBS ACE HEARTS JACK,0.247,0.0166,0.7364
CLUBS EIGHT DIAMONDS SEVEN,0.6324,0.0142,0.3534
DIAMONDS KING HEARTS EIGHT,0.4298,0.008,0.5622
HEARTS FIVE SPADES SEVEN,0.6424,0.0156,0.342
DIAMONDS THREE CLUBS TWO,0.6428,0.0172,0.34
CLUBS FIVE DIAMONDS ACE,0.4232,0.0038,0.573
SPADES QUEEN SPADES EIGHT,0.3876,0.0066,0.6058
HEARTS TWO CLUBS FOUR,0.6444,0.0192,0.3364
DIAMONDS QUEEN SPADES FOUR,0.4252,0.009,0.5658
CLUBS EIGHT CLUBS KING,0.4126,0.007,0.5804
CLUBS TEN HEARTS ACE,0.3786,0.005,0.6164
DIAMONDS TWO HEARTS QUEEN,0.439,0.0134,0.5476
HEARTS FOUR DIAMONDS QUEEN,0.4406,0.0088,0.5506
CLUBS FIVE SPADES SIX,0.6126,0.0168,0.3706
SPADES QUEEN DIAMONDS KING,0.3516,0.0056,0.6428
SPADES FOUR CLUBS QUEEN,0.4272,0.0094,0.5634
HEARTS TWO DIAMONDS FOUR,0.66,0.02,0.32
CLUBS EIGHT DIAMONDS EIGHT,0.4456,0.0236,0.5308
CLUBS SIX HEARTS ACE,0.4264,0.0026,0.571
CLUBS NINE HEARTS THREE,0.7298,0.0602,0.21
HEARTS FOUR CLUBS SIX,0.6354,0.0168,0.3478
CLUBS FOUR HEARTS TEN,0.6464,0.0134,0.3402
SPADES FOUR HEARTS ACE,0.4308,0.005,0.5642
HEARTS ACE DIAMONDS EIGHT,0.4136,0.0044,0.582
HEARTS FOUR HEARTS TWO,0.6034,0.0178,0.3788
DIAMONDS ACE SPADES SEVEN,0.402,0.0046,0.5934
DIAMONDS TWO HEARTS KING,0.442,0.0078,0.5502
SPADES QUEEN SPADES FOUR,0.4062,0.011,0.5828
SPADES NINE SPADES FOUR,0.6822,0.0556,0.2622
CLUBS TWO DIAMONDS SIX,0.667,0.0142,0.3188
SPADES THREE DIAMONDS FOUR,0.6452,0.0158,0.339
DIAMONDS NINE CLUBS QUEEN,0.2644,0.0368,0.6988
SPADES KING CLUBS EIGHT,0.4236,0.0064,0.57
SPADES TWO HEARTS JACK,0.6078,0.1678,0.2244
HEARTS THREE DIAMONDS FIVE,0.6444,0.0188,0.3368
DIAMONDS ACE DIAMONDS FIVE,0.4146,0.0048,0.5806
HEARTS FIVE SPADES TEN,0.6586,0.0152,0.3262
SPADES NINE DIAMONDS QUEEN,0.2436,0.04,0.7164
CLUBS JACK SPADES TEN,0.2374,0.12,0.6426
HEARTS TWO DIAMONDS SEVEN,0.6712,0.0208,0.308
SPADES KING HEARTS KING,0.1576,0.0056,0.8368
HEARTS FOUR CLUBS QUEEN,0.4506,0.0096,0.5398
DIAMONDS KING DIAMONDS NINE,0.2494,0.0302,0.7204
SPADES JACK SPADES TEN,0.2092,0.115,0.6758
SPADES JACK SPADES THREE,0.5588,0.1532,0.288
SPADES TEN HEARTS TWO,0.657,0.0186,0.3244
HEARTS SIX SPADES THREE,0.6388,0.0186,0.3426
HEARTS SIX SPADES TWO,0.6714,0.0152,0.3134
SPADES NINE HEARTS TWO,0.7198,0.0654,0.2148
DIAMONDS TWO SPADES FIVE,0.6404,0.0178,0.3418
DIAMONDS TWO SPADES TEN,0.6738,0.0184,0.3078
DIAMONDS TEN SPADES FOUR,0.6458,0.0194,0.3348
HEARTS QUEEN DIAMONDS FIVE,0.4392,0.009,0.5518
DIAMONDS TWO DIAMONDS SEVEN,0.6404,0.0176,0.342
SPADES JACK DIAMONDS ACE,0.2544,0.0198,0.7258
CLUBS EIGHT SPADES NINE,0.6848,0.051,0.2642
HEARTS SEVEN DIAMONDS TEN,0.6452,0.0164,0.3384
CLUBS NINE DIAMONDS EIGHT,0.699,0.0542,0.2468
SPADES QUEEN CLUBS SIX,0.4262,0.009,0.5648
CLUBS SIX HEARTS TWO,0.6586,0.0166,0.3248
CLUBS KING DIAMONDS FOUR,0.4532,0.0054,0.5414
SPADES SEVEN SPADES SIX,0.5848,0.0186,0.3966
HEARTS FIVE CLUBS SIX,0.6218,0.0174,0.3608
HEARTS FIVE HEARTS KING,0.4098,0.0092,0.581
HEARTS KING HEARTS JACK,0.239,0.0336,0.7274
DIAMONDS TEN DIAMONDS FIVE,0.6296,0.016,0.3544
CLUBS FOUR SPADES THREE,0.625,0.0118,0.3632
CLUBS THREE CLUBS KING,0.4136,0.0044,0.582
HEARTS FOUR CLUBS THREE,0.6426,0.0164,0.341
DIAMONDS KING DIAMONDS FIVE,0.4122,0.007,0.5808
SPADES ACE SPADES FOUR,0.4114,0.005,0.5836
CLUBS TEN SPADES SIX,0.6362,0.0166,0.3472
CLUBS SIX CLUBS TWO,0.6114,0.0178,0.3708
HEARTS SEVEN SPADES FIVE,0.6318,0.0166,0.3516
DIAMONDS TWO HEARTS THREE,0.6668,0.0168,0.3164
SPADES FIVE HEARTS EIGHT,0.6484,0.016,0.3356
CLUBS SEVEN CLUBS THREE,0.616,0.0164,0.3676
HEARTS SEVEN CLUBS QUEEN,0.4304,0.008,0.5616
CLUBS SEVEN CLUBS TWO,0.6262,0.0174,0.3564
HEARTS FOUR HEARTS KING,0.408,0.0074,0.5846
SPADES TEN CLUBS FOUR,0.6424,0.016,0.3416
DIAMONDS THREE DIAMONDS TEN,0.6158,0.0174,0.3668
CLUBS FOUR CLUBS QUEEN,0.4122,0.009,0.5788
SPADES TWO DIAMONDS FIVE,0.6432,0.0154,0.3414
SPADES ACE HEARTS THREE,0.4418,0.0042,0.554
DIAMONDS NINE SPADES THREE,0.724,0.0596,0.2164
HEARTS SIX HEARTS FIVE,0.5968,0.0168,0.3864
SPADES NINE HEARTS EIGHT,0.6898,0.0566,0.2536
SPADES EIGHT HEARTS TEN,0.6288,0.0164,0.3548
CLUBS THREE DIAMONDS EIGHT,0.6822,0.0156,0.3022
SPADES EIGHT HEARTS ACE,0.4088,0.0044,0.5868
SPADES SEVEN HEARTS ACE,0.4144,0.0028,0.5828
SPADES EIGHT DIAMONDS ACE,0.4102,0.0042,0.5856
SPADES ACE HEARTS EIGHT,0.4166,0.0036,0.5798
SPADES TEN DIAMONDS NINE,0.6982,0.0556,0.2462
CLUBS NINE SPADES TWO,0.7168,0.058,0.2252
CLUBS FOUR HEARTS JACK,0.6066,0.1658,0.2276
CLUBS SEVEN HEARTS QUEEN,0.432,0.008,0.56
SPADES SEVEN DIAMONDS TEN,0.64,0.0156,0.3444
DIAMONDS ACE HEARTS ACE,0.1494,0.0042,0.8464
DIAMONDS TWO DIAMONDS NINE,0.6886,0.0626,0.2488
CLUBS FIVE DIAMONDS EIGHT,0.6408,0.0172,0.342
HEARTS SIX DIAMONDS NINE,0.7174,0.0584,0.2242
SPADES JACK DIAMONDS SIX,0.6268,0.1568,0.2164
CLUBS JACK CLUBS SIX,0.5604,0.1606,0.279
DIAMONDS ACE CLUBS THREE,0.4346,0.0056,0.5598
SPADES KING HEARTS SIX,0.4492,0.0072,0.5436
CLUBS FIVE HEARTS JACK,0.599,0.1682,0.2328
DIAMONDS ACE DIAMONDS SEVEN,0.397,0.0052,0.5978
SPADES ACE CLUBS ACE,0.1742,0.0036,0.8222
CLUBS NINE SPADES NINE,0.33,0.0312,0.6388
DIAMONDS THREE SPADES FIVE,0.6336,0.0164,0.35
HEARTS JACK HEARTS EIGHT,0.5764,0.163,0.2606
SPADES QUEEN SPADES FIVE,0.409,0.0082,0.5828
HEARTS KING DIAMONDS SEVEN,0.438,0.008,0.554
HEARTS FIVE CLUBS FIVE,0.4666,0.0288,0.5046
HEARTS FOUR SPADES SIX,0.642,0.0166,0.3414
DIAMONDS ACE DIAMONDS FOUR,0.3974,0.0076,0.595
SPADES NINE DIAMONDS EIGHT,0.6852,0.058,0.2568
CLUBS JACK SPADES NINE,0.0206,0.961,0.0184
SPADES TEN SPADES NINE,0.663,0.0468,0.2902
CLUBS THREE DIAMONDS FIVE,0.6356,0.017,0.3474
HEARTS SEVEN CLUBS ACE,0.4262,0.0028,0.571
DIAMONDS ACE HEARTS KING,0.3556,0.0052,0.6392
SPADES FIVE SPADES FOUR,0.5896,0.0166,0.3938
HEARTS FOUR CLUBS KING,0.4338,0.0092,0.557
CLUBS JACK DIAMONDS KING,0.249,0.0304,0.7206
HEARTS TWO HEARTS EIGHT,0.6516,0.0172,0.3312
SPADES EIGHT HEARTS JACK,0.6138,0.1572,0.229
CLUBS NINE DIAMONDS FIVE,0.6936,0.0584,0.248
DIAMONDS THREE SPADES TWO,0.6434,0.016,0.3406
CLUBS NINE HEARTS ACE,0.2694,0.0212,0.7094
CLUBS SIX HEARTS EIGHT,0.6472,0.0146,0.3382
CLUBS JACK DIAMONDS SEVEN,0.6178,0.1698,0.2124
SPADES ACE HEARTS SEVEN,0.42,0.0026,0.5774
DIAMONDS ACE CLUBS QUEEN,0.3396,0.0042,0.6562
DIAMONDS ACE SPADES THREE,0.4316,0.0046,0.5638
SPADES SIX CLUBS THREE,0.6406,0.0138,0.3456
CLUBS JACK HEARTS SIX,0.6246,0.161,0.2144
SPADES TEN HEARTS EIGHT,0.632,0.0152,0.3528
DIAMONDS KING DIAMONDS SEVEN,0.411,0.0068,0.5822
SPADES ACE DIAMONDS FOUR,0.4328,0.0042,0.563
HEARTS ACE HEARTS EIGHT,0.4016,0.0046,0.5938
CLUBS TEN HEARTS QUEEN,0.3482,0.0114,0.6404
CLUBS THREE SPADES FOUR,0.632,0.0168,0.3512
SPADES NINE SPADES SIX,0.6462,0.0606,0.2932
DIAMONDS ACE HEARTS JACK,0.2436,0.019,0.7374
DIAMONDS EIGHT HEARTS TEN,0.6274,0.0126,0.36
CLUBS JACK HEARTS EIGHT,0.6006,0.1716,0.2278
SPADES QUEEN CLUBS QUEEN,0.1684,0.0082,0.8234
HEARTS SEVEN SPADES TEN,0.6404,0.0144,0.3452
SPADES EIGHT CLUBS FIVE,0.657,0.0144,0.3286
CLUBS TEN HEARTS TEN,0.2834,0.0222,0.6944
CLUBS NINE SPADES JACK,0.027,0.9502,0.0228
CLUBS NINE DIAMONDS NINE,0.3316,0.0324,0.636
HEARTS SIX SPADES QUEEN,0.4386,0.0114,0.55
SPADES SIX DIAMONDS QUEEN,0.432,0.0114,0.5566
SPADES SIX DIAMONDS FOUR,0.6396,0.0152,0.3452
DIAMONDS SEVEN DIAMONDS SIX,0.6028,0.017,0.3802
CLUBS EIGHT HEARTS FOUR,0.6624,0.0212,0.3164
HEARTS THREE CLUBS SIX,0.6604,0.0168,0.3228
DIAMONDS TWO HEARTS TEN,0.6666,0.0152,0.3182
DIAMONDS THREE CLUBS TEN,0.6492,0.0164,0.3344
SPADES ACE HEARTS ACE,0.1672,0.0034,0.8294
CLUBS SEVEN DIAMONDS TEN,0.6384,0.0126,0.349
CLUBS SIX SPADES THREE,0.6468,0.015,0.3382
HEARTS ACE HEARTS TEN,0.365,0.006,0.629
CLUBS EIGHT HEARTS TEN,0.6304,0.0154,0.3542
SPADES ACE SPADES EIGHT,0.399,0.0038,0.5972
HEARTS SEVEN HEARTS THREE,0.6296,0.0156,0.3548
DIAMONDS SEVEN DIAMONDS FIVE,0.6024,0.0166,0.381
HEARTS SEVEN SPADES NINE,0.6942,0.054,0.2518
DIAMONDS THREE SPADES SEVEN,0.661,0.0182,0.3208
DIAMONDS THREE CLUBS SIX,0.6428,0.0168,0.3404
SPADES QUEEN SPADES TWO,0.4102,0.0096,0.5802
CLUBS JACK DIAMONDS EIGHT,0.5986,0.17,0.2314
CLUBS SIX DIAMONDS FOUR,0.6322,0.0142,0.3536
CLUBS SEVEN CLUBS KING,0.399,0.0082,0.5928
SPADES THREE HEARTS TEN,0.6612,0.0168,0.322
HEARTS FOUR HEARTS THREE,0.611,0.0152,0.3738
SPADES QUEEN DIAMONDS FIVE,0.4368,0.011,0.5522
HEARTS SIX HEARTS JACK,0.5802,0.1638,0.256
DIAMONDS THREE CLUBS FOUR,0.6358,0.0184,0.3458
DIAMONDS EIGHT CLUBS ACE,0.4122,0.0034,0.5844
CLUBS EIGHT CLUBS THREE,0.6346,0.015,0.3504
SPADES ACE DIAMONDS ACE,0.1666,0.0034,0.83
CLUBS NINE DIAMONDS KING,0.263,0.0312,0.7058
DIAMONDS ACE DIAMONDS EIGHT,0.4008,0.0054,0.5938
HEARTS THREE HEARTS KING,0.4192,0.0094,0.5714
HEARTS TWO DIAMONDS QUEEN,0.4326,0.0108,0.5566
SPADES NINE HEARTS KING,0.2612,0.029,0.7098
SPADES JACK SPADES TWO,0.5744,0.1586,0.267
DIAMONDS EIGHT CLUBS QUEEN,0.4214,0.0094,0.5692
CLUBS EIGHT CLUBS TWO,0.6258,0.0152,0.359
HEARTS SEVEN HEARTS ACE,0.4026,0.004,0.5934
