opposingHand,winningChance,drawChance,lostChance
DIAMONDS TWO SPADES FIVE
HEARTS FIVE SPADES TEN,0.254,0.0788,0.6672
HEARTS FIVE SPADES JACK,0.254,0.0626,0.6834
CLUBS EIGHT CLUBS JACK,0.3306,0.0192,0.6502
CLUBS TEN CLUBS EIGHT,0.308,0.0236,0.6684
CLUBS EIGHT CLUBS KING,0.3134,0.009,0.6776
CLUBS EIGHT CLUBS QUEEN,0.319,0.0126,0.6684
CLUBS EIGHT CLUBS ACE,0.333,0.0046,0.6624
HEARTS FIVE SPADES KING,0.2518,0.0408,0.7074
HEARTS FIVE SPADES QUEEN,0.241,0.0534,0.7056
SPADES ACE HEARTS FIVE,0.2332,0.0232,0.7436
DIAMONDS THREE DIAMONDS FOUR,0.3582,0.2418,0.4
SPADES FOUR CLUBS TWO,0.4082,0.3818,0.21
DIAMONDS THREE DIAMONDS FIVE,0.2072,0.4896,0.3032
CLUBS TWO SPADES TWO,0.2512,0.1178,0.631
CLUBS TWO SPADES THREE,0.4114,0.37,0.2186
DIAMONDS THREE DIAMONDS EIGHT,0.3622,0.064,0.5738
SPADES EIGHT CLUBS TWO,0.2662,0.14,0.5938
DIAMONDS THREE DIAMONDS NINE,0.3496,0.0466,0.6038
SPADES NINE CLUBS TWO,0.2678,0.1096,0.6226
DIAMONDS THREE DIAMONDS SIX,0.322,0.1508,0.5272
SPADES SIX CLUBS TWO,0.2516,0.2666,0.4818
DIAMONDS THREE DIAMONDS SEVEN,0.336,0.0994,0.5646
SPADES SEVEN CLUBS TWO,0.2632,0.1974,0.5394
CLUBS SIX CLUBS TWO,0.2386,0.2516,0.5098
CLUBS SEVEN CLUBS TWO,0.2446,0.1996,0.5558
CLUBS FOUR CLUBS TWO,0.3688,0.36,0.2712
CLUBS FIVE CLUBS TWO,0.0224,0.9068,0.0708
CLUBS TEN CLUBS JACK,0.3124,0.0138,0.6738
DIAMONDS FOUR DIAMONDS SIX,0.3146,0.1516,0.5338
CLUBS TEN CLUBS QUEEN,0.3244,0.0112,0.6644
DIAMONDS FOUR DIAMONDS SEVEN,0.3302,0.0946,0.5752
CLUBS TEN CLUBS KING,0.3152,0.0088,0.676
CLUBS TEN CLUBS ACE,0.3324,0.004,0.6636
CLUBS EIGHT CLUBS TWO,0.2548,0.1328,0.6124
DIAMONDS FOUR DIAMONDS FIVE,0.2046,0.4708,0.3246
CLUBS NINE CLUBS TWO,0.24,0.1082,0.6518
DIAMONDS FOUR DIAMONDS NINE,0.3482,0.0386,0.6132
DIAMONDS FOUR DIAMONDS EIGHT,0.3448,0.0696,0.5856
CLUBS THREE CLUBS TWO,0.3828,0.3568,0.2604
DIAMONDS NINE DIAMONDS FIVE,0.2314,0.1074,0.6612
DIAMONDS FIVE DIAMONDS EIGHT,0.2376,0.149,0.6134
DIAMONDS FIVE DIAMONDS SEVEN,0.214,0.21,0.576
DIAMONDS SIX DIAMONDS FIVE,0.23,0.2552,0.5148
DIAMONDS SIX DIAMONDS EIGHT,0.306,0.0678,0.6262
DIAMONDS NINE DIAMONDS SIX,0.3252,0.0422,0.6326
HEARTS ACE SPADES THREE,0.351,0.0054,0.6436
SPADES THREE HEARTS KING,0.3636,0.0106,0.6258
DIAMONDS SIX DIAMONDS SEVEN,0.3108,0.0874,0.6018
SPADES THREE HEARTS QUEEN,0.3822,0.0128,0.605
SPADES THREE HEARTS JACK,0.3898,0.0198,0.5904
SPADES THREE HEARTS TEN,0.3766,0.0328,0.5906
DIAMONDS EIGHT DIAMONDS SEVEN,0.312,0.0656,0.6224
DIAMONDS NINE DIAMONDS SEVEN,0.314,0.039,0.647
DIAMONDS NINE DIAMONDS EIGHT,0.3176,0.0366,0.6458
DIAMONDS KING HEARTS TEN,0.3378,0.0078,0.6544
HEARTS THREE HEARTS TEN,0.3528,0.0298,0.6174
SPADES JACK CLUBS SIX,0.3388,0.0188,0.6424
DIAMONDS KING HEARTS JACK,0.341,0.0078,0.6512
HEARTS THREE HEARTS JACK,0.3544,0.0208,0.6248
SPADES TEN CLUBS SIX,0.3452,0.0294,0.6254
DIAMONDS KING HEARTS ACE,0.3378,0.0062,0.656
HEARTS THREE HEARTS ACE,0.3378,0.0062,0.656
SPADES ACE CLUBS SIX,0.334,0.007,0.659
DIAMONDS KING HEARTS QUEEN,0.3454,0.009,0.6456
HEARTS THREE HEARTS QUEEN,0.3462,0.0134,0.6404
SPADES KING CLUBS SIX,0.339,0.0084,0.6526
DIAMONDS KING HEARTS KING,0.1534,0.0198,0.8268
HEARTS THREE HEARTS KING,0.3522,0.0098,0.638
SPADES QUEEN CLUBS SIX,0.3392,0.012,0.6488
SPADES NINE HEARTS TEN,0.3376,0.0228,0.6396
SPADES NINE HEARTS JACK,0.3372,0.0158,0.647
SPADES NINE HEARTS QUEEN,0.3414,0.0146,0.644
SPADES NINE HEARTS KING,0.3488,0.0092,0.642
SPADES NINE HEARTS ACE,0.3432,0.005,0.6518
CLUBS TEN SPADES JACK,0.3226,0.016,0.6614
CLUBS TEN SPADES TEN,0.1434,0.0724,0.7842
SPADES ACE CLUBS TEN,0.3396,0.0068,0.6536
SPADES KING CLUBS TEN,0.3394,0.0088,0.6518
CLUBS TEN SPADES QUEEN,0.3292,0.0146,0.6562
CLUBS EIGHT SPADES TEN,0.3392,0.0262,0.6346
SPADES JACK HEARTS THREE,0.362,0.0244,0.6136
SPADES JACK DIAMONDS KING,0.3466,0.0066,0.6468
SPADES TEN DIAMONDS KING,0.3368,0.0118,0.6514
SPADES TEN HEARTS THREE,0.36,0.0306,0.6094
SPADES JACK CLUBS EIGHT,0.3566,0.0204,0.623
CLUBS SIX HEARTS ACE,0.3436,0.0038,0.6526
SPADES ACE CLUBS EIGHT,0.3468,0.0038,0.6494
HEARTS FIVE CLUBS JACK,0.2626,0.0642,0.6732
HEARTS FIVE CLUBS TEN,0.2596,0.0796,0.6608
CLUBS SIX HEARTS QUEEN,0.349,0.014,0.637
SPADES QUEEN CLUBS EIGHT,0.3344,0.0144,0.6512
CLUBS TEN SPADES THREE,0.3694,0.0306,0.6
CLUBS SIX HEARTS KING,0.3598,0.0074,0.6328
SPADES KING CLUBS EIGHT,0.3564,0.0066,0.637
SPADES THREE CLUBS JACK,0.3848,0.0222,0.593
SPADES THREE CLUBS QUEEN,0.3772,0.0128,0.61
SPADES THREE CLUBS KING,0.3674,0.0078,0.6248
HEARTS FIVE CLUBS ACE,0.2334,0.0244,0.7422
SPADES THREE CLUBS ACE,0.3708,0.0058,0.6234
HEARTS FIVE CLUBS KING,0.2562,0.0344,0.7094
HEARTS FIVE CLUBS QUEEN,0.252,0.0584,0.6896
HEARTS THREE CLUBS KING,0.3832,0.0092,0.6076
DIAMONDS KING CLUBS KING,0.1472,0.0236,0.8292
HEARTS THREE CLUBS QUEEN,0.3816,0.0154,0.603
DIAMONDS KING CLUBS QUEEN,0.3448,0.0094,0.6458
HEARTS FIVE HEARTS JACK,0.2364,0.0658,0.6978
HEARTS FIVE HEARTS TEN,0.2458,0.0802,0.674
HEARTS THREE CLUBS ACE,0.3674,0.0058,0.6268
DIAMONDS KING CLUBS ACE,0.3552,0.0046,0.6402
SPADES ACE CLUBS QUEEN,0.3508,0.0052,0.644
SPADES KING CLUBS QUEEN,0.3442,0.0076,0.6482
HEARTS THREE CLUBS JACK,0.3786,0.0224,0.599
DIAMONDS KING CLUBS JACK,0.3468,0.0056,0.6476
SPADES QUEEN CLUBS QUEEN,0.157,0.0448,0.7982
CLUBS TEN HEARTS THREE,0.3798,0.0328,0.5874
CLUBS TEN DIAMONDS KING,0.3344,0.009,0.6566
SPADES JACK CLUBS QUEEN,0.3364,0.0136,0.65
CLUBS SIX CLUBS QUEEN,0.323,0.0146,0.6624
SPADES TEN CLUBS QUEEN,0.3358,0.011,0.6532
CLUBS SIX CLUBS KING,0.3192,0.008,0.6728
CLUBS SIX CLUBS ACE,0.3162,0.0064,0.6774
HEARTS FIVE HEARTS KING,0.2296,0.0402,0.7302
HEARTS FIVE HEARTS QUEEN,0.248,0.0458,0.7062
CLUBS TEN CLUBS SIX,0.3336,0.024,0.6424
HEARTS FIVE HEARTS ACE,0.2218,0.021,0.7572
CLUBS SIX CLUBS JACK,0.3308,0.0184,0.6508
SPADES SEVEN HEARTS JACK,0.354,0.019,0.627
SPADES SEVEN HEARTS TEN,0.3372,0.032,0.6308
SPADES SEVEN HEARTS ACE,0.3382,0.0042,0.6576
SPADES SEVEN HEARTS KING,0.3448,0.012,0.6432
SPADES SEVEN HEARTS QUEEN,0.3474,0.016,0.6366
CLUBS FOUR SPADES FOUR,0.229,0.1486,0.6224
CLUBS FOUR SPADES THREE,0.3738,0.248,0.3782
CLUBS FOUR SPADES TWO,0.4086,0.3646,0.2268
SPADES NINE CLUBS FOUR,0.3816,0.045,0.5734
SPADES EIGHT CLUBS FOUR,0.3722,0.0674,0.5604
SPADES SEVEN CLUBS FOUR,0.354,0.1104,0.5356
CLUBS FOUR SPADES SIX,0.333,0.1558,0.5112
SPADES ACE DIAMONDS SIX,0.329,0.0066,0.6644
SPADES QUEEN DIAMONDS SIX,0.3322,0.0126,0.6552
SPADES KING DIAMONDS SIX,0.3356,0.0086,0.6558
SPADES TEN DIAMONDS SIX,0.331,0.0306,0.6384
SPADES JACK DIAMONDS SIX,0.3384,0.021,0.6406
SPADES QUEEN SPADES TWO,0.2528,0.038,0.7092
SPADES KING SPADES TWO,0.2678,0.0322,0.7
SPADES ACE SPADES TWO,0.2486,0.0184,0.733
DIAMONDS JACK CLUBS JACK,0.1572,0.0536,0.7892
CLUBS TEN DIAMONDS JACK,0.334,0.0158,0.6502
DIAMONDS JACK CLUBS KING,0.3352,0.0092,0.6556
DIAMONDS JACK CLUBS QUEEN,0.3448,0.012,0.6432
DIAMONDS THREE DIAMONDS JACK,0.3528,0.0234,0.6238
DIAMONDS THREE DIAMONDS TEN,0.3564,0.0308,0.6128
DIAMONDS JACK CLUBS ACE,0.3316,0.0048,0.6636
DIAMONDS THREE DIAMONDS KING,0.3502,0.0082,0.6416
DIAMONDS THREE HEARTS THREE,0.217,0.162,0.621
DIAMONDS THREE DIAMONDS QUEEN,0.3578,0.0138,0.6284
DIAMONDS THREE HEARTS TWO,0.391,0.3756,0.2334
HEARTS FIVE DIAMONDS THREE,0.202,0.5164,0.2816
DIAMONDS THREE DIAMONDS ACE,0.3434,0.005,0.6516
HEARTS FOUR DIAMONDS THREE,0.3576,0.2506,0.3918
HEARTS SEVEN DIAMONDS THREE,0.3624,0.1086,0.529
SPADES TEN SPADES NINE,0.3272,0.0232,0.6496
DIAMONDS THREE HEARTS SIX,0.3276,0.1756,0.4968
SPADES JACK SPADES NINE,0.3348,0.0124,0.6528
DIAMONDS THREE HEARTS NINE,0.3602,0.0536,0.5862
DIAMONDS FOUR HEARTS JACK,0.3738,0.0192,0.607
HEARTS ACE HEARTS KING,0.3348,0.0072,0.658
SPADES TEN SPADES TWO,0.2516,0.0782,0.6702
DIAMONDS THREE HEARTS EIGHT,0.3668,0.0778,0.5554
DIAMONDS FOUR HEARTS TEN,0.353,0.032,0.615
SPADES JACK SPADES TWO,0.2518,0.0518,0.6964
DIAMONDS FOUR HEARTS QUEEN,0.369,0.0126,0.6184
DIAMONDS FOUR HEARTS KING,0.367,0.0106,0.6224
SPADES ACE SPADES NINE,0.33,0.0054,0.6646
DIAMONDS FOUR HEARTS ACE,0.3524,0.0086,0.639
SPADES KING SPADES NINE,0.3312,0.0082,0.6606
SPADES QUEEN SPADES NINE,0.3292,0.0118,0.659
DIAMONDS THREE SPADES NINE,0.3656,0.0452,0.5892
DIAMONDS THREE SPADES EIGHT,0.3566,0.0716,0.5718
DIAMONDS THREE SPADES SEVEN,0.347,0.1034,0.5496
DIAMONDS THREE SPADES SIX,0.3534,0.1606,0.486
DIAMONDS THREE CLUBS SIX,0.3388,0.1536,0.5076
CLUBS FIVE CLUBS SIX,0.2254,0.2542,0.5204
DIAMONDS FOUR CLUBS ACE,0.36,0.0044,0.6356
CLUBS SEVEN DIAMONDS THREE,0.3702,0.0984,0.5314
CLUBS SEVEN CLUBS FIVE,0.2148,0.1986,0.5866
DIAMONDS THREE CLUBS FOUR,0.3542,0.2446,0.4012
DIAMONDS FOUR CLUBS QUEEN,0.3658,0.0138,0.6204
DIAMONDS THREE CLUBS FIVE,0.2118,0.5118,0.2764
DIAMONDS FOUR CLUBS KING,0.3722,0.0092,0.6186
DIAMONDS THREE CLUBS TWO,0.3872,0.3838,0.229
CLUBS TEN DIAMONDS FOUR,0.3644,0.0316,0.604
DIAMONDS THREE CLUBS THREE,0.2198,0.1574,0.6228
DIAMONDS FOUR CLUBS JACK,0.3712,0.0184,0.6104
DIAMONDS THREE SPADES FOUR,0.3522,0.254,0.3938
DIAMONDS THREE SPADES TWO,0.3914,0.3938,0.2148
DIAMONDS THREE SPADES THREE,0.215,0.158,0.627
DIAMONDS THREE CLUBS EIGHT,0.3678,0.0726,0.5596
CLUBS NINE DIAMONDS THREE,0.3558,0.0456,0.5986
SPADES SEVEN CLUBS ACE,0.3378,0.0058,0.6564
SPADES SEVEN CLUBS QUEEN,0.3478,0.0142,0.638
SPADES SEVEN CLUBS KING,0.3436,0.01,0.6464
CLUBS FIVE SPADES SEVEN,0.2364,0.205,0.5586
CLUBS TEN SPADES SEVEN,0.3386,0.0274,0.634
CLUBS FIVE SPADES SIX,0.237,0.2702,0.4928
SPADES SEVEN CLUBS JACK,0.3396,0.0186,0.6418
CLUBS FIVE SPADES NINE,0.2422,0.1138,0.644
CLUBS FIVE SPADES EIGHT,0.2516,0.1558,0.5926
CLUBS FIVE SPADES THREE,0.2216,0.5162,0.2622
CLUBS FIVE SPADES TWO,0.0144,0.9736,0.012
CLUBS FIVE SPADES FOUR,0.2146,0.512,0.2734
CLUBS NINE CLUBS FIVE,0.2586,0.1042,0.6372
CLUBS EIGHT CLUBS FIVE,0.24,0.1436,0.6164
CLUBS ACE CLUBS QUEEN,0.325,0.005,0.67
CLUBS KING CLUBS QUEEN,0.3202,0.0078,0.672
DIAMONDS FOUR DIAMONDS TEN,0.3548,0.026,0.6192
CLUBS TEN DIAMONDS NINE,0.3252,0.0256,0.6492
DIAMONDS FOUR DIAMONDS JACK,0.353,0.019,0.628
DIAMONDS NINE CLUBS JACK,0.3364,0.0172,0.6464
SPADES NINE CLUBS JACK,0.3388,0.0152,0.646
CLUBS TEN SPADES NINE,0.3322,0.0268,0.641
DIAMONDS FOUR DIAMONDS ACE,0.3308,0.0062,0.663
HEARTS FOUR DIAMONDS FOUR,0.1974,0.158,0.6446
DIAMONDS JACK HEARTS TEN,0.3284,0.0132,0.6584
SPADES NINE CLUBS KING,0.3574,0.009,0.6336
DIAMONDS NINE CLUBS ACE,0.348,0.0066,0.6454
HEARTS FIVE DIAMONDS FOUR,0.1966,0.5062,0.2972
DIAMONDS JACK HEARTS JACK,0.1426,0.0488,0.8086
SPADES NINE CLUBS QUEEN,0.3396,0.0116,0.6488
DIAMONDS FOUR DIAMONDS QUEEN,0.3514,0.015,0.6336
DIAMONDS FOUR HEARTS TWO,0.4028,0.3736,0.2236
DIAMONDS NINE CLUBS QUEEN,0.3606,0.0128,0.6266
DIAMONDS FOUR DIAMONDS KING,0.339,0.0102,0.6508
DIAMONDS FOUR HEARTS THREE,0.3658,0.2438,0.3904
SPADES NINE CLUBS ACE,0.3422,0.0048,0.653
DIAMONDS NINE CLUBS KING,0.3522,0.0086,0.6392
HEARTS ACE DIAMONDS JACK,0.3472,0.0036,0.6492
HEARTS QUEEN DIAMONDS JACK,0.3296,0.0114,0.659
HEARTS KING DIAMONDS JACK,0.3434,0.0098,0.6468
SPADES JACK SPADES SEVEN,0.317,0.0204,0.6626
SPADES TEN SPADES SEVEN,0.3298,0.0236,0.6466
CLUBS SEVEN CLUBS THREE,0.3396,0.104,0.5564
CLUBS SIX CLUBS THREE,0.3374,0.15,0.5126
CLUBS FIVE CLUBS THREE,0.212,0.4728,0.3152
CLUBS THREE CLUBS FOUR,0.3514,0.2326,0.416
CLUBS NINE CLUBS THREE,0.357,0.045,0.598
CLUBS EIGHT CLUBS THREE,0.3522,0.0748,0.573
CLUBS THREE SPADES FOUR,0.3592,0.2548,0.386
CLUBS THREE SPADES THREE,0.2284,0.1636,0.608
CLUBS THREE SPADES TWO,0.4192,0.3746,0.2062
CLUBS THREE SPADES SIX,0.3484,0.158,0.4936
CLUBS THREE SPADES SEVEN,0.3664,0.1076,0.526
SPADES EIGHT CLUBS THREE,0.3666,0.0692,0.5642
SPADES NINE CLUBS THREE,0.365,0.0448,0.5902
DIAMONDS FOUR SPADES TWO,0.3924,0.3878,0.2198
DIAMONDS FOUR SPADES THREE,0.3594,0.2554,0.3852
DIAMONDS FOUR SPADES FOUR,0.2288,0.1368,0.6344
DIAMONDS FOUR SPADES SIX,0.3224,0.162,0.5156
DIAMONDS FOUR SPADES SEVEN,0.3478,0.1078,0.5444
DIAMONDS FOUR SPADES EIGHT,0.3514,0.0762,0.5724
DIAMONDS FOUR SPADES NINE,0.3666,0.0476,0.5858
DIAMONDS FOUR CLUBS FIVE,0.1952,0.4926,0.3122
DIAMONDS FOUR CLUBS FOUR,0.2152,0.1462,0.6386
CLUBS SEVEN DIAMONDS FOUR,0.3416,0.1008,0.5576
DIAMONDS FOUR CLUBS SIX,0.3308,0.1618,0.5074
CLUBS NINE DIAMONDS FOUR,0.359,0.0486,0.5924
CLUBS EIGHT DIAMONDS FOUR,0.3476,0.075,0.5774
HEARTS SEVEN DIAMONDS FOUR,0.3422,0.1064,0.5514
HEARTS SIX DIAMONDS FOUR,0.3262,0.1658,0.508
DIAMONDS FOUR HEARTS NINE,0.3718,0.0468,0.5814
DIAMONDS FOUR HEARTS EIGHT,0.3552,0.0686,0.5762
DIAMONDS FOUR CLUBS THREE,0.3574,0.2492,0.3934
DIAMONDS FOUR CLUBS TWO,0.3868,0.3856,0.2276
DIAMONDS TEN DIAMONDS FIVE,0.2492,0.0796,0.6712
DIAMONDS JACK DIAMONDS FIVE,0.2358,0.0692,0.695
DIAMONDS NINE HEARTS QUEEN,0.3346,0.011,0.6544
DIAMONDS NINE HEARTS KING,0.3422,0.0066,0.6512
HEARTS ACE DIAMONDS NINE,0.35,0.0062,0.6438
DIAMONDS NINE HEARTS TEN,0.329,0.0238,0.6472
DIAMONDS NINE HEARTS JACK,0.3362,0.0192,0.6446
DIAMONDS SIX CLUBS KING,0.335,0.01,0.655
DIAMONDS SIX CLUBS QUEEN,0.336,0.0146,0.6494
CLUBS ACE DIAMONDS SIX,0.3396,0.0046,0.6558
SPADES KING DIAMONDS FOUR,0.3602,0.0096,0.6302
SPADES ACE SPADES SEVEN,0.3226,0.0046,0.6728
SPADES QUEEN DIAMONDS FOUR,0.3718,0.013,0.6152
SPADES QUEEN SPADES SEVEN,0.3328,0.014,0.6532
DIAMONDS SIX CLUBS JACK,0.3444,0.019,0.6366
SPADES KING SPADES SEVEN,0.338,0.0082,0.6538
SPADES ACE DIAMONDS FOUR,0.345,0.0086,0.6464
CLUBS TEN DIAMONDS SIX,0.3356,0.0294,0.635
CLUBS NINE CLUBS FOUR,0.3582,0.0436,0.5982
CLUBS EIGHT CLUBS FOUR,0.3414,0.0676,0.591
SPADES JACK DIAMONDS FOUR,0.3674,0.025,0.6076
DIAMONDS FOUR SPADES TEN,0.3534,0.0288,0.6178
CLUBS FIVE CLUBS FOUR,0.2026,0.476,0.3214
CLUBS SEVEN CLUBS FOUR,0.3248,0.0968,0.5784
CLUBS SIX CLUBS FOUR,0.3118,0.1576,0.5306
CLUBS SEVEN SPADES EIGHT,0.3214,0.0604,0.6182
CLUBS SEVEN SPADES NINE,0.3248,0.0448,0.6304
CLUBS SEVEN SPADES SIX,0.3204,0.0976,0.582
CLUBS SEVEN SPADES SEVEN,0.1518,0.114,0.7342
CLUBS SEVEN SPADES FOUR,0.3502,0.1044,0.5454
CLUBS SEVEN SPADES THREE,0.368,0.1012,0.5308
CLUBS SEVEN SPADES TWO,0.2642,0.19,0.5458
CLUBS NINE CLUBS SEVEN,0.3108,0.0412,0.648
CLUBS SEVEN CLUBS EIGHT,0.3052,0.0526,0.6422
HEARTS SIX DIAMONDS FIVE,0.2434,0.2596,0.497
HEARTS SEVEN DIAMONDS FIVE,0.2222,0.213,0.5648
DIAMONDS FIVE HEARTS EIGHT,0.243,0.148,0.609
DIAMONDS FIVE HEARTS NINE,0.261,0.1096,0.6294
DIAMONDS QUEEN DIAMONDS FIVE,0.2354,0.0534,0.7112
HEARTS TWO DIAMONDS FIVE,0.0104,0.9742,0.0154
HEARTS KING HEARTS EIGHT,0.3314,0.009,0.6596
DIAMONDS KING DIAMONDS FIVE,0.2386,0.0422,0.7192
HEARTS THREE DIAMONDS FIVE,0.2044,0.5178,0.2778
HEARTS QUEEN HEARTS EIGHT,0.3252,0.0152,0.6596
DIAMONDS ACE DIAMONDS FIVE,0.232,0.0268,0.7412
HEARTS FOUR DIAMONDS FIVE,0.193,0.5194,0.2876
HEARTS FIVE DIAMONDS FIVE,0.0694,0.1284,0.8022
HEARTS ACE HEARTS EIGHT,0.3262,0.0038,0.67
CLUBS FOUR DIAMONDS FIVE,0.2114,0.4966,0.292
CLUBS FIVE DIAMONDS FIVE,0.0762,0.1318,0.792
CLUBS SIX DIAMONDS FIVE,0.2342,0.2662,0.4996
CLUBS SEVEN DIAMONDS FIVE,0.2238,0.2026,0.5736
CLUBS TWO DIAMONDS FIVE,0.0104,0.969,0.0206
CLUBS THREE DIAMONDS FIVE,0.2068,0.5202,0.273
SPADES THREE DIAMONDS FIVE,0.2064,0.5462,0.2474
SPADES TWO DIAMONDS FIVE,0.0072,0.9842,0.0086
SPADES JACK DIAMONDS EIGHT,0.3354,0.0198,0.6448
CLUBS TEN HEARTS JACK,0.3428,0.0172,0.64
SPADES TEN DIAMONDS EIGHT,0.3316,0.0256,0.6428
SPADES FOUR DIAMONDS FIVE,0.2098,0.5098,0.2804
HEARTS JACK CLUBS JACK,0.153,0.0524,0.7946
HEARTS JACK CLUBS QUEEN,0.336,0.0108,0.6532
CLUBS NINE DIAMONDS FIVE,0.2504,0.111,0.6386
CLUBS KING HEARTS JACK,0.3404,0.0074,0.6522
CLUBS EIGHT DIAMONDS FIVE,0.2446,0.153,0.6024
CLUBS ACE HEARTS JACK,0.3508,0.0048,0.6444
SPADES SEVEN DIAMONDS FIVE,0.2184,0.2156,0.566
SPADES KING DIAMONDS EIGHT,0.3484,0.0106,0.641
SPADES QUEEN DIAMONDS EIGHT,0.3324,0.0132,0.6544
SPADES SIX DIAMONDS FIVE,0.2202,0.2734,0.5064
SPADES NINE DIAMONDS FIVE,0.225,0.1092,0.6658
SPADES EIGHT DIAMONDS FIVE,0.238,0.1572,0.6048
SPADES ACE DIAMONDS EIGHT,0.3418,0.0042,0.654
DIAMONDS TEN DIAMONDS SIX,0.341,0.0284,0.6306
HEARTS ACE DIAMONDS SEVEN,0.3358,0.0066,0.6576
DIAMONDS JACK DIAMONDS SIX,0.328,0.0226,0.6494
HEARTS QUEEN DIAMONDS SEVEN,0.3576,0.015,0.6274
HEARTS KING DIAMONDS SEVEN,0.3572,0.0074,0.6354
DIAMONDS ACE DIAMONDS SIX,0.323,0.0052,0.6718
HEARTS FOUR DIAMONDS SIX,0.3244,0.1586,0.517
SPADES TWO HEARTS JACK,0.2762,0.058,0.6658
HEARTS FIVE DIAMONDS SIX,0.2312,0.2794,0.4894
SPADES TWO HEARTS TEN,0.2668,0.072,0.6612
DIAMONDS QUEEN DIAMONDS SIX,0.3306,0.0132,0.6562
HEARTS TWO DIAMONDS SIX,0.2372,0.2698,0.493
DIAMONDS KING DIAMONDS SIX,0.317,0.01,0.673
HEARTS THREE DIAMONDS SIX,0.3402,0.1696,0.4902
DIAMONDS SIX HEARTS EIGHT,0.3404,0.0694,0.5902
DIAMONDS SIX HEARTS NINE,0.3302,0.0454,0.6244
HEARTS SIX DIAMONDS SIX,0.125,0.1334,0.7416
HEARTS SEVEN DIAMONDS SIX,0.311,0.0976,0.5914
HEARTS TEN DIAMONDS SEVEN,0.3404,0.0266,0.633
CLUBS TWO DIAMONDS SIX,0.2474,0.2686,0.484
HEARTS JACK DIAMONDS SEVEN,0.3562,0.0212,0.6226
CLUBS THREE DIAMONDS SIX,0.3484,0.1722,0.4794
CLUBS SEVEN DIAMONDS SIX,0.3114,0.1018,0.5868
DIAMONDS EIGHT CLUBS JACK,0.3412,0.0152,0.6436
CLUBS SIX DIAMONDS SIX,0.1428,0.1286,0.7286
CLUBS TEN DIAMONDS EIGHT,0.3344,0.0266,0.639
CLUBS FIVE DIAMONDS SIX,0.2394,0.2724,0.4882
CLUBS FOUR DIAMONDS SIX,0.3534,0.148,0.4986
HEARTS ACE HEARTS JACK,0.316,0.0052,0.6788
CLUBS ACE DIAMONDS EIGHT,0.3396,0.0048,0.6556
HEARTS QUEEN HEARTS JACK,0.3238,0.0094,0.6668
CLUBS KING DIAMONDS EIGHT,0.3466,0.0076,0.6458
CLUBS NINE DIAMONDS SIX,0.3382,0.0448,0.617
HEARTS KING HEARTS JACK,0.3372,0.0064,0.6564
CLUBS QUEEN DIAMONDS EIGHT,0.3418,0.0122,0.646
CLUBS EIGHT DIAMONDS SIX,0.3196,0.071,0.6094
SPADES TEN HEARTS KING,0.345,0.011,0.644
HEARTS ACE SPADES TWO,0.255,0.016,0.729
SPADES JACK HEARTS KING,0.342,0.0092,0.6488
SPADES FOUR DIAMONDS SIX,0.3248,0.1728,0.5024
SPADES THREE DIAMONDS SIX,0.3406,0.1576,0.5018
HEARTS QUEEN SPADES TWO,0.2734,0.0408,0.6858
SPADES ACE SPADES KING,0.333,0.0068,0.6602
SPADES TWO HEARTS KING,0.271,0.0298,0.6992
SPADES TWO DIAMONDS SIX,0.2436,0.2652,0.4912
HEARTS TEN HEARTS EIGHT,0.3144,0.0272,0.6584
SPADES NINE DIAMONDS SIX,0.3156,0.0506,0.6338
HEARTS JACK HEARTS EIGHT,0.3244,0.0178,0.6578
SPADES EIGHT DIAMONDS SIX,0.3094,0.0744,0.6162
SPADES SEVEN DIAMONDS SIX,0.3004,0.099,0.6006
SPADES SIX DIAMONDS SIX,0.1194,0.1374,0.7432
SPADES KING HEARTS KING,0.1528,0.0194,0.8278
SPADES QUEEN HEARTS KING,0.3342,0.0096,0.6562
CLUBS ACE CLUBS KING,0.3128,0.0062,0.681
SPADES ACE HEARTS KING,0.3408,0.0054,0.6538
SPADES ACE HEARTS JACK,0.343,0.0048,0.6522
SPADES QUEEN HEARTS JACK,0.3418,0.0114,0.6468
SPADES KING HEARTS JACK,0.3366,0.0064,0.657
SPADES TEN DIAMONDS TEN,0.1414,0.0702,0.7884
SPADES JACK DIAMONDS TEN,0.316,0.0156,0.6684
SPADES ACE DIAMONDS TEN,0.341,0.0058,0.6532
SPADES JACK HEARTS JACK,0.1532,0.0502,0.7966
SPADES TEN HEARTS JACK,0.3336,0.0164,0.65
SPADES QUEEN DIAMONDS TEN,0.3378,0.013,0.6492
SPADES KING DIAMONDS TEN,0.3238,0.009,0.6672
SPADES NINE DIAMONDS SEVEN,0.3298,0.0382,0.632
SPADES EIGHT DIAMONDS SEVEN,0.3218,0.0568,0.6214
SPADES SEVEN DIAMONDS SEVEN,0.1442,0.1172,0.7386
SPADES SIX DIAMONDS SEVEN,0.3138,0.1046,0.5816
DIAMONDS KING DIAMONDS SEVEN,0.3302,0.0094,0.6604
HEARTS THREE DIAMONDS SEVEN,0.364,0.1018,0.5342
HEARTS KING DIAMONDS FIVE,0.2416,0.0424,0.716
DIAMONDS QUEEN DIAMONDS SEVEN,0.3354,0.0098,0.6548
HEARTS TWO DIAMONDS SEVEN,0.2606,0.194,0.5454
HEARTS QUEEN DIAMONDS FIVE,0.252,0.0532,0.6948
HEARTS FIVE DIAMONDS SEVEN,0.2404,0.195,0.5646
DIAMONDS ACE DIAMONDS SEVEN,0.3338,0.0054,0.6608
HEARTS FOUR DIAMONDS SEVEN,0.336,0.1078,0.5562
HEARTS ACE DIAMONDS FIVE,0.2284,0.0274,0.7442
HEARTS SEVEN DIAMONDS SEVEN,0.1422,0.1134,0.7444
HEARTS SIX DIAMONDS SEVEN,0.3094,0.0996,0.591
HEARTS NINE DIAMONDS SEVEN,0.3288,0.0442,0.627
HEARTS EIGHT DIAMONDS SEVEN,0.326,0.0582,0.6158
DIAMONDS JACK DIAMONDS SEVEN,0.3346,0.0174,0.648
HEARTS JACK DIAMONDS FIVE,0.254,0.0682,0.6778
DIAMONDS TEN DIAMONDS SEVEN,0.3284,0.0252,0.6464
HEARTS TEN DIAMONDS FIVE,0.244,0.0844,0.6716
SPADES KING CLUBS TWO,0.2582,0.0278,0.714
HEARTS KING CLUBS KING,0.1644,0.0222,0.8134
CLUBS EIGHT DIAMONDS SEVEN,0.3132,0.0608,0.626
SPADES QUEEN CLUBS TWO,0.2598,0.039,0.7012
HEARTS KING CLUBS QUEEN,0.347,0.0084,0.6446
CLUBS NINE DIAMONDS SEVEN,0.3314,0.0432,0.6254
SPADES TWO CLUBS JACK,0.2574,0.0528,0.6898
SPADES ACE CLUBS TWO,0.2482,0.0166,0.7352
CLUBS TEN SPADES TWO,0.253,0.0722,0.6748
HEARTS KING CLUBS ACE,0.3546,0.0052,0.6402
CLUBS SEVEN CLUBS SIX,0.303,0.0888,0.6082
SPADES TWO CLUBS KING,0.2656,0.0274,0.707
SPADES TWO DIAMONDS SEVEN,0.2528,0.1902,0.557
CLUBS EIGHT CLUBS SIX,0.3156,0.0636,0.6208
SPADES THREE DIAMONDS SEVEN,0.3566,0.1034,0.54
SPADES TWO CLUBS QUEEN,0.2756,0.0352,0.6892
CLUBS NINE CLUBS SIX,0.3256,0.043,0.6314
SPADES FOUR DIAMONDS SEVEN,0.3514,0.1112,0.5374
HEARTS KING CLUBS JACK,0.3528,0.0066,0.6406
SPADES TWO CLUBS ACE,0.2528,0.0192,0.728
CLUBS TEN HEARTS KING,0.3418,0.007,0.6512
CLUBS SIX SPADES TWO,0.2618,0.2746,0.4636
CLUBS SIX SPADES THREE,0.3626,0.1578,0.4796
CLUBS TWO DIAMONDS SEVEN,0.254,0.2012,0.5448
CLUBS SIX SPADES FOUR,0.3436,0.1626,0.4938
CLUBS THREE DIAMONDS SEVEN,0.3622,0.1066,0.5312
CLUBS FOUR DIAMONDS SEVEN,0.342,0.1084,0.5496
CLUBS SIX SPADES SIX,0.1434,0.122,0.7346
CLUBS FIVE DIAMONDS SEVEN,0.2232,0.2124,0.5644
CLUBS SIX SPADES SEVEN,0.3148,0.098,0.5872
CLUBS SIX DIAMONDS SEVEN,0.3146,0.089,0.5964
CLUBS SIX SPADES EIGHT,0.3272,0.0726,0.6002
SPADES JACK CLUBS TWO,0.2616,0.052,0.6864
CLUBS SEVEN DIAMONDS SEVEN,0.1472,0.1086,0.7442
SPADES NINE CLUBS SIX,0.3418,0.0468,0.6114
SPADES TEN CLUBS TWO,0.2518,0.0744,0.6738
CLUBS TWO CLUBS QUEEN,0.2528,0.0382,0.709
CLUBS TWO CLUBS KING,0.2566,0.0254,0.718
CLUBS THREE DIAMONDS EIGHT,0.3612,0.0678,0.571
CLUBS TWO CLUBS ACE,0.237,0.0132,0.7498
CLUBS TWO DIAMONDS EIGHT,0.2542,0.1554,0.5904
HEARTS SEVEN DIAMONDS EIGHT,0.3188,0.0722,0.609
HEARTS SIX DIAMONDS EIGHT,0.3134,0.0654,0.6212
DIAMONDS EIGHT HEARTS NINE,0.332,0.0376,0.6304
CLUBS TEN CLUBS TWO,0.2586,0.0646,0.6768
HEARTS EIGHT DIAMONDS EIGHT,0.152,0.1012,0.7468
CLUBS TWO CLUBS JACK,0.2602,0.0508,0.689
CLUBS NINE DIAMONDS EIGHT,0.3156,0.038,0.6464
CLUBS EIGHT DIAMONDS EIGHT,0.1448,0.0946,0.7606
CLUBS FIVE DIAMONDS EIGHT,0.2602,0.1474,0.5924
SPADES ACE SPADES THREE,0.358,0.0054,0.6366
CLUBS FOUR DIAMONDS EIGHT,0.3576,0.0766,0.5658
CLUBS SEVEN DIAMONDS EIGHT,0.3266,0.0584,0.615
SPADES QUEEN SPADES THREE,0.3644,0.0144,0.6212
CLUBS SIX DIAMONDS EIGHT,0.3374,0.0668,0.5958
SPADES KING SPADES THREE,0.3656,0.0086,0.6258
DIAMONDS QUEEN DIAMONDS EIGHT,0.3394,0.012,0.6486
HEARTS TWO DIAMONDS EIGHT,0.2604,0.1444,0.5952
DIAMONDS KING DIAMONDS EIGHT,0.3274,0.0112,0.6614
HEARTS THREE DIAMONDS EIGHT,0.3766,0.0686,0.5548
DIAMONDS ACE DIAMONDS EIGHT,0.3286,0.0042,0.6672
HEARTS FOUR DIAMONDS EIGHT,0.3506,0.0694,0.58
HEARTS FIVE DIAMONDS EIGHT,0.2466,0.1576,0.5958
DIAMONDS TEN DIAMONDS EIGHT,0.3192,0.0306,0.6502
DIAMONDS JACK DIAMONDS EIGHT,0.3292,0.018,0.6528
SPADES JACK SPADES THREE,0.358,0.0212,0.6208
SPADES TEN SPADES THREE,0.3434,0.0272,0.6294
CLUBS FOUR HEARTS ACE,0.373,0.0058,0.6212
CLUBS FOUR HEARTS QUEEN,0.382,0.0158,0.6022
CLUBS FOUR HEARTS KING,0.363,0.0106,0.6264
CLUBS SIX HEARTS TEN,0.3462,0.0264,0.6274
CLUBS SIX HEARTS JACK,0.356,0.019,0.625
SPADES FOUR DIAMONDS EIGHT,0.364,0.0712,0.5648
SPADES TWO DIAMONDS EIGHT,0.2542,0.1546,0.5912
SPADES THREE DIAMONDS EIGHT,0.3756,0.0686,0.5558
CLUBS FOUR HEARTS JACK,0.3632,0.0218,0.615
SPADES EIGHT DIAMONDS EIGHT,0.14,0.0962,0.7638
SPADES TEN DIAMONDS QUEEN,0.3378,0.0114,0.6508
SPADES TEN HEARTS TWO,0.2584,0.0788,0.6628
SPADES JACK HEARTS EIGHT,0.3456,0.0184,0.636
CLUBS FOUR HEARTS TEN,0.3674,0.033,0.5996
SPADES NINE DIAMONDS EIGHT,0.3262,0.0422,0.6316
SPADES TEN HEARTS EIGHT,0.334,0.0266,0.6394
SPADES JACK HEARTS TWO,0.264,0.0536,0.6824
SPADES JACK DIAMONDS QUEEN,0.3358,0.0102,0.654
SPADES SIX DIAMONDS EIGHT,0.3168,0.0644,0.6188
SPADES SEVEN DIAMONDS EIGHT,0.3122,0.064,0.6238
SPADES ACE HEARTS TWO,0.2522,0.0162,0.7316
SPADES ACE DIAMONDS QUEEN,0.3316,0.005,0.6634
SPADES ACE HEARTS EIGHT,0.3462,0.0046,0.6492
SPADES KING HEARTS EIGHT,0.3374,0.0094,0.6532
SPADES QUEEN HEARTS TWO,0.2702,0.036,0.6938
SPADES QUEEN DIAMONDS QUEEN,0.1528,0.0352,0.812
SPADES KING DIAMONDS QUEEN,0.3446,0.0094,0.646
SPADES KING HEARTS TWO,0.264,0.026,0.71
SPADES QUEEN HEARTS EIGHT,0.342,0.013,0.645
CLUBS TWO HEARTS TEN,0.277,0.0732,0.6498
CLUBS TWO HEARTS JACK,0.2832,0.0528,0.664
SPADES SEVEN DIAMONDS NINE,0.3206,0.0404,0.639
SPADES SIX DIAMONDS NINE,0.3256,0.0474,0.627
SPADES NINE DIAMONDS NINE,0.144,0.0856,0.7704
SPADES EIGHT DIAMONDS NINE,0.3222,0.0402,0.6376
SPADES TEN CLUBS KING,0.3436,0.0068,0.6496
DIAMONDS NINE SPADES THREE,0.3778,0.0466,0.5756
SPADES JACK CLUBS KING,0.3522,0.0076,0.6402
DIAMONDS NINE SPADES TWO,0.2658,0.102,0.6322
SPADES FOUR DIAMONDS NINE,0.3732,0.0426,0.5842
CLUBS NINE DIAMONDS NINE,0.152,0.0824,0.7656
CLUBS EIGHT DIAMONDS NINE,0.3468,0.0422,0.611
CLUBS SIX DIAMONDS NINE,0.3232,0.0428,0.634
SPADES JACK CLUBS FOUR,0.3634,0.0218,0.6148
CLUBS SEVEN DIAMONDS NINE,0.3488,0.0446,0.6066
SPADES TEN CLUBS FOUR,0.3674,0.0334,0.5992
CLUBS FOUR DIAMONDS NINE,0.3728,0.0478,0.5794
CLUBS FIVE DIAMONDS NINE,0.249,0.1116,0.6394
CLUBS TWO DIAMONDS NINE,0.2562,0.1024,0.6414
CLUBS THREE DIAMONDS NINE,0.3632,0.0502,0.5866
DIAMONDS NINE HEARTS EIGHT,0.3302,0.0388,0.631
DIAMONDS NINE HEARTS NINE,0.1564,0.0828,0.7608
HEARTS SIX DIAMONDS NINE,0.3298,0.0448,0.6254
HEARTS SEVEN DIAMONDS NINE,0.3258,0.0466,0.6276
CLUBS NINE CLUBS EIGHT,0.3166,0.0348,0.6486
DIAMONDS ACE DIAMONDS NINE,0.3256,0.0056,0.6688
HEARTS FOUR DIAMONDS NINE,0.3794,0.0458,0.5748
HEARTS FIVE DIAMONDS NINE,0.2562,0.1064,0.6374
HEARTS ACE CLUBS TWO,0.2594,0.0134,0.7272
SPADES ACE CLUBS FOUR,0.3596,0.007,0.6334
DIAMONDS NINE DIAMONDS QUEEN,0.3332,0.0102,0.6566
HEARTS TWO DIAMONDS NINE,0.2676,0.1058,0.6266
CLUBS TWO HEARTS KING,0.2738,0.0298,0.6964
SPADES KING CLUBS FOUR,0.3758,0.0098,0.6144
DIAMONDS KING DIAMONDS NINE,0.3224,0.009,0.6686
HEARTS THREE DIAMONDS NINE,0.366,0.0514,0.5826
CLUBS TWO HEARTS QUEEN,0.2576,0.0418,0.7006
SPADES QUEEN CLUBS FOUR,0.3772,0.014,0.6088
DIAMONDS NINE DIAMONDS JACK,0.3324,0.0158,0.6518
CLUBS EIGHT SPADES NINE,0.3292,0.035,0.6358
DIAMONDS TEN DIAMONDS NINE,0.31,0.025,0.665
CLUBS EIGHT SPADES EIGHT,0.137,0.0932,0.7698
CLUBS EIGHT SPADES SEVEN,0.3274,0.0598,0.6128
CLUBS EIGHT SPADES SIX,0.3316,0.0652,0.6032
CLUBS EIGHT SPADES FOUR,0.3494,0.0702,0.5804
CLUBS EIGHT SPADES THREE,0.368,0.0668,0.5652
CLUBS EIGHT SPADES TWO,0.2744,0.1394,0.5862
HEARTS SIX DIAMONDS TEN,0.3466,0.029,0.6244
HEARTS SEVEN DIAMONDS TEN,0.3406,0.0302,0.6292
DIAMONDS TEN HEARTS EIGHT,0.3336,0.0248,0.6416
CLUBS FOUR CLUBS JACK,0.3352,0.0224,0.6424
DIAMONDS TEN HEARTS NINE,0.3208,0.0244,0.6548
CLUBS TEN CLUBS FOUR,0.3424,0.0248,0.6328
CLUBS FOUR CLUBS KING,0.3534,0.0094,0.6372
CLUBS FOUR CLUBS QUEEN,0.3608,0.0138,0.6254
DIAMONDS TEN CLUBS TWO,0.26,0.0726,0.6674
CLUBS THREE DIAMONDS TEN,0.3642,0.034,0.6018
CLUBS FOUR CLUBS ACE,0.3352,0.0066,0.6582
DIAMONDS TEN DIAMONDS JACK,0.3192,0.0132,0.6676
DIAMONDS TEN DIAMONDS QUEEN,0.3214,0.0148,0.6638
HEARTS TWO DIAMONDS TEN,0.2628,0.0674,0.6698
DIAMONDS KING DIAMONDS TEN,0.3224,0.0106,0.667
HEARTS THREE DIAMONDS TEN,0.364,0.0316,0.6044
DIAMONDS ACE DIAMONDS TEN,0.3248,0.0054,0.6698
HEARTS FOUR DIAMONDS TEN,0.3666,0.031,0.6024
CLUBS EIGHT HEARTS JACK,0.3506,0.0196,0.6298
HEARTS FIVE DIAMONDS TEN,0.2626,0.0862,0.6512
CLUBS EIGHT HEARTS TEN,0.332,0.0292,0.6388
CLUBS EIGHT HEARTS QUEEN,0.3484,0.0114,0.6402
CLUBS EIGHT HEARTS KING,0.3558,0.0064,0.6378
CLUBS EIGHT HEARTS ACE,0.3498,0.0038,0.6464
CLUBS NINE SPADES THREE,0.3734,0.0474,0.5792
CLUBS NINE SPADES TWO,0.2696,0.109,0.6214
CLUBS NINE SPADES FOUR,0.3886,0.0464,0.565
CLUBS NINE SPADES SEVEN,0.329,0.0468,0.6242
CLUBS NINE SPADES SIX,0.3384,0.0446,0.617
CLUBS NINE SPADES NINE,0.1512,0.0844,0.7644
CLUBS TEN HEARTS EIGHT,0.334,0.0236,0.6424
CLUBS NINE SPADES EIGHT,0.334,0.0402,0.6258
HEARTS EIGHT CLUBS JACK,0.345,0.0168,0.6382
CLUBS QUEEN HEARTS EIGHT,0.3478,0.0122,0.64
CLUBS KING HEARTS EIGHT,0.359,0.0062,0.6348
CLUBS ACE HEARTS EIGHT,0.3532,0.004,0.6428
SPADES KING CLUBS KING,0.1402,0.0212,0.8386
SPADES QUEEN CLUBS KING,0.341,0.008,0.651
SPADES ACE CLUBS KING,0.3422,0.0046,0.6532
DIAMONDS ACE HEARTS TEN,0.34,0.0046,0.6554
HEARTS FOUR HEARTS TEN,0.3568,0.0254,0.6178
DIAMONDS ACE HEARTS JACK,0.324,0.006,0.67
HEARTS FOUR HEARTS JACK,0.3344,0.022,0.6436
SPADES KING CLUBS FIVE,0.2422,0.0428,0.715
SPADES QUEEN CLUBS FIVE,0.244,0.056,0.7
SPADES ACE CLUBS FIVE,0.2286,0.0322,0.7392
HEARTS SEVEN DIAMONDS JACK,0.3456,0.017,0.6374
HEARTS SIX DIAMONDS JACK,0.3386,0.0186,0.6428
DIAMONDS JACK HEARTS NINE,0.3476,0.016,0.6364
DIAMONDS JACK HEARTS EIGHT,0.3472,0.0188,0.634
DIAMONDS KING DIAMONDS JACK,0.3282,0.0072,0.6646
HEARTS THREE DIAMONDS JACK,0.369,0.0242,0.6068
SPADES ACE SPADES SIX,0.3272,0.0058,0.667
HEARTS ACE SPADES FOUR,0.3656,0.0062,0.6282
DIAMONDS QUEEN DIAMONDS JACK,0.3292,0.0166,0.6542
HEARTS TWO DIAMONDS JACK,0.2686,0.0578,0.6736
HEARTS FIVE DIAMONDS JACK,0.2516,0.0672,0.6812
SPADES QUEEN SPADES SIX,0.3342,0.0136,0.6522
SPADES FOUR HEARTS QUEEN,0.368,0.0156,0.6164
DIAMONDS ACE DIAMONDS JACK,0.3298,0.0048,0.6654
HEARTS FOUR DIAMONDS JACK,0.3586,0.0254,0.616
SPADES KING SPADES SIX,0.3266,0.0098,0.6636
SPADES FOUR HEARTS KING,0.3718,0.0092,0.619
SPADES TEN SPADES SIX,0.3246,0.0276,0.6478
SPADES JACK SPADES SIX,0.3308,0.0162,0.653
SPADES FOUR DIAMONDS JACK,0.374,0.0228,0.6032
SPADES TWO DIAMONDS JACK,0.2716,0.0518,0.6766
SPADES THREE DIAMONDS JACK,0.3658,0.0218,0.6124
SPADES ACE DIAMONDS THREE,0.344,0.0084,0.6476
SPADES QUEEN DIAMONDS THREE,0.372,0.0154,0.6126
CLUBS EIGHT DIAMONDS JACK,0.3338,0.0202,0.646
SPADES KING DIAMONDS THREE,0.3738,0.0108,0.6154
CLUBS NINE DIAMONDS JACK,0.3316,0.0184,0.65
CLUBS SIX DIAMONDS JACK,0.3496,0.016,0.6344
CLUBS SEVEN DIAMONDS JACK,0.3406,0.0178,0.6416
CLUBS FOUR DIAMONDS JACK,0.373,0.018,0.609
CLUBS FIVE DIAMONDS JACK,0.2478,0.0648,0.6874
CLUBS TWO DIAMONDS JACK,0.2732,0.0486,0.6782
CLUBS THREE DIAMONDS JACK,0.3768,0.0226,0.6006
SPADES TEN CLUBS FIVE,0.2544,0.0864,0.6592
SPADES JACK HEARTS SIX,0.3516,0.017,0.6314
HEARTS SIX SPADES TEN,0.3364,0.026,0.6376
SPADES JACK CLUBS FIVE,0.248,0.0632,0.6888
DIAMONDS THREE SPADES JACK,0.3658,0.0222,0.612
CLUBS SEVEN CLUBS ACE,0.335,0.0048,0.6602
DIAMONDS THREE SPADES TEN,0.3658,0.0296,0.6046
CLUBS SEVEN CLUBS QUEEN,0.3106,0.011,0.6784
CLUBS SEVEN CLUBS KING,0.3272,0.0096,0.6632
SPADES NINE DIAMONDS JACK,0.326,0.0182,0.6558
CLUBS TEN CLUBS SEVEN,0.3124,0.0254,0.6622
DIAMONDS ACE HEARTS ACE,0.1292,0.0036,0.8672
HEARTS FOUR HEARTS ACE,0.3448,0.007,0.6482
SPADES EIGHT DIAMONDS JACK,0.344,0.021,0.635
SPADES ACE HEARTS SIX,0.3366,0.006,0.6574
CLUBS SEVEN CLUBS JACK,0.3256,0.0204,0.654
DIAMONDS ACE HEARTS KING,0.3502,0.0058,0.644
HEARTS FOUR HEARTS KING,0.3344,0.01,0.6556
SPADES SEVEN DIAMONDS JACK,0.3352,0.0202,0.6446
SPADES KING HEARTS SIX,0.3516,0.0066,0.6418
DIAMONDS ACE HEARTS QUEEN,0.3502,0.005,0.6448
HEARTS FOUR HEARTS QUEEN,0.3554,0.013,0.6316
SPADES QUEEN HEARTS SIX,0.3422,0.0124,0.6454
SPADES SIX DIAMONDS JACK,0.3402,0.0186,0.6412
DIAMONDS TEN SPADES TWO,0.2656,0.0822,0.6522
DIAMONDS TEN SPADES THREE,0.3688,0.0326,0.5986
DIAMONDS TEN SPADES FOUR,0.375,0.0278,0.5972
SPADES SIX DIAMONDS TEN,0.3274,0.024,0.6486
SPADES SEVEN DIAMONDS TEN,0.335,0.0308,0.6342
SPADES EIGHT DIAMONDS TEN,0.3352,0.0246,0.6402
SPADES NINE DIAMONDS TEN,0.318,0.0224,0.6596
CLUBS FOUR DIAMONDS TEN,0.366,0.0332,0.6008
CLUBS FIVE DIAMONDS TEN,0.2686,0.0816,0.6498
CLUBS SIX DIAMONDS TEN,0.3474,0.0294,0.6232
CLUBS SEVEN DIAMONDS TEN,0.3252,0.0286,0.6462
CLUBS EIGHT DIAMONDS TEN,0.3342,0.0296,0.6362
CLUBS NINE DIAMONDS TEN,0.3412,0.023,0.6358
DIAMONDS THREE CLUBS JACK,0.3708,0.0222,0.607
CLUBS TEN DIAMONDS THREE,0.3668,0.0344,0.5988
DIAMONDS THREE CLUBS KING,0.358,0.012,0.63
DIAMONDS THREE CLUBS QUEEN,0.379,0.019,0.602
DIAMONDS THREE CLUBS ACE,0.3668,0.0056,0.6276
SPADES FOUR HEARTS JACK,0.373,0.023,0.604
SPADES FOUR HEARTS TEN,0.372,0.033,0.595
SPADES FOUR SPADES TWO,0.3892,0.3566,0.2542
SPADES THREE SPADES TWO,0.4046,0.3472,0.2482
SPADES NINE SPADES TWO,0.2582,0.1042,0.6376
SPADES EIGHT SPADES TWO,0.2528,0.1392,0.608
SPADES SEVEN SPADES TWO,0.253,0.1824,0.5646
SPADES SIX SPADES TWO,0.2422,0.2578,0.5
CLUBS THREE DIAMONDS QUEEN,0.3696,0.0164,0.614
CLUBS THREE HEARTS TWO,0.4032,0.37,0.2268
CLUBS TWO DIAMONDS QUEEN,0.2632,0.039,0.6978
HEARTS TWO CLUBS TWO,0.2678,0.1146,0.6176
HEARTS SEVEN DIAMONDS QUEEN,0.3466,0.0154,0.638
HEARTS SEVEN HEARTS TWO,0.248,0.1878,0.5642
HEARTS SIX DIAMONDS QUEEN,0.3532,0.0142,0.6326
HEARTS SIX HEARTS TWO,0.2434,0.2512,0.5054
DIAMONDS QUEEN HEARTS NINE,0.345,0.0084,0.6466
HEARTS TWO HEARTS NINE,0.2412,0.099,0.6598
DIAMONDS QUEEN HEARTS EIGHT,0.3492,0.0118,0.639
HEARTS TWO HEARTS EIGHT,0.2586,0.1288,0.6126
CLUBS NINE HEARTS TWO,0.2792,0.106,0.6148
CLUBS NINE DIAMONDS QUEEN,0.3456,0.013,0.6414
CLUBS EIGHT HEARTS TWO,0.2584,0.1518,0.5898
CLUBS EIGHT DIAMONDS QUEEN,0.348,0.0128,0.6392
CLUBS FIVE DIAMONDS QUEEN,0.2534,0.0556,0.691
CLUBS FIVE HEARTS TWO,0.0212,0.9566,0.0222
SPADES EIGHT HEARTS ACE,0.3388,0.006,0.6552
CLUBS FOUR DIAMONDS QUEEN,0.3648,0.0156,0.6196
CLUBS FOUR HEARTS TWO,0.4022,0.3686,0.2292
CLUBS SEVEN DIAMONDS QUEEN,0.3586,0.014,0.6274
CLUBS SEVEN HEARTS TWO,0.2576,0.1956,0.5468
SPADES EIGHT HEARTS QUEEN,0.3514,0.0104,0.6382
CLUBS SIX DIAMONDS QUEEN,0.3438,0.0122,0.644
CLUBS SIX HEARTS TWO,0.2572,0.2626,0.4802
SPADES EIGHT HEARTS KING,0.3466,0.0068,0.6466
HEARTS TWO SPADES SIX,0.2546,0.2734,0.472
SPADES SIX DIAMONDS QUEEN,0.3308,0.0132,0.656
HEARTS FOUR CLUBS QUEEN,0.381,0.0138,0.6052
DIAMONDS ACE CLUBS QUEEN,0.3294,0.0044,0.6662
SPADES SEVEN DIAMONDS QUEEN,0.34,0.0134,0.6466
SPADES SEVEN HEARTS TWO,0.2606,0.1916,0.5478
HEARTS FOUR CLUBS KING,0.355,0.0106,0.6344
DIAMONDS ACE CLUBS KING,0.3498,0.006,0.6442
SPADES EIGHT DIAMONDS QUEEN,0.342,0.0146,0.6434
SPADES EIGHT HEARTS TWO,0.2746,0.1426,0.5828
HEARTS FOUR CLUBS ACE,0.355,0.005,0.64
DIAMONDS ACE CLUBS ACE,0.1434,0.004,0.8526
SPADES NINE DIAMONDS QUEEN,0.3438,0.0118,0.6444
SPADES NINE HEARTS TWO,0.2666,0.1086,0.6248
HEARTS TWO SPADES TWO,0.262,0.1156,0.6224
DIAMONDS QUEEN SPADES TWO,0.2764,0.0402,0.6834
HEARTS TWO SPADES THREE,0.4008,0.3742,0.225
SPADES THREE DIAMONDS QUEEN,0.3628,0.0152,0.622
HEARTS TWO SPADES FOUR,0.4066,0.3706,0.2228
SPADES FOUR DIAMONDS QUEEN,0.372,0.0178,0.6102
CLUBS TEN HEARTS FOUR,0.373,0.0302,0.5968
CLUBS TEN DIAMONDS ACE,0.3358,0.0056,0.6586
HEARTS FOUR CLUBS JACK,0.3612,0.0212,0.6176
DIAMONDS ACE CLUBS JACK,0.3548,0.0048,0.6404
CLUBS FIVE CLUBS KING,0.239,0.0358,0.7252
CLUBS FIVE CLUBS QUEEN,0.2424,0.0438,0.7138
CLUBS FIVE CLUBS ACE,0.2226,0.0264,0.751
CLUBS FIVE CLUBS JACK,0.243,0.0646,0.6924
CLUBS TEN CLUBS FIVE,0.2416,0.0874,0.671
SPADES KING CLUBS JACK,0.351,0.008,0.641
SPADES QUEEN CLUBS JACK,0.34,0.0114,0.6486
SPADES ACE CLUBS JACK,0.3392,0.0064,0.6544
SPADES SIX CLUBS KING,0.3436,0.0076,0.6488
SPADES SIX CLUBS QUEEN,0.3472,0.0146,0.6382
SPADES EIGHT HEARTS JACK,0.3438,0.018,0.6382
SPADES SIX CLUBS ACE,0.3468,0.0058,0.6474
SPADES EIGHT HEARTS TEN,0.3474,0.0284,0.6242
SPADES SIX CLUBS JACK,0.3502,0.0208,0.629
CLUBS TEN SPADES SIX,0.3382,0.0314,0.6304
SPADES TEN CLUBS JACK,0.3268,0.0172,0.656
SPADES JACK CLUBS JACK,0.1442,0.0462,0.8096
SPADES QUEEN CLUBS SEVEN,0.3392,0.0124,0.6484
SPADES KING CLUBS SEVEN,0.3488,0.0094,0.6418
SPADES ACE CLUBS SEVEN,0.3346,0.005,0.6604
SPADES SIX HEARTS TEN,0.3406,0.029,0.6304
SPADES SIX HEARTS JACK,0.3374,0.0196,0.643
SPADES SIX HEARTS ACE,0.336,0.0066,0.6574
SPADES SIX HEARTS KING,0.3342,0.0094,0.6564
SPADES SIX HEARTS QUEEN,0.3506,0.0152,0.6342
CLUBS SEVEN SPADES JACK,0.3316,0.02,0.6484
CLUBS SEVEN SPADES TEN,0.34,0.0308,0.6292
CLUBS TEN HEARTS SIX,0.345,0.0284,0.6266
HEARTS SIX CLUBS JACK,0.3756,0.0216,0.6028
CLUBS ACE CLUBS JACK,0.3306,0.0044,0.665
HEARTS SIX CLUBS QUEEN,0.352,0.011,0.637
HEARTS SIX CLUBS KING,0.3484,0.0098,0.6418
HEARTS SIX CLUBS ACE,0.3462,0.0036,0.6502
CLUBS QUEEN CLUBS JACK,0.3206,0.0118,0.6676
CLUBS KING CLUBS JACK,0.333,0.0076,0.6594
DIAMONDS THREE HEARTS ACE,0.3524,0.0046,0.643
DIAMONDS THREE HEARTS QUEEN,0.3814,0.0164,0.6022
DIAMONDS THREE HEARTS KING,0.3682,0.0104,0.6214
CLUBS FIVE HEARTS JACK,0.2648,0.0634,0.6718
SPADES TEN DIAMONDS ACE,0.3416,0.005,0.6534
HEARTS FOUR SPADES TEN,0.3512,0.0264,0.6224
CLUBS FIVE HEARTS TEN,0.2392,0.081,0.6798
HEARTS FOUR SPADES JACK,0.3622,0.0216,0.6162
SPADES JACK DIAMONDS ACE,0.3488,0.0058,0.6454
SPADES ACE HEARTS FOUR,0.3536,0.0072,0.6392
SPADES ACE DIAMONDS ACE,0.133,0.0048,0.8622
CLUBS FIVE HEARTS ACE,0.2446,0.0264,0.729
CLUBS FIVE HEARTS KING,0.249,0.0422,0.7088
HEARTS FOUR SPADES QUEEN,0.356,0.0154,0.6286
SPADES QUEEN DIAMONDS ACE,0.3322,0.006,0.6618
SPADES FOUR CLUBS JACK,0.3812,0.0214,0.5974
CLUBS FIVE HEARTS QUEEN,0.2566,0.058,0.6854
SPADES KING DIAMONDS ACE,0.3414,0.0058,0.6528
SPADES KING HEARTS FOUR,0.3674,0.0088,0.6238
CLUBS TEN SPADES FOUR,0.3858,0.032,0.5822
DIAMONDS ACE DIAMONDS QUEEN,0.3298,0.0046,0.6656
DIAMONDS ACE HEARTS TWO,0.2398,0.0142,0.746
HEARTS FOUR DIAMONDS QUEEN,0.3604,0.0156,0.624
HEARTS FOUR HEARTS TWO,0.3804,0.3568,0.2628
DIAMONDS THREE HEARTS TEN,0.369,0.0316,0.5994
SPADES FOUR CLUBS KING,0.373,0.0076,0.6194
HEARTS FIVE DIAMONDS QUEEN,0.2522,0.0524,0.6954
HEARTS FIVE HEARTS TWO,0.0244,0.901,0.0746
DIAMONDS THREE HEARTS JACK,0.3802,0.017,0.6028
SPADES FOUR CLUBS QUEEN,0.3792,0.014,0.6068
HEARTS TWO DIAMONDS QUEEN,0.273,0.0436,0.6834
DIAMONDS KING DIAMONDS QUEEN,0.33,0.0066,0.6634
DIAMONDS KING HEARTS TWO,0.2714,0.028,0.7006
HEARTS THREE DIAMONDS QUEEN,0.3714,0.0138,0.6148
HEARTS THREE HEARTS TWO,0.3906,0.35,0.2594
SPADES FOUR CLUBS ACE,0.3736,0.0056,0.6208
HEARTS TWO CLUBS ACE,0.2412,0.0178,0.741
DIAMONDS QUEEN CLUBS ACE,0.345,0.004,0.651
HEARTS TWO CLUBS QUEEN,0.2556,0.0452,0.6992
DIAMONDS QUEEN CLUBS QUEEN,0.1538,0.0342,0.812
HEARTS TWO CLUBS KING,0.2682,0.0252,0.7066
DIAMONDS QUEEN CLUBS KING,0.3468,0.0098,0.6434
CLUBS TEN HEARTS TWO,0.2702,0.073,0.6568
CLUBS TEN DIAMONDS QUEEN,0.3324,0.012,0.6556
HEARTS TWO CLUBS JACK,0.2636,0.057,0.6794
DIAMONDS QUEEN CLUBS JACK,0.3478,0.009,0.6432
DIAMONDS FIVE CLUBS QUEEN,0.2486,0.0534,0.698
SPADES EIGHT CLUBS ACE,0.3548,0.0044,0.6408
CLUBS KING DIAMONDS FIVE,0.252,0.0382,0.7098
SPADES EIGHT CLUBS KING,0.3468,0.0104,0.6428
CLUBS ACE DIAMONDS FIVE,0.2386,0.024,0.7374
SPADES EIGHT CLUBS QUEEN,0.3444,0.0112,0.6444
SPADES EIGHT CLUBS JACK,0.3336,0.02,0.6464
CLUBS TEN SPADES EIGHT,0.3324,0.0236,0.644
CLUBS TEN DIAMONDS FIVE,0.2562,0.0874,0.6564
DIAMONDS FIVE CLUBS JACK,0.2536,0.0668,0.6796
DIAMONDS TEN HEARTS JACK,0.3278,0.0148,0.6574
DIAMONDS TEN HEARTS TEN,0.14,0.065,0.795
SPADES ACE CLUBS NINE,0.3558,0.0046,0.6396
CLUBS NINE SPADES QUEEN,0.3438,0.015,0.6412
CLUBS NINE SPADES KING,0.3526,0.0086,0.6388
HEARTS SIX HEARTS KING,0.3244,0.0078,0.6678
DIAMONDS KING SPADES SEVEN,0.3462,0.011,0.6428
HEARTS THREE SPADES SEVEN,0.3652,0.1026,0.5322
SPADES KING DIAMONDS SEVEN,0.3326,0.007,0.6604
HEARTS SIX HEARTS QUEEN,0.3318,0.0128,0.6554
SPADES QUEEN DIAMONDS SEVEN,0.3368,0.0132,0.65
HEARTS THREE SPADES SIX,0.3528,0.1632,0.484
DIAMONDS KING SPADES SIX,0.3312,0.0098,0.659
SPADES NINE DIAMONDS KING,0.336,0.0082,0.6558
SPADES NINE HEARTS THREE,0.3672,0.0512,0.5816
HEARTS SIX HEARTS ACE,0.322,0.005,0.673
DIAMONDS KING SPADES EIGHT,0.3402,0.0082,0.6516
SPADES EIGHT HEARTS THREE,0.3766,0.0666,0.5568
SPADES ACE DIAMONDS SEVEN,0.3416,0.006,0.6524
CLUBS NINE HEARTS THREE,0.382,0.0428,0.5752
CLUBS NINE DIAMONDS KING,0.3524,0.0072,0.6404
CLUBS EIGHT HEARTS THREE,0.369,0.075,0.556
CLUBS EIGHT DIAMONDS KING,0.3424,0.0066,0.651
HEARTS THREE SPADES THREE,0.2238,0.1616,0.6146
DIAMONDS KING SPADES THREE,0.3696,0.0098,0.6206
HEARTS THREE SPADES TWO,0.4084,0.377,0.2146
DIAMONDS KING SPADES TWO,0.2666,0.032,0.7014
HEARTS THREE SPADES FOUR,0.3792,0.2572,0.3636
DIAMONDS KING SPADES FOUR,0.3646,0.011,0.6244
DIAMONDS KING CLUBS TWO,0.2622,0.031,0.7068
HEARTS THREE CLUBS TWO,0.3974,0.3692,0.2334
DIAMONDS KING CLUBS THREE,0.3738,0.009,0.6172
CLUBS THREE HEARTS THREE,0.2136,0.1636,0.6228
DIAMONDS KING CLUBS FOUR,0.3712,0.0114,0.6174
HEARTS THREE CLUBS FOUR,0.3824,0.2438,0.3738
CLUBS FIVE DIAMONDS KING,0.2364,0.0386,0.725
CLUBS FIVE HEARTS THREE,0.2138,0.5136,0.2726
CLUBS SIX DIAMONDS KING,0.3384,0.009,0.6526
CLUBS SIX HEARTS THREE,0.3572,0.1566,0.4862
CLUBS SEVEN DIAMONDS KING,0.3392,0.008,0.6528
