opposingHand,winningChance,drawChance,lostChance
DIAMONDS THREE SPADES NINE
HEARTS FIVE SPADES TEN,0.3602,0.027,0.6128
HEARTS FIVE SPADES JACK,0.3498,0.0186,0.6316
SPADES FIVE CLUBS JACK,0.3492,0.0178,0.633
CLUBS TEN SPADES FIVE,0.3566,0.0262,0.6172
CLUBS EIGHT CLUBS JACK,0.3204,0.015,0.6646
CLUBS TEN CLUBS EIGHT,0.3034,0.0286,0.668
CLUBS EIGHT CLUBS KING,0.3412,0.006,0.6528
SPADES FIVE CLUBS ACE,0.3626,0.0046,0.6328
CLUBS EIGHT CLUBS QUEEN,0.3292,0.0138,0.657
SPADES FIVE CLUBS KING,0.3596,0.0068,0.6336
SPADES FIVE CLUBS QUEEN,0.368,0.0122,0.6198
CLUBS EIGHT CLUBS ACE,0.3304,0.0052,0.6644
DIAMONDS TWO DIAMONDS FIVE,0.5478,0.0452,0.407
HEARTS FIVE SPADES KING,0.3502,0.011,0.6388
DIAMONDS TWO DIAMONDS FOUR,0.554,0.0438,0.4022
HEARTS FIVE SPADES QUEEN,0.3588,0.0122,0.629
DIAMONDS TWO DIAMONDS SEVEN,0.576,0.0448,0.3792
DIAMONDS TWO DIAMONDS SIX,0.562,0.0438,0.3942
SPADES ACE HEARTS FIVE,0.3404,0.0036,0.656
DIAMONDS TWO DIAMONDS NINE,0.2438,0.4972,0.259
DIAMONDS TWO DIAMONDS EIGHT,0.5704,0.041,0.3886
SPADES FOUR CLUBS TWO,0.5848,0.0504,0.3648
SPADES FIVE CLUBS TWO,0.5818,0.043,0.3752
CLUBS TWO SPADES TWO,0.3742,0.0952,0.5306
CLUBS TWO SPADES THREE,0.6312,0.1142,0.2546
SPADES EIGHT CLUBS TWO,0.5924,0.048,0.3596
SPADES SIX CLUBS TWO,0.5974,0.0512,0.3514
SPADES SEVEN CLUBS TWO,0.6112,0.0488,0.34
CLUBS SIX CLUBS TWO,0.5686,0.0438,0.3876
CLUBS SEVEN CLUBS TWO,0.5718,0.043,0.3852
CLUBS FOUR CLUBS TWO,0.5496,0.0426,0.4078
CLUBS FIVE CLUBS TWO,0.5586,0.0456,0.3958
CLUBS TEN CLUBS JACK,0.2768,0.0124,0.7108
DIAMONDS FOUR DIAMONDS SIX,0.5054,0.0472,0.4474
CLUBS TEN CLUBS QUEEN,0.2872,0.0106,0.7022
DIAMONDS FOUR DIAMONDS SEVEN,0.514,0.048,0.438
CLUBS TEN CLUBS KING,0.2918,0.0058,0.7024
CLUBS TEN CLUBS ACE,0.3066,0.0044,0.689
CLUBS EIGHT CLUBS TWO,0.5636,0.0448,0.3916
DIAMONDS FOUR DIAMONDS FIVE,0.4912,0.0502,0.4586
CLUBS NINE CLUBS TWO,0.2468,0.4926,0.2606
DIAMONDS FOUR DIAMONDS NINE,0.2138,0.4938,0.2924
DIAMONDS FOUR DIAMONDS EIGHT,0.534,0.0418,0.4242
CLUBS THREE CLUBS TWO,0.5896,0.1094,0.301
DIAMONDS NINE DIAMONDS FIVE,0.2084,0.4202,0.3714
DIAMONDS TWO CLUBS JACK,0.3972,0.0194,0.5834
DIAMONDS FIVE DIAMONDS EIGHT,0.5056,0.0418,0.4526
CLUBS TEN DIAMONDS TWO,0.3808,0.0272,0.592
DIAMONDS FIVE DIAMONDS SEVEN,0.5066,0.0448,0.4486
DIAMONDS SIX DIAMONDS FIVE,0.5034,0.044,0.4526
DIAMONDS TWO CLUBS ACE,0.3776,0.0058,0.6166
DIAMONDS TWO CLUBS KING,0.4062,0.0082,0.5856
DIAMONDS TWO CLUBS QUEEN,0.3922,0.0146,0.5932
DIAMONDS SIX DIAMONDS EIGHT,0.511,0.0356,0.4534
DIAMONDS NINE DIAMONDS SIX,0.2106,0.3554,0.434
HEARTS ACE SPADES THREE,0.2392,0.0196,0.7412
SPADES THREE HEARTS KING,0.2546,0.0314,0.714
DIAMONDS SIX DIAMONDS SEVEN,0.4974,0.0432,0.4594
SPADES THREE HEARTS QUEEN,0.2514,0.0436,0.705
SPADES THREE HEARTS JACK,0.2308,0.0598,0.7094
SPADES THREE HEARTS TEN,0.2392,0.0784,0.6824
DIAMONDS EIGHT DIAMONDS SEVEN,0.4824,0.0366,0.481
DIAMONDS NINE DIAMONDS SEVEN,0.2074,0.2866,0.506
DIAMONDS NINE DIAMONDS EIGHT,0.1998,0.2258,0.5744
DIAMONDS KING HEARTS TEN,0.3234,0.0072,0.6694
HEARTS THREE HEARTS TEN,0.226,0.0814,0.6926
SPADES JACK CLUBS SIX,0.3512,0.0198,0.629
DIAMONDS KING HEARTS JACK,0.31,0.0054,0.6846
HEARTS THREE HEARTS JACK,0.2228,0.053,0.7242
SPADES TEN CLUBS SIX,0.3448,0.0274,0.6278
SPADES JACK SPADES FIVE,0.3322,0.0178,0.65
SPADES TEN SPADES FIVE,0.332,0.0324,0.6356
DIAMONDS KING HEARTS ACE,0.331,0.004,0.665
HEARTS THREE HEARTS ACE,0.211,0.021,0.768
SPADES ACE CLUBS SIX,0.3572,0.0062,0.6366
DIAMONDS KING HEARTS QUEEN,0.315,0.0052,0.6798
HEARTS THREE HEARTS QUEEN,0.2274,0.0434,0.7292
SPADES KING CLUBS SIX,0.351,0.0072,0.6418
DIAMONDS KING HEARTS KING,0.125,0.0108,0.8642
HEARTS THREE HEARTS KING,0.2322,0.0362,0.7316
SPADES QUEEN CLUBS SIX,0.3512,0.0098,0.639
SPADES QUEEN SPADES FIVE,0.356,0.01,0.634
SPADES KING SPADES FIVE,0.352,0.0102,0.6378
SPADES ACE SPADES FIVE,0.325,0.0042,0.6708
CLUBS TEN SPADES JACK,0.289,0.015,0.696
CLUBS TEN SPADES TEN,0.1324,0.041,0.8266
SPADES ACE CLUBS TEN,0.319,0.0054,0.6756
SPADES KING CLUBS TEN,0.3198,0.0072,0.673
CLUBS TEN SPADES QUEEN,0.2994,0.01,0.6906
SPADES FIVE HEARTS QUEEN,0.3598,0.013,0.6272
SPADES FIVE HEARTS KING,0.3666,0.0084,0.625
SPADES FIVE HEARTS ACE,0.357,0.005,0.638
CLUBS EIGHT SPADES TEN,0.324,0.024,0.652
SPADES JACK HEARTS THREE,0.233,0.0588,0.7082
SPADES JACK DIAMONDS KING,0.3166,0.0086,0.6748
SPADES TEN DIAMONDS KING,0.3182,0.009,0.6728
SPADES TEN HEARTS THREE,0.2328,0.0806,0.6866
SPADES JACK CLUBS EIGHT,0.3356,0.0152,0.6492
CLUBS SIX HEARTS ACE,0.3524,0.0038,0.6438
SPADES ACE CLUBS EIGHT,0.3362,0.0058,0.658
HEARTS FIVE CLUBS JACK,0.362,0.0168,0.6212
HEARTS FIVE CLUBS TEN,0.3486,0.0246,0.6268
CLUBS SIX HEARTS QUEEN,0.3602,0.0112,0.6286
SPADES QUEEN CLUBS EIGHT,0.3486,0.0088,0.6426
CLUBS TEN SPADES THREE,0.233,0.0764,0.6906
CLUBS SIX HEARTS KING,0.3492,0.007,0.6438
SPADES KING CLUBS EIGHT,0.3554,0.0094,0.6352
SPADES THREE CLUBS JACK,0.2416,0.0602,0.6982
DIAMONDS TWO HEARTS JACK,0.3976,0.0196,0.5828
SPADES THREE CLUBS QUEEN,0.2304,0.0466,0.723
DIAMONDS TWO HEARTS TEN,0.386,0.0298,0.5842
SPADES THREE CLUBS KING,0.248,0.0286,0.7234
HEARTS FIVE CLUBS ACE,0.3458,0.0048,0.6494
SPADES FIVE HEARTS TEN,0.3526,0.0244,0.623
SPADES THREE CLUBS ACE,0.2358,0.0198,0.7444
HEARTS FIVE CLUBS KING,0.3554,0.007,0.6376
SPADES FIVE HEARTS JACK,0.3504,0.0176,0.632
HEARTS FIVE CLUBS QUEEN,0.3682,0.0102,0.6216
HEARTS THREE CLUBS KING,0.2442,0.0344,0.7214
DIAMONDS KING CLUBS KING,0.1326,0.0104,0.857
HEARTS THREE CLUBS QUEEN,0.244,0.0442,0.7118
DIAMONDS KING CLUBS QUEEN,0.3276,0.0062,0.6662
HEARTS FIVE HEARTS JACK,0.3294,0.0178,0.6528
HEARTS FIVE HEARTS TEN,0.345,0.029,0.626
HEARTS THREE CLUBS ACE,0.241,0.02,0.739
DIAMONDS KING CLUBS ACE,0.3224,0.004,0.6736
SPADES ACE CLUBS QUEEN,0.3196,0.004,0.6764
SPADES KING CLUBS QUEEN,0.3212,0.007,0.6718
HEARTS THREE CLUBS JACK,0.2462,0.0614,0.6924
DIAMONDS KING CLUBS JACK,0.3202,0.0078,0.672
SPADES QUEEN CLUBS QUEEN,0.1224,0.0238,0.8538
CLUBS TEN HEARTS THREE,0.2392,0.0732,0.6876
CLUBS TEN DIAMONDS KING,0.3136,0.0072,0.6792
SPADES JACK CLUBS QUEEN,0.2988,0.011,0.6902
CLUBS SIX CLUBS QUEEN,0.335,0.0096,0.6554
SPADES TEN CLUBS QUEEN,0.3134,0.009,0.6776
CLUBS SIX CLUBS KING,0.3402,0.0086,0.6512
CLUBS SIX CLUBS ACE,0.322,0.0028,0.6752
HEARTS FIVE HEARTS KING,0.3432,0.0108,0.646
HEARTS FIVE HEARTS QUEEN,0.3396,0.0128,0.6476
CLUBS TEN CLUBS SIX,0.331,0.0296,0.6394
HEARTS FIVE HEARTS ACE,0.3278,0.0054,0.6668
CLUBS SIX CLUBS JACK,0.3294,0.0164,0.6542
SPADES SEVEN HEARTS JACK,0.354,0.019,0.627
SPADES SEVEN HEARTS TEN,0.3394,0.0292,0.6314
DIAMONDS TWO CLUBS TWO,0.36,0.0932,0.5468
DIAMONDS TWO CLUBS THREE,0.6426,0.1106,0.2468
DIAMONDS TWO HEARTS SIX,0.5968,0.0462,0.357
DIAMONDS TWO HEARTS QUEEN,0.3792,0.0118,0.609
HEARTS SEVEN DIAMONDS TWO,0.6054,0.048,0.3466
DIAMONDS TWO HEARTS KING,0.3852,0.0104,0.6044
DIAMONDS TWO HEARTS EIGHT,0.6214,0.0386,0.34
DIAMONDS TWO HEARTS ACE,0.3918,0.0064,0.6018
DIAMONDS TWO HEARTS NINE,0.2662,0.5204,0.2134
DIAMONDS TWO DIAMONDS QUEEN,0.3728,0.0148,0.6124
DIAMONDS TWO HEARTS TWO,0.3764,0.0906,0.533
DIAMONDS TWO DIAMONDS KING,0.355,0.0076,0.6374
DIAMONDS TWO HEARTS THREE,0.638,0.109,0.253
DIAMONDS TWO DIAMONDS ACE,0.3618,0.0064,0.6318
HEARTS FOUR DIAMONDS TWO,0.576,0.0512,0.3728
HEARTS FIVE DIAMONDS TWO,0.5892,0.0466,0.3642
SPADES SEVEN HEARTS ACE,0.3418,0.0042,0.654
DIAMONDS TWO DIAMONDS TEN,0.3822,0.0254,0.5924
SPADES SEVEN HEARTS KING,0.3796,0.0088,0.6116
DIAMONDS TWO DIAMONDS JACK,0.3744,0.0178,0.6078
SPADES SEVEN HEARTS QUEEN,0.374,0.0106,0.6154
DIAMONDS TWO SPADES EIGHT,0.6008,0.0428,0.3564
DIAMONDS TWO SPADES SEVEN,0.6124,0.0464,0.3412
DIAMONDS TWO SPADES SIX,0.6052,0.0478,0.347
DIAMONDS TWO SPADES FIVE,0.5974,0.045,0.3576
DIAMONDS TWO SPADES FOUR,0.5946,0.0494,0.356
DIAMONDS TWO SPADES THREE,0.6502,0.1092,0.2406
DIAMONDS TWO SPADES TWO,0.374,0.0904,0.5356
CLUBS NINE DIAMONDS TWO,0.264,0.5174,0.2186
DIAMONDS TWO CLUBS EIGHT,0.6082,0.0438,0.348
CLUBS SEVEN DIAMONDS TWO,0.601,0.0476,0.3514
DIAMONDS TWO CLUBS SIX,0.6096,0.0426,0.3478
DIAMONDS TWO CLUBS FIVE,0.573,0.0406,0.3864
DIAMONDS TWO CLUBS FOUR,0.5854,0.0494,0.3652
CLUBS FOUR SPADES FIVE,0.5356,0.0462,0.4182
CLUBS FOUR SPADES FOUR,0.2762,0.0914,0.6324
CLUBS FOUR SPADES THREE,0.623,0.1084,0.2686
CLUBS FOUR SPADES TWO,0.5744,0.0504,0.3752
SPADES EIGHT CLUBS FOUR,0.5652,0.041,0.3938
SPADES SEVEN CLUBS FOUR,0.5534,0.0488,0.3978
SPADES SIX CLUBS FOUR,0.5502,0.0446,0.4052
SPADES ACE DIAMONDS SIX,0.3416,0.0044,0.654
SPADES QUEEN DIAMONDS SIX,0.3632,0.0118,0.625
SPADES KING DIAMONDS SIX,0.3478,0.008,0.6442
SPADES TEN DIAMONDS SIX,0.3424,0.029,0.6286
SPADES JACK DIAMONDS SIX,0.3564,0.0188,0.6248
SPADES QUEEN SPADES TWO,0.3734,0.0122,0.6144
SPADES KING SPADES TWO,0.3814,0.0078,0.6108
SPADES ACE SPADES TWO,0.3546,0.0046,0.6408
DIAMONDS JACK CLUBS JACK,0.1284,0.0274,0.8442
CLUBS TEN DIAMONDS JACK,0.3002,0.0186,0.6812
DIAMONDS JACK CLUBS KING,0.3282,0.0068,0.665
DIAMONDS JACK CLUBS QUEEN,0.314,0.0112,0.6748
DIAMONDS JACK CLUBS ACE,0.3302,0.0052,0.6646
DIAMONDS FOUR HEARTS JACK,0.3502,0.018,0.6318
HEARTS ACE HEARTS KING,0.3054,0.005,0.6896
SPADES TEN SPADES TWO,0.3734,0.03,0.5966
DIAMONDS FOUR HEARTS TEN,0.3558,0.028,0.6162
SPADES JACK SPADES TWO,0.379,0.0198,0.6012
DIAMONDS FOUR HEARTS QUEEN,0.347,0.0166,0.6364
DIAMONDS FOUR HEARTS KING,0.3564,0.0086,0.635
DIAMONDS FOUR HEARTS ACE,0.333,0.0052,0.6618
CLUBS FIVE CLUBS SIX,0.5056,0.04,0.4544
DIAMONDS FOUR CLUBS ACE,0.3548,0.0054,0.6398
CLUBS SEVEN CLUBS FIVE,0.5072,0.0356,0.4572
DIAMONDS FOUR CLUBS QUEEN,0.361,0.0104,0.6286
DIAMONDS FOUR CLUBS KING,0.363,0.008,0.629
CLUBS TEN DIAMONDS FOUR,0.3512,0.0334,0.6154
DIAMONDS FOUR CLUBS JACK,0.3584,0.018,0.6236
SPADES SEVEN CLUBS ACE,0.3524,0.0056,0.642
SPADES SEVEN CLUBS QUEEN,0.3588,0.0106,0.6306
SPADES SEVEN CLUBS KING,0.3724,0.0086,0.619
CLUBS FIVE SPADES SEVEN,0.5478,0.0394,0.4128
CLUBS TEN SPADES SEVEN,0.3442,0.0284,0.6274
CLUBS FIVE SPADES SIX,0.5372,0.0428,0.42
SPADES SEVEN CLUBS JACK,0.3406,0.0184,0.641
CLUBS FIVE SPADES EIGHT,0.5578,0.048,0.3942
CLUBS FIVE SPADES THREE,0.6172,0.1064,0.2764
CLUBS FIVE SPADES TWO,0.5756,0.0496,0.3748
CLUBS FIVE SPADES FIVE,0.2778,0.0808,0.6414
CLUBS FIVE SPADES FOUR,0.538,0.0444,0.4176
CLUBS NINE CLUBS FIVE,0.1994,0.4324,0.3682
CLUBS EIGHT CLUBS FIVE,0.5,0.0408,0.4592
CLUBS ACE CLUBS QUEEN,0.3054,0.0054,0.6892
CLUBS KING CLUBS QUEEN,0.3012,0.0074,0.6914
DIAMONDS FOUR DIAMONDS TEN,0.342,0.029,0.629
CLUBS TEN DIAMONDS NINE,0.2278,0.075,0.6972
DIAMONDS FOUR DIAMONDS JACK,0.3386,0.0172,0.6442
DIAMONDS NINE CLUBS JACK,0.2246,0.058,0.7174
DIAMONDS FOUR DIAMONDS ACE,0.3298,0.006,0.6642
HEARTS FOUR DIAMONDS FOUR,0.283,0.0854,0.6316
DIAMONDS JACK HEARTS TEN,0.2916,0.0148,0.6936
DIAMONDS TWO SPADES TEN,0.3874,0.028,0.5846
DIAMONDS NINE CLUBS ACE,0.2186,0.0242,0.7572
HEARTS FIVE DIAMONDS FOUR,0.5222,0.0446,0.4332
DIAMONDS JACK HEARTS JACK,0.1358,0.0302,0.834
DIAMONDS TWO SPADES JACK,0.3926,0.0178,0.5896
DIAMONDS FOUR DIAMONDS QUEEN,0.3412,0.0144,0.6444
DIAMONDS FOUR HEARTS TWO,0.5808,0.0454,0.3738
DIAMONDS NINE CLUBS QUEEN,0.2202,0.0462,0.7336
DIAMONDS FOUR DIAMONDS KING,0.3524,0.0096,0.638
DIAMONDS FOUR HEARTS THREE,0.614,0.1074,0.2786
DIAMONDS NINE CLUBS KING,0.2232,0.0436,0.7332
HEARTS ACE DIAMONDS JACK,0.3296,0.0042,0.6662
SPADES ACE DIAMONDS TWO,0.377,0.0056,0.6174
HEARTS QUEEN DIAMONDS JACK,0.3086,0.013,0.6784
SPADES QUEEN DIAMONDS TWO,0.392,0.013,0.595
HEARTS KING DIAMONDS JACK,0.3234,0.0056,0.671
SPADES KING DIAMONDS TWO,0.3932,0.0082,0.5986
SPADES JACK SPADES SEVEN,0.3356,0.019,0.6454
SPADES TEN SPADES SEVEN,0.318,0.0298,0.6522
CLUBS SEVEN CLUBS THREE,0.6116,0.1038,0.2846
CLUBS SIX CLUBS THREE,0.6062,0.1036,0.2902
CLUBS FIVE CLUBS THREE,0.574,0.093,0.333
CLUBS THREE CLUBS FOUR,0.5856,0.1042,0.3102
CLUBS NINE CLUBS THREE,0.0188,0.9138,0.0674
CLUBS EIGHT CLUBS THREE,0.6104,0.1004,0.2892
CLUBS THREE SPADES FIVE,0.6088,0.1116,0.2796
CLUBS THREE SPADES FOUR,0.6234,0.1136,0.263
CLUBS THREE SPADES THREE,0.2696,0.0708,0.6596
CLUBS THREE SPADES TWO,0.6396,0.1098,0.2506
CLUBS THREE SPADES SIX,0.6382,0.1054,0.2564
SPADES SEVEN CLUBS THREE,0.6386,0.1016,0.2598
SPADES EIGHT CLUBS THREE,0.6702,0.1054,0.2244
DIAMONDS FOUR SPADES TWO,0.5908,0.0448,0.3644
DIAMONDS FOUR SPADES THREE,0.626,0.105,0.269
DIAMONDS FOUR SPADES FOUR,0.279,0.0888,0.6322
DIAMONDS FOUR SPADES FIVE,0.5226,0.0532,0.4242
DIAMONDS FOUR SPADES SIX,0.5394,0.0452,0.4154
DIAMONDS FOUR SPADES SEVEN,0.5514,0.048,0.4006
DIAMONDS FOUR SPADES EIGHT,0.5574,0.047,0.3956
DIAMONDS FOUR CLUBS FIVE,0.541,0.048,0.411
DIAMONDS FOUR CLUBS FOUR,0.2812,0.085,0.6338
CLUBS SEVEN DIAMONDS FOUR,0.5554,0.0438,0.4008
DIAMONDS FOUR CLUBS SIX,0.5272,0.0468,0.426
CLUBS NINE DIAMONDS FOUR,0.216,0.5252,0.2588
CLUBS EIGHT DIAMONDS FOUR,0.5542,0.0438,0.402
HEARTS SEVEN DIAMONDS FOUR,0.5584,0.0454,0.3962
HEARTS SIX DIAMONDS FOUR,0.5414,0.045,0.4136
DIAMONDS FOUR HEARTS NINE,0.217,0.5172,0.2658
DIAMONDS FOUR HEARTS EIGHT,0.5576,0.0444,0.398
DIAMONDS FOUR CLUBS THREE,0.6224,0.1092,0.2684
DIAMONDS FOUR CLUBS TWO,0.5756,0.047,0.3774
DIAMONDS TEN DIAMONDS FIVE,0.331,0.0276,0.6414
DIAMONDS JACK DIAMONDS FIVE,0.338,0.0172,0.6448
DIAMONDS NINE HEARTS QUEEN,0.2164,0.044,0.7396
DIAMONDS NINE HEARTS KING,0.2204,0.0348,0.7448
HEARTS ACE DIAMONDS NINE,0.2242,0.025,0.7508
DIAMONDS NINE HEARTS TEN,0.2104,0.0752,0.7144
DIAMONDS NINE HEARTS JACK,0.2352,0.0598,0.705
DIAMONDS SIX CLUBS KING,0.351,0.0096,0.6394
DIAMONDS SIX CLUBS QUEEN,0.361,0.011,0.628
CLUBS ACE DIAMONDS SIX,0.3524,0.0048,0.6428
SPADES KING DIAMONDS FOUR,0.3538,0.01,0.6362
SPADES ACE SPADES SEVEN,0.341,0.0054,0.6536
SPADES QUEEN DIAMONDS FOUR,0.34,0.0154,0.6446
SPADES QUEEN SPADES SEVEN,0.3516,0.013,0.6354
DIAMONDS SIX CLUBS JACK,0.3486,0.0204,0.631
SPADES KING SPADES SEVEN,0.3404,0.0056,0.654
SPADES ACE DIAMONDS FOUR,0.3338,0.0054,0.6608
CLUBS TEN DIAMONDS SIX,0.3328,0.0274,0.6398
CLUBS NINE CLUBS FOUR,0.2156,0.4838,0.3006
CLUBS EIGHT CLUBS FOUR,0.513,0.0428,0.4442
SPADES JACK DIAMONDS FOUR,0.3576,0.0184,0.624
DIAMONDS FOUR SPADES TEN,0.3434,0.025,0.6316
CLUBS FIVE CLUBS FOUR,0.502,0.0442,0.4538
CLUBS SEVEN CLUBS FOUR,0.5194,0.0338,0.4468
CLUBS SIX CLUBS FOUR,0.5088,0.0452,0.446
CLUBS SEVEN SPADES EIGHT,0.5298,0.0434,0.4268
CLUBS SEVEN SPADES SIX,0.5256,0.04,0.4344
CLUBS SEVEN SPADES SEVEN,0.2702,0.0624,0.6674
CLUBS SEVEN SPADES FIVE,0.538,0.041,0.421
CLUBS SEVEN SPADES FOUR,0.5592,0.0416,0.3992
CLUBS SEVEN SPADES THREE,0.6554,0.1014,0.2432
CLUBS SEVEN SPADES TWO,0.6014,0.0474,0.3512
CLUBS NINE CLUBS SEVEN,0.2014,0.2804,0.5182
CLUBS SEVEN CLUBS EIGHT,0.4838,0.0416,0.4746
HEARTS SIX DIAMONDS FIVE,0.5272,0.0442,0.4286
HEARTS SEVEN DIAMONDS FIVE,0.5274,0.047,0.4256
DIAMONDS FIVE HEARTS EIGHT,0.5442,0.0424,0.4134
DIAMONDS FIVE HEARTS NINE,0.2136,0.45,0.3364
DIAMONDS QUEEN DIAMONDS FIVE,0.3452,0.0114,0.6434
HEARTS TWO DIAMONDS FIVE,0.5774,0.044,0.3786
HEARTS KING HEARTS EIGHT,0.3426,0.008,0.6494
DIAMONDS KING DIAMONDS FIVE,0.3408,0.01,0.6492
HEARTS THREE DIAMONDS FIVE,0.6196,0.1076,0.2728
HEARTS QUEEN HEARTS EIGHT,0.3166,0.0146,0.6688
DIAMONDS ACE DIAMONDS FIVE,0.338,0.005,0.657
HEARTS FOUR DIAMONDS FIVE,0.538,0.0436,0.4184
HEARTS FIVE DIAMONDS FIVE,0.2686,0.0836,0.6478
HEARTS ACE HEARTS EIGHT,0.3344,0.0044,0.6612
CLUBS FOUR DIAMONDS FIVE,0.5204,0.0454,0.4342
CLUBS FIVE DIAMONDS FIVE,0.262,0.0828,0.6552
CLUBS SIX DIAMONDS FIVE,0.5314,0.0472,0.4214
CLUBS SEVEN DIAMONDS FIVE,0.5438,0.0372,0.419
CLUBS TWO DIAMONDS FIVE,0.5722,0.0464,0.3814
CLUBS THREE DIAMONDS FIVE,0.6082,0.1124,0.2794
SPADES THREE DIAMONDS FIVE,0.6264,0.1082,0.2654
SPADES TWO DIAMONDS FIVE,0.5784,0.0448,0.3768
SPADES JACK DIAMONDS EIGHT,0.322,0.0202,0.6578
SPADES FIVE DIAMONDS FIVE,0.2672,0.0788,0.654
CLUBS TEN HEARTS JACK,0.286,0.017,0.697
SPADES TEN DIAMONDS EIGHT,0.3194,0.0238,0.6568
SPADES FOUR DIAMONDS FIVE,0.545,0.047,0.408
HEARTS JACK CLUBS JACK,0.149,0.0274,0.8236
HEARTS JACK CLUBS QUEEN,0.3264,0.0078,0.6658
CLUBS NINE DIAMONDS FIVE,0.2124,0.4552,0.3324
CLUBS KING HEARTS JACK,0.3306,0.0072,0.6622
CLUBS EIGHT DIAMONDS FIVE,0.538,0.0382,0.4238
CLUBS ACE HEARTS JACK,0.328,0.0038,0.6682
SPADES SEVEN DIAMONDS FIVE,0.5444,0.0454,0.4102
SPADES KING DIAMONDS EIGHT,0.3582,0.009,0.6328
SPADES SIX DIAMONDS FIVE,0.5258,0.0458,0.4284
SPADES QUEEN DIAMONDS EIGHT,0.3342,0.0158,0.65
SPADES EIGHT DIAMONDS FIVE,0.5494,0.044,0.4066
SPADES ACE DIAMONDS EIGHT,0.3382,0.0046,0.6572
DIAMONDS TEN DIAMONDS SIX,0.3244,0.027,0.6486
HEARTS ACE DIAMONDS SEVEN,0.353,0.0046,0.6424
DIAMONDS JACK DIAMONDS SIX,0.3276,0.0164,0.656
HEARTS QUEEN DIAMONDS SEVEN,0.355,0.0106,0.6344
HEARTS KING DIAMONDS SEVEN,0.3624,0.0064,0.6312
DIAMONDS ACE DIAMONDS SIX,0.3468,0.0066,0.6466
HEARTS FOUR DIAMONDS SIX,0.543,0.0426,0.4144
SPADES TWO HEARTS JACK,0.3966,0.0188,0.5846
HEARTS FIVE DIAMONDS SIX,0.5202,0.0416,0.4382
SPADES TWO HEARTS TEN,0.3962,0.0288,0.575
DIAMONDS QUEEN DIAMONDS SIX,0.3478,0.0108,0.6414
HEARTS TWO DIAMONDS SIX,0.5972,0.0448,0.358
DIAMONDS KING DIAMONDS SIX,0.3396,0.0072,0.6532
HEARTS THREE DIAMONDS SIX,0.63,0.1006,0.2694
DIAMONDS SIX HEARTS EIGHT,0.535,0.0428,0.4222
DIAMONDS SIX HEARTS NINE,0.2052,0.3686,0.4262
HEARTS SIX DIAMONDS SIX,0.2812,0.0714,0.6474
HEARTS SEVEN DIAMONDS SIX,0.5284,0.0444,0.4272
HEARTS TEN DIAMONDS SEVEN,0.3378,0.0236,0.6386
CLUBS TWO DIAMONDS SIX,0.5824,0.0466,0.371
HEARTS JACK DIAMONDS SEVEN,0.335,0.016,0.649
CLUBS THREE DIAMONDS SIX,0.6194,0.1096,0.271
CLUBS SEVEN DIAMONDS SIX,0.5234,0.0418,0.4348
DIAMONDS EIGHT CLUBS JACK,0.3352,0.02,0.6448
CLUBS SIX DIAMONDS SIX,0.2774,0.0816,0.641
CLUBS TEN DIAMONDS EIGHT,0.3138,0.0252,0.661
CLUBS FIVE DIAMONDS SIX,0.525,0.0438,0.4312
CLUBS FOUR DIAMONDS SIX,0.5412,0.0398,0.419
HEARTS ACE HEARTS JACK,0.3016,0.004,0.6944
CLUBS ACE DIAMONDS EIGHT,0.3486,0.0056,0.6458
HEARTS QUEEN HEARTS JACK,0.304,0.0086,0.6874
CLUBS KING DIAMONDS EIGHT,0.365,0.0088,0.6262
CLUBS NINE DIAMONDS SIX,0.213,0.369,0.418
HEARTS KING HEARTS JACK,0.3008,0.0088,0.6904
CLUBS QUEEN DIAMONDS EIGHT,0.341,0.0132,0.6458
CLUBS EIGHT DIAMONDS SIX,0.525,0.042,0.433
SPADES TEN HEARTS KING,0.3064,0.0082,0.6854
SPADES FIVE DIAMONDS SIX,0.5248,0.0452,0.43
HEARTS ACE SPADES TWO,0.3922,0.0056,0.6022
SPADES JACK HEARTS KING,0.3182,0.0064,0.6754
SPADES FOUR DIAMONDS SIX,0.538,0.0438,0.4182
SPADES THREE DIAMONDS SIX,0.636,0.114,0.25
HEARTS QUEEN SPADES TWO,0.3952,0.0124,0.5924
SPADES ACE SPADES KING,0.3134,0.0042,0.6824
SPADES TWO HEARTS KING,0.4008,0.0068,0.5924
SPADES TWO DIAMONDS SIX,0.595,0.0456,0.3594
HEARTS TEN HEARTS EIGHT,0.3072,0.0264,0.6664
HEARTS JACK HEARTS EIGHT,0.3194,0.0162,0.6644
SPADES EIGHT DIAMONDS SIX,0.5264,0.0474,0.4262
SPADES SEVEN DIAMONDS SIX,0.5316,0.04,0.4284
SPADES SIX DIAMONDS SIX,0.2682,0.0704,0.6614
SPADES KING HEARTS KING,0.1228,0.0148,0.8624
SPADES QUEEN HEARTS KING,0.3096,0.0066,0.6838
CLUBS ACE CLUBS KING,0.2982,0.0048,0.697
SPADES ACE HEARTS KING,0.325,0.0052,0.6698
SPADES ACE HEARTS JACK,0.321,0.0054,0.6736
SPADES QUEEN HEARTS JACK,0.313,0.0098,0.6772
SPADES KING HEARTS JACK,0.3184,0.0064,0.6752
SPADES TEN DIAMONDS TEN,0.1282,0.0424,0.8294
SPADES JACK DIAMONDS TEN,0.2882,0.017,0.6948
SPADES ACE DIAMONDS TEN,0.3102,0.0054,0.6844
SPADES JACK HEARTS JACK,0.1486,0.0326,0.8188
SPADES TEN HEARTS JACK,0.2892,0.015,0.6958
SPADES QUEEN DIAMONDS TEN,0.2968,0.0118,0.6914
SPADES KING DIAMONDS TEN,0.297,0.0086,0.6944
SPADES EIGHT DIAMONDS SEVEN,0.52,0.0382,0.4418
SPADES SEVEN DIAMONDS SEVEN,0.2622,0.0708,0.667
SPADES SIX DIAMONDS SEVEN,0.5226,0.045,0.4324
DIAMONDS KING DIAMONDS SEVEN,0.3398,0.0078,0.6524
HEARTS THREE DIAMONDS SEVEN,0.6434,0.1014,0.2552
HEARTS KING DIAMONDS FIVE,0.3394,0.008,0.6526
DIAMONDS QUEEN DIAMONDS SEVEN,0.3516,0.01,0.6384
HEARTS TWO DIAMONDS SEVEN,0.6058,0.0456,0.3486
HEARTS QUEEN DIAMONDS FIVE,0.347,0.0114,0.6416
HEARTS FIVE DIAMONDS SEVEN,0.5384,0.0438,0.4178
DIAMONDS ACE DIAMONDS SEVEN,0.3274,0.0048,0.6678
HEARTS FOUR DIAMONDS SEVEN,0.5474,0.0448,0.4078
HEARTS ACE DIAMONDS FIVE,0.3286,0.0056,0.6658
HEARTS SEVEN DIAMONDS SEVEN,0.2534,0.0706,0.676
HEARTS SIX DIAMONDS SEVEN,0.5146,0.0418,0.4436
HEARTS NINE DIAMONDS SEVEN,0.2066,0.3026,0.4908
HEARTS EIGHT DIAMONDS SEVEN,0.5006,0.0458,0.4536
DIAMONDS JACK DIAMONDS SEVEN,0.3324,0.0158,0.6518
HEARTS JACK DIAMONDS FIVE,0.3682,0.0192,0.6126
DIAMONDS TEN DIAMONDS SEVEN,0.332,0.0298,0.6382
HEARTS TEN DIAMONDS FIVE,0.3582,0.0278,0.614
SPADES KING CLUBS TWO,0.3888,0.0104,0.6008
HEARTS KING CLUBS KING,0.146,0.0116,0.8424
CLUBS EIGHT DIAMONDS SEVEN,0.5084,0.0428,0.4488
SPADES QUEEN CLUBS TWO,0.3866,0.0118,0.6016
HEARTS KING CLUBS QUEEN,0.3218,0.0062,0.672
CLUBS NINE DIAMONDS SEVEN,0.2206,0.296,0.4834
SPADES TWO CLUBS JACK,0.398,0.0192,0.5828
SPADES ACE CLUBS TWO,0.3714,0.0062,0.6224
CLUBS TEN SPADES TWO,0.3864,0.0284,0.5852
HEARTS KING CLUBS ACE,0.3288,0.0042,0.667
CLUBS SEVEN CLUBS SIX,0.4882,0.0406,0.4712
SPADES TWO CLUBS KING,0.3908,0.0112,0.598
SPADES TWO DIAMONDS SEVEN,0.6032,0.0458,0.351
CLUBS EIGHT CLUBS SIX,0.4818,0.0404,0.4778
SPADES THREE DIAMONDS SEVEN,0.6462,0.1098,0.244
SPADES TWO CLUBS QUEEN,0.3868,0.0108,0.6024
CLUBS NINE CLUBS SIX,0.2092,0.3566,0.4342
SPADES FOUR DIAMONDS SEVEN,0.5584,0.0452,0.3964
HEARTS KING CLUBS JACK,0.3228,0.0082,0.669
SPADES FIVE DIAMONDS SEVEN,0.5378,0.045,0.4172
SPADES TWO CLUBS ACE,0.3832,0.007,0.6098
CLUBS TEN HEARTS KING,0.3098,0.005,0.6852
CLUBS SIX SPADES TWO,0.6108,0.0492,0.34
CLUBS SIX SPADES THREE,0.628,0.1008,0.2712
CLUBS TWO DIAMONDS SEVEN,0.613,0.046,0.341
CLUBS SIX SPADES FOUR,0.5412,0.0486,0.4102
CLUBS THREE DIAMONDS SEVEN,0.6524,0.1062,0.2414
CLUBS SIX SPADES FIVE,0.5326,0.0436,0.4238
CLUBS FOUR DIAMONDS SEVEN,0.5462,0.0466,0.4072
CLUBS SIX SPADES SIX,0.2802,0.0762,0.6436
CLUBS FIVE DIAMONDS SEVEN,0.5324,0.0414,0.4262
CLUBS SIX SPADES SEVEN,0.5354,0.045,0.4196
CLUBS SIX DIAMONDS SEVEN,0.5102,0.047,0.4428
SPADES EIGHT CLUBS SIX,0.524,0.0422,0.4338
SPADES JACK CLUBS TWO,0.3862,0.0224,0.5914
CLUBS SEVEN DIAMONDS SEVEN,0.2598,0.0688,0.6714
SPADES TEN CLUBS TWO,0.3816,0.0314,0.587
CLUBS TWO CLUBS QUEEN,0.3658,0.0142,0.62
CLUBS TWO CLUBS KING,0.3604,0.0096,0.63
CLUBS THREE DIAMONDS EIGHT,0.6596,0.1018,0.2386
CLUBS TWO CLUBS ACE,0.357,0.0048,0.6382
CLUBS TWO DIAMONDS EIGHT,0.604,0.04,0.356
HEARTS SEVEN DIAMONDS EIGHT,0.5112,0.0378,0.451
HEARTS SIX DIAMONDS EIGHT,0.5192,0.0418,0.439
DIAMONDS EIGHT HEARTS NINE,0.2206,0.2192,0.5602
CLUBS TEN CLUBS TWO,0.3716,0.0234,0.605
HEARTS EIGHT DIAMONDS EIGHT,0.2562,0.06,0.6838
CLUBS TWO CLUBS JACK,0.3632,0.0176,0.6192
CLUBS NINE DIAMONDS EIGHT,0.2186,0.2272,0.5542
CLUBS EIGHT DIAMONDS EIGHT,0.26,0.0612,0.6788
CLUBS FIVE DIAMONDS EIGHT,0.5416,0.0404,0.418
SPADES ACE SPADES THREE,0.2226,0.0228,0.7546
CLUBS FOUR DIAMONDS EIGHT,0.5542,0.039,0.4068
CLUBS SEVEN DIAMONDS EIGHT,0.5048,0.0394,0.4558
SPADES QUEEN SPADES THREE,0.229,0.0504,0.7206
CLUBS SIX DIAMONDS EIGHT,0.5248,0.0398,0.4354
SPADES KING SPADES THREE,0.2344,0.033,0.7326
DIAMONDS QUEEN DIAMONDS EIGHT,0.3242,0.0104,0.6654
HEARTS TWO DIAMONDS EIGHT,0.5942,0.043,0.3628
DIAMONDS KING DIAMONDS EIGHT,0.33,0.0084,0.6616
HEARTS THREE DIAMONDS EIGHT,0.6584,0.103,0.2386
DIAMONDS ACE DIAMONDS EIGHT,0.3348,0.006,0.6592
HEARTS FOUR DIAMONDS EIGHT,0.5492,0.0438,0.407
HEARTS FIVE DIAMONDS EIGHT,0.5316,0.0468,0.4216
DIAMONDS TEN DIAMONDS EIGHT,0.3154,0.0236,0.661
DIAMONDS JACK DIAMONDS EIGHT,0.3294,0.0194,0.6512
SPADES JACK SPADES THREE,0.23,0.0602,0.7098
SPADES TEN SPADES THREE,0.2286,0.0768,0.6946
CLUBS FOUR HEARTS ACE,0.3516,0.0056,0.6428
CLUBS FOUR HEARTS QUEEN,0.3638,0.0152,0.621
CLUBS FOUR HEARTS KING,0.3674,0.006,0.6266
CLUBS SIX HEARTS TEN,0.3374,0.0248,0.6378
CLUBS SIX HEARTS JACK,0.3682,0.0202,0.6116
SPADES FOUR DIAMONDS EIGHT,0.5526,0.047,0.4004
SPADES FIVE DIAMONDS EIGHT,0.5452,0.0458,0.409
SPADES TWO DIAMONDS EIGHT,0.5972,0.043,0.3598
SPADES THREE DIAMONDS EIGHT,0.6682,0.1022,0.2296
CLUBS FOUR HEARTS JACK,0.3654,0.018,0.6166
SPADES EIGHT DIAMONDS EIGHT,0.2468,0.0646,0.6886
SPADES TEN DIAMONDS QUEEN,0.3092,0.011,0.6798
SPADES TEN HEARTS TWO,0.38,0.0264,0.5936
SPADES JACK HEARTS EIGHT,0.3222,0.0156,0.6622
CLUBS FOUR HEARTS TEN,0.367,0.0282,0.6048
SPADES TEN HEARTS EIGHT,0.3232,0.025,0.6518
SPADES JACK HEARTS TWO,0.3734,0.023,0.6036
SPADES JACK DIAMONDS QUEEN,0.3066,0.0108,0.6826
SPADES SIX DIAMONDS EIGHT,0.5264,0.046,0.4276
SPADES SEVEN DIAMONDS EIGHT,0.5136,0.0436,0.4428
SPADES ACE HEARTS TWO,0.3714,0.0078,0.6208
SPADES ACE DIAMONDS QUEEN,0.3298,0.004,0.6662
SPADES ACE HEARTS EIGHT,0.3388,0.0064,0.6548
SPADES KING HEARTS EIGHT,0.3622,0.0066,0.6312
SPADES QUEEN HEARTS TWO,0.383,0.0124,0.6046
SPADES QUEEN DIAMONDS QUEEN,0.1286,0.028,0.8434
SPADES KING DIAMONDS QUEEN,0.3088,0.0068,0.6844
SPADES KING HEARTS TWO,0.383,0.0098,0.6072
SPADES QUEEN HEARTS EIGHT,0.3494,0.0114,0.6392
CLUBS TWO HEARTS TEN,0.3976,0.0288,0.5736
CLUBS TWO HEARTS JACK,0.387,0.0214,0.5916
SPADES SEVEN DIAMONDS NINE,0.2214,0.296,0.4826
SPADES SIX DIAMONDS NINE,0.2114,0.386,0.4026
SPADES EIGHT DIAMONDS NINE,0.2124,0.2336,0.554
SPADES TEN CLUBS KING,0.3122,0.0064,0.6814
DIAMONDS NINE SPADES THREE,0.008,0.9856,0.0064
SPADES JACK CLUBS KING,0.3154,0.007,0.6776
DIAMONDS NINE SPADES TWO,0.2572,0.5348,0.208
SPADES FIVE DIAMONDS NINE,0.2082,0.4734,0.3184
SPADES FOUR DIAMONDS NINE,0.2162,0.5314,0.2524
CLUBS NINE DIAMONDS NINE,0.0832,0.0716,0.8452
CLUBS EIGHT DIAMONDS NINE,0.2078,0.2306,0.5616
CLUBS SIX DIAMONDS NINE,0.2178,0.3774,0.4048
SPADES JACK CLUBS FOUR,0.3532,0.0198,0.627
CLUBS SEVEN DIAMONDS NINE,0.2018,0.3162,0.482
SPADES TEN CLUBS FOUR,0.3678,0.0278,0.6044
CLUBS FOUR DIAMONDS NINE,0.2178,0.517,0.2652
CLUBS FIVE DIAMONDS NINE,0.2044,0.4546,0.341
CLUBS TWO DIAMONDS NINE,0.2608,0.5176,0.2216
CLUBS THREE DIAMONDS NINE,0.0112,0.9724,0.0164
DIAMONDS NINE HEARTS EIGHT,0.2024,0.2348,0.5628
DIAMONDS NINE HEARTS NINE,0.0792,0.0658,0.855
HEARTS SIX DIAMONDS NINE,0.2084,0.3708,0.4208
HEARTS SEVEN DIAMONDS NINE,0.2074,0.2894,0.5032
CLUBS NINE CLUBS EIGHT,0.2108,0.2132,0.576
DIAMONDS ACE DIAMONDS NINE,0.21,0.0294,0.7606
HEARTS FOUR DIAMONDS NINE,0.2048,0.5286,0.2666
HEARTS FIVE DIAMONDS NINE,0.1968,0.4686,0.3346
HEARTS ACE CLUBS TWO,0.3858,0.0062,0.608
SPADES ACE CLUBS FOUR,0.3508,0.0058,0.6434
DIAMONDS NINE DIAMONDS QUEEN,0.2206,0.0482,0.7312
HEARTS TWO DIAMONDS NINE,0.2626,0.5236,0.2138
CLUBS TWO HEARTS KING,0.382,0.0088,0.6092
SPADES KING CLUBS FOUR,0.3602,0.0118,0.628
DIAMONDS KING DIAMONDS NINE,0.213,0.0366,0.7504
HEARTS THREE DIAMONDS NINE,0.0122,0.967,0.0208
CLUBS TWO HEARTS QUEEN,0.3892,0.016,0.5948
SPADES QUEEN CLUBS FOUR,0.372,0.015,0.613
DIAMONDS NINE DIAMONDS JACK,0.2176,0.0616,0.7208
DIAMONDS TEN DIAMONDS NINE,0.2234,0.074,0.7026
CLUBS EIGHT SPADES EIGHT,0.2678,0.062,0.6702
CLUBS EIGHT SPADES SEVEN,0.5128,0.0414,0.4458
CLUBS EIGHT SPADES SIX,0.5408,0.0456,0.4136
CLUBS EIGHT SPADES FIVE,0.5404,0.0444,0.4152
CLUBS EIGHT SPADES FOUR,0.567,0.0462,0.3868
CLUBS EIGHT SPADES THREE,0.6618,0.111,0.2272
CLUBS EIGHT SPADES TWO,0.6042,0.0502,0.3456
HEARTS SIX DIAMONDS TEN,0.341,0.0286,0.6304
HEARTS SEVEN DIAMONDS TEN,0.3324,0.0306,0.637
DIAMONDS TEN HEARTS EIGHT,0.3214,0.0226,0.656
CLUBS FOUR CLUBS JACK,0.3282,0.017,0.6548
DIAMONDS TEN HEARTS NINE,0.2302,0.0754,0.6944
CLUBS TEN CLUBS FOUR,0.3368,0.0274,0.6358
CLUBS FOUR CLUBS KING,0.34,0.0074,0.6526
CLUBS FOUR CLUBS QUEEN,0.334,0.0146,0.6514
DIAMONDS TEN CLUBS TWO,0.3804,0.029,0.5906
CLUBS THREE DIAMONDS TEN,0.2304,0.0806,0.689
CLUBS FOUR CLUBS ACE,0.3348,0.0042,0.661
DIAMONDS TEN DIAMONDS JACK,0.2838,0.0162,0.7
DIAMONDS TEN DIAMONDS QUEEN,0.2956,0.0102,0.6942
HEARTS TWO DIAMONDS TEN,0.3794,0.0276,0.593
DIAMONDS KING DIAMONDS TEN,0.3002,0.0076,0.6922
HEARTS THREE DIAMONDS TEN,0.235,0.0764,0.6886
DIAMONDS ACE DIAMONDS TEN,0.2982,0.0046,0.6972
HEARTS FOUR DIAMONDS TEN,0.3532,0.0252,0.6216
CLUBS EIGHT HEARTS JACK,0.3402,0.017,0.6428
HEARTS FIVE DIAMONDS TEN,0.3638,0.026,0.6102
CLUBS EIGHT HEARTS TEN,0.3154,0.0224,0.6622
CLUBS EIGHT HEARTS QUEEN,0.333,0.012,0.655
CLUBS EIGHT HEARTS KING,0.3568,0.0072,0.636
CLUBS EIGHT HEARTS ACE,0.358,0.003,0.639
CLUBS NINE SPADES THREE,0.0196,0.9682,0.0122
CLUBS NINE SPADES TWO,0.259,0.5326,0.2084
CLUBS NINE SPADES FIVE,0.2232,0.4438,0.333
CLUBS NINE SPADES FOUR,0.235,0.5066,0.2584
CLUBS NINE SPADES SEVEN,0.2262,0.2982,0.4756
CLUBS NINE SPADES SIX,0.2116,0.3696,0.4188
CLUBS TEN HEARTS EIGHT,0.3094,0.0232,0.6674
CLUBS NINE SPADES EIGHT,0.2248,0.232,0.5432
HEARTS EIGHT CLUBS JACK,0.352,0.0192,0.6288
CLUBS QUEEN HEARTS EIGHT,0.3584,0.0112,0.6304
CLUBS KING HEARTS EIGHT,0.3526,0.0068,0.6406
CLUBS ACE HEARTS EIGHT,0.3452,0.0036,0.6512
SPADES KING CLUBS KING,0.1348,0.014,0.8512
SPADES QUEEN CLUBS KING,0.3092,0.0088,0.682
SPADES ACE CLUBS KING,0.3252,0.0052,0.6696
DIAMONDS ACE HEARTS TEN,0.3216,0.003,0.6754
HEARTS FOUR HEARTS TEN,0.3218,0.0258,0.6524
DIAMONDS ACE HEARTS JACK,0.3174,0.0036,0.679
HEARTS FOUR HEARTS JACK,0.3444,0.0194,0.6362
SPADES KING CLUBS FIVE,0.3512,0.0086,0.6402
SPADES QUEEN CLUBS FIVE,0.3652,0.0128,0.622
SPADES ACE CLUBS FIVE,0.337,0.0044,0.6586
HEARTS SEVEN DIAMONDS JACK,0.3364,0.016,0.6476
HEARTS SIX DIAMONDS JACK,0.3656,0.0186,0.6158
DIAMONDS JACK HEARTS NINE,0.2226,0.0586,0.7188
DIAMONDS JACK HEARTS EIGHT,0.3374,0.0148,0.6478
DIAMONDS KING DIAMONDS JACK,0.3018,0.007,0.6912
HEARTS THREE DIAMONDS JACK,0.2292,0.0664,0.7044
SPADES ACE SPADES SIX,0.344,0.0048,0.6512
HEARTS ACE SPADES FOUR,0.3482,0.0062,0.6456
DIAMONDS QUEEN DIAMONDS JACK,0.3036,0.0118,0.6846
HEARTS TWO DIAMONDS JACK,0.3896,0.02,0.5904
HEARTS FIVE DIAMONDS JACK,0.3564,0.02,0.6236
SPADES QUEEN SPADES SIX,0.3366,0.0102,0.6532
SPADES FOUR HEARTS QUEEN,0.3764,0.0094,0.6142
DIAMONDS ACE DIAMONDS JACK,0.3026,0.0056,0.6918
HEARTS FOUR DIAMONDS JACK,0.3412,0.018,0.6408
SPADES KING SPADES SIX,0.3476,0.0066,0.6458
SPADES FOUR HEARTS KING,0.3682,0.007,0.6248
SPADES TEN SPADES SIX,0.333,0.0242,0.6428
SPADES JACK SPADES SIX,0.3314,0.0188,0.6498
SPADES FOUR DIAMONDS JACK,0.36,0.019,0.621
SPADES FIVE DIAMONDS JACK,0.3712,0.0188,0.61
SPADES TWO DIAMONDS JACK,0.3854,0.0174,0.5972
SPADES THREE DIAMONDS JACK,0.2338,0.0596,0.7066
CLUBS EIGHT DIAMONDS JACK,0.3332,0.0188,0.648
CLUBS NINE DIAMONDS JACK,0.2222,0.0608,0.717
CLUBS SIX DIAMONDS JACK,0.347,0.0146,0.6384
CLUBS SEVEN DIAMONDS JACK,0.338,0.016,0.646
CLUBS FOUR DIAMONDS JACK,0.3528,0.0184,0.6288
CLUBS FIVE DIAMONDS JACK,0.3576,0.0182,0.6242
CLUBS TWO DIAMONDS JACK,0.3838,0.0236,0.5926
CLUBS THREE DIAMONDS JACK,0.2326,0.063,0.7044
SPADES TEN CLUBS FIVE,0.3484,0.0304,0.6212
SPADES JACK HEARTS SIX,0.347,0.0178,0.6352
HEARTS SIX SPADES TEN,0.3474,0.029,0.6236
SPADES JACK CLUBS FIVE,0.3512,0.0168,0.632
CLUBS SEVEN CLUBS ACE,0.3288,0.0054,0.6658
CLUBS SEVEN CLUBS QUEEN,0.3424,0.0106,0.647
CLUBS SEVEN CLUBS KING,0.3348,0.0058,0.6594
CLUBS TEN CLUBS SEVEN,0.3148,0.023,0.6622
DIAMONDS ACE HEARTS ACE,0.122,0.005,0.873
HEARTS FOUR HEARTS ACE,0.333,0.0056,0.6614
SPADES EIGHT DIAMONDS JACK,0.3504,0.0162,0.6334
SPADES ACE HEARTS SIX,0.3422,0.0052,0.6526
CLUBS SEVEN CLUBS JACK,0.3222,0.0206,0.6572
DIAMONDS ACE HEARTS KING,0.3168,0.0062,0.677
HEARTS FOUR HEARTS KING,0.3466,0.0098,0.6436
SPADES SEVEN DIAMONDS JACK,0.3674,0.022,0.6106
SPADES KING HEARTS SIX,0.3672,0.0082,0.6246
DIAMONDS ACE HEARTS QUEEN,0.3202,0.0042,0.6756
HEARTS FOUR HEARTS QUEEN,0.34,0.0156,0.6444
SPADES SIX DIAMONDS JACK,0.342,0.019,0.639
SPADES QUEEN HEARTS SIX,0.3684,0.012,0.6196
DIAMONDS TEN SPADES TWO,0.383,0.0326,0.5844
DIAMONDS TEN SPADES THREE,0.2362,0.0744,0.6894
DIAMONDS TEN SPADES FOUR,0.3464,0.0318,0.6218
SPADES FIVE DIAMONDS TEN,0.3546,0.0258,0.6196
SPADES SIX DIAMONDS TEN,0.3486,0.0266,0.6248
SPADES SEVEN DIAMONDS TEN,0.3428,0.0296,0.6276
SPADES EIGHT DIAMONDS TEN,0.325,0.024,0.651
CLUBS FOUR DIAMONDS TEN,0.3618,0.0288,0.6094
CLUBS FIVE DIAMONDS TEN,0.3496,0.0288,0.6216
CLUBS SIX DIAMONDS TEN,0.3438,0.0342,0.622
CLUBS SEVEN DIAMONDS TEN,0.3362,0.0282,0.6356
CLUBS EIGHT DIAMONDS TEN,0.3258,0.022,0.6522
CLUBS NINE DIAMONDS TEN,0.2214,0.0736,0.705
SPADES FOUR HEARTS JACK,0.361,0.023,0.616
SPADES FOUR HEARTS TEN,0.359,0.0292,0.6118
SPADES FIVE SPADES TWO,0.56,0.0458,0.3942
SPADES FOUR SPADES TWO,0.5598,0.0528,0.3874
SPADES THREE SPADES TWO,0.6174,0.1022,0.2804
SPADES EIGHT SPADES TWO,0.5628,0.0396,0.3976
SPADES SEVEN SPADES TWO,0.577,0.0402,0.3828
SPADES SIX SPADES TWO,0.5654,0.0506,0.384
CLUBS THREE DIAMONDS QUEEN,0.2458,0.0424,0.7118
CLUBS THREE HEARTS TWO,0.62,0.1204,0.2596
CLUBS TWO DIAMONDS QUEEN,0.3896,0.015,0.5954
HEARTS TWO CLUBS TWO,0.3658,0.0912,0.543
HEARTS SEVEN DIAMONDS QUEEN,0.3606,0.012,0.6274
HEARTS SEVEN HEARTS TWO,0.5632,0.0458,0.391
HEARTS SIX DIAMONDS QUEEN,0.3572,0.0096,0.6332
HEARTS SIX HEARTS TWO,0.5646,0.0398,0.3956
DIAMONDS QUEEN HEARTS NINE,0.2136,0.0468,0.7396
HEARTS TWO HEARTS NINE,0.255,0.477,0.268
DIAMONDS QUEEN HEARTS EIGHT,0.3426,0.013,0.6444
HEARTS TWO HEARTS EIGHT,0.5672,0.0406,0.3922
CLUBS NINE HEARTS TWO,0.2666,0.5176,0.2158
CLUBS NINE DIAMONDS QUEEN,0.2184,0.0518,0.7298
CLUBS EIGHT HEARTS TWO,0.5924,0.0456,0.362
CLUBS EIGHT DIAMONDS QUEEN,0.3536,0.0114,0.635
CLUBS FIVE DIAMONDS QUEEN,0.3424,0.0138,0.6438
CLUBS FIVE HEARTS TWO,0.5784,0.0494,0.3722
SPADES EIGHT HEARTS ACE,0.3554,0.0044,0.6402
CLUBS FOUR DIAMONDS QUEEN,0.3684,0.0136,0.618
CLUBS FOUR HEARTS TWO,0.5882,0.046,0.3658
CLUBS SEVEN DIAMONDS QUEEN,0.3596,0.0124,0.628
CLUBS SEVEN HEARTS TWO,0.5928,0.0438,0.3634
SPADES EIGHT HEARTS QUEEN,0.3596,0.0102,0.6302
CLUBS SIX DIAMONDS QUEEN,0.3638,0.0098,0.6264
CLUBS SIX HEARTS TWO,0.5984,0.0428,0.3588
SPADES EIGHT HEARTS KING,0.3668,0.0106,0.6226
SPADES SIX DIAMONDS QUEEN,0.3556,0.013,0.6314
SPADES SIX HEARTS TWO,0.5878,0.0462,0.366
HEARTS FOUR CLUBS QUEEN,0.3604,0.0114,0.6282
DIAMONDS ACE CLUBS QUEEN,0.3212,0.005,0.6738
SPADES SEVEN DIAMONDS QUEEN,0.348,0.0128,0.6392
SPADES SEVEN HEARTS TWO,0.606,0.0424,0.3516
HEARTS FOUR CLUBS KING,0.3586,0.0056,0.6358
DIAMONDS ACE CLUBS KING,0.3236,0.0044,0.672
SPADES EIGHT DIAMONDS QUEEN,0.3508,0.0132,0.636
SPADES EIGHT HEARTS TWO,0.5936,0.0508,0.3556
HEARTS FOUR CLUBS ACE,0.3564,0.0044,0.6392
DIAMONDS ACE CLUBS ACE,0.1158,0.003,0.8812
HEARTS TWO SPADES TWO,0.3656,0.0912,0.5432
DIAMONDS QUEEN SPADES TWO,0.393,0.0132,0.5938
HEARTS TWO SPADES THREE,0.64,0.1098,0.2502
SPADES THREE DIAMONDS QUEEN,0.2388,0.0478,0.7134
HEARTS TWO SPADES FOUR,0.5938,0.0514,0.3548
SPADES FOUR DIAMONDS QUEEN,0.3554,0.0144,0.6302
CLUBS TEN HEARTS FOUR,0.3598,0.023,0.6172
CLUBS TEN DIAMONDS ACE,0.3174,0.0032,0.6794
HEARTS TWO SPADES FIVE,0.5754,0.0454,0.3792
SPADES FIVE DIAMONDS QUEEN,0.3566,0.0104,0.633
HEARTS FOUR CLUBS JACK,0.359,0.0198,0.6212
DIAMONDS ACE CLUBS JACK,0.3246,0.006,0.6694
CLUBS FIVE CLUBS KING,0.3354,0.0072,0.6574
CLUBS FIVE CLUBS QUEEN,0.334,0.0098,0.6562
CLUBS FIVE CLUBS ACE,0.3264,0.0058,0.6678
CLUBS FIVE CLUBS JACK,0.3282,0.0196,0.6522
CLUBS TEN CLUBS FIVE,0.3298,0.0288,0.6414
SPADES KING CLUBS JACK,0.3118,0.0062,0.682
SPADES QUEEN CLUBS JACK,0.3134,0.0084,0.6782
SPADES ACE CLUBS JACK,0.3224,0.0038,0.6738
SPADES SIX CLUBS KING,0.3468,0.0096,0.6436
SPADES SIX CLUBS QUEEN,0.363,0.014,0.623
SPADES EIGHT HEARTS JACK,0.3318,0.0212,0.647
SPADES SIX CLUBS ACE,0.3652,0.0056,0.6292
SPADES EIGHT HEARTS TEN,0.3256,0.027,0.6474
SPADES SIX CLUBS JACK,0.364,0.0182,0.6178
CLUBS TEN SPADES SIX,0.3582,0.0284,0.6134
SPADES TEN CLUBS JACK,0.302,0.0142,0.6838
SPADES JACK CLUBS JACK,0.1324,0.0298,0.8378
SPADES QUEEN CLUBS SEVEN,0.3636,0.0124,0.624
SPADES KING CLUBS SEVEN,0.3536,0.0072,0.6392
SPADES ACE CLUBS SEVEN,0.3552,0.0038,0.641
SPADES SIX HEARTS TEN,0.3528,0.0278,0.6194
SPADES SIX HEARTS JACK,0.3624,0.0212,0.6164
SPADES SIX HEARTS ACE,0.3604,0.0048,0.6348
SPADES SIX HEARTS KING,0.3698,0.0086,0.6216
SPADES SIX HEARTS QUEEN,0.3644,0.0134,0.6222
CLUBS SEVEN SPADES JACK,0.3482,0.0216,0.6302
CLUBS SEVEN SPADES TEN,0.334,0.029,0.637
CLUBS TEN HEARTS SIX,0.3384,0.0226,0.639
HEARTS SIX CLUBS JACK,0.3628,0.0162,0.621
CLUBS ACE CLUBS JACK,0.2892,0.0032,0.7076
HEARTS SIX CLUBS QUEEN,0.3474,0.0102,0.6424
HEARTS SIX CLUBS KING,0.3504,0.0076,0.642
HEARTS SIX CLUBS ACE,0.3532,0.004,0.6428
CLUBS QUEEN CLUBS JACK,0.291,0.0106,0.6984
CLUBS KING CLUBS JACK,0.3014,0.0062,0.6924
CLUBS FIVE HEARTS JACK,0.368,0.0176,0.6144
SPADES TEN DIAMONDS ACE,0.3014,0.0058,0.6928
HEARTS FOUR SPADES TEN,0.3388,0.0294,0.6318
CLUBS FIVE HEARTS TEN,0.3504,0.0278,0.6218
HEARTS FOUR SPADES JACK,0.3504,0.0194,0.6302
SPADES JACK DIAMONDS ACE,0.3066,0.0054,0.688
SPADES ACE HEARTS FOUR,0.3454,0.0068,0.6478
SPADES ACE DIAMONDS ACE,0.107,0.0048,0.8882
CLUBS FIVE HEARTS ACE,0.351,0.0036,0.6454
CLUBS FIVE HEARTS KING,0.3554,0.007,0.6376
HEARTS FOUR SPADES QUEEN,0.353,0.0148,0.6322
SPADES QUEEN DIAMONDS ACE,0.3218,0.0064,0.6718
SPADES FOUR CLUBS JACK,0.3734,0.0136,0.613
CLUBS FIVE HEARTS QUEEN,0.363,0.0128,0.6242
SPADES KING DIAMONDS ACE,0.3194,0.0058,0.6748
SPADES KING HEARTS FOUR,0.3528,0.0094,0.6378
CLUBS TEN SPADES FOUR,0.3712,0.031,0.5978
DIAMONDS ACE DIAMONDS QUEEN,0.3082,0.005,0.6868
DIAMONDS ACE HEARTS TWO,0.3764,0.0066,0.617
HEARTS FOUR DIAMONDS QUEEN,0.3706,0.0126,0.6168
HEARTS FOUR HEARTS TWO,0.5454,0.0528,0.4018
SPADES FOUR CLUBS KING,0.3658,0.0108,0.6234
HEARTS FIVE DIAMONDS QUEEN,0.3656,0.0148,0.6196
HEARTS FIVE HEARTS TWO,0.5394,0.047,0.4136
SPADES FOUR CLUBS QUEEN,0.3608,0.0118,0.6274
HEARTS TWO DIAMONDS QUEEN,0.3844,0.013,0.6026
DIAMONDS KING DIAMONDS QUEEN,0.3184,0.0078,0.6738
DIAMONDS KING HEARTS TWO,0.396,0.0056,0.5984
HEARTS THREE DIAMONDS QUEEN,0.2342,0.0416,0.7242
HEARTS THREE HEARTS TWO,0.5958,0.107,0.2972
SPADES FOUR CLUBS ACE,0.3614,0.0042,0.6344
HEARTS TWO CLUBS ACE,0.3852,0.0042,0.6106
DIAMONDS QUEEN CLUBS ACE,0.3254,0.0056,0.669
HEARTS TWO CLUBS QUEEN,0.394,0.012,0.594
DIAMONDS QUEEN CLUBS QUEEN,0.1312,0.022,0.8468
HEARTS TWO CLUBS KING,0.3806,0.0092,0.6102
DIAMONDS QUEEN CLUBS KING,0.3184,0.0068,0.6748
SPADES EIGHT SPADES FIVE,0.5246,0.0422,0.4332
CLUBS TEN HEARTS TWO,0.3874,0.0274,0.5852
CLUBS TEN DIAMONDS QUEEN,0.3016,0.0124,0.686
HEARTS TWO CLUBS JACK,0.3916,0.0204,0.588
DIAMONDS QUEEN CLUBS JACK,0.3084,0.01,0.6816
SPADES SIX SPADES FIVE,0.5106,0.0366,0.4528
SPADES SEVEN SPADES FIVE,0.5214,0.0402,0.4384
DIAMONDS FIVE CLUBS QUEEN,0.3492,0.0108,0.64
SPADES EIGHT CLUBS ACE,0.353,0.0042,0.6428
CLUBS KING DIAMONDS FIVE,0.3514,0.01,0.6386
SPADES EIGHT CLUBS KING,0.3604,0.0062,0.6334
CLUBS ACE DIAMONDS FIVE,0.337,0.0046,0.6584
SPADES EIGHT CLUBS QUEEN,0.3546,0.0112,0.6342
SPADES EIGHT CLUBS JACK,0.3408,0.0186,0.6406
CLUBS TEN SPADES EIGHT,0.3172,0.0224,0.6604
CLUBS TEN DIAMONDS FIVE,0.356,0.0308,0.6132
DIAMONDS FIVE CLUBS JACK,0.3554,0.018,0.6266
DIAMONDS TEN HEARTS JACK,0.294,0.0146,0.6914
DIAMONDS TEN HEARTS TEN,0.1406,0.0414,0.818
SPADES ACE CLUBS NINE,0.2154,0.0274,0.7572
CLUBS NINE SPADES QUEEN,0.215,0.0538,0.7312
CLUBS NINE SPADES KING,0.2274,0.0414,0.7312
HEARTS SIX HEARTS KING,0.3368,0.0086,0.6546
DIAMONDS KING SPADES SEVEN,0.3646,0.0076,0.6278
SPADES SEVEN HEARTS THREE,0.6532,0.1046,0.2422
SPADES KING DIAMONDS SEVEN,0.3374,0.0098,0.6528
HEARTS SIX HEARTS QUEEN,0.3296,0.0106,0.6598
DIAMONDS KING SPADES SIX,0.3528,0.008,0.6392
HEARTS THREE SPADES SIX,0.653,0.1056,0.2414
SPADES QUEEN DIAMONDS SEVEN,0.3482,0.0128,0.639
HEARTS SIX HEARTS ACE,0.3226,0.004,0.6734
SPADES EIGHT DIAMONDS KING,0.3548,0.01,0.6352
SPADES EIGHT HEARTS THREE,0.6658,0.1052,0.229
SPADES ACE DIAMONDS SEVEN,0.3402,0.006,0.6538
CLUBS NINE HEARTS THREE,0.0194,0.9612,0.0194
CLUBS NINE DIAMONDS KING,0.2246,0.035,0.7404
CLUBS EIGHT HEARTS THREE,0.6516,0.1098,0.2386
CLUBS EIGHT DIAMONDS KING,0.3566,0.008,0.6354
HEARTS THREE SPADES THREE,0.2708,0.0682,0.661
DIAMONDS KING SPADES THREE,0.2366,0.0358,0.7276
HEARTS THREE SPADES TWO,0.6308,0.1078,0.2614
DIAMONDS KING SPADES TWO,0.3898,0.0106,0.5996
HEARTS THREE SPADES FIVE,0.6146,0.113,0.2724
DIAMONDS KING SPADES FIVE,0.3388,0.01,0.6512
HEARTS THREE SPADES FOUR,0.6292,0.1028,0.268
DIAMONDS KING SPADES FOUR,0.3686,0.0088,0.6226
DIAMONDS KING CLUBS TWO,0.393,0.0092,0.5978
HEARTS THREE CLUBS TWO,0.6444,0.106,0.2496
DIAMONDS KING CLUBS THREE,0.2374,0.0328,0.7298
CLUBS THREE HEARTS THREE,0.271,0.0652,0.6638
DIAMONDS KING CLUBS FOUR,0.348,0.008,0.644
HEARTS THREE CLUBS FOUR,0.6206,0.0968,0.2826
CLUBS FIVE DIAMONDS KING,0.3634,0.0096,0.627
CLUBS FIVE HEARTS THREE,0.6094,0.1064,0.2842
CLUBS SIX DIAMONDS KING,0.3608,0.0088,0.6304
CLUBS SIX HEARTS THREE,0.6284,0.101,0.2706
