opposingHand,winningChance,drawChance,lostChance
DIAMONDS EIGHT DIAMONDS SIX
DIAMONDS QUEEN SPADES TWO,0.466,0.0126,0.5214
DIAMONDS ACE CLUBS KING,0.3906,0.0052,0.6042
HEARTS FOUR CLUBS THREE,0.616,0.0606,0.3234
HEARTS SIX HEARTS KING,0.3096,0.035,0.6554
SPADES FOUR HEARTS ACE,0.456,0.0052,0.5388
HEARTS SIX HEARTS NINE,0.2704,0.1012,0.6284
SPADES KING DIAMONDS JACK,0.3872,0.0076,0.6052
CLUBS EIGHT SPADES TWO,0.4478,0.346,0.2062
SPADES JACK HEARTS THREE,0.4744,0.0162,0.5094
CLUBS EIGHT CLUBS ACE,0.2868,0.0262,0.687
CLUBS SEVEN HEARTS JACK,0.4306,0.0152,0.5542
HEARTS FOUR CLUBS ACE,0.4508,0.0052,0.544
DIAMONDS THREE SPADES FIVE,0.626,0.062,0.312
HEARTS SEVEN HEARTS QUEEN,0.4004,0.0122,0.5874
HEARTS SIX DIAMONDS FIVE,0.6074,0.1422,0.2504
SPADES JACK DIAMONDS KING,0.3836,0.0064,0.61
CLUBS JACK CLUBS NINE,0.358,0.0136,0.6284
CLUBS SEVEN HEARTS FOUR,0.6172,0.0598,0.323
DIAMONDS KING HEARTS NINE,0.3878,0.0062,0.606
CLUBS SEVEN DIAMONDS TEN,0.3938,0.026,0.5802
CLUBS TEN HEARTS TEN,0.2176,0.0442,0.7382
DIAMONDS ACE DIAMONDS NINE,0.3354,0.0078,0.6568
SPADES FOUR CLUBS ACE,0.451,0.005,0.544
DIAMONDS TWO HEARTS QUEEN,0.46,0.0146,0.5254
SPADES FOUR HEARTS NINE,0.4622,0.0394,0.4984
CLUBS EIGHT DIAMONDS TEN,0.2904,0.0692,0.6404
HEARTS EIGHT CLUBS SIX,0.0674,0.9112,0.0214
SPADES EIGHT HEARTS TEN,0.2968,0.081,0.6222
SPADES ACE HEARTS SEVEN,0.4084,0.0042,0.5874
DIAMONDS JACK DIAMONDS SEVEN,0.3618,0.0164,0.6218
SPADES ACE CLUBS JACK,0.4016,0.0042,0.5942
DIAMONDS THREE DIAMONDS FIVE,0.6066,0.0648,0.3286
SPADES KING CLUBS THREE,0.4678,0.007,0.5252
CLUBS SEVEN DIAMONDS QUEEN,0.4132,0.0096,0.5772
CLUBS FOUR DIAMONDS ACE,0.4294,0.0044,0.5662
SPADES QUEEN HEARTS TEN,0.387,0.0082,0.6048
SPADES NINE SPADES EIGHT,0.272,0.1068,0.6212
HEARTS THREE HEARTS QUEEN,0.4472,0.0104,0.5424
SPADES KING HEARTS SIX,0.3242,0.0328,0.643
SPADES TEN CLUBS THREE,0.4588,0.0274,0.5138
SPADES SEVEN DIAMONDS JACK,0.4128,0.0178,0.5694
CLUBS JACK DIAMONDS FOUR,0.4378,0.0198,0.5424
CLUBS EIGHT HEARTS QUEEN,0.319,0.0438,0.6372
SPADES JACK DIAMONDS QUEEN,0.3674,0.0094,0.6232
DIAMONDS TWO CLUBS FIVE,0.6262,0.0622,0.3116
SPADES ACE CLUBS TEN,0.4056,0.0042,0.5902
SPADES ACE DIAMONDS TWO,0.45,0.004,0.546
DIAMONDS THREE SPADES THREE,0.4332,0.0864,0.4804
HEARTS FIVE HEARTS KING,0.4248,0.0098,0.5654
SPADES KING SPADES THREE,0.4226,0.0082,0.5692
SPADES TEN DIAMONDS JACK,0.3714,0.0154,0.6132
CLUBS THREE SPADES TWO,0.6172,0.0624,0.3204
CLUBS FIVE DIAMONDS JACK,0.4414,0.0206,0.538
HEARTS TWO DIAMONDS NINE,0.442,0.0424,0.5156
CLUBS NINE CLUBS TWO,0.4322,0.0398,0.528
DIAMONDS TWO DIAMONDS TEN,0.4132,0.0268,0.56
DIAMONDS TWO HEARTS FOUR,0.6136,0.0654,0.321
HEARTS SIX SPADES TEN,0.3148,0.0674,0.6178
DIAMONDS TEN HEARTS NINE,0.3508,0.0204,0.6288
DIAMONDS NINE HEARTS NINE,0.1874,0.058,0.7546
DIAMONDS ACE DIAMONDS FOUR,0.4014,0.0052,0.5934
CLUBS THREE DIAMONDS QUEEN,0.46,0.0152,0.5248
HEARTS EIGHT CLUBS TWO,0.4382,0.3578,0.204
SPADES EIGHT CLUBS ACE,0.3192,0.0244,0.6564
SPADES FIVE CLUBS QUEEN,0.4404,0.0104,0.5492
HEARTS ACE CLUBS ACE,0.208,0.0042,0.7878
DIAMONDS THREE CLUBS ACE,0.4464,0.0058,0.5478
CLUBS NINE DIAMONDS FIVE,0.4404,0.0436,0.516
CLUBS TEN HEARTS NINE,0.377,0.026,0.597
SPADES ACE DIAMONDS TEN,0.3854,0.0042,0.6104
SPADES SIX CLUBS QUEEN,0.3244,0.0436,0.632
CLUBS EIGHT DIAMONDS FOUR,0.4252,0.358,0.2168
SPADES SIX CLUBS KING,0.3182,0.0364,0.6454
CLUBS FIVE CLUBS THREE,0.577,0.0642,0.3588
DIAMONDS ACE HEARTS TEN,0.3688,0.0054,0.6258
DIAMONDS FIVE DIAMONDS FOUR,0.6012,0.0664,0.3324
DIAMONDS TEN DIAMONDS NINE,0.3324,0.0244,0.6432
CLUBS EIGHT DIAMONDS JACK,0.2812,0.0588,0.66
HEARTS EIGHT DIAMONDS THREE,0.4542,0.3468,0.199
HEARTS TWO CLUBS ACE,0.452,0.0036,0.5444
SPADES NINE HEARTS KING,0.4008,0.0088,0.5904
SPADES SEVEN HEARTS NINE,0.393,0.043,0.564
DIAMONDS JACK CLUBS QUEEN,0.3726,0.0086,0.6188
HEARTS SEVEN HEARTS KING,0.3936,0.0072,0.5992
SPADES TEN DIAMONDS QUEEN,0.3826,0.0098,0.6076
DIAMONDS TWO DIAMONDS JACK,0.4176,0.0186,0.5638
DIAMONDS TWO HEARTS TEN,0.4748,0.0262,0.499
HEARTS FOUR DIAMONDS FIVE,0.6024,0.0654,0.3322
SPADES FIVE DIAMONDS JACK,0.4414,0.0192,0.5394
SPADES NINE CLUBS QUEEN,0.3848,0.0104,0.6048
CLUBS FOUR DIAMONDS SEVEN,0.605,0.066,0.329
SPADES ACE HEARTS ACE,0.2124,0.004,0.7836
CLUBS EIGHT HEARTS JACK,0.2948,0.0618,0.6434
CLUBS FIVE DIAMONDS FIVE,0.4078,0.0906,0.5016
DIAMONDS THREE SPADES KING,0.4522,0.007,0.5408
SPADES THREE DIAMONDS FOUR,0.6158,0.0614,0.3228
SPADES ACE SPADES TEN,0.3614,0.0038,0.6348
HEARTS SEVEN DIAMONDS TEN,0.3912,0.025,0.5838
HEARTS SIX CLUBS FIVE,0.6084,0.138,0.2536
HEARTS SIX HEARTS QUEEN,0.3014,0.0444,0.6542
HEARTS SEVEN DIAMONDS FOUR,0.607,0.061,0.332
CLUBS FIVE HEARTS TWO,0.6316,0.0702,0.2982
DIAMONDS KING HEARTS KING,0.2048,0.0162,0.779
CLUBS THREE HEARTS TEN,0.4718,0.0274,0.5008
SPADES SIX HEARTS TEN,0.3094,0.0732,0.6174
SPADES EIGHT HEARTS KING,0.3226,0.0306,0.6468
SPADES JACK CLUBS KING,0.3952,0.0064,0.5984
HEARTS SEVEN SPADES TWO,0.6302,0.0618,0.308
CLUBS TEN DIAMONDS SEVEN,0.3972,0.0252,0.5776
CLUBS FIVE DIAMONDS FOUR,0.6064,0.0678,0.3258
HEARTS TWO CLUBS THREE,0.6236,0.0622,0.3142
HEARTS FIVE HEARTS TWO,0.599,0.0626,0.3384
HEARTS EIGHT SPADES SEVEN,0.2596,0.2926,0.4478
SPADES FOUR SPADES THREE,0.5692,0.0596,0.3712
HEARTS EIGHT HEARTS JACK,0.2754,0.0532,0.6714
DIAMONDS THREE CLUBS SEVEN,0.6098,0.0708,0.3194
CLUBS FIVE DIAMONDS TEN,0.4538,0.0282,0.518
SPADES FOUR DIAMONDS FOUR,0.4132,0.0876,0.4992
DIAMONDS ACE CLUBS ACE,0.1942,0.0034,0.8024
HEARTS ACE SPADES THREE,0.4714,0.0054,0.5232
CLUBS NINE HEARTS JACK,0.383,0.0126,0.6044
SPADES KING HEARTS JACK,0.3968,0.0064,0.5968
CLUBS ACE CLUBS QUEEN,0.369,0.003,0.628
SPADES EIGHT CLUBS QUEEN,0.3052,0.0414,0.6534
SPADES EIGHT HEARTS JACK,0.2978,0.0622,0.64
HEARTS TWO DIAMONDS FIVE,0.6162,0.063,0.3208
CLUBS TWO DIAMONDS JACK,0.4572,0.0172,0.5256
CLUBS FIVE SPADES FOUR,0.6138,0.0588,0.3274
DIAMONDS NINE DIAMONDS FOUR,0.4132,0.041,0.5458
DIAMONDS THREE HEARTS ACE,0.4558,0.0034,0.5408
HEARTS SEVEN SPADES JACK,0.4118,0.017,0.5712
CLUBS ACE DIAMONDS FIVE,0.4426,0.0034,0.554
DIAMONDS THREE CLUBS FIVE,0.6024,0.0638,0.3338
SPADES SEVEN DIAMONDS NINE,0.3858,0.0402,0.574
SPADES FOUR DIAMONDS TEN,0.4418,0.0272,0.531
CLUBS TEN DIAMONDS TWO,0.4666,0.0278,0.5056
SPADES TEN CLUBS SEVEN,0.4,0.0252,0.5748
SPADES THREE HEARTS NINE,0.4732,0.0324,0.4944
SPADES JACK DIAMONDS NINE,0.3618,0.0172,0.621
HEARTS TWO DIAMONDS FOUR,0.618,0.0664,0.3156
SPADES NINE HEARTS TWO,0.4502,0.0416,0.5082
CLUBS TEN CLUBS FOUR,0.428,0.024,0.548
SPADES EIGHT DIAMONDS QUEEN,0.2998,0.0446,0.6556
SPADES ACE HEARTS EIGHT,0.3048,0.0228,0.6724
SPADES TEN DIAMONDS NINE,0.3638,0.0252,0.611
CLUBS TWO CLUBS ACE,0.439,0.0044,0.5566
HEARTS EIGHT SPADES QUEEN,0.3088,0.0438,0.6474
CLUBS TEN SPADES TWO,0.4606,0.0256,0.5138
CLUBS THREE CLUBS TWO,0.5784,0.062,0.3596
SPADES NINE HEARTS TEN,0.3806,0.021,0.5984
SPADES TWO HEARTS QUEEN,0.478,0.0112,0.5108
CLUBS TEN CLUBS TWO,0.437,0.0246,0.5384
CLUBS JACK HEARTS QUEEN,0.3924,0.009,0.5986
CLUBS FOUR CLUBS TWO,0.5932,0.0602,0.3466
DIAMONDS TWO SPADES NINE,0.4452,0.0402,0.5146
HEARTS THREE HEARTS ACE,0.434,0.0042,0.5618
DIAMONDS THREE SPADES SEVEN,0.6264,0.0636,0.31
SPADES SIX DIAMONDS JACK,0.3064,0.052,0.6416
SPADES FIVE DIAMONDS TEN,0.4294,0.0258,0.5448
CLUBS EIGHT HEARTS FOUR,0.4548,0.336,0.2092
HEARTS FOUR SPADES SIX,0.611,0.149,0.24
CLUBS TWO CLUBS QUEEN,0.434,0.0116,0.5544
SPADES SEVEN SPADES SIX,0.58,0.1386,0.2814
SPADES SEVEN DIAMONDS ACE,0.4134,0.0054,0.5812
CLUBS TWO HEARTS ACE,0.4626,0.0046,0.5328
HEARTS EIGHT HEARTS ACE,0.2826,0.0216,0.6958
CLUBS NINE CLUBS KING,0.3852,0.0078,0.607
SPADES ACE SPADES JACK,0.37,0.005,0.625
HEARTS SIX HEARTS FIVE,0.5888,0.1324,0.2788
CLUBS FOUR SPADES FIVE,0.6088,0.065,0.3262
HEARTS EIGHT SPADES TWO,0.451,0.3572,0.1918
DIAMONDS ACE HEARTS QUEEN,0.3938,0.0032,0.603
HEARTS QUEEN HEARTS TEN,0.3834,0.0088,0.6078
CLUBS JACK DIAMONDS QUEEN,0.3744,0.014,0.6116
HEARTS TWO CLUBS TWO,0.4266,0.086,0.4874
DIAMONDS QUEEN DIAMONDS TEN,0.328,0.013,0.659
SPADES FIVE DIAMONDS QUEEN,0.4608,0.012,0.5272
DIAMONDS KING SPADES FOUR,0.4242,0.0094,0.5664
SPADES TEN HEARTS TEN,0.227,0.0396,0.7334
HEARTS QUEEN CLUBS KING,0.4032,0.0052,0.5916
SPADES FOUR DIAMONDS FIVE,0.617,0.0616,0.3214
CLUBS JACK DIAMONDS KING,0.3942,0.006,0.5998
CLUBS NINE SPADES NINE,0.201,0.0586,0.7404
CLUBS TEN SPADES EIGHT,0.307,0.074,0.619
CLUBS NINE HEARTS TWO,0.4564,0.0404,0.5032
SPADES JACK HEARTS ACE,0.3942,0.0036,0.6022
DIAMONDS TEN SPADES TWO,0.458,0.0292,0.5128
DIAMONDS THREE SPADES NINE,0.4506,0.0386,0.5108
CLUBS JACK DIAMONDS JACK,0.2074,0.0398,0.7528
CLUBS JACK SPADES SEVEN,0.4226,0.0202,0.5572
DIAMONDS THREE HEARTS SEVEN,0.6194,0.0654,0.3152
DIAMONDS ACE HEARTS KING,0.388,0.0054,0.6066
CLUBS SEVEN SPADES SEVEN,0.3,0.0758,0.6242
SPADES NINE HEARTS QUEEN,0.3946,0.0096,0.5958
DIAMONDS TEN CLUBS ACE,0.3864,0.0038,0.6098
CLUBS FIVE SPADES SIX,0.6056,0.1368,0.2576
SPADES QUEEN SPADES SEVEN,0.405,0.0108,0.5842
HEARTS FIVE SPADES FIVE,0.421,0.0898,0.4892
HEARTS ACE DIAMONDS NINE,0.3794,0.005,0.6156
CLUBS SIX CLUBS KING,0.3064,0.0304,0.6632
SPADES SIX CLUBS TWO,0.6276,0.1502,0.2222
HEARTS SEVEN HEARTS SIX,0.5824,0.137,0.2806
SPADES THREE CLUBS ACE,0.4494,0.0048,0.5458
HEARTS FIVE CLUBS SIX,0.606,0.1512,0.2428
SPADES QUEEN CLUBS SEVEN,0.4242,0.0104,0.5654
HEARTS SEVEN DIAMONDS NINE,0.3662,0.0406,0.5932
DIAMONDS JACK DIAMONDS FOUR,0.4088,0.0202,0.571
SPADES KING DIAMONDS SEVEN,0.4108,0.0082,0.581
DIAMONDS TWO CLUBS EIGHT,0.4332,0.357,0.2098
HEARTS FIVE DIAMONDS NINE,0.4304,0.039,0.5306
HEARTS SIX SPADES NINE,0.3008,0.0954,0.6038
HEARTS SIX CLUBS QUEEN,0.3268,0.044,0.6292
DIAMONDS ACE HEARTS NINE,0.3936,0.004,0.6024
HEARTS FOUR SPADES FOUR,0.442,0.0806,0.4774
CLUBS NINE HEARTS QUEEN,0.3874,0.0116,0.601
CLUBS SEVEN CLUBS THREE,0.5878,0.0542,0.358
CLUBS FOUR DIAMONDS KING,0.4238,0.0078,0.5684
SPADES TEN HEARTS JACK,0.3776,0.013,0.6094
CLUBS FOUR DIAMONDS NINE,0.4374,0.0396,0.523
DIAMONDS ACE SPADES FOUR,0.4472,0.0056,0.5472
DIAMONDS KING SPADES THREE,0.4352,0.007,0.5578
CLUBS TEN CLUBS ACE,0.376,0.0046,0.6194
DIAMONDS KING SPADES TWO,0.4534,0.0068,0.5398
SPADES ACE CLUBS QUEEN,0.4054,0.0032,0.5914
CLUBS FOUR HEARTS KING,0.4498,0.007,0.5432
SPADES ACE SPADES NINE,0.3812,0.0042,0.6146
SPADES TEN HEARTS FOUR,0.4592,0.0226,0.5182
CLUBS TWO CLUBS KING,0.4436,0.01,0.5464
HEARTS TWO CLUBS KING,0.4626,0.008,0.5294
SPADES EIGHT SPADES SEVEN,0.2588,0.2614,0.4798
SPADES TWO DIAMONDS FOUR,0.6124,0.0686,0.319
DIAMONDS ACE CLUBS TWO,0.4418,0.0058,0.5524
SPADES EIGHT CLUBS FIVE,0.432,0.351,0.217
CLUBS SEVEN DIAMONDS SEVEN,0.3082,0.0784,0.6134
DIAMONDS TEN DIAMONDS FIVE,0.403,0.0278,0.5692
HEARTS SIX CLUBS SEVEN,0.622,0.143,0.235
CLUBS JACK HEARTS FIVE,0.446,0.0156,0.5384
SPADES SEVEN HEARTS ACE,0.413,0.0028,0.5842
SPADES NINE HEARTS NINE,0.2056,0.06,0.7344
CLUBS NINE SPADES FOUR,0.449,0.0414,0.5096
DIAMONDS THREE SPADES QUEEN,0.454,0.0164,0.5296
HEARTS THREE HEARTS NINE,0.4376,0.0404,0.522
HEARTS EIGHT DIAMONDS TWO,0.443,0.3546,0.2024
SPADES TEN HEARTS ACE,0.4008,0.006,0.5932
CLUBS EIGHT HEARTS FIVE,0.4396,0.3468,0.2136
CLUBS THREE DIAMONDS FOUR,0.6112,0.0654,0.3234
HEARTS KING DIAMONDS TEN,0.3758,0.007,0.6172
HEARTS EIGHT HEARTS THREE,0.4302,0.3186,0.2512
DIAMONDS THREE HEARTS TEN,0.4624,0.025,0.5126
HEARTS NINE DIAMONDS FOUR,0.4412,0.0472,0.5116
SPADES SEVEN CLUBS KING,0.4348,0.0074,0.5578
HEARTS TWO CLUBS FOUR,0.6166,0.066,0.3174
SPADES ACE SPADES FIVE,0.426,0.0038,0.5702
HEARTS FOUR DIAMONDS QUEEN,0.4474,0.0136,0.539
SPADES JACK CLUBS ACE,0.4006,0.0024,0.597
HEARTS SIX DIAMONDS ACE,0.3044,0.0232,0.6724
HEARTS TWO HEARTS ACE,0.4184,0.0056,0.576
HEARTS ACE HEARTS NINE,0.3718,0.0048,0.6234
CLUBS QUEEN DIAMONDS FOUR,0.459,0.009,0.532
SPADES EIGHT HEARTS TWO,0.4414,0.3408,0.2178
CLUBS SEVEN CLUBS QUEEN,0.405,0.01,0.585
SPADES NINE CLUBS SIX,0.2976,0.0986,0.6038
HEARTS FIVE SPADES NINE,0.4416,0.037,0.5214
DIAMONDS THREE DIAMONDS JACK,0.4168,0.0166,0.5666
SPADES NINE CLUBS ACE,0.4092,0.0032,0.5876
SPADES QUEEN CLUBS FOUR,0.4568,0.0124,0.5308
HEARTS EIGHT CLUBS NINE,0.2972,0.1034,0.5994
SPADES TEN DIAMONDS FIVE,0.4528,0.026,0.5212
CLUBS SEVEN HEARTS TEN,0.4222,0.0234,0.5544
CLUBS KING HEARTS TEN,0.4016,0.007,0.5914
CLUBS SEVEN SPADES NINE,0.3938,0.0386,0.5676
HEARTS EIGHT DIAMONDS TEN,0.2814,0.0802,0.6384
SPADES FIVE CLUBS TWO,0.6172,0.0642,0.3186
DIAMONDS JACK SPADES THREE,0.4468,0.0206,0.5326
DIAMONDS KING DIAMONDS SEVEN,0.3708,0.0094,0.6198
SPADES KING SPADES JACK,0.3692,0.0074,0.6234
CLUBS SEVEN CLUBS ACE,0.3922,0.0056,0.6022
SPADES QUEEN HEARTS NINE,0.3872,0.0108,0.602
SPADES SIX SPADES FOUR,0.58,0.1406,0.2794
HEARTS TEN DIAMONDS FOUR,0.4532,0.0266,0.5202
SPADES NINE SPADES FOUR,0.4508,0.0292,0.52
SPADES QUEEN SPADES TEN,0.3772,0.0098,0.613
CLUBS NINE SPADES THREE,0.4564,0.0418,0.5018
DIAMONDS NINE CLUBS KING,0.3908,0.0068,0.6024
HEARTS SEVEN HEARTS FIVE,0.5636,0.0598,0.3766
SPADES ACE DIAMONDS QUEEN,0.3812,0.0056,0.6132
SPADES JACK HEARTS KING,0.3956,0.0066,0.5978
CLUBS TEN SPADES THREE,0.4594,0.0294,0.5112
SPADES THREE DIAMONDS SEVEN,0.6278,0.0634,0.3088
CLUBS EIGHT HEARTS NINE,0.293,0.0966,0.6104
DIAMONDS TWO DIAMONDS SEVEN,0.6292,0.0652,0.3056
HEARTS THREE DIAMONDS NINE,0.4516,0.0366,0.5118
HEARTS FOUR HEARTS KING,0.425,0.008,0.567
SPADES JACK SPADES FIVE,0.4162,0.0152,0.5686
HEARTS QUEEN DIAMONDS FOUR,0.4586,0.0116,0.5298
DIAMONDS JACK DIAMONDS NINE,0.3202,0.0164,0.6634
CLUBS JACK SPADES QUEEN,0.3922,0.0102,0.5976
SPADES KING DIAMONDS NINE,0.3872,0.007,0.6058
SPADES QUEEN HEARTS KING,0.4064,0.0068,0.5868
DIAMONDS NINE CLUBS QUEEN,0.3746,0.0114,0.614
HEARTS FOUR SPADES THREE,0.6212,0.0596,0.3192
DIAMONDS KING HEARTS ACE,0.4018,0.006,0.5922
SPADES THREE CLUBS KING,0.4504,0.0102,0.5394
HEARTS SEVEN HEARTS NINE,0.3806,0.031,0.5884
CLUBS JACK SPADES EIGHT,0.3082,0.059,0.6328
CLUBS FIVE DIAMONDS QUEEN,0.4418,0.0122,0.546
DIAMONDS TWO HEARTS JACK,0.4684,0.0218,0.5098
DIAMONDS FIVE HEARTS NINE,0.4382,0.0418,0.52
SPADES SIX HEARTS JACK,0.3244,0.0492,0.6264
SPADES SIX DIAMONDS FOUR,0.616,0.1424,0.2416
HEARTS SEVEN CLUBS SIX,0.6202,0.1358,0.244
CLUBS FIVE DIAMONDS ACE,0.4334,0.0064,0.5602
DIAMONDS THREE DIAMONDS KING,0.4254,0.0076,0.567
SPADES FIVE DIAMONDS NINE,0.4382,0.0408,0.521
SPADES TWO CLUBS QUEEN,0.47,0.0112,0.5188
HEARTS FIVE SPADES SEVEN,0.6052,0.056,0.3388
CLUBS SEVEN HEARTS QUEEN,0.4312,0.0094,0.5594
DIAMONDS ACE DIAMONDS FIVE,0.3992,0.007,0.5938
SPADES EIGHT SPADES FIVE,0.4046,0.3476,0.2478
SPADES QUEEN DIAMONDS NINE,0.3678,0.011,0.6212
DIAMONDS THREE SPADES EIGHT,0.431,0.3618,0.2072
DIAMONDS QUEEN CLUBS QUEEN,0.1952,0.0246,0.7802
HEARTS SIX CLUBS SIX,0.3346,0.0694,0.596
HEARTS SEVEN SPADES QUEEN,0.4242,0.0092,0.5666
CLUBS EIGHT HEARTS ACE,0.3024,0.028,0.6696
DIAMONDS THREE SPADES TEN,0.4548,0.026,0.5192
HEARTS SIX SPADES FOUR,0.6104,0.1444,0.2452
HEARTS EIGHT CLUBS EIGHT,0.1656,0.0816,0.7528
DIAMONDS THREE DIAMONDS ACE,0.407,0.0042,0.5888
HEARTS FIVE CLUBS QUEEN,0.453,0.0154,0.5316
SPADES ACE CLUBS SIX,0.326,0.022,0.652
HEARTS QUEEN CLUBS QUEEN,0.2112,0.029,0.7598
HEARTS KING SPADES TWO,0.4656,0.0096,0.5248
SPADES TEN CLUBS SIX,0.3142,0.0736,0.6122
DIAMONDS QUEEN SPADES FOUR,0.4386,0.0134,0.548
CLUBS EIGHT SPADES SIX,0.0678,0.915,0.0172
DIAMONDS THREE SPADES JACK,0.4554,0.0198,0.5248
HEARTS TWO CLUBS QUEEN,0.4618,0.0122,0.526
DIAMONDS TWO HEARTS TWO,0.4332,0.0894,0.4774
SPADES KING CLUBS EIGHT,0.3172,0.0314,0.6514
CLUBS FIVE CLUBS TWO,0.59,0.0556,0.3544
HEARTS FOUR CLUBS TWO,0.6284,0.0664,0.3052
DIAMONDS QUEEN DIAMONDS FOUR,0.4142,0.0108,0.575
HEARTS SIX SPADES FIVE,0.5956,0.1476,0.2568
HEARTS TWO DIAMONDS JACK,0.4576,0.0186,0.5238
SPADES SEVEN CLUBS TWO,0.6386,0.0602,0.3012
SPADES ACE HEARTS TWO,0.4682,0.0046,0.5272
HEARTS FIVE HEARTS JACK,0.4304,0.0142,0.5554
SPADES TEN DIAMONDS SEVEN,0.4006,0.0292,0.5702
SPADES SEVEN SPADES TWO,0.6094,0.0534,0.3372
SPADES FIVE HEARTS ACE,0.4496,0.0042,0.5462
SPADES KING CLUBS TEN,0.392,0.006,0.602
DIAMONDS ACE DIAMONDS JACK,0.336,0.0034,0.6606
SPADES TEN SPADES SEVEN,0.3794,0.0262,0.5944
SPADES SEVEN HEARTS KING,0.4218,0.0082,0.57
HEARTS JACK CLUBS QUEEN,0.3932,0.0066,0.6002
CLUBS TEN HEARTS TWO,0.4686,0.0262,0.5052
SPADES TEN HEARTS NINE,0.3636,0.0226,0.6138
DIAMONDS JACK HEARTS QUEEN,0.3794,0.011,0.6096
CLUBS JACK CLUBS TEN,0.3476,0.0154,0.637
CLUBS THREE SPADES FIVE,0.6192,0.0596,0.3212
CLUBS JACK DIAMONDS TWO,0.4562,0.0156,0.5282
HEARTS THREE HEARTS JACK,0.4312,0.0204,0.5484
HEARTS FIVE SPADES TEN,0.4512,0.0248,0.524
CLUBS SIX DIAMONDS FIVE,0.6044,0.144,0.2516
CLUBS TEN DIAMONDS KING,0.3674,0.0066,0.626
CLUBS KING HEARTS NINE,0.4162,0.0074,0.5764
CLUBS SIX HEARTS ACE,0.3236,0.0206,0.6558
HEARTS SIX HEARTS FOUR,0.5916,0.1322,0.2762
CLUBS NINE HEARTS TEN,0.3708,0.0208,0.6084
CLUBS SEVEN DIAMONDS ACE,0.4108,0.0046,0.5846
HEARTS KING DIAMONDS FIVE,0.4466,0.0068,0.5466
HEARTS TWO SPADES FOUR,0.6306,0.06,0.3094
HEARTS SEVEN CLUBS ACE,0.4118,0.0038,0.5844
SPADES FOUR DIAMONDS NINE,0.449,0.0422,0.5088
CLUBS KING DIAMONDS FIVE,0.4388,0.0074,0.5538
SPADES KING CLUBS QUEEN,0.3954,0.0058,0.5988
SPADES QUEEN DIAMONDS ACE,0.385,0.0034,0.6116
HEARTS FIVE HEARTS THREE,0.5724,0.061,0.3666
SPADES TEN DIAMONDS FOUR,0.459,0.0244,0.5166
CLUBS SIX SPADES TWO,0.6358,0.1472,0.217
SPADES SIX HEARTS QUEEN,0.3264,0.0392,0.6344
HEARTS SEVEN HEARTS ACE,0.4066,0.0058,0.5876
DIAMONDS QUEEN DIAMONDS NINE,0.3348,0.0138,0.6514
SPADES KING HEARTS QUEEN,0.4092,0.0064,0.5844
SPADES ACE CLUBS SEVEN,0.421,0.0018,0.5772
HEARTS THREE CLUBS FIVE,0.6166,0.0636,0.3198
CLUBS FOUR SPADES TWO,0.6284,0.0624,0.3092
SPADES QUEEN HEARTS QUEEN,0.2176,0.023,0.7594
DIAMONDS TWO DIAMONDS ACE,0.3874,0.0072,0.6054
CLUBS THREE HEARTS NINE,0.4716,0.0412,0.4872
DIAMONDS TWO CLUBS KING,0.4704,0.0082,0.5214
DIAMONDS THREE CLUBS EIGHT,0.4546,0.3418,0.2036
CLUBS FIVE HEARTS JACK,0.46,0.0178,0.5222
SPADES QUEEN DIAMONDS FIVE,0.4526,0.0106,0.5368
SPADES QUEEN HEARTS SIX,0.3126,0.0454,0.642
DIAMONDS TWO SPADES FIVE,0.608,0.0668,0.3252
DIAMONDS TWO CLUBS FOUR,0.6148,0.068,0.3172
HEARTS JACK HEARTS TEN,0.3682,0.0134,0.6184
CLUBS JACK CLUBS EIGHT,0.2812,0.0586,0.6602
CLUBS TEN CLUBS FIVE,0.423,0.023,0.554
SPADES FIVE HEARTS TEN,0.4566,0.0244,0.519
DIAMONDS TWO HEARTS NINE,0.457,0.0382,0.5048
HEARTS FIVE HEARTS NINE,0.4244,0.0386,0.537
DIAMONDS THREE CLUBS SIX,0.6422,0.1402,0.2176
HEARTS FIVE CLUBS FOUR,0.6112,0.0634,0.3254
HEARTS SEVEN HEARTS TWO,0.6008,0.061,0.3382
SPADES KING CLUBS TWO,0.4702,0.008,0.5218
SPADES ACE HEARTS FOUR,0.4512,0.0036,0.5452
SPADES QUEEN DIAMONDS KING,0.397,0.0062,0.5968
SPADES JACK HEARTS QUEEN,0.3872,0.009,0.6038
CLUBS JACK HEARTS EIGHT,0.2944,0.0544,0.6512
HEARTS ACE CLUBS QUEEN,0.4,0.0046,0.5954
CLUBS JACK HEARTS KING,0.4008,0.0068,0.5924
SPADES ACE HEARTS TEN,0.3952,0.0026,0.6022
HEARTS SEVEN CLUBS TWO,0.6424,0.067,0.2906
SPADES EIGHT SPADES FOUR,0.4302,0.3192,0.2506
HEARTS SIX SPADES THREE,0.646,0.1474,0.2066
CLUBS ACE CLUBS KING,0.3796,0.0042,0.6162
CLUBS FOUR CLUBS QUEEN,0.4272,0.0116,0.5612
CLUBS TWO SPADES FOUR,0.6218,0.0594,0.3188
CLUBS SIX HEARTS TWO,0.6348,0.1422,0.223
CLUBS NINE CLUBS ACE,0.3798,0.0036,0.6166
HEARTS TWO HEARTS QUEEN,0.431,0.0104,0.5586
CLUBS SEVEN CLUBS KING,0.4128,0.0064,0.5808
CLUBS FOUR HEARTS NINE,0.4492,0.0414,0.5094
HEARTS THREE SPADES SEVEN,0.6232,0.062,0.3148
HEARTS FOUR SPADES EIGHT,0.4548,0.338,0.2072
HEARTS KING CLUBS KING,0.2192,0.013,0.7678
DIAMONDS THREE HEARTS SIX,0.6298,0.147,0.2232
HEARTS SEVEN SPADES THREE,0.6376,0.061,0.3014
SPADES KING CLUBS KING,0.2206,0.01,0.7694
SPADES SEVEN SPADES FOUR,0.5774,0.0586,0.364
SPADES JACK SPADES TEN,0.3654,0.0144,0.6202
HEARTS TEN HEARTS NINE,0.3396,0.023,0.6374
HEARTS SEVEN CLUBS SEVEN,0.3114,0.0828,0.6058
CLUBS TEN HEARTS QUEEN,0.3948,0.0086,0.5966
CLUBS THREE SPADES FOUR,0.6142,0.0626,0.3232
CLUBS EIGHT DIAMONDS SEVEN,0.2566,0.2842,0.4592
SPADES SEVEN DIAMONDS TEN,0.399,0.0262,0.5748
CLUBS NINE CLUBS SEVEN,0.3834,0.0358,0.5808
DIAMONDS NINE HEARTS JACK,0.3708,0.0178,0.6114
SPADES JACK CLUBS TWO,0.4646,0.0188,0.5166
DIAMONDS KING DIAMONDS FIVE,0.403,0.0082,0.5888
DIAMONDS THREE CLUBS FOUR,0.6098,0.0602,0.33
CLUBS TEN SPADES FOUR,0.4486,0.0268,0.5246
HEARTS TWO HEARTS TEN,0.4404,0.026,0.5336
SPADES EIGHT DIAMONDS FOUR,0.4288,0.368,0.2032
CLUBS SIX HEARTS TEN,0.295,0.0786,0.6264
HEARTS EIGHT SPADES KING,0.3112,0.0328,0.656
SPADES TEN HEARTS THREE,0.4526,0.0242,0.5232
SPADES QUEEN SPADES FOUR,0.455,0.0116,0.5334
SPADES TWO DIAMONDS NINE,0.4638,0.0416,0.4946
SPADES JACK DIAMONDS JACK,0.2084,0.0392,0.7524
DIAMONDS KING DIAMONDS FOUR,0.416,0.0088,0.5752
CLUBS SIX SPADES FIVE,0.6116,0.1376,0.2508
HEARTS EIGHT HEARTS FIVE,0.4122,0.3324,0.2554
SPADES KING SPADES TEN,0.371,0.0068,0.6222
CLUBS SIX DIAMONDS QUEEN,0.3056,0.0444,0.65
CLUBS FIVE HEARTS TEN,0.4512,0.0252,0.5236
DIAMONDS ACE SPADES FIVE,0.4388,0.005,0.5562
SPADES KING HEARTS SEVEN,0.4296,0.0066,0.5638
HEARTS JACK CLUBS KING,0.3882,0.0066,0.6052
HEARTS FIVE HEARTS QUEEN,0.4178,0.0124,0.5698
HEARTS FOUR HEARTS ACE,0.4394,0.0038,0.5568
CLUBS EIGHT CLUBS FIVE,0.4008,0.341,0.2582
SPADES THREE CLUBS QUEEN,0.4486,0.0138,0.5376
SPADES TWO DIAMONDS FIVE,0.628,0.0644,0.3076
CLUBS SIX SPADES THREE,0.6484,0.1444,0.2072
DIAMONDS ACE HEARTS ACE,0.203,0.0046,0.7924
SPADES ACE DIAMONDS JACK,0.3726,0.0038,0.6236
HEARTS TWO DIAMONDS ACE,0.4468,0.0034,0.5498
SPADES ACE SPADES THREE,0.4228,0.0044,0.5728
SPADES SEVEN HEARTS QUEEN,0.4174,0.0104,0.5722
CLUBS TEN HEARTS FIVE,0.4488,0.0268,0.5244
SPADES TEN HEARTS TWO,0.4652,0.0288,0.506
SPADES ACE CLUBS FIVE,0.4532,0.0044,0.5424
HEARTS THREE HEARTS TWO,0.5938,0.061,0.3452
HEARTS EIGHT SPADES FIVE,0.435,0.3546,0.2104
DIAMONDS QUEEN HEARTS QUEEN,0.2026,0.0284,0.769
CLUBS TWO HEARTS JACK,0.4608,0.016,0.5232
HEARTS EIGHT DIAMONDS SEVEN,0.2518,0.2844,0.4638
SPADES ACE CLUBS THREE,0.476,0.0036,0.5204
HEARTS TWO DIAMONDS SEVEN,0.6418,0.063,0.2952
HEARTS SEVEN HEARTS THREE,0.5968,0.0582,0.345
SPADES SIX SPADES THREE,0.603,0.1412,0.2558
HEARTS FIVE DIAMONDS JACK,0.4306,0.0202,0.5492
DIAMONDS THREE CLUBS THREE,0.4322,0.0904,0.4774
HEARTS SEVEN DIAMONDS JACK,0.42,0.016,0.564
CLUBS NINE CLUBS THREE,0.4322,0.038,0.5298
HEARTS FIVE CLUBS KING,0.449,0.0058,0.5452
CLUBS FIVE CLUBS FOUR,0.5658,0.0596,0.3746
DIAMONDS ACE HEARTS JACK,0.3734,0.0046,0.622
CLUBS THREE CLUBS ACE,0.4282,0.005,0.5668
SPADES EIGHT DIAMONDS JACK,0.29,0.0564,0.6536
CLUBS EIGHT HEARTS KING,0.3112,0.0334,0.6554
DIAMONDS QUEEN HEARTS ACE,0.396,0.0026,0.6014
DIAMONDS TWO HEARTS FIVE,0.6234,0.0626,0.314
DIAMONDS THREE HEARTS NINE,0.4624,0.042,0.4956
HEARTS SIX HEARTS ACE,0.3126,0.018,0.6694
DIAMONDS KING CLUBS QUEEN,0.3846,0.0068,0.6086
SPADES KING DIAMONDS FOUR,0.443,0.0114,0.5456
HEARTS FIVE CLUBS FIVE,0.4216,0.0768,0.5016
CLUBS FIVE SPADES SEVEN,0.5888,0.0616,0.3496
SPADES EIGHT CLUBS TWO,0.4544,0.3402,0.2054
HEARTS TWO SPADES THREE,0.6204,0.0608,0.3188
CLUBS SIX SPADES SIX,0.3338,0.0788,0.5874
CLUBS JACK SPADES SIX,0.3204,0.0558,0.6238
CLUBS SIX SPADES FOUR,0.6252,0.1436,0.2312
SPADES NINE DIAMONDS FIVE,0.452,0.04,0.508
HEARTS FOUR HEARTS QUEEN,0.4298,0.0102,0.56
HEARTS EIGHT DIAMONDS KING,0.3004,0.0302,0.6694
SPADES ACE CLUBS KING,0.3976,0.004,0.5984
HEARTS SIX DIAMONDS JACK,0.3084,0.0562,0.6354
SPADES ACE DIAMONDS THREE,0.46,0.0044,0.5356
SPADES EIGHT HEARTS ACE,0.3214,0.0246,0.654
SPADES QUEEN HEARTS THREE,0.4644,0.0098,0.5258
SPADES JACK SPADES EIGHT,0.2806,0.055,0.6644
HEARTS TWO HEARTS KING,0.4504,0.0082,0.5414
SPADES ACE CLUBS TWO,0.4722,0.0062,0.5216
HEARTS THREE HEARTS TEN,0.4234,0.0256,0.551
HEARTS SIX DIAMONDS SEVEN,0.615,0.1448,0.2402
SPADES KING SPADES SEVEN,0.4056,0.0078,0.5866
CLUBS FOUR CLUBS KING,0.4408,0.0056,0.5536
CLUBS TEN SPADES JACK,0.3696,0.0166,0.6138
SPADES EIGHT DIAMONDS SEVEN,0.2488,0.2946,0.4566
CLUBS THREE DIAMONDS NINE,0.4572,0.042,0.5008
HEARTS THREE CLUBS TWO,0.624,0.0616,0.3144
DIAMONDS KING DIAMONDS JACK,0.3418,0.0066,0.6516
SPADES KING DIAMONDS ACE,0.3926,0.0034,0.604
HEARTS SEVEN CLUBS EIGHT,0.2684,0.2822,0.4494
HEARTS SIX SPADES JACK,0.3222,0.0548,0.623
CLUBS FIVE DIAMONDS KING,0.4292,0.0078,0.563
HEARTS SEVEN CLUBS FIVE,0.6048,0.0604,0.3348
HEARTS JACK HEARTS NINE,0.351,0.0134,0.6356
CLUBS SEVEN SPADES THREE,0.6234,0.0596,0.317
CLUBS JACK CLUBS KING,0.3728,0.0062,0.621
SPADES JACK DIAMONDS ACE,0.3898,0.0052,0.605
SPADES TEN SPADES FOUR,0.4502,0.0206,0.5292
CLUBS TEN DIAMONDS NINE,0.3622,0.0232,0.6146
DIAMONDS THREE CLUBS NINE,0.4584,0.0412,0.5004
CLUBS SEVEN HEARTS THREE,0.6298,0.0596,0.3106
DIAMONDS THREE SPADES SIX,0.6494,0.1352,0.2154
DIAMONDS TWO SPADES THREE,0.6236,0.062,0.3144
DIAMONDS QUEEN HEARTS NINE,0.3718,0.0134,0.6148
DIAMONDS TWO HEARTS ACE,0.4666,0.0066,0.5268
SPADES TEN CLUBS FIVE,0.454,0.0288,0.5172
CLUBS JACK DIAMONDS FIVE,0.4376,0.0216,0.5408
DIAMONDS TWO SPADES TWO,0.4294,0.0874,0.4832
CLUBS TEN HEARTS SIX,0.3088,0.074,0.6172
CLUBS NINE SPADES TWO,0.4748,0.0398,0.4854
CLUBS TEN HEARTS KING,0.3876,0.0074,0.605
HEARTS FOUR HEARTS TEN,0.4304,0.0276,0.542
SPADES TWO HEARTS NINE,0.4692,0.0444,0.4864
DIAMONDS QUEEN HEARTS TEN,0.3798,0.0108,0.6094
SPADES NINE CLUBS FOUR,0.4652,0.0356,0.4992
SPADES SEVEN CLUBS QUEEN,0.4228,0.0092,0.568
DIAMONDS FIVE CLUBS QUEEN,0.4452,0.0122,0.5426
DIAMONDS TWO CLUBS TWO,0.427,0.0886,0.4844
CLUBS SEVEN SPADES FIVE,0.6002,0.0686,0.3312
CLUBS THREE DIAMONDS FIVE,0.6056,0.0638,0.3306
CLUBS EIGHT SPADES SEVEN,0.2806,0.2782,0.4412
HEARTS THREE SPADES FIVE,0.6182,0.0664,0.3154
CLUBS JACK DIAMONDS NINE,0.3598,0.0176,0.6226
HEARTS SEVEN CLUBS THREE,0.6296,0.0596,0.3108
HEARTS SIX HEARTS TWO,0.5946,0.1332,0.2722
CLUBS TWO DIAMONDS FIVE,0.6248,0.0612,0.314
HEARTS ACE DIAMONDS FIVE,0.4478,0.0052,0.547
DIAMONDS JACK SPADES TWO,0.455,0.0194,0.5256
HEARTS ACE HEARTS KING,0.3728,0.0062,0.621
HEARTS TEN CLUBS QUEEN,0.3912,0.0072,0.6016
CLUBS TEN SPADES SEVEN,0.4148,0.0246,0.5606
SPADES FOUR HEARTS JACK,0.459,0.0158,0.5252
CLUBS TEN SPADES SIX,0.3098,0.0656,0.6246
CLUBS SEVEN HEARTS TWO,0.6476,0.0624,0.29
SPADES ACE CLUBS EIGHT,0.3118,0.027,0.6612
HEARTS FIVE SPADES FOUR,0.605,0.0566,0.3384
SPADES THREE HEARTS QUEEN,0.4562,0.0094,0.5344
DIAMONDS TWO SPADES JACK,0.4612,0.017,0.5218
CLUBS SIX HEARTS JACK,0.3288,0.0572,0.614
HEARTS EIGHT CLUBS THREE,0.4468,0.3524,0.2008
HEARTS SEVEN CLUBS NINE,0.3958,0.0388,0.5654
SPADES EIGHT CLUBS THREE,0.453,0.3402,0.2068
SPADES FIVE DIAMONDS FOUR,0.6102,0.0622,0.3276
HEARTS THREE DIAMONDS SEVEN,0.6112,0.0612,0.3276
CLUBS ACE DIAMONDS FOUR,0.4336,0.0048,0.5616
CLUBS JACK HEARTS SEVEN,0.4172,0.0164,0.5664
CLUBS FIVE DIAMONDS NINE,0.441,0.0412,0.5178
CLUBS NINE HEARTS SIX,0.2908,0.0952,0.614
DIAMONDS THREE DIAMONDS QUEEN,0.4232,0.0142,0.5626
CLUBS JACK HEARTS TWO,0.4682,0.0142,0.5176
CLUBS TEN HEARTS ACE,0.394,0.0026,0.6034
CLUBS FIVE HEARTS NINE,0.4498,0.0424,0.5078
SPADES NINE SPADES FIVE,0.4258,0.0364,0.5378
HEARTS FIVE HEARTS FOUR,0.5748,0.0604,0.3648
HEARTS SEVEN DIAMONDS ACE,0.403,0.0044,0.5926
SPADES EIGHT DIAMONDS ACE,0.291,0.0274,0.6816
HEARTS SIX DIAMONDS NINE,0.2772,0.1032,0.6196
SPADES SIX SPADES FIVE,0.5908,0.137,0.2722
SPADES QUEEN CLUBS SIX,0.325,0.0404,0.6346
DIAMONDS TWO DIAMONDS FIVE,0.6154,0.0664,0.3182
SPADES ACE DIAMONDS FIVE,0.4422,0.0024,0.5554
HEARTS THREE DIAMONDS FOUR,0.5968,0.0712,0.332
SPADES KING SPADES SIX,0.314,0.0268,0.6592
CLUBS NINE SPADES TEN,0.3666,0.0208,0.6126
SPADES ACE SPADES SIX,0.3062,0.0222,0.6716
SPADES SIX SPADES TWO,0.6056,0.1328,0.2616
DIAMONDS TWO CLUBS NINE,0.457,0.0396,0.5034
SPADES EIGHT CLUBS KING,0.3172,0.0318,0.651
HEARTS THREE SPADES FOUR,0.6122,0.0618,0.326
HEARTS EIGHT CLUBS FIVE,0.4364,0.3502,0.2134
HEARTS EIGHT CLUBS SEVEN,0.2626,0.2876,0.4498
SPADES NINE DIAMONDS KING,0.3892,0.0058,0.605
SPADES FOUR HEARTS KING,0.457,0.0068,0.5362
DIAMONDS TWO DIAMONDS NINE,0.4064,0.0442,0.5494
HEARTS EIGHT CLUBS QUEEN,0.3164,0.0468,0.6368
SPADES NINE HEARTS THREE,0.465,0.0376,0.4974
DIAMONDS THREE DIAMONDS TEN,0.4186,0.028,0.5534
DIAMONDS TEN HEARTS TEN,0.1958,0.0494,0.7548
HEARTS THREE DIAMONDS KING,0.4554,0.0086,0.536
HEARTS THREE SPADES EIGHT,0.4456,0.3394,0.215
SPADES NINE DIAMONDS SEVEN,0.3874,0.0428,0.5698
SPADES THREE DIAMONDS FIVE,0.6116,0.0542,0.3342
SPADES KING HEARTS FIVE,0.4648,0.006,0.5292
CLUBS QUEEN HEARTS NINE,0.3914,0.009,0.5996
CLUBS EIGHT DIAMONDS NINE,0.2814,0.1,0.6186
DIAMONDS JACK HEARTS JACK,0.217,0.0352,0.7478
CLUBS JACK SPADES FOUR,0.4482,0.0146,0.5372
SPADES ACE DIAMONDS KING,0.3928,0.004,0.6032
CLUBS TEN DIAMONDS ACE,0.3838,0.0046,0.6116
CLUBS THREE HEARTS ACE,0.4534,0.006,0.5406
HEARTS SEVEN DIAMONDS FIVE,0.6062,0.0682,0.3256
SPADES JACK SPADES FOUR,0.4282,0.0134,0.5584
CLUBS SEVEN HEARTS KING,0.4278,0.008,0.5642
SPADES QUEEN DIAMONDS SEVEN,0.4176,0.0134,0.569
DIAMONDS KING SPADES FIVE,0.4366,0.009,0.5544
SPADES QUEEN CLUBS NINE,0.3938,0.0108,0.5954
SPADES NINE HEARTS ACE,0.3902,0.0026,0.6072
SPADES QUEEN CLUBS FIVE,0.4564,0.0092,0.5344
CLUBS EIGHT SPADES FIVE,0.4238,0.3636,0.2126
HEARTS THREE SPADES TWO,0.6226,0.0628,0.3146
DIAMONDS THREE DIAMONDS TWO,0.6092,0.069,0.3218
HEARTS ACE DIAMONDS JACK,0.3886,0.0034,0.608
SPADES FIVE HEARTS NINE,0.4398,0.04,0.5202
HEARTS FOUR HEARTS NINE,0.4312,0.0402,0.5286
CLUBS TEN CLUBS KING,0.3644,0.0064,0.6292
SPADES ACE SPADES FOUR,0.4282,0.0052,0.5666
CLUBS FOUR DIAMONDS FOUR,0.4192,0.0944,0.4864
HEARTS EIGHT SPADES JACK,0.2944,0.0586,0.647
CLUBS NINE DIAMONDS QUEEN,0.39,0.0142,0.5958
CLUBS FOUR CLUBS THREE,0.5796,0.062,0.3584
HEARTS EIGHT HEARTS TWO,0.4176,0.3298,0.2526
SPADES KING CLUBS FOUR,0.4552,0.0062,0.5386
HEARTS EIGHT CLUBS FOUR,0.4394,0.3452,0.2154
CLUBS NINE DIAMONDS SEVEN,0.3846,0.0408,0.5746
CLUBS JACK HEARTS TEN,0.3838,0.0132,0.603
CLUBS JACK SPADES FIVE,0.4564,0.0146,0.529
HEARTS QUEEN DIAMONDS SEVEN,0.426,0.0088,0.5652
SPADES TWO CLUBS ACE,0.4524,0.004,0.5436
CLUBS SEVEN HEARTS NINE,0.3852,0.0392,0.5756
CLUBS NINE HEARTS FOUR,0.458,0.0436,0.4984
SPADES NINE DIAMONDS NINE,0.1992,0.0598,0.741
CLUBS FIVE HEARTS QUEEN,0.4502,0.01,0.5398
CLUBS FOUR HEARTS QUEEN,0.4628,0.0124,0.5248
SPADES KING HEARTS NINE,0.4084,0.0054,0.5862
CLUBS THREE DIAMONDS TEN,0.4578,0.0282,0.514
SPADES QUEEN HEARTS FOUR,0.4628,0.0118,0.5254
CLUBS FOUR HEARTS ACE,0.4538,0.0036,0.5426
CLUBS THREE HEARTS QUEEN,0.464,0.0142,0.5218
CLUBS FIVE CLUBS ACE,0.427,0.005,0.568
CLUBS JACK HEARTS THREE,0.476,0.019,0.505
CLUBS TEN HEARTS SEVEN,0.4066,0.0286,0.5648
DIAMONDS THREE HEARTS FOUR,0.6134,0.0624,0.3242
CLUBS TEN DIAMONDS FOUR,0.4622,0.0294,0.5084
DIAMONDS TWO SPADES SEVEN,0.6288,0.0594,0.3118
CLUBS THREE SPADES THREE,0.4452,0.0832,0.4716
CLUBS NINE CLUBS SIX,0.2852,0.0966,0.6182
SPADES ACE DIAMONDS FOUR,0.4492,0.004,0.5468
DIAMONDS TWO CLUBS SEVEN,0.6264,0.0622,0.3114
DIAMONDS ACE DIAMONDS QUEEN,0.3424,0.0052,0.6524
CLUBS TWO SPADES TWO,0.4468,0.089,0.4642
DIAMONDS TWO CLUBS ACE,0.4596,0.0058,0.5346
DIAMONDS TWO HEARTS THREE,0.615,0.062,0.323
CLUBS FOUR SPADES FOUR,0.4212,0.0884,0.4904
CLUBS SEVEN CLUBS TWO,0.6086,0.06,0.3314
HEARTS TWO HEARTS NINE,0.4412,0.0376,0.5212
CLUBS FIVE SPADES TWO,0.6156,0.064,0.3204
CLUBS FOUR DIAMONDS FIVE,0.613,0.058,0.329
CLUBS JACK DIAMONDS THREE,0.4614,0.0198,0.5188
CLUBS SEVEN SPADES SIX,0.6298,0.1336,0.2366
DIAMONDS TWO SPADES SIX,0.6328,0.1474,0.2198
CLUBS JACK SPADES THREE,0.4614,0.016,0.5226
DIAMONDS ACE DIAMONDS TEN,0.3418,0.0052,0.653
SPADES KING SPADES NINE,0.3748,0.0064,0.6188
SPADES NINE SPADES SEVEN,0.371,0.0358,0.5932
SPADES FIVE DIAMONDS FIVE,0.4094,0.0866,0.504
DIAMONDS KING HEARTS QUEEN,0.393,0.007,0.6
HEARTS FIVE CLUBS THREE,0.6222,0.0568,0.321
CLUBS THREE HEARTS KING,0.4574,0.006,0.5366
HEARTS FOUR DIAMONDS FOUR,0.4132,0.0844,0.5024
HEARTS FOUR SPADES NINE,0.4556,0.0408,0.5036
DIAMONDS TEN HEARTS QUEEN,0.3682,0.0114,0.6204
SPADES FIVE DIAMONDS SEVEN,0.599,0.059,0.342
SPADES ACE CLUBS ACE,0.2124,0.0022,0.7854
SPADES NINE CLUBS FIVE,0.4428,0.0398,0.5174
CLUBS KING DIAMONDS FOUR,0.453,0.0086,0.5384
DIAMONDS THREE SPADES TWO,0.6148,0.066,0.3192
SPADES QUEEN HEARTS JACK,0.3918,0.0098,0.5984
CLUBS NINE CLUBS EIGHT,0.2754,0.0916,0.633
CLUBS FIVE HEARTS ACE,0.4432,0.0032,0.5536
CLUBS NINE SPADES SIX,0.2988,0.1078,0.5934
CLUBS EIGHT HEARTS THREE,0.4488,0.3378,0.2134
SPADES TEN SPADES NINE,0.3626,0.0224,0.615
SPADES FOUR SPADES TWO,0.5988,0.0546,0.3466
CLUBS NINE HEARTS NINE,0.2074,0.0608,0.7318
DIAMONDS THREE HEARTS TWO,0.6256,0.066,0.3084
HEARTS EIGHT CLUBS KING,0.3212,0.0316,0.6472
CLUBS EIGHT DIAMONDS QUEEN,0.3036,0.0408,0.6556
SPADES KING CLUBS SIX,0.3154,0.0342,0.6504
SPADES SIX DIAMONDS SEVEN,0.6172,0.1396,0.2432
CLUBS THREE DIAMONDS SEVEN,0.6232,0.0678,0.309
CLUBS SEVEN HEARTS ACE,0.4196,0.0038,0.5766
DIAMONDS TWO DIAMONDS FOUR,0.6166,0.07,0.3134
CLUBS TEN CLUBS SIX,0.2828,0.0652,0.652
HEARTS SIX CLUBS EIGHT,0.0678,0.9104,0.0218
HEARTS ACE HEARTS QUEEN,0.3788,0.0032,0.618
DIAMONDS JACK HEARTS KING,0.3836,0.0072,0.6092
SPADES TEN CLUBS TWO,0.449,0.0302,0.5208
CLUBS JACK DIAMONDS SEVEN,0.4124,0.0166,0.571
SPADES ACE SPADES TWO,0.4284,0.0034,0.5682
HEARTS ACE CLUBS KING,0.4028,0.0046,0.5926
HEARTS SIX CLUBS TWO,0.632,0.1454,0.2226
SPADES ACE CLUBS FOUR,0.4504,0.0046,0.545
CLUBS JACK DIAMONDS ACE,0.3856,0.004,0.6104
HEARTS FOUR DIAMONDS SEVEN,0.625,0.0572,0.3178
HEARTS EIGHT DIAMONDS NINE,0.266,0.1032,0.6308
SPADES SIX HEARTS ACE,0.3402,0.0226,0.6372
CLUBS EIGHT CLUBS QUEEN,0.3096,0.0414,0.649
CLUBS FOUR DIAMONDS QUEEN,0.442,0.0142,0.5438
CLUBS ACE HEARTS TEN,0.392,0.0034,0.6046
CLUBS EIGHT CLUBS SEVEN,0.2712,0.2736,0.4552
DIAMONDS NINE CLUBS ACE,0.3858,0.005,0.6092
DIAMONDS NINE DIAMONDS FIVE,0.381,0.0428,0.5762
HEARTS FIVE CLUBS SEVEN,0.6048,0.0636,0.3316
SPADES JACK DIAMONDS FOUR,0.4508,0.0166,0.5326
CLUBS SEVEN DIAMONDS NINE,0.3808,0.0372,0.582
DIAMONDS THREE HEARTS JACK,0.4606,0.0176,0.5218
HEARTS ACE DIAMONDS TEN,0.3788,0.004,0.6172
SPADES FOUR CLUBS QUEEN,0.4506,0.011,0.5384
CLUBS FOUR HEARTS JACK,0.4494,0.0194,0.5312
CLUBS KING CLUBS QUEEN,0.3762,0.0072,0.6166
CLUBS TWO DIAMONDS SEVEN,0.63,0.0624,0.3076
HEARTS TWO DIAMONDS QUEEN,0.4548,0.013,0.5322
HEARTS EIGHT SPADES NINE,0.2838,0.1036,0.6126
DIAMONDS TWO CLUBS SIX,0.6338,0.1478,0.2184
HEARTS SIX DIAMONDS TEN,0.2852,0.08,0.6348
SPADES NINE SPADES TWO,0.4442,0.0372,0.5186
SPADES KING HEARTS KING,0.2164,0.0154,0.7682
DIAMONDS SEVEN HEARTS TEN,0.4134,0.027,0.5596
DIAMONDS TEN DIAMONDS FOUR,0.4064,0.0294,0.5642
CLUBS TWO HEARTS TEN,0.4648,0.0294,0.5058
HEARTS JACK DIAMONDS FIVE,0.4364,0.0198,0.5438
SPADES KING DIAMONDS TWO,0.459,0.0096,0.5314
SPADES SEVEN DIAMONDS QUEEN,0.4254,0.011,0.5636
CLUBS FIVE CLUBS KING,0.4194,0.0062,0.5744
HEARTS FIVE DIAMONDS KING,0.434,0.01,0.556
CLUBS EIGHT SPADES TEN,0.2912,0.0814,0.6274
SPADES TEN HEARTS QUEEN,0.377,0.01,0.613
CLUBS EIGHT CLUBS KING,0.3074,0.0322,0.6604
CLUBS TWO DIAMONDS FOUR,0.608,0.0688,0.3232
DIAMONDS QUEEN HEARTS KING,0.3886,0.0062,0.6052
CLUBS SIX CLUBS THREE,0.6028,0.1402,0.257
HEARTS THREE DIAMONDS TEN,0.4548,0.0224,0.5228
SPADES SEVEN DIAMONDS KING,0.4194,0.0066,0.574
CLUBS NINE DIAMONDS FOUR,0.4448,0.0412,0.514
DIAMONDS QUEEN CLUBS KING,0.3922,0.0066,0.6012
HEARTS EIGHT DIAMONDS FOUR,0.4372,0.3496,0.2132
CLUBS TEN CLUBS THREE,0.4302,0.027,0.5428
HEARTS FIVE DIAMONDS ACE,0.435,0.006,0.559
CLUBS SIX CLUBS FIVE,0.5872,0.136,0.2768
HEARTS TWO SPADES FIVE,0.6254,0.0668,0.3078
CLUBS TWO DIAMONDS TEN,0.4696,0.0272,0.5032
DIAMONDS TWO DIAMONDS KING,0.4176,0.0074,0.575
CLUBS TEN SPADES TEN,0.2096,0.044,0.7464
SPADES KING CLUBS NINE,0.4054,0.0064,0.5882
CLUBS SEVEN CLUBS FIVE,0.5688,0.0566,0.3746
SPADES JACK HEARTS JACK,0.235,0.0368,0.7282
HEARTS THREE CLUBS FOUR,0.6156,0.0622,0.3222
SPADES QUEEN SPADES EIGHT,0.3024,0.0392,0.6584
CLUBS FIVE SPADES FIVE,0.4196,0.0888,0.4916
HEARTS FOUR CLUBS FIVE,0.5998,0.0674,0.3328
SPADES EIGHT SPADES TWO,0.4164,0.3364,0.2472
SPADES KING SPADES TWO,0.4412,0.0064,0.5524
SPADES TEN CLUBS ACE,0.3768,0.0032,0.62
SPADES NINE CLUBS TWO,0.4674,0.0368,0.4958
HEARTS QUEEN HEARTS NINE,0.3794,0.0086,0.612
SPADES KING HEARTS ACE,0.4022,0.0036,0.5942
SPADES FIVE HEARTS JACK,0.448,0.017,0.535
SPADES ACE DIAMONDS ACE,0.2044,0.0052,0.7904
DIAMONDS KING HEARTS TEN,0.3886,0.006,0.6054
CLUBS SIX DIAMONDS NINE,0.2732,0.1,0.6268
CLUBS SIX CLUBS ACE,0.293,0.0184,0.6886
SPADES JACK CLUBS SEVEN,0.4058,0.0186,0.5756
SPADES FOUR HEARTS TEN,0.4612,0.0262,0.5126
SPADES JACK HEARTS NINE,0.3752,0.0188,0.606
SPADES THREE SPADES TWO,0.5862,0.06,0.3538
SPADES SEVEN DIAMONDS FOUR,0.6098,0.0582,0.332
SPADES KING CLUBS SEVEN,0.4164,0.0058,0.5778
CLUBS JACK CLUBS ACE,0.3786,0.0054,0.616
SPADES TWO CLUBS KING,0.4568,0.0102,0.533
DIAMONDS JACK CLUBS ACE,0.3888,0.0036,0.6076
SPADES JACK HEARTS FOUR,0.464,0.0168,0.5192
SPADES JACK CLUBS FOUR,0.4622,0.0186,0.5192
CLUBS SEVEN CLUBS FOUR,0.5828,0.0552,0.362
CLUBS NINE SPADES JACK,0.3892,0.0182,0.5926
HEARTS EIGHT HEARTS NINE,0.2762,0.098,0.6258
CLUBS NINE HEARTS ACE,0.3972,0.003,0.5998
SPADES FOUR HEARTS QUEEN,0.4546,0.0082,0.5372
CLUBS NINE HEARTS KING,0.4028,0.0072,0.59
CLUBS EIGHT CLUBS SIX,0.0678,0.8574,0.0748
CLUBS TEN SPADES NINE,0.3754,0.0194,0.6052
HEARTS QUEEN DIAMONDS NINE,0.376,0.0102,0.6138
DIAMONDS ACE DIAMONDS SEVEN,0.3618,0.0062,0.632
CLUBS EIGHT SPADES NINE,0.2964,0.0994,0.6042
CLUBS SEVEN SPADES FOUR,0.6198,0.0614,0.3188
HEARTS FOUR CLUBS SIX,0.6304,0.135,0.2346
SPADES SEVEN DIAMONDS SEVEN,0.3076,0.0798,0.6126
CLUBS EIGHT DIAMONDS KING,0.3006,0.0296,0.6698
CLUBS SIX HEARTS KING,0.3196,0.036,0.6444
HEARTS FOUR DIAMONDS KING,0.4408,0.0076,0.5516
HEARTS SEVEN SPADES FIVE,0.6096,0.059,0.3314
CLUBS SEVEN CLUBS SIX,0.595,0.1306,0.2744
SPADES NINE DIAMONDS JACK,0.3808,0.0158,0.6034
CLUBS JACK CLUBS SIX,0.293,0.0548,0.6522
CLUBS TEN HEARTS FOUR,0.452,0.0232,0.5248
HEARTS SIX SPADES EIGHT,0.0758,0.8982,0.026
HEARTS FOUR CLUBS KING,0.4602,0.0054,0.5344
CLUBS EIGHT SPADES FOUR,0.4532,0.3504,0.1964
CLUBS TEN DIAMONDS FIVE,0.4472,0.0294,0.5234
CLUBS SEVEN SPADES EIGHT,0.2704,0.2828,0.4468
SPADES TWO HEARTS JACK,0.4674,0.0146,0.518
DIAMONDS TWO SPADES FOUR,0.6238,0.0676,0.3086
CLUBS FIVE HEARTS KING,0.4524,0.005,0.5426
HEARTS QUEEN DIAMONDS FIVE,0.4418,0.0098,0.5484
DIAMONDS THREE DIAMONDS SEVEN,0.6084,0.0668,0.3248
SPADES QUEEN CLUBS QUEEN,0.2306,0.0206,0.7488
CLUBS SEVEN SPADES TWO,0.642,0.0566,0.3014
CLUBS NINE CLUBS QUEEN,0.3772,0.0102,0.6126
SPADES SEVEN HEARTS TEN,0.4114,0.0272,0.5614
HEARTS SEVEN DIAMONDS SEVEN,0.3018,0.0788,0.6194
SPADES NINE DIAMONDS QUEEN,0.3828,0.0108,0.6064
HEARTS EIGHT HEARTS QUEEN,0.3052,0.0402,0.6546
HEARTS SEVEN DIAMONDS KING,0.419,0.0094,0.5716
SPADES JACK SPADES TWO,0.4472,0.017,0.5358
HEARTS THREE CLUBS KING,0.46,0.0072,0.5328
CLUBS TWO DIAMONDS NINE,0.4588,0.0346,0.5066
HEARTS FIVE SPADES SIX,0.6172,0.1402,0.2426
HEARTS KING HEARTS QUEEN,0.366,0.0066,0.6274
DIAMONDS TEN HEARTS JACK,0.3664,0.0138,0.6198
CLUBS JACK SPADES TEN,0.3794,0.0128,0.6078
SPADES SIX HEARTS KING,0.3204,0.0302,0.6494
CLUBS JACK HEARTS SIX,0.3276,0.0516,0.6208
HEARTS THREE SPADES THREE,0.4364,0.0982,0.4654
SPADES KING HEARTS FOUR,0.4626,0.0076,0.5298
HEARTS FOUR HEARTS TWO,0.5906,0.0574,0.352
DIAMONDS ACE CLUBS THREE,0.4408,0.0064,0.5528
SPADES QUEEN CLUBS ACE,0.4008,0.0046,0.5946
HEARTS FIVE SPADES EIGHT,0.4344,0.3556,0.21
CLUBS NINE DIAMONDS NINE,0.1876,0.0596,0.7528
SPADES EIGHT DIAMONDS KING,0.3022,0.0344,0.6634
SPADES JACK CLUBS EIGHT,0.2952,0.0522,0.6526
HEARTS FOUR SPADES SEVEN,0.6028,0.0662,0.331
CLUBS EIGHT CLUBS FOUR,0.4116,0.332,0.2564
CLUBS THREE DIAMONDS JACK,0.4486,0.017,0.5344
DIAMONDS KING CLUBS TWO,0.446,0.0092,0.5448
SPADES JACK SPADES SIX,0.3022,0.053,0.6448
CLUBS SIX SPADES EIGHT,0.0766,0.9024,0.021
SPADES QUEEN CLUBS THREE,0.4552,0.0126,0.5322
SPADES SIX DIAMONDS FIVE,0.612,0.1414,0.2466
SPADES SIX DIAMONDS KING,0.3052,0.0388,0.656
SPADES KING SPADES QUEEN,0.3808,0.0054,0.6138
HEARTS SEVEN CLUBS KING,0.4256,0.0076,0.5668
DIAMONDS JACK HEARTS TEN,0.3594,0.0152,0.6254
CLUBS EIGHT CLUBS TWO,0.431,0.3214,0.2476
SPADES ACE HEARTS THREE,0.4792,0.0048,0.516
CLUBS NINE SPADES FIVE,0.44,0.0408,0.5192
SPADES JACK SPADES SEVEN,0.3916,0.0152,0.5932
SPADES KING HEARTS TEN,0.4078,0.0058,0.5864
HEARTS SIX SPADES SIX,0.3362,0.071,0.5928
CLUBS NINE DIAMONDS ACE,0.3838,0.0054,0.6108
HEARTS ACE HEARTS JACK,0.3746,0.006,0.6194
DIAMONDS TWO SPADES QUEEN,0.4546,0.011,0.5344
SPADES SEVEN HEARTS JACK,0.4252,0.0154,0.5594
