opposingHand,winningChance,drawChance,lostChance
DIAMONDS TWO SPADES TEN
HEARTS FIVE SPADES JACK,0.3542,0.0192,0.6266
SPADES FIVE CLUBS JACK,0.3722,0.016,0.6118
CLUBS TEN SPADES FIVE,0.2162,0.462,0.3218
CLUBS EIGHT CLUBS JACK,0.3198,0.0158,0.6644
CLUBS TEN CLUBS EIGHT,0.215,0.2142,0.5708
CLUBS EIGHT CLUBS KING,0.3396,0.006,0.6544
SPADES FIVE CLUBS ACE,0.3592,0.0044,0.6364
CLUBS EIGHT CLUBS QUEEN,0.3212,0.0106,0.6682
SPADES FIVE CLUBS KING,0.375,0.0072,0.6178
SPADES FIVE CLUBS QUEEN,0.3622,0.0102,0.6276
CLUBS EIGHT CLUBS ACE,0.3362,0.0044,0.6594
HEARTS FIVE SPADES KING,0.354,0.0072,0.6388
HEARTS FIVE SPADES QUEEN,0.3608,0.0122,0.627
SPADES ACE HEARTS FIVE,0.3518,0.0054,0.6428
DIAMONDS THREE DIAMONDS FOUR,0.5294,0.0306,0.44
SPADES FOUR CLUBS TWO,0.6614,0.0758,0.2628
DIAMONDS THREE DIAMONDS FIVE,0.523,0.033,0.444
SPADES FIVE CLUBS TWO,0.6706,0.0728,0.2566
CLUBS TWO SPADES TWO,0.2864,0.0478,0.6658
CLUBS TWO SPADES THREE,0.6654,0.0722,0.2624
DIAMONDS THREE DIAMONDS EIGHT,0.553,0.0306,0.4164
SPADES EIGHT CLUBS TWO,0.696,0.0736,0.2304
DIAMONDS THREE DIAMONDS NINE,0.556,0.0324,0.4116
SPADES NINE CLUBS TWO,0.7022,0.0798,0.218
DIAMONDS THREE DIAMONDS SIX,0.5338,0.0276,0.4386
SPADES SIX CLUBS TWO,0.677,0.069,0.254
DIAMONDS THREE DIAMONDS SEVEN,0.5532,0.028,0.4188
SPADES SEVEN CLUBS TWO,0.6882,0.071,0.2408
CLUBS SIX CLUBS TWO,0.6428,0.068,0.2892
CLUBS SEVEN CLUBS TWO,0.6396,0.0682,0.2922
CLUBS FOUR CLUBS TWO,0.6308,0.068,0.3012
CLUBS FIVE CLUBS TWO,0.6064,0.0688,0.3248
CLUBS TEN CLUBS JACK,0.212,0.0528,0.7352
DIAMONDS FOUR DIAMONDS SIX,0.5206,0.031,0.4484
CLUBS TEN CLUBS QUEEN,0.2182,0.0526,0.7292
DIAMONDS FOUR DIAMONDS SEVEN,0.5346,0.0268,0.4386
CLUBS TEN CLUBS KING,0.2138,0.0296,0.7566
CLUBS TEN CLUBS ACE,0.2168,0.0244,0.7588
CLUBS EIGHT CLUBS TWO,0.6628,0.0738,0.2634
DIAMONDS FOUR DIAMONDS FIVE,0.5084,0.0278,0.4638
CLUBS NINE CLUBS TWO,0.6396,0.0698,0.2906
DIAMONDS FOUR DIAMONDS NINE,0.56,0.0276,0.4124
DIAMONDS FOUR DIAMONDS EIGHT,0.5516,0.0238,0.4246
CLUBS THREE CLUBS TWO,0.6272,0.0754,0.2974
DIAMONDS NINE DIAMONDS FIVE,0.54,0.027,0.433
DIAMONDS FIVE DIAMONDS EIGHT,0.5408,0.0262,0.433
DIAMONDS FIVE DIAMONDS SEVEN,0.5208,0.0286,0.4506
DIAMONDS SIX DIAMONDS FIVE,0.5312,0.028,0.4408
DIAMONDS SIX DIAMONDS EIGHT,0.51,0.023,0.467
DIAMONDS NINE DIAMONDS SIX,0.524,0.0294,0.4466
HEARTS ACE SPADES THREE,0.3588,0.0058,0.6354
SPADES THREE HEARTS KING,0.3556,0.0084,0.636
DIAMONDS SIX DIAMONDS SEVEN,0.5122,0.0288,0.459
SPADES THREE HEARTS QUEEN,0.359,0.0124,0.6286
SPADES THREE HEARTS JACK,0.3602,0.0222,0.6176
SPADES THREE HEARTS TEN,0.2238,0.5284,0.2478
DIAMONDS EIGHT DIAMONDS SEVEN,0.5074,0.0264,0.4662
DIAMONDS NINE DIAMONDS SEVEN,0.5054,0.0266,0.468
DIAMONDS NINE DIAMONDS EIGHT,0.5054,0.0258,0.4688
DIAMONDS KING HEARTS TEN,0.2156,0.0386,0.7458
HEARTS THREE HEARTS TEN,0.2006,0.501,0.2984
SPADES JACK CLUBS SIX,0.3588,0.0164,0.6248
DIAMONDS KING HEARTS JACK,0.3104,0.0056,0.684
HEARTS THREE HEARTS JACK,0.3342,0.0244,0.6414
SPADES JACK SPADES FIVE,0.3436,0.0208,0.6356
DIAMONDS KING HEARTS ACE,0.31,0.0044,0.6856
HEARTS THREE HEARTS ACE,0.3302,0.0058,0.664
SPADES ACE CLUBS SIX,0.354,0.004,0.642
DIAMONDS KING HEARTS QUEEN,0.3038,0.0082,0.688
HEARTS THREE HEARTS QUEEN,0.3348,0.012,0.6532
SPADES KING CLUBS SIX,0.3714,0.0056,0.623
DIAMONDS KING HEARTS KING,0.1244,0.0118,0.8638
HEARTS THREE HEARTS KING,0.343,0.0086,0.6484
SPADES QUEEN CLUBS SIX,0.3532,0.0126,0.6342
SPADES NINE HEARTS TEN,0.2252,0.1604,0.6144
SPADES NINE HEARTS JACK,0.3368,0.0174,0.6458
SPADES QUEEN SPADES FIVE,0.3498,0.0134,0.6368
SPADES KING SPADES FIVE,0.341,0.01,0.649
SPADES ACE SPADES FIVE,0.3348,0.0062,0.659
SPADES NINE HEARTS QUEEN,0.3348,0.0116,0.6536
SPADES NINE HEARTS KING,0.3516,0.0058,0.6426
SPADES NINE HEARTS ACE,0.358,0.006,0.636
CLUBS TEN SPADES JACK,0.2204,0.0572,0.7224
SPADES ACE CLUBS TEN,0.2232,0.0268,0.75
SPADES KING CLUBS TEN,0.2228,0.0342,0.743
CLUBS TEN SPADES QUEEN,0.2194,0.0438,0.7368
SPADES FIVE HEARTS QUEEN,0.3506,0.0104,0.639
SPADES FIVE HEARTS KING,0.3656,0.0062,0.6282
SPADES FIVE HEARTS ACE,0.3478,0.0064,0.6458
SPADES JACK HEARTS THREE,0.3432,0.021,0.6358
SPADES JACK DIAMONDS KING,0.3014,0.0056,0.693
SPADES JACK CLUBS EIGHT,0.328,0.0184,0.6536
CLUBS SIX HEARTS ACE,0.3714,0.0034,0.6252
SPADES ACE CLUBS EIGHT,0.3498,0.0038,0.6464
HEARTS FIVE CLUBS JACK,0.3512,0.0194,0.6294
HEARTS FIVE CLUBS TEN,0.2198,0.467,0.3132
CLUBS SIX HEARTS QUEEN,0.35,0.013,0.637
SPADES QUEEN CLUBS EIGHT,0.3432,0.0128,0.644
CLUBS TEN SPADES THREE,0.2216,0.5204,0.258
CLUBS SIX HEARTS KING,0.3538,0.007,0.6392
SPADES KING CLUBS EIGHT,0.366,0.0082,0.6258
SPADES THREE CLUBS JACK,0.3638,0.0202,0.616
SPADES THREE CLUBS QUEEN,0.3678,0.0128,0.6194
SPADES THREE CLUBS KING,0.3674,0.0092,0.6234
HEARTS FIVE CLUBS ACE,0.3652,0.0024,0.6324
SPADES FIVE HEARTS TEN,0.232,0.454,0.314
SPADES THREE CLUBS ACE,0.354,0.007,0.639
HEARTS FIVE CLUBS KING,0.3676,0.0098,0.6226
SPADES FIVE HEARTS JACK,0.3626,0.0198,0.6176
HEARTS FIVE CLUBS QUEEN,0.3396,0.0122,0.6482
HEARTS THREE CLUBS KING,0.3676,0.0082,0.6242
DIAMONDS KING CLUBS KING,0.124,0.0114,0.8646
HEARTS THREE CLUBS QUEEN,0.3636,0.0138,0.6226
DIAMONDS KING CLUBS QUEEN,0.3076,0.006,0.6864
HEARTS FIVE HEARTS JACK,0.3412,0.0204,0.6384
HEARTS FIVE HEARTS TEN,0.1986,0.4412,0.3602
HEARTS THREE CLUBS ACE,0.3474,0.0058,0.6468
DIAMONDS KING CLUBS ACE,0.3146,0.0082,0.6772
SPADES ACE CLUBS QUEEN,0.3106,0.0054,0.684
SPADES KING CLUBS QUEEN,0.2992,0.0066,0.6942
HEARTS THREE CLUBS JACK,0.3604,0.0196,0.62
DIAMONDS KING CLUBS JACK,0.305,0.0056,0.6894
SPADES QUEEN CLUBS QUEEN,0.1278,0.0156,0.8566
CLUBS TEN HEARTS THREE,0.227,0.5068,0.2662
CLUBS TEN DIAMONDS KING,0.2256,0.0374,0.737
SPADES JACK CLUBS QUEEN,0.2878,0.0122,0.7
CLUBS SIX CLUBS QUEEN,0.3314,0.0116,0.657
CLUBS SIX CLUBS KING,0.3552,0.0076,0.6372
CLUBS SIX CLUBS ACE,0.335,0.0032,0.6618
HEARTS FIVE HEARTS KING,0.341,0.0078,0.6512
HEARTS FIVE HEARTS QUEEN,0.3404,0.009,0.6506
CLUBS TEN CLUBS SIX,0.2058,0.3542,0.44
HEARTS FIVE HEARTS ACE,0.3196,0.0062,0.6742
CLUBS SIX CLUBS JACK,0.3274,0.0204,0.6522
SPADES SEVEN HEARTS JACK,0.3478,0.0212,0.631
SPADES SEVEN HEARTS TEN,0.2236,0.2914,0.485
SPADES SEVEN HEARTS ACE,0.3508,0.0054,0.6438
SPADES SEVEN HEARTS KING,0.3542,0.008,0.6378
SPADES SEVEN HEARTS QUEEN,0.3736,0.011,0.6154
CLUBS FOUR SPADES FIVE,0.5452,0.0274,0.4274
CLUBS FOUR SPADES FOUR,0.3018,0.067,0.6312
CLUBS FOUR SPADES THREE,0.5518,0.0388,0.4094
CLUBS FOUR SPADES TWO,0.668,0.0774,0.2546
SPADES NINE CLUBS FOUR,0.5804,0.0288,0.3908
SPADES EIGHT CLUBS FOUR,0.5896,0.0304,0.38
SPADES SEVEN CLUBS FOUR,0.5538,0.0302,0.416
SPADES SIX CLUBS FOUR,0.5484,0.0278,0.4238
SPADES ACE DIAMONDS SIX,0.3588,0.005,0.6362
SPADES QUEEN DIAMONDS SIX,0.3624,0.0108,0.6268
SPADES KING DIAMONDS SIX,0.3456,0.0086,0.6458
SPADES JACK DIAMONDS SIX,0.3618,0.015,0.6232
SPADES QUEEN SPADES TWO,0.2308,0.0378,0.7314
SPADES KING SPADES TWO,0.2226,0.0274,0.75
SPADES ACE SPADES TWO,0.2286,0.0176,0.7538
DIAMONDS JACK CLUBS JACK,0.1348,0.0198,0.8454
CLUBS TEN DIAMONDS JACK,0.2154,0.0572,0.7274
DIAMONDS JACK CLUBS KING,0.31,0.0066,0.6834
DIAMONDS JACK CLUBS QUEEN,0.299,0.0096,0.6914
DIAMONDS THREE DIAMONDS JACK,0.3452,0.021,0.6338
DIAMONDS THREE DIAMONDS TEN,0.2022,0.5018,0.296
DIAMONDS JACK CLUBS ACE,0.3124,0.0036,0.684
DIAMONDS THREE DIAMONDS KING,0.35,0.0076,0.6424
DIAMONDS THREE HEARTS THREE,0.2882,0.073,0.6388
DIAMONDS THREE DIAMONDS QUEEN,0.3468,0.0152,0.638
DIAMONDS THREE HEARTS TWO,0.6626,0.0768,0.2606
HEARTS FIVE DIAMONDS THREE,0.5546,0.0336,0.4118
DIAMONDS THREE DIAMONDS ACE,0.3284,0.0042,0.6674
HEARTS FOUR DIAMONDS THREE,0.559,0.0326,0.4084
HEARTS SEVEN DIAMONDS THREE,0.5612,0.0312,0.4076
DIAMONDS THREE HEARTS SIX,0.561,0.0304,0.4086
SPADES JACK SPADES NINE,0.3036,0.0142,0.6822
DIAMONDS THREE HEARTS NINE,0.5754,0.0278,0.3968
DIAMONDS FOUR HEARTS JACK,0.3484,0.0168,0.6348
HEARTS ACE HEARTS KING,0.2934,0.005,0.7016
DIAMONDS THREE HEARTS EIGHT,0.5884,0.0272,0.3844
DIAMONDS FOUR HEARTS TEN,0.2172,0.5114,0.2714
SPADES JACK SPADES TWO,0.2232,0.056,0.7208
DIAMONDS FOUR HEARTS QUEEN,0.3496,0.0144,0.636
DIAMONDS FOUR HEARTS KING,0.354,0.0106,0.6354
SPADES ACE SPADES NINE,0.339,0.0042,0.6568
DIAMONDS FOUR HEARTS ACE,0.343,0.0054,0.6516
SPADES KING SPADES NINE,0.3196,0.006,0.6744
SPADES QUEEN SPADES NINE,0.3264,0.0122,0.6614
DIAMONDS THREE SPADES NINE,0.5784,0.0306,0.391
DIAMONDS THREE SPADES EIGHT,0.5802,0.0302,0.3896
DIAMONDS THREE SPADES SEVEN,0.5716,0.0296,0.3988
DIAMONDS THREE SPADES SIX,0.5616,0.0304,0.408
DIAMONDS THREE CLUBS SIX,0.5606,0.0272,0.4122
CLUBS FIVE CLUBS SIX,0.5154,0.026,0.4586
DIAMONDS FOUR CLUBS ACE,0.3566,0.0058,0.6376
CLUBS SEVEN DIAMONDS THREE,0.5746,0.0316,0.3938
CLUBS SEVEN CLUBS FIVE,0.5008,0.0292,0.47
DIAMONDS THREE CLUBS FOUR,0.5412,0.0362,0.4226
DIAMONDS FOUR CLUBS QUEEN,0.3416,0.012,0.6464
DIAMONDS THREE CLUBS FIVE,0.5478,0.0316,0.4206
DIAMONDS FOUR CLUBS KING,0.3496,0.0082,0.6422
DIAMONDS THREE CLUBS TWO,0.6724,0.0702,0.2574
CLUBS TEN DIAMONDS FOUR,0.223,0.5082,0.2688
DIAMONDS THREE CLUBS THREE,0.309,0.076,0.615
DIAMONDS FOUR CLUBS JACK,0.3462,0.0176,0.6362
DIAMONDS THREE SPADES FOUR,0.5558,0.039,0.4052
DIAMONDS THREE SPADES FIVE,0.5648,0.036,0.3992
DIAMONDS THREE SPADES TWO,0.663,0.0686,0.2684
DIAMONDS THREE SPADES THREE,0.2968,0.0692,0.634
DIAMONDS THREE CLUBS EIGHT,0.5858,0.0244,0.3898
CLUBS NINE DIAMONDS THREE,0.587,0.0278,0.3852
SPADES SEVEN CLUBS ACE,0.3498,0.0068,0.6434
SPADES SEVEN CLUBS QUEEN,0.3602,0.0104,0.6294
SPADES SEVEN CLUBS KING,0.3624,0.0098,0.6278
CLUBS FIVE SPADES SEVEN,0.5398,0.0278,0.4324
CLUBS TEN SPADES SEVEN,0.2204,0.3,0.4796
CLUBS FIVE SPADES SIX,0.547,0.0256,0.4274
SPADES SEVEN CLUBS JACK,0.3472,0.0178,0.635
SPADES NINE CLUBS FIVE,0.5638,0.0266,0.4096
CLUBS FIVE SPADES EIGHT,0.5596,0.0248,0.4156
CLUBS FIVE SPADES THREE,0.5598,0.028,0.4122
CLUBS FIVE SPADES TWO,0.6578,0.0732,0.269
CLUBS FIVE SPADES FIVE,0.289,0.0672,0.6438
CLUBS FIVE SPADES FOUR,0.5498,0.0344,0.4158
CLUBS NINE CLUBS FIVE,0.5398,0.0248,0.4354
CLUBS EIGHT CLUBS FIVE,0.5188,0.0268,0.4544
CLUBS ACE CLUBS QUEEN,0.2938,0.004,0.7022
CLUBS KING CLUBS QUEEN,0.293,0.0074,0.6996
DIAMONDS FOUR DIAMONDS TEN,0.2072,0.4908,0.302
CLUBS TEN DIAMONDS NINE,0.2172,0.1672,0.6156
DIAMONDS FOUR DIAMONDS JACK,0.3484,0.019,0.6326
DIAMONDS NINE CLUBS JACK,0.312,0.0156,0.6724
SPADES NINE CLUBS JACK,0.3184,0.0152,0.6664
CLUBS TEN SPADES NINE,0.2276,0.1692,0.6032
DIAMONDS FOUR DIAMONDS ACE,0.333,0.0054,0.6616
HEARTS FOUR DIAMONDS FOUR,0.2926,0.0674,0.64
DIAMONDS JACK HEARTS TEN,0.217,0.0592,0.7238
SPADES NINE CLUBS KING,0.365,0.0076,0.6274
DIAMONDS NINE CLUBS ACE,0.3492,0.0054,0.6454
HEARTS FIVE DIAMONDS FOUR,0.553,0.0274,0.4196
DIAMONDS JACK HEARTS JACK,0.1342,0.0214,0.8444
SPADES NINE CLUBS QUEEN,0.3442,0.0118,0.644
DIAMONDS FOUR DIAMONDS QUEEN,0.3468,0.011,0.6422
DIAMONDS FOUR HEARTS TWO,0.656,0.0718,0.2722
DIAMONDS NINE CLUBS QUEEN,0.339,0.0114,0.6496
DIAMONDS FOUR DIAMONDS KING,0.3392,0.0076,0.6532
DIAMONDS FOUR HEARTS THREE,0.5544,0.0282,0.4174
SPADES NINE CLUBS ACE,0.3522,0.0044,0.6434
DIAMONDS NINE CLUBS KING,0.3338,0.0076,0.6586
HEARTS ACE DIAMONDS JACK,0.3004,0.0036,0.696
HEARTS QUEEN DIAMONDS JACK,0.283,0.0094,0.7076
HEARTS KING DIAMONDS JACK,0.296,0.0076,0.6964
SPADES JACK SPADES SEVEN,0.3194,0.0136,0.667
CLUBS SEVEN CLUBS THREE,0.5532,0.0248,0.422
CLUBS SIX CLUBS THREE,0.5222,0.0308,0.447
CLUBS FIVE CLUBS THREE,0.5168,0.0282,0.455
CLUBS THREE CLUBS FOUR,0.514,0.0318,0.4542
CLUBS NINE CLUBS THREE,0.5518,0.0322,0.416
CLUBS EIGHT CLUBS THREE,0.5522,0.0258,0.422
CLUBS THREE SPADES FIVE,0.5492,0.0292,0.4216
CLUBS THREE SPADES FOUR,0.5642,0.0306,0.4052
CLUBS THREE SPADES THREE,0.2988,0.0738,0.6274
CLUBS THREE SPADES TWO,0.6632,0.0756,0.2612
CLUBS THREE SPADES SIX,0.5668,0.029,0.4042
SPADES SEVEN CLUBS THREE,0.5688,0.0324,0.3988
SPADES EIGHT CLUBS THREE,0.5774,0.0254,0.3972
SPADES NINE CLUBS THREE,0.5916,0.0284,0.38
DIAMONDS FOUR SPADES TWO,0.6602,0.0764,0.2634
DIAMONDS FOUR SPADES THREE,0.5522,0.0304,0.4174
DIAMONDS FOUR SPADES FOUR,0.2918,0.0694,0.6388
DIAMONDS FOUR SPADES FIVE,0.5394,0.036,0.4246
DIAMONDS FOUR SPADES SIX,0.5504,0.026,0.4236
DIAMONDS FOUR SPADES SEVEN,0.5466,0.0278,0.4256
DIAMONDS FOUR SPADES EIGHT,0.563,0.0358,0.4012
DIAMONDS FOUR SPADES NINE,0.582,0.0268,0.3912
DIAMONDS FOUR CLUBS FIVE,0.5336,0.0298,0.4366
DIAMONDS FOUR CLUBS FOUR,0.294,0.0618,0.6442
CLUBS SEVEN DIAMONDS FOUR,0.563,0.0266,0.4104
DIAMONDS FOUR CLUBS SIX,0.5444,0.0242,0.4314
CLUBS NINE DIAMONDS FOUR,0.5818,0.0228,0.3954
CLUBS EIGHT DIAMONDS FOUR,0.5706,0.03,0.3994
HEARTS SEVEN DIAMONDS FOUR,0.558,0.0246,0.4174
HEARTS SIX DIAMONDS FOUR,0.542,0.03,0.428
DIAMONDS FOUR HEARTS NINE,0.5762,0.0286,0.3952
DIAMONDS FOUR HEARTS EIGHT,0.5766,0.0286,0.3948
DIAMONDS FOUR CLUBS THREE,0.547,0.0302,0.4228
DIAMONDS FOUR CLUBS TWO,0.651,0.0712,0.2778
DIAMONDS TEN DIAMONDS FIVE,0.2122,0.4508,0.337
DIAMONDS JACK DIAMONDS FIVE,0.3356,0.019,0.6454
DIAMONDS NINE HEARTS QUEEN,0.3484,0.0112,0.6404
DIAMONDS NINE HEARTS KING,0.3446,0.0088,0.6466
HEARTS ACE DIAMONDS NINE,0.3484,0.004,0.6476
DIAMONDS NINE HEARTS TEN,0.212,0.1698,0.6182
DIAMONDS NINE HEARTS JACK,0.3242,0.0156,0.6602
DIAMONDS SIX CLUBS KING,0.358,0.0082,0.6338
DIAMONDS SIX CLUBS QUEEN,0.3518,0.0096,0.6386
CLUBS ACE DIAMONDS SIX,0.348,0.0046,0.6474
SPADES KING DIAMONDS FOUR,0.3538,0.0122,0.634
SPADES ACE SPADES SEVEN,0.3366,0.0056,0.6578
SPADES QUEEN DIAMONDS FOUR,0.3526,0.015,0.6324
SPADES QUEEN SPADES SEVEN,0.3436,0.0124,0.644
DIAMONDS SIX CLUBS JACK,0.357,0.0172,0.6258
SPADES KING SPADES SEVEN,0.3376,0.0078,0.6546
SPADES ACE DIAMONDS FOUR,0.3458,0.0054,0.6488
CLUBS TEN DIAMONDS SIX,0.2178,0.3808,0.4014
CLUBS NINE CLUBS FOUR,0.5442,0.028,0.4278
CLUBS EIGHT CLUBS FOUR,0.545,0.0298,0.4252
SPADES JACK DIAMONDS FOUR,0.3542,0.018,0.6278
CLUBS FIVE CLUBS FOUR,0.525,0.027,0.448
CLUBS SEVEN CLUBS FOUR,0.5138,0.03,0.4562
CLUBS SIX CLUBS FOUR,0.5324,0.0286,0.439
CLUBS SEVEN SPADES EIGHT,0.5256,0.0256,0.4488
CLUBS SEVEN SPADES NINE,0.5402,0.0282,0.4316
CLUBS SEVEN SPADES SIX,0.5196,0.0296,0.4508
CLUBS SEVEN SPADES SEVEN,0.2816,0.0538,0.6646
CLUBS SEVEN SPADES FIVE,0.5428,0.0288,0.4284
CLUBS SEVEN SPADES FOUR,0.5564,0.033,0.4106
CLUBS SEVEN SPADES THREE,0.5682,0.0274,0.4044
CLUBS SEVEN SPADES TWO,0.6928,0.072,0.2352
CLUBS NINE CLUBS SEVEN,0.5068,0.0222,0.471
CLUBS SEVEN CLUBS EIGHT,0.5002,0.0274,0.4724
HEARTS SIX DIAMONDS FIVE,0.5292,0.0266,0.4442
HEARTS SEVEN DIAMONDS FIVE,0.5334,0.0276,0.439
DIAMONDS FIVE HEARTS EIGHT,0.5584,0.0274,0.4142
DIAMONDS FIVE HEARTS NINE,0.5666,0.0286,0.4048
DIAMONDS QUEEN DIAMONDS FIVE,0.3404,0.0126,0.647
HEARTS TWO DIAMONDS FIVE,0.6654,0.0722,0.2624
HEARTS KING HEARTS EIGHT,0.34,0.0096,0.6504
DIAMONDS KING DIAMONDS FIVE,0.3424,0.0084,0.6492
HEARTS THREE DIAMONDS FIVE,0.554,0.0328,0.4132
HEARTS QUEEN HEARTS EIGHT,0.3232,0.011,0.6658
DIAMONDS ACE DIAMONDS FIVE,0.3298,0.0062,0.664
HEARTS FOUR DIAMONDS FIVE,0.5436,0.0286,0.4278
HEARTS FIVE DIAMONDS FIVE,0.2862,0.0668,0.647
HEARTS ACE HEARTS EIGHT,0.3292,0.0052,0.6656
CLUBS FOUR DIAMONDS FIVE,0.5352,0.0294,0.4354
CLUBS FIVE DIAMONDS FIVE,0.2906,0.0624,0.647
CLUBS SIX DIAMONDS FIVE,0.5418,0.0302,0.428
CLUBS SEVEN DIAMONDS FIVE,0.5328,0.0286,0.4386
CLUBS TWO DIAMONDS FIVE,0.6576,0.0776,0.2648
CLUBS THREE DIAMONDS FIVE,0.5546,0.0318,0.4136
SPADES THREE DIAMONDS FIVE,0.5514,0.0298,0.4188
SPADES TWO DIAMONDS FIVE,0.6616,0.0696,0.2688
SPADES JACK DIAMONDS EIGHT,0.3284,0.0192,0.6524
SPADES FIVE DIAMONDS FIVE,0.2886,0.0694,0.642
CLUBS TEN HEARTS JACK,0.2138,0.0538,0.7324
SPADES FOUR DIAMONDS FIVE,0.5336,0.0318,0.4346
HEARTS JACK CLUBS JACK,0.141,0.0252,0.8338
HEARTS JACK CLUBS QUEEN,0.309,0.0096,0.6814
CLUBS NINE DIAMONDS FIVE,0.5616,0.0262,0.4122
CLUBS KING HEARTS JACK,0.3182,0.0078,0.674
CLUBS EIGHT DIAMONDS FIVE,0.5586,0.0266,0.4148
CLUBS ACE HEARTS JACK,0.321,0.0016,0.6774
SPADES SEVEN DIAMONDS FIVE,0.5496,0.0266,0.4238
SPADES KING DIAMONDS EIGHT,0.346,0.0092,0.6448
SPADES SIX DIAMONDS FIVE,0.5366,0.032,0.4314
SPADES QUEEN DIAMONDS EIGHT,0.343,0.0114,0.6456
SPADES NINE DIAMONDS FIVE,0.5692,0.0282,0.4026
SPADES EIGHT DIAMONDS FIVE,0.556,0.0288,0.4152
SPADES ACE DIAMONDS EIGHT,0.3372,0.0074,0.6554
DIAMONDS TEN DIAMONDS SIX,0.202,0.3572,0.4408
HEARTS ACE DIAMONDS SEVEN,0.3556,0.0052,0.6392
DIAMONDS JACK DIAMONDS SIX,0.348,0.0154,0.6366
HEARTS QUEEN DIAMONDS SEVEN,0.3506,0.012,0.6374
HEARTS KING DIAMONDS SEVEN,0.3432,0.0084,0.6484
DIAMONDS ACE DIAMONDS SIX,0.3328,0.0072,0.66
HEARTS FOUR DIAMONDS SIX,0.552,0.0274,0.4206
SPADES TWO HEARTS JACK,0.2328,0.0518,0.7154
HEARTS FIVE DIAMONDS SIX,0.5388,0.0282,0.433
SPADES TWO HEARTS TEN,0.0208,0.9682,0.011
DIAMONDS QUEEN DIAMONDS SIX,0.3366,0.0156,0.6478
HEARTS TWO DIAMONDS SIX,0.6766,0.0734,0.25
DIAMONDS KING DIAMONDS SIX,0.3366,0.0082,0.6552
HEARTS THREE DIAMONDS SIX,0.5588,0.0328,0.4084
DIAMONDS SIX HEARTS EIGHT,0.5452,0.028,0.4268
DIAMONDS SIX HEARTS NINE,0.549,0.0268,0.4242
HEARTS SIX DIAMONDS SIX,0.279,0.0602,0.6608
HEARTS SEVEN DIAMONDS SIX,0.5324,0.0244,0.4432
HEARTS TEN DIAMONDS SEVEN,0.2218,0.2844,0.4938
CLUBS TWO DIAMONDS SIX,0.6768,0.0746,0.2486
HEARTS JACK DIAMONDS SEVEN,0.3376,0.0178,0.6446
CLUBS THREE DIAMONDS SIX,0.5668,0.0318,0.4014
CLUBS SEVEN DIAMONDS SIX,0.5272,0.0258,0.447
DIAMONDS EIGHT CLUBS JACK,0.3262,0.0158,0.658
CLUBS SIX DIAMONDS SIX,0.289,0.0592,0.6518
CLUBS TEN DIAMONDS EIGHT,0.2122,0.214,0.5738
CLUBS FIVE DIAMONDS SIX,0.5424,0.0318,0.4258
CLUBS FOUR DIAMONDS SIX,0.5434,0.026,0.4306
HEARTS ACE HEARTS JACK,0.284,0.0052,0.7108
CLUBS ACE DIAMONDS EIGHT,0.3466,0.0038,0.6496
HEARTS QUEEN HEARTS JACK,0.2768,0.0084,0.7148
CLUBS KING DIAMONDS EIGHT,0.3574,0.007,0.6356
CLUBS NINE DIAMONDS SIX,0.5602,0.0256,0.4142
HEARTS KING HEARTS JACK,0.295,0.0068,0.6982
CLUBS QUEEN DIAMONDS EIGHT,0.3428,0.0116,0.6456
CLUBS EIGHT DIAMONDS SIX,0.5502,0.028,0.4218
SPADES FIVE DIAMONDS SIX,0.5402,0.0344,0.4254
HEARTS ACE SPADES TWO,0.2388,0.0202,0.741
SPADES JACK HEARTS KING,0.2976,0.0068,0.6956
SPADES FOUR DIAMONDS SIX,0.5538,0.0304,0.4158
SPADES THREE DIAMONDS SIX,0.5572,0.0336,0.4092
HEARTS QUEEN SPADES TWO,0.235,0.0458,0.7192
SPADES ACE SPADES KING,0.3054,0.0064,0.6882
SPADES TWO HEARTS KING,0.2496,0.0308,0.7196
SPADES TWO DIAMONDS SIX,0.7052,0.0708,0.224
HEARTS TEN HEARTS EIGHT,0.2134,0.199,0.5876
SPADES NINE DIAMONDS SIX,0.5372,0.0278,0.435
HEARTS JACK HEARTS EIGHT,0.3172,0.0172,0.6656
SPADES EIGHT DIAMONDS SIX,0.5418,0.0274,0.4308
SPADES SEVEN DIAMONDS SIX,0.5146,0.0262,0.4592
SPADES SIX DIAMONDS SIX,0.2808,0.0624,0.6568
SPADES KING HEARTS KING,0.1178,0.0096,0.8726
SPADES QUEEN HEARTS KING,0.309,0.008,0.683
CLUBS ACE CLUBS KING,0.2944,0.0054,0.7002
SPADES ACE HEARTS KING,0.3222,0.0046,0.6732
SPADES ACE HEARTS JACK,0.3116,0.0032,0.6852
SPADES QUEEN HEARTS JACK,0.3038,0.0138,0.6824
SPADES KING HEARTS JACK,0.297,0.0066,0.6964
SPADES JACK DIAMONDS TEN,0.204,0.0516,0.7444
SPADES ACE DIAMONDS TEN,0.2082,0.0292,0.7626
SPADES JACK HEARTS JACK,0.1298,0.023,0.8472
SPADES QUEEN DIAMONDS TEN,0.2134,0.05,0.7366
SPADES KING DIAMONDS TEN,0.2072,0.041,0.7518
SPADES NINE DIAMONDS SEVEN,0.54,0.0266,0.4334
SPADES EIGHT DIAMONDS SEVEN,0.522,0.0314,0.4466
SPADES SEVEN DIAMONDS SEVEN,0.2748,0.0564,0.6688
SPADES SIX DIAMONDS SEVEN,0.5334,0.0286,0.438
DIAMONDS KING DIAMONDS SEVEN,0.3476,0.0102,0.6422
HEARTS THREE DIAMONDS SEVEN,0.5754,0.0274,0.3972
HEARTS KING DIAMONDS FIVE,0.3566,0.0072,0.6362
DIAMONDS QUEEN DIAMONDS SEVEN,0.345,0.0104,0.6446
HEARTS TWO DIAMONDS SEVEN,0.6822,0.0726,0.2452
HEARTS QUEEN DIAMONDS FIVE,0.3618,0.012,0.6262
HEARTS FIVE DIAMONDS SEVEN,0.5422,0.0316,0.4262
DIAMONDS ACE DIAMONDS SEVEN,0.3516,0.0052,0.6432
HEARTS FOUR DIAMONDS SEVEN,0.55,0.0296,0.4204
HEARTS ACE DIAMONDS FIVE,0.345,0.005,0.65
HEARTS SEVEN DIAMONDS SEVEN,0.289,0.0534,0.6576
HEARTS SIX DIAMONDS SEVEN,0.54,0.0254,0.4346
HEARTS NINE DIAMONDS SEVEN,0.5442,0.029,0.4268
HEARTS EIGHT DIAMONDS SEVEN,0.515,0.0254,0.4596
DIAMONDS JACK DIAMONDS SEVEN,0.3254,0.0164,0.6582
HEARTS JACK DIAMONDS FIVE,0.3422,0.0164,0.6414
DIAMONDS TEN DIAMONDS SEVEN,0.2094,0.2782,0.5124
HEARTS TEN DIAMONDS FIVE,0.211,0.4654,0.3236
SPADES KING CLUBS TWO,0.236,0.0328,0.7312
HEARTS KING CLUBS KING,0.136,0.0102,0.8538
CLUBS EIGHT DIAMONDS SEVEN,0.5254,0.0286,0.446
SPADES QUEEN CLUBS TWO,0.238,0.0388,0.7232
HEARTS KING CLUBS QUEEN,0.3064,0.0082,0.6854
CLUBS NINE DIAMONDS SEVEN,0.5416,0.028,0.4304
SPADES TWO CLUBS JACK,0.2324,0.0542,0.7134
SPADES ACE CLUBS TWO,0.2384,0.0174,0.7442
CLUBS TEN SPADES TWO,0.0204,0.9694,0.0102
HEARTS KING CLUBS ACE,0.3234,0.0048,0.6718
CLUBS SEVEN CLUBS SIX,0.5014,0.027,0.4716
SPADES TWO CLUBS KING,0.2456,0.0282,0.7262
SPADES TWO DIAMONDS SEVEN,0.6924,0.08,0.2276
CLUBS EIGHT CLUBS SIX,0.5112,0.0258,0.463
SPADES THREE DIAMONDS SEVEN,0.5728,0.0318,0.3954
SPADES TWO CLUBS QUEEN,0.2338,0.0402,0.726
CLUBS NINE CLUBS SIX,0.5222,0.0302,0.4476
SPADES FOUR DIAMONDS SEVEN,0.5462,0.0336,0.4202
HEARTS KING CLUBS JACK,0.3106,0.0084,0.681
SPADES FIVE DIAMONDS SEVEN,0.5324,0.0264,0.4412
SPADES TWO CLUBS ACE,0.2452,0.0168,0.738
CLUBS TEN HEARTS KING,0.2288,0.0338,0.7374
CLUBS SIX SPADES TWO,0.667,0.074,0.259
CLUBS SIX SPADES THREE,0.5664,0.031,0.4026
CLUBS TWO DIAMONDS SEVEN,0.6896,0.0634,0.247
CLUBS SIX SPADES FOUR,0.5554,0.0316,0.413
CLUBS THREE DIAMONDS SEVEN,0.5584,0.0298,0.4118
CLUBS SIX SPADES FIVE,0.551,0.027,0.422
CLUBS FOUR DIAMONDS SEVEN,0.5558,0.0276,0.4166
CLUBS SIX SPADES SIX,0.2906,0.0568,0.6526
CLUBS FIVE DIAMONDS SEVEN,0.5408,0.029,0.4302
CLUBS SIX SPADES SEVEN,0.5398,0.0276,0.4326
CLUBS SIX DIAMONDS SEVEN,0.5328,0.0306,0.4366
SPADES EIGHT CLUBS SIX,0.541,0.0274,0.4316
SPADES JACK CLUBS TWO,0.2342,0.0548,0.711
CLUBS SEVEN DIAMONDS SEVEN,0.2794,0.05,0.6706
SPADES NINE CLUBS SIX,0.5552,0.0302,0.4146
CLUBS TWO CLUBS QUEEN,0.224,0.0394,0.7366
CLUBS TWO CLUBS KING,0.2314,0.0246,0.744
CLUBS THREE DIAMONDS EIGHT,0.5906,0.028,0.3814
CLUBS TWO CLUBS ACE,0.2246,0.0148,0.7606
CLUBS TWO DIAMONDS EIGHT,0.683,0.0734,0.2436
HEARTS SEVEN DIAMONDS EIGHT,0.519,0.029,0.452
HEARTS SIX DIAMONDS EIGHT,0.5318,0.0294,0.4388
DIAMONDS EIGHT HEARTS NINE,0.5204,0.0274,0.4522
CLUBS TEN CLUBS TWO,0.0228,0.9032,0.074
HEARTS EIGHT DIAMONDS EIGHT,0.2768,0.041,0.6822
CLUBS TWO CLUBS JACK,0.232,0.0452,0.7228
CLUBS NINE DIAMONDS EIGHT,0.5346,0.0252,0.4402
CLUBS EIGHT DIAMONDS EIGHT,0.27,0.0458,0.6842
CLUBS FIVE DIAMONDS EIGHT,0.553,0.027,0.42
SPADES ACE SPADES THREE,0.3246,0.0064,0.669
CLUBS FOUR DIAMONDS EIGHT,0.57,0.0288,0.4012
CLUBS SEVEN DIAMONDS EIGHT,0.5248,0.0294,0.4458
SPADES QUEEN SPADES THREE,0.3384,0.0158,0.6458
CLUBS SIX DIAMONDS EIGHT,0.5366,0.025,0.4384
SPADES KING SPADES THREE,0.3372,0.0078,0.655
DIAMONDS QUEEN DIAMONDS EIGHT,0.3384,0.0134,0.6482
HEARTS TWO DIAMONDS EIGHT,0.685,0.0808,0.2342
DIAMONDS KING DIAMONDS EIGHT,0.3524,0.0068,0.6408
HEARTS THREE DIAMONDS EIGHT,0.5828,0.0308,0.3864
DIAMONDS ACE DIAMONDS EIGHT,0.3376,0.0034,0.659
HEARTS FOUR DIAMONDS EIGHT,0.5842,0.0292,0.3866
HEARTS FIVE DIAMONDS EIGHT,0.564,0.0274,0.4086
DIAMONDS TEN DIAMONDS EIGHT,0.2092,0.2076,0.5832
DIAMONDS JACK DIAMONDS EIGHT,0.3254,0.0172,0.6574
SPADES JACK SPADES THREE,0.3386,0.021,0.6404
CLUBS FOUR HEARTS ACE,0.3528,0.0064,0.6408
CLUBS FOUR HEARTS QUEEN,0.369,0.0114,0.6196
CLUBS FOUR HEARTS KING,0.3644,0.0066,0.629
CLUBS SIX HEARTS TEN,0.222,0.384,0.394
CLUBS SIX HEARTS JACK,0.36,0.018,0.622
SPADES FOUR DIAMONDS EIGHT,0.5706,0.032,0.3974
SPADES FIVE DIAMONDS EIGHT,0.5696,0.0284,0.402
SPADES TWO DIAMONDS EIGHT,0.7022,0.0668,0.231
SPADES THREE DIAMONDS EIGHT,0.5862,0.0326,0.3812
CLUBS FOUR HEARTS JACK,0.357,0.018,0.625
SPADES EIGHT DIAMONDS EIGHT,0.2672,0.0434,0.6894
SPADES JACK HEARTS EIGHT,0.3238,0.0172,0.659
CLUBS FOUR HEARTS TEN,0.2178,0.5092,0.273
SPADES NINE DIAMONDS EIGHT,0.5312,0.0262,0.4426
SPADES JACK HEARTS TWO,0.2258,0.0528,0.7214
SPADES JACK DIAMONDS QUEEN,0.296,0.0102,0.6938
SPADES SIX DIAMONDS EIGHT,0.5478,0.029,0.4232
SPADES SEVEN DIAMONDS EIGHT,0.5316,0.0298,0.4386
SPADES ACE HEARTS TWO,0.2362,0.0206,0.7432
SPADES ACE DIAMONDS QUEEN,0.3008,0.0064,0.6928
SPADES ACE HEARTS EIGHT,0.3664,0.0042,0.6294
SPADES KING HEARTS EIGHT,0.3514,0.0072,0.6414
SPADES QUEEN HEARTS TWO,0.2322,0.039,0.7288
SPADES QUEEN DIAMONDS QUEEN,0.1178,0.017,0.8652
SPADES KING DIAMONDS QUEEN,0.3124,0.007,0.6806
SPADES KING HEARTS TWO,0.241,0.028,0.731
SPADES QUEEN HEARTS EIGHT,0.352,0.0118,0.6362
CLUBS TWO HEARTS TEN,0.023,0.9592,0.0178
CLUBS TWO HEARTS JACK,0.2432,0.0554,0.7014
SPADES SEVEN DIAMONDS NINE,0.5404,0.0306,0.429
SPADES SIX DIAMONDS NINE,0.5486,0.0278,0.4236
SPADES NINE DIAMONDS NINE,0.267,0.0414,0.6916
SPADES EIGHT DIAMONDS NINE,0.5264,0.0244,0.4492
DIAMONDS NINE SPADES THREE,0.5814,0.0334,0.3852
SPADES JACK CLUBS KING,0.3124,0.0074,0.6802
DIAMONDS NINE SPADES TWO,0.6882,0.073,0.2388
SPADES FIVE DIAMONDS NINE,0.5728,0.0314,0.3958
SPADES FOUR DIAMONDS NINE,0.5716,0.0322,0.3962
CLUBS NINE DIAMONDS NINE,0.2544,0.0404,0.7052
CLUBS EIGHT DIAMONDS NINE,0.5282,0.02,0.4518
CLUBS SIX DIAMONDS NINE,0.5738,0.023,0.4032
SPADES JACK CLUBS FOUR,0.3652,0.019,0.6158
CLUBS SEVEN DIAMONDS NINE,0.5422,0.0288,0.429
CLUBS FOUR DIAMONDS NINE,0.5752,0.0288,0.396
CLUBS FIVE DIAMONDS NINE,0.5634,0.0272,0.4094
CLUBS TWO DIAMONDS NINE,0.6956,0.0752,0.2292
CLUBS THREE DIAMONDS NINE,0.5654,0.0236,0.411
DIAMONDS NINE HEARTS EIGHT,0.5212,0.0276,0.4512
DIAMONDS NINE HEARTS NINE,0.268,0.039,0.693
HEARTS SIX DIAMONDS NINE,0.5518,0.0246,0.4236
HEARTS SEVEN DIAMONDS NINE,0.5362,0.0298,0.434
CLUBS NINE CLUBS EIGHT,0.5038,0.0244,0.4718
DIAMONDS ACE DIAMONDS NINE,0.3358,0.0054,0.6588
HEARTS FOUR DIAMONDS NINE,0.5832,0.0288,0.388
HEARTS FIVE DIAMONDS NINE,0.567,0.026,0.407
HEARTS ACE CLUBS TWO,0.237,0.015,0.748
SPADES ACE CLUBS FOUR,0.3434,0.0056,0.651
DIAMONDS NINE DIAMONDS QUEEN,0.3198,0.011,0.6692
HEARTS TWO DIAMONDS NINE,0.6826,0.0776,0.2398
CLUBS TWO HEARTS KING,0.2474,0.026,0.7266
SPADES KING CLUBS FOUR,0.3484,0.0064,0.6452
DIAMONDS KING DIAMONDS NINE,0.3268,0.0076,0.6656
HEARTS THREE DIAMONDS NINE,0.5918,0.0276,0.3806
CLUBS TWO HEARTS QUEEN,0.2426,0.0374,0.72
SPADES QUEEN CLUBS FOUR,0.3646,0.0128,0.6226
DIAMONDS NINE DIAMONDS JACK,0.2972,0.0174,0.6854
CLUBS EIGHT SPADES NINE,0.5318,0.0228,0.4454
DIAMONDS TEN DIAMONDS NINE,0.2036,0.1696,0.6268
CLUBS EIGHT SPADES EIGHT,0.282,0.0478,0.6702
CLUBS EIGHT SPADES SEVEN,0.5222,0.0282,0.4496
CLUBS EIGHT SPADES SIX,0.5442,0.0296,0.4262
CLUBS EIGHT SPADES FIVE,0.5692,0.0292,0.4016
CLUBS EIGHT SPADES FOUR,0.579,0.0286,0.3924
CLUBS EIGHT SPADES THREE,0.5998,0.0314,0.3688
CLUBS EIGHT SPADES TWO,0.6918,0.077,0.2312
HEARTS SIX DIAMONDS TEN,0.2096,0.3852,0.4052
HEARTS SEVEN DIAMONDS TEN,0.2074,0.29,0.5026
DIAMONDS TEN HEARTS EIGHT,0.2206,0.2116,0.5678
CLUBS FOUR CLUBS JACK,0.339,0.0188,0.6422
DIAMONDS TEN HEARTS NINE,0.214,0.1764,0.6096
CLUBS TEN CLUBS FOUR,0.2066,0.4952,0.2982
CLUBS FOUR CLUBS KING,0.3416,0.01,0.6484
CLUBS FOUR CLUBS QUEEN,0.3324,0.0124,0.6552
DIAMONDS TEN CLUBS TWO,0.0146,0.969,0.0164
CLUBS THREE DIAMONDS TEN,0.1954,0.5456,0.259
CLUBS FOUR CLUBS ACE,0.3268,0.0048,0.6684
DIAMONDS TEN DIAMONDS JACK,0.2166,0.0524,0.731
DIAMONDS TEN DIAMONDS QUEEN,0.2056,0.0418,0.7526
HEARTS TWO DIAMONDS TEN,0.0112,0.9694,0.0194
DIAMONDS KING DIAMONDS TEN,0.2056,0.0402,0.7542
HEARTS THREE DIAMONDS TEN,0.2224,0.5198,0.2578
DIAMONDS ACE DIAMONDS TEN,0.2106,0.0248,0.7646
HEARTS FOUR DIAMONDS TEN,0.213,0.515,0.272
CLUBS EIGHT HEARTS JACK,0.3438,0.0164,0.6398
HEARTS FIVE DIAMONDS TEN,0.208,0.4762,0.3158
CLUBS EIGHT HEARTS TEN,0.2172,0.2138,0.569
CLUBS EIGHT HEARTS QUEEN,0.3534,0.0088,0.6378
CLUBS EIGHT HEARTS KING,0.3554,0.0088,0.6358
CLUBS EIGHT HEARTS ACE,0.3502,0.0042,0.6456
CLUBS NINE SPADES THREE,0.5872,0.03,0.3828
CLUBS NINE SPADES TWO,0.6834,0.0766,0.24
CLUBS NINE SPADES FIVE,0.5764,0.0316,0.392
CLUBS NINE SPADES FOUR,0.5896,0.0298,0.3806
CLUBS NINE SPADES SEVEN,0.5476,0.0286,0.4238
CLUBS NINE SPADES SIX,0.5528,0.025,0.4222
CLUBS NINE SPADES NINE,0.267,0.0374,0.6956
CLUBS TEN HEARTS EIGHT,0.2196,0.2334,0.547
CLUBS NINE SPADES EIGHT,0.5288,0.0238,0.4474
HEARTS EIGHT CLUBS JACK,0.3436,0.0182,0.6382
CLUBS QUEEN HEARTS EIGHT,0.357,0.0104,0.6326
CLUBS KING HEARTS EIGHT,0.3668,0.0086,0.6246
CLUBS ACE HEARTS EIGHT,0.3448,0.0044,0.6508
SPADES KING CLUBS KING,0.1276,0.0106,0.8618
SPADES QUEEN CLUBS KING,0.3212,0.0066,0.6722
SPADES ACE CLUBS KING,0.3142,0.0056,0.6802
DIAMONDS ACE HEARTS TEN,0.2102,0.0262,0.7636
HEARTS FOUR HEARTS TEN,0.2082,0.4812,0.3106
DIAMONDS ACE HEARTS JACK,0.3074,0.0044,0.6882
HEARTS FOUR HEARTS JACK,0.3378,0.022,0.6402
SPADES KING CLUBS FIVE,0.3532,0.0082,0.6386
SPADES QUEEN CLUBS FIVE,0.347,0.0116,0.6414
SPADES ACE CLUBS FIVE,0.3536,0.006,0.6404
HEARTS SEVEN DIAMONDS JACK,0.3376,0.0202,0.6422
HEARTS SIX DIAMONDS JACK,0.3438,0.0186,0.6376
DIAMONDS JACK HEARTS NINE,0.3206,0.0168,0.6626
DIAMONDS JACK HEARTS EIGHT,0.3316,0.0188,0.6496
DIAMONDS KING DIAMONDS JACK,0.2864,0.0084,0.7052
HEARTS THREE DIAMONDS JACK,0.3518,0.023,0.6252
SPADES ACE SPADES SIX,0.3258,0.0044,0.6698
HEARTS ACE SPADES FOUR,0.348,0.0052,0.6468
DIAMONDS QUEEN DIAMONDS JACK,0.281,0.0114,0.7076
HEARTS TWO DIAMONDS JACK,0.23,0.0604,0.7096
HEARTS FIVE DIAMONDS JACK,0.3462,0.0206,0.6332
SPADES QUEEN SPADES SIX,0.3352,0.0132,0.6516
SPADES FOUR HEARTS QUEEN,0.366,0.0138,0.6202
DIAMONDS ACE DIAMONDS JACK,0.2864,0.005,0.7086
HEARTS FOUR DIAMONDS JACK,0.3602,0.0176,0.6222
SPADES KING SPADES SIX,0.345,0.0082,0.6468
SPADES FOUR HEARTS KING,0.357,0.0064,0.6366
SPADES JACK SPADES SIX,0.3348,0.0214,0.6438
SPADES FOUR DIAMONDS JACK,0.3486,0.0216,0.6298
SPADES FIVE DIAMONDS JACK,0.351,0.0186,0.6304
SPADES TWO DIAMONDS JACK,0.2308,0.0524,0.7168
SPADES THREE DIAMONDS JACK,0.357,0.0184,0.6246
SPADES ACE DIAMONDS THREE,0.3352,0.0056,0.6592
SPADES QUEEN DIAMONDS THREE,0.3464,0.0162,0.6374
CLUBS EIGHT DIAMONDS JACK,0.3348,0.0158,0.6494
SPADES KING DIAMONDS THREE,0.358,0.0112,0.6308
CLUBS NINE DIAMONDS JACK,0.3208,0.0154,0.6638
CLUBS SIX DIAMONDS JACK,0.356,0.0178,0.6262
CLUBS SEVEN DIAMONDS JACK,0.3318,0.0178,0.6504
CLUBS FOUR DIAMONDS JACK,0.3524,0.0178,0.6298
CLUBS FIVE DIAMONDS JACK,0.3526,0.02,0.6274
CLUBS TWO DIAMONDS JACK,0.2322,0.0558,0.712
CLUBS THREE DIAMONDS JACK,0.3564,0.0174,0.6262
SPADES JACK HEARTS SIX,0.3554,0.0184,0.6262
SPADES JACK CLUBS FIVE,0.3416,0.0196,0.6388
DIAMONDS THREE SPADES JACK,0.3524,0.0182,0.6294
CLUBS SEVEN CLUBS ACE,0.3326,0.005,0.6624
CLUBS SEVEN CLUBS QUEEN,0.331,0.0126,0.6564
CLUBS SEVEN CLUBS KING,0.3368,0.007,0.6562
SPADES NINE DIAMONDS JACK,0.3318,0.0158,0.6524
CLUBS TEN CLUBS SEVEN,0.194,0.283,0.523
DIAMONDS ACE HEARTS ACE,0.1202,0.0042,0.8756
HEARTS FOUR HEARTS ACE,0.3222,0.0054,0.6724
SPADES EIGHT DIAMONDS JACK,0.3276,0.0154,0.657
SPADES ACE HEARTS SIX,0.3564,0.0048,0.6388
CLUBS SEVEN CLUBS JACK,0.3212,0.0162,0.6626
DIAMONDS ACE HEARTS KING,0.3162,0.0056,0.6782
HEARTS FOUR HEARTS KING,0.3486,0.0072,0.6442
SPADES SEVEN DIAMONDS JACK,0.3326,0.02,0.6474
SPADES KING HEARTS SIX,0.3496,0.0058,0.6446
DIAMONDS ACE HEARTS QUEEN,0.3146,0.0044,0.681
HEARTS FOUR HEARTS QUEEN,0.3324,0.0112,0.6564
SPADES SIX DIAMONDS JACK,0.3434,0.0212,0.6354
SPADES QUEEN HEARTS SIX,0.3562,0.011,0.6328
DIAMONDS TEN SPADES TWO,0.0076,0.9848,0.0076
DIAMONDS TEN SPADES THREE,0.2122,0.5266,0.2612
DIAMONDS TEN SPADES FOUR,0.2148,0.519,0.2662
SPADES FIVE DIAMONDS TEN,0.2098,0.4778,0.3124
SPADES SIX DIAMONDS TEN,0.2162,0.387,0.3968
SPADES SEVEN DIAMONDS TEN,0.2196,0.2842,0.4962
SPADES EIGHT DIAMONDS TEN,0.2228,0.227,0.5502
SPADES NINE DIAMONDS TEN,0.2156,0.1714,0.613
CLUBS FOUR DIAMONDS TEN,0.2112,0.5266,0.2622
CLUBS FIVE DIAMONDS TEN,0.2122,0.4696,0.3182
CLUBS SIX DIAMONDS TEN,0.214,0.394,0.392
CLUBS SEVEN DIAMONDS TEN,0.2224,0.2896,0.488
CLUBS EIGHT DIAMONDS TEN,0.2174,0.2288,0.5538
CLUBS NINE DIAMONDS TEN,0.2154,0.1692,0.6154
DIAMONDS THREE CLUBS JACK,0.3534,0.0208,0.6258
CLUBS TEN DIAMONDS THREE,0.2092,0.526,0.2648
DIAMONDS THREE CLUBS KING,0.344,0.009,0.647
DIAMONDS THREE CLUBS QUEEN,0.3582,0.0124,0.6294
DIAMONDS THREE CLUBS ACE,0.338,0.006,0.656
SPADES FOUR HEARTS JACK,0.3528,0.017,0.6302
SPADES FOUR HEARTS TEN,0.2042,0.526,0.2698
SPADES FIVE SPADES TWO,0.636,0.0676,0.2964
SPADES FOUR SPADES TWO,0.6342,0.0758,0.29
SPADES THREE SPADES TWO,0.6328,0.072,0.2952
SPADES NINE SPADES TWO,0.6632,0.0794,0.2574
SPADES EIGHT SPADES TWO,0.6596,0.0792,0.2612
SPADES SEVEN SPADES TWO,0.6578,0.0686,0.2736
SPADES SIX SPADES TWO,0.6544,0.0728,0.2728
CLUBS THREE DIAMONDS QUEEN,0.36,0.0116,0.6284
CLUBS THREE HEARTS TWO,0.6584,0.0778,0.2638
CLUBS TWO DIAMONDS QUEEN,0.2348,0.0386,0.7266
HEARTS TWO CLUBS TWO,0.2808,0.0492,0.67
HEARTS SEVEN DIAMONDS QUEEN,0.3636,0.0098,0.6266
HEARTS SEVEN HEARTS TWO,0.6454,0.0674,0.2872
HEARTS SIX DIAMONDS QUEEN,0.3538,0.0134,0.6328
HEARTS SIX HEARTS TWO,0.6386,0.0576,0.3038
DIAMONDS QUEEN HEARTS NINE,0.338,0.0086,0.6534
HEARTS TWO HEARTS NINE,0.657,0.0624,0.2806
DIAMONDS QUEEN HEARTS EIGHT,0.3458,0.0106,0.6436
HEARTS TWO HEARTS EIGHT,0.6418,0.0666,0.2916
CLUBS NINE HEARTS TWO,0.6924,0.0726,0.235
CLUBS NINE DIAMONDS QUEEN,0.3266,0.0096,0.6638
CLUBS EIGHT HEARTS TWO,0.6786,0.0734,0.248
CLUBS EIGHT DIAMONDS QUEEN,0.3474,0.011,0.6416
CLUBS FIVE DIAMONDS QUEEN,0.3674,0.0114,0.6212
CLUBS FIVE HEARTS TWO,0.6604,0.074,0.2656
SPADES EIGHT HEARTS ACE,0.3604,0.0036,0.636
CLUBS FOUR DIAMONDS QUEEN,0.3558,0.0126,0.6316
CLUBS FOUR HEARTS TWO,0.6712,0.0692,0.2596
CLUBS SEVEN DIAMONDS QUEEN,0.3538,0.012,0.6342
CLUBS SEVEN HEARTS TWO,0.6884,0.0684,0.2432
SPADES EIGHT HEARTS QUEEN,0.35,0.0122,0.6378
CLUBS SIX DIAMONDS QUEEN,0.3638,0.0114,0.6248
CLUBS SIX HEARTS TWO,0.6714,0.073,0.2556
SPADES EIGHT HEARTS KING,0.3684,0.0072,0.6244
SPADES SIX DIAMONDS QUEEN,0.3496,0.0114,0.639
SPADES SIX HEARTS TWO,0.6896,0.0722,0.2382
HEARTS FOUR CLUBS QUEEN,0.3416,0.011,0.6474
DIAMONDS ACE CLUBS QUEEN,0.3148,0.0042,0.681
SPADES SEVEN DIAMONDS QUEEN,0.3564,0.0082,0.6354
SPADES SEVEN HEARTS TWO,0.6814,0.0736,0.245
HEARTS FOUR CLUBS KING,0.3684,0.0094,0.6222
DIAMONDS ACE CLUBS KING,0.3124,0.0062,0.6814
SPADES EIGHT DIAMONDS QUEEN,0.3474,0.0128,0.6398
SPADES EIGHT HEARTS TWO,0.6912,0.079,0.2298
HEARTS FOUR CLUBS ACE,0.355,0.0046,0.6404
DIAMONDS ACE CLUBS ACE,0.1184,0.0034,0.8782
SPADES NINE DIAMONDS QUEEN,0.3402,0.0114,0.6484
SPADES NINE HEARTS TWO,0.7004,0.0744,0.2252
HEARTS TWO SPADES TWO,0.2836,0.0446,0.6718
DIAMONDS QUEEN SPADES TWO,0.2352,0.0408,0.724
HEARTS TWO SPADES THREE,0.6706,0.0782,0.2512
SPADES THREE DIAMONDS QUEEN,0.3616,0.012,0.6264
HEARTS TWO SPADES FOUR,0.6658,0.0786,0.2556
SPADES FOUR DIAMONDS QUEEN,0.3554,0.012,0.6326
CLUBS TEN HEARTS FOUR,0.2204,0.5144,0.2652
CLUBS TEN DIAMONDS ACE,0.2166,0.0218,0.7616
HEARTS TWO SPADES FIVE,0.6598,0.0712,0.269
SPADES FIVE DIAMONDS QUEEN,0.3482,0.0146,0.6372
HEARTS FOUR CLUBS JACK,0.3594,0.0146,0.626
DIAMONDS ACE CLUBS JACK,0.3004,0.003,0.6966
CLUBS FIVE CLUBS KING,0.3396,0.011,0.6494
CLUBS FIVE CLUBS QUEEN,0.3296,0.0104,0.66
CLUBS FIVE CLUBS ACE,0.3282,0.0048,0.667
CLUBS FIVE CLUBS JACK,0.3294,0.0174,0.6532
CLUBS TEN CLUBS FIVE,0.2016,0.4356,0.3628
SPADES KING CLUBS JACK,0.3082,0.0058,0.686
SPADES QUEEN CLUBS JACK,0.3084,0.0122,0.6794
SPADES ACE CLUBS JACK,0.306,0.0064,0.6876
SPADES SIX CLUBS KING,0.3608,0.0098,0.6294
SPADES SIX CLUBS QUEEN,0.3566,0.0136,0.6298
SPADES EIGHT HEARTS JACK,0.3518,0.015,0.6332
SPADES SIX CLUBS ACE,0.3586,0.0056,0.6358
SPADES EIGHT HEARTS TEN,0.2256,0.2282,0.5462
SPADES SIX CLUBS JACK,0.3798,0.0172,0.603
CLUBS TEN SPADES SIX,0.2074,0.39,0.4026
SPADES JACK CLUBS JACK,0.1396,0.0222,0.8382
SPADES QUEEN CLUBS SEVEN,0.349,0.0114,0.6396
SPADES KING CLUBS SEVEN,0.3646,0.0094,0.626
SPADES ACE CLUBS SEVEN,0.3466,0.0054,0.648
SPADES SIX HEARTS TEN,0.2258,0.3688,0.4054
SPADES SIX HEARTS JACK,0.354,0.0146,0.6314
SPADES SIX HEARTS ACE,0.3528,0.004,0.6432
SPADES SIX HEARTS KING,0.3608,0.007,0.6322
SPADES SIX HEARTS QUEEN,0.3586,0.0118,0.6296
CLUBS SEVEN SPADES JACK,0.3508,0.0144,0.6348
CLUBS TEN HEARTS SIX,0.23,0.3566,0.4134
HEARTS SIX CLUBS JACK,0.3534,0.0204,0.6262
CLUBS ACE CLUBS JACK,0.2926,0.005,0.7024
HEARTS SIX CLUBS QUEEN,0.3744,0.0128,0.6128
HEARTS SIX CLUBS KING,0.3724,0.0062,0.6214
HEARTS SIX CLUBS ACE,0.3652,0.0042,0.6306
CLUBS QUEEN CLUBS JACK,0.281,0.0102,0.7088
CLUBS KING CLUBS JACK,0.2884,0.006,0.7056
DIAMONDS THREE HEARTS ACE,0.36,0.005,0.635
DIAMONDS THREE HEARTS QUEEN,0.3576,0.0144,0.628
DIAMONDS THREE HEARTS KING,0.3556,0.0104,0.634
CLUBS FIVE HEARTS JACK,0.3642,0.019,0.6168
CLUBS FIVE HEARTS TEN,0.2184,0.467,0.3146
HEARTS FOUR SPADES JACK,0.3558,0.0184,0.6258
SPADES JACK DIAMONDS ACE,0.2952,0.0042,0.7006
SPADES ACE HEARTS FOUR,0.3418,0.0054,0.6528
SPADES ACE DIAMONDS ACE,0.1132,0.0032,0.8836
CLUBS FIVE HEARTS ACE,0.3596,0.0042,0.6362
CLUBS FIVE HEARTS KING,0.3686,0.006,0.6254
HEARTS FOUR SPADES QUEEN,0.3546,0.0122,0.6332
SPADES QUEEN DIAMONDS ACE,0.2982,0.0036,0.6982
SPADES FOUR CLUBS JACK,0.3626,0.0174,0.62
CLUBS FIVE HEARTS QUEEN,0.3728,0.0118,0.6154
SPADES KING DIAMONDS ACE,0.306,0.0052,0.6888
SPADES KING HEARTS FOUR,0.355,0.0084,0.6366
CLUBS TEN SPADES FOUR,0.2234,0.5138,0.2628
DIAMONDS ACE DIAMONDS QUEEN,0.3024,0.006,0.6916
DIAMONDS ACE HEARTS TWO,0.2246,0.0166,0.7588
HEARTS FOUR DIAMONDS QUEEN,0.3552,0.0106,0.6342
HEARTS FOUR HEARTS TWO,0.6302,0.0692,0.3006
DIAMONDS THREE HEARTS TEN,0.206,0.5256,0.2684
SPADES FOUR CLUBS KING,0.362,0.0066,0.6314
HEARTS FIVE DIAMONDS QUEEN,0.359,0.0124,0.6286
HEARTS FIVE HEARTS TWO,0.6262,0.0706,0.3032
DIAMONDS THREE HEARTS JACK,0.348,0.0226,0.6294
SPADES FOUR CLUBS QUEEN,0.3648,0.0124,0.6228
HEARTS TWO DIAMONDS QUEEN,0.2304,0.036,0.7336
DIAMONDS KING DIAMONDS QUEEN,0.2942,0.0082,0.6976
DIAMONDS KING HEARTS TWO,0.2398,0.029,0.7312
HEARTS THREE DIAMONDS QUEEN,0.3502,0.014,0.6358
HEARTS THREE HEARTS TWO,0.6206,0.0706,0.3088
SPADES FOUR CLUBS ACE,0.3634,0.0048,0.6318
HEARTS TWO CLUBS ACE,0.2408,0.0168,0.7424
DIAMONDS QUEEN CLUBS ACE,0.3158,0.0054,0.6788
HEARTS TWO CLUBS QUEEN,0.2394,0.0376,0.723
DIAMONDS QUEEN CLUBS QUEEN,0.1294,0.0172,0.8534
HEARTS TWO CLUBS KING,0.2376,0.029,0.7334
DIAMONDS QUEEN CLUBS KING,0.3088,0.0072,0.684
SPADES EIGHT SPADES FIVE,0.5276,0.0262,0.4462
CLUBS TEN HEARTS TWO,0.0218,0.9574,0.0208
CLUBS TEN DIAMONDS QUEEN,0.2176,0.045,0.7374
SPADES NINE SPADES FIVE,0.5442,0.0278,0.428
HEARTS TWO CLUBS JACK,0.2472,0.0516,0.7012
DIAMONDS QUEEN CLUBS JACK,0.2978,0.0102,0.692
SPADES SIX SPADES FIVE,0.5238,0.0266,0.4496
SPADES SEVEN SPADES FIVE,0.531,0.0336,0.4354
DIAMONDS FIVE CLUBS QUEEN,0.3696,0.0122,0.6182
SPADES EIGHT CLUBS ACE,0.37,0.0042,0.6258
CLUBS KING DIAMONDS FIVE,0.3534,0.0086,0.638
SPADES EIGHT CLUBS KING,0.367,0.0072,0.6258
CLUBS ACE DIAMONDS FIVE,0.3404,0.0044,0.6552
SPADES EIGHT CLUBS QUEEN,0.357,0.0102,0.6328
SPADES EIGHT CLUBS JACK,0.3442,0.0182,0.6376
CLUBS TEN SPADES EIGHT,0.2272,0.224,0.5488
CLUBS TEN DIAMONDS FIVE,0.204,0.464,0.332
DIAMONDS FIVE CLUBS JACK,0.3532,0.0182,0.6286
DIAMONDS TEN HEARTS JACK,0.2174,0.0556,0.727
DIAMONDS TEN HEARTS TEN,0.0792,0.0574,0.8634
SPADES ACE CLUBS NINE,0.3554,0.006,0.6386
CLUBS NINE SPADES QUEEN,0.3424,0.011,0.6466
CLUBS NINE SPADES KING,0.3464,0.0072,0.6464
HEARTS SIX HEARTS KING,0.343,0.0066,0.6504
DIAMONDS KING SPADES SEVEN,0.351,0.009,0.64
SPADES SEVEN HEARTS THREE,0.572,0.032,0.396
SPADES KING DIAMONDS SEVEN,0.3356,0.0098,0.6546
HEARTS SIX HEARTS QUEEN,0.3454,0.0108,0.6438
DIAMONDS KING SPADES SIX,0.3736,0.0062,0.6202
HEARTS THREE SPADES SIX,0.5744,0.033,0.3926
SPADES QUEEN DIAMONDS SEVEN,0.3466,0.0124,0.641
SPADES NINE DIAMONDS KING,0.3548,0.0072,0.638
SPADES NINE HEARTS THREE,0.5968,0.031,0.3722
HEARTS SIX HEARTS ACE,0.3316,0.005,0.6634
SPADES EIGHT DIAMONDS KING,0.3634,0.0078,0.6288
SPADES EIGHT HEARTS THREE,0.5936,0.027,0.3794
SPADES ACE DIAMONDS SEVEN,0.337,0.008,0.655
CLUBS NINE HEARTS THREE,0.5868,0.0264,0.3868
CLUBS NINE DIAMONDS KING,0.3568,0.009,0.6342
CLUBS EIGHT HEARTS THREE,0.5734,0.0268,0.3998
CLUBS EIGHT DIAMONDS KING,0.3566,0.006,0.6374
HEARTS THREE SPADES THREE,0.2906,0.0776,0.6318
DIAMONDS KING SPADES THREE,0.3564,0.008,0.6356
HEARTS THREE SPADES TWO,0.6696,0.0752,0.2552
DIAMONDS KING SPADES TWO,0.2402,0.0306,0.7292
HEARTS THREE SPADES FIVE,0.5614,0.0328,0.4058
DIAMONDS KING SPADES FIVE,0.354,0.0088,0.6372
HEARTS THREE SPADES FOUR,0.5524,0.0362,0.4114
DIAMONDS KING SPADES FOUR,0.3568,0.0084,0.6348
DIAMONDS KING CLUBS TWO,0.2444,0.0264,0.7292
