opposingHand,winningChance,drawChance,lostChance
DIAMONDS FOUR CLUBS EIGHT
HEARTS FIVE HEARTS QUEEN,0.351,0.0122,0.6368
HEARTS THREE DIAMONDS TEN,0.391,0.0278,0.5812
HEARTS TWO DIAMONDS JACK,0.3994,0.0206,0.58
SPADES QUEEN DIAMONDS SIX,0.3772,0.0084,0.6144
SPADES SEVEN HEARTS TEN,0.3506,0.025,0.6244
SPADES SIX DIAMONDS QUEEN,0.3686,0.013,0.6184
CLUBS FIVE DIAMONDS TEN,0.3644,0.0278,0.6078
SPADES FOUR DIAMONDS EIGHT,0.012,0.9692,0.0188
DIAMONDS TWO DIAMONDS FIVE,0.533,0.0716,0.3954
CLUBS FOUR HEARTS TEN,0.2598,0.075,0.6652
HEARTS FOUR SPADES TWO,0.5996,0.1422,0.2582
CLUBS JACK HEARTS TWO,0.4018,0.0194,0.5788
SPADES ACE CLUBS SIX,0.3804,0.0038,0.6158
SPADES TEN HEARTS TWO,0.4024,0.0272,0.5704
DIAMONDS ACE DIAMONDS TEN,0.314,0.0032,0.6828
SPADES TEN DIAMONDS SEVEN,0.3302,0.0262,0.6436
SPADES JACK DIAMONDS JACK,0.1508,0.0378,0.8114
SPADES FIVE CLUBS ACE,0.3492,0.0038,0.647
HEARTS SIX DIAMONDS QUEEN,0.3594,0.0124,0.6282
SPADES ACE SPADES TWO,0.3582,0.005,0.6368
SPADES NINE DIAMONDS EIGHT,0.2184,0.1064,0.6752
SPADES NINE CLUBS TWO,0.4042,0.0476,0.5482
CLUBS TWO HEARTS JACK,0.3952,0.0216,0.5832
DIAMONDS KING DIAMONDS NINE,0.306,0.0088,0.6852
SPADES KING DIAMONDS QUEEN,0.329,0.0048,0.6662
HEARTS KING HEARTS JACK,0.314,0.0052,0.6808
DIAMONDS NINE DIAMONDS EIGHT,0.209,0.101,0.69
CLUBS THREE DIAMONDS QUEEN,0.405,0.0128,0.5822
HEARTS SEVEN SPADES TWO,0.5902,0.0688,0.341
HEARTS SEVEN CLUBS QUEEN,0.3716,0.0128,0.6156
CLUBS TEN SPADES SEVEN,0.3436,0.027,0.6294
CLUBS THREE DIAMONDS EIGHT,0.287,0.5052,0.2078
CLUBS JACK SPADES KING,0.3242,0.0074,0.6684
HEARTS QUEEN CLUBS ACE,0.3306,0.0034,0.666
DIAMONDS KING DIAMONDS EIGHT,0.2286,0.0358,0.7356
CLUBS FOUR DIAMONDS JACK,0.2528,0.063,0.6842
CLUBS THREE DIAMONDS KING,0.4056,0.0084,0.586
SPADES ACE SPADES JACK,0.3212,0.0022,0.6766
HEARTS TWO SPADES SIX,0.592,0.0714,0.3366
SPADES KING CLUBS ACE,0.3454,0.0068,0.6478
SPADES ACE HEARTS FIVE,0.3606,0.0032,0.6362
CLUBS TEN DIAMONDS QUEEN,0.3142,0.0116,0.6742
SPADES NINE HEARTS KING,0.3486,0.0054,0.646
CLUBS NINE SPADES SIX,0.3514,0.0418,0.6068
DIAMONDS THREE DIAMONDS TWO,0.5594,0.0668,0.3738
CLUBS TEN HEARTS THREE,0.3898,0.0298,0.5804
HEARTS SIX HEARTS ACE,0.3414,0.0036,0.655
HEARTS TWO DIAMONDS SIX,0.5826,0.0678,0.3496
SPADES TEN CLUBS THREE,0.3962,0.028,0.5758
DIAMONDS THREE CLUBS TWO,0.5998,0.0718,0.3284
DIAMONDS SEVEN DIAMONDS SIX,0.4868,0.0654,0.4478
CLUBS JACK DIAMONDS JACK,0.1438,0.0386,0.8176
SPADES QUEEN SPADES THREE,0.3868,0.0128,0.6004
DIAMONDS QUEEN HEARTS EIGHT,0.2374,0.041,0.7216
DIAMONDS THREE HEARTS SIX,0.5762,0.068,0.3558
SPADES SEVEN SPADES TWO,0.5524,0.0646,0.383
HEARTS SIX DIAMONDS JACK,0.3598,0.0192,0.621
CLUBS JACK CLUBS FOUR,0.2514,0.0594,0.6892
HEARTS SEVEN HEARTS FOUR,0.5816,0.1352,0.2832
CLUBS TEN CLUBS NINE,0.2922,0.0244,0.6834
DIAMONDS THREE HEARTS FOUR,0.5984,0.1552,0.2464
SPADES KING DIAMONDS FIVE,0.3608,0.008,0.6312
CLUBS THREE SPADES THREE,0.367,0.1086,0.5244
CLUBS SIX CLUBS FOUR,0.5652,0.1416,0.2932
SPADES QUEEN SPADES EIGHT,0.2348,0.0446,0.7206
SPADES SIX CLUBS QUEEN,0.366,0.0118,0.6222
HEARTS TWO SPADES FOUR,0.591,0.1546,0.2544
HEARTS FOUR SPADES TEN,0.2594,0.0708,0.6698
DIAMONDS THREE CLUBS FIVE,0.5682,0.072,0.3598
DIAMONDS TWO SPADES NINE,0.4008,0.0454,0.5538
CLUBS JACK HEARTS SEVEN,0.3468,0.021,0.6322
CLUBS THREE DIAMONDS NINE,0.3988,0.0452,0.556
CLUBS JACK HEARTS ACE,0.3358,0.0032,0.661
CLUBS SIX CLUBS THREE,0.5512,0.0652,0.3836
HEARTS SEVEN HEARTS EIGHT,0.2076,0.2892,0.5032
CLUBS SIX SPADES FOUR,0.5956,0.1446,0.2598
HEARTS TEN CLUBS QUEEN,0.3078,0.0128,0.6794
CLUBS TWO DIAMONDS JACK,0.3958,0.025,0.5792
CLUBS SIX CLUBS TWO,0.564,0.066,0.37
HEARTS SIX DIAMONDS KING,0.3568,0.007,0.6362
SPADES TEN DIAMONDS QUEEN,0.321,0.0106,0.6684
SPADES NINE DIAMONDS QUEEN,0.3222,0.0108,0.667
CLUBS SEVEN SPADES FOUR,0.597,0.1516,0.2514
CLUBS TEN DIAMONDS TWO,0.4132,0.0256,0.5612
CLUBS SIX CLUBS QUEEN,0.346,0.0122,0.6418
HEARTS TWO SPADES EIGHT,0.282,0.5016,0.2164
CLUBS TWO HEARTS KING,0.405,0.0092,0.5858
SPADES ACE HEARTS NINE,0.3384,0.0036,0.658
HEARTS FIVE DIAMONDS TEN,0.3624,0.0306,0.607
SPADES ACE SPADES FOUR,0.2418,0.0166,0.7416
SPADES EIGHT SPADES THREE,0.2652,0.4764,0.2584
DIAMONDS THREE HEARTS THREE,0.3864,0.1046,0.509
SPADES KING DIAMONDS NINE,0.3248,0.0088,0.6664
HEARTS SEVEN HEARTS SIX,0.4848,0.064,0.4512
SPADES ACE CLUBS TWO,0.382,0.0052,0.6128
DIAMONDS TWO SPADES TEN,0.4028,0.0278,0.5694
SPADES ACE DIAMONDS FIVE,0.3454,0.0088,0.6458
SPADES SIX HEARTS NINE,0.328,0.0384,0.6336
CLUBS NINE HEARTS TEN,0.2954,0.0234,0.6812
HEARTS QUEEN SPADES TWO,0.393,0.0154,0.5916
CLUBS NINE DIAMONDS TEN,0.3034,0.027,0.6696
SPADES JACK CLUBS KING,0.3262,0.0064,0.6674
CLUBS KING DIAMONDS FIVE,0.353,0.009,0.638
SPADES SEVEN DIAMONDS QUEEN,0.3636,0.0126,0.6238
SPADES ACE SPADES KING,0.3134,0.0042,0.6824
DIAMONDS JACK DIAMONDS SEVEN,0.341,0.0154,0.6436
DIAMONDS THREE SPADES TEN,0.3918,0.028,0.5802
SPADES KING CLUBS SEVEN,0.3562,0.0092,0.6346
CLUBS FOUR HEARTS ACE,0.2552,0.0204,0.7244
HEARTS ACE CLUBS KING,0.3256,0.0046,0.6698
HEARTS SIX CLUBS FOUR,0.6014,0.1516,0.247
CLUBS SEVEN SPADES NINE,0.3538,0.0392,0.607
CLUBS FIVE HEARTS NINE,0.3682,0.0386,0.5932
DIAMONDS JACK SPADES THREE,0.4004,0.0196,0.58
HEARTS FOUR HEARTS ACE,0.2336,0.0146,0.7518
DIAMONDS ACE HEARTS JACK,0.332,0.0044,0.6636
SPADES QUEEN CLUBS QUEEN,0.1398,0.0274,0.8328
SPADES QUEEN DIAMONDS SEVEN,0.358,0.0116,0.6304
CLUBS NINE SPADES THREE,0.3954,0.0432,0.5614
SPADES EIGHT DIAMONDS QUEEN,0.2376,0.0478,0.7146
SPADES JACK DIAMONDS TEN,0.3166,0.0146,0.6688
SPADES KING SPADES FIVE,0.348,0.0096,0.6424
CLUBS SEVEN DIAMONDS EIGHT,0.2124,0.2988,0.4888
SPADES NINE DIAMONDS JACK,0.3214,0.0198,0.6588
CLUBS NINE HEARTS QUEEN,0.3248,0.0122,0.663
HEARTS SIX CLUBS SIX,0.264,0.085,0.651
SPADES TEN SPADES EIGHT,0.2278,0.0764,0.6958
SPADES FOUR DIAMONDS NINE,0.244,0.104,0.652
DIAMONDS EIGHT CLUBS QUEEN,0.2308,0.048,0.7212
SPADES NINE HEARTS TWO,0.3956,0.0424,0.562
SPADES EIGHT DIAMONDS EIGHT,0.0836,0.0838,0.8326
SPADES QUEEN CLUBS TWO,0.4078,0.012,0.5802
CLUBS JACK SPADES JACK,0.1618,0.0394,0.7988
DIAMONDS EIGHT DIAMONDS SIX,0.1996,0.3584,0.442
HEARTS THREE HEARTS TWO,0.552,0.0614,0.3866
DIAMONDS ACE SPADES TWO,0.388,0.0066,0.6054
DIAMONDS ACE CLUBS TWO,0.3812,0.0046,0.6142
DIAMONDS ACE DIAMONDS KING,0.3172,0.0054,0.6774
HEARTS EIGHT DIAMONDS FIVE,0.201,0.4742,0.3248
DIAMONDS ACE DIAMONDS SIX,0.3532,0.0048,0.642
SPADES FIVE DIAMONDS NINE,0.3526,0.0398,0.6076
SPADES QUEEN DIAMONDS QUEEN,0.1406,0.0264,0.833
SPADES FIVE DIAMONDS SIX,0.5098,0.0684,0.4218
HEARTS ACE DIAMONDS EIGHT,0.2412,0.0328,0.726
SPADES EIGHT HEARTS JACK,0.238,0.056,0.706
HEARTS THREE DIAMONDS FIVE,0.5642,0.0666,0.3692
SPADES SIX SPADES FOUR,0.5698,0.1368,0.2934
SPADES TEN HEARTS THREE,0.3918,0.0274,0.5808
HEARTS SEVEN DIAMONDS ACE,0.3596,0.0044,0.636
HEARTS SIX HEARTS FOUR,0.5532,0.1348,0.312
CLUBS FOUR HEARTS NINE,0.2446,0.1052,0.6502
DIAMONDS TWO HEARTS QUEEN,0.4018,0.0104,0.5878
SPADES JACK HEARTS JACK,0.1518,0.0388,0.8094
HEARTS FIVE DIAMONDS FIVE,0.2592,0.095,0.6458
CLUBS SEVEN SPADES THREE,0.5772,0.0678,0.355
CLUBS TEN HEARTS NINE,0.304,0.0256,0.6704
CLUBS SEVEN HEARTS JACK,0.3696,0.0196,0.6108
HEARTS THREE HEARTS TEN,0.3792,0.0264,0.5944
SPADES KING SPADES QUEEN,0.3148,0.0062,0.679
SPADES TEN HEARTS JACK,0.336,0.0114,0.6526
CLUBS FOUR DIAMONDS FIVE,0.5848,0.151,0.2642
DIAMONDS THREE DIAMONDS EIGHT,0.2666,0.4858,0.2476
DIAMONDS EIGHT HEARTS TEN,0.24,0.0766,0.6834
DIAMONDS TWO DIAMONDS ACE,0.3696,0.0068,0.6236
DIAMONDS JACK DIAMONDS EIGHT,0.2262,0.0558,0.718
SPADES JACK SPADES FOUR,0.24,0.0602,0.6998
CLUBS JACK CLUBS TEN,0.3004,0.0158,0.6838
SPADES QUEEN CLUBS THREE,0.4022,0.0132,0.5846
DIAMONDS SIX HEARTS EIGHT,0.2106,0.38,0.4094
HEARTS SIX DIAMONDS ACE,0.3524,0.0048,0.6428
DIAMONDS THREE DIAMONDS TEN,0.3852,0.032,0.5828
SPADES EIGHT DIAMONDS KING,0.2426,0.0376,0.7198
CLUBS NINE CLUBS ACE,0.3076,0.0036,0.6888
HEARTS SEVEN HEARTS TEN,0.3428,0.026,0.6312
DIAMONDS TWO HEARTS KING,0.4002,0.011,0.5888
HEARTS THREE SPADES FIVE,0.5628,0.064,0.3732
HEARTS THREE HEARTS QUEEN,0.3862,0.0122,0.6016
CLUBS SEVEN CLUBS TWO,0.567,0.0594,0.3736
CLUBS SIX SPADES EIGHT,0.2172,0.3842,0.3986
HEARTS FIVE CLUBS FOUR,0.5888,0.1408,0.2704
DIAMONDS KING HEARTS KING,0.1336,0.0178,0.8486
SPADES QUEEN CLUBS ACE,0.3324,0.0046,0.663
HEARTS FIVE DIAMONDS SEVEN,0.537,0.0634,0.3996
SPADES KING CLUBS FOUR,0.2452,0.0306,0.7242
SPADES SIX HEARTS QUEEN,0.3726,0.0108,0.6166
CLUBS JACK HEARTS NINE,0.3256,0.0182,0.6562
CLUBS SEVEN CLUBS FIVE,0.5128,0.059,0.4282
HEARTS FOUR HEARTS THREE,0.561,0.1328,0.3062
SPADES SEVEN HEARTS ACE,0.3598,0.0026,0.6376
HEARTS TEN DIAMONDS SIX,0.3646,0.0282,0.6072
DIAMONDS KING DIAMONDS SIX,0.3392,0.0084,0.6524
HEARTS SEVEN HEARTS THREE,0.5408,0.065,0.3942
SPADES ACE SPADES FIVE,0.3244,0.006,0.6696
CLUBS THREE HEARTS QUEEN,0.419,0.0116,0.5694
SPADES ACE DIAMONDS TWO,0.3962,0.0056,0.5982
DIAMONDS QUEEN DIAMONDS SEVEN,0.3416,0.0104,0.648
HEARTS TEN HEARTS NINE,0.2938,0.0246,0.6816
CLUBS NINE HEARTS FIVE,0.3458,0.0396,0.6146
SPADES ACE DIAMONDS SIX,0.3614,0.0052,0.6334
CLUBS THREE HEARTS NINE,0.3936,0.0436,0.5628
HEARTS ACE HEARTS KING,0.3072,0.0062,0.6866
CLUBS SEVEN HEARTS FOUR,0.6094,0.1516,0.239
HEARTS TWO HEARTS ACE,0.367,0.005,0.628
DIAMONDS ACE HEARTS ACE,0.1448,0.0028,0.8524
HEARTS FOUR DIAMONDS ACE,0.2528,0.0206,0.7266
SPADES QUEEN DIAMONDS TEN,0.3236,0.0108,0.6656
HEARTS SIX HEARTS THREE,0.5352,0.069,0.3958
HEARTS JACK HEARTS NINE,0.3072,0.0184,0.6744
SPADES KING HEARTS EIGHT,0.2446,0.0348,0.7206
HEARTS TWO DIAMONDS ACE,0.3952,0.0058,0.599
SPADES ACE CLUBS FOUR,0.2498,0.0202,0.73
DIAMONDS ACE DIAMONDS QUEEN,0.3236,0.0044,0.672
SPADES KING CLUBS SIX,0.3652,0.0094,0.6254
SPADES JACK CLUBS QUEEN,0.3334,0.012,0.6546
CLUBS SEVEN DIAMONDS FIVE,0.5372,0.0706,0.3922
SPADES QUEEN HEARTS NINE,0.3222,0.0094,0.6684
CLUBS SEVEN CLUBS SIX,0.4954,0.063,0.4416
DIAMONDS TWO CLUBS FIVE,0.5638,0.0736,0.3626
HEARTS JACK DIAMONDS FIVE,0.356,0.0248,0.6192
SPADES KING HEARTS SIX,0.372,0.0064,0.6216
SPADES KING HEARTS KING,0.1502,0.0146,0.8352
SPADES SIX DIAMONDS SEVEN,0.5218,0.0646,0.4136
CLUBS JACK SPADES TWO,0.4006,0.0212,0.5782
SPADES TEN DIAMONDS KING,0.3312,0.0092,0.6596
DIAMONDS KING CLUBS QUEEN,0.3254,0.0104,0.6642
DIAMONDS SEVEN CLUBS KING,0.3582,0.0084,0.6334
DIAMONDS THREE CLUBS NINE,0.4012,0.0458,0.553
DIAMONDS KING DIAMONDS SEVEN,0.3488,0.0066,0.6446
SPADES FIVE HEARTS QUEEN,0.374,0.0122,0.6138
SPADES QUEEN DIAMONDS EIGHT,0.254,0.0472,0.6988
HEARTS KING DIAMONDS SEVEN,0.3642,0.0076,0.6282
HEARTS TEN DIAMONDS SEVEN,0.3466,0.0246,0.6288
HEARTS SIX HEARTS TWO,0.5432,0.0612,0.3956
SPADES FOUR SPADES THREE,0.5706,0.1374,0.292
HEARTS ACE SPADES FOUR,0.252,0.02,0.728
SPADES TEN DIAMONDS FIVE,0.351,0.031,0.618
CLUBS FIVE SPADES FOUR,0.5814,0.1466,0.272
CLUBS TWO SPADES THREE,0.59,0.0694,0.3406
CLUBS JACK DIAMONDS TEN,0.3046,0.0162,0.6792
CLUBS JACK HEARTS QUEEN,0.3132,0.0096,0.6772
SPADES KING DIAMONDS SEVEN,0.3474,0.0062,0.6464
CLUBS FIVE CLUBS THREE,0.5304,0.0704,0.3992
DIAMONDS NINE SPADES TWO,0.4054,0.0442,0.5504
CLUBS FIVE CLUBS FOUR,0.5522,0.1496,0.2982
DIAMONDS JACK HEARTS TEN,0.322,0.015,0.663
CLUBS SEVEN CLUBS QUEEN,0.3578,0.0102,0.632
SPADES TEN DIAMONDS SIX,0.344,0.0272,0.6288
DIAMONDS KING HEARTS TEN,0.3502,0.0078,0.642
DIAMONDS THREE HEARTS EIGHT,0.2894,0.4982,0.2124
CLUBS FOUR SPADES TWO,0.6046,0.1402,0.2552
HEARTS FIVE HEARTS TWO,0.527,0.0652,0.4078
DIAMONDS JACK HEARTS QUEEN,0.3296,0.009,0.6614
DIAMONDS THREE DIAMONDS ACE,0.3728,0.0036,0.6236
SPADES QUEEN CLUBS SIX,0.377,0.0126,0.6104
HEARTS SEVEN DIAMONDS SEVEN,0.2552,0.0846,0.6602
HEARTS FIVE CLUBS SEVEN,0.5416,0.0668,0.3916
SPADES NINE DIAMONDS SIX,0.342,0.04,0.618
HEARTS JACK DIAMONDS SEVEN,0.3656,0.0156,0.6188
HEARTS FIVE CLUBS SIX,0.5206,0.069,0.4104
CLUBS NINE HEARTS EIGHT,0.2154,0.1034,0.6812
HEARTS KING SPADES THREE,0.402,0.008,0.59
DIAMONDS TWO CLUBS KING,0.3986,0.0078,0.5936
DIAMONDS NINE DIAMONDS SIX,0.3202,0.041,0.6388
HEARTS FIVE SPADES TWO,0.5742,0.0686,0.3572
SPADES EIGHT HEARTS KING,0.2474,0.0368,0.7158
SPADES ACE CLUBS SEVEN,0.3758,0.0042,0.62
DIAMONDS THREE SPADES KING,0.414,0.0098,0.5762
HEARTS FOUR HEARTS KING,0.2436,0.0278,0.7286
SPADES QUEEN DIAMONDS KING,0.3358,0.0064,0.6578
SPADES FIVE HEARTS TEN,0.3638,0.0252,0.611
SPADES TEN SPADES FIVE,0.3366,0.027,0.6364
CLUBS TWO DIAMONDS TEN,0.3976,0.0294,0.573
CLUBS SIX DIAMONDS SEVEN,0.5094,0.066,0.4246
HEARTS SEVEN CLUBS FIVE,0.5382,0.0604,0.4014
SPADES FIVE SPADES TWO,0.5414,0.0572,0.4014
DIAMONDS QUEEN CLUBS ACE,0.325,0.0048,0.6702
CLUBS TEN HEARTS FIVE,0.3554,0.0308,0.6138
SPADES JACK CLUBS TWO,0.4084,0.0214,0.5702
CLUBS FIVE DIAMONDS NINE,0.3496,0.0436,0.6068
HEARTS FIVE DIAMONDS NINE,0.3442,0.0462,0.6096
HEARTS KING DIAMONDS NINE,0.3394,0.007,0.6536
HEARTS SIX DIAMONDS NINE,0.3338,0.0404,0.6258
DIAMONDS TWO SPADES QUEEN,0.3976,0.0138,0.5886
DIAMONDS THREE HEARTS NINE,0.4052,0.0442,0.5506
CLUBS SIX CLUBS KING,0.355,0.0086,0.6364
DIAMONDS KING CLUBS KING,0.1316,0.0164,0.852
HEARTS QUEEN HEARTS TEN,0.3054,0.0108,0.6838
HEARTS FOUR DIAMONDS TEN,0.2458,0.0826,0.6716
HEARTS THREE SPADES THREE,0.364,0.1044,0.5316
SPADES QUEEN HEARTS FOUR,0.2448,0.0412,0.714
CLUBS FIVE CLUBS KING,0.3466,0.0086,0.6448
CLUBS NINE CLUBS SIX,0.3344,0.0402,0.6254
SPADES NINE DIAMONDS NINE,0.1574,0.061,0.7816
HEARTS THREE CLUBS ACE,0.3928,0.0056,0.6016
SPADES JACK CLUBS SIX,0.3608,0.0202,0.619
SPADES QUEEN SPADES NINE,0.3198,0.0124,0.6678
HEARTS NINE DIAMONDS FIVE,0.3342,0.0436,0.6222
CLUBS THREE SPADES FIVE,0.5584,0.0718,0.3698
HEARTS FIVE SPADES TEN,0.3742,0.029,0.5968
SPADES ACE CLUBS FIVE,0.3612,0.0044,0.6344
HEARTS TWO HEARTS TEN,0.3774,0.0326,0.59
SPADES FOUR SPADES TWO,0.5492,0.1472,0.3036
CLUBS KING DIAMONDS SIX,0.351,0.0066,0.6424
DIAMONDS TEN HEARTS NINE,0.3008,0.0264,0.6728
SPADES ACE SPADES SIX,0.3324,0.0044,0.6632
DIAMONDS THREE HEARTS ACE,0.3892,0.0042,0.6066
CLUBS FIVE HEARTS QUEEN,0.3628,0.0128,0.6244
SPADES ACE CLUBS TEN,0.3234,0.0056,0.671
DIAMONDS THREE CLUBS TEN,0.3938,0.0306,0.5756
DIAMONDS THREE SPADES FOUR,0.597,0.1494,0.2536
CLUBS ACE HEARTS EIGHT,0.2348,0.028,0.7372
CLUBS TEN HEARTS ACE,0.3258,0.004,0.6702
SPADES NINE HEARTS ACE,0.3276,0.005,0.6674
SPADES QUEEN SPADES TEN,0.3082,0.0086,0.6832
DIAMONDS TWO CLUBS SEVEN,0.599,0.0728,0.3282
HEARTS FOUR DIAMONDS EIGHT,0.0108,0.971,0.0182
SPADES TEN HEARTS TEN,0.1622,0.0466,0.7912
HEARTS FIVE SPADES SEVEN,0.5256,0.0658,0.4086
SPADES EIGHT DIAMONDS SEVEN,0.2128,0.2964,0.4908
DIAMONDS ACE SPADES FOUR,0.2478,0.0182,0.734
DIAMONDS JACK SPADES FOUR,0.2508,0.0566,0.6926
SPADES TEN DIAMONDS JACK,0.3184,0.0166,0.665
CLUBS NINE DIAMONDS SIX,0.3304,0.042,0.6276
SPADES QUEEN SPADES FIVE,0.352,0.0146,0.6334
HEARTS FOUR HEARTS TEN,0.242,0.0734,0.6846
CLUBS NINE HEARTS NINE,0.1466,0.0652,0.7882
SPADES EIGHT DIAMONDS FIVE,0.211,0.4616,0.3274
HEARTS SEVEN HEARTS NINE,0.3176,0.0376,0.6448
CLUBS JACK DIAMONDS EIGHT,0.2346,0.07,0.6954
HEARTS FOUR DIAMONDS KING,0.247,0.0366,0.7164
CLUBS TEN CLUBS SIX,0.3432,0.0304,0.6264
CLUBS SIX HEARTS EIGHT,0.2234,0.3586,0.418
SPADES JACK DIAMONDS KING,0.3304,0.0058,0.6638
SPADES NINE DIAMONDS ACE,0.329,0.004,0.667
HEARTS NINE CLUBS QUEEN,0.3152,0.0128,0.672
SPADES QUEEN SPADES FOUR,0.2436,0.0406,0.7158
DIAMONDS JACK DIAMONDS NINE,0.3146,0.0154,0.67
HEARTS FIVE SPADES THREE,0.5518,0.0636,0.3846
CLUBS NINE HEARTS ACE,0.3442,0.0038,0.652
DIAMONDS TEN HEARTS TEN,0.1466,0.0498,0.8036
DIAMONDS SEVEN DIAMONDS FIVE,0.507,0.0642,0.4288
SPADES KING SPADES TWO,0.3838,0.0092,0.607
SPADES ACE SPADES TEN,0.311,0.0042,0.6848
CLUBS SIX SPADES SIX,0.2694,0.0862,0.6444
DIAMONDS JACK CLUBS QUEEN,0.3222,0.0112,0.6666
HEARTS FOUR CLUBS FOUR,0.2786,0.0718,0.6496
DIAMONDS QUEEN DIAMONDS SIX,0.353,0.0142,0.6328
HEARTS FIVE HEARTS JACK,0.3408,0.0208,0.6384
HEARTS THREE DIAMONDS QUEEN,0.4,0.0128,0.5872
CLUBS SIX HEARTS TEN,0.3648,0.0266,0.6086
CLUBS FIVE HEARTS JACK,0.3742,0.0152,0.6106
DIAMONDS ACE CLUBS ACE,0.1238,0.0056,0.8706
HEARTS SEVEN CLUBS THREE,0.574,0.0676,0.3584
CLUBS SEVEN HEARTS ACE,0.369,0.0056,0.6254
HEARTS TWO DIAMONDS SEVEN,0.6004,0.0702,0.3294
HEARTS SEVEN HEARTS KING,0.3346,0.0092,0.6562
CLUBS NINE SPADES JACK,0.317,0.0146,0.6684
HEARTS SIX SPADES FOUR,0.6032,0.1328,0.264
SPADES KING DIAMONDS TWO,0.4128,0.0084,0.5788
DIAMONDS TWO SPADES SEVEN,0.5972,0.0688,0.334
SPADES JACK DIAMONDS SEVEN,0.3414,0.0192,0.6394
HEARTS FOUR CLUBS THREE,0.5866,0.1514,0.262
CLUBS SEVEN HEARTS TWO,0.5958,0.066,0.3382
CLUBS FIVE DIAMONDS KING,0.3636,0.0112,0.6252
CLUBS THREE HEARTS KING,0.41,0.0078,0.5822
SPADES TEN SPADES SEVEN,0.3334,0.0256,0.641
HEARTS JACK DIAMONDS EIGHT,0.234,0.0608,0.7052
SPADES TEN CLUBS TWO,0.4054,0.0312,0.5634
SPADES THREE HEARTS NINE,0.402,0.0436,0.5544
CLUBS KING CLUBS QUEEN,0.3092,0.0074,0.6834
SPADES TWO CLUBS QUEEN,0.3994,0.0118,0.5888
SPADES ACE HEARTS QUEEN,0.3578,0.003,0.6392
CLUBS SEVEN SPADES TWO,0.5966,0.0716,0.3318
HEARTS SEVEN DIAMONDS SIX,0.51,0.0682,0.4218
SPADES QUEEN HEARTS FIVE,0.3754,0.0108,0.6138
HEARTS JACK HEARTS TEN,0.3002,0.013,0.6868
HEARTS SEVEN SPADES SEVEN,0.2438,0.0816,0.6746
CLUBS FOUR SPADES FIVE,0.5922,0.1402,0.2676
CLUBS FIVE CLUBS QUEEN,0.3516,0.0142,0.6342
DIAMONDS THREE DIAMONDS NINE,0.3824,0.0382,0.5794
SPADES KING CLUBS KING,0.1376,0.017,0.8454
DIAMONDS EIGHT CLUBS KING,0.246,0.0376,0.7164
CLUBS FIVE DIAMONDS SEVEN,0.5298,0.0714,0.3988
HEARTS FOUR SPADES FIVE,0.5686,0.1434,0.288
SPADES JACK DIAMONDS SIX,0.3698,0.0186,0.6116
SPADES FOUR DIAMONDS FIVE,0.5694,0.1484,0.2822
CLUBS NINE CLUBS FOUR,0.2446,0.1034,0.652
HEARTS FOUR CLUBS KING,0.2502,0.0342,0.7156
DIAMONDS QUEEN HEARTS TEN,0.3144,0.0112,0.6744
SPADES KING SPADES NINE,0.3056,0.0064,0.688
SPADES NINE HEARTS EIGHT,0.223,0.0988,0.6782
CLUBS FIVE DIAMONDS QUEEN,0.3616,0.014,0.6244
SPADES JACK HEARTS ACE,0.3428,0.005,0.6522
CLUBS JACK CLUBS SEVEN,0.3456,0.0178,0.6366
SPADES FIVE SPADES THREE,0.5208,0.0656,0.4136
DIAMONDS TEN DIAMONDS EIGHT,0.2258,0.0854,0.6888
CLUBS FOUR CLUBS ACE,0.2298,0.0216,0.7486
HEARTS TWO SPADES THREE,0.6014,0.068,0.3306
CLUBS SEVEN DIAMONDS KING,0.3656,0.0086,0.6258
CLUBS ACE CLUBS KING,0.3272,0.0052,0.6676
DIAMONDS QUEEN HEARTS ACE,0.339,0.0052,0.6558
CLUBS JACK SPADES SIX,0.358,0.0198,0.6222
CLUBS KING HEARTS NINE,0.3134,0.0074,0.6792
HEARTS SIX HEARTS NINE,0.3298,0.0398,0.6304
HEARTS FOUR CLUBS TWO,0.6002,0.1536,0.2462
CLUBS FIVE SPADES TWO,0.5694,0.0712,0.3594
CLUBS NINE SPADES TEN,0.2964,0.0278,0.6758
HEARTS TEN CLUBS KING,0.326,0.0076,0.6664
HEARTS FOUR SPADES NINE,0.2494,0.1042,0.6464
DIAMONDS KING CLUBS ACE,0.3252,0.0044,0.6704
SPADES FIVE HEARTS ACE,0.362,0.005,0.633
CLUBS FOUR SPADES SIX,0.6092,0.1392,0.2516
SPADES THREE HEARTS JACK,0.4026,0.0186,0.5788
DIAMONDS JACK DIAMONDS FIVE,0.3502,0.0148,0.635
SPADES JACK CLUBS THREE,0.4086,0.0216,0.5698
SPADES SEVEN SPADES SIX,0.4842,0.061,0.4548
CLUBS FIVE DIAMONDS JACK,0.3506,0.0224,0.627
HEARTS SIX SPADES THREE,0.573,0.0716,0.3554
HEARTS THREE DIAMONDS KING,0.4092,0.0092,0.5816
HEARTS ACE DIAMONDS FIVE,0.344,0.0048,0.6512
HEARTS TWO HEARTS JACK,0.3704,0.0178,0.6118
SPADES THREE CLUBS KING,0.3992,0.0096,0.5912
DIAMONDS TWO DIAMONDS SIX,0.5594,0.062,0.3786
HEARTS FOUR SPADES FOUR,0.2726,0.0732,0.6542
DIAMONDS ACE DIAMONDS NINE,0.3264,0.006,0.6676
CLUBS TWO DIAMONDS SEVEN,0.6048,0.0676,0.3276
SPADES JACK SPADES TEN,0.2868,0.01,0.7032
SPADES TWO CLUBS KING,0.4022,0.0106,0.5872
SPADES QUEEN HEARTS JACK,0.3382,0.0104,0.6514
HEARTS THREE CLUBS QUEEN,0.3888,0.011,0.6002
HEARTS FIVE DIAMONDS JACK,0.3588,0.0182,0.623
CLUBS FIVE SPADES SIX,0.5302,0.0652,0.4046
SPADES SIX SPADES THREE,0.5308,0.0666,0.4026
HEARTS FIVE SPADES NINE,0.3552,0.0442,0.6006
HEARTS SEVEN SPADES SIX,0.5202,0.0596,0.4202
HEARTS TWO SPADES FIVE,0.5654,0.0748,0.3598
SPADES JACK SPADES THREE,0.3798,0.0214,0.5988
SPADES ACE HEARTS SEVEN,0.363,0.0046,0.6324
HEARTS TWO HEARTS KING,0.382,0.0076,0.6104
SPADES EIGHT HEARTS ACE,0.2314,0.0314,0.7372
CLUBS SEVEN HEARTS QUEEN,0.3782,0.012,0.6098
HEARTS SEVEN HEARTS FIVE,0.4978,0.0564,0.4458
DIAMONDS QUEEN SPADES FIVE,0.3638,0.0122,0.624
SPADES EIGHT SPADES SEVEN,0.2026,0.2802,0.5172
HEARTS FOUR DIAMONDS QUEEN,0.2602,0.0432,0.6966
CLUBS TEN SPADES EIGHT,0.2346,0.0752,0.6902
HEARTS SEVEN CLUBS FOUR,0.6136,0.1418,0.2446
CLUBS SIX SPADES TWO,0.584,0.0678,0.3482
CLUBS TEN SPADES TWO,0.3878,0.0326,0.5796
SPADES KING HEARTS FOUR,0.2606,0.0274,0.712
CLUBS KING HEARTS EIGHT,0.2354,0.0366,0.728
CLUBS FIVE HEARTS ACE,0.358,0.0036,0.6384
DIAMONDS TWO HEARTS FIVE,0.5702,0.0718,0.358
DIAMONDS THREE CLUBS KING,0.4004,0.0098,0.5898
CLUBS JACK HEARTS KING,0.325,0.0074,0.6676
SPADES ACE SPADES THREE,0.3678,0.0034,0.6288
HEARTS KING HEARTS EIGHT,0.2292,0.03,0.7408
HEARTS THREE CLUBS FOUR,0.602,0.1438,0.2542
CLUBS QUEEN DIAMONDS FIVE,0.3556,0.0146,0.6298
CLUBS JACK CLUBS ACE,0.3116,0.0034,0.685
DIAMONDS ACE DIAMONDS SEVEN,0.3496,0.0064,0.644
DIAMONDS TWO HEARTS FOUR,0.6044,0.146,0.2496
DIAMONDS THREE SPADES FIVE,0.5556,0.0686,0.3758
CLUBS TEN CLUBS TWO,0.3816,0.0302,0.5882
DIAMONDS TWO DIAMONDS KING,0.3718,0.0088,0.6194
SPADES EIGHT CLUBS THREE,0.2854,0.5062,0.2084
HEARTS SEVEN HEARTS TWO,0.5512,0.0628,0.386
SPADES TEN SPADES FOUR,0.2316,0.0762,0.6922
SPADES QUEEN HEARTS THREE,0.406,0.0096,0.5844
SPADES TEN CLUBS ACE,0.332,0.0036,0.6644
CLUBS NINE DIAMONDS SEVEN,0.3324,0.0424,0.6252
DIAMONDS TWO HEARTS TWO,0.3582,0.107,0.5348
HEARTS FOUR CLUBS QUEEN,0.2418,0.0428,0.7154
DIAMONDS NINE HEARTS EIGHT,0.2198,0.104,0.6762
CLUBS FOUR CLUBS THREE,0.5664,0.148,0.2856
SPADES SEVEN DIAMONDS JACK,0.3504,0.0198,0.6298
SPADES TEN HEARTS ACE,0.3316,0.0038,0.6646
DIAMONDS ACE SPADES SIX,0.3646,0.005,0.6304
HEARTS FIVE DIAMONDS ACE,0.3488,0.0046,0.6466
SPADES JACK HEARTS EIGHT,0.2342,0.061,0.7048
DIAMONDS TWO CLUBS SIX,0.6014,0.065,0.3336
HEARTS KING CLUBS KING,0.1432,0.0164,0.8404
DIAMONDS TWO HEARTS ACE,0.3916,0.0056,0.6028
SPADES FOUR CLUBS QUEEN,0.2496,0.0448,0.7056
DIAMONDS ACE HEARTS KING,0.3322,0.0038,0.664
HEARTS THREE SPADES NINE,0.387,0.0388,0.5742
DIAMONDS JACK HEARTS KING,0.3298,0.0088,0.6614
SPADES QUEEN HEARTS TEN,0.33,0.0128,0.6572
SPADES KING SPADES THREE,0.3768,0.0084,0.6148
SPADES JACK HEARTS TEN,0.3116,0.0162,0.6722
HEARTS THREE HEARTS JACK,0.3706,0.0208,0.6086
HEARTS SIX CLUBS ACE,0.3634,0.0048,0.6318
DIAMONDS QUEEN HEARTS NINE,0.3318,0.0128,0.6554
DIAMONDS ACE CLUBS KING,0.335,0.005,0.66
SPADES NINE CLUBS FIVE,0.3452,0.0426,0.6122
SPADES EIGHT CLUBS FOUR,0.0174,0.9718,0.0108
SPADES SIX HEARTS ACE,0.363,0.003,0.634
SPADES THREE DIAMONDS FIVE,0.551,0.072,0.377
CLUBS JACK DIAMONDS TWO,0.4012,0.0214,0.5774
SPADES SIX HEARTS EIGHT,0.2208,0.3688,0.4104
CLUBS THREE HEARTS ACE,0.404,0.0066,0.5894
HEARTS FIVE HEARTS EIGHT,0.2102,0.4258,0.364
DIAMONDS THREE HEARTS KING,0.3958,0.0086,0.5956
HEARTS FOUR DIAMONDS JACK,0.2554,0.0586,0.686
CLUBS TEN CLUBS ACE,0.309,0.0056,0.6854
SPADES FOUR HEARTS QUEEN,0.268,0.041,0.691
SPADES JACK SPADES SIX,0.329,0.018,0.653
CLUBS NINE DIAMONDS JACK,0.2974,0.0194,0.6832
HEARTS FIVE HEARTS FOUR,0.5464,0.1318,0.3218
CLUBS JACK HEARTS JACK,0.1492,0.0364,0.8144
CLUBS SIX CLUBS ACE,0.3554,0.0058,0.6388
DIAMONDS THREE DIAMONDS SIX,0.5426,0.0628,0.3946
SPADES KING HEARTS FIVE,0.3706,0.0068,0.6226
HEARTS SIX HEARTS JACK,0.3502,0.0184,0.6314
HEARTS FIVE CLUBS KING,0.3624,0.0086,0.629
DIAMONDS TWO DIAMONDS SEVEN,0.5632,0.0654,0.3714
HEARTS SIX SPADES SEVEN,0.5114,0.0656,0.423
CLUBS SEVEN HEARTS NINE,0.329,0.0384,0.6326
CLUBS SIX DIAMONDS TEN,0.3582,0.0288,0.613
HEARTS THREE DIAMONDS SEVEN,0.589,0.071,0.34
CLUBS TWO HEARTS QUEEN,0.3974,0.013,0.5896
HEARTS SIX HEARTS QUEEN,0.3398,0.0118,0.6484
SPADES QUEEN SPADES JACK,0.3178,0.0122,0.67
CLUBS TEN CLUBS FOUR,0.2308,0.0716,0.6976
SPADES NINE HEARTS QUEEN,0.3276,0.0098,0.6626
CLUBS NINE DIAMONDS NINE,0.1396,0.0666,0.7938
CLUBS TWO HEARTS NINE,0.3934,0.0476,0.559
SPADES SEVEN DIAMONDS NINE,0.3362,0.0424,0.6214
CLUBS SIX HEARTS THREE,0.5862,0.0658,0.348
CLUBS FOUR DIAMONDS ACE,0.2394,0.0218,0.7388
DIAMONDS THREE DIAMONDS FIVE,0.5138,0.0674,0.4188
SPADES EIGHT HEARTS EIGHT,0.0906,0.0816,0.8278
CLUBS SIX SPADES NINE,0.3414,0.0414,0.6172
CLUBS TWO HEARTS EIGHT,0.2764,0.511,0.2126
SPADES KING DIAMONDS TEN,0.326,0.0068,0.6672
SPADES ACE CLUBS JACK,0.3344,0.003,0.6626
DIAMONDS THREE CLUBS SEVEN,0.5944,0.0738,0.3318
CLUBS THREE SPADES TWO,0.582,0.071,0.347
DIAMONDS QUEEN SPADES FOUR,0.2586,0.042,0.6994
HEARTS QUEEN DIAMONDS SIX,0.3598,0.0106,0.6296
DIAMONDS THREE HEARTS JACK,0.4086,0.0182,0.5732
SPADES TEN SPADES SIX,0.3362,0.022,0.6418
HEARTS SIX SPADES QUEEN,0.3568,0.0112,0.632
SPADES TWO DIAMONDS SEVEN,0.5848,0.0612,0.354
HEARTS TWO CLUBS KING,0.3982,0.0074,0.5944
CLUBS FOUR HEARTS QUEEN,0.2652,0.042,0.6928
SPADES TWO HEARTS TEN,0.4002,0.0304,0.5694
CLUBS JACK HEARTS FIVE,0.3604,0.0182,0.6214
CLUBS THREE HEARTS JACK,0.4142,0.0178,0.568
CLUBS NINE SPADES TWO,0.397,0.0404,0.5626
CLUBS FIVE HEARTS TWO,0.5788,0.0716,0.3496
CLUBS THREE DIAMONDS TEN,0.4124,0.0302,0.5574
HEARTS TWO HEARTS QUEEN,0.38,0.0118,0.6082
CLUBS TWO DIAMONDS SIX,0.5888,0.0638,0.3474
SPADES QUEEN DIAMONDS NINE,0.331,0.0112,0.6578
CLUBS NINE CLUBS QUEEN,0.3108,0.0124,0.6768
HEARTS KING DIAMONDS EIGHT,0.2446,0.0346,0.7208
DIAMONDS TWO CLUBS FOUR,0.6016,0.1624,0.236
HEARTS FOUR SPADES THREE,0.5902,0.15,0.2598
DIAMONDS QUEEN CLUBS QUEEN,0.1406,0.0252,0.8342
HEARTS TWO SPADES SEVEN,0.5916,0.0682,0.3402
HEARTS FIVE SPADES SIX,0.5226,0.0648,0.4126
CLUBS TEN SPADES FOUR,0.2546,0.071,0.6744
SPADES TEN CLUBS KING,0.3208,0.0068,0.6724
HEARTS THREE HEARTS KING,0.3736,0.007,0.6194
CLUBS NINE DIAMONDS QUEEN,0.311,0.0134,0.6756
CLUBS JACK CLUBS TWO,0.3898,0.018,0.5922
SPADES EIGHT DIAMONDS JACK,0.2414,0.0586,0.7
DIAMONDS JACK HEARTS NINE,0.3056,0.0178,0.6766
SPADES THREE CLUBS QUEEN,0.398,0.0128,0.5892
HEARTS FOUR HEARTS EIGHT,0.024,0.8952,0.0808
DIAMONDS KING DIAMONDS FIVE,0.3444,0.0088,0.6468
DIAMONDS TWO DIAMONDS QUEEN,0.3874,0.0106,0.602
DIAMONDS QUEEN CLUBS KING,0.323,0.008,0.669
HEARTS FIVE HEARTS TEN,0.3416,0.0296,0.6288
CLUBS SEVEN DIAMONDS TEN,0.3422,0.0292,0.6286
DIAMONDS JACK DIAMONDS TEN,0.2946,0.0164,0.689
HEARTS SEVEN SPADES JACK,0.357,0.017,0.626
SPADES QUEEN CLUBS KING,0.328,0.0056,0.6664
HEARTS SEVEN CLUBS KING,0.3622,0.0072,0.6306
CLUBS FOUR DIAMONDS SIX,0.606,0.1472,0.2468
SPADES NINE CLUBS ACE,0.3354,0.004,0.6606
CLUBS NINE HEARTS THREE,0.3898,0.036,0.5742
CLUBS SEVEN DIAMONDS QUEEN,0.3778,0.0098,0.6124
HEARTS TWO DIAMONDS TEN,0.3998,0.032,0.5682
CLUBS TEN SPADES THREE,0.4098,0.031,0.5592
CLUBS FOUR SPADES THREE,0.6016,0.1446,0.2538
SPADES JACK CLUBS FOUR,0.2558,0.0574,0.6868
HEARTS SEVEN SPADES FOUR,0.5992,0.1486,0.2522
SPADES FOUR DIAMONDS SIX,0.575,0.1554,0.2696
CLUBS NINE DIAMONDS EIGHT,0.2148,0.1014,0.6838
HEARTS SEVEN CLUBS SEVEN,0.257,0.0796,0.6634
DIAMONDS THREE DIAMONDS KING,0.3806,0.011,0.6084
CLUBS NINE SPADES SEVEN,0.3214,0.0464,0.6322
SPADES EIGHT CLUBS TWO,0.2718,0.514,0.2142
HEARTS KING CLUBS ACE,0.3314,0.0052,0.6634
SPADES THREE HEARTS QUEEN,0.4144,0.0126,0.573
SPADES SEVEN HEARTS JACK,0.365,0.018,0.617
DIAMONDS NINE DIAMONDS SEVEN,0.3192,0.0432,0.6376
DIAMONDS QUEEN HEARTS JACK,0.3316,0.011,0.6574
SPADES QUEEN CLUBS FIVE,0.3694,0.0112,0.6194
HEARTS SEVEN DIAMONDS TEN,0.3442,0.0252,0.6306
DIAMONDS KING HEARTS JACK,0.3256,0.0092,0.6652
SPADES EIGHT SPADES FIVE,0.2184,0.4292,0.3524
SPADES EIGHT HEARTS NINE,0.2128,0.1024,0.6848
HEARTS TWO DIAMONDS NINE,0.3952,0.0416,0.5632
HEARTS SEVEN SPADES QUEEN,0.3686,0.0128,0.6186
CLUBS FOUR HEARTS JACK,0.2526,0.0622,0.6852
SPADES ACE DIAMONDS JACK,0.3346,0.006,0.6594
SPADES NINE CLUBS KING,0.3314,0.0052,0.6634
SPADES KING HEARTS QUEEN,0.3314,0.006,0.6626
CLUBS TEN HEARTS KING,0.3262,0.0074,0.6664
HEARTS TWO DIAMONDS FIVE,0.5544,0.069,0.3766
DIAMONDS QUEEN DIAMONDS EIGHT,0.2306,0.0476,0.7218
SPADES QUEEN CLUBS FOUR,0.2586,0.0442,0.6972
CLUBS TEN CLUBS THREE,0.3668,0.0282,0.605
CLUBS SIX DIAMONDS QUEEN,0.3584,0.0096,0.632
HEARTS FIVE DIAMONDS QUEEN,0.3686,0.0136,0.6178
SPADES TEN CLUBS SIX,0.3596,0.0252,0.6152
SPADES TEN HEARTS EIGHT,0.2488,0.0748,0.6764
CLUBS THREE CLUBS QUEEN,0.3892,0.0114,0.5994
SPADES JACK CLUBS SEVEN,0.3624,0.0154,0.6222
DIAMONDS JACK SPADES TWO,0.393,0.0178,0.5892
HEARTS SIX HEARTS EIGHT,0.2122,0.3432,0.4446
SPADES KING SPADES FOUR,0.243,0.0302,0.7268
HEARTS JACK DIAMONDS SIX,0.35,0.0178,0.6322
SPADES ACE DIAMONDS SEVEN,0.3418,0.0058,0.6524
SPADES SEVEN HEARTS KING,0.3532,0.0078,0.639
SPADES FOUR DIAMONDS TEN,0.2518,0.0764,0.6718
CLUBS NINE SPADES FIVE,0.3338,0.0408,0.6254
CLUBS SEVEN HEARTS THREE,0.577,0.0694,0.3536
HEARTS ACE HEARTS NINE,0.3194,0.003,0.6776
HEARTS FOUR HEARTS TWO,0.5486,0.1474,0.304
CLUBS THREE DIAMONDS JACK,0.4002,0.02,0.5798
SPADES FOUR HEARTS KING,0.245,0.0324,0.7226
SPADES SEVEN HEARTS EIGHT,0.2244,0.2926,0.483
SPADES JACK SPADES SEVEN,0.3324,0.0174,0.6502
CLUBS TEN SPADES TEN,0.1396,0.0522,0.8082
DIAMONDS TWO SPADES FIVE,0.5738,0.0678,0.3584
CLUBS JACK DIAMONDS QUEEN,0.3202,0.0086,0.6712
CLUBS SEVEN HEARTS TEN,0.3496,0.0222,0.6282
CLUBS FIVE HEARTS TEN,0.3554,0.0298,0.6148
CLUBS FOUR DIAMONDS KING,0.2638,0.0304,0.7058
HEARTS FIVE CLUBS THREE,0.5574,0.0668,0.3758
DIAMONDS JACK HEARTS JACK,0.1472,0.0348,0.818
DIAMONDS NINE HEARTS JACK,0.3142,0.0194,0.6664
CLUBS NINE HEARTS FOUR,0.2546,0.107,0.6384
DIAMONDS THREE DIAMONDS QUEEN,0.3784,0.0142,0.6074
HEARTS KING DIAMONDS TEN,0.3278,0.008,0.6642
HEARTS SEVEN DIAMONDS THREE,0.5826,0.0692,0.3482
HEARTS SEVEN HEARTS QUEEN,0.3594,0.0118,0.6288
CLUBS TEN SPADES QUEEN,0.3198,0.009,0.6712
SPADES ACE CLUBS NINE,0.332,0.0048,0.6632
CLUBS THREE CLUBS ACE,0.371,0.0056,0.6234
CLUBS TWO CLUBS QUEEN,0.3892,0.0144,0.5964
HEARTS TWO CLUBS TWO,0.3806,0.1104,0.509
DIAMONDS EIGHT HEARTS NINE,0.2218,0.0992,0.679
SPADES ACE HEARTS KING,0.3388,0.0034,0.6578
SPADES FIVE DIAMONDS SEVEN,0.5222,0.0666,0.4112
SPADES JACK SPADES EIGHT,0.2312,0.062,0.7068
DIAMONDS SEVEN HEARTS NINE,0.3276,0.0456,0.6268
CLUBS FOUR SPADES FOUR,0.2652,0.0784,0.6564
CLUBS FOUR DIAMONDS QUEEN,0.2368,0.0432,0.72
HEARTS SIX SPADES NINE,0.344,0.0404,0.6156
CLUBS TWO HEARTS TEN,0.4034,0.0254,0.5712
HEARTS SIX DIAMONDS TEN,0.3572,0.0298,0.613
DIAMONDS TEN DIAMONDS FIVE,0.341,0.0286,0.6304
CLUBS THREE HEARTS TEN,0.3842,0.0268,0.589
DIAMONDS TWO HEARTS THREE,0.5978,0.069,0.3332
SPADES JACK DIAMONDS ACE,0.3392,0.0038,0.657
CLUBS JACK SPADES NINE,0.316,0.0186,0.6654
DIAMONDS THREE HEARTS FIVE,0.5508,0.0694,0.3798
SPADES SEVEN CLUBS TWO,0.6,0.0692,0.3308
SPADES KING SPADES SEVEN,0.3464,0.008,0.6456
CLUBS TEN DIAMONDS ACE,0.3228,0.0036,0.6736
DIAMONDS THREE HEARTS TWO,0.5878,0.0704,0.3418
CLUBS TEN HEARTS TEN,0.1494,0.0464,0.8042
CLUBS TEN DIAMONDS SEVEN,0.3396,0.0326,0.6278
SPADES SEVEN CLUBS KING,0.3592,0.006,0.6348
CLUBS JACK SPADES THREE,0.3882,0.0184,0.5934
CLUBS JACK SPADES FOUR,0.2496,0.056,0.6944
CLUBS NINE SPADES FOUR,0.251,0.1032,0.6458
DIAMONDS KING SPADES FOUR,0.2418,0.0302,0.728
HEARTS FIVE CLUBS QUEEN,0.3616,0.0148,0.6236
SPADES NINE SPADES SEVEN,0.309,0.044,0.647
CLUBS JACK CLUBS THREE,0.377,0.0224,0.6006
DIAMONDS NINE HEARTS NINE,0.144,0.0546,0.8014
HEARTS SEVEN HEARTS JACK,0.331,0.0164,0.6526
HEARTS FIVE CLUBS ACE,0.355,0.005,0.64
SPADES SEVEN CLUBS QUEEN,0.358,0.0132,0.6288
SPADES JACK CLUBS ACE,0.3434,0.0048,0.6518
CLUBS NINE SPADES EIGHT,0.219,0.1078,0.6732
SPADES NINE HEARTS JACK,0.3222,0.0152,0.6626
HEARTS SEVEN DIAMONDS TWO,0.5956,0.07,0.3344
DIAMONDS ACE SPADES FIVE,0.3502,0.0046,0.6452
DIAMONDS TWO SPADES THREE,0.604,0.0722,0.3238
CLUBS TWO SPADES TWO,0.36,0.1044,0.5356
SPADES FOUR HEARTS NINE,0.2536,0.109,0.6374
CLUBS NINE CLUBS THREE,0.3694,0.0426,0.588
CLUBS FOUR HEARTS EIGHT,0.0174,0.9704,0.0122
SPADES KING CLUBS FIVE,0.3652,0.0086,0.6262
CLUBS TWO CLUBS KING,0.38,0.0104,0.6096
DIAMONDS TEN HEARTS JACK,0.3154,0.014,0.6706
SPADES SEVEN SPADES FIVE,0.4952,0.0664,0.4384
SPADES FIVE DIAMONDS TEN,0.369,0.0276,0.6034
DIAMONDS TWO HEARTS TEN,0.416,0.0266,0.5574
SPADES ACE DIAMONDS KING,0.3412,0.0054,0.6534
CLUBS SEVEN DIAMONDS JACK,0.3594,0.018,0.6226
DIAMONDS NINE DIAMONDS FIVE,0.3366,0.038,0.6254
SPADES ACE HEARTS THREE,0.3956,0.004,0.6004
SPADES NINE HEARTS TEN,0.3194,0.0214,0.6592
CLUBS NINE CLUBS KING,0.313,0.0082,0.6788
DIAMONDS TWO CLUBS ACE,0.3776,0.0048,0.6176
HEARTS ACE HEARTS TEN,0.315,0.0048,0.6802
HEARTS NINE HEARTS EIGHT,0.2154,0.097,0.6876
CLUBS JACK CLUBS KING,0.3126,0.0072,0.6802
HEARTS SEVEN DIAMONDS QUEEN,0.358,0.0118,0.6302
HEARTS ACE DIAMONDS JACK,0.3386,0.0056,0.6558
CLUBS SIX SPADES THREE,0.569,0.0732,0.3578
DIAMONDS TWO DIAMONDS JACK,0.3786,0.0234,0.598
SPADES FOUR HEARTS EIGHT,0.0234,0.9544,0.0222
SPADES NINE CLUBS QUEEN,0.31,0.0114,0.6786
CLUBS FOUR CLUBS QUEEN,0.244,0.0506,0.7054
SPADES ACE DIAMONDS TEN,0.3252,0.0044,0.6704
SPADES QUEEN HEARTS KING,0.3416,0.0056,0.6528
SPADES NINE HEARTS NINE,0.151,0.057,0.792
SPADES NINE SPADES THREE,0.3858,0.0438,0.5704
SPADES TEN CLUBS QUEEN,0.3338,0.01,0.6562
HEARTS FOUR SPADES EIGHT,0.021,0.958,0.021
SPADES JACK CLUBS FIVE,0.3736,0.0206,0.6058
CLUBS TEN HEARTS EIGHT,0.2336,0.077,0.6894
CLUBS NINE HEARTS TWO,0.3898,0.0486,0.5616
HEARTS KING HEARTS QUEEN,0.307,0.006,0.687
SPADES ACE SPADES NINE,0.3192,0.0028,0.678
SPADES KING DIAMONDS JACK,0.35,0.0056,0.6444
HEARTS FOUR CLUBS SIX,0.5884,0.1512,0.2604
SPADES ACE DIAMONDS NINE,0.3274,0.0046,0.668
HEARTS FOUR SPADES SEVEN,0.5952,0.1394,0.2654
HEARTS QUEEN DIAMONDS NINE,0.3252,0.0114,0.6634
SPADES QUEEN HEARTS QUEEN,0.1528,0.023,0.8242
SPADES FOUR HEARTS JACK,0.2596,0.053,0.6874
HEARTS JACK HEARTS EIGHT,0.2336,0.0584,0.708
DIAMONDS THREE SPADES TWO,0.584,0.0684,0.3476
HEARTS THREE HEARTS EIGHT,0.2582,0.4868,0.255
DIAMONDS TWO DIAMONDS NINE,0.3846,0.0454,0.57
SPADES JACK SPADES FIVE,0.3444,0.0168,0.6388
DIAMONDS TEN DIAMONDS NINE,0.2938,0.0216,0.6846
CLUBS FOUR HEARTS KING,0.249,0.0314,0.7196
DIAMONDS NINE CLUBS QUEEN,0.3222,0.0102,0.6676
SPADES KING DIAMONDS KING,0.147,0.0144,0.8386
DIAMONDS KING HEARTS ACE,0.3302,0.0038,0.666
CLUBS ACE HEARTS NINE,0.3442,0.004,0.6518
SPADES FIVE HEARTS JACK,0.362,0.0204,0.6176
CLUBS TEN DIAMONDS EIGHT,0.2364,0.0906,0.673
SPADES ACE HEARTS FOUR,0.2456,0.018,0.7364
SPADES SIX DIAMONDS JACK,0.3588,0.0208,0.6204
CLUBS SIX HEARTS KING,0.3558,0.0084,0.6358
DIAMONDS THREE CLUBS QUEEN,0.4008,0.0134,0.5858
SPADES ACE SPADES EIGHT,0.2322,0.0278,0.74
SPADES KING SPADES SIX,0.3356,0.0058,0.6586
DIAMONDS TWO SPADES SIX,0.589,0.0684,0.3426
CLUBS NINE CLUBS SEVEN,0.3076,0.0398,0.6526
SPADES EIGHT DIAMONDS ACE,0.2344,0.03,0.7356
CLUBS NINE DIAMONDS KING,0.3292,0.0082,0.6626
CLUBS NINE CLUBS FIVE,0.3352,0.05,0.6148
HEARTS SIX SPADES FIVE,0.5122,0.0632,0.4246
DIAMONDS ACE SPADES THREE,0.3898,0.0042,0.606
SPADES QUEEN SPADES SEVEN,0.35,0.0088,0.6412
CLUBS FOUR CLUBS KING,0.2454,0.0296,0.725
CLUBS TEN DIAMONDS JACK,0.3218,0.0118,0.6664
HEARTS FIVE SPADES FIVE,0.2714,0.0906,0.638
HEARTS FOUR DIAMONDS FIVE,0.5808,0.1344,0.2848
DIAMONDS QUEEN DIAMONDS FIVE,0.341,0.014,0.645
CLUBS JACK HEARTS FOUR,0.247,0.061,0.692
SPADES ACE DIAMONDS ACE,0.139,0.0018,0.8592
CLUBS JACK CLUBS SIX,0.347,0.019,0.634
SPADES TEN DIAMONDS TEN,0.141,0.0482,0.8108
SPADES TWO HEARTS NINE,0.4002,0.0424,0.5574
HEARTS FIVE DIAMONDS KING,0.3712,0.0094,0.6194
DIAMONDS ACE SPADES SEVEN,0.3514,0.0036,0.645
HEARTS SIX SPADES EIGHT,0.221,0.3622,0.4168
DIAMONDS TWO DIAMONDS EIGHT,0.2548,0.4948,0.2504
SPADES SIX CLUBS ACE,0.3594,0.0038,0.6368
CLUBS JACK CLUBS QUEEN,0.3056,0.0088,0.6856
HEARTS THREE SPADES EIGHT,0.2718,0.5118,0.2164
HEARTS FIVE CLUBS FIVE,0.269,0.0994,0.6316
SPADES ACE HEARTS TWO,0.3888,0.0044,0.6068
HEARTS THREE DIAMONDS ACE,0.3852,0.0064,0.6084
DIAMONDS JACK CLUBS ACE,0.33,0.003,0.667
CLUBS JACK DIAMONDS KING,0.3224,0.0074,0.6702
SPADES SIX SPADES TWO,0.5528,0.0588,0.3884
CLUBS FIVE DIAMONDS ACE,0.3456,0.0054,0.649
DIAMONDS THREE CLUBS THREE,0.3802,0.1042,0.5156
SPADES FOUR CLUBS KING,0.247,0.034,0.719
HEARTS ACE DIAMONDS SEVEN,0.3554,0.0048,0.6398
DIAMONDS THREE SPADES SIX,0.5708,0.0668,0.3624
CLUBS SEVEN CLUBS THREE,0.5666,0.0624,0.371
SPADES ACE HEARTS SIX,0.369,0.0032,0.6278
CLUBS ACE HEARTS TEN,0.332,0.0056,0.6624
HEARTS FIVE CLUBS TWO,0.588,0.0674,0.3446
CLUBS NINE CLUBS TWO,0.3756,0.0366,0.5878
SPADES THREE CLUBS ACE,0.3836,0.0058,0.6106
HEARTS TWO DIAMONDS KING,0.404,0.0102,0.5858
DIAMONDS TWO CLUBS TWO,0.372,0.0978,0.5302
HEARTS NINE DIAMONDS SIX,0.3452,0.0472,0.6076
HEARTS ACE CLUBS QUEEN,0.3228,0.0036,0.6736
HEARTS SEVEN CLUBS TWO,0.5926,0.0664,0.341
CLUBS SEVEN SPADES SIX,0.5208,0.066,0.4132
SPADES TWO DIAMONDS FIVE,0.5826,0.0648,0.3526
HEARTS ACE CLUBS ACE,0.1398,0.005,0.8552
DIAMONDS THREE HEARTS QUEEN,0.4124,0.0134,0.5742
DIAMONDS TEN HEARTS EIGHT,0.2412,0.076,0.6828
SPADES SIX HEARTS TEN,0.3618,0.0278,0.6104
DIAMONDS KING DIAMONDS TEN,0.3178,0.0078,0.6744
HEARTS THREE CLUBS KING,0.4012,0.0098,0.589
HEARTS SIX CLUBS FIVE,0.5196,0.0734,0.407
HEARTS TEN DIAMONDS FIVE,0.3596,0.03,0.6104
HEARTS QUEEN DIAMONDS FIVE,0.3518,0.0118,0.6364
CLUBS THREE SPADES FOUR,0.6044,0.1392,0.2564
SPADES ACE HEARTS ACE,0.1438,0.0042,0.852
CLUBS TEN HEARTS JACK,0.3226,0.0138,0.6636
SPADES KING SPADES EIGHT,0.2302,0.0384,0.7314
HEARTS THREE CLUBS FIVE,0.5676,0.0742,0.3582
SPADES ACE HEARTS TEN,0.3468,0.0042,0.649
SPADES SEVEN DIAMONDS KING,0.3556,0.0078,0.6366
SPADES TWO DIAMONDS SIX,0.5838,0.0712,0.345
CLUBS JACK DIAMONDS THREE,0.403,0.0222,0.5748
HEARTS KING DIAMONDS FIVE,0.3528,0.007,0.6402
CLUBS TWO DIAMONDS EIGHT,0.282,0.5104,0.2076
CLUBS FOUR DIAMONDS TEN,0.246,0.0762,0.6778
SPADES ACE CLUBS THREE,0.3962,0.0074,0.5964
SPADES TEN HEARTS NINE,0.3178,0.0208,0.6614
HEARTS FOUR SPADES SIX,0.5978,0.1392,0.263
DIAMONDS KING SPADES FIVE,0.3598,0.0046,0.6356
SPADES QUEEN CLUBS SEVEN,0.3812,0.01,0.6088
CLUBS JACK HEARTS EIGHT,0.237,0.0614,0.7016
DIAMONDS THREE DIAMONDS SEVEN,0.5532,0.0658,0.381
DIAMONDS EIGHT CLUBS ACE,0.2212,0.0286,0.7502
CLUBS FIVE DIAMONDS EIGHT,0.2064,0.4662,0.3274
CLUBS QUEEN HEARTS EIGHT,0.235,0.0488,0.7162
SPADES KING CLUBS TWO,0.4012,0.0104,0.5884
DIAMONDS THREE CLUBS ACE,0.3804,0.0066,0.613
CLUBS JACK SPADES TEN,0.32,0.0112,0.6688
HEARTS FOUR CLUBS FIVE,0.5968,0.1488,0.2544
CLUBS FOUR DIAMONDS SEVEN,0.6098,0.152,0.2382
SPADES FIVE HEARTS NINE,0.358,0.0432,0.5988
DIAMONDS KING HEARTS QUEEN,0.336,0.007,0.657
SPADES QUEEN HEARTS ACE,0.3338,0.0032,0.663
DIAMONDS TEN HEARTS QUEEN,0.32,0.011,0.669
HEARTS SEVEN DIAMONDS JACK,0.3418,0.0192,0.639
DIAMONDS QUEEN HEARTS KING,0.3298,0.0054,0.6648
SPADES THREE SPADES TWO,0.5408,0.0714,0.3878
CLUBS SEVEN DIAMONDS NINE,0.3314,0.0392,0.6294
CLUBS TWO HEARTS ACE,0.4106,0.004,0.5854
CLUBS JACK DIAMONDS FIVE,0.3516,0.023,0.6254
SPADES SEVEN HEARTS QUEEN,0.3726,0.0114,0.616
SPADES FIVE SPADES FOUR,0.5434,0.139,0.3176
SPADES SEVEN CLUBS THREE,0.5952,0.0644,0.3404
DIAMONDS QUEEN DIAMONDS TEN,0.3226,0.0116,0.6658
HEARTS FIVE HEARTS NINE,0.3344,0.0398,0.6258
DIAMONDS KING HEARTS EIGHT,0.2386,0.0392,0.7222
SPADES SIX DIAMONDS NINE,0.338,0.038,0.624
CLUBS FOUR DIAMONDS NINE,0.2504,0.105,0.6446
HEARTS ACE DIAMONDS SIX,0.3542,0.0038,0.642
SPADES SEVEN DIAMONDS EIGHT,0.2156,0.284,0.5004
CLUBS SEVEN SPADES EIGHT,0.2324,0.2856,0.482
CLUBS JACK SPADES QUEEN,0.332,0.0108,0.6572
HEARTS FIVE SPADES JACK,0.367,0.0158,0.6172
DIAMONDS TWO CLUBS THREE,0.597,0.0666,0.3364
HEARTS SIX CLUBS KING,0.3578,0.0064,0.6358
SPADES QUEEN HEARTS EIGHT,0.241,0.0454,0.7136
HEARTS FIVE DIAMONDS SIX,0.5248,0.067,0.4082
HEARTS QUEEN HEARTS EIGHT,0.2248,0.0416,0.7336
HEARTS THREE HEARTS NINE,0.3634,0.0454,0.5912
CLUBS TWO DIAMONDS QUEEN,0.4076,0.0136,0.5788
HEARTS SEVEN SPADES THREE,0.592,0.0692,0.3388
CLUBS SEVEN SPADES TEN,0.3492,0.0234,0.6274
CLUBS FIVE SPADES THREE,0.5762,0.0642,0.3596
SPADES JACK HEARTS KING,0.3452,0.0058,0.649
HEARTS ACE SPADES TWO,0.3778,0.0062,0.616
SPADES QUEEN SPADES SIX,0.3434,0.0138,0.6428
HEARTS THREE SPADES SEVEN,0.581,0.0674,0.3516
HEARTS JACK CLUBS KING,0.3364,0.0068,0.6568
SPADES ACE DIAMONDS EIGHT,0.2274,0.0264,0.7462
SPADES SEVEN SPADES FOUR,0.5738,0.1324,0.2938
SPADES TEN HEARTS KING,0.3356,0.0062,0.6582
SPADES FIVE DIAMONDS EIGHT,0.2056,0.4528,0.3416
SPADES SEVEN CLUBS ACE,0.3676,0.004,0.6284
DIAMONDS ACE HEARTS TEN,0.3204,0.0046,0.675
HEARTS ACE DIAMONDS TEN,0.3286,0.0036,0.6678
HEARTS FIVE HEARTS THREE,0.5272,0.0608,0.412
