opposingHand,winningChance,drawChance,lostChance
DIAMONDS THREE CLUBS TWO
HEARTS FIVE SPADES TEN,0.3514,0.0322,0.6164
HEARTS FIVE SPADES JACK,0.3538,0.0196,0.6266
CLUBS JACK SPADES FIVE,0.339,0.0224,0.6386
CLUBS TEN SPADES FIVE,0.3464,0.034,0.6196
CLUBS JACK CLUBS EIGHT,0.3182,0.0182,0.6636
CLUBS TEN CLUBS EIGHT,0.3184,0.0274,0.6542
CLUBS EIGHT CLUBS KING,0.326,0.013,0.661
SPADES FIVE CLUBS ACE,0.3298,0.004,0.6662
CLUBS EIGHT CLUBS QUEEN,0.3238,0.0138,0.6624
SPADES FIVE CLUBS KING,0.3354,0.0098,0.6548
SPADES FIVE CLUBS QUEEN,0.3498,0.0146,0.6356
CLUBS EIGHT CLUBS ACE,0.3146,0.0052,0.6802
DIAMONDS TWO DIAMONDS FIVE,0.2098,0.3682,0.422
HEARTS FIVE SPADES KING,0.3362,0.0116,0.6522
DIAMONDS TWO DIAMONDS FOUR,0.2028,0.4954,0.3018
HEARTS FIVE SPADES QUEEN,0.3524,0.0152,0.6324
DIAMONDS TWO DIAMONDS SEVEN,0.243,0.1904,0.5666
DIAMONDS TWO DIAMONDS SIX,0.2418,0.2662,0.492
SPADES ACE HEARTS FIVE,0.3324,0.0044,0.6632
DIAMONDS TWO DIAMONDS NINE,0.2492,0.1074,0.6434
DIAMONDS TWO DIAMONDS EIGHT,0.2308,0.15,0.6192
CLUBS TEN CLUBS JACK,0.3154,0.0138,0.6708
DIAMONDS FOUR DIAMONDS SIX,0.294,0.155,0.551
CLUBS TEN CLUBS QUEEN,0.3118,0.0128,0.6754
DIAMONDS FOUR DIAMONDS SEVEN,0.308,0.1032,0.5888
CLUBS TEN CLUBS KING,0.322,0.012,0.666
CLUBS TEN CLUBS ACE,0.325,0.0062,0.6688
DIAMONDS FOUR DIAMONDS FIVE,0.2954,0.222,0.4826
DIAMONDS FOUR DIAMONDS NINE,0.337,0.0478,0.6152
DIAMONDS FOUR DIAMONDS EIGHT,0.3192,0.0714,0.6094
DIAMONDS NINE DIAMONDS FIVE,0.328,0.0446,0.6274
CLUBS JACK DIAMONDS TWO,0.2518,0.0524,0.6958
DIAMONDS FIVE DIAMONDS EIGHT,0.3122,0.0706,0.6172
CLUBS TEN DIAMONDS TWO,0.2656,0.0798,0.6546
DIAMONDS FIVE DIAMONDS SEVEN,0.3112,0.098,0.5908
DIAMONDS SIX DIAMONDS FIVE,0.2926,0.1448,0.5626
DIAMONDS TWO CLUBS ACE,0.2254,0.017,0.7576
DIAMONDS TWO CLUBS KING,0.2604,0.0274,0.7122
DIAMONDS TWO CLUBS QUEEN,0.2592,0.0456,0.6952
DIAMONDS SIX DIAMONDS EIGHT,0.314,0.0592,0.6268
DIAMONDS NINE DIAMONDS SIX,0.3242,0.0434,0.6324
HEARTS ACE SPADES THREE,0.2434,0.0194,0.7372
SPADES THREE HEARTS KING,0.2582,0.0342,0.7076
DIAMONDS SIX DIAMONDS SEVEN,0.3088,0.0948,0.5964
HEARTS QUEEN SPADES THREE,0.254,0.0416,0.7044
SPADES THREE HEARTS JACK,0.2588,0.0614,0.6798
SPADES THREE HEARTS TEN,0.2636,0.075,0.6614
DIAMONDS EIGHT DIAMONDS SEVEN,0.2938,0.064,0.6422
DIAMONDS NINE DIAMONDS SEVEN,0.3218,0.0428,0.6354
DIAMONDS NINE DIAMONDS EIGHT,0.3058,0.0412,0.653
DIAMONDS KING HEARTS TEN,0.3216,0.0094,0.669
HEARTS THREE HEARTS TEN,0.2384,0.0638,0.6978
SPADES JACK CLUBS SIX,0.35,0.0226,0.6274
DIAMONDS KING HEARTS JACK,0.3286,0.0086,0.6628
HEARTS THREE HEARTS JACK,0.2346,0.054,0.7114
SPADES TEN CLUBS SIX,0.3352,0.0256,0.6392
SPADES JACK SPADES FIVE,0.3298,0.0186,0.6516
SPADES TEN SPADES FIVE,0.3226,0.031,0.6464
DIAMONDS KING HEARTS ACE,0.3404,0.007,0.6526
HEARTS THREE HEARTS ACE,0.22,0.0188,0.7612
SPADES ACE CLUBS SIX,0.3378,0.0062,0.656
DIAMONDS KING HEARTS QUEEN,0.3372,0.0082,0.6546
HEARTS THREE HEARTS QUEEN,0.2482,0.04,0.7118
SPADES KING CLUBS SIX,0.3274,0.0084,0.6642
DIAMONDS KING HEARTS KING,0.1424,0.0212,0.8364
HEARTS THREE HEARTS KING,0.2382,0.0362,0.7256
SPADES QUEEN CLUBS SIX,0.3462,0.0114,0.6424
SPADES NINE HEARTS TEN,0.3272,0.0238,0.649
SPADES NINE HEARTS JACK,0.3334,0.0188,0.6478
SPADES QUEEN SPADES FIVE,0.3144,0.0148,0.6708
SPADES KING SPADES FIVE,0.3248,0.0122,0.663
SPADES ACE SPADES FIVE,0.303,0.0064,0.6906
SPADES NINE HEARTS QUEEN,0.3404,0.0142,0.6454
SPADES NINE HEARTS KING,0.3496,0.0082,0.6422
SPADES NINE HEARTS ACE,0.3474,0.0038,0.6488
CLUBS TEN SPADES JACK,0.3214,0.0176,0.661
CLUBS TEN SPADES TEN,0.143,0.0676,0.7894
SPADES ACE CLUBS TEN,0.3438,0.005,0.6512
CLUBS TEN SPADES KING,0.3358,0.0094,0.6548
CLUBS TEN SPADES QUEEN,0.3248,0.0108,0.6644
SPADES FIVE HEARTS QUEEN,0.3494,0.0144,0.6362
SPADES FIVE HEARTS KING,0.34,0.009,0.651
HEARTS ACE SPADES FIVE,0.3226,0.0072,0.6702
CLUBS EIGHT SPADES TEN,0.3292,0.0296,0.6412
SPADES JACK HEARTS THREE,0.2598,0.056,0.6842
SPADES JACK DIAMONDS KING,0.3406,0.0064,0.653
SPADES TEN DIAMONDS KING,0.3334,0.0076,0.659
SPADES TEN HEARTS THREE,0.256,0.0812,0.6628
CLUBS EIGHT SPADES JACK,0.3378,0.0188,0.6434
CLUBS SIX HEARTS ACE,0.3478,0.005,0.6472
SPADES ACE CLUBS EIGHT,0.3426,0.0038,0.6536
HEARTS FIVE CLUBS JACK,0.338,0.0218,0.6402
CLUBS TEN HEARTS FIVE,0.3532,0.0292,0.6176
CLUBS SIX HEARTS QUEEN,0.3396,0.014,0.6464
SPADES QUEEN CLUBS EIGHT,0.3316,0.0118,0.6566
CLUBS TEN SPADES THREE,0.2504,0.0868,0.6628
CLUBS SIX HEARTS KING,0.3446,0.0076,0.6478
SPADES KING CLUBS EIGHT,0.333,0.0114,0.6556
CLUBS JACK SPADES THREE,0.2522,0.0652,0.6826
DIAMONDS TWO HEARTS JACK,0.265,0.0568,0.6782
SPADES THREE CLUBS QUEEN,0.2466,0.0418,0.7116
DIAMONDS TWO HEARTS TEN,0.2702,0.0766,0.6532
SPADES THREE CLUBS KING,0.2468,0.0338,0.7194
HEARTS FIVE CLUBS ACE,0.327,0.007,0.666
SPADES FIVE HEARTS TEN,0.3394,0.0298,0.6308
SPADES THREE CLUBS ACE,0.2456,0.017,0.7374
HEARTS FIVE CLUBS KING,0.341,0.0096,0.6494
SPADES FIVE HEARTS JACK,0.3516,0.0192,0.6292
HEARTS FIVE CLUBS QUEEN,0.3432,0.0142,0.6426
HEARTS THREE CLUBS KING,0.248,0.0292,0.7228
DIAMONDS KING CLUBS KING,0.127,0.0216,0.8514
HEARTS THREE CLUBS QUEEN,0.2568,0.0394,0.7038
DIAMONDS KING CLUBS QUEEN,0.3188,0.0106,0.6706
HEARTS FIVE HEARTS JACK,0.3256,0.0194,0.655
HEARTS FIVE HEARTS TEN,0.329,0.0278,0.6432
HEARTS THREE CLUBS ACE,0.2372,0.023,0.7398
DIAMONDS KING CLUBS ACE,0.3358,0.0056,0.6586
SPADES ACE CLUBS QUEEN,0.3288,0.0058,0.6654
SPADES KING CLUBS QUEEN,0.33,0.0094,0.6606
CLUBS JACK HEARTS THREE,0.255,0.0624,0.6826
CLUBS JACK DIAMONDS KING,0.341,0.0094,0.6496
SPADES QUEEN CLUBS QUEEN,0.148,0.0376,0.8144
CLUBS TEN HEARTS THREE,0.2516,0.0742,0.6742
CLUBS TEN DIAMONDS KING,0.3326,0.0058,0.6616
SPADES JACK CLUBS QUEEN,0.3288,0.0144,0.6568
CLUBS SIX CLUBS QUEEN,0.3286,0.012,0.6594
SPADES TEN CLUBS QUEEN,0.3308,0.012,0.6572
CLUBS SIX CLUBS KING,0.3158,0.0096,0.6746
CLUBS SIX CLUBS ACE,0.3174,0.0064,0.6762
HEARTS FIVE HEARTS KING,0.3158,0.0098,0.6744
HEARTS FIVE HEARTS QUEEN,0.3374,0.018,0.6446
CLUBS TEN CLUBS SIX,0.3272,0.0306,0.6422
HEARTS FIVE HEARTS ACE,0.2996,0.0048,0.6956
CLUBS JACK CLUBS SIX,0.324,0.0202,0.6558
SPADES SEVEN HEARTS JACK,0.3434,0.019,0.6376
SPADES SEVEN HEARTS TEN,0.338,0.0272,0.6348
DIAMONDS TWO CLUBS THREE,0.0072,0.9864,0.0064
DIAMONDS TWO HEARTS SIX,0.248,0.2724,0.4796
DIAMONDS TWO HEARTS QUEEN,0.2592,0.0416,0.6992
HEARTS SEVEN DIAMONDS TWO,0.2574,0.1964,0.5462
DIAMONDS TWO HEARTS KING,0.2698,0.032,0.6982
DIAMONDS TWO HEARTS EIGHT,0.2658,0.1482,0.586
DIAMONDS TWO HEARTS ACE,0.2502,0.014,0.7358
DIAMONDS TWO HEARTS NINE,0.26,0.1044,0.6356
DIAMONDS TWO DIAMONDS QUEEN,0.2542,0.0386,0.7072
DIAMONDS TWO HEARTS TWO,0.2336,0.135,0.6314
DIAMONDS TWO DIAMONDS KING,0.2342,0.025,0.7408
DIAMONDS TWO HEARTS THREE,0.017,0.9728,0.0102
DIAMONDS TWO DIAMONDS ACE,0.2144,0.0188,0.7668
HEARTS FOUR DIAMONDS TWO,0.222,0.5094,0.2686
HEARTS FIVE DIAMONDS TWO,0.2266,0.3772,0.3962
SPADES SEVEN HEARTS ACE,0.3414,0.0076,0.651
DIAMONDS TWO DIAMONDS TEN,0.2532,0.0708,0.676
SPADES SEVEN HEARTS KING,0.3506,0.0098,0.6396
DIAMONDS TWO DIAMONDS JACK,0.245,0.054,0.701
SPADES SEVEN HEARTS QUEEN,0.348,0.0134,0.6386
DIAMONDS TWO SPADES NINE,0.2626,0.0966,0.6408
DIAMONDS TWO SPADES EIGHT,0.2524,0.1474,0.6002
DIAMONDS TWO SPADES SEVEN,0.2596,0.199,0.5414
DIAMONDS TWO SPADES SIX,0.25,0.269,0.481
DIAMONDS TWO SPADES FIVE,0.225,0.3908,0.3842
DIAMONDS TWO SPADES FOUR,0.2162,0.5038,0.28
DIAMONDS TWO SPADES THREE,0.0184,0.9742,0.0074
DIAMONDS TWO SPADES TWO,0.2184,0.1484,0.6332
DIAMONDS TWO CLUBS NINE,0.2514,0.114,0.6346
CLUBS EIGHT DIAMONDS TWO,0.2526,0.1528,0.5946
DIAMONDS TWO CLUBS SEVEN,0.2586,0.2026,0.5388
DIAMONDS TWO CLUBS SIX,0.2512,0.2702,0.4786
DIAMONDS TWO CLUBS FIVE,0.212,0.3866,0.4014
DIAMONDS TWO CLUBS FOUR,0.2192,0.517,0.2638
CLUBS FOUR SPADES FIVE,0.3084,0.2376,0.454
CLUBS FOUR SPADES FOUR,0.1094,0.159,0.7316
CLUBS FOUR SPADES THREE,0.2066,0.4954,0.298
CLUBS FOUR SPADES TWO,0.2096,0.5126,0.2778
SPADES NINE CLUBS FOUR,0.3362,0.0488,0.615
SPADES EIGHT CLUBS FOUR,0.3368,0.0734,0.5898
CLUBS FOUR SPADES SEVEN,0.3222,0.1112,0.5666
CLUBS FOUR SPADES SIX,0.3172,0.1592,0.5236
SPADES ACE DIAMONDS SIX,0.3368,0.0056,0.6576
SPADES QUEEN DIAMONDS SIX,0.3426,0.0136,0.6438
SPADES KING DIAMONDS SIX,0.3486,0.008,0.6434
SPADES TEN DIAMONDS SIX,0.3258,0.0284,0.6458
SPADES JACK DIAMONDS SIX,0.3504,0.0202,0.6294
SPADES QUEEN SPADES TWO,0.2436,0.0394,0.717
SPADES KING SPADES TWO,0.2482,0.0262,0.7256
SPADES ACE SPADES TWO,0.2348,0.0174,0.7478
CLUBS JACK DIAMONDS JACK,0.1344,0.0546,0.811
CLUBS TEN DIAMONDS JACK,0.3216,0.0136,0.6648
DIAMONDS JACK CLUBS KING,0.3314,0.01,0.6586
DIAMONDS JACK CLUBS QUEEN,0.3306,0.0132,0.6562
DIAMONDS JACK CLUBS ACE,0.32,0.0072,0.6728
SPADES TEN SPADES NINE,0.299,0.0234,0.6776
SPADES JACK SPADES NINE,0.32,0.0152,0.6648
DIAMONDS FOUR HEARTS JACK,0.3456,0.0204,0.634
HEARTS ACE HEARTS KING,0.319,0.007,0.674
SPADES TEN SPADES TWO,0.2532,0.0684,0.6784
DIAMONDS FOUR HEARTS TEN,0.3364,0.0336,0.63
SPADES JACK SPADES TWO,0.2492,0.0556,0.6952
DIAMONDS FOUR HEARTS QUEEN,0.3384,0.0154,0.6462
DIAMONDS FOUR HEARTS KING,0.3468,0.0084,0.6448
SPADES ACE SPADES NINE,0.3296,0.0068,0.6636
DIAMONDS FOUR HEARTS ACE,0.3324,0.0068,0.6608
SPADES KING SPADES NINE,0.3154,0.0086,0.676
SPADES QUEEN SPADES NINE,0.3178,0.0154,0.6668
CLUBS SIX CLUBS FIVE,0.3114,0.1432,0.5454
DIAMONDS FOUR CLUBS ACE,0.3204,0.0078,0.6718
CLUBS SEVEN CLUBS FIVE,0.3124,0.103,0.5846
DIAMONDS FOUR CLUBS QUEEN,0.3294,0.015,0.6556
DIAMONDS FOUR CLUBS KING,0.3298,0.0098,0.6604
CLUBS TEN DIAMONDS FOUR,0.3238,0.0318,0.6444
CLUBS JACK DIAMONDS FOUR,0.333,0.0256,0.6414
SPADES SEVEN CLUBS ACE,0.3272,0.0054,0.6674
SPADES SEVEN CLUBS QUEEN,0.3476,0.015,0.6374
SPADES SEVEN CLUBS KING,0.3416,0.0088,0.6496
SPADES SEVEN CLUBS FIVE,0.3166,0.0984,0.585
CLUBS TEN SPADES SEVEN,0.3322,0.0258,0.642
CLUBS FIVE SPADES SIX,0.3086,0.1526,0.5388
CLUBS JACK SPADES SEVEN,0.336,0.0188,0.6452
SPADES NINE CLUBS FIVE,0.3294,0.0456,0.625
SPADES EIGHT CLUBS FIVE,0.3368,0.0732,0.59
CLUBS FIVE SPADES THREE,0.2144,0.3698,0.4158
CLUBS FIVE SPADES TWO,0.2128,0.3856,0.4016
CLUBS FIVE SPADES FIVE,0.1134,0.1584,0.7282
CLUBS FIVE SPADES FOUR,0.2964,0.2366,0.467
CLUBS NINE CLUBS FIVE,0.325,0.0478,0.6272
CLUBS EIGHT CLUBS FIVE,0.3186,0.0752,0.6062
CLUBS ACE CLUBS QUEEN,0.321,0.0078,0.6712
CLUBS KING CLUBS QUEEN,0.3196,0.0098,0.6706
DIAMONDS FOUR DIAMONDS TEN,0.334,0.0346,0.6314
CLUBS TEN DIAMONDS NINE,0.3234,0.0246,0.652
DIAMONDS FOUR DIAMONDS JACK,0.3298,0.0194,0.6508
CLUBS JACK DIAMONDS NINE,0.3178,0.0178,0.6644
CLUBS JACK SPADES NINE,0.3414,0.0194,0.6392
CLUBS TEN SPADES NINE,0.3316,0.0222,0.6462
DIAMONDS FOUR DIAMONDS ACE,0.3074,0.0066,0.686
HEARTS FOUR DIAMONDS FOUR,0.1052,0.164,0.7308
DIAMONDS JACK HEARTS TEN,0.3182,0.0124,0.6694
SPADES NINE CLUBS KING,0.3466,0.0066,0.6468
DIAMONDS TWO SPADES TEN,0.2468,0.0796,0.6736
DIAMONDS NINE CLUBS ACE,0.3288,0.0058,0.6654
HEARTS FIVE DIAMONDS FOUR,0.3016,0.241,0.4574
DIAMONDS JACK HEARTS JACK,0.1242,0.0552,0.8206
SPADES NINE CLUBS QUEEN,0.3342,0.013,0.6528
DIAMONDS TWO SPADES JACK,0.2702,0.0488,0.681
DIAMONDS FOUR DIAMONDS QUEEN,0.3126,0.0134,0.674
DIAMONDS FOUR HEARTS TWO,0.2026,0.5094,0.288
DIAMONDS NINE CLUBS QUEEN,0.348,0.012,0.64
DIAMONDS FOUR DIAMONDS KING,0.3296,0.0086,0.6618
DIAMONDS FOUR HEARTS THREE,0.2034,0.4986,0.298
SPADES NINE CLUBS ACE,0.338,0.0042,0.6578
DIAMONDS NINE CLUBS KING,0.3422,0.009,0.6488
HEARTS ACE DIAMONDS JACK,0.3374,0.0044,0.6582
SPADES ACE DIAMONDS TWO,0.2488,0.0168,0.7344
HEARTS QUEEN DIAMONDS JACK,0.3324,0.0114,0.6562
SPADES QUEEN DIAMONDS TWO,0.2668,0.0422,0.691
HEARTS KING DIAMONDS JACK,0.3408,0.0076,0.6516
SPADES KING DIAMONDS TWO,0.2612,0.0326,0.7062
SPADES JACK SPADES SEVEN,0.3152,0.0192,0.6656
SPADES TEN SPADES SEVEN,0.3202,0.0266,0.6532
CLUBS SEVEN CLUBS THREE,0.2276,0.1984,0.574
CLUBS SIX CLUBS THREE,0.2308,0.2792,0.49
CLUBS FIVE CLUBS THREE,0.204,0.3714,0.4246
CLUBS FOUR CLUBS THREE,0.2106,0.4858,0.3036
CLUBS NINE CLUBS THREE,0.2476,0.102,0.6504
CLUBS EIGHT CLUBS THREE,0.2436,0.145,0.6114
SPADES FIVE CLUBS THREE,0.2098,0.3828,0.4074
CLUBS THREE SPADES FOUR,0.2076,0.513,0.2794
CLUBS THREE SPADES THREE,0.0712,0.1458,0.783
CLUBS THREE SPADES TWO,0.0134,0.9686,0.018
SPADES SIX CLUBS THREE,0.2378,0.279,0.4832
SPADES SEVEN CLUBS THREE,0.2252,0.2092,0.5656
SPADES EIGHT CLUBS THREE,0.254,0.1554,0.5906
SPADES NINE CLUBS THREE,0.2498,0.1092,0.641
DIAMONDS FOUR SPADES TWO,0.2216,0.499,0.2794
DIAMONDS FOUR SPADES THREE,0.2136,0.4924,0.294
DIAMONDS FOUR SPADES FOUR,0.1068,0.17,0.7232
DIAMONDS FOUR SPADES FIVE,0.294,0.2372,0.4688
DIAMONDS FOUR SPADES SIX,0.3114,0.1558,0.5328
DIAMONDS FOUR SPADES SEVEN,0.33,0.1048,0.5652
DIAMONDS FOUR SPADES EIGHT,0.3356,0.0666,0.5978
DIAMONDS FOUR SPADES NINE,0.3446,0.0496,0.6058
DIAMONDS FOUR CLUBS FIVE,0.2872,0.2388,0.474
DIAMONDS FOUR CLUBS FOUR,0.102,0.1634,0.7346
DIAMONDS FOUR CLUBS SEVEN,0.3148,0.1128,0.5724
DIAMONDS FOUR CLUBS SIX,0.304,0.1634,0.5326
CLUBS NINE DIAMONDS FOUR,0.3382,0.0438,0.618
CLUBS EIGHT DIAMONDS FOUR,0.335,0.071,0.594
HEARTS SEVEN DIAMONDS FOUR,0.3192,0.1066,0.5742
HEARTS SIX DIAMONDS FOUR,0.3384,0.1532,0.5084
DIAMONDS FOUR HEARTS NINE,0.3376,0.0522,0.6102
DIAMONDS FOUR HEARTS EIGHT,0.334,0.0676,0.5984
DIAMONDS FOUR CLUBS THREE,0.1994,0.4996,0.301
DIAMONDS TEN DIAMONDS FIVE,0.3194,0.0366,0.644
DIAMONDS JACK DIAMONDS FIVE,0.3238,0.0202,0.656
DIAMONDS NINE HEARTS QUEEN,0.34,0.0134,0.6466
DIAMONDS NINE HEARTS KING,0.3298,0.007,0.6632
HEARTS ACE DIAMONDS NINE,0.3278,0.0056,0.6666
DIAMONDS NINE HEARTS TEN,0.3226,0.0238,0.6536
DIAMONDS NINE HEARTS JACK,0.332,0.0162,0.6518
DIAMONDS SIX CLUBS KING,0.3426,0.011,0.6464
DIAMONDS SIX CLUBS QUEEN,0.3266,0.0146,0.6588
DIAMONDS SIX CLUBS ACE,0.3288,0.007,0.6642
SPADES KING DIAMONDS FOUR,0.3368,0.0096,0.6536
SPADES ACE SPADES SEVEN,0.304,0.007,0.689
SPADES QUEEN DIAMONDS FOUR,0.3284,0.0138,0.6578
SPADES QUEEN SPADES SEVEN,0.3276,0.013,0.6594
CLUBS JACK DIAMONDS SIX,0.3364,0.0248,0.6388
SPADES KING SPADES SEVEN,0.3298,0.0088,0.6614
SPADES ACE DIAMONDS FOUR,0.3218,0.0066,0.6716
CLUBS TEN DIAMONDS SIX,0.331,0.0276,0.6414
CLUBS NINE CLUBS FOUR,0.3434,0.0512,0.6054
CLUBS EIGHT CLUBS FOUR,0.3322,0.0686,0.5992
SPADES JACK DIAMONDS FOUR,0.3376,0.0226,0.6398
DIAMONDS FOUR SPADES TEN,0.3444,0.0346,0.621
CLUBS FOUR CLUBS FIVE,0.2714,0.2338,0.4948
CLUBS SEVEN CLUBS FOUR,0.3014,0.1038,0.5948
CLUBS SIX CLUBS FOUR,0.307,0.1544,0.5386
CLUBS SEVEN SPADES EIGHT,0.301,0.0662,0.6328
SPADES NINE CLUBS SEVEN,0.328,0.0468,0.6252
CLUBS SEVEN SPADES SIX,0.3358,0.0926,0.5716
CLUBS SEVEN SPADES SEVEN,0.1384,0.119,0.7426
CLUBS SEVEN SPADES FIVE,0.3262,0.1088,0.565
CLUBS SEVEN SPADES FOUR,0.3138,0.1096,0.5766
CLUBS SEVEN SPADES THREE,0.222,0.2062,0.5718
CLUBS SEVEN SPADES TWO,0.256,0.1852,0.5588
CLUBS NINE CLUBS SEVEN,0.3052,0.0442,0.6506
CLUBS EIGHT CLUBS SEVEN,0.2922,0.058,0.6498
HEARTS SIX DIAMONDS FIVE,0.31,0.1484,0.5416
HEARTS SEVEN DIAMONDS FIVE,0.3196,0.1046,0.5758
DIAMONDS FIVE HEARTS EIGHT,0.326,0.0738,0.6002
DIAMONDS FIVE HEARTS NINE,0.334,0.0462,0.6198
DIAMONDS QUEEN DIAMONDS FIVE,0.3304,0.0136,0.656
HEARTS TWO DIAMONDS FIVE,0.2142,0.3754,0.4104
HEARTS KING HEARTS EIGHT,0.3314,0.0094,0.6592
DIAMONDS KING DIAMONDS FIVE,0.3242,0.0088,0.667
HEARTS THREE DIAMONDS FIVE,0.2088,0.3726,0.4186
HEARTS QUEEN HEARTS EIGHT,0.3172,0.0114,0.6714
DIAMONDS ACE DIAMONDS FIVE,0.3134,0.0086,0.678
HEARTS FOUR DIAMONDS FIVE,0.2874,0.2444,0.4682
HEARTS FIVE DIAMONDS FIVE,0.1142,0.15,0.7358
HEARTS ACE HEARTS EIGHT,0.3232,0.0044,0.6724
CLUBS FOUR DIAMONDS FIVE,0.2834,0.244,0.4726
CLUBS FIVE DIAMONDS FIVE,0.1042,0.1478,0.748
CLUBS SIX DIAMONDS FIVE,0.308,0.1514,0.5406
CLUBS SEVEN DIAMONDS FIVE,0.3168,0.106,0.5772
CLUBS THREE DIAMONDS FIVE,0.2082,0.3698,0.422
SPADES THREE DIAMONDS FIVE,0.219,0.3784,0.4026
SPADES TWO DIAMONDS FIVE,0.1976,0.3804,0.422
SPADES JACK DIAMONDS EIGHT,0.3366,0.0192,0.6442
SPADES FIVE DIAMONDS FIVE,0.1078,0.1428,0.7494
CLUBS TEN HEARTS JACK,0.3228,0.0164,0.6608
SPADES TEN DIAMONDS EIGHT,0.3276,0.0278,0.6446
SPADES FOUR DIAMONDS FIVE,0.3012,0.2354,0.4634
CLUBS JACK HEARTS JACK,0.1324,0.0526,0.815
HEARTS JACK CLUBS QUEEN,0.3356,0.0146,0.6498
CLUBS NINE DIAMONDS FIVE,0.3418,0.047,0.6112
CLUBS EIGHT DIAMONDS FIVE,0.3174,0.0692,0.6134
HEARTS JACK CLUBS KING,0.3384,0.0088,0.6528
CLUBS ACE HEARTS JACK,0.3388,0.0034,0.6578
SPADES SEVEN DIAMONDS FIVE,0.3146,0.1128,0.5726
SPADES KING DIAMONDS EIGHT,0.3356,0.009,0.6554
SPADES QUEEN DIAMONDS EIGHT,0.3338,0.0092,0.657
SPADES SIX DIAMONDS FIVE,0.313,0.148,0.539
SPADES NINE DIAMONDS FIVE,0.343,0.0494,0.6076
SPADES EIGHT DIAMONDS FIVE,0.3322,0.0648,0.603
SPADES ACE DIAMONDS EIGHT,0.3406,0.0054,0.654
DIAMONDS TEN DIAMONDS SIX,0.3162,0.0286,0.6552
HEARTS ACE DIAMONDS SEVEN,0.3324,0.0044,0.6632
DIAMONDS JACK DIAMONDS SIX,0.3312,0.0216,0.6472
HEARTS QUEEN DIAMONDS SEVEN,0.3372,0.0144,0.6484
HEARTS KING DIAMONDS SEVEN,0.3432,0.008,0.6488
DIAMONDS ACE DIAMONDS SIX,0.33,0.0078,0.6622
HEARTS FOUR DIAMONDS SIX,0.308,0.1622,0.5298
SPADES TWO HEARTS JACK,0.2622,0.0488,0.689
HEARTS FIVE DIAMONDS SIX,0.3086,0.153,0.5384
SPADES TWO HEARTS TEN,0.2742,0.0728,0.653
DIAMONDS QUEEN DIAMONDS SIX,0.3304,0.0168,0.6528
HEARTS TWO DIAMONDS SIX,0.2494,0.26,0.4906
DIAMONDS KING DIAMONDS SIX,0.316,0.0106,0.6734
HEARTS THREE DIAMONDS SIX,0.2386,0.2848,0.4766
DIAMONDS SIX HEARTS EIGHT,0.338,0.067,0.595
DIAMONDS SIX HEARTS NINE,0.3406,0.0456,0.6138
HEARTS SIX DIAMONDS SIX,0.1262,0.1312,0.7426
HEARTS SEVEN DIAMONDS SIX,0.3162,0.1032,0.5806
HEARTS TEN DIAMONDS SEVEN,0.3428,0.0292,0.628
HEARTS JACK DIAMONDS SEVEN,0.334,0.019,0.647
CLUBS THREE DIAMONDS SIX,0.236,0.259,0.505
CLUBS SEVEN DIAMONDS SIX,0.331,0.093,0.576
CLUBS JACK DIAMONDS EIGHT,0.324,0.018,0.658
CLUBS SIX DIAMONDS SIX,0.1212,0.1362,0.7426
CLUBS TEN DIAMONDS EIGHT,0.3174,0.028,0.6546
CLUBS FIVE DIAMONDS SIX,0.3032,0.1468,0.55
CLUBS FOUR DIAMONDS SIX,0.3076,0.17,0.5224
HEARTS ACE HEARTS JACK,0.325,0.0046,0.6704
CLUBS ACE DIAMONDS EIGHT,0.333,0.004,0.663
HEARTS QUEEN HEARTS JACK,0.3026,0.0154,0.682
CLUBS KING DIAMONDS EIGHT,0.3458,0.0072,0.647
CLUBS NINE DIAMONDS SIX,0.3352,0.0474,0.6174
HEARTS KING HEARTS JACK,0.31,0.0068,0.6832
CLUBS EIGHT DIAMONDS SIX,0.3322,0.0652,0.6026
DIAMONDS EIGHT CLUBS QUEEN,0.325,0.0116,0.6634
SPADES TEN HEARTS KING,0.3414,0.0068,0.6518
SPADES FIVE DIAMONDS SIX,0.3098,0.157,0.5332
HEARTS ACE SPADES TWO,0.241,0.0186,0.7404
SPADES JACK HEARTS KING,0.3464,0.0078,0.6458
SPADES FOUR DIAMONDS SIX,0.314,0.17,0.516
SPADES THREE DIAMONDS SIX,0.2398,0.2838,0.4764
HEARTS QUEEN SPADES TWO,0.2568,0.0346,0.7086
SPADES ACE SPADES KING,0.3114,0.0086,0.68
HEARTS KING SPADES TWO,0.2628,0.0288,0.7084
SPADES TWO DIAMONDS SIX,0.2334,0.2702,0.4964
HEARTS TEN HEARTS EIGHT,0.3162,0.0242,0.6596
SPADES NINE DIAMONDS SIX,0.34,0.049,0.611
HEARTS JACK HEARTS EIGHT,0.3348,0.02,0.6452
SPADES EIGHT DIAMONDS SIX,0.3314,0.0714,0.5972
SPADES SEVEN DIAMONDS SIX,0.3228,0.094,0.5832
SPADES SIX DIAMONDS SIX,0.119,0.1332,0.7478
SPADES KING HEARTS KING,0.1448,0.0196,0.8356
SPADES QUEEN HEARTS KING,0.3344,0.008,0.6576
CLUBS ACE CLUBS KING,0.3176,0.0052,0.6772
SPADES ACE HEARTS KING,0.3328,0.0058,0.6614
SPADES ACE HEARTS JACK,0.337,0.0054,0.6576
SPADES QUEEN HEARTS JACK,0.3386,0.011,0.6504
SPADES KING HEARTS JACK,0.3452,0.0086,0.6462
SPADES TEN DIAMONDS TEN,0.1382,0.069,0.7928
SPADES JACK DIAMONDS TEN,0.3182,0.0182,0.6636
SPADES ACE DIAMONDS TEN,0.331,0.0046,0.6644
SPADES JACK HEARTS JACK,0.1518,0.0548,0.7934
SPADES TEN HEARTS JACK,0.3332,0.0144,0.6524
SPADES QUEEN DIAMONDS TEN,0.3372,0.0112,0.6516
SPADES KING DIAMONDS TEN,0.3462,0.009,0.6448
SPADES NINE DIAMONDS SEVEN,0.3344,0.0448,0.6208
SPADES EIGHT DIAMONDS SEVEN,0.3042,0.062,0.6338
SPADES SEVEN DIAMONDS SEVEN,0.133,0.1212,0.7458
SPADES SIX DIAMONDS SEVEN,0.3244,0.1006,0.575
DIAMONDS KING DIAMONDS SEVEN,0.3214,0.0104,0.6682
HEARTS THREE DIAMONDS SEVEN,0.2268,0.208,0.5652
HEARTS KING DIAMONDS FIVE,0.343,0.0084,0.6486
DIAMONDS QUEEN DIAMONDS SEVEN,0.3396,0.013,0.6474
HEARTS TWO DIAMONDS SEVEN,0.2534,0.208,0.5386
HEARTS QUEEN DIAMONDS FIVE,0.3432,0.0162,0.6406
HEARTS FIVE DIAMONDS SEVEN,0.3166,0.0982,0.5852
DIAMONDS ACE DIAMONDS SEVEN,0.3228,0.0058,0.6714
HEARTS FOUR DIAMONDS SEVEN,0.3198,0.1072,0.573
HEARTS ACE DIAMONDS FIVE,0.3254,0.0062,0.6684
HEARTS SEVEN DIAMONDS SEVEN,0.1264,0.1126,0.761
HEARTS SIX DIAMONDS SEVEN,0.3182,0.1024,0.5794
HEARTS NINE DIAMONDS SEVEN,0.3332,0.0398,0.627
HEARTS EIGHT DIAMONDS SEVEN,0.3036,0.0592,0.6372
DIAMONDS JACK DIAMONDS SEVEN,0.321,0.0172,0.6618
HEARTS JACK DIAMONDS FIVE,0.349,0.0214,0.6296
DIAMONDS TEN DIAMONDS SEVEN,0.3206,0.0272,0.6522
HEARTS TEN DIAMONDS FIVE,0.3542,0.0288,0.617
CLUBS EIGHT DIAMONDS SEVEN,0.3078,0.0616,0.6306
HEARTS KING CLUBS KING,0.1374,0.022,0.8406
HEARTS KING CLUBS QUEEN,0.3342,0.0092,0.6566
CLUBS NINE DIAMONDS SEVEN,0.3326,0.0412,0.6262
CLUBS JACK SPADES TWO,0.264,0.0546,0.6814
CLUBS SIX CLUBS SEVEN,0.3042,0.0914,0.6044
CLUBS TEN SPADES TWO,0.2412,0.0748,0.684
HEARTS KING CLUBS ACE,0.3306,0.0038,0.6656
SPADES TWO CLUBS KING,0.2524,0.0314,0.7162
SPADES TWO DIAMONDS SEVEN,0.2506,0.2016,0.5478
CLUBS EIGHT CLUBS SIX,0.3314,0.0582,0.6104
SPADES THREE DIAMONDS SEVEN,0.2354,0.2032,0.5614
SPADES TWO CLUBS QUEEN,0.2608,0.0394,0.6998
CLUBS NINE CLUBS SIX,0.3184,0.0438,0.6378
SPADES FOUR DIAMONDS SEVEN,0.3194,0.1132,0.5674
CLUBS JACK HEARTS KING,0.3288,0.0094,0.6618
SPADES FIVE DIAMONDS SEVEN,0.3248,0.097,0.5782
SPADES TWO CLUBS ACE,0.2322,0.02,0.7478
CLUBS TEN HEARTS KING,0.3378,0.01,0.6522
CLUBS SIX SPADES TWO,0.2416,0.2688,0.4896
CLUBS SIX SPADES THREE,0.2402,0.2766,0.4832
CLUBS SIX SPADES FOUR,0.3208,0.168,0.5112
CLUBS THREE DIAMONDS SEVEN,0.233,0.2036,0.5634
CLUBS SIX SPADES FIVE,0.321,0.1518,0.5272
CLUBS FOUR DIAMONDS SEVEN,0.3238,0.1092,0.567
CLUBS SIX SPADES SIX,0.1272,0.1362,0.7366
CLUBS FIVE DIAMONDS SEVEN,0.3136,0.1044,0.582
CLUBS SIX SPADES SEVEN,0.321,0.1016,0.5774
CLUBS SIX DIAMONDS SEVEN,0.327,0.0904,0.5826
CLUBS SIX SPADES EIGHT,0.3308,0.0672,0.602
CLUBS SEVEN DIAMONDS SEVEN,0.1194,0.1108,0.7698
CLUBS SIX SPADES NINE,0.3272,0.0342,0.6386
CLUBS THREE DIAMONDS EIGHT,0.2504,0.1494,0.6002
HEARTS SEVEN DIAMONDS EIGHT,0.3142,0.0706,0.6152
HEARTS SIX DIAMONDS EIGHT,0.3332,0.0658,0.601
DIAMONDS EIGHT HEARTS NINE,0.3286,0.037,0.6344
HEARTS EIGHT DIAMONDS EIGHT,0.1362,0.0998,0.764
CLUBS NINE DIAMONDS EIGHT,0.3114,0.04,0.6486
CLUBS EIGHT DIAMONDS EIGHT,0.1354,0.1046,0.76
CLUBS FIVE DIAMONDS EIGHT,0.3092,0.0754,0.6154
SPADES ACE SPADES THREE,0.2228,0.0168,0.7604
CLUBS FOUR DIAMONDS EIGHT,0.324,0.0738,0.6022
CLUBS SEVEN DIAMONDS EIGHT,0.3038,0.0656,0.6306
SPADES QUEEN SPADES THREE,0.2478,0.0444,0.7078
CLUBS SIX DIAMONDS EIGHT,0.3086,0.0666,0.6248
SPADES KING SPADES THREE,0.2372,0.0332,0.7296
DIAMONDS QUEEN DIAMONDS EIGHT,0.3286,0.0112,0.6602
HEARTS TWO DIAMONDS EIGHT,0.2496,0.15,0.6004
DIAMONDS KING DIAMONDS EIGHT,0.3314,0.0106,0.658
HEARTS THREE DIAMONDS EIGHT,0.251,0.1416,0.6074
DIAMONDS ACE DIAMONDS EIGHT,0.3306,0.0056,0.6638
HEARTS FOUR DIAMONDS EIGHT,0.3444,0.0732,0.5824
HEARTS FIVE DIAMONDS EIGHT,0.3328,0.069,0.5982
DIAMONDS TEN DIAMONDS EIGHT,0.3302,0.0208,0.649
DIAMONDS JACK DIAMONDS EIGHT,0.3238,0.022,0.6542
SPADES JACK SPADES THREE,0.2434,0.0588,0.6978
SPADES TEN SPADES THREE,0.2362,0.0784,0.6854
CLUBS FOUR HEARTS ACE,0.3206,0.007,0.6724
CLUBS FOUR HEARTS QUEEN,0.3408,0.014,0.6452
CLUBS FOUR HEARTS KING,0.344,0.0092,0.6468
CLUBS SIX HEARTS TEN,0.3472,0.0282,0.6246
CLUBS SIX HEARTS JACK,0.346,0.0226,0.6314
SPADES FOUR DIAMONDS EIGHT,0.3386,0.0658,0.5956
SPADES FIVE DIAMONDS EIGHT,0.3228,0.0726,0.6046
SPADES TWO DIAMONDS EIGHT,0.2556,0.149,0.5954
SPADES THREE DIAMONDS EIGHT,0.2578,0.1414,0.6008
CLUBS FOUR HEARTS JACK,0.3444,0.0208,0.6348
SPADES EIGHT DIAMONDS EIGHT,0.1336,0.103,0.7634
SPADES TEN DIAMONDS QUEEN,0.3344,0.0134,0.6522
SPADES TEN HEARTS TWO,0.273,0.0704,0.6566
SPADES JACK HEARTS EIGHT,0.3522,0.0204,0.6274
CLUBS FOUR HEARTS TEN,0.3444,0.032,0.6236
SPADES NINE DIAMONDS EIGHT,0.3146,0.0444,0.641
SPADES TEN HEARTS EIGHT,0.3436,0.026,0.6304
SPADES JACK HEARTS TWO,0.2588,0.0526,0.6886
SPADES JACK DIAMONDS QUEEN,0.3248,0.0128,0.6624
SPADES SIX DIAMONDS EIGHT,0.323,0.0716,0.6054
SPADES SEVEN DIAMONDS EIGHT,0.306,0.0554,0.6386
SPADES ACE HEARTS TWO,0.2354,0.017,0.7476
SPADES ACE DIAMONDS QUEEN,0.3464,0.0082,0.6454
SPADES ACE HEARTS EIGHT,0.3414,0.0036,0.655
SPADES KING HEARTS EIGHT,0.3418,0.0074,0.6508
SPADES QUEEN HEARTS TWO,0.2598,0.0398,0.7004
SPADES QUEEN DIAMONDS QUEEN,0.1434,0.0382,0.8184
SPADES KING DIAMONDS QUEEN,0.342,0.009,0.649
SPADES KING HEARTS TWO,0.2576,0.03,0.7124
SPADES QUEEN HEARTS EIGHT,0.34,0.012,0.648
SPADES SEVEN DIAMONDS NINE,0.3244,0.0458,0.6298
SPADES SIX DIAMONDS NINE,0.3284,0.0492,0.6224
SPADES NINE DIAMONDS NINE,0.1462,0.0898,0.764
SPADES EIGHT DIAMONDS NINE,0.3246,0.0442,0.6312
SPADES TEN CLUBS KING,0.3218,0.009,0.6692
DIAMONDS NINE SPADES THREE,0.2474,0.105,0.6476
SPADES JACK CLUBS KING,0.3512,0.0102,0.6386
DIAMONDS NINE SPADES TWO,0.2514,0.1122,0.6364
SPADES FIVE DIAMONDS NINE,0.3294,0.0414,0.6292
DIAMONDS NINE SPADES FOUR,0.3424,0.046,0.6116
CLUBS NINE DIAMONDS NINE,0.1338,0.0902,0.776
CLUBS EIGHT DIAMONDS NINE,0.3106,0.0412,0.6482
CLUBS SIX DIAMONDS NINE,0.3276,0.0518,0.6206
SPADES JACK CLUBS FOUR,0.3402,0.0202,0.6396
CLUBS SEVEN DIAMONDS NINE,0.3264,0.0436,0.63
SPADES TEN CLUBS FOUR,0.343,0.031,0.626
CLUBS FOUR DIAMONDS NINE,0.3318,0.0524,0.6158
CLUBS FIVE DIAMONDS NINE,0.3278,0.0472,0.625
CLUBS THREE DIAMONDS NINE,0.2498,0.109,0.6412
DIAMONDS NINE HEARTS EIGHT,0.334,0.0368,0.6292
DIAMONDS NINE HEARTS NINE,0.1402,0.0954,0.7644
HEARTS SIX DIAMONDS NINE,0.3474,0.0466,0.606
HEARTS SEVEN DIAMONDS NINE,0.3244,0.0458,0.6298
CLUBS EIGHT CLUBS NINE,0.3136,0.0396,0.6468
DIAMONDS ACE DIAMONDS NINE,0.3384,0.0062,0.6554
HEARTS FOUR DIAMONDS NINE,0.3472,0.049,0.6038
HEARTS FIVE DIAMONDS NINE,0.3428,0.0494,0.6078
SPADES ACE CLUBS FOUR,0.3108,0.0048,0.6844
DIAMONDS NINE DIAMONDS QUEEN,0.3258,0.0132,0.661
HEARTS TWO DIAMONDS NINE,0.2568,0.1024,0.6408
SPADES KING CLUBS FOUR,0.3408,0.0078,0.6514
DIAMONDS KING DIAMONDS NINE,0.3268,0.0086,0.6646
HEARTS THREE DIAMONDS NINE,0.2424,0.1154,0.6422
SPADES QUEEN CLUBS FOUR,0.321,0.016,0.663
DIAMONDS NINE DIAMONDS JACK,0.3272,0.0174,0.6554
CLUBS EIGHT SPADES NINE,0.3238,0.0382,0.638
DIAMONDS TEN DIAMONDS NINE,0.3152,0.027,0.6578
CLUBS EIGHT SPADES EIGHT,0.1336,0.097,0.7694
CLUBS EIGHT SPADES SEVEN,0.3138,0.0636,0.6226
CLUBS EIGHT SPADES SIX,0.3264,0.0666,0.607
CLUBS EIGHT SPADES FIVE,0.3306,0.0666,0.6028
CLUBS EIGHT SPADES FOUR,0.3332,0.0702,0.5966
CLUBS EIGHT SPADES THREE,0.2474,0.1514,0.6012
CLUBS EIGHT SPADES TWO,0.2498,0.1416,0.6086
HEARTS SIX DIAMONDS TEN,0.3428,0.027,0.6302
HEARTS SEVEN DIAMONDS TEN,0.336,0.0276,0.6364
DIAMONDS TEN HEARTS EIGHT,0.3274,0.031,0.6416
CLUBS JACK CLUBS FOUR,0.3178,0.0216,0.6606
DIAMONDS TEN HEARTS NINE,0.3246,0.0232,0.6522
CLUBS TEN CLUBS FOUR,0.3348,0.031,0.6342
CLUBS FOUR CLUBS KING,0.3358,0.0106,0.6536
CLUBS FOUR CLUBS QUEEN,0.3246,0.0122,0.6632
DIAMONDS TEN CLUBS THREE,0.2356,0.0834,0.681
CLUBS FOUR CLUBS ACE,0.2958,0.0068,0.6974
DIAMONDS TEN DIAMONDS JACK,0.299,0.0138,0.6872
DIAMONDS TEN DIAMONDS QUEEN,0.3158,0.013,0.6712
HEARTS TWO DIAMONDS TEN,0.255,0.076,0.669
DIAMONDS KING DIAMONDS TEN,0.327,0.0116,0.6614
HEARTS THREE DIAMONDS TEN,0.2516,0.0858,0.6626
DIAMONDS ACE DIAMONDS TEN,0.3116,0.0066,0.6818
HEARTS FOUR DIAMONDS TEN,0.3372,0.0276,0.6352
CLUBS EIGHT HEARTS JACK,0.3388,0.017,0.6442
HEARTS FIVE DIAMONDS TEN,0.3432,0.0348,0.622
CLUBS EIGHT HEARTS TEN,0.3276,0.0258,0.6466
CLUBS EIGHT HEARTS QUEEN,0.3358,0.0118,0.6524
CLUBS EIGHT HEARTS KING,0.3462,0.0092,0.6446
CLUBS EIGHT HEARTS ACE,0.3388,0.0078,0.6534
CLUBS NINE SPADES THREE,0.2568,0.1062,0.637
CLUBS NINE SPADES TWO,0.2512,0.1052,0.6436
CLUBS NINE SPADES FIVE,0.345,0.0494,0.6056
CLUBS NINE SPADES FOUR,0.3486,0.0464,0.605
CLUBS NINE SPADES SEVEN,0.3308,0.0364,0.6328
CLUBS NINE SPADES SIX,0.3224,0.0458,0.6318
CLUBS NINE SPADES NINE,0.144,0.0796,0.7764
CLUBS TEN HEARTS EIGHT,0.3316,0.0314,0.637
CLUBS NINE SPADES EIGHT,0.3344,0.0406,0.625
CLUBS JACK HEARTS EIGHT,0.336,0.0192,0.6448
HEARTS EIGHT CLUBS QUEEN,0.3424,0.0134,0.6442
CLUBS KING HEARTS EIGHT,0.342,0.0076,0.6504
CLUBS ACE HEARTS EIGHT,0.3368,0.0052,0.658
SPADES KING CLUBS KING,0.141,0.023,0.836
SPADES QUEEN CLUBS KING,0.3358,0.0058,0.6584
SPADES ACE CLUBS KING,0.3314,0.0056,0.663
DIAMONDS ACE HEARTS TEN,0.3362,0.005,0.6588
HEARTS FOUR HEARTS TEN,0.3192,0.0332,0.6476
DIAMONDS ACE HEARTS JACK,0.3384,0.0078,0.6538
HEARTS FOUR HEARTS JACK,0.3168,0.0186,0.6646
SPADES KING CLUBS FIVE,0.3378,0.0122,0.65
SPADES QUEEN CLUBS FIVE,0.3428,0.0144,0.6428
SPADES ACE CLUBS FIVE,0.3174,0.0052,0.6774
HEARTS SEVEN DIAMONDS JACK,0.3268,0.021,0.6522
HEARTS SIX DIAMONDS JACK,0.3442,0.022,0.6338
DIAMONDS JACK HEARTS NINE,0.3202,0.0182,0.6616
DIAMONDS JACK HEARTS EIGHT,0.3442,0.0166,0.6392
DIAMONDS KING DIAMONDS JACK,0.3274,0.008,0.6646
HEARTS THREE DIAMONDS JACK,0.2498,0.0586,0.6916
SPADES ACE SPADES SIX,0.3338,0.0078,0.6584
HEARTS ACE SPADES FOUR,0.3344,0.0054,0.6602
DIAMONDS QUEEN DIAMONDS JACK,0.3254,0.0126,0.662
HEARTS TWO DIAMONDS JACK,0.2612,0.049,0.6898
HEARTS FIVE DIAMONDS JACK,0.3354,0.0254,0.6392
SPADES QUEEN SPADES SIX,0.3188,0.0148,0.6664
SPADES FOUR HEARTS QUEEN,0.3434,0.013,0.6436
DIAMONDS ACE DIAMONDS JACK,0.3138,0.0076,0.6786
HEARTS FOUR DIAMONDS JACK,0.3488,0.023,0.6282
SPADES KING SPADES SIX,0.3206,0.0096,0.6698
SPADES FOUR HEARTS KING,0.3454,0.0114,0.6432
SPADES TEN SPADES SIX,0.3184,0.0276,0.654
SPADES JACK SPADES SIX,0.324,0.0202,0.6558
SPADES FOUR DIAMONDS JACK,0.3362,0.0226,0.6412
SPADES FIVE DIAMONDS JACK,0.3438,0.022,0.6342
DIAMONDS JACK SPADES TWO,0.2538,0.0576,0.6886
SPADES THREE DIAMONDS JACK,0.254,0.0602,0.6858
CLUBS EIGHT DIAMONDS JACK,0.3304,0.0176,0.652
CLUBS NINE DIAMONDS JACK,0.3196,0.0178,0.6626
CLUBS SIX DIAMONDS JACK,0.3456,0.0234,0.631
CLUBS SEVEN DIAMONDS JACK,0.3372,0.0192,0.6436
CLUBS FOUR DIAMONDS JACK,0.34,0.0218,0.6382
CLUBS FIVE DIAMONDS JACK,0.3328,0.0198,0.6474
CLUBS THREE DIAMONDS JACK,0.2416,0.0626,0.6958
SPADES TEN CLUBS FIVE,0.3536,0.0252,0.6212
SPADES JACK HEARTS SIX,0.3378,0.0178,0.6444
HEARTS SIX SPADES TEN,0.3458,0.033,0.6212
SPADES JACK CLUBS FIVE,0.3422,0.0206,0.6372
CLUBS SEVEN CLUBS ACE,0.32,0.0054,0.6746
CLUBS SEVEN CLUBS QUEEN,0.3202,0.0094,0.6704
CLUBS SEVEN CLUBS KING,0.3058,0.0094,0.6848
SPADES NINE DIAMONDS JACK,0.3394,0.0138,0.6468
CLUBS TEN CLUBS SEVEN,0.3216,0.0282,0.6502
DIAMONDS ACE HEARTS ACE,0.1236,0.0058,0.8706
HEARTS FOUR HEARTS ACE,0.3044,0.008,0.6876
SPADES EIGHT DIAMONDS JACK,0.3304,0.0218,0.6478
SPADES ACE HEARTS SIX,0.3386,0.005,0.6564
CLUBS JACK CLUBS SEVEN,0.3254,0.0208,0.6538
DIAMONDS ACE HEARTS KING,0.3266,0.005,0.6684
HEARTS FOUR HEARTS KING,0.3324,0.0094,0.6582
SPADES SEVEN DIAMONDS JACK,0.3386,0.0182,0.6432
SPADES KING HEARTS SIX,0.3396,0.007,0.6534
DIAMONDS ACE HEARTS QUEEN,0.3354,0.005,0.6596
HEARTS FOUR HEARTS QUEEN,0.3148,0.0176,0.6676
SPADES QUEEN HEARTS SIX,0.3434,0.0126,0.644
SPADES SIX DIAMONDS JACK,0.3362,0.0222,0.6416
DIAMONDS TEN SPADES TWO,0.2516,0.0776,0.6708
DIAMONDS TEN SPADES THREE,0.2454,0.0798,0.6748
DIAMONDS TEN SPADES FOUR,0.3464,0.0324,0.6212
DIAMONDS TEN SPADES FIVE,0.336,0.0308,0.6332
SPADES SIX DIAMONDS TEN,0.3294,0.0364,0.6342
SPADES SEVEN DIAMONDS TEN,0.3374,0.0316,0.631
SPADES EIGHT DIAMONDS TEN,0.3482,0.0286,0.6232
SPADES NINE DIAMONDS TEN,0.3304,0.0242,0.6454
CLUBS FOUR DIAMONDS TEN,0.3368,0.0304,0.6328
CLUBS FIVE DIAMONDS TEN,0.335,0.0262,0.6388
CLUBS SIX DIAMONDS TEN,0.3258,0.0322,0.642
CLUBS SEVEN DIAMONDS TEN,0.3362,0.0256,0.6382
CLUBS EIGHT DIAMONDS TEN,0.3382,0.0244,0.6374
CLUBS NINE DIAMONDS TEN,0.3288,0.0234,0.6478
SPADES FOUR HEARTS JACK,0.3442,0.023,0.6328
SPADES FOUR HEARTS TEN,0.3482,0.0272,0.6246
SPADES FIVE SPADES TWO,0.2092,0.3654,0.4254
SPADES FOUR SPADES TWO,0.2036,0.4716,0.3248
SPADES THREE SPADES TWO,0.0242,0.902,0.0738
SPADES NINE SPADES TWO,0.25,0.1058,0.6442
SPADES EIGHT SPADES TWO,0.2386,0.1338,0.6276
SPADES SEVEN SPADES TWO,0.2298,0.197,0.5732
SPADES SIX SPADES TWO,0.2298,0.2572,0.513
CLUBS THREE DIAMONDS QUEEN,0.2426,0.0462,0.7112
HEARTS TWO CLUBS THREE,0.01,0.9734,0.0166
HEARTS SEVEN DIAMONDS QUEEN,0.3394,0.0136,0.647
HEARTS SEVEN HEARTS TWO,0.2424,0.1846,0.573
HEARTS SIX DIAMONDS QUEEN,0.3458,0.0138,0.6404
HEARTS SIX HEARTS TWO,0.2404,0.2514,0.5082
DIAMONDS QUEEN HEARTS NINE,0.3316,0.0126,0.6558
HEARTS TWO HEARTS NINE,0.2442,0.0996,0.6562
DIAMONDS QUEEN HEARTS EIGHT,0.3422,0.0138,0.644
HEARTS TWO HEARTS EIGHT,0.237,0.1414,0.6216
CLUBS NINE HEARTS TWO,0.2524,0.1056,0.642
CLUBS NINE DIAMONDS QUEEN,0.3332,0.011,0.6558
CLUBS EIGHT DIAMONDS QUEEN,0.3318,0.0138,0.6544
CLUBS EIGHT HEARTS TWO,0.252,0.1448,0.6032
CLUBS FIVE DIAMONDS QUEEN,0.3384,0.0136,0.648
CLUBS FIVE HEARTS TWO,0.224,0.3734,0.4026
SPADES EIGHT HEARTS ACE,0.3596,0.0054,0.635
CLUBS FOUR DIAMONDS QUEEN,0.3382,0.0166,0.6452
CLUBS FOUR HEARTS TWO,0.221,0.526,0.253
CLUBS SEVEN DIAMONDS QUEEN,0.3398,0.0162,0.644
CLUBS SEVEN HEARTS TWO,0.2496,0.1982,0.5522
SPADES EIGHT HEARTS QUEEN,0.3446,0.009,0.6464
CLUBS SIX DIAMONDS QUEEN,0.3398,0.0114,0.6488
CLUBS SIX HEARTS TWO,0.2478,0.2742,0.478
SPADES EIGHT HEARTS KING,0.3524,0.0092,0.6384
HEARTS TWO SPADES SIX,0.2514,0.2638,0.4848
SPADES SIX DIAMONDS QUEEN,0.331,0.0138,0.6552
HEARTS FOUR CLUBS QUEEN,0.3422,0.0176,0.6402
DIAMONDS ACE CLUBS QUEEN,0.33,0.0036,0.6664
SPADES SEVEN DIAMONDS QUEEN,0.34,0.0136,0.6464
SPADES SEVEN HEARTS TWO,0.2484,0.202,0.5496
HEARTS FOUR CLUBS KING,0.3444,0.0096,0.646
DIAMONDS ACE CLUBS KING,0.3314,0.0062,0.6624
SPADES EIGHT DIAMONDS QUEEN,0.356,0.012,0.632
SPADES EIGHT HEARTS TWO,0.2506,0.1458,0.6036
HEARTS FOUR CLUBS ACE,0.328,0.005,0.667
DIAMONDS ACE CLUBS ACE,0.1094,0.0084,0.8822
SPADES NINE DIAMONDS QUEEN,0.3438,0.0128,0.6434
SPADES NINE HEARTS TWO,0.2566,0.1044,0.639
HEARTS TWO SPADES TWO,0.2268,0.1426,0.6306
DIAMONDS QUEEN SPADES TWO,0.2568,0.0388,0.7044
HEARTS TWO SPADES THREE,0.0168,0.9634,0.0198
DIAMONDS QUEEN SPADES THREE,0.2672,0.0432,0.6896
HEARTS TWO SPADES FOUR,0.211,0.5006,0.2884
SPADES FOUR DIAMONDS QUEEN,0.3292,0.0174,0.6534
CLUBS TEN HEARTS FOUR,0.3478,0.035,0.6172
CLUBS TEN DIAMONDS ACE,0.337,0.0066,0.6564
HEARTS TWO SPADES FIVE,0.2138,0.3752,0.411
SPADES FIVE DIAMONDS QUEEN,0.3254,0.015,0.6596
CLUBS JACK HEARTS FOUR,0.3456,0.0232,0.6312
CLUBS JACK DIAMONDS ACE,0.3338,0.0066,0.6596
CLUBS FIVE CLUBS KING,0.3208,0.0098,0.6694
CLUBS FIVE CLUBS QUEEN,0.3224,0.012,0.6656
CLUBS FIVE CLUBS ACE,0.3172,0.0052,0.6776
CLUBS JACK CLUBS FIVE,0.3336,0.0214,0.645
CLUBS TEN CLUBS FIVE,0.3342,0.0338,0.632
SPADES KING CLUBS JACK,0.3508,0.0078,0.6414
CLUBS JACK SPADES QUEEN,0.3106,0.012,0.6774
SPADES ACE CLUBS JACK,0.3294,0.0044,0.6662
SPADES SIX CLUBS KING,0.3492,0.0106,0.6402
SPADES SIX CLUBS QUEEN,0.3418,0.0138,0.6444
SPADES EIGHT HEARTS JACK,0.3354,0.0178,0.6468
SPADES SIX CLUBS ACE,0.345,0.0068,0.6482
SPADES EIGHT HEARTS TEN,0.3448,0.0294,0.6258
CLUBS JACK SPADES SIX,0.3324,0.0194,0.6482
CLUBS TEN SPADES SIX,0.3444,0.0316,0.624
CLUBS JACK SPADES TEN,0.3234,0.0152,0.6614
CLUBS JACK SPADES JACK,0.1398,0.0536,0.8066
SPADES QUEEN CLUBS SEVEN,0.3388,0.0108,0.6504
SPADES KING CLUBS SEVEN,0.3416,0.0066,0.6518
SPADES ACE CLUBS SEVEN,0.3292,0.0038,0.667
SPADES SIX HEARTS TEN,0.3262,0.0308,0.643
SPADES SIX HEARTS JACK,0.352,0.019,0.629
SPADES SIX HEARTS ACE,0.3392,0.0068,0.654
SPADES SIX HEARTS KING,0.3372,0.0074,0.6554
SPADES SIX HEARTS QUEEN,0.3402,0.0142,0.6456
SPADES JACK CLUBS SEVEN,0.3352,0.0194,0.6454
SPADES TEN CLUBS SEVEN,0.3368,0.0294,0.6338
CLUBS TEN HEARTS SIX,0.3344,0.0306,0.635
CLUBS JACK HEARTS SIX,0.352,0.023,0.625
CLUBS JACK CLUBS ACE,0.3162,0.0076,0.6762
HEARTS SIX CLUBS QUEEN,0.345,0.016,0.639
HEARTS SIX CLUBS KING,0.343,0.0096,0.6474
HEARTS SIX CLUBS ACE,0.3362,0.0048,0.659
CLUBS JACK CLUBS QUEEN,0.3114,0.0122,0.6764
CLUBS JACK CLUBS KING,0.3196,0.0084,0.672
CLUBS FIVE HEARTS JACK,0.3508,0.0204,0.6288
SPADES TEN DIAMONDS ACE,0.3328,0.0048,0.6624
HEARTS FOUR SPADES TEN,0.3526,0.0358,0.6116
CLUBS FIVE HEARTS TEN,0.3384,0.0292,0.6324
HEARTS FOUR SPADES JACK,0.3422,0.026,0.6318
SPADES JACK DIAMONDS ACE,0.3332,0.0052,0.6616
SPADES ACE HEARTS FOUR,0.3318,0.0068,0.6614
SPADES ACE DIAMONDS ACE,0.1314,0.0044,0.8642
CLUBS FIVE HEARTS ACE,0.3256,0.006,0.6684
CLUBS FIVE HEARTS KING,0.3342,0.0108,0.655
HEARTS FOUR SPADES QUEEN,0.3454,0.0134,0.6412
SPADES QUEEN DIAMONDS ACE,0.3308,0.0054,0.6638
CLUBS JACK SPADES FOUR,0.3364,0.0226,0.641
CLUBS FIVE HEARTS QUEEN,0.333,0.0162,0.6508
SPADES KING DIAMONDS ACE,0.3484,0.0068,0.6448
SPADES KING HEARTS FOUR,0.347,0.0106,0.6424
CLUBS TEN SPADES FOUR,0.3312,0.0328,0.636
DIAMONDS ACE DIAMONDS QUEEN,0.324,0.01,0.666
DIAMONDS ACE HEARTS TWO,0.2342,0.0164,0.7494
HEARTS FOUR DIAMONDS QUEEN,0.3382,0.01,0.6518
HEARTS FOUR HEARTS TWO,0.2072,0.4678,0.325
SPADES FOUR CLUBS KING,0.3376,0.0068,0.6556
HEARTS FIVE DIAMONDS QUEEN,0.3536,0.0134,0.633
HEARTS FIVE HEARTS TWO,0.2026,0.3706,0.4268
SPADES FOUR CLUBS QUEEN,0.3484,0.0154,0.6362
HEARTS TWO DIAMONDS QUEEN,0.2634,0.0436,0.693
DIAMONDS KING DIAMONDS QUEEN,0.3434,0.008,0.6486
DIAMONDS KING HEARTS TWO,0.2434,0.03,0.7266
HEARTS THREE DIAMONDS QUEEN,0.2486,0.0448,0.7066
HEARTS THREE HEARTS TWO,0.0146,0.9112,0.0742
SPADES FOUR CLUBS ACE,0.3236,0.0058,0.6706
HEARTS TWO CLUBS ACE,0.2398,0.0166,0.7436
DIAMONDS QUEEN CLUBS ACE,0.3268,0.0062,0.667
HEARTS TWO CLUBS QUEEN,0.267,0.0398,0.6932
DIAMONDS QUEEN CLUBS QUEEN,0.133,0.0374,0.8296
HEARTS TWO CLUBS KING,0.2558,0.0316,0.7126
DIAMONDS QUEEN CLUBS KING,0.3286,0.0092,0.6622
SPADES EIGHT SPADES FIVE,0.296,0.0654,0.6386
CLUBS TEN HEARTS TWO,0.2632,0.0736,0.6632
CLUBS TEN DIAMONDS QUEEN,0.3186,0.0114,0.67
SPADES NINE SPADES FIVE,0.316,0.0452,0.6388
CLUBS JACK HEARTS TWO,0.2532,0.0612,0.6856
CLUBS JACK DIAMONDS QUEEN,0.3174,0.013,0.6696
SPADES SIX SPADES FIVE,0.2968,0.1384,0.5648
SPADES SEVEN SPADES FIVE,0.292,0.1016,0.6064
DIAMONDS FIVE CLUBS QUEEN,0.342,0.015,0.643
SPADES EIGHT CLUBS ACE,0.3368,0.004,0.6592
DIAMONDS FIVE CLUBS KING,0.3304,0.0116,0.658
SPADES EIGHT CLUBS KING,0.3332,0.0088,0.658
CLUBS ACE DIAMONDS FIVE,0.3174,0.0074,0.6752
SPADES EIGHT CLUBS QUEEN,0.3336,0.0136,0.6528
CLUBS JACK SPADES EIGHT,0.3336,0.0168,0.6496
CLUBS TEN SPADES EIGHT,0.3318,0.0286,0.6396
CLUBS TEN DIAMONDS FIVE,0.3352,0.0306,0.6342
CLUBS JACK DIAMONDS FIVE,0.334,0.0236,0.6424
DIAMONDS TEN HEARTS JACK,0.325,0.0156,0.6594
DIAMONDS TEN HEARTS TEN,0.142,0.064,0.794
SPADES ACE CLUBS NINE,0.3304,0.0084,0.6612
SPADES QUEEN CLUBS NINE,0.334,0.0098,0.6562
SPADES KING CLUBS NINE,0.3422,0.0086,0.6492
HEARTS SIX HEARTS KING,0.3242,0.009,0.6668
DIAMONDS KING SPADES SEVEN,0.3444,0.0078,0.6478
HEARTS THREE SPADES SEVEN,0.2292,0.1952,0.5756
SPADES KING DIAMONDS SEVEN,0.3416,0.0112,0.6472
HEARTS SIX HEARTS QUEEN,0.3324,0.012,0.6556
SPADES QUEEN DIAMONDS SEVEN,0.3392,0.0138,0.647
HEARTS THREE SPADES SIX,0.248,0.2594,0.4926
DIAMONDS KING SPADES SIX,0.3396,0.0104,0.65
SPADES NINE DIAMONDS KING,0.3492,0.0088,0.642
SPADES NINE HEARTS THREE,0.2694,0.112,0.6186
HEARTS SIX HEARTS ACE,0.3138,0.0054,0.6808
DIAMONDS KING SPADES EIGHT,0.3382,0.0102,0.6516
SPADES EIGHT HEARTS THREE,0.263,0.1456,0.5914
SPADES ACE DIAMONDS SEVEN,0.3306,0.0036,0.6658
CLUBS NINE HEARTS THREE,0.2488,0.1082,0.643
CLUBS NINE DIAMONDS KING,0.3348,0.0092,0.656
CLUBS EIGHT DIAMONDS KING,0.3358,0.008,0.6562
CLUBS EIGHT HEARTS THREE,0.2528,0.1526,0.5946
HEARTS THREE SPADES THREE,0.071,0.1452,0.7838
DIAMONDS KING SPADES THREE,0.2538,0.033,0.7132
HEARTS THREE SPADES TWO,0.021,0.9596,0.0194
DIAMONDS KING SPADES TWO,0.254,0.0306,0.7154
HEARTS THREE SPADES FIVE,0.2152,0.3724,0.4124
DIAMONDS KING SPADES FIVE,0.3332,0.01,0.6568
HEARTS THREE SPADES FOUR,0.2172,0.4974,0.2854
DIAMONDS KING SPADES FOUR,0.3448,0.0098,0.6454
DIAMONDS KING CLUBS THREE,0.2454,0.0334,0.7212
HEARTS THREE CLUBS THREE,0.0814,0.147,0.7716
DIAMONDS KING CLUBS FOUR,0.326,0.0104,0.6636
CLUBS FOUR HEARTS THREE,0.2048,0.5052,0.29
DIAMONDS KING CLUBS FIVE,0.3284,0.0098,0.6618
HEARTS THREE CLUBS FIVE,0.2212,0.3708,0.408
CLUBS SIX DIAMONDS KING,0.3464,0.0114,0.6422
CLUBS SIX HEARTS THREE,0.2316,0.2934,0.475
CLUBS SEVEN DIAMONDS KING,0.3276,0.0084,0.664
CLUBS SEVEN HEARTS THREE,0.2378,0.1942,0.568
DIAMONDS KING HEARTS THREE,0.263,0.033,0.704
