opposingHand,winningChance,drawChance,lostChance
DIAMONDS ACE SPADES THREE
HEARTS FIVE SPADES TEN,0.6042,0.0026,0.3932
HEARTS FIVE SPADES JACK,0.6034,0.0044,0.3922
SPADES FIVE CLUBS JACK,0.6114,0.0058,0.3828
CLUBS TEN SPADES FIVE,0.6152,0.006,0.3788
CLUBS EIGHT CLUBS JACK,0.5392,0.0044,0.4564
CLUBS TEN CLUBS EIGHT,0.5304,0.0038,0.4658
CLUBS EIGHT CLUBS KING,0.5576,0.0036,0.4388
SPADES FIVE CLUBS ACE,0.212,0.4694,0.3186
CLUBS EIGHT CLUBS QUEEN,0.5426,0.0044,0.453
SPADES FIVE CLUBS KING,0.6066,0.0034,0.39
SPADES FIVE CLUBS QUEEN,0.6118,0.0048,0.3834
CLUBS EIGHT CLUBS ACE,0.2212,0.2216,0.5572
DIAMONDS TWO DIAMONDS THREE,0.7164,0.0214,0.2622
DIAMONDS TWO DIAMONDS FIVE,0.61,0.008,0.382
HEARTS FIVE SPADES KING,0.626,0.005,0.369
DIAMONDS TWO DIAMONDS FOUR,0.6146,0.0072,0.3782
HEARTS FIVE SPADES QUEEN,0.6016,0.005,0.3934
DIAMONDS TWO DIAMONDS SEVEN,0.6256,0.0042,0.3702
DIAMONDS TWO DIAMONDS SIX,0.609,0.0066,0.3844
SPADES ACE HEARTS FIVE,0.2226,0.4552,0.3222
DIAMONDS TWO DIAMONDS NINE,0.619,0.0066,0.3744
DIAMONDS TWO DIAMONDS EIGHT,0.6234,0.0072,0.3694
DIAMONDS THREE DIAMONDS FOUR,0.7006,0.018,0.2814
CLUBS TWO SPADES FOUR,0.6486,0.0054,0.346
DIAMONDS THREE DIAMONDS FIVE,0.6974,0.02,0.2826
SPADES FIVE CLUBS TWO,0.633,0.0058,0.3612
CLUBS TWO SPADES TWO,0.4664,0.005,0.5286
DIAMONDS THREE DIAMONDS EIGHT,0.7044,0.0186,0.277
SPADES EIGHT CLUBS TWO,0.6394,0.0044,0.3562
DIAMONDS THREE DIAMONDS NINE,0.7146,0.021,0.2644
SPADES NINE CLUBS TWO,0.6512,0.005,0.3438
DIAMONDS THREE DIAMONDS SIX,0.7116,0.0164,0.272
SPADES SIX CLUBS TWO,0.6378,0.005,0.3572
DIAMONDS THREE DIAMONDS SEVEN,0.701,0.0166,0.2824
SPADES SEVEN CLUBS TWO,0.6438,0.0044,0.3518
CLUBS SIX CLUBS TWO,0.5934,0.0062,0.4004
CLUBS SEVEN CLUBS TWO,0.6172,0.0054,0.3774
CLUBS FOUR CLUBS TWO,0.5868,0.0054,0.4078
CLUBS FIVE CLUBS TWO,0.5824,0.0058,0.4118
CLUBS TEN CLUBS JACK,0.5112,0.0044,0.4844
DIAMONDS FOUR DIAMONDS SIX,0.5756,0.0066,0.4178
CLUBS TEN CLUBS QUEEN,0.5302,0.004,0.4658
DIAMONDS FOUR DIAMONDS SEVEN,0.58,0.0054,0.4146
CLUBS TEN CLUBS KING,0.5264,0.0042,0.4694
CLUBS TEN CLUBS ACE,0.2284,0.116,0.6556
CLUBS EIGHT CLUBS TWO,0.599,0.0036,0.3974
DIAMONDS FIVE DIAMONDS FOUR,0.5614,0.006,0.4326
CLUBS NINE CLUBS TWO,0.61,0.0066,0.3834
DIAMONDS NINE DIAMONDS FOUR,0.5966,0.0044,0.399
DIAMONDS EIGHT DIAMONDS FOUR,0.5778,0.005,0.4172
CLUBS THREE CLUBS TWO,0.7012,0.0164,0.2824
DIAMONDS NINE DIAMONDS FIVE,0.5864,0.0042,0.4094
DIAMONDS TWO CLUBS JACK,0.6452,0.0044,0.3504
DIAMONDS EIGHT DIAMONDS FIVE,0.5694,0.005,0.4256
CLUBS TEN DIAMONDS TWO,0.653,0.0066,0.3404
DIAMONDS FIVE DIAMONDS SEVEN,0.559,0.0056,0.4354
DIAMONDS FIVE DIAMONDS SIX,0.562,0.007,0.431
DIAMONDS TWO CLUBS ACE,0.264,0.5262,0.2098
DIAMONDS TWO CLUBS KING,0.655,0.0076,0.3374
DIAMONDS TWO CLUBS QUEEN,0.65,0.0056,0.3444
DIAMONDS EIGHT DIAMONDS SIX,0.5448,0.007,0.4482
DIAMONDS NINE DIAMONDS SIX,0.5534,0.0038,0.4428
DIAMONDS SEVEN DIAMONDS SIX,0.5512,0.0044,0.4444
DIAMONDS EIGHT DIAMONDS SEVEN,0.5276,0.0048,0.4676
DIAMONDS NINE DIAMONDS SEVEN,0.5418,0.0064,0.4518
DIAMONDS NINE DIAMONDS EIGHT,0.5326,0.0048,0.4626
DIAMONDS KING HEARTS TEN,0.5788,0.004,0.4172
HEARTS THREE HEARTS TEN,0.6862,0.0238,0.29
SPADES JACK CLUBS SIX,0.5954,0.0058,0.3988
DIAMONDS KING HEARTS JACK,0.5764,0.0044,0.4192
HEARTS THREE HEARTS JACK,0.7008,0.0176,0.2816
SPADES TEN CLUBS SIX,0.5884,0.0034,0.4082
SPADES JACK SPADES FIVE,0.583,0.0054,0.4116
SPADES TEN SPADES FIVE,0.581,0.006,0.413
DIAMONDS KING HEARTS ACE,0.2504,0.0516,0.698
HEARTS THREE HEARTS ACE,0.0202,0.915,0.0648
SPADES ACE CLUBS SIX,0.225,0.3994,0.3756
DIAMONDS KING HEARTS QUEEN,0.5874,0.0044,0.4082
HEARTS THREE HEARTS QUEEN,0.6898,0.017,0.2932
SPADES KING CLUBS SIX,0.5966,0.0048,0.3986
DIAMONDS KING HEARTS KING,0.2828,0.0046,0.7126
HEARTS THREE HEARTS KING,0.6948,0.0194,0.2858
SPADES QUEEN CLUBS SIX,0.5866,0.0046,0.4088
SPADES NINE HEARTS TEN,0.543,0.0032,0.4538
SPADES NINE HEARTS JACK,0.5436,0.0038,0.4526
SPADES QUEEN SPADES FIVE,0.586,0.0042,0.4098
SPADES KING SPADES FIVE,0.5842,0.006,0.4098
SPADES ACE SPADES FIVE,0.2144,0.4346,0.351
SPADES NINE HEARTS QUEEN,0.568,0.0032,0.4288
SPADES NINE HEARTS KING,0.5898,0.005,0.4052
SPADES NINE HEARTS ACE,0.2366,0.1666,0.5968
CLUBS TEN SPADES JACK,0.5616,0.0046,0.4338
CLUBS TEN SPADES TEN,0.3256,0.0028,0.6716
SPADES ACE CLUBS TEN,0.2354,0.1162,0.6484
SPADES KING CLUBS TEN,0.5704,0.0048,0.4248
CLUBS TEN SPADES QUEEN,0.5606,0.0036,0.4358
SPADES FIVE HEARTS QUEEN,0.6146,0.006,0.3794
SPADES FIVE HEARTS KING,0.6178,0.0058,0.3764
HEARTS ACE SPADES FIVE,0.2086,0.4666,0.3248
CLUBS EIGHT SPADES TEN,0.5752,0.0036,0.4212
SPADES JACK HEARTS THREE,0.7462,0.0192,0.2346
SPADES JACK DIAMONDS KING,0.5752,0.0054,0.4194
SPADES TEN DIAMONDS KING,0.5686,0.0074,0.424
SPADES TEN HEARTS THREE,0.7376,0.0174,0.245
SPADES JACK CLUBS EIGHT,0.5788,0.0044,0.4168
CLUBS SIX HEARTS ACE,0.2534,0.3726,0.374
SPADES ACE CLUBS EIGHT,0.241,0.225,0.534
HEARTS FIVE CLUBS JACK,0.606,0.0032,0.3908
HEARTS FIVE CLUBS TEN,0.6152,0.0036,0.3812
CLUBS SIX HEARTS QUEEN,0.6042,0.0018,0.394
SPADES QUEEN CLUBS EIGHT,0.594,0.005,0.401
CLUBS SIX HEARTS KING,0.5996,0.0066,0.3938
SPADES KING CLUBS EIGHT,0.6108,0.0058,0.3834
DIAMONDS TWO HEARTS JACK,0.6518,0.005,0.3432
DIAMONDS TWO HEARTS TEN,0.6454,0.0044,0.3502
HEARTS FIVE CLUBS ACE,0.2182,0.4556,0.3262
SPADES FIVE HEARTS TEN,0.6028,0.0064,0.3908
HEARTS FIVE CLUBS KING,0.6188,0.0056,0.3756
SPADES FIVE HEARTS JACK,0.6014,0.0044,0.3942
HEARTS FIVE CLUBS QUEEN,0.5954,0.0036,0.401
HEARTS THREE CLUBS KING,0.7446,0.0194,0.236
DIAMONDS KING CLUBS KING,0.2836,0.0056,0.7108
HEARTS THREE CLUBS QUEEN,0.7382,0.0232,0.2386
DIAMONDS KING CLUBS QUEEN,0.5842,0.0052,0.4106
HEARTS FIVE HEARTS JACK,0.5608,0.0044,0.4348
HEARTS FIVE HEARTS TEN,0.5706,0.0048,0.4246
HEARTS THREE CLUBS ACE,0.0182,0.9552,0.0266
DIAMONDS KING CLUBS ACE,0.2544,0.0502,0.6954
SPADES ACE CLUBS QUEEN,0.236,0.0596,0.7044
SPADES KING CLUBS QUEEN,0.5514,0.0068,0.4418
HEARTS THREE CLUBS JACK,0.743,0.0216,0.2354
DIAMONDS KING CLUBS JACK,0.5918,0.0052,0.403
SPADES QUEEN CLUBS QUEEN,0.3008,0.005,0.6942
CLUBS TEN HEARTS THREE,0.7466,0.022,0.2314
CLUBS TEN DIAMONDS KING,0.5672,0.0048,0.428
SPADES JACK CLUBS QUEEN,0.5598,0.0054,0.4348
CLUBS SIX CLUBS QUEEN,0.57,0.0052,0.4248
SPADES TEN CLUBS QUEEN,0.5472,0.0042,0.4486
CLUBS SIX CLUBS KING,0.5674,0.0066,0.426
CLUBS SIX CLUBS ACE,0.223,0.363,0.414
HEARTS FIVE HEARTS KING,0.5764,0.0034,0.4202
HEARTS FIVE HEARTS QUEEN,0.5774,0.0056,0.417
CLUBS TEN CLUBS SIX,0.557,0.0058,0.4372
HEARTS FIVE HEARTS ACE,0.1986,0.4444,0.357
CLUBS SIX CLUBS JACK,0.5664,0.005,0.4286
SPADES SEVEN HEARTS JACK,0.5858,0.0046,0.4096
SPADES SEVEN HEARTS TEN,0.5728,0.0042,0.423
DIAMONDS TWO CLUBS TWO,0.4624,0.007,0.5306
DIAMONDS TWO CLUBS THREE,0.7538,0.0154,0.2308
DIAMONDS TWO HEARTS SIX,0.6592,0.0064,0.3344
DIAMONDS TWO HEARTS QUEEN,0.6514,0.0052,0.3434
HEARTS SEVEN DIAMONDS TWO,0.6568,0.0046,0.3386
DIAMONDS TWO HEARTS KING,0.6502,0.005,0.3448
DIAMONDS TWO HEARTS EIGHT,0.6456,0.0058,0.3486
DIAMONDS TWO HEARTS ACE,0.259,0.5286,0.2124
DIAMONDS TWO HEARTS NINE,0.6418,0.0056,0.3526
DIAMONDS TWO DIAMONDS QUEEN,0.616,0.005,0.379
DIAMONDS TWO HEARTS TWO,0.464,0.007,0.529
DIAMONDS TWO DIAMONDS KING,0.619,0.007,0.374
DIAMONDS TWO HEARTS THREE,0.7522,0.0188,0.229
HEARTS FOUR DIAMONDS TWO,0.6376,0.0072,0.3552
HEARTS FIVE DIAMONDS TWO,0.6428,0.0068,0.3504
SPADES SEVEN HEARTS ACE,0.2442,0.2994,0.4564
DIAMONDS TWO DIAMONDS TEN,0.6128,0.007,0.3802
SPADES SEVEN HEARTS KING,0.5878,0.0046,0.4076
DIAMONDS TWO DIAMONDS JACK,0.621,0.0048,0.3742
SPADES SEVEN HEARTS QUEEN,0.5946,0.0048,0.4006
DIAMONDS TWO SPADES NINE,0.6366,0.0076,0.3558
DIAMONDS TWO SPADES EIGHT,0.6538,0.0046,0.3416
DIAMONDS TWO SPADES SEVEN,0.6486,0.005,0.3464
DIAMONDS TWO SPADES SIX,0.65,0.0048,0.3452
DIAMONDS TWO SPADES FIVE,0.6422,0.0048,0.353
DIAMONDS TWO SPADES FOUR,0.637,0.0046,0.3584
DIAMONDS TWO SPADES TWO,0.4634,0.0092,0.5274
CLUBS NINE DIAMONDS TWO,0.6426,0.0064,0.351
DIAMONDS TWO CLUBS EIGHT,0.646,0.0044,0.3496
CLUBS SEVEN DIAMONDS TWO,0.6572,0.0046,0.3382
DIAMONDS TWO CLUBS SIX,0.6422,0.0052,0.3526
DIAMONDS TWO CLUBS FIVE,0.6336,0.0048,0.3616
DIAMONDS TWO CLUBS FOUR,0.644,0.0044,0.3516
CLUBS FOUR SPADES FIVE,0.5774,0.0052,0.4174
CLUBS FOUR SPADES FOUR,0.3584,0.0054,0.6362
CLUBS FOUR SPADES TWO,0.645,0.0068,0.3482
SPADES NINE CLUBS FOUR,0.6246,0.005,0.3704
SPADES EIGHT CLUBS FOUR,0.5964,0.0056,0.398
SPADES SEVEN CLUBS FOUR,0.6002,0.0034,0.3964
CLUBS FOUR SPADES SIX,0.5898,0.004,0.4062
SPADES ACE DIAMONDS SIX,0.2502,0.3796,0.3702
SPADES QUEEN DIAMONDS SIX,0.5982,0.0048,0.397
SPADES KING DIAMONDS SIX,0.6014,0.0036,0.395
SPADES TEN DIAMONDS SIX,0.5808,0.0068,0.4124
SPADES JACK DIAMONDS SIX,0.609,0.0046,0.3864
SPADES QUEEN SPADES TWO,0.6094,0.007,0.3836
SPADES KING SPADES TWO,0.6184,0.0068,0.3748
SPADES ACE SPADES TWO,0.2508,0.4908,0.2584
DIAMONDS JACK CLUBS JACK,0.316,0.0034,0.6806
CLUBS TEN DIAMONDS JACK,0.5678,0.005,0.4272
DIAMONDS JACK CLUBS KING,0.5872,0.0044,0.4084
DIAMONDS JACK CLUBS QUEEN,0.5712,0.0072,0.4216
DIAMONDS THREE DIAMONDS JACK,0.7226,0.018,0.2594
DIAMONDS THREE DIAMONDS TEN,0.7136,0.023,0.2634
DIAMONDS JACK CLUBS ACE,0.2492,0.0912,0.6596
DIAMONDS THREE DIAMONDS KING,0.7176,0.0252,0.2572
DIAMONDS THREE HEARTS THREE,0.3386,0.0176,0.6438
DIAMONDS THREE DIAMONDS QUEEN,0.7152,0.0178,0.267
DIAMONDS THREE HEARTS TWO,0.7468,0.0214,0.2318
HEARTS FIVE DIAMONDS THREE,0.7214,0.022,0.2566
HEARTS FOUR DIAMONDS THREE,0.7294,0.0214,0.2492
HEARTS SEVEN DIAMONDS THREE,0.7342,0.0184,0.2474
SPADES TEN SPADES NINE,0.5312,0.0038,0.465
HEARTS SIX DIAMONDS THREE,0.75,0.0144,0.2356
SPADES JACK SPADES NINE,0.5278,0.0042,0.468
DIAMONDS THREE HEARTS NINE,0.7374,0.0198,0.2428
HEARTS JACK DIAMONDS FOUR,0.6216,0.0048,0.3736
HEARTS ACE HEARTS KING,0.2462,0.0448,0.709
SPADES TEN SPADES TWO,0.6078,0.006,0.3862
DIAMONDS THREE HEARTS EIGHT,0.7504,0.0184,0.2312
HEARTS TEN DIAMONDS FOUR,0.6128,0.0056,0.3816
SPADES JACK SPADES TWO,0.6072,0.0068,0.386
HEARTS QUEEN DIAMONDS FOUR,0.6172,0.006,0.3768
HEARTS KING DIAMONDS FOUR,0.6258,0.0056,0.3686
SPADES ACE SPADES NINE,0.2314,0.168,0.6006
HEARTS ACE DIAMONDS FOUR,0.22,0.5166,0.2634
SPADES KING SPADES NINE,0.5574,0.004,0.4386
SPADES QUEEN SPADES NINE,0.5404,0.0054,0.4542
DIAMONDS THREE SPADES NINE,0.748,0.0256,0.2264
DIAMONDS THREE SPADES EIGHT,0.749,0.0146,0.2364
DIAMONDS THREE SPADES SEVEN,0.7292,0.0156,0.2552
DIAMONDS THREE SPADES SIX,0.7422,0.0164,0.2414
DIAMONDS THREE CLUBS SIX,0.7396,0.0184,0.242
CLUBS FIVE CLUBS SIX,0.553,0.0044,0.4426
CLUBS ACE DIAMONDS FOUR,0.2284,0.5152,0.2564
CLUBS SEVEN DIAMONDS THREE,0.7278,0.0182,0.254
CLUBS SEVEN CLUBS FIVE,0.5452,0.006,0.4488
DIAMONDS THREE CLUBS FOUR,0.7352,0.0194,0.2454
DIAMONDS FOUR CLUBS QUEEN,0.6318,0.0052,0.363
DIAMONDS THREE CLUBS FIVE,0.7246,0.0202,0.2552
CLUBS KING DIAMONDS FOUR,0.6172,0.0066,0.3762
DIAMONDS THREE CLUBS TWO,0.7396,0.021,0.2394
CLUBS TEN DIAMONDS FOUR,0.6106,0.006,0.3834
DIAMONDS THREE CLUBS THREE,0.3434,0.0206,0.636
DIAMONDS FOUR CLUBS JACK,0.6184,0.0042,0.3774
DIAMONDS THREE SPADES FOUR,0.7234,0.0202,0.2564
DIAMONDS THREE SPADES FIVE,0.7198,0.0238,0.2564
DIAMONDS THREE SPADES TWO,0.749,0.0182,0.2328
CLUBS EIGHT DIAMONDS THREE,0.7432,0.0172,0.2396
CLUBS NINE DIAMONDS THREE,0.7564,0.0198,0.2238
SPADES SEVEN CLUBS ACE,0.2318,0.3122,0.456
SPADES SEVEN CLUBS QUEEN,0.5974,0.0042,0.3984
SPADES SEVEN CLUBS KING,0.5946,0.0048,0.4006
CLUBS FIVE SPADES SEVEN,0.5856,0.0038,0.4106
CLUBS TEN SPADES SEVEN,0.5698,0.0054,0.4248
CLUBS FIVE SPADES SIX,0.5748,0.005,0.4202
SPADES SEVEN CLUBS JACK,0.5876,0.0062,0.4062
CLUBS FIVE SPADES NINE,0.5962,0.0042,0.3996
CLUBS FIVE SPADES EIGHT,0.5862,0.006,0.4078
CLUBS FIVE SPADES TWO,0.635,0.0048,0.3602
CLUBS FIVE SPADES FIVE,0.343,0.0058,0.6512
CLUBS FIVE SPADES FOUR,0.5838,0.0066,0.4096
CLUBS NINE CLUBS FIVE,0.56,0.005,0.435
CLUBS EIGHT CLUBS FIVE,0.5528,0.0052,0.442
CLUBS ACE CLUBS QUEEN,0.234,0.0628,0.7032
CLUBS KING CLUBS QUEEN,0.5432,0.0048,0.452
DIAMONDS TEN DIAMONDS FOUR,0.5834,0.0064,0.4102
CLUBS TEN DIAMONDS NINE,0.5622,0.0048,0.433
DIAMONDS JACK DIAMONDS FOUR,0.5926,0.0042,0.4032
DIAMONDS NINE CLUBS JACK,0.56,0.0056,0.4344
SPADES NINE CLUBS JACK,0.5652,0.006,0.4288
CLUBS TEN SPADES NINE,0.5498,0.0022,0.448
HEARTS FOUR DIAMONDS FOUR,0.3618,0.0088,0.6294
DIAMONDS JACK HEARTS TEN,0.5522,0.0052,0.4426
SPADES NINE CLUBS KING,0.5808,0.0044,0.4148
DIAMONDS TWO SPADES TEN,0.6376,0.0056,0.3568
DIAMONDS NINE CLUBS ACE,0.2656,0.1718,0.5626
HEARTS FIVE DIAMONDS FOUR,0.5866,0.0064,0.407
DIAMONDS JACK HEARTS JACK,0.3336,0.0044,0.662
SPADES NINE CLUBS QUEEN,0.5726,0.0048,0.4226
DIAMONDS TWO SPADES JACK,0.6522,0.0064,0.3414
DIAMONDS QUEEN DIAMONDS FOUR,0.59,0.0054,0.4046
HEARTS TWO DIAMONDS FOUR,0.6366,0.008,0.3554
DIAMONDS NINE CLUBS QUEEN,0.5908,0.005,0.4042
DIAMONDS KING DIAMONDS FOUR,0.5792,0.0054,0.4154
HEARTS THREE DIAMONDS FOUR,0.7312,0.0172,0.2516
SPADES NINE CLUBS ACE,0.2486,0.169,0.5824
DIAMONDS NINE CLUBS KING,0.594,0.0048,0.4012
HEARTS ACE DIAMONDS JACK,0.2608,0.0892,0.65
SPADES ACE DIAMONDS TWO,0.2546,0.54,0.2054
HEARTS QUEEN DIAMONDS JACK,0.5724,0.0064,0.4212
SPADES QUEEN DIAMONDS TWO,0.6568,0.0066,0.3366
DIAMONDS JACK HEARTS KING,0.573,0.004,0.423
SPADES KING DIAMONDS TWO,0.6556,0.008,0.3364
SPADES JACK SPADES SEVEN,0.563,0.0044,0.4326
SPADES TEN SPADES SEVEN,0.5558,0.003,0.4412
CLUBS SEVEN CLUBS THREE,0.6892,0.0146,0.2962
CLUBS SIX CLUBS THREE,0.6908,0.0172,0.292
CLUBS FIVE CLUBS THREE,0.6802,0.0172,0.3026
CLUBS THREE CLUBS FOUR,0.6908,0.0152,0.294
CLUBS NINE CLUBS THREE,0.6982,0.02,0.2818
CLUBS EIGHT CLUBS THREE,0.6978,0.0158,0.2864
CLUBS THREE SPADES FIVE,0.7222,0.017,0.2608
CLUBS THREE SPADES FOUR,0.7184,0.0184,0.2632
CLUBS THREE SPADES TWO,0.7596,0.019,0.2214
CLUBS THREE SPADES SIX,0.7424,0.015,0.2426
CLUBS THREE SPADES SEVEN,0.733,0.0152,0.2518
SPADES EIGHT CLUBS THREE,0.7384,0.0152,0.2464
SPADES NINE CLUBS THREE,0.7488,0.0196,0.2316
SPADES TWO DIAMONDS FOUR,0.6434,0.0076,0.349
SPADES FOUR DIAMONDS FOUR,0.3548,0.0076,0.6376
SPADES FIVE DIAMONDS FOUR,0.5808,0.0056,0.4136
SPADES SIX DIAMONDS FOUR,0.582,0.0086,0.4094
SPADES SEVEN DIAMONDS FOUR,0.6002,0.0048,0.395
SPADES EIGHT DIAMONDS FOUR,0.5988,0.0056,0.3956
SPADES NINE DIAMONDS FOUR,0.623,0.0052,0.3718
CLUBS FIVE DIAMONDS FOUR,0.578,0.0066,0.4154
CLUBS FOUR DIAMONDS FOUR,0.3644,0.0036,0.632
CLUBS SEVEN DIAMONDS FOUR,0.601,0.0054,0.3936
CLUBS SIX DIAMONDS FOUR,0.5968,0.0054,0.3978
CLUBS NINE DIAMONDS FOUR,0.6366,0.004,0.3594
CLUBS EIGHT DIAMONDS FOUR,0.6052,0.0056,0.3892
HEARTS SEVEN DIAMONDS FOUR,0.6046,0.0064,0.389
HEARTS SIX DIAMONDS FOUR,0.591,0.0044,0.4046
DIAMONDS FOUR HEARTS NINE,0.632,0.0028,0.3652
DIAMONDS FOUR HEARTS EIGHT,0.6092,0.006,0.3848
CLUBS THREE DIAMONDS FOUR,0.7294,0.0136,0.257
CLUBS TWO DIAMONDS FOUR,0.6358,0.008,0.3562
DIAMONDS TEN DIAMONDS FIVE,0.5902,0.0054,0.4044
DIAMONDS JACK DIAMONDS FIVE,0.5912,0.0048,0.404
DIAMONDS NINE HEARTS QUEEN,0.5904,0.003,0.4066
DIAMONDS NINE HEARTS KING,0.5864,0.0044,0.4092
HEARTS ACE DIAMONDS NINE,0.2424,0.1834,0.5742
DIAMONDS NINE HEARTS TEN,0.5698,0.003,0.4272
DIAMONDS NINE HEARTS JACK,0.5806,0.0042,0.4152
CLUBS KING DIAMONDS SIX,0.5982,0.0048,0.397
CLUBS QUEEN DIAMONDS SIX,0.601,0.0064,0.3926
CLUBS ACE DIAMONDS SIX,0.2422,0.3838,0.374
SPADES KING DIAMONDS FOUR,0.6148,0.0056,0.3796
SPADES ACE SPADES SEVEN,0.2248,0.2866,0.4886
SPADES QUEEN DIAMONDS FOUR,0.6284,0.0074,0.3642
SPADES QUEEN SPADES SEVEN,0.5762,0.0046,0.4192
CLUBS JACK DIAMONDS SIX,0.606,0.0052,0.3888
SPADES KING SPADES SEVEN,0.5658,0.0058,0.4284
SPADES ACE DIAMONDS FOUR,0.2136,0.5234,0.263
CLUBS TEN DIAMONDS SIX,0.59,0.0036,0.4064
CLUBS NINE CLUBS FOUR,0.5728,0.004,0.4232
CLUBS EIGHT CLUBS FOUR,0.5656,0.0064,0.428
SPADES JACK DIAMONDS FOUR,0.625,0.0044,0.3706
SPADES TEN DIAMONDS FOUR,0.6102,0.004,0.3858
CLUBS FIVE CLUBS FOUR,0.5526,0.0048,0.4426
CLUBS SEVEN CLUBS FOUR,0.5702,0.0044,0.4254
CLUBS SIX CLUBS FOUR,0.5718,0.0072,0.421
CLUBS SEVEN SPADES EIGHT,0.555,0.0042,0.4408
CLUBS SEVEN SPADES NINE,0.5656,0.006,0.4284
CLUBS SEVEN SPADES SIX,0.5768,0.0046,0.4186
CLUBS SEVEN SPADES SEVEN,0.344,0.0034,0.6526
CLUBS SEVEN SPADES FIVE,0.578,0.0052,0.4168
CLUBS SEVEN SPADES FOUR,0.5846,0.004,0.4114
CLUBS SEVEN SPADES TWO,0.656,0.0042,0.3398
CLUBS NINE CLUBS SEVEN,0.5436,0.0034,0.453
CLUBS SEVEN CLUBS EIGHT,0.5166,0.005,0.4784
HEARTS SIX DIAMONDS FIVE,0.577,0.0044,0.4186
HEARTS SEVEN DIAMONDS FIVE,0.5896,0.0044,0.406
DIAMONDS FIVE HEARTS EIGHT,0.5964,0.0062,0.3974
DIAMONDS FIVE HEARTS NINE,0.623,0.0036,0.3734
DIAMONDS QUEEN DIAMONDS FIVE,0.5744,0.0058,0.4198
HEARTS TWO DIAMONDS FIVE,0.6306,0.0048,0.3646
HEARTS KING HEARTS EIGHT,0.5644,0.006,0.4296
DIAMONDS KING DIAMONDS FIVE,0.5976,0.0062,0.3962
HEARTS THREE DIAMONDS FIVE,0.7294,0.018,0.2526
HEARTS QUEEN HEARTS EIGHT,0.5516,0.0038,0.4446
HEARTS FOUR DIAMONDS FIVE,0.5964,0.0062,0.3974
HEARTS FIVE DIAMONDS FIVE,0.3544,0.005,0.6406
HEARTS ACE HEARTS EIGHT,0.2156,0.2286,0.5558
CLUBS FOUR DIAMONDS FIVE,0.577,0.007,0.416
CLUBS FIVE DIAMONDS FIVE,0.3706,0.0064,0.623
CLUBS SIX DIAMONDS FIVE,0.5734,0.005,0.4216
CLUBS SEVEN DIAMONDS FIVE,0.5798,0.0046,0.4156
CLUBS TWO DIAMONDS FIVE,0.6354,0.0056,0.359
CLUBS THREE DIAMONDS FIVE,0.7338,0.0194,0.2468
SPADES TWO DIAMONDS FIVE,0.6458,0.006,0.3482
SPADES JACK DIAMONDS EIGHT,0.5788,0.0038,0.4174
SPADES FIVE DIAMONDS FIVE,0.3674,0.0076,0.625
CLUBS TEN HEARTS JACK,0.5522,0.0052,0.4426
SPADES TEN DIAMONDS EIGHT,0.5714,0.0066,0.422
SPADES FOUR DIAMONDS FIVE,0.578,0.0056,0.4164
HEARTS JACK CLUBS JACK,0.3194,0.0036,0.677
HEARTS JACK CLUBS QUEEN,0.576,0.0026,0.4214
CLUBS NINE DIAMONDS FIVE,0.6236,0.0066,0.3698
CLUBS KING HEARTS JACK,0.5798,0.0026,0.4176
CLUBS EIGHT DIAMONDS FIVE,0.592,0.0044,0.4036
CLUBS ACE HEARTS JACK,0.2448,0.088,0.6672
SPADES SEVEN DIAMONDS FIVE,0.5722,0.0082,0.4196
SPADES KING DIAMONDS EIGHT,0.5948,0.0034,0.4018
SPADES QUEEN DIAMONDS EIGHT,0.5924,0.0074,0.4002
SPADES SIX DIAMONDS FIVE,0.584,0.0074,0.4086
SPADES NINE DIAMONDS FIVE,0.598,0.0032,0.3988
SPADES EIGHT DIAMONDS FIVE,0.5952,0.004,0.4008
SPADES ACE DIAMONDS EIGHT,0.2276,0.2314,0.541
DIAMONDS TEN DIAMONDS SIX,0.5712,0.0056,0.4232
HEARTS ACE DIAMONDS SEVEN,0.245,0.3038,0.4512
DIAMONDS JACK DIAMONDS SIX,0.572,0.0048,0.4232
HEARTS QUEEN DIAMONDS SEVEN,0.6068,0.0034,0.3898
HEARTS KING DIAMONDS SEVEN,0.6066,0.0038,0.3896
HEARTS FOUR DIAMONDS SIX,0.609,0.0048,0.3862
SPADES TWO HEARTS JACK,0.658,0.0048,0.3372
HEARTS FIVE DIAMONDS SIX,0.588,0.0044,0.4076
SPADES TWO HEARTS TEN,0.6536,0.0054,0.341
DIAMONDS QUEEN DIAMONDS SIX,0.5724,0.0056,0.422
HEARTS TWO DIAMONDS SIX,0.6586,0.0048,0.3366
DIAMONDS KING DIAMONDS SIX,0.5852,0.0054,0.4094
HEARTS THREE DIAMONDS SIX,0.7398,0.0146,0.2456
HEARTS EIGHT DIAMONDS SIX,0.5776,0.0058,0.4166
HEARTS NINE DIAMONDS SIX,0.5772,0.0036,0.4192
HEARTS SIX DIAMONDS SIX,0.3782,0.0062,0.6156
HEARTS SEVEN DIAMONDS SIX,0.5764,0.0038,0.4198
HEARTS TEN DIAMONDS SEVEN,0.5736,0.0056,0.4208
CLUBS TWO DIAMONDS SIX,0.64,0.0068,0.3532
HEARTS JACK DIAMONDS SEVEN,0.593,0.0054,0.4016
CLUBS THREE DIAMONDS SIX,0.743,0.0178,0.2392
CLUBS SEVEN DIAMONDS SIX,0.582,0.005,0.413
DIAMONDS EIGHT CLUBS JACK,0.5876,0.0044,0.408
CLUBS SIX DIAMONDS SIX,0.3592,0.004,0.6368
CLUBS TEN DIAMONDS EIGHT,0.5624,0.0044,0.4332
CLUBS FIVE DIAMONDS SIX,0.5884,0.0044,0.4072
CLUBS FOUR DIAMONDS SIX,0.5958,0.0076,0.3966
HEARTS ACE HEARTS JACK,0.2326,0.095,0.6724
DIAMONDS EIGHT CLUBS ACE,0.2392,0.2294,0.5314
HEARTS QUEEN HEARTS JACK,0.5172,0.005,0.4778
DIAMONDS EIGHT CLUBS KING,0.6042,0.0048,0.391
CLUBS NINE DIAMONDS SIX,0.584,0.0032,0.4128
HEARTS KING HEARTS JACK,0.5484,0.005,0.4466
DIAMONDS EIGHT CLUBS QUEEN,0.5922,0.0054,0.4024
CLUBS EIGHT DIAMONDS SIX,0.5816,0.0054,0.413
SPADES TEN HEARTS KING,0.5692,0.005,0.4258
SPADES FIVE DIAMONDS SIX,0.5832,0.0054,0.4114
HEARTS ACE SPADES TWO,0.2614,0.5298,0.2088
SPADES JACK HEARTS KING,0.5588,0.0044,0.4368
SPADES FOUR DIAMONDS SIX,0.5908,0.0058,0.4034
HEARTS QUEEN SPADES TWO,0.6438,0.0056,0.3506
SPADES ACE SPADES KING,0.252,0.0434,0.7046
SPADES TWO HEARTS KING,0.6492,0.0058,0.345
SPADES TWO DIAMONDS SIX,0.6562,0.0076,0.3362
HEARTS TEN HEARTS EIGHT,0.5418,0.0052,0.453
SPADES NINE DIAMONDS SIX,0.5846,0.0068,0.4086
HEARTS JACK HEARTS EIGHT,0.5306,0.0036,0.4658
SPADES EIGHT DIAMONDS SIX,0.575,0.0038,0.4212
SPADES SEVEN DIAMONDS SIX,0.563,0.0062,0.4308
SPADES SIX DIAMONDS SIX,0.3674,0.0048,0.6278
SPADES KING HEARTS KING,0.2828,0.0058,0.7114
SPADES QUEEN HEARTS KING,0.584,0.0062,0.4098
CLUBS ACE CLUBS KING,0.2484,0.048,0.7036
SPADES ACE HEARTS KING,0.2552,0.052,0.6928
SPADES ACE HEARTS JACK,0.2468,0.0856,0.6676
SPADES QUEEN HEARTS JACK,0.562,0.0068,0.4312
SPADES KING HEARTS JACK,0.5658,0.0056,0.4286
SPADES TEN DIAMONDS TEN,0.3198,0.0034,0.6768
SPADES JACK DIAMONDS TEN,0.5452,0.0046,0.4502
SPADES ACE DIAMONDS TEN,0.2318,0.1248,0.6434
SPADES JACK HEARTS JACK,0.3116,0.0038,0.6846
SPADES TEN HEARTS JACK,0.5444,0.0036,0.452
SPADES QUEEN DIAMONDS TEN,0.5622,0.0066,0.4312
SPADES KING DIAMONDS TEN,0.5786,0.0048,0.4166
SPADES NINE DIAMONDS SEVEN,0.5696,0.0044,0.426
SPADES EIGHT DIAMONDS SEVEN,0.5512,0.006,0.4428
SPADES SEVEN DIAMONDS SEVEN,0.3612,0.005,0.6338
SPADES SIX DIAMONDS SEVEN,0.5706,0.0046,0.4248
DIAMONDS KING DIAMONDS SEVEN,0.5712,0.0044,0.4244
HEARTS THREE DIAMONDS SEVEN,0.731,0.0168,0.2522
HEARTS KING DIAMONDS FIVE,0.612,0.0054,0.3826
DIAMONDS QUEEN DIAMONDS SEVEN,0.5858,0.006,0.4082
HEARTS TWO DIAMONDS SEVEN,0.6488,0.0046,0.3466
HEARTS QUEEN DIAMONDS FIVE,0.6362,0.0062,0.3576
HEARTS FIVE DIAMONDS SEVEN,0.598,0.0038,0.3982
HEARTS FOUR DIAMONDS SEVEN,0.597,0.0054,0.3976
HEARTS ACE DIAMONDS FIVE,0.2264,0.4548,0.3188
HEARTS SEVEN DIAMONDS SEVEN,0.3494,0.0042,0.6464
HEARTS SIX DIAMONDS SEVEN,0.5776,0.0052,0.4172
DIAMONDS SEVEN HEARTS NINE,0.5702,0.0042,0.4256
HEARTS EIGHT DIAMONDS SEVEN,0.5628,0.004,0.4332
DIAMONDS JACK DIAMONDS SEVEN,0.5602,0.0064,0.4334
DIAMONDS FIVE HEARTS JACK,0.616,0.005,0.379
DIAMONDS TEN DIAMONDS SEVEN,0.546,0.0068,0.4472
HEARTS TEN DIAMONDS FIVE,0.6148,0.0058,0.3794
SPADES KING CLUBS TWO,0.6434,0.0084,0.3482
HEARTS KING CLUBS KING,0.2774,0.0048,0.7178
CLUBS EIGHT DIAMONDS SEVEN,0.5612,0.0032,0.4356
SPADES QUEEN CLUBS TWO,0.6484,0.0066,0.345
HEARTS KING CLUBS QUEEN,0.5756,0.0048,0.4196
CLUBS NINE DIAMONDS SEVEN,0.5734,0.0054,0.4212
SPADES TWO CLUBS JACK,0.6402,0.0064,0.3534
SPADES ACE CLUBS TWO,0.2658,0.5238,0.2104
CLUBS TEN SPADES TWO,0.6462,0.0062,0.3476
HEARTS KING CLUBS ACE,0.258,0.0454,0.6966
CLUBS SEVEN CLUBS SIX,0.5316,0.0068,0.4616
SPADES TWO CLUBS KING,0.6458,0.0064,0.3478
SPADES TWO DIAMONDS SEVEN,0.6612,0.006,0.3328
CLUBS EIGHT CLUBS SIX,0.521,0.0042,0.4748
SPADES TWO CLUBS QUEEN,0.6624,0.0048,0.3328
CLUBS NINE CLUBS SIX,0.5468,0.0058,0.4474
SPADES FOUR DIAMONDS SEVEN,0.5954,0.007,0.3976
HEARTS KING CLUBS JACK,0.5646,0.0046,0.4308
SPADES FIVE DIAMONDS SEVEN,0.5834,0.0066,0.41
SPADES TWO CLUBS ACE,0.255,0.5334,0.2116
CLUBS TEN HEARTS KING,0.5712,0.0038,0.425
CLUBS SIX SPADES TWO,0.6624,0.004,0.3336
CLUBS TWO DIAMONDS SEVEN,0.6536,0.0056,0.3408
CLUBS SIX SPADES FOUR,0.5838,0.0064,0.4098
CLUBS THREE DIAMONDS SEVEN,0.735,0.0154,0.2496
CLUBS SIX SPADES FIVE,0.579,0.0064,0.4146
CLUBS FOUR DIAMONDS SEVEN,0.5914,0.004,0.4046
CLUBS SIX SPADES SIX,0.359,0.0064,0.6346
CLUBS FIVE DIAMONDS SEVEN,0.5848,0.004,0.4112
CLUBS SIX SPADES SEVEN,0.5544,0.0036,0.442
CLUBS SIX DIAMONDS SEVEN,0.581,0.0028,0.4162
CLUBS SIX SPADES EIGHT,0.5748,0.0036,0.4216
SPADES JACK CLUBS TWO,0.6348,0.0044,0.3608
CLUBS SEVEN DIAMONDS SEVEN,0.3564,0.0058,0.6378
SPADES NINE CLUBS SIX,0.5872,0.0056,0.4072
SPADES TEN CLUBS TWO,0.6498,0.0052,0.345
CLUBS TWO CLUBS QUEEN,0.619,0.005,0.376
CLUBS TWO CLUBS KING,0.6072,0.005,0.3878
CLUBS THREE DIAMONDS EIGHT,0.7498,0.019,0.2312
CLUBS TWO CLUBS ACE,0.2484,0.4802,0.2714
CLUBS TWO DIAMONDS EIGHT,0.6486,0.005,0.3464
HEARTS SEVEN DIAMONDS EIGHT,0.5536,0.0038,0.4426
HEARTS SIX DIAMONDS EIGHT,0.5676,0.004,0.4284
DIAMONDS EIGHT HEARTS NINE,0.5672,0.005,0.4278
CLUBS TEN CLUBS TWO,0.6046,0.0044,0.391
DIAMONDS EIGHT HEARTS EIGHT,0.3546,0.0042,0.6412
CLUBS TWO CLUBS JACK,0.6016,0.0046,0.3938
CLUBS NINE DIAMONDS EIGHT,0.56,0.004,0.436
CLUBS EIGHT DIAMONDS EIGHT,0.343,0.0038,0.6532
CLUBS FIVE DIAMONDS EIGHT,0.5956,0.0064,0.398
CLUBS FOUR DIAMONDS EIGHT,0.6202,0.005,0.3748
CLUBS SEVEN DIAMONDS EIGHT,0.5646,0.004,0.4314
CLUBS SIX DIAMONDS EIGHT,0.5774,0.0052,0.4174
DIAMONDS QUEEN DIAMONDS EIGHT,0.5798,0.0052,0.415
HEARTS TWO DIAMONDS EIGHT,0.6418,0.0044,0.3538
DIAMONDS KING DIAMONDS EIGHT,0.5814,0.006,0.4126
HEARTS THREE DIAMONDS EIGHT,0.7394,0.0164,0.2442
HEARTS FOUR DIAMONDS EIGHT,0.6152,0.0054,0.3794
HEARTS FIVE DIAMONDS EIGHT,0.5994,0.004,0.3966
DIAMONDS EIGHT DIAMONDS TEN,0.5484,0.0054,0.4462
DIAMONDS EIGHT DIAMONDS JACK,0.5484,0.0046,0.447
CLUBS FOUR HEARTS ACE,0.2298,0.5116,0.2586
CLUBS FOUR HEARTS QUEEN,0.6144,0.0064,0.3792
CLUBS FOUR HEARTS KING,0.6276,0.0058,0.3666
CLUBS SIX HEARTS TEN,0.596,0.0032,0.4008
CLUBS SIX HEARTS JACK,0.6142,0.0026,0.3832
DIAMONDS EIGHT SPADES FOUR,0.6072,0.0066,0.3862
SPADES FIVE DIAMONDS EIGHT,0.5836,0.0052,0.4112
DIAMONDS EIGHT SPADES TWO,0.6518,0.0052,0.343
CLUBS FOUR HEARTS JACK,0.622,0.004,0.374
SPADES EIGHT DIAMONDS EIGHT,0.3378,0.0042,0.658
SPADES TEN DIAMONDS QUEEN,0.5588,0.0056,0.4356
SPADES TEN HEARTS TWO,0.6418,0.0032,0.355
SPADES JACK HEARTS EIGHT,0.5628,0.0022,0.435
CLUBS FOUR HEARTS TEN,0.6014,0.0032,0.3954
SPADES NINE DIAMONDS EIGHT,0.567,0.0056,0.4274
SPADES TEN HEARTS EIGHT,0.5586,0.004,0.4374
SPADES JACK HEARTS TWO,0.6502,0.0076,0.3422
SPADES JACK DIAMONDS QUEEN,0.5598,0.0068,0.4334
SPADES SIX DIAMONDS EIGHT,0.5782,0.0046,0.4172
SPADES SEVEN DIAMONDS EIGHT,0.555,0.0042,0.4408
SPADES ACE HEARTS TWO,0.2584,0.5184,0.2232
SPADES ACE DIAMONDS QUEEN,0.2552,0.0598,0.685
SPADES ACE HEARTS EIGHT,0.2418,0.2234,0.5348
SPADES KING HEARTS EIGHT,0.605,0.005,0.39
SPADES QUEEN HEARTS TWO,0.6482,0.0054,0.3464
SPADES QUEEN DIAMONDS QUEEN,0.3058,0.0052,0.689
SPADES KING DIAMONDS QUEEN,0.5706,0.0044,0.425
SPADES KING HEARTS TWO,0.6456,0.0054,0.349
SPADES QUEEN HEARTS EIGHT,0.6074,0.0046,0.388
CLUBS TWO HEARTS TEN,0.6468,0.0046,0.3486
CLUBS TWO HEARTS JACK,0.6374,0.0044,0.3582
SPADES SEVEN DIAMONDS NINE,0.5814,0.004,0.4146
SPADES SIX DIAMONDS NINE,0.58,0.0058,0.4142
SPADES NINE DIAMONDS NINE,0.343,0.004,0.653
SPADES EIGHT DIAMONDS NINE,0.5644,0.0054,0.4302
SPADES TEN CLUBS KING,0.5756,0.0048,0.4196
SPADES JACK CLUBS KING,0.578,0.0044,0.4176
DIAMONDS NINE SPADES TWO,0.6596,0.0054,0.335
DIAMONDS NINE SPADES FIVE,0.626,0.0038,0.3702
DIAMONDS NINE SPADES FOUR,0.629,0.003,0.368
CLUBS NINE DIAMONDS NINE,0.3416,0.0032,0.6552
CLUBS EIGHT DIAMONDS NINE,0.5694,0.0046,0.426
CLUBS SIX DIAMONDS NINE,0.5988,0.003,0.3982
SPADES JACK CLUBS FOUR,0.6056,0.0056,0.3888
CLUBS SEVEN DIAMONDS NINE,0.58,0.0048,0.4152
SPADES TEN CLUBS FOUR,0.6066,0.0044,0.389
CLUBS FOUR DIAMONDS NINE,0.6046,0.0064,0.389
CLUBS FIVE DIAMONDS NINE,0.5968,0.008,0.3952
DIAMONDS NINE CLUBS TWO,0.6392,0.0066,0.3542
CLUBS THREE DIAMONDS NINE,0.7544,0.026,0.2196
DIAMONDS NINE HEARTS EIGHT,0.5706,0.0052,0.4242
DIAMONDS NINE HEARTS NINE,0.3546,0.0038,0.6416
HEARTS SIX DIAMONDS NINE,0.5888,0.0036,0.4076
HEARTS SEVEN DIAMONDS NINE,0.5836,0.003,0.4134
CLUBS NINE CLUBS EIGHT,0.5148,0.0032,0.482
HEARTS FOUR DIAMONDS NINE,0.624,0.005,0.371
HEARTS FIVE DIAMONDS NINE,0.601,0.0046,0.3944
HEARTS ACE CLUBS TWO,0.2562,0.5358,0.208
SPADES ACE CLUBS FOUR,0.2194,0.523,0.2576
DIAMONDS QUEEN DIAMONDS NINE,0.547,0.0038,0.4492
HEARTS TWO DIAMONDS NINE,0.6566,0.0052,0.3382
CLUBS TWO HEARTS KING,0.6528,0.0054,0.3418
SPADES KING CLUBS FOUR,0.6134,0.0056,0.381
DIAMONDS KING DIAMONDS NINE,0.5636,0.0046,0.4318
HEARTS THREE DIAMONDS NINE,0.7534,0.021,0.2256
CLUBS TWO HEARTS QUEEN,0.6568,0.0058,0.3374
SPADES QUEEN CLUBS FOUR,0.6154,0.005,0.3796
DIAMONDS NINE DIAMONDS JACK,0.5422,0.006,0.4518
CLUBS EIGHT SPADES NINE,0.5478,0.0036,0.4486
DIAMONDS NINE DIAMONDS TEN,0.513,0.0064,0.4806
CLUBS EIGHT SPADES EIGHT,0.3476,0.0038,0.6486
CLUBS EIGHT SPADES SEVEN,0.5556,0.0032,0.4412
CLUBS EIGHT SPADES SIX,0.587,0.004,0.409
CLUBS EIGHT SPADES FIVE,0.5974,0.0032,0.3994
CLUBS EIGHT SPADES FOUR,0.596,0.0048,0.3992
CLUBS EIGHT SPADES TWO,0.6438,0.0064,0.3498
HEARTS SIX DIAMONDS TEN,0.5964,0.0054,0.3982
HEARTS SEVEN DIAMONDS TEN,0.578,0.004,0.418
DIAMONDS TEN HEARTS EIGHT,0.573,0.0052,0.4218
CLUBS FOUR CLUBS JACK,0.566,0.0048,0.4292
DIAMONDS TEN HEARTS NINE,0.5602,0.0048,0.435
CLUBS TEN CLUBS FOUR,0.572,0.0052,0.4228
CLUBS FOUR CLUBS KING,0.5946,0.0048,0.4006
CLUBS FOUR CLUBS QUEEN,0.5806,0.0054,0.414
CLUBS TWO DIAMONDS TEN,0.6488,0.0062,0.345
CLUBS THREE DIAMONDS TEN,0.739,0.021,0.24
CLUBS FOUR CLUBS ACE,0.21,0.487,0.303
DIAMONDS JACK DIAMONDS TEN,0.514,0.0052,0.4808
DIAMONDS QUEEN DIAMONDS TEN,0.5196,0.004,0.4764
HEARTS TWO DIAMONDS TEN,0.6458,0.0056,0.3486
DIAMONDS KING DIAMONDS TEN,0.5508,0.0074,0.4418
HEARTS THREE DIAMONDS TEN,0.7404,0.0216,0.238
HEARTS FOUR DIAMONDS TEN,0.6172,0.0062,0.3766
CLUBS EIGHT HEARTS JACK,0.5864,0.0024,0.4112
HEARTS FIVE DIAMONDS TEN,0.608,0.0088,0.3832
CLUBS EIGHT HEARTS TEN,0.567,0.004,0.429
CLUBS EIGHT HEARTS QUEEN,0.5796,0.0056,0.4148
CLUBS EIGHT HEARTS KING,0.6048,0.004,0.3912
CLUBS EIGHT HEARTS ACE,0.2484,0.2378,0.5138
CLUBS NINE SPADES TWO,0.6596,0.0056,0.3348
CLUBS NINE SPADES FIVE,0.5976,0.0034,0.399
CLUBS NINE SPADES FOUR,0.61,0.0056,0.3844
CLUBS NINE SPADES SEVEN,0.5592,0.0042,0.4366
CLUBS NINE SPADES SIX,0.5974,0.0048,0.3978
CLUBS NINE SPADES NINE,0.3358,0.0034,0.6608
CLUBS TEN HEARTS EIGHT,0.5746,0.0014,0.424
CLUBS NINE SPADES EIGHT,0.5546,0.0038,0.4416
HEARTS EIGHT CLUBS JACK,0.5702,0.0046,0.4252
CLUBS QUEEN HEARTS EIGHT,0.5784,0.0034,0.4182
CLUBS KING HEARTS EIGHT,0.5944,0.0024,0.4032
CLUBS ACE HEARTS EIGHT,0.2454,0.2276,0.527
SPADES KING CLUBS KING,0.277,0.0048,0.7182
SPADES QUEEN CLUBS KING,0.574,0.0044,0.4216
SPADES ACE CLUBS KING,0.2394,0.0518,0.7088
HEARTS FOUR HEARTS TEN,0.5716,0.0054,0.423
HEARTS FOUR HEARTS JACK,0.5734,0.0052,0.4214
SPADES KING CLUBS FIVE,0.6014,0.004,0.3946
SPADES QUEEN CLUBS FIVE,0.6146,0.0046,0.3808
SPADES ACE CLUBS FIVE,0.2222,0.4654,0.3124
HEARTS SEVEN DIAMONDS JACK,0.6012,0.0032,0.3956
HEARTS SIX DIAMONDS JACK,0.589,0.0052,0.4058
DIAMONDS JACK HEARTS NINE,0.5888,0.0034,0.4078
DIAMONDS JACK HEARTS EIGHT,0.5778,0.0052,0.417
DIAMONDS KING DIAMONDS JACK,0.5502,0.0052,0.4446
HEARTS THREE DIAMONDS JACK,0.7418,0.0222,0.236
SPADES ACE SPADES SIX,0.2244,0.3662,0.4094
HEARTS ACE SPADES FOUR,0.2222,0.5174,0.2604
DIAMONDS QUEEN DIAMONDS JACK,0.5374,0.0042,0.4584
HEARTS TWO DIAMONDS JACK,0.6606,0.005,0.3344
HEARTS FIVE DIAMONDS JACK,0.6196,0.0042,0.3762
SPADES QUEEN SPADES SIX,0.5736,0.004,0.4224
SPADES FOUR HEARTS QUEEN,0.621,0.0052,0.3738
HEARTS FOUR DIAMONDS JACK,0.6102,0.0054,0.3844
SPADES KING SPADES SIX,0.5726,0.005,0.4224
SPADES FOUR HEARTS KING,0.6244,0.0046,0.371
SPADES TEN SPADES SIX,0.5704,0.0058,0.4238
SPADES JACK SPADES SIX,0.5742,0.006,0.4198
SPADES FOUR DIAMONDS JACK,0.6146,0.0054,0.38
SPADES FIVE DIAMONDS JACK,0.629,0.0064,0.3646
DIAMONDS JACK SPADES TWO,0.6596,0.0054,0.335
SPADES ACE DIAMONDS THREE,0.0072,0.986,0.0068
SPADES QUEEN DIAMONDS THREE,0.7484,0.0228,0.2288
CLUBS EIGHT DIAMONDS JACK,0.5858,0.0056,0.4086
SPADES KING DIAMONDS THREE,0.7404,0.0226,0.237
CLUBS NINE DIAMONDS JACK,0.5682,0.0046,0.4272
CLUBS SIX DIAMONDS JACK,0.6052,0.0052,0.3896
CLUBS SEVEN DIAMONDS JACK,0.5932,0.006,0.4008
CLUBS FOUR DIAMONDS JACK,0.6186,0.0062,0.3752
CLUBS FIVE DIAMONDS JACK,0.6242,0.0042,0.3716
CLUBS TWO DIAMONDS JACK,0.6432,0.0054,0.3514
CLUBS THREE DIAMONDS JACK,0.7446,0.0224,0.233
SPADES TEN CLUBS FIVE,0.6098,0.0038,0.3864
SPADES JACK HEARTS SIX,0.6084,0.0062,0.3854
HEARTS SIX SPADES TEN,0.583,0.0054,0.4116
SPADES JACK CLUBS FIVE,0.6168,0.0036,0.3796
SPADES JACK DIAMONDS THREE,0.733,0.026,0.241
CLUBS SEVEN CLUBS ACE,0.2278,0.291,0.4812
DIAMONDS THREE SPADES TEN,0.74,0.023,0.237
CLUBS SEVEN CLUBS QUEEN,0.5548,0.005,0.4402
CLUBS SEVEN CLUBS KING,0.576,0.0038,0.4202
SPADES NINE DIAMONDS JACK,0.5648,0.0052,0.43
CLUBS TEN CLUBS SEVEN,0.546,0.0034,0.4506
HEARTS FOUR HEARTS ACE,0.2104,0.4784,0.3112
SPADES EIGHT DIAMONDS JACK,0.5622,0.0064,0.4314
SPADES ACE HEARTS SIX,0.2402,0.3782,0.3816
CLUBS SEVEN CLUBS JACK,0.547,0.0052,0.4478
HEARTS FOUR HEARTS KING,0.579,0.004,0.417
SPADES SEVEN DIAMONDS JACK,0.5906,0.0054,0.404
SPADES KING HEARTS SIX,0.6,0.0056,0.3944
HEARTS FOUR HEARTS QUEEN,0.5814,0.0044,0.4142
SPADES QUEEN HEARTS SIX,0.6006,0.0042,0.3952
SPADES SIX DIAMONDS JACK,0.6076,0.0046,0.3878
SPADES TWO DIAMONDS TEN,0.6422,0.0054,0.3524
SPADES FOUR DIAMONDS TEN,0.6172,0.0046,0.3782
SPADES FIVE DIAMONDS TEN,0.6138,0.0048,0.3814
SPADES SIX DIAMONDS TEN,0.5936,0.006,0.4004
SPADES SEVEN DIAMONDS TEN,0.5792,0.005,0.4158
SPADES EIGHT DIAMONDS TEN,0.552,0.005,0.443
SPADES NINE DIAMONDS TEN,0.5658,0.005,0.4292
CLUBS FOUR DIAMONDS TEN,0.617,0.0054,0.3776
CLUBS FIVE DIAMONDS TEN,0.6184,0.0052,0.3764
CLUBS SIX DIAMONDS TEN,0.5908,0.005,0.4042
CLUBS SEVEN DIAMONDS TEN,0.5694,0.0052,0.4254
CLUBS EIGHT DIAMONDS TEN,0.584,0.0068,0.4092
CLUBS NINE DIAMONDS TEN,0.5592,0.0052,0.4356
DIAMONDS THREE CLUBS JACK,0.7394,0.021,0.2396
CLUBS TEN DIAMONDS THREE,0.7488,0.0196,0.2316
DIAMONDS THREE CLUBS KING,0.7518,0.0236,0.2246
DIAMONDS THREE CLUBS QUEEN,0.7688,0.018,0.2132
DIAMONDS THREE CLUBS ACE,0.0186,0.969,0.0124
SPADES FOUR HEARTS JACK,0.614,0.0044,0.3816
SPADES FOUR HEARTS TEN,0.5904,0.0048,0.4048
SPADES FIVE SPADES TWO,0.6014,0.0074,0.3912
SPADES FOUR SPADES TWO,0.6174,0.006,0.3766
SPADES NINE SPADES TWO,0.6014,0.0054,0.3932
SPADES EIGHT SPADES TWO,0.6156,0.005,0.3794
SPADES SEVEN SPADES TWO,0.6142,0.0058,0.38
SPADES SIX SPADES TWO,0.6106,0.0068,0.3826
DIAMONDS QUEEN CLUBS THREE,0.7592,0.0204,0.2204
CLUBS THREE HEARTS TWO,0.7444,0.0202,0.2354
DIAMONDS QUEEN CLUBS TWO,0.6554,0.006,0.3386
HEARTS TWO CLUBS TWO,0.4602,0.0068,0.533
HEARTS SEVEN DIAMONDS QUEEN,0.6078,0.006,0.3862
HEARTS SEVEN HEARTS TWO,0.6186,0.004,0.3774
HEARTS SIX DIAMONDS QUEEN,0.5938,0.0044,0.4018
HEARTS SIX HEARTS TWO,0.6088,0.0046,0.3866
DIAMONDS QUEEN HEARTS NINE,0.5848,0.0042,0.411
HEARTS TWO HEARTS NINE,0.5976,0.0038,0.3986
DIAMONDS QUEEN HEARTS EIGHT,0.598,0.0052,0.3968
HEARTS TWO HEARTS EIGHT,0.6028,0.0044,0.3928
CLUBS NINE HEARTS TWO,0.6576,0.0032,0.3392
CLUBS NINE DIAMONDS QUEEN,0.5952,0.0044,0.4004
CLUBS EIGHT HEARTS TWO,0.6484,0.0064,0.3452
CLUBS EIGHT DIAMONDS QUEEN,0.5832,0.0052,0.4116
CLUBS FIVE DIAMONDS QUEEN,0.6194,0.0046,0.376
CLUBS FIVE HEARTS TWO,0.628,0.006,0.366
SPADES EIGHT HEARTS ACE,0.2414,0.2254,0.5332
DIAMONDS QUEEN CLUBS FOUR,0.6178,0.0058,0.3764
CLUBS FOUR HEARTS TWO,0.6412,0.005,0.3538
CLUBS SEVEN DIAMONDS QUEEN,0.6018,0.0042,0.394
CLUBS SEVEN HEARTS TWO,0.6516,0.0054,0.343
SPADES EIGHT HEARTS QUEEN,0.5922,0.0054,0.4024
CLUBS SIX DIAMONDS QUEEN,0.6074,0.0042,0.3884
CLUBS SIX HEARTS TWO,0.6304,0.006,0.3636
SPADES EIGHT HEARTS KING,0.5888,0.004,0.4072
HEARTS TWO SPADES SIX,0.643,0.007,0.35
DIAMONDS QUEEN SPADES SIX,0.6022,0.0036,0.3942
HEARTS FOUR CLUBS QUEEN,0.6302,0.004,0.3658
DIAMONDS QUEEN SPADES SEVEN,0.602,0.0058,0.3922
SPADES SEVEN HEARTS TWO,0.6418,0.0062,0.352
HEARTS FOUR CLUBS KING,0.6076,0.0044,0.388
DIAMONDS QUEEN SPADES EIGHT,0.5902,0.006,0.4038
SPADES EIGHT HEARTS TWO,0.6358,0.0052,0.359
HEARTS FOUR CLUBS ACE,0.2292,0.5056,0.2652
SPADES NINE DIAMONDS QUEEN,0.578,0.007,0.415
SPADES NINE HEARTS TWO,0.6382,0.0054,0.3564
HEARTS TWO SPADES TWO,0.4552,0.0084,0.5364
DIAMONDS QUEEN SPADES TWO,0.6586,0.0046,0.3368
HEARTS TWO SPADES FOUR,0.6324,0.0076,0.36
DIAMONDS QUEEN SPADES FOUR,0.6184,0.0046,0.377
CLUBS TEN HEARTS FOUR,0.6002,0.0042,0.3956
HEARTS TWO SPADES FIVE,0.6328,0.0068,0.3604
DIAMONDS QUEEN SPADES FIVE,0.6152,0.007,0.3778
HEARTS FOUR CLUBS JACK,0.5986,0.004,0.3974
CLUBS FIVE CLUBS KING,0.5818,0.0054,0.4128
CLUBS FIVE CLUBS QUEEN,0.5764,0.005,0.4186
CLUBS FIVE CLUBS ACE,0.2036,0.425,0.3714
CLUBS FIVE CLUBS JACK,0.5688,0.0048,0.4264
CLUBS TEN CLUBS FIVE,0.5692,0.003,0.4278
SPADES KING CLUBS JACK,0.5736,0.0058,0.4206
SPADES QUEEN CLUBS JACK,0.5556,0.0056,0.4388
SPADES ACE CLUBS JACK,0.2468,0.0928,0.6604
SPADES SIX CLUBS KING,0.6016,0.0044,0.394
SPADES SIX CLUBS QUEEN,0.5976,0.0048,0.3976
SPADES EIGHT HEARTS JACK,0.5706,0.0032,0.4262
SPADES SIX CLUBS ACE,0.219,0.3894,0.3916
SPADES EIGHT HEARTS TEN,0.5652,0.0034,0.4314
SPADES SIX CLUBS JACK,0.6014,0.0044,0.3942
CLUBS TEN SPADES SIX,0.583,0.003,0.414
SPADES TEN CLUBS JACK,0.5398,0.0056,0.4546
SPADES JACK CLUBS JACK,0.3106,0.0034,0.686
SPADES QUEEN CLUBS SEVEN,0.5972,0.0054,0.3974
SPADES KING CLUBS SEVEN,0.5922,0.0044,0.4034
SPADES ACE CLUBS SEVEN,0.2468,0.2978,0.4554
SPADES SIX HEARTS TEN,0.593,0.0038,0.4032
SPADES SIX HEARTS JACK,0.6002,0.0038,0.396
SPADES SIX HEARTS ACE,0.2438,0.3788,0.3774
SPADES SIX HEARTS KING,0.6004,0.0038,0.3958
SPADES SIX HEARTS QUEEN,0.5904,0.0048,0.4048
CLUBS SEVEN SPADES JACK,0.5868,0.0044,0.4088
CLUBS SEVEN SPADES TEN,0.5768,0.006,0.4172
CLUBS TEN HEARTS SIX,0.5852,0.003,0.4118
HEARTS SIX CLUBS JACK,0.601,0.0042,0.3948
CLUBS ACE CLUBS JACK,0.237,0.084,0.679
HEARTS SIX CLUBS QUEEN,0.6086,0.0046,0.3868
HEARTS SIX CLUBS KING,0.5958,0.0048,0.3994
HEARTS SIX CLUBS ACE,0.248,0.3688,0.3832
CLUBS QUEEN CLUBS JACK,0.511,0.0042,0.4848
CLUBS KING CLUBS JACK,0.5502,0.0056,0.4442
DIAMONDS THREE HEARTS ACE,0.0186,0.9696,0.0118
DIAMONDS THREE HEARTS QUEEN,0.743,0.0234,0.2336
DIAMONDS THREE HEARTS KING,0.757,0.0166,0.2264
CLUBS FIVE HEARTS JACK,0.6216,0.0018,0.3766
HEARTS FOUR SPADES TEN,0.6138,0.005,0.3812
CLUBS FIVE HEARTS TEN,0.6192,0.004,0.3768
HEARTS FOUR SPADES JACK,0.612,0.0036,0.3844
SPADES ACE HEARTS FOUR,0.213,0.5322,0.2548
CLUBS FIVE HEARTS ACE,0.2124,0.463,0.3246
CLUBS FIVE HEARTS KING,0.61,0.0046,0.3854
HEARTS FOUR SPADES QUEEN,0.6148,0.0042,0.381
SPADES FOUR CLUBS JACK,0.616,0.0052,0.3788
CLUBS FIVE HEARTS QUEEN,0.6038,0.0046,0.3916
SPADES KING HEARTS FOUR,0.6182,0.0046,0.3772
CLUBS TEN SPADES FOUR,0.6012,0.0042,0.3946
HEARTS FOUR DIAMONDS QUEEN,0.622,0.0046,0.3734
HEARTS FOUR HEARTS TWO,0.6006,0.007,0.3924
DIAMONDS THREE HEARTS TEN,0.7502,0.0206,0.2292
SPADES FOUR CLUBS KING,0.6214,0.006,0.3726
HEARTS FIVE DIAMONDS QUEEN,0.6136,0.0048,0.3816
HEARTS FIVE HEARTS TWO,0.587,0.0058,0.4072
DIAMONDS THREE HEARTS JACK,0.7454,0.0194,0.2352
SPADES FOUR CLUBS QUEEN,0.6168,0.0046,0.3786
DIAMONDS QUEEN HEARTS TWO,0.6548,0.005,0.3402
DIAMONDS KING DIAMONDS QUEEN,0.556,0.0058,0.4382
DIAMONDS KING HEARTS TWO,0.6602,0.0054,0.3344
DIAMONDS QUEEN HEARTS THREE,0.7534,0.0256,0.221
HEARTS THREE HEARTS TWO,0.7088,0.02,0.2712
SPADES FOUR CLUBS ACE,0.2146,0.5264,0.259
HEARTS TWO CLUBS ACE,0.2662,0.523,0.2108
DIAMONDS QUEEN CLUBS ACE,0.2512,0.0656,0.6832
HEARTS TWO CLUBS QUEEN,0.6388,0.005,0.3562
DIAMONDS QUEEN CLUBS QUEEN,0.3034,0.0058,0.6908
HEARTS TWO CLUBS KING,0.6396,0.0062,0.3542
DIAMONDS QUEEN CLUBS KING,0.564,0.0052,0.4308
SPADES EIGHT SPADES FIVE,0.57,0.0072,0.4228
CLUBS TEN HEARTS TWO,0.6348,0.0066,0.3586
CLUBS TEN DIAMONDS QUEEN,0.5716,0.0066,0.4218
SPADES NINE SPADES FIVE,0.5786,0.0066,0.4148
HEARTS TWO CLUBS JACK,0.6474,0.0038,0.3488
DIAMONDS QUEEN CLUBS JACK,0.5594,0.0054,0.4352
SPADES SIX SPADES FIVE,0.5554,0.006,0.4386
SPADES SEVEN SPADES FIVE,0.5574,0.0038,0.4388
DIAMONDS FIVE CLUBS QUEEN,0.6254,0.0044,0.3702
SPADES EIGHT CLUBS ACE,0.2246,0.2362,0.5392
DIAMONDS FIVE CLUBS KING,0.6192,0.0038,0.377
SPADES EIGHT CLUBS KING,0.5998,0.0044,0.3958
CLUBS ACE DIAMONDS FIVE,0.2242,0.4512,0.3246
SPADES EIGHT CLUBS QUEEN,0.5752,0.005,0.4198
SPADES EIGHT CLUBS JACK,0.5802,0.0036,0.4162
CLUBS TEN SPADES EIGHT,0.555,0.0038,0.4412
CLUBS TEN DIAMONDS FIVE,0.6,0.0054,0.3946
DIAMONDS FIVE CLUBS JACK,0.6188,0.0052,0.376
DIAMONDS TEN HEARTS JACK,0.5588,0.0036,0.4376
DIAMONDS TEN HEARTS TEN,0.3284,0.0048,0.6668
SPADES ACE CLUBS NINE,0.2394,0.1738,0.5868
CLUBS NINE SPADES QUEEN,0.5776,0.0054,0.417
CLUBS NINE SPADES KING,0.5812,0.0052,0.4136
HEARTS SIX HEARTS KING,0.5752,0.005,0.4198
DIAMONDS KING SPADES SEVEN,0.5998,0.0068,0.3934
HEARTS THREE SPADES SEVEN,0.7274,0.0148,0.2578
SPADES KING DIAMONDS SEVEN,0.6064,0.0036,0.39
HEARTS SIX HEARTS QUEEN,0.5612,0.0032,0.4356
SPADES QUEEN DIAMONDS SEVEN,0.602,0.0042,0.3938
HEARTS THREE SPADES SIX,0.7536,0.0146,0.2318
DIAMONDS KING SPADES SIX,0.5968,0.0038,0.3994
