opposingHand,winningChance,drawChance,lostChance
DIAMONDS TEN CLUBS KING
HEARTS FIVE SPADES TEN,0.7292,0.036,0.2348
HEARTS FIVE SPADES JACK,0.6492,0.0056,0.3452
SPADES FIVE CLUBS JACK,0.6604,0.008,0.3316
CLUBS TEN SPADES FIVE,0.7396,0.034,0.2264
CLUBS EIGHT CLUBS JACK,0.6052,0.0068,0.388
CLUBS TEN CLUBS EIGHT,0.6898,0.0308,0.2794
SPADES FIVE CLUBS ACE,0.4122,0.0032,0.5846
CLUBS EIGHT CLUBS QUEEN,0.6176,0.0072,0.3752
SPADES FIVE CLUBS QUEEN,0.6614,0.0064,0.3322
CLUBS EIGHT CLUBS ACE,0.4066,0.0042,0.5892
DIAMONDS TWO DIAMONDS THREE,0.6192,0.0072,0.3736
DIAMONDS TWO DIAMONDS FIVE,0.6342,0.0076,0.3582
HEARTS FIVE SPADES KING,0.6506,0.1184,0.231
DIAMONDS TWO DIAMONDS FOUR,0.6256,0.009,0.3654
HEARTS FIVE SPADES QUEEN,0.6656,0.0056,0.3288
DIAMONDS TWO DIAMONDS SEVEN,0.6324,0.0074,0.3602
DIAMONDS TWO DIAMONDS SIX,0.6356,0.0066,0.3578
SPADES ACE HEARTS FIVE,0.4222,0.004,0.5738
DIAMONDS TWO DIAMONDS NINE,0.6472,0.008,0.3448
DIAMONDS TWO DIAMONDS EIGHT,0.6424,0.0074,0.3502
DIAMONDS THREE DIAMONDS FOUR,0.6226,0.0096,0.3678
CLUBS TWO SPADES FOUR,0.6594,0.009,0.3316
DIAMONDS THREE DIAMONDS FIVE,0.6102,0.0078,0.382
SPADES FIVE CLUBS TWO,0.6496,0.0074,0.343
CLUBS TWO SPADES TWO,0.4802,0.0102,0.5096
CLUBS TWO SPADES THREE,0.661,0.0098,0.3292
DIAMONDS THREE DIAMONDS EIGHT,0.6428,0.0066,0.3506
SPADES EIGHT CLUBS TWO,0.685,0.006,0.309
DIAMONDS THREE DIAMONDS NINE,0.6392,0.0092,0.3516
SPADES NINE CLUBS TWO,0.6872,0.0054,0.3074
DIAMONDS THREE DIAMONDS SIX,0.6152,0.0108,0.374
SPADES SIX CLUBS TWO,0.6588,0.0092,0.332
DIAMONDS THREE DIAMONDS SEVEN,0.6274,0.009,0.3636
SPADES SEVEN CLUBS TWO,0.6946,0.0092,0.2962
CLUBS SIX CLUBS TWO,0.6312,0.0062,0.3626
CLUBS SEVEN CLUBS TWO,0.649,0.0056,0.3454
CLUBS FOUR CLUBS TWO,0.6198,0.009,0.3712
CLUBS FIVE CLUBS TWO,0.6242,0.0102,0.3656
CLUBS TEN CLUBS JACK,0.6752,0.0292,0.2956
DIAMONDS FOUR DIAMONDS SIX,0.6212,0.0068,0.372
CLUBS TEN CLUBS QUEEN,0.6968,0.0228,0.2804
DIAMONDS FOUR DIAMONDS SEVEN,0.6152,0.0084,0.3764
CLUBS TEN CLUBS ACE,0.2424,0.0214,0.7362
CLUBS EIGHT CLUBS TWO,0.6394,0.0076,0.353
DIAMONDS FIVE DIAMONDS FOUR,0.5966,0.008,0.3954
CLUBS NINE CLUBS TWO,0.643,0.0084,0.3486
DIAMONDS NINE DIAMONDS FOUR,0.6436,0.0098,0.3466
DIAMONDS EIGHT DIAMONDS FOUR,0.6402,0.0084,0.3514
CLUBS THREE CLUBS TWO,0.6336,0.0072,0.3592
DIAMONDS NINE DIAMONDS FIVE,0.617,0.0116,0.3714
DIAMONDS TWO CLUBS JACK,0.6724,0.0078,0.3198
DIAMONDS EIGHT DIAMONDS FIVE,0.616,0.0072,0.3768
CLUBS TEN DIAMONDS TWO,0.7554,0.0356,0.209
DIAMONDS FIVE DIAMONDS SEVEN,0.6146,0.0074,0.378
DIAMONDS FIVE DIAMONDS SIX,0.6066,0.0084,0.385
DIAMONDS TWO CLUBS ACE,0.4166,0.006,0.5774
DIAMONDS TWO CLUBS QUEEN,0.6624,0.01,0.3276
DIAMONDS EIGHT DIAMONDS SIX,0.6104,0.009,0.3806
DIAMONDS NINE DIAMONDS SIX,0.6294,0.0082,0.3624
HEARTS ACE SPADES THREE,0.4212,0.0042,0.5746
SPADES THREE HEARTS KING,0.664,0.1138,0.2222
DIAMONDS SEVEN DIAMONDS SIX,0.6048,0.0052,0.39
HEARTS QUEEN SPADES THREE,0.6522,0.0058,0.342
SPADES THREE HEARTS JACK,0.6522,0.0062,0.3416
SPADES THREE HEARTS TEN,0.7372,0.0362,0.2266
DIAMONDS EIGHT DIAMONDS SEVEN,0.592,0.007,0.401
DIAMONDS NINE DIAMONDS SEVEN,0.6122,0.0078,0.38
DIAMONDS NINE DIAMONDS EIGHT,0.6134,0.0074,0.3792
DIAMONDS KING HEARTS TEN,0.0112,0.9718,0.017
HEARTS THREE HEARTS TEN,0.7032,0.0314,0.2654
SPADES JACK CLUBS SIX,0.6674,0.008,0.3246
DIAMONDS KING HEARTS JACK,0.2338,0.0798,0.6864
HEARTS THREE HEARTS JACK,0.6118,0.0084,0.3798
SPADES TEN CLUBS SIX,0.7228,0.0372,0.24
SPADES JACK SPADES FIVE,0.6014,0.0058,0.3928
SPADES TEN SPADES FIVE,0.6944,0.0344,0.2712
DIAMONDS KING HEARTS ACE,0.2444,0.0092,0.7464
HEARTS THREE HEARTS ACE,0.3856,0.0064,0.608
SPADES ACE CLUBS SIX,0.429,0.0038,0.5672
DIAMONDS KING HEARTS QUEEN,0.2446,0.059,0.6964
HEARTS THREE HEARTS QUEEN,0.6076,0.004,0.3884
SPADES KING CLUBS SIX,0.6504,0.1106,0.239
DIAMONDS KING HEARTS KING,0.1076,0.0134,0.879
HEARTS THREE HEARTS KING,0.617,0.1136,0.2694
SPADES QUEEN CLUBS SIX,0.6512,0.0056,0.3432
SPADES NINE HEARTS TEN,0.698,0.0314,0.2706
SPADES NINE HEARTS JACK,0.631,0.0046,0.3644
SPADES QUEEN SPADES FIVE,0.6074,0.0064,0.3862
SPADES KING SPADES FIVE,0.604,0.1142,0.2818
SPADES ACE SPADES FIVE,0.3978,0.0054,0.5968
SPADES NINE HEARTS QUEEN,0.63,0.007,0.363
SPADES NINE HEARTS KING,0.6494,0.1236,0.227
SPADES NINE HEARTS ACE,0.419,0.0022,0.5788
CLUBS TEN SPADES JACK,0.7082,0.0314,0.2604
CLUBS TEN SPADES TEN,0.3242,0.0248,0.651
SPADES ACE CLUBS TEN,0.253,0.0204,0.7266
SPADES KING CLUBS TEN,0.0186,0.9718,0.0096
CLUBS TEN SPADES QUEEN,0.7232,0.0308,0.246
SPADES FIVE HEARTS QUEEN,0.6454,0.0054,0.3492
SPADES FIVE HEARTS KING,0.647,0.1124,0.2406
HEARTS ACE SPADES FIVE,0.4426,0.004,0.5534
CLUBS EIGHT SPADES TEN,0.7244,0.032,0.2436
SPADES JACK HEARTS THREE,0.6458,0.006,0.3482
SPADES JACK DIAMONDS KING,0.224,0.0866,0.6894
SPADES TEN DIAMONDS KING,0.0114,0.9712,0.0174
SPADES TEN HEARTS THREE,0.735,0.0342,0.2308
SPADES JACK CLUBS EIGHT,0.6526,0.0056,0.3418
CLUBS SIX HEARTS ACE,0.4278,0.0042,0.568
SPADES ACE CLUBS EIGHT,0.437,0.003,0.56
HEARTS FIVE CLUBS JACK,0.6662,0.007,0.3268
HEARTS FIVE CLUBS TEN,0.7396,0.04,0.2204
CLUBS SIX HEARTS QUEEN,0.6538,0.0058,0.3404
SPADES QUEEN CLUBS EIGHT,0.656,0.0064,0.3376
CLUBS TEN SPADES THREE,0.7316,0.0358,0.2326
CLUBS SIX HEARTS KING,0.6536,0.1178,0.2286
SPADES KING CLUBS EIGHT,0.662,0.1178,0.2202
SPADES THREE CLUBS JACK,0.6548,0.0078,0.3374
DIAMONDS TWO HEARTS JACK,0.6612,0.006,0.3328
SPADES THREE CLUBS QUEEN,0.6618,0.0062,0.332
DIAMONDS TWO HEARTS TEN,0.7568,0.037,0.2062
HEARTS FIVE CLUBS ACE,0.424,0.0046,0.5714
SPADES FIVE HEARTS TEN,0.7346,0.0356,0.2298
SPADES THREE CLUBS ACE,0.4176,0.0052,0.5772
SPADES FIVE HEARTS JACK,0.6606,0.0068,0.3326
HEARTS FIVE CLUBS QUEEN,0.6576,0.005,0.3374
HEARTS THREE CLUBS QUEEN,0.6618,0.0078,0.3304
DIAMONDS KING CLUBS QUEEN,0.2366,0.0626,0.7008
HEARTS FIVE HEARTS JACK,0.61,0.0048,0.3852
HEARTS FIVE HEARTS TEN,0.7056,0.0352,0.2592
HEARTS THREE CLUBS ACE,0.4132,0.0048,0.582
DIAMONDS KING CLUBS ACE,0.2414,0.014,0.7446
SPADES ACE CLUBS QUEEN,0.3862,0.0028,0.611
SPADES KING CLUBS QUEEN,0.2394,0.0546,0.706
HEARTS THREE CLUBS JACK,0.6604,0.0058,0.3338
DIAMONDS KING CLUBS JACK,0.225,0.0832,0.6918
SPADES QUEEN CLUBS QUEEN,0.3014,0.0044,0.6942
CLUBS TEN HEARTS THREE,0.7414,0.039,0.2196
CLUBS TEN DIAMONDS KING,0.0068,0.9846,0.0086
SPADES JACK CLUBS QUEEN,0.5908,0.0092,0.4
CLUBS SIX CLUBS QUEEN,0.6144,0.0094,0.3762
SPADES TEN CLUBS QUEEN,0.7344,0.0304,0.2352
CLUBS SIX CLUBS ACE,0.4068,0.004,0.5892
HEARTS FIVE HEARTS KING,0.6114,0.1004,0.2882
HEARTS FIVE HEARTS QUEEN,0.5946,0.0068,0.3986
CLUBS TEN CLUBS SIX,0.6976,0.0322,0.2702
HEARTS FIVE HEARTS ACE,0.3944,0.004,0.6016
CLUBS SIX CLUBS JACK,0.6382,0.006,0.3558
SPADES SEVEN HEARTS JACK,0.6468,0.0048,0.3484
SPADES SEVEN HEARTS TEN,0.7054,0.0302,0.2644
DIAMONDS TWO CLUBS TWO,0.481,0.0108,0.5082
DIAMONDS TWO CLUBS THREE,0.6632,0.0084,0.3284
DIAMONDS TWO HEARTS SIX,0.6584,0.0078,0.3338
DIAMONDS TWO HEARTS QUEEN,0.661,0.006,0.333
HEARTS SEVEN DIAMONDS TWO,0.6818,0.0046,0.3136
DIAMONDS TWO HEARTS KING,0.6642,0.111,0.2248
DIAMONDS TWO HEARTS EIGHT,0.675,0.006,0.319
DIAMONDS TWO HEARTS ACE,0.4242,0.004,0.5718
DIAMONDS TWO HEARTS NINE,0.6856,0.0094,0.305
DIAMONDS TWO DIAMONDS QUEEN,0.6274,0.0078,0.3648
DIAMONDS TWO HEARTS TWO,0.4866,0.0122,0.5012
DIAMONDS TWO DIAMONDS KING,0.623,0.1104,0.2666
DIAMONDS TWO HEARTS THREE,0.666,0.0056,0.3284
DIAMONDS TWO DIAMONDS ACE,0.398,0.0038,0.5982
HEARTS FOUR DIAMONDS TWO,0.6438,0.011,0.3452
HEARTS FIVE DIAMONDS TWO,0.6458,0.0088,0.3454
SPADES SEVEN HEARTS ACE,0.4234,0.0036,0.573
SPADES SEVEN HEARTS KING,0.6406,0.1188,0.2406
DIAMONDS TWO DIAMONDS JACK,0.626,0.0064,0.3676
SPADES SEVEN HEARTS QUEEN,0.6496,0.0064,0.344
DIAMONDS TWO SPADES NINE,0.6782,0.0092,0.3126
DIAMONDS TWO SPADES EIGHT,0.6752,0.0078,0.317
DIAMONDS TWO SPADES SEVEN,0.6788,0.0062,0.315
DIAMONDS TWO SPADES SIX,0.6666,0.0088,0.3246
DIAMONDS TWO SPADES FIVE,0.6708,0.0088,0.3204
DIAMONDS TWO SPADES FOUR,0.6578,0.0084,0.3338
DIAMONDS TWO SPADES THREE,0.6438,0.0094,0.3468
DIAMONDS TWO SPADES TWO,0.4838,0.0126,0.5036
CLUBS NINE DIAMONDS TWO,0.6836,0.0088,0.3076
DIAMONDS TWO CLUBS EIGHT,0.6746,0.007,0.3184
CLUBS SEVEN DIAMONDS TWO,0.6806,0.008,0.3114
DIAMONDS TWO CLUBS SIX,0.6732,0.0088,0.318
DIAMONDS TWO CLUBS FIVE,0.6536,0.0088,0.3376
DIAMONDS TWO CLUBS FOUR,0.6548,0.0064,0.3388
CLUBS FOUR SPADES FIVE,0.6296,0.0056,0.3648
CLUBS FOUR SPADES FOUR,0.4766,0.0116,0.5118
CLUBS FOUR SPADES THREE,0.6266,0.0062,0.3672
CLUBS FOUR SPADES TWO,0.6546,0.0074,0.338
SPADES NINE CLUBS FOUR,0.6746,0.008,0.3174
SPADES EIGHT CLUBS FOUR,0.6636,0.0062,0.3302
SPADES SEVEN CLUBS FOUR,0.6554,0.0062,0.3384
CLUBS FOUR SPADES SIX,0.6562,0.0074,0.3364
SPADES ACE DIAMONDS SIX,0.4294,0.0036,0.567
SPADES QUEEN DIAMONDS SIX,0.6556,0.0048,0.3396
SPADES KING DIAMONDS SIX,0.6522,0.1194,0.2284
SPADES TEN DIAMONDS SIX,0.7332,0.0338,0.233
SPADES JACK DIAMONDS SIX,0.6608,0.0044,0.3348
SPADES QUEEN SPADES TWO,0.6308,0.0072,0.362
SPADES KING SPADES TWO,0.599,0.117,0.284
SPADES ACE SPADES TWO,0.4006,0.004,0.5954
DIAMONDS JACK CLUBS JACK,0.2994,0.0086,0.692
CLUBS TEN DIAMONDS JACK,0.719,0.0308,0.2502
DIAMONDS JACK CLUBS QUEEN,0.5814,0.008,0.4106
DIAMONDS THREE DIAMONDS JACK,0.6202,0.0084,0.3714
DIAMONDS JACK CLUBS ACE,0.3586,0.0066,0.6348
DIAMONDS THREE DIAMONDS KING,0.6102,0.1178,0.272
DIAMONDS THREE HEARTS THREE,0.4834,0.0082,0.5084
DIAMONDS THREE DIAMONDS QUEEN,0.6222,0.0074,0.3704
DIAMONDS THREE HEARTS TWO,0.6538,0.0084,0.3378
HEARTS FIVE DIAMONDS THREE,0.6412,0.0054,0.3534
DIAMONDS THREE DIAMONDS ACE,0.4042,0.0062,0.5896
HEARTS FOUR DIAMONDS THREE,0.6476,0.0054,0.347
HEARTS SEVEN DIAMONDS THREE,0.65,0.0054,0.3446
SPADES TEN SPADES NINE,0.6462,0.0342,0.3196
HEARTS SIX DIAMONDS THREE,0.6586,0.0062,0.3352
SPADES JACK SPADES NINE,0.578,0.0066,0.4154
DIAMONDS THREE HEARTS NINE,0.6724,0.0076,0.32
HEARTS JACK DIAMONDS FOUR,0.6622,0.0072,0.3306
HEARTS ACE HEARTS KING,0.238,0.0104,0.7516
SPADES TEN SPADES TWO,0.6944,0.0312,0.2744
DIAMONDS THREE HEARTS EIGHT,0.676,0.0094,0.3146
HEARTS TEN DIAMONDS FOUR,0.7462,0.0356,0.2182
SPADES JACK SPADES TWO,0.6154,0.0066,0.378
HEARTS QUEEN DIAMONDS FOUR,0.6626,0.0072,0.3302
HEARTS KING DIAMONDS FOUR,0.647,0.117,0.236
SPADES ACE SPADES NINE,0.3788,0.0028,0.6184
HEARTS ACE DIAMONDS FOUR,0.4286,0.0048,0.5666
SPADES KING SPADES NINE,0.622,0.1034,0.2746
SPADES QUEEN SPADES NINE,0.587,0.0066,0.4064
DIAMONDS THREE SPADES NINE,0.6802,0.0086,0.3112
DIAMONDS THREE SPADES EIGHT,0.6776,0.0082,0.3142
DIAMONDS THREE SPADES SEVEN,0.668,0.0072,0.3248
DIAMONDS THREE SPADES SIX,0.6636,0.0062,0.3302
DIAMONDS THREE CLUBS SIX,0.664,0.0064,0.3296
CLUBS FIVE CLUBS SIX,0.5978,0.0066,0.3956
CLUBS ACE DIAMONDS FOUR,0.4154,0.0056,0.579
CLUBS SEVEN DIAMONDS THREE,0.6698,0.0084,0.3218
CLUBS SEVEN CLUBS FIVE,0.6086,0.0072,0.3842
DIAMONDS THREE CLUBS FOUR,0.6388,0.007,0.3542
DIAMONDS FOUR CLUBS QUEEN,0.6696,0.0084,0.322
DIAMONDS THREE CLUBS FIVE,0.645,0.0076,0.3474
DIAMONDS THREE CLUBS TWO,0.658,0.0078,0.3342
CLUBS TEN DIAMONDS FOUR,0.7434,0.0368,0.2198
DIAMONDS THREE CLUBS THREE,0.4746,0.009,0.5164
DIAMONDS FOUR CLUBS JACK,0.6618,0.0088,0.3294
DIAMONDS THREE SPADES FOUR,0.6242,0.0098,0.366
DIAMONDS THREE SPADES FIVE,0.6312,0.0084,0.3604
DIAMONDS THREE SPADES TWO,0.6568,0.0092,0.334
DIAMONDS THREE SPADES THREE,0.4834,0.0122,0.5044
CLUBS EIGHT DIAMONDS THREE,0.6896,0.0068,0.3036
CLUBS NINE DIAMONDS THREE,0.6882,0.0074,0.3044
SPADES SEVEN CLUBS ACE,0.412,0.0034,0.5846
SPADES SEVEN CLUBS QUEEN,0.6604,0.0064,0.3332
CLUBS FIVE SPADES SEVEN,0.6232,0.0068,0.37
CLUBS TEN SPADES SEVEN,0.7094,0.0384,0.2522
CLUBS FIVE SPADES SIX,0.6238,0.006,0.3702
SPADES SEVEN CLUBS JACK,0.637,0.0056,0.3574
CLUBS FIVE SPADES NINE,0.6706,0.0078,0.3216
CLUBS FIVE SPADES EIGHT,0.6588,0.008,0.3332
CLUBS FIVE SPADES THREE,0.6376,0.0106,0.3518
CLUBS FIVE SPADES TWO,0.6416,0.0072,0.3512
CLUBS FIVE SPADES FIVE,0.4808,0.0084,0.5108
CLUBS FIVE SPADES FOUR,0.6198,0.0074,0.3728
CLUBS NINE CLUBS FIVE,0.636,0.0084,0.3556
CLUBS EIGHT CLUBS FIVE,0.6172,0.0076,0.3752
CLUBS ACE CLUBS QUEEN,0.359,0.003,0.638
CLUBS TEN DIAMONDS NINE,0.6942,0.033,0.2728
DIAMONDS JACK DIAMONDS FOUR,0.6242,0.0076,0.3682
DIAMONDS NINE CLUBS JACK,0.6336,0.0052,0.3612
SPADES NINE CLUBS JACK,0.6302,0.0072,0.3626
CLUBS TEN SPADES NINE,0.7074,0.0322,0.2604
DIAMONDS ACE DIAMONDS FOUR,0.4064,0.0042,0.5894
HEARTS FOUR DIAMONDS FOUR,0.4646,0.0106,0.5248
DIAMONDS JACK HEARTS TEN,0.7028,0.0328,0.2644
DIAMONDS TWO SPADES TEN,0.748,0.0332,0.2188
DIAMONDS NINE CLUBS ACE,0.411,0.0054,0.5836
HEARTS FIVE DIAMONDS FOUR,0.6332,0.0062,0.3606
DIAMONDS JACK HEARTS JACK,0.2976,0.006,0.6964
SPADES NINE CLUBS QUEEN,0.6464,0.0062,0.3474
DIAMONDS TWO SPADES JACK,0.662,0.0056,0.3324
DIAMONDS QUEEN DIAMONDS FOUR,0.6082,0.0072,0.3846
HEARTS TWO DIAMONDS FOUR,0.6508,0.0076,0.3416
DIAMONDS NINE CLUBS QUEEN,0.6418,0.009,0.3492
DIAMONDS KING DIAMONDS FOUR,0.6226,0.1076,0.2698
HEARTS THREE DIAMONDS FOUR,0.6532,0.0068,0.34
SPADES NINE CLUBS ACE,0.4088,0.005,0.5862
HEARTS ACE DIAMONDS JACK,0.3736,0.0044,0.622
SPADES ACE DIAMONDS TWO,0.4264,0.0052,0.5684
HEARTS QUEEN DIAMONDS JACK,0.595,0.0074,0.3976
SPADES QUEEN DIAMONDS TWO,0.6576,0.0066,0.3358
HEARTS KING DIAMONDS JACK,0.2354,0.092,0.6726
SPADES KING DIAMONDS TWO,0.6666,0.1116,0.2218
SPADES JACK SPADES SEVEN,0.6028,0.0052,0.392
SPADES TEN SPADES SEVEN,0.6644,0.036,0.2996
CLUBS SEVEN CLUBS THREE,0.6346,0.0086,0.3568
CLUBS SIX CLUBS THREE,0.6174,0.0088,0.3738
CLUBS FIVE CLUBS THREE,0.6188,0.0066,0.3746
CLUBS THREE CLUBS FOUR,0.6084,0.0076,0.384
CLUBS NINE CLUBS THREE,0.6534,0.0072,0.3394
CLUBS EIGHT CLUBS THREE,0.6434,0.008,0.3486
CLUBS THREE SPADES FIVE,0.6316,0.0072,0.3612
CLUBS THREE SPADES FOUR,0.643,0.0074,0.3496
CLUBS THREE SPADES THREE,0.4708,0.011,0.5182
CLUBS THREE SPADES TWO,0.6562,0.0094,0.3344
CLUBS THREE SPADES SIX,0.6422,0.0086,0.3492
CLUBS THREE SPADES SEVEN,0.664,0.0072,0.3288
SPADES EIGHT CLUBS THREE,0.688,0.007,0.305
SPADES NINE CLUBS THREE,0.6798,0.0064,0.3138
SPADES TWO DIAMONDS FOUR,0.6588,0.0068,0.3344
SPADES THREE DIAMONDS FOUR,0.6412,0.008,0.3508
SPADES FOUR DIAMONDS FOUR,0.4698,0.0082,0.522
SPADES FIVE DIAMONDS FOUR,0.6234,0.0076,0.369
SPADES SIX DIAMONDS FOUR,0.6398,0.0072,0.353
SPADES SEVEN DIAMONDS FOUR,0.658,0.0062,0.3358
SPADES EIGHT DIAMONDS FOUR,0.6494,0.007,0.3436
SPADES NINE DIAMONDS FOUR,0.6728,0.0094,0.3178
CLUBS FIVE DIAMONDS FOUR,0.6268,0.009,0.3642
CLUBS FOUR DIAMONDS FOUR,0.4842,0.0108,0.505
CLUBS SEVEN DIAMONDS FOUR,0.646,0.0062,0.3478
CLUBS SIX DIAMONDS FOUR,0.6474,0.007,0.3456
CLUBS NINE DIAMONDS FOUR,0.7064,0.0076,0.286
CLUBS EIGHT DIAMONDS FOUR,0.677,0.0092,0.3138
HEARTS SEVEN DIAMONDS FOUR,0.6494,0.0072,0.3434
HEARTS SIX DIAMONDS FOUR,0.629,0.0064,0.3646
DIAMONDS FOUR HEARTS NINE,0.6702,0.0066,0.3232
DIAMONDS FOUR HEARTS EIGHT,0.6616,0.0066,0.3318
CLUBS THREE DIAMONDS FOUR,0.646,0.01,0.344
CLUBS TWO DIAMONDS FOUR,0.667,0.0068,0.3262
DIAMONDS JACK DIAMONDS FIVE,0.621,0.0078,0.3712
DIAMONDS NINE HEARTS QUEEN,0.6392,0.0062,0.3546
DIAMONDS NINE HEARTS KING,0.661,0.1192,0.2198
HEARTS ACE DIAMONDS NINE,0.429,0.006,0.565
DIAMONDS NINE HEARTS TEN,0.7114,0.0316,0.257
DIAMONDS NINE HEARTS JACK,0.6328,0.0064,0.3608
CLUBS QUEEN DIAMONDS SIX,0.6578,0.0062,0.336
CLUBS ACE DIAMONDS SIX,0.432,0.0054,0.5626
SPADES KING DIAMONDS FOUR,0.6444,0.1262,0.2294
SPADES ACE SPADES SEVEN,0.3878,0.0034,0.6088
SPADES QUEEN DIAMONDS FOUR,0.6572,0.0082,0.3346
SPADES QUEEN SPADES SEVEN,0.6218,0.006,0.3722
CLUBS JACK DIAMONDS SIX,0.6688,0.0058,0.3254
SPADES KING SPADES SEVEN,0.61,0.107,0.283
SPADES ACE DIAMONDS FOUR,0.4302,0.0038,0.566
CLUBS TEN DIAMONDS SIX,0.7398,0.035,0.2252
CLUBS NINE CLUBS FOUR,0.651,0.0068,0.3422
CLUBS EIGHT CLUBS FOUR,0.6422,0.0082,0.3496
SPADES JACK DIAMONDS FOUR,0.6554,0.0054,0.3392
SPADES TEN DIAMONDS FOUR,0.7324,0.0358,0.2318
CLUBS FIVE CLUBS FOUR,0.5948,0.005,0.4002
CLUBS SEVEN CLUBS FOUR,0.6292,0.0062,0.3646
CLUBS SIX CLUBS FOUR,0.6116,0.006,0.3824
CLUBS SEVEN SPADES EIGHT,0.6318,0.0068,0.3614
CLUBS SEVEN SPADES NINE,0.6286,0.0068,0.3646
CLUBS SEVEN SPADES SIX,0.6112,0.006,0.3828
CLUBS SEVEN SPADES SEVEN,0.4626,0.0074,0.53
CLUBS SEVEN SPADES FIVE,0.6344,0.0072,0.3584
CLUBS SEVEN SPADES FOUR,0.667,0.0066,0.3264
CLUBS SEVEN SPADES THREE,0.6742,0.0066,0.3192
CLUBS SEVEN SPADES TWO,0.6732,0.0074,0.3194
CLUBS NINE CLUBS SEVEN,0.6096,0.0072,0.3832
CLUBS SEVEN CLUBS EIGHT,0.5904,0.006,0.4036
HEARTS SIX DIAMONDS FIVE,0.6258,0.0078,0.3664
HEARTS SEVEN DIAMONDS FIVE,0.6318,0.0078,0.3604
DIAMONDS FIVE HEARTS EIGHT,0.6676,0.007,0.3254
DIAMONDS FIVE HEARTS NINE,0.67,0.006,0.324
DIAMONDS QUEEN DIAMONDS FIVE,0.6144,0.0068,0.3788
HEARTS TWO DIAMONDS FIVE,0.648,0.0082,0.3438
HEARTS KING HEARTS EIGHT,0.605,0.1048,0.2902
DIAMONDS KING DIAMONDS FIVE,0.6192,0.1146,0.2662
HEARTS THREE DIAMONDS FIVE,0.648,0.0062,0.3458
HEARTS QUEEN HEARTS EIGHT,0.6088,0.0058,0.3854
DIAMONDS ACE DIAMONDS FIVE,0.405,0.0066,0.5884
HEARTS FOUR DIAMONDS FIVE,0.6272,0.0072,0.3656
HEARTS FIVE DIAMONDS FIVE,0.4758,0.011,0.5132
HEARTS ACE HEARTS EIGHT,0.4054,0.0028,0.5918
CLUBS FOUR DIAMONDS FIVE,0.6298,0.0114,0.3588
CLUBS FIVE DIAMONDS FIVE,0.4774,0.011,0.5116
CLUBS SIX DIAMONDS FIVE,0.6282,0.0082,0.3636
CLUBS SEVEN DIAMONDS FIVE,0.6512,0.008,0.3408
CLUBS TWO DIAMONDS FIVE,0.6614,0.0076,0.331
CLUBS THREE DIAMONDS FIVE,0.645,0.0088,0.3462
SPADES THREE DIAMONDS FIVE,0.6312,0.007,0.3618
SPADES TWO DIAMONDS FIVE,0.6532,0.0082,0.3386
SPADES JACK DIAMONDS EIGHT,0.6522,0.0066,0.3412
SPADES FIVE DIAMONDS FIVE,0.4892,0.0082,0.5026
CLUBS TEN HEARTS JACK,0.7164,0.0266,0.257
SPADES TEN DIAMONDS EIGHT,0.7204,0.0338,0.2458
SPADES FOUR DIAMONDS FIVE,0.6294,0.0078,0.3628
HEARTS JACK CLUBS JACK,0.3084,0.0046,0.687
HEARTS JACK CLUBS QUEEN,0.5924,0.0076,0.4
CLUBS NINE DIAMONDS FIVE,0.6606,0.0066,0.3328
CLUBS EIGHT DIAMONDS FIVE,0.6614,0.007,0.3316
CLUBS ACE HEARTS JACK,0.3698,0.0058,0.6244
SPADES SEVEN DIAMONDS FIVE,0.6414,0.0078,0.3508
SPADES KING DIAMONDS EIGHT,0.6612,0.1226,0.2162
SPADES QUEEN DIAMONDS EIGHT,0.6464,0.0078,0.3458
SPADES SIX DIAMONDS FIVE,0.6236,0.0068,0.3696
SPADES NINE DIAMONDS FIVE,0.6678,0.0054,0.3268
SPADES EIGHT DIAMONDS FIVE,0.65,0.0066,0.3434
SPADES ACE DIAMONDS EIGHT,0.4168,0.0034,0.5798
HEARTS ACE DIAMONDS SEVEN,0.4278,0.0056,0.5666
DIAMONDS JACK DIAMONDS SIX,0.6206,0.0068,0.3726
HEARTS QUEEN DIAMONDS SEVEN,0.6596,0.0062,0.3342
HEARTS KING DIAMONDS SEVEN,0.66,0.1166,0.2234
DIAMONDS ACE DIAMONDS SIX,0.4004,0.0054,0.5942
HEARTS FOUR DIAMONDS SIX,0.6324,0.0094,0.3582
SPADES TWO HEARTS JACK,0.654,0.0086,0.3374
HEARTS FIVE DIAMONDS SIX,0.6344,0.0088,0.3568
SPADES TWO HEARTS TEN,0.7458,0.0306,0.2236
DIAMONDS QUEEN DIAMONDS SIX,0.6188,0.0052,0.376
HEARTS TWO DIAMONDS SIX,0.6624,0.009,0.3286
DIAMONDS KING DIAMONDS SIX,0.6134,0.1186,0.268
HEARTS THREE DIAMONDS SIX,0.6378,0.0086,0.3536
HEARTS EIGHT DIAMONDS SIX,0.6402,0.0062,0.3536
HEARTS NINE DIAMONDS SIX,0.656,0.0056,0.3384
HEARTS SIX DIAMONDS SIX,0.4856,0.007,0.5074
HEARTS SEVEN DIAMONDS SIX,0.6338,0.0058,0.3604
HEARTS TEN DIAMONDS SEVEN,0.7142,0.0376,0.2482
CLUBS TWO DIAMONDS SIX,0.6828,0.0094,0.3078
HEARTS JACK DIAMONDS SEVEN,0.6428,0.0052,0.352
CLUBS THREE DIAMONDS SIX,0.651,0.0084,0.3406
CLUBS SEVEN DIAMONDS SIX,0.6338,0.008,0.3582
DIAMONDS EIGHT CLUBS JACK,0.6472,0.0068,0.346
CLUBS SIX DIAMONDS SIX,0.4826,0.01,0.5074
CLUBS TEN DIAMONDS EIGHT,0.729,0.0332,0.2378
CLUBS FIVE DIAMONDS SIX,0.6346,0.0088,0.3566
CLUBS FOUR DIAMONDS SIX,0.6286,0.0076,0.3638
HEARTS ACE HEARTS JACK,0.3534,0.0042,0.6424
DIAMONDS EIGHT CLUBS ACE,0.419,0.0054,0.5756
HEARTS QUEEN HEARTS JACK,0.5562,0.0056,0.4382
CLUBS NINE DIAMONDS SIX,0.6516,0.0078,0.3406
HEARTS KING HEARTS JACK,0.2262,0.0762,0.6976
DIAMONDS EIGHT CLUBS QUEEN,0.6594,0.0048,0.3358
CLUBS EIGHT DIAMONDS SIX,0.6512,0.0092,0.3396
SPADES TEN HEARTS KING,0.0218,0.958,0.0202
SPADES FIVE DIAMONDS SIX,0.6336,0.0072,0.3592
HEARTS ACE SPADES TWO,0.4096,0.0022,0.5882
SPADES JACK HEARTS KING,0.226,0.0906,0.6834
SPADES FOUR DIAMONDS SIX,0.6458,0.0058,0.3484
SPADES THREE DIAMONDS SIX,0.6502,0.0068,0.343
HEARTS QUEEN SPADES TWO,0.6622,0.0062,0.3316
SPADES ACE SPADES KING,0.2392,0.0082,0.7526
HEARTS KING SPADES TWO,0.6568,0.111,0.2322
SPADES TWO DIAMONDS SIX,0.6596,0.0066,0.3338
HEARTS TEN HEARTS EIGHT,0.6558,0.031,0.3132
SPADES NINE DIAMONDS SIX,0.6518,0.009,0.3392
HEARTS JACK HEARTS EIGHT,0.5972,0.0082,0.3946
SPADES EIGHT DIAMONDS SIX,0.6332,0.005,0.3618
SPADES SEVEN DIAMONDS SIX,0.6342,0.0056,0.3602
SPADES SIX DIAMONDS SIX,0.4802,0.0094,0.5104
SPADES KING HEARTS KING,0.111,0.0112,0.8778
SPADES QUEEN HEARTS KING,0.25,0.0608,0.6892
SPADES ACE HEARTS KING,0.2416,0.0116,0.7468
SPADES ACE HEARTS JACK,0.3692,0.006,0.6248
SPADES QUEEN HEARTS JACK,0.5972,0.0058,0.397
SPADES KING HEARTS JACK,0.2436,0.0824,0.674
SPADES JACK HEARTS JACK,0.3034,0.0048,0.6918
SPADES TEN HEARTS JACK,0.6916,0.0324,0.276
SPADES NINE DIAMONDS SEVEN,0.6336,0.0078,0.3586
SPADES EIGHT DIAMONDS SEVEN,0.6324,0.0054,0.3622
SPADES SEVEN DIAMONDS SEVEN,0.4624,0.0086,0.529
SPADES SIX DIAMONDS SEVEN,0.624,0.0078,0.3682
DIAMONDS KING DIAMONDS SEVEN,0.6248,0.1102,0.265
HEARTS THREE DIAMONDS SEVEN,0.668,0.0068,0.3252
HEARTS KING DIAMONDS FIVE,0.6652,0.111,0.2238
DIAMONDS QUEEN DIAMONDS SEVEN,0.6174,0.0056,0.377
HEARTS TWO DIAMONDS SEVEN,0.6652,0.0078,0.327
HEARTS QUEEN DIAMONDS FIVE,0.657,0.0078,0.3352
HEARTS FIVE DIAMONDS SEVEN,0.6348,0.005,0.3602
DIAMONDS ACE DIAMONDS SEVEN,0.398,0.006,0.596
HEARTS FOUR DIAMONDS SEVEN,0.655,0.0076,0.3374
HEARTS ACE DIAMONDS FIVE,0.428,0.0042,0.5678
HEARTS SEVEN DIAMONDS SEVEN,0.4708,0.0092,0.52
HEARTS SIX DIAMONDS SEVEN,0.6328,0.0064,0.3608
DIAMONDS SEVEN HEARTS NINE,0.6222,0.008,0.3698
HEARTS EIGHT DIAMONDS SEVEN,0.6306,0.0074,0.362
DIAMONDS JACK DIAMONDS SEVEN,0.6196,0.0086,0.3718
DIAMONDS FIVE HEARTS JACK,0.662,0.0076,0.3304
HEARTS TEN DIAMONDS FIVE,0.738,0.0342,0.2278
SPADES KING CLUBS TWO,0.6662,0.1216,0.2122
CLUBS EIGHT DIAMONDS SEVEN,0.6176,0.007,0.3754
SPADES QUEEN CLUBS TWO,0.6608,0.008,0.3312
HEARTS KING CLUBS QUEEN,0.2436,0.0652,0.6912
CLUBS NINE DIAMONDS SEVEN,0.6426,0.0074,0.35
SPADES TWO CLUBS JACK,0.6566,0.0066,0.3368
SPADES ACE CLUBS TWO,0.4246,0.0074,0.568
CLUBS TEN SPADES TWO,0.749,0.0402,0.2108
HEARTS KING CLUBS ACE,0.2444,0.0136,0.742
CLUBS SEVEN CLUBS SIX,0.5962,0.0088,0.395
SPADES TWO DIAMONDS SEVEN,0.6776,0.007,0.3154
CLUBS EIGHT CLUBS SIX,0.6052,0.007,0.3878
SPADES THREE DIAMONDS SEVEN,0.664,0.0066,0.3294
SPADES TWO CLUBS QUEEN,0.669,0.007,0.324
CLUBS NINE CLUBS SIX,0.6284,0.006,0.3656
SPADES FOUR DIAMONDS SEVEN,0.6426,0.0082,0.3492
HEARTS KING CLUBS JACK,0.2382,0.0858,0.676
SPADES FIVE DIAMONDS SEVEN,0.6294,0.0074,0.3632
SPADES TWO CLUBS ACE,0.4244,0.0048,0.5708
CLUBS TEN HEARTS KING,0.0168,0.9716,0.0116
CLUBS SIX SPADES TWO,0.6724,0.0084,0.3192
CLUBS SIX SPADES THREE,0.6518,0.0046,0.3436
CLUBS TWO DIAMONDS SEVEN,0.6798,0.0084,0.3118
CLUBS SIX SPADES FOUR,0.6484,0.007,0.3446
CLUBS THREE DIAMONDS SEVEN,0.6618,0.0068,0.3314
CLUBS SIX SPADES FIVE,0.6262,0.0074,0.3664
CLUBS FOUR DIAMONDS SEVEN,0.6528,0.0074,0.3398
CLUBS SIX SPADES SIX,0.4726,0.0078,0.5196
CLUBS FIVE DIAMONDS SEVEN,0.6378,0.0092,0.353
CLUBS SIX SPADES SEVEN,0.634,0.005,0.361
CLUBS SIX DIAMONDS SEVEN,0.6356,0.0088,0.3556
CLUBS SIX SPADES EIGHT,0.64,0.007,0.353
SPADES JACK CLUBS TWO,0.6628,0.0078,0.3294
CLUBS SEVEN DIAMONDS SEVEN,0.4718,0.0112,0.517
SPADES NINE CLUBS SIX,0.6544,0.0064,0.3392
SPADES TEN CLUBS TWO,0.738,0.0358,0.2262
CLUBS TWO CLUBS QUEEN,0.6252,0.0082,0.3666
CLUBS THREE DIAMONDS EIGHT,0.6768,0.005,0.3182
CLUBS TWO CLUBS ACE,0.396,0.006,0.598
CLUBS TWO DIAMONDS EIGHT,0.6722,0.009,0.3188
HEARTS SEVEN DIAMONDS EIGHT,0.6328,0.006,0.3612
HEARTS SIX DIAMONDS EIGHT,0.6488,0.0068,0.3444
DIAMONDS EIGHT HEARTS NINE,0.633,0.0044,0.3626
CLUBS TEN CLUBS TWO,0.6994,0.0364,0.2642
DIAMONDS EIGHT HEARTS EIGHT,0.4714,0.0068,0.5218
CLUBS TWO CLUBS JACK,0.6232,0.0074,0.3694
CLUBS NINE DIAMONDS EIGHT,0.6416,0.006,0.3524
CLUBS EIGHT DIAMONDS EIGHT,0.4648,0.008,0.5272
CLUBS FIVE DIAMONDS EIGHT,0.6638,0.0082,0.328
SPADES ACE SPADES THREE,0.3976,0.0042,0.5982
CLUBS FOUR DIAMONDS EIGHT,0.647,0.008,0.345
CLUBS SEVEN DIAMONDS EIGHT,0.6308,0.0074,0.3618
SPADES QUEEN SPADES THREE,0.6146,0.0076,0.3778
CLUBS SIX DIAMONDS EIGHT,0.646,0.0076,0.3464
SPADES KING SPADES THREE,0.6186,0.116,0.2654
DIAMONDS EIGHT DIAMONDS QUEEN,0.6064,0.0062,0.3874
HEARTS TWO DIAMONDS EIGHT,0.6852,0.0078,0.307
DIAMONDS KING DIAMONDS EIGHT,0.6308,0.1126,0.2566
HEARTS THREE DIAMONDS EIGHT,0.6814,0.0074,0.3112
DIAMONDS ACE DIAMONDS EIGHT,0.4004,0.0058,0.5938
HEARTS FOUR DIAMONDS EIGHT,0.6616,0.0046,0.3338
HEARTS FIVE DIAMONDS EIGHT,0.6526,0.007,0.3404
DIAMONDS EIGHT DIAMONDS JACK,0.599,0.0068,0.3942
SPADES JACK SPADES THREE,0.606,0.0068,0.3872
SPADES TEN SPADES THREE,0.6822,0.0382,0.2796
CLUBS FOUR HEARTS ACE,0.426,0.0058,0.5682
CLUBS FOUR HEARTS QUEEN,0.65,0.0078,0.3422
CLUBS FOUR HEARTS KING,0.6432,0.1254,0.2314
CLUBS SIX HEARTS TEN,0.7356,0.0322,0.2322
CLUBS SIX HEARTS JACK,0.6566,0.0072,0.3362
DIAMONDS EIGHT SPADES FOUR,0.6662,0.006,0.3278
SPADES FIVE DIAMONDS EIGHT,0.6424,0.0082,0.3494
DIAMONDS EIGHT SPADES TWO,0.6692,0.0074,0.3234
DIAMONDS EIGHT SPADES THREE,0.6696,0.0094,0.321
CLUBS FOUR HEARTS JACK,0.6586,0.0074,0.334
SPADES EIGHT DIAMONDS EIGHT,0.4708,0.0104,0.5188
SPADES TEN DIAMONDS QUEEN,0.7202,0.0268,0.253
SPADES TEN HEARTS TWO,0.7438,0.0334,0.2228
SPADES JACK HEARTS EIGHT,0.6364,0.0038,0.3598
CLUBS FOUR HEARTS TEN,0.7302,0.0398,0.23
SPADES NINE DIAMONDS EIGHT,0.6338,0.005,0.3612
SPADES TEN HEARTS EIGHT,0.7178,0.0328,0.2494
SPADES JACK HEARTS TWO,0.6634,0.0086,0.328
SPADES JACK DIAMONDS QUEEN,0.5842,0.0074,0.4084
SPADES SIX DIAMONDS EIGHT,0.6318,0.0076,0.3606
SPADES SEVEN DIAMONDS EIGHT,0.6444,0.0058,0.3498
SPADES ACE HEARTS TWO,0.4322,0.0054,0.5624
SPADES ACE DIAMONDS QUEEN,0.3674,0.0042,0.6284
SPADES ACE HEARTS EIGHT,0.4266,0.0028,0.5706
SPADES KING HEARTS EIGHT,0.6478,0.1196,0.2326
SPADES QUEEN HEARTS TWO,0.6678,0.0068,0.3254
SPADES QUEEN DIAMONDS QUEEN,0.296,0.0028,0.7012
SPADES KING DIAMONDS QUEEN,0.238,0.0592,0.7028
SPADES KING HEARTS TWO,0.6608,0.1146,0.2246
SPADES QUEEN HEARTS EIGHT,0.6532,0.0054,0.3414
CLUBS TWO HEARTS TEN,0.7492,0.0394,0.2114
CLUBS TWO HEARTS JACK,0.6636,0.008,0.3284
SPADES SEVEN DIAMONDS NINE,0.6508,0.005,0.3442
SPADES SIX DIAMONDS NINE,0.648,0.008,0.344
SPADES NINE DIAMONDS NINE,0.447,0.0074,0.5456
SPADES EIGHT DIAMONDS NINE,0.6324,0.0062,0.3614
DIAMONDS NINE SPADES THREE,0.6758,0.0084,0.3158
DIAMONDS NINE SPADES TWO,0.6808,0.0072,0.312
DIAMONDS NINE SPADES FIVE,0.6504,0.0084,0.3412
DIAMONDS NINE SPADES FOUR,0.6822,0.0058,0.312
CLUBS NINE DIAMONDS NINE,0.4626,0.008,0.5294
CLUBS EIGHT DIAMONDS NINE,0.6384,0.0042,0.3574
CLUBS SIX DIAMONDS NINE,0.6642,0.007,0.3288
SPADES JACK CLUBS FOUR,0.65,0.0058,0.3442
CLUBS SEVEN DIAMONDS NINE,0.6422,0.0054,0.3524
SPADES TEN CLUBS FOUR,0.7364,0.0358,0.2278
CLUBS FOUR DIAMONDS NINE,0.686,0.008,0.306
CLUBS FIVE DIAMONDS NINE,0.6746,0.0072,0.3182
DIAMONDS NINE CLUBS TWO,0.6868,0.0084,0.3048
CLUBS THREE DIAMONDS NINE,0.6884,0.008,0.3036
DIAMONDS NINE HEARTS EIGHT,0.6444,0.006,0.3496
DIAMONDS NINE HEARTS NINE,0.4462,0.008,0.5458
HEARTS SIX DIAMONDS NINE,0.6536,0.0068,0.3396
HEARTS SEVEN DIAMONDS NINE,0.6452,0.0068,0.348
CLUBS NINE CLUBS EIGHT,0.6038,0.0084,0.3878
DIAMONDS ACE DIAMONDS NINE,0.3914,0.0048,0.6038
HEARTS FOUR DIAMONDS NINE,0.6708,0.006,0.3232
HEARTS FIVE DIAMONDS NINE,0.669,0.0076,0.3234
HEARTS ACE CLUBS TWO,0.4168,0.0056,0.5776
SPADES ACE CLUBS FOUR,0.4314,0.0048,0.5638
DIAMONDS NINE DIAMONDS QUEEN,0.6,0.0076,0.3924
HEARTS TWO DIAMONDS NINE,0.687,0.0078,0.3052
CLUBS TWO HEARTS KING,0.6678,0.1098,0.2224
SPADES KING CLUBS FOUR,0.6674,0.1076,0.225
DIAMONDS KING DIAMONDS NINE,0.6206,0.1126,0.2668
HEARTS THREE DIAMONDS NINE,0.6812,0.0054,0.3134
CLUBS TWO HEARTS QUEEN,0.6594,0.0068,0.3338
SPADES QUEEN CLUBS FOUR,0.6524,0.0072,0.3404
DIAMONDS NINE DIAMONDS JACK,0.5932,0.0064,0.4004
CLUBS EIGHT SPADES NINE,0.6332,0.005,0.3618
CLUBS EIGHT SPADES EIGHT,0.4566,0.0078,0.5356
CLUBS EIGHT SPADES SEVEN,0.627,0.0048,0.3682
CLUBS EIGHT SPADES SIX,0.6386,0.0064,0.355
CLUBS EIGHT SPADES FIVE,0.6588,0.0082,0.333
CLUBS EIGHT SPADES FOUR,0.6736,0.0074,0.319
CLUBS EIGHT SPADES THREE,0.6724,0.0082,0.3194
CLUBS EIGHT SPADES TWO,0.672,0.0106,0.3174
CLUBS FOUR CLUBS JACK,0.6178,0.0068,0.3754
CLUBS TEN CLUBS FOUR,0.7002,0.0396,0.2602
CLUBS FOUR CLUBS QUEEN,0.619,0.006,0.375
CLUBS FOUR CLUBS ACE,0.4062,0.0052,0.5886
CLUBS EIGHT HEARTS JACK,0.6424,0.006,0.3516
CLUBS EIGHT HEARTS TEN,0.7188,0.0276,0.2536
CLUBS EIGHT HEARTS QUEEN,0.6506,0.0062,0.3432
CLUBS EIGHT HEARTS KING,0.6614,0.1166,0.222
CLUBS EIGHT HEARTS ACE,0.4342,0.0044,0.5614
CLUBS NINE SPADES THREE,0.6788,0.008,0.3132
CLUBS NINE SPADES TWO,0.684,0.007,0.309
CLUBS NINE SPADES FIVE,0.6732,0.011,0.3158
CLUBS NINE SPADES FOUR,0.6806,0.0064,0.313
CLUBS NINE SPADES SEVEN,0.6376,0.006,0.3564
CLUBS NINE SPADES SIX,0.6524,0.006,0.3416
CLUBS NINE SPADES NINE,0.4346,0.0062,0.5592
CLUBS TEN HEARTS EIGHT,0.7206,0.0316,0.2478
CLUBS NINE SPADES EIGHT,0.6358,0.007,0.3572
HEARTS EIGHT CLUBS JACK,0.6316,0.0066,0.3618
CLUBS QUEEN HEARTS EIGHT,0.6508,0.0068,0.3424
CLUBS ACE HEARTS EIGHT,0.4188,0.0034,0.5778
DIAMONDS ACE HEARTS TEN,0.2564,0.0198,0.7238
HEARTS FOUR HEARTS TEN,0.6934,0.0324,0.2742
DIAMONDS ACE HEARTS JACK,0.3682,0.005,0.6268
HEARTS FOUR HEARTS JACK,0.6126,0.0066,0.3808
SPADES KING CLUBS FIVE,0.6524,0.1134,0.2342
SPADES QUEEN CLUBS FIVE,0.6594,0.0078,0.3328
SPADES ACE CLUBS FIVE,0.4244,0.0038,0.5718
HEARTS SEVEN DIAMONDS JACK,0.6276,0.0074,0.365
HEARTS SIX DIAMONDS JACK,0.6448,0.0062,0.349
DIAMONDS JACK HEARTS NINE,0.6248,0.0096,0.3656
DIAMONDS JACK HEARTS EIGHT,0.6322,0.0072,0.3606
DIAMONDS KING DIAMONDS JACK,0.2366,0.0892,0.6742
HEARTS THREE DIAMONDS JACK,0.6564,0.0088,0.3348
SPADES ACE SPADES SIX,0.3874,0.003,0.6096
HEARTS ACE SPADES FOUR,0.4324,0.0034,0.5642
DIAMONDS QUEEN DIAMONDS JACK,0.5502,0.0082,0.4416
HEARTS TWO DIAMONDS JACK,0.6572,0.008,0.3348
HEARTS FIVE DIAMONDS JACK,0.642,0.0078,0.3502
SPADES QUEEN SPADES SIX,0.6182,0.0068,0.375
SPADES FOUR HEARTS QUEEN,0.6512,0.0074,0.3414
DIAMONDS ACE DIAMONDS JACK,0.349,0.005,0.646
HEARTS FOUR DIAMONDS JACK,0.6374,0.007,0.3556
SPADES KING SPADES SIX,0.6,0.1152,0.2848
SPADES FOUR HEARTS KING,0.6488,0.1146,0.2366
SPADES TEN SPADES SIX,0.686,0.0312,0.2828
SPADES JACK SPADES SIX,0.6128,0.0068,0.3804
SPADES FOUR DIAMONDS JACK,0.6396,0.0064,0.354
SPADES FIVE DIAMONDS JACK,0.646,0.0074,0.3466
DIAMONDS JACK SPADES TWO,0.6622,0.0086,0.3292
SPADES THREE DIAMONDS JACK,0.6442,0.0056,0.3502
SPADES ACE DIAMONDS THREE,0.4246,0.0052,0.5702
SPADES QUEEN DIAMONDS THREE,0.6594,0.0068,0.3338
CLUBS EIGHT DIAMONDS JACK,0.6446,0.008,0.3474
SPADES KING DIAMONDS THREE,0.6568,0.119,0.2242
CLUBS NINE DIAMONDS JACK,0.6408,0.0078,0.3514
CLUBS SIX DIAMONDS JACK,0.6608,0.0064,0.3328
CLUBS SEVEN DIAMONDS JACK,0.656,0.0042,0.3398
CLUBS FOUR DIAMONDS JACK,0.647,0.009,0.344
CLUBS FIVE DIAMONDS JACK,0.6464,0.0078,0.3458
CLUBS TWO DIAMONDS JACK,0.6614,0.007,0.3316
CLUBS THREE DIAMONDS JACK,0.6576,0.01,0.3324
SPADES TEN CLUBS FIVE,0.7452,0.0362,0.2186
SPADES JACK HEARTS SIX,0.6546,0.0058,0.3396
HEARTS SIX SPADES TEN,0.7266,0.034,0.2394
SPADES JACK CLUBS FIVE,0.6478,0.0058,0.3464
SPADES JACK DIAMONDS THREE,0.6572,0.0074,0.3354
CLUBS SEVEN CLUBS ACE,0.4022,0.0036,0.5942
DIAMONDS THREE SPADES TEN,0.7398,0.0306,0.2296
CLUBS SEVEN CLUBS QUEEN,0.6238,0.006,0.3702
SPADES NINE DIAMONDS JACK,0.6236,0.006,0.3704
CLUBS TEN CLUBS SEVEN,0.683,0.0302,0.2868
DIAMONDS ACE HEARTS ACE,0.137,0.0038,0.8592
HEARTS FOUR HEARTS ACE,0.3982,0.003,0.5988
SPADES EIGHT DIAMONDS JACK,0.6316,0.0052,0.3632
SPADES ACE HEARTS SIX,0.4334,0.0042,0.5624
CLUBS SEVEN CLUBS JACK,0.6296,0.007,0.3634
DIAMONDS ACE HEARTS KING,0.253,0.0098,0.7372
HEARTS FOUR HEARTS KING,0.6084,0.1102,0.2814
SPADES SEVEN DIAMONDS JACK,0.6384,0.0046,0.357
SPADES KING HEARTS SIX,0.6508,0.1198,0.2294
DIAMONDS ACE HEARTS QUEEN,0.373,0.006,0.621
HEARTS FOUR HEARTS QUEEN,0.6024,0.0052,0.3924
SPADES QUEEN HEARTS SIX,0.6448,0.0056,0.3496
SPADES SIX DIAMONDS JACK,0.6422,0.0068,0.351
DIAMONDS THREE CLUBS JACK,0.6574,0.0102,0.3324
CLUBS TEN DIAMONDS THREE,0.7556,0.0364,0.208
DIAMONDS THREE CLUBS QUEEN,0.6718,0.0082,0.32
DIAMONDS THREE CLUBS ACE,0.4128,0.005,0.5822
SPADES FOUR HEARTS JACK,0.6562,0.0052,0.3386
SPADES FOUR HEARTS TEN,0.7352,0.0388,0.226
SPADES FIVE SPADES TWO,0.6018,0.008,0.3902
SPADES FOUR SPADES TWO,0.617,0.0078,0.3752
SPADES THREE SPADES TWO,0.609,0.0076,0.3834
SPADES NINE SPADES TWO,0.6276,0.0076,0.3648
SPADES EIGHT SPADES TWO,0.6386,0.007,0.3544
SPADES SEVEN SPADES TWO,0.6306,0.0066,0.3628
SPADES SIX SPADES TWO,0.6136,0.0068,0.3796
CLUBS THREE DIAMONDS QUEEN,0.6504,0.0086,0.341
CLUBS THREE HEARTS TWO,0.6476,0.0078,0.3446
CLUBS TWO DIAMONDS QUEEN,0.664,0.0082,0.3278
HEARTS TWO CLUBS TWO,0.485,0.01,0.505
HEARTS SEVEN DIAMONDS QUEEN,0.662,0.0074,0.3306
HEARTS SEVEN HEARTS TWO,0.6294,0.0102,0.3604
HEARTS SIX DIAMONDS QUEEN,0.6488,0.0058,0.3454
HEARTS SIX HEARTS TWO,0.6112,0.0082,0.3806
DIAMONDS QUEEN HEARTS NINE,0.6336,0.0054,0.361
HEARTS TWO HEARTS NINE,0.6358,0.0074,0.3568
DIAMONDS QUEEN HEARTS EIGHT,0.639,0.0086,0.3524
HEARTS TWO HEARTS EIGHT,0.634,0.0056,0.3604
CLUBS NINE HEARTS TWO,0.6906,0.006,0.3034
CLUBS NINE DIAMONDS QUEEN,0.636,0.0084,0.3556
CLUBS EIGHT HEARTS TWO,0.6752,0.0068,0.318
CLUBS EIGHT DIAMONDS QUEEN,0.6474,0.0062,0.3464
CLUBS FIVE DIAMONDS QUEEN,0.6308,0.0074,0.3618
CLUBS FIVE HEARTS TWO,0.6528,0.0082,0.339
SPADES EIGHT HEARTS ACE,0.4238,0.0036,0.5726
CLUBS FOUR DIAMONDS QUEEN,0.66,0.008,0.332
CLUBS FOUR HEARTS TWO,0.6494,0.008,0.3426
CLUBS SEVEN DIAMONDS QUEEN,0.6626,0.0038,0.3336
CLUBS SEVEN HEARTS TWO,0.6726,0.0076,0.3198
SPADES EIGHT HEARTS QUEEN,0.6432,0.0054,0.3514
CLUBS SIX DIAMONDS QUEEN,0.6506,0.0078,0.3416
CLUBS SIX HEARTS TWO,0.6642,0.0078,0.328
SPADES EIGHT HEARTS KING,0.654,0.1176,0.2284
HEARTS TWO SPADES SIX,0.6552,0.006,0.3388
SPADES SIX DIAMONDS QUEEN,0.651,0.0052,0.3438
HEARTS FOUR CLUBS QUEEN,0.6478,0.0058,0.3464
DIAMONDS ACE CLUBS QUEEN,0.354,0.0062,0.6398
SPADES SEVEN DIAMONDS QUEEN,0.6682,0.0076,0.3242
SPADES SEVEN HEARTS TWO,0.6706,0.006,0.3234
SPADES EIGHT DIAMONDS QUEEN,0.6458,0.0058,0.3484
SPADES EIGHT HEARTS TWO,0.6676,0.0064,0.326
HEARTS FOUR CLUBS ACE,0.417,0.0046,0.5784
DIAMONDS ACE CLUBS ACE,0.1222,0.0052,0.8726
SPADES NINE DIAMONDS QUEEN,0.6256,0.0072,0.3672
SPADES NINE HEARTS TWO,0.675,0.0072,0.3178
HEARTS TWO SPADES TWO,0.4738,0.0124,0.5138
DIAMONDS QUEEN SPADES TWO,0.6514,0.0064,0.3422
HEARTS TWO SPADES THREE,0.6444,0.0076,0.348
DIAMONDS QUEEN SPADES THREE,0.6486,0.0054,0.346
HEARTS TWO SPADES FOUR,0.653,0.0088,0.3382
SPADES FOUR DIAMONDS QUEEN,0.6554,0.006,0.3386
CLUBS TEN HEARTS FOUR,0.7374,0.0338,0.2288
CLUBS TEN DIAMONDS ACE,0.2458,0.0184,0.7358
HEARTS TWO SPADES FIVE,0.6504,0.0078,0.3418
SPADES FIVE DIAMONDS QUEEN,0.6518,0.0074,0.3408
HEARTS FOUR CLUBS JACK,0.6554,0.005,0.3396
DIAMONDS ACE CLUBS JACK,0.3698,0.0042,0.626
CLUBS FIVE CLUBS QUEEN,0.6218,0.0076,0.3706
CLUBS FIVE CLUBS ACE,0.412,0.0076,0.5804
CLUBS FIVE CLUBS JACK,0.6188,0.0072,0.374
CLUBS TEN CLUBS FIVE,0.716,0.0392,0.2448
SPADES KING CLUBS JACK,0.2444,0.0908,0.6648
SPADES QUEEN CLUBS JACK,0.6016,0.006,0.3924
SPADES ACE CLUBS JACK,0.3828,0.0026,0.6146
SPADES SIX CLUBS QUEEN,0.6638,0.0062,0.33
SPADES EIGHT HEARTS JACK,0.6304,0.0052,0.3644
SPADES SIX CLUBS ACE,0.4186,0.0028,0.5786
SPADES EIGHT HEARTS TEN,0.7218,0.032,0.2462
SPADES SIX CLUBS JACK,0.6628,0.005,0.3322
CLUBS TEN SPADES SIX,0.7302,0.03,0.2398
SPADES TEN CLUBS JACK,0.7034,0.0264,0.2702
SPADES JACK CLUBS JACK,0.3062,0.0054,0.6884
SPADES QUEEN CLUBS SEVEN,0.6544,0.0074,0.3382
SPADES KING CLUBS SEVEN,0.6542,0.1198,0.226
SPADES ACE CLUBS SEVEN,0.415,0.0032,0.5818
SPADES SIX HEARTS TEN,0.7352,0.0314,0.2334
SPADES SIX HEARTS JACK,0.6568,0.0072,0.336
SPADES SIX HEARTS ACE,0.4268,0.004,0.5692
SPADES SIX HEARTS KING,0.6582,0.1088,0.233
SPADES SIX HEARTS QUEEN,0.6514,0.0054,0.3432
CLUBS SEVEN SPADES JACK,0.636,0.008,0.356
CLUBS SEVEN SPADES TEN,0.7238,0.0344,0.2418
CLUBS TEN HEARTS SIX,0.737,0.0312,0.2318
HEARTS SIX CLUBS JACK,0.666,0.0074,0.3266
CLUBS ACE CLUBS JACK,0.3532,0.0028,0.644
HEARTS SIX CLUBS QUEEN,0.6542,0.0052,0.3406
HEARTS SIX CLUBS ACE,0.4226,0.0038,0.5736
CLUBS QUEEN CLUBS JACK,0.572,0.0058,0.4222
DIAMONDS THREE HEARTS ACE,0.4266,0.0044,0.569
DIAMONDS THREE HEARTS QUEEN,0.6626,0.0076,0.3298
DIAMONDS THREE HEARTS KING,0.6578,0.1188,0.2234
CLUBS FIVE HEARTS JACK,0.644,0.0084,0.3476
SPADES TEN DIAMONDS ACE,0.2538,0.0186,0.7276
HEARTS FOUR SPADES TEN,0.7344,0.039,0.2266
CLUBS FIVE HEARTS TEN,0.7274,0.037,0.2356
HEARTS FOUR SPADES JACK,0.6504,0.0066,0.343
SPADES JACK DIAMONDS ACE,0.3762,0.004,0.6198
SPADES ACE HEARTS FOUR,0.4404,0.0026,0.557
SPADES ACE DIAMONDS ACE,0.138,0.0028,0.8592
CLUBS FIVE HEARTS ACE,0.4304,0.005,0.5646
CLUBS FIVE HEARTS KING,0.6608,0.1102,0.229
HEARTS FOUR SPADES QUEEN,0.6496,0.0062,0.3442
SPADES QUEEN DIAMONDS ACE,0.3634,0.0024,0.6342
SPADES FOUR CLUBS JACK,0.6596,0.0076,0.3328
CLUBS FIVE HEARTS QUEEN,0.6628,0.0052,0.332
SPADES KING DIAMONDS ACE,0.2548,0.0112,0.734
SPADES KING HEARTS FOUR,0.65,0.1162,0.2338
CLUBS TEN SPADES FOUR,0.7396,0.0384,0.222
DIAMONDS ACE DIAMONDS QUEEN,0.3572,0.0056,0.6372
DIAMONDS ACE HEARTS TWO,0.414,0.0054,0.5806
HEARTS FOUR DIAMONDS QUEEN,0.6448,0.006,0.3492
HEARTS FOUR HEARTS TWO,0.62,0.006,0.374
DIAMONDS THREE HEARTS TEN,0.741,0.04,0.219
HEARTS FIVE DIAMONDS QUEEN,0.6504,0.0068,0.3428
HEARTS FIVE HEARTS TWO,0.6032,0.0078,0.389
DIAMONDS THREE HEARTS JACK,0.6692,0.007,0.3238
SPADES FOUR CLUBS QUEEN,0.6706,0.0068,0.3226
HEARTS TWO DIAMONDS QUEEN,0.6556,0.006,0.3384
DIAMONDS KING DIAMONDS QUEEN,0.2334,0.0612,0.7054
DIAMONDS KING HEARTS TWO,0.6544,0.1154,0.2302
HEARTS THREE DIAMONDS QUEEN,0.6568,0.0058,0.3374
HEARTS THREE HEARTS TWO,0.609,0.0078,0.3832
SPADES FOUR CLUBS ACE,0.4114,0.0052,0.5834
HEARTS TWO CLUBS ACE,0.4238,0.0062,0.57
DIAMONDS QUEEN CLUBS ACE,0.3714,0.0056,0.623
HEARTS TWO CLUBS QUEEN,0.6736,0.0084,0.318
DIAMONDS QUEEN CLUBS QUEEN,0.294,0.0056,0.7004
SPADES EIGHT SPADES FIVE,0.5964,0.0096,0.394
CLUBS TEN HEARTS TWO,0.7442,0.0354,0.2204
CLUBS TEN DIAMONDS QUEEN,0.73,0.0284,0.2416
SPADES NINE SPADES FIVE,0.6096,0.0078,0.3826
HEARTS TWO CLUBS JACK,0.6656,0.006,0.3284
DIAMONDS QUEEN CLUBS JACK,0.5992,0.0076,0.3932
SPADES SIX SPADES FIVE,0.5822,0.0066,0.4112
SPADES SEVEN SPADES FIVE,0.5964,0.0076,0.396
DIAMONDS FIVE CLUBS QUEEN,0.661,0.0102,0.3288
SPADES EIGHT CLUBS ACE,0.4218,0.0034,0.5748
DIAMONDS FIVE CLUBS ACE,0.4214,0.0062,0.5724
SPADES EIGHT CLUBS QUEEN,0.6592,0.005,0.3358
SPADES EIGHT CLUBS JACK,0.6404,0.0082,0.3514
CLUBS TEN SPADES EIGHT,0.7332,0.032,0.2348
CLUBS TEN DIAMONDS FIVE,0.7448,0.0416,0.2136
DIAMONDS FIVE CLUBS JACK,0.6698,0.005,0.3252
SPADES ACE CLUBS NINE,0.418,0.0048,0.5772
CLUBS NINE SPADES QUEEN,0.638,0.008,0.354
CLUBS NINE SPADES KING,0.6518,0.1264,0.2218
HEARTS SIX HEARTS KING,0.6016,0.1088,0.2896
DIAMONDS KING SPADES SEVEN,0.6508,0.1202,0.229
HEARTS THREE SPADES SEVEN,0.6648,0.007,0.3282
SPADES KING DIAMONDS SEVEN,0.6506,0.1166,0.2328
HEARTS SIX HEARTS QUEEN,0.6102,0.0084,0.3814
SPADES QUEEN DIAMONDS SEVEN,0.6534,0.0072,0.3394
HEARTS THREE SPADES SIX,0.6468,0.0074,0.3458
DIAMONDS KING SPADES SIX,0.6386,0.1218,0.2396
SPADES NINE DIAMONDS KING,0.648,0.1192,0.2328
SPADES NINE HEARTS THREE,0.6726,0.0078,0.3196
HEARTS SIX HEARTS ACE,0.3892,0.0028,0.608
DIAMONDS KING SPADES EIGHT,0.6446,0.123,0.2324
SPADES EIGHT HEARTS THREE,0.6812,0.0062,0.3126
SPADES ACE DIAMONDS SEVEN,0.4144,0.0034,0.5822
CLUBS NINE HEARTS THREE,0.6654,0.0078,0.3268
CLUBS NINE DIAMONDS KING,0.6492,0.116,0.2348
CLUBS EIGHT HEARTS THREE,0.669,0.0056,0.3254
CLUBS EIGHT DIAMONDS KING,0.6528,0.118,0.2292
HEARTS THREE SPADES THREE,0.4694,0.0104,0.5202
DIAMONDS KING SPADES THREE,0.6458,0.1172,0.237
HEARTS THREE SPADES TWO,0.6642,0.0074,0.3284
DIAMONDS KING SPADES TWO,0.6436,0.1216,0.2348
HEARTS THREE SPADES FIVE,0.6236,0.0074,0.369
DIAMONDS KING SPADES FIVE,0.6432,0.1168,0.24
HEARTS THREE SPADES FOUR,0.6284,0.0072,0.3644
DIAMONDS KING SPADES FOUR,0.6334,0.1084,0.2582
DIAMONDS KING CLUBS TWO,0.6576,0.1254,0.217
HEARTS THREE CLUBS TWO,0.648,0.009,0.343
DIAMONDS KING CLUBS THREE,0.6598,0.1126,0.2276
