opposingHand,winningChance,drawChance,lostChance
DIAMONDS THREE DIAMONDS NINE
DIAMONDS QUEEN HEARTS TEN,0.3414,0.0128,0.6458
DIAMONDS TEN SPADES TWO,0.4098,0.028,0.5622
SPADES KING SPADES FIVE,0.3892,0.0092,0.6016
SPADES NINE CLUBS FOUR,0.2646,0.4882,0.2472
HEARTS SIX DIAMONDS QUEEN,0.386,0.0136,0.6004
SPADES NINE DIAMONDS JACK,0.2636,0.0576,0.6788
CLUBS ACE DIAMONDS SEVEN,0.3888,0.0052,0.606
SPADES EIGHT CLUBS FIVE,0.5744,0.0438,0.3818
CLUBS FOUR HEARTS QUEEN,0.4048,0.0144,0.5808
DIAMONDS TWO HEARTS SIX,0.6126,0.0444,0.343
HEARTS SIX SPADES TEN,0.3794,0.025,0.5956
SPADES ACE SPADES TWO,0.3898,0.0048,0.6054
CLUBS TWO DIAMONDS SIX,0.616,0.044,0.34
SPADES FIVE DIAMONDS EIGHT,0.5692,0.0408,0.39
SPADES FIVE HEARTS JACK,0.3942,0.0194,0.5864
CLUBS NINE DIAMONDS SEVEN,0.2582,0.2734,0.4684
HEARTS FOUR HEARTS JACK,0.3728,0.0158,0.6114
CLUBS KING CLUBS QUEEN,0.3406,0.007,0.6524
SPADES TEN CLUBS THREE,0.2708,0.0754,0.6538
CLUBS NINE CLUBS ACE,0.261,0.0194,0.7196
SPADES JACK SPADES THREE,0.271,0.0538,0.6752
CLUBS EIGHT SPADES SEVEN,0.5426,0.0414,0.416
CLUBS THREE HEARTS KING,0.288,0.0326,0.6794
DIAMONDS KING CLUBS TWO,0.4082,0.011,0.5808
CLUBS NINE HEARTS JACK,0.2694,0.0584,0.6722
HEARTS FIVE SPADES FOUR,0.5728,0.036,0.3912
CLUBS TEN HEARTS TEN,0.1792,0.0386,0.7822
HEARTS ACE SPADES TWO,0.4196,0.0066,0.5738
CLUBS TWO DIAMONDS FIVE,0.6002,0.0494,0.3504
HEARTS TWO HEARTS QUEEN,0.4018,0.014,0.5842
DIAMONDS TWO HEARTS NINE,0.2898,0.5032,0.207
SPADES JACK SPADES TWO,0.399,0.0216,0.5794
CLUBS JACK DIAMONDS QUEEN,0.3464,0.0128,0.6408
CLUBS FIVE HEARTS KING,0.4026,0.007,0.5904
HEARTS SEVEN HEARTS FOUR,0.5282,0.0408,0.431
HEARTS TWO SPADES SEVEN,0.637,0.0358,0.3272
HEARTS SIX HEARTS JACK,0.372,0.0164,0.6116
SPADES SEVEN SPADES THREE,0.6316,0.0932,0.2752
CLUBS JACK CLUBS SIX,0.3832,0.0178,0.599
HEARTS FIVE DIAMONDS EIGHT,0.559,0.0444,0.3966
CLUBS JACK DIAMONDS EIGHT,0.3674,0.016,0.6166
HEARTS ACE DIAMONDS EIGHT,0.388,0.0042,0.6078
CLUBS TEN SPADES TEN,0.192,0.0364,0.7716
CLUBS NINE CLUBS FIVE,0.2466,0.3952,0.3582
SPADES KING CLUBS TWO,0.43,0.0094,0.5606
HEARTS FOUR CLUBS SIX,0.5704,0.0426,0.387
CLUBS JACK DIAMONDS FOUR,0.3912,0.0158,0.593
DIAMONDS ACE CLUBS TWO,0.4028,0.006,0.5912
DIAMONDS FOUR SPADES TEN,0.3834,0.0264,0.5902
HEARTS SIX CLUBS SIX,0.3024,0.0802,0.6174
HEARTS SEVEN HEARTS NINE,0.2532,0.2768,0.47
HEARTS SIX HEARTS QUEEN,0.3884,0.0078,0.6038
CLUBS EIGHT HEARTS QUEEN,0.3864,0.0122,0.6014
CLUBS NINE HEARTS NINE,0.1304,0.0668,0.8028
CLUBS TWO CLUBS QUEEN,0.3988,0.0084,0.5928
SPADES FIVE CLUBS ACE,0.3872,0.0064,0.6064
SPADES NINE CLUBS TWO,0.3094,0.4932,0.1974
CLUBS SEVEN DIAMONDS TEN,0.3724,0.0268,0.6008
SPADES THREE DIAMONDS FIVE,0.6352,0.1052,0.2596
CLUBS TEN SPADES EIGHT,0.3632,0.0206,0.6162
HEARTS SEVEN HEARTS TWO,0.5816,0.0464,0.372
DIAMONDS FOUR DIAMONDS ACE,0.3382,0.0056,0.6562
HEARTS EIGHT SPADES SIX,0.5638,0.0362,0.4
CLUBS THREE SPADES THREE,0.3338,0.066,0.6002
HEARTS SEVEN HEARTS THREE,0.622,0.0954,0.2826
CLUBS SIX HEARTS NINE,0.2708,0.348,0.3812
SPADES NINE SPADES THREE,0.0638,0.8666,0.0696
HEARTS KING CLUBS KING,0.1776,0.0154,0.807
SPADES QUEEN SPADES THREE,0.2752,0.0376,0.6872
CLUBS SIX DIAMONDS EIGHT,0.543,0.0436,0.4134
CLUBS JACK CLUBS THREE,0.271,0.0538,0.6752
CLUBS THREE DIAMONDS EIGHT,0.6816,0.0998,0.2186
SPADES ACE CLUBS EIGHT,0.3886,0.0048,0.6066
SPADES FOUR CLUBS KING,0.3982,0.0096,0.5922
SPADES ACE HEARTS NINE,0.2726,0.0222,0.7052
CLUBS NINE DIAMONDS EIGHT,0.2464,0.2186,0.535
DIAMONDS JACK DIAMONDS TEN,0.2762,0.0124,0.7114
CLUBS TEN SPADES SIX,0.3874,0.0278,0.5848
HEARTS SEVEN CLUBS FIVE,0.5718,0.0398,0.3884
HEARTS KING HEARTS JACK,0.3374,0.006,0.6566
CLUBS NINE CLUBS KING,0.261,0.037,0.702
HEARTS FIVE SPADES TEN,0.3956,0.0238,0.5806
DIAMONDS FOUR SPADES QUEEN,0.3978,0.0138,0.5884
SPADES SEVEN DIAMONDS TEN,0.3612,0.0258,0.613
CLUBS TEN DIAMONDS KING,0.3446,0.0064,0.649
SPADES EIGHT SPADES TWO,0.5852,0.044,0.3708
DIAMONDS TWO SPADES QUEEN,0.4348,0.0124,0.5528
SPADES NINE HEARTS ACE,0.2738,0.0242,0.702
SPADES NINE HEARTS TEN,0.2718,0.0786,0.6496
HEARTS JACK DIAMONDS SEVEN,0.3838,0.0178,0.5984
DIAMONDS ACE DIAMONDS FIVE,0.3212,0.0058,0.673
DIAMONDS FOUR HEARTS SEVEN,0.5708,0.0446,0.3846
SPADES QUEEN SPADES FOUR,0.3916,0.0128,0.5956
DIAMONDS ACE DIAMONDS TEN,0.305,0.0052,0.6898
HEARTS KING DIAMONDS EIGHT,0.3928,0.0104,0.5968
DIAMONDS JACK HEARTS KING,0.3468,0.0076,0.6456
SPADES KING DIAMONDS KING,0.1642,0.0124,0.8234
SPADES QUEEN DIAMONDS SIX,0.4006,0.01,0.5894
DIAMONDS SEVEN CLUBS KING,0.3916,0.0074,0.601
SPADES QUEEN DIAMONDS JACK,0.3416,0.0102,0.6482
HEARTS FIVE SPADES EIGHT,0.567,0.0386,0.3944
SPADES SIX SPADES TWO,0.586,0.0434,0.3706
CLUBS NINE HEARTS TWO,0.306,0.4892,0.2048
HEARTS SIX CLUBS FIVE,0.5566,0.0406,0.4028
SPADES JACK HEARTS KING,0.358,0.005,0.637
HEARTS TWO CLUBS KING,0.428,0.007,0.565
HEARTS FOUR DIAMONDS JACK,0.3916,0.0186,0.5898
HEARTS SEVEN SPADES FIVE,0.5694,0.0426,0.388
DIAMONDS EIGHT HEARTS NINE,0.2382,0.2212,0.5406
HEARTS FOUR DIAMONDS SEVEN,0.5672,0.0452,0.3876
SPADES JACK HEARTS QUEEN,0.3568,0.008,0.6352
CLUBS SEVEN DIAMONDS FIVE,0.5608,0.0432,0.396
SPADES NINE DIAMONDS FIVE,0.2492,0.4282,0.3226
CLUBS ACE CLUBS QUEEN,0.3558,0.0066,0.6376
SPADES NINE HEARTS THREE,0.073,0.9058,0.0212
CLUBS SIX CLUBS ACE,0.3848,0.0052,0.61
CLUBS EIGHT SPADES TWO,0.6156,0.0468,0.3376
SPADES ACE HEARTS EIGHT,0.39,0.0038,0.6062
SPADES FOUR DIAMONDS TEN,0.387,0.03,0.583
DIAMONDS TWO CLUBS FIVE,0.587,0.0484,0.3646
SPADES QUEEN HEARTS FIVE,0.3986,0.013,0.5884
SPADES QUEEN DIAMONDS TEN,0.3366,0.0102,0.6532
CLUBS NINE SPADES TWO,0.3114,0.4924,0.1962
SPADES JACK CLUBS FOUR,0.3808,0.0164,0.6028
HEARTS NINE DIAMONDS FIVE,0.2502,0.4302,0.3196
HEARTS FIVE DIAMONDS QUEEN,0.3796,0.0122,0.6082
HEARTS THREE HEARTS TWO,0.6074,0.0966,0.296
SPADES SIX DIAMONDS QUEEN,0.3732,0.0138,0.613
SPADES ACE CLUBS QUEEN,0.3782,0.0036,0.6182
CLUBS SIX CLUBS FIVE,0.5168,0.0374,0.4458
HEARTS TWO DIAMONDS TEN,0.4082,0.0272,0.5646
SPADES KING CLUBS FIVE,0.3944,0.0078,0.5978
SPADES NINE CLUBS THREE,0.0752,0.9044,0.0204
HEARTS FIVE CLUBS SEVEN,0.5648,0.0404,0.3948
SPADES QUEEN DIAMONDS FIVE,0.3832,0.0154,0.6014
HEARTS FOUR SPADES FIVE,0.566,0.0446,0.3894
HEARTS FIVE HEARTS FOUR,0.538,0.04,0.422
HEARTS THREE SPADES TWO,0.6614,0.1012,0.2374
HEARTS FOUR DIAMONDS QUEEN,0.3844,0.0116,0.604
SPADES QUEEN DIAMONDS ACE,0.3598,0.0048,0.6354
SPADES KING SPADES TWO,0.4042,0.0092,0.5866
HEARTS ACE DIAMONDS FIVE,0.3888,0.0048,0.6064
DIAMONDS QUEEN CLUBS KING,0.3496,0.0088,0.6416
CLUBS TEN SPADES QUEEN,0.358,0.0078,0.6342
SPADES SIX DIAMONDS SEVEN,0.542,0.0424,0.4156
CLUBS SEVEN SPADES THREE,0.6652,0.1026,0.2322
SPADES NINE CLUBS KING,0.2758,0.0318,0.6924
HEARTS JACK CLUBS QUEEN,0.3616,0.0082,0.6302
CLUBS TEN HEARTS QUEEN,0.3498,0.0086,0.6416
HEARTS SIX SPADES TWO,0.6136,0.0452,0.3412
SPADES KING SPADES SEVEN,0.3806,0.0072,0.6122
CLUBS NINE CLUBS SEVEN,0.2472,0.2748,0.478
HEARTS SEVEN DIAMONDS FIVE,0.561,0.0374,0.4016
SPADES TEN DIAMONDS QUEEN,0.3368,0.014,0.6492
HEARTS EIGHT CLUBS KING,0.3898,0.0072,0.603
CLUBS JACK CLUBS KING,0.3454,0.0074,0.6472
HEARTS EIGHT CLUBS EIGHT,0.3008,0.0536,0.6456
SPADES NINE SPADES SEVEN,0.2472,0.2698,0.483
CLUBS FIVE DIAMONDS TEN,0.388,0.0248,0.5872
SPADES KING DIAMONDS QUEEN,0.3536,0.0094,0.637
CLUBS SIX DIAMONDS FIVE,0.568,0.041,0.391
HEARTS EIGHT DIAMONDS SEVEN,0.5342,0.0452,0.4206
SPADES ACE HEARTS KING,0.3786,0.005,0.6164
DIAMONDS TWO CLUBS NINE,0.2902,0.5,0.2098
DIAMONDS TWO HEARTS FIVE,0.6062,0.0428,0.351
SPADES ACE HEARTS TEN,0.339,0.0048,0.6562
CLUBS SIX SPADES FOUR,0.5738,0.0436,0.3826
CLUBS SEVEN HEARTS TEN,0.3898,0.0218,0.5884
CLUBS FIVE CLUBS ACE,0.358,0.0046,0.6374
SPADES EIGHT SPADES FIVE,0.5378,0.038,0.4242
CLUBS NINE SPADES EIGHT,0.2686,0.2124,0.519
SPADES SIX SPADES FIVE,0.5238,0.0384,0.4378
HEARTS SEVEN SPADES FOUR,0.5852,0.0464,0.3684
HEARTS SIX SPADES JACK,0.4082,0.0186,0.5732
DIAMONDS FOUR CLUBS SEVEN,0.571,0.0404,0.3886
CLUBS FIVE DIAMONDS SIX,0.559,0.0434,0.3976
SPADES JACK DIAMONDS QUEEN,0.342,0.009,0.649
SPADES ACE DIAMONDS KING,0.3566,0.0062,0.6372
HEARTS SIX CLUBS EIGHT,0.5652,0.0344,0.4004
DIAMONDS FOUR SPADES THREE,0.6372,0.109,0.2538
HEARTS TWO DIAMONDS SEVEN,0.6094,0.0464,0.3442
CLUBS KING DIAMONDS SIX,0.3938,0.008,0.5982
DIAMONDS TEN CLUBS ACE,0.3382,0.0048,0.657
CLUBS FIVE HEARTS NINE,0.257,0.4282,0.3148
HEARTS TWO SPADES THREE,0.6608,0.0962,0.243
SPADES TWO CLUBS QUEEN,0.4328,0.0146,0.5526
SPADES KING DIAMONDS FIVE,0.386,0.0078,0.6062
CLUBS THREE HEARTS TEN,0.2778,0.0766,0.6456
HEARTS FOUR CLUBS TWO,0.5972,0.045,0.3578
HEARTS EIGHT SPADES TWO,0.634,0.0374,0.3286
SPADES JACK SPADES SIX,0.3876,0.02,0.5924
SPADES TEN HEARTS KING,0.3582,0.0068,0.635
HEARTS SEVEN SPADES SEVEN,0.293,0.0662,0.6408
CLUBS EIGHT SPADES THREE,0.6738,0.106,0.2202
CLUBS NINE DIAMONDS KING,0.2652,0.0396,0.6952
DIAMONDS FOUR DIAMONDS FIVE,0.5456,0.047,0.4074
HEARTS ACE DIAMONDS SIX,0.3928,0.0034,0.6038
CLUBS JACK CLUBS FOUR,0.3824,0.0188,0.5988
HEARTS FIVE SPADES NINE,0.2512,0.4234,0.3254
CLUBS THREE SPADES FIVE,0.6324,0.1042,0.2634
CLUBS JACK CLUBS TWO,0.405,0.0176,0.5774
DIAMONDS ACE SPADES SIX,0.3994,0.0054,0.5952
SPADES SEVEN CLUBS ACE,0.4,0.0038,0.5962
CLUBS SIX HEARTS KING,0.392,0.008,0.6
CLUBS EIGHT CLUBS QUEEN,0.3746,0.0118,0.6136
HEARTS FIVE CLUBS SIX,0.5428,0.0436,0.4136
DIAMONDS FOUR HEARTS NINE,0.2544,0.5014,0.2442
SPADES ACE DIAMONDS TEN,0.3558,0.0046,0.6396
HEARTS EIGHT DIAMONDS KING,0.3896,0.01,0.6004
CLUBS THREE CLUBS KING,0.2692,0.0294,0.7014
HEARTS FOUR DIAMONDS FIVE,0.545,0.0422,0.4128
CLUBS TEN HEARTS KING,0.3668,0.0068,0.6264
SPADES ACE SPADES QUEEN,0.3342,0.0054,0.6604
CLUBS EIGHT DIAMONDS JACK,0.3684,0.0178,0.6138
SPADES QUEEN SPADES TWO,0.3972,0.012,0.5908
DIAMONDS TWO DIAMONDS SIX,0.6108,0.0404,0.3488
DIAMONDS FOUR CLUBS TEN,0.3952,0.0274,0.5774
HEARTS QUEEN DIAMONDS FIVE,0.3874,0.015,0.5976
CLUBS FOUR DIAMONDS SEVEN,0.5692,0.0384,0.3924
CLUBS SEVEN HEARTS NINE,0.2664,0.2736,0.46
SPADES KING DIAMONDS TEN,0.3474,0.0076,0.645
SPADES THREE HEARTS TEN,0.2832,0.0772,0.6396
SPADES NINE CLUBS QUEEN,0.2708,0.0458,0.6834
HEARTS FIVE HEARTS QUEEN,0.3756,0.011,0.6134
DIAMONDS QUEEN DIAMONDS TEN,0.3,0.0108,0.6892
CLUBS TEN HEARTS FOUR,0.3974,0.0272,0.5754
SPADES ACE SPADES KING,0.3448,0.0062,0.649
SPADES SIX SPADES FOUR,0.5338,0.0416,0.4246
SPADES JACK DIAMONDS SIX,0.3862,0.0174,0.5964
CLUBS JACK CLUBS TEN,0.313,0.016,0.671
CLUBS THREE DIAMONDS QUEEN,0.261,0.0446,0.6944
HEARTS TEN CLUBS QUEEN,0.3584,0.0078,0.6338
CLUBS JACK SPADES THREE,0.2926,0.0508,0.6566
HEARTS EIGHT CLUBS TWO,0.6316,0.0424,0.326
DIAMONDS ACE SPADES THREE,0.2654,0.02,0.7146
CLUBS THREE CLUBS TWO,0.6144,0.1094,0.2762
CLUBS TEN DIAMONDS EIGHT,0.36,0.0232,0.6168
CLUBS THREE DIAMONDS JACK,0.279,0.0556,0.6654
SPADES EIGHT DIAMONDS TEN,0.3572,0.0274,0.6154
DIAMONDS FOUR SPADES SIX,0.5492,0.042,0.4088
CLUBS THREE SPADES TWO,0.651,0.1072,0.2418
CLUBS TEN CLUBS KING,0.3502,0.0072,0.6426
SPADES QUEEN CLUBS EIGHT,0.3966,0.0074,0.596
CLUBS FIVE CLUBS TWO,0.5634,0.0434,0.3932
HEARTS QUEEN HEARTS NINE,0.2502,0.0428,0.707
HEARTS SIX CLUBS TWO,0.6122,0.0454,0.3424
SPADES TEN HEARTS FOUR,0.3938,0.025,0.5812
DIAMONDS TEN HEARTS TEN,0.1706,0.039,0.7904
DIAMONDS FOUR DIAMONDS EIGHT,0.5742,0.0442,0.3816
SPADES ACE HEARTS JACK,0.3532,0.0022,0.6446
SPADES KING DIAMONDS ACE,0.3638,0.0038,0.6324
CLUBS JACK HEARTS TEN,0.327,0.0166,0.6564
SPADES SEVEN CLUBS TWO,0.636,0.0424,0.3216
HEARTS THREE CLUBS FIVE,0.6358,0.102,0.2622
HEARTS THREE DIAMONDS SIX,0.642,0.0964,0.2616
SPADES KING SPADES FOUR,0.3764,0.008,0.6156
DIAMONDS TWO SPADES EIGHT,0.623,0.042,0.335
CLUBS FOUR SPADES SIX,0.5776,0.0396,0.3828
CLUBS JACK SPADES NINE,0.281,0.053,0.666
CLUBS EIGHT DIAMONDS KING,0.3852,0.0102,0.6046
HEARTS KING HEARTS QUEEN,0.3374,0.0064,0.6562
SPADES EIGHT CLUBS TWO,0.63,0.0452,0.3248
CLUBS TWO DIAMONDS JACK,0.4056,0.0192,0.5752
SPADES ACE HEARTS ACE,0.1656,0.0042,0.8302
SPADES TEN DIAMONDS SIX,0.377,0.0332,0.5898
SPADES JACK HEARTS NINE,0.2742,0.0516,0.6742
DIAMONDS SEVEN CLUBS QUEEN,0.3902,0.0122,0.5976
SPADES TEN HEARTS TWO,0.4366,0.0238,0.5396
CLUBS EIGHT CLUBS THREE,0.6322,0.0974,0.2704
CLUBS FIVE HEARTS TWO,0.6048,0.0426,0.3526
DIAMONDS SEVEN DIAMONDS FIVE,0.5444,0.0438,0.4118
DIAMONDS TWO DIAMONDS FIVE,0.585,0.0476,0.3674
SPADES FOUR HEARTS QUEEN,0.4126,0.0136,0.5738
CLUBS NINE HEARTS QUEEN,0.2732,0.0476,0.6792
CLUBS SIX CLUBS FOUR,0.528,0.04,0.432
HEARTS SIX DIAMONDS SEVEN,0.5416,0.043,0.4154
SPADES NINE HEARTS JACK,0.268,0.0598,0.6722
SPADES ACE SPADES JACK,0.3438,0.0048,0.6514
SPADES FOUR HEARTS TEN,0.3868,0.0304,0.5828
HEARTS SEVEN DIAMONDS QUEEN,0.3932,0.0152,0.5916
SPADES JACK HEARTS TEN,0.3412,0.0114,0.6474
SPADES THREE SPADES TWO,0.6244,0.0936,0.282
SPADES ACE CLUBS KING,0.3646,0.005,0.6304
SPADES THREE HEARTS QUEEN,0.2912,0.0396,0.6692
HEARTS TWO DIAMONDS FIVE,0.5838,0.05,0.3662
CLUBS EIGHT CLUBS SEVEN,0.5182,0.041,0.4408
HEARTS SIX SPADES THREE,0.6658,0.0932,0.241
HEARTS EIGHT CLUBS SEVEN,0.5558,0.0358,0.4084
SPADES FIVE CLUBS QUEEN,0.3968,0.0154,0.5878
DIAMONDS TEN DIAMONDS SIX,0.3388,0.0244,0.6368
DIAMONDS FOUR CLUBS ACE,0.3874,0.0038,0.6088
CLUBS TWO DIAMONDS QUEEN,0.4158,0.0152,0.569
CLUBS EIGHT DIAMONDS ACE,0.3788,0.0036,0.6176
SPADES ACE CLUBS SEVEN,0.402,0.0052,0.5928
HEARTS FIVE DIAMONDS ACE,0.3726,0.0056,0.6218
CLUBS THREE DIAMONDS SEVEN,0.6662,0.0982,0.2356
DIAMONDS ACE HEARTS ACE,0.1548,0.0032,0.842
SPADES NINE HEARTS TWO,0.308,0.4812,0.2108
CLUBS JACK DIAMONDS SIX,0.4026,0.0144,0.583
DIAMONDS FOUR HEARTS KING,0.4064,0.008,0.5856
SPADES ACE SPADES NINE,0.259,0.0234,0.7176
HEARTS FIVE HEARTS NINE,0.253,0.4006,0.3464
SPADES KING DIAMONDS JACK,0.3556,0.0068,0.6376
CLUBS TEN SPADES THREE,0.2782,0.07,0.6518
HEARTS EIGHT DIAMONDS ACE,0.381,0.0066,0.6124
CLUBS JACK SPADES SEVEN,0.392,0.0174,0.5906
HEARTS TWO CLUBS THREE,0.6528,0.1094,0.2378
CLUBS EIGHT SPADES NINE,0.2702,0.2104,0.5194
DIAMONDS FOUR CLUBS FOUR,0.3206,0.0808,0.5986
SPADES ACE HEARTS SIX,0.3938,0.0056,0.6006
SPADES KING CLUBS EIGHT,0.3912,0.0086,0.6002
DIAMONDS KING HEARTS NINE,0.2672,0.037,0.6958
CLUBS FOUR HEARTS TEN,0.4054,0.027,0.5676
SPADES KING HEARTS SIX,0.3968,0.0066,0.5966
SPADES EIGHT HEARTS TWO,0.6252,0.0378,0.337
DIAMONDS SIX HEARTS NINE,0.2564,0.35,0.3936
SPADES THREE DIAMONDS SEVEN,0.6646,0.0982,0.2372
HEARTS EIGHT CLUBS SIX,0.5654,0.0386,0.396
SPADES EIGHT CLUBS THREE,0.6702,0.1028,0.227
CLUBS SEVEN HEARTS TWO,0.628,0.0436,0.3284
DIAMONDS ACE CLUBS THREE,0.2562,0.0218,0.722
CLUBS THREE CLUBS QUEEN,0.2638,0.043,0.6932
SPADES ACE HEARTS FIVE,0.3876,0.0044,0.608
SPADES TEN CLUBS QUEEN,0.364,0.0088,0.6272
SPADES SEVEN SPADES SIX,0.5292,0.0366,0.4342
SPADES ACE CLUBS TWO,0.4178,0.0052,0.577
CLUBS TWO CLUBS KING,0.4196,0.0102,0.5702
SPADES JACK SPADES FIVE,0.3734,0.0146,0.612
SPADES FIVE HEARTS ACE,0.3872,0.0058,0.607
SPADES QUEEN HEARTS JACK,0.3546,0.0104,0.635
HEARTS TWO DIAMONDS EIGHT,0.6344,0.034,0.3316
HEARTS FIVE CLUBS FIVE,0.3122,0.0864,0.6014
SPADES TWO HEARTS TEN,0.433,0.0294,0.5376
HEARTS THREE HEARTS ACE,0.2758,0.0198,0.7044
DIAMONDS FOUR CLUBS NINE,0.2544,0.4904,0.2552
HEARTS FOUR HEARTS KING,0.3766,0.008,0.6154
CLUBS FIVE CLUBS KING,0.3758,0.0084,0.6158
DIAMONDS JACK HEARTS NINE,0.2618,0.0642,0.674
SPADES NINE DIAMONDS TEN,0.264,0.0722,0.6638
CLUBS NINE HEARTS TEN,0.2656,0.0724,0.662
SPADES EIGHT HEARTS KING,0.3954,0.0062,0.5984
SPADES FIVE CLUBS TWO,0.5964,0.045,0.3586
CLUBS FOUR HEARTS KING,0.3918,0.0074,0.6008
CLUBS SIX DIAMONDS TEN,0.377,0.0286,0.5944
HEARTS EIGHT HEARTS NINE,0.2522,0.2094,0.5384
HEARTS FOUR SPADES EIGHT,0.5724,0.0376,0.39
DIAMONDS FOUR HEARTS ACE,0.3708,0.0056,0.6236
CLUBS JACK HEARTS THREE,0.2898,0.0536,0.6566
DIAMONDS JACK HEARTS JACK,0.1682,0.0332,0.7986
CLUBS JACK SPADES JACK,0.1762,0.0332,0.7906
CLUBS EIGHT DIAMONDS FIVE,0.5652,0.0442,0.3906
HEARTS SIX DIAMONDS SIX,0.2952,0.0734,0.6314
CLUBS JACK SPADES TWO,0.4344,0.023,0.5426
CLUBS FIVE DIAMONDS JACK,0.3738,0.02,0.6062
DIAMONDS ACE CLUBS ACE,0.1544,0.0038,0.8418
SPADES NINE DIAMONDS SEVEN,0.2506,0.2832,0.4662
SPADES JACK HEARTS TWO,0.4242,0.0234,0.5524
HEARTS SEVEN HEARTS ACE,0.3786,0.0064,0.615
HEARTS SEVEN HEARTS KING,0.3826,0.01,0.6074
SPADES KING HEARTS JACK,0.368,0.0066,0.6254
SPADES TWO DIAMONDS FIVE,0.6014,0.0526,0.346
CLUBS FOUR CLUBS QUEEN,0.3826,0.0114,0.606
DIAMONDS TWO SPADES TWO,0.4098,0.0868,0.5034
CLUBS TEN DIAMONDS TWO,0.4234,0.0274,0.5492
SPADES TEN SPADES THREE,0.2626,0.0682,0.6692
CLUBS JACK CLUBS FIVE,0.3758,0.0212,0.603
CLUBS SIX DIAMONDS KING,0.3812,0.009,0.6098
SPADES KING HEARTS KING,0.1778,0.0124,0.8098
CLUBS FOUR DIAMONDS JACK,0.398,0.0188,0.5832
DIAMONDS FOUR CLUBS THREE,0.6328,0.0966,0.2706
SPADES ACE CLUBS NINE,0.269,0.025,0.706
CLUBS NINE SPADES TEN,0.262,0.0672,0.6708
SPADES TEN HEARTS ACE,0.3762,0.004,0.6198
HEARTS FOUR DIAMONDS SIX,0.565,0.0446,0.3904
HEARTS FIVE CLUBS KING,0.4118,0.0078,0.5804
DIAMONDS QUEEN CLUBS QUEEN,0.162,0.0222,0.8158
SPADES QUEEN CLUBS KING,0.3712,0.0054,0.6234
CLUBS NINE DIAMONDS SIX,0.2458,0.3526,0.4016
CLUBS SEVEN DIAMONDS EIGHT,0.5434,0.0378,0.4188
CLUBS SIX CLUBS QUEEN,0.3762,0.0104,0.6134
HEARTS FIVE CLUBS ACE,0.4078,0.0034,0.5888
DIAMONDS KING DIAMONDS JACK,0.3074,0.0084,0.6842
CLUBS FIVE SPADES SIX,0.5642,0.0406,0.3952
HEARTS SEVEN DIAMONDS JACK,0.3812,0.0174,0.6014
DIAMONDS JACK DIAMONDS SEVEN,0.3448,0.0176,0.6376
SPADES THREE DIAMONDS TEN,0.2606,0.0872,0.6522
SPADES EIGHT SPADES THREE,0.6384,0.0996,0.262
CLUBS FIVE SPADES SEVEN,0.562,0.0382,0.3998
SPADES KING DIAMONDS SEVEN,0.393,0.0088,0.5982
DIAMONDS FOUR CLUBS SIX,0.561,0.0428,0.3962
DIAMONDS FOUR HEARTS SIX,0.5506,0.045,0.4044
SPADES FOUR HEARTS ACE,0.4008,0.0066,0.5926
CLUBS FIVE DIAMONDS FIVE,0.3118,0.0824,0.6058
SPADES ACE SPADES FOUR,0.386,0.0056,0.6084
SPADES SIX HEARTS NINE,0.2526,0.3558,0.3916
CLUBS TEN DIAMONDS FIVE,0.3914,0.0256,0.583
SPADES FIVE DIAMONDS QUEEN,0.3926,0.0098,0.5976
DIAMONDS JACK HEARTS TEN,0.3238,0.0128,0.6634
CLUBS NINE CLUBS SIX,0.251,0.3356,0.4134
DIAMONDS TWO SPADES SEVEN,0.6336,0.0422,0.3242
SPADES FIVE DIAMONDS SIX,0.5494,0.0432,0.4074
SPADES TEN SPADES TWO,0.4248,0.0246,0.5506
DIAMONDS TWO HEARTS ACE,0.4138,0.0062,0.58
SPADES SEVEN HEARTS TEN,0.3762,0.0256,0.5982
HEARTS ACE DIAMONDS SEVEN,0.3788,0.0048,0.6164
HEARTS SIX CLUBS ACE,0.3992,0.0038,0.597
SPADES KING DIAMONDS EIGHT,0.4012,0.0074,0.5914
HEARTS EIGHT DIAMONDS TEN,0.3552,0.0218,0.623
HEARTS SEVEN HEARTS JACK,0.3808,0.0164,0.6028
CLUBS THREE DIAMONDS FIVE,0.6268,0.1098,0.2634
HEARTS EIGHT HEARTS FOUR,0.5526,0.0374,0.41
HEARTS TEN DIAMONDS SIX,0.3756,0.025,0.5994
CLUBS JACK HEARTS NINE,0.271,0.0604,0.6686
HEARTS SEVEN DIAMONDS ACE,0.3778,0.0038,0.6184
HEARTS SEVEN HEARTS TEN,0.3578,0.025,0.6172
CLUBS JACK HEARTS SIX,0.3994,0.0156,0.585
DIAMONDS KING HEARTS KING,0.159,0.014,0.827
CLUBS THREE CLUBS ACE,0.2694,0.0196,0.711
CLUBS JACK HEARTS FIVE,0.4014,0.0182,0.5804
DIAMONDS FOUR CLUBS TWO,0.5966,0.052,0.3514
SPADES EIGHT CLUBS FOUR,0.5828,0.0458,0.3714
HEARTS EIGHT DIAMONDS JACK,0.368,0.0162,0.6158
SPADES EIGHT SPADES FOUR,0.546,0.0416,0.4124
SPADES SIX HEARTS KING,0.3728,0.0062,0.621
SPADES QUEEN CLUBS NINE,0.2696,0.0418,0.6886
DIAMONDS QUEEN SPADES THREE,0.2788,0.0414,0.6798
CLUBS TEN CLUBS ACE,0.3476,0.005,0.6474
HEARTS SEVEN CLUBS NINE,0.279,0.273,0.448
HEARTS EIGHT HEARTS FIVE,0.5428,0.0358,0.4214
SPADES SEVEN DIAMONDS FIVE,0.5632,0.046,0.3908
DIAMONDS QUEEN DIAMONDS EIGHT,0.333,0.0124,0.6546
DIAMONDS JACK DIAMONDS SIX,0.341,0.02,0.639
HEARTS QUEEN DIAMONDS EIGHT,0.3736,0.0132,0.6132
CLUBS TWO DIAMONDS SEVEN,0.616,0.0426,0.3414
CLUBS EIGHT HEARTS JACK,0.381,0.014,0.605
SPADES TEN HEARTS TEN,0.188,0.0366,0.7754
DIAMONDS QUEEN DIAMONDS SEVEN,0.3534,0.0114,0.6352
SPADES KING CLUBS THREE,0.2826,0.0356,0.6818
SPADES EIGHT HEARTS NINE,0.269,0.2108,0.5202
HEARTS EIGHT HEARTS TWO,0.5766,0.044,0.3794
CLUBS FOUR HEARTS ACE,0.3894,0.0058,0.6048
DIAMONDS TWO CLUBS THREE,0.655,0.1,0.245
HEARTS FIVE DIAMONDS SIX,0.5542,0.0408,0.405
SPADES KING HEARTS THREE,0.2874,0.032,0.6806
CLUBS JACK CLUBS NINE,0.26,0.0512,0.6888
HEARTS SEVEN SPADES TWO,0.637,0.045,0.318
SPADES JACK SPADES EIGHT,0.3622,0.0182,0.6196
CLUBS JACK SPADES TEN,0.3364,0.014,0.6496
SPADES TEN HEARTS THREE,0.2842,0.0728,0.643
SPADES SIX CLUBS TWO,0.6136,0.0442,0.3422
DIAMONDS TWO DIAMONDS SEVEN,0.6182,0.044,0.3378
SPADES TEN SPADES SIX,0.3604,0.026,0.6136
SPADES EIGHT DIAMONDS QUEEN,0.3712,0.0134,0.6154
CLUBS EIGHT CLUBS ACE,0.3678,0.0034,0.6288
SPADES SIX SPADES THREE,0.613,0.0948,0.2922
CLUBS JACK DIAMONDS FIVE,0.3854,0.019,0.5956
CLUBS SEVEN CLUBS FIVE,0.5298,0.0402,0.43
SPADES QUEEN CLUBS THREE,0.2882,0.0404,0.6714
CLUBS JACK CLUBS ACE,0.3498,0.004,0.6462
HEARTS THREE CLUBS THREE,0.3218,0.0594,0.6188
SPADES JACK CLUBS TWO,0.4232,0.0188,0.558
CLUBS FIVE SPADES THREE,0.6426,0.0982,0.2592
DIAMONDS KING SPADES TWO,0.4234,0.0116,0.565
SPADES JACK HEARTS ACE,0.3774,0.0028,0.6198
CLUBS TEN SPADES NINE,0.271,0.0736,0.6554
CLUBS TEN DIAMONDS JACK,0.3188,0.0158,0.6654
CLUBS SEVEN SPADES NINE,0.2588,0.2722,0.469
SPADES THREE CLUBS ACE,0.277,0.0192,0.7038
SPADES NINE HEARTS NINE,0.1366,0.0594,0.804
SPADES JACK CLUBS EIGHT,0.3732,0.0154,0.6114
SPADES THREE HEARTS JACK,0.289,0.0534,0.6576
CLUBS TEN CLUBS EIGHT,0.3636,0.023,0.6134
DIAMONDS ACE DIAMONDS EIGHT,0.342,0.0054,0.6526
SPADES ACE HEARTS TWO,0.4318,0.0044,0.5638
DIAMONDS ACE CLUBS QUEEN,0.3498,0.006,0.6442
DIAMONDS FOUR SPADES JACK,0.3934,0.0186,0.588
SPADES JACK DIAMONDS ACE,0.3532,0.0064,0.6404
CLUBS NINE HEARTS KING,0.288,0.0338,0.6782
DIAMONDS FOUR HEARTS JACK,0.3956,0.0176,0.5868
HEARTS SIX DIAMONDS EIGHT,0.5552,0.044,0.4008
SPADES TWO HEARTS JACK,0.4204,0.0176,0.562
CLUBS NINE HEARTS FIVE,0.262,0.4248,0.3132
HEARTS THREE HEARTS TEN,0.265,0.0716,0.6634
HEARTS EIGHT SPADES QUEEN,0.3932,0.0124,0.5944
DIAMONDS JACK SPADES TWO,0.4172,0.021,0.5618
SPADES JACK CLUBS SIX,0.408,0.0166,0.5754
SPADES ACE SPADES THREE,0.2632,0.0196,0.7172
CLUBS THREE DIAMONDS KING,0.2682,0.0336,0.6982
DIAMONDS FOUR SPADES KING,0.3962,0.0104,0.5934
SPADES TWO CLUBS ACE,0.4224,0.0064,0.5712
CLUBS TEN CLUBS FOUR,0.3822,0.0232,0.5946
SPADES ACE DIAMONDS EIGHT,0.3856,0.0072,0.6072
SPADES ACE DIAMONDS TWO,0.399,0.0062,0.5948
SPADES NINE CLUBS FIVE,0.2532,0.435,0.3118
CLUBS FOUR DIAMONDS SIX,0.57,0.0454,0.3846
CLUBS TEN HEARTS THREE,0.2758,0.0748,0.6494
SPADES TEN DIAMONDS KING,0.3574,0.0084,0.6342
SPADES JACK CLUBS ACE,0.368,0.0038,0.6282
SPADES THREE CLUBS KING,0.2834,0.0342,0.6824
CLUBS FOUR DIAMONDS ACE,0.378,0.0078,0.6142
HEARTS EIGHT SPADES SEVEN,0.5234,0.0444,0.4322
DIAMONDS KING SPADES THREE,0.2658,0.0314,0.7028
SPADES KING CLUBS ACE,0.3752,0.0052,0.6196
DIAMONDS KING HEARTS ACE,0.334,0.0058,0.6602
DIAMONDS KING HEARTS TEN,0.3524,0.0088,0.6388
HEARTS THREE CLUBS ACE,0.284,0.0178,0.6982
HEARTS EIGHT SPADES JACK,0.3754,0.014,0.6106
DIAMONDS FOUR DIAMONDS JACK,0.3374,0.0202,0.6424
CLUBS TEN CLUBS NINE,0.2508,0.0692,0.68
SPADES KING SPADES SIX,0.382,0.0084,0.6096
DIAMONDS QUEEN HEARTS QUEEN,0.1578,0.021,0.8212
DIAMONDS TWO SPADES NINE,0.2892,0.5032,0.2076
HEARTS SIX DIAMONDS JACK,0.381,0.0174,0.6016
CLUBS JACK HEARTS FOUR,0.3908,0.0158,0.5934
SPADES KING SPADES TEN,0.343,0.0064,0.6506
HEARTS FOUR DIAMONDS TEN,0.3902,0.0254,0.5844
SPADES SIX DIAMONDS FIVE,0.5402,0.0404,0.4194
HEARTS FIVE SPADES SIX,0.5568,0.039,0.4042
SPADES SIX DIAMONDS EIGHT,0.537,0.0438,0.4192
SPADES QUEEN HEARTS QUEEN,0.1806,0.019,0.8004
DIAMONDS FOUR HEARTS THREE,0.6306,0.1048,0.2646
HEARTS SEVEN CLUBS QUEEN,0.3916,0.0116,0.5968
HEARTS THREE SPADES FIVE,0.6196,0.104,0.2764
SPADES EIGHT HEARTS TEN,0.3692,0.0204,0.6104
HEARTS FIVE SPADES SEVEN,0.561,0.0436,0.3954
HEARTS TWO HEARTS ACE,0.3904,0.006,0.6036
CLUBS FOUR DIAMONDS FIVE,0.5668,0.0446,0.3886
DIAMONDS EIGHT CLUBS ACE,0.3836,0.0042,0.6122
CLUBS EIGHT HEARTS NINE,0.2644,0.205,0.5306
SPADES JACK HEARTS FOUR,0.4002,0.0212,0.5786
CLUBS THREE HEARTS ACE,0.2874,0.0204,0.6922
SPADES KING HEARTS TEN,0.3632,0.0068,0.63
HEARTS SIX SPADES FIVE,0.5522,0.0394,0.4084
HEARTS FIVE SPADES THREE,0.6354,0.1046,0.26
SPADES SIX HEARTS ACE,0.4096,0.006,0.5844
SPADES ACE DIAMONDS JACK,0.3582,0.0052,0.6366
DIAMONDS FOUR CLUBS EIGHT,0.5784,0.0458,0.3758
CLUBS JACK HEARTS SEVEN,0.3888,0.0176,0.5936
SPADES TEN CLUBS SEVEN,0.3724,0.0278,0.5998
SPADES SIX CLUBS ACE,0.3954,0.0044,0.6002
DIAMONDS TEN CLUBS KING,0.3536,0.0052,0.6412
DIAMONDS KING DIAMONDS QUEEN,0.3096,0.008,0.6824
SPADES NINE SPADES TWO,0.2892,0.4614,0.2494
DIAMONDS EIGHT DIAMONDS FIVE,0.5652,0.0428,0.392
DIAMONDS ACE HEARTS JACK,0.3566,0.0042,0.6392
CLUBS JACK HEARTS ACE,0.3744,0.0034,0.6222
DIAMONDS TWO SPADES SIX,0.623,0.0424,0.3346
HEARTS FOUR SPADES FOUR,0.3172,0.0834,0.5994
HEARTS SEVEN DIAMONDS TEN,0.366,0.0226,0.6114
HEARTS SIX HEARTS TWO,0.5822,0.0434,0.3744
DIAMONDS FOUR SPADES TWO,0.5976,0.0482,0.3542
SPADES JACK SPADES TEN,0.3216,0.0132,0.6652
CLUBS NINE SPADES JACK,0.2744,0.0526,0.673
CLUBS NINE SPADES FOUR,0.2616,0.4966,0.2418
HEARTS EIGHT SPADES TEN,0.3644,0.0266,0.609
SPADES JACK DIAMONDS JACK,0.1774,0.0306,0.792
SPADES QUEEN CLUBS FOUR,0.4074,0.0122,0.5804
SPADES THREE HEARTS KING,0.2828,0.0356,0.6816
CLUBS TEN CLUBS SIX,0.364,0.0256,0.6104
HEARTS THREE CLUBS FOUR,0.6538,0.099,0.2472
CLUBS JACK DIAMONDS TEN,0.322,0.0194,0.6586
CLUBS TEN HEARTS NINE,0.274,0.071,0.655
SPADES FIVE DIAMONDS JACK,0.3896,0.0204,0.59
HEARTS SIX SPADES NINE,0.263,0.3526,0.3844
HEARTS SEVEN HEARTS FIVE,0.5272,0.0364,0.4364
CLUBS FIVE HEARTS JACK,0.4082,0.018,0.5738
HEARTS FIVE HEARTS ACE,0.363,0.0056,0.6314
SPADES NINE CLUBS SIX,0.2704,0.3468,0.3828
DIAMONDS TWO HEARTS QUEEN,0.429,0.0104,0.5606
SPADES JACK DIAMONDS EIGHT,0.359,0.0192,0.6218
CLUBS FIVE CLUBS FOUR,0.5324,0.0372,0.4304
DIAMONDS EIGHT DIAMONDS SEVEN,0.523,0.04,0.437
DIAMONDS QUEEN DIAMONDS FIVE,0.3328,0.0132,0.654
CLUBS NINE CLUBS THREE,0.0708,0.8656,0.0636
HEARTS EIGHT DIAMONDS QUEEN,0.3912,0.009,0.5998
SPADES FOUR HEARTS NINE,0.2628,0.499,0.2382
DIAMONDS TWO CLUBS KING,0.43,0.008,0.562
HEARTS ACE HEARTS QUEEN,0.3622,0.005,0.6328
HEARTS KING DIAMONDS TEN,0.3496,0.0074,0.643
SPADES KING CLUBS SEVEN,0.4114,0.0078,0.5808
SPADES FOUR DIAMONDS EIGHT,0.578,0.0412,0.3808
HEARTS JACK DIAMONDS FIVE,0.3918,0.0138,0.5944
HEARTS TWO CLUBS ACE,0.4178,0.0048,0.5774
SPADES TEN CLUBS FOUR,0.3838,0.0236,0.5926
CLUBS FIVE DIAMONDS ACE,0.3746,0.006,0.6194
HEARTS KING DIAMONDS SIX,0.3798,0.0102,0.61
DIAMONDS QUEEN SPADES FOUR,0.3902,0.0148,0.595
HEARTS FIVE DIAMONDS SEVEN,0.5602,0.037,0.4028
SPADES THREE DIAMONDS EIGHT,0.6712,0.102,0.2268
CLUBS FIVE DIAMONDS QUEEN,0.3872,0.0154,0.5974
CLUBS SEVEN DIAMONDS KING,0.3778,0.0092,0.613
HEARTS SEVEN CLUBS SEVEN,0.2992,0.0642,0.6366
SPADES JACK DIAMONDS TEN,0.3258,0.0148,0.6594
DIAMONDS TWO HEARTS THREE,0.6344,0.1152,0.2504
DIAMONDS QUEEN HEARTS ACE,0.3482,0.0066,0.6452
SPADES TEN SPADES EIGHT,0.3498,0.02,0.6302
CLUBS SIX DIAMONDS JACK,0.3804,0.0202,0.5994
CLUBS JACK SPADES SIX,0.4118,0.014,0.5742
CLUBS SEVEN DIAMONDS JACK,0.381,0.0192,0.5998
SPADES ACE SPADES SEVEN,0.365,0.006,0.629
DIAMONDS TEN DIAMONDS SEVEN,0.3356,0.026,0.6384
SPADES QUEEN DIAMONDS QUEEN,0.1718,0.023,0.8052
SPADES EIGHT DIAMONDS SIX,0.5454,0.0386,0.416
SPADES KING SPADES THREE,0.2626,0.0278,0.7096
SPADES FOUR DIAMONDS SIX,0.5706,0.0402,0.3892
HEARTS FOUR CLUBS FOUR,0.3238,0.084,0.5922
DIAMONDS FOUR SPADES EIGHT,0.581,0.042,0.377
HEARTS FOUR SPADES TWO,0.605,0.0446,0.3504
CLUBS TEN HEARTS JACK,0.343,0.0126,0.6444
SPADES ACE SPADES SIX,0.3672,0.0048,0.628
HEARTS THREE DIAMONDS FIVE,0.6188,0.1012,0.28
CLUBS NINE HEARTS ACE,0.2628,0.0248,0.7124
SPADES TWO DIAMONDS EIGHT,0.6162,0.0432,0.3406
SPADES JACK SPADES NINE,0.2534,0.058,0.6886
CLUBS TWO HEARTS QUEEN,0.4334,0.0154,0.5512
SPADES KING HEARTS TWO,0.4386,0.008,0.5534
HEARTS KING CLUBS ACE,0.3716,0.0046,0.6238
CLUBS SEVEN CLUBS TWO,0.5814,0.0376,0.381
SPADES TEN SPADES NINE,0.2618,0.0678,0.6704
CLUBS NINE DIAMONDS FIVE,0.2492,0.4364,0.3144
DIAMONDS EIGHT DIAMONDS SIX,0.5548,0.0408,0.4044
DIAMONDS SEVEN DIAMONDS SIX,0.5494,0.0442,0.4064
SPADES QUEEN CLUBS TWO,0.436,0.0136,0.5504
HEARTS THREE DIAMONDS TEN,0.2576,0.08,0.6624
HEARTS EIGHT CLUBS TEN,0.3686,0.026,0.6054
DIAMONDS TWO DIAMONDS JACK,0.3788,0.0206,0.6006
SPADES FIVE HEARTS KING,0.408,0.0052,0.5868
HEARTS TWO SPADES FIVE,0.6036,0.042,0.3544
HEARTS SIX SPADES SIX,0.2978,0.0744,0.6278
DIAMONDS QUEEN SPADES TWO,0.4136,0.0138,0.5726
DIAMONDS SIX DIAMONDS FIVE,0.5418,0.0376,0.4206
CLUBS JACK HEARTS KING,0.363,0.0074,0.6296
HEARTS SIX HEARTS FIVE,0.523,0.043,0.434
CLUBS TWO HEARTS NINE,0.3138,0.4742,0.212
SPADES FOUR HEARTS JACK,0.4036,0.02,0.5764
HEARTS FOUR SPADES THREE,0.6336,0.1014,0.265
DIAMONDS ACE DIAMONDS KING,0.3138,0.006,0.6802
DIAMONDS ACE HEARTS NINE,0.2512,0.028,0.7208
HEARTS FIVE CLUBS FOUR,0.5534,0.046,0.4006
SPADES SIX CLUBS QUEEN,0.4072,0.0122,0.5806
HEARTS FOUR HEARTS NINE,0.2538,0.4588,0.2874
CLUBS SEVEN CLUBS KING,0.3832,0.0082,0.6086
DIAMONDS ACE HEARTS TEN,0.3398,0.0028,0.6574
DIAMONDS JACK DIAMONDS EIGHT,0.3238,0.017,0.6592
HEARTS THREE HEARTS QUEEN,0.2676,0.0416,0.6908
DIAMONDS TWO HEARTS FOUR,0.6032,0.043,0.3538
CLUBS EIGHT HEARTS FOUR,0.6006,0.0426,0.3568
DIAMONDS TWO CLUBS SEVEN,0.6162,0.0454,0.3384
DIAMONDS KING HEARTS JACK,0.3464,0.0082,0.6454
CLUBS EIGHT HEARTS FIVE,0.5726,0.0364,0.391
HEARTS TWO DIAMONDS ACE,0.4032,0.0086,0.5882
DIAMONDS FOUR CLUBS QUEEN,0.3874,0.0128,0.5998
HEARTS SIX CLUBS THREE,0.6428,0.108,0.2492
SPADES QUEEN CLUBS ACE,0.3716,0.0042,0.6242
HEARTS EIGHT DIAMONDS SIX,0.5536,0.0354,0.411
CLUBS FIVE CLUBS QUEEN,0.382,0.0156,0.6024
DIAMONDS FOUR HEARTS TEN,0.3818,0.0274,0.5908
HEARTS TWO DIAMONDS SIX,0.6024,0.0492,0.3484
SPADES QUEEN SPADES SEVEN,0.3696,0.0108,0.6196
SPADES JACK DIAMONDS FIVE,0.3836,0.017,0.5994
HEARTS THREE HEARTS JACK,0.2628,0.0582,0.679
SPADES EIGHT SPADES SEVEN,0.5042,0.0374,0.4584
HEARTS TWO SPADES SIX,0.6118,0.0452,0.343
DIAMONDS KING DIAMONDS SEVEN,0.355,0.007,0.638
CLUBS FOUR HEARTS NINE,0.2614,0.4782,0.2604
SPADES FOUR CLUBS QUEEN,0.3972,0.0106,0.5922
HEARTS TWO DIAMONDS JACK,0.4174,0.0188,0.5638
DIAMONDS TWO DIAMONDS TEN,0.3738,0.0306,0.5956
HEARTS EIGHT CLUBS FOUR,0.5928,0.0394,0.3678
CLUBS SEVEN HEARTS ACE,0.3956,0.0052,0.5992
CLUBS FIVE DIAMONDS KING,0.3886,0.0072,0.6042
SPADES SEVEN HEARTS QUEEN,0.3922,0.0098,0.598
CLUBS SEVEN CLUBS QUEEN,0.3722,0.0118,0.616
DIAMONDS KING CLUBS QUEEN,0.3438,0.0088,0.6474
DIAMONDS FOUR HEARTS QUEEN,0.3948,0.0154,0.5898
DIAMONDS ACE HEARTS KING,0.3502,0.0046,0.6452
HEARTS ACE SPADES THREE,0.2586,0.0198,0.7216
SPADES EIGHT DIAMONDS EIGHT,0.2906,0.065,0.6444
DIAMONDS ACE DIAMONDS JACK,0.3058,0.0062,0.688
HEARTS ACE HEARTS TEN,0.337,0.0048,0.6582
DIAMONDS JACK HEARTS QUEEN,0.3512,0.0082,0.6406
HEARTS ACE CLUBS ACE,0.1702,0.005,0.8248
HEARTS TWO HEARTS KING,0.4116,0.0072,0.5812
HEARTS SEVEN CLUBS SIX,0.5622,0.039,0.3988
SPADES FOUR DIAMONDS SEVEN,0.5686,0.048,0.3834
CLUBS NINE SPADES SEVEN,0.2686,0.2726,0.4588
SPADES QUEEN CLUBS SIX,0.3954,0.0112,0.5934
SPADES NINE SPADES FIVE,0.2502,0.409,0.3408
HEARTS TWO CLUBS TWO,0.4032,0.0932,0.5036
SPADES ACE DIAMONDS FIVE,0.384,0.0064,0.6096
SPADES SIX DIAMONDS JACK,0.3816,0.0192,0.5992
HEARTS THREE SPADES THREE,0.311,0.0582,0.6308
CLUBS TEN SPADES SEVEN,0.3774,0.025,0.5976
HEARTS SEVEN CLUBS KING,0.4024,0.008,0.5896
SPADES QUEEN HEARTS TWO,0.4432,0.0126,0.5442
HEARTS SIX DIAMONDS TEN,0.3736,0.0256,0.6008
CLUBS SIX SPADES EIGHT,0.5488,0.0434,0.4078
CLUBS SEVEN SPADES FIVE,0.5596,0.0388,0.4016
SPADES QUEEN SPADES FIVE,0.369,0.0108,0.6202
SPADES ACE DIAMONDS SIX,0.3966,0.0064,0.597
SPADES ACE CLUBS FIVE,0.395,0.0056,0.5994
SPADES KING CLUBS FOUR,0.4028,0.0096,0.5876
DIAMONDS EIGHT HEARTS JACK,0.365,0.0174,0.6176
HEARTS THREE DIAMONDS QUEEN,0.273,0.0478,0.6792
CLUBS NINE SPADES SIX,0.271,0.3454,0.3836
SPADES QUEEN DIAMONDS KING,0.3494,0.0074,0.6432
SPADES QUEEN HEARTS ACE,0.3774,0.0048,0.6178
CLUBS SIX CLUBS KING,0.3744,0.0068,0.6188
HEARTS SIX CLUBS KING,0.3922,0.0088,0.599
SPADES QUEEN SPADES JACK,0.3428,0.0098,0.6474
CLUBS FOUR CLUBS THREE,0.6064,0.0992,0.2944
CLUBS JACK SPADES EIGHT,0.3742,0.0168,0.609
CLUBS FOUR HEARTS JACK,0.3944,0.0158,0.5898
HEARTS FOUR HEARTS TWO,0.5748,0.042,0.3832
HEARTS TWO SPADES FOUR,0.6014,0.0426,0.356
CLUBS SIX SPADES SIX,0.323,0.0698,0.6072
CLUBS THREE HEARTS JACK,0.2858,0.0608,0.6534
CLUBS TWO DIAMONDS TEN,0.412,0.0254,0.5626
SPADES KING CLUBS SIX,0.4052,0.0076,0.5872
HEARTS SEVEN SPADES SIX,0.5464,0.0402,0.4134
DIAMONDS EIGHT HEARTS TEN,0.354,0.0268,0.6192
CLUBS NINE SPADES THREE,0.0682,0.9102,0.0216
SPADES TEN SPADES FIVE,0.366,0.0278,0.6062
SPADES TEN CLUBS TWO,0.4396,0.0296,0.5308
DIAMONDS TWO SPADES FIVE,0.5918,0.0492,0.359
SPADES TWO DIAMONDS SIX,0.6104,0.046,0.3436
CLUBS TEN CLUBS FIVE,0.3548,0.0268,0.6184
SPADES JACK CLUBS KING,0.3542,0.0058,0.64
HEARTS EIGHT SPADES FIVE,0.575,0.0416,0.3834
CLUBS JACK HEARTS TWO,0.4404,0.017,0.5426
CLUBS SEVEN CLUBS FOUR,0.5416,0.041,0.4174
SPADES JACK HEARTS THREE,0.2726,0.0582,0.6692
DIAMONDS TEN HEARTS JACK,0.3324,0.0162,0.6514
HEARTS FOUR DIAMONDS KING,0.3918,0.0078,0.6004
DIAMONDS ACE DIAMONDS QUEEN,0.3114,0.0058,0.6828
CLUBS SEVEN DIAMONDS ACE,0.388,0.0058,0.6062
SPADES FOUR DIAMONDS FIVE,0.5562,0.046,0.3978
CLUBS ACE DIAMONDS FIVE,0.3746,0.006,0.6194
DIAMONDS TEN HEARTS NINE,0.2622,0.0686,0.6692
HEARTS EIGHT SPADES EIGHT,0.3014,0.058,0.6406
SPADES SEVEN HEARTS JACK,0.3948,0.016,0.5892
SPADES KING CLUBS QUEEN,0.3744,0.006,0.6196
SPADES KING HEARTS QUEEN,0.3658,0.009,0.6252
SPADES SEVEN CLUBS THREE,0.662,0.1066,0.2314
CLUBS TWO SPADES THREE,0.6618,0.1034,0.2348
SPADES JACK SPADES FOUR,0.3736,0.0186,0.6078
SPADES EIGHT DIAMONDS JACK,0.3736,0.0168,0.6096
DIAMONDS FOUR CLUBS KING,0.4068,0.0082,0.585
SPADES FIVE DIAMONDS SEVEN,0.5404,0.0432,0.4164
CLUBS FOUR SPADES THREE,0.6248,0.1128,0.2624
CLUBS NINE CLUBS FOUR,0.2508,0.4534,0.2958
CLUBS JACK DIAMONDS TWO,0.3996,0.0232,0.5772
DIAMONDS TEN CLUBS QUEEN,0.3314,0.0118,0.6568
CLUBS TEN SPADES TWO,0.4204,0.0282,0.5514
SPADES ACE CLUBS SIX,0.394,0.0032,0.6028
HEARTS SEVEN SPADES EIGHT,0.5446,0.042,0.4134
CLUBS SEVEN SPADES EIGHT,0.5348,0.043,0.4222
CLUBS JACK HEARTS EIGHT,0.3752,0.0152,0.6096
DIAMONDS ACE HEARTS QUEEN,0.3332,0.005,0.6618
SPADES TEN DIAMONDS JACK,0.3342,0.0118,0.654
CLUBS NINE CLUBS QUEEN,0.2602,0.0452,0.6946
HEARTS TWO CLUBS QUEEN,0.4396,0.012,0.5484
SPADES FOUR CLUBS ACE,0.4032,0.0044,0.5924
SPADES EIGHT SPADES SIX,0.525,0.0406,0.4344
SPADES SEVEN DIAMONDS ACE,0.3742,0.0064,0.6194
CLUBS TEN DIAMONDS SIX,0.378,0.0258,0.5962
CLUBS TWO HEARTS KING,0.4252,0.009,0.5658
CLUBS FIVE CLUBS THREE,0.5998,0.0916,0.3086
SPADES EIGHT CLUBS KING,0.3912,0.0066,0.6022
SPADES QUEEN DIAMONDS SEVEN,0.379,0.014,0.607
DIAMONDS ACE SPADES FOUR,0.3868,0.0066,0.6066
SPADES ACE DIAMONDS FOUR,0.3808,0.005,0.6142
CLUBS EIGHT SPADES FOUR,0.5868,0.0414,0.3718
HEARTS THREE DIAMONDS EIGHT,0.666,0.0978,0.2362
HEARTS FIVE HEARTS KING,0.368,0.01,0.622
SPADES FOUR SPADES TWO,0.5754,0.0402,0.3844
HEARTS FIVE HEARTS TEN,0.371,0.0236,0.6054
DIAMONDS TWO SPADES JACK,0.4232,0.0192,0.5576
SPADES NINE DIAMONDS KING,0.2734,0.0374,0.6892
HEARTS TWO HEARTS JACK,0.404,0.018,0.578
DIAMONDS KING DIAMONDS EIGHT,0.3472,0.0076,0.6452
HEARTS FOUR CLUBS KING,0.4,0.0074,0.5926
CLUBS TWO HEARTS TEN,0.4162,0.0272,0.5566
DIAMONDS FOUR DIAMONDS KING,0.3486,0.0096,0.6418
HEARTS JACK DIAMONDS SIX,0.3858,0.0192,0.595
CLUBS KING HEARTS NINE,0.2862,0.0342,0.6796
HEARTS JACK HEARTS NINE,0.2662,0.056,0.6778
HEARTS EIGHT HEARTS ACE,0.3746,0.0028,0.6226
HEARTS SEVEN SPADES NINE,0.2736,0.27,0.4564
HEARTS ACE DIAMONDS TEN,0.3566,0.0056,0.6378
SPADES ACE HEARTS QUEEN,0.3754,0.0042,0.6204
SPADES THREE HEARTS NINE,0.0712,0.9078,0.021
CLUBS SIX HEARTS THREE,0.6498,0.0994,0.2508
CLUBS TWO SPADES TWO,0.4044,0.09,0.5056
SPADES QUEEN DIAMONDS EIGHT,0.3812,0.0136,0.6052
HEARTS EIGHT CLUBS THREE,0.6784,0.1016,0.22
CLUBS EIGHT SPADES TEN,0.3626,0.026,0.6114
HEARTS KING CLUBS QUEEN,0.3672,0.0062,0.6266
CLUBS SEVEN SPADES SIX,0.5656,0.0334,0.401
DIAMONDS TWO CLUBS SIX,0.613,0.0432,0.3438
SPADES ACE CLUBS TEN,0.367,0.0044,0.6286
CLUBS SIX DIAMONDS SEVEN,0.5522,0.0404,0.4074
DIAMONDS KING CLUBS KING,0.1688,0.0104,0.8208
HEARTS FIVE CLUBS TWO,0.6116,0.0428,0.3456
CLUBS FIVE SPADES FIVE,0.3094,0.075,0.6156
SPADES SIX HEARTS TEN,0.3814,0.0288,0.5898
DIAMONDS KING DIAMONDS FIVE,0.3382,0.0106,0.6512
DIAMONDS ACE CLUBS KING,0.3532,0.0066,0.6402
CLUBS SIX HEARTS TEN,0.3876,0.0236,0.5888
CLUBS FOUR DIAMONDS EIGHT,0.578,0.0474,0.3746
CLUBS TWO SPADES FOUR,0.6006,0.0442,0.3552
CLUBS NINE DIAMONDS TEN,0.2436,0.0742,0.6822
HEARTS FIVE DIAMONDS JACK,0.3792,0.0204,0.6004
CLUBS EIGHT HEARTS THREE,0.6834,0.0974,0.2192
CLUBS TWO DIAMONDS EIGHT,0.6144,0.044,0.3416
CLUBS JACK HEARTS JACK,0.19,0.0296,0.7804
HEARTS FIVE HEARTS THREE,0.594,0.0996,0.3064
SPADES ACE CLUBS JACK,0.3652,0.0048,0.63
SPADES QUEEN SPADES SIX,0.3846,0.0112,0.6042
SPADES FOUR SPADES THREE,0.608,0.094,0.298
CLUBS ACE HEARTS JACK,0.3686,0.0048,0.6266
SPADES SIX DIAMONDS SIX,0.3014,0.069,0.6296
CLUBS THREE SPADES FOUR,0.6328,0.1028,0.2644
SPADES FIVE SPADES FOUR,0.5248,0.0384,0.4368
HEARTS SIX DIAMONDS KING,0.3776,0.006,0.6164
HEARTS THREE DIAMONDS KING,0.263,0.0344,0.7026
CLUBS FIVE HEARTS ACE,0.3754,0.0052,0.6194
CLUBS SEVEN HEARTS QUEEN,0.3976,0.0136,0.5888
SPADES SIX DIAMONDS TEN,0.3656,0.027,0.6074
DIAMONDS FOUR SPADES FIVE,0.551,0.0438,0.4052
SPADES FOUR DIAMONDS JACK,0.389,0.02,0.591
HEARTS FOUR HEARTS THREE,0.6,0.0942,0.3058
SPADES SIX DIAMONDS KING,0.3738,0.009,0.6172
DIAMONDS FOUR SPADES SEVEN,0.5802,0.043,0.3768
HEARTS FOUR HEARTS ACE,0.3674,0.0046,0.628
SPADES KING CLUBS KING,0.1828,0.0124,0.8048
HEARTS FIVE CLUBS QUEEN,0.4026,0.0106,0.5868
SPADES JACK SPADES SEVEN,0.371,0.0188,0.6102
SPADES FIVE HEARTS NINE,0.258,0.43,0.312
CLUBS FIVE HEARTS TEN,0.4056,0.024,0.5704
HEARTS FIVE HEARTS TWO,0.574,0.0368,0.3892
CLUBS KING HEARTS TEN,0.3438,0.006,0.6502
CLUBS EIGHT DIAMONDS QUEEN,0.3776,0.0096,0.6128
SPADES KING SPADES QUEEN,0.34,0.006,0.654
HEARTS SIX HEARTS NINE,0.2634,0.3248,0.4118
HEARTS SIX DIAMONDS ACE,0.3844,0.0046,0.611
HEARTS TWO SPADES TWO,0.4026,0.0886,0.5088
SPADES SEVEN HEARTS KING,0.4116,0.008,0.5804
CLUBS TEN SPADES FIVE,0.3964,0.0224,0.5812
CLUBS SEVEN SPADES TWO,0.6282,0.0518,0.32
DIAMONDS ACE DIAMONDS SEVEN,0.3376,0.0072,0.6552
SPADES EIGHT HEARTS QUEEN,0.388,0.0116,0.6004
CLUBS TEN CLUBS QUEEN,0.3366,0.0104,0.653
CLUBS FIVE DIAMONDS EIGHT,0.571,0.0414,0.3876
SPADES JACK CLUBS FIVE,0.411,0.0178,0.5712
SPADES TEN DIAMONDS EIGHT,0.3692,0.0216,0.6092
HEARTS KING HEARTS NINE,0.269,0.0352,0.6958
DIAMONDS FOUR HEARTS FIVE,0.5574,0.0444,0.3982
SPADES KING DIAMONDS TWO,0.44,0.009,0.551
HEARTS JACK HEARTS TEN,0.3294,0.0158,0.6548
SPADES QUEEN HEARTS NINE,0.2736,0.0434,0.683
SPADES NINE SPADES EIGHT,0.2478,0.1994,0.5528
SPADES KING CLUBS TEN,0.3554,0.0092,0.6354
SPADES FIVE DIAMONDS FIVE,0.2994,0.077,0.6236
HEARTS FIVE SPADES TWO,0.5962,0.0458,0.358
SPADES NINE SPADES SIX,0.2544,0.3306,0.415
CLUBS TEN CLUBS TWO,0.4024,0.0272,0.5704
HEARTS FIVE CLUBS THREE,0.64,0.103,0.257
SPADES TEN HEARTS QUEEN,0.3496,0.01,0.6404
SPADES EIGHT HEARTS ACE,0.3914,0.0038,0.6048
SPADES TWO DIAMONDS SEVEN,0.6232,0.043,0.3338
SPADES QUEEN CLUBS QUEEN,0.188,0.0192,0.7928
HEARTS SEVEN CLUBS FOUR,0.5722,0.0408,0.387
DIAMONDS ACE SPADES FIVE,0.3592,0.0042,0.6366
SPADES QUEEN SPADES EIGHT,0.3702,0.0098,0.62
HEARTS THREE CLUBS TWO,0.6592,0.1006,0.2402
CLUBS JACK CLUBS SEVEN,0.357,0.0174,0.6256
CLUBS TEN CLUBS THREE,0.264,0.075,0.661
SPADES KING HEARTS FOUR,0.403,0.0094,0.5876
CLUBS FOUR CLUBS TWO,0.5698,0.0418,0.3884
SPADES SEVEN HEARTS NINE,0.2546,0.2782,0.4672
SPADES ACE HEARTS SEVEN,0.3962,0.004,0.5998
HEARTS SIX SPADES EIGHT,0.5542,0.0402,0.4056
HEARTS SEVEN CLUBS ACE,0.382,0.0034,0.6146
HEARTS EIGHT CLUBS FIVE,0.5744,0.0406,0.385
SPADES TWO CLUBS KING,0.4248,0.008,0.5672
HEARTS EIGHT CLUBS QUEEN,0.3836,0.0122,0.6042
DIAMONDS JACK SPADES THREE,0.2626,0.0606,0.6768
SPADES KING SPADES JACK,0.3248,0.007,0.6682
DIAMONDS QUEEN HEARTS NINE,0.2516,0.0472,0.7012
CLUBS THREE DIAMONDS TEN,0.2578,0.077,0.6652
CLUBS TEN HEARTS ACE,0.3682,0.0048,0.627
HEARTS THREE SPADES FOUR,0.643,0.1026,0.2544
SPADES SIX CLUBS KING,0.4048,0.0068,0.5884
HEARTS SEVEN DIAMONDS KING,0.3894,0.0084,0.6022
