opposingHand,winningChance,drawChance,lostChance
DIAMONDS FIVE CLUBS ACE
HEARTS FIVE SPADES TEN,0.7342,0.0208,0.245
HEARTS FIVE SPADES JACK,0.7428,0.0288,0.2284
SPADES FIVE CLUBS JACK,0.7416,0.0286,0.2298
CLUBS TEN SPADES FIVE,0.7372,0.025,0.2378
CLUBS EIGHT CLUBS JACK,0.5682,0.0058,0.426
CLUBS TEN CLUBS EIGHT,0.5494,0.0042,0.4464
CLUBS EIGHT CLUBS KING,0.5802,0.0044,0.4154
CLUBS EIGHT CLUBS QUEEN,0.5718,0.0068,0.4214
SPADES FIVE CLUBS KING,0.7368,0.0342,0.229
SPADES FIVE CLUBS QUEEN,0.7472,0.0284,0.2244
DIAMONDS TWO DIAMONDS THREE,0.6548,0.0052,0.34
HEARTS FIVE SPADES KING,0.7474,0.0266,0.226
DIAMONDS TWO DIAMONDS FOUR,0.6386,0.0052,0.3562
HEARTS FIVE SPADES QUEEN,0.732,0.0274,0.2406
DIAMONDS TWO DIAMONDS SEVEN,0.6224,0.0066,0.371
DIAMONDS TWO DIAMONDS SIX,0.6116,0.007,0.3814
SPADES ACE HEARTS FIVE,0.0238,0.9536,0.0226
DIAMONDS TWO DIAMONDS NINE,0.6374,0.0072,0.3554
DIAMONDS TWO DIAMONDS EIGHT,0.6094,0.0064,0.3842
DIAMONDS THREE DIAMONDS FOUR,0.6278,0.0076,0.3646
CLUBS TWO SPADES FOUR,0.6718,0.007,0.3212
SPADES FIVE CLUBS TWO,0.7486,0.03,0.2214
CLUBS TWO SPADES TWO,0.473,0.0068,0.5202
CLUBS TWO SPADES THREE,0.6766,0.0046,0.3188
DIAMONDS THREE DIAMONDS EIGHT,0.6176,0.0052,0.3772
SPADES EIGHT CLUBS TWO,0.648,0.0054,0.3466
DIAMONDS THREE DIAMONDS NINE,0.609,0.006,0.385
SPADES NINE CLUBS TWO,0.6452,0.0054,0.3494
DIAMONDS THREE DIAMONDS SIX,0.6114,0.0052,0.3834
SPADES SIX CLUBS TWO,0.656,0.004,0.34
DIAMONDS THREE DIAMONDS SEVEN,0.6304,0.0046,0.365
SPADES SEVEN CLUBS TWO,0.6608,0.005,0.3342
CLUBS SIX CLUBS TWO,0.6276,0.0052,0.3672
CLUBS SEVEN CLUBS TWO,0.6342,0.005,0.3608
CLUBS FOUR CLUBS TWO,0.6444,0.0052,0.3504
CLUBS FIVE CLUBS TWO,0.7214,0.0242,0.2544
CLUBS TEN CLUBS JACK,0.5276,0.0048,0.4676
DIAMONDS SIX DIAMONDS FOUR,0.5914,0.004,0.4046
CLUBS TEN CLUBS QUEEN,0.5366,0.007,0.4564
DIAMONDS FOUR DIAMONDS SEVEN,0.599,0.0052,0.3958
CLUBS TEN CLUBS KING,0.5518,0.0046,0.4436
CLUBS EIGHT CLUBS TWO,0.6196,0.0084,0.372
CLUBS NINE CLUBS TWO,0.6134,0.0058,0.3808
DIAMONDS NINE DIAMONDS FOUR,0.6082,0.0052,0.3866
DIAMONDS FOUR DIAMONDS EIGHT,0.6092,0.0046,0.3862
CLUBS THREE CLUBS TWO,0.6438,0.0068,0.3494
DIAMONDS TWO CLUBS JACK,0.6592,0.0056,0.3352
CLUBS TEN DIAMONDS TWO,0.6602,0.007,0.3328
DIAMONDS TWO CLUBS KING,0.669,0.0074,0.3236
DIAMONDS TWO CLUBS QUEEN,0.6668,0.0058,0.3274
DIAMONDS SIX DIAMONDS EIGHT,0.5524,0.0036,0.444
DIAMONDS NINE DIAMONDS SIX,0.5764,0.0056,0.418
HEARTS ACE SPADES THREE,0.331,0.4458,0.2232
SPADES THREE HEARTS KING,0.6486,0.0044,0.347
DIAMONDS SIX DIAMONDS SEVEN,0.5492,0.0046,0.4462
HEARTS QUEEN SPADES THREE,0.6478,0.0044,0.3478
SPADES THREE HEARTS JACK,0.6308,0.008,0.3612
SPADES THREE HEARTS TEN,0.6504,0.005,0.3446
DIAMONDS EIGHT DIAMONDS SEVEN,0.5472,0.0062,0.4466
DIAMONDS NINE DIAMONDS SEVEN,0.5374,0.0056,0.457
DIAMONDS NINE DIAMONDS EIGHT,0.5322,0.005,0.4628
DIAMONDS KING HEARTS TEN,0.5838,0.004,0.4122
HEARTS THREE HEARTS TEN,0.5968,0.0048,0.3984
SPADES JACK CLUBS SIX,0.605,0.0036,0.3914
DIAMONDS KING HEARTS JACK,0.5802,0.005,0.4148
HEARTS THREE HEARTS JACK,0.6036,0.0042,0.3922
SPADES TEN CLUBS SIX,0.6048,0.005,0.3902
SPADES JACK SPADES FIVE,0.6912,0.0268,0.282
SPADES TEN SPADES FIVE,0.6906,0.0206,0.2888
DIAMONDS KING HEARTS ACE,0.258,0.0416,0.7004
HEARTS THREE HEARTS ACE,0.2968,0.4344,0.2688
SPADES ACE CLUBS SIX,0.2568,0.368,0.3752
DIAMONDS KING HEARTS QUEEN,0.57,0.0042,0.4258
HEARTS THREE HEARTS QUEEN,0.6098,0.004,0.3862
SPADES KING CLUBS SIX,0.6232,0.0038,0.373
DIAMONDS KING HEARTS KING,0.2932,0.004,0.7028
HEARTS THREE HEARTS KING,0.5994,0.0052,0.3954
SPADES QUEEN CLUBS SIX,0.6146,0.0034,0.382
SPADES NINE HEARTS TEN,0.5486,0.004,0.4474
SPADES NINE HEARTS JACK,0.5782,0.0042,0.4176
SPADES QUEEN SPADES FIVE,0.6916,0.033,0.2754
SPADES KING SPADES FIVE,0.7006,0.0252,0.2742
SPADES ACE SPADES FIVE,0.0222,0.9044,0.0734
SPADES NINE HEARTS QUEEN,0.5822,0.0034,0.4144
SPADES NINE HEARTS KING,0.5928,0.0052,0.402
SPADES NINE HEARTS ACE,0.2498,0.1762,0.574
CLUBS TEN SPADES JACK,0.5692,0.0032,0.4276
CLUBS TEN SPADES TEN,0.3364,0.003,0.6606
SPADES ACE CLUBS TEN,0.254,0.1196,0.6264
SPADES KING CLUBS TEN,0.5892,0.0052,0.4056
CLUBS TEN SPADES QUEEN,0.5716,0.0056,0.4228
SPADES FIVE HEARTS QUEEN,0.7442,0.0288,0.227
SPADES FIVE HEARTS KING,0.7434,0.0278,0.2288
HEARTS ACE SPADES FIVE,0.0206,0.9588,0.0206
CLUBS EIGHT SPADES TEN,0.5758,0.0038,0.4204
SPADES JACK HEARTS THREE,0.6476,0.0056,0.3468
SPADES JACK DIAMONDS KING,0.575,0.0044,0.4206
SPADES TEN DIAMONDS KING,0.576,0.0042,0.4198
SPADES TEN HEARTS THREE,0.6336,0.004,0.3624
SPADES JACK CLUBS EIGHT,0.584,0.0032,0.4128
CLUBS SIX HEARTS ACE,0.2404,0.3848,0.3748
SPADES ACE CLUBS EIGHT,0.253,0.2208,0.5262
HEARTS FIVE CLUBS JACK,0.744,0.0282,0.2278
HEARTS FIVE CLUBS TEN,0.736,0.0276,0.2364
CLUBS SIX HEARTS QUEEN,0.6156,0.0056,0.3788
SPADES QUEEN CLUBS EIGHT,0.599,0.0042,0.3968
CLUBS TEN SPADES THREE,0.659,0.0042,0.3368
CLUBS SIX HEARTS KING,0.6056,0.0048,0.3896
SPADES KING CLUBS EIGHT,0.6198,0.0046,0.3756
SPADES THREE CLUBS JACK,0.6478,0.0042,0.348
DIAMONDS TWO HEARTS JACK,0.6604,0.0062,0.3334
SPADES THREE CLUBS QUEEN,0.6518,0.006,0.3422
DIAMONDS TWO HEARTS TEN,0.6346,0.004,0.3614
SPADES THREE CLUBS KING,0.6694,0.0048,0.3258
SPADES FIVE HEARTS TEN,0.7428,0.0258,0.2314
HEARTS FIVE CLUBS KING,0.757,0.0294,0.2136
SPADES FIVE HEARTS JACK,0.736,0.0286,0.2354
HEARTS FIVE CLUBS QUEEN,0.7546,0.0304,0.215
HEARTS THREE CLUBS KING,0.653,0.0038,0.3432
DIAMONDS KING CLUBS KING,0.2916,0.0062,0.7022
HEARTS THREE CLUBS QUEEN,0.6508,0.0036,0.3456
DIAMONDS KING CLUBS QUEEN,0.5868,0.005,0.4082
HEARTS FIVE HEARTS JACK,0.7008,0.026,0.2732
HEARTS FIVE HEARTS TEN,0.699,0.0216,0.2794
SPADES ACE CLUBS QUEEN,0.254,0.0682,0.6778
SPADES KING CLUBS QUEEN,0.5934,0.0044,0.4022
HEARTS THREE CLUBS JACK,0.651,0.0052,0.3438
DIAMONDS KING CLUBS JACK,0.58,0.0048,0.4152
SPADES QUEEN CLUBS QUEEN,0.3116,0.0048,0.6836
CLUBS TEN HEARTS THREE,0.639,0.005,0.356
CLUBS TEN DIAMONDS KING,0.565,0.0066,0.4284
SPADES JACK CLUBS QUEEN,0.5598,0.0064,0.4338
CLUBS SIX CLUBS QUEEN,0.5876,0.004,0.4084
SPADES TEN CLUBS QUEEN,0.57,0.0042,0.4258
CLUBS SIX CLUBS KING,0.5776,0.005,0.4174
HEARTS FIVE HEARTS KING,0.6918,0.0246,0.2836
HEARTS FIVE HEARTS QUEEN,0.6852,0.031,0.2838
CLUBS TEN CLUBS SIX,0.5706,0.0044,0.425
HEARTS FIVE HEARTS ACE,0.024,0.9084,0.0676
CLUBS SIX CLUBS JACK,0.5972,0.0058,0.397
SPADES SEVEN HEARTS JACK,0.6106,0.0034,0.386
SPADES SEVEN HEARTS TEN,0.5812,0.0038,0.415
DIAMONDS TWO CLUBS TWO,0.4836,0.0066,0.5098
DIAMONDS TWO CLUBS THREE,0.6798,0.0064,0.3138
DIAMONDS TWO HEARTS SIX,0.6528,0.0066,0.3406
DIAMONDS TWO HEARTS QUEEN,0.6522,0.0058,0.342
HEARTS SEVEN DIAMONDS TWO,0.6812,0.0044,0.3144
DIAMONDS TWO HEARTS KING,0.636,0.0062,0.3578
DIAMONDS TWO HEARTS EIGHT,0.6566,0.0042,0.3392
DIAMONDS TWO HEARTS ACE,0.3248,0.4544,0.2208
DIAMONDS TWO HEARTS NINE,0.6634,0.0034,0.3332
DIAMONDS TWO DIAMONDS QUEEN,0.6136,0.006,0.3804
DIAMONDS TWO HEARTS TWO,0.48,0.0068,0.5132
DIAMONDS TWO DIAMONDS KING,0.6118,0.004,0.3842
DIAMONDS TWO HEARTS THREE,0.6792,0.0058,0.315
DIAMONDS TWO DIAMONDS ACE,0.3114,0.4458,0.2428
HEARTS FOUR DIAMONDS TWO,0.678,0.0046,0.3174
HEARTS FIVE DIAMONDS TWO,0.7476,0.0316,0.2208
SPADES SEVEN HEARTS ACE,0.239,0.299,0.462
DIAMONDS TWO DIAMONDS TEN,0.6118,0.0038,0.3844
SPADES SEVEN HEARTS KING,0.6032,0.005,0.3918
DIAMONDS TWO DIAMONDS JACK,0.618,0.0054,0.3766
SPADES SEVEN HEARTS QUEEN,0.6134,0.0036,0.383
DIAMONDS TWO SPADES NINE,0.6512,0.0074,0.3414
DIAMONDS TWO SPADES EIGHT,0.6568,0.005,0.3382
DIAMONDS TWO SPADES SEVEN,0.6596,0.0046,0.3358
DIAMONDS TWO SPADES SIX,0.6562,0.0044,0.3394
DIAMONDS TWO SPADES FIVE,0.7452,0.0308,0.224
DIAMONDS TWO SPADES FOUR,0.6716,0.006,0.3224
DIAMONDS TWO SPADES THREE,0.6788,0.005,0.3162
DIAMONDS TWO SPADES TWO,0.479,0.007,0.514
CLUBS NINE DIAMONDS TWO,0.6534,0.0066,0.34
DIAMONDS TWO CLUBS EIGHT,0.6544,0.0068,0.3388
CLUBS SEVEN DIAMONDS TWO,0.6622,0.0038,0.334
DIAMONDS TWO CLUBS SIX,0.67,0.007,0.323
DIAMONDS TWO CLUBS FIVE,0.749,0.033,0.218
DIAMONDS TWO CLUBS FOUR,0.6818,0.0082,0.31
CLUBS FOUR SPADES FIVE,0.7088,0.0244,0.2668
CLUBS FOUR SPADES FOUR,0.4712,0.0058,0.523
CLUBS FOUR SPADES THREE,0.6624,0.0068,0.3308
CLUBS FOUR SPADES TWO,0.669,0.0068,0.3242
SPADES NINE CLUBS FOUR,0.6586,0.0046,0.3368
SPADES EIGHT CLUBS FOUR,0.6524,0.0038,0.3438
SPADES SEVEN CLUBS FOUR,0.6384,0.0044,0.3572
CLUBS FOUR SPADES SIX,0.6336,0.0062,0.3602
SPADES ACE DIAMONDS SIX,0.2426,0.3848,0.3726
SPADES QUEEN DIAMONDS SIX,0.6138,0.0036,0.3826
SPADES KING DIAMONDS SIX,0.603,0.0042,0.3928
SPADES TEN DIAMONDS SIX,0.603,0.0034,0.3936
SPADES JACK DIAMONDS SIX,0.6072,0.0028,0.39
SPADES QUEEN SPADES TWO,0.6084,0.0048,0.3868
SPADES KING SPADES TWO,0.5994,0.006,0.3946
SPADES ACE SPADES TWO,0.3024,0.4252,0.2724
DIAMONDS JACK CLUBS JACK,0.3258,0.0058,0.6684
CLUBS TEN DIAMONDS JACK,0.5702,0.0044,0.4254
DIAMONDS JACK CLUBS KING,0.576,0.0062,0.4178
DIAMONDS JACK CLUBS QUEEN,0.5642,0.0056,0.4302
DIAMONDS THREE DIAMONDS JACK,0.6118,0.0038,0.3844
DIAMONDS THREE DIAMONDS TEN,0.6242,0.0052,0.3706
DIAMONDS THREE DIAMONDS KING,0.6278,0.0056,0.3666
DIAMONDS THREE HEARTS THREE,0.4752,0.0044,0.5204
DIAMONDS THREE DIAMONDS QUEEN,0.6192,0.0068,0.374
DIAMONDS THREE HEARTS TWO,0.685,0.0036,0.3114
HEARTS FIVE DIAMONDS THREE,0.7262,0.0282,0.2456
DIAMONDS THREE DIAMONDS ACE,0.326,0.426,0.248
HEARTS FOUR DIAMONDS THREE,0.665,0.0042,0.3308
HEARTS SEVEN DIAMONDS THREE,0.6388,0.005,0.3562
SPADES TEN SPADES NINE,0.513,0.0058,0.4812
HEARTS SIX DIAMONDS THREE,0.645,0.005,0.35
SPADES JACK SPADES NINE,0.5406,0.0028,0.4566
DIAMONDS THREE HEARTS NINE,0.6512,0.0072,0.3416
HEARTS JACK DIAMONDS FOUR,0.6518,0.0058,0.3424
HEARTS ACE HEARTS KING,0.2402,0.0456,0.7142
SPADES TEN SPADES TWO,0.6114,0.0056,0.383
DIAMONDS THREE HEARTS EIGHT,0.6362,0.0036,0.3602
HEARTS TEN DIAMONDS FOUR,0.6438,0.004,0.3522
SPADES JACK SPADES TWO,0.6082,0.0046,0.3872
HEARTS QUEEN DIAMONDS FOUR,0.645,0.005,0.35
HEARTS KING DIAMONDS FOUR,0.6576,0.006,0.3364
SPADES ACE SPADES NINE,0.2452,0.1622,0.5926
HEARTS ACE DIAMONDS FOUR,0.3208,0.4588,0.2204
SPADES KING SPADES NINE,0.553,0.0036,0.4434
SPADES QUEEN SPADES NINE,0.5398,0.004,0.4562
DIAMONDS THREE SPADES NINE,0.6432,0.0042,0.3526
DIAMONDS THREE SPADES EIGHT,0.6622,0.0044,0.3334
DIAMONDS THREE SPADES SEVEN,0.6462,0.003,0.3508
DIAMONDS THREE SPADES SIX,0.6446,0.0046,0.3508
DIAMONDS THREE CLUBS SIX,0.643,0.0068,0.3502
CLUBS FIVE CLUBS SIX,0.684,0.0264,0.2896
CLUBS SEVEN DIAMONDS THREE,0.6442,0.006,0.3498
CLUBS SEVEN CLUBS FIVE,0.6826,0.0216,0.2958
DIAMONDS THREE CLUBS FOUR,0.673,0.0038,0.3232
DIAMONDS FOUR CLUBS QUEEN,0.6582,0.0052,0.3366
DIAMONDS THREE CLUBS FIVE,0.7492,0.0226,0.2282
CLUBS KING DIAMONDS FOUR,0.661,0.0068,0.3322
DIAMONDS THREE CLUBS TWO,0.6744,0.0074,0.3182
CLUBS TEN DIAMONDS FOUR,0.655,0.004,0.341
DIAMONDS THREE CLUBS THREE,0.4744,0.0084,0.5172
DIAMONDS FOUR CLUBS JACK,0.6546,0.0054,0.34
DIAMONDS THREE SPADES FOUR,0.6562,0.0058,0.338
DIAMONDS THREE SPADES FIVE,0.7304,0.0274,0.2422
DIAMONDS THREE SPADES TWO,0.6776,0.0058,0.3166
DIAMONDS THREE SPADES THREE,0.4674,0.0036,0.529
CLUBS EIGHT DIAMONDS THREE,0.6518,0.0058,0.3424
CLUBS NINE DIAMONDS THREE,0.6524,0.007,0.3406
SPADES SEVEN CLUBS QUEEN,0.6138,0.0054,0.3808
SPADES SEVEN CLUBS KING,0.6108,0.0032,0.386
CLUBS FIVE SPADES SEVEN,0.7076,0.0238,0.2686
CLUBS TEN SPADES SEVEN,0.5808,0.0042,0.415
CLUBS FIVE SPADES SIX,0.7096,0.0202,0.2702
SPADES SEVEN CLUBS JACK,0.5968,0.0032,0.4
CLUBS FIVE SPADES NINE,0.726,0.0306,0.2434
CLUBS FIVE SPADES EIGHT,0.7256,0.0214,0.253
CLUBS FIVE SPADES THREE,0.7304,0.029,0.2406
CLUBS FIVE SPADES TWO,0.746,0.029,0.225
CLUBS FIVE SPADES FIVE,0.3374,0.0328,0.6298
CLUBS FIVE SPADES FOUR,0.7168,0.026,0.2572
CLUBS NINE CLUBS FIVE,0.7064,0.0272,0.2664
CLUBS EIGHT CLUBS FIVE,0.6798,0.0214,0.2988
CLUBS KING CLUBS QUEEN,0.5434,0.0078,0.4488
DIAMONDS TEN DIAMONDS FOUR,0.6046,0.0052,0.3902
CLUBS TEN DIAMONDS NINE,0.5628,0.0036,0.4336
DIAMONDS JACK DIAMONDS FOUR,0.6226,0.0034,0.374
DIAMONDS NINE CLUBS JACK,0.5706,0.0054,0.424
SPADES NINE CLUBS JACK,0.5876,0.0046,0.4078
CLUBS TEN SPADES NINE,0.5622,0.0038,0.434
DIAMONDS ACE DIAMONDS FOUR,0.3042,0.4428,0.253
HEARTS FOUR DIAMONDS FOUR,0.4508,0.0074,0.5418
DIAMONDS JACK HEARTS TEN,0.5388,0.0036,0.4576
SPADES NINE CLUBS KING,0.601,0.002,0.397
DIAMONDS TWO SPADES TEN,0.6532,0.0058,0.341
HEARTS FIVE DIAMONDS FOUR,0.7088,0.029,0.2622
DIAMONDS JACK HEARTS JACK,0.3208,0.0036,0.6756
SPADES NINE CLUBS QUEEN,0.5966,0.0038,0.3996
DIAMONDS TWO SPADES JACK,0.6508,0.0054,0.3438
DIAMONDS QUEEN DIAMONDS FOUR,0.612,0.0036,0.3844
HEARTS TWO DIAMONDS FOUR,0.6694,0.0028,0.3278
DIAMONDS NINE CLUBS QUEEN,0.5698,0.0082,0.422
DIAMONDS KING DIAMONDS FOUR,0.6194,0.0054,0.3752
HEARTS THREE DIAMONDS FOUR,0.667,0.0058,0.3272
DIAMONDS NINE CLUBS KING,0.5922,0.005,0.4028
HEARTS ACE DIAMONDS JACK,0.256,0.0826,0.6614
SPADES ACE DIAMONDS TWO,0.3202,0.4618,0.218
HEARTS QUEEN DIAMONDS JACK,0.5612,0.0038,0.435
SPADES QUEEN DIAMONDS TWO,0.6506,0.0044,0.345
HEARTS KING DIAMONDS JACK,0.5744,0.0046,0.421
SPADES KING DIAMONDS TWO,0.6622,0.0062,0.3316
SPADES JACK SPADES SEVEN,0.559,0.0052,0.4358
SPADES TEN SPADES SEVEN,0.5516,0.0068,0.4416
CLUBS SEVEN CLUBS THREE,0.6196,0.0056,0.3748
CLUBS SIX CLUBS THREE,0.6222,0.006,0.3718
CLUBS FIVE CLUBS THREE,0.6894,0.0272,0.2834
CLUBS THREE CLUBS FOUR,0.629,0.006,0.365
CLUBS NINE CLUBS THREE,0.6224,0.007,0.3706
CLUBS EIGHT CLUBS THREE,0.6204,0.0048,0.3748
CLUBS THREE SPADES FIVE,0.7272,0.0272,0.2456
CLUBS THREE SPADES FOUR,0.6562,0.004,0.3398
CLUBS THREE SPADES THREE,0.4754,0.006,0.5186
CLUBS THREE SPADES TWO,0.676,0.0062,0.3178
CLUBS THREE SPADES SIX,0.6404,0.0054,0.3542
CLUBS THREE SPADES SEVEN,0.6462,0.0032,0.3506
SPADES EIGHT CLUBS THREE,0.6532,0.0066,0.3402
SPADES NINE CLUBS THREE,0.6588,0.0052,0.336
SPADES TWO DIAMONDS FOUR,0.6694,0.0052,0.3254
SPADES THREE DIAMONDS FOUR,0.6494,0.004,0.3466
SPADES FOUR DIAMONDS FOUR,0.4716,0.0052,0.5232
SPADES FIVE DIAMONDS FOUR,0.709,0.029,0.262
SPADES SIX DIAMONDS FOUR,0.6316,0.0044,0.364
SPADES SEVEN DIAMONDS FOUR,0.6496,0.0042,0.3462
SPADES EIGHT DIAMONDS FOUR,0.6338,0.0044,0.3618
SPADES NINE DIAMONDS FOUR,0.662,0.0042,0.3338
CLUBS FIVE DIAMONDS FOUR,0.717,0.0282,0.2548
CLUBS FOUR DIAMONDS FOUR,0.4698,0.0066,0.5236
CLUBS SEVEN DIAMONDS FOUR,0.6482,0.005,0.3468
CLUBS SIX DIAMONDS FOUR,0.637,0.0042,0.3588
CLUBS NINE DIAMONDS FOUR,0.6574,0.0052,0.3374
CLUBS EIGHT DIAMONDS FOUR,0.6474,0.005,0.3476
HEARTS SEVEN DIAMONDS FOUR,0.643,0.0068,0.3502
HEARTS SIX DIAMONDS FOUR,0.6448,0.0052,0.35
DIAMONDS FOUR HEARTS NINE,0.666,0.0054,0.3286
DIAMONDS FOUR HEARTS EIGHT,0.6496,0.0052,0.3452
CLUBS THREE DIAMONDS FOUR,0.6634,0.0068,0.3298
CLUBS TWO DIAMONDS FOUR,0.6832,0.0086,0.3082
DIAMONDS NINE HEARTS QUEEN,0.5842,0.0052,0.4106
DIAMONDS NINE HEARTS KING,0.5818,0.0026,0.4156
HEARTS ACE DIAMONDS NINE,0.2396,0.1798,0.5806
DIAMONDS NINE HEARTS TEN,0.5468,0.0038,0.4494
DIAMONDS NINE HEARTS JACK,0.5748,0.0056,0.4196
DIAMONDS SIX CLUBS KING,0.619,0.005,0.376
DIAMONDS SIX CLUBS QUEEN,0.6106,0.0042,0.3852
SPADES KING DIAMONDS FOUR,0.6466,0.0042,0.3492
SPADES ACE SPADES SEVEN,0.2274,0.2806,0.492
SPADES QUEEN DIAMONDS FOUR,0.6452,0.0054,0.3494
SPADES QUEEN SPADES SEVEN,0.5646,0.0064,0.429
DIAMONDS SIX CLUBS JACK,0.6134,0.0052,0.3814
SPADES KING SPADES SEVEN,0.558,0.0054,0.4366
SPADES ACE DIAMONDS FOUR,0.3256,0.468,0.2064
CLUBS TEN DIAMONDS SIX,0.5926,0.0066,0.4008
CLUBS NINE CLUBS FOUR,0.6292,0.0054,0.3654
CLUBS EIGHT CLUBS FOUR,0.6118,0.0038,0.3844
SPADES JACK DIAMONDS FOUR,0.6428,0.004,0.3532
SPADES TEN DIAMONDS FOUR,0.6328,0.0034,0.3638
CLUBS FIVE CLUBS FOUR,0.6698,0.0284,0.3018
CLUBS SEVEN CLUBS FOUR,0.5954,0.0052,0.3994
CLUBS SIX CLUBS FOUR,0.6138,0.0056,0.3806
CLUBS SEVEN SPADES EIGHT,0.5768,0.0056,0.4176
CLUBS SEVEN SPADES NINE,0.577,0.0046,0.4184
CLUBS SEVEN SPADES SIX,0.5792,0.0052,0.4156
CLUBS SEVEN SPADES SEVEN,0.371,0.0038,0.6252
CLUBS SEVEN SPADES FIVE,0.7092,0.0204,0.2704
CLUBS SEVEN SPADES FOUR,0.6298,0.0042,0.366
CLUBS SEVEN SPADES THREE,0.666,0.0058,0.3282
CLUBS SEVEN SPADES TWO,0.6566,0.0058,0.3376
CLUBS NINE CLUBS SEVEN,0.5542,0.006,0.4398
CLUBS SEVEN CLUBS EIGHT,0.536,0.0056,0.4584
HEARTS KING HEARTS EIGHT,0.5692,0.0054,0.4254
HEARTS QUEEN HEARTS EIGHT,0.557,0.0026,0.4404
HEARTS ACE HEARTS EIGHT,0.2392,0.2162,0.5446
SPADES JACK DIAMONDS EIGHT,0.581,0.0034,0.4156
CLUBS TEN HEARTS JACK,0.5584,0.0044,0.4372
SPADES TEN DIAMONDS EIGHT,0.556,0.0052,0.4388
HEARTS JACK CLUBS JACK,0.3282,0.003,0.6688
HEARTS JACK CLUBS QUEEN,0.5652,0.0042,0.4306
CLUBS KING HEARTS JACK,0.5842,0.0064,0.4094
SPADES KING DIAMONDS EIGHT,0.5938,0.0052,0.401
SPADES QUEEN DIAMONDS EIGHT,0.596,0.004,0.4
SPADES ACE DIAMONDS EIGHT,0.2514,0.2382,0.5104
DIAMONDS TEN DIAMONDS SIX,0.5658,0.004,0.4302
HEARTS ACE DIAMONDS SEVEN,0.2444,0.3084,0.4472
DIAMONDS JACK DIAMONDS SIX,0.5726,0.004,0.4234
HEARTS QUEEN DIAMONDS SEVEN,0.6082,0.0046,0.3872
HEARTS KING DIAMONDS SEVEN,0.6054,0.0038,0.3908
DIAMONDS ACE DIAMONDS SIX,0.2316,0.3634,0.405
HEARTS FOUR DIAMONDS SIX,0.6246,0.0066,0.3688
SPADES TWO HEARTS JACK,0.6564,0.0032,0.3404
HEARTS FIVE DIAMONDS SIX,0.714,0.0186,0.2674
SPADES TWO HEARTS TEN,0.6358,0.006,0.3582
DIAMONDS QUEEN DIAMONDS SIX,0.576,0.006,0.418
HEARTS TWO DIAMONDS SIX,0.6494,0.006,0.3446
DIAMONDS KING DIAMONDS SIX,0.5784,0.004,0.4176
HEARTS THREE DIAMONDS SIX,0.634,0.005,0.361
DIAMONDS SIX HEARTS EIGHT,0.573,0.0034,0.4236
DIAMONDS SIX HEARTS NINE,0.5952,0.0038,0.401
HEARTS SIX DIAMONDS SIX,0.3646,0.005,0.6304
HEARTS SEVEN DIAMONDS SIX,0.559,0.0032,0.4378
HEARTS TEN DIAMONDS SEVEN,0.5778,0.005,0.4172
CLUBS TWO DIAMONDS SIX,0.6518,0.0056,0.3426
HEARTS JACK DIAMONDS SEVEN,0.5852,0.0054,0.4094
CLUBS THREE DIAMONDS SIX,0.6416,0.0062,0.3522
CLUBS SEVEN DIAMONDS SIX,0.5878,0.0048,0.4074
DIAMONDS EIGHT CLUBS JACK,0.5798,0.004,0.4162
CLUBS SIX DIAMONDS SIX,0.3674,0.005,0.6276
CLUBS TEN DIAMONDS EIGHT,0.5652,0.0026,0.4322
CLUBS FIVE DIAMONDS SIX,0.7058,0.0274,0.2668
CLUBS FOUR DIAMONDS SIX,0.6268,0.0062,0.367
HEARTS ACE HEARTS JACK,0.2386,0.0806,0.6808
HEARTS QUEEN HEARTS JACK,0.5178,0.0034,0.4788
CLUBS KING DIAMONDS EIGHT,0.6122,0.0042,0.3836
CLUBS NINE DIAMONDS SIX,0.6028,0.0052,0.392
HEARTS KING HEARTS JACK,0.5312,0.0054,0.4634
CLUBS QUEEN DIAMONDS EIGHT,0.5992,0.006,0.3948
CLUBS EIGHT DIAMONDS SIX,0.5854,0.006,0.4086
SPADES TEN HEARTS KING,0.5662,0.0048,0.429
SPADES FIVE DIAMONDS SIX,0.7092,0.0208,0.27
HEARTS ACE SPADES TWO,0.3258,0.462,0.2122
SPADES JACK HEARTS KING,0.5618,0.0038,0.4344
SPADES FOUR DIAMONDS SIX,0.6254,0.0064,0.3682
SPADES THREE DIAMONDS SIX,0.6456,0.0044,0.35
HEARTS QUEEN SPADES TWO,0.6472,0.0042,0.3486
SPADES ACE SPADES KING,0.2442,0.0448,0.711
HEARTS KING SPADES TWO,0.6516,0.0046,0.3438
SPADES TWO DIAMONDS SIX,0.6552,0.0078,0.337
HEARTS TEN HEARTS EIGHT,0.5424,0.0042,0.4534
SPADES NINE DIAMONDS SIX,0.5802,0.0046,0.4152
HEARTS JACK HEARTS EIGHT,0.5598,0.0034,0.4368
SPADES EIGHT DIAMONDS SIX,0.5914,0.0046,0.404
SPADES SEVEN DIAMONDS SIX,0.58,0.0052,0.4148
SPADES SIX DIAMONDS SIX,0.3704,0.0054,0.6242
SPADES KING HEARTS KING,0.298,0.0048,0.6972
SPADES QUEEN HEARTS KING,0.5746,0.0038,0.4216
SPADES ACE HEARTS KING,0.2772,0.0498,0.673
SPADES ACE HEARTS JACK,0.2574,0.0926,0.65
SPADES QUEEN HEARTS JACK,0.5744,0.003,0.4226
SPADES KING HEARTS JACK,0.5696,0.0038,0.4266
SPADES TEN DIAMONDS TEN,0.3342,0.0046,0.6612
SPADES JACK DIAMONDS TEN,0.5416,0.004,0.4544
SPADES ACE DIAMONDS TEN,0.2476,0.119,0.6334
SPADES JACK HEARTS JACK,0.3194,0.0034,0.6772
SPADES TEN HEARTS JACK,0.5546,0.0038,0.4416
SPADES QUEEN DIAMONDS TEN,0.563,0.0052,0.4318
SPADES KING DIAMONDS TEN,0.5712,0.0024,0.4264
SPADES NINE DIAMONDS SEVEN,0.5788,0.0038,0.4174
SPADES EIGHT DIAMONDS SEVEN,0.5636,0.003,0.4334
SPADES SEVEN DIAMONDS SEVEN,0.3602,0.0028,0.637
SPADES SIX DIAMONDS SEVEN,0.5722,0.0038,0.424
DIAMONDS KING DIAMONDS SEVEN,0.5612,0.0046,0.4342
HEARTS THREE DIAMONDS SEVEN,0.637,0.0042,0.3588
DIAMONDS QUEEN DIAMONDS SEVEN,0.5806,0.0062,0.4132
HEARTS TWO DIAMONDS SEVEN,0.666,0.0034,0.3306
HEARTS FIVE DIAMONDS SEVEN,0.703,0.0248,0.2722
DIAMONDS ACE DIAMONDS SEVEN,0.2302,0.2902,0.4796
HEARTS FOUR DIAMONDS SEVEN,0.6426,0.0044,0.353
HEARTS SEVEN DIAMONDS SEVEN,0.3556,0.005,0.6394
HEARTS SIX DIAMONDS SEVEN,0.5718,0.0044,0.4238
HEARTS NINE DIAMONDS SEVEN,0.5748,0.004,0.4212
HEARTS EIGHT DIAMONDS SEVEN,0.5604,0.0054,0.4342
DIAMONDS JACK DIAMONDS SEVEN,0.5766,0.0054,0.418
DIAMONDS TEN DIAMONDS SEVEN,0.5494,0.0056,0.445
SPADES KING CLUBS TWO,0.6494,0.0054,0.3452
HEARTS KING CLUBS KING,0.2924,0.004,0.7036
CLUBS EIGHT DIAMONDS SEVEN,0.5662,0.004,0.4298
SPADES QUEEN CLUBS TWO,0.6484,0.0054,0.3462
HEARTS KING CLUBS QUEEN,0.5812,0.0044,0.4144
CLUBS NINE DIAMONDS SEVEN,0.5876,0.0038,0.4086
SPADES TWO CLUBS JACK,0.6584,0.0056,0.336
SPADES ACE CLUBS TWO,0.3164,0.474,0.2096
CLUBS TEN SPADES TWO,0.6424,0.0046,0.353
CLUBS SEVEN CLUBS SIX,0.557,0.0054,0.4376
SPADES TWO CLUBS KING,0.6548,0.006,0.3392
SPADES TWO DIAMONDS SEVEN,0.66,0.0076,0.3324
CLUBS EIGHT CLUBS SIX,0.5476,0.0064,0.446
SPADES THREE DIAMONDS SEVEN,0.6482,0.0068,0.345
SPADES TWO CLUBS QUEEN,0.652,0.0044,0.3436
CLUBS NINE CLUBS SIX,0.5674,0.0054,0.4272
SPADES FOUR DIAMONDS SEVEN,0.6214,0.0064,0.3722
HEARTS KING CLUBS JACK,0.579,0.0044,0.4166
SPADES FIVE DIAMONDS SEVEN,0.7074,0.0176,0.275
CLUBS TEN HEARTS KING,0.5682,0.0048,0.427
CLUBS SIX SPADES TWO,0.656,0.0058,0.3382
CLUBS SIX SPADES THREE,0.6542,0.0052,0.3406
CLUBS TWO DIAMONDS SEVEN,0.6616,0.0046,0.3338
CLUBS SIX SPADES FOUR,0.6254,0.0052,0.3694
CLUBS THREE DIAMONDS SEVEN,0.652,0.0062,0.3418
CLUBS SIX SPADES FIVE,0.7236,0.0202,0.2562
CLUBS FOUR DIAMONDS SEVEN,0.634,0.0068,0.3592
CLUBS SIX SPADES SIX,0.3632,0.006,0.6308
CLUBS FIVE DIAMONDS SEVEN,0.7058,0.023,0.2712
CLUBS SIX SPADES SEVEN,0.591,0.0046,0.4044
CLUBS SIX DIAMONDS SEVEN,0.5758,0.004,0.4202
CLUBS SIX SPADES EIGHT,0.5878,0.005,0.4072
SPADES JACK CLUBS TWO,0.6496,0.0064,0.344
CLUBS SEVEN DIAMONDS SEVEN,0.3504,0.005,0.6446
SPADES NINE CLUBS SIX,0.6002,0.0054,0.3944
SPADES TEN CLUBS TWO,0.6564,0.005,0.3386
CLUBS TWO CLUBS QUEEN,0.619,0.0054,0.3756
CLUBS TWO CLUBS KING,0.6206,0.0088,0.3706
CLUBS THREE DIAMONDS EIGHT,0.6536,0.0042,0.3422
CLUBS TWO DIAMONDS EIGHT,0.6478,0.006,0.3462
HEARTS SEVEN DIAMONDS EIGHT,0.5702,0.0044,0.4254
HEARTS SIX DIAMONDS EIGHT,0.5888,0.0048,0.4064
DIAMONDS EIGHT HEARTS NINE,0.5618,0.003,0.4352
CLUBS TEN CLUBS TWO,0.6288,0.0038,0.3674
HEARTS EIGHT DIAMONDS EIGHT,0.35,0.006,0.644
CLUBS TWO CLUBS JACK,0.6174,0.0058,0.3768
CLUBS NINE DIAMONDS EIGHT,0.5614,0.0058,0.4328
CLUBS EIGHT DIAMONDS EIGHT,0.345,0.0042,0.6508
CLUBS FIVE DIAMONDS EIGHT,0.7154,0.0208,0.2638
SPADES ACE SPADES THREE,0.3092,0.4344,0.2564
CLUBS FOUR DIAMONDS EIGHT,0.643,0.0076,0.3494
CLUBS SEVEN DIAMONDS EIGHT,0.573,0.0046,0.4224
SPADES QUEEN SPADES THREE,0.6086,0.0042,0.3872
CLUBS SIX DIAMONDS EIGHT,0.5848,0.0034,0.4118
SPADES KING SPADES THREE,0.6208,0.0052,0.374
DIAMONDS QUEEN DIAMONDS EIGHT,0.577,0.0056,0.4174
HEARTS TWO DIAMONDS EIGHT,0.6582,0.0066,0.3352
DIAMONDS KING DIAMONDS EIGHT,0.5718,0.006,0.4222
HEARTS THREE DIAMONDS EIGHT,0.6454,0.007,0.3476
DIAMONDS ACE DIAMONDS EIGHT,0.2386,0.216,0.5454
HEARTS FOUR DIAMONDS EIGHT,0.633,0.0062,0.3608
HEARTS FIVE DIAMONDS EIGHT,0.7188,0.0228,0.2584
DIAMONDS TEN DIAMONDS EIGHT,0.5398,0.0046,0.4556
DIAMONDS JACK DIAMONDS EIGHT,0.5514,0.005,0.4436
SPADES JACK SPADES THREE,0.6096,0.0036,0.3868
SPADES TEN SPADES THREE,0.6084,0.0054,0.3862
CLUBS FOUR HEARTS ACE,0.3224,0.4678,0.2098
CLUBS FOUR HEARTS QUEEN,0.6404,0.0068,0.3528
CLUBS FOUR HEARTS KING,0.665,0.0034,0.3316
CLUBS SIX HEARTS TEN,0.6044,0.0048,0.3908
CLUBS SIX HEARTS JACK,0.6144,0.0048,0.3808
SPADES FOUR DIAMONDS EIGHT,0.6354,0.0048,0.3598
SPADES FIVE DIAMONDS EIGHT,0.7134,0.0238,0.2628
SPADES TWO DIAMONDS EIGHT,0.6598,0.0064,0.3338
SPADES THREE DIAMONDS EIGHT,0.6454,0.0054,0.3492
CLUBS FOUR HEARTS JACK,0.6592,0.004,0.3368
SPADES EIGHT DIAMONDS EIGHT,0.351,0.0042,0.6448
SPADES TEN DIAMONDS QUEEN,0.5594,0.0032,0.4374
SPADES TEN HEARTS TWO,0.6426,0.003,0.3544
SPADES JACK HEARTS EIGHT,0.5852,0.003,0.4118
CLUBS FOUR HEARTS TEN,0.6536,0.0042,0.3422
SPADES NINE DIAMONDS EIGHT,0.5752,0.003,0.4218
SPADES TEN HEARTS EIGHT,0.561,0.003,0.436
SPADES JACK HEARTS TWO,0.645,0.005,0.35
SPADES JACK DIAMONDS QUEEN,0.5636,0.0044,0.432
SPADES SIX DIAMONDS EIGHT,0.5838,0.0036,0.4126
SPADES SEVEN DIAMONDS EIGHT,0.5628,0.0048,0.4324
SPADES ACE HEARTS TWO,0.3258,0.468,0.2062
SPADES ACE DIAMONDS QUEEN,0.2598,0.0686,0.6716
SPADES ACE HEARTS EIGHT,0.2524,0.2148,0.5328
SPADES KING HEARTS EIGHT,0.6026,0.004,0.3934
SPADES QUEEN HEARTS TWO,0.6442,0.0036,0.3522
SPADES QUEEN DIAMONDS QUEEN,0.3062,0.0044,0.6894
SPADES KING DIAMONDS QUEEN,0.5796,0.0048,0.4156
SPADES KING HEARTS TWO,0.649,0.0044,0.3466
SPADES QUEEN HEARTS EIGHT,0.5934,0.0034,0.4032
CLUBS TWO HEARTS TEN,0.6492,0.006,0.3448
CLUBS TWO HEARTS JACK,0.6648,0.004,0.3312
SPADES SEVEN DIAMONDS NINE,0.5772,0.0028,0.42
SPADES SIX DIAMONDS NINE,0.5898,0.0048,0.4054
SPADES NINE DIAMONDS NINE,0.3422,0.006,0.6518
SPADES EIGHT DIAMONDS NINE,0.5688,0.0038,0.4274
SPADES TEN CLUBS KING,0.5818,0.0034,0.4148
DIAMONDS NINE SPADES THREE,0.642,0.0046,0.3534
SPADES JACK CLUBS KING,0.58,0.0048,0.4152
DIAMONDS NINE SPADES TWO,0.6588,0.0062,0.335
SPADES FIVE DIAMONDS NINE,0.727,0.024,0.249
DIAMONDS NINE SPADES FOUR,0.6564,0.005,0.3386
CLUBS NINE DIAMONDS NINE,0.3396,0.004,0.6564
CLUBS EIGHT DIAMONDS NINE,0.5728,0.0028,0.4244
CLUBS SIX DIAMONDS NINE,0.5962,0.0048,0.399
SPADES JACK CLUBS FOUR,0.6396,0.0066,0.3538
CLUBS SEVEN DIAMONDS NINE,0.569,0.006,0.425
SPADES TEN CLUBS FOUR,0.6378,0.0042,0.358
CLUBS FOUR DIAMONDS NINE,0.644,0.0074,0.3486
CLUBS FIVE DIAMONDS NINE,0.7252,0.0286,0.2462
CLUBS TWO DIAMONDS NINE,0.6546,0.0062,0.3392
CLUBS THREE DIAMONDS NINE,0.6526,0.005,0.3424
DIAMONDS NINE HEARTS EIGHT,0.573,0.0036,0.4234
DIAMONDS NINE HEARTS NINE,0.3388,0.0052,0.656
HEARTS SIX DIAMONDS NINE,0.5864,0.0028,0.4108
HEARTS SEVEN DIAMONDS NINE,0.5786,0.0036,0.4178
CLUBS NINE CLUBS EIGHT,0.5372,0.0038,0.459
DIAMONDS ACE DIAMONDS NINE,0.2316,0.1614,0.607
HEARTS FOUR DIAMONDS NINE,0.6492,0.0054,0.3454
HEARTS FIVE DIAMONDS NINE,0.7254,0.0234,0.2512
HEARTS ACE CLUBS TWO,0.3274,0.4612,0.2114
SPADES ACE CLUBS FOUR,0.3156,0.4666,0.2178
DIAMONDS NINE DIAMONDS QUEEN,0.5572,0.0042,0.4386
HEARTS TWO DIAMONDS NINE,0.6544,0.004,0.3416
CLUBS TWO HEARTS KING,0.6548,0.0052,0.34
SPADES KING CLUBS FOUR,0.648,0.0062,0.3458
DIAMONDS KING DIAMONDS NINE,0.556,0.0056,0.4384
HEARTS THREE DIAMONDS NINE,0.6392,0.0056,0.3552
CLUBS TWO HEARTS QUEEN,0.6582,0.0058,0.336
SPADES QUEEN CLUBS FOUR,0.6508,0.0042,0.345
DIAMONDS NINE DIAMONDS JACK,0.532,0.0056,0.4624
CLUBS EIGHT SPADES NINE,0.5752,0.0052,0.4196
DIAMONDS TEN DIAMONDS NINE,0.5286,0.0048,0.4666
CLUBS EIGHT SPADES EIGHT,0.338,0.0036,0.6584
CLUBS EIGHT SPADES SEVEN,0.564,0.0038,0.4322
CLUBS EIGHT SPADES SIX,0.5972,0.0036,0.3992
CLUBS EIGHT SPADES FIVE,0.701,0.0264,0.2726
CLUBS EIGHT SPADES FOUR,0.645,0.0044,0.3506
CLUBS EIGHT SPADES THREE,0.6592,0.0046,0.3362
CLUBS EIGHT SPADES TWO,0.6496,0.0056,0.3448
HEARTS SIX DIAMONDS TEN,0.5976,0.0044,0.398
HEARTS SEVEN DIAMONDS TEN,0.5944,0.0046,0.401
DIAMONDS TEN HEARTS EIGHT,0.5668,0.0046,0.4286
CLUBS FOUR CLUBS JACK,0.6228,0.003,0.3742
DIAMONDS TEN HEARTS NINE,0.5574,0.0048,0.4378
CLUBS TEN CLUBS FOUR,0.6218,0.0036,0.3746
CLUBS FOUR CLUBS KING,0.6058,0.0044,0.3898
CLUBS FOUR CLUBS QUEEN,0.6254,0.0058,0.3688
DIAMONDS TEN CLUBS TWO,0.6442,0.006,0.3498
CLUBS THREE DIAMONDS TEN,0.6368,0.0056,0.3576
DIAMONDS TEN DIAMONDS JACK,0.5136,0.0068,0.4796
DIAMONDS TEN DIAMONDS QUEEN,0.511,0.005,0.484
HEARTS TWO DIAMONDS TEN,0.6384,0.004,0.3576
DIAMONDS KING DIAMONDS TEN,0.549,0.0054,0.4456
HEARTS THREE DIAMONDS TEN,0.6472,0.004,0.3488
DIAMONDS ACE DIAMONDS TEN,0.2354,0.123,0.6416
HEARTS FOUR DIAMONDS TEN,0.6432,0.0042,0.3526
CLUBS EIGHT HEARTS JACK,0.5698,0.0032,0.427
HEARTS FIVE DIAMONDS TEN,0.7282,0.0252,0.2466
CLUBS EIGHT HEARTS TEN,0.5724,0.0046,0.423
CLUBS EIGHT HEARTS QUEEN,0.6016,0.0034,0.395
CLUBS EIGHT HEARTS KING,0.6118,0.006,0.3822
CLUBS EIGHT HEARTS ACE,0.2566,0.218,0.5254
CLUBS NINE SPADES THREE,0.657,0.005,0.338
CLUBS NINE SPADES TWO,0.6546,0.0042,0.3412
CLUBS NINE SPADES FIVE,0.73,0.0214,0.2486
CLUBS NINE SPADES FOUR,0.658,0.0056,0.3364
CLUBS NINE SPADES SEVEN,0.5832,0.0032,0.4136
CLUBS NINE SPADES SIX,0.5908,0.006,0.4032
CLUBS NINE SPADES NINE,0.349,0.0032,0.6478
CLUBS TEN HEARTS EIGHT,0.5756,0.0036,0.4208
CLUBS NINE SPADES EIGHT,0.5684,0.0038,0.4278
HEARTS EIGHT CLUBS JACK,0.5946,0.0038,0.4016
CLUBS QUEEN HEARTS EIGHT,0.5942,0.006,0.3998
CLUBS KING HEARTS EIGHT,0.6086,0.0036,0.3878
SPADES KING CLUBS KING,0.3056,0.0042,0.6902
SPADES QUEEN CLUBS KING,0.588,0.0048,0.4072
SPADES ACE CLUBS KING,0.2598,0.0516,0.6886
DIAMONDS ACE HEARTS TEN,0.2514,0.1212,0.6274
HEARTS FOUR HEARTS TEN,0.6,0.0028,0.3972
DIAMONDS ACE HEARTS JACK,0.2554,0.091,0.6536
HEARTS FOUR HEARTS JACK,0.6058,0.0048,0.3894
SPADES KING CLUBS FIVE,0.7446,0.027,0.2284
SPADES QUEEN CLUBS FIVE,0.7474,0.0308,0.2218
SPADES ACE CLUBS FIVE,0.0186,0.9722,0.0092
HEARTS SEVEN DIAMONDS JACK,0.5772,0.0058,0.417
HEARTS SIX DIAMONDS JACK,0.604,0.004,0.392
DIAMONDS JACK HEARTS NINE,0.5786,0.0038,0.4176
DIAMONDS JACK HEARTS EIGHT,0.585,0.003,0.412
DIAMONDS KING DIAMONDS JACK,0.5448,0.0054,0.4498
HEARTS THREE DIAMONDS JACK,0.6504,0.005,0.3446
SPADES ACE SPADES SIX,0.2392,0.3538,0.407
HEARTS ACE SPADES FOUR,0.3192,0.461,0.2198
DIAMONDS QUEEN DIAMONDS JACK,0.5196,0.0046,0.4758
HEARTS TWO DIAMONDS JACK,0.645,0.0062,0.3488
HEARTS FIVE DIAMONDS JACK,0.7288,0.0306,0.2406
SPADES QUEEN SPADES SIX,0.582,0.0042,0.4138
SPADES FOUR HEARTS QUEEN,0.656,0.0024,0.3416
DIAMONDS ACE DIAMONDS JACK,0.2528,0.0872,0.66
HEARTS FOUR DIAMONDS JACK,0.642,0.0028,0.3552
SPADES KING SPADES SIX,0.567,0.0044,0.4286
SPADES FOUR HEARTS KING,0.6372,0.0032,0.3596
SPADES TEN SPADES SIX,0.5612,0.0034,0.4354
SPADES JACK SPADES SIX,0.5826,0.0044,0.413
SPADES FOUR DIAMONDS JACK,0.6464,0.0038,0.3498
SPADES FIVE DIAMONDS JACK,0.7254,0.0334,0.2412
DIAMONDS JACK SPADES TWO,0.6492,0.0044,0.3464
SPADES THREE DIAMONDS JACK,0.6516,0.004,0.3444
SPADES ACE DIAMONDS THREE,0.322,0.4544,0.2236
SPADES QUEEN DIAMONDS THREE,0.6486,0.0054,0.346
CLUBS EIGHT DIAMONDS JACK,0.5908,0.0054,0.4038
SPADES KING DIAMONDS THREE,0.6538,0.0028,0.3434
CLUBS NINE DIAMONDS JACK,0.5674,0.0048,0.4278
CLUBS SIX DIAMONDS JACK,0.606,0.0034,0.3906
CLUBS SEVEN DIAMONDS JACK,0.5954,0.0058,0.3988
CLUBS FOUR DIAMONDS JACK,0.651,0.0056,0.3434
CLUBS FIVE DIAMONDS JACK,0.747,0.0316,0.2214
CLUBS TWO DIAMONDS JACK,0.6536,0.0056,0.3408
CLUBS THREE DIAMONDS JACK,0.648,0.0046,0.3474
SPADES TEN CLUBS FIVE,0.7454,0.021,0.2336
SPADES JACK HEARTS SIX,0.6172,0.0032,0.3796
HEARTS SIX SPADES TEN,0.5924,0.0032,0.4044
SPADES JACK CLUBS FIVE,0.7444,0.0292,0.2264
SPADES JACK DIAMONDS THREE,0.6512,0.0052,0.3436
DIAMONDS THREE SPADES TEN,0.6402,0.0044,0.3554
CLUBS SEVEN CLUBS QUEEN,0.5834,0.0056,0.411
CLUBS SEVEN CLUBS KING,0.595,0.0078,0.3972
SPADES NINE DIAMONDS JACK,0.5772,0.0038,0.419
CLUBS TEN CLUBS SEVEN,0.5482,0.0048,0.447
DIAMONDS ACE HEARTS ACE,0.0796,0.0164,0.904
HEARTS FOUR HEARTS ACE,0.2968,0.436,0.2672
SPADES EIGHT DIAMONDS JACK,0.5876,0.0032,0.4092
SPADES ACE HEARTS SIX,0.249,0.3834,0.3676
CLUBS SEVEN CLUBS JACK,0.578,0.0068,0.4152
DIAMONDS ACE HEARTS KING,0.2556,0.0466,0.6978
HEARTS FOUR HEARTS KING,0.6132,0.0048,0.382
SPADES SEVEN DIAMONDS JACK,0.608,0.0044,0.3876
SPADES KING HEARTS SIX,0.6098,0.0034,0.3868
DIAMONDS ACE HEARTS QUEEN,0.2584,0.066,0.6756
HEARTS FOUR HEARTS QUEEN,0.6176,0.0048,0.3776
SPADES QUEEN HEARTS SIX,0.6064,0.0026,0.391
SPADES SIX DIAMONDS JACK,0.61,0.0052,0.3848
DIAMONDS TEN SPADES TWO,0.6358,0.0054,0.3588
DIAMONDS TEN SPADES THREE,0.6516,0.0042,0.3442
DIAMONDS TEN SPADES FOUR,0.627,0.0042,0.3688
DIAMONDS TEN SPADES FIVE,0.733,0.0256,0.2414
SPADES SIX DIAMONDS TEN,0.5878,0.006,0.4062
SPADES SEVEN DIAMONDS TEN,0.5766,0.0052,0.4182
SPADES EIGHT DIAMONDS TEN,0.5612,0.004,0.4348
SPADES NINE DIAMONDS TEN,0.5506,0.0054,0.444
CLUBS FOUR DIAMONDS TEN,0.65,0.0038,0.3462
CLUBS FIVE DIAMONDS TEN,0.7434,0.025,0.2316
CLUBS SIX DIAMONDS TEN,0.61,0.0044,0.3856
CLUBS SEVEN DIAMONDS TEN,0.5784,0.0054,0.4162
CLUBS EIGHT DIAMONDS TEN,0.5712,0.0052,0.4236
CLUBS NINE DIAMONDS TEN,0.5622,0.0046,0.4332
DIAMONDS THREE CLUBS JACK,0.6632,0.0058,0.331
CLUBS TEN DIAMONDS THREE,0.6482,0.0052,0.3466
DIAMONDS THREE CLUBS KING,0.659,0.0052,0.3358
DIAMONDS THREE CLUBS QUEEN,0.651,0.0072,0.3418
SPADES FOUR HEARTS JACK,0.6438,0.004,0.3522
SPADES FOUR HEARTS TEN,0.6406,0.0032,0.3562
SPADES FIVE SPADES TWO,0.699,0.0252,0.2758
SPADES FOUR SPADES TWO,0.6272,0.004,0.3688
SPADES THREE SPADES TWO,0.6128,0.0062,0.381
SPADES NINE SPADES TWO,0.61,0.0056,0.3844
SPADES EIGHT SPADES TWO,0.617,0.0048,0.3782
SPADES SEVEN SPADES TWO,0.6094,0.0042,0.3864
SPADES SIX SPADES TWO,0.6082,0.005,0.3868
CLUBS THREE DIAMONDS QUEEN,0.654,0.0064,0.3396
CLUBS THREE HEARTS TWO,0.6614,0.0064,0.3322
CLUBS TWO DIAMONDS QUEEN,0.6572,0.0066,0.3362
HEARTS TWO CLUBS TWO,0.482,0.006,0.512
HEARTS SEVEN DIAMONDS QUEEN,0.616,0.0056,0.3784
HEARTS SEVEN HEARTS TWO,0.6236,0.0042,0.3722
HEARTS SIX DIAMONDS QUEEN,0.599,0.0052,0.3958
HEARTS SIX HEARTS TWO,0.6264,0.0032,0.3704
DIAMONDS QUEEN HEARTS NINE,0.581,0.0036,0.4154
HEARTS TWO HEARTS NINE,0.6086,0.0044,0.387
DIAMONDS QUEEN HEARTS EIGHT,0.5912,0.0038,0.405
HEARTS TWO HEARTS EIGHT,0.6068,0.0048,0.3884
CLUBS NINE HEARTS TWO,0.6598,0.0054,0.3348
CLUBS NINE DIAMONDS QUEEN,0.5766,0.0044,0.419
CLUBS EIGHT HEARTS TWO,0.6646,0.0028,0.3326
CLUBS EIGHT DIAMONDS QUEEN,0.5898,0.0044,0.4058
CLUBS FIVE DIAMONDS QUEEN,0.7422,0.0278,0.23
CLUBS FIVE HEARTS TWO,0.751,0.0258,0.2232
SPADES EIGHT HEARTS ACE,0.2536,0.2254,0.521
CLUBS FOUR DIAMONDS QUEEN,0.6418,0.0046,0.3536
CLUBS FOUR HEARTS TWO,0.6732,0.0056,0.3212
CLUBS SEVEN DIAMONDS QUEEN,0.6208,0.0044,0.3748
CLUBS SEVEN HEARTS TWO,0.6458,0.0058,0.3484
SPADES EIGHT HEARTS QUEEN,0.5994,0.004,0.3966
CLUBS SIX DIAMONDS QUEEN,0.6018,0.004,0.3942
CLUBS SIX HEARTS TWO,0.6606,0.0068,0.3326
SPADES EIGHT HEARTS KING,0.6228,0.0042,0.373
HEARTS TWO SPADES SIX,0.647,0.0048,0.3482
SPADES SIX DIAMONDS QUEEN,0.6072,0.0024,0.3904
HEARTS FOUR CLUBS QUEEN,0.6634,0.0042,0.3324
DIAMONDS ACE CLUBS QUEEN,0.269,0.0612,0.6698
SPADES SEVEN DIAMONDS QUEEN,0.5998,0.003,0.3972
SPADES SEVEN HEARTS TWO,0.656,0.0058,0.3382
HEARTS FOUR CLUBS KING,0.6554,0.0074,0.3372
DIAMONDS ACE CLUBS KING,0.2632,0.0502,0.6866
SPADES EIGHT DIAMONDS QUEEN,0.5898,0.0058,0.4044
SPADES EIGHT HEARTS TWO,0.6474,0.0044,0.3482
SPADES NINE DIAMONDS QUEEN,0.588,0.0036,0.4084
SPADES NINE HEARTS TWO,0.6464,0.0052,0.3484
HEARTS TWO SPADES TWO,0.4794,0.0064,0.5142
DIAMONDS QUEEN SPADES TWO,0.6422,0.0056,0.3522
HEARTS TWO SPADES THREE,0.6642,0.0054,0.3304
DIAMONDS QUEEN SPADES THREE,0.6406,0.0064,0.353
HEARTS TWO SPADES FOUR,0.6686,0.005,0.3264
SPADES FOUR DIAMONDS QUEEN,0.6452,0.0052,0.3496
CLUBS TEN HEARTS FOUR,0.6468,0.0038,0.3494
CLUBS TEN DIAMONDS ACE,0.2522,0.1182,0.6296
HEARTS TWO SPADES FIVE,0.7356,0.0258,0.2386
SPADES FIVE DIAMONDS QUEEN,0.7358,0.0292,0.235
HEARTS FOUR CLUBS JACK,0.6454,0.0052,0.3494
DIAMONDS ACE CLUBS JACK,0.25,0.095,0.655
CLUBS FIVE CLUBS KING,0.711,0.0338,0.2552
CLUBS FIVE CLUBS QUEEN,0.7106,0.0298,0.2596
CLUBS FIVE CLUBS JACK,0.7048,0.027,0.2682
CLUBS TEN CLUBS FIVE,0.7136,0.0236,0.2628
SPADES KING CLUBS JACK,0.59,0.006,0.404
SPADES QUEEN CLUBS JACK,0.5662,0.0066,0.4272
SPADES ACE CLUBS JACK,0.2586,0.0852,0.6562
SPADES SIX CLUBS KING,0.6264,0.004,0.3696
SPADES SIX CLUBS QUEEN,0.6206,0.0042,0.3752
SPADES EIGHT HEARTS JACK,0.574,0.0048,0.4212
SPADES EIGHT HEARTS TEN,0.5686,0.0036,0.4278
SPADES SIX CLUBS JACK,0.6188,0.0042,0.377
CLUBS TEN SPADES SIX,0.5996,0.0034,0.397
SPADES TEN CLUBS JACK,0.5562,0.0044,0.4394
SPADES JACK CLUBS JACK,0.3302,0.0026,0.6672
SPADES QUEEN CLUBS SEVEN,0.6164,0.003,0.3806
SPADES KING CLUBS SEVEN,0.6026,0.0036,0.3938
SPADES ACE CLUBS SEVEN,0.2354,0.3164,0.4482
SPADES SIX HEARTS TEN,0.6048,0.0052,0.39
SPADES SIX HEARTS JACK,0.6266,0.0054,0.368
SPADES SIX HEARTS ACE,0.2424,0.3868,0.3708
SPADES SIX HEARTS KING,0.6124,0.0028,0.3848
SPADES SIX HEARTS QUEEN,0.6116,0.0038,0.3846
CLUBS SEVEN SPADES JACK,0.6056,0.0036,0.3908
CLUBS SEVEN SPADES TEN,0.5778,0.0044,0.4178
CLUBS TEN HEARTS SIX,0.5932,0.0046,0.4022
HEARTS SIX CLUBS JACK,0.6204,0.0042,0.3754
HEARTS SIX CLUBS QUEEN,0.611,0.0048,0.3842
HEARTS SIX CLUBS KING,0.6122,0.004,0.3838
CLUBS QUEEN CLUBS JACK,0.552,0.0064,0.4416
CLUBS KING CLUBS JACK,0.552,0.0064,0.4416
DIAMONDS THREE HEARTS ACE,0.3154,0.464,0.2206
DIAMONDS THREE HEARTS QUEEN,0.641,0.0046,0.3544
DIAMONDS THREE HEARTS KING,0.652,0.0056,0.3424
CLUBS FIVE HEARTS JACK,0.7284,0.0344,0.2372
SPADES TEN DIAMONDS ACE,0.2458,0.1264,0.6278
HEARTS FOUR SPADES TEN,0.64,0.0026,0.3574
CLUBS FIVE HEARTS TEN,0.7406,0.0264,0.233
HEARTS FOUR SPADES JACK,0.6464,0.0042,0.3494
SPADES JACK DIAMONDS ACE,0.2588,0.0866,0.6546
SPADES ACE HEARTS FOUR,0.3198,0.4642,0.216
SPADES ACE DIAMONDS ACE,0.0728,0.0136,0.9136
CLUBS FIVE HEARTS ACE,0.0212,0.97,0.0088
CLUBS FIVE HEARTS KING,0.74,0.033,0.227
HEARTS FOUR SPADES QUEEN,0.6456,0.004,0.3504
SPADES QUEEN DIAMONDS ACE,0.251,0.0678,0.6812
SPADES FOUR CLUBS JACK,0.639,0.0054,0.3556
CLUBS FIVE HEARTS QUEEN,0.7448,0.0282,0.227
SPADES KING DIAMONDS ACE,0.2646,0.045,0.6904
SPADES KING HEARTS FOUR,0.6432,0.0052,0.3516
CLUBS TEN SPADES FOUR,0.6486,0.0056,0.3458
DIAMONDS ACE DIAMONDS QUEEN,0.247,0.0646,0.6884
DIAMONDS ACE HEARTS TWO,0.3246,0.4566,0.2188
HEARTS FOUR DIAMONDS QUEEN,0.644,0.0042,0.3518
HEARTS FOUR HEARTS TWO,0.6342,0.0062,0.3596
DIAMONDS THREE HEARTS TEN,0.659,0.0038,0.3372
SPADES FOUR CLUBS KING,0.6526,0.0052,0.3422
HEARTS FIVE DIAMONDS QUEEN,0.7316,0.0306,0.2378
HEARTS FIVE HEARTS TWO,0.6866,0.0292,0.2842
DIAMONDS THREE HEARTS JACK,0.6522,0.0064,0.3414
SPADES FOUR CLUBS QUEEN,0.6676,0.0046,0.3278
HEARTS TWO DIAMONDS QUEEN,0.6484,0.0074,0.3442
DIAMONDS KING DIAMONDS QUEEN,0.5302,0.0042,0.4656
DIAMONDS KING HEARTS TWO,0.6632,0.0056,0.3312
HEARTS THREE DIAMONDS QUEEN,0.6392,0.0042,0.3566
HEARTS THREE HEARTS TWO,0.6144,0.0056,0.38
HEARTS TWO CLUBS QUEEN,0.6452,0.006,0.3488
DIAMONDS QUEEN CLUBS QUEEN,0.301,0.0056,0.6934
HEARTS TWO CLUBS KING,0.655,0.0042,0.3408
DIAMONDS QUEEN CLUBS KING,0.5852,0.0042,0.4106
SPADES EIGHT SPADES FIVE,0.6676,0.0192,0.3132
CLUBS TEN HEARTS TWO,0.648,0.0058,0.3462
CLUBS TEN DIAMONDS QUEEN,0.5664,0.0052,0.4284
SPADES NINE SPADES FIVE,0.6964,0.0226,0.281
HEARTS TWO CLUBS JACK,0.6482,0.006,0.3458
DIAMONDS QUEEN CLUBS JACK,0.5576,0.0042,0.4382
SPADES SIX SPADES FIVE,0.6824,0.0204,0.2972
SPADES SEVEN SPADES FIVE,0.6662,0.0172,0.3166
SPADES EIGHT CLUBS KING,0.6116,0.0046,0.3838
SPADES EIGHT CLUBS QUEEN,0.5978,0.0036,0.3986
SPADES EIGHT CLUBS JACK,0.5942,0.0038,0.402
CLUBS TEN SPADES EIGHT,0.5664,0.004,0.4296
DIAMONDS TEN HEARTS JACK,0.5356,0.0054,0.459
DIAMONDS TEN HEARTS TEN,0.3154,0.004,0.6806
SPADES ACE CLUBS NINE,0.2696,0.1674,0.563
CLUBS NINE SPADES QUEEN,0.5902,0.005,0.4048
CLUBS NINE SPADES KING,0.5998,0.0044,0.3958
HEARTS SIX HEARTS KING,0.5882,0.003,0.4088
DIAMONDS KING SPADES SEVEN,0.5952,0.0058,0.399
HEARTS THREE SPADES SEVEN,0.6462,0.0034,0.3504
SPADES KING DIAMONDS SEVEN,0.6168,0.0042,0.379
HEARTS SIX HEARTS QUEEN,0.573,0.0024,0.4246
SPADES QUEEN DIAMONDS SEVEN,0.6036,0.0044,0.392
HEARTS THREE SPADES SIX,0.635,0.0046,0.3604
DIAMONDS KING SPADES SIX,0.61,0.0052,0.3848
SPADES NINE DIAMONDS KING,0.594,0.0058,0.4002
SPADES NINE HEARTS THREE,0.6364,0.005,0.3586
HEARTS SIX HEARTS ACE,0.2384,0.3592,0.4024
DIAMONDS KING SPADES EIGHT,0.6026,0.004,0.3934
SPADES EIGHT HEARTS THREE,0.6636,0.005,0.3314
SPADES ACE DIAMONDS SEVEN,0.2394,0.3012,0.4594
CLUBS NINE HEARTS THREE,0.6594,0.0042,0.3364
CLUBS NINE DIAMONDS KING,0.6004,0.0046,0.395
CLUBS EIGHT HEARTS THREE,0.6672,0.0042,0.3286
CLUBS EIGHT DIAMONDS KING,0.6174,0.0052,0.3774
HEARTS THREE SPADES THREE,0.4668,0.004,0.5292
DIAMONDS KING SPADES THREE,0.6576,0.0066,0.3358
HEARTS THREE SPADES TWO,0.6602,0.0062,0.3336
DIAMONDS KING SPADES TWO,0.649,0.0058,0.3452
HEARTS THREE SPADES FIVE,0.7188,0.0246,0.2566
DIAMONDS KING SPADES FIVE,0.736,0.0284,0.2356
HEARTS THREE SPADES FOUR,0.652,0.0052,0.3428
DIAMONDS KING SPADES FOUR,0.6398,0.0054,0.3548
