opposingHand,winningChance,drawChance,lostChance
DIAMONDS ACE DIAMONDS SEVEN
CLUBS EIGHT CLUBS KING,0.5892,0.0062,0.4046
DIAMONDS TWO DIAMONDS KING,0.6588,0.0082,0.333
SPADES FIVE HEARTS QUEEN,0.6568,0.0054,0.3378
SPADES SIX DIAMONDS SIX,0.4826,0.006,0.5114
CLUBS THREE CLUBS ACE,0.458,0.2736,0.2684
DIAMONDS THREE SPADES FIVE,0.661,0.006,0.333
SPADES QUEEN HEARTS JACK,0.5824,0.0042,0.4134
DIAMONDS SIX HEARTS NINE,0.6502,0.005,0.3448
SPADES SEVEN HEARTS QUEEN,0.7514,0.0264,0.2222
SPADES KING DIAMONDS QUEEN,0.5992,0.0058,0.395
DIAMONDS TEN CLUBS ACE,0.2706,0.1224,0.607
DIAMONDS TEN DIAMONDS NINE,0.5598,0.0054,0.4348
HEARTS SEVEN CLUBS NINE,0.7284,0.0214,0.2502
HEARTS EIGHT HEARTS FOUR,0.61,0.0054,0.3846
HEARTS FIVE CLUBS SIX,0.6538,0.0032,0.343
CLUBS NINE SPADES JACK,0.6006,0.0034,0.396
DIAMONDS EIGHT HEARTS NINE,0.59,0.0046,0.4054
HEARTS SIX HEARTS NINE,0.6074,0.003,0.3896
SPADES KING HEARTS TEN,0.5932,0.0034,0.4034
CLUBS EIGHT SPADES EIGHT,0.3752,0.004,0.6208
HEARTS EIGHT DIAMONDS FIVE,0.644,0.0046,0.3514
SPADES QUEEN CLUBS ACE,0.2904,0.0604,0.6492
SPADES JACK CLUBS FIVE,0.654,0.0048,0.3412
CLUBS SIX HEARTS QUEEN,0.6588,0.0038,0.3374
SPADES KING CLUBS NINE,0.629,0.0034,0.3676
HEARTS THREE SPADES SIX,0.6712,0.0038,0.325
DIAMONDS TWO SPADES THREE,0.6642,0.0062,0.3296
SPADES TWO DIAMONDS FOUR,0.6754,0.0062,0.3184
HEARTS THREE SPADES TWO,0.6834,0.0052,0.3114
HEARTS TWO DIAMONDS TEN,0.6616,0.0054,0.333
HEARTS FOUR DIAMONDS FOUR,0.488,0.0056,0.5064
HEARTS SIX CLUBS SIX,0.4822,0.0046,0.5132
SPADES ACE HEARTS EIGHT,0.2738,0.2066,0.5196
HEARTS FIVE HEARTS FOUR,0.6074,0.0058,0.3868
HEARTS SEVEN DIAMONDS TEN,0.7224,0.0244,0.2532
DIAMONDS TWO DIAMONDS TEN,0.6612,0.0054,0.3334
CLUBS SIX DIAMONDS EIGHT,0.6246,0.0046,0.3708
CLUBS EIGHT HEARTS THREE,0.6648,0.0036,0.3316
SPADES QUEEN HEARTS KING,0.6024,0.004,0.3936
HEARTS THREE CLUBS FOUR,0.6752,0.0046,0.3202
CLUBS JACK HEARTS EIGHT,0.61,0.0048,0.3852
SPADES ACE SPADES SEVEN,0.073,0.849,0.078
DIAMONDS TEN HEARTS NINE,0.5826,0.0034,0.414
DIAMONDS TWO SPADES JACK,0.655,0.006,0.339
HEARTS SIX SPADES SIX,0.4794,0.0032,0.5174
DIAMONDS JACK SPADES TWO,0.6624,0.0046,0.333
SPADES SIX SPADES FOUR,0.6258,0.0034,0.3708
DIAMONDS KING CLUBS THREE,0.6474,0.0056,0.347
DIAMONDS JACK DIAMONDS TEN,0.5604,0.0052,0.4344
DIAMONDS KING SPADES THREE,0.6556,0.0068,0.3376
CLUBS TEN SPADES FOUR,0.6494,0.004,0.3466
SPADES FOUR DIAMONDS SIX,0.6596,0.005,0.3354
HEARTS FIVE HEARTS TWO,0.6252,0.005,0.3698
SPADES JACK SPADES SEVEN,0.705,0.0224,0.2726
HEARTS SIX HEARTS JACK,0.6332,0.0028,0.364
CLUBS TEN CLUBS TWO,0.6314,0.0064,0.3622
DIAMONDS FIVE HEARTS NINE,0.6522,0.0038,0.344
CLUBS SEVEN SPADES SIX,0.7118,0.0286,0.2596
SPADES KING HEARTS FIVE,0.6502,0.0038,0.346
SPADES ACE CLUBS FOUR,0.484,0.2804,0.2356
CLUBS JACK HEARTS QUEEN,0.583,0.004,0.413
CLUBS JACK SPADES SIX,0.6604,0.004,0.3356
SPADES QUEEN HEARTS TWO,0.6564,0.0056,0.338
SPADES THREE HEARTS KING,0.6572,0.0052,0.3376
SPADES SIX CLUBS ACE,0.5148,0.2838,0.2014
CLUBS SIX SPADES SIX,0.4786,0.004,0.5174
SPADES TEN DIAMONDS QUEEN,0.584,0.005,0.411
HEARTS QUEEN HEARTS TEN,0.545,0.0044,0.4506
HEARTS FOUR HEARTS KING,0.622,0.0042,0.3738
CLUBS SIX CLUBS QUEEN,0.6228,0.0032,0.374
CLUBS EIGHT SPADES TWO,0.6686,0.0042,0.3272
DIAMONDS THREE CLUBS TEN,0.651,0.003,0.346
CLUBS EIGHT DIAMONDS SIX,0.6346,0.006,0.3594
HEARTS ACE DIAMONDS EIGHT,0.2722,0.2144,0.5134
HEARTS FOUR HEARTS THREE,0.6112,0.0066,0.3822
SPADES QUEEN DIAMONDS FIVE,0.649,0.0052,0.3458
SPADES EIGHT HEARTS ACE,0.2746,0.212,0.5134
CLUBS JACK CLUBS EIGHT,0.573,0.0034,0.4236
SPADES SEVEN DIAMONDS QUEEN,0.742,0.0234,0.2346
CLUBS EIGHT HEARTS TEN,0.6036,0.0034,0.393
HEARTS TWO CLUBS QUEEN,0.6612,0.0054,0.3334
CLUBS NINE SPADES FIVE,0.6482,0.0058,0.346
CLUBS FOUR CLUBS KING,0.6138,0.0058,0.3804
DIAMONDS THREE DIAMONDS FIVE,0.6482,0.0072,0.3446
SPADES FOUR HEARTS JACK,0.6506,0.0048,0.3446
DIAMONDS TWO DIAMONDS QUEEN,0.6572,0.0062,0.3366
SPADES KING DIAMONDS FIVE,0.6616,0.005,0.3334
HEARTS FIVE DIAMONDS EIGHT,0.643,0.0038,0.3532
SPADES ACE HEARTS ACE,0.1106,0.0078,0.8816
DIAMONDS TWO SPADES NINE,0.6634,0.005,0.3316
DIAMONDS TEN SPADES TWO,0.6556,0.0058,0.3386
SPADES TEN CLUBS SEVEN,0.7268,0.0234,0.2498
HEARTS SIX SPADES TEN,0.669,0.0034,0.3276
SPADES FOUR HEARTS ACE,0.4856,0.2772,0.2372
DIAMONDS THREE DIAMONDS TEN,0.6616,0.0078,0.3306
CLUBS TEN DIAMONDS EIGHT,0.5964,0.0038,0.3998
DIAMONDS TEN HEARTS QUEEN,0.588,0.0048,0.4072
SPADES TEN CLUBS THREE,0.6618,0.004,0.3342
CLUBS NINE HEARTS QUEEN,0.5898,0.0046,0.4056
CLUBS JACK DIAMONDS SIX,0.6714,0.0064,0.3222
CLUBS EIGHT DIAMONDS FOUR,0.6496,0.0056,0.3448
SPADES KING DIAMONDS SIX,0.6718,0.0034,0.3248
SPADES TEN SPADES FOUR,0.6072,0.0076,0.3852
CLUBS SIX CLUBS FIVE,0.602,0.0042,0.3938
DIAMONDS THREE HEARTS SEVEN,0.7498,0.0314,0.2188
CLUBS JACK CLUBS FIVE,0.6272,0.0048,0.368
CLUBS FOUR DIAMONDS SIX,0.663,0.0058,0.3312
DIAMONDS TWO HEARTS FOUR,0.6666,0.005,0.3284
SPADES EIGHT DIAMONDS FIVE,0.6322,0.004,0.3638
HEARTS THREE HEARTS QUEEN,0.6166,0.0046,0.3788
HEARTS EIGHT CLUBS ACE,0.268,0.216,0.516
SPADES TWO HEARTS QUEEN,0.6728,0.0042,0.323
HEARTS EIGHT HEARTS QUEEN,0.5806,0.003,0.4164
SPADES NINE DIAMONDS SIX,0.6404,0.0048,0.3548
SPADES ACE CLUBS TWO,0.4998,0.2782,0.222
SPADES KING SPADES JACK,0.5502,0.0032,0.4466
CLUBS TWO DIAMONDS FOUR,0.6696,0.0058,0.3246
HEARTS QUEEN DIAMONDS EIGHT,0.602,0.0036,0.3944
DIAMONDS THREE DIAMONDS FOUR,0.6546,0.006,0.3394
DIAMONDS TWO CLUBS SEVEN,0.7658,0.0302,0.204
CLUBS FOUR HEARTS TEN,0.6588,0.003,0.3382
HEARTS THREE DIAMONDS FOUR,0.6604,0.0052,0.3344
CLUBS JACK SPADES KING,0.6172,0.003,0.3798
HEARTS FOUR SPADES FOUR,0.4918,0.0046,0.5036
CLUBS JACK CLUBS TEN,0.5486,0.0048,0.4466
SPADES JACK DIAMONDS QUEEN,0.5784,0.003,0.4186
CLUBS EIGHT DIAMONDS JACK,0.601,0.005,0.394
SPADES QUEEN DIAMONDS SIX,0.6686,0.0042,0.3272
DIAMONDS SIX DIAMONDS FOUR,0.6552,0.006,0.3388
CLUBS THREE DIAMONDS QUEEN,0.6496,0.0046,0.3458
SPADES QUEEN SPADES FOUR,0.6148,0.004,0.3812
HEARTS EIGHT SPADES EIGHT,0.3726,0.003,0.6244
SPADES THREE DIAMONDS EIGHT,0.6618,0.0056,0.3326
CLUBS SEVEN HEARTS NINE,0.7168,0.0226,0.2606
SPADES KING DIAMONDS EIGHT,0.6308,0.0044,0.3648
CLUBS SEVEN DIAMONDS KING,0.7476,0.0264,0.226
CLUBS JACK SPADES FOUR,0.654,0.0026,0.3434
CLUBS TEN DIAMONDS TWO,0.6598,0.0064,0.3338
CLUBS NINE DIAMONDS FIVE,0.6448,0.006,0.3492
CLUBS THREE HEARTS QUEEN,0.6674,0.0042,0.3284
HEARTS EIGHT HEARTS ACE,0.266,0.2034,0.5306
HEARTS FIVE SPADES NINE,0.6554,0.0034,0.3412
SPADES FIVE HEARTS ACE,0.499,0.2776,0.2234
SPADES QUEEN HEARTS TEN,0.581,0.0028,0.4162
SPADES JACK HEARTS THREE,0.663,0.004,0.333
DIAMONDS NINE DIAMONDS EIGHT,0.584,0.0058,0.4102
SPADES TEN DIAMONDS FIVE,0.6528,0.0056,0.3416
SPADES SEVEN DIAMONDS TEN,0.7228,0.0208,0.2564
SPADES NINE CLUBS FOUR,0.6684,0.0048,0.3268
SPADES SIX SPADES THREE,0.636,0.0046,0.3594
CLUBS TEN SPADES FIVE,0.6676,0.003,0.3294
SPADES ACE HEARTS NINE,0.2858,0.1708,0.5434
CLUBS JACK SPADES JACK,0.3406,0.0014,0.658
HEARTS SIX CLUBS EIGHT,0.6394,0.0032,0.3574
HEARTS SIX CLUBS FOUR,0.6564,0.004,0.3396
DIAMONDS KING DIAMONDS TEN,0.5918,0.0064,0.4018
HEARTS FIVE HEARTS JACK,0.6174,0.0042,0.3784
HEARTS THREE DIAMONDS TEN,0.668,0.0068,0.3252
HEARTS SEVEN SPADES FIVE,0.7294,0.025,0.2456
CLUBS JACK SPADES EIGHT,0.6126,0.0034,0.384
DIAMONDS THREE DIAMONDS JACK,0.6586,0.0048,0.3366
CLUBS TWO CLUBS ACE,0.4644,0.2618,0.2738
SPADES SIX HEARTS NINE,0.6528,0.003,0.3442
SPADES KING CLUBS TEN,0.6074,0.004,0.3886
CLUBS TEN CLUBS FOUR,0.6146,0.004,0.3814
SPADES TEN HEARTS JACK,0.5838,0.0032,0.413
SPADES NINE CLUBS THREE,0.67,0.004,0.326
DIAMONDS JACK DIAMONDS FIVE,0.663,0.0076,0.3294
SPADES QUEEN DIAMONDS KING,0.579,0.0062,0.4148
SPADES THREE SPADES TWO,0.6366,0.0076,0.3558
SPADES QUEEN DIAMONDS NINE,0.604,0.0032,0.3928
DIAMONDS NINE DIAMONDS SIX,0.6492,0.0042,0.3466
CLUBS NINE CLUBS ACE,0.2682,0.1538,0.578
HEARTS KING CLUBS KING,0.3234,0.004,0.6726
HEARTS SEVEN CLUBS ACE,0.073,0.9074,0.0196
CLUBS JACK SPADES TEN,0.579,0.0048,0.4162
HEARTS TWO SPADES SEVEN,0.7728,0.0256,0.2016
DIAMONDS EIGHT DIAMONDS FIVE,0.6378,0.0068,0.3554
HEARTS SEVEN HEARTS KING,0.7018,0.0278,0.2704
SPADES KING CLUBS QUEEN,0.5926,0.0056,0.4018
CLUBS EIGHT CLUBS QUEEN,0.5702,0.004,0.4258
CLUBS FIVE DIAMONDS FIVE,0.4856,0.0044,0.51
DIAMONDS TWO CLUBS TWO,0.4946,0.0046,0.5008
SPADES SIX DIAMONDS TEN,0.66,0.005,0.335
CLUBS JACK SPADES NINE,0.601,0.004,0.395
CLUBS ACE DIAMONDS SIX,0.5022,0.2852,0.2126
CLUBS FOUR DIAMONDS KING,0.6674,0.0046,0.328
CLUBS JACK CLUBS TWO,0.6212,0.0056,0.3732
CLUBS NINE DIAMONDS EIGHT,0.5896,0.0038,0.4066
SPADES FOUR SPADES THREE,0.6084,0.0044,0.3872
SPADES EIGHT DIAMONDS EIGHT,0.3676,0.0036,0.6288
SPADES THREE DIAMONDS SIX,0.6666,0.0058,0.3276
SPADES KING CLUBS KING,0.3196,0.0048,0.6756
CLUBS TWO DIAMONDS SIX,0.68,0.0048,0.3152
SPADES NINE HEARTS TWO,0.6762,0.004,0.3198
SPADES QUEEN CLUBS SIX,0.657,0.0062,0.3368
SPADES QUEEN HEARTS NINE,0.6114,0.0038,0.3848
HEARTS THREE HEARTS KING,0.627,0.006,0.367
HEARTS JACK HEARTS NINE,0.562,0.0062,0.4318
DIAMONDS THREE DIAMONDS QUEEN,0.6504,0.0056,0.344
CLUBS JACK HEARTS SEVEN,0.7354,0.0222,0.2424
HEARTS QUEEN CLUBS KING,0.5996,0.0038,0.3966
DIAMONDS EIGHT DIAMONDS FOUR,0.6486,0.0062,0.3452
CLUBS TEN DIAMONDS QUEEN,0.5712,0.0062,0.4226
SPADES QUEEN SPADES TEN,0.545,0.0054,0.4496
SPADES QUEEN SPADES SEVEN,0.7224,0.0232,0.2544
SPADES FIVE DIAMONDS FIVE,0.4818,0.005,0.5132
SPADES EIGHT SPADES THREE,0.618,0.0042,0.3778
DIAMONDS KING DIAMONDS EIGHT,0.6258,0.005,0.3692
HEARTS SIX SPADES EIGHT,0.6408,0.0042,0.355
SPADES EIGHT SPADES FIVE,0.6034,0.0038,0.3928
CLUBS SIX HEARTS ACE,0.5098,0.2816,0.2086
HEARTS SEVEN HEARTS QUEEN,0.6988,0.021,0.2802
HEARTS THREE DIAMONDS FIVE,0.6462,0.006,0.3478
HEARTS TWO DIAMONDS FOUR,0.6658,0.0032,0.331
HEARTS EIGHT SPADES JACK,0.6054,0.0036,0.391
SPADES ACE HEARTS THREE,0.4924,0.2776,0.23
HEARTS EIGHT DIAMONDS TEN,0.5852,0.0054,0.4094
HEARTS SIX HEARTS FOUR,0.6306,0.0052,0.3642
HEARTS THREE CLUBS THREE,0.5008,0.0062,0.493
CLUBS THREE DIAMONDS NINE,0.647,0.0052,0.3478
CLUBS NINE SPADES FOUR,0.6688,0.005,0.3262
SPADES NINE DIAMONDS JACK,0.601,0.0034,0.3956
HEARTS KING HEARTS QUEEN,0.5554,0.0044,0.4402
SPADES EIGHT SPADES SEVEN,0.648,0.0178,0.3342
HEARTS EIGHT SPADES SIX,0.6334,0.0042,0.3624
SPADES SEVEN CLUBS TWO,0.7708,0.0292,0.2
SPADES SIX CLUBS TWO,0.6874,0.005,0.3076
CLUBS SIX DIAMONDS QUEEN,0.6578,0.0054,0.3368
SPADES KING SPADES FOUR,0.6256,0.0048,0.3696
HEARTS EIGHT CLUBS KING,0.631,0.0038,0.3652
DIAMONDS TWO HEARTS QUEEN,0.6608,0.007,0.3322
CLUBS QUEEN HEARTS NINE,0.6108,0.0038,0.3854
HEARTS ACE HEARTS NINE,0.266,0.151,0.583
DIAMONDS TWO DIAMONDS FIVE,0.665,0.0054,0.3296
CLUBS THREE DIAMONDS TEN,0.6536,0.0044,0.342
SPADES ACE DIAMONDS FIVE,0.4808,0.2946,0.2246
SPADES TEN CLUBS SIX,0.6474,0.0034,0.3492
CLUBS SEVEN HEARTS KING,0.7496,0.026,0.2244
SPADES ACE SPADES FOUR,0.4696,0.2656,0.2648
CLUBS FIVE CLUBS FOUR,0.607,0.0052,0.3878
CLUBS JACK SPADES FIVE,0.6494,0.0034,0.3472
HEARTS SIX CLUBS FIVE,0.652,0.0038,0.3442
SPADES JACK HEARTS KING,0.597,0.0044,0.3986
HEARTS FOUR HEARTS TEN,0.6258,0.004,0.3702
SPADES KING CLUBS SIX,0.6638,0.0018,0.3344
HEARTS SIX HEARTS ACE,0.4692,0.2678,0.263
CLUBS SEVEN CLUBS ACE,0.0694,0.861,0.0696
CLUBS FOUR DIAMONDS QUEEN,0.6498,0.006,0.3442
CLUBS QUEEN DIAMONDS FOUR,0.6464,0.0032,0.3504
HEARTS SIX DIAMONDS QUEEN,0.6596,0.0034,0.337
SPADES FOUR HEARTS QUEEN,0.6682,0.0056,0.3262
CLUBS SEVEN CLUBS FIVE,0.6804,0.0258,0.2938
CLUBS TEN HEARTS SIX,0.6632,0.0028,0.334
CLUBS TEN DIAMONDS FIVE,0.645,0.0052,0.3498
SPADES TEN CLUBS ACE,0.2804,0.1122,0.6074
SPADES SEVEN DIAMONDS NINE,0.7098,0.0198,0.2704
CLUBS NINE CLUBS QUEEN,0.562,0.003,0.435
SPADES QUEEN CLUBS THREE,0.666,0.0028,0.3312
SPADES EIGHT CLUBS ACE,0.2804,0.2198,0.4998
CLUBS SEVEN SPADES FIVE,0.7278,0.0254,0.2468
CLUBS JACK HEARTS TEN,0.5704,0.0038,0.4258
SPADES KING CLUBS THREE,0.6598,0.006,0.3342
HEARTS ACE CLUBS ACE,0.1162,0.017,0.8668
CLUBS FIVE CLUBS KING,0.619,0.0048,0.3762
SPADES QUEEN CLUBS FIVE,0.6544,0.0054,0.3402
HEARTS EIGHT HEARTS THREE,0.6216,0.0034,0.375
SPADES TWO CLUBS ACE,0.498,0.2812,0.2208
HEARTS THREE HEARTS JACK,0.6216,0.006,0.3724
HEARTS EIGHT SPADES FIVE,0.6458,0.0038,0.3504
HEARTS FOUR DIAMONDS SIX,0.6514,0.0058,0.3428
HEARTS THREE SPADES FIVE,0.6602,0.005,0.3348
SPADES ACE DIAMONDS TEN,0.2676,0.1192,0.6132
HEARTS SEVEN CLUBS EIGHT,0.7106,0.0204,0.269
DIAMONDS QUEEN DIAMONDS SIX,0.6494,0.0064,0.3442
SPADES EIGHT SPADES FOUR,0.6142,0.0034,0.3824
SPADES ACE SPADES KING,0.2844,0.0388,0.6768
SPADES QUEEN SPADES THREE,0.617,0.007,0.376
SPADES TEN CLUBS FIVE,0.6552,0.0064,0.3384
SPADES SEVEN DIAMONDS EIGHT,0.691,0.0192,0.2898
SPADES FIVE HEARTS KING,0.6558,0.0038,0.3404
CLUBS SEVEN CLUBS TWO,0.7142,0.0294,0.2564
SPADES NINE SPADES THREE,0.63,0.004,0.366
DIAMONDS TWO SPADES SIX,0.681,0.0062,0.3128
SPADES SEVEN SPADES TWO,0.719,0.0276,0.2534
CLUBS EIGHT CLUBS ACE,0.2618,0.2054,0.5328
CLUBS NINE HEARTS FIVE,0.663,0.0036,0.3334
CLUBS SIX DIAMONDS KING,0.6524,0.0042,0.3434
HEARTS FIVE DIAMONDS FOUR,0.642,0.0046,0.3534
HEARTS TWO DIAMONDS KING,0.655,0.0056,0.3394
CLUBS SIX SPADES FOUR,0.666,0.0042,0.3298
HEARTS THREE SPADES FOUR,0.6746,0.0062,0.3192
CLUBS EIGHT SPADES NINE,0.6002,0.0016,0.3982
SPADES QUEEN SPADES EIGHT,0.586,0.0032,0.4108
CLUBS SIX HEARTS TWO,0.6892,0.0064,0.3044
DIAMONDS SIX HEARTS TEN,0.6478,0.0046,0.3476
HEARTS FOUR CLUBS SIX,0.66,0.0042,0.3358
CLUBS SIX SPADES EIGHT,0.6388,0.0034,0.3578
SPADES ACE CLUBS NINE,0.2778,0.1682,0.554
SPADES QUEEN HEARTS ACE,0.2992,0.0676,0.6332
SPADES KING SPADES THREE,0.6244,0.005,0.3706
HEARTS EIGHT HEARTS TWO,0.6306,0.0048,0.3646
CLUBS FIVE HEARTS ACE,0.4808,0.2814,0.2378
HEARTS SIX DIAMONDS SIX,0.4766,0.0048,0.5186
SPADES EIGHT CLUBS QUEEN,0.6152,0.004,0.3808
SPADES FIVE DIAMONDS SIX,0.6392,0.0066,0.3542
SPADES NINE HEARTS NINE,0.3612,0.0034,0.6354
HEARTS SEVEN SPADES TWO,0.7678,0.0284,0.2038
SPADES ACE CLUBS SIX,0.5076,0.2844,0.208
SPADES KING DIAMONDS JACK,0.5988,0.0044,0.3968
SPADES QUEEN CLUBS KING,0.5944,0.0064,0.3992
HEARTS EIGHT HEARTS KING,0.5774,0.006,0.4166
SPADES NINE HEARTS TEN,0.591,0.004,0.405
HEARTS SIX SPADES TWO,0.6968,0.0054,0.2978
HEARTS FIVE HEARTS THREE,0.6168,0.005,0.3782
CLUBS THREE DIAMONDS FIVE,0.6662,0.0064,0.3274
SPADES TEN CLUBS QUEEN,0.5846,0.0048,0.4106
DIAMONDS QUEEN SPADES FOUR,0.6552,0.0056,0.3392
CLUBS JACK HEARTS FIVE,0.6616,0.0038,0.3346
HEARTS SIX SPADES FIVE,0.6508,0.006,0.3432
HEARTS SEVEN SPADES FOUR,0.737,0.0258,0.2372
DIAMONDS THREE DIAMONDS KING,0.6452,0.0066,0.3482
DIAMONDS KING CLUBS ACE,0.2806,0.044,0.6754
HEARTS JACK CLUBS QUEEN,0.5762,0.0048,0.419
SPADES ACE HEARTS KING,0.2898,0.0442,0.666
HEARTS FIVE SPADES EIGHT,0.6476,0.003,0.3494
DIAMONDS THREE CLUBS TWO,0.6654,0.0064,0.3282
DIAMONDS QUEEN DIAMONDS JACK,0.5746,0.0048,0.4206
SPADES EIGHT HEARTS QUEEN,0.6342,0.0034,0.3624
HEARTS KING CLUBS QUEEN,0.6002,0.0042,0.3956
CLUBS NINE DIAMONDS QUEEN,0.6002,0.0038,0.396
SPADES ACE SPADES SIX,0.4842,0.2622,0.2536
HEARTS SIX SPADES JACK,0.6704,0.003,0.3266
HEARTS THREE CLUBS QUEEN,0.6586,0.0054,0.336
HEARTS FIVE CLUBS FIVE,0.4922,0.0042,0.5036
SPADES KING CLUBS FIVE,0.6718,0.004,0.3242
SPADES FIVE SPADES TWO,0.626,0.0054,0.3686
SPADES NINE SPADES SIX,0.6036,0.0042,0.3922
HEARTS FOUR DIAMONDS KING,0.6556,0.0056,0.3388
SPADES QUEEN CLUBS SEVEN,0.7532,0.023,0.2238
HEARTS EIGHT DIAMONDS TWO,0.6698,0.0054,0.3248
CLUBS THREE SPADES FOUR,0.6562,0.0054,0.3384
DIAMONDS KING HEARTS JACK,0.5908,0.0058,0.4034
DIAMONDS SIX DIAMONDS FIVE,0.6376,0.0048,0.3576
CLUBS FIVE DIAMONDS EIGHT,0.6318,0.0054,0.3628
SPADES QUEEN CLUBS EIGHT,0.6186,0.0056,0.3758
SPADES SEVEN SPADES THREE,0.7066,0.0296,0.2638
HEARTS SIX DIAMONDS FOUR,0.6616,0.0058,0.3326
SPADES QUEEN SPADES JACK,0.5522,0.0032,0.4446
HEARTS JACK CLUBS KING,0.6068,0.003,0.3902
CLUBS NINE DIAMONDS TEN,0.5912,0.005,0.4038
HEARTS FOUR HEARTS TWO,0.6294,0.0056,0.365
CLUBS NINE CLUBS EIGHT,0.555,0.0048,0.4402
DIAMONDS QUEEN SPADES TWO,0.647,0.005,0.348
HEARTS THREE SPADES SEVEN,0.764,0.0278,0.2082
SPADES THREE DIAMONDS NINE,0.6566,0.006,0.3374
CLUBS NINE CLUBS FOUR,0.6174,0.0042,0.3784
SPADES KING HEARTS KING,0.3326,0.0034,0.664
DIAMONDS THREE HEARTS TWO,0.6762,0.0072,0.3166
SPADES QUEEN DIAMONDS FOUR,0.6524,0.0046,0.343
SPADES JACK HEARTS JACK,0.345,0.0048,0.6502
HEARTS EIGHT SPADES KING,0.6284,0.003,0.3686
DIAMONDS JACK HEARTS KING,0.5918,0.0038,0.4044
SPADES FIVE HEARTS TEN,0.6584,0.0058,0.3358
SPADES TWO DIAMONDS FIVE,0.671,0.0058,0.3232
CLUBS JACK CLUBS KING,0.5736,0.0036,0.4228
DIAMONDS THREE SPADES JACK,0.652,0.0052,0.3428
DIAMONDS SIX CLUBS KING,0.6652,0.0034,0.3314
DIAMONDS THREE CLUBS FIVE,0.6482,0.005,0.3468
HEARTS JACK HEARTS TEN,0.5424,0.0054,0.4522
SPADES EIGHT DIAMONDS JACK,0.6122,0.003,0.3848
DIAMONDS TWO SPADES TEN,0.6592,0.0038,0.337
CLUBS TWO SPADES FOUR,0.6768,0.0052,0.318
CLUBS TEN CLUBS EIGHT,0.5644,0.0038,0.4318
HEARTS EIGHT SPADES THREE,0.6698,0.0034,0.3268
DIAMONDS QUEEN HEARTS QUEEN,0.3324,0.0038,0.6638
SPADES TEN HEARTS FOUR,0.6552,0.0036,0.3412
SPADES JACK HEARTS TWO,0.6612,0.0034,0.3354
HEARTS THREE SPADES THREE,0.4934,0.0052,0.5014
DIAMONDS QUEEN SPADES THREE,0.648,0.0068,0.3452
SPADES JACK CLUBS TWO,0.6624,0.004,0.3336
SPADES SEVEN HEARTS KING,0.744,0.0244,0.2316
SPADES JACK DIAMONDS SIX,0.6742,0.0034,0.3224
CLUBS SEVEN SPADES FOUR,0.7446,0.0296,0.2258
CLUBS FOUR SPADES FIVE,0.6472,0.0038,0.349
CLUBS FIVE SPADES THREE,0.652,0.0042,0.3438
SPADES FIVE SPADES FOUR,0.6128,0.0064,0.3808
HEARTS SEVEN CLUBS THREE,0.7522,0.0248,0.223
SPADES KING CLUBS FOUR,0.6706,0.0038,0.3256
CLUBS FIVE HEARTS TEN,0.6598,0.0026,0.3376
SPADES KING CLUBS TWO,0.6668,0.0032,0.33
HEARTS SEVEN CLUBS QUEEN,0.7508,0.0214,0.2278
HEARTS TWO CLUBS TWO,0.5124,0.0056,0.482
HEARTS SEVEN CLUBS SEVEN,0.3486,0.0228,0.6286
CLUBS TEN HEARTS FOUR,0.6586,0.0044,0.337
DIAMONDS JACK HEARTS TEN,0.5726,0.0036,0.4238
CLUBS FOUR HEARTS JACK,0.6482,0.0056,0.3462
SPADES TEN SPADES SEVEN,0.6834,0.0228,0.2938
CLUBS NINE SPADES TEN,0.5934,0.0038,0.4028
DIAMONDS EIGHT CLUBS KING,0.631,0.0034,0.3656
SPADES KING SPADES SEVEN,0.7088,0.0252,0.266
CLUBS FIVE SPADES FIVE,0.4734,0.0046,0.522
SPADES FIVE CLUBS ACE,0.4882,0.2856,0.2262
DIAMONDS TWO HEARTS SIX,0.6952,0.0048,0.3
DIAMONDS JACK CLUBS ACE,0.2696,0.0868,0.6436
CLUBS FIVE DIAMONDS TEN,0.6554,0.005,0.3396
DIAMONDS TWO DIAMONDS JACK,0.658,0.0056,0.3364
SPADES SEVEN CLUBS KING,0.7582,0.0236,0.2182
CLUBS TEN SPADES SIX,0.6516,0.0046,0.3438
SPADES NINE DIAMONDS QUEEN,0.5954,0.0044,0.4002
CLUBS JACK CLUBS FOUR,0.6192,0.004,0.3768
HEARTS TWO DIAMONDS EIGHT,0.6512,0.006,0.3428
CLUBS JACK SPADES QUEEN,0.5822,0.0032,0.4146
HEARTS SIX DIAMONDS EIGHT,0.635,0.0064,0.3586
CLUBS SIX HEARTS THREE,0.6628,0.0028,0.3344
CLUBS THREE HEARTS ACE,0.4876,0.282,0.2304
SPADES SEVEN CLUBS ACE,0.0764,0.9,0.0236
CLUBS KING HEARTS TEN,0.607,0.003,0.39
DIAMONDS JACK HEARTS JACK,0.3274,0.0034,0.6692
CLUBS KING HEARTS NINE,0.6154,0.005,0.3796
SPADES EIGHT DIAMONDS FOUR,0.6556,0.0058,0.3386
SPADES THREE HEARTS NINE,0.6682,0.0042,0.3276
DIAMONDS TWO HEARTS TWO,0.4912,0.0064,0.5024
HEARTS EIGHT SPADES SEVEN,0.6844,0.0224,0.2932
CLUBS TWO CLUBS KING,0.6062,0.0066,0.3872
CLUBS TWO HEARTS JACK,0.66,0.005,0.335
SPADES ACE CLUBS FIVE,0.4924,0.2764,0.2312
HEARTS THREE CLUBS TWO,0.6658,0.0078,0.3264
SPADES ACE CLUBS KING,0.2948,0.0494,0.6558
SPADES KING HEARTS SEVEN,0.7504,0.03,0.2196
CLUBS SEVEN HEARTS QUEEN,0.7554,0.021,0.2236
SPADES FOUR HEARTS KING,0.6534,0.0032,0.3434
SPADES SIX HEARTS JACK,0.6686,0.004,0.3274
HEARTS SEVEN HEARTS TWO,0.7164,0.0264,0.2572
CLUBS SIX SPADES SEVEN,0.721,0.026,0.253
CLUBS NINE SPADES THREE,0.6652,0.0036,0.3312
CLUBS SIX CLUBS FOUR,0.625,0.0058,0.3692
HEARTS FIVE HEARTS TEN,0.6132,0.0044,0.3824
HEARTS SIX DIAMONDS NINE,0.6542,0.003,0.3428
SPADES TWO DIAMONDS SIX,0.6764,0.0048,0.3188
CLUBS SIX CLUBS KING,0.6258,0.005,0.3692
HEARTS FOUR SPADES EIGHT,0.655,0.0028,0.3422
SPADES TEN SPADES THREE,0.62,0.0054,0.3746
HEARTS EIGHT HEARTS TEN,0.5574,0.0032,0.4394
CLUBS EIGHT HEARTS KING,0.6354,0.0034,0.3612
HEARTS THREE DIAMONDS SIX,0.6634,0.0054,0.3312
HEARTS KING CLUBS ACE,0.2956,0.0518,0.6526
CLUBS SEVEN HEARTS JACK,0.74,0.023,0.237
CLUBS THREE DIAMONDS JACK,0.6598,0.0056,0.3346
CLUBS FIVE CLUBS ACE,0.4436,0.2818,0.2746
SPADES NINE DIAMONDS TEN,0.583,0.0038,0.4132
HEARTS EIGHT CLUBS NINE,0.603,0.0034,0.3936
SPADES QUEEN DIAMONDS QUEEN,0.318,0.006,0.676
SPADES THREE HEARTS JACK,0.6628,0.0066,0.3306
DIAMONDS TWO HEARTS KING,0.658,0.0048,0.3372
SPADES SEVEN SPADES FOUR,0.6886,0.027,0.2844
DIAMONDS NINE HEARTS JACK,0.581,0.005,0.414
SPADES NINE CLUBS TWO,0.6698,0.0042,0.326
SPADES NINE CLUBS QUEEN,0.596,0.0034,0.4006
SPADES KING CLUBS EIGHT,0.6352,0.0036,0.3612
DIAMONDS THREE SPADES THREE,0.4996,0.005,0.4954
CLUBS ACE HEARTS NINE,0.281,0.1604,0.5586
CLUBS SIX DIAMONDS SIX,0.4766,0.0072,0.5162
HEARTS FOUR HEARTS NINE,0.6312,0.003,0.3658
SPADES JACK CLUBS KING,0.616,0.0042,0.3798
CLUBS TWO SPADES THREE,0.6698,0.0064,0.3238
HEARTS FOUR CLUBS FIVE,0.6428,0.0058,0.3514
HEARTS TEN HEARTS NINE,0.548,0.0042,0.4478
SPADES TEN HEARTS TWO,0.6402,0.0044,0.3554
SPADES TWO HEARTS TEN,0.6714,0.0022,0.3264
CLUBS TWO DIAMONDS TEN,0.6544,0.0054,0.3402
SPADES NINE CLUBS KING,0.6228,0.005,0.3722
DIAMONDS QUEEN DIAMONDS EIGHT,0.612,0.0068,0.3812
DIAMONDS JACK HEARTS QUEEN,0.5754,0.0038,0.4208
HEARTS FIVE CLUBS THREE,0.6504,0.007,0.3426
DIAMONDS EIGHT CLUBS ACE,0.2644,0.2246,0.511
DIAMONDS KING HEARTS NINE,0.6076,0.0044,0.388
HEARTS NINE DIAMONDS FOUR,0.6628,0.0048,0.3324
SPADES ACE SPADES TEN,0.2742,0.1038,0.622
HEARTS EIGHT CLUBS QUEEN,0.6264,0.004,0.3696
CLUBS NINE SPADES TWO,0.659,0.0034,0.3376
CLUBS TWO HEARTS ACE,0.501,0.2776,0.2214
CLUBS FOUR CLUBS ACE,0.4632,0.272,0.2648
SPADES TEN HEARTS THREE,0.6606,0.0038,0.3356
CLUBS FIVE HEARTS QUEEN,0.6528,0.0052,0.342
CLUBS NINE CLUBS THREE,0.6216,0.0046,0.3738
HEARTS EIGHT HEARTS JACK,0.5704,0.0054,0.4242
HEARTS SEVEN HEARTS TEN,0.679,0.0222,0.2988
CLUBS NINE CLUBS SIX,0.611,0.005,0.384
SPADES JACK CLUBS FOUR,0.6588,0.0024,0.3388
HEARTS FIVE DIAMONDS FIVE,0.4806,0.005,0.5144
SPADES JACK DIAMONDS FIVE,0.6494,0.0042,0.3464
SPADES KING DIAMONDS NINE,0.6114,0.004,0.3846
CLUBS TEN CLUBS ACE,0.2794,0.109,0.6116
DIAMONDS KING DIAMONDS NINE,0.6126,0.0042,0.3832
SPADES ACE CLUBS EIGHT,0.277,0.224,0.499
DIAMONDS QUEEN DIAMONDS FOUR,0.6488,0.005,0.3462
SPADES NINE HEARTS KING,0.6146,0.0036,0.3818
CLUBS JACK DIAMONDS FIVE,0.6472,0.005,0.3478
HEARTS FOUR DIAMONDS QUEEN,0.6622,0.0048,0.333
HEARTS FIVE CLUBS SEVEN,0.7202,0.0256,0.2542
HEARTS FIVE DIAMONDS TEN,0.6548,0.0038,0.3414
HEARTS ACE DIAMONDS TEN,0.2548,0.1136,0.6316
HEARTS SEVEN HEARTS THREE,0.7042,0.0264,0.2694
HEARTS TWO DIAMONDS NINE,0.6588,0.005,0.3362
CLUBS FIVE CLUBS QUEEN,0.6232,0.0046,0.3722
CLUBS THREE SPADES FIVE,0.6654,0.0044,0.3302
CLUBS TWO DIAMONDS FIVE,0.6602,0.0084,0.3314
HEARTS EIGHT CLUBS FOUR,0.661,0.0042,0.3348
HEARTS SEVEN DIAMONDS QUEEN,0.7458,0.025,0.2292
DIAMONDS NINE HEARTS TEN,0.5784,0.005,0.4166
HEARTS EIGHT HEARTS FIVE,0.6068,0.0046,0.3886
HEARTS ACE HEARTS QUEEN,0.2698,0.0604,0.6698
CLUBS THREE HEARTS KING,0.6606,0.0046,0.3348
HEARTS EIGHT HEARTS NINE,0.5546,0.0046,0.4408
SPADES EIGHT DIAMONDS NINE,0.5952,0.0046,0.4002
HEARTS SIX HEARTS KING,0.6174,0.0052,0.3774
SPADES ACE DIAMONDS NINE,0.2712,0.1702,0.5586
SPADES EIGHT DIAMONDS KING,0.6348,0.0044,0.3608
HEARTS THREE HEARTS ACE,0.4652,0.2704,0.2644
SPADES TEN HEARTS ACE,0.3,0.1004,0.5996
CLUBS ACE CLUBS QUEEN,0.2704,0.0572,0.6724
SPADES ACE DIAMONDS JACK,0.2758,0.0948,0.6294
HEARTS FOUR SPADES NINE,0.6632,0.0036,0.3332
HEARTS FOUR SPADES THREE,0.6494,0.0052,0.3454
DIAMONDS TWO CLUBS FIVE,0.6796,0.008,0.3124
HEARTS SEVEN DIAMONDS FOUR,0.7274,0.0294,0.2432
CLUBS ACE DIAMONDS FOUR,0.4768,0.2872,0.236
CLUBS EIGHT DIAMONDS KING,0.6022,0.0052,0.3926
HEARTS SEVEN SPADES THREE,0.7564,0.026,0.2176
SPADES JACK DIAMONDS EIGHT,0.6096,0.006,0.3844
SPADES FIVE CLUBS TWO,0.6776,0.0054,0.317
DIAMONDS KING DIAMONDS QUEEN,0.6022,0.0044,0.3934
DIAMONDS TEN DIAMONDS SIX,0.6402,0.0062,0.3536
CLUBS EIGHT SPADES SEVEN,0.7034,0.0208,0.2758
SPADES ACE SPADES EIGHT,0.2642,0.213,0.5228
SPADES SEVEN CLUBS THREE,0.741,0.0294,0.2296
SPADES ACE DIAMONDS THREE,0.488,0.2944,0.2176
DIAMONDS KING DIAMONDS FOUR,0.6496,0.0068,0.3436
CLUBS TEN HEARTS FIVE,0.6502,0.005,0.3448
DIAMONDS TWO CLUBS SIX,0.691,0.0044,0.3046
CLUBS NINE CLUBS FIVE,0.6104,0.0054,0.3842
HEARTS SIX DIAMONDS TEN,0.6446,0.0054,0.35
CLUBS TEN HEARTS TWO,0.6626,0.0036,0.3338
CLUBS JACK SPADES THREE,0.6576,0.0044,0.338
HEARTS SIX CLUBS KING,0.6636,0.0032,0.3332
HEARTS ACE HEARTS JACK,0.2666,0.0856,0.6478
CLUBS SEVEN SPADES SEVEN,0.358,0.0248,0.6172
HEARTS EIGHT SPADES QUEEN,0.6206,0.0034,0.376
SPADES ACE DIAMONDS KING,0.2752,0.0416,0.6832
HEARTS TWO SPADES SIX,0.6928,0.0038,0.3034
HEARTS FIVE DIAMONDS KING,0.652,0.0058,0.3422
CLUBS TEN CLUBS THREE,0.6258,0.0042,0.37
CLUBS SEVEN DIAMONDS QUEEN,0.761,0.0266,0.2124
SPADES EIGHT CLUBS KING,0.6362,0.0022,0.3616
DIAMONDS TEN DIAMONDS EIGHT,0.584,0.0046,0.4114
CLUBS FIVE HEARTS KING,0.6568,0.004,0.3392
HEARTS ACE DIAMONDS FIVE,0.463,0.2942,0.2428
CLUBS SEVEN SPADES TWO,0.7608,0.031,0.2082
SPADES SIX SPADES TWO,0.6452,0.005,0.3498
DIAMONDS KING HEARTS ACE,0.2718,0.0526,0.6756
DIAMONDS THREE HEARTS SIX,0.67,0.0056,0.3244
DIAMONDS QUEEN DIAMONDS FIVE,0.6524,0.0066,0.341
HEARTS EIGHT SPADES TEN,0.6026,0.0032,0.3942
HEARTS ACE DIAMONDS FOUR,0.4866,0.2784,0.235
SPADES KING HEARTS FOUR,0.6508,0.005,0.3442
DIAMONDS THREE CLUBS NINE,0.651,0.0064,0.3426
HEARTS THREE DIAMONDS JACK,0.642,0.0074,0.3506
HEARTS SIX SPADES SEVEN,0.7088,0.0218,0.2694
SPADES KING DIAMONDS FOUR,0.6524,0.0046,0.343
SPADES THREE CLUBS QUEEN,0.6622,0.0034,0.3344
CLUBS TEN SPADES QUEEN,0.5808,0.0044,0.4148
SPADES FOUR DIAMONDS FOUR,0.4918,0.0062,0.502
HEARTS KING HEARTS NINE,0.5866,0.0038,0.4096
CLUBS SEVEN CLUBS KING,0.7118,0.0272,0.261
SPADES NINE DIAMONDS FOUR,0.666,0.0052,0.3288
SPADES TEN SPADES EIGHT,0.5638,0.0042,0.432
HEARTS TWO HEARTS ACE,0.4616,0.2758,0.2626
DIAMONDS KING SPADES SIX,0.6616,0.0058,0.3326
SPADES TEN HEARTS NINE,0.58,0.0032,0.4168
SPADES EIGHT HEARTS TWO,0.667,0.0048,0.3282
SPADES NINE HEARTS QUEEN,0.598,0.003,0.399
DIAMONDS QUEEN HEARTS NINE,0.5866,0.0048,0.4086
SPADES JACK DIAMONDS TEN,0.5806,0.005,0.4144
CLUBS TWO SPADES TWO,0.499,0.0062,0.4948
DIAMONDS KING DIAMONDS SIX,0.6516,0.0046,0.3438
HEARTS QUEEN DIAMONDS FOUR,0.653,0.0058,0.3412
SPADES SIX SPADES FIVE,0.62,0.0046,0.3754
SPADES TEN HEARTS TEN,0.3658,0.0014,0.6328
SPADES QUEEN DIAMONDS EIGHT,0.6052,0.0046,0.3902
HEARTS TWO HEARTS JACK,0.633,0.0032,0.3638
CLUBS EIGHT SPADES FOUR,0.6492,0.0052,0.3456
DIAMONDS THREE HEARTS THREE,0.495,0.0048,0.5002
HEARTS TWO CLUBS ACE,0.4844,0.2944,0.2212
SPADES SIX DIAMONDS FOUR,0.66,0.0042,0.3358
SPADES THREE DIAMONDS FIVE,0.6606,0.0068,0.3326
CLUBS JACK DIAMONDS TWO,0.67,0.005,0.325
HEARTS FIVE CLUBS FOUR,0.6462,0.004,0.3498
SPADES JACK CLUBS SEVEN,0.746,0.021,0.233
SPADES SIX CLUBS THREE,0.6772,0.0046,0.3182
CLUBS JACK DIAMONDS FOUR,0.6534,0.0044,0.3422
HEARTS FOUR HEARTS ACE,0.46,0.27,0.27
SPADES KING CLUBS SEVEN,0.7474,0.0268,0.2258
DIAMONDS JACK CLUBS KING,0.5954,0.0046,0.4
CLUBS NINE HEARTS NINE,0.363,0.0016,0.6354
DIAMONDS TWO DIAMONDS NINE,0.6498,0.0074,0.3428
HEARTS SEVEN HEARTS NINE,0.6834,0.0202,0.2964
DIAMONDS QUEEN HEARTS JACK,0.5778,0.0046,0.4176
HEARTS SIX CLUBS ACE,0.499,0.2928,0.2082
HEARTS THREE CLUBS KING,0.6466,0.0044,0.349
CLUBS TEN CLUBS FIVE,0.626,0.0054,0.3686
DIAMONDS THREE CLUBS SIX,0.665,0.005,0.33
DIAMONDS TEN CLUBS QUEEN,0.5724,0.005,0.4226
CLUBS TEN DIAMONDS NINE,0.5828,0.0038,0.4134
DIAMONDS THREE CLUBS EIGHT,0.659,0.0052,0.3358
SPADES SIX HEARTS TEN,0.6566,0.0046,0.3388
CLUBS TWO HEARTS NINE,0.6598,0.0044,0.3358
DIAMONDS JACK HEARTS NINE,0.596,0.0026,0.4014
SPADES ACE DIAMONDS QUEEN,0.2664,0.0642,0.6694
CLUBS NINE SPADES NINE,0.3668,0.0038,0.6294
SPADES NINE DIAMONDS NINE,0.3692,0.0036,0.6272
SPADES THREE CLUBS KING,0.6508,0.0042,0.345
HEARTS THREE DIAMONDS KING,0.6506,0.0068,0.3426
SPADES THREE HEARTS QUEEN,0.6532,0.0052,0.3416
DIAMONDS TWO HEARTS ACE,0.4776,0.2792,0.2432
SPADES ACE CLUBS SEVEN,0.0708,0.905,0.0242
SPADES SEVEN CLUBS QUEEN,0.7538,0.0212,0.225
CLUBS TEN DIAMONDS JACK,0.5716,0.0052,0.4232
CLUBS EIGHT HEARTS QUEEN,0.6174,0.0036,0.379
CLUBS FIVE CLUBS TWO,0.6268,0.0042,0.369
SPADES SEVEN CLUBS FOUR,0.7422,0.022,0.2358
HEARTS JACK DIAMONDS FIVE,0.6506,0.0042,0.3452
SPADES QUEEN HEARTS QUEEN,0.3358,0.004,0.6602
DIAMONDS TEN CLUBS KING,0.6014,0.0042,0.3944
DIAMONDS TWO DIAMONDS SIX,0.67,0.0062,0.3238
SPADES KING SPADES NINE,0.5736,0.0036,0.4228
CLUBS JACK HEARTS SIX,0.6664,0.0024,0.3312
SPADES FOUR CLUBS ACE,0.5008,0.2714,0.2278
SPADES JACK CLUBS QUEEN,0.5866,0.0024,0.411
DIAMONDS QUEEN SPADES FIVE,0.6658,0.0044,0.3298
DIAMONDS THREE HEARTS ACE,0.4756,0.2838,0.2406
DIAMONDS TWO CLUBS ACE,0.4768,0.2996,0.2236
SPADES JACK CLUBS SIX,0.6752,0.0034,0.3214
DIAMONDS NINE SPADES TWO,0.6724,0.0062,0.3214
SPADES ACE CLUBS THREE,0.4784,0.279,0.2426
HEARTS FOUR DIAMONDS EIGHT,0.6406,0.0064,0.353
SPADES SIX DIAMONDS QUEEN,0.6528,0.0052,0.342
SPADES TWO HEARTS NINE,0.6676,0.006,0.3264
DIAMONDS TEN DIAMONDS FIVE,0.65,0.0066,0.3434
DIAMONDS EIGHT DIAMONDS SIX,0.639,0.0046,0.3564
SPADES TEN CLUBS TWO,0.6704,0.0036,0.326
CLUBS EIGHT HEARTS JACK,0.601,0.0038,0.3952
SPADES SIX HEARTS KING,0.6594,0.0034,0.3372
SPADES SEVEN HEARTS TEN,0.7342,0.0218,0.244
CLUBS EIGHT SPADES FIVE,0.6432,0.0032,0.3536
HEARTS SEVEN SPADES SEVEN,0.3566,0.0282,0.6152
CLUBS FOUR SPADES THREE,0.6692,0.0046,0.3262
HEARTS FIVE DIAMONDS SIX,0.6454,0.0048,0.3498
CLUBS SEVEN SPADES THREE,0.7596,0.0278,0.2126
SPADES JACK SPADES TWO,0.6284,0.004,0.3676
SPADES FOUR HEARTS TEN,0.671,0.003,0.326
HEARTS SEVEN HEARTS FOUR,0.6988,0.0324,0.2688
HEARTS SEVEN SPADES NINE,0.718,0.0234,0.2586
CLUBS SEVEN CLUBS FOUR,0.6916,0.0272,0.2812
CLUBS EIGHT CLUBS THREE,0.6244,0.006,0.3696
CLUBS THREE HEARTS NINE,0.6562,0.0046,0.3392
DIAMONDS THREE SPADES NINE,0.6544,0.004,0.3416
DIAMONDS TWO DIAMONDS FOUR,0.6722,0.0062,0.3216
DIAMONDS THREE SPADES SEVEN,0.7474,0.0324,0.2202
DIAMONDS THREE DIAMONDS TWO,0.6752,0.0064,0.3184
SPADES TEN DIAMONDS JACK,0.566,0.006,0.428
SPADES NINE DIAMONDS EIGHT,0.6048,0.0046,0.3906
HEARTS ACE SPADES THREE,0.4746,0.2948,0.2306
DIAMONDS JACK HEARTS ACE,0.2816,0.0838,0.6346
SPADES QUEEN SPADES NINE,0.5658,0.0036,0.4306
HEARTS SEVEN DIAMONDS TWO,0.7762,0.0272,0.1966
SPADES QUEEN DIAMONDS TEN,0.5816,0.0032,0.4152
SPADES SEVEN HEARTS ACE,0.0736,0.9008,0.0256
CLUBS TEN HEARTS THREE,0.6562,0.0052,0.3386
SPADES ACE DIAMONDS EIGHT,0.2634,0.2238,0.5128
CLUBS FOUR SPADES SIX,0.664,0.0046,0.3314
SPADES SEVEN DIAMONDS JACK,0.7378,0.0216,0.2406
DIAMONDS TWO SPADES TWO,0.502,0.0054,0.4926
HEARTS FOUR DIAMONDS TEN,0.6524,0.005,0.3426
CLUBS NINE SPADES EIGHT,0.5936,0.0028,0.4036
CLUBS JACK SPADES TWO,0.6606,0.0042,0.3352
HEARTS FIVE SPADES THREE,0.662,0.007,0.331
HEARTS FIVE CLUBS ACE,0.4862,0.2826,0.2312
SPADES JACK CLUBS EIGHT,0.6058,0.0038,0.3904
CLUBS JACK HEARTS THREE,0.6546,0.0056,0.3398
SPADES SEVEN DIAMONDS KING,0.7434,0.0294,0.2272
CLUBS EIGHT CLUBS TWO,0.6256,0.0038,0.3706
CLUBS EIGHT SPADES THREE,0.6612,0.0052,0.3336
SPADES ACE CLUBS QUEEN,0.2898,0.0662,0.644
SPADES NINE DIAMONDS KING,0.6198,0.0046,0.3756
DIAMONDS THREE HEARTS NINE,0.6696,0.0052,0.3252
HEARTS FIVE SPADES SEVEN,0.7072,0.0264,0.2664
CLUBS NINE DIAMONDS KING,0.5948,0.0056,0.3996
SPADES EIGHT CLUBS FOUR,0.6586,0.0042,0.3372
HEARTS ACE CLUBS KING,0.3042,0.0432,0.6526
CLUBS SEVEN DIAMONDS EIGHT,0.7086,0.02,0.2714
CLUBS JACK CLUBS THREE,0.6186,0.0042,0.3772
HEARTS SEVEN CLUBS FOUR,0.7406,0.0284,0.231
DIAMONDS QUEEN DIAMONDS TEN,0.581,0.0048,0.4142
HEARTS EIGHT CLUBS TEN,0.6092,0.0028,0.388
HEARTS ACE HEARTS KING,0.2796,0.0396,0.6808
SPADES JACK SPADES TEN,0.5466,0.0042,0.4492
SPADES TEN SPADES NINE,0.5514,0.0032,0.4454
SPADES FIVE HEARTS NINE,0.64,0.0044,0.3556
SPADES ACE SPADES THREE,0.4602,0.2696,0.2702
SPADES SIX DIAMONDS NINE,0.6386,0.0036,0.3578
CLUBS TWO HEARTS QUEEN,0.6682,0.0046,0.3272
CLUBS THREE CLUBS QUEEN,0.6232,0.0048,0.372
SPADES FIVE DIAMONDS TEN,0.6568,0.0046,0.3386
HEARTS SEVEN SPADES SIX,0.7072,0.0234,0.2694
DIAMONDS THREE CLUBS SEVEN,0.7552,0.0286,0.2162
DIAMONDS NINE CLUBS ACE,0.2586,0.162,0.5794
SPADES QUEEN HEARTS FOUR,0.6566,0.006,0.3374
CLUBS TEN SPADES NINE,0.5848,0.0032,0.412
CLUBS JACK DIAMONDS QUEEN,0.577,0.0046,0.4184
DIAMONDS THREE HEARTS TEN,0.6674,0.0054,0.3272
SPADES TWO DIAMONDS EIGHT,0.6628,0.0066,0.3306
CLUBS TWO HEARTS TEN,0.6598,0.0036,0.3366
DIAMONDS KING HEARTS TEN,0.583,0.0042,0.4128
HEARTS THREE DIAMONDS EIGHT,0.6646,0.0062,0.3292
SPADES TEN HEARTS QUEEN,0.586,0.0044,0.4096
CLUBS NINE DIAMONDS SIX,0.639,0.0042,0.3568
CLUBS EIGHT HEARTS ACE,0.2836,0.2124,0.504
HEARTS EIGHT DIAMONDS NINE,0.5954,0.0048,0.3998
CLUBS FIVE HEARTS JACK,0.6502,0.0046,0.3452
SPADES FOUR DIAMONDS NINE,0.662,0.0064,0.3316
CLUBS FIVE DIAMONDS KING,0.6528,0.0062,0.341
HEARTS SEVEN SPADES QUEEN,0.7568,0.0224,0.2208
CLUBS TEN DIAMONDS SIX,0.6482,0.0052,0.3466
CLUBS FIVE CLUBS THREE,0.6216,0.0054,0.373
HEARTS EIGHT SPADES NINE,0.6016,0.0036,0.3948
SPADES EIGHT SPADES TWO,0.6376,0.0032,0.3592
DIAMONDS QUEEN HEARTS KING,0.5906,0.005,0.4044
SPADES KING HEARTS QUEEN,0.5896,0.0048,0.4056
CLUBS NINE SPADES SEVEN,0.7248,0.021,0.2542
DIAMONDS NINE HEARTS QUEEN,0.5994,0.0044,0.3962
HEARTS FIVE DIAMONDS JACK,0.659,0.0044,0.3366
SPADES KING DIAMONDS TWO,0.6772,0.0036,0.3192
CLUBS EIGHT DIAMONDS NINE,0.5984,0.005,0.3966
CLUBS ACE HEARTS TEN,0.2842,0.1082,0.6076
DIAMONDS JACK DIAMONDS FOUR,0.6376,0.005,0.3574
CLUBS SEVEN DIAMONDS TEN,0.721,0.0244,0.2546
CLUBS JACK SPADES SEVEN,0.744,0.0224,0.2336
HEARTS KING HEARTS JACK,0.5654,0.0024,0.4322
SPADES JACK SPADES THREE,0.6204,0.004,0.3756
DIAMONDS NINE HEARTS NINE,0.3572,0.005,0.6378
SPADES QUEEN SPADES TWO,0.6134,0.0038,0.3828
CLUBS FIVE SPADES FOUR,0.6526,0.0054,0.342
CLUBS JACK DIAMONDS EIGHT,0.6082,0.0038,0.388
HEARTS EIGHT DIAMONDS JACK,0.5882,0.0034,0.4084
SPADES FIVE DIAMONDS FOUR,0.6586,0.0054,0.336
CLUBS NINE DIAMONDS JACK,0.59,0.0048,0.4052
HEARTS TWO DIAMONDS FIVE,0.6722,0.0056,0.3222
SPADES QUEEN CLUBS FOUR,0.6566,0.0038,0.3396
HEARTS SEVEN CLUBS KING,0.7468,0.0272,0.226
CLUBS SIX DIAMONDS FIVE,0.642,0.0046,0.3534
DIAMONDS TWO HEARTS JACK,0.6556,0.0044,0.34
SPADES NINE HEARTS ACE,0.2838,0.1522,0.564
SPADES EIGHT DIAMONDS QUEEN,0.6186,0.0036,0.3778
SPADES TEN DIAMONDS NINE,0.5758,0.0038,0.4204
SPADES QUEEN CLUBS TWO,0.6576,0.006,0.3364
SPADES THREE CLUBS ACE,0.4996,0.2844,0.216
CLUBS TWO HEARTS KING,0.649,0.0056,0.3454
DIAMONDS TWO HEARTS THREE,0.6656,0.0046,0.3298
DIAMONDS TWO DIAMONDS EIGHT,0.6594,0.005,0.3356
CLUBS EIGHT CLUBS FIVE,0.6138,0.0062,0.38
HEARTS SEVEN CLUBS TWO,0.768,0.0262,0.2058
HEARTS FOUR DIAMONDS NINE,0.6744,0.0038,0.3218
DIAMONDS THREE DIAMONDS SIX,0.6662,0.0086,0.3252
CLUBS NINE HEARTS SIX,0.6456,0.0034,0.351
CLUBS EIGHT CLUBS SIX,0.6054,0.0034,0.3912
SPADES KING DIAMONDS KING,0.3136,0.0056,0.6808
SPADES TEN CLUBS KING,0.5956,0.0042,0.4002
CLUBS SIX SPADES FIVE,0.6442,0.0044,0.3514
CLUBS TEN HEARTS NINE,0.6,0.0036,0.3964
SPADES QUEEN CLUBS QUEEN,0.335,0.0038,0.6612
SPADES JACK DIAMONDS NINE,0.5962,0.0074,0.3964
SPADES TEN SPADES TWO,0.6232,0.0034,0.3734
HEARTS FOUR CLUBS ACE,0.4838,0.2906,0.2256
CLUBS JACK DIAMONDS NINE,0.594,0.0038,0.4022
CLUBS EIGHT DIAMONDS QUEEN,0.5998,0.007,0.3932
DIAMONDS JACK DIAMONDS EIGHT,0.6048,0.0046,0.3906
SPADES FIVE HEARTS JACK,0.6506,0.0036,0.3458
SPADES SIX DIAMONDS EIGHT,0.6238,0.0062,0.37
SPADES KING HEARTS NINE,0.6224,0.0032,0.3744
DIAMONDS THREE HEARTS FIVE,0.6532,0.005,0.3418
SPADES JACK DIAMONDS FOUR,0.6572,0.0046,0.3382
CLUBS JACK DIAMONDS TEN,0.5726,0.0044,0.423
CLUBS TEN DIAMONDS TEN,0.345,0.004,0.651
HEARTS KING DIAMONDS SIX,0.6564,0.0036,0.34
SPADES SEVEN SPADES SIX,0.6738,0.0252,0.301
HEARTS THREE CLUBS FIVE,0.6548,0.0042,0.341
CLUBS JACK CLUBS SIX,0.6192,0.0038,0.377
SPADES SEVEN HEARTS JACK,0.7344,0.0234,0.2422
DIAMONDS NINE DIAMONDS FIVE,0.65,0.0064,0.3436
CLUBS JACK HEARTS FOUR,0.657,0.0044,0.3386
SPADES NINE SPADES FOUR,0.6292,0.0052,0.3656
CLUBS JACK DIAMONDS THREE,0.6562,0.0044,0.3394
DIAMONDS JACK SPADES THREE,0.6518,0.0046,0.3436
HEARTS FOUR SPADES SIX,0.6524,0.0036,0.344
CLUBS TEN SPADES TWO,0.647,0.0044,0.3486
CLUBS FOUR DIAMONDS EIGHT,0.6508,0.0062,0.343
DIAMONDS TWO HEARTS FIVE,0.6596,0.0056,0.3348
SPADES JACK SPADES NINE,0.5528,0.0022,0.445
CLUBS TEN CLUBS NINE,0.5638,0.003,0.4332
HEARTS SIX HEARTS TWO,0.6514,0.004,0.3446
HEARTS FIVE SPADES FIVE,0.4814,0.0022,0.5164
DIAMONDS EIGHT CLUBS QUEEN,0.6112,0.0048,0.384
SPADES SIX DIAMONDS JACK,0.6742,0.0052,0.3206
SPADES JACK SPADES SIX,0.6352,0.0044,0.3604
CLUBS TWO CLUBS QUEEN,0.63,0.0052,0.3648
SPADES KING HEARTS THREE,0.6608,0.0032,0.336
CLUBS EIGHT DIAMONDS FIVE,0.6378,0.0074,0.3548
CLUBS ACE CLUBS KING,0.2922,0.0432,0.6646
HEARTS SEVEN DIAMONDS EIGHT,0.705,0.0182,0.2768
CLUBS EIGHT SPADES TEN,0.6102,0.004,0.3858
HEARTS EIGHT SPADES TWO,0.6632,0.0048,0.332
CLUBS KING CLUBS QUEEN,0.5578,0.0062,0.436
CLUBS NINE CLUBS SEVEN,0.6824,0.019,0.2986
HEARTS SIX SPADES FOUR,0.6588,0.0046,0.3366
HEARTS ACE DIAMONDS NINE,0.2674,0.166,0.5666
DIAMONDS NINE CLUBS KING,0.614,0.0032,0.3828
CLUBS EIGHT SPADES SIX,0.6372,0.0046,0.3582
SPADES ACE HEARTS FIVE,0.4856,0.2828,0.2316
DIAMONDS TWO SPADES FOUR,0.6806,0.0052,0.3142
CLUBS TWO DIAMONDS EIGHT,0.6498,0.007,0.3432
DIAMONDS KING CLUBS KING,0.331,0.0048,0.6642
CLUBS JACK CLUBS ACE,0.2732,0.081,0.6458
DIAMONDS KING SPADES FOUR,0.6456,0.0056,0.3488
HEARTS FIVE CLUBS KING,0.6598,0.003,0.3372
DIAMONDS KING SPADES FIVE,0.6344,0.0056,0.36
HEARTS FOUR CLUBS TWO,0.6818,0.0048,0.3134
CLUBS SEVEN HEARTS THREE,0.7542,0.0294,0.2164
HEARTS ACE HEARTS TEN,0.279,0.1096,0.6114
HEARTS FOUR DIAMONDS JACK,0.6636,0.0032,0.3332
CLUBS NINE DIAMONDS NINE,0.366,0.0042,0.6298
SPADES KING DIAMONDS TEN,0.5888,0.006,0.4052
CLUBS TEN HEARTS ACE,0.2856,0.114,0.6004
HEARTS SIX CLUBS SEVEN,0.7128,0.0224,0.2648
DIAMONDS QUEEN CLUBS TWO,0.6504,0.0038,0.3458
SPADES NINE SPADES TWO,0.6168,0.004,0.3792
DIAMONDS TWO SPADES EIGHT,0.6698,0.0034,0.3268
CLUBS NINE SPADES SIX,0.6524,0.0032,0.3444
CLUBS NINE HEARTS THREE,0.6542,0.0046,0.3412
HEARTS SEVEN SPADES JACK,0.7432,0.0232,0.2336
CLUBS NINE HEARTS TWO,0.6616,0.0048,0.3336
HEARTS JACK DIAMONDS SIX,0.6436,0.0044,0.352
SPADES ACE SPADES NINE,0.262,0.1498,0.5882
HEARTS SIX DIAMONDS KING,0.6504,0.0042,0.3454
HEARTS EIGHT CLUBS FIVE,0.6448,0.0056,0.3496
CLUBS TEN DIAMONDS FOUR,0.654,0.005,0.341
HEARTS KING SPADES TWO,0.6596,0.006,0.3344
CLUBS EIGHT HEARTS TWO,0.6644,0.0046,0.331
CLUBS SIX HEARTS NINE,0.6538,0.0036,0.3426
SPADES ACE HEARTS SIX,0.5094,0.2874,0.2032
HEARTS TWO CLUBS FOUR,0.674,0.0086,0.3174
CLUBS SEVEN CLUBS THREE,0.707,0.0286,0.2644
HEARTS FOUR CLUBS QUEEN,0.6588,0.0024,0.3388
SPADES TWO HEARTS JACK,0.6602,0.004,0.3358
CLUBS EIGHT DIAMONDS TEN,0.6016,0.0054,0.393
CLUBS FOUR DIAMONDS JACK,0.6576,0.0042,0.3382
SPADES QUEEN HEARTS FIVE,0.6532,0.0046,0.3422
SPADES TEN CLUBS FOUR,0.6458,0.004,0.3502
SPADES NINE SPADES EIGHT,0.5692,0.005,0.4258
CLUBS TEN DIAMONDS KING,0.5988,0.003,0.3982
SPADES SIX DIAMONDS FIVE,0.6236,0.0048,0.3716
CLUBS TEN HEARTS JACK,0.5736,0.0038,0.4226
SPADES KING SPADES SIX,0.628,0.0028,0.3692
SPADES KING SPADES TEN,0.5514,0.0034,0.4452
SPADES TEN DIAMONDS EIGHT,0.6056,0.006,0.3884
CLUBS FOUR DIAMONDS FOUR,0.4826,0.0028,0.5146
HEARTS SIX HEARTS TEN,0.6118,0.0068,0.3814
DIAMONDS THREE DIAMONDS EIGHT,0.6592,0.0044,0.3364
SPADES ACE CLUBS JACK,0.2868,0.0834,0.6298
SPADES JACK SPADES EIGHT,0.5786,0.005,0.4164
SPADES THREE HEARTS TEN,0.665,0.0048,0.3302
DIAMONDS THREE CLUBS KING,0.6488,0.0046,0.3466
SPADES ACE CLUBS ACE,0.1096,0.0116,0.8788
SPADES TEN DIAMONDS TEN,0.3354,0.0028,0.6618
HEARTS FOUR CLUBS KING,0.6642,0.0048,0.331
DIAMONDS QUEEN HEARTS TEN,0.575,0.0046,0.4204
DIAMONDS KING HEARTS KING,0.3176,0.0038,0.6786
DIAMONDS THREE SPADES KING,0.6714,0.0056,0.323
CLUBS FOUR CLUBS THREE,0.6168,0.0052,0.378
SPADES FOUR DIAMONDS FIVE,0.6418,0.0072,0.351
DIAMONDS KING HEARTS QUEEN,0.6034,0.0052,0.3914
DIAMONDS QUEEN HEARTS ACE,0.292,0.0586,0.6494
