opposingHand,winningChance,drawChance,lostChance
DIAMONDS THREE HEARTS TWO
SPADES SEVEN CLUBS KING,0.3394,0.0084,0.6522
CLUBS SIX HEARTS QUEEN,0.3466,0.0162,0.6372
DIAMONDS TWO CLUBS THREE,0.015,0.9736,0.0114
DIAMONDS FOUR HEARTS ACE,0.318,0.0064,0.6756
HEARTS ACE DIAMONDS SIX,0.34,0.0078,0.6522
DIAMONDS TWO CLUBS EIGHT,0.2554,0.1472,0.5974
CLUBS FIVE SPADES TWO,0.223,0.3744,0.4026
HEARTS EIGHT HEARTS JACK,0.3158,0.02,0.6642
SPADES NINE SPADES TWO,0.2428,0.097,0.6602
SPADES JACK DIAMONDS QUEEN,0.3344,0.0118,0.6538
CLUBS FIVE DIAMONDS TEN,0.3424,0.029,0.6286
DIAMONDS ACE DIAMONDS SIX,0.316,0.007,0.677
HEARTS SIX HEARTS QUEEN,0.344,0.0118,0.6442
SPADES FOUR DIAMONDS NINE,0.3326,0.0464,0.621
DIAMONDS FOUR SPADES TEN,0.3452,0.0334,0.6214
CLUBS TWO CLUBS QUEEN,0.2358,0.04,0.7242
SPADES QUEEN SPADES FIVE,0.3206,0.017,0.6624
SPADES KING CLUBS TEN,0.3454,0.0092,0.6454
DIAMONDS EIGHT HEARTS JACK,0.3238,0.0162,0.66
HEARTS FOUR SPADES SEVEN,0.3166,0.1088,0.5746
HEARTS FOUR HEARTS THREE,0.214,0.471,0.315
SPADES ACE HEARTS FOUR,0.3282,0.0058,0.666
HEARTS EIGHT HEARTS SEVEN,0.2906,0.0562,0.6532
HEARTS EIGHT HEARTS FIVE,0.3132,0.0684,0.6184
DIAMONDS NINE SPADES TWO,0.2424,0.1068,0.6508
DIAMONDS KING SPADES SIX,0.337,0.0072,0.6558
CLUBS JACK HEARTS JACK,0.1336,0.0538,0.8126
DIAMONDS JACK DIAMONDS NINE,0.318,0.0168,0.6652
CLUBS JACK DIAMONDS TEN,0.3334,0.0164,0.6502
CLUBS EIGHT HEARTS TEN,0.3264,0.0258,0.6478
CLUBS JACK SPADES KING,0.342,0.0076,0.6504
HEARTS FIVE CLUBS FOUR,0.291,0.2462,0.4628
HEARTS FOUR DIAMONDS TEN,0.3382,0.0356,0.6262
SPADES NINE SPADES SEVEN,0.304,0.0446,0.6514
HEARTS SEVEN CLUBS EIGHT,0.301,0.0634,0.6356
HEARTS ACE SPADES THREE,0.2352,0.0184,0.7464
SPADES EIGHT DIAMONDS TEN,0.3296,0.0288,0.6416
HEARTS SIX DIAMONDS JACK,0.35,0.022,0.628
SPADES ACE HEARTS JACK,0.3358,0.0046,0.6596
HEARTS SIX SPADES NINE,0.3414,0.0416,0.617
HEARTS QUEEN HEARTS JACK,0.3262,0.0118,0.662
SPADES NINE HEARTS THREE,0.2536,0.113,0.6334
CLUBS THREE HEARTS JACK,0.2452,0.0598,0.695
SPADES QUEEN SPADES NINE,0.3204,0.0148,0.6648
SPADES EIGHT DIAMONDS JACK,0.3344,0.0188,0.6468
CLUBS TWO DIAMONDS NINE,0.2518,0.1052,0.643
HEARTS FIVE SPADES TEN,0.34,0.0302,0.6298
SPADES TEN DIAMONDS EIGHT,0.3266,0.0278,0.6456
SPADES FIVE DIAMONDS SIX,0.3132,0.1486,0.5382
DIAMONDS FOUR HEARTS SIX,0.3058,0.1642,0.53
HEARTS FIVE DIAMONDS ACE,0.3134,0.0058,0.6808
SPADES JACK CLUBS FOUR,0.3432,0.0202,0.6366
SPADES NINE CLUBS QUEEN,0.3414,0.0132,0.6454
SPADES FOUR HEARTS NINE,0.3346,0.053,0.6124
CLUBS TEN CLUBS ACE,0.3134,0.0064,0.6802
CLUBS JACK HEARTS ACE,0.3258,0.0038,0.6704
HEARTS KING HEARTS QUEEN,0.3192,0.0076,0.6732
HEARTS SEVEN SPADES NINE,0.3304,0.044,0.6256
CLUBS EIGHT DIAMONDS SIX,0.3332,0.0678,0.599
CLUBS EIGHT CLUBS QUEEN,0.315,0.0122,0.6728
SPADES SIX HEARTS QUEEN,0.3356,0.0136,0.6508
CLUBS NINE SPADES SEVEN,0.3278,0.042,0.6302
SPADES QUEEN DIAMONDS KING,0.3364,0.0084,0.6552
CLUBS EIGHT CLUBS KING,0.3194,0.0114,0.6692
CLUBS KING HEARTS TEN,0.3318,0.009,0.6592
SPADES KING HEARTS SIX,0.3518,0.0136,0.6346
CLUBS FIVE SPADES THREE,0.2234,0.3798,0.3968
SPADES SIX CLUBS TWO,0.249,0.2704,0.4806
SPADES SIX DIAMONDS EIGHT,0.3358,0.061,0.6032
SPADES FIVE HEARTS ACE,0.326,0.007,0.667
DIAMONDS FOUR SPADES SEVEN,0.322,0.1096,0.5684
DIAMONDS QUEEN DIAMONDS JACK,0.3284,0.0146,0.657
DIAMONDS QUEEN DIAMONDS SEVEN,0.331,0.0114,0.6576
SPADES TEN SPADES SIX,0.323,0.0264,0.6506
HEARTS FIVE HEARTS QUEEN,0.3318,0.0146,0.6536
DIAMONDS FOUR DIAMONDS SIX,0.3018,0.1528,0.5454
SPADES JACK HEARTS KING,0.3326,0.01,0.6574
HEARTS KING HEARTS TEN,0.3262,0.007,0.6668
CLUBS TEN SPADES TWO,0.2546,0.0742,0.6712
SPADES EIGHT DIAMONDS NINE,0.3252,0.0484,0.6264
DIAMONDS ACE SPADES TWO,0.2274,0.019,0.7536
HEARTS SEVEN HEARTS JACK,0.3168,0.0212,0.662
SPADES TEN DIAMONDS QUEEN,0.33,0.0104,0.6596
CLUBS FIVE DIAMONDS ACE,0.324,0.0056,0.6704
CLUBS EIGHT DIAMONDS KING,0.339,0.0104,0.6506
DIAMONDS TWO CLUBS FIVE,0.2308,0.3778,0.3914
HEARTS JACK HEARTS NINE,0.3164,0.0176,0.666
HEARTS EIGHT DIAMONDS QUEEN,0.3282,0.0126,0.6592
SPADES SEVEN DIAMONDS JACK,0.336,0.0204,0.6436
SPADES THREE CLUBS KING,0.2478,0.031,0.7212
SPADES JACK HEARTS JACK,0.1458,0.0518,0.8024
SPADES JACK HEARTS NINE,0.3348,0.015,0.6502
HEARTS EIGHT DIAMONDS TWO,0.2472,0.1512,0.6016
CLUBS FOUR DIAMONDS KING,0.3326,0.0118,0.6556
SPADES KING DIAMONDS SEVEN,0.3352,0.009,0.6558
DIAMONDS KING CLUBS ACE,0.34,0.0068,0.6532
CLUBS EIGHT CLUBS THREE,0.2408,0.1292,0.63
SPADES NINE HEARTS JACK,0.3478,0.017,0.6352
CLUBS FOUR CLUBS QUEEN,0.339,0.0166,0.6444
SPADES TWO DIAMONDS SIX,0.2454,0.2658,0.4888
CLUBS JACK CLUBS SEVEN,0.328,0.018,0.654
CLUBS EIGHT HEARTS NINE,0.3236,0.0432,0.6332
DIAMONDS JACK CLUBS ACE,0.3366,0.0048,0.6586
CLUBS JACK CLUBS FIVE,0.313,0.0196,0.6674
CLUBS EIGHT DIAMONDS SEVEN,0.2936,0.0644,0.642
SPADES SEVEN HEARTS QUEEN,0.3374,0.0142,0.6484
CLUBS JACK HEARTS SEVEN,0.3364,0.018,0.6456
CLUBS NINE CLUBS TWO,0.2558,0.0988,0.6454
DIAMONDS KING DIAMONDS QUEEN,0.3264,0.0082,0.6654
DIAMONDS TWO DIAMONDS SIX,0.2412,0.2532,0.5056
SPADES EIGHT CLUBS KING,0.3382,0.0072,0.6546
SPADES EIGHT DIAMONDS FIVE,0.3208,0.0648,0.6144
CLUBS QUEEN DIAMONDS FIVE,0.3338,0.0182,0.648
SPADES QUEEN DIAMONDS SEVEN,0.3556,0.0118,0.6326
SPADES SIX HEARTS JACK,0.3516,0.02,0.6284
DIAMONDS KING CLUBS KING,0.1376,0.0254,0.837
CLUBS TEN DIAMONDS ACE,0.3404,0.007,0.6526
HEARTS THREE DIAMONDS SIX,0.2268,0.2802,0.493
DIAMONDS TWO SPADES THREE,0.017,0.9732,0.0098
HEARTS FIVE DIAMONDS SIX,0.2834,0.154,0.5626
DIAMONDS TWO HEARTS KING,0.2478,0.0274,0.7248
SPADES SIX DIAMONDS NINE,0.3354,0.0456,0.619
DIAMONDS FOUR DIAMONDS JACK,0.3208,0.0216,0.6576
CLUBS TEN CLUBS FOUR,0.3368,0.0322,0.631
DIAMONDS FOUR DIAMONDS NINE,0.3258,0.0532,0.621
HEARTS ACE DIAMONDS EIGHT,0.3268,0.0072,0.666
SPADES JACK HEARTS FOUR,0.3396,0.0232,0.6372
SPADES QUEEN SPADES JACK,0.3116,0.0102,0.6782
DIAMONDS ACE CLUBS QUEEN,0.3388,0.0058,0.6554
HEARTS SIX CLUBS SIX,0.1204,0.1372,0.7424
SPADES NINE DIAMONDS NINE,0.148,0.0872,0.7648
DIAMONDS TWO DIAMONDS SEVEN,0.2478,0.1988,0.5534
SPADES SEVEN SPADES FOUR,0.3012,0.1024,0.5964
SPADES ACE DIAMONDS ACE,0.1268,0.006,0.8672
SPADES SEVEN DIAMONDS KING,0.3384,0.0082,0.6534
SPADES KING CLUBS FIVE,0.327,0.0096,0.6634
CLUBS THREE SPADES FIVE,0.2138,0.3722,0.414
CLUBS FIVE DIAMONDS KING,0.3396,0.0106,0.6498
DIAMONDS TWO HEARTS FIVE,0.2234,0.3806,0.396
HEARTS FIVE CLUBS SIX,0.3142,0.1518,0.534
SPADES QUEEN HEARTS TEN,0.3252,0.013,0.6618
CLUBS JACK SPADES FOUR,0.3328,0.0208,0.6464
HEARTS QUEEN CLUBS ACE,0.3378,0.0064,0.6558
CLUBS TWO SPADES TWO,0.2216,0.1408,0.6376
SPADES QUEEN DIAMONDS TEN,0.323,0.012,0.665
CLUBS TEN CLUBS NINE,0.3234,0.0192,0.6574
DIAMONDS TWO DIAMONDS EIGHT,0.24,0.1432,0.6168
HEARTS KING SPADES TWO,0.2416,0.0336,0.7248
HEARTS EIGHT CLUBS EIGHT,0.1424,0.1014,0.7562
CLUBS SEVEN HEARTS FOUR,0.3224,0.1078,0.5698
HEARTS THREE CLUBS FOUR,0.2006,0.4962,0.3032
HEARTS EIGHT SPADES FIVE,0.3336,0.0686,0.5978
HEARTS SIX DIAMONDS SEVEN,0.3156,0.0994,0.585
DIAMONDS FOUR DIAMONDS KING,0.3196,0.0112,0.6692
SPADES FIVE SPADES TWO,0.2102,0.353,0.4368
DIAMONDS FOUR DIAMONDS ACE,0.3172,0.0078,0.675
CLUBS SEVEN CLUBS KING,0.3178,0.0098,0.6724
DIAMONDS KING HEARTS TEN,0.3298,0.009,0.6612
DIAMONDS TEN SPADES TWO,0.258,0.0768,0.6652
CLUBS EIGHT HEARTS JACK,0.3296,0.0182,0.6522
CLUBS SEVEN SPADES NINE,0.3286,0.0414,0.63
DIAMONDS FOUR HEARTS SEVEN,0.3264,0.1042,0.5694
SPADES QUEEN HEARTS ACE,0.341,0.0058,0.6532
CLUBS THREE DIAMONDS JACK,0.236,0.0634,0.7006
SPADES KING DIAMONDS QUEEN,0.3378,0.0082,0.654
CLUBS JACK SPADES EIGHT,0.3428,0.0174,0.6398
HEARTS SIX SPADES FOUR,0.303,0.163,0.534
DIAMONDS KING DIAMONDS NINE,0.3334,0.0084,0.6582
SPADES SIX SPADES FOUR,0.2976,0.1526,0.5498
CLUBS JACK SPADES NINE,0.3426,0.0178,0.6396
CLUBS FIVE CLUBS ACE,0.3096,0.007,0.6834
HEARTS QUEEN DIAMONDS SIX,0.3202,0.017,0.6628
SPADES ACE DIAMONDS FIVE,0.3192,0.0078,0.673
SPADES JACK CLUBS FIVE,0.3488,0.022,0.6292
SPADES THREE CLUBS QUEEN,0.2602,0.041,0.6988
DIAMONDS ACE CLUBS KING,0.3324,0.004,0.6636
HEARTS THREE CLUBS QUEEN,0.2494,0.0478,0.7028
SPADES SIX DIAMONDS TEN,0.3338,0.0284,0.6378
DIAMONDS TWO HEARTS QUEEN,0.2478,0.0444,0.7078
SPADES TEN DIAMONDS SIX,0.3372,0.0266,0.6362
SPADES ACE DIAMONDS NINE,0.3402,0.0048,0.655
DIAMONDS KING SPADES THREE,0.2512,0.0316,0.7172
HEARTS SEVEN CLUBS KING,0.326,0.0092,0.6648
SPADES FOUR DIAMONDS TEN,0.3338,0.0262,0.64
SPADES EIGHT HEARTS JACK,0.338,0.0228,0.6392
HEARTS JACK DIAMONDS FIVE,0.3274,0.0246,0.648
HEARTS ACE CLUBS QUEEN,0.3346,0.005,0.6604
DIAMONDS KING DIAMONDS EIGHT,0.3262,0.0092,0.6646
HEARTS SEVEN DIAMONDS QUEEN,0.328,0.0156,0.6564
DIAMONDS NINE DIAMONDS FIVE,0.325,0.0444,0.6306
CLUBS TEN HEARTS TEN,0.145,0.0676,0.7874
HEARTS TEN CLUBS QUEEN,0.337,0.0114,0.6516
HEARTS THREE DIAMONDS ACE,0.2428,0.0194,0.7378
CLUBS JACK HEARTS QUEEN,0.3242,0.0084,0.6674
CLUBS EIGHT HEARTS KING,0.3416,0.0092,0.6492
DIAMONDS FOUR SPADES FOUR,0.104,0.176,0.72
DIAMONDS EIGHT CLUBS QUEEN,0.342,0.0114,0.6466
SPADES NINE CLUBS FIVE,0.3386,0.0486,0.6128
CLUBS SEVEN DIAMONDS SIX,0.3184,0.0972,0.5844
HEARTS FOUR DIAMONDS NINE,0.3346,0.0494,0.616
SPADES KING HEARTS KING,0.1378,0.0222,0.84
SPADES FIVE HEARTS NINE,0.3424,0.0446,0.613
SPADES ACE DIAMONDS JACK,0.3372,0.004,0.6588
CLUBS SEVEN SPADES FOUR,0.3252,0.1034,0.5714
CLUBS SEVEN HEARTS NINE,0.3324,0.0398,0.6278
SPADES KING CLUBS SIX,0.3426,0.009,0.6484
DIAMONDS TWO HEARTS TEN,0.2506,0.0784,0.671
SPADES JACK SPADES NINE,0.316,0.0158,0.6682
CLUBS EIGHT SPADES TWO,0.2532,0.149,0.5978
SPADES TEN DIAMONDS ACE,0.336,0.0062,0.6578
CLUBS JACK HEARTS NINE,0.325,0.0154,0.6596
SPADES ACE HEARTS NINE,0.3506,0.0058,0.6436
HEARTS SIX DIAMONDS KING,0.3336,0.011,0.6554
CLUBS EIGHT CLUBS FIVE,0.3272,0.0666,0.6062
SPADES QUEEN DIAMONDS EIGHT,0.3454,0.0132,0.6414
HEARTS SEVEN SPADES TEN,0.3286,0.0292,0.6422
SPADES ACE SPADES EIGHT,0.3186,0.0052,0.6762
HEARTS EIGHT CLUBS ACE,0.3378,0.0046,0.6576
CLUBS NINE DIAMONDS NINE,0.1494,0.0832,0.7674
SPADES JACK SPADES EIGHT,0.3092,0.0182,0.6726
HEARTS THREE DIAMONDS EIGHT,0.2364,0.1616,0.602
HEARTS FOUR HEARTS JACK,0.3328,0.0196,0.6476
CLUBS JACK DIAMONDS JACK,0.1332,0.0562,0.8106
HEARTS EIGHT CLUBS NINE,0.3318,0.037,0.6312
SPADES SIX HEARTS NINE,0.3318,0.044,0.6242
DIAMONDS SIX DIAMONDS FIVE,0.2988,0.1372,0.564
CLUBS SEVEN SPADES SEVEN,0.1446,0.1076,0.7478
SPADES FIVE SPADES THREE,0.201,0.3504,0.4486
DIAMONDS FOUR HEARTS NINE,0.3396,0.0536,0.6068
DIAMONDS EIGHT DIAMONDS SEVEN,0.2926,0.0602,0.6472
HEARTS FIVE DIAMONDS KING,0.3288,0.0092,0.662
DIAMONDS SEVEN HEARTS NINE,0.3226,0.0466,0.6308
SPADES NINE DIAMONDS ACE,0.328,0.0058,0.6662
HEARTS NINE DIAMONDS FIVE,0.3358,0.0454,0.6188
SPADES SEVEN DIAMONDS NINE,0.3264,0.0424,0.6312
DIAMONDS NINE CLUBS ACE,0.341,0.0044,0.6546
CLUBS SIX DIAMONDS QUEEN,0.3426,0.0182,0.6392
SPADES FOUR DIAMONDS SEVEN,0.323,0.102,0.575
HEARTS KING DIAMONDS SEVEN,0.3314,0.0116,0.657
HEARTS SIX SPADES EIGHT,0.3262,0.0698,0.604
HEARTS SEVEN HEARTS ACE,0.322,0.008,0.67
SPADES QUEEN SPADES FOUR,0.3096,0.0144,0.676
CLUBS NINE SPADES TEN,0.3424,0.0264,0.6312
HEARTS EIGHT SPADES QUEEN,0.3332,0.0142,0.6526
SPADES EIGHT SPADES SEVEN,0.2938,0.0648,0.6414
SPADES TEN SPADES SEVEN,0.3058,0.0268,0.6674
CLUBS SIX CLUBS THREE,0.226,0.2554,0.5186
SPADES EIGHT HEARTS KING,0.3408,0.0078,0.6514
SPADES FIVE DIAMONDS SEVEN,0.3168,0.104,0.5792
CLUBS SIX CLUBS ACE,0.3174,0.0056,0.677
SPADES FOUR CLUBS KING,0.3506,0.0084,0.641
CLUBS KING DIAMONDS FIVE,0.3322,0.012,0.6558
SPADES QUEEN CLUBS KING,0.349,0.007,0.644
CLUBS TWO DIAMONDS JACK,0.2522,0.055,0.6928
SPADES FOUR CLUBS QUEEN,0.3404,0.0146,0.645
CLUBS FIVE DIAMONDS EIGHT,0.3372,0.067,0.5958
SPADES JACK HEARTS ACE,0.3296,0.0046,0.6658
HEARTS KING DIAMONDS SIX,0.3406,0.0104,0.649
DIAMONDS QUEEN DIAMONDS FIVE,0.3178,0.0134,0.6688
HEARTS THREE DIAMONDS KING,0.2458,0.0322,0.722
CLUBS JACK DIAMONDS KING,0.3282,0.0054,0.6664
CLUBS SEVEN DIAMONDS JACK,0.3364,0.019,0.6446
HEARTS SEVEN DIAMONDS ACE,0.3148,0.006,0.6792
CLUBS EIGHT SPADES TEN,0.3358,0.0316,0.6326
SPADES TEN HEARTS NINE,0.3286,0.0244,0.647
CLUBS FIVE CLUBS TWO,0.2188,0.334,0.4472
CLUBS EIGHT CLUBS SIX,0.317,0.0618,0.6212
CLUBS SIX HEARTS NINE,0.3422,0.0436,0.6142
CLUBS FOUR HEARTS JACK,0.3212,0.02,0.6588
DIAMONDS TEN HEARTS KING,0.336,0.0094,0.6546
CLUBS THREE CLUBS KING,0.2392,0.0344,0.7264
HEARTS SIX DIAMONDS NINE,0.3498,0.0474,0.6028
SPADES SEVEN HEARTS KING,0.3318,0.011,0.6572
CLUBS FOUR CLUBS THREE,0.21,0.4612,0.3288
DIAMONDS QUEEN HEARTS TEN,0.3152,0.0116,0.6732
CLUBS THREE CLUBS TWO,0.0202,0.9114,0.0684
SPADES QUEEN SPADES THREE,0.2302,0.0428,0.727
HEARTS FIVE SPADES THREE,0.2082,0.3744,0.4174
HEARTS FOUR SPADES FOUR,0.1118,0.1712,0.717
DIAMONDS ACE SPADES THREE,0.2332,0.02,0.7468
DIAMONDS EIGHT HEARTS TEN,0.3134,0.027,0.6596
CLUBS SIX SPADES FOUR,0.317,0.152,0.531
CLUBS NINE DIAMONDS KING,0.334,0.0096,0.6564
HEARTS FIVE CLUBS TWO,0.2172,0.3744,0.4084
CLUBS JACK DIAMONDS NINE,0.3332,0.0148,0.652
DIAMONDS KING CLUBS TWO,0.2416,0.0254,0.733
DIAMONDS QUEEN DIAMONDS NINE,0.3332,0.0146,0.6522
CLUBS SEVEN CLUBS TWO,0.245,0.1808,0.5742
DIAMONDS TWO DIAMONDS QUEEN,0.2482,0.0384,0.7134
HEARTS SIX SPADES FIVE,0.3044,0.1542,0.5414
CLUBS JACK CLUBS SIX,0.326,0.0194,0.6546
DIAMONDS TEN DIAMONDS SIX,0.3242,0.0306,0.6452
HEARTS EIGHT HEARTS ACE,0.3268,0.0068,0.6664
CLUBS SEVEN SPADES EIGHT,0.3122,0.0648,0.623
DIAMONDS QUEEN SPADES THREE,0.2588,0.0522,0.689
SPADES QUEEN CLUBS SEVEN,0.3536,0.0136,0.6328
CLUBS NINE SPADES FOUR,0.3544,0.046,0.5996
DIAMONDS KING DIAMONDS SIX,0.3294,0.01,0.6606
DIAMONDS ACE SPADES FOUR,0.3296,0.0062,0.6642
CLUBS THREE SPADES THREE,0.0856,0.1436,0.7708
CLUBS TEN DIAMONDS TWO,0.2676,0.0776,0.6548
CLUBS TWO HEARTS QUEEN,0.2646,0.0374,0.698
CLUBS FOUR DIAMONDS NINE,0.3414,0.0426,0.616
HEARTS FIVE DIAMONDS EIGHT,0.3308,0.0716,0.5976
SPADES QUEEN DIAMONDS NINE,0.3294,0.0136,0.657
SPADES TEN HEARTS ACE,0.333,0.0048,0.6622
CLUBS THREE CLUBS QUEEN,0.2352,0.0396,0.7252
HEARTS SIX DIAMONDS TEN,0.3296,0.0324,0.638
SPADES KING HEARTS QUEEN,0.3428,0.007,0.6502
CLUBS TWO SPADES FOUR,0.2216,0.501,0.2774
SPADES TWO HEARTS QUEEN,0.2636,0.0398,0.6966
HEARTS SIX HEARTS FOUR,0.309,0.1566,0.5344
DIAMONDS FOUR CLUBS SEVEN,0.3304,0.1038,0.5658
CLUBS FOUR HEARTS KING,0.3346,0.0094,0.656
SPADES SIX DIAMONDS SEVEN,0.3116,0.1076,0.5808
SPADES FOUR SPADES TWO,0.208,0.4824,0.3096
HEARTS ACE HEARTS JACK,0.3192,0.0072,0.6736
SPADES EIGHT SPADES FIVE,0.3144,0.0696,0.616
SPADES KING SPADES FIVE,0.325,0.0102,0.6648
HEARTS SIX HEARTS ACE,0.3318,0.0054,0.6628
DIAMONDS QUEEN CLUBS KING,0.3334,0.0054,0.6612
CLUBS SEVEN DIAMONDS QUEEN,0.3318,0.014,0.6542
SPADES TEN SPADES NINE,0.3154,0.0212,0.6634
HEARTS KING CLUBS KING,0.131,0.0202,0.8488
DIAMONDS JACK CLUBS KING,0.3434,0.0058,0.6508
HEARTS FOUR HEARTS TEN,0.3272,0.0306,0.6422
CLUBS THREE DIAMONDS NINE,0.2548,0.107,0.6382
HEARTS THREE CLUBS KING,0.2412,0.0294,0.7294
SPADES KING HEARTS FOUR,0.3358,0.0106,0.6536
CLUBS FOUR DIAMONDS SIX,0.3166,0.1548,0.5286
HEARTS ACE DIAMONDS TEN,0.3272,0.007,0.6658
HEARTS FOUR HEARTS QUEEN,0.3372,0.017,0.6458
CLUBS TEN SPADES SEVEN,0.3302,0.0304,0.6394
SPADES ACE CLUBS ACE,0.1342,0.0036,0.8622
HEARTS TEN DIAMONDS SIX,0.3454,0.0314,0.6232
SPADES ACE DIAMONDS TWO,0.2376,0.0122,0.7502
CLUBS TWO CLUBS ACE,0.2252,0.0156,0.7592
HEARTS SEVEN CLUBS FOUR,0.3252,0.1118,0.563
SPADES ACE SPADES KING,0.3098,0.0074,0.6828
CLUBS TEN DIAMONDS TEN,0.1366,0.0672,0.7962
SPADES TEN CLUBS QUEEN,0.3352,0.0114,0.6534
SPADES SEVEN DIAMONDS TEN,0.333,0.0316,0.6354
HEARTS EIGHT HEARTS NINE,0.3256,0.0358,0.6386
SPADES FOUR HEARTS QUEEN,0.346,0.0178,0.6362
SPADES NINE DIAMONDS FIVE,0.3342,0.0468,0.619
CLUBS NINE CLUBS QUEEN,0.3182,0.012,0.6698
HEARTS FOUR HEARTS KING,0.3192,0.0098,0.671
DIAMONDS TWO SPADES QUEEN,0.2548,0.039,0.7062
SPADES JACK DIAMONDS FIVE,0.3418,0.0232,0.635
SPADES NINE SPADES FIVE,0.3156,0.0462,0.6382
CLUBS THREE SPADES TWO,0.0232,0.9542,0.0226
SPADES KING SPADES NINE,0.3172,0.007,0.6758
SPADES FIVE CLUBS QUEEN,0.342,0.014,0.644
DIAMONDS TEN DIAMONDS EIGHT,0.3228,0.0244,0.6528
SPADES SEVEN HEARTS ACE,0.3322,0.005,0.6628
HEARTS EIGHT DIAMONDS NINE,0.3214,0.0408,0.6378
SPADES KING DIAMONDS NINE,0.3504,0.0064,0.6432
DIAMONDS KING SPADES FOUR,0.3498,0.0086,0.6416
HEARTS QUEEN DIAMONDS SEVEN,0.3412,0.013,0.6458
DIAMONDS TWO DIAMONDS NINE,0.262,0.1076,0.6304
HEARTS ACE CLUBS KING,0.3512,0.0058,0.643
CLUBS FOUR SPADES THREE,0.2124,0.4918,0.2958
CLUBS ACE CLUBS KING,0.3148,0.0044,0.6808
SPADES KING DIAMONDS KING,0.1316,0.021,0.8474
SPADES SIX HEARTS TEN,0.3422,0.0292,0.6286
HEARTS FIVE HEARTS NINE,0.3196,0.0456,0.6348
SPADES JACK DIAMONDS ACE,0.3382,0.0066,0.6552
CLUBS NINE CLUBS SIX,0.3048,0.0452,0.65
CLUBS TWO DIAMONDS SIX,0.2384,0.2766,0.485
SPADES THREE DIAMONDS SIX,0.2464,0.2642,0.4894
HEARTS EIGHT CLUBS FIVE,0.3234,0.0692,0.6074
CLUBS TEN DIAMONDS EIGHT,0.33,0.0244,0.6456
HEARTS SIX HEARTS NINE,0.3212,0.0482,0.6306
SPADES FOUR HEARTS JACK,0.3446,0.0214,0.634
DIAMONDS TWO SPADES JACK,0.2666,0.0532,0.6802
DIAMONDS FOUR CLUBS THREE,0.219,0.498,0.283
SPADES QUEEN HEARTS KING,0.3414,0.0068,0.6518
SPADES SEVEN CLUBS ACE,0.3346,0.005,0.6604
CLUBS TEN HEARTS NINE,0.3332,0.0318,0.635
HEARTS FOUR SPADES NINE,0.3426,0.0502,0.6072
CLUBS TEN DIAMONDS FIVE,0.3426,0.0326,0.6248
CLUBS SIX CLUBS TWO,0.2342,0.2538,0.512
HEARTS SEVEN DIAMONDS SIX,0.3202,0.094,0.5858
HEARTS THREE HEARTS KING,0.247,0.031,0.722
SPADES QUEEN CLUBS THREE,0.2536,0.0488,0.6976
HEARTS KING CLUBS QUEEN,0.3296,0.008,0.6624
SPADES SEVEN DIAMONDS EIGHT,0.3046,0.0592,0.6362
CLUBS EIGHT CLUBS SEVEN,0.296,0.0642,0.6398
DIAMONDS TWO HEARTS NINE,0.2544,0.105,0.6406
HEARTS THREE DIAMONDS SEVEN,0.2244,0.1994,0.5762
CLUBS JACK HEARTS FIVE,0.332,0.0208,0.6472
HEARTS EIGHT SPADES NINE,0.3256,0.0388,0.6356
HEARTS THREE SPADES EIGHT,0.2508,0.1434,0.6058
SPADES FIVE HEARTS TEN,0.3404,0.034,0.6256
HEARTS FOUR DIAMONDS JACK,0.3292,0.0224,0.6484
DIAMONDS KING CLUBS QUEEN,0.352,0.0082,0.6398
HEARTS JACK CLUBS QUEEN,0.3302,0.0094,0.6604
SPADES QUEEN HEARTS FIVE,0.3348,0.012,0.6532
CLUBS SEVEN SPADES THREE,0.235,0.1956,0.5694
HEARTS ACE CLUBS ACE,0.131,0.004,0.865
DIAMONDS QUEEN SPADES TWO,0.2524,0.0446,0.703
DIAMONDS KING HEARTS ACE,0.3408,0.0088,0.6504
SPADES SIX DIAMONDS SIX,0.1312,0.128,0.7408
CLUBS NINE DIAMONDS JACK,0.3312,0.0178,0.651
HEARTS EIGHT DIAMONDS SEVEN,0.3008,0.0608,0.6384
SPADES ACE DIAMONDS KING,0.3374,0.0054,0.6572
CLUBS SIX CLUBS KING,0.3228,0.0112,0.666
CLUBS THREE HEARTS QUEEN,0.2452,0.0486,0.7062
CLUBS SEVEN HEARTS THREE,0.2308,0.2174,0.5518
CLUBS FIVE CLUBS KING,0.315,0.0112,0.6738
HEARTS SIX CLUBS TWO,0.2378,0.277,0.4852
DIAMONDS ACE HEARTS TEN,0.321,0.0054,0.6736
SPADES KING SPADES FOUR,0.3092,0.0112,0.6796
CLUBS THREE DIAMONDS EIGHT,0.2492,0.1476,0.6032
SPADES FOUR DIAMONDS SIX,0.3204,0.1466,0.533
HEARTS THREE SPADES SEVEN,0.2262,0.1984,0.5754
SPADES ACE SPADES TWO,0.2392,0.0118,0.749
CLUBS JACK SPADES JACK,0.148,0.053,0.799
SPADES KING SPADES JACK,0.3174,0.009,0.6736
DIAMONDS TWO SPADES FOUR,0.2186,0.5134,0.268
HEARTS ACE HEARTS NINE,0.3238,0.0068,0.6694
HEARTS SIX SPADES SIX,0.1248,0.133,0.7422
SPADES NINE SPADES SIX,0.3284,0.039,0.6326
DIAMONDS JACK DIAMONDS TEN,0.3252,0.0148,0.66
CLUBS TWO SPADES THREE,0.018,0.9588,0.0232
SPADES JACK HEARTS THREE,0.252,0.058,0.69
CLUBS SIX CLUBS FIVE,0.283,0.147,0.57
HEARTS SIX DIAMONDS SIX,0.1226,0.1342,0.7432
CLUBS TEN DIAMONDS NINE,0.3416,0.0206,0.6378
CLUBS NINE CLUBS SEVEN,0.3038,0.0384,0.6578
CLUBS TEN SPADES JACK,0.336,0.0134,0.6506
SPADES NINE DIAMONDS SEVEN,0.3376,0.0426,0.6198
HEARTS SEVEN HEARTS KING,0.3156,0.0108,0.6736
CLUBS TWO HEARTS NINE,0.2574,0.1062,0.6364
DIAMONDS QUEEN DIAMONDS SIX,0.3452,0.0148,0.64
HEARTS THREE SPADES FIVE,0.2144,0.3642,0.4214
HEARTS EIGHT CLUBS THREE,0.2482,0.1438,0.608
SPADES KING HEARTS JACK,0.3324,0.0064,0.6612
SPADES ACE HEARTS ACE,0.1252,0.0034,0.8714
CLUBS EIGHT CLUBS ACE,0.3188,0.0062,0.675
CLUBS NINE CLUBS FIVE,0.3218,0.041,0.6372
SPADES KING SPADES TEN,0.325,0.0052,0.6698
CLUBS SIX HEARTS THREE,0.233,0.2686,0.4984
HEARTS SIX HEARTS JACK,0.3216,0.0196,0.6588
DIAMONDS EIGHT HEARTS NINE,0.3186,0.0368,0.6446
HEARTS THREE CLUBS THREE,0.0746,0.1394,0.786
HEARTS QUEEN DIAMONDS FIVE,0.3434,0.014,0.6426
CLUBS QUEEN HEARTS NINE,0.3416,0.0146,0.6438
SPADES SEVEN CLUBS QUEEN,0.3374,0.0152,0.6474
HEARTS SEVEN HEARTS TEN,0.3184,0.0254,0.6562
DIAMONDS FOUR CLUBS KING,0.3314,0.0118,0.6568
HEARTS JACK DIAMONDS SEVEN,0.3294,0.0194,0.6512
CLUBS SEVEN HEARTS ACE,0.3322,0.0052,0.6626
DIAMONDS FOUR HEARTS KING,0.3458,0.0084,0.6458
HEARTS SIX HEARTS THREE,0.2218,0.2662,0.512
SPADES SIX DIAMONDS FIVE,0.3072,0.145,0.5478
CLUBS FOUR SPADES TWO,0.22,0.5074,0.2726
SPADES ACE DIAMONDS SEVEN,0.327,0.0048,0.6682
SPADES EIGHT SPADES FOUR,0.3134,0.0726,0.614
HEARTS FOUR DIAMONDS SEVEN,0.3188,0.1126,0.5686
SPADES SEVEN SPADES TWO,0.2478,0.183,0.5692
HEARTS EIGHT SPADES THREE,0.2504,0.148,0.6016
HEARTS THREE CLUBS TWO,0.0104,0.973,0.0166
CLUBS NINE HEARTS KING,0.331,0.0084,0.6606
CLUBS FIVE SPADES FOUR,0.297,0.245,0.458
SPADES THREE HEARTS TEN,0.2596,0.0842,0.6562
DIAMONDS TWO SPADES TWO,0.2198,0.1358,0.6444
SPADES JACK DIAMONDS JACK,0.1332,0.0562,0.8106
HEARTS QUEEN DIAMONDS EIGHT,0.3384,0.0118,0.6498
DIAMONDS ACE CLUBS FOUR,0.3354,0.0062,0.6584
DIAMONDS TWO CLUBS TWO,0.2212,0.1408,0.638
DIAMONDS TEN HEARTS QUEEN,0.3226,0.0104,0.667
HEARTS SEVEN DIAMONDS NINE,0.3186,0.0452,0.6362
HEARTS SIX DIAMONDS EIGHT,0.3332,0.0604,0.6064
SPADES NINE HEARTS ACE,0.3456,0.0054,0.649
SPADES SIX HEARTS KING,0.3414,0.0092,0.6494
SPADES SEVEN SPADES SIX,0.3094,0.0932,0.5974
CLUBS TEN HEARTS FOUR,0.3388,0.032,0.6292
DIAMONDS ACE SPADES FIVE,0.3214,0.0074,0.6712
SPADES TEN HEARTS JACK,0.3258,0.0174,0.6568
HEARTS SEVEN CLUBS TWO,0.2452,0.2002,0.5546
DIAMONDS FOUR HEARTS THREE,0.1996,0.5114,0.289
CLUBS THREE DIAMONDS FIVE,0.217,0.3808,0.4022
HEARTS SEVEN HEARTS THREE,0.2304,0.1984,0.5712
DIAMONDS FOUR DIAMONDS TEN,0.3178,0.0328,0.6494
SPADES QUEEN CLUBS EIGHT,0.335,0.0114,0.6536
HEARTS THREE SPADES SIX,0.2336,0.274,0.4924
CLUBS JACK SPADES TWO,0.274,0.0594,0.6666
SPADES THREE HEARTS NINE,0.2442,0.1134,0.6424
CLUBS SIX DIAMONDS EIGHT,0.325,0.0676,0.6074
DIAMONDS TWO HEARTS ACE,0.2348,0.0144,0.7508
CLUBS JACK HEARTS EIGHT,0.3218,0.0192,0.659
DIAMONDS TWO SPADES EIGHT,0.2452,0.1482,0.6066
CLUBS NINE DIAMONDS EIGHT,0.333,0.0406,0.6264
SPADES KING HEARTS SEVEN,0.34,0.0092,0.6508
CLUBS FOUR HEARTS NINE,0.3386,0.0482,0.6132
SPADES JACK CLUBS THREE,0.2588,0.058,0.6832
SPADES FIVE DIAMONDS FIVE,0.1046,0.1574,0.738
CLUBS SEVEN CLUBS FOUR,0.315,0.1032,0.5818
SPADES KING HEARTS NINE,0.3386,0.0088,0.6526
SPADES TEN HEARTS THREE,0.2582,0.0784,0.6634
CLUBS NINE CLUBS FOUR,0.317,0.0466,0.6364
CLUBS FOUR HEARTS ACE,0.3104,0.0052,0.6844
SPADES ACE HEARTS THREE,0.2328,0.0224,0.7448
CLUBS EIGHT SPADES NINE,0.3238,0.0362,0.64
SPADES QUEEN HEARTS THREE,0.2446,0.0464,0.709
SPADES TEN CLUBS THREE,0.2636,0.0802,0.6562
DIAMONDS TWO HEARTS JACK,0.2524,0.0592,0.6884
DIAMONDS JACK SPADES THREE,0.2472,0.0614,0.6914
SPADES ACE HEARTS EIGHT,0.3342,0.0064,0.6594
SPADES SEVEN DIAMONDS SIX,0.3194,0.0966,0.584
SPADES QUEEN CLUBS ACE,0.3406,0.0042,0.6552
CLUBS NINE CLUBS THREE,0.2378,0.1058,0.6564
DIAMONDS QUEEN HEARTS JACK,0.323,0.0132,0.6638
DIAMONDS TWO DIAMONDS FIVE,0.2124,0.3562,0.4314
SPADES JACK CLUBS ACE,0.3324,0.0032,0.6644
SPADES EIGHT HEARTS QUEEN,0.3354,0.0126,0.652
SPADES SEVEN HEARTS TEN,0.3358,0.0316,0.6326
SPADES QUEEN CLUBS TWO,0.2592,0.0338,0.707
CLUBS NINE DIAMONDS SEVEN,0.3368,0.0424,0.6208
CLUBS TWO HEARTS ACE,0.237,0.0164,0.7466
DIAMONDS SIX CLUBS QUEEN,0.3496,0.0144,0.636
CLUBS NINE HEARTS TEN,0.33,0.0248,0.6452
CLUBS JACK HEARTS KING,0.345,0.0084,0.6466
DIAMONDS NINE DIAMONDS EIGHT,0.3164,0.0432,0.6404
SPADES FOUR DIAMONDS FIVE,0.2986,0.2376,0.4638
HEARTS FIVE DIAMONDS FIVE,0.0976,0.1532,0.7492
CLUBS SEVEN DIAMONDS ACE,0.3296,0.0066,0.6638
SPADES ACE CLUBS QUEEN,0.344,0.005,0.651
SPADES TEN SPADES TWO,0.2358,0.0746,0.6896
SPADES EIGHT DIAMONDS ACE,0.3436,0.0054,0.651
CLUBS SEVEN DIAMONDS TEN,0.333,0.0274,0.6396
SPADES KING CLUBS THREE,0.2588,0.0278,0.7134
CLUBS TWO HEARTS KING,0.2526,0.027,0.7204
HEARTS SEVEN HEARTS FOUR,0.3088,0.0974,0.5938
HEARTS FOUR HEARTS NINE,0.3322,0.0434,0.6244
HEARTS EIGHT DIAMONDS FOUR,0.3254,0.0758,0.5988
HEARTS SIX SPADES JACK,0.3422,0.021,0.6368
CLUBS FIVE HEARTS ACE,0.3184,0.0046,0.677
CLUBS SIX DIAMONDS NINE,0.3344,0.0422,0.6234
HEARTS EIGHT DIAMONDS FIVE,0.3272,0.0702,0.6026
SPADES JACK CLUBS TWO,0.256,0.053,0.691
SPADES EIGHT CLUBS TWO,0.2428,0.1446,0.6126
DIAMONDS TWO SPADES FIVE,0.2236,0.3778,0.3986
HEARTS THREE HEARTS ACE,0.218,0.0198,0.7622
CLUBS THREE HEARTS TEN,0.2586,0.0808,0.6606
DIAMONDS JACK DIAMONDS SEVEN,0.3166,0.0222,0.6612
CLUBS JACK CLUBS TEN,0.3106,0.0126,0.6768
SPADES ACE HEARTS SEVEN,0.33,0.0068,0.6632
SPADES ACE DIAMONDS TEN,0.3544,0.0056,0.64
CLUBS JACK SPADES FIVE,0.3462,0.0192,0.6346
HEARTS SIX CLUBS FIVE,0.301,0.1624,0.5366
CLUBS EIGHT HEARTS FOUR,0.3354,0.0662,0.5984
DIAMONDS TWO SPADES SEVEN,0.2376,0.203,0.5594
CLUBS NINE CLUBS ACE,0.3128,0.0058,0.6814
SPADES FOUR SPADES THREE,0.2054,0.468,0.3266
DIAMONDS ACE DIAMONDS SEVEN,0.326,0.0052,0.6688
SPADES SEVEN HEARTS NINE,0.337,0.043,0.62
CLUBS TEN HEARTS ACE,0.335,0.006,0.659
CLUBS FIVE CLUBS QUEEN,0.3226,0.018,0.6594
SPADES ACE CLUBS FIVE,0.3208,0.0038,0.6754
SPADES TEN CLUBS ACE,0.3394,0.005,0.6556
DIAMONDS TWO CLUBS FOUR,0.2148,0.5318,0.2534
HEARTS FOUR SPADES SIX,0.3214,0.1604,0.5182
SPADES KING CLUBS SEVEN,0.3362,0.0078,0.656
SPADES SEVEN DIAMONDS SEVEN,0.1378,0.1138,0.7484
SPADES SEVEN DIAMONDS FIVE,0.313,0.1052,0.5818
SPADES ACE CLUBS NINE,0.3516,0.0054,0.643
DIAMONDS FOUR DIAMONDS TWO,0.2102,0.4814,0.3084
SPADES ACE HEARTS TEN,0.3258,0.0056,0.6686
SPADES ACE CLUBS JACK,0.3616,0.0052,0.6332
DIAMONDS QUEEN DIAMONDS EIGHT,0.32,0.0136,0.6664
HEARTS SEVEN DIAMONDS TWO,0.2628,0.2044,0.5328
SPADES FIVE CLUBS KING,0.349,0.0074,0.6436
HEARTS EIGHT SPADES KING,0.3502,0.0078,0.642
SPADES SEVEN SPADES FIVE,0.3026,0.0988,0.5986
CLUBS FIVE DIAMONDS SIX,0.3114,0.1536,0.535
CLUBS SIX HEARTS ACE,0.3262,0.0032,0.6706
SPADES NINE HEARTS QUEEN,0.3344,0.0134,0.6522
SPADES KING SPADES TWO,0.2488,0.0282,0.723
CLUBS TEN HEARTS THREE,0.2516,0.0748,0.6736
CLUBS TEN SPADES QUEEN,0.3376,0.012,0.6504
CLUBS SEVEN HEARTS KING,0.3442,0.0074,0.6484
CLUBS FIVE CLUBS FOUR,0.278,0.2224,0.4996
HEARTS FIVE SPADES TWO,0.2122,0.3788,0.409
SPADES NINE SPADES EIGHT,0.3066,0.034,0.6594
SPADES QUEEN HEARTS JACK,0.3334,0.0112,0.6554
DIAMONDS TWO CLUBS KING,0.255,0.0272,0.7178
SPADES KING HEARTS FIVE,0.328,0.0116,0.6604
DIAMONDS JACK CLUBS QUEEN,0.3492,0.012,0.6388
SPADES NINE DIAMONDS TEN,0.3318,0.0226,0.6456
CLUBS SIX HEARTS KING,0.3454,0.0094,0.6452
DIAMONDS EIGHT DIAMONDS SIX,0.3134,0.0606,0.626
HEARTS SIX SPADES THREE,0.2306,0.2882,0.4812
CLUBS EIGHT SPADES FIVE,0.3266,0.0728,0.6006
DIAMONDS NINE HEARTS NINE,0.1386,0.0836,0.7778
SPADES SIX CLUBS KING,0.349,0.0096,0.6414
HEARTS FOUR CLUBS TWO,0.214,0.5244,0.2616
SPADES KING DIAMONDS ACE,0.317,0.0048,0.6782
SPADES TEN HEARTS FOUR,0.328,0.0352,0.6368
CLUBS ACE HEARTS NINE,0.3384,0.0054,0.6562
SPADES TEN CLUBS SEVEN,0.3322,0.0286,0.6392
CLUBS SIX SPADES EIGHT,0.3334,0.0644,0.6022
CLUBS EIGHT DIAMONDS EIGHT,0.1292,0.0968,0.774
HEARTS SIX HEARTS FIVE,0.2936,0.1468,0.5596
HEARTS FIVE DIAMONDS NINE,0.3272,0.0474,0.6254
HEARTS SIX DIAMONDS QUEEN,0.338,0.0118,0.6502
HEARTS THREE DIAMONDS QUEEN,0.2508,0.0434,0.7058
HEARTS SIX CLUBS EIGHT,0.3428,0.0608,0.5964
HEARTS FOUR CLUBS FIVE,0.3018,0.241,0.4572
HEARTS THREE DIAMONDS TEN,0.2512,0.0814,0.6674
DIAMONDS FOUR SPADES THREE,0.2072,0.5026,0.2902
CLUBS NINE SPADES FIVE,0.3446,0.0446,0.6108
HEARTS SEVEN SPADES SEVEN,0.1358,0.1162,0.748
CLUBS TWO DIAMONDS EIGHT,0.256,0.148,0.596
HEARTS FOUR CLUBS FOUR,0.1088,0.1662,0.725
HEARTS SIX CLUBS QUEEN,0.3302,0.0148,0.655
SPADES KING SPADES THREE,0.237,0.03,0.733
CLUBS TWO HEARTS TEN,0.2632,0.0752,0.6616
CLUBS NINE SPADES SIX,0.343,0.0404,0.6166
SPADES ACE SPADES SEVEN,0.3284,0.0052,0.6664
SPADES SIX SPADES FIVE,0.2918,0.1472,0.561
HEARTS KING CLUBS ACE,0.3506,0.0062,0.6432
HEARTS EIGHT HEARTS QUEEN,0.318,0.0128,0.6692
CLUBS SEVEN CLUBS ACE,0.3168,0.0052,0.678
SPADES FOUR CLUBS ACE,0.3252,0.0042,0.6706
SPADES TEN DIAMONDS NINE,0.3274,0.0224,0.6502
SPADES QUEEN HEARTS QUEEN,0.138,0.0382,0.8238
SPADES THREE SPADES TWO,0.0262,0.903,0.0708
CLUBS JACK CLUBS ACE,0.3214,0.0064,0.6722
SPADES NINE DIAMONDS EIGHT,0.3274,0.042,0.6306
CLUBS FIVE HEARTS NINE,0.342,0.0486,0.6094
SPADES ACE DIAMONDS QUEEN,0.3252,0.0062,0.6686
DIAMONDS FOUR CLUBS TEN,0.3424,0.0326,0.625
HEARTS SEVEN HEARTS NINE,0.313,0.0372,0.6498
SPADES NINE HEARTS KING,0.346,0.0074,0.6466
SPADES JACK CLUBS KING,0.343,0.0058,0.6512
SPADES FIVE HEARTS QUEEN,0.336,0.0154,0.6486
DIAMONDS ACE CLUBS ACE,0.124,0.0048,0.8712
CLUBS NINE DIAMONDS ACE,0.3402,0.0058,0.654
CLUBS JACK DIAMONDS TWO,0.2626,0.0536,0.6838
SPADES JACK HEARTS TEN,0.31,0.0176,0.6724
CLUBS SEVEN CLUBS SIX,0.2984,0.0888,0.6128
SPADES SIX CLUBS QUEEN,0.334,0.0136,0.6524
DIAMONDS EIGHT DIAMONDS FIVE,0.3218,0.0666,0.6116
SPADES NINE CLUBS THREE,0.2546,0.1078,0.6376
CLUBS TWO DIAMONDS SEVEN,0.2552,0.2028,0.542
CLUBS FOUR CLUBS KING,0.3234,0.0104,0.6662
HEARTS THREE DIAMONDS JACK,0.2388,0.056,0.7052
CLUBS ACE DIAMONDS SIX,0.3346,0.0056,0.6598
CLUBS TEN DIAMONDS JACK,0.3296,0.0176,0.6528
SPADES JACK SPADES THREE,0.2396,0.0556,0.7048
HEARTS EIGHT DIAMONDS ACE,0.328,0.0044,0.6676
HEARTS SEVEN SPADES SIX,0.3192,0.0942,0.5866
HEARTS FIVE CLUBS FIVE,0.1126,0.148,0.7394
SPADES ACE SPADES FOUR,0.3016,0.0048,0.6936
CLUBS ACE DIAMONDS SEVEN,0.3262,0.0042,0.6696
HEARTS FOUR CLUBS THREE,0.209,0.5046,0.2864
SPADES SEVEN HEARTS JACK,0.3366,0.021,0.6424
CLUBS SIX DIAMONDS SIX,0.1286,0.1326,0.7388
SPADES EIGHT DIAMONDS QUEEN,0.3274,0.017,0.6556
SPADES EIGHT DIAMONDS SIX,0.3366,0.062,0.6014
SPADES QUEEN DIAMONDS JACK,0.3308,0.013,0.6562
SPADES JACK HEARTS FIVE,0.343,0.0212,0.6358
HEARTS EIGHT DIAMONDS JACK,0.3306,0.0198,0.6496
DIAMONDS FOUR CLUBS QUEEN,0.344,0.0148,0.6412
CLUBS EIGHT HEARTS ACE,0.3276,0.0034,0.669
HEARTS SIX CLUBS KING,0.3468,0.008,0.6452
HEARTS SEVEN DIAMONDS JACK,0.3334,0.019,0.6476
DIAMONDS FOUR HEARTS TEN,0.3484,0.0312,0.6204
SPADES KING CLUBS ACE,0.3374,0.0054,0.6572
SPADES KING CLUBS KING,0.151,0.0198,0.8292
HEARTS SEVEN SPADES THREE,0.2318,0.2024,0.5658
HEARTS FIVE SPADES FOUR,0.2876,0.2426,0.4698
SPADES FOUR HEARTS KING,0.3374,0.009,0.6536
SPADES TEN SPADES FOUR,0.3186,0.0314,0.65
CLUBS TEN SPADES THREE,0.2668,0.0752,0.658
HEARTS FOUR HEARTS ACE,0.317,0.0064,0.6766
DIAMONDS QUEEN DIAMONDS TEN,0.318,0.0108,0.6712
SPADES SIX CLUBS ACE,0.331,0.004,0.665
DIAMONDS EIGHT CLUBS KING,0.3306,0.0104,0.659
CLUBS THREE HEARTS KING,0.2508,0.0272,0.722
SPADES KING CLUBS FOUR,0.3446,0.0096,0.6458
HEARTS SIX CLUBS SEVEN,0.3198,0.1024,0.5778
DIAMONDS JACK HEARTS TEN,0.3224,0.0166,0.661
SPADES THREE HEARTS KING,0.2556,0.0308,0.7136
CLUBS NINE HEARTS NINE,0.1404,0.086,0.7736
CLUBS JACK CLUBS EIGHT,0.3094,0.021,0.6696
CLUBS TEN CLUBS SIX,0.3168,0.0336,0.6496
HEARTS SIX CLUBS THREE,0.2464,0.2742,0.4794
CLUBS JACK HEARTS TEN,0.3234,0.0164,0.6602
SPADES THREE HEARTS QUEEN,0.2448,0.0464,0.7088
HEARTS SEVEN CLUBS NINE,0.332,0.038,0.63
DIAMONDS NINE HEARTS QUEEN,0.346,0.012,0.642
DIAMONDS TEN HEARTS TEN,0.1342,0.0728,0.793
DIAMONDS TWO CLUBS SIX,0.2442,0.2862,0.4696
HEARTS FIVE CLUBS ACE,0.3306,0.006,0.6634
CLUBS SIX DIAMONDS JACK,0.3422,0.0204,0.6374
CLUBS EIGHT CLUBS TWO,0.2422,0.1324,0.6254
CLUBS FOUR DIAMONDS TEN,0.347,0.0326,0.6204
CLUBS FOUR CLUBS ACE,0.3158,0.0074,0.6768
SPADES TWO CLUBS KING,0.2566,0.029,0.7144
DIAMONDS TEN HEARTS JACK,0.317,0.0164,0.6666
SPADES JACK SPADES SIX,0.3306,0.0184,0.651
SPADES TWO HEARTS TEN,0.2506,0.0806,0.6688
CLUBS SEVEN DIAMONDS KING,0.3358,0.009,0.6552
SPADES EIGHT DIAMONDS SEVEN,0.307,0.0622,0.6308
CLUBS NINE HEARTS JACK,0.3358,0.02,0.6442
CLUBS FIVE SPADES SEVEN,0.3322,0.1074,0.5604
CLUBS EIGHT SPADES EIGHT,0.1394,0.1028,0.7578
CLUBS JACK DIAMONDS FIVE,0.3276,0.0222,0.6502
DIAMONDS JACK HEARTS JACK,0.1374,0.0518,0.8108
SPADES EIGHT CLUBS QUEEN,0.347,0.0128,0.6402
CLUBS TEN DIAMONDS SEVEN,0.331,0.0306,0.6384
CLUBS NINE DIAMONDS TEN,0.3198,0.0254,0.6548
DIAMONDS TEN DIAMONDS FIVE,0.318,0.0262,0.6558
SPADES TWO DIAMONDS SEVEN,0.253,0.2058,0.5412
HEARTS FIVE DIAMONDS SEVEN,0.309,0.1006,0.5904
CLUBS SEVEN SPADES SIX,0.3118,0.0974,0.5908
SPADES SIX DIAMONDS QUEEN,0.3362,0.0138,0.65
CLUBS TEN CLUBS FIVE,0.3196,0.0326,0.6478
DIAMONDS KING SPADES TWO,0.2594,0.0302,0.7104
DIAMONDS ACE DIAMONDS FIVE,0.3078,0.0062,0.686
SPADES QUEEN HEARTS SIX,0.3506,0.0098,0.6396
SPADES TEN HEARTS KING,0.3278,0.008,0.6642
HEARTS SEVEN SPADES JACK,0.3356,0.0182,0.6462
SPADES KING HEARTS THREE,0.2566,0.0298,0.7136
SPADES QUEEN CLUBS SIX,0.36,0.0136,0.6264
CLUBS JACK CLUBS FOUR,0.3278,0.0252,0.647
SPADES QUEEN DIAMONDS QUEEN,0.1374,0.0388,0.8238
SPADES NINE CLUBS KING,0.344,0.0076,0.6484
CLUBS JACK SPADES SEVEN,0.3368,0.0226,0.6406
CLUBS TWO CLUBS KING,0.2392,0.025,0.7358
CLUBS SEVEN HEARTS TEN,0.3238,0.0284,0.6478
SPADES ACE DIAMONDS SIX,0.3422,0.0056,0.6522
DIAMONDS NINE DIAMONDS SIX,0.328,0.046,0.626
SPADES SEVEN SPADES THREE,0.2328,0.1896,0.5776
HEARTS SIX HEARTS KING,0.3238,0.0098,0.6664
SPADES QUEEN DIAMONDS ACE,0.3382,0.0058,0.656
DIAMONDS ACE DIAMONDS QUEEN,0.328,0.006,0.666
SPADES ACE SPADES TEN,0.3098,0.0044,0.6858
SPADES TWO CLUBS ACE,0.23,0.0176,0.7524
DIAMONDS ACE DIAMONDS TEN,0.3298,0.0056,0.6646
DIAMONDS ACE DIAMONDS NINE,0.3252,0.0062,0.6686
CLUBS FOUR SPADES FOUR,0.11,0.1646,0.7254
HEARTS FOUR SPADES TWO,0.2206,0.5104,0.269
CLUBS JACK DIAMONDS SIX,0.354,0.0206,0.6254
CLUBS SEVEN DIAMONDS NINE,0.3322,0.0386,0.6292
HEARTS KING HEARTS NINE,0.3326,0.0082,0.6592
CLUBS FOUR DIAMONDS SEVEN,0.3124,0.1144,0.5732
SPADES EIGHT DIAMONDS KING,0.3386,0.0102,0.6512
HEARTS SEVEN SPADES FOUR,0.3326,0.1034,0.564
CLUBS SEVEN DIAMONDS SEVEN,0.1332,0.1102,0.7566
CLUBS SIX DIAMONDS FIVE,0.3084,0.1452,0.5464
SPADES QUEEN SPADES TWO,0.2392,0.0408,0.72
HEARTS EIGHT CLUBS FOUR,0.3462,0.0698,0.584
CLUBS SIX SPADES SIX,0.1296,0.1362,0.7342
CLUBS TWO DIAMONDS TEN,0.257,0.0716,0.6714
SPADES FIVE HEARTS JACK,0.341,0.0242,0.6348
SPADES KING CLUBS TWO,0.259,0.0254,0.7156
HEARTS FIVE CLUBS THREE,0.2214,0.3638,0.4148
HEARTS EIGHT CLUBS KING,0.3284,0.0096,0.662
CLUBS FOUR CLUBS TWO,0.2074,0.4688,0.3238
SPADES ACE CLUBS FOUR,0.3348,0.005,0.6602
SPADES EIGHT CLUBS FOUR,0.3458,0.0706,0.5836
SPADES JACK DIAMONDS SIX,0.346,0.0166,0.6374
SPADES FIVE DIAMONDS JACK,0.3386,0.0244,0.637
DIAMONDS FOUR HEARTS JACK,0.3284,0.023,0.6486
SPADES JACK SPADES FIVE,0.3236,0.0218,0.6546
SPADES TEN CLUBS FOUR,0.3434,0.035,0.6216
HEARTS FOUR CLUBS ACE,0.3274,0.0056,0.667
CLUBS SEVEN DIAMONDS FIVE,0.3092,0.1108,0.58
SPADES ACE CLUBS SIX,0.3448,0.0044,0.6508
HEARTS SIX SPADES SEVEN,0.3196,0.094,0.5864
CLUBS NINE SPADES THREE,0.2566,0.113,0.6304
SPADES ACE SPADES THREE,0.2278,0.0186,0.7536
SPADES SEVEN CLUBS TWO,0.2546,0.1946,0.5508
CLUBS SEVEN SPADES FIVE,0.3124,0.105,0.5826
DIAMONDS FOUR DIAMONDS FIVE,0.278,0.233,0.489
CLUBS FIVE DIAMONDS NINE,0.33,0.0486,0.6214
SPADES JACK DIAMONDS SEVEN,0.3358,0.0166,0.6476
SPADES THREE DIAMONDS EIGHT,0.2542,0.1518,0.594
CLUBS SIX SPADES TWO,0.2528,0.2582,0.489
HEARTS FIVE DIAMONDS QUEEN,0.343,0.0148,0.6422
CLUBS TEN SPADES SIX,0.3508,0.028,0.6212
SPADES ACE CLUBS KING,0.348,0.0048,0.6472
SPADES KING SPADES SIX,0.314,0.0072,0.6788
CLUBS SIX CLUBS FOUR,0.306,0.1554,0.5386
SPADES ACE SPADES FIVE,0.3106,0.0052,0.6842
HEARTS THREE SPADES TWO,0.01,0.9722,0.0178
DIAMONDS ACE CLUBS THREE,0.232,0.0176,0.7504
CLUBS TEN CLUBS KING,0.3284,0.0086,0.663
DIAMONDS ACE HEARTS ACE,0.1176,0.005,0.8774
CLUBS SEVEN CLUBS FIVE,0.3004,0.0946,0.605
SPADES KING HEARTS TEN,0.3332,0.0076,0.6592
HEARTS JACK HEARTS TEN,0.3108,0.0144,0.6748
CLUBS NINE SPADES NINE,0.1568,0.0802,0.763
CLUBS FIVE CLUBS THREE,0.2146,0.3432,0.4422
DIAMONDS FOUR SPADES QUEEN,0.335,0.0144,0.6506
DIAMONDS FOUR SPADES KING,0.347,0.012,0.641
HEARTS THREE HEARTS TEN,0.2494,0.0858,0.6648
DIAMONDS TWO SPADES SIX,0.2464,0.2776,0.476
SPADES NINE DIAMONDS SIX,0.3318,0.0428,0.6254
SPADES SIX DIAMONDS JACK,0.3462,0.0206,0.6332
DIAMONDS TWO CLUBS NINE,0.2616,0.1078,0.6306
CLUBS TEN HEARTS QUEEN,0.331,0.0098,0.6592
HEARTS JACK DIAMONDS SIX,0.3254,0.022,0.6526
HEARTS FIVE CLUBS SEVEN,0.323,0.1058,0.5712
SPADES JACK DIAMONDS EIGHT,0.3392,0.0162,0.6446
DIAMONDS KING HEARTS KING,0.1366,0.0206,0.8428
HEARTS THREE HEARTS NINE,0.2472,0.108,0.6448
CLUBS FOUR SPADES FIVE,0.2888,0.2404,0.4708
HEARTS KING HEARTS JACK,0.3192,0.009,0.6718
HEARTS THREE CLUBS FIVE,0.2148,0.3796,0.4056
HEARTS SEVEN CLUBS SEVEN,0.1322,0.125,0.7428
SPADES JACK DIAMONDS TEN,0.316,0.0168,0.6672
HEARTS KING DIAMONDS FIVE,0.3326,0.01,0.6574
HEARTS TEN DIAMONDS FIVE,0.3336,0.0348,0.6316
DIAMONDS ACE SPADES SEVEN,0.326,0.0054,0.6686
CLUBS SEVEN CLUBS THREE,0.2208,0.1942,0.585
HEARTS SIX HEARTS TEN,0.3236,0.0292,0.6472
DIAMONDS FOUR CLUBS TWO,0.2166,0.5164,0.267
DIAMONDS TWO DIAMONDS TEN,0.2504,0.0728,0.6768
SPADES ACE SPADES NINE,0.3268,0.0032,0.67
SPADES QUEEN DIAMONDS SIX,0.3452,0.0134,0.6414
DIAMONDS QUEEN SPADES FOUR,0.3506,0.0148,0.6346
CLUBS JACK SPADES THREE,0.2652,0.0568,0.678
HEARTS FOUR DIAMONDS FIVE,0.2884,0.2442,0.4674
CLUBS FOUR DIAMONDS JACK,0.349,0.0196,0.6314
CLUBS TEN SPADES FIVE,0.3422,0.0316,0.6262
HEARTS SEVEN CLUBS FIVE,0.3232,0.0956,0.5812
CLUBS TEN CLUBS TWO,0.2516,0.0738,0.6746
CLUBS JACK DIAMONDS EIGHT,0.338,0.018,0.644
HEARTS ACE DIAMONDS NINE,0.3364,0.0064,0.6572
SPADES TEN DIAMONDS TEN,0.1312,0.0594,0.8094
HEARTS FOUR SPADES THREE,0.2252,0.501,0.2738
DIAMONDS TWO HEARTS SIX,0.2416,0.286,0.4724
SPADES NINE DIAMONDS QUEEN,0.3522,0.0126,0.6352
SPADES ACE SPADES SIX,0.3186,0.0054,0.676
CLUBS JACK HEARTS THREE,0.2494,0.0566,0.694
CLUBS TEN CLUBS EIGHT,0.2998,0.0274,0.6728
DIAMONDS QUEEN HEARTS KING,0.3206,0.0074,0.672
SPADES QUEEN HEARTS NINE,0.3388,0.0124,0.6488
DIAMONDS SEVEN DIAMONDS SIX,0.3058,0.0932,0.601
SPADES FOUR DIAMONDS EIGHT,0.3336,0.0714,0.595
CLUBS FIVE DIAMONDS QUEEN,0.3382,0.0138,0.648
CLUBS JACK SPADES TEN,0.346,0.0162,0.6378
SPADES TEN DIAMONDS KING,0.3288,0.0078,0.6634
SPADES KING CLUBS QUEEN,0.3326,0.0084,0.659
HEARTS SEVEN SPADES FIVE,0.3092,0.1078,0.583
SPADES TEN SPADES THREE,0.2462,0.0764,0.6774
DIAMONDS JACK SPADES FOUR,0.3294,0.021,0.6496
DIAMONDS TEN DIAMONDS NINE,0.3158,0.0276,0.6566
HEARTS FIVE SPADES EIGHT,0.3308,0.0722,0.597
HEARTS FIVE SPADES SIX,0.2964,0.1544,0.5492
SPADES SEVEN CLUBS THREE,0.241,0.1948,0.5642
DIAMONDS NINE CLUBS KING,0.3418,0.0082,0.65
HEARTS QUEEN HEARTS NINE,0.3294,0.0104,0.6602
SPADES TEN CLUBS SIX,0.3514,0.0284,0.6202
SPADES NINE CLUBS FOUR,0.3508,0.048,0.6012
HEARTS FOUR SPADES FIVE,0.2902,0.2378,0.472
HEARTS SEVEN DIAMONDS EIGHT,0.2872,0.0606,0.6522
DIAMONDS TWO DIAMONDS JACK,0.2478,0.0494,0.7028
SPADES THREE DIAMONDS SEVEN,0.2276,0.2082,0.5642
HEARTS FOUR CLUBS KING,0.34,0.01,0.65
HEARTS ACE SPADES TWO,0.2422,0.015,0.7428
CLUBS SIX HEARTS TEN,0.3468,0.0334,0.6198
DIAMONDS SIX HEARTS NINE,0.335,0.041,0.624
CLUBS NINE CLUBS KING,0.3278,0.0048,0.6674
HEARTS ACE DIAMONDS SEVEN,0.33,0.0058,0.6642
HEARTS TEN HEARTS NINE,0.3098,0.0226,0.6676
CLUBS THREE DIAMONDS TEN,0.2436,0.0764,0.68
HEARTS SEVEN HEARTS QUEEN,0.3242,0.012,0.6638
CLUBS FIVE DIAMONDS SEVEN,0.314,0.0984,0.5876
SPADES QUEEN HEARTS FOUR,0.3266,0.0138,0.6596
HEARTS EIGHT HEARTS TEN,0.317,0.0244,0.6586
SPADES ACE HEARTS SIX,0.3344,0.0068,0.6588
CLUBS TEN HEARTS SEVEN,0.3254,0.0358,0.6388
SPADES KING HEARTS ACE,0.349,0.0054,0.6456
DIAMONDS FOUR HEARTS FIVE,0.2782,0.2434,0.4784
HEARTS EIGHT CLUBS QUEEN,0.334,0.0134,0.6526
CLUBS NINE CLUBS EIGHT,0.3136,0.0384,0.648
SPADES EIGHT CLUBS FIVE,0.333,0.0714,0.5956
HEARTS KING DIAMONDS EIGHT,0.332,0.0098,0.6582
HEARTS FIVE HEARTS TEN,0.3264,0.0312,0.6424
SPADES TEN DIAMONDS FIVE,0.3366,0.0334,0.63
SPADES SIX SPADES THREE,0.232,0.2684,0.4996
SPADES TEN HEARTS TEN,0.133,0.0694,0.7976
CLUBS THREE DIAMONDS QUEEN,0.2494,0.0454,0.7052
SPADES ACE DIAMONDS EIGHT,0.331,0.006,0.663
SPADES QUEEN CLUBS FIVE,0.3368,0.0162,0.647
HEARTS EIGHT SPADES SIX,0.322,0.0684,0.6096
