opposingHand,winningChance,drawChance,lostChance
DIAMONDS QUEEN DIAMONDS SEVEN
HEARTS FIVE DIAMONDS KING,0.422,0.0086,0.5694
SPADES JACK DIAMONDS SIX,0.64,0.0126,0.3474
HEARTS TWO DIAMONDS EIGHT,0.6506,0.0122,0.3372
SPADES NINE CLUBS QUEEN,0.2872,0.156,0.5568
DIAMONDS NINE SPADES TWO,0.6452,0.0118,0.343
HEARTS SIX DIAMONDS TEN,0.6242,0.0106,0.3652
CLUBS TEN CLUBS THREE,0.6118,0.0114,0.3768
SPADES SEVEN DIAMONDS ACE,0.2706,0.027,0.7024
DIAMONDS KING DIAMONDS NINE,0.3378,0.0068,0.6554
CLUBS EIGHT HEARTS TEN,0.6028,0.0094,0.3878
SPADES ACE CLUBS SIX,0.4344,0.0024,0.5632
CLUBS NINE DIAMONDS KING,0.3742,0.005,0.6208
HEARTS FIVE CLUBS SIX,0.6348,0.0116,0.3536
DIAMONDS TWO CLUBS NINE,0.6486,0.01,0.3414
CLUBS FIVE CLUBS QUEEN,0.46,0.2736,0.2664
SPADES ACE HEARTS JACK,0.3964,0.0044,0.5992
CLUBS JACK SPADES THREE,0.6448,0.0128,0.3424
CLUBS FIVE HEARTS TEN,0.6558,0.01,0.3342
CLUBS FIVE DIAMONDS TEN,0.6576,0.01,0.3324
SPADES TEN CLUBS SEVEN,0.7004,0.0442,0.2554
DIAMONDS TWO DIAMONDS FOUR,0.6462,0.0162,0.3376
SPADES SIX HEARTS KING,0.4378,0.0062,0.556
DIAMONDS EIGHT HEARTS TEN,0.5996,0.0096,0.3908
SPADES JACK SPADES NINE,0.5556,0.0086,0.4358
HEARTS FOUR CLUBS THREE,0.6386,0.0138,0.3476
SPADES ACE DIAMONDS EIGHT,0.39,0.0036,0.6064
DIAMONDS JACK CLUBS QUEEN,0.2656,0.0872,0.6472
DIAMONDS ACE HEARTS KING,0.3518,0.0062,0.642
HEARTS EIGHT HEARTS SEVEN,0.638,0.0376,0.3244
DIAMONDS TEN DIAMONDS SIX,0.635,0.0116,0.3534
HEARTS ACE CLUBS KING,0.3658,0.0048,0.6294
CLUBS JACK DIAMONDS TWO,0.6582,0.011,0.3308
DIAMONDS ACE DIAMONDS FIVE,0.3784,0.0058,0.6158
SPADES FIVE DIAMONDS FIVE,0.4512,0.0278,0.521
HEARTS SEVEN CLUBS FOUR,0.7178,0.0402,0.242
HEARTS SEVEN HEARTS SIX,0.6426,0.0388,0.3186
HEARTS THREE SPADES FOUR,0.6488,0.009,0.3422
SPADES KING HEARTS SEVEN,0.2726,0.0366,0.6908
CLUBS EIGHT SPADES FOUR,0.642,0.011,0.347
HEARTS TWO DIAMONDS KING,0.4282,0.0072,0.5646
CLUBS THREE DIAMONDS KING,0.4146,0.009,0.5764
SPADES ACE SPADES FIVE,0.398,0.0036,0.5984
CLUBS THREE HEARTS KING,0.4298,0.007,0.5632
HEARTS THREE CLUBS FIVE,0.645,0.0122,0.3428
DIAMONDS TWO HEARTS QUEEN,0.4868,0.298,0.2152
DIAMONDS KING DIAMONDS SIX,0.3798,0.0072,0.613
SPADES JACK DIAMONDS JACK,0.3086,0.0152,0.6762
HEARTS THREE SPADES SEVEN,0.7322,0.05,0.2178
DIAMONDS KING HEARTS KING,0.17,0.0042,0.8258
SPADES JACK HEARTS JACK,0.309,0.0096,0.6814
HEARTS THREE SPADES EIGHT,0.655,0.0106,0.3344
SPADES KING HEARTS NINE,0.3858,0.0068,0.6074
DIAMONDS TWO CLUBS EIGHT,0.6554,0.015,0.3296
DIAMONDS JACK HEARTS JACK,0.3146,0.0112,0.6742
HEARTS SEVEN SPADES THREE,0.7138,0.0478,0.2384
SPADES FIVE DIAMONDS TEN,0.653,0.0114,0.3356
DIAMONDS SIX HEARTS TEN,0.6324,0.0108,0.3568
CLUBS SEVEN CLUBS FOUR,0.655,0.0462,0.2988
SPADES EIGHT DIAMONDS ACE,0.3876,0.0052,0.6072
DIAMONDS THREE DIAMONDS NINE,0.6362,0.0158,0.348
DIAMONDS KING HEARTS TEN,0.365,0.0068,0.6282
DIAMONDS TWO SPADES TEN,0.6406,0.0108,0.3486
DIAMONDS TEN DIAMONDS EIGHT,0.5752,0.0108,0.414
HEARTS SEVEN CLUBS TWO,0.7506,0.047,0.2024
DIAMONDS NINE CLUBS ACE,0.3858,0.006,0.6082
HEARTS SEVEN SPADES FIVE,0.689,0.0462,0.2648
CLUBS FOUR DIAMONDS KING,0.4236,0.0076,0.5688
HEARTS EIGHT CLUBS TEN,0.5978,0.0104,0.3918
SPADES JACK DIAMONDS FIVE,0.6446,0.0114,0.344
SPADES KING HEARTS ACE,0.3634,0.0034,0.6332
HEARTS SEVEN SPADES QUEEN,0.0754,0.9058,0.0188
CLUBS FIVE HEARTS TWO,0.6618,0.0144,0.3238
HEARTS FIVE SPADES SIX,0.6506,0.0106,0.3388
HEARTS ACE HEARTS QUEEN,0.2574,0.0156,0.727
HEARTS SEVEN DIAMONDS EIGHT,0.6612,0.0452,0.2936
HEARTS SEVEN HEARTS QUEEN,0.073,0.8584,0.0686
HEARTS SIX DIAMONDS EIGHT,0.6138,0.0108,0.3754
HEARTS QUEEN HEARTS JACK,0.2676,0.0812,0.6512
HEARTS NINE DIAMONDS FOUR,0.6504,0.011,0.3386
HEARTS THREE DIAMONDS KING,0.4166,0.0074,0.576
CLUBS SEVEN CLUBS TWO,0.7042,0.0498,0.246
DIAMONDS FIVE HEARTS NINE,0.6312,0.0126,0.3562
SPADES KING SPADES SIX,0.3986,0.0054,0.596
CLUBS FIVE HEARTS JACK,0.654,0.0112,0.3348
SPADES QUEEN HEARTS QUEEN,0.1294,0.0248,0.8458
HEARTS SEVEN HEARTS ACE,0.2654,0.022,0.7126
HEARTS SIX DIAMONDS ACE,0.4172,0.0038,0.579
DIAMONDS TWO HEARTS ACE,0.419,0.0054,0.5756
CLUBS SEVEN SPADES NINE,0.6962,0.038,0.2658
HEARTS SIX SPADES NINE,0.6354,0.0108,0.3538
HEARTS SIX CLUBS THREE,0.6526,0.0158,0.3316
CLUBS FIVE DIAMONDS FIVE,0.447,0.0268,0.5262
DIAMONDS TEN HEARTS NINE,0.5758,0.0086,0.4156
DIAMONDS THREE DIAMONDS FIVE,0.6338,0.016,0.3502
SPADES EIGHT DIAMONDS EIGHT,0.3382,0.0212,0.6406
CLUBS TWO HEARTS NINE,0.6584,0.0122,0.3294
DIAMONDS TEN CLUBS QUEEN,0.2626,0.1192,0.6182
HEARTS FOUR HEARTS TWO,0.6162,0.0132,0.3706
SPADES ACE DIAMONDS TEN,0.3736,0.0026,0.6238
HEARTS FOUR SPADES FIVE,0.6306,0.013,0.3564
SPADES EIGHT DIAMONDS FOUR,0.6344,0.015,0.3506
HEARTS SEVEN CLUBS NINE,0.704,0.0418,0.2542
DIAMONDS KING DIAMONDS EIGHT,0.326,0.0102,0.6638
DIAMONDS THREE DIAMONDS JACK,0.6422,0.0084,0.3494
HEARTS SEVEN HEARTS THREE,0.689,0.045,0.266
SPADES SEVEN DIAMONDS NINE,0.6922,0.0436,0.2642
CLUBS SEVEN DIAMONDS FIVE,0.6896,0.0446,0.2658
SPADES JACK CLUBS TWO,0.6584,0.0108,0.3308
HEARTS QUEEN DIAMONDS FOUR,0.4752,0.3064,0.2184
SPADES ACE DIAMONDS JACK,0.3896,0.0056,0.6048
HEARTS THREE CLUBS QUEEN,0.4984,0.291,0.2106
HEARTS FIVE DIAMONDS SIX,0.6356,0.0102,0.3542
CLUBS EIGHT CLUBS KING,0.376,0.0084,0.6156
CLUBS SIX DIAMONDS FOUR,0.6294,0.0116,0.359
SPADES EIGHT CLUBS TWO,0.6582,0.0108,0.331
HEARTS EIGHT SPADES SEVEN,0.6944,0.0382,0.2674
HEARTS ACE CLUBS ACE,0.1726,0.0042,0.8232
HEARTS TWO HEARTS ACE,0.4192,0.0048,0.576
SPADES KING HEARTS TWO,0.4544,0.0082,0.5374
SPADES SEVEN SPADES FIVE,0.6528,0.0454,0.3018
CLUBS TWO DIAMONDS FIVE,0.659,0.0112,0.3298
SPADES ACE DIAMONDS FIVE,0.415,0.0044,0.5806
CLUBS EIGHT CLUBS SEVEN,0.6454,0.0408,0.3138
DIAMONDS TWO SPADES FIVE,0.6552,0.0112,0.3336
HEARTS FIVE CLUBS ACE,0.436,0.0042,0.5598
CLUBS SEVEN CLUBS THREE,0.69,0.0488,0.2612
HEARTS FIVE HEARTS NINE,0.6018,0.0098,0.3884
SPADES EIGHT SPADES FIVE,0.5864,0.013,0.4006
DIAMONDS KING CLUBS TWO,0.4198,0.0104,0.5698
SPADES SEVEN DIAMONDS SIX,0.6804,0.049,0.2706
CLUBS JACK CLUBS NINE,0.5422,0.0108,0.447
SPADES NINE HEARTS TEN,0.58,0.0114,0.4086
CLUBS FIVE SPADES THREE,0.6494,0.0096,0.341
DIAMONDS THREE DIAMONDS TEN,0.6456,0.0108,0.3436
CLUBS THREE CLUBS KING,0.4152,0.0048,0.58
HEARTS KING HEARTS NINE,0.3678,0.0066,0.6256
DIAMONDS TWO HEARTS THREE,0.6672,0.0132,0.3196
DIAMONDS TWO HEARTS TWO,0.4616,0.0314,0.507
CLUBS JACK DIAMONDS THREE,0.6382,0.0102,0.3516
CLUBS FOUR DIAMONDS NINE,0.6474,0.0122,0.3404
CLUBS SEVEN SPADES THREE,0.7266,0.0494,0.224
CLUBS SEVEN DIAMONDS TEN,0.6898,0.0392,0.271
SPADES QUEEN SPADES FOUR,0.4814,0.2664,0.2522
HEARTS THREE HEARTS TWO,0.6252,0.0132,0.3616
SPADES TEN HEARTS THREE,0.6466,0.011,0.3424
CLUBS SEVEN HEARTS THREE,0.7094,0.0506,0.24
DIAMONDS KING SPADES FOUR,0.4178,0.0078,0.5744
HEARTS FIVE CLUBS QUEEN,0.497,0.291,0.212
CLUBS NINE HEARTS TEN,0.5866,0.0106,0.4028
CLUBS FIVE DIAMONDS KING,0.4214,0.0066,0.572
HEARTS TWO DIAMONDS SIX,0.6686,0.0112,0.3202
HEARTS SEVEN CLUBS THREE,0.7146,0.0494,0.236
HEARTS SIX DIAMONDS FIVE,0.6186,0.0168,0.3646
SPADES ACE HEARTS ACE,0.1664,0.003,0.8306
DIAMONDS THREE CLUBS ACE,0.421,0.0046,0.5744
HEARTS FIVE DIAMONDS FOUR,0.6214,0.0114,0.3672
SPADES EIGHT CLUBS FOUR,0.6262,0.0118,0.362
DIAMONDS TWO SPADES EIGHT,0.6602,0.0118,0.328
CLUBS JACK SPADES FIVE,0.6544,0.0096,0.336
HEARTS JACK CLUBS QUEEN,0.2758,0.0864,0.6378
DIAMONDS ACE CLUBS KING,0.3476,0.0048,0.6476
CLUBS SEVEN DIAMONDS EIGHT,0.6828,0.0422,0.275
DIAMONDS ACE SPADES FIVE,0.416,0.0062,0.5778
CLUBS FOUR CLUBS QUEEN,0.4642,0.2788,0.257
HEARTS TWO CLUBS KING,0.4442,0.0088,0.547
CLUBS TWO CLUBS QUEEN,0.4712,0.2772,0.2516
HEARTS EIGHT DIAMONDS TWO,0.6532,0.0132,0.3336
HEARTS SEVEN DIAMONDS TEN,0.7076,0.0402,0.2522
CLUBS TEN HEARTS TWO,0.6496,0.0108,0.3396
CLUBS JACK DIAMONDS FOUR,0.6352,0.013,0.3518
HEARTS SEVEN HEARTS FIVE,0.6572,0.046,0.2968
CLUBS EIGHT CLUBS ACE,0.3814,0.0026,0.616
DIAMONDS KING SPADES THREE,0.4252,0.0088,0.566
DIAMONDS THREE SPADES NINE,0.649,0.0112,0.3398
CLUBS TWO DIAMONDS EIGHT,0.6432,0.0112,0.3456
SPADES QUEEN CLUBS NINE,0.2816,0.1574,0.561
HEARTS EIGHT CLUBS ACE,0.3956,0.005,0.5994
HEARTS EIGHT HEARTS NINE,0.5574,0.0104,0.4322
HEARTS SIX CLUBS QUEEN,0.4962,0.2986,0.2052
HEARTS FIVE HEARTS FOUR,0.5998,0.0118,0.3884
DIAMONDS TWO HEARTS KING,0.4314,0.0088,0.5598
CLUBS NINE CLUBS SIX,0.6046,0.013,0.3824
CLUBS FOUR HEARTS TEN,0.6544,0.0084,0.3372
SPADES KING SPADES TEN,0.355,0.0088,0.6362
SPADES TEN CLUBS SIX,0.6214,0.0114,0.3672
CLUBS JACK HEARTS FOUR,0.6412,0.0114,0.3474
HEARTS SIX HEARTS FOUR,0.6132,0.0114,0.3754
SPADES SIX SPADES THREE,0.618,0.0106,0.3714
SPADES QUEEN HEARTS KING,0.2712,0.0258,0.703
CLUBS NINE HEARTS SIX,0.635,0.0112,0.3538
HEARTS FOUR HEARTS JACK,0.6168,0.0134,0.3698
HEARTS EIGHT HEARTS QUEEN,0.247,0.2054,0.5476
DIAMONDS ACE SPADES FOUR,0.4168,0.0048,0.5784
SPADES TWO HEARTS TEN,0.6516,0.0104,0.338
CLUBS NINE HEARTS TWO,0.6586,0.0094,0.332
CLUBS THREE HEARTS QUEEN,0.4844,0.2888,0.2268
CLUBS SEVEN HEARTS JACK,0.7326,0.0444,0.223
SPADES KING HEARTS TEN,0.3862,0.0058,0.608
CLUBS JACK SPADES NINE,0.5922,0.0094,0.3984
HEARTS KING CLUBS KING,0.174,0.0022,0.8238
SPADES FIVE DIAMONDS FOUR,0.6272,0.0134,0.3594
CLUBS TEN CLUBS NINE,0.5402,0.009,0.4508
SPADES KING CLUBS NINE,0.386,0.0054,0.6086
SPADES QUEEN CLUBS FOUR,0.4924,0.2812,0.2264
CLUBS SIX HEARTS KING,0.4332,0.0064,0.5604
SPADES QUEEN CLUBS TWO,0.4974,0.2836,0.219
HEARTS THREE CLUBS ACE,0.4354,0.0034,0.5612
SPADES ACE SPADES KING,0.3326,0.0034,0.664
HEARTS ACE DIAMONDS FOUR,0.4302,0.004,0.5658
SPADES SIX DIAMONDS FOUR,0.6482,0.0154,0.3364
SPADES TWO CLUBS QUEEN,0.515,0.283,0.202
SPADES SIX HEARTS TEN,0.64,0.0108,0.3492
HEARTS FOUR SPADES THREE,0.655,0.0108,0.3342
SPADES FIVE SPADES THREE,0.6048,0.0136,0.3816
DIAMONDS TEN HEARTS JACK,0.5616,0.0098,0.4286
HEARTS SIX CLUBS EIGHT,0.6114,0.011,0.3776
DIAMONDS THREE HEARTS KING,0.4308,0.0076,0.5616
DIAMONDS KING DIAMONDS FOUR,0.393,0.0082,0.5988
HEARTS EIGHT CLUBS SIX,0.6216,0.0122,0.3662
HEARTS FOUR SPADES TWO,0.6714,0.0108,0.3178
CLUBS THREE SPADES FIVE,0.6384,0.011,0.3506
CLUBS JACK CLUBS FIVE,0.607,0.0092,0.3838
CLUBS JACK DIAMONDS ACE,0.3806,0.0034,0.616
DIAMONDS KING DIAMONDS TEN,0.3366,0.0086,0.6548
SPADES QUEEN DIAMONDS KING,0.2572,0.0268,0.716
SPADES NINE HEARTS THREE,0.658,0.0102,0.3318
SPADES TWO CLUBS ACE,0.4296,0.0062,0.5642
CLUBS JACK CLUBS QUEEN,0.2646,0.084,0.6514
HEARTS FOUR SPADES EIGHT,0.6378,0.0114,0.3508
HEARTS TWO SPADES TWO,0.4818,0.0258,0.4924
SPADES TEN SPADES SIX,0.6,0.0134,0.3866
CLUBS FOUR SPADES SIX,0.6448,0.0088,0.3464
DIAMONDS NINE DIAMONDS EIGHT,0.5716,0.0144,0.414
DIAMONDS KING HEARTS QUEEN,0.256,0.031,0.713
HEARTS EIGHT DIAMONDS JACK,0.5966,0.009,0.3944
CLUBS FIVE DIAMONDS ACE,0.4012,0.0054,0.5934
DIAMONDS THREE CLUBS KING,0.4196,0.007,0.5734
SPADES ACE DIAMONDS THREE,0.4344,0.0076,0.558
SPADES TEN DIAMONDS FIVE,0.6444,0.0096,0.346
CLUBS TEN DIAMONDS ACE,0.38,0.0038,0.6162
SPADES NINE SPADES SIX,0.5904,0.0098,0.3998
CLUBS FOUR DIAMONDS ACE,0.4078,0.0054,0.5868
DIAMONDS EIGHT DIAMONDS FOUR,0.6252,0.013,0.3618
CLUBS ACE HEARTS NINE,0.395,0.0034,0.6016
CLUBS SEVEN HEARTS ACE,0.2908,0.0214,0.6878
HEARTS TEN DIAMONDS FIVE,0.6556,0.013,0.3314
CLUBS JACK HEARTS TWO,0.646,0.0122,0.3418
DIAMONDS JACK SPADES FOUR,0.6368,0.0124,0.3508
CLUBS EIGHT SPADES TWO,0.6516,0.0108,0.3376
SPADES TEN SPADES TWO,0.6172,0.0124,0.3704
DIAMONDS ACE HEARTS TEN,0.3784,0.004,0.6176
DIAMONDS JACK HEARTS ACE,0.3742,0.0044,0.6214
HEARTS EIGHT HEARTS TEN,0.5468,0.011,0.4422
CLUBS TWO HEARTS QUEEN,0.5128,0.2772,0.21
CLUBS SEVEN SPADES TWO,0.7412,0.0452,0.2136
HEARTS SIX CLUBS ACE,0.4344,0.003,0.5626
DIAMONDS THREE HEARTS QUEEN,0.4956,0.2842,0.2202
SPADES SIX HEARTS QUEEN,0.5018,0.2828,0.2154
CLUBS FIVE DIAMONDS JACK,0.6364,0.0102,0.3534
HEARTS SEVEN DIAMONDS JACK,0.7184,0.0416,0.24
DIAMONDS TWO DIAMONDS ACE,0.3754,0.0074,0.6172
DIAMONDS THREE HEARTS THREE,0.4616,0.0326,0.5058
SPADES FOUR CLUBS QUEEN,0.492,0.2838,0.2242
DIAMONDS NINE HEARTS JACK,0.5816,0.01,0.4084
DIAMONDS TWO HEARTS JACK,0.645,0.0126,0.3424
SPADES SEVEN SPADES THREE,0.6778,0.0424,0.2798
HEARTS EIGHT SPADES FIVE,0.6372,0.011,0.3518
HEARTS KING CLUBS ACE,0.3662,0.0032,0.6306
SPADES JACK DIAMONDS FOUR,0.6454,0.0094,0.3452
HEARTS THREE CLUBS TWO,0.657,0.0148,0.3282
SPADES EIGHT DIAMONDS SIX,0.6274,0.0118,0.3608
DIAMONDS THREE SPADES FIVE,0.6368,0.0152,0.348
HEARTS TWO HEARTS KING,0.409,0.0074,0.5836
HEARTS TWO DIAMONDS JACK,0.6476,0.013,0.3394
SPADES ACE DIAMONDS TWO,0.42,0.0066,0.5734
HEARTS FIVE DIAMONDS TEN,0.649,0.012,0.339
CLUBS JACK CLUBS SEVEN,0.6746,0.0418,0.2836
DIAMONDS JACK DIAMONDS FOUR,0.6358,0.0134,0.3508
SPADES KING DIAMONDS FOUR,0.4354,0.0064,0.5582
SPADES NINE CLUBS ACE,0.4068,0.0048,0.5884
CLUBS NINE CLUBS TWO,0.617,0.011,0.372
SPADES JACK SPADES SIX,0.6106,0.0118,0.3776
SPADES TWO HEARTS NINE,0.65,0.01,0.34
DIAMONDS TWO HEARTS FIVE,0.6488,0.0142,0.337
DIAMONDS KING CLUBS KING,0.1744,0.0038,0.8218
SPADES NINE HEARTS ACE,0.3868,0.0058,0.6074
HEARTS EIGHT CLUBS FIVE,0.6386,0.0136,0.3478
SPADES ACE CLUBS NINE,0.4002,0.0042,0.5956
HEARTS FIVE CLUBS TWO,0.6698,0.0142,0.316
HEARTS FOUR DIAMONDS SIX,0.649,0.0128,0.3382
DIAMONDS KING HEARTS JACK,0.3628,0.0078,0.6294
CLUBS FOUR SPADES THREE,0.6402,0.0108,0.349
CLUBS TEN SPADES EIGHT,0.5946,0.0092,0.3962
HEARTS SEVEN DIAMONDS TWO,0.7398,0.056,0.2042
HEARTS EIGHT CLUBS QUEEN,0.2646,0.2174,0.518
SPADES EIGHT SPADES TWO,0.6176,0.0114,0.371
DIAMONDS SIX CLUBS QUEEN,0.4902,0.2936,0.2162
CLUBS SEVEN DIAMONDS SIX,0.6724,0.0468,0.2808
DIAMONDS ACE HEARTS JACK,0.3786,0.006,0.6154
SPADES TEN DIAMONDS ACE,0.3678,0.0052,0.627
CLUBS JACK HEARTS ACE,0.4,0.0044,0.5956
HEARTS JACK DIAMONDS FOUR,0.6472,0.014,0.3388
HEARTS FOUR CLUBS FIVE,0.6242,0.0114,0.3644
CLUBS EIGHT CLUBS FIVE,0.5974,0.012,0.3906
CLUBS FIVE CLUBS FOUR,0.5908,0.0122,0.397
HEARTS THREE SPADES FIVE,0.6382,0.0118,0.35
SPADES SIX DIAMONDS JACK,0.6524,0.0108,0.3368
SPADES TEN SPADES THREE,0.6046,0.0108,0.3846
HEARTS EIGHT HEARTS FIVE,0.5946,0.0126,0.3928
CLUBS FIVE HEARTS KING,0.4292,0.0066,0.5642
SPADES NINE HEARTS NINE,0.3368,0.0166,0.6466
SPADES SEVEN HEARTS QUEEN,0.0734,0.9078,0.0188
HEARTS SIX CLUBS FOUR,0.6462,0.0126,0.3412
HEARTS THREE HEARTS JACK,0.613,0.0118,0.3752
SPADES EIGHT HEARTS TEN,0.5862,0.013,0.4008
HEARTS SEVEN HEARTS NINE,0.648,0.0384,0.3136
HEARTS FOUR HEARTS ACE,0.4008,0.0058,0.5934
HEARTS FIVE CLUBS FOUR,0.6308,0.0128,0.3564
HEARTS FIVE HEARTS QUEEN,0.4766,0.2708,0.2526
CLUBS ACE DIAMONDS FOUR,0.405,0.0036,0.5914
SPADES KING CLUBS TWO,0.4426,0.0084,0.549
SPADES FOUR HEARTS ACE,0.4156,0.005,0.5794
CLUBS SEVEN HEARTS QUEEN,0.0674,0.9118,0.0208
HEARTS QUEEN DIAMONDS SIX,0.4926,0.2808,0.2266
SPADES KING HEARTS QUEEN,0.2874,0.0254,0.6872
CLUBS THREE DIAMONDS SIX,0.6596,0.012,0.3284
HEARTS TWO DIAMONDS TEN,0.6604,0.0122,0.3274
DIAMONDS THREE SPADES QUEEN,0.4946,0.2906,0.2148
CLUBS NINE HEARTS QUEEN,0.2702,0.1546,0.5752
CLUBS KING DIAMONDS FOUR,0.4232,0.0096,0.5672
CLUBS THREE CLUBS TWO,0.6246,0.0114,0.364
HEARTS FOUR SPADES SEVEN,0.7014,0.046,0.2526
HEARTS EIGHT DIAMONDS FOUR,0.6476,0.0106,0.3418
SPADES SEVEN DIAMONDS FOUR,0.7086,0.0468,0.2446
CLUBS TWO DIAMONDS SIX,0.6598,0.0164,0.3238
HEARTS THREE DIAMONDS TEN,0.6474,0.0092,0.3434
SPADES ACE HEARTS TEN,0.3898,0.0028,0.6074
SPADES KING HEARTS JACK,0.3952,0.0062,0.5986
CLUBS SEVEN CLUBS SIX,0.6496,0.0388,0.3116
HEARTS TWO SPADES SEVEN,0.7448,0.0498,0.2054
SPADES QUEEN HEARTS SIX,0.5132,0.2838,0.203
SPADES FIVE DIAMONDS SIX,0.624,0.0134,0.3626
DIAMONDS THREE CLUBS SIX,0.6654,0.012,0.3226
DIAMONDS NINE HEARTS QUEEN,0.26,0.1588,0.5812
DIAMONDS TWO CLUBS QUEEN,0.496,0.2902,0.2138
CLUBS JACK CLUBS FOUR,0.613,0.0096,0.3774
SPADES ACE SPADES EIGHT,0.3722,0.0048,0.623
DIAMONDS TWO CLUBS KING,0.4276,0.0064,0.566
HEARTS KING DIAMONDS FOUR,0.4362,0.007,0.5568
SPADES EIGHT HEARTS NINE,0.5794,0.012,0.4086
HEARTS SEVEN CLUBS FIVE,0.6874,0.0456,0.267
HEARTS SIX SPADES SEVEN,0.6856,0.0428,0.2716
CLUBS KING HEARTS TEN,0.3726,0.0062,0.6212
SPADES TEN HEARTS JACK,0.571,0.0078,0.4212
SPADES TEN DIAMONDS FOUR,0.6358,0.0118,0.3524
CLUBS FIVE SPADES TWO,0.664,0.0116,0.3244
SPADES TEN HEARTS ACE,0.3764,0.0052,0.6184
SPADES ACE HEARTS SEVEN,0.2868,0.0262,0.687
CLUBS JACK SPADES SIX,0.6544,0.0096,0.336
HEARTS EIGHT SPADES FOUR,0.6278,0.012,0.3602
CLUBS EIGHT DIAMONDS SIX,0.6226,0.0106,0.3668
HEARTS SEVEN HEARTS FOUR,0.6606,0.0416,0.2978
CLUBS THREE CLUBS ACE,0.4232,0.0046,0.5722
SPADES JACK CLUBS QUEEN,0.2838,0.087,0.6292
DIAMONDS ACE HEARTS QUEEN,0.2572,0.0138,0.729
HEARTS TEN HEARTS NINE,0.5408,0.0086,0.4506
CLUBS EIGHT HEARTS ACE,0.3944,0.0024,0.6032
CLUBS JACK HEARTS QUEEN,0.28,0.0904,0.6296
SPADES SIX DIAMONDS KING,0.4166,0.0074,0.576
DIAMONDS KING CLUBS ACE,0.3556,0.0044,0.64
SPADES ACE SPADES TEN,0.3704,0.0046,0.625
CLUBS TEN CLUBS ACE,0.358,0.0036,0.6384
DIAMONDS TWO CLUBS ACE,0.4192,0.0046,0.5762
SPADES SIX DIAMONDS SIX,0.4392,0.0258,0.535
HEARTS FIVE DIAMONDS FIVE,0.451,0.0236,0.5254
CLUBS TEN CLUBS SEVEN,0.6674,0.0404,0.2922
SPADES TEN SPADES FIVE,0.6042,0.0134,0.3824
SPADES NINE DIAMONDS SIX,0.6344,0.0114,0.3542
HEARTS ACE CLUBS QUEEN,0.279,0.0164,0.7046
DIAMONDS TWO DIAMONDS EIGHT,0.652,0.0146,0.3334
SPADES KING CLUBS KING,0.18,0.0034,0.8166
HEARTS EIGHT HEARTS THREE,0.616,0.0104,0.3736
CLUBS NINE CLUBS THREE,0.6144,0.013,0.3726
HEARTS JACK HEARTS TEN,0.5426,0.0102,0.4472
DIAMONDS SIX HEARTS NINE,0.626,0.0116,0.3624
SPADES KING CLUBS SEVEN,0.2914,0.0332,0.6754
DIAMONDS TWO CLUBS SEVEN,0.73,0.0524,0.2176
SPADES JACK SPADES TEN,0.5462,0.0086,0.4452
CLUBS JACK HEARTS NINE,0.5824,0.0104,0.4072
DIAMONDS THREE HEARTS SIX,0.6724,0.013,0.3146
DIAMONDS TWO SPADES FOUR,0.6648,0.016,0.3192
HEARTS SEVEN CLUBS ACE,0.2824,0.0222,0.6954
CLUBS EIGHT DIAMONDS ACE,0.3954,0.0036,0.601
HEARTS QUEEN CLUBS ACE,0.2844,0.0138,0.7018
CLUBS NINE SPADES EIGHT,0.5956,0.0096,0.3948
DIAMONDS THREE CLUBS FOUR,0.6402,0.0148,0.345
CLUBS SIX CLUBS FOUR,0.6136,0.011,0.3754
HEARTS TWO SPADES FIVE,0.6614,0.011,0.3276
CLUBS TEN DIAMONDS SIX,0.6468,0.0108,0.3424
CLUBS JACK HEARTS TEN,0.5688,0.0108,0.4204
HEARTS FOUR DIAMONDS FOUR,0.4592,0.0296,0.5112
SPADES FOUR HEARTS JACK,0.647,0.0128,0.3402
SPADES TWO DIAMONDS FOUR,0.6576,0.0126,0.3298
SPADES NINE DIAMONDS TEN,0.5744,0.0078,0.4178
HEARTS THREE DIAMONDS JACK,0.6388,0.0122,0.349
CLUBS TWO DIAMONDS FOUR,0.6564,0.0168,0.3268
SPADES SEVEN DIAMONDS TEN,0.7066,0.0396,0.2538
CLUBS SIX CLUBS ACE,0.4058,0.0054,0.5888
HEARTS SEVEN DIAMONDS KING,0.2696,0.0346,0.6958
CLUBS KING HEARTS NINE,0.3956,0.0044,0.6
SPADES ACE SPADES NINE,0.383,0.0044,0.6126
CLUBS QUEEN HEARTS NINE,0.2742,0.159,0.5668
CLUBS SIX HEARTS JACK,0.6578,0.0114,0.3308
HEARTS FOUR DIAMONDS EIGHT,0.6322,0.0132,0.3546
HEARTS THREE SPADES TWO,0.6706,0.0096,0.3198
HEARTS SIX HEARTS TWO,0.6304,0.0114,0.3582
HEARTS QUEEN CLUBS QUEEN,0.1222,0.0236,0.8542
CLUBS SIX SPADES FIVE,0.641,0.0104,0.3486
CLUBS EIGHT DIAMONDS FIVE,0.6306,0.0138,0.3556
CLUBS THREE SPADES FOUR,0.6534,0.0146,0.332
CLUBS THREE HEARTS JACK,0.6594,0.012,0.3286
DIAMONDS TWO SPADES NINE,0.6478,0.012,0.3402
SPADES JACK HEARTS KING,0.3708,0.0056,0.6236
HEARTS SEVEN SPADES TWO,0.734,0.055,0.211
CLUBS NINE DIAMONDS ACE,0.3962,0.0054,0.5984
DIAMONDS ACE HEARTS NINE,0.3706,0.0042,0.6252
HEARTS SEVEN SPADES JACK,0.7164,0.0408,0.2428
SPADES THREE CLUBS KING,0.4366,0.0088,0.5546
SPADES JACK HEARTS TEN,0.5678,0.0096,0.4226
HEARTS FIVE SPADES TWO,0.655,0.014,0.331
CLUBS TEN CLUBS FOUR,0.6096,0.0096,0.3808
CLUBS JACK DIAMONDS NINE,0.5878,0.0084,0.4038
HEARTS FOUR DIAMONDS JACK,0.6284,0.0094,0.3622
CLUBS SIX SPADES TWO,0.6774,0.0138,0.3088
CLUBS SIX DIAMONDS KING,0.4076,0.0076,0.5848
DIAMONDS THREE HEARTS TWO,0.6612,0.0142,0.3246
HEARTS FIVE HEARTS TEN,0.6084,0.0124,0.3792
HEARTS FIVE HEARTS TWO,0.6242,0.0124,0.3634
DIAMONDS THREE SPADES TEN,0.6498,0.013,0.3372
CLUBS NINE HEARTS NINE,0.3306,0.018,0.6514
HEARTS FOUR DIAMONDS KING,0.4156,0.0088,0.5756
HEARTS EIGHT DIAMONDS ACE,0.3832,0.004,0.6128
HEARTS SIX SPADES THREE,0.6738,0.0102,0.316
CLUBS TEN CLUBS KING,0.3626,0.0068,0.6306
HEARTS FIVE DIAMONDS NINE,0.6374,0.0112,0.3514
CLUBS JACK SPADES TWO,0.6634,0.0112,0.3254
DIAMONDS TWO SPADES JACK,0.657,0.0096,0.3334
DIAMONDS EIGHT HEARTS JACK,0.6028,0.0112,0.386
SPADES ACE HEARTS THREE,0.4244,0.0046,0.571
DIAMONDS JACK CLUBS ACE,0.3844,0.003,0.6126
DIAMONDS TEN HEARTS KING,0.3744,0.0078,0.6178
SPADES ACE DIAMONDS NINE,0.3792,0.004,0.6168
HEARTS EIGHT SPADES THREE,0.6562,0.0102,0.3336
CLUBS FOUR HEARTS QUEEN,0.5026,0.2782,0.2192
CLUBS JACK SPADES SEVEN,0.7306,0.0386,0.2308
SPADES SEVEN SPADES TWO,0.6848,0.0468,0.2684
SPADES EIGHT SPADES THREE,0.6042,0.0138,0.382
HEARTS SIX CLUBS KING,0.4308,0.0062,0.563
DIAMONDS TEN HEARTS QUEEN,0.2744,0.1164,0.6092
CLUBS SIX HEARTS ACE,0.4278,0.003,0.5692
CLUBS NINE CLUBS KING,0.3574,0.007,0.6356
CLUBS SIX HEARTS THREE,0.6624,0.011,0.3266
SPADES SEVEN CLUBS TWO,0.7384,0.0476,0.214
HEARTS THREE HEARTS ACE,0.4192,0.0062,0.5746
SPADES ACE CLUBS QUEEN,0.2828,0.0184,0.6988
SPADES QUEEN SPADES JACK,0.2646,0.0836,0.6518
CLUBS NINE DIAMONDS TEN,0.56,0.0088,0.4312
DIAMONDS TWO DIAMONDS SIX,0.6702,0.0144,0.3154
CLUBS KING CLUBS QUEEN,0.267,0.0252,0.7078
CLUBS EIGHT HEARTS QUEEN,0.2708,0.2074,0.5218
HEARTS FOUR CLUBS FOUR,0.4662,0.0218,0.512
CLUBS TWO SPADES TWO,0.4782,0.0288,0.493
SPADES FOUR DIAMONDS NINE,0.6412,0.0118,0.347
DIAMONDS TWO SPADES THREE,0.6662,0.017,0.3168
HEARTS KING HEARTS TEN,0.3562,0.0048,0.639
SPADES TEN CLUBS FIVE,0.6614,0.0108,0.3278
CLUBS TWO SPADES THREE,0.6716,0.0132,0.3152
CLUBS JACK SPADES JACK,0.3252,0.0106,0.6642
SPADES JACK DIAMONDS KING,0.3664,0.0078,0.6258
DIAMONDS KING CLUBS QUEEN,0.2502,0.0258,0.724
DIAMONDS JACK DIAMONDS TEN,0.5466,0.0112,0.4422
SPADES QUEEN CLUBS ACE,0.2826,0.0146,0.7028
CLUBS EIGHT CLUBS SIX,0.5906,0.0128,0.3966
SPADES JACK CLUBS KING,0.386,0.0064,0.6076
CLUBS FOUR HEARTS JACK,0.6428,0.0146,0.3426
SPADES THREE HEARTS TEN,0.6546,0.011,0.3344
HEARTS SIX DIAMONDS SIX,0.4522,0.0232,0.5246
HEARTS FIVE HEARTS KING,0.4078,0.006,0.5862
SPADES EIGHT HEARTS QUEEN,0.2734,0.2194,0.5072
CLUBS SIX DIAMONDS SIX,0.433,0.0226,0.5444
SPADES KING DIAMONDS SIX,0.4164,0.0078,0.5758
DIAMONDS TWO SPADES SEVEN,0.7338,0.049,0.2172
SPADES KING CLUBS ACE,0.3514,0.0068,0.6418
CLUBS TWO DIAMONDS NINE,0.6414,0.0132,0.3454
SPADES FOUR CLUBS ACE,0.4216,0.0046,0.5738
SPADES NINE DIAMONDS ACE,0.3874,0.0062,0.6064
SPADES FIVE SPADES TWO,0.6226,0.0138,0.3636
SPADES FOUR DIAMONDS EIGHT,0.6232,0.0116,0.3652
CLUBS JACK SPADES KING,0.3866,0.0074,0.606
HEARTS FOUR CLUBS SIX,0.6402,0.0108,0.349
CLUBS JACK HEARTS KING,0.3836,0.0052,0.6112
DIAMONDS ACE DIAMONDS SIX,0.3788,0.0064,0.6148
SPADES QUEEN CLUBS SIX,0.5052,0.2774,0.2174
HEARTS KING HEARTS JACK,0.3514,0.008,0.6406
SPADES JACK SPADES EIGHT,0.561,0.0108,0.4282
SPADES SIX HEARTS JACK,0.6562,0.0104,0.3334
HEARTS THREE DIAMONDS SIX,0.6616,0.0134,0.325
CLUBS TWO CLUBS KING,0.4088,0.0096,0.5816
HEARTS FIVE SPADES EIGHT,0.632,0.0104,0.3576
SPADES THREE HEARTS KING,0.4356,0.0044,0.56
CLUBS NINE SPADES FIVE,0.6422,0.0104,0.3474
HEARTS EIGHT CLUBS KING,0.4026,0.0064,0.591
CLUBS EIGHT CLUBS THREE,0.6046,0.0098,0.3856
HEARTS TWO HEARTS TEN,0.6138,0.0094,0.3768
SPADES KING SPADES SEVEN,0.2726,0.0364,0.691
SPADES TEN DIAMONDS EIGHT,0.591,0.0094,0.3996
SPADES NINE SPADES THREE,0.6084,0.0088,0.3828
CLUBS EIGHT HEARTS FIVE,0.6138,0.0114,0.3748
HEARTS KING DIAMONDS EIGHT,0.3884,0.0068,0.6048
SPADES QUEEN CLUBS SEVEN,0.0752,0.8998,0.025
SPADES JACK HEARTS FIVE,0.6594,0.0086,0.332
DIAMONDS JACK HEARTS NINE,0.589,0.0092,0.4018
HEARTS SIX SPADES FOUR,0.654,0.0118,0.3342
SPADES ACE SPADES FOUR,0.4052,0.006,0.5888
HEARTS EIGHT SPADES TEN,0.5954,0.0102,0.3944
DIAMONDS TWO HEARTS TEN,0.6524,0.0096,0.338
CLUBS ACE DIAMONDS FIVE,0.4104,0.0052,0.5844
SPADES ACE CLUBS SEVEN,0.2714,0.0212,0.7074
SPADES SEVEN HEARTS KING,0.282,0.0316,0.6864
CLUBS NINE HEARTS KING,0.3908,0.0054,0.6038
SPADES SIX SPADES TWO,0.6302,0.014,0.3558
HEARTS FIVE SPADES NINE,0.652,0.011,0.337
HEARTS SEVEN HEARTS TEN,0.6614,0.0382,0.3004
HEARTS EIGHT DIAMONDS THREE,0.6478,0.0114,0.3408
CLUBS TEN HEARTS QUEEN,0.2714,0.1124,0.6162
HEARTS FIVE SPADES FOUR,0.627,0.0108,0.3622
CLUBS FOUR DIAMONDS TEN,0.6418,0.01,0.3482
HEARTS EIGHT HEARTS KING,0.373,0.0062,0.6208
HEARTS EIGHT HEARTS FOUR,0.598,0.013,0.389
HEARTS QUEEN HEARTS NINE,0.2576,0.1502,0.5922
CLUBS NINE DIAMONDS NINE,0.3286,0.019,0.6524
SPADES JACK DIAMONDS EIGHT,0.5942,0.0078,0.398
CLUBS SEVEN SPADES FIVE,0.7006,0.0466,0.2528
CLUBS SIX HEARTS TWO,0.6812,0.0158,0.303
SPADES KING SPADES NINE,0.3638,0.0078,0.6284
SPADES TEN DIAMONDS KING,0.3614,0.0074,0.6312
CLUBS JACK CLUBS KING,0.3726,0.0072,0.6202
CLUBS EIGHT SPADES SEVEN,0.697,0.0392,0.2638
HEARTS EIGHT SPADES EIGHT,0.3464,0.02,0.6336
HEARTS TWO HEARTS QUEEN,0.4626,0.2704,0.267
CLUBS SEVEN HEARTS TWO,0.7462,0.0506,0.2032
HEARTS SIX DIAMONDS FOUR,0.64,0.0154,0.3446
CLUBS FOUR CLUBS TWO,0.6098,0.0154,0.3748
SPADES EIGHT DIAMONDS TEN,0.5852,0.012,0.4028
SPADES ACE DIAMONDS FOUR,0.4144,0.0056,0.58
SPADES SIX CLUBS TWO,0.6796,0.0102,0.3102
CLUBS NINE CLUBS QUEEN,0.2638,0.1504,0.5858
CLUBS TWO HEARTS JACK,0.6566,0.0118,0.3316
HEARTS ACE DIAMONDS FIVE,0.4112,0.005,0.5838
SPADES QUEEN DIAMONDS FIVE,0.4912,0.2926,0.2162
SPADES SIX CLUBS THREE,0.6546,0.0128,0.3326
CLUBS TEN CLUBS FIVE,0.6134,0.013,0.3736
CLUBS THREE HEARTS NINE,0.6532,0.0128,0.334
HEARTS SIX HEARTS JACK,0.6104,0.011,0.3786
HEARTS SEVEN DIAMONDS NINE,0.6852,0.0426,0.2722
SPADES THREE HEARTS NINE,0.6432,0.0108,0.346
SPADES QUEEN HEARTS NINE,0.2784,0.1458,0.5758
SPADES JACK HEARTS FOUR,0.6412,0.0118,0.347
SPADES NINE DIAMONDS JACK,0.5736,0.011,0.4154
HEARTS JACK HEARTS NINE,0.552,0.0088,0.4392
HEARTS SEVEN SPADES NINE,0.696,0.041,0.263
SPADES KING DIAMONDS ACE,0.3426,0.0048,0.6526
HEARTS FIVE CLUBS FIVE,0.46,0.026,0.514
DIAMONDS JACK DIAMONDS SIX,0.6454,0.0096,0.345
SPADES ACE HEARTS FOUR,0.4328,0.005,0.5622
SPADES QUEEN HEARTS ACE,0.2796,0.0144,0.706
CLUBS EIGHT CLUBS QUEEN,0.259,0.2062,0.5348
SPADES TEN HEARTS KING,0.375,0.0044,0.6206
SPADES TWO DIAMONDS SIX,0.6678,0.0134,0.3188
CLUBS FOUR SPADES FOUR,0.4706,0.0274,0.502
DIAMONDS JACK HEARTS QUEEN,0.2632,0.0934,0.6434
HEARTS SEVEN DIAMONDS ACE,0.2686,0.0246,0.7068
HEARTS THREE SPADES SIX,0.674,0.0134,0.3126
SPADES FOUR HEARTS TEN,0.6404,0.0108,0.3488
CLUBS EIGHT DIAMONDS EIGHT,0.349,0.019,0.632
SPADES QUEEN CLUBS EIGHT,0.2758,0.2046,0.5196
SPADES TEN CLUBS TWO,0.6532,0.0128,0.334
CLUBS TWO HEARTS ACE,0.4404,0.0056,0.554
SPADES NINE DIAMONDS KING,0.3816,0.007,0.6114
DIAMONDS TWO HEARTS SIX,0.674,0.0138,0.3122
CLUBS TEN SPADES FIVE,0.6566,0.0106,0.3328
CLUBS NINE DIAMONDS SIX,0.6242,0.0106,0.3652
DIAMONDS THREE SPADES THREE,0.4686,0.0268,0.5046
DIAMONDS THREE SPADES KING,0.4312,0.0076,0.5612
SPADES QUEEN HEARTS FOUR,0.5012,0.2762,0.2226
HEARTS THREE HEARTS NINE,0.6226,0.011,0.3664
DIAMONDS TEN SPADES THREE,0.6488,0.0092,0.342
CLUBS NINE CLUBS ACE,0.3714,0.0046,0.624
SPADES FIVE SPADES FOUR,0.6002,0.0132,0.3866
DIAMONDS ACE DIAMONDS KING,0.3134,0.0056,0.681
DIAMONDS NINE DIAMONDS FIVE,0.6314,0.013,0.3556
CLUBS SIX HEARTS NINE,0.6374,0.0112,0.3514
SPADES QUEEN HEARTS JACK,0.2828,0.0772,0.64
CLUBS JACK DIAMONDS SIX,0.6496,0.0088,0.3416
CLUBS EIGHT DIAMONDS KING,0.392,0.0078,0.6002
CLUBS NINE SPADES SEVEN,0.6948,0.0446,0.2606
HEARTS ACE DIAMONDS SIX,0.416,0.005,0.579
SPADES KING HEARTS KING,0.178,0.0034,0.8186
CLUBS SIX SPADES SIX,0.4588,0.024,0.5172
CLUBS SIX HEARTS TEN,0.6502,0.0102,0.3396
HEARTS TWO HEARTS NINE,0.612,0.013,0.375
HEARTS FOUR DIAMONDS ACE,0.4264,0.006,0.5676
SPADES NINE CLUBS SIX,0.6404,0.0096,0.35
SPADES JACK HEARTS ACE,0.3968,0.0044,0.5988
HEARTS SEVEN HEARTS TWO,0.7,0.0476,0.2524
HEARTS FOUR SPADES NINE,0.641,0.0142,0.3448
HEARTS ACE SPADES TWO,0.441,0.0054,0.5536
CLUBS SEVEN CLUBS ACE,0.2644,0.0246,0.711
SPADES QUEEN SPADES THREE,0.4732,0.2684,0.2584
CLUBS FIVE DIAMONDS EIGHT,0.627,0.013,0.36
CLUBS TWO DIAMONDS TEN,0.6454,0.0118,0.3428
SPADES QUEEN HEARTS TEN,0.2788,0.1122,0.609
SPADES NINE SPADES FOUR,0.606,0.009,0.385
CLUBS JACK CLUBS ACE,0.3694,0.0052,0.6254
SPADES ACE HEARTS QUEEN,0.2784,0.0148,0.7068
CLUBS SIX DIAMONDS NINE,0.6138,0.01,0.3762
SPADES NINE DIAMONDS EIGHT,0.5764,0.0116,0.412
CLUBS NINE CLUBS FIVE,0.5996,0.0134,0.387
HEARTS THREE HEARTS KING,0.4056,0.0082,0.5862
CLUBS NINE DIAMONDS JACK,0.582,0.0096,0.4084
DIAMONDS NINE DIAMONDS FOUR,0.6476,0.012,0.3404
SPADES FIVE HEARTS NINE,0.6426,0.0098,0.3476
SPADES KING SPADES EIGHT,0.3846,0.0068,0.6086
HEARTS SIX HEARTS ACE,0.424,0.0048,0.5712
HEARTS FIVE HEARTS ACE,0.397,0.0036,0.5994
DIAMONDS TEN CLUBS KING,0.3788,0.0072,0.614
SPADES QUEEN SPADES TEN,0.2678,0.1028,0.6294
SPADES NINE CLUBS FOUR,0.6534,0.0106,0.336
CLUBS TEN CLUBS EIGHT,0.5604,0.0094,0.4302
HEARTS EIGHT HEARTS ACE,0.3716,0.0056,0.6228
SPADES ACE DIAMONDS KING,0.3494,0.0044,0.6462
SPADES KING HEARTS THREE,0.4388,0.0074,0.5538
SPADES NINE CLUBS FIVE,0.64,0.0082,0.3518
HEARTS SEVEN SPADES SIX,0.7008,0.0402,0.259
DIAMONDS ACE SPADES THREE,0.427,0.0062,0.5668
HEARTS FOUR HEARTS KING,0.406,0.007,0.587
SPADES ACE SPADES SEVEN,0.2648,0.023,0.7122
SPADES QUEEN DIAMONDS NINE,0.2452,0.1546,0.6002
DIAMONDS THREE HEARTS JACK,0.6426,0.0098,0.3476
SPADES TEN CLUBS FOUR,0.6554,0.0082,0.3364
CLUBS TEN CLUBS QUEEN,0.2592,0.1072,0.6336
HEARTS FOUR CLUBS QUEEN,0.4932,0.2914,0.2154
CLUBS FIVE SPADES FIVE,0.4492,0.0252,0.5256
SPADES KING SPADES FIVE,0.4126,0.0068,0.5806
SPADES THREE HEARTS JACK,0.6414,0.0132,0.3454
CLUBS NINE SPADES JACK,0.591,0.013,0.396
SPADES NINE HEARTS TWO,0.6568,0.0132,0.33
DIAMONDS NINE DIAMONDS SIX,0.6292,0.0144,0.3564
CLUBS SIX DIAMONDS ACE,0.4156,0.0042,0.5802
DIAMONDS TEN DIAMONDS FIVE,0.6278,0.0102,0.362
CLUBS SEVEN SPADES EIGHT,0.6908,0.0382,0.271
SPADES FIVE DIAMONDS JACK,0.6334,0.0118,0.3548
SPADES THREE DIAMONDS FIVE,0.6216,0.015,0.3634
CLUBS FIVE DIAMONDS SIX,0.6284,0.0128,0.3588
HEARTS SEVEN CLUBS KING,0.289,0.035,0.676
HEARTS TWO DIAMONDS ACE,0.418,0.004,0.578
CLUBS JACK HEARTS EIGHT,0.6034,0.009,0.3876
SPADES QUEEN DIAMONDS TEN,0.2712,0.116,0.6128
SPADES TWO HEARTS JACK,0.6532,0.0116,0.3352
HEARTS THREE HEARTS QUEEN,0.4704,0.26,0.2696
SPADES THREE DIAMONDS NINE,0.643,0.0124,0.3446
HEARTS FIVE SPADES TEN,0.6482,0.0116,0.3402
DIAMONDS THREE DIAMONDS FOUR,0.6406,0.012,0.3474
SPADES SEVEN CLUBS QUEEN,0.068,0.9104,0.0216
DIAMONDS TWO SPADES SIX,0.6756,0.0102,0.3142
SPADES THREE DIAMONDS FOUR,0.6538,0.0108,0.3354
CLUBS JACK HEARTS SIX,0.6548,0.0098,0.3354
SPADES NINE DIAMONDS FIVE,0.6438,0.0114,0.3448
HEARTS SIX HEARTS THREE,0.6224,0.0106,0.367
HEARTS TWO CLUBS TWO,0.4736,0.0306,0.4958
SPADES JACK CLUBS EIGHT,0.6038,0.0092,0.387
HEARTS THREE SPADES THREE,0.4582,0.0258,0.516
CLUBS SEVEN DIAMONDS FOUR,0.7072,0.0476,0.2452
CLUBS SEVEN DIAMONDS JACK,0.7148,0.0456,0.2396
DIAMONDS THREE HEARTS ACE,0.4244,0.0046,0.571
SPADES FIVE DIAMONDS NINE,0.6442,0.0102,0.3456
DIAMONDS ACE SPADES TWO,0.4138,0.0056,0.5806
CLUBS NINE DIAMONDS EIGHT,0.5948,0.0102,0.395
CLUBS JACK SPADES TEN,0.5666,0.0106,0.4228
HEARTS KING DIAMONDS FIVE,0.4258,0.006,0.5682
CLUBS NINE SPADES THREE,0.657,0.01,0.333
SPADES SEVEN HEARTS JACK,0.7066,0.0426,0.2508
CLUBS JACK SPADES EIGHT,0.6018,0.0074,0.3908
DIAMONDS EIGHT CLUBS ACE,0.393,0.0036,0.6034
HEARTS FIVE CLUBS SEVEN,0.7116,0.0376,0.2508
SPADES FOUR DIAMONDS SIX,0.6322,0.0122,0.3556
SPADES NINE CLUBS TWO,0.6592,0.011,0.3298
HEARTS TWO CLUBS THREE,0.6668,0.0132,0.32
CLUBS TEN HEARTS JACK,0.5696,0.0116,0.4188
HEARTS SIX HEARTS NINE,0.5902,0.011,0.3988
CLUBS TEN HEARTS SEVEN,0.701,0.0422,0.2568
CLUBS TEN DIAMONDS FIVE,0.6486,0.0136,0.3378
HEARTS FIVE SPADES SEVEN,0.6952,0.0492,0.2556
SPADES SEVEN HEARTS TEN,0.7106,0.0372,0.2522
DIAMONDS TWO CLUBS SIX,0.6732,0.0126,0.3142
HEARTS THREE CLUBS THREE,0.4628,0.0246,0.5126
CLUBS EIGHT SPADES EIGHT,0.345,0.0214,0.6336
HEARTS KING CLUBS QUEEN,0.281,0.024,0.695
CLUBS NINE HEARTS FOUR,0.655,0.0108,0.3342
SPADES ACE CLUBS JACK,0.3896,0.005,0.6054
DIAMONDS TWO CLUBS THREE,0.665,0.0148,0.3202
SPADES QUEEN SPADES EIGHT,0.2716,0.2038,0.5246
DIAMONDS THREE DIAMONDS TWO,0.6574,0.015,0.3276
HEARTS SEVEN DIAMONDS FIVE,0.7032,0.043,0.2538
SPADES QUEEN HEARTS TWO,0.5014,0.2902,0.2084
HEARTS SIX CLUBS FIVE,0.6328,0.0104,0.3568
CLUBS JACK HEARTS SEVEN,0.722,0.04,0.238
HEARTS SEVEN CLUBS EIGHT,0.6816,0.0398,0.2786
SPADES ACE DIAMONDS SIX,0.4208,0.0054,0.5738
SPADES SEVEN SPADES SIX,0.6484,0.0382,0.3134
CLUBS JACK DIAMONDS JACK,0.312,0.0098,0.6782
HEARTS SIX SPADES TWO,0.688,0.0102,0.3018
SPADES EIGHT CLUBS ACE,0.3918,0.0032,0.605
SPADES FOUR DIAMONDS TEN,0.6536,0.0074,0.339
HEARTS EIGHT DIAMONDS SIX,0.6148,0.0126,0.3726
SPADES ACE CLUBS FOUR,0.443,0.005,0.552
SPADES JACK CLUBS THREE,0.6552,0.0094,0.3354
CLUBS TEN HEARTS ACE,0.3764,0.0032,0.6204
SPADES SIX SPADES FOUR,0.6154,0.0106,0.374
SPADES QUEEN SPADES FIVE,0.4708,0.2652,0.264
SPADES SIX DIAMONDS FIVE,0.6252,0.0124,0.3624
SPADES KING CLUBS SIX,0.4338,0.0046,0.5616
SPADES FOUR HEARTS KING,0.4376,0.0064,0.556
CLUBS TEN DIAMONDS TEN,0.3198,0.0142,0.666
HEARTS EIGHT CLUBS SEVEN,0.69,0.0364,0.2736
CLUBS ACE CLUBS KING,0.344,0.005,0.651
SPADES ACE CLUBS THREE,0.428,0.0036,0.5684
HEARTS SIX SPADES JACK,0.6462,0.012,0.3418
SPADES QUEEN HEARTS FIVE,0.4968,0.2832,0.22
CLUBS SIX DIAMONDS TEN,0.6314,0.0118,0.3568
SPADES TEN SPADES NINE,0.5402,0.0114,0.4484
SPADES EIGHT HEARTS ACE,0.3924,0.004,0.6036
SPADES NINE SPADES EIGHT,0.5504,0.0096,0.44
DIAMONDS JACK SPADES THREE,0.6258,0.0114,0.3628
CLUBS SEVEN DIAMONDS KING,0.2652,0.0386,0.6962
SPADES ACE HEARTS TWO,0.4432,0.004,0.5528
CLUBS EIGHT SPADES THREE,0.6512,0.012,0.3368
DIAMONDS NINE CLUBS KING,0.389,0.0058,0.6052
SPADES EIGHT SPADES FOUR,0.604,0.0108,0.3852
SPADES ACE CLUBS KING,0.3706,0.0036,0.6258
HEARTS EIGHT DIAMONDS TEN,0.5908,0.0108,0.3984
CLUBS FOUR HEARTS ACE,0.436,0.0046,0.5594
HEARTS SIX CLUBS SEVEN,0.6942,0.0414,0.2644
HEARTS TWO HEARTS JACK,0.6202,0.0116,0.3682
CLUBS JACK SPADES FOUR,0.652,0.009,0.339
HEARTS SIX DIAMONDS NINE,0.6322,0.0094,0.3584
DIAMONDS ACE DIAMONDS NINE,0.3464,0.0058,0.6478
SPADES SEVEN HEARTS ACE,0.2956,0.0222,0.6822
CLUBS EIGHT HEARTS JACK,0.6008,0.0144,0.3848
CLUBS EIGHT HEARTS NINE,0.5866,0.0114,0.402
HEARTS ACE DIAMONDS TEN,0.3728,0.0054,0.6218
SPADES FIVE CLUBS TWO,0.6628,0.0108,0.3264
SPADES KING CLUBS THREE,0.44,0.0078,0.5522
HEARTS EIGHT HEARTS TWO,0.612,0.0132,0.3748
DIAMONDS THREE SPADES SIX,0.6576,0.0128,0.3296
CLUBS SIX CLUBS TWO,0.6358,0.0132,0.351
SPADES QUEEN DIAMONDS ACE,0.2624,0.0166,0.721
HEARTS TWO CLUBS QUEEN,0.5124,0.2894,0.1982
HEARTS KING DIAMONDS SIX,0.4106,0.0056,0.5838
SPADES ACE HEARTS KING,0.369,0.0034,0.6276
CLUBS TEN SPADES JACK,0.5722,0.0084,0.4194
DIAMONDS TWO DIAMONDS NINE,0.6472,0.0156,0.3372
CLUBS FOUR HEARTS NINE,0.6508,0.0114,0.3378
SPADES QUEEN SPADES SIX,0.4748,0.2788,0.2464
CLUBS FIVE DIAMONDS NINE,0.635,0.0142,0.3508
CLUBS NINE HEARTS ACE,0.4078,0.0032,0.589
HEARTS QUEEN HEARTS TEN,0.2632,0.1062,0.6306
SPADES ACE HEARTS NINE,0.3914,0.002,0.6066
SPADES TEN CLUBS QUEEN,0.2754,0.1032,0.6214
SPADES KING DIAMONDS KING,0.174,0.0056,0.8204
DIAMONDS JACK SPADES TWO,0.6408,0.0104,0.3488
CLUBS SEVEN SPADES FOUR,0.6998,0.0454,0.2548
CLUBS FOUR SPADES TWO,0.6728,0.0108,0.3164
CLUBS SEVEN CLUBS KING,0.274,0.0334,0.6926
HEARTS SIX CLUBS SIX,0.4514,0.0256,0.523
HEARTS SEVEN CLUBS QUEEN,0.0716,0.9064,0.022
CLUBS JACK CLUBS TWO,0.6204,0.009,0.3706
HEARTS EIGHT SPADES KING,0.4016,0.0068,0.5916
CLUBS TWO CLUBS ACE,0.4006,0.0054,0.594
CLUBS EIGHT HEARTS FOUR,0.643,0.0114,0.3456
DIAMONDS JACK DIAMONDS FIVE,0.6408,0.0108,0.3484
SPADES JACK SPADES FIVE,0.6158,0.0108,0.3734
CLUBS TEN SPADES SEVEN,0.7048,0.0396,0.2556
HEARTS EIGHT CLUBS TWO,0.663,0.0124,0.3246
HEARTS JACK CLUBS KING,0.3922,0.0068,0.601
DIAMONDS ACE CLUBS QUEEN,0.2578,0.0154,0.7268
CLUBS FOUR SPADES FIVE,0.6376,0.0094,0.353
SPADES QUEEN SPADES NINE,0.2622,0.1514,0.5864
HEARTS SEVEN HEARTS KING,0.2782,0.0384,0.6834
SPADES TEN SPADES EIGHT,0.5622,0.0096,0.4282
CLUBS FIVE HEARTS QUEEN,0.5094,0.2924,0.1982
SPADES EIGHT CLUBS KING,0.399,0.0052,0.5958
SPADES KING DIAMONDS TEN,0.374,0.0056,0.6204
CLUBS EIGHT DIAMONDS TEN,0.5792,0.0112,0.4096
DIAMONDS KING DIAMONDS FIVE,0.3836,0.01,0.6064
CLUBS SEVEN SPADES SIX,0.6866,0.04,0.2734
HEARTS KING HEARTS QUEEN,0.2616,0.0244,0.714
HEARTS FOUR CLUBS KING,0.4384,0.0074,0.5542
CLUBS SEVEN HEARTS NINE,0.699,0.0404,0.2606
DIAMONDS ACE DIAMONDS FOUR,0.3686,0.0066,0.6248
SPADES NINE HEARTS KING,0.3938,0.0058,0.6004
CLUBS SEVEN SPADES SEVEN,0.3316,0.0308,0.6376
HEARTS FOUR DIAMONDS TEN,0.6434,0.0152,0.3414
SPADES JACK SPADES THREE,0.6092,0.0094,0.3814
CLUBS SIX CLUBS FIVE,0.5974,0.0088,0.3938
SPADES NINE CLUBS THREE,0.6568,0.0126,0.3306
CLUBS TEN HEARTS KING,0.3816,0.0076,0.6108
DIAMONDS FIVE DIAMONDS FOUR,0.6158,0.0148,0.3694
DIAMONDS TWO CLUBS FIVE,0.6602,0.0112,0.3286
SPADES TEN DIAMONDS NINE,0.5792,0.0096,0.4112
SPADES SIX HEARTS ACE,0.4432,0.004,0.5528
CLUBS EIGHT DIAMONDS NINE,0.5722,0.0128,0.415
SPADES EIGHT SPADES SEVEN,0.6452,0.0364,0.3184
DIAMONDS KING HEARTS NINE,0.37,0.0052,0.6248
SPADES THREE CLUBS QUEEN,0.5072,0.2784,0.2144
DIAMONDS JACK DIAMONDS NINE,0.5816,0.0126,0.4058
CLUBS TWO HEARTS KING,0.4518,0.0068,0.5414
SPADES QUEEN SPADES SEVEN,0.074,0.8654,0.0606
SPADES EIGHT CLUBS THREE,0.6548,0.0114,0.3338
SPADES EIGHT HEARTS TWO,0.6416,0.0116,0.3468
SPADES ACE CLUBS ACE,0.1668,0.0036,0.8296
CLUBS THREE DIAMONDS JACK,0.6456,0.0118,0.3426
SPADES TEN DIAMONDS JACK,0.563,0.01,0.427
CLUBS JACK CLUBS TEN,0.5206,0.0092,0.4702
DIAMONDS TWO DIAMONDS JACK,0.6304,0.0132,0.3564
SPADES ACE CLUBS EIGHT,0.3946,0.0044,0.601
SPADES QUEEN CLUBS QUEEN,0.1286,0.0214,0.85
CLUBS FIVE HEARTS NINE,0.6478,0.0114,0.3408
CLUBS NINE DIAMONDS FIVE,0.6352,0.0138,0.351
DIAMONDS THREE SPADES JACK,0.648,0.012,0.34
CLUBS TWO DIAMONDS JACK,0.6524,0.0094,0.3382
DIAMONDS THREE SPADES EIGHT,0.6444,0.0118,0.3438
CLUBS FIVE HEARTS ACE,0.4312,0.0042,0.5646
SPADES SEVEN HEARTS NINE,0.6892,0.0396,0.2712
CLUBS FIVE SPADES SIX,0.6338,0.0114,0.3548
CLUBS EIGHT SPADES FIVE,0.6376,0.0122,0.3502
CLUBS TWO HEARTS TEN,0.6518,0.0116,0.3366
DIAMONDS KING SPADES FIVE,0.4144,0.0086,0.577
CLUBS SEVEN CLUBS FIVE,0.6648,0.0466,0.2886
HEARTS EIGHT CLUBS NINE,0.5772,0.0106,0.4122
DIAMONDS KING SPADES TWO,0.4148,0.0112,0.574
DIAMONDS SIX DIAMONDS FOUR,0.6392,0.0144,0.3464
SPADES FIVE HEARTS TEN,0.6424,0.0104,0.3472
SPADES KING DIAMONDS JACK,0.3822,0.006,0.6118
CLUBS TEN CLUBS TWO,0.609,0.0082,0.3828
CLUBS EIGHT HEARTS KING,0.4086,0.006,0.5854
SPADES JACK SPADES FOUR,0.6002,0.0098,0.39
SPADES JACK CLUBS FOUR,0.662,0.01,0.328
DIAMONDS THREE SPADES FOUR,0.6376,0.0122,0.3502
CLUBS ACE DIAMONDS SIX,0.4126,0.0042,0.5832
SPADES FOUR DIAMONDS FOUR,0.4492,0.0278,0.523
DIAMONDS EIGHT CLUBS QUEEN,0.257,0.2166,0.5264
SPADES ACE SPADES SIX,0.4056,0.004,0.5904
SPADES EIGHT DIAMONDS FIVE,0.6206,0.0104,0.369
SPADES FOUR SPADES THREE,0.5998,0.0104,0.3898
CLUBS TEN DIAMONDS NINE,0.5734,0.0118,0.4148
SPADES EIGHT HEARTS KING,0.406,0.006,0.588
CLUBS KING DIAMONDS FIVE,0.4224,0.0072,0.5704
CLUBS TEN SPADES FOUR,0.6444,0.0116,0.344
CLUBS EIGHT DIAMONDS FOUR,0.6402,0.0146,0.3452
SPADES KING HEARTS FIVE,0.4416,0.0064,0.552
SPADES TEN HEARTS TWO,0.6434,0.0092,0.3474
SPADES ACE SPADES QUEEN,0.26,0.0184,0.7216
SPADES SEVEN CLUBS KING,0.2756,0.0346,0.6898
CLUBS SEVEN DIAMONDS ACE,0.2664,0.0274,0.7062
HEARTS SIX SPADES TEN,0.6516,0.0084,0.34
SPADES NINE CLUBS KING,0.3826,0.0046,0.6128
SPADES JACK CLUBS SEVEN,0.7204,0.0406,0.239
HEARTS SEVEN SPADES SEVEN,0.318,0.0318,0.6502
CLUBS JACK DIAMONDS EIGHT,0.591,0.0112,0.3978
SPADES QUEEN CLUBS FIVE,0.4996,0.2828,0.2176
CLUBS JACK HEARTS FIVE,0.6452,0.0104,0.3444
DIAMONDS THREE CLUBS SEVEN,0.719,0.0496,0.2314
HEARTS FOUR DIAMONDS NINE,0.6424,0.0132,0.3444
SPADES ACE SPADES TWO,0.4144,0.006,0.5796
SPADES TEN HEARTS TEN,0.3364,0.0126,0.651
DIAMONDS ACE HEARTS ACE,0.1584,0.0038,0.8378
SPADES SEVEN DIAMONDS FIVE,0.6824,0.0444,0.2732
SPADES TWO DIAMONDS EIGHT,0.6498,0.0124,0.3378
SPADES ACE HEARTS FIVE,0.4388,0.0026,0.5586
HEARTS FIVE SPADES THREE,0.655,0.0114,0.3336
CLUBS SIX SPADES EIGHT,0.6364,0.0102,0.3534
CLUBS JACK CLUBS SIX,0.6082,0.0098,0.382
DIAMONDS TWO CLUBS TWO,0.4736,0.0292,0.4972
HEARTS FOUR HEARTS THREE,0.6164,0.0126,0.371
