opposingHand,winningChance,drawChance,lostChance
DIAMONDS SEVEN CLUBS KING
HEARTS FIVE SPADES TEN,0.6336,0.0044,0.362
HEARTS FIVE SPADES JACK,0.624,0.007,0.369
SPADES FIVE CLUBS JACK,0.6384,0.0068,0.3548
CLUBS TEN SPADES FIVE,0.632,0.009,0.359
CLUBS EIGHT CLUBS JACK,0.5626,0.0072,0.4302
CLUBS TEN CLUBS EIGHT,0.555,0.0054,0.4396
SPADES FIVE CLUBS ACE,0.3856,0.0036,0.6108
CLUBS EIGHT CLUBS QUEEN,0.5458,0.0056,0.4486
SPADES FIVE CLUBS QUEEN,0.634,0.007,0.359
CLUBS EIGHT CLUBS ACE,0.351,0.003,0.646
DIAMONDS TWO DIAMONDS THREE,0.6148,0.0118,0.3734
DIAMONDS TWO DIAMONDS FIVE,0.6162,0.0098,0.374
HEARTS FIVE SPADES KING,0.473,0.2988,0.2282
DIAMONDS TWO DIAMONDS FOUR,0.6122,0.009,0.3788
HEARTS FIVE SPADES QUEEN,0.644,0.0088,0.3472
DIAMONDS TWO DIAMONDS SIX,0.6398,0.008,0.3522
SPADES ACE HEARTS FIVE,0.3964,0.0036,0.6
DIAMONDS TWO DIAMONDS NINE,0.6058,0.007,0.3872
DIAMONDS TWO DIAMONDS EIGHT,0.6148,0.0088,0.3764
DIAMONDS THREE DIAMONDS FOUR,0.5966,0.0086,0.3948
CLUBS TWO SPADES FOUR,0.6514,0.0066,0.342
DIAMONDS THREE DIAMONDS FIVE,0.6048,0.008,0.3872
SPADES FIVE CLUBS TWO,0.652,0.0058,0.3422
CLUBS TWO SPADES TWO,0.4766,0.0142,0.5092
CLUBS TWO SPADES THREE,0.6552,0.0098,0.335
DIAMONDS THREE DIAMONDS EIGHT,0.6072,0.0074,0.3854
SPADES EIGHT CLUBS TWO,0.656,0.0054,0.3386
DIAMONDS THREE DIAMONDS NINE,0.6116,0.0068,0.3816
SPADES NINE CLUBS TWO,0.6552,0.0058,0.339
DIAMONDS THREE DIAMONDS SIX,0.6092,0.0088,0.382
SPADES SIX CLUBS TWO,0.6546,0.0088,0.3366
SPADES SEVEN CLUBS TWO,0.7376,0.0422,0.2202
CLUBS SIX CLUBS TWO,0.6214,0.0072,0.3714
CLUBS SEVEN CLUBS TWO,0.7078,0.0426,0.2496
CLUBS FOUR CLUBS TWO,0.6166,0.007,0.3764
CLUBS FIVE CLUBS TWO,0.6136,0.0082,0.3782
CLUBS TEN CLUBS JACK,0.5206,0.0084,0.471
DIAMONDS FOUR DIAMONDS SIX,0.605,0.0098,0.3852
CLUBS TEN CLUBS QUEEN,0.5342,0.0066,0.4592
CLUBS TEN CLUBS ACE,0.3266,0.0046,0.6688
CLUBS EIGHT CLUBS TWO,0.605,0.0106,0.3844
DIAMONDS FIVE DIAMONDS FOUR,0.5858,0.0102,0.404
CLUBS NINE CLUBS TWO,0.6092,0.0068,0.384
DIAMONDS NINE DIAMONDS FOUR,0.605,0.0074,0.3876
DIAMONDS FOUR DIAMONDS EIGHT,0.596,0.0098,0.3942
CLUBS THREE CLUBS TWO,0.631,0.0106,0.3584
DIAMONDS NINE DIAMONDS FIVE,0.5932,0.0076,0.3992
DIAMONDS TWO CLUBS JACK,0.6322,0.0082,0.3596
DIAMONDS FIVE DIAMONDS EIGHT,0.5798,0.0056,0.4146
CLUBS TEN DIAMONDS TWO,0.6374,0.0072,0.3554
DIAMONDS FIVE DIAMONDS SIX,0.5838,0.0068,0.4094
DIAMONDS TWO CLUBS ACE,0.396,0.0052,0.5988
DIAMONDS TWO CLUBS QUEEN,0.6486,0.0108,0.3406
DIAMONDS EIGHT DIAMONDS SIX,0.5534,0.0094,0.4372
DIAMONDS NINE DIAMONDS SIX,0.58,0.0106,0.4094
HEARTS ACE SPADES THREE,0.3872,0.0042,0.6086
SPADES THREE HEARTS KING,0.4778,0.2926,0.2296
HEARTS QUEEN SPADES THREE,0.6348,0.0072,0.358
SPADES THREE HEARTS JACK,0.633,0.006,0.361
SPADES THREE HEARTS TEN,0.638,0.0076,0.3544
DIAMONDS NINE DIAMONDS EIGHT,0.5404,0.0084,0.4512
DIAMONDS KING HEARTS TEN,0.2354,0.1164,0.6482
HEARTS THREE HEARTS TEN,0.5814,0.0076,0.411
SPADES JACK CLUBS SIX,0.6386,0.0054,0.356
DIAMONDS KING HEARTS JACK,0.2346,0.0894,0.676
HEARTS THREE HEARTS JACK,0.6002,0.0058,0.394
SPADES TEN CLUBS SIX,0.6272,0.0062,0.3666
SPADES JACK SPADES FIVE,0.5896,0.008,0.4024
SPADES TEN SPADES FIVE,0.5824,0.008,0.4096
DIAMONDS KING HEARTS ACE,0.2296,0.0112,0.7592
HEARTS THREE HEARTS ACE,0.3678,0.0046,0.6276
SPADES ACE CLUBS SIX,0.391,0.0028,0.6062
DIAMONDS KING HEARTS QUEEN,0.2316,0.069,0.6994
HEARTS THREE HEARTS QUEEN,0.5822,0.007,0.4108
SPADES KING CLUBS SIX,0.4664,0.3138,0.2198
DIAMONDS KING HEARTS KING,0.0738,0.015,0.9112
HEARTS THREE HEARTS KING,0.4418,0.2806,0.2776
SPADES QUEEN CLUBS SIX,0.643,0.006,0.351
SPADES NINE HEARTS TEN,0.5432,0.0066,0.4502
SPADES NINE HEARTS JACK,0.5638,0.0062,0.43
SPADES QUEEN SPADES FIVE,0.5966,0.0072,0.3962
SPADES KING SPADES FIVE,0.436,0.2816,0.2824
SPADES ACE SPADES FIVE,0.3588,0.0032,0.638
SPADES NINE HEARTS QUEEN,0.5794,0.0046,0.416
SPADES NINE HEARTS KING,0.2362,0.1622,0.6016
SPADES NINE HEARTS ACE,0.3582,0.003,0.6388
CLUBS TEN SPADES JACK,0.5508,0.0068,0.4424
CLUBS TEN SPADES TEN,0.2996,0.006,0.6944
SPADES ACE CLUBS TEN,0.3608,0.0044,0.6348
SPADES KING CLUBS TEN,0.2356,0.1186,0.6458
CLUBS TEN SPADES QUEEN,0.5564,0.0076,0.436
SPADES FIVE HEARTS QUEEN,0.6358,0.005,0.3592
SPADES FIVE HEARTS KING,0.4804,0.286,0.2336
HEARTS ACE SPADES FIVE,0.3866,0.0038,0.6096
CLUBS EIGHT SPADES TEN,0.5714,0.008,0.4206
SPADES JACK HEARTS THREE,0.6286,0.0068,0.3646
SPADES JACK DIAMONDS KING,0.2338,0.0882,0.678
SPADES TEN DIAMONDS KING,0.226,0.1152,0.6588
SPADES TEN HEARTS THREE,0.635,0.005,0.36
SPADES JACK CLUBS EIGHT,0.59,0.0052,0.4048
CLUBS SIX HEARTS ACE,0.3848,0.0044,0.6108
SPADES ACE CLUBS EIGHT,0.3516,0.0028,0.6456
HEARTS FIVE CLUBS JACK,0.6352,0.007,0.3578
HEARTS FIVE CLUBS TEN,0.641,0.0076,0.3514
CLUBS SIX HEARTS QUEEN,0.631,0.0076,0.3614
SPADES QUEEN CLUBS EIGHT,0.588,0.007,0.405
CLUBS TEN SPADES THREE,0.6324,0.0084,0.3592
CLUBS SIX HEARTS KING,0.4762,0.2994,0.2244
SPADES KING CLUBS EIGHT,0.2262,0.2258,0.548
SPADES THREE CLUBS JACK,0.6378,0.0054,0.3568
DIAMONDS TWO HEARTS JACK,0.6374,0.0078,0.3548
SPADES THREE CLUBS QUEEN,0.6356,0.007,0.3574
DIAMONDS TWO HEARTS TEN,0.6392,0.007,0.3538
HEARTS FIVE CLUBS ACE,0.3876,0.0048,0.6076
SPADES FIVE HEARTS TEN,0.6314,0.0054,0.3632
SPADES THREE CLUBS ACE,0.3852,0.0052,0.6096
SPADES FIVE HEARTS JACK,0.6314,0.0072,0.3614
HEARTS FIVE CLUBS QUEEN,0.6308,0.0088,0.3604
HEARTS THREE CLUBS QUEEN,0.6344,0.0072,0.3584
DIAMONDS KING CLUBS QUEEN,0.2238,0.0712,0.705
HEARTS FIVE HEARTS JACK,0.5844,0.0066,0.409
HEARTS FIVE HEARTS TEN,0.5932,0.0082,0.3986
HEARTS THREE CLUBS ACE,0.3818,0.0042,0.614
DIAMONDS KING CLUBS ACE,0.229,0.0122,0.7588
SPADES ACE CLUBS QUEEN,0.3552,0.0026,0.6422
SPADES KING CLUBS QUEEN,0.2472,0.063,0.6898
HEARTS THREE CLUBS JACK,0.639,0.0066,0.3544
DIAMONDS KING CLUBS JACK,0.2388,0.0856,0.6756
SPADES QUEEN CLUBS QUEEN,0.2898,0.0028,0.7074
CLUBS TEN HEARTS THREE,0.6372,0.007,0.3558
CLUBS TEN DIAMONDS KING,0.2232,0.127,0.6498
SPADES JACK CLUBS QUEEN,0.565,0.0072,0.4278
CLUBS SIX CLUBS QUEEN,0.5994,0.0056,0.395
SPADES TEN CLUBS QUEEN,0.5566,0.0046,0.4388
CLUBS SIX CLUBS ACE,0.373,0.0048,0.6222
HEARTS FIVE HEARTS KING,0.4462,0.275,0.2788
HEARTS FIVE HEARTS QUEEN,0.599,0.0068,0.3942
CLUBS TEN CLUBS SIX,0.6056,0.0072,0.3872
HEARTS FIVE HEARTS ACE,0.3624,0.0038,0.6338
CLUBS SIX CLUBS JACK,0.602,0.0078,0.3902
SPADES SEVEN HEARTS JACK,0.715,0.0306,0.2544
SPADES SEVEN HEARTS TEN,0.7004,0.039,0.2606
DIAMONDS TWO CLUBS TWO,0.4662,0.0162,0.5176
DIAMONDS TWO CLUBS THREE,0.6604,0.0112,0.3284
DIAMONDS TWO HEARTS SIX,0.6556,0.0078,0.3366
DIAMONDS TWO HEARTS QUEEN,0.6264,0.0056,0.368
HEARTS SEVEN DIAMONDS TWO,0.747,0.0424,0.2106
DIAMONDS TWO HEARTS KING,0.4636,0.3132,0.2232
DIAMONDS TWO HEARTS EIGHT,0.6466,0.0074,0.346
DIAMONDS TWO HEARTS ACE,0.397,0.004,0.599
DIAMONDS TWO HEARTS NINE,0.6296,0.0078,0.3626
DIAMONDS TWO DIAMONDS QUEEN,0.5984,0.0076,0.394
DIAMONDS TWO HEARTS TWO,0.4564,0.0148,0.5288
DIAMONDS TWO DIAMONDS KING,0.4518,0.2912,0.257
DIAMONDS TWO HEARTS THREE,0.6626,0.0098,0.3276
DIAMONDS TWO DIAMONDS ACE,0.383,0.0066,0.6104
HEARTS FOUR DIAMONDS TWO,0.6552,0.0076,0.3372
HEARTS FIVE DIAMONDS TWO,0.663,0.0074,0.3296
SPADES SEVEN HEARTS ACE,0.241,0.0268,0.7322
DIAMONDS TWO DIAMONDS TEN,0.6002,0.009,0.3908
SPADES SEVEN HEARTS KING,0.0218,0.9582,0.02
DIAMONDS TWO DIAMONDS JACK,0.5908,0.0072,0.402
SPADES SEVEN HEARTS QUEEN,0.7344,0.0362,0.2294
DIAMONDS TWO SPADES NINE,0.6424,0.007,0.3506
DIAMONDS TWO SPADES EIGHT,0.643,0.0092,0.3478
DIAMONDS TWO SPADES SEVEN,0.7388,0.0426,0.2186
DIAMONDS TWO SPADES SIX,0.6532,0.0084,0.3384
DIAMONDS TWO SPADES FIVE,0.6636,0.0076,0.3288
DIAMONDS TWO SPADES FOUR,0.6456,0.009,0.3454
DIAMONDS TWO SPADES THREE,0.6584,0.0094,0.3322
DIAMONDS TWO SPADES TWO,0.4606,0.014,0.5254
CLUBS NINE DIAMONDS TWO,0.6528,0.009,0.3382
DIAMONDS TWO CLUBS EIGHT,0.6588,0.0064,0.3348
CLUBS SEVEN DIAMONDS TWO,0.757,0.045,0.198
DIAMONDS TWO CLUBS SIX,0.6674,0.01,0.3226
DIAMONDS TWO CLUBS FIVE,0.6578,0.0076,0.3346
DIAMONDS TWO CLUBS FOUR,0.6588,0.0084,0.3328
CLUBS FOUR SPADES FIVE,0.6234,0.0066,0.37
CLUBS FOUR SPADES FOUR,0.4484,0.0144,0.5372
CLUBS FOUR SPADES THREE,0.6376,0.0098,0.3526
CLUBS FOUR SPADES TWO,0.638,0.0074,0.3546
SPADES NINE CLUBS FOUR,0.6308,0.0078,0.3614
SPADES EIGHT CLUBS FOUR,0.6338,0.0078,0.3584
SPADES SEVEN CLUBS FOUR,0.703,0.0374,0.2596
CLUBS FOUR SPADES SIX,0.6414,0.0074,0.3512
SPADES ACE DIAMONDS SIX,0.3982,0.0038,0.598
SPADES QUEEN DIAMONDS SIX,0.6296,0.0076,0.3628
SPADES KING DIAMONDS SIX,0.4802,0.2996,0.2202
SPADES TEN DIAMONDS SIX,0.6268,0.0048,0.3684
SPADES JACK DIAMONDS SIX,0.6534,0.0074,0.3392
SPADES QUEEN SPADES TWO,0.6066,0.005,0.3884
SPADES KING SPADES TWO,0.459,0.2776,0.2634
SPADES ACE SPADES TWO,0.3822,0.0032,0.6146
DIAMONDS JACK CLUBS JACK,0.2828,0.0086,0.7086
CLUBS TEN DIAMONDS JACK,0.5506,0.0058,0.4436
DIAMONDS JACK CLUBS QUEEN,0.5474,0.0078,0.4448
DIAMONDS THREE DIAMONDS JACK,0.6036,0.0086,0.3878
DIAMONDS THREE DIAMONDS TEN,0.5938,0.0082,0.398
DIAMONDS JACK CLUBS ACE,0.345,0.004,0.651
DIAMONDS THREE DIAMONDS KING,0.458,0.2762,0.2658
DIAMONDS THREE HEARTS THREE,0.4448,0.0158,0.5394
DIAMONDS THREE DIAMONDS QUEEN,0.6024,0.0084,0.3892
DIAMONDS THREE HEARTS TWO,0.6594,0.0086,0.332
HEARTS FIVE DIAMONDS THREE,0.64,0.0082,0.3518
DIAMONDS THREE DIAMONDS ACE,0.3774,0.0052,0.6174
HEARTS FOUR DIAMONDS THREE,0.6314,0.0078,0.3608
HEARTS SEVEN DIAMONDS THREE,0.7306,0.0446,0.2248
SPADES TEN SPADES NINE,0.5314,0.0056,0.463
HEARTS SIX DIAMONDS THREE,0.6534,0.008,0.3386
SPADES JACK SPADES NINE,0.5352,0.007,0.4578
DIAMONDS THREE HEARTS NINE,0.632,0.0086,0.3594
HEARTS JACK DIAMONDS FOUR,0.62,0.0096,0.3704
HEARTS ACE HEARTS KING,0.2182,0.0118,0.77
SPADES TEN SPADES TWO,0.6012,0.0068,0.392
DIAMONDS THREE HEARTS EIGHT,0.644,0.0096,0.3464
HEARTS TEN DIAMONDS FOUR,0.64,0.0074,0.3526
SPADES JACK SPADES TWO,0.5868,0.007,0.4062
HEARTS QUEEN DIAMONDS FOUR,0.6414,0.0066,0.352
HEARTS KING DIAMONDS FOUR,0.4806,0.294,0.2254
SPADES ACE SPADES NINE,0.3292,0.0028,0.668
HEARTS ACE DIAMONDS FOUR,0.3904,0.0056,0.604
SPADES KING SPADES NINE,0.2214,0.1522,0.6264
SPADES QUEEN SPADES NINE,0.5312,0.007,0.4618
DIAMONDS THREE SPADES NINE,0.6192,0.0074,0.3734
DIAMONDS THREE SPADES EIGHT,0.651,0.0076,0.3414
DIAMONDS THREE SPADES SEVEN,0.7238,0.04,0.2362
DIAMONDS THREE SPADES SIX,0.6562,0.009,0.3348
DIAMONDS THREE CLUBS SIX,0.6504,0.0088,0.3408
CLUBS FIVE CLUBS SIX,0.5886,0.0106,0.4008
CLUBS ACE DIAMONDS FOUR,0.3932,0.0066,0.6002
CLUBS SEVEN DIAMONDS THREE,0.717,0.0408,0.2422
CLUBS SEVEN CLUBS FIVE,0.6538,0.0358,0.3104
DIAMONDS THREE CLUBS FOUR,0.639,0.0096,0.3514
DIAMONDS FOUR CLUBS QUEEN,0.6458,0.008,0.3462
DIAMONDS THREE CLUBS FIVE,0.6284,0.008,0.3636
DIAMONDS THREE CLUBS TWO,0.665,0.0092,0.3258
CLUBS TEN DIAMONDS FOUR,0.6386,0.0096,0.3518
DIAMONDS THREE CLUBS THREE,0.4702,0.0158,0.514
DIAMONDS FOUR CLUBS JACK,0.641,0.0058,0.3532
DIAMONDS THREE SPADES FOUR,0.632,0.0078,0.3602
DIAMONDS THREE SPADES FIVE,0.6396,0.0068,0.3536
DIAMONDS THREE SPADES TWO,0.6576,0.0104,0.332
DIAMONDS THREE SPADES THREE,0.4492,0.0154,0.5354
CLUBS EIGHT DIAMONDS THREE,0.6466,0.0094,0.344
CLUBS NINE DIAMONDS THREE,0.6366,0.0082,0.3552
SPADES SEVEN CLUBS ACE,0.2272,0.0324,0.7404
SPADES SEVEN CLUBS QUEEN,0.7388,0.036,0.2252
CLUBS FIVE SPADES SEVEN,0.7068,0.0398,0.2534
CLUBS TEN SPADES SEVEN,0.6988,0.0398,0.2614
CLUBS FIVE SPADES SIX,0.6216,0.0052,0.3732
SPADES SEVEN CLUBS JACK,0.7274,0.0352,0.2374
CLUBS FIVE SPADES NINE,0.6264,0.0064,0.3672
CLUBS FIVE SPADES EIGHT,0.6208,0.0086,0.3706
CLUBS FIVE SPADES THREE,0.6322,0.0084,0.3594
CLUBS FIVE SPADES TWO,0.6478,0.0052,0.347
CLUBS FIVE SPADES FIVE,0.445,0.0154,0.5396
CLUBS FIVE SPADES FOUR,0.6104,0.0088,0.3808
CLUBS NINE CLUBS FIVE,0.5922,0.0082,0.3996
CLUBS EIGHT CLUBS FIVE,0.5942,0.0092,0.3966
CLUBS ACE CLUBS QUEEN,0.3266,0.006,0.6674
DIAMONDS TEN DIAMONDS FOUR,0.603,0.0068,0.3902
CLUBS TEN DIAMONDS NINE,0.5594,0.0074,0.4332
DIAMONDS JACK DIAMONDS FOUR,0.601,0.0072,0.3918
DIAMONDS NINE CLUBS JACK,0.5538,0.0064,0.4398
SPADES NINE CLUBS JACK,0.5658,0.0074,0.4268
CLUBS TEN SPADES NINE,0.5636,0.006,0.4304
DIAMONDS ACE DIAMONDS FOUR,0.3736,0.005,0.6214
HEARTS FOUR DIAMONDS FOUR,0.4522,0.0152,0.5326
DIAMONDS JACK HEARTS TEN,0.5474,0.0072,0.4454
DIAMONDS TWO SPADES TEN,0.6436,0.007,0.3494
DIAMONDS NINE CLUBS ACE,0.3548,0.0046,0.6406
HEARTS FIVE DIAMONDS FOUR,0.624,0.0074,0.3686
DIAMONDS JACK HEARTS JACK,0.2904,0.0046,0.705
SPADES NINE CLUBS QUEEN,0.5728,0.0078,0.4194
DIAMONDS TWO SPADES JACK,0.633,0.0076,0.3594
DIAMONDS QUEEN DIAMONDS FOUR,0.5984,0.007,0.3946
HEARTS TWO DIAMONDS FOUR,0.6546,0.0066,0.3388
DIAMONDS NINE CLUBS QUEEN,0.5742,0.0098,0.416
DIAMONDS KING DIAMONDS FOUR,0.4564,0.2728,0.2708
HEARTS THREE DIAMONDS FOUR,0.625,0.008,0.367
SPADES NINE CLUBS ACE,0.3466,0.0038,0.6496
HEARTS ACE DIAMONDS JACK,0.35,0.003,0.647
SPADES ACE DIAMONDS TWO,0.4018,0.0024,0.5958
HEARTS QUEEN DIAMONDS JACK,0.544,0.0064,0.4496
SPADES QUEEN DIAMONDS TWO,0.642,0.0084,0.3496
HEARTS KING DIAMONDS JACK,0.2262,0.0898,0.684
SPADES KING DIAMONDS TWO,0.4816,0.2976,0.2208
SPADES JACK SPADES SEVEN,0.6644,0.037,0.2986
SPADES TEN SPADES SEVEN,0.6488,0.0382,0.313
CLUBS SEVEN CLUBS THREE,0.6894,0.0422,0.2684
CLUBS SIX CLUBS THREE,0.6194,0.008,0.3726
CLUBS FIVE CLUBS THREE,0.6028,0.0086,0.3886
CLUBS THREE CLUBS FOUR,0.6084,0.0088,0.3828
CLUBS NINE CLUBS THREE,0.6076,0.0078,0.3846
CLUBS EIGHT CLUBS THREE,0.6144,0.0074,0.3782
CLUBS THREE SPADES FIVE,0.6348,0.007,0.3582
CLUBS THREE SPADES FOUR,0.6416,0.0098,0.3486
CLUBS THREE SPADES THREE,0.4548,0.0162,0.529
CLUBS THREE SPADES TWO,0.656,0.0104,0.3336
CLUBS THREE SPADES SIX,0.6522,0.0078,0.34
CLUBS THREE SPADES SEVEN,0.7192,0.0452,0.2356
SPADES EIGHT CLUBS THREE,0.653,0.0074,0.3396
SPADES NINE CLUBS THREE,0.6432,0.0068,0.35
SPADES TWO DIAMONDS FOUR,0.6462,0.0112,0.3426
SPADES THREE DIAMONDS FOUR,0.6374,0.0094,0.3532
SPADES FOUR DIAMONDS FOUR,0.4552,0.0146,0.5302
SPADES FIVE DIAMONDS FOUR,0.6104,0.0082,0.3814
SPADES SIX DIAMONDS FOUR,0.6424,0.0068,0.3508
SPADES SEVEN DIAMONDS FOUR,0.7102,0.0438,0.246
SPADES EIGHT DIAMONDS FOUR,0.644,0.0086,0.3474
SPADES NINE DIAMONDS FOUR,0.639,0.005,0.356
CLUBS FIVE DIAMONDS FOUR,0.6282,0.0068,0.365
CLUBS FOUR DIAMONDS FOUR,0.4416,0.0168,0.5416
CLUBS SEVEN DIAMONDS FOUR,0.719,0.0374,0.2436
CLUBS SIX DIAMONDS FOUR,0.6392,0.0094,0.3514
CLUBS NINE DIAMONDS FOUR,0.6342,0.0108,0.355
CLUBS EIGHT DIAMONDS FOUR,0.6368,0.0086,0.3546
HEARTS SEVEN DIAMONDS FOUR,0.7006,0.0468,0.2526
HEARTS SIX DIAMONDS FOUR,0.6246,0.0082,0.3672
DIAMONDS FOUR HEARTS NINE,0.6324,0.007,0.3606
DIAMONDS FOUR HEARTS EIGHT,0.6356,0.0052,0.3592
CLUBS THREE DIAMONDS FOUR,0.6384,0.0088,0.3528
CLUBS TWO DIAMONDS FOUR,0.6526,0.0102,0.3372
DIAMONDS TEN DIAMONDS FIVE,0.6026,0.0064,0.391
DIAMONDS JACK DIAMONDS FIVE,0.5948,0.007,0.3982
DIAMONDS NINE HEARTS QUEEN,0.5716,0.0066,0.4218
DIAMONDS NINE HEARTS KING,0.2236,0.159,0.6174
HEARTS ACE DIAMONDS NINE,0.3484,0.0042,0.6474
DIAMONDS NINE HEARTS TEN,0.56,0.0064,0.4336
DIAMONDS NINE HEARTS JACK,0.5612,0.0064,0.4324
CLUBS QUEEN DIAMONDS SIX,0.6358,0.007,0.3572
CLUBS ACE DIAMONDS SIX,0.3924,0.0048,0.6028
SPADES KING DIAMONDS FOUR,0.474,0.2992,0.2268
SPADES ACE SPADES SEVEN,0.2274,0.0266,0.746
SPADES QUEEN DIAMONDS FOUR,0.6364,0.0068,0.3568
SPADES QUEEN SPADES SEVEN,0.6878,0.0356,0.2766
CLUBS JACK DIAMONDS SIX,0.6402,0.008,0.3518
SPADES KING SPADES SEVEN,0.0244,0.9028,0.0728
SPADES ACE DIAMONDS FOUR,0.3898,0.0028,0.6074
CLUBS TEN DIAMONDS SIX,0.6444,0.0056,0.35
CLUBS NINE CLUBS FOUR,0.5982,0.0094,0.3924
CLUBS EIGHT CLUBS FOUR,0.586,0.0074,0.4066
SPADES JACK DIAMONDS FOUR,0.6358,0.0076,0.3566
SPADES TEN DIAMONDS FOUR,0.6366,0.0068,0.3566
CLUBS FIVE CLUBS FOUR,0.5988,0.0082,0.393
CLUBS SEVEN CLUBS FOUR,0.6796,0.0442,0.2762
CLUBS SIX CLUBS FOUR,0.6096,0.0098,0.3806
CLUBS SEVEN SPADES EIGHT,0.676,0.0328,0.2912
CLUBS SEVEN SPADES NINE,0.6998,0.0334,0.2668
CLUBS SEVEN SPADES SIX,0.6844,0.0358,0.2798
CLUBS SEVEN SPADES SEVEN,0.3118,0.03,0.6582
CLUBS SEVEN SPADES FIVE,0.6952,0.043,0.2618
CLUBS SEVEN SPADES FOUR,0.703,0.046,0.251
CLUBS SEVEN SPADES THREE,0.718,0.0438,0.2382
CLUBS SEVEN SPADES TWO,0.731,0.0438,0.2252
CLUBS NINE CLUBS SEVEN,0.6716,0.0388,0.2896
CLUBS SEVEN CLUBS EIGHT,0.648,0.0362,0.3158
HEARTS SIX DIAMONDS FIVE,0.618,0.0092,0.3728
HEARTS SEVEN DIAMONDS FIVE,0.6942,0.034,0.2718
DIAMONDS FIVE HEARTS EIGHT,0.6052,0.009,0.3858
DIAMONDS FIVE HEARTS NINE,0.6294,0.007,0.3636
DIAMONDS QUEEN DIAMONDS FIVE,0.596,0.0072,0.3968
HEARTS TWO DIAMONDS FIVE,0.651,0.0076,0.3414
HEARTS KING HEARTS EIGHT,0.2238,0.2124,0.5638
DIAMONDS KING DIAMONDS FIVE,0.4684,0.2818,0.2498
HEARTS THREE DIAMONDS FIVE,0.64,0.0088,0.3512
HEARTS QUEEN HEARTS EIGHT,0.5518,0.0082,0.44
DIAMONDS ACE DIAMONDS FIVE,0.3658,0.0048,0.6294
HEARTS FOUR DIAMONDS FIVE,0.6248,0.0092,0.366
HEARTS FIVE DIAMONDS FIVE,0.4434,0.0148,0.5418
HEARTS ACE HEARTS EIGHT,0.3256,0.004,0.6704
CLUBS FOUR DIAMONDS FIVE,0.6074,0.009,0.3836
CLUBS FIVE DIAMONDS FIVE,0.4426,0.0142,0.5432
CLUBS SIX DIAMONDS FIVE,0.627,0.0106,0.3624
CLUBS SEVEN DIAMONDS FIVE,0.7012,0.0428,0.256
CLUBS TWO DIAMONDS FIVE,0.6542,0.0092,0.3366
CLUBS THREE DIAMONDS FIVE,0.6428,0.0084,0.3488
SPADES THREE DIAMONDS FIVE,0.63,0.0104,0.3596
SPADES TWO DIAMONDS FIVE,0.6658,0.0096,0.3246
SPADES JACK DIAMONDS EIGHT,0.5734,0.006,0.4206
SPADES FIVE DIAMONDS FIVE,0.4294,0.0134,0.5572
CLUBS TEN HEARTS JACK,0.5494,0.0082,0.4424
SPADES TEN DIAMONDS EIGHT,0.5662,0.0052,0.4286
SPADES FOUR DIAMONDS FIVE,0.6236,0.0082,0.3682
HEARTS JACK CLUBS JACK,0.3044,0.0058,0.6898
HEARTS JACK CLUBS QUEEN,0.572,0.007,0.421
CLUBS NINE DIAMONDS FIVE,0.6386,0.0072,0.3542
CLUBS EIGHT DIAMONDS FIVE,0.6206,0.007,0.3724
CLUBS ACE HEARTS JACK,0.3442,0.0044,0.6514
SPADES SEVEN DIAMONDS FIVE,0.6946,0.0394,0.266
SPADES KING DIAMONDS EIGHT,0.237,0.2214,0.5416
SPADES QUEEN DIAMONDS EIGHT,0.5906,0.007,0.4024
SPADES SIX DIAMONDS FIVE,0.6168,0.0076,0.3756
SPADES NINE DIAMONDS FIVE,0.6246,0.0068,0.3686
SPADES EIGHT DIAMONDS FIVE,0.6252,0.0046,0.3702
SPADES ACE DIAMONDS EIGHT,0.3532,0.0034,0.6434
DIAMONDS TEN DIAMONDS SIX,0.5956,0.004,0.4004
DIAMONDS JACK DIAMONDS SIX,0.5938,0.0084,0.3978
DIAMONDS ACE DIAMONDS SIX,0.374,0.006,0.62
HEARTS FOUR DIAMONDS SIX,0.6238,0.0078,0.3684
SPADES TWO HEARTS JACK,0.6406,0.0072,0.3522
HEARTS FIVE DIAMONDS SIX,0.6288,0.0078,0.3634
SPADES TWO HEARTS TEN,0.6352,0.0068,0.358
DIAMONDS QUEEN DIAMONDS SIX,0.6048,0.0052,0.39
HEARTS TWO DIAMONDS SIX,0.6584,0.0066,0.335
DIAMONDS KING DIAMONDS SIX,0.4606,0.2846,0.2548
HEARTS THREE DIAMONDS SIX,0.6498,0.0066,0.3436
HEARTS EIGHT DIAMONDS SIX,0.6336,0.006,0.3604
HEARTS NINE DIAMONDS SIX,0.6244,0.006,0.3696
HEARTS SIX DIAMONDS SIX,0.431,0.0136,0.5554
HEARTS SEVEN DIAMONDS SIX,0.6816,0.0326,0.2858
CLUBS TWO DIAMONDS SIX,0.6696,0.0074,0.323
CLUBS THREE DIAMONDS SIX,0.6534,0.009,0.3376
CLUBS SEVEN DIAMONDS SIX,0.6844,0.0358,0.2798
DIAMONDS EIGHT CLUBS JACK,0.5874,0.0084,0.4042
CLUBS SIX DIAMONDS SIX,0.4458,0.016,0.5382
CLUBS TEN DIAMONDS EIGHT,0.5748,0.0054,0.4198
CLUBS FIVE DIAMONDS SIX,0.61,0.01,0.38
CLUBS FOUR DIAMONDS SIX,0.6364,0.0098,0.3538
HEARTS ACE HEARTS JACK,0.3276,0.0034,0.669
CLUBS ACE DIAMONDS EIGHT,0.3546,0.0046,0.6408
HEARTS QUEEN HEARTS JACK,0.5256,0.0052,0.4692
CLUBS NINE DIAMONDS SIX,0.625,0.0066,0.3684
HEARTS KING HEARTS JACK,0.2316,0.0856,0.6828
CLUBS QUEEN DIAMONDS EIGHT,0.575,0.0092,0.4158
CLUBS EIGHT DIAMONDS SIX,0.6118,0.0078,0.3804
SPADES TEN HEARTS KING,0.2398,0.115,0.6452
SPADES FIVE DIAMONDS SIX,0.6186,0.0078,0.3736
HEARTS ACE SPADES TWO,0.4072,0.003,0.5898
SPADES JACK HEARTS KING,0.233,0.0812,0.6858
SPADES FOUR DIAMONDS SIX,0.6332,0.008,0.3588
SPADES THREE DIAMONDS SIX,0.6466,0.0072,0.3462
HEARTS QUEEN SPADES TWO,0.6344,0.0064,0.3592
SPADES ACE SPADES KING,0.2208,0.0126,0.7666
HEARTS KING SPADES TWO,0.4768,0.2924,0.2308
SPADES TWO DIAMONDS SIX,0.6706,0.0062,0.3232
HEARTS TEN HEARTS EIGHT,0.5372,0.0074,0.4554
SPADES NINE DIAMONDS SIX,0.6132,0.0064,0.3804
HEARTS JACK HEARTS EIGHT,0.549,0.0062,0.4448
SPADES EIGHT DIAMONDS SIX,0.5964,0.0084,0.3952
SPADES SEVEN DIAMONDS SIX,0.6846,0.0376,0.2778
SPADES SIX DIAMONDS SIX,0.443,0.0126,0.5444
SPADES KING HEARTS KING,0.0856,0.0098,0.9046
SPADES QUEEN HEARTS KING,0.2502,0.0622,0.6876
SPADES ACE HEARTS KING,0.2436,0.0114,0.745
SPADES ACE HEARTS JACK,0.367,0.003,0.63
SPADES QUEEN HEARTS JACK,0.5538,0.0058,0.4404
SPADES KING HEARTS JACK,0.2476,0.0858,0.6666
SPADES TEN DIAMONDS TEN,0.3134,0.006,0.6806
SPADES JACK DIAMONDS TEN,0.554,0.0056,0.4404
SPADES ACE DIAMONDS TEN,0.3552,0.0042,0.6406
SPADES JACK HEARTS JACK,0.3022,0.0044,0.6934
SPADES TEN HEARTS JACK,0.5416,0.0054,0.453
SPADES QUEEN DIAMONDS TEN,0.5642,0.0054,0.4304
SPADES KING DIAMONDS TEN,0.2278,0.1118,0.6604
HEARTS KING DIAMONDS FIVE,0.4728,0.299,0.2282
HEARTS QUEEN DIAMONDS FIVE,0.6208,0.0072,0.372
HEARTS ACE DIAMONDS FIVE,0.4088,0.0048,0.5864
DIAMONDS FIVE HEARTS JACK,0.6492,0.0058,0.345
HEARTS TEN DIAMONDS FIVE,0.645,0.006,0.349
SPADES KING CLUBS TWO,0.4842,0.3056,0.2102
SPADES QUEEN CLUBS TWO,0.6404,0.006,0.3536
HEARTS KING CLUBS QUEEN,0.2472,0.0698,0.683
SPADES TWO CLUBS JACK,0.6434,0.0088,0.3478
SPADES ACE CLUBS TWO,0.4018,0.0046,0.5936
CLUBS TEN SPADES TWO,0.6424,0.0096,0.348
HEARTS KING CLUBS ACE,0.2304,0.0126,0.757
CLUBS SEVEN CLUBS SIX,0.6506,0.0386,0.3108
CLUBS EIGHT CLUBS SIX,0.5808,0.0062,0.413
SPADES TWO CLUBS QUEEN,0.6362,0.0078,0.356
CLUBS NINE CLUBS SIX,0.5846,0.0076,0.4078
HEARTS KING CLUBS JACK,0.2444,0.089,0.6666
SPADES TWO CLUBS ACE,0.3926,0.0048,0.6026
CLUBS TEN HEARTS KING,0.2312,0.114,0.6548
CLUBS SIX SPADES TWO,0.6624,0.01,0.3276
CLUBS SIX SPADES THREE,0.6492,0.0076,0.3432
CLUBS SIX SPADES FOUR,0.634,0.0076,0.3584
CLUBS SIX SPADES FIVE,0.6184,0.0072,0.3744
CLUBS SIX SPADES SIX,0.4286,0.012,0.5594
CLUBS SIX SPADES SEVEN,0.6968,0.0348,0.2684
CLUBS SIX SPADES EIGHT,0.616,0.0062,0.3778
SPADES JACK CLUBS TWO,0.6338,0.0068,0.3594
SPADES NINE CLUBS SIX,0.61,0.0064,0.3836
SPADES TEN CLUBS TWO,0.6382,0.0104,0.3514
CLUBS TWO CLUBS QUEEN,0.6062,0.0062,0.3876
CLUBS THREE DIAMONDS EIGHT,0.6368,0.0102,0.353
CLUBS TWO CLUBS ACE,0.3764,0.0052,0.6184
CLUBS TWO DIAMONDS EIGHT,0.6422,0.0074,0.3504
HEARTS SEVEN DIAMONDS EIGHT,0.683,0.028,0.289
HEARTS SIX DIAMONDS EIGHT,0.6022,0.0084,0.3894
DIAMONDS EIGHT HEARTS NINE,0.569,0.007,0.424
CLUBS TEN CLUBS TWO,0.613,0.0082,0.3788
HEARTS EIGHT DIAMONDS EIGHT,0.3164,0.0082,0.6754
CLUBS TWO CLUBS JACK,0.6034,0.0072,0.3894
CLUBS NINE DIAMONDS EIGHT,0.563,0.0084,0.4286
CLUBS EIGHT DIAMONDS EIGHT,0.3208,0.0116,0.6676
CLUBS FIVE DIAMONDS EIGHT,0.6152,0.01,0.3748
SPADES ACE SPADES THREE,0.3662,0.0028,0.631
CLUBS FOUR DIAMONDS EIGHT,0.624,0.0082,0.3678
CLUBS SEVEN DIAMONDS EIGHT,0.6766,0.0324,0.291
SPADES QUEEN SPADES THREE,0.5932,0.0068,0.4
CLUBS SIX DIAMONDS EIGHT,0.601,0.007,0.392
SPADES KING SPADES THREE,0.4422,0.2752,0.2826
DIAMONDS QUEEN DIAMONDS EIGHT,0.5688,0.0088,0.4224
HEARTS TWO DIAMONDS EIGHT,0.628,0.0084,0.3636
DIAMONDS KING DIAMONDS EIGHT,0.2122,0.2202,0.5676
HEARTS THREE DIAMONDS EIGHT,0.6378,0.0102,0.352
DIAMONDS ACE DIAMONDS EIGHT,0.346,0.0046,0.6494
HEARTS FOUR DIAMONDS EIGHT,0.6262,0.0104,0.3634
HEARTS FIVE DIAMONDS EIGHT,0.6138,0.0092,0.377
DIAMONDS TEN DIAMONDS EIGHT,0.5372,0.0066,0.4562
DIAMONDS JACK DIAMONDS EIGHT,0.5568,0.0072,0.436
SPADES JACK SPADES THREE,0.5944,0.0054,0.4002
SPADES TEN SPADES THREE,0.5878,0.0074,0.4048
CLUBS FOUR HEARTS ACE,0.3966,0.0044,0.599
CLUBS FOUR HEARTS QUEEN,0.6414,0.0076,0.351
CLUBS FOUR HEARTS KING,0.4878,0.2988,0.2134
CLUBS SIX HEARTS TEN,0.6296,0.0076,0.3628
CLUBS SIX HEARTS JACK,0.6302,0.0074,0.3624
SPADES FOUR DIAMONDS EIGHT,0.6234,0.0074,0.3692
SPADES FIVE DIAMONDS EIGHT,0.6126,0.0072,0.3802
SPADES TWO DIAMONDS EIGHT,0.6418,0.0062,0.352
SPADES THREE DIAMONDS EIGHT,0.6434,0.009,0.3476
CLUBS FOUR HEARTS JACK,0.6368,0.009,0.3542
SPADES EIGHT DIAMONDS EIGHT,0.3284,0.0098,0.6618
SPADES TEN DIAMONDS QUEEN,0.5504,0.0054,0.4442
SPADES TEN HEARTS TWO,0.6424,0.0066,0.351
SPADES JACK HEARTS EIGHT,0.5992,0.0056,0.3952
CLUBS FOUR HEARTS TEN,0.634,0.0062,0.3598
SPADES NINE DIAMONDS EIGHT,0.5728,0.0056,0.4216
SPADES TEN HEARTS EIGHT,0.5836,0.004,0.4124
SPADES JACK HEARTS TWO,0.6332,0.0088,0.358
SPADES JACK DIAMONDS QUEEN,0.5472,0.0062,0.4466
SPADES SIX DIAMONDS EIGHT,0.6118,0.0074,0.3808
SPADES SEVEN DIAMONDS EIGHT,0.6876,0.034,0.2784
SPADES ACE HEARTS TWO,0.3912,0.0046,0.6042
SPADES ACE DIAMONDS QUEEN,0.3476,0.0048,0.6476
SPADES ACE HEARTS EIGHT,0.37,0.0032,0.6268
SPADES KING HEARTS EIGHT,0.231,0.2308,0.5382
SPADES QUEEN HEARTS TWO,0.6306,0.0068,0.3626
SPADES QUEEN DIAMONDS QUEEN,0.2806,0.0032,0.7162
SPADES KING DIAMONDS QUEEN,0.229,0.0646,0.7064
SPADES KING HEARTS TWO,0.481,0.2994,0.2196
SPADES QUEEN HEARTS EIGHT,0.5906,0.0078,0.4016
CLUBS TWO HEARTS TEN,0.627,0.0078,0.3652
CLUBS TWO HEARTS JACK,0.6354,0.009,0.3556
SPADES SEVEN DIAMONDS NINE,0.687,0.0338,0.2792
SPADES SIX DIAMONDS NINE,0.6046,0.0086,0.3868
SPADES NINE DIAMONDS NINE,0.3114,0.0098,0.6788
SPADES EIGHT DIAMONDS NINE,0.5674,0.006,0.4266
DIAMONDS NINE SPADES THREE,0.6226,0.0084,0.369
DIAMONDS NINE SPADES TWO,0.6438,0.0068,0.3494
SPADES FIVE DIAMONDS NINE,0.618,0.0066,0.3754
DIAMONDS NINE SPADES FOUR,0.6432,0.0082,0.3486
CLUBS NINE DIAMONDS NINE,0.3014,0.0112,0.6874
CLUBS EIGHT DIAMONDS NINE,0.5574,0.0112,0.4314
CLUBS SIX DIAMONDS NINE,0.6152,0.0082,0.3766
SPADES JACK CLUBS FOUR,0.632,0.0074,0.3606
CLUBS SEVEN DIAMONDS NINE,0.687,0.0334,0.2796
SPADES TEN CLUBS FOUR,0.6386,0.0076,0.3538
CLUBS FOUR DIAMONDS NINE,0.6306,0.0068,0.3626
CLUBS FIVE DIAMONDS NINE,0.6144,0.0068,0.3788
CLUBS TWO DIAMONDS NINE,0.64,0.0086,0.3514
CLUBS THREE DIAMONDS NINE,0.6388,0.0078,0.3534
DIAMONDS NINE HEARTS EIGHT,0.559,0.0074,0.4336
DIAMONDS NINE HEARTS NINE,0.314,0.0078,0.6782
HEARTS SIX DIAMONDS NINE,0.6174,0.0078,0.3748
HEARTS SEVEN DIAMONDS NINE,0.6896,0.0368,0.2736
CLUBS NINE CLUBS EIGHT,0.5436,0.0066,0.4498
DIAMONDS ACE DIAMONDS NINE,0.3466,0.0048,0.6486
HEARTS FOUR DIAMONDS NINE,0.6318,0.007,0.3612
HEARTS FIVE DIAMONDS NINE,0.628,0.0062,0.3658
HEARTS ACE CLUBS TWO,0.392,0.0042,0.6038
SPADES ACE CLUBS FOUR,0.3936,0.0058,0.6006
DIAMONDS NINE DIAMONDS QUEEN,0.5446,0.0062,0.4492
HEARTS TWO DIAMONDS NINE,0.6346,0.0072,0.3582
CLUBS TWO HEARTS KING,0.4864,0.3038,0.2098
SPADES KING CLUBS FOUR,0.4906,0.301,0.2084
DIAMONDS KING DIAMONDS NINE,0.2284,0.1516,0.62
HEARTS THREE DIAMONDS NINE,0.6336,0.0074,0.359
CLUBS TWO HEARTS QUEEN,0.6268,0.0076,0.3656
SPADES QUEEN CLUBS FOUR,0.6344,0.0074,0.3582
DIAMONDS NINE DIAMONDS JACK,0.5478,0.0084,0.4438
CLUBS EIGHT SPADES NINE,0.5902,0.005,0.4048
DIAMONDS TEN DIAMONDS NINE,0.5428,0.008,0.4492
CLUBS EIGHT SPADES EIGHT,0.3224,0.0126,0.665
CLUBS EIGHT SPADES SEVEN,0.6794,0.0352,0.2854
CLUBS EIGHT SPADES SIX,0.6182,0.0058,0.376
CLUBS EIGHT SPADES FIVE,0.6146,0.0062,0.3792
CLUBS EIGHT SPADES FOUR,0.6262,0.0072,0.3666
CLUBS EIGHT SPADES THREE,0.6458,0.0068,0.3474
CLUBS EIGHT SPADES TWO,0.6512,0.0068,0.342
HEARTS SIX DIAMONDS TEN,0.6102,0.0056,0.3842
HEARTS SEVEN DIAMONDS TEN,0.6964,0.0332,0.2704
DIAMONDS TEN HEARTS EIGHT,0.583,0.0064,0.4106
CLUBS FOUR CLUBS JACK,0.5912,0.0072,0.4016
DIAMONDS TEN HEARTS NINE,0.5558,0.007,0.4372
CLUBS TEN CLUBS FOUR,0.607,0.0064,0.3866
CLUBS FOUR CLUBS QUEEN,0.604,0.0082,0.3878
DIAMONDS TEN CLUBS TWO,0.6444,0.0098,0.3458
CLUBS THREE DIAMONDS TEN,0.6242,0.0068,0.369
CLUBS FOUR CLUBS ACE,0.3854,0.0046,0.61
DIAMONDS TEN DIAMONDS JACK,0.516,0.0056,0.4784
DIAMONDS TEN DIAMONDS QUEEN,0.5264,0.0056,0.468
HEARTS TWO DIAMONDS TEN,0.6332,0.0076,0.3592
DIAMONDS KING DIAMONDS TEN,0.2206,0.1112,0.6682
HEARTS THREE DIAMONDS TEN,0.6222,0.0066,0.3712
DIAMONDS ACE DIAMONDS TEN,0.3312,0.0038,0.665
HEARTS FOUR DIAMONDS TEN,0.628,0.0074,0.3646
CLUBS EIGHT HEARTS JACK,0.5774,0.0108,0.4118
HEARTS FIVE DIAMONDS TEN,0.6282,0.0068,0.365
CLUBS EIGHT HEARTS TEN,0.5728,0.0052,0.422
CLUBS EIGHT HEARTS QUEEN,0.5972,0.0074,0.3954
CLUBS EIGHT HEARTS KING,0.221,0.2262,0.5528
CLUBS EIGHT HEARTS ACE,0.362,0.004,0.634
CLUBS NINE SPADES THREE,0.627,0.0072,0.3658
CLUBS NINE SPADES TWO,0.643,0.0084,0.3486
CLUBS NINE SPADES FIVE,0.6242,0.0064,0.3694
CLUBS NINE SPADES FOUR,0.6352,0.0072,0.3576
CLUBS NINE SPADES SEVEN,0.6998,0.0296,0.2706
CLUBS NINE SPADES SIX,0.6176,0.007,0.3754
CLUBS NINE SPADES NINE,0.3114,0.0096,0.679
CLUBS TEN HEARTS EIGHT,0.5756,0.0078,0.4166
CLUBS NINE SPADES EIGHT,0.5764,0.0046,0.419
HEARTS EIGHT CLUBS JACK,0.5916,0.004,0.4044
CLUBS QUEEN HEARTS EIGHT,0.598,0.0064,0.3956
CLUBS ACE HEARTS EIGHT,0.3694,0.0038,0.6268
DIAMONDS ACE HEARTS TEN,0.3414,0.0046,0.654
HEARTS FOUR HEARTS TEN,0.5878,0.004,0.4082
DIAMONDS ACE HEARTS JACK,0.3504,0.0042,0.6454
HEARTS FOUR HEARTS JACK,0.5934,0.0076,0.399
SPADES KING CLUBS FIVE,0.4724,0.3042,0.2234
SPADES QUEEN CLUBS FIVE,0.627,0.008,0.365
SPADES ACE CLUBS FIVE,0.3934,0.004,0.6026
HEARTS SEVEN DIAMONDS JACK,0.7082,0.0368,0.255
HEARTS SIX DIAMONDS JACK,0.6206,0.0068,0.3726
DIAMONDS JACK HEARTS NINE,0.5558,0.0084,0.4358
DIAMONDS JACK HEARTS EIGHT,0.5804,0.0074,0.4122
DIAMONDS KING DIAMONDS JACK,0.2258,0.0846,0.6896
HEARTS THREE DIAMONDS JACK,0.6212,0.0064,0.3724
SPADES ACE SPADES SIX,0.3692,0.004,0.6268
HEARTS ACE SPADES FOUR,0.3886,0.0034,0.608
DIAMONDS QUEEN DIAMONDS JACK,0.531,0.0072,0.4618
HEARTS TWO DIAMONDS JACK,0.6504,0.0084,0.3412
HEARTS FIVE DIAMONDS JACK,0.6208,0.009,0.3702
SPADES QUEEN SPADES SIX,0.5804,0.0062,0.4134
SPADES FOUR HEARTS QUEEN,0.6342,0.008,0.3578
DIAMONDS ACE DIAMONDS JACK,0.3546,0.005,0.6404
HEARTS FOUR DIAMONDS JACK,0.6146,0.008,0.3774
SPADES KING SPADES SIX,0.45,0.2782,0.2718
SPADES FOUR HEARTS KING,0.4768,0.2862,0.237
SPADES TEN SPADES SIX,0.5806,0.0066,0.4128
SPADES JACK SPADES SIX,0.6062,0.0066,0.3872
SPADES FOUR DIAMONDS JACK,0.6282,0.0072,0.3646
SPADES FIVE DIAMONDS JACK,0.6266,0.0064,0.367
DIAMONDS JACK SPADES TWO,0.6266,0.0078,0.3656
SPADES THREE DIAMONDS JACK,0.6232,0.0106,0.3662
SPADES ACE DIAMONDS THREE,0.4116,0.0058,0.5826
SPADES QUEEN DIAMONDS THREE,0.631,0.0064,0.3626
CLUBS EIGHT DIAMONDS JACK,0.5798,0.0074,0.4128
SPADES KING DIAMONDS THREE,0.4632,0.2984,0.2384
CLUBS NINE DIAMONDS JACK,0.5822,0.006,0.4118
CLUBS SIX DIAMONDS JACK,0.6366,0.0068,0.3566
CLUBS SEVEN DIAMONDS JACK,0.7136,0.0338,0.2526
CLUBS FOUR DIAMONDS JACK,0.6328,0.007,0.3602
CLUBS FIVE DIAMONDS JACK,0.6246,0.0078,0.3676
CLUBS TWO DIAMONDS JACK,0.635,0.0072,0.3578
CLUBS THREE DIAMONDS JACK,0.6444,0.0092,0.3464
SPADES TEN CLUBS FIVE,0.6288,0.0108,0.3604
SPADES JACK HEARTS SIX,0.624,0.0034,0.3726
HEARTS SIX SPADES TEN,0.6358,0.0032,0.361
SPADES JACK CLUBS FIVE,0.6426,0.008,0.3494
SPADES JACK DIAMONDS THREE,0.624,0.0058,0.3702
CLUBS SEVEN CLUBS ACE,0.2114,0.0298,0.7588
DIAMONDS THREE SPADES TEN,0.6286,0.0086,0.3628
CLUBS SEVEN CLUBS QUEEN,0.7084,0.038,0.2536
SPADES NINE DIAMONDS JACK,0.5566,0.008,0.4354
CLUBS TEN CLUBS SEVEN,0.6746,0.0346,0.2908
DIAMONDS ACE HEARTS ACE,0.1234,0.0038,0.8728
HEARTS FOUR HEARTS ACE,0.3776,0.0042,0.6182
SPADES EIGHT DIAMONDS JACK,0.5764,0.0068,0.4168
SPADES ACE HEARTS SIX,0.3954,0.0038,0.6008
CLUBS SEVEN CLUBS JACK,0.6862,0.0376,0.2762
DIAMONDS ACE HEARTS KING,0.2318,0.0106,0.7576
HEARTS FOUR HEARTS KING,0.4404,0.2782,0.2814
SPADES SEVEN DIAMONDS JACK,0.7214,0.0382,0.2404
SPADES KING HEARTS SIX,0.485,0.2932,0.2218
DIAMONDS ACE HEARTS QUEEN,0.351,0.0046,0.6444
HEARTS FOUR HEARTS QUEEN,0.5972,0.0072,0.3956
SPADES QUEEN HEARTS SIX,0.6234,0.0078,0.3688
SPADES SIX DIAMONDS JACK,0.6358,0.0072,0.357
DIAMONDS TEN SPADES TWO,0.6318,0.0094,0.3588
DIAMONDS TEN SPADES THREE,0.6182,0.0076,0.3742
DIAMONDS TEN SPADES FOUR,0.6236,0.0066,0.3698
DIAMONDS TEN SPADES FIVE,0.6352,0.0046,0.3602
SPADES SIX DIAMONDS TEN,0.624,0.0062,0.3698
SPADES SEVEN DIAMONDS TEN,0.7036,0.032,0.2644
SPADES EIGHT DIAMONDS TEN,0.5804,0.007,0.4126
SPADES NINE DIAMONDS TEN,0.5574,0.0062,0.4364
CLUBS FOUR DIAMONDS TEN,0.6386,0.0066,0.3548
CLUBS FIVE DIAMONDS TEN,0.6384,0.007,0.3546
CLUBS SIX DIAMONDS TEN,0.6218,0.0094,0.3688
CLUBS SEVEN DIAMONDS TEN,0.7066,0.0336,0.2598
CLUBS EIGHT DIAMONDS TEN,0.5646,0.0088,0.4266
CLUBS NINE DIAMONDS TEN,0.5518,0.0072,0.441
DIAMONDS THREE CLUBS JACK,0.6394,0.0078,0.3528
CLUBS TEN DIAMONDS THREE,0.6384,0.0082,0.3534
DIAMONDS THREE CLUBS QUEEN,0.634,0.0074,0.3586
DIAMONDS THREE CLUBS ACE,0.3976,0.004,0.5984
SPADES FOUR HEARTS JACK,0.6272,0.0076,0.3652
SPADES FOUR HEARTS TEN,0.6248,0.0056,0.3696
SPADES FIVE SPADES TWO,0.5988,0.007,0.3942
SPADES FOUR SPADES TWO,0.6036,0.0076,0.3888
SPADES THREE SPADES TWO,0.6008,0.0078,0.3914
SPADES NINE SPADES TWO,0.602,0.0072,0.3908
SPADES EIGHT SPADES TWO,0.5852,0.0088,0.406
SPADES SEVEN SPADES TWO,0.687,0.0422,0.2708
SPADES SIX SPADES TWO,0.6304,0.0052,0.3644
CLUBS THREE DIAMONDS QUEEN,0.6312,0.0088,0.36
CLUBS THREE HEARTS TWO,0.6516,0.0066,0.3418
CLUBS TWO DIAMONDS QUEEN,0.6268,0.0058,0.3674
HEARTS TWO CLUBS TWO,0.462,0.0146,0.5234
HEARTS SEVEN DIAMONDS QUEEN,0.7302,0.034,0.2358
HEARTS SEVEN HEARTS TWO,0.6858,0.0414,0.2728
HEARTS SIX DIAMONDS QUEEN,0.6238,0.009,0.3672
HEARTS SIX HEARTS TWO,0.615,0.0088,0.3762
DIAMONDS QUEEN HEARTS NINE,0.5688,0.006,0.4252
HEARTS TWO HEARTS NINE,0.5882,0.008,0.4038
DIAMONDS QUEEN HEARTS EIGHT,0.5914,0.0078,0.4008
HEARTS TWO HEARTS EIGHT,0.6042,0.0082,0.3876
CLUBS NINE HEARTS TWO,0.642,0.0082,0.3498
CLUBS NINE DIAMONDS QUEEN,0.5724,0.0082,0.4194
CLUBS EIGHT HEARTS TWO,0.6496,0.0096,0.3408
CLUBS EIGHT DIAMONDS QUEEN,0.5892,0.0072,0.4036
CLUBS FIVE DIAMONDS QUEEN,0.6216,0.009,0.3694
CLUBS FIVE HEARTS TWO,0.6444,0.0076,0.348
SPADES EIGHT HEARTS ACE,0.3566,0.0026,0.6408
CLUBS FOUR DIAMONDS QUEEN,0.616,0.0104,0.3736
CLUBS FOUR HEARTS TWO,0.6436,0.0078,0.3486
CLUBS SEVEN DIAMONDS QUEEN,0.7396,0.036,0.2244
CLUBS SEVEN HEARTS TWO,0.7462,0.0382,0.2156
SPADES EIGHT HEARTS QUEEN,0.5936,0.0054,0.401
CLUBS SIX DIAMONDS QUEEN,0.6408,0.0076,0.3516
CLUBS SIX HEARTS TWO,0.6788,0.0094,0.3118
SPADES EIGHT HEARTS KING,0.2362,0.228,0.5358
HEARTS TWO SPADES SIX,0.6544,0.0046,0.341
SPADES SIX DIAMONDS QUEEN,0.626,0.0082,0.3658
HEARTS FOUR CLUBS QUEEN,0.6374,0.0088,0.3538
DIAMONDS ACE CLUBS QUEEN,0.3592,0.0052,0.6356
SPADES SEVEN DIAMONDS QUEEN,0.7108,0.0368,0.2524
SPADES SEVEN HEARTS TWO,0.7358,0.0418,0.2224
SPADES EIGHT DIAMONDS QUEEN,0.5768,0.0068,0.4164
SPADES EIGHT HEARTS TWO,0.635,0.0084,0.3566
HEARTS FOUR CLUBS ACE,0.3872,0.0046,0.6082
DIAMONDS ACE CLUBS ACE,0.1124,0.0042,0.8834
SPADES NINE DIAMONDS QUEEN,0.5734,0.008,0.4186
SPADES NINE HEARTS TWO,0.641,0.0056,0.3534
HEARTS TWO SPADES TWO,0.4494,0.0168,0.5338
DIAMONDS QUEEN SPADES TWO,0.6228,0.0064,0.3708
HEARTS TWO SPADES THREE,0.6446,0.009,0.3464
DIAMONDS QUEEN SPADES THREE,0.6274,0.0066,0.366
HEARTS TWO SPADES FOUR,0.6566,0.0058,0.3376
SPADES FOUR DIAMONDS QUEEN,0.6376,0.0076,0.3548
CLUBS TEN HEARTS FOUR,0.6546,0.008,0.3374
CLUBS TEN DIAMONDS ACE,0.352,0.0056,0.6424
HEARTS TWO SPADES FIVE,0.6498,0.0096,0.3406
SPADES FIVE DIAMONDS QUEEN,0.6194,0.008,0.3726
HEARTS FOUR CLUBS JACK,0.6142,0.0074,0.3784
DIAMONDS ACE CLUBS JACK,0.3578,0.0046,0.6376
CLUBS FIVE CLUBS QUEEN,0.6062,0.0072,0.3866
CLUBS FIVE CLUBS ACE,0.3738,0.0052,0.621
CLUBS FIVE CLUBS JACK,0.5994,0.0084,0.3922
CLUBS TEN CLUBS FIVE,0.601,0.0074,0.3916
SPADES KING CLUBS JACK,0.2404,0.0874,0.6722
SPADES QUEEN CLUBS JACK,0.5552,0.0072,0.4376
SPADES ACE CLUBS JACK,0.365,0.0044,0.6306
SPADES SIX CLUBS QUEEN,0.6418,0.0068,0.3514
SPADES EIGHT HEARTS JACK,0.5864,0.0074,0.4062
SPADES SIX CLUBS ACE,0.3788,0.0044,0.6168
SPADES EIGHT HEARTS TEN,0.5718,0.004,0.4242
SPADES SIX CLUBS JACK,0.6346,0.0072,0.3582
CLUBS TEN SPADES SIX,0.624,0.0072,0.3688
SPADES TEN CLUBS JACK,0.552,0.0044,0.4436
SPADES JACK CLUBS JACK,0.2956,0.0068,0.6976
SPADES QUEEN CLUBS SEVEN,0.7272,0.032,0.2408
SPADES KING CLUBS SEVEN,0.0204,0.9704,0.0092
SPADES ACE CLUBS SEVEN,0.2408,0.0286,0.7306
SPADES SIX HEARTS TEN,0.6388,0.004,0.3572
SPADES SIX HEARTS JACK,0.632,0.0056,0.3624
SPADES SIX HEARTS ACE,0.4064,0.0034,0.5902
SPADES SIX HEARTS KING,0.472,0.2964,0.2316
SPADES SIX HEARTS QUEEN,0.6326,0.0062,0.3612
CLUBS SEVEN SPADES JACK,0.7112,0.0358,0.253
CLUBS SEVEN SPADES TEN,0.699,0.0382,0.2628
CLUBS TEN HEARTS SIX,0.6164,0.007,0.3766
HEARTS SIX CLUBS JACK,0.6384,0.0058,0.3558
CLUBS ACE CLUBS JACK,0.3332,0.0036,0.6632
HEARTS SIX CLUBS QUEEN,0.6284,0.0084,0.3632
HEARTS SIX CLUBS ACE,0.3942,0.0032,0.6026
CLUBS QUEEN CLUBS JACK,0.5272,0.0086,0.4642
DIAMONDS THREE HEARTS ACE,0.4028,0.0032,0.594
DIAMONDS THREE HEARTS QUEEN,0.6264,0.009,0.3646
DIAMONDS THREE HEARTS KING,0.4886,0.2972,0.2142
CLUBS FIVE HEARTS JACK,0.6258,0.01,0.3642
SPADES TEN DIAMONDS ACE,0.3406,0.0034,0.656
HEARTS FOUR SPADES TEN,0.6272,0.0052,0.3676
CLUBS FIVE HEARTS TEN,0.6324,0.008,0.3596
HEARTS FOUR SPADES JACK,0.6198,0.0078,0.3724
SPADES JACK DIAMONDS ACE,0.3446,0.0038,0.6516
SPADES ACE HEARTS FOUR,0.3878,0.0026,0.6096
SPADES ACE DIAMONDS ACE,0.1158,0.0036,0.8806
CLUBS FIVE HEARTS ACE,0.3966,0.004,0.5994
CLUBS FIVE HEARTS KING,0.4708,0.2978,0.2314
HEARTS FOUR SPADES QUEEN,0.6312,0.0056,0.3632
SPADES QUEEN DIAMONDS ACE,0.353,0.004,0.643
SPADES FOUR CLUBS JACK,0.6232,0.0078,0.369
CLUBS FIVE HEARTS QUEEN,0.6334,0.01,0.3566
SPADES KING DIAMONDS ACE,0.2326,0.0116,0.7558
SPADES KING HEARTS FOUR,0.4758,0.2938,0.2304
CLUBS TEN SPADES FOUR,0.6338,0.007,0.3592
DIAMONDS ACE DIAMONDS QUEEN,0.3334,0.0038,0.6628
DIAMONDS ACE HEARTS TWO,0.3868,0.005,0.6082
HEARTS FOUR DIAMONDS QUEEN,0.6242,0.0068,0.369
HEARTS FOUR HEARTS TWO,0.6108,0.0094,0.3798
DIAMONDS THREE HEARTS TEN,0.6312,0.0072,0.3616
HEARTS FIVE DIAMONDS QUEEN,0.6272,0.0068,0.366
HEARTS FIVE HEARTS TWO,0.5994,0.008,0.3926
DIAMONDS THREE HEARTS JACK,0.6332,0.0082,0.3586
SPADES FOUR CLUBS QUEEN,0.6298,0.0066,0.3636
HEARTS TWO DIAMONDS QUEEN,0.6408,0.0046,0.3546
DIAMONDS KING DIAMONDS QUEEN,0.2328,0.0654,0.7018
DIAMONDS KING HEARTS TWO,0.4672,0.3004,0.2324
HEARTS THREE DIAMONDS QUEEN,0.629,0.0074,0.3636
HEARTS THREE HEARTS TWO,0.602,0.0062,0.3918
SPADES FOUR CLUBS ACE,0.3802,0.0034,0.6164
HEARTS TWO CLUBS ACE,0.402,0.004,0.594
DIAMONDS QUEEN CLUBS ACE,0.3392,0.0036,0.6572
HEARTS TWO CLUBS QUEEN,0.651,0.0066,0.3424
DIAMONDS QUEEN CLUBS QUEEN,0.2758,0.0054,0.7188
SPADES EIGHT SPADES FIVE,0.5714,0.0072,0.4214
CLUBS TEN HEARTS TWO,0.6476,0.0094,0.343
CLUBS TEN DIAMONDS QUEEN,0.5584,0.0058,0.4358
SPADES NINE SPADES FIVE,0.5798,0.0086,0.4116
HEARTS TWO CLUBS JACK,0.6444,0.0076,0.348
DIAMONDS QUEEN CLUBS JACK,0.5658,0.0076,0.4266
SPADES SIX SPADES FIVE,0.5648,0.0074,0.4278
SPADES SEVEN SPADES FIVE,0.6424,0.0318,0.3258
DIAMONDS FIVE CLUBS QUEEN,0.6354,0.009,0.3556
SPADES EIGHT CLUBS ACE,0.3572,0.0022,0.6406
DIAMONDS FIVE CLUBS ACE,0.3748,0.0044,0.6208
SPADES EIGHT CLUBS QUEEN,0.593,0.0076,0.3994
SPADES EIGHT CLUBS JACK,0.5904,0.0066,0.403
CLUBS TEN SPADES EIGHT,0.5818,0.0072,0.411
CLUBS TEN DIAMONDS FIVE,0.6462,0.0096,0.3442
DIAMONDS FIVE CLUBS JACK,0.6288,0.0098,0.3614
DIAMONDS TEN HEARTS JACK,0.5446,0.0064,0.449
DIAMONDS TEN HEARTS TEN,0.3006,0.0072,0.6922
SPADES ACE CLUBS NINE,0.374,0.0048,0.6212
CLUBS NINE SPADES QUEEN,0.5898,0.005,0.4052
CLUBS NINE SPADES KING,0.2326,0.1736,0.5938
HEARTS SIX HEARTS KING,0.4454,0.2694,0.2852
DIAMONDS KING SPADES SEVEN,0.0108,0.9674,0.0218
HEARTS THREE SPADES SEVEN,0.7126,0.0388,0.2486
HEARTS SIX HEARTS QUEEN,0.585,0.007,0.408
HEARTS THREE SPADES SIX,0.6446,0.006,0.3494
DIAMONDS KING SPADES SIX,0.464,0.3062,0.2298
SPADES NINE DIAMONDS KING,0.2256,0.16,0.6144
SPADES NINE HEARTS THREE,0.6292,0.0072,0.3636
HEARTS SIX HEARTS ACE,0.3694,0.0034,0.6272
DIAMONDS KING SPADES EIGHT,0.2286,0.2334,0.538
SPADES EIGHT HEARTS THREE,0.6474,0.0068,0.3458
CLUBS NINE HEARTS THREE,0.639,0.0084,0.3526
CLUBS NINE DIAMONDS KING,0.2248,0.1734,0.6018
CLUBS EIGHT HEARTS THREE,0.6394,0.0058,0.3548
CLUBS EIGHT DIAMONDS KING,0.2232,0.2354,0.5414
HEARTS THREE SPADES THREE,0.458,0.014,0.528
DIAMONDS KING SPADES THREE,0.4618,0.3114,0.2268
HEARTS THREE SPADES TWO,0.638,0.0088,0.3532
DIAMONDS KING SPADES TWO,0.469,0.3044,0.2266
HEARTS THREE SPADES FIVE,0.628,0.0096,0.3624
DIAMONDS KING SPADES FIVE,0.4712,0.2986,0.2302
HEARTS THREE SPADES FOUR,0.632,0.0062,0.3618
DIAMONDS KING SPADES FOUR,0.4824,0.2858,0.2318
DIAMONDS KING CLUBS TWO,0.4724,0.3082,0.2194
HEARTS THREE CLUBS TWO,0.6472,0.01,0.3428
DIAMONDS KING CLUBS THREE,0.4756,0.3052,0.2192
CLUBS THREE HEARTS THREE,0.4576,0.0144,0.528
DIAMONDS KING CLUBS FOUR,0.473,0.309,0.218
