opposingHand,winningChance,drawChance,lostChance
DIAMONDS FIVE HEARTS FIVE
SPADES ACE SPADES THREE,0.6024,0.0038,0.3938
HEARTS SEVEN DIAMONDS JACK,0.5248,0.04,0.4352
DIAMONDS TWO CLUBS SEVEN,0.6504,0.116,0.2336
DIAMONDS QUEEN HEARTS JACK,0.5014,0.0158,0.4828
SPADES TEN CLUBS KING,0.527,0.0098,0.4632
SPADES ACE DIAMONDS JACK,0.5122,0.0034,0.4844
DIAMONDS THREE HEARTS SEVEN,0.6502,0.112,0.2378
SPADES KING DIAMONDS TEN,0.5078,0.0082,0.484
CLUBS TEN SPADES THREE,0.6418,0.0664,0.2918
DIAMONDS JACK HEARTS KING,0.5174,0.0084,0.4742
SPADES QUEEN SPADES SIX,0.5262,0.0248,0.449
SPADES FIVE SPADES FOUR,0.7142,0.122,0.1638
SPADES FIVE SPADES THREE,0.7276,0.1256,0.1468
HEARTS SEVEN SPADES JACK,0.5322,0.037,0.4308
HEARTS SIX CLUBS SIX,0.1798,0.2346,0.5856
CLUBS TEN CLUBS KING,0.4918,0.009,0.4992
SPADES NINE HEARTS TEN,0.4982,0.0424,0.4594
DIAMONDS TEN DIAMONDS NINE,0.4756,0.0434,0.481
DIAMONDS TWO CLUBS SIX,0.6496,0.133,0.2174
SPADES JACK DIAMONDS FOUR,0.6498,0.0518,0.2984
SPADES QUEEN HEARTS JACK,0.5214,0.0132,0.4654
CLUBS TEN SPADES SEVEN,0.5332,0.0454,0.4214
CLUBS SEVEN DIAMONDS NINE,0.5274,0.0638,0.4088
CLUBS NINE CLUBS ACE,0.5034,0.0036,0.493
CLUBS FOUR SPADES TWO,0.737,0.1494,0.1136
DIAMONDS KING SPADES FOUR,0.652,0.017,0.331
DIAMONDS THREE DIAMONDS EIGHT,0.6186,0.0916,0.2898
CLUBS FIVE SPADES FOUR,0.7486,0.1358,0.1156
HEARTS FOUR HEARTS TWO,0.7128,0.1442,0.143
DIAMONDS NINE CLUBS ACE,0.5328,0.0038,0.4634
SPADES JACK DIAMONDS JACK,0.2034,0.0942,0.7024
HEARTS EIGHT SPADES NINE,0.508,0.0648,0.4272
SPADES ACE CLUBS TWO,0.6416,0.0054,0.353
DIAMONDS JACK HEARTS QUEEN,0.5088,0.0136,0.4776
CLUBS TEN DIAMONDS ACE,0.5136,0.0036,0.4828
DIAMONDS QUEEN DIAMONDS SIX,0.5144,0.0294,0.4562
DIAMONDS TEN DIAMONDS SEVEN,0.4862,0.0526,0.4612
CLUBS FIVE SPADES THREE,0.7596,0.1292,0.1112
CLUBS JACK DIAMONDS TEN,0.4914,0.0288,0.4798
CLUBS NINE SPADES JACK,0.5166,0.0316,0.4518
SPADES NINE CLUBS ACE,0.5398,0.006,0.4542
HEARTS SIX CLUBS EIGHT,0.52,0.0904,0.3896
HEARTS TWO DIAMONDS NINE,0.6458,0.0886,0.2656
SPADES JACK HEARTS FOUR,0.6414,0.0516,0.307
CLUBS EIGHT SPADES FOUR,0.6264,0.0994,0.2742
DIAMONDS THREE CLUBS EIGHT,0.6536,0.0972,0.2492
CLUBS SIX SPADES THREE,0.6384,0.1318,0.2298
CLUBS EIGHT SPADES TEN,0.516,0.0502,0.4338
SPADES SIX HEARTS NINE,0.5258,0.0834,0.3908
SPADES ACE SPADES TWO,0.606,0.0048,0.3892
CLUBS SEVEN CLUBS QUEEN,0.5182,0.0292,0.4526
HEARTS SEVEN DIAMONDS ACE,0.5372,0.0054,0.4574
HEARTS FOUR DIAMONDS ACE,0.6392,0.0058,0.355
DIAMONDS NINE HEARTS JACK,0.4942,0.03,0.4758
HEARTS ACE SPADES TWO,0.6392,0.005,0.3558
CLUBS FIVE HEARTS ACE,0.6436,0.0222,0.3342
SPADES QUEEN DIAMONDS QUEEN,0.1884,0.0614,0.7502
CLUBS TWO DIAMONDS NINE,0.6534,0.0764,0.2702
CLUBS SEVEN HEARTS JACK,0.533,0.0408,0.4262
DIAMONDS KING HEARTS ACE,0.5204,0.0046,0.475
CLUBS TEN SPADES FOUR,0.6306,0.0616,0.3078
CLUBS NINE SPADES NINE,0.2018,0.1528,0.6454
CLUBS JACK DIAMONDS FOUR,0.6398,0.0444,0.3158
HEARTS EIGHT HEARTS NINE,0.4862,0.0604,0.4534
DIAMONDS ACE DIAMONDS FOUR,0.611,0.0066,0.3824
HEARTS EIGHT CLUBS EIGHT,0.185,0.1818,0.6332
DIAMONDS QUEEN SPADES FIVE,0.6534,0.0374,0.3092
DIAMONDS TWO DIAMONDS ACE,0.6116,0.0066,0.3818
DIAMONDS TWO HEARTS TWO,0.5536,0.2816,0.1648
CLUBS SEVEN DIAMONDS KING,0.5514,0.0116,0.437
CLUBS SIX HEARTS JACK,0.5504,0.0418,0.4078
DIAMONDS ACE CLUBS TWO,0.6348,0.0062,0.359
DIAMONDS QUEEN SPADES FOUR,0.6454,0.0334,0.3212
HEARTS EIGHT CLUBS FIVE,0.6296,0.0816,0.2888
CLUBS SEVEN CLUBS SIX,0.47,0.0996,0.4304
HEARTS EIGHT DIAMONDS SEVEN,0.4908,0.0884,0.4208
HEARTS SEVEN HEARTS QUEEN,0.5318,0.0274,0.4408
DIAMONDS ACE DIAMONDS SIX,0.522,0.0068,0.4712
SPADES KING CLUBS THREE,0.646,0.0158,0.3382
DIAMONDS THREE SPADES NINE,0.638,0.083,0.279
HEARTS SIX HEARTS JACK,0.5,0.0422,0.4578
SPADES ACE SPADES QUEEN,0.4766,0.0034,0.52
SPADES FIVE DIAMONDS SIX,0.6136,0.1038,0.2826
SPADES EIGHT CLUBS THREE,0.643,0.1002,0.2568
CLUBS THREE DIAMONDS SEVEN,0.6464,0.1086,0.245
SPADES EIGHT SPADES TWO,0.62,0.0882,0.2918
CLUBS TWO CLUBS KING,0.605,0.0166,0.3784
SPADES NINE CLUBS FIVE,0.654,0.0644,0.2816
CLUBS SEVEN DIAMONDS ACE,0.5236,0.0048,0.4716
CLUBS TEN SPADES EIGHT,0.51,0.0486,0.4414
SPADES JACK CLUBS SEVEN,0.5386,0.0388,0.4226
CLUBS THREE DIAMONDS JACK,0.6274,0.0512,0.3214
DIAMONDS THREE SPADES JACK,0.6556,0.0486,0.2958
SPADES NINE DIAMONDS EIGHT,0.499,0.0654,0.4356
SPADES QUEEN SPADES THREE,0.6062,0.0308,0.363
HEARTS EIGHT DIAMONDS EIGHT,0.1828,0.1784,0.6388
CLUBS NINE DIAMONDS JACK,0.5144,0.028,0.4576
CLUBS SEVEN DIAMONDS QUEEN,0.5544,0.026,0.4196
HEARTS ACE DIAMONDS FOUR,0.6386,0.0056,0.3558
SPADES JACK HEARTS KING,0.5222,0.0064,0.4714
HEARTS THREE DIAMONDS ACE,0.634,0.005,0.361
CLUBS EIGHT SPADES EIGHT,0.1978,0.1726,0.6296
HEARTS SEVEN SPADES QUEEN,0.5504,0.0252,0.4244
CLUBS NINE HEARTS QUEEN,0.5152,0.0216,0.4632
CLUBS SIX SPADES FOUR,0.6338,0.129,0.2372
CLUBS ACE DIAMONDS SEVEN,0.5378,0.0044,0.4578
HEARTS FOUR DIAMONDS QUEEN,0.6418,0.033,0.3252
DIAMONDS THREE CLUBS KING,0.6292,0.0216,0.3492
CLUBS THREE SPADES FIVE,0.7586,0.1298,0.1116
HEARTS THREE DIAMONDS SIX,0.6472,0.1286,0.2242
SPADES EIGHT HEARTS JACK,0.525,0.0376,0.4374
CLUBS TWO SPADES FOUR,0.7286,0.1458,0.1256
SPADES ACE HEARTS JACK,0.52,0.0054,0.4746
SPADES TEN DIAMONDS QUEEN,0.4944,0.012,0.4936
CLUBS SEVEN CLUBS KING,0.5122,0.013,0.4748
HEARTS SIX SPADES FOUR,0.6336,0.127,0.2394
HEARTS THREE HEARTS TEN,0.6168,0.0566,0.3266
SPADES EIGHT DIAMONDS NINE,0.5146,0.059,0.4264
SPADES SEVEN SPADES FIVE,0.5972,0.0852,0.3176
HEARTS SIX HEARTS FOUR,0.611,0.1306,0.2584
HEARTS THREE DIAMONDS QUEEN,0.6564,0.0342,0.3094
HEARTS FOUR SPADES SIX,0.6354,0.1286,0.236
DIAMONDS QUEEN HEARTS ACE,0.5226,0.0034,0.474
HEARTS FOUR HEARTS KING,0.6164,0.0162,0.3674
HEARTS TEN CLUBS QUEEN,0.5178,0.0134,0.4688
CLUBS FIVE DIAMONDS ACE,0.6416,0.0248,0.3336
HEARTS TWO HEARTS QUEEN,0.6168,0.0276,0.3556
SPADES KING DIAMONDS ACE,0.5156,0.0036,0.4808
CLUBS NINE SPADES FIVE,0.65,0.0638,0.2862
HEARTS THREE SPADES SEVEN,0.6484,0.1194,0.2322
CLUBS TWO HEARTS TEN,0.644,0.0638,0.2922
SPADES KING DIAMONDS KING,0.1912,0.0348,0.774
CLUBS NINE HEARTS SIX,0.5306,0.078,0.3914
HEARTS EIGHT HEARTS TWO,0.624,0.0928,0.2832
SPADES THREE HEARTS NINE,0.63,0.0854,0.2846
DIAMONDS TEN CLUBS KING,0.5164,0.0084,0.4752
SPADES QUEEN CLUBS THREE,0.638,0.0294,0.3326
SPADES NINE CLUBS FOUR,0.6414,0.0824,0.2762
HEARTS EIGHT CLUBS KING,0.5402,0.013,0.4468
HEARTS SIX SPADES FIVE,0.6018,0.1118,0.2864
HEARTS FOUR HEARTS TEN,0.6038,0.0652,0.331
SPADES TEN SPADES THREE,0.616,0.0594,0.3246
DIAMONDS ACE DIAMONDS QUEEN,0.4978,0.005,0.4972
DIAMONDS JACK CLUBS KING,0.5164,0.0084,0.4752
CLUBS FOUR DIAMONDS QUEEN,0.637,0.03,0.333
HEARTS FOUR HEARTS QUEEN,0.6158,0.0314,0.3528
SPADES QUEEN DIAMONDS KING,0.5096,0.0064,0.484
HEARTS QUEEN HEARTS NINE,0.494,0.0182,0.4878
HEARTS EIGHT DIAMONDS QUEEN,0.5302,0.0286,0.4412
HEARTS KING CLUBS ACE,0.5242,0.0056,0.4702
DIAMONDS THREE HEARTS FOUR,0.7438,0.1418,0.1144
CLUBS SEVEN HEARTS TWO,0.6554,0.1144,0.2302
CLUBS SEVEN DIAMONDS JACK,0.5388,0.039,0.4222
CLUBS FOUR DIAMONDS KING,0.638,0.0188,0.3432
SPADES JACK HEARTS THREE,0.6544,0.0472,0.2984
CLUBS THREE DIAMONDS NINE,0.6526,0.0838,0.2636
SPADES SIX CLUBS KING,0.5638,0.0142,0.422
SPADES FOUR HEARTS KING,0.6438,0.016,0.3402
CLUBS FIVE CLUBS KING,0.62,0.0298,0.3502
CLUBS SIX HEARTS ACE,0.546,0.004,0.45
HEARTS ACE CLUBS QUEEN,0.5172,0.0044,0.4784
SPADES SIX CLUBS QUEEN,0.5462,0.027,0.4268
SPADES ACE CLUBS FOUR,0.6342,0.0048,0.361
HEARTS THREE HEARTS KING,0.6206,0.021,0.3584
HEARTS FOUR HEARTS THREE,0.7108,0.141,0.1482
CLUBS NINE DIAMONDS ACE,0.5304,0.003,0.4666
CLUBS FOUR HEARTS JACK,0.6394,0.0416,0.319
SPADES KING DIAMONDS TWO,0.6516,0.0172,0.3312
HEARTS KING DIAMONDS SIX,0.537,0.017,0.446
CLUBS NINE SPADES EIGHT,0.5078,0.0598,0.4324
HEARTS JACK HEARTS TEN,0.4838,0.0248,0.4914
SPADES TEN SPADES SIX,0.5116,0.0562,0.4322
HEARTS TEN DIAMONDS SIX,0.5274,0.0614,0.4112
CLUBS THREE CLUBS KING,0.6344,0.0132,0.3524
DIAMONDS ACE DIAMONDS TEN,0.4938,0.0044,0.5018
CLUBS JACK CLUBS SIX,0.5056,0.0418,0.4526
SPADES KING CLUBS KING,0.196,0.0356,0.7684
HEARTS TWO SPADES THREE,0.739,0.1482,0.1128
CLUBS FIVE HEARTS JACK,0.662,0.0488,0.2892
HEARTS SIX DIAMONDS SEVEN,0.5074,0.1028,0.3898
DIAMONDS JACK DIAMONDS EIGHT,0.492,0.0386,0.4694
SPADES NINE DIAMONDS JACK,0.5056,0.028,0.4664
CLUBS EIGHT DIAMONDS SIX,0.5268,0.0918,0.3814
HEARTS JACK DIAMONDS SIX,0.5456,0.0428,0.4116
SPADES KING SPADES TEN,0.499,0.0078,0.4932
HEARTS FOUR SPADES FIVE,0.7514,0.123,0.1256
DIAMONDS KING CLUBS KING,0.1948,0.0308,0.7744
SPADES KING SPADES JACK,0.4874,0.008,0.5046
SPADES JACK CLUBS SIX,0.5574,0.0402,0.4024
SPADES THREE DIAMONDS FOUR,0.7294,0.1508,0.1198
CLUBS FIVE HEARTS KING,0.659,0.0328,0.3082
HEARTS FOUR DIAMONDS KING,0.6524,0.0146,0.333
HEARTS SIX HEARTS QUEEN,0.5236,0.0266,0.4498
SPADES EIGHT DIAMONDS FOUR,0.6524,0.0934,0.2542
HEARTS SEVEN CLUBS TWO,0.6468,0.1146,0.2386
SPADES EIGHT DIAMONDS JACK,0.5268,0.033,0.4402
CLUBS JACK SPADES THREE,0.6466,0.044,0.3094
CLUBS SEVEN SPADES THREE,0.6434,0.1076,0.249
SPADES QUEEN CLUBS EIGHT,0.5458,0.0216,0.4326
CLUBS JACK HEARTS KING,0.517,0.01,0.473
HEARTS THREE HEARTS QUEEN,0.6074,0.03,0.3626
SPADES TEN HEARTS THREE,0.6412,0.0648,0.294
CLUBS THREE CLUBS ACE,0.5886,0.0058,0.4056
HEARTS FOUR DIAMONDS NINE,0.6536,0.0758,0.2706
CLUBS FOUR DIAMONDS SIX,0.6328,0.1208,0.2464
HEARTS THREE DIAMONDS KING,0.641,0.0186,0.3404
CLUBS ACE HEARTS TEN,0.5186,0.004,0.4774
SPADES QUEEN SPADES FIVE,0.6128,0.0324,0.3548
DIAMONDS TWO DIAMONDS NINE,0.605,0.0844,0.3106
HEARTS SEVEN DIAMONDS NINE,0.5086,0.0746,0.4168
HEARTS THREE DIAMONDS FOUR,0.7456,0.156,0.0984
HEARTS JACK DIAMONDS FOUR,0.6508,0.0468,0.3024
HEARTS SEVEN DIAMONDS QUEEN,0.544,0.0242,0.4318
CLUBS FOUR HEARTS ACE,0.6272,0.007,0.3658
HEARTS TWO DIAMONDS TEN,0.6656,0.058,0.2764
CLUBS EIGHT CLUBS SIX,0.5008,0.0932,0.406
DIAMONDS THREE HEARTS THREE,0.5528,0.2894,0.1578
CLUBS JACK CLUBS QUEEN,0.479,0.0154,0.5056
HEARTS SEVEN CLUBS EIGHT,0.5206,0.0838,0.3956
HEARTS FOUR CLUBS THREE,0.727,0.1524,0.1206
HEARTS EIGHT HEARTS FOUR,0.618,0.0952,0.2868
SPADES SEVEN CLUBS THREE,0.651,0.1108,0.2382
DIAMONDS KING CLUBS TWO,0.6494,0.0182,0.3324
SPADES KING SPADES FOUR,0.606,0.0174,0.3766
CLUBS FIVE DIAMONDS EIGHT,0.6388,0.0786,0.2826
SPADES FOUR HEARTS TEN,0.6324,0.066,0.3016
CLUBS JACK CLUBS THREE,0.6094,0.0502,0.3404
HEARTS SIX CLUBS FOUR,0.6276,0.1318,0.2406
HEARTS QUEEN DIAMONDS FOUR,0.6332,0.035,0.3318
SPADES QUEEN HEARTS QUEEN,0.1894,0.0688,0.7418
HEARTS TWO DIAMONDS JACK,0.6406,0.0478,0.3116
HEARTS FOUR CLUBS FOUR,0.551,0.2836,0.1654
DIAMONDS THREE DIAMONDS ACE,0.6046,0.0052,0.3902
SPADES FIVE DIAMONDS EIGHT,0.6422,0.0804,0.2774
SPADES TWO DIAMONDS FOUR,0.7502,0.142,0.1078
SPADES QUEEN SPADES NINE,0.4938,0.0164,0.4898
CLUBS SIX DIAMONDS EIGHT,0.5172,0.0934,0.3894
DIAMONDS TWO HEARTS QUEEN,0.6436,0.0334,0.323
SPADES FOUR DIAMONDS SEVEN,0.6358,0.1106,0.2536
DIAMONDS ACE SPADES TWO,0.632,0.0062,0.3618
SPADES ACE HEARTS ACE,0.19,0.0042,0.8058
HEARTS SIX SPADES NINE,0.523,0.076,0.401
HEARTS JACK DIAMONDS SEVEN,0.5328,0.0402,0.427
HEARTS SIX DIAMONDS SIX,0.1738,0.2338,0.5924
DIAMONDS THREE CLUBS FIVE,0.773,0.136,0.091
DIAMONDS TWO DIAMONDS JACK,0.6212,0.0446,0.3342
DIAMONDS JACK SPADES THREE,0.6344,0.0452,0.3204
HEARTS KING CLUBS KING,0.1956,0.0308,0.7736
CLUBS QUEEN HEARTS NINE,0.5226,0.0206,0.4568
CLUBS FOUR CLUBS ACE,0.606,0.0054,0.3886
HEARTS TWO SPADES SEVEN,0.6576,0.1168,0.2256
HEARTS THREE HEARTS TWO,0.7048,0.1478,0.1474
CLUBS SIX DIAMONDS QUEEN,0.5476,0.03,0.4224
DIAMONDS TWO HEARTS THREE,0.7492,0.1578,0.093
CLUBS TWO HEARTS NINE,0.6446,0.0816,0.2738
DIAMONDS THREE SPADES KING,0.6404,0.02,0.3396
SPADES ACE HEARTS EIGHT,0.5238,0.0038,0.4724
DIAMONDS KING SPADES THREE,0.6538,0.0184,0.3278
DIAMONDS SEVEN DIAMONDS SIX,0.4942,0.102,0.4038
HEARTS FOUR CLUBS FIVE,0.734,0.139,0.127
HEARTS EIGHT HEARTS SEVEN,0.491,0.0878,0.4212
DIAMONDS TWO CLUBS KING,0.6568,0.0178,0.3254
DIAMONDS NINE HEARTS TEN,0.4916,0.0376,0.4708
DIAMONDS TWO DIAMONDS KING,0.6222,0.0176,0.3602
CLUBS EIGHT SPADES TWO,0.6526,0.0954,0.252
HEARTS KING HEARTS JACK,0.4844,0.0098,0.5058
CLUBS JACK CLUBS FIVE,0.6216,0.044,0.3344
CLUBS NINE CLUBS SEVEN,0.4904,0.0678,0.4418
HEARTS THREE SPADES FIVE,0.7622,0.1398,0.098
SPADES EIGHT CLUBS FIVE,0.635,0.0742,0.2908
HEARTS KING HEARTS QUEEN,0.4946,0.0078,0.4976
CLUBS TEN DIAMONDS SEVEN,0.5136,0.0514,0.435
HEARTS SIX DIAMONDS EIGHT,0.519,0.0868,0.3942
HEARTS SIX SPADES EIGHT,0.5144,0.0896,0.396
HEARTS EIGHT SPADES FIVE,0.6312,0.0808,0.288
CLUBS SIX HEARTS KING,0.5502,0.016,0.4338
SPADES KING CLUBS TEN,0.5026,0.0068,0.4906
SPADES NINE CLUBS KING,0.5292,0.0094,0.4614
HEARTS SEVEN HEARTS SIX,0.4956,0.1016,0.4028
SPADES QUEEN SPADES EIGHT,0.5042,0.0242,0.4716
CLUBS JACK DIAMONDS NINE,0.5192,0.0282,0.4526
DIAMONDS ACE HEARTS QUEEN,0.5132,0.0058,0.481
HEARTS ACE DIAMONDS SEVEN,0.545,0.0044,0.4506
DIAMONDS QUEEN DIAMONDS FOUR,0.622,0.0276,0.3504
SPADES ACE HEARTS NINE,0.5402,0.0032,0.4566
DIAMONDS TEN HEARTS TEN,0.1874,0.1226,0.69
SPADES THREE CLUBS ACE,0.6274,0.0032,0.3694
CLUBS TEN CLUBS SEVEN,0.4942,0.0516,0.4542
DIAMONDS TWO SPADES QUEEN,0.6524,0.031,0.3166
HEARTS SEVEN HEARTS THREE,0.6206,0.1096,0.2698
CLUBS TWO DIAMONDS TEN,0.64,0.0596,0.3004
CLUBS THREE HEARTS NINE,0.6302,0.0814,0.2884
HEARTS EIGHT HEARTS ACE,0.513,0.0046,0.4824
SPADES SIX DIAMONDS SEVEN,0.5162,0.1036,0.3802
CLUBS EIGHT DIAMONDS JACK,0.5184,0.0356,0.446
DIAMONDS QUEEN CLUBS QUEEN,0.195,0.0674,0.7376
HEARTS SEVEN HEARTS FOUR,0.6106,0.1132,0.2762
DIAMONDS KING DIAMONDS EIGHT,0.517,0.0124,0.4706
SPADES TEN CLUBS THREE,0.6342,0.0614,0.3044
CLUBS SEVEN HEARTS NINE,0.5208,0.0624,0.4168
CLUBS SIX DIAMONDS TEN,0.5324,0.0542,0.4134
SPADES EIGHT CLUBS ACE,0.5368,0.0018,0.4614
DIAMONDS ACE SPADES SIX,0.553,0.005,0.442
DIAMONDS ACE SPADES FOUR,0.6412,0.0062,0.3526
CLUBS FIVE DIAMONDS NINE,0.6588,0.0612,0.28
CLUBS EIGHT DIAMONDS KING,0.5464,0.0104,0.4432
DIAMONDS EIGHT CLUBS ACE,0.5364,0.0072,0.4564
SPADES QUEEN HEARTS THREE,0.6536,0.0312,0.3152
SPADES TEN DIAMONDS SIX,0.5376,0.0576,0.4048
SPADES ACE CLUBS JACK,0.5282,0.003,0.4688
CLUBS SEVEN HEARTS KING,0.5394,0.0144,0.4462
SPADES FOUR DIAMONDS FOUR,0.54,0.278,0.182
CLUBS TWO DIAMONDS FOUR,0.7482,0.142,0.1098
CLUBS FIVE DIAMONDS JACK,0.655,0.0482,0.2968
DIAMONDS QUEEN DIAMONDS EIGHT,0.5074,0.024,0.4686
CLUBS SIX DIAMONDS NINE,0.5214,0.0742,0.4044
HEARTS TWO CLUBS QUEEN,0.651,0.031,0.318
HEARTS TWO CLUBS ACE,0.6406,0.0064,0.353
CLUBS FIVE SPADES SEVEN,0.6208,0.0952,0.284
SPADES QUEEN HEARTS ACE,0.527,0.0032,0.4698
DIAMONDS SIX CLUBS QUEEN,0.5416,0.0308,0.4276
HEARTS EIGHT SPADES SEVEN,0.5122,0.0808,0.407
CLUBS TEN DIAMONDS KING,0.5228,0.0092,0.468
SPADES KING DIAMONDS FOUR,0.6522,0.0174,0.3304
HEARTS THREE DIAMONDS JACK,0.6392,0.0508,0.31
CLUBS SIX CLUBS THREE,0.604,0.1212,0.2748
CLUBS SEVEN SPADES SIX,0.5228,0.107,0.3702
HEARTS THREE SPADES EIGHT,0.658,0.092,0.25
SPADES EIGHT DIAMONDS ACE,0.5396,0.0054,0.455
DIAMONDS THREE DIAMONDS SEVEN,0.6078,0.1122,0.28
SPADES SIX DIAMONDS SIX,0.1706,0.2486,0.5808
SPADES TEN SPADES SEVEN,0.486,0.0512,0.4628
SPADES KING CLUBS TWO,0.6474,0.017,0.3356
HEARTS EIGHT CLUBS FOUR,0.6282,0.1004,0.2714
HEARTS SEVEN HEARTS KING,0.52,0.0152,0.4648
CLUBS JACK CLUBS SEVEN,0.5134,0.0338,0.4528
CLUBS THREE SPADES THREE,0.549,0.2688,0.1822
CLUBS JACK CLUBS NINE,0.4844,0.0284,0.4872
DIAMONDS KING SPADES SIX,0.5376,0.015,0.4474
HEARTS SEVEN DIAMONDS TEN,0.5168,0.0528,0.4304
DIAMONDS TWO SPADES JACK,0.6528,0.047,0.3002
SPADES EIGHT DIAMONDS SEVEN,0.5244,0.075,0.4006
DIAMONDS THREE HEARTS JACK,0.6484,0.046,0.3056
HEARTS EIGHT SPADES SIX,0.5356,0.0828,0.3816
HEARTS KING DIAMONDS NINE,0.5282,0.0116,0.4602
CLUBS FIVE DIAMONDS SIX,0.6246,0.1016,0.2738
SPADES TEN CLUBS ACE,0.5238,0.0038,0.4724
DIAMONDS THREE DIAMONDS KING,0.617,0.0162,0.3668
CLUBS TEN CLUBS QUEEN,0.48,0.0186,0.5014
HEARTS TWO DIAMONDS EIGHT,0.6628,0.0922,0.245
CLUBS FOUR SPADES FOUR,0.5316,0.271,0.1974
CLUBS NINE DIAMONDS QUEEN,0.521,0.0222,0.4568
HEARTS SEVEN HEARTS NINE,0.4754,0.0726,0.452
CLUBS SIX SPADES SIX,0.1844,0.237,0.5786
HEARTS ACE HEARTS JACK,0.4964,0.0048,0.4988
SPADES QUEEN HEARTS TEN,0.5142,0.0174,0.4684
SPADES SIX DIAMONDS JACK,0.5606,0.0436,0.3958
CLUBS ACE HEARTS NINE,0.5334,0.0054,0.4612
CLUBS SIX CLUBS KING,0.5194,0.013,0.4676
HEARTS QUEEN DIAMONDS SIX,0.5426,0.0274,0.43
CLUBS THREE HEARTS ACE,0.642,0.0048,0.3532
CLUBS FOUR CLUBS TWO,0.7054,0.141,0.1536
SPADES TEN CLUBS SIX,0.5334,0.0616,0.405
SPADES KING DIAMONDS QUEEN,0.5194,0.0062,0.4744
SPADES QUEEN DIAMONDS FOUR,0.6524,0.0316,0.316
SPADES FIVE HEARTS NINE,0.6446,0.0722,0.2832
HEARTS KING CLUBS QUEEN,0.5088,0.008,0.4832
DIAMONDS NINE DIAMONDS FOUR,0.6168,0.0812,0.302
HEARTS THREE CLUBS FOUR,0.735,0.145,0.12
CLUBS TEN HEARTS SEVEN,0.5136,0.0532,0.4332
SPADES FIVE CLUBS KING,0.665,0.0302,0.3048
DIAMONDS TEN DIAMONDS FOUR,0.6022,0.0634,0.3344
SPADES SIX CLUBS ACE,0.5506,0.0042,0.4452
HEARTS EIGHT CLUBS TEN,0.5022,0.0494,0.4484
DIAMONDS JACK HEARTS TEN,0.4896,0.0282,0.4822
DIAMONDS TEN DIAMONDS SIX,0.5122,0.0528,0.435
CLUBS TEN CLUBS FIVE,0.624,0.0526,0.3234
SPADES SEVEN SPADES SIX,0.4918,0.102,0.4062
SPADES THREE HEARTS QUEEN,0.6548,0.0348,0.3104
DIAMONDS TWO DIAMONDS EIGHT,0.6296,0.0936,0.2768
CLUBS JACK HEARTS NINE,0.5134,0.0298,0.4568
CLUBS TEN SPADES TEN,0.1966,0.1296,0.6738
CLUBS NINE HEARTS TEN,0.4776,0.0492,0.4732
SPADES ACE CLUBS FIVE,0.6332,0.0244,0.3424
HEARTS FOUR SPADES NINE,0.6522,0.0838,0.264
CLUBS FIVE HEARTS NINE,0.653,0.0646,0.2824
DIAMONDS JACK DIAMONDS NINE,0.5014,0.0258,0.4728
SPADES NINE CLUBS QUEEN,0.521,0.0188,0.4602
CLUBS TEN SPADES JACK,0.5016,0.026,0.4724
SPADES ACE SPADES JACK,0.4948,0.0044,0.5008
SPADES KING SPADES THREE,0.6114,0.0166,0.372
DIAMONDS TWO CLUBS QUEEN,0.6436,0.0348,0.3216
DIAMONDS THREE DIAMONDS FOUR,0.7072,0.1436,0.1492
DIAMONDS TWO CLUBS EIGHT,0.6626,0.0998,0.2376
SPADES NINE HEARTS KING,0.5354,0.0122,0.4524
CLUBS NINE DIAMONDS EIGHT,0.5038,0.0606,0.4356
DIAMONDS THREE CLUBS TEN,0.6464,0.061,0.2926
CLUBS EIGHT CLUBS FOUR,0.597,0.0958,0.3072
CLUBS NINE HEARTS THREE,0.6502,0.0766,0.2732
SPADES KING HEARTS QUEEN,0.52,0.0046,0.4754
SPADES KING DIAMONDS SEVEN,0.5522,0.0138,0.434
CLUBS JACK HEARTS QUEEN,0.5148,0.013,0.4722
HEARTS SEVEN SPADES FOUR,0.6362,0.1254,0.2384
DIAMONDS TWO DIAMONDS QUEEN,0.6154,0.032,0.3526
CLUBS SIX SPADES FIVE,0.6254,0.098,0.2766
CLUBS FOUR HEARTS KING,0.6396,0.0156,0.3448
CLUBS SEVEN CLUBS FIVE,0.5728,0.0884,0.3388
CLUBS TEN DIAMONDS EIGHT,0.4942,0.0478,0.458
SPADES ACE DIAMONDS SEVEN,0.5354,0.0072,0.4574
SPADES TEN SPADES FIVE,0.6216,0.0566,0.3218
DIAMONDS TWO CLUBS TWO,0.5454,0.2816,0.173
SPADES SEVEN DIAMONDS FOUR,0.6364,0.111,0.2526
SPADES JACK DIAMONDS SIX,0.5526,0.0454,0.402
HEARTS THREE CLUBS TWO,0.7358,0.149,0.1152
SPADES ACE SPADES SEVEN,0.513,0.0042,0.4828
DIAMONDS QUEEN DIAMONDS TEN,0.4882,0.0174,0.4944
SPADES NINE DIAMONDS ACE,0.5258,0.0046,0.4696
DIAMONDS ACE SPADES FIVE,0.6412,0.0276,0.3312
SPADES FOUR HEARTS QUEEN,0.6474,0.0314,0.3212
DIAMONDS KING DIAMONDS SEVEN,0.5228,0.0144,0.4628
SPADES KING SPADES EIGHT,0.5152,0.0144,0.4704
SPADES NINE DIAMONDS SEVEN,0.5056,0.0672,0.4272
SPADES EIGHT SPADES FOUR,0.6104,0.0916,0.298
CLUBS JACK DIAMONDS QUEEN,0.5062,0.0128,0.481
DIAMONDS KING HEARTS JACK,0.5178,0.009,0.4732
HEARTS EIGHT SPADES JACK,0.528,0.0298,0.4422
CLUBS JACK CLUBS TEN,0.469,0.0266,0.5044
CLUBS TEN CLUBS EIGHT,0.4824,0.0462,0.4714
CLUBS JACK DIAMONDS ACE,0.5056,0.004,0.4904
SPADES ACE SPADES FIVE,0.6048,0.0212,0.374
CLUBS EIGHT HEARTS NINE,0.4934,0.0618,0.4448
SPADES ACE SPADES KING,0.5032,0.0048,0.492
SPADES NINE SPADES THREE,0.606,0.0782,0.3158
HEARTS TWO DIAMONDS SEVEN,0.657,0.1182,0.2248
HEARTS SIX CLUBS TWO,0.6394,0.1304,0.2302
DIAMONDS TWO DIAMONDS FOUR,0.7086,0.151,0.1404
CLUBS JACK HEARTS JACK,0.1902,0.0936,0.7162
CLUBS SEVEN SPADES NINE,0.5186,0.067,0.4144
CLUBS NINE CLUBS THREE,0.606,0.0768,0.3172
CLUBS SEVEN CLUBS FOUR,0.6116,0.1054,0.283
SPADES THREE SPADES TWO,0.7028,0.1442,0.153
SPADES SEVEN HEARTS NINE,0.513,0.0702,0.4168
HEARTS QUEEN CLUBS ACE,0.5074,0.0042,0.4884
HEARTS SEVEN CLUBS FOUR,0.6344,0.1148,0.2508
HEARTS FOUR DIAMONDS EIGHT,0.6466,0.0984,0.255
DIAMONDS TWO DIAMONDS SIX,0.6176,0.127,0.2554
SPADES NINE SPADES FOUR,0.6064,0.0762,0.3174
CLUBS NINE DIAMONDS FOUR,0.6472,0.0872,0.2656
HEARTS EIGHT CLUBS NINE,0.5002,0.0614,0.4384
HEARTS THREE HEARTS JACK,0.6148,0.0384,0.3468
SPADES KING HEARTS TEN,0.507,0.012,0.481
CLUBS FIVE HEARTS QUEEN,0.665,0.0384,0.2966
SPADES JACK DIAMONDS EIGHT,0.5212,0.0368,0.442
SPADES ACE CLUBS THREE,0.6428,0.004,0.3532
DIAMONDS THREE SPADES THREE,0.5496,0.2776,0.1728
CLUBS SEVEN SPADES EIGHT,0.5198,0.0816,0.3986
SPADES SIX HEARTS ACE,0.5558,0.0036,0.4406
SPADES ACE HEARTS TEN,0.52,0.0048,0.4752
CLUBS NINE SPADES THREE,0.648,0.0766,0.2754
CLUBS SEVEN HEARTS QUEEN,0.5406,0.0296,0.4298
CLUBS EIGHT HEARTS TEN,0.511,0.0558,0.4332
HEARTS THREE HEARTS NINE,0.6022,0.0788,0.319
SPADES ACE SPADES EIGHT,0.5112,0.0026,0.4862
SPADES ACE CLUBS ACE,0.1966,0.003,0.8004
CLUBS SEVEN HEARTS THREE,0.6456,0.1094,0.245
SPADES KING DIAMONDS SIX,0.5472,0.0152,0.4376
DIAMONDS ACE CLUBS THREE,0.619,0.005,0.376
CLUBS THREE SPADES FOUR,0.7304,0.146,0.1236
SPADES KING DIAMONDS NINE,0.5206,0.0106,0.4688
DIAMONDS THREE DIAMONDS QUEEN,0.6124,0.0344,0.3532
SPADES NINE SPADES SEVEN,0.4886,0.0684,0.443
HEARTS SIX DIAMONDS KING,0.5312,0.0132,0.4556
CLUBS TEN HEARTS TWO,0.6426,0.0626,0.2948
HEARTS FOUR SPADES TWO,0.74,0.1474,0.1126
CLUBS FIVE DIAMONDS TEN,0.6568,0.0532,0.29
CLUBS THREE CLUBS TWO,0.707,0.139,0.154
HEARTS ACE CLUBS KING,0.5368,0.003,0.4602
DIAMONDS JACK HEARTS ACE,0.5038,0.0024,0.4938
HEARTS SIX CLUBS SEVEN,0.5154,0.1044,0.3802
HEARTS SIX HEARTS THREE,0.5952,0.1384,0.2664
SPADES THREE DIAMONDS SEVEN,0.645,0.1114,0.2436
HEARTS FOUR HEARTS ACE,0.6006,0.007,0.3924
CLUBS TEN HEARTS NINE,0.4964,0.0428,0.4608
SPADES JACK DIAMONDS SEVEN,0.5368,0.0404,0.4228
SPADES FOUR HEARTS ACE,0.6278,0.0062,0.366
CLUBS TEN CLUBS THREE,0.602,0.0622,0.3358
CLUBS SIX DIAMONDS SEVEN,0.5092,0.1066,0.3842
DIAMONDS NINE CLUBS QUEEN,0.5038,0.0212,0.475
DIAMONDS TWO SPADES FOUR,0.7484,0.146,0.1056
HEARTS THREE HEARTS ACE,0.6098,0.006,0.3842
HEARTS EIGHT DIAMONDS SIX,0.511,0.0946,0.3944
SPADES QUEEN CLUBS TWO,0.6508,0.029,0.3202
SPADES KING HEARTS KING,0.2022,0.029,0.7688
SPADES JACK HEARTS ACE,0.5172,0.0054,0.4774
HEARTS QUEEN CLUBS QUEEN,0.1928,0.0632,0.744
SPADES QUEEN SPADES FOUR,0.614,0.025,0.361
SPADES JACK HEARTS JACK,0.2006,0.0904,0.709
SPADES FIVE HEARTS QUEEN,0.6586,0.0328,0.3086
CLUBS ACE HEARTS JACK,0.5118,0.005,0.4832
DIAMONDS ACE DIAMONDS SEVEN,0.5228,0.0044,0.4728
SPADES KING HEARTS ACE,0.5368,0.004,0.4592
SPADES SEVEN SPADES FOUR,0.6108,0.1134,0.2758
CLUBS SIX HEARTS TEN,0.536,0.061,0.403
HEARTS SIX CLUBS THREE,0.6388,0.1326,0.2286
CLUBS NINE DIAMONDS KING,0.5248,0.0114,0.4638
SPADES FOUR DIAMONDS SIX,0.6332,0.1282,0.2386
DIAMONDS QUEEN DIAMONDS JACK,0.4804,0.012,0.5076
DIAMONDS KING SPADES FIVE,0.6568,0.035,0.3082
CLUBS FIVE CLUBS TWO,0.7398,0.1254,0.1348
HEARTS EIGHT SPADES THREE,0.6502,0.0968,0.253
SPADES TEN DIAMONDS EIGHT,0.507,0.0488,0.4442
CLUBS TEN HEARTS FOUR,0.6442,0.06,0.2958
HEARTS TWO CLUBS KING,0.6412,0.016,0.3428
SPADES QUEEN SPADES SEVEN,0.5102,0.0238,0.466
HEARTS SEVEN SPADES TWO,0.644,0.1204,0.2356
SPADES SEVEN DIAMONDS KING,0.5364,0.0154,0.4482
SPADES FIVE DIAMONDS SEVEN,0.622,0.1012,0.2768
DIAMONDS THREE DIAMONDS SIX,0.5894,0.1358,0.2748
DIAMONDS JACK DIAMONDS FOUR,0.6124,0.0446,0.343
HEARTS SIX CLUBS QUEEN,0.5456,0.0336,0.4208
SPADES EIGHT DIAMONDS QUEEN,0.5252,0.0242,0.4506
SPADES KING CLUBS SIX,0.5634,0.016,0.4206
HEARTS EIGHT SPADES EIGHT,0.1908,0.1852,0.624
HEARTS EIGHT HEARTS SIX,0.4976,0.0886,0.4138
SPADES JACK SPADES TEN,0.4742,0.0248,0.501
CLUBS FOUR DIAMONDS FOUR,0.5574,0.2716,0.171
SPADES TWO HEARTS QUEEN,0.6528,0.0294,0.3178
SPADES QUEEN CLUBS ACE,0.5324,0.0026,0.465
CLUBS JACK SPADES FIVE,0.6558,0.0484,0.2958
CLUBS SEVEN DIAMONDS FOUR,0.6464,0.1162,0.2374
SPADES FIVE CLUBS QUEEN,0.6668,0.0354,0.2978
CLUBS SIX DIAMONDS KING,0.5484,0.0156,0.436
DIAMONDS SEVEN DIAMONDS FOUR,0.6198,0.1086,0.2716
HEARTS TWO HEARTS ACE,0.6004,0.0052,0.3944
CLUBS TEN HEARTS JACK,0.5032,0.0252,0.4716
CLUBS JACK SPADES JACK,0.1938,0.0902,0.716
CLUBS FIVE CLUBS THREE,0.7264,0.1254,0.1482
CLUBS JACK SPADES SIX,0.5462,0.0432,0.4106
SPADES SEVEN HEARTS QUEEN,0.5446,0.0252,0.4302
CLUBS FIVE SPADES SIX,0.6146,0.093,0.2924
SPADES FOUR HEARTS NINE,0.6418,0.0824,0.2758
CLUBS TEN SPADES FIVE,0.6654,0.056,0.2786
SPADES TWO HEARTS JACK,0.6422,0.0486,0.3092
HEARTS NINE DIAMONDS FOUR,0.6422,0.0782,0.2796
HEARTS EIGHT DIAMONDS NINE,0.5048,0.0614,0.4338
CLUBS JACK DIAMONDS JACK,0.1906,0.0924,0.717
DIAMONDS TWO HEARTS ACE,0.6422,0.0054,0.3524
DIAMONDS KING CLUBS QUEEN,0.5204,0.0078,0.4718
CLUBS TEN SPADES NINE,0.4904,0.04,0.4696
DIAMONDS ACE CLUBS FOUR,0.63,0.0048,0.3652
CLUBS SIX DIAMONDS FOUR,0.6384,0.1338,0.2278
CLUBS SIX CLUBS FIVE,0.5734,0.0954,0.3312
HEARTS FOUR DIAMONDS TEN,0.6216,0.067,0.3114
SPADES NINE DIAMONDS TEN,0.4924,0.042,0.4656
SPADES SIX DIAMONDS TEN,0.5388,0.0512,0.41
DIAMONDS ACE HEARTS NINE,0.523,0.0072,0.4698
CLUBS THREE HEARTS QUEEN,0.6414,0.0356,0.323
CLUBS TWO HEARTS KING,0.6354,0.0172,0.3474
HEARTS FOUR HEARTS NINE,0.611,0.0768,0.3122
HEARTS FOUR CLUBS ACE,0.6318,0.0044,0.3638
SPADES TEN CLUBS SEVEN,0.518,0.0574,0.4246
DIAMONDS THREE SPADES EIGHT,0.6414,0.099,0.2596
DIAMONDS THREE HEARTS TWO,0.7478,0.156,0.0962
CLUBS FIVE CLUBS ACE,0.603,0.024,0.373
DIAMONDS THREE HEARTS TEN,0.6322,0.0664,0.3014
SPADES TEN DIAMONDS NINE,0.4874,0.048,0.4646
HEARTS THREE CLUBS ACE,0.6484,0.0056,0.346
DIAMONDS QUEEN HEARTS NINE,0.5132,0.0248,0.462
SPADES KING HEARTS JACK,0.5208,0.0064,0.4728
SPADES ACE HEARTS TWO,0.6472,0.008,0.3448
SPADES TWO HEARTS TEN,0.6472,0.0562,0.2966
CLUBS SEVEN HEARTS TEN,0.5104,0.0506,0.439
DIAMONDS THREE HEARTS ACE,0.6494,0.004,0.3466
HEARTS SIX HEARTS TEN,0.5092,0.053,0.4378
CLUBS THREE DIAMONDS EIGHT,0.6508,0.0948,0.2544
HEARTS EIGHT HEARTS TEN,0.493,0.0426,0.4644
SPADES NINE HEARTS NINE,0.1888,0.1474,0.6638
DIAMONDS KING HEARTS QUEEN,0.5254,0.0062,0.4684
CLUBS TWO HEARTS JACK,0.6382,0.0454,0.3164
SPADES TEN SPADES EIGHT,0.493,0.0446,0.4624
SPADES FIVE DIAMONDS JACK,0.677,0.0436,0.2794
CLUBS TEN SPADES TWO,0.6504,0.066,0.2836
HEARTS SEVEN DIAMONDS EIGHT,0.5146,0.084,0.4014
DIAMONDS JACK DIAMONDS SIX,0.5272,0.0424,0.4304
SPADES TEN DIAMONDS JACK,0.4952,0.0298,0.475
CLUBS JACK HEARTS TWO,0.643,0.0432,0.3138
SPADES QUEEN HEARTS NINE,0.52,0.0222,0.4578
DIAMONDS TWO SPADES SEVEN,0.6674,0.111,0.2216
CLUBS SIX CLUBS QUEEN,0.5112,0.0292,0.4596
HEARTS QUEEN HEARTS TEN,0.4882,0.017,0.4948
CLUBS EIGHT SPADES THREE,0.6412,0.1006,0.2582
HEARTS SEVEN CLUBS FIVE,0.6158,0.092,0.2922
DIAMONDS TEN SPADES THREE,0.6334,0.0686,0.298
HEARTS EIGHT CLUBS SIX,0.511,0.091,0.398
CLUBS NINE DIAMONDS SIX,0.5258,0.074,0.4002
HEARTS FOUR SPADES FOUR,0.5324,0.2872,0.1804
HEARTS EIGHT SPADES KING,0.536,0.0096,0.4544
SPADES SIX SPADES FIVE,0.5706,0.098,0.3314
HEARTS EIGHT DIAMONDS KING,0.5314,0.0136,0.455
SPADES NINE DIAMONDS KING,0.5252,0.0142,0.4606
SPADES ACE DIAMONDS TEN,0.5184,0.0034,0.4782
DIAMONDS QUEEN CLUBS KING,0.5086,0.0072,0.4842
CLUBS NINE DIAMONDS SEVEN,0.5302,0.0668,0.403
SPADES THREE DIAMONDS SIX,0.6438,0.1292,0.227
SPADES FIVE CLUBS TWO,0.7844,0.1316,0.084
DIAMONDS EIGHT CLUBS KING,0.535,0.011,0.454
SPADES JACK HEARTS NINE,0.518,0.0264,0.4556
SPADES TEN DIAMONDS FOUR,0.6338,0.0678,0.2984
DIAMONDS THREE SPADES FIVE,0.77,0.1338,0.0962
SPADES TWO DIAMONDS SIX,0.659,0.1246,0.2164
SPADES EIGHT HEARTS KING,0.5452,0.0134,0.4414
CLUBS FIVE HEARTS TEN,0.6574,0.0544,0.2882
DIAMONDS THREE HEARTS SIX,0.6538,0.127,0.2192
SPADES KING CLUBS FIVE,0.6732,0.0308,0.296
CLUBS TEN HEARTS ACE,0.5104,0.0044,0.4852
HEARTS SIX DIAMONDS NINE,0.533,0.0776,0.3894
SPADES QUEEN HEARTS KING,0.5198,0.0074,0.4728
DIAMONDS KING DIAMONDS FOUR,0.6082,0.0166,0.3752
SPADES KING CLUBS FOUR,0.6552,0.016,0.3288
CLUBS SEVEN CLUBS ACE,0.5026,0.0054,0.492
CLUBS EIGHT HEARTS KING,0.5502,0.0096,0.4402
SPADES EIGHT CLUBS TWO,0.6508,0.105,0.2442
CLUBS NINE CLUBS FOUR,0.6104,0.0722,0.3174
SPADES ACE DIAMONDS NINE,0.528,0.0046,0.4674
DIAMONDS SEVEN HEARTS NINE,0.515,0.0742,0.4108
HEARTS TWO HEARTS TEN,0.6056,0.063,0.3314
DIAMONDS TWO HEARTS NINE,0.6554,0.0752,0.2694
HEARTS SEVEN SPADES SIX,0.5092,0.1052,0.3856
HEARTS SEVEN CLUBS SIX,0.5148,0.1126,0.3726
DIAMONDS TWO CLUBS FOUR,0.7512,0.146,0.1028
SPADES SIX HEARTS JACK,0.5494,0.0404,0.4102
DIAMONDS THREE DIAMONDS JACK,0.608,0.0468,0.3452
SPADES NINE DIAMONDS QUEEN,0.525,0.0212,0.4538
SPADES TEN HEARTS TEN,0.191,0.1202,0.6888
DIAMONDS ACE DIAMONDS NINE,0.5086,0.0052,0.4862
HEARTS JACK CLUBS KING,0.517,0.006,0.477
SPADES TEN HEARTS QUEEN,0.5048,0.0142,0.481
CLUBS SIX CLUBS FOUR,0.6006,0.1308,0.2686
SPADES TEN CLUBS FIVE,0.6682,0.0508,0.281
HEARTS KING HEARTS TEN,0.482,0.0124,0.5056
SPADES SIX CLUBS TWO,0.6444,0.1316,0.224
HEARTS TWO SPADES EIGHT,0.652,0.0906,0.2574
CLUBS KING DIAMONDS SIX,0.552,0.0112,0.4368
SPADES QUEEN DIAMONDS JACK,0.5098,0.0126,0.4776
CLUBS KING HEARTS TEN,0.5138,0.0078,0.4784
CLUBS JACK HEARTS SEVEN,0.546,0.0402,0.4138
HEARTS EIGHT DIAMONDS FOUR,0.6528,0.094,0.2532
HEARTS SIX DIAMONDS FOUR,0.638,0.1334,0.2286
CLUBS JACK SPADES QUEEN,0.5172,0.0106,0.4722
SPADES TEN DIAMONDS ACE,0.518,0.0056,0.4764
CLUBS JACK CLUBS KING,0.5082,0.0068,0.485
SPADES SEVEN SPADES THREE,0.6122,0.1156,0.2722
DIAMONDS ACE DIAMONDS EIGHT,0.5138,0.0032,0.483
SPADES EIGHT HEARTS QUEEN,0.5286,0.0236,0.4478
CLUBS FOUR SPADES THREE,0.7194,0.1452,0.1354
CLUBS TEN SPADES SIX,0.5522,0.0552,0.3926
HEARTS KING SPADES TWO,0.6406,0.016,0.3434
CLUBS TWO DIAMONDS EIGHT,0.6382,0.1054,0.2564
DIAMONDS THREE CLUBS SEVEN,0.646,0.119,0.235
DIAMONDS NINE CLUBS KING,0.5312,0.0136,0.4552
HEARTS SEVEN SPADES FIVE,0.612,0.0922,0.2958
SPADES JACK CLUBS THREE,0.65,0.0408,0.3092
DIAMONDS EIGHT HEARTS JACK,0.525,0.032,0.443
HEARTS SEVEN DIAMONDS TWO,0.6672,0.1138,0.219
SPADES TWO HEARTS NINE,0.6426,0.0862,0.2712
CLUBS FOUR DIAMONDS NINE,0.6406,0.074,0.2854
SPADES NINE SPADES SIX,0.5084,0.074,0.4176
SPADES KING SPADES FIVE,0.6348,0.028,0.3372
CLUBS SEVEN DIAMONDS SIX,0.5228,0.1042,0.373
HEARTS SEVEN DIAMONDS SIX,0.5084,0.1088,0.3828
SPADES EIGHT HEARTS NINE,0.5162,0.0622,0.4216
DIAMONDS THREE CLUBS TWO,0.7374,0.15,0.1126
DIAMONDS THREE SPADES FOUR,0.734,0.1446,0.1214
SPADES TWO CLUBS KING,0.6464,0.0152,0.3384
DIAMONDS ACE CLUBS ACE,0.185,0.0032,0.8118
CLUBS JACK CLUBS TWO,0.6154,0.0428,0.3418
SPADES ACE SPADES TEN,0.4962,0.0032,0.5006
SPADES KING HEARTS NINE,0.5208,0.0112,0.468
SPADES NINE HEARTS JACK,0.5146,0.0256,0.4598
CLUBS FIVE CLUBS FOUR,0.7018,0.1262,0.172
HEARTS TWO SPADES TWO,0.5632,0.261,0.1758
HEARTS ACE SPADES THREE,0.6348,0.0056,0.3596
CLUBS QUEEN DIAMONDS FOUR,0.6344,0.0312,0.3344
CLUBS FOUR CLUBS THREE,0.7006,0.1382,0.1612
SPADES TEN SPADES NINE,0.4732,0.0434,0.4834
SPADES QUEEN DIAMONDS TEN,0.4994,0.0176,0.483
DIAMONDS ACE CLUBS KING,0.5274,0.0044,0.4682
CLUBS NINE HEARTS NINE,0.1958,0.1512,0.653
SPADES QUEEN SPADES JACK,0.488,0.0142,0.4978
CLUBS EIGHT CLUBS QUEEN,0.5182,0.0224,0.4594
SPADES THREE DIAMONDS NINE,0.645,0.0826,0.2724
SPADES FOUR DIAMONDS TEN,0.6412,0.0604,0.2984
SPADES ACE SPADES SIX,0.519,0.0036,0.4774
CLUBS FOUR DIAMONDS SEVEN,0.6374,0.1138,0.2488
SPADES ACE CLUBS KING,0.5424,0.004,0.4536
HEARTS THREE DIAMONDS NINE,0.6448,0.0864,0.2688
SPADES JACK CLUBS KING,0.5244,0.0088,0.4668
HEARTS JACK HEARTS NINE,0.4898,0.0312,0.479
CLUBS FOUR DIAMONDS TEN,0.6436,0.061,0.2954
SPADES ACE CLUBS SEVEN,0.5414,0.0042,0.4544
DIAMONDS TEN HEARTS NINE,0.498,0.0366,0.4654
SPADES ACE DIAMONDS SIX,0.5442,0.0048,0.451
DIAMONDS TWO SPADES FIVE,0.7858,0.1358,0.0784
SPADES KING HEARTS TWO,0.6528,0.0196,0.3276
CLUBS JACK SPADES NINE,0.5196,0.0278,0.4526
CLUBS NINE DIAMONDS NINE,0.197,0.1544,0.6486
HEARTS THREE SPADES NINE,0.647,0.0784,0.2746
CLUBS THREE DIAMONDS TEN,0.645,0.0628,0.2922
SPADES ACE HEARTS SIX,0.538,0.004,0.458
CLUBS FOUR DIAMONDS JACK,0.645,0.0442,0.3108
HEARTS EIGHT CLUBS THREE,0.6452,0.1024,0.2524
DIAMONDS THREE SPADES TEN,0.6458,0.0646,0.2896
DIAMONDS NINE DIAMONDS EIGHT,0.484,0.0578,0.4582
CLUBS TWO CLUBS QUEEN,0.6132,0.028,0.3588
DIAMONDS SIX HEARTS NINE,0.53,0.0732,0.3968
HEARTS THREE CLUBS QUEEN,0.6432,0.0318,0.325
DIAMONDS TEN DIAMONDS EIGHT,0.4778,0.0518,0.4704
SPADES KING HEARTS SEVEN,0.5318,0.0178,0.4504
HEARTS SIX SPADES SEVEN,0.5228,0.1032,0.374
SPADES JACK DIAMONDS ACE,0.5274,0.0024,0.4702
DIAMONDS EIGHT HEARTS NINE,0.5058,0.065,0.4292
HEARTS THREE SPADES TWO,0.7278,0.1574,0.1148
CLUBS EIGHT DIAMONDS NINE,0.4976,0.0668,0.4356
DIAMONDS THREE HEARTS NINE,0.6442,0.0776,0.2782
DIAMONDS THREE SPADES SEVEN,0.645,0.1182,0.2368
CLUBS TWO HEARTS ACE,0.6402,0.0076,0.3522
HEARTS EIGHT SPADES QUEEN,0.5364,0.0258,0.4378
CLUBS FOUR CLUBS QUEEN,0.6022,0.0318,0.366
DIAMONDS TWO CLUBS FIVE,0.791,0.1334,0.0756
SPADES ACE DIAMONDS EIGHT,0.5368,0.004,0.4592
HEARTS TWO HEARTS JACK,0.5996,0.0468,0.3536
SPADES QUEEN CLUBS QUEEN,0.1986,0.0612,0.7402
DIAMONDS ACE HEARTS KING,0.5314,0.0046,0.464
HEARTS FOUR CLUBS SIX,0.6298,0.1364,0.2338
HEARTS FOUR DIAMONDS SIX,0.6224,0.1424,0.2352
DIAMONDS TWO SPADES TWO,0.5486,0.275,0.1764
CLUBS THREE HEARTS KING,0.6298,0.0182,0.352
CLUBS JACK SPADES EIGHT,0.5258,0.0314,0.4428
SPADES FOUR CLUBS ACE,0.6226,0.0038,0.3736
SPADES SIX SPADES TWO,0.6168,0.1224,0.2608
HEARTS SEVEN DIAMONDS KING,0.5464,0.0142,0.4394
SPADES NINE SPADES TWO,0.6148,0.0754,0.3098
CLUBS FOUR SPADES FIVE,0.7564,0.1178,0.1258
CLUBS NINE CLUBS SIX,0.5074,0.0752,0.4174
HEARTS TEN HEARTS NINE,0.4724,0.044,0.4836
CLUBS TWO SPADES THREE,0.7374,0.143,0.1196
HEARTS SIX SPADES TEN,0.518,0.0586,0.4234
DIAMONDS TWO SPADES EIGHT,0.6554,0.0986,0.246
HEARTS SIX DIAMONDS QUEEN,0.5416,0.027,0.4314
DIAMONDS THREE CLUBS FOUR,0.7428,0.1502,0.107
CLUBS TEN HEARTS THREE,0.6346,0.0646,0.3008
HEARTS TWO DIAMONDS QUEEN,0.663,0.0332,0.3038
DIAMONDS TEN HEARTS JACK,0.4912,0.0292,0.4796
CLUBS FOUR DIAMONDS EIGHT,0.6364,0.103,0.2606
DIAMONDS TWO DIAMONDS SEVEN,0.6148,0.117,0.2682
CLUBS SIX DIAMONDS ACE,0.5442,0.0064,0.4494
HEARTS TWO SPADES SIX,0.6496,0.1296,0.2208
DIAMONDS THREE DIAMONDS TWO,0.71,0.1474,0.1426
SPADES TEN HEARTS TWO,0.64,0.0672,0.2928
HEARTS SEVEN CLUBS THREE,0.6566,0.1062,0.2372
HEARTS ACE DIAMONDS NINE,0.5348,0.0048,0.4604
DIAMONDS TWO CLUBS NINE,0.654,0.0776,0.2684
HEARTS SEVEN HEARTS TWO,0.6144,0.1144,0.2712
HEARTS TWO CLUBS TWO,0.5514,0.2826,0.166
SPADES FIVE DIAMONDS FOUR,0.7474,0.137,0.1156
CLUBS TEN CLUBS SIX,0.5164,0.0538,0.4298
SPADES TEN CLUBS TWO,0.6284,0.0668,0.3048
CLUBS THREE CLUBS QUEEN,0.618,0.0332,0.3488
DIAMONDS EIGHT CLUBS QUEEN,0.5198,0.0236,0.4566
CLUBS TWO DIAMONDS JACK,0.635,0.051,0.314
HEARTS EIGHT DIAMONDS JACK,0.515,0.0318,0.4532
HEARTS ACE HEARTS KING,0.5116,0.005,0.4834
HEARTS QUEEN HEARTS JACK,0.4778,0.0154,0.5068
SPADES FIVE SPADES TWO,0.7456,0.126,0.1284
CLUBS THREE DIAMONDS SIX,0.637,0.1278,0.2352
DIAMONDS JACK CLUBS ACE,0.5202,0.0026,0.4772
DIAMONDS THREE CLUBS QUEEN,0.651,0.0332,0.3158
CLUBS THREE HEARTS JACK,0.626,0.051,0.323
SPADES TWO DIAMONDS EIGHT,0.6512,0.0948,0.254
CLUBS TWO DIAMONDS SEVEN,0.6436,0.1132,0.2432
SPADES KING DIAMONDS JACK,0.5136,0.0076,0.4788
SPADES SIX DIAMONDS EIGHT,0.5264,0.0896,0.384
SPADES SEVEN CLUBS QUEEN,0.552,0.0278,0.4202
CLUBS THREE SPADES TWO,0.7436,0.1408,0.1156
HEARTS SIX HEARTS NINE,0.5008,0.0728,0.4264
CLUBS EIGHT SPADES SIX,0.5282,0.0898,0.382
DIAMONDS QUEEN SPADES THREE,0.6464,0.0318,0.3218
CLUBS SEVEN DIAMONDS TEN,0.5104,0.054,0.4356
DIAMONDS KING CLUBS THREE,0.6382,0.0182,0.3436
SPADES ACE CLUBS SIX,0.55,0.0032,0.4468
CLUBS EIGHT CLUBS SEVEN,0.4726,0.0836,0.4438
SPADES SEVEN HEARTS ACE,0.5432,0.005,0.4518
CLUBS JACK SPADES FOUR,0.6384,0.048,0.3136
HEARTS THREE SPADES THREE,0.5538,0.2772,0.169
CLUBS EIGHT DIAMONDS ACE,0.5276,0.004,0.4684
HEARTS ACE HEARTS TEN,0.4998,0.0052,0.495
SPADES ACE CLUBS QUEEN,0.535,0.0036,0.4614
SPADES FIVE HEARTS KING,0.6718,0.0288,0.2994
SPADES FOUR HEARTS JACK,0.6478,0.0476,0.3046
SPADES SIX HEARTS QUEEN,0.5588,0.029,0.4122
CLUBS JACK CLUBS FOUR,0.6054,0.0424,0.3522
CLUBS TEN DIAMONDS TWO,0.6546,0.0644,0.281
HEARTS SIX HEARTS KING,0.5264,0.0128,0.4608
DIAMONDS ACE HEARTS TEN,0.5128,0.0044,0.4828
SPADES QUEEN DIAMONDS ACE,0.5226,0.0062,0.4712
SPADES NINE CLUBS SIX,0.5352,0.0696,0.3952
CLUBS KING DIAMONDS FOUR,0.6416,0.0188,0.3396
HEARTS TEN DIAMONDS FOUR,0.6428,0.0594,0.2978
HEARTS EIGHT CLUBS ACE,0.5332,0.0056,0.4612
HEARTS SEVEN DIAMONDS SEVEN,0.181,0.2128,0.6062
SPADES FOUR DIAMONDS NINE,0.6454,0.079,0.2756
HEARTS FOUR CLUBS QUEEN,0.6566,0.0272,0.3162
CLUBS JACK DIAMONDS TWO,0.6462,0.0542,0.2996
CLUBS NINE HEARTS FOUR,0.6542,0.0792,0.2666
HEARTS TWO DIAMONDS KING,0.6448,0.0216,0.3336
SPADES KING DIAMONDS EIGHT,0.531,0.0122,0.4568
DIAMONDS JACK HEARTS NINE,0.497,0.0346,0.4684
HEARTS FOUR SPADES SEVEN,0.6378,0.1162,0.246
HEARTS SIX CLUBS ACE,0.5364,0.0052,0.4584
HEARTS FOUR DIAMONDS FOUR,0.5588,0.2698,0.1714
SPADES ACE HEARTS FOUR,0.6448,0.0044,0.3508
HEARTS SIX DIAMONDS ACE,0.537,0.005,0.458
DIAMONDS ACE CLUBS QUEEN,0.5146,0.0038,0.4816
DIAMONDS QUEEN DIAMONDS SEVEN,0.509,0.0244,0.4666
SPADES SIX DIAMONDS NINE,0.526,0.0782,0.3958
HEARTS THREE SPADES FOUR,0.751,0.1372,0.1118
HEARTS EIGHT CLUBS QUEEN,0.5386,0.0222,0.4392
SPADES NINE CLUBS TWO,0.6386,0.0816,0.2798
SPADES SEVEN DIAMONDS SEVEN,0.1742,0.221,0.6048
SPADES TEN SPADES FOUR,0.6124,0.0608,0.3268
CLUBS SIX CLUBS TWO,0.6176,0.1308,0.2516
CLUBS FIVE DIAMONDS QUEEN,0.6594,0.0422,0.2984
CLUBS EIGHT SPADES SEVEN,0.5132,0.0802,0.4066
CLUBS EIGHT CLUBS TWO,0.6092,0.0936,0.2972
CLUBS FOUR SPADES SIX,0.6396,0.13,0.2304
HEARTS TWO CLUBS THREE,0.7382,0.1536,0.1082
SPADES ACE SPADES FOUR,0.6,0.005,0.395
CLUBS JACK DIAMONDS EIGHT,0.522,0.0332,0.4448
DIAMONDS TEN CLUBS ACE,0.5264,0.0058,0.4678
HEARTS THREE CLUBS FIVE,0.767,0.1372,0.0958
SPADES THREE HEARTS JACK,0.6498,0.0502,0.3
SPADES FIVE HEARTS ACE,0.6454,0.027,0.3276
DIAMONDS THREE CLUBS ACE,0.6458,0.0072,0.347
CLUBS TEN DIAMONDS QUEEN,0.526,0.016,0.458
DIAMONDS TWO CLUBS ACE,0.6502,0.0058,0.344
DIAMONDS QUEEN HEARTS TEN,0.509,0.0148,0.4762
CLUBS EIGHT HEARTS FOUR,0.6542,0.0964,0.2494
DIAMONDS TEN SPADES TWO,0.6538,0.0584,0.2878
CLUBS NINE CLUBS EIGHT,0.4964,0.058,0.4456
HEARTS FOUR DIAMONDS SEVEN,0.642,0.1114,0.2466
HEARTS QUEEN CLUBS KING,0.5336,0.0044,0.462
SPADES SEVEN DIAMONDS JACK,0.5298,0.037,0.4332
CLUBS SEVEN SPADES FOUR,0.6394,0.1112,0.2494
SPADES THREE CLUBS QUEEN,0.6464,0.0316,0.322
SPADES SEVEN DIAMONDS TEN,0.5164,0.0536,0.43
HEARTS SIX CLUBS FIVE,0.6114,0.1046,0.284
CLUBS NINE HEARTS JACK,0.5082,0.0352,0.4566
DIAMONDS TWO HEARTS KING,0.651,0.0174,0.3316
DIAMONDS NINE HEARTS QUEEN,0.5196,0.022,0.4584
SPADES TWO CLUBS QUEEN,0.644,0.0328,0.3232
SPADES NINE SPADES FIVE,0.6124,0.0602,0.3274
SPADES QUEEN HEARTS TWO,0.6588,0.033,0.3082
DIAMONDS QUEEN HEARTS QUEEN,0.1934,0.069,0.7376
HEARTS SEVEN SPADES SEVEN,0.1782,0.2194,0.6024
CLUBS THREE HEARTS TEN,0.6474,0.0608,0.2918
SPADES NINE CLUBS THREE,0.653,0.0748,0.2722
CLUBS SEVEN DIAMONDS EIGHT,0.502,0.0828,0.4152
HEARTS FOUR CLUBS TWO,0.7274,0.1552,0.1174
SPADES SEVEN DIAMONDS QUEEN,0.5478,0.0236,0.4286
SPADES QUEEN DIAMONDS EIGHT,0.5434,0.0206,0.436
SPADES EIGHT DIAMONDS SIX,0.5218,0.0884,0.3898
SPADES ACE HEARTS KING,0.5208,0.004,0.4752
CLUBS TEN DIAMONDS SIX,0.5296,0.063,0.4074
DIAMONDS KING DIAMONDS QUEEN,0.5068,0.0078,0.4854
SPADES ACE DIAMONDS ACE,0.1868,0.0024,0.8108
HEARTS SIX SPADES TWO,0.6558,0.1274,0.2168
SPADES EIGHT SPADES THREE,0.624,0.0914,0.2846
CLUBS SIX CLUBS ACE,0.5196,0.0048,0.4756
SPADES KING SPADES QUEEN,0.491,0.0084,0.5006
CLUBS EIGHT CLUBS KING,0.5192,0.0144,0.4664
CLUBS FIVE SPADES FIVE,0.0216,0.9592,0.0192
CLUBS NINE HEARTS ACE,0.5382,0.0038,0.458
CLUBS NINE SPADES SEVEN,0.5278,0.068,0.4042
SPADES ACE SPADES NINE,0.5066,0.0036,0.4898
DIAMONDS TWO SPADES TEN,0.6496,0.066,0.2844
HEARTS KING DIAMONDS FOUR,0.6584,0.0212,0.3204
HEARTS TWO CLUBS FOUR,0.7422,0.1496,0.1082
DIAMONDS KING DIAMONDS NINE,0.4904,0.0102,0.4994
SPADES ACE HEARTS THREE,0.642,0.0054,0.3526
DIAMONDS TWO SPADES THREE,0.7392,0.1518,0.109
SPADES KING HEARTS SIX,0.5442,0.017,0.4388
