opposingHand,winningChance,drawChance,lostChance
DIAMONDS JACK HEARTS KING
HEARTS FIVE SPADES TEN,0.6788,0.0064,0.3148
HEARTS FIVE SPADES JACK,0.7288,0.0332,0.238
CLUBS JACK SPADES FIVE,0.7292,0.0296,0.2412
CLUBS TEN SPADES FIVE,0.6688,0.005,0.3262
CLUBS JACK CLUBS EIGHT,0.688,0.0262,0.2858
CLUBS TEN CLUBS EIGHT,0.6052,0.0054,0.3894
CLUBS EIGHT CLUBS KING,0.6388,0.0828,0.2784
SPADES FIVE CLUBS ACE,0.4176,0.0036,0.5788
CLUBS EIGHT CLUBS QUEEN,0.6068,0.0048,0.3884
SPADES FIVE CLUBS KING,0.6762,0.0896,0.2342
SPADES FIVE CLUBS QUEEN,0.6424,0.005,0.3526
CLUBS EIGHT CLUBS ACE,0.402,0.0038,0.5942
DIAMONDS TWO DIAMONDS THREE,0.6292,0.0092,0.3616
DIAMONDS TWO DIAMONDS FIVE,0.6208,0.0082,0.371
HEARTS FIVE SPADES KING,0.6748,0.0866,0.2386
DIAMONDS TWO DIAMONDS FOUR,0.6294,0.0072,0.3634
HEARTS FIVE SPADES QUEEN,0.6544,0.0066,0.339
DIAMONDS TWO DIAMONDS SEVEN,0.6352,0.008,0.3568
DIAMONDS TWO DIAMONDS SIX,0.6256,0.0082,0.3662
SPADES ACE HEARTS FIVE,0.4152,0.0044,0.5804
DIAMONDS TWO DIAMONDS NINE,0.6482,0.0068,0.345
DIAMONDS TWO DIAMONDS EIGHT,0.6418,0.008,0.3502
DIAMONDS THREE DIAMONDS FOUR,0.6064,0.0084,0.3852
CLUBS TWO SPADES FOUR,0.6572,0.0082,0.3346
DIAMONDS THREE DIAMONDS FIVE,0.6,0.0062,0.3938
CLUBS TWO SPADES FIVE,0.637,0.0086,0.3544
CLUBS TWO SPADES TWO,0.4824,0.0124,0.5052
CLUBS TWO SPADES THREE,0.6462,0.007,0.3468
DIAMONDS THREE DIAMONDS EIGHT,0.6466,0.0052,0.3482
SPADES EIGHT CLUBS TWO,0.673,0.0056,0.3214
DIAMONDS THREE DIAMONDS NINE,0.6498,0.0068,0.3434
SPADES NINE CLUBS TWO,0.6702,0.0058,0.324
DIAMONDS THREE DIAMONDS SIX,0.6184,0.006,0.3756
SPADES SIX CLUBS TWO,0.6576,0.0062,0.3362
DIAMONDS THREE DIAMONDS SEVEN,0.6336,0.0074,0.359
SPADES SEVEN CLUBS TWO,0.6798,0.0046,0.3156
CLUBS SIX CLUBS TWO,0.6158,0.007,0.3772
CLUBS SEVEN CLUBS TWO,0.6298,0.007,0.3632
CLUBS FOUR CLUBS TWO,0.6048,0.0078,0.3874
CLUBS FIVE CLUBS TWO,0.597,0.0086,0.3944
CLUBS TEN CLUBS JACK,0.664,0.0282,0.3078
DIAMONDS FOUR DIAMONDS SIX,0.622,0.0066,0.3714
CLUBS TEN CLUBS QUEEN,0.5818,0.0064,0.4118
DIAMONDS FOUR DIAMONDS SEVEN,0.61,0.0074,0.3826
CLUBS TEN CLUBS KING,0.6386,0.0796,0.2818
CLUBS TEN CLUBS ACE,0.3722,0.0042,0.6236
CLUBS EIGHT CLUBS TWO,0.6156,0.005,0.3794
DIAMONDS FIVE DIAMONDS FOUR,0.5908,0.0082,0.401
CLUBS NINE CLUBS TWO,0.6362,0.0054,0.3584
DIAMONDS NINE DIAMONDS FOUR,0.6336,0.0074,0.359
DIAMONDS EIGHT DIAMONDS FOUR,0.6412,0.009,0.3498
CLUBS TWO CLUBS THREE,0.6214,0.01,0.3686
DIAMONDS NINE DIAMONDS FIVE,0.6208,0.006,0.3732
CLUBS JACK DIAMONDS TWO,0.758,0.0312,0.2108
DIAMONDS EIGHT DIAMONDS FIVE,0.611,0.0086,0.3804
CLUBS TEN DIAMONDS TWO,0.699,0.0052,0.2958
DIAMONDS FIVE DIAMONDS SEVEN,0.6036,0.008,0.3884
DIAMONDS FIVE DIAMONDS SIX,0.6012,0.0058,0.393
DIAMONDS TWO CLUBS ACE,0.4314,0.0052,0.5634
DIAMONDS TWO CLUBS KING,0.6906,0.0854,0.224
DIAMONDS TWO CLUBS QUEEN,0.6622,0.007,0.3308
DIAMONDS EIGHT DIAMONDS SIX,0.613,0.0062,0.3808
DIAMONDS NINE DIAMONDS SIX,0.6208,0.006,0.3732
SPADES THREE HEARTS ACE,0.4212,0.008,0.5708
DIAMONDS SEVEN DIAMONDS SIX,0.597,0.0052,0.3978
HEARTS QUEEN SPADES THREE,0.6548,0.0064,0.3388
SPADES THREE HEARTS JACK,0.7456,0.0364,0.218
SPADES THREE HEARTS TEN,0.6878,0.005,0.3072
DIAMONDS EIGHT DIAMONDS SEVEN,0.5888,0.0058,0.4054
DIAMONDS NINE DIAMONDS SEVEN,0.6102,0.0072,0.3826
DIAMONDS NINE DIAMONDS EIGHT,0.6094,0.0066,0.384
DIAMONDS KING HEARTS TEN,0.678,0.0888,0.2332
HEARTS THREE HEARTS TEN,0.6674,0.0056,0.327
SPADES JACK CLUBS SIX,0.7304,0.0278,0.2418
DIAMONDS KING HEARTS JACK,0.0086,0.9836,0.0078
HEARTS THREE HEARTS JACK,0.7088,0.0304,0.2608
SPADES TEN CLUBS SIX,0.662,0.0044,0.3336
SPADES JACK SPADES FIVE,0.6886,0.0324,0.279
SPADES TEN SPADES FIVE,0.6344,0.0076,0.358
DIAMONDS KING HEARTS ACE,0.234,0.013,0.753
HEARTS THREE HEARTS ACE,0.3942,0.006,0.5998
SPADES ACE CLUBS SIX,0.4292,0.0038,0.567
DIAMONDS KING HEARTS QUEEN,0.2416,0.0632,0.6952
HEARTS THREE HEARTS QUEEN,0.6222,0.0082,0.3696
SPADES KING CLUBS SIX,0.6744,0.0858,0.2398
SPADES QUEEN CLUBS SIX,0.646,0.0058,0.3482
SPADES NINE HEARTS TEN,0.6346,0.0066,0.3588
SPADES NINE HEARTS JACK,0.72,0.0278,0.2522
SPADES QUEEN SPADES FIVE,0.6078,0.0066,0.3856
SPADES KING SPADES FIVE,0.6328,0.0822,0.285
SPADES ACE SPADES FIVE,0.4024,0.0036,0.594
SPADES NINE HEARTS QUEEN,0.6374,0.0076,0.355
SPADES NINE HEARTS ACE,0.405,0.0032,0.5918
CLUBS TEN SPADES JACK,0.7008,0.0262,0.273
CLUBS TEN SPADES TEN,0.4436,0.0066,0.5498
SPADES ACE CLUBS TEN,0.4004,0.003,0.5966
CLUBS TEN SPADES KING,0.6704,0.088,0.2416
CLUBS TEN SPADES QUEEN,0.6108,0.0052,0.384
SPADES FIVE HEARTS QUEEN,0.645,0.0086,0.3464
SPADES FIVE HEARTS ACE,0.4138,0.005,0.5812
CLUBS EIGHT SPADES TEN,0.6514,0.0054,0.3432
SPADES JACK HEARTS THREE,0.7452,0.0328,0.222
SPADES JACK DIAMONDS KING,0.0118,0.9682,0.02
SPADES TEN DIAMONDS KING,0.6688,0.092,0.2392
SPADES TEN HEARTS THREE,0.6892,0.007,0.3038
CLUBS EIGHT SPADES JACK,0.7282,0.0292,0.2426
CLUBS SIX HEARTS ACE,0.4184,0.004,0.5776
SPADES ACE CLUBS EIGHT,0.427,0.0038,0.5692
HEARTS FIVE CLUBS JACK,0.7374,0.0336,0.229
CLUBS TEN HEARTS FIVE,0.6882,0.0084,0.3034
CLUBS SIX HEARTS QUEEN,0.6526,0.007,0.3404
SPADES QUEEN CLUBS EIGHT,0.6406,0.0056,0.3538
CLUBS TEN SPADES THREE,0.6736,0.0064,0.32
SPADES KING CLUBS EIGHT,0.6816,0.0896,0.2288
CLUBS JACK SPADES THREE,0.738,0.0316,0.2304
DIAMONDS TWO HEARTS JACK,0.7646,0.0296,0.2058
SPADES THREE CLUBS QUEEN,0.6456,0.0062,0.3482
DIAMONDS TWO HEARTS TEN,0.6824,0.0068,0.3108
SPADES THREE CLUBS KING,0.671,0.0936,0.2354
HEARTS FIVE CLUBS ACE,0.4088,0.0038,0.5874
SPADES FIVE HEARTS TEN,0.6882,0.0064,0.3054
SPADES THREE CLUBS ACE,0.418,0.0038,0.5782
HEARTS FIVE CLUBS KING,0.681,0.0854,0.2336
SPADES FIVE HEARTS JACK,0.733,0.0322,0.2348
HEARTS FIVE CLUBS QUEEN,0.6536,0.007,0.3394
HEARTS THREE CLUBS KING,0.6888,0.0852,0.226
DIAMONDS KING CLUBS KING,0.0868,0.0112,0.902
HEARTS THREE CLUBS QUEEN,0.6618,0.0054,0.3328
DIAMONDS KING CLUBS QUEEN,0.2436,0.0616,0.6948
HEARTS FIVE HEARTS JACK,0.702,0.031,0.267
HEARTS FIVE HEARTS TEN,0.6576,0.007,0.3354
HEARTS THREE CLUBS ACE,0.4142,0.006,0.5798
DIAMONDS KING CLUBS ACE,0.2368,0.0118,0.7514
SPADES ACE CLUBS QUEEN,0.3676,0.0036,0.6288
SPADES KING CLUBS QUEEN,0.2422,0.0602,0.6976
CLUBS JACK HEARTS THREE,0.7458,0.0304,0.2238
CLUBS JACK DIAMONDS KING,0.0106,0.9736,0.0158
SPADES QUEEN CLUBS QUEEN,0.2884,0.0048,0.7068
CLUBS TEN HEARTS THREE,0.6868,0.0062,0.307
CLUBS TEN DIAMONDS KING,0.6836,0.0782,0.2382
SPADES JACK CLUBS QUEEN,0.7102,0.0224,0.2674
CLUBS SIX CLUBS QUEEN,0.605,0.0088,0.3862
SPADES TEN CLUBS QUEEN,0.6198,0.0038,0.3764
CLUBS SIX CLUBS KING,0.6368,0.085,0.2782
CLUBS SIX CLUBS ACE,0.3978,0.0038,0.5984
HEARTS FIVE HEARTS QUEEN,0.626,0.0076,0.3664
CLUBS TEN CLUBS SIX,0.6124,0.0066,0.381
HEARTS FIVE HEARTS ACE,0.4028,0.007,0.5902
CLUBS JACK CLUBS SIX,0.6914,0.0276,0.281
SPADES SEVEN HEARTS JACK,0.7396,0.0286,0.2318
SPADES SEVEN HEARTS TEN,0.664,0.0038,0.3322
DIAMONDS TWO CLUBS TWO,0.483,0.0118,0.5052
DIAMONDS TWO CLUBS THREE,0.641,0.0092,0.3498
DIAMONDS TWO HEARTS SIX,0.6654,0.0072,0.3274
DIAMONDS TWO HEARTS QUEEN,0.6642,0.0058,0.33
HEARTS SEVEN DIAMONDS TWO,0.6784,0.0072,0.3144
DIAMONDS TWO HEARTS EIGHT,0.687,0.006,0.307
DIAMONDS TWO HEARTS ACE,0.4248,0.0044,0.5708
DIAMONDS TWO HEARTS NINE,0.6816,0.008,0.3104
DIAMONDS TWO DIAMONDS QUEEN,0.6256,0.0076,0.3668
DIAMONDS TWO HEARTS TWO,0.484,0.0104,0.5056
DIAMONDS TWO DIAMONDS KING,0.659,0.0884,0.2526
DIAMONDS TWO HEARTS THREE,0.6526,0.008,0.3394
DIAMONDS TWO DIAMONDS ACE,0.392,0.0054,0.6026
HEARTS FOUR DIAMONDS TWO,0.6624,0.0092,0.3284
HEARTS FIVE DIAMONDS TWO,0.6514,0.0086,0.34
SPADES SEVEN HEARTS ACE,0.4196,0.0046,0.5758
DIAMONDS TWO DIAMONDS TEN,0.6632,0.007,0.3298
SPADES SEVEN HEARTS QUEEN,0.6568,0.006,0.3372
DIAMONDS TWO SPADES NINE,0.6814,0.0074,0.3112
DIAMONDS TWO SPADES EIGHT,0.6904,0.006,0.3036
DIAMONDS TWO SPADES SEVEN,0.6792,0.0072,0.3136
DIAMONDS TWO SPADES SIX,0.6682,0.008,0.3238
DIAMONDS TWO SPADES FIVE,0.655,0.0088,0.3362
DIAMONDS TWO SPADES FOUR,0.6544,0.0088,0.3368
DIAMONDS TWO SPADES THREE,0.655,0.0106,0.3344
DIAMONDS TWO SPADES TWO,0.4744,0.0094,0.5162
DIAMONDS TWO CLUBS NINE,0.6748,0.0058,0.3194
CLUBS EIGHT DIAMONDS TWO,0.6686,0.0076,0.3238
DIAMONDS TWO CLUBS SEVEN,0.6654,0.0082,0.3264
DIAMONDS TWO CLUBS SIX,0.6526,0.0062,0.3412
DIAMONDS TWO CLUBS FIVE,0.6596,0.0086,0.3318
DIAMONDS TWO CLUBS FOUR,0.6408,0.0096,0.3496
CLUBS FOUR SPADES FIVE,0.615,0.0066,0.3784
CLUBS FOUR SPADES FOUR,0.4624,0.0078,0.5298
CLUBS FOUR SPADES THREE,0.622,0.007,0.371
CLUBS FOUR SPADES TWO,0.6484,0.0084,0.3432
SPADES NINE CLUBS FOUR,0.674,0.0058,0.3202
SPADES EIGHT CLUBS FOUR,0.6578,0.0052,0.337
CLUBS FOUR SPADES SEVEN,0.6444,0.0074,0.3482
CLUBS FOUR SPADES SIX,0.6442,0.005,0.3508
SPADES ACE DIAMONDS SIX,0.4384,0.0048,0.5568
SPADES QUEEN DIAMONDS SIX,0.6578,0.007,0.3352
SPADES KING DIAMONDS SIX,0.6798,0.0864,0.2338
SPADES TEN DIAMONDS SIX,0.6704,0.0062,0.3234
SPADES JACK DIAMONDS SIX,0.7446,0.0294,0.226
SPADES QUEEN SPADES TWO,0.6104,0.0078,0.3818
SPADES KING SPADES TWO,0.6296,0.096,0.2744
SPADES ACE SPADES TWO,0.392,0.0034,0.6046
DIAMONDS THREE DIAMONDS TEN,0.663,0.0062,0.3308
DIAMONDS THREE DIAMONDS KING,0.6346,0.087,0.2784
DIAMONDS THREE HEARTS THREE,0.487,0.0112,0.5018
DIAMONDS THREE DIAMONDS QUEEN,0.6294,0.0072,0.3634
DIAMONDS THREE HEARTS TWO,0.6618,0.0106,0.3276
HEARTS FIVE DIAMONDS THREE,0.6376,0.0098,0.3526
DIAMONDS THREE DIAMONDS ACE,0.4096,0.004,0.5864
HEARTS FOUR DIAMONDS THREE,0.6416,0.0094,0.349
HEARTS SEVEN DIAMONDS THREE,0.6664,0.0086,0.325
SPADES TEN SPADES NINE,0.602,0.0062,0.3918
HEARTS SIX DIAMONDS THREE,0.6624,0.0088,0.3288
SPADES JACK SPADES NINE,0.671,0.0294,0.2996
DIAMONDS THREE HEARTS NINE,0.673,0.0068,0.3202
HEARTS JACK DIAMONDS FOUR,0.738,0.0306,0.2314
SPADES TEN SPADES TWO,0.6386,0.0076,0.3538
DIAMONDS THREE HEARTS EIGHT,0.6764,0.007,0.3166
HEARTS TEN DIAMONDS FOUR,0.6948,0.006,0.2992
SPADES JACK SPADES TWO,0.6976,0.0318,0.2706
HEARTS QUEEN DIAMONDS FOUR,0.664,0.0102,0.3258
SPADES ACE SPADES NINE,0.381,0.0034,0.6156
HEARTS ACE DIAMONDS FOUR,0.4192,0.0078,0.573
SPADES KING SPADES NINE,0.6292,0.082,0.2888
SPADES QUEEN SPADES NINE,0.5952,0.0088,0.396
DIAMONDS THREE SPADES NINE,0.675,0.007,0.318
DIAMONDS THREE SPADES EIGHT,0.6576,0.0084,0.334
DIAMONDS THREE SPADES SEVEN,0.6666,0.0062,0.3272
DIAMONDS THREE SPADES SIX,0.6756,0.0046,0.3198
DIAMONDS THREE CLUBS SIX,0.6518,0.006,0.3422
CLUBS SIX CLUBS FIVE,0.5936,0.0064,0.4
CLUBS ACE DIAMONDS FOUR,0.4106,0.0046,0.5848
DIAMONDS THREE CLUBS SEVEN,0.6582,0.009,0.3328
CLUBS SEVEN CLUBS FIVE,0.5896,0.0072,0.4032
DIAMONDS THREE CLUBS FOUR,0.6424,0.0102,0.3474
DIAMONDS FOUR CLUBS QUEEN,0.6574,0.006,0.3366
DIAMONDS THREE CLUBS FIVE,0.6384,0.0084,0.3532
DIAMONDS FOUR CLUBS KING,0.6804,0.0936,0.226
DIAMONDS THREE CLUBS TWO,0.6582,0.0114,0.3304
CLUBS TEN DIAMONDS FOUR,0.68,0.0072,0.3128
DIAMONDS THREE CLUBS THREE,0.4826,0.013,0.5044
CLUBS JACK DIAMONDS FOUR,0.7518,0.032,0.2162
DIAMONDS THREE SPADES FOUR,0.6388,0.008,0.3532
DIAMONDS THREE SPADES FIVE,0.6358,0.0084,0.3558
DIAMONDS THREE SPADES TWO,0.6602,0.008,0.3318
DIAMONDS THREE SPADES THREE,0.4828,0.0082,0.509
CLUBS EIGHT DIAMONDS THREE,0.6676,0.0056,0.3268
CLUBS NINE DIAMONDS THREE,0.672,0.0056,0.3224
SPADES SEVEN CLUBS ACE,0.4246,0.0034,0.572
SPADES SEVEN CLUBS QUEEN,0.6596,0.0064,0.334
SPADES SEVEN CLUBS KING,0.6682,0.0848,0.247
SPADES SEVEN CLUBS FIVE,0.634,0.006,0.36
CLUBS TEN SPADES SEVEN,0.6512,0.0046,0.3442
CLUBS FIVE SPADES SIX,0.6328,0.0066,0.3606
CLUBS JACK SPADES SEVEN,0.7266,0.025,0.2484
SPADES NINE CLUBS FIVE,0.6526,0.0066,0.3408
SPADES EIGHT CLUBS FIVE,0.6248,0.0056,0.3696
CLUBS FIVE SPADES THREE,0.6454,0.0052,0.3494
CLUBS FIVE SPADES TWO,0.6464,0.0078,0.3458
CLUBS FIVE SPADES FIVE,0.4634,0.0066,0.53
CLUBS FIVE SPADES FOUR,0.6252,0.0054,0.3694
CLUBS NINE CLUBS FIVE,0.619,0.006,0.375
CLUBS EIGHT CLUBS FIVE,0.6038,0.0078,0.3884
CLUBS ACE CLUBS QUEEN,0.3494,0.0052,0.6454
CLUBS KING CLUBS QUEEN,0.2374,0.0588,0.7038
DIAMONDS TEN DIAMONDS FOUR,0.6432,0.0074,0.3494
CLUBS TEN DIAMONDS NINE,0.6418,0.0056,0.3526
CLUBS JACK DIAMONDS NINE,0.7298,0.0304,0.2398
CLUBS JACK SPADES NINE,0.7174,0.0282,0.2544
CLUBS TEN SPADES NINE,0.6368,0.0062,0.357
DIAMONDS ACE DIAMONDS FOUR,0.4168,0.004,0.5792
HEARTS FOUR DIAMONDS FOUR,0.4838,0.0084,0.5078
SPADES NINE CLUBS KING,0.6814,0.0844,0.2342
DIAMONDS TWO SPADES TEN,0.6968,0.0058,0.2974
DIAMONDS NINE CLUBS ACE,0.4218,0.006,0.5722
HEARTS FIVE DIAMONDS FOUR,0.6304,0.0086,0.361
SPADES NINE CLUBS QUEEN,0.6318,0.007,0.3612
DIAMONDS TWO SPADES JACK,0.747,0.036,0.217
DIAMONDS QUEEN DIAMONDS FOUR,0.6246,0.0078,0.3676
HEARTS TWO DIAMONDS FOUR,0.657,0.0076,0.3354
DIAMONDS NINE CLUBS QUEEN,0.639,0.0044,0.3566
DIAMONDS KING DIAMONDS FOUR,0.6534,0.0836,0.263
HEARTS THREE DIAMONDS FOUR,0.6414,0.0068,0.3518
SPADES NINE CLUBS ACE,0.422,0.0032,0.5748
DIAMONDS NINE CLUBS KING,0.6926,0.0866,0.2208
SPADES ACE DIAMONDS TWO,0.4286,0.0042,0.5672
SPADES QUEEN DIAMONDS TWO,0.661,0.009,0.33
SPADES KING DIAMONDS TWO,0.6954,0.0814,0.2232
SPADES JACK SPADES SEVEN,0.6848,0.028,0.2872
SPADES TEN SPADES SEVEN,0.6148,0.0046,0.3806
CLUBS SEVEN CLUBS THREE,0.6184,0.0062,0.3754
CLUBS SIX CLUBS THREE,0.6002,0.0064,0.3934
CLUBS FIVE CLUBS THREE,0.5938,0.0084,0.3978
CLUBS FOUR CLUBS THREE,0.591,0.005,0.404
CLUBS NINE CLUBS THREE,0.6318,0.0058,0.3624
CLUBS EIGHT CLUBS THREE,0.6358,0.007,0.3572
SPADES FIVE CLUBS THREE,0.6286,0.0064,0.365
CLUBS THREE SPADES FOUR,0.6396,0.005,0.3554
CLUBS THREE SPADES THREE,0.48,0.0082,0.5118
CLUBS THREE SPADES TWO,0.6524,0.0082,0.3394
SPADES SIX CLUBS THREE,0.647,0.0072,0.3458
SPADES SEVEN CLUBS THREE,0.6558,0.0072,0.337
SPADES EIGHT CLUBS THREE,0.6716,0.0058,0.3226
SPADES NINE CLUBS THREE,0.6708,0.0064,0.3228
SPADES TWO DIAMONDS FOUR,0.6594,0.0094,0.3312
SPADES THREE DIAMONDS FOUR,0.6344,0.0106,0.355
SPADES FOUR DIAMONDS FOUR,0.4786,0.0088,0.5126
SPADES FIVE DIAMONDS FOUR,0.624,0.0084,0.3676
SPADES SIX DIAMONDS FOUR,0.6342,0.007,0.3588
SPADES SEVEN DIAMONDS FOUR,0.6456,0.0076,0.3468
SPADES EIGHT DIAMONDS FOUR,0.6598,0.0078,0.3324
SPADES NINE DIAMONDS FOUR,0.6616,0.0082,0.3302
CLUBS FIVE DIAMONDS FOUR,0.6266,0.009,0.3644
CLUBS FOUR DIAMONDS FOUR,0.4774,0.0082,0.5144
CLUBS SEVEN DIAMONDS FOUR,0.6596,0.0046,0.3358
CLUBS SIX DIAMONDS FOUR,0.6404,0.0072,0.3524
CLUBS NINE DIAMONDS FOUR,0.6588,0.0058,0.3354
CLUBS EIGHT DIAMONDS FOUR,0.654,0.0056,0.3404
HEARTS SEVEN DIAMONDS FOUR,0.6594,0.0082,0.3324
HEARTS SIX DIAMONDS FOUR,0.6432,0.0076,0.3492
DIAMONDS FOUR HEARTS NINE,0.6918,0.0076,0.3006
DIAMONDS FOUR HEARTS EIGHT,0.6552,0.0068,0.338
CLUBS THREE DIAMONDS FOUR,0.6328,0.0068,0.3604
CLUBS TWO DIAMONDS FOUR,0.6562,0.0098,0.334
DIAMONDS TEN DIAMONDS FIVE,0.6452,0.0088,0.346
DIAMONDS NINE HEARTS QUEEN,0.6426,0.0084,0.349
DIAMONDS NINE HEARTS ACE,0.4272,0.0062,0.5666
DIAMONDS NINE HEARTS TEN,0.6434,0.0064,0.3502
DIAMONDS NINE HEARTS JACK,0.7268,0.0304,0.2428
CLUBS KING DIAMONDS SIX,0.6818,0.0812,0.237
CLUBS QUEEN DIAMONDS SIX,0.6528,0.0066,0.3406
CLUBS ACE DIAMONDS SIX,0.4342,0.0036,0.5622
SPADES KING DIAMONDS FOUR,0.6814,0.091,0.2276
SPADES ACE SPADES SEVEN,0.4018,0.005,0.5932
SPADES QUEEN DIAMONDS FOUR,0.6504,0.0066,0.343
SPADES QUEEN SPADES SEVEN,0.6098,0.006,0.3842
CLUBS JACK DIAMONDS SIX,0.7418,0.028,0.2302
SPADES KING SPADES SEVEN,0.6382,0.0746,0.2872
SPADES ACE DIAMONDS FOUR,0.4208,0.0052,0.574
CLUBS TEN DIAMONDS SIX,0.6764,0.0072,0.3164
CLUBS NINE CLUBS FOUR,0.626,0.008,0.366
CLUBS EIGHT CLUBS FOUR,0.6228,0.0064,0.3708
SPADES JACK DIAMONDS FOUR,0.7412,0.0312,0.2276
SPADES TEN DIAMONDS FOUR,0.6838,0.0054,0.3108
CLUBS FOUR CLUBS FIVE,0.568,0.0066,0.4254
CLUBS SEVEN CLUBS FOUR,0.5904,0.005,0.4046
CLUBS SIX CLUBS FOUR,0.6062,0.0066,0.3872
CLUBS SEVEN SPADES EIGHT,0.6218,0.007,0.3712
SPADES NINE CLUBS SEVEN,0.6392,0.0056,0.3552
CLUBS SEVEN SPADES SIX,0.6276,0.0048,0.3676
CLUBS SEVEN SPADES SEVEN,0.4716,0.0076,0.5208
CLUBS SEVEN SPADES FIVE,0.6368,0.0062,0.357
CLUBS SEVEN SPADES FOUR,0.638,0.0056,0.3564
CLUBS SEVEN SPADES THREE,0.657,0.006,0.337
CLUBS SEVEN SPADES TWO,0.6726,0.006,0.3214
CLUBS NINE CLUBS SEVEN,0.5966,0.0046,0.3988
CLUBS EIGHT CLUBS SEVEN,0.5864,0.005,0.4086
HEARTS SIX DIAMONDS FIVE,0.621,0.0072,0.3718
HEARTS SEVEN DIAMONDS FIVE,0.6384,0.0062,0.3554
DIAMONDS FIVE HEARTS EIGHT,0.6562,0.0062,0.3376
DIAMONDS FIVE HEARTS NINE,0.6542,0.0048,0.341
DIAMONDS QUEEN DIAMONDS FIVE,0.609,0.0084,0.3826
HEARTS TWO DIAMONDS FIVE,0.6548,0.0088,0.3364
DIAMONDS KING DIAMONDS FIVE,0.634,0.0872,0.2788
HEARTS THREE DIAMONDS FIVE,0.6372,0.0092,0.3536
HEARTS QUEEN HEARTS EIGHT,0.6242,0.007,0.3688
DIAMONDS ACE DIAMONDS FIVE,0.4034,0.0064,0.5902
HEARTS FOUR DIAMONDS FIVE,0.6248,0.007,0.3682
HEARTS FIVE DIAMONDS FIVE,0.49,0.0092,0.5008
HEARTS ACE HEARTS EIGHT,0.4002,0.005,0.5948
CLUBS FOUR DIAMONDS FIVE,0.6368,0.0074,0.3558
CLUBS FIVE DIAMONDS FIVE,0.464,0.007,0.529
CLUBS SIX DIAMONDS FIVE,0.6286,0.0064,0.365
CLUBS SEVEN DIAMONDS FIVE,0.635,0.0064,0.3586
CLUBS TWO DIAMONDS FIVE,0.65,0.01,0.34
CLUBS THREE DIAMONDS FIVE,0.6314,0.009,0.3596
SPADES THREE DIAMONDS FIVE,0.6314,0.008,0.3606
SPADES TWO DIAMONDS FIVE,0.6504,0.0064,0.3432
SPADES JACK DIAMONDS EIGHT,0.7314,0.0298,0.2388
SPADES FIVE DIAMONDS FIVE,0.492,0.0066,0.5014
CLUBS TEN HEARTS JACK,0.7166,0.0302,0.2532
SPADES TEN DIAMONDS EIGHT,0.6436,0.0062,0.3502
SPADES FOUR DIAMONDS FIVE,0.6308,0.005,0.3642
CLUBS JACK HEARTS JACK,0.3214,0.0148,0.6638
HEARTS JACK CLUBS QUEEN,0.7274,0.028,0.2446
CLUBS NINE DIAMONDS FIVE,0.6588,0.0074,0.3338
CLUBS EIGHT DIAMONDS FIVE,0.6504,0.008,0.3416
HEARTS JACK CLUBS KING,0.0186,0.9696,0.0118
CLUBS ACE HEARTS JACK,0.245,0.015,0.74
SPADES SEVEN DIAMONDS FIVE,0.6414,0.008,0.3506
SPADES KING DIAMONDS EIGHT,0.6838,0.0836,0.2326
SPADES QUEEN DIAMONDS EIGHT,0.6574,0.008,0.3346
SPADES SIX DIAMONDS FIVE,0.6266,0.0066,0.3668
SPADES NINE DIAMONDS FIVE,0.6652,0.0064,0.3284
SPADES EIGHT DIAMONDS FIVE,0.647,0.008,0.345
SPADES ACE DIAMONDS EIGHT,0.428,0.0046,0.5674
DIAMONDS TEN DIAMONDS SIX,0.6408,0.007,0.3522
HEARTS ACE DIAMONDS SEVEN,0.4298,0.0042,0.566
HEARTS QUEEN DIAMONDS SEVEN,0.6634,0.0076,0.329
DIAMONDS ACE DIAMONDS SIX,0.4094,0.0042,0.5864
HEARTS FOUR DIAMONDS SIX,0.6536,0.0064,0.34
SPADES TWO HEARTS JACK,0.7552,0.0348,0.21
HEARTS FIVE DIAMONDS SIX,0.636,0.0094,0.3546
SPADES TWO HEARTS TEN,0.6904,0.0068,0.3028
DIAMONDS QUEEN DIAMONDS SIX,0.62,0.0072,0.3728
HEARTS TWO DIAMONDS SIX,0.6754,0.0068,0.3178
DIAMONDS KING DIAMONDS SIX,0.6418,0.0838,0.2744
HEARTS THREE DIAMONDS SIX,0.6502,0.0092,0.3406
HEARTS EIGHT DIAMONDS SIX,0.6522,0.0054,0.3424
HEARTS NINE DIAMONDS SIX,0.6664,0.0058,0.3278
HEARTS SIX DIAMONDS SIX,0.4944,0.0086,0.497
HEARTS SEVEN DIAMONDS SIX,0.6326,0.006,0.3614
HEARTS TEN DIAMONDS SEVEN,0.67,0.0076,0.3224
CLUBS TWO DIAMONDS SIX,0.6646,0.0078,0.3276
HEARTS JACK DIAMONDS SEVEN,0.7478,0.0296,0.2226
CLUBS THREE DIAMONDS SIX,0.6666,0.0076,0.3258
CLUBS SEVEN DIAMONDS SIX,0.6404,0.0046,0.355
CLUBS JACK DIAMONDS EIGHT,0.7336,0.0284,0.238
CLUBS SIX DIAMONDS SIX,0.4884,0.0068,0.5048
CLUBS TEN DIAMONDS EIGHT,0.6558,0.0058,0.3384
CLUBS FIVE DIAMONDS SIX,0.6254,0.0078,0.3668
CLUBS FOUR DIAMONDS SIX,0.6412,0.0078,0.351
HEARTS ACE HEARTS JACK,0.2262,0.0176,0.7562
DIAMONDS EIGHT CLUBS ACE,0.4364,0.0048,0.5588
HEARTS QUEEN HEARTS JACK,0.6962,0.027,0.2768
DIAMONDS EIGHT CLUBS KING,0.6838,0.0842,0.232
CLUBS NINE DIAMONDS SIX,0.6528,0.0078,0.3394
CLUBS EIGHT DIAMONDS SIX,0.6404,0.0064,0.3532
DIAMONDS EIGHT CLUBS QUEEN,0.6396,0.008,0.3524
SPADES FIVE DIAMONDS SIX,0.626,0.0074,0.3666
HEARTS ACE SPADES TWO,0.407,0.0056,0.5874
SPADES FOUR DIAMONDS SIX,0.6306,0.0082,0.3612
SPADES THREE DIAMONDS SIX,0.6694,0.0098,0.3208
HEARTS QUEEN SPADES TWO,0.6692,0.0082,0.3226
SPADES ACE SPADES KING,0.2362,0.0104,0.7534
SPADES TWO DIAMONDS SIX,0.6654,0.0088,0.3258
HEARTS TEN HEARTS EIGHT,0.62,0.0074,0.3726
SPADES NINE DIAMONDS SIX,0.6434,0.0074,0.3492
HEARTS JACK HEARTS EIGHT,0.699,0.0294,0.2716
SPADES EIGHT DIAMONDS SIX,0.639,0.006,0.355
SPADES SEVEN DIAMONDS SIX,0.6232,0.007,0.3698
SPADES SIX DIAMONDS SIX,0.4784,0.011,0.5106
CLUBS ACE CLUBS KING,0.2288,0.0122,0.759
SPADES ACE HEARTS JACK,0.246,0.0142,0.7398
SPADES QUEEN HEARTS JACK,0.728,0.0246,0.2474
SPADES KING HEARTS JACK,0.0198,0.9668,0.0134
SPADES TEN DIAMONDS TEN,0.4372,0.0054,0.5574
SPADES JACK DIAMONDS TEN,0.7114,0.0314,0.2572
SPADES ACE DIAMONDS TEN,0.3948,0.0036,0.6016
SPADES JACK HEARTS JACK,0.3066,0.0172,0.6762
SPADES TEN HEARTS JACK,0.7182,0.0322,0.2496
SPADES QUEEN DIAMONDS TEN,0.614,0.0066,0.3794
SPADES KING DIAMONDS TEN,0.6934,0.086,0.2206
SPADES NINE DIAMONDS SEVEN,0.6434,0.0038,0.3528
SPADES EIGHT DIAMONDS SEVEN,0.6184,0.0072,0.3744
SPADES SEVEN DIAMONDS SEVEN,0.4528,0.0072,0.54
SPADES SIX DIAMONDS SEVEN,0.6284,0.0044,0.3672
DIAMONDS KING DIAMONDS SEVEN,0.6416,0.0882,0.2702
HEARTS THREE DIAMONDS SEVEN,0.6762,0.0094,0.3144
DIAMONDS QUEEN DIAMONDS SEVEN,0.6238,0.0056,0.3706
HEARTS TWO DIAMONDS SEVEN,0.675,0.008,0.317
HEARTS QUEEN DIAMONDS FIVE,0.6444,0.0076,0.348
HEARTS FIVE DIAMONDS SEVEN,0.636,0.008,0.356
DIAMONDS ACE DIAMONDS SEVEN,0.4036,0.0054,0.591
HEARTS FOUR DIAMONDS SEVEN,0.6456,0.0068,0.3476
HEARTS ACE DIAMONDS FIVE,0.412,0.0042,0.5838
HEARTS SEVEN DIAMONDS SEVEN,0.4798,0.0076,0.5126
HEARTS SIX DIAMONDS SEVEN,0.6358,0.0064,0.3578
DIAMONDS SEVEN HEARTS NINE,0.6388,0.006,0.3552
HEARTS EIGHT DIAMONDS SEVEN,0.6356,0.0086,0.3558
DIAMONDS FIVE HEARTS JACK,0.7362,0.04,0.2238
DIAMONDS TEN DIAMONDS SEVEN,0.6278,0.007,0.3652
HEARTS TEN DIAMONDS FIVE,0.679,0.0078,0.3132
CLUBS EIGHT DIAMONDS SEVEN,0.6324,0.0068,0.3608
SPADES KING CLUBS TWO,0.6698,0.092,0.2382
SPADES QUEEN CLUBS TWO,0.6508,0.0068,0.3424
CLUBS NINE DIAMONDS SEVEN,0.6366,0.0054,0.358
CLUBS JACK SPADES TWO,0.752,0.0298,0.2182
CLUBS SIX CLUBS SEVEN,0.5798,0.0066,0.4136
SPADES ACE CLUBS TWO,0.4164,0.0064,0.5772
CLUBS TEN SPADES TWO,0.6826,0.0062,0.3112
SPADES TWO CLUBS KING,0.6694,0.0958,0.2348
SPADES TWO DIAMONDS SEVEN,0.6782,0.0064,0.3154
CLUBS EIGHT CLUBS SIX,0.5884,0.0068,0.4048
SPADES THREE DIAMONDS SEVEN,0.6526,0.008,0.3394
SPADES TWO CLUBS QUEEN,0.6652,0.0064,0.3284
CLUBS NINE CLUBS SIX,0.6092,0.007,0.3838
SPADES FOUR DIAMONDS SEVEN,0.6542,0.0062,0.3396
SPADES FIVE DIAMONDS SEVEN,0.6266,0.0072,0.3662
SPADES TWO CLUBS ACE,0.4264,0.0056,0.568
CLUBS SIX SPADES TWO,0.6686,0.0052,0.3262
CLUBS SIX SPADES THREE,0.6392,0.0078,0.353
CLUBS TWO DIAMONDS SEVEN,0.6716,0.0084,0.32
CLUBS SIX SPADES FOUR,0.6422,0.006,0.3518
CLUBS THREE DIAMONDS SEVEN,0.6552,0.0064,0.3384
CLUBS SIX SPADES FIVE,0.6224,0.007,0.3706
CLUBS FOUR DIAMONDS SEVEN,0.6522,0.0076,0.3402
CLUBS SIX SPADES SIX,0.4626,0.006,0.5314
CLUBS FIVE DIAMONDS SEVEN,0.6362,0.008,0.3558
CLUBS SIX SPADES SEVEN,0.622,0.0062,0.3718
CLUBS SIX DIAMONDS SEVEN,0.629,0.005,0.366
CLUBS SIX SPADES EIGHT,0.6252,0.006,0.3688
SPADES JACK CLUBS TWO,0.7488,0.0296,0.2216
CLUBS SEVEN DIAMONDS SEVEN,0.4696,0.0076,0.5228
CLUBS SIX SPADES NINE,0.6548,0.0044,0.3408
SPADES TEN CLUBS TWO,0.6726,0.0066,0.3208
CLUBS TWO CLUBS QUEEN,0.6096,0.0076,0.3828
CLUBS TWO CLUBS KING,0.6422,0.0806,0.2772
CLUBS THREE DIAMONDS EIGHT,0.679,0.006,0.315
CLUBS TWO CLUBS ACE,0.3866,0.0062,0.6072
CLUBS TWO DIAMONDS EIGHT,0.6848,0.0078,0.3074
HEARTS SEVEN DIAMONDS EIGHT,0.6324,0.0076,0.36
HEARTS SIX DIAMONDS EIGHT,0.658,0.0072,0.3348
DIAMONDS EIGHT HEARTS NINE,0.636,0.0082,0.3558
CLUBS TEN CLUBS TWO,0.6382,0.0094,0.3524
DIAMONDS EIGHT HEARTS EIGHT,0.4696,0.009,0.5214
CLUBS JACK CLUBS TWO,0.693,0.0312,0.2758
CLUBS NINE DIAMONDS EIGHT,0.6392,0.0064,0.3544
CLUBS EIGHT DIAMONDS EIGHT,0.46,0.0076,0.5324
CLUBS FIVE DIAMONDS EIGHT,0.6528,0.0062,0.341
SPADES ACE SPADES THREE,0.3862,0.0028,0.611
CLUBS FOUR DIAMONDS EIGHT,0.6678,0.009,0.3232
CLUBS SEVEN DIAMONDS EIGHT,0.6418,0.0072,0.351
SPADES QUEEN SPADES THREE,0.604,0.008,0.388
CLUBS SIX DIAMONDS EIGHT,0.6404,0.0078,0.3518
SPADES KING SPADES THREE,0.629,0.0786,0.2924
DIAMONDS EIGHT DIAMONDS QUEEN,0.6012,0.0094,0.3894
HEARTS TWO DIAMONDS EIGHT,0.686,0.0076,0.3064
DIAMONDS KING DIAMONDS EIGHT,0.6566,0.0818,0.2616
HEARTS THREE DIAMONDS EIGHT,0.6756,0.0074,0.317
DIAMONDS ACE DIAMONDS EIGHT,0.4022,0.0052,0.5926
HEARTS FOUR DIAMONDS EIGHT,0.6502,0.0092,0.3406
HEARTS FIVE DIAMONDS EIGHT,0.6544,0.0082,0.3374
DIAMONDS EIGHT DIAMONDS TEN,0.6054,0.0076,0.387
SPADES JACK SPADES THREE,0.6946,0.0322,0.2732
SPADES TEN SPADES THREE,0.6398,0.0068,0.3534
CLUBS FOUR HEARTS ACE,0.4328,0.0042,0.563
CLUBS FOUR HEARTS QUEEN,0.6634,0.0076,0.329
CLUBS SIX HEARTS TEN,0.6652,0.006,0.3288
CLUBS SIX HEARTS JACK,0.7368,0.0316,0.2316
DIAMONDS EIGHT SPADES FOUR,0.6606,0.0088,0.3306
SPADES FIVE DIAMONDS EIGHT,0.6372,0.0074,0.3554
DIAMONDS EIGHT SPADES TWO,0.679,0.0076,0.3134
DIAMONDS EIGHT SPADES THREE,0.68,0.0068,0.3132
CLUBS FOUR HEARTS JACK,0.7304,0.0324,0.2372
SPADES EIGHT DIAMONDS EIGHT,0.462,0.0056,0.5324
SPADES TEN DIAMONDS QUEEN,0.615,0.0098,0.3752
SPADES TEN HEARTS TWO,0.6874,0.0036,0.309
SPADES JACK HEARTS EIGHT,0.7424,0.0282,0.2294
CLUBS FOUR HEARTS TEN,0.6858,0.0068,0.3074
SPADES NINE DIAMONDS EIGHT,0.6488,0.0052,0.346
SPADES TEN HEARTS EIGHT,0.649,0.0078,0.3432
SPADES JACK HEARTS TWO,0.7472,0.033,0.2198
SPADES JACK DIAMONDS QUEEN,0.7238,0.0218,0.2544
SPADES SIX DIAMONDS EIGHT,0.6468,0.006,0.3472
SPADES SEVEN DIAMONDS EIGHT,0.6188,0.0046,0.3766
SPADES ACE HEARTS TWO,0.431,0.0044,0.5646
SPADES ACE DIAMONDS QUEEN,0.3722,0.0034,0.6244
SPADES ACE HEARTS EIGHT,0.4248,0.0036,0.5716
SPADES KING HEARTS EIGHT,0.693,0.0796,0.2274
SPADES QUEEN HEARTS TWO,0.6398,0.0068,0.3534
SPADES QUEEN DIAMONDS QUEEN,0.2788,0.0042,0.717
SPADES KING DIAMONDS QUEEN,0.2322,0.058,0.7098
SPADES KING HEARTS TWO,0.6916,0.0924,0.216
SPADES QUEEN HEARTS EIGHT,0.6386,0.0058,0.3556
CLUBS TWO HEARTS TEN,0.6936,0.007,0.2994
CLUBS TWO HEARTS JACK,0.7542,0.033,0.2128
SPADES SEVEN DIAMONDS NINE,0.651,0.0058,0.3432
SPADES SIX DIAMONDS NINE,0.6536,0.007,0.3394
SPADES NINE DIAMONDS NINE,0.4658,0.0054,0.5288
SPADES EIGHT DIAMONDS NINE,0.634,0.0072,0.3588
SPADES TEN CLUBS KING,0.672,0.0844,0.2436
DIAMONDS NINE SPADES THREE,0.6856,0.0064,0.308
SPADES JACK CLUBS KING,0.019,0.9556,0.0254
DIAMONDS NINE SPADES TWO,0.6762,0.0074,0.3164
DIAMONDS NINE SPADES FIVE,0.6552,0.0082,0.3366
DIAMONDS NINE SPADES FOUR,0.678,0.0056,0.3164
CLUBS NINE DIAMONDS NINE,0.4458,0.007,0.5472
CLUBS EIGHT DIAMONDS NINE,0.6202,0.0054,0.3744
CLUBS SIX DIAMONDS NINE,0.656,0.0056,0.3384
SPADES JACK CLUBS FOUR,0.7386,0.0284,0.233
CLUBS SEVEN DIAMONDS NINE,0.6406,0.0088,0.3506
SPADES TEN CLUBS FOUR,0.672,0.006,0.322
CLUBS FOUR DIAMONDS NINE,0.679,0.0084,0.3126
CLUBS FIVE DIAMONDS NINE,0.6638,0.0076,0.3286
CLUBS TWO DIAMONDS NINE,0.6766,0.0086,0.3148
DIAMONDS NINE CLUBS THREE,0.6802,0.0064,0.3134
DIAMONDS NINE HEARTS EIGHT,0.6402,0.008,0.3518
DIAMONDS NINE HEARTS NINE,0.4518,0.0046,0.5436
HEARTS SIX DIAMONDS NINE,0.6492,0.0086,0.3422
HEARTS SEVEN DIAMONDS NINE,0.642,0.0088,0.3492
CLUBS EIGHT CLUBS NINE,0.5888,0.0074,0.4038
DIAMONDS ACE DIAMONDS NINE,0.3964,0.0054,0.5982
HEARTS FOUR DIAMONDS NINE,0.6696,0.0078,0.3226
HEARTS FIVE DIAMONDS NINE,0.6736,0.007,0.3194
CLUBS TWO HEARTS ACE,0.4182,0.005,0.5768
SPADES ACE CLUBS FOUR,0.4148,0.0056,0.5796
DIAMONDS NINE DIAMONDS QUEEN,0.605,0.0056,0.3894
HEARTS TWO DIAMONDS NINE,0.6886,0.0078,0.3036
SPADES KING CLUBS FOUR,0.6606,0.0882,0.2512
DIAMONDS KING DIAMONDS NINE,0.6484,0.08,0.2716
HEARTS THREE DIAMONDS NINE,0.6792,0.008,0.3128
CLUBS TWO HEARTS QUEEN,0.6556,0.0072,0.3372
SPADES QUEEN CLUBS FOUR,0.6526,0.0056,0.3418
CLUBS EIGHT SPADES NINE,0.6414,0.0072,0.3514
DIAMONDS NINE DIAMONDS TEN,0.6008,0.008,0.3912
CLUBS EIGHT SPADES EIGHT,0.4528,0.0046,0.5426
CLUBS EIGHT SPADES SEVEN,0.623,0.004,0.373
CLUBS EIGHT SPADES SIX,0.6402,0.0056,0.3542
CLUBS EIGHT SPADES FIVE,0.6442,0.007,0.3488
CLUBS EIGHT SPADES FOUR,0.6618,0.0068,0.3314
CLUBS EIGHT SPADES THREE,0.6766,0.006,0.3174
CLUBS EIGHT SPADES TWO,0.6766,0.0056,0.3178
HEARTS SIX DIAMONDS TEN,0.678,0.0062,0.3158
HEARTS SEVEN DIAMONDS TEN,0.6748,0.009,0.3162
DIAMONDS TEN HEARTS EIGHT,0.6534,0.0068,0.3398
CLUBS JACK CLUBS FOUR,0.6918,0.0292,0.279
DIAMONDS TEN HEARTS NINE,0.6472,0.0064,0.3464
CLUBS TEN CLUBS FOUR,0.63,0.006,0.364
CLUBS FOUR CLUBS KING,0.629,0.086,0.285
CLUBS FOUR CLUBS QUEEN,0.6144,0.0074,0.3782
CLUBS TWO DIAMONDS TEN,0.6838,0.0076,0.3086
CLUBS THREE DIAMONDS TEN,0.6924,0.0082,0.2994
CLUBS FOUR CLUBS ACE,0.39,0.005,0.605
DIAMONDS QUEEN DIAMONDS TEN,0.592,0.0046,0.4034
HEARTS TWO DIAMONDS TEN,0.6918,0.0086,0.2996
DIAMONDS KING DIAMONDS TEN,0.6458,0.0824,0.2718
HEARTS THREE DIAMONDS TEN,0.6914,0.0066,0.302
DIAMONDS ACE DIAMONDS TEN,0.3938,0.0052,0.601
HEARTS FOUR DIAMONDS TEN,0.6708,0.0078,0.3214
CLUBS EIGHT HEARTS JACK,0.738,0.027,0.235
HEARTS FIVE DIAMONDS TEN,0.6974,0.0068,0.2958
CLUBS EIGHT HEARTS TEN,0.6506,0.0054,0.344
CLUBS EIGHT HEARTS QUEEN,0.65,0.006,0.344
CLUBS EIGHT HEARTS ACE,0.4306,0.0052,0.5642
CLUBS NINE SPADES THREE,0.6804,0.0064,0.3132
CLUBS NINE SPADES TWO,0.673,0.0066,0.3204
CLUBS NINE SPADES FIVE,0.6568,0.0064,0.3368
CLUBS NINE SPADES FOUR,0.6724,0.0058,0.3218
CLUBS NINE SPADES SEVEN,0.6376,0.0044,0.358
CLUBS NINE SPADES SIX,0.6442,0.005,0.3508
CLUBS NINE SPADES NINE,0.4524,0.006,0.5416
CLUBS TEN HEARTS EIGHT,0.6564,0.0066,0.337
CLUBS NINE SPADES EIGHT,0.6248,0.0046,0.3706
CLUBS JACK HEARTS EIGHT,0.7414,0.0278,0.2308
HEARTS EIGHT CLUBS QUEEN,0.648,0.0068,0.3452
CLUBS KING HEARTS EIGHT,0.6796,0.091,0.2294
CLUBS ACE HEARTS EIGHT,0.4108,0.0038,0.5854
SPADES KING CLUBS KING,0.1168,0.0146,0.8686
SPADES QUEEN CLUBS KING,0.2462,0.059,0.6948
SPADES ACE CLUBS KING,0.2468,0.0138,0.7394
DIAMONDS ACE HEARTS TEN,0.4016,0.005,0.5934
HEARTS FOUR HEARTS TEN,0.6468,0.0064,0.3468
DIAMONDS ACE HEARTS JACK,0.25,0.0164,0.7336
HEARTS FOUR HEARTS JACK,0.7172,0.031,0.2518
SPADES KING CLUBS FIVE,0.6716,0.0842,0.2442
SPADES QUEEN CLUBS FIVE,0.6402,0.0068,0.353
SPADES ACE CLUBS FIVE,0.4164,0.003,0.5806
SPADES ACE SPADES SIX,0.396,0.0046,0.5994
SPADES FOUR HEARTS ACE,0.418,0.0072,0.5748
SPADES QUEEN SPADES SIX,0.6066,0.0058,0.3876
SPADES FOUR HEARTS QUEEN,0.6524,0.007,0.3406
SPADES KING SPADES SIX,0.6296,0.0894,0.281
SPADES TEN SPADES SIX,0.6248,0.005,0.3702
SPADES JACK SPADES SIX,0.6832,0.0274,0.2894
SPADES ACE DIAMONDS THREE,0.4304,0.0056,0.564
SPADES QUEEN DIAMONDS THREE,0.6636,0.0064,0.33
SPADES KING DIAMONDS THREE,0.6884,0.0882,0.2234
SPADES TEN CLUBS FIVE,0.6768,0.0058,0.3174
SPADES JACK HEARTS SIX,0.7464,0.0282,0.2254
HEARTS SIX SPADES TEN,0.6686,0.0074,0.324
SPADES JACK CLUBS FIVE,0.7384,0.0292,0.2324
SPADES JACK DIAMONDS THREE,0.7448,0.0326,0.2226
CLUBS SEVEN CLUBS ACE,0.3894,0.003,0.6076
DIAMONDS THREE SPADES TEN,0.6856,0.0068,0.3076
CLUBS SEVEN CLUBS QUEEN,0.609,0.0068,0.3842
CLUBS SEVEN CLUBS KING,0.626,0.0826,0.2914
CLUBS TEN CLUBS SEVEN,0.6118,0.0052,0.383
DIAMONDS ACE HEARTS ACE,0.1246,0.0044,0.871
HEARTS FOUR HEARTS ACE,0.393,0.0052,0.6018
SPADES ACE HEARTS SIX,0.4342,0.003,0.5628
CLUBS JACK CLUBS SEVEN,0.682,0.0268,0.2912
SPADES KING HEARTS SIX,0.6728,0.087,0.2402
DIAMONDS ACE HEARTS QUEEN,0.3804,0.006,0.6136
HEARTS FOUR HEARTS QUEEN,0.611,0.0066,0.3824
SPADES QUEEN HEARTS SIX,0.6496,0.0074,0.343
DIAMONDS TEN SPADES TWO,0.6798,0.008,0.3122
SPADES THREE DIAMONDS TEN,0.6884,0.0056,0.306
SPADES FOUR DIAMONDS TEN,0.6868,0.005,0.3082
SPADES FIVE DIAMONDS TEN,0.6806,0.0056,0.3138
SPADES SIX DIAMONDS TEN,0.6714,0.0062,0.3224
SPADES SEVEN DIAMONDS TEN,0.6812,0.0064,0.3124
SPADES EIGHT DIAMONDS TEN,0.6528,0.008,0.3392
SPADES NINE DIAMONDS TEN,0.6356,0.0054,0.359
CLUBS FOUR DIAMONDS TEN,0.68,0.0064,0.3136
CLUBS FIVE DIAMONDS TEN,0.6938,0.0074,0.2988
CLUBS SIX DIAMONDS TEN,0.6666,0.0072,0.3262
CLUBS SEVEN DIAMONDS TEN,0.6622,0.0054,0.3324
CLUBS EIGHT DIAMONDS TEN,0.656,0.0074,0.3366
CLUBS NINE DIAMONDS TEN,0.6314,0.0058,0.3628
CLUBS JACK DIAMONDS THREE,0.7562,0.034,0.2098
CLUBS TEN DIAMONDS THREE,0.6934,0.0068,0.2998
DIAMONDS THREE CLUBS KING,0.6872,0.0912,0.2216
DIAMONDS THREE CLUBS QUEEN,0.647,0.0084,0.3446
DIAMONDS THREE CLUBS ACE,0.4208,0.0056,0.5736
SPADES FOUR HEARTS JACK,0.7458,0.0326,0.2216
SPADES FOUR HEARTS TEN,0.6924,0.0076,0.3
SPADES FIVE SPADES TWO,0.6114,0.0064,0.3822
SPADES FOUR SPADES TWO,0.6108,0.0074,0.3818
SPADES THREE SPADES TWO,0.6062,0.007,0.3868
SPADES NINE SPADES TWO,0.6358,0.0072,0.357
SPADES EIGHT SPADES TWO,0.63,0.0064,0.3636
SPADES SEVEN SPADES TWO,0.6342,0.0058,0.36
SPADES SIX SPADES TWO,0.6144,0.009,0.3766
CLUBS THREE DIAMONDS QUEEN,0.6576,0.0066,0.3358
HEARTS TWO CLUBS THREE,0.65,0.0066,0.3434
CLUBS TWO DIAMONDS QUEEN,0.6586,0.007,0.3344
HEARTS TWO CLUBS TWO,0.4838,0.0098,0.5064
HEARTS SEVEN DIAMONDS QUEEN,0.6548,0.0074,0.3378
HEARTS SEVEN HEARTS TWO,0.6498,0.0048,0.3454
HEARTS SIX DIAMONDS QUEEN,0.6508,0.0066,0.3426
HEARTS SIX HEARTS TWO,0.6432,0.007,0.3498
DIAMONDS QUEEN HEARTS NINE,0.6384,0.008,0.3536
HEARTS TWO HEARTS NINE,0.653,0.008,0.339
DIAMONDS QUEEN HEARTS EIGHT,0.6446,0.0078,0.3476
HEARTS TWO HEARTS EIGHT,0.645,0.0084,0.3466
CLUBS NINE HEARTS TWO,0.6804,0.0086,0.311
CLUBS NINE DIAMONDS QUEEN,0.6258,0.0074,0.3668
CLUBS EIGHT DIAMONDS QUEEN,0.6496,0.0066,0.3438
CLUBS EIGHT HEARTS TWO,0.6628,0.009,0.3282
CLUBS FIVE DIAMONDS QUEEN,0.6362,0.0064,0.3574
CLUBS FIVE HEARTS TWO,0.6436,0.0078,0.3486
SPADES EIGHT HEARTS ACE,0.4108,0.0044,0.5848
CLUBS FOUR DIAMONDS QUEEN,0.642,0.0066,0.3514
CLUBS FOUR HEARTS TWO,0.6436,0.0082,0.3482
CLUBS SEVEN DIAMONDS QUEEN,0.6586,0.0074,0.334
CLUBS SEVEN HEARTS TWO,0.6804,0.0084,0.3112
SPADES EIGHT HEARTS QUEEN,0.6372,0.0072,0.3556
CLUBS SIX DIAMONDS QUEEN,0.6498,0.0078,0.3424
CLUBS SIX HEARTS TWO,0.6632,0.007,0.3298
HEARTS TWO SPADES SIX,0.6716,0.0074,0.321
SPADES SIX DIAMONDS QUEEN,0.652,0.0068,0.3412
HEARTS FOUR CLUBS QUEEN,0.6562,0.0072,0.3366
DIAMONDS ACE CLUBS QUEEN,0.3696,0.0048,0.6256
SPADES SEVEN DIAMONDS QUEEN,0.6492,0.006,0.3448
SPADES SEVEN HEARTS TWO,0.6742,0.0078,0.318
HEARTS FOUR CLUBS KING,0.6842,0.082,0.2338
DIAMONDS ACE CLUBS KING,0.2296,0.0124,0.758
SPADES EIGHT DIAMONDS QUEEN,0.6346,0.0078,0.3576
SPADES EIGHT HEARTS TWO,0.6692,0.0062,0.3246
HEARTS FOUR CLUBS ACE,0.4252,0.004,0.5708
DIAMONDS ACE CLUBS ACE,0.127,0.005,0.868
SPADES NINE DIAMONDS QUEEN,0.634,0.0066,0.3594
SPADES NINE HEARTS TWO,0.681,0.0062,0.3128
HEARTS TWO SPADES TWO,0.4744,0.0132,0.5124
DIAMONDS QUEEN SPADES TWO,0.6582,0.0086,0.3332
HEARTS TWO SPADES THREE,0.6502,0.0074,0.3424
DIAMONDS QUEEN SPADES THREE,0.654,0.0084,0.3376
HEARTS TWO SPADES FOUR,0.6542,0.0094,0.3364
SPADES FOUR DIAMONDS QUEEN,0.6388,0.0082,0.353
CLUBS TEN HEARTS FOUR,0.691,0.0054,0.3036
CLUBS TEN DIAMONDS ACE,0.3892,0.0038,0.607
HEARTS TWO SPADES FIVE,0.6424,0.0078,0.3498
SPADES FIVE DIAMONDS QUEEN,0.6436,0.0076,0.3488
CLUBS JACK HEARTS FOUR,0.7358,0.0304,0.2338
CLUBS JACK DIAMONDS ACE,0.248,0.0158,0.7362
CLUBS FIVE CLUBS KING,0.6236,0.0804,0.296
CLUBS FIVE CLUBS QUEEN,0.6004,0.0048,0.3948
CLUBS FIVE CLUBS ACE,0.3992,0.0048,0.596
CLUBS JACK CLUBS FIVE,0.688,0.032,0.28
CLUBS TEN CLUBS FIVE,0.633,0.007,0.36
SPADES KING CLUBS JACK,0.0206,0.9646,0.0148
CLUBS JACK SPADES QUEEN,0.7288,0.022,0.2492
SPADES ACE CLUBS JACK,0.243,0.0184,0.7386
SPADES SIX CLUBS KING,0.6808,0.0892,0.23
SPADES SIX CLUBS QUEEN,0.6486,0.005,0.3464
SPADES EIGHT HEARTS JACK,0.7342,0.0296,0.2362
SPADES SIX CLUBS ACE,0.4208,0.003,0.5762
SPADES EIGHT HEARTS TEN,0.648,0.006,0.346
CLUBS JACK SPADES SIX,0.7332,0.0286,0.2382
CLUBS TEN SPADES SIX,0.6636,0.0054,0.331
CLUBS JACK SPADES TEN,0.7182,0.0238,0.258
CLUBS JACK SPADES JACK,0.3158,0.0172,0.667
SPADES QUEEN CLUBS SEVEN,0.6418,0.0068,0.3514
SPADES KING CLUBS SEVEN,0.6674,0.0834,0.2492
SPADES ACE CLUBS SEVEN,0.4346,0.0024,0.563
SPADES SIX HEARTS TEN,0.669,0.0076,0.3234
SPADES SIX HEARTS JACK,0.743,0.0326,0.2244
SPADES SIX HEARTS ACE,0.414,0.0056,0.5804
SPADES SIX HEARTS QUEEN,0.6456,0.0062,0.3482
SPADES JACK CLUBS SEVEN,0.724,0.0262,0.2498
SPADES TEN CLUBS SEVEN,0.6486,0.007,0.3444
CLUBS TEN HEARTS SIX,0.6784,0.0048,0.3168
CLUBS JACK HEARTS SIX,0.7414,0.0344,0.2242
CLUBS JACK CLUBS ACE,0.2286,0.0154,0.756
HEARTS SIX CLUBS QUEEN,0.6584,0.0068,0.3348
HEARTS SIX CLUBS KING,0.6726,0.0846,0.2428
HEARTS SIX CLUBS ACE,0.43,0.004,0.566
CLUBS JACK CLUBS QUEEN,0.6764,0.0244,0.2992
CLUBS JACK CLUBS KING,0.0238,0.9036,0.0726
DIAMONDS THREE HEARTS ACE,0.4226,0.0052,0.5722
DIAMONDS THREE HEARTS QUEEN,0.666,0.009,0.325
CLUBS FIVE HEARTS JACK,0.727,0.0324,0.2406
SPADES TEN DIAMONDS ACE,0.3902,0.003,0.6068
HEARTS FOUR SPADES TEN,0.681,0.0042,0.3148
CLUBS FIVE HEARTS TEN,0.697,0.0064,0.2966
HEARTS FOUR SPADES JACK,0.747,0.0346,0.2184
SPADES JACK DIAMONDS ACE,0.2348,0.0138,0.7514
SPADES ACE HEARTS FOUR,0.421,0.0054,0.5736
SPADES ACE DIAMONDS ACE,0.1318,0.0044,0.8638
CLUBS FIVE HEARTS ACE,0.4268,0.0046,0.5686
HEARTS FOUR SPADES QUEEN,0.6656,0.0074,0.327
SPADES QUEEN DIAMONDS ACE,0.3764,0.0064,0.6172
CLUBS JACK SPADES FOUR,0.749,0.0278,0.2232
CLUBS FIVE HEARTS QUEEN,0.6516,0.0066,0.3418
SPADES KING DIAMONDS ACE,0.2434,0.0118,0.7448
SPADES KING HEARTS FOUR,0.6842,0.0888,0.227
CLUBS TEN SPADES FOUR,0.6734,0.0054,0.3212
DIAMONDS ACE DIAMONDS QUEEN,0.3464,0.0044,0.6492
DIAMONDS ACE HEARTS TWO,0.4354,0.0038,0.5608
HEARTS FOUR DIAMONDS QUEEN,0.6662,0.0058,0.328
HEARTS FOUR HEARTS TWO,0.62,0.0076,0.3724
DIAMONDS THREE HEARTS TEN,0.6956,0.0084,0.296
SPADES FOUR CLUBS KING,0.66,0.099,0.241
HEARTS FIVE DIAMONDS QUEEN,0.6462,0.01,0.3438
HEARTS FIVE HEARTS TWO,0.6208,0.0078,0.3714
DIAMONDS THREE HEARTS JACK,0.7636,0.0318,0.2046
SPADES FOUR CLUBS QUEEN,0.638,0.0056,0.3564
HEARTS TWO DIAMONDS QUEEN,0.66,0.0078,0.3322
DIAMONDS KING DIAMONDS QUEEN,0.224,0.0596,0.7164
DIAMONDS KING HEARTS TWO,0.6938,0.0854,0.2208
HEARTS THREE DIAMONDS QUEEN,0.6508,0.0064,0.3428
HEARTS THREE HEARTS TWO,0.6334,0.0076,0.359
SPADES FOUR CLUBS ACE,0.4078,0.0034,0.5888
HEARTS TWO CLUBS ACE,0.418,0.0046,0.5774
DIAMONDS QUEEN CLUBS ACE,0.3642,0.0046,0.6312
HEARTS TWO CLUBS QUEEN,0.6544,0.0072,0.3384
DIAMONDS QUEEN CLUBS QUEEN,0.282,0.0042,0.7138
HEARTS TWO CLUBS KING,0.6872,0.0832,0.2296
DIAMONDS QUEEN CLUBS KING,0.2336,0.0666,0.6998
SPADES EIGHT SPADES FIVE,0.6,0.009,0.391
CLUBS TEN HEARTS TWO,0.6868,0.0048,0.3084
CLUBS TEN DIAMONDS QUEEN,0.6188,0.0062,0.375
SPADES NINE SPADES FIVE,0.6158,0.0078,0.3764
CLUBS JACK HEARTS TWO,0.7394,0.0322,0.2284
CLUBS JACK DIAMONDS QUEEN,0.726,0.0236,0.2504
SPADES SIX SPADES FIVE,0.5852,0.0054,0.4094
SPADES SEVEN SPADES FIVE,0.5902,0.0066,0.4032
DIAMONDS FIVE CLUBS QUEEN,0.6456,0.0082,0.3462
SPADES EIGHT CLUBS ACE,0.4432,0.002,0.5548
DIAMONDS FIVE CLUBS KING,0.6734,0.0854,0.2412
SPADES EIGHT CLUBS KING,0.6706,0.0808,0.2486
DIAMONDS FIVE CLUBS ACE,0.4248,0.0064,0.5688
SPADES EIGHT CLUBS QUEEN,0.6356,0.005,0.3594
CLUBS JACK SPADES EIGHT,0.7388,0.0306,0.2306
CLUBS TEN SPADES EIGHT,0.6436,0.0044,0.352
CLUBS TEN DIAMONDS FIVE,0.6792,0.0092,0.3116
CLUBS JACK DIAMONDS FIVE,0.7422,0.0344,0.2234
DIAMONDS TEN HEARTS JACK,0.7148,0.0326,0.2526
DIAMONDS TEN HEARTS TEN,0.4402,0.006,0.5538
SPADES ACE CLUBS NINE,0.4138,0.0026,0.5836
SPADES QUEEN CLUBS NINE,0.6324,0.0064,0.3612
SPADES KING CLUBS NINE,0.683,0.077,0.24
DIAMONDS KING SPADES SEVEN,0.665,0.0952,0.2398
HEARTS THREE SPADES SEVEN,0.656,0.0056,0.3384
SPADES KING DIAMONDS SEVEN,0.6938,0.0844,0.2218
HEARTS SIX HEARTS QUEEN,0.6248,0.0054,0.3698
SPADES QUEEN DIAMONDS SEVEN,0.6486,0.006,0.3454
HEARTS THREE SPADES SIX,0.6502,0.0066,0.3432
DIAMONDS KING SPADES SIX,0.6704,0.088,0.2416
SPADES NINE DIAMONDS KING,0.674,0.0862,0.2398
SPADES NINE HEARTS THREE,0.6758,0.0076,0.3166
HEARTS SIX HEARTS ACE,0.4072,0.0044,0.5884
DIAMONDS KING SPADES EIGHT,0.678,0.0866,0.2354
SPADES EIGHT HEARTS THREE,0.665,0.0072,0.3278
SPADES ACE DIAMONDS SEVEN,0.4216,0.0048,0.5736
CLUBS NINE HEARTS THREE,0.6776,0.0062,0.3162
CLUBS NINE DIAMONDS KING,0.6794,0.0872,0.2334
CLUBS EIGHT DIAMONDS KING,0.6784,0.0882,0.2334
CLUBS EIGHT HEARTS THREE,0.68,0.0064,0.3136
HEARTS THREE SPADES THREE,0.4876,0.0104,0.502
DIAMONDS KING SPADES THREE,0.6716,0.087,0.2414
HEARTS THREE SPADES TWO,0.662,0.009,0.329
DIAMONDS KING SPADES TWO,0.681,0.0842,0.2348
HEARTS THREE SPADES FIVE,0.6244,0.0094,0.3662
DIAMONDS KING SPADES FIVE,0.6706,0.0878,0.2416
HEARTS THREE SPADES FOUR,0.6454,0.0088,0.3458
DIAMONDS KING SPADES FOUR,0.6666,0.0872,0.2462
DIAMONDS KING CLUBS TWO,0.672,0.0904,0.2376
HEARTS THREE CLUBS TWO,0.6684,0.0058,0.3258
DIAMONDS KING CLUBS THREE,0.6742,0.0864,0.2394
HEARTS THREE CLUBS THREE,0.479,0.0106,0.5104
