opposingHand,winningChance,drawChance,lostChance
DIAMONDS QUEEN CLUBS KING
HEARTS FIVE SPADES TEN,0.6742,0.0068,0.319
HEARTS FIVE SPADES JACK,0.6684,0.0054,0.3262
SPADES FIVE CLUBS JACK,0.6848,0.0064,0.3088
CLUBS TEN SPADES FIVE,0.6846,0.0066,0.3088
CLUBS EIGHT CLUBS JACK,0.6284,0.0086,0.363
CLUBS TEN CLUBS EIGHT,0.6182,0.0052,0.3766
SPADES FIVE CLUBS ACE,0.4006,0.0058,0.5936
CLUBS EIGHT CLUBS QUEEN,0.7054,0.0282,0.2664
SPADES FIVE CLUBS QUEEN,0.7532,0.028,0.2188
CLUBS EIGHT CLUBS ACE,0.3984,0.006,0.5956
DIAMONDS TWO DIAMONDS THREE,0.6316,0.0062,0.3622
DIAMONDS TWO DIAMONDS FIVE,0.6176,0.0086,0.3738
HEARTS FIVE SPADES KING,0.6928,0.069,0.2382
DIAMONDS TWO DIAMONDS FOUR,0.6198,0.0096,0.3706
HEARTS FIVE SPADES QUEEN,0.7374,0.0284,0.2342
DIAMONDS TWO DIAMONDS SEVEN,0.637,0.0086,0.3544
DIAMONDS TWO DIAMONDS SIX,0.6128,0.0066,0.3806
SPADES ACE HEARTS FIVE,0.4116,0.003,0.5854
DIAMONDS TWO DIAMONDS NINE,0.644,0.0056,0.3504
DIAMONDS TWO DIAMONDS EIGHT,0.6548,0.0066,0.3386
DIAMONDS THREE DIAMONDS FOUR,0.6002,0.0102,0.3896
CLUBS TWO SPADES FOUR,0.6692,0.0052,0.3256
DIAMONDS THREE DIAMONDS FIVE,0.599,0.0068,0.3942
SPADES FIVE CLUBS TWO,0.6566,0.0076,0.3358
CLUBS TWO SPADES TWO,0.468,0.0088,0.5232
CLUBS TWO SPADES THREE,0.6538,0.0084,0.3378
DIAMONDS THREE DIAMONDS EIGHT,0.6452,0.0074,0.3474
SPADES EIGHT CLUBS TWO,0.6738,0.0076,0.3186
DIAMONDS THREE DIAMONDS NINE,0.6282,0.0072,0.3646
SPADES NINE CLUBS TWO,0.6714,0.0088,0.3198
DIAMONDS THREE DIAMONDS SIX,0.6288,0.0068,0.3644
SPADES SIX CLUBS TWO,0.6594,0.0056,0.335
DIAMONDS THREE DIAMONDS SEVEN,0.6298,0.006,0.3642
SPADES SEVEN CLUBS TWO,0.6888,0.0052,0.306
CLUBS SIX CLUBS TWO,0.629,0.0062,0.3648
CLUBS SEVEN CLUBS TWO,0.6458,0.0084,0.3458
CLUBS FOUR CLUBS TWO,0.6238,0.0088,0.3674
CLUBS FIVE CLUBS TWO,0.6212,0.0068,0.372
CLUBS TEN CLUBS JACK,0.6044,0.0082,0.3874
DIAMONDS FOUR DIAMONDS SIX,0.5906,0.0084,0.401
CLUBS TEN CLUBS QUEEN,0.7036,0.0224,0.274
DIAMONDS FOUR DIAMONDS SEVEN,0.605,0.0068,0.3882
CLUBS TEN CLUBS ACE,0.3828,0.0028,0.6144
CLUBS EIGHT CLUBS TWO,0.6524,0.0074,0.3402
DIAMONDS FIVE DIAMONDS FOUR,0.5928,0.0094,0.3978
CLUBS NINE CLUBS TWO,0.645,0.0068,0.3482
DIAMONDS NINE DIAMONDS FOUR,0.6398,0.0074,0.3528
DIAMONDS EIGHT DIAMONDS FOUR,0.6266,0.0052,0.3682
CLUBS THREE CLUBS TWO,0.616,0.0084,0.3756
DIAMONDS NINE DIAMONDS FIVE,0.6276,0.007,0.3654
DIAMONDS TWO CLUBS JACK,0.695,0.007,0.298
DIAMONDS EIGHT DIAMONDS FIVE,0.6054,0.0068,0.3878
CLUBS TEN DIAMONDS TWO,0.6886,0.0092,0.3022
DIAMONDS FIVE DIAMONDS SEVEN,0.6108,0.007,0.3822
DIAMONDS FIVE DIAMONDS SIX,0.5848,0.0066,0.4086
DIAMONDS TWO CLUBS ACE,0.4096,0.0062,0.5842
DIAMONDS TWO CLUBS QUEEN,0.7518,0.0282,0.22
DIAMONDS EIGHT DIAMONDS SIX,0.6116,0.0078,0.3806
DIAMONDS NINE DIAMONDS SIX,0.628,0.0074,0.3646
HEARTS ACE SPADES THREE,0.4228,0.0038,0.5734
SPADES THREE HEARTS KING,0.6864,0.0674,0.2462
DIAMONDS SEVEN DIAMONDS SIX,0.5922,0.0064,0.4014
HEARTS QUEEN SPADES THREE,0.745,0.027,0.228
SPADES THREE HEARTS JACK,0.6772,0.006,0.3168
SPADES THREE HEARTS TEN,0.669,0.0058,0.3252
DIAMONDS EIGHT DIAMONDS SEVEN,0.6008,0.007,0.3922
DIAMONDS NINE DIAMONDS SEVEN,0.606,0.0082,0.3858
DIAMONDS NINE DIAMONDS EIGHT,0.6098,0.0068,0.3834
DIAMONDS KING HEARTS TEN,0.6902,0.0616,0.2482
HEARTS THREE HEARTS TEN,0.6358,0.0046,0.3596
SPADES JACK CLUBS SIX,0.6786,0.008,0.3134
DIAMONDS KING HEARTS JACK,0.7046,0.062,0.2334
HEARTS THREE HEARTS JACK,0.6302,0.0072,0.3626
SPADES TEN CLUBS SIX,0.6622,0.007,0.3308
SPADES JACK SPADES FIVE,0.6328,0.006,0.3612
SPADES TEN SPADES FIVE,0.6364,0.0052,0.3584
DIAMONDS KING HEARTS ACE,0.2358,0.0122,0.752
HEARTS THREE HEARTS ACE,0.3858,0.0052,0.609
SPADES ACE CLUBS SIX,0.4174,0.0038,0.5788
DIAMONDS KING HEARTS QUEEN,0.0122,0.9692,0.0186
HEARTS THREE HEARTS QUEEN,0.7082,0.0276,0.2642
SPADES KING CLUBS SIX,0.6892,0.0608,0.25
DIAMONDS KING HEARTS KING,0.0876,0.0132,0.8992
HEARTS THREE HEARTS KING,0.6522,0.0656,0.2822
SPADES QUEEN CLUBS SIX,0.7442,0.0246,0.2312
SPADES NINE HEARTS TEN,0.6434,0.0054,0.3512
SPADES NINE HEARTS JACK,0.6444,0.0062,0.3494
SPADES QUEEN SPADES FIVE,0.6962,0.0238,0.28
SPADES KING SPADES FIVE,0.647,0.0576,0.2954
SPADES ACE SPADES FIVE,0.3886,0.0048,0.6066
SPADES NINE HEARTS QUEEN,0.73,0.0256,0.2444
SPADES NINE HEARTS KING,0.695,0.0618,0.2432
SPADES NINE HEARTS ACE,0.4072,0.005,0.5878
CLUBS TEN SPADES JACK,0.6512,0.0058,0.343
CLUBS TEN SPADES TEN,0.4386,0.0042,0.5572
SPADES ACE CLUBS TEN,0.3996,0.0046,0.5958
SPADES KING CLUBS TEN,0.696,0.0656,0.2384
CLUBS TEN SPADES QUEEN,0.7248,0.026,0.2492
SPADES FIVE HEARTS QUEEN,0.7442,0.0282,0.2276
SPADES FIVE HEARTS KING,0.6804,0.066,0.2536
HEARTS ACE SPADES FIVE,0.417,0.0032,0.5798
CLUBS EIGHT SPADES TEN,0.6472,0.0064,0.3464
SPADES JACK HEARTS THREE,0.6874,0.0062,0.3064
SPADES JACK DIAMONDS KING,0.6988,0.0676,0.2336
SPADES TEN DIAMONDS KING,0.7044,0.0598,0.2358
SPADES TEN HEARTS THREE,0.685,0.0056,0.3094
SPADES JACK CLUBS EIGHT,0.6506,0.0066,0.3428
CLUBS SIX HEARTS ACE,0.4094,0.0052,0.5854
SPADES ACE CLUBS EIGHT,0.438,0.005,0.557
HEARTS FIVE CLUBS JACK,0.695,0.0034,0.3016
HEARTS FIVE CLUBS TEN,0.6798,0.0082,0.312
CLUBS SIX HEARTS QUEEN,0.7404,0.0234,0.2362
SPADES QUEEN CLUBS EIGHT,0.7506,0.0274,0.222
CLUBS TEN SPADES THREE,0.6894,0.007,0.3036
CLUBS SIX HEARTS KING,0.6944,0.0622,0.2434
SPADES KING CLUBS EIGHT,0.7122,0.0622,0.2256
SPADES THREE CLUBS JACK,0.6862,0.006,0.3078
DIAMONDS TWO HEARTS JACK,0.6948,0.007,0.2982
SPADES THREE CLUBS QUEEN,0.7512,0.03,0.2188
DIAMONDS TWO HEARTS TEN,0.6952,0.0084,0.2964
HEARTS FIVE CLUBS ACE,0.4178,0.004,0.5782
SPADES FIVE HEARTS TEN,0.6746,0.0062,0.3192
SPADES THREE CLUBS ACE,0.4208,0.006,0.5732
SPADES FIVE HEARTS JACK,0.6722,0.006,0.3218
HEARTS FIVE CLUBS QUEEN,0.7276,0.0342,0.2382
HEARTS THREE CLUBS QUEEN,0.7392,0.0348,0.226
DIAMONDS KING CLUBS QUEEN,0.0076,0.984,0.0084
HEARTS FIVE HEARTS JACK,0.63,0.0076,0.3624
HEARTS FIVE HEARTS TEN,0.6248,0.0062,0.369
HEARTS THREE CLUBS ACE,0.4184,0.0054,0.5762
DIAMONDS KING CLUBS ACE,0.2264,0.013,0.7606
SPADES ACE CLUBS QUEEN,0.2512,0.011,0.7378
SPADES KING CLUBS QUEEN,0.0186,0.971,0.0104
HEARTS THREE CLUBS JACK,0.699,0.0062,0.2948
DIAMONDS KING CLUBS JACK,0.7076,0.0558,0.2366
SPADES QUEEN CLUBS QUEEN,0.3042,0.0114,0.6844
CLUBS TEN HEARTS THREE,0.679,0.0082,0.3128
CLUBS TEN DIAMONDS KING,0.6998,0.0638,0.2364
SPADES JACK CLUBS QUEEN,0.7406,0.0224,0.237
CLUBS SIX CLUBS QUEEN,0.7026,0.028,0.2694
SPADES TEN CLUBS QUEEN,0.7218,0.0298,0.2484
CLUBS SIX CLUBS ACE,0.4096,0.0044,0.586
HEARTS FIVE HEARTS KING,0.6462,0.0588,0.295
HEARTS FIVE HEARTS QUEEN,0.694,0.0254,0.2806
CLUBS TEN CLUBS SIX,0.6392,0.0056,0.3552
HEARTS FIVE HEARTS ACE,0.3862,0.0044,0.6094
CLUBS SIX CLUBS JACK,0.6614,0.0074,0.3312
SPADES SEVEN HEARTS JACK,0.6742,0.0044,0.3214
SPADES SEVEN HEARTS TEN,0.6422,0.0058,0.352
DIAMONDS TWO CLUBS TWO,0.4856,0.0084,0.506
DIAMONDS TWO CLUBS THREE,0.6534,0.0084,0.3382
DIAMONDS TWO HEARTS SIX,0.6804,0.0048,0.3148
DIAMONDS TWO HEARTS QUEEN,0.755,0.0292,0.2158
HEARTS SEVEN DIAMONDS TWO,0.672,0.0058,0.3222
DIAMONDS TWO HEARTS KING,0.721,0.0636,0.2154
DIAMONDS TWO HEARTS EIGHT,0.6648,0.0048,0.3304
DIAMONDS TWO HEARTS ACE,0.421,0.0054,0.5736
DIAMONDS TWO HEARTS NINE,0.681,0.0096,0.3094
DIAMONDS TWO HEARTS TWO,0.4848,0.0084,0.5068
DIAMONDS TWO DIAMONDS KING,0.6576,0.0608,0.2816
DIAMONDS TWO HEARTS THREE,0.648,0.0052,0.3468
DIAMONDS TWO DIAMONDS ACE,0.3988,0.0052,0.596
HEARTS FOUR DIAMONDS TWO,0.651,0.0086,0.3404
HEARTS FIVE DIAMONDS TWO,0.6484,0.0102,0.3414
SPADES SEVEN HEARTS ACE,0.4232,0.0036,0.5732
DIAMONDS TWO DIAMONDS TEN,0.655,0.011,0.334
SPADES SEVEN HEARTS KING,0.7016,0.06,0.2384
DIAMONDS TWO DIAMONDS JACK,0.6614,0.0068,0.3318
SPADES SEVEN HEARTS QUEEN,0.7368,0.0204,0.2428
DIAMONDS TWO SPADES NINE,0.6848,0.007,0.3082
DIAMONDS TWO SPADES EIGHT,0.6842,0.0084,0.3074
DIAMONDS TWO SPADES SEVEN,0.6652,0.0054,0.3294
DIAMONDS TWO SPADES SIX,0.6704,0.005,0.3246
DIAMONDS TWO SPADES FIVE,0.6504,0.0072,0.3424
DIAMONDS TWO SPADES FOUR,0.655,0.0078,0.3372
DIAMONDS TWO SPADES THREE,0.6546,0.0074,0.338
DIAMONDS TWO SPADES TWO,0.4818,0.0082,0.51
CLUBS NINE DIAMONDS TWO,0.6908,0.0074,0.3018
DIAMONDS TWO CLUBS EIGHT,0.6908,0.0058,0.3034
CLUBS SEVEN DIAMONDS TWO,0.6762,0.0066,0.3172
DIAMONDS TWO CLUBS SIX,0.6718,0.0066,0.3216
DIAMONDS TWO CLUBS FIVE,0.656,0.0064,0.3376
DIAMONDS TWO CLUBS FOUR,0.6446,0.0074,0.348
CLUBS FOUR SPADES FIVE,0.6324,0.0064,0.3612
CLUBS FOUR SPADES FOUR,0.4656,0.0098,0.5246
CLUBS FOUR SPADES THREE,0.6296,0.008,0.3624
CLUBS FOUR SPADES TWO,0.6518,0.0076,0.3406
SPADES NINE CLUBS FOUR,0.6732,0.0074,0.3194
SPADES EIGHT CLUBS FOUR,0.6606,0.0076,0.3318
SPADES SEVEN CLUBS FOUR,0.6474,0.0076,0.345
CLUBS FOUR SPADES SIX,0.6358,0.0052,0.359
SPADES ACE DIAMONDS SIX,0.4242,0.0048,0.571
SPADES QUEEN DIAMONDS SIX,0.7392,0.0268,0.234
SPADES KING DIAMONDS SIX,0.7114,0.0582,0.2304
SPADES TEN DIAMONDS SIX,0.6672,0.0072,0.3256
SPADES JACK DIAMONDS SIX,0.6738,0.0052,0.321
SPADES QUEEN SPADES TWO,0.696,0.0288,0.2752
SPADES KING SPADES TWO,0.664,0.0602,0.2758
SPADES ACE SPADES TWO,0.3944,0.0034,0.6022
DIAMONDS JACK CLUBS JACK,0.4292,0.0048,0.566
CLUBS TEN DIAMONDS JACK,0.642,0.0072,0.3508
DIAMONDS JACK CLUBS QUEEN,0.7354,0.0268,0.2378
DIAMONDS THREE DIAMONDS JACK,0.6518,0.008,0.3402
DIAMONDS THREE DIAMONDS TEN,0.6504,0.0082,0.3414
DIAMONDS JACK CLUBS ACE,0.4038,0.0048,0.5914
DIAMONDS THREE DIAMONDS KING,0.6662,0.0638,0.27
DIAMONDS THREE HEARTS THREE,0.487,0.0094,0.5036
DIAMONDS THREE HEARTS TWO,0.6416,0.009,0.3494
HEARTS FIVE DIAMONDS THREE,0.642,0.0066,0.3514
DIAMONDS THREE DIAMONDS ACE,0.3926,0.007,0.6004
HEARTS FOUR DIAMONDS THREE,0.6478,0.0078,0.3444
HEARTS SEVEN DIAMONDS THREE,0.6536,0.0074,0.339
SPADES TEN SPADES NINE,0.5962,0.0068,0.397
HEARTS SIX DIAMONDS THREE,0.6304,0.0076,0.362
SPADES JACK SPADES NINE,0.6112,0.0064,0.3824
DIAMONDS THREE HEARTS NINE,0.6718,0.005,0.3232
HEARTS JACK DIAMONDS FOUR,0.6888,0.0052,0.306
HEARTS ACE HEARTS KING,0.228,0.0106,0.7614
SPADES TEN SPADES TWO,0.632,0.0062,0.3618
DIAMONDS THREE HEARTS EIGHT,0.6794,0.0064,0.3142
HEARTS TEN DIAMONDS FOUR,0.6952,0.0068,0.298
SPADES JACK SPADES TWO,0.6342,0.0064,0.3594
HEARTS QUEEN DIAMONDS FOUR,0.7448,0.0308,0.2244
HEARTS KING DIAMONDS FOUR,0.701,0.0664,0.2326
SPADES ACE SPADES NINE,0.3958,0.0032,0.601
HEARTS ACE DIAMONDS FOUR,0.4108,0.005,0.5842
SPADES KING SPADES NINE,0.6464,0.0594,0.2942
SPADES QUEEN SPADES NINE,0.684,0.028,0.288
DIAMONDS THREE SPADES NINE,0.6732,0.0084,0.3184
DIAMONDS THREE SPADES EIGHT,0.671,0.0082,0.3208
DIAMONDS THREE SPADES SEVEN,0.6618,0.0088,0.3294
DIAMONDS THREE SPADES SIX,0.6502,0.005,0.3448
DIAMONDS THREE CLUBS SIX,0.6484,0.006,0.3456
CLUBS FIVE CLUBS SIX,0.5998,0.0092,0.391
CLUBS ACE DIAMONDS FOUR,0.4298,0.0052,0.565
CLUBS SEVEN DIAMONDS THREE,0.6734,0.0062,0.3204
CLUBS SEVEN CLUBS FIVE,0.6116,0.0072,0.3812
DIAMONDS THREE CLUBS FOUR,0.6498,0.0094,0.3408
DIAMONDS FOUR CLUBS QUEEN,0.7572,0.0256,0.2172
DIAMONDS THREE CLUBS FIVE,0.6346,0.0088,0.3566
DIAMONDS THREE CLUBS TWO,0.6566,0.0082,0.3352
CLUBS TEN DIAMONDS FOUR,0.6884,0.0068,0.3048
DIAMONDS THREE CLUBS THREE,0.484,0.0086,0.5074
DIAMONDS FOUR CLUBS JACK,0.6872,0.0076,0.3052
DIAMONDS THREE SPADES FOUR,0.6358,0.0088,0.3554
DIAMONDS THREE SPADES FIVE,0.6448,0.0084,0.3468
DIAMONDS THREE SPADES TWO,0.6494,0.009,0.3416
DIAMONDS THREE SPADES THREE,0.483,0.006,0.511
CLUBS EIGHT DIAMONDS THREE,0.6834,0.007,0.3096
CLUBS NINE DIAMONDS THREE,0.6904,0.0072,0.3024
SPADES SEVEN CLUBS ACE,0.4154,0.0038,0.5808
SPADES SEVEN CLUBS QUEEN,0.7378,0.0294,0.2328
CLUBS FIVE SPADES SEVEN,0.633,0.0066,0.3604
CLUBS TEN SPADES SEVEN,0.6498,0.0044,0.3458
CLUBS FIVE SPADES SIX,0.6226,0.0066,0.3708
SPADES SEVEN CLUBS JACK,0.666,0.0048,0.3292
CLUBS FIVE SPADES NINE,0.6672,0.0076,0.3252
CLUBS FIVE SPADES EIGHT,0.6456,0.0056,0.3488
CLUBS FIVE SPADES THREE,0.6264,0.006,0.3676
CLUBS FIVE SPADES TWO,0.6366,0.007,0.3564
CLUBS FIVE SPADES FIVE,0.473,0.006,0.521
CLUBS FIVE SPADES FOUR,0.614,0.006,0.38
CLUBS NINE CLUBS FIVE,0.6254,0.0096,0.365
CLUBS EIGHT CLUBS FIVE,0.6204,0.0076,0.372
CLUBS ACE CLUBS QUEEN,0.2364,0.011,0.7526
DIAMONDS TEN DIAMONDS FOUR,0.6536,0.0062,0.3402
CLUBS TEN DIAMONDS NINE,0.6298,0.0054,0.3648
DIAMONDS JACK DIAMONDS FOUR,0.6468,0.0072,0.346
DIAMONDS NINE CLUBS JACK,0.6554,0.0076,0.337
SPADES NINE CLUBS JACK,0.656,0.007,0.337
CLUBS TEN SPADES NINE,0.64,0.0082,0.3518
DIAMONDS ACE DIAMONDS FOUR,0.4068,0.0052,0.588
HEARTS FOUR DIAMONDS FOUR,0.474,0.0092,0.5168
DIAMONDS JACK HEARTS TEN,0.6406,0.007,0.3524
DIAMONDS TWO SPADES TEN,0.6888,0.0056,0.3056
DIAMONDS NINE CLUBS ACE,0.4086,0.0054,0.586
HEARTS FIVE DIAMONDS FOUR,0.6256,0.0078,0.3666
DIAMONDS JACK HEARTS JACK,0.422,0.0048,0.5732
SPADES NINE CLUBS QUEEN,0.733,0.0264,0.2406
DIAMONDS TWO SPADES JACK,0.6876,0.0058,0.3066
HEARTS TWO DIAMONDS FOUR,0.6514,0.0104,0.3382
DIAMONDS NINE CLUBS QUEEN,0.7418,0.0274,0.2308
DIAMONDS KING DIAMONDS FOUR,0.666,0.0624,0.2716
HEARTS THREE DIAMONDS FOUR,0.6512,0.008,0.3408
SPADES NINE CLUBS ACE,0.418,0.0052,0.5768
HEARTS ACE DIAMONDS JACK,0.4044,0.005,0.5906
SPADES ACE DIAMONDS TWO,0.418,0.0056,0.5764
HEARTS QUEEN DIAMONDS JACK,0.7354,0.0266,0.238
SPADES QUEEN DIAMONDS TWO,0.748,0.0272,0.2248
DIAMONDS JACK HEARTS KING,0.6898,0.0536,0.2566
SPADES KING DIAMONDS TWO,0.7008,0.0676,0.2316
SPADES JACK SPADES SEVEN,0.625,0.0066,0.3684
SPADES TEN SPADES SEVEN,0.6168,0.0058,0.3774
CLUBS SEVEN CLUBS THREE,0.6334,0.0064,0.3602
CLUBS SIX CLUBS THREE,0.6194,0.008,0.3726
CLUBS FIVE CLUBS THREE,0.5892,0.01,0.4008
CLUBS THREE CLUBS FOUR,0.6032,0.0088,0.388
CLUBS NINE CLUBS THREE,0.638,0.0086,0.3534
CLUBS EIGHT CLUBS THREE,0.6614,0.0092,0.3294
CLUBS THREE SPADES FIVE,0.6388,0.0082,0.353
CLUBS THREE SPADES FOUR,0.6464,0.0068,0.3468
CLUBS THREE SPADES THREE,0.4778,0.009,0.5132
CLUBS THREE SPADES TWO,0.6544,0.0078,0.3378
CLUBS THREE SPADES SIX,0.6548,0.0076,0.3376
CLUBS THREE SPADES SEVEN,0.6618,0.0048,0.3334
SPADES EIGHT CLUBS THREE,0.6718,0.0066,0.3216
SPADES NINE CLUBS THREE,0.6728,0.006,0.3212
SPADES TWO DIAMONDS FOUR,0.6422,0.008,0.3498
SPADES THREE DIAMONDS FOUR,0.6404,0.0056,0.354
SPADES FOUR DIAMONDS FOUR,0.4708,0.0086,0.5206
SPADES FIVE DIAMONDS FOUR,0.6196,0.009,0.3714
SPADES SIX DIAMONDS FOUR,0.6308,0.0068,0.3624
SPADES SEVEN DIAMONDS FOUR,0.648,0.007,0.345
SPADES EIGHT DIAMONDS FOUR,0.6622,0.0072,0.3306
SPADES NINE DIAMONDS FOUR,0.6698,0.0066,0.3236
CLUBS FIVE DIAMONDS FOUR,0.64,0.0084,0.3516
CLUBS FOUR DIAMONDS FOUR,0.4718,0.0068,0.5214
CLUBS SEVEN DIAMONDS FOUR,0.648,0.0068,0.3452
CLUBS SIX DIAMONDS FOUR,0.645,0.0088,0.3462
CLUBS NINE DIAMONDS FOUR,0.6824,0.0068,0.3108
CLUBS EIGHT DIAMONDS FOUR,0.6704,0.0078,0.3218
HEARTS SEVEN DIAMONDS FOUR,0.6524,0.0078,0.3398
HEARTS SIX DIAMONDS FOUR,0.6276,0.006,0.3664
DIAMONDS FOUR HEARTS NINE,0.6706,0.0074,0.322
DIAMONDS FOUR HEARTS EIGHT,0.6546,0.0078,0.3376
CLUBS THREE DIAMONDS FOUR,0.639,0.0086,0.3524
CLUBS TWO DIAMONDS FOUR,0.65,0.0086,0.3414
DIAMONDS TEN DIAMONDS FIVE,0.6622,0.0066,0.3312
DIAMONDS JACK DIAMONDS FIVE,0.651,0.0068,0.3422
DIAMONDS NINE HEARTS QUEEN,0.7308,0.026,0.2432
DIAMONDS NINE HEARTS KING,0.703,0.0612,0.2358
HEARTS ACE DIAMONDS NINE,0.412,0.0052,0.5828
DIAMONDS NINE HEARTS TEN,0.648,0.0074,0.3446
DIAMONDS NINE HEARTS JACK,0.6584,0.0046,0.337
CLUBS QUEEN DIAMONDS SIX,0.7492,0.0268,0.224
CLUBS ACE DIAMONDS SIX,0.4148,0.0046,0.5806
SPADES KING DIAMONDS FOUR,0.6972,0.0628,0.24
SPADES ACE SPADES SEVEN,0.4092,0.0042,0.5866
SPADES QUEEN DIAMONDS FOUR,0.741,0.0314,0.2276
SPADES QUEEN SPADES SEVEN,0.6948,0.0204,0.2848
CLUBS JACK DIAMONDS SIX,0.6784,0.007,0.3146
SPADES KING SPADES SEVEN,0.6574,0.0618,0.2808
SPADES ACE DIAMONDS FOUR,0.4132,0.005,0.5818
CLUBS TEN DIAMONDS SIX,0.6714,0.0064,0.3222
CLUBS NINE CLUBS FOUR,0.6388,0.0068,0.3544
CLUBS EIGHT CLUBS FOUR,0.63,0.0078,0.3622
SPADES JACK DIAMONDS FOUR,0.6768,0.0082,0.315
SPADES TEN DIAMONDS FOUR,0.6872,0.0062,0.3066
CLUBS FIVE CLUBS FOUR,0.5904,0.008,0.4016
CLUBS SEVEN CLUBS FOUR,0.6136,0.006,0.3804
CLUBS SIX CLUBS FOUR,0.6102,0.0076,0.3822
CLUBS SEVEN SPADES EIGHT,0.6518,0.0072,0.341
CLUBS SEVEN SPADES NINE,0.629,0.006,0.365
CLUBS SEVEN SPADES SIX,0.6188,0.0064,0.3748
CLUBS SEVEN SPADES SEVEN,0.478,0.0054,0.5166
CLUBS SEVEN SPADES FIVE,0.6352,0.0076,0.3572
CLUBS SEVEN SPADES FOUR,0.6482,0.0062,0.3456
CLUBS SEVEN SPADES THREE,0.669,0.005,0.326
CLUBS SEVEN SPADES TWO,0.6722,0.0078,0.32
CLUBS NINE CLUBS SEVEN,0.6082,0.0098,0.382
CLUBS SEVEN CLUBS EIGHT,0.6086,0.0054,0.386
HEARTS SIX DIAMONDS FIVE,0.6106,0.0072,0.3822
HEARTS SEVEN DIAMONDS FIVE,0.6304,0.0068,0.3628
DIAMONDS FIVE HEARTS EIGHT,0.6464,0.006,0.3476
DIAMONDS FIVE HEARTS NINE,0.6532,0.0056,0.3412
HEARTS TWO DIAMONDS FIVE,0.6448,0.0098,0.3454
HEARTS KING HEARTS EIGHT,0.6602,0.0632,0.2766
DIAMONDS KING DIAMONDS FIVE,0.6512,0.0662,0.2826
HEARTS THREE DIAMONDS FIVE,0.6316,0.0082,0.3602
HEARTS QUEEN HEARTS EIGHT,0.689,0.0244,0.2866
DIAMONDS ACE DIAMONDS FIVE,0.4026,0.006,0.5914
HEARTS FOUR DIAMONDS FIVE,0.615,0.0092,0.3758
HEARTS FIVE DIAMONDS FIVE,0.4794,0.0046,0.516
HEARTS ACE HEARTS EIGHT,0.4044,0.0048,0.5908
CLUBS FOUR DIAMONDS FIVE,0.6188,0.0084,0.3728
CLUBS FIVE DIAMONDS FIVE,0.4854,0.0102,0.5044
CLUBS SIX DIAMONDS FIVE,0.617,0.0076,0.3754
CLUBS SEVEN DIAMONDS FIVE,0.6436,0.0072,0.3492
CLUBS TWO DIAMONDS FIVE,0.6496,0.0076,0.3428
CLUBS THREE DIAMONDS FIVE,0.6522,0.0072,0.3406
SPADES THREE DIAMONDS FIVE,0.619,0.0086,0.3724
SPADES TWO DIAMONDS FIVE,0.6468,0.01,0.3432
SPADES JACK DIAMONDS EIGHT,0.668,0.0088,0.3232
SPADES FIVE DIAMONDS FIVE,0.4664,0.0074,0.5262
CLUBS TEN HEARTS JACK,0.6372,0.0078,0.355
SPADES TEN DIAMONDS EIGHT,0.6458,0.0076,0.3466
SPADES FOUR DIAMONDS FIVE,0.6158,0.0076,0.3766
HEARTS JACK CLUBS JACK,0.4468,0.0046,0.5486
HEARTS JACK CLUBS QUEEN,0.7236,0.0274,0.249
CLUBS NINE DIAMONDS FIVE,0.664,0.0082,0.3278
CLUBS EIGHT DIAMONDS FIVE,0.6372,0.0078,0.355
CLUBS ACE HEARTS JACK,0.3966,0.0056,0.5978
SPADES SEVEN DIAMONDS FIVE,0.6292,0.0064,0.3644
SPADES KING DIAMONDS EIGHT,0.7096,0.06,0.2304
SPADES QUEEN DIAMONDS EIGHT,0.7564,0.024,0.2196
SPADES SIX DIAMONDS FIVE,0.618,0.0064,0.3756
SPADES NINE DIAMONDS FIVE,0.6552,0.006,0.3388
SPADES EIGHT DIAMONDS FIVE,0.6384,0.0072,0.3544
SPADES ACE DIAMONDS EIGHT,0.4326,0.0036,0.5638
DIAMONDS TEN DIAMONDS SIX,0.6384,0.0058,0.3558
HEARTS ACE DIAMONDS SEVEN,0.4206,0.0038,0.5756
DIAMONDS JACK DIAMONDS SIX,0.66,0.0082,0.3318
HEARTS QUEEN DIAMONDS SEVEN,0.7422,0.031,0.2268
HEARTS KING DIAMONDS SEVEN,0.699,0.0674,0.2336
DIAMONDS ACE DIAMONDS SIX,0.409,0.0038,0.5872
HEARTS FOUR DIAMONDS SIX,0.6368,0.0054,0.3578
SPADES TWO HEARTS JACK,0.6824,0.0064,0.3112
HEARTS FIVE DIAMONDS SIX,0.6192,0.0072,0.3736
SPADES TWO HEARTS TEN,0.6756,0.0084,0.316
HEARTS TWO DIAMONDS SIX,0.669,0.0062,0.3248
DIAMONDS KING DIAMONDS SIX,0.6662,0.0602,0.2736
HEARTS THREE DIAMONDS SIX,0.6518,0.0076,0.3406
HEARTS EIGHT DIAMONDS SIX,0.6334,0.0052,0.3614
HEARTS NINE DIAMONDS SIX,0.6536,0.0068,0.3396
HEARTS SIX DIAMONDS SIX,0.4658,0.006,0.5282
HEARTS SEVEN DIAMONDS SIX,0.635,0.004,0.361
HEARTS TEN DIAMONDS SEVEN,0.6564,0.006,0.3376
CLUBS TWO DIAMONDS SIX,0.6606,0.0076,0.3318
HEARTS JACK DIAMONDS SEVEN,0.6784,0.0058,0.3158
CLUBS THREE DIAMONDS SIX,0.6488,0.0072,0.344
CLUBS SEVEN DIAMONDS SIX,0.632,0.0068,0.3612
DIAMONDS EIGHT CLUBS JACK,0.6736,0.0084,0.318
CLUBS SIX DIAMONDS SIX,0.48,0.0064,0.5136
CLUBS TEN DIAMONDS EIGHT,0.6528,0.0056,0.3416
CLUBS FIVE DIAMONDS SIX,0.6346,0.0074,0.358
CLUBS FOUR DIAMONDS SIX,0.6402,0.0076,0.3522
HEARTS ACE HEARTS JACK,0.3614,0.0052,0.6334
DIAMONDS EIGHT CLUBS ACE,0.4094,0.004,0.5866
HEARTS QUEEN HEARTS JACK,0.687,0.0234,0.2896
CLUBS NINE DIAMONDS SIX,0.668,0.0064,0.3256
HEARTS KING HEARTS JACK,0.6542,0.0608,0.285
DIAMONDS EIGHT CLUBS QUEEN,0.7498,0.0264,0.2238
CLUBS EIGHT DIAMONDS SIX,0.6474,0.0074,0.3452
SPADES TEN HEARTS KING,0.6834,0.0586,0.258
SPADES FIVE DIAMONDS SIX,0.628,0.0076,0.3644
HEARTS ACE SPADES TWO,0.421,0.0052,0.5738
SPADES JACK HEARTS KING,0.6994,0.0578,0.2428
SPADES FOUR DIAMONDS SIX,0.6486,0.0068,0.3446
SPADES THREE DIAMONDS SIX,0.646,0.0062,0.3478
HEARTS QUEEN SPADES TWO,0.7392,0.0284,0.2324
SPADES ACE SPADES KING,0.223,0.0128,0.7642
HEARTS KING SPADES TWO,0.6918,0.0658,0.2424
SPADES TWO DIAMONDS SIX,0.6628,0.0076,0.3296
HEARTS TEN HEARTS EIGHT,0.5986,0.0076,0.3938
SPADES NINE DIAMONDS SIX,0.6488,0.0092,0.342
HEARTS JACK HEARTS EIGHT,0.6186,0.0064,0.375
SPADES EIGHT DIAMONDS SIX,0.645,0.0058,0.3492
SPADES SEVEN DIAMONDS SIX,0.623,0.006,0.371
SPADES SIX DIAMONDS SIX,0.4824,0.0072,0.5104
SPADES KING HEARTS KING,0.1096,0.0116,0.8788
SPADES QUEEN HEARTS KING,0.0234,0.9562,0.0204
SPADES ACE HEARTS KING,0.2378,0.0108,0.7514
SPADES ACE HEARTS JACK,0.3884,0.0036,0.608
SPADES QUEEN HEARTS JACK,0.7244,0.0244,0.2512
SPADES KING HEARTS JACK,0.6966,0.06,0.2434
SPADES TEN DIAMONDS TEN,0.4436,0.0058,0.5506
SPADES JACK DIAMONDS TEN,0.6452,0.007,0.3478
SPADES ACE DIAMONDS TEN,0.4014,0.0064,0.5922
SPADES JACK HEARTS JACK,0.4396,0.004,0.5564
SPADES TEN HEARTS JACK,0.6368,0.0056,0.3576
SPADES QUEEN DIAMONDS TEN,0.7284,0.0242,0.2474
SPADES KING DIAMONDS TEN,0.6916,0.0622,0.2462
SPADES NINE DIAMONDS SEVEN,0.6408,0.006,0.3532
SPADES EIGHT DIAMONDS SEVEN,0.6354,0.0064,0.3582
SPADES SEVEN DIAMONDS SEVEN,0.4684,0.0054,0.5262
SPADES SIX DIAMONDS SEVEN,0.6298,0.006,0.3642
DIAMONDS KING DIAMONDS SEVEN,0.6688,0.0672,0.264
HEARTS THREE DIAMONDS SEVEN,0.6756,0.0082,0.3162
HEARTS KING DIAMONDS FIVE,0.7,0.0616,0.2384
HEARTS TWO DIAMONDS SEVEN,0.6776,0.008,0.3144
HEARTS QUEEN DIAMONDS FIVE,0.7348,0.025,0.2402
HEARTS FIVE DIAMONDS SEVEN,0.6354,0.007,0.3576
DIAMONDS ACE DIAMONDS SEVEN,0.4134,0.004,0.5826
HEARTS FOUR DIAMONDS SEVEN,0.6468,0.0048,0.3484
HEARTS ACE DIAMONDS FIVE,0.4282,0.0046,0.5672
HEARTS SEVEN DIAMONDS SEVEN,0.472,0.0044,0.5236
HEARTS SIX DIAMONDS SEVEN,0.607,0.0062,0.3868
DIAMONDS SEVEN HEARTS NINE,0.6378,0.005,0.3572
HEARTS EIGHT DIAMONDS SEVEN,0.6518,0.0046,0.3436
DIAMONDS JACK DIAMONDS SEVEN,0.6304,0.0064,0.3632
DIAMONDS FIVE HEARTS JACK,0.6816,0.0064,0.312
DIAMONDS TEN DIAMONDS SEVEN,0.636,0.0092,0.3548
HEARTS TEN DIAMONDS FIVE,0.684,0.0084,0.3076
SPADES KING CLUBS TWO,0.7124,0.0638,0.2238
CLUBS EIGHT DIAMONDS SEVEN,0.6472,0.0084,0.3444
SPADES QUEEN CLUBS TWO,0.7578,0.0284,0.2138
HEARTS KING CLUBS QUEEN,0.0168,0.9736,0.0096
CLUBS NINE DIAMONDS SEVEN,0.6384,0.0072,0.3544
SPADES TWO CLUBS JACK,0.6862,0.0088,0.305
SPADES ACE CLUBS TWO,0.4364,0.0042,0.5594
CLUBS TEN SPADES TWO,0.69,0.0072,0.3028
HEARTS KING CLUBS ACE,0.2482,0.0104,0.7414
CLUBS SEVEN CLUBS SIX,0.6038,0.0062,0.39
SPADES TWO DIAMONDS SEVEN,0.6682,0.0084,0.3234
CLUBS EIGHT CLUBS SIX,0.6096,0.0058,0.3846
SPADES THREE DIAMONDS SEVEN,0.658,0.0058,0.3362
SPADES TWO CLUBS QUEEN,0.7426,0.0316,0.2258
CLUBS NINE CLUBS SIX,0.6094,0.008,0.3826
SPADES FOUR DIAMONDS SEVEN,0.6452,0.0086,0.3462
HEARTS KING CLUBS JACK,0.7044,0.0636,0.232
SPADES FIVE DIAMONDS SEVEN,0.6396,0.0034,0.357
SPADES TWO CLUBS ACE,0.4134,0.0054,0.5812
CLUBS TEN HEARTS KING,0.7044,0.0652,0.2304
CLUBS SIX SPADES TWO,0.6812,0.007,0.3118
CLUBS SIX SPADES THREE,0.6482,0.0072,0.3446
CLUBS TWO DIAMONDS SEVEN,0.6834,0.0072,0.3094
CLUBS SIX SPADES FOUR,0.6348,0.0068,0.3584
CLUBS THREE DIAMONDS SEVEN,0.6672,0.0072,0.3256
CLUBS SIX SPADES FIVE,0.617,0.006,0.377
CLUBS FOUR DIAMONDS SEVEN,0.6498,0.0072,0.343
CLUBS SIX SPADES SIX,0.472,0.0056,0.5224
CLUBS FIVE DIAMONDS SEVEN,0.6492,0.0068,0.344
CLUBS SIX SPADES SEVEN,0.6258,0.0066,0.3676
CLUBS SIX DIAMONDS SEVEN,0.624,0.0072,0.3688
CLUBS SIX SPADES EIGHT,0.6376,0.0066,0.3558
SPADES JACK CLUBS TWO,0.687,0.0072,0.3058
CLUBS SEVEN DIAMONDS SEVEN,0.4752,0.006,0.5188
SPADES NINE CLUBS SIX,0.6486,0.0072,0.3442
SPADES TEN CLUBS TWO,0.6818,0.008,0.3102
CLUBS TWO CLUBS QUEEN,0.7226,0.0276,0.2498
CLUBS THREE DIAMONDS EIGHT,0.6866,0.0088,0.3046
CLUBS TWO CLUBS ACE,0.4044,0.0056,0.59
CLUBS TWO DIAMONDS EIGHT,0.6814,0.0072,0.3114
HEARTS SEVEN DIAMONDS EIGHT,0.6396,0.0068,0.3536
HEARTS SIX DIAMONDS EIGHT,0.64,0.0052,0.3548
DIAMONDS EIGHT HEARTS NINE,0.6324,0.0046,0.363
CLUBS TEN CLUBS TWO,0.6566,0.0072,0.3362
DIAMONDS EIGHT HEARTS EIGHT,0.4614,0.0052,0.5334
CLUBS TWO CLUBS JACK,0.6576,0.0074,0.335
CLUBS NINE DIAMONDS EIGHT,0.6366,0.0074,0.356
CLUBS EIGHT DIAMONDS EIGHT,0.4852,0.007,0.5078
CLUBS FIVE DIAMONDS EIGHT,0.654,0.0066,0.3394
SPADES ACE SPADES THREE,0.3968,0.0044,0.5988
CLUBS FOUR DIAMONDS EIGHT,0.6756,0.0066,0.3178
CLUBS SEVEN DIAMONDS EIGHT,0.6378,0.0064,0.3558
SPADES QUEEN SPADES THREE,0.7022,0.0282,0.2696
CLUBS SIX DIAMONDS EIGHT,0.6354,0.0072,0.3574
SPADES KING SPADES THREE,0.6522,0.0654,0.2824
HEARTS TWO DIAMONDS EIGHT,0.6726,0.0082,0.3192
DIAMONDS KING DIAMONDS EIGHT,0.667,0.061,0.272
HEARTS THREE DIAMONDS EIGHT,0.6792,0.0064,0.3144
DIAMONDS ACE DIAMONDS EIGHT,0.4038,0.0038,0.5924
HEARTS FOUR DIAMONDS EIGHT,0.6634,0.0076,0.329
HEARTS FIVE DIAMONDS EIGHT,0.6404,0.0074,0.3522
DIAMONDS EIGHT DIAMONDS TEN,0.608,0.0072,0.3848
DIAMONDS EIGHT DIAMONDS JACK,0.6258,0.008,0.3662
SPADES JACK SPADES THREE,0.6394,0.0046,0.356
SPADES TEN SPADES THREE,0.6462,0.004,0.3498
CLUBS FOUR HEARTS ACE,0.4184,0.0042,0.5774
CLUBS FOUR HEARTS QUEEN,0.7502,0.0286,0.2212
CLUBS FOUR HEARTS KING,0.706,0.0654,0.2286
CLUBS SIX HEARTS TEN,0.675,0.0064,0.3186
CLUBS SIX HEARTS JACK,0.6882,0.0052,0.3066
DIAMONDS EIGHT SPADES FOUR,0.6716,0.007,0.3214
SPADES FIVE DIAMONDS EIGHT,0.6454,0.0066,0.348
DIAMONDS EIGHT SPADES TWO,0.6832,0.0058,0.311
DIAMONDS EIGHT SPADES THREE,0.682,0.0072,0.3108
CLUBS FOUR HEARTS JACK,0.6804,0.0062,0.3134
SPADES EIGHT DIAMONDS EIGHT,0.4612,0.0056,0.5332
SPADES TEN HEARTS TWO,0.6612,0.0068,0.332
SPADES JACK HEARTS EIGHT,0.6616,0.0064,0.332
CLUBS FOUR HEARTS TEN,0.6736,0.0054,0.321
SPADES NINE DIAMONDS EIGHT,0.6318,0.0058,0.3624
SPADES TEN HEARTS EIGHT,0.6546,0.0054,0.34
SPADES JACK HEARTS TWO,0.688,0.0054,0.3066
SPADES SIX DIAMONDS EIGHT,0.6428,0.0044,0.3528
SPADES SEVEN DIAMONDS EIGHT,0.6344,0.0074,0.3582
SPADES ACE HEARTS TWO,0.4244,0.0026,0.573
SPADES ACE HEARTS EIGHT,0.4262,0.0036,0.5702
SPADES KING HEARTS EIGHT,0.6974,0.0622,0.2404
SPADES QUEEN HEARTS TWO,0.7528,0.0246,0.2226
SPADES KING HEARTS TWO,0.695,0.0678,0.2372
SPADES QUEEN HEARTS EIGHT,0.7482,0.0262,0.2256
CLUBS TWO HEARTS TEN,0.692,0.0058,0.3022
CLUBS TWO HEARTS JACK,0.6882,0.0072,0.3046
SPADES SEVEN DIAMONDS NINE,0.64,0.0082,0.3518
SPADES SIX DIAMONDS NINE,0.6542,0.0056,0.3402
SPADES NINE DIAMONDS NINE,0.4602,0.0046,0.5352
SPADES EIGHT DIAMONDS NINE,0.6406,0.0054,0.354
DIAMONDS NINE SPADES THREE,0.6786,0.0058,0.3156
DIAMONDS NINE SPADES TWO,0.6722,0.0076,0.3202
DIAMONDS NINE SPADES FIVE,0.6602,0.0074,0.3324
DIAMONDS NINE SPADES FOUR,0.6876,0.0068,0.3056
CLUBS NINE DIAMONDS NINE,0.4588,0.0042,0.537
CLUBS EIGHT DIAMONDS NINE,0.6356,0.0084,0.356
CLUBS SIX DIAMONDS NINE,0.6516,0.006,0.3424
SPADES JACK CLUBS FOUR,0.6822,0.0066,0.3112
CLUBS SEVEN DIAMONDS NINE,0.6412,0.0068,0.352
SPADES TEN CLUBS FOUR,0.685,0.0072,0.3078
CLUBS FOUR DIAMONDS NINE,0.6758,0.0096,0.3146
CLUBS FIVE DIAMONDS NINE,0.6616,0.007,0.3314
DIAMONDS NINE CLUBS TWO,0.688,0.0082,0.3038
CLUBS THREE DIAMONDS NINE,0.6752,0.0092,0.3156
DIAMONDS NINE HEARTS EIGHT,0.644,0.0084,0.3476
DIAMONDS NINE HEARTS NINE,0.454,0.004,0.542
HEARTS SIX DIAMONDS NINE,0.6682,0.005,0.3268
HEARTS SEVEN DIAMONDS NINE,0.6458,0.0064,0.3478
CLUBS NINE CLUBS EIGHT,0.5992,0.0088,0.392
DIAMONDS ACE DIAMONDS NINE,0.4064,0.0048,0.5888
HEARTS FOUR DIAMONDS NINE,0.6562,0.0082,0.3356
HEARTS FIVE DIAMONDS NINE,0.6532,0.007,0.3398
HEARTS ACE CLUBS TWO,0.4162,0.0046,0.5792
SPADES ACE CLUBS FOUR,0.4174,0.0056,0.577
HEARTS TWO DIAMONDS NINE,0.6694,0.0072,0.3234
CLUBS TWO HEARTS KING,0.7104,0.0588,0.2308
SPADES KING CLUBS FOUR,0.7016,0.0614,0.237
DIAMONDS KING DIAMONDS NINE,0.6514,0.063,0.2856
HEARTS THREE DIAMONDS NINE,0.6676,0.006,0.3264
CLUBS TWO HEARTS QUEEN,0.7508,0.0284,0.2208
SPADES QUEEN CLUBS FOUR,0.7464,0.0288,0.2248
DIAMONDS NINE DIAMONDS JACK,0.6316,0.0074,0.361
CLUBS EIGHT SPADES NINE,0.6376,0.0082,0.3542
DIAMONDS NINE DIAMONDS TEN,0.6012,0.0068,0.392
CLUBS EIGHT SPADES EIGHT,0.4708,0.0082,0.521
CLUBS EIGHT SPADES SEVEN,0.652,0.0074,0.3406
CLUBS EIGHT SPADES SIX,0.6424,0.0064,0.3512
CLUBS EIGHT SPADES FIVE,0.647,0.0052,0.3478
CLUBS EIGHT SPADES FOUR,0.6586,0.011,0.3304
CLUBS EIGHT SPADES THREE,0.6828,0.0078,0.3094
CLUBS EIGHT SPADES TWO,0.6622,0.0082,0.3296
HEARTS SIX DIAMONDS TEN,0.6692,0.0066,0.3242
HEARTS SEVEN DIAMONDS TEN,0.6608,0.005,0.3342
DIAMONDS TEN HEARTS EIGHT,0.6386,0.0074,0.354
CLUBS FOUR CLUBS JACK,0.6506,0.0078,0.3416
DIAMONDS TEN HEARTS NINE,0.6436,0.0078,0.3486
CLUBS TEN CLUBS FOUR,0.6342,0.0086,0.3572
CLUBS FOUR CLUBS QUEEN,0.7114,0.029,0.2596
CLUBS TWO DIAMONDS TEN,0.6972,0.009,0.2938
CLUBS THREE DIAMONDS TEN,0.6814,0.0092,0.3094
CLUBS FOUR CLUBS ACE,0.3998,0.006,0.5942
DIAMONDS JACK DIAMONDS TEN,0.6252,0.0074,0.3674
HEARTS TWO DIAMONDS TEN,0.6834,0.0076,0.309
DIAMONDS KING DIAMONDS TEN,0.6644,0.0586,0.277
HEARTS THREE DIAMONDS TEN,0.7018,0.0066,0.2916
DIAMONDS ACE DIAMONDS TEN,0.367,0.0042,0.6288
HEARTS FOUR DIAMONDS TEN,0.6776,0.0058,0.3166
CLUBS EIGHT HEARTS JACK,0.6612,0.007,0.3318
HEARTS FIVE DIAMONDS TEN,0.6686,0.0056,0.3258
CLUBS EIGHT HEARTS TEN,0.6522,0.0064,0.3414
CLUBS EIGHT HEARTS QUEEN,0.7416,0.027,0.2314
CLUBS EIGHT HEARTS KING,0.6976,0.0626,0.2398
CLUBS EIGHT HEARTS ACE,0.4274,0.0042,0.5684
CLUBS NINE SPADES THREE,0.6732,0.007,0.3198
CLUBS NINE SPADES TWO,0.676,0.0052,0.3188
CLUBS NINE SPADES FIVE,0.6546,0.0048,0.3406
CLUBS NINE SPADES FOUR,0.6598,0.006,0.3342
CLUBS NINE SPADES SEVEN,0.6512,0.006,0.3428
CLUBS NINE SPADES SIX,0.6514,0.0058,0.3428
CLUBS NINE SPADES NINE,0.4408,0.0062,0.553
CLUBS TEN HEARTS EIGHT,0.6538,0.0064,0.3398
CLUBS NINE SPADES EIGHT,0.6384,0.0056,0.356
HEARTS EIGHT CLUBS JACK,0.66,0.007,0.333
CLUBS QUEEN HEARTS EIGHT,0.7472,0.0262,0.2266
CLUBS ACE HEARTS EIGHT,0.4112,0.0066,0.5822
DIAMONDS ACE HEARTS TEN,0.404,0.0036,0.5924
HEARTS FOUR HEARTS TEN,0.6292,0.0072,0.3636
DIAMONDS ACE HEARTS JACK,0.3856,0.0042,0.6102
HEARTS FOUR HEARTS JACK,0.6434,0.0064,0.3502
SPADES KING CLUBS FIVE,0.6926,0.064,0.2434
SPADES QUEEN CLUBS FIVE,0.7444,0.0266,0.229
SPADES ACE CLUBS FIVE,0.4228,0.0046,0.5726
HEARTS SEVEN DIAMONDS JACK,0.6588,0.0072,0.334
HEARTS SIX DIAMONDS JACK,0.6844,0.0048,0.3108
DIAMONDS JACK HEARTS NINE,0.6608,0.006,0.3332
DIAMONDS JACK HEARTS EIGHT,0.6718,0.0048,0.3234
DIAMONDS KING DIAMONDS JACK,0.6566,0.0616,0.2818
HEARTS THREE DIAMONDS JACK,0.6862,0.0068,0.307
SPADES ACE SPADES SIX,0.395,0.0042,0.6008
HEARTS ACE SPADES FOUR,0.4196,0.0036,0.5768
HEARTS TWO DIAMONDS JACK,0.6862,0.0092,0.3046
HEARTS FIVE DIAMONDS JACK,0.683,0.008,0.309
SPADES QUEEN SPADES SIX,0.6848,0.0236,0.2916
SPADES FOUR HEARTS QUEEN,0.7328,0.0296,0.2376
DIAMONDS ACE DIAMONDS JACK,0.3882,0.0068,0.605
HEARTS FOUR DIAMONDS JACK,0.6746,0.0082,0.3172
SPADES KING SPADES SIX,0.6486,0.0624,0.289
SPADES FOUR HEARTS KING,0.682,0.0688,0.2492
SPADES TEN SPADES SIX,0.6128,0.0076,0.3796
SPADES JACK SPADES SIX,0.6466,0.0066,0.3468
SPADES FOUR DIAMONDS JACK,0.679,0.0062,0.3148
SPADES FIVE DIAMONDS JACK,0.6896,0.0056,0.3048
DIAMONDS JACK SPADES TWO,0.6874,0.008,0.3046
DIAMONDS JACK SPADES THREE,0.686,0.0058,0.3082
SPADES ACE DIAMONDS THREE,0.4278,0.0024,0.5698
SPADES QUEEN DIAMONDS THREE,0.7472,0.0244,0.2284
CLUBS EIGHT DIAMONDS JACK,0.6712,0.0054,0.3234
SPADES KING DIAMONDS THREE,0.7132,0.0568,0.23
CLUBS NINE DIAMONDS JACK,0.6432,0.008,0.3488
CLUBS SIX DIAMONDS JACK,0.6928,0.008,0.2992
CLUBS SEVEN DIAMONDS JACK,0.6766,0.0058,0.3176
CLUBS FOUR DIAMONDS JACK,0.6838,0.0098,0.3064
CLUBS FIVE DIAMONDS JACK,0.6898,0.0072,0.303
CLUBS TWO DIAMONDS JACK,0.693,0.007,0.3
CLUBS THREE DIAMONDS JACK,0.6976,0.0076,0.2948
SPADES TEN CLUBS FIVE,0.6742,0.0062,0.3196
SPADES JACK HEARTS SIX,0.6724,0.0066,0.321
HEARTS SIX SPADES TEN,0.6668,0.0056,0.3276
SPADES JACK CLUBS FIVE,0.6878,0.007,0.3052
SPADES JACK DIAMONDS THREE,0.689,0.007,0.304
CLUBS SEVEN CLUBS ACE,0.4138,0.0046,0.5816
DIAMONDS THREE SPADES TEN,0.696,0.0068,0.2972
CLUBS SEVEN CLUBS QUEEN,0.7176,0.0246,0.2578
SPADES NINE DIAMONDS JACK,0.6552,0.0068,0.338
CLUBS TEN CLUBS SEVEN,0.6274,0.0084,0.3642
DIAMONDS ACE HEARTS ACE,0.1326,0.0034,0.864
HEARTS FOUR HEARTS ACE,0.3874,0.0046,0.608
SPADES EIGHT DIAMONDS JACK,0.6652,0.0076,0.3272
SPADES ACE HEARTS SIX,0.4202,0.0026,0.5772
CLUBS SEVEN CLUBS JACK,0.6426,0.0058,0.3516
DIAMONDS ACE HEARTS KING,0.243,0.0124,0.7446
HEARTS FOUR HEARTS KING,0.654,0.0574,0.2886
SPADES SEVEN DIAMONDS JACK,0.676,0.0068,0.3172
SPADES KING HEARTS SIX,0.6834,0.068,0.2486
DIAMONDS ACE HEARTS QUEEN,0.2468,0.01,0.7432
HEARTS FOUR HEARTS QUEEN,0.6968,0.0268,0.2764
SPADES QUEEN HEARTS SIX,0.728,0.0242,0.2478
SPADES SIX DIAMONDS JACK,0.6712,0.005,0.3238
DIAMONDS TEN SPADES TWO,0.6746,0.0096,0.3158
SPADES THREE DIAMONDS TEN,0.6896,0.0074,0.303
SPADES FOUR DIAMONDS TEN,0.6792,0.0058,0.315
SPADES FIVE DIAMONDS TEN,0.6708,0.0076,0.3216
SPADES SIX DIAMONDS TEN,0.6652,0.006,0.3288
SPADES SEVEN DIAMONDS TEN,0.6634,0.0072,0.3294
SPADES EIGHT DIAMONDS TEN,0.6398,0.0074,0.3528
SPADES NINE DIAMONDS TEN,0.647,0.0054,0.3476
CLUBS FOUR DIAMONDS TEN,0.6912,0.0066,0.3022
CLUBS FIVE DIAMONDS TEN,0.6744,0.0092,0.3164
CLUBS SIX DIAMONDS TEN,0.6742,0.0074,0.3184
CLUBS SEVEN DIAMONDS TEN,0.6594,0.008,0.3326
CLUBS EIGHT DIAMONDS TEN,0.6496,0.007,0.3434
CLUBS NINE DIAMONDS TEN,0.6322,0.0088,0.359
DIAMONDS THREE CLUBS JACK,0.681,0.0088,0.3102
CLUBS TEN DIAMONDS THREE,0.6824,0.0076,0.31
DIAMONDS THREE CLUBS QUEEN,0.7584,0.0278,0.2138
DIAMONDS THREE CLUBS ACE,0.4312,0.0068,0.562
SPADES FOUR HEARTS JACK,0.6766,0.0054,0.318
SPADES FOUR HEARTS TEN,0.6758,0.0046,0.3196
SPADES FIVE SPADES TWO,0.6074,0.0072,0.3854
SPADES FOUR SPADES TWO,0.611,0.0094,0.3796
SPADES THREE SPADES TWO,0.6166,0.0078,0.3756
SPADES NINE SPADES TWO,0.6292,0.0056,0.3652
SPADES EIGHT SPADES TWO,0.624,0.0052,0.3708
SPADES SEVEN SPADES TWO,0.623,0.0066,0.3704
SPADES SIX SPADES TWO,0.615,0.0064,0.3786
CLUBS THREE HEARTS TWO,0.6452,0.0066,0.3482
HEARTS TWO CLUBS TWO,0.4826,0.0112,0.5062
HEARTS SEVEN HEARTS TWO,0.6352,0.006,0.3588
HEARTS SIX HEARTS TWO,0.62,0.0056,0.3744
HEARTS TWO HEARTS NINE,0.637,0.0076,0.3554
HEARTS TWO HEARTS EIGHT,0.6276,0.0054,0.367
CLUBS NINE HEARTS TWO,0.6732,0.007,0.3198
CLUBS EIGHT HEARTS TWO,0.6654,0.009,0.3256
CLUBS FIVE HEARTS TWO,0.6484,0.0108,0.3408
SPADES EIGHT HEARTS ACE,0.4238,0.0048,0.5714
CLUBS FOUR HEARTS TWO,0.6646,0.0098,0.3256
CLUBS SEVEN HEARTS TWO,0.6724,0.0094,0.3182
SPADES EIGHT HEARTS QUEEN,0.7422,0.0262,0.2316
CLUBS SIX HEARTS TWO,0.6674,0.0042,0.3284
SPADES EIGHT HEARTS KING,0.6994,0.0602,0.2404
HEARTS TWO SPADES SIX,0.6644,0.0072,0.3284
HEARTS FOUR CLUBS QUEEN,0.7438,0.0324,0.2238
DIAMONDS ACE CLUBS QUEEN,0.2422,0.01,0.7478
SPADES SEVEN HEARTS TWO,0.676,0.0066,0.3174
SPADES EIGHT HEARTS TWO,0.6728,0.0072,0.32
HEARTS FOUR CLUBS ACE,0.4178,0.0052,0.577
DIAMONDS ACE CLUBS ACE,0.1158,0.0064,0.8778
SPADES NINE HEARTS TWO,0.6706,0.0078,0.3216
HEARTS TWO SPADES TWO,0.4684,0.0098,0.5218
HEARTS TWO SPADES THREE,0.639,0.0078,0.3532
HEARTS TWO SPADES FOUR,0.6416,0.0076,0.3508
CLUBS TEN HEARTS FOUR,0.6844,0.0078,0.3078
CLUBS TEN DIAMONDS ACE,0.4064,0.0052,0.5884
HEARTS TWO SPADES FIVE,0.6434,0.007,0.3496
HEARTS FOUR CLUBS JACK,0.6866,0.0068,0.3066
DIAMONDS ACE CLUBS JACK,0.4028,0.0066,0.5906
CLUBS FIVE CLUBS QUEEN,0.6954,0.023,0.2816
CLUBS FIVE CLUBS ACE,0.395,0.0072,0.5978
CLUBS FIVE CLUBS JACK,0.6408,0.0076,0.3516
CLUBS TEN CLUBS FIVE,0.6368,0.006,0.3572
SPADES KING CLUBS JACK,0.6962,0.0696,0.2342
SPADES QUEEN CLUBS JACK,0.735,0.023,0.242
SPADES ACE CLUBS JACK,0.3992,0.006,0.5948
SPADES SIX CLUBS QUEEN,0.7486,0.0272,0.2242
SPADES EIGHT HEARTS JACK,0.655,0.005,0.34
SPADES SIX CLUBS ACE,0.4186,0.0038,0.5776
SPADES EIGHT HEARTS TEN,0.6358,0.0072,0.357
SPADES SIX CLUBS JACK,0.6852,0.005,0.3098
CLUBS TEN SPADES SIX,0.6668,0.0046,0.3286
SPADES TEN CLUBS JACK,0.6516,0.0072,0.3412
SPADES JACK CLUBS JACK,0.4314,0.0042,0.5644
SPADES QUEEN CLUBS SEVEN,0.7524,0.0282,0.2194
SPADES KING CLUBS SEVEN,0.702,0.0638,0.2342
SPADES ACE CLUBS SEVEN,0.4234,0.0056,0.571
SPADES SIX HEARTS TEN,0.6676,0.005,0.3274
SPADES SIX HEARTS JACK,0.6832,0.0062,0.3106
SPADES SIX HEARTS ACE,0.432,0.0046,0.5634
SPADES SIX HEARTS KING,0.696,0.0612,0.2428
SPADES SIX HEARTS QUEEN,0.737,0.0258,0.2372
CLUBS SEVEN SPADES JACK,0.6746,0.0056,0.3198
CLUBS SEVEN SPADES TEN,0.652,0.0076,0.3404
CLUBS TEN HEARTS SIX,0.665,0.0054,0.3296
HEARTS SIX CLUBS JACK,0.677,0.0068,0.3162
CLUBS ACE CLUBS JACK,0.391,0.0046,0.6044
HEARTS SIX CLUBS QUEEN,0.745,0.0272,0.2278
HEARTS SIX CLUBS ACE,0.4252,0.005,0.5698
CLUBS QUEEN CLUBS JACK,0.6948,0.0268,0.2784
DIAMONDS THREE HEARTS ACE,0.4112,0.0048,0.584
DIAMONDS THREE HEARTS QUEEN,0.7474,0.0286,0.224
DIAMONDS THREE HEARTS KING,0.691,0.0678,0.2412
CLUBS FIVE HEARTS JACK,0.6748,0.0066,0.3186
SPADES TEN DIAMONDS ACE,0.3996,0.0056,0.5948
HEARTS FOUR SPADES TEN,0.6756,0.007,0.3174
CLUBS FIVE HEARTS TEN,0.6838,0.0062,0.31
HEARTS FOUR SPADES JACK,0.68,0.0058,0.3142
SPADES JACK DIAMONDS ACE,0.3886,0.0042,0.6072
SPADES ACE HEARTS FOUR,0.4092,0.004,0.5868
SPADES ACE DIAMONDS ACE,0.1266,0.0046,0.8688
CLUBS FIVE HEARTS ACE,0.4344,0.0044,0.5612
CLUBS FIVE HEARTS KING,0.6974,0.0574,0.2452
HEARTS FOUR SPADES QUEEN,0.7248,0.0262,0.249
SPADES QUEEN DIAMONDS ACE,0.24,0.0086,0.7514
SPADES FOUR CLUBS JACK,0.6922,0.0068,0.301
CLUBS FIVE HEARTS QUEEN,0.7422,0.0312,0.2266
SPADES KING DIAMONDS ACE,0.2314,0.0134,0.7552
SPADES KING HEARTS FOUR,0.694,0.0624,0.2436
CLUBS TEN SPADES FOUR,0.696,0.0078,0.2962
DIAMONDS ACE HEARTS TWO,0.4064,0.0058,0.5878
HEARTS FOUR HEARTS TWO,0.611,0.0066,0.3824
DIAMONDS THREE HEARTS TEN,0.6812,0.0086,0.3102
HEARTS FIVE HEARTS TWO,0.6138,0.007,0.3792
DIAMONDS THREE HEARTS JACK,0.6922,0.0092,0.2986
SPADES FOUR CLUBS QUEEN,0.7644,0.0274,0.2082
DIAMONDS KING HEARTS TWO,0.7024,0.0618,0.2358
HEARTS THREE HEARTS TWO,0.6128,0.0064,0.3808
SPADES FOUR CLUBS ACE,0.4054,0.006,0.5886
HEARTS TWO CLUBS ACE,0.4118,0.005,0.5832
HEARTS TWO CLUBS QUEEN,0.757,0.026,0.217
SPADES EIGHT SPADES FIVE,0.599,0.009,0.392
CLUBS TEN HEARTS TWO,0.6736,0.0084,0.318
SPADES NINE SPADES FIVE,0.6238,0.0052,0.371
HEARTS TWO CLUBS JACK,0.6888,0.0074,0.3038
SPADES SIX SPADES FIVE,0.575,0.006,0.419
SPADES SEVEN SPADES FIVE,0.5914,0.006,0.4026
DIAMONDS FIVE CLUBS QUEEN,0.756,0.0268,0.2172
SPADES EIGHT CLUBS ACE,0.4152,0.005,0.5798
DIAMONDS FIVE CLUBS ACE,0.4122,0.0062,0.5816
SPADES EIGHT CLUBS QUEEN,0.7508,0.0274,0.2218
SPADES EIGHT CLUBS JACK,0.6678,0.0072,0.325
CLUBS TEN SPADES EIGHT,0.6504,0.006,0.3436
CLUBS TEN DIAMONDS FIVE,0.6908,0.007,0.3022
DIAMONDS FIVE CLUBS JACK,0.6732,0.007,0.3198
DIAMONDS TEN HEARTS JACK,0.6392,0.0058,0.355
DIAMONDS TEN HEARTS TEN,0.4332,0.0042,0.5626
SPADES ACE CLUBS NINE,0.4142,0.003,0.5828
CLUBS NINE SPADES QUEEN,0.7398,0.0226,0.2376
CLUBS NINE SPADES KING,0.7036,0.0654,0.231
HEARTS SIX HEARTS KING,0.6554,0.0636,0.281
DIAMONDS KING SPADES SEVEN,0.6858,0.0664,0.2478
HEARTS THREE SPADES SEVEN,0.6426,0.0052,0.3522
SPADES KING DIAMONDS SEVEN,0.71,0.061,0.229
HEARTS SIX HEARTS QUEEN,0.694,0.0258,0.2802
SPADES QUEEN DIAMONDS SEVEN,0.7476,0.0258,0.2266
HEARTS THREE SPADES SIX,0.6512,0.0062,0.3426
DIAMONDS KING SPADES SIX,0.6814,0.0668,0.2518
SPADES NINE DIAMONDS KING,0.695,0.0644,0.2406
SPADES NINE HEARTS THREE,0.6742,0.0056,0.3202
HEARTS SIX HEARTS ACE,0.4084,0.0046,0.587
DIAMONDS KING SPADES EIGHT,0.684,0.062,0.254
SPADES EIGHT HEARTS THREE,0.6572,0.0062,0.3366
SPADES ACE DIAMONDS SEVEN,0.4226,0.0046,0.5728
CLUBS NINE HEARTS THREE,0.6842,0.0066,0.3092
CLUBS NINE DIAMONDS KING,0.7004,0.0694,0.2302
CLUBS EIGHT HEARTS THREE,0.6754,0.0056,0.319
CLUBS EIGHT DIAMONDS KING,0.6994,0.0578,0.2428
HEARTS THREE SPADES THREE,0.4678,0.0068,0.5254
DIAMONDS KING SPADES THREE,0.6894,0.0708,0.2398
HEARTS THREE SPADES TWO,0.6508,0.0074,0.3418
DIAMONDS KING SPADES TWO,0.7054,0.0684,0.2262
HEARTS THREE SPADES FIVE,0.63,0.0088,0.3612
DIAMONDS KING SPADES FIVE,0.688,0.0598,0.2522
HEARTS THREE SPADES FOUR,0.642,0.0064,0.3516
DIAMONDS KING SPADES FOUR,0.69,0.0644,0.2456
DIAMONDS KING CLUBS TWO,0.7128,0.0602,0.227
HEARTS THREE CLUBS TWO,0.6556,0.0074,0.337
DIAMONDS KING CLUBS THREE,0.7024,0.066,0.2316
CLUBS THREE HEARTS THREE,0.4818,0.0084,0.5098
DIAMONDS KING CLUBS FOUR,0.7046,0.0598,0.2356
HEARTS THREE CLUBS FOUR,0.6388,0.0102,0.351
