opposingHand,winningChance,drawChance,lostChance
DIAMONDS QUEEN HEARTS ACE
CLUBS TEN DIAMONDS SIX,0.6852,0.0056,0.3092
SPADES EIGHT DIAMONDS ACE,0.6822,0.0664,0.2514
CLUBS KING HEARTS NINE,0.6256,0.004,0.3704
CLUBS NINE HEARTS QUEEN,0.744,0.0122,0.2438
SPADES FIVE CLUBS TWO,0.6462,0.0038,0.35
CLUBS SIX HEARTS JACK,0.694,0.0032,0.3028
DIAMONDS ACE DIAMONDS EIGHT,0.6602,0.0624,0.2774
CLUBS TEN HEARTS EIGHT,0.6368,0.0046,0.3586
DIAMONDS JACK HEARTS JACK,0.4262,0.0062,0.5676
SPADES ACE SPADES THREE,0.6394,0.0612,0.2994
CLUBS FOUR DIAMONDS SIX,0.6284,0.0038,0.3678
SPADES SIX HEARTS QUEEN,0.7452,0.0176,0.2372
CLUBS JACK CLUBS NINE,0.602,0.0032,0.3948
DIAMONDS TWO DIAMONDS FOUR,0.6272,0.0052,0.3676
SPADES ACE HEARTS FIVE,0.6736,0.0618,0.2646
SPADES SIX SPADES FOUR,0.6008,0.0022,0.397
CLUBS KING DIAMONDS FIVE,0.6466,0.0038,0.3496
CLUBS TWO DIAMONDS NINE,0.6692,0.0052,0.3256
DIAMONDS KING SPADES THREE,0.6456,0.0062,0.3482
DIAMONDS THREE CLUBS FOUR,0.6362,0.006,0.3578
HEARTS FOUR HEARTS TWO,0.6308,0.0056,0.3636
SPADES KING DIAMONDS SIX,0.641,0.0046,0.3544
HEARTS FIVE HEARTS QUEEN,0.727,0.0184,0.2546
SPADES ACE CLUBS KING,0.2448,0.0494,0.7058
HEARTS TWO DIAMONDS ACE,0.6786,0.0742,0.2472
CLUBS SIX CLUBS ACE,0.6506,0.0544,0.295
SPADES KING SPADES THREE,0.6078,0.007,0.3852
DIAMONDS EIGHT DIAMONDS SEVEN,0.5994,0.0042,0.3964
HEARTS SIX DIAMONDS FOUR,0.632,0.005,0.363
CLUBS FOUR SPADES TWO,0.652,0.006,0.342
SPADES ACE DIAMONDS KING,0.2464,0.0482,0.7054
SPADES QUEEN SPADES FOUR,0.7082,0.0172,0.2746
CLUBS TWO HEARTS JACK,0.6898,0.0042,0.306
CLUBS THREE HEARTS KING,0.6398,0.0066,0.3536
SPADES KING HEARTS TEN,0.6288,0.0056,0.3656
CLUBS TEN CLUBS FOUR,0.6414,0.0044,0.3542
CLUBS SEVEN SPADES NINE,0.6414,0.0018,0.3568
CLUBS TEN DIAMONDS ACE,0.7026,0.0552,0.2422
SPADES JACK SPADES EIGHT,0.6114,0.0048,0.3838
SPADES KING DIAMONDS JACK,0.6426,0.0042,0.3532
HEARTS SIX SPADES FOUR,0.649,0.0032,0.3478
SPADES EIGHT CLUBS FIVE,0.6438,0.0028,0.3534
HEARTS SEVEN CLUBS FOUR,0.649,0.0054,0.3456
CLUBS EIGHT HEARTS FOUR,0.6598,0.0032,0.337
HEARTS THREE DIAMONDS FIVE,0.6488,0.0058,0.3454
DIAMONDS TWO SPADES JACK,0.6852,0.006,0.3088
SPADES NINE CLUBS QUEEN,0.7376,0.0146,0.2478
SPADES QUEEN CLUBS NINE,0.7434,0.0148,0.2418
DIAMONDS ACE CLUBS QUEEN,0.0122,0.97,0.0178
CLUBS SIX DIAMONDS ACE,0.6936,0.0634,0.243
DIAMONDS THREE SPADES THREE,0.4646,0.006,0.5294
CLUBS THREE HEARTS EIGHT,0.6816,0.004,0.3144
HEARTS SIX SPADES NINE,0.6408,0.005,0.3542
SPADES FIVE SPADES FOUR,0.5862,0.004,0.4098
CLUBS FOUR HEARTS TEN,0.673,0.0026,0.3244
HEARTS TWO HEARTS NINE,0.651,0.0068,0.3422
DIAMONDS THREE SPADES SIX,0.6462,0.0046,0.3492
HEARTS FOUR CLUBS KING,0.6556,0.0046,0.3398
SPADES KING DIAMONDS ACE,0.239,0.0478,0.7132
SPADES ACE SPADES TEN,0.648,0.0594,0.2926
SPADES EIGHT SPADES THREE,0.6192,0.0044,0.3764
DIAMONDS TWO CLUBS SEVEN,0.6798,0.0042,0.316
SPADES JACK CLUBS EIGHT,0.6648,0.0042,0.331
SPADES ACE DIAMONDS THREE,0.6864,0.0684,0.2452
SPADES TEN CLUBS FOUR,0.6754,0.0038,0.3208
HEARTS TWO SPADES FIVE,0.6514,0.0056,0.343
SPADES JACK DIAMONDS KING,0.6268,0.0048,0.3684
HEARTS QUEEN SPADES TWO,0.7636,0.0166,0.2198
CLUBS FOUR SPADES FOUR,0.4712,0.004,0.5248
SPADES ACE DIAMONDS JACK,0.7018,0.0652,0.233
DIAMONDS NINE CLUBS QUEEN,0.7522,0.014,0.2338
CLUBS FIVE DIAMONDS FOUR,0.6218,0.0058,0.3724
HEARTS KING HEARTS QUEEN,0.7156,0.0126,0.2718
SPADES QUEEN CLUBS THREE,0.7544,0.0178,0.2278
CLUBS TEN DIAMONDS FOUR,0.6758,0.0038,0.3204
HEARTS SIX CLUBS QUEEN,0.7566,0.0178,0.2256
CLUBS JACK CLUBS TEN,0.5926,0.0048,0.4026
CLUBS FIVE CLUBS KING,0.6096,0.0026,0.3878
CLUBS KING DIAMONDS FOUR,0.648,0.0042,0.3478
CLUBS SIX SPADES EIGHT,0.6338,0.004,0.3622
DIAMONDS TEN DIAMONDS SEVEN,0.6274,0.0054,0.3672
DIAMONDS THREE DIAMONDS TWO,0.6296,0.0052,0.3652
SPADES KING SPADES SIX,0.6106,0.0038,0.3856
CLUBS TEN DIAMONDS TWO,0.6882,0.0046,0.3072
CLUBS THREE DIAMONDS SIX,0.6498,0.0062,0.344
SPADES SIX CLUBS KING,0.64,0.0034,0.3566
SPADES TEN SPADES SEVEN,0.6174,0.0046,0.378
HEARTS FIVE DIAMONDS TEN,0.6876,0.0048,0.3076
CLUBS SIX DIAMONDS KING,0.6408,0.0028,0.3564
SPADES TWO DIAMONDS SIX,0.666,0.0046,0.3294
HEARTS SIX HEARTS QUEEN,0.7284,0.0156,0.256
SPADES SEVEN DIAMONDS SEVEN,0.4642,0.0054,0.5304
CLUBS TEN HEARTS KING,0.6228,0.0032,0.374
CLUBS EIGHT CLUBS FOUR,0.6118,0.004,0.3842
HEARTS THREE DIAMONDS SEVEN,0.6666,0.0044,0.329
DIAMONDS THREE DIAMONDS KING,0.6156,0.0062,0.3782
SPADES JACK CLUBS FIVE,0.6656,0.0026,0.3318
HEARTS SIX CLUBS FIVE,0.621,0.0054,0.3736
SPADES SIX HEARTS JACK,0.6862,0.0036,0.3102
CLUBS FOUR DIAMONDS SEVEN,0.651,0.0046,0.3444
SPADES KING SPADES FOUR,0.6096,0.0034,0.387
HEARTS SEVEN CLUBS TWO,0.6794,0.0036,0.317
SPADES EIGHT DIAMONDS EIGHT,0.4586,0.002,0.5394
SPADES KING DIAMONDS NINE,0.641,0.0068,0.3522
SPADES SIX HEARTS TEN,0.6726,0.005,0.3224
CLUBS EIGHT DIAMONDS SEVEN,0.618,0.0034,0.3786
SPADES TEN HEARTS NINE,0.631,0.0058,0.3632
SPADES FOUR HEARTS QUEEN,0.7544,0.017,0.2286
CLUBS TEN SPADES TWO,0.6796,0.0046,0.3158
CLUBS NINE SPADES THREE,0.6686,0.0032,0.3282
SPADES EIGHT HEARTS NINE,0.6382,0.0054,0.3564
CLUBS ACE DIAMONDS FIVE,0.674,0.0668,0.2592
HEARTS SIX HEARTS TEN,0.6364,0.0058,0.3578
DIAMONDS THREE HEARTS TEN,0.6742,0.0046,0.3212
CLUBS SIX HEARTS NINE,0.6424,0.0038,0.3538
HEARTS THREE HEARTS QUEEN,0.7366,0.015,0.2484
SPADES SIX CLUBS ACE,0.6904,0.0592,0.2504
DIAMONDS THREE CLUBS SIX,0.6488,0.0048,0.3464
SPADES QUEEN HEARTS TWO,0.7746,0.0186,0.2068
CLUBS NINE DIAMONDS FOUR,0.6842,0.0054,0.3104
DIAMONDS NINE SPADES THREE,0.6652,0.0056,0.3292
CLUBS THREE DIAMONDS SEVEN,0.6686,0.0048,0.3266
CLUBS FOUR HEARTS QUEEN,0.754,0.0194,0.2266
CLUBS JACK SPADES EIGHT,0.6492,0.0024,0.3484
SPADES EIGHT HEARTS TEN,0.6402,0.002,0.3578
DIAMONDS ACE CLUBS TWO,0.6946,0.0626,0.2428
HEARTS KING DIAMONDS EIGHT,0.6448,0.005,0.3502
SPADES NINE DIAMONDS NINE,0.4664,0.003,0.5306
HEARTS SEVEN CLUBS SEVEN,0.4694,0.0042,0.5264
HEARTS SIX CLUBS SEVEN,0.6254,0.004,0.3706
SPADES FIVE DIAMONDS EIGHT,0.6518,0.0044,0.3438
HEARTS FOUR SPADES FIVE,0.6152,0.0034,0.3814
SPADES EIGHT SPADES TWO,0.6256,0.0056,0.3688
SPADES FIVE CLUBS QUEEN,0.7514,0.017,0.2316
SPADES QUEEN HEARTS QUEEN,0.2984,0.0144,0.6872
CLUBS NINE CLUBS SIX,0.613,0.0052,0.3818
SPADES ACE CLUBS TEN,0.686,0.0656,0.2484
HEARTS THREE DIAMONDS NINE,0.6768,0.0036,0.3196
SPADES FIVE HEARTS NINE,0.659,0.0034,0.3376
CLUBS NINE SPADES TWO,0.6622,0.0046,0.3332
DIAMONDS ACE CLUBS THREE,0.6854,0.064,0.2506
SPADES TEN HEARTS KING,0.6278,0.0044,0.3678
CLUBS NINE DIAMONDS NINE,0.461,0.004,0.535
SPADES JACK CLUBS KING,0.6226,0.0026,0.3748
DIAMONDS JACK SPADES FOUR,0.6806,0.0048,0.3146
CLUBS JACK HEARTS TWO,0.6818,0.0056,0.3126
CLUBS FIVE CLUBS ACE,0.6328,0.0654,0.3018
HEARTS THREE SPADES EIGHT,0.6724,0.0046,0.323
CLUBS TEN HEARTS QUEEN,0.7192,0.0152,0.2656
DIAMONDS TWO DIAMONDS SIX,0.6304,0.005,0.3646
CLUBS TEN DIAMONDS EIGHT,0.6352,0.0042,0.3606
CLUBS SEVEN SPADES SEVEN,0.4712,0.0036,0.5252
CLUBS SEVEN DIAMONDS SEVEN,0.4696,0.0038,0.5266
HEARTS FIVE HEARTS TEN,0.6372,0.0054,0.3574
SPADES EIGHT DIAMONDS FOUR,0.6572,0.0024,0.3404
HEARTS NINE CLUBS QUEEN,0.7452,0.0144,0.2404
HEARTS THREE DIAMONDS FOUR,0.6542,0.006,0.3398
DIAMONDS FIVE DIAMONDS FOUR,0.5904,0.0046,0.405
SPADES KING HEARTS FOUR,0.6526,0.0056,0.3418
HEARTS SIX HEARTS THREE,0.634,0.0048,0.3612
SPADES FOUR HEARTS NINE,0.6768,0.0046,0.3186
HEARTS FOUR SPADES FOUR,0.479,0.0042,0.5168
SPADES SEVEN HEARTS EIGHT,0.621,0.0044,0.3746
CLUBS SIX SPADES TWO,0.6568,0.0042,0.339
CLUBS THREE HEARTS NINE,0.6742,0.0042,0.3216
CLUBS NINE CLUBS EIGHT,0.589,0.004,0.407
CLUBS FOUR DIAMONDS EIGHT,0.6478,0.005,0.3472
SPADES TEN DIAMONDS FIVE,0.6824,0.0044,0.3132
DIAMONDS TEN SPADES THREE,0.6804,0.0038,0.3158
CLUBS NINE HEARTS EIGHT,0.6366,0.005,0.3584
CLUBS THREE HEARTS TEN,0.6882,0.0036,0.3082
SPADES JACK SPADES NINE,0.6032,0.003,0.3938
SPADES NINE HEARTS QUEEN,0.7452,0.0138,0.241
CLUBS FOUR HEARTS EIGHT,0.6568,0.0046,0.3386
CLUBS KING CLUBS QUEEN,0.7088,0.0124,0.2788
SPADES FOUR SPADES TWO,0.6034,0.0038,0.3928
CLUBS SEVEN DIAMONDS NINE,0.6398,0.004,0.3562
SPADES FIVE DIAMONDS FOUR,0.6208,0.0046,0.3746
SPADES TEN DIAMONDS JACK,0.6324,0.0036,0.364
SPADES QUEEN CLUBS KING,0.7354,0.0098,0.2548
SPADES TEN DIAMONDS SIX,0.6758,0.0044,0.3198
DIAMONDS JACK SPADES THREE,0.6832,0.0056,0.3112
CLUBS JACK CLUBS TWO,0.6408,0.005,0.3542
CLUBS SIX HEARTS QUEEN,0.7626,0.0154,0.222
SPADES FIVE SPADES TWO,0.6048,0.0032,0.392
HEARTS FOUR HEARTS KING,0.608,0.0076,0.3844
HEARTS SEVEN HEARTS THREE,0.6312,0.0052,0.3636
SPADES KING HEARTS SIX,0.6408,0.0038,0.3554
HEARTS THREE SPADES SIX,0.656,0.0032,0.3408
HEARTS FIVE SPADES EIGHT,0.6448,0.0054,0.3498
SPADES TWO HEARTS EIGHT,0.673,0.004,0.323
SPADES SIX SPADES THREE,0.6178,0.0056,0.3766
HEARTS SIX DIAMONDS EIGHT,0.6484,0.0046,0.347
CLUBS SIX DIAMONDS FOUR,0.6336,0.0048,0.3616
SPADES KING CLUBS FIVE,0.639,0.0044,0.3566
DIAMONDS TEN DIAMONDS NINE,0.6122,0.0038,0.384
SPADES TWO CLUBS ACE,0.6856,0.0708,0.2436
HEARTS TWO DIAMONDS NINE,0.6672,0.005,0.3278
DIAMONDS THREE DIAMONDS SIX,0.6306,0.0062,0.3632
CLUBS NINE DIAMONDS FIVE,0.664,0.0042,0.3318
HEARTS SIX CLUBS ACE,0.7002,0.0544,0.2454
CLUBS NINE CLUBS TWO,0.6342,0.006,0.3598
HEARTS KING DIAMONDS FIVE,0.6478,0.0054,0.3468
HEARTS SIX HEARTS JACK,0.659,0.0058,0.3352
HEARTS KING CLUBS ACE,0.2552,0.05,0.6948
DIAMONDS TWO HEARTS EIGHT,0.6776,0.0052,0.3172
SPADES NINE HEARTS TWO,0.6798,0.0056,0.3146
CLUBS EIGHT HEARTS THREE,0.6758,0.0052,0.319
CLUBS SEVEN HEARTS THREE,0.6806,0.005,0.3144
SPADES KING CLUBS TEN,0.6258,0.0048,0.3694
SPADES TEN DIAMONDS EIGHT,0.652,0.0024,0.3456
SPADES QUEEN SPADES NINE,0.7186,0.0102,0.2712
CLUBS SIX SPADES SEVEN,0.6126,0.0046,0.3828
SPADES SIX HEARTS KING,0.6304,0.0044,0.3652
CLUBS JACK HEARTS SIX,0.6922,0.003,0.3048
CLUBS QUEEN DIAMONDS FOUR,0.7564,0.0192,0.2244
CLUBS EIGHT SPADES SEVEN,0.6296,0.003,0.3674
SPADES SEVEN DIAMONDS NINE,0.6408,0.0044,0.3548
DIAMONDS JACK DIAMONDS TEN,0.6044,0.0062,0.3894
CLUBS JACK SPADES FOUR,0.6758,0.003,0.3212
CLUBS JACK HEARTS SEVEN,0.6674,0.0032,0.3294
HEARTS SEVEN SPADES NINE,0.6366,0.0042,0.3592
SPADES NINE SPADES TWO,0.618,0.0048,0.3772
HEARTS KING DIAMONDS SEVEN,0.6498,0.004,0.3462
CLUBS SIX SPADES FIVE,0.6288,0.0044,0.3668
CLUBS THREE HEARTS QUEEN,0.766,0.014,0.22
SPADES SIX DIAMONDS SIX,0.4704,0.0038,0.5258
CLUBS EIGHT HEARTS NINE,0.6286,0.0058,0.3656
CLUBS TEN SPADES THREE,0.6826,0.0032,0.3142
HEARTS SEVEN CLUBS EIGHT,0.6294,0.003,0.3676
HEARTS THREE HEARTS KING,0.6278,0.0052,0.367
CLUBS JACK DIAMONDS KING,0.6206,0.0042,0.3752
DIAMONDS EIGHT HEARTS JACK,0.661,0.003,0.336
HEARTS FOUR SPADES NINE,0.6838,0.0048,0.3114
DIAMONDS FIVE CLUBS QUEEN,0.754,0.0172,0.2288
SPADES SEVEN HEARTS TEN,0.6538,0.005,0.3412
DIAMONDS KING SPADES FIVE,0.6316,0.0058,0.3626
HEARTS SEVEN CLUBS THREE,0.6614,0.0048,0.3338
SPADES TEN CLUBS ACE,0.6904,0.064,0.2456
SPADES NINE DIAMONDS ACE,0.6946,0.0672,0.2382
SPADES SIX CLUBS TWO,0.671,0.0032,0.3258
SPADES THREE HEARTS QUEEN,0.77,0.0158,0.2142
SPADES NINE SPADES FIVE,0.614,0.0054,0.3806
SPADES ACE HEARTS QUEEN,0.0196,0.9678,0.0126
HEARTS THREE SPADES FIVE,0.6362,0.0046,0.3592
DIAMONDS KING HEARTS TEN,0.621,0.0056,0.3734
HEARTS THREE CLUBS QUEEN,0.7672,0.0164,0.2164
CLUBS JACK HEARTS JACK,0.4296,0.0044,0.566
CLUBS EIGHT SPADES THREE,0.6632,0.004,0.3328
DIAMONDS JACK CLUBS KING,0.6254,0.004,0.3706
DIAMONDS NINE CLUBS KING,0.6372,0.0038,0.359
DIAMONDS TWO HEARTS JACK,0.6864,0.0062,0.3074
HEARTS FIVE DIAMONDS SEVEN,0.6486,0.0044,0.347
CLUBS SEVEN DIAMONDS KING,0.616,0.0032,0.3808
SPADES QUEEN CLUBS SIX,0.7656,0.0172,0.2172
SPADES TEN HEARTS JACK,0.6304,0.0046,0.365
DIAMONDS THREE CLUBS FIVE,0.6276,0.0038,0.3686
SPADES NINE SPADES SIX,0.6124,0.0038,0.3838
SPADES ACE SPADES SIX,0.6516,0.058,0.2904
DIAMONDS JACK HEARTS TEN,0.6414,0.0054,0.3532
HEARTS SIX DIAMONDS NINE,0.661,0.0046,0.3344
CLUBS SEVEN DIAMONDS JACK,0.661,0.0056,0.3334
SPADES SEVEN HEARTS NINE,0.646,0.004,0.35
SPADES QUEEN DIAMONDS SEVEN,0.7534,0.0152,0.2314
HEARTS FIVE SPADES JACK,0.6718,0.0046,0.3236
CLUBS EIGHT SPADES FIVE,0.6378,0.0036,0.3586
CLUBS NINE HEARTS JACK,0.6364,0.006,0.3576
CLUBS NINE CLUBS ACE,0.6514,0.0656,0.283
HEARTS SEVEN DIAMONDS TEN,0.6666,0.0038,0.3296
SPADES JACK CLUBS THREE,0.67,0.0046,0.3254
HEARTS SEVEN CLUBS SIX,0.632,0.0032,0.3648
CLUBS TEN HEARTS THREE,0.6744,0.0058,0.3198
CLUBS JACK CLUBS FIVE,0.6234,0.006,0.3706
DIAMONDS ACE SPADES SEVEN,0.6978,0.0628,0.2394
SPADES FOUR DIAMONDS FIVE,0.6186,0.005,0.3764
HEARTS FOUR CLUBS FIVE,0.616,0.0054,0.3786
HEARTS FOUR SPADES SEVEN,0.652,0.0042,0.3438
SPADES SIX CLUBS THREE,0.654,0.0046,0.3414
SPADES NINE CLUBS ACE,0.6916,0.0624,0.246
HEARTS FIVE DIAMONDS FIVE,0.4714,0.0054,0.5232
SPADES SEVEN CLUBS ACE,0.6908,0.0602,0.249
SPADES QUEEN SPADES TEN,0.695,0.0124,0.2926
DIAMONDS SEVEN HEARTS EIGHT,0.6404,0.0036,0.356
SPADES SEVEN DIAMONDS FOUR,0.6486,0.0046,0.3468
SPADES EIGHT DIAMONDS FIVE,0.6434,0.0042,0.3524
DIAMONDS NINE HEARTS NINE,0.4684,0.0044,0.5272
DIAMONDS KING SPADES FOUR,0.6528,0.0046,0.3426
CLUBS TEN CLUBS TWO,0.6378,0.004,0.3582
CLUBS SIX SPADES SIX,0.47,0.0024,0.5276
DIAMONDS THREE HEARTS NINE,0.6804,0.0046,0.315
CLUBS FOUR SPADES SIX,0.6344,0.0036,0.362
DIAMONDS TWO CLUBS THREE,0.648,0.0052,0.3468
HEARTS FIVE SPADES TEN,0.6782,0.0054,0.3164
SPADES ACE CLUBS SEVEN,0.6788,0.0692,0.252
HEARTS SIX DIAMONDS TWO,0.6794,0.006,0.3146
CLUBS FIVE CLUBS FOUR,0.5708,0.0054,0.4238
DIAMONDS TWO CLUBS KING,0.6566,0.0052,0.3382
SPADES JACK CLUBS QUEEN,0.7286,0.0156,0.2558
HEARTS SEVEN SPADES TEN,0.6498,0.003,0.3472
HEARTS TWO HEARTS TEN,0.664,0.0034,0.3326
DIAMONDS TEN HEARTS NINE,0.6332,0.0044,0.3624
HEARTS FOUR SPADES TWO,0.656,0.0082,0.3358
DIAMONDS SEVEN CLUBS KING,0.6408,0.0046,0.3546
CLUBS TWO DIAMONDS SEVEN,0.6848,0.0052,0.31
HEARTS SEVEN SPADES QUEEN,0.7534,0.0174,0.2292
CLUBS FIVE HEARTS TEN,0.6838,0.006,0.3102
SPADES ACE DIAMONDS FIVE,0.6822,0.066,0.2518
SPADES SIX HEARTS NINE,0.6534,0.004,0.3426
DIAMONDS EIGHT CLUBS QUEEN,0.7476,0.0158,0.2366
HEARTS QUEEN HEARTS JACK,0.7002,0.0158,0.284
DIAMONDS JACK DIAMONDS SIX,0.6532,0.0048,0.342
SPADES ACE SPADES FIVE,0.6246,0.0608,0.3146
SPADES KING SPADES QUEEN,0.6918,0.0106,0.2976
HEARTS SIX SPADES QUEEN,0.7504,0.0172,0.2324
SPADES KING SPADES SEVEN,0.6082,0.0042,0.3876
DIAMONDS THREE CLUBS QUEEN,0.7684,0.0152,0.2164
DIAMONDS TEN HEARTS KING,0.6378,0.0044,0.3578
DIAMONDS TWO SPADES FIVE,0.6462,0.0058,0.348
SPADES JACK HEARTS THREE,0.686,0.0066,0.3074
CLUBS FOUR SPADES THREE,0.6224,0.0048,0.3728
SPADES EIGHT CLUBS QUEEN,0.7288,0.0154,0.2558
CLUBS FIVE DIAMONDS SEVEN,0.6352,0.005,0.3598
CLUBS TEN SPADES TEN,0.4214,0.0042,0.5744
SPADES ACE HEARTS SIX,0.7166,0.0594,0.224
SPADES ACE DIAMONDS ACE,0.063,0.0146,0.9224
CLUBS FOUR CLUBS QUEEN,0.711,0.017,0.272
CLUBS JACK DIAMONDS TWO,0.681,0.0046,0.3144
HEARTS SIX DIAMONDS SIX,0.4734,0.004,0.5226
DIAMONDS NINE DIAMONDS FOUR,0.6478,0.0058,0.3464
DIAMONDS EIGHT DIAMONDS FOUR,0.6186,0.005,0.3764
HEARTS FOUR DIAMONDS TEN,0.6822,0.0056,0.3122
HEARTS SEVEN DIAMONDS SEVEN,0.4786,0.003,0.5184
SPADES FOUR HEARTS KING,0.661,0.0034,0.3356
CLUBS SEVEN HEARTS JACK,0.6742,0.0038,0.322
SPADES EIGHT HEARTS QUEEN,0.748,0.0164,0.2356
SPADES KING DIAMONDS SEVEN,0.6468,0.005,0.3482
HEARTS QUEEN DIAMONDS SIX,0.7676,0.0154,0.217
CLUBS TEN SPADES FIVE,0.6764,0.0034,0.3202
CLUBS TWO HEARTS QUEEN,0.7642,0.0182,0.2176
SPADES THREE CLUBS KING,0.6376,0.0042,0.3582
HEARTS NINE DIAMONDS FIVE,0.6568,0.0046,0.3386
DIAMONDS KING DIAMONDS EIGHT,0.6084,0.0066,0.385
SPADES JACK HEARTS QUEEN,0.7486,0.0144,0.237
CLUBS JACK HEARTS FOUR,0.6812,0.0028,0.316
DIAMONDS SIX HEARTS NINE,0.6552,0.0044,0.3404
SPADES FIVE HEARTS QUEEN,0.7596,0.0188,0.2216
CLUBS NINE HEARTS FOUR,0.679,0.003,0.318
CLUBS FOUR DIAMONDS FIVE,0.625,0.0034,0.3716
SPADES THREE HEARTS EIGHT,0.668,0.0052,0.3268
DIAMONDS JACK HEARTS EIGHT,0.665,0.004,0.331
CLUBS SEVEN HEARTS EIGHT,0.6162,0.0036,0.3802
DIAMONDS THREE DIAMONDS NINE,0.6382,0.0048,0.357
CLUBS JACK CLUBS SEVEN,0.6262,0.0052,0.3686
HEARTS SEVEN HEARTS NINE,0.6226,0.0046,0.3728
SPADES JACK HEARTS FOUR,0.6786,0.0038,0.3176
DIAMONDS TWO DIAMONDS FIVE,0.621,0.004,0.375
CLUBS TEN DIAMONDS JACK,0.6328,0.0042,0.363
SPADES QUEEN SPADES SIX,0.7186,0.0132,0.2682
SPADES NINE DIAMONDS JACK,0.6508,0.0034,0.3458
DIAMONDS TEN HEARTS JACK,0.6298,0.0058,0.3644
SPADES TWO CLUBS QUEEN,0.7594,0.016,0.2246
HEARTS FOUR CLUBS THREE,0.6392,0.0058,0.355
SPADES ACE CLUBS ACE,0.0714,0.013,0.9156
CLUBS SEVEN SPADES FIVE,0.6366,0.0044,0.359
SPADES QUEEN CLUBS QUEEN,0.2906,0.0126,0.6968
SPADES TEN HEARTS EIGHT,0.653,0.0038,0.3432
DIAMONDS TEN SPADES FOUR,0.6706,0.0048,0.3246
SPADES ACE HEARTS EIGHT,0.6792,0.0726,0.2482
SPADES JACK CLUBS SIX,0.6666,0.0038,0.3296
SPADES ACE CLUBS NINE,0.6908,0.0652,0.244
DIAMONDS THREE HEARTS TWO,0.6638,0.0062,0.33
DIAMONDS THREE HEARTS SIX,0.6494,0.0038,0.3468
HEARTS SIX DIAMONDS FIVE,0.632,0.0064,0.3616
SPADES ACE HEARTS THREE,0.6814,0.0588,0.2598
SPADES JACK SPADES TEN,0.592,0.0048,0.4032
SPADES KING DIAMONDS KING,0.2822,0.004,0.7138
SPADES QUEEN DIAMONDS SIX,0.7618,0.0146,0.2236
CLUBS NINE CLUBS FOUR,0.6136,0.0042,0.3822
CLUBS SIX CLUBS THREE,0.599,0.0052,0.3958
DIAMONDS KING DIAMONDS FOUR,0.6162,0.0058,0.378
CLUBS SEVEN CLUBS FOUR,0.6008,0.0048,0.3944
CLUBS TWO HEARTS TEN,0.6832,0.0048,0.312
HEARTS TEN CLUBS KING,0.6206,0.0044,0.375
DIAMONDS NINE HEARTS TEN,0.6292,0.0052,0.3656
CLUBS TEN SPADES NINE,0.6274,0.0032,0.3694
CLUBS TWO CLUBS KING,0.6096,0.0056,0.3848
DIAMONDS KING HEARTS EIGHT,0.6434,0.0058,0.3508
HEARTS SEVEN SPADES EIGHT,0.6336,0.0034,0.363
DIAMONDS SEVEN HEARTS NINE,0.6402,0.004,0.3558
CLUBS FIVE SPADES TWO,0.636,0.0036,0.3604
HEARTS SIX CLUBS THREE,0.6548,0.0038,0.3414
SPADES ACE CLUBS JACK,0.6966,0.0602,0.2432
DIAMONDS THREE SPADES JACK,0.6678,0.004,0.3282
SPADES EIGHT HEARTS JACK,0.6598,0.003,0.3372
DIAMONDS EIGHT CLUBS ACE,0.6942,0.0576,0.2482
DIAMONDS EIGHT DIAMONDS FIVE,0.6272,0.0046,0.3682
HEARTS FIVE DIAMONDS SIX,0.6274,0.0028,0.3698
HEARTS THREE SPADES SEVEN,0.6778,0.0046,0.3176
CLUBS JACK SPADES FIVE,0.6678,0.0038,0.3284
DIAMONDS ACE HEARTS KING,0.2444,0.0486,0.707
SPADES KING CLUBS FOUR,0.6438,0.0042,0.352
CLUBS JACK HEARTS KING,0.6266,0.0062,0.3672
CLUBS TEN HEARTS JACK,0.6418,0.0042,0.354
SPADES KING HEARTS FIVE,0.6526,0.0028,0.3446
DIAMONDS ACE HEARTS NINE,0.6954,0.0648,0.2398
DIAMONDS THREE SPADES FIVE,0.6338,0.0064,0.3598
CLUBS TWO CLUBS ACE,0.6416,0.059,0.2994
DIAMONDS TEN CLUBS KING,0.6202,0.005,0.3748
HEARTS FOUR DIAMONDS FIVE,0.623,0.0046,0.3724
DIAMONDS TWO SPADES SIX,0.6582,0.005,0.3368
CLUBS JACK SPADES THREE,0.683,0.0042,0.3128
CLUBS JACK DIAMONDS NINE,0.6582,0.004,0.3378
CLUBS SIX CLUBS TWO,0.6298,0.003,0.3672
HEARTS FOUR SPADES EIGHT,0.673,0.0034,0.3236
HEARTS THREE DIAMONDS EIGHT,0.6634,0.0056,0.331
DIAMONDS THREE SPADES SEVEN,0.6686,0.0044,0.327
DIAMONDS TWO CLUBS QUEEN,0.7658,0.016,0.2182
DIAMONDS THREE CLUBS TWO,0.6516,0.0056,0.3428
SPADES TEN CLUBS THREE,0.6778,0.0034,0.3188
DIAMONDS THREE CLUBS ACE,0.68,0.0614,0.2586
SPADES NINE SPADES FOUR,0.6334,0.0038,0.3628
HEARTS FOUR SPADES SIX,0.6456,0.0028,0.3516
HEARTS THREE SPADES THREE,0.4822,0.0058,0.512
SPADES THREE DIAMONDS SEVEN,0.6528,0.0066,0.3406
DIAMONDS JACK CLUBS QUEEN,0.733,0.015,0.252
HEARTS THREE HEARTS EIGHT,0.6446,0.0056,0.3498
HEARTS QUEEN CLUBS KING,0.7398,0.01,0.2502
CLUBS EIGHT HEARTS QUEEN,0.733,0.0184,0.2486
SPADES TWO DIAMONDS FOUR,0.644,0.005,0.351
CLUBS NINE SPADES JACK,0.6314,0.003,0.3656
HEARTS TWO CLUBS QUEEN,0.7562,0.0196,0.2242
CLUBS EIGHT DIAMONDS NINE,0.6264,0.0032,0.3704
DIAMONDS TWO DIAMONDS JACK,0.6546,0.006,0.3394
CLUBS JACK SPADES SIX,0.6736,0.004,0.3224
HEARTS SIX SPADES SIX,0.4844,0.0032,0.5124
DIAMONDS NINE HEARTS JACK,0.6466,0.0064,0.347
SPADES FIVE DIAMONDS SEVEN,0.645,0.0034,0.3516
HEARTS FIVE SPADES FOUR,0.6386,0.004,0.3574
SPADES EIGHT CLUBS FOUR,0.6584,0.0032,0.3384
CLUBS JACK DIAMONDS EIGHT,0.6406,0.0054,0.354
CLUBS TEN SPADES JACK,0.6282,0.0026,0.3692
DIAMONDS THREE HEARTS THREE,0.475,0.0074,0.5176
CLUBS JACK SPADES TWO,0.6866,0.005,0.3084
CLUBS JACK CLUBS SIX,0.6248,0.004,0.3712
SPADES SIX SPADES TWO,0.6304,0.0036,0.366
HEARTS FIVE SPADES SIX,0.6268,0.004,0.3692
HEARTS FOUR DIAMONDS FOUR,0.4878,0.006,0.5062
HEARTS KING HEARTS EIGHT,0.6254,0.004,0.3706
DIAMONDS TWO SPADES THREE,0.6634,0.0046,0.332
SPADES EIGHT DIAMONDS TEN,0.6332,0.0032,0.3636
CLUBS EIGHT DIAMONDS FOUR,0.6492,0.0034,0.3474
CLUBS SEVEN HEARTS KING,0.6346,0.0036,0.3618
HEARTS KING HEARTS JACK,0.6026,0.0058,0.3916
HEARTS SEVEN SPADES SEVEN,0.4752,0.0046,0.5202
DIAMONDS TWO SPADES FOUR,0.6574,0.0058,0.3368
HEARTS SIX HEARTS NINE,0.6108,0.0054,0.3838
SPADES JACK SPADES SEVEN,0.6108,0.0038,0.3854
SPADES QUEEN HEARTS TEN,0.732,0.0162,0.2518
SPADES QUEEN HEARTS EIGHT,0.7398,0.018,0.2422
HEARTS TEN DIAMONDS FOUR,0.678,0.007,0.315
SPADES EIGHT SPADES SIX,0.594,0.003,0.403
SPADES FIVE HEARTS KING,0.6392,0.0072,0.3536
SPADES NINE SPADES THREE,0.6212,0.0044,0.3744
DIAMONDS THREE CLUBS THREE,0.4756,0.0058,0.5186
CLUBS TEN HEARTS FOUR,0.6788,0.003,0.3182
DIAMONDS THREE DIAMONDS ACE,0.6546,0.0626,0.2828
DIAMONDS JACK SPADES FIVE,0.664,0.0028,0.3332
DIAMONDS THREE HEARTS FOUR,0.644,0.0072,0.3488
CLUBS JACK SPADES QUEEN,0.7152,0.0146,0.2702
HEARTS FIVE SPADES THREE,0.625,0.005,0.37
DIAMONDS KING SPADES SIX,0.6508,0.004,0.3452
DIAMONDS TWO HEARTS FOUR,0.6448,0.007,0.3482
DIAMONDS ACE HEARTS EIGHT,0.6906,0.0672,0.2422
CLUBS JACK DIAMONDS JACK,0.4318,0.0024,0.5658
CLUBS SIX HEARTS KING,0.6566,0.0054,0.338
DIAMONDS THREE CLUBS TEN,0.683,0.0048,0.3122
CLUBS TEN CLUBS NINE,0.5926,0.004,0.4034
CLUBS ACE DIAMONDS FOUR,0.692,0.0574,0.2506
SPADES ACE HEARTS KING,0.2404,0.0464,0.7132
SPADES KING DIAMONDS FIVE,0.6466,0.0068,0.3466
SPADES NINE DIAMONDS KING,0.6268,0.0042,0.369
CLUBS SIX DIAMONDS EIGHT,0.6408,0.0038,0.3554
SPADES ACE HEARTS JACK,0.7148,0.0628,0.2224
DIAMONDS TWO HEARTS KING,0.6622,0.0052,0.3326
DIAMONDS THREE SPADES NINE,0.6804,0.0042,0.3154
DIAMONDS THREE HEARTS JACK,0.6822,0.007,0.3108
HEARTS JACK DIAMONDS SIX,0.6816,0.0046,0.3138
HEARTS FIVE SPADES SEVEN,0.6406,0.0044,0.355
CLUBS EIGHT CLUBS TWO,0.6252,0.0052,0.3696
HEARTS TWO HEARTS KING,0.6256,0.0074,0.367
HEARTS SIX HEARTS FOUR,0.609,0.0052,0.3858
DIAMONDS TEN CLUBS ACE,0.695,0.069,0.236
HEARTS TWO SPADES SEVEN,0.6896,0.0038,0.3066
HEARTS TWO HEARTS EIGHT,0.6334,0.0052,0.3614
SPADES SIX DIAMONDS NINE,0.65,0.0046,0.3454
SPADES FOUR DIAMONDS SIX,0.6348,0.0052,0.36
CLUBS NINE DIAMONDS SEVEN,0.638,0.0048,0.3572
HEARTS THREE HEARTS TWO,0.6336,0.0044,0.362
DIAMONDS ACE DIAMONDS KING,0.236,0.0484,0.7156
HEARTS SIX DIAMONDS SEVEN,0.6248,0.0062,0.369
SPADES ACE HEARTS SEVEN,0.7006,0.0614,0.238
CLUBS TEN SPADES FOUR,0.6706,0.0044,0.325
SPADES NINE CLUBS THREE,0.657,0.004,0.339
DIAMONDS ACE HEARTS QUEEN,0.0104,0.9802,0.0094
SPADES FIVE HEARTS EIGHT,0.6532,0.0048,0.342
SPADES KING SPADES FIVE,0.595,0.0044,0.4006
SPADES FOUR HEARTS JACK,0.685,0.004,0.311
SPADES ACE CLUBS SIX,0.6952,0.0616,0.2432
SPADES SEVEN SPADES FOUR,0.6024,0.005,0.3926
CLUBS SEVEN CLUBS TWO,0.6276,0.0034,0.369
DIAMONDS THREE HEARTS KING,0.6532,0.0046,0.3422
SPADES FIVE DIAMONDS FIVE,0.4722,0.0042,0.5236
SPADES ACE SPADES TWO,0.6402,0.061,0.2988
SPADES SEVEN HEARTS QUEEN,0.751,0.016,0.233
HEARTS THREE DIAMONDS KING,0.6494,0.0058,0.3448
SPADES SEVEN CLUBS FOUR,0.6398,0.0058,0.3544
SPADES JACK CLUBS ACE,0.7038,0.0608,0.2354
CLUBS FOUR CLUBS KING,0.614,0.0056,0.3804
CLUBS JACK DIAMONDS ACE,0.6944,0.0624,0.2432
DIAMONDS KING DIAMONDS SIX,0.613,0.0052,0.3818
CLUBS ACE DIAMONDS SIX,0.704,0.0564,0.2396
CLUBS EIGHT HEARTS TWO,0.6816,0.0048,0.3136
SPADES SEVEN SPADES THREE,0.6086,0.0042,0.3872
HEARTS SEVEN CLUBS TEN,0.6504,0.0056,0.344
SPADES NINE DIAMONDS FIVE,0.645,0.005,0.35
CLUBS EIGHT HEARTS TEN,0.6424,0.0042,0.3534
CLUBS FOUR HEARTS JACK,0.6746,0.0042,0.3212
CLUBS EIGHT DIAMONDS JACK,0.6532,0.0034,0.3434
DIAMONDS THREE SPADES EIGHT,0.6734,0.0044,0.3222
SPADES ACE SPADES FOUR,0.6346,0.0506,0.3148
HEARTS FOUR CLUBS SEVEN,0.6538,0.0032,0.343
DIAMONDS THREE DIAMONDS EIGHT,0.6444,0.005,0.3506
SPADES SEVEN DIAMONDS TEN,0.6548,0.0038,0.3414
CLUBS SIX DIAMONDS FIVE,0.6172,0.0026,0.3802
HEARTS FOUR CLUBS QUEEN,0.7642,0.0176,0.2182
HEARTS TWO DIAMONDS SEVEN,0.7002,0.0044,0.2954
HEARTS FIVE SPADES FIVE,0.477,0.0034,0.5196
SPADES EIGHT CLUBS THREE,0.6778,0.0032,0.319
HEARTS SIX DIAMONDS ACE,0.6946,0.06,0.2454
SPADES SIX DIAMONDS JACK,0.6808,0.0036,0.3156
CLUBS FOUR DIAMONDS KING,0.6442,0.0048,0.351
HEARTS SEVEN DIAMONDS FIVE,0.648,0.0044,0.3476
HEARTS FOUR DIAMONDS SIX,0.6532,0.0054,0.3414
CLUBS TEN DIAMONDS SEVEN,0.6522,0.005,0.3428
CLUBS EIGHT CLUBS QUEEN,0.6978,0.0138,0.2884
HEARTS FOUR HEARTS TEN,0.6552,0.0046,0.3402
HEARTS SIX SPADES EIGHT,0.6404,0.0038,0.3558
HEARTS KING DIAMONDS NINE,0.6346,0.0046,0.3608
SPADES FIVE DIAMONDS NINE,0.6614,0.0058,0.3328
DIAMONDS THREE HEARTS FIVE,0.6428,0.0048,0.3524
DIAMONDS KING CLUBS TWO,0.6386,0.0062,0.3552
SPADES EIGHT DIAMONDS KING,0.6488,0.0052,0.346
SPADES FOUR CLUBS QUEEN,0.7484,0.0198,0.2318
SPADES ACE HEARTS NINE,0.6896,0.0628,0.2476
CLUBS SEVEN DIAMONDS SIX,0.6218,0.0036,0.3746
HEARTS SIX CLUBS EIGHT,0.6388,0.0026,0.3586
CLUBS NINE SPADES FIVE,0.6486,0.0032,0.3482
DIAMONDS THREE SPADES QUEEN,0.7682,0.018,0.2138
SPADES TWO DIAMONDS SEVEN,0.6848,0.0048,0.3104
CLUBS THREE SPADES FOUR,0.6398,0.0048,0.3554
HEARTS FOUR HEARTS NINE,0.6434,0.0048,0.3518
CLUBS NINE HEARTS TEN,0.6322,0.0036,0.3642
SPADES JACK CLUBS TWO,0.686,0.0052,0.3088
HEARTS THREE SPADES TWO,0.6468,0.0062,0.347
HEARTS JACK CLUBS KING,0.6274,0.0038,0.3688
SPADES QUEEN HEARTS NINE,0.7484,0.0162,0.2354
DIAMONDS THREE CLUBS NINE,0.6632,0.0062,0.3306
HEARTS SIX HEARTS EIGHT,0.6154,0.0062,0.3784
SPADES JACK DIAMONDS ACE,0.6884,0.0658,0.2458
SPADES EIGHT DIAMONDS JACK,0.6594,0.0048,0.3358
SPADES SEVEN DIAMONDS EIGHT,0.6212,0.0034,0.3754
HEARTS TWO CLUBS ACE,0.698,0.0582,0.2438
HEARTS KING HEARTS NINE,0.6122,0.0042,0.3836
HEARTS TWO SPADES TWO,0.4726,0.0068,0.5206
SPADES ACE SPADES QUEEN,0.0236,0.899,0.0774
DIAMONDS ACE DIAMONDS TEN,0.6656,0.0588,0.2756
HEARTS FIVE CLUBS THREE,0.6306,0.0058,0.3636
DIAMONDS TWO DIAMONDS NINE,0.6516,0.0042,0.3442
HEARTS KING SPADES TWO,0.6434,0.0062,0.3504
DIAMONDS JACK DIAMONDS FOUR,0.6486,0.006,0.3454
SPADES SEVEN DIAMONDS JACK,0.6688,0.0032,0.328
HEARTS SEVEN DIAMONDS JACK,0.6724,0.0032,0.3244
SPADES FOUR CLUBS KING,0.639,0.0046,0.3564
SPADES ACE SPADES KING,0.2256,0.0476,0.7268
DIAMONDS TWO SPADES SEVEN,0.6812,0.0034,0.3154
HEARTS FOUR CLUBS TWO,0.6508,0.0078,0.3414
SPADES TEN DIAMONDS ACE,0.6932,0.0582,0.2486
CLUBS SEVEN CLUBS QUEEN,0.7018,0.0172,0.281
DIAMONDS KING SPADES TWO,0.6562,0.006,0.3378
CLUBS TEN HEARTS TWO,0.6844,0.0046,0.311
CLUBS JACK SPADES NINE,0.6392,0.0036,0.3572
SPADES THREE DIAMONDS SIX,0.6528,0.007,0.3402
CLUBS NINE HEARTS THREE,0.6744,0.0044,0.3212
CLUBS TWO DIAMONDS FIVE,0.6544,0.0068,0.3388
DIAMONDS ACE DIAMONDS FIVE,0.6448,0.064,0.2912
CLUBS NINE SPADES SEVEN,0.6384,0.0032,0.3584
CLUBS SIX SPADES THREE,0.635,0.0028,0.3622
CLUBS NINE HEARTS KING,0.6242,0.0052,0.3706
CLUBS FOUR HEARTS NINE,0.6718,0.0054,0.3228
HEARTS SEVEN SPADES KING,0.646,0.0048,0.3492
DIAMONDS SIX HEARTS EIGHT,0.648,0.0042,0.3478
CLUBS FIVE SPADES SEVEN,0.6396,0.003,0.3574
SPADES ACE DIAMONDS TEN,0.7012,0.0614,0.2374
HEARTS SEVEN DIAMONDS KING,0.6454,0.0044,0.3502
CLUBS EIGHT SPADES TWO,0.6776,0.0026,0.3198
SPADES QUEEN DIAMONDS ACE,0.011,0.9704,0.0186
SPADES TWO HEARTS NINE,0.6788,0.0028,0.3184
HEARTS SIX SPADES FIVE,0.6286,0.0044,0.367
DIAMONDS THREE CLUBS EIGHT,0.6822,0.005,0.3128
DIAMONDS THREE DIAMONDS FOUR,0.6156,0.0046,0.3798
SPADES SEVEN DIAMONDS SIX,0.6286,0.005,0.3664
SPADES JACK DIAMONDS FOUR,0.6744,0.0056,0.32
SPADES TWO DIAMONDS FIVE,0.6556,0.0056,0.3388
HEARTS TEN DIAMONDS SIX,0.6776,0.0042,0.3182
CLUBS SEVEN HEARTS TEN,0.6524,0.0018,0.3458
HEARTS SEVEN HEARTS SIX,0.5984,0.0046,0.397
CLUBS THREE DIAMONDS TEN,0.6852,0.0042,0.3106
CLUBS TEN CLUBS FIVE,0.625,0.0042,0.3708
DIAMONDS KING HEARTS KING,0.2782,0.0062,0.7156
SPADES TEN SPADES NINE,0.5784,0.0038,0.4178
CLUBS JACK DIAMONDS SEVEN,0.6766,0.0048,0.3186
HEARTS KING CLUBS QUEEN,0.7516,0.0098,0.2386
HEARTS JACK DIAMONDS FIVE,0.6748,0.004,0.3212
HEARTS TEN DIAMONDS FIVE,0.6738,0.0046,0.3216
HEARTS FIVE HEARTS EIGHT,0.6136,0.0044,0.382
HEARTS SIX CLUBS NINE,0.6376,0.0038,0.3586
DIAMONDS JACK HEARTS QUEEN,0.7358,0.0178,0.2464
SPADES SIX DIAMONDS FIVE,0.6148,0.004,0.3812
HEARTS FOUR HEARTS JACK,0.6546,0.0048,0.3406
HEARTS FIVE CLUBS ACE,0.679,0.066,0.255
CLUBS EIGHT SPADES TEN,0.6506,0.004,0.3454
HEARTS FIVE SPADES TWO,0.6478,0.0062,0.346
DIAMONDS JACK DIAMONDS NINE,0.6128,0.006,0.3812
HEARTS SIX DIAMONDS KING,0.6434,0.0048,0.3518
HEARTS SIX DIAMONDS TEN,0.672,0.0034,0.3246
DIAMONDS JACK CLUBS TWO,0.6884,0.0052,0.3064
DIAMONDS TWO HEARTS QUEEN,0.7688,0.018,0.2132
CLUBS JACK HEARTS QUEEN,0.736,0.0154,0.2486
SPADES SEVEN CLUBS QUEEN,0.7524,0.0172,0.2304
SPADES FIVE SPADES THREE,0.5962,0.0048,0.399
DIAMONDS SIX CLUBS KING,0.6442,0.0034,0.3524
CLUBS SIX CLUBS FOUR,0.5888,0.0038,0.4074
SPADES JACK DIAMONDS TEN,0.6214,0.0024,0.3762
SPADES ACE CLUBS EIGHT,0.6882,0.0654,0.2464
HEARTS FIVE CLUBS SEVEN,0.6384,0.0042,0.3574
SPADES ACE DIAMONDS EIGHT,0.6986,0.0638,0.2376
DIAMONDS EIGHT HEARTS TEN,0.6454,0.0052,0.3494
CLUBS ACE HEARTS EIGHT,0.692,0.0672,0.2408
SPADES SIX SPADES FIVE,0.5588,0.004,0.4372
DIAMONDS TWO CLUBS NINE,0.6852,0.0044,0.3104
CLUBS FOUR DIAMONDS TEN,0.684,0.0038,0.3122
SPADES SEVEN DIAMONDS FIVE,0.6384,0.0052,0.3564
CLUBS EIGHT HEARTS EIGHT,0.4632,0.0034,0.5334
DIAMONDS TWO DIAMONDS ACE,0.6604,0.0616,0.278
HEARTS SIX HEARTS TWO,0.6432,0.0042,0.3526
CLUBS SEVEN SPADES TWO,0.68,0.004,0.316
HEARTS FIVE CLUBS QUEEN,0.7526,0.0168,0.2306
CLUBS NINE DIAMONDS TEN,0.6322,0.0036,0.3642
SPADES SIX DIAMONDS TEN,0.671,0.004,0.325
HEARTS SEVEN SPADES FOUR,0.6608,0.0046,0.3346
DIAMONDS EIGHT HEARTS NINE,0.6306,0.0044,0.365
CLUBS THREE CLUBS ACE,0.6314,0.062,0.3066
SPADES JACK DIAMONDS EIGHT,0.6698,0.0028,0.3274
SPADES THREE DIAMONDS FOUR,0.6308,0.0044,0.3648
DIAMONDS ACE SPADES TWO,0.6886,0.065,0.2464
HEARTS SEVEN HEARTS TEN,0.6176,0.0046,0.3778
HEARTS FIVE CLUBS KING,0.6338,0.004,0.3622
CLUBS FIVE HEARTS JACK,0.669,0.0046,0.3264
CLUBS FOUR CLUBS ACE,0.644,0.0628,0.2932
DIAMONDS TWO HEARTS TWO,0.4762,0.0066,0.5172
HEARTS TWO SPADES FOUR,0.656,0.0044,0.3396
CLUBS EIGHT CLUBS SEVEN,0.5784,0.0036,0.418
DIAMONDS KING CLUBS THREE,0.6374,0.0036,0.359
HEARTS SEVEN DIAMONDS NINE,0.646,0.004,0.35
HEARTS THREE CLUBS KING,0.6548,0.004,0.3412
DIAMONDS THREE SPADES FOUR,0.6424,0.0046,0.353
CLUBS TEN CLUBS THREE,0.633,0.0048,0.3622
DIAMONDS ACE DIAMONDS NINE,0.661,0.0602,0.2788
CLUBS FIVE CLUBS QUEEN,0.7062,0.0182,0.2756
DIAMONDS ACE DIAMONDS FOUR,0.6538,0.0606,0.2856
SPADES FIVE DIAMONDS SIX,0.6236,0.0036,0.3728
CLUBS SEVEN DIAMONDS FOUR,0.6552,0.0048,0.34
CLUBS EIGHT HEARTS KING,0.6384,0.0058,0.3558
SPADES QUEEN HEARTS FOUR,0.7458,0.0178,0.2364
DIAMONDS KING DIAMONDS SEVEN,0.603,0.0034,0.3936
CLUBS JACK DIAMONDS SIX,0.678,0.0042,0.3178
HEARTS SIX SPADES SEVEN,0.6394,0.004,0.3566
CLUBS EIGHT SPADES EIGHT,0.4586,0.003,0.5384
DIAMONDS TEN DIAMONDS SIX,0.639,0.0034,0.3576
CLUBS ACE CLUBS KING,0.2384,0.0416,0.72
HEARTS SEVEN HEARTS KING,0.6124,0.0062,0.3814
SPADES KING SPADES TEN,0.5884,0.004,0.4076
HEARTS SIX CLUBS TWO,0.6456,0.0058,0.3486
SPADES NINE DIAMONDS SEVEN,0.6508,0.0028,0.3464
SPADES THREE SPADES TWO,0.6182,0.0046,0.3772
DIAMONDS EIGHT HEARTS EIGHT,0.4604,0.005,0.5346
SPADES KING CLUBS KING,0.2794,0.0036,0.717
HEARTS KING DIAMONDS SIX,0.6456,0.0048,0.3496
SPADES ACE HEARTS TEN,0.6906,0.069,0.2404
HEARTS TWO DIAMONDS TEN,0.691,0.004,0.305
HEARTS FIVE DIAMONDS ACE,0.6844,0.0686,0.247
SPADES QUEEN CLUBS FIVE,0.7574,0.0156,0.227
DIAMONDS TWO SPADES EIGHT,0.6644,0.0064,0.3292
SPADES NINE DIAMONDS TEN,0.636,0.0022,0.3618
CLUBS SEVEN SPADES SIX,0.626,0.0036,0.3704
SPADES SIX CLUBS QUEEN,0.7494,0.0194,0.2312
HEARTS FOUR SPADES THREE,0.6428,0.0066,0.3506
CLUBS JACK HEARTS TEN,0.6246,0.0052,0.3702
SPADES NINE CLUBS KING,0.6334,0.0044,0.3622
DIAMONDS ACE HEARTS JACK,0.7074,0.0676,0.225
SPADES ACE DIAMONDS SIX,0.7024,0.0594,0.2382
HEARTS FIVE CLUBS TWO,0.6494,0.006,0.3446
SPADES QUEEN CLUBS ACE,0.0194,0.9604,0.0202
HEARTS QUEEN DIAMONDS FIVE,0.7622,0.0186,0.2192
CLUBS SEVEN SPADES FOUR,0.6404,0.0028,0.3568
DIAMONDS JACK HEARTS KING,0.6332,0.0058,0.361
CLUBS TEN DIAMONDS NINE,0.6312,0.0044,0.3644
SPADES QUEEN DIAMONDS EIGHT,0.7318,0.014,0.2542
HEARTS QUEEN HEARTS NINE,0.7084,0.0166,0.275
CLUBS SEVEN HEARTS QUEEN,0.753,0.0128,0.2342
SPADES QUEEN CLUBS FOUR,0.7466,0.021,0.2324
CLUBS TEN SPADES SEVEN,0.6458,0.0026,0.3516
DIAMONDS THREE HEARTS EIGHT,0.6772,0.0052,0.3176
SPADES TEN DIAMONDS NINE,0.6348,0.0042,0.361
CLUBS TEN HEARTS TEN,0.4386,0.0034,0.558
CLUBS NINE DIAMONDS ACE,0.686,0.0692,0.2448
CLUBS EIGHT DIAMONDS FIVE,0.6436,0.005,0.3514
HEARTS KING HEARTS TEN,0.6018,0.0044,0.3938
CLUBS FOUR DIAMONDS FOUR,0.4728,0.0058,0.5214
DIAMONDS ACE HEARTS TEN,0.6996,0.0696,0.2308
DIAMONDS KING HEARTS NINE,0.639,0.0062,0.3548
DIAMONDS KING DIAMONDS NINE,0.5904,0.0054,0.4042
CLUBS FIVE DIAMONDS EIGHT,0.6438,0.0046,0.3516
HEARTS FIVE DIAMONDS EIGHT,0.6546,0.0052,0.3402
CLUBS TEN CLUBS ACE,0.6558,0.0602,0.284
SPADES JACK HEARTS KING,0.6248,0.006,0.3692
DIAMONDS THREE DIAMONDS SEVEN,0.6412,0.0052,0.3536
SPADES THREE CLUBS QUEEN,0.7506,0.014,0.2354
CLUBS KING HEARTS EIGHT,0.6498,0.0038,0.3464
CLUBS SEVEN CLUBS FIVE,0.5992,0.004,0.3968
CLUBS THREE DIAMONDS FIVE,0.64,0.0044,0.3556
DIAMONDS NINE SPADES TWO,0.6762,0.0072,0.3166
CLUBS THREE DIAMONDS FOUR,0.6424,0.0052,0.3524
HEARTS FOUR DIAMONDS EIGHT,0.6594,0.005,0.3356
SPADES EIGHT HEARTS EIGHT,0.4566,0.0038,0.5396
HEARTS THREE SPADES FOUR,0.6406,0.006,0.3534
HEARTS SIX CLUBS KING,0.6464,0.0034,0.3502
CLUBS SEVEN SPADES EIGHT,0.6132,0.0032,0.3836
HEARTS EIGHT DIAMONDS FOUR,0.65,0.007,0.343
SPADES NINE HEARTS EIGHT,0.6308,0.0038,0.3654
SPADES EIGHT CLUBS ACE,0.6928,0.0656,0.2416
SPADES SEVEN CLUBS KING,0.6434,0.0036,0.353
HEARTS TWO DIAMONDS EIGHT,0.6832,0.006,0.3108
DIAMONDS SEVEN DIAMONDS FOUR,0.6138,0.0056,0.3806
SPADES KING CLUBS TWO,0.65,0.0048,0.3452
HEARTS THREE DIAMONDS TEN,0.6764,0.0048,0.3188
DIAMONDS SEVEN CLUBS ACE,0.6956,0.059,0.2454
CLUBS TEN CLUBS EIGHT,0.598,0.0026,0.3994
DIAMONDS TWO HEARTS NINE,0.6684,0.0058,0.3258
HEARTS SIX CLUBS FOUR,0.6306,0.0038,0.3656
HEARTS SEVEN HEARTS TWO,0.6384,0.006,0.3556
DIAMONDS THREE SPADES TWO,0.6542,0.0062,0.3396
SPADES QUEEN CLUBS EIGHT,0.7344,0.0138,0.2518
SPADES THREE CLUBS ACE,0.678,0.0696,0.2524
SPADES SIX DIAMONDS SEVEN,0.6286,0.003,0.3684
HEARTS FOUR CLUBS SIX,0.6346,0.005,0.3604
CLUBS SEVEN HEARTS NINE,0.6388,0.0034,0.3578
CLUBS JACK HEARTS NINE,0.635,0.003,0.362
SPADES FOUR DIAMONDS FOUR,0.4742,0.0044,0.5214
SPADES KING CLUBS THREE,0.643,0.005,0.352
CLUBS NINE SPADES TEN,0.6384,0.0036,0.358
SPADES FOUR DIAMONDS SEVEN,0.6562,0.0042,0.3396
CLUBS NINE SPADES EIGHT,0.6264,0.0032,0.3704
SPADES QUEEN HEARTS FIVE,0.7628,0.0186,0.2186
HEARTS TEN CLUBS QUEEN,0.7236,0.0162,0.2602
SPADES TEN DIAMONDS FOUR,0.681,0.0044,0.3146
HEARTS SEVEN SPADES JACK,0.665,0.0038,0.3312
DIAMONDS NINE HEARTS QUEEN,0.755,0.0138,0.2312
SPADES TWO HEARTS JACK,0.6826,0.0066,0.3108
DIAMONDS TEN HEARTS EIGHT,0.6412,0.0058,0.353
CLUBS SEVEN HEARTS TWO,0.6802,0.0036,0.3162
CLUBS JACK SPADES TEN,0.6206,0.0052,0.3742
CLUBS TWO HEARTS NINE,0.6808,0.006,0.3132
SPADES ACE CLUBS THREE,0.6722,0.0642,0.2636
HEARTS QUEEN HEARTS TEN,0.6974,0.0158,0.2868
DIAMONDS TWO DIAMONDS SEVEN,0.655,0.0064,0.3386
HEARTS TWO CLUBS FIVE,0.6484,0.004,0.3476
HEARTS SEVEN DIAMONDS FOUR,0.6578,0.004,0.3382
CLUBS JACK HEARTS THREE,0.6836,0.0066,0.3098
CLUBS JACK SPADES JACK,0.427,0.0038,0.5692
HEARTS NINE HEARTS EIGHT,0.6048,0.0038,0.3914
SPADES SEVEN SPADES TWO,0.6342,0.0054,0.3604
CLUBS FIVE CLUBS TWO,0.6024,0.0042,0.3934
SPADES NINE DIAMONDS SIX,0.6464,0.003,0.3506
CLUBS TWO CLUBS QUEEN,0.7168,0.0164,0.2668
CLUBS EIGHT SPADES NINE,0.626,0.0024,0.3716
DIAMONDS TWO CLUBS FIVE,0.646,0.0048,0.3492
HEARTS KING DIAMONDS FOUR,0.652,0.0058,0.3422
SPADES TEN CLUBS SIX,0.6664,0.0026,0.331
SPADES KING CLUBS QUEEN,0.7364,0.011,0.2526
CLUBS JACK SPADES KING,0.6148,0.0044,0.3808
CLUBS FIVE DIAMONDS JACK,0.6758,0.0056,0.3186
CLUBS FOUR DIAMONDS JACK,0.6788,0.0034,0.3178
CLUBS NINE DIAMONDS JACK,0.6354,0.005,0.3596
DIAMONDS TEN DIAMONDS FIVE,0.6436,0.0058,0.3506
SPADES NINE SPADES SEVEN,0.6024,0.004,0.3936
DIAMONDS TWO CLUBS TWO,0.471,0.0064,0.5226
HEARTS THREE HEARTS JACK,0.6484,0.0056,0.346
CLUBS TWO DIAMONDS FOUR,0.657,0.006,0.337
HEARTS SEVEN SPADES SIX,0.6254,0.004,0.3706
HEARTS SEVEN DIAMONDS TWO,0.6954,0.0064,0.2982
SPADES QUEEN HEARTS JACK,0.7262,0.0134,0.2604
SPADES THREE HEARTS JACK,0.6854,0.0062,0.3084
CLUBS FOUR CLUBS THREE,0.6118,0.0042,0.384
SPADES TEN HEARTS THREE,0.6724,0.0038,0.3238
DIAMONDS ACE SPADES SIX,0.6832,0.066,0.2508
HEARTS FOUR HEARTS EIGHT,0.6188,0.0054,0.3758
DIAMONDS THREE DIAMONDS JACK,0.6452,0.0062,0.3486
DIAMONDS NINE DIAMONDS FIVE,0.6226,0.0036,0.3738
SPADES QUEEN HEARTS KING,0.747,0.0118,0.2412
CLUBS JACK CLUBS ACE,0.658,0.0534,0.2886
CLUBS TEN CLUBS SIX,0.6094,0.0058,0.3848
DIAMONDS TEN SPADES TWO,0.6852,0.0044,0.3104
HEARTS NINE DIAMONDS FOUR,0.68,0.0054,0.3146
HEARTS FIVE DIAMONDS FOUR,0.6304,0.005,0.3646
CLUBS EIGHT DIAMONDS EIGHT,0.4708,0.0046,0.5246
SPADES QUEEN SPADES EIGHT,0.6908,0.0142,0.295
HEARTS FIVE CLUBS EIGHT,0.6618,0.0054,0.3328
CLUBS FIVE DIAMONDS KING,0.6328,0.0054,0.3618
CLUBS SIX SPADES FOUR,0.6386,0.0032,0.3582
CLUBS ACE HEARTS NINE,0.6994,0.0588,0.2418
HEARTS THREE CLUBS ACE,0.6924,0.0618,0.2458
SPADES QUEEN DIAMONDS NINE,0.7576,0.0182,0.2242
HEARTS TWO SPADES EIGHT,0.6644,0.005,0.3306
HEARTS SEVEN DIAMONDS THREE,0.6862,0.005,0.3088
SPADES JACK SPADES THREE,0.6308,0.0052,0.364
HEARTS TWO HEARTS QUEEN,0.731,0.0188,0.2502
SPADES KING HEARTS JACK,0.6152,0.003,0.3818
SPADES TEN CLUBS KING,0.6232,0.0038,0.373
CLUBS THREE CLUBS QUEEN,0.7156,0.0176,0.2668
HEARTS SIX HEARTS FIVE,0.5906,0.0024,0.407
HEARTS SEVEN SPADES THREE,0.6534,0.0044,0.3422
HEARTS SEVEN SPADES TWO,0.6766,0.0056,0.3178
DIAMONDS ACE CLUBS FOUR,0.6768,0.0634,0.2598
CLUBS FOUR HEARTS KING,0.6428,0.007,0.3502
HEARTS FOUR DIAMONDS SEVEN,0.6576,0.0054,0.337
CLUBS THREE SPADES TWO,0.6526,0.0038,0.3436
SPADES QUEEN DIAMONDS KING,0.733,0.011,0.256
SPADES JACK CLUBS SEVEN,0.6688,0.003,0.3282
CLUBS THREE SPADES THREE,0.4722,0.0042,0.5236
SPADES TWO CLUBS KING,0.6508,0.0044,0.3448
CLUBS QUEEN HEARTS EIGHT,0.7412,0.0172,0.2416
SPADES QUEEN SPADES SEVEN,0.7012,0.0148,0.284
HEARTS FIVE CLUBS FIVE,0.4648,0.0032,0.532
HEARTS FIVE HEARTS TWO,0.62,0.008,0.372
HEARTS FIVE CLUBS FOUR,0.6364,0.005,0.3586
SPADES ACE DIAMONDS FOUR,0.6772,0.0662,0.2566
HEARTS THREE DIAMONDS JACK,0.694,0.0048,0.3012
SPADES JACK HEARTS JACK,0.4484,0.004,0.5476
HEARTS SEVEN CLUBS NINE,0.646,0.0036,0.3504
CLUBS SIX DIAMONDS JACK,0.6832,0.0044,0.3124
SPADES JACK HEARTS NINE,0.647,0.0058,0.3472
CLUBS NINE CLUBS KING,0.5954,0.0048,0.3998
DIAMONDS TWO CLUBS EIGHT,0.6844,0.0028,0.3128
CLUBS NINE SPADES NINE,0.4562,0.003,0.5408
CLUBS TWO HEARTS EIGHT,0.6852,0.0058,0.309
HEARTS SEVEN HEARTS JACK,0.635,0.0052,0.3598
SPADES KING DIAMONDS FOUR,0.6462,0.0036,0.3502
CLUBS SEVEN SPADES THREE,0.6602,0.0036,0.3362
DIAMONDS KING CLUBS QUEEN,0.7334,0.0106,0.256
SPADES KING SPADES JACK,0.5812,0.0054,0.4134
SPADES QUEEN SPADES FIVE,0.7116,0.0154,0.273
SPADES SEVEN HEARTS JACK,0.6596,0.0046,0.3358
HEARTS THREE CLUBS SIX,0.6472,0.0046,0.3482
SPADES ACE CLUBS TWO,0.6788,0.063,0.2582
SPADES ACE HEARTS FOUR,0.686,0.0664,0.2476
DIAMONDS KING HEARTS QUEEN,0.745,0.0114,0.2436
SPADES KING SPADES NINE,0.6046,0.0044,0.391
SPADES NINE DIAMONDS EIGHT,0.634,0.0048,0.3612
CLUBS JACK CLUBS FOUR,0.6336,0.0032,0.3632
SPADES ACE CLUBS FOUR,0.667,0.0696,0.2634
HEARTS FIVE SPADES NINE,0.651,0.0068,0.3422
DIAMONDS JACK HEARTS NINE,0.6498,0.0036,0.3466
DIAMONDS TEN HEARTS QUEEN,0.7346,0.0142,0.2512
DIAMONDS EIGHT DIAMONDS SIX,0.609,0.0056,0.3854
SPADES JACK SPADES FIVE,0.6322,0.0054,0.3624
SPADES KING CLUBS EIGHT,0.6454,0.0032,0.3514
DIAMONDS ACE DIAMONDS SIX,0.656,0.0552,0.2888
SPADES KING CLUBS NINE,0.6362,0.0032,0.3606
DIAMONDS TWO SPADES TWO,0.471,0.0054,0.5236
