opposingHand,winningChance,drawChance,lostChance
DIAMONDS THREE CLUBS SIX
HEARTS FIVE SPADES TEN,0.3814,0.0284,0.5902
HEARTS FIVE SPADES JACK,0.3724,0.0222,0.6054
CLUBS JACK SPADES FIVE,0.364,0.0206,0.6154
CLUBS TEN SPADES FIVE,0.3684,0.0274,0.6042
CLUBS JACK CLUBS EIGHT,0.319,0.0214,0.6596
CLUBS TEN CLUBS EIGHT,0.3136,0.0266,0.6598
CLUBS EIGHT CLUBS KING,0.326,0.007,0.667
SPADES FIVE CLUBS ACE,0.3476,0.0042,0.6482
CLUBS EIGHT CLUBS QUEEN,0.332,0.0138,0.6542
SPADES FIVE CLUBS KING,0.3666,0.009,0.6244
SPADES FIVE CLUBS QUEEN,0.3594,0.0132,0.6274
CLUBS EIGHT CLUBS ACE,0.3212,0.0066,0.6722
DIAMONDS TWO DIAMONDS FIVE,0.4668,0.1484,0.3848
HEARTS FIVE SPADES KING,0.3796,0.0076,0.6128
DIAMONDS TWO DIAMONDS FOUR,0.4654,0.1502,0.3844
HEARTS FIVE SPADES QUEEN,0.3724,0.012,0.6156
DIAMONDS TWO DIAMONDS SEVEN,0.3922,0.1036,0.5042
DIAMONDS TWO DIAMONDS SIX,0.2536,0.4862,0.2602
SPADES ACE HEARTS FIVE,0.353,0.005,0.642
DIAMONDS TWO DIAMONDS NINE,0.3924,0.0438,0.5638
DIAMONDS TWO DIAMONDS EIGHT,0.379,0.0674,0.5536
CLUBS TWO SPADES FOUR,0.4848,0.161,0.3542
SPADES FIVE CLUBS TWO,0.4868,0.1558,0.3574
CLUBS TWO SPADES TWO,0.351,0.1402,0.5088
CLUBS TWO SPADES THREE,0.4812,0.2832,0.2356
SPADES EIGHT CLUBS TWO,0.4034,0.0726,0.524
SPADES NINE CLUBS TWO,0.3996,0.0446,0.5558
SPADES SIX CLUBS TWO,0.2802,0.5106,0.2092
SPADES SEVEN CLUBS TWO,0.403,0.1044,0.4926
CLUBS SEVEN CLUBS TWO,0.3838,0.1014,0.5148
CLUBS FOUR CLUBS TWO,0.4752,0.1554,0.3694
CLUBS FIVE CLUBS TWO,0.4674,0.1518,0.3808
CLUBS TEN CLUBS JACK,0.3178,0.0152,0.667
DIAMONDS FOUR DIAMONDS SIX,0.2136,0.4774,0.309
CLUBS TEN CLUBS QUEEN,0.3184,0.0106,0.671
DIAMONDS FOUR DIAMONDS SEVEN,0.3452,0.101,0.5538
CLUBS TEN CLUBS KING,0.3208,0.0078,0.6714
CLUBS TEN CLUBS ACE,0.3306,0.0062,0.6632
CLUBS EIGHT CLUBS TWO,0.384,0.0684,0.5476
DIAMONDS FOUR DIAMONDS FIVE,0.4082,0.1496,0.4422
CLUBS NINE CLUBS TWO,0.3792,0.042,0.5788
DIAMONDS FOUR DIAMONDS NINE,0.349,0.0472,0.6038
DIAMONDS FOUR DIAMONDS EIGHT,0.3384,0.0596,0.602
CLUBS THREE CLUBS TWO,0.4628,0.265,0.2722
DIAMONDS NINE DIAMONDS FIVE,0.3314,0.0422,0.6264
CLUBS JACK DIAMONDS TWO,0.4118,0.0224,0.5658
DIAMONDS FIVE DIAMONDS EIGHT,0.3272,0.0648,0.608
CLUBS TEN DIAMONDS TWO,0.4092,0.0272,0.5636
DIAMONDS FIVE DIAMONDS SEVEN,0.325,0.089,0.586
DIAMONDS SIX DIAMONDS FIVE,0.2032,0.4284,0.3684
DIAMONDS TWO CLUBS ACE,0.3874,0.008,0.6046
DIAMONDS TWO CLUBS KING,0.395,0.0082,0.5968
DIAMONDS TWO CLUBS QUEEN,0.4074,0.0144,0.5782
DIAMONDS SIX DIAMONDS EIGHT,0.2278,0.1534,0.6188
DIAMONDS NINE DIAMONDS SIX,0.245,0.1048,0.6502
HEARTS ACE SPADES THREE,0.2332,0.0142,0.7526
SPADES THREE HEARTS KING,0.2644,0.0246,0.711
DIAMONDS SIX DIAMONDS SEVEN,0.2214,0.1962,0.5824
HEARTS QUEEN SPADES THREE,0.2664,0.0414,0.6922
SPADES THREE HEARTS JACK,0.2692,0.051,0.6798
SPADES THREE HEARTS TEN,0.2602,0.0708,0.669
DIAMONDS EIGHT DIAMONDS SEVEN,0.3038,0.054,0.6422
DIAMONDS NINE DIAMONDS SEVEN,0.322,0.0426,0.6354
DIAMONDS NINE DIAMONDS EIGHT,0.3168,0.0446,0.6386
DIAMONDS KING HEARTS TEN,0.3394,0.0058,0.6548
HEARTS THREE HEARTS TEN,0.2452,0.0714,0.6834
DIAMONDS KING HEARTS JACK,0.3434,0.0056,0.651
HEARTS THREE HEARTS JACK,0.2526,0.051,0.6964
SPADES JACK SPADES FIVE,0.346,0.0188,0.6352
SPADES TEN SPADES FIVE,0.3532,0.0236,0.6232
DIAMONDS KING HEARTS ACE,0.3418,0.005,0.6532
HEARTS THREE HEARTS ACE,0.228,0.0158,0.7562
DIAMONDS KING HEARTS QUEEN,0.344,0.0084,0.6476
HEARTS THREE HEARTS QUEEN,0.2596,0.0344,0.706
DIAMONDS KING HEARTS KING,0.1568,0.0226,0.8206
HEARTS THREE HEARTS KING,0.2548,0.0254,0.7198
SPADES NINE HEARTS TEN,0.3232,0.023,0.6538
SPADES NINE HEARTS JACK,0.3498,0.0172,0.633
SPADES QUEEN SPADES FIVE,0.3516,0.0138,0.6346
SPADES KING SPADES FIVE,0.3418,0.0086,0.6496
SPADES ACE SPADES FIVE,0.3438,0.003,0.6532
SPADES NINE HEARTS QUEEN,0.3618,0.0092,0.629
SPADES NINE HEARTS KING,0.3398,0.0042,0.656
SPADES NINE HEARTS ACE,0.3458,0.0038,0.6504
CLUBS TEN SPADES JACK,0.329,0.0152,0.6558
CLUBS TEN SPADES TEN,0.146,0.0598,0.7942
SPADES ACE CLUBS TEN,0.3518,0.0038,0.6444
CLUBS TEN SPADES KING,0.3384,0.007,0.6546
CLUBS TEN SPADES QUEEN,0.342,0.0126,0.6454
SPADES FIVE HEARTS QUEEN,0.3624,0.0124,0.6252
SPADES FIVE HEARTS KING,0.3788,0.0102,0.611
HEARTS ACE SPADES FIVE,0.3614,0.0032,0.6354
CLUBS EIGHT SPADES TEN,0.3242,0.0294,0.6464
SPADES JACK HEARTS THREE,0.2662,0.0582,0.6756
SPADES JACK DIAMONDS KING,0.34,0.0076,0.6524
SPADES TEN DIAMONDS KING,0.339,0.005,0.656
SPADES TEN HEARTS THREE,0.2628,0.0734,0.6638
CLUBS EIGHT SPADES JACK,0.335,0.0158,0.6492
SPADES ACE CLUBS EIGHT,0.3254,0.0032,0.6714
HEARTS FIVE CLUBS JACK,0.3548,0.0182,0.627
CLUBS TEN HEARTS FIVE,0.364,0.0288,0.6072
SPADES QUEEN CLUBS EIGHT,0.35,0.0128,0.6372
CLUBS TEN SPADES THREE,0.254,0.0764,0.6696
SPADES KING CLUBS EIGHT,0.3376,0.0084,0.654
CLUBS JACK SPADES THREE,0.2512,0.055,0.6938
DIAMONDS TWO HEARTS JACK,0.4082,0.024,0.5678
SPADES THREE CLUBS QUEEN,0.2568,0.0434,0.6998
DIAMONDS TWO HEARTS TEN,0.412,0.0338,0.5542
SPADES THREE CLUBS KING,0.2576,0.023,0.7194
HEARTS FIVE CLUBS ACE,0.3552,0.006,0.6388
SPADES FIVE HEARTS TEN,0.3778,0.03,0.5922
SPADES THREE CLUBS ACE,0.2398,0.0128,0.7474
HEARTS FIVE CLUBS KING,0.3586,0.0082,0.6332
SPADES FIVE HEARTS JACK,0.3688,0.0214,0.6098
HEARTS FIVE CLUBS QUEEN,0.3644,0.0114,0.6242
HEARTS THREE CLUBS KING,0.2644,0.0236,0.712
DIAMONDS KING CLUBS KING,0.1378,0.0206,0.8416
HEARTS THREE CLUBS QUEEN,0.2548,0.0356,0.7096
DIAMONDS KING CLUBS QUEEN,0.336,0.0078,0.6562
HEARTS FIVE HEARTS JACK,0.349,0.02,0.631
HEARTS FIVE HEARTS TEN,0.337,0.0286,0.6344
HEARTS THREE CLUBS ACE,0.2352,0.0186,0.7462
DIAMONDS KING CLUBS ACE,0.3346,0.0066,0.6588
SPADES ACE CLUBS QUEEN,0.3356,0.0046,0.6598
SPADES KING CLUBS QUEEN,0.3466,0.007,0.6464
CLUBS JACK HEARTS THREE,0.2586,0.0576,0.6838
CLUBS JACK DIAMONDS KING,0.3358,0.0078,0.6564
SPADES QUEEN CLUBS QUEEN,0.1498,0.033,0.8172
CLUBS TEN HEARTS THREE,0.2668,0.0736,0.6596
CLUBS TEN DIAMONDS KING,0.3318,0.0084,0.6598
SPADES JACK CLUBS QUEEN,0.338,0.0118,0.6502
SPADES TEN CLUBS QUEEN,0.3264,0.01,0.6636
HEARTS FIVE HEARTS KING,0.342,0.0084,0.6496
HEARTS FIVE HEARTS QUEEN,0.3542,0.0158,0.63
HEARTS FIVE HEARTS ACE,0.3452,0.0036,0.6512
SPADES SEVEN HEARTS JACK,0.334,0.0186,0.6474
SPADES SEVEN HEARTS TEN,0.3372,0.0232,0.6396
DIAMONDS TWO CLUBS TWO,0.3366,0.1448,0.5186
DIAMONDS TWO CLUBS THREE,0.491,0.2804,0.2286
DIAMONDS TWO HEARTS SIX,0.2748,0.53,0.1952
DIAMONDS TWO HEARTS QUEEN,0.4134,0.0144,0.5722
HEARTS SEVEN DIAMONDS TWO,0.4028,0.1074,0.4898
DIAMONDS TWO HEARTS KING,0.3912,0.011,0.5978
DIAMONDS TWO HEARTS EIGHT,0.419,0.0652,0.5158
DIAMONDS TWO HEARTS ACE,0.391,0.0052,0.6038
DIAMONDS TWO HEARTS NINE,0.408,0.0482,0.5438
DIAMONDS TWO DIAMONDS QUEEN,0.375,0.0136,0.6114
DIAMONDS TWO HEARTS TWO,0.3432,0.137,0.5198
DIAMONDS TWO DIAMONDS KING,0.388,0.008,0.604
DIAMONDS TWO HEARTS THREE,0.4872,0.2676,0.2452
DIAMONDS TWO DIAMONDS ACE,0.372,0.0052,0.6228
HEARTS FOUR DIAMONDS TWO,0.496,0.1652,0.3388
HEARTS FIVE DIAMONDS TWO,0.493,0.1644,0.3426
SPADES SEVEN HEARTS ACE,0.3482,0.0034,0.6484
DIAMONDS TWO DIAMONDS TEN,0.3818,0.029,0.5892
SPADES SEVEN HEARTS KING,0.3386,0.0076,0.6538
DIAMONDS TWO DIAMONDS JACK,0.3852,0.0186,0.5962
SPADES SEVEN HEARTS QUEEN,0.3608,0.0138,0.6254
DIAMONDS TWO SPADES NINE,0.4108,0.0516,0.5376
DIAMONDS TWO SPADES EIGHT,0.4032,0.0618,0.535
DIAMONDS TWO SPADES SEVEN,0.3942,0.1086,0.4972
DIAMONDS TWO SPADES SIX,0.2722,0.5226,0.2052
DIAMONDS TWO SPADES FIVE,0.4954,0.1628,0.3418
DIAMONDS TWO SPADES FOUR,0.4946,0.1708,0.3346
DIAMONDS TWO SPADES THREE,0.4814,0.2794,0.2392
DIAMONDS TWO SPADES TWO,0.3424,0.149,0.5086
DIAMONDS TWO CLUBS NINE,0.4028,0.0464,0.5508
CLUBS EIGHT DIAMONDS TWO,0.4016,0.071,0.5274
DIAMONDS TWO CLUBS SEVEN,0.4062,0.1018,0.492
DIAMONDS TWO CLUBS FIVE,0.5014,0.1602,0.3384
DIAMONDS TWO CLUBS FOUR,0.5002,0.1672,0.3326
CLUBS FOUR SPADES FIVE,0.4506,0.1592,0.3902
CLUBS FOUR SPADES FOUR,0.2364,0.1364,0.6272
CLUBS FOUR SPADES THREE,0.4838,0.278,0.2382
CLUBS FOUR SPADES TWO,0.496,0.1624,0.3416
SPADES NINE CLUBS FOUR,0.3744,0.0426,0.583
SPADES EIGHT CLUBS FOUR,0.3642,0.0688,0.567
SPADES SEVEN CLUBS FOUR,0.3398,0.1142,0.546
CLUBS FOUR SPADES SIX,0.2218,0.5074,0.2708
SPADES ACE DIAMONDS SIX,0.2512,0.0308,0.718
SPADES QUEEN DIAMONDS SIX,0.2512,0.0584,0.6904
SPADES KING DIAMONDS SIX,0.2422,0.0458,0.712
SPADES TEN DIAMONDS SIX,0.2456,0.0802,0.6742
SPADES JACK DIAMONDS SIX,0.2456,0.0662,0.6882
SPADES QUEEN SPADES TWO,0.3814,0.0144,0.6042
SPADES KING SPADES TWO,0.3814,0.0072,0.6114
SPADES ACE SPADES TWO,0.3712,0.0076,0.6212
CLUBS JACK DIAMONDS JACK,0.1404,0.0484,0.8112
CLUBS TEN DIAMONDS JACK,0.3122,0.0152,0.6726
DIAMONDS JACK CLUBS KING,0.3266,0.0078,0.6656
DIAMONDS JACK CLUBS QUEEN,0.3276,0.0102,0.6622
DIAMONDS JACK CLUBS ACE,0.3358,0.0064,0.6578
SPADES TEN SPADES NINE,0.318,0.0228,0.6592
SPADES JACK SPADES NINE,0.3194,0.0182,0.6624
DIAMONDS FOUR HEARTS JACK,0.3674,0.0242,0.6084
HEARTS ACE HEARTS KING,0.3214,0.0052,0.6734
SPADES TEN SPADES TWO,0.3666,0.0302,0.6032
DIAMONDS FOUR HEARTS TEN,0.3552,0.032,0.6128
SPADES JACK SPADES TWO,0.3784,0.0208,0.6008
DIAMONDS FOUR HEARTS QUEEN,0.3706,0.0146,0.6148
DIAMONDS FOUR HEARTS KING,0.3732,0.0078,0.619
SPADES ACE SPADES NINE,0.3186,0.0038,0.6776
DIAMONDS FOUR HEARTS ACE,0.3446,0.0044,0.651
SPADES KING SPADES NINE,0.3248,0.0082,0.667
SPADES QUEEN SPADES NINE,0.3076,0.0102,0.6822
DIAMONDS FOUR CLUBS ACE,0.3442,0.0074,0.6484
CLUBS FIVE CLUBS SEVEN,0.3196,0.0958,0.5846
DIAMONDS FOUR CLUBS QUEEN,0.3722,0.0132,0.6146
DIAMONDS FOUR CLUBS KING,0.3556,0.0112,0.6332
CLUBS TEN DIAMONDS FOUR,0.3578,0.0326,0.6096
CLUBS JACK DIAMONDS FOUR,0.3588,0.0244,0.6168
SPADES SEVEN CLUBS ACE,0.3366,0.0042,0.6592
SPADES SEVEN CLUBS QUEEN,0.3426,0.016,0.6414
SPADES SEVEN CLUBS KING,0.34,0.0078,0.6522
CLUBS FIVE SPADES SEVEN,0.3378,0.1042,0.558
CLUBS TEN SPADES SEVEN,0.3354,0.0292,0.6354
CLUBS FIVE SPADES SIX,0.2236,0.4392,0.3372
CLUBS JACK SPADES SEVEN,0.332,0.02,0.648
CLUBS FIVE SPADES NINE,0.3686,0.0388,0.5926
CLUBS FIVE SPADES EIGHT,0.3578,0.0664,0.5758
CLUBS FIVE SPADES THREE,0.4868,0.2684,0.2448
CLUBS FIVE SPADES TWO,0.4864,0.1662,0.3474
CLUBS FIVE SPADES FIVE,0.2322,0.131,0.6368
CLUBS FIVE SPADES FOUR,0.4426,0.1624,0.395
CLUBS NINE CLUBS FIVE,0.3512,0.0446,0.6042
CLUBS EIGHT CLUBS FIVE,0.3354,0.0578,0.6068
CLUBS ACE CLUBS QUEEN,0.3284,0.0078,0.6638
CLUBS KING CLUBS QUEEN,0.322,0.0062,0.6718
DIAMONDS FOUR DIAMONDS TEN,0.3456,0.0278,0.6266
CLUBS TEN DIAMONDS NINE,0.3194,0.0244,0.6562
DIAMONDS FOUR DIAMONDS JACK,0.3508,0.0236,0.6256
CLUBS JACK DIAMONDS NINE,0.332,0.018,0.65
CLUBS JACK SPADES NINE,0.3414,0.0198,0.6388
CLUBS TEN SPADES NINE,0.3436,0.0202,0.6362
DIAMONDS FOUR DIAMONDS ACE,0.3452,0.0056,0.6492
HEARTS FOUR DIAMONDS FOUR,0.2286,0.1308,0.6406
DIAMONDS JACK HEARTS TEN,0.3306,0.0168,0.6526
SPADES NINE CLUBS KING,0.341,0.0056,0.6534
DIAMONDS TWO SPADES TEN,0.4046,0.0318,0.5636
DIAMONDS NINE CLUBS ACE,0.3264,0.0064,0.6672
HEARTS FIVE DIAMONDS FOUR,0.436,0.1504,0.4136
DIAMONDS JACK HEARTS JACK,0.1466,0.0482,0.8052
SPADES NINE CLUBS QUEEN,0.3288,0.0142,0.657
DIAMONDS TWO SPADES JACK,0.4042,0.0218,0.574
DIAMONDS FOUR DIAMONDS QUEEN,0.3538,0.0132,0.633
DIAMONDS FOUR HEARTS TWO,0.484,0.1658,0.3502
DIAMONDS NINE CLUBS QUEEN,0.341,0.0132,0.6458
DIAMONDS FOUR DIAMONDS KING,0.3586,0.0126,0.6288
DIAMONDS FOUR HEARTS THREE,0.4698,0.2762,0.254
SPADES NINE CLUBS ACE,0.353,0.003,0.644
DIAMONDS NINE CLUBS KING,0.3414,0.0078,0.6508
HEARTS ACE DIAMONDS JACK,0.3252,0.0042,0.6706
SPADES ACE DIAMONDS TWO,0.3954,0.007,0.5976
HEARTS QUEEN DIAMONDS JACK,0.3368,0.0096,0.6536
SPADES QUEEN DIAMONDS TWO,0.4042,0.0118,0.584
HEARTS KING DIAMONDS JACK,0.3398,0.007,0.6532
SPADES KING DIAMONDS TWO,0.415,0.0066,0.5784
SPADES JACK SPADES SEVEN,0.3184,0.0162,0.6654
SPADES TEN SPADES SEVEN,0.325,0.0232,0.6518
CLUBS SEVEN CLUBS THREE,0.2384,0.177,0.5846
CLUBS FIVE CLUBS THREE,0.4566,0.2726,0.2708
CLUBS THREE CLUBS FOUR,0.4578,0.2698,0.2724
CLUBS NINE CLUBS THREE,0.261,0.1056,0.6334
CLUBS EIGHT CLUBS THREE,0.2508,0.14,0.6092
CLUBS THREE SPADES FIVE,0.4904,0.2636,0.246
CLUBS THREE SPADES FOUR,0.462,0.2772,0.2608
CLUBS THREE SPADES THREE,0.2624,0.0938,0.6438
CLUBS THREE SPADES TWO,0.4878,0.2794,0.2328
CLUBS THREE SPADES SIX,0.0184,0.9706,0.011
CLUBS THREE SPADES SEVEN,0.2432,0.2054,0.5514
SPADES EIGHT CLUBS THREE,0.2728,0.1376,0.5896
SPADES NINE CLUBS THREE,0.2518,0.0994,0.6488
DIAMONDS FOUR SPADES TWO,0.4966,0.1566,0.3468
DIAMONDS FOUR SPADES THREE,0.4828,0.267,0.2502
DIAMONDS FOUR SPADES FOUR,0.2178,0.1346,0.6476
DIAMONDS FOUR SPADES FIVE,0.4302,0.1586,0.4112
DIAMONDS FOUR SPADES SIX,0.2182,0.5088,0.273
DIAMONDS FOUR SPADES SEVEN,0.3384,0.1018,0.5598
DIAMONDS FOUR SPADES EIGHT,0.3514,0.0758,0.5728
DIAMONDS FOUR SPADES NINE,0.3616,0.043,0.5954
DIAMONDS FOUR CLUBS FIVE,0.4292,0.1664,0.4044
DIAMONDS FOUR CLUBS FOUR,0.239,0.1428,0.6182
DIAMONDS FOUR CLUBS SEVEN,0.3356,0.107,0.5574
CLUBS NINE DIAMONDS FOUR,0.3624,0.0502,0.5874
CLUBS EIGHT DIAMONDS FOUR,0.355,0.0644,0.5806
HEARTS SEVEN DIAMONDS FOUR,0.3372,0.106,0.5568
HEARTS SIX DIAMONDS FOUR,0.2142,0.5212,0.2646
DIAMONDS FOUR HEARTS NINE,0.3612,0.051,0.5878
DIAMONDS FOUR HEARTS EIGHT,0.3598,0.0676,0.5726
DIAMONDS FOUR CLUBS THREE,0.4762,0.2828,0.241
DIAMONDS FOUR CLUBS TWO,0.5108,0.1638,0.3254
DIAMONDS TEN DIAMONDS FIVE,0.3586,0.0278,0.6136
DIAMONDS JACK DIAMONDS FIVE,0.3602,0.0218,0.618
DIAMONDS NINE HEARTS QUEEN,0.3442,0.0092,0.6466
DIAMONDS NINE HEARTS KING,0.3386,0.0078,0.6536
HEARTS ACE DIAMONDS NINE,0.3418,0.0022,0.656
DIAMONDS NINE HEARTS TEN,0.3294,0.0236,0.647
DIAMONDS NINE HEARTS JACK,0.3432,0.0142,0.6426
DIAMONDS SIX CLUBS KING,0.2386,0.0454,0.716
DIAMONDS SIX CLUBS QUEEN,0.2482,0.0534,0.6984
DIAMONDS SIX CLUBS ACE,0.2386,0.031,0.7304
SPADES KING DIAMONDS FOUR,0.3644,0.01,0.6256
SPADES ACE SPADES SEVEN,0.316,0.0034,0.6806
SPADES QUEEN DIAMONDS FOUR,0.3732,0.0136,0.6132
SPADES QUEEN SPADES SEVEN,0.3242,0.0106,0.6652
CLUBS JACK DIAMONDS SIX,0.2396,0.0632,0.6972
SPADES KING SPADES SEVEN,0.3278,0.005,0.6672
SPADES ACE DIAMONDS FOUR,0.3534,0.0044,0.6422
CLUBS TEN DIAMONDS SIX,0.248,0.0816,0.6704
CLUBS NINE CLUBS FOUR,0.3552,0.0442,0.6006
CLUBS EIGHT CLUBS FOUR,0.3324,0.066,0.6016
SPADES JACK DIAMONDS FOUR,0.359,0.0212,0.6198
DIAMONDS FOUR SPADES TEN,0.371,0.028,0.601
CLUBS FIVE CLUBS FOUR,0.422,0.1544,0.4236
CLUBS SEVEN CLUBS FOUR,0.3374,0.1072,0.5554
CLUBS SEVEN SPADES EIGHT,0.3154,0.0666,0.618
SPADES NINE CLUBS SEVEN,0.3312,0.0378,0.631
CLUBS SEVEN SPADES SIX,0.2224,0.1906,0.587
CLUBS SEVEN SPADES SEVEN,0.1382,0.11,0.7518
CLUBS SEVEN SPADES FIVE,0.3384,0.1042,0.5574
CLUBS SEVEN SPADES FOUR,0.3374,0.1074,0.5552
CLUBS SEVEN SPADES THREE,0.2424,0.1996,0.558
CLUBS SEVEN SPADES TWO,0.4076,0.1006,0.4918
CLUBS NINE CLUBS SEVEN,0.2944,0.0462,0.6594
CLUBS EIGHT CLUBS SEVEN,0.2976,0.0568,0.6456
HEARTS SIX DIAMONDS FIVE,0.2108,0.4452,0.344
HEARTS SEVEN DIAMONDS FIVE,0.3284,0.1002,0.5714
DIAMONDS FIVE HEARTS EIGHT,0.3484,0.063,0.5886
DIAMONDS FIVE HEARTS NINE,0.3588,0.0452,0.596
DIAMONDS QUEEN DIAMONDS FIVE,0.339,0.0166,0.6444
HEARTS TWO DIAMONDS FIVE,0.4934,0.1592,0.3474
HEARTS KING HEARTS EIGHT,0.323,0.0072,0.6698
DIAMONDS KING DIAMONDS FIVE,0.34,0.0122,0.6478
HEARTS THREE DIAMONDS FIVE,0.4702,0.2748,0.255
HEARTS QUEEN HEARTS EIGHT,0.3108,0.013,0.6762
DIAMONDS ACE DIAMONDS FIVE,0.3404,0.0066,0.653
HEARTS FOUR DIAMONDS FIVE,0.4308,0.162,0.4072
HEARTS FIVE DIAMONDS FIVE,0.2286,0.137,0.6344
HEARTS ACE HEARTS EIGHT,0.3234,0.0048,0.6718
CLUBS FOUR DIAMONDS FIVE,0.4382,0.169,0.3928
CLUBS FIVE DIAMONDS FIVE,0.2298,0.1312,0.639
CLUBS SEVEN DIAMONDS FIVE,0.3118,0.1082,0.58
CLUBS TWO DIAMONDS FIVE,0.4866,0.1692,0.3442
CLUBS THREE DIAMONDS FIVE,0.4744,0.2824,0.2432
SPADES THREE DIAMONDS FIVE,0.4632,0.2766,0.2602
SPADES TWO DIAMONDS FIVE,0.492,0.159,0.349
SPADES JACK DIAMONDS EIGHT,0.3452,0.0198,0.635
SPADES FIVE DIAMONDS FIVE,0.2232,0.1332,0.6436
CLUBS TEN HEARTS JACK,0.3288,0.0154,0.6558
SPADES TEN DIAMONDS EIGHT,0.3302,0.0236,0.6462
SPADES FOUR DIAMONDS FIVE,0.4312,0.1528,0.416
CLUBS JACK HEARTS JACK,0.1408,0.0468,0.8124
HEARTS JACK CLUBS QUEEN,0.3392,0.012,0.6488
CLUBS NINE DIAMONDS FIVE,0.3498,0.0466,0.6036
CLUBS EIGHT DIAMONDS FIVE,0.3412,0.0766,0.5822
HEARTS JACK CLUBS KING,0.3388,0.0076,0.6536
CLUBS ACE HEARTS JACK,0.3348,0.0052,0.66
SPADES SEVEN DIAMONDS FIVE,0.3454,0.1078,0.5468
SPADES KING DIAMONDS EIGHT,0.3458,0.0064,0.6478
SPADES QUEEN DIAMONDS EIGHT,0.3378,0.0136,0.6486
SPADES SIX DIAMONDS FIVE,0.2114,0.4512,0.3374
SPADES NINE DIAMONDS FIVE,0.348,0.0408,0.6112
SPADES EIGHT DIAMONDS FIVE,0.3448,0.0626,0.5926
SPADES ACE DIAMONDS EIGHT,0.3302,0.0038,0.666
DIAMONDS TEN DIAMONDS SIX,0.2402,0.0768,0.683
HEARTS ACE DIAMONDS SEVEN,0.3252,0.004,0.6708
DIAMONDS JACK DIAMONDS SIX,0.246,0.062,0.692
HEARTS QUEEN DIAMONDS SEVEN,0.3338,0.0114,0.6548
HEARTS KING DIAMONDS SEVEN,0.3598,0.0088,0.6314
DIAMONDS ACE DIAMONDS SIX,0.249,0.0288,0.7222
HEARTS FOUR DIAMONDS SIX,0.2014,0.521,0.2776
SPADES TWO HEARTS JACK,0.4126,0.0198,0.5676
HEARTS FIVE DIAMONDS SIX,0.214,0.4512,0.3348
SPADES TWO HEARTS TEN,0.414,0.0282,0.5578
DIAMONDS QUEEN DIAMONDS SIX,0.2494,0.0436,0.707
HEARTS TWO DIAMONDS SIX,0.2642,0.5152,0.2206
DIAMONDS KING DIAMONDS SIX,0.238,0.038,0.724
HEARTS THREE DIAMONDS SIX,0.0104,0.97,0.0196
DIAMONDS SIX HEARTS EIGHT,0.233,0.1528,0.6142
DIAMONDS SIX HEARTS NINE,0.2546,0.112,0.6334
HEARTS SIX DIAMONDS SIX,0.0902,0.1218,0.788
HEARTS SEVEN DIAMONDS SIX,0.2212,0.1938,0.585
HEARTS TEN DIAMONDS SEVEN,0.3344,0.0274,0.6382
CLUBS TWO DIAMONDS SIX,0.2728,0.528,0.1992
HEARTS JACK DIAMONDS SEVEN,0.3362,0.019,0.6448
CLUBS THREE DIAMONDS SIX,0.007,0.9856,0.0074
CLUBS SEVEN DIAMONDS SIX,0.2172,0.2032,0.5796
CLUBS JACK DIAMONDS EIGHT,0.3248,0.0174,0.6578
CLUBS TEN DIAMONDS EIGHT,0.321,0.0272,0.6518
CLUBS FIVE DIAMONDS SIX,0.2174,0.457,0.3256
CLUBS FOUR DIAMONDS SIX,0.2046,0.5244,0.271
HEARTS ACE HEARTS JACK,0.3274,0.0024,0.6702
CLUBS ACE DIAMONDS EIGHT,0.3186,0.0058,0.6756
HEARTS QUEEN HEARTS JACK,0.3142,0.0096,0.6762
CLUBS KING DIAMONDS EIGHT,0.3336,0.0094,0.657
CLUBS NINE DIAMONDS SIX,0.243,0.1138,0.6432
HEARTS KING HEARTS JACK,0.3286,0.008,0.6634
CLUBS EIGHT DIAMONDS SIX,0.2264,0.1464,0.6272
DIAMONDS EIGHT CLUBS QUEEN,0.3398,0.013,0.6472
SPADES TEN HEARTS KING,0.3432,0.006,0.6508
SPADES FIVE DIAMONDS SIX,0.223,0.4378,0.3392
HEARTS ACE SPADES TWO,0.3886,0.0066,0.6048
SPADES JACK HEARTS KING,0.3452,0.0062,0.6486
SPADES FOUR DIAMONDS SIX,0.2002,0.5208,0.279
SPADES THREE DIAMONDS SIX,0.0086,0.9726,0.0188
HEARTS QUEEN SPADES TWO,0.405,0.0148,0.5802
SPADES ACE SPADES KING,0.3246,0.0034,0.672
HEARTS KING SPADES TWO,0.4062,0.007,0.5868
SPADES TWO DIAMONDS SIX,0.2672,0.5116,0.2212
HEARTS TEN HEARTS EIGHT,0.3138,0.0224,0.6638
SPADES NINE DIAMONDS SIX,0.2552,0.111,0.6338
HEARTS JACK HEARTS EIGHT,0.3234,0.0168,0.6598
SPADES EIGHT DIAMONDS SIX,0.2296,0.1428,0.6276
SPADES SEVEN DIAMONDS SIX,0.2272,0.2024,0.5704
SPADES SIX DIAMONDS SIX,0.0884,0.1196,0.792
SPADES KING HEARTS KING,0.1606,0.0164,0.823
SPADES QUEEN HEARTS KING,0.3544,0.0082,0.6374
CLUBS ACE CLUBS KING,0.3238,0.0054,0.6708
SPADES ACE HEARTS KING,0.3646,0.0034,0.632
SPADES ACE HEARTS JACK,0.3384,0.0034,0.6582
SPADES QUEEN HEARTS JACK,0.3482,0.0106,0.6412
SPADES KING HEARTS JACK,0.3482,0.0044,0.6474
SPADES TEN DIAMONDS TEN,0.1526,0.055,0.7924
SPADES JACK DIAMONDS TEN,0.3278,0.0138,0.6584
SPADES ACE DIAMONDS TEN,0.3496,0.0048,0.6456
SPADES JACK HEARTS JACK,0.155,0.0472,0.7978
SPADES TEN HEARTS JACK,0.3426,0.0132,0.6442
SPADES QUEEN DIAMONDS TEN,0.3462,0.0092,0.6446
SPADES KING DIAMONDS TEN,0.349,0.0068,0.6442
SPADES NINE DIAMONDS SEVEN,0.3336,0.0452,0.6212
SPADES EIGHT DIAMONDS SEVEN,0.3182,0.0654,0.6164
SPADES SEVEN DIAMONDS SEVEN,0.1312,0.1114,0.7574
SPADES SIX DIAMONDS SEVEN,0.2276,0.1934,0.579
DIAMONDS KING DIAMONDS SEVEN,0.3418,0.0064,0.6518
HEARTS THREE DIAMONDS SEVEN,0.2502,0.202,0.5478
HEARTS KING DIAMONDS FIVE,0.3692,0.0086,0.6222
DIAMONDS QUEEN DIAMONDS SEVEN,0.3344,0.0104,0.6552
HEARTS TWO DIAMONDS SEVEN,0.394,0.1086,0.4974
HEARTS QUEEN DIAMONDS FIVE,0.356,0.0146,0.6294
HEARTS FIVE DIAMONDS SEVEN,0.3402,0.0996,0.5602
DIAMONDS ACE DIAMONDS SEVEN,0.3374,0.0058,0.6568
HEARTS FOUR DIAMONDS SEVEN,0.3376,0.0996,0.5628
HEARTS ACE DIAMONDS FIVE,0.3468,0.006,0.6472
HEARTS SEVEN DIAMONDS SEVEN,0.141,0.1032,0.7558
HEARTS SIX DIAMONDS SEVEN,0.2202,0.1926,0.5872
HEARTS NINE DIAMONDS SEVEN,0.3312,0.0376,0.6312
HEARTS EIGHT DIAMONDS SEVEN,0.3078,0.0672,0.625
DIAMONDS JACK DIAMONDS SEVEN,0.3284,0.0172,0.6544
HEARTS JACK DIAMONDS FIVE,0.362,0.0192,0.6188
DIAMONDS TEN DIAMONDS SEVEN,0.3292,0.0248,0.646
HEARTS TEN DIAMONDS FIVE,0.3724,0.027,0.6006
CLUBS EIGHT DIAMONDS SEVEN,0.2972,0.0582,0.6446
SPADES KING CLUBS TWO,0.409,0.0092,0.5818
HEARTS KING CLUBS KING,0.152,0.0172,0.8308
SPADES QUEEN CLUBS TWO,0.4162,0.0148,0.569
HEARTS KING CLUBS QUEEN,0.3476,0.009,0.6434
CLUBS NINE DIAMONDS SEVEN,0.3214,0.0422,0.6364
CLUBS JACK SPADES TWO,0.3922,0.0234,0.5844
SPADES ACE CLUBS TWO,0.3948,0.007,0.5982
CLUBS TEN SPADES TWO,0.4026,0.0338,0.5636
HEARTS KING CLUBS ACE,0.3378,0.0036,0.6586
SPADES TWO CLUBS KING,0.4088,0.0072,0.584
SPADES TWO DIAMONDS SEVEN,0.3998,0.1038,0.4964
SPADES THREE DIAMONDS SEVEN,0.2382,0.1982,0.5636
SPADES TWO CLUBS QUEEN,0.3906,0.0164,0.593
SPADES FOUR DIAMONDS SEVEN,0.3442,0.0948,0.561
CLUBS JACK HEARTS KING,0.3388,0.0062,0.655
SPADES FIVE DIAMONDS SEVEN,0.3304,0.1004,0.5692
SPADES TWO CLUBS ACE,0.384,0.0062,0.6098
CLUBS TEN HEARTS KING,0.3352,0.0092,0.6556
CLUBS TWO DIAMONDS SEVEN,0.3926,0.104,0.5034
CLUBS THREE DIAMONDS SEVEN,0.2344,0.1962,0.5694
CLUBS FOUR DIAMONDS SEVEN,0.347,0.1006,0.5524
CLUBS FIVE DIAMONDS SEVEN,0.3406,0.1048,0.5546
SPADES JACK CLUBS TWO,0.4018,0.0216,0.5766
CLUBS SEVEN DIAMONDS SEVEN,0.1254,0.1036,0.771
SPADES TEN CLUBS TWO,0.411,0.0294,0.5596
CLUBS TWO CLUBS QUEEN,0.3866,0.0142,0.5992
CLUBS TWO CLUBS KING,0.3942,0.0112,0.5946
CLUBS THREE DIAMONDS EIGHT,0.256,0.139,0.605
CLUBS TWO CLUBS ACE,0.3726,0.0062,0.6212
CLUBS TWO DIAMONDS EIGHT,0.3996,0.0666,0.5338
HEARTS SEVEN DIAMONDS EIGHT,0.3232,0.0656,0.6112
HEARTS SIX DIAMONDS EIGHT,0.2242,0.163,0.6128
DIAMONDS EIGHT HEARTS NINE,0.3196,0.0406,0.6398
CLUBS TEN CLUBS TWO,0.3998,0.0274,0.5728
HEARTS EIGHT DIAMONDS EIGHT,0.144,0.0876,0.7684
CLUBS JACK CLUBS TWO,0.3752,0.0232,0.6016
CLUBS NINE DIAMONDS EIGHT,0.3116,0.0414,0.647
CLUBS EIGHT DIAMONDS EIGHT,0.1428,0.09,0.7672
CLUBS FIVE DIAMONDS EIGHT,0.3512,0.0686,0.5802
SPADES ACE SPADES THREE,0.2304,0.019,0.7506
CLUBS FOUR DIAMONDS EIGHT,0.3486,0.0682,0.5832
CLUBS SEVEN DIAMONDS EIGHT,0.3126,0.0638,0.6236
SPADES QUEEN SPADES THREE,0.2504,0.0398,0.7098
SPADES KING SPADES THREE,0.2478,0.0242,0.728
DIAMONDS QUEEN DIAMONDS EIGHT,0.3224,0.0098,0.6678
HEARTS TWO DIAMONDS EIGHT,0.4012,0.0682,0.5306
DIAMONDS KING DIAMONDS EIGHT,0.333,0.0092,0.6578
HEARTS THREE DIAMONDS EIGHT,0.2572,0.1388,0.604
DIAMONDS ACE DIAMONDS EIGHT,0.3262,0.0066,0.6672
HEARTS FOUR DIAMONDS EIGHT,0.3528,0.0644,0.5828
HEARTS FIVE DIAMONDS EIGHT,0.3502,0.072,0.5778
DIAMONDS TEN DIAMONDS EIGHT,0.3106,0.0244,0.665
DIAMONDS JACK DIAMONDS EIGHT,0.3286,0.0204,0.651
SPADES JACK SPADES THREE,0.2502,0.0462,0.7036
SPADES TEN SPADES THREE,0.2452,0.0752,0.6796
CLUBS FOUR HEARTS ACE,0.3596,0.0064,0.634
CLUBS FOUR HEARTS QUEEN,0.3664,0.0126,0.621
CLUBS FOUR HEARTS KING,0.3772,0.0078,0.615
SPADES FOUR DIAMONDS EIGHT,0.3588,0.0726,0.5686
SPADES FIVE DIAMONDS EIGHT,0.3418,0.073,0.5852
SPADES TWO DIAMONDS EIGHT,0.397,0.0664,0.5366
SPADES THREE DIAMONDS EIGHT,0.251,0.1392,0.6098
CLUBS FOUR HEARTS JACK,0.3682,0.0202,0.6116
SPADES EIGHT DIAMONDS EIGHT,0.1458,0.0864,0.7678
SPADES TEN DIAMONDS QUEEN,0.3376,0.0116,0.6508
SPADES TEN HEARTS TWO,0.4098,0.0266,0.5636
SPADES JACK HEARTS EIGHT,0.3408,0.0174,0.6418
CLUBS FOUR HEARTS TEN,0.3718,0.0284,0.5998
SPADES NINE DIAMONDS EIGHT,0.3218,0.0416,0.6366
SPADES TEN HEARTS EIGHT,0.325,0.0244,0.6506
SPADES JACK HEARTS TWO,0.4034,0.0244,0.5722
SPADES JACK DIAMONDS QUEEN,0.324,0.01,0.666
SPADES SIX DIAMONDS EIGHT,0.2346,0.1392,0.6262
SPADES SEVEN DIAMONDS EIGHT,0.305,0.0684,0.6266
SPADES ACE HEARTS TWO,0.3938,0.0042,0.602
SPADES ACE DIAMONDS QUEEN,0.3444,0.0052,0.6504
SPADES ACE HEARTS EIGHT,0.3532,0.0042,0.6426
SPADES KING HEARTS EIGHT,0.3358,0.0086,0.6556
SPADES QUEEN HEARTS TWO,0.4082,0.0134,0.5784
SPADES QUEEN DIAMONDS QUEEN,0.159,0.0336,0.8074
SPADES KING DIAMONDS QUEEN,0.3516,0.0068,0.6416
SPADES KING HEARTS TWO,0.3944,0.0102,0.5954
SPADES QUEEN HEARTS EIGHT,0.3398,0.0106,0.6496
CLUBS TWO HEARTS TEN,0.4168,0.0346,0.5486
CLUBS TWO HEARTS JACK,0.4116,0.0228,0.5656
SPADES SEVEN DIAMONDS NINE,0.316,0.0454,0.6386
SPADES SIX DIAMONDS NINE,0.2362,0.1236,0.6402
SPADES NINE DIAMONDS NINE,0.1518,0.0768,0.7714
SPADES EIGHT DIAMONDS NINE,0.3164,0.0392,0.6444
SPADES TEN CLUBS KING,0.3314,0.0094,0.6592
DIAMONDS NINE SPADES THREE,0.259,0.0972,0.6438
SPADES JACK CLUBS KING,0.3508,0.0056,0.6436
DIAMONDS NINE SPADES TWO,0.407,0.0474,0.5456
SPADES FIVE DIAMONDS NINE,0.358,0.0454,0.5966
DIAMONDS NINE SPADES FOUR,0.3686,0.0424,0.589
CLUBS NINE DIAMONDS NINE,0.144,0.0808,0.7752
CLUBS EIGHT DIAMONDS NINE,0.3246,0.0396,0.6358
SPADES JACK CLUBS FOUR,0.376,0.0218,0.6022
CLUBS SEVEN DIAMONDS NINE,0.3182,0.0434,0.6384
SPADES TEN CLUBS FOUR,0.3718,0.0284,0.5998
CLUBS FOUR DIAMONDS NINE,0.3656,0.0468,0.5876
CLUBS FIVE DIAMONDS NINE,0.34,0.0522,0.6078
CLUBS TWO DIAMONDS NINE,0.4146,0.048,0.5374
CLUBS THREE DIAMONDS NINE,0.2614,0.1028,0.6358
DIAMONDS NINE HEARTS EIGHT,0.3276,0.0406,0.6318
DIAMONDS NINE HEARTS NINE,0.1488,0.0768,0.7744
HEARTS SIX DIAMONDS NINE,0.242,0.1114,0.6466
HEARTS SEVEN DIAMONDS NINE,0.335,0.0422,0.6228
CLUBS EIGHT CLUBS NINE,0.3186,0.0384,0.643
DIAMONDS ACE DIAMONDS NINE,0.3172,0.004,0.6788
HEARTS FOUR DIAMONDS NINE,0.373,0.0466,0.5804
HEARTS FIVE DIAMONDS NINE,0.368,0.0424,0.5896
HEARTS ACE CLUBS TWO,0.3926,0.0066,0.6008
SPADES ACE CLUBS FOUR,0.359,0.0044,0.6366
DIAMONDS NINE DIAMONDS QUEEN,0.3154,0.0096,0.675
HEARTS TWO DIAMONDS NINE,0.392,0.0508,0.5572
CLUBS TWO HEARTS KING,0.4062,0.0106,0.5832
SPADES KING CLUBS FOUR,0.383,0.0078,0.6092
DIAMONDS KING DIAMONDS NINE,0.3264,0.0082,0.6654
HEARTS THREE DIAMONDS NINE,0.2474,0.0952,0.6574
CLUBS TWO HEARTS QUEEN,0.4146,0.0154,0.57
SPADES QUEEN CLUBS FOUR,0.3916,0.0136,0.5948
DIAMONDS NINE DIAMONDS JACK,0.3128,0.0152,0.672
CLUBS EIGHT SPADES NINE,0.3206,0.041,0.6384
DIAMONDS TEN DIAMONDS NINE,0.3088,0.023,0.6682
CLUBS EIGHT SPADES EIGHT,0.1458,0.09,0.7642
CLUBS EIGHT SPADES SEVEN,0.3004,0.0584,0.6412
CLUBS EIGHT SPADES SIX,0.229,0.151,0.62
CLUBS EIGHT SPADES FIVE,0.3308,0.068,0.6012
CLUBS EIGHT SPADES FOUR,0.347,0.0642,0.5888
CLUBS EIGHT SPADES THREE,0.259,0.133,0.608
CLUBS EIGHT SPADES TWO,0.3924,0.067,0.5406
HEARTS SIX DIAMONDS TEN,0.2374,0.0816,0.681
HEARTS SEVEN DIAMONDS TEN,0.3436,0.0264,0.63
DIAMONDS TEN HEARTS EIGHT,0.3258,0.023,0.6512
CLUBS JACK CLUBS FOUR,0.35,0.019,0.631
DIAMONDS TEN HEARTS NINE,0.3286,0.0274,0.644
CLUBS TEN CLUBS FOUR,0.3592,0.0314,0.6094
CLUBS FOUR CLUBS KING,0.3488,0.0086,0.6426
CLUBS FOUR CLUBS QUEEN,0.3638,0.0168,0.6194
DIAMONDS TEN CLUBS TWO,0.4016,0.0304,0.568
CLUBS THREE DIAMONDS TEN,0.2506,0.073,0.6764
CLUBS FOUR CLUBS ACE,0.3436,0.0052,0.6512
DIAMONDS TEN DIAMONDS JACK,0.3216,0.0142,0.6642
DIAMONDS TEN DIAMONDS QUEEN,0.3206,0.0122,0.6672
HEARTS TWO DIAMONDS TEN,0.4048,0.0332,0.562
DIAMONDS KING DIAMONDS TEN,0.3264,0.0066,0.667
HEARTS THREE DIAMONDS TEN,0.2666,0.0716,0.6618
DIAMONDS ACE DIAMONDS TEN,0.3314,0.0054,0.6632
HEARTS FOUR DIAMONDS TEN,0.3694,0.033,0.5976
CLUBS EIGHT HEARTS JACK,0.3312,0.0198,0.649
HEARTS FIVE DIAMONDS TEN,0.3636,0.0308,0.6056
CLUBS EIGHT HEARTS TEN,0.3238,0.0268,0.6494
CLUBS EIGHT HEARTS QUEEN,0.3386,0.0104,0.651
CLUBS EIGHT HEARTS KING,0.3472,0.0086,0.6442
CLUBS EIGHT HEARTS ACE,0.3464,0.0042,0.6494
CLUBS NINE SPADES THREE,0.2594,0.1018,0.6388
CLUBS NINE SPADES TWO,0.39,0.0446,0.5654
CLUBS NINE SPADES FIVE,0.356,0.0454,0.5986
CLUBS NINE SPADES FOUR,0.3662,0.0456,0.5882
CLUBS NINE SPADES SEVEN,0.33,0.0438,0.6262
CLUBS NINE SPADES SIX,0.2404,0.1118,0.6478
CLUBS NINE SPADES NINE,0.1454,0.081,0.7736
CLUBS TEN HEARTS EIGHT,0.3316,0.025,0.6434
CLUBS NINE SPADES EIGHT,0.326,0.0338,0.6402
CLUBS JACK HEARTS EIGHT,0.3272,0.0174,0.6554
HEARTS EIGHT CLUBS QUEEN,0.3482,0.0152,0.6366
CLUBS KING HEARTS EIGHT,0.342,0.007,0.651
CLUBS ACE HEARTS EIGHT,0.34,0.0052,0.6548
SPADES KING CLUBS KING,0.1526,0.0152,0.8322
SPADES QUEEN CLUBS KING,0.3446,0.0072,0.6482
SPADES ACE CLUBS KING,0.3484,0.005,0.6466
DIAMONDS ACE HEARTS TEN,0.3462,0.0034,0.6504
HEARTS FOUR HEARTS TEN,0.3438,0.0256,0.6306
DIAMONDS ACE HEARTS JACK,0.3354,0.004,0.6606
HEARTS FOUR HEARTS JACK,0.3502,0.0176,0.6322
SPADES KING CLUBS FIVE,0.3662,0.0096,0.6242
SPADES QUEEN CLUBS FIVE,0.38,0.0122,0.6078
SPADES ACE CLUBS FIVE,0.3586,0.0038,0.6376
HEARTS SEVEN DIAMONDS JACK,0.3412,0.0182,0.6406
HEARTS SIX DIAMONDS JACK,0.259,0.0672,0.6738
DIAMONDS JACK HEARTS NINE,0.3398,0.0184,0.6418
DIAMONDS JACK HEARTS EIGHT,0.347,0.0196,0.6334
DIAMONDS KING DIAMONDS JACK,0.3272,0.0092,0.6636
HEARTS THREE DIAMONDS JACK,0.2534,0.0518,0.6948
SPADES ACE SPADES SIX,0.2326,0.024,0.7434
HEARTS ACE SPADES FOUR,0.3566,0.0058,0.6376
DIAMONDS QUEEN DIAMONDS JACK,0.317,0.0106,0.6724
HEARTS TWO DIAMONDS JACK,0.3864,0.0226,0.591
HEARTS FIVE DIAMONDS JACK,0.3726,0.0188,0.6086
SPADES QUEEN SPADES SIX,0.2426,0.0504,0.707
SPADES FOUR HEARTS QUEEN,0.3822,0.0108,0.607
DIAMONDS ACE DIAMONDS JACK,0.322,0.0038,0.6742
HEARTS FOUR DIAMONDS JACK,0.3728,0.0252,0.602
SPADES KING SPADES SIX,0.2412,0.0352,0.7236
SPADES FOUR HEARTS KING,0.3806,0.0084,0.611
SPADES TEN SPADES SIX,0.2466,0.0706,0.6828
SPADES JACK SPADES SIX,0.2424,0.0638,0.6938
SPADES FOUR DIAMONDS JACK,0.3644,0.0222,0.6134
SPADES FIVE DIAMONDS JACK,0.3592,0.0204,0.6204
DIAMONDS JACK SPADES TWO,0.404,0.0188,0.5772
SPADES THREE DIAMONDS JACK,0.2494,0.0574,0.6932
CLUBS EIGHT DIAMONDS JACK,0.339,0.0146,0.6464
CLUBS NINE DIAMONDS JACK,0.3334,0.0188,0.6478
CLUBS SEVEN DIAMONDS JACK,0.339,0.0166,0.6444
CLUBS FOUR DIAMONDS JACK,0.359,0.0198,0.6212
CLUBS FIVE DIAMONDS JACK,0.3734,0.0174,0.6092
CLUBS TWO DIAMONDS JACK,0.396,0.0262,0.5778
CLUBS THREE DIAMONDS JACK,0.249,0.0526,0.6984
SPADES TEN CLUBS FIVE,0.3684,0.0298,0.6018
SPADES JACK HEARTS SIX,0.2542,0.0606,0.6852
HEARTS SIX SPADES TEN,0.2598,0.0794,0.6608
SPADES JACK CLUBS FIVE,0.3548,0.0216,0.6236
CLUBS SEVEN CLUBS ACE,0.3188,0.0038,0.6774
CLUBS SEVEN CLUBS QUEEN,0.3246,0.0138,0.6616
CLUBS SEVEN CLUBS KING,0.3286,0.0094,0.662
SPADES NINE DIAMONDS JACK,0.3316,0.0172,0.6512
CLUBS TEN CLUBS SEVEN,0.322,0.0304,0.6476
DIAMONDS ACE HEARTS ACE,0.1432,0.0032,0.8536
HEARTS FOUR HEARTS ACE,0.3534,0.0058,0.6408
SPADES EIGHT DIAMONDS JACK,0.3306,0.0162,0.6532
SPADES ACE HEARTS SIX,0.249,0.0246,0.7264
CLUBS JACK CLUBS SEVEN,0.3218,0.0188,0.6594
DIAMONDS ACE HEARTS KING,0.3484,0.0044,0.6472
HEARTS FOUR HEARTS KING,0.3446,0.0102,0.6452
SPADES SEVEN DIAMONDS JACK,0.3394,0.0204,0.6402
SPADES KING HEARTS SIX,0.2528,0.0372,0.71
DIAMONDS ACE HEARTS QUEEN,0.3414,0.0048,0.6538
HEARTS FOUR HEARTS QUEEN,0.3546,0.013,0.6324
SPADES QUEEN HEARTS SIX,0.2678,0.0454,0.6868
SPADES SIX DIAMONDS JACK,0.248,0.0684,0.6836
DIAMONDS TEN SPADES TWO,0.395,0.035,0.57
DIAMONDS TEN SPADES THREE,0.266,0.0776,0.6564
DIAMONDS TEN SPADES FOUR,0.3584,0.0302,0.6114
DIAMONDS TEN SPADES FIVE,0.3656,0.0326,0.6018
SPADES SIX DIAMONDS TEN,0.2554,0.081,0.6636
SPADES SEVEN DIAMONDS TEN,0.328,0.031,0.641
SPADES EIGHT DIAMONDS TEN,0.3272,0.0264,0.6464
SPADES NINE DIAMONDS TEN,0.3242,0.0222,0.6536
CLUBS FOUR DIAMONDS TEN,0.3742,0.0308,0.595
CLUBS FIVE DIAMONDS TEN,0.3702,0.0296,0.6002
CLUBS SEVEN DIAMONDS TEN,0.3338,0.026,0.6402
CLUBS EIGHT DIAMONDS TEN,0.3302,0.0292,0.6406
CLUBS NINE DIAMONDS TEN,0.3266,0.026,0.6474
SPADES FOUR HEARTS JACK,0.3704,0.0198,0.6098
SPADES FOUR HEARTS TEN,0.3816,0.0306,0.5878
SPADES FIVE SPADES TWO,0.4614,0.1544,0.3842
SPADES FOUR SPADES TWO,0.4618,0.1574,0.3808
SPADES THREE SPADES TWO,0.4608,0.257,0.2822
SPADES NINE SPADES TWO,0.3774,0.0446,0.578
SPADES EIGHT SPADES TWO,0.3766,0.0568,0.5666
SPADES SEVEN SPADES TWO,0.3676,0.099,0.5334
SPADES SIX SPADES TWO,0.2556,0.4844,0.26
CLUBS THREE DIAMONDS QUEEN,0.2564,0.0334,0.7102
CLUBS THREE HEARTS TWO,0.4874,0.2792,0.2334
CLUBS TWO DIAMONDS QUEEN,0.4062,0.0128,0.581
HEARTS TWO CLUBS TWO,0.3402,0.1468,0.513
HEARTS SEVEN DIAMONDS QUEEN,0.3526,0.0128,0.6346
HEARTS SEVEN HEARTS TWO,0.3628,0.1068,0.5304
HEARTS SIX DIAMONDS QUEEN,0.2538,0.0476,0.6986
HEARTS SIX HEARTS TWO,0.2456,0.487,0.2674
DIAMONDS QUEEN HEARTS NINE,0.339,0.0104,0.6506
HEARTS TWO HEARTS NINE,0.3714,0.0462,0.5824
DIAMONDS QUEEN HEARTS EIGHT,0.3396,0.0134,0.647
HEARTS TWO HEARTS EIGHT,0.3706,0.0648,0.5646
CLUBS NINE HEARTS TWO,0.3972,0.0512,0.5516
CLUBS NINE DIAMONDS QUEEN,0.344,0.0112,0.6448
CLUBS EIGHT DIAMONDS QUEEN,0.3408,0.0116,0.6476
CLUBS EIGHT HEARTS TWO,0.3926,0.0614,0.546
CLUBS FIVE DIAMONDS QUEEN,0.3632,0.0158,0.621
CLUBS FIVE HEARTS TWO,0.492,0.1656,0.3424
SPADES EIGHT HEARTS ACE,0.3374,0.0034,0.6592
CLUBS FOUR DIAMONDS QUEEN,0.3654,0.0114,0.6232
CLUBS FOUR HEARTS TWO,0.493,0.166,0.341
CLUBS SEVEN DIAMONDS QUEEN,0.3482,0.0114,0.6404
CLUBS SEVEN HEARTS TWO,0.3966,0.1,0.5034
SPADES EIGHT HEARTS QUEEN,0.3426,0.011,0.6464
SPADES EIGHT HEARTS KING,0.3466,0.007,0.6464
HEARTS TWO SPADES SIX,0.275,0.5086,0.2164
SPADES SIX DIAMONDS QUEEN,0.2664,0.0492,0.6844
HEARTS FOUR CLUBS QUEEN,0.3722,0.0118,0.616
DIAMONDS ACE CLUBS QUEEN,0.3568,0.0056,0.6376
SPADES SEVEN DIAMONDS QUEEN,0.3504,0.0134,0.6362
SPADES SEVEN HEARTS TWO,0.407,0.101,0.492
HEARTS FOUR CLUBS KING,0.3668,0.0074,0.6258
DIAMONDS ACE CLUBS KING,0.3398,0.0056,0.6546
SPADES EIGHT DIAMONDS QUEEN,0.3476,0.0128,0.6396
SPADES EIGHT HEARTS TWO,0.3934,0.0702,0.5364
HEARTS FOUR CLUBS ACE,0.3482,0.0052,0.6466
DIAMONDS ACE CLUBS ACE,0.1374,0.0058,0.8568
SPADES NINE DIAMONDS QUEEN,0.3484,0.0096,0.642
SPADES NINE HEARTS TWO,0.3998,0.0386,0.5616
HEARTS TWO SPADES TWO,0.342,0.146,0.512
DIAMONDS QUEEN SPADES TWO,0.3986,0.0152,0.5862
HEARTS TWO SPADES THREE,0.472,0.2796,0.2484
DIAMONDS QUEEN SPADES THREE,0.2498,0.0398,0.7104
HEARTS TWO SPADES FOUR,0.492,0.1614,0.3466
SPADES FOUR DIAMONDS QUEEN,0.3734,0.011,0.6156
CLUBS TEN HEARTS FOUR,0.3804,0.0286,0.591
CLUBS TEN DIAMONDS ACE,0.3416,0.0046,0.6538
HEARTS TWO SPADES FIVE,0.488,0.1696,0.3424
SPADES FIVE DIAMONDS QUEEN,0.3576,0.011,0.6314
CLUBS JACK HEARTS FOUR,0.3662,0.0194,0.6144
CLUBS JACK DIAMONDS ACE,0.336,0.005,0.659
CLUBS FIVE CLUBS KING,0.3606,0.0094,0.63
CLUBS FIVE CLUBS QUEEN,0.3532,0.0128,0.634
CLUBS FIVE CLUBS ACE,0.3322,0.0054,0.6624
CLUBS JACK CLUBS FIVE,0.3446,0.0218,0.6336
CLUBS TEN CLUBS FIVE,0.359,0.0244,0.6166
SPADES KING CLUBS JACK,0.3412,0.0086,0.6502
CLUBS JACK SPADES QUEEN,0.3378,0.0098,0.6524
SPADES ACE CLUBS JACK,0.3428,0.0058,0.6514
SPADES SIX CLUBS KING,0.2344,0.0426,0.723
SPADES SIX CLUBS QUEEN,0.259,0.0542,0.6868
SPADES EIGHT HEARTS JACK,0.3368,0.0236,0.6396
SPADES SIX CLUBS ACE,0.2448,0.029,0.7262
SPADES EIGHT HEARTS TEN,0.3256,0.0266,0.6478
CLUBS JACK SPADES SIX,0.2624,0.0622,0.6754
CLUBS TEN SPADES SIX,0.255,0.081,0.664
CLUBS JACK SPADES TEN,0.326,0.0148,0.6592
CLUBS JACK SPADES JACK,0.1432,0.0456,0.8112
SPADES QUEEN CLUBS SEVEN,0.3428,0.0138,0.6434
SPADES KING CLUBS SEVEN,0.3368,0.0078,0.6554
SPADES ACE CLUBS SEVEN,0.3412,0.0072,0.6516
SPADES SIX HEARTS TEN,0.2726,0.0824,0.645
SPADES SIX HEARTS JACK,0.2588,0.055,0.6862
SPADES SIX HEARTS ACE,0.2514,0.028,0.7206
SPADES SIX HEARTS KING,0.254,0.0388,0.7072
SPADES SIX HEARTS QUEEN,0.262,0.053,0.685
SPADES JACK CLUBS SEVEN,0.3436,0.0184,0.638
SPADES TEN CLUBS SEVEN,0.3338,0.0268,0.6394
CLUBS TEN HEARTS SIX,0.2544,0.0792,0.6664
CLUBS JACK HEARTS SIX,0.2474,0.065,0.6876
CLUBS JACK CLUBS ACE,0.3248,0.0058,0.6694
HEARTS SIX CLUBS QUEEN,0.242,0.0558,0.7022
HEARTS SIX CLUBS KING,0.258,0.0404,0.7016
HEARTS SIX CLUBS ACE,0.2374,0.027,0.7356
CLUBS JACK CLUBS QUEEN,0.3142,0.0114,0.6744
CLUBS JACK CLUBS KING,0.3306,0.0068,0.6626
CLUBS FIVE HEARTS JACK,0.374,0.0232,0.6028
SPADES TEN DIAMONDS ACE,0.3266,0.0032,0.6702
HEARTS FOUR SPADES TEN,0.3754,0.0266,0.598
CLUBS FIVE HEARTS TEN,0.3744,0.0288,0.5968
HEARTS FOUR SPADES JACK,0.3718,0.019,0.6092
SPADES JACK DIAMONDS ACE,0.3398,0.0062,0.654
SPADES ACE HEARTS FOUR,0.357,0.0044,0.6386
SPADES ACE DIAMONDS ACE,0.1406,0.0054,0.854
CLUBS FIVE HEARTS ACE,0.3646,0.0046,0.6308
CLUBS FIVE HEARTS KING,0.3714,0.0104,0.6182
HEARTS FOUR SPADES QUEEN,0.3826,0.0138,0.6036
SPADES QUEEN DIAMONDS ACE,0.3486,0.004,0.6474
CLUBS JACK SPADES FOUR,0.3724,0.0196,0.608
CLUBS FIVE HEARTS QUEEN,0.373,0.0118,0.6152
SPADES KING DIAMONDS ACE,0.352,0.0052,0.6428
SPADES KING HEARTS FOUR,0.3684,0.0084,0.6232
CLUBS TEN SPADES FOUR,0.3708,0.0314,0.5978
DIAMONDS ACE DIAMONDS QUEEN,0.326,0.0056,0.6684
DIAMONDS ACE HEARTS TWO,0.3744,0.006,0.6196
HEARTS FOUR DIAMONDS QUEEN,0.372,0.0118,0.6162
HEARTS FOUR HEARTS TWO,0.464,0.1488,0.3872
SPADES FOUR CLUBS KING,0.3686,0.0084,0.623
HEARTS FIVE DIAMONDS QUEEN,0.3738,0.0092,0.617
HEARTS FIVE HEARTS TWO,0.4552,0.156,0.3888
SPADES FOUR CLUBS QUEEN,0.3766,0.016,0.6074
HEARTS TWO DIAMONDS QUEEN,0.4082,0.013,0.5788
DIAMONDS KING DIAMONDS QUEEN,0.3252,0.007,0.6678
DIAMONDS KING HEARTS TWO,0.4036,0.0108,0.5856
HEARTS THREE DIAMONDS QUEEN,0.2688,0.039,0.6922
HEARTS THREE HEARTS TWO,0.4566,0.2524,0.291
SPADES FOUR CLUBS ACE,0.3492,0.0052,0.6456
HEARTS TWO CLUBS ACE,0.3794,0.0052,0.6154
DIAMONDS QUEEN CLUBS ACE,0.346,0.005,0.649
HEARTS TWO CLUBS QUEEN,0.3946,0.016,0.5894
DIAMONDS QUEEN CLUBS QUEEN,0.15,0.0342,0.8158
HEARTS TWO CLUBS KING,0.4126,0.0088,0.5786
DIAMONDS QUEEN CLUBS KING,0.3408,0.0096,0.6496
SPADES EIGHT SPADES FIVE,0.3234,0.0586,0.618
CLUBS TEN HEARTS TWO,0.4044,0.0306,0.565
CLUBS TEN DIAMONDS QUEEN,0.3262,0.0116,0.6622
SPADES NINE SPADES FIVE,0.3484,0.0452,0.6064
CLUBS JACK HEARTS TWO,0.3942,0.0212,0.5846
CLUBS JACK DIAMONDS QUEEN,0.3156,0.0136,0.6708
SPADES SIX SPADES FIVE,0.2006,0.4192,0.3802
SPADES SEVEN SPADES FIVE,0.3104,0.097,0.5926
DIAMONDS FIVE CLUBS QUEEN,0.3618,0.014,0.6242
SPADES EIGHT CLUBS ACE,0.3352,0.0052,0.6596
DIAMONDS FIVE CLUBS KING,0.3544,0.0092,0.6364
SPADES EIGHT CLUBS KING,0.3436,0.0072,0.6492
CLUBS ACE DIAMONDS FIVE,0.3376,0.0058,0.6566
SPADES EIGHT CLUBS QUEEN,0.351,0.0098,0.6392
CLUBS JACK SPADES EIGHT,0.3516,0.0154,0.633
CLUBS TEN SPADES EIGHT,0.3342,0.0262,0.6396
CLUBS TEN DIAMONDS FIVE,0.3598,0.0288,0.6114
CLUBS JACK DIAMONDS FIVE,0.3566,0.019,0.6244
DIAMONDS TEN HEARTS JACK,0.3296,0.0144,0.656
DIAMONDS TEN HEARTS TEN,0.161,0.063,0.776
SPADES ACE CLUBS NINE,0.3422,0.0052,0.6526
SPADES QUEEN CLUBS NINE,0.3326,0.012,0.6554
SPADES KING CLUBS NINE,0.3484,0.0072,0.6444
HEARTS SIX HEARTS KING,0.2328,0.0392,0.728
DIAMONDS KING SPADES SEVEN,0.35,0.0094,0.6406
HEARTS THREE SPADES SEVEN,0.2576,0.1928,0.5496
SPADES KING DIAMONDS SEVEN,0.335,0.007,0.658
HEARTS SIX HEARTS QUEEN,0.2436,0.0434,0.713
SPADES QUEEN DIAMONDS SEVEN,0.3348,0.0154,0.6498
HEARTS THREE SPADES SIX,0.0214,0.9556,0.023
DIAMONDS KING SPADES SIX,0.2374,0.0404,0.7222
SPADES NINE DIAMONDS KING,0.3506,0.0078,0.6416
SPADES NINE HEARTS THREE,0.2592,0.1086,0.6322
HEARTS SIX HEARTS ACE,0.232,0.0246,0.7434
DIAMONDS KING SPADES EIGHT,0.3398,0.0078,0.6524
SPADES EIGHT HEARTS THREE,0.2648,0.1358,0.5994
SPADES ACE DIAMONDS SEVEN,0.3392,0.0042,0.6566
CLUBS NINE HEARTS THREE,0.2498,0.1016,0.6486
CLUBS NINE DIAMONDS KING,0.3288,0.0108,0.6604
CLUBS EIGHT DIAMONDS KING,0.3262,0.008,0.6658
CLUBS EIGHT HEARTS THREE,0.246,0.1418,0.6122
HEARTS THREE SPADES THREE,0.2586,0.1022,0.6392
DIAMONDS KING SPADES THREE,0.2606,0.0284,0.711
HEARTS THREE SPADES TWO,0.485,0.2702,0.2448
DIAMONDS KING SPADES TWO,0.4066,0.0094,0.584
HEARTS THREE SPADES FIVE,0.4798,0.2694,0.2508
DIAMONDS KING SPADES FIVE,0.3676,0.008,0.6244
HEARTS THREE SPADES FOUR,0.4822,0.2646,0.2532
DIAMONDS KING SPADES FOUR,0.3654,0.007,0.6276
DIAMONDS KING CLUBS TWO,0.4052,0.0116,0.5832
HEARTS THREE CLUBS TWO,0.4828,0.2808,0.2364
DIAMONDS KING CLUBS THREE,0.2484,0.0286,0.723
CLUBS THREE HEARTS THREE,0.2666,0.1058,0.6276
DIAMONDS KING CLUBS FOUR,0.3672,0.0092,0.6236
HEARTS THREE CLUBS FOUR,0.4818,0.2646,0.2536
CLUBS FIVE DIAMONDS KING,0.3676,0.0104,0.622
CLUBS FIVE HEARTS THREE,0.4942,0.2624,0.2434
CLUBS SEVEN DIAMONDS KING,0.3326,0.007,0.6604
CLUBS SEVEN HEARTS THREE,0.241,0.1856,0.5734
