opposingHand,winningChance,drawChance,lostChance
DIAMONDS FIVE DIAMONDS FOUR
SPADES QUEEN CLUBS FIVE,0.3328,0.051,0.6162
SPADES QUEEN CLUBS ACE,0.4152,0.0036,0.5812
CLUBS TEN CLUBS EIGHT,0.373,0.0274,0.5996
CLUBS SEVEN DIAMONDS KING,0.4076,0.009,0.5834
HEARTS EIGHT CLUBS TEN,0.3978,0.0248,0.5774
SPADES ACE SPADES THREE,0.415,0.0066,0.5784
SPADES KING SPADES FOUR,0.3196,0.031,0.6494
SPADES TEN HEARTS ACE,0.4024,0.007,0.5906
SPADES ACE HEARTS SIX,0.4152,0.005,0.5798
SPADES KING HEARTS THREE,0.4508,0.0094,0.5398
DIAMONDS KING HEARTS ACE,0.3986,0.0052,0.5962
DIAMONDS EIGHT CLUBS QUEEN,0.3948,0.0132,0.592
CLUBS NINE HEARTS NINE,0.2052,0.0786,0.7162
CLUBS SIX CLUBS KING,0.3796,0.0084,0.612
DIAMONDS QUEEN SPADES TWO,0.4494,0.0144,0.5362
CLUBS JACK HEARTS THREE,0.4602,0.0198,0.52
CLUBS FOUR CLUBS TWO,0.4218,0.331,0.2472
SPADES KING HEARTS SEVEN,0.4218,0.0076,0.5706
SPADES KING SPADES NINE,0.3862,0.0086,0.6052
HEARTS SEVEN SPADES TWO,0.4644,0.104,0.4316
CLUBS THREE DIAMONDS NINE,0.4428,0.0406,0.5166
CLUBS NINE DIAMONDS SEVEN,0.3848,0.0416,0.5736
SPADES JACK HEARTS JACK,0.2226,0.0492,0.7282
SPADES EIGHT HEARTS ACE,0.4178,0.0062,0.576
DIAMONDS TWO DIAMONDS EIGHT,0.3966,0.0676,0.5358
SPADES SIX DIAMONDS TEN,0.395,0.029,0.576
DIAMONDS KING SPADES THREE,0.4542,0.0078,0.538
SPADES EIGHT CLUBS QUEEN,0.4138,0.0136,0.5726
SPADES KING SPADES TEN,0.3798,0.0086,0.6116
CLUBS THREE CLUBS ACE,0.4268,0.0046,0.5686
CLUBS TEN DIAMONDS KING,0.3902,0.008,0.6018
DIAMONDS TWO DIAMONDS KING,0.421,0.0112,0.5678
SPADES FIVE CLUBS TWO,0.319,0.476,0.205
CLUBS SEVEN SPADES SIX,0.3786,0.0944,0.527
CLUBS FOUR CLUBS KING,0.3136,0.0304,0.656
HEARTS EIGHT CLUBS FIVE,0.3166,0.1402,0.5432
SPADES JACK CLUBS ACE,0.4144,0.003,0.5826
SPADES FOUR HEARTS ACE,0.3154,0.0244,0.6602
HEARTS SEVEN HEARTS THREE,0.4222,0.0918,0.486
HEARTS SIX DIAMONDS TEN,0.393,0.0274,0.5796
HEARTS ACE SPADES THREE,0.4464,0.0058,0.5478
SPADES QUEEN DIAMONDS TEN,0.393,0.0108,0.5962
HEARTS ACE HEARTS QUEEN,0.3902,0.0034,0.6064
HEARTS FOUR HEARTS JACK,0.3254,0.0538,0.6208
CLUBS TEN SPADES SEVEN,0.4048,0.029,0.5662
SPADES TEN CLUBS FOUR,0.3424,0.0744,0.5832
CLUBS ACE HEARTS TEN,0.4192,0.0044,0.5764
HEARTS TWO CLUBS ACE,0.4382,0.0052,0.5566
CLUBS TEN DIAMONDS TEN,0.213,0.067,0.72
SPADES JACK CLUBS FOUR,0.3302,0.0628,0.607
CLUBS SEVEN HEARTS QUEEN,0.42,0.0132,0.5668
HEARTS TWO HEARTS NINE,0.4436,0.0362,0.5202
SPADES NINE CLUBS SIX,0.3954,0.0454,0.5592
CLUBS JACK SPADES SIX,0.4144,0.0146,0.571
HEARTS SIX SPADES JACK,0.4222,0.0212,0.5566
SPADES TWO DIAMONDS SIX,0.4454,0.1546,0.4
SPADES TEN CLUBS TWO,0.4706,0.028,0.5014
SPADES TWO CLUBS ACE,0.4542,0.0056,0.5402
CLUBS NINE HEARTS TWO,0.4484,0.0472,0.5044
HEARTS JACK HEARTS TEN,0.368,0.014,0.618
HEARTS EIGHT CLUBS QUEEN,0.4184,0.0118,0.5698
CLUBS NINE SPADES TWO,0.4636,0.0498,0.4866
CLUBS TEN HEARTS ACE,0.3982,0.0056,0.5962
DIAMONDS TWO CLUBS QUEEN,0.4762,0.0144,0.5094
HEARTS EIGHT DIAMONDS TEN,0.3992,0.023,0.5778
DIAMONDS KING DIAMONDS TEN,0.3494,0.009,0.6416
SPADES JACK DIAMONDS SIX,0.401,0.0198,0.5792
SPADES QUEEN SPADES TEN,0.3826,0.0128,0.6046
SPADES FIVE CLUBS ACE,0.3068,0.0256,0.6676
HEARTS EIGHT HEARTS JACK,0.385,0.0164,0.5986
HEARTS THREE SPADES SIX,0.4314,0.1486,0.42
CLUBS ACE CLUBS QUEEN,0.3876,0.0054,0.607
DIAMONDS TWO CLUBS NINE,0.4594,0.0402,0.5004
SPADES FOUR HEARTS KING,0.3394,0.032,0.6286
CLUBS SIX HEARTS KING,0.4104,0.0096,0.58
SPADES KING SPADES FIVE,0.31,0.0338,0.6562
HEARTS EIGHT CLUBS NINE,0.3908,0.0344,0.5748
HEARTS FIVE HEARTS QUEEN,0.3114,0.0468,0.6418
DIAMONDS ACE SPADES TWO,0.4402,0.0076,0.5522
SPADES ACE DIAMONDS THREE,0.4406,0.0078,0.5516
CLUBS TWO HEARTS KING,0.4714,0.0108,0.5178
CLUBS EIGHT SPADES THREE,0.4704,0.0662,0.4634
SPADES ACE CLUBS NINE,0.399,0.005,0.596
SPADES ACE CLUBS ACE,0.2238,0.004,0.7722
SPADES KING CLUBS NINE,0.4118,0.0086,0.5796
SPADES EIGHT DIAMONDS EIGHT,0.2086,0.0938,0.6976
CLUBS ACE HEARTS NINE,0.4172,0.0038,0.579
CLUBS JACK SPADES FIVE,0.3212,0.0646,0.6142
CLUBS SIX DIAMONDS KING,0.391,0.008,0.601
DIAMONDS EIGHT DIAMONDS SEVEN,0.3426,0.062,0.5954
CLUBS TEN HEARTS FIVE,0.342,0.0798,0.5782
SPADES JACK SPADES FOUR,0.3128,0.0568,0.6304
SPADES NINE HEARTS NINE,0.23,0.0758,0.6942
SPADES SIX SPADES FOUR,0.2742,0.2516,0.4742
CLUBS NINE CLUBS FOUR,0.3116,0.1006,0.5878
HEARTS FIVE HEARTS FOUR,0.0726,0.8548,0.0726
HEARTS SIX HEARTS THREE,0.417,0.1378,0.4452
SPADES KING SPADES EIGHT,0.3962,0.0082,0.5956
SPADES JACK HEARTS TWO,0.4668,0.0206,0.5126
CLUBS NINE SPADES THREE,0.459,0.0394,0.5016
HEARTS FOUR DIAMONDS ACE,0.298,0.0238,0.6782
HEARTS THREE DIAMONDS JACK,0.4436,0.0222,0.5342
DIAMONDS NINE CLUBS ACE,0.3944,0.005,0.6006
HEARTS SIX SPADES EIGHT,0.4004,0.0604,0.5392
SPADES ACE CLUBS EIGHT,0.416,0.0044,0.5796
HEARTS SIX SPADES FOUR,0.2984,0.2588,0.4428
DIAMONDS TWO SPADES QUEEN,0.4546,0.0134,0.532
SPADES SIX SPADES TWO,0.4236,0.1378,0.4386
SPADES FIVE SPADES FOUR,0.071,0.8582,0.0708
HEARTS SIX DIAMONDS JACK,0.4078,0.019,0.5732
CLUBS FIVE DIAMONDS JACK,0.318,0.0624,0.6196
SPADES QUEEN DIAMONDS SIX,0.4044,0.0126,0.583
HEARTS TWO DIAMONDS NINE,0.4578,0.0476,0.4946
CLUBS TEN SPADES QUEEN,0.4128,0.0098,0.5774
HEARTS EIGHT HEARTS NINE,0.357,0.0362,0.6068
DIAMONDS THREE SPADES KING,0.4558,0.01,0.5342
SPADES FOUR HEARTS TEN,0.3382,0.08,0.5818
HEARTS THREE DIAMONDS SIX,0.4064,0.1574,0.4362
HEARTS EIGHT HEARTS TEN,0.3796,0.0224,0.598
CLUBS JACK HEARTS ACE,0.4014,0.0062,0.5924
DIAMONDS THREE HEARTS KING,0.449,0.0118,0.5392
SPADES THREE HEARTS JACK,0.4626,0.0174,0.52
SPADES SEVEN CLUBS QUEEN,0.4116,0.0126,0.5758
HEARTS TEN DIAMONDS SIX,0.395,0.0254,0.5796
SPADES TEN HEARTS TEN,0.2244,0.0648,0.7108
DIAMONDS THREE CLUBS ACE,0.4268,0.0058,0.5674
SPADES ACE HEARTS ACE,0.2198,0.0036,0.7766
CLUBS ACE HEARTS JACK,0.4112,0.0048,0.584
DIAMONDS NINE HEARTS JACK,0.3866,0.0166,0.5968
SPADES QUEEN HEARTS TEN,0.4166,0.0126,0.5708
CLUBS SIX SPADES EIGHT,0.3868,0.0636,0.5496
HEARTS SEVEN DIAMONDS NINE,0.3846,0.0426,0.5728
SPADES ACE SPADES TWO,0.4198,0.0052,0.575
SPADES EIGHT DIAMONDS ACE,0.3938,0.0054,0.6008
HEARTS EIGHT SPADES EIGHT,0.2172,0.0926,0.6902
SPADES KING HEARTS QUEEN,0.4208,0.0064,0.5728
DIAMONDS ACE DIAMONDS JACK,0.3688,0.007,0.6242
SPADES TWO CLUBS QUEEN,0.4734,0.0126,0.514
SPADES THREE HEARTS QUEEN,0.4618,0.0128,0.5254
DIAMONDS THREE DIAMONDS KING,0.4206,0.0116,0.5678
HEARTS SEVEN SPADES JACK,0.4106,0.0172,0.5722
SPADES KING SPADES SEVEN,0.3956,0.0082,0.5962
DIAMONDS KING HEARTS JACK,0.4088,0.01,0.5812
SPADES ACE SPADES KING,0.3918,0.0062,0.602
HEARTS FOUR SPADES EIGHT,0.321,0.1358,0.5432
SPADES TWO HEARTS NINE,0.4666,0.046,0.4874
HEARTS FIVE DIAMONDS SIX,0.27,0.2532,0.4768
DIAMONDS ACE SPADES THREE,0.4204,0.0044,0.5752
CLUBS FIVE HEARTS QUEEN,0.3312,0.0546,0.6142
SPADES ACE CLUBS FOUR,0.3262,0.0162,0.6576
HEARTS FOUR HEARTS KING,0.306,0.0346,0.6594
SPADES QUEEN SPADES EIGHT,0.3934,0.0094,0.5972
HEARTS FIVE HEARTS ACE,0.2968,0.0226,0.6806
HEARTS EIGHT DIAMONDS TWO,0.4572,0.0636,0.4792
HEARTS FIVE SPADES FIVE,0.1728,0.1262,0.701
SPADES JACK SPADES TEN,0.3812,0.0138,0.605
CLUBS JACK CLUBS FIVE,0.3156,0.064,0.6204
HEARTS THREE HEARTS ACE,0.4216,0.0062,0.5722
CLUBS SEVEN SPADES THREE,0.4446,0.0994,0.456
CLUBS TEN DIAMONDS NINE,0.3804,0.0206,0.599
DIAMONDS TEN HEARTS TEN,0.205,0.071,0.724
HEARTS TWO CLUBS TWO,0.3926,0.1448,0.4626
SPADES FOUR DIAMONDS EIGHT,0.3044,0.151,0.5446
SPADES THREE HEARTS NINE,0.4526,0.0402,0.5072
DIAMONDS KING DIAMONDS SEVEN,0.3608,0.0092,0.63
SPADES KING DIAMONDS KING,0.2102,0.0242,0.7656
DIAMONDS QUEEN SPADES FOUR,0.3132,0.0456,0.6412
SPADES NINE SPADES FIVE,0.294,0.095,0.611
HEARTS SIX HEARTS KING,0.3966,0.009,0.5944
SPADES NINE DIAMONDS ACE,0.3876,0.005,0.6074
SPADES TWO DIAMONDS EIGHT,0.4598,0.0684,0.4718
HEARTS EIGHT CLUBS THREE,0.4602,0.062,0.4778
CLUBS SEVEN HEARTS THREE,0.4598,0.1086,0.4316
HEARTS TWO DIAMONDS EIGHT,0.4462,0.0654,0.4884
CLUBS TEN HEARTS NINE,0.377,0.0218,0.6012
SPADES TEN SPADES EIGHT,0.3936,0.023,0.5834
SPADES KING DIAMONDS SIX,0.3942,0.0106,0.5952
CLUBS EIGHT CLUBS FOUR,0.3008,0.1378,0.5614
HEARTS SIX CLUBS SEVEN,0.3748,0.0992,0.526
HEARTS TWO SPADES SEVEN,0.4668,0.0994,0.4338
SPADES ACE HEARTS KING,0.4056,0.0048,0.5896
HEARTS THREE CLUBS FIVE,0.3058,0.4976,0.1966
HEARTS EIGHT CLUBS SEVEN,0.3846,0.061,0.5544
DIAMONDS TEN HEARTS QUEEN,0.3914,0.0126,0.596
HEARTS SEVEN HEARTS FOUR,0.291,0.1728,0.5362
CLUBS FOUR SPADES FOUR,0.3136,0.1092,0.5772
HEARTS EIGHT SPADES NINE,0.395,0.039,0.566
DIAMONDS TWO SPADES EIGHT,0.4526,0.065,0.4824
CLUBS NINE CLUBS ACE,0.3764,0.006,0.6176
CLUBS JACK DIAMONDS SIX,0.4006,0.0192,0.5802
CLUBS EIGHT DIAMONDS SIX,0.3858,0.0576,0.5566
SPADES KING SPADES SIX,0.3962,0.0114,0.5924
SPADES SEVEN CLUBS FOUR,0.2948,0.1924,0.5128
CLUBS ACE DIAMONDS SIX,0.4032,0.005,0.5918
CLUBS EIGHT HEARTS TEN,0.408,0.0262,0.5658
HEARTS THREE SPADES EIGHT,0.471,0.0678,0.4612
SPADES QUEEN HEARTS KING,0.4036,0.007,0.5894
CLUBS SIX CLUBS FOUR,0.276,0.2482,0.4758
SPADES ACE CLUBS THREE,0.465,0.0048,0.5302
HEARTS QUEEN CLUBS QUEEN,0.2322,0.0334,0.7344
DIAMONDS TWO HEARTS FOUR,0.452,0.3446,0.2034
SPADES THREE CLUBS ACE,0.4494,0.0062,0.5444
SPADES EIGHT DIAMONDS NINE,0.3824,0.0356,0.582
CLUBS NINE SPADES SEVEN,0.4042,0.0408,0.555
SPADES FOUR SPADES THREE,0.4192,0.3266,0.2542
CLUBS THREE DIAMONDS TEN,0.4384,0.0344,0.5272
SPADES KING HEARTS SIX,0.4132,0.0096,0.5772
HEARTS EIGHT CLUBS ACE,0.4032,0.0036,0.5932
SPADES KING DIAMONDS EIGHT,0.4108,0.0106,0.5786
SPADES TEN SPADES TWO,0.4392,0.029,0.5318
SPADES SIX CLUBS KING,0.4066,0.0086,0.5848
CLUBS FOUR CLUBS QUEEN,0.3128,0.043,0.6442
CLUBS NINE HEARTS KING,0.4076,0.0076,0.5848
HEARTS THREE DIAMONDS SEVEN,0.449,0.105,0.446
CLUBS FIVE CLUBS TWO,0.3204,0.4334,0.2462
SPADES NINE SPADES SIX,0.378,0.0416,0.5804
SPADES EIGHT DIAMONDS JACK,0.4078,0.02,0.5722
HEARTS KING CLUBS QUEEN,0.4212,0.008,0.5708
DIAMONDS KING HEARTS KING,0.2136,0.0222,0.7642
CLUBS FIVE DIAMONDS TEN,0.3182,0.081,0.6008
DIAMONDS THREE SPADES SEVEN,0.434,0.1064,0.4596
HEARTS SIX CLUBS TWO,0.46,0.1538,0.3862
SPADES FOUR DIAMONDS NINE,0.3268,0.098,0.5752
HEARTS SIX CLUBS QUEEN,0.4208,0.012,0.5672
SPADES SEVEN CLUBS TWO,0.4796,0.0948,0.4256
CLUBS SEVEN CLUBS FIVE,0.281,0.1876,0.5314
HEARTS SEVEN CLUBS THREE,0.447,0.0956,0.4574
HEARTS FIVE SPADES SIX,0.2944,0.2446,0.461
SPADES THREE DIAMONDS TEN,0.4312,0.0308,0.538
CLUBS JACK CLUBS EIGHT,0.3814,0.0152,0.6034
CLUBS THREE CLUBS TWO,0.472,0.2116,0.3164
CLUBS FOUR DIAMONDS ACE,0.3118,0.0208,0.6674
DIAMONDS ACE DIAMONDS QUEEN,0.3568,0.0054,0.6378
SPADES TEN SPADES THREE,0.4256,0.0316,0.5428
CLUBS JACK CLUBS NINE,0.3706,0.0176,0.6118
CLUBS TEN CLUBS FOUR,0.3248,0.0742,0.601
DIAMONDS QUEEN HEARTS JACK,0.3986,0.0102,0.5912
SPADES FIVE HEARTS NINE,0.3158,0.1052,0.579
CLUBS SIX DIAMONDS NINE,0.388,0.0432,0.5688
DIAMONDS QUEEN HEARTS TEN,0.383,0.01,0.607
SPADES KING CLUBS FOUR,0.3322,0.028,0.6398
SPADES SIX HEARTS TEN,0.4042,0.0268,0.569
DIAMONDS TWO SPADES JACK,0.4568,0.0184,0.5248
HEARTS ACE HEARTS TEN,0.3836,0.0046,0.6118
DIAMONDS ACE DIAMONDS SIX,0.3618,0.0058,0.6324
SPADES JACK DIAMONDS JACK,0.224,0.0474,0.7286
CLUBS KING CLUBS QUEEN,0.3888,0.0056,0.6056
SPADES SIX HEARTS JACK,0.4204,0.0208,0.5588
SPADES KING CLUBS FIVE,0.32,0.036,0.644
SPADES TEN CLUBS QUEEN,0.4016,0.0114,0.587
SPADES KING CLUBS ACE,0.4296,0.0052,0.5652
HEARTS KING HEARTS NINE,0.3846,0.0082,0.6072
CLUBS FOUR HEARTS QUEEN,0.3392,0.0426,0.6182
CLUBS FIVE HEARTS KING,0.321,0.0332,0.6458
SPADES THREE DIAMONDS NINE,0.4454,0.043,0.5116
DIAMONDS EIGHT DIAMONDS SIX,0.349,0.0694,0.5816
CLUBS TWO DIAMONDS EIGHT,0.4574,0.0664,0.4762
DIAMONDS ACE DIAMONDS TEN,0.3464,0.0052,0.6484
DIAMONDS JACK DIAMONDS NINE,0.3418,0.0234,0.6348
DIAMONDS TWO CLUBS KING,0.4552,0.0114,0.5334
SPADES FIVE HEARTS KING,0.3252,0.0396,0.6352
DIAMONDS THREE SPADES QUEEN,0.4544,0.0168,0.5288
SPADES JACK DIAMONDS NINE,0.3874,0.0194,0.5932
HEARTS JACK DIAMONDS SIX,0.3994,0.0218,0.5788
DIAMONDS THREE HEARTS NINE,0.44,0.0492,0.5108
HEARTS EIGHT HEARTS ACE,0.3874,0.0036,0.609
CLUBS NINE CLUBS SEVEN,0.3764,0.0376,0.586
CLUBS FOUR DIAMONDS EIGHT,0.3202,0.1474,0.5324
SPADES KING SPADES THREE,0.43,0.0124,0.5576
CLUBS SIX HEARTS QUEEN,0.4188,0.0168,0.5644
HEARTS SEVEN DIAMONDS TWO,0.4592,0.1026,0.4382
CLUBS TWO SPADES TWO,0.3746,0.1498,0.4756
SPADES QUEEN SPADES NINE,0.395,0.0098,0.5952
CLUBS SIX DIAMONDS EIGHT,0.376,0.0658,0.5582
HEARTS EIGHT SPADES FIVE,0.314,0.1364,0.5496
CLUBS EIGHT DIAMONDS TEN,0.3998,0.025,0.5752
SPADES SIX DIAMONDS KING,0.3954,0.0112,0.5934
SPADES ACE CLUBS JACK,0.4266,0.0052,0.5682
HEARTS EIGHT CLUBS FOUR,0.3282,0.139,0.5328
CLUBS FOUR DIAMONDS KING,0.3096,0.0324,0.658
HEARTS SEVEN SPADES QUEEN,0.4062,0.0128,0.581
HEARTS EIGHT DIAMONDS NINE,0.3784,0.037,0.5846
HEARTS EIGHT DIAMONDS SIX,0.372,0.0586,0.5694
SPADES KING HEARTS NINE,0.4058,0.0058,0.5884
CLUBS FOUR HEARTS NINE,0.3356,0.1078,0.5566
SPADES FIVE SPADES TWO,0.312,0.4392,0.2488
SPADES ACE SPADES QUEEN,0.3968,0.005,0.5982
SPADES TEN DIAMONDS SEVEN,0.4014,0.0292,0.5694
CLUBS EIGHT HEARTS KING,0.4278,0.0078,0.5644
DIAMONDS THREE HEARTS TWO,0.4946,0.2174,0.288
DIAMONDS NINE DIAMONDS SIX,0.3396,0.0464,0.614
SPADES ACE SPADES FOUR,0.2936,0.0224,0.684
SPADES SEVEN SPADES FOUR,0.296,0.1786,0.5254
SPADES SEVEN CLUBS ACE,0.419,0.0038,0.5772
HEARTS EIGHT HEARTS SIX,0.3704,0.0566,0.573
CLUBS NINE SPADES JACK,0.4122,0.0154,0.5724
HEARTS JACK HEARTS NINE,0.3874,0.018,0.5946
HEARTS ACE DIAMONDS SEVEN,0.4052,0.0052,0.5896
CLUBS EIGHT CLUBS THREE,0.4412,0.0602,0.4986
HEARTS THREE CLUBS KING,0.4596,0.0104,0.53
HEARTS ACE DIAMONDS TEN,0.3898,0.0052,0.605
DIAMONDS EIGHT HEARTS TEN,0.3888,0.0268,0.5844
HEARTS SIX HEARTS FOUR,0.284,0.2426,0.4734
SPADES JACK DIAMONDS SEVEN,0.3978,0.0196,0.5826
SPADES TEN CLUBS KING,0.409,0.0064,0.5846
CLUBS KING HEARTS TEN,0.418,0.0096,0.5724
CLUBS EIGHT SPADES SIX,0.409,0.0674,0.5236
CLUBS NINE CLUBS KING,0.383,0.0072,0.6098
SPADES ACE DIAMONDS TEN,0.3886,0.0052,0.6062
DIAMONDS ACE SPADES FIVE,0.3018,0.0236,0.6746
DIAMONDS ACE DIAMONDS EIGHT,0.359,0.0072,0.6338
CLUBS NINE DIAMONDS NINE,0.2152,0.0738,0.711
DIAMONDS KING DIAMONDS NINE,0.374,0.009,0.617
DIAMONDS QUEEN DIAMONDS SEVEN,0.3686,0.015,0.6164
HEARTS FIVE SPADES EIGHT,0.3108,0.1454,0.5438
CLUBS JACK CLUBS SEVEN,0.3864,0.0174,0.5962
HEARTS FIVE HEARTS TEN,0.3266,0.075,0.5984
HEARTS SEVEN SPADES SEVEN,0.2062,0.1124,0.6814
HEARTS EIGHT SPADES JACK,0.4092,0.0162,0.5746
SPADES TWO HEARTS JACK,0.4556,0.0226,0.5218
HEARTS EIGHT CLUBS EIGHT,0.216,0.0912,0.6928
HEARTS TWO SPADES TWO,0.3868,0.1438,0.4694
DIAMONDS KING HEARTS NINE,0.4024,0.006,0.5916
SPADES NINE SPADES TWO,0.4422,0.0372,0.5206
CLUBS FIVE DIAMONDS QUEEN,0.3208,0.0478,0.6314
SPADES KING DIAMONDS TEN,0.3924,0.0096,0.598
CLUBS FIVE DIAMONDS KING,0.314,0.039,0.647
CLUBS TEN CLUBS KING,0.373,0.0068,0.6202
HEARTS TWO CLUBS QUEEN,0.4676,0.0156,0.5168
HEARTS THREE DIAMONDS EIGHT,0.4652,0.0688,0.466
SPADES QUEEN SPADES SEVEN,0.39,0.0108,0.5992
HEARTS FOUR DIAMONDS SEVEN,0.2882,0.1904,0.5214
DIAMONDS ACE CLUBS KING,0.4088,0.0058,0.5854
HEARTS KING DIAMONDS SEVEN,0.4128,0.0092,0.578
HEARTS SEVEN SPADES EIGHT,0.393,0.054,0.553
CLUBS NINE HEARTS ACE,0.4112,0.0054,0.5834
SPADES KING CLUBS SEVEN,0.4022,0.0082,0.5896
CLUBS NINE CLUBS QUEEN,0.381,0.0112,0.6078
SPADES EIGHT CLUBS TWO,0.4596,0.0696,0.4708
DIAMONDS TWO CLUBS SEVEN,0.46,0.1014,0.4386
HEARTS FOUR DIAMONDS EIGHT,0.3104,0.1488,0.5408
CLUBS NINE DIAMONDS TEN,0.3732,0.0236,0.6032
DIAMONDS ACE HEARTS KING,0.3948,0.0058,0.5994
SPADES ACE DIAMONDS SIX,0.393,0.0052,0.6018
HEARTS ACE DIAMONDS SIX,0.397,0.0064,0.5966
SPADES EIGHT DIAMONDS SIX,0.3872,0.0644,0.5484
DIAMONDS TWO CLUBS SIX,0.435,0.1504,0.4146
DIAMONDS THREE SPADES SIX,0.435,0.1554,0.4096
CLUBS NINE DIAMONDS SIX,0.3812,0.049,0.5698
CLUBS FIVE HEARTS ACE,0.323,0.0276,0.6494
CLUBS SIX CLUBS QUEEN,0.3938,0.0116,0.5946
CLUBS NINE DIAMONDS QUEEN,0.3996,0.0098,0.5906
CLUBS FOUR DIAMONDS SIX,0.2688,0.2614,0.4698
SPADES QUEEN HEARTS FOUR,0.342,0.0452,0.6128
SPADES JACK CLUBS EIGHT,0.4238,0.0144,0.5618
SPADES QUEEN SPADES THREE,0.4482,0.0122,0.5396
SPADES TEN SPADES SEVEN,0.3766,0.025,0.5984
CLUBS FIVE CLUBS THREE,0.2986,0.454,0.2474
DIAMONDS THREE HEARTS QUEEN,0.4632,0.0122,0.5246
SPADES QUEEN SPADES SIX,0.4012,0.0114,0.5874
HEARTS QUEEN HEARTS TEN,0.3796,0.0128,0.6076
SPADES THREE DIAMONDS SEVEN,0.4458,0.0976,0.4566
CLUBS SIX DIAMONDS JACK,0.4026,0.0202,0.5772
DIAMONDS KING CLUBS TWO,0.4572,0.0104,0.5324
HEARTS JACK DIAMONDS EIGHT,0.3942,0.0192,0.5866
CLUBS TWO SPADES THREE,0.486,0.2308,0.2832
CLUBS FIVE SPADES TWO,0.3288,0.4692,0.202
CLUBS THREE HEARTS JACK,0.453,0.0202,0.5268
CLUBS JACK HEARTS FIVE,0.3262,0.0588,0.615
HEARTS FIVE DIAMONDS QUEEN,0.3188,0.047,0.6342
SPADES NINE DIAMONDS SIX,0.3858,0.0456,0.5686
DIAMONDS THREE SPADES NINE,0.446,0.042,0.512
SPADES NINE CLUBS FOUR,0.3298,0.0966,0.5736
HEARTS FOUR SPADES NINE,0.3178,0.1048,0.5774
DIAMONDS TWO SPADES THREE,0.5024,0.2344,0.2632
CLUBS THREE HEARTS TEN,0.4632,0.03,0.5068
SPADES QUEEN DIAMONDS SEVEN,0.4046,0.012,0.5834
SPADES ACE HEARTS FOUR,0.3134,0.0218,0.6648
SPADES KING CLUBS KING,0.2352,0.0182,0.7466
CLUBS NINE CLUBS SIX,0.3778,0.0394,0.5828
SPADES JACK HEARTS THREE,0.466,0.0202,0.5138
CLUBS NINE SPADES TEN,0.393,0.0204,0.5866
SPADES FOUR SPADES TWO,0.411,0.3422,0.2468
CLUBS TWO CLUBS KING,0.4282,0.0072,0.5646
HEARTS FIVE CLUBS SIX,0.28,0.257,0.463
HEARTS SEVEN CLUBS QUEEN,0.4244,0.0138,0.5618
HEARTS TWO HEARTS KING,0.4418,0.0092,0.549
HEARTS THREE DIAMONDS ACE,0.4344,0.0056,0.56
DIAMONDS JACK HEARTS NINE,0.3864,0.0158,0.5978
HEARTS ACE CLUBS QUEEN,0.4078,0.0044,0.5878
CLUBS SIX SPADES SIX,0.1836,0.1322,0.6842
HEARTS FIVE DIAMONDS NINE,0.2988,0.1068,0.5944
SPADES QUEEN CLUBS SIX,0.4126,0.0098,0.5776
SPADES EIGHT HEARTS NINE,0.4022,0.0426,0.5552
SPADES ACE DIAMONDS TWO,0.4436,0.007,0.5494
HEARTS TWO CLUBS FOUR,0.45,0.3418,0.2082
HEARTS QUEEN CLUBS ACE,0.4114,0.0038,0.5848
CLUBS TEN SPADES JACK,0.3956,0.0174,0.587
DIAMONDS THREE DIAMONDS EIGHT,0.4168,0.0672,0.516
SPADES JACK SPADES SEVEN,0.3786,0.0172,0.6042
CLUBS FIVE HEARTS NINE,0.323,0.1046,0.5724
HEARTS SIX HEARTS NINE,0.379,0.0392,0.5818
HEARTS ACE SPADES TWO,0.4494,0.004,0.5466
HEARTS SIX SPADES NINE,0.4034,0.0394,0.5572
DIAMONDS THREE SPADES EIGHT,0.4632,0.0602,0.4766
CLUBS NINE DIAMONDS EIGHT,0.3762,0.0418,0.582
CLUBS JACK HEARTS EIGHT,0.4168,0.0164,0.5668
HEARTS TWO DIAMONDS KING,0.4504,0.0126,0.537
DIAMONDS KING DIAMONDS EIGHT,0.3568,0.0084,0.6348
CLUBS SEVEN SPADES SEVEN,0.1928,0.1148,0.6924
DIAMONDS TEN HEARTS JACK,0.3822,0.0178,0.6
CLUBS TEN SPADES EIGHT,0.3934,0.0242,0.5824
SPADES THREE DIAMONDS SIX,0.4306,0.156,0.4134
CLUBS SEVEN CLUBS QUEEN,0.391,0.012,0.597
HEARTS SEVEN CLUBS SEVEN,0.2124,0.1112,0.6764
HEARTS TEN DIAMONDS SEVEN,0.388,0.028,0.584
CLUBS SIX SPADES THREE,0.4324,0.156,0.4116
DIAMONDS TWO SPADES NINE,0.4548,0.0448,0.5004
SPADES NINE DIAMONDS JACK,0.3872,0.017,0.5958
CLUBS JACK CLUBS KING,0.385,0.0066,0.6084
DIAMONDS QUEEN DIAMONDS SIX,0.3548,0.0146,0.6306
CLUBS TEN SPADES TWO,0.461,0.0306,0.5084
HEARTS QUEEN DIAMONDS SIX,0.4004,0.0116,0.588
CLUBS JACK SPADES NINE,0.4074,0.0138,0.5788
HEARTS ACE DIAMONDS EIGHT,0.4024,0.0066,0.591
HEARTS KING DIAMONDS NINE,0.4022,0.0074,0.5904
SPADES FIVE DIAMONDS NINE,0.3066,0.1088,0.5846
SPADES SIX HEARTS NINE,0.4106,0.04,0.5494
HEARTS KING HEARTS QUEEN,0.3832,0.009,0.6078
SPADES ACE SPADES SEVEN,0.388,0.0048,0.6072
SPADES EIGHT CLUBS KING,0.4224,0.0072,0.5704
SPADES THREE CLUBS KING,0.4532,0.0088,0.538
CLUBS JACK DIAMONDS TEN,0.3878,0.0166,0.5956
DIAMONDS TWO HEARTS THREE,0.478,0.2326,0.2894
CLUBS SIX HEARTS ACE,0.4068,0.0046,0.5886
DIAMONDS JACK DIAMONDS SEVEN,0.364,0.0208,0.6152
CLUBS TWO DIAMONDS SIX,0.4502,0.1588,0.391
HEARTS ACE HEARTS JACK,0.39,0.005,0.605
DIAMONDS QUEEN DIAMONDS NINE,0.3736,0.0138,0.6126
CLUBS EIGHT DIAMONDS KING,0.4028,0.0084,0.5888
SPADES NINE HEARTS QUEEN,0.4066,0.0114,0.582
SPADES KING CLUBS TWO,0.4678,0.0104,0.5218
CLUBS EIGHT HEARTS ACE,0.413,0.0038,0.5832
DIAMONDS THREE CLUBS TWO,0.4984,0.2222,0.2794
DIAMONDS TEN DIAMONDS SEVEN,0.3568,0.0284,0.6148
CLUBS FIVE CLUBS QUEEN,0.31,0.0474,0.6426
DIAMONDS TWO HEARTS ACE,0.4562,0.0064,0.5374
HEARTS SEVEN CLUBS FIVE,0.2904,0.1784,0.5312
SPADES EIGHT SPADES FIVE,0.2972,0.1418,0.561
HEARTS EIGHT CLUBS SIX,0.3954,0.061,0.5436
HEARTS TWO DIAMONDS TEN,0.4424,0.0358,0.5218
SPADES KING DIAMONDS ACE,0.405,0.006,0.589
SPADES TEN CLUBS SIX,0.434,0.0268,0.5392
CLUBS NINE HEARTS THREE,0.4626,0.0466,0.4908
HEARTS TEN CLUBS QUEEN,0.413,0.0104,0.5766
HEARTS SIX HEARTS JACK,0.3954,0.0182,0.5864
SPADES ACE DIAMONDS KING,0.4066,0.0056,0.5878
HEARTS FIVE CLUBS ACE,0.313,0.0222,0.6648
SPADES ACE CLUBS QUEEN,0.3988,0.0048,0.5964
DIAMONDS QUEEN HEARTS QUEEN,0.2248,0.0352,0.74
CLUBS THREE DIAMONDS JACK,0.4456,0.0206,0.5338
HEARTS TWO SPADES SIX,0.447,0.1524,0.4006
SPADES QUEEN HEARTS FIVE,0.3304,0.051,0.6186
DIAMONDS THREE HEARTS TEN,0.447,0.0262,0.5268
SPADES QUEEN CLUBS FOUR,0.338,0.0436,0.6184
CLUBS JACK HEARTS JACK,0.2248,0.0514,0.7238
HEARTS SIX HEARTS TEN,0.394,0.0262,0.5798
SPADES TEN HEARTS FOUR,0.3356,0.079,0.5854
SPADES FOUR HEARTS QUEEN,0.3356,0.0402,0.6242
CLUBS NINE HEARTS QUEEN,0.4082,0.0126,0.5792
CLUBS QUEEN HEARTS NINE,0.4158,0.01,0.5742
CLUBS SEVEN HEARTS FOUR,0.3056,0.2,0.4944
DIAMONDS QUEEN HEARTS ACE,0.3992,0.0048,0.596
SPADES EIGHT DIAMONDS TEN,0.3946,0.0272,0.5782
HEARTS EIGHT DIAMONDS THREE,0.4594,0.062,0.4786
CLUBS TEN SPADES NINE,0.385,0.0224,0.5926
SPADES EIGHT CLUBS ACE,0.4116,0.0054,0.583
DIAMONDS THREE CLUBS THREE,0.3792,0.1456,0.4752
CLUBS TEN CLUBS ACE,0.3846,0.0038,0.6116
CLUBS THREE HEARTS NINE,0.464,0.0444,0.4916
HEARTS ACE HEARTS KING,0.4024,0.0038,0.5938
DIAMONDS ACE DIAMONDS KING,0.3654,0.005,0.6296
SPADES TEN HEARTS THREE,0.4498,0.0284,0.5218
DIAMONDS EIGHT CLUBS KING,0.3982,0.0082,0.5936
DIAMONDS THREE DIAMONDS TWO,0.4854,0.2306,0.284
CLUBS SIX DIAMONDS SEVEN,0.3686,0.0902,0.5412
SPADES SIX DIAMONDS JACK,0.402,0.0204,0.5776
CLUBS SIX CLUBS ACE,0.3972,0.0048,0.598
CLUBS NINE HEARTS SIX,0.4088,0.0432,0.548
SPADES QUEEN SPADES JACK,0.379,0.0098,0.6112
CLUBS JACK SPADES EIGHT,0.4118,0.0172,0.571
DIAMONDS KING SPADES FIVE,0.3058,0.0374,0.6568
SPADES FIVE HEARTS QUEEN,0.3356,0.048,0.6164
HEARTS SEVEN CLUBS KING,0.4172,0.0084,0.5744
SPADES SEVEN HEARTS NINE,0.406,0.0378,0.5562
CLUBS SIX CLUBS THREE,0.4082,0.1476,0.4442
CLUBS TWO HEARTS NINE,0.4616,0.0468,0.4916
CLUBS TEN SPADES SIX,0.4164,0.0272,0.5564
SPADES JACK CLUBS SEVEN,0.4124,0.017,0.5706
DIAMONDS TWO SPADES FIVE,0.3232,0.4778,0.199
DIAMONDS SEVEN CLUBS QUEEN,0.4114,0.0142,0.5744
SPADES QUEEN DIAMONDS NINE,0.3888,0.0132,0.598
DIAMONDS THREE DIAMONDS JACK,0.41,0.0234,0.5666
SPADES EIGHT HEARTS TEN,0.4102,0.0248,0.565
DIAMONDS TWO HEARTS NINE,0.4478,0.0448,0.5074
HEARTS EIGHT HEARTS KING,0.3874,0.0086,0.604
HEARTS TWO SPADES FOUR,0.4404,0.35,0.2096
CLUBS JACK CLUBS THREE,0.4356,0.021,0.5434
SPADES KING DIAMONDS SEVEN,0.3948,0.011,0.5942
SPADES SEVEN DIAMONDS NINE,0.3816,0.0436,0.5748
SPADES TEN SPADES FIVE,0.3106,0.0788,0.6106
SPADES NINE DIAMONDS KING,0.3976,0.006,0.5964
CLUBS SEVEN DIAMONDS TEN,0.393,0.0258,0.5812
SPADES FIVE SPADES THREE,0.2918,0.4544,0.2538
CLUBS SEVEN SPADES FOUR,0.297,0.1952,0.5078
SPADES QUEEN DIAMONDS JACK,0.4022,0.0116,0.5862
CLUBS EIGHT CLUBS QUEEN,0.3956,0.0116,0.5928
SPADES JACK SPADES NINE,0.3796,0.0152,0.6052
CLUBS TEN DIAMONDS TWO,0.4636,0.03,0.5064
CLUBS EIGHT DIAMONDS EIGHT,0.207,0.0962,0.6968
SPADES SEVEN HEARTS KING,0.4112,0.0052,0.5836
DIAMONDS ACE CLUBS ACE,0.198,0.0052,0.7968
HEARTS SEVEN CLUBS TWO,0.4688,0.0978,0.4334
SPADES ACE HEARTS QUEEN,0.4216,0.0036,0.5748
SPADES EIGHT SPADES FOUR,0.3102,0.1388,0.551
SPADES KING CLUBS THREE,0.4586,0.0114,0.53
HEARTS SEVEN DIAMONDS QUEEN,0.3994,0.0138,0.5868
SPADES EIGHT HEARTS JACK,0.3988,0.0158,0.5854
DIAMONDS ACE SPADES FOUR,0.3002,0.0226,0.6772
HEARTS SIX CLUBS FIVE,0.2874,0.2602,0.4524
DIAMONDS ACE CLUBS TWO,0.434,0.0054,0.5606
SPADES KING HEARTS TWO,0.461,0.0086,0.5304
CLUBS FIVE CLUBS KING,0.3132,0.0352,0.6516
HEARTS THREE SPADES THREE,0.38,0.147,0.473
CLUBS TEN CLUBS TWO,0.442,0.0272,0.5308
HEARTS SIX DIAMONDS SEVEN,0.3638,0.1042,0.532
SPADES KING HEARTS JACK,0.4234,0.0088,0.5678
SPADES SIX DIAMONDS EIGHT,0.3896,0.0664,0.544
DIAMONDS TEN DIAMONDS EIGHT,0.3596,0.0292,0.6112
HEARTS EIGHT HEARTS SEVEN,0.362,0.056,0.582
DIAMONDS THREE CLUBS FOUR,0.4194,0.3658,0.2148
HEARTS ACE DIAMONDS JACK,0.4056,0.004,0.5904
HEARTS EIGHT HEARTS TWO,0.4368,0.0634,0.4998
HEARTS SEVEN DIAMONDS TEN,0.3938,0.0252,0.581
HEARTS TWO SPADES FIVE,0.3348,0.4638,0.2014
SPADES QUEEN CLUBS THREE,0.453,0.0154,0.5316
CLUBS FIVE HEARTS TEN,0.3368,0.0778,0.5854
SPADES TEN CLUBS THREE,0.4548,0.0318,0.5134
SPADES ACE SPADES JACK,0.3816,0.005,0.6134
SPADES KING CLUBS SIX,0.4166,0.0088,0.5746
CLUBS TEN DIAMONDS SEVEN,0.4108,0.0262,0.563
HEARTS QUEEN HEARTS JACK,0.4014,0.013,0.5856
CLUBS NINE DIAMONDS JACK,0.4064,0.015,0.5786
CLUBS FOUR SPADES THREE,0.4414,0.3504,0.2082
CLUBS THREE DIAMONDS SIX,0.4168,0.1512,0.432
CLUBS FOUR DIAMONDS JACK,0.3256,0.0542,0.6202
SPADES KING HEARTS KING,0.2282,0.0168,0.755
HEARTS EIGHT SPADES TEN,0.4086,0.024,0.5674
CLUBS EIGHT CLUBS SEVEN,0.3612,0.0536,0.5852
SPADES SEVEN CLUBS KING,0.4116,0.009,0.5794
CLUBS TEN HEARTS THREE,0.4722,0.029,0.4988
DIAMONDS THREE HEARTS JACK,0.4668,0.0214,0.5118
SPADES JACK SPADES SIX,0.3938,0.021,0.5852
HEARTS EIGHT SPADES SIX,0.3922,0.0618,0.546
HEARTS FOUR DIAMONDS QUEEN,0.327,0.043,0.63
DIAMONDS KING DIAMONDS QUEEN,0.3688,0.0084,0.6228
CLUBS SEVEN HEARTS TWO,0.4628,0.1004,0.4368
CLUBS TWO HEARTS ACE,0.454,0.0048,0.5412
CLUBS TEN HEARTS KING,0.4172,0.008,0.5748
SPADES SEVEN DIAMONDS TEN,0.3912,0.0262,0.5826
SPADES SEVEN DIAMONDS KING,0.3894,0.0082,0.6024
CLUBS NINE HEARTS FOUR,0.3258,0.0992,0.575
HEARTS SEVEN CLUBS EIGHT,0.403,0.0576,0.5394
CLUBS SEVEN CLUBS FOUR,0.2946,0.1866,0.5188
CLUBS NINE SPADES EIGHT,0.386,0.0368,0.5772
SPADES TEN CLUBS SEVEN,0.3952,0.0288,0.576
SPADES QUEEN HEARTS SIX,0.4346,0.0112,0.5542
CLUBS KING DIAMONDS SIX,0.4066,0.0094,0.584
CLUBS SIX DIAMONDS TEN,0.4064,0.0284,0.5652
CLUBS FOUR HEARTS JACK,0.3366,0.0574,0.606
HEARTS FIVE HEARTS NINE,0.2994,0.1044,0.5962
DIAMONDS EIGHT HEARTS NINE,0.3814,0.0374,0.5812
CLUBS TEN DIAMONDS SIX,0.3786,0.0294,0.592
SPADES NINE CLUBS TWO,0.4644,0.0458,0.4898
HEARTS EIGHT DIAMONDS KING,0.394,0.0072,0.5988
SPADES SEVEN HEARTS TEN,0.4162,0.0256,0.5582
HEARTS THREE CLUBS ACE,0.446,0.0036,0.5504
DIAMONDS ACE SPADES SIX,0.398,0.006,0.596
SPADES JACK DIAMONDS EIGHT,0.399,0.0154,0.5856
DIAMONDS TWO CLUBS TWO,0.3836,0.1402,0.4762
HEARTS FIVE CLUBS TWO,0.3258,0.4748,0.1994
CLUBS NINE DIAMONDS KING,0.3998,0.0072,0.593
DIAMONDS KING HEARTS TEN,0.3934,0.009,0.5976
CLUBS SEVEN CLUBS KING,0.3888,0.0078,0.6034
SPADES ACE DIAMONDS SEVEN,0.4072,0.0056,0.5872
CLUBS FOUR HEARTS TEN,0.3432,0.0782,0.5786
DIAMONDS KING SPADES TWO,0.4576,0.0102,0.5322
CLUBS SEVEN DIAMONDS EIGHT,0.3814,0.0542,0.5644
SPADES EIGHT DIAMONDS KING,0.4004,0.0072,0.5924
CLUBS EIGHT HEARTS FOUR,0.3124,0.1398,0.5478
CLUBS THREE CLUBS KING,0.4324,0.0092,0.5584
CLUBS JACK CLUBS QUEEN,0.4014,0.0106,0.588
DIAMONDS ACE HEARTS QUEEN,0.4064,0.0064,0.5872
SPADES EIGHT SPADES TWO,0.4336,0.0622,0.5042
CLUBS KING DIAMONDS SEVEN,0.4088,0.01,0.5812
CLUBS THREE CLUBS QUEEN,0.422,0.015,0.563
HEARTS THREE DIAMONDS QUEEN,0.4512,0.0154,0.5334
CLUBS SEVEN CLUBS ACE,0.3738,0.0058,0.6204
CLUBS THREE SPADES FIVE,0.322,0.4706,0.2074
HEARTS TWO HEARTS TEN,0.44,0.0274,0.5326
HEARTS EIGHT DIAMONDS JACK,0.4058,0.0194,0.5748
SPADES FOUR DIAMONDS TEN,0.3268,0.0736,0.5996
CLUBS TEN CLUBS FIVE,0.3178,0.0756,0.6066
SPADES ACE CLUBS SEVEN,0.4166,0.0042,0.5792
HEARTS TWO DIAMONDS JACK,0.449,0.026,0.525
SPADES TEN DIAMONDS ACE,0.41,0.0056,0.5844
DIAMONDS THREE CLUBS QUEEN,0.4422,0.0138,0.544
CLUBS TEN CLUBS THREE,0.43,0.0282,0.5418
DIAMONDS TEN DIAMONDS NINE,0.3358,0.026,0.6382
SPADES ACE DIAMONDS NINE,0.4128,0.0062,0.581
CLUBS JACK CLUBS TWO,0.4314,0.0246,0.544
CLUBS FIVE CLUBS ACE,0.3006,0.0236,0.6758
HEARTS EIGHT HEARTS FIVE,0.3032,0.1358,0.561
SPADES KING DIAMONDS JACK,0.4044,0.0082,0.5874
HEARTS EIGHT SPADES TWO,0.4694,0.0652,0.4654
CLUBS THREE DIAMONDS EIGHT,0.4588,0.0638,0.4774
DIAMONDS THREE DIAMONDS SEVEN,0.3926,0.107,0.5004
CLUBS EIGHT CLUBS KING,0.3896,0.0102,0.6002
HEARTS FOUR CLUBS FOUR,0.3266,0.114,0.5594
SPADES KING DIAMONDS QUEEN,0.3968,0.0084,0.5948
HEARTS TWO CLUBS THREE,0.5044,0.218,0.2776
HEARTS SEVEN HEARTS NINE,0.3802,0.036,0.5838
CLUBS NINE HEARTS TEN,0.3816,0.0264,0.592
CLUBS SEVEN CLUBS THREE,0.4182,0.097,0.4848
CLUBS TEN SPADES TEN,0.2436,0.063,0.6934
CLUBS EIGHT CLUBS FIVE,0.3034,0.1404,0.5562
CLUBS FOUR SPADES TWO,0.4518,0.3418,0.2064
SPADES FIVE CLUBS QUEEN,0.334,0.0484,0.6176
DIAMONDS JACK SPADES THREE,0.455,0.0172,0.5278
DIAMONDS TWO HEARTS JACK,0.4526,0.0234,0.524
HEARTS FIVE SPADES TWO,0.3458,0.4632,0.191
HEARTS SEVEN DIAMONDS JACK,0.3954,0.0198,0.5848
HEARTS FIVE DIAMONDS TEN,0.3172,0.085,0.5978
CLUBS SIX DIAMONDS ACE,0.3972,0.0068,0.596
HEARTS JACK CLUBS KING,0.4076,0.0066,0.5858
HEARTS THREE HEARTS TWO,0.4608,0.2046,0.3346
HEARTS QUEEN DIAMONDS EIGHT,0.3896,0.0148,0.5956
HEARTS THREE HEARTS JACK,0.4254,0.02,0.5546
DIAMONDS TWO CLUBS FOUR,0.4382,0.3476,0.2142
SPADES NINE DIAMONDS NINE,0.2156,0.0834,0.701
HEARTS SEVEN SPADES TEN,0.4104,0.026,0.5636
HEARTS FOUR SPADES SEVEN,0.3058,0.1984,0.4958
SPADES JACK CLUBS FIVE,0.329,0.0616,0.6094
SPADES SEVEN DIAMONDS QUEEN,0.386,0.0134,0.6006
CLUBS NINE DIAMONDS ACE,0.3916,0.0056,0.6028
CLUBS SIX CLUBS TWO,0.4232,0.1462,0.4306
CLUBS EIGHT HEARTS JACK,0.417,0.0182,0.5648
CLUBS SEVEN HEARTS JACK,0.4182,0.0176,0.5642
HEARTS SIX SPADES TWO,0.4612,0.154,0.3848
CLUBS JACK HEARTS FOUR,0.329,0.0574,0.6136
CLUBS SIX HEARTS NINE,0.4004,0.0428,0.5568
HEARTS SEVEN SPADES SIX,0.3724,0.0972,0.5304
DIAMONDS QUEEN DIAMONDS EIGHT,0.3652,0.0144,0.6204
CLUBS EIGHT HEARTS QUEEN,0.4194,0.0106,0.57
CLUBS FOUR HEARTS KING,0.3376,0.0348,0.6276
DIAMONDS TWO DIAMONDS NINE,0.4138,0.042,0.5442
CLUBS EIGHT SPADES TEN,0.3998,0.0246,0.5756
SPADES SIX DIAMONDS SEVEN,0.3544,0.0978,0.5478
SPADES NINE CLUBS FIVE,0.3218,0.0998,0.5784
CLUBS SEVEN SPADES EIGHT,0.4056,0.059,0.5354
DIAMONDS THREE CLUBS NINE,0.453,0.048,0.499
SPADES NINE CLUBS THREE,0.4524,0.0492,0.4984
HEARTS SIX DIAMONDS SIX,0.179,0.122,0.699
SPADES NINE HEARTS ACE,0.422,0.0052,0.5728
CLUBS JACK SPADES FOUR,0.3358,0.0584,0.6058
DIAMONDS JACK CLUBS QUEEN,0.398,0.0134,0.5886
HEARTS JACK DIAMONDS SEVEN,0.398,0.017,0.585
HEARTS FOUR CLUBS QUEEN,0.3392,0.0438,0.617
DIAMONDS ACE CLUBS QUEEN,0.396,0.0074,0.5966
CLUBS TWO HEARTS TEN,0.4588,0.0292,0.512
SPADES NINE SPADES SEVEN,0.3794,0.0382,0.5824
DIAMONDS TWO HEARTS TWO,0.3876,0.1426,0.4698
DIAMONDS THREE SPADES JACK,0.4686,0.02,0.5114
HEARTS SEVEN SPADES NINE,0.3998,0.0354,0.5648
HEARTS QUEEN DIAMONDS SEVEN,0.4076,0.0116,0.5808
SPADES ACE HEARTS FIVE,0.3178,0.0234,0.6588
HEARTS FOUR SPADES SIX,0.2862,0.2642,0.4496
HEARTS EIGHT SPADES FOUR,0.326,0.1334,0.5406
SPADES EIGHT CLUBS THREE,0.4488,0.063,0.4882
DIAMONDS QUEEN CLUBS ACE,0.4032,0.0058,0.591
DIAMONDS THREE HEARTS THREE,0.3778,0.1466,0.4756
DIAMONDS ACE CLUBS THREE,0.443,0.0074,0.5496
SPADES KING DIAMONDS NINE,0.396,0.009,0.595
SPADES JACK DIAMONDS ACE,0.405,0.0044,0.5906
SPADES NINE DIAMONDS TEN,0.377,0.026,0.597
CLUBS TWO HEARTS JACK,0.46,0.0226,0.5174
SPADES TEN SPADES NINE,0.3768,0.022,0.6012
CLUBS NINE CLUBS THREE,0.4306,0.0424,0.527
HEARTS SEVEN HEARTS ACE,0.3774,0.007,0.6156
DIAMONDS THREE CLUBS TEN,0.4574,0.0318,0.5108
HEARTS SEVEN HEARTS SIX,0.3686,0.0886,0.5428
HEARTS SEVEN DIAMONDS SIX,0.3752,0.0922,0.5326
SPADES THREE SPADES TWO,0.4544,0.2046,0.341
SPADES KING CLUBS EIGHT,0.4138,0.0088,0.5774
SPADES QUEEN HEARTS NINE,0.4102,0.0106,0.5792
HEARTS EIGHT DIAMONDS SEVEN,0.3746,0.0592,0.5662
CLUBS TEN HEARTS JACK,0.4048,0.0124,0.5828
CLUBS TWO DIAMONDS TEN,0.452,0.0316,0.5164
DIAMONDS KING DIAMONDS SIX,0.3804,0.0108,0.6088
HEARTS SIX SPADES TEN,0.4236,0.026,0.5504
CLUBS TEN SPADES FOUR,0.3424,0.072,0.5856
CLUBS SEVEN HEARTS TEN,0.4034,0.0308,0.5658
SPADES FIVE HEARTS ACE,0.3174,0.0192,0.6634
CLUBS THREE HEARTS ACE,0.446,0.0032,0.5508
DIAMONDS TWO SPADES SIX,0.4508,0.1426,0.4066
DIAMONDS THREE DIAMONDS SIX,0.3898,0.1444,0.4658
CLUBS TEN HEARTS TWO,0.4648,0.0282,0.507
HEARTS FIVE DIAMONDS ACE,0.2912,0.0256,0.6832
DIAMONDS TWO HEARTS FIVE,0.32,0.4824,0.1976
HEARTS TWO DIAMONDS ACE,0.4596,0.0084,0.532
SPADES TEN HEARTS QUEEN,0.4192,0.009,0.5718
SPADES SIX HEARTS QUEEN,0.4086,0.013,0.5784
HEARTS SEVEN SPADES FOUR,0.319,0.183,0.498
SPADES FIVE DIAMONDS SIX,0.2666,0.2542,0.4792
CLUBS THREE SPADES TWO,0.5008,0.2308,0.2684
SPADES SIX CLUBS TWO,0.4676,0.152,0.3804
HEARTS SEVEN HEARTS KING,0.3926,0.0072,0.6002
CLUBS ACE DIAMONDS EIGHT,0.3944,0.0044,0.6012
HEARTS FIVE CLUBS THREE,0.3066,0.4904,0.203
SPADES QUEEN CLUBS KING,0.4164,0.0072,0.5764
SPADES JACK HEARTS QUEEN,0.4078,0.013,0.5792
DIAMONDS JACK HEARTS TEN,0.3912,0.0126,0.5962
SPADES JACK SPADES FIVE,0.309,0.0648,0.6262
HEARTS TWO HEARTS ACE,0.4352,0.0082,0.5566
CLUBS EIGHT HEARTS TWO,0.451,0.0696,0.4794
DIAMONDS TWO DIAMONDS TEN,0.4142,0.0316,0.5542
CLUBS NINE CLUBS EIGHT,0.3656,0.0336,0.6008
CLUBS SIX HEARTS TEN,0.4138,0.0314,0.5548
DIAMONDS JACK HEARTS KING,0.401,0.0068,0.5922
SPADES FIVE DIAMONDS TEN,0.3196,0.0762,0.6042
CLUBS JACK CLUBS FOUR,0.3188,0.057,0.6242
CLUBS FIVE SPADES SEVEN,0.2976,0.196,0.5064
CLUBS EIGHT SPADES NINE,0.3954,0.0406,0.564
SPADES TEN SPADES SIX,0.3902,0.0254,0.5844
HEARTS EIGHT CLUBS KING,0.4168,0.0066,0.5766
HEARTS THREE DIAMONDS NINE,0.4386,0.0412,0.5202
HEARTS TWO DIAMONDS QUEEN,0.4464,0.0172,0.5364
CLUBS QUEEN DIAMONDS SIX,0.3932,0.0136,0.5932
CLUBS TEN HEARTS TEN,0.2356,0.0636,0.7008
DIAMONDS KING SPADES FOUR,0.3286,0.0324,0.639
SPADES FOUR HEARTS NINE,0.3256,0.1058,0.5686
CLUBS JACK HEARTS QUEEN,0.4034,0.0084,0.5882
HEARTS SIX DIAMONDS QUEEN,0.4086,0.0134,0.578
HEARTS THREE SPADES FIVE,0.2914,0.4926,0.216
CLUBS JACK HEARTS KING,0.43,0.0102,0.5598
CLUBS EIGHT DIAMONDS JACK,0.3984,0.0216,0.58
SPADES NINE HEARTS THREE,0.459,0.0452,0.4958
HEARTS FOUR CLUBS SIX,0.2848,0.2578,0.4574
HEARTS SEVEN HEARTS FIVE,0.287,0.1858,0.5272
CLUBS TEN DIAMONDS EIGHT,0.3922,0.0296,0.5782
DIAMONDS THREE HEARTS FIVE,0.3062,0.4902,0.2036
SPADES ACE HEARTS EIGHT,0.4178,0.0042,0.578
HEARTS FIVE SPADES NINE,0.3184,0.1066,0.575
SPADES FOUR DIAMONDS SEVEN,0.2866,0.193,0.5204
HEARTS FOUR SPADES TWO,0.4406,0.3528,0.2066
DIAMONDS THREE DIAMONDS QUEEN,0.4156,0.0136,0.5708
DIAMONDS TWO SPADES TEN,0.4488,0.0276,0.5236
SPADES SEVEN SPADES FIVE,0.2838,0.1838,0.5324
HEARTS THREE DIAMONDS KING,0.4352,0.0112,0.5536
HEARTS TWO DIAMONDS SEVEN,0.4492,0.101,0.4498
HEARTS TWO HEARTS JACK,0.4428,0.0188,0.5384
CLUBS SEVEN HEARTS NINE,0.412,0.038,0.55
SPADES SEVEN DIAMONDS ACE,0.4038,0.0048,0.5914
HEARTS SIX CLUBS FOUR,0.3016,0.262,0.4364
HEARTS THREE CLUBS FOUR,0.4508,0.339,0.2102
SPADES SIX SPADES THREE,0.4132,0.1322,0.4546
HEARTS THREE SPADES TWO,0.4956,0.2354,0.269
DIAMONDS TWO CLUBS ACE,0.4498,0.0054,0.5448
SPADES TWO DIAMONDS SEVEN,0.4506,0.102,0.4474
CLUBS TWO CLUBS QUEEN,0.4388,0.0104,0.5508
CLUBS NINE CLUBS FIVE,0.3002,0.1026,0.5972
HEARTS FOUR HEARTS QUEEN,0.3158,0.0518,0.6324
HEARTS FIVE DIAMONDS EIGHT,0.3038,0.1468,0.5494
CLUBS FIVE DIAMONDS SEVEN,0.2884,0.1854,0.5262
HEARTS JACK CLUBS QUEEN,0.4032,0.0098,0.587
HEARTS FIVE CLUBS QUEEN,0.3284,0.0478,0.6238
HEARTS FIVE CLUBS SEVEN,0.312,0.189,0.499
HEARTS FOUR DIAMONDS SIX,0.2704,0.269,0.4606
SPADES SEVEN HEARTS QUEEN,0.4308,0.014,0.5552
HEARTS FIVE DIAMONDS SEVEN,0.2788,0.201,0.5202
CLUBS EIGHT HEARTS NINE,0.4066,0.0368,0.5566
DIAMONDS JACK DIAMONDS EIGHT,0.36,0.0214,0.6186
SPADES TWO HEARTS TEN,0.4558,0.029,0.5152
DIAMONDS QUEEN CLUBS KING,0.3936,0.0062,0.6002
CLUBS TEN CLUBS NINE,0.365,0.023,0.612
DIAMONDS NINE DIAMONDS SEVEN,0.3464,0.0458,0.6078
DIAMONDS THREE CLUBS FIVE,0.295,0.4924,0.2126
SPADES FOUR DIAMONDS JACK,0.3232,0.0578,0.619
HEARTS SIX SPADES SIX,0.1848,0.1188,0.6964
SPADES TWO HEARTS QUEEN,0.4728,0.0146,0.5126
SPADES ACE HEARTS SEVEN,0.4154,0.005,0.5796
HEARTS EIGHT HEARTS FOUR,0.3008,0.1348,0.5644
DIAMONDS TWO CLUBS EIGHT,0.4662,0.0572,0.4766
CLUBS JACK HEARTS TWO,0.4684,0.0188,0.5128
HEARTS ACE CLUBS KING,0.4094,0.0034,0.5872
HEARTS KING SPADES TWO,0.4616,0.0094,0.529
HEARTS ACE HEARTS NINE,0.391,0.0064,0.6026
SPADES QUEEN CLUBS EIGHT,0.4152,0.0134,0.5714
HEARTS KING CLUBS ACE,0.4158,0.0054,0.5788
SPADES SEVEN DIAMONDS JACK,0.4214,0.0206,0.558
DIAMONDS QUEEN CLUBS QUEEN,0.2168,0.0352,0.748
DIAMONDS TWO DIAMONDS ACE,0.4044,0.0068,0.5888
DIAMONDS SEVEN DIAMONDS SIX,0.3326,0.0988,0.5686
CLUBS FIVE SPADES THREE,0.314,0.478,0.208
DIAMONDS TWO HEARTS SIX,0.4444,0.1576,0.398
DIAMONDS TWO HEARTS QUEEN,0.4622,0.0184,0.5194
SPADES QUEEN CLUBS SEVEN,0.428,0.0116,0.5604
DIAMONDS THREE SPADES THREE,0.377,0.1478,0.4752
CLUBS JACK DIAMONDS THREE,0.4578,0.0212,0.521
CLUBS TEN DIAMONDS JACK,0.3954,0.0146,0.59
HEARTS EIGHT HEARTS QUEEN,0.3916,0.0112,0.5972
SPADES SEVEN SPADES THREE,0.4276,0.0892,0.4832
SPADES JACK CLUBS SIX,0.4278,0.0172,0.555
CLUBS JACK HEARTS SIX,0.4112,0.019,0.5698
HEARTS FIVE DIAMONDS JACK,0.3158,0.0608,0.6234
HEARTS FOUR CLUBS KING,0.328,0.0332,0.6388
CLUBS FOUR DIAMONDS TEN,0.3182,0.0796,0.6022
SPADES KING SPADES QUEEN,0.3842,0.0086,0.6072
HEARTS THREE HEARTS QUEEN,0.4256,0.0122,0.5622
CLUBS FIVE SPADES FIVE,0.1666,0.1218,0.7116
HEARTS SEVEN DIAMONDS KING,0.4002,0.0104,0.5894
DIAMONDS THREE DIAMONDS NINE,0.4022,0.044,0.5538
CLUBS SEVEN DIAMONDS ACE,0.4024,0.0036,0.594
CLUBS FOUR HEARTS ACE,0.3156,0.0226,0.6618
CLUBS TEN HEARTS FOUR,0.326,0.0798,0.5942
HEARTS FOUR DIAMONDS JACK,0.316,0.0574,0.6266
HEARTS FOUR SPADES THREE,0.454,0.3396,0.2064
SPADES JACK DIAMONDS KING,0.4084,0.009,0.5826
SPADES QUEEN SPADES FOUR,0.3184,0.0426,0.639
DIAMONDS JACK DIAMONDS TEN,0.337,0.0162,0.6468
SPADES QUEEN SPADES FIVE,0.3036,0.048,0.6484
CLUBS SIX CLUBS FIVE,0.2838,0.2474,0.4688
SPADES TEN DIAMONDS EIGHT,0.3902,0.0256,0.5842
SPADES KING CLUBS TEN,0.4066,0.0096,0.5838
SPADES SEVEN HEARTS JACK,0.408,0.019,0.573
HEARTS EIGHT SPADES KING,0.4274,0.0086,0.564
CLUBS FIVE HEARTS TWO,0.3326,0.4686,0.1988
HEARTS THREE CLUBS TWO,0.5074,0.224,0.2686
HEARTS FIVE HEARTS JACK,0.3096,0.058,0.6324
HEARTS THREE CLUBS QUEEN,0.4642,0.0154,0.5204
HEARTS SIX DIAMONDS ACE,0.4068,0.0052,0.588
CLUBS SEVEN SPADES TWO,0.4602,0.097,0.4428
CLUBS FOUR CLUBS ACE,0.2928,0.0192,0.688
SPADES SEVEN DIAMONDS SEVEN,0.1888,0.111,0.7002
SPADES THREE HEARTS TEN,0.4614,0.0312,0.5074
DIAMONDS KING DIAMONDS JACK,0.3534,0.0084,0.6382
DIAMONDS TWO CLUBS FIVE,0.3164,0.479,0.2046
SPADES EIGHT HEARTS KING,0.4156,0.0058,0.5786
CLUBS TEN SPADES FIVE,0.3308,0.0798,0.5894
DIAMONDS THREE DIAMONDS ACE,0.3994,0.0068,0.5938
SPADES QUEEN HEARTS THREE,0.4614,0.0118,0.5268
CLUBS JACK SPADES SEVEN,0.411,0.0168,0.5722
CLUBS SIX DIAMONDS SIX,0.1736,0.1216,0.7048
SPADES SEVEN SPADES SIX,0.366,0.0864,0.5476
DIAMONDS JACK HEARTS JACK,0.2236,0.0534,0.723
SPADES THREE CLUBS QUEEN,0.4664,0.0132,0.5204
SPADES ACE SPADES FIVE,0.2988,0.0318,0.6694
SPADES JACK CLUBS TWO,0.4598,0.017,0.5232
HEARTS FIVE CLUBS KING,0.3196,0.0344,0.646
DIAMONDS ACE HEARTS JACK,0.397,0.0074,0.5956
HEARTS FIVE DIAMONDS KING,0.31,0.0366,0.6534
CLUBS EIGHT DIAMONDS ACE,0.4016,0.0054,0.593
HEARTS SEVEN CLUBS FOUR,0.3214,0.1896,0.489
HEARTS TWO CLUBS KING,0.4576,0.0122,0.5302
SPADES TEN DIAMONDS KING,0.398,0.0086,0.5934
CLUBS JACK SPADES TEN,0.4054,0.0116,0.583
CLUBS SEVEN HEARTS KING,0.4136,0.0058,0.5806
CLUBS ACE CLUBS KING,0.4026,0.0048,0.5926
DIAMONDS TEN CLUBS KING,0.4014,0.0082,0.5904
HEARTS FOUR CLUBS TWO,0.4484,0.3456,0.206
SPADES EIGHT CLUBS FOUR,0.3228,0.1466,0.5306
DIAMONDS KING CLUBS ACE,0.3944,0.0084,0.5972
CLUBS TEN CLUBS QUEEN,0.3978,0.0108,0.5914
SPADES QUEEN HEARTS TWO,0.461,0.017,0.522
HEARTS FOUR DIAMONDS TEN,0.3116,0.0786,0.6098
HEARTS EIGHT SPADES QUEEN,0.4128,0.0112,0.576
SPADES FIVE DIAMONDS SEVEN,0.2768,0.197,0.5262
CLUBS JACK DIAMONDS SEVEN,0.399,0.019,0.582
CLUBS JACK SPADES THREE,0.4716,0.0182,0.5102
HEARTS TWO SPADES THREE,0.506,0.2324,0.2616
HEARTS SIX DIAMONDS EIGHT,0.3766,0.0642,0.5592
HEARTS SIX CLUBS KING,0.4068,0.0114,0.5818
CLUBS FIVE CLUBS FOUR,0.0696,0.8578,0.0726
