opposingHand,winningChance,drawChance,lostChance
DIAMONDS TWO DIAMONDS TEN
DIAMONDS THREE SPADES FIVE,0.5666,0.0344,0.399
CLUBS TWO HEARTS QUEEN,0.277,0.0416,0.6814
SPADES QUEEN HEARTS QUEEN,0.1936,0.0122,0.7942
SPADES QUEEN CLUBS SIX,0.4006,0.0096,0.5898
SPADES KING CLUBS FIVE,0.3916,0.0102,0.5982
HEARTS FIVE SPADES THREE,0.5848,0.0314,0.3838
HEARTS ACE DIAMONDS SIX,0.3938,0.0036,0.6026
CLUBS FOUR DIAMONDS ACE,0.3682,0.0054,0.6264
SPADES KING DIAMONDS FIVE,0.3946,0.0092,0.5962
SPADES JACK SPADES FOUR,0.3734,0.0198,0.6068
CLUBS SEVEN SPADES FOUR,0.5794,0.0274,0.3932
HEARTS FOUR CLUBS SIX,0.5836,0.0264,0.39
SPADES THREE DIAMONDS SIX,0.5856,0.0308,0.3836
DIAMONDS FOUR HEARTS TEN,0.252,0.4838,0.2642
SPADES TWO HEARTS QUEEN,0.2892,0.0388,0.672
HEARTS SEVEN CLUBS ACE,0.3996,0.004,0.5964
SPADES JACK HEARTS TEN,0.2652,0.0528,0.682
HEARTS EIGHT SPADES THREE,0.6102,0.0308,0.359
CLUBS TEN HEARTS TWO,0.0764,0.9028,0.0208
DIAMONDS QUEEN DIAMONDS EIGHT,0.3312,0.011,0.6578
HEARTS SIX DIAMONDS ACE,0.3864,0.0042,0.6094
SPADES FOUR SPADES THREE,0.5506,0.027,0.4224
HEARTS FOUR SPADES TWO,0.6742,0.0708,0.255
HEARTS JACK HEARTS TEN,0.2664,0.0502,0.6834
DIAMONDS KING DIAMONDS SIX,0.3418,0.0084,0.6498
SPADES NINE HEARTS KING,0.3784,0.0074,0.6142
CLUBS JACK SPADES FOUR,0.3996,0.0156,0.5848
CLUBS FIVE CLUBS THREE,0.5556,0.027,0.4174
CLUBS JACK DIAMONDS EIGHT,0.369,0.0182,0.6128
CLUBS SIX CLUBS THREE,0.5388,0.0326,0.4286
SPADES ACE DIAMONDS SIX,0.3926,0.0044,0.603
DIAMONDS KING HEARTS TEN,0.2508,0.0342,0.715
SPADES SEVEN DIAMONDS QUEEN,0.3768,0.0116,0.6116
SPADES JACK CLUBS TWO,0.271,0.0498,0.6792
HEARTS FOUR SPADES THREE,0.5914,0.0306,0.378
SPADES NINE HEARTS JACK,0.3772,0.0128,0.61
HEARTS EIGHT SPADES SIX,0.5794,0.0248,0.3958
HEARTS THREE HEARTS TWO,0.639,0.069,0.292
DIAMONDS FOUR CLUBS TWO,0.6738,0.0736,0.2526
CLUBS JACK CLUBS FOUR,0.3728,0.0188,0.6084
HEARTS FIVE HEARTS TWO,0.6322,0.066,0.3018
HEARTS FIVE SPADES TEN,0.2658,0.4426,0.2916
CLUBS SIX DIAMONDS ACE,0.3892,0.0036,0.6072
CLUBS FIVE DIAMONDS KING,0.3932,0.007,0.5998
CLUBS TEN DIAMONDS KING,0.2542,0.0374,0.7084
HEARTS EIGHT HEARTS FOUR,0.547,0.0268,0.4262
SPADES EIGHT DIAMONDS JACK,0.367,0.0148,0.6182
CLUBS FIVE DIAMONDS ACE,0.3814,0.0058,0.6128
DIAMONDS THREE CLUBS SIX,0.579,0.0346,0.3864
HEARTS SEVEN DIAMONDS KING,0.3844,0.0072,0.6084
SPADES SIX DIAMONDS KING,0.3988,0.0066,0.5946
CLUBS FIVE SPADES THREE,0.5982,0.0262,0.3756
CLUBS SIX HEARTS TEN,0.2654,0.3562,0.3784
HEARTS THREE CLUBS ACE,0.4,0.0048,0.5952
CLUBS TWO DIAMONDS FIVE,0.6714,0.0752,0.2534
HEARTS EIGHT SPADES SEVEN,0.5602,0.0272,0.4126
SPADES SIX SPADES TWO,0.6566,0.0622,0.2812
SPADES JACK DIAMONDS EIGHT,0.3722,0.019,0.6088
SPADES SEVEN SPADES TWO,0.6654,0.059,0.2756
SPADES QUEEN HEARTS JACK,0.3394,0.0086,0.652
HEARTS EIGHT CLUBS THREE,0.6036,0.028,0.3684
CLUBS JACK HEARTS FOUR,0.391,0.0182,0.5908
CLUBS TEN HEARTS THREE,0.2614,0.4906,0.248
HEARTS KING CLUBS KING,0.1742,0.0102,0.8156
DIAMONDS THREE HEARTS TWO,0.6732,0.0782,0.2486
DIAMONDS THREE DIAMONDS EIGHT,0.6084,0.0238,0.3678
HEARTS FIVE SPADES EIGHT,0.5938,0.0278,0.3784
CLUBS NINE DIAMONDS SEVEN,0.5536,0.0244,0.422
CLUBS SIX SPADES FOUR,0.5808,0.0316,0.3876
CLUBS JACK SPADES JACK,0.1896,0.0226,0.7878
SPADES TEN HEARTS NINE,0.276,0.163,0.561
HEARTS ACE HEARTS JACK,0.3276,0.0028,0.6696
CLUBS EIGHT SPADES SIX,0.5648,0.0254,0.4098
CLUBS FOUR SPADES TWO,0.6776,0.0744,0.248
HEARTS SEVEN HEARTS FIVE,0.5372,0.027,0.4358
CLUBS EIGHT DIAMONDS ACE,0.369,0.0046,0.6264
SPADES TEN CLUBS THREE,0.2566,0.4968,0.2466
DIAMONDS JACK HEARTS JACK,0.1654,0.0244,0.8102
SPADES NINE DIAMONDS SEVEN,0.563,0.0268,0.4102
HEARTS SEVEN DIAMONDS ACE,0.3774,0.004,0.6186
HEARTS ACE CLUBS QUEEN,0.354,0.0036,0.6424
CLUBS FIVE DIAMONDS SEVEN,0.5672,0.0272,0.4056
CLUBS FIVE SPADES TWO,0.681,0.0704,0.2486
HEARTS TWO SPADES TWO,0.3338,0.0398,0.6264
HEARTS SIX CLUBS THREE,0.5922,0.0256,0.3822
DIAMONDS FOUR DIAMONDS SIX,0.5698,0.0316,0.3986
SPADES SEVEN DIAMONDS KING,0.3764,0.0084,0.6152
CLUBS JACK HEARTS TEN,0.2784,0.0466,0.675
SPADES NINE SPADES TWO,0.6684,0.066,0.2656
SPADES QUEEN SPADES TWO,0.2698,0.0354,0.6948
SPADES SIX CLUBS KING,0.4006,0.005,0.5944
CLUBS FOUR DIAMONDS JACK,0.3842,0.0204,0.5954
HEARTS KING CLUBS QUEEN,0.358,0.0066,0.6354
HEARTS THREE HEARTS TEN,0.2526,0.4548,0.2926
SPADES TEN DIAMONDS ACE,0.2602,0.0254,0.7144
DIAMONDS QUEEN SPADES TWO,0.2652,0.0402,0.6946
CLUBS THREE SPADES TWO,0.6842,0.068,0.2478
SPADES KING HEARTS TEN,0.262,0.0386,0.6994
CLUBS EIGHT HEARTS JACK,0.3754,0.016,0.6086
HEARTS KING HEARTS NINE,0.36,0.007,0.633
SPADES JACK HEARTS TWO,0.2812,0.0542,0.6646
HEARTS FIVE CLUBS FOUR,0.5764,0.0272,0.3964
DIAMONDS KING DIAMONDS NINE,0.3356,0.0088,0.6556
SPADES FIVE DIAMONDS FIVE,0.3206,0.0614,0.618
DIAMONDS ACE HEARTS KING,0.332,0.008,0.66
SPADES KING SPADES SIX,0.3766,0.006,0.6174
HEARTS ACE HEARTS TEN,0.256,0.0264,0.7176
SPADES EIGHT HEARTS KING,0.4034,0.0054,0.5912
DIAMONDS EIGHT HEARTS JACK,0.3682,0.0176,0.6142
DIAMONDS FOUR CLUBS ACE,0.3866,0.0058,0.6076
HEARTS TWO SPADES THREE,0.6846,0.0708,0.2446
SPADES JACK SPADES TWO,0.2736,0.052,0.6744
CLUBS JACK DIAMONDS JACK,0.1722,0.0244,0.8034
CLUBS TEN DIAMONDS SEVEN,0.2442,0.283,0.4728
HEARTS SEVEN SPADES SEVEN,0.3174,0.0528,0.6298
DIAMONDS THREE DIAMONDS JACK,0.3272,0.0214,0.6514
CLUBS EIGHT HEARTS ACE,0.3928,0.0036,0.6036
SPADES JACK SPADES SEVEN,0.3766,0.0168,0.6066
SPADES JACK SPADES FIVE,0.3754,0.0184,0.6062
CLUBS NINE HEARTS SIX,0.579,0.025,0.396
HEARTS TWO DIAMONDS EIGHT,0.695,0.0762,0.2288
DIAMONDS THREE SPADES SEVEN,0.5986,0.0274,0.374
HEARTS TWO CLUBS TWO,0.3248,0.0484,0.6268
DIAMONDS ACE CLUBS KING,0.344,0.0064,0.6496
SPADES QUEEN SPADES JACK,0.324,0.0086,0.6674
CLUBS NINE SPADES FOUR,0.6076,0.0294,0.363
HEARTS FOUR CLUBS QUEEN,0.394,0.0114,0.5946
SPADES KING HEARTS TWO,0.2842,0.0278,0.688
CLUBS JACK HEARTS QUEEN,0.3344,0.009,0.6566
SPADES ACE CLUBS NINE,0.3962,0.005,0.5988
SPADES EIGHT HEARTS TEN,0.275,0.204,0.521
HEARTS THREE HEARTS ACE,0.3734,0.0052,0.6214
HEARTS FOUR HEARTS TEN,0.2558,0.4474,0.2968
CLUBS TWO DIAMONDS EIGHT,0.6952,0.0746,0.2302
SPADES JACK SPADES TEN,0.259,0.0564,0.6846
HEARTS SEVEN DIAMONDS SEVEN,0.3174,0.053,0.6296
HEARTS EIGHT HEARTS SIX,0.5396,0.0224,0.438
DIAMONDS ACE SPADES FIVE,0.3786,0.0052,0.6162
HEARTS EIGHT CLUBS SEVEN,0.5648,0.0278,0.4074
HEARTS THREE DIAMONDS NINE,0.5842,0.0296,0.3862
HEARTS SIX CLUBS EIGHT,0.573,0.0262,0.4008
HEARTS SEVEN HEARTS ACE,0.3732,0.0032,0.6236
DIAMONDS FOUR DIAMONDS FIVE,0.5592,0.0294,0.4114
CLUBS THREE HEARTS ACE,0.3934,0.0052,0.6014
DIAMONDS FOUR HEARTS NINE,0.6096,0.0262,0.3642
SPADES ACE HEARTS FIVE,0.3854,0.004,0.6106
SPADES FOUR CLUBS KING,0.3918,0.0074,0.6008
CLUBS JACK DIAMONDS QUEEN,0.3262,0.01,0.6638
SPADES TEN DIAMONDS FIVE,0.256,0.439,0.305
CLUBS TWO DIAMONDS NINE,0.7044,0.0738,0.2218
HEARTS SIX CLUBS FOUR,0.5596,0.0286,0.4118
HEARTS FOUR CLUBS FOUR,0.3324,0.0642,0.6034
CLUBS FIVE SPADES SIX,0.562,0.0318,0.4062
SPADES SIX DIAMONDS NINE,0.5778,0.0308,0.3914
DIAMONDS THREE CLUBS FOUR,0.5804,0.0332,0.3864
SPADES JACK HEARTS FOUR,0.3808,0.0196,0.5996
HEARTS SIX DIAMONDS EIGHT,0.5584,0.0298,0.4118
DIAMONDS THREE HEARTS THREE,0.3366,0.072,0.5914
DIAMONDS KING DIAMONDS SEVEN,0.3334,0.0064,0.6602
SPADES JACK SPADES THREE,0.3764,0.02,0.6036
SPADES ACE HEARTS SEVEN,0.3848,0.0046,0.6106
DIAMONDS JACK HEARTS KING,0.3348,0.0052,0.66
SPADES EIGHT DIAMONDS ACE,0.3832,0.0052,0.6116
CLUBS SIX DIAMONDS SEVEN,0.548,0.024,0.428
HEARTS ACE HEARTS QUEEN,0.3486,0.0054,0.646
HEARTS THREE SPADES THREE,0.3418,0.069,0.5892
SPADES TEN CLUBS FIVE,0.2724,0.4306,0.297
CLUBS FOUR DIAMONDS KING,0.3822,0.0102,0.6076
SPADES KING SPADES TEN,0.2586,0.0332,0.7082
HEARTS FIVE SPADES NINE,0.585,0.0326,0.3824
HEARTS FOUR DIAMONDS QUEEN,0.392,0.0148,0.5932
SPADES SEVEN DIAMONDS NINE,0.5688,0.0266,0.4046
SPADES SIX SPADES FOUR,0.5462,0.0302,0.4236
CLUBS NINE SPADES EIGHT,0.547,0.028,0.425
DIAMONDS JACK SPADES TWO,0.268,0.0534,0.6786
DIAMONDS QUEEN HEARTS TEN,0.2468,0.0468,0.7064
HEARTS TWO DIAMONDS ACE,0.2716,0.0176,0.7108
HEARTS EIGHT SPADES NINE,0.5532,0.0258,0.421
DIAMONDS FOUR CLUBS SIX,0.5642,0.0298,0.406
HEARTS ACE DIAMONDS NINE,0.3934,0.0046,0.602
HEARTS SIX HEARTS NINE,0.549,0.024,0.427
SPADES JACK CLUBS EIGHT,0.377,0.0152,0.6078
SPADES QUEEN CLUBS KING,0.3612,0.007,0.6318
DIAMONDS FOUR CLUBS QUEEN,0.3976,0.014,0.5884
CLUBS EIGHT HEARTS NINE,0.5512,0.0228,0.426
CLUBS EIGHT SPADES TWO,0.69,0.0778,0.2322
SPADES QUEEN CLUBS FIVE,0.421,0.0092,0.5698
CLUBS EIGHT SPADES TEN,0.2698,0.2124,0.5178
DIAMONDS ACE DIAMONDS SEVEN,0.3406,0.0056,0.6538
HEARTS EIGHT HEARTS FIVE,0.537,0.0278,0.4352
SPADES KING HEARTS QUEEN,0.3432,0.0074,0.6494
HEARTS THREE CLUBS QUEEN,0.4024,0.0106,0.587
SPADES ACE DIAMONDS EIGHT,0.3898,0.0058,0.6044
CLUBS NINE CLUBS ACE,0.3712,0.0052,0.6236
CLUBS THREE CLUBS QUEEN,0.3866,0.0122,0.6012
CLUBS ACE HEARTS TEN,0.2582,0.0272,0.7146
DIAMONDS ACE DIAMONDS KING,0.2988,0.0058,0.6954
HEARTS EIGHT CLUBS QUEEN,0.3812,0.0098,0.609
SPADES JACK CLUBS FOUR,0.4026,0.0136,0.5838
HEARTS FOUR CLUBS TWO,0.6848,0.0686,0.2466
SPADES KING DIAMONDS SEVEN,0.378,0.0092,0.6128
SPADES THREE DIAMONDS NINE,0.6016,0.027,0.3714
CLUBS EIGHT DIAMONDS JACK,0.3616,0.0178,0.6206
SPADES KING CLUBS SEVEN,0.4084,0.0076,0.584
DIAMONDS QUEEN DIAMONDS FIVE,0.3448,0.0136,0.6416
DIAMONDS FOUR HEARTS ACE,0.377,0.0048,0.6182
HEARTS THREE HEARTS JACK,0.3756,0.0166,0.6078
CLUBS SIX SPADES TWO,0.6828,0.0772,0.24
HEARTS EIGHT DIAMONDS SIX,0.5608,0.0278,0.4114
CLUBS FOUR SPADES FIVE,0.5748,0.0288,0.3964
HEARTS SIX DIAMONDS NINE,0.5838,0.0216,0.3946
CLUBS SEVEN DIAMONDS SIX,0.5664,0.0286,0.405
CLUBS NINE HEARTS THREE,0.6062,0.0276,0.3662
CLUBS FOUR DIAMONDS NINE,0.5952,0.0278,0.377
HEARTS FOUR DIAMONDS FIVE,0.5642,0.0308,0.405
DIAMONDS FOUR SPADES QUEEN,0.3836,0.0116,0.6048
SPADES NINE CLUBS TWO,0.6956,0.075,0.2294
CLUBS FIVE CLUBS FOUR,0.5352,0.0276,0.4372
SPADES JACK SPADES SIX,0.3858,0.0172,0.597
CLUBS SIX DIAMONDS JACK,0.3962,0.0146,0.5892
CLUBS THREE CLUBS TWO,0.6332,0.072,0.2948
SPADES QUEEN HEARTS SIX,0.4042,0.0134,0.5824
CLUBS SEVEN DIAMONDS JACK,0.3782,0.0206,0.6012
HEARTS FIVE SPADES FIVE,0.3308,0.063,0.6062
CLUBS JACK CLUBS FIVE,0.379,0.0206,0.6004
SPADES NINE HEARTS TEN,0.2618,0.1596,0.5786
HEARTS ACE DIAMONDS SEVEN,0.3888,0.007,0.6042
HEARTS EIGHT DIAMONDS FIVE,0.5882,0.0268,0.385
CLUBS THREE DIAMONDS KING,0.3756,0.009,0.6154
SPADES ACE DIAMONDS ACE,0.1668,0.0052,0.828
DIAMONDS THREE CLUBS KING,0.3848,0.0066,0.6086
CLUBS NINE DIAMONDS KING,0.3834,0.0068,0.6098
HEARTS JACK HEARTS NINE,0.3498,0.0148,0.6354
CLUBS FOUR HEARTS QUEEN,0.394,0.0116,0.5944
HEARTS SEVEN CLUBS TWO,0.7012,0.071,0.2278
SPADES JACK CLUBS ACE,0.3516,0.0054,0.643
CLUBS TWO DIAMONDS QUEEN,0.2792,0.0378,0.683
SPADES JACK DIAMONDS SIX,0.3892,0.0178,0.593
SPADES THREE DIAMONDS EIGHT,0.6044,0.027,0.3686
HEARTS THREE CLUBS TWO,0.677,0.0764,0.2466
DIAMONDS ACE CLUBS QUEEN,0.3468,0.0048,0.6484
HEARTS SEVEN CLUBS KING,0.413,0.0064,0.5806
HEARTS TWO CLUBS KING,0.2956,0.0246,0.6798
CLUBS SIX SPADES SEVEN,0.5612,0.0302,0.4086
HEARTS SIX SPADES JACK,0.3968,0.0154,0.5878
CLUBS THREE HEARTS JACK,0.4094,0.0186,0.572
HEARTS FIVE DIAMONDS FIVE,0.3224,0.0634,0.6142
SPADES ACE HEARTS FOUR,0.4052,0.0062,0.5886
CLUBS TWO CLUBS ACE,0.2756,0.0148,0.7096
HEARTS THREE SPADES EIGHT,0.6168,0.0254,0.3578
CLUBS TEN CLUBS TWO,0.0756,0.8572,0.0672
CLUBS EIGHT SPADES FIVE,0.5892,0.0258,0.385
HEARTS EIGHT DIAMONDS ACE,0.3898,0.0054,0.6048
CLUBS TEN CLUBS QUEEN,0.251,0.0436,0.7054
HEARTS SIX HEARTS KING,0.372,0.0082,0.6198
DIAMONDS ACE DIAMONDS JACK,0.2878,0.0066,0.7056
SPADES ACE CLUBS TEN,0.2666,0.0284,0.705
HEARTS SIX DIAMONDS QUEEN,0.4028,0.0116,0.5856
CLUBS SEVEN DIAMONDS ACE,0.3744,0.0046,0.621
DIAMONDS THREE HEARTS NINE,0.6062,0.0294,0.3644
DIAMONDS KING HEARTS QUEEN,0.3382,0.008,0.6538
HEARTS SIX SPADES THREE,0.5906,0.0274,0.382
CLUBS FOUR HEARTS NINE,0.5978,0.025,0.3772
CLUBS TEN CLUBS THREE,0.2502,0.4616,0.2882
HEARTS TWO CLUBS FOUR,0.6822,0.067,0.2508
CLUBS JACK HEARTS THREE,0.402,0.0178,0.5802
HEARTS EIGHT HEARTS SEVEN,0.5148,0.0264,0.4588
HEARTS EIGHT SPADES EIGHT,0.323,0.0418,0.6352
SPADES SEVEN SPADES SIX,0.518,0.0264,0.4556
CLUBS SEVEN SPADES TWO,0.7044,0.0734,0.2222
CLUBS EIGHT DIAMONDS NINE,0.5484,0.0228,0.4288
SPADES TWO HEARTS TEN,0.071,0.9086,0.0204
SPADES KING HEARTS JACK,0.3574,0.0062,0.6364
CLUBS FOUR SPADES SIX,0.59,0.0296,0.3804
HEARTS TWO DIAMONDS QUEEN,0.267,0.0402,0.6928
CLUBS EIGHT HEARTS KING,0.4036,0.0074,0.589
HEARTS FOUR DIAMONDS KING,0.3886,0.009,0.6024
DIAMONDS THREE HEARTS FOUR,0.5634,0.0346,0.402
CLUBS SEVEN DIAMONDS KING,0.377,0.0094,0.6136
SPADES JACK DIAMONDS ACE,0.34,0.0048,0.6552
HEARTS TWO SPADES SIX,0.6976,0.0672,0.2352
SPADES SEVEN HEARTS ACE,0.3966,0.0036,0.5998
SPADES EIGHT DIAMONDS SEVEN,0.5492,0.025,0.4258
CLUBS TWO DIAMONDS SIX,0.6904,0.072,0.2376
CLUBS FIVE DIAMONDS NINE,0.5728,0.0318,0.3954
DIAMONDS FOUR HEARTS KING,0.3912,0.0082,0.6006
SPADES TEN HEARTS TWO,0.0694,0.9132,0.0174
HEARTS TWO SPADES FIVE,0.6836,0.0728,0.2436
SPADES JACK HEARTS FIVE,0.4008,0.0182,0.581
SPADES EIGHT DIAMONDS NINE,0.545,0.0228,0.4322
CLUBS SIX HEARTS NINE,0.5834,0.027,0.3896
DIAMONDS THREE DIAMONDS SIX,0.5802,0.0308,0.389
SPADES THREE SPADES TWO,0.6324,0.0704,0.2972
HEARTS TWO DIAMONDS NINE,0.6996,0.0728,0.2276
SPADES QUEEN SPADES SEVEN,0.3816,0.0122,0.6062
CLUBS SEVEN DIAMONDS QUEEN,0.3844,0.0114,0.6042
HEARTS SEVEN SPADES TEN,0.2696,0.2678,0.4626
CLUBS TEN DIAMONDS ACE,0.2546,0.0252,0.7202
DIAMONDS THREE HEARTS TEN,0.244,0.4988,0.2572
SPADES NINE SPADES SEVEN,0.5446,0.026,0.4294
DIAMONDS NINE CLUBS QUEEN,0.367,0.0102,0.6228
SPADES NINE CLUBS FOUR,0.6148,0.0272,0.358
CLUBS THREE CLUBS KING,0.379,0.0088,0.6122
SPADES SEVEN SPADES THREE,0.5568,0.0274,0.4158
DIAMONDS SIX HEARTS NINE,0.569,0.0296,0.4014
CLUBS EIGHT CLUBS SEVEN,0.52,0.0252,0.4548
SPADES QUEEN CLUBS TWO,0.2884,0.039,0.6726
SPADES TEN CLUBS QUEEN,0.269,0.0446,0.6864
CLUBS TWO HEARTS NINE,0.702,0.0736,0.2244
SPADES FIVE DIAMONDS EIGHT,0.5784,0.031,0.3906
HEARTS TWO CLUBS THREE,0.6822,0.0672,0.2506
HEARTS TWO HEARTS KING,0.2698,0.0228,0.7074
HEARTS QUEEN HEARTS TEN,0.2544,0.0474,0.6982
HEARTS SEVEN HEARTS JACK,0.3618,0.015,0.6232
DIAMONDS KING CLUBS ACE,0.343,0.0074,0.6496
HEARTS SIX SPADES TEN,0.269,0.3502,0.3808
SPADES ACE DIAMONDS THREE,0.3878,0.004,0.6082
HEARTS THREE SPADES TWO,0.6764,0.0742,0.2494
SPADES JACK CLUBS SIX,0.4028,0.0152,0.582
DIAMONDS KING SPADES TWO,0.2688,0.031,0.7002
CLUBS ACE DIAMONDS FIVE,0.3804,0.0042,0.6154
SPADES TEN DIAMONDS JACK,0.2516,0.0524,0.696
CLUBS TEN CLUBS NINE,0.2554,0.1612,0.5834
CLUBS TEN DIAMONDS SIX,0.256,0.3584,0.3856
HEARTS SEVEN CLUBS SIX,0.5488,0.025,0.4262
SPADES FOUR HEARTS TEN,0.2752,0.4806,0.2442
HEARTS FIVE DIAMONDS KING,0.4002,0.009,0.5908
SPADES KING SPADES JACK,0.3374,0.0058,0.6568
CLUBS TEN SPADES FOUR,0.253,0.4812,0.2658
CLUBS EIGHT HEARTS TWO,0.695,0.0774,0.2276
CLUBS TEN CLUBS EIGHT,0.2498,0.2056,0.5446
HEARTS SEVEN DIAMONDS FIVE,0.5584,0.0326,0.409
SPADES NINE SPADES FIVE,0.5576,0.0256,0.4168
CLUBS ACE DIAMONDS SIX,0.402,0.0032,0.5948
SPADES ACE SPADES FOUR,0.3732,0.0062,0.6206
DIAMONDS FOUR DIAMONDS NINE,0.598,0.0282,0.3738
HEARTS EIGHT DIAMONDS NINE,0.5492,0.0264,0.4244
SPADES JACK HEARTS KING,0.3424,0.0076,0.65
HEARTS THREE SPADES FOUR,0.5868,0.032,0.3812
CLUBS FOUR DIAMONDS SIX,0.586,0.0304,0.3836
SPADES KING CLUBS QUEEN,0.3608,0.0072,0.632
DIAMONDS THREE HEARTS SIX,0.577,0.0292,0.3938
CLUBS TEN CLUBS FOUR,0.2508,0.4478,0.3014
CLUBS THREE DIAMONDS SIX,0.592,0.028,0.38
SPADES TWO CLUBS QUEEN,0.2792,0.0386,0.6822
HEARTS EIGHT DIAMONDS KING,0.3892,0.0074,0.6034
CLUBS FIVE CLUBS ACE,0.3598,0.0058,0.6344
CLUBS EIGHT HEARTS QUEEN,0.3938,0.012,0.5942
SPADES TEN SPADES THREE,0.2586,0.4592,0.2822
CLUBS FIVE CLUBS QUEEN,0.376,0.0116,0.6124
DIAMONDS THREE CLUBS THREE,0.3316,0.064,0.6044
SPADES QUEEN HEARTS ACE,0.3538,0.0044,0.6418
CLUBS KING CLUBS QUEEN,0.3362,0.0072,0.6566
DIAMONDS FOUR DIAMONDS KING,0.3424,0.0106,0.647
HEARTS THREE HEARTS KING,0.3682,0.0108,0.621
CLUBS SEVEN DIAMONDS FIVE,0.5642,0.0332,0.4026
HEARTS TWO DIAMONDS SEVEN,0.694,0.0708,0.2352
HEARTS FIVE SPADES TWO,0.666,0.076,0.258
SPADES FIVE SPADES FOUR,0.5266,0.0322,0.4412
DIAMONDS KING HEARTS KING,0.1638,0.0124,0.8238
HEARTS FIVE DIAMONDS EIGHT,0.5736,0.0284,0.398
SPADES SEVEN CLUBS TWO,0.7156,0.063,0.2214
HEARTS TWO HEARTS TEN,0.0758,0.8554,0.0688
SPADES TEN DIAMONDS KING,0.256,0.0396,0.7044
HEARTS FIVE HEARTS NINE,0.5462,0.0258,0.428
SPADES SIX DIAMONDS EIGHT,0.5548,0.0248,0.4204
HEARTS EIGHT CLUBS SIX,0.5708,0.0264,0.4028
DIAMONDS THREE SPADES QUEEN,0.3876,0.0148,0.5976
SPADES SEVEN HEARTS NINE,0.5604,0.0252,0.4144
CLUBS EIGHT CLUBS SIX,0.5432,0.0266,0.4302
DIAMONDS FOUR SPADES SEVEN,0.5736,0.0326,0.3938
DIAMONDS ACE SPADES THREE,0.3656,0.007,0.6274
SPADES EIGHT CLUBS FOUR,0.5996,0.0294,0.371
CLUBS FIVE HEARTS KING,0.3932,0.0064,0.6004
CLUBS EIGHT HEARTS THREE,0.6108,0.0246,0.3646
SPADES SEVEN CLUBS FOUR,0.5862,0.0294,0.3844
DIAMONDS THREE SPADES TWO,0.6618,0.0766,0.2616
DIAMONDS THREE CLUBS QUEEN,0.3894,0.012,0.5986
DIAMONDS JACK HEARTS QUEEN,0.3228,0.0102,0.667
HEARTS SEVEN SPADES EIGHT,0.5556,0.0282,0.4162
DIAMONDS NINE HEARTS JACK,0.3618,0.0152,0.623
DIAMONDS SIX CLUBS QUEEN,0.3962,0.01,0.5938
HEARTS FIVE SPADES FOUR,0.5718,0.0272,0.401
CLUBS JACK CLUBS EIGHT,0.3542,0.0166,0.6292
HEARTS SEVEN SPADES FOUR,0.586,0.0284,0.3856
HEARTS EIGHT CLUBS TWO,0.6994,0.0734,0.2272
HEARTS FOUR DIAMONDS SIX,0.583,0.0288,0.3882
HEARTS TWO DIAMONDS SIX,0.6962,0.0726,0.2312
CLUBS FIVE DIAMONDS JACK,0.3646,0.0176,0.6178
HEARTS FOUR HEARTS NINE,0.5676,0.0264,0.406
DIAMONDS EIGHT DIAMONDS FIVE,0.5662,0.0304,0.4034
SPADES KING SPADES TWO,0.2562,0.0266,0.7172
HEARTS SIX CLUBS TWO,0.7006,0.0644,0.235
SPADES EIGHT CLUBS ACE,0.3818,0.004,0.6142
HEARTS THREE CLUBS FOUR,0.583,0.0274,0.3896
SPADES QUEEN SPADES NINE,0.3492,0.0062,0.6446
SPADES ACE CLUBS JACK,0.3516,0.0052,0.6432
SPADES TEN HEARTS TEN,0.1292,0.0532,0.8176
DIAMONDS THREE CLUBS NINE,0.5952,0.0302,0.3746
CLUBS ACE HEARTS JACK,0.3576,0.0056,0.6368
HEARTS TWO CLUBS ACE,0.2782,0.0178,0.704
SPADES EIGHT SPADES FOUR,0.556,0.0282,0.4158
CLUBS JACK HEARTS TWO,0.2776,0.055,0.6674
HEARTS SEVEN HEARTS NINE,0.5328,0.0236,0.4436
DIAMONDS ACE CLUBS ACE,0.155,0.0056,0.8394
DIAMONDS SEVEN CLUBS QUEEN,0.3982,0.0122,0.5896
CLUBS THREE CLUBS ACE,0.37,0.0082,0.6218
CLUBS SEVEN CLUBS KING,0.3708,0.008,0.6212
DIAMONDS THREE DIAMONDS KING,0.3288,0.0096,0.6616
DIAMONDS FOUR HEARTS SIX,0.5864,0.031,0.3826
SPADES KING CLUBS ACE,0.3638,0.0052,0.631
SPADES QUEEN HEARTS FIVE,0.4096,0.0134,0.577
DIAMONDS ACE HEARTS NINE,0.3752,0.0058,0.619
HEARTS ACE HEARTS KING,0.3424,0.0058,0.6518
CLUBS FIVE HEARTS TEN,0.261,0.4406,0.2984
HEARTS SEVEN SPADES THREE,0.5914,0.0278,0.3808
CLUBS TEN CLUBS SEVEN,0.2512,0.257,0.4918
HEARTS FIVE SPADES SIX,0.5726,0.0264,0.401
HEARTS EIGHT CLUBS KING,0.4072,0.0076,0.5852
DIAMONDS ACE CLUBS THREE,0.3762,0.0058,0.618
SPADES ACE DIAMONDS SEVEN,0.396,0.0042,0.5998
HEARTS SEVEN DIAMONDS SIX,0.553,0.0258,0.4212
DIAMONDS THREE DIAMONDS FIVE,0.5698,0.029,0.4012
CLUBS TWO SPADES TWO,0.3092,0.0466,0.6442
CLUBS NINE HEARTS ACE,0.406,0.0034,0.5906
DIAMONDS JACK CLUBS ACE,0.344,0.0054,0.6506
DIAMONDS FOUR DIAMONDS QUEEN,0.3476,0.0174,0.635
DIAMONDS THREE SPADES THREE,0.3246,0.0762,0.5992
SPADES THREE CLUBS KING,0.3984,0.0092,0.5924
SPADES SEVEN DIAMONDS EIGHT,0.5386,0.0288,0.4326
SPADES FIVE DIAMONDS SEVEN,0.5694,0.0258,0.4048
CLUBS JACK HEARTS SEVEN,0.3904,0.0168,0.5928
CLUBS SEVEN CLUBS QUEEN,0.3694,0.0114,0.6192
SPADES QUEEN CLUBS EIGHT,0.3862,0.0092,0.6046
SPADES KING DIAMONDS EIGHT,0.3874,0.0088,0.6038
HEARTS SEVEN SPADES FIVE,0.581,0.0258,0.3932
HEARTS FOUR DIAMONDS EIGHT,0.5834,0.0302,0.3864
CLUBS FIVE DIAMONDS FIVE,0.3134,0.0654,0.6212
SPADES FOUR HEARTS NINE,0.6078,0.0284,0.3638
SPADES KING DIAMONDS NINE,0.3918,0.0076,0.6006
CLUBS EIGHT SPADES NINE,0.5588,0.0234,0.4178
CLUBS JACK CLUBS SIX,0.3764,0.0152,0.6084
DIAMONDS SEVEN DIAMONDS SIX,0.5406,0.0298,0.4296
SPADES JACK HEARTS JACK,0.1782,0.025,0.7968
DIAMONDS FOUR HEARTS FOUR,0.3316,0.0726,0.5958
SPADES KING SPADES EIGHT,0.377,0.0068,0.6162
SPADES SIX DIAMONDS QUEEN,0.3952,0.0104,0.5944
CLUBS JACK HEARTS JACK,0.1798,0.0216,0.7986
SPADES EIGHT SPADES SIX,0.5368,0.0252,0.438
CLUBS QUEEN DIAMONDS FIVE,0.3872,0.0158,0.597
CLUBS JACK SPADES SIX,0.4032,0.018,0.5788
SPADES QUEEN DIAMONDS JACK,0.3236,0.0102,0.6662
CLUBS TEN SPADES TWO,0.0708,0.9084,0.0208
SPADES ACE HEARTS QUEEN,0.3532,0.0046,0.6422
SPADES QUEEN DIAMONDS KING,0.3208,0.01,0.6692
HEARTS SEVEN DIAMONDS JACK,0.3812,0.0182,0.6006
CLUBS SEVEN DIAMONDS EIGHT,0.5446,0.027,0.4284
CLUBS FOUR DIAMONDS FIVE,0.5706,0.0372,0.3922
SPADES ACE HEARTS TEN,0.2744,0.0234,0.7022
HEARTS THREE DIAMONDS SEVEN,0.597,0.0294,0.3736
CLUBS SEVEN DIAMONDS SEVEN,0.3092,0.0572,0.6336
HEARTS TEN DIAMONDS FIVE,0.2434,0.462,0.2946
CLUBS JACK DIAMONDS ACE,0.3382,0.0068,0.655
SPADES KING DIAMONDS SIX,0.402,0.0082,0.5898
HEARTS EIGHT DIAMONDS SEVEN,0.5514,0.0282,0.4204
CLUBS TWO SPADES FOUR,0.6846,0.0804,0.235
CLUBS FOUR CLUBS TWO,0.6456,0.0738,0.2806
HEARTS EIGHT SPADES QUEEN,0.39,0.0104,0.5996
SPADES EIGHT HEARTS QUEEN,0.3956,0.0112,0.5932
DIAMONDS FOUR CLUBS NINE,0.5944,0.0236,0.382
SPADES KING CLUBS NINE,0.381,0.0084,0.6106
CLUBS EIGHT CLUBS KING,0.383,0.01,0.607
CLUBS NINE DIAMONDS JACK,0.3558,0.0168,0.6274
SPADES TEN HEARTS QUEEN,0.263,0.0432,0.6938
CLUBS EIGHT DIAMONDS FIVE,0.5888,0.0246,0.3866
SPADES JACK DIAMONDS SEVEN,0.3846,0.0192,0.5962
SPADES NINE CLUBS SIX,0.5796,0.0256,0.3948
CLUBS SIX SPADES SIX,0.3382,0.0556,0.6062
HEARTS FOUR CLUBS KING,0.388,0.0046,0.6074
SPADES JACK SPADES EIGHT,0.3536,0.016,0.6304
SPADES QUEEN SPADES FIVE,0.3716,0.0104,0.618
HEARTS FIVE CLUBS SEVEN,0.574,0.0296,0.3964
HEARTS TWO HEARTS ACE,0.2742,0.0156,0.7102
CLUBS TEN SPADES THREE,0.2676,0.4948,0.2376
HEARTS EIGHT DIAMONDS EIGHT,0.2968,0.0436,0.6596
DIAMONDS FOUR SPADES FIVE,0.555,0.0294,0.4156
HEARTS EIGHT SPADES TEN,0.2788,0.2006,0.5206
SPADES SEVEN DIAMONDS SIX,0.5544,0.0324,0.4132
SPADES ACE HEARTS TWO,0.2806,0.0158,0.7036
SPADES SIX HEARTS KING,0.3992,0.0066,0.5942
HEARTS FIVE CLUBS SIX,0.5844,0.0286,0.387
HEARTS THREE DIAMONDS QUEEN,0.3936,0.0158,0.5906
CLUBS TWO HEARTS JACK,0.2872,0.0548,0.658
DIAMONDS THREE DIAMONDS ACE,0.3416,0.0054,0.653
SPADES JACK SPADES NINE,0.36,0.014,0.626
HEARTS FOUR DIAMONDS JACK,0.3772,0.0192,0.6036
CLUBS FOUR HEARTS ACE,0.394,0.0048,0.6012
CLUBS NINE HEARTS NINE,0.3036,0.0384,0.658
CLUBS TEN DIAMONDS JACK,0.2578,0.0568,0.6854
CLUBS FIVE HEARTS TWO,0.6776,0.0768,0.2456
CLUBS NINE DIAMONDS NINE,0.309,0.0348,0.6562
CLUBS EIGHT HEARTS FOUR,0.5914,0.0288,0.3798
HEARTS QUEEN HEARTS JACK,0.3276,0.0098,0.6626
CLUBS TEN CLUBS KING,0.2522,0.033,0.7148
HEARTS FIVE CLUBS THREE,0.5728,0.0298,0.3974
SPADES NINE SPADES EIGHT,0.529,0.0244,0.4466
DIAMONDS EIGHT DIAMONDS SIX,0.5574,0.0262,0.4164
SPADES FIVE DIAMONDS NINE,0.5914,0.0266,0.382
DIAMONDS SEVEN HEARTS NINE,0.563,0.0242,0.4128
SPADES QUEEN CLUBS ACE,0.3644,0.0052,0.6304
SPADES QUEEN HEARTS NINE,0.3838,0.0114,0.6048
DIAMONDS KING SPADES FIVE,0.382,0.011,0.607
CLUBS THREE SPADES THREE,0.3418,0.0724,0.5858
HEARTS FOUR DIAMONDS SEVEN,0.5768,0.028,0.3952
DIAMONDS NINE DIAMONDS SEVEN,0.5628,0.0252,0.412
CLUBS FIVE HEARTS QUEEN,0.4072,0.0114,0.5814
CLUBS EIGHT DIAMONDS EIGHT,0.3112,0.0444,0.6444
CLUBS EIGHT CLUBS QUEEN,0.3714,0.0102,0.6184
SPADES FOUR DIAMONDS JACK,0.3962,0.0194,0.5844
CLUBS NINE HEARTS TEN,0.2716,0.155,0.5734
SPADES SEVEN HEARTS TEN,0.2644,0.2766,0.459
HEARTS SEVEN SPADES SIX,0.5616,0.0248,0.4136
CLUBS TEN SPADES EIGHT,0.261,0.215,0.524
HEARTS QUEEN HEARTS NINE,0.3686,0.0088,0.6226
SPADES NINE DIAMONDS ACE,0.3758,0.005,0.6192
SPADES KING CLUBS THREE,0.401,0.0108,0.5882
SPADES FIVE CLUBS QUEEN,0.3992,0.0116,0.5892
SPADES KING CLUBS FOUR,0.3972,0.008,0.5948
SPADES TEN SPADES EIGHT,0.2386,0.2096,0.5518
SPADES JACK DIAMONDS FIVE,0.3948,0.0152,0.59
CLUBS FOUR HEARTS TEN,0.274,0.4754,0.2506
HEARTS SIX SPADES TWO,0.689,0.075,0.236
CLUBS TEN SPADES NINE,0.2704,0.159,0.5706
CLUBS TWO HEARTS ACE,0.2788,0.017,0.7042
HEARTS THREE SPADES SEVEN,0.596,0.0282,0.3758
SPADES THREE CLUBS QUEEN,0.4128,0.0134,0.5738
DIAMONDS KING SPADES THREE,0.3844,0.0102,0.6054
DIAMONDS QUEEN SPADES THREE,0.3906,0.0144,0.595
HEARTS QUEEN CLUBS ACE,0.3548,0.0034,0.6418
CLUBS SIX HEARTS KING,0.4078,0.0098,0.5824
SPADES QUEEN CLUBS QUEEN,0.1744,0.016,0.8096
SPADES FIVE HEARTS ACE,0.396,0.0038,0.6002
CLUBS JACK SPADES SEVEN,0.3884,0.0184,0.5932
CLUBS ACE CLUBS QUEEN,0.3364,0.0048,0.6588
HEARTS SIX SPADES FOUR,0.5842,0.0266,0.3892
SPADES FOUR HEARTS KING,0.4014,0.0074,0.5912
SPADES NINE DIAMONDS NINE,0.2928,0.0384,0.6688
HEARTS KING CLUBS ACE,0.3656,0.0044,0.63
DIAMONDS FOUR CLUBS THREE,0.577,0.0312,0.3918
SPADES KING CLUBS EIGHT,0.406,0.0066,0.5874
DIAMONDS FOUR DIAMONDS ACE,0.3322,0.006,0.6618
SPADES TEN SPADES TWO,0.0698,0.858,0.0722
HEARTS QUEEN DIAMONDS FIVE,0.3866,0.0122,0.6012
HEARTS SIX CLUBS ACE,0.4018,0.0042,0.594
HEARTS SEVEN DIAMONDS EIGHT,0.5452,0.0208,0.434
SPADES FOUR SPADES TWO,0.6452,0.0758,0.279
HEARTS THREE HEARTS NINE,0.5738,0.0278,0.3984
CLUBS SEVEN SPADES SIX,0.5606,0.025,0.4144
DIAMONDS SEVEN CLUBS KING,0.3994,0.0082,0.5924
SPADES SIX DIAMONDS FIVE,0.5584,0.0304,0.4112
SPADES ACE SPADES JACK,0.331,0.0056,0.6634
SPADES ACE CLUBS TWO,0.2948,0.0112,0.694
CLUBS FIVE SPADES FOUR,0.5658,0.031,0.4032
CLUBS TEN DIAMONDS FIVE,0.2522,0.4386,0.3092
SPADES THREE HEARTS QUEEN,0.418,0.009,0.573
HEARTS TWO HEARTS NINE,0.6502,0.0744,0.2754
DIAMONDS THREE HEARTS FIVE,0.5742,0.0282,0.3976
HEARTS JACK CLUBS KING,0.355,0.0068,0.6382
DIAMONDS FOUR SPADES SIX,0.582,0.026,0.392
HEARTS KING DIAMONDS EIGHT,0.3886,0.0086,0.6028
HEARTS FIVE HEARTS THREE,0.5442,0.026,0.4298
DIAMONDS ACE HEARTS QUEEN,0.3442,0.0046,0.6512
CLUBS NINE CLUBS KING,0.3738,0.0066,0.6196
HEARTS SIX HEARTS FOUR,0.5504,0.0254,0.4242
DIAMONDS THREE CLUBS TWO,0.6666,0.0788,0.2546
HEARTS FIVE CLUBS FIVE,0.3296,0.0652,0.6052
HEARTS EIGHT DIAMONDS QUEEN,0.3774,0.013,0.6096
CLUBS SIX HEARTS ACE,0.4024,0.0046,0.593
HEARTS SIX SPADES SEVEN,0.5642,0.0276,0.4082
CLUBS TEN SPADES FIVE,0.2666,0.438,0.2954
CLUBS EIGHT SPADES THREE,0.6098,0.0294,0.3608
CLUBS TEN SPADES TEN,0.1342,0.0526,0.8132
SPADES ACE SPADES TEN,0.2536,0.0228,0.7236
DIAMONDS NINE SPADES TWO,0.697,0.0732,0.2298
SPADES JACK HEARTS NINE,0.3638,0.0186,0.6176
CLUBS FIVE SPADES FIVE,0.3468,0.056,0.5972
DIAMONDS JACK DIAMONDS EIGHT,0.3244,0.0146,0.661
SPADES ACE HEARTS ACE,0.1664,0.0044,0.8292
CLUBS NINE HEARTS KING,0.3828,0.0064,0.6108
CLUBS TEN DIAMONDS NINE,0.2554,0.1636,0.581
CLUBS TEN SPADES SEVEN,0.2586,0.28,0.4614
DIAMONDS FOUR HEARTS TWO,0.6736,0.0728,0.2536
HEARTS THREE DIAMONDS SIX,0.5908,0.0308,0.3784
CLUBS TEN SPADES QUEEN,0.2658,0.0462,0.688
SPADES TEN SPADES FOUR,0.25,0.4558,0.2942
DIAMONDS QUEEN CLUBS KING,0.3404,0.007,0.6526
SPADES EIGHT DIAMONDS FIVE,0.5792,0.0284,0.3924
CLUBS JACK SPADES KING,0.3466,0.0046,0.6488
CLUBS JACK CLUBS KING,0.3246,0.0098,0.6656
SPADES FOUR CLUBS ACE,0.4034,0.005,0.5916
CLUBS JACK CLUBS TEN,0.253,0.0492,0.6978
HEARTS ACE HEARTS NINE,0.3712,0.0058,0.623
SPADES KING HEARTS KING,0.1858,0.0082,0.806
SPADES ACE SPADES EIGHT,0.3754,0.0048,0.6198
CLUBS JACK HEARTS FIVE,0.3892,0.0174,0.5934
HEARTS SIX SPADES SIX,0.328,0.0584,0.6136
SPADES KING HEARTS NINE,0.3862,0.0058,0.608
CLUBS EIGHT SPADES EIGHT,0.3166,0.0454,0.638
CLUBS EIGHT DIAMONDS SIX,0.5662,0.0232,0.4106
CLUBS SEVEN CLUBS FOUR,0.5436,0.0304,0.426
SPADES SEVEN DIAMONDS FIVE,0.564,0.0292,0.4068
HEARTS FOUR CLUBS THREE,0.5896,0.029,0.3814
CLUBS TWO HEARTS KING,0.2902,0.0304,0.6794
SPADES JACK CLUBS THREE,0.3928,0.0218,0.5854
CLUBS TEN SPADES JACK,0.2726,0.0534,0.674
DIAMONDS EIGHT CLUBS QUEEN,0.3808,0.009,0.6102
SPADES FOUR HEARTS JACK,0.3968,0.017,0.5862
HEARTS SIX HEARTS THREE,0.5558,0.0288,0.4154
SPADES ACE SPADES SEVEN,0.3752,0.0064,0.6184
SPADES NINE DIAMONDS KING,0.3782,0.0056,0.6162
CLUBS FIVE DIAMONDS SIX,0.5526,0.0312,0.4162
HEARTS SEVEN DIAMONDS THREE,0.5886,0.0266,0.3848
CLUBS TEN HEARTS NINE,0.2844,0.153,0.5626
SPADES FOUR HEARTS QUEEN,0.397,0.0102,0.5928
CLUBS THREE DIAMONDS EIGHT,0.5916,0.0298,0.3786
SPADES FIVE DIAMONDS QUEEN,0.3968,0.0112,0.592
HEARTS THREE DIAMONDS FIVE,0.571,0.0304,0.3986
HEARTS SEVEN CLUBS QUEEN,0.3964,0.0102,0.5934
HEARTS JACK DIAMONDS FIVE,0.381,0.02,0.599
SPADES ACE DIAMONDS FIVE,0.3842,0.0058,0.61
DIAMONDS KING HEARTS ACE,0.3308,0.0046,0.6646
DIAMONDS JACK HEARTS NINE,0.3732,0.0162,0.6106
SPADES EIGHT HEARTS TWO,0.7008,0.0736,0.2256
SPADES SIX HEARTS QUEEN,0.4126,0.0108,0.5766
HEARTS JACK DIAMONDS SIX,0.3722,0.0158,0.612
HEARTS FOUR HEARTS KING,0.3758,0.0082,0.616
CLUBS NINE SPADES FIVE,0.5952,0.024,0.3808
HEARTS SIX SPADES EIGHT,0.5824,0.0244,0.3932
CLUBS SEVEN HEARTS THREE,0.5942,0.024,0.3818
CLUBS SEVEN HEARTS TWO,0.7034,0.0698,0.2268
DIAMONDS NINE CLUBS KING,0.3878,0.0064,0.6058
CLUBS SEVEN HEARTS QUEEN,0.3982,0.0156,0.5862
DIAMONDS QUEEN HEARTS QUEEN,0.1692,0.0176,0.8132
HEARTS FOUR HEARTS TWO,0.6484,0.0662,0.2854
HEARTS EIGHT SPADES KING,0.4012,0.0066,0.5922
SPADES SIX HEARTS JACK,0.4146,0.0174,0.568
HEARTS SEVEN HEARTS FOUR,0.5406,0.0242,0.4352
CLUBS NINE HEARTS QUEEN,0.3792,0.0112,0.6096
HEARTS EIGHT HEARTS QUEEN,0.36,0.0072,0.6328
HEARTS TEN DIAMONDS SIX,0.256,0.3612,0.3828
SPADES KING SPADES FOUR,0.3752,0.009,0.6158
DIAMONDS THREE HEARTS ACE,0.383,0.0044,0.6126
SPADES QUEEN DIAMONDS SIX,0.383,0.0142,0.6028
SPADES TWO DIAMONDS SEVEN,0.6896,0.0734,0.237
HEARTS EIGHT CLUBS ACE,0.398,0.0048,0.5972
CLUBS SEVEN CLUBS ACE,0.3698,0.003,0.6272
SPADES TEN SPADES SEVEN,0.249,0.2628,0.4882
HEARTS SEVEN HEARTS SIX,0.5312,0.0254,0.4434
SPADES THREE HEARTS JACK,0.4088,0.0188,0.5724
CLUBS TWO CLUBS QUEEN,0.2686,0.0432,0.6882
CLUBS SIX HEARTS TWO,0.6872,0.0704,0.2424
CLUBS NINE HEARTS FIVE,0.5888,0.0278,0.3834
CLUBS ACE CLUBS KING,0.341,0.0064,0.6526
CLUBS TWO HEARTS TEN,0.0686,0.9082,0.0232
DIAMONDS KING DIAMONDS JACK,0.2918,0.008,0.7002
CLUBS SEVEN CLUBS THREE,0.5596,0.0278,0.4126
CLUBS THREE HEARTS NINE,0.6058,0.0218,0.3724
HEARTS EIGHT SPADES FOUR,0.6046,0.031,0.3644
SPADES THREE DIAMONDS SEVEN,0.5892,0.0326,0.3782
DIAMONDS ACE DIAMONDS NINE,0.3414,0.0076,0.651
DIAMONDS FOUR HEARTS THREE,0.5676,0.0282,0.4042
CLUBS SEVEN SPADES EIGHT,0.5592,0.0248,0.416
SPADES SEVEN CLUBS THREE,0.5984,0.0302,0.3714
HEARTS FOUR CLUBS FIVE,0.5712,0.0258,0.403
HEARTS FOUR DIAMONDS NINE,0.605,0.0272,0.3678
CLUBS FIVE CLUBS TWO,0.6446,0.0646,0.2908
HEARTS KING HEARTS TEN,0.2616,0.034,0.7044
HEARTS KING DIAMONDS SIX,0.3834,0.0056,0.611
CLUBS FOUR HEARTS KING,0.3922,0.0106,0.5972
DIAMONDS THREE HEARTS JACK,0.3958,0.0186,0.5856
SPADES TWO CLUBS ACE,0.29,0.0146,0.6954
SPADES FOUR DIAMONDS SEVEN,0.5714,0.0306,0.398
SPADES ACE HEARTS THREE,0.394,0.0064,0.5996
HEARTS EIGHT DIAMONDS THREE,0.5992,0.0306,0.3702
DIAMONDS JACK CLUBS KING,0.3376,0.0064,0.656
CLUBS NINE HEARTS JACK,0.3698,0.0172,0.613
SPADES TEN CLUBS SEVEN,0.2636,0.2686,0.4678
SPADES SIX SPADES THREE,0.562,0.029,0.409
CLUBS KING HEARTS TEN,0.268,0.0344,0.6976
SPADES ACE SPADES KING,0.3434,0.006,0.6506
HEARTS FIVE HEARTS KING,0.3794,0.007,0.6136
HEARTS SIX HEARTS FIVE,0.5342,0.0282,0.4376
CLUBS THREE HEARTS TEN,0.2598,0.4878,0.2524
SPADES KING SPADES THREE,0.381,0.0076,0.6114
CLUBS NINE CLUBS SIX,0.551,0.0246,0.4244
SPADES EIGHT SPADES THREE,0.5766,0.025,0.3984
SPADES ACE DIAMONDS QUEEN,0.3382,0.0064,0.6554
HEARTS SIX SPADES NINE,0.5872,0.0246,0.3882
SPADES THREE HEARTS NINE,0.605,0.027,0.368
SPADES NINE CLUBS KING,0.3816,0.0076,0.6108
SPADES JACK DIAMONDS NINE,0.3598,0.0156,0.6246
SPADES SIX DIAMONDS SEVEN,0.557,0.0274,0.4156
CLUBS EIGHT HEARTS FIVE,0.5922,0.0262,0.3816
SPADES FOUR DIAMONDS FIVE,0.558,0.0296,0.4124
HEARTS EIGHT CLUBS TEN,0.2716,0.209,0.5194
CLUBS TEN HEARTS FOUR,0.2688,0.4878,0.2434
HEARTS EIGHT SPADES FIVE,0.589,0.0284,0.3826
DIAMONDS KING SPADES FOUR,0.391,0.0084,0.6006
SPADES TEN HEARTS THREE,0.2574,0.4878,0.2548
CLUBS QUEEN HEARTS NINE,0.3708,0.009,0.6202
HEARTS KING DIAMONDS FIVE,0.3928,0.0088,0.5984
DIAMONDS ACE DIAMONDS EIGHT,0.345,0.0044,0.6506
CLUBS FOUR CLUBS THREE,0.5482,0.0306,0.4212
SPADES NINE SPADES FOUR,0.5898,0.0236,0.3866
SPADES FIVE HEARTS QUEEN,0.399,0.0114,0.5896
SPADES FOUR DIAMONDS SIX,0.5832,0.0262,0.3906
HEARTS SIX DIAMONDS KING,0.3924,0.0078,0.5998
DIAMONDS JACK SPADES THREE,0.3902,0.0188,0.591
CLUBS JACK CLUBS TWO,0.2812,0.0558,0.663
SPADES JACK CLUBS KING,0.3334,0.0066,0.66
SPADES ACE CLUBS SIX,0.4038,0.0038,0.5924
CLUBS NINE CLUBS FOUR,0.5498,0.0318,0.4184
HEARTS FIVE DIAMONDS QUEEN,0.385,0.0124,0.6026
HEARTS EIGHT CLUBS EIGHT,0.317,0.0474,0.6356
CLUBS JACK HEARTS KING,0.3456,0.0052,0.6492
CLUBS NINE HEARTS FOUR,0.6124,0.0294,0.3582
SPADES KING SPADES SEVEN,0.3738,0.0078,0.6184
DIAMONDS THREE CLUBS ACE,0.3872,0.0054,0.6074
CLUBS SIX SPADES EIGHT,0.5666,0.024,0.4094
CLUBS JACK CLUBS QUEEN,0.3196,0.0116,0.6688
SPADES SEVEN DIAMONDS SEVEN,0.2996,0.0506,0.6498
DIAMONDS KING HEARTS NINE,0.3796,0.0064,0.614
HEARTS SEVEN SPADES QUEEN,0.3954,0.0076,0.597
DIAMONDS FOUR SPADES TEN,0.2476,0.497,0.2554
HEARTS FIVE CLUBS QUEEN,0.4008,0.0142,0.585
HEARTS FOUR SPADES NINE,0.6058,0.0236,0.3706
CLUBS JACK SPADES THREE,0.3894,0.0222,0.5884
CLUBS ACE HEARTS NINE,0.4,0.004,0.596
SPADES ACE CLUBS FIVE,0.3968,0.005,0.5982
DIAMONDS THREE HEARTS QUEEN,0.3944,0.0116,0.594
HEARTS THREE DIAMONDS JACK,0.3824,0.0194,0.5982
SPADES FIVE HEARTS TEN,0.27,0.4236,0.3064
SPADES QUEEN HEARTS THREE,0.3918,0.0138,0.5944
HEARTS EIGHT SPADES JACK,0.379,0.0158,0.6052
DIAMONDS FOUR HEARTS SEVEN,0.5648,0.0294,0.4058
DIAMONDS QUEEN DIAMONDS NINE,0.3282,0.0124,0.6594
HEARTS SEVEN SPADES NINE,0.5708,0.024,0.4052
CLUBS NINE CLUBS FIVE,0.5714,0.0232,0.4054
CLUBS JACK CLUBS THREE,0.38,0.0184,0.6016
SPADES ACE CLUBS EIGHT,0.4016,0.0026,0.5958
SPADES NINE HEARTS TWO,0.7098,0.0712,0.219
SPADES JACK DIAMONDS QUEEN,0.3242,0.0114,0.6644
HEARTS SEVEN HEARTS QUEEN,0.3798,0.0108,0.6094
CLUBS SIX CLUBS QUEEN,0.378,0.0106,0.6114
CLUBS SIX CLUBS FIVE,0.5468,0.024,0.4292
SPADES EIGHT SPADES SEVEN,0.5248,0.026,0.4492
CLUBS JACK HEARTS SIX,0.4,0.0186,0.5814
HEARTS EIGHT HEARTS KING,0.3772,0.0076,0.6152
DIAMONDS JACK DIAMONDS NINE,0.3084,0.015,0.6766
SPADES NINE CLUBS QUEEN,0.3842,0.0104,0.6054
SPADES FOUR CLUBS QUEEN,0.399,0.0138,0.5872
CLUBS TEN HEARTS JACK,0.2596,0.0542,0.6862
CLUBS FIVE HEARTS JACK,0.4078,0.0176,0.5746
SPADES TEN CLUBS SIX,0.2718,0.3536,0.3746
CLUBS THREE DIAMONDS QUEEN,0.3796,0.012,0.6084
DIAMONDS ACE HEARTS ACE,0.1556,0.0054,0.839
CLUBS NINE DIAMONDS FIVE,0.5818,0.0282,0.39
SPADES QUEEN CLUBS FOUR,0.4018,0.0096,0.5886
SPADES QUEEN HEARTS KING,0.3664,0.0062,0.6274
CLUBS NINE DIAMONDS QUEEN,0.3776,0.0152,0.6072
CLUBS FIVE HEARTS ACE,0.3948,0.0028,0.6024
DIAMONDS ACE SPADES FOUR,0.3842,0.0058,0.61
SPADES THREE HEARTS KING,0.3922,0.0074,0.6004
SPADES SEVEN HEARTS QUEEN,0.4004,0.011,0.5886
HEARTS ACE DIAMONDS JACK,0.338,0.006,0.656
HEARTS FIVE HEARTS TEN,0.256,0.4052,0.3388
SPADES SIX HEARTS NINE,0.593,0.0288,0.3782
HEARTS FOUR HEARTS QUEEN,0.3774,0.0108,0.6118
SPADES QUEEN HEARTS TEN,0.266,0.0478,0.6862
DIAMONDS FOUR SPADES THREE,0.5688,0.0306,0.4006
HEARTS SEVEN HEARTS KING,0.38,0.0094,0.6106
CLUBS SEVEN CLUBS FIVE,0.5286,0.0316,0.4398
SPADES ACE CLUBS THREE,0.3946,0.005,0.6004
HEARTS TEN CLUBS QUEEN,0.2764,0.0458,0.6778
SPADES KING SPADES NINE,0.3746,0.0056,0.6198
HEARTS SIX DIAMONDS FIVE,0.5638,0.026,0.4102
DIAMONDS THREE DIAMONDS QUEEN,0.3404,0.0148,0.6448
DIAMONDS NINE HEARTS TEN,0.256,0.1676,0.5764
SPADES NINE DIAMONDS EIGHT,0.5564,0.0244,0.4192
CLUBS TEN HEARTS ACE,0.2636,0.0236,0.7128
CLUBS TEN HEARTS FIVE,0.2618,0.4296,0.3086
DIAMONDS QUEEN HEARTS KING,0.3468,0.007,0.6462
DIAMONDS THREE SPADES JACK,0.3844,0.0206,0.595
DIAMONDS JACK HEARTS TEN,0.2508,0.0584,0.6908
CLUBS FIVE SPADES SEVEN,0.5836,0.0278,0.3886
CLUBS TEN HEARTS SEVEN,0.277,0.2756,0.4474
SPADES SIX DIAMONDS JACK,0.3884,0.0164,0.5952
CLUBS TEN HEARTS QUEEN,0.269,0.0474,0.6836
SPADES QUEEN DIAMONDS NINE,0.372,0.0098,0.6182
CLUBS FOUR CLUBS ACE,0.3694,0.006,0.6246
SPADES ACE SPADES NINE,0.3664,0.0062,0.6274
HEARTS THREE SPADES SIX,0.5854,0.0286,0.386
DIAMONDS EIGHT DIAMONDS SEVEN,0.538,0.03,0.432
HEARTS SIX CLUBS QUEEN,0.395,0.0126,0.5924
DIAMONDS QUEEN HEARTS NINE,0.3538,0.014,0.6322
DIAMONDS JACK DIAMONDS SEVEN,0.3356,0.0154,0.649
CLUBS EIGHT CLUBS TWO,0.6618,0.0684,0.2698
DIAMONDS ACE CLUBS TWO,0.2612,0.0164,0.7224
CLUBS SIX HEARTS QUEEN,0.3882,0.0116,0.6002
CLUBS THREE HEARTS QUEEN,0.4166,0.0138,0.5696
SPADES NINE HEARTS QUEEN,0.3784,0.0116,0.61
CLUBS SEVEN SPADES THREE,0.6018,0.0288,0.3694
HEARTS KING DIAMONDS SEVEN,0.371,0.0048,0.6242
HEARTS JACK DIAMONDS SEVEN,0.3688,0.0136,0.6176
SPADES TEN SPADES FIVE,0.2458,0.398,0.3562
DIAMONDS JACK DIAMONDS SIX,0.3518,0.0182,0.63
CLUBS TWO CLUBS KING,0.2662,0.0242,0.7096
SPADES SIX SPADES FIVE,0.532,0.025,0.443
DIAMONDS FOUR SPADES TWO,0.6758,0.072,0.2522
CLUBS JACK DIAMONDS KING,0.3302,0.0094,0.6604
HEARTS SEVEN SPADES JACK,0.4066,0.0152,0.5782
HEARTS EIGHT HEARTS THREE,0.5762,0.0266,0.3972
CLUBS SIX DIAMONDS NINE,0.5696,0.0266,0.4038
HEARTS TWO DIAMONDS FIVE,0.6742,0.0722,0.2536
CLUBS SEVEN DIAMONDS NINE,0.5682,0.027,0.4048
DIAMONDS QUEEN CLUBS ACE,0.343,0.0052,0.6518
CLUBS EIGHT CLUBS ACE,0.372,0.0054,0.6226
SPADES SEVEN HEARTS KING,0.4058,0.0074,0.5868
HEARTS FOUR HEARTS THREE,0.5508,0.0244,0.4248
DIAMONDS KING CLUBS QUEEN,0.3348,0.009,0.6562
SPADES KING SPADES FIVE,0.3838,0.0078,0.6084
SPADES NINE CLUBS THREE,0.6164,0.025,0.3586
SPADES ACE CLUBS ACE,0.1676,0.0024,0.83
DIAMONDS ACE SPADES TWO,0.2728,0.0172,0.71
CLUBS THREE DIAMONDS JACK,0.371,0.0202,0.6088
SPADES NINE DIAMONDS SIX,0.5712,0.0274,0.4014
SPADES EIGHT CLUBS QUEEN,0.3842,0.0122,0.6036
HEARTS FIVE CLUBS TWO,0.6726,0.066,0.2614
CLUBS JACK DIAMONDS THREE,0.3822,0.0172,0.6006
CLUBS NINE DIAMONDS ACE,0.3778,0.0044,0.6178
SPADES ACE DIAMONDS KING,0.3452,0.0046,0.6502
SPADES TEN HEARTS JACK,0.2676,0.0582,0.6742
SPADES EIGHT SPADES FIVE,0.55,0.024,0.426
DIAMONDS SEVEN HEARTS TEN,0.238,0.2812,0.4808
CLUBS JACK SPADES FIVE,0.393,0.0188,0.5882
SPADES TEN DIAMONDS NINE,0.2524,0.1716,0.576
CLUBS SEVEN HEARTS NINE,0.5688,0.0272,0.404
HEARTS KING HEARTS QUEEN,0.344,0.0074,0.6486
CLUBS TEN HEARTS TEN,0.1218,0.0532,0.825
CLUBS TEN HEARTS SIX,0.2702,0.3508,0.379
DIAMONDS QUEEN HEARTS ACE,0.3512,0.0038,0.645
CLUBS KING DIAMONDS SIX,0.3958,0.0074,0.5968
HEARTS FIVE HEARTS ACE,0.371,0.0054,0.6236
SPADES ACE DIAMONDS FOUR,0.3762,0.0048,0.619
DIAMONDS QUEEN DIAMONDS SIX,0.3626,0.015,0.6224
DIAMONDS FOUR CLUBS FIVE,0.5624,0.0316,0.406
DIAMONDS THREE DIAMONDS SEVEN,0.5964,0.0294,0.3742
SPADES KING CLUBS SIX,0.4188,0.0056,0.5756
SPADES KING HEARTS FOUR,0.3944,0.0094,0.5962
SPADES QUEEN SPADES TEN,0.253,0.0396,0.7074
SPADES NINE HEARTS NINE,0.3074,0.038,0.6546
SPADES ACE HEARTS KING,0.3644,0.0034,0.6322
DIAMONDS THREE SPADES TEN,0.2572,0.489,0.2538
HEARTS FOUR SPADES SEVEN,0.5868,0.0268,0.3864
SPADES TWO CLUBS KING,0.2926,0.027,0.6804
DIAMONDS FOUR CLUBS SEVEN,0.5808,0.0304,0.3888
CLUBS JACK DIAMONDS FOUR,0.3936,0.0166,0.5898
DIAMONDS THREE CLUBS FIVE,0.5674,0.0358,0.3968
DIAMONDS JACK DIAMONDS FIVE,0.342,0.0214,0.6366
SPADES TWO HEARTS JACK,0.29,0.0518,0.6582
SPADES FOUR DIAMONDS NINE,0.61,0.0256,0.3644
CLUBS TEN DIAMONDS EIGHT,0.2502,0.2178,0.532
SPADES ACE SPADES TWO,0.2714,0.0188,0.7098
SPADES KING DIAMONDS JACK,0.3328,0.0068,0.6604
DIAMONDS ACE HEARTS JACK,0.3484,0.0042,0.6474
DIAMONDS THREE SPADES EIGHT,0.6014,0.029,0.3696
DIAMONDS FOUR SPADES NINE,0.606,0.0284,0.3656
CLUBS TEN HEARTS KING,0.268,0.0314,0.7006
CLUBS NINE CLUBS THREE,0.5644,0.027,0.4086
CLUBS EIGHT CLUBS FOUR,0.5628,0.028,0.4092
HEARTS SEVEN CLUBS SEVEN,0.3296,0.051,0.6194
SPADES JACK HEARTS THREE,0.3918,0.0236,0.5846
SPADES FOUR HEARTS ACE,0.3962,0.0048,0.599
CLUBS THREE SPADES FIVE,0.5866,0.0288,0.3846
SPADES KING HEARTS FIVE,0.4022,0.007,0.5908
DIAMONDS NINE CLUBS ACE,0.3906,0.0052,0.6042
HEARTS QUEEN CLUBS KING,0.3588,0.0088,0.6324
SPADES KING CLUBS KING,0.1758,0.0114,0.8128
SPADES NINE DIAMONDS FIVE,0.588,0.0258,0.3862
DIAMONDS FOUR DIAMONDS THREE,0.5668,0.0298,0.4034
SPADES KING DIAMONDS QUEEN,0.343,0.0064,0.6506
