opposingHand,winningChance,drawChance,lostChance
DIAMONDS EIGHT DIAMONDS SEVEN
CLUBS SEVEN CLUBS THREE,0.6204,0.1308,0.2488
CLUBS TEN SPADES TWO,0.4852,0.0296,0.4852
CLUBS NINE HEARTS FOUR,0.4734,0.0404,0.4862
DIAMONDS QUEEN SPADES TWO,0.4534,0.0146,0.532
SPADES KING CLUBS QUEEN,0.3868,0.0056,0.6076
SPADES KING CLUBS ACE,0.4172,0.0054,0.5774
CLUBS SIX DIAMONDS FOUR,0.611,0.0604,0.3286
DIAMONDS ACE HEARTS QUEEN,0.4066,0.0058,0.5876
DIAMONDS KING CLUBS ACE,0.3792,0.005,0.6158
SPADES ACE HEARTS ACE,0.2314,0.0038,0.7648
CLUBS SIX CLUBS TWO,0.6108,0.06,0.3292
CLUBS FOUR SPADES FOUR,0.4462,0.0794,0.4744
HEARTS SIX DIAMONDS ACE,0.4452,0.0044,0.5504
SPADES TEN HEARTS ACE,0.4158,0.004,0.5802
SPADES THREE DIAMONDS NINE,0.4678,0.0368,0.4954
CLUBS THREE SPADES FIVE,0.6354,0.059,0.3056
DIAMONDS NINE HEARTS JACK,0.3796,0.02,0.6004
SPADES ACE HEARTS TEN,0.4168,0.0034,0.5798
CLUBS TWO HEARTS TEN,0.4892,0.0282,0.4826
HEARTS EIGHT SPADES TEN,0.2914,0.0758,0.6328
CLUBS FIVE HEARTS ACE,0.46,0.0036,0.5364
CLUBS JACK HEARTS TEN,0.3738,0.0154,0.6108
SPADES FOUR HEARTS TEN,0.4742,0.026,0.4998
HEARTS SIX CLUBS SIX,0.4356,0.0744,0.49
HEARTS FIVE SPADES EIGHT,0.5166,0.2634,0.22
DIAMONDS QUEEN DIAMONDS SIX,0.4108,0.015,0.5742
CLUBS NINE HEARTS KING,0.4074,0.0074,0.5852
CLUBS FOUR SPADES FIVE,0.6202,0.0546,0.3252
HEARTS TWO DIAMONDS NINE,0.464,0.0406,0.4954
HEARTS FOUR HEARTS TEN,0.4396,0.0292,0.5312
CLUBS NINE SPADES TEN,0.3696,0.0194,0.611
SPADES SEVEN DIAMONDS JACK,0.311,0.0576,0.6314
SPADES EIGHT SPADES SIX,0.4786,0.2738,0.2476
CLUBS FIVE DIAMONDS KING,0.456,0.0068,0.5372
HEARTS FOUR HEARTS KING,0.446,0.0078,0.5462
HEARTS TWO DIAMONDS SIX,0.6652,0.06,0.2748
CLUBS SEVEN SPADES NINE,0.2846,0.1006,0.6148
HEARTS FOUR SPADES FIVE,0.6046,0.057,0.3384
SPADES QUEEN SPADES FOUR,0.449,0.012,0.539
SPADES KING SPADES THREE,0.4446,0.0066,0.5488
CLUBS JACK CLUBS TEN,0.3644,0.0118,0.6238
CLUBS TEN DIAMONDS TEN,0.2076,0.0478,0.7446
SPADES JACK CLUBS EIGHT,0.311,0.054,0.635
HEARTS FOUR DIAMONDS KING,0.465,0.0104,0.5246
DIAMONDS THREE DIAMONDS TWO,0.6494,0.0564,0.2942
SPADES EIGHT SPADES FIVE,0.4892,0.2648,0.246
SPADES QUEEN SPADES TEN,0.3674,0.0092,0.6234
SPADES NINE SPADES TWO,0.4448,0.0326,0.5226
SPADES QUEEN SPADES SIX,0.4368,0.01,0.5532
CLUBS TEN SPADES SEVEN,0.311,0.0714,0.6176
CLUBS JACK HEARTS FOUR,0.4572,0.0146,0.5282
CLUBS TEN DIAMONDS NINE,0.3686,0.0194,0.612
SPADES KING DIAMONDS KING,0.2162,0.0164,0.7674
CLUBS NINE DIAMONDS NINE,0.1968,0.063,0.7402
DIAMONDS THREE SPADES NINE,0.4666,0.037,0.4964
SPADES SEVEN DIAMONDS FOUR,0.639,0.143,0.218
SPADES ACE HEARTS JACK,0.4162,0.0038,0.58
SPADES QUEEN SPADES EIGHT,0.2992,0.0404,0.6604
HEARTS THREE DIAMONDS FOUR,0.6214,0.0582,0.3204
SPADES EIGHT HEARTS TWO,0.534,0.2716,0.1944
DIAMONDS TWO HEARTS NINE,0.4726,0.0418,0.4856
SPADES ACE DIAMONDS THREE,0.4604,0.0044,0.5352
DIAMONDS THREE HEARTS NINE,0.4742,0.0376,0.4882
SPADES FIVE SPADES FOUR,0.581,0.0522,0.3668
HEARTS SIX CLUBS FOUR,0.638,0.0536,0.3084
CLUBS ACE HEARTS NINE,0.4058,0.0046,0.5896
SPADES TEN SPADES TWO,0.4392,0.03,0.5308
DIAMONDS TEN HEARTS NINE,0.3812,0.0248,0.594
SPADES SEVEN DIAMONDS QUEEN,0.3172,0.0394,0.6434
DIAMONDS KING SPADES THREE,0.4608,0.009,0.5302
HEARTS THREE CLUBS QUEEN,0.4662,0.013,0.5208
HEARTS EIGHT CLUBS EIGHT,0.1754,0.0742,0.7504
CLUBS NINE HEARTS SIX,0.4436,0.038,0.5184
SPADES ACE HEARTS SIX,0.4546,0.0042,0.5412
DIAMONDS QUEEN DIAMONDS FIVE,0.4102,0.0136,0.5762
DIAMONDS ACE HEARTS TEN,0.393,0.0056,0.6014
CLUBS EIGHT DIAMONDS KING,0.3222,0.0362,0.6416
HEARTS THREE DIAMONDS QUEEN,0.4526,0.0116,0.5358
SPADES ACE CLUBS QUEEN,0.409,0.0036,0.5874
SPADES QUEEN CLUBS FOUR,0.4752,0.0116,0.5132
HEARTS TWO SPADES SIX,0.6534,0.0584,0.2882
HEARTS FIVE SPADES THREE,0.6188,0.0536,0.3276
SPADES QUEEN CLUBS EIGHT,0.3196,0.042,0.6384
CLUBS EIGHT SPADES THREE,0.523,0.2824,0.1946
CLUBS TEN CLUBS SIX,0.426,0.0284,0.5456
SPADES NINE CLUBS SIX,0.445,0.0352,0.5198
HEARTS EIGHT CLUBS SIX,0.5078,0.2756,0.2166
DIAMONDS ACE SPADES FOUR,0.4496,0.0052,0.5452
SPADES SIX DIAMONDS KING,0.4426,0.008,0.5494
SPADES TWO CLUBS QUEEN,0.4768,0.0132,0.51
HEARTS FIVE DIAMONDS NINE,0.4462,0.0408,0.513
CLUBS NINE SPADES NINE,0.209,0.0524,0.7386
CLUBS SIX CLUBS THREE,0.6104,0.0616,0.328
HEARTS FOUR DIAMONDS FOUR,0.445,0.0774,0.4776
SPADES ACE CLUBS KING,0.4156,0.004,0.5804
CLUBS EIGHT HEARTS FIVE,0.5022,0.285,0.2128
HEARTS THREE CLUBS FOUR,0.6152,0.0594,0.3254
DIAMONDS ACE SPADES SIX,0.4422,0.0044,0.5534
CLUBS JACK CLUBS QUEEN,0.3754,0.0112,0.6134
HEARTS THREE DIAMONDS JACK,0.467,0.0224,0.5106
HEARTS FIVE CLUBS QUEEN,0.4648,0.0132,0.522
CLUBS SIX HEARTS THREE,0.641,0.054,0.305
SPADES TEN SPADES SIX,0.4424,0.0258,0.5318
CLUBS FIVE CLUBS FOUR,0.5754,0.0562,0.3684
SPADES EIGHT DIAMONDS FIVE,0.5028,0.2766,0.2206
DIAMONDS TWO CLUBS THREE,0.6454,0.057,0.2976
CLUBS JACK SPADES SEVEN,0.3188,0.0516,0.6296
CLUBS NINE SPADES FIVE,0.4586,0.0364,0.505
HEARTS TWO HEARTS TEN,0.4626,0.0228,0.5146
HEARTS ACE DIAMONDS FOUR,0.4668,0.0038,0.5294
HEARTS FOUR HEARTS JACK,0.437,0.0172,0.5458
SPADES NINE HEARTS NINE,0.2128,0.0538,0.7334
SPADES EIGHT SPADES THREE,0.4802,0.2658,0.254
SPADES KING SPADES TEN,0.3768,0.0074,0.6158
HEARTS FOUR SPADES SIX,0.6414,0.055,0.3036
SPADES TWO HEARTS JACK,0.4696,0.019,0.5114
CLUBS TWO HEARTS QUEEN,0.4794,0.0086,0.512
CLUBS JACK HEARTS EIGHT,0.3164,0.0594,0.6242
CLUBS NINE SPADES THREE,0.4864,0.0408,0.4728
DIAMONDS QUEEN CLUBS ACE,0.4014,0.0064,0.5922
CLUBS SEVEN HEARTS FOUR,0.6418,0.142,0.2162
CLUBS SIX DIAMONDS SIX,0.4114,0.0846,0.504
SPADES FOUR CLUBS QUEEN,0.4646,0.0088,0.5266
SPADES QUEEN CLUBS SEVEN,0.3354,0.0362,0.6284
CLUBS TWO SPADES FOUR,0.6258,0.061,0.3132
DIAMONDS TEN CLUBS ACE,0.3932,0.0056,0.6012
CLUBS FOUR DIAMONDS ACE,0.4486,0.0044,0.547
DIAMONDS THREE CLUBS FIVE,0.6304,0.0604,0.3092
HEARTS FIVE CLUBS FIVE,0.4408,0.076,0.4832
SPADES QUEEN CLUBS SIX,0.4658,0.0084,0.5258
CLUBS EIGHT CLUBS FIVE,0.4856,0.2486,0.2658
DIAMONDS THREE CLUBS FOUR,0.628,0.0576,0.3144
HEARTS ACE DIAMONDS JACK,0.3978,0.0046,0.5976
CLUBS JACK DIAMONDS THREE,0.466,0.021,0.513
HEARTS TWO DIAMONDS ACE,0.456,0.0062,0.5378
DIAMONDS QUEEN HEARTS QUEEN,0.2164,0.0248,0.7588
HEARTS EIGHT SPADES EIGHT,0.1796,0.0804,0.74
CLUBS SEVEN DIAMONDS QUEEN,0.3184,0.0342,0.6474
SPADES JACK DIAMONDS KING,0.3824,0.0088,0.6088
SPADES THREE HEARTS TEN,0.4822,0.029,0.4888
SPADES KING CLUBS FIVE,0.4628,0.0068,0.5304
DIAMONDS THREE DIAMONDS FIVE,0.6192,0.0598,0.321
CLUBS TWO DIAMONDS SIX,0.6546,0.0582,0.2872
CLUBS NINE SPADES EIGHT,0.2864,0.099,0.6146
DIAMONDS THREE SPADES FOUR,0.6258,0.0626,0.3116
DIAMONDS THREE DIAMONDS KING,0.4342,0.0112,0.5546
CLUBS FOUR DIAMONDS QUEEN,0.4608,0.0136,0.5256
CLUBS JACK HEARTS FIVE,0.4584,0.0184,0.5232
SPADES JACK CLUBS KING,0.411,0.0068,0.5822
CLUBS SIX DIAMONDS ACE,0.4468,0.0044,0.5488
SPADES KING SPADES JACK,0.379,0.0074,0.6136
HEARTS KING DIAMONDS FOUR,0.459,0.0082,0.5328
SPADES QUEEN DIAMONDS TEN,0.3776,0.0104,0.612
SPADES TEN CLUBS THREE,0.4794,0.0242,0.4964
CLUBS JACK SPADES EIGHT,0.3162,0.0608,0.623
DIAMONDS JACK DIAMONDS FOUR,0.4216,0.0186,0.5598
DIAMONDS NINE CLUBS ACE,0.3956,0.0052,0.5992
CLUBS TEN HEARTS FIVE,0.4616,0.0196,0.5188
CLUBS SEVEN HEARTS NINE,0.292,0.095,0.613
SPADES QUEEN DIAMONDS JACK,0.394,0.0078,0.5982
SPADES THREE DIAMONDS TEN,0.4694,0.0236,0.507
CLUBS TEN HEARTS SIX,0.4492,0.0278,0.523
HEARTS FIVE CLUBS ACE,0.458,0.0046,0.5374
DIAMONDS QUEEN CLUBS QUEEN,0.2168,0.0264,0.7568
HEARTS THREE HEARTS JACK,0.4428,0.017,0.5402
SPADES SIX HEARTS KING,0.4728,0.0064,0.5208
DIAMONDS TWO CLUBS FIVE,0.6314,0.0592,0.3094
SPADES FIVE CLUBS KING,0.4482,0.0064,0.5454
HEARTS SEVEN DIAMONDS TWO,0.6626,0.1382,0.1992
SPADES KING SPADES NINE,0.3926,0.0082,0.5992
SPADES FOUR DIAMONDS NINE,0.4666,0.0374,0.496
DIAMONDS QUEEN DIAMONDS NINE,0.3574,0.0088,0.6338
CLUBS FOUR HEARTS JACK,0.4654,0.0208,0.5138
HEARTS FIVE DIAMONDS KING,0.4404,0.0084,0.5512
SPADES ACE SPADES SIX,0.4346,0.003,0.5624
SPADES JACK DIAMONDS QUEEN,0.3782,0.0096,0.6122
SPADES FOUR HEARTS QUEEN,0.4732,0.01,0.5168
HEARTS SEVEN DIAMONDS SIX,0.6348,0.143,0.2222
SPADES EIGHT HEARTS KING,0.327,0.0324,0.6406
HEARTS THREE DIAMONDS ACE,0.4602,0.0058,0.534
CLUBS FIVE SPADES FOUR,0.6062,0.0554,0.3384
HEARTS EIGHT CLUBS THREE,0.5326,0.2698,0.1976
DIAMONDS TWO DIAMONDS FOUR,0.6334,0.0638,0.3028
SPADES KING HEARTS QUEEN,0.4012,0.0056,0.5932
SPADES JACK SPADES NINE,0.3668,0.0174,0.6158
DIAMONDS TWO SPADES QUEEN,0.4638,0.0122,0.524
CLUBS THREE DIAMONDS TEN,0.4706,0.0246,0.5048
HEARTS THREE HEARTS TEN,0.455,0.027,0.518
SPADES TWO DIAMONDS FOUR,0.6366,0.0626,0.3008
DIAMONDS THREE HEARTS ACE,0.464,0.0058,0.5302
SPADES SEVEN HEARTS KING,0.3242,0.0344,0.6414
SPADES FIVE DIAMONDS JACK,0.4418,0.0188,0.5394
CLUBS THREE DIAMONDS FIVE,0.6142,0.0616,0.3242
SPADES SIX DIAMONDS SIX,0.4272,0.0774,0.4954
SPADES QUEEN SPADES NINE,0.3842,0.008,0.6078
DIAMONDS QUEEN DIAMONDS FOUR,0.441,0.0104,0.5486
SPADES QUEEN HEARTS NINE,0.401,0.0092,0.5898
DIAMONDS JACK HEARTS JACK,0.2198,0.04,0.7402
SPADES JACK HEARTS TEN,0.396,0.014,0.59
CLUBS JACK DIAMONDS QUEEN,0.3856,0.0108,0.6036
SPADES ACE CLUBS NINE,0.396,0.0036,0.6004
SPADES TWO HEARTS TEN,0.4732,0.0278,0.499
CLUBS FIVE DIAMONDS FIVE,0.42,0.0874,0.4926
HEARTS SEVEN CLUBS EIGHT,0.0764,0.9008,0.0228
HEARTS THREE HEARTS ACE,0.451,0.004,0.545
CLUBS SEVEN HEARTS TEN,0.3044,0.0786,0.617
HEARTS SIX HEARTS FIVE,0.585,0.0564,0.3586
HEARTS EIGHT SPADES FOUR,0.51,0.279,0.211
HEARTS QUEEN HEARTS NINE,0.3846,0.0098,0.6056
SPADES TEN CLUBS SEVEN,0.3088,0.0622,0.629
CLUBS SEVEN HEARTS TWO,0.654,0.1388,0.2072
HEARTS KING DIAMONDS NINE,0.3986,0.0074,0.594
SPADES QUEEN DIAMONDS KING,0.3728,0.0074,0.6198
CLUBS THREE HEARTS TEN,0.4762,0.0236,0.5002
DIAMONDS TWO DIAMONDS JACK,0.4298,0.0212,0.549
DIAMONDS TWO CLUBS ACE,0.4596,0.0042,0.5362
SPADES EIGHT SPADES SEVEN,0.0736,0.8492,0.0772
HEARTS EIGHT HEARTS KING,0.3054,0.0342,0.6604
CLUBS TEN HEARTS QUEEN,0.3964,0.0102,0.5934
HEARTS TWO SPADES FIVE,0.6418,0.0584,0.2998
CLUBS TWO DIAMONDS JACK,0.4712,0.017,0.5118
HEARTS SIX SPADES FIVE,0.6272,0.0588,0.314
CLUBS THREE CLUBS TWO,0.6084,0.0588,0.3328
CLUBS THREE DIAMONDS KING,0.461,0.0098,0.5292
CLUBS JACK SPADES THREE,0.4784,0.0188,0.5028
SPADES THREE HEARTS NINE,0.48,0.0386,0.4814
HEARTS FOUR CLUBS QUEEN,0.4712,0.0102,0.5186
CLUBS SEVEN DIAMONDS JACK,0.3026,0.051,0.6464
SPADES ACE CLUBS THREE,0.4814,0.005,0.5136
SPADES ACE DIAMONDS JACK,0.4192,0.004,0.5768
SPADES NINE CLUBS THREE,0.4712,0.039,0.4898
CLUBS FIVE HEARTS TEN,0.463,0.0304,0.5066
SPADES KING HEARTS SEVEN,0.3294,0.0306,0.64
CLUBS EIGHT SPADES SEVEN,0.0696,0.9086,0.0218
CLUBS THREE HEARTS NINE,0.4562,0.0384,0.5054
CLUBS TEN DIAMONDS SIX,0.4364,0.026,0.5376
SPADES KING DIAMONDS ACE,0.4026,0.0036,0.5938
SPADES QUEEN SPADES THREE,0.4568,0.0098,0.5334
CLUBS FOUR DIAMONDS FOUR,0.4436,0.0714,0.485
HEARTS EIGHT HEARTS QUEEN,0.285,0.0406,0.6744
DIAMONDS TWO HEARTS FIVE,0.6368,0.0558,0.3074
HEARTS ACE DIAMONDS TEN,0.4062,0.005,0.5888
DIAMONDS KING HEARTS NINE,0.3978,0.0076,0.5946
DIAMONDS ACE DIAMONDS SIX,0.4144,0.0034,0.5822
SPADES EIGHT HEARTS TEN,0.304,0.074,0.622
DIAMONDS KING SPADES FIVE,0.4516,0.0094,0.539
CLUBS EIGHT HEARTS FOUR,0.5192,0.2676,0.2132
HEARTS KING SPADES TWO,0.4644,0.0098,0.5258
DIAMONDS TEN SPADES TWO,0.476,0.029,0.495
HEARTS FIVE HEARTS ACE,0.4464,0.0058,0.5478
HEARTS FOUR DIAMONDS JACK,0.4686,0.0184,0.513
HEARTS TWO HEARTS QUEEN,0.4532,0.0094,0.5374
HEARTS FIVE DIAMONDS SIX,0.6194,0.0562,0.3244
CLUBS NINE HEARTS JACK,0.3916,0.0134,0.595
CLUBS FOUR DIAMONDS JACK,0.4576,0.0214,0.521
CLUBS EIGHT SPADES NINE,0.2926,0.0992,0.6082
HEARTS SEVEN SPADES FOUR,0.6398,0.1348,0.2254
CLUBS THREE DIAMONDS JACK,0.47,0.0156,0.5144
SPADES NINE DIAMONDS FIVE,0.4482,0.0484,0.5034
DIAMONDS ACE CLUBS ACE,0.2106,0.0036,0.7858
HEARTS THREE HEARTS KING,0.4522,0.0078,0.54
SPADES SEVEN SPADES THREE,0.622,0.1352,0.2428
SPADES QUEEN DIAMONDS ACE,0.3904,0.0034,0.6062
HEARTS FOUR DIAMONDS TEN,0.459,0.0252,0.5158
SPADES FOUR DIAMONDS SIX,0.624,0.0576,0.3184
CLUBS NINE CLUBS TWO,0.4494,0.034,0.5166
CLUBS SEVEN CLUBS ACE,0.3164,0.0154,0.6682
CLUBS TEN HEARTS KING,0.4148,0.0076,0.5776
CLUBS TEN HEARTS SEVEN,0.3154,0.074,0.6106
SPADES JACK SPADES TEN,0.3668,0.0128,0.6204
DIAMONDS THREE HEARTS KING,0.473,0.008,0.519
SPADES FIVE CLUBS QUEEN,0.4694,0.0082,0.5224
CLUBS THREE DIAMONDS NINE,0.4652,0.0394,0.4954
DIAMONDS ACE HEARTS NINE,0.4102,0.0036,0.5862
SPADES JACK SPADES FOUR,0.4488,0.0172,0.534
CLUBS NINE SPADES JACK,0.4034,0.0156,0.581
CLUBS EIGHT CLUBS SIX,0.4768,0.2606,0.2626
SPADES FIVE DIAMONDS FOUR,0.6122,0.0552,0.3326
HEARTS FOUR SPADES THREE,0.6268,0.0612,0.312
HEARTS KING HEARTS QUEEN,0.3776,0.0064,0.616
SPADES KING SPADES QUEEN,0.3848,0.0072,0.608
SPADES THREE HEARTS KING,0.4758,0.0068,0.5174
HEARTS SEVEN SPADES TEN,0.3152,0.0728,0.612
CLUBS FIVE HEARTS QUEEN,0.4586,0.011,0.5304
HEARTS TWO CLUBS TWO,0.4466,0.0886,0.4648
SPADES KING DIAMONDS SIX,0.4584,0.0086,0.533
SPADES TWO DIAMONDS SIX,0.66,0.0616,0.2784
CLUBS EIGHT HEARTS QUEEN,0.307,0.0442,0.6488
HEARTS KING DIAMONDS FIVE,0.4552,0.0074,0.5374
SPADES TEN HEARTS NINE,0.3774,0.0208,0.6018
SPADES TEN DIAMONDS SIX,0.4496,0.0308,0.5196
SPADES KING CLUBS EIGHT,0.333,0.0314,0.6356
CLUBS FIVE SPADES TWO,0.6374,0.0572,0.3054
HEARTS FOUR SPADES TWO,0.6444,0.0618,0.2938
CLUBS THREE DIAMONDS FOUR,0.6186,0.056,0.3254
CLUBS TWO HEARTS ACE,0.4764,0.0034,0.5202
DIAMONDS JACK SPADES THREE,0.4648,0.02,0.5152
CLUBS EIGHT CLUBS ACE,0.2968,0.0244,0.6788
SPADES KING HEARTS KING,0.2306,0.0134,0.756
HEARTS SIX HEARTS ACE,0.4502,0.0052,0.5446
CLUBS SIX CLUBS ACE,0.4374,0.0036,0.559
CLUBS JACK CLUBS FIVE,0.443,0.015,0.542
HEARTS FIVE CLUBS TWO,0.6418,0.0626,0.2956
HEARTS EIGHT DIAMONDS NINE,0.2742,0.1016,0.6242
HEARTS SIX CLUBS FIVE,0.6172,0.061,0.3218
CLUBS FIVE DIAMONDS NINE,0.449,0.0382,0.5128
HEARTS EIGHT DIAMONDS FIVE,0.5024,0.2678,0.2298
DIAMONDS KING SPADES TWO,0.4758,0.0104,0.5138
SPADES SIX HEARTS QUEEN,0.4706,0.0114,0.518
HEARTS KING DIAMONDS SIX,0.4518,0.009,0.5392
HEARTS SIX CLUBS ACE,0.4518,0.0036,0.5446
CLUBS EIGHT HEARTS NINE,0.2954,0.1014,0.6032
HEARTS QUEEN CLUBS ACE,0.4194,0.0028,0.5778
HEARTS EIGHT DIAMONDS SIX,0.4914,0.2858,0.2228
DIAMONDS THREE SPADES THREE,0.4516,0.0808,0.4676
HEARTS EIGHT DIAMONDS KING,0.3048,0.0304,0.6648
SPADES NINE HEARTS JACK,0.3948,0.0154,0.5898
HEARTS THREE DIAMONDS KING,0.476,0.0102,0.5138
SPADES SIX DIAMONDS JACK,0.4522,0.018,0.5298
HEARTS SIX DIAMONDS TEN,0.4396,0.0248,0.5356
SPADES FIVE DIAMONDS FIVE,0.4312,0.0724,0.4964
CLUBS JACK CLUBS SEVEN,0.3112,0.0538,0.635
HEARTS JACK HEARTS TEN,0.3714,0.0138,0.6148
HEARTS SEVEN HEARTS QUEEN,0.3114,0.0392,0.6494
SPADES SEVEN DIAMONDS NINE,0.272,0.1052,0.6228
CLUBS EIGHT HEARTS THREE,0.5216,0.282,0.1964
SPADES QUEEN HEARTS TWO,0.4808,0.012,0.5072
DIAMONDS THREE HEARTS SIX,0.6394,0.0636,0.297
DIAMONDS TEN CLUBS KING,0.4046,0.0044,0.591
SPADES FIVE SPADES TWO,0.6002,0.0536,0.3462
CLUBS SEVEN CLUBS FOUR,0.61,0.127,0.263
CLUBS EIGHT CLUBS QUEEN,0.2932,0.0426,0.6642
DIAMONDS TWO CLUBS TWO,0.454,0.0836,0.4624
HEARTS QUEEN HEARTS JACK,0.3594,0.0084,0.6322
DIAMONDS ACE CLUBS THREE,0.4568,0.006,0.5372
SPADES SEVEN CLUBS FOUR,0.6364,0.1352,0.2284
CLUBS JACK CLUBS SIX,0.4264,0.0126,0.561
HEARTS THREE DIAMONDS FIVE,0.6214,0.06,0.3186
HEARTS TWO HEARTS KING,0.4468,0.0072,0.546
HEARTS SEVEN HEARTS TEN,0.2964,0.0698,0.6338
HEARTS SIX DIAMONDS KING,0.4624,0.0076,0.53
HEARTS FOUR DIAMONDS SIX,0.6326,0.0564,0.311
HEARTS SIX SPADES SEVEN,0.6264,0.138,0.2356
DIAMONDS TWO HEARTS QUEEN,0.471,0.0122,0.5168
CLUBS FIVE DIAMONDS TEN,0.447,0.0302,0.5228
HEARTS SEVEN HEARTS THREE,0.6246,0.1316,0.2438
CLUBS JACK SPADES SIX,0.464,0.0138,0.5222
SPADES FOUR DIAMONDS FIVE,0.6036,0.062,0.3344
DIAMONDS ACE CLUBS QUEEN,0.3986,0.005,0.5964
HEARTS SEVEN CLUBS NINE,0.2914,0.098,0.6106
HEARTS EIGHT CLUBS SEVEN,0.069,0.9096,0.0214
SPADES JACK DIAMONDS SIX,0.4576,0.0122,0.5302
CLUBS SEVEN SPADES THREE,0.6568,0.1342,0.209
CLUBS TEN DIAMONDS QUEEN,0.3706,0.0086,0.6208
DIAMONDS TWO CLUBS SEVEN,0.6402,0.1516,0.2082
CLUBS THREE HEARTS JACK,0.4836,0.0138,0.5026
CLUBS KING DIAMONDS FIVE,0.4554,0.0092,0.5354
DIAMONDS TWO DIAMONDS ACE,0.4244,0.004,0.5716
HEARTS FIVE CLUBS THREE,0.6296,0.0578,0.3126
SPADES ACE DIAMONDS ACE,0.2166,0.006,0.7774
SPADES THREE CLUBS ACE,0.482,0.0038,0.5142
DIAMONDS FIVE HEARTS NINE,0.4518,0.0358,0.5124
CLUBS NINE HEARTS TEN,0.3672,0.025,0.6078
CLUBS TEN HEARTS NINE,0.3906,0.0208,0.5886
SPADES JACK SPADES TWO,0.4546,0.0194,0.526
CLUBS JACK HEARTS SEVEN,0.331,0.0512,0.6178
SPADES QUEEN CLUBS THREE,0.4832,0.013,0.5038
SPADES EIGHT HEARTS NINE,0.2904,0.1032,0.6064
HEARTS TWO CLUBS ACE,0.4648,0.0054,0.5298
SPADES NINE CLUBS ACE,0.4092,0.0024,0.5884
SPADES TEN HEARTS KING,0.4056,0.0076,0.5868
CLUBS SEVEN CLUBS SIX,0.5944,0.1314,0.2742
SPADES ACE SPADES NINE,0.4016,0.0038,0.5946
SPADES ACE SPADES TWO,0.4446,0.0064,0.549
HEARTS SEVEN HEARTS KING,0.3162,0.034,0.6498
HEARTS SIX SPADES TWO,0.646,0.058,0.296
SPADES QUEEN HEARTS KING,0.3872,0.006,0.6068
DIAMONDS TWO CLUBS FOUR,0.6354,0.0588,0.3058
HEARTS FIVE DIAMONDS TEN,0.4486,0.0272,0.5242
SPADES ACE CLUBS ACE,0.2428,0.0026,0.7546
HEARTS THREE DIAMONDS NINE,0.4728,0.0432,0.484
DIAMONDS KING SPADES FOUR,0.463,0.008,0.529
DIAMONDS THREE CLUBS EIGHT,0.522,0.2768,0.2012
DIAMONDS NINE HEARTS NINE,0.1984,0.0628,0.7388
SPADES TEN DIAMONDS ACE,0.4188,0.0034,0.5778
HEARTS FIVE CLUBS FOUR,0.606,0.061,0.333
CLUBS KING CLUBS QUEEN,0.3716,0.0062,0.6222
DIAMONDS THREE SPADES QUEEN,0.4766,0.0084,0.515
DIAMONDS THREE CLUBS QUEEN,0.4666,0.0122,0.5212
HEARTS THREE SPADES SEVEN,0.653,0.1368,0.2102
DIAMONDS TWO SPADES SIX,0.652,0.0582,0.2898
CLUBS ACE DIAMONDS FIVE,0.4566,0.0036,0.5398
HEARTS FOUR SPADES NINE,0.4758,0.0382,0.486
HEARTS ACE HEARTS TEN,0.3844,0.0044,0.6112
CLUBS TEN HEARTS THREE,0.482,0.024,0.494
CLUBS TWO DIAMONDS QUEEN,0.4694,0.012,0.5186
CLUBS TWO HEARTS KING,0.4764,0.0068,0.5168
HEARTS ACE CLUBS QUEEN,0.4062,0.0026,0.5912
SPADES SEVEN SPADES FIVE,0.6016,0.1274,0.271
CLUBS EIGHT HEARTS JACK,0.3136,0.0594,0.627
HEARTS KING CLUBS QUEEN,0.3956,0.0072,0.5972
SPADES JACK DIAMONDS ACE,0.3966,0.0066,0.5968
SPADES SEVEN CLUBS QUEEN,0.3436,0.0384,0.618
SPADES SEVEN DIAMONDS KING,0.3222,0.0294,0.6484
HEARTS EIGHT HEARTS TWO,0.4894,0.268,0.2426
CLUBS SEVEN SPADES FOUR,0.6462,0.1332,0.2206
SPADES SIX SPADES THREE,0.6076,0.051,0.3414
DIAMONDS JACK HEARTS TEN,0.387,0.017,0.596
CLUBS TEN HEARTS TEN,0.2156,0.046,0.7384
DIAMONDS THREE HEARTS TEN,0.4822,0.0268,0.491
SPADES SIX CLUBS ACE,0.4586,0.0026,0.5388
CLUBS FIVE CLUBS THREE,0.598,0.0448,0.3572
SPADES NINE SPADES SIX,0.4232,0.0376,0.5392
SPADES NINE CLUBS FIVE,0.4488,0.0374,0.5138
HEARTS EIGHT HEARTS FOUR,0.481,0.2704,0.2486
SPADES ACE HEARTS EIGHT,0.3204,0.0278,0.6518
SPADES QUEEN DIAMONDS NINE,0.3892,0.011,0.5998
HEARTS THREE SPADES FIVE,0.6158,0.0624,0.3218
DIAMONDS ACE CLUBS KING,0.3996,0.0074,0.593
DIAMONDS ACE CLUBS TWO,0.4516,0.005,0.5434
SPADES KING CLUBS TEN,0.406,0.0054,0.5886
HEARTS ACE SPADES TWO,0.465,0.0044,0.5306
SPADES QUEEN SPADES SEVEN,0.3238,0.0412,0.635
SPADES ACE CLUBS TEN,0.4214,0.0048,0.5738
CLUBS NINE SPADES FOUR,0.4784,0.0388,0.4828
SPADES THREE CLUBS KING,0.4762,0.0088,0.515
HEARTS ACE HEARTS JACK,0.388,0.003,0.609
CLUBS ACE HEARTS TEN,0.4054,0.0034,0.5912
HEARTS SEVEN DIAMONDS FOUR,0.635,0.1384,0.2266
SPADES THREE CLUBS QUEEN,0.4832,0.01,0.5068
DIAMONDS KING CLUBS TWO,0.4638,0.0076,0.5286
HEARTS QUEEN DIAMONDS FOUR,0.458,0.0108,0.5312
CLUBS FIVE SPADES SIX,0.6152,0.057,0.3278
CLUBS EIGHT SPADES TEN,0.3222,0.068,0.6098
DIAMONDS TEN DIAMONDS NINE,0.3244,0.0266,0.649
SPADES TEN DIAMONDS QUEEN,0.383,0.0114,0.6056
SPADES JACK DIAMONDS FOUR,0.463,0.0196,0.5174
SPADES NINE HEARTS THREE,0.4878,0.0418,0.4704
SPADES TEN SPADES SEVEN,0.286,0.0674,0.6466
CLUBS FOUR SPADES SIX,0.639,0.0566,0.3044
DIAMONDS THREE SPADES SIX,0.6354,0.0632,0.3014
SPADES FIVE HEARTS QUEEN,0.453,0.0116,0.5354
CLUBS THREE HEARTS ACE,0.4734,0.0048,0.5218
SPADES ACE CLUBS JACK,0.4152,0.0036,0.5812
SPADES ACE SPADES EIGHT,0.3026,0.024,0.6734
CLUBS EIGHT CLUBS TWO,0.4898,0.262,0.2482
DIAMONDS THREE HEARTS SEVEN,0.6558,0.138,0.2062
CLUBS NINE HEARTS QUEEN,0.399,0.01,0.591
CLUBS JACK CLUBS EIGHT,0.298,0.0532,0.6488
DIAMONDS THREE HEARTS THREE,0.4548,0.0846,0.4606
SPADES QUEEN HEARTS SIX,0.4646,0.0096,0.5258
SPADES FOUR HEARTS JACK,0.475,0.0148,0.5102
DIAMONDS JACK HEARTS KING,0.391,0.007,0.602
SPADES ACE SPADES FOUR,0.4398,0.0048,0.5554
CLUBS JACK HEARTS JACK,0.2298,0.0362,0.734
SPADES SIX SPADES FOUR,0.5948,0.0562,0.349
CLUBS FIVE SPADES FIVE,0.4436,0.078,0.4784
CLUBS SIX DIAMONDS KING,0.4402,0.007,0.5528
SPADES KING CLUBS SEVEN,0.3326,0.0328,0.6346
DIAMONDS SIX CLUBS KING,0.4464,0.0088,0.5448
HEARTS FIVE DIAMONDS QUEEN,0.4512,0.013,0.5358
HEARTS FOUR HEARTS THREE,0.5954,0.0602,0.3444
HEARTS SIX CLUBS SEVEN,0.6236,0.1276,0.2488
SPADES JACK HEARTS KING,0.3952,0.0044,0.6004
HEARTS SEVEN CLUBS FOUR,0.6462,0.1278,0.226
HEARTS EIGHT SPADES JACK,0.3098,0.061,0.6292
CLUBS TEN DIAMONDS ACE,0.4026,0.0044,0.593
CLUBS TEN DIAMONDS TWO,0.4756,0.031,0.4934
HEARTS SIX CLUBS KING,0.4618,0.008,0.5302
HEARTS FIVE SPADES TWO,0.6406,0.0558,0.3036
HEARTS JACK DIAMONDS FIVE,0.4512,0.019,0.5298
DIAMONDS TWO DIAMONDS NINE,0.4266,0.0414,0.532
CLUBS FIVE HEARTS NINE,0.4656,0.035,0.4994
SPADES JACK HEARTS QUEEN,0.4156,0.0108,0.5736
SPADES FIVE DIAMONDS SIX,0.6112,0.0646,0.3242
HEARTS FIVE DIAMONDS FOUR,0.6162,0.0604,0.3234
DIAMONDS NINE CLUBS QUEEN,0.3842,0.01,0.6058
DIAMONDS KING HEARTS KING,0.2076,0.0126,0.7798
DIAMONDS NINE DIAMONDS FIVE,0.406,0.0444,0.5496
DIAMONDS KING CLUBS KING,0.2154,0.0202,0.7644
DIAMONDS THREE HEARTS FIVE,0.6294,0.0552,0.3154
CLUBS EIGHT CLUBS SEVEN,0.0686,0.861,0.0704
SPADES QUEEN DIAMONDS QUEEN,0.2198,0.023,0.7572
SPADES TEN DIAMONDS JACK,0.3692,0.014,0.6168
CLUBS TEN DIAMONDS KING,0.3894,0.008,0.6026
HEARTS TWO HEARTS JACK,0.4538,0.0188,0.5274
CLUBS SIX HEARTS TEN,0.4558,0.023,0.5212
DIAMONDS THREE SPADES KING,0.487,0.0064,0.5066
CLUBS EIGHT DIAMONDS ACE,0.3194,0.0222,0.6584
HEARTS FOUR HEARTS ACE,0.4374,0.0054,0.5572
DIAMONDS ACE HEARTS KING,0.4088,0.0054,0.5858
DIAMONDS KING DIAMONDS FIVE,0.4128,0.005,0.5822
SPADES TEN CLUBS KING,0.3972,0.0054,0.5974
HEARTS ACE HEARTS NINE,0.3974,0.0056,0.597
HEARTS FIVE SPADES TEN,0.4794,0.0264,0.4942
SPADES EIGHT CLUBS QUEEN,0.3066,0.045,0.6484
SPADES NINE SPADES FOUR,0.444,0.039,0.517
DIAMONDS JACK DIAMONDS NINE,0.338,0.0174,0.6446
CLUBS NINE CLUBS KING,0.3916,0.0078,0.6006
CLUBS TEN CLUBS FIVE,0.4464,0.0238,0.5298
SPADES ACE SPADES THREE,0.441,0.0042,0.5548
DIAMONDS TEN DIAMONDS FIVE,0.4166,0.0262,0.5572
SPADES NINE HEARTS KING,0.4122,0.0064,0.5814
SPADES KING CLUBS KING,0.239,0.0152,0.7458
HEARTS EIGHT CLUBS ACE,0.3252,0.0258,0.649
DIAMONDS THREE HEARTS TWO,0.6424,0.0588,0.2988
SPADES SIX DIAMONDS QUEEN,0.451,0.009,0.54
HEARTS THREE DIAMONDS SIX,0.6402,0.0592,0.3006
DIAMONDS THREE DIAMONDS ACE,0.423,0.006,0.571
CLUBS EIGHT SPADES EIGHT,0.1844,0.0806,0.735
DIAMONDS TWO HEARTS JACK,0.4864,0.016,0.4976
SPADES NINE DIAMONDS SIX,0.451,0.038,0.511
DIAMONDS TWO DIAMONDS FIVE,0.6236,0.0626,0.3138
CLUBS KING DIAMONDS FOUR,0.469,0.0072,0.5238
CLUBS NINE CLUBS SEVEN,0.2804,0.099,0.6206
SPADES ACE CLUBS FIVE,0.465,0.0038,0.5312
CLUBS SIX DIAMONDS TEN,0.4392,0.0246,0.5362
HEARTS TWO DIAMONDS TEN,0.4756,0.0246,0.4998
CLUBS SIX CLUBS QUEEN,0.4192,0.0096,0.5712
SPADES QUEEN CLUBS KING,0.3978,0.0072,0.595
HEARTS EIGHT SPADES THREE,0.5222,0.2826,0.1952
CLUBS NINE HEARTS NINE,0.21,0.0522,0.7378
CLUBS TWO HEARTS JACK,0.4854,0.017,0.4976
SPADES KING HEARTS JACK,0.401,0.0066,0.5924
DIAMONDS THREE DIAMONDS FOUR,0.6244,0.06,0.3156
DIAMONDS QUEEN DIAMONDS TEN,0.3362,0.0126,0.6512
SPADES FIVE DIAMONDS TEN,0.4562,0.0238,0.52
CLUBS SIX HEARTS ACE,0.4502,0.0018,0.548
SPADES ACE HEARTS FOUR,0.465,0.0032,0.5318
CLUBS KING HEARTS TEN,0.3996,0.0046,0.5958
CLUBS SEVEN SPADES EIGHT,0.0694,0.9094,0.0212
SPADES THREE DIAMONDS SIX,0.636,0.059,0.305
HEARTS SEVEN DIAMONDS NINE,0.2788,0.0988,0.6224
HEARTS EIGHT CLUBS FOUR,0.5104,0.2694,0.2202
HEARTS SIX HEARTS NINE,0.4222,0.0332,0.5446
HEARTS SEVEN HEARTS JACK,0.2998,0.0498,0.6504
SPADES KING HEARTS ACE,0.3966,0.0028,0.6006
SPADES QUEEN DIAMONDS FIVE,0.4628,0.0114,0.5258
HEARTS EIGHT HEARTS FIVE,0.4764,0.271,0.2526
CLUBS SEVEN DIAMONDS NINE,0.2764,0.1004,0.6232
SPADES SEVEN HEARTS ACE,0.3286,0.0196,0.6518
DIAMONDS THREE SPADES TEN,0.4726,0.029,0.4984
DIAMONDS TEN CLUBS QUEEN,0.3796,0.0102,0.6102
HEARTS EIGHT CLUBS TEN,0.3066,0.0702,0.6232
CLUBS NINE CLUBS FOUR,0.4396,0.0358,0.5246
DIAMONDS TWO SPADES JACK,0.462,0.0182,0.5198
CLUBS ACE DIAMONDS FOUR,0.4586,0.0044,0.537
SPADES KING HEARTS THREE,0.4848,0.008,0.5072
CLUBS TEN SPADES JACK,0.3844,0.012,0.6036
HEARTS FIVE HEARTS FOUR,0.5784,0.0544,0.3672
HEARTS QUEEN DIAMONDS NINE,0.394,0.0108,0.5952
SPADES QUEEN HEARTS QUEEN,0.219,0.0252,0.7558
SPADES JACK SPADES SEVEN,0.3048,0.0572,0.638
SPADES TEN SPADES FOUR,0.4368,0.0216,0.5416
SPADES NINE CLUBS FOUR,0.4722,0.0384,0.4894
SPADES TEN HEARTS THREE,0.4776,0.024,0.4984
DIAMONDS KING DIAMONDS FOUR,0.4212,0.0078,0.571
CLUBS JACK HEARTS NINE,0.3916,0.0162,0.5922
CLUBS SIX DIAMONDS JACK,0.4468,0.0192,0.534
SPADES ACE CLUBS TWO,0.473,0.0034,0.5236
DIAMONDS KING HEARTS JACK,0.3904,0.006,0.6036
SPADES TEN HEARTS TWO,0.477,0.0248,0.4982
CLUBS TEN SPADES TEN,0.2104,0.0496,0.74
DIAMONDS THREE SPADES FIVE,0.6212,0.057,0.3218
DIAMONDS ACE DIAMONDS KING,0.362,0.0082,0.6298
CLUBS JACK SPADES FOUR,0.481,0.0158,0.5032
SPADES SEVEN DIAMONDS TEN,0.307,0.075,0.618
CLUBS JACK CLUBS KING,0.3784,0.0064,0.6152
SPADES JACK HEARTS JACK,0.2342,0.0364,0.7294
CLUBS THREE DIAMONDS SIX,0.641,0.0618,0.2972
SPADES ACE CLUBS FOUR,0.4712,0.0038,0.525
CLUBS FIVE DIAMONDS ACE,0.437,0.0052,0.5578
HEARTS SEVEN HEARTS NINE,0.2854,0.0938,0.6208
SPADES ACE HEARTS TWO,0.4668,0.004,0.5292
SPADES FOUR HEARTS KING,0.468,0.0088,0.5232
HEARTS JACK DIAMONDS FOUR,0.4686,0.0204,0.511
HEARTS SEVEN HEARTS SIX,0.5716,0.1462,0.2822
DIAMONDS TEN DIAMONDS FOUR,0.417,0.0282,0.5548
HEARTS THREE SPADES EIGHT,0.5154,0.2754,0.2092
SPADES QUEEN CLUBS TWO,0.4884,0.0124,0.4992
SPADES ACE DIAMONDS NINE,0.3896,0.0042,0.6062
DIAMONDS TEN DIAMONDS SIX,0.3932,0.0316,0.5752
SPADES SIX SPADES FIVE,0.5862,0.0546,0.3592
SPADES TWO HEARTS NINE,0.4872,0.0368,0.476
SPADES TEN CLUBS ACE,0.4052,0.005,0.5898
HEARTS FIVE SPADES FIVE,0.4308,0.083,0.4862
CLUBS FOUR CLUBS THREE,0.5784,0.0566,0.365
CLUBS JACK CLUBS ACE,0.3774,0.005,0.6176
SPADES SEVEN HEARTS NINE,0.2924,0.0934,0.6142
HEARTS SEVEN DIAMONDS QUEEN,0.3176,0.0428,0.6396
CLUBS THREE HEARTS KING,0.4806,0.0078,0.5116
HEARTS SIX DIAMONDS SIX,0.4302,0.0794,0.4904
HEARTS EIGHT CLUBS KING,0.3286,0.0342,0.6372
CLUBS SEVEN DIAMONDS SIX,0.6274,0.1426,0.23
CLUBS THREE SPADES FOUR,0.6416,0.0506,0.3078
DIAMONDS QUEEN HEARTS ACE,0.4088,0.004,0.5872
HEARTS TWO DIAMONDS KING,0.4718,0.0082,0.52
SPADES NINE DIAMONDS KING,0.3968,0.0076,0.5956
SPADES NINE DIAMONDS JACK,0.38,0.016,0.604
HEARTS SIX SPADES NINE,0.4422,0.0392,0.5186
SPADES FIVE CLUBS TWO,0.6408,0.054,0.3052
HEARTS FIVE DIAMONDS ACE,0.4372,0.0046,0.5582
SPADES TEN DIAMONDS FOUR,0.4636,0.0284,0.508
HEARTS QUEEN DIAMONDS FIVE,0.458,0.0108,0.5312
SPADES ACE SPADES FIVE,0.4346,0.004,0.5614
HEARTS TWO DIAMONDS JACK,0.4776,0.0174,0.505
HEARTS SEVEN SPADES FIVE,0.6364,0.1366,0.227
HEARTS SIX HEARTS QUEEN,0.4354,0.0118,0.5528
DIAMONDS ACE DIAMONDS FIVE,0.4056,0.0058,0.5886
CLUBS FIVE SPADES SEVEN,0.6346,0.1346,0.2308
SPADES TEN DIAMONDS KING,0.387,0.0058,0.6072
HEARTS EIGHT HEARTS SEVEN,0.0704,0.8562,0.0734
DIAMONDS TWO SPADES FOUR,0.6352,0.0558,0.309
CLUBS JACK DIAMONDS KING,0.3914,0.0084,0.6002
HEARTS SEVEN DIAMONDS JACK,0.3078,0.0552,0.637
HEARTS EIGHT DIAMONDS FOUR,0.5172,0.2724,0.2104
DIAMONDS ACE DIAMONDS NINE,0.356,0.0048,0.6392
SPADES TEN CLUBS QUEEN,0.4026,0.0108,0.5866
SPADES JACK SPADES THREE,0.4366,0.017,0.5464
CLUBS FOUR HEARTS NINE,0.4742,0.038,0.4878
SPADES TWO CLUBS KING,0.4828,0.0094,0.5078
SPADES TEN SPADES EIGHT,0.2852,0.0692,0.6456
CLUBS SIX DIAMONDS NINE,0.4282,0.037,0.5348
DIAMONDS THREE CLUBS THREE,0.4518,0.0792,0.469
CLUBS SIX SPADES THREE,0.6456,0.0582,0.2962
DIAMONDS TWO CLUBS EIGHT,0.5192,0.2836,0.1972
SPADES THREE SPADES TWO,0.6178,0.0532,0.329
CLUBS FIVE CLUBS TWO,0.6068,0.0504,0.3428
CLUBS SEVEN DIAMONDS KING,0.3154,0.0372,0.6474
CLUBS TEN DIAMONDS FIVE,0.4696,0.0254,0.505
CLUBS SEVEN DIAMONDS ACE,0.3184,0.0176,0.664
SPADES JACK SPADES EIGHT,0.28,0.0542,0.6658
SPADES NINE DIAMONDS FOUR,0.4618,0.0336,0.5046
DIAMONDS THREE CLUBS TWO,0.6394,0.0574,0.3032
HEARTS SEVEN CLUBS SEVEN,0.3336,0.0714,0.595
HEARTS EIGHT SPADES FIVE,0.5142,0.28,0.2058
SPADES TWO CLUBS ACE,0.4906,0.0052,0.5042
SPADES FOUR CLUBS KING,0.4812,0.007,0.5118
SPADES THREE HEARTS JACK,0.4898,0.0176,0.4926
CLUBS ACE CLUBS KING,0.3978,0.0034,0.5988
CLUBS TWO CLUBS ACE,0.4462,0.005,0.5488
SPADES SIX HEARTS TEN,0.4594,0.0222,0.5184
DIAMONDS THREE DIAMONDS JACK,0.4288,0.018,0.5532
SPADES EIGHT SPADES FOUR,0.4776,0.2626,0.2598
HEARTS EIGHT SPADES SIX,0.506,0.2796,0.2144
CLUBS SIX DIAMONDS QUEEN,0.4454,0.015,0.5396
CLUBS EIGHT DIAMONDS QUEEN,0.2976,0.0438,0.6586
HEARTS EIGHT SPADES KING,0.3314,0.0308,0.6378
CLUBS FIVE DIAMONDS JACK,0.4504,0.0178,0.5318
CLUBS QUEEN HEARTS NINE,0.3968,0.0106,0.5926
SPADES SIX CLUBS KING,0.453,0.0072,0.5398
CLUBS JACK SPADES KING,0.4014,0.0058,0.5928
HEARTS SIX SPADES JACK,0.4532,0.0154,0.5314
HEARTS ACE DIAMONDS NINE,0.3914,0.0046,0.604
SPADES EIGHT CLUBS THREE,0.5208,0.291,0.1882
SPADES EIGHT HEARTS QUEEN,0.3122,0.0446,0.6432
SPADES EIGHT CLUBS ACE,0.3186,0.0232,0.6582
SPADES NINE SPADES FIVE,0.4224,0.0418,0.5358
CLUBS JACK HEARTS KING,0.4144,0.0064,0.5792
HEARTS EIGHT HEARTS ACE,0.3178,0.0226,0.6596
SPADES JACK CLUBS FIVE,0.4646,0.0146,0.5208
HEARTS SEVEN CLUBS ACE,0.3258,0.0216,0.6526
CLUBS JACK DIAMONDS ACE,0.4066,0.0054,0.588
CLUBS SEVEN SPADES SEVEN,0.3442,0.0726,0.5832
HEARTS SEVEN HEARTS ACE,0.3106,0.0218,0.6676
DIAMONDS THREE DIAMONDS TEN,0.4328,0.0296,0.5376
SPADES EIGHT HEARTS JACK,0.3148,0.053,0.6322
HEARTS SEVEN SPADES TWO,0.6558,0.1366,0.2076
HEARTS SEVEN CLUBS TWO,0.6564,0.1422,0.2014
CLUBS TEN SPADES EIGHT,0.2956,0.0716,0.6328
CLUBS SIX SPADES TWO,0.6484,0.0602,0.2914
HEARTS FOUR CLUBS FOUR,0.442,0.0788,0.4792
CLUBS EIGHT HEARTS TWO,0.5236,0.283,0.1934
DIAMONDS TWO HEARTS KING,0.4724,0.01,0.5176
SPADES TEN SPADES THREE,0.4512,0.0228,0.526
CLUBS FOUR SPADES THREE,0.6278,0.0532,0.319
CLUBS JACK SPADES QUEEN,0.3914,0.0076,0.601
HEARTS EIGHT CLUBS QUEEN,0.303,0.0438,0.6532
CLUBS EIGHT DIAMONDS NINE,0.274,0.0982,0.6278
HEARTS SIX DIAMONDS NINE,0.4368,0.0358,0.5274
SPADES EIGHT DIAMONDS KING,0.3062,0.033,0.6608
CLUBS TEN SPADES THREE,0.4776,0.0242,0.4982
CLUBS JACK DIAMONDS TWO,0.4652,0.0226,0.5122
HEARTS SIX HEARTS TEN,0.4194,0.0238,0.5568
HEARTS TWO CLUBS QUEEN,0.4718,0.0118,0.5164
HEARTS SIX CLUBS QUEEN,0.4536,0.0082,0.5382
CLUBS JACK HEARTS QUEEN,0.3986,0.007,0.5944
CLUBS THREE DIAMONDS QUEEN,0.4662,0.0108,0.523
HEARTS FOUR HEARTS NINE,0.442,0.0422,0.5158
CLUBS TEN SPADES QUEEN,0.3984,0.01,0.5916
DIAMONDS THREE SPADES TWO,0.6494,0.0604,0.2902
CLUBS EIGHT DIAMONDS FIVE,0.497,0.2822,0.2208
HEARTS ACE HEARTS KING,0.3966,0.0034,0.6
SPADES THREE HEARTS QUEEN,0.4682,0.011,0.5208
HEARTS ACE DIAMONDS SIX,0.4684,0.0026,0.529
CLUBS NINE DIAMONDS FOUR,0.4672,0.0416,0.4912
HEARTS FOUR HEARTS QUEEN,0.4382,0.0134,0.5484
DIAMONDS KING HEARTS TEN,0.3858,0.0064,0.6078
SPADES NINE HEARTS QUEEN,0.4066,0.01,0.5834
CLUBS NINE CLUBS QUEEN,0.377,0.014,0.609
CLUBS EIGHT DIAMONDS TEN,0.2926,0.0786,0.6288
CLUBS SIX HEARTS QUEEN,0.4522,0.0132,0.5346
HEARTS TWO DIAMONDS FOUR,0.6254,0.0542,0.3204
HEARTS SEVEN HEARTS FOUR,0.5992,0.1366,0.2642
CLUBS FIVE CLUBS KING,0.4332,0.0062,0.5606
SPADES SIX DIAMONDS FIVE,0.6292,0.061,0.3098
HEARTS SIX SPADES SIX,0.4308,0.0882,0.481
SPADES JACK SPADES FIVE,0.443,0.0158,0.5412
CLUBS SEVEN SPADES TWO,0.649,0.1432,0.2078
HEARTS EIGHT DIAMONDS TWO,0.517,0.2842,0.1988
SPADES KING SPADES FOUR,0.4376,0.0058,0.5566
CLUBS THREE HEARTS QUEEN,0.465,0.0108,0.5242
DIAMONDS SIX CLUBS QUEEN,0.4512,0.0126,0.5362
SPADES ACE CLUBS SEVEN,0.3304,0.0214,0.6482
HEARTS TWO CLUBS FOUR,0.6392,0.06,0.3008
CLUBS SIX HEARTS TWO,0.65,0.0658,0.2842
SPADES SEVEN CLUBS THREE,0.659,0.1376,0.2034
SPADES NINE CLUBS QUEEN,0.4034,0.0118,0.5848
CLUBS JACK CLUBS TWO,0.4512,0.0164,0.5324
SPADES ACE DIAMONDS QUEEN,0.393,0.0032,0.6038
HEARTS FIVE SPADES SEVEN,0.6336,0.1364,0.23
CLUBS TEN CLUBS TWO,0.4556,0.0224,0.522
SPADES JACK HEARTS ACE,0.4158,0.0044,0.5798
HEARTS SEVEN SPADES NINE,0.288,0.1034,0.6086
CLUBS FOUR DIAMONDS TEN,0.4586,0.0254,0.516
HEARTS THREE HEARTS TWO,0.6208,0.0556,0.3236
HEARTS FOUR CLUBS SIX,0.6336,0.0616,0.3048
CLUBS TWO SPADES THREE,0.6578,0.0574,0.2848
CLUBS NINE HEARTS THREE,0.4832,0.0384,0.4784
HEARTS TEN DIAMONDS FIVE,0.4714,0.03,0.4986
HEARTS SEVEN CLUBS QUEEN,0.3386,0.0376,0.6238
HEARTS EIGHT DIAMONDS QUEEN,0.2924,0.0412,0.6664
CLUBS FIVE HEARTS JACK,0.4704,0.0126,0.517
SPADES JACK DIAMONDS FIVE,0.4686,0.0174,0.514
CLUBS SIX DIAMONDS FIVE,0.6144,0.0584,0.3272
SPADES TEN HEARTS FOUR,0.464,0.0264,0.5096
HEARTS SEVEN CLUBS SIX,0.6352,0.1334,0.2314
SPADES KING HEARTS NINE,0.414,0.0064,0.5796
HEARTS SIX HEARTS THREE,0.602,0.0588,0.3392
DIAMONDS TWO HEARTS TWO,0.4388,0.0856,0.4756
SPADES JACK CLUBS ACE,0.4152,0.0046,0.5802
HEARTS SIX SPADES FOUR,0.6368,0.0566,0.3066
CLUBS TWO DIAMONDS FIVE,0.6428,0.0574,0.2998
HEARTS FIVE SPADES SIX,0.6194,0.0578,0.3228
CLUBS NINE HEARTS FIVE,0.4616,0.0338,0.5046
SPADES NINE DIAMONDS ACE,0.394,0.0038,0.6022
CLUBS JACK SPADES FIVE,0.46,0.0152,0.5248
SPADES QUEEN DIAMONDS FOUR,0.446,0.0142,0.5398
HEARTS JACK CLUBS QUEEN,0.3984,0.0088,0.5928
HEARTS JACK HEARTS NINE,0.3732,0.0156,0.6112
HEARTS EIGHT HEARTS JACK,0.2986,0.0586,0.6428
SPADES EIGHT CLUBS KING,0.3238,0.034,0.6422
DIAMONDS QUEEN HEARTS TEN,0.3906,0.0116,0.5978
CLUBS FOUR CLUBS QUEEN,0.4532,0.0138,0.533
SPADES JACK HEARTS NINE,0.3792,0.0156,0.6052
SPADES KING DIAMONDS NINE,0.404,0.0068,0.5892
SPADES JACK CLUBS QUEEN,0.393,0.0098,0.5972
CLUBS SEVEN CLUBS QUEEN,0.3212,0.04,0.6388
SPADES EIGHT CLUBS FOUR,0.5214,0.2676,0.211
CLUBS EIGHT CLUBS FOUR,0.488,0.2638,0.2482
SPADES FOUR HEARTS ACE,0.454,0.0026,0.5434
SPADES ACE SPADES SEVEN,0.312,0.0198,0.6682
SPADES ACE HEARTS THREE,0.472,0.0044,0.5236
DIAMONDS NINE DIAMONDS SIX,0.392,0.0406,0.5674
DIAMONDS JACK HEARTS QUEEN,0.3908,0.0106,0.5986
SPADES KING HEARTS TWO,0.4708,0.0066,0.5226
SPADES QUEEN HEARTS FOUR,0.469,0.0096,0.5214
DIAMONDS ACE HEARTS JACK,0.4026,0.0036,0.5938
CLUBS NINE DIAMONDS ACE,0.3924,0.004,0.6036
DIAMONDS JACK SPADES TWO,0.4638,0.017,0.5192
HEARTS EIGHT CLUBS NINE,0.2926,0.0956,0.6118
DIAMONDS THREE CLUBS SIX,0.6486,0.062,0.2894
HEARTS JACK DIAMONDS SIX,0.4556,0.0194,0.525
DIAMONDS TWO HEARTS FOUR,0.6348,0.0596,0.3056
CLUBS NINE CLUBS EIGHT,0.2842,0.0936,0.6222
SPADES TWO DIAMONDS FIVE,0.6224,0.0618,0.3158
HEARTS SEVEN SPADES THREE,0.6554,0.1352,0.2094
DIAMONDS THREE CLUBS KING,0.4732,0.0098,0.517
CLUBS JACK DIAMONDS FOUR,0.474,0.0162,0.5098
DIAMONDS QUEEN CLUBS KING,0.3764,0.0088,0.6148
SPADES QUEEN HEARTS THREE,0.4804,0.01,0.5096
SPADES FIVE HEARTS JACK,0.4618,0.0152,0.523
CLUBS FIVE CLUBS ACE,0.4402,0.0036,0.5562
CLUBS JACK DIAMONDS JACK,0.213,0.0376,0.7494
CLUBS SEVEN DIAMONDS FIVE,0.6368,0.1406,0.2226
DIAMONDS SIX HEARTS NINE,0.439,0.0414,0.5196
HEARTS SEVEN HEARTS FIVE,0.6016,0.1266,0.2718
SPADES QUEEN CLUBS QUEEN,0.2312,0.026,0.7428
CLUBS SEVEN HEARTS ACE,0.3364,0.0232,0.6404
SPADES TEN CLUBS FIVE,0.4644,0.0258,0.5098
HEARTS FIVE HEARTS JACK,0.433,0.0194,0.5476
CLUBS NINE DIAMONDS SIX,0.4494,0.035,0.5156
CLUBS FOUR HEARTS ACE,0.4676,0.0042,0.5282
SPADES JACK HEARTS FOUR,0.466,0.0158,0.5182
HEARTS FIVE SPADES NINE,0.4606,0.0374,0.502
CLUBS EIGHT DIAMONDS JACK,0.2862,0.0598,0.654
HEARTS FOUR DIAMONDS QUEEN,0.4622,0.015,0.5228
DIAMONDS SIX DIAMONDS FOUR,0.6436,0.0602,0.2962
HEARTS ACE CLUBS KING,0.4024,0.0026,0.595
SPADES QUEEN SPADES TWO,0.4448,0.013,0.5422
HEARTS EIGHT DIAMONDS JACK,0.301,0.0678,0.6312
SPADES JACK CLUBS TWO,0.4748,0.0168,0.5084
CLUBS EIGHT SPADES FOUR,0.5156,0.2754,0.209
CLUBS EIGHT DIAMONDS FOUR,0.509,0.2776,0.2134
SPADES TWO HEARTS QUEEN,0.469,0.0104,0.5206
DIAMONDS TWO DIAMONDS SIX,0.6476,0.0642,0.2882
CLUBS TEN CLUBS KING,0.3826,0.005,0.6124
HEARTS SIX DIAMONDS QUEEN,0.4566,0.0112,0.5322
HEARTS QUEEN HEARTS TEN,0.3786,0.01,0.6114
HEARTS EIGHT HEARTS THREE,0.4896,0.2698,0.2406
SPADES EIGHT SPADES TWO,0.49,0.261,0.249
DIAMONDS TWO DIAMONDS KING,0.4376,0.0092,0.5532
HEARTS FIVE HEARTS QUEEN,0.4342,0.0116,0.5542
HEARTS EIGHT SPADES QUEEN,0.319,0.042,0.639
SPADES FIVE HEARTS TEN,0.4628,0.0278,0.5094
SPADES TEN DIAMONDS TEN,0.1992,0.0448,0.756
CLUBS NINE CLUBS ACE,0.3916,0.0038,0.6046
CLUBS FIVE SPADES THREE,0.6264,0.054,0.3196
SPADES ACE SPADES KING,0.3772,0.003,0.6198
SPADES KING HEARTS TEN,0.4096,0.0068,0.5836
DIAMONDS TWO SPADES THREE,0.643,0.0614,0.2956
SPADES TWO DIAMONDS NINE,0.4706,0.0454,0.484
HEARTS FIVE HEARTS THREE,0.5872,0.0528,0.36
SPADES KING HEARTS SIX,0.4522,0.0058,0.542
SPADES SEVEN CLUBS TWO,0.6538,0.1328,0.2134
HEARTS JACK CLUBS KING,0.402,0.0034,0.5946
SPADES FIVE DIAMONDS QUEEN,0.4474,0.01,0.5426
HEARTS TWO CLUBS KING,0.475,0.0092,0.5158
HEARTS SIX HEARTS KING,0.4356,0.008,0.5564
HEARTS SEVEN DIAMONDS KING,0.3106,0.0278,0.6616
CLUBS TEN HEARTS TWO,0.4764,0.0288,0.4948
HEARTS FOUR CLUBS FIVE,0.6204,0.05,0.3296
HEARTS QUEEN CLUBS QUEEN,0.2382,0.0232,0.7386
SPADES QUEEN SPADES JACK,0.3782,0.0096,0.6122
DIAMONDS TWO SPADES EIGHT,0.5258,0.2788,0.1954
SPADES FIVE HEARTS KING,0.4588,0.0066,0.5346
CLUBS FOUR HEARTS TEN,0.4696,0.0296,0.5008
SPADES QUEEN CLUBS NINE,0.3956,0.0106,0.5938
HEARTS SEVEN SPADES JACK,0.3246,0.0538,0.6216
CLUBS FOUR HEARTS QUEEN,0.463,0.012,0.525
HEARTS SIX CLUBS TWO,0.6644,0.0548,0.2808
CLUBS FOUR DIAMONDS KING,0.4542,0.0064,0.5394
CLUBS NINE SPADES SIX,0.4306,0.0426,0.5268
HEARTS FOUR CLUBS THREE,0.6252,0.0582,0.3166
SPADES SEVEN SPADES SIX,0.589,0.1292,0.2818
HEARTS NINE DIAMONDS FOUR,0.4632,0.04,0.4968
HEARTS FOUR SPADES SEVEN,0.6274,0.1436,0.229
CLUBS FOUR DIAMONDS NINE,0.4708,0.04,0.4892
SPADES JACK DIAMONDS NINE,0.3714,0.0106,0.618
DIAMONDS THREE CLUBS NINE,0.4762,0.0418,0.482
DIAMONDS TWO SPADES SEVEN,0.6512,0.1384,0.2104
CLUBS FOUR HEARTS KING,0.4668,0.0078,0.5254
SPADES SIX CLUBS THREE,0.643,0.0586,0.2984
CLUBS NINE HEARTS TWO,0.472,0.0346,0.4934
SPADES QUEEN HEARTS JACK,0.3858,0.0088,0.6054
HEARTS SEVEN HEARTS TWO,0.6182,0.1326,0.2492
HEARTS EIGHT CLUBS TWO,0.5266,0.279,0.1944
HEARTS TEN HEARTS NINE,0.3684,0.0202,0.6114
CLUBS NINE DIAMONDS QUEEN,0.3822,0.0108,0.607
HEARTS FIVE CLUBS KING,0.4694,0.0052,0.5254
HEARTS FOUR HEARTS TWO,0.599,0.0544,0.3466
CLUBS NINE HEARTS ACE,0.4108,0.0044,0.5848
SPADES THREE DIAMONDS FIVE,0.627,0.0564,0.3166
HEARTS FOUR CLUBS ACE,0.4594,0.0042,0.5364
CLUBS TEN SPADES SIX,0.4576,0.0258,0.5166
HEARTS THREE DIAMONDS TEN,0.474,0.0232,0.5028
SPADES SIX HEARTS ACE,0.4498,0.0044,0.5458
HEARTS SIX SPADES TEN,0.4586,0.018,0.5234
HEARTS QUEEN CLUBS KING,0.399,0.007,0.594
SPADES KING SPADES SIX,0.4196,0.0058,0.5746
SPADES QUEEN SPADES FIVE,0.4368,0.0122,0.551
CLUBS QUEEN DIAMONDS FOUR,0.4592,0.0124,0.5284
HEARTS THREE CLUBS TWO,0.6476,0.0554,0.297
SPADES SIX DIAMONDS TEN,0.4556,0.0236,0.5208
CLUBS FIVE DIAMONDS QUEEN,0.4472,0.013,0.5398
CLUBS TEN CLUBS FOUR,0.4404,0.0266,0.533
SPADES JACK DIAMONDS JACK,0.2066,0.0356,0.7578
CLUBS JACK CLUBS NINE,0.3748,0.013,0.6122
CLUBS TWO DIAMONDS NINE,0.466,0.041,0.493
DIAMONDS KING DIAMONDS JACK,0.355,0.009,0.636
CLUBS NINE DIAMONDS JACK,0.3712,0.0156,0.6132
CLUBS TEN CLUBS ACE,0.3826,0.0042,0.6132
CLUBS ACE HEARTS JACK,0.4246,0.002,0.5734
HEARTS FIVE DIAMONDS JACK,0.4508,0.0182,0.531
SPADES NINE DIAMONDS NINE,0.1976,0.0554,0.747
CLUBS SEVEN CLUBS TWO,0.6234,0.1292,0.2474
HEARTS FIVE HEARTS KING,0.4332,0.0088,0.558
SPADES TEN CLUBS SIX,0.4602,0.0238,0.516
SPADES KING CLUBS FOUR,0.4734,0.0074,0.5192
CLUBS THREE SPADES TWO,0.6536,0.0596,0.2868
SPADES ACE HEARTS QUEEN,0.4124,0.0036,0.584
SPADES KING DIAMONDS JACK,0.3952,0.005,0.5998
HEARTS THREE SPADES THREE,0.4642,0.0806,0.4552
SPADES FIVE HEARTS ACE,0.451,0.0052,0.5438
