opposingHand,winningChance,drawChance,lostChance
DIAMONDS ACE CLUBS FIVE
HEARTS FIVE SPADES TEN,0.7366,0.021,0.2424
HEARTS FIVE SPADES JACK,0.739,0.0248,0.2362
CLUBS JACK SPADES FIVE,0.7402,0.031,0.2288
CLUBS TEN SPADES FIVE,0.7394,0.0228,0.2378
CLUBS JACK CLUBS EIGHT,0.557,0.005,0.438
CLUBS TEN CLUBS EIGHT,0.5496,0.0068,0.4436
CLUBS EIGHT CLUBS KING,0.5818,0.0044,0.4138
SPADES FIVE CLUBS ACE,0.0112,0.9752,0.0136
CLUBS EIGHT CLUBS QUEEN,0.559,0.0062,0.4348
SPADES FIVE CLUBS KING,0.7382,0.035,0.2268
SPADES FIVE CLUBS QUEEN,0.7402,0.0322,0.2276
CLUBS EIGHT CLUBS ACE,0.2386,0.2108,0.5506
DIAMONDS TWO DIAMONDS THREE,0.6436,0.0054,0.351
DIAMONDS TWO DIAMONDS FIVE,0.7096,0.0288,0.2616
HEARTS FIVE SPADES KING,0.7456,0.0262,0.2282
DIAMONDS TWO DIAMONDS FOUR,0.6358,0.0074,0.3568
HEARTS FIVE SPADES QUEEN,0.73,0.028,0.242
DIAMONDS TWO DIAMONDS SEVEN,0.625,0.007,0.368
DIAMONDS TWO DIAMONDS SIX,0.636,0.0054,0.3586
SPADES ACE HEARTS FIVE,0.0266,0.9516,0.0218
DIAMONDS TWO DIAMONDS NINE,0.6188,0.005,0.3762
DIAMONDS TWO DIAMONDS EIGHT,0.6232,0.0062,0.3706
DIAMONDS THREE DIAMONDS FOUR,0.6214,0.0072,0.3714
CLUBS TWO SPADES FOUR,0.6814,0.0052,0.3134
DIAMONDS THREE DIAMONDS FIVE,0.687,0.029,0.284
SPADES FIVE CLUBS TWO,0.7402,0.0382,0.2216
CLUBS TWO SPADES TWO,0.4676,0.0066,0.5258
CLUBS TWO SPADES THREE,0.6774,0.006,0.3166
DIAMONDS THREE DIAMONDS EIGHT,0.6232,0.0052,0.3716
SPADES EIGHT CLUBS TWO,0.6578,0.0054,0.3368
DIAMONDS THREE DIAMONDS NINE,0.6202,0.0062,0.3736
SPADES NINE CLUBS TWO,0.656,0.004,0.34
DIAMONDS THREE DIAMONDS SIX,0.608,0.0062,0.3858
SPADES SIX CLUBS TWO,0.6564,0.0054,0.3382
DIAMONDS THREE DIAMONDS SEVEN,0.6178,0.0034,0.3788
SPADES SEVEN CLUBS TWO,0.6622,0.0056,0.3322
CLUBS SIX CLUBS TWO,0.6302,0.0068,0.363
CLUBS SEVEN CLUBS TWO,0.6266,0.0064,0.367
CLUBS FOUR CLUBS TWO,0.6264,0.0066,0.367
CLUBS TEN CLUBS JACK,0.5264,0.0072,0.4664
DIAMONDS FOUR DIAMONDS SIX,0.6014,0.0052,0.3934
CLUBS TEN CLUBS QUEEN,0.5244,0.0042,0.4714
DIAMONDS FOUR DIAMONDS SEVEN,0.6064,0.0048,0.3888
CLUBS TEN CLUBS KING,0.5532,0.0054,0.4414
CLUBS TEN CLUBS ACE,0.2492,0.115,0.6358
CLUBS EIGHT CLUBS TWO,0.6134,0.005,0.3816
DIAMONDS FIVE DIAMONDS FOUR,0.671,0.0274,0.3016
CLUBS NINE CLUBS TWO,0.6296,0.0048,0.3656
DIAMONDS NINE DIAMONDS FOUR,0.6264,0.0052,0.3684
DIAMONDS EIGHT DIAMONDS FOUR,0.6088,0.0066,0.3846
CLUBS THREE CLUBS TWO,0.6264,0.0072,0.3664
DIAMONDS NINE DIAMONDS FIVE,0.694,0.0232,0.2828
CLUBS JACK DIAMONDS TWO,0.6476,0.0058,0.3466
DIAMONDS EIGHT DIAMONDS FIVE,0.6894,0.021,0.2896
CLUBS TEN DIAMONDS TWO,0.6512,0.0054,0.3434
DIAMONDS FIVE DIAMONDS SEVEN,0.6758,0.0242,0.3
DIAMONDS FIVE DIAMONDS SIX,0.6932,0.0208,0.286
DIAMONDS TWO CLUBS ACE,0.3204,0.473,0.2066
DIAMONDS TWO CLUBS KING,0.6428,0.005,0.3522
DIAMONDS TWO CLUBS QUEEN,0.6394,0.0062,0.3544
DIAMONDS EIGHT DIAMONDS SIX,0.5626,0.0036,0.4338
DIAMONDS NINE DIAMONDS SIX,0.5648,0.0034,0.4318
HEARTS ACE SPADES THREE,0.3072,0.4652,0.2276
SPADES THREE HEARTS KING,0.645,0.0044,0.3506
DIAMONDS SEVEN DIAMONDS SIX,0.5492,0.0038,0.447
HEARTS QUEEN SPADES THREE,0.65,0.0044,0.3456
SPADES THREE HEARTS JACK,0.6458,0.004,0.3502
SPADES THREE HEARTS TEN,0.6414,0.0038,0.3548
DIAMONDS EIGHT DIAMONDS SEVEN,0.5434,0.0044,0.4522
DIAMONDS NINE DIAMONDS SEVEN,0.5522,0.0054,0.4424
DIAMONDS NINE DIAMONDS EIGHT,0.5552,0.0034,0.4414
DIAMONDS KING HEARTS TEN,0.5814,0.0048,0.4138
HEARTS THREE HEARTS TEN,0.6058,0.0058,0.3884
SPADES JACK CLUBS SIX,0.608,0.0038,0.3882
DIAMONDS KING HEARTS JACK,0.579,0.0046,0.4164
HEARTS THREE HEARTS JACK,0.6066,0.0054,0.388
SPADES TEN CLUBS SIX,0.5898,0.0056,0.4046
SPADES JACK SPADES FIVE,0.696,0.0228,0.2812
SPADES TEN SPADES FIVE,0.6902,0.0244,0.2854
DIAMONDS KING HEARTS ACE,0.268,0.0546,0.6774
HEARTS THREE HEARTS ACE,0.301,0.4368,0.2622
SPADES ACE CLUBS SIX,0.2348,0.3896,0.3756
DIAMONDS KING HEARTS QUEEN,0.5766,0.0054,0.418
HEARTS THREE HEARTS QUEEN,0.6142,0.0064,0.3794
SPADES KING CLUBS SIX,0.6088,0.0048,0.3864
DIAMONDS KING HEARTS KING,0.3074,0.0036,0.689
HEARTS THREE HEARTS KING,0.6082,0.005,0.3868
SPADES QUEEN CLUBS SIX,0.609,0.0054,0.3856
SPADES NINE HEARTS TEN,0.542,0.0034,0.4546
SPADES NINE HEARTS JACK,0.5746,0.0032,0.4222
SPADES QUEEN SPADES FIVE,0.6926,0.0322,0.2752
SPADES KING SPADES FIVE,0.6998,0.0268,0.2734
SPADES ACE SPADES FIVE,0.0214,0.9086,0.07
SPADES NINE HEARTS QUEEN,0.59,0.0036,0.4064
SPADES NINE HEARTS KING,0.5942,0.0026,0.4032
SPADES NINE HEARTS ACE,0.2536,0.1632,0.5832
CLUBS TEN SPADES JACK,0.5492,0.0036,0.4472
CLUBS TEN SPADES TEN,0.3384,0.0028,0.6588
SPADES ACE CLUBS TEN,0.2458,0.1244,0.6298
CLUBS TEN SPADES KING,0.5648,0.0026,0.4326
CLUBS TEN SPADES QUEEN,0.5612,0.0032,0.4356
SPADES FIVE HEARTS QUEEN,0.732,0.0254,0.2426
SPADES FIVE HEARTS KING,0.7342,0.0302,0.2356
HEARTS ACE SPADES FIVE,0.022,0.9552,0.0228
CLUBS EIGHT SPADES TEN,0.5836,0.0034,0.413
SPADES JACK HEARTS THREE,0.6486,0.0052,0.3462
SPADES JACK DIAMONDS KING,0.5882,0.003,0.4088
SPADES TEN DIAMONDS KING,0.5818,0.004,0.4142
SPADES TEN HEARTS THREE,0.6326,0.0052,0.3622
CLUBS EIGHT SPADES JACK,0.578,0.0046,0.4174
CLUBS SIX HEARTS ACE,0.2392,0.3872,0.3736
SPADES ACE CLUBS EIGHT,0.2308,0.233,0.5362
HEARTS FIVE CLUBS JACK,0.737,0.0252,0.2378
CLUBS TEN HEARTS FIVE,0.732,0.0284,0.2396
CLUBS SIX HEARTS QUEEN,0.6088,0.0032,0.388
SPADES QUEEN CLUBS EIGHT,0.58,0.0038,0.4162
CLUBS TEN SPADES THREE,0.6348,0.0056,0.3596
CLUBS SIX HEARTS KING,0.6142,0.0036,0.3822
SPADES KING CLUBS EIGHT,0.6026,0.0028,0.3946
CLUBS JACK SPADES THREE,0.6374,0.0032,0.3594
DIAMONDS TWO HEARTS JACK,0.6556,0.005,0.3394
SPADES THREE CLUBS QUEEN,0.6614,0.0062,0.3324
DIAMONDS TWO HEARTS TEN,0.6492,0.0042,0.3466
SPADES THREE CLUBS KING,0.6448,0.004,0.3512
HEARTS FIVE CLUBS ACE,0.011,0.9686,0.0204
SPADES FIVE HEARTS TEN,0.7362,0.0214,0.2424
SPADES THREE CLUBS ACE,0.321,0.4468,0.2322
HEARTS FIVE CLUBS KING,0.746,0.0298,0.2242
SPADES FIVE HEARTS JACK,0.7386,0.0282,0.2332
HEARTS FIVE CLUBS QUEEN,0.7446,0.035,0.2204
HEARTS THREE CLUBS KING,0.6326,0.0062,0.3612
DIAMONDS KING CLUBS KING,0.309,0.0056,0.6854
HEARTS THREE CLUBS QUEEN,0.6396,0.005,0.3554
DIAMONDS KING CLUBS QUEEN,0.5786,0.0032,0.4182
HEARTS FIVE HEARTS JACK,0.6898,0.0244,0.2858
HEARTS FIVE HEARTS TEN,0.683,0.024,0.293
HEARTS THREE CLUBS ACE,0.3242,0.468,0.2078
DIAMONDS KING CLUBS ACE,0.256,0.0562,0.6878
SPADES ACE CLUBS QUEEN,0.2454,0.066,0.6886
SPADES KING CLUBS QUEEN,0.5752,0.0042,0.4206
CLUBS JACK HEARTS THREE,0.639,0.0042,0.3568
CLUBS JACK DIAMONDS KING,0.5724,0.0062,0.4214
SPADES QUEEN CLUBS QUEEN,0.3004,0.005,0.6946
CLUBS TEN HEARTS THREE,0.6416,0.0056,0.3528
CLUBS TEN DIAMONDS KING,0.5582,0.005,0.4368
SPADES JACK CLUBS QUEEN,0.5744,0.0044,0.4212
CLUBS SIX CLUBS QUEEN,0.5918,0.0048,0.4034
SPADES TEN CLUBS QUEEN,0.5578,0.0052,0.437
CLUBS SIX CLUBS KING,0.581,0.0074,0.4116
CLUBS SIX CLUBS ACE,0.233,0.3654,0.4016
HEARTS FIVE HEARTS KING,0.6962,0.0288,0.275
HEARTS FIVE HEARTS QUEEN,0.6978,0.026,0.2762
CLUBS TEN CLUBS SIX,0.552,0.003,0.445
HEARTS FIVE HEARTS ACE,0.026,0.9,0.074
CLUBS JACK CLUBS SIX,0.5836,0.006,0.4104
SPADES SEVEN HEARTS JACK,0.5916,0.0036,0.4048
SPADES SEVEN HEARTS TEN,0.5804,0.005,0.4146
DIAMONDS TWO CLUBS TWO,0.4678,0.0066,0.5256
DIAMONDS TWO CLUBS THREE,0.6686,0.0064,0.325
DIAMONDS TWO HEARTS SIX,0.6596,0.0046,0.3358
DIAMONDS TWO HEARTS QUEEN,0.6614,0.0052,0.3334
HEARTS SEVEN DIAMONDS TWO,0.664,0.0052,0.3308
DIAMONDS TWO HEARTS KING,0.6508,0.0078,0.3414
DIAMONDS TWO HEARTS EIGHT,0.6626,0.0058,0.3316
DIAMONDS TWO HEARTS ACE,0.3184,0.4626,0.219
DIAMONDS TWO HEARTS NINE,0.6586,0.0046,0.3368
DIAMONDS TWO DIAMONDS QUEEN,0.6092,0.0062,0.3846
DIAMONDS TWO HEARTS TWO,0.4614,0.0054,0.5332
DIAMONDS TWO DIAMONDS KING,0.6252,0.005,0.3698
DIAMONDS TWO HEARTS THREE,0.6652,0.0066,0.3282
HEARTS FOUR DIAMONDS TWO,0.6734,0.0046,0.322
HEARTS FIVE DIAMONDS TWO,0.743,0.0296,0.2274
SPADES SEVEN HEARTS ACE,0.235,0.2896,0.4754
DIAMONDS TWO DIAMONDS TEN,0.6162,0.0072,0.3766
SPADES SEVEN HEARTS KING,0.6078,0.003,0.3892
DIAMONDS TWO DIAMONDS JACK,0.618,0.0052,0.3768
SPADES SEVEN HEARTS QUEEN,0.6126,0.0034,0.384
DIAMONDS TWO SPADES NINE,0.6528,0.0046,0.3426
DIAMONDS TWO SPADES EIGHT,0.6662,0.0032,0.3306
DIAMONDS TWO SPADES SEVEN,0.6662,0.006,0.3278
DIAMONDS TWO SPADES SIX,0.6462,0.0046,0.3492
DIAMONDS TWO SPADES FIVE,0.7496,0.0282,0.2222
DIAMONDS TWO SPADES FOUR,0.679,0.0058,0.3152
DIAMONDS TWO SPADES THREE,0.6712,0.0054,0.3234
DIAMONDS TWO SPADES TWO,0.477,0.0074,0.5156
DIAMONDS TWO CLUBS NINE,0.6388,0.0048,0.3564
CLUBS EIGHT DIAMONDS TWO,0.6536,0.005,0.3414
DIAMONDS TWO CLUBS SEVEN,0.6578,0.006,0.3362
DIAMONDS TWO CLUBS SIX,0.6474,0.005,0.3476
DIAMONDS TWO CLUBS FOUR,0.6662,0.0068,0.327
CLUBS FOUR SPADES FIVE,0.7084,0.0236,0.268
CLUBS FOUR SPADES FOUR,0.4758,0.004,0.5202
CLUBS FOUR SPADES THREE,0.6528,0.0042,0.343
CLUBS FOUR SPADES TWO,0.6666,0.006,0.3274
SPADES NINE CLUBS FOUR,0.6554,0.0034,0.3412
SPADES EIGHT CLUBS FOUR,0.6604,0.0042,0.3354
SPADES SEVEN CLUBS FOUR,0.6408,0.0054,0.3538
CLUBS FOUR SPADES SIX,0.6304,0.004,0.3656
SPADES ACE DIAMONDS SIX,0.2542,0.3914,0.3544
SPADES QUEEN DIAMONDS SIX,0.6096,0.0046,0.3858
SPADES KING DIAMONDS SIX,0.618,0.0052,0.3768
SPADES TEN DIAMONDS SIX,0.6012,0.0038,0.395
SPADES JACK DIAMONDS SIX,0.62,0.0036,0.3764
SPADES QUEEN SPADES TWO,0.6026,0.0048,0.3926
SPADES KING SPADES TWO,0.6008,0.0048,0.3944
SPADES ACE SPADES TWO,0.2946,0.4318,0.2736
CLUBS JACK DIAMONDS JACK,0.325,0.0046,0.6704
CLUBS TEN DIAMONDS JACK,0.5536,0.0044,0.442
DIAMONDS JACK CLUBS KING,0.5744,0.0036,0.422
DIAMONDS JACK CLUBS QUEEN,0.5676,0.0044,0.428
DIAMONDS THREE DIAMONDS JACK,0.6114,0.0058,0.3828
DIAMONDS THREE DIAMONDS TEN,0.6218,0.0056,0.3726
DIAMONDS JACK CLUBS ACE,0.2622,0.089,0.6488
DIAMONDS THREE DIAMONDS KING,0.6244,0.0062,0.3694
DIAMONDS THREE HEARTS THREE,0.4684,0.0078,0.5238
DIAMONDS THREE DIAMONDS QUEEN,0.6246,0.0068,0.3686
DIAMONDS THREE HEARTS TWO,0.659,0.007,0.334
HEARTS FIVE DIAMONDS THREE,0.7206,0.0266,0.2528
HEARTS FOUR DIAMONDS THREE,0.6592,0.0048,0.336
HEARTS SEVEN DIAMONDS THREE,0.6488,0.0048,0.3464
SPADES TEN SPADES NINE,0.5362,0.004,0.4598
HEARTS SIX DIAMONDS THREE,0.6478,0.006,0.3462
SPADES JACK SPADES NINE,0.5344,0.0044,0.4612
DIAMONDS THREE HEARTS NINE,0.6596,0.0038,0.3366
HEARTS JACK DIAMONDS FOUR,0.6494,0.0046,0.346
HEARTS ACE HEARTS KING,0.2458,0.0468,0.7074
SPADES TEN SPADES TWO,0.5988,0.0046,0.3966
DIAMONDS THREE HEARTS EIGHT,0.6662,0.0062,0.3276
HEARTS TEN DIAMONDS FOUR,0.646,0.0048,0.3492
SPADES JACK SPADES TWO,0.6044,0.0046,0.391
HEARTS QUEEN DIAMONDS FOUR,0.635,0.005,0.36
HEARTS KING DIAMONDS FOUR,0.6438,0.0036,0.3526
SPADES ACE SPADES NINE,0.2514,0.1656,0.583
HEARTS ACE DIAMONDS FOUR,0.3264,0.4614,0.2122
SPADES KING SPADES NINE,0.5566,0.0036,0.4398
SPADES QUEEN SPADES NINE,0.5438,0.0038,0.4524
DIAMONDS THREE SPADES NINE,0.6592,0.0062,0.3346
DIAMONDS THREE SPADES EIGHT,0.6564,0.0052,0.3384
DIAMONDS THREE SPADES SEVEN,0.6536,0.0046,0.3418
DIAMONDS THREE SPADES SIX,0.6536,0.0044,0.342
DIAMONDS THREE CLUBS SIX,0.6384,0.0062,0.3554
CLUBS ACE DIAMONDS FOUR,0.3176,0.4734,0.209
DIAMONDS THREE CLUBS SEVEN,0.6492,0.0064,0.3444
DIAMONDS THREE CLUBS FOUR,0.6664,0.007,0.3266
DIAMONDS FOUR CLUBS QUEEN,0.6406,0.0058,0.3536
DIAMONDS FOUR CLUBS KING,0.6414,0.0046,0.354
DIAMONDS THREE CLUBS TWO,0.6786,0.0062,0.3152
CLUBS TEN DIAMONDS FOUR,0.6422,0.0058,0.352
DIAMONDS THREE CLUBS THREE,0.4674,0.0086,0.524
CLUBS JACK DIAMONDS FOUR,0.6522,0.0052,0.3426
DIAMONDS THREE SPADES FOUR,0.662,0.005,0.333
DIAMONDS THREE SPADES FIVE,0.7278,0.0266,0.2456
DIAMONDS THREE SPADES TWO,0.6658,0.0066,0.3276
DIAMONDS THREE SPADES THREE,0.4772,0.0056,0.5172
CLUBS EIGHT DIAMONDS THREE,0.6694,0.0044,0.3262
CLUBS NINE DIAMONDS THREE,0.647,0.006,0.347
SPADES SEVEN CLUBS ACE,0.2428,0.2908,0.4664
SPADES SEVEN CLUBS QUEEN,0.6116,0.005,0.3834
SPADES SEVEN CLUBS KING,0.611,0.0052,0.3838
CLUBS TEN SPADES SEVEN,0.581,0.0042,0.4148
CLUBS JACK SPADES SEVEN,0.5936,0.0046,0.4018
CLUBS ACE CLUBS QUEEN,0.2482,0.063,0.6888
CLUBS KING CLUBS QUEEN,0.541,0.0046,0.4544
DIAMONDS TEN DIAMONDS FOUR,0.6238,0.0042,0.372
CLUBS TEN DIAMONDS NINE,0.5496,0.0056,0.4448
DIAMONDS JACK DIAMONDS FOUR,0.6108,0.0058,0.3834
CLUBS JACK DIAMONDS NINE,0.574,0.0024,0.4236
CLUBS JACK SPADES NINE,0.5716,0.0054,0.423
CLUBS TEN SPADES NINE,0.5418,0.0038,0.4544
HEARTS FOUR DIAMONDS FOUR,0.4724,0.0064,0.5212
DIAMONDS JACK HEARTS TEN,0.5516,0.0046,0.4438
SPADES NINE CLUBS KING,0.5818,0.0048,0.4134
DIAMONDS TWO SPADES TEN,0.6442,0.0052,0.3506
DIAMONDS NINE CLUBS ACE,0.2434,0.1776,0.579
HEARTS FIVE DIAMONDS FOUR,0.7104,0.0256,0.264
DIAMONDS JACK HEARTS JACK,0.3338,0.0032,0.663
SPADES NINE CLUBS QUEEN,0.567,0.0046,0.4284
DIAMONDS TWO SPADES JACK,0.6394,0.006,0.3546
DIAMONDS QUEEN DIAMONDS FOUR,0.6154,0.005,0.3796
HEARTS TWO DIAMONDS FOUR,0.6786,0.0048,0.3166
DIAMONDS NINE CLUBS QUEEN,0.585,0.0056,0.4094
DIAMONDS KING DIAMONDS FOUR,0.605,0.0048,0.3902
HEARTS THREE DIAMONDS FOUR,0.6634,0.0062,0.3304
SPADES NINE CLUBS ACE,0.2532,0.1726,0.5742
DIAMONDS NINE CLUBS KING,0.594,0.0068,0.3992
HEARTS ACE DIAMONDS JACK,0.2614,0.086,0.6526
SPADES ACE DIAMONDS TWO,0.3142,0.4696,0.2162
HEARTS QUEEN DIAMONDS JACK,0.5652,0.0042,0.4306
SPADES QUEEN DIAMONDS TWO,0.6546,0.0038,0.3416
DIAMONDS JACK HEARTS KING,0.5794,0.006,0.4146
SPADES KING DIAMONDS TWO,0.655,0.0052,0.3398
SPADES JACK SPADES SEVEN,0.5648,0.0038,0.4314
SPADES TEN SPADES SEVEN,0.5394,0.0038,0.4568
CLUBS SEVEN CLUBS THREE,0.6148,0.0056,0.3796
CLUBS SIX CLUBS THREE,0.6182,0.0042,0.3776
CLUBS THREE CLUBS FOUR,0.6272,0.0082,0.3646
CLUBS NINE CLUBS THREE,0.6124,0.006,0.3816
CLUBS EIGHT CLUBS THREE,0.6154,0.0048,0.3798
CLUBS THREE SPADES FIVE,0.7294,0.0254,0.2452
CLUBS THREE SPADES FOUR,0.651,0.0068,0.3422
CLUBS THREE SPADES THREE,0.4714,0.0046,0.524
CLUBS THREE SPADES TWO,0.6706,0.004,0.3254
CLUBS THREE SPADES SIX,0.6434,0.0048,0.3518
CLUBS THREE SPADES SEVEN,0.6458,0.004,0.3502
SPADES EIGHT CLUBS THREE,0.659,0.0046,0.3364
SPADES NINE CLUBS THREE,0.6526,0.004,0.3434
SPADES TWO DIAMONDS FOUR,0.6792,0.0066,0.3142
SPADES THREE DIAMONDS FOUR,0.6572,0.008,0.3348
SPADES FOUR DIAMONDS FOUR,0.4666,0.0046,0.5288
SPADES FIVE DIAMONDS FOUR,0.7,0.0258,0.2742
SPADES SIX DIAMONDS FOUR,0.6376,0.0058,0.3566
SPADES SEVEN DIAMONDS FOUR,0.6364,0.0048,0.3588
SPADES EIGHT DIAMONDS FOUR,0.6522,0.003,0.3448
SPADES NINE DIAMONDS FOUR,0.655,0.0052,0.3398
CLUBS FOUR DIAMONDS FOUR,0.4498,0.0072,0.543
CLUBS SEVEN DIAMONDS FOUR,0.6266,0.0044,0.369
CLUBS SIX DIAMONDS FOUR,0.6296,0.0054,0.365
CLUBS NINE DIAMONDS FOUR,0.6552,0.0076,0.3372
CLUBS EIGHT DIAMONDS FOUR,0.641,0.0076,0.3514
HEARTS SEVEN DIAMONDS FOUR,0.6456,0.005,0.3494
HEARTS SIX DIAMONDS FOUR,0.631,0.0046,0.3644
DIAMONDS FOUR HEARTS NINE,0.6528,0.0058,0.3414
DIAMONDS FOUR HEARTS EIGHT,0.6344,0.0046,0.361
CLUBS THREE DIAMONDS FOUR,0.6634,0.0064,0.3302
CLUBS TWO DIAMONDS FOUR,0.6868,0.0056,0.3076
DIAMONDS TEN DIAMONDS FIVE,0.7044,0.0242,0.2714
DIAMONDS JACK DIAMONDS FIVE,0.7036,0.0344,0.262
DIAMONDS NINE HEARTS QUEEN,0.595,0.0044,0.4006
DIAMONDS NINE HEARTS KING,0.5942,0.0056,0.4002
HEARTS ACE DIAMONDS NINE,0.2468,0.1782,0.575
DIAMONDS NINE HEARTS TEN,0.5596,0.005,0.4354
DIAMONDS NINE HEARTS JACK,0.5654,0.0046,0.43
CLUBS KING DIAMONDS SIX,0.6022,0.006,0.3918
CLUBS QUEEN DIAMONDS SIX,0.6124,0.0054,0.3822
CLUBS ACE DIAMONDS SIX,0.247,0.3772,0.3758
SPADES KING DIAMONDS FOUR,0.6512,0.0062,0.3426
SPADES ACE SPADES SEVEN,0.2292,0.2848,0.486
SPADES QUEEN DIAMONDS FOUR,0.6508,0.005,0.3442
SPADES QUEEN SPADES SEVEN,0.575,0.0046,0.4204
CLUBS JACK DIAMONDS SIX,0.606,0.0034,0.3906
SPADES KING SPADES SEVEN,0.571,0.0032,0.4258
SPADES ACE DIAMONDS FOUR,0.3254,0.4608,0.2138
CLUBS TEN DIAMONDS SIX,0.5896,0.0054,0.405
CLUBS NINE CLUBS FOUR,0.621,0.0052,0.3738
CLUBS EIGHT CLUBS FOUR,0.6068,0.0044,0.3888
SPADES JACK DIAMONDS FOUR,0.6442,0.0058,0.35
SPADES TEN DIAMONDS FOUR,0.6408,0.004,0.3552
CLUBS SEVEN CLUBS FOUR,0.5928,0.0036,0.4036
CLUBS SIX CLUBS FOUR,0.5834,0.0052,0.4114
CLUBS SEVEN SPADES EIGHT,0.5702,0.0032,0.4266
SPADES NINE CLUBS SEVEN,0.5662,0.003,0.4308
CLUBS SEVEN SPADES SIX,0.5758,0.0056,0.4186
CLUBS SEVEN SPADES SEVEN,0.3554,0.004,0.6406
CLUBS SEVEN SPADES FIVE,0.7006,0.0232,0.2762
CLUBS SEVEN SPADES FOUR,0.6242,0.004,0.3718
CLUBS SEVEN SPADES THREE,0.6468,0.0052,0.348
CLUBS SEVEN SPADES TWO,0.6676,0.0042,0.3282
CLUBS NINE CLUBS SEVEN,0.5414,0.0048,0.4538
CLUBS EIGHT CLUBS SEVEN,0.5388,0.0048,0.4564
HEARTS SIX DIAMONDS FIVE,0.7082,0.02,0.2718
HEARTS SEVEN DIAMONDS FIVE,0.7,0.0178,0.2822
DIAMONDS FIVE HEARTS EIGHT,0.7146,0.02,0.2654
DIAMONDS FIVE HEARTS NINE,0.7298,0.0238,0.2464
DIAMONDS QUEEN DIAMONDS FIVE,0.7104,0.0262,0.2634
HEARTS TWO DIAMONDS FIVE,0.7438,0.0282,0.228
HEARTS KING HEARTS EIGHT,0.5594,0.0056,0.435
DIAMONDS KING DIAMONDS FIVE,0.7072,0.0284,0.2644
HEARTS THREE DIAMONDS FIVE,0.7298,0.0272,0.243
HEARTS QUEEN HEARTS EIGHT,0.5634,0.0036,0.433
HEARTS FOUR DIAMONDS FIVE,0.712,0.0256,0.2624
HEARTS FIVE DIAMONDS FIVE,0.3366,0.0268,0.6366
HEARTS ACE HEARTS EIGHT,0.2376,0.2124,0.55
CLUBS FOUR DIAMONDS FIVE,0.7142,0.0234,0.2624
CLUBS SIX DIAMONDS FIVE,0.7126,0.0204,0.267
CLUBS SEVEN DIAMONDS FIVE,0.7044,0.023,0.2726
CLUBS TWO DIAMONDS FIVE,0.742,0.0292,0.2288
CLUBS THREE DIAMONDS FIVE,0.7302,0.0278,0.242
SPADES THREE DIAMONDS FIVE,0.7302,0.0294,0.2404
SPADES TWO DIAMONDS FIVE,0.7406,0.027,0.2324
SPADES JACK DIAMONDS EIGHT,0.5842,0.0038,0.412
SPADES FIVE DIAMONDS FIVE,0.3344,0.029,0.6366
CLUBS TEN HEARTS JACK,0.5556,0.0034,0.441
SPADES TEN DIAMONDS EIGHT,0.569,0.0038,0.4272
SPADES FOUR DIAMONDS FIVE,0.7148,0.029,0.2562
CLUBS JACK HEARTS JACK,0.3242,0.004,0.6718
HEARTS JACK CLUBS QUEEN,0.5574,0.0042,0.4384
CLUBS NINE DIAMONDS FIVE,0.7274,0.0268,0.2458
CLUBS EIGHT DIAMONDS FIVE,0.707,0.024,0.269
HEARTS JACK CLUBS KING,0.5736,0.0056,0.4208
CLUBS ACE HEARTS JACK,0.2596,0.0834,0.657
SPADES SEVEN DIAMONDS FIVE,0.7132,0.023,0.2638
SPADES KING DIAMONDS EIGHT,0.6056,0.0042,0.3902
SPADES QUEEN DIAMONDS EIGHT,0.594,0.0048,0.4012
SPADES SIX DIAMONDS FIVE,0.7094,0.0262,0.2644
SPADES NINE DIAMONDS FIVE,0.7242,0.0248,0.251
SPADES EIGHT DIAMONDS FIVE,0.7154,0.0216,0.263
SPADES ACE DIAMONDS EIGHT,0.2446,0.233,0.5224
DIAMONDS TEN DIAMONDS SIX,0.5674,0.003,0.4296
HEARTS ACE DIAMONDS SEVEN,0.2502,0.3066,0.4432
DIAMONDS JACK DIAMONDS SIX,0.5862,0.004,0.4098
HEARTS QUEEN DIAMONDS SEVEN,0.6102,0.0038,0.386
HEARTS KING DIAMONDS SEVEN,0.6118,0.0056,0.3826
HEARTS FOUR DIAMONDS SIX,0.6268,0.0052,0.368
SPADES TWO HEARTS JACK,0.639,0.0066,0.3544
HEARTS FIVE DIAMONDS SIX,0.7198,0.0224,0.2578
SPADES TWO HEARTS TEN,0.6354,0.0038,0.3608
DIAMONDS QUEEN DIAMONDS SIX,0.5778,0.0062,0.416
HEARTS TWO DIAMONDS SIX,0.6464,0.0046,0.349
DIAMONDS KING DIAMONDS SIX,0.589,0.0038,0.4072
HEARTS THREE DIAMONDS SIX,0.645,0.0046,0.3504
HEARTS EIGHT DIAMONDS SIX,0.5902,0.0026,0.4072
HEARTS NINE DIAMONDS SIX,0.6114,0.0036,0.385
HEARTS SIX DIAMONDS SIX,0.3656,0.0044,0.63
HEARTS SEVEN DIAMONDS SIX,0.5668,0.0056,0.4276
HEARTS TEN DIAMONDS SEVEN,0.5918,0.0054,0.4028
CLUBS TWO DIAMONDS SIX,0.6534,0.0056,0.341
HEARTS JACK DIAMONDS SEVEN,0.6146,0.0042,0.3812
CLUBS THREE DIAMONDS SIX,0.648,0.0062,0.3458
CLUBS SEVEN DIAMONDS SIX,0.5846,0.0048,0.4106
CLUBS JACK DIAMONDS EIGHT,0.5838,0.006,0.4102
CLUBS SIX DIAMONDS SIX,0.3612,0.0064,0.6324
CLUBS TEN DIAMONDS EIGHT,0.5798,0.005,0.4152
CLUBS FOUR DIAMONDS SIX,0.6366,0.0068,0.3566
HEARTS ACE HEARTS JACK,0.2574,0.0726,0.67
DIAMONDS EIGHT CLUBS ACE,0.241,0.2264,0.5326
HEARTS QUEEN HEARTS JACK,0.5258,0.0038,0.4704
DIAMONDS EIGHT CLUBS KING,0.6064,0.0036,0.39
CLUBS NINE DIAMONDS SIX,0.5852,0.0048,0.41
HEARTS KING HEARTS JACK,0.5424,0.0044,0.4532
CLUBS EIGHT DIAMONDS SIX,0.5922,0.0042,0.4036
DIAMONDS EIGHT CLUBS QUEEN,0.5846,0.0046,0.4108
SPADES TEN HEARTS KING,0.579,0.005,0.416
SPADES FIVE DIAMONDS SIX,0.7054,0.0224,0.2722
HEARTS ACE SPADES TWO,0.3194,0.4592,0.2214
SPADES JACK HEARTS KING,0.573,0.0048,0.4222
SPADES FOUR DIAMONDS SIX,0.6306,0.0064,0.363
SPADES THREE DIAMONDS SIX,0.6412,0.006,0.3528
HEARTS QUEEN SPADES TWO,0.6316,0.005,0.3634
SPADES ACE SPADES KING,0.2228,0.0454,0.7318
HEARTS KING SPADES TWO,0.6492,0.0062,0.3446
SPADES TWO DIAMONDS SIX,0.6514,0.007,0.3416
HEARTS TEN HEARTS EIGHT,0.5336,0.0044,0.462
SPADES NINE DIAMONDS SIX,0.5964,0.0066,0.397
HEARTS JACK HEARTS EIGHT,0.5444,0.0042,0.4514
SPADES EIGHT DIAMONDS SIX,0.5858,0.004,0.4102
SPADES SEVEN DIAMONDS SIX,0.602,0.0036,0.3944
SPADES SIX DIAMONDS SIX,0.3754,0.0036,0.621
SPADES KING HEARTS KING,0.294,0.0038,0.7022
SPADES QUEEN HEARTS KING,0.5852,0.0024,0.4124
CLUBS ACE CLUBS KING,0.2642,0.0426,0.6932
SPADES ACE HEARTS KING,0.2646,0.0508,0.6846
SPADES ACE HEARTS JACK,0.265,0.0876,0.6474
SPADES QUEEN HEARTS JACK,0.559,0.0034,0.4376
SPADES KING HEARTS JACK,0.5916,0.003,0.4054
SPADES TEN DIAMONDS TEN,0.3292,0.0038,0.667
SPADES JACK DIAMONDS TEN,0.5466,0.005,0.4484
SPADES ACE DIAMONDS TEN,0.241,0.1284,0.6306
SPADES JACK HEARTS JACK,0.3262,0.002,0.6718
SPADES TEN HEARTS JACK,0.5584,0.004,0.4376
SPADES QUEEN DIAMONDS TEN,0.5672,0.004,0.4288
SPADES KING DIAMONDS TEN,0.5898,0.005,0.4052
SPADES NINE DIAMONDS SEVEN,0.5876,0.0058,0.4066
SPADES EIGHT DIAMONDS SEVEN,0.5726,0.0044,0.423
SPADES SEVEN DIAMONDS SEVEN,0.3624,0.0052,0.6324
SPADES SIX DIAMONDS SEVEN,0.5772,0.0048,0.418
DIAMONDS KING DIAMONDS SEVEN,0.5706,0.0052,0.4242
HEARTS THREE DIAMONDS SEVEN,0.6522,0.0038,0.344
HEARTS KING DIAMONDS FIVE,0.7412,0.027,0.2318
DIAMONDS QUEEN DIAMONDS SEVEN,0.5802,0.0054,0.4144
HEARTS TWO DIAMONDS SEVEN,0.657,0.0042,0.3388
HEARTS QUEEN DIAMONDS FIVE,0.7448,0.0266,0.2286
HEARTS FIVE DIAMONDS SEVEN,0.7018,0.0226,0.2756
HEARTS FOUR DIAMONDS SEVEN,0.6314,0.0056,0.363
HEARTS ACE DIAMONDS FIVE,0.0154,0.975,0.0096
HEARTS SEVEN DIAMONDS SEVEN,0.3536,0.0036,0.6428
HEARTS SIX DIAMONDS SEVEN,0.582,0.0038,0.4142
DIAMONDS SEVEN HEARTS NINE,0.5814,0.0024,0.4162
HEARTS EIGHT DIAMONDS SEVEN,0.5742,0.006,0.4198
DIAMONDS JACK DIAMONDS SEVEN,0.5686,0.0036,0.4278
DIAMONDS FIVE HEARTS JACK,0.7288,0.0316,0.2396
DIAMONDS TEN DIAMONDS SEVEN,0.5588,0.0058,0.4354
HEARTS TEN DIAMONDS FIVE,0.7346,0.0238,0.2416
CLUBS EIGHT DIAMONDS SEVEN,0.5742,0.0038,0.422
SPADES KING CLUBS TWO,0.6518,0.005,0.3432
HEARTS KING CLUBS KING,0.2952,0.003,0.7018
SPADES QUEEN CLUBS TWO,0.6496,0.0064,0.344
HEARTS KING CLUBS QUEEN,0.5796,0.004,0.4164
CLUBS NINE DIAMONDS SEVEN,0.5702,0.0054,0.4244
CLUBS JACK SPADES TWO,0.6456,0.0034,0.351
CLUBS SIX CLUBS SEVEN,0.549,0.0038,0.4472
SPADES ACE CLUBS TWO,0.3284,0.4718,0.1998
CLUBS TEN SPADES TWO,0.634,0.005,0.361
HEARTS KING CLUBS ACE,0.2646,0.0512,0.6842
SPADES TWO CLUBS KING,0.654,0.0046,0.3414
SPADES TWO DIAMONDS SEVEN,0.6616,0.0046,0.3338
CLUBS EIGHT CLUBS SIX,0.5462,0.005,0.4488
SPADES THREE DIAMONDS SEVEN,0.6514,0.0052,0.3434
SPADES TWO CLUBS QUEEN,0.6362,0.006,0.3578
CLUBS NINE CLUBS SIX,0.5566,0.0052,0.4382
SPADES FOUR DIAMONDS SEVEN,0.636,0.0066,0.3574
CLUBS JACK HEARTS KING,0.579,0.0036,0.4174
SPADES FIVE DIAMONDS SEVEN,0.7104,0.0268,0.2628
SPADES TWO CLUBS ACE,0.3104,0.4682,0.2214
CLUBS TEN HEARTS KING,0.566,0.004,0.43
CLUBS SIX SPADES TWO,0.663,0.0046,0.3324
CLUBS SIX SPADES THREE,0.636,0.006,0.358
CLUBS TWO DIAMONDS SEVEN,0.6664,0.0056,0.328
CLUBS SIX SPADES FOUR,0.6308,0.0052,0.364
CLUBS THREE DIAMONDS SEVEN,0.6608,0.006,0.3332
CLUBS SIX SPADES FIVE,0.7082,0.0236,0.2682
CLUBS FOUR DIAMONDS SEVEN,0.647,0.0068,0.3462
CLUBS SIX SPADES SIX,0.3738,0.0042,0.622
CLUBS SIX SPADES SEVEN,0.5746,0.0038,0.4216
CLUBS SIX DIAMONDS SEVEN,0.5796,0.0058,0.4146
CLUBS SIX SPADES EIGHT,0.59,0.0044,0.4056
SPADES JACK CLUBS TWO,0.6378,0.0054,0.3568
CLUBS SEVEN DIAMONDS SEVEN,0.3648,0.0046,0.6306
CLUBS SIX SPADES NINE,0.5922,0.0056,0.4022
SPADES TEN CLUBS TWO,0.6506,0.0046,0.3448
CLUBS TWO CLUBS QUEEN,0.6118,0.0066,0.3816
CLUBS TWO CLUBS KING,0.62,0.0058,0.3742
CLUBS THREE DIAMONDS EIGHT,0.6582,0.0076,0.3342
CLUBS TWO CLUBS ACE,0.3134,0.4404,0.2462
CLUBS TWO DIAMONDS EIGHT,0.6512,0.0058,0.343
HEARTS SEVEN DIAMONDS EIGHT,0.5724,0.005,0.4226
HEARTS SIX DIAMONDS EIGHT,0.5924,0.0048,0.4028
DIAMONDS EIGHT HEARTS NINE,0.5762,0.0026,0.4212
CLUBS TEN CLUBS TWO,0.6104,0.0056,0.384
DIAMONDS EIGHT HEARTS EIGHT,0.3618,0.004,0.6342
CLUBS JACK CLUBS TWO,0.602,0.0058,0.3922
CLUBS NINE DIAMONDS EIGHT,0.5678,0.006,0.4262
CLUBS EIGHT DIAMONDS EIGHT,0.3502,0.0032,0.6466
SPADES ACE SPADES THREE,0.2924,0.4578,0.2498
CLUBS FOUR DIAMONDS EIGHT,0.6494,0.0068,0.3438
CLUBS SEVEN DIAMONDS EIGHT,0.5672,0.0068,0.426
SPADES QUEEN SPADES THREE,0.604,0.0052,0.3908
CLUBS SIX DIAMONDS EIGHT,0.5764,0.0058,0.4178
SPADES KING SPADES THREE,0.6086,0.004,0.3874
DIAMONDS QUEEN DIAMONDS EIGHT,0.5722,0.0038,0.424
HEARTS TWO DIAMONDS EIGHT,0.6436,0.0042,0.3522
DIAMONDS KING DIAMONDS EIGHT,0.5748,0.0042,0.421
HEARTS THREE DIAMONDS EIGHT,0.6426,0.0056,0.3518
HEARTS FOUR DIAMONDS EIGHT,0.6496,0.0048,0.3456
HEARTS FIVE DIAMONDS EIGHT,0.7142,0.0224,0.2634
DIAMONDS EIGHT DIAMONDS TEN,0.5388,0.0062,0.455
DIAMONDS EIGHT DIAMONDS JACK,0.5718,0.0052,0.423
SPADES JACK SPADES THREE,0.5986,0.0048,0.3966
SPADES TEN SPADES THREE,0.6026,0.0034,0.394
CLUBS FOUR HEARTS ACE,0.3172,0.4746,0.2082
CLUBS FOUR HEARTS QUEEN,0.6522,0.0066,0.3412
CLUBS FOUR HEARTS KING,0.6504,0.005,0.3446
CLUBS SIX HEARTS TEN,0.5956,0.0048,0.3996
CLUBS SIX HEARTS JACK,0.6244,0.0044,0.3712
DIAMONDS EIGHT SPADES FOUR,0.6476,0.005,0.3474
SPADES FIVE DIAMONDS EIGHT,0.7262,0.0194,0.2544
DIAMONDS EIGHT SPADES TWO,0.6456,0.0062,0.3482
DIAMONDS EIGHT SPADES THREE,0.67,0.0044,0.3256
CLUBS FOUR HEARTS JACK,0.6662,0.005,0.3288
SPADES EIGHT DIAMONDS EIGHT,0.3618,0.0026,0.6356
SPADES TEN DIAMONDS QUEEN,0.572,0.005,0.423
SPADES TEN HEARTS TWO,0.6486,0.0056,0.3458
SPADES JACK HEARTS EIGHT,0.585,0.0034,0.4116
CLUBS FOUR HEARTS TEN,0.6398,0.0056,0.3546
SPADES NINE DIAMONDS EIGHT,0.5816,0.0078,0.4106
SPADES TEN HEARTS EIGHT,0.5706,0.0034,0.426
SPADES JACK HEARTS TWO,0.6424,0.0044,0.3532
SPADES JACK DIAMONDS QUEEN,0.5678,0.0046,0.4276
SPADES SIX DIAMONDS EIGHT,0.5926,0.0054,0.402
SPADES SEVEN DIAMONDS EIGHT,0.5686,0.0036,0.4278
SPADES ACE HEARTS TWO,0.3258,0.4524,0.2218
SPADES ACE DIAMONDS QUEEN,0.2584,0.067,0.6746
SPADES ACE HEARTS EIGHT,0.2584,0.2232,0.5184
SPADES KING HEARTS EIGHT,0.6052,0.0052,0.3896
SPADES QUEEN HEARTS TWO,0.6478,0.0042,0.348
SPADES QUEEN DIAMONDS QUEEN,0.3108,0.0036,0.6856
SPADES KING DIAMONDS QUEEN,0.5884,0.006,0.4056
SPADES KING HEARTS TWO,0.6426,0.0046,0.3528
SPADES QUEEN HEARTS EIGHT,0.588,0.0038,0.4082
CLUBS TWO HEARTS TEN,0.6516,0.0058,0.3426
CLUBS TWO HEARTS JACK,0.6496,0.005,0.3454
SPADES SEVEN DIAMONDS NINE,0.5678,0.0054,0.4268
SPADES SIX DIAMONDS NINE,0.6094,0.0042,0.3864
SPADES NINE DIAMONDS NINE,0.3582,0.004,0.6378
SPADES EIGHT DIAMONDS NINE,0.5728,0.0062,0.421
SPADES TEN CLUBS KING,0.5616,0.0036,0.4348
DIAMONDS NINE SPADES THREE,0.652,0.0032,0.3448
SPADES JACK CLUBS KING,0.5716,0.0034,0.425
DIAMONDS NINE SPADES TWO,0.6488,0.0046,0.3466
DIAMONDS NINE SPADES FIVE,0.7268,0.0252,0.248
DIAMONDS NINE SPADES FOUR,0.6528,0.0056,0.3416
CLUBS NINE DIAMONDS NINE,0.3372,0.0048,0.658
CLUBS EIGHT DIAMONDS NINE,0.5644,0.0054,0.4302
CLUBS SIX DIAMONDS NINE,0.5954,0.0054,0.3992
SPADES JACK CLUBS FOUR,0.6506,0.0028,0.3466
CLUBS SEVEN DIAMONDS NINE,0.5792,0.0062,0.4146
SPADES TEN CLUBS FOUR,0.6568,0.0042,0.339
CLUBS FOUR DIAMONDS NINE,0.6606,0.005,0.3344
DIAMONDS NINE CLUBS TWO,0.663,0.0046,0.3324
CLUBS THREE DIAMONDS NINE,0.6636,0.0054,0.331
DIAMONDS NINE HEARTS EIGHT,0.5786,0.0044,0.417
DIAMONDS NINE HEARTS NINE,0.357,0.0044,0.6386
HEARTS SIX DIAMONDS NINE,0.5972,0.0046,0.3982
HEARTS SEVEN DIAMONDS NINE,0.5878,0.0044,0.4078
CLUBS EIGHT CLUBS NINE,0.5362,0.006,0.4578
HEARTS FOUR DIAMONDS NINE,0.6524,0.0034,0.3442
HEARTS FIVE DIAMONDS NINE,0.7284,0.0234,0.2482
HEARTS ACE CLUBS TWO,0.3222,0.46,0.2178
SPADES ACE CLUBS FOUR,0.3228,0.4616,0.2156
DIAMONDS QUEEN DIAMONDS NINE,0.5542,0.0046,0.4412
HEARTS TWO DIAMONDS NINE,0.6472,0.0036,0.3492
CLUBS TWO HEARTS KING,0.6522,0.0046,0.3432
SPADES KING CLUBS FOUR,0.6614,0.0054,0.3332
DIAMONDS KING DIAMONDS NINE,0.5668,0.0056,0.4276
HEARTS THREE DIAMONDS NINE,0.6542,0.005,0.3408
CLUBS TWO HEARTS QUEEN,0.6568,0.0056,0.3376
SPADES QUEEN CLUBS FOUR,0.6456,0.0042,0.3502
DIAMONDS NINE DIAMONDS JACK,0.545,0.006,0.449
CLUBS EIGHT SPADES NINE,0.5556,0.0056,0.4388
DIAMONDS NINE DIAMONDS TEN,0.5374,0.0038,0.4588
CLUBS EIGHT SPADES EIGHT,0.3554,0.0036,0.641
CLUBS EIGHT SPADES SEVEN,0.5646,0.004,0.4314
CLUBS EIGHT SPADES SIX,0.5864,0.0074,0.4062
CLUBS EIGHT SPADES FIVE,0.7058,0.0208,0.2734
CLUBS EIGHT SPADES FOUR,0.6334,0.0038,0.3628
CLUBS EIGHT SPADES THREE,0.6352,0.0058,0.359
CLUBS EIGHT SPADES TWO,0.6462,0.0054,0.3484
HEARTS SIX DIAMONDS TEN,0.5956,0.004,0.4004
HEARTS SEVEN DIAMONDS TEN,0.5704,0.0058,0.4238
DIAMONDS TEN HEARTS EIGHT,0.5732,0.0046,0.4222
CLUBS JACK CLUBS FOUR,0.6124,0.0054,0.3822
DIAMONDS TEN HEARTS NINE,0.5624,0.0032,0.4344
CLUBS TEN CLUBS FOUR,0.6064,0.0082,0.3854
CLUBS FOUR CLUBS KING,0.6118,0.0054,0.3828
CLUBS FOUR CLUBS QUEEN,0.6068,0.0038,0.3894
CLUBS TWO DIAMONDS TEN,0.6474,0.0034,0.3492
CLUBS THREE DIAMONDS TEN,0.6504,0.0052,0.3444
CLUBS FOUR CLUBS ACE,0.2986,0.4388,0.2626
DIAMONDS JACK DIAMONDS TEN,0.5214,0.0044,0.4742
DIAMONDS QUEEN DIAMONDS TEN,0.537,0.0036,0.4594
HEARTS TWO DIAMONDS TEN,0.6506,0.0052,0.3442
DIAMONDS KING DIAMONDS TEN,0.5494,0.0048,0.4458
HEARTS THREE DIAMONDS TEN,0.6538,0.0056,0.3406
HEARTS FOUR DIAMONDS TEN,0.6444,0.0056,0.35
CLUBS EIGHT HEARTS JACK,0.566,0.0038,0.4302
HEARTS FIVE DIAMONDS TEN,0.7452,0.0224,0.2324
CLUBS EIGHT HEARTS TEN,0.5654,0.0036,0.431
CLUBS EIGHT HEARTS QUEEN,0.5922,0.0036,0.4042
CLUBS EIGHT HEARTS KING,0.6094,0.0038,0.3868
CLUBS EIGHT HEARTS ACE,0.2352,0.2258,0.539
CLUBS NINE SPADES THREE,0.6456,0.0038,0.3506
CLUBS NINE SPADES TWO,0.6498,0.0062,0.344
CLUBS NINE SPADES FIVE,0.7338,0.0224,0.2438
CLUBS NINE SPADES FOUR,0.6536,0.005,0.3414
CLUBS NINE SPADES SEVEN,0.5818,0.0038,0.4144
CLUBS NINE SPADES SIX,0.594,0.0038,0.4022
CLUBS NINE SPADES NINE,0.3404,0.004,0.6556
CLUBS TEN HEARTS EIGHT,0.5748,0.0052,0.42
CLUBS NINE SPADES EIGHT,0.5636,0.005,0.4314
CLUBS JACK HEARTS EIGHT,0.5778,0.0028,0.4194
HEARTS EIGHT CLUBS QUEEN,0.5936,0.0046,0.4018
CLUBS KING HEARTS EIGHT,0.603,0.003,0.394
CLUBS ACE HEARTS EIGHT,0.2386,0.2324,0.529
SPADES KING CLUBS KING,0.299,0.0042,0.6968
SPADES QUEEN CLUBS KING,0.563,0.0052,0.4318
SPADES ACE CLUBS KING,0.258,0.0556,0.6864
HEARTS FOUR HEARTS TEN,0.6094,0.0048,0.3858
HEARTS FOUR HEARTS JACK,0.6052,0.0036,0.3912
HEARTS SEVEN DIAMONDS JACK,0.6006,0.005,0.3944
HEARTS SIX DIAMONDS JACK,0.6206,0.0042,0.3752
DIAMONDS JACK HEARTS NINE,0.581,0.0054,0.4136
DIAMONDS JACK HEARTS EIGHT,0.5902,0.0038,0.406
DIAMONDS KING DIAMONDS JACK,0.5372,0.0034,0.4594
HEARTS THREE DIAMONDS JACK,0.659,0.0038,0.3372
SPADES ACE SPADES SIX,0.2336,0.3612,0.4052
HEARTS ACE SPADES FOUR,0.315,0.4644,0.2206
DIAMONDS QUEEN DIAMONDS JACK,0.5458,0.0042,0.45
HEARTS TWO DIAMONDS JACK,0.6556,0.0036,0.3408
HEARTS FIVE DIAMONDS JACK,0.7336,0.0284,0.238
SPADES QUEEN SPADES SIX,0.573,0.0048,0.4222
SPADES FOUR HEARTS QUEEN,0.6422,0.004,0.3538
HEARTS FOUR DIAMONDS JACK,0.6468,0.005,0.3482
SPADES KING SPADES SIX,0.5636,0.0032,0.4332
SPADES FOUR HEARTS KING,0.6402,0.0036,0.3562
SPADES TEN SPADES SIX,0.5526,0.0048,0.4426
SPADES JACK SPADES SIX,0.5734,0.0042,0.4224
SPADES FOUR DIAMONDS JACK,0.6464,0.0032,0.3504
SPADES FIVE DIAMONDS JACK,0.7532,0.0292,0.2176
DIAMONDS JACK SPADES TWO,0.642,0.0062,0.3518
DIAMONDS JACK SPADES THREE,0.654,0.0062,0.3398
SPADES ACE DIAMONDS THREE,0.3194,0.4654,0.2152
CLUBS EIGHT DIAMONDS JACK,0.5826,0.0056,0.4118
SPADES QUEEN DIAMONDS THREE,0.6484,0.0044,0.3472
SPADES KING DIAMONDS THREE,0.6532,0.0054,0.3414
CLUBS NINE DIAMONDS JACK,0.5818,0.0032,0.415
CLUBS SIX DIAMONDS JACK,0.6248,0.0038,0.3714
CLUBS SEVEN DIAMONDS JACK,0.5942,0.0048,0.401
CLUBS FOUR DIAMONDS JACK,0.6582,0.0068,0.335
CLUBS TWO DIAMONDS JACK,0.6566,0.0056,0.3378
CLUBS THREE DIAMONDS JACK,0.6576,0.0082,0.3342
SPADES JACK HEARTS SIX,0.5986,0.0022,0.3992
HEARTS SIX SPADES TEN,0.5968,0.0032,0.4
SPADES JACK DIAMONDS THREE,0.6394,0.0066,0.354
CLUBS SEVEN CLUBS ACE,0.2286,0.2876,0.4838
DIAMONDS THREE SPADES TEN,0.6496,0.004,0.3464
CLUBS SEVEN CLUBS QUEEN,0.5784,0.004,0.4176
CLUBS SEVEN CLUBS KING,0.5598,0.0052,0.435
SPADES NINE DIAMONDS JACK,0.5776,0.0044,0.418
CLUBS TEN CLUBS SEVEN,0.549,0.006,0.445
HEARTS FOUR HEARTS ACE,0.3066,0.4284,0.265
SPADES EIGHT DIAMONDS JACK,0.5874,0.0062,0.4064
SPADES ACE HEARTS SIX,0.2458,0.3732,0.381
CLUBS JACK CLUBS SEVEN,0.5652,0.0046,0.4302
HEARTS FOUR HEARTS KING,0.6152,0.0062,0.3786
SPADES SEVEN DIAMONDS JACK,0.59,0.0044,0.4056
SPADES KING HEARTS SIX,0.6228,0.0046,0.3726
HEARTS FOUR HEARTS QUEEN,0.6172,0.0046,0.3782
SPADES QUEEN HEARTS SIX,0.6096,0.0046,0.3858
SPADES SIX DIAMONDS JACK,0.6158,0.004,0.3802
DIAMONDS TEN SPADES TWO,0.6486,0.0054,0.346
SPADES THREE DIAMONDS TEN,0.6434,0.0054,0.3512
SPADES FOUR DIAMONDS TEN,0.646,0.0024,0.3516
SPADES FIVE DIAMONDS TEN,0.7342,0.0282,0.2376
SPADES SIX DIAMONDS TEN,0.603,0.0046,0.3924
SPADES SEVEN DIAMONDS TEN,0.5776,0.0034,0.419
SPADES EIGHT DIAMONDS TEN,0.575,0.005,0.42
SPADES NINE DIAMONDS TEN,0.5558,0.0036,0.4406
CLUBS FOUR DIAMONDS TEN,0.6546,0.0062,0.3392
CLUBS SIX DIAMONDS TEN,0.5948,0.0042,0.401
CLUBS SEVEN DIAMONDS TEN,0.5838,0.007,0.4092
CLUBS EIGHT DIAMONDS TEN,0.5634,0.005,0.4316
CLUBS NINE DIAMONDS TEN,0.5538,0.0062,0.44
CLUBS JACK DIAMONDS THREE,0.6562,0.0058,0.338
CLUBS TEN DIAMONDS THREE,0.6432,0.0044,0.3524
DIAMONDS THREE CLUBS KING,0.6588,0.0058,0.3354
DIAMONDS THREE CLUBS QUEEN,0.6508,0.0054,0.3438
DIAMONDS THREE CLUBS ACE,0.3232,0.462,0.2148
SPADES FOUR HEARTS JACK,0.6504,0.004,0.3456
SPADES FOUR HEARTS TEN,0.6298,0.0052,0.365
SPADES FIVE SPADES TWO,0.6922,0.0234,0.2844
SPADES FOUR SPADES TWO,0.6252,0.005,0.3698
SPADES THREE SPADES TWO,0.63,0.0054,0.3646
SPADES NINE SPADES TWO,0.5988,0.005,0.3962
SPADES EIGHT SPADES TWO,0.6142,0.004,0.3818
SPADES SEVEN SPADES TWO,0.6204,0.0034,0.3762
SPADES SIX SPADES TWO,0.6292,0.003,0.3678
DIAMONDS QUEEN CLUBS THREE,0.6528,0.006,0.3412
CLUBS THREE HEARTS TWO,0.679,0.006,0.315
DIAMONDS QUEEN CLUBS TWO,0.6586,0.0036,0.3378
HEARTS TWO CLUBS TWO,0.477,0.0068,0.5162
HEARTS SEVEN DIAMONDS QUEEN,0.618,0.0048,0.3772
HEARTS SEVEN HEARTS TWO,0.6182,0.0038,0.378
HEARTS SIX DIAMONDS QUEEN,0.613,0.003,0.384
HEARTS SIX HEARTS TWO,0.6104,0.0048,0.3848
DIAMONDS QUEEN HEARTS NINE,0.5906,0.0034,0.406
HEARTS TWO HEARTS NINE,0.6168,0.0046,0.3786
DIAMONDS QUEEN HEARTS EIGHT,0.6064,0.0028,0.3908
HEARTS TWO HEARTS EIGHT,0.6076,0.0042,0.3882
CLUBS NINE HEARTS TWO,0.6538,0.005,0.3412
CLUBS NINE DIAMONDS QUEEN,0.5782,0.005,0.4168
CLUBS EIGHT DIAMONDS QUEEN,0.6016,0.0046,0.3938
CLUBS EIGHT HEARTS TWO,0.6416,0.0052,0.3532
SPADES EIGHT HEARTS ACE,0.2446,0.2244,0.531
DIAMONDS QUEEN CLUBS FOUR,0.6652,0.0042,0.3306
CLUBS FOUR HEARTS TWO,0.6722,0.007,0.3208
CLUBS SEVEN DIAMONDS QUEEN,0.6072,0.0028,0.39
CLUBS SEVEN HEARTS TWO,0.6542,0.0064,0.3394
SPADES EIGHT HEARTS QUEEN,0.6012,0.0046,0.3942
CLUBS SIX DIAMONDS QUEEN,0.605,0.0054,0.3896
CLUBS SIX HEARTS TWO,0.6598,0.0062,0.334
SPADES EIGHT HEARTS KING,0.6066,0.004,0.3894
HEARTS TWO SPADES SIX,0.6588,0.005,0.3362
DIAMONDS QUEEN SPADES SIX,0.6168,0.0032,0.38
HEARTS FOUR CLUBS QUEEN,0.6414,0.0044,0.3542
DIAMONDS QUEEN SPADES SEVEN,0.6196,0.0056,0.3748
SPADES SEVEN HEARTS TWO,0.6568,0.0054,0.3378
HEARTS FOUR CLUBS KING,0.6404,0.0048,0.3548
DIAMONDS QUEEN SPADES EIGHT,0.605,0.0034,0.3916
SPADES EIGHT HEARTS TWO,0.6538,0.003,0.3432
HEARTS FOUR CLUBS ACE,0.3122,0.4722,0.2156
SPADES NINE DIAMONDS QUEEN,0.5864,0.0058,0.4078
SPADES NINE HEARTS TWO,0.6514,0.0036,0.345
HEARTS TWO SPADES TWO,0.4722,0.0058,0.522
DIAMONDS QUEEN SPADES TWO,0.6544,0.0048,0.3408
HEARTS TWO SPADES THREE,0.6688,0.0062,0.325
DIAMONDS QUEEN SPADES THREE,0.6602,0.006,0.3338
HEARTS TWO SPADES FOUR,0.665,0.0058,0.3292
DIAMONDS QUEEN SPADES FOUR,0.653,0.0034,0.3436
CLUBS TEN HEARTS FOUR,0.6294,0.003,0.3676
HEARTS TWO SPADES FIVE,0.7378,0.0302,0.232
DIAMONDS QUEEN SPADES FIVE,0.7392,0.029,0.2318
CLUBS JACK HEARTS FOUR,0.6396,0.0052,0.3552
SPADES KING CLUBS JACK,0.573,0.0062,0.4208
CLUBS JACK SPADES QUEEN,0.5508,0.0038,0.4454
SPADES ACE CLUBS JACK,0.2532,0.0978,0.649
SPADES SIX CLUBS KING,0.6102,0.0056,0.3842
SPADES SIX CLUBS QUEEN,0.6064,0.0034,0.3902
SPADES EIGHT HEARTS JACK,0.5864,0.0028,0.4108
SPADES SIX CLUBS ACE,0.2374,0.3886,0.374
SPADES EIGHT HEARTS TEN,0.5812,0.0018,0.417
CLUBS JACK SPADES SIX,0.6112,0.0052,0.3836
CLUBS TEN SPADES SIX,0.5926,0.0042,0.4032
CLUBS JACK SPADES TEN,0.5384,0.0036,0.458
CLUBS JACK SPADES JACK,0.32,0.0034,0.6766
SPADES QUEEN CLUBS SEVEN,0.6118,0.0058,0.3824
SPADES KING CLUBS SEVEN,0.6076,0.0046,0.3878
SPADES ACE CLUBS SEVEN,0.2308,0.2986,0.4706
SPADES SIX HEARTS TEN,0.6032,0.0038,0.393
SPADES SIX HEARTS JACK,0.6072,0.0018,0.391
SPADES SIX HEARTS ACE,0.252,0.3726,0.3754
SPADES SIX HEARTS KING,0.614,0.002,0.384
SPADES SIX HEARTS QUEEN,0.613,0.0028,0.3842
SPADES JACK CLUBS SEVEN,0.5914,0.0022,0.4064
SPADES TEN CLUBS SEVEN,0.579,0.0046,0.4164
CLUBS TEN HEARTS SIX,0.5912,0.004,0.4048
CLUBS JACK HEARTS SIX,0.606,0.0042,0.3898
CLUBS JACK CLUBS ACE,0.2386,0.088,0.6734
HEARTS SIX CLUBS QUEEN,0.594,0.007,0.399
HEARTS SIX CLUBS KING,0.6016,0.0046,0.3938
HEARTS SIX CLUBS ACE,0.235,0.3854,0.3796
CLUBS JACK CLUBS QUEEN,0.5314,0.0046,0.464
CLUBS JACK CLUBS KING,0.5374,0.0066,0.456
DIAMONDS THREE HEARTS ACE,0.3266,0.459,0.2144
DIAMONDS THREE HEARTS QUEEN,0.651,0.0048,0.3442
DIAMONDS THREE HEARTS KING,0.6702,0.0038,0.326
HEARTS FOUR SPADES TEN,0.634,0.007,0.359
HEARTS FOUR SPADES JACK,0.652,0.0052,0.3428
SPADES ACE HEARTS FOUR,0.3262,0.444,0.2298
HEARTS FOUR SPADES QUEEN,0.647,0.0032,0.3498
CLUBS JACK SPADES FOUR,0.6406,0.0048,0.3546
SPADES KING HEARTS FOUR,0.6554,0.0052,0.3394
CLUBS TEN SPADES FOUR,0.634,0.0042,0.3618
HEARTS FOUR DIAMONDS QUEEN,0.6574,0.005,0.3376
HEARTS FOUR HEARTS TWO,0.6198,0.007,0.3732
DIAMONDS THREE HEARTS TEN,0.645,0.004,0.351
SPADES FOUR CLUBS KING,0.641,0.004,0.355
HEARTS FIVE DIAMONDS QUEEN,0.736,0.03,0.234
HEARTS FIVE HEARTS TWO,0.6888,0.0278,0.2834
DIAMONDS THREE HEARTS JACK,0.642,0.004,0.354
SPADES FOUR CLUBS QUEEN,0.6468,0.0048,0.3484
DIAMONDS QUEEN HEARTS TWO,0.6628,0.0064,0.3308
DIAMONDS KING DIAMONDS QUEEN,0.5586,0.007,0.4344
DIAMONDS KING HEARTS TWO,0.6552,0.0052,0.3396
DIAMONDS QUEEN HEARTS THREE,0.6516,0.0044,0.344
HEARTS THREE HEARTS TWO,0.6242,0.0066,0.3692
SPADES FOUR CLUBS ACE,0.3124,0.4736,0.214
HEARTS TWO CLUBS ACE,0.3276,0.4488,0.2236
DIAMONDS QUEEN CLUBS ACE,0.2538,0.064,0.6822
HEARTS TWO CLUBS QUEEN,0.6396,0.0052,0.3552
DIAMONDS QUEEN CLUBS QUEEN,0.3002,0.0052,0.6946
HEARTS TWO CLUBS KING,0.6522,0.0042,0.3436
DIAMONDS QUEEN CLUBS KING,0.5868,0.0064,0.4068
SPADES EIGHT SPADES FIVE,0.6622,0.0232,0.3146
CLUBS TEN HEARTS TWO,0.6472,0.0052,0.3476
CLUBS TEN DIAMONDS QUEEN,0.5534,0.0058,0.4408
SPADES NINE SPADES FIVE,0.6734,0.0208,0.3058
CLUBS JACK HEARTS TWO,0.6574,0.0062,0.3364
CLUBS JACK DIAMONDS QUEEN,0.565,0.0068,0.4282
SPADES SIX SPADES FIVE,0.6724,0.0242,0.3034
SPADES SEVEN SPADES FIVE,0.6594,0.0216,0.319
DIAMONDS FIVE CLUBS QUEEN,0.7514,0.032,0.2166
SPADES EIGHT CLUBS ACE,0.235,0.2282,0.5368
DIAMONDS FIVE CLUBS KING,0.7432,0.0346,0.2222
SPADES EIGHT CLUBS KING,0.6102,0.005,0.3848
DIAMONDS FIVE CLUBS ACE,0.0058,0.9874,0.0068
SPADES EIGHT CLUBS QUEEN,0.6048,0.0042,0.391
CLUBS JACK SPADES EIGHT,0.5672,0.0034,0.4294
CLUBS TEN SPADES EIGHT,0.5614,0.0054,0.4332
CLUBS TEN DIAMONDS FIVE,0.7508,0.0216,0.2276
CLUBS JACK DIAMONDS FIVE,0.7296,0.0328,0.2376
DIAMONDS TEN HEARTS JACK,0.5486,0.0044,0.447
DIAMONDS TEN HEARTS TEN,0.3196,0.003,0.6774
SPADES ACE CLUBS NINE,0.2466,0.1702,0.5832
SPADES QUEEN CLUBS NINE,0.5768,0.0068,0.4164
SPADES KING CLUBS NINE,0.586,0.0038,0.4102
HEARTS SIX HEARTS KING,0.5704,0.0044,0.4252
DIAMONDS KING SPADES SEVEN,0.6086,0.0036,0.3878
HEARTS THREE SPADES SEVEN,0.6418,0.0052,0.353
SPADES KING DIAMONDS SEVEN,0.6128,0.0036,0.3836
HEARTS SIX HEARTS QUEEN,0.577,0.0034,0.4196
SPADES QUEEN DIAMONDS SEVEN,0.623,0.0032,0.3738
HEARTS THREE SPADES SIX,0.6412,0.0068,0.352
DIAMONDS KING SPADES SIX,0.6072,0.0054,0.3874
DIAMONDS KING SPADES NINE,0.5962,0.0064,0.3974
SPADES NINE HEARTS THREE,0.6474,0.0046,0.348
HEARTS SIX HEARTS ACE,0.2324,0.356,0.4116
DIAMONDS KING SPADES EIGHT,0.6176,0.0046,0.3778
