opposingHand,winningChance,drawChance,lostChance
DIAMONDS KING DIAMONDS QUEEN
SPADES KING CLUBS SIX,0.7016,0.057,0.2414
DIAMONDS THREE DIAMONDS TEN,0.6908,0.0082,0.301
HEARTS SEVEN CLUBS KING,0.7256,0.0606,0.2138
HEARTS FOUR SPADES SEVEN,0.656,0.007,0.337
SPADES SEVEN DIAMONDS JACK,0.6832,0.0076,0.3092
SPADES FOUR CLUBS QUEEN,0.7448,0.0292,0.226
CLUBS NINE DIAMONDS JACK,0.6598,0.008,0.3322
DIAMONDS THREE SPADES TEN,0.6868,0.0094,0.3038
SPADES EIGHT DIAMONDS ACE,0.4452,0.0054,0.5494
HEARTS FIVE CLUBS KING,0.704,0.0604,0.2356
HEARTS EIGHT SPADES NINE,0.6548,0.0076,0.3376
HEARTS SIX DIAMONDS JACK,0.6834,0.0084,0.3082
HEARTS SEVEN CLUBS EIGHT,0.666,0.0044,0.3296
HEARTS THREE DIAMONDS FOUR,0.6512,0.0076,0.3412
HEARTS TWO HEARTS QUEEN,0.7116,0.0294,0.259
CLUBS JACK SPADES QUEEN,0.7432,0.026,0.2308
HEARTS TWO DIAMONDS TEN,0.703,0.0066,0.2904
SPADES ACE DIAMONDS SIX,0.4562,0.004,0.5398
CLUBS TEN SPADES FIVE,0.6904,0.006,0.3036
SPADES EIGHT HEARTS KING,0.7024,0.0594,0.2382
HEARTS FIVE HEARTS JACK,0.647,0.0072,0.3458
SPADES FOUR SPADES TWO,0.6352,0.0082,0.3566
DIAMONDS ACE DIAMONDS FOUR,0.3894,0.0066,0.604
SPADES ACE HEARTS KING,0.2788,0.0112,0.71
DIAMONDS NINE HEARTS JACK,0.6592,0.006,0.3348
CLUBS FIVE HEARTS ACE,0.458,0.0042,0.5378
DIAMONDS TWO HEARTS QUEEN,0.7518,0.027,0.2212
CLUBS TWO HEARTS QUEEN,0.7594,0.0288,0.2118
HEARTS FIVE HEARTS THREE,0.6232,0.005,0.3718
CLUBS SIX CLUBS QUEEN,0.713,0.0226,0.2644
DIAMONDS TEN DIAMONDS NINE,0.6578,0.0064,0.3358
HEARTS FIVE CLUBS THREE,0.6564,0.0084,0.3352
CLUBS SIX SPADES SEVEN,0.6434,0.0046,0.352
DIAMONDS EIGHT CLUBS ACE,0.451,0.0048,0.5442
HEARTS SEVEN DIAMONDS FOUR,0.6588,0.0082,0.333
DIAMONDS TWO CLUBS THREE,0.6642,0.01,0.3258
HEARTS EIGHT DIAMONDS TWO,0.688,0.0086,0.3034
CLUBS KING DIAMONDS FOUR,0.7088,0.0638,0.2274
DIAMONDS THREE HEARTS FIVE,0.6486,0.0076,0.3438
SPADES QUEEN DIAMONDS ACE,0.2886,0.01,0.7014
CLUBS TEN DIAMONDS FIVE,0.6868,0.0084,0.3048
HEARTS SIX HEARTS TWO,0.6414,0.0076,0.351
SPADES FIVE DIAMONDS NINE,0.6718,0.0066,0.3216
SPADES SIX DIAMONDS SIX,0.4984,0.0066,0.495
SPADES SEVEN HEARTS TEN,0.6734,0.0056,0.321
HEARTS SIX DIAMONDS EIGHT,0.6488,0.0054,0.3458
SPADES KING HEARTS TWO,0.7204,0.061,0.2186
SPADES EIGHT DIAMONDS TEN,0.6562,0.0056,0.3382
CLUBS JACK CLUBS TEN,0.6258,0.0054,0.3688
HEARTS FOUR HEARTS THREE,0.6266,0.0082,0.3652
CLUBS JACK HEARTS SIX,0.7102,0.0056,0.2842
SPADES SEVEN SPADES FIVE,0.6148,0.0058,0.3794
HEARTS KING CLUBS QUEEN,0.0704,0.9052,0.0244
DIAMONDS NINE DIAMONDS SEVEN,0.6464,0.0076,0.346
HEARTS FOUR SPADES TWO,0.6734,0.0082,0.3184
CLUBS THREE SPADES TWO,0.6772,0.0072,0.3156
HEARTS SEVEN CLUBS ACE,0.4522,0.0052,0.5426
SPADES ACE CLUBS ACE,0.18,0.0048,0.8152
HEARTS FIVE HEARTS TWO,0.6266,0.0086,0.3648
CLUBS NINE HEARTS THREE,0.684,0.0058,0.3102
HEARTS JACK HEARTS TEN,0.604,0.008,0.388
HEARTS FIVE HEARTS FOUR,0.5996,0.0096,0.3908
CLUBS SEVEN HEARTS THREE,0.6852,0.0076,0.3072
HEARTS FOUR SPADES NINE,0.6938,0.0074,0.2988
HEARTS JACK HEARTS NINE,0.632,0.0072,0.3608
HEARTS FOUR DIAMONDS FIVE,0.6338,0.0082,0.358
HEARTS EIGHT SPADES TWO,0.69,0.0082,0.3018
HEARTS FOUR SPADES FIVE,0.6424,0.0062,0.3514
CLUBS FOUR SPADES THREE,0.6548,0.0068,0.3384
CLUBS EIGHT CLUBS QUEEN,0.7166,0.0222,0.2612
HEARTS FOUR CLUBS FOUR,0.5142,0.007,0.4788
DIAMONDS THREE DIAMONDS FOUR,0.6454,0.009,0.3456
CLUBS TEN DIAMONDS TWO,0.7012,0.0076,0.2912
CLUBS SIX DIAMONDS TEN,0.6896,0.0044,0.306
SPADES TEN CLUBS SEVEN,0.671,0.0046,0.3244
CLUBS THREE DIAMONDS JACK,0.7038,0.0054,0.2908
SPADES KING HEARTS NINE,0.704,0.0658,0.2302
CLUBS TWO SPADES THREE,0.6776,0.0078,0.3146
CLUBS FIVE DIAMONDS SIX,0.643,0.0068,0.3502
CLUBS TEN CLUBS NINE,0.62,0.0076,0.3724
SPADES JACK HEARTS FOUR,0.6994,0.0064,0.2942
CLUBS FOUR CLUBS KING,0.6696,0.0528,0.2776
CLUBS TWO SPADES FOUR,0.6692,0.0062,0.3246
SPADES SIX SPADES TWO,0.6452,0.0058,0.349
HEARTS SEVEN DIAMONDS EIGHT,0.6528,0.0078,0.3394
SPADES ACE SPADES FIVE,0.4238,0.0068,0.5694
HEARTS TWO CLUBS THREE,0.6628,0.009,0.3282
DIAMONDS TWO CLUBS SIX,0.6806,0.0066,0.3128
CLUBS SEVEN CLUBS KING,0.67,0.06,0.27
CLUBS JACK SPADES THREE,0.6988,0.0062,0.295
CLUBS EIGHT DIAMONDS ACE,0.4434,0.0062,0.5504
CLUBS SIX DIAMONDS SIX,0.4996,0.0054,0.495
CLUBS JACK DIAMONDS TWO,0.6918,0.0092,0.299
HEARTS THREE SPADES TWO,0.6718,0.0106,0.3176
HEARTS FIVE SPADES TWO,0.6812,0.0062,0.3126
DIAMONDS SIX HEARTS NINE,0.6586,0.009,0.3324
DIAMONDS TEN CLUBS KING,0.7168,0.059,0.2242
CLUBS NINE DIAMONDS SIX,0.666,0.0054,0.3286
DIAMONDS SEVEN DIAMONDS FIVE,0.6436,0.0082,0.3482
HEARTS FOUR DIAMONDS JACK,0.6968,0.0074,0.2958
SPADES ACE CLUBS EIGHT,0.4674,0.0046,0.528
SPADES QUEEN DIAMONDS JACK,0.7326,0.0288,0.2386
SPADES TEN HEARTS QUEEN,0.7512,0.023,0.2258
SPADES FOUR CLUBS KING,0.7122,0.0618,0.226
CLUBS FIVE DIAMONDS ACE,0.4354,0.0082,0.5564
CLUBS TWO DIAMONDS FOUR,0.678,0.008,0.314
CLUBS THREE SPADES FIVE,0.654,0.01,0.336
SPADES FOUR HEARTS ACE,0.45,0.0044,0.5456
CLUBS JACK CLUBS FOUR,0.661,0.0078,0.3312
DIAMONDS JACK SPADES FIVE,0.6908,0.0078,0.3014
SPADES ACE HEARTS FIVE,0.452,0.006,0.542
CLUBS TEN SPADES SEVEN,0.6628,0.0054,0.3318
CLUBS TEN CLUBS QUEEN,0.704,0.024,0.272
HEARTS THREE CLUBS QUEEN,0.757,0.0242,0.2188
CLUBS NINE HEARTS JACK,0.6718,0.0062,0.322
CLUBS FIVE CLUBS FOUR,0.6134,0.0068,0.3798
HEARTS THREE DIAMONDS TEN,0.7022,0.009,0.2888
CLUBS JACK CLUBS EIGHT,0.635,0.006,0.359
SPADES NINE HEARTS KING,0.718,0.0598,0.2222
DIAMONDS TWO DIAMONDS EIGHT,0.6776,0.009,0.3134
CLUBS THREE CLUBS QUEEN,0.7128,0.0238,0.2634
CLUBS FIVE DIAMONDS SEVEN,0.643,0.0044,0.3526
DIAMONDS THREE CLUBS KING,0.7012,0.0636,0.2352
SPADES TEN CLUBS TWO,0.7036,0.008,0.2884
SPADES KING CLUBS QUEEN,0.072,0.903,0.025
SPADES SEVEN HEARTS ACE,0.4706,0.0052,0.5242
SPADES KING DIAMONDS EIGHT,0.7188,0.0642,0.217
SPADES ACE DIAMONDS FIVE,0.443,0.004,0.553
SPADES FIVE CLUBS ACE,0.457,0.0042,0.5388
CLUBS EIGHT DIAMONDS SEVEN,0.6486,0.0062,0.3452
HEARTS SEVEN HEARTS TWO,0.6616,0.004,0.3344
CLUBS FIVE HEARTS NINE,0.6796,0.0066,0.3138
DIAMONDS EIGHT HEARTS JACK,0.6678,0.008,0.3242
DIAMONDS TWO CLUBS TWO,0.5038,0.009,0.4872
SPADES SEVEN SPADES THREE,0.6468,0.009,0.3442
SPADES SIX CLUBS ACE,0.4576,0.004,0.5384
DIAMONDS THREE SPADES THREE,0.5058,0.0092,0.485
CLUBS JACK DIAMONDS THREE,0.6986,0.0082,0.2932
DIAMONDS TWO SPADES QUEEN,0.7536,0.0326,0.2138
HEARTS EIGHT SPADES EIGHT,0.4828,0.0044,0.5128
HEARTS FOUR DIAMONDS ACE,0.443,0.0062,0.5508
HEARTS EIGHT CLUBS ACE,0.4734,0.003,0.5236
SPADES TEN DIAMONDS EIGHT,0.6454,0.0076,0.347
HEARTS TWO HEARTS ACE,0.44,0.0056,0.5544
HEARTS KING DIAMONDS SEVEN,0.7068,0.0616,0.2316
SPADES KING CLUBS TEN,0.7072,0.0606,0.2322
CLUBS EIGHT SPADES FIVE,0.667,0.0066,0.3264
CLUBS SEVEN DIAMONDS ACE,0.4442,0.0058,0.55
CLUBS SIX SPADES SIX,0.4868,0.0056,0.5076
SPADES QUEEN CLUBS KING,0.0672,0.914,0.0188
DIAMONDS JACK DIAMONDS TEN,0.6542,0.0076,0.3382
SPADES EIGHT CLUBS ACE,0.4662,0.0042,0.5296
DIAMONDS ACE SPADES SIX,0.4522,0.0036,0.5442
SPADES ACE HEARTS SEVEN,0.4588,0.0038,0.5374
HEARTS FOUR CLUBS ACE,0.4514,0.004,0.5446
DIAMONDS TWO HEARTS TEN,0.7094,0.0064,0.2842
SPADES ACE SPADES QUEEN,0.2766,0.009,0.7144
SPADES EIGHT CLUBS FIVE,0.6698,0.0072,0.323
SPADES FIVE DIAMONDS SEVEN,0.654,0.0072,0.3388
HEARTS THREE CLUBS FOUR,0.667,0.0066,0.3264
HEARTS THREE DIAMONDS SEVEN,0.6802,0.0058,0.314
SPADES ACE CLUBS KING,0.2896,0.0142,0.6962
CLUBS EIGHT SPADES EIGHT,0.4912,0.0062,0.5026
CLUBS JACK SPADES SIX,0.6916,0.0068,0.3016
HEARTS TEN CLUBS QUEEN,0.7404,0.022,0.2376
SPADES TEN CLUBS QUEEN,0.7382,0.0228,0.239
CLUBS JACK DIAMONDS FIVE,0.6914,0.0058,0.3028
SPADES FOUR DIAMONDS NINE,0.6874,0.0068,0.3058
CLUBS THREE HEARTS KING,0.7158,0.062,0.2222
HEARTS SIX SPADES THREE,0.6678,0.0068,0.3254
HEARTS SIX SPADES TWO,0.6802,0.0042,0.3156
CLUBS TWO CLUBS ACE,0.4324,0.005,0.5626
HEARTS JACK DIAMONDS FOUR,0.689,0.01,0.301
DIAMONDS TWO HEARTS JACK,0.7006,0.008,0.2914
SPADES TEN SPADES FIVE,0.6482,0.006,0.3458
CLUBS EIGHT HEARTS FIVE,0.67,0.0098,0.3202
SPADES KING HEARTS SIX,0.7036,0.0568,0.2396
DIAMONDS ACE SPADES FIVE,0.4386,0.005,0.5564
HEARTS TWO SPADES THREE,0.6696,0.0096,0.3208
SPADES SIX CLUBS KING,0.7094,0.06,0.2306
HEARTS EIGHT SPADES THREE,0.6948,0.0062,0.299
CLUBS SEVEN DIAMONDS TEN,0.6756,0.0062,0.3182
HEARTS SIX SPADES JACK,0.7,0.0072,0.2928
DIAMONDS EIGHT CLUBS KING,0.7148,0.0588,0.2264
DIAMONDS THREE DIAMONDS FIVE,0.646,0.0104,0.3436
SPADES KING SPADES TEN,0.6736,0.0576,0.2688
SPADES NINE DIAMONDS EIGHT,0.6532,0.007,0.3398
HEARTS SIX SPADES SIX,0.4982,0.0058,0.496
HEARTS THREE SPADES SEVEN,0.6882,0.007,0.3048
DIAMONDS SIX HEARTS TEN,0.6736,0.005,0.3214
HEARTS EIGHT HEARTS FIVE,0.6304,0.0058,0.3638
DIAMONDS ACE DIAMONDS SEVEN,0.4138,0.0036,0.5826
SPADES JACK DIAMONDS ACE,0.4292,0.0054,0.5654
DIAMONDS THREE SPADES SEVEN,0.6628,0.0064,0.3308
HEARTS FIVE DIAMONDS FIVE,0.4894,0.0072,0.5034
SPADES NINE SPADES EIGHT,0.6222,0.0056,0.3722
CLUBS JACK SPADES FIVE,0.6976,0.0048,0.2976
CLUBS TEN SPADES FOUR,0.6896,0.006,0.3044
SPADES THREE DIAMONDS FIVE,0.6592,0.008,0.3328
CLUBS FOUR DIAMONDS JACK,0.6872,0.008,0.3048
SPADES SEVEN HEARTS QUEEN,0.7512,0.0244,0.2244
SPADES QUEEN SPADES TWO,0.7208,0.029,0.2502
SPADES TEN DIAMONDS NINE,0.6506,0.0088,0.3406
CLUBS EIGHT CLUBS TWO,0.6506,0.0078,0.3416
SPADES NINE DIAMONDS NINE,0.487,0.0052,0.5078
CLUBS TEN SPADES EIGHT,0.6588,0.0052,0.336
SPADES QUEEN SPADES TEN,0.6932,0.0224,0.2844
DIAMONDS NINE HEARTS QUEEN,0.7502,0.0242,0.2256
HEARTS EIGHT SPADES KING,0.7112,0.0658,0.223
SPADES NINE SPADES TWO,0.648,0.0084,0.3436
CLUBS TEN HEARTS FOUR,0.7036,0.0066,0.2898
CLUBS NINE HEARTS FOUR,0.6894,0.0064,0.3042
HEARTS FOUR CLUBS KING,0.7272,0.054,0.2188
SPADES KING CLUBS TWO,0.7286,0.0594,0.212
DIAMONDS EIGHT SPADES TWO,0.692,0.008,0.3
SPADES SEVEN DIAMONDS TEN,0.6786,0.006,0.3154
SPADES JACK CLUBS FOUR,0.7062,0.0062,0.2876
CLUBS JACK SPADES TEN,0.664,0.005,0.331
CLUBS EIGHT SPADES FOUR,0.685,0.008,0.307
HEARTS SEVEN HEARTS FIVE,0.6206,0.0058,0.3736
SPADES QUEEN HEARTS KING,0.071,0.9074,0.0216
SPADES NINE DIAMONDS FOUR,0.697,0.0072,0.2958
HEARTS THREE CLUBS ACE,0.4646,0.0042,0.5312
SPADES ACE CLUBS FIVE,0.4676,0.0044,0.528
CLUBS EIGHT SPADES TEN,0.6716,0.0074,0.321
DIAMONDS TEN DIAMONDS EIGHT,0.6664,0.0084,0.3252
HEARTS SEVEN SPADES TWO,0.6912,0.0066,0.3022
CLUBS SEVEN HEARTS QUEEN,0.7586,0.0236,0.2178
DIAMONDS TWO SPADES NINE,0.6912,0.0072,0.3016
HEARTS SEVEN DIAMONDS ACE,0.4442,0.0054,0.5504
SPADES ACE HEARTS QUEEN,0.2924,0.012,0.6956
HEARTS SIX SPADES FOUR,0.6508,0.006,0.3432
HEARTS FOUR SPADES FOUR,0.518,0.0072,0.4748
CLUBS SEVEN HEARTS NINE,0.6624,0.0052,0.3324
CLUBS FIVE DIAMONDS JACK,0.7012,0.0062,0.2926
CLUBS FOUR DIAMONDS EIGHT,0.6782,0.0052,0.3166
SPADES ACE CLUBS TEN,0.4434,0.0046,0.552
HEARTS SEVEN HEARTS KING,0.6744,0.0602,0.2654
DIAMONDS JACK CLUBS TWO,0.6992,0.0064,0.2944
CLUBS SEVEN HEARTS JACK,0.6934,0.0058,0.3008
HEARTS THREE SPADES SIX,0.6708,0.0062,0.323
SPADES ACE SPADES SEVEN,0.4414,0.0052,0.5534
SPADES KING SPADES NINE,0.6842,0.0586,0.2572
SPADES SIX CLUBS THREE,0.6662,0.0062,0.3276
CLUBS JACK HEARTS TWO,0.6902,0.006,0.3038
CLUBS JACK DIAMONDS SIX,0.6876,0.0054,0.307
SPADES FIVE DIAMONDS SIX,0.6414,0.0054,0.3532
CLUBS SIX SPADES THREE,0.6612,0.008,0.3308
CLUBS JACK DIAMONDS FOUR,0.7074,0.006,0.2866
CLUBS FOUR HEARTS KING,0.7072,0.058,0.2348
DIAMONDS THREE HEARTS ACE,0.45,0.006,0.544
CLUBS TWO HEARTS ACE,0.4586,0.0048,0.5366
SPADES JACK DIAMONDS FOUR,0.7064,0.0094,0.2842
SPADES QUEEN DIAMONDS EIGHT,0.7482,0.0292,0.2226
DIAMONDS NINE HEARTS KING,0.7138,0.058,0.2282
DIAMONDS THREE SPADES NINE,0.6888,0.0062,0.305
CLUBS FOUR CLUBS TWO,0.615,0.008,0.377
SPADES THREE CLUBS KING,0.7192,0.0612,0.2196
SPADES THREE DIAMONDS SIX,0.6702,0.005,0.3248
HEARTS EIGHT SPADES QUEEN,0.7512,0.031,0.2178
DIAMONDS TWO DIAMONDS JACK,0.7046,0.0074,0.288
CLUBS JACK HEARTS FOUR,0.6988,0.0086,0.2926
DIAMONDS TWO DIAMONDS SIX,0.6662,0.009,0.3248
SPADES EIGHT DIAMONDS SEVEN,0.654,0.0062,0.3398
HEARTS THREE HEARTS QUEEN,0.7094,0.0238,0.2668
SPADES QUEEN CLUBS EIGHT,0.7536,0.0216,0.2248
CLUBS EIGHT HEARTS KING,0.7108,0.0592,0.23
HEARTS KING CLUBS KING,0.1528,0.0132,0.834
HEARTS SIX DIAMONDS SIX,0.4988,0.0076,0.4936
DIAMONDS ACE CLUBS ACE,0.1592,0.0032,0.8376
CLUBS SEVEN CLUBS TWO,0.6606,0.0058,0.3336
DIAMONDS THREE HEARTS THREE,0.5058,0.0096,0.4846
SPADES ACE CLUBS QUEEN,0.2956,0.0114,0.693
SPADES TWO DIAMONDS SEVEN,0.6932,0.0058,0.301
HEARTS FIVE DIAMONDS TEN,0.6952,0.0062,0.2986
DIAMONDS TWO DIAMONDS TEN,0.6952,0.006,0.2988
SPADES FOUR HEARTS NINE,0.6974,0.0078,0.2948
HEARTS SEVEN HEARTS TEN,0.6338,0.0064,0.3598
HEARTS THREE DIAMONDS JACK,0.7032,0.0076,0.2892
HEARTS ACE DIAMONDS SIX,0.4486,0.0038,0.5476
SPADES SIX DIAMONDS JACK,0.7012,0.0056,0.2932
HEARTS FIVE CLUBS ACE,0.459,0.005,0.536
SPADES SEVEN SPADES SIX,0.6012,0.0054,0.3934
SPADES FIVE HEARTS NINE,0.6754,0.0078,0.3168
SPADES FOUR SPADES THREE,0.6208,0.0092,0.37
CLUBS EIGHT DIAMONDS NINE,0.6344,0.0062,0.3594
CLUBS FOUR DIAMONDS TEN,0.6854,0.0082,0.3064
CLUBS THREE DIAMONDS NINE,0.683,0.0078,0.3092
DIAMONDS ACE HEARTS ACE,0.1664,0.0038,0.8298
SPADES ACE HEARTS THREE,0.4512,0.005,0.5438
CLUBS TEN SPADES NINE,0.658,0.008,0.334
HEARTS EIGHT CLUBS SIX,0.6658,0.0038,0.3304
CLUBS TEN SPADES THREE,0.7068,0.008,0.2852
HEARTS SEVEN HEARTS FOUR,0.6392,0.0062,0.3546
CLUBS THREE HEARTS ACE,0.4634,0.005,0.5316
DIAMONDS TWO SPADES FIVE,0.669,0.0084,0.3226
DIAMONDS THREE CLUBS TWO,0.6608,0.0076,0.3316
SPADES QUEEN DIAMONDS FOUR,0.7358,0.0234,0.2408
SPADES KING DIAMONDS JACK,0.708,0.0596,0.2324
CLUBS NINE HEARTS KING,0.7126,0.0628,0.2246
SPADES QUEEN DIAMONDS NINE,0.7342,0.0274,0.2384
SPADES EIGHT DIAMONDS NINE,0.6428,0.0096,0.3476
CLUBS SIX SPADES FIVE,0.6336,0.006,0.3604
CLUBS SEVEN SPADES FOUR,0.6642,0.0064,0.3294
DIAMONDS THREE HEARTS TEN,0.6914,0.0066,0.302
HEARTS FOUR DIAMONDS SIX,0.6478,0.0068,0.3454
CLUBS SIX SPADES TWO,0.6672,0.008,0.3248
DIAMONDS ACE SPADES FOUR,0.434,0.0058,0.5602
HEARTS FOUR SPADES SIX,0.644,0.0048,0.3512
HEARTS FIVE DIAMONDS ACE,0.4404,0.0048,0.5548
HEARTS SEVEN CLUBS THREE,0.6868,0.0054,0.3078
SPADES QUEEN HEARTS FOUR,0.7514,0.027,0.2216
CLUBS JACK DIAMONDS NINE,0.6724,0.0078,0.3198
SPADES SIX HEARTS TEN,0.6814,0.0068,0.3118
SPADES JACK DIAMONDS TEN,0.6606,0.0056,0.3338
SPADES ACE SPADES THREE,0.4204,0.0056,0.574
HEARTS SEVEN CLUBS SEVEN,0.4976,0.006,0.4964
CLUBS TEN HEARTS JACK,0.6554,0.0068,0.3378
HEARTS SEVEN DIAMONDS SEVEN,0.4924,0.0058,0.5018
DIAMONDS SEVEN HEARTS NINE,0.6594,0.0052,0.3354
CLUBS THREE SPADES THREE,0.5088,0.0098,0.4814
HEARTS TWO HEARTS KING,0.6704,0.0624,0.2672
HEARTS EIGHT DIAMONDS SEVEN,0.6568,0.0084,0.3348
CLUBS TWO DIAMONDS FIVE,0.6548,0.0082,0.337
SPADES KING DIAMONDS SIX,0.701,0.0662,0.2328
CLUBS NINE DIAMONDS ACE,0.4408,0.0068,0.5524
SPADES FIVE SPADES FOUR,0.5838,0.0062,0.41
SPADES FIVE CLUBS QUEEN,0.7388,0.026,0.2352
CLUBS FOUR DIAMONDS FOUR,0.5008,0.011,0.4882
CLUBS EIGHT SPADES SIX,0.6632,0.0048,0.332
SPADES NINE SPADES SEVEN,0.6236,0.007,0.3694
SPADES ACE HEARTS EIGHT,0.4568,0.0042,0.539
DIAMONDS THREE DIAMONDS SIX,0.656,0.0074,0.3366
SPADES JACK SPADES FIVE,0.6576,0.0068,0.3356
SPADES ACE DIAMONDS THREE,0.446,0.005,0.549
CLUBS NINE HEARTS TEN,0.6628,0.004,0.3332
CLUBS EIGHT CLUBS FIVE,0.6308,0.0046,0.3646
CLUBS NINE SPADES THREE,0.6916,0.0066,0.3018
HEARTS SEVEN SPADES TEN,0.6698,0.0068,0.3234
SPADES QUEEN HEARTS TEN,0.735,0.0224,0.2426
SPADES SIX HEARTS QUEEN,0.7442,0.0248,0.231
HEARTS KING HEARTS JACK,0.6686,0.0552,0.2762
CLUBS SEVEN HEARTS ACE,0.4598,0.0022,0.538
SPADES KING SPADES TWO,0.6718,0.0566,0.2716
CLUBS TEN CLUBS SEVEN,0.636,0.0076,0.3564
DIAMONDS ACE HEARTS JACK,0.4258,0.0058,0.5684
HEARTS TEN DIAMONDS FOUR,0.6818,0.0072,0.311
HEARTS EIGHT CLUBS TWO,0.6886,0.0064,0.305
HEARTS TEN HEARTS NINE,0.6282,0.0058,0.366
DIAMONDS ACE HEARTS TEN,0.4336,0.005,0.5614
CLUBS NINE SPADES EIGHT,0.6572,0.0048,0.338
CLUBS EIGHT DIAMONDS EIGHT,0.502,0.0054,0.4926
CLUBS EIGHT CLUBS FOUR,0.6368,0.0064,0.3568
SPADES KING CLUBS FOUR,0.7088,0.0622,0.229
CLUBS NINE DIAMONDS SEVEN,0.6624,0.006,0.3316
DIAMONDS TWO CLUBS FOUR,0.6746,0.0104,0.315
HEARTS TWO DIAMONDS NINE,0.692,0.0084,0.2996
CLUBS TEN CLUBS TWO,0.6642,0.0074,0.3284
HEARTS FIVE SPADES TEN,0.6932,0.007,0.2998
CLUBS SIX DIAMONDS NINE,0.6536,0.0082,0.3382
HEARTS EIGHT DIAMONDS EIGHT,0.496,0.0058,0.4982
SPADES ACE DIAMONDS FOUR,0.441,0.006,0.553
SPADES JACK DIAMONDS SIX,0.6846,0.0062,0.3092
HEARTS SIX CLUBS TWO,0.687,0.0058,0.3072
HEARTS ACE HEARTS KING,0.2804,0.0142,0.7054
DIAMONDS THREE HEARTS QUEEN,0.7598,0.0268,0.2134
HEARTS KING CLUBS ACE,0.2954,0.0126,0.692
SPADES JACK SPADES NINE,0.634,0.0074,0.3586
DIAMONDS TWO CLUBS QUEEN,0.76,0.0276,0.2124
CLUBS FIVE CLUBS QUEEN,0.708,0.0296,0.2624
DIAMONDS ACE CLUBS QUEEN,0.2754,0.012,0.7126
HEARTS TWO CLUBS TWO,0.5096,0.0068,0.4836
SPADES JACK SPADES SEVEN,0.6508,0.0072,0.342
HEARTS SIX SPADES FIVE,0.6428,0.0066,0.3506
SPADES ACE CLUBS SEVEN,0.4584,0.0026,0.539
SPADES FIVE SPADES THREE,0.6166,0.0058,0.3776
CLUBS NINE SPADES TEN,0.6528,0.0062,0.341
DIAMONDS SEVEN HEARTS TEN,0.6856,0.006,0.3084
CLUBS SIX CLUBS KING,0.6652,0.0566,0.2782
DIAMONDS ACE CLUBS KING,0.2702,0.0124,0.7174
CLUBS THREE DIAMONDS FIVE,0.6596,0.0078,0.3326
CLUBS JACK SPADES KING,0.7082,0.0568,0.235
DIAMONDS JACK SPADES TWO,0.6976,0.008,0.2944
HEARTS THREE DIAMONDS NINE,0.6836,0.0084,0.308
DIAMONDS TEN HEARTS ACE,0.4382,0.0054,0.5564
CLUBS TWO CLUBS QUEEN,0.7182,0.0294,0.2524
CLUBS JACK HEARTS THREE,0.7086,0.0088,0.2826
HEARTS SEVEN HEARTS QUEEN,0.715,0.0282,0.2568
HEARTS FIVE DIAMONDS EIGHT,0.6616,0.0098,0.3286
SPADES NINE DIAMONDS TEN,0.6592,0.006,0.3348
CLUBS JACK SPADES TWO,0.705,0.0074,0.2876
SPADES JACK CLUBS FIVE,0.6902,0.0058,0.304
CLUBS THREE DIAMONDS EIGHT,0.6916,0.0072,0.3012
SPADES TWO HEARTS QUEEN,0.7568,0.0266,0.2166
HEARTS SEVEN CLUBS QUEEN,0.7582,0.0254,0.2164
DIAMONDS TWO HEARTS SIX,0.6842,0.0068,0.309
DIAMONDS THREE DIAMONDS SEVEN,0.6562,0.0088,0.335
CLUBS TWO DIAMONDS SIX,0.6844,0.0068,0.3088
SPADES ACE DIAMONDS EIGHT,0.453,0.0024,0.5446
SPADES QUEEN CLUBS THREE,0.7506,0.028,0.2214
SPADES FOUR CLUBS ACE,0.4608,0.0026,0.5366
HEARTS FOUR HEARTS JACK,0.6492,0.0074,0.3434
HEARTS EIGHT CLUBS QUEEN,0.7602,0.0252,0.2146
DIAMONDS TWO CLUBS NINE,0.6902,0.0072,0.3026
DIAMONDS JACK CLUBS KING,0.717,0.0604,0.2226
CLUBS SEVEN CLUBS FIVE,0.6138,0.0076,0.3786
DIAMONDS JACK DIAMONDS EIGHT,0.677,0.008,0.315
SPADES SEVEN DIAMONDS FOUR,0.6576,0.006,0.3364
SPADES EIGHT SPADES TWO,0.648,0.0094,0.3426
HEARTS EIGHT CLUBS FOUR,0.6786,0.0056,0.3158
CLUBS FOUR HEARTS JACK,0.7024,0.0048,0.2928
HEARTS SIX DIAMONDS FIVE,0.6316,0.0052,0.3632
SPADES SEVEN DIAMONDS SEVEN,0.497,0.0066,0.4964
SPADES THREE SPADES TWO,0.6216,0.0072,0.3712
SPADES ACE SPADES TEN,0.4148,0.0028,0.5824
SPADES TWO DIAMONDS SIX,0.6812,0.0058,0.313
HEARTS ACE DIAMONDS NINE,0.4558,0.0052,0.539
DIAMONDS THREE DIAMONDS JACK,0.7014,0.0092,0.2894
HEARTS EIGHT HEARTS THREE,0.6462,0.0066,0.3472
SPADES TEN HEARTS KING,0.696,0.0584,0.2456
SPADES TWO CLUBS KING,0.7156,0.059,0.2254
HEARTS EIGHT CLUBS NINE,0.6666,0.0036,0.3298
SPADES EIGHT CLUBS THREE,0.6866,0.0076,0.3058
HEARTS EIGHT HEARTS KING,0.6714,0.061,0.2676
CLUBS SIX CLUBS ACE,0.4374,0.006,0.5566
HEARTS SIX CLUBS FOUR,0.6554,0.0066,0.338
SPADES QUEEN HEARTS ACE,0.292,0.0132,0.6948
HEARTS TWO DIAMONDS EIGHT,0.6842,0.0078,0.308
CLUBS JACK HEARTS SEVEN,0.6916,0.0078,0.3006
HEARTS SEVEN CLUBS TWO,0.6882,0.0058,0.306
HEARTS FOUR DIAMONDS SEVEN,0.6628,0.005,0.3322
CLUBS JACK SPADES NINE,0.6748,0.006,0.3192
CLUBS NINE SPADES JACK,0.666,0.007,0.327
SPADES FOUR DIAMONDS SEVEN,0.657,0.0082,0.3348
SPADES FIVE HEARTS KING,0.7038,0.0562,0.24
CLUBS FIVE SPADES SIX,0.6418,0.0058,0.3524
DIAMONDS TWO CLUBS ACE,0.4506,0.0052,0.5442
DIAMONDS THREE SPADES SIX,0.656,0.0066,0.3374
SPADES NINE CLUBS FOUR,0.6872,0.008,0.3048
SPADES ACE HEARTS SIX,0.4582,0.0032,0.5386
HEARTS FIVE SPADES NINE,0.6808,0.0052,0.314
SPADES SIX CLUBS TWO,0.6704,0.0072,0.3224
SPADES THREE HEARTS NINE,0.6898,0.0072,0.303
DIAMONDS EIGHT DIAMONDS SEVEN,0.6488,0.0066,0.3446
SPADES ACE CLUBS THREE,0.455,0.0058,0.5392
SPADES EIGHT DIAMONDS FOUR,0.687,0.0048,0.3082
HEARTS THREE CLUBS KING,0.72,0.0602,0.2198
HEARTS FIVE CLUBS FIVE,0.4866,0.0058,0.5076
HEARTS QUEEN CLUBS ACE,0.2974,0.0104,0.6922
CLUBS SIX HEARTS NINE,0.6672,0.006,0.3268
SPADES TWO CLUBS QUEEN,0.7618,0.0288,0.2094
CLUBS TEN CLUBS THREE,0.6596,0.0052,0.3352
HEARTS SIX HEARTS THREE,0.6298,0.0072,0.363
SPADES NINE DIAMONDS JACK,0.6652,0.0076,0.3272
HEARTS EIGHT CLUBS EIGHT,0.5006,0.006,0.4934
SPADES NINE HEARTS JACK,0.6756,0.0062,0.3182
SPADES ACE HEARTS TWO,0.4594,0.0056,0.535
DIAMONDS TEN DIAMONDS SIX,0.6746,0.0074,0.318
SPADES THREE HEARTS TEN,0.6894,0.0064,0.3042
CLUBS SIX CLUBS THREE,0.617,0.0062,0.3768
CLUBS SIX HEARTS TEN,0.6816,0.0072,0.3112
DIAMONDS JACK HEARTS KING,0.7062,0.0592,0.2346
HEARTS QUEEN DIAMONDS SEVEN,0.7488,0.026,0.2252
SPADES TEN HEARTS TWO,0.7062,0.007,0.2868
HEARTS THREE HEARTS ACE,0.426,0.0038,0.5702
SPADES JACK CLUBS QUEEN,0.746,0.0242,0.2298
DIAMONDS TWO DIAMONDS ACE,0.3994,0.006,0.5946
SPADES EIGHT CLUBS TWO,0.6892,0.0054,0.3054
CLUBS TEN DIAMONDS TEN,0.4734,0.0058,0.5208
DIAMONDS ACE CLUBS TWO,0.4386,0.007,0.5544
CLUBS NINE DIAMONDS FOUR,0.6918,0.0038,0.3044
DIAMONDS ACE SPADES TWO,0.4502,0.0052,0.5446
HEARTS SIX CLUBS KING,0.7102,0.0584,0.2314
HEARTS SIX SPADES NINE,0.6644,0.0062,0.3294
SPADES FOUR HEARTS KING,0.7064,0.06,0.2336
SPADES KING DIAMONDS FIVE,0.7036,0.064,0.2324
DIAMONDS JACK DIAMONDS FIVE,0.6722,0.0074,0.3204
HEARTS THREE HEARTS TWO,0.6414,0.0068,0.3518
DIAMONDS THREE CLUBS FIVE,0.655,0.007,0.338
HEARTS TWO CLUBS QUEEN,0.7668,0.0282,0.205
HEARTS EIGHT DIAMONDS FIVE,0.6564,0.0084,0.3352
SPADES ACE CLUBS SIX,0.459,0.0034,0.5376
CLUBS EIGHT HEARTS NINE,0.652,0.0058,0.3422
DIAMONDS THREE CLUBS QUEEN,0.7548,0.0294,0.2158
CLUBS EIGHT DIAMONDS FIVE,0.6498,0.0092,0.341
SPADES TEN SPADES EIGHT,0.6432,0.006,0.3508
HEARTS FIVE DIAMONDS SIX,0.626,0.0066,0.3674
SPADES JACK HEARTS FIVE,0.6916,0.0078,0.3006
CLUBS NINE CLUBS ACE,0.4316,0.0044,0.564
CLUBS SEVEN HEARTS KING,0.7028,0.0582,0.239
DIAMONDS THREE DIAMONDS NINE,0.6886,0.0094,0.302
CLUBS TEN HEARTS SIX,0.6902,0.0068,0.303
CLUBS TEN HEARTS TEN,0.4752,0.0052,0.5196
SPADES JACK CLUBS SIX,0.6916,0.0082,0.3002
SPADES NINE HEARTS QUEEN,0.7462,0.0266,0.2272
SPADES QUEEN HEARTS JACK,0.7422,0.0306,0.2272
CLUBS FIVE CLUBS KING,0.6624,0.0574,0.2802
HEARTS SIX DIAMONDS ACE,0.4532,0.0034,0.5434
HEARTS KING DIAMONDS EIGHT,0.699,0.0632,0.2378
CLUBS NINE SPADES SIX,0.6638,0.0054,0.3308
CLUBS FIVE HEARTS KING,0.7096,0.0536,0.2368
SPADES THREE HEARTS KING,0.7126,0.0612,0.2262
CLUBS NINE DIAMONDS NINE,0.481,0.005,0.514
HEARTS SIX HEARTS NINE,0.6322,0.0066,0.3612
HEARTS SEVEN SPADES JACK,0.6788,0.0062,0.315
SPADES TEN HEARTS JACK,0.6556,0.0078,0.3366
CLUBS NINE DIAMONDS FIVE,0.678,0.0078,0.3142
SPADES KING DIAMONDS TWO,0.7122,0.0606,0.2272
SPADES KING CLUBS KING,0.1536,0.011,0.8354
CLUBS NINE DIAMONDS TEN,0.66,0.0064,0.3336
SPADES SIX DIAMONDS EIGHT,0.6514,0.0068,0.3418
SPADES EIGHT SPADES FOUR,0.6324,0.0088,0.3588
HEARTS FIVE DIAMONDS SEVEN,0.6448,0.0076,0.3476
CLUBS SEVEN DIAMONDS FOUR,0.6612,0.0074,0.3314
CLUBS TEN HEARTS QUEEN,0.7352,0.0286,0.2362
HEARTS FIVE HEARTS NINE,0.633,0.0058,0.3612
HEARTS THREE SPADES FIVE,0.6564,0.007,0.3366
CLUBS JACK CLUBS QUEEN,0.704,0.0244,0.2716
HEARTS TWO DIAMONDS ACE,0.441,0.0042,0.5548
DIAMONDS JACK DIAMONDS SEVEN,0.6966,0.0078,0.2956
SPADES TEN SPADES SEVEN,0.6404,0.0046,0.355
DIAMONDS FIVE HEARTS NINE,0.6804,0.0068,0.3128
CLUBS JACK CLUBS SIX,0.649,0.0054,0.3456
HEARTS FIVE HEARTS QUEEN,0.71,0.0232,0.2668
CLUBS NINE HEARTS SIX,0.6604,0.0062,0.3334
CLUBS TEN HEARTS TWO,0.696,0.0064,0.2976
CLUBS THREE HEARTS QUEEN,0.7562,0.0242,0.2196
SPADES ACE CLUBS FOUR,0.462,0.0056,0.5324
SPADES SEVEN CLUBS QUEEN,0.7514,0.027,0.2216
HEARTS SEVEN SPADES EIGHT,0.6614,0.0048,0.3338
SPADES QUEEN HEARTS FIVE,0.7456,0.0278,0.2266
HEARTS SEVEN CLUBS FOUR,0.6742,0.0056,0.3202
CLUBS SIX SPADES FOUR,0.6666,0.0064,0.327
SPADES SEVEN CLUBS TWO,0.698,0.0058,0.2962
SPADES THREE DIAMONDS FOUR,0.656,0.0082,0.3358
CLUBS SIX DIAMONDS FOUR,0.656,0.008,0.336
DIAMONDS JACK HEARTS NINE,0.6664,0.0074,0.3262
SPADES EIGHT DIAMONDS JACK,0.6834,0.0064,0.3102
HEARTS THREE CLUBS FIVE,0.6638,0.0078,0.3284
HEARTS FOUR DIAMONDS NINE,0.6846,0.0062,0.3092
DIAMONDS TEN CLUBS QUEEN,0.7308,0.0308,0.2384
DIAMONDS SEVEN CLUBS ACE,0.4584,0.0048,0.5368
HEARTS SEVEN HEARTS NINE,0.6372,0.006,0.3568
HEARTS FIVE CLUBS SIX,0.64,0.0048,0.3552
CLUBS FIVE DIAMONDS NINE,0.6658,0.0072,0.327
HEARTS KING HEARTS QUEEN,0.0714,0.859,0.0696
CLUBS THREE DIAMONDS TEN,0.6888,0.0068,0.3044
HEARTS FIVE CLUBS FOUR,0.6554,0.0046,0.34
DIAMONDS TWO HEARTS FIVE,0.6668,0.0082,0.325
CLUBS SEVEN DIAMONDS JACK,0.6888,0.0058,0.3054
SPADES QUEEN HEARTS QUEEN,0.3392,0.011,0.6498
HEARTS QUEEN HEARTS JACK,0.7002,0.0224,0.2774
SPADES EIGHT HEARTS QUEEN,0.7706,0.0272,0.2022
CLUBS JACK DIAMONDS EIGHT,0.6864,0.0082,0.3054
CLUBS FOUR SPADES SIX,0.6444,0.0078,0.3478
HEARTS KING HEARTS TEN,0.6704,0.0524,0.2772
SPADES KING DIAMONDS ACE,0.268,0.0118,0.7202
SPADES EIGHT HEARTS TEN,0.6686,0.0052,0.3262
HEARTS FIVE SPADES SEVEN,0.6622,0.006,0.3318
SPADES TEN CLUBS FIVE,0.6956,0.0058,0.2986
DIAMONDS THREE SPADES FOUR,0.6544,0.0098,0.3358
DIAMONDS THREE SPADES KING,0.7068,0.0592,0.234
SPADES QUEEN CLUBS QUEEN,0.35,0.0118,0.6382
HEARTS SIX CLUBS EIGHT,0.6658,0.0044,0.3298
HEARTS ACE HEARTS NINE,0.4276,0.0044,0.568
SPADES ACE DIAMONDS NINE,0.4566,0.004,0.5394
SPADES SEVEN HEARTS JACK,0.6822,0.0076,0.3102
DIAMONDS TWO SPADES TWO,0.4944,0.0104,0.4952
SPADES TEN SPADES FOUR,0.6498,0.0068,0.3434
HEARTS ACE DIAMONDS EIGHT,0.4422,0.005,0.5528
DIAMONDS TWO HEARTS NINE,0.6822,0.0062,0.3116
HEARTS FIVE DIAMONDS FOUR,0.6362,0.0068,0.357
SPADES FOUR DIAMONDS FIVE,0.6352,0.0074,0.3574
SPADES NINE CLUBS FIVE,0.6656,0.007,0.3274
DIAMONDS THREE HEARTS TWO,0.6588,0.009,0.3322
SPADES ACE CLUBS JACK,0.4332,0.005,0.5618
SPADES SEVEN DIAMONDS FIVE,0.6586,0.0046,0.3368
CLUBS FOUR HEARTS QUEEN,0.7582,0.0224,0.2194
DIAMONDS ACE DIAMONDS JACK,0.3894,0.0056,0.605
HEARTS EIGHT DIAMONDS ACE,0.444,0.0038,0.5522
CLUBS EIGHT SPADES SEVEN,0.6618,0.0044,0.3338
SPADES KING CLUBS ACE,0.3012,0.0118,0.687
HEARTS SIX HEARTS FOUR,0.608,0.0072,0.3848
SPADES TWO HEARTS TEN,0.698,0.0076,0.2944
HEARTS FOUR DIAMONDS TEN,0.692,0.0068,0.3012
CLUBS FIVE SPADES FIVE,0.5134,0.0056,0.481
DIAMONDS TWO SPADES JACK,0.7136,0.0076,0.2788
SPADES EIGHT DIAMONDS SIX,0.656,0.008,0.336
CLUBS FOUR HEARTS ACE,0.4674,0.0052,0.5274
HEARTS SIX DIAMONDS SEVEN,0.638,0.006,0.356
DIAMONDS SEVEN CLUBS QUEEN,0.743,0.029,0.228
SPADES ACE SPADES NINE,0.4144,0.0036,0.582
SPADES SIX HEARTS JACK,0.7078,0.006,0.2862
HEARTS EIGHT DIAMONDS NINE,0.6502,0.0078,0.342
CLUBS ACE HEARTS TEN,0.442,0.0046,0.5534
CLUBS EIGHT HEARTS THREE,0.687,0.0058,0.3072
HEARTS KING DIAMONDS FOUR,0.6944,0.0638,0.2418
HEARTS FOUR CLUBS THREE,0.6558,0.0078,0.3364
HEARTS EIGHT SPADES SIX,0.654,0.007,0.339
DIAMONDS ACE DIAMONDS EIGHT,0.4136,0.0052,0.5812
CLUBS JACK SPADES EIGHT,0.6866,0.008,0.3054
CLUBS JACK HEARTS FIVE,0.7018,0.0072,0.291
HEARTS ACE CLUBS KING,0.2934,0.0098,0.6968
CLUBS FOUR DIAMONDS SEVEN,0.6714,0.0056,0.323
SPADES QUEEN HEARTS THREE,0.7642,0.0266,0.2092
SPADES JACK HEARTS QUEEN,0.743,0.0236,0.2334
HEARTS SEVEN SPADES FOUR,0.6704,0.006,0.3236
HEARTS THREE SPADES THREE,0.4954,0.0106,0.494
CLUBS TEN DIAMONDS SIX,0.6878,0.005,0.3072
HEARTS SEVEN SPADES FIVE,0.6422,0.007,0.3508
SPADES ACE HEARTS NINE,0.4436,0.0038,0.5526
SPADES QUEEN SPADES NINE,0.697,0.0242,0.2788
DIAMONDS TEN SPADES TWO,0.7018,0.0066,0.2916
SPADES ACE SPADES TWO,0.4314,0.0078,0.5608
SPADES JACK DIAMONDS SEVEN,0.6882,0.0038,0.308
CLUBS JACK CLUBS ACE,0.4034,0.0046,0.592
SPADES FIVE DIAMONDS FIVE,0.4936,0.0062,0.5002
DIAMONDS NINE CLUBS QUEEN,0.7454,0.0238,0.2308
CLUBS SEVEN CLUBS THREE,0.6316,0.0046,0.3638
CLUBS SEVEN CLUBS ACE,0.4236,0.005,0.5714
SPADES QUEEN CLUBS TWO,0.7692,0.0232,0.2076
SPADES TEN DIAMONDS FOUR,0.6892,0.0074,0.3034
SPADES SIX DIAMONDS FOUR,0.6528,0.0064,0.3408
DIAMONDS JACK HEARTS ACE,0.433,0.005,0.562
DIAMONDS TWO HEARTS KING,0.7216,0.0626,0.2158
CLUBS FIVE CLUBS TWO,0.6244,0.009,0.3666
CLUBS TWO CLUBS KING,0.6764,0.0556,0.268
CLUBS FOUR SPADES FIVE,0.6386,0.0094,0.352
HEARTS FIVE CLUBS QUEEN,0.7554,0.0248,0.2198
CLUBS TEN HEARTS KING,0.713,0.0542,0.2328
HEARTS ACE SPADES THREE,0.457,0.0054,0.5376
DIAMONDS JACK DIAMONDS NINE,0.666,0.0086,0.3254
SPADES QUEEN CLUBS NINE,0.7504,0.0238,0.2258
DIAMONDS ACE HEARTS KING,0.2688,0.0134,0.7178
DIAMONDS JACK HEARTS JACK,0.4614,0.0038,0.5348
DIAMONDS EIGHT DIAMONDS FOUR,0.6868,0.011,0.3022
DIAMONDS THREE DIAMONDS EIGHT,0.6886,0.008,0.3034
SPADES FOUR HEARTS JACK,0.6944,0.007,0.2986
DIAMONDS JACK DIAMONDS SIX,0.6866,0.0062,0.3072
CLUBS NINE HEARTS NINE,0.4776,0.0062,0.5162
CLUBS JACK CLUBS KING,0.6694,0.057,0.2736
CLUBS SEVEN HEARTS TEN,0.6784,0.0048,0.3168
SPADES KING DIAMONDS TEN,0.7046,0.0574,0.238
CLUBS EIGHT CLUBS KING,0.6652,0.061,0.2738
SPADES SEVEN SPADES TWO,0.6524,0.0058,0.3418
DIAMONDS THREE CLUBS THREE,0.504,0.0078,0.4882
HEARTS THREE HEARTS JACK,0.6688,0.0058,0.3254
CLUBS SIX CLUBS FIVE,0.617,0.0068,0.3762
SPADES KING SPADES SIX,0.652,0.0612,0.2868
SPADES QUEEN HEARTS TWO,0.7646,0.0254,0.21
HEARTS EIGHT SPADES TEN,0.6616,0.0074,0.331
HEARTS TWO SPADES TWO,0.5058,0.0088,0.4854
HEARTS FOUR CLUBS QUEEN,0.763,0.024,0.213
SPADES ACE DIAMONDS JACK,0.427,0.0034,0.5696
CLUBS FOUR DIAMONDS SIX,0.6466,0.0066,0.3468
HEARTS SIX CLUBS THREE,0.6674,0.0064,0.3262
HEARTS JACK DIAMONDS FIVE,0.6862,0.0044,0.3094
CLUBS SEVEN SPADES TWO,0.6948,0.0078,0.2974
HEARTS ACE CLUBS ACE,0.1844,0.004,0.8116
CLUBS NINE CLUBS THREE,0.638,0.005,0.357
HEARTS FOUR CLUBS TWO,0.6796,0.0072,0.3132
DIAMONDS THREE HEARTS NINE,0.6868,0.0066,0.3066
CLUBS ACE DIAMONDS SIX,0.4546,0.004,0.5414
SPADES QUEEN DIAMONDS SEVEN,0.7542,0.0288,0.217
CLUBS EIGHT SPADES NINE,0.649,0.0082,0.3428
DIAMONDS TWO CLUBS FIVE,0.648,0.0088,0.3432
HEARTS SEVEN HEARTS SIX,0.604,0.0066,0.3894
DIAMONDS THREE DIAMONDS TWO,0.663,0.0142,0.3228
SPADES FIVE HEARTS TEN,0.6976,0.006,0.2964
CLUBS ACE HEARTS NINE,0.4552,0.006,0.5388
SPADES ACE HEARTS TEN,0.4398,0.003,0.5572
CLUBS TEN SPADES SIX,0.689,0.0048,0.3062
CLUBS KING CLUBS QUEEN,0.0706,0.8604,0.069
DIAMONDS TWO DIAMONDS SEVEN,0.676,0.0058,0.3182
CLUBS SEVEN CLUBS SIX,0.6028,0.0068,0.3904
CLUBS KING HEARTS NINE,0.7108,0.0594,0.2298
DIAMONDS THREE SPADES EIGHT,0.686,0.0088,0.3052
HEARTS EIGHT CLUBS FIVE,0.6762,0.006,0.3178
SPADES JACK SPADES TWO,0.6618,0.007,0.3312
DIAMONDS TEN CLUBS ACE,0.434,0.0052,0.5608
CLUBS TEN DIAMONDS NINE,0.6482,0.0074,0.3444
CLUBS THREE CLUBS ACE,0.4206,0.0074,0.572
HEARTS SIX CLUBS ACE,0.4656,0.005,0.5294
SPADES SIX HEARTS ACE,0.4672,0.004,0.5288
HEARTS EIGHT CLUBS THREE,0.6838,0.005,0.3112
CLUBS SIX DIAMONDS EIGHT,0.6568,0.0064,0.3368
SPADES QUEEN CLUBS SEVEN,0.7556,0.0248,0.2196
HEARTS EIGHT SPADES SEVEN,0.6596,0.0048,0.3356
SPADES FIVE DIAMONDS FOUR,0.6286,0.0106,0.3608
SPADES JACK HEARTS TWO,0.704,0.0074,0.2886
SPADES EIGHT SPADES THREE,0.655,0.0058,0.3392
HEARTS EIGHT CLUBS TEN,0.667,0.0054,0.3276
CLUBS FIVE HEARTS QUEEN,0.7446,0.029,0.2264
DIAMONDS ACE SPADES THREE,0.4454,0.0056,0.549
DIAMONDS ACE DIAMONDS FIVE,0.3974,0.006,0.5966
CLUBS NINE SPADES FOUR,0.7048,0.0072,0.288
CLUBS NINE CLUBS FOUR,0.646,0.005,0.349
CLUBS SIX SPADES EIGHT,0.6642,0.0076,0.3282
SPADES KING HEARTS TEN,0.7104,0.0578,0.2318
SPADES TEN DIAMONDS TEN,0.4582,0.007,0.5348
DIAMONDS TWO CLUBS SEVEN,0.6856,0.008,0.3064
DIAMONDS ACE DIAMONDS TEN,0.3932,0.0072,0.5996
SPADES SIX HEARTS KING,0.7002,0.0606,0.2392
HEARTS THREE SPADES EIGHT,0.6938,0.0064,0.2998
HEARTS TWO SPADES FOUR,0.668,0.0084,0.3236
HEARTS QUEEN CLUBS QUEEN,0.3548,0.012,0.6332
SPADES KING HEARTS JACK,0.703,0.0566,0.2404
SPADES ACE CLUBS NINE,0.4494,0.0054,0.5452
HEARTS SIX CLUBS SEVEN,0.6438,0.0044,0.3518
CLUBS EIGHT DIAMONDS SIX,0.656,0.0088,0.3352
CLUBS THREE DIAMONDS SEVEN,0.6814,0.0068,0.3118
SPADES TWO DIAMONDS FIVE,0.6758,0.0066,0.3176
SPADES ACE SPADES EIGHT,0.4468,0.0036,0.5496
HEARTS EIGHT CLUBS KING,0.7142,0.0608,0.225
HEARTS FOUR HEARTS TWO,0.6276,0.0082,0.3642
CLUBS SEVEN SPADES EIGHT,0.6618,0.0052,0.333
SPADES QUEEN DIAMONDS TEN,0.7406,0.029,0.2304
CLUBS FOUR HEARTS TEN,0.693,0.007,0.3
CLUBS JACK HEARTS EIGHT,0.6746,0.0072,0.3182
DIAMONDS TWO HEARTS THREE,0.6642,0.0102,0.3256
SPADES NINE SPADES FIVE,0.6404,0.006,0.3536
SPADES SEVEN CLUBS THREE,0.6818,0.0072,0.311
SPADES NINE CLUBS THREE,0.6888,0.0068,0.3044
SPADES EIGHT SPADES SIX,0.6122,0.0056,0.3822
DIAMONDS TWO SPADES EIGHT,0.6988,0.0068,0.2944
SPADES ACE SPADES KING,0.2678,0.015,0.7172
CLUBS SIX DIAMONDS JACK,0.6964,0.005,0.2986
CLUBS NINE CLUBS KING,0.6646,0.062,0.2734
CLUBS JACK HEARTS QUEEN,0.749,0.0264,0.2246
HEARTS ACE DIAMONDS FOUR,0.4376,0.0048,0.5576
DIAMONDS ACE DIAMONDS NINE,0.3988,0.0042,0.597
SPADES TEN DIAMONDS ACE,0.414,0.0068,0.5792
CLUBS JACK CLUBS TWO,0.6612,0.0084,0.3304
CLUBS TWO DIAMONDS TEN,0.694,0.0088,0.2972
HEARTS TWO DIAMONDS FOUR,0.6688,0.0062,0.325
HEARTS FOUR CLUBS FIVE,0.6468,0.0052,0.348
HEARTS SIX DIAMONDS FOUR,0.656,0.0052,0.3388
SPADES TWO CLUBS ACE,0.4412,0.0052,0.5536
HEARTS EIGHT HEARTS TWO,0.6526,0.0062,0.3412
CLUBS JACK DIAMONDS JACK,0.4702,0.006,0.5238
DIAMONDS SIX CLUBS QUEEN,0.7536,0.0282,0.2182
DIAMONDS THREE HEARTS SIX,0.6814,0.0046,0.314
SPADES KING HEARTS SEVEN,0.7082,0.059,0.2328
HEARTS ACE HEARTS TEN,0.4228,0.0046,0.5726
HEARTS SEVEN CLUBS FIVE,0.6568,0.007,0.3362
CLUBS SEVEN SPADES SIX,0.6514,0.0068,0.3418
CLUBS QUEEN DIAMONDS FOUR,0.7394,0.0284,0.2322
CLUBS TWO DIAMONDS NINE,0.6844,0.0082,0.3074
SPADES JACK HEARTS ACE,0.4462,0.0038,0.55
SPADES FIVE HEARTS QUEEN,0.7616,0.0244,0.214
HEARTS SEVEN SPADES QUEEN,0.7508,0.0272,0.222
SPADES TEN CLUBS KING,0.6994,0.0588,0.2418
SPADES QUEEN HEARTS SIX,0.7532,0.021,0.2258
DIAMONDS THREE CLUBS NINE,0.6912,0.0088,0.3
CLUBS SIX DIAMONDS SEVEN,0.6398,0.0068,0.3534
CLUBS THREE DIAMONDS FOUR,0.6616,0.0082,0.3302
CLUBS KING HEARTS TEN,0.713,0.057,0.23
CLUBS TWO DIAMONDS EIGHT,0.689,0.0078,0.3032
HEARTS SEVEN DIAMONDS TWO,0.691,0.0074,0.3016
HEARTS SEVEN DIAMONDS FIVE,0.6494,0.007,0.3436
CLUBS KING DIAMONDS FIVE,0.7088,0.0666,0.2246
CLUBS TEN SPADES QUEEN,0.7356,0.0256,0.2388
SPADES KING HEARTS ACE,0.29,0.0126,0.6974
CLUBS SEVEN HEARTS TWO,0.6946,0.0068,0.2986
CLUBS SIX HEARTS ACE,0.4612,0.0034,0.5354
SPADES TEN CLUBS THREE,0.6984,0.0088,0.2928
CLUBS FOUR DIAMONDS NINE,0.676,0.0068,0.3172
DIAMONDS THREE DIAMONDS ACE,0.3998,0.0052,0.595
HEARTS FIVE SPADES THREE,0.6566,0.009,0.3344
HEARTS FOUR DIAMONDS EIGHT,0.6736,0.0064,0.32
HEARTS EIGHT HEARTS TEN,0.6284,0.007,0.3646
CLUBS FIVE HEARTS TEN,0.7006,0.0048,0.2946
SPADES KING HEARTS FOUR,0.7196,0.0568,0.2236
CLUBS NINE CLUBS TWO,0.6518,0.0066,0.3416
CLUBS EIGHT HEARTS JACK,0.6662,0.0094,0.3244
SPADES KING DIAMONDS FOUR,0.7078,0.0598,0.2324
SPADES EIGHT CLUBS KING,0.7182,0.0624,0.2194
CLUBS JACK HEARTS KING,0.721,0.0554,0.2236
SPADES QUEEN CLUBS FOUR,0.7602,0.0252,0.2146
CLUBS SEVEN DIAMONDS FIVE,0.6474,0.0086,0.344
CLUBS THREE CLUBS TWO,0.6328,0.009,0.3582
CLUBS TWO HEARTS KING,0.7144,0.0658,0.2198
HEARTS SIX CLUBS QUEEN,0.7498,0.0232,0.227
DIAMONDS EIGHT CLUBS QUEEN,0.7446,0.0318,0.2236
SPADES NINE SPADES SIX,0.6258,0.0062,0.368
SPADES KING SPADES THREE,0.677,0.059,0.264
SPADES KING CLUBS NINE,0.7016,0.0636,0.2348
CLUBS FOUR SPADES FOUR,0.5046,0.0056,0.4898
HEARTS TWO CLUBS KING,0.7042,0.0678,0.228
CLUBS JACK HEARTS TEN,0.6672,0.0056,0.3272
HEARTS TWO SPADES SEVEN,0.6954,0.0072,0.2974
SPADES THREE HEARTS JACK,0.7096,0.006,0.2844
CLUBS JACK DIAMONDS SEVEN,0.6806,0.0052,0.3142
CLUBS FIVE CLUBS ACE,0.4282,0.0056,0.5662
CLUBS JACK HEARTS JACK,0.4676,0.0046,0.5278
HEARTS EIGHT DIAMONDS SIX,0.6572,0.0098,0.333
CLUBS SEVEN DIAMONDS SIX,0.6342,0.0072,0.3586
HEARTS FIVE SPADES FOUR,0.641,0.006,0.353
HEARTS SEVEN SPADES SEVEN,0.5058,0.0064,0.4878
SPADES NINE CLUBS ACE,0.4284,0.0034,0.5682
DIAMONDS TEN DIAMONDS FOUR,0.6908,0.011,0.2982
DIAMONDS TWO DIAMONDS NINE,0.6832,0.0084,0.3084
SPADES NINE CLUBS TWO,0.694,0.0076,0.2984
SPADES KING HEARTS KING,0.1528,0.0112,0.836
HEARTS QUEEN CLUBS KING,0.072,0.9044,0.0236
CLUBS TEN DIAMONDS SEVEN,0.6762,0.0036,0.3202
DIAMONDS EIGHT HEARTS TEN,0.6636,0.007,0.3294
SPADES TWO HEARTS JACK,0.7014,0.0052,0.2934
DIAMONDS SEVEN HEARTS JACK,0.7002,0.006,0.2938
SPADES NINE HEARTS TEN,0.6526,0.0062,0.3412
CLUBS SIX DIAMONDS FIVE,0.638,0.0056,0.3564
DIAMONDS TEN HEARTS TEN,0.4618,0.007,0.5312
CLUBS EIGHT HEARTS ACE,0.4638,0.0034,0.5328
CLUBS EIGHT SPADES TWO,0.6868,0.0068,0.3064
DIAMONDS THREE SPADES JACK,0.6964,0.0068,0.2968
HEARTS FOUR SPADES EIGHT,0.6798,0.0054,0.3148
HEARTS FIVE SPADES FIVE,0.5134,0.0052,0.4814
SPADES NINE DIAMONDS FIVE,0.6772,0.0074,0.3154
CLUBS SEVEN DIAMONDS NINE,0.6682,0.0046,0.3272
SPADES TEN CLUBS ACE,0.4418,0.0038,0.5544
HEARTS THREE DIAMONDS EIGHT,0.6856,0.0082,0.3062
SPADES EIGHT CLUBS FOUR,0.6854,0.0072,0.3074
SPADES FOUR HEARTS QUEEN,0.7502,0.0292,0.2206
CLUBS EIGHT DIAMONDS TEN,0.6624,0.0062,0.3314
SPADES SIX HEARTS NINE,0.6692,0.0082,0.3226
SPADES THREE CLUBS QUEEN,0.7566,0.0302,0.2132
CLUBS EIGHT HEARTS TEN,0.6748,0.0064,0.3188
HEARTS KING SPADES TWO,0.7238,0.0676,0.2086
CLUBS SIX HEARTS KING,0.712,0.0586,0.2294
DIAMONDS EIGHT DIAMONDS SIX,0.6518,0.0084,0.3398
HEARTS SEVEN DIAMONDS TEN,0.6632,0.007,0.3298
CLUBS FIVE HEARTS TWO,0.657,0.009,0.334
SPADES JACK DIAMONDS FIVE,0.6876,0.0082,0.3042
HEARTS FOUR HEARTS TEN,0.6526,0.0096,0.3378
SPADES SIX SPADES FIVE,0.6032,0.006,0.3908
SPADES SEVEN CLUBS FOUR,0.6584,0.0048,0.3368
SPADES SIX CLUBS QUEEN,0.7534,0.0258,0.2208
HEARTS ACE HEARTS QUEEN,0.2924,0.0116,0.696
SPADES ACE DIAMONDS ACE,0.1638,0.005,0.8312
CLUBS TEN CLUBS FOUR,0.6468,0.007,0.3462
SPADES NINE CLUBS KING,0.7058,0.0552,0.239
CLUBS JACK CLUBS NINE,0.6376,0.0064,0.356
SPADES QUEEN SPADES FOUR,0.7112,0.0228,0.266
CLUBS EIGHT DIAMONDS JACK,0.6738,0.0076,0.3186
DIAMONDS THREE HEARTS KING,0.7004,0.0622,0.2374
CLUBS SIX HEARTS TWO,0.6802,0.0068,0.313
CLUBS NINE CLUBS FIVE,0.64,0.007,0.353
HEARTS SIX HEARTS ACE,0.4368,0.0042,0.559
SPADES KING SPADES FIVE,0.6448,0.0614,0.2938
CLUBS TWO HEARTS TEN,0.7,0.0084,0.2916
SPADES QUEEN DIAMONDS SIX,0.7386,0.026,0.2354
HEARTS SIX CLUBS SIX,0.501,0.0094,0.4896
SPADES JACK SPADES SIX,0.6786,0.0068,0.3146
DIAMONDS TEN HEARTS KING,0.6996,0.0632,0.2372
CLUBS THREE SPADES FOUR,0.6524,0.0082,0.3394
CLUBS EIGHT DIAMONDS FOUR,0.6682,0.0068,0.325
HEARTS FIVE CLUBS SEVEN,0.6536,0.007,0.3394
CLUBS TEN HEARTS FIVE,0.706,0.0066,0.2874
SPADES FIVE DIAMONDS TEN,0.6968,0.0076,0.2956
DIAMONDS JACK SPADES THREE,0.692,0.007,0.301
SPADES NINE HEARTS THREE,0.6894,0.0066,0.304
CLUBS JACK CLUBS THREE,0.6594,0.0084,0.3322
HEARTS SIX HEARTS QUEEN,0.7048,0.0266,0.2686
SPADES JACK SPADES THREE,0.6638,0.0034,0.3328
SPADES FOUR DIAMONDS SIX,0.6604,0.008,0.3316
SPADES NINE SPADES FOUR,0.6414,0.0072,0.3514
DIAMONDS THREE SPADES FIVE,0.6428,0.0084,0.3488
SPADES KING CLUBS SEVEN,0.7142,0.058,0.2278
DIAMONDS NINE SPADES TWO,0.69,0.007,0.303
SPADES QUEEN SPADES SIX,0.7058,0.025,0.2692
SPADES EIGHT HEARTS JACK,0.683,0.007,0.31
SPADES KING HEARTS FIVE,0.7046,0.0562,0.2392
SPADES SEVEN CLUBS ACE,0.4678,0.0038,0.5284
CLUBS NINE SPADES TWO,0.6996,0.0076,0.2928
DIAMONDS SEVEN CLUBS KING,0.7064,0.0624,0.2312
CLUBS SEVEN DIAMONDS EIGHT,0.6478,0.0076,0.3446
DIAMONDS NINE HEARTS TEN,0.6542,0.0058,0.34
HEARTS FOUR SPADES THREE,0.6548,0.0104,0.3348
SPADES ACE HEARTS FOUR,0.4518,0.0042,0.544
SPADES SIX DIAMONDS FIVE,0.6332,0.0082,0.3586
DIAMONDS THREE CLUBS SIX,0.6556,0.0052,0.3392
HEARTS EIGHT HEARTS ACE,0.435,0.0056,0.5594
CLUBS JACK HEARTS NINE,0.6814,0.0058,0.3128
CLUBS TEN SPADES TWO,0.711,0.0052,0.2838
HEARTS TWO HEARTS TEN,0.6602,0.0068,0.333
DIAMONDS JACK HEARTS QUEEN,0.741,0.0276,0.2314
SPADES ACE DIAMONDS SEVEN,0.4458,0.0038,0.5504
SPADES JACK CLUBS SEVEN,0.6922,0.008,0.2998
SPADES EIGHT SPADES FIVE,0.6334,0.0054,0.3612
CLUBS NINE SPADES FIVE,0.669,0.0064,0.3246
DIAMONDS TWO HEARTS TWO,0.5044,0.0076,0.488
HEARTS THREE HEARTS NINE,0.6596,0.0074,0.333
HEARTS FOUR HEARTS QUEEN,0.704,0.021,0.275
DIAMONDS NINE SPADES THREE,0.6834,0.0088,0.3078
HEARTS TWO DIAMONDS SIX,0.68,0.007,0.313
