opposingHand,winningChance,drawChance,lostChance
DIAMONDS QUEEN HEARTS NINE
SPADES ACE SPADES JACK,0.348,0.004,0.648
CLUBS EIGHT HEARTS JACK,0.6306,0.0122,0.3572
DIAMONDS TEN HEARTS QUEEN,0.2166,0.1196,0.6638
SPADES TEN CLUBS TWO,0.6514,0.011,0.3376
HEARTS ACE DIAMONDS SIX,0.4164,0.0052,0.5784
CLUBS TWO HEARTS QUEEN,0.624,0.1616,0.2144
SPADES SEVEN SPADES FIVE,0.5824,0.0124,0.4052
HEARTS SEVEN HEARTS TWO,0.6368,0.0124,0.3508
HEARTS JACK HEARTS TEN,0.5364,0.0122,0.4514
CLUBS TEN HEARTS SIX,0.6394,0.012,0.3486
SPADES QUEEN DIAMONDS KING,0.2388,0.025,0.7362
CLUBS FIVE SPADES SEVEN,0.6246,0.0108,0.3646
SPADES NINE HEARTS TEN,0.6962,0.0412,0.2626
CLUBS THREE DIAMONDS SEVEN,0.656,0.0138,0.3302
DIAMONDS TEN HEARTS KING,0.3542,0.0084,0.6374
DIAMONDS KING HEARTS ACE,0.3402,0.004,0.6558
HEARTS ACE DIAMONDS FOUR,0.419,0.0034,0.5776
HEARTS THREE CLUBS FOUR,0.6424,0.0098,0.3478
HEARTS KING DIAMONDS SIX,0.4044,0.0072,0.5884
HEARTS FIVE DIAMONDS NINE,0.7252,0.0458,0.229
SPADES SEVEN DIAMONDS EIGHT,0.6224,0.012,0.3656
HEARTS ACE DIAMONDS NINE,0.2546,0.016,0.7294
DIAMONDS TWO HEARTS KING,0.4246,0.007,0.5684
CLUBS SEVEN CLUBS SIX,0.5818,0.0092,0.409
HEARTS KING DIAMONDS FIVE,0.4156,0.005,0.5794
SPADES NINE SPADES SIX,0.6656,0.045,0.2894
HEARTS THREE CLUBS THREE,0.481,0.0212,0.4978
CLUBS FOUR HEARTS KING,0.418,0.0094,0.5726
SPADES ACE HEARTS TWO,0.4282,0.0042,0.5676
HEARTS SIX HEARTS FOUR,0.601,0.0114,0.3876
HEARTS THREE CLUBS ACE,0.4204,0.0054,0.5742
HEARTS THREE DIAMONDS NINE,0.737,0.0494,0.2136
SPADES FIVE CLUBS TWO,0.6342,0.0112,0.3546
HEARTS SEVEN DIAMONDS FOUR,0.6574,0.0104,0.3322
DIAMONDS KING CLUBS QUEEN,0.2422,0.0248,0.733
DIAMONDS EIGHT DIAMONDS FIVE,0.6104,0.0108,0.3788
SPADES FOUR HEARTS JACK,0.6526,0.009,0.3384
SPADES TWO CLUBS KING,0.4188,0.008,0.5732
SPADES THREE HEARTS KING,0.4102,0.008,0.5818
CLUBS JACK DIAMONDS TWO,0.65,0.0122,0.3378
DIAMONDS JACK HEARTS KING,0.354,0.0058,0.6402
DIAMONDS SEVEN HEARTS EIGHT,0.6292,0.0126,0.3582
SPADES KING HEARTS TWO,0.4284,0.0068,0.5648
CLUBS EIGHT CLUBS THREE,0.6248,0.013,0.3622
CLUBS TEN HEARTS TEN,0.2962,0.0154,0.6884
HEARTS THREE DIAMONDS KING,0.4194,0.005,0.5756
HEARTS ACE DIAMONDS FIVE,0.412,0.005,0.583
SPADES QUEEN HEARTS FIVE,0.6162,0.1518,0.232
DIAMONDS KING HEARTS QUEEN,0.2322,0.0272,0.7406
CLUBS JACK CLUBS SEVEN,0.5888,0.0086,0.4026
DIAMONDS SIX DIAMONDS FIVE,0.587,0.0102,0.4028
CLUBS FOUR CLUBS QUEEN,0.5716,0.1488,0.2796
SPADES ACE SPADES TEN,0.3514,0.004,0.6446
DIAMONDS THREE DIAMONDS TWO,0.6258,0.0102,0.364
DIAMONDS EIGHT HEARTS JACK,0.6408,0.0094,0.3498
CLUBS SIX SPADES TWO,0.6522,0.01,0.3378
SPADES ACE HEARTS QUEEN,0.2358,0.0134,0.7508
HEARTS FIVE SPADES JACK,0.6358,0.0116,0.3526
CLUBS TWO CLUBS ACE,0.4006,0.005,0.5944
SPADES SIX HEARTS ACE,0.4084,0.0044,0.5872
CLUBS NINE DIAMONDS TEN,0.6872,0.0428,0.27
SPADES FIVE DIAMONDS EIGHT,0.6536,0.0108,0.3356
HEARTS TWO DIAMONDS FIVE,0.6464,0.0116,0.342
HEARTS FOUR HEARTS ACE,0.3934,0.0058,0.6008
DIAMONDS FIVE DIAMONDS FOUR,0.606,0.0108,0.3832
HEARTS SIX SPADES TWO,0.655,0.0116,0.3334
CLUBS SIX DIAMONDS FIVE,0.6088,0.0124,0.3788
HEARTS TWO HEARTS JACK,0.6098,0.0096,0.3806
CLUBS FIVE SPADES THREE,0.6332,0.01,0.3568
HEARTS FIVE CLUBS FIVE,0.4528,0.0192,0.528
HEARTS SIX HEARTS THREE,0.607,0.0108,0.3822
CLUBS TEN CLUBS SIX,0.5958,0.008,0.3962
SPADES KING DIAMONDS KING,0.1512,0.003,0.8458
CLUBS TEN HEARTS THREE,0.6482,0.012,0.3398
DIAMONDS TWO SPADES QUEEN,0.6236,0.1592,0.2172
HEARTS FOUR HEARTS QUEEN,0.5754,0.1594,0.2652
SPADES NINE HEARTS KING,0.2454,0.0322,0.7224
DIAMONDS NINE HEARTS TEN,0.6926,0.042,0.2654
SPADES ACE HEARTS FIVE,0.4214,0.005,0.5736
CLUBS TWO DIAMONDS FOUR,0.64,0.0128,0.3472
HEARTS ACE DIAMONDS EIGHT,0.4158,0.0054,0.5788
HEARTS SEVEN SPADES FIVE,0.6392,0.0104,0.3504
HEARTS FIVE CLUBS KING,0.4142,0.0094,0.5764
CLUBS FIVE HEARTS EIGHT,0.6516,0.0122,0.3362
CLUBS THREE HEARTS EIGHT,0.693,0.0128,0.2942
CLUBS NINE HEARTS JACK,0.709,0.038,0.253
SPADES TWO DIAMONDS SIX,0.6548,0.0116,0.3336
CLUBS SIX HEARTS ACE,0.3954,0.0042,0.6004
DIAMONDS THREE HEARTS ACE,0.4076,0.0068,0.5856
CLUBS JACK SPADES QUEEN,0.2338,0.0884,0.6778
SPADES THREE DIAMONDS FOUR,0.6446,0.0096,0.3458
HEARTS THREE DIAMONDS SIX,0.6474,0.0126,0.34
DIAMONDS THREE CLUBS SEVEN,0.6616,0.0102,0.3282
SPADES JACK CLUBS FOUR,0.6566,0.008,0.3354
HEARTS TWO DIAMONDS EIGHT,0.6686,0.0142,0.3172
HEARTS TEN CLUBS QUEEN,0.2274,0.1074,0.6652
DIAMONDS JACK HEARTS ACE,0.367,0.0054,0.6276
SPADES TEN HEARTS JACK,0.5758,0.01,0.4142
DIAMONDS ACE DIAMONDS SEVEN,0.3876,0.0052,0.6072
CLUBS TWO DIAMONDS SEVEN,0.6796,0.0122,0.3082
DIAMONDS TWO CLUBS SEVEN,0.6738,0.0114,0.3148
HEARTS SIX DIAMONDS ACE,0.4266,0.005,0.5684
DIAMONDS THREE DIAMONDS SIX,0.6194,0.0126,0.368
SPADES QUEEN CLUBS SIX,0.5988,0.1612,0.24
DIAMONDS KING SPADES SIX,0.4136,0.0082,0.5782
CLUBS ACE HEARTS TEN,0.372,0.0048,0.6232
DIAMONDS NINE HEARTS QUEEN,0.0062,0.9854,0.0084
SPADES TEN SPADES FIVE,0.5956,0.0096,0.3948
CLUBS EIGHT HEARTS FOUR,0.6664,0.0104,0.3232
SPADES EIGHT DIAMONDS SEVEN,0.6362,0.0116,0.3522
HEARTS QUEEN CLUBS QUEEN,0.11,0.0232,0.8668
DIAMONDS SEVEN DIAMONDS FIVE,0.6184,0.011,0.3706
DIAMONDS TEN DIAMONDS FIVE,0.615,0.0098,0.3752
HEARTS FOUR SPADES EIGHT,0.6622,0.0106,0.3272
DIAMONDS THREE CLUBS EIGHT,0.6748,0.0112,0.314
SPADES ACE HEARTS TEN,0.3694,0.003,0.6276
CLUBS EIGHT DIAMONDS SIX,0.6398,0.0104,0.3498
SPADES QUEEN SPADES FOUR,0.5622,0.165,0.2728
HEARTS FOUR HEARTS TWO,0.623,0.011,0.366
SPADES TEN SPADES FOUR,0.5984,0.0098,0.3918
CLUBS EIGHT SPADES FIVE,0.6348,0.0108,0.3544
DIAMONDS THREE CLUBS QUEEN,0.6054,0.1666,0.228
HEARTS SEVEN CLUBS THREE,0.6634,0.0126,0.324
HEARTS SEVEN DIAMONDS NINE,0.7116,0.046,0.2424
SPADES KING DIAMONDS NINE,0.2558,0.0292,0.715
DIAMONDS NINE DIAMONDS EIGHT,0.6568,0.0404,0.3028
CLUBS SEVEN HEARTS THREE,0.6654,0.013,0.3216
CLUBS FOUR DIAMONDS NINE,0.7226,0.0512,0.2262
DIAMONDS SIX HEARTS TEN,0.648,0.0112,0.3408
CLUBS FIVE SPADES SIX,0.613,0.0102,0.3768
DIAMONDS NINE CLUBS QUEEN,0.0174,0.9742,0.0084
HEARTS FOUR HEARTS KING,0.4082,0.0094,0.5824
HEARTS SEVEN DIAMONDS ACE,0.4106,0.0044,0.585
CLUBS TEN SPADES JACK,0.5688,0.0104,0.4208
DIAMONDS ACE SPADES SEVEN,0.4152,0.0046,0.5802
HEARTS SIX SPADES THREE,0.6438,0.011,0.3452
SPADES EIGHT DIAMONDS NINE,0.6882,0.0422,0.2696
CLUBS NINE HEARTS QUEEN,0.0102,0.9714,0.0184
DIAMONDS TWO DIAMONDS TEN,0.623,0.0126,0.3644
CLUBS TEN HEARTS ACE,0.365,0.0042,0.6308
DIAMONDS KING DIAMONDS JACK,0.3426,0.0078,0.6496
CLUBS SEVEN HEARTS QUEEN,0.5996,0.169,0.2314
CLUBS TEN CLUBS NINE,0.6548,0.0358,0.3094
DIAMONDS THREE CLUBS FIVE,0.6256,0.0144,0.36
HEARTS KING HEARTS TEN,0.336,0.0064,0.6576
CLUBS FIVE SPADES FIVE,0.4584,0.0184,0.5232
SPADES QUEEN CLUBS THREE,0.6058,0.1656,0.2286
CLUBS SIX HEARTS KING,0.4092,0.0058,0.585
CLUBS THREE HEARTS ACE,0.415,0.004,0.581
HEARTS THREE SPADES THREE,0.4638,0.022,0.5142
HEARTS THREE SPADES EIGHT,0.6788,0.0098,0.3114
SPADES ACE SPADES NINE,0.2458,0.0226,0.7316
HEARTS FOUR SPADES FIVE,0.6246,0.0104,0.365
SPADES KING HEARTS THREE,0.4196,0.007,0.5734
SPADES FOUR HEARTS TEN,0.6408,0.0106,0.3486
CLUBS FOUR DIAMONDS SEVEN,0.6534,0.0124,0.3342
DIAMONDS JACK HEARTS TEN,0.5622,0.0104,0.4274
DIAMONDS THREE SPADES QUEEN,0.626,0.154,0.22
CLUBS TEN HEARTS EIGHT,0.621,0.0106,0.3684
DIAMONDS THREE CLUBS NINE,0.7124,0.0496,0.238
CLUBS EIGHT SPADES TEN,0.6152,0.0104,0.3744
CLUBS THREE HEARTS KING,0.4214,0.0052,0.5734
SPADES FIVE DIAMONDS TEN,0.6512,0.0098,0.339
HEARTS ACE SPADES TWO,0.403,0.0056,0.5914
CLUBS TEN DIAMONDS TEN,0.2948,0.0144,0.6908
SPADES TEN DIAMONDS EIGHT,0.6194,0.0124,0.3682
CLUBS NINE SPADES TWO,0.7318,0.049,0.2192
DIAMONDS TEN CLUBS ACE,0.3724,0.0052,0.6224
DIAMONDS SIX CLUBS KING,0.4274,0.0068,0.5658
CLUBS FOUR HEARTS JACK,0.6488,0.012,0.3392
SPADES SIX DIAMONDS FOUR,0.6294,0.0102,0.3604
SPADES QUEEN CLUBS SEVEN,0.6058,0.1626,0.2316
DIAMONDS TWO CLUBS ACE,0.4212,0.0034,0.5754
CLUBS SEVEN DIAMONDS SEVEN,0.463,0.0186,0.5184
CLUBS THREE DIAMONDS FOUR,0.6316,0.011,0.3574
SPADES TEN SPADES SEVEN,0.591,0.0118,0.3972
SPADES SIX HEARTS KING,0.4208,0.0044,0.5748
SPADES KING CLUBS SEVEN,0.4152,0.0052,0.5796
CLUBS FOUR SPADES TWO,0.6442,0.0118,0.344
CLUBS THREE DIAMONDS NINE,0.7338,0.046,0.2202
SPADES TEN CLUBS FIVE,0.6316,0.008,0.3604
SPADES JACK DIAMONDS ACE,0.3528,0.004,0.6432
HEARTS TWO CLUBS FIVE,0.6434,0.0128,0.3438
DIAMONDS EIGHT HEARTS TEN,0.6232,0.0126,0.3642
SPADES NINE HEARTS QUEEN,0.0086,0.9734,0.018
SPADES TEN CLUBS ACE,0.3606,0.0048,0.6346
CLUBS TEN DIAMONDS SIX,0.6436,0.01,0.3464
HEARTS TWO DIAMONDS FOUR,0.6502,0.015,0.3348
DIAMONDS JACK DIAMONDS TEN,0.5498,0.0124,0.4378
DIAMONDS TWO CLUBS EIGHT,0.6802,0.0104,0.3094
SPADES KING CLUBS FIVE,0.4236,0.005,0.5714
HEARTS FIVE SPADES TWO,0.6516,0.0104,0.338
HEARTS SEVEN DIAMONDS THREE,0.6544,0.0136,0.332
SPADES KING HEARTS FOUR,0.4296,0.0076,0.5628
SPADES SEVEN CLUBS KING,0.42,0.0034,0.5766
HEARTS FOUR CLUBS QUEEN,0.6014,0.173,0.2256
CLUBS JACK CLUBS FIVE,0.6016,0.0098,0.3886
CLUBS JACK DIAMONDS SIX,0.6674,0.0098,0.3228
CLUBS SIX DIAMONDS EIGHT,0.6392,0.0118,0.349
HEARTS FOUR DIAMONDS KING,0.4282,0.0072,0.5646
DIAMONDS EIGHT HEARTS EIGHT,0.4504,0.0192,0.5304
SPADES QUEEN SPADES THREE,0.5622,0.1664,0.2714
CLUBS FIVE DIAMONDS FIVE,0.4598,0.0174,0.5228
DIAMONDS ACE DIAMONDS FOUR,0.3986,0.005,0.5964
SPADES FIVE HEARTS TEN,0.6386,0.0132,0.3482
SPADES KING SPADES QUEEN,0.2272,0.0254,0.7474
HEARTS SIX CLUBS NINE,0.7046,0.0478,0.2476
CLUBS EIGHT DIAMONDS SEVEN,0.6326,0.0118,0.3556
SPADES JACK HEARTS JACK,0.285,0.009,0.706
CLUBS NINE DIAMONDS FOUR,0.7298,0.0456,0.2246
SPADES ACE SPADES TWO,0.405,0.0042,0.5908
CLUBS TEN DIAMONDS FIVE,0.6468,0.0096,0.3436
SPADES QUEEN HEARTS THREE,0.605,0.169,0.226
SPADES JACK CLUBS QUEEN,0.2282,0.0862,0.6856
CLUBS SIX SPADES FOUR,0.6236,0.0104,0.366
HEARTS SIX CLUBS ACE,0.4038,0.004,0.5922
CLUBS TEN CLUBS FOUR,0.6074,0.009,0.3836
DIAMONDS THREE HEARTS EIGHT,0.6842,0.0096,0.3062
SPADES THREE DIAMONDS SEVEN,0.6536,0.0128,0.3336
DIAMONDS ACE HEARTS KING,0.3276,0.007,0.6654
HEARTS FOUR DIAMONDS FOUR,0.4724,0.0184,0.5092
CLUBS TWO SPADES TWO,0.4682,0.0192,0.5126
SPADES KING DIAMONDS JACK,0.3726,0.0048,0.6226
DIAMONDS ACE DIAMONDS NINE,0.2532,0.02,0.7268
CLUBS NINE SPADES EIGHT,0.6798,0.0426,0.2776
SPADES FIVE DIAMONDS SEVEN,0.6412,0.009,0.3498
SPADES NINE HEARTS TWO,0.731,0.0488,0.2202
CLUBS EIGHT DIAMONDS KING,0.4066,0.0048,0.5886
DIAMONDS ACE CLUBS FOUR,0.4192,0.0028,0.578
DIAMONDS ACE SPADES FOUR,0.4154,0.0054,0.5792
SPADES ACE DIAMONDS THREE,0.4158,0.0058,0.5784
DIAMONDS JACK SPADES TWO,0.6532,0.012,0.3348
CLUBS FOUR HEARTS TEN,0.639,0.0102,0.3508
DIAMONDS THREE SPADES NINE,0.7296,0.045,0.2254
CLUBS NINE HEARTS KING,0.2502,0.029,0.7208
HEARTS FOUR SPADES TEN,0.6652,0.0104,0.3244
SPADES KING HEARTS FIVE,0.4278,0.009,0.5632
SPADES TEN HEARTS TEN,0.2898,0.0138,0.6964
CLUBS JACK SPADES THREE,0.641,0.0116,0.3474
CLUBS JACK SPADES SIX,0.6494,0.0102,0.3404
CLUBS SEVEN DIAMONDS FOUR,0.6516,0.0104,0.338
SPADES TEN SPADES NINE,0.6516,0.0376,0.3108
DIAMONDS THREE HEARTS JACK,0.648,0.0106,0.3414
SPADES KING DIAMONDS FIVE,0.4228,0.0072,0.57
SPADES NINE DIAMONDS ACE,0.258,0.0202,0.7218
HEARTS FOUR SPADES FOUR,0.4698,0.023,0.5072
SPADES JACK SPADES FIVE,0.598,0.0116,0.3904
CLUBS JACK CLUBS FOUR,0.6076,0.0112,0.3812
CLUBS KING HEARTS TEN,0.3616,0.0058,0.6326
HEARTS TWO CLUBS FOUR,0.653,0.0104,0.3366
SPADES NINE CLUBS FOUR,0.7198,0.0416,0.2386
HEARTS THREE HEARTS EIGHT,0.645,0.0098,0.3452
DIAMONDS NINE HEARTS EIGHT,0.6814,0.0424,0.2762
HEARTS SIX CLUBS THREE,0.6504,0.0128,0.3368
DIAMONDS EIGHT DIAMONDS SEVEN,0.6094,0.0106,0.38
HEARTS QUEEN HEARTS EIGHT,0.575,0.1594,0.2656
HEARTS SIX CLUBS EIGHT,0.635,0.0104,0.3546
SPADES FIVE HEARTS QUEEN,0.5922,0.1614,0.2464
SPADES NINE DIAMONDS SEVEN,0.6982,0.0448,0.257
CLUBS SEVEN SPADES FIVE,0.6348,0.0082,0.357
SPADES NINE DIAMONDS NINE,0.323,0.0278,0.6492
SPADES TWO HEARTS QUEEN,0.6066,0.17,0.2234
HEARTS FIVE HEARTS TWO,0.62,0.011,0.369
SPADES SEVEN SPADES SIX,0.5866,0.0106,0.4028
SPADES FIVE CLUBS QUEEN,0.6012,0.159,0.2398
SPADES KING DIAMONDS SEVEN,0.4222,0.008,0.5698
DIAMONDS THREE SPADES TWO,0.6546,0.0108,0.3346
SPADES FOUR CLUBS ACE,0.4144,0.004,0.5816
SPADES SEVEN DIAMONDS KING,0.414,0.0064,0.5796
CLUBS JACK HEARTS TWO,0.6452,0.013,0.3418
HEARTS FOUR DIAMONDS SIX,0.6412,0.0128,0.346
HEARTS SIX SPADES QUEEN,0.6194,0.1606,0.22
SPADES QUEEN SPADES SEVEN,0.5806,0.1506,0.2688
CLUBS TEN DIAMONDS TWO,0.6524,0.0092,0.3384
SPADES ACE CLUBS TWO,0.4166,0.004,0.5794
SPADES EIGHT HEARTS QUEEN,0.6038,0.1688,0.2274
CLUBS JACK HEARTS JACK,0.2916,0.009,0.6994
DIAMONDS KING DIAMONDS NINE,0.2518,0.031,0.7172
DIAMONDS NINE DIAMONDS FIVE,0.6724,0.0498,0.2778
CLUBS SEVEN HEARTS TEN,0.6298,0.0098,0.3604
CLUBS SIX HEARTS QUEEN,0.6046,0.1684,0.227
SPADES THREE DIAMONDS SIX,0.6584,0.011,0.3306
SPADES QUEEN HEARTS EIGHT,0.6084,0.1824,0.2092
HEARTS SEVEN SPADES TEN,0.6226,0.0112,0.3662
SPADES ACE DIAMONDS SIX,0.4268,0.0026,0.5706
SPADES FIVE DIAMONDS SIX,0.6132,0.0104,0.3764
SPADES QUEEN SPADES TEN,0.225,0.1092,0.6658
SPADES QUEEN DIAMONDS ACE,0.2302,0.0154,0.7544
DIAMONDS JACK CLUBS ACE,0.3766,0.0054,0.618
HEARTS SEVEN CLUBS SEVEN,0.4484,0.0182,0.5334
HEARTS FOUR HEARTS THREE,0.6224,0.011,0.3666
CLUBS ACE DIAMONDS SIX,0.412,0.0048,0.5832
HEARTS TWO HEARTS TEN,0.6226,0.0108,0.3666
SPADES JACK CLUBS TWO,0.6448,0.0112,0.344
CLUBS TWO SPADES THREE,0.6364,0.0102,0.3534
DIAMONDS KING SPADES THREE,0.4248,0.0072,0.568
CLUBS TEN HEARTS TWO,0.6576,0.012,0.3304
CLUBS JACK HEARTS EIGHT,0.6282,0.0126,0.3592
CLUBS EIGHT CLUBS TWO,0.625,0.0122,0.3628
DIAMONDS THREE DIAMONDS SEVEN,0.6234,0.0116,0.365
SPADES QUEEN HEARTS JACK,0.2368,0.091,0.6722
CLUBS TEN CLUBS ACE,0.344,0.0028,0.6532
CLUBS TEN SPADES SIX,0.6306,0.0096,0.3598
DIAMONDS KING DIAMONDS SEVEN,0.4066,0.0076,0.5858
SPADES NINE CLUBS KING,0.2558,0.0292,0.715
SPADES KING CLUBS TWO,0.4216,0.0064,0.572
DIAMONDS TWO HEARTS FOUR,0.6568,0.0108,0.3324
SPADES ACE HEARTS EIGHT,0.4192,0.0032,0.5776
HEARTS FIVE SPADES FIVE,0.4702,0.022,0.5078
HEARTS THREE SPADES SIX,0.658,0.01,0.332
SPADES ACE HEARTS KING,0.3362,0.0046,0.6592
CLUBS EIGHT DIAMONDS TEN,0.6126,0.0118,0.3756
CLUBS TEN CLUBS KING,0.3496,0.0048,0.6456
DIAMONDS ACE SPADES THREE,0.4056,0.0054,0.589
CLUBS TEN SPADES QUEEN,0.234,0.1174,0.6486
SPADES SEVEN DIAMONDS FOUR,0.6476,0.0118,0.3406
HEARTS SEVEN HEARTS QUEEN,0.574,0.1574,0.2686
DIAMONDS JACK HEARTS QUEEN,0.231,0.0932,0.6758
DIAMONDS FIVE HEARTS EIGHT,0.6484,0.0126,0.339
DIAMONDS JACK DIAMONDS SEVEN,0.6116,0.0092,0.3792
SPADES JACK DIAMONDS TEN,0.5848,0.0084,0.4068
SPADES SEVEN SPADES TWO,0.6194,0.011,0.3696
CLUBS JACK CLUBS EIGHT,0.6064,0.01,0.3836
CLUBS QUEEN DIAMONDS FOUR,0.6036,0.1678,0.2286
SPADES JACK DIAMONDS KING,0.363,0.005,0.632
CLUBS SEVEN SPADES EIGHT,0.628,0.0106,0.3614
DIAMONDS TWO HEARTS FIVE,0.6574,0.0108,0.3318
CLUBS EIGHT CLUBS KING,0.3814,0.0064,0.6122
HEARTS JACK HEARTS EIGHT,0.5976,0.012,0.3904
CLUBS FOUR DIAMONDS EIGHT,0.654,0.0134,0.3326
CLUBS TEN SPADES FIVE,0.6414,0.0118,0.3468
DIAMONDS JACK CLUBS QUEEN,0.2474,0.0906,0.662
CLUBS TEN HEARTS JACK,0.5656,0.011,0.4234
CLUBS TWO HEARTS EIGHT,0.676,0.011,0.313
CLUBS FIVE CLUBS ACE,0.3748,0.0036,0.6216
HEARTS FIVE CLUBS EIGHT,0.6554,0.0108,0.3338
CLUBS EIGHT DIAMONDS NINE,0.6814,0.0468,0.2718
SPADES QUEEN CLUBS TWO,0.603,0.169,0.228
CLUBS TEN DIAMONDS KING,0.3642,0.005,0.6308
CLUBS SEVEN HEARTS JACK,0.6378,0.0116,0.3506
CLUBS THREE DIAMONDS EIGHT,0.6748,0.013,0.3122
SPADES TEN DIAMONDS SEVEN,0.6462,0.011,0.3428
DIAMONDS TEN HEARTS EIGHT,0.631,0.0108,0.3582
SPADES KING SPADES THREE,0.3958,0.0062,0.598
DIAMONDS THREE CLUBS TEN,0.657,0.0118,0.3312
DIAMONDS THREE HEARTS FIVE,0.638,0.0118,0.3502
HEARTS FOUR SPADES THREE,0.633,0.0122,0.3548
HEARTS SIX CLUBS FOUR,0.636,0.0126,0.3514
SPADES TEN DIAMONDS JACK,0.5708,0.0098,0.4194
HEARTS FOUR CLUBS FOUR,0.4652,0.0238,0.511
SPADES EIGHT SPADES TWO,0.6352,0.0104,0.3544
CLUBS SEVEN DIAMONDS ACE,0.4098,0.003,0.5872
HEARTS ACE CLUBS KING,0.336,0.0046,0.6594
SPADES TEN DIAMONDS KING,0.36,0.0096,0.6304
CLUBS NINE CLUBS FOUR,0.6836,0.045,0.2714
HEARTS TWO DIAMONDS SEVEN,0.689,0.0142,0.2968
DIAMONDS THREE DIAMONDS NINE,0.6978,0.045,0.2572
SPADES KING HEARTS TEN,0.3542,0.0066,0.6392
HEARTS TWO SPADES THREE,0.656,0.0106,0.3334
CLUBS EIGHT DIAMONDS FOUR,0.6522,0.0108,0.337
CLUBS FOUR SPADES FIVE,0.6292,0.0094,0.3614
HEARTS SIX HEARTS JACK,0.614,0.014,0.372
DIAMONDS SIX DIAMONDS FOUR,0.606,0.0126,0.3814
CLUBS FOUR CLUBS ACE,0.3884,0.004,0.6076
HEARTS SEVEN CLUBS FOUR,0.6512,0.01,0.3388
SPADES JACK DIAMONDS FOUR,0.6448,0.0112,0.344
HEARTS TWO DIAMONDS NINE,0.727,0.0502,0.2228
HEARTS THREE DIAMONDS JACK,0.6504,0.011,0.3386
HEARTS FIVE SPADES TEN,0.661,0.0092,0.3298
CLUBS THREE DIAMONDS SIX,0.6502,0.011,0.3388
CLUBS JACK DIAMONDS THREE,0.6428,0.0126,0.3446
DIAMONDS TWO DIAMONDS EIGHT,0.6426,0.0104,0.347
SPADES JACK SPADES FOUR,0.5992,0.01,0.3908
SPADES SEVEN HEARTS QUEEN,0.6046,0.172,0.2234
HEARTS FOUR DIAMONDS NINE,0.7324,0.0482,0.2194
DIAMONDS TEN HEARTS ACE,0.359,0.0074,0.6336
DIAMONDS THREE DIAMONDS FOUR,0.6082,0.0106,0.3812
HEARTS SEVEN DIAMONDS KING,0.4206,0.0078,0.5716
CLUBS FIVE DIAMONDS JACK,0.6432,0.0112,0.3456
SPADES ACE CLUBS SIX,0.4154,0.003,0.5816
SPADES ACE CLUBS FOUR,0.4142,0.0048,0.581
SPADES EIGHT DIAMONDS EIGHT,0.432,0.0202,0.5478
HEARTS TWO DIAMONDS KING,0.4204,0.0094,0.5702
HEARTS SEVEN CLUBS ACE,0.4196,0.0054,0.575
CLUBS SIX DIAMONDS KING,0.4254,0.0056,0.569
CLUBS SIX CLUBS KING,0.3864,0.0084,0.6052
SPADES EIGHT HEARTS EIGHT,0.4362,0.0178,0.546
HEARTS FOUR CLUBS SEVEN,0.6498,0.0114,0.3388
HEARTS FIVE CLUBS FOUR,0.6252,0.0092,0.3656
HEARTS SEVEN DIAMONDS JACK,0.6556,0.0108,0.3336
HEARTS THREE SPADES NINE,0.7248,0.0478,0.2274
HEARTS FOUR DIAMONDS JACK,0.6628,0.0112,0.326
DIAMONDS TWO HEARTS THREE,0.6562,0.0136,0.3302
SPADES THREE CLUBS KING,0.4256,0.0066,0.5678
CLUBS THREE CLUBS QUEEN,0.5624,0.1648,0.2728
CLUBS TEN DIAMONDS NINE,0.6922,0.036,0.2718
HEARTS FOUR CLUBS TWO,0.652,0.0134,0.3346
HEARTS SIX SPADES NINE,0.6948,0.0462,0.259
SPADES FIVE SPADES TWO,0.5916,0.0102,0.3982
HEARTS FOUR DIAMONDS EIGHT,0.6674,0.015,0.3176
DIAMONDS NINE SPADES THREE,0.7304,0.0464,0.2232
CLUBS NINE DIAMONDS FIVE,0.7122,0.0486,0.2392
HEARTS THREE DIAMONDS FIVE,0.6426,0.014,0.3434
DIAMONDS THREE DIAMONDS FIVE,0.6016,0.0124,0.386
HEARTS QUEEN HEARTS TEN,0.2174,0.1106,0.672
SPADES ACE HEARTS SIX,0.4142,0.0046,0.5812
SPADES EIGHT SPADES THREE,0.6206,0.0108,0.3686
SPADES JACK CLUBS KING,0.3678,0.0064,0.6258
CLUBS FOUR DIAMONDS TEN,0.662,0.0118,0.3262
DIAMONDS KING HEARTS KING,0.1422,0.0044,0.8534
HEARTS FIVE SPADES EIGHT,0.6486,0.0098,0.3416
SPADES NINE SPADES THREE,0.6754,0.045,0.2796
CLUBS TEN CLUBS FIVE,0.6042,0.0088,0.387
DIAMONDS NINE CLUBS ACE,0.2598,0.022,0.7182
SPADES ACE CLUBS QUEEN,0.2426,0.0112,0.7462
SPADES JACK CLUBS THREE,0.6454,0.0086,0.346
CLUBS FOUR SPADES THREE,0.6388,0.0118,0.3494
HEARTS SEVEN SPADES EIGHT,0.6426,0.0114,0.346
SPADES ACE CLUBS FIVE,0.4046,0.003,0.5924
SPADES TEN DIAMONDS SIX,0.6406,0.0106,0.3488
SPADES QUEEN SPADES JACK,0.2282,0.0816,0.6902
SPADES JACK CLUBS FIVE,0.6376,0.0108,0.3516
HEARTS QUEEN DIAMONDS FIVE,0.6112,0.1562,0.2326
DIAMONDS THREE SPADES EIGHT,0.6918,0.014,0.2942
CLUBS FIVE DIAMONDS KING,0.4132,0.008,0.5788
SPADES ACE CLUBS NINE,0.2724,0.0208,0.7068
SPADES NINE SPADES FOUR,0.6826,0.0466,0.2708
HEARTS FIVE CLUBS TWO,0.6422,0.0138,0.344
SPADES KING SPADES EIGHT,0.3864,0.0064,0.6072
SPADES FOUR DIAMONDS SEVEN,0.6524,0.0098,0.3378
CLUBS NINE HEARTS FOUR,0.7208,0.0452,0.234
HEARTS SIX CLUBS SIX,0.4496,0.0144,0.536
SPADES QUEEN HEARTS KING,0.2368,0.0242,0.739
SPADES EIGHT HEARTS TEN,0.6058,0.01,0.3842
SPADES ACE DIAMONDS EIGHT,0.4056,0.0044,0.59
HEARTS SIX DIAMONDS NINE,0.7046,0.0488,0.2466
CLUBS FIVE CLUBS QUEEN,0.568,0.1542,0.2778
HEARTS ACE CLUBS ACE,0.1504,0.0032,0.8464
DIAMONDS THREE DIAMONDS KING,0.4066,0.0072,0.5862
DIAMONDS KING DIAMONDS FOUR,0.4024,0.0082,0.5894
HEARTS THREE HEARTS TWO,0.624,0.0132,0.3628
SPADES KING SPADES TWO,0.3982,0.0068,0.595
DIAMONDS NINE SPADES TWO,0.7238,0.0494,0.2268
DIAMONDS TWO CLUBS KING,0.419,0.007,0.574
SPADES TEN CLUBS THREE,0.6496,0.0108,0.3396
CLUBS NINE SPADES THREE,0.7196,0.0466,0.2338
HEARTS TWO CLUBS KING,0.4358,0.0054,0.5588
HEARTS FIVE HEARTS TEN,0.6136,0.0102,0.3762
CLUBS NINE HEARTS TEN,0.6854,0.039,0.2756
HEARTS FIVE HEARTS QUEEN,0.5654,0.1598,0.2748
CLUBS ACE HEARTS JACK,0.364,0.0046,0.6314
DIAMONDS SEVEN CLUBS KING,0.4166,0.0064,0.577
HEARTS SIX HEARTS ACE,0.3978,0.0046,0.5976
SPADES ACE CLUBS TEN,0.3708,0.0032,0.626
DIAMONDS THREE DIAMONDS JACK,0.636,0.0104,0.3536
CLUBS SEVEN DIAMONDS JACK,0.6452,0.0114,0.3434
CLUBS FIVE HEARTS QUEEN,0.606,0.1574,0.2366
SPADES EIGHT SPADES FOUR,0.6288,0.0116,0.3596
HEARTS THREE DIAMONDS FOUR,0.633,0.014,0.353
HEARTS THREE HEARTS TEN,0.6208,0.009,0.3702
SPADES ACE CLUBS SEVEN,0.4108,0.0048,0.5844
SPADES ACE CLUBS THREE,0.4258,0.0042,0.57
HEARTS ACE HEARTS EIGHT,0.3844,0.0026,0.613
DIAMONDS EIGHT CLUBS ACE,0.4048,0.0062,0.589
SPADES ACE CLUBS JACK,0.3784,0.0046,0.617
SPADES KING HEARTS EIGHT,0.4274,0.0044,0.5682
HEARTS SIX DIAMONDS SIX,0.4508,0.018,0.5312
HEARTS SEVEN HEARTS EIGHT,0.602,0.0114,0.3866
HEARTS SIX DIAMONDS SEVEN,0.626,0.0134,0.3606
CLUBS FOUR SPADES FOUR,0.4618,0.0224,0.5158
SPADES SEVEN DIAMONDS FIVE,0.6178,0.011,0.3712
DIAMONDS THREE DIAMONDS TEN,0.6102,0.0122,0.3776
SPADES SEVEN HEARTS KING,0.416,0.0056,0.5784
DIAMONDS THREE CLUBS FOUR,0.6378,0.0088,0.3534
CLUBS TEN SPADES SEVEN,0.6174,0.0102,0.3724
SPADES QUEEN SPADES SIX,0.5644,0.157,0.2786
CLUBS TEN CLUBS THREE,0.6054,0.0098,0.3848
DIAMONDS SIX CLUBS QUEEN,0.6178,0.1596,0.2226
DIAMONDS EIGHT DIAMONDS FOUR,0.6298,0.0114,0.3588
HEARTS ACE HEARTS KING,0.3216,0.0032,0.6752
DIAMONDS THREE CLUBS SIX,0.6488,0.014,0.3372
DIAMONDS SEVEN HEARTS TEN,0.6334,0.012,0.3546
HEARTS TEN DIAMONDS FIVE,0.6454,0.0118,0.3428
SPADES TEN CLUBS FOUR,0.6454,0.011,0.3436
CLUBS JACK DIAMONDS FOUR,0.648,0.0104,0.3416
SPADES EIGHT HEARTS KING,0.406,0.0072,0.5868
CLUBS THREE SPADES FIVE,0.628,0.011,0.361
CLUBS SEVEN SPADES FOUR,0.6434,0.0102,0.3464
HEARTS SIX SPADES FIVE,0.62,0.0114,0.3686
CLUBS EIGHT CLUBS QUEEN,0.5594,0.1646,0.276
CLUBS SIX DIAMONDS TEN,0.6448,0.0102,0.345
CLUBS TEN SPADES EIGHT,0.6222,0.0088,0.369
HEARTS FIVE CLUBS QUEEN,0.6162,0.1626,0.2212
CLUBS THREE SPADES FOUR,0.6248,0.0126,0.3626
SPADES FOUR DIAMONDS SIX,0.6352,0.0116,0.3532
SPADES JACK CLUBS EIGHT,0.6252,0.0086,0.3662
SPADES EIGHT HEARTS JACK,0.631,0.0104,0.3586
SPADES NINE HEARTS ACE,0.2534,0.0228,0.7238
CLUBS NINE CLUBS QUEEN,0.0224,0.9032,0.0744
SPADES FOUR HEARTS ACE,0.4128,0.007,0.5802
SPADES TWO CLUBS ACE,0.424,0.004,0.572
HEARTS SIX CLUBS FIVE,0.6096,0.0122,0.3782
SPADES SIX SPADES TWO,0.5996,0.0142,0.3862
SPADES KING CLUBS TEN,0.357,0.0048,0.6382
SPADES TWO HEARTS JACK,0.651,0.0102,0.3388
CLUBS SEVEN HEARTS TWO,0.6612,0.0104,0.3284
SPADES JACK DIAMONDS SEVEN,0.646,0.0088,0.3452
SPADES NINE DIAMONDS JACK,0.7148,0.0448,0.2404
DIAMONDS TEN CLUBS QUEEN,0.2338,0.123,0.6432
DIAMONDS NINE CLUBS KING,0.2586,0.0258,0.7156
CLUBS FIVE DIAMONDS NINE,0.7088,0.046,0.2452
CLUBS EIGHT SPADES SEVEN,0.6282,0.0112,0.3606
HEARTS KING CLUBS QUEEN,0.2276,0.0284,0.744
CLUBS SIX SPADES THREE,0.6502,0.0104,0.3394
CLUBS JACK SPADES FOUR,0.6326,0.0092,0.3582
SPADES FOUR DIAMONDS NINE,0.7364,0.0438,0.2198
HEARTS SEVEN HEARTS THREE,0.6206,0.011,0.3684
CLUBS JACK HEARTS FOUR,0.6394,0.0142,0.3464
DIAMONDS TEN DIAMONDS FOUR,0.6116,0.0122,0.3762
SPADES TEN DIAMONDS FIVE,0.6396,0.0116,0.3488
SPADES SIX CLUBS THREE,0.631,0.009,0.36
HEARTS SEVEN SPADES JACK,0.656,0.007,0.337
CLUBS JACK DIAMONDS SEVEN,0.6478,0.0114,0.3408
DIAMONDS TWO SPADES TEN,0.6728,0.0126,0.3146
DIAMONDS TEN HEARTS JACK,0.5614,0.0124,0.4262
CLUBS ACE CLUBS QUEEN,0.2292,0.0144,0.7564
HEARTS THREE HEARTS ACE,0.4032,0.0042,0.5926
DIAMONDS KING HEARTS EIGHT,0.4032,0.0084,0.5884
SPADES EIGHT CLUBS TWO,0.6668,0.0118,0.3214
HEARTS SEVEN SPADES SEVEN,0.452,0.0196,0.5284
CLUBS SEVEN DIAMONDS SIX,0.641,0.0108,0.3482
HEARTS SEVEN SPADES NINE,0.7072,0.0406,0.2522
DIAMONDS JACK CLUBS TWO,0.6572,0.0096,0.3332
DIAMONDS ACE HEARTS JACK,0.3532,0.005,0.6418
HEARTS TWO HEARTS EIGHT,0.644,0.0132,0.3428
CLUBS JACK SPADES FIVE,0.646,0.0078,0.3462
HEARTS KING SPADES TWO,0.4154,0.007,0.5776
CLUBS TWO DIAMONDS FIVE,0.64,0.011,0.349
CLUBS NINE SPADES JACK,0.7018,0.0406,0.2576
SPADES SIX CLUBS TWO,0.661,0.0084,0.3306
DIAMONDS TEN DIAMONDS NINE,0.6654,0.043,0.2916
CLUBS FOUR DIAMONDS JACK,0.6624,0.01,0.3276
HEARTS FIVE SPADES NINE,0.7054,0.048,0.2466
CLUBS JACK DIAMONDS NINE,0.7178,0.035,0.2472
HEARTS SEVEN HEARTS FIVE,0.6072,0.0098,0.383
CLUBS EIGHT HEARTS QUEEN,0.5998,0.1662,0.234
DIAMONDS THREE DIAMONDS ACE,0.389,0.0052,0.6058
SPADES JACK DIAMONDS NINE,0.713,0.038,0.249
CLUBS FIVE HEARTS JACK,0.6448,0.0112,0.344
SPADES SIX DIAMONDS TEN,0.6436,0.0096,0.3468
SPADES QUEEN CLUBS QUEEN,0.127,0.021,0.852
SPADES NINE SPADES TWO,0.6714,0.0404,0.2882
CLUBS EIGHT CLUBS SIX,0.6022,0.0094,0.3884
HEARTS QUEEN HEARTS JACK,0.23,0.0832,0.6868
SPADES QUEEN SPADES NINE,0.0202,0.9026,0.0772
HEARTS FOUR SPADES NINE,0.731,0.0436,0.2254
HEARTS TWO SPADES SEVEN,0.6752,0.0126,0.3122
SPADES ACE HEARTS FOUR,0.4268,0.0042,0.569
HEARTS JACK CLUBS QUEEN,0.2246,0.0952,0.6802
DIAMONDS TWO DIAMONDS FIVE,0.6176,0.013,0.3694
CLUBS TWO CLUBS QUEEN,0.5822,0.1538,0.264
CLUBS NINE DIAMONDS KING,0.2428,0.0342,0.723
DIAMONDS EIGHT HEARTS QUEEN,0.609,0.1708,0.2202
DIAMONDS NINE DIAMONDS SIX,0.6792,0.0432,0.2776
HEARTS SIX CLUBS TWO,0.6652,0.0108,0.324
DIAMONDS TWO SPADES JACK,0.6582,0.0106,0.3312
CLUBS NINE SPADES TEN,0.6976,0.0354,0.267
DIAMONDS THREE SPADES FIVE,0.628,0.0116,0.3604
SPADES KING HEARTS SIX,0.4276,0.0066,0.5658
CLUBS ACE DIAMONDS FIVE,0.415,0.0056,0.5794
CLUBS SEVEN CLUBS TWO,0.6298,0.0098,0.3604
CLUBS SEVEN DIAMONDS FIVE,0.624,0.0122,0.3638
CLUBS NINE CLUBS ACE,0.2442,0.0188,0.737
DIAMONDS KING CLUBS TWO,0.4254,0.0084,0.5662
DIAMONDS THREE SPADES KING,0.4428,0.0086,0.5486
SPADES QUEEN DIAMONDS NINE,0.0178,0.9734,0.0088
CLUBS FOUR HEARTS EIGHT,0.6674,0.0124,0.3202
DIAMONDS ACE HEARTS QUEEN,0.236,0.0178,0.7462
HEARTS FOUR DIAMONDS TEN,0.66,0.0104,0.3296
HEARTS SIX DIAMONDS JACK,0.6664,0.0106,0.323
SPADES ACE DIAMONDS FOUR,0.4142,0.0062,0.5796
SPADES EIGHT DIAMONDS TEN,0.6254,0.0096,0.365
HEARTS KING HEARTS EIGHT,0.3826,0.0078,0.6096
HEARTS SEVEN SPADES QUEEN,0.609,0.1672,0.2238
SPADES KING DIAMONDS TWO,0.4284,0.0072,0.5644
SPADES QUEEN HEARTS TWO,0.6184,0.1572,0.2244
CLUBS FIVE DIAMONDS FOUR,0.6222,0.0126,0.3652
SPADES TEN SPADES SIX,0.6072,0.0082,0.3846
HEARTS FIVE HEARTS THREE,0.6092,0.0106,0.3802
SPADES KING CLUBS ACE,0.3366,0.0038,0.6596
SPADES QUEEN HEARTS TEN,0.2076,0.1268,0.6656
CLUBS EIGHT DIAMONDS FIVE,0.6414,0.0136,0.345
HEARTS FIVE DIAMONDS ACE,0.4108,0.0052,0.584
DIAMONDS ACE CLUBS TWO,0.4172,0.0064,0.5764
SPADES ACE CLUBS EIGHT,0.4152,0.0038,0.581
SPADES JACK HEARTS TEN,0.556,0.0084,0.4356
DIAMONDS ACE DIAMONDS KING,0.327,0.0046,0.6684
CLUBS SIX CLUBS FOUR,0.5842,0.0102,0.4056
HEARTS FOUR CLUBS FIVE,0.6282,0.0122,0.3596
DIAMONDS THREE HEARTS SIX,0.6542,0.0138,0.332
CLUBS TEN DIAMONDS ACE,0.3564,0.0032,0.6404
CLUBS SEVEN DIAMONDS NINE,0.6912,0.0484,0.2604
SPADES TEN SPADES TWO,0.6198,0.011,0.3692
SPADES THREE HEARTS JACK,0.645,0.013,0.342
DIAMONDS JACK DIAMONDS NINE,0.6802,0.0414,0.2784
DIAMONDS JACK SPADES FIVE,0.6514,0.0088,0.3398
HEARTS SIX SPADES FOUR,0.6458,0.0112,0.343
CLUBS EIGHT SPADES TWO,0.6604,0.0102,0.3294
DIAMONDS THREE SPADES TEN,0.655,0.0128,0.3322
HEARTS TWO HEARTS ACE,0.4034,0.0054,0.5912
SPADES KING SPADES SIX,0.3836,0.0058,0.6106
DIAMONDS TWO SPADES SIX,0.6664,0.01,0.3236
CLUBS JACK DIAMONDS JACK,0.2954,0.0104,0.6942
DIAMONDS EIGHT DIAMONDS SIX,0.6008,0.0102,0.389
HEARTS THREE DIAMONDS TEN,0.6584,0.0126,0.329
DIAMONDS TWO CLUBS FOUR,0.66,0.0138,0.3262
SPADES TWO DIAMONDS SEVEN,0.681,0.015,0.304
CLUBS JACK DIAMONDS EIGHT,0.6344,0.0122,0.3534
CLUBS NINE DIAMONDS JACK,0.716,0.0358,0.2482
CLUBS EIGHT CLUBS SEVEN,0.5944,0.0116,0.394
CLUBS THREE DIAMONDS FIVE,0.631,0.0118,0.3572
SPADES SIX DIAMONDS SEVEN,0.6338,0.0096,0.3566
DIAMONDS KING SPADES TWO,0.4176,0.0084,0.574
SPADES JACK HEARTS TWO,0.6514,0.0114,0.3372
SPADES FOUR CLUBS QUEEN,0.6178,0.166,0.2162
CLUBS TEN HEARTS FOUR,0.6492,0.0088,0.342
CLUBS FOUR CLUBS THREE,0.5826,0.0098,0.4076
HEARTS FOUR DIAMONDS FIVE,0.6212,0.012,0.3668
CLUBS TWO CLUBS KING,0.381,0.007,0.612
HEARTS QUEEN DIAMONDS SIX,0.6138,0.1612,0.225
HEARTS TWO CLUBS ACE,0.4286,0.0034,0.568
SPADES SIX CLUBS ACE,0.4084,0.0028,0.5888
HEARTS FIVE DIAMONDS SEVEN,0.639,0.0116,0.3494
SPADES QUEEN HEARTS ACE,0.2366,0.0138,0.7496
HEARTS FIVE SPADES SIX,0.633,0.0108,0.3562
SPADES THREE CLUBS QUEEN,0.6,0.1658,0.2342
DIAMONDS JACK SPADES THREE,0.6462,0.0096,0.3442
CLUBS FOUR DIAMONDS FOUR,0.47,0.0206,0.5094
SPADES KING HEARTS KING,0.1448,0.0024,0.8528
DIAMONDS KING SPADES FIVE,0.4196,0.0076,0.5728
DIAMONDS ACE CLUBS QUEEN,0.2436,0.0124,0.744
DIAMONDS TWO SPADES FOUR,0.6564,0.013,0.3306
SPADES NINE HEARTS EIGHT,0.7046,0.0384,0.257
HEARTS FOUR CLUBS ACE,0.4314,0.006,0.5626
SPADES NINE DIAMONDS FOUR,0.7324,0.0464,0.2212
HEARTS THREE SPADES TWO,0.6556,0.0126,0.3318
SPADES ACE DIAMONDS ACE,0.1496,0.002,0.8484
HEARTS FIVE CLUBS SEVEN,0.6328,0.0104,0.3568
SPADES KING DIAMONDS SIX,0.4098,0.0072,0.583
CLUBS SEVEN CLUBS ACE,0.3902,0.004,0.6058
SPADES ACE HEARTS THREE,0.4194,0.004,0.5766
CLUBS THREE DIAMONDS TEN,0.6518,0.0084,0.3398
SPADES JACK DIAMONDS EIGHT,0.629,0.0102,0.3608
CLUBS EIGHT SPADES THREE,0.6686,0.0122,0.3192
CLUBS SIX SPADES SEVEN,0.6162,0.0102,0.3736
DIAMONDS TWO CLUBS NINE,0.7346,0.0454,0.22
CLUBS JACK SPADES KING,0.3646,0.0038,0.6316
DIAMONDS THREE SPADES SIX,0.6522,0.0116,0.3362
CLUBS FIVE HEARTS TEN,0.6478,0.0088,0.3434
CLUBS NINE HEARTS TWO,0.7288,0.0472,0.224
CLUBS EIGHT HEARTS TWO,0.6782,0.009,0.3128
HEARTS THREE DIAMONDS ACE,0.418,0.0048,0.5772
CLUBS TWO HEARTS KING,0.4346,0.0074,0.558
HEARTS KING HEARTS QUEEN,0.233,0.0254,0.7416
CLUBS EIGHT DIAMONDS JACK,0.6276,0.0114,0.361
HEARTS JACK DIAMONDS FOUR,0.6506,0.0112,0.3382
DIAMONDS JACK DIAMONDS FIVE,0.6088,0.0092,0.382
SPADES JACK HEARTS FOUR,0.6592,0.0116,0.3292
HEARTS SIX HEARTS KING,0.3842,0.0082,0.6076
CLUBS TWO DIAMONDS TEN,0.648,0.0092,0.3428
HEARTS QUEEN DIAMONDS SEVEN,0.6144,0.1662,0.2194
HEARTS SEVEN SPADES FOUR,0.6468,0.0126,0.3406
DIAMONDS TWO DIAMONDS ACE,0.3994,0.0046,0.596
SPADES JACK SPADES THREE,0.619,0.011,0.37
CLUBS ACE HEARTS EIGHT,0.4124,0.0042,0.5834
HEARTS TWO DIAMONDS SIX,0.6744,0.013,0.3126
CLUBS EIGHT HEARTS THREE,0.669,0.0096,0.3214
CLUBS THREE SPADES THREE,0.4488,0.0212,0.53
CLUBS KING DIAMONDS FOUR,0.4324,0.0062,0.5614
HEARTS SEVEN DIAMONDS TWO,0.6782,0.011,0.3108
SPADES TEN SPADES EIGHT,0.5796,0.0098,0.4106
CLUBS JACK SPADES EIGHT,0.6232,0.0088,0.368
SPADES TEN SPADES THREE,0.611,0.0112,0.3778
DIAMONDS TWO CLUBS FIVE,0.643,0.0122,0.3448
DIAMONDS ACE CLUBS THREE,0.4248,0.0044,0.5708
HEARTS SIX HEARTS FIVE,0.5916,0.01,0.3984
SPADES NINE DIAMONDS TEN,0.7076,0.0378,0.2546
SPADES ACE SPADES EIGHT,0.3788,0.0062,0.615
HEARTS FIVE SPADES SEVEN,0.6314,0.0114,0.3572
HEARTS SEVEN DIAMONDS EIGHT,0.6396,0.012,0.3484
SPADES EIGHT CLUBS FOUR,0.6534,0.0128,0.3338
HEARTS THREE CLUBS TWO,0.6482,0.0098,0.342
SPADES TEN DIAMONDS ACE,0.3708,0.0032,0.626
DIAMONDS THREE SPADES THREE,0.4456,0.0192,0.5352
HEARTS SEVEN CLUBS KING,0.4346,0.0056,0.5598
CLUBS KING DIAMONDS FIVE,0.4182,0.0064,0.5754
CLUBS JACK HEARTS QUEEN,0.2322,0.0886,0.6792
CLUBS FOUR DIAMONDS KING,0.4136,0.008,0.5784
SPADES ACE SPADES SEVEN,0.3948,0.0036,0.6016
SPADES THREE HEARTS EIGHT,0.6736,0.0118,0.3146
HEARTS SEVEN SPADES TWO,0.6832,0.0142,0.3026
SPADES KING HEARTS JACK,0.3566,0.008,0.6354
SPADES FIVE SPADES FOUR,0.5898,0.0112,0.399
HEARTS FIVE DIAMONDS JACK,0.6378,0.0116,0.3506
CLUBS NINE DIAMONDS SEVEN,0.7004,0.046,0.2536
SPADES KING CLUBS KING,0.1498,0.0044,0.8458
DIAMONDS KING CLUBS KING,0.1458,0.0036,0.8506
CLUBS SEVEN DIAMONDS KING,0.4064,0.006,0.5876
CLUBS TEN SPADES NINE,0.6848,0.035,0.2802
SPADES THREE CLUBS ACE,0.4292,0.0042,0.5666
CLUBS EIGHT SPADES NINE,0.6876,0.0464,0.266
CLUBS THREE HEARTS TEN,0.6408,0.0112,0.348
DIAMONDS SEVEN DIAMONDS FOUR,0.6178,0.0096,0.3726
SPADES TEN HEARTS QUEEN,0.2276,0.1114,0.661
CLUBS FIVE CLUBS THREE,0.5894,0.0122,0.3984
SPADES FOUR DIAMONDS FOUR,0.4726,0.0212,0.5062
DIAMONDS NINE HEARTS JACK,0.7028,0.044,0.2532
SPADES QUEEN DIAMONDS EIGHT,0.6142,0.166,0.2198
SPADES KING HEARTS QUEEN,0.2484,0.0256,0.726
DIAMONDS FIVE CLUBS QUEEN,0.603,0.162,0.235
HEARTS FIVE HEARTS FOUR,0.5912,0.0098,0.399
SPADES JACK DIAMONDS SIX,0.6596,0.009,0.3314
SPADES JACK HEARTS THREE,0.6514,0.0112,0.3374
DIAMONDS THREE CLUBS TWO,0.6536,0.013,0.3334
HEARTS THREE CLUBS SIX,0.6604,0.0104,0.3292
SPADES NINE SPADES SEVEN,0.6632,0.0406,0.2962
SPADES TEN HEARTS ACE,0.361,0.0034,0.6356
HEARTS SEVEN CLUBS TWO,0.6832,0.0108,0.306
SPADES EIGHT HEARTS ACE,0.4156,0.0034,0.581
CLUBS SEVEN SPADES SIX,0.619,0.0114,0.3696
CLUBS TEN HEARTS QUEEN,0.216,0.12,0.664
HEARTS KING DIAMONDS EIGHT,0.4296,0.0058,0.5646
DIAMONDS TWO SPADES SEVEN,0.6726,0.01,0.3174
SPADES EIGHT CLUBS THREE,0.6766,0.011,0.3124
CLUBS TEN CLUBS TWO,0.608,0.0112,0.3808
DIAMONDS ACE SPADES SIX,0.4056,0.003,0.5914
SPADES EIGHT CLUBS QUEEN,0.6022,0.1684,0.2294
CLUBS EIGHT DIAMONDS ACE,0.409,0.0048,0.5862
SPADES TEN CLUBS SIX,0.6298,0.0074,0.3628
HEARTS FIVE HEARTS KING,0.415,0.006,0.579
DIAMONDS TWO HEARTS EIGHT,0.6828,0.0108,0.3064
SPADES KING SPADES FOUR,0.3836,0.0058,0.6106
SPADES NINE CLUBS SIX,0.7064,0.0388,0.2548
SPADES SIX SPADES THREE,0.6092,0.0144,0.3764
CLUBS TEN HEARTS KING,0.3522,0.0062,0.6416
SPADES FIVE DIAMONDS NINE,0.707,0.0416,0.2514
HEARTS TWO SPADES SIX,0.6506,0.0132,0.3362
SPADES ACE DIAMONDS TEN,0.36,0.0042,0.6358
SPADES KING CLUBS QUEEN,0.232,0.025,0.743
HEARTS THREE CLUBS KING,0.4244,0.0078,0.5678
SPADES SEVEN CLUBS TWO,0.6658,0.0116,0.3226
HEARTS JACK DIAMONDS SIX,0.6534,0.013,0.3336
SPADES NINE DIAMONDS KING,0.2486,0.0268,0.7246
HEARTS SEVEN CLUBS FIVE,0.6364,0.0144,0.3492
HEARTS THREE DIAMONDS EIGHT,0.6782,0.0126,0.3092
CLUBS TEN SPADES TEN,0.29,0.0162,0.6938
SPADES FIVE DIAMONDS FIVE,0.4544,0.0234,0.5222
SPADES KING CLUBS THREE,0.43,0.0072,0.5628
SPADES NINE CLUBS QUEEN,0.0208,0.9596,0.0196
CLUBS SIX CLUBS FIVE,0.5736,0.0086,0.4178
SPADES JACK SPADES TEN,0.5448,0.0086,0.4466
CLUBS JACK DIAMONDS KING,0.3504,0.0052,0.6444
HEARTS FOUR HEARTS TEN,0.6092,0.0118,0.379
SPADES TEN HEARTS EIGHT,0.6314,0.008,0.3606
CLUBS ACE CLUBS KING,0.31,0.0052,0.6848
HEARTS FOUR CLUBS KING,0.4242,0.0084,0.5674
DIAMONDS THREE CLUBS ACE,0.4164,0.0038,0.5798
HEARTS FIVE SPADES THREE,0.6268,0.0132,0.36
SPADES QUEEN CLUBS KING,0.2442,0.0254,0.7304
CLUBS JACK CLUBS TEN,0.5382,0.0072,0.4546
CLUBS JACK DIAMONDS ACE,0.37,0.0046,0.6254
DIAMONDS TEN DIAMONDS SEVEN,0.5964,0.0108,0.3928
CLUBS EIGHT HEARTS ACE,0.3912,0.0024,0.6064
HEARTS SEVEN HEARTS FOUR,0.6184,0.0098,0.3718
HEARTS FIVE DIAMONDS TEN,0.6454,0.012,0.3426
CLUBS NINE HEARTS FIVE,0.7262,0.0446,0.2292
DIAMONDS ACE SPADES FIVE,0.4184,0.0038,0.5778
CLUBS JACK CLUBS ACE,0.341,0.0046,0.6544
SPADES FOUR DIAMONDS EIGHT,0.6672,0.0148,0.318
CLUBS JACK HEARTS FIVE,0.6498,0.0116,0.3386
HEARTS TWO SPADES FOUR,0.6444,0.01,0.3456
HEARTS QUEEN CLUBS KING,0.247,0.028,0.725
DIAMONDS SEVEN DIAMONDS SIX,0.5884,0.0118,0.3998
DIAMONDS TWO SPADES EIGHT,0.6848,0.0092,0.306
SPADES KING CLUBS SIX,0.411,0.0036,0.5854
CLUBS NINE DIAMONDS EIGHT,0.6982,0.0402,0.2616
HEARTS EIGHT DIAMONDS FOUR,0.656,0.0166,0.3274
HEARTS THREE SPADES FIVE,0.6262,0.0106,0.3632
SPADES JACK HEARTS ACE,0.3674,0.0026,0.63
SPADES FOUR SPADES THREE,0.573,0.01,0.417
CLUBS EIGHT CLUBS FOUR,0.6084,0.0098,0.3818
SPADES FOUR HEARTS EIGHT,0.6562,0.0126,0.3312
CLUBS FIVE CLUBS FOUR,0.5792,0.012,0.4088
CLUBS FOUR HEARTS ACE,0.4198,0.005,0.5752
HEARTS FIVE HEARTS JACK,0.6254,0.0114,0.3632
SPADES ACE SPADES FOUR,0.3958,0.0022,0.602
SPADES NINE CLUBS ACE,0.2504,0.0206,0.729
SPADES FIVE HEARTS JACK,0.6384,0.0124,0.3492
CLUBS TEN DIAMONDS FOUR,0.6562,0.0104,0.3334
CLUBS JACK SPADES JACK,0.2848,0.01,0.7052
HEARTS SIX SPADES EIGHT,0.643,0.0084,0.3486
DIAMONDS KING CLUBS THREE,0.415,0.0064,0.5786
CLUBS SIX SPADES SIX,0.4492,0.0198,0.531
CLUBS SEVEN SPADES THREE,0.6514,0.0108,0.3378
CLUBS TWO DIAMONDS NINE,0.731,0.055,0.214
CLUBS JACK HEARTS SEVEN,0.6446,0.0078,0.3476
CLUBS NINE CLUBS SIX,0.6596,0.0398,0.3006
DIAMONDS TWO CLUBS SIX,0.6498,0.0116,0.3386
SPADES EIGHT DIAMONDS SIX,0.6372,0.0114,0.3514
SPADES FOUR SPADES TWO,0.6104,0.0118,0.3778
SPADES JACK SPADES SIX,0.614,0.0084,0.3776
SPADES NINE SPADES EIGHT,0.6594,0.038,0.3026
SPADES JACK HEARTS KING,0.355,0.008,0.637
DIAMONDS TEN SPADES FOUR,0.6506,0.0114,0.338
CLUBS FIVE HEARTS ACE,0.4094,0.0044,0.5862
HEARTS FOUR CLUBS THREE,0.6392,0.0116,0.3492
CLUBS SEVEN CLUBS QUEEN,0.5714,0.1596,0.269
SPADES KING DIAMONDS ACE,0.3366,0.006,0.6574
CLUBS NINE DIAMONDS SIX,0.6952,0.0394,0.2654
HEARTS TWO SPADES FIVE,0.6396,0.0108,0.3496
DIAMONDS TEN CLUBS KING,0.3616,0.0066,0.6318
HEARTS SEVEN HEARTS ACE,0.4068,0.0068,0.5864
DIAMONDS THREE SPADES JACK,0.6516,0.0128,0.3356
SPADES JACK SPADES EIGHT,0.5958,0.0076,0.3966
HEARTS THREE HEARTS QUEEN,0.5812,0.1522,0.2666
CLUBS NINE CLUBS EIGHT,0.6302,0.0482,0.3216
DIAMONDS THREE SPADES SEVEN,0.6634,0.0108,0.3258
SPADES TWO CLUBS QUEEN,0.6006,0.1738,0.2256
HEARTS SIX CLUBS SEVEN,0.6234,0.0108,0.3658
SPADES SEVEN HEARTS JACK,0.6368,0.0106,0.3526
HEARTS THREE CLUBS QUEEN,0.6176,0.1578,0.2246
SPADES SEVEN CLUBS ACE,0.4194,0.004,0.5766
CLUBS NINE HEARTS THREE,0.7298,0.051,0.2192
CLUBS TWO DIAMONDS EIGHT,0.6778,0.0122,0.31
DIAMONDS NINE HEARTS KING,0.2552,0.033,0.7118
HEARTS ACE DIAMONDS SEVEN,0.4218,0.004,0.5742
DIAMONDS TWO HEARTS TWO,0.4624,0.0232,0.5144
HEARTS SEVEN HEARTS KING,0.389,0.0052,0.6058
DIAMONDS THREE HEARTS TWO,0.66,0.016,0.324
CLUBS NINE DIAMONDS ACE,0.257,0.017,0.726
HEARTS SEVEN CLUBS QUEEN,0.6188,0.1678,0.2134
CLUBS EIGHT CLUBS FIVE,0.6046,0.0102,0.3852
HEARTS THREE HEARTS JACK,0.6228,0.0128,0.3644
SPADES FOUR HEARTS KING,0.4254,0.0068,0.5678
SPADES ACE DIAMONDS KING,0.3344,0.002,0.6636
SPADES JACK DIAMONDS JACK,0.303,0.01,0.687
CLUBS TWO HEARTS TEN,0.6438,0.0132,0.343
DIAMONDS THREE HEARTS TEN,0.6548,0.0106,0.3346
CLUBS EIGHT CLUBS ACE,0.3816,0.0038,0.6146
HEARTS FOUR DIAMONDS SEVEN,0.6494,0.0102,0.3404
CLUBS SIX DIAMONDS JACK,0.6552,0.01,0.3348
HEARTS KING DIAMONDS FOUR,0.4172,0.0076,0.5752
SPADES ACE CLUBS KING,0.3538,0.0038,0.6424
SPADES QUEEN DIAMONDS FOUR,0.6054,0.171,0.2236
DIAMONDS TWO SPADES NINE,0.7356,0.0506,0.2138
SPADES FIVE CLUBS KING,0.4104,0.0048,0.5848
CLUBS SEVEN SPADES TWO,0.6706,0.0104,0.319
CLUBS TEN DIAMONDS SEVEN,0.6236,0.0104,0.366
CLUBS NINE CLUBS TWO,0.6886,0.0438,0.2676
DIAMONDS TWO SPADES TWO,0.4576,0.0212,0.5212
HEARTS SIX SPADES TEN,0.6458,0.008,0.3462
CLUBS ACE DIAMONDS FOUR,0.424,0.0036,0.5724
SPADES SEVEN CLUBS THREE,0.6576,0.01,0.3324
HEARTS KING HEARTS JACK,0.3426,0.0056,0.6518
SPADES EIGHT DIAMONDS KING,0.4216,0.0056,0.5728
CLUBS THREE SPADES TWO,0.6426,0.0102,0.3472
HEARTS SEVEN SPADES KING,0.4304,0.008,0.5616
SPADES ACE DIAMONDS SEVEN,0.4136,0.0032,0.5832
HEARTS TWO SPADES TWO,0.4678,0.0188,0.5134
SPADES SEVEN DIAMONDS NINE,0.7072,0.043,0.2498
SPADES SIX DIAMONDS NINE,0.7028,0.0472,0.25
CLUBS NINE CLUBS THREE,0.6832,0.0428,0.274
HEARTS FIVE CLUBS THREE,0.628,0.0118,0.3602
DIAMONDS ACE HEARTS TEN,0.3448,0.005,0.6502
DIAMONDS KING DIAMONDS SIX,0.39,0.0072,0.6028
SPADES ACE DIAMONDS TWO,0.4322,0.005,0.5628
DIAMONDS JACK HEARTS EIGHT,0.6498,0.0084,0.3418
CLUBS FOUR HEARTS QUEEN,0.598,0.1732,0.2288
DIAMONDS ACE SPADES TWO,0.4186,0.0044,0.577
CLUBS EIGHT HEARTS EIGHT,0.4332,0.0162,0.5506
HEARTS SIX CLUBS QUEEN,0.615,0.1646,0.2204
CLUBS NINE CLUBS FIVE,0.67,0.042,0.288
CLUBS SEVEN SPADES NINE,0.6932,0.0428,0.264
SPADES QUEEN SPADES FIVE,0.569,0.163,0.268
SPADES KING SPADES TEN,0.3384,0.0068,0.6548
CLUBS NINE SPADES SEVEN,0.7014,0.0424,0.2562
HEARTS TEN HEARTS EIGHT,0.5842,0.0086,0.4072
HEARTS THREE CLUBS FIVE,0.629,0.0102,0.3608
SPADES SIX HEARTS EIGHT,0.63,0.0124,0.3576
CLUBS EIGHT SPADES SIX,0.6416,0.0098,0.3486
DIAMONDS JACK DIAMONDS SIX,0.6274,0.011,0.3616
DIAMONDS ACE HEARTS EIGHT,0.4152,0.0052,0.5796
