opposingHand,winningChance,drawChance,lostChance
DIAMONDS FIVE SPADES TWO
HEARTS FIVE SPADES TEN,0.2514,0.0868,0.6618
HEARTS FIVE SPADES JACK,0.2512,0.072,0.6768
SPADES FIVE CLUBS JACK,0.2522,0.0634,0.6844
CLUBS TEN SPADES FIVE,0.2438,0.0844,0.6718
CLUBS EIGHT CLUBS JACK,0.3188,0.0182,0.663
CLUBS TEN CLUBS EIGHT,0.3234,0.026,0.6506
CLUBS EIGHT CLUBS KING,0.3316,0.0084,0.66
SPADES FIVE CLUBS ACE,0.2244,0.03,0.7456
CLUBS EIGHT CLUBS QUEEN,0.3232,0.0142,0.6626
SPADES FIVE CLUBS KING,0.248,0.046,0.706
SPADES FIVE CLUBS QUEEN,0.239,0.049,0.712
CLUBS EIGHT CLUBS ACE,0.312,0.0044,0.6836
DIAMONDS TWO DIAMONDS THREE,0.39,0.3532,0.2568
HEARTS FIVE SPADES KING,0.2452,0.0426,0.7122
DIAMONDS TWO DIAMONDS FOUR,0.3886,0.3616,0.2498
HEARTS FIVE SPADES QUEEN,0.2376,0.0512,0.7112
DIAMONDS TWO DIAMONDS SEVEN,0.2368,0.1886,0.5746
DIAMONDS TWO DIAMONDS SIX,0.2358,0.2494,0.5148
SPADES ACE HEARTS FIVE,0.2244,0.0292,0.7464
DIAMONDS TWO DIAMONDS NINE,0.2442,0.1014,0.6544
DIAMONDS TWO DIAMONDS EIGHT,0.247,0.1428,0.6102
DIAMONDS THREE DIAMONDS FOUR,0.3604,0.2254,0.4142
CLUBS TWO SPADES FOUR,0.389,0.3822,0.2288
SPADES FIVE CLUBS TWO,0.0094,0.972,0.0186
CLUBS TWO SPADES THREE,0.4,0.3792,0.2208
DIAMONDS THREE DIAMONDS EIGHT,0.362,0.0702,0.5678
SPADES EIGHT CLUBS TWO,0.26,0.1322,0.6078
DIAMONDS THREE DIAMONDS NINE,0.3634,0.041,0.5956
SPADES NINE CLUBS TWO,0.2472,0.1112,0.6416
DIAMONDS THREE DIAMONDS SIX,0.3284,0.1462,0.5254
SPADES SIX CLUBS TWO,0.2438,0.275,0.4812
DIAMONDS THREE DIAMONDS SEVEN,0.3386,0.1016,0.5598
SPADES SEVEN CLUBS TWO,0.2606,0.1938,0.5456
CLUBS SIX CLUBS TWO,0.2382,0.2634,0.4984
CLUBS SEVEN CLUBS TWO,0.2344,0.1916,0.574
CLUBS FOUR CLUBS TWO,0.3828,0.3532,0.264
CLUBS FIVE CLUBS TWO,0.0226,0.9096,0.0678
CLUBS TEN CLUBS JACK,0.3108,0.0158,0.6734
DIAMONDS SIX DIAMONDS FOUR,0.3208,0.1556,0.5236
CLUBS TEN CLUBS QUEEN,0.3274,0.014,0.6586
DIAMONDS FOUR DIAMONDS SEVEN,0.326,0.0994,0.5746
CLUBS TEN CLUBS KING,0.3214,0.0088,0.6698
CLUBS TEN CLUBS ACE,0.3246,0.0058,0.6696
CLUBS EIGHT CLUBS TWO,0.2466,0.1364,0.617
CLUBS NINE CLUBS TWO,0.2538,0.0986,0.6476
DIAMONDS NINE DIAMONDS FOUR,0.3398,0.0458,0.6144
DIAMONDS FOUR DIAMONDS EIGHT,0.3398,0.0678,0.5924
CLUBS THREE CLUBS TWO,0.3718,0.3526,0.2756
DIAMONDS TWO CLUBS JACK,0.2716,0.056,0.6724
CLUBS TEN DIAMONDS TWO,0.2584,0.0718,0.6698
DIAMONDS TWO CLUBS ACE,0.2418,0.015,0.7432
DIAMONDS TWO CLUBS KING,0.2632,0.0272,0.7096
DIAMONDS TWO CLUBS QUEEN,0.2664,0.0388,0.6948
DIAMONDS SIX DIAMONDS EIGHT,0.3088,0.0698,0.6214
DIAMONDS NINE DIAMONDS SIX,0.3296,0.0464,0.624
HEARTS ACE SPADES THREE,0.3418,0.0064,0.6518
SPADES THREE HEARTS KING,0.371,0.0098,0.6192
DIAMONDS SIX DIAMONDS SEVEN,0.3026,0.0912,0.6062
HEARTS QUEEN SPADES THREE,0.3754,0.0136,0.611
SPADES THREE HEARTS JACK,0.3772,0.0206,0.6022
SPADES THREE HEARTS TEN,0.3688,0.0306,0.6006
DIAMONDS EIGHT DIAMONDS SEVEN,0.3114,0.0588,0.6298
DIAMONDS NINE DIAMONDS SEVEN,0.3196,0.0434,0.637
DIAMONDS NINE DIAMONDS EIGHT,0.3094,0.036,0.6546
DIAMONDS KING HEARTS TEN,0.3314,0.0084,0.6602
HEARTS THREE HEARTS TEN,0.3542,0.0292,0.6166
SPADES JACK CLUBS SIX,0.3382,0.0218,0.64
DIAMONDS KING HEARTS JACK,0.3406,0.007,0.6524
HEARTS THREE HEARTS JACK,0.3592,0.0204,0.6204
SPADES TEN CLUBS SIX,0.352,0.0302,0.6178
SPADES JACK SPADES FIVE,0.245,0.0642,0.6908
SPADES TEN SPADES FIVE,0.247,0.0848,0.6682
DIAMONDS KING HEARTS ACE,0.3576,0.0074,0.635
HEARTS THREE HEARTS ACE,0.3486,0.007,0.6444
SPADES ACE CLUBS SIX,0.3508,0.0046,0.6446
DIAMONDS KING HEARTS QUEEN,0.3352,0.0072,0.6576
HEARTS THREE HEARTS QUEEN,0.346,0.0116,0.6424
SPADES KING CLUBS SIX,0.3408,0.0092,0.65
DIAMONDS KING HEARTS KING,0.1454,0.0216,0.833
HEARTS THREE HEARTS KING,0.3544,0.0102,0.6354
SPADES QUEEN CLUBS SIX,0.335,0.0146,0.6504
SPADES NINE HEARTS TEN,0.329,0.0244,0.6466
SPADES NINE HEARTS JACK,0.3244,0.0162,0.6594
SPADES QUEEN SPADES FIVE,0.2466,0.0506,0.7028
SPADES KING SPADES FIVE,0.2436,0.037,0.7194
SPADES ACE SPADES FIVE,0.222,0.0266,0.7514
SPADES NINE HEARTS QUEEN,0.3396,0.0134,0.647
SPADES NINE HEARTS KING,0.3492,0.0068,0.644
SPADES NINE HEARTS ACE,0.347,0.0036,0.6494
CLUBS TEN SPADES JACK,0.327,0.0122,0.6608
CLUBS TEN SPADES TEN,0.141,0.069,0.79
SPADES ACE CLUBS TEN,0.346,0.005,0.649
SPADES KING CLUBS TEN,0.3482,0.0062,0.6456
CLUBS TEN SPADES QUEEN,0.3454,0.0098,0.6448
SPADES FIVE HEARTS QUEEN,0.247,0.0482,0.7048
SPADES FIVE HEARTS KING,0.2454,0.0446,0.71
HEARTS ACE SPADES FIVE,0.2296,0.0296,0.7408
CLUBS EIGHT SPADES TEN,0.3234,0.0288,0.6478
SPADES JACK HEARTS THREE,0.3618,0.0242,0.614
SPADES JACK DIAMONDS KING,0.3348,0.0086,0.6566
SPADES TEN DIAMONDS KING,0.3318,0.0118,0.6564
SPADES TEN HEARTS THREE,0.3698,0.0312,0.599
SPADES JACK CLUBS EIGHT,0.3392,0.0184,0.6424
CLUBS SIX HEARTS ACE,0.3334,0.0064,0.6602
SPADES ACE CLUBS EIGHT,0.3458,0.0064,0.6478
HEARTS FIVE CLUBS JACK,0.2478,0.0692,0.683
HEARTS FIVE CLUBS TEN,0.256,0.0838,0.6602
CLUBS SIX HEARTS QUEEN,0.3508,0.0148,0.6344
SPADES QUEEN CLUBS EIGHT,0.3498,0.0094,0.6408
CLUBS TEN SPADES THREE,0.3648,0.0372,0.598
CLUBS SIX HEARTS KING,0.3488,0.0054,0.6458
SPADES KING CLUBS EIGHT,0.3428,0.0066,0.6506
SPADES THREE CLUBS JACK,0.3706,0.0198,0.6096
DIAMONDS TWO HEARTS JACK,0.2654,0.0588,0.6758
SPADES THREE CLUBS QUEEN,0.3778,0.015,0.6072
DIAMONDS TWO HEARTS TEN,0.2674,0.074,0.6586
SPADES THREE CLUBS KING,0.3828,0.0124,0.6048
HEARTS FIVE CLUBS ACE,0.2336,0.0266,0.7398
SPADES FIVE HEARTS TEN,0.242,0.0778,0.6802
SPADES THREE CLUBS ACE,0.3428,0.0048,0.6524
HEARTS FIVE CLUBS KING,0.248,0.0376,0.7144
SPADES FIVE HEARTS JACK,0.2464,0.0692,0.6844
HEARTS FIVE CLUBS QUEEN,0.2578,0.0542,0.688
HEARTS THREE CLUBS KING,0.3708,0.0102,0.619
DIAMONDS KING CLUBS KING,0.1574,0.0194,0.8232
HEARTS THREE CLUBS QUEEN,0.3856,0.0124,0.602
DIAMONDS KING CLUBS QUEEN,0.3332,0.006,0.6608
HEARTS FIVE HEARTS JACK,0.2538,0.0652,0.681
HEARTS FIVE HEARTS TEN,0.2374,0.0902,0.6724
HEARTS THREE CLUBS ACE,0.3544,0.0046,0.641
DIAMONDS KING CLUBS ACE,0.3508,0.0072,0.642
SPADES ACE CLUBS QUEEN,0.3416,0.0076,0.6508
SPADES KING CLUBS QUEEN,0.3356,0.0062,0.6582
HEARTS THREE CLUBS JACK,0.3724,0.0244,0.6032
DIAMONDS KING CLUBS JACK,0.3384,0.0086,0.653
SPADES QUEEN CLUBS QUEEN,0.1556,0.0376,0.8068
CLUBS TEN HEARTS THREE,0.371,0.0338,0.5952
CLUBS TEN DIAMONDS KING,0.345,0.008,0.647
SPADES JACK CLUBS QUEEN,0.3468,0.012,0.6412
CLUBS SIX CLUBS QUEEN,0.3238,0.0134,0.6628
SPADES TEN CLUBS QUEEN,0.3228,0.0116,0.6656
CLUBS SIX CLUBS KING,0.3294,0.0084,0.6622
CLUBS SIX CLUBS ACE,0.3274,0.0074,0.6652
HEARTS FIVE HEARTS KING,0.2294,0.04,0.7306
HEARTS FIVE HEARTS QUEEN,0.2408,0.0478,0.7114
CLUBS TEN CLUBS SIX,0.3272,0.0312,0.6416
HEARTS FIVE HEARTS ACE,0.2202,0.0278,0.752
CLUBS SIX CLUBS JACK,0.3186,0.0188,0.6626
SPADES SEVEN HEARTS JACK,0.3424,0.0194,0.6382
SPADES SEVEN HEARTS TEN,0.3356,0.0248,0.6396
DIAMONDS TWO CLUBS TWO,0.2462,0.1118,0.642
DIAMONDS TWO CLUBS THREE,0.42,0.3678,0.2122
DIAMONDS TWO HEARTS SIX,0.259,0.2672,0.4738
DIAMONDS TWO HEARTS QUEEN,0.2766,0.0358,0.6876
HEARTS SEVEN DIAMONDS TWO,0.2742,0.1912,0.5346
DIAMONDS TWO HEARTS KING,0.275,0.0286,0.6964
DIAMONDS TWO HEARTS EIGHT,0.2656,0.1442,0.5902
DIAMONDS TWO HEARTS ACE,0.25,0.0138,0.7362
DIAMONDS TWO HEARTS NINE,0.2734,0.1026,0.624
DIAMONDS TWO DIAMONDS QUEEN,0.2632,0.0374,0.6994
DIAMONDS TWO HEARTS TWO,0.2524,0.1116,0.636
DIAMONDS TWO DIAMONDS KING,0.256,0.028,0.716
DIAMONDS TWO HEARTS THREE,0.3884,0.381,0.2306
DIAMONDS TWO DIAMONDS ACE,0.242,0.0166,0.7414
HEARTS FOUR DIAMONDS TWO,0.4054,0.3726,0.222
HEARTS FIVE DIAMONDS TWO,0.0176,0.97,0.0124
SPADES SEVEN HEARTS ACE,0.3378,0.0056,0.6566
DIAMONDS TWO DIAMONDS TEN,0.2608,0.0684,0.6708
SPADES SEVEN HEARTS KING,0.3426,0.0106,0.6468
DIAMONDS TWO DIAMONDS JACK,0.2596,0.0562,0.6842
SPADES SEVEN HEARTS QUEEN,0.3448,0.0148,0.6404
DIAMONDS TWO SPADES NINE,0.2594,0.1068,0.6338
DIAMONDS TWO SPADES EIGHT,0.2588,0.1462,0.595
DIAMONDS TWO SPADES SEVEN,0.2604,0.2,0.5396
DIAMONDS TWO SPADES SIX,0.2566,0.2636,0.4798
DIAMONDS TWO SPADES FIVE,0.008,0.9806,0.0114
DIAMONDS TWO SPADES FOUR,0.404,0.3846,0.2114
DIAMONDS TWO SPADES THREE,0.402,0.3778,0.2202
CLUBS NINE DIAMONDS TWO,0.2722,0.1024,0.6254
DIAMONDS TWO CLUBS EIGHT,0.2744,0.1462,0.5794
CLUBS SEVEN DIAMONDS TWO,0.2774,0.1948,0.5278
DIAMONDS TWO CLUBS SIX,0.2544,0.2642,0.4814
DIAMONDS TWO CLUBS FIVE,0.0158,0.976,0.0082
DIAMONDS TWO CLUBS FOUR,0.4008,0.3804,0.2188
CLUBS FOUR SPADES FIVE,0.2106,0.4996,0.2898
CLUBS FOUR SPADES FOUR,0.2138,0.1508,0.6354
CLUBS FOUR SPADES THREE,0.3686,0.2522,0.3792
SPADES NINE CLUBS FOUR,0.3744,0.0404,0.5852
SPADES EIGHT CLUBS FOUR,0.3574,0.0684,0.5742
SPADES SEVEN CLUBS FOUR,0.3518,0.1,0.5482
CLUBS FOUR SPADES SIX,0.3252,0.164,0.5108
SPADES ACE DIAMONDS SIX,0.3424,0.006,0.6516
SPADES QUEEN DIAMONDS SIX,0.3334,0.015,0.6516
SPADES KING DIAMONDS SIX,0.3286,0.0128,0.6586
SPADES TEN DIAMONDS SIX,0.3378,0.0298,0.6324
SPADES JACK DIAMONDS SIX,0.3346,0.0218,0.6436
DIAMONDS JACK CLUBS JACK,0.1466,0.054,0.7994
CLUBS TEN DIAMONDS JACK,0.3246,0.0166,0.6588
DIAMONDS JACK CLUBS KING,0.3426,0.0074,0.65
DIAMONDS JACK CLUBS QUEEN,0.344,0.0102,0.6458
DIAMONDS THREE DIAMONDS JACK,0.3578,0.0214,0.6208
DIAMONDS THREE DIAMONDS TEN,0.3574,0.0288,0.6138
DIAMONDS JACK CLUBS ACE,0.3408,0.0052,0.654
DIAMONDS THREE DIAMONDS KING,0.367,0.0118,0.6212
DIAMONDS THREE HEARTS THREE,0.2302,0.1618,0.608
DIAMONDS THREE DIAMONDS QUEEN,0.3658,0.0146,0.6196
DIAMONDS THREE HEARTS TWO,0.4174,0.3706,0.212
HEARTS FIVE DIAMONDS THREE,0.2188,0.5142,0.267
DIAMONDS THREE DIAMONDS ACE,0.3492,0.0066,0.6442
HEARTS FOUR DIAMONDS THREE,0.3646,0.2466,0.3888
HEARTS SEVEN DIAMONDS THREE,0.3698,0.106,0.5242
SPADES TEN SPADES NINE,0.3148,0.021,0.6642
HEARTS SIX DIAMONDS THREE,0.358,0.1572,0.4848
SPADES JACK SPADES NINE,0.3258,0.0174,0.6568
DIAMONDS THREE HEARTS NINE,0.368,0.0504,0.5816
HEARTS JACK DIAMONDS FOUR,0.3752,0.0188,0.606
HEARTS ACE HEARTS KING,0.3328,0.0076,0.6596
DIAMONDS THREE HEARTS EIGHT,0.3824,0.0674,0.5502
HEARTS TEN DIAMONDS FOUR,0.367,0.0324,0.6006
HEARTS QUEEN DIAMONDS FOUR,0.3798,0.0168,0.6034
HEARTS KING DIAMONDS FOUR,0.375,0.0116,0.6134
SPADES ACE SPADES NINE,0.3352,0.005,0.6598
HEARTS ACE DIAMONDS FOUR,0.3546,0.0062,0.6392
SPADES KING SPADES NINE,0.3354,0.0074,0.6572
SPADES QUEEN SPADES NINE,0.3228,0.0112,0.666
DIAMONDS THREE SPADES NINE,0.3794,0.046,0.5746
DIAMONDS THREE SPADES EIGHT,0.3752,0.0688,0.556
DIAMONDS THREE SPADES SEVEN,0.3536,0.1048,0.5416
DIAMONDS THREE SPADES SIX,0.3346,0.1664,0.499
DIAMONDS THREE CLUBS SIX,0.3494,0.1658,0.4848
CLUBS FIVE CLUBS SIX,0.2166,0.2548,0.5286
CLUBS ACE DIAMONDS FOUR,0.3612,0.005,0.6338
CLUBS SEVEN DIAMONDS THREE,0.3616,0.1054,0.533
CLUBS SEVEN CLUBS FIVE,0.2222,0.1844,0.5934
DIAMONDS THREE CLUBS FOUR,0.373,0.2496,0.3774
DIAMONDS FOUR CLUBS QUEEN,0.3798,0.0172,0.603
DIAMONDS THREE CLUBS FIVE,0.2152,0.5256,0.2592
CLUBS KING DIAMONDS FOUR,0.3786,0.0106,0.6108
DIAMONDS THREE CLUBS TWO,0.4106,0.3742,0.2152
CLUBS TEN DIAMONDS FOUR,0.3698,0.0332,0.597
DIAMONDS THREE CLUBS THREE,0.2266,0.1514,0.622
DIAMONDS FOUR CLUBS JACK,0.3714,0.0222,0.6064
DIAMONDS THREE SPADES FOUR,0.3678,0.2538,0.3784
DIAMONDS THREE SPADES FIVE,0.222,0.5166,0.2614
DIAMONDS THREE SPADES THREE,0.2264,0.1682,0.6054
CLUBS EIGHT DIAMONDS THREE,0.3708,0.074,0.5552
CLUBS NINE DIAMONDS THREE,0.3732,0.0472,0.5796
SPADES SEVEN CLUBS ACE,0.3382,0.005,0.6568
SPADES SEVEN CLUBS QUEEN,0.3556,0.0118,0.6326
SPADES SEVEN CLUBS KING,0.3448,0.0084,0.6468
CLUBS FIVE SPADES SEVEN,0.2318,0.2062,0.562
CLUBS TEN SPADES SEVEN,0.3264,0.0286,0.645
CLUBS FIVE SPADES SIX,0.24,0.2644,0.4956
SPADES SEVEN CLUBS JACK,0.3528,0.0204,0.6268
CLUBS FIVE SPADES NINE,0.244,0.114,0.642
CLUBS FIVE SPADES EIGHT,0.2466,0.1524,0.601
CLUBS FIVE SPADES THREE,0.2044,0.5196,0.276
CLUBS FIVE SPADES FIVE,0.0706,0.1332,0.7962
CLUBS FIVE SPADES FOUR,0.2116,0.5058,0.2826
CLUBS NINE CLUBS FIVE,0.2388,0.1162,0.645
CLUBS EIGHT CLUBS FIVE,0.2446,0.1478,0.6076
CLUBS ACE CLUBS QUEEN,0.3278,0.0054,0.6668
CLUBS KING CLUBS QUEEN,0.3288,0.0068,0.6644
DIAMONDS TEN DIAMONDS FOUR,0.3546,0.029,0.6164
CLUBS TEN DIAMONDS NINE,0.3234,0.022,0.6546
DIAMONDS JACK DIAMONDS FOUR,0.3504,0.0208,0.6288
DIAMONDS NINE CLUBS JACK,0.338,0.0178,0.6442
SPADES NINE CLUBS JACK,0.3362,0.0154,0.6484
CLUBS TEN SPADES NINE,0.3328,0.0252,0.642
DIAMONDS ACE DIAMONDS FOUR,0.336,0.0058,0.6582
HEARTS FOUR DIAMONDS FOUR,0.2202,0.1556,0.6242
DIAMONDS JACK HEARTS TEN,0.3292,0.0132,0.6576
SPADES NINE CLUBS KING,0.3462,0.008,0.6458
DIAMONDS TWO SPADES TEN,0.263,0.0742,0.6628
DIAMONDS NINE CLUBS ACE,0.3396,0.0062,0.6542
HEARTS FIVE DIAMONDS FOUR,0.22,0.5024,0.2776
DIAMONDS JACK HEARTS JACK,0.1512,0.0494,0.7994
SPADES NINE CLUBS QUEEN,0.3398,0.0118,0.6484
DIAMONDS TWO SPADES JACK,0.2636,0.053,0.6834
DIAMONDS QUEEN DIAMONDS FOUR,0.354,0.0168,0.6292
HEARTS TWO DIAMONDS FOUR,0.4036,0.3792,0.2172
DIAMONDS NINE CLUBS QUEEN,0.3388,0.0152,0.646
DIAMONDS KING DIAMONDS FOUR,0.3522,0.0104,0.6374
HEARTS THREE DIAMONDS FOUR,0.3728,0.2558,0.3714
SPADES NINE CLUBS ACE,0.353,0.0048,0.6422
DIAMONDS NINE CLUBS KING,0.3494,0.0072,0.6434
HEARTS ACE DIAMONDS JACK,0.3444,0.005,0.6506
SPADES ACE DIAMONDS TWO,0.2376,0.0168,0.7456
HEARTS QUEEN DIAMONDS JACK,0.3344,0.0096,0.656
SPADES QUEEN DIAMONDS TWO,0.261,0.037,0.702
HEARTS KING DIAMONDS JACK,0.3422,0.0094,0.6484
SPADES KING DIAMONDS TWO,0.2534,0.032,0.7146
SPADES JACK SPADES SEVEN,0.3216,0.02,0.6584
SPADES TEN SPADES SEVEN,0.3198,0.0288,0.6514
CLUBS SEVEN CLUBS THREE,0.3326,0.098,0.5694
CLUBS SIX CLUBS THREE,0.3202,0.1588,0.521
CLUBS FIVE CLUBS THREE,0.195,0.4896,0.3154
CLUBS THREE CLUBS FOUR,0.3442,0.2404,0.4154
CLUBS NINE CLUBS THREE,0.3466,0.0432,0.6102
CLUBS EIGHT CLUBS THREE,0.3552,0.0656,0.5792
CLUBS THREE SPADES FIVE,0.2084,0.5078,0.2838
CLUBS THREE SPADES FOUR,0.355,0.2476,0.3974
CLUBS THREE SPADES THREE,0.2252,0.1588,0.616
CLUBS THREE SPADES SIX,0.3484,0.1562,0.4954
CLUBS THREE SPADES SEVEN,0.3616,0.1098,0.5286
SPADES EIGHT CLUBS THREE,0.3682,0.0674,0.5644
SPADES NINE CLUBS THREE,0.371,0.0432,0.5858
SPADES THREE DIAMONDS FOUR,0.3626,0.258,0.3794
SPADES FOUR DIAMONDS FOUR,0.2136,0.157,0.6294
SPADES FIVE DIAMONDS FOUR,0.2076,0.5102,0.2822
SPADES SIX DIAMONDS FOUR,0.342,0.165,0.493
SPADES SEVEN DIAMONDS FOUR,0.3556,0.1028,0.5416
SPADES EIGHT DIAMONDS FOUR,0.3478,0.0716,0.5806
SPADES NINE DIAMONDS FOUR,0.369,0.0454,0.5856
CLUBS FIVE DIAMONDS FOUR,0.2174,0.5106,0.272
CLUBS FOUR DIAMONDS FOUR,0.2262,0.1502,0.6236
CLUBS SEVEN DIAMONDS FOUR,0.3516,0.1084,0.54
CLUBS SIX DIAMONDS FOUR,0.3458,0.1568,0.4974
CLUBS NINE DIAMONDS FOUR,0.3796,0.0496,0.5708
CLUBS EIGHT DIAMONDS FOUR,0.3616,0.0728,0.5656
HEARTS SEVEN DIAMONDS FOUR,0.3524,0.1078,0.5398
HEARTS SIX DIAMONDS FOUR,0.3458,0.162,0.4922
DIAMONDS FOUR HEARTS NINE,0.3688,0.0492,0.582
DIAMONDS FOUR HEARTS EIGHT,0.3798,0.0766,0.5436
CLUBS THREE DIAMONDS FOUR,0.3788,0.259,0.3622
CLUBS TWO DIAMONDS FOUR,0.4028,0.3718,0.2254
DIAMONDS NINE HEARTS QUEEN,0.354,0.0148,0.6312
DIAMONDS NINE HEARTS KING,0.355,0.008,0.637
HEARTS ACE DIAMONDS NINE,0.3402,0.005,0.6548
DIAMONDS NINE HEARTS TEN,0.3326,0.0226,0.6448
DIAMONDS NINE HEARTS JACK,0.3586,0.0164,0.625
DIAMONDS SIX CLUBS KING,0.3498,0.006,0.6442
DIAMONDS SIX CLUBS QUEEN,0.3518,0.0154,0.6328
CLUBS ACE DIAMONDS SIX,0.3392,0.0064,0.6544
SPADES KING DIAMONDS FOUR,0.3692,0.0102,0.6206
SPADES ACE SPADES SEVEN,0.3202,0.0044,0.6754
SPADES QUEEN DIAMONDS FOUR,0.3708,0.0162,0.613
SPADES QUEEN SPADES SEVEN,0.3332,0.0116,0.6552
DIAMONDS SIX CLUBS JACK,0.3486,0.0206,0.6308
SPADES KING SPADES SEVEN,0.3266,0.0098,0.6636
SPADES ACE DIAMONDS FOUR,0.3526,0.0066,0.6408
CLUBS TEN DIAMONDS SIX,0.3518,0.028,0.6202
CLUBS NINE CLUBS FOUR,0.3544,0.048,0.5976
CLUBS EIGHT CLUBS FOUR,0.3316,0.0686,0.5998
SPADES JACK DIAMONDS FOUR,0.3742,0.0226,0.6032
SPADES TEN DIAMONDS FOUR,0.37,0.031,0.599
CLUBS FIVE CLUBS FOUR,0.2082,0.4666,0.3252
CLUBS SEVEN CLUBS FOUR,0.331,0.104,0.565
CLUBS SIX CLUBS FOUR,0.3236,0.1478,0.5286
CLUBS SEVEN SPADES EIGHT,0.32,0.0626,0.6174
CLUBS SEVEN SPADES NINE,0.342,0.0396,0.6184
CLUBS SEVEN SPADES SIX,0.3014,0.1018,0.5968
CLUBS SEVEN SPADES SEVEN,0.1482,0.106,0.7458
CLUBS SEVEN SPADES FIVE,0.224,0.2026,0.5734
CLUBS SEVEN SPADES FOUR,0.3434,0.1132,0.5434
CLUBS SEVEN SPADES THREE,0.3596,0.1126,0.5278
CLUBS NINE CLUBS SEVEN,0.3136,0.038,0.6484
CLUBS SEVEN CLUBS EIGHT,0.3168,0.063,0.6202
HEARTS KING HEARTS EIGHT,0.3206,0.0088,0.6706
HEARTS QUEEN HEARTS EIGHT,0.3276,0.0124,0.66
HEARTS ACE HEARTS EIGHT,0.3378,0.0058,0.6564
SPADES JACK DIAMONDS EIGHT,0.3324,0.0164,0.6512
CLUBS TEN HEARTS JACK,0.3368,0.0154,0.6478
SPADES TEN DIAMONDS EIGHT,0.3254,0.0272,0.6474
HEARTS JACK CLUBS JACK,0.1606,0.048,0.7914
HEARTS JACK CLUBS QUEEN,0.3388,0.0112,0.65
CLUBS KING HEARTS JACK,0.3526,0.0082,0.6392
CLUBS ACE HEARTS JACK,0.3492,0.004,0.6468
SPADES KING DIAMONDS EIGHT,0.3358,0.0094,0.6548
SPADES QUEEN DIAMONDS EIGHT,0.329,0.0132,0.6578
SPADES ACE DIAMONDS EIGHT,0.3496,0.0048,0.6456
DIAMONDS TEN DIAMONDS SIX,0.3238,0.03,0.6462
HEARTS ACE DIAMONDS SEVEN,0.3424,0.0056,0.652
DIAMONDS JACK DIAMONDS SIX,0.3238,0.0206,0.6556
HEARTS QUEEN DIAMONDS SEVEN,0.355,0.016,0.629
HEARTS KING DIAMONDS SEVEN,0.3374,0.0112,0.6514
DIAMONDS ACE DIAMONDS SIX,0.3236,0.0074,0.669
HEARTS FOUR DIAMONDS SIX,0.3376,0.1602,0.5022
HEARTS FIVE DIAMONDS SIX,0.2222,0.2772,0.5006
DIAMONDS QUEEN DIAMONDS SIX,0.3276,0.0114,0.661
HEARTS TWO DIAMONDS SIX,0.2514,0.2712,0.4774
DIAMONDS KING DIAMONDS SIX,0.3322,0.0092,0.6586
HEARTS THREE DIAMONDS SIX,0.3334,0.164,0.5026
DIAMONDS SIX HEARTS EIGHT,0.3354,0.0644,0.6002
DIAMONDS SIX HEARTS NINE,0.3326,0.0484,0.619
HEARTS SIX DIAMONDS SIX,0.1322,0.1314,0.7364
HEARTS SEVEN DIAMONDS SIX,0.3202,0.0946,0.5852
HEARTS TEN DIAMONDS SEVEN,0.3296,0.0326,0.6378
CLUBS TWO DIAMONDS SIX,0.2456,0.2682,0.4862
HEARTS JACK DIAMONDS SEVEN,0.344,0.024,0.632
CLUBS THREE DIAMONDS SIX,0.347,0.1646,0.4884
CLUBS SEVEN DIAMONDS SIX,0.321,0.0972,0.5818
DIAMONDS EIGHT CLUBS JACK,0.3366,0.0146,0.6488
CLUBS SIX DIAMONDS SIX,0.142,0.1176,0.7404
CLUBS TEN DIAMONDS EIGHT,0.3394,0.0244,0.6362
CLUBS FIVE DIAMONDS SIX,0.2448,0.2632,0.492
CLUBS FOUR DIAMONDS SIX,0.334,0.1632,0.5028
HEARTS ACE HEARTS JACK,0.3176,0.005,0.6774
CLUBS ACE DIAMONDS EIGHT,0.3418,0.0062,0.652
HEARTS QUEEN HEARTS JACK,0.3226,0.0116,0.6658
CLUBS KING DIAMONDS EIGHT,0.3418,0.01,0.6482
CLUBS NINE DIAMONDS SIX,0.3354,0.0456,0.619
HEARTS KING HEARTS JACK,0.3214,0.008,0.6706
CLUBS QUEEN DIAMONDS EIGHT,0.3342,0.0146,0.6512
CLUBS EIGHT DIAMONDS SIX,0.323,0.0692,0.6078
SPADES TEN HEARTS KING,0.333,0.0068,0.6602
SPADES FIVE DIAMONDS SIX,0.2214,0.2708,0.5078
SPADES JACK HEARTS KING,0.3394,0.0068,0.6538
SPADES FOUR DIAMONDS SIX,0.3356,0.168,0.4964
SPADES THREE DIAMONDS SIX,0.3448,0.1566,0.4986
SPADES ACE SPADES KING,0.3258,0.0066,0.6676
HEARTS TEN HEARTS EIGHT,0.318,0.025,0.657
SPADES NINE DIAMONDS SIX,0.3276,0.0494,0.623
HEARTS JACK HEARTS EIGHT,0.3264,0.0198,0.6538
SPADES EIGHT DIAMONDS SIX,0.3206,0.0608,0.6186
SPADES SEVEN DIAMONDS SIX,0.3068,0.0952,0.598
SPADES SIX DIAMONDS SIX,0.126,0.126,0.748
SPADES KING HEARTS KING,0.1498,0.0228,0.8274
SPADES QUEEN HEARTS KING,0.3494,0.0068,0.6438
CLUBS ACE CLUBS KING,0.3246,0.0062,0.6692
SPADES ACE HEARTS KING,0.3396,0.0048,0.6556
SPADES ACE HEARTS JACK,0.3546,0.0034,0.642
SPADES QUEEN HEARTS JACK,0.3384,0.0124,0.6492
SPADES KING HEARTS JACK,0.345,0.0076,0.6474
SPADES TEN DIAMONDS TEN,0.144,0.0674,0.7886
SPADES JACK DIAMONDS TEN,0.3304,0.0172,0.6524
SPADES ACE DIAMONDS TEN,0.3418,0.0072,0.651
SPADES JACK HEARTS JACK,0.1508,0.0556,0.7936
SPADES TEN HEARTS JACK,0.3244,0.015,0.6606
SPADES QUEEN DIAMONDS TEN,0.3226,0.013,0.6644
SPADES KING DIAMONDS TEN,0.3376,0.0098,0.6526
SPADES NINE DIAMONDS SEVEN,0.3268,0.0514,0.6218
SPADES EIGHT DIAMONDS SEVEN,0.3168,0.061,0.6222
SPADES SEVEN DIAMONDS SEVEN,0.1344,0.1218,0.7438
SPADES SIX DIAMONDS SEVEN,0.3054,0.1004,0.5942
DIAMONDS KING DIAMONDS SEVEN,0.3306,0.0112,0.6582
HEARTS THREE DIAMONDS SEVEN,0.3628,0.1012,0.536
DIAMONDS QUEEN DIAMONDS SEVEN,0.3364,0.013,0.6506
HEARTS TWO DIAMONDS SEVEN,0.2602,0.2056,0.5342
HEARTS FIVE DIAMONDS SEVEN,0.2256,0.2042,0.5702
DIAMONDS ACE DIAMONDS SEVEN,0.3194,0.0068,0.6738
HEARTS FOUR DIAMONDS SEVEN,0.334,0.0996,0.5664
HEARTS SEVEN DIAMONDS SEVEN,0.1464,0.1092,0.7444
HEARTS SIX DIAMONDS SEVEN,0.3146,0.1,0.5854
HEARTS NINE DIAMONDS SEVEN,0.3312,0.045,0.6238
HEARTS EIGHT DIAMONDS SEVEN,0.322,0.0602,0.6178
DIAMONDS JACK DIAMONDS SEVEN,0.336,0.018,0.646
DIAMONDS TEN DIAMONDS SEVEN,0.321,0.0294,0.6496
SPADES KING CLUBS TWO,0.2682,0.028,0.7038
HEARTS KING CLUBS KING,0.1472,0.0208,0.832
CLUBS EIGHT DIAMONDS SEVEN,0.3142,0.0652,0.6206
SPADES QUEEN CLUBS TWO,0.2552,0.0376,0.7072
HEARTS KING CLUBS QUEEN,0.36,0.007,0.633
CLUBS NINE DIAMONDS SEVEN,0.3314,0.0364,0.6322
SPADES ACE CLUBS TWO,0.2436,0.0118,0.7446
HEARTS KING CLUBS ACE,0.347,0.0032,0.6498
CLUBS SEVEN CLUBS SIX,0.3032,0.0954,0.6014
CLUBS EIGHT CLUBS SIX,0.3048,0.0698,0.6254
SPADES THREE DIAMONDS SEVEN,0.3546,0.1082,0.5372
CLUBS NINE CLUBS SIX,0.3188,0.0392,0.642
SPADES FOUR DIAMONDS SEVEN,0.342,0.106,0.552
HEARTS KING CLUBS JACK,0.3506,0.0068,0.6426
SPADES FIVE DIAMONDS SEVEN,0.2174,0.2032,0.5794
CLUBS TEN HEARTS KING,0.3424,0.0062,0.6514
CLUBS SIX SPADES THREE,0.3466,0.1694,0.484
CLUBS TWO DIAMONDS SEVEN,0.258,0.2054,0.5366
CLUBS SIX SPADES FOUR,0.3392,0.154,0.5068
CLUBS THREE DIAMONDS SEVEN,0.3518,0.1088,0.5394
CLUBS SIX SPADES FIVE,0.236,0.26,0.504
CLUBS FOUR DIAMONDS SEVEN,0.3464,0.1048,0.5488
CLUBS SIX SPADES SIX,0.137,0.1294,0.7336
CLUBS FIVE DIAMONDS SEVEN,0.2248,0.1998,0.5754
CLUBS SIX SPADES SEVEN,0.319,0.0974,0.5836
CLUBS SIX DIAMONDS SEVEN,0.3186,0.093,0.5884
CLUBS SIX SPADES EIGHT,0.3392,0.0676,0.5932
SPADES JACK CLUBS TWO,0.2646,0.0544,0.681
CLUBS SEVEN DIAMONDS SEVEN,0.1446,0.1112,0.7442
SPADES NINE CLUBS SIX,0.3296,0.046,0.6244
SPADES TEN CLUBS TWO,0.27,0.0768,0.6532
CLUBS TWO CLUBS QUEEN,0.2568,0.0382,0.705
CLUBS TWO CLUBS KING,0.2558,0.0262,0.718
CLUBS THREE DIAMONDS EIGHT,0.3632,0.0708,0.566
CLUBS TWO CLUBS ACE,0.245,0.0128,0.7422
CLUBS TWO DIAMONDS EIGHT,0.2556,0.1484,0.596
HEARTS SEVEN DIAMONDS EIGHT,0.3254,0.0648,0.6098
HEARTS SIX DIAMONDS EIGHT,0.3246,0.0638,0.6116
DIAMONDS EIGHT HEARTS NINE,0.3282,0.041,0.6308
CLUBS TEN CLUBS TWO,0.255,0.0746,0.6704
HEARTS EIGHT DIAMONDS EIGHT,0.1402,0.0962,0.7636
CLUBS TWO CLUBS JACK,0.2532,0.0524,0.6944
CLUBS NINE DIAMONDS EIGHT,0.3462,0.04,0.6138
CLUBS EIGHT DIAMONDS EIGHT,0.1482,0.092,0.7598
CLUBS FIVE DIAMONDS EIGHT,0.2406,0.1508,0.6086
SPADES ACE SPADES THREE,0.3542,0.0066,0.6392
CLUBS FOUR DIAMONDS EIGHT,0.3466,0.0792,0.5742
CLUBS SEVEN DIAMONDS EIGHT,0.3202,0.0578,0.622
SPADES QUEEN SPADES THREE,0.3492,0.0114,0.6394
CLUBS SIX DIAMONDS EIGHT,0.3294,0.063,0.6076
SPADES KING SPADES THREE,0.3514,0.0082,0.6404
DIAMONDS QUEEN DIAMONDS EIGHT,0.3252,0.0124,0.6624
HEARTS TWO DIAMONDS EIGHT,0.255,0.148,0.597
DIAMONDS KING DIAMONDS EIGHT,0.341,0.0088,0.6502
HEARTS THREE DIAMONDS EIGHT,0.3706,0.0694,0.56
DIAMONDS ACE DIAMONDS EIGHT,0.3204,0.006,0.6736
HEARTS FOUR DIAMONDS EIGHT,0.3548,0.0668,0.5784
HEARTS FIVE DIAMONDS EIGHT,0.2462,0.1528,0.601
DIAMONDS TEN DIAMONDS EIGHT,0.3232,0.0276,0.6492
DIAMONDS JACK DIAMONDS EIGHT,0.3184,0.021,0.6606
SPADES JACK SPADES THREE,0.3562,0.0224,0.6214
SPADES TEN SPADES THREE,0.3538,0.0294,0.6168
CLUBS FOUR HEARTS ACE,0.3604,0.0038,0.6358
CLUBS FOUR HEARTS QUEEN,0.3678,0.011,0.6212
CLUBS FOUR HEARTS KING,0.3682,0.0104,0.6214
CLUBS SIX HEARTS TEN,0.3496,0.0278,0.6226
CLUBS SIX HEARTS JACK,0.3504,0.0198,0.6298
SPADES FOUR DIAMONDS EIGHT,0.355,0.07,0.575
SPADES FIVE DIAMONDS EIGHT,0.2462,0.156,0.5978
SPADES THREE DIAMONDS EIGHT,0.3704,0.072,0.5576
CLUBS FOUR HEARTS JACK,0.3682,0.0198,0.612
SPADES EIGHT DIAMONDS EIGHT,0.139,0.0984,0.7626
SPADES TEN DIAMONDS QUEEN,0.3344,0.0128,0.6528
SPADES TEN HEARTS TWO,0.2548,0.0736,0.6716
SPADES JACK HEARTS EIGHT,0.3378,0.0234,0.6388
CLUBS FOUR HEARTS TEN,0.3804,0.0312,0.5884
SPADES NINE DIAMONDS EIGHT,0.3266,0.0396,0.6338
SPADES TEN HEARTS EIGHT,0.3296,0.0262,0.6442
SPADES JACK HEARTS TWO,0.261,0.0574,0.6816
SPADES JACK DIAMONDS QUEEN,0.3272,0.0142,0.6586
SPADES SIX DIAMONDS EIGHT,0.3154,0.067,0.6176
SPADES SEVEN DIAMONDS EIGHT,0.318,0.0636,0.6184
SPADES ACE HEARTS TWO,0.245,0.0174,0.7376
SPADES ACE DIAMONDS QUEEN,0.3382,0.005,0.6568
SPADES ACE HEARTS EIGHT,0.3442,0.0042,0.6516
SPADES KING HEARTS EIGHT,0.3342,0.0082,0.6576
SPADES QUEEN HEARTS TWO,0.2618,0.0368,0.7014
SPADES QUEEN DIAMONDS QUEEN,0.1416,0.0376,0.8208
SPADES KING DIAMONDS QUEEN,0.3342,0.0058,0.66
SPADES KING HEARTS TWO,0.2566,0.0262,0.7172
SPADES QUEEN HEARTS EIGHT,0.3396,0.0114,0.649
CLUBS TWO HEARTS TEN,0.2738,0.0778,0.6484
CLUBS TWO HEARTS JACK,0.2652,0.0512,0.6836
SPADES SEVEN DIAMONDS NINE,0.3216,0.0478,0.6306
SPADES SIX DIAMONDS NINE,0.3348,0.0424,0.6228
SPADES NINE DIAMONDS NINE,0.141,0.0914,0.7676
SPADES EIGHT DIAMONDS NINE,0.3352,0.0358,0.629
SPADES TEN CLUBS KING,0.34,0.0076,0.6524
DIAMONDS NINE SPADES THREE,0.3742,0.0462,0.5796
SPADES JACK CLUBS KING,0.3472,0.0066,0.6462
SPADES FIVE DIAMONDS NINE,0.2406,0.1128,0.6466
DIAMONDS NINE SPADES FOUR,0.363,0.0516,0.5854
CLUBS NINE DIAMONDS NINE,0.151,0.0864,0.7626
CLUBS EIGHT DIAMONDS NINE,0.332,0.042,0.626
CLUBS SIX DIAMONDS NINE,0.3388,0.0444,0.6168
SPADES JACK CLUBS FOUR,0.3786,0.0202,0.6012
CLUBS SEVEN DIAMONDS NINE,0.3216,0.0432,0.6352
SPADES TEN CLUBS FOUR,0.3682,0.0316,0.6002
CLUBS FOUR DIAMONDS NINE,0.3772,0.0458,0.577
CLUBS FIVE DIAMONDS NINE,0.246,0.1182,0.6358
CLUBS TWO DIAMONDS NINE,0.259,0.1068,0.6342
CLUBS THREE DIAMONDS NINE,0.3656,0.0494,0.585
DIAMONDS NINE HEARTS EIGHT,0.3232,0.0396,0.6372
DIAMONDS NINE HEARTS NINE,0.1512,0.0856,0.7632
HEARTS SIX DIAMONDS NINE,0.3444,0.0394,0.6162
HEARTS SEVEN DIAMONDS NINE,0.3266,0.0454,0.628
CLUBS NINE CLUBS EIGHT,0.3114,0.0344,0.6542
DIAMONDS ACE DIAMONDS NINE,0.3388,0.0042,0.657
HEARTS FOUR DIAMONDS NINE,0.3676,0.0442,0.5882
HEARTS FIVE DIAMONDS NINE,0.2496,0.1212,0.6292
HEARTS ACE CLUBS TWO,0.253,0.0176,0.7294
SPADES ACE CLUBS FOUR,0.355,0.0064,0.6386
DIAMONDS NINE DIAMONDS QUEEN,0.3282,0.0112,0.6606
HEARTS TWO DIAMONDS NINE,0.2598,0.1074,0.6328
CLUBS TWO HEARTS KING,0.2624,0.0246,0.713
SPADES KING CLUBS FOUR,0.37,0.0088,0.6212
DIAMONDS KING DIAMONDS NINE,0.3418,0.0074,0.6508
HEARTS THREE DIAMONDS NINE,0.3592,0.0496,0.5912
CLUBS TWO HEARTS QUEEN,0.2766,0.0416,0.6818
SPADES QUEEN CLUBS FOUR,0.3584,0.016,0.6256
DIAMONDS NINE DIAMONDS JACK,0.328,0.0194,0.6526
CLUBS EIGHT SPADES NINE,0.3356,0.0388,0.6256
DIAMONDS TEN DIAMONDS NINE,0.307,0.0232,0.6698
CLUBS EIGHT SPADES EIGHT,0.1438,0.095,0.7612
CLUBS EIGHT SPADES SEVEN,0.3188,0.0584,0.6228
CLUBS EIGHT SPADES SIX,0.3312,0.071,0.5978
CLUBS EIGHT SPADES FIVE,0.2464,0.1616,0.592
CLUBS EIGHT SPADES FOUR,0.3538,0.071,0.5752
CLUBS EIGHT SPADES THREE,0.381,0.0712,0.5478
HEARTS SIX DIAMONDS TEN,0.3394,0.031,0.6296
HEARTS SEVEN DIAMONDS TEN,0.3286,0.0274,0.644
DIAMONDS TEN HEARTS EIGHT,0.3332,0.0306,0.6362
CLUBS FOUR CLUBS JACK,0.3548,0.0254,0.6198
DIAMONDS TEN HEARTS NINE,0.3264,0.0238,0.6498
CLUBS TEN CLUBS FOUR,0.3448,0.0324,0.6228
CLUBS FOUR CLUBS KING,0.3462,0.0092,0.6446
CLUBS FOUR CLUBS QUEEN,0.3528,0.0154,0.6318
DIAMONDS TEN CLUBS TWO,0.258,0.0742,0.6678
CLUBS THREE DIAMONDS TEN,0.3732,0.033,0.5938
CLUBS FOUR CLUBS ACE,0.3276,0.0044,0.668
DIAMONDS TEN DIAMONDS JACK,0.3286,0.0174,0.654
DIAMONDS TEN DIAMONDS QUEEN,0.3228,0.0122,0.665
HEARTS TWO DIAMONDS TEN,0.262,0.077,0.661
DIAMONDS KING DIAMONDS TEN,0.332,0.0076,0.6604
HEARTS THREE DIAMONDS TEN,0.3708,0.03,0.5992
DIAMONDS ACE DIAMONDS TEN,0.3254,0.0066,0.668
HEARTS FOUR DIAMONDS TEN,0.375,0.0292,0.5958
CLUBS EIGHT HEARTS JACK,0.3426,0.0172,0.6402
HEARTS FIVE DIAMONDS TEN,0.2428,0.0858,0.6714
CLUBS EIGHT HEARTS TEN,0.3344,0.0232,0.6424
CLUBS EIGHT HEARTS QUEEN,0.3468,0.0136,0.6396
CLUBS EIGHT HEARTS KING,0.3502,0.0082,0.6416
CLUBS EIGHT HEARTS ACE,0.3498,0.0046,0.6456
CLUBS NINE SPADES THREE,0.361,0.0466,0.5924
CLUBS NINE SPADES FIVE,0.2434,0.109,0.6476
CLUBS NINE SPADES FOUR,0.373,0.0494,0.5776
CLUBS NINE SPADES SEVEN,0.3292,0.0432,0.6276
CLUBS NINE SPADES SIX,0.3408,0.0438,0.6154
CLUBS NINE SPADES NINE,0.1422,0.081,0.7768
CLUBS TEN HEARTS EIGHT,0.3378,0.0256,0.6366
CLUBS NINE SPADES EIGHT,0.3302,0.0404,0.6294
HEARTS EIGHT CLUBS JACK,0.341,0.0158,0.6432
CLUBS QUEEN HEARTS EIGHT,0.358,0.0132,0.6288
CLUBS KING HEARTS EIGHT,0.3452,0.0082,0.6466
CLUBS ACE HEARTS EIGHT,0.3496,0.0058,0.6446
SPADES KING CLUBS KING,0.1528,0.0216,0.8256
SPADES QUEEN CLUBS KING,0.3426,0.0072,0.6502
SPADES ACE CLUBS KING,0.354,0.0028,0.6432
DIAMONDS ACE HEARTS TEN,0.3314,0.0058,0.6628
HEARTS FOUR HEARTS TEN,0.3544,0.0296,0.616
DIAMONDS ACE HEARTS JACK,0.3432,0.0052,0.6516
HEARTS FOUR HEARTS JACK,0.368,0.021,0.611
SPADES KING CLUBS FIVE,0.2434,0.0392,0.7174
SPADES QUEEN CLUBS FIVE,0.257,0.0484,0.6946
SPADES ACE CLUBS FIVE,0.2278,0.0262,0.746
HEARTS SEVEN DIAMONDS JACK,0.3416,0.0218,0.6366
HEARTS SIX DIAMONDS JACK,0.3492,0.0192,0.6316
DIAMONDS JACK HEARTS NINE,0.3426,0.0166,0.6408
DIAMONDS JACK HEARTS EIGHT,0.3344,0.017,0.6486
DIAMONDS KING DIAMONDS JACK,0.3236,0.0092,0.6672
HEARTS THREE DIAMONDS JACK,0.3644,0.0256,0.61
SPADES ACE SPADES SIX,0.3318,0.005,0.6632
HEARTS ACE SPADES FOUR,0.3644,0.0064,0.6292
DIAMONDS QUEEN DIAMONDS JACK,0.3118,0.011,0.6772
HEARTS TWO DIAMONDS JACK,0.262,0.054,0.684
HEARTS FIVE DIAMONDS JACK,0.2514,0.0682,0.6804
SPADES QUEEN SPADES SIX,0.3342,0.011,0.6548
SPADES FOUR HEARTS QUEEN,0.3724,0.0162,0.6114
DIAMONDS ACE DIAMONDS JACK,0.3158,0.0072,0.677
HEARTS FOUR DIAMONDS JACK,0.3876,0.0218,0.5906
SPADES KING SPADES SIX,0.338,0.0106,0.6514
SPADES FOUR HEARTS KING,0.3736,0.0114,0.615
SPADES TEN SPADES SIX,0.3252,0.0314,0.6434
SPADES JACK SPADES SIX,0.3262,0.0208,0.653
SPADES FOUR DIAMONDS JACK,0.3684,0.0224,0.6092
SPADES FIVE DIAMONDS JACK,0.2498,0.0652,0.685
SPADES THREE DIAMONDS JACK,0.3676,0.0232,0.6092
SPADES ACE DIAMONDS THREE,0.3626,0.007,0.6304
SPADES QUEEN DIAMONDS THREE,0.374,0.0148,0.6112
CLUBS EIGHT DIAMONDS JACK,0.346,0.019,0.635
SPADES KING DIAMONDS THREE,0.3806,0.01,0.6094
CLUBS NINE DIAMONDS JACK,0.3418,0.0202,0.638
CLUBS SIX DIAMONDS JACK,0.3484,0.0192,0.6324
CLUBS SEVEN DIAMONDS JACK,0.3476,0.0198,0.6326
CLUBS FOUR DIAMONDS JACK,0.3612,0.02,0.6188
CLUBS FIVE DIAMONDS JACK,0.2518,0.0666,0.6816
CLUBS TWO DIAMONDS JACK,0.2628,0.0496,0.6876
CLUBS THREE DIAMONDS JACK,0.3746,0.0222,0.6032
SPADES TEN CLUBS FIVE,0.2428,0.0834,0.6738
SPADES JACK HEARTS SIX,0.3482,0.0224,0.6294
HEARTS SIX SPADES TEN,0.3316,0.0284,0.64
SPADES JACK CLUBS FIVE,0.2526,0.066,0.6814
SPADES JACK DIAMONDS THREE,0.3678,0.019,0.6132
CLUBS SEVEN CLUBS ACE,0.3202,0.0032,0.6766
DIAMONDS THREE SPADES TEN,0.371,0.0314,0.5976
CLUBS SEVEN CLUBS QUEEN,0.3228,0.0162,0.661
CLUBS SEVEN CLUBS KING,0.3312,0.0092,0.6596
SPADES NINE DIAMONDS JACK,0.341,0.0136,0.6454
CLUBS TEN CLUBS SEVEN,0.3272,0.0266,0.6462
DIAMONDS ACE HEARTS ACE,0.1258,0.0052,0.869
HEARTS FOUR HEARTS ACE,0.3434,0.006,0.6506
SPADES EIGHT DIAMONDS JACK,0.3354,0.0204,0.6442
SPADES ACE HEARTS SIX,0.3512,0.0052,0.6436
CLUBS SEVEN CLUBS JACK,0.3086,0.02,0.6714
DIAMONDS ACE HEARTS KING,0.3468,0.005,0.6482
HEARTS FOUR HEARTS KING,0.3504,0.0084,0.6412
SPADES SEVEN DIAMONDS JACK,0.3332,0.0214,0.6454
SPADES KING HEARTS SIX,0.3442,0.0076,0.6482
DIAMONDS ACE HEARTS QUEEN,0.3538,0.0056,0.6406
HEARTS FOUR HEARTS QUEEN,0.358,0.0146,0.6274
SPADES QUEEN HEARTS SIX,0.3404,0.0142,0.6454
SPADES SIX DIAMONDS JACK,0.3304,0.0174,0.6522
DIAMONDS TEN SPADES THREE,0.3572,0.0304,0.6124
DIAMONDS TEN SPADES FOUR,0.3616,0.033,0.6054
DIAMONDS TEN SPADES FIVE,0.2472,0.0796,0.6732
SPADES SIX DIAMONDS TEN,0.3354,0.0288,0.6358
SPADES SEVEN DIAMONDS TEN,0.3302,0.0286,0.6412
SPADES EIGHT DIAMONDS TEN,0.3262,0.0242,0.6496
SPADES NINE DIAMONDS TEN,0.3256,0.0258,0.6486
CLUBS FOUR DIAMONDS TEN,0.3608,0.0314,0.6078
CLUBS FIVE DIAMONDS TEN,0.257,0.0878,0.6552
CLUBS SIX DIAMONDS TEN,0.3516,0.0298,0.6186
CLUBS SEVEN DIAMONDS TEN,0.3302,0.029,0.6408
CLUBS EIGHT DIAMONDS TEN,0.3364,0.0276,0.636
CLUBS NINE DIAMONDS TEN,0.3242,0.0218,0.654
DIAMONDS THREE CLUBS JACK,0.3654,0.0216,0.613
CLUBS TEN DIAMONDS THREE,0.3652,0.029,0.6058
DIAMONDS THREE CLUBS KING,0.3808,0.01,0.6092
DIAMONDS THREE CLUBS QUEEN,0.3834,0.013,0.6036
DIAMONDS THREE CLUBS ACE,0.3662,0.0072,0.6266
SPADES FOUR HEARTS JACK,0.368,0.0202,0.6118
SPADES FOUR HEARTS TEN,0.358,0.032,0.61
CLUBS THREE DIAMONDS QUEEN,0.3752,0.0154,0.6094
CLUBS THREE HEARTS TWO,0.4136,0.3644,0.222
CLUBS TWO DIAMONDS QUEEN,0.2628,0.0404,0.6968
HEARTS TWO CLUBS TWO,0.2532,0.1182,0.6286
HEARTS SEVEN DIAMONDS QUEEN,0.3518,0.0132,0.635
HEARTS SEVEN HEARTS TWO,0.2428,0.1868,0.5704
HEARTS SIX DIAMONDS QUEEN,0.3454,0.0138,0.6408
HEARTS SIX HEARTS TWO,0.2344,0.2512,0.5144
DIAMONDS QUEEN HEARTS NINE,0.3368,0.0116,0.6516
HEARTS TWO HEARTS NINE,0.2466,0.1032,0.6502
DIAMONDS QUEEN HEARTS EIGHT,0.354,0.0138,0.6322
HEARTS TWO HEARTS EIGHT,0.2458,0.1332,0.621
CLUBS NINE HEARTS TWO,0.2736,0.102,0.6244
CLUBS NINE DIAMONDS QUEEN,0.3438,0.0114,0.6448
CLUBS EIGHT HEARTS TWO,0.2524,0.1496,0.598
CLUBS EIGHT DIAMONDS QUEEN,0.35,0.014,0.636
CLUBS FIVE DIAMONDS QUEEN,0.2404,0.057,0.7026
CLUBS FIVE HEARTS TWO,0.0226,0.9582,0.0192
SPADES EIGHT HEARTS ACE,0.3356,0.0052,0.6592
CLUBS FOUR DIAMONDS QUEEN,0.3676,0.0148,0.6176
CLUBS FOUR HEARTS TWO,0.4044,0.3694,0.2262
CLUBS SEVEN DIAMONDS QUEEN,0.3534,0.0128,0.6338
CLUBS SEVEN HEARTS TWO,0.2644,0.1914,0.5442
SPADES EIGHT HEARTS QUEEN,0.345,0.0122,0.6428
CLUBS SIX DIAMONDS QUEEN,0.3396,0.017,0.6434
CLUBS SIX HEARTS TWO,0.2548,0.2684,0.4768
SPADES EIGHT HEARTS KING,0.3456,0.0066,0.6478
HEARTS TWO SPADES SIX,0.2474,0.2736,0.479
SPADES SIX DIAMONDS QUEEN,0.3324,0.012,0.6556
HEARTS FOUR CLUBS QUEEN,0.3754,0.0142,0.6104
DIAMONDS ACE CLUBS QUEEN,0.3466,0.0044,0.649
SPADES SEVEN DIAMONDS QUEEN,0.3368,0.0132,0.65
SPADES SEVEN HEARTS TWO,0.255,0.2,0.545
HEARTS FOUR CLUBS KING,0.3888,0.0092,0.602
DIAMONDS ACE CLUBS KING,0.3464,0.005,0.6486
SPADES EIGHT DIAMONDS QUEEN,0.343,0.0108,0.6462
SPADES EIGHT HEARTS TWO,0.271,0.15,0.579
HEARTS FOUR CLUBS ACE,0.3622,0.005,0.6328
DIAMONDS ACE CLUBS ACE,0.1342,0.0066,0.8592
SPADES NINE DIAMONDS QUEEN,0.341,0.0134,0.6456
SPADES NINE HEARTS TWO,0.2598,0.1028,0.6374
HEARTS TWO SPADES THREE,0.3998,0.3784,0.2218
DIAMONDS QUEEN SPADES THREE,0.367,0.016,0.617
HEARTS TWO SPADES FOUR,0.3938,0.3808,0.2254
SPADES FOUR DIAMONDS QUEEN,0.3774,0.0174,0.6052
CLUBS TEN HEARTS FOUR,0.3598,0.0328,0.6074
CLUBS TEN DIAMONDS ACE,0.3466,0.006,0.6474
HEARTS TWO SPADES FIVE,0.011,0.972,0.017
SPADES FIVE DIAMONDS QUEEN,0.242,0.0538,0.7042
HEARTS FOUR CLUBS JACK,0.3786,0.018,0.6034
DIAMONDS ACE CLUBS JACK,0.3544,0.0052,0.6404
CLUBS FIVE CLUBS KING,0.231,0.0406,0.7284
CLUBS FIVE CLUBS QUEEN,0.231,0.0496,0.7194
CLUBS FIVE CLUBS ACE,0.2196,0.0268,0.7536
CLUBS FIVE CLUBS JACK,0.247,0.0724,0.6806
CLUBS TEN CLUBS FIVE,0.2376,0.0844,0.678
SPADES KING CLUBS JACK,0.35,0.0066,0.6434
SPADES QUEEN CLUBS JACK,0.3432,0.0098,0.647
SPADES ACE CLUBS JACK,0.3426,0.0064,0.651
SPADES SIX CLUBS KING,0.3394,0.0086,0.652
SPADES SIX CLUBS QUEEN,0.3518,0.0128,0.6354
SPADES EIGHT HEARTS JACK,0.339,0.0172,0.6438
SPADES SIX CLUBS ACE,0.3488,0.0044,0.6468
SPADES EIGHT HEARTS TEN,0.339,0.0258,0.6352
SPADES SIX CLUBS JACK,0.3298,0.0186,0.6516
CLUBS TEN SPADES SIX,0.3462,0.029,0.6248
SPADES TEN CLUBS JACK,0.3254,0.015,0.6596
SPADES JACK CLUBS JACK,0.1532,0.0534,0.7934
SPADES QUEEN CLUBS SEVEN,0.3494,0.0156,0.635
SPADES KING CLUBS SEVEN,0.3458,0.0086,0.6456
SPADES ACE CLUBS SEVEN,0.3374,0.0058,0.6568
SPADES SIX HEARTS TEN,0.3332,0.0292,0.6376
SPADES SIX HEARTS JACK,0.3502,0.0188,0.631
SPADES SIX HEARTS ACE,0.3366,0.0054,0.658
SPADES SIX HEARTS KING,0.3368,0.008,0.6552
SPADES SIX HEARTS QUEEN,0.3432,0.0126,0.6442
CLUBS SEVEN SPADES JACK,0.3424,0.017,0.6406
CLUBS SEVEN SPADES TEN,0.3342,0.0286,0.6372
CLUBS TEN HEARTS SIX,0.3462,0.0262,0.6276
HEARTS SIX CLUBS JACK,0.361,0.0178,0.6212
CLUBS ACE CLUBS JACK,0.331,0.0058,0.6632
HEARTS SIX CLUBS QUEEN,0.361,0.0136,0.6254
HEARTS SIX CLUBS KING,0.3524,0.0082,0.6394
HEARTS SIX CLUBS ACE,0.3414,0.0066,0.652
CLUBS QUEEN CLUBS JACK,0.3044,0.0124,0.6832
CLUBS KING CLUBS JACK,0.3456,0.006,0.6484
DIAMONDS THREE HEARTS ACE,0.3682,0.0064,0.6254
DIAMONDS THREE HEARTS QUEEN,0.3682,0.011,0.6208
DIAMONDS THREE HEARTS KING,0.3752,0.0096,0.6152
CLUBS FIVE HEARTS JACK,0.2544,0.07,0.6756
SPADES TEN DIAMONDS ACE,0.3256,0.007,0.6674
HEARTS FOUR SPADES TEN,0.3648,0.0314,0.6038
CLUBS FIVE HEARTS TEN,0.255,0.0846,0.6604
HEARTS FOUR SPADES JACK,0.369,0.0226,0.6084
SPADES JACK DIAMONDS ACE,0.3362,0.006,0.6578
SPADES ACE HEARTS FOUR,0.3488,0.0056,0.6456
SPADES ACE DIAMONDS ACE,0.1206,0.0052,0.8742
CLUBS FIVE HEARTS ACE,0.2292,0.0268,0.744
CLUBS FIVE HEARTS KING,0.2608,0.0386,0.7006
HEARTS FOUR SPADES QUEEN,0.3742,0.0148,0.611
SPADES QUEEN DIAMONDS ACE,0.3462,0.0052,0.6486
SPADES FOUR CLUBS JACK,0.3694,0.024,0.6066
CLUBS FIVE HEARTS QUEEN,0.2472,0.0504,0.7024
SPADES KING DIAMONDS ACE,0.35,0.0046,0.6454
SPADES KING HEARTS FOUR,0.3648,0.0084,0.6268
CLUBS TEN SPADES FOUR,0.3704,0.0288,0.6008
DIAMONDS ACE DIAMONDS QUEEN,0.3164,0.0046,0.679
DIAMONDS ACE HEARTS TWO,0.2452,0.0148,0.74
HEARTS FOUR DIAMONDS QUEEN,0.367,0.0134,0.6196
HEARTS FOUR HEARTS TWO,0.377,0.3514,0.2716
DIAMONDS THREE HEARTS TEN,0.3836,0.0298,0.5866
SPADES FOUR CLUBS KING,0.3716,0.0066,0.6218
HEARTS FIVE DIAMONDS QUEEN,0.245,0.0602,0.6948
HEARTS FIVE HEARTS TWO,0.025,0.8972,0.0778
DIAMONDS THREE HEARTS JACK,0.3722,0.025,0.6028
SPADES FOUR CLUBS QUEEN,0.3788,0.0182,0.603
HEARTS TWO DIAMONDS QUEEN,0.2656,0.0386,0.6958
DIAMONDS KING DIAMONDS QUEEN,0.3346,0.007,0.6584
DIAMONDS KING HEARTS TWO,0.2586,0.0264,0.715
HEARTS THREE DIAMONDS QUEEN,0.3682,0.0154,0.6164
HEARTS THREE HEARTS TWO,0.3782,0.3518,0.27
SPADES FOUR CLUBS ACE,0.3604,0.0038,0.6358
HEARTS TWO CLUBS ACE,0.2552,0.018,0.7268
DIAMONDS QUEEN CLUBS ACE,0.3424,0.0044,0.6532
HEARTS TWO CLUBS QUEEN,0.274,0.039,0.687
DIAMONDS QUEEN CLUBS QUEEN,0.1498,0.0348,0.8154
HEARTS TWO CLUBS KING,0.2638,0.0268,0.7094
DIAMONDS QUEEN CLUBS KING,0.34,0.0082,0.6518
SPADES EIGHT SPADES FIVE,0.2386,0.1458,0.6156
CLUBS TEN HEARTS TWO,0.272,0.077,0.651
CLUBS TEN DIAMONDS QUEEN,0.3318,0.0116,0.6566
SPADES NINE SPADES FIVE,0.2348,0.114,0.6512
HEARTS TWO CLUBS JACK,0.2662,0.0498,0.684
DIAMONDS QUEEN CLUBS JACK,0.3372,0.0142,0.6486
SPADES SIX SPADES FIVE,0.2264,0.248,0.5256
SPADES SEVEN SPADES FIVE,0.2208,0.1984,0.5808
SPADES EIGHT CLUBS ACE,0.331,0.0022,0.6668
SPADES EIGHT CLUBS KING,0.3438,0.0084,0.6478
SPADES EIGHT CLUBS QUEEN,0.3434,0.014,0.6426
SPADES EIGHT CLUBS JACK,0.3318,0.0196,0.6486
CLUBS TEN SPADES EIGHT,0.331,0.0262,0.6428
DIAMONDS TEN HEARTS JACK,0.327,0.014,0.659
DIAMONDS TEN HEARTS TEN,0.1482,0.0622,0.7896
SPADES ACE CLUBS NINE,0.3542,0.0052,0.6406
CLUBS NINE SPADES QUEEN,0.3452,0.012,0.6428
CLUBS NINE SPADES KING,0.348,0.0094,0.6426
HEARTS SIX HEARTS KING,0.3266,0.0084,0.665
DIAMONDS KING SPADES SEVEN,0.3284,0.0096,0.662
HEARTS THREE SPADES SEVEN,0.3508,0.116,0.5332
SPADES KING DIAMONDS SEVEN,0.3406,0.009,0.6504
HEARTS SIX HEARTS QUEEN,0.339,0.0106,0.6504
SPADES QUEEN DIAMONDS SEVEN,0.3274,0.0118,0.6608
HEARTS THREE SPADES SIX,0.3394,0.1576,0.503
DIAMONDS KING SPADES SIX,0.3434,0.0108,0.6458
SPADES NINE DIAMONDS KING,0.3378,0.0108,0.6514
SPADES NINE HEARTS THREE,0.3722,0.0468,0.581
HEARTS SIX HEARTS ACE,0.3168,0.0054,0.6778
DIAMONDS KING SPADES EIGHT,0.3372,0.009,0.6538
SPADES EIGHT HEARTS THREE,0.3682,0.0682,0.5636
SPADES ACE DIAMONDS SEVEN,0.3324,0.0058,0.6618
CLUBS NINE HEARTS THREE,0.3858,0.0518,0.5624
CLUBS NINE DIAMONDS KING,0.3444,0.0076,0.648
CLUBS EIGHT HEARTS THREE,0.37,0.0682,0.5618
CLUBS EIGHT DIAMONDS KING,0.3426,0.0092,0.6482
HEARTS THREE SPADES THREE,0.2274,0.1584,0.6142
DIAMONDS KING SPADES THREE,0.3688,0.0114,0.6198
HEARTS THREE SPADES FIVE,0.214,0.5076,0.2784
DIAMONDS KING SPADES FIVE,0.247,0.043,0.71
HEARTS THREE SPADES FOUR,0.3584,0.2564,0.3852
DIAMONDS KING SPADES FOUR,0.3594,0.0098,0.6308
DIAMONDS KING CLUBS TWO,0.2674,0.028,0.7046
HEARTS THREE CLUBS TWO,0.4086,0.3686,0.2228
DIAMONDS KING CLUBS THREE,0.378,0.0076,0.6144
CLUBS THREE HEARTS THREE,0.2194,0.1514,0.6292
DIAMONDS KING CLUBS FOUR,0.3598,0.009,0.6312
HEARTS THREE CLUBS FOUR,0.3632,0.2504,0.3864
CLUBS FIVE DIAMONDS KING,0.2486,0.041,0.7104
CLUBS FIVE HEARTS THREE,0.2254,0.5104,0.2642
