opposingHand,winningChance,drawChance,lostChance
DIAMONDS TWO SPADES KING
HEARTS FIVE SPADES TEN,0.6078,0.0088,0.3834
HEARTS FIVE SPADES JACK,0.5882,0.009,0.4028
SPADES FIVE CLUBS JACK,0.576,0.0072,0.4168
CLUBS TEN SPADES FIVE,0.6034,0.0092,0.3874
CLUBS EIGHT CLUBS JACK,0.5376,0.0094,0.453
CLUBS TEN CLUBS EIGHT,0.5282,0.007,0.4648
CLUBS EIGHT CLUBS KING,0.2196,0.2098,0.5706
SPADES FIVE CLUBS ACE,0.3478,0.0048,0.6474
CLUBS EIGHT CLUBS QUEEN,0.5556,0.0086,0.4358
SPADES FIVE CLUBS KING,0.2272,0.4506,0.3222
SPADES FIVE CLUBS QUEEN,0.5926,0.0074,0.4
CLUBS EIGHT CLUBS ACE,0.34,0.0052,0.6548
HEARTS FIVE SPADES QUEEN,0.602,0.009,0.389
SPADES ACE HEARTS FIVE,0.3246,0.0062,0.6692
DIAMONDS THREE DIAMONDS FOUR,0.5412,0.0134,0.4454
SPADES FOUR CLUBS TWO,0.7062,0.0248,0.269
DIAMONDS THREE DIAMONDS FIVE,0.5512,0.0106,0.4382
SPADES FIVE CLUBS TWO,0.7128,0.0326,0.2546
CLUBS TWO SPADES TWO,0.3126,0.0252,0.6622
CLUBS TWO SPADES THREE,0.716,0.0306,0.2534
DIAMONDS THREE DIAMONDS EIGHT,0.5708,0.0104,0.4188
SPADES EIGHT CLUBS TWO,0.7438,0.0314,0.2248
DIAMONDS THREE DIAMONDS NINE,0.5684,0.0078,0.4238
SPADES NINE CLUBS TWO,0.7248,0.0278,0.2474
DIAMONDS THREE DIAMONDS SIX,0.5504,0.0112,0.4384
SPADES SIX CLUBS TWO,0.7346,0.02,0.2454
DIAMONDS THREE DIAMONDS SEVEN,0.557,0.0096,0.4334
SPADES SEVEN CLUBS TWO,0.7368,0.0238,0.2394
CLUBS SIX CLUBS TWO,0.6654,0.026,0.3086
CLUBS SEVEN CLUBS TWO,0.6878,0.0224,0.2898
CLUBS FOUR CLUBS TWO,0.6672,0.0264,0.3064
CLUBS FIVE CLUBS TWO,0.6636,0.0246,0.3118
CLUBS TEN CLUBS JACK,0.518,0.0084,0.4736
DIAMONDS FOUR DIAMONDS SIX,0.5316,0.0108,0.4576
CLUBS TEN CLUBS QUEEN,0.5042,0.005,0.4908
DIAMONDS FOUR DIAMONDS SEVEN,0.5498,0.0078,0.4424
CLUBS TEN CLUBS KING,0.2198,0.1114,0.6688
CLUBS TEN CLUBS ACE,0.336,0.0042,0.6598
CLUBS EIGHT CLUBS TWO,0.689,0.028,0.283
DIAMONDS FOUR DIAMONDS FIVE,0.5356,0.0078,0.4566
CLUBS NINE CLUBS TWO,0.6692,0.0302,0.3006
DIAMONDS FOUR DIAMONDS NINE,0.5576,0.0092,0.4332
DIAMONDS FOUR DIAMONDS EIGHT,0.5642,0.0094,0.4264
CLUBS THREE CLUBS TWO,0.6602,0.0274,0.3124
DIAMONDS NINE DIAMONDS FIVE,0.5654,0.0068,0.4278
DIAMONDS FIVE DIAMONDS EIGHT,0.529,0.0104,0.4606
DIAMONDS FIVE DIAMONDS SEVEN,0.523,0.0094,0.4676
DIAMONDS SIX DIAMONDS FIVE,0.5368,0.01,0.4532
DIAMONDS SIX DIAMONDS EIGHT,0.5452,0.0072,0.4476
DIAMONDS NINE DIAMONDS SIX,0.5354,0.007,0.4576
HEARTS ACE SPADES THREE,0.3406,0.0074,0.652
SPADES THREE HEARTS KING,0.2146,0.518,0.2674
DIAMONDS SIX DIAMONDS SEVEN,0.5208,0.009,0.4702
SPADES THREE HEARTS QUEEN,0.6052,0.009,0.3858
SPADES THREE HEARTS JACK,0.607,0.0102,0.3828
SPADES THREE HEARTS TEN,0.5992,0.0096,0.3912
DIAMONDS EIGHT DIAMONDS SEVEN,0.5114,0.0066,0.482
DIAMONDS NINE DIAMONDS SEVEN,0.5266,0.0078,0.4656
DIAMONDS NINE DIAMONDS EIGHT,0.5264,0.0082,0.4654
DIAMONDS KING HEARTS TEN,0.2192,0.1162,0.6646
HEARTS THREE HEARTS TEN,0.5526,0.0076,0.4398
SPADES JACK CLUBS SIX,0.5932,0.009,0.3978
DIAMONDS KING HEARTS JACK,0.224,0.0902,0.6858
HEARTS THREE HEARTS JACK,0.5462,0.0106,0.4432
SPADES TEN CLUBS SIX,0.594,0.0058,0.4002
SPADES JACK SPADES FIVE,0.5764,0.008,0.4156
SPADES TEN SPADES FIVE,0.5694,0.0078,0.4228
DIAMONDS KING HEARTS ACE,0.2078,0.0118,0.7804
HEARTS THREE HEARTS ACE,0.323,0.0054,0.6716
SPADES ACE CLUBS SIX,0.341,0.006,0.653
DIAMONDS KING HEARTS QUEEN,0.2248,0.0636,0.7116
HEARTS THREE HEARTS QUEEN,0.5606,0.008,0.4314
DIAMONDS KING HEARTS KING,0.0592,0.018,0.9228
HEARTS THREE HEARTS KING,0.2112,0.4976,0.2912
SPADES QUEEN CLUBS SIX,0.602,0.0072,0.3908
SPADES NINE HEARTS TEN,0.5464,0.0078,0.4458
SPADES NINE HEARTS JACK,0.5568,0.0074,0.4358
SPADES QUEEN SPADES FIVE,0.5764,0.008,0.4156
SPADES ACE SPADES FIVE,0.334,0.0046,0.6614
SPADES NINE HEARTS QUEEN,0.5742,0.0074,0.4184
SPADES NINE HEARTS KING,0.2286,0.171,0.6004
SPADES NINE HEARTS ACE,0.3556,0.007,0.6374
CLUBS TEN SPADES JACK,0.532,0.0064,0.4616
CLUBS TEN SPADES TEN,0.3012,0.0074,0.6914
SPADES ACE CLUBS TEN,0.3456,0.0044,0.65
SPADES QUEEN CLUBS TEN,0.558,0.0068,0.4352
SPADES FIVE HEARTS QUEEN,0.5996,0.0094,0.391
SPADES FIVE HEARTS KING,0.2208,0.4692,0.31
SPADES FIVE HEARTS ACE,0.3608,0.0058,0.6334
SPADES JACK HEARTS THREE,0.6016,0.0078,0.3906
SPADES JACK DIAMONDS KING,0.2292,0.0894,0.6814
SPADES TEN CLUBS EIGHT,0.5596,0.0074,0.433
SPADES JACK CLUBS EIGHT,0.5694,0.0074,0.4232
SPADES TEN HEARTS THREE,0.598,0.0116,0.3904
SPADES TEN DIAMONDS KING,0.2292,0.1238,0.647
CLUBS SIX HEARTS ACE,0.3606,0.0042,0.6352
SPADES ACE CLUBS EIGHT,0.3618,0.0048,0.6334
HEARTS FIVE CLUBS JACK,0.5946,0.0064,0.399
HEARTS FIVE CLUBS TEN,0.5948,0.007,0.3982
CLUBS SIX HEARTS QUEEN,0.5796,0.0064,0.414
SPADES QUEEN CLUBS EIGHT,0.5924,0.006,0.4016
CLUBS TEN SPADES THREE,0.6132,0.0092,0.3776
CLUBS SIX HEARTS KING,0.2268,0.382,0.3912
SPADES THREE CLUBS JACK,0.6056,0.0092,0.3852
SPADES THREE CLUBS QUEEN,0.6062,0.0112,0.3826
SPADES THREE CLUBS KING,0.213,0.5336,0.2534
HEARTS FIVE CLUBS ACE,0.3392,0.0038,0.657
SPADES FIVE HEARTS TEN,0.5934,0.0078,0.3988
SPADES THREE CLUBS ACE,0.351,0.004,0.645
HEARTS FIVE CLUBS KING,0.2168,0.472,0.3112
SPADES FIVE HEARTS JACK,0.5954,0.009,0.3956
HEARTS FIVE CLUBS QUEEN,0.5992,0.0088,0.392
HEARTS THREE CLUBS KING,0.2246,0.5056,0.2698
DIAMONDS KING CLUBS KING,0.06,0.0162,0.9238
HEARTS THREE CLUBS QUEEN,0.6004,0.0098,0.3898
DIAMONDS KING CLUBS QUEEN,0.2398,0.0606,0.6996
HEARTS FIVE HEARTS JACK,0.5642,0.0086,0.4272
HEARTS FIVE HEARTS TEN,0.5526,0.0096,0.4378
HEARTS THREE CLUBS ACE,0.341,0.0052,0.6538
DIAMONDS KING CLUBS ACE,0.2142,0.0136,0.7722
SPADES ACE CLUBS QUEEN,0.3266,0.0052,0.6682
HEARTS THREE CLUBS JACK,0.593,0.0064,0.4006
DIAMONDS KING CLUBS JACK,0.2276,0.0848,0.6876
SPADES QUEEN CLUBS QUEEN,0.2782,0.0044,0.7174
CLUBS TEN HEARTS THREE,0.5874,0.0088,0.4038
CLUBS TEN DIAMONDS KING,0.2182,0.1214,0.6604
SPADES JACK CLUBS QUEEN,0.5632,0.0082,0.4286
CLUBS SIX CLUBS QUEEN,0.5574,0.0074,0.4352
SPADES TEN CLUBS QUEEN,0.5558,0.0068,0.4374
CLUBS SIX CLUBS KING,0.212,0.354,0.434
CLUBS SIX CLUBS ACE,0.3444,0.0052,0.6504
HEARTS FIVE HEARTS KING,0.2038,0.4412,0.355
HEARTS FIVE HEARTS QUEEN,0.5428,0.0046,0.4526
CLUBS TEN CLUBS SIX,0.5248,0.0068,0.4684
HEARTS FIVE HEARTS ACE,0.323,0.0046,0.6724
CLUBS SIX CLUBS JACK,0.5504,0.009,0.4406
SPADES SEVEN HEARTS JACK,0.572,0.0084,0.4196
SPADES SEVEN HEARTS TEN,0.5628,0.0076,0.4296
SPADES SEVEN HEARTS ACE,0.376,0.0044,0.6196
SPADES SEVEN HEARTS KING,0.2268,0.31,0.4632
SPADES SEVEN HEARTS QUEEN,0.595,0.0096,0.3954
CLUBS FOUR SPADES FIVE,0.5594,0.0112,0.4294
CLUBS FOUR SPADES FOUR,0.3462,0.0204,0.6334
CLUBS FOUR SPADES THREE,0.5896,0.0106,0.3998
CLUBS FOUR SPADES TWO,0.708,0.0292,0.2628
SPADES NINE CLUBS FOUR,0.6232,0.007,0.3698
SPADES EIGHT CLUBS FOUR,0.6062,0.007,0.3868
SPADES SEVEN CLUBS FOUR,0.5658,0.0108,0.4234
SPADES SIX CLUBS FOUR,0.5814,0.009,0.4096
SPADES ACE DIAMONDS SIX,0.352,0.0056,0.6424
SPADES QUEEN DIAMONDS SIX,0.6002,0.0114,0.3884
SPADES TEN DIAMONDS SIX,0.5846,0.0094,0.406
SPADES JACK DIAMONDS SIX,0.5908,0.0092,0.4
SPADES QUEEN SPADES TWO,0.7114,0.0284,0.2602
SPADES ACE SPADES TWO,0.2276,0.016,0.7564
DIAMONDS JACK CLUBS JACK,0.284,0.0066,0.7094
CLUBS TEN DIAMONDS JACK,0.543,0.0066,0.4504
DIAMONDS JACK CLUBS KING,0.223,0.0854,0.6916
DIAMONDS JACK CLUBS QUEEN,0.5456,0.0078,0.4466
DIAMONDS THREE DIAMONDS JACK,0.5716,0.0104,0.418
DIAMONDS THREE DIAMONDS TEN,0.5664,0.0084,0.4252
DIAMONDS JACK CLUBS ACE,0.3358,0.0046,0.6596
DIAMONDS THREE DIAMONDS KING,0.2148,0.497,0.2882
DIAMONDS THREE HEARTS THREE,0.347,0.0198,0.6332
DIAMONDS THREE DIAMONDS QUEEN,0.5656,0.0086,0.4258
DIAMONDS THREE HEARTS TWO,0.722,0.027,0.251
HEARTS FIVE DIAMONDS THREE,0.575,0.0118,0.4132
DIAMONDS THREE DIAMONDS ACE,0.327,0.0062,0.6668
HEARTS FOUR DIAMONDS THREE,0.5614,0.0084,0.4302
HEARTS SEVEN DIAMONDS THREE,0.5734,0.0102,0.4164
SPADES TEN SPADES NINE,0.5142,0.008,0.4778
DIAMONDS THREE HEARTS SIX,0.5766,0.0076,0.4158
SPADES JACK SPADES NINE,0.5326,0.0066,0.4608
DIAMONDS THREE HEARTS NINE,0.5932,0.0082,0.3986
DIAMONDS FOUR HEARTS JACK,0.6056,0.0088,0.3856
HEARTS ACE HEARTS KING,0.2078,0.0134,0.7788
SPADES TEN SPADES TWO,0.7018,0.0252,0.273
DIAMONDS THREE HEARTS EIGHT,0.5986,0.0096,0.3918
DIAMONDS FOUR HEARTS TEN,0.6042,0.0096,0.3862
SPADES JACK SPADES TWO,0.7036,0.026,0.2704
DIAMONDS FOUR HEARTS QUEEN,0.5946,0.0086,0.3968
DIAMONDS FOUR HEARTS KING,0.2114,0.5102,0.2784
SPADES ACE SPADES NINE,0.3266,0.0064,0.667
DIAMONDS FOUR HEARTS ACE,0.335,0.0052,0.6598
SPADES QUEEN SPADES NINE,0.54,0.0076,0.4524
DIAMONDS THREE SPADES NINE,0.5956,0.0088,0.3956
DIAMONDS THREE SPADES EIGHT,0.6044,0.0102,0.3854
DIAMONDS THREE SPADES SEVEN,0.5754,0.0112,0.4134
DIAMONDS THREE SPADES SIX,0.5826,0.0106,0.4068
DIAMONDS THREE CLUBS SIX,0.5832,0.0114,0.4054
CLUBS FIVE CLUBS SIX,0.5322,0.0102,0.4576
DIAMONDS FOUR CLUBS ACE,0.3294,0.0046,0.666
CLUBS SEVEN DIAMONDS THREE,0.5914,0.0082,0.4004
CLUBS SEVEN CLUBS FIVE,0.5238,0.0072,0.469
DIAMONDS THREE CLUBS FOUR,0.5842,0.0092,0.4066
DIAMONDS FOUR CLUBS QUEEN,0.5976,0.0104,0.392
DIAMONDS THREE CLUBS FIVE,0.5792,0.0112,0.4096
DIAMONDS FOUR CLUBS KING,0.2172,0.5176,0.2652
DIAMONDS THREE CLUBS TWO,0.712,0.0298,0.2582
CLUBS TEN DIAMONDS FOUR,0.583,0.0084,0.4086
DIAMONDS THREE CLUBS THREE,0.3476,0.0212,0.6312
DIAMONDS FOUR CLUBS JACK,0.5872,0.008,0.4048
DIAMONDS THREE SPADES FOUR,0.5744,0.0102,0.4154
DIAMONDS THREE SPADES FIVE,0.5632,0.0102,0.4266
DIAMONDS THREE SPADES TWO,0.7218,0.0276,0.2506
DIAMONDS THREE SPADES THREE,0.3362,0.0226,0.6412
DIAMONDS THREE CLUBS EIGHT,0.6108,0.0116,0.3776
CLUBS NINE DIAMONDS THREE,0.5936,0.0078,0.3986
SPADES SEVEN CLUBS ACE,0.347,0.0048,0.6482
SPADES SEVEN CLUBS QUEEN,0.595,0.0088,0.3962
SPADES SEVEN CLUBS KING,0.2312,0.3064,0.4624
CLUBS FIVE SPADES SEVEN,0.5546,0.0086,0.4368
CLUBS TEN SPADES SEVEN,0.5738,0.007,0.4192
CLUBS FIVE SPADES SIX,0.5666,0.0074,0.426
SPADES SEVEN CLUBS JACK,0.5914,0.0076,0.401
SPADES NINE CLUBS FIVE,0.5794,0.0086,0.412
CLUBS FIVE SPADES EIGHT,0.5888,0.0102,0.401
CLUBS FIVE SPADES THREE,0.59,0.0102,0.3998
CLUBS FIVE SPADES TWO,0.7004,0.0298,0.2698
CLUBS FIVE SPADES FIVE,0.3282,0.0198,0.652
CLUBS FIVE SPADES FOUR,0.5694,0.0144,0.4162
CLUBS NINE CLUBS FIVE,0.553,0.0084,0.4386
CLUBS EIGHT CLUBS FIVE,0.5368,0.0082,0.455
CLUBS ACE CLUBS QUEEN,0.2994,0.0058,0.6948
CLUBS KING CLUBS QUEEN,0.2234,0.0654,0.7112
DIAMONDS FOUR DIAMONDS TEN,0.5572,0.0086,0.4342
CLUBS TEN DIAMONDS NINE,0.5448,0.0058,0.4494
DIAMONDS FOUR DIAMONDS JACK,0.5686,0.0072,0.4242
DIAMONDS NINE CLUBS JACK,0.5548,0.0086,0.4366
SPADES NINE CLUBS JACK,0.5542,0.0064,0.4394
CLUBS TEN SPADES NINE,0.5488,0.0054,0.4458
DIAMONDS FOUR DIAMONDS ACE,0.3236,0.0066,0.6698
HEARTS FOUR DIAMONDS FOUR,0.3438,0.021,0.6352
DIAMONDS JACK HEARTS TEN,0.5602,0.007,0.4328
SPADES NINE CLUBS KING,0.236,0.1628,0.6012
DIAMONDS NINE CLUBS ACE,0.3488,0.0034,0.6478
HEARTS FIVE DIAMONDS FOUR,0.5488,0.009,0.4422
DIAMONDS JACK HEARTS JACK,0.2772,0.0074,0.7154
SPADES NINE CLUBS QUEEN,0.576,0.0072,0.4168
DIAMONDS FOUR DIAMONDS QUEEN,0.5692,0.01,0.4208
DIAMONDS FOUR HEARTS TWO,0.7004,0.0304,0.2692
DIAMONDS NINE CLUBS QUEEN,0.554,0.007,0.439
DIAMONDS FOUR DIAMONDS KING,0.2056,0.4942,0.3002
DIAMONDS FOUR HEARTS THREE,0.572,0.0096,0.4184
SPADES NINE CLUBS ACE,0.3586,0.0042,0.6372
DIAMONDS NINE CLUBS KING,0.227,0.1708,0.6022
HEARTS ACE DIAMONDS JACK,0.3434,0.0048,0.6518
HEARTS QUEEN DIAMONDS JACK,0.5578,0.005,0.4372
HEARTS KING DIAMONDS JACK,0.2228,0.0918,0.6854
SPADES JACK SPADES SEVEN,0.5596,0.0086,0.4318
SPADES TEN SPADES SEVEN,0.5334,0.011,0.4556
CLUBS SEVEN CLUBS THREE,0.5442,0.0074,0.4484
CLUBS SIX CLUBS THREE,0.5544,0.0102,0.4354
CLUBS FIVE CLUBS THREE,0.5316,0.0108,0.4576
CLUBS THREE CLUBS FOUR,0.5304,0.0088,0.4608
CLUBS NINE CLUBS THREE,0.558,0.0096,0.4324
CLUBS EIGHT CLUBS THREE,0.564,0.008,0.428
CLUBS THREE SPADES FIVE,0.5812,0.0104,0.4084
CLUBS THREE SPADES FOUR,0.5876,0.0104,0.402
CLUBS THREE SPADES THREE,0.3394,0.0192,0.6414
CLUBS THREE SPADES TWO,0.7212,0.0312,0.2476
CLUBS THREE SPADES SIX,0.583,0.0116,0.4054
SPADES SEVEN CLUBS THREE,0.5984,0.01,0.3916
SPADES EIGHT CLUBS THREE,0.5934,0.0104,0.3962
SPADES NINE CLUBS THREE,0.6078,0.0088,0.3834
DIAMONDS FOUR SPADES TWO,0.7146,0.025,0.2604
DIAMONDS FOUR SPADES THREE,0.599,0.009,0.392
DIAMONDS FOUR SPADES FOUR,0.3314,0.0224,0.6462
DIAMONDS FOUR SPADES FIVE,0.5636,0.0118,0.4246
DIAMONDS FOUR SPADES SIX,0.5648,0.0074,0.4278
DIAMONDS FOUR SPADES SEVEN,0.566,0.008,0.426
DIAMONDS FOUR SPADES EIGHT,0.5964,0.0078,0.3958
DIAMONDS FOUR SPADES NINE,0.5974,0.0074,0.3952
DIAMONDS FOUR CLUBS FIVE,0.5626,0.0102,0.4272
DIAMONDS FOUR CLUBS FOUR,0.3416,0.0214,0.637
CLUBS SEVEN DIAMONDS FOUR,0.5788,0.0086,0.4126
DIAMONDS FOUR CLUBS SIX,0.5684,0.0094,0.4222
CLUBS NINE DIAMONDS FOUR,0.594,0.0086,0.3974
CLUBS EIGHT DIAMONDS FOUR,0.5874,0.0088,0.4038
HEARTS SEVEN DIAMONDS FOUR,0.5726,0.0082,0.4192
HEARTS SIX DIAMONDS FOUR,0.5738,0.0106,0.4156
DIAMONDS FOUR HEARTS NINE,0.6038,0.0076,0.3886
DIAMONDS FOUR HEARTS EIGHT,0.5898,0.0096,0.4006
DIAMONDS FOUR CLUBS THREE,0.5824,0.009,0.4086
DIAMONDS FOUR CLUBS TWO,0.7084,0.0266,0.265
DIAMONDS TEN DIAMONDS FIVE,0.5608,0.0042,0.435
DIAMONDS JACK DIAMONDS FIVE,0.559,0.0074,0.4336
DIAMONDS NINE HEARTS QUEEN,0.5602,0.0088,0.431
DIAMONDS NINE HEARTS KING,0.2242,0.1752,0.6006
HEARTS ACE DIAMONDS NINE,0.3608,0.004,0.6352
DIAMONDS NINE HEARTS TEN,0.5486,0.0062,0.4452
DIAMONDS NINE HEARTS JACK,0.5352,0.0074,0.4574
DIAMONDS SIX CLUBS KING,0.208,0.3864,0.4056
DIAMONDS SIX CLUBS QUEEN,0.5882,0.0104,0.4014
CLUBS ACE DIAMONDS SIX,0.3474,0.005,0.6476
SPADES ACE SPADES SEVEN,0.3364,0.005,0.6586
SPADES QUEEN DIAMONDS FOUR,0.6126,0.0068,0.3806
SPADES QUEEN SPADES SEVEN,0.5772,0.0084,0.4144
DIAMONDS SIX CLUBS JACK,0.5882,0.0084,0.4034
SPADES ACE DIAMONDS FOUR,0.328,0.0054,0.6666
CLUBS TEN DIAMONDS SIX,0.575,0.0082,0.4168
CLUBS NINE CLUBS FOUR,0.552,0.0088,0.4392
CLUBS EIGHT CLUBS FOUR,0.557,0.0076,0.4354
SPADES JACK DIAMONDS FOUR,0.5966,0.009,0.3944
SPADES TEN DIAMONDS FOUR,0.5934,0.0086,0.398
CLUBS FIVE CLUBS FOUR,0.524,0.0116,0.4644
CLUBS SEVEN CLUBS FOUR,0.5348,0.0074,0.4578
CLUBS SIX CLUBS FOUR,0.5396,0.0094,0.451
CLUBS SEVEN SPADES EIGHT,0.5538,0.0062,0.44
CLUBS SEVEN SPADES NINE,0.561,0.0078,0.4312
CLUBS SEVEN SPADES SIX,0.5424,0.0076,0.45
CLUBS SEVEN SPADES SEVEN,0.335,0.014,0.651
CLUBS SEVEN SPADES FIVE,0.556,0.0058,0.4382
CLUBS SEVEN SPADES FOUR,0.5736,0.0094,0.417
CLUBS SEVEN SPADES THREE,0.5816,0.0102,0.4082
CLUBS SEVEN SPADES TWO,0.745,0.022,0.233
CLUBS NINE CLUBS SEVEN,0.5296,0.009,0.4614
CLUBS SEVEN CLUBS EIGHT,0.517,0.0104,0.4726
HEARTS SIX DIAMONDS FIVE,0.5508,0.0094,0.4398
HEARTS SEVEN DIAMONDS FIVE,0.5542,0.0086,0.4372
DIAMONDS FIVE HEARTS EIGHT,0.5712,0.009,0.4198
DIAMONDS FIVE HEARTS NINE,0.5818,0.0096,0.4086
DIAMONDS QUEEN DIAMONDS FIVE,0.5636,0.0088,0.4276
HEARTS TWO DIAMONDS FIVE,0.7034,0.0306,0.266
HEARTS KING HEARTS EIGHT,0.2208,0.226,0.5532
DIAMONDS KING DIAMONDS FIVE,0.2066,0.4474,0.346
HEARTS THREE DIAMONDS FIVE,0.5802,0.0086,0.4112
HEARTS QUEEN HEARTS EIGHT,0.5376,0.0072,0.4552
DIAMONDS ACE DIAMONDS FIVE,0.3308,0.0048,0.6644
HEARTS FOUR DIAMONDS FIVE,0.5458,0.0104,0.4438
HEARTS FIVE DIAMONDS FIVE,0.3378,0.0194,0.6428
HEARTS ACE HEARTS EIGHT,0.3428,0.0044,0.6528
CLUBS FOUR DIAMONDS FIVE,0.5578,0.013,0.4292
CLUBS FIVE DIAMONDS FIVE,0.3426,0.019,0.6384
CLUBS SIX DIAMONDS FIVE,0.552,0.0074,0.4406
CLUBS SEVEN DIAMONDS FIVE,0.5592,0.0076,0.4332
CLUBS TWO DIAMONDS FIVE,0.7018,0.034,0.2642
CLUBS THREE DIAMONDS FIVE,0.5742,0.0102,0.4156
SPADES THREE DIAMONDS FIVE,0.584,0.0074,0.4086
SPADES TWO DIAMONDS FIVE,0.7138,0.028,0.2582
SPADES JACK DIAMONDS EIGHT,0.5742,0.0076,0.4182
SPADES FIVE DIAMONDS FIVE,0.3422,0.0182,0.6396
CLUBS TEN HEARTS JACK,0.5586,0.0074,0.434
SPADES TEN DIAMONDS EIGHT,0.5528,0.0072,0.44
SPADES FOUR DIAMONDS FIVE,0.556,0.0092,0.4348
HEARTS JACK CLUBS JACK,0.2856,0.0034,0.711
HEARTS JACK CLUBS QUEEN,0.554,0.0082,0.4378
CLUBS NINE DIAMONDS FIVE,0.592,0.0078,0.4002
CLUBS KING HEARTS JACK,0.2312,0.0884,0.6804
CLUBS EIGHT DIAMONDS FIVE,0.5616,0.009,0.4294
CLUBS ACE HEARTS JACK,0.3416,0.0048,0.6536
SPADES SEVEN DIAMONDS FIVE,0.5648,0.0104,0.4248
SPADES SIX DIAMONDS FIVE,0.5636,0.0104,0.426
SPADES QUEEN DIAMONDS EIGHT,0.5806,0.0094,0.41
SPADES NINE DIAMONDS FIVE,0.5996,0.0098,0.3906
SPADES EIGHT DIAMONDS FIVE,0.5922,0.0106,0.3972
SPADES ACE DIAMONDS EIGHT,0.344,0.0046,0.6514
DIAMONDS TEN DIAMONDS SIX,0.5576,0.0072,0.4352
HEARTS ACE DIAMONDS SEVEN,0.3638,0.006,0.6302
DIAMONDS JACK DIAMONDS SIX,0.5638,0.0074,0.4288
HEARTS QUEEN DIAMONDS SEVEN,0.5992,0.0062,0.3946
HEARTS KING DIAMONDS SEVEN,0.2278,0.2924,0.4798
DIAMONDS ACE DIAMONDS SIX,0.3436,0.0054,0.651
HEARTS FOUR DIAMONDS SIX,0.5582,0.0094,0.4324
SPADES TWO HEARTS JACK,0.7522,0.0246,0.2232
HEARTS FIVE DIAMONDS SIX,0.561,0.0074,0.4316
SPADES TWO HEARTS TEN,0.726,0.0336,0.2404
DIAMONDS QUEEN DIAMONDS SIX,0.5532,0.0066,0.4402
HEARTS TWO DIAMONDS SIX,0.7362,0.021,0.2428
DIAMONDS KING DIAMONDS SIX,0.2116,0.36,0.4284
HEARTS THREE DIAMONDS SIX,0.5884,0.0098,0.4018
DIAMONDS SIX HEARTS EIGHT,0.5726,0.0098,0.4176
DIAMONDS SIX HEARTS NINE,0.5656,0.0072,0.4272
HEARTS SIX DIAMONDS SIX,0.34,0.0154,0.6446
HEARTS SEVEN DIAMONDS SIX,0.5454,0.0064,0.4482
HEARTS TEN DIAMONDS SEVEN,0.565,0.0064,0.4286
CLUBS TWO DIAMONDS SIX,0.7186,0.0264,0.255
HEARTS JACK DIAMONDS SEVEN,0.5816,0.0084,0.41
CLUBS THREE DIAMONDS SIX,0.5908,0.008,0.4012
CLUBS SEVEN DIAMONDS SIX,0.5538,0.0076,0.4386
DIAMONDS EIGHT CLUBS JACK,0.565,0.0076,0.4274
CLUBS SIX DIAMONDS SIX,0.3352,0.0128,0.652
CLUBS TEN DIAMONDS EIGHT,0.5424,0.008,0.4496
CLUBS FIVE DIAMONDS SIX,0.5608,0.0078,0.4314
CLUBS FOUR DIAMONDS SIX,0.5688,0.007,0.4242
HEARTS ACE HEARTS JACK,0.3272,0.0062,0.6666
CLUBS ACE DIAMONDS EIGHT,0.3546,0.0048,0.6406
HEARTS QUEEN HEARTS JACK,0.5244,0.0084,0.4672
CLUBS KING DIAMONDS EIGHT,0.2294,0.236,0.5346
CLUBS NINE DIAMONDS SIX,0.5668,0.0086,0.4246
HEARTS KING HEARTS JACK,0.215,0.0854,0.6996
CLUBS QUEEN DIAMONDS EIGHT,0.5724,0.0066,0.421
CLUBS EIGHT DIAMONDS SIX,0.5646,0.0082,0.4272
SPADES TEN HEARTS KING,0.2308,0.1196,0.6496
SPADES FIVE DIAMONDS SIX,0.5512,0.0112,0.4376
HEARTS ACE SPADES TWO,0.2282,0.0166,0.7552
SPADES JACK HEARTS KING,0.225,0.091,0.684
SPADES FOUR DIAMONDS SIX,0.562,0.0086,0.4294
SPADES THREE DIAMONDS SIX,0.5786,0.0114,0.41
HEARTS QUEEN SPADES TWO,0.74,0.0318,0.2282
SPADES TWO HEARTS KING,0.0162,0.9728,0.011
SPADES TWO DIAMONDS SIX,0.7254,0.0262,0.2484
HEARTS TEN HEARTS EIGHT,0.5282,0.0086,0.4632
SPADES NINE DIAMONDS SIX,0.5764,0.0086,0.415
HEARTS JACK HEARTS EIGHT,0.5296,0.0068,0.4636
SPADES EIGHT DIAMONDS SIX,0.5674,0.0078,0.4248
SPADES SEVEN DIAMONDS SIX,0.555,0.0086,0.4364
SPADES SIX DIAMONDS SIX,0.3292,0.0144,0.6564
SPADES QUEEN HEARTS KING,0.2376,0.0656,0.6968
CLUBS ACE CLUBS KING,0.2142,0.0102,0.7756
SPADES ACE HEARTS KING,0.212,0.0136,0.7744
SPADES ACE HEARTS JACK,0.3416,0.0056,0.6528
SPADES QUEEN HEARTS JACK,0.5586,0.0072,0.4342
SPADES TEN DIAMONDS TEN,0.2774,0.0098,0.7128
SPADES JACK DIAMONDS TEN,0.535,0.0096,0.4554
SPADES ACE DIAMONDS TEN,0.3232,0.005,0.6718
SPADES JACK HEARTS JACK,0.282,0.0064,0.7116
SPADES TEN HEARTS JACK,0.5394,0.009,0.4516
SPADES QUEEN DIAMONDS TEN,0.5354,0.008,0.4566
SPADES NINE DIAMONDS SEVEN,0.56,0.009,0.431
SPADES EIGHT DIAMONDS SEVEN,0.5472,0.0084,0.4444
SPADES SEVEN DIAMONDS SEVEN,0.3106,0.015,0.6744
SPADES SIX DIAMONDS SEVEN,0.5454,0.0134,0.4412
DIAMONDS KING DIAMONDS SEVEN,0.2144,0.2872,0.4984
HEARTS THREE DIAMONDS SEVEN,0.589,0.012,0.399
HEARTS KING DIAMONDS FIVE,0.2232,0.4528,0.324
DIAMONDS QUEEN DIAMONDS SEVEN,0.5566,0.008,0.4354
HEARTS TWO DIAMONDS SEVEN,0.7296,0.0266,0.2438
HEARTS QUEEN DIAMONDS FIVE,0.5896,0.009,0.4014
HEARTS FIVE DIAMONDS SEVEN,0.557,0.0062,0.4368
DIAMONDS ACE DIAMONDS SEVEN,0.344,0.0056,0.6504
HEARTS FOUR DIAMONDS SEVEN,0.5666,0.0094,0.424
HEARTS ACE DIAMONDS FIVE,0.3184,0.0036,0.678
HEARTS SEVEN DIAMONDS SEVEN,0.3198,0.014,0.6662
HEARTS SIX DIAMONDS SEVEN,0.5464,0.0074,0.4462
HEARTS NINE DIAMONDS SEVEN,0.5558,0.0088,0.4354
HEARTS EIGHT DIAMONDS SEVEN,0.5526,0.008,0.4394
DIAMONDS JACK DIAMONDS SEVEN,0.5498,0.0076,0.4426
HEARTS JACK DIAMONDS FIVE,0.5908,0.0094,0.3998
DIAMONDS TEN DIAMONDS SEVEN,0.5372,0.0078,0.455
HEARTS TEN DIAMONDS FIVE,0.5862,0.0092,0.4046
HEARTS KING CLUBS KING,0.0668,0.016,0.9172
CLUBS EIGHT DIAMONDS SEVEN,0.5566,0.0068,0.4366
SPADES QUEEN CLUBS TWO,0.7386,0.0314,0.23
HEARTS KING CLUBS QUEEN,0.2344,0.0686,0.697
CLUBS NINE DIAMONDS SEVEN,0.5536,0.0098,0.4366
SPADES TWO CLUBS JACK,0.7562,0.0302,0.2136
SPADES ACE CLUBS TWO,0.2202,0.0192,0.7606
CLUBS TEN SPADES TWO,0.7406,0.0244,0.235
HEARTS KING CLUBS ACE,0.2226,0.0134,0.764
CLUBS SEVEN CLUBS SIX,0.512,0.0066,0.4814
SPADES TWO CLUBS KING,0.017,0.9706,0.0124
SPADES TWO DIAMONDS SEVEN,0.7344,0.0228,0.2428
CLUBS EIGHT CLUBS SIX,0.5178,0.0096,0.4726
SPADES THREE DIAMONDS SEVEN,0.6016,0.0126,0.3858
SPADES TWO CLUBS QUEEN,0.7346,0.0322,0.2332
CLUBS NINE CLUBS SIX,0.5268,0.0074,0.4658
SPADES FOUR DIAMONDS SEVEN,0.5692,0.0094,0.4214
HEARTS KING CLUBS JACK,0.2272,0.0934,0.6794
SPADES FIVE DIAMONDS SEVEN,0.5558,0.008,0.4362
SPADES TWO CLUBS ACE,0.228,0.0148,0.7572
CLUBS TEN HEARTS KING,0.2346,0.1202,0.6452
CLUBS SIX SPADES TWO,0.7274,0.025,0.2476
CLUBS SIX SPADES THREE,0.5914,0.0098,0.3988
CLUBS TWO DIAMONDS SEVEN,0.7346,0.0254,0.24
CLUBS SIX SPADES FOUR,0.5752,0.008,0.4168
CLUBS THREE DIAMONDS SEVEN,0.5928,0.012,0.3952
CLUBS SIX SPADES FIVE,0.5654,0.0108,0.4238
CLUBS FOUR DIAMONDS SEVEN,0.5706,0.0088,0.4206
CLUBS SIX SPADES SIX,0.3386,0.0158,0.6456
CLUBS FIVE DIAMONDS SEVEN,0.5524,0.007,0.4406
CLUBS SIX SPADES SEVEN,0.5518,0.0106,0.4376
CLUBS SIX DIAMONDS SEVEN,0.5452,0.0094,0.4454
SPADES EIGHT CLUBS SIX,0.5688,0.0084,0.4228
SPADES JACK CLUBS TWO,0.739,0.03,0.231
CLUBS SEVEN DIAMONDS SEVEN,0.3292,0.013,0.6578
SPADES NINE CLUBS SIX,0.5866,0.0086,0.4048
SPADES TEN CLUBS TWO,0.736,0.0294,0.2346
CLUBS TWO CLUBS QUEEN,0.6916,0.0274,0.281
CLUBS TWO CLUBS KING,0.0202,0.9048,0.075
CLUBS THREE DIAMONDS EIGHT,0.5956,0.009,0.3954
CLUBS TWO CLUBS ACE,0.2166,0.02,0.7634
CLUBS TWO DIAMONDS EIGHT,0.7194,0.0266,0.254
HEARTS SEVEN DIAMONDS EIGHT,0.5436,0.0068,0.4496
HEARTS SIX DIAMONDS EIGHT,0.5626,0.0086,0.4288
DIAMONDS EIGHT HEARTS NINE,0.5468,0.0074,0.4458
CLUBS TEN CLUBS TWO,0.6882,0.028,0.2838
HEARTS EIGHT DIAMONDS EIGHT,0.3204,0.0112,0.6684
CLUBS TWO CLUBS JACK,0.6858,0.0324,0.2818
CLUBS NINE DIAMONDS EIGHT,0.5448,0.0066,0.4486
CLUBS EIGHT DIAMONDS EIGHT,0.3254,0.0122,0.6624
CLUBS FIVE DIAMONDS EIGHT,0.5684,0.0098,0.4218
SPADES ACE SPADES THREE,0.3344,0.006,0.6596
CLUBS FOUR DIAMONDS EIGHT,0.5972,0.0094,0.3934
CLUBS SEVEN DIAMONDS EIGHT,0.5394,0.0088,0.4518
SPADES QUEEN SPADES THREE,0.5818,0.0126,0.4056
CLUBS SIX DIAMONDS EIGHT,0.5608,0.0098,0.4294
DIAMONDS QUEEN DIAMONDS EIGHT,0.5516,0.007,0.4414
HEARTS TWO DIAMONDS EIGHT,0.7262,0.0318,0.242
DIAMONDS KING DIAMONDS EIGHT,0.223,0.2116,0.5654
HEARTS THREE DIAMONDS EIGHT,0.6052,0.0096,0.3852
DIAMONDS ACE DIAMONDS EIGHT,0.3382,0.0052,0.6566
HEARTS FOUR DIAMONDS EIGHT,0.582,0.0086,0.4094
HEARTS FIVE DIAMONDS EIGHT,0.5758,0.008,0.4162
DIAMONDS TEN DIAMONDS EIGHT,0.5314,0.0076,0.461
DIAMONDS JACK DIAMONDS EIGHT,0.5444,0.0074,0.4482
SPADES JACK SPADES THREE,0.5678,0.0078,0.4244
SPADES TEN SPADES THREE,0.5772,0.0088,0.414
CLUBS FOUR HEARTS ACE,0.3496,0.006,0.6444
CLUBS FOUR HEARTS QUEEN,0.5876,0.0098,0.4026
CLUBS FOUR HEARTS KING,0.208,0.5186,0.2734
CLUBS SIX HEARTS TEN,0.584,0.008,0.408
CLUBS SIX HEARTS JACK,0.5966,0.006,0.3974
SPADES FOUR DIAMONDS EIGHT,0.6038,0.0086,0.3876
SPADES FIVE DIAMONDS EIGHT,0.568,0.0088,0.4232
SPADES TWO DIAMONDS EIGHT,0.7292,0.027,0.2438
SPADES THREE DIAMONDS EIGHT,0.6072,0.0068,0.386
CLUBS FOUR HEARTS JACK,0.5916,0.0092,0.3992
SPADES EIGHT DIAMONDS EIGHT,0.332,0.0142,0.6538
SPADES JACK HEARTS EIGHT,0.5682,0.0062,0.4256
SPADES TEN HEARTS TWO,0.732,0.035,0.233
SPADES TEN DIAMONDS QUEEN,0.5516,0.0082,0.4402
CLUBS FOUR HEARTS TEN,0.59,0.0064,0.4036
SPADES NINE DIAMONDS EIGHT,0.5546,0.0084,0.437
SPADES JACK HEARTS TWO,0.7282,0.0304,0.2414
SPADES JACK DIAMONDS QUEEN,0.5598,0.0064,0.4338
SPADES TEN HEARTS EIGHT,0.5712,0.0072,0.4216
SPADES SIX DIAMONDS EIGHT,0.5708,0.008,0.4212
SPADES SEVEN DIAMONDS EIGHT,0.5494,0.0082,0.4424
SPADES ACE HEARTS TWO,0.2358,0.0162,0.748
SPADES ACE DIAMONDS QUEEN,0.341,0.0056,0.6534
SPADES ACE HEARTS EIGHT,0.3546,0.0048,0.6406
SPADES QUEEN DIAMONDS QUEEN,0.2714,0.0052,0.7234
SPADES QUEEN HEARTS TWO,0.7366,0.0292,0.2342
SPADES QUEEN HEARTS EIGHT,0.5774,0.0088,0.4138
CLUBS TWO HEARTS TEN,0.7306,0.0272,0.2422
CLUBS TWO HEARTS JACK,0.7212,0.0288,0.25
SPADES SEVEN DIAMONDS NINE,0.5518,0.0112,0.437
SPADES SIX DIAMONDS NINE,0.566,0.0084,0.4256
SPADES NINE DIAMONDS NINE,0.2974,0.0106,0.692
SPADES EIGHT DIAMONDS NINE,0.5452,0.0064,0.4484
SPADES TEN CLUBS KING,0.234,0.1188,0.6472
DIAMONDS NINE SPADES THREE,0.5886,0.0086,0.4028
SPADES JACK CLUBS KING,0.2368,0.083,0.6802
DIAMONDS NINE SPADES TWO,0.7336,0.03,0.2364
SPADES FIVE DIAMONDS NINE,0.5902,0.008,0.4018
SPADES FOUR DIAMONDS NINE,0.5858,0.0066,0.4076
CLUBS NINE DIAMONDS NINE,0.289,0.01,0.701
CLUBS EIGHT DIAMONDS NINE,0.549,0.006,0.445
CLUBS SIX DIAMONDS NINE,0.5698,0.0104,0.4198
SPADES JACK CLUBS FOUR,0.6042,0.0098,0.386
CLUBS SEVEN DIAMONDS NINE,0.563,0.0084,0.4286
SPADES TEN CLUBS FOUR,0.5982,0.0088,0.393
CLUBS FOUR DIAMONDS NINE,0.6022,0.0094,0.3884
CLUBS FIVE DIAMONDS NINE,0.5838,0.0098,0.4064
CLUBS TWO DIAMONDS NINE,0.7228,0.0284,0.2488
CLUBS THREE DIAMONDS NINE,0.5968,0.0106,0.3926
DIAMONDS NINE HEARTS EIGHT,0.5562,0.0048,0.439
DIAMONDS NINE HEARTS NINE,0.2974,0.01,0.6926
HEARTS SIX DIAMONDS NINE,0.5566,0.009,0.4344
HEARTS SEVEN DIAMONDS NINE,0.554,0.0056,0.4404
CLUBS NINE CLUBS EIGHT,0.5078,0.0054,0.4868
DIAMONDS ACE DIAMONDS NINE,0.341,0.006,0.653
HEARTS FOUR DIAMONDS NINE,0.5948,0.01,0.3952
HEARTS FIVE DIAMONDS NINE,0.5834,0.0094,0.4072
HEARTS ACE CLUBS TWO,0.2292,0.0166,0.7542
SPADES ACE CLUBS FOUR,0.3418,0.0066,0.6516
DIAMONDS NINE DIAMONDS QUEEN,0.521,0.0084,0.4706
HEARTS TWO DIAMONDS NINE,0.7242,0.0294,0.2464
CLUBS TWO HEARTS KING,0.0266,0.9512,0.0222
DIAMONDS KING DIAMONDS NINE,0.209,0.1608,0.6302
HEARTS THREE DIAMONDS NINE,0.5942,0.0094,0.3964
CLUBS TWO HEARTS QUEEN,0.7284,0.0262,0.2454
SPADES QUEEN CLUBS FOUR,0.5952,0.0082,0.3966
DIAMONDS NINE DIAMONDS JACK,0.5154,0.01,0.4746
CLUBS EIGHT SPADES NINE,0.5532,0.0084,0.4384
DIAMONDS TEN DIAMONDS NINE,0.5246,0.0062,0.4692
CLUBS EIGHT SPADES EIGHT,0.3184,0.011,0.6706
CLUBS EIGHT SPADES SEVEN,0.5392,0.0088,0.452
CLUBS EIGHT SPADES SIX,0.5624,0.0084,0.4292
CLUBS EIGHT SPADES FIVE,0.582,0.0108,0.4072
CLUBS EIGHT SPADES FOUR,0.595,0.0092,0.3958
CLUBS EIGHT SPADES THREE,0.608,0.009,0.383
CLUBS EIGHT SPADES TWO,0.7252,0.0308,0.244
HEARTS SIX DIAMONDS TEN,0.5792,0.0078,0.413
HEARTS SEVEN DIAMONDS TEN,0.5618,0.0084,0.4298
DIAMONDS TEN HEARTS EIGHT,0.551,0.0082,0.4408
CLUBS FOUR CLUBS JACK,0.5574,0.0064,0.4362
DIAMONDS TEN HEARTS NINE,0.5388,0.0064,0.4548
CLUBS TEN CLUBS FOUR,0.5488,0.0064,0.4448
CLUBS FOUR CLUBS KING,0.208,0.4828,0.3092
CLUBS FOUR CLUBS QUEEN,0.5598,0.0086,0.4316
DIAMONDS TEN CLUBS TWO,0.714,0.034,0.252
CLUBS THREE DIAMONDS TEN,0.602,0.0106,0.3874
CLUBS FOUR CLUBS ACE,0.336,0.0048,0.6592
DIAMONDS TEN DIAMONDS JACK,0.5202,0.0082,0.4716
DIAMONDS TEN DIAMONDS QUEEN,0.525,0.0066,0.4684
HEARTS TWO DIAMONDS TEN,0.7204,0.0286,0.251
DIAMONDS KING DIAMONDS TEN,0.2298,0.1056,0.6646
HEARTS THREE DIAMONDS TEN,0.5936,0.0084,0.398
DIAMONDS ACE DIAMONDS TEN,0.3224,0.0052,0.6724
HEARTS FOUR DIAMONDS TEN,0.5888,0.0084,0.4028
CLUBS EIGHT HEARTS JACK,0.574,0.008,0.418
HEARTS FIVE DIAMONDS TEN,0.5868,0.0088,0.4044
CLUBS EIGHT HEARTS TEN,0.5434,0.0108,0.4458
CLUBS EIGHT HEARTS QUEEN,0.5786,0.0096,0.4118
CLUBS EIGHT HEARTS KING,0.236,0.2276,0.5364
CLUBS EIGHT HEARTS ACE,0.366,0.004,0.63
CLUBS NINE SPADES THREE,0.6104,0.0102,0.3794
CLUBS NINE SPADES TWO,0.7324,0.0304,0.2372
CLUBS NINE SPADES FIVE,0.5878,0.0078,0.4044
CLUBS NINE SPADES FOUR,0.6032,0.0112,0.3856
CLUBS NINE SPADES SEVEN,0.5586,0.008,0.4334
CLUBS NINE SPADES SIX,0.5858,0.0064,0.4078
CLUBS NINE SPADES NINE,0.3046,0.0126,0.6828
CLUBS TEN HEARTS EIGHT,0.5542,0.0072,0.4386
CLUBS NINE SPADES EIGHT,0.5458,0.008,0.4462
HEARTS EIGHT CLUBS JACK,0.5716,0.006,0.4224
CLUBS QUEEN HEARTS EIGHT,0.5696,0.0054,0.425
CLUBS KING HEARTS EIGHT,0.2332,0.2212,0.5456
CLUBS ACE HEARTS EIGHT,0.3562,0.0046,0.6392
SPADES QUEEN CLUBS KING,0.2394,0.061,0.6996
SPADES ACE CLUBS KING,0.2168,0.0158,0.7674
DIAMONDS ACE HEARTS TEN,0.3298,0.0046,0.6656
HEARTS FOUR HEARTS TEN,0.559,0.0088,0.4322
DIAMONDS ACE HEARTS JACK,0.343,0.0036,0.6534
HEARTS FOUR HEARTS JACK,0.552,0.006,0.442
SPADES QUEEN CLUBS FIVE,0.5974,0.0088,0.3938
SPADES ACE CLUBS FIVE,0.3492,0.0036,0.6472
HEARTS SEVEN DIAMONDS JACK,0.5702,0.0082,0.4216
HEARTS SIX DIAMONDS JACK,0.595,0.0068,0.3982
DIAMONDS JACK HEARTS NINE,0.5522,0.0064,0.4414
DIAMONDS JACK HEARTS EIGHT,0.5672,0.005,0.4278
DIAMONDS KING DIAMONDS JACK,0.2168,0.0806,0.7026
HEARTS THREE DIAMONDS JACK,0.5916,0.0094,0.399
SPADES ACE SPADES SIX,0.3308,0.0074,0.6618
HEARTS ACE SPADES FOUR,0.3488,0.0056,0.6456
DIAMONDS QUEEN DIAMONDS JACK,0.5234,0.0106,0.466
HEARTS TWO DIAMONDS JACK,0.7308,0.0278,0.2414
HEARTS FIVE DIAMONDS JACK,0.603,0.007,0.39
SPADES QUEEN SPADES SIX,0.5696,0.0068,0.4236
SPADES FOUR HEARTS QUEEN,0.611,0.008,0.381
DIAMONDS ACE DIAMONDS JACK,0.3266,0.006,0.6674
HEARTS FOUR DIAMONDS JACK,0.5964,0.009,0.3946
SPADES FOUR HEARTS KING,0.2196,0.518,0.2624
SPADES TEN SPADES SIX,0.5652,0.0066,0.4282
SPADES JACK SPADES SIX,0.567,0.0094,0.4236
SPADES FOUR DIAMONDS JACK,0.6052,0.0082,0.3866
SPADES FIVE DIAMONDS JACK,0.5864,0.0104,0.4032
SPADES TWO DIAMONDS JACK,0.7468,0.0272,0.226
SPADES THREE DIAMONDS JACK,0.5956,0.007,0.3974
SPADES ACE DIAMONDS THREE,0.333,0.0056,0.6614
SPADES QUEEN DIAMONDS THREE,0.601,0.0088,0.3902
CLUBS EIGHT DIAMONDS JACK,0.5562,0.0082,0.4356
CLUBS NINE DIAMONDS JACK,0.5574,0.0068,0.4358
CLUBS SIX DIAMONDS JACK,0.5932,0.0072,0.3996
CLUBS SEVEN DIAMONDS JACK,0.579,0.008,0.413
CLUBS FOUR DIAMONDS JACK,0.5812,0.0096,0.4092
CLUBS FIVE DIAMONDS JACK,0.5794,0.0076,0.413
CLUBS TWO DIAMONDS JACK,0.7282,0.0266,0.2452
CLUBS THREE DIAMONDS JACK,0.5934,0.008,0.3986
SPADES JACK HEARTS SIX,0.5934,0.0064,0.4002
SPADES TEN CLUBS FIVE,0.5984,0.0076,0.394
SPADES JACK CLUBS FIVE,0.5994,0.0084,0.3922
SPADES TEN HEARTS SIX,0.587,0.0056,0.4074
SPADES JACK DIAMONDS THREE,0.6042,0.0094,0.3864
CLUBS SEVEN CLUBS ACE,0.3304,0.0062,0.6634
DIAMONDS THREE SPADES TEN,0.5888,0.0114,0.3998
CLUBS SEVEN CLUBS QUEEN,0.5548,0.0076,0.4376
CLUBS SEVEN CLUBS KING,0.2036,0.271,0.5254
SPADES NINE DIAMONDS JACK,0.5536,0.0068,0.4396
CLUBS TEN CLUBS SEVEN,0.533,0.0056,0.4614
DIAMONDS ACE HEARTS ACE,0.1036,0.004,0.8924
HEARTS FOUR HEARTS ACE,0.3156,0.0054,0.679
SPADES EIGHT DIAMONDS JACK,0.5766,0.0086,0.4148
SPADES ACE HEARTS SIX,0.3614,0.0046,0.634
CLUBS SEVEN CLUBS JACK,0.5404,0.0058,0.4538
DIAMONDS ACE HEARTS KING,0.2258,0.0148,0.7594
HEARTS FOUR HEARTS KING,0.197,0.4826,0.3204
SPADES SEVEN DIAMONDS JACK,0.5776,0.0086,0.4138
DIAMONDS ACE HEARTS QUEEN,0.3404,0.0044,0.6552
HEARTS FOUR HEARTS QUEEN,0.5598,0.0086,0.4316
SPADES SIX DIAMONDS JACK,0.5828,0.0112,0.406
SPADES QUEEN HEARTS SIX,0.5896,0.0066,0.4038
DIAMONDS TEN SPADES TWO,0.7364,0.0258,0.2378
DIAMONDS TEN SPADES THREE,0.6082,0.0082,0.3836
DIAMONDS TEN SPADES FOUR,0.5992,0.008,0.3928
SPADES FIVE DIAMONDS TEN,0.5982,0.007,0.3948
SPADES SIX DIAMONDS TEN,0.5864,0.0072,0.4064
SPADES SEVEN DIAMONDS TEN,0.5732,0.009,0.4178
SPADES EIGHT DIAMONDS TEN,0.552,0.0074,0.4406
SPADES NINE DIAMONDS TEN,0.538,0.0068,0.4552
CLUBS FOUR DIAMONDS TEN,0.5864,0.0086,0.405
CLUBS FIVE DIAMONDS TEN,0.5922,0.0092,0.3986
CLUBS SIX DIAMONDS TEN,0.5866,0.009,0.4044
CLUBS SEVEN DIAMONDS TEN,0.5616,0.007,0.4314
CLUBS EIGHT DIAMONDS TEN,0.5492,0.0084,0.4424
CLUBS NINE DIAMONDS TEN,0.549,0.008,0.443
DIAMONDS THREE CLUBS JACK,0.5948,0.0086,0.3966
CLUBS TEN DIAMONDS THREE,0.5888,0.0084,0.4028
DIAMONDS THREE CLUBS KING,0.2124,0.5264,0.2612
DIAMONDS THREE CLUBS QUEEN,0.5942,0.0104,0.3954
DIAMONDS THREE CLUBS ACE,0.3392,0.0038,0.657
SPADES FOUR HEARTS JACK,0.5986,0.0066,0.3948
SPADES FOUR HEARTS TEN,0.5924,0.008,0.3996
SPADES FIVE SPADES TWO,0.6744,0.0288,0.2968
SPADES FOUR SPADES TWO,0.68,0.0306,0.2894
SPADES THREE SPADES TWO,0.6906,0.0256,0.2838
SPADES NINE SPADES TWO,0.6954,0.0284,0.2762
SPADES EIGHT SPADES TWO,0.7002,0.0312,0.2686
SPADES SEVEN SPADES TWO,0.7056,0.0246,0.2698
SPADES SIX SPADES TWO,0.6978,0.0228,0.2794
CLUBS THREE DIAMONDS QUEEN,0.5988,0.0086,0.3926
CLUBS THREE HEARTS TWO,0.713,0.0264,0.2606
CLUBS TWO DIAMONDS QUEEN,0.734,0.0252,0.2408
HEARTS TWO CLUBS TWO,0.301,0.0212,0.6778
HEARTS SEVEN DIAMONDS QUEEN,0.5942,0.0074,0.3984
HEARTS SEVEN HEARTS TWO,0.6956,0.0204,0.284
HEARTS SIX DIAMONDS QUEEN,0.5796,0.0098,0.4106
HEARTS SIX HEARTS TWO,0.6802,0.0268,0.293
DIAMONDS QUEEN HEARTS NINE,0.561,0.0072,0.4318
HEARTS TWO HEARTS NINE,0.6922,0.0254,0.2824
DIAMONDS QUEEN HEARTS EIGHT,0.582,0.0078,0.4102
HEARTS TWO HEARTS EIGHT,0.6806,0.033,0.2864
CLUBS NINE HEARTS TWO,0.7228,0.028,0.2492
CLUBS NINE DIAMONDS QUEEN,0.5624,0.0058,0.4318
CLUBS EIGHT HEARTS TWO,0.733,0.0272,0.2398
CLUBS EIGHT DIAMONDS QUEEN,0.573,0.0074,0.4196
CLUBS FIVE DIAMONDS QUEEN,0.587,0.0086,0.4044
CLUBS FIVE HEARTS TWO,0.7126,0.024,0.2634
SPADES EIGHT HEARTS ACE,0.3488,0.006,0.6452
CLUBS FOUR DIAMONDS QUEEN,0.5966,0.0092,0.3942
CLUBS FOUR HEARTS TWO,0.7036,0.0244,0.272
CLUBS SEVEN DIAMONDS QUEEN,0.5796,0.0094,0.411
CLUBS SEVEN HEARTS TWO,0.7272,0.0218,0.251
SPADES EIGHT HEARTS QUEEN,0.5724,0.0086,0.419
CLUBS SIX DIAMONDS QUEEN,0.5942,0.009,0.3968
CLUBS SIX HEARTS TWO,0.7278,0.0254,0.2468
SPADES EIGHT HEARTS KING,0.2338,0.2338,0.5324
SPADES SIX DIAMONDS QUEEN,0.5856,0.006,0.4084
SPADES SIX HEARTS TWO,0.7266,0.0292,0.2442
HEARTS FOUR CLUBS QUEEN,0.5976,0.0084,0.394
DIAMONDS ACE CLUBS QUEEN,0.3414,0.0042,0.6544
SPADES SEVEN DIAMONDS QUEEN,0.594,0.008,0.398
SPADES SEVEN HEARTS TWO,0.733,0.024,0.243
HEARTS FOUR CLUBS KING,0.2092,0.5174,0.2734
DIAMONDS ACE CLUBS KING,0.2054,0.0132,0.7814
SPADES EIGHT DIAMONDS QUEEN,0.5668,0.0088,0.4244
SPADES EIGHT HEARTS TWO,0.7326,0.0274,0.24
HEARTS FOUR CLUBS ACE,0.3404,0.0052,0.6544
DIAMONDS ACE CLUBS ACE,0.0996,0.0042,0.8962
SPADES NINE DIAMONDS QUEEN,0.577,0.0078,0.4152
SPADES NINE HEARTS TWO,0.7246,0.0292,0.2462
HEARTS TWO SPADES TWO,0.313,0.02,0.667
DIAMONDS QUEEN SPADES TWO,0.748,0.0292,0.2228
HEARTS TWO SPADES THREE,0.7146,0.0298,0.2556
SPADES THREE DIAMONDS QUEEN,0.6014,0.0086,0.39
HEARTS TWO SPADES FOUR,0.7134,0.0248,0.2618
SPADES FOUR DIAMONDS QUEEN,0.6078,0.0106,0.3816
CLUBS TEN HEARTS FOUR,0.6002,0.009,0.3908
CLUBS TEN DIAMONDS ACE,0.3462,0.0062,0.6476
HEARTS TWO SPADES FIVE,0.7056,0.0284,0.266
SPADES FIVE DIAMONDS QUEEN,0.5986,0.0096,0.3918
HEARTS FOUR CLUBS JACK,0.5918,0.0086,0.3996
DIAMONDS ACE CLUBS JACK,0.3284,0.0048,0.6668
CLUBS FIVE CLUBS KING,0.2072,0.439,0.3538
CLUBS FIVE CLUBS QUEEN,0.5452,0.0084,0.4464
CLUBS FIVE CLUBS ACE,0.3256,0.0048,0.6696
CLUBS FIVE CLUBS JACK,0.5622,0.0094,0.4284
CLUBS TEN CLUBS FIVE,0.5498,0.0084,0.4418
SPADES QUEEN CLUBS JACK,0.5704,0.0094,0.4202
SPADES ACE CLUBS JACK,0.3432,0.0056,0.6512
SPADES SIX CLUBS KING,0.2364,0.3788,0.3848
SPADES SIX CLUBS QUEEN,0.5916,0.008,0.4004
SPADES EIGHT HEARTS JACK,0.5854,0.0086,0.406
SPADES SIX CLUBS ACE,0.3726,0.0062,0.6212
SPADES EIGHT HEARTS TEN,0.548,0.0078,0.4442
SPADES SIX CLUBS JACK,0.596,0.009,0.395
CLUBS TEN SPADES SIX,0.5772,0.007,0.4158
SPADES TEN CLUBS JACK,0.5322,0.0074,0.4604
SPADES JACK CLUBS JACK,0.2898,0.006,0.7042
SPADES QUEEN CLUBS SEVEN,0.591,0.0096,0.3994
SPADES ACE CLUBS SEVEN,0.3446,0.0062,0.6492
SPADES SIX HEARTS TEN,0.582,0.0082,0.4098
SPADES SIX HEARTS JACK,0.5828,0.0096,0.4076
SPADES SIX HEARTS ACE,0.3718,0.0052,0.623
SPADES SIX HEARTS KING,0.2278,0.3816,0.3906
SPADES SIX HEARTS QUEEN,0.5912,0.0078,0.401
SPADES JACK CLUBS SEVEN,0.5856,0.0088,0.4056
CLUBS SEVEN SPADES TEN,0.575,0.0084,0.4166
CLUBS TEN HEARTS SIX,0.5932,0.0068,0.4
HEARTS SIX CLUBS JACK,0.5902,0.0072,0.4026
CLUBS ACE CLUBS JACK,0.3228,0.0052,0.672
HEARTS SIX CLUBS QUEEN,0.593,0.006,0.401
HEARTS SIX CLUBS KING,0.2196,0.3906,0.3898
HEARTS SIX CLUBS ACE,0.3588,0.0044,0.6368
CLUBS QUEEN CLUBS JACK,0.5214,0.0092,0.4694
CLUBS KING CLUBS JACK,0.2198,0.0812,0.699
DIAMONDS THREE HEARTS ACE,0.3404,0.004,0.6556
DIAMONDS THREE HEARTS QUEEN,0.5954,0.009,0.3956
DIAMONDS THREE HEARTS KING,0.214,0.513,0.273
CLUBS FIVE HEARTS JACK,0.5948,0.0084,0.3968
HEARTS FOUR SPADES TEN,0.5902,0.0098,0.4
SPADES TEN DIAMONDS ACE,0.3442,0.005,0.6508
CLUBS FIVE HEARTS TEN,0.5948,0.0102,0.395
HEARTS FOUR SPADES JACK,0.596,0.0108,0.3932
SPADES JACK DIAMONDS ACE,0.3428,0.005,0.6522
SPADES ACE HEARTS FOUR,0.3454,0.0062,0.6484
SPADES ACE DIAMONDS ACE,0.0956,0.0076,0.8968
CLUBS FIVE HEARTS ACE,0.3588,0.0048,0.6364
CLUBS FIVE HEARTS KING,0.2172,0.4612,0.3216
SPADES QUEEN DIAMONDS ACE,0.337,0.0056,0.6574
SPADES QUEEN HEARTS FOUR,0.6032,0.0082,0.3886
SPADES FOUR CLUBS JACK,0.5984,0.009,0.3926
CLUBS FIVE HEARTS QUEEN,0.5934,0.0058,0.4008
CLUBS TEN SPADES FOUR,0.5936,0.0098,0.3966
DIAMONDS ACE DIAMONDS QUEEN,0.329,0.0048,0.6662
DIAMONDS ACE HEARTS TWO,0.2278,0.0156,0.7566
HEARTS FOUR DIAMONDS QUEEN,0.5928,0.0096,0.3976
HEARTS FOUR HEARTS TWO,0.6658,0.027,0.3072
DIAMONDS THREE HEARTS TEN,0.5862,0.01,0.4038
SPADES FOUR CLUBS KING,0.2168,0.5224,0.2608
HEARTS FIVE DIAMONDS QUEEN,0.5988,0.0078,0.3934
HEARTS FIVE HEARTS TWO,0.6652,0.0252,0.3096
DIAMONDS THREE HEARTS JACK,0.59,0.0088,0.4012
SPADES FOUR CLUBS QUEEN,0.605,0.0078,0.3872
HEARTS TWO DIAMONDS QUEEN,0.7344,0.0306,0.235
DIAMONDS KING DIAMONDS QUEEN,0.2224,0.0674,0.7102
DIAMONDS KING HEARTS TWO,0.0106,0.97,0.0194
HEARTS THREE DIAMONDS QUEEN,0.5938,0.009,0.3972
HEARTS THREE HEARTS TWO,0.674,0.0262,0.2998
SPADES FOUR CLUBS ACE,0.344,0.0062,0.6498
HEARTS TWO CLUBS ACE,0.2272,0.017,0.7558
DIAMONDS QUEEN CLUBS ACE,0.344,0.0068,0.6492
HEARTS TWO CLUBS QUEEN,0.7304,0.0296,0.24
DIAMONDS QUEEN CLUBS QUEEN,0.2732,0.0052,0.7216
HEARTS TWO CLUBS KING,0.0186,0.9564,0.025
DIAMONDS QUEEN CLUBS KING,0.2306,0.0632,0.7062
SPADES EIGHT SPADES FIVE,0.5554,0.0062,0.4384
CLUBS TEN HEARTS TWO,0.7302,0.0302,0.2396
CLUBS TEN DIAMONDS QUEEN,0.5382,0.0064,0.4554
SPADES NINE SPADES FIVE,0.543,0.0088,0.4482
HEARTS TWO CLUBS JACK,0.7366,0.0288,0.2346
DIAMONDS QUEEN CLUBS JACK,0.546,0.0084,0.4456
SPADES SIX SPADES FIVE,0.5284,0.0104,0.4612
SPADES SEVEN SPADES FIVE,0.533,0.01,0.457
DIAMONDS FIVE CLUBS QUEEN,0.5928,0.0094,0.3978
SPADES EIGHT CLUBS ACE,0.3554,0.0046,0.64
CLUBS KING DIAMONDS FIVE,0.2152,0.455,0.3298
SPADES EIGHT CLUBS KING,0.2394,0.23,0.5306
CLUBS ACE DIAMONDS FIVE,0.336,0.0066,0.6574
SPADES EIGHT CLUBS QUEEN,0.5892,0.0064,0.4044
SPADES EIGHT CLUBS JACK,0.5714,0.0094,0.4192
CLUBS TEN SPADES EIGHT,0.5524,0.0096,0.438
CLUBS TEN DIAMONDS FIVE,0.584,0.0082,0.4078
DIAMONDS FIVE CLUBS JACK,0.5882,0.0064,0.4054
DIAMONDS TEN HEARTS JACK,0.5384,0.007,0.4546
DIAMONDS TEN HEARTS TEN,0.2814,0.0076,0.711
SPADES ACE CLUBS NINE,0.3604,0.0054,0.6342
CLUBS NINE SPADES QUEEN,0.5716,0.007,0.4214
HEARTS SIX HEARTS KING,0.2076,0.3552,0.4372
DIAMONDS KING SPADES SEVEN,0.222,0.2908,0.4872
SPADES SEVEN HEARTS THREE,0.601,0.0088,0.3902
HEARTS SIX HEARTS QUEEN,0.5546,0.0088,0.4366
DIAMONDS KING SPADES SIX,0.2136,0.3956,0.3908
HEARTS THREE SPADES SIX,0.5864,0.0078,0.4058
SPADES QUEEN DIAMONDS SEVEN,0.5954,0.0078,0.3968
SPADES NINE DIAMONDS KING,0.2296,0.1578,0.6126
SPADES NINE HEARTS THREE,0.5848,0.0102,0.405
HEARTS SIX HEARTS ACE,0.3356,0.0048,0.6596
SPADES EIGHT DIAMONDS KING,0.238,0.2278,0.5342
SPADES EIGHT HEARTS THREE,0.6052,0.008,0.3868
SPADES ACE DIAMONDS SEVEN,0.348,0.006,0.646
CLUBS NINE HEARTS THREE,0.5968,0.009,0.3942
CLUBS NINE DIAMONDS KING,0.2202,0.1724,0.6074
CLUBS EIGHT HEARTS THREE,0.5994,0.008,0.3926
CLUBS EIGHT DIAMONDS KING,0.2194,0.2264,0.5542
HEARTS THREE SPADES THREE,0.3504,0.02,0.6296
DIAMONDS KING SPADES THREE,0.2122,0.536,0.2518
HEARTS THREE SPADES TWO,0.714,0.0316,0.2544
DIAMONDS KING SPADES TWO,0.0074,0.9864,0.0062
HEARTS THREE SPADES FIVE,0.5874,0.01,0.4026
DIAMONDS KING SPADES FIVE,0.217,0.4698,0.3132
HEARTS THREE SPADES FOUR,0.5772,0.011,0.4118
DIAMONDS KING SPADES FOUR,0.2258,0.5122,0.262
DIAMONDS KING CLUBS TWO,0.0106,0.9718,0.0176
HEARTS THREE CLUBS TWO,0.7114,0.0284,0.2602
