opposingHand,winningChance,drawChance,lostChance
DIAMONDS FOUR HEARTS FOUR
HEARTS SEVEN SPADES SEVEN,0.1814,0.206,0.6126
HEARTS SEVEN HEARTS KING,0.5128,0.0146,0.4726
CLUBS JACK SPADES EIGHT,0.5074,0.0358,0.4568
HEARTS TWO SPADES SEVEN,0.6528,0.1164,0.2308
HEARTS SIX HEARTS JACK,0.5324,0.041,0.4266
SPADES JACK HEARTS QUEEN,0.4924,0.0162,0.4914
SPADES KING CLUBS FIVE,0.5556,0.0174,0.427
HEARTS KING HEARTS QUEEN,0.4838,0.0068,0.5094
SPADES SIX CLUBS QUEEN,0.539,0.0288,0.4322
CLUBS TWO HEARTS KING,0.6372,0.02,0.3428
DIAMONDS JACK HEARTS QUEEN,0.4984,0.017,0.4846
SPADES TEN DIAMONDS QUEEN,0.4974,0.0178,0.4848
DIAMONDS QUEEN DIAMONDS EIGHT,0.5096,0.0276,0.4628
DIAMONDS KING DIAMONDS JACK,0.4864,0.01,0.5036
DIAMONDS TWO CLUBS FOUR,0.7824,0.142,0.0756
DIAMONDS THREE SPADES TEN,0.6326,0.0718,0.2956
SPADES TEN CLUBS SIX,0.523,0.0536,0.4234
SPADES KING CLUBS EIGHT,0.528,0.0154,0.4566
DIAMONDS THREE DIAMONDS JACK,0.6126,0.0472,0.3402
HEARTS SIX SPADES TEN,0.5348,0.0532,0.412
SPADES EIGHT DIAMONDS ACE,0.5234,0.0042,0.4724
CLUBS ACE HEARTS TEN,0.5266,0.0054,0.468
CLUBS EIGHT CLUBS QUEEN,0.4892,0.0242,0.4866
CLUBS JACK CLUBS FOUR,0.6158,0.0422,0.342
SPADES EIGHT HEARTS NINE,0.4828,0.0678,0.4494
SPADES TEN CLUBS SEVEN,0.5268,0.0542,0.419
HEARTS SEVEN CLUBS SEVEN,0.1778,0.2164,0.6058
HEARTS TWO CLUBS THREE,0.72,0.1708,0.1092
DIAMONDS THREE DIAMONDS FIVE,0.5774,0.1466,0.276
DIAMONDS TWO HEARTS TWO,0.517,0.3134,0.1696
DIAMONDS TEN HEARTS NINE,0.4816,0.0444,0.474
DIAMONDS THREE DIAMONDS TWO,0.6972,0.1674,0.1354
HEARTS SIX DIAMONDS JACK,0.5438,0.0434,0.4128
HEARTS SEVEN SPADES EIGHT,0.503,0.0854,0.4116
SPADES TWO DIAMONDS SIX,0.6214,0.138,0.2406
DIAMONDS QUEEN DIAMONDS NINE,0.4928,0.0202,0.487
HEARTS THREE HEARTS KING,0.6104,0.0218,0.3678
CLUBS NINE CLUBS TWO,0.6014,0.0784,0.3202
SPADES NINE SPADES FOUR,0.6088,0.061,0.3302
CLUBS EIGHT CLUBS FOUR,0.6142,0.0732,0.3126
CLUBS JACK SPADES FIVE,0.5474,0.0472,0.4054
SPADES JACK DIAMONDS SIX,0.5312,0.0418,0.427
CLUBS FIVE DIAMONDS QUEEN,0.5594,0.0312,0.4094
HEARTS SIX CLUBS KING,0.5378,0.0164,0.4458
CLUBS JACK HEARTS JACK,0.1852,0.092,0.7228
CLUBS NINE SPADES TWO,0.6328,0.0888,0.2784
CLUBS THREE DIAMONDS NINE,0.6326,0.0832,0.2842
SPADES QUEEN DIAMONDS QUEEN,0.1876,0.0682,0.7442
DIAMONDS THREE HEARTS TEN,0.641,0.066,0.293
CLUBS FOUR DIAMONDS QUEEN,0.6518,0.0344,0.3138
SPADES FOUR CLUBS QUEEN,0.6636,0.0348,0.3016
SPADES FIVE HEARTS NINE,0.518,0.0882,0.3938
DIAMONDS TWO SPADES TWO,0.5206,0.3088,0.1706
SPADES NINE DIAMONDS FIVE,0.5206,0.0846,0.3948
SPADES QUEEN HEARTS ACE,0.5174,0.0062,0.4764
HEARTS EIGHT DIAMONDS NINE,0.4846,0.0646,0.4508
CLUBS TEN DIAMONDS FIVE,0.538,0.0704,0.3916
DIAMONDS QUEEN CLUBS TWO,0.6378,0.0336,0.3286
DIAMONDS ACE HEARTS ACE,0.1826,0.0058,0.8116
DIAMONDS QUEEN HEARTS KING,0.5134,0.0098,0.4768
HEARTS SEVEN DIAMONDS SEVEN,0.1808,0.2166,0.6026
HEARTS SIX DIAMONDS NINE,0.5092,0.0732,0.4176
DIAMONDS THREE CLUBS TWO,0.7184,0.174,0.1076
SPADES QUEEN SPADES EIGHT,0.4988,0.0266,0.4746
CLUBS JACK DIAMONDS ACE,0.5136,0.0042,0.4822
DIAMONDS SIX DIAMONDS FIVE,0.497,0.1216,0.3814
SPADES NINE SPADES TWO,0.607,0.0818,0.3112
SPADES ACE SPADES KING,0.4976,0.007,0.4954
HEARTS KING DIAMONDS FIVE,0.5344,0.0176,0.448
SPADES KING HEARTS SIX,0.5444,0.0162,0.4394
CLUBS ACE DIAMONDS SIX,0.5262,0.0072,0.4666
SPADES TWO CLUBS ACE,0.6306,0.0072,0.3622
HEARTS SEVEN HEARTS THREE,0.599,0.1208,0.2802
DIAMONDS QUEEN SPADES THREE,0.638,0.032,0.33
CLUBS FIVE DIAMONDS SEVEN,0.5222,0.1154,0.3624
DIAMONDS ACE DIAMONDS JACK,0.4962,0.005,0.4988
CLUBS NINE HEARTS ACE,0.5188,0.0056,0.4756
HEARTS TWO DIAMONDS SIX,0.6412,0.14,0.2188
CLUBS KING DIAMONDS SIX,0.5348,0.019,0.4462
SPADES SIX HEARTS ACE,0.5404,0.0056,0.454
DIAMONDS THREE CLUBS FIVE,0.6286,0.1574,0.214
HEARTS ACE HEARTS NINE,0.5056,0.0042,0.4902
DIAMONDS TEN DIAMONDS NINE,0.4786,0.0414,0.48
SPADES JACK SPADES FIVE,0.5116,0.0452,0.4432
SPADES SEVEN DIAMONDS KING,0.5296,0.0126,0.4578
HEARTS TWO CLUBS FOUR,0.7838,0.1448,0.0714
CLUBS THREE DIAMONDS SEVEN,0.6152,0.1278,0.257
CLUBS SIX CLUBS THREE,0.5968,0.127,0.2762
HEARTS SIX DIAMONDS QUEEN,0.536,0.026,0.438
DIAMONDS TEN DIAMONDS EIGHT,0.4798,0.0536,0.4666
HEARTS SIX CLUBS QUEEN,0.5378,0.0306,0.4316
SPADES EIGHT DIAMONDS SEVEN,0.4958,0.0836,0.4206
DIAMONDS TWO SPADES EIGHT,0.6558,0.099,0.2452
CLUBS TEN DIAMONDS SEVEN,0.52,0.0568,0.4232
DIAMONDS THREE DIAMONDS SIX,0.5994,0.1278,0.2728
CLUBS THREE DIAMONDS EIGHT,0.6348,0.097,0.2682
CLUBS EIGHT HEARTS NINE,0.4906,0.0676,0.4418
CLUBS SIX HEARTS QUEEN,0.5318,0.0274,0.4408
DIAMONDS JACK CLUBS ACE,0.5216,0.0044,0.474
HEARTS SEVEN DIAMONDS KING,0.536,0.0172,0.4468
SPADES JACK CLUBS TWO,0.6372,0.05,0.3128
SPADES EIGHT DIAMONDS NINE,0.4922,0.0682,0.4396
DIAMONDS SEVEN CLUBS KING,0.5254,0.015,0.4596
HEARTS EIGHT HEARTS NINE,0.4652,0.0658,0.469
CLUBS TEN SPADES FIVE,0.5372,0.0652,0.3976
SPADES NINE SPADES FIVE,0.5058,0.0752,0.419
SPADES SIX SPADES FOUR,0.602,0.0944,0.3036
SPADES FIVE HEARTS QUEEN,0.5504,0.0324,0.4172
HEARTS EIGHT SPADES QUEEN,0.5336,0.0238,0.4426
SPADES ACE SPADES NINE,0.4938,0.006,0.5002
SPADES KING DIAMONDS KING,0.1864,0.0308,0.7828
CLUBS EIGHT CLUBS SEVEN,0.4854,0.0802,0.4344
CLUBS EIGHT CLUBS SIX,0.4832,0.0846,0.4322
HEARTS THREE DIAMONDS QUEEN,0.6544,0.034,0.3116
SPADES KING HEARTS TEN,0.5006,0.0092,0.4902
SPADES KING SPADES SEVEN,0.52,0.0118,0.4682
CLUBS SIX CLUBS FOUR,0.5948,0.0964,0.3088
CLUBS SIX SPADES EIGHT,0.514,0.0918,0.3942
DIAMONDS ACE SPADES FOUR,0.6292,0.0256,0.3452
DIAMONDS THREE CLUBS SIX,0.6328,0.1354,0.2318
SPADES ACE HEARTS JACK,0.5048,0.0048,0.4904
CLUBS NINE DIAMONDS SIX,0.5144,0.074,0.4116
HEARTS SIX HEARTS QUEEN,0.5154,0.0274,0.4572
SPADES FIVE HEARTS ACE,0.5414,0.0068,0.4518
CLUBS JACK SPADES JACK,0.2026,0.0924,0.705
CLUBS SEVEN DIAMONDS SIX,0.5042,0.1062,0.3896
SPADES SIX SPADES THREE,0.6018,0.133,0.2652
DIAMONDS EIGHT CLUBS ACE,0.5256,0.0056,0.4688
CLUBS TEN SPADES EIGHT,0.5088,0.046,0.4452
DIAMONDS THREE DIAMONDS SEVEN,0.5958,0.1098,0.2944
CLUBS ACE CLUBS KING,0.5046,0.004,0.4914
SPADES KING CLUBS THREE,0.6354,0.019,0.3456
DIAMONDS KING SPADES FIVE,0.5404,0.0214,0.4382
SPADES FOUR DIAMONDS SEVEN,0.6312,0.087,0.2818
CLUBS JACK HEARTS KING,0.5022,0.0114,0.4864
HEARTS TEN DIAMONDS SIX,0.5192,0.0608,0.42
SPADES SEVEN HEARTS ACE,0.52,0.0074,0.4726
HEARTS SIX CLUBS FOUR,0.6162,0.0992,0.2846
CLUBS EIGHT HEARTS FIVE,0.53,0.09,0.38
SPADES EIGHT CLUBS FIVE,0.5292,0.0928,0.378
HEARTS EIGHT CLUBS EIGHT,0.1842,0.1824,0.6334
CLUBS JACK CLUBS THREE,0.5956,0.0526,0.3518
SPADES ACE DIAMONDS QUEEN,0.5236,0.0052,0.4712
HEARTS SEVEN SPADES NINE,0.5022,0.0632,0.4346
DIAMONDS THREE HEARTS KING,0.6426,0.0198,0.3376
SPADES QUEEN SPADES SIX,0.512,0.0278,0.4602
SPADES SEVEN DIAMONDS JACK,0.531,0.0428,0.4262
SPADES THREE HEARTS JACK,0.6396,0.0472,0.3132
CLUBS TEN SPADES TWO,0.6374,0.0732,0.2894
CLUBS SEVEN HEARTS TWO,0.6312,0.1232,0.2456
DIAMONDS THREE SPADES KING,0.638,0.0188,0.3432
CLUBS FIVE SPADES SIX,0.5166,0.117,0.3664
CLUBS FOUR DIAMONDS NINE,0.6442,0.0696,0.2862
CLUBS THREE HEARTS NINE,0.6286,0.0798,0.2916
SPADES KING DIAMONDS SIX,0.5512,0.0144,0.4344
SPADES THREE HEARTS TEN,0.6368,0.068,0.2952
SPADES TEN SPADES SEVEN,0.494,0.0528,0.4532
CLUBS NINE SPADES FIVE,0.5236,0.0842,0.3922
CLUBS NINE CLUBS QUEEN,0.486,0.0196,0.4944
HEARTS FIVE DIAMONDS SEVEN,0.5026,0.1122,0.3852
SPADES KING DIAMONDS QUEEN,0.5176,0.008,0.4744
CLUBS FIVE SPADES THREE,0.6176,0.1466,0.2358
CLUBS NINE DIAMONDS QUEEN,0.533,0.0204,0.4466
CLUBS EIGHT DIAMONDS ACE,0.529,0.004,0.467
DIAMONDS KING DIAMONDS FIVE,0.5196,0.0198,0.4606
CLUBS FIVE CLUBS TWO,0.6078,0.1396,0.2526
SPADES TEN HEARTS THREE,0.6404,0.0644,0.2952
SPADES ACE HEARTS ACE,0.1876,0.0046,0.8078
CLUBS SEVEN SPADES NINE,0.5054,0.0746,0.42
CLUBS NINE HEARTS KING,0.5292,0.0116,0.4592
HEARTS EIGHT CLUBS FIVE,0.5188,0.0966,0.3846
CLUBS JACK SPADES SIX,0.5508,0.04,0.4092
SPADES NINE CLUBS FIVE,0.5318,0.081,0.3872
SPADES ACE DIAMONDS FIVE,0.5354,0.0046,0.46
HEARTS SEVEN HEARTS NINE,0.4924,0.0624,0.4452
CLUBS JACK SPADES THREE,0.636,0.0408,0.3232
CLUBS EIGHT SPADES SIX,0.5212,0.085,0.3938
HEARTS TWO DIAMONDS FIVE,0.6378,0.1478,0.2144
DIAMONDS JACK HEARTS ACE,0.5162,0.0048,0.479
SPADES ACE CLUBS FIVE,0.543,0.004,0.453
DIAMONDS ACE CLUBS QUEEN,0.5108,0.006,0.4832
SPADES JACK CLUBS KING,0.5136,0.0074,0.479
SPADES FIVE DIAMONDS FIVE,0.1728,0.2698,0.5574
SPADES KING CLUBS ACE,0.5252,0.005,0.4698
SPADES TEN CLUBS KING,0.524,0.0096,0.4664
DIAMONDS ACE DIAMONDS FIVE,0.5048,0.0066,0.4886
CLUBS EIGHT CLUBS TWO,0.603,0.0974,0.2996
SPADES TEN CLUBS FOUR,0.6558,0.0546,0.2896
SPADES FOUR SPADES THREE,0.7216,0.1366,0.1418
CLUBS EIGHT CLUBS ACE,0.4856,0.0062,0.5082
HEARTS SEVEN HEARTS FIVE,0.4854,0.1074,0.4072
SPADES NINE SPADES SEVEN,0.477,0.0646,0.4584
DIAMONDS TEN SPADES THREE,0.6374,0.0656,0.297
HEARTS SIX DIAMONDS SIX,0.1616,0.2486,0.5898
HEARTS SEVEN SPADES FOUR,0.6384,0.0852,0.2764
CLUBS NINE CLUBS THREE,0.6006,0.0854,0.314
SPADES JACK DIAMONDS SEVEN,0.5238,0.039,0.4372
HEARTS QUEEN DIAMONDS EIGHT,0.5254,0.0254,0.4492
DIAMONDS NINE CLUBS QUEEN,0.5126,0.018,0.4694
DIAMONDS NINE HEARTS JACK,0.493,0.0372,0.4698
DIAMONDS EIGHT CLUBS KING,0.5292,0.0146,0.4562
HEARTS FIVE HEARTS NINE,0.5082,0.0724,0.4194
DIAMONDS ACE SPADES THREE,0.635,0.0042,0.3608
CLUBS FOUR SPADES TWO,0.773,0.1396,0.0874
CLUBS FIVE DIAMONDS SIX,0.5178,0.1276,0.3546
SPADES TEN CLUBS THREE,0.6262,0.0642,0.3096
HEARTS FIVE DIAMONDS FIVE,0.1688,0.2896,0.5416
CLUBS TWO SPADES TWO,0.5184,0.3054,0.1762
SPADES ACE CLUBS KING,0.5418,0.0036,0.4546
CLUBS TWO CLUBS ACE,0.5912,0.0056,0.4032
SPADES THREE DIAMONDS SIX,0.6312,0.1372,0.2316
SPADES ACE SPADES SIX,0.5146,0.007,0.4784
HEARTS EIGHT SPADES SIX,0.5108,0.0892,0.4
DIAMONDS QUEEN CLUBS QUEEN,0.1842,0.0672,0.7486
SPADES THREE CLUBS QUEEN,0.644,0.0358,0.3202
CLUBS EIGHT SPADES TWO,0.6412,0.1004,0.2584
DIAMONDS THREE SPADES EIGHT,0.646,0.1032,0.2508
DIAMONDS ACE SPADES TWO,0.6308,0.0072,0.362
CLUBS NINE HEARTS TWO,0.6474,0.0816,0.271
SPADES SIX HEARTS QUEEN,0.5344,0.0292,0.4364
SPADES KING HEARTS FIVE,0.5396,0.0184,0.442
DIAMONDS TWO HEARTS QUEEN,0.6322,0.0348,0.333
SPADES EIGHT CLUBS TWO,0.6308,0.0984,0.2708
SPADES EIGHT HEARTS QUEEN,0.5266,0.0244,0.449
HEARTS THREE DIAMONDS NINE,0.6392,0.0794,0.2814
CLUBS JACK CLUBS EIGHT,0.4934,0.0334,0.4732
SPADES FIVE CLUBS KING,0.5544,0.0178,0.4278
CLUBS SEVEN DIAMONDS QUEEN,0.5302,0.0228,0.447
SPADES SEVEN HEARTS QUEEN,0.5232,0.031,0.4458
CLUBS SIX HEARTS KING,0.5486,0.0164,0.435
CLUBS SEVEN DIAMONDS NINE,0.4922,0.0656,0.4422
DIAMONDS EIGHT HEARTS JACK,0.5134,0.0344,0.4522
SPADES TEN DIAMONDS NINE,0.4968,0.041,0.4622
HEARTS THREE HEARTS ACE,0.6034,0.0064,0.3902
CLUBS JACK CLUBS TEN,0.479,0.0232,0.4978
DIAMONDS NINE DIAMONDS FIVE,0.4996,0.0722,0.4282
CLUBS FIVE HEARTS ACE,0.5378,0.0054,0.4568
SPADES SIX CLUBS KING,0.5392,0.015,0.4458
DIAMONDS TEN CLUBS ACE,0.5016,0.007,0.4914
HEARTS FIVE HEARTS JACK,0.5168,0.0456,0.4376
HEARTS SEVEN DIAMONDS FIVE,0.51,0.1202,0.3698
HEARTS KING DIAMONDS SEVEN,0.5374,0.0148,0.4478
SPADES ACE HEARTS FIVE,0.5326,0.0066,0.4608
DIAMONDS THREE SPADES JACK,0.6398,0.0488,0.3114
DIAMONDS QUEEN HEARTS ACE,0.5234,0.0044,0.4722
CLUBS TEN CLUBS NINE,0.4682,0.0436,0.4882
HEARTS SIX HEARTS ACE,0.5088,0.0058,0.4854
CLUBS THREE SPADES FIVE,0.6218,0.146,0.2322
CLUBS SIX SPADES TWO,0.6416,0.1292,0.2292
CLUBS EIGHT HEARTS KING,0.534,0.0136,0.4524
DIAMONDS QUEEN DIAMONDS SEVEN,0.5146,0.0268,0.4586
CLUBS EIGHT HEARTS QUEEN,0.5226,0.024,0.4534
SPADES SEVEN DIAMONDS FIVE,0.5342,0.1154,0.3504
SPADES TEN DIAMONDS JACK,0.482,0.0308,0.4872
HEARTS FIVE CLUBS KING,0.5326,0.0162,0.4512
HEARTS TWO CLUBS QUEEN,0.6448,0.035,0.3202
SPADES ACE CLUBS SIX,0.5566,0.0034,0.44
HEARTS EIGHT CLUBS SEVEN,0.5054,0.0768,0.4178
CLUBS FOUR DIAMONDS JACK,0.6628,0.045,0.2922
SPADES SIX CLUBS THREE,0.6234,0.1348,0.2418
DIAMONDS NINE HEARTS QUEEN,0.5132,0.0216,0.4652
CLUBS JACK CLUBS SEVEN,0.5046,0.039,0.4564
SPADES EIGHT CLUBS KING,0.523,0.0132,0.4638
CLUBS TEN SPADES THREE,0.6228,0.0694,0.3078
SPADES NINE DIAMONDS KING,0.5336,0.014,0.4524
CLUBS EIGHT SPADES FIVE,0.5336,0.1018,0.3646
SPADES KING SPADES FOUR,0.6208,0.0224,0.3568
SPADES ACE DIAMONDS KING,0.5336,0.0044,0.462
SPADES TEN SPADES FIVE,0.5202,0.0594,0.4204
DIAMONDS TWO SPADES QUEEN,0.634,0.0394,0.3266
CLUBS TWO DIAMONDS TEN,0.6402,0.0632,0.2966
DIAMONDS KING CLUBS TWO,0.6406,0.0178,0.3416
SPADES QUEEN HEARTS SIX,0.5454,0.0286,0.426
DIAMONDS TWO CLUBS SIX,0.63,0.1438,0.2262
CLUBS TEN CLUBS KING,0.4886,0.0078,0.5036
CLUBS FOUR CLUBS KING,0.6208,0.026,0.3532
CLUBS NINE SPADES JACK,0.5192,0.0328,0.448
SPADES TEN CLUBS TWO,0.6278,0.0752,0.297
DIAMONDS JACK SPADES THREE,0.6318,0.0574,0.3108
HEARTS EIGHT CLUBS SIX,0.5172,0.0936,0.3892
DIAMONDS TWO HEARTS FIVE,0.6322,0.1532,0.2146
DIAMONDS THREE DIAMONDS QUEEN,0.6176,0.0348,0.3476
SPADES TWO DIAMONDS SEVEN,0.6322,0.1218,0.246
HEARTS JACK DIAMONDS FIVE,0.5334,0.0444,0.4222
CLUBS TEN HEARTS TWO,0.6486,0.0678,0.2836
CLUBS NINE DIAMONDS FIVE,0.528,0.078,0.394
SPADES JACK DIAMONDS TEN,0.4966,0.0272,0.4762
DIAMONDS QUEEN SPADES FOUR,0.6492,0.0364,0.3144
DIAMONDS QUEEN HEARTS NINE,0.5114,0.0222,0.4664
CLUBS NINE SPADES TEN,0.5048,0.0456,0.4496
CLUBS JACK HEARTS FIVE,0.549,0.0464,0.4046
DIAMONDS TWO CLUBS ACE,0.625,0.0048,0.3702
DIAMONDS TWO HEARTS THREE,0.7288,0.1724,0.0988
CLUBS FIVE SPADES SEVEN,0.525,0.1094,0.3656
HEARTS SEVEN DIAMONDS QUEEN,0.5206,0.025,0.4544
DIAMONDS JACK DIAMONDS EIGHT,0.4952,0.0374,0.4674
CLUBS NINE DIAMONDS NINE,0.1862,0.1474,0.6664
DIAMONDS QUEEN SPADES TWO,0.6418,0.0322,0.326
SPADES JACK SPADES SIX,0.509,0.0474,0.4436
HEARTS THREE CLUBS THREE,0.523,0.3068,0.1702
SPADES QUEEN HEARTS THREE,0.641,0.0306,0.3284
CLUBS FIVE DIAMONDS ACE,0.5388,0.0054,0.4558
SPADES TEN DIAMONDS TEN,0.1888,0.1206,0.6906
HEARTS EIGHT DIAMONDS THREE,0.6432,0.107,0.2498
CLUBS SIX CLUBS FIVE,0.4834,0.1202,0.3964
SPADES TWO HEARTS NINE,0.6262,0.0902,0.2836
CLUBS EIGHT DIAMONDS JACK,0.518,0.0346,0.4474
DIAMONDS NINE CLUBS KING,0.5314,0.01,0.4586
CLUBS SEVEN DIAMONDS EIGHT,0.5126,0.0772,0.4102
SPADES EIGHT CLUBS FOUR,0.6506,0.0722,0.2772
SPADES NINE CLUBS QUEEN,0.5182,0.022,0.4598
HEARTS ACE SPADES TWO,0.6298,0.0054,0.3648
CLUBS SEVEN SPADES SIX,0.496,0.1098,0.3942
CLUBS JACK HEARTS EIGHT,0.5084,0.0378,0.4538
CLUBS SEVEN CLUBS TWO,0.604,0.1122,0.2838
SPADES JACK HEARTS ACE,0.5208,0.0058,0.4734
SPADES JACK HEARTS KING,0.5236,0.0072,0.4692
CLUBS SIX HEARTS NINE,0.5138,0.0732,0.413
SPADES EIGHT SPADES FIVE,0.492,0.1008,0.4072
SPADES ACE CLUBS ACE,0.1966,0.0032,0.8002
SPADES SIX CLUBS TWO,0.6404,0.1314,0.2282
SPADES NINE DIAMONDS SEVEN,0.5128,0.0674,0.4198
CLUBS THREE HEARTS QUEEN,0.6342,0.0296,0.3362
SPADES JACK SPADES NINE,0.488,0.0334,0.4786
DIAMONDS KING HEARTS ACE,0.532,0.006,0.462
SPADES SEVEN SPADES SIX,0.4698,0.1024,0.4278
SPADES JACK CLUBS FIVE,0.536,0.0442,0.4198
CLUBS NINE HEARTS JACK,0.5156,0.0302,0.4542
DIAMONDS EIGHT DIAMONDS SIX,0.4836,0.09,0.4264
DIAMONDS TWO HEARTS NINE,0.6418,0.0904,0.2678
HEARTS EIGHT SPADES JACK,0.5148,0.0348,0.4504
CLUBS JACK HEARTS ACE,0.5294,0.0052,0.4654
CLUBS FIVE DIAMONDS FIVE,0.1624,0.2682,0.5694
CLUBS SIX DIAMONDS FIVE,0.5164,0.1296,0.354
SPADES ACE HEARTS TWO,0.6354,0.0052,0.3594
DIAMONDS TWO DIAMONDS EIGHT,0.61,0.108,0.282
CLUBS SEVEN HEARTS JACK,0.5352,0.0382,0.4266
SPADES FIVE DIAMONDS JACK,0.5512,0.0454,0.4034
CLUBS TEN DIAMONDS NINE,0.504,0.044,0.452
HEARTS SEVEN SPADES FIVE,0.51,0.1164,0.3736
SPADES ACE SPADES EIGHT,0.5112,0.004,0.4848
DIAMONDS TWO SPADES FIVE,0.623,0.1562,0.2208
DIAMONDS SEVEN DIAMONDS FIVE,0.5026,0.1124,0.385
DIAMONDS TWO CLUBS NINE,0.6334,0.0858,0.2808
SPADES NINE HEARTS TWO,0.6376,0.0886,0.2738
CLUBS TEN HEARTS KING,0.5172,0.0094,0.4734
HEARTS FIVE DIAMONDS JACK,0.5344,0.0512,0.4144
SPADES ACE SPADES FOUR,0.6072,0.021,0.3718
CLUBS JACK CLUBS NINE,0.4744,0.031,0.4946
HEARTS JACK DIAMONDS SEVEN,0.5304,0.0426,0.427
CLUBS TEN CLUBS QUEEN,0.486,0.0156,0.4984
SPADES EIGHT DIAMONDS EIGHT,0.1846,0.1826,0.6328
CLUBS TEN CLUBS TWO,0.6056,0.06,0.3344
SPADES KING HEARTS TWO,0.644,0.02,0.336
DIAMONDS KING DIAMONDS SEVEN,0.5138,0.0154,0.4708
SPADES NINE HEARTS TEN,0.5056,0.0412,0.4532
CLUBS TEN DIAMONDS SIX,0.534,0.0606,0.4054
CLUBS SEVEN SPADES TWO,0.6328,0.127,0.2402
HEARTS FIVE HEARTS THREE,0.5942,0.1386,0.2672
SPADES SEVEN CLUBS TWO,0.6472,0.1126,0.2402
SPADES THREE SPADES TWO,0.6848,0.173,0.1422
HEARTS THREE HEARTS TEN,0.613,0.0718,0.3152
SPADES KING DIAMONDS SEVEN,0.5284,0.0142,0.4574
SPADES FIVE HEARTS TEN,0.534,0.063,0.403
HEARTS EIGHT CLUBS QUEEN,0.5168,0.0252,0.458
SPADES ACE HEARTS QUEEN,0.5242,0.0052,0.4706
SPADES KING SPADES NINE,0.5,0.013,0.487
HEARTS SIX CLUBS ACE,0.5508,0.0054,0.4438
HEARTS THREE HEARTS QUEEN,0.6194,0.038,0.3426
HEARTS TWO SPADES FOUR,0.7758,0.1506,0.0736
SPADES JACK DIAMONDS ACE,0.5234,0.0052,0.4714
HEARTS THREE SPADES THREE,0.5232,0.2972,0.1796
HEARTS EIGHT CLUBS THREE,0.6442,0.102,0.2538
HEARTS SIX HEARTS KING,0.5222,0.0134,0.4644
SPADES ACE HEARTS TEN,0.4976,0.007,0.4954
SPADES TEN HEARTS KING,0.5054,0.01,0.4846
CLUBS TEN HEARTS THREE,0.6402,0.068,0.2918
SPADES ACE HEARTS NINE,0.5422,0.0056,0.4522
HEARTS EIGHT SPADES NINE,0.4952,0.0656,0.4392
CLUBS EIGHT SPADES NINE,0.498,0.0702,0.4318
HEARTS QUEEN DIAMONDS SEVEN,0.5366,0.0262,0.4372
HEARTS TWO SPADES THREE,0.7232,0.1682,0.1086
SPADES FOUR DIAMONDS TEN,0.6478,0.0626,0.2896
CLUBS TWO HEARTS QUEEN,0.632,0.0326,0.3354
SPADES KING CLUBS QUEEN,0.5232,0.0072,0.4696
SPADES KING DIAMONDS JACK,0.5156,0.009,0.4754
DIAMONDS KING HEARTS NINE,0.5088,0.0156,0.4756
HEARTS EIGHT SPADES FOUR,0.6508,0.0728,0.2764
CLUBS JACK HEARTS QUEEN,0.5026,0.013,0.4844
CLUBS TEN HEARTS SIX,0.5234,0.0608,0.4158
SPADES KING HEARTS QUEEN,0.5138,0.0068,0.4794
DIAMONDS ACE CLUBS KING,0.5242,0.0036,0.4722
CLUBS SIX SPADES FOUR,0.618,0.104,0.278
DIAMONDS TEN CLUBS KING,0.508,0.0096,0.4824
DIAMONDS TEN CLUBS QUEEN,0.4974,0.0156,0.487
DIAMONDS QUEEN CLUBS ACE,0.5166,0.0058,0.4776
SPADES NINE DIAMONDS ACE,0.5422,0.0056,0.4522
SPADES ACE SPADES TEN,0.4996,0.0052,0.4952
HEARTS THREE SPADES TWO,0.735,0.1576,0.1074
HEARTS ACE CLUBS QUEEN,0.5186,0.006,0.4754
SPADES NINE HEARTS ACE,0.5272,0.0042,0.4686
CLUBS ACE HEARTS NINE,0.5224,0.0034,0.4742
SPADES QUEEN DIAMONDS ACE,0.52,0.0064,0.4736
CLUBS NINE CLUBS SEVEN,0.4784,0.0576,0.464
SPADES KING CLUBS FOUR,0.6702,0.025,0.3048
DIAMONDS EIGHT HEARTS TEN,0.5054,0.054,0.4406
SPADES ACE DIAMONDS THREE,0.628,0.0078,0.3642
CLUBS EIGHT DIAMONDS SEVEN,0.4972,0.0874,0.4154
CLUBS JACK DIAMONDS SIX,0.5316,0.0426,0.4258
HEARTS FIVE DIAMONDS EIGHT,0.5234,0.0972,0.3794
DIAMONDS QUEEN HEARTS TEN,0.4936,0.0238,0.4826
SPADES KING SPADES JACK,0.4818,0.009,0.5092
SPADES SIX DIAMONDS TEN,0.536,0.0544,0.4096
SPADES ACE CLUBS EIGHT,0.5302,0.0038,0.466
CLUBS ACE HEARTS JACK,0.5332,0.0038,0.463
SPADES EIGHT DIAMONDS JACK,0.502,0.0384,0.4596
SPADES EIGHT SPADES THREE,0.5984,0.0898,0.3118
HEARTS SIX CLUBS TWO,0.649,0.1294,0.2216
HEARTS TWO CLUBS ACE,0.6356,0.0066,0.3578
HEARTS SIX CLUBS SEVEN,0.505,0.0962,0.3988
HEARTS SEVEN SPADES TWO,0.6408,0.1204,0.2388
CLUBS JACK DIAMONDS TWO,0.6466,0.0486,0.3048
SPADES QUEEN CLUBS QUEEN,0.206,0.0612,0.7328
CLUBS FIVE CLUBS QUEEN,0.5158,0.0278,0.4564
DIAMONDS TWO DIAMONDS JACK,0.608,0.0526,0.3394
SPADES SEVEN CLUBS KING,0.5382,0.0106,0.4512
CLUBS EIGHT SPADES FOUR,0.6546,0.075,0.2704
SPADES QUEEN HEARTS TWO,0.637,0.0374,0.3256
SPADES THREE DIAMONDS FIVE,0.6192,0.1508,0.23
SPADES KING DIAMONDS FIVE,0.559,0.018,0.423
HEARTS FIVE SPADES TWO,0.6276,0.1538,0.2186
DIAMONDS JACK DIAMONDS SIX,0.519,0.0486,0.4324
SPADES EIGHT CLUBS ACE,0.5172,0.0054,0.4774
DIAMONDS KING HEARTS JACK,0.509,0.0108,0.4802
DIAMONDS KING CLUBS ACE,0.521,0.0058,0.4732
CLUBS THREE CLUBS TWO,0.6756,0.1632,0.1612
SPADES FIVE DIAMONDS NINE,0.5344,0.0826,0.383
SPADES QUEEN HEARTS TEN,0.5038,0.017,0.4792
HEARTS SIX SPADES EIGHT,0.5052,0.0938,0.401
CLUBS EIGHT SPADES TEN,0.5114,0.056,0.4326
SPADES SEVEN SPADES TWO,0.5984,0.1148,0.2868
DIAMONDS TWO HEARTS JACK,0.633,0.0504,0.3166
SPADES KING SPADES EIGHT,0.5074,0.0148,0.4778
CLUBS JACK CLUBS ACE,0.4786,0.005,0.5164
HEARTS SEVEN CLUBS NINE,0.5006,0.066,0.4334
DIAMONDS THREE SPADES SIX,0.6334,0.1316,0.235
HEARTS SIX DIAMONDS ACE,0.5428,0.0056,0.4516
SPADES SEVEN HEARTS TEN,0.515,0.0562,0.4288
SPADES EIGHT HEARTS TEN,0.5008,0.0522,0.447
HEARTS FIVE HEARTS QUEEN,0.5194,0.0324,0.4482
CLUBS JACK HEARTS THREE,0.6482,0.0542,0.2976
SPADES QUEEN SPADES TEN,0.4702,0.0156,0.5142
HEARTS SEVEN CLUBS ACE,0.5294,0.0054,0.4652
CLUBS SIX DIAMONDS TEN,0.528,0.0588,0.4132
CLUBS TEN HEARTS NINE,0.4834,0.0418,0.4748
SPADES NINE DIAMONDS NINE,0.1916,0.1546,0.6538
HEARTS ACE HEARTS KING,0.5054,0.0064,0.4882
HEARTS KING CLUBS KING,0.189,0.038,0.773
SPADES QUEEN CLUBS KING,0.5318,0.008,0.4602
HEARTS THREE CLUBS FIVE,0.6282,0.149,0.2228
SPADES EIGHT SPADES TWO,0.5992,0.1044,0.2964
HEARTS ACE HEARTS TEN,0.4862,0.005,0.5088
HEARTS SIX DIAMONDS SEVEN,0.4958,0.1156,0.3886
SPADES ACE SPADES THREE,0.599,0.0048,0.3962
DIAMONDS THREE SPADES THREE,0.522,0.2996,0.1784
HEARTS THREE SPADES NINE,0.6446,0.0826,0.2728
DIAMONDS QUEEN CLUBS KING,0.5158,0.009,0.4752
SPADES QUEEN CLUBS EIGHT,0.529,0.0234,0.4476
HEARTS ACE DIAMONDS FIVE,0.5352,0.0062,0.4586
HEARTS KING CLUBS ACE,0.5358,0.0034,0.4608
HEARTS SIX SPADES THREE,0.6292,0.1418,0.229
HEARTS TWO HEARTS KING,0.6024,0.0202,0.3774
SPADES KING CLUBS KING,0.2044,0.0324,0.7632
CLUBS SIX DIAMONDS SEVEN,0.5016,0.1122,0.3862
HEARTS JACK CLUBS QUEEN,0.5052,0.0152,0.4796
HEARTS TWO CLUBS TWO,0.526,0.3,0.174
SPADES QUEEN CLUBS FOUR,0.6564,0.0362,0.3074
SPADES KING DIAMONDS EIGHT,0.5334,0.0156,0.451
DIAMONDS EIGHT DIAMONDS SEVEN,0.481,0.075,0.444
CLUBS JACK SPADES TWO,0.6332,0.0466,0.3202
SPADES QUEEN DIAMONDS EIGHT,0.5188,0.0268,0.4544
DIAMONDS EIGHT DIAMONDS FIVE,0.4998,0.0966,0.4036
DIAMONDS THREE CLUBS SEVEN,0.6414,0.1212,0.2374
CLUBS FOUR DIAMONDS KING,0.655,0.0268,0.3182
DIAMONDS ACE HEARTS TEN,0.5048,0.007,0.4882
DIAMONDS TWO DIAMONDS SIX,0.6058,0.1344,0.2598
DIAMONDS SIX HEARTS NINE,0.5168,0.076,0.4072
CLUBS EIGHT HEARTS THREE,0.6376,0.105,0.2574
CLUBS SIX SPADES SEVEN,0.5064,0.106,0.3876
CLUBS FIVE DIAMONDS NINE,0.5452,0.081,0.3738
CLUBS FOUR HEARTS KING,0.6612,0.0292,0.3096
HEARTS SIX SPADES TWO,0.6384,0.1374,0.2242
DIAMONDS THREE HEARTS NINE,0.639,0.0896,0.2714
SPADES FIVE CLUBS ACE,0.5472,0.0026,0.4502
CLUBS EIGHT HEARTS TWO,0.6454,0.1094,0.2452
HEARTS FIVE HEARTS TEN,0.5156,0.0672,0.4172
SPADES QUEEN CLUBS NINE,0.515,0.0198,0.4652
CLUBS JACK CLUBS SIX,0.526,0.0422,0.4318
HEARTS SIX DIAMONDS TEN,0.531,0.0632,0.4058
HEARTS TWO SPADES FIVE,0.6306,0.1514,0.218
HEARTS ACE DIAMONDS NINE,0.5154,0.006,0.4786
SPADES ACE DIAMONDS EIGHT,0.5338,0.0048,0.4614
DIAMONDS THREE CLUBS THREE,0.5126,0.3196,0.1678
SPADES ACE HEARTS SEVEN,0.5294,0.004,0.4666
CLUBS TEN CLUBS ACE,0.4876,0.0042,0.5082
CLUBS FIVE HEARTS KING,0.5346,0.0176,0.4478
DIAMONDS JACK HEARTS TEN,0.4876,0.022,0.4904
HEARTS EIGHT CLUBS ACE,0.5218,0.0044,0.4738
DIAMONDS THREE SPADES QUEEN,0.6352,0.0292,0.3356
HEARTS ACE DIAMONDS EIGHT,0.5162,0.0048,0.479
SPADES TEN DIAMONDS FIVE,0.5484,0.0572,0.3944
SPADES SEVEN CLUBS ACE,0.5394,0.0042,0.4564
SPADES QUEEN CLUBS SIX,0.548,0.0258,0.4262
SPADES SEVEN CLUBS QUEEN,0.5388,0.0232,0.438
CLUBS FOUR HEARTS TEN,0.6492,0.0542,0.2966
HEARTS SEVEN HEARTS QUEEN,0.5092,0.0254,0.4654
DIAMONDS KING HEARTS QUEEN,0.5152,0.0086,0.4762
SPADES NINE DIAMONDS QUEEN,0.5138,0.0222,0.464
CLUBS NINE SPADES SEVEN,0.5118,0.0698,0.4184
CLUBS TWO HEARTS NINE,0.6364,0.0766,0.287
HEARTS KING HEARTS NINE,0.508,0.0116,0.4804
SPADES KING HEARTS KING,0.1808,0.0384,0.7808
CLUBS NINE HEARTS TEN,0.5016,0.045,0.4534
CLUBS TWO CLUBS KING,0.5994,0.0208,0.3798
CLUBS EIGHT SPADES EIGHT,0.192,0.1814,0.6266
HEARTS THREE DIAMONDS SEVEN,0.6334,0.1234,0.2432
SPADES QUEEN SPADES FIVE,0.509,0.0338,0.4572
SPADES TEN HEARTS JACK,0.4906,0.025,0.4844
SPADES NINE SPADES EIGHT,0.4494,0.0598,0.4908
CLUBS SEVEN CLUBS ACE,0.5024,0.004,0.4936
CLUBS TEN HEARTS TEN,0.1986,0.1164,0.685
CLUBS FOUR SPADES FOUR,0.0226,0.9542,0.0232
HEARTS SIX DIAMONDS FIVE,0.5088,0.1264,0.3648
SPADES SEVEN SPADES FOUR,0.5834,0.0932,0.3234
DIAMONDS JACK HEARTS KING,0.5118,0.0088,0.4794
HEARTS EIGHT DIAMONDS SEVEN,0.5058,0.081,0.4132
SPADES JACK HEARTS NINE,0.5056,0.028,0.4664
SPADES NINE HEARTS JACK,0.4978,0.0296,0.4726
HEARTS FIVE SPADES TEN,0.539,0.0646,0.3964
HEARTS THREE SPADES EIGHT,0.6446,0.1052,0.2502
CLUBS FOUR CLUBS TWO,0.7376,0.1346,0.1278
DIAMONDS TEN DIAMONDS FIVE,0.525,0.0636,0.4114
DIAMONDS KING HEARTS TEN,0.502,0.0106,0.4874
HEARTS ACE CLUBS ACE,0.1824,0.0028,0.8148
SPADES SEVEN CLUBS FOUR,0.627,0.0912,0.2818
DIAMONDS SEVEN DIAMONDS SIX,0.481,0.099,0.42
DIAMONDS KING SPADES TWO,0.6368,0.0174,0.3458
HEARTS FIVE DIAMONDS QUEEN,0.5398,0.0292,0.431
DIAMONDS TWO DIAMONDS ACE,0.605,0.0048,0.3902
SPADES JACK SPADES THREE,0.5892,0.0538,0.357
HEARTS EIGHT SPADES TEN,0.5086,0.0558,0.4356
DIAMONDS NINE HEARTS NINE,0.1832,0.1504,0.6664
CLUBS FOUR HEARTS NINE,0.6516,0.0654,0.283
HEARTS THREE CLUBS KING,0.6422,0.0184,0.3394
SPADES QUEEN DIAMONDS FIVE,0.5374,0.0306,0.432
HEARTS TWO HEARTS TEN,0.6022,0.0648,0.333
HEARTS THREE HEARTS NINE,0.6086,0.086,0.3054
SPADES QUEEN CLUBS FIVE,0.545,0.0298,0.4252
HEARTS SEVEN CLUBS EIGHT,0.502,0.086,0.412
CLUBS SEVEN DIAMONDS JACK,0.524,0.0432,0.4328
CLUBS EIGHT CLUBS THREE,0.6076,0.1018,0.2906
HEARTS FIVE CLUBS FIVE,0.1762,0.2756,0.5482
CLUBS NINE SPADES NINE,0.1996,0.1494,0.651
CLUBS JACK CLUBS KING,0.4868,0.0084,0.5048
CLUBS TEN SPADES SEVEN,0.5204,0.0556,0.424
HEARTS EIGHT DIAMONDS TWO,0.631,0.116,0.253
SPADES QUEEN SPADES NINE,0.4912,0.0214,0.4874
CLUBS SIX SPADES THREE,0.6308,0.138,0.2312
DIAMONDS KING DIAMONDS QUEEN,0.4944,0.0088,0.4968
DIAMONDS TWO CLUBS KING,0.643,0.021,0.336
SPADES TEN DIAMONDS KING,0.5108,0.0126,0.4766
DIAMONDS KING DIAMONDS EIGHT,0.5056,0.0136,0.4808
CLUBS SEVEN CLUBS THREE,0.6018,0.1146,0.2836
SPADES SEVEN SPADES FIVE,0.5012,0.1108,0.388
CLUBS SEVEN CLUBS QUEEN,0.5034,0.0274,0.4692
CLUBS NINE HEARTS QUEEN,0.5108,0.0226,0.4666
CLUBS THREE HEARTS KING,0.6316,0.0188,0.3496
CLUBS THREE HEARTS TEN,0.6292,0.0678,0.303
HEARTS THREE HEARTS TWO,0.6902,0.163,0.1468
SPADES QUEEN CLUBS ACE,0.5298,0.0042,0.466
HEARTS SEVEN CLUBS SIX,0.5056,0.1052,0.3892
DIAMONDS ACE DIAMONDS SEVEN,0.5066,0.0052,0.4882
CLUBS FOUR SPADES THREE,0.7644,0.1358,0.0998
DIAMONDS JACK DIAMONDS TEN,0.4712,0.0274,0.5014
CLUBS NINE DIAMONDS ACE,0.5244,0.0046,0.471
HEARTS EIGHT HEARTS TEN,0.4806,0.0436,0.4758
HEARTS TWO HEARTS NINE,0.6004,0.0786,0.321
CLUBS QUEEN HEARTS NINE,0.5192,0.0206,0.4602
DIAMONDS TWO DIAMONDS KING,0.6068,0.0196,0.3736
CLUBS ACE DIAMONDS SEVEN,0.5402,0.0044,0.4554
DIAMONDS QUEEN DIAMONDS SIX,0.5176,0.0298,0.4526
DIAMONDS TEN HEARTS JACK,0.4882,0.0304,0.4814
DIAMONDS NINE SPADES TWO,0.6228,0.0872,0.29
DIAMONDS NINE DIAMONDS SIX,0.5036,0.0728,0.4236
SPADES TWO DIAMONDS EIGHT,0.6292,0.1042,0.2666
CLUBS SEVEN SPADES FIVE,0.5282,0.1106,0.3612
SPADES EIGHT SPADES SEVEN,0.4714,0.08,0.4486
DIAMONDS KING CLUBS THREE,0.6336,0.018,0.3484
HEARTS SIX CLUBS SIX,0.1796,0.2322,0.5882
CLUBS EIGHT HEARTS TEN,0.519,0.0508,0.4302
CLUBS THREE SPADES TWO,0.7286,0.1576,0.1138
CLUBS THREE SPADES FOUR,0.7684,0.132,0.0996
CLUBS SIX CLUBS ACE,0.5172,0.004,0.4788
DIAMONDS NINE DIAMONDS EIGHT,0.4698,0.059,0.4712
HEARTS TWO HEARTS QUEEN,0.6158,0.041,0.3432
CLUBS NINE DIAMONDS TEN,0.4808,0.0422,0.477
DIAMONDS TWO CLUBS TWO,0.516,0.3152,0.1688
CLUBS FOUR CLUBS ACE,0.6104,0.0206,0.369
SPADES KING SPADES SIX,0.5194,0.0162,0.4644
SPADES JACK DIAMONDS NINE,0.4958,0.0344,0.4698
CLUBS NINE CLUBS FIVE,0.5072,0.0746,0.4182
HEARTS SIX SPADES SIX,0.1766,0.2424,0.581
CLUBS SEVEN HEARTS THREE,0.6284,0.1206,0.251
CLUBS SEVEN HEARTS QUEEN,0.549,0.0256,0.4254
CLUBS EIGHT CLUBS FIVE,0.494,0.0932,0.4128
DIAMONDS ACE HEARTS NINE,0.5306,0.007,0.4624
CLUBS SIX DIAMONDS SIX,0.1738,0.2482,0.578
HEARTS EIGHT DIAMONDS SIX,0.4948,0.0962,0.409
CLUBS JACK DIAMONDS QUEEN,0.5094,0.018,0.4726
CLUBS SEVEN CLUBS FOUR,0.5874,0.0912,0.3214
HEARTS SIX HEARTS TEN,0.5108,0.0566,0.4326
SPADES KING DIAMONDS TEN,0.5218,0.0078,0.4704
SPADES JACK SPADES TEN,0.4844,0.0262,0.4894
CLUBS FOUR DIAMONDS SIX,0.6288,0.096,0.2752
HEARTS QUEEN DIAMONDS FIVE,0.5424,0.0314,0.4262
HEARTS FIVE DIAMONDS TEN,0.5386,0.0612,0.4002
CLUBS FIVE CLUBS THREE,0.5926,0.1364,0.271
CLUBS FIVE DIAMONDS TEN,0.5478,0.0632,0.389
SPADES JACK CLUBS EIGHT,0.518,0.0324,0.4496
DIAMONDS THREE CLUBS EIGHT,0.6428,0.098,0.2592
HEARTS EIGHT HEARTS JACK,0.4864,0.036,0.4776
SPADES NINE HEARTS QUEEN,0.5138,0.0212,0.465
HEARTS THREE CLUBS SIX,0.6338,0.1368,0.2294
CLUBS TEN DIAMONDS ACE,0.5142,0.0052,0.4806
HEARTS SIX SPADES JACK,0.5362,0.0408,0.423
SPADES JACK DIAMONDS EIGHT,0.514,0.0354,0.4506
CLUBS THREE DIAMONDS QUEEN,0.632,0.0368,0.3312
CLUBS TEN DIAMONDS TEN,0.178,0.1178,0.7042
HEARTS SEVEN HEARTS TEN,0.5016,0.0542,0.4442
CLUBS JACK HEARTS SEVEN,0.5186,0.0396,0.4418
SPADES TEN SPADES NINE,0.4586,0.0396,0.5018
CLUBS JACK HEARTS TWO,0.6358,0.0498,0.3144
HEARTS EIGHT DIAMONDS KING,0.5258,0.016,0.4582
CLUBS NINE SPADES SIX,0.5296,0.0706,0.3998
CLUBS FIVE SPADES FIVE,0.1866,0.2784,0.535
HEARTS SIX SPADES SEVEN,0.4984,0.1098,0.3918
HEARTS TWO DIAMONDS SEVEN,0.6428,0.1212,0.236
CLUBS TEN SPADES JACK,0.4936,0.0278,0.4786
HEARTS SEVEN DIAMONDS TEN,0.5106,0.0536,0.4358
DIAMONDS TWO SPADES TEN,0.6352,0.0702,0.2946
HEARTS FIVE SPADES SEVEN,0.5162,0.1134,0.3704
CLUBS NINE HEARTS SIX,0.5076,0.0756,0.4168
HEARTS FIVE DIAMONDS SIX,0.4912,0.1352,0.3736
SPADES ACE CLUBS JACK,0.5196,0.0044,0.476
CLUBS FIVE HEARTS NINE,0.5332,0.0784,0.3884
CLUBS ACE CLUBS QUEEN,0.5006,0.0058,0.4936
HEARTS THREE CLUBS FOUR,0.7694,0.1392,0.0914
CLUBS SIX SPADES SIX,0.1872,0.2444,0.5684
CLUBS TWO DIAMONDS NINE,0.6144,0.0868,0.2988
DIAMONDS ACE DIAMONDS QUEEN,0.498,0.0056,0.4964
HEARTS SIX SPADES NINE,0.5108,0.0752,0.414
HEARTS FIVE DIAMONDS ACE,0.5262,0.0062,0.4676
SPADES QUEEN DIAMONDS JACK,0.505,0.0152,0.4798
DIAMONDS THREE CLUBS FOUR,0.77,0.1412,0.0888
DIAMONDS TWO DIAMONDS NINE,0.5906,0.0912,0.3182
SPADES FIVE HEARTS JACK,0.5494,0.0492,0.4014
DIAMONDS KING CLUBS QUEEN,0.5192,0.0072,0.4736
DIAMONDS TWO CLUBS SEVEN,0.6422,0.1246,0.2332
CLUBS NINE HEARTS NINE,0.1874,0.154,0.6586
SPADES SIX SPADES FIVE,0.4852,0.122,0.3928
SPADES QUEEN CLUBS TWO,0.6412,0.032,0.3268
CLUBS TEN DIAMONDS EIGHT,0.5008,0.0464,0.4528
SPADES KING DIAMONDS ACE,0.5076,0.0038,0.4886
SPADES SIX DIAMONDS NINE,0.5008,0.0772,0.422
CLUBS EIGHT HEARTS JACK,0.5162,0.0338,0.45
SPADES NINE CLUBS KING,0.5214,0.0142,0.4644
CLUBS FIVE CLUBS KING,0.5176,0.015,0.4674
CLUBS FOUR HEARTS JACK,0.6488,0.041,0.3102
SPADES NINE DIAMONDS JACK,0.5052,0.026,0.4688
SPADES ACE DIAMONDS JACK,0.5196,0.0042,0.4762
SPADES TWO HEARTS QUEEN,0.6356,0.0362,0.3282
DIAMONDS JACK CLUBS KING,0.5128,0.0074,0.4798
CLUBS JACK CLUBS QUEEN,0.4772,0.0138,0.509
SPADES SIX DIAMONDS JACK,0.5426,0.0408,0.4166
SPADES FIVE DIAMONDS SIX,0.5084,0.1198,0.3718
HEARTS SEVEN CLUBS KING,0.5348,0.017,0.4482
CLUBS SEVEN DIAMONDS KING,0.5402,0.014,0.4458
SPADES ACE SPADES TWO,0.5938,0.0046,0.4016
SPADES KING CLUBS NINE,0.5256,0.0096,0.4648
CLUBS NINE CLUBS ACE,0.485,0.0022,0.5128
SPADES TEN DIAMONDS EIGHT,0.5062,0.0498,0.444
HEARTS EIGHT DIAMONDS ACE,0.5372,0.0036,0.4592
CLUBS FIVE DIAMONDS JACK,0.5476,0.0456,0.4068
HEARTS THREE DIAMONDS EIGHT,0.6402,0.106,0.2538
SPADES SEVEN SPADES THREE,0.5934,0.1178,0.2888
DIAMONDS TWO SPADES FOUR,0.795,0.1342,0.0708
DIAMONDS JACK DIAMONDS SEVEN,0.4978,0.0426,0.4596
SPADES ACE CLUBS FOUR,0.6436,0.0208,0.3356
HEARTS FIVE HEARTS ACE,0.5026,0.0058,0.4916
SPADES JACK HEARTS TWO,0.6578,0.0488,0.2934
SPADES JACK HEARTS JACK,0.1794,0.095,0.7256
HEARTS THREE SPADES SEVEN,0.6366,0.1244,0.239
DIAMONDS THREE SPADES FIVE,0.6316,0.1554,0.213
SPADES ACE CLUBS THREE,0.6398,0.0068,0.3534
CLUBS FOUR CLUBS QUEEN,0.607,0.0386,0.3544
HEARTS SIX SPADES FIVE,0.5086,0.1292,0.3622
DIAMONDS TWO SPADES NINE,0.6244,0.0856,0.29
CLUBS TEN SPADES SIX,0.5382,0.0666,0.3952
DIAMONDS THREE CLUBS KING,0.6348,0.0206,0.3446
CLUBS TEN SPADES FOUR,0.666,0.0522,0.2818
DIAMONDS TWO DIAMONDS TEN,0.597,0.0686,0.3344
CLUBS EIGHT SPADES THREE,0.6426,0.0948,0.2626
SPADES SIX HEARTS TEN,0.5216,0.0668,0.4116
CLUBS SIX CLUBS QUEEN,0.5242,0.0264,0.4494
DIAMONDS KING DIAMONDS NINE,0.4944,0.014,0.4916
HEARTS TWO DIAMONDS NINE,0.6382,0.089,0.2728
SPADES EIGHT DIAMONDS TEN,0.507,0.05,0.443
DIAMONDS THREE CLUBS QUEEN,0.6398,0.0362,0.324
SPADES ACE DIAMONDS TWO,0.632,0.0032,0.3648
SPADES TEN HEARTS ACE,0.518,0.004,0.478
HEARTS FIVE CLUBS SEVEN,0.519,0.107,0.374
SPADES KING SPADES TWO,0.6064,0.0194,0.3742
DIAMONDS ACE SPADES SEVEN,0.5372,0.0038,0.459
SPADES SEVEN DIAMONDS SEVEN,0.1838,0.2206,0.5956
DIAMONDS QUEEN DIAMONDS TEN,0.485,0.016,0.499
HEARTS THREE DIAMONDS ACE,0.6392,0.006,0.3548
SPADES TEN SPADES FOUR,0.6272,0.0476,0.3252
CLUBS SIX DIAMONDS QUEEN,0.5358,0.0286,0.4356
CLUBS SEVEN DIAMONDS SEVEN,0.1792,0.212,0.6088
CLUBS THREE DIAMONDS TEN,0.6302,0.0694,0.3004
CLUBS EIGHT DIAMONDS TEN,0.5122,0.0392,0.4486
CLUBS JACK CLUBS TWO,0.5996,0.047,0.3534
CLUBS THREE SPADES THREE,0.5222,0.302,0.1758
SPADES JACK SPADES TWO,0.5998,0.0474,0.3528
SPADES FOUR HEARTS TEN,0.6566,0.0592,0.2842
DIAMONDS THREE HEARTS ACE,0.6362,0.0044,0.3594
SPADES SIX DIAMONDS EIGHT,0.5032,0.0948,0.402
HEARTS SIX DIAMONDS KING,0.5372,0.0196,0.4432
HEARTS SIX DIAMONDS EIGHT,0.5082,0.0938,0.398
HEARTS EIGHT SPADES EIGHT,0.1774,0.1798,0.6428
DIAMONDS THREE SPADES SEVEN,0.6376,0.1254,0.237
DIAMONDS ACE HEARTS KING,0.5288,0.0062,0.465
CLUBS NINE CLUBS FOUR,0.6232,0.0618,0.315
SPADES EIGHT HEARTS JACK,0.5144,0.0376,0.448
CLUBS SIX HEARTS ACE,0.528,0.0042,0.4678
HEARTS TWO SPADES EIGHT,0.646,0.105,0.249
DIAMONDS ACE HEARTS JACK,0.5256,0.0054,0.469
SPADES ACE SPADES JACK,0.4952,0.0048,0.5
HEARTS EIGHT SPADES FIVE,0.522,0.0928,0.3852
SPADES TEN CLUBS QUEEN,0.494,0.0228,0.4832
CLUBS TWO DIAMONDS FIVE,0.6346,0.1516,0.2138
DIAMONDS ACE CLUBS FOUR,0.6376,0.0274,0.335
HEARTS TWO HEARTS JACK,0.62,0.0458,0.3342
HEARTS EIGHT HEARTS FIVE,0.5026,0.1028,0.3946
DIAMONDS ACE DIAMONDS TEN,0.4956,0.007,0.4974
SPADES NINE DIAMONDS TEN,0.4922,0.0458,0.462
CLUBS NINE SPADES EIGHT,0.5058,0.0612,0.433
CLUBS JACK DIAMONDS EIGHT,0.5022,0.0378,0.46
CLUBS JACK SPADES SEVEN,0.5326,0.0376,0.4298
CLUBS EIGHT DIAMONDS FIVE,0.5188,0.094,0.3872
CLUBS THREE CLUBS KING,0.6062,0.0154,0.3784
CLUBS SEVEN HEARTS KING,0.5336,0.014,0.4524
SPADES SEVEN DIAMONDS TEN,0.517,0.0574,0.4256
HEARTS TWO SPADES TWO,0.515,0.3154,0.1696
SPADES KING CLUBS TWO,0.65,0.0198,0.3302
HEARTS QUEEN CLUBS ACE,0.5292,0.0034,0.4674
DIAMONDS JACK DIAMONDS NINE,0.4852,0.0258,0.489
CLUBS TEN CLUBS SEVEN,0.4874,0.0566,0.456
CLUBS TWO SPADES FOUR,0.7724,0.1432,0.0844
SPADES SEVEN HEARTS KING,0.533,0.0142,0.4528
DIAMONDS TEN HEARTS QUEEN,0.5094,0.0172,0.4734
SPADES KING SPADES THREE,0.5948,0.0204,0.3848
SPADES ACE SPADES QUEEN,0.4908,0.0064,0.5028
SPADES FIVE SPADES TWO,0.5972,0.1418,0.261
CLUBS JACK SPADES FOUR,0.6668,0.0386,0.2946
SPADES KING HEARTS THREE,0.6496,0.018,0.3324
HEARTS FIVE CLUBS QUEEN,0.5648,0.027,0.4082
HEARTS ACE HEARTS JACK,0.4964,0.006,0.4976
SPADES KING SPADES QUEEN,0.4986,0.0066,0.4948
HEARTS EIGHT HEARTS ACE,0.5066,0.0062,0.4872
DIAMONDS THREE DIAMONDS EIGHT,0.6054,0.1016,0.293
SPADES JACK DIAMONDS FIVE,0.541,0.0492,0.4098
SPADES TWO HEARTS JACK,0.6422,0.0524,0.3054
CLUBS FIVE HEARTS QUEEN,0.5434,0.0346,0.422
CLUBS NINE HEARTS THREE,0.641,0.0836,0.2754
SPADES THREE CLUBS ACE,0.6364,0.0046,0.359
CLUBS JACK SPADES KING,0.5114,0.0092,0.4794
SPADES EIGHT SPADES FOUR,0.6164,0.0718,0.3118
DIAMONDS QUEEN HEARTS QUEEN,0.176,0.0654,0.7586
CLUBS SEVEN HEARTS ACE,0.532,0.004,0.464
SPADES FIVE SPADES THREE,0.5846,0.1478,0.2676
CLUBS SIX DIAMONDS JACK,0.533,0.045,0.422
SPADES TEN SPADES SIX,0.509,0.0526,0.4384
SPADES NINE SPADES SIX,0.4964,0.0712,0.4324
DIAMONDS KING SPADES SIX,0.544,0.0116,0.4444
CLUBS JACK DIAMONDS THREE,0.6316,0.053,0.3154
HEARTS KING CLUBS QUEEN,0.523,0.0082,0.4688
SPADES TEN HEARTS NINE,0.4968,0.0448,0.4584
HEARTS TEN DIAMONDS FIVE,0.544,0.0646,0.3914
CLUBS SEVEN CLUBS SIX,0.4784,0.1,0.4216
DIAMONDS TWO CLUBS QUEEN,0.6552,0.0314,0.3134
SPADES QUEEN HEARTS FIVE,0.5476,0.035,0.4174
SPADES JACK SPADES SEVEN,0.4954,0.0372,0.4674
SPADES FOUR CLUBS ACE,0.6238,0.0224,0.3538
CLUBS EIGHT CLUBS KING,0.5076,0.0118,0.4806
CLUBS SIX HEARTS TWO,0.6364,0.1412,0.2224
SPADES QUEEN SPADES TWO,0.603,0.0308,0.3662
CLUBS EIGHT DIAMONDS KING,0.5422,0.013,0.4448
HEARTS EIGHT CLUBS KING,0.523,0.0132,0.4638
CLUBS FIVE HEARTS JACK,0.5402,0.046,0.4138
SPADES QUEEN DIAMONDS SIX,0.5414,0.0324,0.4262
DIAMONDS JACK HEARTS JACK,0.1862,0.0936,0.7202
HEARTS SIX SPADES FOUR,0.6352,0.1088,0.256
CLUBS NINE CLUBS KING,0.5042,0.0114,0.4844
SPADES FOUR DIAMONDS SIX,0.6188,0.1014,0.2798
CLUBS FOUR HEARTS ACE,0.6464,0.0234,0.3302
DIAMONDS ACE SPADES SIX,0.5396,0.0052,0.4552
HEARTS THREE DIAMONDS FIVE,0.6232,0.1482,0.2286
HEARTS SEVEN HEARTS SIX,0.4656,0.1036,0.4308
HEARTS KING HEARTS TEN,0.4798,0.0094,0.5108
SPADES ACE CLUBS NINE,0.526,0.0056,0.4684
DIAMONDS THREE SPADES TWO,0.7298,0.1584,0.1118
CLUBS TEN DIAMONDS QUEEN,0.4932,0.0184,0.4884
DIAMONDS JACK DIAMONDS FIVE,0.531,0.0448,0.4242
CLUBS EIGHT DIAMONDS QUEEN,0.5462,0.0228,0.431
SPADES JACK DIAMONDS KING,0.5158,0.0102,0.474
CLUBS FIVE CLUBS ACE,0.4998,0.0054,0.4948
HEARTS QUEEN HEARTS NINE,0.4954,0.0184,0.4862
SPADES TEN SPADES THREE,0.598,0.0692,0.3328
SPADES THREE DIAMONDS NINE,0.627,0.0794,0.2936
SPADES JACK CLUBS FOUR,0.671,0.038,0.291
HEARTS SIX CLUBS FIVE,0.4986,0.1222,0.3792
DIAMONDS THREE CLUBS ACE,0.6316,0.0062,0.3622
SPADES TEN DIAMONDS ACE,0.5114,0.0046,0.484
CLUBS SIX DIAMONDS ACE,0.5386,0.007,0.4544
CLUBS THREE DIAMONDS JACK,0.6494,0.052,0.2986
CLUBS JACK HEARTS NINE,0.4984,0.0306,0.471
HEARTS EIGHT CLUBS NINE,0.497,0.0626,0.4404
CLUBS FOUR DIAMONDS TEN,0.6566,0.0592,0.2842
HEARTS TWO DIAMONDS EIGHT,0.64,0.097,0.263
HEARTS SEVEN SPADES TEN,0.5198,0.0526,0.4276
SPADES FIVE DIAMONDS EIGHT,0.5186,0.098,0.3834
HEARTS SIX HEARTS THREE,0.5896,0.1314,0.279
DIAMONDS SEVEN HEARTS TEN,0.5046,0.0506,0.4448
HEARTS FIVE SPADES THREE,0.6076,0.15,0.2424
SPADES EIGHT CLUBS THREE,0.638,0.1056,0.2564
CLUBS EIGHT DIAMONDS NINE,0.4802,0.0568,0.463
HEARTS FIVE DIAMONDS KING,0.547,0.0166,0.4364
HEARTS FIVE SPADES FOUR,0.6076,0.1202,0.2722
HEARTS TWO DIAMONDS JACK,0.6446,0.0462,0.3092
HEARTS SEVEN CLUBS QUEEN,0.5384,0.0202,0.4414
CLUBS FOUR SPADES FIVE,0.6042,0.1204,0.2754
CLUBS SIX HEARTS JACK,0.5444,0.0412,0.4144
HEARTS FIVE CLUBS FOUR,0.608,0.1154,0.2766
CLUBS FOUR DIAMONDS EIGHT,0.652,0.082,0.266
SPADES TEN SPADES TWO,0.5964,0.0638,0.3398
SPADES SIX DIAMONDS SEVEN,0.5076,0.11,0.3824
HEARTS JACK HEARTS NINE,0.4712,0.0342,0.4946
HEARTS SIX HEARTS FIVE,0.4848,0.124,0.3912
DIAMONDS QUEEN DIAMONDS FIVE,0.5232,0.0326,0.4442
HEARTS EIGHT SPADES KING,0.5362,0.0154,0.4484
SPADES SIX DIAMONDS FIVE,0.513,0.1228,0.3642
SPADES SIX SPADES TWO,0.6044,0.1268,0.2688
CLUBS SEVEN DIAMONDS ACE,0.5464,0.0032,0.4504
DIAMONDS THREE DIAMONDS TEN,0.6058,0.0672,0.327
SPADES QUEEN CLUBS SEVEN,0.5542,0.0268,0.419
HEARTS QUEEN DIAMONDS SIX,0.5318,0.0242,0.444
SPADES EIGHT DIAMONDS FIVE,0.5256,0.0974,0.377
HEARTS TWO DIAMONDS TEN,0.6366,0.0726,0.2908
HEARTS THREE HEARTS JACK,0.608,0.045,0.347
SPADES FIVE CLUBS QUEEN,0.553,0.0326,0.4144
SPADES JACK CLUBS SEVEN,0.5286,0.0364,0.435
HEARTS SEVEN CLUBS TWO,0.639,0.1198,0.2412
CLUBS EIGHT DIAMONDS EIGHT,0.1862,0.1772,0.6366
DIAMONDS TWO HEARTS KING,0.6362,0.0192,0.3446
HEARTS TWO DIAMONDS ACE,0.632,0.0062,0.3618
DIAMONDS THREE HEARTS THREE,0.5194,0.3074,0.1732
CLUBS NINE HEARTS FIVE,0.5274,0.078,0.3946
CLUBS FOUR DIAMONDS SEVEN,0.632,0.0862,0.2818
HEARTS QUEEN HEARTS TEN,0.4782,0.0182,0.5036
HEARTS EIGHT DIAMONDS TEN,0.5024,0.0478,0.4498
DIAMONDS THREE HEARTS QUEEN,0.6458,0.0372,0.317
HEARTS SEVEN CLUBS THREE,0.6286,0.1214,0.25
HEARTS EIGHT SPADES SEVEN,0.4978,0.0788,0.4234
HEARTS THREE SPADES FOUR,0.7682,0.1352,0.0966
SPADES FIVE HEARTS KING,0.5568,0.0182,0.425
SPADES QUEEN DIAMONDS KING,0.524,0.0082,0.4678
DIAMONDS TEN HEARTS TEN,0.1808,0.1234,0.6958
HEARTS ACE DIAMONDS TEN,0.5016,0.0062,0.4922
HEARTS EIGHT HEARTS SEVEN,0.468,0.0852,0.4468
HEARTS SEVEN DIAMONDS JACK,0.5234,0.0456,0.431
