opposingHand,winningChance,drawChance,lostChance
DIAMONDS TWO CLUBS JACK
HEARTS FIVE SPADES TEN,0.5886,0.018,0.3934
HEARTS FIVE SPADES JACK,0.2232,0.4578,0.319
CLUBS TEN SPADES FIVE,0.6012,0.018,0.3808
CLUBS TEN CLUBS EIGHT,0.5272,0.0184,0.4544
CLUBS EIGHT CLUBS KING,0.3394,0.0102,0.6504
SPADES FIVE CLUBS ACE,0.3496,0.0048,0.6456
CLUBS EIGHT CLUBS QUEEN,0.3326,0.0118,0.6556
SPADES FIVE CLUBS KING,0.3432,0.008,0.6488
SPADES FIVE CLUBS QUEEN,0.3482,0.0126,0.6392
CLUBS EIGHT CLUBS ACE,0.3366,0.0054,0.658
HEARTS FIVE SPADES KING,0.3626,0.0078,0.6296
HEARTS FIVE SPADES QUEEN,0.3598,0.0144,0.6258
SPADES ACE HEARTS FIVE,0.3462,0.0036,0.6502
DIAMONDS THREE DIAMONDS FOUR,0.5282,0.0208,0.451
CLUBS TWO SPADES FOUR,0.6748,0.0548,0.2704
DIAMONDS THREE DIAMONDS FIVE,0.53,0.0252,0.4448
SPADES FIVE CLUBS TWO,0.674,0.0622,0.2638
CLUBS TWO SPADES TWO,0.2922,0.0346,0.6732
CLUBS TWO SPADES THREE,0.6938,0.0524,0.2538
DIAMONDS THREE DIAMONDS EIGHT,0.5574,0.0198,0.4228
SPADES EIGHT CLUBS TWO,0.7,0.057,0.243
DIAMONDS THREE DIAMONDS NINE,0.5582,0.0178,0.424
SPADES NINE CLUBS TWO,0.6996,0.0562,0.2442
DIAMONDS THREE DIAMONDS SIX,0.5414,0.0228,0.4358
SPADES SIX CLUBS TWO,0.71,0.0498,0.2402
DIAMONDS THREE DIAMONDS SEVEN,0.549,0.0196,0.4314
SPADES SEVEN CLUBS TWO,0.7168,0.05,0.2332
CLUBS SIX CLUBS TWO,0.6772,0.0486,0.2742
CLUBS SEVEN CLUBS TWO,0.6758,0.047,0.2772
CLUBS FOUR CLUBS TWO,0.6618,0.0532,0.285
CLUBS FIVE CLUBS TWO,0.6514,0.0536,0.295
DIAMONDS FOUR DIAMONDS SIX,0.5348,0.0184,0.4468
CLUBS TEN CLUBS QUEEN,0.3102,0.0094,0.6804
DIAMONDS FOUR DIAMONDS SEVEN,0.5312,0.0158,0.453
CLUBS TEN CLUBS KING,0.3152,0.0074,0.6774
CLUBS TEN CLUBS ACE,0.3202,0.0058,0.674
CLUBS EIGHT CLUBS TWO,0.6976,0.0518,0.2506
DIAMONDS FOUR DIAMONDS FIVE,0.5206,0.0206,0.4588
CLUBS NINE CLUBS TWO,0.6762,0.0542,0.2696
DIAMONDS FOUR DIAMONDS NINE,0.5556,0.0214,0.423
DIAMONDS FOUR DIAMONDS EIGHT,0.5524,0.0212,0.4264
CLUBS THREE CLUBS TWO,0.652,0.0578,0.2902
DIAMONDS NINE DIAMONDS FIVE,0.5474,0.0192,0.4334
DIAMONDS FIVE DIAMONDS EIGHT,0.542,0.0152,0.4428
DIAMONDS FIVE DIAMONDS SEVEN,0.5168,0.0194,0.4638
DIAMONDS SIX DIAMONDS FIVE,0.5162,0.0194,0.4644
DIAMONDS SIX DIAMONDS EIGHT,0.5204,0.015,0.4646
DIAMONDS NINE DIAMONDS SIX,0.532,0.0178,0.4502
HEARTS ACE SPADES THREE,0.3466,0.0044,0.649
SPADES THREE HEARTS KING,0.359,0.009,0.632
DIAMONDS SIX DIAMONDS SEVEN,0.5082,0.0194,0.4724
HEARTS QUEEN SPADES THREE,0.3666,0.01,0.6234
SPADES THREE HEARTS JACK,0.2206,0.5118,0.2676
SPADES THREE HEARTS TEN,0.5804,0.0184,0.4012
DIAMONDS EIGHT DIAMONDS SEVEN,0.5094,0.019,0.4716
DIAMONDS NINE DIAMONDS SEVEN,0.5284,0.0166,0.455
DIAMONDS NINE DIAMONDS EIGHT,0.5058,0.0176,0.4766
DIAMONDS KING HEARTS TEN,0.3224,0.0058,0.6718
HEARTS THREE HEARTS TEN,0.5464,0.0208,0.4328
SPADES JACK CLUBS SIX,0.2242,0.3844,0.3914
DIAMONDS KING HEARTS JACK,0.2118,0.0282,0.76
HEARTS THREE HEARTS JACK,0.1984,0.5028,0.2988
SPADES TEN CLUBS SIX,0.5818,0.016,0.4022
SPADES JACK SPADES FIVE,0.2038,0.423,0.3732
SPADES TEN SPADES FIVE,0.5546,0.0168,0.4286
DIAMONDS KING HEARTS ACE,0.3148,0.0046,0.6806
HEARTS THREE HEARTS ACE,0.3186,0.004,0.6774
SPADES ACE CLUBS SIX,0.3682,0.0044,0.6274
DIAMONDS KING HEARTS QUEEN,0.305,0.0066,0.6884
HEARTS THREE HEARTS QUEEN,0.3272,0.0132,0.6596
SPADES KING CLUBS SIX,0.364,0.0078,0.6282
DIAMONDS KING HEARTS KING,0.1224,0.0064,0.8712
HEARTS THREE HEARTS KING,0.342,0.0084,0.6496
SPADES QUEEN CLUBS SIX,0.3564,0.0142,0.6294
SPADES NINE HEARTS TEN,0.5314,0.0154,0.4532
SPADES NINE HEARTS JACK,0.2218,0.1716,0.6066
SPADES QUEEN SPADES FIVE,0.3328,0.01,0.6572
SPADES KING SPADES FIVE,0.3388,0.0086,0.6526
SPADES ACE SPADES FIVE,0.3252,0.005,0.6698
SPADES NINE HEARTS QUEEN,0.3392,0.0104,0.6504
SPADES NINE HEARTS KING,0.3464,0.0062,0.6474
SPADES NINE HEARTS ACE,0.3556,0.0042,0.6402
CLUBS TEN SPADES JACK,0.2226,0.1284,0.649
CLUBS TEN SPADES TEN,0.2764,0.0214,0.7022
SPADES ACE CLUBS TEN,0.3466,0.005,0.6484
SPADES KING CLUBS TEN,0.3368,0.006,0.6572
CLUBS TEN SPADES QUEEN,0.329,0.0104,0.6606
SPADES FIVE HEARTS QUEEN,0.3504,0.0118,0.6378
SPADES FIVE HEARTS KING,0.3584,0.007,0.6346
HEARTS ACE SPADES FIVE,0.3512,0.0042,0.6446
CLUBS EIGHT SPADES TEN,0.5508,0.0184,0.4308
SPADES JACK HEARTS THREE,0.2192,0.5214,0.2594
SPADES JACK DIAMONDS KING,0.2214,0.0322,0.7464
SPADES TEN DIAMONDS KING,0.324,0.0068,0.6692
SPADES TEN HEARTS THREE,0.6062,0.017,0.3768
SPADES JACK CLUBS EIGHT,0.2266,0.2116,0.5618
CLUBS SIX HEARTS ACE,0.3634,0.0036,0.633
SPADES ACE CLUBS EIGHT,0.3672,0.0042,0.6286
HEARTS FIVE CLUBS TEN,0.5962,0.0206,0.3832
CLUBS SIX HEARTS QUEEN,0.3636,0.0116,0.6248
SPADES QUEEN CLUBS EIGHT,0.3568,0.0114,0.6318
CLUBS TEN SPADES THREE,0.5842,0.0212,0.3946
CLUBS SIX HEARTS KING,0.3832,0.0076,0.6092
SPADES KING CLUBS EIGHT,0.3518,0.0084,0.6398
SPADES THREE CLUBS QUEEN,0.3554,0.016,0.6286
SPADES THREE CLUBS KING,0.3554,0.0088,0.6358
HEARTS FIVE CLUBS ACE,0.3562,0.0058,0.638
SPADES FIVE HEARTS TEN,0.6012,0.0176,0.3812
SPADES THREE CLUBS ACE,0.3522,0.0072,0.6406
HEARTS FIVE CLUBS KING,0.353,0.0096,0.6374
SPADES FIVE HEARTS JACK,0.2154,0.4626,0.322
HEARTS FIVE CLUBS QUEEN,0.3492,0.0132,0.6376
HEARTS THREE CLUBS KING,0.344,0.008,0.648
DIAMONDS KING CLUBS KING,0.1182,0.009,0.8728
HEARTS THREE CLUBS QUEEN,0.3616,0.0126,0.6258
DIAMONDS KING CLUBS QUEEN,0.2966,0.0088,0.6946
HEARTS FIVE HEARTS JACK,0.21,0.4342,0.3558
HEARTS FIVE HEARTS TEN,0.5368,0.0206,0.4426
HEARTS THREE CLUBS ACE,0.3498,0.0056,0.6446
DIAMONDS KING CLUBS ACE,0.3056,0.0048,0.6896
SPADES ACE CLUBS QUEEN,0.2958,0.0052,0.699
SPADES KING CLUBS QUEEN,0.2984,0.0068,0.6948
SPADES QUEEN CLUBS QUEEN,0.1316,0.0112,0.8572
CLUBS TEN HEARTS THREE,0.5962,0.0192,0.3846
CLUBS TEN DIAMONDS KING,0.346,0.0088,0.6452
SPADES JACK CLUBS QUEEN,0.2192,0.0434,0.7374
CLUBS SIX CLUBS QUEEN,0.3446,0.0138,0.6416
SPADES TEN CLUBS QUEEN,0.3222,0.0108,0.667
CLUBS SIX CLUBS KING,0.3522,0.0066,0.6412
CLUBS SIX CLUBS ACE,0.3342,0.0048,0.661
HEARTS FIVE HEARTS KING,0.3348,0.0076,0.6576
HEARTS FIVE HEARTS QUEEN,0.3458,0.0118,0.6424
CLUBS TEN CLUBS SIX,0.5486,0.0184,0.433
HEARTS FIVE HEARTS ACE,0.329,0.0054,0.6656
SPADES SEVEN HEARTS JACK,0.2158,0.2898,0.4944
SPADES SEVEN HEARTS TEN,0.5658,0.0158,0.4184
SPADES SEVEN HEARTS ACE,0.3534,0.0034,0.6432
SPADES SEVEN HEARTS KING,0.3714,0.007,0.6216
SPADES SEVEN HEARTS QUEEN,0.353,0.0086,0.6384
CLUBS FOUR SPADES FIVE,0.548,0.0222,0.4298
CLUBS FOUR SPADES FOUR,0.3044,0.0506,0.645
CLUBS FOUR SPADES THREE,0.5688,0.021,0.4102
CLUBS FOUR SPADES TWO,0.6892,0.053,0.2578
SPADES NINE CLUBS FOUR,0.5854,0.0178,0.3968
SPADES EIGHT CLUBS FOUR,0.59,0.0198,0.3902
SPADES SEVEN CLUBS FOUR,0.5668,0.0194,0.4138
CLUBS FOUR SPADES SIX,0.558,0.0202,0.4218
SPADES ACE DIAMONDS SIX,0.3518,0.004,0.6442
SPADES QUEEN DIAMONDS SIX,0.3532,0.0096,0.6372
SPADES KING DIAMONDS SIX,0.3608,0.0058,0.6334
SPADES TEN DIAMONDS SIX,0.5736,0.0208,0.4056
SPADES JACK DIAMONDS SIX,0.2112,0.3988,0.39
SPADES QUEEN SPADES TWO,0.2192,0.0386,0.7422
SPADES KING SPADES TWO,0.233,0.0284,0.7386
SPADES ACE SPADES TWO,0.2246,0.0178,0.7576
CLUBS TEN DIAMONDS JACK,0.2246,0.1224,0.653
DIAMONDS JACK CLUBS KING,0.205,0.0304,0.7646
DIAMONDS JACK CLUBS QUEEN,0.2046,0.0462,0.7492
DIAMONDS THREE DIAMONDS JACK,0.2026,0.4908,0.3066
DIAMONDS THREE DIAMONDS TEN,0.5576,0.0178,0.4246
DIAMONDS JACK CLUBS ACE,0.206,0.023,0.771
DIAMONDS THREE DIAMONDS KING,0.335,0.0098,0.6552
DIAMONDS THREE HEARTS THREE,0.3168,0.058,0.6252
DIAMONDS THREE DIAMONDS QUEEN,0.3378,0.0126,0.6496
DIAMONDS THREE HEARTS TWO,0.6858,0.0546,0.2596
HEARTS FIVE DIAMONDS THREE,0.5582,0.0218,0.42
DIAMONDS THREE DIAMONDS ACE,0.3378,0.0046,0.6576
HEARTS FOUR DIAMONDS THREE,0.559,0.0232,0.4178
HEARTS SEVEN DIAMONDS THREE,0.5734,0.0228,0.4038
SPADES TEN SPADES NINE,0.4922,0.0162,0.4916
DIAMONDS THREE HEARTS SIX,0.5712,0.0208,0.408
SPADES JACK SPADES NINE,0.211,0.158,0.631
DIAMONDS THREE HEARTS NINE,0.5856,0.019,0.3954
DIAMONDS FOUR HEARTS JACK,0.201,0.5298,0.2692
HEARTS ACE HEARTS KING,0.2886,0.0044,0.707
SPADES TEN SPADES TWO,0.6498,0.0602,0.29
DIAMONDS THREE HEARTS EIGHT,0.5802,0.0218,0.398
DIAMONDS FOUR HEARTS TEN,0.585,0.0202,0.3948
SPADES JACK SPADES TWO,0.0206,0.9096,0.0698
DIAMONDS FOUR HEARTS QUEEN,0.3492,0.0152,0.6356
DIAMONDS FOUR HEARTS KING,0.3482,0.0096,0.6422
SPADES ACE SPADES NINE,0.3366,0.0052,0.6582
DIAMONDS FOUR HEARTS ACE,0.3392,0.0064,0.6544
SPADES KING SPADES NINE,0.3378,0.0084,0.6538
SPADES QUEEN SPADES NINE,0.318,0.0102,0.6718
DIAMONDS THREE SPADES NINE,0.5968,0.0178,0.3854
DIAMONDS THREE SPADES EIGHT,0.5908,0.0158,0.3934
DIAMONDS THREE SPADES SEVEN,0.5748,0.0182,0.407
DIAMONDS THREE SPADES SIX,0.577,0.0214,0.4016
DIAMONDS THREE CLUBS SIX,0.5778,0.0236,0.3986
CLUBS FIVE CLUBS SIX,0.5236,0.0184,0.458
DIAMONDS FOUR CLUBS ACE,0.33,0.0054,0.6646
CLUBS SEVEN DIAMONDS THREE,0.582,0.0176,0.4004
CLUBS SEVEN CLUBS FIVE,0.5312,0.0182,0.4506
DIAMONDS THREE CLUBS FOUR,0.564,0.0222,0.4138
DIAMONDS FOUR CLUBS QUEEN,0.3518,0.0124,0.6358
DIAMONDS THREE CLUBS FIVE,0.5684,0.0252,0.4064
DIAMONDS FOUR CLUBS KING,0.346,0.0078,0.6462
DIAMONDS THREE CLUBS TWO,0.6816,0.055,0.2634
CLUBS TEN DIAMONDS FOUR,0.5878,0.0204,0.3918
DIAMONDS THREE CLUBS THREE,0.3162,0.052,0.6318
DIAMONDS THREE SPADES FOUR,0.5738,0.0196,0.4066
DIAMONDS THREE SPADES FIVE,0.5622,0.0246,0.4132
DIAMONDS THREE SPADES TWO,0.6806,0.0556,0.2638
DIAMONDS THREE SPADES THREE,0.3082,0.0574,0.6344
DIAMONDS THREE CLUBS EIGHT,0.5852,0.0222,0.3926
CLUBS NINE DIAMONDS THREE,0.6024,0.017,0.3806
SPADES SEVEN CLUBS ACE,0.3576,0.0034,0.639
SPADES SEVEN CLUBS QUEEN,0.3556,0.013,0.6314
SPADES SEVEN CLUBS KING,0.3548,0.0068,0.6384
CLUBS FIVE SPADES SEVEN,0.5602,0.017,0.4228
CLUBS TEN SPADES SEVEN,0.543,0.02,0.437
CLUBS FIVE SPADES SIX,0.547,0.0204,0.4326
CLUBS FIVE SPADES NINE,0.5838,0.0196,0.3966
CLUBS FIVE SPADES EIGHT,0.5744,0.02,0.4056
CLUBS FIVE SPADES THREE,0.5836,0.0192,0.3972
CLUBS FIVE SPADES TWO,0.6864,0.055,0.2586
CLUBS FIVE SPADES FIVE,0.315,0.0462,0.6388
CLUBS FIVE SPADES FOUR,0.5396,0.0212,0.4392
CLUBS NINE CLUBS FIVE,0.5636,0.0214,0.415
CLUBS EIGHT CLUBS FIVE,0.5554,0.0176,0.427
CLUBS ACE CLUBS QUEEN,0.3012,0.0054,0.6934
CLUBS KING CLUBS QUEEN,0.2856,0.006,0.7084
DIAMONDS FOUR DIAMONDS TEN,0.5552,0.0184,0.4264
CLUBS TEN DIAMONDS NINE,0.5394,0.016,0.4446
DIAMONDS FOUR DIAMONDS JACK,0.2134,0.4902,0.2964
CLUBS TEN SPADES NINE,0.55,0.02,0.43
DIAMONDS FOUR DIAMONDS ACE,0.3368,0.005,0.6582
HEARTS FOUR DIAMONDS FOUR,0.3016,0.0544,0.644
DIAMONDS JACK HEARTS TEN,0.2172,0.1192,0.6636
SPADES NINE CLUBS KING,0.3406,0.0074,0.652
DIAMONDS NINE CLUBS ACE,0.3486,0.0064,0.645
HEARTS FIVE DIAMONDS FOUR,0.533,0.018,0.449
DIAMONDS JACK HEARTS JACK,0.0774,0.0362,0.8864
SPADES NINE CLUBS QUEEN,0.341,0.0102,0.6488
DIAMONDS FOUR DIAMONDS QUEEN,0.326,0.0122,0.6618
DIAMONDS FOUR HEARTS TWO,0.6646,0.0552,0.2802
DIAMONDS NINE CLUBS QUEEN,0.3376,0.008,0.6544
DIAMONDS FOUR DIAMONDS KING,0.3214,0.0094,0.6692
DIAMONDS FOUR HEARTS THREE,0.5574,0.021,0.4216
SPADES NINE CLUBS ACE,0.3576,0.0048,0.6376
DIAMONDS NINE CLUBS KING,0.345,0.009,0.646
HEARTS ACE DIAMONDS JACK,0.2022,0.0198,0.778
HEARTS QUEEN DIAMONDS JACK,0.214,0.0412,0.7448
HEARTS KING DIAMONDS JACK,0.2116,0.0268,0.7616
SPADES JACK SPADES SEVEN,0.2106,0.2844,0.505
SPADES TEN SPADES SEVEN,0.525,0.0156,0.4594
CLUBS SEVEN CLUBS THREE,0.5566,0.0236,0.4198
CLUBS SIX CLUBS THREE,0.5414,0.0194,0.4392
CLUBS FIVE CLUBS THREE,0.5456,0.0224,0.432
CLUBS THREE CLUBS FOUR,0.5432,0.0264,0.4304
CLUBS NINE CLUBS THREE,0.5576,0.02,0.4224
CLUBS EIGHT CLUBS THREE,0.5682,0.0186,0.4132
CLUBS THREE SPADES FIVE,0.582,0.0214,0.3966
CLUBS THREE SPADES FOUR,0.5752,0.021,0.4038
CLUBS THREE SPADES THREE,0.3118,0.0568,0.6314
CLUBS THREE SPADES TWO,0.6788,0.0578,0.2634
CLUBS THREE SPADES SIX,0.5774,0.026,0.3966
CLUBS THREE SPADES SEVEN,0.5962,0.0198,0.384
SPADES EIGHT CLUBS THREE,0.5996,0.021,0.3794
SPADES NINE CLUBS THREE,0.601,0.018,0.381
DIAMONDS FOUR SPADES TWO,0.6722,0.0554,0.2724
DIAMONDS FOUR SPADES THREE,0.5508,0.0232,0.426
DIAMONDS FOUR SPADES FOUR,0.308,0.049,0.643
DIAMONDS FOUR SPADES FIVE,0.543,0.0264,0.4306
DIAMONDS FOUR SPADES SIX,0.5518,0.0178,0.4304
DIAMONDS FOUR SPADES SEVEN,0.5604,0.0266,0.413
DIAMONDS FOUR SPADES EIGHT,0.5792,0.0192,0.4016
DIAMONDS FOUR SPADES NINE,0.594,0.0184,0.3876
DIAMONDS FOUR CLUBS FIVE,0.542,0.0232,0.4348
DIAMONDS FOUR CLUBS FOUR,0.3102,0.0472,0.6426
CLUBS SEVEN DIAMONDS FOUR,0.5584,0.0192,0.4224
DIAMONDS FOUR CLUBS SIX,0.5698,0.0188,0.4114
CLUBS NINE DIAMONDS FOUR,0.5694,0.0218,0.4088
CLUBS EIGHT DIAMONDS FOUR,0.5778,0.0212,0.401
HEARTS SEVEN DIAMONDS FOUR,0.56,0.0208,0.4192
HEARTS SIX DIAMONDS FOUR,0.5662,0.0178,0.416
DIAMONDS FOUR HEARTS NINE,0.5854,0.0178,0.3968
DIAMONDS FOUR HEARTS EIGHT,0.5714,0.0214,0.4072
DIAMONDS FOUR CLUBS THREE,0.5708,0.0234,0.4058
DIAMONDS FOUR CLUBS TWO,0.6852,0.0552,0.2596
DIAMONDS TEN DIAMONDS FIVE,0.5672,0.0188,0.414
DIAMONDS JACK DIAMONDS FIVE,0.2066,0.4466,0.3468
DIAMONDS NINE HEARTS QUEEN,0.3472,0.0104,0.6424
DIAMONDS NINE HEARTS KING,0.3416,0.0064,0.652
HEARTS ACE DIAMONDS NINE,0.3514,0.0046,0.644
DIAMONDS NINE HEARTS TEN,0.5326,0.016,0.4514
DIAMONDS NINE HEARTS JACK,0.2232,0.165,0.6118
DIAMONDS SIX CLUBS KING,0.3582,0.0082,0.6336
DIAMONDS SIX CLUBS QUEEN,0.353,0.0092,0.6378
DIAMONDS SIX CLUBS ACE,0.3456,0.003,0.6514
SPADES KING DIAMONDS FOUR,0.3538,0.0068,0.6394
SPADES ACE SPADES SEVEN,0.3332,0.0042,0.6626
SPADES QUEEN DIAMONDS FOUR,0.3512,0.0126,0.6362
SPADES QUEEN SPADES SEVEN,0.3402,0.0108,0.649
SPADES KING SPADES SEVEN,0.326,0.0082,0.6658
SPADES ACE DIAMONDS FOUR,0.3478,0.0048,0.6474
CLUBS TEN DIAMONDS SIX,0.5666,0.022,0.4114
CLUBS NINE CLUBS FOUR,0.5646,0.0204,0.415
CLUBS EIGHT CLUBS FOUR,0.5498,0.021,0.4292
SPADES JACK DIAMONDS FOUR,0.2156,0.5344,0.25
DIAMONDS FOUR SPADES TEN,0.576,0.0148,0.4092
CLUBS FIVE CLUBS FOUR,0.5186,0.021,0.4604
CLUBS SEVEN CLUBS FOUR,0.5404,0.023,0.4366
CLUBS SIX CLUBS FOUR,0.5396,0.0202,0.4402
CLUBS SEVEN SPADES EIGHT,0.5376,0.0202,0.4422
CLUBS SEVEN SPADES NINE,0.54,0.0218,0.4382
CLUBS SEVEN SPADES SIX,0.5428,0.0178,0.4394
CLUBS SEVEN SPADES SEVEN,0.2916,0.0398,0.6686
CLUBS SEVEN SPADES FIVE,0.5554,0.0166,0.428
CLUBS SEVEN SPADES FOUR,0.5758,0.0236,0.4006
CLUBS SEVEN SPADES THREE,0.5866,0.0186,0.3948
CLUBS SEVEN SPADES TWO,0.7132,0.047,0.2398
CLUBS NINE CLUBS SEVEN,0.5102,0.0224,0.4674
CLUBS SEVEN CLUBS EIGHT,0.5026,0.0176,0.4798
HEARTS SIX DIAMONDS FIVE,0.5436,0.019,0.4374
HEARTS SEVEN DIAMONDS FIVE,0.548,0.0162,0.4358
DIAMONDS FIVE HEARTS EIGHT,0.5632,0.018,0.4188
DIAMONDS FIVE HEARTS NINE,0.578,0.0166,0.4054
DIAMONDS QUEEN DIAMONDS FIVE,0.336,0.0132,0.6508
HEARTS TWO DIAMONDS FIVE,0.6854,0.049,0.2656
HEARTS KING HEARTS EIGHT,0.328,0.0078,0.6642
DIAMONDS KING DIAMONDS FIVE,0.3438,0.0074,0.6488
HEARTS THREE DIAMONDS FIVE,0.5458,0.0206,0.4336
HEARTS QUEEN HEARTS EIGHT,0.3348,0.013,0.6522
DIAMONDS ACE DIAMONDS FIVE,0.3366,0.0044,0.659
HEARTS FOUR DIAMONDS FIVE,0.5572,0.0246,0.4182
HEARTS FIVE DIAMONDS FIVE,0.301,0.0448,0.6542
HEARTS ACE HEARTS EIGHT,0.3486,0.0052,0.6462
CLUBS FOUR DIAMONDS FIVE,0.5518,0.0184,0.4298
CLUBS FIVE DIAMONDS FIVE,0.3036,0.0518,0.6446
CLUBS SIX DIAMONDS FIVE,0.5512,0.0158,0.433
CLUBS SEVEN DIAMONDS FIVE,0.5532,0.0222,0.4246
CLUBS TWO DIAMONDS FIVE,0.6862,0.0516,0.2622
CLUBS THREE DIAMONDS FIVE,0.5686,0.0218,0.4096
SPADES THREE DIAMONDS FIVE,0.5438,0.022,0.4342
SPADES TWO DIAMONDS FIVE,0.6754,0.0552,0.2694
SPADES JACK DIAMONDS EIGHT,0.215,0.2176,0.5674
SPADES FIVE DIAMONDS FIVE,0.3082,0.0468,0.645
CLUBS TEN HEARTS JACK,0.228,0.1228,0.6492
SPADES TEN DIAMONDS EIGHT,0.5416,0.0132,0.4452
SPADES FOUR DIAMONDS FIVE,0.5446,0.0222,0.4332
HEARTS JACK CLUBS QUEEN,0.2154,0.0396,0.745
CLUBS NINE DIAMONDS FIVE,0.5748,0.0184,0.4068
HEARTS JACK CLUBS KING,0.2204,0.0358,0.7438
CLUBS EIGHT DIAMONDS FIVE,0.569,0.018,0.413
CLUBS ACE HEARTS JACK,0.2194,0.0228,0.7578
SPADES SEVEN DIAMONDS FIVE,0.5514,0.019,0.4296
SPADES KING DIAMONDS EIGHT,0.347,0.0068,0.6462
SPADES QUEEN DIAMONDS EIGHT,0.347,0.0104,0.6426
SPADES SIX DIAMONDS FIVE,0.5348,0.0186,0.4466
SPADES NINE DIAMONDS FIVE,0.5734,0.0168,0.4098
SPADES EIGHT DIAMONDS FIVE,0.5776,0.0206,0.4018
SPADES ACE DIAMONDS EIGHT,0.3494,0.0044,0.6462
DIAMONDS TEN DIAMONDS SIX,0.5286,0.0164,0.455
HEARTS ACE DIAMONDS SEVEN,0.3506,0.004,0.6454
DIAMONDS JACK DIAMONDS SIX,0.2154,0.3694,0.4152
HEARTS QUEEN DIAMONDS SEVEN,0.3632,0.0112,0.6256
HEARTS KING DIAMONDS SEVEN,0.3508,0.007,0.6422
DIAMONDS ACE DIAMONDS SIX,0.3408,0.0044,0.6548
HEARTS FOUR DIAMONDS SIX,0.5616,0.017,0.4214
SPADES TWO HEARTS JACK,0.0226,0.9588,0.0186
HEARTS FIVE DIAMONDS SIX,0.5502,0.02,0.4298
SPADES TWO HEARTS TEN,0.698,0.0536,0.2484
DIAMONDS QUEEN DIAMONDS SIX,0.3434,0.0108,0.6458
HEARTS TWO DIAMONDS SIX,0.7004,0.052,0.2476
DIAMONDS KING DIAMONDS SIX,0.329,0.0074,0.6636
HEARTS THREE DIAMONDS SIX,0.5838,0.0234,0.3928
DIAMONDS SIX HEARTS EIGHT,0.5558,0.0182,0.426
DIAMONDS SIX HEARTS NINE,0.5548,0.0228,0.4224
HEARTS SIX DIAMONDS SIX,0.3042,0.0456,0.6502
HEARTS SEVEN DIAMONDS SIX,0.5372,0.0198,0.443
HEARTS TEN DIAMONDS SEVEN,0.5476,0.0184,0.434
CLUBS TWO DIAMONDS SIX,0.7038,0.0488,0.2474
HEARTS JACK DIAMONDS SEVEN,0.219,0.292,0.489
CLUBS THREE DIAMONDS SIX,0.5688,0.0236,0.4076
CLUBS SEVEN DIAMONDS SIX,0.5446,0.02,0.4354
CLUBS SIX DIAMONDS SIX,0.3078,0.0422,0.65
CLUBS TEN DIAMONDS EIGHT,0.5326,0.0188,0.4486
CLUBS FIVE DIAMONDS SIX,0.55,0.0152,0.4348
CLUBS FOUR DIAMONDS SIX,0.5634,0.0202,0.4164
HEARTS ACE HEARTS JACK,0.2116,0.022,0.7664
CLUBS ACE DIAMONDS EIGHT,0.3428,0.0048,0.6524
HEARTS QUEEN HEARTS JACK,0.212,0.0394,0.7486
CLUBS KING DIAMONDS EIGHT,0.34,0.0076,0.6524
CLUBS NINE DIAMONDS SIX,0.568,0.0206,0.4114
HEARTS KING HEARTS JACK,0.205,0.035,0.76
DIAMONDS EIGHT CLUBS QUEEN,0.3318,0.011,0.6572
CLUBS EIGHT DIAMONDS SIX,0.5466,0.0176,0.4358
SPADES TEN HEARTS KING,0.3278,0.0072,0.665
SPADES FIVE DIAMONDS SIX,0.5462,0.0214,0.4324
HEARTS ACE SPADES TWO,0.2414,0.0146,0.744
SPADES JACK HEARTS KING,0.2266,0.0304,0.743
SPADES FOUR DIAMONDS SIX,0.5626,0.0196,0.4178
SPADES THREE DIAMONDS SIX,0.5768,0.0188,0.4044
HEARTS QUEEN SPADES TWO,0.2372,0.0354,0.7274
SPADES ACE SPADES KING,0.289,0.0058,0.7052
HEARTS KING SPADES TWO,0.2404,0.029,0.7306
SPADES TWO DIAMONDS SIX,0.7054,0.0466,0.248
HEARTS TEN HEARTS EIGHT,0.5182,0.0164,0.4654
SPADES NINE DIAMONDS SIX,0.5716,0.0164,0.412
HEARTS JACK HEARTS EIGHT,0.2122,0.2054,0.5824
SPADES EIGHT DIAMONDS SIX,0.563,0.0184,0.4186
SPADES SEVEN DIAMONDS SIX,0.5338,0.0186,0.4476
SPADES SIX DIAMONDS SIX,0.3006,0.0446,0.6548
SPADES KING HEARTS KING,0.129,0.008,0.863
SPADES QUEEN HEARTS KING,0.2988,0.0092,0.692
CLUBS ACE CLUBS KING,0.307,0.0046,0.6884
SPADES ACE HEARTS KING,0.3072,0.0056,0.6872
SPADES ACE HEARTS JACK,0.2222,0.0224,0.7554
SPADES QUEEN HEARTS JACK,0.2226,0.0366,0.7408
SPADES KING HEARTS JACK,0.2312,0.0304,0.7384
SPADES TEN DIAMONDS TEN,0.2612,0.0234,0.7154
SPADES JACK DIAMONDS TEN,0.215,0.126,0.659
SPADES ACE DIAMONDS TEN,0.3314,0.0034,0.6652
SPADES JACK HEARTS JACK,0.086,0.0404,0.8736
SPADES TEN HEARTS JACK,0.2356,0.1188,0.6456
SPADES QUEEN DIAMONDS TEN,0.317,0.0098,0.6732
SPADES KING DIAMONDS TEN,0.339,0.0066,0.6544
SPADES NINE DIAMONDS SEVEN,0.543,0.0172,0.4398
SPADES EIGHT DIAMONDS SEVEN,0.5254,0.0202,0.4544
SPADES SEVEN DIAMONDS SEVEN,0.2836,0.0412,0.6752
SPADES SIX DIAMONDS SEVEN,0.5376,0.0198,0.4426
DIAMONDS KING DIAMONDS SEVEN,0.3374,0.0086,0.654
HEARTS THREE DIAMONDS SEVEN,0.5752,0.0196,0.4052
HEARTS KING DIAMONDS FIVE,0.34,0.0072,0.6528
DIAMONDS QUEEN DIAMONDS SEVEN,0.336,0.0116,0.6524
HEARTS TWO DIAMONDS SEVEN,0.7048,0.0462,0.249
HEARTS QUEEN DIAMONDS FIVE,0.372,0.0098,0.6182
HEARTS FIVE DIAMONDS SEVEN,0.5566,0.0188,0.4246
DIAMONDS ACE DIAMONDS SEVEN,0.3368,0.005,0.6582
HEARTS FOUR DIAMONDS SEVEN,0.565,0.019,0.416
HEARTS ACE DIAMONDS FIVE,0.345,0.0032,0.6518
HEARTS SEVEN DIAMONDS SEVEN,0.2864,0.0348,0.6788
HEARTS SIX DIAMONDS SEVEN,0.5426,0.017,0.4404
HEARTS NINE DIAMONDS SEVEN,0.5404,0.02,0.4396
HEARTS EIGHT DIAMONDS SEVEN,0.5286,0.0154,0.456
DIAMONDS JACK DIAMONDS SEVEN,0.204,0.2862,0.5098
HEARTS JACK DIAMONDS FIVE,0.2086,0.4688,0.3226
DIAMONDS TEN DIAMONDS SEVEN,0.5234,0.0154,0.4612
HEARTS TEN DIAMONDS FIVE,0.584,0.024,0.392
SPADES KING CLUBS TWO,0.2398,0.0288,0.7314
HEARTS KING CLUBS KING,0.1144,0.0086,0.877
CLUBS EIGHT DIAMONDS SEVEN,0.531,0.0176,0.4514
SPADES QUEEN CLUBS TWO,0.245,0.0368,0.7182
HEARTS KING CLUBS QUEEN,0.3136,0.0104,0.676
CLUBS NINE DIAMONDS SEVEN,0.5438,0.0172,0.439
SPADES ACE CLUBS TWO,0.2416,0.0162,0.7422
CLUBS TEN SPADES TWO,0.7104,0.0572,0.2324
HEARTS KING CLUBS ACE,0.3132,0.0058,0.681
CLUBS SEVEN CLUBS SIX,0.5122,0.0202,0.4676
SPADES TWO CLUBS KING,0.2312,0.03,0.7388
SPADES TWO DIAMONDS SEVEN,0.713,0.051,0.236
CLUBS EIGHT CLUBS SIX,0.5304,0.017,0.4526
SPADES THREE DIAMONDS SEVEN,0.5636,0.0238,0.4126
SPADES TWO CLUBS QUEEN,0.2384,0.04,0.7216
CLUBS NINE CLUBS SIX,0.5504,0.0188,0.4308
SPADES FOUR DIAMONDS SEVEN,0.5672,0.0204,0.4124
SPADES FIVE DIAMONDS SEVEN,0.55,0.0182,0.4318
SPADES TWO CLUBS ACE,0.2248,0.019,0.7562
CLUBS TEN HEARTS KING,0.338,0.007,0.655
CLUBS SIX SPADES TWO,0.7084,0.0514,0.2402
CLUBS SIX SPADES THREE,0.5824,0.0224,0.3952
CLUBS TWO DIAMONDS SEVEN,0.7126,0.0492,0.2382
CLUBS SIX SPADES FOUR,0.5716,0.0188,0.4096
CLUBS THREE DIAMONDS SEVEN,0.5932,0.021,0.3858
CLUBS SIX SPADES FIVE,0.5436,0.02,0.4364
CLUBS FOUR DIAMONDS SEVEN,0.5572,0.0218,0.421
CLUBS SIX SPADES SIX,0.3158,0.036,0.6482
CLUBS FIVE DIAMONDS SEVEN,0.5434,0.0204,0.4362
CLUBS SIX SPADES SEVEN,0.5412,0.0202,0.4386
CLUBS SIX DIAMONDS SEVEN,0.5404,0.0174,0.4422
CLUBS SIX SPADES EIGHT,0.556,0.0168,0.4272
SPADES JACK CLUBS TWO,0.016,0.9748,0.0092
CLUBS SEVEN DIAMONDS SEVEN,0.2976,0.0358,0.6666
SPADES NINE CLUBS SIX,0.5608,0.0174,0.4218
SPADES TEN CLUBS TWO,0.7202,0.057,0.2228
CLUBS TWO CLUBS QUEEN,0.2328,0.037,0.7302
CLUBS TWO CLUBS KING,0.2326,0.0304,0.737
CLUBS THREE DIAMONDS EIGHT,0.6082,0.021,0.3708
CLUBS TWO CLUBS ACE,0.227,0.0162,0.7568
CLUBS TWO DIAMONDS EIGHT,0.71,0.053,0.237
HEARTS SEVEN DIAMONDS EIGHT,0.5172,0.0196,0.4632
HEARTS SIX DIAMONDS EIGHT,0.5524,0.0162,0.4314
DIAMONDS EIGHT HEARTS NINE,0.5382,0.019,0.4428
CLUBS TEN CLUBS TWO,0.6788,0.0534,0.2678
HEARTS EIGHT DIAMONDS EIGHT,0.2874,0.0314,0.6812
CLUBS NINE DIAMONDS EIGHT,0.5502,0.0178,0.432
CLUBS EIGHT DIAMONDS EIGHT,0.2748,0.0338,0.6914
CLUBS FIVE DIAMONDS EIGHT,0.5674,0.0196,0.413
SPADES ACE SPADES THREE,0.3316,0.0062,0.6622
CLUBS FOUR DIAMONDS EIGHT,0.5806,0.0178,0.4016
CLUBS SEVEN DIAMONDS EIGHT,0.5422,0.0212,0.4366
SPADES QUEEN SPADES THREE,0.3378,0.013,0.6492
CLUBS SIX DIAMONDS EIGHT,0.5548,0.0178,0.4274
SPADES KING SPADES THREE,0.333,0.0076,0.6594
DIAMONDS QUEEN DIAMONDS EIGHT,0.3256,0.014,0.6604
HEARTS TWO DIAMONDS EIGHT,0.708,0.0512,0.2408
DIAMONDS KING DIAMONDS EIGHT,0.3412,0.0068,0.652
HEARTS THREE DIAMONDS EIGHT,0.5996,0.0174,0.383
DIAMONDS ACE DIAMONDS EIGHT,0.3362,0.0052,0.6586
HEARTS FOUR DIAMONDS EIGHT,0.5704,0.023,0.4066
HEARTS FIVE DIAMONDS EIGHT,0.567,0.018,0.415
DIAMONDS TEN DIAMONDS EIGHT,0.528,0.016,0.456
DIAMONDS JACK DIAMONDS EIGHT,0.2106,0.2142,0.5752
SPADES JACK SPADES THREE,0.2018,0.48,0.3182
SPADES TEN SPADES THREE,0.5502,0.024,0.4258
CLUBS FOUR HEARTS ACE,0.3512,0.0046,0.6442
CLUBS FOUR HEARTS QUEEN,0.37,0.0126,0.6174
CLUBS FOUR HEARTS KING,0.3576,0.007,0.6354
CLUBS SIX HEARTS TEN,0.5744,0.0158,0.4098
CLUBS SIX HEARTS JACK,0.2188,0.3802,0.401
SPADES FOUR DIAMONDS EIGHT,0.5724,0.0186,0.409
SPADES FIVE DIAMONDS EIGHT,0.5694,0.0186,0.412
SPADES TWO DIAMONDS EIGHT,0.7018,0.0506,0.2476
SPADES THREE DIAMONDS EIGHT,0.5966,0.0176,0.3858
CLUBS FOUR HEARTS JACK,0.2206,0.5094,0.27
SPADES EIGHT DIAMONDS EIGHT,0.2856,0.0352,0.6792
SPADES TEN DIAMONDS QUEEN,0.3124,0.0078,0.6798
SPADES TEN HEARTS TWO,0.7064,0.0586,0.235
SPADES JACK HEARTS EIGHT,0.2284,0.224,0.5476
CLUBS FOUR HEARTS TEN,0.5884,0.0216,0.39
SPADES NINE DIAMONDS EIGHT,0.5376,0.0176,0.4448
SPADES TEN HEARTS EIGHT,0.5486,0.018,0.4334
SPADES JACK HEARTS TWO,0.0232,0.9522,0.0246
SPADES JACK DIAMONDS QUEEN,0.2194,0.0402,0.7404
SPADES SIX DIAMONDS EIGHT,0.5502,0.0176,0.4322
SPADES SEVEN DIAMONDS EIGHT,0.537,0.0194,0.4436
SPADES ACE HEARTS TWO,0.2322,0.0156,0.7522
SPADES ACE DIAMONDS QUEEN,0.307,0.0054,0.6876
SPADES ACE HEARTS EIGHT,0.3536,0.0038,0.6426
SPADES KING HEARTS EIGHT,0.3684,0.0076,0.624
SPADES QUEEN HEARTS TWO,0.2384,0.0384,0.7232
SPADES QUEEN DIAMONDS QUEEN,0.1276,0.0104,0.862
SPADES KING DIAMONDS QUEEN,0.3028,0.008,0.6892
SPADES KING HEARTS TWO,0.255,0.0266,0.7184
SPADES QUEEN HEARTS EIGHT,0.3612,0.0114,0.6274
CLUBS TWO HEARTS TEN,0.7012,0.0564,0.2424
CLUBS TWO HEARTS JACK,0.0184,0.9722,0.0094
SPADES SEVEN DIAMONDS NINE,0.5498,0.0178,0.4324
SPADES SIX DIAMONDS NINE,0.5586,0.0212,0.4202
SPADES NINE DIAMONDS NINE,0.2796,0.0314,0.689
SPADES EIGHT DIAMONDS NINE,0.5274,0.019,0.4536
SPADES TEN CLUBS KING,0.3302,0.006,0.6638
DIAMONDS NINE SPADES THREE,0.5906,0.0216,0.3878
SPADES JACK CLUBS KING,0.2248,0.029,0.7462
DIAMONDS NINE SPADES TWO,0.7,0.0512,0.2488
SPADES FIVE DIAMONDS NINE,0.5586,0.0158,0.4256
DIAMONDS NINE SPADES FOUR,0.587,0.0184,0.3946
CLUBS NINE DIAMONDS NINE,0.2606,0.03,0.7094
CLUBS EIGHT DIAMONDS NINE,0.5452,0.015,0.4398
CLUBS SIX DIAMONDS NINE,0.5656,0.0178,0.4166
SPADES JACK CLUBS FOUR,0.2234,0.5212,0.2554
CLUBS SEVEN DIAMONDS NINE,0.5402,0.02,0.4398
SPADES TEN CLUBS FOUR,0.5924,0.0204,0.3872
CLUBS FOUR DIAMONDS NINE,0.5972,0.0196,0.3832
CLUBS FIVE DIAMONDS NINE,0.5636,0.017,0.4194
CLUBS TWO DIAMONDS NINE,0.7158,0.052,0.2322
CLUBS THREE DIAMONDS NINE,0.6006,0.0176,0.3818
DIAMONDS NINE HEARTS EIGHT,0.5442,0.0168,0.439
DIAMONDS NINE HEARTS NINE,0.2764,0.0282,0.6954
HEARTS SIX DIAMONDS NINE,0.56,0.0194,0.4206
HEARTS SEVEN DIAMONDS NINE,0.5472,0.0182,0.4346
CLUBS NINE CLUBS EIGHT,0.5152,0.0184,0.4664
DIAMONDS ACE DIAMONDS NINE,0.3312,0.0054,0.6634
HEARTS FOUR DIAMONDS NINE,0.5824,0.0212,0.3964
HEARTS FIVE DIAMONDS NINE,0.5664,0.0164,0.4172
HEARTS ACE CLUBS TWO,0.2362,0.0164,0.7474
SPADES ACE CLUBS FOUR,0.3616,0.0046,0.6338
DIAMONDS NINE DIAMONDS QUEEN,0.3128,0.012,0.6752
HEARTS TWO DIAMONDS NINE,0.6968,0.056,0.2472
CLUBS TWO HEARTS KING,0.2496,0.0304,0.72
SPADES KING CLUBS FOUR,0.3618,0.0094,0.6288
DIAMONDS KING DIAMONDS NINE,0.329,0.0108,0.6602
HEARTS THREE DIAMONDS NINE,0.5938,0.0174,0.3888
CLUBS TWO HEARTS QUEEN,0.2372,0.0384,0.7244
SPADES QUEEN CLUBS FOUR,0.36,0.0114,0.6286
DIAMONDS NINE DIAMONDS JACK,0.2106,0.1618,0.6276
CLUBS EIGHT SPADES NINE,0.5398,0.014,0.4462
DIAMONDS TEN DIAMONDS NINE,0.51,0.0182,0.4718
CLUBS EIGHT SPADES EIGHT,0.2918,0.0314,0.6768
CLUBS EIGHT SPADES SEVEN,0.5426,0.0192,0.4382
CLUBS EIGHT SPADES SIX,0.5604,0.0176,0.422
CLUBS EIGHT SPADES FIVE,0.5762,0.0168,0.407
CLUBS EIGHT SPADES FOUR,0.5874,0.017,0.3956
CLUBS EIGHT SPADES THREE,0.604,0.0196,0.3764
CLUBS EIGHT SPADES TWO,0.7216,0.0526,0.2258
HEARTS SIX DIAMONDS TEN,0.5658,0.0168,0.4174
HEARTS SEVEN DIAMONDS TEN,0.5578,0.0192,0.423
DIAMONDS TEN HEARTS EIGHT,0.535,0.0198,0.4452
DIAMONDS TEN HEARTS NINE,0.5362,0.015,0.4488
CLUBS TEN CLUBS FOUR,0.5664,0.017,0.4166
CLUBS FOUR CLUBS KING,0.3408,0.009,0.6502
CLUBS FOUR CLUBS QUEEN,0.3532,0.015,0.6318
DIAMONDS TEN CLUBS TWO,0.72,0.0562,0.2238
CLUBS THREE DIAMONDS TEN,0.587,0.0188,0.3942
CLUBS FOUR CLUBS ACE,0.3302,0.0072,0.6626
DIAMONDS TEN DIAMONDS JACK,0.211,0.1214,0.6676
DIAMONDS TEN DIAMONDS QUEEN,0.3078,0.011,0.6812
HEARTS TWO DIAMONDS TEN,0.713,0.056,0.231
DIAMONDS KING DIAMONDS TEN,0.3102,0.007,0.6828
HEARTS THREE DIAMONDS TEN,0.598,0.0174,0.3846
DIAMONDS ACE DIAMONDS TEN,0.3192,0.006,0.6748
HEARTS FOUR DIAMONDS TEN,0.5934,0.0172,0.3894
CLUBS EIGHT HEARTS JACK,0.2336,0.2192,0.5472
HEARTS FIVE DIAMONDS TEN,0.5874,0.0188,0.3938
CLUBS EIGHT HEARTS TEN,0.5532,0.0176,0.4292
CLUBS EIGHT HEARTS QUEEN,0.3476,0.0092,0.6432
CLUBS EIGHT HEARTS KING,0.3628,0.0086,0.6286
CLUBS EIGHT HEARTS ACE,0.3588,0.003,0.6382
CLUBS NINE SPADES THREE,0.6012,0.0172,0.3816
CLUBS NINE SPADES TWO,0.7024,0.0582,0.2394
CLUBS NINE SPADES FIVE,0.5716,0.0162,0.4122
CLUBS NINE SPADES FOUR,0.6014,0.0216,0.377
CLUBS NINE SPADES SEVEN,0.5524,0.0202,0.4274
CLUBS NINE SPADES SIX,0.5636,0.018,0.4184
CLUBS NINE SPADES NINE,0.2848,0.025,0.6902
CLUBS TEN HEARTS EIGHT,0.552,0.0162,0.4318
CLUBS NINE SPADES EIGHT,0.5416,0.0192,0.4392
HEARTS EIGHT CLUBS QUEEN,0.3472,0.0106,0.6422
CLUBS KING HEARTS EIGHT,0.3602,0.0078,0.632
CLUBS ACE HEARTS EIGHT,0.3478,0.0054,0.6468
SPADES KING CLUBS KING,0.1234,0.0094,0.8672
SPADES QUEEN CLUBS KING,0.3054,0.0064,0.6882
SPADES ACE CLUBS KING,0.3098,0.0052,0.685
DIAMONDS ACE HEARTS TEN,0.3334,0.0054,0.6612
HEARTS FOUR HEARTS TEN,0.5604,0.0188,0.4208
DIAMONDS ACE HEARTS JACK,0.2212,0.0208,0.758
HEARTS FOUR HEARTS JACK,0.206,0.4856,0.3084
SPADES KING CLUBS FIVE,0.3654,0.0082,0.6264
SPADES QUEEN CLUBS FIVE,0.349,0.0138,0.6372
SPADES ACE CLUBS FIVE,0.3582,0.0054,0.6364
HEARTS SEVEN DIAMONDS JACK,0.2204,0.2834,0.4962
HEARTS SIX DIAMONDS JACK,0.2176,0.3904,0.392
DIAMONDS JACK HEARTS NINE,0.2258,0.174,0.6002
DIAMONDS JACK HEARTS EIGHT,0.2162,0.2142,0.5696
DIAMONDS KING DIAMONDS JACK,0.211,0.0366,0.7524
HEARTS THREE DIAMONDS JACK,0.2126,0.5202,0.2672
SPADES ACE SPADES SIX,0.3268,0.0044,0.6688
HEARTS ACE SPADES FOUR,0.3472,0.0054,0.6474
DIAMONDS QUEEN DIAMONDS JACK,0.2236,0.0396,0.7368
HEARTS TWO DIAMONDS JACK,0.0096,0.9716,0.0188
HEARTS FIVE DIAMONDS JACK,0.216,0.4584,0.3256
SPADES QUEEN SPADES SIX,0.3354,0.0108,0.6538
SPADES FOUR HEARTS QUEEN,0.3642,0.0156,0.6202
DIAMONDS ACE DIAMONDS JACK,0.2124,0.0216,0.766
HEARTS FOUR DIAMONDS JACK,0.2006,0.5284,0.271
SPADES KING SPADES SIX,0.341,0.006,0.653
SPADES FOUR HEARTS KING,0.3636,0.0068,0.6296
SPADES TEN SPADES SIX,0.5206,0.0196,0.4598
SPADES JACK SPADES SIX,0.2196,0.3614,0.419
SPADES FOUR DIAMONDS JACK,0.2158,0.51,0.2742
SPADES FIVE DIAMONDS JACK,0.2152,0.4646,0.3202
DIAMONDS JACK SPADES TWO,0.012,0.9724,0.0156
SPADES THREE DIAMONDS JACK,0.2114,0.5372,0.2514
SPADES ACE DIAMONDS THREE,0.361,0.0054,0.6336
SPADES QUEEN DIAMONDS THREE,0.3554,0.0156,0.629
CLUBS EIGHT DIAMONDS JACK,0.2208,0.2212,0.558
SPADES KING DIAMONDS THREE,0.3562,0.01,0.6338
CLUBS NINE DIAMONDS JACK,0.2184,0.1738,0.6078
CLUBS SIX DIAMONDS JACK,0.2168,0.3984,0.3848
CLUBS SEVEN DIAMONDS JACK,0.211,0.308,0.481
CLUBS FOUR DIAMONDS JACK,0.2108,0.5248,0.2644
CLUBS FIVE DIAMONDS JACK,0.2122,0.4776,0.3102
CLUBS TWO DIAMONDS JACK,0.0062,0.986,0.0078
CLUBS THREE DIAMONDS JACK,0.2104,0.533,0.2566
SPADES TEN CLUBS FIVE,0.5894,0.0214,0.3892
SPADES JACK HEARTS SIX,0.2234,0.3926,0.384
HEARTS SIX SPADES TEN,0.5778,0.0208,0.4014
SPADES JACK CLUBS FIVE,0.2188,0.4598,0.3214
DIAMONDS THREE SPADES JACK,0.2104,0.5198,0.2698
CLUBS SEVEN CLUBS ACE,0.3346,0.004,0.6614
DIAMONDS THREE SPADES TEN,0.5852,0.0208,0.394
CLUBS SEVEN CLUBS QUEEN,0.3414,0.0108,0.6478
CLUBS SEVEN CLUBS KING,0.3386,0.0086,0.6528
SPADES NINE DIAMONDS JACK,0.2186,0.17,0.6114
CLUBS TEN CLUBS SEVEN,0.5342,0.016,0.4498
DIAMONDS ACE HEARTS ACE,0.114,0.004,0.882
HEARTS FOUR HEARTS ACE,0.3334,0.0052,0.6614
SPADES EIGHT DIAMONDS JACK,0.2152,0.2242,0.5606
SPADES ACE HEARTS SIX,0.3592,0.0036,0.6372
DIAMONDS ACE HEARTS KING,0.3196,0.0048,0.6756
HEARTS FOUR HEARTS KING,0.344,0.0076,0.6484
SPADES SEVEN DIAMONDS JACK,0.213,0.2916,0.4954
SPADES KING HEARTS SIX,0.3754,0.0078,0.6168
DIAMONDS ACE HEARTS QUEEN,0.302,0.0042,0.6938
HEARTS FOUR HEARTS QUEEN,0.339,0.0116,0.6494
SPADES QUEEN HEARTS SIX,0.3578,0.0112,0.631
SPADES SIX DIAMONDS JACK,0.212,0.4018,0.3862
DIAMONDS TEN SPADES TWO,0.7112,0.0522,0.2366
DIAMONDS TEN SPADES THREE,0.5782,0.0236,0.3982
DIAMONDS TEN SPADES FOUR,0.6002,0.0184,0.3814
DIAMONDS TEN SPADES FIVE,0.5732,0.0176,0.4092
SPADES SIX DIAMONDS TEN,0.584,0.0182,0.3978
SPADES SEVEN DIAMONDS TEN,0.5638,0.0156,0.4206
SPADES EIGHT DIAMONDS TEN,0.5486,0.016,0.4354
SPADES NINE DIAMONDS TEN,0.5294,0.0164,0.4542
CLUBS FOUR DIAMONDS TEN,0.5892,0.0238,0.387
CLUBS FIVE DIAMONDS TEN,0.5826,0.0152,0.4022
CLUBS SIX DIAMONDS TEN,0.587,0.0212,0.3918
CLUBS SEVEN DIAMONDS TEN,0.5616,0.0196,0.4188
CLUBS EIGHT DIAMONDS TEN,0.5514,0.017,0.4316
CLUBS NINE DIAMONDS TEN,0.5406,0.0162,0.4432
CLUBS TEN DIAMONDS THREE,0.5916,0.0184,0.39
DIAMONDS THREE CLUBS KING,0.3458,0.0102,0.644
DIAMONDS THREE CLUBS QUEEN,0.3604,0.0146,0.625
DIAMONDS THREE CLUBS ACE,0.3368,0.0056,0.6576
SPADES FOUR HEARTS JACK,0.2244,0.4922,0.2834
SPADES FOUR HEARTS TEN,0.5786,0.021,0.4004
SPADES FIVE SPADES TWO,0.6358,0.0498,0.3144
SPADES FOUR SPADES TWO,0.641,0.0516,0.3074
SPADES THREE SPADES TWO,0.638,0.0534,0.3086
SPADES NINE SPADES TWO,0.6546,0.0476,0.2978
SPADES EIGHT SPADES TWO,0.6648,0.05,0.2852
SPADES SEVEN SPADES TWO,0.6718,0.0506,0.2776
SPADES SIX SPADES TWO,0.6534,0.0408,0.3058
CLUBS THREE DIAMONDS QUEEN,0.3598,0.0124,0.6278
CLUBS THREE HEARTS TWO,0.6876,0.0518,0.2606
CLUBS TWO DIAMONDS QUEEN,0.2254,0.04,0.7346
HEARTS TWO CLUBS TWO,0.2852,0.039,0.6758
HEARTS SEVEN DIAMONDS QUEEN,0.3542,0.0118,0.634
HEARTS SEVEN HEARTS TWO,0.655,0.0474,0.2976
HEARTS SIX DIAMONDS QUEEN,0.348,0.0118,0.6402
HEARTS SIX HEARTS TWO,0.6578,0.0542,0.288
DIAMONDS QUEEN HEARTS NINE,0.334,0.0088,0.6572
HEARTS TWO HEARTS NINE,0.6644,0.0546,0.281
DIAMONDS QUEEN HEARTS EIGHT,0.3508,0.0112,0.638
HEARTS TWO HEARTS EIGHT,0.6538,0.0578,0.2884
CLUBS NINE HEARTS TWO,0.705,0.0582,0.2368
CLUBS NINE DIAMONDS QUEEN,0.3254,0.0094,0.6652
CLUBS EIGHT HEARTS TWO,0.703,0.0556,0.2414
CLUBS EIGHT DIAMONDS QUEEN,0.356,0.0128,0.6312
CLUBS FIVE DIAMONDS QUEEN,0.3502,0.0116,0.6382
CLUBS FIVE HEARTS TWO,0.6802,0.0532,0.2666
SPADES EIGHT HEARTS ACE,0.3588,0.0024,0.6388
CLUBS FOUR DIAMONDS QUEEN,0.3546,0.0146,0.6308
CLUBS FOUR HEARTS TWO,0.6904,0.0584,0.2512
CLUBS SEVEN DIAMONDS QUEEN,0.3586,0.0108,0.6306
CLUBS SEVEN HEARTS TWO,0.7042,0.0536,0.2422
SPADES EIGHT HEARTS QUEEN,0.3482,0.0098,0.642
CLUBS SIX DIAMONDS QUEEN,0.3474,0.0112,0.6414
CLUBS SIX HEARTS TWO,0.7008,0.0538,0.2454
SPADES EIGHT HEARTS KING,0.3756,0.0064,0.618
HEARTS TWO SPADES SIX,0.6996,0.0528,0.2476
SPADES SIX DIAMONDS QUEEN,0.3488,0.012,0.6392
HEARTS FOUR CLUBS QUEEN,0.3564,0.0146,0.629
DIAMONDS ACE CLUBS QUEEN,0.3088,0.0054,0.6858
SPADES SEVEN DIAMONDS QUEEN,0.3544,0.0144,0.6312
SPADES SEVEN HEARTS TWO,0.712,0.0526,0.2354
HEARTS FOUR CLUBS KING,0.3618,0.0082,0.63
DIAMONDS ACE CLUBS KING,0.2998,0.0062,0.694
SPADES EIGHT DIAMONDS QUEEN,0.348,0.0106,0.6414
SPADES EIGHT HEARTS TWO,0.7108,0.0486,0.2406
HEARTS FOUR CLUBS ACE,0.3298,0.0056,0.6646
DIAMONDS ACE CLUBS ACE,0.1034,0.0046,0.892
SPADES NINE DIAMONDS QUEEN,0.3376,0.0104,0.652
SPADES NINE HEARTS TWO,0.7036,0.0576,0.2388
HEARTS TWO SPADES TWO,0.3008,0.0352,0.664
DIAMONDS QUEEN SPADES TWO,0.23,0.037,0.733
HEARTS TWO SPADES THREE,0.6796,0.0576,0.2628
DIAMONDS QUEEN SPADES THREE,0.3564,0.0142,0.6294
HEARTS TWO SPADES FOUR,0.6846,0.0552,0.2602
SPADES FOUR DIAMONDS QUEEN,0.3508,0.0126,0.6366
CLUBS TEN HEARTS FOUR,0.5842,0.0232,0.3926
CLUBS TEN DIAMONDS ACE,0.3446,0.0054,0.65
HEARTS TWO SPADES FIVE,0.677,0.0574,0.2656
SPADES FIVE DIAMONDS QUEEN,0.3534,0.0108,0.6358
CLUBS FIVE CLUBS KING,0.3414,0.0104,0.6482
CLUBS FIVE CLUBS QUEEN,0.3328,0.0134,0.6538
CLUBS FIVE CLUBS ACE,0.3364,0.0064,0.6572
CLUBS TEN CLUBS FIVE,0.5646,0.0222,0.4132
SPADES SIX CLUBS KING,0.3554,0.008,0.6366
SPADES SIX CLUBS QUEEN,0.3564,0.0088,0.6348
SPADES EIGHT HEARTS JACK,0.2294,0.2284,0.5422
SPADES SIX CLUBS ACE,0.3658,0.0064,0.6278
SPADES EIGHT HEARTS TEN,0.5374,0.0176,0.445
CLUBS TEN SPADES SIX,0.5812,0.0172,0.4016
SPADES QUEEN CLUBS SEVEN,0.3492,0.0128,0.638
SPADES KING CLUBS SEVEN,0.3608,0.0094,0.6298
SPADES ACE CLUBS SEVEN,0.3672,0.005,0.6278
SPADES SIX HEARTS TEN,0.5776,0.0154,0.407
SPADES SIX HEARTS JACK,0.2298,0.3732,0.397
SPADES SIX HEARTS ACE,0.3632,0.0044,0.6324
SPADES SIX HEARTS KING,0.3534,0.0086,0.638
SPADES SIX HEARTS QUEEN,0.3582,0.01,0.6318
CLUBS SEVEN SPADES JACK,0.2216,0.2944,0.484
CLUBS SEVEN SPADES TEN,0.5572,0.0178,0.425
CLUBS TEN HEARTS SIX,0.5682,0.0186,0.4132
HEARTS SIX CLUBS QUEEN,0.3594,0.0122,0.6284
HEARTS SIX CLUBS KING,0.3394,0.0082,0.6524
HEARTS SIX CLUBS ACE,0.3594,0.006,0.6346
DIAMONDS THREE HEARTS ACE,0.3344,0.0054,0.6602
DIAMONDS THREE HEARTS QUEEN,0.3672,0.0092,0.6236
DIAMONDS THREE HEARTS KING,0.3442,0.008,0.6478
CLUBS FIVE HEARTS JACK,0.2302,0.4492,0.3206
SPADES TEN DIAMONDS ACE,0.3346,0.0036,0.6618
HEARTS FOUR SPADES TEN,0.5844,0.018,0.3976
CLUBS FIVE HEARTS TEN,0.5948,0.02,0.3852
HEARTS FOUR SPADES JACK,0.2192,0.5168,0.264
SPADES JACK DIAMONDS ACE,0.2162,0.0238,0.76
SPADES ACE HEARTS FOUR,0.3578,0.0034,0.6388
SPADES ACE DIAMONDS ACE,0.1144,0.0044,0.8812
CLUBS FIVE HEARTS ACE,0.3624,0.0054,0.6322
CLUBS FIVE HEARTS KING,0.3746,0.0056,0.6198
HEARTS FOUR SPADES QUEEN,0.3668,0.013,0.6202
SPADES QUEEN DIAMONDS ACE,0.3138,0.0038,0.6824
CLUBS FIVE HEARTS QUEEN,0.3524,0.0122,0.6354
SPADES KING DIAMONDS ACE,0.311,0.0032,0.6858
SPADES KING HEARTS FOUR,0.3616,0.006,0.6324
CLUBS TEN SPADES FOUR,0.5818,0.0184,0.3998
DIAMONDS ACE DIAMONDS QUEEN,0.3068,0.0068,0.6864
DIAMONDS ACE HEARTS TWO,0.2266,0.0162,0.7572
HEARTS FOUR DIAMONDS QUEEN,0.3516,0.0134,0.635
HEARTS FOUR HEARTS TWO,0.6422,0.054,0.3038
DIAMONDS THREE HEARTS TEN,0.5834,0.02,0.3966
SPADES FOUR CLUBS KING,0.3568,0.0088,0.6344
HEARTS FIVE DIAMONDS QUEEN,0.3428,0.0122,0.645
HEARTS FIVE HEARTS TWO,0.6312,0.0562,0.3126
DIAMONDS THREE HEARTS JACK,0.2056,0.5296,0.2648
SPADES FOUR CLUBS QUEEN,0.3556,0.0146,0.6298
HEARTS TWO DIAMONDS QUEEN,0.2322,0.041,0.7268
DIAMONDS KING DIAMONDS QUEEN,0.2914,0.008,0.7006
DIAMONDS KING HEARTS TWO,0.2236,0.0278,0.7486
HEARTS THREE DIAMONDS QUEEN,0.3564,0.0138,0.6298
HEARTS THREE HEARTS TWO,0.6436,0.0502,0.3062
SPADES FOUR CLUBS ACE,0.3476,0.0068,0.6456
HEARTS TWO CLUBS ACE,0.2318,0.016,0.7522
DIAMONDS QUEEN CLUBS ACE,0.2986,0.0042,0.6972
HEARTS TWO CLUBS QUEEN,0.216,0.0412,0.7428
DIAMONDS QUEEN CLUBS QUEEN,0.1254,0.0094,0.8652
HEARTS TWO CLUBS KING,0.2204,0.0292,0.7504
DIAMONDS QUEEN CLUBS KING,0.2944,0.0072,0.6984
SPADES EIGHT SPADES FIVE,0.5268,0.0194,0.4538
CLUBS TEN HEARTS TWO,0.7104,0.0556,0.234
CLUBS TEN DIAMONDS QUEEN,0.3156,0.0112,0.6732
SPADES NINE SPADES FIVE,0.5366,0.0184,0.445
SPADES SIX SPADES FIVE,0.5188,0.0234,0.4578
SPADES SEVEN SPADES FIVE,0.516,0.0204,0.4636
DIAMONDS FIVE CLUBS QUEEN,0.3484,0.0144,0.6372
SPADES EIGHT CLUBS ACE,0.3492,0.0062,0.6446
DIAMONDS FIVE CLUBS KING,0.341,0.0064,0.6526
SPADES EIGHT CLUBS KING,0.355,0.0084,0.6366
CLUBS ACE DIAMONDS FIVE,0.3478,0.0044,0.6478
SPADES EIGHT CLUBS QUEEN,0.3594,0.0136,0.627
CLUBS TEN SPADES EIGHT,0.5546,0.0184,0.427
CLUBS TEN DIAMONDS FIVE,0.5792,0.0186,0.4022
DIAMONDS TEN HEARTS JACK,0.2174,0.1288,0.6538
DIAMONDS TEN HEARTS TEN,0.262,0.0216,0.7164
SPADES ACE CLUBS NINE,0.357,0.004,0.639
CLUBS NINE SPADES QUEEN,0.339,0.0124,0.6486
CLUBS NINE SPADES KING,0.3482,0.005,0.6468
HEARTS SIX HEARTS KING,0.345,0.0068,0.6482
DIAMONDS KING SPADES SEVEN,0.3564,0.0072,0.6364
HEARTS THREE SPADES SEVEN,0.5776,0.0226,0.3998
SPADES KING DIAMONDS SEVEN,0.3442,0.0082,0.6476
HEARTS SIX HEARTS QUEEN,0.343,0.0104,0.6466
SPADES QUEEN DIAMONDS SEVEN,0.334,0.0134,0.6526
HEARTS THREE SPADES SIX,0.5752,0.0196,0.4052
DIAMONDS KING SPADES SIX,0.359,0.0084,0.6326
SPADES NINE DIAMONDS KING,0.336,0.0072,0.6568
SPADES NINE HEARTS THREE,0.602,0.0152,0.3828
HEARTS SIX HEARTS ACE,0.3328,0.0062,0.661
DIAMONDS KING SPADES EIGHT,0.361,0.008,0.631
SPADES EIGHT HEARTS THREE,0.5882,0.0172,0.3946
SPADES ACE DIAMONDS SEVEN,0.3538,0.0052,0.641
CLUBS NINE HEARTS THREE,0.6,0.0192,0.3808
CLUBS NINE DIAMONDS KING,0.3578,0.0094,0.6328
CLUBS EIGHT HEARTS THREE,0.5944,0.0244,0.3812
CLUBS EIGHT DIAMONDS KING,0.3436,0.01,0.6464
HEARTS THREE SPADES THREE,0.3108,0.0574,0.6318
DIAMONDS KING SPADES THREE,0.3492,0.009,0.6418
HEARTS THREE SPADES TWO,0.6848,0.0574,0.2578
DIAMONDS KING SPADES TWO,0.2372,0.0272,0.7356
HEARTS THREE SPADES FIVE,0.5482,0.0188,0.433
DIAMONDS KING SPADES FIVE,0.353,0.0066,0.6404
HEARTS THREE SPADES FOUR,0.5674,0.0234,0.4092
DIAMONDS KING SPADES FOUR,0.3492,0.0092,0.6416
DIAMONDS KING CLUBS TWO,0.231,0.0284,0.7406
HEARTS THREE CLUBS TWO,0.6928,0.0502,0.257
DIAMONDS KING CLUBS THREE,0.3474,0.0092,0.6434
CLUBS THREE HEARTS THREE,0.3168,0.0514,0.6318
DIAMONDS KING CLUBS FOUR,0.3602,0.0078,0.632
HEARTS THREE CLUBS FOUR,0.5834,0.0228,0.3938
CLUBS FIVE DIAMONDS KING,0.355,0.0108,0.6342
CLUBS FIVE HEARTS THREE,0.555,0.0226,0.4224
CLUBS SIX DIAMONDS KING,0.3694,0.0074,0.6232
CLUBS SIX HEARTS THREE,0.5894,0.018,0.3926
