opposingHand,winningChance,drawChance,lostChance
DIAMONDS TEN SPADES THREE
HEARTS FIVE SPADES TEN,0.2092,0.4782,0.3126
HEARTS FIVE SPADES JACK,0.3558,0.0174,0.6268
SPADES FIVE CLUBS JACK,0.366,0.017,0.617
CLUBS TEN SPADES FIVE,0.2202,0.4658,0.314
CLUBS EIGHT CLUBS JACK,0.318,0.0154,0.6666
CLUBS TEN CLUBS EIGHT,0.2126,0.2102,0.5772
CLUBS EIGHT CLUBS KING,0.3458,0.0072,0.647
SPADES FIVE CLUBS ACE,0.3432,0.0046,0.6522
CLUBS EIGHT CLUBS QUEEN,0.3314,0.0098,0.6588
SPADES FIVE CLUBS KING,0.3578,0.0072,0.635
SPADES FIVE CLUBS QUEEN,0.345,0.0122,0.6428
CLUBS EIGHT CLUBS ACE,0.333,0.0054,0.6616
DIAMONDS TWO DIAMONDS THREE,0.639,0.083,0.278
DIAMONDS TWO DIAMONDS FIVE,0.5686,0.0346,0.3968
HEARTS FIVE SPADES KING,0.3652,0.008,0.6268
DIAMONDS TWO DIAMONDS FOUR,0.5724,0.0302,0.3974
HEARTS FIVE SPADES QUEEN,0.3616,0.014,0.6244
DIAMONDS TWO DIAMONDS SEVEN,0.6038,0.0278,0.3684
DIAMONDS TWO DIAMONDS SIX,0.5808,0.0292,0.39
SPADES ACE HEARTS FIVE,0.3446,0.003,0.6524
DIAMONDS TWO DIAMONDS NINE,0.5786,0.0264,0.395
DIAMONDS TWO DIAMONDS EIGHT,0.592,0.0294,0.3786
DIAMONDS THREE DIAMONDS FOUR,0.6202,0.0794,0.3004
CLUBS TWO SPADES FOUR,0.5852,0.0306,0.3842
DIAMONDS THREE DIAMONDS FIVE,0.6114,0.0756,0.313
SPADES FIVE CLUBS TWO,0.597,0.0316,0.3714
CLUBS TWO SPADES TWO,0.4016,0.0686,0.5298
DIAMONDS THREE DIAMONDS EIGHT,0.6546,0.0764,0.269
SPADES EIGHT CLUBS TWO,0.6168,0.0292,0.354
DIAMONDS THREE DIAMONDS NINE,0.6792,0.0748,0.246
SPADES NINE CLUBS TWO,0.601,0.0288,0.3702
DIAMONDS THREE DIAMONDS SIX,0.6444,0.0714,0.2842
SPADES SIX CLUBS TWO,0.5928,0.0318,0.3754
DIAMONDS THREE DIAMONDS SEVEN,0.6418,0.0758,0.2824
SPADES SEVEN CLUBS TWO,0.6116,0.0278,0.3606
CLUBS SIX CLUBS TWO,0.5632,0.0238,0.413
CLUBS SEVEN CLUBS TWO,0.5756,0.0338,0.3906
CLUBS FOUR CLUBS TWO,0.5542,0.0292,0.4166
CLUBS FIVE CLUBS TWO,0.5554,0.0306,0.414
CLUBS TEN CLUBS JACK,0.2,0.055,0.745
DIAMONDS FOUR DIAMONDS SIX,0.524,0.0348,0.4412
CLUBS TEN CLUBS QUEEN,0.2122,0.0494,0.7384
DIAMONDS FOUR DIAMONDS SEVEN,0.5328,0.03,0.4372
CLUBS TEN CLUBS KING,0.202,0.0352,0.7628
CLUBS TEN CLUBS ACE,0.2136,0.02,0.7664
CLUBS EIGHT CLUBS TWO,0.5808,0.0276,0.3916
DIAMONDS FIVE DIAMONDS FOUR,0.5238,0.033,0.4432
CLUBS NINE CLUBS TWO,0.5768,0.0308,0.3924
DIAMONDS NINE DIAMONDS FOUR,0.5548,0.0248,0.4204
DIAMONDS EIGHT DIAMONDS FOUR,0.5372,0.0264,0.4364
CLUBS THREE CLUBS TWO,0.633,0.0696,0.2974
DIAMONDS NINE DIAMONDS FIVE,0.5466,0.0256,0.4278
DIAMONDS TWO CLUBS JACK,0.3962,0.0204,0.5834
DIAMONDS EIGHT DIAMONDS FIVE,0.5374,0.025,0.4376
CLUBS TEN DIAMONDS TWO,0.2632,0.5204,0.2164
DIAMONDS FIVE DIAMONDS SEVEN,0.5276,0.0278,0.4446
DIAMONDS FIVE DIAMONDS SIX,0.5248,0.0296,0.4456
DIAMONDS TWO CLUBS ACE,0.3792,0.0056,0.6152
DIAMONDS TWO CLUBS KING,0.4002,0.0082,0.5916
DIAMONDS TWO CLUBS QUEEN,0.3962,0.0148,0.589
DIAMONDS EIGHT DIAMONDS SIX,0.5142,0.0232,0.4626
DIAMONDS NINE DIAMONDS SIX,0.5282,0.0296,0.4422
DIAMONDS SEVEN DIAMONDS SIX,0.5218,0.029,0.4492
DIAMONDS EIGHT DIAMONDS SEVEN,0.5094,0.0286,0.462
DIAMONDS NINE DIAMONDS SEVEN,0.5204,0.029,0.4506
DIAMONDS NINE DIAMONDS EIGHT,0.514,0.029,0.457
DIAMONDS KING HEARTS TEN,0.217,0.036,0.747
HEARTS THREE HEARTS TEN,0.0224,0.9058,0.0718
SPADES JACK CLUBS SIX,0.3618,0.018,0.6202
DIAMONDS KING HEARTS JACK,0.2954,0.0088,0.6958
HEARTS THREE HEARTS JACK,0.2252,0.0546,0.7202
SPADES TEN CLUBS SIX,0.2112,0.3782,0.4106
SPADES JACK SPADES FIVE,0.3406,0.0192,0.6402
SPADES TEN SPADES FIVE,0.2176,0.4344,0.348
DIAMONDS KING HEARTS ACE,0.313,0.0036,0.6834
HEARTS THREE HEARTS ACE,0.2184,0.0192,0.7624
SPADES ACE CLUBS SIX,0.3608,0.0044,0.6348
DIAMONDS KING HEARTS QUEEN,0.3058,0.0062,0.688
HEARTS THREE HEARTS QUEEN,0.2152,0.0416,0.7432
SPADES KING CLUBS SIX,0.3602,0.0074,0.6324
DIAMONDS KING HEARTS KING,0.1276,0.011,0.8614
HEARTS THREE HEARTS KING,0.217,0.0302,0.7528
SPADES QUEEN CLUBS SIX,0.3568,0.0112,0.632
SPADES NINE HEARTS TEN,0.2222,0.1728,0.605
SPADES NINE HEARTS JACK,0.3186,0.0122,0.6692
SPADES QUEEN SPADES FIVE,0.3372,0.013,0.6498
SPADES KING SPADES FIVE,0.3426,0.0086,0.6488
SPADES ACE SPADES FIVE,0.3304,0.0046,0.665
SPADES NINE HEARTS QUEEN,0.3368,0.01,0.6532
SPADES NINE HEARTS KING,0.3558,0.0068,0.6374
SPADES NINE HEARTS ACE,0.3534,0.0032,0.6434
CLUBS TEN SPADES JACK,0.2146,0.0604,0.725
CLUBS TEN SPADES TEN,0.0742,0.0536,0.8722
SPADES ACE CLUBS TEN,0.212,0.0236,0.7644
SPADES KING CLUBS TEN,0.2108,0.0364,0.7528
CLUBS TEN SPADES QUEEN,0.214,0.0542,0.7318
SPADES FIVE HEARTS QUEEN,0.3532,0.0124,0.6344
SPADES FIVE HEARTS KING,0.3654,0.0068,0.6278
HEARTS ACE SPADES FIVE,0.3512,0.0046,0.6442
CLUBS EIGHT SPADES TEN,0.2048,0.2334,0.5618
SPADES JACK HEARTS THREE,0.2358,0.058,0.7062
SPADES JACK DIAMONDS KING,0.299,0.0052,0.6958
SPADES TEN DIAMONDS KING,0.2114,0.0358,0.7528
SPADES TEN HEARTS THREE,0.013,0.9706,0.0164
SPADES JACK CLUBS EIGHT,0.34,0.0132,0.6468
CLUBS SIX HEARTS ACE,0.3682,0.004,0.6278
SPADES ACE CLUBS EIGHT,0.3464,0.0054,0.6482
HEARTS FIVE CLUBS JACK,0.3588,0.0156,0.6256
HEARTS FIVE CLUBS TEN,0.2232,0.4618,0.315
CLUBS SIX HEARTS QUEEN,0.358,0.0122,0.6298
SPADES QUEEN CLUBS EIGHT,0.333,0.0132,0.6538
CLUBS SIX HEARTS KING,0.3602,0.0042,0.6356
SPADES KING CLUBS EIGHT,0.3492,0.007,0.6438
DIAMONDS TWO HEARTS JACK,0.4008,0.022,0.5772
DIAMONDS TWO HEARTS TEN,0.2664,0.5236,0.21
HEARTS FIVE CLUBS ACE,0.354,0.0062,0.6398
SPADES FIVE HEARTS TEN,0.2228,0.4794,0.2978
HEARTS FIVE CLUBS KING,0.3656,0.0084,0.626
SPADES FIVE HEARTS JACK,0.3432,0.0186,0.6382
HEARTS FIVE CLUBS QUEEN,0.371,0.0118,0.6172
HEARTS THREE CLUBS KING,0.2488,0.0304,0.7208
DIAMONDS KING CLUBS KING,0.125,0.0078,0.8672
HEARTS THREE CLUBS QUEEN,0.2414,0.0428,0.7158
DIAMONDS KING CLUBS QUEEN,0.302,0.007,0.691
HEARTS FIVE HEARTS JACK,0.334,0.0194,0.6466
HEARTS FIVE HEARTS TEN,0.2022,0.4256,0.3722
HEARTS THREE CLUBS ACE,0.243,0.0172,0.7398
DIAMONDS KING CLUBS ACE,0.3096,0.0042,0.6862
SPADES ACE CLUBS QUEEN,0.3124,0.0052,0.6824
SPADES KING CLUBS QUEEN,0.3142,0.0076,0.6782
HEARTS THREE CLUBS JACK,0.2454,0.0536,0.701
DIAMONDS KING CLUBS JACK,0.3152,0.0066,0.6782
SPADES QUEEN CLUBS QUEEN,0.1408,0.0172,0.842
CLUBS TEN HEARTS THREE,0.0194,0.9622,0.0184
CLUBS TEN DIAMONDS KING,0.2256,0.0316,0.7428
SPADES JACK CLUBS QUEEN,0.2912,0.01,0.6988
CLUBS SIX CLUBS QUEEN,0.3408,0.0122,0.647
SPADES TEN CLUBS QUEEN,0.221,0.0436,0.7354
CLUBS SIX CLUBS KING,0.3448,0.0074,0.6478
CLUBS SIX CLUBS ACE,0.3312,0.0048,0.664
HEARTS FIVE HEARTS KING,0.3374,0.008,0.6546
HEARTS FIVE HEARTS QUEEN,0.3436,0.0124,0.644
CLUBS TEN CLUBS SIX,0.2094,0.351,0.4396
HEARTS FIVE HEARTS ACE,0.3282,0.0036,0.6682
CLUBS SIX CLUBS JACK,0.3384,0.0136,0.648
SPADES SEVEN HEARTS JACK,0.3528,0.0206,0.6266
SPADES SEVEN HEARTS TEN,0.2094,0.2882,0.5024
DIAMONDS TWO CLUBS TWO,0.3922,0.0746,0.5332
DIAMONDS TWO CLUBS THREE,0.6702,0.0806,0.2492
DIAMONDS TWO HEARTS SIX,0.6,0.0294,0.3706
DIAMONDS TWO HEARTS QUEEN,0.392,0.0126,0.5954
HEARTS SEVEN DIAMONDS TWO,0.6188,0.0294,0.3518
DIAMONDS TWO HEARTS KING,0.3894,0.0102,0.6004
DIAMONDS TWO HEARTS EIGHT,0.6172,0.0262,0.3566
DIAMONDS TWO HEARTS ACE,0.3788,0.0072,0.614
DIAMONDS TWO HEARTS NINE,0.6166,0.0292,0.3542
DIAMONDS TWO DIAMONDS QUEEN,0.3732,0.0116,0.6152
DIAMONDS TWO HEARTS TWO,0.3846,0.072,0.5434
DIAMONDS TWO DIAMONDS KING,0.3786,0.0108,0.6106
DIAMONDS TWO HEARTS THREE,0.6736,0.0812,0.2452
DIAMONDS TWO DIAMONDS ACE,0.3502,0.0054,0.6444
HEARTS FOUR DIAMONDS TWO,0.5986,0.0308,0.3706
HEARTS FIVE DIAMONDS TWO,0.6032,0.0314,0.3654
SPADES SEVEN HEARTS ACE,0.3438,0.0054,0.6508
SPADES SEVEN HEARTS KING,0.3552,0.0078,0.637
DIAMONDS TWO DIAMONDS JACK,0.3668,0.0206,0.6126
SPADES SEVEN HEARTS QUEEN,0.3596,0.0114,0.629
DIAMONDS TWO SPADES NINE,0.5984,0.031,0.3706
DIAMONDS TWO SPADES EIGHT,0.606,0.0292,0.3648
DIAMONDS TWO SPADES SEVEN,0.6158,0.0314,0.3528
DIAMONDS TWO SPADES SIX,0.6138,0.0332,0.353
DIAMONDS TWO SPADES FIVE,0.5892,0.0298,0.381
DIAMONDS TWO SPADES FOUR,0.59,0.0298,0.3802
DIAMONDS TWO SPADES TWO,0.3936,0.0686,0.5378
CLUBS NINE DIAMONDS TWO,0.6282,0.0272,0.3446
DIAMONDS TWO CLUBS EIGHT,0.614,0.0288,0.3572
CLUBS SEVEN DIAMONDS TWO,0.6144,0.0288,0.3568
DIAMONDS TWO CLUBS SIX,0.6042,0.0354,0.3604
DIAMONDS TWO CLUBS FIVE,0.6042,0.032,0.3638
DIAMONDS TWO CLUBS FOUR,0.5944,0.0348,0.3708
CLUBS FOUR SPADES FIVE,0.551,0.0314,0.4176
CLUBS FOUR SPADES FOUR,0.2906,0.0738,0.6356
CLUBS FOUR SPADES TWO,0.606,0.0326,0.3614
SPADES NINE CLUBS FOUR,0.5824,0.0302,0.3874
SPADES EIGHT CLUBS FOUR,0.5678,0.0266,0.4056
SPADES SEVEN CLUBS FOUR,0.5596,0.0294,0.411
CLUBS FOUR SPADES SIX,0.5564,0.0326,0.411
SPADES ACE DIAMONDS SIX,0.3538,0.0046,0.6416
SPADES QUEEN DIAMONDS SIX,0.3686,0.0168,0.6146
SPADES KING DIAMONDS SIX,0.3594,0.0068,0.6338
SPADES TEN DIAMONDS SIX,0.2044,0.3818,0.4138
SPADES JACK DIAMONDS SIX,0.3506,0.0182,0.6312
SPADES QUEEN SPADES TWO,0.3682,0.0128,0.619
SPADES KING SPADES TWO,0.373,0.0104,0.6166
SPADES ACE SPADES TWO,0.3638,0.004,0.6322
DIAMONDS JACK CLUBS JACK,0.1442,0.0216,0.8342
CLUBS TEN DIAMONDS JACK,0.227,0.0532,0.7198
DIAMONDS JACK CLUBS KING,0.3148,0.0068,0.6784
DIAMONDS JACK CLUBS QUEEN,0.296,0.0108,0.6932
DIAMONDS THREE DIAMONDS JACK,0.2246,0.058,0.7174
DIAMONDS JACK CLUBS ACE,0.3166,0.0038,0.6796
DIAMONDS THREE DIAMONDS KING,0.2302,0.03,0.7398
DIAMONDS THREE HEARTS THREE,0.288,0.0558,0.6562
DIAMONDS THREE DIAMONDS QUEEN,0.2238,0.0398,0.7364
DIAMONDS THREE HEARTS TWO,0.6662,0.0852,0.2486
HEARTS FIVE DIAMONDS THREE,0.6518,0.0802,0.268
DIAMONDS THREE DIAMONDS ACE,0.2308,0.0186,0.7506
HEARTS FOUR DIAMONDS THREE,0.639,0.0804,0.2806
HEARTS SEVEN DIAMONDS THREE,0.6746,0.0686,0.2568
SPADES TEN SPADES NINE,0.215,0.1684,0.6166
HEARTS SIX DIAMONDS THREE,0.6724,0.0762,0.2514
SPADES JACK SPADES NINE,0.315,0.0138,0.6712
DIAMONDS THREE HEARTS NINE,0.6896,0.082,0.2284
HEARTS JACK DIAMONDS FOUR,0.359,0.0178,0.6232
HEARTS ACE HEARTS KING,0.3084,0.0056,0.686
SPADES TEN SPADES TWO,0.251,0.495,0.254
DIAMONDS THREE HEARTS EIGHT,0.685,0.072,0.243
HEARTS TEN DIAMONDS FOUR,0.2156,0.5242,0.2602
SPADES JACK SPADES TWO,0.374,0.0202,0.6058
HEARTS QUEEN DIAMONDS FOUR,0.368,0.012,0.62
HEARTS KING DIAMONDS FOUR,0.3618,0.0102,0.628
SPADES ACE SPADES NINE,0.3428,0.0062,0.651
HEARTS ACE DIAMONDS FOUR,0.3456,0.0058,0.6486
SPADES KING SPADES NINE,0.3334,0.0074,0.6592
SPADES QUEEN SPADES NINE,0.315,0.0124,0.6726
DIAMONDS THREE SPADES NINE,0.692,0.0752,0.2328
DIAMONDS THREE SPADES EIGHT,0.6876,0.0834,0.229
DIAMONDS THREE SPADES SEVEN,0.683,0.0732,0.2438
DIAMONDS THREE SPADES SIX,0.6816,0.0688,0.2496
DIAMONDS THREE CLUBS SIX,0.6728,0.08,0.2472
CLUBS FIVE CLUBS SIX,0.5132,0.0324,0.4544
CLUBS ACE DIAMONDS FOUR,0.3614,0.0046,0.634
CLUBS SEVEN DIAMONDS THREE,0.6808,0.0698,0.2494
CLUBS SEVEN CLUBS FIVE,0.5142,0.0256,0.4602
DIAMONDS THREE CLUBS FOUR,0.6492,0.075,0.2758
DIAMONDS FOUR CLUBS QUEEN,0.3572,0.0112,0.6316
DIAMONDS THREE CLUBS FIVE,0.6594,0.0844,0.2562
CLUBS KING DIAMONDS FOUR,0.3622,0.0066,0.6312
DIAMONDS THREE CLUBS TWO,0.6768,0.0808,0.2424
CLUBS TEN DIAMONDS FOUR,0.2156,0.5284,0.256
DIAMONDS THREE CLUBS THREE,0.2828,0.0498,0.6674
DIAMONDS FOUR CLUBS JACK,0.3662,0.0192,0.6146
DIAMONDS THREE SPADES FOUR,0.6478,0.0784,0.2738
DIAMONDS THREE SPADES FIVE,0.6538,0.0794,0.2668
DIAMONDS THREE SPADES TWO,0.6718,0.0822,0.246
CLUBS EIGHT DIAMONDS THREE,0.6912,0.069,0.2398
CLUBS NINE DIAMONDS THREE,0.685,0.078,0.237
SPADES SEVEN CLUBS ACE,0.3552,0.0042,0.6406
SPADES SEVEN CLUBS QUEEN,0.3474,0.0136,0.639
SPADES SEVEN CLUBS KING,0.3602,0.0086,0.6312
CLUBS FIVE SPADES SEVEN,0.5532,0.0308,0.416
CLUBS TEN SPADES SEVEN,0.2096,0.2952,0.4952
CLUBS FIVE SPADES SIX,0.532,0.0264,0.4416
SPADES SEVEN CLUBS JACK,0.3446,0.0198,0.6356
CLUBS FIVE SPADES NINE,0.5608,0.03,0.4092
CLUBS FIVE SPADES EIGHT,0.555,0.0256,0.4194
CLUBS FIVE SPADES TWO,0.5978,0.0336,0.3686
CLUBS FIVE SPADES FIVE,0.2912,0.061,0.6478
CLUBS FIVE SPADES FOUR,0.5352,0.0302,0.4346
CLUBS NINE CLUBS FIVE,0.5414,0.0226,0.436
CLUBS EIGHT CLUBS FIVE,0.5146,0.0252,0.4602
CLUBS ACE CLUBS QUEEN,0.2876,0.005,0.7074
CLUBS KING CLUBS QUEEN,0.2956,0.0072,0.6972
CLUBS TEN DIAMONDS NINE,0.2308,0.1736,0.5956
DIAMONDS JACK DIAMONDS FOUR,0.3446,0.0178,0.6376
DIAMONDS NINE CLUBS JACK,0.3292,0.02,0.6508
SPADES NINE CLUBS JACK,0.3258,0.0166,0.6576
CLUBS TEN SPADES NINE,0.2114,0.1696,0.619
DIAMONDS ACE DIAMONDS FOUR,0.3314,0.0058,0.6628
HEARTS FOUR DIAMONDS FOUR,0.3016,0.0696,0.6288
DIAMONDS JACK HEARTS TEN,0.2186,0.0608,0.7206
SPADES NINE CLUBS KING,0.3532,0.0092,0.6376
DIAMONDS TWO SPADES TEN,0.2548,0.5286,0.2166
DIAMONDS NINE CLUBS ACE,0.348,0.0042,0.6478
HEARTS FIVE DIAMONDS FOUR,0.5622,0.0334,0.4044
DIAMONDS JACK HEARTS JACK,0.1406,0.0284,0.831
SPADES NINE CLUBS QUEEN,0.3398,0.0118,0.6484
DIAMONDS TWO SPADES JACK,0.3938,0.022,0.5842
DIAMONDS QUEEN DIAMONDS FOUR,0.3348,0.0154,0.6498
HEARTS TWO DIAMONDS FOUR,0.608,0.0282,0.3638
DIAMONDS NINE CLUBS QUEEN,0.3438,0.0092,0.647
DIAMONDS KING DIAMONDS FOUR,0.347,0.0068,0.6462
HEARTS THREE DIAMONDS FOUR,0.6444,0.0814,0.2742
SPADES NINE CLUBS ACE,0.3584,0.0052,0.6364
DIAMONDS NINE CLUBS KING,0.3594,0.005,0.6356
HEARTS ACE DIAMONDS JACK,0.3084,0.0024,0.6892
SPADES ACE DIAMONDS TWO,0.3884,0.0044,0.6072
HEARTS QUEEN DIAMONDS JACK,0.295,0.0102,0.6948
SPADES QUEEN DIAMONDS TWO,0.4024,0.0146,0.583
HEARTS KING DIAMONDS JACK,0.3092,0.0072,0.6836
SPADES KING DIAMONDS TWO,0.3886,0.0072,0.6042
SPADES JACK SPADES SEVEN,0.3414,0.0194,0.6392
SPADES TEN SPADES SEVEN,0.2076,0.2856,0.5068
CLUBS SEVEN CLUBS THREE,0.6304,0.0652,0.3044
CLUBS SIX CLUBS THREE,0.6184,0.066,0.3156
CLUBS FIVE CLUBS THREE,0.587,0.075,0.338
CLUBS THREE CLUBS FOUR,0.6196,0.0718,0.3086
CLUBS NINE CLUBS THREE,0.6548,0.0778,0.2674
CLUBS EIGHT CLUBS THREE,0.64,0.0772,0.2828
CLUBS THREE SPADES FIVE,0.6314,0.0846,0.284
CLUBS THREE SPADES FOUR,0.6526,0.0772,0.2702
CLUBS THREE SPADES TWO,0.6734,0.0834,0.2432
CLUBS THREE SPADES SIX,0.651,0.08,0.269
CLUBS THREE SPADES SEVEN,0.6678,0.0762,0.256
SPADES EIGHT CLUBS THREE,0.666,0.0792,0.2548
SPADES NINE CLUBS THREE,0.677,0.081,0.242
SPADES TWO DIAMONDS FOUR,0.6032,0.0336,0.3632
SPADES FOUR DIAMONDS FOUR,0.2856,0.0712,0.6432
SPADES FIVE DIAMONDS FOUR,0.543,0.0346,0.4224
SPADES SIX DIAMONDS FOUR,0.5548,0.0308,0.4144
SPADES SEVEN DIAMONDS FOUR,0.5674,0.03,0.4026
SPADES EIGHT DIAMONDS FOUR,0.5802,0.0282,0.3916
SPADES NINE DIAMONDS FOUR,0.589,0.0296,0.3814
CLUBS FIVE DIAMONDS FOUR,0.5568,0.0342,0.409
CLUBS FOUR DIAMONDS FOUR,0.305,0.0684,0.6266
CLUBS SEVEN DIAMONDS FOUR,0.561,0.0316,0.4074
CLUBS SIX DIAMONDS FOUR,0.5648,0.0302,0.405
CLUBS NINE DIAMONDS FOUR,0.5888,0.0298,0.3814
CLUBS EIGHT DIAMONDS FOUR,0.5808,0.0248,0.3944
HEARTS SEVEN DIAMONDS FOUR,0.5694,0.0308,0.3998
HEARTS SIX DIAMONDS FOUR,0.5558,0.0274,0.4168
DIAMONDS FOUR HEARTS NINE,0.587,0.0268,0.3862
DIAMONDS FOUR HEARTS EIGHT,0.56,0.0296,0.4104
CLUBS THREE DIAMONDS FOUR,0.6528,0.0784,0.2688
CLUBS TWO DIAMONDS FOUR,0.6006,0.0358,0.3636
DIAMONDS JACK DIAMONDS FIVE,0.3356,0.0178,0.6466
DIAMONDS NINE HEARTS QUEEN,0.3412,0.0092,0.6496
DIAMONDS NINE HEARTS KING,0.3598,0.007,0.6332
HEARTS ACE DIAMONDS NINE,0.358,0.006,0.636
DIAMONDS NINE HEARTS TEN,0.2316,0.1678,0.6006
DIAMONDS NINE HEARTS JACK,0.3386,0.0158,0.6456
CLUBS KING DIAMONDS SIX,0.37,0.0078,0.6222
CLUBS QUEEN DIAMONDS SIX,0.3614,0.0102,0.6284
CLUBS ACE DIAMONDS SIX,0.3578,0.0056,0.6366
SPADES KING DIAMONDS FOUR,0.3486,0.0098,0.6416
SPADES ACE SPADES SEVEN,0.3482,0.0042,0.6476
SPADES QUEEN DIAMONDS FOUR,0.3502,0.0098,0.64
SPADES QUEEN SPADES SEVEN,0.3376,0.0092,0.6532
CLUBS JACK DIAMONDS SIX,0.3594,0.019,0.6216
SPADES KING SPADES SEVEN,0.3416,0.0092,0.6492
SPADES ACE DIAMONDS FOUR,0.3496,0.0048,0.6456
CLUBS TEN DIAMONDS SIX,0.212,0.3858,0.4022
CLUBS NINE CLUBS FOUR,0.5566,0.0284,0.415
CLUBS EIGHT CLUBS FOUR,0.527,0.0242,0.4488
SPADES JACK DIAMONDS FOUR,0.3516,0.0186,0.6298
SPADES TEN DIAMONDS FOUR,0.212,0.5318,0.2562
CLUBS FIVE CLUBS FOUR,0.5068,0.0294,0.4638
CLUBS SEVEN CLUBS FOUR,0.5234,0.0294,0.4472
CLUBS SIX CLUBS FOUR,0.5212,0.0322,0.4466
CLUBS SEVEN SPADES EIGHT,0.5124,0.0252,0.4624
CLUBS SEVEN SPADES NINE,0.5488,0.024,0.4272
CLUBS SEVEN SPADES SIX,0.5352,0.0276,0.4372
CLUBS SEVEN SPADES SEVEN,0.2862,0.0532,0.6606
CLUBS SEVEN SPADES FIVE,0.5524,0.0262,0.4214
CLUBS SEVEN SPADES FOUR,0.5614,0.0236,0.415
CLUBS SEVEN SPADES TWO,0.6234,0.0282,0.3484
CLUBS NINE CLUBS SEVEN,0.5098,0.0236,0.4666
CLUBS SEVEN CLUBS EIGHT,0.5076,0.0256,0.4668
HEARTS SIX DIAMONDS FIVE,0.56,0.0276,0.4124
HEARTS SEVEN DIAMONDS FIVE,0.547,0.026,0.427
DIAMONDS FIVE HEARTS EIGHT,0.5472,0.0312,0.4216
DIAMONDS FIVE HEARTS NINE,0.576,0.0258,0.3982
DIAMONDS QUEEN DIAMONDS FIVE,0.3332,0.0088,0.658
HEARTS TWO DIAMONDS FIVE,0.5994,0.033,0.3676
HEARTS KING HEARTS EIGHT,0.3324,0.0068,0.6608
DIAMONDS KING DIAMONDS FIVE,0.3422,0.0084,0.6494
HEARTS THREE DIAMONDS FIVE,0.656,0.0792,0.2648
HEARTS QUEEN HEARTS EIGHT,0.3366,0.0112,0.6522
DIAMONDS ACE DIAMONDS FIVE,0.3262,0.0072,0.6666
HEARTS FOUR DIAMONDS FIVE,0.5566,0.031,0.4124
HEARTS FIVE DIAMONDS FIVE,0.307,0.0626,0.6304
HEARTS ACE HEARTS EIGHT,0.3306,0.0038,0.6656
CLUBS FOUR DIAMONDS FIVE,0.556,0.0268,0.4172
CLUBS FIVE DIAMONDS FIVE,0.3088,0.0614,0.6298
CLUBS SIX DIAMONDS FIVE,0.553,0.0264,0.4206
CLUBS SEVEN DIAMONDS FIVE,0.5554,0.0284,0.4162
CLUBS TWO DIAMONDS FIVE,0.6022,0.0346,0.3632
CLUBS THREE DIAMONDS FIVE,0.6394,0.0818,0.2788
SPADES TWO DIAMONDS FIVE,0.6036,0.0362,0.3602
SPADES JACK DIAMONDS EIGHT,0.3386,0.018,0.6434
SPADES FIVE DIAMONDS FIVE,0.2938,0.062,0.6442
CLUBS TEN HEARTS JACK,0.2266,0.052,0.7214
SPADES TEN DIAMONDS EIGHT,0.2162,0.2242,0.5596
SPADES FOUR DIAMONDS FIVE,0.5384,0.033,0.4286
HEARTS JACK CLUBS JACK,0.144,0.0252,0.8308
HEARTS JACK CLUBS QUEEN,0.311,0.0078,0.6812
CLUBS NINE DIAMONDS FIVE,0.5814,0.0278,0.3908
CLUBS KING HEARTS JACK,0.3122,0.007,0.6808
CLUBS EIGHT DIAMONDS FIVE,0.5688,0.0216,0.4096
CLUBS ACE HEARTS JACK,0.3218,0.0038,0.6744
SPADES SEVEN DIAMONDS FIVE,0.5446,0.0328,0.4226
SPADES KING DIAMONDS EIGHT,0.3542,0.008,0.6378
SPADES QUEEN DIAMONDS EIGHT,0.3502,0.0106,0.6392
SPADES SIX DIAMONDS FIVE,0.5342,0.0316,0.4342
SPADES NINE DIAMONDS FIVE,0.5806,0.0284,0.391
SPADES EIGHT DIAMONDS FIVE,0.557,0.0308,0.4122
SPADES ACE DIAMONDS EIGHT,0.3554,0.005,0.6396
HEARTS ACE DIAMONDS SEVEN,0.3526,0.0046,0.6428
DIAMONDS JACK DIAMONDS SIX,0.338,0.0198,0.6422
HEARTS QUEEN DIAMONDS SEVEN,0.3686,0.0124,0.619
HEARTS KING DIAMONDS SEVEN,0.3718,0.0088,0.6194
DIAMONDS ACE DIAMONDS SIX,0.3458,0.0048,0.6494
HEARTS FOUR DIAMONDS SIX,0.5546,0.0328,0.4126
SPADES TWO HEARTS JACK,0.39,0.02,0.59
HEARTS FIVE DIAMONDS SIX,0.5522,0.0342,0.4136
SPADES TWO HEARTS TEN,0.262,0.525,0.213
DIAMONDS QUEEN DIAMONDS SIX,0.3306,0.0148,0.6546
HEARTS TWO DIAMONDS SIX,0.6222,0.0312,0.3466
DIAMONDS KING DIAMONDS SIX,0.3412,0.0104,0.6484
HEARTS THREE DIAMONDS SIX,0.667,0.0766,0.2564
HEARTS EIGHT DIAMONDS SIX,0.5476,0.0276,0.4248
HEARTS NINE DIAMONDS SIX,0.5602,0.0286,0.4112
HEARTS SIX DIAMONDS SIX,0.2918,0.0624,0.6458
HEARTS SEVEN DIAMONDS SIX,0.5342,0.0288,0.437
HEARTS TEN DIAMONDS SEVEN,0.2258,0.2922,0.482
CLUBS TWO DIAMONDS SIX,0.6108,0.0278,0.3614
HEARTS JACK DIAMONDS SEVEN,0.346,0.0162,0.6378
CLUBS THREE DIAMONDS SIX,0.6534,0.079,0.2676
CLUBS SEVEN DIAMONDS SIX,0.541,0.024,0.435
DIAMONDS EIGHT CLUBS JACK,0.344,0.0186,0.6374
CLUBS SIX DIAMONDS SIX,0.2956,0.0624,0.642
CLUBS TEN DIAMONDS EIGHT,0.2214,0.2224,0.5562
CLUBS FIVE DIAMONDS SIX,0.5408,0.0266,0.4326
CLUBS FOUR DIAMONDS SIX,0.5628,0.0228,0.4144
HEARTS ACE HEARTS JACK,0.302,0.0038,0.6942
DIAMONDS EIGHT CLUBS ACE,0.362,0.0052,0.6328
HEARTS QUEEN HEARTS JACK,0.286,0.0094,0.7046
DIAMONDS EIGHT CLUBS KING,0.3704,0.0054,0.6242
CLUBS NINE DIAMONDS SIX,0.5574,0.0272,0.4154
HEARTS KING HEARTS JACK,0.2938,0.0058,0.7004
DIAMONDS EIGHT CLUBS QUEEN,0.3372,0.0122,0.6506
CLUBS EIGHT DIAMONDS SIX,0.5488,0.0248,0.4264
SPADES TEN HEARTS KING,0.2206,0.0404,0.739
SPADES FIVE DIAMONDS SIX,0.546,0.033,0.421
HEARTS ACE SPADES TWO,0.395,0.0062,0.5988
SPADES JACK HEARTS KING,0.3054,0.0086,0.686
SPADES FOUR DIAMONDS SIX,0.5652,0.0312,0.4036
HEARTS QUEEN SPADES TWO,0.3898,0.0152,0.595
SPADES ACE SPADES KING,0.315,0.0064,0.6786
SPADES TWO HEARTS KING,0.3918,0.0088,0.5994
SPADES TWO DIAMONDS SIX,0.6238,0.0254,0.3508
HEARTS TEN HEARTS EIGHT,0.2104,0.2074,0.5822
SPADES NINE DIAMONDS SIX,0.5568,0.0274,0.4158
HEARTS JACK HEARTS EIGHT,0.3272,0.0168,0.656
SPADES EIGHT DIAMONDS SIX,0.5514,0.0304,0.4182
SPADES SEVEN DIAMONDS SIX,0.5392,0.0276,0.4332
SPADES SIX DIAMONDS SIX,0.2918,0.0628,0.6454
SPADES KING HEARTS KING,0.126,0.0086,0.8654
SPADES QUEEN HEARTS KING,0.3152,0.0052,0.6796
CLUBS ACE CLUBS KING,0.2996,0.0038,0.6966
SPADES ACE HEARTS KING,0.3116,0.0038,0.6846
SPADES ACE HEARTS JACK,0.3166,0.0034,0.68
SPADES QUEEN HEARTS JACK,0.2976,0.011,0.6914
SPADES KING HEARTS JACK,0.317,0.008,0.675
SPADES JACK HEARTS JACK,0.1476,0.0228,0.8296
SPADES TEN HEARTS JACK,0.219,0.0562,0.7248
SPADES NINE DIAMONDS SEVEN,0.545,0.0226,0.4324
SPADES EIGHT DIAMONDS SEVEN,0.5256,0.024,0.4504
SPADES SEVEN DIAMONDS SEVEN,0.2754,0.0568,0.6678
SPADES SIX DIAMONDS SEVEN,0.533,0.0314,0.4356
DIAMONDS KING DIAMONDS SEVEN,0.3374,0.0074,0.6552
HEARTS THREE DIAMONDS SEVEN,0.678,0.0792,0.2428
HEARTS KING DIAMONDS FIVE,0.374,0.0094,0.6166
DIAMONDS QUEEN DIAMONDS SEVEN,0.3324,0.011,0.6566
HEARTS TWO DIAMONDS SEVEN,0.6086,0.034,0.3574
HEARTS QUEEN DIAMONDS FIVE,0.3592,0.0128,0.628
HEARTS FIVE DIAMONDS SEVEN,0.5592,0.029,0.4118
DIAMONDS ACE DIAMONDS SEVEN,0.3344,0.006,0.6596
HEARTS FOUR DIAMONDS SEVEN,0.5648,0.03,0.4052
HEARTS ACE DIAMONDS FIVE,0.3522,0.005,0.6428
HEARTS SEVEN DIAMONDS SEVEN,0.2846,0.0496,0.6658
HEARTS SIX DIAMONDS SEVEN,0.5298,0.0298,0.4404
DIAMONDS SEVEN HEARTS NINE,0.5566,0.0294,0.414
HEARTS EIGHT DIAMONDS SEVEN,0.5268,0.0246,0.4486
DIAMONDS JACK DIAMONDS SEVEN,0.3354,0.0178,0.6468
DIAMONDS FIVE HEARTS JACK,0.3654,0.0158,0.6188
HEARTS TEN DIAMONDS FIVE,0.2274,0.4634,0.3092
SPADES KING CLUBS TWO,0.3892,0.009,0.6018
HEARTS KING CLUBS KING,0.1468,0.0108,0.8424
CLUBS EIGHT DIAMONDS SEVEN,0.5336,0.024,0.4424
SPADES QUEEN CLUBS TWO,0.3872,0.0118,0.601
HEARTS KING CLUBS QUEEN,0.3194,0.0062,0.6744
CLUBS NINE DIAMONDS SEVEN,0.5522,0.0286,0.4192
SPADES TWO CLUBS JACK,0.3814,0.0194,0.5992
SPADES ACE CLUBS TWO,0.3716,0.0048,0.6236
CLUBS TEN SPADES TWO,0.2634,0.522,0.2146
HEARTS KING CLUBS ACE,0.3256,0.0042,0.6702
CLUBS SEVEN CLUBS SIX,0.5004,0.0268,0.4728
SPADES TWO CLUBS KING,0.3974,0.0102,0.5924
SPADES TWO DIAMONDS SEVEN,0.6282,0.0364,0.3354
CLUBS EIGHT CLUBS SIX,0.497,0.0292,0.4738
SPADES TWO CLUBS QUEEN,0.3802,0.0142,0.6056
CLUBS NINE CLUBS SIX,0.5162,0.0284,0.4554
SPADES FOUR DIAMONDS SEVEN,0.5748,0.028,0.3972
HEARTS KING CLUBS JACK,0.2956,0.005,0.6994
SPADES FIVE DIAMONDS SEVEN,0.5494,0.0314,0.4192
SPADES TWO CLUBS ACE,0.3788,0.0062,0.615
CLUBS TEN HEARTS KING,0.2314,0.0308,0.7378
CLUBS SIX SPADES TWO,0.6008,0.0324,0.3668
CLUBS TWO DIAMONDS SEVEN,0.6112,0.031,0.3578
CLUBS SIX SPADES FOUR,0.5486,0.0338,0.4176
CLUBS THREE DIAMONDS SEVEN,0.671,0.0692,0.2598
CLUBS SIX SPADES FIVE,0.5306,0.0278,0.4416
CLUBS FOUR DIAMONDS SEVEN,0.5672,0.035,0.3978
CLUBS SIX SPADES SIX,0.2878,0.0566,0.6556
CLUBS FIVE DIAMONDS SEVEN,0.559,0.0344,0.4066
CLUBS SIX SPADES SEVEN,0.5328,0.0278,0.4394
CLUBS SIX DIAMONDS SEVEN,0.5404,0.0276,0.432
CLUBS SIX SPADES EIGHT,0.5502,0.0232,0.4266
SPADES JACK CLUBS TWO,0.3708,0.02,0.6092
CLUBS SEVEN DIAMONDS SEVEN,0.2892,0.0544,0.6564
SPADES NINE CLUBS SIX,0.561,0.0252,0.4138
SPADES TEN CLUBS TWO,0.2594,0.518,0.2226
CLUBS TWO CLUBS QUEEN,0.3706,0.011,0.6184
CLUBS TWO CLUBS KING,0.3638,0.0072,0.629
CLUBS THREE DIAMONDS EIGHT,0.6946,0.0762,0.2292
CLUBS TWO CLUBS ACE,0.3688,0.0058,0.6254
CLUBS TWO DIAMONDS EIGHT,0.6076,0.0306,0.3618
HEARTS SEVEN DIAMONDS EIGHT,0.532,0.0264,0.4416
HEARTS SIX DIAMONDS EIGHT,0.5524,0.0276,0.42
DIAMONDS EIGHT HEARTS NINE,0.5272,0.0262,0.4466
CLUBS TEN CLUBS TWO,0.2432,0.4902,0.2666
DIAMONDS EIGHT HEARTS EIGHT,0.2806,0.0506,0.6688
CLUBS TWO CLUBS JACK,0.3676,0.0206,0.6118
CLUBS NINE DIAMONDS EIGHT,0.527,0.026,0.447
CLUBS EIGHT DIAMONDS EIGHT,0.264,0.05,0.686
CLUBS FIVE DIAMONDS EIGHT,0.5594,0.0288,0.4118
CLUBS FOUR DIAMONDS EIGHT,0.5798,0.0258,0.3944
CLUBS SEVEN DIAMONDS EIGHT,0.5256,0.0272,0.4472
CLUBS SIX DIAMONDS EIGHT,0.536,0.0268,0.4372
DIAMONDS EIGHT DIAMONDS QUEEN,0.3276,0.0144,0.658
HEARTS TWO DIAMONDS EIGHT,0.6098,0.0328,0.3574
DIAMONDS KING DIAMONDS EIGHT,0.3352,0.0096,0.6552
HEARTS THREE DIAMONDS EIGHT,0.6838,0.073,0.2432
DIAMONDS ACE DIAMONDS EIGHT,0.3388,0.0052,0.656
HEARTS FOUR DIAMONDS EIGHT,0.5684,0.0288,0.4028
HEARTS FIVE DIAMONDS EIGHT,0.566,0.0238,0.4102
DIAMONDS EIGHT DIAMONDS JACK,0.321,0.0148,0.6642
CLUBS FOUR HEARTS ACE,0.3606,0.0036,0.6358
CLUBS FOUR HEARTS QUEEN,0.3588,0.0104,0.6308
CLUBS FOUR HEARTS KING,0.353,0.0062,0.6408
CLUBS SIX HEARTS TEN,0.222,0.3674,0.4106
CLUBS SIX HEARTS JACK,0.371,0.0174,0.6116
DIAMONDS EIGHT SPADES FOUR,0.5638,0.0308,0.4054
SPADES FIVE DIAMONDS EIGHT,0.5572,0.0278,0.415
DIAMONDS EIGHT SPADES TWO,0.6172,0.0314,0.3514
CLUBS FOUR HEARTS JACK,0.3548,0.019,0.6262
SPADES EIGHT DIAMONDS EIGHT,0.2642,0.0518,0.684
SPADES TEN DIAMONDS QUEEN,0.2086,0.048,0.7434
SPADES TEN HEARTS TWO,0.2568,0.5154,0.2278
SPADES JACK HEARTS EIGHT,0.3392,0.0136,0.6472
CLUBS FOUR HEARTS TEN,0.222,0.5146,0.2634
SPADES NINE DIAMONDS EIGHT,0.5274,0.0282,0.4444
SPADES TEN HEARTS EIGHT,0.2204,0.2232,0.5564
SPADES JACK HEARTS TWO,0.3858,0.0202,0.594
SPADES JACK DIAMONDS QUEEN,0.2878,0.012,0.7002
SPADES SIX DIAMONDS EIGHT,0.5472,0.027,0.4258
SPADES SEVEN DIAMONDS EIGHT,0.5278,0.0248,0.4474
SPADES ACE HEARTS TWO,0.3776,0.0052,0.6172
SPADES ACE DIAMONDS QUEEN,0.3272,0.0046,0.6682
SPADES ACE HEARTS EIGHT,0.3658,0.0062,0.628
SPADES KING HEARTS EIGHT,0.3616,0.009,0.6294
SPADES QUEEN HEARTS TWO,0.3918,0.0136,0.5946
SPADES QUEEN DIAMONDS QUEEN,0.1136,0.0182,0.8682
SPADES KING DIAMONDS QUEEN,0.3036,0.0094,0.687
SPADES KING HEARTS TWO,0.3856,0.0096,0.6048
SPADES QUEEN HEARTS EIGHT,0.3532,0.0096,0.6372
CLUBS TWO HEARTS TEN,0.2582,0.5172,0.2246
CLUBS TWO HEARTS JACK,0.3882,0.0216,0.5902
SPADES SEVEN DIAMONDS NINE,0.554,0.0298,0.4162
SPADES SIX DIAMONDS NINE,0.5544,0.0304,0.4152
SPADES NINE DIAMONDS NINE,0.2618,0.0364,0.7018
SPADES EIGHT DIAMONDS NINE,0.5274,0.0278,0.4448
SPADES TEN CLUBS KING,0.217,0.037,0.746
SPADES JACK CLUBS KING,0.2972,0.0084,0.6944
DIAMONDS NINE SPADES TWO,0.6192,0.0296,0.3512
DIAMONDS NINE SPADES FIVE,0.5628,0.035,0.4022
DIAMONDS NINE SPADES FOUR,0.5808,0.0306,0.3886
CLUBS NINE DIAMONDS NINE,0.284,0.04,0.676
CLUBS EIGHT DIAMONDS NINE,0.525,0.0296,0.4454
CLUBS SIX DIAMONDS NINE,0.549,0.0288,0.4222
SPADES JACK CLUBS FOUR,0.359,0.0178,0.6232
CLUBS SEVEN DIAMONDS NINE,0.5494,0.027,0.4236
SPADES TEN CLUBS FOUR,0.2068,0.5332,0.26
CLUBS FOUR DIAMONDS NINE,0.595,0.029,0.376
CLUBS FIVE DIAMONDS NINE,0.5848,0.0272,0.388
DIAMONDS NINE CLUBS TWO,0.6128,0.0322,0.355
CLUBS THREE DIAMONDS NINE,0.6962,0.0798,0.224
DIAMONDS NINE HEARTS EIGHT,0.5326,0.0258,0.4416
DIAMONDS NINE HEARTS NINE,0.2678,0.0404,0.6918
HEARTS SIX DIAMONDS NINE,0.551,0.0282,0.4208
HEARTS SEVEN DIAMONDS NINE,0.5528,0.0294,0.4178
CLUBS NINE CLUBS EIGHT,0.5076,0.0256,0.4668
DIAMONDS ACE DIAMONDS NINE,0.3378,0.0084,0.6538
HEARTS FOUR DIAMONDS NINE,0.5924,0.0244,0.3832
HEARTS FIVE DIAMONDS NINE,0.581,0.031,0.388
HEARTS ACE CLUBS TWO,0.3816,0.0032,0.6152
SPADES ACE CLUBS FOUR,0.358,0.0056,0.6364
DIAMONDS NINE DIAMONDS QUEEN,0.3168,0.0124,0.6708
HEARTS TWO DIAMONDS NINE,0.6152,0.0288,0.356
CLUBS TWO HEARTS KING,0.3894,0.0102,0.6004
SPADES KING CLUBS FOUR,0.3626,0.0064,0.631
DIAMONDS KING DIAMONDS NINE,0.3332,0.0102,0.6566
HEARTS THREE DIAMONDS NINE,0.695,0.082,0.223
CLUBS TWO HEARTS QUEEN,0.3854,0.0142,0.6004
SPADES QUEEN CLUBS FOUR,0.3632,0.0132,0.6236
DIAMONDS NINE DIAMONDS JACK,0.3066,0.0162,0.6772
CLUBS EIGHT SPADES NINE,0.5238,0.025,0.4512
CLUBS EIGHT SPADES EIGHT,0.2758,0.0468,0.6774
CLUBS EIGHT SPADES SEVEN,0.5336,0.0278,0.4386
CLUBS EIGHT SPADES SIX,0.543,0.027,0.43
CLUBS EIGHT SPADES FIVE,0.5532,0.0298,0.417
CLUBS EIGHT SPADES FOUR,0.5678,0.031,0.4012
CLUBS EIGHT SPADES TWO,0.607,0.0258,0.3672
CLUBS FOUR CLUBS JACK,0.3316,0.0178,0.6506
CLUBS TEN CLUBS FOUR,0.2102,0.481,0.3088
CLUBS FOUR CLUBS KING,0.339,0.008,0.653
CLUBS FOUR CLUBS QUEEN,0.3364,0.0112,0.6524
CLUBS FOUR CLUBS ACE,0.3254,0.0042,0.6704
CLUBS EIGHT HEARTS JACK,0.3402,0.0152,0.6446
CLUBS EIGHT HEARTS TEN,0.2266,0.21,0.5634
CLUBS EIGHT HEARTS QUEEN,0.3634,0.0102,0.6264
CLUBS EIGHT HEARTS KING,0.363,0.0046,0.6324
CLUBS EIGHT HEARTS ACE,0.3508,0.0042,0.645
CLUBS NINE SPADES TWO,0.6192,0.0286,0.3522
CLUBS NINE SPADES FIVE,0.5732,0.0264,0.4004
CLUBS NINE SPADES FOUR,0.5924,0.0294,0.3782
CLUBS NINE SPADES SEVEN,0.5366,0.024,0.4394
CLUBS NINE SPADES SIX,0.5598,0.027,0.4132
CLUBS NINE SPADES NINE,0.2626,0.039,0.6984
CLUBS TEN HEARTS EIGHT,0.2228,0.2294,0.5478
CLUBS NINE SPADES EIGHT,0.5332,0.0234,0.4434
HEARTS EIGHT CLUBS JACK,0.3386,0.0152,0.6462
CLUBS QUEEN HEARTS EIGHT,0.3524,0.011,0.6366
CLUBS KING HEARTS EIGHT,0.3676,0.0072,0.6252
CLUBS ACE HEARTS EIGHT,0.3606,0.004,0.6354
SPADES KING CLUBS KING,0.1284,0.0098,0.8618
SPADES QUEEN CLUBS KING,0.3142,0.0092,0.6766
SPADES ACE CLUBS KING,0.3286,0.0054,0.666
DIAMONDS ACE HEARTS TEN,0.2104,0.0258,0.7638
HEARTS FOUR HEARTS TEN,0.2066,0.4762,0.3172
DIAMONDS ACE HEARTS JACK,0.3204,0.0048,0.6748
HEARTS FOUR HEARTS JACK,0.3492,0.0174,0.6334
SPADES KING CLUBS FIVE,0.3672,0.008,0.6248
SPADES QUEEN CLUBS FIVE,0.3584,0.0126,0.629
SPADES ACE CLUBS FIVE,0.3452,0.0058,0.649
HEARTS SEVEN DIAMONDS JACK,0.3382,0.0178,0.644
HEARTS SIX DIAMONDS JACK,0.3578,0.0174,0.6248
DIAMONDS JACK HEARTS NINE,0.3122,0.018,0.6698
DIAMONDS JACK HEARTS EIGHT,0.3246,0.0158,0.6596
DIAMONDS KING DIAMONDS JACK,0.2958,0.0096,0.6946
HEARTS THREE DIAMONDS JACK,0.2324,0.0628,0.7048
SPADES ACE SPADES SIX,0.336,0.0052,0.6588
HEARTS ACE SPADES FOUR,0.3504,0.0046,0.645
DIAMONDS QUEEN DIAMONDS JACK,0.292,0.0108,0.6972
HEARTS TWO DIAMONDS JACK,0.4032,0.0186,0.5782
HEARTS FIVE DIAMONDS JACK,0.3512,0.0176,0.6312
SPADES QUEEN SPADES SIX,0.353,0.0124,0.6346
SPADES FOUR HEARTS QUEEN,0.3632,0.012,0.6248
DIAMONDS ACE DIAMONDS JACK,0.3018,0.0038,0.6944
HEARTS FOUR DIAMONDS JACK,0.3406,0.021,0.6384
SPADES KING SPADES SIX,0.3454,0.0072,0.6474
SPADES FOUR HEARTS KING,0.3594,0.0074,0.6332
SPADES TEN SPADES SIX,0.2106,0.3562,0.4332
SPADES JACK SPADES SIX,0.3478,0.017,0.6352
SPADES FOUR DIAMONDS JACK,0.3456,0.0176,0.6368
SPADES FIVE DIAMONDS JACK,0.3402,0.019,0.6408
SPADES TWO DIAMONDS JACK,0.3962,0.0244,0.5794
SPADES ACE DIAMONDS THREE,0.2292,0.0224,0.7484
SPADES QUEEN DIAMONDS THREE,0.2396,0.0458,0.7146
CLUBS EIGHT DIAMONDS JACK,0.3438,0.0202,0.636
SPADES KING DIAMONDS THREE,0.2338,0.0346,0.7316
CLUBS NINE DIAMONDS JACK,0.3296,0.0156,0.6548
CLUBS SIX DIAMONDS JACK,0.362,0.017,0.621
CLUBS SEVEN DIAMONDS JACK,0.3496,0.019,0.6314
CLUBS FOUR DIAMONDS JACK,0.3416,0.0182,0.6402
CLUBS FIVE DIAMONDS JACK,0.3572,0.02,0.6228
CLUBS TWO DIAMONDS JACK,0.3886,0.0208,0.5906
CLUBS THREE DIAMONDS JACK,0.2346,0.0658,0.6996
SPADES TEN CLUBS FIVE,0.2008,0.4796,0.3196
SPADES JACK HEARTS SIX,0.346,0.0164,0.6376
HEARTS SIX SPADES TEN,0.2146,0.3708,0.4146
SPADES JACK CLUBS FIVE,0.368,0.0174,0.6146
SPADES JACK DIAMONDS THREE,0.227,0.0616,0.7114
CLUBS SEVEN CLUBS ACE,0.3156,0.004,0.6804
DIAMONDS THREE SPADES TEN,0.007,0.9864,0.0066
CLUBS SEVEN CLUBS QUEEN,0.3474,0.008,0.6446
CLUBS SEVEN CLUBS KING,0.3378,0.0062,0.656
SPADES NINE DIAMONDS JACK,0.3078,0.0198,0.6724
CLUBS TEN CLUBS SEVEN,0.2066,0.28,0.5134
DIAMONDS ACE HEARTS ACE,0.1302,0.0038,0.866
HEARTS FOUR HEARTS ACE,0.33,0.0048,0.6652
SPADES EIGHT DIAMONDS JACK,0.3366,0.0126,0.6508
SPADES ACE HEARTS SIX,0.3496,0.0048,0.6456
CLUBS SEVEN CLUBS JACK,0.3374,0.0182,0.6444
DIAMONDS ACE HEARTS KING,0.3172,0.0058,0.677
HEARTS FOUR HEARTS KING,0.3374,0.0082,0.6544
SPADES SEVEN DIAMONDS JACK,0.3432,0.0176,0.6392
SPADES KING HEARTS SIX,0.364,0.0066,0.6294
DIAMONDS ACE HEARTS QUEEN,0.3114,0.0066,0.682
HEARTS FOUR HEARTS QUEEN,0.3546,0.0116,0.6338
SPADES QUEEN HEARTS SIX,0.3582,0.0122,0.6296
SPADES SIX DIAMONDS JACK,0.3546,0.0172,0.6282
DIAMONDS THREE CLUBS JACK,0.2428,0.0598,0.6974
CLUBS TEN DIAMONDS THREE,0.0178,0.9708,0.0114
DIAMONDS THREE CLUBS KING,0.2462,0.034,0.7198
DIAMONDS THREE CLUBS QUEEN,0.2368,0.0476,0.7156
DIAMONDS THREE CLUBS ACE,0.233,0.0214,0.7456
SPADES FOUR HEARTS JACK,0.3672,0.016,0.6168
SPADES FOUR HEARTS TEN,0.2138,0.5174,0.2688
SPADES FIVE SPADES TWO,0.564,0.0294,0.4066
SPADES FOUR SPADES TWO,0.5532,0.0296,0.4172
SPADES NINE SPADES TWO,0.5784,0.0258,0.3958
SPADES EIGHT SPADES TWO,0.5724,0.0302,0.3974
SPADES SEVEN SPADES TWO,0.5766,0.029,0.3944
SPADES SIX SPADES TWO,0.566,0.0314,0.4026
CLUBS THREE DIAMONDS QUEEN,0.2324,0.0404,0.7272
CLUBS THREE HEARTS TWO,0.6608,0.0736,0.2656
CLUBS TWO DIAMONDS QUEEN,0.3882,0.0148,0.597
HEARTS TWO CLUBS TWO,0.3854,0.0718,0.5428
HEARTS SEVEN DIAMONDS QUEEN,0.3642,0.0126,0.6232
HEARTS SEVEN HEARTS TWO,0.5824,0.0254,0.3922
HEARTS SIX DIAMONDS QUEEN,0.3664,0.0108,0.6228
HEARTS SIX HEARTS TWO,0.5544,0.03,0.4156
DIAMONDS QUEEN HEARTS NINE,0.3362,0.0108,0.653
HEARTS TWO HEARTS NINE,0.5758,0.0258,0.3984
DIAMONDS QUEEN HEARTS EIGHT,0.3434,0.0108,0.6458
HEARTS TWO HEARTS EIGHT,0.5634,0.0278,0.4088
CLUBS NINE HEARTS TWO,0.6222,0.0274,0.3504
CLUBS NINE DIAMONDS QUEEN,0.3352,0.009,0.6558
CLUBS EIGHT HEARTS TWO,0.611,0.0316,0.3574
CLUBS EIGHT DIAMONDS QUEEN,0.3446,0.011,0.6444
CLUBS FIVE DIAMONDS QUEEN,0.3472,0.0144,0.6384
CLUBS FIVE HEARTS TWO,0.6004,0.0304,0.3692
SPADES EIGHT HEARTS ACE,0.349,0.003,0.648
CLUBS FOUR DIAMONDS QUEEN,0.3476,0.0158,0.6366
CLUBS FOUR HEARTS TWO,0.5964,0.0326,0.371
CLUBS SEVEN DIAMONDS QUEEN,0.3554,0.0116,0.633
CLUBS SEVEN HEARTS TWO,0.6136,0.0328,0.3536
SPADES EIGHT HEARTS QUEEN,0.3412,0.0132,0.6456
CLUBS SIX DIAMONDS QUEEN,0.3528,0.0108,0.6364
CLUBS SIX HEARTS TWO,0.6058,0.0296,0.3646
SPADES EIGHT HEARTS KING,0.3594,0.0052,0.6354
HEARTS TWO SPADES SIX,0.607,0.0312,0.3618
SPADES SIX DIAMONDS QUEEN,0.352,0.0078,0.6402
HEARTS FOUR CLUBS QUEEN,0.3648,0.012,0.6232
DIAMONDS ACE CLUBS QUEEN,0.3164,0.0062,0.6774
SPADES SEVEN DIAMONDS QUEEN,0.3478,0.0138,0.6384
SPADES SEVEN HEARTS TWO,0.6116,0.0356,0.3528
HEARTS FOUR CLUBS KING,0.3506,0.0082,0.6412
DIAMONDS ACE CLUBS KING,0.3232,0.0054,0.6714
SPADES EIGHT DIAMONDS QUEEN,0.3416,0.0076,0.6508
SPADES EIGHT HEARTS TWO,0.6172,0.0282,0.3546
HEARTS FOUR CLUBS ACE,0.36,0.0046,0.6354
DIAMONDS ACE CLUBS ACE,0.1262,0.0048,0.869
SPADES NINE DIAMONDS QUEEN,0.3294,0.011,0.6596
SPADES NINE HEARTS TWO,0.605,0.0306,0.3644
HEARTS TWO SPADES TWO,0.3906,0.0642,0.5452
DIAMONDS QUEEN SPADES TWO,0.3724,0.0174,0.6102
HEARTS TWO SPADES FOUR,0.5952,0.0336,0.3712
SPADES FOUR DIAMONDS QUEEN,0.3494,0.0138,0.6368
CLUBS TEN HEARTS FOUR,0.2232,0.508,0.2688
CLUBS TEN DIAMONDS ACE,0.2196,0.0258,0.7546
HEARTS TWO SPADES FIVE,0.6026,0.035,0.3624
SPADES FIVE DIAMONDS QUEEN,0.3386,0.0136,0.6478
HEARTS FOUR CLUBS JACK,0.3452,0.0192,0.6356
DIAMONDS ACE CLUBS JACK,0.321,0.0058,0.6732
CLUBS FIVE CLUBS KING,0.3408,0.0114,0.6478
CLUBS FIVE CLUBS QUEEN,0.3428,0.012,0.6452
CLUBS FIVE CLUBS ACE,0.32,0.0044,0.6756
CLUBS FIVE CLUBS JACK,0.3432,0.0186,0.6382
CLUBS TEN CLUBS FIVE,0.2094,0.4388,0.3518
SPADES KING CLUBS JACK,0.3054,0.0066,0.688
SPADES QUEEN CLUBS JACK,0.2972,0.0102,0.6926
SPADES ACE CLUBS JACK,0.3132,0.0038,0.683
SPADES SIX CLUBS KING,0.3698,0.0082,0.622
SPADES SIX CLUBS QUEEN,0.3566,0.0118,0.6316
SPADES EIGHT HEARTS JACK,0.3314,0.0206,0.648
SPADES SIX CLUBS ACE,0.3594,0.0052,0.6354
SPADES EIGHT HEARTS TEN,0.216,0.2186,0.5654
SPADES SIX CLUBS JACK,0.3586,0.0202,0.6212
CLUBS TEN SPADES SIX,0.2092,0.3756,0.4152
SPADES TEN CLUBS JACK,0.2172,0.0626,0.7202
SPADES JACK CLUBS JACK,0.1318,0.0272,0.841
SPADES QUEEN CLUBS SEVEN,0.3504,0.0108,0.6388
SPADES KING CLUBS SEVEN,0.346,0.0066,0.6474
SPADES ACE CLUBS SEVEN,0.36,0.0046,0.6354
SPADES SIX HEARTS TEN,0.2072,0.385,0.4078
SPADES SIX HEARTS JACK,0.3582,0.0198,0.622
SPADES SIX HEARTS ACE,0.3434,0.0042,0.6524
SPADES SIX HEARTS KING,0.3602,0.0076,0.6322
SPADES SIX HEARTS QUEEN,0.3616,0.0112,0.6272
CLUBS SEVEN SPADES JACK,0.3374,0.0158,0.6468
CLUBS SEVEN SPADES TEN,0.2058,0.296,0.4982
CLUBS TEN HEARTS SIX,0.223,0.3672,0.4098
HEARTS SIX CLUBS JACK,0.3754,0.0178,0.6068
CLUBS ACE CLUBS JACK,0.2976,0.004,0.6984
HEARTS SIX CLUBS QUEEN,0.3592,0.009,0.6318
HEARTS SIX CLUBS KING,0.3624,0.0072,0.6304
HEARTS SIX CLUBS ACE,0.3708,0.003,0.6262
CLUBS QUEEN CLUBS JACK,0.2832,0.0122,0.7046
CLUBS KING CLUBS JACK,0.285,0.0072,0.7078
DIAMONDS THREE HEARTS ACE,0.2474,0.0198,0.7328
DIAMONDS THREE HEARTS QUEEN,0.24,0.0452,0.7148
DIAMONDS THREE HEARTS KING,0.2456,0.0314,0.723
CLUBS FIVE HEARTS JACK,0.3618,0.0192,0.619
SPADES TEN DIAMONDS ACE,0.2106,0.029,0.7604
HEARTS FOUR SPADES TEN,0.2204,0.525,0.2546
CLUBS FIVE HEARTS TEN,0.2196,0.45,0.3304
HEARTS FOUR SPADES JACK,0.357,0.019,0.624
SPADES JACK DIAMONDS ACE,0.304,0.0044,0.6916
SPADES ACE HEARTS FOUR,0.3464,0.0058,0.6478
SPADES ACE DIAMONDS ACE,0.1188,0.0044,0.8768
CLUBS FIVE HEARTS ACE,0.3444,0.0042,0.6514
CLUBS FIVE HEARTS KING,0.3718,0.008,0.6202
HEARTS FOUR SPADES QUEEN,0.3486,0.0134,0.638
SPADES QUEEN DIAMONDS ACE,0.3034,0.005,0.6916
SPADES FOUR CLUBS JACK,0.3628,0.0222,0.615
CLUBS FIVE HEARTS QUEEN,0.3552,0.0108,0.634
SPADES KING DIAMONDS ACE,0.3176,0.0032,0.6792
SPADES KING HEARTS FOUR,0.3542,0.0086,0.6372
CLUBS TEN SPADES FOUR,0.2218,0.5232,0.255
DIAMONDS ACE DIAMONDS QUEEN,0.2982,0.0074,0.6944
DIAMONDS ACE HEARTS TWO,0.381,0.0068,0.6122
HEARTS FOUR DIAMONDS QUEEN,0.36,0.0112,0.6288
HEARTS FOUR HEARTS TWO,0.5508,0.0314,0.4178
DIAMONDS THREE HEARTS TEN,0.0192,0.9722,0.0086
SPADES FOUR CLUBS KING,0.3592,0.0076,0.6332
HEARTS FIVE DIAMONDS QUEEN,0.3494,0.0112,0.6394
HEARTS FIVE HEARTS TWO,0.5492,0.0284,0.4224
DIAMONDS THREE HEARTS JACK,0.2328,0.0558,0.7114
SPADES FOUR CLUBS QUEEN,0.3646,0.013,0.6224
HEARTS TWO DIAMONDS QUEEN,0.3884,0.0144,0.5972
DIAMONDS KING DIAMONDS QUEEN,0.3034,0.0068,0.6898
DIAMONDS KING HEARTS TWO,0.3896,0.009,0.6014
HEARTS THREE DIAMONDS QUEEN,0.2234,0.0442,0.7324
HEARTS THREE HEARTS TWO,0.6258,0.0718,0.3024
SPADES FOUR CLUBS ACE,0.3424,0.0052,0.6524
HEARTS TWO CLUBS ACE,0.3936,0.0054,0.601
DIAMONDS QUEEN CLUBS ACE,0.3122,0.0056,0.6822
HEARTS TWO CLUBS QUEEN,0.3914,0.0122,0.5964
DIAMONDS QUEEN CLUBS QUEEN,0.1328,0.0196,0.8476
HEARTS TWO CLUBS KING,0.3958,0.011,0.5932
DIAMONDS QUEEN CLUBS KING,0.3092,0.0068,0.684
SPADES EIGHT SPADES FIVE,0.5228,0.0298,0.4474
CLUBS TEN HEARTS TWO,0.272,0.5204,0.2076
CLUBS TEN DIAMONDS QUEEN,0.2268,0.0508,0.7224
SPADES NINE SPADES FIVE,0.5396,0.0282,0.4322
HEARTS TWO CLUBS JACK,0.3882,0.0226,0.5892
DIAMONDS QUEEN CLUBS JACK,0.3028,0.008,0.6892
SPADES SIX SPADES FIVE,0.517,0.0298,0.4532
SPADES SEVEN SPADES FIVE,0.5334,0.0302,0.4364
DIAMONDS FIVE CLUBS QUEEN,0.363,0.0118,0.6252
SPADES EIGHT CLUBS ACE,0.3586,0.004,0.6374
DIAMONDS FIVE CLUBS KING,0.3668,0.0068,0.6264
SPADES EIGHT CLUBS KING,0.3486,0.0074,0.644
CLUBS ACE DIAMONDS FIVE,0.3658,0.0054,0.6288
SPADES EIGHT CLUBS QUEEN,0.346,0.0124,0.6416
SPADES EIGHT CLUBS JACK,0.3442,0.0172,0.6386
CLUBS TEN SPADES EIGHT,0.216,0.2192,0.5648
CLUBS TEN DIAMONDS FIVE,0.2178,0.4626,0.3196
DIAMONDS FIVE CLUBS JACK,0.3706,0.0164,0.613
SPADES ACE CLUBS NINE,0.3568,0.005,0.6382
CLUBS NINE SPADES QUEEN,0.3398,0.0092,0.651
CLUBS NINE SPADES KING,0.339,0.0044,0.6566
HEARTS SIX HEARTS KING,0.3406,0.0074,0.652
DIAMONDS KING SPADES SEVEN,0.3554,0.0076,0.637
HEARTS THREE SPADES SEVEN,0.6836,0.0752,0.2412
SPADES KING DIAMONDS SEVEN,0.3594,0.0096,0.631
HEARTS SIX HEARTS QUEEN,0.3444,0.0126,0.643
SPADES QUEEN DIAMONDS SEVEN,0.3644,0.0102,0.6254
HEARTS THREE SPADES SIX,0.6634,0.071,0.2656
DIAMONDS KING SPADES SIX,0.3562,0.0106,0.6332
SPADES NINE DIAMONDS KING,0.3408,0.0078,0.6514
SPADES NINE HEARTS THREE,0.6876,0.0768,0.2356
HEARTS SIX HEARTS ACE,0.3406,0.0044,0.655
DIAMONDS KING SPADES EIGHT,0.3502,0.0094,0.6404
SPADES EIGHT HEARTS THREE,0.688,0.075,0.237
SPADES ACE DIAMONDS SEVEN,0.3624,0.0042,0.6334
CLUBS NINE HEARTS THREE,0.681,0.0846,0.2344
CLUBS NINE DIAMONDS KING,0.3378,0.0082,0.654
CLUBS EIGHT HEARTS THREE,0.6936,0.072,0.2344
CLUBS EIGHT DIAMONDS KING,0.3618,0.0092,0.629
HEARTS THREE SPADES TWO,0.678,0.071,0.251
DIAMONDS KING SPADES TWO,0.4002,0.0098,0.59
HEARTS THREE SPADES FIVE,0.6474,0.0706,0.282
DIAMONDS KING SPADES FIVE,0.362,0.0106,0.6274
HEARTS THREE SPADES FOUR,0.6356,0.0838,0.2806
