opposingHand,winningChance,drawChance,lostChance
DIAMONDS ACE CLUBS TWO
HEARTS FIVE SPADES TEN,0.5992,0.0042,0.3966
HEARTS FIVE SPADES JACK,0.6072,0.0032,0.3896
CLUBS JACK SPADES FIVE,0.5968,0.0032,0.4
CLUBS TEN SPADES FIVE,0.599,0.0042,0.3968
CLUBS JACK CLUBS EIGHT,0.5384,0.0046,0.457
CLUBS TEN CLUBS EIGHT,0.5426,0.006,0.4514
CLUBS EIGHT CLUBS KING,0.564,0.005,0.431
SPADES FIVE CLUBS ACE,0.2134,0.4544,0.3322
CLUBS EIGHT CLUBS QUEEN,0.5472,0.0052,0.4476
SPADES FIVE CLUBS KING,0.6184,0.004,0.3776
SPADES FIVE CLUBS QUEEN,0.6128,0.0044,0.3828
CLUBS EIGHT CLUBS ACE,0.2402,0.2214,0.5384
DIAMONDS TWO DIAMONDS THREE,0.7204,0.0162,0.2634
DIAMONDS TWO DIAMONDS FIVE,0.6942,0.0168,0.289
HEARTS FIVE SPADES KING,0.6084,0.0052,0.3864
DIAMONDS TWO DIAMONDS FOUR,0.7162,0.0174,0.2664
HEARTS FIVE SPADES QUEEN,0.6084,0.0044,0.3872
DIAMONDS TWO DIAMONDS SEVEN,0.7284,0.0132,0.2584
DIAMONDS TWO DIAMONDS SIX,0.731,0.0114,0.2576
SPADES ACE HEARTS FIVE,0.2224,0.4494,0.3282
DIAMONDS TWO DIAMONDS NINE,0.7122,0.0154,0.2724
DIAMONDS TWO DIAMONDS EIGHT,0.715,0.016,0.269
DIAMONDS THREE DIAMONDS FOUR,0.5728,0.0056,0.4216
DIAMONDS THREE DIAMONDS FIVE,0.5712,0.0052,0.4236
DIAMONDS THREE DIAMONDS EIGHT,0.6046,0.0064,0.389
DIAMONDS THREE DIAMONDS NINE,0.5896,0.0066,0.4038
DIAMONDS THREE DIAMONDS SIX,0.5798,0.005,0.4152
DIAMONDS THREE DIAMONDS SEVEN,0.5662,0.007,0.4268
CLUBS TEN CLUBS JACK,0.5238,0.0062,0.47
DIAMONDS FOUR DIAMONDS SIX,0.5638,0.0054,0.4308
CLUBS TEN CLUBS QUEEN,0.5256,0.0044,0.47
DIAMONDS FOUR DIAMONDS SEVEN,0.5764,0.0052,0.4184
CLUBS TEN CLUBS KING,0.5394,0.0056,0.455
CLUBS TEN CLUBS ACE,0.2282,0.1244,0.6474
DIAMONDS FIVE DIAMONDS FOUR,0.5608,0.0074,0.4318
DIAMONDS NINE DIAMONDS FOUR,0.5908,0.0052,0.404
DIAMONDS EIGHT DIAMONDS FOUR,0.5824,0.0032,0.4144
DIAMONDS NINE DIAMONDS FIVE,0.572,0.006,0.422
CLUBS JACK DIAMONDS TWO,0.756,0.0166,0.2274
DIAMONDS EIGHT DIAMONDS FIVE,0.5616,0.0064,0.432
CLUBS TEN DIAMONDS TWO,0.7432,0.0178,0.239
DIAMONDS FIVE DIAMONDS SEVEN,0.5562,0.006,0.4378
DIAMONDS FIVE DIAMONDS SIX,0.5372,0.0076,0.4552
DIAMONDS TWO CLUBS ACE,0.0072,0.985,0.0078
DIAMONDS TWO CLUBS KING,0.7496,0.0222,0.2282
DIAMONDS TWO CLUBS QUEEN,0.7572,0.0158,0.227
DIAMONDS EIGHT DIAMONDS SIX,0.5486,0.007,0.4444
DIAMONDS NINE DIAMONDS SIX,0.5694,0.0034,0.4272
HEARTS ACE SPADES THREE,0.231,0.5046,0.2644
SPADES THREE HEARTS KING,0.6204,0.0048,0.3748
DIAMONDS SEVEN DIAMONDS SIX,0.551,0.0048,0.4442
HEARTS QUEEN SPADES THREE,0.6224,0.0062,0.3714
SPADES THREE HEARTS JACK,0.6172,0.0048,0.378
SPADES THREE HEARTS TEN,0.606,0.005,0.389
DIAMONDS EIGHT DIAMONDS SEVEN,0.5324,0.006,0.4616
DIAMONDS NINE DIAMONDS SEVEN,0.5442,0.0042,0.4516
DIAMONDS NINE DIAMONDS EIGHT,0.5306,0.0074,0.462
DIAMONDS KING HEARTS TEN,0.5696,0.0048,0.4256
HEARTS THREE HEARTS TEN,0.5684,0.0056,0.426
SPADES JACK CLUBS SIX,0.6092,0.0038,0.387
DIAMONDS KING HEARTS JACK,0.577,0.007,0.416
HEARTS THREE HEARTS JACK,0.5724,0.0064,0.4212
SPADES TEN CLUBS SIX,0.5962,0.0032,0.4006
SPADES JACK SPADES FIVE,0.5768,0.0058,0.4174
SPADES TEN SPADES FIVE,0.5648,0.0064,0.4288
DIAMONDS KING HEARTS ACE,0.2488,0.0494,0.7018
HEARTS THREE HEARTS ACE,0.207,0.4786,0.3144
SPADES ACE CLUBS SIX,0.2356,0.3874,0.377
DIAMONDS KING HEARTS QUEEN,0.5836,0.0046,0.4118
HEARTS THREE HEARTS QUEEN,0.574,0.0052,0.4208
SPADES KING CLUBS SIX,0.597,0.007,0.396
DIAMONDS KING HEARTS KING,0.2898,0.0038,0.7064
HEARTS THREE HEARTS KING,0.5708,0.0066,0.4226
SPADES QUEEN CLUBS SIX,0.5968,0.0034,0.3998
SPADES NINE HEARTS TEN,0.5632,0.0034,0.4334
SPADES NINE HEARTS JACK,0.5608,0.0032,0.436
SPADES QUEEN SPADES FIVE,0.569,0.007,0.424
SPADES KING SPADES FIVE,0.5742,0.0044,0.4214
SPADES ACE SPADES FIVE,0.2046,0.4394,0.356
SPADES NINE HEARTS QUEEN,0.5872,0.0032,0.4096
SPADES NINE HEARTS KING,0.5852,0.005,0.4098
SPADES NINE HEARTS ACE,0.2462,0.1708,0.583
CLUBS TEN SPADES JACK,0.5406,0.0052,0.4542
CLUBS TEN SPADES TEN,0.3134,0.0034,0.6832
SPADES ACE CLUBS TEN,0.2266,0.1214,0.652
CLUBS TEN SPADES KING,0.5604,0.005,0.4346
CLUBS TEN SPADES QUEEN,0.5566,0.0028,0.4406
SPADES FIVE HEARTS QUEEN,0.6258,0.007,0.3672
SPADES FIVE HEARTS KING,0.6202,0.0054,0.3744
HEARTS ACE SPADES FIVE,0.2184,0.4606,0.321
CLUBS EIGHT SPADES TEN,0.5538,0.0044,0.4418
SPADES JACK HEARTS THREE,0.6174,0.0058,0.3768
SPADES JACK DIAMONDS KING,0.582,0.0046,0.4134
SPADES TEN DIAMONDS KING,0.5628,0.0074,0.4298
SPADES TEN HEARTS THREE,0.613,0.0052,0.3818
CLUBS EIGHT SPADES JACK,0.5796,0.0016,0.4188
CLUBS SIX HEARTS ACE,0.2326,0.3812,0.3862
SPADES ACE CLUBS EIGHT,0.2382,0.2384,0.5234
HEARTS FIVE CLUBS JACK,0.6114,0.0046,0.384
CLUBS TEN HEARTS FIVE,0.6132,0.0046,0.3822
CLUBS SIX HEARTS QUEEN,0.5914,0.0042,0.4044
SPADES QUEEN CLUBS EIGHT,0.5924,0.0056,0.402
CLUBS TEN SPADES THREE,0.6152,0.0048,0.38
CLUBS SIX HEARTS KING,0.5944,0.0034,0.4022
SPADES KING CLUBS EIGHT,0.602,0.0038,0.3942
CLUBS JACK SPADES THREE,0.6054,0.0052,0.3894
DIAMONDS TWO HEARTS JACK,0.7518,0.016,0.2322
SPADES THREE CLUBS QUEEN,0.6182,0.0054,0.3764
DIAMONDS TWO HEARTS TEN,0.744,0.016,0.24
SPADES THREE CLUBS KING,0.6054,0.0072,0.3874
HEARTS FIVE CLUBS ACE,0.214,0.4584,0.3276
SPADES FIVE HEARTS TEN,0.6036,0.0042,0.3922
SPADES THREE CLUBS ACE,0.224,0.5168,0.2592
HEARTS FIVE CLUBS KING,0.6088,0.0062,0.385
SPADES FIVE HEARTS JACK,0.6082,0.0046,0.3872
HEARTS FIVE CLUBS QUEEN,0.6004,0.005,0.3946
HEARTS THREE CLUBS KING,0.6078,0.0034,0.3888
DIAMONDS KING CLUBS KING,0.2816,0.0056,0.7128
HEARTS THREE CLUBS QUEEN,0.6244,0.004,0.3716
DIAMONDS KING CLUBS QUEEN,0.586,0.0076,0.4064
HEARTS FIVE HEARTS JACK,0.5674,0.0054,0.4272
HEARTS FIVE HEARTS TEN,0.5686,0.0044,0.427
HEARTS THREE CLUBS ACE,0.2228,0.5186,0.2586
DIAMONDS KING CLUBS ACE,0.2516,0.045,0.7034
SPADES ACE CLUBS QUEEN,0.2456,0.059,0.6954
SPADES KING CLUBS QUEEN,0.5664,0.004,0.4296
CLUBS JACK HEARTS THREE,0.6064,0.0038,0.3898
CLUBS JACK DIAMONDS KING,0.5676,0.0042,0.4282
SPADES QUEEN CLUBS QUEEN,0.3038,0.0038,0.6924
CLUBS TEN HEARTS THREE,0.6274,0.0064,0.3662
CLUBS TEN DIAMONDS KING,0.5564,0.0054,0.4382
SPADES JACK CLUBS QUEEN,0.5594,0.0062,0.4344
CLUBS SIX CLUBS QUEEN,0.5732,0.0048,0.422
SPADES TEN CLUBS QUEEN,0.5638,0.005,0.4312
CLUBS SIX CLUBS KING,0.5838,0.005,0.4112
CLUBS SIX CLUBS ACE,0.2214,0.365,0.4136
HEARTS FIVE HEARTS KING,0.5672,0.0042,0.4286
HEARTS FIVE HEARTS QUEEN,0.5474,0.0054,0.4472
CLUBS TEN CLUBS SIX,0.561,0.0042,0.4348
HEARTS FIVE HEARTS ACE,0.2104,0.4426,0.347
CLUBS JACK CLUBS SIX,0.5784,0.0058,0.4158
SPADES SEVEN HEARTS JACK,0.5884,0.0052,0.4064
SPADES SEVEN HEARTS TEN,0.5902,0.004,0.4058
DIAMONDS TWO CLUBS THREE,0.7508,0.017,0.2322
DIAMONDS TWO HEARTS SIX,0.7666,0.0128,0.2206
DIAMONDS TWO HEARTS QUEEN,0.7686,0.0156,0.2158
HEARTS SEVEN DIAMONDS TWO,0.755,0.0128,0.2322
DIAMONDS TWO HEARTS KING,0.7514,0.0168,0.2318
DIAMONDS TWO HEARTS EIGHT,0.7406,0.0138,0.2456
DIAMONDS TWO HEARTS ACE,0.0172,0.9724,0.0104
DIAMONDS TWO HEARTS NINE,0.7446,0.0162,0.2392
DIAMONDS TWO DIAMONDS QUEEN,0.7146,0.018,0.2674
DIAMONDS TWO HEARTS TWO,0.3296,0.0172,0.6532
DIAMONDS TWO DIAMONDS KING,0.7156,0.0168,0.2676
DIAMONDS TWO HEARTS THREE,0.7416,0.016,0.2424
HEARTS FOUR DIAMONDS TWO,0.744,0.0174,0.2386
HEARTS FIVE DIAMONDS TWO,0.746,0.0162,0.2378
SPADES SEVEN HEARTS ACE,0.2338,0.3014,0.4648
DIAMONDS TWO DIAMONDS TEN,0.6986,0.0186,0.2828
SPADES SEVEN HEARTS KING,0.5922,0.004,0.4038
DIAMONDS TWO DIAMONDS JACK,0.7054,0.0178,0.2768
SPADES SEVEN HEARTS QUEEN,0.5938,0.0054,0.4008
DIAMONDS TWO SPADES NINE,0.7552,0.0192,0.2256
DIAMONDS TWO SPADES EIGHT,0.7428,0.0188,0.2384
DIAMONDS TWO SPADES SEVEN,0.7464,0.0134,0.2402
DIAMONDS TWO SPADES SIX,0.7636,0.0128,0.2236
DIAMONDS TWO SPADES FIVE,0.7366,0.0182,0.2452
DIAMONDS TWO SPADES FOUR,0.7374,0.0164,0.2462
DIAMONDS TWO SPADES THREE,0.7564,0.0188,0.2248
DIAMONDS TWO SPADES TWO,0.3542,0.013,0.6328
DIAMONDS TWO CLUBS NINE,0.7482,0.0168,0.235
CLUBS EIGHT DIAMONDS TWO,0.746,0.0156,0.2384
DIAMONDS TWO CLUBS SEVEN,0.743,0.0152,0.2418
DIAMONDS TWO CLUBS SIX,0.777,0.0106,0.2124
DIAMONDS TWO CLUBS FIVE,0.7376,0.0164,0.246
DIAMONDS TWO CLUBS FOUR,0.734,0.016,0.25
CLUBS FOUR SPADES FIVE,0.575,0.0054,0.4196
CLUBS FOUR SPADES FOUR,0.3708,0.0046,0.6246
CLUBS FOUR SPADES THREE,0.5912,0.0072,0.4016
CLUBS FOUR SPADES TWO,0.75,0.0102,0.2398
SPADES NINE CLUBS FOUR,0.6168,0.0044,0.3788
SPADES EIGHT CLUBS FOUR,0.6026,0.0052,0.3922
CLUBS FOUR SPADES SEVEN,0.5854,0.006,0.4086
CLUBS FOUR SPADES SIX,0.5882,0.0054,0.4064
SPADES ACE DIAMONDS SIX,0.236,0.3722,0.3918
SPADES QUEEN DIAMONDS SIX,0.597,0.0056,0.3974
SPADES KING DIAMONDS SIX,0.6074,0.006,0.3866
SPADES TEN DIAMONDS SIX,0.5994,0.0048,0.3958
SPADES JACK DIAMONDS SIX,0.6164,0.005,0.3786
SPADES QUEEN SPADES TWO,0.7084,0.0154,0.2762
SPADES KING SPADES TWO,0.7064,0.0178,0.2758
SPADES ACE SPADES TWO,0.019,0.9144,0.0666
CLUBS JACK DIAMONDS JACK,0.3032,0.0046,0.6922
CLUBS TEN DIAMONDS JACK,0.551,0.0054,0.4436
DIAMONDS JACK CLUBS KING,0.5716,0.004,0.4244
DIAMONDS JACK CLUBS QUEEN,0.5674,0.0044,0.4282
DIAMONDS THREE DIAMONDS JACK,0.5936,0.0068,0.3996
DIAMONDS THREE DIAMONDS TEN,0.5902,0.0058,0.404
DIAMONDS JACK CLUBS ACE,0.2382,0.0896,0.6722
DIAMONDS THREE DIAMONDS KING,0.5844,0.0044,0.4112
DIAMONDS THREE HEARTS THREE,0.3694,0.0052,0.6254
DIAMONDS THREE DIAMONDS QUEEN,0.5904,0.0068,0.4028
DIAMONDS THREE HEARTS TWO,0.7498,0.0164,0.2338
HEARTS FIVE DIAMONDS THREE,0.5888,0.0052,0.406
HEARTS FOUR DIAMONDS THREE,0.5946,0.0058,0.3996
HEARTS SEVEN DIAMONDS THREE,0.609,0.0074,0.3836
SPADES TEN SPADES NINE,0.5256,0.0066,0.4678
HEARTS SIX DIAMONDS THREE,0.609,0.0086,0.3824
SPADES JACK SPADES NINE,0.5314,0.0046,0.464
DIAMONDS THREE HEARTS NINE,0.609,0.005,0.386
HEARTS JACK DIAMONDS FOUR,0.6094,0.0038,0.3868
HEARTS ACE HEARTS KING,0.2334,0.0472,0.7194
SPADES TEN SPADES TWO,0.7004,0.0132,0.2864
DIAMONDS THREE HEARTS EIGHT,0.6274,0.0056,0.367
HEARTS TEN DIAMONDS FOUR,0.6072,0.007,0.3858
SPADES JACK SPADES TWO,0.6966,0.0158,0.2876
HEARTS QUEEN DIAMONDS FOUR,0.6,0.005,0.395
HEARTS KING DIAMONDS FOUR,0.6274,0.0068,0.3658
SPADES ACE SPADES NINE,0.2226,0.1584,0.619
HEARTS ACE DIAMONDS FOUR,0.2232,0.516,0.2608
SPADES KING SPADES NINE,0.5364,0.004,0.4596
SPADES QUEEN SPADES NINE,0.5358,0.0034,0.4608
DIAMONDS THREE SPADES NINE,0.6266,0.0052,0.3682
DIAMONDS THREE SPADES EIGHT,0.6298,0.0048,0.3654
DIAMONDS THREE SPADES SEVEN,0.6112,0.0046,0.3842
DIAMONDS THREE SPADES SIX,0.6148,0.0048,0.3804
DIAMONDS THREE CLUBS SIX,0.6196,0.0064,0.374
CLUBS SIX CLUBS FIVE,0.5588,0.0052,0.436
CLUBS ACE DIAMONDS FOUR,0.2126,0.5234,0.264
DIAMONDS THREE CLUBS SEVEN,0.6002,0.004,0.3958
CLUBS SEVEN CLUBS FIVE,0.5452,0.0054,0.4494
DIAMONDS THREE CLUBS FOUR,0.6044,0.006,0.3896
DIAMONDS FOUR CLUBS QUEEN,0.6142,0.0042,0.3816
DIAMONDS THREE CLUBS FIVE,0.5916,0.0066,0.4018
DIAMONDS FOUR CLUBS KING,0.6194,0.0056,0.375
CLUBS TEN DIAMONDS FOUR,0.623,0.006,0.371
DIAMONDS THREE CLUBS THREE,0.372,0.0068,0.6212
CLUBS JACK DIAMONDS FOUR,0.6126,0.0056,0.3818
DIAMONDS THREE SPADES FOUR,0.5952,0.0054,0.3994
DIAMONDS THREE SPADES FIVE,0.5964,0.0052,0.3984
DIAMONDS THREE SPADES TWO,0.7354,0.0168,0.2478
DIAMONDS THREE SPADES THREE,0.3902,0.006,0.6038
CLUBS EIGHT DIAMONDS THREE,0.6126,0.0058,0.3816
CLUBS NINE DIAMONDS THREE,0.6136,0.0056,0.3808
SPADES SEVEN CLUBS ACE,0.227,0.2992,0.4738
SPADES SEVEN CLUBS QUEEN,0.5916,0.0042,0.4042
SPADES SEVEN CLUBS KING,0.583,0.0048,0.4122
SPADES SEVEN CLUBS FIVE,0.569,0.0044,0.4266
CLUBS TEN SPADES SEVEN,0.5748,0.0046,0.4206
CLUBS FIVE SPADES SIX,0.5764,0.0058,0.4178
CLUBS JACK SPADES SEVEN,0.5742,0.005,0.4208
SPADES NINE CLUBS FIVE,0.6052,0.0066,0.3882
SPADES EIGHT CLUBS FIVE,0.5816,0.0044,0.414
CLUBS FIVE SPADES THREE,0.5804,0.0072,0.4124
CLUBS FIVE SPADES TWO,0.7296,0.0126,0.2578
CLUBS FIVE SPADES FIVE,0.3492,0.0036,0.6472
CLUBS FIVE SPADES FOUR,0.572,0.005,0.423
CLUBS NINE CLUBS FIVE,0.5826,0.0068,0.4106
CLUBS EIGHT CLUBS FIVE,0.5514,0.0058,0.4428
CLUBS ACE CLUBS QUEEN,0.241,0.0644,0.6946
CLUBS KING CLUBS QUEEN,0.546,0.0078,0.4462
DIAMONDS TEN DIAMONDS FOUR,0.5788,0.0052,0.416
CLUBS TEN DIAMONDS NINE,0.561,0.0042,0.4348
DIAMONDS JACK DIAMONDS FOUR,0.589,0.0056,0.4054
CLUBS JACK DIAMONDS NINE,0.5512,0.0052,0.4436
CLUBS JACK SPADES NINE,0.565,0.0052,0.4298
CLUBS TEN SPADES NINE,0.537,0.0048,0.4582
HEARTS FOUR DIAMONDS FOUR,0.3582,0.0052,0.6366
DIAMONDS JACK HEARTS TEN,0.543,0.0064,0.4506
SPADES NINE CLUBS KING,0.5804,0.005,0.4146
DIAMONDS TWO SPADES TEN,0.7456,0.016,0.2384
DIAMONDS NINE CLUBS ACE,0.2306,0.1836,0.5858
HEARTS FIVE DIAMONDS FOUR,0.5722,0.0056,0.4222
DIAMONDS JACK HEARTS JACK,0.3132,0.0054,0.6814
SPADES NINE CLUBS QUEEN,0.5652,0.0046,0.4302
DIAMONDS TWO SPADES JACK,0.7484,0.0158,0.2358
DIAMONDS QUEEN DIAMONDS FOUR,0.589,0.0082,0.4028
HEARTS TWO DIAMONDS FOUR,0.738,0.0188,0.2432
DIAMONDS NINE CLUBS QUEEN,0.569,0.0062,0.4248
DIAMONDS KING DIAMONDS FOUR,0.5912,0.0076,0.4012
HEARTS THREE DIAMONDS FOUR,0.612,0.005,0.383
SPADES NINE CLUBS ACE,0.2368,0.1736,0.5896
DIAMONDS NINE CLUBS KING,0.5856,0.0056,0.4088
HEARTS ACE DIAMONDS JACK,0.2678,0.0856,0.6466
SPADES ACE DIAMONDS TWO,0.0212,0.9672,0.0116
HEARTS QUEEN DIAMONDS JACK,0.5646,0.0054,0.43
SPADES QUEEN DIAMONDS TWO,0.7588,0.0152,0.226
DIAMONDS JACK HEARTS KING,0.5762,0.0046,0.4192
SPADES KING DIAMONDS TWO,0.7516,0.0194,0.229
SPADES JACK SPADES SEVEN,0.5368,0.004,0.4592
SPADES TEN SPADES SEVEN,0.5326,0.0054,0.462
CLUBS SEVEN CLUBS THREE,0.5914,0.005,0.4036
CLUBS SIX CLUBS THREE,0.5758,0.0042,0.42
CLUBS FIVE CLUBS THREE,0.5584,0.007,0.4346
CLUBS FOUR CLUBS THREE,0.575,0.0054,0.4196
CLUBS NINE CLUBS THREE,0.57,0.0052,0.4248
CLUBS EIGHT CLUBS THREE,0.5832,0.0068,0.41
SPADES FIVE CLUBS THREE,0.5802,0.006,0.4138
CLUBS THREE SPADES FOUR,0.5784,0.0058,0.4158
CLUBS THREE SPADES THREE,0.3614,0.007,0.6316
CLUBS THREE SPADES TWO,0.7414,0.0156,0.243
SPADES SIX CLUBS THREE,0.5922,0.0046,0.4032
SPADES SEVEN CLUBS THREE,0.598,0.0052,0.3968
SPADES EIGHT CLUBS THREE,0.623,0.0064,0.3706
SPADES NINE CLUBS THREE,0.6162,0.006,0.3778
SPADES TWO DIAMONDS FOUR,0.7504,0.0154,0.2342
SPADES THREE DIAMONDS FOUR,0.5916,0.0064,0.402
SPADES FOUR DIAMONDS FOUR,0.3712,0.0072,0.6216
SPADES FIVE DIAMONDS FOUR,0.5846,0.006,0.4094
SPADES SIX DIAMONDS FOUR,0.5904,0.0052,0.4044
SPADES SEVEN DIAMONDS FOUR,0.585,0.0054,0.4096
SPADES EIGHT DIAMONDS FOUR,0.6096,0.0042,0.3862
SPADES NINE DIAMONDS FOUR,0.6176,0.0056,0.3768
CLUBS FIVE DIAMONDS FOUR,0.5794,0.0078,0.4128
CLUBS FOUR DIAMONDS FOUR,0.3574,0.0036,0.639
CLUBS SEVEN DIAMONDS FOUR,0.5924,0.0066,0.401
CLUBS SIX DIAMONDS FOUR,0.5974,0.0072,0.3954
CLUBS NINE DIAMONDS FOUR,0.6122,0.0062,0.3816
CLUBS EIGHT DIAMONDS FOUR,0.605,0.0046,0.3904
HEARTS SEVEN DIAMONDS FOUR,0.6018,0.007,0.3912
HEARTS SIX DIAMONDS FOUR,0.5878,0.0046,0.4076
DIAMONDS FOUR HEARTS NINE,0.6306,0.005,0.3644
DIAMONDS FOUR HEARTS EIGHT,0.6152,0.0044,0.3804
CLUBS THREE DIAMONDS FOUR,0.5998,0.0078,0.3924
DIAMONDS TEN DIAMONDS FIVE,0.5756,0.0074,0.417
DIAMONDS JACK DIAMONDS FIVE,0.5822,0.006,0.4118
DIAMONDS NINE HEARTS QUEEN,0.583,0.005,0.412
DIAMONDS NINE HEARTS KING,0.6052,0.0044,0.3904
HEARTS ACE DIAMONDS NINE,0.2512,0.172,0.5768
DIAMONDS NINE HEARTS TEN,0.5476,0.0058,0.4466
DIAMONDS NINE HEARTS JACK,0.5696,0.0054,0.425
CLUBS KING DIAMONDS SIX,0.6012,0.0066,0.3922
CLUBS QUEEN DIAMONDS SIX,0.6096,0.0066,0.3838
CLUBS ACE DIAMONDS SIX,0.2362,0.3852,0.3786
SPADES KING DIAMONDS FOUR,0.6212,0.005,0.3738
SPADES ACE SPADES SEVEN,0.2184,0.2844,0.4972
SPADES QUEEN DIAMONDS FOUR,0.6154,0.0062,0.3784
SPADES QUEEN SPADES SEVEN,0.5484,0.004,0.4476
CLUBS JACK DIAMONDS SIX,0.6098,0.0066,0.3836
SPADES KING SPADES SEVEN,0.5488,0.0044,0.4468
SPADES ACE DIAMONDS FOUR,0.2304,0.5134,0.2562
CLUBS TEN DIAMONDS SIX,0.5946,0.0042,0.4012
CLUBS NINE CLUBS FOUR,0.591,0.0058,0.4032
CLUBS EIGHT CLUBS FOUR,0.5742,0.007,0.4188
SPADES JACK DIAMONDS FOUR,0.6176,0.005,0.3774
SPADES TEN DIAMONDS FOUR,0.6266,0.0062,0.3672
CLUBS FOUR CLUBS FIVE,0.5438,0.007,0.4492
CLUBS SEVEN CLUBS FOUR,0.5558,0.0058,0.4384
CLUBS SIX CLUBS FOUR,0.571,0.005,0.424
CLUBS SEVEN SPADES EIGHT,0.549,0.0058,0.4452
SPADES NINE CLUBS SEVEN,0.558,0.0032,0.4388
CLUBS SEVEN SPADES SIX,0.5722,0.006,0.4218
CLUBS SEVEN SPADES SEVEN,0.3428,0.0046,0.6526
CLUBS SEVEN SPADES FIVE,0.5786,0.005,0.4164
CLUBS SEVEN SPADES FOUR,0.585,0.005,0.41
CLUBS SEVEN SPADES THREE,0.6126,0.0064,0.381
CLUBS SEVEN SPADES TWO,0.7454,0.0102,0.2444
CLUBS NINE CLUBS SEVEN,0.5342,0.0034,0.4624
CLUBS EIGHT CLUBS SEVEN,0.5448,0.0036,0.4516
HEARTS SIX DIAMONDS FIVE,0.5822,0.0044,0.4134
HEARTS SEVEN DIAMONDS FIVE,0.5722,0.005,0.4228
DIAMONDS FIVE HEARTS EIGHT,0.5908,0.0058,0.4034
DIAMONDS FIVE HEARTS NINE,0.6106,0.004,0.3854
DIAMONDS QUEEN DIAMONDS FIVE,0.5822,0.008,0.4098
HEARTS TWO DIAMONDS FIVE,0.7388,0.015,0.2462
HEARTS KING HEARTS EIGHT,0.5692,0.0042,0.4266
DIAMONDS KING DIAMONDS FIVE,0.5828,0.0052,0.412
HEARTS THREE DIAMONDS FIVE,0.5932,0.007,0.3998
HEARTS QUEEN HEARTS EIGHT,0.5482,0.0058,0.446
HEARTS FOUR DIAMONDS FIVE,0.5822,0.008,0.4098
HEARTS FIVE DIAMONDS FIVE,0.3588,0.0056,0.6356
HEARTS ACE HEARTS EIGHT,0.2258,0.2094,0.5648
CLUBS FOUR DIAMONDS FIVE,0.568,0.0066,0.4254
CLUBS FIVE DIAMONDS FIVE,0.3572,0.0084,0.6344
CLUBS SIX DIAMONDS FIVE,0.5684,0.0044,0.4272
CLUBS SEVEN DIAMONDS FIVE,0.5628,0.0048,0.4324
CLUBS THREE DIAMONDS FIVE,0.5982,0.0064,0.3954
SPADES THREE DIAMONDS FIVE,0.6048,0.0056,0.3896
SPADES TWO DIAMONDS FIVE,0.736,0.0168,0.2472
SPADES JACK DIAMONDS EIGHT,0.586,0.0048,0.4092
SPADES FIVE DIAMONDS FIVE,0.3554,0.0046,0.64
CLUBS TEN HEARTS JACK,0.5332,0.005,0.4618
SPADES TEN DIAMONDS EIGHT,0.5648,0.0052,0.43
SPADES FOUR DIAMONDS FIVE,0.5914,0.0058,0.4028
CLUBS JACK HEARTS JACK,0.2934,0.0052,0.7014
HEARTS JACK CLUBS QUEEN,0.575,0.005,0.42
CLUBS NINE DIAMONDS FIVE,0.5926,0.0064,0.401
CLUBS EIGHT DIAMONDS FIVE,0.5906,0.0064,0.403
HEARTS JACK CLUBS KING,0.5682,0.0058,0.426
CLUBS ACE HEARTS JACK,0.239,0.0892,0.6718
SPADES SEVEN DIAMONDS FIVE,0.5854,0.0056,0.409
SPADES KING DIAMONDS EIGHT,0.593,0.0066,0.4004
SPADES QUEEN DIAMONDS EIGHT,0.5912,0.005,0.4038
SPADES SIX DIAMONDS FIVE,0.571,0.0056,0.4234
SPADES NINE DIAMONDS FIVE,0.6098,0.006,0.3842
SPADES EIGHT DIAMONDS FIVE,0.589,0.0054,0.4056
SPADES ACE DIAMONDS EIGHT,0.2358,0.2334,0.5308
DIAMONDS TEN DIAMONDS SIX,0.5738,0.0046,0.4216
HEARTS ACE DIAMONDS SEVEN,0.252,0.2946,0.4534
DIAMONDS JACK DIAMONDS SIX,0.5732,0.0054,0.4214
HEARTS QUEEN DIAMONDS SEVEN,0.6034,0.007,0.3896
HEARTS KING DIAMONDS SEVEN,0.5992,0.0058,0.395
HEARTS FOUR DIAMONDS SIX,0.5948,0.0078,0.3974
SPADES TWO HEARTS JACK,0.7274,0.0212,0.2514
HEARTS FIVE DIAMONDS SIX,0.5852,0.0056,0.4092
SPADES TWO HEARTS TEN,0.742,0.0152,0.2428
DIAMONDS QUEEN DIAMONDS SIX,0.5892,0.0046,0.4062
HEARTS TWO DIAMONDS SIX,0.7662,0.0116,0.2222
DIAMONDS KING DIAMONDS SIX,0.5692,0.0062,0.4246
HEARTS THREE DIAMONDS SIX,0.6026,0.008,0.3894
HEARTS EIGHT DIAMONDS SIX,0.583,0.005,0.412
HEARTS NINE DIAMONDS SIX,0.594,0.0048,0.4012
HEARTS SIX DIAMONDS SIX,0.3676,0.0036,0.6288
HEARTS SEVEN DIAMONDS SIX,0.5722,0.0054,0.4224
HEARTS TEN DIAMONDS SEVEN,0.5834,0.0046,0.412
HEARTS JACK DIAMONDS SEVEN,0.6022,0.0036,0.3942
CLUBS THREE DIAMONDS SIX,0.606,0.0052,0.3888
CLUBS SEVEN DIAMONDS SIX,0.5612,0.0032,0.4356
CLUBS JACK DIAMONDS EIGHT,0.5786,0.0058,0.4156
CLUBS SIX DIAMONDS SIX,0.3664,0.0048,0.6288
CLUBS TEN DIAMONDS EIGHT,0.5612,0.0044,0.4344
CLUBS FIVE DIAMONDS SIX,0.5656,0.0046,0.4298
CLUBS FOUR DIAMONDS SIX,0.5958,0.0042,0.4
HEARTS ACE HEARTS JACK,0.2366,0.0854,0.678
DIAMONDS EIGHT CLUBS ACE,0.2368,0.2438,0.5194
HEARTS QUEEN HEARTS JACK,0.5134,0.0048,0.4818
DIAMONDS EIGHT CLUBS KING,0.5974,0.0038,0.3988
CLUBS NINE DIAMONDS SIX,0.5728,0.0044,0.4228
HEARTS KING HEARTS JACK,0.5332,0.0068,0.46
CLUBS EIGHT DIAMONDS SIX,0.5628,0.0038,0.4334
DIAMONDS EIGHT CLUBS QUEEN,0.587,0.0052,0.4078
SPADES TEN HEARTS KING,0.5778,0.0046,0.4176
SPADES FIVE DIAMONDS SIX,0.5836,0.0058,0.4106
HEARTS ACE SPADES TWO,0.0172,0.9584,0.0244
SPADES JACK HEARTS KING,0.5712,0.0036,0.4252
SPADES FOUR DIAMONDS SIX,0.5844,0.0052,0.4104
SPADES THREE DIAMONDS SIX,0.612,0.0062,0.3818
HEARTS QUEEN SPADES TWO,0.741,0.016,0.243
SPADES ACE SPADES KING,0.2442,0.0488,0.707
HEARTS KING SPADES TWO,0.7468,0.0194,0.2338
SPADES TWO DIAMONDS SIX,0.7616,0.0146,0.2238
HEARTS TEN HEARTS EIGHT,0.5278,0.004,0.4682
SPADES NINE DIAMONDS SIX,0.5956,0.004,0.4004
HEARTS JACK HEARTS EIGHT,0.5464,0.0038,0.4498
SPADES EIGHT DIAMONDS SIX,0.5714,0.0034,0.4252
SPADES SEVEN DIAMONDS SIX,0.5792,0.0062,0.4146
SPADES SIX DIAMONDS SIX,0.3664,0.004,0.6296
SPADES KING HEARTS KING,0.2866,0.0034,0.71
SPADES QUEEN HEARTS KING,0.571,0.0054,0.4236
CLUBS ACE CLUBS KING,0.244,0.0504,0.7056
SPADES ACE HEARTS KING,0.2586,0.0512,0.6902
SPADES ACE HEARTS JACK,0.246,0.0848,0.6692
SPADES QUEEN HEARTS JACK,0.5662,0.0046,0.4292
SPADES KING HEARTS JACK,0.5774,0.0064,0.4162
SPADES TEN DIAMONDS TEN,0.3282,0.005,0.6668
SPADES JACK DIAMONDS TEN,0.5332,0.005,0.4618
SPADES ACE DIAMONDS TEN,0.2502,0.1148,0.635
SPADES JACK HEARTS JACK,0.3138,0.0042,0.682
SPADES TEN HEARTS JACK,0.5558,0.005,0.4392
SPADES QUEEN DIAMONDS TEN,0.5474,0.0042,0.4484
SPADES KING DIAMONDS TEN,0.5798,0.0056,0.4146
SPADES NINE DIAMONDS SEVEN,0.5744,0.0046,0.421
SPADES EIGHT DIAMONDS SEVEN,0.5674,0.0048,0.4278
SPADES SEVEN DIAMONDS SEVEN,0.3542,0.0036,0.6422
SPADES SIX DIAMONDS SEVEN,0.583,0.0042,0.4128
DIAMONDS KING DIAMONDS SEVEN,0.5622,0.0046,0.4332
HEARTS THREE DIAMONDS SEVEN,0.6186,0.0068,0.3746
HEARTS KING DIAMONDS FIVE,0.6028,0.008,0.3892
DIAMONDS QUEEN DIAMONDS SEVEN,0.5718,0.005,0.4232
HEARTS TWO DIAMONDS SEVEN,0.7592,0.0148,0.226
HEARTS QUEEN DIAMONDS FIVE,0.6014,0.0058,0.3928
HEARTS FIVE DIAMONDS SEVEN,0.5982,0.0046,0.3972
HEARTS FOUR DIAMONDS SEVEN,0.5888,0.0052,0.406
HEARTS ACE DIAMONDS FIVE,0.2222,0.4632,0.3146
HEARTS SEVEN DIAMONDS SEVEN,0.3686,0.0046,0.6268
HEARTS SIX DIAMONDS SEVEN,0.577,0.0038,0.4192
DIAMONDS SEVEN HEARTS NINE,0.5742,0.0042,0.4216
HEARTS EIGHT DIAMONDS SEVEN,0.564,0.0056,0.4304
DIAMONDS JACK DIAMONDS SEVEN,0.5634,0.0052,0.4314
DIAMONDS FIVE HEARTS JACK,0.616,0.0068,0.3772
DIAMONDS TEN DIAMONDS SEVEN,0.5496,0.005,0.4454
HEARTS TEN DIAMONDS FIVE,0.6062,0.0042,0.3896
CLUBS EIGHT DIAMONDS SEVEN,0.5472,0.0058,0.447
HEARTS KING CLUBS KING,0.2832,0.0046,0.7122
HEARTS KING CLUBS QUEEN,0.5686,0.004,0.4274
CLUBS NINE DIAMONDS SEVEN,0.5676,0.0052,0.4272
CLUBS JACK SPADES TWO,0.7482,0.0184,0.2334
CLUBS SIX CLUBS SEVEN,0.5444,0.0054,0.4502
CLUBS TEN SPADES TWO,0.7434,0.0148,0.2418
HEARTS KING CLUBS ACE,0.25,0.0536,0.6964
SPADES TWO CLUBS KING,0.7524,0.0146,0.233
SPADES TWO DIAMONDS SEVEN,0.7592,0.0162,0.2246
CLUBS EIGHT CLUBS SIX,0.5382,0.0068,0.455
SPADES THREE DIAMONDS SEVEN,0.613,0.0054,0.3816
SPADES TWO CLUBS QUEEN,0.756,0.0168,0.2272
CLUBS NINE CLUBS SIX,0.5544,0.0044,0.4412
SPADES FOUR DIAMONDS SEVEN,0.5996,0.0034,0.397
CLUBS JACK HEARTS KING,0.5764,0.004,0.4196
SPADES FIVE DIAMONDS SEVEN,0.5854,0.0056,0.409
SPADES TWO CLUBS ACE,0.0126,0.971,0.0164
CLUBS TEN HEARTS KING,0.5746,0.0032,0.4222
CLUBS SIX SPADES TWO,0.763,0.0104,0.2266
CLUBS SIX SPADES THREE,0.5998,0.0086,0.3916
CLUBS SIX SPADES FOUR,0.591,0.006,0.403
CLUBS THREE DIAMONDS SEVEN,0.6168,0.0056,0.3776
CLUBS SIX SPADES FIVE,0.5772,0.0062,0.4166
CLUBS FOUR DIAMONDS SEVEN,0.59,0.0056,0.4044
CLUBS SIX SPADES SIX,0.3532,0.0054,0.6414
CLUBS FIVE DIAMONDS SEVEN,0.5742,0.0044,0.4214
CLUBS SIX SPADES SEVEN,0.5706,0.0036,0.4258
CLUBS SIX DIAMONDS SEVEN,0.5766,0.005,0.4184
CLUBS SIX SPADES EIGHT,0.5874,0.0028,0.4098
CLUBS SEVEN DIAMONDS SEVEN,0.3466,0.0054,0.648
CLUBS SIX SPADES NINE,0.587,0.0036,0.4094
CLUBS THREE DIAMONDS EIGHT,0.6078,0.0074,0.3848
HEARTS SEVEN DIAMONDS EIGHT,0.55,0.0068,0.4432
HEARTS SIX DIAMONDS EIGHT,0.5718,0.0048,0.4234
DIAMONDS EIGHT HEARTS NINE,0.553,0.005,0.442
DIAMONDS EIGHT HEARTS EIGHT,0.3504,0.004,0.6456
CLUBS NINE DIAMONDS EIGHT,0.5524,0.0048,0.4428
CLUBS EIGHT DIAMONDS EIGHT,0.3554,0.0034,0.6412
CLUBS FIVE DIAMONDS EIGHT,0.5938,0.0052,0.401
SPADES ACE SPADES THREE,0.2058,0.4864,0.3078
CLUBS FOUR DIAMONDS EIGHT,0.6042,0.0048,0.391
CLUBS SEVEN DIAMONDS EIGHT,0.5568,0.006,0.4372
SPADES QUEEN SPADES THREE,0.5676,0.0056,0.4268
CLUBS SIX DIAMONDS EIGHT,0.5574,0.0052,0.4374
SPADES KING SPADES THREE,0.5914,0.0072,0.4014
DIAMONDS QUEEN DIAMONDS EIGHT,0.556,0.0042,0.4398
HEARTS TWO DIAMONDS EIGHT,0.7502,0.0184,0.2314
DIAMONDS KING DIAMONDS EIGHT,0.575,0.0062,0.4188
HEARTS THREE DIAMONDS EIGHT,0.606,0.0056,0.3884
HEARTS FOUR DIAMONDS EIGHT,0.6082,0.007,0.3848
HEARTS FIVE DIAMONDS EIGHT,0.5834,0.0052,0.4114
DIAMONDS EIGHT DIAMONDS TEN,0.5416,0.005,0.4534
DIAMONDS EIGHT DIAMONDS JACK,0.534,0.007,0.459
SPADES JACK SPADES THREE,0.564,0.0058,0.4302
SPADES TEN SPADES THREE,0.5644,0.0052,0.4304
CLUBS FOUR HEARTS ACE,0.2058,0.522,0.2722
CLUBS FOUR HEARTS QUEEN,0.5946,0.0068,0.3986
CLUBS FOUR HEARTS KING,0.6092,0.0052,0.3856
CLUBS SIX HEARTS TEN,0.5838,0.0062,0.41
CLUBS SIX HEARTS JACK,0.6054,0.004,0.3906
DIAMONDS EIGHT SPADES FOUR,0.6144,0.0036,0.382
SPADES FIVE DIAMONDS EIGHT,0.5902,0.004,0.4058
DIAMONDS EIGHT SPADES TWO,0.7462,0.0188,0.235
DIAMONDS EIGHT SPADES THREE,0.6144,0.0058,0.3798
CLUBS FOUR HEARTS JACK,0.6004,0.0058,0.3938
SPADES EIGHT DIAMONDS EIGHT,0.3468,0.005,0.6482
SPADES TEN DIAMONDS QUEEN,0.5774,0.0048,0.4178
SPADES TEN HEARTS TWO,0.745,0.0174,0.2376
SPADES JACK HEARTS EIGHT,0.5834,0.0038,0.4128
CLUBS FOUR HEARTS TEN,0.6106,0.0038,0.3856
SPADES NINE DIAMONDS EIGHT,0.5576,0.0058,0.4366
SPADES TEN HEARTS EIGHT,0.5546,0.0038,0.4416
SPADES JACK HEARTS TWO,0.7442,0.0146,0.2412
SPADES JACK DIAMONDS QUEEN,0.5716,0.0056,0.4228
SPADES SIX DIAMONDS EIGHT,0.585,0.0042,0.4108
SPADES SEVEN DIAMONDS EIGHT,0.5616,0.0042,0.4342
SPADES ACE HEARTS TWO,0.018,0.96,0.022
SPADES ACE DIAMONDS QUEEN,0.256,0.067,0.677
SPADES ACE HEARTS EIGHT,0.2392,0.227,0.5338
SPADES KING HEARTS EIGHT,0.5952,0.0048,0.4
SPADES QUEEN HEARTS TWO,0.749,0.017,0.234
SPADES QUEEN DIAMONDS QUEEN,0.2938,0.0044,0.7018
SPADES KING DIAMONDS QUEEN,0.5764,0.0068,0.4168
SPADES KING HEARTS TWO,0.7542,0.0124,0.2334
SPADES QUEEN HEARTS EIGHT,0.5762,0.0032,0.4206
SPADES SEVEN DIAMONDS NINE,0.5672,0.0048,0.428
SPADES SIX DIAMONDS NINE,0.5932,0.0034,0.4034
SPADES NINE DIAMONDS NINE,0.3338,0.0054,0.6608
SPADES EIGHT DIAMONDS NINE,0.555,0.0058,0.4392
SPADES TEN CLUBS KING,0.5686,0.0044,0.427
DIAMONDS NINE SPADES THREE,0.6228,0.0044,0.3728
SPADES JACK CLUBS KING,0.5726,0.0044,0.423
DIAMONDS NINE SPADES TWO,0.7544,0.0146,0.231
DIAMONDS NINE SPADES FIVE,0.6032,0.0058,0.391
DIAMONDS NINE SPADES FOUR,0.6324,0.0054,0.3622
CLUBS NINE DIAMONDS NINE,0.333,0.0056,0.6614
CLUBS EIGHT DIAMONDS NINE,0.5558,0.0048,0.4394
CLUBS SIX DIAMONDS NINE,0.5994,0.0044,0.3962
SPADES JACK CLUBS FOUR,0.6084,0.0052,0.3864
CLUBS SEVEN DIAMONDS NINE,0.58,0.0054,0.4146
SPADES TEN CLUBS FOUR,0.5998,0.004,0.3962
CLUBS FOUR DIAMONDS NINE,0.6144,0.0072,0.3784
CLUBS FIVE DIAMONDS NINE,0.6034,0.0048,0.3918
DIAMONDS NINE CLUBS THREE,0.6188,0.0062,0.375
DIAMONDS NINE HEARTS EIGHT,0.5552,0.004,0.4408
DIAMONDS NINE HEARTS NINE,0.34,0.0028,0.6572
HEARTS SIX DIAMONDS NINE,0.593,0.0046,0.4024
HEARTS SEVEN DIAMONDS NINE,0.5704,0.0054,0.4242
CLUBS EIGHT CLUBS NINE,0.5278,0.0048,0.4674
HEARTS FOUR DIAMONDS NINE,0.6286,0.0062,0.3652
HEARTS FIVE DIAMONDS NINE,0.6004,0.0062,0.3934
SPADES ACE CLUBS FOUR,0.217,0.5136,0.2694
DIAMONDS QUEEN DIAMONDS NINE,0.5556,0.0068,0.4376
HEARTS TWO DIAMONDS NINE,0.7542,0.019,0.2268
SPADES KING CLUBS FOUR,0.6236,0.008,0.3684
DIAMONDS KING DIAMONDS NINE,0.5684,0.0064,0.4252
HEARTS THREE DIAMONDS NINE,0.6218,0.007,0.3712
SPADES QUEEN CLUBS FOUR,0.6012,0.0052,0.3936
DIAMONDS NINE DIAMONDS JACK,0.545,0.005,0.45
CLUBS EIGHT SPADES NINE,0.5626,0.0036,0.4338
DIAMONDS NINE DIAMONDS TEN,0.5248,0.0062,0.469
CLUBS EIGHT SPADES EIGHT,0.332,0.005,0.663
CLUBS EIGHT SPADES SEVEN,0.5586,0.0052,0.4362
CLUBS EIGHT SPADES SIX,0.5718,0.0042,0.424
CLUBS EIGHT SPADES FIVE,0.5884,0.0036,0.408
CLUBS EIGHT SPADES FOUR,0.6002,0.004,0.3958
CLUBS EIGHT SPADES THREE,0.6256,0.0038,0.3706
CLUBS EIGHT SPADES TWO,0.7418,0.0184,0.2398
HEARTS SIX DIAMONDS TEN,0.6028,0.003,0.3942
HEARTS SEVEN DIAMONDS TEN,0.5832,0.0042,0.4126
DIAMONDS TEN HEARTS EIGHT,0.5776,0.006,0.4164
CLUBS JACK CLUBS FOUR,0.5754,0.0046,0.42
DIAMONDS TEN HEARTS NINE,0.56,0.0048,0.4352
CLUBS TEN CLUBS FOUR,0.5818,0.0054,0.4128
CLUBS FOUR CLUBS KING,0.584,0.0068,0.4092
CLUBS FOUR CLUBS QUEEN,0.569,0.0078,0.4232
CLUBS THREE DIAMONDS TEN,0.616,0.0062,0.3778
CLUBS FOUR CLUBS ACE,0.1968,0.5016,0.3016
DIAMONDS JACK DIAMONDS TEN,0.5274,0.0044,0.4682
DIAMONDS QUEEN DIAMONDS TEN,0.5302,0.0056,0.4642
HEARTS TWO DIAMONDS TEN,0.7412,0.0166,0.2422
DIAMONDS KING DIAMONDS TEN,0.5498,0.006,0.4442
HEARTS THREE DIAMONDS TEN,0.6248,0.0034,0.3718
HEARTS FOUR DIAMONDS TEN,0.6156,0.0056,0.3788
CLUBS EIGHT HEARTS JACK,0.565,0.0024,0.4326
HEARTS FIVE DIAMONDS TEN,0.6108,0.0052,0.384
CLUBS EIGHT HEARTS TEN,0.553,0.004,0.443
CLUBS EIGHT HEARTS QUEEN,0.586,0.0048,0.4092
CLUBS EIGHT HEARTS KING,0.5952,0.0054,0.3994
CLUBS EIGHT HEARTS ACE,0.2452,0.2272,0.5276
CLUBS NINE SPADES THREE,0.6132,0.0046,0.3822
CLUBS NINE SPADES TWO,0.7532,0.0162,0.2306
CLUBS NINE SPADES FIVE,0.6044,0.0038,0.3918
CLUBS NINE SPADES FOUR,0.6166,0.0062,0.3772
CLUBS NINE SPADES SEVEN,0.5618,0.0062,0.432
CLUBS NINE SPADES SIX,0.5874,0.0036,0.409
CLUBS NINE SPADES NINE,0.3348,0.004,0.6612
CLUBS TEN HEARTS EIGHT,0.5542,0.006,0.4398
CLUBS NINE SPADES EIGHT,0.5448,0.0054,0.4498
CLUBS JACK HEARTS EIGHT,0.5746,0.0038,0.4216
HEARTS EIGHT CLUBS QUEEN,0.5866,0.0038,0.4096
CLUBS KING HEARTS EIGHT,0.5984,0.0042,0.3974
CLUBS ACE HEARTS EIGHT,0.231,0.2364,0.5326
SPADES KING CLUBS KING,0.2852,0.005,0.7098
SPADES QUEEN CLUBS KING,0.57,0.0064,0.4236
SPADES ACE CLUBS KING,0.2514,0.0492,0.6994
HEARTS FOUR HEARTS TEN,0.5722,0.006,0.4218
HEARTS FOUR HEARTS JACK,0.5778,0.0054,0.4168
SPADES KING CLUBS FIVE,0.6004,0.006,0.3936
SPADES QUEEN CLUBS FIVE,0.6008,0.0042,0.395
SPADES ACE CLUBS FIVE,0.2112,0.4476,0.3412
HEARTS SEVEN DIAMONDS JACK,0.5932,0.0058,0.401
HEARTS SIX DIAMONDS JACK,0.6066,0.0058,0.3876
DIAMONDS JACK HEARTS NINE,0.5648,0.0058,0.4294
DIAMONDS JACK HEARTS EIGHT,0.5764,0.006,0.4176
DIAMONDS KING DIAMONDS JACK,0.5496,0.0056,0.4448
HEARTS THREE DIAMONDS JACK,0.6138,0.0064,0.3798
SPADES ACE SPADES SIX,0.2266,0.3486,0.4248
HEARTS ACE SPADES FOUR,0.21,0.5154,0.2746
DIAMONDS QUEEN DIAMONDS JACK,0.5494,0.0042,0.4464
HEARTS TWO DIAMONDS JACK,0.74,0.0196,0.2404
HEARTS FIVE DIAMONDS JACK,0.6056,0.0058,0.3886
SPADES QUEEN SPADES SIX,0.5568,0.0042,0.439
SPADES FOUR HEARTS QUEEN,0.6002,0.0046,0.3952
HEARTS FOUR DIAMONDS JACK,0.603,0.0056,0.3914
SPADES KING SPADES SIX,0.5616,0.004,0.4344
SPADES FOUR HEARTS KING,0.6068,0.006,0.3872
SPADES TEN SPADES SIX,0.5592,0.0046,0.4362
SPADES JACK SPADES SIX,0.5592,0.004,0.4368
SPADES FOUR DIAMONDS JACK,0.6278,0.0036,0.3686
SPADES FIVE DIAMONDS JACK,0.6112,0.0058,0.383
DIAMONDS JACK SPADES TWO,0.7528,0.0182,0.229
DIAMONDS JACK SPADES THREE,0.626,0.0074,0.3666
SPADES ACE DIAMONDS THREE,0.228,0.5316,0.2404
CLUBS EIGHT DIAMONDS JACK,0.5704,0.0058,0.4238
SPADES QUEEN DIAMONDS THREE,0.6182,0.008,0.3738
SPADES KING DIAMONDS THREE,0.6244,0.0038,0.3718
CLUBS NINE DIAMONDS JACK,0.5736,0.0036,0.4228
CLUBS SIX DIAMONDS JACK,0.6156,0.0072,0.3772
CLUBS SEVEN DIAMONDS JACK,0.5846,0.0042,0.4112
CLUBS FOUR DIAMONDS JACK,0.6166,0.006,0.3774
CLUBS FIVE DIAMONDS JACK,0.6082,0.0068,0.385
CLUBS THREE DIAMONDS JACK,0.6194,0.0052,0.3754
SPADES TEN CLUBS FIVE,0.6098,0.0048,0.3854
SPADES JACK HEARTS SIX,0.6122,0.004,0.3838
HEARTS SIX SPADES TEN,0.5928,0.0036,0.4036
SPADES JACK CLUBS FIVE,0.5966,0.0046,0.3988
SPADES JACK DIAMONDS THREE,0.6132,0.0074,0.3794
CLUBS SEVEN CLUBS ACE,0.2254,0.2888,0.4858
DIAMONDS THREE SPADES TEN,0.6038,0.0062,0.39
CLUBS SEVEN CLUBS QUEEN,0.5734,0.0052,0.4214
CLUBS SEVEN CLUBS KING,0.5512,0.0058,0.443
SPADES NINE DIAMONDS JACK,0.5618,0.0042,0.434
CLUBS TEN CLUBS SEVEN,0.545,0.0052,0.4498
HEARTS FOUR HEARTS ACE,0.2116,0.4718,0.3166
SPADES EIGHT DIAMONDS JACK,0.5666,0.0056,0.4278
SPADES ACE HEARTS SIX,0.2478,0.3614,0.3908
CLUBS JACK CLUBS SEVEN,0.555,0.0044,0.4406
HEARTS FOUR HEARTS KING,0.5822,0.0056,0.4122
SPADES SEVEN DIAMONDS JACK,0.595,0.0064,0.3986
SPADES KING HEARTS SIX,0.5904,0.0048,0.4048
HEARTS FOUR HEARTS QUEEN,0.574,0.0046,0.4214
SPADES QUEEN HEARTS SIX,0.5992,0.0034,0.3974
SPADES SIX DIAMONDS JACK,0.6136,0.0048,0.3816
DIAMONDS TEN SPADES TWO,0.7564,0.0172,0.2264
SPADES THREE DIAMONDS TEN,0.6328,0.005,0.3622
SPADES FOUR DIAMONDS TEN,0.6178,0.0054,0.3768
SPADES FIVE DIAMONDS TEN,0.6216,0.0048,0.3736
SPADES SIX DIAMONDS TEN,0.5874,0.0054,0.4072
SPADES SEVEN DIAMONDS TEN,0.5686,0.0058,0.4256
SPADES EIGHT DIAMONDS TEN,0.5768,0.005,0.4182
SPADES NINE DIAMONDS TEN,0.5592,0.004,0.4368
CLUBS FOUR DIAMONDS TEN,0.6082,0.0054,0.3864
CLUBS FIVE DIAMONDS TEN,0.6038,0.0066,0.3896
CLUBS SIX DIAMONDS TEN,0.5858,0.0062,0.408
CLUBS SEVEN DIAMONDS TEN,0.569,0.0036,0.4274
CLUBS EIGHT DIAMONDS TEN,0.5684,0.0048,0.4268
CLUBS NINE DIAMONDS TEN,0.5382,0.0052,0.4566
CLUBS JACK DIAMONDS THREE,0.6182,0.0058,0.376
CLUBS TEN DIAMONDS THREE,0.6172,0.0058,0.377
DIAMONDS THREE CLUBS KING,0.6256,0.0072,0.3672
DIAMONDS THREE CLUBS QUEEN,0.6212,0.0058,0.373
DIAMONDS THREE CLUBS ACE,0.212,0.5342,0.2538
SPADES FOUR HEARTS JACK,0.6072,0.0034,0.3894
SPADES FOUR HEARTS TEN,0.6076,0.0062,0.3862
SPADES FIVE SPADES TWO,0.6928,0.0164,0.2908
SPADES FOUR SPADES TWO,0.6968,0.0132,0.29
SPADES THREE SPADES TWO,0.6952,0.0154,0.2894
SPADES NINE SPADES TWO,0.6892,0.017,0.2938
SPADES EIGHT SPADES TWO,0.7008,0.0136,0.2856
SPADES SEVEN SPADES TWO,0.7024,0.0112,0.2864
SPADES SIX SPADES TWO,0.7094,0.0124,0.2782
DIAMONDS QUEEN CLUBS THREE,0.6174,0.0044,0.3782
HEARTS TWO CLUBS THREE,0.7412,0.0184,0.2404
HEARTS SEVEN DIAMONDS QUEEN,0.5924,0.0054,0.4022
HEARTS SEVEN HEARTS TWO,0.7056,0.0096,0.2848
HEARTS SIX DIAMONDS QUEEN,0.6096,0.0046,0.3858
HEARTS SIX HEARTS TWO,0.7074,0.0148,0.2778
DIAMONDS QUEEN HEARTS NINE,0.5748,0.0024,0.4228
HEARTS TWO HEARTS NINE,0.6986,0.0168,0.2846
DIAMONDS QUEEN HEARTS EIGHT,0.5798,0.0062,0.414
HEARTS TWO HEARTS EIGHT,0.6998,0.0118,0.2884
CLUBS NINE HEARTS TWO,0.7318,0.0186,0.2496
CLUBS NINE DIAMONDS QUEEN,0.5782,0.0034,0.4184
CLUBS EIGHT DIAMONDS QUEEN,0.5878,0.0044,0.4078
CLUBS EIGHT HEARTS TWO,0.7576,0.0152,0.2272
DIAMONDS QUEEN CLUBS FIVE,0.6174,0.0054,0.3772
CLUBS FIVE HEARTS TWO,0.736,0.0144,0.2496
SPADES EIGHT HEARTS ACE,0.2372,0.2204,0.5424
DIAMONDS QUEEN CLUBS FOUR,0.6124,0.007,0.3806
CLUBS FOUR HEARTS TWO,0.728,0.0148,0.2572
CLUBS SEVEN DIAMONDS QUEEN,0.6,0.0038,0.3962
CLUBS SEVEN HEARTS TWO,0.7482,0.0118,0.24
SPADES EIGHT HEARTS QUEEN,0.596,0.0028,0.4012
CLUBS SIX DIAMONDS QUEEN,0.6018,0.0052,0.393
CLUBS SIX HEARTS TWO,0.7528,0.0136,0.2336
SPADES EIGHT HEARTS KING,0.6032,0.004,0.3928
HEARTS TWO SPADES SIX,0.7626,0.0108,0.2266
DIAMONDS QUEEN SPADES SIX,0.613,0.004,0.383
HEARTS FOUR CLUBS QUEEN,0.6012,0.0042,0.3946
DIAMONDS QUEEN SPADES SEVEN,0.608,0.0054,0.3866
SPADES SEVEN HEARTS TWO,0.7468,0.0116,0.2416
HEARTS FOUR CLUBS KING,0.6032,0.0062,0.3906
DIAMONDS QUEEN SPADES EIGHT,0.5916,0.0048,0.4036
SPADES EIGHT HEARTS TWO,0.751,0.0142,0.2348
HEARTS FOUR CLUBS ACE,0.2118,0.5186,0.2696
SPADES NINE DIAMONDS QUEEN,0.5808,0.005,0.4142
SPADES NINE HEARTS TWO,0.7412,0.017,0.2418
HEARTS TWO SPADES TWO,0.3326,0.0154,0.652
DIAMONDS QUEEN SPADES TWO,0.7574,0.0188,0.2238
HEARTS TWO SPADES THREE,0.7342,0.0162,0.2496
DIAMONDS QUEEN SPADES THREE,0.6118,0.0074,0.3808
HEARTS TWO SPADES FOUR,0.731,0.0168,0.2522
DIAMONDS QUEEN SPADES FOUR,0.612,0.0058,0.3822
CLUBS TEN HEARTS FOUR,0.595,0.0044,0.4006
HEARTS TWO SPADES FIVE,0.7372,0.0178,0.245
DIAMONDS QUEEN SPADES FIVE,0.6256,0.0032,0.3712
CLUBS JACK HEARTS FOUR,0.5962,0.0052,0.3986
CLUBS FIVE CLUBS KING,0.577,0.006,0.417
CLUBS FIVE CLUBS QUEEN,0.5758,0.0062,0.418
CLUBS FIVE CLUBS ACE,0.2136,0.4288,0.3576
CLUBS JACK CLUBS FIVE,0.5896,0.0056,0.4048
CLUBS TEN CLUBS FIVE,0.5776,0.0064,0.416
SPADES KING CLUBS JACK,0.5654,0.0052,0.4294
CLUBS JACK SPADES QUEEN,0.5536,0.0046,0.4418
SPADES ACE CLUBS JACK,0.2498,0.0912,0.659
SPADES SIX CLUBS KING,0.6122,0.0046,0.3832
SPADES SIX CLUBS QUEEN,0.608,0.005,0.387
SPADES EIGHT HEARTS JACK,0.5802,0.0032,0.4166
SPADES SIX CLUBS ACE,0.2312,0.3922,0.3766
SPADES EIGHT HEARTS TEN,0.5688,0.0044,0.4268
CLUBS JACK SPADES SIX,0.5952,0.0048,0.4
CLUBS TEN SPADES SIX,0.5844,0.0038,0.4118
CLUBS JACK SPADES TEN,0.5412,0.0052,0.4536
CLUBS JACK SPADES JACK,0.31,0.0052,0.6848
SPADES QUEEN CLUBS SEVEN,0.5966,0.003,0.4004
SPADES KING CLUBS SEVEN,0.5832,0.0034,0.4134
SPADES ACE CLUBS SEVEN,0.2344,0.2954,0.4702
SPADES SIX HEARTS TEN,0.5974,0.0048,0.3978
SPADES SIX HEARTS JACK,0.58,0.0042,0.4158
SPADES SIX HEARTS ACE,0.237,0.369,0.394
SPADES SIX HEARTS KING,0.6066,0.0044,0.389
SPADES SIX HEARTS QUEEN,0.6034,0.0042,0.3924
SPADES JACK CLUBS SEVEN,0.5888,0.0044,0.4068
SPADES TEN CLUBS SEVEN,0.5698,0.0038,0.4264
CLUBS TEN HEARTS SIX,0.594,0.0054,0.4006
CLUBS JACK HEARTS SIX,0.6096,0.0036,0.3868
CLUBS JACK CLUBS ACE,0.2386,0.0794,0.682
HEARTS SIX CLUBS QUEEN,0.6162,0.0056,0.3782
HEARTS SIX CLUBS KING,0.608,0.007,0.385
HEARTS SIX CLUBS ACE,0.2478,0.3736,0.3786
CLUBS JACK CLUBS QUEEN,0.5358,0.0046,0.4596
CLUBS JACK CLUBS KING,0.5462,0.0056,0.4482
DIAMONDS THREE HEARTS ACE,0.2172,0.5294,0.2534
DIAMONDS THREE HEARTS QUEEN,0.6202,0.0054,0.3744
DIAMONDS THREE HEARTS KING,0.6238,0.0066,0.3696
CLUBS FIVE HEARTS JACK,0.603,0.0046,0.3924
HEARTS FOUR SPADES TEN,0.6108,0.0052,0.384
CLUBS FIVE HEARTS TEN,0.5928,0.006,0.4012
HEARTS FOUR SPADES JACK,0.6008,0.0046,0.3946
SPADES ACE HEARTS FOUR,0.217,0.506,0.277
CLUBS FIVE HEARTS ACE,0.2148,0.4672,0.318
CLUBS FIVE HEARTS KING,0.6014,0.005,0.3936
HEARTS FOUR SPADES QUEEN,0.606,0.0042,0.3898
CLUBS JACK SPADES FOUR,0.6262,0.0046,0.3692
CLUBS FIVE HEARTS QUEEN,0.6026,0.0062,0.3912
SPADES KING HEARTS FOUR,0.614,0.0052,0.3808
CLUBS TEN SPADES FOUR,0.6038,0.0042,0.392
HEARTS FOUR DIAMONDS QUEEN,0.6108,0.004,0.3852
HEARTS FOUR HEARTS TWO,0.6988,0.0152,0.286
DIAMONDS THREE HEARTS TEN,0.6262,0.005,0.3688
SPADES FOUR CLUBS KING,0.6032,0.0052,0.3916
HEARTS FIVE DIAMONDS QUEEN,0.616,0.0044,0.3796
HEARTS FIVE HEARTS TWO,0.6932,0.016,0.2908
DIAMONDS THREE HEARTS JACK,0.6238,0.0052,0.371
SPADES FOUR CLUBS QUEEN,0.615,0.005,0.38
DIAMONDS QUEEN HEARTS TWO,0.7564,0.0156,0.228
DIAMONDS KING DIAMONDS QUEEN,0.556,0.0054,0.4386
DIAMONDS KING HEARTS TWO,0.7482,0.017,0.2348
DIAMONDS QUEEN HEARTS THREE,0.624,0.0062,0.3698
HEARTS THREE HEARTS TWO,0.6968,0.015,0.2882
SPADES FOUR CLUBS ACE,0.2234,0.5004,0.2762
HEARTS TWO CLUBS ACE,0.012,0.971,0.017
DIAMONDS QUEEN CLUBS ACE,0.2402,0.068,0.6918
HEARTS TWO CLUBS QUEEN,0.7428,0.0188,0.2384
DIAMONDS QUEEN CLUBS QUEEN,0.2858,0.0048,0.7094
HEARTS TWO CLUBS KING,0.7524,0.0168,0.2308
DIAMONDS QUEEN CLUBS KING,0.5798,0.006,0.4142
SPADES EIGHT SPADES FIVE,0.567,0.0044,0.4286
CLUBS TEN HEARTS TWO,0.7438,0.0138,0.2424
CLUBS TEN DIAMONDS QUEEN,0.5668,0.0044,0.4288
SPADES NINE SPADES FIVE,0.5552,0.0066,0.4382
CLUBS JACK HEARTS TWO,0.7384,0.0202,0.2414
CLUBS JACK DIAMONDS QUEEN,0.5732,0.0046,0.4222
SPADES SIX SPADES FIVE,0.54,0.0054,0.4546
SPADES SEVEN SPADES FIVE,0.5318,0.007,0.4612
DIAMONDS FIVE CLUBS QUEEN,0.6146,0.006,0.3794
SPADES EIGHT CLUBS ACE,0.2264,0.226,0.5476
DIAMONDS FIVE CLUBS KING,0.6136,0.0066,0.3798
SPADES EIGHT CLUBS KING,0.5892,0.0058,0.405
DIAMONDS FIVE CLUBS ACE,0.2158,0.4686,0.3156
SPADES EIGHT CLUBS QUEEN,0.5664,0.0044,0.4292
CLUBS JACK SPADES EIGHT,0.575,0.0054,0.4196
CLUBS TEN SPADES EIGHT,0.5618,0.0058,0.4324
CLUBS TEN DIAMONDS FIVE,0.6164,0.0042,0.3794
CLUBS JACK DIAMONDS FIVE,0.5962,0.005,0.3988
DIAMONDS TEN HEARTS JACK,0.5534,0.0042,0.4424
DIAMONDS TEN HEARTS TEN,0.3242,0.0048,0.671
SPADES ACE CLUBS NINE,0.241,0.174,0.585
SPADES QUEEN CLUBS NINE,0.5772,0.0032,0.4196
SPADES KING CLUBS NINE,0.5816,0.0038,0.4146
HEARTS SIX HEARTS KING,0.5538,0.0056,0.4406
DIAMONDS KING SPADES SEVEN,0.5874,0.0074,0.4052
HEARTS THREE SPADES SEVEN,0.6078,0.0054,0.3868
SPADES KING DIAMONDS SEVEN,0.598,0.005,0.397
HEARTS SIX HEARTS QUEEN,0.5644,0.0034,0.4322
SPADES QUEEN DIAMONDS SEVEN,0.5882,0.0048,0.407
HEARTS THREE SPADES SIX,0.6144,0.004,0.3816
DIAMONDS KING SPADES SIX,0.6064,0.0048,0.3888
DIAMONDS KING SPADES NINE,0.5998,0.0056,0.3946
SPADES NINE HEARTS THREE,0.6164,0.0056,0.378
HEARTS SIX HEARTS ACE,0.221,0.3592,0.4198
