opposingHand,winningChance,drawChance,lostChance
DIAMONDS FOUR HEARTS TWO
SPADES FIVE SPADES FOUR,0.2076,0.3482,0.4442
SPADES FIVE DIAMONDS FIVE,0.1112,0.1442,0.7446
DIAMONDS SEVEN CLUBS QUEEN,0.3408,0.0142,0.645
CLUBS SIX HEARTS TEN,0.3328,0.0306,0.6366
HEARTS SEVEN CLUBS SIX,0.3226,0.0964,0.581
SPADES KING HEARTS FIVE,0.3242,0.0106,0.6652
CLUBS NINE DIAMONDS ACE,0.3354,0.005,0.6596
SPADES JACK HEARTS JACK,0.1548,0.053,0.7922
HEARTS FOUR DIAMONDS TEN,0.2428,0.0862,0.671
DIAMONDS TEN DIAMONDS SIX,0.3294,0.028,0.6426
SPADES QUEEN SPADES THREE,0.3446,0.0148,0.6406
SPADES ACE HEARTS EIGHT,0.344,0.0074,0.6486
CLUBS JACK HEARTS SIX,0.3552,0.0232,0.6216
SPADES KING DIAMONDS TEN,0.351,0.0076,0.6414
DIAMONDS JACK HEARTS KING,0.3272,0.0098,0.663
SPADES JACK DIAMONDS NINE,0.3346,0.0146,0.6508
HEARTS EIGHT SPADES NINE,0.325,0.042,0.633
SPADES SIX DIAMONDS QUEEN,0.3458,0.0122,0.642
DIAMONDS TWO CLUBS NINE,0.2534,0.1126,0.634
CLUBS THREE SPADES FOUR,0.2108,0.5194,0.2698
HEARTS EIGHT DIAMONDS ACE,0.3294,0.0042,0.6664
DIAMONDS TWO DIAMONDS JACK,0.2646,0.0516,0.6838
SPADES QUEEN SPADES TEN,0.3138,0.0118,0.6744
HEARTS SIX HEARTS QUEEN,0.3382,0.0156,0.6462
SPADES JACK SPADES FIVE,0.3368,0.0214,0.6418
DIAMONDS THREE SPADES THREE,0.2156,0.175,0.6094
CLUBS SEVEN HEARTS THREE,0.369,0.1032,0.5278
CLUBS JACK SPADES FOUR,0.2688,0.0636,0.6676
DIAMONDS EIGHT DIAMONDS SEVEN,0.2994,0.0548,0.6458
CLUBS SEVEN DIAMONDS EIGHT,0.3176,0.0696,0.6128
HEARTS SEVEN HEARTS ACE,0.3206,0.0048,0.6746
SPADES QUEEN CLUBS EIGHT,0.348,0.013,0.639
HEARTS EIGHT CLUBS TEN,0.3376,0.0288,0.6336
DIAMONDS ACE DIAMONDS SIX,0.3178,0.0038,0.6784
SPADES EIGHT CLUBS TWO,0.255,0.1484,0.5966
SPADES TWO CLUBS KING,0.2638,0.0274,0.7088
SPADES ACE DIAMONDS SIX,0.3492,0.0048,0.646
DIAMONDS TWO SPADES THREE,0.2628,0.5298,0.2074
CLUBS JACK HEARTS EIGHT,0.329,0.013,0.658
DIAMONDS KING CLUBS QUEEN,0.3358,0.006,0.6582
CLUBS ACE CLUBS KING,0.3174,0.0072,0.6754
HEARTS SEVEN SPADES SIX,0.3138,0.0958,0.5904
SPADES TWO CLUBS ACE,0.2436,0.0152,0.7412
SPADES FIVE DIAMONDS JACK,0.346,0.0176,0.6364
CLUBS THREE DIAMONDS SIX,0.3424,0.1498,0.5078
HEARTS QUEEN CLUBS QUEEN,0.1458,0.0344,0.8198
CLUBS THREE HEARTS JACK,0.3572,0.0246,0.6182
SPADES TEN CLUBS THREE,0.3632,0.0344,0.6024
HEARTS EIGHT SPADES FOUR,0.2484,0.1468,0.6048
SPADES NINE SPADES EIGHT,0.3122,0.0402,0.6476
HEARTS THREE SPADES EIGHT,0.3826,0.0696,0.5478
SPADES TEN SPADES NINE,0.3076,0.028,0.6644
SPADES KING CLUBS ACE,0.3406,0.0066,0.6528
CLUBS ACE DIAMONDS SEVEN,0.3258,0.0046,0.6696
HEARTS SIX HEARTS KING,0.339,0.011,0.65
CLUBS FIVE HEARTS KING,0.3306,0.0098,0.6596
CLUBS JACK CLUBS ACE,0.3166,0.006,0.6774
SPADES TEN DIAMONDS EIGHT,0.332,0.029,0.639
DIAMONDS THREE HEARTS THREE,0.2052,0.1686,0.6262
SPADES ACE DIAMONDS TWO,0.2508,0.0146,0.7346
SPADES JACK SPADES FOUR,0.2368,0.0616,0.7016
HEARTS ACE DIAMONDS FIVE,0.3152,0.0044,0.6804
SPADES EIGHT DIAMONDS TEN,0.3304,0.026,0.6436
SPADES QUEEN CLUBS THREE,0.3744,0.016,0.6096
HEARTS JACK HEARTS TEN,0.32,0.0144,0.6656
SPADES JACK CLUBS TWO,0.2724,0.0542,0.6734
DIAMONDS THREE HEARTS ACE,0.342,0.0052,0.6528
DIAMONDS ACE HEARTS QUEEN,0.343,0.008,0.649
HEARTS FOUR HEARTS QUEEN,0.23,0.0486,0.7214
SPADES NINE CLUBS FOUR,0.257,0.1062,0.6368
SPADES SEVEN CLUBS ACE,0.342,0.005,0.653
SPADES ACE CLUBS FOUR,0.2344,0.0228,0.7428
CLUBS EIGHT HEARTS QUEEN,0.342,0.012,0.646
CLUBS TWO DIAMONDS SEVEN,0.2632,0.1926,0.5442
SPADES SEVEN HEARTS ACE,0.3448,0.0054,0.6498
SPADES ACE CLUBS NINE,0.3418,0.006,0.6522
HEARTS SEVEN DIAMONDS SEVEN,0.1326,0.1138,0.7536
HEARTS SIX SPADES JACK,0.3408,0.0214,0.6378
DIAMONDS THREE SPADES KING,0.3702,0.0102,0.6196
SPADES TWO HEARTS JACK,0.2552,0.0554,0.6894
SPADES KING HEARTS JACK,0.347,0.0076,0.6454
CLUBS NINE CLUBS FIVE,0.313,0.0462,0.6408
CLUBS THREE SPADES TWO,0.2768,0.4966,0.2266
SPADES ACE DIAMONDS SEVEN,0.3186,0.005,0.6764
SPADES SEVEN DIAMONDS FIVE,0.3118,0.1092,0.579
SPADES SIX CLUBS QUEEN,0.3558,0.012,0.6322
DIAMONDS ACE SPADES THREE,0.3458,0.004,0.6502
CLUBS SIX DIAMONDS SEVEN,0.319,0.0964,0.5846
SPADES SEVEN HEARTS JACK,0.3396,0.0192,0.6412
HEARTS FIVE DIAMONDS QUEEN,0.3478,0.0138,0.6384
DIAMONDS JACK DIAMONDS SEVEN,0.3414,0.022,0.6366
SPADES SIX HEARTS ACE,0.34,0.0058,0.6542
HEARTS FIVE SPADES FIVE,0.1178,0.1412,0.741
HEARTS EIGHT SPADES FIVE,0.3252,0.0734,0.6014
DIAMONDS TWO SPADES QUEEN,0.263,0.046,0.691
SPADES NINE SPADES TWO,0.2508,0.1018,0.6474
SPADES FIVE SPADES TWO,0.1992,0.359,0.4418
SPADES TEN DIAMONDS NINE,0.3326,0.0238,0.6436
SPADES EIGHT HEARTS JACK,0.3462,0.0176,0.6362
SPADES NINE DIAMONDS FIVE,0.3374,0.0462,0.6164
DIAMONDS ACE CLUBS THREE,0.3624,0.0064,0.6312
SPADES SEVEN HEARTS NINE,0.3274,0.0354,0.6372
DIAMONDS TWO HEARTS FOUR,0.0066,0.9866,0.0068
DIAMONDS THREE DIAMONDS KING,0.3588,0.0122,0.629
SPADES KING CLUBS TEN,0.3378,0.008,0.6542
CLUBS JACK HEARTS THREE,0.373,0.0266,0.6004
HEARTS SEVEN HEARTS JACK,0.3176,0.0186,0.6638
SPADES EIGHT DIAMONDS EIGHT,0.1444,0.1012,0.7544
HEARTS FIVE SPADES SEVEN,0.3134,0.1056,0.581
CLUBS TEN SPADES FOUR,0.2486,0.0834,0.668
SPADES EIGHT CLUBS FIVE,0.3242,0.0724,0.6034
SPADES QUEEN HEARTS FOUR,0.2526,0.0558,0.6916
CLUBS EIGHT DIAMONDS KING,0.3432,0.0096,0.6472
SPADES QUEEN HEARTS KING,0.348,0.0074,0.6446
CLUBS SEVEN DIAMONDS JACK,0.3396,0.022,0.6384
CLUBS SEVEN HEARTS ACE,0.3404,0.0064,0.6532
DIAMONDS THREE CLUBS TWO,0.2734,0.5092,0.2174
CLUBS SEVEN SPADES NINE,0.3358,0.0416,0.6226
SPADES ACE CLUBS FIVE,0.323,0.0072,0.6698
DIAMONDS SIX DIAMONDS FIVE,0.294,0.1454,0.5606
SPADES TEN HEARTS THREE,0.3684,0.0332,0.5984
HEARTS SEVEN HEARTS KING,0.3218,0.0092,0.669
CLUBS SEVEN SPADES SEVEN,0.148,0.1192,0.7328
CLUBS JACK DIAMONDS JACK,0.1422,0.0562,0.8016
SPADES FOUR HEARTS TEN,0.2518,0.0844,0.6638
HEARTS EIGHT CLUBS ACE,0.3282,0.0054,0.6664
DIAMONDS NINE CLUBS ACE,0.3332,0.0048,0.662
DIAMONDS THREE CLUBS KING,0.37,0.0084,0.6216
SPADES QUEEN HEARTS TEN,0.3292,0.0126,0.6582
CLUBS TEN HEARTS ACE,0.3482,0.004,0.6478
DIAMONDS QUEEN HEARTS ACE,0.333,0.0062,0.6608
HEARTS EIGHT CLUBS SEVEN,0.32,0.0574,0.6226
CLUBS FOUR HEARTS KING,0.2502,0.0378,0.712
SPADES SIX CLUBS ACE,0.3574,0.0058,0.6368
SPADES QUEEN SPADES SEVEN,0.3266,0.0108,0.6626
DIAMONDS NINE HEARTS QUEEN,0.3476,0.011,0.6414
HEARTS KING HEARTS JACK,0.3228,0.008,0.6692
CLUBS SIX CLUBS FIVE,0.2898,0.1572,0.553
CLUBS NINE CLUBS EIGHT,0.304,0.0398,0.6562
HEARTS THREE HEARTS JACK,0.3586,0.0198,0.6216
CLUBS TEN CLUBS THREE,0.3536,0.0328,0.6136
DIAMONDS JACK HEARTS QUEEN,0.3346,0.0126,0.6528
SPADES ACE SPADES QUEEN,0.3268,0.0064,0.6668
CLUBS SEVEN SPADES FIVE,0.3108,0.1042,0.585
DIAMONDS QUEEN HEARTS NINE,0.3298,0.0134,0.6568
DIAMONDS SEVEN HEARTS TEN,0.326,0.0304,0.6436
CLUBS NINE DIAMONDS FIVE,0.3396,0.0484,0.612
HEARTS THREE HEARTS NINE,0.3574,0.0466,0.596
CLUBS FOUR SPADES THREE,0.2142,0.52,0.2658
HEARTS SEVEN HEARTS FIVE,0.299,0.0984,0.6026
DIAMONDS ACE SPADES TWO,0.2378,0.0178,0.7444
CLUBS FOUR DIAMONDS SEVEN,0.2276,0.2024,0.57
DIAMONDS TEN SPADES TWO,0.252,0.0804,0.6676
SPADES SEVEN DIAMONDS SIX,0.3274,0.1046,0.568
DIAMONDS ACE CLUBS FOUR,0.2394,0.0244,0.7362
CLUBS SEVEN SPADES FOUR,0.2342,0.1998,0.566
SPADES QUEEN CLUBS ACE,0.3422,0.0036,0.6542
DIAMONDS EIGHT CLUBS ACE,0.329,0.0038,0.6672
SPADES JACK DIAMONDS QUEEN,0.3416,0.0112,0.6472
SPADES THREE HEARTS QUEEN,0.3746,0.0154,0.61
SPADES KING HEARTS QUEEN,0.3306,0.0082,0.6612
SPADES SIX DIAMONDS NINE,0.3258,0.0442,0.63
DIAMONDS THREE SPADES EIGHT,0.3718,0.0696,0.5586
SPADES ACE CLUBS TWO,0.2466,0.0158,0.7376
SPADES QUEEN SPADES FIVE,0.3176,0.0152,0.6672
DIAMONDS KING SPADES TWO,0.2436,0.0282,0.7282
DIAMONDS THREE SPADES QUEEN,0.3704,0.0164,0.6132
SPADES ACE SPADES THREE,0.337,0.0074,0.6556
CLUBS TEN HEARTS NINE,0.3348,0.023,0.6422
SPADES QUEEN HEARTS ACE,0.3386,0.0046,0.6568
DIAMONDS TWO DIAMONDS TEN,0.2406,0.0708,0.6886
HEARTS EIGHT CLUBS TWO,0.2634,0.1406,0.596
HEARTS SIX CLUBS EIGHT,0.319,0.069,0.612
CLUBS EIGHT DIAMONDS JACK,0.333,0.0184,0.6486
HEARTS SEVEN CLUBS KING,0.3392,0.0078,0.653
DIAMONDS TWO HEARTS KING,0.255,0.0306,0.7144
CLUBS FOUR DIAMONDS EIGHT,0.2436,0.1526,0.6038
SPADES TWO DIAMONDS FIVE,0.2164,0.3788,0.4048
HEARTS EIGHT SPADES TEN,0.3426,0.0302,0.6272
SPADES KING HEARTS SEVEN,0.352,0.008,0.64
HEARTS THREE HEARTS QUEEN,0.3576,0.0142,0.6282
SPADES ACE DIAMONDS TEN,0.325,0.0056,0.6694
SPADES FOUR HEARTS NINE,0.2492,0.1108,0.64
DIAMONDS TWO SPADES SEVEN,0.266,0.195,0.539
SPADES SIX DIAMONDS SIX,0.1314,0.1346,0.734
HEARTS FIVE CLUBS ACE,0.3208,0.0062,0.673
SPADES THREE HEARTS KING,0.3744,0.0098,0.6158
HEARTS THREE HEARTS ACE,0.343,0.0066,0.6504
CLUBS NINE DIAMONDS EIGHT,0.3274,0.0396,0.633
SPADES ACE SPADES SEVEN,0.3076,0.0062,0.6862
SPADES JACK CLUBS EIGHT,0.3326,0.02,0.6474
CLUBS TEN DIAMONDS NINE,0.3216,0.027,0.6514
CLUBS JACK SPADES JACK,0.1496,0.0498,0.8006
HEARTS SEVEN SPADES FOUR,0.2318,0.191,0.5772
CLUBS TEN CLUBS SIX,0.3246,0.0282,0.6472
DIAMONDS QUEEN SPADES FIVE,0.343,0.0124,0.6446
DIAMONDS THREE CLUBS EIGHT,0.3728,0.0712,0.556
DIAMONDS KING CLUBS THREE,0.355,0.0108,0.6342
CLUBS TWO HEARTS KING,0.2682,0.027,0.7048
HEARTS SEVEN HEARTS THREE,0.3562,0.1056,0.5382
CLUBS JACK DIAMONDS EIGHT,0.3384,0.0194,0.6422
SPADES QUEEN CLUBS SIX,0.3562,0.0144,0.6294
SPADES NINE HEARTS JACK,0.328,0.0164,0.6556
HEARTS EIGHT CLUBS FIVE,0.3292,0.0758,0.595
SPADES QUEEN DIAMONDS SIX,0.347,0.0116,0.6414
CLUBS TEN DIAMONDS FIVE,0.3342,0.0324,0.6334
SPADES FOUR DIAMONDS EIGHT,0.2578,0.1462,0.596
SPADES JACK HEARTS KING,0.3234,0.0086,0.668
HEARTS FIVE CLUBS SIX,0.309,0.1572,0.5338
CLUBS SEVEN CLUBS FOUR,0.2236,0.1944,0.582
HEARTS SEVEN DIAMONDS NINE,0.3274,0.0436,0.629
CLUBS NINE DIAMONDS SIX,0.3306,0.0432,0.6262
HEARTS EIGHT SPADES QUEEN,0.3388,0.0122,0.649
CLUBS FIVE CLUBS KING,0.3118,0.0086,0.6796
CLUBS SEVEN SPADES EIGHT,0.3298,0.0574,0.6128
CLUBS KING DIAMONDS SIX,0.3404,0.011,0.6486
HEARTS KING DIAMONDS SIX,0.3438,0.0104,0.6458
SPADES ACE CLUBS SEVEN,0.341,0.0048,0.6542
HEARTS SIX SPADES FIVE,0.3024,0.1638,0.5338
CLUBS EIGHT CLUBS FIVE,0.3184,0.0686,0.613
SPADES SEVEN CLUBS QUEEN,0.3446,0.0128,0.6426
HEARTS SEVEN SPADES THREE,0.3584,0.1026,0.539
HEARTS SEVEN HEARTS QUEEN,0.3382,0.013,0.6488
DIAMONDS KING DIAMONDS SEVEN,0.3308,0.0106,0.6586
HEARTS KING CLUBS ACE,0.3218,0.0056,0.6726
HEARTS FOUR SPADES NINE,0.2456,0.107,0.6474
DIAMONDS KING DIAMONDS QUEEN,0.318,0.0072,0.6748
CLUBS FIVE CLUBS THREE,0.3092,0.2406,0.4502
CLUBS SIX SPADES SIX,0.1398,0.1294,0.7308
SPADES JACK CLUBS SEVEN,0.3462,0.0168,0.637
CLUBS EIGHT DIAMONDS NINE,0.3284,0.0408,0.6308
DIAMONDS SEVEN HEARTS NINE,0.3272,0.0454,0.6274
CLUBS JACK HEARTS NINE,0.328,0.0202,0.6518
DIAMONDS THREE CLUBS FIVE,0.3246,0.2516,0.4238
HEARTS FIVE HEARTS NINE,0.3306,0.0444,0.625
SPADES FIVE CLUBS TWO,0.2292,0.3758,0.395
CLUBS JACK CLUBS NINE,0.3134,0.0176,0.669
SPADES SIX DIAMONDS EIGHT,0.3318,0.063,0.6052
HEARTS FOUR CLUBS FIVE,0.205,0.373,0.422
DIAMONDS TWO DIAMONDS KING,0.2538,0.0278,0.7184
DIAMONDS TWO SPADES FOUR,0.0176,0.9682,0.0142
SPADES EIGHT CLUBS ACE,0.3564,0.0056,0.638
HEARTS SEVEN SPADES QUEEN,0.3352,0.0132,0.6516
HEARTS KING HEARTS QUEEN,0.3344,0.0122,0.6534
DIAMONDS EIGHT CLUBS QUEEN,0.3342,0.0148,0.651
DIAMONDS NINE DIAMONDS SEVEN,0.3174,0.0414,0.6412
DIAMONDS THREE DIAMONDS NINE,0.3502,0.0504,0.5994
CLUBS EIGHT HEARTS KING,0.3474,0.0092,0.6434
DIAMONDS QUEEN DIAMONDS TEN,0.3098,0.014,0.6762
DIAMONDS KING HEARTS ACE,0.3298,0.0054,0.6648
CLUBS SIX CLUBS QUEEN,0.3308,0.0114,0.6578
HEARTS SIX CLUBS FOUR,0.2336,0.2814,0.485
DIAMONDS THREE SPADES JACK,0.3818,0.019,0.5992
DIAMONDS JACK CLUBS ACE,0.331,0.006,0.663
SPADES NINE DIAMONDS SEVEN,0.3316,0.0458,0.6226
SPADES TEN DIAMONDS FIVE,0.347,0.0298,0.6232
SPADES FIVE DIAMONDS TEN,0.3308,0.0306,0.6386
SPADES NINE HEARTS THREE,0.3654,0.045,0.5896
HEARTS FOUR SPADES EIGHT,0.2652,0.1504,0.5844
SPADES FOUR SPADES THREE,0.2054,0.4766,0.318
CLUBS JACK CLUBS THREE,0.3574,0.0228,0.6198
SPADES SEVEN SPADES SIX,0.2938,0.099,0.6072
CLUBS SEVEN CLUBS KING,0.323,0.0092,0.6678
DIAMONDS THREE DIAMONDS SIX,0.3302,0.1556,0.5142
HEARTS THREE SPADES SEVEN,0.359,0.1058,0.5352
SPADES SIX SPADES TWO,0.241,0.2474,0.5116
CLUBS SIX SPADES THREE,0.3448,0.158,0.4972
CLUBS SIX HEARTS ACE,0.3292,0.0052,0.6656
SPADES ACE HEARTS TEN,0.3502,0.0062,0.6436
DIAMONDS QUEEN HEARTS KING,0.337,0.0082,0.6548
SPADES THREE SPADES TWO,0.2436,0.4902,0.2662
HEARTS FOUR DIAMONDS ACE,0.2228,0.0236,0.7536
CLUBS EIGHT CLUBS SEVEN,0.3188,0.0574,0.6238
DIAMONDS TWO HEARTS FIVE,0.2096,0.3948,0.3956
DIAMONDS ACE CLUBS KING,0.3594,0.005,0.6356
DIAMONDS KING DIAMONDS EIGHT,0.3266,0.0086,0.6648
DIAMONDS ACE SPADES SEVEN,0.3342,0.0046,0.6612
HEARTS ACE HEARTS JACK,0.322,0.0092,0.6688
HEARTS SIX HEARTS TEN,0.3218,0.0292,0.649
DIAMONDS THREE SPADES TEN,0.364,0.0298,0.6062
CLUBS FIVE SPADES FIVE,0.1186,0.1482,0.7332
HEARTS EIGHT SPADES EIGHT,0.1462,0.1042,0.7496
SPADES TEN HEARTS ACE,0.337,0.0062,0.6568
CLUBS JACK SPADES THREE,0.3742,0.0168,0.609
HEARTS JACK DIAMONDS FIVE,0.3444,0.024,0.6316
CLUBS THREE HEARTS QUEEN,0.3688,0.0166,0.6146
SPADES SEVEN CLUBS KING,0.3582,0.0088,0.633
CLUBS TWO CLUBS KING,0.2482,0.0256,0.7262
CLUBS SEVEN DIAMONDS TEN,0.3374,0.028,0.6346
DIAMONDS TWO CLUBS FIVE,0.2254,0.3832,0.3914
CLUBS FOUR HEARTS QUEEN,0.2438,0.0506,0.7056
SPADES QUEEN DIAMONDS EIGHT,0.3472,0.0124,0.6404
SPADES JACK CLUBS ACE,0.34,0.0056,0.6544
HEARTS EIGHT SPADES THREE,0.3686,0.0622,0.5692
SPADES SEVEN SPADES TWO,0.252,0.1826,0.5654
SPADES SEVEN CLUBS TWO,0.2736,0.1992,0.5272
CLUBS FOUR SPADES SIX,0.2498,0.2568,0.4934
CLUBS SIX DIAMONDS KING,0.3518,0.006,0.6422
HEARTS EIGHT DIAMONDS FIVE,0.3202,0.072,0.6078
DIAMONDS JACK SPADES FOUR,0.2464,0.0576,0.696
CLUBS THREE SPADES THREE,0.2076,0.1674,0.625
DIAMONDS KING HEARTS NINE,0.3338,0.0106,0.6556
CLUBS SEVEN CLUBS SIX,0.3076,0.0862,0.6062
HEARTS FIVE HEARTS JACK,0.3296,0.0194,0.651
CLUBS SIX SPADES FOUR,0.247,0.2766,0.4764
SPADES KING SPADES NINE,0.3168,0.0084,0.6748
CLUBS NINE HEARTS FOUR,0.2648,0.109,0.6262
CLUBS THREE HEARTS NINE,0.3534,0.0468,0.5998
SPADES QUEEN HEARTS NINE,0.3316,0.0116,0.6568
SPADES KING SPADES THREE,0.3498,0.0104,0.6398
SPADES FOUR DIAMONDS TEN,0.2466,0.087,0.6664
HEARTS FOUR SPADES TWO,0.0086,0.9732,0.0182
DIAMONDS JACK DIAMONDS TEN,0.3116,0.0162,0.6722
CLUBS NINE CLUBS SIX,0.3062,0.0412,0.6526
SPADES SEVEN DIAMONDS TEN,0.3512,0.028,0.6208
SPADES SIX CLUBS THREE,0.348,0.1666,0.4854
HEARTS EIGHT CLUBS KING,0.337,0.0088,0.6542
HEARTS FIVE DIAMONDS KING,0.3344,0.0104,0.6552
DIAMONDS TWO CLUBS TWO,0.2338,0.124,0.6422
DIAMONDS NINE DIAMONDS EIGHT,0.3204,0.0348,0.6448
SPADES FOUR DIAMONDS NINE,0.2502,0.1046,0.6452
CLUBS THREE CLUBS QUEEN,0.3548,0.0148,0.6304
DIAMONDS KING HEARTS QUEEN,0.344,0.0084,0.6476
CLUBS FIVE CLUBS TWO,0.207,0.3502,0.4428
HEARTS FOUR DIAMONDS KING,0.2444,0.035,0.7206
SPADES THREE DIAMONDS NINE,0.3574,0.0476,0.595
SPADES FOUR HEARTS QUEEN,0.2374,0.0534,0.7092
DIAMONDS QUEEN SPADES THREE,0.3666,0.017,0.6164
SPADES QUEEN SPADES NINE,0.3172,0.0112,0.6716
SPADES NINE SPADES SIX,0.3212,0.0416,0.6372
DIAMONDS KING SPADES THREE,0.3656,0.0114,0.623
HEARTS SEVEN DIAMONDS ACE,0.3426,0.005,0.6524
HEARTS SEVEN SPADES NINE,0.3176,0.0414,0.641
SPADES THREE CLUBS KING,0.3642,0.0094,0.6264
SPADES TEN CLUBS FIVE,0.3494,0.0302,0.6204
CLUBS EIGHT DIAMONDS TEN,0.3266,0.027,0.6464
SPADES TEN DIAMONDS ACE,0.341,0.0054,0.6536
SPADES ACE HEARTS SIX,0.3464,0.0042,0.6494
HEARTS SEVEN DIAMONDS QUEEN,0.3452,0.0138,0.641
SPADES KING DIAMONDS KING,0.1414,0.024,0.8346
HEARTS ACE HEARTS QUEEN,0.3182,0.0048,0.677
CLUBS JACK CLUBS SIX,0.3214,0.019,0.6596
DIAMONDS KING DIAMONDS FIVE,0.3228,0.011,0.6662
CLUBS NINE DIAMONDS QUEEN,0.3316,0.0146,0.6538
SPADES EIGHT SPADES FIVE,0.3088,0.067,0.6242
HEARTS SIX DIAMONDS EIGHT,0.3296,0.0592,0.6112
SPADES TEN SPADES TWO,0.2496,0.076,0.6744
HEARTS EIGHT DIAMONDS QUEEN,0.3434,0.0128,0.6438
DIAMONDS TWO CLUBS KING,0.2702,0.0306,0.6992
SPADES JACK DIAMONDS FIVE,0.3412,0.0218,0.637
CLUBS JACK SPADES FIVE,0.3468,0.0206,0.6326
CLUBS JACK DIAMONDS QUEEN,0.3366,0.01,0.6534
CLUBS NINE HEARTS TEN,0.3292,0.0282,0.6426
HEARTS EIGHT SPADES SEVEN,0.3198,0.06,0.6202
HEARTS SIX CLUBS THREE,0.3464,0.158,0.4956
HEARTS FIVE SPADES TWO,0.2168,0.3838,0.3994
HEARTS FOUR CLUBS FOUR,0.0762,0.1452,0.7786
DIAMONDS TEN CLUBS QUEEN,0.3314,0.0112,0.6574
SPADES EIGHT CLUBS KING,0.3472,0.0082,0.6446
SPADES SIX CLUBS TWO,0.2328,0.2768,0.4904
DIAMONDS TEN DIAMONDS EIGHT,0.3172,0.0256,0.6572
HEARTS FIVE CLUBS KING,0.3388,0.0096,0.6516
HEARTS SIX SPADES SIX,0.134,0.1296,0.7364
CLUBS TWO SPADES TWO,0.2468,0.1228,0.6304
SPADES JACK HEARTS FOUR,0.2474,0.0698,0.6828
CLUBS EIGHT SPADES TWO,0.2546,0.1438,0.6016
SPADES TEN CLUBS ACE,0.3458,0.0054,0.6488
CLUBS TWO HEARTS NINE,0.2624,0.1022,0.6354
SPADES QUEEN DIAMONDS JACK,0.3382,0.0112,0.6506
HEARTS FOUR HEARTS KING,0.2334,0.0378,0.7288
CLUBS FIVE DIAMONDS QUEEN,0.3384,0.0162,0.6454
HEARTS JACK DIAMONDS SIX,0.3402,0.0198,0.64
CLUBS SEVEN DIAMONDS ACE,0.3488,0.004,0.6472
SPADES QUEEN SPADES TWO,0.2408,0.0378,0.7214
HEARTS THREE HEARTS TEN,0.3586,0.0316,0.6098
DIAMONDS QUEEN DIAMONDS JACK,0.3242,0.013,0.6628
DIAMONDS TEN HEARTS KING,0.33,0.0078,0.6622
SPADES SEVEN DIAMONDS KING,0.341,0.01,0.649
CLUBS NINE HEARTS THREE,0.353,0.0438,0.6032
DIAMONDS TWO HEARTS ACE,0.2296,0.0134,0.757
SPADES ACE CLUBS EIGHT,0.3414,0.0058,0.6528
DIAMONDS KING DIAMONDS TEN,0.3364,0.0096,0.654
SPADES ACE DIAMONDS ACE,0.1324,0.005,0.8626
SPADES JACK DIAMONDS ACE,0.3398,0.0062,0.654
SPADES JACK DIAMONDS EIGHT,0.3482,0.0178,0.634
CLUBS TWO HEARTS ACE,0.2392,0.0154,0.7454
CLUBS TWO HEARTS TEN,0.2704,0.0748,0.6548
SPADES EIGHT SPADES THREE,0.3474,0.0652,0.5874
CLUBS NINE CLUBS FOUR,0.2482,0.1058,0.646
HEARTS FOUR CLUBS KING,0.2468,0.0338,0.7194
CLUBS SEVEN HEARTS KING,0.351,0.0092,0.6398
SPADES QUEEN SPADES JACK,0.3284,0.0112,0.6604
CLUBS EIGHT SPADES THREE,0.3734,0.0708,0.5558
DIAMONDS KING HEARTS TEN,0.336,0.0068,0.6572
CLUBS NINE HEARTS JACK,0.3364,0.016,0.6476
SPADES TEN SPADES SIX,0.3164,0.031,0.6526
DIAMONDS TEN HEARTS TEN,0.142,0.0734,0.7846
SPADES SEVEN SPADES THREE,0.3406,0.1002,0.5592
SPADES KING CLUBS QUEEN,0.3526,0.0066,0.6408
CLUBS JACK CLUBS KING,0.3316,0.0084,0.66
CLUBS TEN SPADES THREE,0.3736,0.0338,0.5926
HEARTS ACE DIAMONDS NINE,0.337,0.0078,0.6552
SPADES EIGHT DIAMONDS NINE,0.3268,0.0374,0.6358
SPADES SEVEN SPADES FIVE,0.296,0.0928,0.6112
HEARTS SIX HEARTS JACK,0.33,0.0222,0.6478
DIAMONDS TWO SPADES EIGHT,0.2566,0.1518,0.5916
HEARTS SEVEN SPADES TWO,0.2582,0.1984,0.5434
DIAMONDS QUEEN SPADES FOUR,0.2402,0.0498,0.71
CLUBS NINE SPADES FIVE,0.3368,0.0464,0.6168
CLUBS SEVEN SPADES TWO,0.2632,0.1936,0.5432
SPADES SEVEN DIAMONDS QUEEN,0.345,0.0144,0.6406
CLUBS TEN DIAMONDS QUEEN,0.3236,0.0096,0.6668
SPADES JACK CLUBS KING,0.352,0.0072,0.6408
DIAMONDS TWO SPADES NINE,0.2632,0.1086,0.6282
DIAMONDS ACE DIAMONDS NINE,0.3246,0.0062,0.6692
HEARTS THREE CLUBS FIVE,0.3196,0.2486,0.4318
SPADES ACE HEARTS ACE,0.1304,0.0048,0.8648
HEARTS SEVEN CLUBS ACE,0.3402,0.0064,0.6534
DIAMONDS TWO CLUBS SIX,0.249,0.2626,0.4884
HEARTS EIGHT DIAMONDS SEVEN,0.3244,0.0616,0.614
SPADES ACE CLUBS ACE,0.1396,0.0044,0.856
CLUBS TEN SPADES NINE,0.332,0.0192,0.6488
DIAMONDS THREE HEARTS FIVE,0.3266,0.2614,0.412
DIAMONDS THREE CLUBS ACE,0.3618,0.0076,0.6306
DIAMONDS JACK DIAMONDS NINE,0.3218,0.0164,0.6618
SPADES JACK DIAMONDS SIX,0.3448,0.0206,0.6346
DIAMONDS TWO CLUBS FOUR,0.0184,0.9698,0.0118
DIAMONDS THREE SPADES SIX,0.3572,0.1644,0.4784
SPADES FOUR CLUBS QUEEN,0.2536,0.0444,0.702
SPADES ACE SPADES TWO,0.2324,0.013,0.7546
HEARTS SEVEN CLUBS EIGHT,0.314,0.0608,0.6252
DIAMONDS TEN DIAMONDS FIVE,0.3292,0.0296,0.6412
SPADES JACK SPADES EIGHT,0.3098,0.0162,0.674
CLUBS FIVE HEARTS ACE,0.3198,0.0056,0.6746
DIAMONDS TEN CLUBS KING,0.3346,0.0084,0.657
CLUBS FIVE HEARTS JACK,0.3396,0.0212,0.6392
CLUBS SEVEN SPADES SIX,0.3224,0.0934,0.5842
DIAMONDS SEVEN DIAMONDS FIVE,0.3088,0.0932,0.598
SPADES QUEEN CLUBS FOUR,0.264,0.0498,0.6862
SPADES QUEEN HEARTS SIX,0.342,0.0134,0.6446
SPADES JACK CLUBS QUEEN,0.3396,0.0116,0.6488
CLUBS FIVE DIAMONDS SIX,0.3032,0.1454,0.5514
CLUBS TEN HEARTS KING,0.3268,0.0082,0.665
HEARTS SEVEN HEARTS SIX,0.3016,0.0974,0.601
SPADES ACE CLUBS KING,0.3426,0.0048,0.6526
CLUBS EIGHT SPADES TEN,0.3422,0.029,0.6288
HEARTS EIGHT DIAMONDS JACK,0.34,0.017,0.643
SPADES NINE HEARTS KING,0.3448,0.0086,0.6466
HEARTS SIX SPADES TEN,0.3376,0.0314,0.631
SPADES QUEEN DIAMONDS TEN,0.3322,0.0148,0.653
SPADES JACK DIAMONDS TEN,0.3196,0.0198,0.6606
CLUBS JACK CLUBS FIVE,0.3196,0.021,0.6594
DIAMONDS TWO HEARTS NINE,0.2612,0.1002,0.6386
SPADES QUEEN CLUBS FIVE,0.3522,0.0158,0.632
DIAMONDS QUEEN DIAMONDS EIGHT,0.3238,0.0126,0.6636
CLUBS NINE SPADES JACK,0.3474,0.0162,0.6364
HEARTS FOUR HEARTS ACE,0.2252,0.0214,0.7534
HEARTS FIVE DIAMONDS SEVEN,0.3176,0.1066,0.5758
HEARTS FIVE SPADES FOUR,0.2134,0.3772,0.4094
CLUBS FOUR DIAMONDS QUEEN,0.2488,0.049,0.7022
HEARTS FOUR HEARTS TEN,0.246,0.0756,0.6784
SPADES QUEEN SPADES EIGHT,0.3356,0.0092,0.6552
SPADES EIGHT SPADES SEVEN,0.3114,0.0524,0.6362
DIAMONDS ACE SPADES FOUR,0.2242,0.024,0.7518
SPADES KING HEARTS SIX,0.3476,0.0092,0.6432
SPADES NINE SPADES SEVEN,0.312,0.0364,0.6516
SPADES EIGHT HEARTS KING,0.3362,0.0094,0.6544
HEARTS SIX CLUBS SIX,0.1302,0.1268,0.743
DIAMONDS NINE DIAMONDS FIVE,0.3328,0.0416,0.6256
DIAMONDS THREE HEARTS SIX,0.3452,0.1594,0.4954
CLUBS JACK HEARTS QUEEN,0.3434,0.0094,0.6472
SPADES TEN SPADES THREE,0.3466,0.0358,0.6176
HEARTS JACK CLUBS QUEEN,0.334,0.0088,0.6572
HEARTS SIX DIAMONDS SIX,0.125,0.1342,0.7408
SPADES KING SPADES TEN,0.3144,0.0078,0.6778
CLUBS EIGHT SPADES SEVEN,0.3208,0.0562,0.623
CLUBS SIX DIAMONDS TEN,0.3354,0.0316,0.633
SPADES JACK CLUBS THREE,0.3784,0.018,0.6036
HEARTS KING HEARTS TEN,0.318,0.0086,0.6734
SPADES QUEEN CLUBS TWO,0.2672,0.0386,0.6942
CLUBS TEN SPADES FIVE,0.3458,0.0288,0.6254
SPADES ACE CLUBS THREE,0.3424,0.006,0.6516
CLUBS TWO DIAMONDS EIGHT,0.2576,0.1494,0.593
SPADES KING HEARTS ACE,0.346,0.006,0.648
SPADES FIVE CLUBS QUEEN,0.3492,0.0132,0.6376
HEARTS THREE SPADES THREE,0.2104,0.1646,0.625
CLUBS SIX DIAMONDS NINE,0.3394,0.0428,0.6178
CLUBS EIGHT HEARTS ACE,0.3478,0.0046,0.6476
SPADES ACE SPADES SIX,0.321,0.004,0.675
SPADES QUEEN SPADES SIX,0.3194,0.0138,0.6668
CLUBS THREE SPADES FIVE,0.3292,0.247,0.4238
HEARTS JACK CLUBS KING,0.3378,0.0076,0.6546
DIAMONDS JACK CLUBS KING,0.3396,0.0078,0.6526
DIAMONDS NINE SPADES TWO,0.2538,0.1006,0.6456
CLUBS SIX DIAMONDS EIGHT,0.3356,0.0686,0.5958
SPADES EIGHT HEARTS NINE,0.3244,0.0392,0.6364
SPADES FOUR HEARTS ACE,0.2274,0.0214,0.7512
HEARTS SIX DIAMONDS FIVE,0.2916,0.1568,0.5516
HEARTS SEVEN SPADES JACK,0.3368,0.0186,0.6446
SPADES THREE DIAMONDS FIVE,0.31,0.2614,0.4286
CLUBS NINE SPADES FOUR,0.261,0.104,0.635
HEARTS ACE CLUBS ACE,0.1332,0.0034,0.8634
HEARTS SIX HEARTS FIVE,0.2976,0.133,0.5694
CLUBS JACK CLUBS EIGHT,0.3174,0.02,0.6626
CLUBS EIGHT CLUBS TWO,0.249,0.1384,0.6126
HEARTS EIGHT HEARTS SEVEN,0.3088,0.0578,0.6334
SPADES ACE DIAMONDS THREE,0.358,0.0046,0.6374
CLUBS JACK SPADES SIX,0.3532,0.0192,0.6276
DIAMONDS TWO DIAMONDS NINE,0.2504,0.0978,0.6518
CLUBS TWO DIAMONDS JACK,0.2542,0.0564,0.6894
CLUBS TEN HEARTS SIX,0.3502,0.027,0.6228
DIAMONDS JACK SPADES TWO,0.2622,0.0532,0.6846
CLUBS SIX CLUBS FOUR,0.2224,0.2538,0.5238
DIAMONDS QUEEN HEARTS JACK,0.3318,0.0134,0.6548
CLUBS TEN CLUBS EIGHT,0.3242,0.024,0.6518
HEARTS SIX DIAMONDS ACE,0.3256,0.007,0.6674
SPADES KING SPADES TWO,0.2436,0.0274,0.729
SPADES TEN DIAMONDS JACK,0.3324,0.0158,0.6518
SPADES THREE HEARTS JACK,0.375,0.0212,0.6038
CLUBS NINE HEARTS KING,0.3504,0.011,0.6386
SPADES SEVEN CLUBS THREE,0.362,0.106,0.532
CLUBS THREE DIAMONDS FIVE,0.3328,0.2486,0.4186
DIAMONDS TWO DIAMONDS QUEEN,0.2662,0.0364,0.6974
CLUBS THREE CLUBS TWO,0.2668,0.4712,0.262
HEARTS SEVEN DIAMONDS TWO,0.2538,0.1988,0.5474
HEARTS EIGHT CLUBS NINE,0.3362,0.0388,0.625
SPADES TEN HEARTS JACK,0.3368,0.0136,0.6496
CLUBS THREE CLUBS ACE,0.3326,0.0066,0.6608
CLUBS NINE SPADES NINE,0.1494,0.0786,0.772
CLUBS FOUR SPADES FIVE,0.2168,0.3634,0.4198
DIAMONDS TWO CLUBS THREE,0.2838,0.5054,0.2108
CLUBS JACK HEARTS FIVE,0.342,0.0196,0.6384
CLUBS THREE DIAMONDS NINE,0.3608,0.047,0.5922
DIAMONDS THREE CLUBS TEN,0.3726,0.0314,0.596
SPADES JACK SPADES TWO,0.2544,0.0462,0.6994
SPADES JACK DIAMONDS SEVEN,0.3378,0.0188,0.6434
DIAMONDS TWO HEARTS SIX,0.2464,0.2708,0.4828
HEARTS SEVEN SPADES SEVEN,0.1446,0.1194,0.736
CLUBS TEN CLUBS KING,0.3176,0.0086,0.6738
HEARTS EIGHT SPADES SIX,0.3398,0.0628,0.5974
HEARTS THREE SPADES TWO,0.263,0.516,0.221
SPADES TEN SPADES FOUR,0.239,0.0812,0.6798
SPADES SEVEN CLUBS FOUR,0.2388,0.1998,0.5614
SPADES SIX DIAMONDS FIVE,0.303,0.1552,0.5418
SPADES TEN CLUBS SIX,0.3378,0.0294,0.6328
SPADES SEVEN HEARTS QUEEN,0.3512,0.015,0.6338
CLUBS FOUR HEARTS TEN,0.2446,0.086,0.6694
DIAMONDS ACE SPADES FIVE,0.3086,0.0054,0.686
DIAMONDS KING CLUBS ACE,0.3422,0.0062,0.6516
SPADES TEN HEARTS NINE,0.337,0.0276,0.6354
SPADES NINE CLUBS FIVE,0.3502,0.0464,0.6034
CLUBS JACK SPADES TWO,0.267,0.0536,0.6794
SPADES FOUR CLUBS ACE,0.236,0.0262,0.7378
SPADES JACK CLUBS SIX,0.3578,0.0168,0.6254
SPADES SIX SPADES FOUR,0.2274,0.2594,0.5132
DIAMONDS THREE DIAMONDS FIVE,0.311,0.2444,0.4446
DIAMONDS ACE DIAMONDS TEN,0.321,0.007,0.672
CLUBS SIX HEARTS THREE,0.3578,0.1614,0.4808
HEARTS SEVEN CLUBS FOUR,0.236,0.205,0.559
DIAMONDS NINE HEARTS JACK,0.3308,0.0196,0.6496
SPADES QUEEN DIAMONDS NINE,0.339,0.0106,0.6504
SPADES JACK DIAMONDS JACK,0.1474,0.0554,0.7972
SPADES FOUR CLUBS KING,0.2546,0.0328,0.7126
HEARTS SEVEN SPADES FIVE,0.3228,0.1096,0.5676
DIAMONDS JACK DIAMONDS FIVE,0.3108,0.0234,0.6658
CLUBS SEVEN HEARTS TEN,0.3224,0.0274,0.6502
SPADES FOUR DIAMONDS FIVE,0.2144,0.3628,0.4228
HEARTS NINE DIAMONDS FIVE,0.3372,0.0446,0.6182
HEARTS SIX HEARTS THREE,0.3208,0.1574,0.5218
SPADES KING DIAMONDS NINE,0.331,0.0098,0.6592
SPADES NINE CLUBS KING,0.3538,0.0078,0.6384
DIAMONDS JACK HEARTS NINE,0.3186,0.0176,0.6638
SPADES ACE SPADES TEN,0.3196,0.0056,0.6748
DIAMONDS THREE SPADES FIVE,0.3404,0.245,0.4146
CLUBS QUEEN DIAMONDS FIVE,0.338,0.0142,0.6478
HEARTS FIVE CLUBS THREE,0.3266,0.2504,0.423
CLUBS NINE SPADES SIX,0.3392,0.0474,0.6134
HEARTS QUEEN HEARTS JACK,0.3198,0.013,0.6672
SPADES SEVEN DIAMONDS NINE,0.3336,0.044,0.6224
CLUBS EIGHT CLUBS KING,0.3266,0.0104,0.663
CLUBS FOUR HEARTS ACE,0.2326,0.0262,0.7412
SPADES FOUR SPADES TWO,0.0186,0.9096,0.0718
CLUBS JACK DIAMONDS TWO,0.269,0.0532,0.6778
CLUBS THREE DIAMONDS EIGHT,0.362,0.0678,0.5702
DIAMONDS ACE CLUBS TWO,0.2326,0.0186,0.7488
DIAMONDS TEN DIAMONDS NINE,0.3114,0.0246,0.664
SPADES SEVEN HEARTS KING,0.3416,0.0098,0.6486
SPADES QUEEN CLUBS SEVEN,0.344,0.0134,0.6426
SPADES NINE DIAMONDS ACE,0.3442,0.0056,0.6502
SPADES QUEEN HEARTS FIVE,0.3336,0.0176,0.6488
CLUBS TWO HEARTS JACK,0.2706,0.0538,0.6756
DIAMONDS TEN HEARTS QUEEN,0.3376,0.011,0.6514
SPADES NINE DIAMONDS KING,0.3364,0.0076,0.656
CLUBS FIVE SPADES SIX,0.3112,0.1594,0.5294
SPADES KING SPADES SEVEN,0.3124,0.011,0.6766
SPADES TEN DIAMONDS TEN,0.1488,0.0692,0.782
SPADES EIGHT HEARTS ACE,0.342,0.006,0.652
CLUBS TWO SPADES FOUR,0.022,0.9558,0.0222
CLUBS THREE DIAMONDS QUEEN,0.3792,0.0172,0.6036
CLUBS FIVE SPADES SEVEN,0.322,0.1116,0.5664
HEARTS THREE SPADES FOUR,0.2108,0.5118,0.2774
SPADES SEVEN HEARTS TEN,0.3374,0.0256,0.637
HEARTS SIX HEARTS NINE,0.3338,0.0454,0.6208
SPADES KING HEARTS TEN,0.3334,0.009,0.6576
CLUBS FIVE CLUBS ACE,0.3042,0.0062,0.6896
SPADES KING SPADES FIVE,0.3272,0.0102,0.6626
SPADES NINE CLUBS TWO,0.27,0.1074,0.6226
DIAMONDS SEVEN CLUBS KING,0.3526,0.008,0.6394
CLUBS SIX DIAMONDS JACK,0.3516,0.019,0.6294
HEARTS THREE SPADES SIX,0.3378,0.172,0.4902
DIAMONDS THREE CLUBS NINE,0.3732,0.0534,0.5734
CLUBS SEVEN HEARTS NINE,0.322,0.041,0.637
SPADES FIVE HEARTS JACK,0.3358,0.0182,0.646
CLUBS QUEEN HEARTS NINE,0.3396,0.0122,0.6482
HEARTS THREE CLUBS THREE,0.2044,0.1628,0.6328
CLUBS ACE CLUBS QUEEN,0.3248,0.0048,0.6704
CLUBS TEN SPADES QUEEN,0.3402,0.0108,0.649
CLUBS JACK DIAMONDS ACE,0.336,0.0046,0.6594
CLUBS NINE DIAMONDS JACK,0.3248,0.0204,0.6548
HEARTS SEVEN DIAMONDS FIVE,0.3146,0.1034,0.582
SPADES ACE CLUBS QUEEN,0.3448,0.0038,0.6514
SPADES TEN SPADES SEVEN,0.3232,0.0284,0.6484
DIAMONDS QUEEN HEARTS TEN,0.3342,0.0114,0.6544
DIAMONDS TWO SPADES FIVE,0.2214,0.3806,0.398
SPADES JACK DIAMONDS KING,0.34,0.0082,0.6518
HEARTS FIVE SPADES SIX,0.3078,0.1622,0.53
HEARTS FOUR SPADES THREE,0.2112,0.5154,0.2734
CLUBS TWO DIAMONDS FIVE,0.2212,0.3736,0.4052
CLUBS THREE DIAMONDS JACK,0.375,0.0228,0.6022
HEARTS EIGHT HEARTS ACE,0.3298,0.0064,0.6638
DIAMONDS KING CLUBS KING,0.1498,0.0186,0.8316
DIAMONDS THREE DIAMONDS ACE,0.3442,0.0062,0.6496
SPADES NINE HEARTS QUEEN,0.3334,0.0124,0.6542
HEARTS FIVE HEARTS KING,0.323,0.0084,0.6686
SPADES FIVE HEARTS TEN,0.3388,0.0328,0.6284
SPADES QUEEN CLUBS KING,0.342,0.0076,0.6504
DIAMONDS ACE HEARTS JACK,0.3342,0.0064,0.6594
HEARTS FOUR SPADES FOUR,0.0732,0.1398,0.787
CLUBS SEVEN DIAMONDS NINE,0.3342,0.0412,0.6246
CLUBS EIGHT DIAMONDS SEVEN,0.3106,0.064,0.6254
CLUBS TEN CLUBS TWO,0.2482,0.0728,0.679
HEARTS SIX SPADES EIGHT,0.3278,0.0618,0.6104
HEARTS FOUR CLUBS TWO,0.012,0.9696,0.0184
SPADES ACE CLUBS JACK,0.347,0.005,0.648
CLUBS ACE HEARTS NINE,0.3366,0.0052,0.6582
CLUBS SEVEN SPADES THREE,0.3592,0.1002,0.5406
HEARTS ACE DIAMONDS TEN,0.3414,0.0054,0.6532
CLUBS ACE HEARTS JACK,0.348,0.005,0.647
SPADES SEVEN SPADES FOUR,0.2244,0.1892,0.5864
CLUBS SEVEN CLUBS QUEEN,0.3288,0.0104,0.6608
SPADES SEVEN DIAMONDS JACK,0.3472,0.0212,0.6316
CLUBS EIGHT SPADES FOUR,0.267,0.1484,0.5846
CLUBS TWO DIAMONDS SIX,0.2452,0.2682,0.4866
SPADES ACE HEARTS THREE,0.3484,0.0056,0.646
SPADES ACE HEARTS FOUR,0.2354,0.0204,0.7442
DIAMONDS NINE CLUBS QUEEN,0.3298,0.0112,0.659
CLUBS SIX SPADES TWO,0.254,0.2642,0.4818
CLUBS NINE HEARTS ACE,0.3408,0.0054,0.6538
HEARTS SIX CLUBS TWO,0.2472,0.2662,0.4866
HEARTS SEVEN CLUBS QUEEN,0.3482,0.0126,0.6392
HEARTS FIVE DIAMONDS JACK,0.3262,0.021,0.6528
CLUBS FOUR DIAMONDS JACK,0.2456,0.0632,0.6912
SPADES KING DIAMONDS EIGHT,0.3352,0.0072,0.6576
CLUBS TEN DIAMONDS ACE,0.3304,0.0048,0.6648
CLUBS JACK SPADES KING,0.3432,0.0088,0.648
SPADES JACK HEARTS QUEEN,0.3394,0.012,0.6486
SPADES EIGHT SPADES TWO,0.2472,0.1364,0.6164
HEARTS FIVE HEARTS FOUR,0.2048,0.3568,0.4384
SPADES JACK HEARTS ACE,0.3344,0.0052,0.6604
HEARTS FIVE CLUBS FIVE,0.104,0.1562,0.7398
DIAMONDS ACE DIAMONDS EIGHT,0.3328,0.0058,0.6614
HEARTS SIX SPADES SEVEN,0.3172,0.1018,0.581
DIAMONDS NINE HEARTS TEN,0.3262,0.0226,0.6512
HEARTS TEN DIAMONDS FIVE,0.3324,0.0346,0.633
SPADES JACK SPADES NINE,0.3128,0.0164,0.6708
SPADES NINE CLUBS QUEEN,0.3308,0.0116,0.6576
HEARTS ACE HEARTS KING,0.3272,0.0056,0.6672
DIAMONDS KING HEARTS KING,0.1372,0.0244,0.8384
HEARTS JACK DIAMONDS SEVEN,0.339,0.0192,0.6418
SPADES KING CLUBS SIX,0.347,0.0076,0.6454
HEARTS EIGHT DIAMONDS NINE,0.3178,0.0338,0.6484
HEARTS ACE DIAMONDS EIGHT,0.3274,0.0062,0.6664
SPADES THREE CLUBS ACE,0.3508,0.0044,0.6448
HEARTS SIX SPADES THREE,0.3426,0.163,0.4944
HEARTS THREE CLUBS ACE,0.359,0.0082,0.6328
CLUBS TEN SPADES TWO,0.2628,0.0688,0.6684
HEARTS SEVEN SPADES EIGHT,0.3268,0.0582,0.615
SPADES KING DIAMONDS ACE,0.349,0.0062,0.6448
CLUBS SIX DIAMONDS ACE,0.3398,0.0054,0.6548
SPADES TEN DIAMONDS KING,0.3266,0.0088,0.6646
DIAMONDS SEVEN DIAMONDS SIX,0.305,0.098,0.597
CLUBS TEN CLUBS QUEEN,0.3218,0.0092,0.669
HEARTS KING DIAMONDS SEVEN,0.3378,0.007,0.6552
SPADES TWO HEARTS TEN,0.2596,0.076,0.6644
SPADES EIGHT SPADES FOUR,0.2406,0.1374,0.622
SPADES EIGHT CLUBS FOUR,0.2596,0.1434,0.597
SPADES JACK SPADES SEVEN,0.3308,0.019,0.6502
SPADES EIGHT DIAMONDS JACK,0.3496,0.02,0.6304
CLUBS JACK SPADES QUEEN,0.3462,0.012,0.6418
CLUBS FOUR HEARTS JACK,0.241,0.0562,0.7028
CLUBS FOUR SPADES FOUR,0.0808,0.1382,0.781
HEARTS QUEEN DIAMONDS EIGHT,0.3414,0.0124,0.6462
SPADES SEVEN DIAMONDS SEVEN,0.1338,0.1196,0.7466
DIAMONDS TEN SPADES THREE,0.364,0.0336,0.6024
HEARTS SEVEN SPADES TEN,0.3352,0.0258,0.639
HEARTS SEVEN HEARTS TEN,0.3314,0.0278,0.6408
DIAMONDS EIGHT CLUBS KING,0.3438,0.0074,0.6488
DIAMONDS ACE DIAMONDS SEVEN,0.336,0.0076,0.6564
DIAMONDS KING HEARTS JACK,0.3428,0.0098,0.6474
SPADES EIGHT DIAMONDS KING,0.3514,0.0078,0.6408
CLUBS THREE DIAMONDS TEN,0.363,0.035,0.602
DIAMONDS NINE HEARTS NINE,0.1354,0.084,0.7806
CLUBS NINE DIAMONDS SEVEN,0.3244,0.043,0.6326
SPADES TEN CLUBS TWO,0.2796,0.0716,0.6488
CLUBS KING DIAMONDS FIVE,0.3388,0.0118,0.6494
CLUBS NINE SPADES THREE,0.3714,0.0458,0.5828
CLUBS FIVE CLUBS FOUR,0.212,0.3492,0.4388
DIAMONDS THREE DIAMONDS JACK,0.358,0.0212,0.6208
CLUBS FIVE HEARTS NINE,0.34,0.0468,0.6132
CLUBS FIVE DIAMONDS SEVEN,0.3216,0.1004,0.578
HEARTS QUEEN CLUBS KING,0.3428,0.0088,0.6484
HEARTS SIX SPADES FOUR,0.237,0.2802,0.4828
SPADES NINE DIAMONDS EIGHT,0.3288,0.0348,0.6364
HEARTS KING CLUBS KING,0.141,0.018,0.841
CLUBS TEN CLUBS SEVEN,0.3284,0.028,0.6436
CLUBS SIX HEARTS JACK,0.3612,0.0188,0.62
DIAMONDS JACK SPADES THREE,0.364,0.0208,0.6152
CLUBS EIGHT SPADES NINE,0.3282,0.0416,0.6302
HEARTS QUEEN DIAMONDS FIVE,0.339,0.0162,0.6448
DIAMONDS THREE HEARTS QUEEN,0.3648,0.0156,0.6196
SPADES KING DIAMONDS FIVE,0.3332,0.0118,0.655
SPADES ACE SPADES EIGHT,0.32,0.0052,0.6748
CLUBS NINE CLUBS THREE,0.3468,0.0436,0.6096
CLUBS KING HEARTS NINE,0.34,0.0078,0.6522
DIAMONDS TWO HEARTS QUEEN,0.253,0.0382,0.7088
SPADES SIX SPADES FIVE,0.2892,0.1456,0.5652
SPADES QUEEN DIAMONDS ACE,0.331,0.0068,0.6622
SPADES EIGHT CLUBS THREE,0.3904,0.0752,0.5344
SPADES ACE DIAMONDS QUEEN,0.342,0.006,0.652
CLUBS FIVE DIAMONDS JACK,0.3386,0.0182,0.6432
DIAMONDS TEN HEARTS NINE,0.317,0.0286,0.6544
HEARTS SIX CLUBS QUEEN,0.3454,0.0124,0.6422
DIAMONDS KING DIAMONDS JACK,0.3134,0.012,0.6746
CLUBS FOUR DIAMONDS NINE,0.2488,0.1124,0.6388
HEARTS THREE CLUBS TWO,0.2612,0.5196,0.2192
SPADES ACE SPADES JACK,0.3232,0.0038,0.673
HEARTS EIGHT CLUBS EIGHT,0.1338,0.1052,0.761
DIAMONDS NINE CLUBS KING,0.339,0.0082,0.6528
CLUBS EIGHT DIAMONDS ACE,0.3504,0.0042,0.6454
DIAMONDS TWO DIAMONDS FIVE,0.2206,0.362,0.4174
SPADES ACE DIAMONDS KING,0.3574,0.0052,0.6374
SPADES NINE CLUBS ACE,0.3434,0.0052,0.6514
HEARTS SEVEN CLUBS SEVEN,0.137,0.1052,0.7578
HEARTS EIGHT CLUBS FOUR,0.2454,0.1438,0.6108
DIAMONDS QUEEN CLUBS TWO,0.2626,0.039,0.6984
DIAMONDS TEN DIAMONDS SEVEN,0.3208,0.0244,0.6548
SPADES KING DIAMONDS SEVEN,0.3362,0.0076,0.6562
CLUBS NINE HEARTS NINE,0.141,0.083,0.776
SPADES FIVE HEARTS NINE,0.3362,0.047,0.6168
CLUBS EIGHT HEARTS THREE,0.3688,0.069,0.5622
SPADES TEN CLUBS SEVEN,0.3398,0.0286,0.6316
HEARTS SIX DIAMONDS KING,0.3276,0.0106,0.6618
HEARTS EIGHT CLUBS SIX,0.3278,0.065,0.6072
DIAMONDS ACE HEARTS NINE,0.335,0.0042,0.6608
SPADES KING CLUBS SEVEN,0.3374,0.006,0.6566
DIAMONDS EIGHT HEARTS TEN,0.3356,0.0274,0.637
DIAMONDS TWO DIAMONDS ACE,0.229,0.0174,0.7536
HEARTS FIVE SPADES TEN,0.3388,0.0326,0.6286
SPADES NINE DIAMONDS NINE,0.1364,0.0818,0.7818
HEARTS SIX DIAMONDS JACK,0.3354,0.0206,0.644
HEARTS FIVE DIAMONDS FIVE,0.113,0.1466,0.7404
DIAMONDS KING SPADES FIVE,0.3464,0.0098,0.6438
SPADES JACK HEARTS NINE,0.3278,0.017,0.6552
CLUBS TWO CLUBS ACE,0.2338,0.0102,0.756
SPADES TEN CLUBS QUEEN,0.3288,0.0104,0.6608
HEARTS SEVEN CLUBS THREE,0.352,0.117,0.531
CLUBS NINE DIAMONDS NINE,0.1432,0.0784,0.7784
SPADES JACK CLUBS FOUR,0.2538,0.057,0.6892
HEARTS EIGHT HEARTS SIX,0.3186,0.0608,0.6206
SPADES ACE HEARTS QUEEN,0.3444,0.0036,0.652
SPADES NINE SPADES FOUR,0.2496,0.1074,0.643
SPADES ACE SPADES NINE,0.3142,0.0064,0.6794
CLUBS FOUR CLUBS QUEEN,0.252,0.0446,0.7034
CLUBS EIGHT DIAMONDS EIGHT,0.1428,0.1054,0.7518
SPADES ACE DIAMONDS FIVE,0.325,0.0052,0.6698
HEARTS THREE DIAMONDS TEN,0.3694,0.0304,0.6002
SPADES KING CLUBS TWO,0.2626,0.0266,0.7108
SPADES KING DIAMONDS TWO,0.267,0.0286,0.7044
HEARTS SEVEN CLUBS FIVE,0.326,0.1038,0.5702
HEARTS FOUR DIAMONDS SIX,0.2208,0.286,0.4932
HEARTS EIGHT SPADES TWO,0.255,0.1406,0.6044
CLUBS FIVE DIAMONDS EIGHT,0.3298,0.0738,0.5964
HEARTS SEVEN CLUBS TWO,0.2508,0.209,0.5402
SPADES SIX HEARTS QUEEN,0.3454,0.0126,0.642
CLUBS SIX HEARTS QUEEN,0.3416,0.0152,0.6432
DIAMONDS JACK HEARTS JACK,0.1396,0.0588,0.8016
HEARTS EIGHT DIAMONDS EIGHT,0.1382,0.1058,0.756
CLUBS SEVEN DIAMONDS FIVE,0.3102,0.1082,0.5816
HEARTS FOUR DIAMONDS QUEEN,0.2456,0.0482,0.7062
CLUBS SEVEN CLUBS FIVE,0.3056,0.0974,0.597
HEARTS EIGHT HEARTS KING,0.3256,0.0104,0.664
DIAMONDS THREE HEARTS JACK,0.362,0.0236,0.6144
CLUBS SIX SPADES EIGHT,0.3316,0.0652,0.6032
DIAMONDS ACE CLUBS QUEEN,0.3436,0.0048,0.6516
SPADES THREE DIAMONDS SIX,0.3382,0.1698,0.492
SPADES KING HEARTS FOUR,0.2434,0.0388,0.7178
CLUBS JACK HEARTS SEVEN,0.3354,0.0168,0.6478
CLUBS EIGHT HEARTS TEN,0.3408,0.0208,0.6384
CLUBS SEVEN DIAMONDS KING,0.3488,0.0084,0.6428
HEARTS SIX SPADES NINE,0.3356,0.0454,0.619
SPADES ACE HEARTS SEVEN,0.3356,0.004,0.6604
SPADES SIX HEARTS KING,0.346,0.0102,0.6438
CLUBS KING CLUBS QUEEN,0.3174,0.0104,0.6722
CLUBS NINE SPADES TEN,0.337,0.0226,0.6404
SPADES KING DIAMONDS JACK,0.3406,0.0086,0.6508
SPADES FOUR DIAMONDS SEVEN,0.2286,0.215,0.5564
CLUBS SIX DIAMONDS QUEEN,0.3478,0.012,0.6402
CLUBS JACK DIAMONDS FIVE,0.3354,0.0192,0.6454
CLUBS ACE HEARTS TEN,0.3322,0.008,0.6598
SPADES SIX DIAMONDS JACK,0.3544,0.0194,0.6262
HEARTS SIX DIAMONDS NINE,0.341,0.048,0.611
CLUBS TEN CLUBS NINE,0.3094,0.0246,0.666
CLUBS NINE CLUBS ACE,0.3326,0.0052,0.6622
CLUBS SIX SPADES SEVEN,0.3208,0.0994,0.5798
CLUBS JACK HEARTS KING,0.3292,0.007,0.6638
DIAMONDS TEN HEARTS JACK,0.331,0.0184,0.6506
HEARTS QUEEN CLUBS ACE,0.3432,0.0042,0.6526
CLUBS FOUR DIAMONDS FIVE,0.2154,0.3666,0.418
HEARTS EIGHT DIAMONDS KING,0.34,0.0094,0.6506
DIAMONDS KING DIAMONDS NINE,0.3194,0.0072,0.6734
DIAMONDS QUEEN CLUBS KING,0.3404,0.0086,0.651
SPADES FOUR HEARTS JACK,0.252,0.0646,0.6834
DIAMONDS TEN CLUBS ACE,0.3398,0.005,0.6552
SPADES EIGHT DIAMONDS QUEEN,0.3422,0.0142,0.6436
SPADES SIX HEARTS TEN,0.3448,0.0286,0.6266
HEARTS FOUR CLUBS QUEEN,0.247,0.0444,0.7086
HEARTS SEVEN DIAMONDS KING,0.338,0.0092,0.6528
HEARTS FIVE CLUBS SEVEN,0.3226,0.1088,0.5686
SPADES EIGHT HEARTS QUEEN,0.3404,0.0134,0.6462
DIAMONDS THREE CLUBS THREE,0.2106,0.1716,0.6178
CLUBS EIGHT CLUBS ACE,0.326,0.0058,0.6682
SPADES THREE DIAMONDS EIGHT,0.3678,0.0684,0.5638
SPADES KING SPADES QUEEN,0.3168,0.0076,0.6756
SPADES KING HEARTS THREE,0.355,0.0074,0.6376
DIAMONDS ACE HEARTS ACE,0.1176,0.0058,0.8766
DIAMONDS THREE HEARTS NINE,0.3688,0.0452,0.586
CLUBS ACE DIAMONDS FIVE,0.3292,0.006,0.6648
HEARTS EIGHT HEARTS JACK,0.3214,0.0194,0.6592
HEARTS ACE CLUBS KING,0.3522,0.0044,0.6434
CLUBS SEVEN CLUBS THREE,0.3348,0.1074,0.5578
CLUBS ACE DIAMONDS SIX,0.3458,0.0042,0.65
DIAMONDS THREE CLUBS SEVEN,0.37,0.1072,0.5228
SPADES TEN SPADES EIGHT,0.3282,0.029,0.6428
HEARTS EIGHT HEARTS NINE,0.3314,0.0378,0.6308
CLUBS TEN DIAMONDS KING,0.3488,0.0084,0.6428
CLUBS NINE CLUBS SEVEN,0.3082,0.0416,0.6502
CLUBS SIX CLUBS KING,0.3114,0.0106,0.678
CLUBS TWO HEARTS QUEEN,0.2494,0.042,0.7086
CLUBS FIVE HEARTS TEN,0.3442,0.0278,0.628
SPADES NINE DIAMONDS QUEEN,0.3306,0.011,0.6584
SPADES FIVE DIAMONDS EIGHT,0.318,0.0728,0.6092
HEARTS ACE SPADES TWO,0.2368,0.017,0.7462
HEARTS FOUR DIAMONDS JACK,0.2396,0.0582,0.7022
CLUBS JACK DIAMONDS SIX,0.3546,0.0196,0.6258
DIAMONDS THREE SPADES TWO,0.2696,0.5162,0.2142
CLUBS SIX DIAMONDS FIVE,0.303,0.1622,0.5348
CLUBS SIX CLUBS TWO,0.2282,0.2564,0.5154
SPADES TEN HEARTS KING,0.3516,0.005,0.6434
SPADES ACE HEARTS NINE,0.3464,0.0044,0.6492
SPADES TEN DIAMONDS QUEEN,0.3366,0.0124,0.651
DIAMONDS KING SPADES FOUR,0.2452,0.0368,0.718
CLUBS NINE CLUBS QUEEN,0.3244,0.011,0.6646
HEARTS FIVE SPADES EIGHT,0.3248,0.0752,0.6
SPADES FIVE HEARTS KING,0.3458,0.0096,0.6446
CLUBS TEN HEARTS SEVEN,0.3364,0.0288,0.6348
HEARTS THREE DIAMONDS KING,0.3616,0.0112,0.6272
SPADES KING HEARTS KING,0.15,0.0202,0.8298
CLUBS FOUR DIAMONDS KING,0.2532,0.0384,0.7084
HEARTS KING DIAMONDS FIVE,0.3232,0.0102,0.6666
SPADES KING CLUBS NINE,0.346,0.0082,0.6458
DIAMONDS TWO CLUBS QUEEN,0.2662,0.0384,0.6954
DIAMONDS NINE DIAMONDS SIX,0.331,0.0404,0.6286
SPADES TWO DIAMONDS SEVEN,0.2556,0.2066,0.5378
SPADES QUEEN DIAMONDS SEVEN,0.3374,0.0142,0.6484
DIAMONDS TWO HEARTS THREE,0.261,0.534,0.205
DIAMONDS KING DIAMONDS SIX,0.3336,0.011,0.6554
SPADES THREE CLUBS QUEEN,0.3736,0.0156,0.6108
CLUBS NINE CLUBS KING,0.3184,0.0072,0.6744
DIAMONDS THREE CLUBS QUEEN,0.371,0.013,0.616
CLUBS SIX DIAMONDS SIX,0.125,0.1396,0.7354
