opposingHand,winningChance,drawChance,lostChance
DIAMONDS FOUR CLUBS KING
HEARTS FIVE SPADES TEN,0.6024,0.0086,0.389
HEARTS FIVE SPADES JACK,0.5996,0.0064,0.394
SPADES FIVE CLUBS JACK,0.608,0.0108,0.3812
CLUBS TEN SPADES FIVE,0.6062,0.0084,0.3854
CLUBS EIGHT CLUBS JACK,0.5534,0.0076,0.439
CLUBS TEN CLUBS EIGHT,0.5246,0.0066,0.4688
SPADES FIVE CLUBS ACE,0.3304,0.0062,0.6634
CLUBS EIGHT CLUBS QUEEN,0.5672,0.005,0.4278
SPADES FIVE CLUBS QUEEN,0.6138,0.0076,0.3786
CLUBS EIGHT CLUBS ACE,0.3496,0.005,0.6454
DIAMONDS TWO DIAMONDS THREE,0.6252,0.0104,0.3644
DIAMONDS TWO DIAMONDS FIVE,0.5844,0.0102,0.4054
HEARTS FIVE SPADES KING,0.2284,0.4628,0.3088
HEARTS FIVE SPADES QUEEN,0.6072,0.007,0.3858
DIAMONDS TWO DIAMONDS SEVEN,0.6164,0.0106,0.373
DIAMONDS TWO DIAMONDS SIX,0.5906,0.0102,0.3992
SPADES ACE HEARTS FIVE,0.3532,0.0046,0.6422
DIAMONDS TWO DIAMONDS NINE,0.59,0.0088,0.4012
DIAMONDS TWO DIAMONDS EIGHT,0.605,0.0084,0.3866
CLUBS TWO SPADES FOUR,0.726,0.0336,0.2404
DIAMONDS THREE DIAMONDS FIVE,0.5704,0.0106,0.419
SPADES FIVE CLUBS TWO,0.6224,0.0116,0.366
CLUBS TWO SPADES TWO,0.4382,0.0202,0.5416
CLUBS TWO SPADES THREE,0.6496,0.013,0.3374
DIAMONDS THREE DIAMONDS EIGHT,0.6038,0.0096,0.3866
SPADES EIGHT CLUBS TWO,0.6392,0.007,0.3538
DIAMONDS THREE DIAMONDS NINE,0.6044,0.01,0.3856
SPADES NINE CLUBS TWO,0.64,0.0072,0.3528
DIAMONDS THREE DIAMONDS SIX,0.5886,0.0094,0.402
SPADES SIX CLUBS TWO,0.6368,0.0084,0.3548
DIAMONDS THREE DIAMONDS SEVEN,0.5878,0.0076,0.4046
SPADES SEVEN CLUBS TWO,0.6366,0.009,0.3544
CLUBS SIX CLUBS TWO,0.5986,0.0122,0.3892
CLUBS SEVEN CLUBS TWO,0.6178,0.0064,0.3758
CLUBS FOUR CLUBS TWO,0.681,0.0374,0.2816
CLUBS FIVE CLUBS TWO,0.577,0.0128,0.4102
CLUBS TEN CLUBS JACK,0.5246,0.0082,0.4672
CLUBS TEN CLUBS QUEEN,0.5226,0.0078,0.4696
CLUBS TEN CLUBS ACE,0.3272,0.005,0.6678
CLUBS EIGHT CLUBS TWO,0.605,0.0078,0.3872
CLUBS NINE CLUBS TWO,0.6144,0.0102,0.3754
CLUBS THREE CLUBS TWO,0.6326,0.0104,0.357
DIAMONDS NINE DIAMONDS FIVE,0.5626,0.0082,0.4292
DIAMONDS TWO CLUBS JACK,0.6406,0.0078,0.3516
DIAMONDS FIVE DIAMONDS EIGHT,0.557,0.0082,0.4348
CLUBS TEN DIAMONDS TWO,0.6398,0.0084,0.3518
DIAMONDS FIVE DIAMONDS SEVEN,0.5464,0.0102,0.4434
DIAMONDS SIX DIAMONDS FIVE,0.5412,0.0088,0.45
DIAMONDS TWO CLUBS ACE,0.3784,0.0056,0.616
DIAMONDS TWO CLUBS QUEEN,0.6336,0.0076,0.3588
DIAMONDS SIX DIAMONDS EIGHT,0.5382,0.0094,0.4524
DIAMONDS NINE DIAMONDS SIX,0.5482,0.008,0.4438
HEARTS ACE SPADES THREE,0.3656,0.0054,0.629
SPADES THREE HEARTS KING,0.2672,0.5088,0.224
DIAMONDS SIX DIAMONDS SEVEN,0.5344,0.008,0.4576
HEARTS QUEEN SPADES THREE,0.6302,0.0072,0.3626
SPADES THREE HEARTS JACK,0.615,0.0078,0.3772
SPADES THREE HEARTS TEN,0.627,0.0078,0.3652
DIAMONDS EIGHT DIAMONDS SEVEN,0.5334,0.0064,0.4602
DIAMONDS NINE DIAMONDS SEVEN,0.5366,0.0088,0.4546
DIAMONDS NINE DIAMONDS EIGHT,0.5122,0.006,0.4818
DIAMONDS KING HEARTS TEN,0.2366,0.1204,0.643
HEARTS THREE HEARTS TEN,0.6014,0.0084,0.3902
SPADES JACK CLUBS SIX,0.5978,0.0084,0.3938
DIAMONDS KING HEARTS JACK,0.236,0.0888,0.6752
HEARTS THREE HEARTS JACK,0.585,0.0098,0.4052
SPADES TEN CLUBS SIX,0.5968,0.0072,0.396
SPADES JACK SPADES FIVE,0.5622,0.0086,0.4292
SPADES TEN SPADES FIVE,0.571,0.0052,0.4238
DIAMONDS KING HEARTS ACE,0.2162,0.0142,0.7696
HEARTS THREE HEARTS ACE,0.3654,0.0058,0.6288
SPADES ACE CLUBS SIX,0.362,0.0046,0.6334
DIAMONDS KING HEARTS QUEEN,0.2298,0.065,0.7052
HEARTS THREE HEARTS QUEEN,0.605,0.0078,0.3872
SPADES KING CLUBS SIX,0.2256,0.385,0.3894
DIAMONDS KING HEARTS KING,0.0706,0.0108,0.9186
HEARTS THREE HEARTS KING,0.2432,0.484,0.2728
SPADES QUEEN CLUBS SIX,0.609,0.0066,0.3844
SPADES NINE HEARTS TEN,0.548,0.0068,0.4452
SPADES NINE HEARTS JACK,0.5508,0.0068,0.4424
SPADES QUEEN SPADES FIVE,0.5596,0.0076,0.4328
SPADES KING SPADES FIVE,0.2106,0.4272,0.3622
SPADES ACE SPADES FIVE,0.3232,0.005,0.6718
SPADES NINE HEARTS QUEEN,0.5572,0.0078,0.435
SPADES NINE HEARTS KING,0.2406,0.1672,0.5922
SPADES NINE HEARTS ACE,0.36,0.0052,0.6348
CLUBS TEN SPADES JACK,0.5392,0.0082,0.4526
CLUBS TEN SPADES TEN,0.3004,0.0084,0.6912
SPADES ACE CLUBS TEN,0.3558,0.0056,0.6386
SPADES KING CLUBS TEN,0.2388,0.1124,0.6488
CLUBS TEN SPADES QUEEN,0.5504,0.008,0.4416
SPADES FIVE HEARTS QUEEN,0.586,0.0072,0.4068
SPADES FIVE HEARTS KING,0.2218,0.4652,0.313
HEARTS ACE SPADES FIVE,0.352,0.0034,0.6446
CLUBS EIGHT SPADES TEN,0.5512,0.0096,0.4392
SPADES JACK HEARTS THREE,0.6458,0.0078,0.3464
SPADES JACK DIAMONDS KING,0.2334,0.0846,0.682
SPADES TEN DIAMONDS KING,0.2168,0.1218,0.6614
SPADES TEN HEARTS THREE,0.6206,0.0072,0.3722
SPADES JACK CLUBS EIGHT,0.5806,0.007,0.4124
CLUBS SIX HEARTS ACE,0.3612,0.0068,0.632
SPADES ACE CLUBS EIGHT,0.3682,0.0042,0.6276
HEARTS FIVE CLUBS JACK,0.6048,0.011,0.3842
HEARTS FIVE CLUBS TEN,0.6102,0.0112,0.3786
CLUBS SIX HEARTS QUEEN,0.604,0.0066,0.3894
SPADES QUEEN CLUBS EIGHT,0.5952,0.0076,0.3972
CLUBS TEN SPADES THREE,0.6344,0.0104,0.3552
CLUBS SIX HEARTS KING,0.2222,0.3842,0.3936
SPADES KING CLUBS EIGHT,0.23,0.2292,0.5408
SPADES THREE CLUBS JACK,0.647,0.0072,0.3458
DIAMONDS TWO HEARTS JACK,0.6338,0.0102,0.356
SPADES THREE CLUBS QUEEN,0.6416,0.0086,0.3498
DIAMONDS TWO HEARTS TEN,0.6312,0.0072,0.3616
HEARTS FIVE CLUBS ACE,0.34,0.0056,0.6544
SPADES FIVE HEARTS TEN,0.6106,0.0072,0.3822
SPADES THREE CLUBS ACE,0.3686,0.0074,0.624
SPADES FIVE HEARTS JACK,0.5942,0.0106,0.3952
HEARTS FIVE CLUBS QUEEN,0.6032,0.0066,0.3902
HEARTS THREE CLUBS QUEEN,0.6304,0.0098,0.3598
DIAMONDS KING CLUBS QUEEN,0.2362,0.065,0.6988
HEARTS FIVE HEARTS JACK,0.5576,0.0062,0.4362
HEARTS FIVE HEARTS TEN,0.5666,0.008,0.4254
HEARTS THREE CLUBS ACE,0.3762,0.0072,0.6166
DIAMONDS KING CLUBS ACE,0.2206,0.0118,0.7676
SPADES ACE CLUBS QUEEN,0.3554,0.004,0.6406
SPADES KING CLUBS QUEEN,0.2502,0.0622,0.6876
HEARTS THREE CLUBS JACK,0.6382,0.009,0.3528
DIAMONDS KING CLUBS JACK,0.2328,0.0898,0.6774
SPADES QUEEN CLUBS QUEEN,0.2816,0.0054,0.713
CLUBS TEN HEARTS THREE,0.6244,0.0084,0.3672
CLUBS TEN DIAMONDS KING,0.23,0.1128,0.6572
SPADES JACK CLUBS QUEEN,0.573,0.0084,0.4186
CLUBS SIX CLUBS QUEEN,0.5882,0.006,0.4058
SPADES TEN CLUBS QUEEN,0.561,0.007,0.432
CLUBS SIX CLUBS ACE,0.3358,0.0062,0.658
HEARTS FIVE HEARTS KING,0.2068,0.4378,0.3554
HEARTS FIVE HEARTS QUEEN,0.5682,0.0094,0.4224
CLUBS TEN CLUBS SIX,0.554,0.0074,0.4386
HEARTS FIVE HEARTS ACE,0.3224,0.0058,0.6718
CLUBS SIX CLUBS JACK,0.5844,0.0106,0.405
SPADES SEVEN HEARTS JACK,0.5842,0.005,0.4108
SPADES SEVEN HEARTS TEN,0.5776,0.0054,0.417
DIAMONDS TWO CLUBS TWO,0.4306,0.0184,0.551
DIAMONDS TWO CLUBS THREE,0.6464,0.0132,0.3404
DIAMONDS TWO HEARTS SIX,0.6456,0.0088,0.3456
DIAMONDS TWO HEARTS QUEEN,0.6438,0.0082,0.348
HEARTS SEVEN DIAMONDS TWO,0.6346,0.0084,0.357
DIAMONDS TWO HEARTS KING,0.2728,0.5158,0.2114
DIAMONDS TWO HEARTS EIGHT,0.6416,0.008,0.3504
DIAMONDS TWO HEARTS ACE,0.3848,0.0044,0.6108
DIAMONDS TWO HEARTS NINE,0.6338,0.0096,0.3566
DIAMONDS TWO DIAMONDS QUEEN,0.6042,0.0074,0.3884
DIAMONDS TWO HEARTS TWO,0.4476,0.0164,0.536
DIAMONDS TWO DIAMONDS KING,0.26,0.4788,0.2612
DIAMONDS TWO HEARTS THREE,0.6466,0.009,0.3444
DIAMONDS TWO DIAMONDS ACE,0.379,0.0038,0.6172
HEARTS FOUR DIAMONDS TWO,0.715,0.0396,0.2454
HEARTS FIVE DIAMONDS TWO,0.6208,0.0084,0.3708
SPADES SEVEN HEARTS ACE,0.3638,0.0032,0.633
DIAMONDS TWO DIAMONDS TEN,0.5952,0.0092,0.3956
SPADES SEVEN HEARTS KING,0.2396,0.2998,0.4606
DIAMONDS TWO DIAMONDS JACK,0.5954,0.0076,0.397
SPADES SEVEN HEARTS QUEEN,0.597,0.005,0.398
DIAMONDS TWO SPADES NINE,0.6334,0.0088,0.3578
DIAMONDS TWO SPADES EIGHT,0.6548,0.0082,0.337
DIAMONDS TWO SPADES SEVEN,0.6426,0.0076,0.3498
DIAMONDS TWO SPADES SIX,0.6298,0.0082,0.362
DIAMONDS TWO SPADES FIVE,0.6222,0.008,0.3698
DIAMONDS TWO SPADES FOUR,0.7168,0.0368,0.2464
DIAMONDS TWO SPADES THREE,0.65,0.0106,0.3394
DIAMONDS TWO SPADES TWO,0.4424,0.021,0.5366
CLUBS NINE DIAMONDS TWO,0.6436,0.0094,0.347
DIAMONDS TWO CLUBS EIGHT,0.6348,0.0082,0.357
CLUBS SEVEN DIAMONDS TWO,0.6412,0.012,0.3468
DIAMONDS TWO CLUBS SIX,0.6394,0.0112,0.3494
DIAMONDS TWO CLUBS FIVE,0.6292,0.0106,0.3602
DIAMONDS TWO CLUBS FOUR,0.7234,0.0416,0.235
CLUBS FOUR SPADES FIVE,0.6794,0.032,0.2886
CLUBS FOUR SPADES FOUR,0.308,0.0254,0.6666
CLUBS FOUR SPADES THREE,0.7068,0.0344,0.2588
CLUBS FOUR SPADES TWO,0.7118,0.0386,0.2496
SPADES NINE CLUBS FOUR,0.7314,0.0314,0.2372
SPADES EIGHT CLUBS FOUR,0.7224,0.0324,0.2452
SPADES SEVEN CLUBS FOUR,0.7038,0.0316,0.2646
CLUBS FOUR SPADES SIX,0.697,0.0336,0.2694
SPADES ACE DIAMONDS SIX,0.3502,0.0052,0.6446
SPADES QUEEN DIAMONDS SIX,0.5956,0.0052,0.3992
SPADES KING DIAMONDS SIX,0.2176,0.3858,0.3966
SPADES TEN DIAMONDS SIX,0.592,0.0086,0.3994
SPADES JACK DIAMONDS SIX,0.6094,0.0058,0.3848
SPADES QUEEN SPADES TWO,0.592,0.0094,0.3986
SPADES KING SPADES TWO,0.2496,0.4952,0.2552
SPADES ACE SPADES TWO,0.3612,0.0042,0.6346
DIAMONDS JACK CLUBS JACK,0.2934,0.0078,0.6988
CLUBS TEN DIAMONDS JACK,0.5462,0.0064,0.4474
DIAMONDS JACK CLUBS QUEEN,0.5582,0.0072,0.4346
DIAMONDS THREE DIAMONDS JACK,0.5922,0.0086,0.3992
DIAMONDS THREE DIAMONDS TEN,0.6024,0.008,0.3896
DIAMONDS JACK CLUBS ACE,0.3302,0.0056,0.6642
DIAMONDS THREE DIAMONDS KING,0.2484,0.4988,0.2528
DIAMONDS THREE HEARTS THREE,0.4376,0.0232,0.5392
DIAMONDS THREE DIAMONDS QUEEN,0.6026,0.0102,0.3872
DIAMONDS THREE HEARTS TWO,0.6636,0.0138,0.3226
HEARTS FIVE DIAMONDS THREE,0.6192,0.01,0.3708
DIAMONDS THREE DIAMONDS ACE,0.3628,0.0052,0.632
HEARTS FOUR DIAMONDS THREE,0.7042,0.0368,0.259
HEARTS SEVEN DIAMONDS THREE,0.6356,0.009,0.3554
SPADES TEN SPADES NINE,0.52,0.0072,0.4728
HEARTS SIX DIAMONDS THREE,0.6304,0.0088,0.3608
SPADES JACK SPADES NINE,0.5288,0.0054,0.4658
DIAMONDS THREE HEARTS NINE,0.6362,0.009,0.3548
HEARTS ACE HEARTS KING,0.2124,0.0114,0.7762
SPADES TEN SPADES TWO,0.5926,0.008,0.3994
DIAMONDS THREE HEARTS EIGHT,0.6332,0.0112,0.3556
SPADES JACK SPADES TWO,0.5938,0.008,0.3982
SPADES ACE SPADES NINE,0.34,0.0056,0.6544
SPADES KING SPADES NINE,0.2204,0.1632,0.6164
SPADES QUEEN SPADES NINE,0.5212,0.0092,0.4696
DIAMONDS THREE SPADES NINE,0.6268,0.0094,0.3638
DIAMONDS THREE SPADES EIGHT,0.635,0.0086,0.3564
DIAMONDS THREE SPADES SEVEN,0.6324,0.0088,0.3588
DIAMONDS THREE SPADES SIX,0.6206,0.0094,0.37
DIAMONDS THREE CLUBS SIX,0.6232,0.0092,0.3676
CLUBS FIVE CLUBS SIX,0.5486,0.0092,0.4422
CLUBS SEVEN DIAMONDS THREE,0.6424,0.0096,0.348
CLUBS SEVEN CLUBS FIVE,0.5526,0.0084,0.439
DIAMONDS THREE CLUBS FOUR,0.7016,0.0424,0.256
DIAMONDS THREE CLUBS FIVE,0.5998,0.0094,0.3908
DIAMONDS THREE CLUBS TWO,0.666,0.0104,0.3236
DIAMONDS THREE CLUBS THREE,0.439,0.0202,0.5408
DIAMONDS THREE SPADES FOUR,0.7,0.0366,0.2634
DIAMONDS THREE SPADES FIVE,0.613,0.0088,0.3782
DIAMONDS THREE SPADES TWO,0.651,0.0094,0.3396
DIAMONDS THREE SPADES THREE,0.4438,0.0196,0.5366
CLUBS EIGHT DIAMONDS THREE,0.6424,0.0104,0.3472
CLUBS NINE DIAMONDS THREE,0.642,0.008,0.35
SPADES SEVEN CLUBS ACE,0.3582,0.0044,0.6374
SPADES SEVEN CLUBS QUEEN,0.5938,0.0058,0.4004
CLUBS FIVE SPADES SEVEN,0.5822,0.0106,0.4072
CLUBS TEN SPADES SEVEN,0.5686,0.0072,0.4242
CLUBS FIVE SPADES SIX,0.5602,0.007,0.4328
SPADES SEVEN CLUBS JACK,0.599,0.0074,0.3936
CLUBS FIVE SPADES NINE,0.5844,0.0096,0.406
CLUBS FIVE SPADES EIGHT,0.5868,0.0072,0.406
CLUBS FIVE SPADES THREE,0.6154,0.012,0.3726
CLUBS FIVE SPADES TWO,0.6214,0.0096,0.369
CLUBS FIVE SPADES FIVE,0.34,0.0188,0.6412
CLUBS FIVE SPADES FOUR,0.6806,0.0314,0.288
CLUBS NINE CLUBS FIVE,0.5612,0.0072,0.4316
CLUBS EIGHT CLUBS FIVE,0.559,0.0094,0.4316
CLUBS ACE CLUBS QUEEN,0.3334,0.0046,0.662
CLUBS TEN DIAMONDS NINE,0.5606,0.0064,0.433
DIAMONDS NINE CLUBS JACK,0.5486,0.0062,0.4452
SPADES NINE CLUBS JACK,0.5648,0.0066,0.4286
CLUBS TEN SPADES NINE,0.5396,0.0064,0.454
DIAMONDS JACK HEARTS TEN,0.5428,0.0082,0.449
DIAMONDS TWO SPADES TEN,0.6204,0.009,0.3706
DIAMONDS NINE CLUBS ACE,0.3578,0.007,0.6352
DIAMONDS JACK HEARTS JACK,0.285,0.0062,0.7088
SPADES NINE CLUBS QUEEN,0.562,0.0072,0.4308
DIAMONDS TWO SPADES JACK,0.6428,0.0084,0.3488
DIAMONDS NINE CLUBS QUEEN,0.5716,0.0074,0.421
SPADES NINE CLUBS ACE,0.3502,0.006,0.6438
HEARTS ACE DIAMONDS JACK,0.3418,0.0058,0.6524
SPADES ACE DIAMONDS TWO,0.3898,0.0054,0.6048
HEARTS QUEEN DIAMONDS JACK,0.549,0.0062,0.4448
SPADES QUEEN DIAMONDS TWO,0.6318,0.0082,0.36
HEARTS KING DIAMONDS JACK,0.2356,0.086,0.6784
SPADES KING DIAMONDS TWO,0.258,0.5314,0.2106
SPADES JACK SPADES SEVEN,0.5444,0.0064,0.4492
SPADES TEN SPADES SEVEN,0.5344,0.0074,0.4582
CLUBS SEVEN CLUBS THREE,0.5922,0.0076,0.4002
CLUBS SIX CLUBS THREE,0.5878,0.0106,0.4016
CLUBS FIVE CLUBS THREE,0.5614,0.0122,0.4264
CLUBS THREE CLUBS FOUR,0.6524,0.0376,0.31
CLUBS NINE CLUBS THREE,0.6048,0.009,0.3862
CLUBS EIGHT CLUBS THREE,0.6238,0.01,0.3662
CLUBS THREE SPADES FIVE,0.6052,0.01,0.3848
CLUBS THREE SPADES FOUR,0.6918,0.0374,0.2708
CLUBS THREE SPADES THREE,0.4382,0.023,0.5388
CLUBS THREE SPADES TWO,0.6498,0.0112,0.339
CLUBS THREE SPADES SIX,0.6332,0.0086,0.3582
CLUBS THREE SPADES SEVEN,0.6268,0.0086,0.3646
SPADES EIGHT CLUBS THREE,0.6368,0.0092,0.354
SPADES NINE CLUBS THREE,0.636,0.0082,0.3558
DIAMONDS TEN DIAMONDS FIVE,0.57,0.0076,0.4224
DIAMONDS JACK DIAMONDS FIVE,0.5738,0.0088,0.4174
DIAMONDS NINE HEARTS QUEEN,0.5546,0.0064,0.439
DIAMONDS NINE HEARTS KING,0.2288,0.1718,0.5994
HEARTS ACE DIAMONDS NINE,0.3596,0.0062,0.6342
DIAMONDS NINE HEARTS TEN,0.5298,0.0064,0.4638
DIAMONDS NINE HEARTS JACK,0.5636,0.006,0.4304
DIAMONDS SIX CLUBS QUEEN,0.5926,0.0078,0.3996
DIAMONDS SIX CLUBS ACE,0.3554,0.004,0.6406
SPADES ACE SPADES SEVEN,0.3384,0.0034,0.6582
SPADES QUEEN SPADES SEVEN,0.5516,0.0082,0.4402
DIAMONDS SIX CLUBS JACK,0.6016,0.0078,0.3906
SPADES KING SPADES SEVEN,0.2188,0.2848,0.4964
CLUBS TEN DIAMONDS SIX,0.5996,0.0068,0.3936
CLUBS NINE CLUBS FOUR,0.683,0.0336,0.2834
CLUBS EIGHT CLUBS FOUR,0.6868,0.034,0.2792
CLUBS FIVE CLUBS FOUR,0.6522,0.0372,0.3106
CLUBS SEVEN CLUBS FOUR,0.6714,0.0358,0.2928
CLUBS SIX CLUBS FOUR,0.6704,0.0278,0.3018
CLUBS SEVEN SPADES EIGHT,0.558,0.0062,0.4358
CLUBS SEVEN SPADES NINE,0.5622,0.0084,0.4294
CLUBS SEVEN SPADES SIX,0.5684,0.0072,0.4244
CLUBS SEVEN SPADES SEVEN,0.3334,0.0114,0.6552
CLUBS SEVEN SPADES FIVE,0.5798,0.0072,0.413
CLUBS SEVEN SPADES FOUR,0.715,0.0294,0.2556
CLUBS SEVEN SPADES THREE,0.632,0.0072,0.3608
CLUBS SEVEN SPADES TWO,0.6344,0.0094,0.3562
CLUBS NINE CLUBS SEVEN,0.531,0.0088,0.4602
CLUBS SEVEN CLUBS EIGHT,0.5328,0.0088,0.4584
HEARTS SIX DIAMONDS FIVE,0.5678,0.01,0.4222
HEARTS SEVEN DIAMONDS FIVE,0.5718,0.0062,0.422
DIAMONDS FIVE HEARTS EIGHT,0.5814,0.007,0.4116
DIAMONDS FIVE HEARTS NINE,0.5908,0.008,0.4012
DIAMONDS QUEEN DIAMONDS FIVE,0.5754,0.0066,0.418
HEARTS TWO DIAMONDS FIVE,0.6164,0.01,0.3736
HEARTS KING HEARTS EIGHT,0.2254,0.2082,0.5664
DIAMONDS KING DIAMONDS FIVE,0.2064,0.4322,0.3614
HEARTS THREE DIAMONDS FIVE,0.5998,0.0098,0.3904
HEARTS QUEEN HEARTS EIGHT,0.549,0.0062,0.4448
DIAMONDS ACE DIAMONDS FIVE,0.3242,0.007,0.6688
HEARTS FOUR DIAMONDS FIVE,0.6656,0.0332,0.3012
HEARTS FIVE DIAMONDS FIVE,0.336,0.0168,0.6472
HEARTS ACE HEARTS EIGHT,0.3402,0.0042,0.6556
CLUBS FOUR DIAMONDS FIVE,0.683,0.0298,0.2872
CLUBS FIVE DIAMONDS FIVE,0.3438,0.018,0.6382
CLUBS SIX DIAMONDS FIVE,0.5816,0.011,0.4074
CLUBS SEVEN DIAMONDS FIVE,0.584,0.0084,0.4076
CLUBS TWO DIAMONDS FIVE,0.6228,0.0102,0.367
CLUBS THREE DIAMONDS FIVE,0.6148,0.009,0.3762
SPADES THREE DIAMONDS FIVE,0.6052,0.01,0.3848
SPADES TWO DIAMONDS FIVE,0.6156,0.0126,0.3718
SPADES JACK DIAMONDS EIGHT,0.571,0.0078,0.4212
SPADES FIVE DIAMONDS FIVE,0.3138,0.0152,0.671
CLUBS TEN HEARTS JACK,0.5524,0.0078,0.4398
SPADES TEN DIAMONDS EIGHT,0.5536,0.0086,0.4378
SPADES FOUR DIAMONDS FIVE,0.6754,0.0334,0.2912
HEARTS JACK CLUBS JACK,0.3,0.0054,0.6946
HEARTS JACK CLUBS QUEEN,0.5458,0.0072,0.447
CLUBS NINE DIAMONDS FIVE,0.5912,0.0076,0.4012
CLUBS EIGHT DIAMONDS FIVE,0.5716,0.0102,0.4182
CLUBS ACE HEARTS JACK,0.3446,0.0056,0.6498
SPADES SEVEN DIAMONDS FIVE,0.584,0.0104,0.4056
SPADES KING DIAMONDS EIGHT,0.2342,0.2276,0.5382
SPADES QUEEN DIAMONDS EIGHT,0.5986,0.0046,0.3968
SPADES SIX DIAMONDS FIVE,0.567,0.0066,0.4264
SPADES NINE DIAMONDS FIVE,0.588,0.0074,0.4046
SPADES EIGHT DIAMONDS FIVE,0.5842,0.0082,0.4076
SPADES ACE DIAMONDS EIGHT,0.3482,0.0024,0.6494
DIAMONDS TEN DIAMONDS SIX,0.5602,0.0068,0.433
HEARTS ACE DIAMONDS SEVEN,0.3458,0.0038,0.6504
DIAMONDS JACK DIAMONDS SIX,0.5744,0.0072,0.4184
HEARTS QUEEN DIAMONDS SEVEN,0.5932,0.0082,0.3986
HEARTS KING DIAMONDS SEVEN,0.2268,0.308,0.4652
DIAMONDS ACE DIAMONDS SIX,0.3358,0.0054,0.6588
HEARTS FOUR DIAMONDS SIX,0.695,0.0308,0.2742
SPADES TWO HEARTS JACK,0.63,0.008,0.362
HEARTS FIVE DIAMONDS SIX,0.573,0.008,0.419
SPADES TWO HEARTS TEN,0.6302,0.0088,0.361
DIAMONDS QUEEN DIAMONDS SIX,0.5616,0.008,0.4304
HEARTS TWO DIAMONDS SIX,0.6322,0.0084,0.3594
DIAMONDS KING DIAMONDS SIX,0.2256,0.3614,0.413
HEARTS THREE DIAMONDS SIX,0.6116,0.0102,0.3782
DIAMONDS SIX HEARTS EIGHT,0.5684,0.0076,0.424
DIAMONDS SIX HEARTS NINE,0.5716,0.008,0.4204
HEARTS SIX DIAMONDS SIX,0.3314,0.0184,0.6502
HEARTS SEVEN DIAMONDS SIX,0.5712,0.0068,0.422
HEARTS TEN DIAMONDS SEVEN,0.5652,0.0074,0.4274
CLUBS TWO DIAMONDS SIX,0.6422,0.0088,0.349
HEARTS JACK DIAMONDS SEVEN,0.59,0.0056,0.4044
CLUBS THREE DIAMONDS SIX,0.6182,0.0068,0.375
CLUBS SEVEN DIAMONDS SIX,0.5738,0.008,0.4182
DIAMONDS EIGHT CLUBS JACK,0.5616,0.0104,0.428
CLUBS SIX DIAMONDS SIX,0.3386,0.0142,0.6472
CLUBS TEN DIAMONDS EIGHT,0.5554,0.0098,0.4348
CLUBS FIVE DIAMONDS SIX,0.581,0.0092,0.4098
CLUBS FOUR DIAMONDS SIX,0.6952,0.0292,0.2756
HEARTS ACE HEARTS JACK,0.331,0.0054,0.6636
CLUBS ACE DIAMONDS EIGHT,0.3502,0.0044,0.6454
HEARTS QUEEN HEARTS JACK,0.5116,0.0074,0.481
CLUBS NINE DIAMONDS SIX,0.581,0.0094,0.4096
HEARTS KING HEARTS JACK,0.2222,0.0864,0.6914
CLUBS QUEEN DIAMONDS EIGHT,0.5708,0.007,0.4222
CLUBS EIGHT DIAMONDS SIX,0.5732,0.008,0.4188
SPADES TEN HEARTS KING,0.2376,0.1156,0.6468
SPADES FIVE DIAMONDS SIX,0.5626,0.0092,0.4282
HEARTS ACE SPADES TWO,0.384,0.0054,0.6106
SPADES JACK HEARTS KING,0.2336,0.0884,0.678
SPADES FOUR DIAMONDS SIX,0.6912,0.0264,0.2824
SPADES THREE DIAMONDS SIX,0.6132,0.0094,0.3774
HEARTS QUEEN SPADES TWO,0.6476,0.0058,0.3466
SPADES ACE SPADES KING,0.2168,0.0106,0.7726
HEARTS KING SPADES TWO,0.2688,0.5096,0.2216
SPADES TWO DIAMONDS SIX,0.6354,0.0082,0.3564
HEARTS TEN HEARTS EIGHT,0.531,0.0076,0.4614
SPADES NINE DIAMONDS SIX,0.5628,0.0072,0.43
HEARTS JACK HEARTS EIGHT,0.5332,0.0064,0.4604
SPADES EIGHT DIAMONDS SIX,0.5614,0.0068,0.4318
SPADES SEVEN DIAMONDS SIX,0.5478,0.0084,0.4438
SPADES SIX DIAMONDS SIX,0.327,0.0168,0.6562
SPADES KING HEARTS KING,0.072,0.0136,0.9144
SPADES QUEEN HEARTS KING,0.2428,0.0612,0.696
SPADES ACE HEARTS KING,0.2382,0.0128,0.749
SPADES ACE HEARTS JACK,0.3512,0.0036,0.6452
SPADES QUEEN HEARTS JACK,0.5454,0.0084,0.4462
SPADES KING HEARTS JACK,0.2408,0.0794,0.6798
SPADES TEN DIAMONDS TEN,0.293,0.008,0.699
SPADES JACK DIAMONDS TEN,0.5408,0.0066,0.4526
SPADES ACE DIAMONDS TEN,0.3424,0.0028,0.6548
SPADES JACK HEARTS JACK,0.2942,0.0056,0.7002
SPADES TEN HEARTS JACK,0.5298,0.0056,0.4646
SPADES QUEEN DIAMONDS TEN,0.5508,0.008,0.4412
SPADES KING DIAMONDS TEN,0.2326,0.1236,0.6438
SPADES NINE DIAMONDS SEVEN,0.5538,0.0086,0.4376
SPADES EIGHT DIAMONDS SEVEN,0.551,0.0076,0.4414
SPADES SEVEN DIAMONDS SEVEN,0.3292,0.0144,0.6564
SPADES SIX DIAMONDS SEVEN,0.5698,0.0058,0.4244
DIAMONDS KING DIAMONDS SEVEN,0.2176,0.288,0.4944
HEARTS THREE DIAMONDS SEVEN,0.6296,0.0078,0.3626
HEARTS KING DIAMONDS FIVE,0.2064,0.4722,0.3214
DIAMONDS QUEEN DIAMONDS SEVEN,0.5622,0.0076,0.4302
HEARTS TWO DIAMONDS SEVEN,0.6302,0.01,0.3598
HEARTS QUEEN DIAMONDS FIVE,0.594,0.0064,0.3996
HEARTS FIVE DIAMONDS SEVEN,0.5668,0.0078,0.4254
DIAMONDS ACE DIAMONDS SEVEN,0.3436,0.0036,0.6528
HEARTS FOUR DIAMONDS SEVEN,0.6958,0.0298,0.2744
HEARTS ACE DIAMONDS FIVE,0.3402,0.0046,0.6552
HEARTS SEVEN DIAMONDS SEVEN,0.3304,0.0122,0.6574
HEARTS SIX DIAMONDS SEVEN,0.5532,0.0088,0.438
HEARTS NINE DIAMONDS SEVEN,0.5516,0.0088,0.4396
HEARTS EIGHT DIAMONDS SEVEN,0.5586,0.0094,0.432
DIAMONDS JACK DIAMONDS SEVEN,0.5486,0.006,0.4454
HEARTS JACK DIAMONDS FIVE,0.6138,0.008,0.3782
DIAMONDS TEN DIAMONDS SEVEN,0.5492,0.0076,0.4432
HEARTS TEN DIAMONDS FIVE,0.6022,0.0072,0.3906
SPADES KING CLUBS TWO,0.2878,0.5024,0.2098
CLUBS EIGHT DIAMONDS SEVEN,0.5518,0.008,0.4402
SPADES QUEEN CLUBS TWO,0.6292,0.0086,0.3622
HEARTS KING CLUBS QUEEN,0.2386,0.0704,0.691
CLUBS NINE DIAMONDS SEVEN,0.5588,0.008,0.4332
SPADES TWO CLUBS JACK,0.6406,0.0086,0.3508
SPADES ACE CLUBS TWO,0.3764,0.0038,0.6198
CLUBS TEN SPADES TWO,0.638,0.0098,0.3522
HEARTS KING CLUBS ACE,0.2236,0.0122,0.7642
CLUBS SEVEN CLUBS SIX,0.5462,0.0104,0.4434
SPADES TWO DIAMONDS SEVEN,0.642,0.0106,0.3474
CLUBS EIGHT CLUBS SIX,0.5652,0.005,0.4298
SPADES THREE DIAMONDS SEVEN,0.6202,0.0106,0.3692
SPADES TWO CLUBS QUEEN,0.6382,0.0082,0.3536
CLUBS NINE CLUBS SIX,0.5426,0.0082,0.4492
SPADES FOUR DIAMONDS SEVEN,0.6986,0.031,0.2704
HEARTS KING CLUBS JACK,0.2486,0.084,0.6674
SPADES FIVE DIAMONDS SEVEN,0.568,0.0098,0.4222
SPADES TWO CLUBS ACE,0.3748,0.0066,0.6186
CLUBS TEN HEARTS KING,0.2304,0.1226,0.647
CLUBS SIX SPADES TWO,0.628,0.0094,0.3626
CLUBS SIX SPADES THREE,0.614,0.0092,0.3768
CLUBS TWO DIAMONDS SEVEN,0.6318,0.0088,0.3594
CLUBS SIX SPADES FOUR,0.6954,0.0306,0.274
CLUBS THREE DIAMONDS SEVEN,0.6368,0.0104,0.3528
CLUBS SIX SPADES FIVE,0.5796,0.0076,0.4128
CLUBS FOUR DIAMONDS SEVEN,0.6972,0.029,0.2738
CLUBS SIX SPADES SIX,0.3478,0.0144,0.6378
CLUBS FIVE DIAMONDS SEVEN,0.572,0.011,0.417
CLUBS SIX SPADES SEVEN,0.5768,0.007,0.4162
CLUBS SIX DIAMONDS SEVEN,0.5498,0.0088,0.4414
CLUBS SIX SPADES EIGHT,0.5708,0.0102,0.419
SPADES JACK CLUBS TWO,0.6444,0.011,0.3446
CLUBS SEVEN DIAMONDS SEVEN,0.3346,0.0142,0.6512
SPADES NINE CLUBS SIX,0.5732,0.0066,0.4202
SPADES TEN CLUBS TWO,0.63,0.0086,0.3614
CLUBS TWO CLUBS QUEEN,0.606,0.009,0.385
CLUBS THREE DIAMONDS EIGHT,0.644,0.0104,0.3456
CLUBS TWO CLUBS ACE,0.3546,0.0078,0.6376
CLUBS TWO DIAMONDS EIGHT,0.6338,0.0084,0.3578
HEARTS SEVEN DIAMONDS EIGHT,0.554,0.0088,0.4372
HEARTS SIX DIAMONDS EIGHT,0.575,0.008,0.417
DIAMONDS EIGHT HEARTS NINE,0.5452,0.0076,0.4472
CLUBS TEN CLUBS TWO,0.6088,0.0078,0.3834
HEARTS EIGHT DIAMONDS EIGHT,0.32,0.0102,0.6698
CLUBS TWO CLUBS JACK,0.6172,0.0076,0.3752
CLUBS NINE DIAMONDS EIGHT,0.5584,0.0086,0.433
CLUBS EIGHT DIAMONDS EIGHT,0.3286,0.0114,0.66
CLUBS FIVE DIAMONDS EIGHT,0.586,0.0106,0.4034
SPADES ACE SPADES THREE,0.3526,0.0054,0.642
CLUBS FOUR DIAMONDS EIGHT,0.7194,0.0306,0.25
CLUBS SEVEN DIAMONDS EIGHT,0.5562,0.0084,0.4354
SPADES QUEEN SPADES THREE,0.5924,0.0088,0.3988
CLUBS SIX DIAMONDS EIGHT,0.5754,0.0074,0.4172
SPADES KING SPADES THREE,0.2416,0.4968,0.2616
DIAMONDS QUEEN DIAMONDS EIGHT,0.5398,0.007,0.4532
HEARTS TWO DIAMONDS EIGHT,0.6254,0.0086,0.366
DIAMONDS KING DIAMONDS EIGHT,0.2292,0.2212,0.5496
HEARTS THREE DIAMONDS EIGHT,0.6412,0.0066,0.3522
DIAMONDS ACE DIAMONDS EIGHT,0.3294,0.0046,0.666
HEARTS FOUR DIAMONDS EIGHT,0.7048,0.031,0.2642
HEARTS FIVE DIAMONDS EIGHT,0.5978,0.0078,0.3944
DIAMONDS TEN DIAMONDS EIGHT,0.543,0.01,0.447
DIAMONDS JACK DIAMONDS EIGHT,0.551,0.0082,0.4408
SPADES JACK SPADES THREE,0.5976,0.0078,0.3946
SPADES TEN SPADES THREE,0.5842,0.0074,0.4084
CLUBS FOUR HEARTS ACE,0.2318,0.0292,0.739
CLUBS FOUR HEARTS QUEEN,0.7382,0.0376,0.2242
CLUBS FOUR HEARTS KING,0.0166,0.9728,0.0106
CLUBS SIX HEARTS TEN,0.5882,0.0074,0.4044
CLUBS SIX HEARTS JACK,0.6038,0.0078,0.3884
SPADES FOUR DIAMONDS EIGHT,0.7126,0.0334,0.254
SPADES FIVE DIAMONDS EIGHT,0.5782,0.0088,0.413
SPADES TWO DIAMONDS EIGHT,0.6258,0.0078,0.3664
SPADES THREE DIAMONDS EIGHT,0.62,0.008,0.372
CLUBS FOUR HEARTS JACK,0.7264,0.0412,0.2324
SPADES EIGHT DIAMONDS EIGHT,0.3202,0.009,0.6708
SPADES TEN DIAMONDS QUEEN,0.5664,0.0068,0.4268
SPADES TEN HEARTS TWO,0.635,0.0088,0.3562
SPADES JACK HEARTS EIGHT,0.5826,0.0082,0.4092
CLUBS FOUR HEARTS TEN,0.7242,0.04,0.2358
SPADES NINE DIAMONDS EIGHT,0.5532,0.0066,0.4402
SPADES TEN HEARTS EIGHT,0.5624,0.0072,0.4304
SPADES JACK HEARTS TWO,0.635,0.0074,0.3576
SPADES JACK DIAMONDS QUEEN,0.5512,0.0056,0.4432
SPADES SIX DIAMONDS EIGHT,0.572,0.0062,0.4218
SPADES SEVEN DIAMONDS EIGHT,0.5564,0.0066,0.437
SPADES ACE HEARTS TWO,0.3886,0.007,0.6044
SPADES ACE DIAMONDS QUEEN,0.3406,0.0036,0.6558
SPADES ACE HEARTS EIGHT,0.3636,0.004,0.6324
SPADES KING HEARTS EIGHT,0.2318,0.2354,0.5328
SPADES QUEEN HEARTS TWO,0.637,0.0088,0.3542
SPADES QUEEN DIAMONDS QUEEN,0.278,0.0048,0.7172
SPADES KING DIAMONDS QUEEN,0.2262,0.0616,0.7122
SPADES KING HEARTS TWO,0.2656,0.5086,0.2258
SPADES QUEEN HEARTS EIGHT,0.5908,0.0054,0.4038
CLUBS TWO HEARTS TEN,0.6312,0.0106,0.3582
CLUBS TWO HEARTS JACK,0.6402,0.0078,0.352
SPADES SEVEN DIAMONDS NINE,0.5562,0.0074,0.4364
SPADES SIX DIAMONDS NINE,0.57,0.0072,0.4228
SPADES NINE DIAMONDS NINE,0.2928,0.008,0.6992
SPADES EIGHT DIAMONDS NINE,0.5512,0.0066,0.4422
DIAMONDS NINE SPADES THREE,0.6206,0.0086,0.3708
DIAMONDS NINE SPADES TWO,0.6222,0.0118,0.366
SPADES FIVE DIAMONDS NINE,0.5816,0.0104,0.408
DIAMONDS NINE SPADES FOUR,0.705,0.0318,0.2632
CLUBS NINE DIAMONDS NINE,0.315,0.0092,0.6758
CLUBS EIGHT DIAMONDS NINE,0.5646,0.0092,0.4262
CLUBS SIX DIAMONDS NINE,0.5808,0.0092,0.41
SPADES JACK CLUBS FOUR,0.7312,0.0356,0.2332
CLUBS SEVEN DIAMONDS NINE,0.5654,0.0068,0.4278
SPADES TEN CLUBS FOUR,0.7334,0.0354,0.2312
CLUBS FOUR DIAMONDS NINE,0.7328,0.0342,0.233
CLUBS FIVE DIAMONDS NINE,0.585,0.0096,0.4054
CLUBS TWO DIAMONDS NINE,0.6254,0.0096,0.365
CLUBS THREE DIAMONDS NINE,0.6266,0.0102,0.3632
DIAMONDS NINE HEARTS EIGHT,0.5502,0.0072,0.4426
DIAMONDS NINE HEARTS NINE,0.3044,0.0104,0.6852
HEARTS SIX DIAMONDS NINE,0.5698,0.0078,0.4224
HEARTS SEVEN DIAMONDS NINE,0.5586,0.007,0.4344
CLUBS NINE CLUBS EIGHT,0.531,0.0094,0.4596
DIAMONDS ACE DIAMONDS NINE,0.3418,0.0052,0.653
HEARTS FOUR DIAMONDS NINE,0.728,0.0326,0.2394
HEARTS FIVE DIAMONDS NINE,0.5766,0.0088,0.4146
HEARTS ACE CLUBS TWO,0.3944,0.0058,0.5998
SPADES ACE CLUBS FOUR,0.2286,0.023,0.7484
DIAMONDS NINE DIAMONDS QUEEN,0.5524,0.007,0.4406
HEARTS TWO DIAMONDS NINE,0.6214,0.0086,0.37
CLUBS TWO HEARTS KING,0.2654,0.5158,0.2188
SPADES KING CLUBS FOUR,0.0174,0.971,0.0116
DIAMONDS KING DIAMONDS NINE,0.2212,0.1592,0.6196
HEARTS THREE DIAMONDS NINE,0.616,0.0096,0.3744
CLUBS TWO HEARTS QUEEN,0.628,0.008,0.364
SPADES QUEEN CLUBS FOUR,0.7426,0.0316,0.2258
DIAMONDS NINE DIAMONDS JACK,0.5378,0.0088,0.4534
CLUBS EIGHT SPADES NINE,0.561,0.0096,0.4294
DIAMONDS TEN DIAMONDS NINE,0.521,0.0062,0.4728
CLUBS EIGHT SPADES EIGHT,0.3334,0.0122,0.6544
CLUBS EIGHT SPADES SEVEN,0.5594,0.0062,0.4344
CLUBS EIGHT SPADES SIX,0.5798,0.0078,0.4124
CLUBS EIGHT SPADES FIVE,0.5796,0.0088,0.4116
CLUBS EIGHT SPADES FOUR,0.7292,0.0298,0.241
CLUBS EIGHT SPADES THREE,0.6464,0.0078,0.3458
CLUBS EIGHT SPADES TWO,0.6332,0.0096,0.3572
HEARTS SIX DIAMONDS TEN,0.5904,0.008,0.4016
HEARTS SEVEN DIAMONDS TEN,0.5744,0.0062,0.4194
DIAMONDS TEN HEARTS EIGHT,0.558,0.008,0.434
CLUBS FOUR CLUBS JACK,0.7032,0.033,0.2638
DIAMONDS TEN HEARTS NINE,0.5404,0.0084,0.4512
CLUBS TEN CLUBS FOUR,0.692,0.0344,0.2736
CLUBS FOUR CLUBS QUEEN,0.6978,0.0356,0.2666
DIAMONDS TEN CLUBS TWO,0.6396,0.0102,0.3502
CLUBS THREE DIAMONDS TEN,0.6432,0.0104,0.3464
CLUBS FOUR CLUBS ACE,0.2166,0.0236,0.7598
DIAMONDS TEN DIAMONDS JACK,0.5156,0.0082,0.4762
DIAMONDS TEN DIAMONDS QUEEN,0.5238,0.0078,0.4684
HEARTS TWO DIAMONDS TEN,0.6212,0.0088,0.37
DIAMONDS KING DIAMONDS TEN,0.2288,0.1118,0.6594
HEARTS THREE DIAMONDS TEN,0.6254,0.0074,0.3672
DIAMONDS ACE DIAMONDS TEN,0.3318,0.005,0.6632
HEARTS FOUR DIAMONDS TEN,0.7192,0.0338,0.247
CLUBS EIGHT HEARTS JACK,0.5842,0.0082,0.4076
HEARTS FIVE DIAMONDS TEN,0.5964,0.008,0.3956
CLUBS EIGHT HEARTS TEN,0.5606,0.0066,0.4328
CLUBS EIGHT HEARTS QUEEN,0.5868,0.008,0.4052
CLUBS EIGHT HEARTS KING,0.2382,0.2284,0.5334
CLUBS EIGHT HEARTS ACE,0.3606,0.0048,0.6346
CLUBS NINE SPADES THREE,0.6306,0.0086,0.3608
CLUBS NINE SPADES TWO,0.6326,0.0088,0.3586
CLUBS NINE SPADES FIVE,0.5932,0.008,0.3988
CLUBS NINE SPADES FOUR,0.7358,0.0332,0.231
CLUBS NINE SPADES SEVEN,0.5632,0.0074,0.4294
CLUBS NINE SPADES SIX,0.584,0.0086,0.4074
CLUBS NINE SPADES NINE,0.3124,0.0068,0.6808
CLUBS TEN HEARTS EIGHT,0.5552,0.008,0.4368
CLUBS NINE SPADES EIGHT,0.5658,0.0078,0.4264
HEARTS EIGHT CLUBS JACK,0.5694,0.0064,0.4242
CLUBS QUEEN HEARTS EIGHT,0.5956,0.0084,0.396
CLUBS ACE HEARTS EIGHT,0.3692,0.0044,0.6264
DIAMONDS ACE HEARTS TEN,0.3306,0.0042,0.6652
HEARTS FOUR HEARTS TEN,0.6704,0.0344,0.2952
DIAMONDS ACE HEARTS JACK,0.3478,0.0026,0.6496
HEARTS FOUR HEARTS JACK,0.6756,0.035,0.2894
SPADES KING CLUBS FIVE,0.221,0.4684,0.3106
SPADES QUEEN CLUBS FIVE,0.6084,0.008,0.3836
SPADES ACE CLUBS FIVE,0.3498,0.004,0.6462
HEARTS SEVEN DIAMONDS JACK,0.5702,0.009,0.4208
HEARTS SIX DIAMONDS JACK,0.6046,0.0078,0.3876
DIAMONDS JACK HEARTS NINE,0.5472,0.0078,0.445
DIAMONDS JACK HEARTS EIGHT,0.565,0.0078,0.4272
DIAMONDS KING DIAMONDS JACK,0.2186,0.0798,0.7016
HEARTS THREE DIAMONDS JACK,0.6336,0.0086,0.3578
SPADES ACE SPADES SIX,0.3306,0.0038,0.6656
HEARTS ACE SPADES FOUR,0.2346,0.0282,0.7372
DIAMONDS QUEEN DIAMONDS JACK,0.5276,0.0058,0.4666
HEARTS TWO DIAMONDS JACK,0.6336,0.0086,0.3578
HEARTS FIVE DIAMONDS JACK,0.6032,0.0078,0.389
SPADES QUEEN SPADES SIX,0.5642,0.0086,0.4272
SPADES FOUR HEARTS QUEEN,0.7196,0.04,0.2404
DIAMONDS ACE DIAMONDS JACK,0.3216,0.0064,0.672
HEARTS FOUR DIAMONDS JACK,0.727,0.039,0.234
SPADES KING SPADES SIX,0.217,0.3436,0.4394
SPADES FOUR HEARTS KING,0.023,0.9534,0.0236
SPADES TEN SPADES SIX,0.542,0.01,0.448
SPADES JACK SPADES SIX,0.553,0.0074,0.4396
SPADES FOUR DIAMONDS JACK,0.7148,0.0382,0.247
SPADES FIVE DIAMONDS JACK,0.5988,0.0078,0.3934
DIAMONDS JACK SPADES TWO,0.632,0.0104,0.3576
SPADES THREE DIAMONDS JACK,0.6274,0.0088,0.3638
SPADES ACE DIAMONDS THREE,0.3842,0.0064,0.6094
SPADES QUEEN DIAMONDS THREE,0.6274,0.0088,0.3638
CLUBS EIGHT DIAMONDS JACK,0.5704,0.0068,0.4228
SPADES KING DIAMONDS THREE,0.275,0.4994,0.2256
CLUBS NINE DIAMONDS JACK,0.5522,0.008,0.4398
CLUBS SIX DIAMONDS JACK,0.5994,0.0062,0.3944
CLUBS SEVEN DIAMONDS JACK,0.598,0.0068,0.3952
CLUBS FOUR DIAMONDS JACK,0.7338,0.0362,0.23
CLUBS FIVE DIAMONDS JACK,0.6082,0.008,0.3838
CLUBS TWO DIAMONDS JACK,0.6426,0.0098,0.3476
CLUBS THREE DIAMONDS JACK,0.633,0.007,0.36
SPADES TEN CLUBS FIVE,0.6018,0.0098,0.3884
SPADES JACK HEARTS SIX,0.611,0.006,0.383
HEARTS SIX SPADES TEN,0.5942,0.0066,0.3992
SPADES JACK CLUBS FIVE,0.5946,0.0102,0.3952
SPADES JACK DIAMONDS THREE,0.6456,0.0092,0.3452
CLUBS SEVEN CLUBS ACE,0.3452,0.0054,0.6494
DIAMONDS THREE SPADES TEN,0.6404,0.008,0.3516
CLUBS SEVEN CLUBS QUEEN,0.5764,0.005,0.4186
SPADES NINE DIAMONDS JACK,0.5408,0.0078,0.4514
CLUBS TEN CLUBS SEVEN,0.5492,0.009,0.4418
DIAMONDS ACE HEARTS ACE,0.1194,0.0032,0.8774
HEARTS FOUR HEARTS ACE,0.2158,0.0244,0.7598
SPADES EIGHT DIAMONDS JACK,0.5674,0.0066,0.426
SPADES ACE HEARTS SIX,0.3488,0.0046,0.6466
CLUBS SEVEN CLUBS JACK,0.5628,0.01,0.4272
DIAMONDS ACE HEARTS KING,0.2192,0.0116,0.7692
HEARTS FOUR HEARTS KING,0.0278,0.8926,0.0796
SPADES SEVEN DIAMONDS JACK,0.5948,0.0074,0.3978
SPADES KING HEARTS SIX,0.2302,0.3792,0.3906
DIAMONDS ACE HEARTS QUEEN,0.3452,0.004,0.6508
HEARTS FOUR HEARTS QUEEN,0.69,0.0356,0.2744
SPADES QUEEN HEARTS SIX,0.6148,0.0048,0.3804
SPADES SIX DIAMONDS JACK,0.6194,0.0058,0.3748
DIAMONDS TEN SPADES TWO,0.631,0.0112,0.3578
DIAMONDS TEN SPADES THREE,0.6302,0.0098,0.36
DIAMONDS TEN SPADES FOUR,0.7048,0.0392,0.256
DIAMONDS TEN SPADES FIVE,0.602,0.0094,0.3886
SPADES SIX DIAMONDS TEN,0.578,0.0082,0.4138
SPADES SEVEN DIAMONDS TEN,0.568,0.0058,0.4262
SPADES EIGHT DIAMONDS TEN,0.5474,0.0088,0.4438
SPADES NINE DIAMONDS TEN,0.5412,0.007,0.4518
CLUBS FOUR DIAMONDS TEN,0.717,0.0436,0.2394
CLUBS FIVE DIAMONDS TEN,0.6062,0.009,0.3848
CLUBS SIX DIAMONDS TEN,0.587,0.0082,0.4048
CLUBS SEVEN DIAMONDS TEN,0.5758,0.008,0.4162
CLUBS EIGHT DIAMONDS TEN,0.5642,0.0074,0.4284
CLUBS NINE DIAMONDS TEN,0.5444,0.0088,0.4468
DIAMONDS THREE CLUBS JACK,0.6456,0.0106,0.3438
CLUBS TEN DIAMONDS THREE,0.6288,0.0128,0.3584
DIAMONDS THREE CLUBS QUEEN,0.65,0.0098,0.3402
DIAMONDS THREE CLUBS ACE,0.3646,0.0074,0.628
SPADES FOUR HEARTS JACK,0.7264,0.0348,0.2388
SPADES FOUR HEARTS TEN,0.7256,0.035,0.2394
SPADES FIVE SPADES TWO,0.5812,0.01,0.4088
SPADES FOUR SPADES TWO,0.6528,0.0388,0.3084
SPADES THREE SPADES TWO,0.5936,0.0092,0.3972
SPADES NINE SPADES TWO,0.5886,0.0078,0.4036
SPADES EIGHT SPADES TWO,0.6036,0.0094,0.387
SPADES SEVEN SPADES TWO,0.5924,0.0086,0.399
SPADES SIX SPADES TWO,0.5842,0.0094,0.4064
CLUBS THREE DIAMONDS QUEEN,0.6512,0.0078,0.341
CLUBS THREE HEARTS TWO,0.6546,0.0106,0.3348
CLUBS TWO DIAMONDS QUEEN,0.6308,0.0094,0.3598
HEARTS TWO CLUBS TWO,0.4496,0.0176,0.5328
HEARTS SEVEN DIAMONDS QUEEN,0.5992,0.0076,0.3932
HEARTS SEVEN HEARTS TWO,0.5966,0.0108,0.3926
HEARTS SIX DIAMONDS QUEEN,0.5956,0.0054,0.399
HEARTS SIX HEARTS TWO,0.5894,0.008,0.4026
DIAMONDS QUEEN HEARTS NINE,0.5774,0.009,0.4136
HEARTS TWO HEARTS NINE,0.5906,0.0066,0.4028
DIAMONDS QUEEN HEARTS EIGHT,0.576,0.0066,0.4174
HEARTS TWO HEARTS EIGHT,0.5864,0.009,0.4046
CLUBS NINE HEARTS TWO,0.6208,0.008,0.3712
CLUBS NINE DIAMONDS QUEEN,0.5674,0.0086,0.424
CLUBS EIGHT HEARTS TWO,0.6328,0.0094,0.3578
CLUBS EIGHT DIAMONDS QUEEN,0.589,0.0076,0.4034
CLUBS FIVE DIAMONDS QUEEN,0.612,0.011,0.377
CLUBS FIVE HEARTS TWO,0.6228,0.0082,0.369
SPADES EIGHT HEARTS ACE,0.3618,0.0034,0.6348
CLUBS FOUR DIAMONDS QUEEN,0.7266,0.0374,0.236
CLUBS FOUR HEARTS TWO,0.722,0.0418,0.2362
CLUBS SEVEN DIAMONDS QUEEN,0.599,0.009,0.392
CLUBS SEVEN HEARTS TWO,0.6312,0.01,0.3588
SPADES EIGHT HEARTS QUEEN,0.5768,0.0054,0.4178
CLUBS SIX DIAMONDS QUEEN,0.5972,0.0096,0.3932
CLUBS SIX HEARTS TWO,0.6106,0.0098,0.3796
SPADES EIGHT HEARTS KING,0.2326,0.2178,0.5496
HEARTS TWO SPADES SIX,0.6264,0.009,0.3646
SPADES SIX DIAMONDS QUEEN,0.5966,0.006,0.3974
HEARTS FOUR CLUBS QUEEN,0.738,0.0398,0.2222
DIAMONDS ACE CLUBS QUEEN,0.3564,0.0054,0.6382
SPADES SEVEN DIAMONDS QUEEN,0.5904,0.0074,0.4022
SPADES SEVEN HEARTS TWO,0.6408,0.0106,0.3486
SPADES EIGHT DIAMONDS QUEEN,0.5798,0.0068,0.4134
SPADES EIGHT HEARTS TWO,0.6338,0.0092,0.357
HEARTS FOUR CLUBS ACE,0.236,0.0244,0.7396
DIAMONDS ACE CLUBS ACE,0.104,0.005,0.891
SPADES NINE DIAMONDS QUEEN,0.5656,0.008,0.4264
SPADES NINE HEARTS TWO,0.6234,0.0082,0.3684
HEARTS TWO SPADES TWO,0.4424,0.0216,0.536
DIAMONDS QUEEN SPADES TWO,0.6328,0.01,0.3572
HEARTS TWO SPADES THREE,0.6392,0.0082,0.3526
DIAMONDS QUEEN SPADES THREE,0.6148,0.0076,0.3776
HEARTS TWO SPADES FOUR,0.7142,0.033,0.2528
SPADES FOUR DIAMONDS QUEEN,0.7276,0.0394,0.233
CLUBS TEN HEARTS FOUR,0.7376,0.0332,0.2292
CLUBS TEN DIAMONDS ACE,0.3422,0.0042,0.6536
HEARTS TWO SPADES FIVE,0.6168,0.0094,0.3738
SPADES FIVE DIAMONDS QUEEN,0.591,0.007,0.402
HEARTS FOUR CLUBS JACK,0.731,0.0414,0.2276
DIAMONDS ACE CLUBS JACK,0.3612,0.0056,0.6332
CLUBS FIVE CLUBS QUEEN,0.566,0.0076,0.4264
CLUBS FIVE CLUBS ACE,0.3244,0.0066,0.669
CLUBS FIVE CLUBS JACK,0.5706,0.011,0.4184
CLUBS TEN CLUBS FIVE,0.57,0.0072,0.4228
SPADES KING CLUBS JACK,0.2442,0.0896,0.6662
SPADES QUEEN CLUBS JACK,0.5564,0.009,0.4346
SPADES ACE CLUBS JACK,0.3616,0.0046,0.6338
SPADES SIX CLUBS QUEEN,0.6148,0.0062,0.379
SPADES EIGHT HEARTS JACK,0.5638,0.0064,0.4298
SPADES SIX CLUBS ACE,0.362,0.0056,0.6324
SPADES EIGHT HEARTS TEN,0.57,0.0066,0.4234
SPADES SIX CLUBS JACK,0.5842,0.0092,0.4066
CLUBS TEN SPADES SIX,0.5878,0.006,0.4062
SPADES TEN CLUBS JACK,0.5492,0.006,0.4448
SPADES JACK CLUBS JACK,0.2988,0.0054,0.6958
SPADES QUEEN CLUBS SEVEN,0.601,0.01,0.389
SPADES KING CLUBS SEVEN,0.2424,0.3014,0.4562
SPADES ACE CLUBS SEVEN,0.3752,0.0046,0.6202
SPADES SIX HEARTS TEN,0.5924,0.0062,0.4014
SPADES SIX HEARTS JACK,0.604,0.0036,0.3924
SPADES SIX HEARTS ACE,0.3614,0.0038,0.6348
SPADES SIX HEARTS KING,0.225,0.3894,0.3856
SPADES SIX HEARTS QUEEN,0.5872,0.0054,0.4074
CLUBS SEVEN SPADES JACK,0.5896,0.008,0.4024
CLUBS SEVEN SPADES TEN,0.5722,0.0072,0.4206
CLUBS TEN HEARTS SIX,0.5896,0.007,0.4034
HEARTS SIX CLUBS JACK,0.6092,0.0058,0.385
CLUBS ACE CLUBS JACK,0.34,0.0048,0.6552
HEARTS SIX CLUBS QUEEN,0.6002,0.0074,0.3924
HEARTS SIX CLUBS ACE,0.3604,0.0042,0.6354
CLUBS QUEEN CLUBS JACK,0.5262,0.007,0.4668
DIAMONDS THREE HEARTS ACE,0.3782,0.0052,0.6166
DIAMONDS THREE HEARTS QUEEN,0.6462,0.0092,0.3446
DIAMONDS THREE HEARTS KING,0.2636,0.5136,0.2228
CLUBS FIVE HEARTS JACK,0.5926,0.008,0.3994
SPADES TEN DIAMONDS ACE,0.3468,0.0062,0.647
HEARTS FOUR SPADES TEN,0.7234,0.0388,0.2378
CLUBS FIVE HEARTS TEN,0.6106,0.0104,0.379
HEARTS FOUR SPADES JACK,0.7256,0.0358,0.2386
SPADES JACK DIAMONDS ACE,0.3472,0.0048,0.648
SPADES ACE HEARTS FOUR,0.2322,0.0228,0.745
SPADES ACE DIAMONDS ACE,0.1238,0.0034,0.8728
CLUBS FIVE HEARTS ACE,0.345,0.0032,0.6518
CLUBS FIVE HEARTS KING,0.2158,0.4762,0.308
HEARTS FOUR SPADES QUEEN,0.72,0.0424,0.2376
SPADES QUEEN DIAMONDS ACE,0.3578,0.0056,0.6366
SPADES FOUR CLUBS JACK,0.7308,0.0316,0.2376
CLUBS FIVE HEARTS QUEEN,0.6054,0.0062,0.3884
SPADES KING DIAMONDS ACE,0.2202,0.0108,0.769
SPADES KING HEARTS FOUR,0.0184,0.9602,0.0214
CLUBS TEN SPADES FOUR,0.7252,0.0402,0.2346
DIAMONDS ACE DIAMONDS QUEEN,0.339,0.0058,0.6552
DIAMONDS ACE HEARTS TWO,0.3716,0.0054,0.623
HEARTS FOUR DIAMONDS QUEEN,0.7298,0.0378,0.2324
HEARTS FOUR HEARTS TWO,0.6584,0.0384,0.3032
DIAMONDS THREE HEARTS TEN,0.6228,0.0088,0.3684
HEARTS FIVE DIAMONDS QUEEN,0.6,0.009,0.391
HEARTS FIVE HEARTS TWO,0.5716,0.008,0.4204
DIAMONDS THREE HEARTS JACK,0.6456,0.0106,0.3438
SPADES FOUR CLUBS QUEEN,0.7264,0.0342,0.2394
HEARTS TWO DIAMONDS QUEEN,0.6384,0.0066,0.355
DIAMONDS KING DIAMONDS QUEEN,0.2356,0.0676,0.6968
DIAMONDS KING HEARTS TWO,0.2554,0.5214,0.2232
HEARTS THREE DIAMONDS QUEEN,0.6298,0.007,0.3632
HEARTS THREE HEARTS TWO,0.6228,0.0082,0.369
SPADES FOUR CLUBS ACE,0.2168,0.0278,0.7554
HEARTS TWO CLUBS ACE,0.381,0.006,0.613
DIAMONDS QUEEN CLUBS ACE,0.3314,0.0052,0.6634
HEARTS TWO CLUBS QUEEN,0.6484,0.0092,0.3424
DIAMONDS QUEEN CLUBS QUEEN,0.279,0.007,0.714
SPADES EIGHT SPADES FIVE,0.5494,0.0104,0.4402
CLUBS TEN HEARTS TWO,0.6286,0.007,0.3644
CLUBS TEN DIAMONDS QUEEN,0.5614,0.0086,0.43
SPADES NINE SPADES FIVE,0.5524,0.0074,0.4402
HEARTS TWO CLUBS JACK,0.6466,0.0126,0.3408
DIAMONDS QUEEN CLUBS JACK,0.559,0.007,0.434
SPADES SIX SPADES FIVE,0.5322,0.006,0.4618
SPADES SEVEN SPADES FIVE,0.55,0.0088,0.4412
DIAMONDS FIVE CLUBS QUEEN,0.6102,0.0078,0.382
SPADES EIGHT CLUBS ACE,0.344,0.004,0.652
CLUBS ACE DIAMONDS FIVE,0.3314,0.0052,0.6634
SPADES EIGHT CLUBS QUEEN,0.5962,0.0064,0.3974
SPADES EIGHT CLUBS JACK,0.5852,0.0064,0.4084
CLUBS TEN SPADES EIGHT,0.5642,0.0058,0.43
CLUBS TEN DIAMONDS FIVE,0.5984,0.0092,0.3924
DIAMONDS FIVE CLUBS JACK,0.5964,0.008,0.3956
DIAMONDS TEN HEARTS JACK,0.5368,0.0078,0.4554
DIAMONDS TEN HEARTS TEN,0.2944,0.0068,0.6988
SPADES ACE CLUBS NINE,0.366,0.0052,0.6288
CLUBS NINE SPADES QUEEN,0.5756,0.0064,0.418
CLUBS NINE SPADES KING,0.2386,0.1662,0.5952
HEARTS SIX HEARTS KING,0.22,0.3488,0.4312
DIAMONDS KING SPADES SEVEN,0.2274,0.2952,0.4774
HEARTS THREE SPADES SEVEN,0.6212,0.0086,0.3702
SPADES KING DIAMONDS SEVEN,0.2258,0.3034,0.4708
HEARTS SIX HEARTS QUEEN,0.5672,0.0062,0.4266
SPADES QUEEN DIAMONDS SEVEN,0.607,0.006,0.387
HEARTS THREE SPADES SIX,0.6122,0.009,0.3788
DIAMONDS KING SPADES SIX,0.2148,0.3828,0.4024
SPADES NINE DIAMONDS KING,0.2296,0.1666,0.6038
SPADES NINE HEARTS THREE,0.6222,0.006,0.3718
HEARTS SIX HEARTS ACE,0.3424,0.0044,0.6532
DIAMONDS KING SPADES EIGHT,0.2234,0.2306,0.546
SPADES EIGHT HEARTS THREE,0.6392,0.007,0.3538
SPADES ACE DIAMONDS SEVEN,0.345,0.0036,0.6514
CLUBS NINE HEARTS THREE,0.6306,0.0096,0.3598
CLUBS NINE DIAMONDS KING,0.231,0.1706,0.5984
CLUBS EIGHT HEARTS THREE,0.6502,0.0108,0.339
CLUBS EIGHT DIAMONDS KING,0.225,0.238,0.537
HEARTS THREE SPADES THREE,0.4378,0.0162,0.546
DIAMONDS KING SPADES THREE,0.261,0.5138,0.2252
HEARTS THREE SPADES TWO,0.6388,0.0102,0.351
DIAMONDS KING SPADES TWO,0.2558,0.5196,0.2246
HEARTS THREE SPADES FIVE,0.6132,0.0084,0.3784
DIAMONDS KING SPADES FIVE,0.216,0.4732,0.3108
HEARTS THREE SPADES FOUR,0.6906,0.034,0.2754
DIAMONDS KING SPADES FOUR,0.014,0.9704,0.0156
DIAMONDS KING CLUBS TWO,0.257,0.5236,0.2194
HEARTS THREE CLUBS TWO,0.65,0.009,0.341
DIAMONDS KING CLUBS THREE,0.2552,0.536,0.2088
CLUBS THREE HEARTS THREE,0.4276,0.0206,0.5518
DIAMONDS KING CLUBS FOUR,0.0074,0.9854,0.0072
HEARTS THREE CLUBS FOUR,0.6908,0.0368,0.2724
CLUBS FIVE DIAMONDS KING,0.2054,0.4758,0.3188
CLUBS FIVE HEARTS THREE,0.6048,0.01,0.3852
CLUBS SIX DIAMONDS KING,0.217,0.3908,0.3922
CLUBS SIX HEARTS THREE,0.6218,0.0096,0.3686
CLUBS SEVEN DIAMONDS KING,0.2286,0.304,0.4674
