opposingHand,winningChance,drawChance,lostChance
DIAMONDS ACE SPADES SIX
HEARTS FIVE SPADES TEN,0.6386,0.0038,0.3576
HEARTS FIVE SPADES JACK,0.6248,0.0042,0.371
SPADES FIVE CLUBS JACK,0.646,0.0052,0.3488
CLUBS TEN SPADES FIVE,0.6392,0.0032,0.3576
CLUBS EIGHT CLUBS JACK,0.5366,0.0032,0.4602
CLUBS TEN CLUBS EIGHT,0.5424,0.0046,0.453
CLUBS EIGHT CLUBS KING,0.571,0.005,0.424
SPADES FIVE CLUBS ACE,0.3654,0.3906,0.244
CLUBS EIGHT CLUBS QUEEN,0.555,0.0038,0.4412
SPADES FIVE CLUBS KING,0.63,0.0048,0.3652
SPADES FIVE CLUBS QUEEN,0.634,0.0052,0.3608
CLUBS EIGHT CLUBS ACE,0.2102,0.2054,0.5844
DIAMONDS TWO DIAMONDS THREE,0.6174,0.0056,0.377
DIAMONDS TWO DIAMONDS FIVE,0.6242,0.0056,0.3702
HEARTS FIVE SPADES KING,0.6364,0.0038,0.3598
DIAMONDS TWO DIAMONDS FOUR,0.6234,0.0066,0.37
HEARTS FIVE SPADES QUEEN,0.6166,0.0052,0.3782
DIAMONDS TWO DIAMONDS SEVEN,0.6268,0.003,0.3702
DIAMONDS TWO DIAMONDS SIX,0.703,0.03,0.267
SPADES ACE HEARTS FIVE,0.3844,0.375,0.2406
DIAMONDS TWO DIAMONDS NINE,0.6136,0.0058,0.3806
DIAMONDS TWO DIAMONDS EIGHT,0.6104,0.0052,0.3844
DIAMONDS THREE DIAMONDS FOUR,0.6064,0.0068,0.3868
SPADES FOUR CLUBS TWO,0.6544,0.0066,0.339
DIAMONDS THREE DIAMONDS FIVE,0.6098,0.004,0.3862
SPADES FIVE CLUBS TWO,0.651,0.0058,0.3432
CLUBS TWO SPADES TWO,0.455,0.0058,0.5392
CLUBS TWO SPADES THREE,0.6508,0.0054,0.3438
DIAMONDS THREE DIAMONDS EIGHT,0.63,0.0066,0.3634
SPADES EIGHT CLUBS TWO,0.6256,0.0046,0.3698
DIAMONDS THREE DIAMONDS NINE,0.613,0.0038,0.3832
SPADES NINE CLUBS TWO,0.6358,0.0048,0.3594
DIAMONDS THREE DIAMONDS SIX,0.7014,0.0272,0.2714
DIAMONDS THREE DIAMONDS SEVEN,0.612,0.0048,0.3832
SPADES SEVEN CLUBS TWO,0.646,0.0044,0.3496
CLUBS SIX CLUBS TWO,0.6944,0.0258,0.2798
CLUBS SEVEN CLUBS TWO,0.61,0.004,0.386
CLUBS FOUR CLUBS TWO,0.6,0.0048,0.3952
CLUBS FIVE CLUBS TWO,0.6084,0.004,0.3876
CLUBS TEN CLUBS JACK,0.507,0.0042,0.4888
DIAMONDS FOUR DIAMONDS SIX,0.6832,0.0252,0.2916
CLUBS TEN CLUBS QUEEN,0.5318,0.0048,0.4634
DIAMONDS FOUR DIAMONDS SEVEN,0.6092,0.0044,0.3864
CLUBS TEN CLUBS KING,0.5312,0.0052,0.4636
CLUBS TEN CLUBS ACE,0.2174,0.1116,0.671
CLUBS EIGHT CLUBS TWO,0.6044,0.0034,0.3922
DIAMONDS FIVE DIAMONDS FOUR,0.5898,0.005,0.4052
CLUBS NINE CLUBS TWO,0.5942,0.004,0.4018
DIAMONDS NINE DIAMONDS FOUR,0.6112,0.0056,0.3832
DIAMONDS EIGHT DIAMONDS FOUR,0.6112,0.0058,0.383
CLUBS THREE CLUBS TWO,0.5974,0.0038,0.3988
DIAMONDS NINE DIAMONDS FIVE,0.6166,0.0048,0.3786
DIAMONDS TWO CLUBS JACK,0.6454,0.0046,0.35
DIAMONDS EIGHT DIAMONDS FIVE,0.5988,0.005,0.3962
CLUBS TEN DIAMONDS TWO,0.6476,0.0038,0.3486
DIAMONDS FIVE DIAMONDS SEVEN,0.5916,0.005,0.4034
DIAMONDS FIVE DIAMONDS SIX,0.6604,0.0258,0.3138
DIAMONDS TWO CLUBS ACE,0.3784,0.39,0.2316
DIAMONDS TWO CLUBS KING,0.6384,0.0042,0.3574
DIAMONDS TWO CLUBS QUEEN,0.6564,0.0038,0.3398
DIAMONDS EIGHT DIAMONDS SIX,0.6744,0.0248,0.3008
DIAMONDS NINE DIAMONDS SIX,0.6792,0.0278,0.293
HEARTS ACE SPADES THREE,0.3876,0.3746,0.2378
SPADES THREE HEARTS KING,0.6458,0.004,0.3502
DIAMONDS SEVEN DIAMONDS SIX,0.6656,0.0206,0.3138
SPADES THREE HEARTS QUEEN,0.6384,0.0036,0.358
SPADES THREE HEARTS JACK,0.6316,0.0036,0.3648
SPADES THREE HEARTS TEN,0.635,0.0044,0.3606
DIAMONDS EIGHT DIAMONDS SEVEN,0.54,0.0046,0.4554
DIAMONDS NINE DIAMONDS SEVEN,0.5574,0.0044,0.4382
DIAMONDS NINE DIAMONDS EIGHT,0.5386,0.0062,0.4552
DIAMONDS KING HEARTS TEN,0.5724,0.0034,0.4242
HEARTS THREE HEARTS TEN,0.5948,0.004,0.4012
SPADES JACK CLUBS SIX,0.7418,0.0264,0.2318
DIAMONDS KING HEARTS JACK,0.5792,0.004,0.4168
HEARTS THREE HEARTS JACK,0.5884,0.003,0.4086
SPADES TEN CLUBS SIX,0.72,0.021,0.259
SPADES JACK SPADES FIVE,0.5996,0.006,0.3944
SPADES TEN SPADES FIVE,0.6012,0.0048,0.394
DIAMONDS KING HEARTS ACE,0.2498,0.0442,0.706
HEARTS THREE HEARTS ACE,0.3496,0.3568,0.2936
SPADES ACE CLUBS SIX,0.01,0.9732,0.0168
DIAMONDS KING HEARTS QUEEN,0.5814,0.003,0.4156
HEARTS THREE HEARTS QUEEN,0.5886,0.004,0.4074
SPADES KING CLUBS SIX,0.7366,0.03,0.2334
DIAMONDS KING HEARTS KING,0.2866,0.0038,0.7096
HEARTS THREE HEARTS KING,0.603,0.0048,0.3922
SPADES QUEEN CLUBS SIX,0.733,0.0308,0.2362
SPADES NINE HEARTS TEN,0.5634,0.004,0.4326
SPADES NINE HEARTS JACK,0.562,0.0036,0.4344
SPADES QUEEN SPADES FIVE,0.5972,0.0048,0.398
SPADES KING SPADES FIVE,0.6048,0.0058,0.3894
SPADES ACE SPADES FIVE,0.35,0.372,0.278
SPADES NINE HEARTS QUEEN,0.5716,0.0046,0.4238
SPADES NINE HEARTS KING,0.5886,0.005,0.4064
SPADES NINE HEARTS ACE,0.2334,0.164,0.6026
CLUBS TEN SPADES JACK,0.5438,0.0054,0.4508
CLUBS TEN SPADES TEN,0.315,0.0036,0.6814
SPADES ACE CLUBS TEN,0.231,0.124,0.645
SPADES KING CLUBS TEN,0.564,0.0038,0.4322
CLUBS TEN SPADES QUEEN,0.5576,0.004,0.4384
SPADES FIVE HEARTS QUEEN,0.6516,0.005,0.3434
SPADES FIVE HEARTS KING,0.6356,0.003,0.3614
SPADES FIVE HEARTS ACE,0.3818,0.3838,0.2344
CLUBS EIGHT SPADES TEN,0.5788,0.0032,0.418
SPADES JACK HEARTS THREE,0.6268,0.0044,0.3688
SPADES JACK DIAMONDS KING,0.5686,0.0056,0.4258
SPADES TEN DIAMONDS KING,0.5722,0.0042,0.4236
SPADES TEN HEARTS THREE,0.636,0.007,0.357
SPADES JACK CLUBS EIGHT,0.5678,0.0034,0.4288
CLUBS SIX HEARTS ACE,0.021,0.9572,0.0218
SPADES ACE CLUBS EIGHT,0.219,0.2298,0.5512
HEARTS FIVE CLUBS JACK,0.6224,0.0028,0.3748
HEARTS FIVE CLUBS TEN,0.6306,0.0042,0.3652
CLUBS SIX HEARTS QUEEN,0.733,0.0322,0.2348
SPADES QUEEN CLUBS EIGHT,0.5844,0.0036,0.412
CLUBS TEN SPADES THREE,0.6416,0.0052,0.3532
CLUBS SIX HEARTS KING,0.7252,0.0356,0.2392
SPADES KING CLUBS EIGHT,0.5906,0.003,0.4064
SPADES THREE CLUBS JACK,0.637,0.0044,0.3586
DIAMONDS TWO HEARTS JACK,0.641,0.005,0.354
SPADES THREE CLUBS QUEEN,0.6432,0.0058,0.351
DIAMONDS TWO HEARTS TEN,0.637,0.0038,0.3592
SPADES THREE CLUBS KING,0.645,0.0042,0.3508
HEARTS FIVE CLUBS ACE,0.3576,0.3872,0.2552
SPADES FIVE HEARTS TEN,0.6434,0.006,0.3506
SPADES THREE CLUBS ACE,0.38,0.3842,0.2358
HEARTS FIVE CLUBS KING,0.6314,0.0036,0.365
SPADES FIVE HEARTS JACK,0.6376,0.004,0.3584
HEARTS FIVE CLUBS QUEEN,0.6302,0.003,0.3668
HEARTS THREE CLUBS KING,0.6342,0.0034,0.3624
DIAMONDS KING CLUBS KING,0.2902,0.0042,0.7056
HEARTS THREE CLUBS QUEEN,0.6328,0.004,0.3632
DIAMONDS KING CLUBS QUEEN,0.5782,0.0052,0.4166
HEARTS FIVE HEARTS JACK,0.5926,0.0046,0.4028
HEARTS FIVE HEARTS TEN,0.5888,0.0036,0.4076
HEARTS THREE CLUBS ACE,0.3788,0.3648,0.2564
DIAMONDS KING CLUBS ACE,0.2538,0.0392,0.707
SPADES ACE CLUBS QUEEN,0.2424,0.0578,0.6998
SPADES KING CLUBS QUEEN,0.5722,0.0042,0.4236
HEARTS THREE CLUBS JACK,0.6342,0.0048,0.361
DIAMONDS KING CLUBS JACK,0.573,0.0054,0.4216
SPADES QUEEN CLUBS QUEEN,0.2888,0.0046,0.7066
CLUBS TEN HEARTS THREE,0.6392,0.0046,0.3562
CLUBS TEN DIAMONDS KING,0.5836,0.0044,0.412
SPADES JACK CLUBS QUEEN,0.5598,0.0046,0.4356
CLUBS SIX CLUBS QUEEN,0.6796,0.0296,0.2908
SPADES TEN CLUBS QUEEN,0.559,0.0032,0.4378
CLUBS SIX CLUBS KING,0.6918,0.026,0.2822
CLUBS SIX CLUBS ACE,0.0232,0.9078,0.069
HEARTS FIVE HEARTS KING,0.6004,0.0038,0.3958
HEARTS FIVE HEARTS QUEEN,0.5874,0.0038,0.4088
CLUBS TEN CLUBS SIX,0.6838,0.0242,0.292
HEARTS FIVE HEARTS ACE,0.3498,0.3516,0.2986
CLUBS SIX CLUBS JACK,0.6906,0.0244,0.285
SPADES SEVEN HEARTS JACK,0.5702,0.0036,0.4262
SPADES SEVEN HEARTS TEN,0.5858,0.0048,0.4094
DIAMONDS TWO CLUBS TWO,0.4526,0.0068,0.5406
DIAMONDS TWO CLUBS THREE,0.6548,0.005,0.3402
DIAMONDS TWO HEARTS SIX,0.739,0.0342,0.2268
DIAMONDS TWO HEARTS QUEEN,0.6494,0.0046,0.346
HEARTS SEVEN DIAMONDS TWO,0.6498,0.0042,0.346
DIAMONDS TWO HEARTS KING,0.6412,0.004,0.3548
DIAMONDS TWO HEARTS EIGHT,0.6432,0.0034,0.3534
DIAMONDS TWO HEARTS ACE,0.3726,0.3824,0.245
DIAMONDS TWO HEARTS NINE,0.6506,0.0024,0.347
DIAMONDS TWO DIAMONDS QUEEN,0.6054,0.0066,0.388
DIAMONDS TWO HEARTS TWO,0.4684,0.008,0.5236
DIAMONDS TWO DIAMONDS KING,0.6062,0.006,0.3878
DIAMONDS TWO HEARTS THREE,0.6602,0.0064,0.3334
HEARTS FOUR DIAMONDS TWO,0.6494,0.0044,0.3462
HEARTS FIVE DIAMONDS TWO,0.6548,0.0032,0.342
SPADES SEVEN HEARTS ACE,0.2154,0.2902,0.4944
DIAMONDS TWO DIAMONDS TEN,0.6142,0.0058,0.38
SPADES SEVEN HEARTS KING,0.6072,0.0032,0.3896
DIAMONDS TWO DIAMONDS JACK,0.6022,0.005,0.3928
SPADES SEVEN HEARTS QUEEN,0.5946,0.0048,0.4006
DIAMONDS TWO SPADES NINE,0.6346,0.007,0.3584
DIAMONDS TWO SPADES EIGHT,0.6466,0.0054,0.348
DIAMONDS TWO SPADES SEVEN,0.6516,0.0048,0.3436
DIAMONDS TWO SPADES FIVE,0.6614,0.004,0.3346
DIAMONDS TWO SPADES FOUR,0.6634,0.0062,0.3304
DIAMONDS TWO SPADES THREE,0.6596,0.0054,0.335
DIAMONDS TWO SPADES TWO,0.4768,0.0056,0.5176
CLUBS NINE DIAMONDS TWO,0.6488,0.0064,0.3448
DIAMONDS TWO CLUBS EIGHT,0.6468,0.0056,0.3476
CLUBS SEVEN DIAMONDS TWO,0.6538,0.0034,0.3428
DIAMONDS TWO CLUBS SIX,0.7368,0.0336,0.2296
DIAMONDS TWO CLUBS FIVE,0.6628,0.0034,0.3338
DIAMONDS TWO CLUBS FOUR,0.6496,0.0048,0.3456
CLUBS FOUR SPADES FIVE,0.6248,0.0042,0.371
CLUBS FOUR SPADES FOUR,0.458,0.0058,0.5362
CLUBS FOUR SPADES THREE,0.6436,0.0042,0.3522
CLUBS FOUR SPADES TWO,0.6424,0.005,0.3526
SPADES NINE CLUBS FOUR,0.6392,0.0042,0.3566
SPADES EIGHT CLUBS FOUR,0.629,0.0026,0.3684
SPADES SEVEN CLUBS FOUR,0.6256,0.0062,0.3682
SPADES ACE DIAMONDS SIX,0.0082,0.9852,0.0066
SPADES QUEEN DIAMONDS SIX,0.7354,0.0306,0.234
SPADES KING DIAMONDS SIX,0.7418,0.0302,0.228
SPADES TEN DIAMONDS SIX,0.7172,0.0282,0.2546
SPADES JACK DIAMONDS SIX,0.7466,0.0284,0.225
SPADES QUEEN SPADES TWO,0.5998,0.007,0.3932
SPADES KING SPADES TWO,0.6096,0.0052,0.3852
SPADES ACE SPADES TWO,0.375,0.35,0.275
DIAMONDS JACK CLUBS JACK,0.3044,0.0036,0.692
CLUBS TEN DIAMONDS JACK,0.534,0.0056,0.4604
DIAMONDS JACK CLUBS KING,0.5792,0.0026,0.4182
DIAMONDS JACK CLUBS QUEEN,0.555,0.0034,0.4416
DIAMONDS THREE DIAMONDS JACK,0.6058,0.007,0.3872
DIAMONDS THREE DIAMONDS TEN,0.6086,0.0046,0.3868
DIAMONDS JACK CLUBS ACE,0.2354,0.0894,0.6752
DIAMONDS THREE DIAMONDS KING,0.6132,0.005,0.3818
DIAMONDS THREE HEARTS THREE,0.46,0.0048,0.5352
DIAMONDS THREE DIAMONDS QUEEN,0.6164,0.0056,0.378
DIAMONDS THREE HEARTS TWO,0.669,0.0062,0.3248
HEARTS FIVE DIAMONDS THREE,0.6406,0.0052,0.3542
HEARTS FOUR DIAMONDS THREE,0.6322,0.0044,0.3634
HEARTS SEVEN DIAMONDS THREE,0.634,0.007,0.359
SPADES TEN SPADES NINE,0.5284,0.0054,0.4662
HEARTS SIX DIAMONDS THREE,0.7302,0.0308,0.239
SPADES JACK SPADES NINE,0.5404,0.0042,0.4554
DIAMONDS THREE HEARTS NINE,0.6446,0.006,0.3494
HEARTS JACK DIAMONDS FOUR,0.634,0.004,0.362
HEARTS ACE HEARTS KING,0.229,0.0416,0.7294
SPADES TEN SPADES TWO,0.6004,0.0054,0.3942
DIAMONDS THREE HEARTS EIGHT,0.6532,0.004,0.3428
HEARTS TEN DIAMONDS FOUR,0.637,0.0042,0.3588
SPADES JACK SPADES TWO,0.6034,0.0052,0.3914
HEARTS QUEEN DIAMONDS FOUR,0.6398,0.0042,0.356
HEARTS KING DIAMONDS FOUR,0.6428,0.005,0.3522
SPADES ACE SPADES NINE,0.2254,0.1522,0.6224
HEARTS ACE DIAMONDS FOUR,0.3802,0.383,0.2368
SPADES KING SPADES NINE,0.5646,0.004,0.4314
SPADES QUEEN SPADES NINE,0.554,0.0068,0.4392
DIAMONDS THREE SPADES NINE,0.6422,0.005,0.3528
DIAMONDS THREE SPADES EIGHT,0.656,0.0058,0.3382
DIAMONDS THREE SPADES SEVEN,0.6284,0.006,0.3656
DIAMONDS THREE CLUBS SIX,0.7324,0.031,0.2366
CLUBS FIVE CLUBS SIX,0.651,0.0226,0.3264
CLUBS ACE DIAMONDS FOUR,0.3752,0.3888,0.236
CLUBS SEVEN DIAMONDS THREE,0.6432,0.0056,0.3512
CLUBS SEVEN CLUBS FIVE,0.5624,0.006,0.4316
DIAMONDS THREE CLUBS FOUR,0.6308,0.0058,0.3634
DIAMONDS FOUR CLUBS QUEEN,0.6388,0.0048,0.3564
DIAMONDS THREE CLUBS FIVE,0.64,0.003,0.357
CLUBS KING DIAMONDS FOUR,0.6516,0.0036,0.3448
DIAMONDS THREE CLUBS TWO,0.6624,0.0064,0.3312
CLUBS TEN DIAMONDS FOUR,0.6528,0.005,0.3422
DIAMONDS THREE CLUBS THREE,0.4552,0.0046,0.5402
DIAMONDS FOUR CLUBS JACK,0.639,0.0048,0.3562
DIAMONDS THREE SPADES FOUR,0.6494,0.0062,0.3444
DIAMONDS THREE SPADES FIVE,0.6382,0.0068,0.355
DIAMONDS THREE SPADES TWO,0.662,0.0064,0.3316
DIAMONDS THREE SPADES THREE,0.4618,0.0062,0.532
CLUBS EIGHT DIAMONDS THREE,0.643,0.0046,0.3524
CLUBS NINE DIAMONDS THREE,0.6372,0.006,0.3568
SPADES SEVEN CLUBS ACE,0.2198,0.299,0.4812
SPADES SEVEN CLUBS QUEEN,0.5936,0.0058,0.4006
SPADES SEVEN CLUBS KING,0.5966,0.004,0.3994
CLUBS FIVE SPADES SEVEN,0.611,0.0066,0.3824
CLUBS TEN SPADES SEVEN,0.5862,0.0024,0.4114
SPADES SEVEN CLUBS JACK,0.5918,0.003,0.4052
CLUBS FIVE SPADES NINE,0.6282,0.0026,0.3692
CLUBS FIVE SPADES EIGHT,0.6136,0.0056,0.3808
CLUBS FIVE SPADES THREE,0.6402,0.0042,0.3556
CLUBS FIVE SPADES TWO,0.6518,0.0058,0.3424
CLUBS FIVE SPADES FIVE,0.4514,0.0038,0.5448
CLUBS FIVE SPADES FOUR,0.6202,0.0054,0.3744
CLUBS NINE CLUBS FIVE,0.5904,0.003,0.4066
CLUBS EIGHT CLUBS FIVE,0.582,0.0052,0.4128
CLUBS ACE CLUBS QUEEN,0.2262,0.056,0.7178
CLUBS KING CLUBS QUEEN,0.5448,0.0044,0.4508
DIAMONDS TEN DIAMONDS FOUR,0.6084,0.0046,0.387
CLUBS TEN DIAMONDS NINE,0.562,0.0054,0.4326
DIAMONDS JACK DIAMONDS FOUR,0.604,0.0046,0.3914
DIAMONDS NINE CLUBS JACK,0.572,0.0022,0.4258
SPADES NINE CLUBS JACK,0.5648,0.0052,0.43
CLUBS TEN SPADES NINE,0.5554,0.0032,0.4414
HEARTS FOUR DIAMONDS FOUR,0.4522,0.0044,0.5434
DIAMONDS JACK HEARTS TEN,0.5536,0.0032,0.4432
SPADES NINE CLUBS KING,0.5896,0.0058,0.4046
DIAMONDS TWO SPADES TEN,0.6194,0.0058,0.3748
DIAMONDS NINE CLUBS ACE,0.234,0.1734,0.5926
HEARTS FIVE DIAMONDS FOUR,0.6204,0.0042,0.3754
DIAMONDS JACK HEARTS JACK,0.304,0.0034,0.6926
SPADES NINE CLUBS QUEEN,0.5778,0.004,0.4182
DIAMONDS TWO SPADES JACK,0.6526,0.0056,0.3418
DIAMONDS QUEEN DIAMONDS FOUR,0.6018,0.0058,0.3924
HEARTS TWO DIAMONDS FOUR,0.6608,0.0076,0.3316
DIAMONDS NINE CLUBS QUEEN,0.5966,0.0028,0.4006
DIAMONDS KING DIAMONDS FOUR,0.6214,0.0038,0.3748
HEARTS THREE DIAMONDS FOUR,0.638,0.0044,0.3576
SPADES NINE CLUBS ACE,0.2168,0.1748,0.6084
DIAMONDS NINE CLUBS KING,0.5878,0.0044,0.4078
HEARTS ACE DIAMONDS JACK,0.2452,0.0826,0.6722
SPADES ACE DIAMONDS TWO,0.3772,0.3912,0.2316
HEARTS QUEEN DIAMONDS JACK,0.5632,0.0046,0.4322
SPADES QUEEN DIAMONDS TWO,0.6326,0.0066,0.3608
DIAMONDS JACK HEARTS KING,0.5654,0.0052,0.4294
SPADES KING DIAMONDS TWO,0.6432,0.0058,0.351
SPADES JACK SPADES SEVEN,0.569,0.0052,0.4258
SPADES TEN SPADES SEVEN,0.547,0.0026,0.4504
CLUBS SEVEN CLUBS THREE,0.6044,0.0052,0.3904
CLUBS SIX CLUBS THREE,0.68,0.0256,0.2944
CLUBS FIVE CLUBS THREE,0.5906,0.0038,0.4056
CLUBS THREE CLUBS FOUR,0.5942,0.006,0.3998
CLUBS NINE CLUBS THREE,0.5904,0.0042,0.4054
CLUBS EIGHT CLUBS THREE,0.6012,0.0048,0.394
CLUBS THREE SPADES FIVE,0.6416,0.0058,0.3526
CLUBS THREE SPADES FOUR,0.63,0.0068,0.3632
CLUBS THREE SPADES THREE,0.465,0.0054,0.5296
CLUBS THREE SPADES TWO,0.656,0.0054,0.3386
CLUBS THREE SPADES SEVEN,0.6348,0.0042,0.361
SPADES EIGHT CLUBS THREE,0.637,0.003,0.36
SPADES NINE CLUBS THREE,0.6536,0.0048,0.3416
SPADES TWO DIAMONDS FOUR,0.6582,0.0072,0.3346
SPADES THREE DIAMONDS FOUR,0.6428,0.0054,0.3518
SPADES FOUR DIAMONDS FOUR,0.4638,0.0068,0.5294
SPADES FIVE DIAMONDS FOUR,0.6316,0.0044,0.364
SPADES SEVEN DIAMONDS FOUR,0.6258,0.004,0.3702
SPADES EIGHT DIAMONDS FOUR,0.6294,0.0044,0.3662
SPADES NINE DIAMONDS FOUR,0.6494,0.0082,0.3424
CLUBS FIVE DIAMONDS FOUR,0.6218,0.005,0.3732
CLUBS FOUR DIAMONDS FOUR,0.4648,0.0042,0.531
CLUBS SEVEN DIAMONDS FOUR,0.619,0.0036,0.3774
CLUBS SIX DIAMONDS FOUR,0.7206,0.0236,0.2558
CLUBS NINE DIAMONDS FOUR,0.6454,0.0028,0.3518
CLUBS EIGHT DIAMONDS FOUR,0.6336,0.0042,0.3622
HEARTS SEVEN DIAMONDS FOUR,0.6186,0.0042,0.3772
HEARTS SIX DIAMONDS FOUR,0.7176,0.0224,0.26
DIAMONDS FOUR HEARTS NINE,0.6532,0.0034,0.3434
DIAMONDS FOUR HEARTS EIGHT,0.633,0.0052,0.3618
CLUBS THREE DIAMONDS FOUR,0.6388,0.005,0.3562
CLUBS TWO DIAMONDS FOUR,0.6694,0.004,0.3266
DIAMONDS TEN DIAMONDS FIVE,0.598,0.004,0.398
DIAMONDS JACK DIAMONDS FIVE,0.602,0.0044,0.3936
DIAMONDS NINE HEARTS QUEEN,0.5834,0.0032,0.4134
DIAMONDS NINE HEARTS KING,0.586,0.0048,0.4092
HEARTS ACE DIAMONDS NINE,0.2458,0.1724,0.5818
DIAMONDS NINE HEARTS TEN,0.555,0.0046,0.4404
DIAMONDS NINE HEARTS JACK,0.5602,0.0036,0.4362
CLUBS KING DIAMONDS SIX,0.7444,0.032,0.2236
CLUBS QUEEN DIAMONDS SIX,0.7456,0.0314,0.223
CLUBS ACE DIAMONDS SIX,0.018,0.972,0.01
SPADES KING DIAMONDS FOUR,0.6258,0.007,0.3672
SPADES ACE SPADES SEVEN,0.2142,0.2846,0.5012
SPADES QUEEN DIAMONDS FOUR,0.636,0.0062,0.3578
SPADES QUEEN SPADES SEVEN,0.5726,0.0066,0.4208
CLUBS JACK DIAMONDS SIX,0.7318,0.0274,0.2408
SPADES KING SPADES SEVEN,0.5754,0.0034,0.4212
SPADES ACE DIAMONDS FOUR,0.371,0.3914,0.2376
CLUBS TEN DIAMONDS SIX,0.7206,0.0256,0.2538
CLUBS NINE CLUBS FOUR,0.6014,0.0036,0.395
CLUBS EIGHT CLUBS FOUR,0.5832,0.004,0.4128
SPADES JACK DIAMONDS FOUR,0.6358,0.0056,0.3586
SPADES TEN DIAMONDS FOUR,0.6432,0.0042,0.3526
CLUBS FIVE CLUBS FOUR,0.5764,0.0034,0.4202
CLUBS SEVEN CLUBS FOUR,0.5748,0.0042,0.421
CLUBS SIX CLUBS FOUR,0.678,0.023,0.299
CLUBS SEVEN SPADES EIGHT,0.5772,0.0034,0.4194
CLUBS SEVEN SPADES NINE,0.5766,0.0032,0.4202
CLUBS SEVEN SPADES SEVEN,0.337,0.0032,0.6598
CLUBS SEVEN SPADES FIVE,0.6174,0.003,0.3796
CLUBS SEVEN SPADES FOUR,0.6302,0.0038,0.366
CLUBS SEVEN SPADES THREE,0.6214,0.0058,0.3728
CLUBS SEVEN SPADES TWO,0.648,0.0042,0.3478
CLUBS NINE CLUBS SEVEN,0.545,0.0052,0.4498
CLUBS SEVEN CLUBS EIGHT,0.5372,0.0036,0.4592
HEARTS SIX DIAMONDS FIVE,0.6868,0.0308,0.2824
HEARTS SEVEN DIAMONDS FIVE,0.6228,0.0022,0.375
DIAMONDS FIVE HEARTS EIGHT,0.6266,0.0046,0.3688
DIAMONDS FIVE HEARTS NINE,0.6428,0.0044,0.3528
DIAMONDS QUEEN DIAMONDS FIVE,0.6154,0.0058,0.3788
HEARTS TWO DIAMONDS FIVE,0.6624,0.005,0.3326
HEARTS KING HEARTS EIGHT,0.5582,0.0036,0.4382
DIAMONDS KING DIAMONDS FIVE,0.5896,0.0062,0.4042
HEARTS THREE DIAMONDS FIVE,0.6384,0.0058,0.3558
HEARTS QUEEN HEARTS EIGHT,0.5578,0.0034,0.4388
HEARTS FOUR DIAMONDS FIVE,0.628,0.0056,0.3664
HEARTS FIVE DIAMONDS FIVE,0.4528,0.0052,0.542
HEARTS ACE HEARTS EIGHT,0.2064,0.2178,0.5758
CLUBS FOUR DIAMONDS FIVE,0.6348,0.0044,0.3608
CLUBS FIVE DIAMONDS FIVE,0.4436,0.0028,0.5536
CLUBS SIX DIAMONDS FIVE,0.697,0.0242,0.2788
CLUBS SEVEN DIAMONDS FIVE,0.6122,0.005,0.3828
CLUBS TWO DIAMONDS FIVE,0.6554,0.006,0.3386
CLUBS THREE DIAMONDS FIVE,0.6372,0.0048,0.358
SPADES THREE DIAMONDS FIVE,0.6416,0.006,0.3524
SPADES TWO DIAMONDS FIVE,0.6778,0.004,0.3182
SPADES JACK DIAMONDS EIGHT,0.5648,0.0052,0.43
SPADES FIVE DIAMONDS FIVE,0.4516,0.0048,0.5436
CLUBS TEN HEARTS JACK,0.5338,0.0022,0.464
SPADES TEN DIAMONDS EIGHT,0.5704,0.0046,0.425
SPADES FOUR DIAMONDS FIVE,0.6164,0.006,0.3776
HEARTS JACK CLUBS JACK,0.3116,0.0042,0.6842
HEARTS JACK CLUBS QUEEN,0.5592,0.0034,0.4374
CLUBS NINE DIAMONDS FIVE,0.6254,0.0046,0.37
CLUBS KING HEARTS JACK,0.5664,0.0034,0.4302
CLUBS EIGHT DIAMONDS FIVE,0.6248,0.0056,0.3696
CLUBS ACE HEARTS JACK,0.2354,0.0796,0.685
SPADES SEVEN DIAMONDS FIVE,0.604,0.0044,0.3916
SPADES KING DIAMONDS EIGHT,0.612,0.0056,0.3824
SPADES QUEEN DIAMONDS EIGHT,0.5952,0.0044,0.4004
SPADES NINE DIAMONDS FIVE,0.6322,0.006,0.3618
SPADES EIGHT DIAMONDS FIVE,0.6178,0.0046,0.3776
SPADES ACE DIAMONDS EIGHT,0.2282,0.2276,0.5442
DIAMONDS TEN DIAMONDS SIX,0.698,0.0196,0.2824
HEARTS ACE DIAMONDS SEVEN,0.2284,0.3056,0.466
DIAMONDS JACK DIAMONDS SIX,0.7168,0.0262,0.257
HEARTS QUEEN DIAMONDS SEVEN,0.6104,0.0032,0.3864
HEARTS KING DIAMONDS SEVEN,0.6028,0.0026,0.3946
HEARTS FOUR DIAMONDS SIX,0.7106,0.0262,0.2632
SPADES TWO HEARTS JACK,0.6372,0.0066,0.3562
HEARTS FIVE DIAMONDS SIX,0.691,0.0254,0.2836
SPADES TWO HEARTS TEN,0.6388,0.0056,0.3556
DIAMONDS QUEEN DIAMONDS SIX,0.7072,0.0294,0.2634
HEARTS TWO DIAMONDS SIX,0.7522,0.0298,0.218
DIAMONDS KING DIAMONDS SIX,0.7216,0.0288,0.2496
HEARTS THREE DIAMONDS SIX,0.7178,0.0294,0.2528
HEARTS EIGHT DIAMONDS SIX,0.6982,0.0214,0.2804
HEARTS NINE DIAMONDS SIX,0.7186,0.0268,0.2546
HEARTS SIX DIAMONDS SIX,0.3102,0.0328,0.657
HEARTS SEVEN DIAMONDS SIX,0.701,0.022,0.277
HEARTS TEN DIAMONDS SEVEN,0.5916,0.0054,0.403
CLUBS TWO DIAMONDS SIX,0.7436,0.031,0.2254
HEARTS JACK DIAMONDS SEVEN,0.6044,0.0026,0.393
CLUBS THREE DIAMONDS SIX,0.7198,0.0328,0.2474
CLUBS SEVEN DIAMONDS SIX,0.6958,0.0236,0.2806
DIAMONDS EIGHT CLUBS JACK,0.5772,0.0028,0.42
CLUBS SIX DIAMONDS SIX,0.3084,0.0274,0.6642
CLUBS TEN DIAMONDS EIGHT,0.5906,0.0024,0.407
CLUBS FIVE DIAMONDS SIX,0.6872,0.0238,0.289
CLUBS FOUR DIAMONDS SIX,0.6984,0.031,0.2706
HEARTS ACE HEARTS JACK,0.215,0.0808,0.7042
DIAMONDS EIGHT CLUBS ACE,0.2306,0.229,0.5404
HEARTS QUEEN HEARTS JACK,0.5028,0.0038,0.4934
DIAMONDS EIGHT CLUBS KING,0.6044,0.0046,0.391
CLUBS NINE DIAMONDS SIX,0.7124,0.0258,0.2618
HEARTS KING HEARTS JACK,0.5516,0.0034,0.445
DIAMONDS EIGHT CLUBS QUEEN,0.592,0.0032,0.4048
CLUBS EIGHT DIAMONDS SIX,0.6952,0.023,0.2818
SPADES TEN HEARTS KING,0.5664,0.0052,0.4284
SPADES FIVE DIAMONDS SIX,0.7056,0.028,0.2664
HEARTS ACE SPADES TWO,0.36,0.3908,0.2492
SPADES JACK HEARTS KING,0.5596,0.0044,0.436
SPADES FOUR DIAMONDS SIX,0.7074,0.0306,0.262
SPADES THREE DIAMONDS SIX,0.7442,0.0268,0.229
HEARTS QUEEN SPADES TWO,0.6544,0.0042,0.3414
SPADES ACE SPADES KING,0.2444,0.05,0.7056
SPADES TWO HEARTS KING,0.63,0.0052,0.3648
SPADES TWO DIAMONDS SIX,0.7562,0.0332,0.2106
HEARTS TEN HEARTS EIGHT,0.5426,0.0052,0.4522
SPADES NINE DIAMONDS SIX,0.7328,0.023,0.2442
HEARTS JACK HEARTS EIGHT,0.541,0.0026,0.4564
SPADES EIGHT DIAMONDS SIX,0.7078,0.0242,0.268
SPADES SEVEN DIAMONDS SIX,0.7044,0.0202,0.2754
SPADES KING HEARTS KING,0.2928,0.0044,0.7028
SPADES QUEEN HEARTS KING,0.5664,0.0038,0.4298
CLUBS ACE CLUBS KING,0.2392,0.042,0.7188
SPADES ACE HEARTS KING,0.2454,0.0468,0.7078
SPADES ACE HEARTS JACK,0.2294,0.0824,0.6882
SPADES QUEEN HEARTS JACK,0.5602,0.004,0.4358
SPADES KING HEARTS JACK,0.5632,0.0058,0.431
SPADES TEN DIAMONDS TEN,0.3208,0.0028,0.6764
SPADES JACK DIAMONDS TEN,0.5352,0.0048,0.46
SPADES ACE DIAMONDS TEN,0.2338,0.1208,0.6454
SPADES JACK HEARTS JACK,0.2972,0.0036,0.6992
SPADES TEN HEARTS JACK,0.5424,0.0028,0.4548
SPADES QUEEN DIAMONDS TEN,0.562,0.0066,0.4314
SPADES KING DIAMONDS TEN,0.577,0.0042,0.4188
SPADES NINE DIAMONDS SEVEN,0.582,0.0036,0.4144
SPADES EIGHT DIAMONDS SEVEN,0.567,0.0046,0.4284
SPADES SEVEN DIAMONDS SEVEN,0.3442,0.0042,0.6516
DIAMONDS KING DIAMONDS SEVEN,0.5832,0.0028,0.414
HEARTS THREE DIAMONDS SEVEN,0.636,0.0058,0.3582
HEARTS KING DIAMONDS FIVE,0.6428,0.0044,0.3528
DIAMONDS QUEEN DIAMONDS SEVEN,0.5812,0.004,0.4148
HEARTS TWO DIAMONDS SEVEN,0.6606,0.0048,0.3346
HEARTS QUEEN DIAMONDS FIVE,0.6314,0.0038,0.3648
HEARTS FIVE DIAMONDS SEVEN,0.6242,0.0036,0.3722
HEARTS FOUR DIAMONDS SEVEN,0.6356,0.005,0.3594
HEARTS ACE DIAMONDS FIVE,0.364,0.3854,0.2506
HEARTS SEVEN DIAMONDS SEVEN,0.3464,0.0042,0.6494
HEARTS SIX DIAMONDS SEVEN,0.6952,0.0202,0.2846
DIAMONDS SEVEN HEARTS NINE,0.573,0.004,0.423
HEARTS EIGHT DIAMONDS SEVEN,0.576,0.0046,0.4194
DIAMONDS JACK DIAMONDS SEVEN,0.5578,0.003,0.4392
DIAMONDS FIVE HEARTS JACK,0.6332,0.0046,0.3622
DIAMONDS TEN DIAMONDS SEVEN,0.565,0.0056,0.4294
HEARTS TEN DIAMONDS FIVE,0.6444,0.005,0.3506
SPADES KING CLUBS TWO,0.6286,0.006,0.3654
HEARTS KING CLUBS KING,0.2782,0.0024,0.7194
CLUBS EIGHT DIAMONDS SEVEN,0.5758,0.003,0.4212
SPADES QUEEN CLUBS TWO,0.6328,0.0056,0.3616
HEARTS KING CLUBS QUEEN,0.5742,0.0046,0.4212
CLUBS NINE DIAMONDS SEVEN,0.589,0.0032,0.4078
SPADES TWO CLUBS JACK,0.6332,0.0052,0.3616
SPADES ACE CLUBS TWO,0.383,0.3708,0.2462
CLUBS TEN SPADES TWO,0.646,0.0042,0.3498
HEARTS KING CLUBS ACE,0.2554,0.051,0.6936
CLUBS SEVEN CLUBS SIX,0.6514,0.0204,0.3282
SPADES TWO CLUBS KING,0.6494,0.0054,0.3452
SPADES TWO DIAMONDS SEVEN,0.6524,0.0066,0.341
CLUBS EIGHT CLUBS SIX,0.6522,0.0216,0.3262
SPADES THREE DIAMONDS SEVEN,0.6346,0.0056,0.3598
SPADES TWO CLUBS QUEEN,0.636,0.005,0.359
CLUBS NINE CLUBS SIX,0.6706,0.0248,0.3046
SPADES FOUR DIAMONDS SEVEN,0.6256,0.0068,0.3676
HEARTS KING CLUBS JACK,0.5732,0.0042,0.4226
SPADES FIVE DIAMONDS SEVEN,0.6122,0.005,0.3828
SPADES TWO CLUBS ACE,0.3856,0.3726,0.2418
CLUBS TEN HEARTS KING,0.5848,0.0048,0.4104
CLUBS SIX SPADES TWO,0.7436,0.0298,0.2266
CLUBS SIX SPADES THREE,0.7172,0.026,0.2568
CLUBS TWO DIAMONDS SEVEN,0.6498,0.0044,0.3458
CLUBS SIX SPADES FOUR,0.7108,0.0276,0.2616
CLUBS THREE DIAMONDS SEVEN,0.635,0.0044,0.3606
CLUBS SIX SPADES FIVE,0.7024,0.0312,0.2664
CLUBS FOUR DIAMONDS SEVEN,0.6244,0.0038,0.3718
CLUBS FIVE DIAMONDS SEVEN,0.6026,0.0044,0.393
CLUBS SIX SPADES SEVEN,0.6856,0.0184,0.296
CLUBS SIX DIAMONDS SEVEN,0.695,0.0176,0.2874
CLUBS SIX SPADES EIGHT,0.6978,0.022,0.2802
SPADES JACK CLUBS TWO,0.6448,0.0042,0.351
CLUBS SEVEN DIAMONDS SEVEN,0.3394,0.0032,0.6574
SPADES NINE CLUBS SIX,0.7108,0.0246,0.2646
SPADES TEN CLUBS TWO,0.638,0.0056,0.3564
CLUBS TWO CLUBS QUEEN,0.6032,0.0038,0.393
CLUBS TWO CLUBS KING,0.5892,0.0038,0.407
CLUBS THREE DIAMONDS EIGHT,0.6488,0.0042,0.347
CLUBS TWO CLUBS ACE,0.347,0.3598,0.2932
CLUBS TWO DIAMONDS EIGHT,0.6456,0.004,0.3504
HEARTS SEVEN DIAMONDS EIGHT,0.5734,0.005,0.4216
HEARTS SIX DIAMONDS EIGHT,0.6974,0.0236,0.279
DIAMONDS EIGHT HEARTS NINE,0.5728,0.0034,0.4238
CLUBS TEN CLUBS TWO,0.5902,0.0046,0.4052
DIAMONDS EIGHT HEARTS EIGHT,0.3516,0.0034,0.645
CLUBS TWO CLUBS JACK,0.5882,0.0056,0.4062
CLUBS NINE DIAMONDS EIGHT,0.5674,0.0042,0.4284
CLUBS EIGHT DIAMONDS EIGHT,0.3486,0.0032,0.6482
CLUBS FIVE DIAMONDS EIGHT,0.6184,0.0038,0.3778
SPADES ACE SPADES THREE,0.367,0.3566,0.2764
CLUBS FOUR DIAMONDS EIGHT,0.6374,0.0046,0.358
CLUBS SEVEN DIAMONDS EIGHT,0.5674,0.0046,0.428
SPADES QUEEN SPADES THREE,0.6036,0.0056,0.3908
CLUBS SIX DIAMONDS EIGHT,0.6934,0.0234,0.2832
SPADES KING SPADES THREE,0.6124,0.0066,0.381
DIAMONDS QUEEN DIAMONDS EIGHT,0.5564,0.0038,0.4398
HEARTS TWO DIAMONDS EIGHT,0.637,0.0044,0.3586
DIAMONDS KING DIAMONDS EIGHT,0.5834,0.0048,0.4118
HEARTS THREE DIAMONDS EIGHT,0.6602,0.0066,0.3332
HEARTS FOUR DIAMONDS EIGHT,0.6324,0.0032,0.3644
HEARTS FIVE DIAMONDS EIGHT,0.623,0.0048,0.3722
DIAMONDS EIGHT DIAMONDS TEN,0.5406,0.0034,0.456
DIAMONDS EIGHT DIAMONDS JACK,0.552,0.0058,0.4422
SPADES JACK SPADES THREE,0.6046,0.0068,0.3886
SPADES TEN SPADES THREE,0.6044,0.0066,0.389
CLUBS FOUR HEARTS ACE,0.3722,0.384,0.2438
CLUBS FOUR HEARTS QUEEN,0.632,0.004,0.364
CLUBS FOUR HEARTS KING,0.639,0.003,0.358
CLUBS SIX HEARTS TEN,0.7256,0.0226,0.2518
CLUBS SIX HEARTS JACK,0.7368,0.0274,0.2358
SPADES FOUR DIAMONDS EIGHT,0.6482,0.0048,0.347
SPADES FIVE DIAMONDS EIGHT,0.6292,0.005,0.3658
DIAMONDS EIGHT SPADES TWO,0.649,0.0056,0.3454
DIAMONDS EIGHT SPADES THREE,0.6436,0.005,0.3514
CLUBS FOUR HEARTS JACK,0.6382,0.003,0.3588
SPADES EIGHT DIAMONDS EIGHT,0.3368,0.0036,0.6596
SPADES TEN DIAMONDS QUEEN,0.557,0.0052,0.4378
SPADES TEN HEARTS TWO,0.6228,0.005,0.3722
SPADES JACK HEARTS EIGHT,0.5648,0.0032,0.432
CLUBS FOUR HEARTS TEN,0.6322,0.0034,0.3644
SPADES NINE DIAMONDS EIGHT,0.5656,0.0046,0.4298
SPADES TEN HEARTS EIGHT,0.5684,0.0038,0.4278
SPADES JACK HEARTS TWO,0.6368,0.0046,0.3586
SPADES JACK DIAMONDS QUEEN,0.5562,0.005,0.4388
SPADES SEVEN DIAMONDS EIGHT,0.5722,0.004,0.4238
SPADES ACE HEARTS TWO,0.3744,0.3692,0.2564
SPADES ACE DIAMONDS QUEEN,0.2266,0.0588,0.7146
SPADES ACE HEARTS EIGHT,0.2192,0.2314,0.5494
SPADES KING HEARTS EIGHT,0.5948,0.0032,0.402
SPADES QUEEN HEARTS TWO,0.6414,0.0062,0.3524
SPADES QUEEN DIAMONDS QUEEN,0.2868,0.0028,0.7104
SPADES KING DIAMONDS QUEEN,0.5652,0.0052,0.4296
SPADES KING HEARTS TWO,0.6352,0.0044,0.3604
SPADES QUEEN HEARTS EIGHT,0.5774,0.0052,0.4174
CLUBS TWO HEARTS TEN,0.6336,0.0034,0.363
CLUBS TWO HEARTS JACK,0.6326,0.0042,0.3632
SPADES SEVEN DIAMONDS NINE,0.5802,0.0054,0.4144
SPADES NINE DIAMONDS NINE,0.3208,0.0048,0.6744
SPADES EIGHT DIAMONDS NINE,0.575,0.0042,0.4208
SPADES TEN CLUBS KING,0.5596,0.0034,0.437
DIAMONDS NINE SPADES THREE,0.6524,0.0044,0.3432
SPADES JACK CLUBS KING,0.5506,0.0034,0.446
DIAMONDS NINE SPADES TWO,0.657,0.003,0.34
SPADES FIVE DIAMONDS NINE,0.6376,0.0056,0.3568
DIAMONDS NINE SPADES FOUR,0.6446,0.0052,0.3502
CLUBS NINE DIAMONDS NINE,0.324,0.0054,0.6706
CLUBS EIGHT DIAMONDS NINE,0.5662,0.0038,0.43
CLUBS SIX DIAMONDS NINE,0.7138,0.0206,0.2656
SPADES JACK CLUBS FOUR,0.6248,0.0064,0.3688
CLUBS SEVEN DIAMONDS NINE,0.5816,0.0038,0.4146
SPADES TEN CLUBS FOUR,0.6224,0.0046,0.373
CLUBS FOUR DIAMONDS NINE,0.6476,0.0058,0.3466
CLUBS FIVE DIAMONDS NINE,0.631,0.0054,0.3636
DIAMONDS NINE CLUBS TWO,0.644,0.0066,0.3494
CLUBS THREE DIAMONDS NINE,0.6526,0.0052,0.3422
DIAMONDS NINE HEARTS EIGHT,0.564,0.0042,0.4318
DIAMONDS NINE HEARTS NINE,0.3336,0.0024,0.664
HEARTS SIX DIAMONDS NINE,0.7182,0.0216,0.2602
HEARTS SEVEN DIAMONDS NINE,0.58,0.0022,0.4178
CLUBS NINE CLUBS EIGHT,0.5342,0.0046,0.4612
HEARTS FOUR DIAMONDS NINE,0.6378,0.006,0.3562
HEARTS FIVE DIAMONDS NINE,0.6376,0.0044,0.358
HEARTS ACE CLUBS TWO,0.3816,0.3786,0.2398
SPADES ACE CLUBS FOUR,0.3754,0.375,0.2496
DIAMONDS QUEEN DIAMONDS NINE,0.5392,0.0052,0.4556
HEARTS TWO DIAMONDS NINE,0.644,0.0046,0.3514
CLUBS TWO HEARTS KING,0.6498,0.0042,0.346
SPADES KING CLUBS FOUR,0.6244,0.005,0.3706
DIAMONDS KING DIAMONDS NINE,0.5656,0.0066,0.4278
HEARTS THREE DIAMONDS NINE,0.6398,0.0058,0.3544
CLUBS TWO HEARTS QUEEN,0.6214,0.0036,0.375
SPADES QUEEN CLUBS FOUR,0.6426,0.0048,0.3526
DIAMONDS NINE DIAMONDS JACK,0.5502,0.005,0.4448
CLUBS EIGHT SPADES NINE,0.556,0.003,0.441
DIAMONDS NINE DIAMONDS TEN,0.5392,0.0044,0.4564
CLUBS EIGHT SPADES EIGHT,0.335,0.0026,0.6624
CLUBS EIGHT SPADES SEVEN,0.564,0.0042,0.4318
CLUBS EIGHT SPADES FIVE,0.6226,0.006,0.3714
CLUBS EIGHT SPADES FOUR,0.6422,0.0056,0.3522
CLUBS EIGHT SPADES THREE,0.6382,0.0054,0.3564
CLUBS EIGHT SPADES TWO,0.6504,0.006,0.3436
HEARTS SIX DIAMONDS TEN,0.7318,0.0236,0.2446
HEARTS SEVEN DIAMONDS TEN,0.5866,0.0056,0.4078
DIAMONDS TEN HEARTS EIGHT,0.5792,0.0032,0.4176
CLUBS FOUR CLUBS JACK,0.5992,0.0044,0.3964
DIAMONDS TEN HEARTS NINE,0.555,0.0052,0.4398
CLUBS TEN CLUBS FOUR,0.5774,0.0046,0.418
CLUBS FOUR CLUBS KING,0.5834,0.004,0.4126
CLUBS FOUR CLUBS QUEEN,0.5964,0.0042,0.3994
CLUBS TWO DIAMONDS TEN,0.6332,0.0056,0.3612
CLUBS THREE DIAMONDS TEN,0.6368,0.006,0.3572
CLUBS FOUR CLUBS ACE,0.3486,0.3592,0.2922
DIAMONDS JACK DIAMONDS TEN,0.5122,0.0048,0.483
DIAMONDS QUEEN DIAMONDS TEN,0.5394,0.0038,0.4568
HEARTS TWO DIAMONDS TEN,0.6304,0.0054,0.3642
DIAMONDS KING DIAMONDS TEN,0.5382,0.0046,0.4572
HEARTS THREE DIAMONDS TEN,0.64,0.005,0.355
HEARTS FOUR DIAMONDS TEN,0.6276,0.0034,0.369
CLUBS EIGHT HEARTS JACK,0.582,0.0024,0.4156
HEARTS FIVE DIAMONDS TEN,0.6244,0.005,0.3706
CLUBS EIGHT HEARTS TEN,0.5742,0.0032,0.4226
CLUBS EIGHT HEARTS QUEEN,0.5856,0.004,0.4104
CLUBS EIGHT HEARTS KING,0.6058,0.0036,0.3906
CLUBS EIGHT HEARTS ACE,0.2216,0.2238,0.5546
CLUBS NINE SPADES THREE,0.642,0.0042,0.3538
CLUBS NINE SPADES TWO,0.6418,0.003,0.3552
CLUBS NINE SPADES FIVE,0.6358,0.005,0.3592
CLUBS NINE SPADES FOUR,0.6456,0.002,0.3524
CLUBS NINE SPADES SEVEN,0.5732,0.0052,0.4216
CLUBS NINE SPADES NINE,0.3146,0.0026,0.6828
CLUBS TEN HEARTS EIGHT,0.5768,0.003,0.4202
CLUBS NINE SPADES EIGHT,0.5698,0.0034,0.4268
HEARTS EIGHT CLUBS JACK,0.5752,0.0026,0.4222
CLUBS QUEEN HEARTS EIGHT,0.5942,0.0024,0.4034
CLUBS KING HEARTS EIGHT,0.5954,0.0026,0.402
CLUBS ACE HEARTS EIGHT,0.2408,0.2212,0.538
SPADES KING CLUBS KING,0.2916,0.0024,0.706
SPADES QUEEN CLUBS KING,0.5606,0.0048,0.4346
SPADES ACE CLUBS KING,0.2368,0.0478,0.7154
HEARTS FOUR HEARTS TEN,0.596,0.0036,0.4004
HEARTS FOUR HEARTS JACK,0.5926,0.003,0.4044
SPADES KING CLUBS FIVE,0.6256,0.003,0.3714
SPADES QUEEN CLUBS FIVE,0.6322,0.0044,0.3634
SPADES ACE CLUBS FIVE,0.3722,0.3876,0.2402
HEARTS SEVEN DIAMONDS JACK,0.6048,0.0042,0.391
HEARTS SIX DIAMONDS JACK,0.7386,0.026,0.2354
DIAMONDS JACK HEARTS NINE,0.5728,0.003,0.4242
DIAMONDS JACK HEARTS EIGHT,0.5754,0.0046,0.42
DIAMONDS KING DIAMONDS JACK,0.5464,0.0054,0.4482
HEARTS THREE DIAMONDS JACK,0.6428,0.0048,0.3524
HEARTS ACE SPADES FOUR,0.3796,0.3806,0.2398
DIAMONDS QUEEN DIAMONDS JACK,0.5318,0.0032,0.465
HEARTS TWO DIAMONDS JACK,0.6316,0.0048,0.3636
HEARTS FIVE DIAMONDS JACK,0.635,0.0038,0.3612
SPADES FOUR HEARTS QUEEN,0.6354,0.007,0.3576
HEARTS FOUR DIAMONDS JACK,0.6444,0.0036,0.352
SPADES FOUR HEARTS KING,0.6432,0.0038,0.353
SPADES FOUR DIAMONDS JACK,0.6436,0.0036,0.3528
SPADES FIVE DIAMONDS JACK,0.6458,0.0046,0.3496
DIAMONDS JACK SPADES TWO,0.6362,0.0054,0.3584
SPADES THREE DIAMONDS JACK,0.6436,0.0048,0.3516
SPADES ACE DIAMONDS THREE,0.3708,0.3914,0.2378
SPADES QUEEN DIAMONDS THREE,0.64,0.0052,0.3548
CLUBS EIGHT DIAMONDS JACK,0.5726,0.0042,0.4232
SPADES KING DIAMONDS THREE,0.6426,0.006,0.3514
CLUBS NINE DIAMONDS JACK,0.5696,0.0032,0.4272
CLUBS SIX DIAMONDS JACK,0.7422,0.024,0.2338
CLUBS SEVEN DIAMONDS JACK,0.5946,0.0046,0.4008
CLUBS FOUR DIAMONDS JACK,0.632,0.0042,0.3638
CLUBS FIVE DIAMONDS JACK,0.6498,0.0054,0.3448
CLUBS TWO DIAMONDS JACK,0.64,0.0046,0.3554
CLUBS THREE DIAMONDS JACK,0.6414,0.0042,0.3544
SPADES TEN CLUBS FIVE,0.6272,0.0056,0.3672
SPADES JACK HEARTS SIX,0.7186,0.028,0.2534
HEARTS SIX SPADES TEN,0.7094,0.025,0.2656
SPADES JACK CLUBS FIVE,0.619,0.004,0.377
SPADES JACK DIAMONDS THREE,0.6428,0.0068,0.3504
CLUBS SEVEN CLUBS ACE,0.215,0.2744,0.5106
DIAMONDS THREE SPADES TEN,0.6276,0.005,0.3674
CLUBS SEVEN CLUBS QUEEN,0.5706,0.004,0.4254
CLUBS SEVEN CLUBS KING,0.5608,0.0042,0.435
SPADES NINE DIAMONDS JACK,0.5578,0.0052,0.437
CLUBS TEN CLUBS SEVEN,0.5448,0.0022,0.453
HEARTS FOUR HEARTS ACE,0.3504,0.3614,0.2882
SPADES EIGHT DIAMONDS JACK,0.573,0.0044,0.4226
SPADES ACE HEARTS SIX,0.0108,0.9716,0.0176
CLUBS SEVEN CLUBS JACK,0.5524,0.003,0.4446
HEARTS FOUR HEARTS KING,0.5924,0.0024,0.4052
SPADES SEVEN DIAMONDS JACK,0.589,0.0042,0.4068
SPADES KING HEARTS SIX,0.7332,0.0312,0.2356
HEARTS FOUR HEARTS QUEEN,0.5902,0.0044,0.4054
SPADES QUEEN HEARTS SIX,0.725,0.0338,0.2412
SPADES TWO DIAMONDS TEN,0.6414,0.0054,0.3532
SPADES THREE DIAMONDS TEN,0.6328,0.0054,0.3618
SPADES FOUR DIAMONDS TEN,0.6384,0.0058,0.3558
SPADES FIVE DIAMONDS TEN,0.643,0.0044,0.3526
SPADES SEVEN DIAMONDS TEN,0.5842,0.003,0.4128
SPADES EIGHT DIAMONDS TEN,0.5694,0.0044,0.4262
SPADES NINE DIAMONDS TEN,0.552,0.0048,0.4432
CLUBS FOUR DIAMONDS TEN,0.643,0.0038,0.3532
CLUBS FIVE DIAMONDS TEN,0.6322,0.005,0.3628
CLUBS SIX DIAMONDS TEN,0.7302,0.0224,0.2474
CLUBS SEVEN DIAMONDS TEN,0.5848,0.0034,0.4118
CLUBS EIGHT DIAMONDS TEN,0.5874,0.0044,0.4082
CLUBS NINE DIAMONDS TEN,0.5682,0.0034,0.4284
DIAMONDS THREE CLUBS JACK,0.6412,0.0054,0.3534
CLUBS TEN DIAMONDS THREE,0.6398,0.0028,0.3574
DIAMONDS THREE CLUBS KING,0.6396,0.0042,0.3562
DIAMONDS THREE CLUBS QUEEN,0.6366,0.0048,0.3586
DIAMONDS THREE CLUBS ACE,0.379,0.3824,0.2386
SPADES FOUR HEARTS JACK,0.6234,0.004,0.3726
SPADES FOUR HEARTS TEN,0.6412,0.0036,0.3552
SPADES FIVE SPADES TWO,0.6242,0.0054,0.3704
SPADES FOUR SPADES TWO,0.6356,0.0056,0.3588
SPADES THREE SPADES TWO,0.615,0.0076,0.3774
SPADES NINE SPADES TWO,0.6078,0.0056,0.3866
SPADES EIGHT SPADES TWO,0.6004,0.0046,0.395
SPADES SEVEN SPADES TWO,0.6136,0.0056,0.3808
DIAMONDS QUEEN CLUBS THREE,0.6418,0.0054,0.3528
CLUBS THREE HEARTS TWO,0.6486,0.0058,0.3456
DIAMONDS QUEEN CLUBS TWO,0.6412,0.0038,0.355
HEARTS TWO CLUBS TWO,0.4568,0.0066,0.5366
HEARTS SEVEN DIAMONDS QUEEN,0.6046,0.0038,0.3916
HEARTS SEVEN HEARTS TWO,0.6094,0.0052,0.3854
HEARTS SIX DIAMONDS QUEEN,0.7486,0.0278,0.2236
HEARTS SIX HEARTS TWO,0.6986,0.0278,0.2736
DIAMONDS QUEEN HEARTS NINE,0.5808,0.0032,0.416
HEARTS TWO HEARTS NINE,0.6034,0.0062,0.3904
DIAMONDS QUEEN HEARTS EIGHT,0.6022,0.0036,0.3942
HEARTS TWO HEARTS EIGHT,0.6088,0.005,0.3862
CLUBS NINE HEARTS TWO,0.6306,0.0042,0.3652
CLUBS NINE DIAMONDS QUEEN,0.5844,0.0034,0.4122
CLUBS EIGHT HEARTS TWO,0.632,0.004,0.364
CLUBS EIGHT DIAMONDS QUEEN,0.5894,0.0044,0.4062
CLUBS FIVE DIAMONDS QUEEN,0.6386,0.0036,0.3578
CLUBS FIVE HEARTS TWO,0.6484,0.006,0.3456
SPADES EIGHT HEARTS ACE,0.2166,0.2202,0.5632
DIAMONDS QUEEN CLUBS FOUR,0.6442,0.002,0.3538
CLUBS FOUR HEARTS TWO,0.6622,0.0032,0.3346
CLUBS SEVEN DIAMONDS QUEEN,0.6034,0.0036,0.393
CLUBS SEVEN HEARTS TWO,0.6438,0.0038,0.3524
SPADES EIGHT HEARTS QUEEN,0.5854,0.003,0.4116
CLUBS SIX DIAMONDS QUEEN,0.7494,0.0268,0.2238
CLUBS SIX HEARTS TWO,0.7272,0.031,0.2418
SPADES EIGHT HEARTS KING,0.6028,0.0028,0.3944
HEARTS FOUR CLUBS QUEEN,0.6166,0.0028,0.3806
DIAMONDS QUEEN SPADES SEVEN,0.6076,0.0066,0.3858
SPADES SEVEN HEARTS TWO,0.639,0.0054,0.3556
HEARTS FOUR CLUBS KING,0.649,0.0038,0.3472
DIAMONDS QUEEN SPADES EIGHT,0.5932,0.0048,0.402
SPADES EIGHT HEARTS TWO,0.6274,0.004,0.3686
HEARTS FOUR CLUBS ACE,0.366,0.3894,0.2446
SPADES NINE DIAMONDS QUEEN,0.5804,0.0042,0.4154
SPADES NINE HEARTS TWO,0.6438,0.004,0.3522
HEARTS TWO SPADES TWO,0.4616,0.0072,0.5312
DIAMONDS QUEEN SPADES TWO,0.6446,0.0042,0.3512
HEARTS TWO SPADES THREE,0.6618,0.0064,0.3318
DIAMONDS QUEEN SPADES THREE,0.6472,0.0072,0.3456
HEARTS TWO SPADES FOUR,0.6656,0.0062,0.3282
DIAMONDS QUEEN SPADES FOUR,0.6382,0.0028,0.359
CLUBS TEN HEARTS FOUR,0.622,0.0034,0.3746
HEARTS TWO SPADES FIVE,0.6556,0.0066,0.3378
DIAMONDS QUEEN SPADES FIVE,0.638,0.0066,0.3554
HEARTS FOUR CLUBS JACK,0.6274,0.0048,0.3678
CLUBS FIVE CLUBS KING,0.5822,0.0032,0.4146
CLUBS FIVE CLUBS QUEEN,0.5926,0.0038,0.4036
CLUBS FIVE CLUBS ACE,0.3546,0.3538,0.2916
CLUBS FIVE CLUBS JACK,0.5952,0.0036,0.4012
CLUBS TEN CLUBS FIVE,0.5946,0.0038,0.4016
SPADES KING CLUBS JACK,0.5746,0.0042,0.4212
SPADES QUEEN CLUBS JACK,0.5546,0.0044,0.441
SPADES ACE CLUBS JACK,0.2232,0.0882,0.6886
SPADES EIGHT HEARTS JACK,0.5662,0.0038,0.43
SPADES EIGHT HEARTS TEN,0.5648,0.0036,0.4316
SPADES TEN CLUBS JACK,0.5424,0.0038,0.4538
SPADES JACK CLUBS JACK,0.3,0.0022,0.6978
SPADES QUEEN CLUBS SEVEN,0.5978,0.0034,0.3988
SPADES KING CLUBS SEVEN,0.602,0.0054,0.3926
SPADES ACE CLUBS SEVEN,0.2236,0.2996,0.4768
CLUBS SEVEN SPADES JACK,0.5872,0.0034,0.4094
CLUBS SEVEN SPADES TEN,0.5818,0.004,0.4142
CLUBS TEN HEARTS SIX,0.7152,0.0268,0.258
HEARTS SIX CLUBS JACK,0.7226,0.0294,0.248
CLUBS ACE CLUBS JACK,0.222,0.0768,0.7012
HEARTS SIX CLUBS QUEEN,0.7338,0.031,0.2352
HEARTS SIX CLUBS KING,0.7354,0.0266,0.238
HEARTS SIX CLUBS ACE,0.0206,0.9572,0.0222
CLUBS QUEEN CLUBS JACK,0.517,0.0022,0.4808
CLUBS KING CLUBS JACK,0.5206,0.0038,0.4756
DIAMONDS THREE HEARTS ACE,0.3738,0.3812,0.245
DIAMONDS THREE HEARTS QUEEN,0.628,0.0074,0.3646
DIAMONDS THREE HEARTS KING,0.6406,0.0046,0.3548
CLUBS FIVE HEARTS JACK,0.6306,0.0042,0.3652
HEARTS FOUR SPADES TEN,0.6238,0.003,0.3732
CLUBS FIVE HEARTS TEN,0.64,0.003,0.357
HEARTS FOUR SPADES JACK,0.627,0.005,0.368
SPADES ACE HEARTS FOUR,0.3696,0.387,0.2434
CLUBS FIVE HEARTS ACE,0.3732,0.3658,0.261
CLUBS FIVE HEARTS KING,0.63,0.0046,0.3654
HEARTS FOUR SPADES QUEEN,0.6302,0.0036,0.3662
SPADES FOUR CLUBS JACK,0.6196,0.0052,0.3752
CLUBS FIVE HEARTS QUEEN,0.6358,0.004,0.3602
SPADES KING HEARTS FOUR,0.6356,0.0046,0.3598
CLUBS TEN SPADES FOUR,0.6336,0.003,0.3634
HEARTS FOUR DIAMONDS QUEEN,0.6422,0.0062,0.3516
HEARTS FOUR HEARTS TWO,0.6164,0.004,0.3796
DIAMONDS THREE HEARTS TEN,0.642,0.0052,0.3528
SPADES FOUR CLUBS KING,0.6444,0.003,0.3526
HEARTS FIVE DIAMONDS QUEEN,0.6432,0.0036,0.3532
HEARTS FIVE HEARTS TWO,0.5976,0.0066,0.3958
DIAMONDS THREE HEARTS JACK,0.638,0.0048,0.3572
SPADES FOUR CLUBS QUEEN,0.6274,0.0044,0.3682
DIAMONDS QUEEN HEARTS TWO,0.644,0.0038,0.3522
DIAMONDS KING DIAMONDS QUEEN,0.5488,0.0038,0.4474
DIAMONDS KING HEARTS TWO,0.6542,0.0052,0.3406
DIAMONDS QUEEN HEARTS THREE,0.64,0.0052,0.3548
HEARTS THREE HEARTS TWO,0.6098,0.007,0.3832
SPADES FOUR CLUBS ACE,0.3988,0.3624,0.2388
HEARTS TWO CLUBS ACE,0.3884,0.3716,0.24
DIAMONDS QUEEN CLUBS ACE,0.2472,0.0636,0.6892
HEARTS TWO CLUBS QUEEN,0.6428,0.005,0.3522
DIAMONDS QUEEN CLUBS QUEEN,0.2984,0.0044,0.6972
HEARTS TWO CLUBS KING,0.6392,0.0042,0.3566
DIAMONDS QUEEN CLUBS KING,0.5824,0.0036,0.414
SPADES EIGHT SPADES FIVE,0.585,0.0052,0.4098
CLUBS TEN HEARTS TWO,0.6396,0.005,0.3554
CLUBS TEN DIAMONDS QUEEN,0.5642,0.0034,0.4324
SPADES NINE SPADES FIVE,0.5902,0.004,0.4058
HEARTS TWO CLUBS JACK,0.6298,0.004,0.3662
DIAMONDS QUEEN CLUBS JACK,0.5658,0.0036,0.4306
SPADES SEVEN SPADES FIVE,0.5696,0.0044,0.426
DIAMONDS FIVE CLUBS QUEEN,0.6334,0.002,0.3646
SPADES EIGHT CLUBS ACE,0.2132,0.2342,0.5526
DIAMONDS FIVE CLUBS KING,0.6352,0.0042,0.3606
SPADES EIGHT CLUBS KING,0.5938,0.0036,0.4026
CLUBS ACE DIAMONDS FIVE,0.3746,0.387,0.2384
SPADES EIGHT CLUBS QUEEN,0.586,0.0028,0.4112
SPADES EIGHT CLUBS JACK,0.5792,0.005,0.4158
CLUBS TEN SPADES EIGHT,0.5766,0.0044,0.419
CLUBS TEN DIAMONDS FIVE,0.6412,0.004,0.3548
DIAMONDS FIVE CLUBS JACK,0.6434,0.0054,0.3512
DIAMONDS TEN HEARTS JACK,0.561,0.004,0.435
DIAMONDS TEN HEARTS TEN,0.315,0.004,0.681
SPADES ACE CLUBS NINE,0.226,0.167,0.607
CLUBS NINE SPADES QUEEN,0.5822,0.0036,0.4142
CLUBS NINE SPADES KING,0.5764,0.0038,0.4198
HEARTS SIX HEARTS KING,0.6902,0.0276,0.2822
DIAMONDS KING SPADES SEVEN,0.6052,0.003,0.3918
HEARTS THREE SPADES SEVEN,0.6286,0.0044,0.367
SPADES KING DIAMONDS SEVEN,0.5982,0.005,0.3968
HEARTS SIX HEARTS QUEEN,0.6868,0.0246,0.2886
SPADES QUEEN DIAMONDS SEVEN,0.6106,0.0048,0.3846
DIAMONDS KING SPADES NINE,0.5974,0.0048,0.3978
SPADES NINE HEARTS THREE,0.6358,0.005,0.3592
