opposingHand,winningChance,drawChance,lostChance
DIAMONDS NINE DIAMONDS EIGHT
HEARTS ACE DIAMONDS FOUR,0.466,0.0054,0.5286
SPADES TEN DIAMONDS QUEEN,0.3748,0.012,0.6132
CLUBS THREE CLUBS TWO,0.6112,0.0352,0.3536
SPADES TEN HEARTS FOUR,0.4808,0.0212,0.498
SPADES EIGHT DIAMONDS FOUR,0.687,0.0948,0.2182
HEARTS SEVEN SPADES TEN,0.452,0.0218,0.5262
DIAMONDS TWO HEARTS SIX,0.6594,0.037,0.3036
HEARTS TWO SPADES SEVEN,0.6932,0.034,0.2728
SPADES NINE CLUBS QUEEN,0.3178,0.0448,0.6374
DIAMONDS TEN HEARTS QUEEN,0.3846,0.011,0.6044
CLUBS FIVE HEARTS JACK,0.4752,0.0196,0.5052
HEARTS KING DIAMONDS TEN,0.3968,0.0058,0.5974
DIAMONDS THREE HEARTS TWO,0.6506,0.0374,0.312
HEARTS FOUR CLUBS FOUR,0.4772,0.0584,0.4644
CLUBS NINE HEARTS KING,0.3202,0.0314,0.6484
DIAMONDS ACE HEARTS QUEEN,0.4126,0.0052,0.5822
CLUBS NINE HEARTS JACK,0.3148,0.0512,0.634
HEARTS QUEEN DIAMONDS SEVEN,0.4646,0.01,0.5254
HEARTS EIGHT CLUBS THREE,0.6946,0.0966,0.2088
DIAMONDS JACK DIAMONDS FOUR,0.4314,0.0168,0.5518
SPADES SEVEN CLUBS THREE,0.675,0.0372,0.2878
HEARTS EIGHT SPADES SIX,0.6664,0.097,0.2366
SPADES SEVEN SPADES FIVE,0.5962,0.0366,0.3672
DIAMONDS ACE DIAMONDS FOUR,0.4136,0.0054,0.581
SPADES JACK HEARTS QUEEN,0.3806,0.009,0.6104
CLUBS ACE DIAMONDS FOUR,0.4614,0.0046,0.534
SPADES KING CLUBS FOUR,0.48,0.0094,0.5106
HEARTS SIX SPADES FOUR,0.6448,0.0398,0.3154
CLUBS SIX HEARTS NINE,0.5944,0.2078,0.1978
SPADES SEVEN HEARTS NINE,0.573,0.2116,0.2154
SPADES SIX DIAMONDS QUEEN,0.4492,0.011,0.5398
CLUBS SEVEN SPADES TWO,0.688,0.037,0.275
CLUBS TEN DIAMONDS SEVEN,0.427,0.0274,0.5456
HEARTS ACE DIAMONDS SIX,0.4584,0.0044,0.5372
HEARTS TEN DIAMONDS FOUR,0.4788,0.0298,0.4914
SPADES TEN SPADES SIX,0.45,0.0216,0.5284
CLUBS FIVE CLUBS ACE,0.4406,0.004,0.5554
SPADES NINE CLUBS TWO,0.5906,0.2186,0.1908
HEARTS THREE DIAMONDS ACE,0.4682,0.0028,0.529
DIAMONDS QUEEN DIAMONDS JACK,0.3278,0.01,0.6622
DIAMONDS ACE CLUBS TWO,0.4692,0.0052,0.5256
SPADES EIGHT HEARTS JACK,0.306,0.0538,0.6402
HEARTS SEVEN HEARTS THREE,0.643,0.0352,0.3218
HEARTS SEVEN SPADES SIX,0.6416,0.0392,0.3192
HEARTS FOUR CLUBS QUEEN,0.4818,0.0096,0.5086
HEARTS FOUR SPADES TWO,0.6396,0.041,0.3194
HEARTS FIVE HEARTS QUEEN,0.4446,0.0112,0.5442
DIAMONDS TWO DIAMONDS SEVEN,0.689,0.0358,0.2752
SPADES ACE DIAMONDS KING,0.388,0.0036,0.6084
HEARTS THREE HEARTS TWO,0.6112,0.0394,0.3494
SPADES ACE SPADES NINE,0.3042,0.0228,0.673
SPADES TEN SPADES FIVE,0.4456,0.0218,0.5326
HEARTS SIX SPADES EIGHT,0.6754,0.094,0.2306
SPADES TEN HEARTS JACK,0.3802,0.0144,0.6054
DIAMONDS TWO CLUBS TWO,0.4712,0.0584,0.4704
SPADES ACE DIAMONDS FOUR,0.469,0.0044,0.5266
SPADES TEN DIAMONDS JACK,0.3742,0.0172,0.6086
DIAMONDS THREE SPADES FIVE,0.6388,0.0402,0.321
SPADES TEN CLUBS KING,0.402,0.0076,0.5904
CLUBS FOUR CLUBS TWO,0.6022,0.0362,0.3616
HEARTS FOUR DIAMONDS JACK,0.4772,0.02,0.5028
CLUBS FOUR SPADES TWO,0.6514,0.0384,0.3102
HEARTS SEVEN DIAMONDS TEN,0.4356,0.019,0.5454
SPADES ACE SPADES TWO,0.4358,0.0066,0.5576
CLUBS TEN HEARTS KING,0.402,0.0076,0.5904
CLUBS NINE CLUBS ACE,0.2996,0.023,0.6774
SPADES SIX DIAMONDS SIX,0.4492,0.0656,0.4852
DIAMONDS TEN SPADES TWO,0.4714,0.026,0.5026
SPADES QUEEN CLUBS TWO,0.4828,0.0124,0.5048
HEARTS FOUR SPADES FIVE,0.6392,0.0364,0.3244
CLUBS TEN HEARTS THREE,0.4862,0.0246,0.4892
CLUBS TEN SPADES SEVEN,0.4476,0.0198,0.5326
CLUBS EIGHT HEARTS JACK,0.3124,0.052,0.6356
DIAMONDS KING DIAMONDS FIVE,0.4086,0.0074,0.584
HEARTS SEVEN DIAMONDS TWO,0.6776,0.0424,0.28
CLUBS TWO DIAMONDS SIX,0.663,0.0392,0.2978
SPADES JACK HEARTS TWO,0.4786,0.0182,0.5032
DIAMONDS THREE DIAMONDS SIX,0.6448,0.0402,0.315
SPADES FIVE HEARTS NINE,0.5654,0.218,0.2166
CLUBS TEN DIAMONDS TWO,0.4772,0.0224,0.5004
DIAMONDS SIX HEARTS TEN,0.447,0.026,0.527
CLUBS TWO SPADES TWO,0.4716,0.0622,0.4662
SPADES QUEEN CLUBS ACE,0.412,0.0028,0.5852
CLUBS JACK HEARTS THREE,0.4832,0.0166,0.5002
SPADES KING DIAMONDS FOUR,0.4668,0.006,0.5272
SPADES NINE HEARTS QUEEN,0.319,0.04,0.641
CLUBS JACK SPADES SEVEN,0.4612,0.0168,0.522
DIAMONDS TWO SPADES THREE,0.6444,0.0364,0.3192
CLUBS SIX DIAMONDS KING,0.4714,0.0078,0.5208
SPADES SEVEN SPADES THREE,0.6254,0.0418,0.3328
SPADES NINE DIAMONDS SEVEN,0.5664,0.216,0.2176
HEARTS SEVEN DIAMONDS FOUR,0.6656,0.035,0.2994
HEARTS FIVE SPADES FOUR,0.6418,0.036,0.3222
HEARTS SIX CLUBS EIGHT,0.675,0.0962,0.2288
HEARTS TWO DIAMONDS QUEEN,0.4678,0.0102,0.522
DIAMONDS TEN DIAMONDS SIX,0.403,0.0258,0.5712
CLUBS EIGHT SPADES TEN,0.292,0.0754,0.6326
CLUBS FOUR DIAMONDS SIX,0.6424,0.0364,0.3212
DIAMONDS TEN HEARTS TEN,0.1982,0.0402,0.7616
CLUBS JACK HEARTS EIGHT,0.3082,0.0528,0.639
HEARTS EIGHT HEARTS NINE,0.0666,0.8646,0.0688
SPADES SEVEN CLUBS TWO,0.6994,0.034,0.2666
DIAMONDS TWO CLUBS THREE,0.6498,0.0398,0.3104
DIAMONDS TWO SPADES TWO,0.4652,0.059,0.4758
SPADES ACE HEARTS QUEEN,0.3952,0.0036,0.6012
DIAMONDS QUEEN HEARTS KING,0.387,0.0074,0.6056
CLUBS TEN HEARTS FOUR,0.4718,0.0234,0.5048
SPADES TEN CLUBS SEVEN,0.4412,0.0236,0.5352
CLUBS TEN SPADES FOUR,0.475,0.021,0.504
SPADES FOUR HEARTS NINE,0.5794,0.2164,0.2042
CLUBS NINE SPADES TEN,0.293,0.0744,0.6326
CLUBS JACK DIAMONDS ACE,0.385,0.003,0.612
DIAMONDS ACE CLUBS QUEEN,0.3946,0.0048,0.6006
HEARTS SIX SPADES NINE,0.573,0.2208,0.2062
HEARTS TWO DIAMONDS SEVEN,0.6938,0.0348,0.2714
DIAMONDS SEVEN CLUBS ACE,0.4486,0.005,0.5464
SPADES JACK HEARTS FOUR,0.4834,0.0164,0.5002
CLUBS NINE SPADES THREE,0.5882,0.2132,0.1986
HEARTS FOUR HEARTS KING,0.4544,0.007,0.5386
CLUBS TWO HEARTS ACE,0.4792,0.0056,0.5152
SPADES KING HEARTS KING,0.226,0.0116,0.7624
SPADES SEVEN SPADES SIX,0.6028,0.0352,0.362
SPADES TEN SPADES FOUR,0.4516,0.027,0.5214
CLUBS SEVEN HEARTS FOUR,0.666,0.0348,0.2992
SPADES TEN CLUBS QUEEN,0.3908,0.0078,0.6014
CLUBS TEN DIAMONDS FIVE,0.465,0.0234,0.5116
CLUBS THREE CLUBS KING,0.455,0.0074,0.5376
CLUBS EIGHT CLUBS FOUR,0.655,0.1038,0.2412
CLUBS THREE DIAMONDS SEVEN,0.6728,0.0358,0.2914
CLUBS TWO DIAMONDS QUEEN,0.4806,0.01,0.5094
CLUBS JACK CLUBS NINE,0.2846,0.058,0.6574
HEARTS SEVEN SPADES FOUR,0.6504,0.0388,0.3108
SPADES NINE CLUBS KING,0.3164,0.0304,0.6532
HEARTS ACE SPADES TWO,0.4854,0.004,0.5106
SPADES TWO HEARTS TEN,0.4832,0.0236,0.4932
DIAMONDS TEN CLUBS QUEEN,0.3784,0.0118,0.6098
DIAMONDS THREE HEARTS FOUR,0.6494,0.0372,0.3134
HEARTS QUEEN DIAMONDS SIX,0.4692,0.0088,0.522
SPADES SIX DIAMONDS FOUR,0.6434,0.0396,0.317
SPADES JACK CLUBS TWO,0.4868,0.0152,0.498
SPADES TWO HEARTS NINE,0.5844,0.21,0.2056
HEARTS THREE CLUBS ACE,0.4794,0.0042,0.5164
SPADES SIX CLUBS TWO,0.6722,0.0382,0.2896
SPADES FOUR HEARTS KING,0.465,0.007,0.528
HEARTS TWO SPADES FIVE,0.6516,0.0384,0.31
CLUBS FIVE SPADES THREE,0.6412,0.0402,0.3186
HEARTS SIX DIAMONDS SIX,0.4448,0.06,0.4952
SPADES SEVEN DIAMONDS SIX,0.6268,0.037,0.3362
CLUBS KING HEARTS NINE,0.31,0.0276,0.6624
DIAMONDS TWO CLUBS FIVE,0.643,0.0364,0.3206
DIAMONDS THREE SPADES EIGHT,0.6958,0.1002,0.204
DIAMONDS THREE HEARTS QUEEN,0.4778,0.009,0.5132
SPADES EIGHT SPADES FIVE,0.6252,0.0952,0.2796
HEARTS THREE SPADES EIGHT,0.705,0.1036,0.1914
SPADES ACE CLUBS SIX,0.4592,0.0022,0.5386
SPADES FIVE DIAMONDS FOUR,0.6262,0.0396,0.3342
HEARTS EIGHT SPADES FIVE,0.6674,0.1078,0.2248
DIAMONDS QUEEN SPADES THREE,0.4798,0.0124,0.5078
SPADES ACE CLUBS QUEEN,0.4012,0.0048,0.594
SPADES KING CLUBS EIGHT,0.3354,0.0298,0.6348
SPADES SEVEN HEARTS TEN,0.4508,0.022,0.5272
CLUBS SIX DIAMONDS QUEEN,0.448,0.0132,0.5388
CLUBS FOUR DIAMONDS FIVE,0.6382,0.0344,0.3274
HEARTS TWO CLUBS ACE,0.467,0.005,0.528
CLUBS SEVEN SPADES NINE,0.573,0.2142,0.2128
HEARTS FIVE SPADES THREE,0.6496,0.0384,0.312
SPADES TEN HEARTS TEN,0.2056,0.0366,0.7578
SPADES ACE HEARTS KING,0.394,0.004,0.602
SPADES FIVE SPADES FOUR,0.5896,0.0352,0.3752
DIAMONDS ACE DIAMONDS KING,0.3384,0.0052,0.6564
CLUBS ACE CLUBS KING,0.3756,0.005,0.6194
SPADES FOUR HEARTS ACE,0.4694,0.004,0.5266
CLUBS SEVEN CLUBS QUEEN,0.451,0.0072,0.5418
SPADES JACK DIAMONDS FIVE,0.4718,0.0148,0.5134
HEARTS EIGHT SPADES TWO,0.6922,0.1034,0.2044
SPADES SEVEN HEARTS QUEEN,0.458,0.0086,0.5334
HEARTS THREE SPADES THREE,0.4702,0.0564,0.4734
HEARTS ACE HEARTS KING,0.3762,0.005,0.6188
HEARTS SEVEN SPADES FIVE,0.666,0.0426,0.2914
HEARTS FOUR CLUBS SIX,0.6466,0.0406,0.3128
SPADES SIX SPADES FOUR,0.6276,0.0308,0.3416
DIAMONDS JACK SPADES TWO,0.4868,0.0174,0.4958
CLUBS EIGHT SPADES THREE,0.6866,0.0996,0.2138
CLUBS THREE CLUBS ACE,0.4482,0.0038,0.548
SPADES JACK DIAMONDS ACE,0.3938,0.0044,0.6018
DIAMONDS JACK DIAMONDS SIX,0.4138,0.0206,0.5656
CLUBS JACK DIAMONDS FIVE,0.4642,0.0198,0.516
CLUBS JACK CLUBS KING,0.3794,0.0078,0.6128
CLUBS JACK HEARTS SIX,0.4684,0.0148,0.5168
CLUBS NINE SPADES FIVE,0.5786,0.2032,0.2182
HEARTS SIX CLUBS TWO,0.6648,0.0358,0.2994
SPADES KING CLUBS ACE,0.4028,0.0028,0.5944
SPADES KING CLUBS QUEEN,0.3956,0.0074,0.597
CLUBS FOUR HEARTS KING,0.4802,0.0058,0.514
SPADES THREE DIAMONDS FIVE,0.6422,0.0332,0.3246
SPADES QUEEN SPADES FIVE,0.4486,0.0118,0.5396
SPADES FOUR CLUBS QUEEN,0.481,0.0104,0.5086
HEARTS FOUR HEARTS NINE,0.5582,0.1986,0.2432
DIAMONDS TWO HEARTS QUEEN,0.4762,0.013,0.5108
SPADES EIGHT SPADES THREE,0.6586,0.0916,0.2498
SPADES THREE CLUBS QUEEN,0.4818,0.0128,0.5054
SPADES JACK SPADES FIVE,0.4376,0.0194,0.543
SPADES ACE DIAMONDS TWO,0.4698,0.0046,0.5256
SPADES NINE HEARTS KING,0.3078,0.0306,0.6616
DIAMONDS KING SPADES TWO,0.4608,0.0076,0.5316
DIAMONDS THREE CLUBS EIGHT,0.6776,0.106,0.2164
HEARTS FOUR CLUBS THREE,0.6546,0.0354,0.31
SPADES TEN SPADES THREE,0.4522,0.025,0.5228
SPADES SIX HEARTS NINE,0.5716,0.2134,0.215
HEARTS SIX DIAMONDS FOUR,0.6408,0.0408,0.3184
DIAMONDS JACK SPADES THREE,0.4618,0.0182,0.52
CLUBS ACE HEARTS NINE,0.3186,0.0206,0.6608
CLUBS FIVE CLUBS FOUR,0.598,0.0362,0.3658
CLUBS SIX HEARTS JACK,0.4728,0.0156,0.5116
CLUBS SIX HEARTS ACE,0.4684,0.003,0.5286
HEARTS EIGHT SPADES FOUR,0.6966,0.095,0.2084
SPADES TEN HEARTS ACE,0.399,0.0034,0.5976
SPADES KING DIAMONDS QUEEN,0.4014,0.0058,0.5928
CLUBS JACK HEARTS FOUR,0.4912,0.0192,0.4896
CLUBS SEVEN DIAMONDS FOUR,0.6592,0.037,0.3038
CLUBS KING DIAMONDS FOUR,0.4656,0.009,0.5254
SPADES FIVE DIAMONDS TEN,0.4814,0.022,0.4966
SPADES NINE DIAMONDS QUEEN,0.3058,0.0442,0.65
SPADES FIVE SPADES THREE,0.5972,0.0372,0.3656
CLUBS NINE CLUBS EIGHT,0.0622,0.8664,0.0714
HEARTS TWO HEARTS JACK,0.453,0.0132,0.5338
HEARTS THREE SPADES SEVEN,0.6664,0.0372,0.2964
SPADES TEN DIAMONDS SIX,0.453,0.0226,0.5244
HEARTS FIVE HEARTS ACE,0.4364,0.0042,0.5594
CLUBS THREE SPADES TWO,0.6554,0.0394,0.3052
HEARTS EIGHT SPADES QUEEN,0.3226,0.0408,0.6366
DIAMONDS ACE HEARTS ACE,0.21,0.0034,0.7866
DIAMONDS TWO HEARTS NINE,0.5692,0.2202,0.2106
CLUBS SIX DIAMONDS TEN,0.445,0.026,0.529
SPADES TEN HEARTS THREE,0.4794,0.025,0.4956
CLUBS FOUR HEARTS ACE,0.4672,0.004,0.5288
CLUBS FIVE SPADES SEVEN,0.6494,0.0382,0.3124
DIAMONDS KING DIAMONDS QUEEN,0.3518,0.009,0.6392
HEARTS TWO DIAMONDS SIX,0.6796,0.0368,0.2836
CLUBS FIVE DIAMONDS ACE,0.444,0.0058,0.5502
CLUBS FIVE HEARTS TEN,0.4782,0.0208,0.501
SPADES THREE SPADES TWO,0.596,0.0386,0.3654
CLUBS SEVEN SPADES EIGHT,0.6668,0.0988,0.2344
CLUBS EIGHT CLUBS SIX,0.639,0.0958,0.2652
CLUBS JACK HEARTS FIVE,0.4836,0.0184,0.498
DIAMONDS THREE CLUBS FIVE,0.6244,0.0386,0.337
HEARTS FIVE DIAMONDS SEVEN,0.6474,0.0398,0.3128
CLUBS SIX SPADES FOUR,0.6574,0.034,0.3086
SPADES FOUR HEARTS TEN,0.4832,0.0212,0.4956
HEARTS FOUR DIAMONDS SIX,0.6534,0.0372,0.3094
SPADES NINE DIAMONDS JACK,0.2888,0.0578,0.6534
CLUBS TWO CLUBS ACE,0.452,0.0044,0.5436
HEARTS EIGHT HEARTS KING,0.3168,0.0252,0.658
CLUBS SEVEN CLUBS FOUR,0.6158,0.039,0.3452
SPADES FIVE CLUBS QUEEN,0.48,0.0118,0.5082
DIAMONDS SIX CLUBS QUEEN,0.4694,0.012,0.5186
CLUBS SIX CLUBS ACE,0.4328,0.0052,0.562
SPADES SEVEN SPADES TWO,0.6454,0.0384,0.3162
HEARTS THREE HEARTS NINE,0.5452,0.2098,0.245
HEARTS EIGHT DIAMONDS KING,0.3098,0.0282,0.662
DIAMONDS TWO HEARTS FOUR,0.6452,0.0372,0.3176
CLUBS TWO HEARTS TEN,0.4798,0.024,0.4962
HEARTS TWO CLUBS TWO,0.4656,0.0598,0.4746
SPADES ACE HEARTS TWO,0.4776,0.0034,0.519
SPADES EIGHT SPADES FOUR,0.6476,0.0988,0.2536
HEARTS EIGHT CLUBS FOUR,0.6924,0.0998,0.2078
HEARTS QUEEN HEARTS JACK,0.3764,0.0086,0.615
CLUBS SEVEN HEARTS KING,0.469,0.005,0.526
CLUBS TWO DIAMONDS SEVEN,0.687,0.0376,0.2754
CLUBS EIGHT HEARTS FOUR,0.6904,0.0962,0.2134
SPADES FOUR SPADES TWO,0.6166,0.0346,0.3488
CLUBS TEN DIAMONDS JACK,0.3752,0.0128,0.612
CLUBS TWO DIAMONDS TEN,0.477,0.0214,0.5016
SPADES TEN SPADES SEVEN,0.4218,0.024,0.5542
SPADES EIGHT HEARTS TEN,0.2992,0.0642,0.6366
CLUBS FIVE CLUBS KING,0.447,0.0076,0.5454
SPADES KING HEARTS FIVE,0.469,0.0088,0.5222
HEARTS SIX CLUBS SIX,0.4392,0.0556,0.5052
DIAMONDS KING SPADES FIVE,0.459,0.0078,0.5332
HEARTS TWO SPADES THREE,0.6502,0.0354,0.3144
SPADES JACK SPADES SEVEN,0.446,0.0124,0.5416
DIAMONDS TEN HEARTS JACK,0.3596,0.0138,0.6266
CLUBS TWO DIAMONDS FOUR,0.6414,0.0374,0.3212
HEARTS EIGHT CLUBS KING,0.3324,0.028,0.6396
DIAMONDS KING CLUBS ACE,0.3926,0.0036,0.6038
DIAMONDS TEN CLUBS KING,0.3766,0.011,0.6124
CLUBS NINE DIAMONDS TEN,0.2768,0.0776,0.6456
SPADES SEVEN HEARTS KING,0.4662,0.006,0.5278
CLUBS THREE DIAMONDS FOUR,0.6452,0.0346,0.3202
DIAMONDS KING HEARTS NINE,0.2988,0.036,0.6652
CLUBS JACK SPADES FOUR,0.4766,0.0176,0.5058
DIAMONDS THREE SPADES FOUR,0.661,0.0362,0.3028
SPADES ACE SPADES FOUR,0.4428,0.0032,0.554
DIAMONDS THREE HEARTS FIVE,0.6382,0.0386,0.3232
SPADES THREE HEARTS NINE,0.5728,0.2226,0.2046
SPADES NINE HEARTS NINE,0.1834,0.0656,0.751
HEARTS SEVEN CLUBS THREE,0.6798,0.0358,0.2844
DIAMONDS THREE CLUBS SEVEN,0.676,0.0344,0.2896
CLUBS FIVE DIAMONDS FOUR,0.6246,0.0352,0.3402
CLUBS SEVEN HEARTS THREE,0.6742,0.0406,0.2852
SPADES EIGHT CLUBS QUEEN,0.3164,0.0394,0.6442
DIAMONDS TWO SPADES FIVE,0.6424,0.0374,0.3202
HEARTS THREE DIAMONDS JACK,0.4722,0.0158,0.512
CLUBS NINE DIAMONDS JACK,0.2686,0.0606,0.6708
DIAMONDS TWO SPADES SIX,0.6648,0.0378,0.2974
CLUBS TWO SPADES FOUR,0.6514,0.0414,0.3072
SPADES FOUR DIAMONDS FIVE,0.65,0.0324,0.3176
DIAMONDS FIVE DIAMONDS FOUR,0.6264,0.038,0.3356
HEARTS FIVE SPADES SEVEN,0.6552,0.0328,0.312
DIAMONDS FIVE CLUBS QUEEN,0.4642,0.0124,0.5234
HEARTS EIGHT SPADES EIGHT,0.3664,0.053,0.5806
CLUBS THREE DIAMONDS QUEEN,0.466,0.0144,0.5196
SPADES FIVE DIAMONDS SEVEN,0.6584,0.036,0.3056
SPADES KING HEARTS SEVEN,0.4612,0.0078,0.531
SPADES FOUR DIAMONDS SEVEN,0.6606,0.0412,0.2982
HEARTS FIVE CLUBS TWO,0.667,0.0412,0.2918
HEARTS FOUR SPADES THREE,0.6476,0.0416,0.3108
HEARTS QUEEN CLUBS ACE,0.4082,0.005,0.5868
CLUBS TWO SPADES THREE,0.6504,0.0362,0.3134
CLUBS FIVE HEARTS NINE,0.5738,0.2004,0.2258
DIAMONDS KING DIAMONDS JACK,0.3556,0.0082,0.6362
DIAMONDS ACE SPADES TWO,0.4678,0.0052,0.527
HEARTS SEVEN SPADES THREE,0.677,0.0358,0.2872
SPADES EIGHT CLUBS FIVE,0.6708,0.1016,0.2276
SPADES SEVEN DIAMONDS FOUR,0.6586,0.037,0.3044
DIAMONDS TWO SPADES SEVEN,0.6812,0.0372,0.2816
CLUBS TEN HEARTS TEN,0.2078,0.041,0.7512
HEARTS THREE CLUBS KING,0.475,0.0078,0.5172
CLUBS TEN SPADES SIX,0.4524,0.0268,0.5208
SPADES EIGHT DIAMONDS ACE,0.324,0.0216,0.6544
HEARTS TWO CLUBS THREE,0.6488,0.0358,0.3154
DIAMONDS TWO DIAMONDS FOUR,0.6462,0.0404,0.3134
SPADES JACK HEARTS FIVE,0.4936,0.014,0.4924
SPADES JACK DIAMONDS SEVEN,0.4406,0.0164,0.543
CLUBS QUEEN DIAMONDS FOUR,0.4764,0.0116,0.512
SPADES TWO HEARTS JACK,0.4706,0.0186,0.5108
SPADES ACE CLUBS FIVE,0.4808,0.005,0.5142
HEARTS KING SPADES TWO,0.4812,0.0082,0.5106
HEARTS SEVEN CLUBS FIVE,0.6596,0.0358,0.3046
DIAMONDS ACE SPADES THREE,0.4668,0.0062,0.527
CLUBS NINE HEARTS QUEEN,0.3176,0.0416,0.6408
SPADES JACK SPADES FOUR,0.4584,0.0132,0.5284
HEARTS FOUR HEARTS TWO,0.615,0.0336,0.3514
SPADES KING CLUBS TWO,0.4788,0.0076,0.5136
CLUBS TEN SPADES TWO,0.4952,0.0232,0.4816
SPADES SEVEN CLUBS KING,0.4566,0.0078,0.5356
CLUBS TWO HEARTS NINE,0.564,0.2244,0.2116
SPADES TEN DIAMONDS ACE,0.3806,0.0058,0.6136
CLUBS SEVEN CLUBS FIVE,0.5952,0.0356,0.3692
HEARTS ACE DIAMONDS SEVEN,0.4658,0.0046,0.5296
DIAMONDS SEVEN HEARTS JACK,0.4476,0.0174,0.535
SPADES ACE DIAMONDS THREE,0.4666,0.0044,0.529
HEARTS SIX SPADES THREE,0.6572,0.0382,0.3046
HEARTS ACE HEARTS NINE,0.3118,0.0206,0.6676
SPADES ACE SPADES JACK,0.3858,0.005,0.6092
HEARTS SEVEN HEARTS TEN,0.4332,0.0212,0.5456
SPADES FIVE HEARTS ACE,0.4688,0.0044,0.5268
HEARTS SIX HEARTS TWO,0.6364,0.034,0.3296
DIAMONDS KING HEARTS TEN,0.3934,0.006,0.6006
CLUBS EIGHT HEARTS TWO,0.6854,0.1038,0.2108
DIAMONDS TWO DIAMONDS QUEEN,0.4436,0.013,0.5434
SPADES ACE CLUBS NINE,0.3334,0.0204,0.6462
CLUBS FOUR HEARTS TEN,0.4778,0.021,0.5012
DIAMONDS THREE CLUBS FOUR,0.6466,0.0352,0.3182
DIAMONDS THREE DIAMONDS FOUR,0.6496,0.0392,0.3112
DIAMONDS TWO SPADES TEN,0.4708,0.0224,0.5068
HEARTS FIVE SPADES TWO,0.6562,0.0372,0.3066
DIAMONDS SEVEN CLUBS QUEEN,0.4574,0.0118,0.5308
CLUBS NINE SPADES SEVEN,0.5688,0.2138,0.2174
SPADES SEVEN DIAMONDS KING,0.4428,0.0076,0.5496
SPADES ACE CLUBS ACE,0.2258,0.0032,0.771
SPADES KING SPADES QUEEN,0.3808,0.007,0.6122
HEARTS TWO SPADES SIX,0.659,0.0364,0.3046
DIAMONDS TEN HEARTS NINE,0.2684,0.0734,0.6582
DIAMONDS QUEEN SPADES FOUR,0.4738,0.0124,0.5138
HEARTS FIVE CLUBS ACE,0.4702,0.0032,0.5266
SPADES JACK CLUBS EIGHT,0.3146,0.0494,0.636
CLUBS THREE DIAMONDS FIVE,0.6434,0.0396,0.317
SPADES ACE CLUBS JACK,0.4226,0.0034,0.574
DIAMONDS TWO CLUBS ACE,0.4672,0.0042,0.5286
SPADES KING DIAMONDS FIVE,0.458,0.0076,0.5344
DIAMONDS TWO SPADES NINE,0.5764,0.222,0.2016
CLUBS EIGHT SPADES TWO,0.6964,0.094,0.2096
HEARTS JACK HEARTS NINE,0.2706,0.0528,0.6766
CLUBS JACK SPADES JACK,0.2212,0.0326,0.7462
DIAMONDS JACK CLUBS QUEEN,0.3676,0.0094,0.623
HEARTS SIX DIAMONDS SEVEN,0.6462,0.0316,0.3222
CLUBS SEVEN DIAMONDS TEN,0.4436,0.0218,0.5346
DIAMONDS QUEEN CLUBS QUEEN,0.2156,0.0242,0.7602
HEARTS THREE CLUBS FOUR,0.6346,0.0378,0.3276
DIAMONDS TWO HEARTS FIVE,0.6456,0.0434,0.311
HEARTS EIGHT CLUBS QUEEN,0.3338,0.0386,0.6276
SPADES SIX DIAMONDS FIVE,0.6384,0.0392,0.3224
CLUBS SIX HEARTS TWO,0.671,0.0378,0.2912
SPADES SIX CLUBS THREE,0.6584,0.0336,0.308
CLUBS SIX HEARTS THREE,0.6602,0.0382,0.3016
CLUBS FIVE DIAMONDS KING,0.4674,0.007,0.5256
SPADES JACK HEARTS KING,0.3954,0.0044,0.6002
DIAMONDS ACE HEARTS NINE,0.313,0.024,0.663
SPADES TEN CLUBS ACE,0.422,0.003,0.575
SPADES FIVE CLUBS KING,0.4652,0.0068,0.528
HEARTS SEVEN CLUBS ACE,0.4572,0.0034,0.5394
CLUBS SEVEN DIAMONDS FIVE,0.6462,0.0386,0.3152
SPADES QUEEN SPADES THREE,0.4452,0.0114,0.5434
DIAMONDS TEN CLUBS ACE,0.3942,0.0044,0.6014
CLUBS NINE HEARTS TWO,0.5692,0.2204,0.2104
CLUBS NINE CLUBS FOUR,0.5538,0.201,0.2452
HEARTS FIVE CLUBS KING,0.4616,0.006,0.5324
DIAMONDS KING HEARTS JACK,0.3982,0.0072,0.5946
SPADES KING SPADES SIX,0.4356,0.0076,0.5568
HEARTS SEVEN HEARTS JACK,0.4278,0.0146,0.5576
HEARTS FIVE CLUBS SIX,0.64,0.0378,0.3222
CLUBS SEVEN HEARTS QUEEN,0.4604,0.0104,0.5292
CLUBS TEN HEARTS SIX,0.4702,0.0238,0.506
SPADES TEN DIAMONDS SEVEN,0.4396,0.0248,0.5356
CLUBS TWO HEARTS KING,0.4806,0.0076,0.5118
CLUBS JACK CLUBS TWO,0.4602,0.0164,0.5234
HEARTS SEVEN CLUBS TWO,0.693,0.039,0.268
DIAMONDS THREE HEARTS SIX,0.6448,0.0396,0.3156
SPADES JACK HEARTS TEN,0.3756,0.012,0.6124
CLUBS JACK DIAMONDS QUEEN,0.3862,0.0104,0.6034
SPADES EIGHT DIAMONDS QUEEN,0.3116,0.0362,0.6522
HEARTS KING CLUBS ACE,0.407,0.0038,0.5892
CLUBS FIVE DIAMONDS SEVEN,0.6406,0.0384,0.321
HEARTS EIGHT HEARTS FIVE,0.6416,0.0916,0.2668
SPADES QUEEN HEARTS JACK,0.3918,0.0074,0.6008
SPADES TWO DIAMONDS SIX,0.6708,0.0392,0.29
SPADES QUEEN CLUBS FOUR,0.4756,0.0112,0.5132
CLUBS SEVEN DIAMONDS ACE,0.4504,0.0046,0.545
SPADES JACK SPADES EIGHT,0.3006,0.0494,0.65
SPADES NINE DIAMONDS KING,0.297,0.0306,0.6724
HEARTS FIVE CLUBS FOUR,0.6308,0.0352,0.334
HEARTS THREE HEARTS JACK,0.4574,0.015,0.5276
HEARTS SIX SPADES TEN,0.4634,0.022,0.5146
SPADES QUEEN DIAMONDS SIX,0.4624,0.0104,0.5272
SPADES ACE HEARTS SIX,0.4614,0.0046,0.534
SPADES THREE DIAMONDS TEN,0.4674,0.0244,0.5082
DIAMONDS ACE HEARTS TEN,0.4052,0.004,0.5908
CLUBS SIX SPADES THREE,0.6626,0.0378,0.2996
SPADES FIVE HEARTS JACK,0.4632,0.0166,0.5202
SPADES KING HEARTS THREE,0.4746,0.007,0.5184
CLUBS SEVEN HEARTS TEN,0.4492,0.0208,0.53
CLUBS SEVEN CLUBS SIX,0.5978,0.0386,0.3636
SPADES ACE CLUBS EIGHT,0.3404,0.0212,0.6384
HEARTS EIGHT HEARTS TWO,0.6532,0.0998,0.247
CLUBS SIX DIAMONDS FIVE,0.6412,0.0398,0.319
CLUBS SEVEN DIAMONDS JACK,0.455,0.0152,0.5298
SPADES EIGHT HEARTS NINE,0.0684,0.9108,0.0208
SPADES FIVE CLUBS TWO,0.6478,0.0428,0.3094
SPADES KING SPADES TWO,0.4454,0.007,0.5476
CLUBS EIGHT DIAMONDS FOUR,0.6862,0.1056,0.2082
SPADES ACE DIAMONDS QUEEN,0.3986,0.003,0.5984
SPADES NINE HEARTS TEN,0.2854,0.0754,0.6392
HEARTS KING CLUBS KING,0.2184,0.0104,0.7712
SPADES SEVEN DIAMONDS JACK,0.4414,0.0178,0.5408
DIAMONDS KING SPADES FOUR,0.465,0.0062,0.5288
DIAMONDS TWO CLUBS SEVEN,0.6944,0.0334,0.2722
DIAMONDS KING CLUBS KING,0.2238,0.011,0.7652
HEARTS THREE DIAMONDS SIX,0.6596,0.0358,0.3046
HEARTS TEN HEARTS NINE,0.2822,0.0704,0.6474
HEARTS EIGHT HEARTS THREE,0.642,0.1002,0.2578
CLUBS SEVEN SPADES THREE,0.6666,0.0414,0.292
SPADES THREE DIAMONDS SEVEN,0.6722,0.0348,0.293
SPADES NINE HEARTS JACK,0.3014,0.0522,0.6464
SPADES EIGHT DIAMONDS KING,0.319,0.0288,0.6522
DIAMONDS THREE CLUBS QUEEN,0.4728,0.0134,0.5138
SPADES KING SPADES SEVEN,0.4394,0.0072,0.5534
HEARTS EIGHT HEARTS JACK,0.2934,0.0514,0.6552
DIAMONDS SIX CLUBS KING,0.465,0.0068,0.5282
CLUBS JACK CLUBS FIVE,0.429,0.016,0.555
SPADES FIVE HEARTS TEN,0.4816,0.0268,0.4916
SPADES TEN CLUBS TWO,0.476,0.026,0.498
DIAMONDS JACK DIAMONDS SEVEN,0.4034,0.0172,0.5794
HEARTS THREE DIAMONDS KING,0.4706,0.0068,0.5226
SPADES FOUR CLUBS KING,0.4796,0.0078,0.5126
CLUBS SEVEN CLUBS THREE,0.6388,0.0368,0.3244
DIAMONDS THREE DIAMONDS SEVEN,0.6738,0.0384,0.2878
SPADES ACE HEARTS EIGHT,0.3324,0.0228,0.6448
CLUBS SIX SPADES SIX,0.456,0.0606,0.4834
SPADES NINE DIAMONDS FIVE,0.562,0.217,0.221
CLUBS FOUR CLUBS QUEEN,0.4624,0.01,0.5276
HEARTS KING DIAMONDS FOUR,0.4694,0.0086,0.522
CLUBS JACK DIAMONDS TWO,0.4606,0.0168,0.5226
CLUBS JACK CLUBS QUEEN,0.3682,0.0082,0.6236
HEARTS TWO DIAMONDS KING,0.4662,0.0086,0.5252
SPADES SIX HEARTS ACE,0.4696,0.0044,0.526
SPADES SIX SPADES FIVE,0.5828,0.0376,0.3796
HEARTS ACE HEARTS JACK,0.392,0.0046,0.6034
HEARTS EIGHT HEARTS FOUR,0.6496,0.094,0.2564
CLUBS NINE CLUBS SIX,0.5322,0.2074,0.2604
HEARTS FOUR SPADES SIX,0.6422,0.037,0.3208
CLUBS SIX CLUBS KING,0.4376,0.0072,0.5552
SPADES NINE SPADES FOUR,0.5464,0.2062,0.2474
SPADES SEVEN SPADES FOUR,0.6168,0.0338,0.3494
HEARTS FIVE DIAMONDS TEN,0.4608,0.0272,0.512
DIAMONDS THREE CLUBS TEN,0.4758,0.0262,0.498
DIAMONDS JACK DIAMONDS TEN,0.338,0.0128,0.6492
SPADES SIX DIAMONDS TEN,0.4558,0.0242,0.52
HEARTS THREE SPADES SIX,0.6488,0.0372,0.314
HEARTS SIX DIAMONDS JACK,0.4562,0.0188,0.525
DIAMONDS THREE HEARTS KING,0.4746,0.0084,0.517
CLUBS TWO HEARTS JACK,0.4804,0.018,0.5016
HEARTS FIVE HEARTS THREE,0.6008,0.0416,0.3576
CLUBS TEN HEARTS NINE,0.2854,0.0736,0.641
CLUBS SIX CLUBS FOUR,0.6138,0.0306,0.3556
CLUBS SIX SPADES EIGHT,0.6624,0.0986,0.239
HEARTS FOUR DIAMONDS FOUR,0.472,0.0622,0.4658
DIAMONDS SEVEN DIAMONDS FOUR,0.6576,0.0366,0.3058
SPADES ACE SPADES EIGHT,0.3068,0.021,0.6722
CLUBS FOUR DIAMONDS JACK,0.4722,0.017,0.5108
HEARTS FIVE HEARTS NINE,0.5386,0.1956,0.2658
DIAMONDS ACE DIAMONDS JACK,0.36,0.0054,0.6346
SPADES ACE HEARTS FOUR,0.4572,0.0052,0.5376
CLUBS NINE DIAMONDS FOUR,0.5674,0.2258,0.2068
DIAMONDS THREE CLUBS NINE,0.5668,0.2266,0.2066
CLUBS FOUR DIAMONDS KING,0.469,0.0062,0.5248
SPADES FOUR HEARTS QUEEN,0.4718,0.0112,0.517
CLUBS NINE HEARTS ACE,0.3372,0.0214,0.6414
SPADES JACK CLUBS KING,0.4032,0.0056,0.5912
SPADES QUEEN HEARTS KING,0.3998,0.0074,0.5928
CLUBS FOUR HEARTS QUEEN,0.4834,0.012,0.5046
HEARTS SIX HEARTS THREE,0.619,0.0364,0.3446
HEARTS SEVEN DIAMONDS SEVEN,0.4514,0.0572,0.4914
CLUBS EIGHT DIAMONDS KING,0.3138,0.0254,0.6608
CLUBS SIX DIAMONDS JACK,0.4562,0.0168,0.527
CLUBS FIVE SPADES TWO,0.6478,0.0388,0.3134
CLUBS KING DIAMONDS FIVE,0.4684,0.0088,0.5228
DIAMONDS TWO CLUBS SIX,0.6724,0.041,0.2866
SPADES TEN DIAMONDS FOUR,0.4746,0.0258,0.4996
CLUBS EIGHT CLUBS SEVEN,0.6234,0.0974,0.2792
CLUBS THREE DIAMONDS JACK,0.4726,0.0148,0.5126
CLUBS JACK SPADES KING,0.3988,0.0046,0.5966
CLUBS FOUR SPADES FOUR,0.4688,0.0618,0.4694
HEARTS EIGHT CLUBS ACE,0.337,0.0206,0.6424
HEARTS FOUR CLUBS TWO,0.6442,0.0386,0.3172
HEARTS ACE SPADES THREE,0.4764,0.0046,0.519
HEARTS EIGHT CLUBS SIX,0.6658,0.1048,0.2294
CLUBS TWO HEARTS QUEEN,0.487,0.0122,0.5008
SPADES QUEEN SPADES TEN,0.3638,0.0092,0.627
CLUBS TEN CLUBS NINE,0.2834,0.0646,0.652
DIAMONDS KING CLUBS QUEEN,0.38,0.0062,0.6138
SPADES KING HEARTS TWO,0.4664,0.0076,0.526
HEARTS EIGHT SPADES JACK,0.3146,0.048,0.6374
CLUBS THREE CLUBS QUEEN,0.4526,0.0106,0.5368
DIAMONDS TWO DIAMONDS ACE,0.429,0.0066,0.5644
SPADES QUEEN HEARTS ACE,0.4138,0.0042,0.582
CLUBS THREE HEARTS QUEEN,0.4796,0.0092,0.5112
DIAMONDS THREE HEARTS TEN,0.4702,0.0216,0.5082
CLUBS EIGHT SPADES FOUR,0.695,0.0978,0.2072
HEARTS KING CLUBS QUEEN,0.391,0.006,0.603
HEARTS SEVEN HEARTS ACE,0.424,0.006,0.57
SPADES NINE SPADES EIGHT,0.0774,0.8534,0.0692
CLUBS SEVEN SPADES SIX,0.6528,0.033,0.3142
HEARTS ACE DIAMONDS TEN,0.3886,0.0054,0.606
DIAMONDS THREE SPADES NINE,0.5612,0.2216,0.2172
HEARTS FIVE DIAMONDS FIVE,0.4446,0.0618,0.4936
SPADES FIVE HEARTS KING,0.4714,0.005,0.5236
CLUBS SEVEN SPADES FIVE,0.6472,0.0402,0.3126
CLUBS EIGHT HEARTS ACE,0.3342,0.0204,0.6454
SPADES JACK HEARTS JACK,0.2064,0.0314,0.7622
SPADES KING SPADES TEN,0.3728,0.008,0.6192
CLUBS SEVEN CLUBS ACE,0.4352,0.0062,0.5586
SPADES EIGHT CLUBS FOUR,0.6972,0.1082,0.1946
CLUBS NINE SPADES EIGHT,0.0758,0.8996,0.0246
HEARTS SEVEN CLUBS NINE,0.5626,0.2228,0.2146
CLUBS THREE SPADES FOUR,0.6584,0.0344,0.3072
DIAMONDS QUEEN SPADES TWO,0.4802,0.0122,0.5076
DIAMONDS TWO CLUBS QUEEN,0.466,0.0106,0.5234
SPADES THREE DIAMONDS FOUR,0.6532,0.0366,0.3102
DIAMONDS ACE CLUBS THREE,0.4554,0.006,0.5386
HEARTS FOUR DIAMONDS FIVE,0.6256,0.037,0.3374
DIAMONDS TWO SPADES FOUR,0.647,0.0396,0.3134
CLUBS TEN SPADES FIVE,0.4754,0.0256,0.499
SPADES SEVEN CLUBS QUEEN,0.4612,0.0088,0.53
SPADES QUEEN DIAMONDS TEN,0.3806,0.0136,0.6058
SPADES NINE HEARTS TWO,0.5828,0.2104,0.2068
CLUBS JACK SPADES TWO,0.48,0.0152,0.5048
HEARTS SIX SPADES TWO,0.6624,0.0348,0.3028
CLUBS NINE HEARTS SIX,0.5734,0.2098,0.2168
CLUBS FIVE CLUBS TWO,0.6128,0.0408,0.3464
HEARTS FOUR SPADES FOUR,0.464,0.0598,0.4762
SPADES SEVEN DIAMONDS SEVEN,0.444,0.0582,0.4978
CLUBS EIGHT HEARTS THREE,0.684,0.1086,0.2074
DIAMONDS ACE SPADES FOUR,0.4446,0.0044,0.551
SPADES JACK DIAMONDS KING,0.3852,0.008,0.6068
HEARTS THREE CLUBS THREE,0.4676,0.0612,0.4712
CLUBS JACK SPADES THREE,0.4744,0.0154,0.5102
DIAMONDS KING DIAMONDS FOUR,0.4326,0.008,0.5594
DIAMONDS JACK DIAMONDS FIVE,0.4334,0.0198,0.5468
CLUBS FIVE DIAMONDS TEN,0.4704,0.0196,0.51
CLUBS FIVE DIAMONDS SIX,0.6314,0.0452,0.3234
CLUBS TEN DIAMONDS ACE,0.3958,0.0028,0.6014
CLUBS NINE CLUBS SEVEN,0.5264,0.2162,0.2574
SPADES ACE SPADES FIVE,0.439,0.0066,0.5544
CLUBS EIGHT CLUBS QUEEN,0.2972,0.0366,0.6662
HEARTS SEVEN DIAMONDS ACE,0.4348,0.002,0.5632
SPADES EIGHT CLUBS TWO,0.687,0.1032,0.2098
SPADES KING SPADES NINE,0.2868,0.0314,0.6818
DIAMONDS JACK CLUBS ACE,0.3986,0.0054,0.596
CLUBS SIX CLUBS THREE,0.6256,0.0386,0.3358
HEARTS SEVEN DIAMONDS JACK,0.4462,0.015,0.5388
HEARTS SEVEN DIAMONDS QUEEN,0.4506,0.0136,0.5358
CLUBS FOUR CLUBS ACE,0.4448,0.0038,0.5514
DIAMONDS SEVEN CLUBS KING,0.4578,0.0088,0.5334
HEARTS SIX CLUBS KING,0.4674,0.0072,0.5254
SPADES JACK SPADES THREE,0.4534,0.019,0.5276
HEARTS EIGHT HEARTS SEVEN,0.638,0.0928,0.2692
HEARTS QUEEN CLUBS QUEEN,0.2114,0.0214,0.7672
DIAMONDS THREE SPADES THREE,0.4652,0.0628,0.472
DIAMONDS ACE DIAMONDS TEN,0.3606,0.0046,0.6348
CLUBS FOUR DIAMONDS ACE,0.4686,0.0054,0.526
HEARTS SIX DIAMONDS ACE,0.4512,0.004,0.5448
DIAMONDS TWO HEARTS JACK,0.48,0.0164,0.5036
DIAMONDS KING HEARTS ACE,0.3898,0.004,0.6062
DIAMONDS JACK HEARTS QUEEN,0.3774,0.0098,0.6128
HEARTS EIGHT SPADES NINE,0.0696,0.9078,0.0226
CLUBS TEN HEARTS SEVEN,0.442,0.0198,0.5382
SPADES THREE CLUBS KING,0.4774,0.0078,0.5148
DIAMONDS THREE SPADES TWO,0.6562,0.0404,0.3034
CLUBS NINE HEARTS NINE,0.1828,0.0574,0.7598
CLUBS TEN CLUBS EIGHT,0.2728,0.0656,0.6616
CLUBS JACK SPADES TEN,0.3876,0.0156,0.5968
SPADES SIX HEARTS QUEEN,0.4724,0.0118,0.5158
HEARTS KING HEARTS NINE,0.2852,0.0312,0.6836
HEARTS FOUR HEARTS THREE,0.6202,0.0388,0.341
HEARTS ACE HEARTS QUEEN,0.3956,0.005,0.5994
SPADES ACE HEARTS NINE,0.3244,0.0204,0.6552
SPADES EIGHT SPADES SIX,0.6266,0.098,0.2754
CLUBS THREE DIAMONDS KING,0.4566,0.0068,0.5366
SPADES NINE CLUBS THREE,0.5802,0.2102,0.2096
HEARTS EIGHT SPADES TEN,0.2864,0.0648,0.6488
DIAMONDS JACK HEARTS KING,0.3886,0.0062,0.6052
SPADES NINE DIAMONDS TEN,0.2768,0.0762,0.647
HEARTS ACE CLUBS QUEEN,0.4144,0.0032,0.5824
SPADES JACK SPADES NINE,0.2906,0.051,0.6584
CLUBS SEVEN HEARTS ACE,0.4582,0.004,0.5378
HEARTS FIVE SPADES TEN,0.4856,0.0236,0.4908
HEARTS FOUR DIAMONDS QUEEN,0.4712,0.0098,0.519
HEARTS TWO SPADES TWO,0.4746,0.064,0.4614
DIAMONDS SEVEN DIAMONDS SIX,0.6282,0.0422,0.3296
CLUBS NINE HEARTS TEN,0.2922,0.0732,0.6346
SPADES JACK CLUBS QUEEN,0.3934,0.0068,0.5998
SPADES TEN SPADES TWO,0.4586,0.0238,0.5176
SPADES FIVE DIAMONDS SIX,0.6196,0.0392,0.3412
CLUBS EIGHT CLUBS THREE,0.647,0.099,0.254
HEARTS THREE HEARTS TEN,0.4564,0.0218,0.5218
DIAMONDS SEVEN DIAMONDS FIVE,0.638,0.0386,0.3234
CLUBS JACK HEARTS QUEEN,0.397,0.0086,0.5944
CLUBS SEVEN SPADES FOUR,0.6572,0.0382,0.3046
CLUBS FOUR CLUBS KING,0.4422,0.007,0.5508
HEARTS FOUR CLUBS FIVE,0.6412,0.038,0.3208
DIAMONDS THREE DIAMONDS TEN,0.4314,0.0212,0.5474
HEARTS EIGHT CLUBS TEN,0.3002,0.0748,0.625
HEARTS SEVEN CLUBS EIGHT,0.6732,0.0992,0.2276
CLUBS SIX SPADES TWO,0.672,0.0402,0.2878
DIAMONDS THREE CLUBS ACE,0.4734,0.0052,0.5214
CLUBS FIVE HEARTS ACE,0.4682,0.0036,0.5282
HEARTS SIX CLUBS FIVE,0.629,0.0376,0.3334
SPADES JACK CLUBS SEVEN,0.4664,0.0138,0.5198
HEARTS SIX HEARTS NINE,0.5436,0.2084,0.248
SPADES NINE CLUBS SIX,0.5718,0.2164,0.2118
CLUBS EIGHT HEARTS FIVE,0.6626,0.1014,0.236
DIAMONDS KING DIAMONDS SEVEN,0.4074,0.008,0.5846
SPADES TWO CLUBS QUEEN,0.4912,0.0112,0.4976
CLUBS FOUR SPADES THREE,0.6638,0.0422,0.294
SPADES QUEEN DIAMONDS JACK,0.38,0.0108,0.6092
HEARTS KING DIAMONDS FIVE,0.4674,0.009,0.5236
SPADES KING DIAMONDS TWO,0.4706,0.0076,0.5218
HEARTS THREE CLUBS TWO,0.6536,0.0364,0.31
HEARTS THREE DIAMONDS FOUR,0.66,0.036,0.304
SPADES KING CLUBS THREE,0.4926,0.0052,0.5022
SPADES KING HEARTS SIX,0.4562,0.007,0.5368
DIAMONDS JACK HEARTS JACK,0.2056,0.0328,0.7616
SPADES FOUR SPADES THREE,0.6084,0.0376,0.354
HEARTS QUEEN CLUBS KING,0.4026,0.0064,0.591
HEARTS FOUR HEARTS ACE,0.4402,0.005,0.5548
SPADES QUEEN HEARTS FOUR,0.4798,0.011,0.5092
SPADES QUEEN DIAMONDS FIVE,0.479,0.0106,0.5104
SPADES ACE SPADES QUEEN,0.3816,0.0042,0.6142
CLUBS EIGHT SPADES FIVE,0.668,0.1026,0.2294
SPADES NINE CLUBS FIVE,0.5724,0.2154,0.2122
CLUBS TEN SPADES QUEEN,0.3978,0.0084,0.5938
HEARTS SIX HEARTS ACE,0.4342,0.0038,0.562
SPADES KING SPADES FOUR,0.4436,0.0102,0.5462
CLUBS JACK HEARTS NINE,0.2844,0.0604,0.6552
HEARTS FIVE HEARTS FOUR,0.5984,0.0324,0.3692
CLUBS JACK CLUBS SEVEN,0.439,0.015,0.546
CLUBS JACK SPADES QUEEN,0.3926,0.0106,0.5968
SPADES QUEEN DIAMONDS FOUR,0.4714,0.0118,0.5168
DIAMONDS JACK CLUBS KING,0.3908,0.0066,0.6026
HEARTS EIGHT DIAMONDS JACK,0.2934,0.0548,0.6518
HEARTS KING DIAMONDS SEVEN,0.4514,0.0082,0.5404
SPADES KING HEARTS TEN,0.3998,0.0078,0.5924
CLUBS NINE DIAMONDS SIX,0.559,0.2202,0.2208
SPADES ACE CLUBS KING,0.4008,0.004,0.5952
SPADES ACE SPADES SIX,0.4422,0.0044,0.5534
SPADES TWO DIAMONDS FIVE,0.6494,0.0368,0.3138
SPADES QUEEN SPADES NINE,0.2866,0.0372,0.6762
CLUBS NINE SPADES TWO,0.5932,0.212,0.1948
DIAMONDS TEN DIAMONDS SEVEN,0.3962,0.0232,0.5806
CLUBS NINE CLUBS TWO,0.5524,0.205,0.2426
HEARTS EIGHT DIAMONDS SIX,0.671,0.0992,0.2298
HEARTS TWO HEARTS QUEEN,0.4606,0.0102,0.5292
DIAMONDS TWO DIAMONDS TEN,0.437,0.028,0.535
HEARTS THREE DIAMONDS TEN,0.4678,0.026,0.5062
DIAMONDS QUEEN HEARTS ACE,0.3992,0.0056,0.5952
DIAMONDS THREE HEARTS NINE,0.5704,0.2148,0.2148
DIAMONDS TEN DIAMONDS FIVE,0.4294,0.0278,0.5428
SPADES KING SPADES JACK,0.3962,0.0062,0.5976
DIAMONDS QUEEN CLUBS KING,0.3824,0.0058,0.6118
CLUBS NINE SPADES NINE,0.1944,0.0578,0.7478
CLUBS JACK HEARTS TEN,0.381,0.0146,0.6044
CLUBS TEN SPADES TEN,0.209,0.041,0.75
HEARTS SIX HEARTS QUEEN,0.4342,0.0114,0.5544
HEARTS SEVEN SPADES EIGHT,0.6718,0.1028,0.2254
CLUBS EIGHT DIAMONDS TEN,0.2884,0.0728,0.6388
CLUBS NINE HEARTS FIVE,0.561,0.2238,0.2152
CLUBS THREE DIAMONDS TEN,0.4704,0.0264,0.5032
HEARTS SIX DIAMONDS TEN,0.4544,0.0244,0.5212
CLUBS TEN DIAMONDS TEN,0.19,0.0372,0.7728
SPADES KING DIAMONDS TEN,0.3908,0.0058,0.6034
SPADES NINE SPADES THREE,0.539,0.2028,0.2582
HEARTS EIGHT SPADES SEVEN,0.6618,0.103,0.2352
DIAMONDS TWO HEARTS TEN,0.47,0.025,0.505
SPADES SEVEN DIAMONDS FIVE,0.6476,0.036,0.3164
SPADES JACK CLUBS SIX,0.4756,0.0128,0.5116
CLUBS SIX CLUBS FIVE,0.6068,0.0348,0.3584
DIAMONDS THREE SPADES TEN,0.4606,0.023,0.5164
DIAMONDS SIX HEARTS NINE,0.5606,0.2132,0.2262
HEARTS SEVEN SPADES TWO,0.6846,0.0394,0.276
CLUBS EIGHT HEARTS KING,0.343,0.0268,0.6302
SPADES FIVE DIAMONDS FIVE,0.4564,0.0608,0.4828
CLUBS JACK CLUBS SIX,0.4416,0.0144,0.544
SPADES NINE DIAMONDS ACE,0.3106,0.0232,0.6662
DIAMONDS THREE CLUBS TWO,0.654,0.0434,0.3026
SPADES ACE SPADES SEVEN,0.4188,0.004,0.5772
HEARTS SEVEN SPADES NINE,0.5732,0.2124,0.2144
SPADES TEN HEARTS TWO,0.4796,0.0212,0.4992
CLUBS TEN CLUBS THREE,0.4512,0.0232,0.5256
DIAMONDS ACE HEARTS KING,0.3934,0.003,0.6036
HEARTS TWO HEARTS TEN,0.4534,0.0202,0.5264
CLUBS ACE CLUBS QUEEN,0.3884,0.0038,0.6078
SPADES TEN CLUBS SIX,0.4688,0.0246,0.5066
CLUBS FOUR DIAMONDS QUEEN,0.4732,0.013,0.5138
SPADES QUEEN DIAMONDS ACE,0.4068,0.004,0.5892
SPADES EIGHT DIAMONDS JACK,0.2844,0.0552,0.6604
CLUBS EIGHT DIAMONDS SIX,0.6708,0.0972,0.232
SPADES QUEEN SPADES SIX,0.4424,0.011,0.5466
HEARTS EIGHT DIAMONDS FIVE,0.6568,0.1076,0.2356
CLUBS TEN HEARTS FIVE,0.478,0.0234,0.4986
HEARTS TWO HEARTS NINE,0.5404,0.1912,0.2684
HEARTS SEVEN CLUBS KING,0.4492,0.009,0.5418
HEARTS FIVE DIAMONDS FOUR,0.6194,0.0392,0.3414
CLUBS FIVE HEARTS QUEEN,0.4764,0.0104,0.5132
HEARTS SIX HEARTS TEN,0.4274,0.0202,0.5524
CLUBS TEN CLUBS FOUR,0.4426,0.0258,0.5316
CLUBS NINE DIAMONDS ACE,0.3148,0.0196,0.6656
CLUBS TWO DIAMONDS FIVE,0.6518,0.0364,0.3118
CLUBS ACE DIAMONDS FIVE,0.46,0.005,0.535
SPADES ACE CLUBS SEVEN,0.4598,0.0044,0.5358
DIAMONDS THREE SPADES SIX,0.6612,0.039,0.2998
HEARTS THREE DIAMONDS QUEEN,0.473,0.0128,0.5142
SPADES FIVE HEARTS QUEEN,0.467,0.0116,0.5214
CLUBS EIGHT DIAMONDS JACK,0.2946,0.052,0.6534
SPADES TEN SPADES NINE,0.2826,0.0664,0.651
SPADES ACE DIAMONDS FIVE,0.4564,0.0044,0.5392
SPADES EIGHT DIAMONDS TEN,0.283,0.0718,0.6452
SPADES ACE HEARTS JACK,0.4132,0.0056,0.5812
DIAMONDS THREE CLUBS SIX,0.6542,0.0374,0.3084
SPADES NINE CLUBS FOUR,0.5866,0.2094,0.204
SPADES FOUR HEARTS JACK,0.4724,0.0184,0.5092
DIAMONDS ACE CLUBS KING,0.3838,0.003,0.6132
DIAMONDS THREE HEARTS JACK,0.4658,0.0176,0.5166
HEARTS FIVE HEARTS KING,0.4434,0.0066,0.55
CLUBS THREE SPADES THREE,0.4684,0.0642,0.4674
CLUBS FIVE CLUBS THREE,0.6022,0.0346,0.3632
HEARTS JACK DIAMONDS FOUR,0.483,0.017,0.5
DIAMONDS THREE CLUBS THREE,0.4576,0.069,0.4734
CLUBS SEVEN HEARTS TWO,0.6906,0.039,0.2704
DIAMONDS ACE DIAMONDS SIX,0.4104,0.0058,0.5838
HEARTS FIVE CLUBS QUEEN,0.4724,0.0116,0.516
SPADES SEVEN HEARTS JACK,0.445,0.0176,0.5374
HEARTS FIVE DIAMONDS QUEEN,0.4542,0.0094,0.5364
HEARTS THREE HEARTS KING,0.4512,0.007,0.5418
SPADES QUEEN HEARTS NINE,0.3106,0.04,0.6494
CLUBS NINE SPADES JACK,0.306,0.0524,0.6416
CLUBS THREE HEARTS ACE,0.468,0.0042,0.5278
SPADES ACE CLUBS TWO,0.4666,0.0038,0.5296
CLUBS EIGHT DIAMONDS SEVEN,0.6654,0.102,0.2326
HEARTS EIGHT DIAMONDS THREE,0.679,0.1086,0.2124
SPADES TEN HEARTS KING,0.4078,0.008,0.5842
SPADES ACE DIAMONDS JACK,0.4032,0.0028,0.594
SPADES SIX HEARTS JACK,0.4584,0.0178,0.5238
SPADES NINE CLUBS ACE,0.327,0.0158,0.6572
CLUBS JACK DIAMONDS SIX,0.4638,0.017,0.5192
CLUBS TEN SPADES EIGHT,0.2902,0.0686,0.6412
SPADES QUEEN SPADES EIGHT,0.2964,0.037,0.6666
HEARTS FIVE HEARTS TEN,0.4454,0.0224,0.5322
HEARTS EIGHT DIAMONDS ACE,0.31,0.0204,0.6696
HEARTS THREE DIAMONDS FIVE,0.6326,0.0398,0.3276
SPADES JACK HEARTS THREE,0.476,0.0146,0.5094
SPADES NINE SPADES TWO,0.5514,0.2092,0.2394
DIAMONDS THREE DIAMONDS FIVE,0.6368,0.0372,0.326
HEARTS FOUR CLUBS ACE,0.4648,0.0056,0.5296
HEARTS EIGHT CLUBS TWO,0.6914,0.1004,0.2082
CLUBS TEN DIAMONDS KING,0.373,0.0068,0.6202
HEARTS SEVEN HEARTS NINE,0.5358,0.2104,0.2538
DIAMONDS TWO CLUBS EIGHT,0.685,0.1074,0.2076
CLUBS SIX DIAMONDS ACE,0.436,0.005,0.559
SPADES NINE SPADES SEVEN,0.5306,0.2086,0.2608
CLUBS FIVE CLUBS QUEEN,0.4492,0.0084,0.5424
HEARTS SEVEN CLUBS QUEEN,0.4724,0.0102,0.5174
CLUBS JACK CLUBS TEN,0.3486,0.0164,0.635
HEARTS SEVEN HEARTS SIX,0.6084,0.036,0.3556
SPADES JACK SPADES TWO,0.4504,0.0164,0.5332
SPADES QUEEN DIAMONDS SEVEN,0.4618,0.0094,0.5288
HEARTS JACK CLUBS QUEEN,0.4086,0.011,0.5804
SPADES JACK CLUBS FOUR,0.4782,0.0144,0.5074
SPADES THREE CLUBS ACE,0.4742,0.0044,0.5214
DIAMONDS THREE SPADES SEVEN,0.666,0.0374,0.2966
DIAMONDS THREE SPADES QUEEN,0.4812,0.011,0.5078
HEARTS THREE SPADES FOUR,0.6556,0.0322,0.3122
CLUBS TEN CLUBS SEVEN,0.421,0.0234,0.5556
SPADES QUEEN HEARTS SIX,0.4666,0.0102,0.5232
HEARTS SEVEN SPADES SEVEN,0.4498,0.0528,0.4974
SPADES SIX CLUBS ACE,0.475,0.0018,0.5232
CLUBS TEN SPADES NINE,0.2928,0.0694,0.6378
SPADES THREE DIAMONDS SIX,0.6544,0.0364,0.3092
CLUBS FOUR DIAMONDS TEN,0.4648,0.0244,0.5108
CLUBS FOUR DIAMONDS SEVEN,0.6694,0.0384,0.2922
HEARTS SEVEN SPADES JACK,0.4594,0.0162,0.5244
DIAMONDS TWO SPADES QUEEN,0.4662,0.0138,0.52
CLUBS FOUR SPADES FIVE,0.6312,0.0372,0.3316
SPADES KING CLUBS SIX,0.463,0.0072,0.5298
CLUBS JACK SPADES FIVE,0.4674,0.0182,0.5144
SPADES TEN DIAMONDS TEN,0.1966,0.0432,0.7602
SPADES EIGHT HEARTS KING,0.3244,0.0284,0.6472
CLUBS FIVE DIAMONDS FIVE,0.4474,0.0604,0.4922
HEARTS SIX CLUBS THREE,0.6486,0.04,0.3114
HEARTS EIGHT DIAMONDS QUEEN,0.3122,0.0404,0.6474
HEARTS FIVE HEARTS TWO,0.6154,0.0318,0.3528
HEARTS TWO SPADES FOUR,0.652,0.0376,0.3104
SPADES THREE HEARTS JACK,0.4818,0.0166,0.5016
HEARTS FOUR DIAMONDS KING,0.4668,0.009,0.5242
SPADES ACE DIAMONDS SEVEN,0.4502,0.0038,0.546
SPADES KING CLUBS SEVEN,0.4684,0.0024,0.5292
HEARTS FIVE SPADES SIX,0.6326,0.0378,0.3296
CLUBS NINE DIAMONDS SEVEN,0.5664,0.2204,0.2132
CLUBS TWO CLUBS QUEEN,0.4384,0.0106,0.551
CLUBS TEN SPADES THREE,0.4796,0.0224,0.498
SPADES KING SPADES EIGHT,0.3206,0.0266,0.6528
SPADES FIVE DIAMONDS QUEEN,0.4656,0.011,0.5234
CLUBS SEVEN CLUBS KING,0.4278,0.0056,0.5666
SPADES KING HEARTS QUEEN,0.412,0.0046,0.5834
SPADES FIVE DIAMONDS JACK,0.463,0.0146,0.5224
CLUBS EIGHT SPADES EIGHT,0.3536,0.0526,0.5938
HEARTS EIGHT DIAMONDS TWO,0.693,0.102,0.205
SPADES KING HEARTS JACK,0.4096,0.0068,0.5836
HEARTS JACK DIAMONDS FIVE,0.4726,0.0178,0.5096
HEARTS SIX DIAMONDS QUEEN,0.4556,0.0144,0.53
CLUBS NINE CLUBS FIVE,0.522,0.212,0.266
CLUBS EIGHT DIAMONDS FIVE,0.664,0.0994,0.2366
DIAMONDS ACE CLUBS ACE,0.2092,0.0034,0.7874
SPADES JACK DIAMONDS JACK,0.209,0.0296,0.7614
HEARTS SEVEN DIAMONDS KING,0.4472,0.0088,0.544
HEARTS FIVE DIAMONDS KING,0.4618,0.0098,0.5284
SPADES JACK DIAMONDS FOUR,0.4656,0.0188,0.5156
SPADES QUEEN CLUBS SEVEN,0.4708,0.0108,0.5184
HEARTS SEVEN DIAMONDS SIX,0.6336,0.0364,0.33
DIAMONDS KING DIAMONDS TEN,0.3472,0.009,0.6438
DIAMONDS TWO SPADES JACK,0.4708,0.0164,0.5128
HEARTS EIGHT CLUBS SEVEN,0.67,0.1018,0.2282
SPADES THREE HEARTS TEN,0.479,0.025,0.496
CLUBS JACK CLUBS THREE,0.4552,0.0168,0.528
HEARTS TEN DIAMONDS FIVE,0.467,0.0256,0.5074
CLUBS JACK DIAMONDS FOUR,0.472,0.0194,0.5086
HEARTS TWO CLUBS QUEEN,0.4696,0.0104,0.52
SPADES FOUR DIAMONDS FOUR,0.4702,0.0616,0.4682
SPADES ACE SPADES KING,0.3784,0.0048,0.6168
HEARTS SIX CLUBS ACE,0.461,0.0036,0.5354
SPADES JACK CLUBS FIVE,0.4684,0.0172,0.5144
DIAMONDS ACE SPADES FIVE,0.453,0.0044,0.5426
SPADES KING CLUBS FIVE,0.4772,0.0064,0.5164
HEARTS FOUR SPADES SEVEN,0.6514,0.035,0.3136
SPADES SIX SPADES TWO,0.6222,0.037,0.3408
HEARTS FOUR CLUBS KING,0.4824,0.0074,0.5102
CLUBS NINE HEARTS FOUR,0.5844,0.207,0.2086
DIAMONDS THREE HEARTS SEVEN,0.6758,0.0332,0.291
CLUBS THREE HEARTS JACK,0.4848,0.0164,0.4988
CLUBS JACK SPADES SIX,0.4634,0.0154,0.5212
HEARTS SIX SPADES SIX,0.4512,0.0632,0.4856
HEARTS SIX SPADES JACK,0.475,0.0158,0.5092
SPADES THREE HEARTS QUEEN,0.4714,0.0128,0.5158
