opposingHand,winningChance,drawChance,lostChance
DIAMONDS TWO CLUBS EIGHT
HEARTS FIVE SPADES TEN,0.354,0.0306,0.6154
HEARTS FIVE SPADES JACK,0.356,0.0222,0.6218
CLUBS JACK SPADES FIVE,0.3522,0.0194,0.6284
CLUBS TEN SPADES FIVE,0.3458,0.0262,0.628
SPADES FIVE CLUBS ACE,0.3326,0.0046,0.6628
SPADES FIVE CLUBS KING,0.3592,0.0074,0.6334
SPADES FIVE CLUBS QUEEN,0.3502,0.011,0.6388
HEARTS FIVE SPADES KING,0.348,0.0086,0.6434
HEARTS FIVE SPADES QUEEN,0.347,0.0134,0.6396
SPADES ACE HEARTS FIVE,0.3348,0.0062,0.659
DIAMONDS THREE DIAMONDS FOUR,0.497,0.0704,0.4326
CLUBS TWO SPADES FOUR,0.5826,0.149,0.2684
DIAMONDS THREE DIAMONDS FIVE,0.4938,0.071,0.4352
SPADES FIVE CLUBS TWO,0.5826,0.1434,0.274
CLUBS TWO SPADES TWO,0.2632,0.0706,0.6662
CLUBS TWO SPADES THREE,0.5988,0.1414,0.2598
DIAMONDS THREE DIAMONDS EIGHT,0.204,0.511,0.285
SPADES EIGHT CLUBS TWO,0.0154,0.9722,0.0124
DIAMONDS THREE DIAMONDS NINE,0.3398,0.047,0.6132
SPADES NINE CLUBS TWO,0.2412,0.1038,0.655
DIAMONDS THREE DIAMONDS SIX,0.484,0.0674,0.4486
SPADES SIX CLUBS TWO,0.6178,0.1384,0.2438
DIAMONDS THREE DIAMONDS SEVEN,0.517,0.0642,0.4188
SPADES SEVEN CLUBS TWO,0.6278,0.1506,0.2216
CLUBS SIX CLUBS TWO,0.601,0.14,0.259
CLUBS SEVEN CLUBS TWO,0.598,0.136,0.266
CLUBS FOUR CLUBS TWO,0.5628,0.1376,0.2996
CLUBS FIVE CLUBS TWO,0.5778,0.1366,0.2856
CLUBS TEN CLUBS JACK,0.279,0.0142,0.7068
DIAMONDS FOUR DIAMONDS SIX,0.4884,0.0708,0.4408
CLUBS TEN CLUBS QUEEN,0.3036,0.013,0.6834
DIAMONDS FOUR DIAMONDS SEVEN,0.5004,0.0636,0.436
CLUBS TEN CLUBS KING,0.301,0.0076,0.6914
CLUBS TEN CLUBS ACE,0.3084,0.0038,0.6878
DIAMONDS FOUR DIAMONDS FIVE,0.4778,0.0676,0.4546
CLUBS NINE CLUBS TWO,0.225,0.1046,0.6704
DIAMONDS FOUR DIAMONDS NINE,0.3254,0.0358,0.6388
DIAMONDS FOUR DIAMONDS EIGHT,0.2052,0.4872,0.3076
CLUBS THREE CLUBS TWO,0.575,0.1318,0.2932
DIAMONDS NINE DIAMONDS FIVE,0.3234,0.0446,0.632
DIAMONDS FIVE DIAMONDS EIGHT,0.2036,0.437,0.3594
DIAMONDS FIVE DIAMONDS SEVEN,0.4866,0.0628,0.4506
DIAMONDS SIX DIAMONDS FIVE,0.4706,0.0682,0.4612
DIAMONDS SIX DIAMONDS EIGHT,0.2058,0.3516,0.4426
DIAMONDS NINE DIAMONDS SIX,0.3232,0.0404,0.6364
HEARTS ACE SPADES THREE,0.3544,0.0058,0.6398
SPADES THREE HEARTS KING,0.3498,0.0116,0.6386
DIAMONDS SIX DIAMONDS SEVEN,0.4718,0.0602,0.468
HEARTS QUEEN SPADES THREE,0.3604,0.0154,0.6242
SPADES THREE HEARTS JACK,0.3562,0.02,0.6238
SPADES THREE HEARTS TEN,0.3562,0.033,0.6108
DIAMONDS EIGHT DIAMONDS SEVEN,0.2136,0.2758,0.5106
DIAMONDS NINE DIAMONDS SEVEN,0.2962,0.0438,0.66
DIAMONDS NINE DIAMONDS EIGHT,0.2144,0.109,0.6766
DIAMONDS KING HEARTS TEN,0.3282,0.0062,0.6656
HEARTS THREE HEARTS TEN,0.3396,0.0252,0.6352
SPADES JACK CLUBS SIX,0.3602,0.019,0.6208
DIAMONDS KING HEARTS JACK,0.3134,0.0064,0.6802
HEARTS THREE HEARTS JACK,0.3346,0.0188,0.6466
SPADES TEN CLUBS SIX,0.351,0.0242,0.6248
SPADES JACK SPADES FIVE,0.3504,0.0198,0.6298
SPADES TEN SPADES FIVE,0.3348,0.03,0.6352
DIAMONDS KING HEARTS ACE,0.31,0.0044,0.6856
HEARTS THREE HEARTS ACE,0.3256,0.0046,0.6698
SPADES ACE CLUBS SIX,0.357,0.0054,0.6376
DIAMONDS KING HEARTS QUEEN,0.3086,0.0056,0.6858
HEARTS THREE HEARTS QUEEN,0.3466,0.0116,0.6418
SPADES KING CLUBS SIX,0.3518,0.0078,0.6404
DIAMONDS KING HEARTS KING,0.1202,0.015,0.8648
HEARTS THREE HEARTS KING,0.332,0.0064,0.6616
SPADES QUEEN CLUBS SIX,0.3638,0.0134,0.6228
SPADES NINE HEARTS TEN,0.2998,0.0198,0.6804
SPADES NINE HEARTS JACK,0.3052,0.0176,0.6772
SPADES QUEEN SPADES FIVE,0.3288,0.0128,0.6584
SPADES KING SPADES FIVE,0.3244,0.0102,0.6654
SPADES ACE SPADES FIVE,0.326,0.0058,0.6682
SPADES NINE HEARTS QUEEN,0.3202,0.0082,0.6716
SPADES NINE HEARTS KING,0.3108,0.0072,0.682
SPADES NINE HEARTS ACE,0.32,0.0046,0.6754
CLUBS TEN SPADES JACK,0.2886,0.016,0.6954
CLUBS TEN SPADES TEN,0.1312,0.0476,0.8212
SPADES ACE CLUBS TEN,0.3164,0.0038,0.6798
CLUBS TEN SPADES KING,0.3208,0.0088,0.6704
CLUBS TEN SPADES QUEEN,0.3168,0.0106,0.6726
SPADES FIVE HEARTS QUEEN,0.3526,0.0104,0.637
SPADES FIVE HEARTS KING,0.3648,0.0084,0.6268
HEARTS ACE SPADES FIVE,0.3384,0.0038,0.6578
SPADES JACK HEARTS THREE,0.3688,0.022,0.6092
SPADES JACK DIAMONDS KING,0.3224,0.0076,0.67
SPADES TEN DIAMONDS KING,0.312,0.0068,0.6812
SPADES TEN HEARTS THREE,0.348,0.03,0.622
CLUBS SIX HEARTS ACE,0.3634,0.0064,0.6302
HEARTS FIVE CLUBS JACK,0.3446,0.0226,0.6328
CLUBS TEN HEARTS FIVE,0.3494,0.028,0.6226
CLUBS SIX HEARTS QUEEN,0.3732,0.0098,0.617
CLUBS TEN SPADES THREE,0.3674,0.0246,0.608
CLUBS SIX HEARTS KING,0.354,0.008,0.638
CLUBS JACK SPADES THREE,0.3368,0.0224,0.6408
SPADES THREE CLUBS QUEEN,0.3548,0.011,0.6342
SPADES THREE CLUBS KING,0.3606,0.0076,0.6318
HEARTS FIVE CLUBS ACE,0.3436,0.0062,0.6502
SPADES FIVE HEARTS TEN,0.3488,0.03,0.6212
SPADES THREE CLUBS ACE,0.3514,0.004,0.6446
HEARTS FIVE CLUBS KING,0.347,0.0104,0.6426
SPADES FIVE HEARTS JACK,0.346,0.0212,0.6328
HEARTS FIVE CLUBS QUEEN,0.3554,0.0144,0.6302
HEARTS THREE CLUBS KING,0.356,0.009,0.635
DIAMONDS KING CLUBS KING,0.1132,0.0136,0.8732
HEARTS THREE CLUBS QUEEN,0.364,0.0146,0.6214
DIAMONDS KING CLUBS QUEEN,0.3154,0.0078,0.6768
HEARTS FIVE HEARTS JACK,0.3288,0.0186,0.6526
HEARTS FIVE HEARTS TEN,0.3214,0.0286,0.65
HEARTS THREE CLUBS ACE,0.3454,0.0052,0.6494
DIAMONDS KING CLUBS ACE,0.3084,0.0058,0.6858
SPADES ACE CLUBS QUEEN,0.3182,0.005,0.6768
SPADES KING CLUBS QUEEN,0.3174,0.0074,0.6752
CLUBS JACK HEARTS THREE,0.3598,0.0194,0.6208
CLUBS JACK DIAMONDS KING,0.3188,0.008,0.6732
SPADES QUEEN CLUBS QUEEN,0.1228,0.027,0.8502
CLUBS TEN HEARTS THREE,0.3308,0.0292,0.64
CLUBS TEN DIAMONDS KING,0.3082,0.0076,0.6842
SPADES JACK CLUBS QUEEN,0.3072,0.0104,0.6824
CLUBS SIX CLUBS QUEEN,0.3416,0.0112,0.6472
SPADES TEN CLUBS QUEEN,0.311,0.012,0.677
CLUBS SIX CLUBS KING,0.339,0.0088,0.6522
CLUBS SIX CLUBS ACE,0.3476,0.0062,0.6462
HEARTS FIVE HEARTS KING,0.332,0.0088,0.6592
HEARTS FIVE HEARTS QUEEN,0.3374,0.0106,0.652
CLUBS TEN CLUBS SIX,0.3278,0.0302,0.642
HEARTS FIVE HEARTS ACE,0.3188,0.0044,0.6768
CLUBS JACK CLUBS SIX,0.3298,0.0214,0.6488
SPADES SEVEN HEARTS JACK,0.3396,0.0196,0.6408
SPADES SEVEN HEARTS TEN,0.3278,0.0298,0.6424
SPADES SEVEN HEARTS ACE,0.3452,0.0052,0.6496
SPADES SEVEN HEARTS KING,0.3578,0.006,0.6362
SPADES SEVEN HEARTS QUEEN,0.3462,0.0132,0.6406
CLUBS FOUR SPADES FIVE,0.4942,0.0734,0.4324
CLUBS FOUR SPADES FOUR,0.257,0.106,0.637
CLUBS FOUR SPADES THREE,0.5132,0.0778,0.409
CLUBS FOUR SPADES TWO,0.5968,0.1416,0.2616
SPADES NINE CLUBS FOUR,0.3494,0.0404,0.6102
SPADES EIGHT CLUBS FOUR,0.2106,0.52,0.2694
SPADES SEVEN CLUBS FOUR,0.5308,0.0686,0.4006
CLUBS FOUR SPADES SIX,0.5322,0.0682,0.3996
SPADES ACE DIAMONDS SIX,0.3522,0.0044,0.6434
SPADES QUEEN DIAMONDS SIX,0.3504,0.0116,0.638
SPADES KING DIAMONDS SIX,0.3574,0.0086,0.634
SPADES TEN DIAMONDS SIX,0.3408,0.0252,0.634
SPADES JACK DIAMONDS SIX,0.349,0.0198,0.6312
SPADES QUEEN SPADES TWO,0.2274,0.0394,0.7332
SPADES KING SPADES TWO,0.2238,0.0268,0.7494
SPADES ACE SPADES TWO,0.216,0.0144,0.7696
CLUBS JACK DIAMONDS JACK,0.1228,0.0368,0.8404
CLUBS TEN DIAMONDS JACK,0.297,0.0144,0.6886
DIAMONDS JACK CLUBS KING,0.311,0.0068,0.6822
DIAMONDS JACK CLUBS QUEEN,0.3008,0.0126,0.6866
DIAMONDS THREE DIAMONDS JACK,0.3348,0.0218,0.6434
DIAMONDS THREE DIAMONDS TEN,0.3424,0.0262,0.6314
DIAMONDS JACK CLUBS ACE,0.3134,0.0058,0.6808
DIAMONDS THREE DIAMONDS KING,0.3378,0.0098,0.6524
DIAMONDS THREE HEARTS THREE,0.2586,0.1108,0.6306
DIAMONDS THREE DIAMONDS QUEEN,0.3418,0.0158,0.6424
DIAMONDS THREE HEARTS TWO,0.6044,0.1506,0.245
HEARTS FIVE DIAMONDS THREE,0.5154,0.0704,0.4142
DIAMONDS THREE DIAMONDS ACE,0.3306,0.006,0.6634
HEARTS FOUR DIAMONDS THREE,0.5146,0.0748,0.4106
HEARTS SEVEN DIAMONDS THREE,0.523,0.0732,0.4038
SPADES TEN SPADES NINE,0.2742,0.0226,0.7032
DIAMONDS THREE HEARTS SIX,0.533,0.0652,0.4018
SPADES JACK SPADES NINE,0.282,0.0166,0.7014
DIAMONDS THREE HEARTS NINE,0.345,0.0418,0.6132
DIAMONDS FOUR HEARTS JACK,0.3588,0.0194,0.6218
HEARTS ACE HEARTS KING,0.3184,0.0052,0.6764
SPADES TEN SPADES TWO,0.2318,0.0668,0.7014
DIAMONDS THREE HEARTS EIGHT,0.2136,0.528,0.2584
DIAMONDS FOUR HEARTS TEN,0.3448,0.0268,0.6284
SPADES JACK SPADES TWO,0.2228,0.0536,0.7236
DIAMONDS FOUR HEARTS QUEEN,0.358,0.0148,0.6272
DIAMONDS FOUR HEARTS KING,0.3498,0.0096,0.6406
SPADES ACE SPADES NINE,0.2958,0.0034,0.7008
DIAMONDS FOUR HEARTS ACE,0.3386,0.0034,0.658
SPADES KING SPADES NINE,0.298,0.0106,0.6914
SPADES QUEEN SPADES NINE,0.31,0.0124,0.6776
DIAMONDS THREE SPADES NINE,0.3572,0.048,0.5948
DIAMONDS THREE SPADES EIGHT,0.2018,0.5322,0.266
DIAMONDS THREE SPADES SEVEN,0.5332,0.0768,0.39
DIAMONDS THREE SPADES SIX,0.532,0.0654,0.4026
DIAMONDS THREE CLUBS SIX,0.5296,0.0714,0.399
CLUBS FIVE CLUBS SIX,0.4822,0.0682,0.4496
DIAMONDS FOUR CLUBS ACE,0.3342,0.0056,0.6602
CLUBS SEVEN DIAMONDS THREE,0.5524,0.0696,0.378
CLUBS SEVEN CLUBS FIVE,0.468,0.0682,0.4638
DIAMONDS THREE CLUBS FOUR,0.5112,0.0734,0.4154
DIAMONDS FOUR CLUBS QUEEN,0.354,0.0154,0.6306
DIAMONDS THREE CLUBS FIVE,0.5142,0.073,0.4128
DIAMONDS FOUR CLUBS KING,0.352,0.0082,0.6398
DIAMONDS THREE CLUBS TWO,0.6014,0.1546,0.244
CLUBS TEN DIAMONDS FOUR,0.343,0.0268,0.6302
DIAMONDS THREE CLUBS THREE,0.2668,0.1156,0.6176
CLUBS JACK DIAMONDS FOUR,0.3352,0.021,0.6438
DIAMONDS THREE SPADES FOUR,0.53,0.074,0.396
DIAMONDS THREE SPADES FIVE,0.5166,0.0718,0.4116
DIAMONDS THREE SPADES TWO,0.6014,0.138,0.2606
DIAMONDS THREE SPADES THREE,0.2592,0.1122,0.6286
DIAMONDS THREE CLUBS NINE,0.3512,0.0442,0.6046
SPADES SEVEN CLUBS ACE,0.344,0.0056,0.6504
SPADES SEVEN CLUBS QUEEN,0.3516,0.0126,0.6358
SPADES SEVEN CLUBS KING,0.3442,0.0088,0.647
CLUBS FIVE SPADES SEVEN,0.5072,0.069,0.4238
CLUBS TEN SPADES SEVEN,0.3478,0.0286,0.6236
CLUBS FIVE SPADES SIX,0.5002,0.0666,0.4332
CLUBS JACK SPADES SEVEN,0.3266,0.021,0.6524
CLUBS FIVE SPADES NINE,0.352,0.0464,0.6016
CLUBS FIVE SPADES EIGHT,0.2136,0.4492,0.3372
CLUBS FIVE SPADES THREE,0.5226,0.0692,0.4082
CLUBS FIVE SPADES TWO,0.5878,0.1438,0.2684
CLUBS FIVE SPADES FIVE,0.2548,0.1006,0.6446
CLUBS FIVE SPADES FOUR,0.5006,0.0704,0.429
CLUBS NINE CLUBS FIVE,0.3266,0.0378,0.6356
CLUBS ACE CLUBS QUEEN,0.313,0.0052,0.6818
CLUBS KING CLUBS QUEEN,0.3022,0.0098,0.688
DIAMONDS FOUR DIAMONDS TEN,0.3358,0.0254,0.6388
CLUBS TEN DIAMONDS NINE,0.2808,0.0244,0.6948
DIAMONDS FOUR DIAMONDS JACK,0.3388,0.0198,0.6414
CLUBS JACK DIAMONDS NINE,0.293,0.0176,0.6894
CLUBS JACK SPADES NINE,0.3016,0.02,0.6784
CLUBS TEN SPADES NINE,0.2866,0.0248,0.6886
DIAMONDS FOUR DIAMONDS ACE,0.3336,0.0046,0.6618
HEARTS FOUR DIAMONDS FOUR,0.2526,0.1024,0.645
DIAMONDS JACK HEARTS TEN,0.2978,0.011,0.6912
SPADES NINE CLUBS KING,0.312,0.0094,0.6786
DIAMONDS NINE CLUBS ACE,0.3098,0.0072,0.683
HEARTS FIVE DIAMONDS FOUR,0.4976,0.073,0.4294
DIAMONDS JACK HEARTS JACK,0.1274,0.0412,0.8314
SPADES NINE CLUBS QUEEN,0.3174,0.0102,0.6724
DIAMONDS FOUR DIAMONDS QUEEN,0.3486,0.0116,0.6398
DIAMONDS FOUR HEARTS TWO,0.5964,0.142,0.2616
DIAMONDS NINE CLUBS QUEEN,0.3126,0.01,0.6774
DIAMONDS FOUR DIAMONDS KING,0.3466,0.0092,0.6442
DIAMONDS FOUR HEARTS THREE,0.524,0.0694,0.4066
SPADES NINE CLUBS ACE,0.3176,0.0054,0.677
DIAMONDS NINE CLUBS KING,0.3106,0.008,0.6814
HEARTS ACE DIAMONDS JACK,0.3228,0.004,0.6732
HEARTS QUEEN DIAMONDS JACK,0.3154,0.0108,0.6738
HEARTS KING DIAMONDS JACK,0.3066,0.0084,0.685
SPADES JACK SPADES SEVEN,0.33,0.0166,0.6534
SPADES TEN SPADES SEVEN,0.3156,0.0276,0.6568
CLUBS SEVEN CLUBS THREE,0.5136,0.0646,0.4218
CLUBS SIX CLUBS THREE,0.5084,0.0738,0.4178
CLUBS FIVE CLUBS THREE,0.4926,0.0702,0.4372
CLUBS THREE CLUBS FOUR,0.5044,0.072,0.4236
CLUBS NINE CLUBS THREE,0.3322,0.0438,0.624
CLUBS THREE SPADES FIVE,0.522,0.0732,0.4048
CLUBS THREE SPADES FOUR,0.5324,0.0718,0.3958
CLUBS THREE SPADES THREE,0.2792,0.1192,0.6016
CLUBS THREE SPADES TWO,0.6024,0.1432,0.2544
CLUBS THREE SPADES SIX,0.5262,0.0712,0.4026
CLUBS THREE SPADES SEVEN,0.5488,0.0754,0.3758
SPADES EIGHT CLUBS THREE,0.2252,0.5276,0.2472
SPADES NINE CLUBS THREE,0.3588,0.042,0.5992
DIAMONDS FOUR SPADES TWO,0.5952,0.132,0.2728
DIAMONDS FOUR SPADES THREE,0.5098,0.0724,0.4178
DIAMONDS FOUR SPADES FOUR,0.2578,0.1046,0.6376
DIAMONDS FOUR SPADES FIVE,0.498,0.0738,0.4282
DIAMONDS FOUR SPADES SIX,0.508,0.0706,0.4214
DIAMONDS FOUR SPADES SEVEN,0.5146,0.0716,0.4138
DIAMONDS FOUR SPADES EIGHT,0.216,0.5116,0.2724
DIAMONDS FOUR SPADES NINE,0.354,0.0458,0.6002
DIAMONDS FOUR CLUBS FIVE,0.51,0.072,0.418
DIAMONDS FOUR CLUBS FOUR,0.2642,0.1024,0.6334
CLUBS SEVEN DIAMONDS FOUR,0.53,0.0652,0.4048
DIAMONDS FOUR CLUBS SIX,0.5146,0.0562,0.4292
CLUBS NINE DIAMONDS FOUR,0.3442,0.045,0.6108
HEARTS SEVEN DIAMONDS FOUR,0.516,0.0692,0.4148
HEARTS SIX DIAMONDS FOUR,0.505,0.0654,0.4296
DIAMONDS FOUR HEARTS NINE,0.3522,0.0468,0.601
DIAMONDS FOUR HEARTS EIGHT,0.2064,0.5006,0.293
DIAMONDS FOUR CLUBS THREE,0.5202,0.0732,0.4066
DIAMONDS FOUR CLUBS TWO,0.6106,0.1422,0.2472
DIAMONDS TEN DIAMONDS FIVE,0.326,0.0272,0.6468
DIAMONDS JACK DIAMONDS FIVE,0.3512,0.02,0.6288
DIAMONDS NINE HEARTS QUEEN,0.316,0.0112,0.6728
DIAMONDS NINE HEARTS KING,0.3198,0.0064,0.6738
HEARTS ACE DIAMONDS NINE,0.3222,0.0046,0.6732
DIAMONDS NINE HEARTS TEN,0.295,0.021,0.684
DIAMONDS NINE HEARTS JACK,0.3066,0.0156,0.6778
DIAMONDS SIX CLUBS KING,0.34,0.0074,0.6526
DIAMONDS SIX CLUBS QUEEN,0.3486,0.0128,0.6386
DIAMONDS SIX CLUBS ACE,0.3456,0.004,0.6504
SPADES KING DIAMONDS FOUR,0.363,0.0094,0.6276
SPADES ACE SPADES SEVEN,0.332,0.005,0.663
SPADES QUEEN DIAMONDS FOUR,0.3588,0.0146,0.6266
SPADES QUEEN SPADES SEVEN,0.3416,0.012,0.6464
CLUBS JACK DIAMONDS SIX,0.3498,0.0178,0.6324
SPADES KING SPADES SEVEN,0.3224,0.0082,0.6694
SPADES ACE DIAMONDS FOUR,0.3462,0.0074,0.6464
CLUBS TEN DIAMONDS SIX,0.3444,0.0282,0.6274
CLUBS NINE CLUBS FOUR,0.3302,0.0446,0.6252
SPADES JACK DIAMONDS FOUR,0.3324,0.0202,0.6474
DIAMONDS FOUR SPADES TEN,0.3538,0.0288,0.6174
CLUBS FIVE CLUBS FOUR,0.4834,0.0646,0.452
CLUBS SEVEN CLUBS FOUR,0.4982,0.0628,0.439
CLUBS SIX CLUBS FOUR,0.4808,0.0654,0.4538
CLUBS SEVEN SPADES EIGHT,0.2092,0.2984,0.4924
CLUBS SEVEN SPADES NINE,0.3252,0.0416,0.6332
CLUBS SEVEN SPADES SIX,0.5064,0.0636,0.43
CLUBS SEVEN SPADES SEVEN,0.239,0.0752,0.6858
CLUBS SEVEN SPADES FIVE,0.5072,0.0674,0.4254
CLUBS SEVEN SPADES FOUR,0.5284,0.067,0.4046
CLUBS SEVEN SPADES THREE,0.5444,0.0646,0.391
CLUBS SEVEN SPADES TWO,0.6218,0.1436,0.2346
CLUBS SEVEN CLUBS NINE,0.3126,0.0396,0.6478
HEARTS SIX DIAMONDS FIVE,0.5004,0.0706,0.429
HEARTS SEVEN DIAMONDS FIVE,0.5054,0.0634,0.4312
DIAMONDS FIVE HEARTS EIGHT,0.2048,0.4602,0.335
DIAMONDS FIVE HEARTS NINE,0.335,0.046,0.619
DIAMONDS QUEEN DIAMONDS FIVE,0.3374,0.0158,0.6468
HEARTS TWO DIAMONDS FIVE,0.588,0.1504,0.2616
HEARTS KING HEARTS EIGHT,0.2112,0.0366,0.7522
DIAMONDS KING DIAMONDS FIVE,0.3366,0.0098,0.6536
HEARTS THREE DIAMONDS FIVE,0.519,0.067,0.414
HEARTS QUEEN HEARTS EIGHT,0.2092,0.0452,0.7456
DIAMONDS ACE DIAMONDS FIVE,0.3394,0.0062,0.6544
HEARTS FOUR DIAMONDS FIVE,0.4966,0.072,0.4314
HEARTS FIVE DIAMONDS FIVE,0.248,0.1008,0.6512
HEARTS ACE HEARTS EIGHT,0.2142,0.0286,0.7572
CLUBS FOUR DIAMONDS FIVE,0.507,0.0682,0.4248
CLUBS FIVE DIAMONDS FIVE,0.2538,0.0982,0.648
CLUBS SIX DIAMONDS FIVE,0.5048,0.0664,0.4288
CLUBS SEVEN DIAMONDS FIVE,0.4946,0.0696,0.4358
CLUBS TWO DIAMONDS FIVE,0.5818,0.1516,0.2666
CLUBS THREE DIAMONDS FIVE,0.5258,0.0654,0.4088
SPADES THREE DIAMONDS FIVE,0.516,0.0714,0.4126
SPADES TWO DIAMONDS FIVE,0.594,0.1456,0.2604
SPADES JACK DIAMONDS EIGHT,0.2226,0.0662,0.7112
SPADES FIVE DIAMONDS FIVE,0.2438,0.0968,0.6594
CLUBS TEN HEARTS JACK,0.291,0.0154,0.6936
SPADES TEN DIAMONDS EIGHT,0.2214,0.0808,0.6978
SPADES FOUR DIAMONDS FIVE,0.4932,0.074,0.4328
CLUBS JACK HEARTS JACK,0.1208,0.039,0.8402
HEARTS JACK CLUBS QUEEN,0.3074,0.012,0.6806
CLUBS NINE DIAMONDS FIVE,0.3272,0.0422,0.6306
HEARTS JACK CLUBS KING,0.3244,0.0098,0.6658
CLUBS ACE HEARTS JACK,0.3306,0.0038,0.6656
SPADES SEVEN DIAMONDS FIVE,0.5074,0.0648,0.4278
SPADES KING DIAMONDS EIGHT,0.2174,0.0388,0.7438
SPADES QUEEN DIAMONDS EIGHT,0.2148,0.0488,0.7364
SPADES SIX DIAMONDS FIVE,0.5058,0.0628,0.4314
SPADES NINE DIAMONDS FIVE,0.3352,0.041,0.6238
SPADES EIGHT DIAMONDS FIVE,0.2002,0.455,0.3448
SPADES ACE DIAMONDS EIGHT,0.2062,0.0326,0.7612
DIAMONDS TEN DIAMONDS SIX,0.3232,0.0304,0.6464
HEARTS ACE DIAMONDS SEVEN,0.3452,0.0046,0.6502
DIAMONDS JACK DIAMONDS SIX,0.3492,0.0188,0.632
HEARTS QUEEN DIAMONDS SEVEN,0.3556,0.0136,0.6308
HEARTS KING DIAMONDS SEVEN,0.346,0.0064,0.6476
DIAMONDS ACE DIAMONDS SIX,0.335,0.0042,0.6608
HEARTS FOUR DIAMONDS SIX,0.5196,0.0696,0.4108
SPADES TWO HEARTS JACK,0.2442,0.054,0.7018
HEARTS FIVE DIAMONDS SIX,0.4902,0.0696,0.4402
SPADES TWO HEARTS TEN,0.2398,0.074,0.6862
DIAMONDS QUEEN DIAMONDS SIX,0.344,0.0126,0.6434
HEARTS TWO DIAMONDS SIX,0.6172,0.1406,0.2422
DIAMONDS KING DIAMONDS SIX,0.3378,0.0076,0.6546
HEARTS THREE DIAMONDS SIX,0.5334,0.07,0.3966
DIAMONDS SIX HEARTS EIGHT,0.2096,0.376,0.4144
DIAMONDS SIX HEARTS NINE,0.3268,0.0456,0.6276
HEARTS SIX DIAMONDS SIX,0.2424,0.0858,0.6718
HEARTS SEVEN DIAMONDS SIX,0.4974,0.0606,0.442
HEARTS TEN DIAMONDS SEVEN,0.3322,0.0292,0.6386
CLUBS TWO DIAMONDS SIX,0.6232,0.1452,0.2316
HEARTS JACK DIAMONDS SEVEN,0.336,0.0186,0.6454
CLUBS THREE DIAMONDS SIX,0.5314,0.0698,0.3988
CLUBS SEVEN DIAMONDS SIX,0.4906,0.0668,0.4426
CLUBS JACK DIAMONDS EIGHT,0.215,0.068,0.717
CLUBS SIX DIAMONDS SIX,0.2436,0.0902,0.6662
CLUBS TEN DIAMONDS EIGHT,0.2086,0.0852,0.7062
CLUBS FIVE DIAMONDS SIX,0.5058,0.0646,0.4296
CLUBS FOUR DIAMONDS SIX,0.5072,0.0724,0.4204
HEARTS ACE HEARTS JACK,0.2988,0.0052,0.696
CLUBS ACE DIAMONDS EIGHT,0.2048,0.0296,0.7656
HEARTS QUEEN HEARTS JACK,0.3028,0.0092,0.688
CLUBS KING DIAMONDS EIGHT,0.2118,0.0344,0.7538
CLUBS NINE DIAMONDS SIX,0.3222,0.0452,0.6326
HEARTS KING HEARTS JACK,0.296,0.0062,0.6978
DIAMONDS EIGHT CLUBS QUEEN,0.2138,0.053,0.7332
SPADES TEN HEARTS KING,0.3212,0.0072,0.6716
SPADES FIVE DIAMONDS SIX,0.4914,0.07,0.4386
HEARTS ACE SPADES TWO,0.2424,0.0162,0.7414
SPADES JACK HEARTS KING,0.3188,0.0074,0.6738
SPADES FOUR DIAMONDS SIX,0.5162,0.0738,0.41
SPADES THREE DIAMONDS SIX,0.5344,0.0704,0.3952
HEARTS QUEEN SPADES TWO,0.262,0.0408,0.6972
SPADES ACE SPADES KING,0.3074,0.0038,0.6888
HEARTS KING SPADES TWO,0.254,0.0292,0.7168
SPADES TWO DIAMONDS SIX,0.607,0.1466,0.2464
HEARTS TEN HEARTS EIGHT,0.2154,0.08,0.7046
SPADES NINE DIAMONDS SIX,0.3376,0.0412,0.6212
HEARTS JACK HEARTS EIGHT,0.2088,0.0708,0.7204
SPADES EIGHT DIAMONDS SIX,0.209,0.3818,0.4092
SPADES SEVEN DIAMONDS SIX,0.4902,0.0722,0.4376
SPADES SIX DIAMONDS SIX,0.2452,0.0952,0.6596
SPADES KING HEARTS KING,0.1342,0.0138,0.852
SPADES QUEEN HEARTS KING,0.3248,0.0078,0.6674
CLUBS ACE CLUBS KING,0.301,0.0064,0.6926
SPADES ACE HEARTS KING,0.32,0.0044,0.6756
SPADES ACE HEARTS JACK,0.3338,0.0042,0.662
SPADES QUEEN HEARTS JACK,0.3134,0.009,0.6776
SPADES KING HEARTS JACK,0.329,0.0064,0.6646
SPADES TEN DIAMONDS TEN,0.1372,0.0444,0.8184
SPADES JACK DIAMONDS TEN,0.2986,0.0122,0.6892
SPADES ACE DIAMONDS TEN,0.3218,0.0052,0.673
SPADES JACK HEARTS JACK,0.1304,0.0366,0.833
SPADES TEN HEARTS JACK,0.3068,0.015,0.6782
SPADES QUEEN DIAMONDS TEN,0.3182,0.0112,0.6706
SPADES KING DIAMONDS TEN,0.3226,0.0078,0.6696
SPADES NINE DIAMONDS SEVEN,0.3206,0.0422,0.6372
SPADES EIGHT DIAMONDS SEVEN,0.1982,0.2948,0.507
SPADES SEVEN DIAMONDS SEVEN,0.2318,0.0862,0.682
SPADES SIX DIAMONDS SEVEN,0.499,0.0634,0.4376
DIAMONDS KING DIAMONDS SEVEN,0.3414,0.0086,0.65
HEARTS THREE DIAMONDS SEVEN,0.539,0.0658,0.3952
HEARTS KING DIAMONDS FIVE,0.3508,0.0072,0.642
DIAMONDS QUEEN DIAMONDS SEVEN,0.3326,0.0118,0.6556
HEARTS TWO DIAMONDS SEVEN,0.6212,0.1382,0.2406
HEARTS QUEEN DIAMONDS FIVE,0.3426,0.0132,0.6442
HEARTS FIVE DIAMONDS SEVEN,0.4998,0.067,0.4332
DIAMONDS ACE DIAMONDS SEVEN,0.3426,0.0046,0.6528
HEARTS FOUR DIAMONDS SEVEN,0.5292,0.0694,0.4014
HEARTS ACE DIAMONDS FIVE,0.3444,0.0042,0.6514
HEARTS SEVEN DIAMONDS SEVEN,0.2382,0.0796,0.6822
HEARTS SIX DIAMONDS SEVEN,0.4972,0.061,0.4418
HEARTS NINE DIAMONDS SEVEN,0.324,0.047,0.629
HEARTS EIGHT DIAMONDS SEVEN,0.2108,0.2868,0.5024
DIAMONDS JACK DIAMONDS SEVEN,0.3254,0.021,0.6536
HEARTS JACK DIAMONDS FIVE,0.3526,0.0222,0.6252
DIAMONDS TEN DIAMONDS SEVEN,0.3196,0.0278,0.6526
HEARTS TEN DIAMONDS FIVE,0.35,0.0288,0.6212
SPADES KING CLUBS TWO,0.2378,0.0312,0.731
HEARTS KING CLUBS KING,0.1286,0.016,0.8554
SPADES QUEEN CLUBS TWO,0.2394,0.0408,0.7198
HEARTS KING CLUBS QUEEN,0.3218,0.0082,0.67
CLUBS NINE DIAMONDS SEVEN,0.3118,0.046,0.6422
CLUBS JACK SPADES TWO,0.2348,0.0532,0.712
SPADES ACE CLUBS TWO,0.2426,0.015,0.7424
CLUBS TEN SPADES TWO,0.2388,0.0746,0.6866
HEARTS KING CLUBS ACE,0.3174,0.0048,0.6778
CLUBS SEVEN CLUBS SIX,0.4844,0.0636,0.452
SPADES TWO CLUBS KING,0.231,0.0326,0.7364
SPADES TWO DIAMONDS SEVEN,0.625,0.1448,0.2302
SPADES THREE DIAMONDS SEVEN,0.5272,0.066,0.4068
SPADES TWO CLUBS QUEEN,0.239,0.0456,0.7154
CLUBS NINE CLUBS SIX,0.3106,0.0434,0.646
SPADES FOUR DIAMONDS SEVEN,0.5258,0.0662,0.408
CLUBS JACK HEARTS KING,0.336,0.0064,0.6576
SPADES FIVE DIAMONDS SEVEN,0.5066,0.0712,0.4222
SPADES TWO CLUBS ACE,0.2318,0.018,0.7502
CLUBS TEN HEARTS KING,0.3124,0.0082,0.6794
CLUBS SIX SPADES TWO,0.619,0.1484,0.2326
CLUBS SIX SPADES THREE,0.5444,0.063,0.3926
CLUBS TWO DIAMONDS SEVEN,0.645,0.1378,0.2172
CLUBS SIX SPADES FOUR,0.5196,0.0658,0.4146
CLUBS THREE DIAMONDS SEVEN,0.5422,0.0684,0.3894
CLUBS SIX SPADES FIVE,0.5094,0.0698,0.4208
CLUBS FOUR DIAMONDS SEVEN,0.5166,0.072,0.4114
CLUBS SIX SPADES SIX,0.2518,0.0984,0.6498
CLUBS FIVE DIAMONDS SEVEN,0.5006,0.0638,0.4356
CLUBS SIX SPADES SEVEN,0.5062,0.0658,0.428
CLUBS SIX DIAMONDS SEVEN,0.4902,0.0638,0.446
CLUBS SIX SPADES EIGHT,0.2232,0.3704,0.4064
SPADES JACK CLUBS TWO,0.24,0.059,0.701
CLUBS SEVEN DIAMONDS SEVEN,0.2416,0.0818,0.6766
SPADES NINE CLUBS SIX,0.3326,0.0466,0.6208
SPADES TEN CLUBS TWO,0.2304,0.08,0.6896
CLUBS TWO CLUBS QUEEN,0.2404,0.0408,0.7188
CLUBS TWO CLUBS KING,0.223,0.0254,0.7516
CLUBS THREE DIAMONDS EIGHT,0.217,0.5334,0.2496
CLUBS TWO CLUBS ACE,0.2286,0.0166,0.7548
CLUBS TWO DIAMONDS EIGHT,0.0086,0.983,0.0084
HEARTS SEVEN DIAMONDS EIGHT,0.2122,0.2908,0.497
HEARTS SIX DIAMONDS EIGHT,0.2128,0.3608,0.4264
DIAMONDS EIGHT HEARTS NINE,0.222,0.1048,0.6732
CLUBS TEN CLUBS TWO,0.2242,0.068,0.7078
HEARTS EIGHT DIAMONDS EIGHT,0.0674,0.0992,0.8334
CLUBS JACK CLUBS TWO,0.233,0.051,0.716
CLUBS NINE DIAMONDS EIGHT,0.2086,0.1118,0.6796
CLUBS FIVE DIAMONDS EIGHT,0.2056,0.4656,0.3288
SPADES ACE SPADES THREE,0.323,0.0052,0.6718
CLUBS FOUR DIAMONDS EIGHT,0.2008,0.5304,0.2688
CLUBS SEVEN DIAMONDS EIGHT,0.2032,0.305,0.4918
SPADES QUEEN SPADES THREE,0.3324,0.0148,0.6528
CLUBS SIX DIAMONDS EIGHT,0.2038,0.3736,0.4226
SPADES KING SPADES THREE,0.3382,0.0084,0.6534
DIAMONDS QUEEN DIAMONDS EIGHT,0.2282,0.0462,0.7256
HEARTS TWO DIAMONDS EIGHT,0.0106,0.973,0.0164
DIAMONDS KING DIAMONDS EIGHT,0.2288,0.0426,0.7286
HEARTS THREE DIAMONDS EIGHT,0.199,0.5266,0.2744
DIAMONDS ACE DIAMONDS EIGHT,0.2098,0.0278,0.7624
HEARTS FOUR DIAMONDS EIGHT,0.2156,0.5114,0.273
HEARTS FIVE DIAMONDS EIGHT,0.2012,0.4504,0.3484
DIAMONDS TEN DIAMONDS EIGHT,0.2086,0.0778,0.7136
DIAMONDS JACK DIAMONDS EIGHT,0.2204,0.0616,0.718
SPADES JACK SPADES THREE,0.3432,0.0188,0.638
SPADES TEN SPADES THREE,0.3452,0.0232,0.6316
CLUBS FOUR HEARTS ACE,0.3438,0.0066,0.6496
CLUBS FOUR HEARTS QUEEN,0.362,0.0152,0.6228
CLUBS FOUR HEARTS KING,0.364,0.01,0.626
CLUBS SIX HEARTS TEN,0.3528,0.0278,0.6194
CLUBS SIX HEARTS JACK,0.3672,0.0194,0.6134
SPADES FOUR DIAMONDS EIGHT,0.2146,0.5174,0.268
SPADES FIVE DIAMONDS EIGHT,0.2124,0.4584,0.3292
SPADES TWO DIAMONDS EIGHT,0.0102,0.9734,0.0164
SPADES THREE DIAMONDS EIGHT,0.2076,0.5246,0.2678
CLUBS FOUR HEARTS JACK,0.363,0.0166,0.6204
SPADES EIGHT DIAMONDS EIGHT,0.0676,0.0858,0.8466
SPADES TEN DIAMONDS QUEEN,0.31,0.0094,0.6806
SPADES TEN HEARTS TWO,0.2424,0.0792,0.6784
SPADES JACK HEARTS EIGHT,0.2368,0.0648,0.6984
CLUBS FOUR HEARTS TEN,0.3534,0.03,0.6166
SPADES NINE DIAMONDS EIGHT,0.2222,0.1116,0.6662
SPADES TEN HEARTS EIGHT,0.2296,0.0786,0.6918
SPADES JACK HEARTS TWO,0.2424,0.0588,0.6988
SPADES JACK DIAMONDS QUEEN,0.3012,0.011,0.6878
SPADES SIX DIAMONDS EIGHT,0.21,0.3726,0.4174
SPADES SEVEN DIAMONDS EIGHT,0.2124,0.2954,0.4922
SPADES ACE HEARTS TWO,0.2366,0.016,0.7474
SPADES ACE DIAMONDS QUEEN,0.3162,0.0034,0.6804
SPADES ACE HEARTS EIGHT,0.2258,0.035,0.7392
SPADES KING HEARTS EIGHT,0.2318,0.0374,0.7308
SPADES QUEEN HEARTS TWO,0.2482,0.0434,0.7084
SPADES QUEEN DIAMONDS QUEEN,0.1356,0.032,0.8324
SPADES KING DIAMONDS QUEEN,0.3222,0.006,0.6718
SPADES KING HEARTS TWO,0.2444,0.0314,0.7242
SPADES QUEEN HEARTS EIGHT,0.2266,0.0452,0.7282
CLUBS TWO HEARTS TEN,0.2278,0.0806,0.6916
CLUBS TWO HEARTS JACK,0.2436,0.056,0.7004
SPADES SEVEN DIAMONDS NINE,0.322,0.0378,0.6402
SPADES SIX DIAMONDS NINE,0.3284,0.0404,0.6312
SPADES NINE DIAMONDS NINE,0.132,0.061,0.807
SPADES EIGHT DIAMONDS NINE,0.2018,0.1042,0.694
SPADES TEN CLUBS KING,0.3284,0.0064,0.6652
DIAMONDS NINE SPADES THREE,0.3472,0.047,0.6058
SPADES JACK CLUBS KING,0.319,0.007,0.674
DIAMONDS NINE SPADES TWO,0.2298,0.0974,0.6728
SPADES FIVE DIAMONDS NINE,0.3524,0.0372,0.6104
DIAMONDS NINE SPADES FOUR,0.3424,0.0472,0.6104
CLUBS NINE DIAMONDS NINE,0.1264,0.058,0.8156
CLUBS SIX DIAMONDS NINE,0.3456,0.0412,0.6132
SPADES JACK CLUBS FOUR,0.3574,0.0232,0.6194
CLUBS SEVEN DIAMONDS NINE,0.3058,0.0402,0.654
SPADES TEN CLUBS FOUR,0.3562,0.0288,0.615
CLUBS FOUR DIAMONDS NINE,0.3546,0.0434,0.602
CLUBS FIVE DIAMONDS NINE,0.3384,0.0406,0.621
CLUBS TWO DIAMONDS NINE,0.2206,0.1068,0.6726
CLUBS THREE DIAMONDS NINE,0.3542,0.0478,0.598
DIAMONDS NINE HEARTS EIGHT,0.2062,0.1124,0.6814
DIAMONDS NINE HEARTS NINE,0.137,0.0638,0.7992
HEARTS SIX DIAMONDS NINE,0.3252,0.0444,0.6304
HEARTS SEVEN DIAMONDS NINE,0.3174,0.0452,0.6374
DIAMONDS ACE DIAMONDS NINE,0.3106,0.0044,0.685
HEARTS FOUR DIAMONDS NINE,0.3582,0.044,0.5978
HEARTS FIVE DIAMONDS NINE,0.3316,0.0382,0.6302
HEARTS ACE CLUBS TWO,0.2442,0.0162,0.7396
SPADES ACE CLUBS FOUR,0.3562,0.0044,0.6394
DIAMONDS NINE DIAMONDS QUEEN,0.2976,0.014,0.6884
HEARTS TWO DIAMONDS NINE,0.23,0.1042,0.6658
CLUBS TWO HEARTS KING,0.2462,0.0322,0.7216
SPADES KING CLUBS FOUR,0.3652,0.0084,0.6264
DIAMONDS KING DIAMONDS NINE,0.3056,0.0076,0.6868
HEARTS THREE DIAMONDS NINE,0.357,0.0456,0.5974
CLUBS TWO HEARTS QUEEN,0.2558,0.0412,0.703
SPADES QUEEN CLUBS FOUR,0.3632,0.0114,0.6254
DIAMONDS NINE DIAMONDS JACK,0.3026,0.0172,0.6802
DIAMONDS TEN DIAMONDS NINE,0.2812,0.0178,0.701
HEARTS SIX DIAMONDS TEN,0.3466,0.0288,0.6246
HEARTS SEVEN DIAMONDS TEN,0.333,0.0228,0.6442
DIAMONDS TEN HEARTS EIGHT,0.2114,0.083,0.7056
CLUBS JACK CLUBS FOUR,0.3396,0.0206,0.6398
DIAMONDS TEN HEARTS NINE,0.2962,0.0216,0.6822
CLUBS TEN CLUBS FOUR,0.3404,0.0314,0.6282
CLUBS FOUR CLUBS KING,0.3374,0.0072,0.6554
CLUBS FOUR CLUBS QUEEN,0.333,0.0142,0.6528
DIAMONDS TEN CLUBS TWO,0.237,0.0754,0.6876
CLUBS THREE DIAMONDS TEN,0.3592,0.0308,0.61
CLUBS FOUR CLUBS ACE,0.3324,0.0048,0.6628
DIAMONDS TEN DIAMONDS JACK,0.2868,0.0162,0.697
DIAMONDS TEN DIAMONDS QUEEN,0.2988,0.0108,0.6904
HEARTS TWO DIAMONDS TEN,0.2286,0.0792,0.6922
DIAMONDS KING DIAMONDS TEN,0.297,0.0098,0.6932
HEARTS THREE DIAMONDS TEN,0.3676,0.0252,0.6072
DIAMONDS ACE DIAMONDS TEN,0.3038,0.0054,0.6908
HEARTS FOUR DIAMONDS TEN,0.3596,0.0312,0.6092
HEARTS FIVE DIAMONDS TEN,0.3516,0.0274,0.621
CLUBS NINE SPADES THREE,0.3612,0.039,0.5998
CLUBS NINE SPADES TWO,0.228,0.1014,0.6706
CLUBS NINE SPADES FIVE,0.3328,0.0418,0.6254
CLUBS NINE SPADES FOUR,0.3594,0.0418,0.5988
CLUBS NINE SPADES SEVEN,0.3244,0.0428,0.6328
CLUBS NINE SPADES SIX,0.3334,0.047,0.6196
CLUBS NINE SPADES NINE,0.135,0.0586,0.8064
CLUBS TEN HEARTS EIGHT,0.2276,0.0828,0.6896
CLUBS NINE SPADES EIGHT,0.2214,0.113,0.6656
CLUBS JACK HEARTS EIGHT,0.216,0.0634,0.7206
HEARTS EIGHT CLUBS QUEEN,0.2264,0.0464,0.7272
CLUBS KING HEARTS EIGHT,0.2262,0.0374,0.7364
CLUBS ACE HEARTS EIGHT,0.209,0.0266,0.7644
SPADES KING CLUBS KING,0.119,0.014,0.867
SPADES QUEEN CLUBS KING,0.3212,0.007,0.6718
SPADES ACE CLUBS KING,0.3086,0.0048,0.6866
DIAMONDS ACE HEARTS TEN,0.3194,0.004,0.6766
HEARTS FOUR HEARTS TEN,0.3232,0.0246,0.6522
DIAMONDS ACE HEARTS JACK,0.3346,0.0048,0.6606
HEARTS FOUR HEARTS JACK,0.3358,0.0168,0.6474
SPADES KING CLUBS FIVE,0.3632,0.0094,0.6274
SPADES QUEEN CLUBS FIVE,0.3548,0.014,0.6312
SPADES ACE CLUBS FIVE,0.358,0.006,0.636
HEARTS SEVEN DIAMONDS JACK,0.3402,0.0222,0.6376
HEARTS SIX DIAMONDS JACK,0.3666,0.0206,0.6128
DIAMONDS JACK HEARTS NINE,0.3074,0.0202,0.6724
DIAMONDS JACK HEARTS EIGHT,0.21,0.0654,0.7246
DIAMONDS KING DIAMONDS JACK,0.3062,0.0076,0.6862
HEARTS THREE DIAMONDS JACK,0.3578,0.0224,0.6198
SPADES ACE SPADES SIX,0.329,0.0052,0.6658
HEARTS ACE SPADES FOUR,0.3496,0.0044,0.646
DIAMONDS QUEEN DIAMONDS JACK,0.3064,0.013,0.6806
HEARTS TWO DIAMONDS JACK,0.2402,0.064,0.6958
HEARTS FIVE DIAMONDS JACK,0.3508,0.0142,0.635
SPADES QUEEN SPADES SIX,0.326,0.013,0.661
SPADES FOUR HEARTS QUEEN,0.354,0.0124,0.6336
DIAMONDS ACE DIAMONDS JACK,0.3088,0.005,0.6862
HEARTS FOUR DIAMONDS JACK,0.3592,0.0204,0.6204
SPADES KING SPADES SIX,0.3322,0.0084,0.6594
SPADES FOUR HEARTS KING,0.3556,0.0074,0.637
SPADES TEN SPADES SIX,0.3194,0.0262,0.6544
SPADES JACK SPADES SIX,0.3312,0.0158,0.653
SPADES FOUR DIAMONDS JACK,0.3558,0.0196,0.6246
SPADES FIVE DIAMONDS JACK,0.3488,0.0208,0.6304
DIAMONDS JACK SPADES TWO,0.2414,0.0568,0.7018
SPADES THREE DIAMONDS JACK,0.367,0.0178,0.6152
SPADES ACE DIAMONDS THREE,0.3382,0.0046,0.6572
SPADES QUEEN DIAMONDS THREE,0.3616,0.0134,0.625
SPADES KING DIAMONDS THREE,0.3586,0.0086,0.6328
CLUBS NINE DIAMONDS JACK,0.3066,0.0178,0.6756
CLUBS SIX DIAMONDS JACK,0.3572,0.0178,0.625
CLUBS SEVEN DIAMONDS JACK,0.3482,0.0166,0.6352
CLUBS FOUR DIAMONDS JACK,0.3598,0.0198,0.6204
CLUBS FIVE DIAMONDS JACK,0.3408,0.0196,0.6396
CLUBS TWO DIAMONDS JACK,0.2302,0.0568,0.713
CLUBS THREE DIAMONDS JACK,0.373,0.018,0.609
SPADES TEN CLUBS FIVE,0.3646,0.0308,0.6046
SPADES JACK HEARTS SIX,0.3562,0.0184,0.6254
HEARTS SIX SPADES TEN,0.3428,0.0278,0.6294
SPADES JACK CLUBS FIVE,0.3598,0.0166,0.6236
DIAMONDS THREE SPADES JACK,0.3608,0.0206,0.6186
CLUBS SEVEN CLUBS ACE,0.3388,0.0038,0.6574
DIAMONDS THREE SPADES TEN,0.3472,0.0296,0.6232
CLUBS SEVEN CLUBS QUEEN,0.3366,0.0102,0.6532
CLUBS SEVEN CLUBS KING,0.3234,0.0092,0.6674
SPADES NINE DIAMONDS JACK,0.3048,0.0202,0.675
CLUBS TEN CLUBS SEVEN,0.3068,0.0294,0.6638
DIAMONDS ACE HEARTS ACE,0.1194,0.004,0.8766
HEARTS FOUR HEARTS ACE,0.333,0.0072,0.6598
SPADES EIGHT DIAMONDS JACK,0.2268,0.0608,0.7124
SPADES ACE HEARTS SIX,0.3594,0.003,0.6376
CLUBS JACK CLUBS SEVEN,0.3274,0.0192,0.6534
DIAMONDS ACE HEARTS KING,0.3106,0.0052,0.6842
HEARTS FOUR HEARTS KING,0.3266,0.0106,0.6628
SPADES SEVEN DIAMONDS JACK,0.3398,0.017,0.6432
SPADES KING HEARTS SIX,0.3698,0.007,0.6232
DIAMONDS ACE HEARTS QUEEN,0.32,0.0042,0.6758
HEARTS FOUR HEARTS QUEEN,0.3406,0.0136,0.6458
SPADES QUEEN HEARTS SIX,0.3448,0.0126,0.6426
SPADES SIX DIAMONDS JACK,0.353,0.0192,0.6278
DIAMONDS TEN SPADES TWO,0.2318,0.078,0.6902
DIAMONDS TEN SPADES THREE,0.357,0.0274,0.6156
DIAMONDS TEN SPADES FOUR,0.344,0.0282,0.6278
DIAMONDS TEN SPADES FIVE,0.3466,0.028,0.6254
SPADES SIX DIAMONDS TEN,0.3432,0.0284,0.6284
SPADES SEVEN DIAMONDS TEN,0.3288,0.0262,0.645
SPADES EIGHT DIAMONDS TEN,0.2132,0.0796,0.7072
SPADES NINE DIAMONDS TEN,0.289,0.0252,0.6858
CLUBS FOUR DIAMONDS TEN,0.3554,0.0326,0.612
CLUBS FIVE DIAMONDS TEN,0.3494,0.0286,0.622
CLUBS SIX DIAMONDS TEN,0.3472,0.0304,0.6224
CLUBS SEVEN DIAMONDS TEN,0.3308,0.0258,0.6434
CLUBS NINE DIAMONDS TEN,0.2824,0.0252,0.6924
CLUBS JACK DIAMONDS THREE,0.3484,0.0212,0.6304
CLUBS TEN DIAMONDS THREE,0.3494,0.0328,0.6178
DIAMONDS THREE CLUBS KING,0.3444,0.0138,0.6418
DIAMONDS THREE CLUBS QUEEN,0.3636,0.0146,0.6218
DIAMONDS THREE CLUBS ACE,0.3466,0.0056,0.6478
SPADES FOUR HEARTS JACK,0.3688,0.0174,0.6138
SPADES FOUR HEARTS TEN,0.3424,0.0334,0.6242
SPADES FIVE SPADES TWO,0.5398,0.1466,0.3136
SPADES FOUR SPADES TWO,0.548,0.142,0.31
SPADES THREE SPADES TWO,0.5574,0.1328,0.3098
SPADES NINE SPADES TWO,0.2292,0.101,0.6698
SPADES EIGHT SPADES TWO,0.0212,0.9104,0.0684
SPADES SEVEN SPADES TWO,0.5904,0.1304,0.2792
SPADES SIX SPADES TWO,0.5844,0.1248,0.2908
CLUBS THREE DIAMONDS QUEEN,0.3722,0.014,0.6138
CLUBS THREE HEARTS TWO,0.5912,0.1512,0.2576
CLUBS TWO DIAMONDS QUEEN,0.2436,0.0402,0.7162
HEARTS TWO CLUBS TWO,0.2598,0.074,0.6662
HEARTS SEVEN DIAMONDS QUEEN,0.3606,0.0126,0.6268
HEARTS SEVEN HEARTS TWO,0.5794,0.1308,0.2898
HEARTS SIX DIAMONDS QUEEN,0.3584,0.0092,0.6324
HEARTS SIX HEARTS TWO,0.583,0.133,0.284
DIAMONDS QUEEN HEARTS NINE,0.3114,0.0114,0.6772
HEARTS TWO HEARTS NINE,0.2286,0.1002,0.6712
DIAMONDS QUEEN HEARTS EIGHT,0.22,0.05,0.73
HEARTS TWO HEARTS EIGHT,0.0232,0.9052,0.0716
CLUBS NINE HEARTS TWO,0.2296,0.1054,0.665
CLUBS NINE DIAMONDS QUEEN,0.3008,0.015,0.6842
CLUBS FIVE DIAMONDS QUEEN,0.3408,0.0112,0.648
CLUBS FIVE HEARTS TWO,0.6004,0.1458,0.2538
SPADES EIGHT HEARTS ACE,0.2236,0.0304,0.746
CLUBS FOUR DIAMONDS QUEEN,0.3592,0.0136,0.6272
CLUBS FOUR HEARTS TWO,0.5982,0.1414,0.2604
CLUBS SEVEN DIAMONDS QUEEN,0.3582,0.0136,0.6282
CLUBS SEVEN HEARTS TWO,0.6292,0.1448,0.226
SPADES EIGHT HEARTS QUEEN,0.2292,0.0468,0.724
CLUBS SIX DIAMONDS QUEEN,0.3526,0.0144,0.633
CLUBS SIX HEARTS TWO,0.6172,0.1378,0.245
SPADES EIGHT HEARTS KING,0.2308,0.0374,0.7318
HEARTS TWO SPADES SIX,0.6182,0.1334,0.2484
SPADES SIX DIAMONDS QUEEN,0.3554,0.0128,0.6318
HEARTS FOUR CLUBS QUEEN,0.357,0.0126,0.6304
DIAMONDS ACE CLUBS QUEEN,0.3112,0.0056,0.6832
SPADES SEVEN DIAMONDS QUEEN,0.3596,0.0104,0.63
SPADES SEVEN HEARTS TWO,0.6174,0.1378,0.2448
HEARTS FOUR CLUBS KING,0.3506,0.0082,0.6412
DIAMONDS ACE CLUBS KING,0.3086,0.0048,0.6866
SPADES EIGHT DIAMONDS QUEEN,0.2202,0.0506,0.7292
SPADES EIGHT HEARTS TWO,0.023,0.9562,0.0208
HEARTS FOUR CLUBS ACE,0.3276,0.0058,0.6666
DIAMONDS ACE CLUBS ACE,0.1114,0.0038,0.8848
SPADES NINE DIAMONDS QUEEN,0.3116,0.0136,0.6748
SPADES NINE HEARTS TWO,0.2386,0.105,0.6564
HEARTS TWO SPADES TWO,0.2716,0.0666,0.6618
DIAMONDS QUEEN SPADES TWO,0.2404,0.0406,0.719
HEARTS TWO SPADES THREE,0.5986,0.1454,0.256
DIAMONDS QUEEN SPADES THREE,0.3688,0.0146,0.6166
HEARTS TWO SPADES FOUR,0.5962,0.1434,0.2604
SPADES FOUR DIAMONDS QUEEN,0.3576,0.0098,0.6326
CLUBS TEN HEARTS FOUR,0.3586,0.0274,0.614
CLUBS TEN DIAMONDS ACE,0.3142,0.0056,0.6802
HEARTS TWO SPADES FIVE,0.5912,0.1432,0.2656
SPADES FIVE DIAMONDS QUEEN,0.3506,0.0114,0.638
CLUBS JACK HEARTS FOUR,0.362,0.02,0.618
CLUBS JACK DIAMONDS ACE,0.316,0.0036,0.6804
CLUBS FIVE CLUBS KING,0.3368,0.009,0.6542
CLUBS FIVE CLUBS QUEEN,0.3368,0.0126,0.6506
CLUBS FIVE CLUBS ACE,0.3256,0.0056,0.6688
CLUBS JACK CLUBS FIVE,0.3396,0.0188,0.6416
CLUBS TEN CLUBS FIVE,0.3324,0.0294,0.6382
SPADES KING CLUBS JACK,0.315,0.0058,0.6792
CLUBS JACK SPADES QUEEN,0.3142,0.013,0.6728
SPADES ACE CLUBS JACK,0.317,0.0052,0.6778
SPADES SIX CLUBS KING,0.3476,0.0086,0.6438
SPADES SIX CLUBS QUEEN,0.3492,0.0116,0.6392
SPADES EIGHT HEARTS JACK,0.219,0.0664,0.7146
SPADES SIX CLUBS ACE,0.3478,0.0052,0.647
SPADES EIGHT HEARTS TEN,0.2306,0.0768,0.6926
CLUBS JACK SPADES SIX,0.364,0.0184,0.6176
CLUBS TEN SPADES SIX,0.344,0.0286,0.6274
CLUBS JACK SPADES TEN,0.3094,0.0124,0.6782
CLUBS JACK SPADES JACK,0.1224,0.0406,0.837
SPADES QUEEN CLUBS SEVEN,0.3568,0.0114,0.6318
SPADES KING CLUBS SEVEN,0.3344,0.008,0.6576
SPADES ACE CLUBS SEVEN,0.3482,0.0038,0.648
SPADES SIX HEARTS TEN,0.338,0.0272,0.6348
SPADES SIX HEARTS JACK,0.3682,0.0174,0.6144
SPADES SIX HEARTS ACE,0.357,0.004,0.639
SPADES SIX HEARTS KING,0.353,0.0078,0.6392
SPADES SIX HEARTS QUEEN,0.351,0.0112,0.6378
CLUBS SEVEN SPADES JACK,0.344,0.0164,0.6396
CLUBS SEVEN SPADES TEN,0.3438,0.028,0.6282
CLUBS TEN HEARTS SIX,0.3434,0.0296,0.627
CLUBS JACK HEARTS SIX,0.351,0.0178,0.6312
CLUBS JACK CLUBS ACE,0.2944,0.0066,0.699
HEARTS SIX CLUBS QUEEN,0.3494,0.0128,0.6378
HEARTS SIX CLUBS KING,0.3648,0.0094,0.6258
HEARTS SIX CLUBS ACE,0.3452,0.0044,0.6504
CLUBS JACK CLUBS QUEEN,0.302,0.0128,0.6852
CLUBS JACK CLUBS KING,0.297,0.0094,0.6936
DIAMONDS THREE HEARTS ACE,0.3502,0.0066,0.6432
DIAMONDS THREE HEARTS QUEEN,0.3634,0.0174,0.6192
DIAMONDS THREE HEARTS KING,0.3556,0.0086,0.6358
CLUBS FIVE HEARTS JACK,0.3486,0.0156,0.6358
SPADES TEN DIAMONDS ACE,0.3002,0.004,0.6958
HEARTS FOUR SPADES TEN,0.3456,0.0286,0.6258
CLUBS FIVE HEARTS TEN,0.3588,0.0274,0.6138
HEARTS FOUR SPADES JACK,0.351,0.02,0.629
SPADES JACK DIAMONDS ACE,0.3264,0.0044,0.6692
SPADES ACE HEARTS FOUR,0.3466,0.005,0.6484
SPADES ACE DIAMONDS ACE,0.1238,0.0042,0.872
CLUBS FIVE HEARTS ACE,0.3528,0.0036,0.6436
CLUBS FIVE HEARTS KING,0.3538,0.0098,0.6364
HEARTS FOUR SPADES QUEEN,0.3664,0.0108,0.6228
SPADES QUEEN DIAMONDS ACE,0.3126,0.0048,0.6826
CLUBS JACK SPADES FOUR,0.3444,0.0254,0.6302
CLUBS FIVE HEARTS QUEEN,0.357,0.0142,0.6288
SPADES KING DIAMONDS ACE,0.3208,0.0068,0.6724
SPADES KING HEARTS FOUR,0.3572,0.008,0.6348
CLUBS TEN SPADES FOUR,0.3442,0.032,0.6238
DIAMONDS ACE DIAMONDS QUEEN,0.3122,0.0034,0.6844
DIAMONDS ACE HEARTS TWO,0.232,0.0176,0.7504
HEARTS FOUR DIAMONDS QUEEN,0.3458,0.0154,0.6388
HEARTS FOUR HEARTS TWO,0.5592,0.1352,0.3056
DIAMONDS THREE HEARTS TEN,0.3566,0.0282,0.6152
SPADES FOUR CLUBS KING,0.346,0.007,0.647
HEARTS FIVE DIAMONDS QUEEN,0.35,0.0104,0.6396
HEARTS FIVE HEARTS TWO,0.5598,0.138,0.3022
DIAMONDS THREE HEARTS JACK,0.3504,0.0176,0.632
SPADES FOUR CLUBS QUEEN,0.3574,0.0126,0.63
HEARTS TWO DIAMONDS QUEEN,0.2452,0.0438,0.711
DIAMONDS KING DIAMONDS QUEEN,0.2972,0.0076,0.6952
DIAMONDS KING HEARTS TWO,0.2356,0.03,0.7344
HEARTS THREE DIAMONDS QUEEN,0.3662,0.0138,0.62
HEARTS THREE HEARTS TWO,0.5562,0.1408,0.303
SPADES FOUR CLUBS ACE,0.341,0.0052,0.6538
HEARTS TWO CLUBS ACE,0.243,0.017,0.74
DIAMONDS QUEEN CLUBS ACE,0.3176,0.0034,0.679
HEARTS TWO CLUBS QUEEN,0.2394,0.0408,0.7198
DIAMONDS QUEEN CLUBS QUEEN,0.1162,0.0312,0.8526
HEARTS TWO CLUBS KING,0.2334,0.03,0.7366
DIAMONDS QUEEN CLUBS KING,0.3152,0.008,0.6768
SPADES EIGHT SPADES FIVE,0.2072,0.4078,0.385
CLUBS TEN HEARTS TWO,0.2412,0.0738,0.685
CLUBS TEN DIAMONDS QUEEN,0.2918,0.0106,0.6976
SPADES NINE SPADES FIVE,0.3238,0.0444,0.6318
CLUBS JACK HEARTS TWO,0.2382,0.063,0.6988
CLUBS JACK DIAMONDS QUEEN,0.3006,0.011,0.6884
SPADES SIX SPADES FIVE,0.468,0.0586,0.4734
SPADES SEVEN SPADES FIVE,0.4674,0.0664,0.4662
DIAMONDS FIVE CLUBS QUEEN,0.3472,0.015,0.6378
SPADES EIGHT CLUBS ACE,0.2158,0.0314,0.7528
DIAMONDS FIVE CLUBS KING,0.3402,0.0108,0.649
SPADES EIGHT CLUBS KING,0.2218,0.0384,0.7398
CLUBS ACE DIAMONDS FIVE,0.3394,0.0046,0.656
SPADES EIGHT CLUBS QUEEN,0.2182,0.0506,0.7312
CLUBS JACK SPADES EIGHT,0.2184,0.0592,0.7224
CLUBS TEN SPADES EIGHT,0.2038,0.08,0.7162
CLUBS TEN DIAMONDS FIVE,0.3456,0.0318,0.6226
CLUBS JACK DIAMONDS FIVE,0.3454,0.021,0.6336
DIAMONDS TEN HEARTS JACK,0.3,0.0158,0.6842
DIAMONDS TEN HEARTS TEN,0.1348,0.0468,0.8184
SPADES ACE CLUBS NINE,0.3112,0.005,0.6838
SPADES QUEEN CLUBS NINE,0.3108,0.012,0.6772
SPADES KING CLUBS NINE,0.3198,0.0076,0.6726
HEARTS SIX HEARTS KING,0.3378,0.0072,0.655
DIAMONDS KING SPADES SEVEN,0.3636,0.0058,0.6306
HEARTS THREE SPADES SEVEN,0.5408,0.0678,0.3914
SPADES KING DIAMONDS SEVEN,0.3448,0.0076,0.6476
HEARTS SIX HEARTS QUEEN,0.336,0.013,0.651
SPADES QUEEN DIAMONDS SEVEN,0.346,0.0136,0.6404
HEARTS THREE SPADES SIX,0.5206,0.0702,0.4092
DIAMONDS KING SPADES SIX,0.3488,0.0082,0.643
SPADES NINE DIAMONDS KING,0.3158,0.0088,0.6754
SPADES NINE HEARTS THREE,0.358,0.0492,0.5928
HEARTS SIX HEARTS ACE,0.3272,0.0034,0.6694
DIAMONDS KING SPADES EIGHT,0.2206,0.0356,0.7438
SPADES EIGHT HEARTS THREE,0.2262,0.5194,0.2544
SPADES ACE DIAMONDS SEVEN,0.3482,0.0028,0.649
CLUBS NINE HEARTS THREE,0.3716,0.043,0.5854
CLUBS NINE DIAMONDS KING,0.3084,0.0092,0.6824
HEARTS THREE SPADES THREE,0.2608,0.1016,0.6376
DIAMONDS KING SPADES THREE,0.3426,0.0112,0.6462
HEARTS THREE SPADES TWO,0.5968,0.1512,0.252
DIAMONDS KING SPADES TWO,0.2298,0.029,0.7412
HEARTS THREE SPADES FIVE,0.5164,0.0692,0.4144
DIAMONDS KING SPADES FIVE,0.3466,0.011,0.6424
HEARTS THREE SPADES FOUR,0.5278,0.071,0.4012
DIAMONDS KING SPADES FOUR,0.357,0.0108,0.6322
DIAMONDS KING CLUBS TWO,0.2314,0.029,0.7396
HEARTS THREE CLUBS TWO,0.6086,0.1484,0.243
DIAMONDS KING CLUBS THREE,0.3594,0.0104,0.6302
CLUBS THREE HEARTS THREE,0.265,0.1136,0.6214
DIAMONDS KING CLUBS FOUR,0.3648,0.0064,0.6288
HEARTS THREE CLUBS FOUR,0.5216,0.0672,0.4112
CLUBS FIVE DIAMONDS KING,0.3534,0.0098,0.6368
CLUBS FIVE HEARTS THREE,0.523,0.0652,0.4118
CLUBS SIX DIAMONDS KING,0.3582,0.008,0.6338
CLUBS SIX HEARTS THREE,0.5332,0.0672,0.3996
CLUBS SEVEN DIAMONDS KING,0.355,0.01,0.635
CLUBS SEVEN HEARTS THREE,0.5354,0.068,0.3966
