opposingHand,winningChance,drawChance,lostChance
DIAMONDS THREE DIAMONDS TEN
SPADES ACE SPADES KING,0.3512,0.0038,0.645
SPADES ACE DIAMONDS EIGHT,0.3886,0.0052,0.6062
CLUBS JACK CLUBS QUEEN,0.3284,0.0086,0.663
CLUBS SEVEN CLUBS TWO,0.5948,0.028,0.3772
SPADES SIX SPADES FOUR,0.5256,0.0278,0.4466
HEARTS SIX SPADES EIGHT,0.5872,0.0252,0.3876
HEARTS KING CLUBS KING,0.1776,0.01,0.8124
HEARTS FIVE DIAMONDS NINE,0.5958,0.0272,0.377
CLUBS THREE CLUBS QUEEN,0.2716,0.0414,0.687
HEARTS FIVE SPADES THREE,0.6674,0.079,0.2536
HEARTS SEVEN HEARTS QUEEN,0.377,0.0102,0.6128
SPADES TEN HEARTS TWO,0.303,0.4922,0.2048
CLUBS EIGHT DIAMONDS QUEEN,0.38,0.009,0.611
HEARTS ACE SPADES TWO,0.4118,0.0048,0.5834
CLUBS TEN SPADES SEVEN,0.2816,0.2768,0.4416
SPADES SEVEN HEARTS TEN,0.277,0.2882,0.4348
DIAMONDS TWO SPADES JACK,0.421,0.0208,0.5582
DIAMONDS ACE CLUBS QUEEN,0.3386,0.0058,0.6556
HEARTS TWO HEARTS ACE,0.3926,0.0048,0.6026
SPADES NINE SPADES TWO,0.5888,0.0252,0.386
HEARTS SEVEN SPADES SEVEN,0.3294,0.0498,0.6208
CLUBS JACK SPADES QUEEN,0.3394,0.0096,0.651
HEARTS FIVE SPADES FOUR,0.5752,0.0318,0.393
CLUBS EIGHT CLUBS THREE,0.6624,0.0718,0.2658
SPADES SEVEN CLUBS ACE,0.3976,0.0052,0.5972
SPADES EIGHT HEARTS NINE,0.5562,0.0244,0.4194
HEARTS TWO CLUBS QUEEN,0.4356,0.011,0.5534
SPADES ACE HEARTS NINE,0.4068,0.0052,0.588
CLUBS SIX SPADES TWO,0.6294,0.0286,0.342
CLUBS JACK CLUBS SIX,0.383,0.0174,0.5996
CLUBS SIX CLUBS FIVE,0.5336,0.0292,0.4372
SPADES JACK HEARTS JACK,0.1876,0.0234,0.789
HEARTS SIX CLUBS KING,0.4034,0.0076,0.589
DIAMONDS NINE CLUBS QUEEN,0.3616,0.01,0.6284
DIAMONDS FOUR DIAMONDS QUEEN,0.3556,0.0128,0.6316
SPADES JACK DIAMONDS QUEEN,0.3246,0.0088,0.6666
DIAMONDS TWO DIAMONDS FIVE,0.6086,0.0302,0.3612
SPADES QUEEN CLUBS NINE,0.3732,0.0096,0.6172
SPADES QUEEN DIAMONDS SEVEN,0.391,0.0108,0.5982
SPADES JACK DIAMONDS KING,0.351,0.0066,0.6424
HEARTS FOUR CLUBS ACE,0.3976,0.0064,0.596
CLUBS NINE HEARTS SIX,0.5748,0.026,0.3992
SPADES KING CLUBS ACE,0.3754,0.0056,0.619
HEARTS SEVEN CLUBS ACE,0.386,0.004,0.61
CLUBS FIVE HEARTS TWO,0.6064,0.037,0.3566
DIAMONDS NINE DIAMONDS SIX,0.5824,0.0286,0.389
CLUBS TEN CLUBS FOUR,0.2462,0.4572,0.2966
HEARTS EIGHT HEARTS KING,0.3844,0.0082,0.6074
CLUBS TWO DIAMONDS FIVE,0.6288,0.028,0.3432
CLUBS TWO HEARTS KING,0.4156,0.0094,0.575
HEARTS FOUR DIAMONDS KING,0.379,0.01,0.611
SPADES QUEEN CLUBS KING,0.361,0.0064,0.6326
HEARTS SIX SPADES FIVE,0.5714,0.026,0.4026
HEARTS FOUR SPADES THREE,0.6564,0.0766,0.267
DIAMONDS ACE HEARTS ACE,0.167,0.0054,0.8276
DIAMONDS NINE CLUBS KING,0.3876,0.0084,0.604
CLUBS TWO SPADES FOUR,0.614,0.0318,0.3542
SPADES ACE SPADES SIX,0.3766,0.0052,0.6182
CLUBS SIX HEARTS NINE,0.5824,0.0278,0.3898
HEARTS FOUR CLUBS KING,0.397,0.0104,0.5926
CLUBS SIX HEARTS TWO,0.6312,0.0328,0.336
CLUBS SIX DIAMONDS QUEEN,0.3904,0.0108,0.5988
CLUBS TWO DIAMONDS JACK,0.4248,0.0168,0.5584
CLUBS SIX HEARTS THREE,0.6784,0.0694,0.2522
SPADES NINE DIAMONDS NINE,0.3028,0.0346,0.6626
SPADES FIVE DIAMONDS SEVEN,0.57,0.0256,0.4044
DIAMONDS ACE SPADES THREE,0.267,0.0192,0.7138
HEARTS EIGHT HEARTS NINE,0.509,0.0258,0.4652
HEARTS SIX CLUBS SEVEN,0.5634,0.0276,0.409
DIAMONDS FOUR SPADES KING,0.4088,0.0116,0.5796
SPADES NINE SPADES EIGHT,0.5234,0.0206,0.456
HEARTS THREE SPADES FOUR,0.662,0.0732,0.2648
HEARTS FOUR CLUBS FOUR,0.344,0.0676,0.5884
DIAMONDS TWO SPADES FOUR,0.5998,0.0296,0.3706
SPADES JACK DIAMONDS NINE,0.363,0.0162,0.6208
CLUBS TEN CLUBS SEVEN,0.2466,0.2572,0.4962
HEARTS SIX DIAMONDS QUEEN,0.377,0.0104,0.6126
HEARTS SEVEN SPADES FOUR,0.5904,0.0258,0.3838
CLUBS EIGHT SPADES SIX,0.5662,0.0272,0.4066
SPADES TEN HEARTS THREE,0.069,0.9116,0.0194
DIAMONDS TWO SPADES SIX,0.6126,0.0362,0.3512
DIAMONDS FOUR HEARTS JACK,0.3844,0.0168,0.5988
CLUBS NINE CLUBS ACE,0.377,0.0052,0.6178
HEARTS TWO SPADES FIVE,0.6234,0.0238,0.3528
CLUBS JACK HEARTS TWO,0.4248,0.0182,0.557
CLUBS EIGHT CLUBS TWO,0.5854,0.0308,0.3838
SPADES FIVE CLUBS QUEEN,0.3914,0.0118,0.5968
CLUBS FOUR SPADES SIX,0.5782,0.0248,0.397
SPADES JACK HEARTS FIVE,0.4082,0.0172,0.5746
CLUBS TWO SPADES TWO,0.4266,0.0692,0.5042
HEARTS FIVE DIAMONDS FIVE,0.3284,0.0658,0.6058
HEARTS SIX CLUBS EIGHT,0.5636,0.028,0.4084
SPADES JACK CLUBS SIX,0.3954,0.015,0.5896
DIAMONDS TWO HEARTS KING,0.4174,0.0094,0.5732
SPADES EIGHT CLUBS QUEEN,0.3902,0.0136,0.5962
CLUBS EIGHT HEARTS THREE,0.7068,0.0714,0.2218
HEARTS FIVE HEARTS ACE,0.3674,0.0048,0.6278
DIAMONDS ACE SPADES SIX,0.3826,0.0056,0.6118
CLUBS NINE CLUBS FOUR,0.569,0.0226,0.4084
CLUBS FIVE DIAMONDS JACK,0.3814,0.0192,0.5994
DIAMONDS KING SPADES FIVE,0.3972,0.0084,0.5944
DIAMONDS FOUR SPADES TWO,0.6102,0.032,0.3578
HEARTS SEVEN HEARTS TEN,0.246,0.2722,0.4818
CLUBS JACK CLUBS THREE,0.2778,0.0512,0.671
SPADES SEVEN HEARTS QUEEN,0.3986,0.0116,0.5898
SPADES NINE SPADES FIVE,0.5588,0.0276,0.4136
HEARTS THREE DIAMONDS NINE,0.683,0.0856,0.2314
SPADES EIGHT DIAMONDS KING,0.3964,0.0066,0.597
HEARTS FOUR DIAMONDS ACE,0.3876,0.005,0.6074
SPADES TWO DIAMONDS EIGHT,0.6222,0.0286,0.3492
HEARTS QUEEN CLUBS QUEEN,0.1758,0.0166,0.8076
SPADES EIGHT CLUBS THREE,0.7024,0.0736,0.224
SPADES NINE CLUBS KING,0.389,0.007,0.604
SPADES KING DIAMONDS NINE,0.3928,0.008,0.5992
SPADES TEN SPADES NINE,0.259,0.1594,0.5816
DIAMONDS TWO SPADES NINE,0.6414,0.029,0.3296
HEARTS SEVEN SPADES SIX,0.5624,0.0248,0.4128
HEARTS SEVEN SPADES QUEEN,0.3906,0.0124,0.597
DIAMONDS TWO DIAMONDS EIGHT,0.6356,0.033,0.3314
HEARTS TEN DIAMONDS SIX,0.2614,0.346,0.3926
CLUBS FIVE SPADES SEVEN,0.5698,0.0264,0.4038
SPADES FIVE HEARTS NINE,0.597,0.0292,0.3738
DIAMONDS NINE HEARTS NINE,0.3084,0.0394,0.6522
SPADES QUEEN SPADES SIX,0.3742,0.0086,0.6172
DIAMONDS TWO SPADES EIGHT,0.6366,0.0262,0.3372
CLUBS ACE DIAMONDS SEVEN,0.3988,0.0052,0.596
SPADES EIGHT SPADES SEVEN,0.51,0.0256,0.4644
SPADES QUEEN SPADES EIGHT,0.368,0.0114,0.6206
SPADES FOUR CLUBS ACE,0.397,0.0056,0.5974
CLUBS SEVEN SPADES SEVEN,0.331,0.048,0.621
CLUBS SIX DIAMONDS NINE,0.5736,0.0262,0.4002
CLUBS THREE DIAMONDS SEVEN,0.6804,0.0718,0.2478
HEARTS SIX HEARTS FOUR,0.554,0.026,0.42
HEARTS TWO HEARTS QUEEN,0.409,0.0108,0.5802
SPADES ACE CLUBS FOUR,0.395,0.0044,0.6006
SPADES KING DIAMONDS TWO,0.4158,0.0102,0.574
DIAMONDS EIGHT HEARTS TEN,0.2538,0.2148,0.5314
CLUBS JACK DIAMONDS SIX,0.3928,0.0168,0.5904
HEARTS FIVE SPADES TEN,0.2684,0.4368,0.2948
DIAMONDS JACK HEARTS QUEEN,0.3256,0.0112,0.6632
HEARTS THREE DIAMONDS JACK,0.2624,0.06,0.6776
SPADES FOUR DIAMONDS SIX,0.5774,0.0318,0.3908
HEARTS FOUR HEARTS JACK,0.3782,0.0176,0.6042
SPADES SIX SPADES FIVE,0.5266,0.0258,0.4476
SPADES QUEEN CLUBS ACE,0.3636,0.0056,0.6308
DIAMONDS TWO CLUBS KING,0.4252,0.0098,0.565
SPADES ACE SPADES FIVE,0.3544,0.0046,0.641
HEARTS FOUR HEARTS QUEEN,0.3798,0.015,0.6052
SPADES NINE SPADES THREE,0.666,0.0696,0.2644
DIAMONDS TWO HEARTS JACK,0.41,0.0216,0.5684
SPADES KING SPADES NINE,0.3698,0.008,0.6222
CLUBS FOUR SPADES THREE,0.6672,0.0782,0.2546
HEARTS EIGHT SPADES THREE,0.693,0.071,0.236
CLUBS TWO CLUBS ACE,0.391,0.0058,0.6032
SPADES NINE HEARTS ACE,0.3948,0.0036,0.6016
SPADES ACE DIAMONDS NINE,0.3838,0.007,0.6092
SPADES SEVEN HEARTS JACK,0.3992,0.0134,0.5874
DIAMONDS QUEEN HEARTS NINE,0.3818,0.0088,0.6094
HEARTS EIGHT SPADES SIX,0.5736,0.0308,0.3956
CLUBS FIVE HEARTS ACE,0.3872,0.0056,0.6072
SPADES KING DIAMONDS QUEEN,0.3474,0.0054,0.6472
SPADES QUEEN SPADES NINE,0.368,0.0112,0.6208
CLUBS SIX DIAMONDS ACE,0.3864,0.0052,0.6084
HEARTS EIGHT SPADES SEVEN,0.553,0.029,0.418
DIAMONDS KING HEARTS KING,0.1712,0.0122,0.8166
SPADES NINE DIAMONDS SEVEN,0.5674,0.0254,0.4072
CLUBS SIX HEARTS QUEEN,0.4026,0.0104,0.587
HEARTS SIX DIAMONDS FIVE,0.5638,0.032,0.4042
DIAMONDS FOUR CLUBS SIX,0.566,0.0284,0.4056
DIAMONDS TWO HEARTS FIVE,0.6108,0.0314,0.3578
DIAMONDS FOUR HEARTS THREE,0.6548,0.0802,0.265
SPADES TWO DIAMONDS SIX,0.6316,0.0282,0.3402
CLUBS FIVE HEARTS TEN,0.2664,0.4412,0.2924
HEARTS SEVEN DIAMONDS SEVEN,0.326,0.0486,0.6254
CLUBS JACK DIAMONDS EIGHT,0.3696,0.0172,0.6132
SPADES QUEEN DIAMONDS QUEEN,0.1686,0.018,0.8134
CLUBS SEVEN DIAMONDS EIGHT,0.5528,0.0272,0.42
SPADES KING DIAMONDS SIX,0.3996,0.0098,0.5906
SPADES SEVEN SPADES TWO,0.6128,0.0294,0.3578
SPADES TEN SPADES THREE,0.066,0.8616,0.0724
SPADES SEVEN CLUBS QUEEN,0.405,0.0116,0.5834
DIAMONDS FOUR SPADES EIGHT,0.5856,0.0286,0.3858
DIAMONDS ACE DIAMONDS QUEEN,0.3048,0.0072,0.688
HEARTS EIGHT DIAMONDS ACE,0.3752,0.0058,0.619
SPADES ACE DIAMONDS ACE,0.1648,0.0028,0.8324
SPADES TEN HEARTS TEN,0.146,0.0496,0.8044
DIAMONDS TWO CLUBS THREE,0.6772,0.0774,0.2454
CLUBS THREE DIAMONDS NINE,0.699,0.0826,0.2184
DIAMONDS QUEEN CLUBS QUEEN,0.1714,0.0182,0.8104
SPADES ACE SPADES FOUR,0.3722,0.0042,0.6236
CLUBS FOUR DIAMONDS JACK,0.3872,0.0168,0.596
HEARTS SIX DIAMONDS JACK,0.3876,0.0164,0.596
SPADES KING CLUBS TEN,0.2702,0.0322,0.6976
HEARTS FOUR SPADES TWO,0.6332,0.0278,0.339
CLUBS JACK HEARTS SIX,0.4038,0.0174,0.5788
CLUBS THREE DIAMONDS FIVE,0.657,0.0834,0.2596
CLUBS TWO HEARTS JACK,0.43,0.0228,0.5472
DIAMONDS JACK DIAMONDS SEVEN,0.337,0.0186,0.6444
HEARTS THREE HEARTS TEN,0.0758,0.8538,0.0704
HEARTS TWO DIAMONDS EIGHT,0.6232,0.0286,0.3482
SPADES FIVE SPADES TWO,0.5842,0.0272,0.3886
SPADES FIVE DIAMONDS EIGHT,0.5678,0.0288,0.4034
DIAMONDS TWO SPADES TEN,0.3012,0.4876,0.2112
CLUBS JACK SPADES TEN,0.268,0.0536,0.6784
HEARTS SIX HEARTS KING,0.3688,0.0086,0.6226
CLUBS THREE HEARTS KING,0.2788,0.0324,0.6888
CLUBS FOUR CLUBS ACE,0.3718,0.0066,0.6216
HEARTS EIGHT CLUBS SEVEN,0.5512,0.0282,0.4206
HEARTS EIGHT CLUBS QUEEN,0.3972,0.012,0.5908
DIAMONDS FOUR DIAMONDS TWO,0.622,0.0276,0.3504
SPADES QUEEN SPADES SEVEN,0.3914,0.0126,0.596
HEARTS KING CLUBS ACE,0.3708,0.0058,0.6234
CLUBS TWO DIAMONDS SIX,0.6264,0.0306,0.343
SPADES QUEEN CLUBS EIGHT,0.4002,0.011,0.5888
SPADES NINE HEARTS QUEEN,0.391,0.0116,0.5974
CLUBS JACK DIAMONDS TWO,0.4182,0.0214,0.5604
CLUBS THREE DIAMONDS KING,0.2676,0.0292,0.7032
HEARTS FIVE CLUBS SEVEN,0.5816,0.0266,0.3918
SPADES KING SPADES THREE,0.2756,0.0238,0.7006
HEARTS EIGHT CLUBS TWO,0.6364,0.0294,0.3342
HEARTS KING DIAMONDS FIVE,0.3908,0.0064,0.6028
HEARTS QUEEN HEARTS NINE,0.3602,0.0118,0.628
CLUBS KING HEARTS NINE,0.4012,0.006,0.5928
CLUBS JACK HEARTS NINE,0.3788,0.0144,0.6068
CLUBS SEVEN DIAMONDS ACE,0.3872,0.0026,0.6102
SPADES ACE SPADES TEN,0.2548,0.0222,0.723
SPADES KING CLUBS KING,0.1696,0.0088,0.8216
SPADES NINE CLUBS ACE,0.4068,0.0056,0.5876
CLUBS EIGHT DIAMONDS KING,0.3844,0.0106,0.605
SPADES QUEEN HEARTS TWO,0.4228,0.0106,0.5666
CLUBS SIX HEARTS JACK,0.4068,0.0196,0.5736
HEARTS TEN DIAMONDS FIVE,0.2622,0.4322,0.3056
CLUBS EIGHT HEARTS QUEEN,0.3896,0.0132,0.5972
SPADES FOUR SPADES THREE,0.6234,0.0728,0.3038
CLUBS SEVEN HEARTS QUEEN,0.4056,0.0144,0.58
CLUBS TEN SPADES FIVE,0.2648,0.4396,0.2956
SPADES NINE DIAMONDS FIVE,0.5978,0.0296,0.3726
CLUBS EIGHT CLUBS FIVE,0.5428,0.0274,0.4298
HEARTS EIGHT SPADES QUEEN,0.3954,0.0106,0.594
DIAMONDS NINE SPADES TWO,0.6292,0.0294,0.3414
CLUBS TEN CLUBS SIX,0.2502,0.338,0.4118
CLUBS TWO HEARTS ACE,0.425,0.005,0.57
HEARTS SEVEN CLUBS TWO,0.6392,0.033,0.3278
DIAMONDS KING HEARTS NINE,0.3824,0.008,0.6096
SPADES TEN SPADES FIVE,0.2524,0.4074,0.3402
HEARTS QUEEN HEARTS TEN,0.2598,0.042,0.6982
HEARTS THREE HEARTS QUEEN,0.2772,0.0338,0.689
HEARTS FIVE SPADES FIVE,0.3472,0.0628,0.59
DIAMONDS KING HEARTS ACE,0.3504,0.0044,0.6452
HEARTS TWO SPADES THREE,0.6722,0.0816,0.2462
HEARTS SEVEN DIAMONDS SIX,0.5652,0.0282,0.4066
SPADES NINE HEARTS KING,0.4012,0.006,0.5928
CLUBS THREE DIAMONDS QUEEN,0.2692,0.0402,0.6906
SPADES EIGHT DIAMONDS ACE,0.3826,0.0038,0.6136
HEARTS EIGHT SPADES FOUR,0.6084,0.026,0.3656
SPADES EIGHT SPADES TWO,0.586,0.0248,0.3892
SPADES SIX HEARTS JACK,0.3962,0.018,0.5858
DIAMONDS FOUR CLUBS TEN,0.2484,0.4854,0.2662
SPADES EIGHT HEARTS TEN,0.263,0.221,0.516
SPADES TEN DIAMONDS SIX,0.263,0.3484,0.3886
SPADES THREE DIAMONDS FIVE,0.6572,0.0764,0.2664
CLUBS JACK HEARTS SEVEN,0.3918,0.0154,0.5928
CLUBS TEN HEARTS FIVE,0.2622,0.4302,0.3076
CLUBS SEVEN HEARTS ACE,0.401,0.0048,0.5942
CLUBS THREE DIAMONDS JACK,0.275,0.0536,0.6714
SPADES ACE SPADES JACK,0.3392,0.005,0.6558
CLUBS FOUR DIAMONDS QUEEN,0.3914,0.0154,0.5932
HEARTS KING DIAMONDS NINE,0.3746,0.0074,0.618
SPADES ACE SPADES EIGHT,0.3658,0.004,0.6302
SPADES KING CLUBS SEVEN,0.4,0.0086,0.5914
CLUBS JACK DIAMONDS ACE,0.3448,0.0056,0.6496
DIAMONDS QUEEN HEARTS QUEEN,0.1656,0.0164,0.818
CLUBS SIX CLUBS TWO,0.5842,0.029,0.3868
SPADES KING DIAMONDS FIVE,0.3876,0.01,0.6024
SPADES FIVE HEARTS KING,0.398,0.0082,0.5938
CLUBS NINE SPADES NINE,0.3094,0.0436,0.647
CLUBS SIX DIAMONDS JACK,0.3884,0.018,0.5936
SPADES THREE HEARTS JACK,0.2856,0.0562,0.6582
DIAMONDS FOUR DIAMONDS NINE,0.5978,0.0266,0.3756
SPADES JACK SPADES FOUR,0.366,0.0184,0.6156
SPADES KING SPADES JACK,0.3288,0.0072,0.664
HEARTS SIX SPADES THREE,0.6856,0.074,0.2404
SPADES FIVE HEARTS JACK,0.395,0.0176,0.5874
HEARTS EIGHT CLUBS FOUR,0.6036,0.0272,0.3692
CLUBS FIVE SPADES FIVE,0.3154,0.064,0.6206
HEARTS SEVEN DIAMONDS FIVE,0.569,0.0298,0.4012
DIAMONDS SEVEN CLUBS QUEEN,0.3872,0.0106,0.6022
CLUBS EIGHT HEARTS FIVE,0.5704,0.0288,0.4008
HEARTS SIX CLUBS FOUR,0.582,0.0276,0.3904
SPADES SIX HEARTS KING,0.4002,0.0062,0.5936
SPADES ACE DIAMONDS TWO,0.4198,0.0064,0.5738
CLUBS KING HEARTS TEN,0.2688,0.0334,0.6978
SPADES NINE DIAMONDS JACK,0.3504,0.0186,0.631
DIAMONDS KING CLUBS ACE,0.353,0.0044,0.6426
SPADES EIGHT DIAMONDS QUEEN,0.3676,0.011,0.6214
DIAMONDS FOUR SPADES THREE,0.6484,0.0798,0.2718
CLUBS JACK CLUBS SEVEN,0.3698,0.0164,0.6138
CLUBS TEN SPADES THREE,0.0734,0.904,0.0226
CLUBS NINE CLUBS QUEEN,0.3626,0.0118,0.6256
HEARTS TWO CLUBS THREE,0.6906,0.0722,0.2372
HEARTS THREE DIAMONDS EIGHT,0.7032,0.0706,0.2262
SPADES KING CLUBS NINE,0.3952,0.005,0.5998
CLUBS NINE DIAMONDS NINE,0.3048,0.0336,0.6616
HEARTS THREE SPADES THREE,0.3198,0.0466,0.6336
DIAMONDS KING SPADES THREE,0.2674,0.0298,0.7028
HEARTS SEVEN CLUBS SIX,0.576,0.0282,0.3958
HEARTS NINE DIAMONDS FIVE,0.5964,0.0284,0.3752
HEARTS KING HEARTS QUEEN,0.34,0.0078,0.6522
DIAMONDS KING DIAMONDS SEVEN,0.3382,0.0088,0.653
SPADES ACE CLUBS TEN,0.2752,0.0214,0.7034
CLUBS NINE HEARTS ACE,0.4066,0.0036,0.5898
HEARTS SEVEN HEARTS NINE,0.5542,0.022,0.4238
HEARTS FOUR DIAMONDS JACK,0.3868,0.0152,0.598
CLUBS SEVEN SPADES THREE,0.6948,0.0698,0.2354
HEARTS SEVEN DIAMONDS TWO,0.6372,0.0256,0.3372
SPADES QUEEN DIAMONDS JACK,0.3284,0.0116,0.66
SPADES ACE CLUBS ACE,0.1656,0.0034,0.831
DIAMONDS ACE DIAMONDS NINE,0.3458,0.006,0.6482
CLUBS TEN CLUBS NINE,0.2652,0.1418,0.593
SPADES NINE DIAMONDS ACE,0.3736,0.0054,0.621
DIAMONDS SEVEN DIAMONDS FIVE,0.5694,0.0292,0.4014
SPADES FIVE DIAMONDS SIX,0.569,0.0282,0.4028
HEARTS KING CLUBS QUEEN,0.3494,0.0076,0.643
DIAMONDS KING DIAMONDS FIVE,0.3472,0.0102,0.6426
CLUBS JACK CLUBS TWO,0.4014,0.0194,0.5792
CLUBS KING DIAMONDS FIVE,0.3942,0.0052,0.6006
HEARTS SIX DIAMONDS ACE,0.3926,0.0054,0.602
CLUBS TEN DIAMONDS JACK,0.2618,0.055,0.6832
DIAMONDS ACE HEARTS JACK,0.3338,0.004,0.6622
HEARTS FOUR HEARTS TEN,0.2408,0.463,0.2962
HEARTS SIX DIAMONDS SIX,0.3172,0.055,0.6278
SPADES EIGHT HEARTS TWO,0.6258,0.0294,0.3448
HEARTS SIX SPADES FOUR,0.5872,0.0268,0.386
DIAMONDS FOUR CLUBS NINE,0.619,0.0258,0.3552
DIAMONDS QUEEN DIAMONDS SIX,0.3544,0.0116,0.634
HEARTS TWO DIAMONDS QUEEN,0.426,0.0124,0.5616
SPADES TEN DIAMONDS NINE,0.2576,0.1666,0.5758
SPADES SIX DIAMONDS SEVEN,0.5702,0.0254,0.4044
CLUBS SIX SPADES FOUR,0.5834,0.0278,0.3888
SPADES QUEEN DIAMONDS SIX,0.3992,0.0124,0.5884
DIAMONDS FOUR HEARTS SIX,0.5772,0.0298,0.393
SPADES SEVEN DIAMONDS EIGHT,0.5464,0.0294,0.4242
DIAMONDS QUEEN CLUBS ACE,0.3562,0.0068,0.637
SPADES TEN SPADES FOUR,0.2418,0.4686,0.2896
SPADES TEN HEARTS KING,0.2638,0.0286,0.7076
HEARTS SIX HEARTS ACE,0.371,0.005,0.624
CLUBS EIGHT CLUBS SIX,0.5314,0.026,0.4426
DIAMONDS SEVEN HEARTS TEN,0.2482,0.282,0.4698
SPADES THREE DIAMONDS NINE,0.6916,0.0804,0.228
SPADES SIX DIAMONDS FIVE,0.5708,0.0292,0.4
DIAMONDS TWO SPADES FIVE,0.6224,0.028,0.3496
SPADES TWO CLUBS KING,0.4316,0.0088,0.5596
SPADES ACE HEARTS SEVEN,0.4032,0.0044,0.5924
CLUBS TEN HEARTS NINE,0.2596,0.1684,0.572
CLUBS THREE SPADES TWO,0.681,0.0736,0.2454
HEARTS FOUR SPADES FIVE,0.5858,0.0246,0.3896
DIAMONDS KING CLUBS KING,0.17,0.0102,0.8198
HEARTS SEVEN HEARTS THREE,0.6392,0.0698,0.291
DIAMONDS EIGHT DIAMONDS SIX,0.559,0.0308,0.4102
SPADES JACK CLUBS SEVEN,0.3848,0.0152,0.6
HEARTS EIGHT CLUBS THREE,0.7104,0.0708,0.2188
CLUBS TEN HEARTS ACE,0.2768,0.024,0.6992
CLUBS TEN CLUBS ACE,0.2584,0.0232,0.7184
DIAMONDS EIGHT CLUBS ACE,0.387,0.0046,0.6084
CLUBS EIGHT CLUBS FOUR,0.5506,0.0274,0.422
SPADES SIX HEARTS NINE,0.5778,0.026,0.3962
SPADES EIGHT HEARTS ACE,0.3996,0.0032,0.5972
SPADES ACE CLUBS NINE,0.4034,0.0048,0.5918
SPADES SIX DIAMONDS NINE,0.583,0.0256,0.3914
DIAMONDS FOUR SPADES JACK,0.3862,0.0214,0.5924
HEARTS FOUR HEARTS ACE,0.3736,0.0042,0.6222
CLUBS TEN HEARTS TWO,0.3022,0.4948,0.203
CLUBS TEN DIAMONDS SIX,0.25,0.373,0.377
DIAMONDS FOUR DIAMONDS SEVEN,0.563,0.03,0.407
SPADES QUEEN SPADES TEN,0.2618,0.0414,0.6968
SPADES THREE DIAMONDS SIX,0.6712,0.074,0.2548
SPADES KING SPADES SIX,0.3738,0.0074,0.6188
HEARTS TWO SPADES SEVEN,0.6388,0.0344,0.3268
CLUBS THREE SPADES FOUR,0.6582,0.0672,0.2746
SPADES KING CLUBS QUEEN,0.3574,0.008,0.6346
SPADES SEVEN HEARTS ACE,0.4044,0.003,0.5926
SPADES SEVEN DIAMONDS NINE,0.5632,0.0294,0.4074
CLUBS FOUR HEARTS QUEEN,0.3896,0.0126,0.5978
SPADES SEVEN HEARTS KING,0.4016,0.0086,0.5898
HEARTS KING DIAMONDS EIGHT,0.3782,0.0082,0.6136
SPADES KING DIAMONDS JACK,0.3488,0.0062,0.645
HEARTS SIX HEARTS QUEEN,0.3806,0.0088,0.6106
CLUBS SEVEN HEARTS THREE,0.6954,0.0692,0.2354
HEARTS THREE HEARTS TWO,0.6514,0.073,0.2756
SPADES JACK CLUBS EIGHT,0.3728,0.0148,0.6124
SPADES ACE DIAMONDS SIX,0.3966,0.0052,0.5982
DIAMONDS TWO SPADES THREE,0.6826,0.0734,0.244
HEARTS EIGHT DIAMONDS NINE,0.5488,0.0244,0.4268
SPADES QUEEN DIAMONDS EIGHT,0.3858,0.0124,0.6018
SPADES JACK CLUBS ACE,0.3644,0.0036,0.632
HEARTS FOUR HEARTS NINE,0.5626,0.0242,0.4132
SPADES TEN CLUBS TWO,0.308,0.4828,0.2092
HEARTS FOUR HEARTS TWO,0.573,0.0328,0.3942
SPADES TEN SPADES TWO,0.2902,0.4588,0.251
SPADES SIX CLUBS THREE,0.6804,0.0682,0.2514
DIAMONDS FOUR HEARTS QUEEN,0.3962,0.012,0.5918
DIAMONDS SIX HEARTS NINE,0.5782,0.0244,0.3974
CLUBS JACK HEARTS ACE,0.3582,0.0056,0.6362
CLUBS SEVEN HEARTS FOUR,0.5882,0.0282,0.3836
SPADES FIVE CLUBS ACE,0.3846,0.0044,0.611
SPADES TWO HEARTS QUEEN,0.4384,0.0136,0.548
SPADES ACE CLUBS FIVE,0.3928,0.004,0.6032
DIAMONDS ACE HEARTS QUEEN,0.3412,0.0046,0.6542
CLUBS FOUR DIAMONDS FIVE,0.5584,0.0292,0.4124
DIAMONDS FOUR DIAMONDS KING,0.3452,0.009,0.6458
CLUBS NINE CLUBS EIGHT,0.5198,0.022,0.4582
DIAMONDS ACE CLUBS KING,0.3586,0.005,0.6364
SPADES FIVE CLUBS TWO,0.609,0.025,0.366
CLUBS TEN HEARTS TEN,0.1252,0.0492,0.8256
CLUBS EIGHT SPADES NINE,0.5468,0.0238,0.4294
SPADES JACK SPADES FIVE,0.3834,0.0162,0.6004
SPADES EIGHT HEARTS JACK,0.3796,0.0178,0.6026
SPADES SIX HEARTS TEN,0.2636,0.3568,0.3796
CLUBS THREE CLUBS ACE,0.2708,0.0188,0.7104
SPADES FOUR CLUBS QUEEN,0.3946,0.0108,0.5946
HEARTS FOUR SPADES FOUR,0.3376,0.064,0.5984
HEARTS SIX HEARTS THREE,0.6346,0.0722,0.2932
HEARTS FIVE SPADES TWO,0.629,0.0272,0.3438
SPADES KING DIAMONDS SEVEN,0.3966,0.009,0.5944
SPADES SIX DIAMONDS SIX,0.3242,0.0572,0.6186
SPADES TEN DIAMONDS ACE,0.2542,0.0254,0.7204
DIAMONDS KING SPADES TWO,0.4082,0.0104,0.5814
HEARTS SIX HEARTS FIVE,0.5396,0.0288,0.4316
DIAMONDS KING HEARTS TEN,0.2586,0.0334,0.708
CLUBS ACE DIAMONDS FIVE,0.382,0.0056,0.6124
HEARTS SIX SPADES SEVEN,0.5528,0.0256,0.4216
SPADES QUEEN HEARTS TEN,0.2746,0.045,0.6804
CLUBS JACK DIAMONDS NINE,0.357,0.0128,0.6302
HEARTS ACE CLUBS QUEEN,0.3636,0.0036,0.6328
DIAMONDS TWO HEARTS NINE,0.6404,0.022,0.3376
SPADES SEVEN SPADES THREE,0.6498,0.071,0.2792
CLUBS EIGHT DIAMONDS SEVEN,0.5516,0.023,0.4254
HEARTS THREE SPADES EIGHT,0.6988,0.0776,0.2236
CLUBS EIGHT CLUBS ACE,0.3664,0.0056,0.628
HEARTS THREE DIAMONDS SEVEN,0.679,0.0752,0.2458
HEARTS SIX CLUBS SIX,0.3276,0.0548,0.6176
CLUBS SIX DIAMONDS KING,0.376,0.01,0.614
SPADES QUEEN HEARTS SIX,0.4024,0.0142,0.5834
HEARTS QUEEN HEARTS JACK,0.3244,0.0098,0.6658
CLUBS NINE SPADES FIVE,0.5962,0.0272,0.3766
SPADES KING HEARTS KING,0.1764,0.0092,0.8144
SPADES FOUR DIAMONDS JACK,0.3744,0.0208,0.6048
CLUBS SEVEN HEARTS NINE,0.5758,0.0226,0.4016
HEARTS SIX DIAMONDS NINE,0.5894,0.0242,0.3864
HEARTS SEVEN CLUBS FOUR,0.584,0.0286,0.3874
SPADES ACE HEARTS TWO,0.4208,0.0062,0.573
HEARTS THREE SPADES TWO,0.6868,0.069,0.2442
HEARTS TWO HEARTS JACK,0.4146,0.018,0.5674
DIAMONDS TWO CLUBS FOUR,0.6114,0.0238,0.3648
HEARTS QUEEN DIAMONDS EIGHT,0.3792,0.0104,0.6104
HEARTS TWO DIAMONDS ACE,0.4208,0.0066,0.5726
CLUBS NINE SPADES FOUR,0.6118,0.0296,0.3586
CLUBS THREE HEARTS JACK,0.2688,0.0558,0.6754
CLUBS SEVEN CLUBS KING,0.383,0.0064,0.6106
SPADES KING DIAMONDS ACE,0.3552,0.0066,0.6382
CLUBS TEN HEARTS QUEEN,0.2678,0.0426,0.6896
HEARTS FIVE SPADES SEVEN,0.5784,0.0306,0.391
CLUBS TEN CLUBS EIGHT,0.2564,0.2088,0.5348
HEARTS ACE DIAMONDS FIVE,0.3826,0.0046,0.6128
DIAMONDS FOUR SPADES SIX,0.574,0.0284,0.3976
SPADES QUEEN DIAMONDS ACE,0.34,0.0036,0.6564
SPADES NINE SPADES SEVEN,0.5382,0.0238,0.438
CLUBS EIGHT SPADES FOUR,0.593,0.0276,0.3794
DIAMONDS TWO DIAMONDS JACK,0.3822,0.0156,0.6022
HEARTS FIVE DIAMONDS KING,0.3838,0.0058,0.6104
CLUBS TWO HEARTS TEN,0.3058,0.4858,0.2084
HEARTS EIGHT SPADES NINE,0.5562,0.0214,0.4224
CLUBS TEN DIAMONDS TWO,0.301,0.4882,0.2108
HEARTS ACE HEARTS NINE,0.3862,0.006,0.6078
HEARTS EIGHT DIAMONDS SEVEN,0.5536,0.026,0.4204
CLUBS SEVEN CLUBS FOUR,0.5622,0.025,0.4128
DIAMONDS NINE HEARTS QUEEN,0.3708,0.0104,0.6188
SPADES KING CLUBS TWO,0.4374,0.008,0.5546
HEARTS SIX SPADES JACK,0.3894,0.0178,0.5928
CLUBS FOUR DIAMONDS ACE,0.3784,0.0048,0.6168
SPADES ACE DIAMONDS JACK,0.3382,0.0046,0.6572
SPADES JACK DIAMONDS EIGHT,0.372,0.0136,0.6144
SPADES NINE DIAMONDS KING,0.3828,0.0078,0.6094
SPADES SIX CLUBS QUEEN,0.397,0.008,0.595
DIAMONDS TWO HEARTS QUEEN,0.4196,0.017,0.5634
HEARTS SIX HEARTS TWO,0.5852,0.0274,0.3874
DIAMONDS TWO HEARTS ACE,0.4132,0.0072,0.5796
SPADES FOUR DIAMONDS FIVE,0.5596,0.0312,0.4092
SPADES ACE CLUBS SIX,0.3996,0.0046,0.5958
SPADES NINE HEARTS TWO,0.6346,0.0292,0.3362
SPADES SEVEN DIAMONDS JACK,0.3684,0.015,0.6166
CLUBS JACK CLUBS TEN,0.2524,0.0464,0.7012
SPADES JACK HEARTS ACE,0.3678,0.0032,0.629
HEARTS ACE DIAMONDS JACK,0.3386,0.0046,0.6568
DIAMONDS KING CLUBS TWO,0.419,0.0056,0.5754
CLUBS JACK SPADES NINE,0.3726,0.0152,0.6122
CLUBS FIVE CLUBS KING,0.371,0.008,0.621
SPADES TEN CLUBS FOUR,0.2634,0.4892,0.2474
SPADES KING SPADES QUEEN,0.3364,0.006,0.6576
HEARTS FIVE CLUBS THREE,0.6738,0.0662,0.26
CLUBS NINE SPADES JACK,0.3678,0.0196,0.6126
SPADES ACE CLUBS JACK,0.37,0.0038,0.6262
HEARTS THREE DIAMONDS QUEEN,0.2684,0.0434,0.6882
CLUBS TEN HEARTS THREE,0.0658,0.912,0.0222
HEARTS EIGHT HEARTS QUEEN,0.3764,0.0102,0.6134
HEARTS FIVE HEARTS KING,0.3832,0.0074,0.6094
DIAMONDS TWO HEARTS FOUR,0.6034,0.0396,0.357
DIAMONDS FOUR CLUBS TWO,0.6138,0.0286,0.3576
DIAMONDS FOUR DIAMONDS FIVE,0.553,0.0308,0.4162
HEARTS EIGHT DIAMONDS KING,0.3886,0.0068,0.6046
SPADES QUEEN SPADES JACK,0.3248,0.0102,0.665
HEARTS SIX SPADES TEN,0.2728,0.354,0.3732
CLUBS NINE HEARTS TWO,0.6466,0.03,0.3234
HEARTS EIGHT DIAMONDS FIVE,0.5678,0.03,0.4022
HEARTS FIVE HEARTS THREE,0.6208,0.0738,0.3054
HEARTS EIGHT HEARTS TWO,0.5904,0.0284,0.3812
SPADES JACK SPADES EIGHT,0.3574,0.0152,0.6274
HEARTS THREE CLUBS FIVE,0.658,0.0692,0.2728
CLUBS JACK SPADES FIVE,0.3948,0.0188,0.5864
CLUBS FIVE CLUBS ACE,0.3668,0.0052,0.628
SPADES SIX HEARTS ACE,0.3954,0.0044,0.6002
CLUBS THREE SPADES FIVE,0.6694,0.0744,0.2562
SPADES NINE SPADES FOUR,0.5758,0.0228,0.4014
SPADES SIX SPADES TWO,0.5976,0.0294,0.373
CLUBS THREE CLUBS TWO,0.6426,0.081,0.2764
DIAMONDS FOUR DIAMONDS ACE,0.344,0.0054,0.6506
SPADES TEN CLUBS QUEEN,0.2742,0.0446,0.6812
HEARTS SEVEN SPADES EIGHT,0.5444,0.0272,0.4284
HEARTS EIGHT SPADES EIGHT,0.3128,0.0394,0.6478
SPADES ACE HEARTS EIGHT,0.3898,0.004,0.6062
CLUBS FOUR HEARTS TEN,0.2608,0.485,0.2542
HEARTS TWO DIAMONDS FIVE,0.6098,0.0316,0.3586
CLUBS JACK SPADES SIX,0.4064,0.0164,0.5772
DIAMONDS JACK CLUBS ACE,0.342,0.0046,0.6534
CLUBS JACK SPADES SEVEN,0.394,0.0178,0.5882
SPADES SEVEN SPADES FOUR,0.5438,0.028,0.4282
HEARTS SEVEN CLUBS QUEEN,0.4032,0.0112,0.5856
SPADES KING SPADES FIVE,0.3868,0.0108,0.6024
HEARTS SEVEN CLUBS FIVE,0.5758,0.028,0.3962
CLUBS JACK CLUBS FOUR,0.3802,0.019,0.6008
CLUBS SEVEN DIAMONDS JACK,0.3712,0.022,0.6068
SPADES QUEEN DIAMONDS FIVE,0.3914,0.0114,0.5972
CLUBS TWO SPADES THREE,0.679,0.0714,0.2496
HEARTS FIVE SPADES NINE,0.6022,0.0262,0.3716
SPADES KING HEARTS NINE,0.3968,0.0074,0.5958
CLUBS EIGHT HEARTS FOUR,0.5966,0.0298,0.3736
HEARTS FIVE DIAMONDS ACE,0.3746,0.0044,0.621
HEARTS THREE HEARTS NINE,0.6662,0.0676,0.2662
HEARTS FIVE CLUBS FIVE,0.3236,0.0598,0.6166
SPADES THREE HEARTS KING,0.2974,0.034,0.6686
HEARTS FOUR SPADES NINE,0.6072,0.027,0.3658
DIAMONDS ACE DIAMONDS FIVE,0.3286,0.0044,0.667
HEARTS SEVEN HEARTS SIX,0.536,0.0266,0.4374
SPADES TWO CLUBS ACE,0.427,0.0042,0.5688
SPADES SEVEN SPADES SIX,0.5376,0.0268,0.4356
SPADES NINE HEARTS NINE,0.3156,0.0364,0.648
DIAMONDS ACE SPADES TWO,0.4024,0.0066,0.591
HEARTS SEVEN HEARTS TWO,0.5944,0.032,0.3736
CLUBS SIX HEARTS ACE,0.385,0.004,0.611
SPADES EIGHT HEARTS KING,0.4086,0.0064,0.585
DIAMONDS TWO CLUBS TWO,0.425,0.0684,0.5066
HEARTS FOUR DIAMONDS FIVE,0.5776,0.027,0.3954
DIAMONDS KING DIAMONDS EIGHT,0.339,0.0064,0.6546
CLUBS TEN SPADES SIX,0.2742,0.3424,0.3834
HEARTS FIVE DIAMONDS EIGHT,0.5796,0.0252,0.3952
SPADES NINE DIAMONDS EIGHT,0.5444,0.026,0.4296
SPADES KING SPADES EIGHT,0.3904,0.0094,0.6002
DIAMONDS ACE CLUBS TWO,0.4082,0.004,0.5878
CLUBS TEN SPADES NINE,0.2656,0.1654,0.569
SPADES ACE CLUBS TWO,0.4262,0.0052,0.5686
CLUBS KING CLUBS QUEEN,0.3404,0.0072,0.6524
CLUBS NINE DIAMONDS JACK,0.3642,0.0134,0.6224
SPADES ACE CLUBS EIGHT,0.407,0.0042,0.5888
SPADES THREE DIAMONDS SEVEN,0.6786,0.078,0.2434
HEARTS THREE CLUBS FOUR,0.6596,0.0782,0.2622
HEARTS ACE CLUBS KING,0.3682,0.0064,0.6254
DIAMONDS KING HEARTS QUEEN,0.3364,0.0086,0.655
CLUBS EIGHT SPADES FIVE,0.5906,0.0316,0.3778
SPADES THREE HEARTS QUEEN,0.2966,0.0384,0.665
HEARTS EIGHT DIAMONDS QUEEN,0.373,0.013,0.614
SPADES TWO HEARTS TEN,0.3098,0.4822,0.208
HEARTS SEVEN CLUBS KING,0.4034,0.0068,0.5898
SPADES TEN CLUBS SIX,0.2572,0.3558,0.387
CLUBS FIVE SPADES SIX,0.5616,0.0316,0.4068
HEARTS EIGHT HEARTS ACE,0.375,0.0032,0.6218
HEARTS TWO CLUBS KING,0.4162,0.0092,0.5746
CLUBS FIVE CLUBS THREE,0.627,0.0684,0.3046
SPADES FIVE DIAMONDS QUEEN,0.3838,0.011,0.6052
CLUBS EIGHT SPADES EIGHT,0.318,0.0464,0.6356
CLUBS FOUR DIAMONDS EIGHT,0.5776,0.0254,0.397
SPADES SIX DIAMONDS JACK,0.3814,0.0168,0.6018
CLUBS JACK HEARTS KING,0.369,0.0058,0.6252
DIAMONDS JACK SPADES TWO,0.4088,0.019,0.5722
SPADES TEN HEARTS NINE,0.268,0.1592,0.5728
CLUBS FIVE DIAMONDS SEVEN,0.565,0.0296,0.4054
CLUBS THREE CLUBS KING,0.2758,0.0326,0.6916
HEARTS FOUR SPADES EIGHT,0.6026,0.0272,0.3702
HEARTS FOUR HEARTS KING,0.3714,0.0084,0.6202
HEARTS EIGHT DIAMONDS EIGHT,0.3192,0.0404,0.6404
CLUBS TEN DIAMONDS KING,0.2556,0.037,0.7074
DIAMONDS TWO CLUBS SEVEN,0.6208,0.0368,0.3424
HEARTS TWO SPADES FOUR,0.6272,0.0322,0.3406
CLUBS JACK CLUBS FIVE,0.3906,0.0188,0.5906
SPADES EIGHT CLUBS FIVE,0.5838,0.0266,0.3896
CLUBS TEN SPADES EIGHT,0.262,0.2092,0.5288
HEARTS SIX CLUBS QUEEN,0.4042,0.0102,0.5856
HEARTS EIGHT HEARTS JACK,0.3554,0.0146,0.63
CLUBS JACK HEARTS TEN,0.268,0.0582,0.6738
HEARTS KING HEARTS NINE,0.3658,0.0062,0.628
HEARTS SEVEN HEARTS ACE,0.373,0.004,0.623
DIAMONDS QUEEN DIAMONDS NINE,0.3012,0.0114,0.6874
SPADES ACE DIAMONDS FIVE,0.3886,0.0068,0.6046
HEARTS ACE CLUBS ACE,0.165,0.0034,0.8316
CLUBS TEN SPADES QUEEN,0.2688,0.0438,0.6874
SPADES SIX CLUBS ACE,0.399,0.0048,0.5962
DIAMONDS FOUR HEARTS TEN,0.2514,0.4918,0.2568
SPADES THREE CLUBS ACE,0.2738,0.016,0.7102
CLUBS NINE HEARTS JACK,0.3846,0.0156,0.5998
HEARTS FIVE CLUBS SIX,0.5678,0.0296,0.4026
SPADES ACE DIAMONDS KING,0.343,0.0038,0.6532
SPADES JACK HEARTS KING,0.343,0.0074,0.6496
DIAMONDS FOUR CLUBS THREE,0.6552,0.079,0.2658
DIAMONDS FOUR SPADES NINE,0.6018,0.0252,0.373
CLUBS SIX DIAMONDS EIGHT,0.5628,0.0254,0.4118
SPADES TEN SPADES EIGHT,0.2592,0.198,0.5428
HEARTS THREE HEARTS KING,0.2828,0.0328,0.6844
CLUBS SEVEN CLUBS QUEEN,0.3808,0.0108,0.6084
SPADES ACE DIAMONDS FOUR,0.3886,0.0048,0.6066
DIAMONDS FOUR CLUBS ACE,0.3706,0.0048,0.6246
SPADES TWO DIAMONDS FIVE,0.617,0.0294,0.3536
CLUBS EIGHT DIAMONDS JACK,0.3782,0.015,0.6068
CLUBS NINE DIAMONDS EIGHT,0.542,0.0258,0.4322
SPADES QUEEN CLUBS FIVE,0.3978,0.0126,0.5896
CLUBS SIX SPADES SIX,0.332,0.0576,0.6104
CLUBS SEVEN HEARTS JACK,0.3836,0.0178,0.5986
DIAMONDS JACK DIAMONDS NINE,0.318,0.0178,0.6642
CLUBS JACK HEARTS EIGHT,0.379,0.0174,0.6036
CLUBS ACE CLUBS KING,0.3348,0.0066,0.6586
CLUBS FOUR SPADES FOUR,0.3382,0.067,0.5948
HEARTS FIVE DIAMONDS QUEEN,0.3724,0.013,0.6146
CLUBS SEVEN DIAMONDS FIVE,0.5816,0.029,0.3894
CLUBS FOUR CLUBS TWO,0.5852,0.027,0.3878
CLUBS FOUR DIAMONDS SEVEN,0.5892,0.0316,0.3792
HEARTS FIVE DIAMONDS SEVEN,0.568,0.027,0.405
SPADES TEN CLUBS KING,0.2752,0.0322,0.6926
HEARTS EIGHT CLUBS TEN,0.261,0.2126,0.5264
DIAMONDS ACE CLUBS ACE,0.157,0.004,0.839
CLUBS JACK HEARTS JACK,0.1946,0.023,0.7824
DIAMONDS FOUR DIAMONDS EIGHT,0.591,0.0274,0.3816
CLUBS SIX SPADES SEVEN,0.5732,0.0288,0.398
CLUBS FIVE SPADES TWO,0.616,0.0352,0.3488
CLUBS FOUR HEARTS ACE,0.3872,0.0048,0.608
SPADES QUEEN HEARTS ACE,0.3634,0.004,0.6326
CLUBS EIGHT SPADES SEVEN,0.556,0.0206,0.4234
HEARTS TWO SPADES TWO,0.4174,0.0714,0.5112
SPADES SEVEN DIAMONDS SIX,0.5694,0.0256,0.405
DIAMONDS EIGHT DIAMONDS FIVE,0.5704,0.0324,0.3972
DIAMONDS TWO DIAMONDS SIX,0.6272,0.0308,0.342
HEARTS FIVE HEARTS JACK,0.3866,0.018,0.5954
CLUBS TWO CLUBS QUEEN,0.387,0.0118,0.6012
SPADES EIGHT DIAMONDS FIVE,0.5834,0.0222,0.3944
SPADES SIX DIAMONDS EIGHT,0.5696,0.0274,0.403
SPADES NINE CLUBS FIVE,0.5934,0.0244,0.3822
CLUBS FOUR DIAMONDS NINE,0.5888,0.025,0.3862
HEARTS SIX DIAMONDS SEVEN,0.5532,0.0284,0.4184
CLUBS SIX HEARTS TEN,0.2774,0.357,0.3656
CLUBS SEVEN CLUBS FIVE,0.5488,0.0288,0.4224
DIAMONDS FOUR CLUBS FIVE,0.568,0.0334,0.3986
HEARTS FOUR DIAMONDS EIGHT,0.5842,0.0286,0.3872
DIAMONDS NINE DIAMONDS FIVE,0.5878,0.0278,0.3844
SPADES ACE HEARTS THREE,0.2904,0.0194,0.6902
HEARTS FIVE CLUBS ACE,0.3902,0.0042,0.6056
CLUBS SEVEN DIAMONDS SEVEN,0.3086,0.0552,0.6362
SPADES THREE HEARTS TEN,0.073,0.9056,0.0214
CLUBS SEVEN CLUBS ACE,0.3796,0.0056,0.6148
CLUBS TEN CLUBS TWO,0.2878,0.4648,0.2474
CLUBS NINE DIAMONDS QUEEN,0.3722,0.0114,0.6164
CLUBS TEN HEARTS JACK,0.2672,0.0486,0.6842
HEARTS SEVEN HEARTS FOUR,0.561,0.0278,0.4112
DIAMONDS ACE SPADES FOUR,0.3892,0.0044,0.6064
SPADES NINE DIAMONDS QUEEN,0.3736,0.01,0.6164
HEARTS FIVE CLUBS QUEEN,0.393,0.0118,0.5952
HEARTS KING SPADES TWO,0.4326,0.0074,0.56
DIAMONDS JACK CLUBS KING,0.3352,0.0062,0.6586
CLUBS TWO DIAMONDS QUEEN,0.4224,0.0122,0.5654
DIAMONDS FOUR HEARTS TWO,0.6154,0.0282,0.3564
SPADES FOUR HEARTS NINE,0.6032,0.0288,0.368
SPADES NINE CLUBS TWO,0.6426,0.03,0.3274
DIAMONDS FOUR SPADES FOUR,0.3286,0.0764,0.595
HEARTS THREE SPADES SEVEN,0.693,0.0744,0.2326
CLUBS NINE SPADES SIX,0.58,0.0256,0.3944
HEARTS FIVE CLUBS FOUR,0.5696,0.034,0.3964
CLUBS JACK SPADES KING,0.3608,0.0076,0.6316
HEARTS SIX HEARTS NINE,0.546,0.0248,0.4292
CLUBS SIX CLUBS THREE,0.6542,0.0638,0.282
DIAMONDS TWO HEARTS THREE,0.6772,0.0822,0.2406
SPADES QUEEN HEARTS JACK,0.3446,0.012,0.6434
HEARTS FIVE DIAMONDS SIX,0.5618,0.028,0.4102
SPADES JACK DIAMONDS SEVEN,0.3814,0.0212,0.5974
HEARTS FIVE HEARTS TEN,0.2418,0.4152,0.343
CLUBS FOUR SPADES FIVE,0.5672,0.0268,0.406
HEARTS SEVEN DIAMONDS KING,0.381,0.0068,0.6122
SPADES EIGHT SPADES FIVE,0.5548,0.024,0.4212
SPADES FIVE HEARTS TEN,0.2588,0.4482,0.293
HEARTS QUEEN CLUBS KING,0.3502,0.0062,0.6436
HEARTS SEVEN SPADES TWO,0.651,0.0266,0.3224
DIAMONDS FOUR CLUBS FOUR,0.3398,0.0746,0.5856
SPADES QUEEN SPADES FIVE,0.388,0.0106,0.6014
HEARTS EIGHT DIAMONDS JACK,0.3596,0.0166,0.6238
SPADES ACE HEARTS ACE,0.1862,0.0024,0.8114
SPADES JACK SPADES TWO,0.414,0.0182,0.5678
DIAMONDS FOUR SPADES FIVE,0.5648,0.032,0.4032
HEARTS FIVE DIAMONDS JACK,0.382,0.02,0.598
CLUBS FIVE SPADES THREE,0.66,0.074,0.266
CLUBS SEVEN SPADES FOUR,0.5836,0.028,0.3884
DIAMONDS QUEEN SPADES FOUR,0.4014,0.0124,0.5862
HEARTS SEVEN SPADES THREE,0.6994,0.0666,0.234
HEARTS FOUR CLUBS TWO,0.6252,0.029,0.3458
HEARTS THREE DIAMONDS FIVE,0.6538,0.0742,0.272
CLUBS JACK DIAMONDS FOUR,0.3848,0.0178,0.5974
CLUBS FIVE DIAMONDS QUEEN,0.3864,0.014,0.5996
SPADES QUEEN CLUBS SIX,0.4052,0.0116,0.5832
SPADES EIGHT CLUBS FOUR,0.6,0.029,0.371
CLUBS EIGHT DIAMONDS FIVE,0.5764,0.0258,0.3978
HEARTS THREE CLUBS KING,0.2814,0.032,0.6866
HEARTS JACK DIAMONDS FIVE,0.3932,0.0172,0.5896
DIAMONDS TWO DIAMONDS QUEEN,0.3846,0.0116,0.6038
CLUBS JACK SPADES THREE,0.2798,0.056,0.6642
HEARTS THREE CLUBS QUEEN,0.2882,0.0444,0.6674
SPADES SEVEN CLUBS TWO,0.6426,0.0244,0.333
HEARTS EIGHT CLUBS KING,0.39,0.0102,0.5998
CLUBS FOUR HEARTS NINE,0.6052,0.0268,0.368
DIAMONDS FOUR CLUBS KING,0.3932,0.0082,0.5986
CLUBS NINE HEARTS FIVE,0.5982,0.0242,0.3776
DIAMONDS NINE HEARTS JACK,0.3524,0.014,0.6336
SPADES QUEEN DIAMONDS NINE,0.379,0.0116,0.6094
CLUBS TWO HEARTS NINE,0.633,0.029,0.338
SPADES EIGHT CLUBS ACE,0.4016,0.0038,0.5946
HEARTS THREE HEARTS JACK,0.2646,0.0552,0.6802
DIAMONDS TWO CLUBS SIX,0.6244,0.0292,0.3464
HEARTS FIVE HEARTS FOUR,0.5476,0.0252,0.4272
SPADES TEN CLUBS THREE,0.0674,0.908,0.0246
SPADES SEVEN HEARTS NINE,0.5676,0.026,0.4064
HEARTS EIGHT SPADES JACK,0.3986,0.0158,0.5856
SPADES TWO HEARTS JACK,0.433,0.0182,0.5488
CLUBS EIGHT DIAMONDS ACE,0.3844,0.0054,0.6102
DIAMONDS TWO HEARTS SIX,0.6312,0.0272,0.3416
HEARTS SEVEN SPADES JACK,0.3984,0.0172,0.5844
HEARTS FOUR HEARTS THREE,0.6176,0.0698,0.3126
SPADES QUEEN CLUBS TWO,0.4226,0.0132,0.5642
SPADES THREE CLUBS QUEEN,0.2786,0.047,0.6744
CLUBS SIX CLUBS QUEEN,0.3866,0.0088,0.6046
HEARTS TWO CLUBS TWO,0.4148,0.074,0.5112
CLUBS SIX DIAMONDS SIX,0.3312,0.0538,0.615
SPADES EIGHT DIAMONDS NINE,0.5514,0.0268,0.4218
DIAMONDS FOUR CLUBS QUEEN,0.3934,0.0132,0.5934
CLUBS ACE DIAMONDS SIX,0.3884,0.0048,0.6068
HEARTS ACE DIAMONDS NINE,0.386,0.0068,0.6072
SPADES ACE SPADES QUEEN,0.3422,0.0064,0.6514
SPADES JACK SPADES SIX,0.388,0.0184,0.5936
CLUBS FIVE DIAMONDS NINE,0.5978,0.0256,0.3766
DIAMONDS TWO SPADES QUEEN,0.4146,0.0124,0.573
DIAMONDS NINE HEARTS TEN,0.2564,0.1648,0.5788
DIAMONDS TWO CLUBS QUEEN,0.4224,0.0138,0.5638
DIAMONDS TWO CLUBS EIGHT,0.6326,0.0312,0.3362
SPADES KING CLUBS FIVE,0.4024,0.0096,0.588
SPADES JACK SPADES SEVEN,0.3766,0.0168,0.6066
DIAMONDS QUEEN SPADES TWO,0.407,0.0132,0.5798
SPADES KING HEARTS ACE,0.3632,0.0042,0.6326
CLUBS TWO HEARTS QUEEN,0.4244,0.0126,0.563
SPADES ACE DIAMONDS QUEEN,0.3538,0.0048,0.6414
HEARTS EIGHT HEARTS FIVE,0.5438,0.0266,0.4296
DIAMONDS JACK HEARTS TEN,0.2514,0.0596,0.689
SPADES ACE CLUBS QUEEN,0.3578,0.0034,0.6388
DIAMONDS TWO CLUBS ACE,0.4126,0.004,0.5834
DIAMONDS JACK CLUBS QUEEN,0.3262,0.011,0.6628
CLUBS FOUR SPADES TWO,0.6284,0.022,0.3496
HEARTS SIX SPADES TWO,0.6376,0.0266,0.3358
HEARTS EIGHT SPADES KING,0.4116,0.0054,0.583
SPADES QUEEN HEARTS THREE,0.2888,0.038,0.6732
HEARTS EIGHT HEARTS TEN,0.2606,0.206,0.5334
DIAMONDS QUEEN SPADES THREE,0.2664,0.0448,0.6888
DIAMONDS EIGHT DIAMONDS SEVEN,0.5458,0.0268,0.4274
SPADES NINE CLUBS QUEEN,0.3868,0.008,0.6052
HEARTS TWO HEARTS TEN,0.2772,0.4748,0.248
DIAMONDS EIGHT HEARTS JACK,0.3668,0.018,0.6152
CLUBS SEVEN SPADES FIVE,0.5868,0.0256,0.3876
SPADES TEN HEARTS FOUR,0.2592,0.5004,0.2404
SPADES FOUR HEARTS ACE,0.3936,0.004,0.6024
SPADES SEVEN DIAMONDS SEVEN,0.3196,0.05,0.6304
HEARTS FOUR CLUBS THREE,0.665,0.0716,0.2634
DIAMONDS SEVEN DIAMONDS SIX,0.5472,0.0264,0.4264
SPADES FIVE DIAMONDS JACK,0.3738,0.0204,0.6058
CLUBS NINE HEARTS KING,0.3968,0.0084,0.5948
CLUBS ACE HEARTS NINE,0.3986,0.0024,0.599
HEARTS SEVEN SPADES NINE,0.568,0.0212,0.4108
CLUBS SEVEN SPADES SIX,0.5616,0.0256,0.4128
CLUBS FOUR CLUBS KING,0.3746,0.0058,0.6196
CLUBS SEVEN DIAMONDS SIX,0.5558,0.0308,0.4134
DIAMONDS FOUR CLUBS SEVEN,0.5948,0.0312,0.374
CLUBS JACK HEARTS THREE,0.2862,0.0524,0.6614
CLUBS NINE CLUBS THREE,0.6666,0.0662,0.2672
SPADES SEVEN SPADES FIVE,0.5452,0.0248,0.43
SPADES TWO CLUBS QUEEN,0.429,0.0146,0.5564
CLUBS FIVE CLUBS QUEEN,0.3706,0.0142,0.6152
DIAMONDS QUEEN DIAMONDS SEVEN,0.3514,0.0138,0.6348
SPADES TEN SPADES SIX,0.2628,0.3326,0.4046
SPADES JACK CLUBS FIVE,0.4048,0.016,0.5792
HEARTS THREE SPADES SIX,0.6816,0.0706,0.2478
DIAMONDS FOUR SPADES QUEEN,0.393,0.0118,0.5952
CLUBS TEN HEARTS SEVEN,0.273,0.2788,0.4482
SPADES KING HEARTS FIVE,0.3932,0.0066,0.6002
CLUBS TWO CLUBS KING,0.402,0.01,0.588
SPADES TEN DIAMONDS EIGHT,0.2498,0.2218,0.5284
HEARTS KING DIAMONDS SEVEN,0.3982,0.0096,0.5922
DIAMONDS QUEEN DIAMONDS JACK,0.2788,0.0086,0.7126
SPADES SEVEN DIAMONDS FIVE,0.577,0.0286,0.3944
HEARTS SEVEN DIAMONDS EIGHT,0.5398,0.0278,0.4324
SPADES EIGHT SPADES THREE,0.6632,0.0672,0.2696
HEARTS FIVE CLUBS TWO,0.6038,0.0308,0.3654
DIAMONDS NINE DIAMONDS EIGHT,0.5472,0.0238,0.429
SPADES THREE CLUBS KING,0.2758,0.0314,0.6928
HEARTS QUEEN DIAMONDS SIX,0.3868,0.0124,0.6008
SPADES NINE SPADES SIX,0.5576,0.024,0.4184
HEARTS SIX HEARTS JACK,0.387,0.0154,0.5976
SPADES TEN CLUBS SEVEN,0.2652,0.2852,0.4496
SPADES SIX CLUBS KING,0.4002,0.0056,0.5942
DIAMONDS TWO HEARTS TEN,0.2982,0.501,0.2008
HEARTS FIVE SPADES SIX,0.5766,0.0252,0.3982
HEARTS TWO DIAMONDS JACK,0.4064,0.0174,0.5762
SPADES ACE SPADES THREE,0.2738,0.0208,0.7054
SPADES EIGHT CLUBS KING,0.3962,0.0052,0.5986
CLUBS FIVE CLUBS FOUR,0.532,0.0266,0.4414
SPADES KING HEARTS FOUR,0.3954,0.0074,0.5972
SPADES JACK CLUBS THREE,0.2832,0.059,0.6578
CLUBS THREE HEARTS NINE,0.6934,0.083,0.2236
DIAMONDS TWO DIAMONDS ACE,0.3668,0.006,0.6272
CLUBS TEN DIAMONDS NINE,0.2684,0.1584,0.5732
CLUBS THREE HEARTS ACE,0.2746,0.0238,0.7016
HEARTS KING HEARTS JACK,0.3338,0.0058,0.6604
SPADES KING HEARTS SEVEN,0.4154,0.009,0.5756
CLUBS FIVE DIAMONDS KING,0.3914,0.0096,0.599
HEARTS ACE DIAMONDS SEVEN,0.3948,0.0038,0.6014
SPADES FIVE HEARTS QUEEN,0.4112,0.012,0.5768
HEARTS FIVE CLUBS KING,0.3922,0.0094,0.5984
HEARTS FOUR CLUBS SIX,0.5676,0.0294,0.403
CLUBS THREE DIAMONDS SIX,0.6788,0.0712,0.25
SPADES QUEEN CLUBS FOUR,0.4034,0.0116,0.585
SPADES NINE CLUBS SIX,0.5846,0.0244,0.391
DIAMONDS FOUR CLUBS EIGHT,0.5938,0.0282,0.378
CLUBS TEN HEARTS KING,0.2722,0.033,0.6948
HEARTS SEVEN SPADES TEN,0.2654,0.275,0.4596
DIAMONDS ACE DIAMONDS EIGHT,0.3396,0.0042,0.6562
CLUBS FIVE CLUBS TWO,0.5808,0.0276,0.3916
DIAMONDS ACE SPADES FIVE,0.377,0.005,0.618
SPADES FOUR HEARTS KING,0.4214,0.0104,0.5682
DIAMONDS FOUR DIAMONDS SIX,0.5716,0.0272,0.4012
CLUBS EIGHT HEARTS JACK,0.3908,0.0156,0.5936
DIAMONDS NINE DIAMONDS SEVEN,0.5516,0.0266,0.4218
CLUBS JACK CLUBS ACE,0.3338,0.0058,0.6604
DIAMONDS EIGHT HEARTS NINE,0.5428,0.0242,0.433
HEARTS KING HEARTS TEN,0.2676,0.0336,0.6988
SPADES TEN DIAMONDS QUEEN,0.2516,0.0468,0.7016
CLUBS SEVEN SPADES NINE,0.58,0.02,0.4
SPADES EIGHT HEARTS QUEEN,0.3852,0.0106,0.6042
SPADES TEN HEARTS QUEEN,0.275,0.0432,0.6818
CLUBS SEVEN HEARTS KING,0.399,0.0074,0.5936
SPADES TEN CLUBS FIVE,0.2672,0.4372,0.2956
CLUBS JACK SPADES EIGHT,0.3752,0.0172,0.6076
SPADES FOUR HEARTS JACK,0.403,0.017,0.58
SPADES SIX CLUBS TWO,0.629,0.0308,0.3402
CLUBS JACK DIAMONDS JACK,0.1782,0.0228,0.799
DIAMONDS FOUR SPADES SEVEN,0.5964,0.0308,0.3728
CLUBS ACE HEARTS TEN,0.2716,0.0262,0.7022
CLUBS FOUR HEARTS KING,0.3976,0.0076,0.5948
SPADES FOUR DIAMONDS SEVEN,0.5956,0.0306,0.3738
HEARTS SEVEN CLUBS NINE,0.5742,0.0256,0.4002
SPADES SEVEN DIAMONDS ACE,0.3816,0.0048,0.6136
HEARTS SIX SPADES SIX,0.3354,0.0566,0.608
CLUBS SIX DIAMONDS FIVE,0.5652,0.0292,0.4056
SPADES JACK HEARTS THREE,0.2892,0.053,0.6578
CLUBS NINE DIAMONDS KING,0.3818,0.0094,0.6088
SPADES SEVEN DIAMONDS QUEEN,0.399,0.0128,0.5882
SPADES QUEEN HEARTS FOUR,0.4074,0.01,0.5826
SPADES KING HEARTS QUEEN,0.3484,0.0074,0.6442
HEARTS SIX SPADES NINE,0.5824,0.0244,0.3932
CLUBS THREE DIAMONDS EIGHT,0.7048,0.0708,0.2244
HEARTS EIGHT DIAMONDS SIX,0.5538,0.0246,0.4216
DIAMONDS SEVEN CLUBS KING,0.4,0.0086,0.5914
HEARTS ACE HEARTS KING,0.3308,0.0062,0.663
CLUBS JACK HEARTS QUEEN,0.3542,0.008,0.6378
HEARTS FOUR DIAMONDS SIX,0.5976,0.0298,0.3726
CLUBS JACK DIAMONDS QUEEN,0.3348,0.0102,0.655
