opposingHand,winningChance,drawChance,lostChance
DIAMONDS FIVE HEARTS TWO
CLUBS THREE CLUBS KING,0.3552,0.0092,0.6356
SPADES ACE CLUBS NINE,0.3556,0.0044,0.64
DIAMONDS ACE CLUBS KING,0.3502,0.0052,0.6446
SPADES TEN CLUBS TWO,0.2642,0.0706,0.6652
SPADES NINE SPADES TWO,0.2512,0.1034,0.6454
HEARTS ACE DIAMONDS TEN,0.3264,0.006,0.6676
SPADES KING SPADES FIVE,0.2356,0.0384,0.726
DIAMONDS TWO DIAMONDS JACK,0.257,0.0526,0.6904
SPADES FIVE HEARTS QUEEN,0.2284,0.0558,0.7158
DIAMONDS KING HEARTS ACE,0.3328,0.0044,0.6628
HEARTS SEVEN CLUBS QUEEN,0.35,0.0148,0.6352
CLUBS KING HEARTS NINE,0.338,0.008,0.654
DIAMONDS TWO DIAMONDS NINE,0.257,0.098,0.645
SPADES ACE CLUBS EIGHT,0.3464,0.0034,0.6502
SPADES KING DIAMONDS FOUR,0.368,0.0102,0.6218
CLUBS TEN HEARTS SEVEN,0.3348,0.0286,0.6366
HEARTS SEVEN DIAMONDS ACE,0.3206,0.0056,0.6738
CLUBS SIX SPADES FOUR,0.3366,0.1694,0.494
SPADES FOUR HEARTS QUEEN,0.3714,0.0152,0.6134
CLUBS SEVEN DIAMONDS JACK,0.3448,0.018,0.6372
DIAMONDS ACE SPADES FIVE,0.236,0.03,0.734
DIAMONDS ACE CLUBS QUEEN,0.34,0.0042,0.6558
SPADES ACE HEARTS THREE,0.3562,0.0062,0.6376
DIAMONDS JACK HEARTS ACE,0.3548,0.0054,0.6398
CLUBS SIX HEARTS KING,0.333,0.008,0.659
HEARTS EIGHT SPADES FIVE,0.245,0.1568,0.5982
DIAMONDS ACE DIAMONDS SIX,0.336,0.0072,0.6568
SPADES ACE SPADES SIX,0.325,0.0044,0.6706
HEARTS JACK HEARTS TEN,0.3224,0.015,0.6626
CLUBS NINE CLUBS SIX,0.3196,0.0412,0.6392
SPADES JACK CLUBS SEVEN,0.3438,0.0204,0.6358
CLUBS ACE HEARTS NINE,0.344,0.0042,0.6518
HEARTS FIVE CLUBS KING,0.2442,0.0422,0.7136
SPADES TWO HEARTS TEN,0.2664,0.0772,0.6564
SPADES KING SPADES SEVEN,0.3262,0.0078,0.666
DIAMONDS TWO CLUBS ACE,0.2576,0.0158,0.7266
SPADES ACE SPADES TEN,0.3218,0.005,0.6732
SPADES KING CLUBS SEVEN,0.358,0.0082,0.6338
CLUBS THREE DIAMONDS TEN,0.3672,0.0318,0.601
DIAMONDS TWO CLUBS KING,0.2676,0.0258,0.7066
CLUBS SEVEN DIAMONDS EIGHT,0.322,0.0528,0.6252
HEARTS EIGHT HEARTS ACE,0.3468,0.006,0.6472
HEARTS SEVEN HEARTS JACK,0.3318,0.0198,0.6484
CLUBS EIGHT SPADES EIGHT,0.1484,0.1032,0.7484
SPADES EIGHT DIAMONDS SIX,0.3322,0.0756,0.5922
SPADES ACE HEARTS EIGHT,0.339,0.003,0.658
CLUBS TEN SPADES THREE,0.3792,0.0338,0.587
CLUBS JACK CLUBS SEVEN,0.3282,0.0168,0.655
DIAMONDS KING HEARTS QUEEN,0.3446,0.0086,0.6468
HEARTS FOUR HEARTS QUEEN,0.363,0.016,0.621
HEARTS EIGHT DIAMONDS ACE,0.3394,0.005,0.6556
HEARTS THREE DIAMONDS NINE,0.376,0.0502,0.5738
SPADES ACE DIAMONDS JACK,0.336,0.0056,0.6584
CLUBS TEN SPADES SEVEN,0.342,0.0234,0.6346
SPADES EIGHT CLUBS THREE,0.3744,0.0726,0.553
CLUBS FOUR HEARTS QUEEN,0.3776,0.0154,0.607
CLUBS NINE CLUBS THREE,0.3588,0.0424,0.5988
HEARTS FIVE SPADES NINE,0.2552,0.115,0.6298
CLUBS EIGHT SPADES FOUR,0.366,0.0696,0.5644
SPADES FOUR DIAMONDS SEVEN,0.3516,0.0982,0.5502
DIAMONDS TWO DIAMONDS KING,0.2578,0.0282,0.714
CLUBS TEN HEARTS ACE,0.336,0.0046,0.6594
CLUBS NINE HEARTS TEN,0.3276,0.0248,0.6476
CLUBS EIGHT CLUBS SIX,0.3146,0.0574,0.628
SPADES KING SPADES NINE,0.3182,0.0064,0.6754
SPADES ACE HEARTS KING,0.3386,0.0044,0.657
HEARTS EIGHT CLUBS SEVEN,0.3206,0.0662,0.6132
CLUBS EIGHT DIAMONDS SEVEN,0.322,0.0582,0.6198
CLUBS SEVEN DIAMONDS TEN,0.3376,0.0278,0.6346
CLUBS EIGHT HEARTS FOUR,0.3672,0.0706,0.5622
DIAMONDS TEN DIAMONDS SIX,0.329,0.03,0.641
CLUBS JACK CLUBS KING,0.3216,0.0096,0.6688
SPADES TWO DIAMONDS SIX,0.243,0.2746,0.4824
HEARTS THREE HEARTS TEN,0.356,0.0306,0.6134
CLUBS TEN CLUBS NINE,0.3004,0.0262,0.6734
SPADES TEN CLUBS THREE,0.3744,0.0302,0.5954
HEARTS SEVEN DIAMONDS QUEEN,0.3478,0.0128,0.6394
DIAMONDS THREE DIAMONDS EIGHT,0.345,0.0648,0.5902
CLUBS JACK HEARTS FOUR,0.3666,0.0188,0.6146
SPADES FOUR CLUBS KING,0.368,0.0096,0.6224
SPADES JACK HEARTS KING,0.3434,0.0072,0.6494
DIAMONDS KING DIAMONDS TEN,0.3176,0.0076,0.6748
SPADES JACK SPADES TWO,0.2494,0.0482,0.7024
SPADES FIVE CLUBS KING,0.2596,0.0378,0.7026
DIAMONDS TWO CLUBS FOUR,0.4078,0.3714,0.2208
DIAMONDS JACK SPADES TWO,0.2644,0.0534,0.6822
CLUBS SEVEN HEARTS KING,0.3446,0.01,0.6454
HEARTS SEVEN SPADES SEVEN,0.1452,0.1108,0.744
CLUBS SEVEN SPADES THREE,0.3712,0.0972,0.5316
DIAMONDS SIX HEARTS NINE,0.331,0.0496,0.6194
HEARTS THREE CLUBS FOUR,0.3702,0.2454,0.3844
DIAMONDS THREE DIAMONDS JACK,0.3578,0.0198,0.6224
CLUBS JACK DIAMONDS TWO,0.2762,0.054,0.6698
CLUBS EIGHT HEARTS ACE,0.3478,0.005,0.6472
SPADES NINE CLUBS THREE,0.3748,0.0464,0.5788
CLUBS FIVE HEARTS NINE,0.255,0.1112,0.6338
SPADES KING DIAMONDS NINE,0.3274,0.0084,0.6642
SPADES SIX DIAMONDS SIX,0.1268,0.123,0.7502
CLUBS THREE DIAMONDS NINE,0.3588,0.0458,0.5954
HEARTS THREE DIAMONDS ACE,0.343,0.0066,0.6504
CLUBS TEN SPADES SIX,0.3342,0.0306,0.6352
CLUBS JACK DIAMONDS ACE,0.3316,0.0036,0.6648
SPADES SEVEN DIAMONDS TEN,0.345,0.0274,0.6276
DIAMONDS TWO CLUBS EIGHT,0.2686,0.1338,0.5976
HEARTS FIVE DIAMONDS FOUR,0.2126,0.502,0.2854
HEARTS FIVE DIAMONDS KING,0.2416,0.046,0.7124
DIAMONDS TWO HEARTS ACE,0.2538,0.0134,0.7328
DIAMONDS JACK HEARTS TEN,0.3284,0.0154,0.6562
SPADES JACK CLUBS KING,0.349,0.0072,0.6438
SPADES JACK CLUBS FIVE,0.2584,0.07,0.6716
SPADES TWO HEARTS JACK,0.2624,0.0556,0.682
SPADES FIVE HEARTS JACK,0.2504,0.0656,0.684
CLUBS EIGHT CLUBS ACE,0.3196,0.0052,0.6752
CLUBS TEN CLUBS SIX,0.32,0.0304,0.6496
HEARTS SEVEN DIAMONDS SIX,0.2996,0.0972,0.6032
SPADES TEN CLUBS FOUR,0.3644,0.0316,0.604
SPADES FOUR HEARTS ACE,0.3558,0.0058,0.6384
SPADES QUEEN SPADES EIGHT,0.3296,0.011,0.6594
HEARTS EIGHT HEARTS SEVEN,0.2982,0.055,0.6468
CLUBS JACK CLUBS THREE,0.3492,0.0218,0.629
SPADES ACE HEARTS SEVEN,0.3532,0.0038,0.643
SPADES NINE CLUBS KING,0.3502,0.0082,0.6416
CLUBS JACK DIAMONDS TEN,0.327,0.0152,0.6578
DIAMONDS TWO HEARTS JACK,0.2666,0.058,0.6754
HEARTS EIGHT DIAMONDS SEVEN,0.3154,0.0622,0.6224
CLUBS NINE SPADES JACK,0.3362,0.0164,0.6474
SPADES EIGHT DIAMONDS TEN,0.341,0.0266,0.6324
HEARTS SIX DIAMONDS SIX,0.1344,0.1282,0.7374
SPADES TWO DIAMONDS FOUR,0.4034,0.378,0.2186
CLUBS TEN DIAMONDS ACE,0.3474,0.0038,0.6488
HEARTS SEVEN CLUBS TWO,0.2592,0.2004,0.5404
CLUBS TWO DIAMONDS SEVEN,0.259,0.1848,0.5562
SPADES JACK HEARTS THREE,0.382,0.023,0.595
HEARTS EIGHT HEARTS KING,0.331,0.008,0.661
HEARTS QUEEN CLUBS QUEEN,0.1468,0.0342,0.819
DIAMONDS JACK SPADES THREE,0.3696,0.0264,0.604
CLUBS EIGHT DIAMONDS SIX,0.3254,0.0686,0.606
HEARTS EIGHT CLUBS FOUR,0.3512,0.0712,0.5776
SPADES KING CLUBS TWO,0.276,0.023,0.701
CLUBS FOUR DIAMONDS SEVEN,0.3388,0.1092,0.552
SPADES ACE HEARTS ACE,0.1368,0.0038,0.8594
DIAMONDS THREE DIAMONDS ACE,0.3404,0.0098,0.6498
SPADES TEN SPADES SEVEN,0.3204,0.0272,0.6524
HEARTS EIGHT HEARTS SIX,0.319,0.0618,0.6192
HEARTS FIVE DIAMONDS EIGHT,0.2392,0.1536,0.6072
CLUBS JACK SPADES NINE,0.338,0.0178,0.6442
CLUBS SEVEN CLUBS FOUR,0.3244,0.0984,0.5772
SPADES SIX SPADES TWO,0.2444,0.2566,0.499
DIAMONDS KING HEARTS TEN,0.347,0.009,0.644
HEARTS QUEEN CLUBS ACE,0.3412,0.004,0.6548
HEARTS EIGHT HEARTS QUEEN,0.3324,0.0124,0.6552
CLUBS NINE HEARTS QUEEN,0.3354,0.0096,0.655
HEARTS FIVE DIAMONDS ACE,0.2248,0.0312,0.744
HEARTS SEVEN DIAMONDS JACK,0.337,0.0202,0.6428
HEARTS FIVE CLUBS QUEEN,0.2584,0.0552,0.6864
CLUBS SIX CLUBS ACE,0.3116,0.0068,0.6816
DIAMONDS THREE HEARTS THREE,0.217,0.1616,0.6214
SPADES TWO CLUBS KING,0.2732,0.0252,0.7016
DIAMONDS KING CLUBS THREE,0.378,0.0102,0.6118
SPADES NINE HEARTS THREE,0.385,0.0476,0.5674
SPADES EIGHT CLUBS QUEEN,0.3502,0.014,0.6358
DIAMONDS THREE HEARTS TEN,0.3702,0.032,0.5978
HEARTS EIGHT HEARTS FIVE,0.2456,0.1432,0.6112
CLUBS ACE HEARTS TEN,0.345,0.0046,0.6504
HEARTS SEVEN SPADES JACK,0.3444,0.02,0.6356
DIAMONDS QUEEN HEARTS QUEEN,0.139,0.0334,0.8276
HEARTS SEVEN DIAMONDS FOUR,0.3422,0.1008,0.557
CLUBS QUEEN HEARTS NINE,0.3364,0.0116,0.652
CLUBS NINE SPADES TWO,0.2754,0.1082,0.6164
DIAMONDS TWO HEARTS QUEEN,0.2656,0.038,0.6964
SPADES TEN HEARTS ACE,0.3352,0.006,0.6588
SPADES THREE DIAMONDS FOUR,0.3726,0.2542,0.3732
DIAMONDS THREE CLUBS FIVE,0.2204,0.5244,0.2552
CLUBS SEVEN DIAMONDS QUEEN,0.3524,0.0118,0.6358
HEARTS SIX CLUBS TWO,0.2452,0.2686,0.4862
DIAMONDS NINE HEARTS TEN,0.3202,0.0268,0.653
SPADES TEN CLUBS ACE,0.3472,0.0048,0.648
CLUBS SIX CLUBS FIVE,0.2168,0.2712,0.512
HEARTS QUEEN CLUBS KING,0.3422,0.0096,0.6482
HEARTS SIX CLUBS EIGHT,0.3282,0.065,0.6068
CLUBS NINE SPADES FOUR,0.3772,0.052,0.5708
HEARTS ACE CLUBS KING,0.3356,0.0082,0.6562
DIAMONDS NINE CLUBS KING,0.3536,0.006,0.6404
HEARTS SIX DIAMONDS ACE,0.3438,0.006,0.6502
SPADES NINE HEARTS KING,0.344,0.0084,0.6476
HEARTS THREE DIAMONDS TEN,0.373,0.0352,0.5918
CLUBS ACE HEARTS JACK,0.3252,0.0068,0.668
HEARTS KING DIAMONDS EIGHT,0.344,0.0096,0.6464
SPADES NINE HEARTS NINE,0.147,0.075,0.778
SPADES FIVE DIAMONDS TEN,0.251,0.0786,0.6704
CLUBS SEVEN SPADES SIX,0.3358,0.0966,0.5676
DIAMONDS SEVEN CLUBS QUEEN,0.3382,0.0136,0.6482
DIAMONDS ACE HEARTS ACE,0.1242,0.0046,0.8712
DIAMONDS THREE SPADES TEN,0.3792,0.028,0.5928
DIAMONDS TWO SPADES FIVE,0.0164,0.971,0.0126
SPADES NINE CLUBS FOUR,0.384,0.043,0.573
CLUBS FIVE SPADES FIVE,0.083,0.1302,0.7868
HEARTS SIX SPADES SEVEN,0.3004,0.1032,0.5964
SPADES EIGHT DIAMONDS EIGHT,0.1448,0.0952,0.76
CLUBS JACK HEARTS NINE,0.3436,0.0198,0.6366
SPADES FIVE SPADES FOUR,0.1942,0.4666,0.3392
CLUBS FIVE SPADES THREE,0.2244,0.5138,0.2618
CLUBS FIVE SPADES FOUR,0.2146,0.49,0.2954
SPADES NINE DIAMONDS KING,0.3518,0.0094,0.6388
HEARTS THREE SPADES THREE,0.2314,0.151,0.6176
CLUBS JACK HEARTS EIGHT,0.3504,0.0186,0.631
CLUBS JACK HEARTS QUEEN,0.3496,0.0098,0.6406
CLUBS TEN HEARTS THREE,0.366,0.0302,0.6038
SPADES SIX CLUBS THREE,0.36,0.1624,0.4776
DIAMONDS QUEEN DIAMONDS JACK,0.3198,0.0128,0.6674
DIAMONDS THREE HEARTS FIVE,0.1998,0.5402,0.26
SPADES NINE DIAMONDS NINE,0.139,0.0804,0.7806
SPADES SEVEN DIAMONDS FOUR,0.3484,0.109,0.5426
SPADES KING DIAMONDS EIGHT,0.3518,0.0096,0.6386
HEARTS SEVEN DIAMONDS SEVEN,0.138,0.1148,0.7472
SPADES QUEEN CLUBS SIX,0.3524,0.011,0.6366
SPADES NINE SPADES FIVE,0.2436,0.1064,0.65
DIAMONDS NINE SPADES TWO,0.2628,0.1052,0.632
HEARTS QUEEN HEARTS JACK,0.3324,0.0108,0.6568
SPADES KING SPADES QUEEN,0.3262,0.006,0.6678
HEARTS SIX CLUBS QUEEN,0.3542,0.0088,0.637
SPADES TEN CLUBS SEVEN,0.3596,0.033,0.6074
DIAMONDS KING CLUBS TWO,0.2614,0.029,0.7096
DIAMONDS NINE HEARTS QUEEN,0.3402,0.0108,0.649
SPADES EIGHT HEARTS TEN,0.3462,0.0288,0.625
HEARTS KING HEARTS TEN,0.3294,0.0086,0.662
SPADES SIX SPADES FIVE,0.2332,0.2536,0.5132
DIAMONDS THREE CLUBS FOUR,0.3704,0.2516,0.378
HEARTS KING CLUBS KING,0.1552,0.019,0.8258
CLUBS SEVEN HEARTS QUEEN,0.3432,0.0144,0.6424
HEARTS JACK DIAMONDS FOUR,0.381,0.0222,0.5968
SPADES KING SPADES THREE,0.3466,0.013,0.6404
SPADES SEVEN HEARTS TEN,0.3378,0.0276,0.6346
CLUBS THREE DIAMONDS FOUR,0.3762,0.2534,0.3704
HEARTS KING DIAMONDS NINE,0.3496,0.0094,0.641
HEARTS SIX SPADES FOUR,0.3344,0.1646,0.501
CLUBS EIGHT DIAMONDS NINE,0.332,0.038,0.63
SPADES NINE DIAMONDS JACK,0.3472,0.021,0.6318
SPADES EIGHT DIAMONDS ACE,0.3402,0.0058,0.654
HEARTS FIVE HEARTS KING,0.2446,0.0454,0.71
CLUBS THREE SPADES FIVE,0.2264,0.5028,0.2708
CLUBS NINE HEARTS KING,0.3556,0.0078,0.6366
CLUBS THREE HEARTS TEN,0.3734,0.0304,0.5962
SPADES ACE DIAMONDS SIX,0.3494,0.0044,0.6462
DIAMONDS ACE SPADES TWO,0.2518,0.0154,0.7328
HEARTS EIGHT CLUBS TEN,0.3242,0.0292,0.6466
SPADES SIX CLUBS QUEEN,0.3418,0.0116,0.6466
HEARTS FIVE SPADES FIVE,0.074,0.1344,0.7916
SPADES EIGHT DIAMONDS JACK,0.35,0.0168,0.6332
CLUBS QUEEN DIAMONDS FOUR,0.3756,0.017,0.6074
SPADES QUEEN CLUBS ACE,0.3528,0.0056,0.6416
DIAMONDS TWO SPADES THREE,0.4074,0.381,0.2116
HEARTS SEVEN CLUBS SIX,0.3194,0.1022,0.5784
SPADES FOUR CLUBS ACE,0.3606,0.0042,0.6352
HEARTS SIX DIAMONDS SEVEN,0.308,0.0964,0.5956
CLUBS SIX DIAMONDS ACE,0.3412,0.0056,0.6532
CLUBS NINE HEARTS FOUR,0.3736,0.0476,0.5788
SPADES KING HEARTS SIX,0.339,0.0086,0.6524
SPADES QUEEN DIAMONDS QUEEN,0.153,0.0404,0.8066
HEARTS EIGHT CLUBS FIVE,0.2392,0.1534,0.6074
CLUBS JACK SPADES EIGHT,0.3624,0.0138,0.6238
SPADES ACE HEARTS SIX,0.3444,0.0052,0.6504
CLUBS TEN DIAMONDS TWO,0.2544,0.0776,0.668
CLUBS SEVEN DIAMONDS FOUR,0.346,0.11,0.544
CLUBS SIX CLUBS QUEEN,0.3218,0.0126,0.6656
CLUBS NINE DIAMONDS SEVEN,0.3476,0.0416,0.6108
SPADES KING DIAMONDS TWO,0.2686,0.0266,0.7048
CLUBS EIGHT CLUBS TWO,0.2442,0.1262,0.6296
CLUBS TWO SPADES TWO,0.2638,0.1194,0.6168
SPADES SIX HEARTS JACK,0.3466,0.0214,0.632
SPADES NINE DIAMONDS SEVEN,0.3362,0.0418,0.622
CLUBS SIX DIAMONDS SEVEN,0.3242,0.103,0.5728
CLUBS JACK SPADES TEN,0.3332,0.0134,0.6534
CLUBS THREE DIAMONDS SEVEN,0.3544,0.1052,0.5404
CLUBS NINE DIAMONDS ACE,0.3468,0.0054,0.6478
HEARTS EIGHT DIAMONDS KING,0.3406,0.0098,0.6496
DIAMONDS THREE HEARTS ACE,0.3538,0.005,0.6412
SPADES JACK DIAMONDS ACE,0.3358,0.0052,0.659
CLUBS FOUR CLUBS QUEEN,0.3504,0.0126,0.637
HEARTS FIVE HEARTS JACK,0.2386,0.0674,0.694
CLUBS FIVE SPADES SIX,0.2442,0.263,0.4928
DIAMONDS TWO HEARTS NINE,0.2676,0.1038,0.6286
CLUBS THREE HEARTS KING,0.3692,0.0078,0.623
CLUBS FOUR CLUBS TWO,0.3808,0.35,0.2692
HEARTS THREE HEARTS QUEEN,0.3646,0.0124,0.623
HEARTS SEVEN DIAMONDS EIGHT,0.3066,0.0614,0.632
SPADES ACE CLUBS JACK,0.3458,0.0034,0.6508
DIAMONDS TEN HEARTS KING,0.3346,0.0088,0.6566
HEARTS EIGHT DIAMONDS FOUR,0.3488,0.0674,0.5838
HEARTS FIVE CLUBS SEVEN,0.2164,0.2032,0.5804
HEARTS FIVE DIAMONDS TEN,0.249,0.0916,0.6594
HEARTS ACE CLUBS QUEEN,0.3404,0.0044,0.6552
HEARTS SEVEN HEARTS ACE,0.3384,0.0034,0.6582
CLUBS FOUR CLUBS THREE,0.3466,0.2344,0.419
SPADES EIGHT CLUBS KING,0.3582,0.0054,0.6364
DIAMONDS ACE DIAMONDS QUEEN,0.3356,0.0062,0.6582
SPADES ACE SPADES TWO,0.2402,0.013,0.7468
DIAMONDS THREE HEARTS FOUR,0.3728,0.2586,0.3686
HEARTS TEN HEARTS NINE,0.3174,0.0232,0.6594
SPADES ACE CLUBS FOUR,0.3504,0.0052,0.6444
HEARTS SIX HEARTS TEN,0.3326,0.0294,0.638
DIAMONDS TEN DIAMONDS EIGHT,0.316,0.0294,0.6546
CLUBS SIX SPADES FIVE,0.238,0.2666,0.4954
HEARTS SIX HEARTS ACE,0.329,0.005,0.666
DIAMONDS JACK HEARTS QUEEN,0.3312,0.0122,0.6566
SPADES TWO CLUBS ACE,0.2502,0.0146,0.7352
CLUBS EIGHT HEARTS NINE,0.3274,0.0416,0.631
SPADES FIVE DIAMONDS SEVEN,0.2292,0.2028,0.568
CLUBS TEN CLUBS TWO,0.2508,0.073,0.6762
SPADES KING HEARTS QUEEN,0.3492,0.0078,0.643
SPADES SIX HEARTS ACE,0.342,0.0038,0.6542
SPADES SIX DIAMONDS FOUR,0.3348,0.1588,0.5064
CLUBS JACK CLUBS ACE,0.3326,0.005,0.6624
HEARTS SIX HEARTS JACK,0.3238,0.0228,0.6534
CLUBS TWO SPADES THREE,0.4026,0.375,0.2224
DIAMONDS THREE SPADES EIGHT,0.3688,0.069,0.5622
DIAMONDS SIX DIAMONDS FOUR,0.319,0.16,0.521
SPADES SEVEN SPADES SIX,0.3072,0.0944,0.5984
CLUBS FIVE CLUBS ACE,0.22,0.0264,0.7536
CLUBS SEVEN SPADES SEVEN,0.1526,0.1052,0.7422
SPADES ACE CLUBS FIVE,0.2348,0.0242,0.741
HEARTS EIGHT DIAMONDS TWO,0.2536,0.1596,0.5868
CLUBS THREE DIAMONDS EIGHT,0.3706,0.0754,0.554
HEARTS FOUR SPADES EIGHT,0.3632,0.0658,0.571
DIAMONDS TEN HEARTS JACK,0.3212,0.0186,0.6602
SPADES TEN CLUBS FIVE,0.2586,0.08,0.6614
SPADES QUEEN SPADES THREE,0.3554,0.0164,0.6282
DIAMONDS THREE SPADES QUEEN,0.374,0.017,0.609
HEARTS FIVE HEARTS ACE,0.2262,0.0266,0.7472
CLUBS SIX DIAMONDS EIGHT,0.3274,0.0634,0.6092
DIAMONDS THREE SPADES SIX,0.35,0.1604,0.4896
CLUBS TEN DIAMONDS QUEEN,0.3296,0.0082,0.6622
HEARTS FOUR CLUBS ACE,0.3492,0.0046,0.6462
SPADES TEN HEARTS THREE,0.3732,0.029,0.5978
SPADES JACK CLUBS TWO,0.268,0.0568,0.6752
SPADES EIGHT DIAMONDS FOUR,0.3656,0.0746,0.5598
DIAMONDS THREE CLUBS EIGHT,0.3922,0.0642,0.5436
HEARTS FOUR HEARTS KING,0.346,0.0082,0.6458
SPADES ACE CLUBS THREE,0.3568,0.0068,0.6364
SPADES THREE HEARTS JACK,0.375,0.0224,0.6026
DIAMONDS TEN CLUBS KING,0.344,0.0074,0.6486
DIAMONDS TWO CLUBS QUEEN,0.269,0.037,0.694
DIAMONDS KING SPADES FIVE,0.2482,0.0418,0.71
SPADES KING HEARTS SEVEN,0.343,0.0086,0.6484
SPADES QUEEN DIAMONDS EIGHT,0.3436,0.0138,0.6426
CLUBS FIVE CLUBS QUEEN,0.2442,0.047,0.7088
SPADES EIGHT HEARTS QUEEN,0.343,0.0158,0.6412
SPADES KING DIAMONDS JACK,0.3352,0.007,0.6578
SPADES SEVEN DIAMONDS SEVEN,0.1444,0.1144,0.7412
CLUBS TWO HEARTS QUEEN,0.2602,0.0388,0.701
CLUBS SIX SPADES SIX,0.1416,0.1248,0.7336
SPADES ACE SPADES NINE,0.3178,0.0046,0.6776
DIAMONDS TEN HEARTS NINE,0.321,0.0276,0.6514
HEARTS THREE SPADES EIGHT,0.3632,0.0736,0.5632
DIAMONDS TWO SPADES QUEEN,0.2592,0.0448,0.696
SPADES QUEEN SPADES FIVE,0.24,0.0522,0.7078
CLUBS TEN CLUBS QUEEN,0.3166,0.0124,0.671
CLUBS FOUR DIAMONDS TEN,0.3658,0.0304,0.6038
CLUBS SEVEN DIAMONDS SIX,0.3122,0.0958,0.592
HEARTS FOUR DIAMONDS EIGHT,0.3544,0.0704,0.5752
CLUBS NINE HEARTS FIVE,0.2506,0.1152,0.6342
DIAMONDS SEVEN HEARTS NINE,0.33,0.0392,0.6308
HEARTS FOUR HEARTS TEN,0.3554,0.0304,0.6142
DIAMONDS JACK HEARTS NINE,0.3316,0.0162,0.6522
DIAMONDS TWO SPADES FOUR,0.4204,0.359,0.2206
SPADES FOUR SPADES THREE,0.3538,0.2352,0.411
HEARTS SEVEN HEARTS FIVE,0.223,0.1954,0.5816
DIAMONDS ACE DIAMONDS JACK,0.326,0.0052,0.6688
CLUBS SEVEN CLUBS ACE,0.3218,0.0056,0.6726
CLUBS SIX DIAMONDS FOUR,0.34,0.1622,0.4978
DIAMONDS TWO HEARTS FOUR,0.4036,0.3826,0.2138
CLUBS NINE SPADES EIGHT,0.3316,0.0342,0.6342
HEARTS FOUR HEARTS THREE,0.356,0.2312,0.4128
DIAMONDS TWO CLUBS FIVE,0.0176,0.972,0.0104
HEARTS SEVEN HEARTS SIX,0.3096,0.0912,0.5992
SPADES JACK DIAMONDS SEVEN,0.3374,0.0208,0.6418
HEARTS SEVEN CLUBS NINE,0.3304,0.0464,0.6232
HEARTS THREE CLUBS TWO,0.4042,0.3808,0.215
DIAMONDS QUEEN CLUBS TWO,0.274,0.0366,0.6894
SPADES FOUR HEARTS NINE,0.3602,0.0494,0.5904
SPADES JACK HEARTS JACK,0.1532,0.055,0.7918
DIAMONDS TEN DIAMONDS NINE,0.3118,0.0242,0.664
CLUBS FIVE DIAMONDS FOUR,0.2164,0.5092,0.2744
HEARTS SIX DIAMONDS JACK,0.3412,0.0234,0.6354
SPADES SIX DIAMONDS NINE,0.335,0.045,0.62
DIAMONDS TWO CLUBS TWO,0.2502,0.1206,0.6292
CLUBS TWO HEARTS ACE,0.242,0.0168,0.7412
HEARTS ACE HEARTS JACK,0.3298,0.0044,0.6658
CLUBS SEVEN HEARTS FOUR,0.3424,0.0964,0.5612
SPADES QUEEN CLUBS SEVEN,0.3552,0.0132,0.6316
DIAMONDS TEN CLUBS QUEEN,0.3334,0.0112,0.6554
CLUBS TWO DIAMONDS EIGHT,0.2648,0.1424,0.5928
SPADES QUEEN SPADES NINE,0.3186,0.0134,0.668
CLUBS ACE CLUBS KING,0.3224,0.005,0.6726
CLUBS NINE SPADES TEN,0.3384,0.0248,0.6368
DIAMONDS THREE SPADES TWO,0.4118,0.3704,0.2178
SPADES EIGHT SPADES THREE,0.3556,0.0734,0.571
SPADES ACE DIAMONDS THREE,0.3546,0.0064,0.639
SPADES KING CLUBS ACE,0.3344,0.0026,0.663
HEARTS EIGHT DIAMONDS THREE,0.3652,0.0716,0.5632
CLUBS SIX HEARTS JACK,0.3488,0.0186,0.6326
HEARTS EIGHT DIAMONDS EIGHT,0.1428,0.1002,0.757
SPADES JACK SPADES EIGHT,0.3188,0.0182,0.663
CLUBS TWO HEARTS KING,0.2574,0.0304,0.7122
SPADES SIX CLUBS TWO,0.2558,0.2686,0.4756
DIAMONDS ACE CLUBS FOUR,0.3608,0.0052,0.634
HEARTS SEVEN DIAMONDS NINE,0.3184,0.0424,0.6392
DIAMONDS EIGHT CLUBS ACE,0.3498,0.0046,0.6456
CLUBS NINE DIAMONDS NINE,0.1508,0.0772,0.772
HEARTS SEVEN SPADES QUEEN,0.3398,0.0132,0.647
CLUBS SEVEN SPADES FOUR,0.3446,0.1092,0.5462
DIAMONDS THREE HEARTS KING,0.3854,0.01,0.6046
DIAMONDS KING SPADES FOUR,0.3756,0.011,0.6134
HEARTS SIX HEARTS KING,0.3348,0.0096,0.6556
DIAMONDS KING CLUBS ACE,0.3542,0.0044,0.6414
SPADES QUEEN SPADES JACK,0.3186,0.0124,0.669
HEARTS FIVE HEARTS TEN,0.2448,0.0872,0.668
HEARTS SIX CLUBS SEVEN,0.3148,0.107,0.5782
SPADES JACK DIAMONDS TEN,0.334,0.0134,0.6526
SPADES QUEEN SPADES SEVEN,0.3282,0.0112,0.6606
HEARTS KING HEARTS QUEEN,0.3118,0.0088,0.6794
DIAMONDS TWO DIAMONDS FOUR,0.3906,0.3522,0.2572
SPADES KING SPADES SIX,0.3314,0.0076,0.661
CLUBS TEN SPADES EIGHT,0.345,0.0308,0.6242
CLUBS NINE SPADES THREE,0.367,0.0506,0.5824
CLUBS NINE DIAMONDS SIX,0.3266,0.0494,0.624
CLUBS THREE HEARTS JACK,0.3674,0.0204,0.6122
CLUBS NINE HEARTS THREE,0.3744,0.0452,0.5804
SPADES NINE SPADES SIX,0.3168,0.0382,0.645
HEARTS EIGHT CLUBS NINE,0.32,0.036,0.644
CLUBS KING CLUBS QUEEN,0.3304,0.0076,0.662
CLUBS TEN SPADES QUEEN,0.346,0.012,0.642
CLUBS TEN DIAMONDS KING,0.3404,0.0084,0.6512
HEARTS SEVEN DIAMONDS KING,0.3368,0.009,0.6542
SPADES SEVEN SPADES THREE,0.3388,0.1,0.5612
SPADES TWO HEARTS NINE,0.2586,0.1064,0.635
CLUBS EIGHT DIAMONDS EIGHT,0.142,0.1054,0.7526
DIAMONDS THREE SPADES JACK,0.38,0.024,0.596
HEARTS THREE SPADES TWO,0.4052,0.3694,0.2254
HEARTS EIGHT HEARTS JACK,0.3324,0.0174,0.6502
SPADES QUEEN HEARTS FOUR,0.3704,0.0142,0.6154
SPADES FIVE HEARTS ACE,0.2406,0.027,0.7324
HEARTS FIVE SPADES FOUR,0.2068,0.5004,0.2928
DIAMONDS QUEEN DIAMONDS TEN,0.3262,0.0126,0.6612
HEARTS KING SPADES TWO,0.2598,0.0312,0.709
DIAMONDS THREE SPADES KING,0.385,0.0102,0.6048
CLUBS NINE DIAMONDS FOUR,0.3748,0.049,0.5762
SPADES KING DIAMONDS SEVEN,0.3462,0.0084,0.6454
SPADES SEVEN HEARTS ACE,0.334,0.0052,0.6608
SPADES SIX DIAMONDS JACK,0.357,0.019,0.624
CLUBS THREE SPADES TWO,0.4064,0.3538,0.2398
CLUBS JACK CLUBS TWO,0.2564,0.0492,0.6944
DIAMONDS JACK DIAMONDS NINE,0.3344,0.0226,0.643
SPADES SIX HEARTS TEN,0.3454,0.0248,0.6298
HEARTS SIX HEARTS NINE,0.318,0.0404,0.6416
HEARTS THREE HEARTS KING,0.3532,0.0082,0.6386
DIAMONDS NINE HEARTS JACK,0.3296,0.0186,0.6518
SPADES QUEEN HEARTS ACE,0.3386,0.0058,0.6556
SPADES QUEEN DIAMONDS KING,0.3464,0.0074,0.6462
HEARTS SIX CLUBS KING,0.3522,0.0094,0.6384
HEARTS SEVEN HEARTS NINE,0.3228,0.041,0.6362
CLUBS FOUR CLUBS ACE,0.3292,0.006,0.6648
SPADES QUEEN SPADES SIX,0.3336,0.0116,0.6548
CLUBS THREE CLUBS TWO,0.3828,0.3516,0.2656
SPADES ACE CLUBS SIX,0.3464,0.0038,0.6498
CLUBS SIX HEARTS ACE,0.3272,0.0044,0.6684
SPADES TEN HEARTS KING,0.332,0.0084,0.6596
HEARTS FIVE DIAMONDS QUEEN,0.2404,0.0514,0.7082
SPADES SEVEN SPADES FOUR,0.3326,0.0892,0.5782
SPADES SEVEN DIAMONDS JACK,0.3428,0.0182,0.639
CLUBS FIVE HEARTS QUEEN,0.2414,0.0494,0.7092
SPADES TEN DIAMONDS EIGHT,0.3456,0.0262,0.6282
SPADES KING CLUBS QUEEN,0.3492,0.0054,0.6454
SPADES FOUR DIAMONDS NINE,0.3658,0.0488,0.5854
HEARTS FOUR DIAMONDS NINE,0.3682,0.0472,0.5846
SPADES TEN SPADES EIGHT,0.319,0.0306,0.6504
SPADES EIGHT DIAMONDS SEVEN,0.3158,0.0594,0.6248
HEARTS FIVE CLUBS THREE,0.207,0.5144,0.2786
HEARTS TEN CLUBS QUEEN,0.3352,0.0092,0.6556
CLUBS TEN CLUBS KING,0.327,0.007,0.666
DIAMONDS JACK DIAMONDS SIX,0.333,0.02,0.647
CLUBS TWO HEARTS NINE,0.2596,0.1044,0.636
HEARTS ACE CLUBS ACE,0.135,0.0044,0.8606
CLUBS JACK HEARTS THREE,0.3688,0.0204,0.6108
HEARTS EIGHT DIAMONDS JACK,0.3206,0.0188,0.6606
HEARTS SEVEN SPADES FIVE,0.2154,0.1954,0.5892
DIAMONDS JACK HEARTS JACK,0.1396,0.0496,0.8108
SPADES NINE HEARTS ACE,0.3458,0.0038,0.6504
HEARTS THREE HEARTS NINE,0.3448,0.0454,0.6098
SPADES JACK CLUBS FOUR,0.3698,0.0188,0.6114
CLUBS TEN CLUBS FIVE,0.2438,0.0786,0.6776
DIAMONDS KING CLUBS KING,0.1434,0.0182,0.8384
CLUBS FOUR HEARTS JACK,0.3714,0.0204,0.6082
CLUBS EIGHT HEARTS KING,0.36,0.0072,0.6328
HEARTS THREE DIAMONDS FOUR,0.3644,0.2576,0.378
HEARTS SIX SPADES FIVE,0.234,0.271,0.495
SPADES TEN SPADES FOUR,0.3554,0.0316,0.613
HEARTS FOUR SPADES SIX,0.331,0.1556,0.5134
DIAMONDS SEVEN HEARTS TEN,0.3368,0.0286,0.6346
SPADES QUEEN SPADES TEN,0.3142,0.013,0.6728
SPADES JACK HEARTS ACE,0.3472,0.0054,0.6474
CLUBS TEN HEARTS QUEEN,0.3526,0.0114,0.636
CLUBS EIGHT DIAMONDS JACK,0.3308,0.0192,0.65
HEARTS FIVE CLUBS FIVE,0.0772,0.1376,0.7852
HEARTS EIGHT SPADES THREE,0.3628,0.0666,0.5706
CLUBS THREE HEARTS NINE,0.3796,0.053,0.5674
CLUBS TEN HEARTS FOUR,0.373,0.0292,0.5978
CLUBS JACK CLUBS NINE,0.322,0.0192,0.6588
SPADES TEN HEARTS QUEEN,0.3276,0.0134,0.659
CLUBS EIGHT DIAMONDS FOUR,0.3586,0.0694,0.572
CLUBS SIX DIAMONDS JACK,0.3376,0.0172,0.6452
SPADES ACE HEARTS FOUR,0.367,0.0046,0.6284
SPADES TEN SPADES FIVE,0.2394,0.0732,0.6874
CLUBS NINE DIAMONDS KING,0.3476,0.0084,0.644
SPADES QUEEN CLUBS QUEEN,0.1542,0.0336,0.8122
CLUBS ACE DIAMONDS SIX,0.3472,0.0056,0.6472
SPADES JACK CLUBS ACE,0.3428,0.005,0.6522
CLUBS EIGHT DIAMONDS ACE,0.3434,0.0056,0.651
SPADES THREE HEARTS NINE,0.3732,0.0504,0.5764
HEARTS ACE HEARTS QUEEN,0.3324,0.006,0.6616
CLUBS SEVEN SPADES TWO,0.2546,0.1866,0.5588
CLUBS NINE SPADES NINE,0.1528,0.0856,0.7616
DIAMONDS KING SPADES THREE,0.379,0.0092,0.6118
DIAMONDS TWO CLUBS NINE,0.258,0.111,0.631
DIAMONDS ACE DIAMONDS NINE,0.3196,0.005,0.6754
CLUBS NINE SPADES FIVE,0.249,0.1166,0.6344
HEARTS SEVEN CLUBS EIGHT,0.323,0.0654,0.6116
CLUBS TEN DIAMONDS FOUR,0.3698,0.0318,0.5984
SPADES ACE DIAMONDS NINE,0.3396,0.0052,0.6552
SPADES THREE DIAMONDS SIX,0.3416,0.1604,0.498
SPADES ACE DIAMONDS FOUR,0.3596,0.0056,0.6348
HEARTS THREE DIAMONDS QUEEN,0.3532,0.0198,0.627
SPADES KING DIAMONDS TEN,0.3274,0.0094,0.6632
SPADES THREE DIAMONDS NINE,0.379,0.0498,0.5712
CLUBS EIGHT HEARTS THREE,0.3694,0.0606,0.57
SPADES QUEEN CLUBS KING,0.3426,0.0084,0.649
DIAMONDS THREE SPADES THREE,0.2206,0.1656,0.6138
CLUBS JACK DIAMONDS NINE,0.3382,0.0168,0.645
CLUBS JACK SPADES JACK,0.1582,0.0536,0.7882
SPADES NINE DIAMONDS ACE,0.3366,0.0046,0.6588
HEARTS FIVE SPADES THREE,0.2058,0.5148,0.2794
DIAMONDS QUEEN HEARTS ACE,0.3422,0.005,0.6528
SPADES SEVEN DIAMONDS KING,0.3508,0.0124,0.6368
CLUBS FIVE DIAMONDS TEN,0.2482,0.0856,0.6662
HEARTS FIVE DIAMONDS JACK,0.2452,0.0708,0.684
CLUBS EIGHT SPADES FIVE,0.2636,0.1522,0.5842
DIAMONDS THREE DIAMONDS NINE,0.3548,0.0474,0.5978
HEARTS THREE HEARTS JACK,0.36,0.0216,0.6184
CLUBS JACK SPADES TWO,0.2682,0.0508,0.681
SPADES ACE SPADES SEVEN,0.3254,0.006,0.6686
CLUBS JACK SPADES SIX,0.355,0.0186,0.6264
SPADES FOUR DIAMONDS TEN,0.3688,0.0336,0.5976
HEARTS SIX SPADES JACK,0.3516,0.0202,0.6282
SPADES THREE HEARTS TEN,0.3636,0.0328,0.6036
HEARTS FIVE CLUBS FOUR,0.2064,0.501,0.2926
DIAMONDS KING DIAMONDS QUEEN,0.3298,0.0082,0.662
CLUBS SEVEN CLUBS SIX,0.3096,0.0862,0.6042
CLUBS NINE DIAMONDS QUEEN,0.3502,0.0134,0.6364
SPADES JACK DIAMONDS NINE,0.3434,0.019,0.6376
SPADES NINE SPADES THREE,0.3462,0.0446,0.6092
CLUBS EIGHT SPADES TEN,0.3476,0.0272,0.6252
SPADES FIVE DIAMONDS SIX,0.2342,0.2782,0.4876
SPADES QUEEN CLUBS EIGHT,0.3342,0.0112,0.6546
SPADES SIX DIAMONDS EIGHT,0.3172,0.067,0.6158
SPADES ACE CLUBS TWO,0.2538,0.014,0.7322
CLUBS JACK HEARTS SIX,0.3442,0.0218,0.634
CLUBS FIVE CLUBS FOUR,0.1996,0.4616,0.3388
CLUBS SEVEN CLUBS TWO,0.2478,0.1816,0.5706
SPADES JACK HEARTS FOUR,0.3708,0.019,0.6102
CLUBS TEN SPADES FOUR,0.3578,0.023,0.6192
HEARTS KING HEARTS NINE,0.3276,0.0078,0.6646
CLUBS JACK DIAMONDS THREE,0.3796,0.0242,0.5962
HEARTS THREE CLUBS FIVE,0.2078,0.5146,0.2776
CLUBS FIVE DIAMONDS QUEEN,0.25,0.0548,0.6952
SPADES TWO HEARTS QUEEN,0.2658,0.0418,0.6924
DIAMONDS THREE CLUBS KING,0.365,0.0104,0.6246
SPADES FIVE CLUBS ACE,0.2412,0.031,0.7278
SPADES QUEEN CLUBS TWO,0.2728,0.0388,0.6884
HEARTS THREE CLUBS QUEEN,0.3572,0.015,0.6278
DIAMONDS EIGHT HEARTS TEN,0.323,0.0236,0.6534
SPADES NINE SPADES SEVEN,0.3162,0.0396,0.6442
CLUBS EIGHT CLUBS FIVE,0.229,0.1534,0.6176
DIAMONDS THREE DIAMONDS KING,0.3534,0.0096,0.637
CLUBS EIGHT SPADES SEVEN,0.3342,0.055,0.6108
CLUBS SEVEN CLUBS QUEEN,0.3282,0.014,0.6578
DIAMONDS TWO DIAMONDS TEN,0.2688,0.0696,0.6616
DIAMONDS QUEEN HEARTS JACK,0.3436,0.0088,0.6476
CLUBS SEVEN DIAMONDS SEVEN,0.1484,0.111,0.7406
CLUBS EIGHT CLUBS THREE,0.346,0.0652,0.5888
SPADES SIX DIAMONDS TEN,0.3348,0.0278,0.6374
HEARTS FOUR CLUBS FOUR,0.2156,0.1526,0.6318
SPADES TEN SPADES THREE,0.3548,0.0332,0.612
CLUBS FOUR HEARTS NINE,0.3774,0.0452,0.5774
HEARTS JACK HEARTS NINE,0.326,0.0164,0.6576
SPADES FIVE DIAMONDS FOUR,0.2102,0.5034,0.2864
CLUBS JACK DIAMONDS FOUR,0.3738,0.0272,0.599
CLUBS NINE DIAMONDS JACK,0.3288,0.0178,0.6534
HEARTS SIX DIAMONDS EIGHT,0.3148,0.0698,0.6154
SPADES JACK HEARTS TEN,0.3306,0.0164,0.653
CLUBS ACE DIAMONDS FOUR,0.367,0.0068,0.6262
SPADES KING CLUBS SIX,0.3512,0.006,0.6428
SPADES QUEEN HEARTS TEN,0.3462,0.0112,0.6426
CLUBS TEN CLUBS SEVEN,0.3142,0.025,0.6608
DIAMONDS TWO CLUBS THREE,0.408,0.3746,0.2174
SPADES ACE DIAMONDS TWO,0.2438,0.0146,0.7416
HEARTS EIGHT DIAMONDS NINE,0.333,0.039,0.628
DIAMONDS THREE SPADES FIVE,0.2142,0.5202,0.2656
CLUBS FIVE DIAMONDS KING,0.2334,0.0436,0.723
HEARTS SIX HEARTS QUEEN,0.3332,0.015,0.6518
HEARTS KING CLUBS QUEEN,0.3502,0.0076,0.6422
SPADES SEVEN DIAMONDS NINE,0.3244,0.0404,0.6352
CLUBS JACK HEARTS SEVEN,0.3372,0.0198,0.643
CLUBS SEVEN SPADES FIVE,0.2318,0.203,0.5652
HEARTS SIX SPADES THREE,0.3436,0.1602,0.4962
SPADES JACK HEARTS FIVE,0.25,0.0672,0.6828
SPADES ACE DIAMONDS QUEEN,0.3364,0.006,0.6576
SPADES THREE CLUBS QUEEN,0.3726,0.0154,0.612
HEARTS THREE CLUBS ACE,0.3536,0.0058,0.6406
CLUBS TWO DIAMONDS TEN,0.2578,0.0694,0.6728
DIAMONDS QUEEN CLUBS KING,0.3312,0.0098,0.659
CLUBS TEN DIAMONDS TEN,0.1464,0.072,0.7816
SPADES JACK CLUBS THREE,0.3724,0.0206,0.607
SPADES TEN SPADES SIX,0.3258,0.0238,0.6504
SPADES EIGHT SPADES FIVE,0.2304,0.1458,0.6238
SPADES JACK SPADES THREE,0.3514,0.0204,0.6282
CLUBS JACK HEARTS FIVE,0.2448,0.0714,0.6838
SPADES ACE SPADES EIGHT,0.3214,0.0054,0.6732
SPADES TWO DIAMONDS EIGHT,0.2642,0.1428,0.593
CLUBS ACE CLUBS QUEEN,0.3256,0.006,0.6684
CLUBS TEN SPADES JACK,0.3328,0.0166,0.6506
CLUBS EIGHT SPADES TWO,0.2656,0.1474,0.587
SPADES QUEEN CLUBS THREE,0.3744,0.0146,0.611
SPADES ACE CLUBS TEN,0.3596,0.004,0.6364
SPADES FIVE CLUBS TWO,0.0246,0.9576,0.0178
SPADES FIVE HEARTS TEN,0.2534,0.081,0.6656
SPADES FIVE HEARTS KING,0.2478,0.0364,0.7158
HEARTS SEVEN CLUBS KING,0.3448,0.0068,0.6484
DIAMONDS JACK DIAMONDS FOUR,0.3598,0.018,0.6222
SPADES ACE CLUBS KING,0.3406,0.0044,0.655
SPADES TEN CLUBS KING,0.3456,0.0068,0.6476
DIAMONDS TWO DIAMONDS ACE,0.2324,0.0124,0.7552
SPADES JACK DIAMONDS SIX,0.3554,0.0228,0.6218
HEARTS SIX DIAMONDS KING,0.3408,0.009,0.6502
CLUBS THREE SPADES FOUR,0.3642,0.24,0.3958
HEARTS FOUR DIAMONDS QUEEN,0.3644,0.0148,0.6208
SPADES SEVEN HEARTS NINE,0.3458,0.0396,0.6146
CLUBS JACK HEARTS TEN,0.346,0.0134,0.6406
CLUBS TEN HEARTS SIX,0.341,0.0296,0.6294
SPADES THREE CLUBS KING,0.3978,0.0106,0.5916
DIAMONDS JACK CLUBS ACE,0.3482,0.0036,0.6482
DIAMONDS THREE SPADES FOUR,0.3586,0.2564,0.385
SPADES ACE DIAMONDS TEN,0.3476,0.0052,0.6472
CLUBS SEVEN HEARTS THREE,0.3536,0.1024,0.544
SPADES SEVEN SPADES FIVE,0.2252,0.183,0.5918
CLUBS NINE DIAMONDS TEN,0.3366,0.022,0.6414
CLUBS TEN HEARTS FIVE,0.244,0.081,0.675
SPADES QUEEN DIAMONDS TEN,0.344,0.0122,0.6438
DIAMONDS QUEEN HEARTS NINE,0.332,0.0144,0.6536
HEARTS SIX SPADES NINE,0.3254,0.046,0.6286
CLUBS FOUR DIAMONDS KING,0.3702,0.0082,0.6216
HEARTS ACE HEARTS KING,0.3258,0.0044,0.6698
SPADES KING SPADES TWO,0.2598,0.0272,0.713
HEARTS ACE HEARTS TEN,0.318,0.0052,0.6768
SPADES NINE HEARTS JACK,0.341,0.016,0.643
SPADES NINE DIAMONDS SIX,0.3316,0.0426,0.6258
CLUBS JACK DIAMONDS JACK,0.164,0.0476,0.7884
CLUBS FIVE DIAMONDS NINE,0.2576,0.1112,0.6312
SPADES NINE DIAMONDS FOUR,0.3656,0.0474,0.587
CLUBS SIX CLUBS KING,0.3268,0.0086,0.6646
CLUBS EIGHT CLUBS KING,0.315,0.0088,0.6762
CLUBS EIGHT DIAMONDS KING,0.3504,0.0094,0.6402
SPADES SEVEN SPADES TWO,0.247,0.195,0.558
HEARTS SIX SPADES SIX,0.133,0.1192,0.7478
HEARTS NINE DIAMONDS FOUR,0.3738,0.041,0.5852
SPADES FOUR CLUBS QUEEN,0.3856,0.014,0.6004
HEARTS SEVEN SPADES FOUR,0.3424,0.1072,0.5504
DIAMONDS TWO DIAMONDS SIX,0.2414,0.2576,0.501
SPADES EIGHT SPADES FOUR,0.3392,0.0624,0.5984
CLUBS FOUR DIAMONDS SIX,0.323,0.1614,0.5156
SPADES KING HEARTS ACE,0.3438,0.0044,0.6518
CLUBS SEVEN HEARTS JACK,0.3392,0.0188,0.642
SPADES FOUR DIAMONDS FOUR,0.2258,0.1506,0.6236
CLUBS TEN HEARTS NINE,0.3472,0.022,0.6308
SPADES JACK SPADES FIVE,0.2388,0.0594,0.7018
HEARTS EIGHT SPADES FOUR,0.3624,0.0624,0.5752
DIAMONDS TWO HEARTS THREE,0.4,0.3832,0.2168
CLUBS SIX SPADES THREE,0.3468,0.1656,0.4876
CLUBS SEVEN SPADES NINE,0.3474,0.0382,0.6144
CLUBS EIGHT DIAMONDS QUEEN,0.3502,0.0124,0.6374
HEARTS QUEEN DIAMONDS FOUR,0.3852,0.0138,0.601
DIAMONDS KING SPADES SIX,0.3396,0.0094,0.651
DIAMONDS EIGHT DIAMONDS FOUR,0.3504,0.0648,0.5848
DIAMONDS QUEEN DIAMONDS SIX,0.3318,0.0144,0.6538
CLUBS SEVEN DIAMONDS NINE,0.3332,0.0478,0.619
SPADES JACK CLUBS EIGHT,0.353,0.0178,0.6292
CLUBS NINE CLUBS FOUR,0.3522,0.046,0.6018
SPADES TEN CLUBS QUEEN,0.3318,0.0118,0.6564
CLUBS FIVE DIAMONDS JACK,0.2572,0.0626,0.6802
DIAMONDS KING DIAMONDS NINE,0.3406,0.0074,0.652
DIAMONDS TEN HEARTS TEN,0.1428,0.0652,0.792
CLUBS EIGHT CLUBS FOUR,0.3338,0.0726,0.5936
HEARTS SEVEN HEARTS TEN,0.3168,0.0304,0.6528
SPADES TEN DIAMONDS SEVEN,0.337,0.0242,0.6388
HEARTS EIGHT CLUBS SIX,0.3244,0.0696,0.606
CLUBS FOUR DIAMONDS JACK,0.3626,0.0248,0.6126
HEARTS FOUR DIAMONDS FOUR,0.2176,0.1538,0.6286
HEARTS EIGHT DIAMONDS TEN,0.3328,0.0242,0.643
SPADES SIX DIAMONDS SEVEN,0.304,0.0942,0.6018
DIAMONDS SIX CLUBS QUEEN,0.3454,0.0142,0.6404
CLUBS FIVE CLUBS TWO,0.0192,0.9082,0.0726
SPADES KING CLUBS KING,0.1558,0.016,0.8282
HEARTS FOUR CLUBS KING,0.3742,0.0106,0.6152
CLUBS TWO HEARTS TEN,0.2702,0.0704,0.6594
CLUBS SIX CLUBS TWO,0.2364,0.2434,0.5202
DIAMONDS KING HEARTS NINE,0.3334,0.0096,0.657
DIAMONDS THREE CLUBS NINE,0.3812,0.0444,0.5744
HEARTS EIGHT SPADES SEVEN,0.3198,0.0638,0.6164
SPADES QUEEN HEARTS NINE,0.3404,0.0106,0.649
DIAMONDS TWO SPADES SEVEN,0.2682,0.1928,0.539
CLUBS FIVE DIAMONDS SEVEN,0.2198,0.205,0.5752
SPADES QUEEN DIAMONDS ACE,0.3408,0.007,0.6522
DIAMONDS KING DIAMONDS EIGHT,0.33,0.0104,0.6596
SPADES KING CLUBS THREE,0.3706,0.009,0.6204
HEARTS SEVEN HEARTS FOUR,0.3302,0.0984,0.5714
CLUBS JACK SPADES KING,0.352,0.0072,0.6408
HEARTS SIX SPADES TWO,0.244,0.274,0.482
CLUBS FIVE DIAMONDS ACE,0.2366,0.0278,0.7356
HEARTS ACE HEARTS NINE,0.3332,0.0054,0.6614
HEARTS FOUR HEARTS ACE,0.3384,0.0058,0.6558
HEARTS SIX DIAMONDS FOUR,0.334,0.1636,0.5024
CLUBS TEN DIAMONDS EIGHT,0.332,0.0254,0.6426
CLUBS JACK DIAMONDS SEVEN,0.3396,0.018,0.6424
DIAMONDS QUEEN SPADES TWO,0.255,0.0436,0.7014
CLUBS FOUR SPADES SIX,0.338,0.155,0.507
CLUBS TEN CLUBS EIGHT,0.3178,0.0244,0.6578
CLUBS THREE HEARTS QUEEN,0.3734,0.0164,0.6102
SPADES KING SPADES EIGHT,0.317,0.0088,0.6742
DIAMONDS QUEEN SPADES FIVE,0.2436,0.0514,0.705
CLUBS TEN CLUBS THREE,0.3504,0.028,0.6216
HEARTS FOUR CLUBS FIVE,0.2058,0.5078,0.2864
SPADES JACK DIAMONDS KING,0.3412,0.0076,0.6512
DIAMONDS KING DIAMONDS JACK,0.327,0.0108,0.6622
HEARTS SEVEN HEARTS QUEEN,0.3392,0.0142,0.6466
DIAMONDS JACK SPADES FOUR,0.379,0.0192,0.6018
SPADES TEN HEARTS JACK,0.3364,0.0188,0.6448
DIAMONDS ACE HEARTS JACK,0.3286,0.0048,0.6666
HEARTS SEVEN HEARTS KING,0.3378,0.0108,0.6514
HEARTS FOUR CLUBS QUEEN,0.3836,0.0108,0.6056
CLUBS FIVE DIAMONDS EIGHT,0.2526,0.1532,0.5942
SPADES SEVEN DIAMONDS QUEEN,0.3542,0.0114,0.6344
SPADES NINE HEARTS TEN,0.3268,0.0246,0.6486
CLUBS JACK SPADES THREE,0.3822,0.0206,0.5972
HEARTS FIVE HEARTS FOUR,0.2034,0.466,0.3306
DIAMONDS TWO HEARTS SIX,0.2472,0.2768,0.476
SPADES KING DIAMONDS KING,0.1572,0.0222,0.8206
HEARTS FIVE CLUBS ACE,0.2356,0.0282,0.7362
SPADES JACK SPADES SEVEN,0.3302,0.0208,0.649
DIAMONDS EIGHT CLUBS QUEEN,0.3566,0.0104,0.633
DIAMONDS JACK DIAMONDS EIGHT,0.3318,0.0202,0.648
SPADES FOUR HEARTS TEN,0.3772,0.0316,0.5912
HEARTS SEVEN DIAMONDS TWO,0.269,0.207,0.524
CLUBS NINE HEARTS NINE,0.1534,0.0818,0.7648
CLUBS THREE CLUBS ACE,0.3452,0.0074,0.6474
DIAMONDS EIGHT CLUBS KING,0.3554,0.0074,0.6372
SPADES ACE HEARTS TEN,0.3288,0.0082,0.663
CLUBS FIVE HEARTS JACK,0.2578,0.0688,0.6734
DIAMONDS THREE CLUBS TEN,0.372,0.0334,0.5946
HEARTS SEVEN CLUBS FIVE,0.2374,0.2044,0.5582
HEARTS SIX CLUBS SIX,0.131,0.123,0.746
DIAMONDS ACE CLUBS TWO,0.242,0.0144,0.7436
DIAMONDS ACE DIAMONDS KING,0.334,0.0056,0.6604
DIAMONDS TWO DIAMONDS EIGHT,0.2482,0.1496,0.6022
HEARTS EIGHT HEARTS TEN,0.3286,0.0268,0.6446
CLUBS KING DIAMONDS SIX,0.349,0.0072,0.6438
CLUBS SEVEN DIAMONDS KING,0.3414,0.0106,0.648
HEARTS FOUR DIAMONDS KING,0.3544,0.009,0.6366
HEARTS FIVE DIAMONDS SEVEN,0.224,0.201,0.575
SPADES SEVEN DIAMONDS EIGHT,0.3264,0.0644,0.6092
HEARTS SEVEN SPADES THREE,0.3574,0.1022,0.5404
HEARTS FOUR CLUBS THREE,0.3608,0.25,0.3892
HEARTS EIGHT DIAMONDS SIX,0.3216,0.067,0.6114
SPADES JACK CLUBS SIX,0.3564,0.0196,0.624
HEARTS EIGHT HEARTS NINE,0.317,0.0398,0.6432
CLUBS FOUR DIAMONDS FOUR,0.2218,0.1552,0.623
HEARTS EIGHT SPADES JACK,0.3398,0.0164,0.6438
DIAMONDS TWO SPADES TWO,0.2536,0.1156,0.6308
SPADES FIVE SPADES TWO,0.0232,0.9064,0.0704
DIAMONDS TWO SPADES TEN,0.262,0.0776,0.6604
HEARTS EIGHT DIAMONDS QUEEN,0.3476,0.013,0.6394
SPADES EIGHT HEARTS KING,0.3466,0.0084,0.645
SPADES JACK DIAMONDS FOUR,0.3608,0.0194,0.6198
CLUBS FIVE SPADES TWO,0.0208,0.9572,0.022
DIAMONDS JACK HEARTS KING,0.335,0.0068,0.6582
HEARTS JACK DIAMONDS SEVEN,0.3382,0.0178,0.644
CLUBS TWO SPADES FOUR,0.4048,0.3698,0.2254
SPADES TEN CLUBS SIX,0.347,0.028,0.625
CLUBS EIGHT SPADES THREE,0.3786,0.07,0.5514
DIAMONDS TEN HEARTS QUEEN,0.3352,0.012,0.6528
SPADES QUEEN HEARTS JACK,0.3488,0.0104,0.6408
CLUBS TEN DIAMONDS JACK,0.337,0.0194,0.6436
SPADES KING HEARTS FIVE,0.2464,0.04,0.7136
HEARTS EIGHT CLUBS KING,0.3632,0.007,0.6298
DIAMONDS NINE DIAMONDS FOUR,0.3464,0.0514,0.6022
CLUBS SIX HEARTS THREE,0.339,0.1712,0.4898
DIAMONDS KING DIAMONDS SEVEN,0.3084,0.0072,0.6844
SPADES EIGHT CLUBS FOUR,0.361,0.0758,0.5632
SPADES KING HEARTS TEN,0.3416,0.0068,0.6516
DIAMONDS THREE DIAMONDS SEVEN,0.3514,0.096,0.5526
SPADES FOUR DIAMONDS SIX,0.328,0.1662,0.5058
HEARTS FOUR HEARTS JACK,0.3514,0.0226,0.626
DIAMONDS TWO HEARTS FIVE,0.0074,0.985,0.0076
HEARTS QUEEN HEARTS NINE,0.3212,0.011,0.6678
CLUBS SIX HEARTS NINE,0.3318,0.044,0.6242
CLUBS JACK SPADES QUEEN,0.3442,0.01,0.6458
CLUBS JACK HEARTS KING,0.3582,0.006,0.6358
SPADES KING SPADES JACK,0.3242,0.0084,0.6674
CLUBS NINE CLUBS SEVEN,0.3218,0.0396,0.6386
DIAMONDS NINE HEARTS NINE,0.1496,0.0806,0.7698
CLUBS SIX HEARTS QUEEN,0.345,0.0136,0.6414
SPADES SIX SPADES THREE,0.3278,0.1536,0.5186
HEARTS ACE DIAMONDS SEVEN,0.3336,0.006,0.6604
DIAMONDS QUEEN HEARTS TEN,0.3256,0.0116,0.6628
HEARTS JACK DIAMONDS SIX,0.3372,0.0192,0.6436
SPADES NINE CLUBS QUEEN,0.3514,0.0114,0.6372
SPADES ACE CLUBS SEVEN,0.3366,0.0036,0.6598
SPADES KING CLUBS TEN,0.3556,0.0072,0.6372
SPADES QUEEN SPADES FOUR,0.3626,0.0142,0.6232
HEARTS EIGHT HEARTS FOUR,0.3398,0.0722,0.588
HEARTS THREE DIAMONDS JACK,0.3812,0.022,0.5968
SPADES ACE CLUBS QUEEN,0.355,0.0062,0.6388
HEARTS EIGHT SPADES EIGHT,0.1542,0.0906,0.7552
CLUBS EIGHT SPADES SIX,0.331,0.0616,0.6074
CLUBS THREE DIAMONDS SIX,0.3478,0.1588,0.4934
HEARTS FIVE SPADES SEVEN,0.235,0.2048,0.5602
DIAMONDS EIGHT DIAMONDS SIX,0.3022,0.067,0.6308
CLUBS FIVE HEARTS TEN,0.2518,0.0774,0.6708
HEARTS SIX HEARTS FOUR,0.3162,0.155,0.5288
SPADES SEVEN CLUBS FOUR,0.3506,0.1114,0.538
DIAMONDS SEVEN DIAMONDS FOUR,0.3294,0.114,0.5566
HEARTS FIVE SPADES TEN,0.256,0.0888,0.6552
HEARTS JACK CLUBS QUEEN,0.343,0.011,0.646
CLUBS JACK CLUBS TEN,0.309,0.0152,0.6758
CLUBS FIVE HEARTS ACE,0.2366,0.0246,0.7388
HEARTS SEVEN HEARTS THREE,0.3436,0.0942,0.5622
SPADES JACK HEARTS QUEEN,0.3492,0.0114,0.6394
CLUBS EIGHT CLUBS SEVEN,0.297,0.06,0.643
CLUBS NINE CLUBS TWO,0.2536,0.0952,0.6512
SPADES FIVE CLUBS QUEEN,0.2626,0.0476,0.6898
CLUBS TEN SPADES TEN,0.1468,0.0674,0.7858
HEARTS SEVEN SPADES EIGHT,0.3226,0.0636,0.6138
DIAMONDS EIGHT DIAMONDS SEVEN,0.2988,0.0632,0.638
DIAMONDS TEN CLUBS ACE,0.3392,0.0036,0.6572
CLUBS THREE CLUBS QUEEN,0.3496,0.0136,0.6368
HEARTS QUEEN DIAMONDS SEVEN,0.3366,0.0158,0.6476
CLUBS JACK SPADES FOUR,0.3738,0.0242,0.602
CLUBS JACK SPADES SEVEN,0.3636,0.0198,0.6166
SPADES QUEEN CLUBS FOUR,0.3766,0.011,0.6124
SPADES JACK HEARTS NINE,0.3382,0.0178,0.644
HEARTS SEVEN CLUBS FOUR,0.345,0.101,0.554
SPADES ACE SPADES FOUR,0.3318,0.0054,0.6628
SPADES QUEEN HEARTS FIVE,0.2486,0.0546,0.6968
CLUBS NINE CLUBS KING,0.3192,0.0084,0.6724
CLUBS TEN CLUBS FOUR,0.3416,0.0332,0.6252
CLUBS TWO CLUBS ACE,0.2414,0.015,0.7436
SPADES ACE DIAMONDS ACE,0.1302,0.0046,0.8652
SPADES KING DIAMONDS QUEEN,0.35,0.009,0.641
HEARTS SIX DIAMONDS TEN,0.3384,0.0316,0.63
SPADES ACE SPADES KING,0.3256,0.0066,0.6678
CLUBS SIX DIAMONDS KING,0.339,0.0066,0.6544
CLUBS THREE HEARTS ACE,0.3712,0.006,0.6228
DIAMONDS THREE CLUBS THREE,0.2314,0.16,0.6086
SPADES KING HEARTS KING,0.1548,0.0184,0.8268
CLUBS SEVEN CLUBS FIVE,0.2258,0.1932,0.581
HEARTS SIX DIAMONDS QUEEN,0.3416,0.0114,0.647
DIAMONDS TWO CLUBS SIX,0.2568,0.273,0.4702
SPADES TEN SPADES NINE,0.3062,0.025,0.6688
SPADES FOUR HEARTS KING,0.3686,0.0094,0.622
SPADES EIGHT HEARTS NINE,0.3284,0.0334,0.6382
HEARTS KING DIAMONDS SEVEN,0.3166,0.0106,0.6728
CLUBS JACK SPADES FIVE,0.2614,0.0608,0.6778
SPADES QUEEN HEARTS SIX,0.3468,0.0136,0.6396
HEARTS FOUR DIAMONDS JACK,0.3718,0.0212,0.607
CLUBS TEN SPADES NINE,0.3346,0.0274,0.638
HEARTS FOUR SPADES FOUR,0.2106,0.1416,0.6478
CLUBS NINE CLUBS QUEEN,0.3378,0.0138,0.6484
HEARTS SIX HEARTS FIVE,0.2328,0.2572,0.51
HEARTS SIX SPADES TEN,0.346,0.028,0.626
CLUBS FOUR DIAMONDS QUEEN,0.3804,0.0116,0.608
DIAMONDS KING HEARTS JACK,0.3378,0.0084,0.6538
CLUBS TWO DIAMONDS NINE,0.2638,0.11,0.6262
CLUBS SIX CLUBS FOUR,0.3254,0.141,0.5336
SPADES NINE HEARTS QUEEN,0.3388,0.0106,0.6506
